1403638147795097088.000000 -2.767190695 2.375602961 2.483841419 -0.586820841 -0.601176560 -0.374056429 0.392823040
1403638148095097088.000000 -2.767772675 2.399310827 2.518215179 -0.578211665 -0.583942235 -0.394788891 0.410882652
1403638151045096960.000000 -3.280362129 2.984396696 2.865789890 -0.508747280 -0.651243925 -0.353093028 0.438614786
1403638151845096960.000000 -3.771057129 3.231892109 2.890493155 -0.403885812 -0.718983114 -0.281912774 0.490372002
1403638152545096960.000000 -4.285871506 3.418349981 2.997766018 -0.396262407 -0.725277901 -0.289031118 0.483124435
1403638153295097088.000000 -4.990921974 3.597756863 3.075895786 -0.355659813 -0.749558210 -0.241268978 0.503446102
1403638153645096960.000000 -5.345844746 3.694915295 3.128772497 -0.305350691 -0.775288284 -0.225589484 0.504775465
1403638153845096960.000000 -5.571497440 3.748252392 3.173189878 -0.277614027 -0.782433689 -0.205204785 0.518284738
1403638154095097088.000000 -5.868605614 3.804692030 3.196625948 -0.262980610 -0.780021608 -0.191725910 0.534461021
1403638154895097088.000000 -6.791261673 3.847651005 3.179185867 -0.237319231 -0.783282757 -0.187526643 0.543122113
1403638155145096960.000000 -7.050749302 3.796247721 3.233812094 -0.213818327 -0.788125634 -0.174826205 0.550068557
1403638155345096960.000000 -7.256712914 3.735793352 3.270207882 -0.197620496 -0.786289811 -0.166479319 0.561230123
1403638155545096960.000000 -7.457364559 3.654278994 3.281141996 -0.176459447 -0.787062764 -0.154814065 0.570462048
1403638155795097088.000000 -7.694892883 3.516250849 3.262976170 -0.143855512 -0.788069844 -0.117755592 0.586843312
1403638156195097088.000000 -8.021245956 3.260361910 3.239469767 -0.071816757 -0.818815768 -0.043587502 0.567875981
1403638156595097088.000000 -8.311983109 3.022367954 3.264923096 -0.030738896 -0.830772936 -0.005610708 0.555733800
1403638157045096960.000000 -8.696022987 2.816655397 3.205532074 -0.032521896 -0.832895219 -0.007083399 0.552428901
1403638157295097088.000000 -8.945466042 2.727460623 3.204508305 -0.036850851 -0.835774660 -0.009141705 0.547758341
1403638157745096960.000000 -9.452762604 2.572940350 3.222703695 0.006612061 -0.822129250 -0.003508863 0.569251716
1403638157995097088.000000 -9.743743896 2.470633984 3.258343458 0.048913874 -0.817992747 0.030007642 0.572358966
1403638158245096960.000000 -10.025117874 2.365793228 3.291740417 0.067028724 -0.818804204 0.060757585 0.566899836
1403638158695097088.000000 -10.507811546 2.199833393 3.273996353 0.081911914 -0.814179659 0.052964218 0.572360754
1403638159095097088.000000 -10.917979240 2.047179461 3.291254282 0.068042696 -0.831327975 0.061509743 0.548161089
1403638159295097088.000000 -11.134419441 1.980495811 3.316130161 0.066239379 -0.838883996 0.059541255 0.536973774
1403638159945096960.000000 -11.856665611 1.878517985 3.449285746 0.053486049 -0.791120410 0.077351153 0.604387760
1403638160395097088.000000 -12.180344582 1.958033919 3.747239590 0.071611956 -0.822121501 0.059604656 0.561636269
1403638160645096960.000000 -12.354695320 2.005189657 3.940931082 0.071888641 -0.827465355 0.059184644 0.553742111
1403638160845096960.000000 -12.504398346 2.038631916 4.067875385 0.060885664 -0.818698823 0.066912003 0.567051947
1403638161245096960.000000 -12.786869049 2.161746264 4.271976471 -0.000513448 -0.810151279 0.027304333 0.585584342
1403638161445096960.000000 -12.899821281 2.242892742 4.348631382 -0.039022658 -0.819153368 -0.004348199 0.572229087
1403638162245096960.000000 -13.345373154 2.642834187 4.568728447 -0.104214460 -0.819650471 -0.036270551 0.562135994
1403638162645096960.000000 -13.555791855 2.911063671 4.649509907 -0.107709706 -0.817089677 -0.039488174 0.564981282
1403638165545096960.000000 -13.879759789 5.895134449 5.247917175 -0.226787314 -0.779094398 -0.127283916 0.570419431
1403638165995097088.000000 -13.631374359 6.403987885 5.137554646 -0.218221202 -0.779512763 -0.145639598 0.568795741
1403638166195097088.000000 -13.498214722 6.600574017 5.129250526 -0.215159118 -0.791670382 -0.146417931 0.552744329
1403638166395097088.000000 -13.361419678 6.787520409 5.187747002 -0.208865106 -0.793803394 -0.147958249 0.551688373
1403638166995097088.000000 -12.997112274 7.285664558 5.373402119 -0.225798279 -0.808308601 -0.110240787 0.532446623
1403638167195097088.000000 -12.905545235 7.471477509 5.408308029 -0.221829444 -0.813633680 -0.116022646 0.524719656
1403638167395097088.000000 -12.844866753 7.681930542 5.466308117 -0.216390565 -0.812227845 -0.124846108 0.527137995
1403638168245096960.000000 -12.715865135 8.738528252 5.612880230 -0.292919189 -0.770855546 -0.156398311 0.543617129
1403638168795097088.000000 -12.576030731 9.559636116 5.738419533 -0.322108328 -0.773005903 -0.218163878 0.501111448
1403638169095097088.000000 -12.563296318 10.003614426 5.740214348 -0.318985581 -0.769883990 -0.219988942 0.507081628
1403638169395097088.000000 -12.596841812 10.445284843 5.670729160 -0.338799953 -0.742155313 -0.198839024 0.543031573
1403638169695097088.000000 -12.582961082 10.892820358 5.614001751 -0.375205010 -0.715303600 -0.228758276 0.543352306
1403638169945096960.000000 -12.507079124 11.259152412 5.625813484 -0.400407284 -0.701401055 -0.289141923 0.513913870
1403638170145096960.000000 -12.441099167 11.524266243 5.653191090 -0.430136740 -0.671297550 -0.323733240 0.509449482
1403638170595097088.000000 -12.258213997 12.012425423 5.624904156 -0.524409056 -0.607833624 -0.348926187 0.483512253
1403638170795097088.000000 -12.146149635 12.191106796 5.644497395 -0.552397549 -0.577055037 -0.369830877 0.474436045
1403638171245096960.000000 -11.800079346 12.483500481 5.666868687 -0.599805355 -0.525831282 -0.408900827 0.443322957
1403638171445096960.000000 -11.613084793 12.560277939 5.642796040 -0.607360184 -0.512955189 -0.417035669 0.440535903
1403638171845096960.000000 -11.150274277 12.594499588 5.602472305 -0.627297580 -0.477868497 -0.428310424 0.441236407
1403638172295097088.000000 -10.470422745 12.408125877 5.615982056 -0.632154524 -0.467055053 -0.447513849 0.426581293
1403638172495097088.000000 -10.141276360 12.240945816 5.581769466 -0.630472958 -0.465863138 -0.448731422 0.429086924
1403638172695097088.000000 -9.800300598 12.051580429 5.504844666 -0.628084183 -0.465583742 -0.447019488 0.434644312
1403638172895097088.000000 -9.439141273 11.815194130 5.396014690 -0.626440167 -0.466914594 -0.443079680 0.439595193
1403638173095097088.000000 -9.054848671 11.533444405 5.269013882 -0.632261932 -0.471759051 -0.426285386 0.442683995
1403638174095097088.000000 -6.918109417 9.834086418 4.338754177 -0.624604404 -0.505340457 -0.442099184 0.398809075
1403638174195097088.000000 -6.712132454 9.646014214 4.251692772 -0.626280427 -0.508109152 -0.440205336 0.394736886
1403638174395097088.000000 -6.307001591 9.270071983 4.064486980 -0.632304966 -0.515120506 -0.430446953 0.386725754
1403638174645096960.000000 -5.816699982 8.819086075 3.841511726 -0.636212766 -0.524414778 -0.422465622 0.376490682
1403638174895097088.000000 -5.337702751 8.402091026 3.668269634 -0.638706207 -0.533390224 -0.417415857 0.365120977
1403638175095097088.000000 -4.972858906 8.103938103 3.557152987 -0.639194608 -0.534613073 -0.417717785 0.362120301
1403638175295097088.000000 -4.618589401 7.843583584 3.463587523 -0.640229762 -0.535285711 -0.419704825 0.356963575
1403638175495097088.000000 -4.281353474 7.620352268 3.397581339 -0.647128880 -0.544899821 -0.411588818 0.338973463
1403638175695097088.000000 -3.961762905 7.456617832 3.358167648 -0.657214880 -0.554920137 -0.394880503 0.322802931
1403638175945096960.000000 -3.583578348 7.340100765 3.303676128 -0.657140851 -0.562974572 -0.390847534 0.313789308
1403638176145096960.000000 -3.300043344 7.321576595 3.223369598 -0.634835064 -0.559820354 -0.421537608 0.325410008
1403638176595097088.000000 -2.796413183 7.381484509 3.155248165 -0.617646158 -0.539520323 -0.448721528 0.355077505
1403638176895097088.000000 -2.557965279 7.443795204 3.176347256 -0.622503161 -0.536955118 -0.443371832 0.357198149
1403638177195097088.000000 -2.384845972 7.521733761 3.207093477 -0.622030437 -0.541030169 -0.445251495 0.349450588
1403638178845096960.000000 -1.793921709 7.873831272 3.000668287 -0.720988691 -0.384497672 -0.485384136 0.311029255
1403638179245096960.000000 -1.563838005 7.812608242 2.908852100 -0.749304175 -0.365608752 -0.486736983 0.260692745
1403638179645096960.000000 -1.276331663 7.797283649 2.798481703 -0.764796793 -0.302988231 -0.519346654 0.231437176
1403638180095097088.000000 -0.935195506 7.771459103 2.742903233 -0.796959400 -0.229309827 -0.529639482 0.178198755
1403638180595097088.000000 -0.495075613 7.737174511 2.671402454 -0.801992059 -0.221484318 -0.531102717 0.160260513
1403638180995097088.000000 -0.090474553 7.740845680 2.643091440 -0.805608273 -0.231935680 -0.520016849 0.163657457
1403638181845096960.000000 0.914912045 7.721337318 2.490238905 -0.801525950 -0.130764306 -0.569286287 0.127945587
1403638182045096960.000000 1.135441422 7.650132179 2.495251179 -0.815957665 -0.106611125 -0.560191035 0.095043316
1403638182495097088.000000 1.649484754 7.474955559 2.546326160 -0.833904684 -0.083202675 -0.539261639 0.082928710
1403638182695097088.000000 1.900427699 7.394774914 2.592384577 -0.834834278 -0.097239874 -0.537298322 0.070047721
1403638183145096960.000000 2.527236223 7.244728565 2.689322948 -0.819128275 -0.105802692 -0.558490455 0.076961018
1403638185195097088.000000 5.373965740 7.367207050 2.868156672 -0.817548275 -0.111202031 -0.561580300 0.062261894
1403638185395097088.000000 5.633069038 7.450634956 2.893393278 -0.815026283 -0.118422993 -0.564441919 0.055799015
1403638185795097088.000000 6.109538555 7.688211441 2.957607031 -0.801714361 -0.151246980 -0.571496665 0.088147148
1403638185995097088.000000 6.322957993 7.826505184 2.979124546 -0.811154962 -0.141409427 -0.553770304 0.123973332
1403638186445096960.000000 6.808397293 8.099564552 2.995768070 -0.811504066 -0.158830181 -0.552175939 0.106470473
1403638186645096960.000000 7.016888618 8.222952843 3.018652439 -0.810277700 -0.159968555 -0.554691792 0.100881182
1403638189595097088.000000 7.626045704 9.859079361 3.458461523 -0.730888307 -0.379333913 -0.503599226 0.261335164
1403638190245096960.000000 7.213650227 9.866597176 3.567353725 -0.724475026 -0.388916224 -0.503500044 0.265269339
1403638190495097088.000000 7.080335140 9.906380653 3.549730539 -0.694176674 -0.410633802 -0.531365514 0.259132057
1403638190695097088.000000 6.940605164 9.942481041 3.512151718 -0.692453444 -0.418566555 -0.522794724 0.268320560
1403638190845096960.000000 6.817205906 9.965636253 3.487798214 -0.694729567 -0.415473938 -0.514925241 0.282106668
1403638191995097088.000000 5.897593021 10.157343864 3.604603052 -0.710207641 -0.421456069 -0.492838711 0.274025500
1403638192195097088.000000 5.698506832 10.206809998 3.639805794 -0.709948957 -0.420313448 -0.493289620 0.275634706
1403638194945096960.000000 2.887185812 9.397312164 4.500905037 -0.709244430 -0.440447688 -0.463737160 0.296523243
1403638196795097088.000000 1.732046008 9.119709015 4.390820980 -0.715992689 -0.441304207 -0.453609824 0.294691831
1403638197245096960.000000 1.620522499 9.264767647 4.387298584 -0.702429235 -0.435928226 -0.474430591 0.302449077
1403638198045096960.000000 1.387403846 9.571192741 4.584440231 -0.679343581 -0.425538599 -0.504824698 0.320251822
1403638198345096960.000000 1.253664732 9.649905205 4.512777328 -0.686439931 -0.428830862 -0.495249331 0.315646231
1403638198745096960.000000 1.039316177 9.716391563 4.346487522 -0.667340815 -0.456004590 -0.519535124 0.277127147
1403638199095097088.000000 0.711461127 9.768686295 4.273636818 -0.666050494 -0.457329869 -0.520807385 0.275655180
1403638199545096960.000000 0.068737566 9.837340355 4.366404057 -0.664655387 -0.457747221 -0.523577571 0.273069978
1403638199845096960.000000 -0.489681095 9.885707855 4.494051933 -0.668310285 -0.465304881 -0.497261047 0.299306363
1403638199995097088.000000 -0.793633699 9.908053398 4.542485714 -0.670001686 -0.467021734 -0.485846579 0.311354548
1403638200145096960.000000 -1.101659656 9.931201935 4.581427097 -0.659813106 -0.480165422 -0.483177274 0.317218661
1403638200345096960.000000 -1.522078991 9.961084366 4.640708447 -0.632233620 -0.498750955 -0.486125618 0.339426011
1403638200495097088.000000 -1.847442508 9.979126930 4.696065426 -0.614261508 -0.518122017 -0.485073984 0.344870567
1403638200795097088.000000 -2.530168772 9.999307632 4.855419159 -0.585598290 -0.557031274 -0.476075530 0.346616417
1403638200945096960.000000 -2.899540663 10.001865387 4.929498196 -0.586805522 -0.561235607 -0.462314904 0.356284887
1403638201145096960.000000 -3.410330772 10.003682137 5.002617836 -0.593925297 -0.555587053 -0.447300196 0.372153729
1403638201345096960.000000 -3.926616907 10.001322746 5.046210766 -0.597663701 -0.551158071 -0.444862902 0.375659436
1403638201545096960.000000 -4.439702988 9.993641853 5.055620670 -0.596759379 -0.549265146 -0.449943602 0.373814106
1403638201795097088.000000 -5.081503868 9.974175453 5.023046494 -0.597367406 -0.545346439 -0.454183131 0.373453110
1403638202045096960.000000 -5.733148575 9.936594009 4.966888905 -0.594583750 -0.549799502 -0.446957082 0.380026251
1403638202295097088.000000 -6.385098457 9.869892120 4.935058117 -0.600225151 -0.557806134 -0.420458823 0.389610618
1403638202545096960.000000 -7.013543606 9.806774139 4.919494629 -0.600587904 -0.561191559 -0.411790192 0.393429816
1403638202995097088.000000 -8.060268402 9.719889641 4.812448502 -0.600779474 -0.559568465 -0.412180364 0.395037323
1403638203395097088.000000 -8.904850006 9.640355110 4.769372940 -0.594122231 -0.554607987 -0.421500146 0.402202010
1403638203595097088.000000 -9.301347733 9.590589523 4.742981911 -0.596531153 -0.552616537 -0.417913795 0.405109286
1403638203795097088.000000 -9.676758766 9.533406258 4.726864338 -0.596224427 -0.554157257 -0.417934060 0.403431833
1403638203995097088.000000 -10.029932022 9.468649864 4.736607552 -0.595150590 -0.555224121 -0.417093307 0.404419482
1403638204195097088.000000 -10.364077568 9.395374298 4.772430897 -0.600033581 -0.557332635 -0.407123953 0.404462844
1403638204395097088.000000 -10.673252106 9.325119972 4.829489231 -0.615945816 -0.553476512 -0.383913130 0.408515990
1403638204695097088.000000 -11.065551758 9.243125916 4.898608208 -0.613620996 -0.555250645 -0.380049855 0.413192600
1403638204945096960.000000 -11.337284088 9.194562912 4.913669586 -0.569813490 -0.594623804 -0.386646718 0.415017515
1403638205145096960.000000 -11.548754692 9.162696838 4.902198792 -0.517805338 -0.638677657 -0.365087867 0.436668545
1403638205345096960.000000 -11.766186714 9.130681038 4.906935692 -0.451007903 -0.683061540 -0.324254721 0.474212795
1403638205545096960.000000 -11.982775688 9.094821930 4.943668365 -0.380227983 -0.717855275 -0.299156070 0.500615776
1403638205745096960.000000 -12.196865082 9.035573006 5.007256508 -0.330457568 -0.732499719 -0.301261991 0.513306320
1403638205945096960.000000 -12.426373482 8.935303688 5.087869644 -0.299631119 -0.747129321 -0.279028654 0.523604929
1403638206195097088.000000 -12.732000351 8.749851227 5.215939045 -0.258717179 -0.763873041 -0.237278298 0.541537106
1403638206445096960.000000 -13.035212517 8.513513565 5.328769207 -0.233749032 -0.768685877 -0.195456535 0.562388062
1403638206695097088.000000 -13.310050011 8.246927261 5.398672104 -0.224447280 -0.766626418 -0.177608296 0.574771762
1403638207195097088.000000 -13.745408058 7.656629562 5.413970947 -0.203403935 -0.766654551 -0.157632262 0.588234484
1403638207445096960.000000 -13.894071579 7.333534241 5.357003689 -0.178332448 -0.768033385 -0.141290948 0.598631144
1403638207695097088.000000 -13.980876923 6.988265038 5.318219662 -0.146149203 -0.785713613 -0.107261777 0.591430008
1403638207945096960.000000 -14.017000198 6.649161339 5.326971531 -0.138300881 -0.801409364 -0.083983831 0.575814843
1403638208195097088.000000 -14.029281616 6.334095478 5.352834702 -0.137123317 -0.797092676 -0.082765482 0.582228899
1403638208445096960.000000 -14.018930435 6.038579464 5.335971832 -0.138437524 -0.799940884 -0.086554289 0.577440798
1403638208695097088.000000 -13.989356995 5.755624771 5.322189808 -0.120496750 -0.805648744 -0.071652487 0.575566411
1403638208945096960.000000 -13.946051598 5.494004250 5.339389801 -0.101910658 -0.805960655 -0.059124812 0.580125868
1403638209195097088.000000 -13.884982109 5.251777649 5.323133469 -0.094620444 -0.806834221 -0.053641416 0.580679119
1403638209445096960.000000 -13.809649467 5.027641773 5.266391754 -0.095407359 -0.807208955 -0.048748907 0.580460727
1403638209745096960.000000 -13.707308769 4.787115097 5.109729767 -0.097683400 -0.804561913 -0.048977997 0.583728909
1403638210045096960.000000 -13.586090088 4.570510387 4.824739933 -0.092018701 -0.796909273 -0.059409320 0.594086409
1403638210295097088.000000 -13.452378273 4.397408962 4.597403526 -0.092499472 -0.789768517 -0.059076931 0.603506088
1403638210595097088.000000 -13.226839066 4.194256783 4.334122181 -0.093436807 -0.789320052 -0.059380267 0.603918314
1403638210895097088.000000 -12.937680244 3.998411417 4.057285309 -0.097319938 -0.790302813 -0.055117626 0.602422059
1403638211145096960.000000 -12.652441025 3.846362591 3.874078035 -0.099180788 -0.798768044 -0.051168721 0.591197550
1403638211395097088.000000 -12.355221748 3.714711428 3.736359358 -0.105649561 -0.800788224 -0.053783599 0.587097764
1403638211645096960.000000 -12.041805267 3.605068445 3.586393595 -0.141381755 -0.795652926 -0.071850985 0.584623814
1403638211895097088.000000 -11.710464478 3.520118713 3.412630320 -0.203422084 -0.783767521 -0.099346951 0.578323662
1403638212095097088.000000 -11.433088303 3.477469921 3.297899008 -0.248839051 -0.771863401 -0.130453244 0.570340157
1403638212345096960.000000 -11.068560600 3.450908661 3.202718973 -0.296954304 -0.755547464 -0.174060777 0.557376862
1403638212595097088.000000 -10.684121132 3.439853668 3.158752918 -0.345626026 -0.734650016 -0.212251171 0.543858051
1403638212895097088.000000 -10.194510460 3.434289455 3.162746668 -0.408314019 -0.704660356 -0.254104644 0.521693707
1403638213145096960.000000 -9.768161774 3.438541412 3.201383829 -0.465976804 -0.671692669 -0.289331734 0.497977734
1403638213345096960.000000 -9.417794228 3.450601578 3.219087124 -0.522877038 -0.644565344 -0.297788441 0.471653730
1403638213595097088.000000 -8.956493378 3.497811556 3.210815430 -0.576903343 -0.603063583 -0.319543093 0.448763907
1403638213745096960.000000 -8.662787437 3.544816732 3.206536531 -0.573669374 -0.589075744 -0.359036535 0.441572368
1403638213995097088.000000 -8.168700218 3.631336927 3.227422476 -0.570511520 -0.584987044 -0.382471502 0.431303173
1403638214245096960.000000 -7.684505463 3.716455936 3.274739742 -0.576280057 -0.600690007 -0.368416369 0.413935095
1403638214495097088.000000 -7.217010498 3.825526714 3.304842710 -0.571936846 -0.610106230 -0.361591339 0.412201852
1403638215295097088.000000 -5.818625450 4.224960327 3.182921886 -0.543833613 -0.608876109 -0.379357040 0.435434580
1403638216195097088.000000 -4.529958725 4.505936623 3.018626451 -0.552692831 -0.597415686 -0.390666097 0.430122435
1403638216445096960.000000 -4.226898670 4.545513153 3.004165173 -0.552114904 -0.593714833 -0.397212505 0.429993242
1403638216745096960.000000 -3.896843910 4.567426205 2.979954958 -0.551777840 -0.598147273 -0.399374068 0.422210097
1403638219545096960.000000 -2.864768982 4.078517437 2.885856867 -0.601235747 -0.526036561 -0.451613158 0.397299170
1403638222345096960.000000 -2.868745804 2.711562157 2.820092916 -0.626898527 -0.540783286 -0.425627232 0.365230411
1403638223195097088.000000 -2.896789789 2.497595787 2.749198675 -0.624333203 -0.535601676 -0.428969175 0.373261899
1403638223495097088.000000 -2.913629055 2.420307636 2.740599394 -0.635257423 -0.527084708 -0.413806140 0.383919477
1403638223745096960.000000 -2.899685383 2.371767521 2.709847450 -0.625345767 -0.532503068 -0.428581119 0.376432478
1403638224045096960.000000 -2.878029108 2.319136858 2.664151192 -0.620144904 -0.541637480 -0.435800791 0.363492519
1403638224295097088.000000 -2.876822710 2.288632154 2.622649908 -0.627278984 -0.546134830 -0.424972981 0.357289732
1403638224595097088.000000 -2.888304472 2.280917883 2.585195065 -0.618661761 -0.530592263 -0.437763840 0.379594862
1403638224895097088.000000 -2.905191422 2.274211168 2.555251598 -0.629146099 -0.538012207 -0.422678888 0.368863881
1403638225195097088.000000 -2.915121794 2.284367561 2.560613632 -0.623190820 -0.532145858 -0.428671986 0.380387068
1403638225495097088.000000 -2.915125847 2.295439005 2.570287704 -0.616928160 -0.535743535 -0.436299801 0.376856744
1403638225745096960.000000 -2.921065331 2.297923803 2.536508322 -0.605654955 -0.527909160 -0.451727569 0.387861162
1403638225995097088.000000 -2.938957214 2.279361963 2.457110643 -0.626076639 -0.544167578 -0.423204005 0.364428520
1403638226445096960.000000 -2.973702669 2.198198557 2.071146965 -0.631915987 -0.527863979 -0.419273347 0.382428855
1403638226745096960.000000 -2.920171499 2.109600306 1.865730405 -0.631531417 -0.528044164 -0.419104606 0.382999837
1403638227045096960.000000 -2.823818922 1.979923964 1.660605907 -0.631313980 -0.527752459 -0.419099569 0.383765131
1403638227395097088.000000 -2.660002470 1.774401665 1.423105001 -0.631629586 -0.527638555 -0.418588698 0.383959830
1403638227645096960.000000 -2.512308598 1.592078924 1.255438328 -0.631687701 -0.527598381 -0.418438494 0.384083122
1403638227845096960.000000 -2.376025677 1.424824834 1.121840239 -0.631540954 -0.527716815 -0.418538928 0.384052366
1403638228045096960.000000 -2.224571466 1.238798141 0.989521146 -0.631639421 -0.527672052 -0.418403357 0.384099513
1403638228195097088.000000 -2.100377798 1.087067127 0.891139269 -0.631579101 -0.527722418 -0.418443114 0.384086281
1403638228395097088.000000 -1.920783758 0.868502617 0.759907126 -0.631289005 -0.527763486 -0.418298095 0.384664297
1403638228545096960.000000 -1.775543451 0.691810548 0.660905361 -0.631231487 -0.527838826 -0.418252349 0.384705096
1403638228695097088.000000 -1.621384621 0.504274309 0.562383115 -0.631259382 -0.527847826 -0.418191791 0.384712726
