1403715278412143104.000000 -0.423993796 0.384642094 0.832301140 -0.585275471 -0.594561756 -0.389078259 0.390598327
1403715278662142976.000000 -0.428734362 0.405139148 0.855272233 -0.583154202 -0.584723949 -0.397235245 0.400291443
1403715279612143104.000000 -0.452830195 0.523246408 0.961574495 -0.581703663 -0.581013322 -0.397326708 0.407646924
1403715280012143104.000000 -0.450541556 0.530621469 0.993348360 -0.584920764 -0.584313571 -0.392806113 0.402676880
1403715282212143104.000000 -0.513319016 0.930628419 1.124019384 -0.759631038 -0.328967243 -0.515444458 0.221490920
1403715284762142976.000000 -0.437361032 1.609139323 0.852223635 -0.822985590 -0.048455987 -0.565016627 0.033210073
1403715287412143104.000000 0.002398062 1.343291163 1.288887024 0.808441937 -0.108099565 0.574354172 0.069667347
1403715289762142976.000000 0.235287085 1.065811157 1.229645133 0.754708648 -0.339586675 0.508103967 0.238592222
1403715291412143104.000000 0.768625975 0.787107229 1.222436428 0.730782986 -0.368019432 0.533561349 0.214079961
1403715291862142976.000000 0.841228306 0.625239372 1.176731348 0.726681173 -0.394234329 0.508415043 0.240890101
1403715292212143104.000000 0.883281648 0.460302621 1.130690336 0.736599743 -0.380398512 0.498934746 0.252551109
1403715294962142976.000000 1.473118067 -0.306723714 1.248919368 -0.805874646 -0.171043307 -0.556634724 0.107089132
1403715297812143104.000000 1.560245752 -0.448808432 1.013935685 -0.630834699 -0.547368765 -0.418758631 0.356477588
1403715298112143104.000000 1.597285867 -0.241878390 1.011575103 -0.565852582 -0.578094780 -0.433604479 0.396994382
1403715298412143104.000000 1.601485372 -0.025232624 1.000322461 -0.508021057 -0.629414260 -0.430728585 0.400281340
1403715298712143104.000000 1.546361446 0.165670022 0.997553945 -0.494266689 -0.652603090 -0.428525299 0.382329315
1403715299012143104.000000 1.384768367 0.316894591 1.022916079 -0.517086565 -0.653889239 -0.390906990 0.390182048
1403715299312143104.000000 1.091745257 0.488372654 1.070675135 -0.509939790 -0.671044648 -0.345549643 0.412620813
1403715299612143104.000000 0.716066122 0.690729260 1.073436975 -0.461700767 -0.702017784 -0.317256302 0.439718068
1403715300212143104.000000 -0.272723526 1.120185971 1.184543848 -0.327847481 -0.762360990 -0.269763947 0.488415033
1403715300812143104.000000 -1.594080925 1.489032149 1.382741213 -0.314460456 -0.756977797 -0.264598906 0.508022428
1403715301412143104.000000 -3.283321381 1.606961966 1.526810765 -0.299591064 -0.743995130 -0.301114440 0.515797079
1403715302012143104.000000 -5.318613529 1.479240179 1.506916404 -0.314201713 -0.750917792 -0.293252379 0.501400769
1403715302612143104.000000 -7.630497932 1.066256166 1.572080970 -0.337835938 -0.752114058 -0.293007135 0.484084994
1403715303212143104.000000 -10.290539742 0.405561030 1.477501988 -0.318500787 -0.784293175 -0.249469742 0.470325679
1403715303812143104.000000 -13.356696129 -0.220787078 1.032277703 -0.166039273 -0.814744473 -0.165300786 0.530375481
1403715304412143104.000000 -16.647941589 -1.015418649 0.791731596 -0.124361813 -0.819337606 -0.109328322 0.548878372
1403715305012143104.000000 -20.076726913 -2.003316879 0.529168189 -0.133842677 -0.825220644 -0.131969079 0.532617331
1403715334112143104.000000 1.433929324 -1.632993698 1.286034703 -0.819395840 0.080634616 -0.566840768 -0.027930018
1403715336712143104.000000 1.631576657 -2.739537001 1.230615020 -0.818026781 -0.023882158 -0.573818386 0.031533279
1403715339462142976.000000 2.533086777 -3.467384100 1.383012891 -0.798855543 -0.173435956 -0.560297370 0.133478656
1403715339962142976.000000 2.722574472 -3.573552608 1.344023585 -0.798119009 -0.183632270 -0.565578520 0.096985914
1403715340212143104.000000 2.800673723 -3.571933031 1.322860837 -0.789356291 -0.215524897 -0.562781751 0.117228635
1403715341462142976.000000 3.127521992 -3.257537603 1.450063109 -0.764253438 -0.270342320 -0.548173726 0.205760121
1403715341712143104.000000 3.207235098 -3.211690426 1.484936237 -0.760342658 -0.273052305 -0.560849249 0.181023702
1403715341962142976.000000 3.261121035 -3.158884764 1.496361017 -0.763520122 -0.274903029 -0.557245493 0.175905347
1403715342962142976.000000 3.414766073 -2.837603092 1.529539943 -0.740325391 -0.356289923 -0.517760873 0.238536209
1403715345512143104.000000 3.182092905 -1.474430561 1.390958071 -0.691712439 -0.421849906 -0.503683805 0.299798787
1403715347912143104.000000 1.868560314 -0.557356119 1.415460587 -0.661149085 -0.470661819 -0.471012354 0.345697552
1403715350512143104.000000 2.116391897 -0.242397964 0.943630457 -0.482243896 -0.683294594 -0.335503757 0.433574080
1403715351012143104.000000 2.150518894 -0.148061320 0.870121539 -0.481248617 -0.676062346 -0.343346447 0.439832568
1403715351662142976.000000 1.955754042 0.065479606 0.860288203 -0.468403846 -0.660011411 -0.356828213 0.466536701
1403715354462142976.000000 1.091332316 0.482843250 0.902093887 -0.394137233 -0.720893264 -0.261031896 0.506785035
1403715354962142976.000000 1.046930313 0.537019014 0.927804232 -0.393915653 -0.719419599 -0.260563016 0.509286702
1403715356212143104.000000 0.969928622 0.767433286 1.158160686 -0.263350755 -0.777498186 -0.211845204 0.530343890
1403715356412143104.000000 0.939655006 0.796093404 1.170404196 -0.273312092 -0.777731001 -0.218747646 0.522096336
1403715357362142976.000000 0.621976197 0.927039921 1.264650106 -0.187917754 -0.798178315 -0.129270986 0.557572782
1403715357762142976.000000 0.463913798 1.033639789 1.318629742 -0.161506832 -0.804332852 -0.134813979 0.555688143
1403715358212143104.000000 0.243383735 1.080757260 1.322607279 -0.161159232 -0.809524179 -0.137848690 0.547445059
1403715358462142976.000000 0.086727858 1.085605145 1.330647945 -0.156081930 -0.813731372 -0.130974814 0.544357598
1403715360012143104.000000 -0.766317785 0.790615022 1.261856914 -0.120370254 -0.804665804 -0.080819905 0.575753570
1403715360362142976.000000 -0.851200402 0.670960188 1.278142929 -0.127969697 -0.807243228 -0.078663602 0.570783854
1403715360712143104.000000 -0.909740627 0.591054857 1.297016859 -0.193858325 -0.793752372 -0.093242370 0.568930566
1403715362712143104.000000 -1.283639669 0.575991929 1.292138577 -0.557741225 -0.609889269 -0.388796389 0.407182127
1403715363212143104.000000 -1.511158109 0.640292823 1.302039266 -0.652789116 -0.495658576 -0.407436341 0.402721465
1403715363712143104.000000 -1.512432098 0.663425326 1.346731544 -0.693894684 -0.439870387 -0.462734163 0.333018363
1403715366462142976.000000 -1.041508317 0.051326774 1.653178334 -0.807394862 -0.122069582 -0.565049767 0.118030816
1403715369412143104.000000 0.068147853 -1.353081822 1.747765422 -0.799637437 -0.225988373 -0.535892189 0.149428681
1403715370962142976.000000 0.859152675 -1.766026616 1.675513983 -0.765396237 -0.307097614 -0.524464786 0.211651653
1403715372712143104.000000 2.101484299 -1.654463530 1.668207169 -0.741763294 -0.353474855 -0.513561189 0.247179434
1403715374462142976.000000 3.121671915 -1.428500295 1.751976490 -0.653341830 -0.509101212 -0.444551408 0.341078550
1403715376812143104.000000 3.268224239 -0.427026838 1.596271992 -0.640221298 -0.504556060 -0.463559091 0.347351372
1403715377162142976.000000 3.169414997 -0.338648230 1.563382864 -0.626546144 -0.509670317 -0.467610598 0.359188706
1403715377612143104.000000 2.973342419 -0.295544118 1.518638968 -0.624018967 -0.516992629 -0.457694799 0.365833998
1403715380412143104.000000 1.536133647 -0.117132634 1.549182892 -0.636268198 -0.520526886 -0.442269206 0.358626008
1403715383212143104.000000 -0.292827010 0.509927154 1.565518141 -0.761533618 -0.349586934 -0.489559501 0.241219938
1403715386162142976.000000 -0.190966874 1.218882203 1.565693378 -0.812217712 -0.017635213 -0.582656562 0.022420302
1403715388962142976.000000 0.224011317 -0.411253810 1.405365348 -0.820020258 -0.045302201 -0.569618702 0.032386575
1403715390612143104.000000 0.768956900 -1.332265496 1.441640973 -0.804031968 -0.220609874 -0.540311217 0.113699846
1403715393212143104.000000 2.763340950 -1.253294945 1.545278907 -0.654275537 -0.491354406 -0.469954818 0.331114560
1403715393462142976.000000 2.905338526 -1.206402063 1.594936848 -0.607692719 -0.545339763 -0.452460647 0.358599335
1403715394212143104.000000 3.084795952 -1.103140116 1.592790961 -0.479428738 -0.668354571 -0.331587404 0.462060809
1403715394462142976.000000 3.093516588 -1.074608922 1.551239014 -0.414133489 -0.700945973 -0.301300228 0.496373177
1403715394712143104.000000 3.084222317 -1.056583405 1.520113826 -0.347625196 -0.732697248 -0.261114955 0.523574769
1403715397212143104.000000 2.557457209 -1.396397591 1.307616353 -0.026513169 -0.837480187 -0.005799346 0.545793474
1403715398962142976.000000 1.772371292 -1.049544454 1.141773462 -0.019026194 -0.799025416 -0.052707501 0.598680615
1403715399462142976.000000 1.799329042 -1.111958504 1.123719931 -0.017747868 -0.808959365 -0.039872542 0.586242318
1403715399962142976.000000 1.895645857 -1.295870781 1.122329473 -0.032464359 -0.835496128 -0.034378231 0.547458231
1403715400662142976.000000 1.835916519 -1.665589452 1.167124152 -0.146432921 -0.820892632 -0.117324933 0.539376974
1403715401062142976.000000 1.693788052 -1.924088359 1.160400033 -0.258726269 -0.799695075 -0.147615850 0.521304309
1403715401412143104.000000 1.507726192 -2.088230848 1.173966408 -0.276281685 -0.794777870 -0.173948362 0.511604071
1403715401812143104.000000 1.233669877 -2.210735083 1.111682534 -0.288337052 -0.766480207 -0.178134814 0.545562029
1403715402012143104.000000 1.109371185 -2.237968206 1.084073663 -0.291658133 -0.761533916 -0.192545950 0.545827627
1403715402462142976.000000 0.818712354 -2.316726446 1.029435158 -0.293496192 -0.742928267 -0.241440833 0.551020801
1403715402712143104.000000 0.668515861 -2.390092373 1.013008356 -0.308677495 -0.729594529 -0.271241814 0.546660721
1403715402962142976.000000 0.526422977 -2.539409876 1.030705571 -0.343015164 -0.728812754 -0.250584662 0.537010193
1403715403212143104.000000 0.392109931 -2.738498926 1.088907719 -0.368917316 -0.739601433 -0.229342952 0.514093041
1403715403462142976.000000 0.274579287 -2.928288460 1.194927573 -0.373918027 -0.740825474 -0.236671701 0.505321264
1403715403712143104.000000 0.181366339 -3.069305420 1.285240293 -0.401911616 -0.729897380 -0.257505774 0.489293128
1403715403962142976.000000 0.120177031 -3.162165403 1.353967190 -0.448441446 -0.706723988 -0.280909300 0.469607800
1403715404212143104.000000 0.052441671 -3.176647663 1.406322002 -0.478299797 -0.677560151 -0.324627995 0.454706699
1403715404462142976.000000 -0.027705211 -3.158060551 1.464491010 -0.491851747 -0.658375919 -0.359721392 0.441841066
1403715404712143104.000000 -0.118925631 -3.165962696 1.537319660 -0.501700282 -0.650881410 -0.362163931 0.439872175
1403715404962142976.000000 -0.233583212 -3.166160583 1.588191509 -0.517424464 -0.630518496 -0.364570946 0.449228644
1403715405212143104.000000 -0.343566060 -3.153976202 1.621006966 -0.558393002 -0.594122887 -0.378895670 0.437782437
1403715405462142976.000000 -0.436690629 -3.133087635 1.655487180 -0.613956034 -0.548039317 -0.403054059 0.400322855
1403715405712143104.000000 -0.503808379 -3.121830940 1.694125414 -0.656400323 -0.509072423 -0.435777575 0.346528172
1403715405962142976.000000 -0.571487665 -3.086244345 1.710238099 -0.696472943 -0.457011312 -0.464687139 0.300220132
1403715406462142976.000000 -0.661235631 -2.978166103 1.659826875 -0.756573081 -0.331758469 -0.506595492 0.246767998
1403715406562142976.000000 -0.672480822 -2.941954613 1.641767502 -0.768897295 -0.308790147 -0.508424520 0.234414652
1403715406662142976.000000 -0.680037379 -2.907196522 1.624050736 -0.778214216 -0.286471754 -0.512942791 0.221825123
1403715406762142976.000000 -0.681987345 -2.874111176 1.606250882 -0.784849226 -0.266004264 -0.519877255 0.207319081
1403715407962142976.000000 -0.383698672 -2.495036840 1.542690754 -0.809902787 -0.170320541 -0.552199244 0.100620791
1403715408412143104.000000 -0.165969104 -2.278974056 1.659196019 -0.804866672 -0.166158468 -0.557293773 0.118341736
1403715408512143104.000000 -0.116919614 -2.228702307 1.673156857 -0.798565388 -0.170547292 -0.563579500 0.124840319
1403715408812143104.000000 0.011204794 -2.083901167 1.660474777 -0.773583651 -0.214829341 -0.574638009 0.158770204
1403715408962142976.000000 0.055691078 -2.018446445 1.656502366 -0.763987303 -0.248081163 -0.566754937 0.183216110
1403715409662142976.000000 0.146393985 -1.849781513 1.732559681 -0.741961181 -0.334590197 -0.529738605 0.238579378
1403715410162142976.000000 0.191826627 -1.794672132 1.837821960 -0.768157125 -0.320428848 -0.511382103 0.213888451
1403715410662142976.000000 0.272676855 -1.682289958 1.840141654 -0.755115986 -0.322258830 -0.532465041 0.205985695
1403715411162142976.000000 0.299664289 -1.549356461 1.810577512 -0.748166084 -0.326346934 -0.529484034 0.231066957
1403715411512143104.000000 0.288941532 -1.486873746 1.794949412 -0.741617739 -0.321505576 -0.530926764 0.254468292
1403715412012143104.000000 0.260023355 -1.474973083 1.768137455 -0.743139327 -0.336158693 -0.523409009 0.246544927
1403715412362142976.000000 0.228911743 -1.494740963 1.749885440 -0.747023523 -0.337609887 -0.518652201 0.242848337
1403715412612143104.000000 0.205851868 -1.513698697 1.736637235 -0.751161873 -0.338244319 -0.513647974 0.239817604
1403715413112143104.000000 0.179556876 -1.532025456 1.716846585 -0.750404537 -0.339744359 -0.515870094 0.235255197
1403715413512143104.000000 0.159834564 -1.534999371 1.614228129 -0.749901593 -0.329554856 -0.516772568 0.248972535
1403715413862142976.000000 0.150304824 -1.556762695 1.547083020 -0.746872425 -0.336075395 -0.522311509 0.237540707
1403715414312143104.000000 0.121229589 -1.585642099 1.497878790 -0.759083569 -0.342217892 -0.505710781 0.225689337
1403715414712143104.000000 0.099274069 -1.554039001 1.498604655 -0.753036857 -0.338148564 -0.515745163 0.229342192
1403715415112143104.000000 0.078440450 -1.506152630 1.442401767 -0.759795249 -0.308228046 -0.510924041 0.258192569
1403715415512143104.000000 0.099253990 -1.510471225 1.388779283 -0.753205478 -0.320303828 -0.530209005 0.221281603
1403715415962142976.000000 0.099454634 -1.509566903 1.365155458 -0.750126600 -0.320453674 -0.537549436 0.213682383
1403715416362142976.000000 0.102206513 -1.507076263 1.363912940 -0.753298521 -0.321303904 -0.533552229 0.211251602
1403715416662142976.000000 0.104032852 -1.506964087 1.362541437 -0.753953159 -0.320877075 -0.532763422 0.211555615
1403715416962142976.000000 0.103264831 -1.507695556 1.361056328 -0.754083514 -0.320853978 -0.532576501 0.211596772
1403715417462142976.000000 0.101486608 -1.508085489 1.360594511 -0.754255593 -0.320531368 -0.532408118 0.211895898
1403715417962142976.000000 0.100671694 -1.508570552 1.360938787 -0.754365921 -0.320365697 -0.532354832 0.211887032
1403715418462142976.000000 0.100971371 -1.508122444 1.361392140 -0.754519284 -0.320268601 -0.532256007 0.211736307
