1403638142445096960.000000 -0.444209397 0.725843847 3.243715763 -0.554916203 -0.631803095 -0.354466319 0.408957869
1403638143445096960.000000 -0.444013864 0.726350069 3.243781805 -0.554705501 -0.632079422 -0.354090303 0.409142494
1403638144695097088.000000 -0.444010198 0.725674808 3.243979216 -0.555071890 -0.631862164 -0.353841364 0.409196347
1403638147195097088.000000 -0.444435924 0.726660967 3.244194031 -0.555576622 -0.632145345 -0.353101969 0.408712447
1403638149895097088.000000 -0.606515646 1.063331842 3.700482130 -0.516570807 -0.635745108 -0.360533744 0.446092278
1403638151745096960.000000 -1.461842299 1.471290946 3.670263529 -0.371796101 -0.734919906 -0.261717498 0.503154397
1403638152545096960.000000 -2.058492899 1.621193528 3.804677248 -0.358267784 -0.744590819 -0.264379114 0.497325331
1403638152945096960.000000 -2.432205439 1.673934579 3.817311049 -0.345835268 -0.746501803 -0.241588116 0.514556408
1403638153095097088.000000 -2.579607010 1.693790436 3.849158525 -0.331099331 -0.756369770 -0.226730287 0.516596079
1403638155245096960.000000 -4.940105915 1.692878008 4.047994137 -0.163713306 -0.796830058 -0.140622959 0.564344764
1403638155495097088.000000 -5.187927246 1.579489112 4.073493481 -0.138539314 -0.794976652 -0.132709831 0.575506032
1403638155945096960.000000 -5.573078156 1.290425420 4.037820816 -0.077467434 -0.803339422 -0.059180006 0.587488174
1403638156095097088.000000 -5.675907135 1.180817246 4.028899193 -0.046425045 -0.817515135 -0.031259377 0.573181033
1403638156495097088.000000 -5.940864563 0.902725697 4.061655998 0.007555543 -0.831091344 0.019632410 0.555737853
1403638156745096960.000000 -6.122241974 0.751502872 4.047943115 0.015154789 -0.831672728 0.025304401 0.554482281
1403638157195097088.000000 -6.509087086 0.518673778 4.009593010 0.007826593 -0.837447345 0.018623201 0.546144605
1403638157945096960.000000 -7.319643497 0.162817806 4.068670273 0.085786395 -0.815991044 0.052466653 0.569250822
1403638158345096960.000000 -7.750471592 -0.047669560 4.113075256 0.117362529 -0.814177990 0.089829646 0.561489999
1403638158595097088.000000 -8.012372971 -0.165355057 4.105396271 0.127152979 -0.810731113 0.081645548 0.565580368
1403638158845096960.000000 -8.263205528 -0.288983226 4.088813782 0.118476816 -0.814389884 0.087768249 0.561274469
1403638159945096960.000000 -9.439275742 -0.695943773 4.279443264 0.095323272 -0.788888574 0.106910743 0.597610533
1403638160295097088.000000 -9.702297211 -0.664307296 4.481401920 0.112655222 -0.811059892 0.089495167 0.566993237
1403638160495097088.000000 -9.839583397 -0.639123619 4.628642082 0.115608737 -0.820697188 0.086457670 0.552825391
1403638160745096960.000000 -10.024148941 -0.613629758 4.790402412 0.113246530 -0.820274711 0.088906482 0.553552330
1403638161095097088.000000 -10.290760040 -0.557613373 4.979590893 0.067125887 -0.803189516 0.081778601 0.586253464
1403638161545096960.000000 -10.568849564 -0.408948094 5.164488316 -0.008565961 -0.824652910 0.013342960 0.565416753
1403638161795097088.000000 -10.718282700 -0.314276934 5.232196808 -0.031525988 -0.825628936 0.006747686 0.563291669
1403638163095097088.000000 -11.501487732 0.510750473 5.606104374 -0.080987297 -0.808779716 -0.015586619 0.582300246
1403638165695097088.000000 -11.808281898 3.278383970 6.029886723 -0.181111783 -0.775739133 -0.111778140 0.594081581
1403638166795097088.000000 -11.208007812 4.381824970 6.177277088 -0.171141759 -0.805307567 -0.104323387 0.557948887
1403638167095097088.000000 -11.071723938 4.652800560 6.221486092 -0.183318794 -0.823293447 -0.084342979 0.530535936
1403638167395097088.000000 -11.000785828 4.971920013 6.306499004 -0.173258036 -0.823055327 -0.099144831 0.531725407
1403638167545096960.000000 -10.990600586 5.141047001 6.353309155 -0.174582601 -0.817150354 -0.099172041 0.540324986
1403638169495097088.000000 -11.054063797 7.931287766 6.507803917 -0.312748879 -0.746938705 -0.172227070 0.560899854
1403638169645096960.000000 -11.066783905 8.161000252 6.485216141 -0.331160784 -0.735448480 -0.190310746 0.559669435
1403638169795097088.000000 -11.056259155 8.390521049 6.476718903 -0.347325683 -0.730818033 -0.222401947 0.543881655
1403638169945096960.000000 -11.031172752 8.613352776 6.488283157 -0.361127198 -0.722402811 -0.263339370 0.527611434
1403638170545096960.000000 -10.880362511 9.331541061 6.507108212 -0.481224269 -0.643770099 -0.320669085 0.501153290
1403638170895097088.000000 -10.701824188 9.654088974 6.537662506 -0.532546461 -0.596378982 -0.356173009 0.483598292
1403638171195097088.000000 -10.477234840 9.867578506 6.548211575 -0.564823210 -0.563608885 -0.383635402 0.464912683
1403638171595097088.000000 -10.090956688 10.049530029 6.529595375 -0.581765831 -0.538335323 -0.397396982 0.462406069
1403638172195097088.000000 -9.265768051 10.030323029 6.522110462 -0.602024138 -0.504011810 -0.422767967 0.452555358
1403638172645096960.000000 -8.494006157 9.764066696 6.426640987 -0.598626494 -0.501444280 -0.424534291 0.458225489
1403638174395097088.000000 -4.662590027 7.357147217 5.058049202 -0.600276589 -0.553489089 -0.407836556 0.408640712
1403638174545096960.000000 -4.343321800 7.119959354 4.921920776 -0.602966070 -0.557419002 -0.402455270 0.404655218
1403638174845096960.000000 -3.720142841 6.681501389 4.693877697 -0.606104434 -0.570340157 -0.396402627 0.387575120
1403638175045096960.000000 -3.326668978 6.422359943 4.575532436 -0.605639160 -0.571762383 -0.398153841 0.384399027
1403638175695097088.000000 -2.179718733 5.838784218 4.375898361 -0.622801423 -0.593775392 -0.377340585 0.342291117
1403638176095097088.000000 -1.591849208 5.757469654 4.292475700 -0.607094526 -0.601055145 -0.394430310 0.338516921
1403638176895097088.000000 -0.810154855 5.966852188 4.244879723 -0.590698421 -0.574147761 -0.422090888 0.378509074
1403638177395097088.000000 -0.564986289 6.134312153 4.244855404 -0.588183105 -0.578658104 -0.426649392 0.370359033
1403638178895097088.000000 -0.063044265 6.494495392 4.059116840 -0.703164518 -0.422438204 -0.467752963 0.329109222
1403638179345096960.000000 0.213718086 6.467038631 3.955070972 -0.733257651 -0.404715896 -0.472844064 0.273782372
1403638179795097088.000000 0.550654769 6.487428188 3.827775478 -0.756109297 -0.318704873 -0.517629564 0.242457271
1403638180245096960.000000 0.906977654 6.493008614 3.786290646 -0.786094785 -0.266654342 -0.520254433 0.200713471
1403638180595097088.000000 1.218760490 6.504949093 3.731817484 -0.787557900 -0.268718332 -0.520996749 0.190014422
1403638181695097088.000000 2.445264816 6.666443348 3.571231127 -0.783118844 -0.197190002 -0.556664646 0.194847092
1403638182045096960.000000 2.856103897 6.607843399 3.557800055 -0.808370292 -0.153786227 -0.553561389 0.128285468
1403638182295097088.000000 3.142412424 6.551140785 3.586353779 -0.822154820 -0.133080035 -0.540782750 0.117920563
1403638182745096960.000000 3.715109825 6.440628052 3.666170597 -0.827044964 -0.147376493 -0.532977402 0.101054817
1403638183095097088.000000 4.212344646 6.380950928 3.740349770 -0.813319087 -0.151008144 -0.550905883 0.110505231
1403638183745096960.000000 5.159012794 6.343761444 3.739205360 -0.815361619 -0.163277224 -0.546472788 0.099466436
1403638184195097088.000000 5.806119919 6.419255733 3.809935331 -0.814710319 -0.162021756 -0.548118949 0.097784065
1403638185095097088.000000 7.016562939 6.768322468 3.901516199 -0.808856606 -0.157981381 -0.558012664 0.097030438
1403638185245096960.000000 7.204144478 6.845833302 3.921301603 -0.808889866 -0.161839798 -0.557643354 0.092406712
1403638185395097088.000000 7.386466026 6.930868626 3.941711426 -0.805734158 -0.166649818 -0.561350882 0.088913269
1403638185745096960.000000 7.775237083 7.175739288 3.996538162 -0.789129198 -0.199093014 -0.570058584 0.112563126
1403638186045096960.000000 8.062678337 7.408607483 4.030222893 -0.800829589 -0.192165971 -0.545437157 0.155699909
1403638186395097088.000000 8.397970200 7.653450012 4.050283432 -0.799946010 -0.206392154 -0.545817256 0.139900625
1403638186595097088.000000 8.584581375 7.790777683 4.084363461 -0.798735499 -0.207978010 -0.548191309 0.135104060
1403638189495097088.000000 9.158976555 9.558376312 4.514139175 -0.706024766 -0.410097539 -0.498650670 0.291026831
1403638190145096960.000000 8.745428085 9.549585342 4.640681744 -0.709088266 -0.430444002 -0.474305689 0.294865936
1403638191295097088.000000 7.907245159 9.648116112 4.618886471 -0.680884480 -0.455819935 -0.477075160 0.317842662
1403638191745096960.000000 7.504528046 9.645936012 4.684328079 -0.684230387 -0.462473422 -0.475746989 0.302674592
1403638192045096960.000000 7.234441280 9.679445267 4.674652100 -0.682061195 -0.464755774 -0.479573429 0.297999978
1403638192495097088.000000 6.806006432 9.793394089 4.777312279 -0.675842345 -0.453306168 -0.487325341 0.316646069
1403638192945096960.000000 6.351145267 9.885644913 4.939882755 -0.656982005 -0.425726771 -0.511810064 0.353810430
1403638193095097088.000000 6.193669796 9.879407883 4.978059769 -0.652953267 -0.418867588 -0.509867609 0.371802509
1403638193245096960.000000 6.038169384 9.841018677 5.026846886 -0.653503537 -0.437375456 -0.497831911 0.365785867
1403638195995097088.000000 3.608782768 8.102550507 5.319481850 -0.683179617 -0.484482348 -0.442350119 0.320731908
1403638196745096960.000000 3.264804125 8.131200790 5.376198769 -0.685870349 -0.482431918 -0.439918965 0.321422845
1403638197995097088.000000 2.875267029 8.536078453 5.546404839 -0.651773870 -0.467244089 -0.487176925 0.345734715
1403638198345096960.000000 2.714602947 8.620026588 5.482191086 -0.656860292 -0.469323814 -0.479928166 0.343422085
1403638198695097088.000000 2.532190800 8.660800934 5.337771893 -0.640692055 -0.492321610 -0.500631511 0.310646564
1403638198995097088.000000 2.288223743 8.680434227 5.251491547 -0.631595671 -0.498027563 -0.511055112 0.303114265
1403638199345096960.000000 1.855011702 8.692132950 5.264296055 -0.633638918 -0.490006536 -0.509746492 0.313932985
1403638199795097088.000000 1.092481732 8.678505898 5.411318779 -0.634388149 -0.504019856 -0.489421129 0.322463572
1403638199945096960.000000 0.799814820 8.669052124 5.461710453 -0.638513446 -0.504873812 -0.473735541 0.336121619
1403638200245096960.000000 0.199268371 8.648792267 5.539433002 -0.612059176 -0.527513146 -0.470947027 0.354009032
1403638200545096960.000000 -0.436659783 8.610765457 5.654197693 -0.573764145 -0.560519397 -0.468072772 0.370837867
1403638200695097088.000000 -0.774817884 8.579637527 5.731448174 -0.556212127 -0.580144882 -0.464839399 0.371462464
1403638200845096960.000000 -1.130290151 8.541325569 5.810294628 -0.548456669 -0.594262898 -0.455303043 0.372486293
1403638201295097088.000000 -2.271747828 8.399959564 5.957327843 -0.562159240 -0.584573269 -0.426252276 0.400699526
1403638201445096960.000000 -2.656381130 8.347863197 5.972977638 -0.562831283 -0.583837688 -0.428442359 0.398486674
1403638201745096960.000000 -3.425528049 8.233399391 5.953716278 -0.563700318 -0.578316808 -0.433904111 0.399398088
1403638201895097088.000000 -3.809706926 8.169622421 5.917898655 -0.564505458 -0.577572584 -0.433837295 0.399410665
1403638202195097088.000000 -4.580660820 8.009113312 5.855328560 -0.563220561 -0.586669028 -0.410780281 0.412142813
1403638202945096960.000000 -6.360717773 7.614447594 5.720061302 -0.566634178 -0.592810810 -0.392987102 0.416007489
1403638203095097088.000000 -6.683799267 7.550508499 5.682313919 -0.566555977 -0.590991259 -0.393630207 0.418089747
1403638203395097088.000000 -7.296473026 7.419596195 5.652756691 -0.560671151 -0.586615145 -0.402126133 0.424057961
1403638203545096960.000000 -7.587951660 7.349853039 5.632244110 -0.562155187 -0.585431576 -0.399942100 0.425790727
1403638203845096960.000000 -8.135114670 7.202007771 5.605637074 -0.562883675 -0.585980237 -0.398299485 0.425613225
1403638204295097088.000000 -8.868515968 6.957561016 5.676209927 -0.574196458 -0.588065207 -0.377096057 0.426938504
1403638204445096960.000000 -9.083211899 6.880882263 5.718967438 -0.586279750 -0.584984899 -0.360823572 0.428806603
1403638204745096960.000000 -9.450199127 6.757398129 5.775774479 -0.575743675 -0.592519224 -0.361279249 0.432339549
1403638204945096960.000000 -9.658576965 6.691086769 5.780735016 -0.535755277 -0.624060571 -0.366533875 0.434934169
1403638205095097088.000000 -9.812249184 6.645288944 5.769320011 -0.495983005 -0.654559135 -0.353206486 0.448105454
1403638205245096960.000000 -9.969415665 6.598336220 5.760349274 -0.448577344 -0.686610758 -0.323463231 0.471927524
1403638205395097088.000000 -10.129082680 6.550755501 5.769574642 -0.393805236 -0.714973807 -0.291085869 0.498997927
1403638205695097088.000000 -10.440692902 6.436808109 5.837114334 -0.300346315 -0.746878207 -0.276192188 0.525055230
1403638206045096960.000000 -10.826165199 6.199922562 5.976527214 -0.243768901 -0.768806994 -0.234169379 0.542841971
1403638206195097088.000000 -10.996706009 6.058437347 6.054896832 -0.217324600 -0.776110530 -0.210482836 0.553280771
1403638206895097088.000000 -11.692862511 5.240501881 6.255433559 -0.169933826 -0.780323684 -0.137470022 0.585934758
1403638207045096960.000000 -11.804689407 5.050171375 6.256844997 -0.165320128 -0.777710438 -0.131561711 0.592053473
1403638207345096960.000000 -11.976175308 4.657483101 6.209544182 -0.151208043 -0.775607765 -0.120542094 0.600864768
1403638207495097088.000000 -12.033280373 4.451713562 6.172487259 -0.128482848 -0.776574612 -0.105974622 0.607612967
1403638207645096960.000000 -12.065372467 4.240562916 6.147260666 -0.108859494 -0.786688924 -0.084150724 0.601821303
1403638208095097088.000000 -12.066436768 3.640980005 6.164268970 -0.093399800 -0.807404459 -0.055158589 0.579941511
1403638208245096960.000000 -12.050843239 3.458932161 6.169923306 -0.094570316 -0.801250041 -0.055646837 0.588182271
1403638208645096960.000000 -11.973497391 3.004224539 6.135361671 -0.081703909 -0.810066462 -0.047272339 0.578690052
1403638208845096960.000000 -11.920920372 2.794119358 6.146255016 -0.066574134 -0.810179055 -0.032389142 0.581488371
1403638209145096960.000000 -11.825424194 2.506597042 6.140723705 -0.052193873 -0.810033202 -0.025318874 0.583507478
1403638209395097088.000000 -11.729968071 2.288162708 6.091077805 -0.052069325 -0.810511827 -0.020229965 0.583052516
1403638209745096960.000000 -11.583569527 2.019047976 5.918634415 -0.054707747 -0.808271587 -0.019704841 0.585931659
1403638210095097088.000000 -11.413899422 1.783982515 5.583241463 -0.049516372 -0.797761202 -0.029535912 0.600210726
1403638210395097088.000000 -11.212563515 1.597586393 5.318948269 -0.050389964 -0.793965697 -0.028667204 0.605192065
1403638210695097088.000000 -10.946697235 1.424114585 5.042454243 -0.053319111 -0.791659594 -0.026645256 0.608047903
1403638211145096960.000000 -10.430781364 1.194445491 4.679200649 -0.056768924 -0.802778423 -0.021016445 0.593196869
1403638211345096960.000000 -10.181401253 1.111960173 4.567186832 -0.059960522 -0.805573761 -0.021013109 0.589079022
1403638211545096960.000000 -9.923583031 1.045396090 4.454625130 -0.080729321 -0.804668605 -0.034008309 0.587226331
1403638211745096960.000000 -9.655402184 0.993707001 4.320142746 -0.121733554 -0.799017966 -0.052875482 0.586477101
1403638211945096960.000000 -9.378687859 0.961591244 4.183795452 -0.174086407 -0.790997744 -0.077212438 0.581424773
1403638212345096960.000000 -8.793991089 0.965643406 4.005559921 -0.256534696 -0.770131171 -0.145254120 0.565675855
1403638212745096960.000000 -8.164052010 1.015301704 3.953267813 -0.337438494 -0.740741014 -0.205943942 0.543162167
1403638212945096960.000000 -7.831990242 1.047936678 3.968120098 -0.381623805 -0.719603360 -0.235657707 0.530094028
1403638213145096960.000000 -7.490993500 1.087422252 4.001421928 -0.430116355 -0.695277452 -0.263716668 0.511901021
1403638213345096960.000000 -7.142890453 1.135212541 4.019742489 -0.488507420 -0.671032012 -0.273591459 0.486029059
1403638213495097088.000000 -6.874736309 1.184848428 4.018348217 -0.530132174 -0.646985412 -0.279591113 0.471379489
1403638213695097088.000000 -6.498391628 1.278976917 4.009218216 -0.544229567 -0.621389925 -0.323912472 0.461269379
1403638213895097088.000000 -6.112934589 1.387099862 4.018832684 -0.538987160 -0.612880409 -0.357262909 0.454129577
1403638214095097088.000000 -5.730008602 1.492609143 4.047643661 -0.541306019 -0.619455934 -0.357095242 0.442430884
1403638214445096960.000000 -5.086495399 1.692095637 4.108103752 -0.542460024 -0.639033973 -0.338721842 0.427364200
1403638214745096960.000000 -4.565082073 1.900903940 4.111723423 -0.522802770 -0.631944418 -0.352608949 0.450544775
1403638217545096960.000000 -1.090163708 2.807547092 3.619196892 -0.569478452 -0.586886764 -0.404682189 0.409256160
1403638220495097088.000000 -0.665535450 1.913781524 3.679452896 -0.584603548 -0.572367251 -0.415629566 0.397349507
1403638220745096960.000000 -0.633443058 1.780093670 3.704932213 -0.586021185 -0.570101798 -0.417122871 0.396953076
1403638221195097088.000000 -0.605783522 1.545719028 3.662825346 -0.591869295 -0.568466902 -0.413876235 0.394008398
1403638221445096960.000000 -0.604214847 1.422389627 3.657740355 -0.597445905 -0.567415893 -0.407571822 0.393678665
1403638221845096960.000000 -0.598967791 1.247588277 3.627359867 -0.597726226 -0.560865998 -0.407909393 0.402197182
1403638222195097088.000000 -0.585042536 1.107348919 3.651166916 -0.594654977 -0.568562806 -0.411565185 0.392091781
1403638222445096960.000000 -0.581165731 1.017361879 3.648655891 -0.601218402 -0.573369861 -0.402672559 0.384237289
1403638222945096960.000000 -0.581759214 0.901578844 3.586050034 -0.587689877 -0.558926046 -0.421257555 0.405911922
1403638223395097088.000000 -0.594433367 0.785390258 3.549670935 -0.604765296 -0.566306949 -0.397469103 0.394428462
1403638223845096960.000000 -0.567537487 0.699141622 3.505611420 -0.593988776 -0.566872835 -0.413672179 0.393329144
1403638224245096960.000000 -0.547078490 0.639341235 3.442236185 -0.599615335 -0.577022791 -0.404850930 0.378948361
1403638224445096960.000000 -0.551701188 0.629295528 3.417085171 -0.596799970 -0.565869451 -0.409619987 0.394756883
1403638224845096960.000000 -0.570202887 0.615712166 3.370178223 -0.601731300 -0.572283089 -0.402133673 0.385616541
1403638225145096960.000000 -0.585714340 0.624713600 3.372615099 -0.595703900 -0.558647990 -0.408433229 0.407715261
1403638225595097088.000000 -0.587972045 0.643889487 3.374624968 -0.581296146 -0.558185935 -0.427254856 0.409849465
1403638225995097088.000000 -0.602810800 0.627960443 3.257174730 -0.597903371 -0.574376941 -0.403097630 0.387446702
1403638226095097088.000000 -0.614040613 0.631220222 3.255755663 -0.607794940 -0.570705831 -0.384827286 0.395964861
1403638226345096960.000000 -0.629350305 0.642229259 3.252630711 -0.598816156 -0.580555916 -0.397826225 0.382241279
1403638226595097088.000000 -0.622969091 0.645962656 3.265056372 -0.598125756 -0.580278456 -0.398674816 0.382858962
1403638227095097088.000000 -0.608757973 0.646808028 3.284173250 -0.598961115 -0.580323279 -0.397079885 0.383142352
1403638227595097088.000000 -0.598802328 0.642983079 3.294224977 -0.598734081 -0.580910325 -0.396891236 0.382803053
1403638228095097088.000000 -0.594681621 0.638126671 3.298004866 -0.598880112 -0.581142247 -0.396462947 0.382666200
1403638228595097088.000000 -0.594347060 0.636441648 3.297116995 -0.599076867 -0.581174016 -0.395981222 0.382808864
