1403637149738319104.000000 -5.277072906 -3.413205385 6.268159389 -0.604377389 -0.533069432 -0.414334923 0.422955841
1403637151088318976.000000 -5.057547569 -3.190063715 6.522250175 -0.605654776 -0.537767470 -0.440670103 0.387037843
1403637153888318976.000000 -4.549201488 -2.636487961 6.889828205 -0.607170284 -0.548541665 -0.427026182 0.384831160
1403637156438319104.000000 -3.712596655 -1.791520834 6.737505913 -0.751468241 -0.319657207 -0.509614408 0.270939171
1403637159138319104.000000 -1.305238485 -2.582771778 6.470695972 -0.809078097 -0.143179521 -0.555272520 0.128703699
1403637160988318976.000000 0.589584112 -4.121675014 6.206267357 0.829121649 -0.052771755 0.555702686 0.031097138
1403637162988318976.000000 1.998058319 -6.148869038 6.413267136 0.769231200 -0.153847635 0.614813447 0.081356056
1403637164738319104.000000 0.469823480 -8.182917595 6.453997612 0.748054564 -0.321824223 0.553184748 0.175585553
1403637167388318976.000000 -1.908387780 -10.132678032 6.283564568 0.748979151 -0.270290166 0.497844189 0.343692690
1403637168238319104.000000 -1.267665744 -9.191741943 6.157396317 0.770283580 -0.304987490 0.513550997 0.223408431
1403637171088318976.000000 1.103626847 -4.782077312 5.386472702 -0.764842451 -0.166788146 -0.607968867 0.132557482
1403637173288318976.000000 -1.163470149 -2.344247818 5.428922653 -0.843531311 -0.110052936 -0.506334305 0.141310945
1403637173738319104.000000 -1.386942506 -2.319996357 5.336147308 0.840811670 -0.002447864 0.532026052 -0.099889942
1403637173938319104.000000 -1.412342072 -2.384103775 5.264822006 0.855672240 -0.040588349 0.509647787 -0.080230221
1403637174338319104.000000 -1.283655286 -2.660310507 5.277116776 0.809832931 -0.027718345 0.585673571 -0.019721435
1403637174838319104.000000 -1.152542233 -3.156555891 5.421627998 0.794408858 -0.084508568 0.601310790 0.014075067
1403637177638319104.000000 -3.152601004 -7.242620468 5.413505077 0.832648933 -0.197527707 0.497619867 0.141609013
1403637180088318976.000000 -1.411175013 -8.603711128 5.130784512 0.764841974 -0.254860222 0.537761927 0.246729106
1403637182288318976.000000 1.309680104 -6.279847145 5.540263653 0.735190094 -0.304882497 0.562454879 0.224024057
1403637183788318976.000000 1.585901141 -3.906632185 5.690527916 0.711093426 -0.338486344 0.593508780 0.165893212
1403637185188318976.000000 -0.568483174 -2.894603968 5.475615501 0.778622150 -0.330573320 0.501021504 0.182883590
1403637185438319104.000000 -0.899903655 -2.918630123 5.517504692 0.789630592 -0.326346636 0.484024316 0.188949108
1403637185938319104.000000 -1.376481891 -3.121795177 5.711504936 0.767212987 -0.310768813 0.517261565 0.217365086
1403637186488318976.000000 -1.754755497 -3.389261007 5.912810326 0.754659355 -0.310597032 0.535743237 0.216789976
1403637187238319104.000000 -2.241843224 -3.779106140 6.135665894 0.745192230 -0.341215402 0.542529762 0.184179410
1403637187588318976.000000 -2.515909910 -4.066319942 6.120112419 0.763823211 -0.344707996 0.504047453 0.209013492
1403637187888318976.000000 -2.703111410 -4.367808342 6.085855007 0.765297890 -0.352849573 0.497087270 0.206689656
1403637190438319104.000000 -3.718912840 -7.358601570 5.685484886 0.706552267 -0.395816922 0.517704666 0.275852978
1403637192038319104.000000 -4.502388477 -8.441037178 5.805883408 0.745027781 -0.347655356 0.495401889 0.280439556
1403637192388318976.000000 -4.559262276 -8.546513557 5.952370644 0.753739595 -0.347055167 0.478907883 0.286490023
1403637192888318976.000000 -4.442918777 -8.686702728 6.093900681 0.749088228 -0.369753480 0.486403316 0.256048828
1403637193138319104.000000 -4.331488609 -8.772651672 6.173108578 0.742476940 -0.378486365 0.497333616 0.241112947
1403637194388318976.000000 -3.539980650 -9.482602119 6.401289463 0.739534378 -0.361657888 0.501742423 0.265607119
1403637194588318976.000000 -3.365525246 -9.587965012 6.426245689 0.739695787 -0.363154203 0.501197100 0.264141321
1403637194888318976.000000 -3.082807302 -9.738718987 6.501115799 0.745744824 -0.369816244 0.489819735 0.259186029
1403637197838319104.000000 0.178635567 -8.123326302 6.518629074 0.801422358 -0.125287458 0.569986582 0.130921558
1403637199938319104.000000 0.546699524 -2.887081385 6.768215179 -0.740478158 -0.194220230 -0.613650799 0.193399578
1403637200088318976.000000 0.400494158 -2.536561489 6.684442520 -0.713118970 -0.225562781 -0.614134967 0.251835287
1403637200238319104.000000 0.229905143 -2.240705729 6.587172031 -0.693817973 -0.272650272 -0.602912188 0.284209967
1403637203188318976.000000 -1.810378790 -1.810385346 6.374374390 -0.763418198 -0.292423815 -0.540512204 0.198815525
1403637205688318976.000000 -1.796210766 -2.515574932 6.288904190 -0.757919490 -0.302271724 -0.541626751 0.202065140
1403637208288318976.000000 -2.372608423 -2.680704117 6.444176674 -0.766903818 -0.287933350 -0.535158098 0.206297979
1403637209588318976.000000 -2.636052847 -2.838919401 6.425199509 -0.766699135 -0.341965526 -0.500065207 0.212525189
1403637212538319104.000000 -0.322200567 0.550638378 5.860127449 -0.749065578 -0.319101393 -0.529287636 0.238599479
1403637212738319104.000000 -0.088118464 0.772409081 5.900382996 -0.758460760 -0.323276997 -0.517523587 0.228907734
1403637212938319104.000000 0.144504488 0.993490517 5.926646233 -0.758650005 -0.327930242 -0.517324150 0.222008064
1403637213138319104.000000 0.374786556 1.221179485 5.951816559 -0.757641733 -0.329986900 -0.516295850 0.224780619
1403637213338319104.000000 0.606405735 1.451003671 5.979805470 -0.757103384 -0.329100221 -0.515272975 0.230176806
1403637213538319104.000000 0.839009464 1.680917025 5.994719982 -0.752419591 -0.328643918 -0.521876693 0.231306836
1403637213738319104.000000 1.061722040 1.908453107 5.984423161 -0.745078564 -0.341401011 -0.531649590 0.213663355
1403637213938319104.000000 1.261981130 2.141653061 5.948706150 -0.745581806 -0.347448081 -0.529708147 0.206874311
1403637214188318976.000000 1.476885676 2.456561327 5.928900242 -0.734517097 -0.348708719 -0.533376336 0.233230725
1403637214638319104.000000 1.751675129 3.000109434 5.981441975 -0.668725193 -0.430614233 -0.541816473 0.271685183
1403637214838319104.000000 1.795682788 3.232038736 6.037538052 -0.644487381 -0.457390279 -0.546643317 0.276787430
1403637215088318976.000000 1.757031202 3.506395817 6.099189281 -0.637384474 -0.460482895 -0.546713829 0.287750989
1403637215288318976.000000 1.648691058 3.707432508 6.129727840 -0.635750353 -0.454647213 -0.547474623 0.298979938
1403637216488318976.000000 0.205613956 4.108869076 6.403321743 -0.558822989 -0.559487820 -0.428688616 0.436939865
1403637216838319104.000000 -0.220290214 3.995397568 6.439760685 -0.552135706 -0.541083395 -0.441341132 0.455623657
1403637217238319104.000000 -0.641278088 3.667750835 6.489873886 -0.576200485 -0.530456126 -0.422173470 0.456485271
1403637217488318976.000000 -0.843488395 3.379216433 6.473258018 -0.588409126 -0.521306753 -0.412322640 0.460439056
1403637217888318976.000000 -1.052798986 2.816255331 6.436533451 -0.520881414 -0.575539649 -0.431635767 0.459485918
1403637218238319104.000000 -1.221753716 2.190356493 6.452965260 -0.493510306 -0.617382705 -0.396496326 0.466987014
1403637218538319104.000000 -1.355171204 1.596750975 6.430556774 -0.487353951 -0.622864544 -0.392727405 0.469351798
1403637218738319104.000000 -1.445407033 1.182239771 6.420528889 -0.493879676 -0.625373065 -0.388703197 0.462494433
1403637218938319104.000000 -1.534098864 0.749518991 6.384765625 -0.492986351 -0.630526006 -0.395794213 0.450276017
1403637220488318976.000000 -2.680020332 -2.567069530 6.455756664 -0.534127891 -0.629571915 -0.351409048 0.441427529
1403637222988318976.000000 -3.795181990 -4.676373959 6.225172520 -0.660593808 -0.507189453 -0.431872904 0.346208960
1403637224188318976.000000 -3.780550957 -4.664770603 6.503804207 -0.635180295 -0.511861086 -0.451327711 0.361728489
1403637226988318976.000000 -4.273099899 -4.769635677 6.443540573 -0.643487394 -0.520629108 -0.433960348 0.355735660
1403637227188318976.000000 -4.338878155 -4.750343323 6.427927494 -0.650177836 -0.504782557 -0.426102698 0.375366449
1403637228088318976.000000 -4.438425064 -4.630644321 6.406208515 -0.635413885 -0.505067229 -0.454502434 0.366856754
1403637229188318976.000000 -4.553561687 -4.643569946 6.419320107 -0.627929688 -0.513391018 -0.460786641 0.360291243
1403637230788318976.000000 -4.620215893 -4.800293446 6.311363220 -0.761062086 -0.280043960 -0.545900285 0.210600778
1403637231038319104.000000 -4.615822315 -4.815684795 6.358324051 -0.801144898 -0.222284406 -0.528436065 0.171790645
1403637231288318976.000000 -4.577783108 -4.847097874 6.334470272 -0.823215365 -0.137939200 -0.537074268 0.121822014
1403637231588318976.000000 -4.492347717 -4.909003735 6.178024769 -0.833976746 -0.011801156 -0.548877656 0.055469785
1403637231988318976.000000 -4.337600231 -5.069182396 5.945031166 0.827192307 -0.123388566 0.546850324 0.038506418
1403637232338319104.000000 -4.162902832 -5.295410156 5.861800671 0.787820995 -0.208016098 0.571378946 0.097947121
1403637232638319104.000000 -4.054329395 -5.549554825 5.847172737 0.770183027 -0.284368217 0.555045545 0.133706495
1403637233038319104.000000 -3.981090546 -5.998970032 5.902133465 0.771138132 -0.358649313 0.498824477 0.167005554
1403637233388318976.000000 -3.894975901 -6.527981281 6.004466534 0.790209353 -0.359480709 0.464305609 0.175394088
1403637235938319104.000000 -0.255897284 -7.252380371 5.113691330 0.803094029 -0.061944343 0.580498695 0.119264834
1403637236238319104.000000 0.153194234 -6.868525505 5.168255329 -0.804592311 -0.006028519 -0.584908187 -0.102359302
1403637239088318976.000000 -1.367402554 -2.908027887 6.781603813 0.865093112 -0.195701107 0.458844393 -0.052695923
1403637239338319104.000000 -1.583795547 -3.343827724 6.874921322 0.851176262 -0.181373179 0.492332727 0.014532132
1403637239638319104.000000 -1.737169623 -4.009151459 6.919839859 0.825972855 -0.232883960 0.509011567 0.066642649
1403637240638319104.000000 -2.065929174 -6.472918034 6.403916359 0.745565772 -0.390958011 0.474149495 0.257809758
1403637240938319104.000000 -2.096081972 -7.190395832 6.316892147 0.730882168 -0.372006685 0.497403502 0.282864273
1403637241238319104.000000 -2.074746847 -7.854769230 6.225430012 0.733701289 -0.361488312 0.501970708 0.281129956
1403637241538319104.000000 -2.008437634 -8.458765984 6.094676018 0.738071799 -0.336703092 0.501286507 0.300986737
1403637241838319104.000000 -1.864719987 -8.956259727 6.029281139 0.725679517 -0.320381135 0.522623539 0.312425733
1403637242188318976.000000 -1.651322126 -9.342696190 6.008936405 0.710427999 -0.327861279 0.543871105 0.303320318
1403637242538319104.000000 -1.459765434 -9.528290749 6.019017220 0.714340031 -0.310411900 0.531346798 0.333216786
1403637242988318976.000000 -1.166878939 -9.416502953 6.045184135 0.720136404 -0.280634671 0.570296764 0.278225631
1403637243288318976.000000 -0.986513436 -9.164679527 6.068447590 0.738091230 -0.273303807 0.556989133 0.265121907
1403637243538319104.000000 -0.842348397 -8.871174812 6.066829205 0.743402183 -0.281807929 0.551716149 0.252085000
1403637243788318976.000000 -0.708298266 -8.532090187 6.078680992 0.751113296 -0.304911286 0.540649712 0.224846005
1403637244088318976.000000 -0.562262893 -8.121232033 6.153061390 0.750698030 -0.326213032 0.536512315 0.205407277
1403637244338319104.000000 -0.462854385 -7.828629017 6.300776482 0.750429511 -0.329359442 0.533376217 0.209493935
1403637244588318976.000000 -0.375006169 -7.563054562 6.470509529 0.765672624 -0.312078238 0.522583604 0.207987830
1403637244888318976.000000 -0.248936698 -7.283718586 6.626990318 0.785279930 -0.272037148 0.519222498 0.199347392
1403637245138319104.000000 -0.108908504 -7.073132515 6.717854023 0.794127405 -0.280315101 0.513796926 0.163700163
1403637245438319104.000000 0.100478828 -6.876988411 6.810336113 0.796200812 -0.266080350 0.513024509 0.179084912
1403637245738319104.000000 0.362532526 -6.724844456 6.854044914 0.805229723 -0.234641999 0.518781841 0.165570647
1403637245988318976.000000 0.611596644 -6.598494530 6.842895985 0.801171601 -0.173653871 0.557136893 0.132540792
1403637246238319104.000000 0.876577735 -6.459178925 6.789119244 0.807427645 -0.083732605 0.579313397 0.073794395
1403637246538319104.000000 1.140822649 -6.273985386 6.704068184 -0.803585172 -0.047808163 -0.593264520 -0.001559761
1403637246838319104.000000 1.375311852 -6.043342590 6.595024109 -0.776549697 -0.156819195 -0.606579602 0.066630810
1403637247138319104.000000 1.472380400 -5.768317699 6.512424946 -0.782234728 -0.219655007 -0.571267009 0.116252400
1403637247588318976.000000 1.532854438 -5.321456432 6.384802341 -0.759898305 -0.221394315 -0.594257057 0.142820492
1403637247938319104.000000 1.454211950 -4.967924595 6.273297787 -0.741582692 -0.264577866 -0.597158849 0.153150544
1403637248238319104.000000 1.270081878 -4.649363518 6.242434025 -0.748444974 -0.299838603 -0.560885727 0.187974080
1403637249988318976.000000 -0.501312256 -2.880763292 6.178843498 -0.744652927 -0.304454595 -0.555098295 0.211341575
1403637252838319104.000000 -2.426687956 -1.618432283 6.497644424 -0.713329375 -0.414673895 -0.470066547 0.313439518
1403637253838319104.000000 -2.567965984 -1.782069087 6.463886261 -0.693957567 -0.418083102 -0.502871156 0.301247597
1403637254788318976.000000 -2.805443525 -2.056336641 6.636296272 -0.675385654 -0.454496443 -0.486533642 0.317131430
1403637256038319104.000000 -3.329228401 -2.478157997 6.667752266 -0.602788508 -0.553651869 -0.430452615 0.380560219
1403637257088318976.000000 -3.927862883 -2.910689592 6.650557041 -0.590340018 -0.564080298 -0.415054232 0.401300460
1403637257388318976.000000 -4.081231117 -3.023779392 6.649225712 -0.573175728 -0.581126153 -0.412612408 0.404367447
1403637257688318976.000000 -4.241585732 -3.130482435 6.676696777 -0.573274851 -0.590644777 -0.400985420 0.402126074
1403637257988318976.000000 -4.420231342 -3.214483976 6.677653313 -0.568474531 -0.607255757 -0.378161699 0.406289220
1403637258288318976.000000 -4.606752872 -3.259141207 6.690342426 -0.527627409 -0.632340312 -0.364477694 0.434639126
1403637258738319104.000000 -4.877278328 -3.286569595 6.628582954 -0.509235978 -0.640364349 -0.345375240 0.459704578
1403637259038319104.000000 -5.021670341 -3.301751852 6.571395397 -0.510901093 -0.634829521 -0.345086455 0.465711236
1403637259488318976.000000 -5.178712368 -3.323863029 6.626175880 -0.518774629 -0.624829888 -0.341466129 0.473139942
1403637259738319104.000000 -5.227999210 -3.334846020 6.631243229 -0.519590318 -0.626185298 -0.343025297 0.469309598
1403637260238319104.000000 -5.244536400 -3.358691931 6.580881596 -0.511929810 -0.633183956 -0.354276657 0.459884971
1403637260688318976.000000 -5.233878613 -3.410254240 6.485381126 -0.510595500 -0.649787486 -0.353465736 0.438326806
1403637261038319104.000000 -5.267633438 -3.430528879 6.408773422 -0.503860772 -0.640035093 -0.360429376 0.454499781
1403637261338319104.000000 -5.307306290 -3.445557356 6.348189354 -0.512307227 -0.649812877 -0.347880602 0.440753520
1403637261638319104.000000 -5.356369972 -3.445981026 6.326061249 -0.516378880 -0.647133708 -0.342506588 0.444139630
1403637261838319104.000000 -5.387166977 -3.431997299 6.334538937 -0.512806952 -0.645385623 -0.348883271 0.445855349
1403637262188318976.000000 -5.437860012 -3.398476124 6.313458443 -0.511416137 -0.630405009 -0.355368972 0.463417739
1403637262738319104.000000 -5.330016613 -3.511094570 6.391774178 -0.532263100 -0.561887145 -0.379950106 0.506573677
1403637263238319104.000000 -4.990693569 -3.849748850 6.408343315 -0.532681048 -0.555499911 -0.380647361 0.512619078
1403637263738319104.000000 -4.471096516 -4.404747486 6.383352757 -0.533232331 -0.555228055 -0.379866779 0.512919486
1403637264238319104.000000 -3.778680801 -5.169736385 6.298186779 -0.534273207 -0.555577636 -0.378682584 0.512333155
1403637264738319104.000000 -2.907639027 -6.139497280 6.165403843 -0.534916759 -0.555649459 -0.378034920 0.512061954
1403637265238319104.000000 -1.855879664 -7.313832760 5.993740082 -0.535628080 -0.555965066 -0.377267092 0.511541843
