#Stereo rect[ms], MP culling[ms], MP creation[ms], LBA[ms], KF culling[ms], Total[ms]
9.212323,0.051713,0.604554,0.014913,0.014913,9.896271
9.844622,0.210435,1.898754,0.004544,0.004544,11.962067
9.615945,0.250341,6.698326,0.354758,0.354758,36.939690
10.713501,0.445064,15.483952,0.690252,0.690252,63.830660
11.036226,0.420263,15.589331,0.805135,0.805135,58.351716
11.689454,0.351878,15.774838,1.278583,1.278583,68.396373
10.922817,0.557482,17.115181,0.759214,0.759214,69.202692
11.235462,0.406215,16.902762,1.103636,1.103636,70.111315
12.039540,0.332838,28.463158,1.360696,1.360696,85.301727
12.719424,0.473449,41.583036,36.786152,36.786152,136.309602
10.024017,0.497160,28.103535,1.386425,1.386425,84.125002
13.054566,0.486217,30.198548,1.704927,1.704927,87.339395
12.935044,0.400199,29.062144,2.043844,2.043844,93.160169
13.771635,0.390374,26.284176,2.716240,2.716240,98.393989
14.413021,0.389895,46.164142,2.549485,2.549485,127.029085
14.847462,0.392551,44.122121,2.370666,2.370666,124.352687
16.638213,0.614411,43.504254,2.526157,2.526157,131.026340
16.034875,0.474696,37.728985,2.699343,2.699343,120.862962
12.781249,0.320069,32.304186,2.964245,2.964245,113.936183
16.951466,0.282725,38.279554,3.343355,3.343355,236.620552
13.880149,0.314757,34.762469,3.489662,3.489662,115.389073
16.481507,0.469608,44.496784,4.698099,4.698099,145.566917
19.065136,0.349638,42.236200,4.611122,4.611122,137.355188
18.265474,0.413703,37.507733,4.722100,4.722100,133.434479
17.567733,0.325766,40.559114,4.767124,4.767124,136.458852
18.953070,0.329126,51.759311,4.808404,4.808404,156.182335
17.735096,0.405383,58.656041,3.907781,3.907781,157.559671
19.923327,0.495464,52.316474,4.486831,4.486831,201.735521
19.948735,0.589707,47.164287,5.453632,5.453632,158.812782
18.710762,0.436039,44.834102,6.427698,6.427698,166.919837
17.062989,0.345990,40.364935,6.077835,6.077835,155.495187
12.697472,0.257316,30.689213,7.118493,7.118493,136.318497
11.457450,0.362246,25.144219,6.590228,6.590228,124.834391
11.934258,1.210901,34.648131,4.603729,4.603729,144.488945
14.305788,0.477672,46.133837,7.229951,7.229951,156.676168
14.680707,0.425319,46.519508,7.683271,7.683271,171.942133
15.509745,0.440840,42.784401,4.221643,4.221643,149.811663
15.427792,0.416839,47.155551,5.858151,5.858151,158.722988
15.308365,0.538570,52.638719,5.344094,5.344094,164.537202
10.793662,0.497449,43.516542,3.977766,3.977766,147.781035
10.665532,0.657836,46.060555,5.555874,5.555874,156.874508
13.469134,0.752269,45.425952,6.187437,6.187437,160.220583
14.405725,0.606219,43.707106,4.163593,4.163593,153.213867
15.024072,0.597195,48.368948,5.105178,5.105178,173.157578
12.395354,0.553642,47.867915,6.007082,6.007082,153.233803
12.552957,0.441832,41.313912,5.376286,5.376286,147.388676
15.067561,0.553034,41.711583,6.359120,6.359120,153.464655
13.142759,0.425832,42.709296,4.058119,4.058119,138.183554
16.086011,0.472456,35.852056,7.018172,7.018172,161.557950
16.035323,0.440136,47.366946,4.123881,4.123881,150.195158
16.596164,0.339910,44.789397,4.258283,4.258283,149.799663
16.483298,0.467528,51.007331,6.433745,6.433745,165.985355
12.571614,0.415591,30.414104,3.906596,3.906596,131.384138
15.486192,0.522666,37.709656,5.759782,5.759782,146.423827
15.921561,0.516393,45.679588,4.133833,4.133833,174.263038
16.569188,0.374663,46.442002,4.465550,4.465550,158.488776
13.032966,0.422887,52.871843,4.550416,4.550416,177.292147
12.851619,0.544745,45.858248,7.145470,7.145470,269.130661
11.843664,0.522346,34.280923,4.748180,4.748180,138.710091
13.349548,0.406183,49.474919,6.202957,6.202957,163.480448
15.776405,0.493513,44.023976,6.193357,6.193357,174.517858
14.488127,0.751534,51.683630,6.804184,6.804184,165.011995
14.626497,0.620203,45.934505,5.886152,5.886152,161.052853
14.423294,1.031442,53.243914,7.309377,7.309377,171.484941
14.583681,0.742093,54.300572,6.099116,6.099116,171.887444
14.492000,1.062482,43.453342,7.344385,7.344385,165.319040
14.695522,0.858896,49.405414,7.276640,7.276640,165.574116
14.308060,0.807854,56.940971,6.719735,6.719735,143.437727
13.579536,0.761133,52.899300,7.518532,7.518532,139.873856
13.084711,0.774893,44.468719,6.917722,6.917722,149.050818
9.916814,0.596523,37.397587,6.738743,6.738743,103.028951
9.248579,0.427751,33.028070,5.016569,5.016569,134.752710
12.960260,0.521545,41.733023,6.073515,6.073515,144.769014
13.318539,0.477481,41.653277,6.043178,6.043178,144.683925
13.708529,0.507433,40.645612,5.405599,5.405599,144.357422
13.760562,0.568010,43.671617,7.280928,7.280928,144.900568
14.026711,0.660300,52.860419,5.956745,5.956745,161.525406
11.102083,0.564362,38.907694,6.626389,6.626389,136.309953
14.760964,0.721421,50.416344,7.131805,7.131805,155.979228
12.048564,0.639532,41.890433,5.108090,5.108090,150.620349
9.586697,0.580330,29.473767,7.299745,7.299745,126.260688
10.401143,0.549418,37.778041,5.576706,5.576706,133.576241
11.212262,0.493960,39.280372,6.745623,6.745623,135.522131
12.304472,0.589931,51.504267,5.526401,5.526401,152.863588
12.420379,0.526249,48.905118,6.605076,6.605076,150.163701
14.514943,0.716557,65.262910,5.522338,5.522338,167.072447
15.333198,0.642636,66.279631,8.123183,8.123183,184.134284
15.450288,0.565130,55.049514,4.390061,4.390061,159.928193
11.687662,0.599594,47.363842,7.068957,7.068957,155.952379
15.838199,0.702381,52.745025,8.066030,8.066030,166.176879
12.050420,0.567978,52.087382,4.182633,4.182633,158.935983
12.267384,0.539786,54.666019,9.306467,9.306467,166.235312
15.433648,0.635372,57.378962,4.245099,4.245099,168.569306
15.058953,0.458120,51.813873,6.729143,6.729143,164.470193
11.040930,0.483369,38.500838,6.024714,6.024714,144.674804
11.371304,0.356551,33.745106,6.481394,6.481394,138.582697
12.842882,0.453224,45.241117,6.955418,6.955418,160.838417
10.423704,0.252100,35.206668,4.959895,4.959895,140.073763
12.629887,0.250564,44.156170,7.643398,7.643398,167.155424
8.230257,0.177571,25.139995,4.343340,4.343340,137.868924
11.612684,0.188836,30.160243,8.067982,8.067982,137.874300
12.698304,0.180547,34.004215,5.270237,5.270237,144.764822
12.888131,0.186659,36.832137,8.207088,8.207088,157.093551
12.703519,0.181444,35.972121,4.516623,4.516623,155.237198
13.198857,0.156994,34.457823,5.596771,5.596771,159.307830
13.657265,0.132130,31.796528,5.146491,5.146491,156.133599
13.820020,0.118882,29.691659,5.127578,5.127578,155.835321
14.550112,0.081026,26.919866,6.983867,6.983867,157.958654
15.223916,0.079426,21.365560,5.841767,5.841767,164.323119
15.652820,0.072897,22.638863,5.884264,5.884264,159.615228
16.287519,0.069217,23.055575,9.184162,9.184162,161.060533
16.587460,0.060865,24.158666,9.277828,9.277828,169.275014
17.292209,0.365030,14.691939,7.002459,7.002459,151.691664
17.732344,0.080194,23.869540,6.150348,6.150348,158.467559
17.214991,0.099042,25.458976,7.873227,7.873227,160.200230
12.755328,0.074498,14.956743,7.954476,7.954476,127.171936
19.035536,0.103361,21.774048,9.587977,9.587977,147.501414
19.051600,0.137410,24.380077,10.895072,10.895072,160.337160
18.765739,0.081953,24.312012,8.247665,8.247665,153.248907
19.755900,0.089025,24.960920,8.147055,8.147055,152.527422
20.111650,0.113922,24.411534,10.928673,10.928673,199.176244
17.522196,0.117634,22.967445,7.981261,7.981261,158.074112
21.112340,0.102593,26.308240,8.135568,8.135568,156.172191
21.061555,0.109506,25.222748,9.415750,9.415750,156.482980
21.756767,0.116610,23.153816,11.038691,11.038691,154.442432
21.864193,0.093089,26.762616,10.892255,10.892255,180.248838
20.446728,0.097057,14.434527,11.162596,11.162596,137.894908
22.504172,0.093602,27.447971,11.117668,11.117668,160.109764
21.451034,0.121154,25.020953,9.586537,9.586537,161.337850
23.446877,0.092193,24.550865,11.123524,11.123524,151.089381
22.862035,0.087522,21.101459,9.671594,9.671594,141.621055
23.714369,0.100738,27.533989,11.508298,11.508298,156.063613
22.523981,0.101570,26.962299,7.489571,7.489571,162.785043
22.704240,0.124226,28.083919,10.673052,10.673052,159.976194
22.760753,0.121410,25.448704,10.209396,10.209396,154.471713
21.679806,0.145475,28.505238,8.541142,8.541142,159.043154
21.981411,0.108386,28.412724,8.965982,8.965982,149.206180
19.249427,0.186532,25.372511,9.967407,9.967407,113.043271
11.602669,0.132834,17.421331,11.687438,11.687438,117.000109
16.233182,0.260261,21.200437,9.369285,9.369285,108.662458
15.200908,0.350310,27.189503,8.679321,8.679321,111.922803
16.618533,0.373670,39.288596,10.010001,10.010001,160.601453
14.310012,0.477256,51.852209,9.863981,9.863981,164.853143
17.420019,0.440839,62.560526,10.199700,10.199700,166.988285
19.968320,0.631787,78.927150,9.476647,9.476647,194.345535
14.114936,0.683884,64.052009,9.911823,9.911823,171.900212
18.262241,0.817551,67.893484,9.387238,9.387238,199.447961
12.797666,0.703212,56.748904,9.434598,9.434598,170.042483
18.464677,0.794414,59.315029,8.778618,8.778618,192.422525
17.883067,0.797902,67.646888,9.335140,9.335140,187.406501
13.042629,0.591947,66.407121,9.261123,9.261123,195.172557
12.540381,0.633003,56.893002,7.392258,7.392258,184.797399
17.424787,0.856527,64.233259,8.561495,8.561495,202.471310
17.348849,0.716045,67.722921,9.497895,9.497895,205.313600
12.372730,0.643980,57.148398,9.963632,9.963632,189.247046
17.555445,0.817039,63.203737,9.062335,9.062335,207.089343
17.337426,0.777165,63.593728,8.783931,8.783931,211.011205
16.789992,0.728845,66.160845,9.184994,9.184994,214.256382
17.342865,0.772334,66.136621,9.278787,9.278787,223.859815
11.764687,0.634827,47.190016,8.691289,8.691289,200.124389
17.076076,0.819983,61.583261,10.219412,10.219412,223.351838
17.379186,0.714604,64.176555,10.326934,10.326934,237.547543
14.368254,0.685388,40.087298,10.511097,10.511097,207.608265
16.007898,0.562250,43.579935,10.835935,10.835935,215.693367
18.479205,0.721389,58.003550,10.972993,10.972993,239.716158
18.293410,0.774414,58.584392,14.661346,14.661346,246.370707
13.019141,0.575914,36.339392,13.746770,13.746770,213.882135
17.748280,0.725101,53.322923,11.332520,11.332520,242.571120
17.806809,0.756238,61.196790,11.395785,11.395785,252.192570
17.970973,0.854351,54.910631,14.032696,14.032696,256.553511
18.408580,0.809486,55.147532,11.225798,11.225798,246.965118
18.960942,0.819630,54.552449,11.430665,11.430665,245.977036
18.255681,0.732109,64.852534,10.005936,10.005936,262.385517
14.958728,0.648331,42.730257,11.205733,11.205733,231.115431
14.254491,0.603627,41.488154,9.561288,9.561288,229.671981
18.503878,0.751405,59.966336,9.100448,9.100448,256.709705
18.743275,0.749773,65.055034,14.122041,14.122041,275.976605
18.981198,0.733549,69.090625,9.562121,9.562121,275.817242
11.577228,0.602186,46.776664,8.997823,8.997823,247.939055
12.105046,0.605418,48.425781,9.007967,9.007967,261.092759
18.607272,0.863535,56.658054,11.022466,11.022466,288.814047
15.744245,0.624011,41.886594,9.654506,9.654506,237.891070
19.543064,0.792430,58.096543,12.687359,12.687359,281.927813
19.984704,0.748685,66.081324,10.970817,10.970817,281.566783
20.659404,0.711468,58.948591,12.918340,12.918340,281.324315
20.294726,0.788238,62.283977,11.214501,11.214501,269.425130
20.315942,0.824782,68.189073,13.503566,13.503566,281.693793
10.257525,0.493385,29.444550,13.189640,13.189640,221.483133
19.669531,0.765741,65.652356,12.496124,12.496124,283.204668
20.988658,0.853743,63.101495,10.477753,10.477753,288.144627
20.977041,0.790766,62.914356,12.402299,12.402299,273.674964
20.413416,0.865263,57.363570,17.239504,17.239504,277.691451
12.635646,0.629676,33.110023,18.061439,18.061439,230.275672
20.389671,0.725069,56.597925,16.020315,16.020315,266.679417
14.872774,0.747213,57.454772,14.031319,14.031319,265.326913
13.245257,0.503785,36.507875,16.598916,16.598916,234.688517
21.966531,0.701260,56.537188,14.500320,14.500320,280.315113
21.008306,0.821806,64.630579,14.516800,14.516800,282.663282
22.060997,0.664396,65.387551,18.513286,18.513286,290.981413
23.012854,0.730509,63.578463,16.220094,16.220094,288.563547
15.705364,0.655564,51.256295,15.006024,15.006024,256.539718
18.995182,0.502217,51.183846,16.727750,16.727750,256.904140
25.924233,0.656235,64.686387,16.473539,16.473539,294.315808
18.019838,0.542217,43.581120,18.243649,18.243649,251.237481
24.964568,0.596650,71.757808,16.365185,16.365185,293.916057
24.317933,0.556298,65.373407,19.625946,19.625946,290.552446
23.366459,0.583914,62.773458,18.632744,18.632744,286.930525
23.474686,0.606603,69.568265,13.959894,13.959894,286.952510
25.572194,0.521865,67.385571,13.982711,13.982711,293.771062
20.758670,0.682604,57.719928,19.639130,19.639130,274.342912
22.995317,0.582666,51.241319,15.320237,15.320237,275.081165
18.258113,0.711853,57.531285,14.982568,14.982568,269.378984
18.387364,0.713901,62.418859,14.912966,14.912966,294.125596
23.821028,0.831311,62.955348,15.160427,15.160427,282.687955
22.480172,0.810383,64.749076,13.063687,13.063687,287.374182
21.086355,0.813551,49.703819,15.628596,15.628596,290.917668
20.854639,0.939729,58.274114,18.966030,18.966030,278.111202
20.358823,0.883695,57.735641,17.628822,17.628822,283.111418
19.682043,0.886672,59.685243,17.174990,17.174990,275.903675
19.593561,0.910352,53.323371,15.877112,15.877112,272.677346
19.953248,0.951217,50.702012,17.261520,17.261520,279.764383
19.793916,0.812815,59.167986,15.956473,15.956473,281.657024
19.757564,0.756077,59.447223,17.065997,17.065997,282.585585
13.576847,0.669516,52.439771,17.724344,17.724344,259.631676
15.063242,0.720300,54.140634,11.499754,11.499754,260.512428
14.108441,0.869711,55.992410,16.185821,16.185821,264.380528
16.729063,0.861999,60.928497,16.243326,16.243326,275.611638
20.441192,0.857871,60.250981,12.500317,12.500317,276.869100
16.926218,0.839951,58.403973,10.842559,10.842559,266.912157
16.109564,0.817198,57.120622,11.189541,11.189541,265.992461
22.174438,0.768206,60.086434,16.428705,16.428705,282.057031
14.519872,0.705004,55.021481,15.799734,15.799734,261.047318
14.958983,0.561514,47.962733,14.944679,14.944679,251.672752
17.830586,0.823855,51.941778,13.884693,13.884693,274.464290
17.869819,0.799022,60.233797,16.377152,16.377152,299.327799
19.042191,0.813519,60.480681,16.160221,16.160221,278.858479
18.782794,0.737741,56.770824,16.561539,16.561539,279.230357
18.460965,0.753358,53.534094,16.581956,16.581956,276.678793
12.277272,0.474056,36.540196,15.873752,15.873752,230.941123
14.850245,0.883120,58.457925,13.705073,13.705073,260.489643
18.240545,0.667628,60.905297,15.763382,15.763382,280.484524
12.387546,0.501513,33.314891,16.434241,16.434241,223.986057
9.659691,0.329893,26.294543,16.611652,16.611652,213.390830
18.658249,0.654379,61.846466,16.544612,16.544612,284.799320
17.908476,0.628331,57.561590,13.035237,13.035237,271.743474
18.247010,0.611562,53.166761,14.696867,14.696867,250.350937
17.929436,0.528745,56.422658,15.190476,15.190476,255.271664
17.516757,0.679980,55.328622,13.179464,13.179464,272.002423
17.455763,0.633515,58.578568,9.959023,9.959023,276.228672
13.146375,0.468265,43.331515,11.327336,11.327336,225.761832
8.705401,0.458024,27.007484,14.359837,14.359837,206.059597
16.440193,0.726157,49.383622,10.032849,10.032849,236.629991
15.578291,0.842863,60.659404,14.416478,14.416478,271.954326
11.294375,0.659916,46.055179,12.166422,12.166422,231.749297
12.171511,0.666379,45.948554,8.473301,8.473301,227.182881
14.978728,0.788910,52.737057,13.150280,13.150280,239.069395
14.299260,0.799374,49.360517,9.881966,9.881966,231.794514
13.762034,0.747918,48.683481,12.660959,12.660959,226.182191
9.543880,0.743501,39.284212,11.500171,11.500171,212.175545
9.448199,0.649931,44.703571,12.000243,12.000243,215.226446
8.501942,0.737069,23.437597,12.555645,12.555645,189.214020
14.589057,1.039763,54.583265,12.735360,12.735360,225.328128
15.288173,0.962289,54.887655,11.227974,11.227974,224.270798
15.815990,0.778830,56.989964,12.645535,12.645535,230.603037
16.623269,0.846159,59.767420,9.740780,9.740780,231.374219
17.239120,0.742701,56.878282,13.450860,13.450860,230.668190
13.115975,0.539850,40.459048,9.620297,9.620297,202.693970
13.259242,0.692236,50.131475,8.054702,8.054702,218.332261
13.283434,0.723213,51.971827,11.434441,11.434441,222.101319
13.514222,0.808142,49.427367,10.213332,10.213332,222.533743
19.232563,0.632651,54.355101,8.685657,8.685657,232.412797
19.921887,0.854287,68.141616,8.979710,8.979710,255.401073
13.277001,0.546922,43.692929,11.477675,11.477675,217.826684
11.482219,0.392615,34.023223,11.751279,11.751279,206.590487
14.051351,0.519785,45.391136,15.144555,15.144555,225.498627
19.447030,0.705069,52.210807,14.211835,14.211835,235.866746
19.718395,0.696845,58.506054,11.278311,11.278311,246.212240
19.670746,0.747117,65.483777,11.381608,11.381608,274.321758
14.070648,0.626635,41.568284,13.471501,13.471501,218.383078
10.383511,0.366310,33.697137,13.053734,13.053734,209.730189
10.655195,0.526474,33.909685,14.246651,14.246651,209.221188
10.916416,0.550410,34.995208,11.691470,11.691470,210.984580
11.458154,0.494024,37.398963,17.298544,17.298544,216.503780
10.068657,0.508585,32.968965,13.341387,13.341387,216.637095
9.771052,0.445864,30.692925,18.095327,18.095327,211.550382
10.373686,0.574442,33.058279,12.404922,12.404922,216.223423
9.713643,0.509225,34.327037,15.581426,15.581426,220.026883
9.820781,0.520393,32.321529,12.614814,12.614814,217.074671
17.865146,0.797134,52.585886,15.810839,15.810839,254.125595
14.162106,0.428231,41.356408,13.881844,13.881844,229.427080
12.706143,0.438888,38.843372,12.558685,12.558685,227.081342
10.650076,0.414503,35.444624,15.825463,15.825463,227.446086
12.884867,0.523210,41.044402,12.653759,12.653759,230.054100
17.294097,0.591658,50.548891,16.566179,16.566179,251.836179
20.031776,0.743150,56.617957,12.977861,12.977861,254.301278
13.018949,0.582954,40.739214,18.640840,18.640840,236.388642
21.407001,0.631467,62.722769,14.224539,14.224539,270.391450
14.043159,0.827151,48.549975,13.037798,13.037798,250.865058
13.652144,0.577610,53.920982,12.181687,12.181687,252.858469
9.565768,0.536522,31.370888,14.723491,14.723491,226.213903
15.009544,0.910768,60.886865,13.009254,13.009254,263.807494
18.502278,0.777774,54.890118,15.599410,15.599410,259.299158
18.610632,0.638859,69.137570,17.298192,17.298192,283.020856
19.486487,0.784174,62.952277,19.591674,19.591674,287.582665
19.294228,0.674124,60.614315,20.391367,20.391367,273.788981
10.898528,0.592586,33.971542,18.677065,18.677065,234.488225
18.245569,0.776686,71.446506,16.317535,16.317535,291.957045
18.195680,0.895760,67.555846,17.898811,17.898811,301.768130
18.806667,0.828526,68.363956,21.348504,21.348504,307.228546
19.115728,0.769134,70.260565,21.724254,21.724254,291.803634
19.891198,0.659884,67.916876,18.139680,18.139680,287.739403
20.293830,0.647851,69.407302,16.190493,16.190493,288.587418
20.417736,0.564874,55.528369,14.154105,14.154105,295.230351
20.884336,0.616139,57.877307,18.128031,18.128031,298.398983
18.719817,0.803406,55.155436,17.097421,17.097421,293.982169
17.965212,0.787918,60.620811,17.034060,17.034060,296.093886
16.021659,0.913392,54.773156,13.031174,13.031174,288.387351
15.084330,1.085331,55.053769,15.365934,15.365934,277.701594
10.505849,0.601899,43.256314,18.139231,18.139231,258.480904
10.815486,0.840335,47.395619,18.117055,18.117055,262.859509
16.025210,0.982898,63.368956,13.045414,13.045414,297.924831
16.666821,0.827887,63.216537,19.116593,19.116593,303.144282
11.594412,0.589930,40.243877,19.085456,19.085456,256.261184
14.208091,0.687500,45.154043,14.843494,14.843494,268.441912
16.447266,0.841198,56.711879,20.617899,20.617899,295.569589
15.171179,0.690700,50.641500,18.460069,18.460069,294.076955
15.065897,1.087923,53.414445,16.796136,16.796136,288.099857
15.703701,1.136148,64.284204,15.873112,15.873112,291.503918
15.771510,1.090259,64.408303,16.177757,16.177757,293.040777
16.520738,0.960945,65.901481,11.413225,11.413225,291.243816
13.309963,0.895312,65.606147,17.489684,17.489684,294.201469
17.865147,0.868463,67.387011,18.949421,18.949421,298.077825
9.369669,0.451400,34.217499,17.839738,17.839738,252.375357
17.631542,0.905264,66.343600,18.378083,18.378083,304.075530
17.907099,0.861199,65.859592,17.795737,17.795737,300.383818
18.022270,0.737101,62.247880,18.631304,18.631304,297.766300
18.065086,0.998578,66.505523,14.748292,14.748292,305.744168
10.046545,0.429063,32.688096,20.420584,20.420584,253.227947
16.085788,0.572778,45.728517,22.178503,22.178503,271.700593
13.059558,0.607595,39.191570,16.765319,16.765319,257.521207
18.257153,0.650892,52.682783,20.749357,20.749357,299.974402
17.589302,0.490089,52.315033,22.281513,22.281513,297.202930
9.855854,0.648587,30.026641,13.928181,13.928181,236.761545
14.374877,0.656203,42.598190,18.238977,18.238977,249.657708
17.406803,0.680524,58.301826,17.249232,17.249232,278.850159
17.301776,0.646508,47.184671,18.105151,18.105151,245.181405
9.518311,0.403431,29.539817,20.624460,20.624460,219.084658
19.233139,0.671019,62.604367,16.125020,16.125020,291.875092
19.261459,0.563082,54.120473,21.211445,21.211445,264.633140
19.879582,0.690028,60.118275,23.392539,23.392539,297.304596
21.135988,0.614443,63.039574,16.485058,16.485058,285.807145
20.937233,0.707245,53.614672,31.958067,31.958067,270.560253
21.090484,0.688492,57.767033,23.081974,23.081974,270.034547
15.925080,0.534602,51.388361,35.969882,35.969882,272.631713
23.250777,0.607179,59.478327,26.909114,26.909114,280.269415
24.864022,0.434631,70.284406,28.234737,28.234737,321.333370
23.603712,0.525065,71.934227,27.608038,27.608038,323.624195
13.871860,0.392711,45.311966,28.792635,28.792635,258.266724
21.290871,0.630859,60.834799,27.756329,27.756329,291.869299
24.237995,0.591466,65.027705,32.207511,32.207511,319.713822
22.285768,0.510537,61.705983,24.944311,24.944311,319.200276
12.064276,0.374887,39.389173,34.112089,34.112089,267.033118
22.978773,0.591658,66.748919,28.085358,28.085358,324.118219
12.480252,0.375686,37.343858,31.159396,31.159396,269.280101
15.110794,0.428488,42.266760,27.499588,27.499588,303.442399
23.600800,0.573770,76.961803,32.745280,32.745280,328.426103
24.274379,0.570570,60.255429,28.549462,28.549462,306.147214
24.948023,0.643052,72.009812,29.810637,29.810637,322.281867
24.983320,0.569034,70.906496,29.474535,29.474535,317.760635
20.215684,0.559210,70.988482,29.969584,29.969584,321.827651
13.222505,0.412231,40.916208,30.398999,30.398999,307.831788
25.773574,0.544521,68.815772,30.730621,30.730621,335.627478
21.551195,0.603435,59.648026,29.793165,29.793165,329.003329
18.760842,0.616011,57.328273,29.924079,29.924079,322.297963
14.537920,0.380999,47.135358,32.583069,32.583069,318.130338
14.023223,0.418536,46.404529,30.627099,30.627099,309.826832
17.409715,0.537801,67.715080,34.202042,34.202042,334.188156
27.738889,0.705548,80.911025,39.580089,39.580089,382.865430
27.843082,0.622987,78.467366,33.466061,33.466061,348.936032
15.466672,0.423368,53.304778,27.044156,27.044156,306.862683
26.318032,0.788174,77.781337,26.549172,26.549172,342.360493
26.777143,0.640300,74.927207,21.744575,21.744575,333.260300
25.630979,0.740109,71.310920,31.156100,31.156100,338.493800
25.738757,0.781806,69.673674,26.264622,26.264622,330.505275
26.451794,0.841615,79.059088,21.291479,21.291479,356.880204
19.480951,0.569098,54.233051,28.660409,28.660409,300.073604
26.521907,0.729997,66.748695,21.231894,21.231894,321.480413
21.693182,0.583082,54.322301,27.465540,27.465540,308.824670
28.430165,0.713900,71.605325,34.199642,34.199642,338.037504
30.073969,0.690477,75.354958,22.397643,22.397643,339.776223
31.201285,0.748973,75.020585,26.052810,26.052810,343.864902
32.744449,0.588074,80.449289,32.864867,32.864867,358.276677
32.386938,0.617003,68.196497,27.362402,27.362402,335.479155
33.025382,0.606538,77.414899,32.975141,32.975141,351.339563
33.620880,0.641611,68.756667,32.856995,32.856995,343.199643
33.502862,0.567370,70.002960,35.350382,35.350382,347.813516
33.842996,0.563882,89.793261,31.286983,31.286983,367.287939
34.291803,0.504041,84.591730,34.996520,34.996520,365.999692
26.561204,0.509673,76.197757,40.731053,40.731053,355.857210
17.737880,0.310949,52.517117,39.846781,39.846781,344.095978
29.913423,0.458952,64.233771,41.986435,41.986435,350.466043
34.642466,0.404551,92.118614,34.794149,34.794149,418.551914
32.655199,0.351174,76.038459,42.633007,42.633007,373.193131
35.256172,0.478569,79.070576,37.079052,37.079052,375.913115
35.250029,0.454728,81.447994,32.022804,32.022804,382.774388
25.865095,0.463689,77.929564,36.680518,36.680518,379.796575
35.669396,0.451624,90.367479,41.217910,41.217910,422.903223
31.596332,0.499049,79.656219,36.916266,36.916266,389.993907
15.685812,0.349254,50.972705,33.190761,33.190761,348.893823
32.141942,0.644043,85.836647,39.554137,39.554137,404.045546
32.715520,0.635724,76.365024,36.527460,36.527460,419.381785
33.002565,0.597643,70.745245,32.175286,32.175286,383.819878
34.177146,0.557450,79.218194,34.232667,34.232667,409.349736
34.398653,0.451112,75.137099,36.424193,36.424193,395.876186
22.052165,0.383206,56.820745,37.036620,37.036620,364.028682
22.815730,0.389287,56.354656,35.291694,35.291694,361.461405
32.883555,0.533002,76.239486,35.769334,35.769334,391.129095
24.414222,0.384455,70.248949,43.247481,43.247481,389.042882
32.818946,0.537577,79.042736,44.111625,44.111625,407.544136
15.564978,0.314053,46.081004,36.642694,36.642694,364.566675
31.183333,0.585995,76.406337,37.518325,37.518325,395.428243
31.122820,0.624619,76.665574,35.040969,35.040969,391.326250
27.852523,0.476712,66.176717,44.344781,44.344781,409.776015
25.439072,0.442824,49.961455,36.389408,36.389408,349.771054
18.171840,0.559786,49.763724,40.227620,40.227620,346.800986
27.456996,0.598730,58.579560,41.459994,41.459994,363.384798
16.982475,0.385191,42.783409,40.590347,40.590347,328.911487
21.321464,0.416871,54.431326,40.153379,40.153379,340.769520
16.614532,0.370631,46.770903,33.890324,33.890324,325.531523
25.685604,0.701965,76.283455,41.000754,41.000754,367.350148
26.208237,0.592491,71.256583,28.167952,28.167952,349.841520
25.692196,0.447176,69.019135,37.158030,37.158030,348.106705
14.451006,0.326342,38.974478,35.125226,35.125226,318.088353
17.481428,0.432296,46.462546,31.074339,31.074339,318.884815
15.826999,0.449544,46.475314,35.736181,35.736181,303.626978
16.557859,0.390343,45.436160,30.775390,30.775390,292.062646
10.955361,0.233732,29.198082,21.671934,21.671934,253.072328
22.854675,0.257540,54.330141,28.174448,28.174448,302.196649
19.983807,0.219972,40.538506,33.340299,33.340299,281.923939
21.271830,0.348710,56.382497,27.308193,27.308193,294.418912
18.239809,0.286981,52.950212,24.733075,24.733075,171.256007
18.503270,0.256036,57.603991,25.086650,25.086650,176.320289
11.226534,0.410631,34.685699,19.200082,19.200082,131.261448
13.160040,0.398311,43.156344,17.752473,17.752473,149.512905
15.084617,0.489449,61.765727,24.488688,24.488688,167.890540
14.311132,0.512009,67.259552,24.884822,24.884822,168.222770
