1403637149738319104.000000 -14.480663300 3.642167330 31.043617249 -0.566336572 -0.573035538 -0.385126770 0.450078368
1403637151338319104.000000 -14.279558182 3.953974009 31.337457657 -0.570836782 -0.579282343 -0.404609412 0.418172926
1403637153838319104.000000 -13.875792503 4.498533249 31.655193329 -0.569220960 -0.588425279 -0.398623109 0.413331479
1403637156638319104.000000 -13.016469955 5.496461868 31.455360413 -0.746559560 -0.327989787 -0.508140624 0.277244866
1403637156938319104.000000 -12.815097809 5.522319317 31.357093811 -0.765907049 -0.296435416 -0.523733675 0.226308361
1403637157388318976.000000 -12.483087540 5.540547848 31.215196609 -0.775735676 -0.286785424 -0.513684154 0.228291318
1403637158488318976.000000 -11.386815071 5.364787102 31.261810303 -0.765581548 -0.274233490 -0.537207365 0.223806351
1403637160888318976.000000 -8.677023888 3.807863474 30.948614120 -0.827657759 -0.009539539 -0.561100602 0.007609222
1403637163238319104.000000 -6.931691647 1.597519279 31.137529373 0.768980801 -0.162094027 0.609058619 0.106965348
1403637163438319104.000000 -7.007127285 1.368345261 31.087169647 0.756063521 -0.220146984 0.599689186 0.142394632
1403637164238319104.000000 -7.626338482 0.423664361 31.108730316 0.754182994 -0.296245813 0.568798006 0.141121998
1403637167038319104.000000 -10.320466995 -2.833598375 31.007362366 0.771936834 -0.239452735 0.511846185 0.291186363
1403637168888318976.000000 -9.321613312 -0.822598338 30.575340271 0.777827263 -0.242181778 0.546527982 0.194010168
1403637171688318976.000000 -8.372848511 4.076741695 30.133619308 -0.727077067 -0.289384454 -0.590591848 0.197020084
1403637173238319104.000000 -10.542364120 5.306216717 30.183681488 -0.834128141 -0.173540965 -0.491487980 0.180425212
1403637173688318976.000000 -10.806446075 5.326198101 30.099828720 -0.837264299 -0.062545404 -0.525864244 0.136174217
1403637173938319104.000000 -10.831318855 5.246171474 30.009601593 -0.857046962 -0.013982921 -0.502660334 0.112284198
1403637174238319104.000000 -10.718684196 5.050726891 30.002864838 -0.821096063 -0.029518863 -0.567609608 0.052434053
1403637174688318976.000000 -10.521434784 4.666806221 30.113834381 0.801089823 -0.012878513 0.595188320 -0.061967947
1403637177338319104.000000 -11.814795494 0.640929222 30.207023621 0.838306189 -0.161054090 0.516100228 0.070320271
1403637180238319104.000000 -9.878545761 -0.915161073 29.771505356 0.780445218 -0.217298433 0.554971218 0.188927919
1403637182288318976.000000 -7.579236031 1.675325990 30.275951385 0.752231121 -0.259493113 0.577629089 0.182088688
1403637183888318976.000000 -7.733821869 4.216096878 30.430408478 0.735231459 -0.301142693 0.596551657 0.113463297
1403637184238319104.000000 -8.263725281 4.543127060 30.406389236 0.744394541 -0.308114439 0.582083225 0.110097766
1403637184738319104.000000 -9.175156593 4.777841568 30.270698547 0.786154211 -0.282976151 0.529474854 0.146773547
1403637185038319104.000000 -9.684787750 4.824148178 30.201560974 0.796988785 -0.279656649 0.514336228 0.148524076
1403637185388318976.000000 -10.172317505 4.764752388 30.233575821 0.806789935 -0.277990043 0.498375207 0.153080598
1403637185888318976.000000 -10.659337044 4.520765305 30.438003540 0.787403524 -0.263228625 0.527669907 0.179641306
1403637186188318976.000000 -10.868864059 4.340823174 30.515308380 0.777384698 -0.260216922 0.542696834 0.182866678
1403637186438319104.000000 -11.017502785 4.201053619 30.631406784 0.774856865 -0.260368794 0.546549618 0.181902021
1403637187188318976.000000 -11.458539009 3.756324053 30.882268906 0.764311075 -0.293643087 0.556457579 0.141270623
1403637187488318976.000000 -11.667849541 3.494042158 30.876493454 0.782553673 -0.293426841 0.521990538 0.170400605
1403637187788318976.000000 -11.840810776 3.190581322 30.848131180 0.785530329 -0.302532732 0.511717677 0.171933636
1403637188138319104.000000 -11.975759506 2.762111187 30.788291931 0.785876691 -0.294472069 0.511019349 0.185858086
1403637188538319104.000000 -12.039609909 2.250262260 30.698236465 0.764676690 -0.284506857 0.539778948 0.207278192
1403637191138319104.000000 -12.763253212 -0.747452021 30.503927231 0.744195044 -0.313119113 0.549176931 0.215719715
1403637191938319104.000000 -13.120687485 -1.253079772 30.486391068 0.763097763 -0.299159676 0.519736171 0.240955889
1403637192288318976.000000 -13.195428848 -1.382435918 30.610580444 0.775567174 -0.301342070 0.497211874 0.245904148
1403637192788318976.000000 -13.100747108 -1.502907872 30.769441605 0.774324059 -0.322218746 0.498167336 0.220060274
1403637193138319104.000000 -12.934353828 -1.603999853 30.885419846 0.765731573 -0.329128385 0.512555540 0.206437647
1403637193738319104.000000 -12.576789856 -1.884860992 31.048019409 0.767349243 -0.313372523 0.510893285 0.227949098
1403637193988318976.000000 -12.382802010 -2.031551123 31.127656937 0.765286028 -0.309569478 0.514494658 0.231946513
1403637194588318976.000000 -11.852148056 -2.305784941 31.132432938 0.762165904 -0.312791467 0.518493116 0.228974923
1403637194888318976.000000 -11.547135353 -2.419565201 31.198827744 0.768584013 -0.318648487 0.506997108 0.225157246
1403637197588318976.000000 -8.723784447 -0.878401756 31.174552917 0.797380745 -0.164177686 0.562234104 0.145336196
1403637197788318976.000000 -8.595648766 -0.474080890 31.196201324 0.809970379 -0.085043781 0.571648896 0.099664345
1403637197988318976.000000 -8.492313385 -0.057117052 31.262006760 0.811046243 -0.010444668 0.581214547 0.065455683
1403637198138319104.000000 -8.422429085 0.273605585 31.325611115 -0.809741020 -0.031870812 -0.584648371 -0.038600922
1403637198288318976.000000 -8.363261223 0.622314036 31.409364700 -0.807160258 -0.070919290 -0.585886776 -0.014124173
1403637198488318976.000000 -8.307010651 1.107956648 31.521396637 -0.795384109 -0.116707288 -0.594759643 0.002150886
1403637198688318976.000000 -8.279223442 1.613216996 31.574884415 -0.787428677 -0.135531679 -0.601314545 0.002846661
1403637198888318976.000000 -8.291522026 2.143451214 31.568794250 -0.780012608 -0.131808817 -0.611597002 0.012482428
1403637199088318976.000000 -8.351568222 2.701730728 31.538118362 -0.773233116 -0.120450877 -0.621043801 0.043666251
1403637199388318976.000000 -8.539638519 3.540878773 31.521686554 -0.772417665 -0.158291861 -0.609425783 0.083156034
1403637199588318976.000000 -8.718672752 4.089046955 31.530895233 -0.761451125 -0.202619687 -0.604743719 0.115855373
1403637199838319104.000000 -9.002019882 4.744623184 31.477739334 -0.741133749 -0.241721377 -0.595621526 0.193717673
1403637200038319104.000000 -9.256867409 5.225979328 31.358762741 -0.708079696 -0.271452993 -0.588727176 0.279887050
1403637200188318976.000000 -9.460903168 5.534709930 31.263853073 -0.679942310 -0.313694090 -0.580143690 0.320480645
1403637200338319104.000000 -9.677858353 5.774161339 31.159332275 -0.668151498 -0.370849282 -0.560963452 0.318377733
1403637200538319104.000000 -9.991300583 6.009416580 31.031864166 -0.681420445 -0.415516347 -0.518424690 0.306998610
1403637203088318976.000000 -11.598530769 5.928018570 30.846090317 -0.737267494 -0.355795920 -0.522572517 0.238251746
1403637206038319104.000000 -11.482957840 5.172137737 30.708705902 -0.728366017 -0.366984963 -0.523221552 0.247071356
1403637208138319104.000000 -11.954530716 4.952995300 30.838932037 -0.738025486 -0.353275865 -0.520247042 0.244657993
1403637208688318976.000000 -12.026162148 4.855932713 30.957296371 -0.738296509 -0.346485734 -0.523804426 0.245957181
1403637210738319104.000000 -12.090853691 5.566142082 30.779115677 -0.748989761 -0.420277685 -0.450164348 0.244403601
1403637211038319104.000000 -11.912031174 6.060953140 30.674598694 -0.741791785 -0.395986885 -0.462440640 0.281225950
1403637211588318976.000000 -11.444247246 6.977946281 30.432947159 -0.724606693 -0.386784971 -0.497288108 0.279369235
1403637211838319104.000000 -11.215436935 7.373014450 30.336267471 -0.740223587 -0.385039538 -0.473706186 0.281808823
1403637212138319104.000000 -10.906048775 7.829934120 30.301271439 -0.728475809 -0.385727584 -0.492670655 0.278949708
1403637212388318976.000000 -10.627308846 8.203857422 30.318758011 -0.717413127 -0.381031722 -0.510715961 0.281607002
1403637212638319104.000000 -10.370971680 8.538617134 30.361757278 -0.726462781 -0.382950366 -0.501323342 0.272535592
1403637212938319104.000000 -10.074613571 8.915539742 30.407993317 -0.729483902 -0.391509593 -0.497060478 0.259816289
1403637213238319104.000000 -9.788983345 9.301370621 30.451690674 -0.728990972 -0.392597824 -0.493632048 0.266020000
1403637213538319104.000000 -9.502433777 9.699403763 30.472232819 -0.723415554 -0.391345859 -0.500672460 0.269899100
1403637213788318976.000000 -9.277704239 10.026649475 30.450286865 -0.715820491 -0.405862480 -0.510498166 0.249536127
1403637214088318976.000000 -9.065724373 10.425676346 30.406250000 -0.707700491 -0.409672111 -0.515589297 0.255922884
1403637214388318976.000000 -8.911338806 10.843053818 30.416002274 -0.680149376 -0.432010382 -0.513229847 0.295565724
1403637214888318976.000000 -8.832640648 11.455574036 30.541875839 -0.605208039 -0.513578176 -0.518647969 0.317750007
1403637215188318976.000000 -8.972044945 11.751740456 30.608037949 -0.598232806 -0.510717213 -0.521396399 0.330804080
1403637215488318976.000000 -9.239848137 11.976271629 30.648317337 -0.587038755 -0.505775094 -0.509831905 0.373695642
1403637216038319104.000000 -9.942268372 12.103254318 30.746877670 -0.539817691 -0.591581643 -0.419138104 0.427728117
1403637216588318976.000000 -10.649198532 11.954601288 30.866718292 -0.510130465 -0.601592064 -0.392731607 0.472880274
1403637216888318976.000000 -10.972846031 11.760312080 30.886953354 -0.505038619 -0.585280120 -0.406300843 0.487137467
1403637217238319104.000000 -11.286043167 11.415520668 30.930679321 -0.531962097 -0.577081323 -0.382843792 0.487261772
1403637217788318976.000000 -11.544398308 10.682132721 30.886795044 -0.494825631 -0.598934352 -0.397516161 0.488268614
1403637218038319104.000000 -11.597620010 10.259392738 30.886369705 -0.452504545 -0.640235305 -0.376871109 0.493261069
1403637218288318976.000000 -11.640159607 9.779128075 30.896112442 -0.440387338 -0.659907520 -0.354728490 0.494720995
1403637218588318976.000000 -11.672291756 9.155113220 30.867366791 -0.436695248 -0.661747098 -0.352783591 0.496922344
1403637218838319104.000000 -11.696775436 8.604733467 30.862634659 -0.444027126 -0.666545153 -0.350408405 0.485563129
1403637219088318976.000000 -11.729515076 8.031698227 30.798231125 -0.438506663 -0.673701465 -0.363638729 0.470749617
1403637219288318976.000000 -11.772253036 7.561829090 30.732957840 -0.440711707 -0.673439622 -0.362783760 0.469723552
1403637219488318976.000000 -11.831457138 7.084390640 30.692461014 -0.450261265 -0.675966442 -0.352575600 0.464784652
1403637219688318976.000000 -11.903078079 6.608100414 30.683719635 -0.464428276 -0.686188281 -0.335523576 0.448191822
1403637219988318976.000000 -12.046426773 5.941195011 30.730125427 -0.471627027 -0.690070331 -0.327374816 0.440677583
1403637220388318976.000000 -12.280839920 5.159360409 30.875913620 -0.480040967 -0.679789126 -0.317124277 0.454840243
1403637220938319104.000000 -12.600856781 4.259100437 31.060476303 -0.485191554 -0.671998858 -0.315223575 0.462213010
1403637223688318976.000000 -13.076495171 2.648910999 30.927900314 -0.595894754 -0.565520883 -0.415164679 0.390811861
1403637225738319104.000000 -13.189254761 2.686992645 30.774963379 -0.587009430 -0.567869723 -0.423104405 0.392334908
1403637226188318976.000000 -13.296134949 2.630807638 30.878097534 -0.583164334 -0.565055311 -0.427224159 0.397632360
1403637227038319104.000000 -13.574873924 2.530427456 30.898885727 -0.602431893 -0.568454087 -0.401263893 0.391053945
1403637227788318976.000000 -13.734644890 2.595612288 30.888504028 -0.609798372 -0.558489084 -0.401007414 0.394244730
1403637228588318976.000000 -13.773799896 2.671023130 30.823062897 -0.580000460 -0.559361875 -0.436074823 0.400690049
1403637229388318976.000000 -13.888415337 2.573542118 30.841793060 -0.592949152 -0.558138728 -0.431746274 0.387927473
1403637229938319104.000000 -13.943248749 2.441254377 30.786510468 -0.684589505 -0.461660832 -0.465310365 0.318892986
1403637230238319104.000000 -13.939523697 2.406974077 30.763132095 -0.724633992 -0.403519720 -0.488865465 0.270348072
1403637230788318976.000000 -13.970808029 2.420281410 30.899482727 -0.738353550 -0.341593176 -0.526484251 0.246905848
1403637231088318976.000000 -13.984613419 2.404127121 30.960826874 -0.788961828 -0.271960735 -0.514785707 0.196398005
1403637231338319104.000000 -13.929147720 2.376195431 30.905992508 -0.814004421 -0.183434293 -0.531300068 0.146522731
1403637231638319104.000000 -13.839922905 2.339204788 30.744033813 -0.832480013 -0.056572590 -0.545657992 0.077678837
1403637231938319104.000000 -13.669187546 2.214043856 30.584241867 0.834425509 -0.046125274 0.549127936 -0.008073425
1403637232288318976.000000 -13.413314819 1.990804076 30.516403198 0.802962720 -0.140501156 0.577289701 0.047401391
1403637232538319104.000000 -13.257122040 1.784105182 30.525274277 0.788140237 -0.196651787 0.576287746 0.089752436
1403637232838319104.000000 -13.127203941 1.478652358 30.540475845 0.785111547 -0.282461375 0.539971530 0.110663027
1403637233188318976.000000 -12.998024940 1.014036059 30.633876801 0.800591528 -0.303570211 0.496486902 0.142825603
1403637233538319104.000000 -12.781521797 0.423879713 30.675661087 0.817651153 -0.282585084 0.475196034 0.160564795
1403637233888318976.000000 -12.408835411 -0.200430527 30.593198776 0.797133625 -0.195709974 0.509230316 0.258766353
1403637234188318976.000000 -11.963529587 -0.565685749 30.470252991 0.787471533 -0.169050053 0.515090525 0.293244988
1403637235688318976.000000 -9.389917374 0.207455218 29.792747498 0.820409298 -0.071251683 0.562459648 0.074100189
1403637235988318976.000000 -8.986946106 0.566671968 29.825822830 -0.803375661 -0.002773125 -0.589974821 -0.080683157
1403637236288318976.000000 -8.635097504 1.037159920 29.912855148 -0.801795840 -0.067702569 -0.590915918 -0.057951193
1403637236588318976.000000 -8.338840485 1.651680946 30.059391022 -0.798413992 -0.100890093 -0.593562424 -0.006320886
1403637239138319104.000000 -10.755240440 4.614295959 31.532165527 0.875327528 -0.132105395 0.459903479 -0.069560640
1403637239438319104.000000 -10.914159775 4.010427475 31.635904312 0.853343248 -0.138350189 0.502637982 -0.004431878
1403637239738319104.000000 -10.965784073 3.291057587 31.632472992 0.827038586 -0.197729483 0.523233593 0.056008529
1403637240038319104.000000 -10.959657669 2.518309593 31.502767563 0.777859867 -0.248202160 0.558446229 0.146517724
1403637240338319104.000000 -10.969093323 1.762832761 31.309026718 0.758356035 -0.317067981 0.533086836 0.200455919
1403637240638319104.000000 -10.975855827 1.024315238 31.137210846 0.768897831 -0.342501432 0.491243362 0.223983914
1403637240938319104.000000 -10.909206390 0.304259837 31.055797577 0.754095852 -0.323132455 0.514742076 0.248928964
1403637241238319104.000000 -10.793692589 -0.375665069 30.967893600 0.756792486 -0.312431008 0.518526733 0.246539935
1403637241538319104.000000 -10.644964218 -0.978496969 30.847661972 0.760221660 -0.287510097 0.518255174 0.266106635
1403637241838319104.000000 -10.437312126 -1.459885120 30.779508591 0.746850789 -0.271318913 0.540403903 0.276701331
1403637242138319104.000000 -10.207196236 -1.777126431 30.757768631 0.729820371 -0.281083673 0.565016866 0.262888253
1403637242438319104.000000 -10.015999794 -1.950278997 30.775739670 0.736750543 -0.267199069 0.549045026 0.290435880
1403637242738319104.000000 -9.823772430 -1.952746868 30.776557922 0.738900721 -0.249000430 0.561643183 0.276733518
1403637243038319104.000000 -9.641641617 -1.777406216 30.822225571 0.741408169 -0.227940455 0.584119737 0.239084348
1403637243338319104.000000 -9.499451637 -1.477051854 30.842926025 0.759895682 -0.225570306 0.566806018 0.224516526
1403637243638319104.000000 -9.383442879 -1.081493616 30.828184128 0.766047597 -0.240482628 0.559534669 0.205572575
1403637243938319104.000000 -9.280818939 -0.640123785 30.873832703 0.772918761 -0.274362564 0.547050059 0.167505026
1403637244238319104.000000 -9.191832542 -0.240287915 30.999860764 0.770005226 -0.279123932 0.547122419 0.172739059
1403637244538319104.000000 -9.126077652 0.116266504 31.181304932 0.780404866 -0.269178301 0.537328243 0.172596797
1403637244838319104.000000 -9.041673660 0.430079728 31.354621887 0.800063372 -0.224158585 0.530139983 0.169124916
1403637245138319104.000000 -8.924327850 0.715027630 31.454164505 0.810228944 -0.227187291 0.524037898 0.131527126
1403637245438319104.000000 -8.737058640 0.941935837 31.535686493 0.810685396 -0.212407306 0.525377631 0.147142097
1403637245738319104.000000 -8.484613419 1.124606252 31.571138382 0.817523599 -0.179535955 0.530603111 0.133724496
1403637246038319104.000000 -8.186903954 1.311683536 31.562072754 0.810522974 -0.102301091 0.569948912 0.088006765
1403637246338319104.000000 -7.896879196 1.520614624 31.495639801 -0.810687184 -0.011774172 -0.585297167 -0.008657710
1403637246638319104.000000 -7.655094624 1.747132421 31.396743774 -0.787468553 -0.140814602 -0.597111642 0.059348077
1403637246938319104.000000 -7.488090515 2.010133982 31.309200287 -0.759048343 -0.237822324 -0.592420399 0.127765924
1403637247438319104.000000 -7.445572376 2.511854887 31.221643448 -0.752566516 -0.273384809 -0.572028399 0.178010821
1403637247888318976.000000 -7.560598850 2.958991289 31.075357437 -0.728944123 -0.310664594 -0.581907392 0.183062106
1403637248188318976.000000 -7.775849819 3.241568327 31.044198990 -0.727518737 -0.343258798 -0.550245106 0.223875538
1403637248788318976.000000 -8.366761208 3.775180340 30.920152664 -0.726837873 -0.360898376 -0.534989774 0.235042796
1403637249138319104.000000 -8.769860268 4.071613789 30.946464539 -0.737616897 -0.349652618 -0.529958129 0.229801461
1403637249438319104.000000 -9.140468597 4.334574699 31.027383804 -0.739247501 -0.343209177 -0.532325745 0.228801012
1403637249738319104.000000 -9.516553879 4.601035118 31.007854462 -0.735820889 -0.340630233 -0.536489785 0.233917609
1403637252438319104.000000 -11.781200409 5.840662003 31.307756424 -0.661410391 -0.459634960 -0.476726204 0.352142274
1403637254038319104.000000 -12.033281326 5.589735508 31.222791672 -0.662610233 -0.463871747 -0.483508646 0.334649324
1403637255688318976.000000 -12.541973114 5.000893116 31.426906586 -0.601312220 -0.545427501 -0.436005950 0.388370007
1403637256038319104.000000 -12.689467430 4.842495918 31.446372986 -0.564935684 -0.593139231 -0.402773649 0.408420026
1403637256838319104.000000 -13.102898598 4.459746361 31.516788483 -0.568732262 -0.596845806 -0.379099578 0.420240670
1403637257438319104.000000 -13.402629852 4.193881989 31.485115051 -0.534020305 -0.621728420 -0.381090671 0.427838773
1403637257738319104.000000 -13.562061310 4.069443226 31.486593246 -0.532384276 -0.631431997 -0.371767163 0.423851281
1403637259538319104.000000 -14.422394753 3.739972115 31.395166397 -0.476358742 -0.657103956 -0.308431685 0.496151805
1403637260038319104.000000 -14.469530106 3.698447943 31.392251968 -0.474096745 -0.659582555 -0.314666748 0.491088688
1403637260338319104.000000 -14.458024979 3.681000471 31.345748901 -0.463852346 -0.671076477 -0.328215301 0.476206005
1403637260588318976.000000 -14.453619003 3.661647320 31.288434982 -0.460672289 -0.681686401 -0.330722183 0.462285161
1403637260838319104.000000 -14.466966629 3.641244650 31.228433609 -0.462717474 -0.678005576 -0.326639265 0.468516558
1403637261138319104.000000 -14.494970322 3.607186794 31.180566788 -0.462859005 -0.677919388 -0.324394941 0.470058382
1403637261538319104.000000 -14.547043800 3.575208426 31.133615494 -0.466011435 -0.678433299 -0.319472164 0.469573408
1403637261938319104.000000 -14.618821144 3.596533298 31.156217575 -0.463492125 -0.679012835 -0.326479882 0.466398537
1403637262338319104.000000 -14.695920944 3.632663727 31.169567108 -0.471531868 -0.618744552 -0.319447488 0.541078866
1403637262438319104.000000 -14.691261292 3.624502420 31.203821182 -0.474473804 -0.630660534 -0.343878001 0.508812129
1403637262738319104.000000 -14.664750099 3.565482378 31.259784698 -0.497950703 -0.612412632 -0.335593194 0.514172196
1403637262838319104.000000 -14.661218643 3.542253017 31.273904800 -0.494942248 -0.610993028 -0.339277476 0.516343415
1403637263138319104.000000 -14.637763977 3.466282368 31.302801132 -0.494738668 -0.612448275 -0.339910895 0.514394164
1403637263388318976.000000 -14.590536118 3.386827946 31.319923401 -0.494132578 -0.613561809 -0.340280086 0.513404787
1403637263788318976.000000 -14.474976540 3.225205421 31.342288971 -0.494239330 -0.613649845 -0.340279222 0.513197243
1403637263988318976.000000 -14.400117874 3.129526615 31.351856232 -0.494218588 -0.613574207 -0.340177953 0.513374746
1403637264388318976.000000 -14.218267441 2.907460928 31.368471146 -0.494348079 -0.613742352 -0.339787692 0.513307631
1403637264588318976.000000 -14.110364914 2.782990932 31.376356125 -0.494345248 -0.613770962 -0.339840800 0.513240874
1403637265038319104.000000 -13.823568344 2.468822956 31.390090942 -0.494604379 -0.613770962 -0.339275271 0.513365507
1403637265238319104.000000 -13.677017212 2.313400745 31.394739151 -0.494694531 -0.613833845 -0.339154422 0.513283312
1403637265338319104.000000 -13.599699974 2.232035160 31.396860123 -0.494470119 -0.613891125 -0.338948607 0.513566911
1403637265438319104.000000 -13.519401550 2.148404360 31.399278641 -0.494402766 -0.614022553 -0.338674247 0.513655543
