1403638538777829376.000000 -5.422985554 1.331728101 10.392496109 -0.569724202 -0.614947736 -0.369135290 0.401239067
1403638539027829504.000000 -5.425070286 1.343107104 10.392909050 -0.564551950 -0.609206557 -0.377087355 0.409821332
1403638539277829376.000000 -5.429000378 1.362782478 10.418939590 -0.557057202 -0.599225104 -0.388162434 0.424201101
1403638539527829504.000000 -5.433104038 1.384072661 10.490258217 -0.557660401 -0.603487074 -0.384241760 0.420923382
1403638540027829504.000000 -5.443078041 1.440693259 10.575378418 -0.562755823 -0.615141451 -0.369877875 0.409996718
1403638540527829504.000000 -5.474613667 1.602449536 10.621694565 -0.547893465 -0.620363832 -0.371628672 0.420539796
1403638540777829376.000000 -5.509326935 1.714624882 10.641847610 -0.510576487 -0.649654686 -0.357540935 0.435229689
1403638541327829504.000000 -5.671471119 1.967886448 10.652766228 -0.430264801 -0.705096900 -0.314011693 0.468089044
1403638542177829376.000000 -6.173711300 2.298857927 10.832673073 -0.367011636 -0.738881588 -0.254985720 0.504320085
1403638542627829504.000000 -6.498594284 2.433441877 10.867752075 -0.272731662 -0.763488948 -0.239418522 0.534210384
1403638543077829376.000000 -6.850460052 2.454482079 10.965753555 -0.287419438 -0.771792531 -0.204137549 0.529201567
1403638543327829504.000000 -7.053865433 2.444823027 11.018951416 -0.293002814 -0.770078123 -0.203368947 0.528933167
1403638544327829504.000000 -7.954280853 2.370349169 11.164081573 -0.171347395 -0.807241142 -0.114848509 0.553002536
1403638544727829504.000000 -8.343902588 2.353236437 11.209173203 -0.164709881 -0.800024569 -0.114593111 0.565420032
1403638544927829504.000000 -8.533757210 2.346277237 11.238578796 -0.164998367 -0.805862129 -0.111172095 0.557675958
1403638545327829504.000000 -8.906706810 2.338768005 11.233006477 -0.161129355 -0.804847062 -0.111360393 0.560229719
1403638546177829376.000000 -9.667616844 2.299774647 11.245588303 -0.039616548 -0.824074209 -0.037199683 0.563869178
1403638546577829376.000000 -10.033857346 2.266038179 11.243720055 -0.023145501 -0.826051116 -0.017000446 0.562863111
1403638546777829376.000000 -10.224821091 2.243432522 11.254925728 -0.008577537 -0.826013088 -0.009894716 0.563498795
1403638547027829504.000000 -10.472288132 2.207842588 11.298096657 0.004618931 -0.826789737 -0.010979637 0.562385082
1403638547627829504.000000 -11.089632988 2.048122406 11.285239220 -0.001769516 -0.827980578 -0.003913807 0.560740232
1403638548427829504.000000 -11.995538712 1.704833388 11.234172821 0.043371927 -0.829048038 0.023433803 0.557000160
1403638548627829504.000000 -12.236335754 1.599190116 11.268014908 0.065540500 -0.826770902 0.039900672 0.557281137
1403638548827829504.000000 -12.481433868 1.492557883 11.289861679 0.076236926 -0.825965643 0.048257191 0.556453049
1403638549027829504.000000 -12.731024742 1.383572221 11.333781242 0.080138125 -0.826102138 0.050322846 0.555518389
1403638549227829504.000000 -12.978631020 1.273155451 11.399291992 0.078385711 -0.825057507 0.052850280 0.557084143
1403638549627829504.000000 -13.492234230 1.051915407 11.547216415 0.070777357 -0.822131097 0.058176536 0.561877668
1403638549827829504.000000 -13.749031067 0.948159695 11.602768898 0.070026904 -0.822422862 0.057476331 0.561616719
1403638550227829504.000000 -14.291996956 0.750471056 11.800280571 0.069024146 -0.824672997 0.059510220 0.558219254
1403638550627829504.000000 -14.847479820 0.575744271 12.037517548 0.065831847 -0.821566522 0.066210195 0.562415302
1403638551027829504.000000 -15.393017769 0.448265851 12.200205803 0.061589599 -0.804461479 0.070471652 0.586585224
1403638551227829504.000000 -15.636746407 0.410224885 12.270418167 0.058182154 -0.801526427 0.076295979 0.590211153
1403638551427829504.000000 -15.850555420 0.399391472 12.352119446 0.042880334 -0.808334887 0.071589783 0.582778692
1403638553627829504.000000 -17.063554764 1.919599652 12.803143501 -0.041703306 -0.788609326 -0.026677022 0.612898529
1403638554927829504.000000 -16.288438797 3.011224985 13.068540573 -0.048715640 -0.815806985 -0.013297264 0.576115429
1403638557427829504.000000 -15.056445122 5.278129101 13.351187706 -0.095702477 -0.815954745 -0.040146697 0.568724155
1403638558977829376.000000 -15.032144547 7.030831814 13.639823914 -0.100362629 -0.826831102 -0.043441594 0.551716030
1403638561577829376.000000 -15.863289833 9.445980072 13.314835548 -0.363739520 -0.724078536 -0.248050511 0.530918896
1403638561777829376.000000 -15.797634125 9.567662239 13.286524773 -0.361026853 -0.728510976 -0.249939784 0.525796115
1403638563827829504.000000 -14.607883453 10.164261818 13.107609749 -0.557612002 -0.578287959 -0.374833465 0.462765306
1403638564077829376.000000 -14.332912445 10.118702888 13.122338295 -0.553714275 -0.580438018 -0.368731260 0.469605744
1403638564527829504.000000 -13.743475914 9.964771271 13.140092850 -0.535696685 -0.590174913 -0.372220755 0.475577950
1403638564727829504.000000 -13.447419167 9.859106064 13.162320137 -0.541070282 -0.590237439 -0.362048626 0.477266848
1403638564927829504.000000 -13.129148483 9.736402512 13.153066635 -0.544817269 -0.586223185 -0.358331621 0.480744332
1403638565127829504.000000 -12.787291527 9.599894524 13.076161385 -0.546248198 -0.585708380 -0.356037557 0.481451780
1403638566327829504.000000 -10.448029518 8.545658112 12.487885475 -0.537670910 -0.601896405 -0.385416180 0.447308660
1403638566927829504.000000 -9.374480247 7.905551910 12.015606880 -0.552855074 -0.634845078 -0.349064767 0.411675692
1403638567277829376.000000 -8.818063736 7.623724937 11.704794884 -0.530501544 -0.617212772 -0.377975613 0.441305965
1403638567527829504.000000 -8.449918747 7.434534550 11.470864296 -0.531380653 -0.616760671 -0.382192731 0.437229425
1403638567777829376.000000 -8.109127998 7.242517471 11.283906937 -0.538367629 -0.622155070 -0.378649086 0.423920155
1403638568077829376.000000 -7.748370171 7.041313171 11.124157906 -0.542069674 -0.624199033 -0.376854002 0.417752326
1403638568877829376.000000 -7.029911995 6.646166325 10.841836929 -0.543874800 -0.627816558 -0.376282334 0.410436720
1403638570377829376.000000 -6.706770420 6.465048790 10.692227364 -0.548462868 -0.614011586 -0.373580664 0.427335590
1403638571627829504.000000 -6.217490673 6.297333717 10.345296860 -0.676577210 -0.452617854 -0.458944172 0.356020689
1403638572827829504.000000 -4.926524162 5.710155964 10.253983498 -0.767947495 -0.326242507 -0.504715621 0.221550256
1403638573277829376.000000 -4.336902142 5.576603889 10.305411339 -0.768720150 -0.336465269 -0.498720884 0.217112511
1403638573477829376.000000 -4.064953804 5.554421902 10.323571205 -0.768719316 -0.337655693 -0.499234229 0.214066565
1403638573677829376.000000 -3.785603285 5.560043812 10.369875908 -0.769468784 -0.337421328 -0.500557244 0.208583519
1403638574077829376.000000 -3.224416256 5.637140274 10.469532013 -0.772214174 -0.270648211 -0.540030479 0.196982175
1403638574477829376.000000 -2.695607662 5.690675259 10.488739967 -0.795989811 -0.166188881 -0.560461223 0.157050595
1403638574777829376.000000 -2.320592165 5.672577381 10.516705513 -0.803462207 -0.137904182 -0.567893684 0.113700569
1403638575227829504.000000 -1.786215305 5.624050617 10.559851646 -0.815952957 -0.126966134 -0.551670134 0.117305160
1403638575627829504.000000 -1.288617373 5.552429199 10.529892921 -0.821759939 -0.143932879 -0.539882243 0.111898154
1403638576077829376.000000 -0.662485659 5.486515999 10.599908829 -0.822788358 -0.161549792 -0.535565853 0.100450724
1403638576527829504.000000 0.021055896 5.504177094 10.728794098 -0.817932844 -0.172422737 -0.542580009 0.082845077
1403638576977829376.000000 0.718480051 5.655791283 10.766253471 -0.805734992 -0.168254688 -0.560952127 0.088398084
1403638577177829376.000000 1.010871649 5.760909081 10.771185875 -0.805881381 -0.159582019 -0.561321139 0.100037001
1403638578427829504.000000 2.631927013 6.715221882 10.959264755 -0.807517231 -0.152861565 -0.557446003 0.117487498
1403638578877829376.000000 3.156240225 7.084005833 10.974528313 -0.804596663 -0.160843551 -0.562299669 0.102823891
1403638579077829376.000000 3.377798080 7.247626305 10.978974342 -0.803526282 -0.164466813 -0.563324749 0.099806510
1403638579477829376.000000 3.791198730 7.598318100 11.058025360 -0.804527640 -0.153138593 -0.561406910 0.118769906
1403638580677829376.000000 4.634280205 8.492779732 10.906607628 -0.693853796 -0.423782140 -0.490233958 0.314080268
1403638582877829376.000000 5.095447540 9.184051514 11.266807556 -0.677976847 -0.447033644 -0.494439483 0.309900016
1403638585577829376.000000 3.781937122 9.250940323 11.754861832 -0.682515919 -0.445720762 -0.488517165 0.311216980
1403638587577829376.000000 2.193997145 9.083703041 11.857445717 -0.685067177 -0.444173574 -0.487510622 0.309396476
1403638590477829376.000000 -0.470841885 8.524584770 11.582696915 -0.687387049 -0.437734991 -0.489264250 0.310656697
1403638592177829376.000000 -1.610931635 8.427246094 11.527674675 -0.704144716 -0.441823184 -0.463651091 0.306594580
1403638592477829376.000000 -1.684498906 8.549248695 11.620527267 -0.678700149 -0.455415308 -0.461728245 0.344630480
1403638592677829376.000000 -1.711112142 8.621662140 11.716773987 -0.668348610 -0.483109981 -0.445994854 0.347855628
1403638594227829504.000000 -1.673754930 9.367436409 12.294087410 -0.630199492 -0.508458495 -0.459965289 0.364349544
1403638595627829504.000000 -1.965638161 9.485497475 12.645151138 -0.633316576 -0.512671828 -0.450157017 0.365289599
1403638596127829504.000000 -2.094647169 9.440594673 12.627211571 -0.623310387 -0.523507893 -0.464777052 0.348433554
1403638596827829504.000000 -2.590922356 9.381125450 12.687951088 -0.592893779 -0.552739501 -0.499066710 0.306412488
1403638597227829504.000000 -3.226262569 9.375412941 12.813565254 -0.587897420 -0.549342096 -0.508392394 0.306817770
1403638597427829504.000000 -3.640613079 9.375123024 12.839855194 -0.592587829 -0.540184081 -0.505423427 0.318728805
1403638597627829504.000000 -4.105154514 9.367306709 12.845557213 -0.600366473 -0.523739755 -0.497683555 0.342881620
1403638597827829504.000000 -4.598453045 9.345224380 12.831610680 -0.594497681 -0.531009316 -0.499994725 0.338536531
1403638598027829504.000000 -5.124941349 9.308226585 12.804155350 -0.582868636 -0.545219541 -0.500017345 0.336128712
1403638598227829504.000000 -5.691751480 9.256432533 12.794778824 -0.594099045 -0.537934482 -0.474968225 0.363425374
1403638598427829504.000000 -6.270159721 9.189242363 12.787575722 -0.605402708 -0.534534454 -0.455688268 0.374310941
1403638598627829504.000000 -6.841590881 9.112258911 12.755992889 -0.604530632 -0.541534185 -0.446465701 0.376765043
1403638598827829504.000000 -7.403549671 9.031383514 12.716368675 -0.588662922 -0.558342040 -0.436684281 0.388634682
1403638599027829504.000000 -7.954754829 8.945201874 12.694852829 -0.567441463 -0.581324816 -0.420810610 0.403720379
1403638599227829504.000000 -8.499510765 8.852159500 12.698863983 -0.541211426 -0.606585681 -0.404648542 0.418812156
1403638599427829504.000000 -9.037227631 8.750176430 12.727884293 -0.518050432 -0.632157266 -0.384311080 0.429308802
1403638599827829504.000000 -10.081243515 8.545469284 12.769386292 -0.507508874 -0.648392320 -0.366484165 0.433256954
1403638600027829504.000000 -10.591871262 8.457033157 12.754962921 -0.515877962 -0.642311513 -0.359864354 0.437953860
1403638600427829504.000000 -11.549683571 8.329931259 12.687366486 -0.550650358 -0.623788178 -0.322400779 0.451364934
1403638600627829504.000000 -11.960981369 8.305562019 12.678020477 -0.555116355 -0.622907400 -0.319432497 0.449216217
1403638600827829504.000000 -12.317841530 8.312380791 12.697720528 -0.557412028 -0.629069984 -0.315762699 0.440291673
1403638601027829504.000000 -12.631976128 8.354200363 12.725032806 -0.541669905 -0.647285163 -0.335516661 0.418382794
1403638601227829504.000000 -12.931850433 8.428977013 12.733695984 -0.528776824 -0.652363002 -0.351664364 0.413702637
1403638601427829504.000000 -13.234762192 8.529613495 12.735348701 -0.514178634 -0.649003386 -0.359816015 0.430055141
1403638601627829504.000000 -13.544202805 8.638834953 12.755490303 -0.488750815 -0.659911454 -0.348316669 0.452012360
1403638601827829504.000000 -13.855158806 8.744750023 12.799941063 -0.445130020 -0.686739385 -0.330350161 0.470230967
1403638602027829504.000000 -14.169789314 8.839076042 12.860859871 -0.403901011 -0.711619735 -0.307974219 0.485399991
1403638602427829504.000000 -14.805449486 8.981412888 12.929055214 -0.339330554 -0.721082449 -0.274578899 0.538053215
1403638602627829504.000000 -15.108985901 9.006969452 12.995773315 -0.303238779 -0.698255241 -0.242563143 0.601372600
1403638603277829376.000000 -15.606258392 8.794182777 13.265370369 -0.209483445 -0.754577518 -0.143920213 0.604993045
1403638603777829376.000000 -15.644524574 8.542510033 13.304808617 -0.183418721 -0.778425932 -0.141981438 0.583311081
1403638604027829504.000000 -15.615882874 8.400539398 13.266601562 -0.165321931 -0.772161186 -0.166668400 0.590472281
1403638605277829376.000000 -15.155301094 7.170616627 13.289943695 -0.195363447 -0.810039222 -0.126328096 0.538247883
1403638605827829504.000000 -15.021101952 6.647204399 13.334887505 -0.161892802 -0.799419761 -0.171642840 0.552501142
1403638606077829376.000000 -15.001006126 6.348935604 13.382660866 -0.158382177 -0.800902903 -0.179262966 0.548939407
1403638606327829504.000000 -15.006188393 6.000790119 13.400015831 -0.160850286 -0.804002821 -0.179469362 0.543596804
1403638606577829376.000000 -15.040430069 5.615908146 13.369505882 -0.187311247 -0.813993931 -0.145123437 0.530346692
1403638606827829504.000000 -15.115707397 5.237514496 13.307565689 -0.174826503 -0.826281250 -0.120742440 0.521647632
1403638607077829376.000000 -15.247047424 4.887281418 13.259423256 -0.135639518 -0.835136473 -0.085905440 0.526088715
1403638607427829504.000000 -15.498758316 4.458989143 13.233766556 -0.104632303 -0.816245079 -0.057811867 0.565202653
1403638607677829376.000000 -15.681478500 4.192397594 13.166900635 -0.101080075 -0.814884305 -0.052559420 0.568316758
1403638607927829504.000000 -15.855961800 3.955078840 13.074678421 -0.105875425 -0.815506876 -0.050201662 0.566761672
1403638608427829504.000000 -16.178844452 3.572225809 12.807308197 -0.102270357 -0.801149309 -0.068738155 0.585641265
1403638609177829376.000000 -16.451030731 3.095134735 12.376461029 -0.109938502 -0.807553828 -0.057305541 0.576616406
1403638609427829504.000000 -16.491275787 2.973821640 12.270344734 -0.113233112 -0.804990411 -0.052987669 0.579966545
1403638609677829376.000000 -16.510591507 2.877932310 12.121858597 -0.108872935 -0.807136416 -0.060208101 0.577106893
1403638609927829504.000000 -16.518751144 2.798895121 11.974750519 -0.109032921 -0.807436168 -0.060466200 0.576630473
1403638610427829504.000000 -16.480991364 2.687170506 11.757974625 -0.109664537 -0.796522141 -0.060830280 0.591460884
1403638610727829504.000000 -16.397167206 2.640456200 11.588782310 -0.106616348 -0.786807060 -0.064533263 0.604485869
1403638611027829504.000000 -16.250291824 2.603637218 11.456057549 -0.109308533 -0.796595812 -0.056700930 0.591837704
1403638611327829504.000000 -16.061126709 2.587994814 11.323642731 -0.105045989 -0.795026124 -0.059152395 0.594474435
1403638611627829504.000000 -15.822991371 2.574521542 11.229681969 -0.088522196 -0.801207602 -0.086086638 0.585507810
1403638611927829504.000000 -15.564181328 2.530357599 11.143754005 -0.105952866 -0.806027234 -0.064848512 0.578695893
1403638612177829376.000000 -15.345094681 2.496649742 11.064966202 -0.111107729 -0.807873666 -0.059843883 0.575685620
1403638612427829504.000000 -15.130410194 2.478732347 11.029618263 -0.110911131 -0.807136118 -0.062201485 0.576507509
1403638612677829376.000000 -14.912496567 2.470839500 10.973045349 -0.105804220 -0.805004776 -0.075970657 0.578792810
1403638612927829504.000000 -14.691275597 2.456345081 10.891781807 -0.107505411 -0.801177859 -0.081845582 0.582973421
1403638613177829376.000000 -14.463543892 2.425611734 10.842201233 -0.112849884 -0.804267824 -0.077713706 0.578254938
1403638613427829504.000000 -14.234794617 2.386399269 10.835863113 -0.112226523 -0.804974914 -0.079397537 0.577162623
1403638613827829504.000000 -13.864542961 2.313572407 10.781333923 -0.131359667 -0.791099668 -0.082860626 0.591641903
1403638614127829504.000000 -13.551054955 2.261351824 10.681014061 -0.169979081 -0.786726296 -0.113004670 0.582579374
1403638614377829376.000000 -13.268615723 2.215810776 10.608173370 -0.206279129 -0.784557283 -0.136500210 0.568582952
1403638614627829504.000000 -12.981733322 2.168660402 10.582756996 -0.231365085 -0.778907537 -0.144143671 0.564797103
1403638614877829376.000000 -12.687492371 2.137400389 10.608774185 -0.277814716 -0.772234142 -0.148563921 0.551726580
1403638615127829504.000000 -12.381012917 2.141476870 10.674127579 -0.329450488 -0.755293906 -0.188293427 0.534358621
1403638615377829376.000000 -12.066784859 2.176491976 10.763068199 -0.378582090 -0.723769724 -0.250148714 0.519864142
1403638615627829504.000000 -11.757136345 2.213850737 10.823703766 -0.429387480 -0.691981137 -0.292681545 0.501124918
1403638615877829376.000000 -11.454804420 2.240642548 10.886294365 -0.456673354 -0.674396336 -0.308813304 0.491195828
1403638616127829504.000000 -11.147838593 2.259628057 10.940172195 -0.482078493 -0.657154977 -0.325353831 0.479471058
1403638616377829376.000000 -10.837599754 2.272690296 10.909760475 -0.518518865 -0.630473435 -0.347344011 0.461512357
1403638616877829376.000000 -10.215469360 2.296003819 10.716801643 -0.575848460 -0.610907078 -0.340575695 0.423319519
1403638617377829376.000000 -9.581285477 2.446024418 10.629413605 -0.557253778 -0.623757899 -0.357646972 0.415310830
1403638617627829504.000000 -9.285030365 2.568983793 10.658322334 -0.553027272 -0.631240249 -0.355202049 0.411737889
1403638618177829376.000000 -8.724354744 2.955322504 10.840206146 -0.543063700 -0.634672284 -0.356353074 0.418670982
1403638618427829504.000000 -8.507992744 3.165849924 10.892539978 -0.539685786 -0.636491895 -0.357605010 0.419208914
1403638618727829504.000000 -8.276718140 3.440338135 10.938771248 -0.540864885 -0.633843422 -0.363525420 0.416601866
1403638621227829504.000000 -6.764703274 5.329330444 10.820272446 -0.632271647 -0.516067922 -0.444185257 0.369602323
1403638623527829504.000000 -5.862390041 5.102010250 10.703035355 -0.627880573 -0.510291636 -0.448590904 0.379650831
1403638623677829376.000000 -5.842605114 4.985414028 10.709057808 -0.627007544 -0.511193931 -0.450739741 0.377327323
1403638624127829504.000000 -5.794293880 4.589498043 10.766480446 -0.632595837 -0.511347234 -0.448500186 0.370397329
1403638624627829504.000000 -5.749765396 4.120305538 10.737950325 -0.632406473 -0.493440360 -0.453856498 0.388063103
1403638624977829376.000000 -5.715221882 3.752916813 10.723208427 -0.624748647 -0.519267976 -0.445367277 0.376427829
1403638625277829376.000000 -5.691094398 3.425957441 10.724534988 -0.624719799 -0.522678435 -0.432919770 0.386151522
1403638625627829504.000000 -5.648090363 3.049017429 10.733420372 -0.623580337 -0.525062978 -0.431947380 0.385847092
1403638625977829376.000000 -5.589184761 2.686686754 10.772331238 -0.630239189 -0.530111849 -0.424066216 0.376759648
1403638626327829504.000000 -5.512907982 2.356703758 10.754733086 -0.628256798 -0.530803144 -0.429041922 0.373449385
1403638626627829504.000000 -5.448189259 2.096941710 10.707706451 -0.625347376 -0.534821391 -0.432548583 0.368521869
1403638626977829376.000000 -5.390068531 1.835516095 10.685730934 -0.631689429 -0.540394425 -0.421920002 0.361836880
1403638627327829504.000000 -5.341159344 1.639241934 10.674679756 -0.629410446 -0.542166293 -0.423228979 0.361628920
1403638627677829376.000000 -5.301555634 1.499511838 10.631513596 -0.625038207 -0.540440500 -0.430285215 0.363463819
1403638628027829504.000000 -5.282170773 1.399316072 10.578186035 -0.624522984 -0.540982664 -0.432799459 0.360546142
1403638628377829376.000000 -5.290062428 1.331159115 10.540761948 -0.627857745 -0.540600240 -0.430668861 0.357869089
1403638628877829376.000000 -5.319235325 1.283226848 10.521377563 -0.628498256 -0.524216771 -0.431301028 0.379692048
1403638629227829504.000000 -5.320845604 1.250191927 10.491467476 -0.623933554 -0.532519162 -0.437622964 0.368261397
1403638629627829504.000000 -5.345064640 1.228339553 10.486875534 -0.636674047 -0.534848154 -0.420952708 0.362467170
1403638630127829504.000000 -5.350372314 1.250038981 10.452678680 -0.620182753 -0.520443857 -0.446724623 0.380721360
1403638630477829376.000000 -5.355249405 1.257096291 10.395882607 -0.622789800 -0.528294623 -0.439233869 0.374314547
1403638630777829376.000000 -5.356428146 1.272041321 10.376256943 -0.632506728 -0.552644014 -0.416915983 0.347420514
1403638631077829376.000000 -5.355553150 1.250003219 10.375752449 -0.632237971 -0.551052928 -0.415588200 0.351997674
1403638631577829376.000000 -5.356523991 1.216932058 10.387695312 0.632718265 0.550849497 0.414679736 -0.352524012
