0,0.828681,-0.475171,2.63791
0,0.750684,-0.473335,2.62772
0,0.567958,-0.00731803,2.63415
0,0.367913,-0.00357785,1.28785
0,0.797945,-0.0654081,2.65093
0,0.762413,-0.0653476,2.64848
0,0.332737,-0.00356352,1.2827
0,0.631751,-0.00732209,2.63561
0,0.620117,-0.0477106,2.63522
0,0.564045,-0.310844,2.616
0,0.797387,-0.105964,2.64907
0,0.738768,-0.105876,2.64687
0,0.802224,-0.227497,2.6459
0,0.361229,-0.121659,1.28414
0,0.459538,-0.110033,2.60802
0,0.742049,-0.290347,2.63793
0,0.806268,-0.371524,2.64017
0,0.67843,-0.105505,2.6376
0,0.582221,-0.127771,2.62047
0,0.625333,-0.249437,2.63288
0,-0.182475,-0.85761,2.41379
0,-0.023299,-0.747789,2.351
0,-0.14422,-0.823988,2.39289
0,-0.0445364,-0.837162,2.38564
0,-0.0792181,-0.843239,2.33026
0,-0.69274,-0.893909,2.50055
0,-0.579533,-0.8588,2.37327
0,-0.25951,0.0993757,2.30023
0,-0.33382,0.128346,2.19285
0,-0.0551184,0.0143015,2.39151
0,-0.202499,0.189496,2.1248
0,-0.292909,0.178584,2.10584
0,-0.134452,0.185476,2.07973
0,-0.634027,0.266252,1.84997
0,-0.402111,0.218489,2.00653
0,0.865277,-0.429929,2.64384
0,0.850225,-1.00975,2.53014
0,0.0729999,-0.791626,2.67281
0,0.859603,-0.0656843,2.66212
0,0.164135,0.0872525,2.38175
0,0.447496,0.00987206,2.60441
0,0.864328,-0.350597,2.64803
0,-0.635756,0.265487,1.85029
0,0.794958,-0.782281,2.62572
0,0.812433,-0.827293,2.61535
0,0.505268,-0.47234,2.5907
0,0.62851,-0.466064,2.59366
0,0.753461,-0.00959297,2.62537
0,0.737068,-0.0443419,2.64078
0,0.524093,-0.00956132,2.61672
0,0.45368,0.00417401,2.60717
0,0.523176,-0.0438611,2.61214
0,0.49793,-0.0440563,2.62377
0,0.526736,-0.309588,2.59586
0,0.564339,-0.373288,2.61206
0,0.468505,-0.354556,2.5757
0,0.640778,-0.00955843,2.61592
0,0.617193,-0.0442044,2.63259
0,0.466485,-0.112065,2.60218
0,0.502677,-0.249805,2.61261
0,0.742085,-0.286449,2.63396
0,0.764188,-0.346207,2.61486
0,0.742651,-0.252038,2.63596
0,0.68031,-0.168925,2.63593
0,0.582615,-0.125718,2.60173
0,0.621217,-0.250548,2.62038
0,-0.665339,-0.615773,1.65754
0,-0.0360146,-0.45794,2.37482
0,-0.0738533,-0.554541,2.38776
0,-0.0845273,-0.229493,2.33599
0,-0.0906335,-0.370532,2.33518
0,-0.0296279,-0.828216,2.3631
0,-0.0842216,-0.852444,2.32753
0,-0.70009,-0.904687,2.54316
0,-0.498335,-0.875503,2.40777
0,-0.562135,-0.832495,2.30616
0,-0.849902,0.161551,2.07656
0,-0.639856,0.30035,1.74231
0,-0.79239,0.206798,1.98706
0,-0.264355,0.100311,2.29857
0,-0.333056,0.130344,2.19415
0,-0.0545853,0.0162376,2.36838
0,-0.19887,0.192408,2.11589
0,-0.292732,0.175341,2.11122
0,-0.0318669,0.180041,2.10133
0,-0.129237,0.188157,2.06914
0,-0.398707,0.218946,2.00268
0,0.799018,-0.730802,2.63913
0,0.861311,-0.42564,2.63878
0,0.842764,-0.588769,2.62421
0,0.39548,-0.172451,2.58496
0,0.0723375,-0.794867,2.69171
0,0.157297,0.0723836,2.37299
0,0.439956,0.00417379,2.60704
0,-0.380909,-0.821572,2.30952
0,0.453088,0.00281738,2.6196
0,0.497805,-0.0470627,2.63772
0,0.82529,-0.255951,2.64778
0,-0.658321,-0.604459,1.62939
0,-0.401957,0.218609,2.019
0,-0.0385473,-0.45463,2.3771
0,-0.0383075,-0.556078,2.36231
0,-0.0144574,0.164202,2.13954
0,-0.49778,-0.862899,2.3869
0,-0.546561,-0.801965,2.21835
0,-0.0819142,-0.850216,2.33149
0,-0.991598,0.119539,2.06712
0,-0.267148,0.0959546,2.28116
0,-0.330142,0.125774,2.17495
0,-0.103372,-0.0998329,2.31815
0,-0.0895243,-0.233402,2.33826
0,-0.703699,-0.917819,2.56116
0,-0.202662,0.190546,2.13239
0,-0.294384,0.175665,2.11512
0,-0.131224,0.184631,2.06619
0,0.797697,-0.745575,2.66718
0,0.873071,-0.166869,2.69215
0,-0.850226,0.144992,2.15481
0,-0.851195,0.159202,2.07439
0,-0.639663,0.265734,1.85882
0,-0.694496,0.239368,1.92976
0,0.14799,0.0696178,2.36377
0,-0.790015,0.202548,1.98634
0,0.421147,-0.0137373,2.62644
0,-0.961959,0.168766,2.03205
0,-0.196464,-0.856852,2.47825
0,1.69006,-0.804899,2.66869
0,0.646189,-0.197514,2.62562
0,0.484826,-0.315153,2.61259
0,0.592474,-0.373777,2.60781
0,-0.0344868,-0.897653,2.30605
0,-0.0359075,-0.462241,2.40105
0,-0.993032,0.118251,2.06739
0,-1.02041,0.164554,2.05951
0,-0.709972,-0.926358,2.60793
0,-0.494693,-0.863149,2.3793
0,-0.514378,-0.759319,2.09308
0,-0.245438,0.136632,2.24055
0,-0.271025,0.102783,2.24184
0,-0.132824,0.188962,2.07082
0,-0.198447,0.191806,2.10199
0,-0.295031,0.176588,2.1102
0,0.839224,-0.438172,2.6391
0,-0.0355031,-0.825303,2.37401
0,-0.0885186,-0.861671,2.3507
0,-0.841313,0.14663,2.13906
0,0.145202,0.0734505,2.39149
0,-0.646909,0.268167,1.85943
0,-0.797925,0.206168,2.00942
0,0.842057,-0.319425,2.64801
0,0.416173,-0.00873377,2.61599
0,0.728825,-0.467766,2.63706
0,0.813818,-0.64146,2.65393
0,0.500557,-0.138847,2.64347
0,-0.397702,0.215243,2.02326
0,1.6748,-0.790866,2.64987
0,-0.870982,-1.07953,3.00712
0,-1.19115,-1.27296,3.41633
0,-0.0304153,-0.457982,2.39778
0,-0.498797,-0.853489,2.34777
0,0.871475,-0.411184,2.65828
0,-0.188396,0.189705,2.09634
0,-0.0832973,-0.866426,2.35396
0,-0.240551,0.130733,2.2267
0,-0.279511,0.0998753,2.21498
0,-0.128357,0.185469,2.04953
0,-0.649559,0.261632,1.863
0,-0.661571,0.240626,1.89745
0,0.0863988,0.0835054,2.31893
0,0.722037,-0.456548,2.64143
0,0.847475,-0.350895,2.65872
0,-0.742281,0.258574,1.84122
0,-0.72943,0.243144,1.85104
0,-0.805575,0.201237,2.02098
0,0.542318,-0.0847996,2.64227
0,0.418016,-0.0126886,2.61513
0,0.783842,-0.229224,2.64765
0,-0.391412,0.209741,2.01453
0,-1.00728,0.156761,2.03923
0,-0.982272,0.11078,2.04499
0,-0.200796,0.171432,0.466547
0,1.68996,-0.802073,2.67386
0,-0.108996,-0.261626,2.355
0,0.222172,0.0838859,2.3295
0,0.0812208,0.0825232,2.29166
0,0.458471,-0.146554,2.5888
0,0.456107,-0.258053,2.57545
0,0.364864,-0.363286,2.52662
0,0.753466,-0.649387,2.68505
0,-0.744245,0.255853,1.8337
0,-0.732487,0.223664,1.9919
0,-0.809882,0.205068,2.02257
0,0.892988,-1.05753,2.54092
0,-0.390702,0.215847,2.02031
0,-0.293438,0.17966,2.11253
0,-0.296049,0.104056,2.21834
0,-0.999236,0.161316,2.02667
0,-0.954015,0.103322,2.2027
0,-0.976004,0.107194,2.04742
0,-0.382906,-0.821069,2.30464
0,-0.0820111,-0.850943,2.31761
0,-1.16173,-1.2319,3.30612
0,-0.974723,0.11956,2.06838
0,-0.232473,0.0989115,2.21142
0,-0.298341,0.0968269,2.16481
0,0.817303,-0.542746,2.66424
0,-0.131899,0.181132,2.00161
0,-0.289536,0.190119,2.10092
0,0.229869,0.0745827,2.35636
0,0.273199,0.0738028,2.33172
0,-0.703772,0.272093,1.82203
0,-0.804095,0.208547,2.0136
0,-0.389071,0.211952,2.04648
0,-1.00058,0.157808,2.0384
0,-0.903541,0.0979934,2.19089
0,-0.567493,-0.813592,2.34093
0,-0.483545,-0.831438,2.30554
0,-0.890094,-1.11902,3.16029
0,-0.0937577,-0.86614,2.359
0,-1.12101,-1.20717,3.2303
0,-0.157574,0.181349,2.06364
0,-0.289096,0.182612,2.07801
0,0.907112,-0.510756,2.73547
0,0.88504,-0.274493,2.73358
0,-0.105928,0.022193,2.35527
0,-0.31874,0.105512,2.16878
0,-0.868748,0.16493,2.06079
0,-0.909852,0.0914737,2.24173
0,-0.96167,0.114025,2.01828
0,-0.384474,-0.849317,2.36369
0,-0.579429,-0.844636,2.40313
0,-0.0868524,-0.858862,2.33918
0,-0.390331,0.20834,2.0116
0,-1.14513,-1.22363,3.26293
1,0.0740445,0.0143302,0.105529
1,0.0661088,0.0449077,0.279396
1,0.0682229,0.0470496,0.287147
1,0.257593,-0.119014,0.83529
1,0.246468,-0.0136441,0.843144
1,0.330391,-0.173473,1.25972
1,0.332546,-0.173677,1.26161
1,0.350816,-0.187657,1.26213
1,0.363688,-0.204541,1.26545
1,-0.394265,0.402895,1.432
1,-0.36379,0.401646,1.49112
1,-0.366089,0.402647,1.49256
1,-0.510033,-0.550114,1.4582
1,0.0207489,0.269391,1.56516
1,0.0165971,0.268807,1.57005
1,-0.327482,0.390679,1.57947
1,-0.0636177,0.262768,1.57537
1,-0.488415,0.359998,1.57922
1,-0.360113,0.38041,1.58544
1,-0.488431,0.356762,1.58648
1,-0.328441,0.394426,1.5941
1,-0.0622622,0.269533,1.59069
1,-0.496491,0.365877,1.59859
1,-0.0186993,0.339284,1.6188
1,-0.522206,0.340312,1.629
1,-0.524551,0.337973,1.63169
1,-0.523699,0.346706,1.63291
1,-0.0142327,0.230648,1.63638
1,-0.106219,0.331284,1.64398
1,-0.133765,0.270955,1.64477
1,-0.380527,0.378326,1.6491
1,-0.528866,0.347484,1.6458
1,-0.100677,0.336992,1.65306
1,-0.106009,0.335845,1.65603
1,-0.0994127,0.336265,1.65621
1,-0.0100146,0.353766,1.66543
1,-0.387785,0.378703,1.66178
1,-0.457617,0.360269,1.66164
1,-0.461093,0.357432,1.66289
1,-0.462396,0.360887,1.66443
1,-0.463141,0.360065,1.66712
1,-0.537546,0.350446,1.66739
1,-0.40082,0.379309,1.6764
1,-0.462314,0.35563,1.67416
1,0.175389,0.247511,1.68862
1,-0.467524,0.363006,1.68748
1,0.0263169,0.260356,1.69172
1,-0.463831,0.368148,1.69406
1,-0.578589,0.316825,1.68984
1,-0.574134,0.312094,1.69297
1,-0.509951,0.317687,1.70186
1,0.0369004,0.266735,1.70996
1,-0.513972,0.319771,1.70531
1,-0.474135,0.341013,1.7115
1,-0.162367,0.270029,1.71256
1,-0.161383,0.269336,1.71597
1,-0.467933,0.343509,1.72294
1,0.188008,0.257756,1.7278
1,-0.520781,0.322078,1.72192
1,-0.15835,0.270616,1.7299
1,-0.154447,0.277908,1.7358
1,-0.599154,0.290952,1.74427
1,-0.600082,0.290668,1.74697
1,-0.665088,0.289498,1.74705
1,-0.161482,0.273605,1.75571
1,-0.60209,0.28896,1.7528
1,-0.505648,0.326916,1.76307
1,-0.550629,0.308402,1.76539
1,-0.677899,0.257985,1.75999
1,-0.172803,0.282711,1.77104
1,-0.551432,0.308869,1.76797
1,-0.122931,0.16007,1.77116
1,-0.545809,0.31013,1.78251
1,-0.547824,0.312379,1.78654
1,-0.694967,0.266558,1.79179
1,-0.674247,0.266967,1.79223
1,-0.672507,0.275122,1.8078
1,-0.702772,0.272106,1.80952
1,-0.218152,0.292755,1.84236
1,-0.216762,0.301194,1.85017
1,-0.576024,0.307517,1.86194
1,-0.780298,0.217885,1.86083
1,-0.788513,0.213634,1.86138
1,-0.619531,0.29215,1.87747
1,0.307174,0.251655,1.89333
1,-0.00830217,0.183909,1.89002
1,0.391652,0.241411,1.90216
1,-0.0103033,0.178862,1.90081
1,-0.0867466,0.32084,1.90929
1,0.398239,0.249415,1.92935
1,0.0235184,0.147884,1.99087
1,0.391803,0.23549,2.00993
1,0.337712,0.267608,2.01604
1,0.393456,0.236544,2.0185
1,0.479773,0.23363,2.02717
1,0.09453,0.188365,2.02943
1,0.174748,0.174851,2.03829
1,0.441637,0.218803,2.0467
1,0.461298,0.219409,2.04917
1,0.472308,0.222557,2.05204
1,0.351296,0.280429,2.055
1,-0.832171,0.184635,2.03041
1,0.463996,0.222689,2.05452
1,0.161997,0.176301,2.05154
1,0.467934,0.220679,2.05977
1,0.40963,0.203695,2.05946
1,0.0813062,0.110652,2.05048
1,0.163322,0.183206,2.0569
1,0.414233,0.205667,2.06935
1,-0.9923,0.140873,2.04838
1,0.407607,0.207587,2.07913
1,0.436941,0.183183,2.07995
1,0.163997,0.184189,2.07687
1,0.178172,0.173073,2.07732
1,0.412252,0.203471,2.08876
1,0.183184,0.173684,2.08329
1,0.0849665,0.117771,2.07856
1,0.0833497,0.0802437,2.08451
1,0.191727,0.180616,2.0964
1,-0.775642,0.22464,2.08437
1,0.188458,0.219309,2.10773
1,-0.871214,0.177475,2.08885
1,-0.947475,0.0729565,2.09654
1,-0.918406,0.157816,2.10407
1,0.31633,0.173212,2.12777
1,0.618066,0.207147,2.13978
1,0.232794,0.167746,2.13113
1,0.502846,0.209957,2.14179
1,-0.930071,0.156617,2.11788
1,0.326366,0.177174,2.13977
1,0.504606,0.20847,2.14508
1,0.323155,0.173809,2.13997
1,0.195395,0.1942,2.14
1,0.100026,0.134592,2.135
1,-0.0786302,-0.247074,2.10725
1,0.61998,0.207026,2.15532
1,-0.295838,0.183405,2.14431
1,0.4682,0.198674,2.16559
1,0.470454,0.204399,2.16653
1,0.509143,0.206398,2.16869
1,0.0889858,0.0806732,2.15592
1,0.208412,0.202721,2.16714
1,0.237762,0.182365,2.17144
1,0.242618,0.182579,2.17291
1,0.469416,0.203697,2.17893
1,0.206689,0.200942,2.17812
1,-0.0602826,-0.498095,2.12813
1,-0.0857465,-0.2533,2.14522
1,-0.0581952,-0.498243,2.13411
1,0.236067,0.202356,2.18753
1,0.239756,0.17,2.18642
1,-0.83846,0.163889,2.17528
1,0.098738,0.119289,2.18762
1,-0.0969395,-0.0148419,2.17645
1,0.600032,0.190773,2.2026
1,0.395758,0.163896,2.19866
1,0.604305,0.194328,2.20547
1,0.605584,0.193495,2.20654
1,-0.0873768,-0.215406,2.16801
1,-0.0946135,0.03586,2.18491
1,0.101193,0.126619,2.19484
1,0.236443,0.173261,2.2012
1,0.235201,0.176529,2.20686
1,-0.0890985,-0.219322,2.17741
1,-0.0868212,-0.216304,2.17788
1,0.103655,0.123464,2.20489
1,-0.100179,-0.0953034,2.19132
1,0.369955,0.167454,2.21854
1,0.120253,0.0691501,2.20902
1,-0.0897916,-0.0919095,2.19721
1,0.374544,0.168062,2.22529
1,0.263614,0.146635,2.22218
1,-0.0685255,-0.19311,2.19411
1,-0.0437464,-0.0110466,2.20826
1,0.375662,0.168606,2.23201
1,0.261377,0.145884,2.23423
1,0.362254,0.164006,2.23805
1,-0.475542,0.139178,2.22607
1,0.373944,0.165166,2.24193
1,0.26669,0.143994,2.23921
1,0.0805452,0.0839395,2.23324
1,0.341982,0.148213,2.27194
1,-0.907884,0.132747,2.25205
1,0.346636,0.150587,2.28056
1,0.0820704,0.0838773,2.27579
1,-0.342831,-0.785361,2.21413
1,0.477241,0.0756553,2.28615
1,0.477865,0.0737727,2.28884
1,0.314155,0.142202,2.29167
1,0.324653,0.138993,2.29218
1,0.59597,0.183764,2.30017
1,0.312279,0.14764,2.29574
1,-0.249553,0.100749,2.28412
1,-0.246029,0.139177,2.29314
1,-0.898585,0.128678,2.28439
1,0.323794,0.150095,2.3143
1,0.484495,0.0774121,2.31433
1,0.322143,0.145554,2.31881
1,0.483753,0.0760609,2.3175
1,-0.089745,-0.818373,2.25329
1,-0.988273,0.0958378,2.30501
1,-0.99682,0.105949,2.30911
1,0.501329,0.0714449,2.33518
1,-0.0809985,-0.826868,2.26553
1,-0.998321,0.100289,2.32279
1,1.17356,-0.0336084,2.35002
1,-0.965138,0.0992874,2.32984
1,-1.00656,0.103578,2.33166
1,-0.0288755,-0.899145,2.29373
1,0.364897,0.125869,2.37666
1,-0.375783,-0.828462,2.30635
1,0.359862,0.124127,2.38554
1,0.510524,0.0776488,2.3892
1,0.280747,0.0610901,2.38962
1,-0.380342,-0.833826,2.32143
1,-0.985086,0.0889044,2.38312
1,0.147161,0.0672384,2.40762
1,0.381446,0.128392,2.41679
1,0.156646,0.074101,2.41094
1,0.285439,0.0796502,2.41625
1,0.757436,0.170088,2.43344
1,0.765089,0.167664,2.45764
1,-0.205716,0.106529,2.453
1,0.285853,0.0758999,2.45966
1,0.0544962,0.243059,2.47059
1,0.769746,0.171921,2.48136
1,-0.209731,0.106992,2.46371
1,-0.20787,0.107029,2.46377
1,0.0579371,0.253239,2.49369
1,-0.212136,0.108133,2.48736
1,0.542146,0.0874221,2.5011
1,0.721563,-0.723171,2.46049
1,0.711064,-0.775819,2.4637
1,0.323315,0.0728424,2.54063
1,0.834819,-1.19672,2.47328
1,0.332765,0.0767296,2.55288
1,0.474407,-0.444113,2.52518
1,0.532333,-0.458672,2.53521
1,0.440578,-0.0289036,2.56637
1,0.457955,-0.140443,2.5657
1,0.847943,-1.15714,2.50533
1,0.471606,-0.449417,2.55528
1,0.590086,-0.265329,2.57522
1,0.540831,-0.46616,2.56207
1,0.457354,-0.403122,2.57479
1,0.467961,-0.18131,2.59184
1,0.51243,-0.0100901,2.60469
1,0.512442,-0.00895423,2.60494
1,0.466642,-0.028754,2.60337
1,0.583323,-0.465645,2.57609
1,0.451032,-0.0502838,2.60312
1,0.524739,-0.248754,2.59213
1,0.459802,-0.407214,2.58195
1,0.460732,-0.226221,2.59428
1,0.504393,-0.407585,2.58315
1,0.641576,-0.246767,2.59658
1,0.468077,-0.468717,2.57902
1,0.465991,-0.471186,2.57967
1,0.460367,-0.186562,2.59945
1,0.501445,-0.406903,2.58575
1,0.645806,-0.424745,2.58727
1,0.457418,-0.250602,2.59698
1,0.656133,-0.465017,2.58572
1,0.643914,-0.308737,2.59691
1,0.462255,-0.400216,2.5882
1,0.471297,-0.234167,2.60112
1,0.460184,-0.277868,2.59873
1,0.640085,-0.0693923,2.61712
1,0.494428,-0.13522,2.61041
1,0.454666,-0.148583,2.61031
1,0.561477,-0.221973,2.60907
1,0.524215,-0.338868,2.60227
1,0.52598,-0.0112587,2.6247
1,0.45658,-0.0325537,2.623
1,0.83608,-0.036186,2.62947
1,0.583346,-0.185216,2.61568
1,0.504213,-0.453475,2.59649
1,0.822457,-0.465021,2.60196
1,0.861186,0.0102258,2.6349
1,0.483131,-0.466228,2.59799
1,0.58157,-0.0650368,2.62671
1,0.522972,-0.216354,2.61678
1,0.530042,-0.316873,2.6102
1,0.855596,0.00324212,2.63792
1,0.753423,-0.00443725,2.63593
1,0.453607,-0.0457184,2.62865
1,0.647835,-0.223916,2.6202
1,0.704962,-0.371799,2.61223
1,0.567575,-0.408873,2.60757
1,0.648061,-0.196043,2.62532
1,0.681714,-0.103531,2.63224
1,0.510634,-0.474702,2.60455
1,0.801885,-0.342743,2.61844
1,0.543044,-0.406801,2.61055
1,0.662526,-0.40455,2.61271
1,0.66317,-0.434378,2.61088
1,0.41714,-0.0128254,2.63693
1,0.655962,-0.0370328,2.64086
1,0.498918,-0.15943,2.63027
1,0.568057,-0.00912968,2.64221
1,0.822431,-0.246296,2.63095
1,0.825363,-0.370888,2.62394
1,0.496315,-0.000258591,2.64422
1,0.489264,-0.46605,2.61299
1,0.761922,-0.24652,2.6324
1,0.832946,-0.342682,2.62721
1,0.861191,0.0033483,2.65172
1,0.707148,-0.368961,2.62535
1,0.877187,-0.481189,2.6206
1,0.821832,-0.129051,2.64458
1,0.455354,0.00395844,2.64809
1,0.634482,-0.474533,2.61875
1,0.829408,-0.103725,2.64741
1,0.817795,-0.066825,2.65097
1,0.705638,-0.248114,2.637
1,0.681288,-0.00700469,2.65369
1,0.713874,-0.0101075,2.65483
1,0.780806,-0.469297,2.62485
1,0.736148,-0.393473,2.62974
1,0.568241,-0.00221413,2.65503
1,0.832167,-0.405619,2.63247
1,0.617892,-0.134633,2.6474
1,0.616187,-0.0429887,2.65418
1,0.823568,-0.246525,2.64592
1,0.796481,-0.33298,2.63971
1,0.731668,-0.0939273,2.6556
1,0.824756,-0.287194,2.64439
1,0.708367,0.000446497,2.66292
1,0.826883,-0.368533,2.64051
1,0.554659,-0.467587,2.62982
1,0.77822,-0.211059,2.65129
1,0.562699,-0.227934,2.64691
1,0.788089,-0.442109,2.63717
1,0.793394,-0.0929386,2.66179
1,0.817605,-0.777238,2.61714
1,0.680796,-0.225994,2.65248
1,0.546344,-0.0104481,2.66498
1,0.678576,-0.0420477,2.67075
1,0.864364,0.00676364,2.67766
1,0.864128,0.00340391,2.68171
1,0.746188,-0.410499,2.65188
1,0.66255,-0.468213,2.6468
1,0.873943,-0.376355,2.65768
1,0.802253,-0.224854,2.66826
1,0.869827,-0.134465,2.67631
1,0.681395,-0.479143,2.65103
1,0.800563,-0.107233,2.67847
1,0.661322,-0.343474,2.6605
1,0.743031,-0.167319,2.67461
1,0.870254,-0.00726057,2.68791
1,0.872832,-0.388643,2.66292
1,0.680502,-0.392398,2.6603
1,0.802775,-0.166331,2.67795
1,0.758241,-0.470611,2.65672
1,0.659699,-0.21812,2.67266
1,0.86826,-0.0471068,2.68803
1,0.868433,-0.468752,2.65993
1,0.73397,-0.409194,2.66223
1,0.865758,-0.317153,2.67132
1,0.720216,-0.0282333,2.69126
1,0.61506,-0.0302346,2.68988
1,0.847446,-0.0258493,2.69639
1,0.870925,-0.144614,2.68875
1,0.727892,-0.00708554,2.69682
1,0.855468,-0.404553,2.67216
1,0.793944,-0.469133,2.66837
1,0.852188,-0.152384,2.6949
1,0.0595174,-0.0354204,2.69037
1,0.792586,-0.480878,2.67421
1,0.857342,-0.0223487,2.71727
1,0.883109,-0.0896967,2.73399
1,0.906814,-1.0471,2.67521
1,0.958053,-1.00966,2.71392
1,0.88246,-0.770817,2.72927
1,0.931855,-1.06399,2.71342
1,0.960493,-1.03334,2.76463
1,0.971293,-0.945686,2.78294
1,0.906733,-0.631529,2.8156
1,0.9787,-1.03615,2.79777
1,0.960978,-0.954093,2.80672
1,1.69439,-0.0627477,2.91362
1,1.69874,-0.0537582,2.92205
1,1.71052,-0.0586507,2.94955
1,1.72956,-0.0562429,2.97361
1,1.73407,-0.0661604,2.98594
1,0.0446123,-0.0498399,2.9898
1,-1.08232,-1.36399,3.92007
1,-1.17605,-1.46651,4.11083
2,0.0570306,-0.0027242,0.0926154
2,0.0567106,-0.00491016,0.0928796
2,0.0528417,-0.00554579,0.0993227
2,0.0513681,-0.00677745,0.100737
2,0.0447279,-0.00753471,0.107079
2,0.0345072,-0.0114683,0.123658
2,0.234117,0.125913,0.520929
2,0.13377,0.180769,0.634163
2,0.240963,-0.146846,0.809379
2,0.248817,-0.121632,0.817487
2,-0.321846,0.0931072,0.867263
2,0.32771,-0.236044,1.21335
2,0.33415,-0.23874,1.22242
2,0.332272,-0.239002,1.22359
2,0.324572,-0.124452,1.24488
2,0.355097,-0.211118,1.24295
2,0.323663,-0.0659072,1.25112
2,-0.114017,0.471876,1.29561
2,-0.124162,0.478564,1.31374
2,0.309375,0.270479,1.31591
2,-0.106206,0.220753,1.32388
2,-0.37424,0.382326,1.35674
2,-0.379284,0.379781,1.36282
2,-0.258178,0.474122,1.37756
2,0.238576,0.342092,1.38187
2,-0.404147,0.377356,1.37034
2,0.304985,0.361226,1.40562
2,-0.21845,0.444112,1.41247
2,-0.281169,0.440529,1.41971
2,-0.287823,0.45501,1.43077
2,-0.309152,0.42,1.42933
2,-0.221609,0.450644,1.43427
2,-0.284912,0.450262,1.43326
2,-0.237247,0.451169,1.43678
2,-0.282574,0.434893,1.43542
2,-0.282896,0.436535,1.44056
2,-0.438843,0.358403,1.43625
2,-0.226658,0.453592,1.44804
2,-0.36137,0.393059,1.44686
2,-0.240677,0.457612,1.45458
2,-0.119002,0.267903,1.44689
2,-0.150991,0.48548,1.47091
2,-0.333869,0.430752,1.46547
2,-0.230066,0.463758,1.47075
2,-0.370165,0.39475,1.46696
2,-0.274623,0.404773,1.47043
2,-0.152674,0.489821,1.47827
2,-0.366894,0.399687,1.47003
2,-0.158052,0.482597,1.48074
2,-0.442673,0.382754,1.47511
2,-0.333547,0.43358,1.48307
2,-0.26405,0.412429,1.4848
2,-0.291685,0.415126,1.48466
2,-0.368439,0.400941,1.4883
2,-0.289673,0.415647,1.4917
2,-0.160075,0.480158,1.5127
2,-0.267493,0.423355,1.50874
2,-0.372729,0.453552,1.50945
2,-0.288933,0.418254,1.51698
2,-0.367554,0.450444,1.51882
2,-0.372152,0.457617,1.52426
2,-0.322256,0.428448,1.53768
2,-0.326519,0.432156,1.54235
2,-0.517113,0.311891,1.53802
2,-0.104231,0.131509,1.53708
2,-0.330851,0.434745,1.55361
2,-0.466554,0.349427,1.54604
2,-0.299413,0.43024,1.5606
2,-0.105326,0.129257,1.55668
2,-0.301487,0.442855,1.59161
2,-0.541064,0.315931,1.58601
2,-0.506045,0.331632,1.62461
2,-0.340839,0.414604,1.63619
2,-0.538083,0.304424,1.63409
2,-0.556765,0.304874,1.63446
2,-0.578013,0.305573,1.65383
2,0.543616,0.236388,1.67759
2,0.635687,0.331341,1.68509
2,-0.578281,0.304824,1.65785
2,-0.672503,0.216624,1.65169
2,0.635296,0.318871,1.68815
2,-0.383612,0.389301,1.67371
2,0.134185,0.142282,1.67536
2,0.402011,0.207739,1.68499
2,0.615711,0.291603,1.69559
2,-0.571348,0.308986,1.67328
2,0.615313,0.326214,1.70269
2,-0.399638,0.390505,1.6887
2,0.616412,0.299116,1.70893
2,-0.545912,0.361022,1.69293
2,0.629851,0.30128,1.7311
2,0.633527,0.303673,1.7389
2,-0.335056,0.182353,1.71621
2,0.499814,0.190905,1.74594
2,-0.575178,0.322789,1.73144
2,-0.475278,0.375471,1.75526
2,-0.639301,0.298595,1.75565
2,-0.352242,0.188267,1.76319
2,-0.653676,0.270582,1.7635
2,-0.648853,0.307155,1.77133
2,0.623917,0.26472,1.79783
2,-0.778124,0.188041,1.76935
2,-0.751616,0.217275,1.7769
2,0.56259,0.245792,1.8118
2,0.789452,0.316576,1.85721
2,0.641331,0.271304,1.8523
2,0.788465,0.314347,1.85839
2,0.83387,0.326059,1.86411
2,0.544881,0.241649,1.85625
2,0.746683,0.35369,1.86753
2,-0.796173,0.203967,1.82559
2,0.575548,0.255594,1.85877
2,-0.0261742,0.157868,1.84473
2,0.577053,0.254494,1.86712
2,0.656732,0.284244,1.87609
2,0.534051,0.210441,1.88389
2,0.736973,0.3879,1.91735
2,-0.897614,0.0896467,1.86888
2,-0.641638,0.56278,1.90112
2,0.0740767,0.122142,1.90111
2,0.534803,0.237275,1.92245
2,-0.544617,0.349634,1.90748
2,0.399427,0.195119,1.92358
2,0.540449,0.243303,1.93048
2,0.59519,0.123313,1.92499
2,0.51614,0.230712,1.93443
2,0.552713,0.246696,1.93702
2,0.542305,0.2454,1.94185
2,-0.672719,0.283916,1.91826
2,0.601541,0.206353,1.94183
2,0.590862,0.125151,1.94448
2,0.587614,0.128204,1.9468
2,0.806036,0.336122,1.96736
2,0.54798,0.240247,1.96165
2,0.0873029,0.102729,1.94396
2,-0.242688,0.313044,1.95045
2,0.500122,0.228764,1.96617
2,0.416948,0.201946,1.96535
2,0.471842,0.222177,1.97432
2,-0.240253,0.314299,1.96702
2,-0.953145,0.129887,1.95001
2,-0.628498,0.309712,1.97525
2,0.278543,0.163613,1.99064
2,0.330092,0.271674,2.00203
2,0.411934,0.16885,1.99806
2,0.496108,0.227005,2.0309
2,0.330133,0.169865,2.02707
2,0.777035,0.301648,2.054
2,-0.236543,0.0842161,2.02828
2,0.782814,0.302273,2.06917
2,0.54617,0.230317,2.06413
2,0.704305,0.279358,2.07276
2,0.705931,0.280988,2.0777
2,-0.849078,0.180293,2.05213
2,0.62702,0.254687,2.08892
2,-0.842372,0.181639,2.05332
2,-0.85585,0.18789,2.05362
2,0.0733023,0.0773506,2.11778
2,-0.876775,0.183702,2.10628
2,-0.101438,-0.767057,2.07737
2,-0.0696234,-0.765186,2.0887
2,0.595578,0.238182,2.16338
2,0.698944,0.247252,2.16774
2,0.240119,-0.0272371,2.14982
2,0.533966,0.226033,2.17336
2,0.0056527,-1.11088,2.08787
2,0.168836,0.114021,2.16177
2,0.339912,0.181288,2.17501
2,0.00563156,-1.1147,2.10378
2,0.414675,0.184754,2.19217
2,0.636515,0.215169,2.20115
2,0.552035,0.21876,2.20055
2,0.186339,0.125759,2.19337
2,-0.75002,0.653976,2.20767
2,-0.352599,-0.774405,2.16173
2,-0.957925,0.103563,2.19939
2,0.558374,0.216276,2.24495
2,-0.332036,0.1069,2.27323
2,-0.342421,0.200275,2.30812
2,0.217445,0.216591,2.32822
2,0.350503,0.164474,2.35237
2,-0.374694,-0.826969,2.28175
2,-0.348225,0.210619,2.34783
2,-0.379315,-0.830308,2.29493
2,-0.317806,0.196043,2.36617
2,-0.361827,0.220926,2.42392
2,-0.953976,0.136053,2.43276
2,-0.855929,0.727383,2.46981
2,0.748747,-0.475212,2.44193
2,0.181466,0.0955,2.48001
2,0.753878,-0.488484,2.47191
2,0.18405,0.0918186,2.5121
2,0.444205,0.362555,2.55662
2,0.754139,-0.508604,2.51472
2,0.833569,-0.255499,2.56094
2,0.684304,-0.327598,2.5572
2,0.5517,-0.183577,2.56311
2,0.713897,-0.387312,2.56355
2,0.496236,-0.162967,2.57285
2,0.670068,0.206612,2.59759
2,-0.996252,0.150369,2.56098
2,0.551316,-0.0648221,2.58387
2,0.55259,-0.1047,2.58228
2,0.494154,-0.0436157,2.58644
2,0.709367,-0.14735,2.58545
2,0.526417,-0.209155,2.57829
2,0.451515,-0.2507,2.57501
2,0.695249,-0.309831,2.57748
2,0.568246,0.0896221,2.59749
2,0.525118,-0.152485,2.58303
2,0.837839,-0.141584,2.5908
2,0.674048,-0.301601,2.5804
2,0.675218,-0.341582,2.57829
2,0.827789,-0.258139,2.58671
2,0.836195,-0.0469612,2.59937
2,0.690197,-0.071756,2.59733
2,0.553857,-0.101627,2.59418
2,0.735053,-0.363757,2.58545
2,0.826702,-0.144748,2.59985
2,0.580322,-0.00889149,2.60307
2,0.580469,-0.00888604,2.60373
2,0.450528,-0.132984,2.59534
2,0.528893,-0.438274,2.58066
2,0.578153,-0.132848,2.59922
2,0.659361,-0.332547,2.59154
2,0.606248,-0.265536,2.5955
2,0.862471,-0.481152,2.58981
2,0.734051,-0.244221,2.60078
2,0.520532,-0.101558,2.60574
2,0.536284,-0.19904,2.60092
2,0.709872,-0.449207,2.59127
2,0.767138,-0.192856,2.60816
2,0.729963,-0.0431911,2.61791
2,0.825748,-0.446705,2.59797
2,0.543186,-0.405709,2.59432
2,0.737135,-0.28509,2.60541
2,0.792165,-0.185635,2.61273
2,0.578943,-0.000516675,2.6198
2,0.733375,-0.159738,2.61587
2,0.734701,-0.164327,2.61578
2,0.648062,-0.278236,2.61102
2,0.724338,-0.00250202,2.62874
2,0.738283,-0.284762,2.61374
2,0.857063,-0.346301,2.61312
2,0.639426,-0.0737879,2.62453
2,0.60851,-0.32244,2.61011
2,0.853218,-0.184659,2.62451
2,0.851663,-0.103757,2.63136
2,0.502876,-0.403007,2.60745
2,-1.06242,0.102001,2.60195
2,0.657669,-0.100557,2.63197
2,0.846185,-0.0599767,2.6386
2,0.716761,-0.265144,2.62553
2,0.765992,-0.313055,2.62416
2,0.723744,0.00354866,2.64207
2,0.581774,-0.0003247,2.64017
2,0.855105,-0.311064,2.63014
2,0.760369,-0.0708169,2.64215
2,0.468186,-0.390862,2.62041
2,0.465045,-0.0457564,2.64059
2,0.468242,-0.142402,2.63767
2,0.464669,-0.224606,2.63677
2,0.818528,-0.00387368,2.65702
2,0.792767,-0.334297,2.63882
2,0.476905,-0.273278,2.63638
2,0.63211,-0.350153,2.63572
2,0.786779,-0.0904202,2.6557
2,0.509297,-0.457137,2.63043
2,0.489065,-0.103857,2.64979
2,0.484861,-0.161607,2.64649
2,0.802435,-0.43331,2.64474
2,0.799679,-0.0111429,2.69971
2,0.817908,-0.166926,2.70159
2,0.821442,-0.412243,2.68824
2,0.336668,0.0737357,2.70795
2,0.444273,-0.0103733,2.70563
2,0.451501,-0.00764058,2.74274
2,0.448716,0.157586,2.75341
2,0.780201,-0.48624,2.73302
2,0.835606,-0.0055865,2.76492
2,0.826375,-0.00462159,2.76653
2,0.709154,-0.00295388,2.76746
2,0.480036,-0.511674,2.73856
2,0.389097,0.136185,2.78479
2,1.86777,-0.107088,3.20223
2,1.92513,-0.0721023,3.30522
2,2.0111,-0.103118,3.39821
2,1.34108,0.865387,9.31941
3,0.300665,-0.225898,1.21505
3,0.319602,-0.156676,1.23337
3,0.338715,-0.117153,1.25068
3,-0.00434659,0.528673,1.25535
3,-0.107828,0.508834,1.27214
3,0.0301502,0.522322,1.27435
3,-0.109746,0.509601,1.27534
3,0.0320655,0.524158,1.27711
3,-0.172993,0.501657,1.28072
3,0.0135691,0.499824,1.28905
3,0.0133173,0.503822,1.29411
3,-0.0354432,0.514454,1.30526
3,0.0877533,0.51382,1.31543
3,-0.0383806,0.51185,1.31483
3,-0.035782,0.513748,1.31508
3,-0.136312,0.486805,1.31713
3,-0.127431,0.480541,1.31769
3,-0.229487,0.483899,1.33077
3,-0.217163,0.481397,1.33227
3,0.00204015,0.476747,1.33703
3,-0.223453,0.482398,1.34302
3,-0.0685616,0.470211,1.35626
3,-0.2571,0.46072,1.35544
3,-0.222457,0.478812,1.3571
3,-0.0708041,0.473529,1.37278
3,0.257887,0.486627,1.37699
3,-0.152026,0.468348,1.41617
3,0.243223,0.466184,1.42366
3,-0.336708,0.443307,1.42661
3,-0.150313,0.467177,1.4307
3,-0.290632,0.450995,1.43523
3,-0.238791,0.449094,1.44138
3,0.06074,0.451909,1.44509
3,-0.230411,0.450651,1.44335
3,-0.242621,0.448041,1.45077
3,0.301241,0.426492,1.46698
3,0.0899141,0.4225,1.46512
3,0.0903816,0.41562,1.46886
3,0.295202,0.429192,1.4713
3,0.0855209,0.426652,1.47301
3,0.430317,0.437314,1.48741
3,0.0778755,0.418354,1.48389
3,0.435272,0.436477,1.49071
3,0.0939218,0.422773,1.48704
3,-1.04302,0.472432,1.47941
3,0.078816,0.421412,1.49576
3,0.0870711,0.431166,1.49788
3,0.0858102,0.433064,1.49956
3,-0.512225,0.433174,1.49295
3,0.0874352,0.429911,1.50172
3,-0.514373,0.436683,1.49531
3,0.102475,0.438085,1.50477
3,0.109588,0.429282,1.51449
3,-0.51802,0.438511,1.5095
3,0.0237702,0.397841,1.5431
3,-0.527811,0.447701,1.53899
3,0.0205906,0.397447,1.54779
3,0.0232562,0.401599,1.54871
3,-0.327783,0.391587,1.55473
3,-1.0894,0.492115,1.54963
3,-0.32606,0.387739,1.56621
3,0.334532,0.39487,1.57718
3,0.111537,0.401163,1.57993
3,0.459949,0.434423,1.58875
3,0.48809,0.419127,1.59224
3,0.27578,0.398558,1.62104
3,-1.12944,0.515722,1.60434
3,0.274815,0.401633,1.62294
3,-0.501802,0.36974,1.62034
3,-0.528391,0.344005,1.64834
3,-0.0172335,0.346371,1.65666
3,-0.535839,0.347399,1.65234
3,0.244878,0.368398,1.66284
3,-0.432604,0.35857,1.65862
3,-0.50703,0.341258,1.66718
3,-0.443074,0.366381,1.67527
3,-0.122372,0.337408,1.69575
3,0.204026,0.341238,1.73091
3,0.206146,0.339695,1.73233
3,-0.145031,0.300104,1.73558
3,0.0133138,0.297299,1.74981
3,0.0188253,0.301961,1.7519
3,-0.640198,0.298691,1.75367
3,0.3923,0.342879,1.76758
3,0.011874,0.301305,1.76805
3,-0.211846,0.287617,1.76587
3,-0.638988,0.297861,1.763
3,0.910456,0.369986,1.78683
3,0.908303,0.36974,1.79016
3,-0.669,0.291977,1.77774
3,0.720142,0.337354,1.80735
3,0.719293,0.339499,1.8095
3,0.865835,0.355383,1.81229
3,-0.675365,0.270369,1.79813
3,0.234591,0.288513,1.80871
3,0.726885,0.336852,1.81457
3,0.886034,0.325401,1.81757
3,-0.215234,0.288025,1.80672
3,0.868728,0.357116,1.81998
3,0.730263,0.338387,1.82004
3,0.657954,0.342825,1.81989
3,0.889131,0.324654,1.8238
3,0.72757,0.342041,1.82218
3,0.731969,0.344154,1.82462
3,-0.679704,0.281225,1.81045
3,0.865672,0.360101,1.82926
3,0.673336,0.342662,1.82919
3,0.0289466,0.287914,1.82285
3,-0.0869857,0.313635,1.82388
3,0.243848,0.294697,1.8296
3,0.896523,0.320839,1.83861
3,-0.223047,0.294534,1.8286
3,-0.086336,0.314606,1.83269
3,0.80006,0.304331,1.84373
3,-0.709504,0.275171,1.82806
3,-0.0854354,0.316401,1.8365
3,0.862863,0.321795,1.85111
3,-0.224074,0.294311,1.83997
3,0.800182,0.338186,1.85372
3,-0.0866656,0.305486,1.84857
3,0.806279,0.339968,1.86189
3,0.878007,0.332436,1.86911
3,0.9005,0.325708,1.87029
3,0.879118,0.327884,1.87171
3,0.770154,0.316534,1.87165
3,0.250315,0.299746,1.86631
3,0.879847,0.327597,1.87535
3,0.876133,0.326994,1.87605
3,0.25985,0.307256,1.86956
3,0.257172,0.304547,1.87164
3,-0.737524,0.251122,1.86105
3,-0.617253,0.276377,1.86238
3,-0.734177,0.248681,1.86139
3,0.261702,0.308522,1.87597
3,0.855362,0.314818,1.88311
3,-0.651115,0.2665,1.86947
3,0.694974,0.304791,1.9007
3,0.823614,0.308028,1.90659
3,0.717525,0.307106,1.91122
3,0.82657,0.307515,1.91327
3,0.721416,0.305635,1.9123
3,0.083419,0.259861,1.91517
3,0.679538,0.289663,1.93402
3,0.0869869,0.263952,1.93181
3,0.812569,0.30342,1.93991
3,0.830093,0.308888,1.94424
3,0.812536,0.308577,1.9441
3,0.707911,0.261957,1.96741
3,0.610666,0.269531,1.96825
3,0.397764,0.27532,1.97052
3,0.808098,0.276904,1.98089
3,0.615891,0.269551,1.97889
3,0.715041,0.261932,1.98063
3,-0.39239,0.211942,1.98793
3,-0.74873,0.208466,1.9844
3,-0.847266,0.191003,1.98754
3,0.0344366,0.24029,2.00127
3,-0.377114,0.200221,1.99715
3,0.43563,0.264102,2.00674
3,-0.781371,0.20148,2.00018
3,0.574232,0.253222,2.01788
3,0.42264,0.266371,2.02535
3,0.418257,0.261414,2.02658
3,0.698747,0.235874,2.03721
3,0.615141,0.24668,2.04355
3,-0.936397,0.157468,2.02887
3,0.763338,0.23976,2.05559
3,-0.842347,0.186017,2.03804
3,-0.00886188,0.194662,2.05831
3,-0.858476,0.179773,2.0545
3,0.429927,0.215838,2.07467
3,-0.849323,0.180769,2.06122
3,-0.987619,0.11334,2.06016
3,0.229204,0.223915,2.07356
3,-0.312356,0.188469,2.06866
3,0.520202,0.226312,2.07867
3,-0.310576,0.200278,2.07039
3,0.549619,0.229006,2.08519
3,-0.137266,0.183242,2.07827
3,0.680525,0.239206,2.09528
3,0.172433,0.200842,2.09221
3,0.510327,0.232137,2.09862
3,-0.17094,0.178328,2.1039
3,-0.564456,-0.774373,2.10901
3,0.657385,0.225184,2.1168
3,-0.027835,0.181687,2.11179
3,0.167156,0.184205,2.11637
3,0.393314,0.208972,2.11969
3,-0.174928,0.196729,2.11644
3,-0.295244,0.176205,2.11546
3,0.388642,0.202767,2.12451
3,0.394656,0.208864,2.12633
3,0.458706,0.197564,2.12892
3,-0.291316,0.178454,2.12711
3,-0.201654,0.195226,2.12911
3,0.461089,0.200015,2.13944
3,0.496823,0.195276,2.14333
3,0.495185,0.194411,2.14447
3,0.596752,0.190279,2.17865
3,0.571337,0.173438,2.21037
3,0.372853,0.16389,2.22298
3,0.334245,0.151724,2.22371
3,-0.308227,-0.147375,2.22114
3,-0.237256,0.13069,2.22394
3,0.12042,0.15326,2.23713
3,-0.242746,0.133116,2.24068
3,-0.23672,0.133289,2.24144
3,0.340211,0.143362,2.25335
3,-0.264704,0.0967708,2.24834
3,0.30225,0.132912,2.26984
3,0.212489,-0.667778,2.27498
3,0.690685,0.154961,2.27968
3,0.332975,0.117314,2.28374
3,0.70436,0.156504,2.30105
3,0.33915,0.123501,2.30416
3,-0.0926207,-0.837944,2.30646
3,0.0856529,0.0925039,2.3194
3,-0.0553275,-0.844343,2.32892
3,-0.0257754,-0.681607,2.33377
3,-0.0761855,-0.230935,2.33748
3,-0.035123,-0.457637,2.34399
3,-0.16659,-0.823644,2.34751
3,0.0700221,-1.11541,2.3532
3,-0.0380009,-0.560206,2.3485
3,-0.246674,-0.192479,2.34763
3,-0.00375048,-0.508185,2.3556
3,0.0691919,-1.12056,2.36215
3,-0.0423773,-0.564135,2.36754
3,-0.00782192,-0.397668,2.36711
3,-0.0905812,0.0375416,2.3648
3,1.09056,0.147111,2.3888
3,1.08487,0.146944,2.39593
3,1.09471,0.151154,2.39791
3,-0.0217709,-0.315031,2.38869
3,0.303697,0.0761039,2.42922
3,0.279021,0.056814,2.4304
3,0.513779,0.0788856,2.44509
3,-0.00704588,-0.232964,2.44227
3,-0.0115628,-0.226717,2.46098
3,-0.0112326,-0.238448,2.47103
3,0.856013,-1.10835,2.50351
3,0.853324,-1.03474,2.5154
3,0.96138,-0.91746,2.52439
3,0.888274,-1.0605,2.5365
3,0.865004,-1.01373,2.55064
3,0.894208,-0.961085,2.57286
3,0.566569,-0.474839,2.57861
3,0.467323,-0.421174,2.57717
3,0.629942,-0.46052,2.58399
3,0.624364,-0.468332,2.58891
3,0.45256,-0.133095,2.58481
3,0.586207,-0.46682,2.58917
3,0.483267,-0.343176,2.58727
3,0.563342,-0.478938,2.58956
3,0.46617,-0.490158,2.58955
3,0.63321,-0.466309,2.59201
3,0.50425,-0.283205,2.59424
3,0.644143,-0.34476,2.59727
3,0.50349,-0.248654,2.59906
3,0.592858,-0.13088,2.60024
3,0.787041,-0.822907,2.60763
3,0.719942,-0.461227,2.60432
3,0.812346,-0.82691,2.60952
3,0.532022,-0.0715313,2.60249
3,0.73494,-0.451412,2.6081
3,0.592169,-0.0401422,2.60366
3,0.644605,-0.315227,2.60734
3,0.547051,-0.0914674,2.60522
3,0.505172,-0.469893,2.61083
3,0.523239,-0.0734006,2.60842
3,0.656959,-0.190656,2.61108
3,0.727347,-0.148936,2.61277
3,0.682753,-0.304795,2.61377
3,0.827068,-0.792438,2.62093
3,0.716714,-0.0377591,2.61722
3,0.802693,-0.367632,2.6208
3,0.505126,-0.378126,2.61825
3,0.50476,-0.319287,2.62133
3,0.830068,-0.466132,2.62903
3,0.505024,-0.28578,2.62543
3,0.734412,-0.222553,2.63324
3,0.627005,-0.377571,2.63395
3,0.552932,-0.0134059,2.63318
3,0.789057,-0.825877,2.64181
3,0.819702,-0.161683,2.63829
3,0.686958,-0.317527,2.64001
3,0.676382,-0.16451,2.6416
3,0.819744,-0.0424914,2.64442
3,0.736621,-0.0439802,2.65104
3,0.871102,-0.290076,2.65918
3,0.878344,-0.432119,2.66558
3,-0.264632,-0.657236,2.65921
3,0.795724,-0.482859,2.67243
3,0.887937,-0.290068,2.67955
3,0.875561,-0.348173,2.68268
3,0.882459,-0.16831,2.69037
3,0.869325,-0.46443,2.70255
3,0.906024,-0.493468,2.71222
3,1.68858,-0.0513134,2.90178
3,-1.13987,-1.21238,3.37488
3,0.014051,0.477866,1.23998
0,0.014051,0.477866,1.23998
3,-0.290208,0.404769,1.52925
0,-0.290208,0.404769,1.52925
3,0.797387,-0.105964,2.64907
0,0.797387,-0.105964,2.64907
3,0.738768,-0.105876,2.64687
0,0.738768,-0.105876,2.64687
3,0.178883,-0.0830585,0.757753
0,0.178883,-0.0830585,0.757753
3,0.201577,-0.13411,1.00395
0,0.201577,-0.13411,1.00395
3,-0.514378,-0.759319,2.09308
0,-0.514378,-0.759319,2.09308
3,-0.438061,0.365544,1.6734
0,-0.438061,0.365544,1.6734
3,-0.884353,0.174266,2.10844
0,-0.884353,0.174266,2.10844
3,-0.694496,0.239368,1.92976
0,-0.694496,0.239368,1.92976
3,-0.819973,-0.877053,2.36371
0,-0.819973,-0.877053,2.36371
3,-0.42306,0.346612,1.60037
0,-0.42306,0.346612,1.60037
3,0.499729,0.386283,1.65136
0,0.499729,0.386283,1.65136
3,0.54691,-0.311344,2.55112
0,0.54691,-0.311344,2.55112
3,-0.840076,-0.898895,2.42221
0,-0.840076,-0.898895,2.42221
3,-0.0383075,-0.556078,2.36231
0,-0.0383075,-0.556078,2.36231
3,0.148756,0.463192,1.38383
0,0.148756,0.463192,1.38383
3,0.842057,-0.319425,2.64801
0,0.842057,-0.319425,2.64801
3,-0.129077,0.459483,1.25196
0,-0.129077,0.459483,1.25196
3,-0.895382,0.369853,1.36287
0,-0.895382,0.369853,1.36287
3,-0.163897,-0.787862,2.23478
0,-0.163897,-0.787862,2.23478
3,0.3387,0.381242,1.45179
0,0.3387,0.381242,1.45179
3,-0.132509,0.475224,1.29965
0,-0.132509,0.475224,1.29965
3,-0.254985,0.466594,1.36749
0,-0.254985,0.466594,1.36749
3,0.486175,-0.404072,2.67294
0,0.486175,-0.404072,2.67294
3,-0.380455,0.396305,1.40047
0,-0.380455,0.396305,1.40047
3,-0.370162,0.385774,1.3592
0,-0.370162,0.385774,1.3592
3,-0.182398,0.515887,1.65939
0,-0.182398,0.515887,1.65939
4,0.188547,0.389885,1.34985
4,-0.243193,0.46066,1.36738
4,-0.154827,0.462673,1.4278
4,-0.0493352,0.442717,1.44297
4,-0.0458099,0.446556,1.4464
4,-0.316937,0.427347,1.45362
4,0.331153,0.464863,1.45923
4,-0.499096,0.420907,1.4707
4,0.313764,0.429093,1.46308
4,-0.310777,0.403083,1.4775
4,-0.305634,0.410669,1.49199
4,0.189909,0.43528,1.49082
4,0.0944217,0.375494,1.5034
4,-0.0500316,0.41364,1.52841
4,-0.0499122,0.416616,1.52974
4,0.758985,0.456431,1.5257
4,0.760464,0.458336,1.52712
4,-0.463879,0.401381,1.54258
4,0.762371,0.461621,1.53731
4,0.339948,0.401188,1.57264
4,-0.321847,0.392839,1.58701
4,0.335343,0.40259,1.57904
4,-0.487207,0.362049,1.59969
4,0.681194,0.43255,1.59469
4,0.535616,0.374497,1.61079
4,-0.383377,0.377127,1.62445
4,0.175291,0.381163,1.62643
4,-0.382462,0.375217,1.63638
4,-0.530288,0.347152,1.6377
4,1.24503,0.425986,1.62618
4,0.55095,0.381624,1.63522
4,1.22748,0.429512,1.63457
4,-0.454678,0.357468,1.6569
4,1.09804,0.423894,1.64005
4,1.23645,0.441249,1.64635
4,1.21708,0.435712,1.64747
4,0.497924,0.38506,1.65815
4,-0.0650168,0.340467,1.66597
4,1.06098,0.412726,1.66165
4,-0.0673764,0.349926,1.68088
4,-0.106632,0.346414,1.69775
4,1.22195,0.425622,1.6823
4,0.482285,0.374767,1.6919
4,1.20899,0.415209,1.68356
4,1.18372,0.409032,1.68671
4,-0.122788,0.341481,1.70638
4,1.19423,0.417837,1.69332
4,1.19095,0.413524,1.69694
4,-0.572066,0.322183,1.72781
4,-0.658832,0.285481,1.72934
4,1.07429,0.394205,1.71276
4,0.657644,0.384505,1.7213
4,1.07938,0.396547,1.7171
4,1.02794,0.405482,1.72009
4,-0.00295026,0.292694,1.73514
4,1.00147,0.408295,1.72615
4,1.03515,0.419725,1.72826
4,1.08583,0.392742,1.72747
4,-0.504702,0.324106,1.75488
4,1.10175,0.408869,1.73831
4,1.00557,0.412577,1.73998
4,-0.637491,0.29435,1.76181
4,0.955966,0.381993,1.7459
4,0.952519,0.376474,1.74769
4,0.955683,0.375103,1.74993
4,1.01534,0.370932,1.76893
4,1.02259,0.368431,1.7786
4,0.693435,0.350282,1.79586
4,0.959731,0.344909,1.79276
4,0.692705,0.355385,1.79722
4,0.957131,0.349848,1.79547
4,0.94264,0.378651,1.79682
4,1.03673,0.380722,1.79798
4,0.694978,0.358508,1.80524
4,1.03816,0.382001,1.80249
4,0.727968,0.343957,1.80595
4,-0.710218,0.276433,1.82376
4,0.024617,0.277,1.81842
4,0.880279,0.327441,1.80984
4,0.38977,0.333827,1.8212
4,1.07239,0.364155,1.81319
4,0.665217,0.346293,1.82227
4,0.193888,0.263004,1.82739
4,0.859839,0.318356,1.8202
4,0.925777,0.348968,1.82067
4,0.967268,0.35787,1.82162
4,0.923802,0.35067,1.82668
4,1.11627,0.323197,1.82414
4,0.97994,0.361208,1.82792
4,0.979277,0.362714,1.82891
4,1.09309,0.375677,1.82971
4,0.925495,0.348239,1.83343
4,-0.734135,0.244217,1.85445
4,-0.641742,0.26533,1.85448
4,0.834001,0.357035,1.8445
4,0.210747,0.272139,1.85336
4,0.681694,0.316948,1.85252
4,1.09302,0.327994,1.84916
4,0.924788,0.334577,1.85256
4,0.799105,0.337668,1.85735
4,0.682666,0.320702,1.85888
4,1.12797,0.321112,1.85624
4,0.257606,0.307721,1.86875
4,0.907012,0.3279,1.86385
4,1.14661,0.329172,1.86065
4,0.833461,0.32632,1.86643
4,1.10744,0.32832,1.86429
4,0.883657,0.319115,1.86812
4,1.13085,0.317141,1.86521
4,0.784622,0.312997,1.87578
4,0.891074,0.334237,1.87606
4,1.15072,0.32098,1.87615
4,0.882533,0.330441,1.88031
4,1.15436,0.323378,1.87902
4,0.785317,0.298446,1.88389
4,0.82896,0.299253,1.89364
4,0.834482,0.301764,1.89408
4,0.686157,0.292343,1.89873
4,0.110611,0.301563,1.90954
4,-0.836162,0.210108,1.92146
4,0.113328,0.299302,1.91151
4,0.695538,0.277517,1.90369
4,0.828798,0.303689,1.9078
4,-0.131333,0.160328,1.92591
4,0.62735,0.278046,1.93324
4,-0.795764,-0.735816,1.9224
4,-0.790913,0.208894,1.98633
4,0.74004,0.279829,1.9734
4,0.747527,0.286484,1.97524
4,0.581948,0.269365,1.97814
4,0.524416,0.262693,1.9804
4,-0.382374,0.212739,1.99865
4,-0.37927,0.229546,2.00173
4,-0.178762,0.18554,2.00797
4,0.676745,0.261545,2.0007
4,0.57142,0.251254,2.00242
4,0.573753,0.25508,2.00364
4,0.616703,0.251454,2.03984
4,-0.862196,0.165532,2.05929
4,0.61775,0.249265,2.04261
4,-0.856424,0.161184,2.07994
4,-0.158129,0.206711,2.07984
4,0.676654,0.237351,2.07569
4,-1.01034,0.119617,2.09603
4,0.0650657,0.200754,2.08643
4,0.438823,0.22221,2.08301
4,0.227255,0.228637,2.08773
4,0.221775,0.226984,2.09028
4,0.66951,0.224814,2.09688
4,0.0513087,0.21228,2.10723
4,0.660405,0.230632,2.10533
4,0.411404,0.21144,2.11125
4,-0.293382,0.182814,2.12047
4,0.182187,0.172876,2.11887
4,0.20253,0.199594,2.12164
4,0.105941,0.193406,2.12527
4,0.0767276,0.210052,2.12941
4,-0.0076287,0.169556,2.13031
4,-0.94204,0.100166,2.14227
4,0.528763,0.208377,2.12604
4,0.525655,0.207598,2.12771
4,0.374809,0.194854,2.13024
4,0.373416,0.190595,2.13382
4,-0.32916,0.123769,2.14737
4,0.449603,0.180939,2.15001
4,0.645558,0.211171,2.15195
4,0.321676,0.178345,2.15724
4,0.142989,0.156956,2.16171
4,-0.223629,-0.552392,2.14603
4,0.326715,0.177624,2.16696
4,0.381888,0.16628,2.17324
4,0.295915,0.174813,2.17552
4,0.231467,0.172746,2.17836
4,0.240008,0.17677,2.18015
4,0.616749,0.198363,2.17572
4,0.39481,0.157461,2.18727
4,0.250935,0.181248,2.19319
4,-0.868477,0.122803,2.21242
4,-0.865089,0.133594,2.22355
4,-0.867869,0.129265,2.22752
4,-0.865836,0.133778,2.23461
4,0.302965,0.139169,2.22974
4,0.0971309,0.124631,2.23613
4,-0.233978,0.145422,2.24772
4,-0.923422,0.0975309,2.25741
4,-0.285213,-0.755572,2.24174
4,0.192026,0.0615187,2.26853
4,0.318167,0.143539,2.2744
4,0.907673,0.163263,2.28078
4,0.0867527,0.0855687,2.29284
4,-0.26959,-0.758091,2.2746
4,-0.112186,-0.260144,2.28836
4,-0.327526,-0.805642,2.27868
4,-0.0774621,-0.266202,2.29462
4,-0.0658906,-0.377277,2.29211
4,-0.121413,-0.829622,2.28008
4,0.0841857,0.0923454,2.30555
4,-0.0911218,-0.264923,2.30047
4,0.658055,0.136176,2.30694
4,-0.0565568,-0.554518,2.30498
4,-0.10071,-0.840176,2.29854
4,-0.0938061,-0.836267,2.30382
4,-0.093804,-0.232766,2.32451
4,-1.70755,-0.871991,2.33266
4,-0.0630991,-0.536862,2.32263
4,-0.0363881,-0.0270383,2.33992
4,-0.026975,-0.906872,2.31712
4,-0.197034,0.102698,2.35365
4,-0.0259288,-0.754362,2.33376
4,1.06315,0.141715,2.34925
4,0.295424,0.10226,2.35889
4,1.0629,0.145994,2.35807
4,0.14744,0.0685226,2.37045
4,1.06051,0.143659,2.36325
4,0.288813,0.0613845,2.37846
4,0.169069,0.0846405,2.38477
4,0.502692,0.0770912,2.4052
4,0.276869,0.0562539,2.41188
4,0.29009,0.0680294,2.42373
4,-0.499909,-0.866841,2.40691
4,0.0152592,-0.306079,2.5086
4,-0.682025,-0.882571,2.50961
4,-0.00170689,-0.150841,2.54489
4,0.43971,-0.478668,2.5303
4,0.442533,-0.157546,2.543
4,0.448466,-0.27848,2.54176
4,0.450182,-0.248459,2.54549
4,0.440445,0.00391757,2.55723
4,0.502018,-0.46632,2.55398
4,0.452973,-0.279649,2.56439
4,0.462378,-0.300934,2.56419
4,0.52534,-0.251979,2.56542
4,0.4455,-0.0425488,2.57363
4,0.491023,-0.389262,2.56819
4,0.553117,-0.375489,2.56988
4,0.897777,-0.954654,2.5481
4,0.483123,-0.0978285,2.58345
4,0.482524,-0.0100609,2.58674
4,0.501255,-0.435245,2.57493
4,0.592962,-0.0384539,2.5897
4,0.548838,-0.0285072,2.5927
4,0.598981,-0.3374,2.58488
4,0.630387,-0.0228139,2.59628
4,0.491134,-0.102901,2.59799
4,0.50186,-0.0663403,2.60374
4,0.461486,-0.0312418,2.60799
4,0.770285,-0.0442543,2.60569
4,0.784721,-0.328944,2.59883
4,0.769596,-0.0811988,2.60691
4,0.708019,-0.0788594,2.60836
4,0.518588,-0.00684078,2.6171
4,0.850766,-0.282279,2.60649
4,0.768847,-0.155287,2.61139
4,0.707166,-0.152957,2.61301
4,0.598977,-0.39685,2.60837
4,0.779825,-0.785145,2.59527
4,0.520901,-0.0101874,2.62269
4,0.624101,-0.344609,2.6153
4,0.62053,-0.253896,2.61869
4,0.773477,-0.79565,2.60338
4,0.863851,-0.382873,2.61635
4,0.911111,-1.06905,2.59577
4,0.692998,-0.340893,2.62867
4,0.641298,-0.00633393,2.64171
4,0.784671,-0.781246,2.61807
4,0.82521,-0.246149,2.63967
4,0.810916,-0.342603,2.64154
4,0.66021,-0.2028,2.64983
4,0.806504,-0.16078,2.64942
4,0.801242,-0.00285435,2.65687
4,0.668941,-0.0908624,2.65618
4,0.882459,-0.488491,2.64191
4,0.67302,-0.464231,2.64569
4,0.805676,-0.222643,2.65237
4,0.765642,-0.00135842,2.65987
4,0.910946,-0.897667,2.63148
4,0.85432,-0.599118,2.64263
4,0.775788,-0.0983321,2.66114
4,0.725081,-0.292559,2.65703
4,0.863795,-0.132943,2.66084
4,0.806302,-0.534487,2.67007
4,0.743806,-0.737306,2.67916
4,1.72458,-0.811131,2.69934
4,-0.959441,-0.996994,2.78751
4,-0.957191,-0.997362,2.78756
4,-0.96297,-0.998651,2.79939
4,1.18081,-0.845631,2.83525
4,1.68139,-0.103476,2.8542
4,1.70576,-0.106235,2.89531
4,1.72572,-0.0903211,2.90033
4,1.70144,-0.0544056,2.92304
4,-0.446224,0.42067,1.51977
2,-0.446224,0.42067,1.51977
4,0.159228,0.493873,1.47408
2,0.159228,0.493873,1.47408
4,-0.0180487,-0.0796664,2.49526
2,-0.0180487,-0.0796664,2.49526
4,-0.0592971,-0.140384,2.67524
2,-0.0592971,-0.140384,2.67524
4,0.494312,-0.0432277,2.58444
2,0.494312,-0.0432277,2.58444
4,0.448292,-0.222634,2.51307
2,0.448292,-0.222634,2.51307
4,0.733719,-0.244369,2.59945
2,0.733719,-0.244369,2.59945
4,-0.325124,-0.151809,2.34477
2,-0.325124,-0.151809,2.34477
4,0.675904,0.430007,1.58923
2,0.675904,0.430007,1.58923
4,0.854669,-0.311346,2.62893
2,0.854669,-0.311346,2.62893
4,0.176656,0.427428,1.5586
2,0.176656,0.427428,1.5586
4,0.807549,-0.395561,2.56379
2,0.807549,-0.395561,2.56379
4,0.494322,-0.130017,2.46538
2,0.494322,-0.130017,2.46538
4,0.52017,0.446369,1.58728
2,0.52017,0.446369,1.58728
4,-0.746368,0.364026,1.57431
2,-0.746368,0.364026,1.57431
4,0.509544,0.441693,1.56505
2,0.509544,0.441693,1.56505
4,-1.59321,-0.830349,2.09102
2,-1.59321,-0.830349,2.09102
4,-1.75941,-0.921209,2.31225
2,-1.75941,-0.921209,2.31225
4,0.0526966,0.212965,2.14236
2,0.0526966,0.212965,2.14236
4,-0.980097,0.170057,2.06463
2,-0.980097,0.170057,2.06463
4,-0.207424,0.279009,1.72148
2,-0.207424,0.279009,1.72148
4,-0.033622,-0.4749,2.44683
2,-0.033622,-0.4749,2.44683
4,-0.0363334,-0.474284,2.45275
2,-0.0363334,-0.474284,2.45275
4,-1.51454,-0.784609,2.03709
2,-1.51454,-0.784609,2.03709
4,0.304978,0.112595,2.26416
2,0.304978,0.112595,2.26416
4,0.240649,0.473747,1.43842
1,0.240649,0.473747,1.43842
4,0.00705541,-0.316278,2.53903
1,0.00705541,-0.316278,2.53903
4,0.155826,0.436396,1.45737
1,0.155826,0.436396,1.45737
4,0.492546,-0.398979,2.52615
1,0.492546,-0.398979,2.52615
4,0.795287,-0.0660191,2.57373
1,0.795287,-0.0660191,2.57373
4,0.509081,-0.21958,2.52492
1,0.509081,-0.21958,2.52492
4,0.56605,-0.0642585,2.55264
1,0.56605,-0.0642585,2.55264
4,0.48936,0.200912,2.07921
1,0.48936,0.200912,2.07921
4,-0.60738,0.293204,1.76431
1,-0.60738,0.293204,1.76431
4,0.489552,0.379749,1.70598
1,0.489552,0.379749,1.70598
4,0.471246,-0.10807,2.61561
1,0.471246,-0.10807,2.61561
4,-0.213395,-0.7685,2.13934
1,-0.213395,-0.7685,2.13934
4,0.399957,-0.17898,2.65318
1,0.399957,-0.17898,2.65318
4,0.812982,0.511407,1.86205
1,0.812982,0.511407,1.86205
4,-0.153743,-0.181326,0.72761
1,-0.153743,-0.181326,0.72761
4,-0.208684,0.330654,1.76657
1,-0.208684,0.330654,1.76657
4,-0.343599,0.156545,2.21026
1,-0.343599,0.156545,2.21026
4,0.795639,-0.100391,2.53834
1,0.795639,-0.100391,2.53834
4,0.822484,-0.0415652,2.54674
1,0.822484,-0.0415652,2.54674
4,0.970675,0.377358,1.52789
1,0.970675,0.377358,1.52789
4,-0.10174,-0.243967,2.44201
1,-0.10174,-0.243967,2.44201
4,-0.292776,0.452626,1.44754
1,-0.292776,0.452626,1.44754
4,-0.237155,-0.835311,2.37914
1,-0.237155,-0.835311,2.37914
4,-0.270399,0.439928,1.55214
1,-0.270399,0.439928,1.55214
4,-0.548607,-0.817957,2.25649
0,-0.548607,-0.817957,2.25649
4,-0.129945,0.179016,2.00488
0,-0.129945,0.179016,2.00488
4,0.283107,-0.188397,1.41154
0,0.283107,-0.188397,1.41154
4,0.0663712,-0.73579,2.49257
0,0.0663712,-0.73579,2.49257
4,0.757146,-0.230462,3.0561
0,0.757146,-0.230462,3.0561
4,-0.741247,0.246337,1.88409
0,-0.741247,0.246337,1.88409
4,-0.0258121,-0.33601,3.52994
0,-0.0258121,-0.33601,3.52994
4,0.439791,-0.370529,2.48256
0,0.439791,-0.370529,2.48256
4,0.328043,0.171544,2.0282
0,0.328043,0.171544,2.0282
5,-0.10214,-0.177941,0.0149798
5,-0.0599319,-0.129538,0.116634
5,-0.0663188,-0.265016,0.192554
5,-0.0631834,-0.156968,0.211197
5,0.128604,-0.207587,0.764048
5,0.241974,-0.144134,1.22163
5,-0.244647,0.448259,1.35708
5,0.376706,0.374961,1.34314
5,0.413046,0.33982,1.39921
5,0.121013,0.158863,1.41584
5,-0.40797,0.388505,1.42931
5,0.414371,0.352344,1.41749
5,-0.401577,0.390514,1.44099
5,-0.290532,0.448131,1.43913
5,-0.294047,0.427795,1.44118
5,0.27478,0.328011,1.45339
5,-0.376358,0.391533,1.4781
5,-0.379088,0.391757,1.4834
5,-0.370817,0.393184,1.4873
5,0.25049,0.481999,1.47726
5,0.408744,0.304659,1.48651
5,-0.324414,0.416127,1.51878
5,-0.462383,0.385201,1.52507
5,-0.271629,0.425138,1.53151
5,-0.148778,0.0823406,1.53077
5,-0.494948,0.346388,1.5632
5,-0.49368,0.351571,1.57093
5,-0.382689,0.379221,1.56941
5,-0.00493857,0.212999,1.56082
5,-0.486094,0.348967,1.57705
5,-0.118407,0.30136,1.56856
5,1.18008,0.441226,1.54954
5,1.20246,0.448455,1.55244
5,0.118617,0.44776,1.59126
5,-0.524343,0.328076,1.60844
5,-0.00128691,0.22144,1.59696
5,-0.527316,0.333782,1.61446
5,-0.386655,0.372893,1.63081
5,0.653932,0.396805,1.60771
5,-0.568751,0.314601,1.64359
5,-0.379469,0.381725,1.64397
5,1.05849,0.4138,1.61306
5,-0.403837,0.370781,1.65741
5,-0.472312,0.36819,1.67989
5,-0.153253,0.270925,1.67987
5,0.997949,0.382601,1.66768
5,-0.598015,0.312698,1.70761
5,0.731779,0.37116,1.68448
5,-0.657378,0.282423,1.72338
5,-0.521029,0.323202,1.72024
5,-0.140711,0.28229,1.71412
5,-0.576519,0.323299,1.73647
5,1.05302,0.406122,1.69986
5,0.733372,0.467317,1.70941
5,-0.609345,0.28611,1.74777
5,-0.614964,0.28696,1.7586
5,-0.611236,0.293312,1.76149
5,1.08337,0.392864,1.71947
5,0.907686,0.367781,1.72765
5,-0.684765,0.262518,1.77014
5,0.941388,0.368418,1.73185
5,0.900926,0.364927,1.7342
5,0.996007,0.358364,1.73631
5,0.625589,0.319255,1.75005
5,-0.738237,0.226909,1.78871
5,-0.697742,0.263325,1.79032
5,0.784611,0.320177,1.75837
5,0.623039,0.288664,1.76636
5,1.23138,0.431768,1.75333
5,1.02429,0.303247,1.77391
5,-0.730527,0.259289,1.82059
5,0.908607,0.36633,1.78417
5,-0.929563,0.127206,1.83889
5,0.785812,0.329991,1.79877
5,0.856872,0.347184,1.79969
5,-0.644925,0.265442,1.84377
5,0.968484,0.342384,1.80651
5,0.651706,0.264482,1.83108
5,-0.638144,0.271055,1.87076
5,0.948759,0.351456,1.83504
5,0.817348,0.29582,1.84633
5,0.912461,0.324434,1.84433
5,-0.949137,0.136573,1.89265
5,0.968201,0.344431,1.85379
5,-0.830953,0.199226,1.89942
5,0.959845,0.34363,1.85839
5,0.648943,0.27252,1.88193
5,0.912803,0.32755,1.87525
5,-0.0431219,0.150266,1.92215
5,0.358606,0.211697,1.91255
5,0.397693,0.2406,1.91392
5,0.591785,0.252228,1.91343
5,0.56141,0.250626,1.9162
5,-0.692873,0.247829,1.95401
5,-0.186672,0.170423,1.95047
5,0.801763,0.299365,1.92651
5,0.565834,0.255967,1.93305
5,-0.70044,0.252397,1.96999
5,0.662921,0.210513,1.9418
5,0.379537,0.222038,1.95009
5,-0.925888,0.0570258,1.98941
5,-0.875288,0.177696,1.9929
5,0.818987,0.299641,1.95259
5,0.62078,0.233649,1.96724
5,-0.97958,0.134561,2.01072
5,-0.988949,0.105965,2.02733
5,0.517592,0.241747,1.99208
5,0.631292,0.239579,1.99483
5,0.554254,0.245338,1.99783
5,0.500712,0.224524,2.00403
5,-0.759002,0.241483,2.04348
5,-0.157021,0.183527,2.03764
5,-0.758303,0.240018,2.05312
5,0.0865526,0.11653,2.03727
5,0.451044,0.212009,2.03046
5,-0.117043,-0.113256,2.05511
5,0.703013,0.231867,2.0392
5,0.695374,0.27559,2.0409
5,0.695705,0.275029,2.04669
5,-0.815865,0.225294,2.09474
5,-0.117972,-0.110341,2.0805
5,-0.857142,0.16823,2.09926
5,0.712709,0.237759,2.06299
5,0.70437,0.241806,2.06354
5,0.707232,0.233525,2.06431
5,-0.0615905,-0.0503169,2.08493
5,-0.328489,-0.76603,2.0934
5,-0.108596,-0.0332769,2.09209
5,-0.925217,0.158614,2.11528
5,-0.0249552,-0.362003,2.09413
5,-0.927002,0.160168,2.12479
5,0.330125,0.181024,2.10187
5,0.36408,0.184321,2.10313
5,-0.0504122,-0.536978,2.12152
5,-0.318713,0.0807125,2.12817
5,-0.107601,-0.0305919,2.12467
5,-0.321149,0.218267,2.15968
5,-0.274534,0.0890309,2.16639
5,-0.300187,0.194556,2.19863
5,0.518793,0.213332,2.18174
5,-0.122117,-0.808863,2.20889
5,0.649314,0.136418,2.19174
5,0.231512,0.171754,2.20267
5,0.38858,0.314838,2.19965
5,0.240428,0.208833,2.20486
5,-0.294996,0.197599,2.219
5,-0.0958418,0.0692206,2.21697
5,0.419843,0.183782,2.20755
5,0.558258,0.215766,2.2043
5,0.261658,0.142195,2.23093
5,0.437159,0.191466,2.22988
5,-0.0464066,-0.809917,2.24776
5,-0.232619,0.155381,2.28401
5,0.318227,0.148782,2.30693
5,0.262211,0.0461645,2.32791
5,0.180324,0.404834,2.33638
5,0.234083,0.0884548,2.34025
5,-0.23795,0.156928,2.36673
5,0.222126,0.123123,2.36855
5,-0.96505,0.109961,2.42341
5,0.624062,0.200819,2.38509
5,-0.955886,0.117997,2.43705
5,0.701085,-0.772557,2.42259
5,0.159056,0.0866313,2.47077
5,0.737686,-0.696835,2.47365
5,0.57076,-0.461021,2.53173
5,0.457526,-0.369103,2.55463
5,0.45472,-0.369144,2.55722
5,0.523222,-0.431402,2.56456
5,0.692779,-0.461521,2.56192
5,0.700131,-0.459096,2.57319
5,0.465479,-0.190413,2.57949
5,0.452265,-0.141558,2.58154
5,0.456987,-0.00545785,2.58391
5,0.549981,-0.206284,2.58214
5,0.543431,-0.441402,2.58468
5,0.489302,-0.204406,2.5883
5,0.490849,-0.15485,2.58841
5,0.469173,-0.489285,2.59279
5,0.490141,-0.0443772,2.5915
5,0.715864,-0.149035,2.58805
5,0.582367,-0.323102,2.59197
5,0.531791,-0.0936909,2.59472
5,0.458008,0.00178155,2.59637
5,0.415521,-0.0140369,2.59824
5,0.559618,-0.374411,2.59715
5,0.622446,-0.282158,2.6088
5,0.651017,-0.308382,2.60953
5,0.590345,-0.324321,2.61276
5,0.469125,-0.26359,2.61616
5,0.772997,-0.433885,2.60949
5,0.47376,-0.0142301,2.61621
5,0.703222,-0.00985745,2.61344
5,0.842365,-0.0137252,2.61373
5,0.487717,-0.203956,2.62299
5,0.780679,-0.449682,2.61702
5,0.46949,-0.059573,2.62578
5,0.616271,-0.205924,2.62709
5,0.599597,-0.0746552,2.63132
5,0.781496,-0.372398,2.62836
5,0.594379,-0.270601,2.63423
5,0.79962,-0.531315,2.63116
5,0.730599,-0.00447567,2.63227
5,0.806125,-0.306363,2.63126
5,0.835936,-0.277925,2.63372
5,0.792238,-0.531594,2.63622
5,0.606155,-0.0706118,2.6412
5,0.728505,-0.252858,2.63949
5,0.664221,-0.229044,2.64302
5,0.841911,-0.146817,2.6389
5,0.710139,-0.163114,2.6435
5,0.554995,-0.247658,2.6486
5,0.835362,-0.402884,2.64205
5,0.812751,-0.431604,2.6434
5,0.861087,-0.0440389,2.64145
5,0.730473,-0.256593,2.64584
5,0.865728,-0.426104,2.64593
5,0.663606,-0.338775,2.65215
5,0.729004,-0.255303,2.65115
5,0.724798,-0.210675,2.65235
5,0.866987,-0.345412,2.64918
5,0.72631,-0.0325008,2.65453
5,0.83235,-0.160265,2.65383
5,0.612537,-0.451918,2.66185
5,0.619204,-0.268643,2.66542
5,0.872092,-0.24902,2.66162
5,0.609783,-0.145571,2.67331
5,0.60875,-0.206941,2.67636
5,0.86057,-0.0350778,2.67061
5,0.791513,-0.273944,2.67293
5,0.862965,-0.0294639,2.67781
5,0.865486,-0.00225458,2.68118
5,0.818426,-0.0274246,2.70862
5,0.945691,-1.06026,2.76295
5,0.944239,-0.747267,2.83789
5,1.02603,-1.15044,2.86895
5,1.00936,-1.03271,2.87579
5,0.978326,-0.83741,2.89194
5,1.73892,-0.0492009,2.97046
5,1.11832,-1.32234,3.00998
5,1.08577,-1.08373,3.05641
5,1.23215,-1.42073,3.29438
5,0.0791375,-0.500818,3.57898
5,0.111971,-0.517817,4.04673
5,-0.188592,0.0857051,2.16493
3,-0.188592,0.0857051,2.16493
5,0.879779,-0.223069,2.68865
3,0.879779,-0.223069,2.68865
5,0.835397,-0.126339,2.55296
3,0.835397,-0.126339,2.55296
5,0.762993,-0.103096,2.52746
3,0.762993,-0.103096,2.52746
5,-0.767213,0.222769,1.87148
3,-0.767213,0.222769,1.87148
5,0.142848,0.281703,1.8817
3,0.142848,0.281703,1.8817
5,0.292657,0.419951,1.6867
3,0.292657,0.419951,1.6867
5,0.501679,-0.282126,2.58996
3,0.501679,-0.282126,2.58996
5,-0.784734,-0.829948,2.23313
3,-0.784734,-0.829948,2.23313
5,0.767324,0.456243,1.59417
3,0.767324,0.456243,1.59417
5,0.830146,-0.339641,2.56757
3,0.830146,-0.339641,2.56757
5,0.882482,-1.04349,2.53762
3,0.882482,-1.04349,2.53762
5,-0.00291934,-0.416462,2.48302
3,-0.00291934,-0.416462,2.48302
5,0.763247,0.45986,1.5487
3,0.763247,0.45986,1.5487
5,-0.580907,-0.77713,2.16681
3,-0.580907,-0.77713,2.16681
5,-0.219228,0.29662,1.86092
3,-0.219228,0.29662,1.86092
5,-0.294782,0.413212,1.52482
3,-0.294782,0.413212,1.52482
5,0.261034,0.317096,1.94725
3,0.261034,0.317096,1.94725
5,-0.164453,0.314595,1.80085
2,-0.164453,0.314595,1.80085
5,-0.0250834,0.352421,1.68568
2,-0.0250834,0.352421,1.68568
5,0.509224,0.234121,2.02416
2,0.509224,0.234121,2.02416
5,0.605876,-0.363086,2.53956
2,0.605876,-0.363086,2.53956
5,0.500895,-0.164261,2.59398
2,0.500895,-0.164261,2.59398
5,0.00208978,-1.22362,2.31845
2,0.00208978,-1.22362,2.31845
5,-0.0424578,0.466236,1.43176
2,-0.0424578,0.466236,1.43176
5,0.407963,0.321377,1.89131
2,0.407963,0.321377,1.89131
5,0.861485,-0.467108,2.62347
2,0.861485,-0.467108,2.62347
5,-0.152552,0.282774,1.90151
2,-0.152552,0.282774,1.90151
5,0.46704,0.480791,1.53105
2,0.46704,0.480791,1.53105
5,0.22034,0.456917,1.53682
2,0.22034,0.456917,1.53682
5,0.473778,0.488219,1.553
2,0.473778,0.488219,1.553
5,0.376178,0.194169,2.14896
2,0.376178,0.194169,2.14896
5,-0.03803,-0.460634,2.36116
2,-0.03803,-0.460634,2.36116
5,0.000496798,-1.20797,2.29839
2,0.000496798,-1.20797,2.29839
5,-0.573775,0.308253,1.69351
2,-0.573775,0.308253,1.69351
5,-0.372952,-0.814518,2.28302
2,-0.372952,-0.814518,2.28302
5,1.05778,0.416209,1.6939
2,1.05778,0.416209,1.6939
5,-0.0199007,0.354342,1.71552
2,-0.0199007,0.354342,1.71552
5,-0.047626,-0.732935,2.22518
2,-0.047626,-0.732935,2.22518
5,0.321114,0.45843,1.56956
1,0.321114,0.45843,1.56956
5,0.492228,-0.283889,2.54451
1,0.492228,-0.283889,2.54451
5,1.01624,-0.793884,2.48785
1,1.01624,-0.793884,2.48785
5,0.880038,-1.20221,2.59672
1,0.880038,-1.20221,2.59672
5,0.578044,0.429571,1.68757
1,0.578044,0.429571,1.68757
5,0.811696,-1.28726,2.31932
1,0.811696,-1.28726,2.31932
5,0.163554,0.45868,1.53296
1,0.163554,0.45868,1.53296
5,-0.175968,0.290984,1.85014
1,-0.175968,0.290984,1.85014
5,0.649098,-0.339828,2.58691
1,0.649098,-0.339828,2.58691
5,0.579778,-0.125012,2.58998
0,0.579778,-0.125012,2.58998
5,0.842573,-0.341881,2.5795
0,0.842573,-0.341881,2.5795
5,0.586776,-0.392965,2.54149
0,0.586776,-0.392965,2.54149
5,-0.489463,-0.84103,2.32925
0,-0.489463,-0.84103,2.32925
5,0.817313,-0.213636,2.59884
0,0.817313,-0.213636,2.59884
6,-0.205196,-0.22773,-0.0134553
6,-0.208351,-0.221225,0.0849822
6,-0.151294,-0.0671322,0.330353
6,-0.146809,-0.047664,0.385919
6,-0.277148,-0.40968,0.474315
6,-0.285758,-0.420603,0.529001
6,-0.302948,-0.448894,0.647411
6,0.177464,-0.0231157,0.841412
6,-0.170394,-0.0626064,0.847829
6,-0.0802577,-0.0504092,1.08309
6,0.118129,-0.0179698,1.16987
6,0.180354,-0.306195,1.1948
6,0.202426,-0.17281,1.22194
6,-0.421883,-0.596171,1.32274
6,-0.396132,0.361875,1.40468
6,0.0788553,0.143822,1.41495
6,-0.348133,0.35401,1.44856
6,-0.368482,0.367539,1.45379
6,0.371561,0.283955,1.44373
6,-0.373062,0.372962,1.46226
6,-0.334728,0.351343,1.47506
6,-0.187746,0.060347,1.47491
6,0.312524,0.274187,1.55104
6,-0.526545,0.318208,1.57554
6,0.198667,0.159997,1.56931
6,-0.528736,0.321649,1.6037
6,-0.374643,0.120518,1.59976
6,-0.701977,0.187029,1.60917
6,-0.527999,0.330405,1.61772
6,0.65893,0.407218,1.62102
6,-0.164852,0.449746,1.63602
6,-0.134996,-0.239226,1.63225
6,-0.517128,0.336695,1.64529
6,-0.375357,0.13337,1.6478
6,0.881198,0.308987,1.6324
6,-0.536724,0.343791,1.66673
6,0.675079,0.419843,1.66131
6,-0.581787,0.308951,1.69375
6,0.582139,0.317229,1.67575
6,-0.384144,0.404029,1.69991
6,-0.628959,0.283151,1.70476
6,0.5886,0.301378,1.6886
6,0.912974,0.358651,1.6866
6,-0.393433,0.394694,1.71464
6,0.919707,0.361528,1.7057
6,-0.638439,0.288779,1.73142
6,-0.748319,0.196177,1.7379
6,0.147729,0.0968762,1.7294
6,-0.466275,0.38103,1.74912
6,1.00935,0.353942,1.72507
6,-0.678143,0.255176,1.76503
6,0.881474,0.357541,1.74826
6,-0.526798,0.340929,1.77308
6,-0.465415,0.389312,1.77396
6,0.829358,0.331097,1.75355
6,0.663465,0.337312,1.76076
6,0.742055,0.301843,1.75934
6,-0.585497,0.335907,1.78209
6,1.0213,0.378052,1.76156
6,0.0992898,0.106272,1.78021
6,0.75708,0.312,1.77943
6,-0.806844,0.18066,1.80617
6,0.0341257,0.0646431,1.79211
6,-0.129875,-0.236239,1.80125
6,0.120715,0.120456,1.80414
6,-0.557422,0.324048,1.82472
6,-0.940332,0.112593,1.83758
6,0.61089,0.250734,1.81741
6,1.16227,0.43718,1.82613
6,0.556164,0.227307,1.83907
6,0.474026,-0.65784,1.83636
6,-0.0625544,0.131651,1.85539
6,0.528948,0.236707,1.85389
6,-0.554442,0.339883,1.8731
6,-0.564626,0.33257,1.87524
6,-0.914191,0.137759,1.89292
6,-0.539842,0.347992,1.89504
6,-0.949236,0.0811589,1.9123
6,0.900622,0.33723,1.89443
6,0.892491,0.337979,1.9028
6,0.111562,0.123122,1.91575
6,0.112599,0.00421858,1.91794
6,0.838792,0.300754,1.91098
6,0.865769,0.33582,1.91322
6,0.949937,0.349154,1.91567
6,-0.280169,0.0475922,1.95274
6,0.846527,0.311816,1.93817
6,0.432961,0.199199,1.97256
6,-0.98055,0.0953089,1.99872
6,0.608887,0.205426,1.97349
6,-0.792913,0.210035,2.0053
6,0.376181,0.181316,1.99398
6,0.570231,0.251527,1.99928
6,1.23414,0.364552,2.00687
6,0.383645,0.18817,2.01953
6,-0.801904,0.213372,2.04223
6,-0.836614,0.189821,2.04346
6,-0.105568,-0.778073,2.03284
6,0.142517,0.096305,2.03869
6,-0.714955,0.2744,2.05822
6,-0.116537,-0.766765,2.04352
6,-0.913145,0.138958,2.07008
6,-0.903406,0.151776,2.07054
6,0.771893,0.298133,2.04441
6,0.348759,0.179485,2.06646
6,-0.851195,0.19966,2.10325
6,-0.0538073,-0.845157,2.08573
6,-0.92411,0.161063,2.12486
6,-0.879427,0.182378,2.12558
6,0.533366,0.209951,2.10844
6,0.73823,0.295987,2.12702
6,-0.86017,0.193565,2.16295
6,-0.34306,-0.773347,2.14882
6,0.695871,0.251934,2.14973
6,0.367516,0.165314,2.17746
6,0.637136,0.218034,2.20619
6,0.431644,0.191494,2.22032
6,0.194986,0.0614443,2.22497
6,0.384187,0.177968,2.25035
6,0.662618,0.231283,2.2512
6,0.522521,0.213331,2.27082
6,0.593016,0.2385,2.28306
6,0.266535,0.196185,2.29038
6,0.427988,0.348707,2.29103
6,0.589081,0.236746,2.3001
6,0.42264,0.181736,2.33893
6,-0.948519,0.155293,2.41635
6,-0.99308,0.124032,2.41791
6,-0.996295,0.129014,2.4215
6,-1.01447,0.137002,2.43339
6,-0.130535,0.250463,2.42974
6,0.357126,0.174503,2.42674
6,0.39364,0.179509,2.45386
6,0.369589,0.153094,2.48979
6,0.368172,0.156278,2.50262
6,0.821154,-0.244925,2.50884
6,0.824584,-0.36416,2.51378
6,0.823768,-0.472323,2.52254
6,0.387153,0.156498,2.53666
6,0.482444,-0.162642,2.5322
6,0.82199,-0.131883,2.53067
6,0.512623,-0.242171,2.54354
6,0.611068,-0.401203,2.54914
6,0.842985,-0.399725,2.55304
6,0.843376,-0.365589,2.55487
6,0.607289,-0.164065,2.56296
6,0.695096,-0.338349,2.56581
6,0.761783,-0.45906,2.56904
6,0.755083,-0.366775,2.5713
6,0.834289,-0.166592,2.5756
6,0.82957,-0.0446546,2.57754
6,0.788104,-0.341616,2.57642
6,0.728472,-0.282212,2.57964
6,0.807807,-0.309199,2.57836
6,0.843482,-0.25434,2.57864
6,0.749899,-0.129874,2.58326
6,0.607959,-0.0433718,2.5867
6,0.822901,-0.267948,2.58565
6,0.748294,-0.126024,2.58862
6,0.550452,-0.449153,2.58881
6,0.769079,-0.374275,2.59013
6,0.53762,-0.207615,2.59571
6,0.809488,-0.0725953,2.59397
6,0.82796,-0.456608,2.5904
6,0.501617,-0.270221,2.59903
6,0.788426,-0.221669,2.59573
6,0.60414,-0.250762,2.59968
6,0.560331,-0.101536,2.602
6,0.595601,-0.386597,2.6003
6,0.601005,-0.375988,2.60609
6,0.774904,-0.309862,2.60687
6,0.798848,-0.469502,2.60592
6,0.620068,-0.159906,2.61364
6,0.828228,-0.425818,2.60745
6,0.788411,-0.51625,2.60781
6,0.54055,-0.134342,2.61601
6,0.495863,-0.463958,2.6157
6,0.535688,-0.0729302,2.62145
6,0.674213,-0.459289,2.6157
6,0.734718,-0.0457451,2.61919
6,0.737688,-0.403557,2.61619
6,0.684204,-0.22328,2.61949
6,0.666325,-0.46562,2.61902
6,0.743722,-0.281159,2.62014
6,0.476393,-0.405557,2.62375
6,0.671077,-0.31081,2.6216
6,0.483358,-0.487347,2.62483
6,0.563324,-0.15978,2.62844
6,0.868917,-0.464198,2.62197
6,0.817527,-0.0862182,2.62702
6,0.478135,-0.223364,2.63286
6,0.667554,-0.208454,2.6303
6,0.666898,-0.0871162,2.63207
6,0.601714,-0.362718,2.63176
6,0.784447,-0.312568,2.63036
6,0.788383,-0.313835,2.63192
6,0.796265,-0.396907,2.63108
6,0.522036,-0.341414,2.63659
6,0.720166,-0.36934,2.63337
6,0.670588,-0.329892,2.63535
6,0.731145,-0.268673,2.63548
6,0.743903,-0.34283,2.63452
6,0.732249,-0.390308,2.63495
6,0.474032,-0.0423761,2.64321
6,0.798575,-0.523819,2.63341
6,0.611497,-0.391279,2.63964
6,0.489312,-0.255153,2.64485
6,0.568107,-0.0922907,2.64954
6,0.778655,-0.143274,2.64761
6,0.775765,-0.185354,2.64892
6,0.882594,-0.483691,2.64453
6,0.613527,-0.0860583,2.65546
6,0.738296,-0.153949,2.6535
6,0.65921,-0.0248254,2.65963
6,0.430779,-0.0104689,2.66402
6,0.715055,-0.130878,2.65885
6,0.802081,-0.329563,2.65861
6,0.841901,-0.254084,2.66016
6,0.482507,-0.36468,2.66574
6,0.486725,-0.372116,2.66728
6,0.486118,-0.135873,2.67049
6,0.478306,-0.120222,2.67262
6,0.483032,-0.241266,2.67198
6,0.478775,-0.157255,2.67301
6,0.74663,-0.148526,2.67242
6,0.47748,-0.117438,2.67874
6,0.584241,-0.156307,2.67661
6,0.582556,-0.0361125,2.67909
6,0.768539,-0.344819,2.68419
6,0.712256,-0.283029,2.68606
6,0.830025,-0.407991,2.68594
6,0.707807,-0.158397,2.69486
6,0.831242,-0.281,2.69251
6,0.853073,-0.244654,2.69469
6,-2.15202,-1.00321,2.73718
6,0.82625,-0.160967,2.70228
6,-1.03777,0.176759,2.73875
6,0.853901,-0.118801,2.71578
6,0.843594,-0.40806,2.71367
6,0.832968,-0.036273,2.72916
6,0.83844,-0.0305725,2.73672
6,0.588496,0.483058,2.7766
6,0.811713,0.298414,2.87016
6,1.12366,-0.828762,3.23135
6,2.04714,-0.0325673,3.41561
6,-0.789148,-1.07056,3.57908
6,1.29633,-1.08067,3.59076
6,1.30368,-0.71107,3.72266
6,1.55785,-1.22963,4.1562
6,-3.29432,-1.58752,5.03784
6,1.47956,0.784876,5.11219
6,-0.486327,-1.48011,5.24143
6,-1.10023,-1.50555,5.43139
6,-1.69165,-2.1999,8.45654
6,0.00447448,-1.05814,2.32736
4,0.00447448,-1.05814,2.32736
6,0.263313,0.441274,1.50143
4,0.263313,0.441274,1.50143
6,0.51391,0.0811487,2.46043
4,0.51391,0.0811487,2.46043
6,-0.133044,0.18962,2.07996
4,-0.133044,0.18962,2.07996
6,-0.898276,-0.82441,2.22102
4,-0.898276,-0.82441,2.22102
6,-0.598668,0.316908,1.72189
4,-0.598668,0.316908,1.72189
6,-0.403017,-0.183372,2.48132
4,-0.403017,-0.183372,2.48132
6,0.262816,0.311422,1.90139
4,0.262816,0.311422,1.90139
6,-0.330972,0.124031,2.16321
4,-0.330972,0.124031,2.16321
6,-0.159831,0.209609,2.10611
4,-0.159831,0.209609,2.10611
6,0.828949,-0.712371,2.52991
4,0.828949,-0.712371,2.52991
6,-0.568906,0.31732,1.71882
4,-0.568906,0.31732,1.71882
6,0.0343415,-1.45441,2.26419
4,0.0343415,-1.45441,2.26419
6,0.376262,0.126324,1.63599
4,0.376262,0.126324,1.63599
6,0.811623,-0.136292,2.50741
4,0.811623,-0.136292,2.50741
6,-0.593766,-0.77984,2.15256
4,-0.593766,-0.77984,2.15256
6,-0.4822,-0.835404,2.29987
4,-0.4822,-0.835404,2.29987
6,-0.720587,0.243847,2.03292
4,-0.720587,0.243847,2.03292
6,-0.0498907,-0.134785,2.31351
4,-0.0498907,-0.134785,2.31351
6,0.33316,0.0817848,2.55511
4,0.33316,0.0817848,2.55511
6,0.763486,0.392786,1.75773
4,0.763486,0.392786,1.75773
6,0.507305,0.202327,2.13309
4,0.507305,0.202327,2.13309
6,-1.54003,-0.796424,2.08505
4,-1.54003,-0.796424,2.08505
6,-0.492599,-0.848532,2.35322
4,-0.492599,-0.848532,2.35322
6,0.735525,-0.626526,2.58119
4,0.735525,-0.626526,2.58119
6,0.686235,0.215575,1.38676
4,0.686235,0.215575,1.38676
6,0.211304,0.354089,1.79084
2,0.211304,0.354089,1.79084
6,0.459418,0.37909,1.78914
2,0.459418,0.37909,1.78914
6,-0.785846,-0.836584,2.25177
2,-0.785846,-0.836584,2.25177
6,0.859358,-0.85914,2.58136
2,0.859358,-0.85914,2.58136
6,0.812099,0.284138,1.53064
2,0.812099,0.284138,1.53064
6,-0.546565,-0.805433,2.2193
2,-0.546565,-0.805433,2.2193
6,0.388743,0.341206,1.77464
2,0.388743,0.341206,1.77464
6,-0.601678,-0.761788,2.12934
2,-0.601678,-0.761788,2.12934
6,-0.333416,0.130302,2.20526
2,-0.333416,0.130302,2.20526
6,-0.791223,-0.839082,2.26654
2,-0.791223,-0.839082,2.26654
6,-0.562954,-0.778198,2.24766
2,-0.562954,-0.778198,2.24766
6,0.513334,0.0818316,2.43888
2,0.513334,0.0818316,2.43888
6,0.881283,-1.25073,2.57186
2,0.881283,-1.25073,2.57186
6,0.0325012,0.289951,1.84719
2,0.0325012,0.289951,1.84719
6,-0.782735,-0.838365,2.2607
2,-0.782735,-0.838365,2.2607
6,-0.0873234,0.316972,1.84766
3,-0.0873234,0.316972,1.84766
6,0.855856,-0.12839,2.61734
3,0.855856,-0.12839,2.61734
6,0.626877,-0.0673521,2.57279
3,0.626877,-0.0673521,2.57279
6,-0.230567,-0.181947,2.13983
3,-0.230567,-0.181947,2.13983
6,-0.0468442,-0.7302,2.20119
3,-0.0468442,-0.7302,2.20119
6,-0.234341,0.122543,2.15873
3,-0.234341,0.122543,2.15873
6,0.324166,0.2572,1.91236
3,0.324166,0.2572,1.91236
6,-1.33813,0.128165,1.98238
3,-1.33813,0.128165,1.98238
6,-0.391347,0.210165,1.9795
3,-0.391347,0.210165,1.9795
6,0.886138,-0.735455,2.63978
3,0.886138,-0.735455,2.63978
6,0.716837,-0.0418226,2.61246
3,0.716837,-0.0418226,2.61246
6,-1.30257,-0.810105,2.10054
3,-1.30257,-0.810105,2.10054
6,-0.473216,-0.81259,2.23114
3,-0.473216,-0.81259,2.23114
6,-1.31817,-0.823017,2.13091
3,-1.31817,-0.823017,2.13091
6,-0.485715,-0.833213,2.29638
3,-0.485715,-0.833213,2.29638
6,-1.00057,0.154798,2.03805
3,-1.00057,0.154798,2.03805
6,0.75457,0.277764,2.07881
3,0.75457,0.277764,2.07881
6,0.611579,-0.103852,2.57743
1,0.611579,-0.103852,2.57743
6,0.43832,-0.251996,2.05473
1,0.43832,-0.251996,2.05473
6,-0.0390797,-0.936762,2.32842
1,-0.0390797,-0.936762,2.32842
6,0.177625,0.12911,2.22874
1,0.177625,0.12911,2.22874
6,-0.14515,-0.463614,2.3127
1,-0.14515,-0.463614,2.3127
6,-1.31612,-0.820154,2.13289
1,-1.31612,-0.820154,2.13289
6,-0.194216,0.187979,2.06198
1,-0.194216,0.187979,2.06198
6,-1.32903,-0.823231,2.1551
1,-1.32903,-0.823231,2.1551
6,-0.175342,0.288977,1.83443
1,-0.175342,0.288977,1.83443
6,0.673824,-0.401995,2.57526
0,0.673824,-0.401995,2.57526
6,0.356785,0.196476,2.13744
0,0.356785,0.196476,2.13744
6,0.334809,0.400298,1.67231
0,0.334809,0.400298,1.67231
7,-0.366373,-0.316888,-0.000263825
7,-0.504395,-0.442482,0.238235
7,-0.517176,-0.452525,0.297577
7,-0.0465607,-0.343932,0.748711
7,-0.0451635,-0.355769,0.75114
7,-0.0553382,-0.278449,0.754102
7,-0.0431866,-0.35692,0.755401
7,-0.637771,-0.602475,1.05166
7,0.0750688,-0.192076,1.18659
7,0.111724,-0.410672,1.18235
7,0.100723,-0.416803,1.18415
7,0.106115,-0.350137,1.20083
7,0.141546,-0.30367,1.20167
7,0.144646,-0.243833,1.20508
7,0.1215,-0.396456,1.20382
7,0.13218,-0.261598,1.21017
7,0.136059,-0.379093,1.2082
7,0.0803242,-0.29296,1.21202
7,0.1239,-0.366366,1.21111
7,0.0911555,-0.0276324,1.21955
7,0.119446,-0.338743,1.21453
7,0.12495,-0.307404,1.21684
7,0.129715,-0.229089,1.21998
7,0.12085,-0.203661,1.22243
7,0.153314,-0.335501,1.21985
7,0.162872,-0.217274,1.2278
7,0.144926,-0.29034,1.23082
7,0.155007,-0.271747,1.23372
7,-0.220703,0.192892,1.5392
7,-0.49752,0.338047,1.56849
7,-0.592391,0.271606,1.60857
7,0.538424,0.272626,1.61572
7,0.548176,0.264054,1.61802
7,0.552172,0.247667,1.65607
7,-0.466038,0.367869,1.69873
7,0.607542,0.302158,1.66698
7,-0.404884,0.131882,1.71395
7,-0.719519,0.200109,1.73343
7,-0.629884,0.273683,1.73574
7,-0.68354,0.256595,1.76463
7,-0.705851,0.258113,1.7912
7,-0.731725,0.227487,1.81759
7,-0.770536,0.196472,1.81894
7,0.613363,0.261783,1.79569
7,0.213178,0.363548,1.80981
7,0.692611,0.363545,1.80682
7,-0.560552,0.343042,1.88446
7,0.405462,0.186263,1.93282
7,0.525724,0.229517,1.9445
7,0.543041,0.239074,1.95767
7,-0.180884,-0.776379,1.9645
7,-0.168171,-0.784353,2.00781
7,-0.175988,0.165287,2.04289
7,-0.282219,0.0506989,2.04391
7,0.382647,0.182531,2.02754
7,0.290436,0.153731,2.06091
7,-0.912239,0.156664,2.10223
7,-0.862398,0.173456,2.11474
7,-0.909897,0.212179,2.1562
7,-0.0905577,-0.898216,2.11758
7,0.308876,0.169166,2.12862
7,-0.0772754,-0.902809,2.12873
7,-0.0824078,-0.898345,2.13115
7,-0.0766478,-0.912188,2.13152
7,0.364731,0.164946,2.17142
7,0.596425,0.257697,2.19449
7,0.541931,0.230045,2.21787
7,0.436425,0.197183,2.22076
7,0.4453,0.199734,2.24748
7,0.281236,0.157795,2.28736
7,0.45601,0.206787,2.28413
7,0.275504,0.207077,2.30351
7,-0.280937,0.240571,2.34228
7,-0.277616,0.23635,2.34383
7,-0.276757,0.222736,2.35213
7,0.265616,0.249304,2.35087
7,0.38869,0.176181,2.3962
7,-0.988207,0.138856,2.44131
7,0.362891,0.179913,2.41711
7,0.364837,0.180035,2.43331
7,-0.999687,0.155267,2.47904
7,0.464289,-0.00571331,2.48716
7,-0.915808,0.194847,2.53476
7,0.53924,-0.457395,2.4877
7,0.814958,-0.394762,2.48731
7,0.538308,-0.463789,2.50054
7,0.212266,0.121082,2.5217
7,0.817083,-0.283613,2.49741
7,0.818305,-0.359724,2.49605
7,0.58655,-0.00556275,2.5146
7,0.824445,-0.396206,2.50939
7,0.825635,-0.283008,2.51765
7,0.815111,-0.00676534,2.52485
7,0.489451,-0.158505,2.532
7,0.702189,-0.000665754,2.53491
7,0.797451,-0.453812,2.52517
7,0.823082,-0.0515781,2.53417
7,0.817513,-0.459305,2.52771
7,0.576432,-0.41738,2.54102
7,0.565088,-0.0669576,2.54798
7,0.522625,-0.244503,2.5523
7,0.49655,-0.396465,2.55062
7,0.573315,-0.186242,2.5561
7,0.837933,-0.39474,2.54542
7,0.49568,-0.281713,2.55883
7,0.557156,-0.465799,2.55396
7,0.579876,-0.29823,2.5571
7,0.51742,-0.120055,2.56228
7,0.497297,-0.276154,2.56035
7,0.519481,-0.239464,2.56056
7,0.828715,-0.00398299,2.55643
7,0.493982,-0.0438355,2.56563
7,0.556659,-0.298577,2.55954
7,0.643278,-0.364108,2.55773
7,0.558433,-0.340374,2.56175
7,0.574492,-0.0636652,2.5665
7,0.825101,-0.0896665,2.55991
7,0.613204,-0.363419,2.56124
7,0.486328,-0.000328809,2.57136
7,0.555279,-0.100947,2.56783
7,0.766975,-0.455281,2.55598
7,0.838623,-0.134115,2.56022
7,0.621086,-0.399271,2.56376
7,0.589815,-0.455664,2.56416
7,0.559125,-0.220374,2.57086
7,0.677389,-0.464421,2.56425
7,0.836495,-0.0441212,2.56758
7,0.82569,-0.320564,2.56313
7,0.639936,-0.357021,2.56784
7,0.83908,-0.166424,2.56669
7,0.756704,-0.362334,2.56775
7,0.637712,-0.122669,2.57581
7,0.599691,-0.41543,2.57326
7,0.833191,-0.217631,2.57031
7,0.816355,-0.216733,2.57103
7,0.543587,-0.330105,2.57841
7,0.698081,-0.182741,2.57714
7,0.550519,-0.437335,2.57697
7,0.758386,-0.397261,2.57237
7,0.772447,-0.369504,2.57267
7,0.836705,-0.325297,2.57215
7,0.550523,-0.399919,2.57927
7,0.695358,-0.181452,2.57941
7,0.560408,-0.465349,2.57831
7,0.760327,-0.398465,2.57392
7,0.619132,-0.279051,2.58119
7,0.758908,-0.275557,2.57734
7,0.759131,-0.36114,2.57598
7,0.69789,-0.0667761,2.58313
7,0.550447,-0.337461,2.58289
7,0.826223,-0.199325,2.57964
7,0.819864,-0.184995,2.58016
7,0.532623,-0.24876,2.5876
7,0.553773,-0.46257,2.58425
7,0.547201,-0.0370182,2.59248
7,0.547949,-0.390075,2.58662
7,0.619464,-0.15811,2.58909
7,0.798985,-0.420931,2.57984
7,0.612361,-0.148481,2.59073
7,0.847617,-0.278277,2.58184
7,0.595838,-0.308499,2.58856
7,0.704386,-0.327392,2.58611
7,0.55229,-0.274717,2.59173
7,0.835621,-0.430557,2.58111
7,0.707561,-0.295519,2.58742
7,0.596194,-0.277981,2.5913
7,0.563807,-0.430913,2.58954
7,0.498813,-0.153224,2.59736
7,0.776575,-0.261158,2.58759
7,0.828379,-0.219937,2.58745
7,0.773165,-0.0226508,2.59277
7,0.496567,0.00890234,2.60124
7,0.740486,-0.397824,2.58715
7,0.749597,-0.00959957,2.59384
7,0.830206,-0.32029,2.58612
7,0.462155,-0.0375392,2.6026
7,0.599067,-0.369404,2.59333
7,0.625101,-0.153805,2.59742
7,0.540316,-0.300579,2.59752
7,0.511852,-0.335941,2.59784
7,0.837583,-0.370404,2.58837
7,0.608108,-0.45921,2.59353
7,0.822955,-0.103864,2.59473
7,0.566822,-0.0964114,2.60219
7,0.839464,-0.445822,2.58845
7,0.833682,-0.270907,2.59174
7,0.596381,-0.117725,2.60131
7,0.550125,-0.269506,2.59996
7,0.598233,-0.256646,2.59893
7,0.776574,-0.0871523,2.59688
7,0.848799,-0.183881,2.59379
7,0.539601,-0.184078,2.60276
7,0.606327,-0.285459,2.59922
7,0.826884,-0.304568,2.59267
7,0.829563,-0.0938161,2.59651
7,0.825258,-0.182263,2.59556
7,0.484186,-0.33783,2.60267
7,0.543831,-0.424235,2.59954
7,0.778693,-0.130323,2.59927
7,0.854433,-0.324855,2.59399
7,0.547294,-0.335331,2.60322
7,0.538026,-0.186804,2.60636
7,0.796183,-0.471199,2.59411
7,0.707945,-0.200284,2.60155
7,0.600332,-0.246991,2.60389
7,0.683112,-0.473113,2.59871
7,0.767179,-0.158152,2.60217
7,0.612934,-0.268294,2.60466
7,0.537082,-0.0376998,2.61299
7,0.844087,-0.00464842,2.60485
7,0.609654,-0.323779,2.60607
7,0.631592,-0.276988,2.60664
7,0.612941,-0.365776,2.60658
7,0.603664,-0.439545,2.60571
7,0.735623,-0.0390562,2.60968
7,0.825206,-0.299334,2.60304
7,-0.192794,0.178681,2.64082
7,0.608188,-0.132417,2.61308
7,0.597461,0.00231093,2.61586
7,0.787338,-0.398653,2.60409
7,0.798592,-0.0986707,2.6094
7,0.606907,-0.00778201,2.61767
7,0.635235,-0.364565,2.61075
7,0.560438,-0.250779,2.61529
7,0.481494,-0.330874,2.61634
7,0.567199,-0.201972,2.61721
7,0.801927,-0.220335,2.61026
7,0.845696,-0.324905,2.60789
7,0.67671,-0.196493,2.61503
7,0.677752,-0.262063,2.61384
7,0.63687,-0.401167,2.61275
7,0.485371,-0.249817,2.61978
7,0.602902,-0.128442,2.61869
7,0.498781,-0.439925,2.61682
7,0.569052,-0.150277,2.62072
7,0.558846,-0.0607677,2.62261
7,0.676092,-0.0869344,2.61975
7,0.819377,-0.0610851,2.61626
7,0.541807,-0.062659,2.62449
7,0.712981,-0.0715857,2.62056
7,0.548758,-0.0289772,2.62613
7,0.49846,-0.330548,2.62292
7,0.555214,-0.457389,2.61904
7,0.487486,-0.274952,2.62436
7,0.489376,-0.376337,2.62334
7,0.789812,-0.252727,2.61736
7,0.498956,-0.33053,2.62436
7,0.667976,-0.434296,2.61772
7,0.620661,-0.328539,2.62097
7,0.496824,-0.0337937,2.6298
7,0.683794,-0.455369,2.61755
7,0.483627,-0.265008,2.6269
7,0.77743,-0.366711,2.61725
7,0.699037,-0.422332,2.61852
7,0.481764,-0.133456,2.62996
7,0.825604,-0.06631,2.62139
7,-0.172749,0.162019,2.6546
7,0.629868,-0.456336,2.62126
7,0.664528,-0.430285,2.62088
7,0.712247,-0.0678911,2.62734
7,0.853733,-0.0535434,2.62382
7,0.488233,-0.169765,2.6326
7,0.628206,-0.0339029,2.63106
7,0.717408,-0.143937,2.62696
7,0.682371,-0.398655,2.62356
7,0.720576,-0.275006,2.62493
7,0.51248,-0.221028,2.63216
7,0.544221,-0.174842,2.63309
7,0.718744,-0.120469,2.62921
7,0.542417,-0.0521939,2.63571
7,0.835335,-0.202879,2.625
7,0.48215,-0.272667,2.63396
7,0.608826,-0.357744,2.62905
7,0.683067,-0.373254,2.6267
7,0.792055,-0.142475,2.62821
7,0.546788,-0.297404,2.63258
7,0.512899,-0.185549,2.63562
7,0.793589,-0.215691,2.6277
7,0.522409,-0.211864,2.63562
7,0.717,0.00301087,2.63417
7,0.860908,-0.176824,2.62732
7,0.556676,-0.274519,2.63433
7,0.687114,-0.428383,2.6282
7,0.498837,-0.0860026,2.63972
7,0.500682,-0.202087,2.63762
7,0.576921,-0.384183,2.63229
7,0.52256,-0.182296,2.63792
7,0.78289,-0.428606,2.62616
7,0.694133,-0.394691,2.62977
7,0.488872,-0.046384,2.64246
7,0.609311,-0.277877,2.63507
7,0.717395,-0.00321844,2.63718
7,0.781178,-0.177956,2.63245
7,0.811336,-0.214326,2.63114
7,0.518052,-0.399376,2.63676
7,0.665029,-0.0707013,2.63892
7,0.585505,-0.278215,2.6378
7,0.85945,-0.101549,2.63337
7,0.783991,-0.303248,2.63202
7,0.74486,-0.454944,2.63056
7,0.810696,-0.0960959,2.636
7,0.690772,-0.0670284,2.64018
7,0.802202,-0.435172,2.63049
7,0.664535,-0.179671,2.63899
7,0.742733,-0.427652,2.63272
7,0.488485,-0.234203,2.64374
7,0.842067,-0.176713,2.63491
7,0.847378,-0.401154,2.63136
7,0.748398,-0.206318,2.63806
7,0.689194,-0.327289,2.63795
7,0.813292,-0.184488,2.637
7,0.482036,-0.0276035,2.64959
7,0.728085,-0.363229,2.6377
7,0.483948,-0.123251,2.64902
7,0.801332,-0.269232,2.63741
7,0.848061,-0.365706,2.63466
7,0.693937,-0.0606269,2.64458
7,0.634846,-0.328164,2.64151
7,0.672444,-0.47506,2.63789
7,0.51498,-0.0267199,2.65167
7,0.81099,-0.215393,2.64016
7,0.558136,-0.0900645,2.64972
7,0.557605,-0.053236,2.65054
7,0.67044,-0.00533652,2.64837
7,0.814207,-0.401799,2.63733
7,0.558683,-0.329389,2.64665
7,0.519532,-0.271609,2.64913
7,0.672978,-0.127934,2.6476
7,0.745132,-0.363867,2.64181
7,0.796714,-0.245717,2.64278
7,0.756602,-0.15541,2.6458
7,0.680282,-0.467755,2.64288
7,0.556624,-0.130264,2.65331
7,0.673039,-0.0662666,2.65128
7,0.48492,-0.247159,2.65445
7,0.719316,0.00934905,2.65259
7,0.614829,-0.240308,2.6517
7,0.763087,-0.367162,2.64567
7,0.649229,-0.458062,2.64826
7,0.743551,-0.385297,2.647
7,0.489765,-0.0202916,2.66089
7,0.820632,-0.302414,2.64681
7,0.752306,-0.153501,2.6533
7,0.780952,-0.0578745,2.65524
7,0.795418,-0.00103968,2.657
7,0.752453,-0.0908823,2.65707
7,0.671033,-0.14991,2.65845
7,0.607981,-0.0295208,2.66273
7,-0.181997,0.186822,2.68939
7,0.754966,-0.215656,2.65603
7,0.52897,-0.453149,2.6584
7,0.564845,-0.373628,2.66088
7,0.74354,-0.310827,2.65715
7,0.511242,-0.0891091,2.66798
7,0.697381,-0.271407,2.66102
7,0.696386,-0.197273,2.66281
7,0.640824,-0.198179,2.66442
7,0.820661,-0.276924,2.65812
7,0.48811,-0.154967,2.66995
7,0.731722,0.0168054,2.66736
7,0.652438,-0.21412,2.66937
7,0.594641,-0.149055,2.67337
7,0.677247,-0.176316,2.67068
7,0.488541,-0.0299824,2.6794
7,0.488561,-0.0312268,2.67938
7,0.798557,-0.298738,2.6677
7,0.615671,0.0159751,2.67902
7,0.704875,-0.0273263,2.67651
7,0.734447,-0.112723,2.67548
7,0.848957,0.0112366,2.67561
7,0.657694,-0.177451,2.67844
7,0.747076,-0.0776666,2.6783
7,0.803283,-0.423399,2.67159
7,0.862917,-0.278821,2.67412
7,0.710919,-0.0313413,2.68417
7,0.865867,-0.398732,2.67417
7,0.701751,-0.00941887,2.68652
7,0.828412,-0.150175,2.68184
7,0.740631,-0.23692,2.68316
7,0.722478,-0.274752,2.68303
7,0.545445,-0.461095,2.68519
7,0.704769,-0.139882,2.68645
7,0.837419,-0.399263,2.67839
7,0.779841,-0.298813,2.68256
7,0.814224,-0.138008,2.68453
7,-0.185397,0.192512,2.7193
7,0.777421,-0.0921094,2.6883
7,0.820511,-0.449546,2.68184
7,0.837785,-0.278989,2.68555
7,0.869274,-0.361226,2.6834
7,0.821124,-0.434003,2.68403
7,0.715089,-0.0247635,2.69765
7,0.8221,-0.387234,2.6887
7,0.801263,-0.0123959,2.69761
7,0.868541,-0.360038,2.69279
7,0.780669,-0.211774,2.69794
7,0.814949,-0.467848,2.69249
7,0.852529,-0.398133,2.69753
7,0.844192,-0.152265,2.70626
7,0.809385,-0.073266,2.71259
7,0.87198,-0.151439,2.71106
7,0.513308,-0.482189,2.72563
7,0.635801,0.0304067,2.73929
7,0.758579,0.0266236,2.74018
7,0.833192,-0.475824,2.7358
7,0.714224,-0.47803,2.74495
7,-2.15339,-0.998452,2.81975
7,0.816099,-0.462502,2.74767
7,0.855598,0.0153557,2.75711
7,0.813628,-0.47036,2.75049
7,0.889845,0.0245968,2.76415
7,-0.348161,0.449977,2.81637
7,-2.17424,-1.01379,2.86003
7,2.02891,-0.00042665,3.32165
7,-2.53494,-1.22886,3.9366
7,-2.5841,-1.25922,4.01587
7,-0.234976,0.134158,2.20514
6,-0.234976,0.134158,2.20514
7,0.667892,-0.0877099,2.71246
6,0.667892,-0.0877099,2.71246
7,-0.334307,0.14763,2.27827
6,-0.334307,0.14763,2.27827
7,-1.10629,-1.03,3.22472
6,-1.10629,-1.03,3.22472
7,-1.06869,-0.884163,2.54485
6,-1.06869,-0.884163,2.54485
7,0.205606,0.258981,1.73056
6,0.205606,0.258981,1.73056
7,-0.0392522,-0.0263401,2.40184
6,-0.0392522,-0.0263401,2.40184
7,0.221753,-0.318635,1.48599
6,0.221753,-0.318635,1.48599
7,-1.51779,-0.921181,2.63329
6,-1.51779,-0.921181,2.63329
7,-1.09351,-1.18595,3.92242
6,-1.09351,-1.18595,3.92242
7,-1.51362,-0.910683,2.62
6,-1.51362,-0.910683,2.62
7,-1.10693,-1.19595,3.97352
6,-1.10693,-1.19595,3.97352
7,-1.51925,-0.911834,2.63139
6,-1.51925,-0.911834,2.63139
7,-0.94723,-1.03649,3.1951
6,-0.94723,-1.03649,3.1951
7,0.722881,-0.130948,2.62106
6,0.722881,-0.130948,2.62106
7,0.538562,-0.113732,2.11147
4,0.538562,-0.113732,2.11147
7,0.340588,0.40869,1.69607
4,0.340588,0.40869,1.69607
7,-0.379463,0.227509,1.99864
4,-0.379463,0.227509,1.99864
7,0.569457,0.398472,1.69268
4,0.569457,0.398472,1.69268
7,0.540338,-0.397017,2.52575
4,0.540338,-0.397017,2.52575
7,1.51571,-0.110572,2.57438
4,1.51571,-0.110572,2.57438
7,0.398862,0.167053,2.83282
4,0.398862,0.167053,2.83282
7,1.53577,-0.110695,2.60752
4,1.53577,-0.110695,2.60752
7,0.623572,-0.280462,2.53137
5,0.623572,-0.280462,2.53137
7,0.597684,-0.0747509,2.49069
5,0.597684,-0.0747509,2.49069
7,-0.199224,0.188427,2.07495
5,-0.199224,0.188427,2.07495
7,-0.8935,-0.831302,2.21099
5,-0.8935,-0.831302,2.21099
7,0.18981,0.408165,1.71324
5,0.18981,0.408165,1.71324
7,0.212509,0.372771,1.75098
5,0.212509,0.372771,1.75098
7,0.745649,-0.333763,2.52301
5,0.745649,-0.333763,2.52301
7,-0.0329265,-0.848496,2.36476
5,-0.0329265,-0.848496,2.36476
7,-0.771557,-0.832433,2.19511
5,-0.771557,-0.832433,2.19511
7,-0.790556,-0.825972,2.16197
5,-0.790556,-0.825972,2.16197
7,0.427154,0.210283,2.50544
5,0.427154,0.210283,2.50544
7,-0.868781,-0.888934,2.42909
5,-0.868781,-0.888934,2.42909
7,0.624214,0.238028,1.97622
5,0.624214,0.238028,1.97622
7,0.0188477,0.326574,1.83537
2,0.0188477,0.326574,1.83537
7,0.0194179,0.325969,1.83627
2,0.0194179,0.325969,1.83627
7,-0.782516,-0.8422,2.25456
2,-0.782516,-0.8422,2.25456
7,-0.897584,-0.863261,2.3354
2,-0.897584,-0.863261,2.3354
7,-0.76671,-0.839831,2.2368
2,-0.76671,-0.839831,2.2368
7,1.57246,-0.0584807,2.69302
2,1.57246,-0.0584807,2.69302
7,0.659786,-0.337763,2.53099
3,0.659786,-0.337763,2.53099
7,0.491793,0.19412,2.15572
3,0.491793,0.19412,2.15572
7,-1.41073,-0.860055,2.27723
3,-1.41073,-0.860055,2.27723
7,0.202851,0.335613,1.81073
1,0.202851,0.335613,1.81073
7,0.792066,-0.066432,2.5523
1,0.792066,-0.066432,2.5523
7,-0.0950773,-0.839113,2.33837
1,-0.0950773,-0.839113,2.33837
7,0.445557,-0.395206,2.50651
1,0.445557,-0.395206,2.50651
7,0.394822,0.339627,1.85173
1,0.394822,0.339627,1.85173
7,0.852289,0.346576,1.79334
1,0.852289,0.346576,1.79334
7,0.405437,0.322841,1.88635
0,0.405437,0.322841,1.88635
7,0.622346,-0.190032,2.52971
0,0.622346,-0.190032,2.52971
7,0.4136,-0.0145356,2.57673
0,0.4136,-0.0145356,2.57673
8,-0.537018,-0.475804,0.0352698
8,-0.553367,-0.474257,0.0581471
8,-0.43089,-0.348036,0.195545
8,-0.613684,-0.505818,0.222177
8,-0.608674,-0.504306,0.224212
8,-0.639839,-0.513716,0.2841
8,-0.124504,-0.432716,0.737167
8,-0.116829,-0.392634,0.738923
8,-0.132502,-0.40687,0.743108
8,-0.134126,-0.356666,0.74669
8,-0.134495,-0.318918,0.748373
8,-0.682018,-0.636473,0.965825
8,-0.532115,-0.64618,1.11431
8,0.0266366,-0.398837,1.1833
8,0.0395851,-0.314698,1.19106
8,0.0782076,-0.283809,1.19171
8,0.056977,-0.389,1.19104
8,0.0735847,-0.418543,1.19222
8,0.0425344,-0.271805,1.20047
8,0.04547,-0.392084,1.19878
8,0.0562198,-0.331625,1.19977
8,0.0600561,-0.31614,1.20593
8,0.0667117,-0.380894,1.20501
8,0.0871318,-0.360715,1.20521
8,0.0422973,-0.272857,1.2085
8,0.0317562,-0.270971,1.21049
8,0.0892195,-0.358802,1.20889
8,0.0594209,-0.242764,1.21263
8,0.0881462,-0.284452,1.21149
8,0.0754622,-0.242148,1.21417
8,0.0912731,-0.376107,1.21202
8,0.0888367,-0.272111,1.21448
8,0.0502887,-0.300309,1.21562
8,0.105801,-0.331666,1.2174
8,0.105987,-0.256504,1.22258
8,0.0920729,-0.446423,1.22766
8,0.0963466,-0.251654,1.23136
8,-0.312608,-0.692005,1.3618
8,-0.236441,0.176504,1.38406
8,-0.182513,0.22589,1.42631
8,-0.226385,0.198098,1.4309
8,-0.195481,0.218262,1.43236
8,0.0274253,0.111658,1.42676
8,-0.229231,0.206318,1.51544
8,-0.146352,0.0716434,1.6347
8,-0.64463,0.263119,1.68292
8,-0.53477,0.335381,1.71095
8,-0.112071,0.0601062,1.73284
8,-0.373845,0.0544305,1.75954
8,-0.216443,0.115646,1.76171
8,0.560513,0.22025,1.74691
8,-0.770965,0.187488,1.7894
8,-0.735194,0.221865,1.79265
8,0.500541,0.205332,1.77133
8,0.075241,0.0935305,1.79423
8,0.483146,0.202605,1.79817
8,-0.677393,0.280938,1.82992
8,-0.712698,0.279733,1.84154
8,-0.643017,0.26403,1.85244
8,-0.366938,0.0732182,1.84328
8,-0.638688,0.264669,1.85389
8,-0.212001,-0.803416,1.87173
8,0.403269,0.180601,1.87816
8,-0.748695,0.265315,1.91679
8,-0.253802,-0.773119,1.89727
8,0.476921,0.215654,1.91362
8,-0.188512,-0.772365,1.94551
8,-0.304482,0.0275328,1.97667
8,0.534317,0.231945,1.96396
8,0.436409,0.200515,1.99485
8,-0.165823,-0.782666,2.00947
8,0.0376687,0.0683362,2.02467
8,-0.694992,0.284593,2.04706
8,-0.844587,0.191565,2.05407
8,0.537323,0.221956,2.04324
8,0.631956,0.212234,2.04785
8,0.340147,0.169767,2.06511
8,0.289192,0.151962,2.06988
8,-0.869204,0.182324,2.09998
8,0.110549,0.0468472,2.07707
8,-0.844343,0.207545,2.10961
8,0.546183,0.227882,2.08043
8,-0.0994701,-0.915573,2.07822
8,0.314211,0.167173,2.11923
8,-0.859929,0.180358,2.14583
8,0.428986,0.191795,2.22378
8,0.586113,0.235516,2.23005
8,0.81373,0.299788,2.22994
8,0.191387,0.0695755,2.24669
8,-0.580234,-0.830953,2.25712
8,-0.270409,0.222538,2.31784
8,-0.270214,0.23436,2.32168
8,0.503587,0.228167,2.31232
8,0.19961,0.102237,2.3797
8,0.192589,0.0975037,2.42231
8,-0.2094,0.202273,2.47436
8,0.790956,-0.366205,2.45186
8,-0.205869,0.20489,2.49945
8,0.788917,-0.175821,2.47546
8,0.663502,-0.460099,2.48829
8,-0.203789,0.213041,2.51934
8,0.78603,-0.453392,2.48953
8,0.481636,-0.25018,2.52597
8,0.819383,-0.405935,2.52116
8,0.486433,-0.400674,2.52984
8,0.508365,-0.249102,2.53301
8,0.561825,-0.191722,2.5358
8,0.48293,-0.164898,2.53875
8,0.822088,-0.282167,2.534
8,0.810646,-0.269942,2.53684
8,0.515292,-0.361733,2.54186
8,0.619146,-0.017578,2.54694
8,0.563444,-0.0737188,2.54807
8,0.803158,-0.279368,2.54022
8,0.822422,-0.145444,2.54307
8,0.494337,-0.403998,2.54663
8,0.828658,-0.374012,2.54035
8,0.82931,-0.399845,2.54001
8,0.818547,-0.277682,2.54359
8,0.568171,-0.103598,2.55712
8,0.611295,-0.401268,2.55191
8,0.692368,-0.424608,2.55268
8,0.57595,-0.34197,2.55848
8,0.802065,-0.149186,2.56043
8,0.550755,-0.222094,2.56492
8,0.631353,-0.280299,2.56454
8,0.631616,-0.129693,2.5673
8,0.815534,-0.446023,2.56004
8,0.580225,-0.4316,2.56564
8,0.635384,-0.245104,2.56783
8,0.632079,-0.243928,2.56869
8,0.684019,-0.0698034,2.57411
8,0.834644,-0.305435,2.56743
8,0.748954,-0.249121,2.57562
8,0.525687,-0.0159274,2.58611
8,0.640338,-0.121933,2.58197
8,0.493361,-0.163058,2.58782
8,0.496227,-0.276459,2.58655
8,0.584853,-0.326799,2.58411
8,0.786018,-0.306135,2.58012
8,0.495886,-0.250227,2.58767
8,0.757493,-0.361368,2.58093
8,0.813539,-0.338919,2.58156
8,0.49404,-0.127723,2.59225
8,0.567924,-0.427654,2.58556
8,0.820282,-0.20442,2.58444
8,0.634519,-0.13311,2.59018
8,0.458951,-0.122051,2.59423
8,0.480462,-0.266638,2.59149
8,0.77225,-0.277905,2.58768
8,0.615195,-0.121265,2.59452
8,0.533709,-0.248923,2.59416
8,0.817326,-0.420709,2.58635
8,0.614499,-0.0418704,2.59848
8,0.537796,-0.371399,2.59522
8,0.49527,-0.0391331,2.60214
8,0.569486,-0.33996,2.59569
8,0.555824,-0.10389,2.60063
8,0.617952,-0.395844,2.59465
8,0.671142,-0.0645423,2.59984
8,0.811973,-0.25441,2.59429
8,0.483471,-0.211337,2.6036
8,0.851537,-0.428496,2.59254
8,0.738622,-0.282227,2.59799
8,0.599586,-0.208508,2.60311
8,0.535076,-0.125193,2.60674
8,0.811236,-0.182653,2.60146
8,0.660301,-0.384254,2.60301
8,0.613285,0.000365317,2.61174
8,0.623159,-0.430894,2.60425
8,0.617405,-0.157934,2.61014
8,0.594688,-0.135051,2.61127
8,0.54741,-0.159452,2.61275
8,0.854156,-0.340374,2.60305
8,0.601844,-0.144334,2.61298
8,0.622928,-0.342735,2.60992
8,0.664596,-0.468772,2.60683
8,0.610318,-0.280695,2.61162
8,0.597258,-0.369781,2.61043
8,0.594528,-0.246343,2.6128
8,0.67449,-0.426214,2.60798
8,0.55859,-0.428899,2.61164
8,0.610001,-0.448895,2.61047
8,0.844769,-0.107586,2.61126
8,0.553328,-0.185393,2.61663
8,0.660222,-0.477162,2.61066
8,0.603726,-0.131077,2.61835
8,0.562589,-0.0896057,2.62016
8,0.847734,-0.222545,2.61232
8,0.675507,-0.472873,2.61182
8,0.618194,-0.033441,2.62074
8,0.530673,-0.0690335,2.6221
8,0.661071,-0.42567,2.61323
8,0.777513,-0.470528,2.6102
8,0.545458,-0.309001,2.61888
8,0.521575,-0.421533,2.61765
8,0.606174,-0.191878,2.61977
8,0.487575,-0.0815631,2.62429
8,0.606667,-0.0667478,2.6248
8,0.739566,-0.164474,2.62073
8,0.748701,-0.246497,2.6215
8,0.515214,-0.424653,2.62397
8,0.659311,-0.181996,2.62607
8,0.63196,-0.45743,2.62277
8,0.736709,-0.387407,2.62188
8,0.493237,-0.439014,2.62764
8,0.798826,-0.338249,2.62347
8,0.650875,-0.0665176,2.63186
8,0.755058,-0.364356,2.62713
8,0.516377,-0.335792,2.63371
8,0.484007,-0.149849,2.6388
8,0.673352,-0.0380155,2.63676
8,0.527425,-0.341162,2.63544
8,0.571713,-0.0572531,2.63963
8,0.514461,-0.211253,2.63827
8,0.552571,-0.340552,2.63605
8,0.786396,-0.445136,2.63012
8,0.514845,-0.336065,2.63805
8,0.682013,-0.465501,2.63258
8,0.80372,-0.364628,2.63172
8,0.521685,-0.0951825,2.6426
8,0.668359,-0.3889,2.6351
8,0.555388,-0.420813,2.63709
8,0.549047,-0.00382975,2.6449
8,0.570683,-0.132545,2.6428
8,0.786523,-0.381024,2.63452
8,0.722575,-0.0937298,2.64157
8,0.799999,-0.393539,2.63475
8,0.611071,-0.357622,2.64048
8,0.72995,-0.161201,2.64131
8,0.744202,0.00861835,2.64453
8,0.669381,-0.344456,2.64047
8,0.528022,-0.217025,2.64633
8,0.887306,-0.475124,2.63466
8,0.668401,-0.277842,2.64285
8,0.683345,-0.38851,2.64083
8,0.47561,0.0188461,2.65309
8,0.827899,-0.0693075,2.64472
8,0.79139,-0.187994,2.64362
8,0.78732,-0.26517,2.64364
8,0.734672,0.00393879,2.65079
8,0.486995,-0.0273787,2.65673
8,0.483193,-0.157273,2.65468
8,0.590168,-0.357928,2.65033
8,0.803307,-0.316125,2.64646
8,0.776487,-0.0339689,2.65264
8,0.804304,-0.341846,2.64684
8,0.532141,-0.440493,2.65228
8,0.484807,-0.120799,2.66181
8,0.480823,-0.0222983,2.66372
8,0.593558,-0.401313,2.65537
8,0.793529,-0.0256076,2.65845
8,0.789101,-0.303339,2.65504
8,0.611529,-0.0331716,2.66478
8,0.658052,-0.425989,2.65745
8,0.594193,-0.240432,2.66252
8,0.562776,-0.190034,2.66512
8,0.562675,-0.302187,2.66401
8,0.585752,-0.120483,2.66911
8,0.520907,-0.203484,2.66935
8,0.794933,-0.1993,2.66355
8,0.51265,-0.311574,2.66786
8,0.670533,-0.0778427,2.66854
8,0.524232,-0.332866,2.66804
8,0.81306,-0.0938807,2.66797
8,0.793921,-0.0823919,2.66902
8,0.8009,-0.26111,2.66645
8,0.53645,-0.0896513,2.67737
8,0.602419,-0.397297,2.67098
8,0.587997,-0.0265722,2.67773
8,0.53289,0.0138594,2.68416
8,0.594352,-0.0310442,2.68422
8,0.76613,-0.0538589,2.68674
8,0.850764,-0.12708,2.68659
8,0.681499,-0.052685,2.69357
8,0.657509,-0.0909498,2.69422
8,0.501729,-0.270963,2.69496
8,0.504849,-0.399454,2.69321
8,0.810676,-0.421385,2.6867
8,0.840715,-0.47081,2.68586
8,0.824491,-0.0271105,2.69544
8,0.604746,-0.148294,2.70082
8,0.743154,-0.113458,2.69899
8,0.724144,-0.273066,2.69687
8,0.846458,-0.401632,2.69585
8,0.665453,-0.209645,2.7042
8,0.662768,-0.0512433,2.70913
8,0.722511,-0.112882,2.70977
8,0.87553,-0.36037,2.70282
8,0.791466,-0.339481,2.70523
8,0.877686,-0.400894,2.70708
8,0.516968,-0.396505,2.71877
8,0.877716,-0.238008,2.71481
8,0.572866,-0.465633,2.7415
8,0.635788,0.0204139,2.77236
8,0.894869,0.0284731,2.78104
8,0.753614,0.0257381,2.78772
8,-0.757196,-0.936195,2.86345
8,-0.0535694,0.442563,3.01953
8,-0.765014,-0.962311,3.0139
8,-0.769857,-0.985553,3.12349
8,-0.791491,-1.00464,3.18824
8,-0.7972,-1.04828,3.49973
8,-2.30559,-1.14432,3.71033
8,-2.3125,-1.16528,3.77129
8,-2.31949,-1.1941,3.78796
8,-2.39184,-1.15736,3.79066
8,-0.811359,-1.11556,3.83159
8,-2.35811,-1.19315,3.87466
8,-2.3941,-1.2046,3.95586
8,-2.46543,-1.18873,3.96384
8,0.585406,0.373078,3.93926
8,-2.51993,-1.19447,4.09926
8,-0.822637,-1.15407,4.08202
8,-0.891769,-1.34692,5.15622
8,-3.31069,-2.39948,5.59163
8,-3.38869,-2.47501,5.73414
8,-0.942691,-0.902095,2.5934
7,-0.942691,-0.902095,2.5934
8,0.507629,-0.361113,2.58366
7,0.507629,-0.361113,2.58366
8,-0.00693833,0.31061,1.61756
7,-0.00693833,0.31061,1.61756
8,-1.07837,-0.888949,2.58849
7,-1.07837,-0.888949,2.58849
8,-1.39885,-0.898844,2.57987
7,-1.39885,-0.898844,2.57987
8,-0.0418991,0.228171,1.76422
7,-0.0418991,0.228171,1.76422
8,0.299608,-0.212688,1.85875
7,0.299608,-0.212688,1.85875
8,0.59496,-0.340214,2.5204
7,0.59496,-0.340214,2.5204
8,-1.08342,-0.892805,2.61024
7,-1.08342,-0.892805,2.61024
8,-1.41029,-0.905555,2.61354
7,-1.41029,-0.905555,2.61354
8,-1.52015,-0.915283,2.66127
7,-1.52015,-0.915283,2.66127
8,0.599377,0.00856221,2.64315
7,0.599377,0.00856221,2.64315
8,-1.43429,-0.920896,2.68576
7,-1.43429,-0.920896,2.68576
8,-0.798755,-0.863879,2.36583
7,-0.798755,-0.863879,2.36583
8,-1.30078,-0.892443,2.5231
7,-1.30078,-0.892443,2.5231
8,-1.52438,-0.914472,2.66893
7,-1.52438,-0.914472,2.66893
8,0.628863,0.00830429,2.6513
7,0.628863,0.00830429,2.6513
8,-0.801356,-0.879639,2.43309
7,-0.801356,-0.879639,2.43309
8,-0.496922,-0.877189,2.54617
7,-0.496922,-0.877189,2.54617
8,-1.27328,-0.876769,2.4374
7,-1.27328,-0.876769,2.4374
8,-1.44598,-0.926994,2.71918
7,-1.44598,-0.926994,2.71918
8,-2.27403,-0.438887,2.64549
7,-2.27403,-0.438887,2.64549
8,0.801403,-0.27762,2.64504
7,0.801403,-0.27762,2.64504
8,0.678448,-0.439691,2.62433
7,0.678448,-0.439691,2.62433
8,-2.35907,0.0631451,2.70734
7,-2.35907,0.0631451,2.70734
8,-2.44974,0.0781768,2.84824
7,-2.44974,0.0781768,2.84824
8,-0.187442,-0.783211,2.02181
7,-0.187442,-0.783211,2.02181
8,-0.407688,0.132728,1.7184
7,-0.407688,0.132728,1.7184
8,-2.13073,0.0970922,2.47146
7,-2.13073,0.0970922,2.47146
8,-2.06952,-0.958559,2.67401
7,-2.06952,-0.958559,2.67401
8,-0.870933,-0.891197,2.44088
7,-0.870933,-0.891197,2.44088
8,-2.03341,-0.965131,2.60865
7,-2.03341,-0.965131,2.60865
8,-2.12334,-0.985582,2.75527
7,-2.12334,-0.985582,2.75527
8,-2.52382,0.100333,2.95556
7,-2.52382,0.100333,2.95556
8,-0.939286,-0.962864,2.84248
7,-0.939286,-0.962864,2.84248
8,0.42565,-0.428188,1.95069
7,0.42565,-0.428188,1.95069
8,0.756462,-0.470188,2.68423
7,0.756462,-0.470188,2.68423
8,-2.05684,-0.974694,2.6287
7,-2.05684,-0.974694,2.6287
8,-0.557674,0.321118,1.81094
6,-0.557674,0.321118,1.81094
8,-1.35728,-0.847101,2.19892
6,-1.35728,-0.847101,2.19892
8,0.288307,0.0644061,2.47204
6,0.288307,0.0644061,2.47204
8,0.707852,-0.281976,2.54848
6,0.707852,-0.281976,2.54848
8,-1.01731,0.108172,2.09572
6,-1.01731,0.108172,2.09572
8,-0.581652,-0.872629,2.49417
6,-0.581652,-0.872629,2.49417
8,-1.37975,-0.861218,2.24943
6,-1.37975,-0.861218,2.24943
8,0.874067,0.356771,2.2699
6,0.874067,0.356771,2.2699
8,0.57879,-0.0185052,2.5663
6,0.57879,-0.0185052,2.5663
8,0.621175,-0.426797,2.5846
4,0.621175,-0.426797,2.5846
8,0.630889,-0.184747,2.5687
4,0.630889,-0.184747,2.5687
8,1.10998,-0.207697,3.73722
4,1.10998,-0.207697,3.73722
8,0.843208,-0.0958404,3.20897
4,0.843208,-0.0958404,3.20897
8,-1.51599,-0.810299,1.96835
4,-1.51599,-0.810299,1.96835
8,0.694414,-0.0738187,2.5777
4,0.694414,-0.0738187,2.5777
8,0.846832,0.306106,1.80363
4,0.846832,0.306106,1.80363
8,-1.51135,-0.809489,1.96248
4,-1.51135,-0.809489,1.96248
8,0.822428,0.378191,2.27107
4,0.822428,0.378191,2.27107
8,0.609705,-0.248291,2.5721
5,0.609705,-0.248291,2.5721
8,0.780092,-0.223632,2.97809
5,0.780092,-0.223632,2.97809
8,0.440403,-0.213778,2.0899
5,0.440403,-0.213778,2.0899
8,-0.232863,0.125067,2.18345
5,-0.232863,0.125067,2.18345
8,-0.698982,0.24964,1.94728
5,-0.698982,0.24964,1.94728
8,0.617702,0.233771,1.95967
5,0.617702,0.233771,1.95967
8,0.789322,-0.187869,2.59702
2,0.789322,-0.187869,2.59702
8,0.694485,-0.233127,2.46816
2,0.694485,-0.233127,2.46816
8,0.493782,-0.128694,2.56384
2,0.493782,-0.128694,2.56384
8,0.85125,-0.477598,2.56039
2,0.85125,-0.477598,2.56039
8,-0.804201,-0.865991,2.3365
2,-0.804201,-0.865991,2.3365
8,0.80893,-0.45938,2.56749
3,0.80893,-0.45938,2.56749
8,0.407743,0.253455,2.00379
3,0.407743,0.253455,2.00379
8,-1.42175,-0.846086,2.21213
3,-1.42175,-0.846086,2.21213
8,0.554525,-0.11004,2.28538
1,0.554525,-0.11004,2.28538
8,0.64415,-0.0381677,2.59113
1,0.64415,-0.0381677,2.59113
8,0.639539,-0.214325,2.58527
1,0.639539,-0.214325,2.58527
8,0.789104,-0.283214,2.92716
0,0.789104,-0.283214,2.92716
8,0.896606,-0.0777347,2.96588
0,0.896606,-0.0777347,2.96588
9,0.0235495,-0.402196,1.20126
9,0.0106064,-0.420475,1.20187
9,-0.163557,0.314079,1.73358
9,-0.167395,0.320115,1.73839
9,-0.619711,0.284697,1.75195
9,-0.615471,0.285147,1.75269
9,-0.177968,0.303782,1.77122
9,-0.712683,0.259738,1.80823
9,-0.650001,0.275323,1.83914
9,0.76176,0.288842,1.83511
9,0.740777,0.273364,1.95383
9,0.709727,0.260153,1.95626
9,0.609044,0.268886,1.96803
9,-0.797602,0.213226,2.0108
9,-0.805471,0.22034,2.02606
9,-0.793838,0.222997,2.03296
9,-1.00823,0.147368,2.04265
9,-0.835481,0.182453,2.04761
9,-0.106542,-1.66031,2.00697
9,-0.184227,-1.26143,2.02065
9,-0.842494,0.194265,2.06054
9,-0.137627,-1.48495,2.02044
9,-0.174538,-1.25656,2.02662
9,-0.139812,-1.49184,2.02518
9,-0.0859767,-1.60982,2.02374
9,-0.112316,-1.6227,2.02928
9,-0.130587,-1.492,2.03631
9,-0.0853004,-1.61689,2.03536
9,-0.83146,0.179252,2.08956
9,0.53972,0.23082,2.06364
9,-0.094098,-1.46368,2.05433
9,-0.123041,-1.21803,2.06755
9,-0.113775,-1.49889,2.06324
9,0.551783,0.229014,2.08359
9,0.444929,0.216035,2.0871
9,-0.12013,-1.21828,2.07922
9,0.481051,0.227896,2.08751
9,0.549421,0.230859,2.08598
9,-0.249923,-1.24063,2.08325
9,-0.0625639,-1.50956,2.07746
9,-0.0683932,-1.47996,2.08151
9,-0.0582271,-1.51909,2.08796
9,-0.054409,-1.46635,2.08981
9,-0.254291,-1.25076,2.09843
9,0.494047,0.208217,2.11066
9,-0.216861,-1.29166,2.10557
9,0.408892,0.201331,2.11375
9,0.156723,0.185696,2.12271
9,-0.215841,-1.295,2.11013
9,-0.166683,-1.18003,2.11298
9,0.421314,0.213124,2.12509
9,-0.246365,-1.25545,2.1219
9,0.178834,0.175946,2.13655
9,0.420944,0.212147,2.13423
9,-0.259556,-1.24613,2.12949
9,-0.246443,-1.26018,2.13172
9,-0.348042,0.118202,2.15716
9,-0.247413,-1.25964,2.13451
9,-0.245899,-1.25991,2.13465
9,0.467258,0.201144,2.14166
9,0.537901,0.211453,2.14402
9,-0.0859339,-1.29305,2.13631
9,-0.237598,-1.28102,2.14274
9,-0.2503,-1.26298,2.14369
9,0.148655,0.168212,2.15783
9,0.158704,0.165381,2.15877
9,-0.235558,-1.07291,2.15151
9,-0.204847,-1.30232,2.14861
9,0.502164,0.200902,2.15478
9,0.22277,0.168698,2.16342
9,0.440545,0.217229,2.16257
9,-0.227778,-1.06869,2.16015
9,-0.874606,0.134903,2.20244
9,0.161731,0.173679,2.17879
9,-0.228521,-1.07841,2.17412
9,0.158401,0.171486,2.18422
9,0.504884,0.202207,2.17756
9,0.414804,0.180866,2.18093
9,0.445879,0.182299,2.18254
9,-0.155184,-1.06857,2.17813
9,-0.858056,0.16017,2.22048
9,-0.194803,-1.11853,2.18621
9,0.4185,0.183318,2.19401
9,-0.220535,-1.07302,2.19108
9,-0.19533,-1.12268,2.19041
9,0.42445,0.187406,2.19819
9,0.43182,0.191253,2.20235
9,-0.185693,-1.12333,2.20499
9,-0.183377,-1.12482,2.21077
9,-0.14138,-1.05664,2.21728
9,0.379174,0.174782,2.22527
9,0.374773,0.1667,2.22829
9,0.26076,0.152425,2.23492
9,0.39524,0.168475,2.23257
9,0.0925394,0.11925,2.24208
9,0.380153,0.172237,2.23707
9,0.389553,0.176104,2.24092
9,-0.142671,-1.01352,2.23606
9,0.262282,0.149487,2.24626
9,-0.987622,-0.869717,2.26624
9,0.342036,0.14086,2.25318
9,0.314233,0.145016,2.2585
9,-0.245176,-0.852271,2.25793
9,0.344454,0.147217,2.26346
9,-0.142006,-1.01396,2.25883
9,-1.39425,-0.929253,2.29202
9,0.331561,0.113462,2.27908
9,0.323858,0.152089,2.28535
9,-1.40155,-0.935328,2.3144
9,0.318877,0.11554,2.28951
9,0.710289,0.155652,2.28225
9,-0.965975,-0.878906,2.31313
9,-1.4149,-0.877272,2.32785
9,-0.0578164,-0.970851,2.29486
9,0.325075,0.117685,2.30437
9,-0.490674,-1.01343,2.30739
9,-1.34816,-0.875776,2.33277
9,-0.104487,-0.933804,2.30284
9,0.320566,0.124932,2.31156
9,-0.21732,-0.848644,2.31153
9,-0.210375,-0.848556,2.31198
9,-0.552755,-0.868243,2.32045
9,-1.37831,-0.878552,2.34236
9,-0.497019,-0.969949,2.32517
9,-0.11782,-0.904886,2.31748
9,0.215291,0.119518,2.32561
9,-0.132042,-0.889121,2.31924
9,-0.140737,-0.913909,2.3209
9,0.351744,0.125463,2.32705
9,-0.116582,-0.916947,2.32304
9,-1.3338,-0.878461,2.3537
9,-1.32956,-0.879415,2.35581
9,-0.205371,-0.845708,2.32896
9,-1.46474,-0.882856,2.35911
9,-0.19442,-0.83993,2.32899
9,-0.193266,-0.851584,2.33314
9,-0.519949,-0.848988,2.34248
9,-0.451982,-0.869353,2.34282
9,-0.542977,-0.861295,2.34985
9,-0.164098,-0.84093,2.34096
9,-0.501451,-0.860384,2.34985
9,-2.09216,-0.873935,2.38883
9,-0.146195,-0.857697,2.34405
9,-1.34669,-0.883068,2.37862
9,-1.34518,-0.875442,2.37958
9,0.129355,0.0571088,2.35984
9,-0.458799,-0.861083,2.36123
9,-1.92457,-0.913016,2.41733
9,0.146996,0.0744596,2.38441
9,-0.708854,-0.870916,2.39148
9,0.155982,0.075123,2.39886
9,-0.564777,-0.880651,2.4025
9,-0.430144,-0.855651,2.40448
9,-0.442219,-0.878609,2.40679
9,-0.432209,-0.852679,2.40737
9,0.241606,0.0929407,2.41131
9,-0.718549,-0.868076,2.42337
9,-0.45118,-0.861911,2.4214
9,-0.422543,-0.856107,2.43374
9,-0.401023,-0.856582,2.44062
9,-0.448393,-0.86256,2.45116
9,0.477138,-0.100958,2.57304
9,0.458266,-0.399205,2.58127
9,0.532781,-0.304965,2.58257
9,0.459973,-0.367308,2.58772
9,0.50776,-0.339418,2.59052
9,0.543151,-0.324834,2.59047
9,0.483443,-0.445689,2.59183
9,0.510224,-0.36368,2.59436
9,0.59211,-0.42289,2.59299
9,0.591422,-0.361489,2.59578
9,0.509961,-0.245465,2.60238
9,0.761673,-0.246297,2.59818
9,0.763663,-0.305223,2.59821
9,0.485406,-0.136928,2.60779
9,0.629721,-0.280221,2.60346
9,0.545338,-0.145291,2.6081
9,0.574648,-0.339345,2.60674
9,0.48491,-0.19998,2.61349
9,0.50916,-0.0374553,2.61572
9,0.45443,-0.153302,2.6162
9,0.465325,-0.152959,2.61653
9,0.51319,-0.272512,2.61459
9,0.720294,-0.218254,2.6109
9,0.499935,-0.215833,2.61719
9,0.56806,-0.0958313,2.61767
9,0.691863,-0.339716,2.61167
9,0.452515,0.00741971,2.6238
9,0.465627,-0.0344518,2.62616
9,0.565463,-0.0344692,2.62451
9,0.690715,-0.276333,2.61854
9,0.561777,-0.427595,2.61957
9,0.575242,-0.430793,2.6212
9,0.500386,-0.0650024,2.62933
9,0.689407,-0.157129,2.62378
9,0.841392,-0.328326,2.61763
9,0.466692,0.00922191,2.63197
9,0.743506,-0.21516,2.62273
9,0.629222,-0.0989422,2.62776
9,0.513812,-0.0853862,2.6338
9,0.807018,-0.280232,2.62461
9,0.744413,-0.157593,2.62816
9,0.670302,-0.0360062,2.63303
9,0.742489,-0.0393309,2.63203
9,0.63198,-0.425622,2.6308
9,0.665278,-0.249215,2.63289
9,0.550534,-0.126412,2.6402
9,0.855376,-0.0429774,2.63666
9,0.633463,-0.27642,2.64031
9,0.60354,-0.124318,2.64513
9,0.561846,-0.210251,2.64579
9,0.886841,-0.267159,2.63804
9,0.665001,-0.0206807,2.64988
9,0.737567,-0.0336676,2.64983
9,0.886462,-0.13607,2.64524
9,0.6884,-0.0939415,2.65327
9,0.784366,-0.307829,2.64857
9,0.874293,-0.266726,2.64939
9,0.877425,-0.126301,2.65163
9,0.631608,-0.206978,2.66066
9,0.720644,0.0110557,2.66252
9,0.819439,-0.463862,2.65308
9,0.852091,-0.441321,2.65386
9,0.758355,-0.154145,2.66109
9,0.803512,-0.214491,2.65949
9,0.800522,-0.464344,2.65883
9,0.809024,-0.366279,2.66028
9,0.794271,-0.18169,2.66487
9,0.852795,-0.321552,2.6625
9,0.803408,-0.0833807,2.66752
9,0.791951,-0.0180634,2.67082
9,0.821624,-0.333126,2.6653
9,0.819472,-0.215072,2.66867
9,0.889392,-0.396713,2.66421
9,0.850812,-0.125096,2.67096
9,0.899632,-0.36718,2.67109
9,0.881231,-0.387589,2.67152
9,0.888773,0.00792146,2.69088
9,0.894082,-0.0222927,2.69521
9,-1.44683,-0.883854,2.46636
8,-1.44683,-0.883854,2.46636
9,0.657426,-0.0907553,2.68867
8,0.657426,-0.0907553,2.68867
9,0.715155,-0.238815,2.62739
8,0.715155,-0.238815,2.62739
9,0.624547,-0.218331,2.60987
8,0.624547,-0.218331,2.60987
9,-1.54091,-0.931047,2.73177
8,-1.54091,-0.931047,2.73177
9,-0.840109,-0.866112,2.36884
8,-0.840109,-0.866112,2.36884
9,0.643879,-0.221519,2.58753
8,0.643879,-0.221519,2.58753
9,-1.42025,-0.869847,2.3666
8,-1.42025,-0.869847,2.3666
9,-0.401489,0.220923,2.02421
8,-0.401489,0.220923,2.02421
9,-0.166707,-0.836442,2.23902
8,-0.166707,-0.836442,2.23902
9,0.260582,0.311467,1.89983
8,0.260582,0.311467,1.89983
9,-0.497375,-0.870969,2.45965
8,-0.497375,-0.870969,2.45965
9,-0.465726,-1.02009,3.45249
8,-0.465726,-1.02009,3.45249
9,0.367769,0.156604,1.92581
8,0.367769,0.156604,1.92581
9,-0.196293,-0.774112,1.95054
8,-0.196293,-0.774112,1.95054
9,0.583334,-0.301189,2.58266
7,0.583334,-0.301189,2.58266
9,0.66413,-0.0473368,2.58872
7,0.66413,-0.0473368,2.58872
9,-0.489624,-0.833692,2.25249
7,-0.489624,-0.833692,2.25249
9,0.622798,-0.368126,2.59591
7,0.622798,-0.368126,2.59591
9,0.804589,-0.400761,2.55831
7,0.804589,-0.400761,2.55831
9,-0.493358,-0.854756,2.40007
7,-0.493358,-0.854756,2.40007
9,0.172164,0.0903891,2.36943
7,0.172164,0.0903891,2.36943
9,0.551728,-0.157578,2.5904
7,0.551728,-0.157578,2.5904
9,0.789325,-0.0652356,2.66071
7,0.789325,-0.0652356,2.66071
9,-0.7454,0.253007,1.91324
7,-0.7454,0.253007,1.91324
9,-1.473,-1.11848,1.75873
7,-1.473,-1.11848,1.75873
9,0.643682,-0.323731,2.55328
7,0.643682,-0.323731,2.55328
9,-1.53043,-1.13912,1.88783
7,-1.53043,-1.13912,1.88783
9,0.671846,0.260026,1.98419
6,0.671846,0.260026,1.98419
9,0.503997,0.0744771,2.4319
6,0.503997,0.0744771,2.4319
9,0.405923,-0.273237,2.0561
4,0.405923,-0.273237,2.0561
9,0.293123,0.173653,2.16728
4,0.293123,0.173653,2.16728
9,0.654751,-0.104172,2.59822
4,0.654751,-0.104172,2.59822
9,-1.75473,-3.31037,11.6545
5,-1.75473,-3.31037,11.6545
9,0.550024,-0.225415,2.47462
5,0.550024,-0.225415,2.47462
9,0.66253,-0.104891,2.58004
3,0.66253,-0.104891,2.58004
9,0.589097,-0.397309,2.5561
1,0.589097,-0.397309,2.5561
9,0.465721,0.230152,2.22071
1,0.465721,0.230152,2.22071
9,0.641899,-0.456687,2.55471
1,0.641899,-0.456687,2.55471
9,0.678239,-0.30402,2.59893
2,0.678239,-0.30402,2.59893
9,0.602891,-0.146036,2.34975
0,0.602891,-0.146036,2.34975
9,0.611153,-0.2462,2.57934
0,0.611153,-0.2462,2.57934
10,-0.720828,0.0517783,0.510235
10,-0.795664,0.187075,0.560314
10,-0.796435,0.185379,0.554334
10,-0.797148,0.185939,0.554546
10,-0.796705,0.186266,0.554143
10,-0.756028,0.230863,0.538497
10,-0.80818,0.334348,0.509738
10,-0.455554,0.562809,0.295336
10,-0.35239,0.7947,0.204747
10,-0.583484,1.24195,0.403952
10,-0.20178,1.20423,-0.0091778
10,-0.145199,1.24515,0.0238618
10,-1.04833,1.27525,-0.461683
10,-1.05204,1.33435,-0.456782
10,-1.08734,1.49349,-0.566617
10,-1.08641,1.85863,0.418166
10,-0.557192,1.829,0.192181
10,-1.04104,1.53338,-0.566348
10,-1.08969,1.88131,0.413574
10,-0.51932,1.83897,0.196265
10,0.433623,1.59066,-0.690974
10,-1.08914,1.89695,0.424585
10,-1.09653,1.96485,0.532798
10,-0.472652,1.87909,0.169372
10,-1.1244,1.84945,0.159426
10,-1.09898,1.98886,0.540942
10,-1.0938,1.91439,0.318331
10,-1.09876,1.9891,0.510865
10,-1.10161,2.00742,0.538664
10,-1.08908,1.93274,0.322966
10,-0.451569,1.93237,0.190423
10,-1.10665,1.87973,0.138379
10,-1.09583,1.9431,0.314261
10,-1.11726,1.90628,0.132801
10,0.229738,1.70162,-0.684757
10,-1.11995,1.94995,0.141943
10,0.179756,1.74403,-0.698178
10,-1.14832,1.98254,0.117579
10,-1.5098,1.9786,0.131328
10,0.241711,1.78332,-0.732406
10,-1.18129,1.99518,0.0963727
10,-0.896204,1.6966,-0.854617
10,-0.90191,1.69973,-0.855615
10,0.0934294,1.81104,-0.713014
10,-0.89283,1.70467,-0.853022
10,-1.46646,2.00306,0.0849494
10,-0.808749,1.69303,-0.911207
10,-0.427173,2.1208,0.1167
10,-0.428507,2.14822,0.103243
10,-0.751972,2.16055,0.0891458
10,-1.03398,1.81407,-0.857937
10,0.151946,1.91283,-0.775939
10,-1.56752,2.1406,0.0988726
10,-0.756069,2.18752,0.0774975
10,0.260097,1.94651,-0.802275
10,-0.996179,1.83816,-0.909476
10,-1.15841,2.18634,0.0750844
10,-0.960502,1.84655,-0.929207
10,-0.99843,1.85896,-0.916679
10,-1.16074,2.19719,0.0548161
10,0.212126,1.97948,-0.800105
10,-1.59291,2.22674,0.0349301
10,-1.59971,2.25587,0.0840074
10,0.319934,2.06301,-0.876916
10,0.31845,2.09248,-0.892276
10,-1.6222,2.29968,0.00699693
10,-0.728315,2.38332,0.0421588
10,-1.55438,2.32843,0.00366855
10,-1.63469,2.34727,0.0633443
10,0.181252,2.12761,-0.864294
10,-1.63802,2.35674,0.0596032
10,-1.55686,2.36309,0.00525445
10,0.173601,2.16927,-0.906161
10,0.252109,2.17864,-0.913114
10,0.237145,2.21325,-0.926577
10,0.309839,2.48115,-0.315326
10,0.27993,2.26459,-0.948219
10,-0.974023,2.57464,-0.00608873
10,0.299873,2.43871,-0.64605
10,-0.96837,2.58631,-0.0206742
10,0.596406,2.51395,-0.492124
10,0.590447,2.55647,-0.375727
10,0.591042,2.55311,-0.385502
10,0.279367,2.45257,-0.622602
10,0.577669,2.52951,-0.466367
10,0.581204,2.55469,-0.395903
10,0.608922,2.47895,-0.623344
10,0.607558,2.4891,-0.595833
10,-0.962814,2.59722,-0.0290708
10,0.596533,2.56574,-0.384718
10,0.604095,2.45676,-0.71508
10,0.599655,2.5739,-0.382223
10,0.593541,2.5313,-0.50237
10,0.303737,2.53692,-0.438221
10,0.610642,2.44653,-0.746118
10,0.611225,2.45872,-0.71558
10,0.608082,2.53021,-0.51255
10,0.582592,2.50801,-0.581968
10,0.308447,2.56479,-0.410252
10,0.292518,2.3544,-1.00507
10,0.528647,2.60227,-0.348255
10,0.609164,2.47362,-0.749896
10,0.351808,2.48005,-0.695605
10,-0.975808,2.6375,-0.0289574
10,0.268256,2.45176,-0.771324
10,0.604942,2.50429,-0.711691
10,0.432056,2.62057,-0.361233
10,-0.67898,2.67527,-0.0267954
10,0.375053,2.57003,-0.505395
10,0.381718,2.53295,-0.614062
10,0.60254,2.55318,-0.599067
10,0.453022,2.58735,-0.479397
10,0.454414,2.59152,-0.471091
10,0.297137,2.51891,-0.652239
10,0.597738,2.64261,-0.368831
10,0.449559,2.62809,-0.390583
10,0.451065,2.63455,-0.374692
10,0.400328,2.62535,-0.392542
10,-0.975389,2.67892,-0.0123715
10,0.346499,2.56824,-0.547669
10,0.611687,2.5032,-0.778728
10,0.397493,2.63153,-0.383684
10,0.368848,2.51729,-0.715915
10,-0.975146,2.6822,-0.0261448
10,0.556457,2.63556,-0.414921
10,0.325008,2.64089,-0.368813
10,0.396127,2.62091,-0.441753
10,0.397433,2.53729,-0.680528
10,0.47757,2.53323,-0.706671
10,0.467351,2.51126,-0.769803
10,-1.70947,2.62942,-0.0730241
10,0.416041,2.59188,-0.541835
10,0.349051,2.64882,-0.370391
10,0.560338,2.59369,-0.562527
10,0.399157,2.54321,-0.687513
10,0.459697,2.66481,-0.35826
10,0.529797,2.64821,-0.422536
10,0.283735,2.58234,-0.570887
10,0.276825,2.62753,-0.44523
10,0.575779,2.59531,-0.591895
10,0.31583,2.50036,-0.823652
10,0.481909,2.56985,-0.655438
10,0.305247,2.61578,-0.496124
10,0.539669,2.55413,-0.713444
10,0.534279,2.5986,-0.5963
10,0.53643,2.53101,-0.796953
10,0.598527,2.57154,-0.708444
10,0.536679,2.53734,-0.800578
10,0.587681,2.69759,-0.362937
10,0.604005,2.55906,-0.803274
10,0.312179,2.63621,-0.543189
10,0.375294,2.70102,-0.377123
10,0.313839,2.59508,-0.692247
10,0.362412,2.6093,-0.663574
10,0.637208,2.69712,-0.46534
10,0.608312,2.70415,-0.448721
10,0.543438,2.61161,-0.711517
10,0.354382,2.6001,-0.761799
10,0.444125,2.57359,-0.853106
10,0.398843,2.70934,-0.463961
10,-1.08283,2.37422,-1.1829
10,0.573981,2.71151,-0.512074
10,0.413137,2.6434,-0.711522
10,0.306176,2.7384,-0.481727
10,-0.980442,2.81969,-0.0505959
10,0.593221,2.80584,-0.415095
10,0.37867,2.81218,-0.447575
10,-2.18281,2.81914,-0.141318
10,-1.80627,2.89841,-0.142295
10,-1.79644,2.94972,-0.154464
10,-1.72895,2.98731,-0.159257
10,-1.91922,3.21286,-0.214081
10,-2.42652,3.28687,-0.251705
10,-2.50174,3.47098,-0.280667
10,-2.52248,3.50663,-0.307268
10,-2.53647,3.53404,-0.307239
10,-0.322686,2.45115,0.756592
9,-0.322686,2.45115,0.756592
10,-0.70403,2.48519,0.0107328
9,-0.70403,2.48519,0.0107328
10,-0.705527,2.47828,0.0162564
9,-0.705527,2.47828,0.0162564
10,-0.72218,2.47744,0.00980599
9,-0.72218,2.47744,0.00980599
10,-0.712099,2.70793,-0.030918
9,-0.712099,2.70793,-0.030918
10,-1.66437,2.42016,-0.0252575
9,-1.66437,2.42016,-0.0252575
10,-1.68289,2.47132,-0.0346696
9,-1.68289,2.47132,-0.0346696
10,-1.701,2.4719,-0.0357189
9,-1.701,2.4719,-0.0357189
10,-1.19629,2.46326,-0.00294789
9,-1.19629,2.46326,-0.00294789
10,-1.18417,2.56524,-0.0181587
9,-1.18417,2.56524,-0.0181587
10,-1.19214,2.50663,-0.0146731
9,-1.19214,2.50663,-0.0146731
10,-1.05996,2.45584,0.344281
9,-1.05996,2.45584,0.344281
10,0.399228,2.53741,-0.518159
9,0.399228,2.53741,-0.518159
10,-1.9376,2.38988,-0.0300521
9,-1.9376,2.38988,-0.0300521
10,-1.93825,2.39409,-0.0171157
9,-1.93825,2.39409,-0.0171157
10,-1.00586,2.40238,0.534759
9,-1.00586,2.40238,0.534759
10,-1.01263,2.46724,0.536589
9,-1.01263,2.46724,0.536589
10,-0.726703,2.49078,0.181039
9,-0.726703,2.49078,0.181039
10,-1.16541,2.48641,0.00173057
9,-1.16541,2.48641,0.00173057
10,-1.18616,2.48523,-0.00610368
9,-1.18616,2.48523,-0.00610368
10,-1.98208,2.44725,0.337934
9,-1.98208,2.44725,0.337934
10,-1.98986,2.45336,0.356524
9,-1.98986,2.45336,0.356524
10,-0.323558,2.71858,0.20709
9,-0.323558,2.71858,0.20709
10,-0.357863,2.48616,0.228326
9,-0.357863,2.48616,0.228326
10,-0.702441,2.5238,0.00633702
9,-0.702441,2.5238,0.00633702
10,-0.402741,2.64307,-0.0049036
9,-0.402741,2.64307,-0.0049036
10,0.396452,2.52943,-0.68889
9,0.396452,2.52943,-0.68889
10,-0.3642,2.59665,0.389691
9,-0.3642,2.59665,0.389691
10,-0.630638,2.65739,-0.0270453
9,-0.630638,2.65739,-0.0270453
10,-1.93282,2.44009,0.250681
9,-1.93282,2.44009,0.250681
10,-1.95591,2.43158,-0.0226388
9,-1.95591,2.43158,-0.0226388
10,-1.65712,2.47844,-0.0262839
9,-1.65712,2.47844,-0.0262839
10,-1.05454,2.40349,0.284658
9,-1.05454,2.40349,0.284658
10,-0.727537,2.55666,0.171416
9,-0.727537,2.55666,0.171416
10,0.645992,1.81882,-0.849706
9,0.645992,1.81882,-0.849706
10,-1.65824,2.40244,-0.0188091
9,-1.65824,2.40244,-0.0188091
10,-1.07062,2.51928,0.384619
9,-1.07062,2.51928,0.384619
10,-0.702231,2.53787,0.00394401
9,-0.702231,2.53787,0.00394401
10,-0.723722,2.59253,-0.0154221
9,-0.723722,2.59253,-0.0154221
10,-1.05429,2.42407,0.113603
9,-1.05429,2.42407,0.113603
10,-1.00462,2.35438,0.537265
9,-1.00462,2.35438,0.537265
10,-1.8238,2.78141,-0.108729
9,-1.8238,2.78141,-0.108729
10,-1.01567,2.44469,0.537748
9,-1.01567,2.44469,0.537748
10,-0.723847,2.57435,-0.0122321
9,-0.723847,2.57435,-0.0122321
10,-0.755444,2.62821,-0.0188871
9,-0.755444,2.62821,-0.0188871
10,0.628339,1.7929,-0.838668
9,0.628339,1.7929,-0.838668
10,-0.281915,2.57216,0.765989
9,-0.281915,2.57216,0.765989
10,-0.300169,2.57657,0.774165
9,-0.300169,2.57657,0.774165
10,-0.698209,2.41953,0.0399288
9,-0.698209,2.41953,0.0399288
10,-1.0619,2.47412,0.342269
9,-1.0619,2.47412,0.342269
10,-1.93944,2.40293,-0.0139505
9,-1.93944,2.40293,-0.0139505
10,-0.361244,2.57086,0.746579
9,-0.361244,2.57086,0.746579
10,-2.08783,2.69158,-0.0824692
9,-2.08783,2.69158,-0.0824692
10,-2.15254,2.82714,-0.107829
9,-2.15254,2.82714,-0.107829
10,-0.695207,2.3982,0.0505227
9,-0.695207,2.3982,0.0505227
10,-0.693094,2.51204,0.0322169
9,-0.693094,2.51204,0.0322169
10,-0.269392,2.62944,0.772641
9,-0.269392,2.62944,0.772641
10,-0.291766,2.63482,0.782664
9,-0.291766,2.63482,0.782664
10,-1.9679,2.45604,-0.0257956
9,-1.9679,2.45604,-0.0257956
10,-1.63043,2.44168,-0.0178814
9,-1.63043,2.44168,-0.0178814
10,-0.752995,2.4566,0.0144644
9,-0.752995,2.4566,0.0144644
10,-0.408853,1.89239,-0.850608
9,-0.408853,1.89239,-0.850608
10,-1.0828,1.73372,-0.84944
9,-1.0828,1.73372,-0.84944
10,-1.05229,2.32923,0.49235
9,-1.05229,2.32923,0.49235
10,-0.0469643,2.0584,-0.82133
9,-0.0469643,2.0584,-0.82133
10,0.359384,2.59613,-0.627614
9,0.359384,2.59613,-0.627614
10,0.607295,1.81519,-0.821005
9,0.607295,1.81519,-0.821005
10,-0.995142,2.42039,0.509205
9,-0.995142,2.42039,0.509205
10,0.473844,2.55938,-0.694029
9,0.473844,2.55938,-0.694029
10,-1.11096,2.74735,0.487613
9,-1.11096,2.74735,0.487613
10,-1.78532,2.09936,0.0637923
9,-1.78532,2.09936,0.0637923
10,-2.03311,2.59934,-0.0441108
9,-2.03311,2.59934,-0.0441108
10,-0.468006,1.72048,0.30844
9,-0.468006,1.72048,0.30844
10,-0.356868,2.57588,0.198482
9,-0.356868,2.57588,0.198482
10,-1.10287,2.71107,0.493982
9,-1.10287,2.71107,0.493982
10,-0.486607,2.33282,0.489737
9,-0.486607,2.33282,0.489737
10,-0.486829,1.85322,-0.710474
9,-0.486829,1.85322,-0.710474
10,-1.50752,2.46637,-0.0267263
8,-1.50752,2.46637,-0.0267263
10,0.447633,2.54351,-0.626991
8,0.447633,2.54351,-0.626991
10,0.163313,1.85936,-0.216764
8,0.163313,1.85936,-0.216764
10,-0.458908,2.09268,-0.916964
8,-0.458908,2.09268,-0.916964
10,0.411887,2.63151,-0.527069
8,0.411887,2.63151,-0.527069
10,-0.463396,2.03886,-0.883262
8,-0.463396,2.03886,-0.883262
10,0.294777,2.565,-0.552627
8,0.294777,2.565,-0.552627
10,0.31745,1.53304,-0.635733
8,0.31745,1.53304,-0.635733
10,0.376575,1.47421,-0.585556
8,0.376575,1.47421,-0.585556
10,-0.270104,2.58751,0.146584
8,-0.270104,2.58751,0.146584
10,-0.25764,2.67455,0.142315
8,-0.25764,2.67455,0.142315
10,0.492631,2.69755,-0.567289
8,0.492631,2.69755,-0.567289
10,0.44375,2.69984,-0.550961
8,0.44375,2.69984,-0.550961
10,0.370875,2.45778,-0.646691
8,0.370875,2.45778,-0.646691
10,0.557334,2.51358,-0.691447
8,0.557334,2.51358,-0.691447
10,-0.499961,1.75037,-0.836664
8,-0.499961,1.75037,-0.836664
10,-0.263335,2.62509,0.147955
8,-0.263335,2.62509,0.147955
10,0.40582,2.58617,-0.650996
7,0.40582,2.58617,-0.650996
10,0.307451,1.85093,-0.752559
7,0.307451,1.85093,-0.752559
10,0.477773,2.61315,-0.547629
7,0.477773,2.61315,-0.547629
10,-2.09516,2.27489,-0.00153673
7,-2.09516,2.27489,-0.00153673
10,0.266977,2.04758,-0.834202
7,0.266977,2.04758,-0.834202
10,0.900007,2.32833,-1.23836
7,0.900007,2.32833,-1.23836
10,0.575265,2.17526,-0.845975
7,0.575265,2.17526,-0.845975
10,0.0404776,2.14901,-0.856508
6,0.0404776,2.14901,-0.856508
10,0.420698,2.59821,-0.560704
6,0.420698,2.59821,-0.560704
10,-0.369919,2.04849,-0.879784
4,-0.369919,2.04849,-0.879784
10,0.40157,2.54912,-0.702663
5,0.40157,2.54912,-0.702663
10,-1.15099,1.82188,-0.894589
5,-1.15099,1.82188,-0.894589
10,0.424596,2.64888,-0.580805
2,0.424596,2.64888,-0.580805
10,0.199767,2.06331,-0.824359
3,0.199767,2.06331,-0.824359
10,0.408009,2.61717,-0.428224
1,0.408009,2.61717,-0.428224
10,-0.993177,1.89464,-0.856325
1,-0.993177,1.89464,-0.856325
10,0.45761,2.57813,-0.606998
1,0.45761,2.57813,-0.606998
11,-0.208487,1.21773,0.0115498
11,-0.199238,1.25792,0.120018
11,-0.189266,1.22643,0.00515282
11,-0.171233,1.21449,-0.0372156
11,-0.16561,1.20553,-0.0677901
11,-0.132602,1.22122,-0.0348119
11,-0.172332,1.21282,-0.0531721
11,-1.70181,2.03446,0.682585
11,-1.71548,2.0519,0.681613
11,-0.837905,1.58099,-0.857083
11,-1.73091,2.06573,0.659705
11,-1.72987,2.03608,0.350276
11,-0.921501,1.67171,-0.884632
11,-0.89923,1.69698,-0.858544
11,-1.75342,2.07546,0.341422
11,-0.89983,1.71345,-0.867178
11,-1.75432,2.11055,0.402193
11,-1.83023,2.20314,0.652472
11,-0.976493,1.75583,-0.824773
11,-0.986494,1.81016,-0.781313
11,-0.982539,1.81271,-0.782849
11,-1.68232,2.0807,0.0794249
11,-1.85177,2.19522,0.40318
11,-1.69079,2.10798,0.0743979
11,0.35439,1.9219,-0.807278
11,-1.66091,2.11861,0.0737243
11,-1.88658,2.16991,0.0507737
11,0.324032,1.98499,-0.876187
11,0.318668,1.99147,-0.872589
11,-1.60749,2.28044,0.170282
11,-1.90831,2.21478,0.0256833
11,-1.02235,2.31378,0.157336
11,-0.941636,2.28838,0.0690403
11,-1.65752,2.24356,0.0447074
11,-1.61213,2.25827,0.0696045
11,-1.61554,2.26989,0.0733888
11,-1.61333,2.25574,0.0308901
11,-1.61575,2.2718,0.0720514
11,0.175128,2.06181,-0.83219
11,-1.616,2.27077,0.0609047
11,-1.55823,2.27095,0.0497088
11,-1.64812,2.259,0.0278579
11,-1.6155,2.26193,0.02601
11,-1.92092,2.24927,0.0317762
11,-1.6143,2.28952,0.0902685
11,-1.61548,2.29219,0.08306
11,-0.650294,2.34048,0.0515223
11,-1.1625,2.48664,0.545244
11,-1.02019,2.32371,0.0437086
11,-1.88306,2.26714,0.00606716
11,-1.62113,2.31025,0.0811418
11,-0.647275,2.36243,0.0512016
11,-0.676552,2.36233,0.0449513
11,-1.64064,2.29755,0.0139965
11,-1.66621,2.29888,0.0174304
11,-1.62127,2.29872,0.0079273
11,-1.60273,2.30868,0.0220819
11,-0.947175,2.35817,0.0402176
11,-1.62909,2.31087,0.00234127
11,-1.57945,2.32152,0.0152889
11,-0.729347,2.43737,0.194363
11,-0.723635,2.44602,0.212369
11,-1.65609,2.31997,0.00442612
11,-1.52718,2.33682,0.014186
11,-1.55094,2.33365,0.0056026
11,-0.730403,2.44915,0.188419
11,-1.55424,2.33657,-0.000279367
11,-0.690943,2.40179,0.0378075
11,-1.58024,2.34167,0.00631976
11,-0.734547,2.45852,0.181178
11,-1.55535,2.34863,-0.00099951
11,-0.666692,2.41552,0.0375277
11,-1.51641,2.3613,0.0240667
11,-1.56221,2.36763,0.000111759
11,-1.53357,2.37114,0.000671625
11,-1.51763,2.38699,0.0180064
11,-0.736103,2.50148,0.18478
11,-0.735121,2.49765,0.168534
11,-1.08193,2.43807,0.026858
11,-0.732759,2.49835,0.134377
11,-0.728388,2.46113,0.024578
11,-0.693695,2.46781,0.0367733
11,-1.08246,2.44454,0.0233052
11,-0.75233,2.46901,0.033638
11,-0.757712,2.46848,0.0254272
11,-0.730963,2.53441,0.175865
11,-0.721797,2.48793,0.0190763
11,-1.0822,2.46364,0.00561666
11,-0.724864,2.49003,0.0149019
11,-1.20715,2.46189,0.00841147
11,-0.660223,2.51301,0.0373161
11,-1.20526,2.4727,0.00253683
11,-1.08238,2.4792,-1.83582e-05
11,-1.09735,2.50168,0.011653
11,-0.343802,2.56375,0.0436993
11,-0.351228,2.56466,0.0224447
11,-1.11824,2.51672,0.0142828
11,-0.340144,2.56435,0.0126845
11,-0.477119,2.72498,0.4773
11,-0.402742,2.62164,0.00107598
11,0.237158,2.54651,-0.411379
11,0.240818,2.54263,-0.446459
11,0.259174,2.52279,-0.508252
11,0.251796,2.57839,-0.357817
11,0.249097,2.46935,-0.677078
11,0.310387,2.58782,-0.3574
11,0.268999,2.49272,-0.622433
11,0.272967,2.46882,-0.691585
11,-1.11814,2.62593,-0.018378
11,0.277603,2.45956,-0.735799
11,0.257029,2.55223,-0.478952
11,0.300218,2.51739,-0.587879
11,0.322644,2.51827,-0.590888
11,0.312494,2.58775,-0.39745
11,0.253655,2.57415,-0.426316
11,0.325659,2.51181,-0.620157
11,-0.340273,2.68703,-0.00981748
11,0.291798,2.58928,-0.399337
11,0.332975,2.47539,-0.73243
11,0.298473,2.55148,-0.510883
11,0.263299,2.53703,-0.55341
11,0.384639,2.54251,-0.566005
11,0.496152,2.55565,-0.55681
11,-0.406531,2.7084,0.0270489
11,0.309943,2.48091,-0.746964
11,-0.492985,2.69812,0.00268477
11,0.250347,2.61627,-0.356916
11,0.356637,2.56002,-0.53542
11,0.408529,2.61108,-0.401144
11,0.450038,2.51288,-0.703161
11,0.331638,2.55148,-0.573867
11,0.246125,2.62355,-0.359993
11,0.313467,2.49189,-0.751539
11,0.370724,2.52136,-0.68827
11,0.361837,2.58135,-0.520511
11,0.342213,2.53506,-0.664128
11,0.464485,2.53065,-0.703453
11,0.521281,2.51445,-0.766264
11,0.315416,2.57969,-0.548701
11,0.375892,2.55887,-0.640764
11,0.313948,2.62979,-0.441601
11,0.469898,2.52643,-0.776861
11,0.432803,2.54655,-0.726175
11,0.487508,2.55171,-0.725135
11,0.430395,2.56929,-0.667539
11,0.37182,2.6714,-0.373793
11,0.412681,2.53773,-0.761829
11,0.640005,2.55763,-0.768687
11,0.622652,2.5889,-0.746253
11,0.469996,2.56504,-0.851261
11,0.700966,2.58529,-0.836378
11,0.705441,2.60698,-0.810866
11,0.716331,2.62979,-0.804173
11,-0.13928,3.86094,0.489121
11,0.40483,2.51891,-0.578943
9,0.40483,2.51891,-0.578943
11,0.336216,2.62279,-0.478648
9,0.336216,2.62279,-0.478648
11,-1.05109,2.40644,0.288694
9,-1.05109,2.40644,0.288694
11,0.17775,2.03825,-0.248271
9,0.17775,2.03825,-0.248271
11,0.490174,2.61437,-0.553402
9,0.490174,2.61437,-0.553402
11,-0.35176,2.49487,0.0748128
9,-0.35176,2.49487,0.0748128
11,0.574711,2.66922,-0.365525
9,0.574711,2.66922,-0.365525
11,-0.309278,2.56018,0.533577
9,-0.309278,2.56018,0.533577
11,-0.319107,2.48922,0.535216
9,-0.319107,2.48922,0.535216
11,0.325299,2.4905,-0.682954
8,0.325299,2.4905,-0.682954
11,2.74655,7.79547,-2.74283
8,2.74655,7.79547,-2.74283
11,0.343607,2.57492,-0.614227
8,0.343607,2.57492,-0.614227
11,0.492172,2.55409,-0.692467
8,0.492172,2.55409,-0.692467
11,0.413003,2.54872,-0.564981
8,0.413003,2.54872,-0.564981
11,0.491173,2.57012,-0.835916
8,0.491173,2.57012,-0.835916
11,0.651421,2.67463,-0.341691
8,0.651421,2.67463,-0.341691
11,0.391093,2.57096,-0.580674
7,0.391093,2.57096,-0.580674
11,0.33451,2.53945,-0.640956
7,0.33451,2.53945,-0.640956
11,0.698901,3.3338,-1.06334
7,0.698901,3.3338,-1.06334
11,-1.48588,2.39953,-0.0127886
7,-1.48588,2.39953,-0.0127886
11,0.379393,2.37604,-0.472961
7,0.379393,2.37604,-0.472961
11,0.326169,2.23904,-0.505617
7,0.326169,2.23904,-0.505617
11,0.472352,2.69793,-0.699155
7,0.472352,2.69793,-0.699155
11,-0.347276,2.37569,0.0484677
7,-0.347276,2.37569,0.0484677
11,0.440866,2.58798,-0.510065
7,0.440866,2.58798,-0.510065
11,0.47415,2.50877,-0.796609
7,0.47415,2.50877,-0.796609
11,0.652142,2.6112,-0.597083
7,0.652142,2.6112,-0.597083
11,0.519273,2.83785,-0.850071
6,0.519273,2.83785,-0.850071
11,0.368503,2.55068,-0.665694
6,0.368503,2.55068,-0.665694
11,0.378075,1.96114,-0.838132
6,0.378075,1.96114,-0.838132
11,0.346132,2.48911,-0.501738
4,0.346132,2.48911,-0.501738
11,0.401771,2.51552,-0.755523
4,0.401771,2.51552,-0.755523
11,0.305062,2.35862,-0.388097
5,0.305062,2.35862,-0.388097
11,0.319344,2.53512,-0.699422
2,0.319344,2.53512,-0.699422
11,0.455779,2.6057,-0.489718
2,0.455779,2.6057,-0.489718
11,0.309021,2.56387,-0.584934
3,0.309021,2.56387,-0.584934
11,0.514181,2.80893,-0.53835
3,0.514181,2.80893,-0.53835
11,0.373538,2.35122,-0.4914
3,0.373538,2.35122,-0.4914
11,0.66393,3.1695,-0.77219
3,0.66393,3.1695,-0.77219
12,-0.199956,1.24693,0.0804082
12,-0.311088,1.46711,-0.744761
12,-0.893246,1.56526,-0.801909
12,-0.426578,2.19889,0.875263
12,-0.535807,2.03618,0.353213
12,-0.410092,2.2442,0.912674
12,-1.11888,1.62098,-0.74293
12,-0.408923,2.26056,0.920228
12,-0.527073,2.05849,0.355723
12,-0.413391,2.27429,0.945146
12,-0.406588,2.2694,0.917621
12,-0.568689,2.11937,0.518859
12,-0.40656,2.29629,0.973033
12,-0.494797,2.07308,0.332719
12,-0.377822,2.30089,0.910521
12,-0.532075,2.0918,0.322906
12,-0.53892,2.16426,0.515898
12,-0.562803,2.16569,0.515095
12,-1.13754,1.70221,-0.730165
12,-0.530252,2.17947,0.509665
12,-0.376995,2.32471,0.887928
12,-0.532697,2.12627,0.290664
12,-0.893156,1.7019,-0.853851
12,-0.499885,1.73274,-0.839446
12,-0.904789,1.70198,-0.862216
12,-0.955258,1.7118,-0.83649
12,-1.03194,1.72896,-0.798028
12,-1.13308,2.19573,0.535422
12,-1.14241,2.1964,0.529544
12,-0.334284,2.32601,0.745589
12,-1.02671,1.7378,-0.804587
12,-0.346683,2.33578,0.76193
12,-0.338867,2.39,0.894732
12,-0.333444,2.38443,0.874
12,-0.954843,1.73725,-0.853543
12,-1.1433,2.2078,0.508677
12,-0.954983,1.74018,-0.853897
12,-1.03308,1.75386,-0.822024
12,-0.981769,1.75182,-0.841653
12,-0.981832,1.75783,-0.841579
12,-1.14195,2.22968,0.50514
12,-0.799575,1.74633,-0.920773
12,-0.316827,2.38762,0.756683
12,-0.632197,2.15232,0.0981435
12,-0.425016,2.22335,0.258512
12,-0.944931,1.7963,-0.868602
12,-1.14914,2.20894,0.302273
12,-0.113591,1.91042,-0.725453
12,-0.335964,2.50146,0.944044
12,-0.942945,1.82355,-0.890288
12,-1.07011,2.16545,0.084805
12,-0.332269,2.51028,0.931745
12,-1.08355,2.17127,0.0963405
12,0.226671,1.93279,-0.817761
12,-0.477449,2.22183,0.098205
12,-1.15299,2.25538,0.296283
12,-1.14789,2.29408,0.387916
12,0.175859,1.9529,-0.810496
12,-0.407551,2.24387,0.0882465
12,-0.473316,2.24203,0.0897231
12,-1.07312,2.20659,0.0766933
12,-0.466097,2.24836,0.086925
12,-0.391088,2.26665,0.115134
12,-1.00815,1.88328,-0.88689
12,-0.45141,2.26954,0.0930967
12,0.401386,1.99594,-0.861578
12,-1.15431,2.2804,0.187915
12,-1.05471,2.24638,0.0610517
12,0.0984948,1.98409,-0.885546
12,-0.396587,1.94633,-0.912048
12,-1.18415,2.24714,0.0488078
12,0.104859,2.00052,-0.888606
12,-0.313112,2.36497,0.205786
12,-0.399306,2.3348,0.131473
12,-1.58147,2.2344,0.0350111
12,-1.18413,2.2683,0.0544806
12,-1.21149,2.27298,0.0521588
12,-1.57663,2.24722,0.0128677
12,-1.16042,2.28377,0.0405791
12,-1.58049,2.25937,0.0421426
12,-0.725913,2.37477,0.213532
12,-0.754451,2.3211,0.0552014
12,-0.99182,1.96622,-0.910967
12,-1.08792,1.97327,-0.876003
12,-1.1746,2.29393,0.0440754
12,0.415363,2.06019,-0.89143
12,-1.00314,2.46738,0.504225
12,-1.61599,2.26012,0.017435
12,-1.64627,2.26117,0.0254797
12,-1.53558,2.27044,0.00860137
12,0.12947,2.07267,-0.839107
12,-0.98279,1.97947,-0.911515
12,-1.61064,2.26609,0.00648016
12,-1.61142,2.27034,0.0150101
12,0.257558,2.07792,-0.86105
12,-1.66213,2.2795,0.0313942
12,-0.366145,2.03819,-0.879599
12,-0.354924,2.39638,0.125121
12,-1.57827,2.29003,0.0230487
12,-1.54592,2.30987,0.0680549
12,0.220716,2.10096,-0.844815
12,-1.62349,2.29161,0.0120164
12,-0.355241,2.04998,-0.891956
12,-0.755687,2.36512,0.0455168
12,-0.727717,2.4338,0.197857
12,-0.744834,2.38329,0.0537121
12,0.220671,2.12231,-0.858674
12,0.198788,2.12766,-0.852082
12,-0.757299,2.39228,0.040326
12,-1.55831,2.34459,0.0101783
12,-0.727161,2.41781,0.0392459
12,0.188873,2.16879,-0.846572
12,0.200315,2.17626,-0.850938
12,0.226791,2.19398,-0.869435
12,0.233104,2.21178,-0.867466
12,-1.60267,2.41237,-0.0108075
12,-0.681534,2.49478,0.0149601
12,-2.16859,2.43236,-0.047336
12,-0.934654,2.54778,-0.0102194
12,-2.03324,2.5082,-0.0512847
12,0.264785,2.42977,-0.771046
12,0.376421,2.57718,-0.423033
12,0.435243,2.61042,-0.351759
12,0.626357,2.52277,-0.638695
12,0.264957,2.57169,-0.440234
12,0.620642,2.56727,-0.514502
12,0.617151,2.60663,-0.411839
12,0.412987,2.47443,-0.766087
12,0.262784,2.49971,-0.688613
12,0.398714,2.51932,-0.661825
12,0.555457,2.63769,-0.356224
12,0.340095,2.49289,-0.736208
12,0.644934,2.64341,-0.41555
12,0.276202,2.5719,-0.557386
12,0.473455,2.619,-0.482949
12,0.569174,2.62014,-0.503658
12,-2.05231,2.64825,-0.0765361
12,-1.05789,3.02279,0.0287673
12,-1.99778,2.92073,-0.147448
12,-2.0011,3.00522,-0.162791
12,-2.04534,3.04286,-0.178178
12,-0.354941,2.49547,0.104078
10,-0.354941,2.49547,0.104078
12,-1.1662,2.35156,0.0214712
10,-1.1662,2.35156,0.0214712
12,-0.373326,2.43954,0.763411
10,-0.373326,2.43954,0.763411
12,-1.18301,2.31099,0.0327445
10,-1.18301,2.31099,0.0327445
12,-1.97028,2.4227,0.33991
10,-1.97028,2.4227,0.33991
12,0.449518,2.71063,-0.434441
10,0.449518,2.71063,-0.434441
12,-1.05525,2.42623,0.39094
10,-1.05525,2.42623,0.39094
12,-0.364823,2.45238,0.778399
10,-0.364823,2.45238,0.778399
12,-0.362703,2.52012,0.292973
10,-0.362703,2.52012,0.292973
12,-0.371543,2.50664,0.40663
10,-0.371543,2.50664,0.40663
12,-0.351433,2.5905,0.283224
10,-0.351433,2.5905,0.283224
12,-0.372784,2.42654,0.776238
10,-0.372784,2.42654,0.776238
12,0.491582,2.53421,-0.515082
10,0.491582,2.53421,-0.515082
12,0.328977,2.57107,-0.449151
10,0.328977,2.57107,-0.449151
12,-0.477523,2.26,0.542452
10,-0.477523,2.26,0.542452
12,-0.336666,2.72353,0.385846
10,-0.336666,2.72353,0.385846
12,-1.08671,2.70368,0.476434
10,-1.08671,2.70368,0.476434
12,-0.371703,2.32818,0.853348
10,-0.371703,2.32818,0.853348
12,0.304941,2.1099,-0.887508
10,0.304941,2.1099,-0.887508
12,-1.07632,2.61953,0.489075
10,-1.07632,2.61953,0.489075
12,0.388833,2.5959,-0.419807
10,0.388833,2.5959,-0.419807
12,-0.347559,2.57696,0.208754
10,-0.347559,2.57696,0.208754
12,-1.05878,2.34588,0.512119
10,-1.05878,2.34588,0.512119
12,-0.217687,2.79981,0.13269
10,-0.217687,2.79981,0.13269
12,-1.1936,2.45252,-0.0037982
9,-1.1936,2.45252,-0.0037982
12,0.247834,2.11297,-0.878117
9,0.247834,2.11297,-0.878117
12,-1.18246,2.54744,0.23069
9,-1.18246,2.54744,0.23069
12,-1.05348,2.40344,0.347424
9,-1.05348,2.40344,0.347424
12,0.0346342,1.9326,-0.833856
9,0.0346342,1.9326,-0.833856
12,0.222933,2.42727,-0.621464
9,0.222933,2.42727,-0.621464
12,0.279655,2.50047,-0.786919
9,0.279655,2.50047,-0.786919
12,0.454378,1.93211,-0.802923
9,0.454378,1.93211,-0.802923
12,-1.94233,2.40816,0.38312
9,-1.94233,2.40816,0.38312
12,-1.03193,2.297,0.122546
9,-1.03193,2.297,0.122546
12,-0.356649,2.37178,0.300507
9,-0.356649,2.37178,0.300507
12,-0.371303,2.44389,0.224596
9,-0.371303,2.44389,0.224596
12,-0.311807,2.45532,0.849972
9,-0.311807,2.45532,0.849972
12,-1.06193,2.4104,0.412851
9,-1.06193,2.4104,0.412851
12,-1.06021,2.42846,0.212363
9,-1.06021,2.42846,0.212363
12,0.268507,2.17168,-0.413617
8,0.268507,2.17168,-0.413617
12,-0.405168,2.13527,-0.878836
8,-0.405168,2.13527,-0.878836
12,0.331479,1.8706,-0.816844
7,0.331479,1.8706,-0.816844
12,-0.99739,1.74495,-0.863227
7,-0.99739,1.74495,-0.863227
12,0.274036,1.89784,-0.815842
7,0.274036,1.89784,-0.815842
12,0.492651,2.59027,-0.424456
7,0.492651,2.59027,-0.424456
12,-4.21108,8.7473,-1.12526
7,-4.21108,8.7473,-1.12526
12,0.405954,2.58421,-0.482143
6,0.405954,2.58421,-0.482143
12,-1.37648,4.50819,-0.269774
5,-1.37648,4.50819,-0.269774
13,-1.03912,1.8146,0.413233
13,-0.469007,2.04255,0.752549
13,-0.535695,1.96306,0.521504
13,-0.462038,2.07937,0.773246
13,-0.457805,2.09581,0.762924
13,-0.451474,2.11806,0.7661
13,-0.439376,2.1853,0.819299
13,-0.921475,1.60067,-0.818693
13,-0.394988,2.28585,0.966774
13,-0.389658,2.29188,0.962471
13,-0.41971,2.26535,0.875675
13,-0.397741,2.29846,0.953307
13,-0.542051,2.14825,0.518055
13,-0.390185,2.30325,0.908181
13,-0.3964,2.31442,0.929758
13,-0.374862,2.33969,0.926456
13,-1.12894,1.70021,-0.715933
13,-0.502557,2.12738,0.318495
13,-0.353727,2.30659,0.761069
13,-1.14185,1.7255,-0.741315
13,-1.05889,2.19107,0.515065
13,-0.548923,2.14355,0.273109
13,-1.00181,1.71712,-0.836341
13,-0.54587,2.14765,0.277986
13,-1.14183,1.73816,-0.75957
13,-1.14463,2.22647,0.575163
13,-0.48041,2.18628,0.315733
13,-1.08945,2.22351,0.540761
13,-1.146,2.23166,0.5373
13,-0.47874,2.19846,0.303599
13,-1.00384,1.74634,-0.862894
13,-0.43308,2.21369,0.327377
13,-0.986404,1.75959,-0.842911
13,-1.14604,2.24642,0.536382
13,-0.340051,2.47061,0.940241
13,-1.14765,2.26944,0.520498
13,-1.06503,2.40146,0.771451
13,-0.43944,2.25605,0.238882
13,-1.07267,2.41259,0.783999
13,-1.15293,2.2402,0.306958
13,-1.15857,2.2691,0.382782
13,-1.15883,2.27278,0.389554
13,-1.07978,2.41222,0.763528
13,-1.15251,2.23364,0.277497
13,-1.07389,2.18013,0.0946543
13,-1.07387,2.43339,0.79882
13,-1.079,2.42263,0.768443
13,-1.15103,2.31774,0.487513
13,-1.15674,2.32604,0.501742
13,-1.07203,2.43466,0.789008
13,-1.07628,2.43419,0.763076
13,0.171397,1.96241,-0.81052
13,-1.07067,2.42371,0.705617
13,-1.06104,2.36779,0.539093
13,-0.414744,2.30182,0.211616
13,-1.15788,2.31047,0.382467
13,-0.907904,2.22632,0.0688756
13,-1.0598,2.40624,0.597154
13,-1.05893,2.39523,0.556237
13,-1.05876,2.39418,0.545897
13,-1.16303,2.33776,0.373871
13,-1.06366,2.41178,0.550691
13,-1.0634,2.40836,0.538752
13,-1.07529,2.24652,0.061358
13,-1.17942,2.24414,0.0695745
13,-1.06707,2.26937,0.0649383
13,-0.380261,1.983,-0.874838
13,-0.447199,2.32153,0.078124
13,-1.08262,2.27561,0.0566994
13,-1.17828,2.27475,0.061611
13,-1.06742,2.28134,0.055456
13,-1.50609,2.26267,0.0475916
13,-0.445847,2.34619,0.0707759
13,-1.15305,2.34372,0.181665
13,-1.60859,2.25833,0.0237962
13,-1.16409,2.34645,0.180959
13,-1.49738,2.26946,0.0227693
13,-1.19012,2.29719,0.0384133
13,-1.59124,2.2684,0.0368427
13,-0.392667,2.36846,0.0738055
13,-1.15364,2.35208,0.168967
13,-0.392352,2.36862,0.0603842
13,-1.16467,2.35389,0.168438
13,-1.16488,2.30831,0.0358843
13,-1.18473,2.31075,0.0348772
13,-1.15403,2.35758,0.156776
13,-1.16515,2.36,0.150566
13,-0.762944,2.36085,0.0560789
13,-0.724825,2.42063,0.21591
13,-1.05678,2.46297,0.391264
13,-1.58307,2.29553,0.0257849
13,-1.62451,2.29212,0.0142039
13,-1.6532,2.30111,0.0347888
13,-0.72901,2.42454,0.192399
13,-1.05923,2.47328,0.393655
13,-1.64649,2.29691,0.00854445
13,-1.61973,2.2993,0.00837636
13,-1.52841,2.31147,0.02311
13,-1.63696,2.30309,0.0106634
13,-1.62456,2.30531,0.00662285
13,-1.63277,2.30577,0.00634474
13,-1.63823,2.31053,0.0200241
13,-0.736462,2.38964,0.0548743
13,-1.62579,2.3319,0.0693176
13,-0.988918,2.01882,-0.939055
13,-0.675781,2.41528,0.0698584
13,-0.76392,2.39733,0.0368056
13,-0.777749,2.40033,0.0429168
13,-0.763501,2.39639,0.0271478
13,-0.724917,2.45172,0.170909
13,-1.59027,2.33668,0.0197765
13,-1.06333,2.50538,0.385304
13,-1.62945,2.35269,0.0632654
13,-0.723765,2.45372,0.153585
13,-0.762973,2.4149,0.0441847
13,-1.08711,2.05054,-0.936952
13,-0.762455,2.42629,0.0508529
13,-0.720895,2.45993,0.112421
13,-0.725969,2.43332,0.0280756
13,-0.7314,2.43146,0.0184249
13,-0.731425,2.43668,0.0271049
13,-0.649397,2.46641,0.0576972
13,-1.57302,2.39925,-0.00208431
13,-0.678413,2.50133,0.0143042
13,-0.947934,2.48463,-0.000320077
13,-0.953978,2.51612,-0.00790399
13,-1.59022,2.47954,-0.0185519
13,-0.948841,2.52928,-0.00779641
13,-0.657656,2.56605,-0.00536102
13,-2.03826,2.59377,0.340521
13,-0.621955,2.59407,-0.0102767
13,-2.02204,2.48172,-0.0495459
13,-0.623961,2.60102,-0.0106379
13,-2.05434,2.85972,0.984259
13,-0.641447,2.60883,-0.0269628
13,-1.97502,2.51509,-0.0639389
13,-2.17751,2.51414,-0.0505207
13,-2.06919,2.91257,0.989632
13,-2.0449,2.54137,-0.0621043
13,-0.615396,2.65483,-0.0277834
13,0.260314,2.55797,-0.483794
13,0.258927,2.6029,-0.367239
13,0.272906,2.52454,-0.59729
13,-0.613618,2.66276,-0.0407543
13,0.275142,2.51512,-0.633467
13,0.337111,2.47504,-0.758738
13,0.278682,2.48022,-0.738886
13,0.331236,2.49702,-0.712891
13,0.44726,2.63117,-0.372844
13,0.282657,2.47454,-0.791327
13,0.28065,2.52103,-0.667241
13,0.279516,2.56097,-0.564223
13,0.631719,2.64071,-0.419491
13,0.271288,2.52832,-0.66543
13,0.265902,2.6027,-0.46255
13,0.265462,2.60996,-0.442392
13,0.280092,2.53491,-0.673977
13,0.275019,2.5276,-0.698716
13,0.332924,2.63768,-0.405594
13,0.343877,2.6389,-0.405789
13,0.297762,2.61403,-0.501877
13,0.482658,2.53107,-0.802666
13,0.527676,2.53312,-0.814425
13,0.587976,2.69205,-0.409103
13,0.606463,2.6698,-0.495709
13,-2.28484,2.6243,-0.0775812
13,-2.08635,2.65195,-0.0815031
13,-2.02587,2.6628,-0.0951833
13,-2.04339,2.72403,-0.100269
13,-2.05786,2.73263,-0.114992
13,-1.95121,2.8888,-0.150695
13,-1.93706,2.89631,-0.14305
13,-1.97227,2.91847,-0.134813
13,-2.3228,3.65603,0.26296
13,-2.35162,3.73714,0.255531
13,-2.53319,4.20371,0.170177
13,-0.300749,2.53458,0.732633
10,-0.300749,2.53458,0.732633
13,-1.01325,2.54746,0.531802
10,-1.01325,2.54746,0.531802
13,-0.483172,2.40054,0.495291
10,-0.483172,2.40054,0.495291
13,-0.403641,2.57679,0.326258
9,-0.403641,2.57679,0.326258
13,-0.350363,2.4967,0.0768328
9,-0.350363,2.4967,0.0768328
13,0.142641,2.43827,-0.95776
9,0.142641,2.43827,-0.95776
13,-0.724641,2.40585,0.210368
11,-0.724641,2.40585,0.210368
13,-0.413725,2.46593,0.266107
11,-0.413725,2.46593,0.266107
13,-0.40111,2.4598,0.289101
11,-0.40111,2.4598,0.289101
13,-1.83593,2.36729,-0.00513842
11,-1.83593,2.36729,-0.00513842
13,-1.0656,2.47339,0.58328
11,-1.0656,2.47339,0.58328
13,-0.397428,2.45725,0.300365
11,-0.397428,2.45725,0.300365
13,-0.402167,2.43121,0.303437
11,-0.402167,2.43121,0.303437
13,-1.90047,2.53081,0.129887
11,-1.90047,2.53081,0.129887
13,-0.725275,2.39733,0.211334
11,-0.725275,2.39733,0.211334
13,-0.446568,2.45696,0.787678
11,-0.446568,2.45696,0.787678
13,0.544444,2.67664,-0.446084
11,0.544444,2.67664,-0.446084
13,-1.05557,2.3206,0.484767
11,-1.05557,2.3206,0.484767
13,-0.435682,2.53853,0.790817
11,-0.435682,2.53853,0.790817
13,0.290848,2.00215,-0.843108
11,0.290848,2.00215,-0.843108
13,-0.402509,2.5423,0.252851
11,-0.402509,2.5423,0.252851
13,-0.40707,2.45989,0.289044
11,-0.40707,2.45989,0.289044
13,-0.405601,2.50137,0.268654
11,-0.405601,2.50137,0.268654
13,-1.05725,2.43342,0.405504
11,-1.05725,2.43342,0.405504
13,-1.17686,2.497,0.231773
11,-1.17686,2.497,0.231773
13,-0.413569,2.6316,0.528379
11,-0.413569,2.6316,0.528379
13,-0.444267,2.47371,0.800003
11,-0.444267,2.47371,0.800003
13,-1.07606,2.44525,0.596418
11,-1.07606,2.44525,0.596418
13,-1.07494,2.53448,0.8107
11,-1.07494,2.53448,0.8107
13,-1.72143,1.96206,0.373003
7,-1.72143,1.96206,0.373003
13,0.26064,2.29926,-0.958495
2,0.26064,2.29926,-0.958495
13,0.513881,2.61716,-0.487535
3,0.513881,2.61716,-0.487535
14,-0.584477,0.660426,0.374701
14,-0.310269,1.22423,0.0793645
14,-0.27884,1.21615,0.0343744
14,-0.274661,1.21254,0.0215415
14,-0.275447,1.20397,-0.00323927
14,-0.244197,1.20371,-0.0184483
14,-0.287222,1.20042,-0.0207511
14,-1.04689,1.73693,0.40888
14,-1.049,1.86218,0.413139
14,-0.60184,2.13876,0.524523
14,-0.395877,2.31405,0.946239
14,-0.390912,2.32876,0.932222
14,-0.502844,2.11539,0.329777
14,-0.55395,2.11896,0.317418
14,-0.489883,2.15092,0.332952
14,-0.5813,2.20891,0.510717
14,-1.07568,2.30671,0.886109
14,-0.520419,2.14692,0.26788
14,-0.950449,1.72897,-0.848858
14,-0.945393,1.73233,-0.845778
14,-1.03181,1.74152,-0.804347
14,-0.492724,2.18228,0.303971
14,-1.16064,2.20949,0.534456
14,-0.483611,2.19599,0.305316
14,-1.03775,1.76321,-0.819203
14,-1.15563,2.22599,0.535264
14,-0.505602,2.14717,0.133905
14,-0.557788,2.14594,0.136306
14,-1.13507,2.2498,0.549933
14,-1.06452,2.34677,0.806363
14,-1.07119,2.43515,1.04783
14,-1.07826,2.39009,0.915115
14,-1.07614,2.43796,1.04422
14,-0.974348,1.79716,-0.866143
14,-0.30954,2.41767,0.756345
14,-1.07003,2.37418,0.798422
14,-1.14533,2.2806,0.524853
14,-1.06877,2.40973,0.86387
14,-1.0628,2.38674,0.772042
14,-1.15188,2.26584,0.42967
14,-1.0726,2.42457,0.866584
14,-1.15603,2.2692,0.42542
14,-0.48895,2.21759,0.101441
14,-1.15376,2.26439,0.388213
14,-1.05954,2.38457,0.691146
14,-0.407952,2.25622,0.121809
14,-1.15871,2.29231,0.419779
14,-1.18091,2.18207,0.0955296
14,-1.1548,2.24784,0.275876
14,-1.08858,2.20127,0.105885
14,-1.16039,2.29259,0.3846
14,-1.06268,2.37929,0.591432
14,-1.06237,2.3866,0.601402
14,-1.5441,2.20522,0.0639548
14,-1.07303,2.25883,0.0669605
14,-1.05902,2.41746,0.490166
14,-1.19079,2.28948,0.048739
14,-0.340039,2.41349,0.177268
14,-0.919481,2.31885,0.0410404
14,-1.6094,2.25064,0.021861
14,-0.395452,2.373,0.0597559
14,-1.49699,2.26728,0.0362363
14,-1.50467,2.26602,0.0329858
14,-1.16774,2.29885,0.0369317
14,-1.62473,2.25361,0.0184755
14,-0.76106,2.34642,0.0442936
14,-1.16039,2.30857,0.0338929
14,-1.14865,2.35355,0.158804
14,-0.294301,2.43473,0.171009
14,-1.15959,2.35447,0.159049
14,-1.18009,2.3102,0.0341704
14,-1.64894,2.27165,0.0169254
14,-1.14753,2.32786,0.0415894
14,-1.53629,2.28634,0.013333
14,-1.63473,2.27965,0.0189375
14,-0.673971,2.37704,0.0440379
14,-1.62899,2.28045,0.0116028
14,-1.18135,2.32999,0.0251635
14,-1.58313,2.29616,0.0309529
14,-1.16498,2.3328,0.0237467
14,-1.51822,2.29968,0.0169375
14,-1.52469,2.30122,0.0222347
14,-1.17611,2.33492,0.0235605
14,-1.64122,2.29722,0.0327907
14,-1.61621,2.31329,0.0703492
14,-1.17603,2.34364,0.032549
14,-1.51972,2.30669,0.0135212
14,-1.07726,2.02555,-0.91739
14,-1.55167,2.30825,0.0223056
14,-1.62026,2.30399,0.00607717
14,-0.628289,2.40513,0.0405473
14,-0.730924,2.44215,0.171746
14,-0.644611,2.40476,0.0355584
14,-0.717544,2.45785,0.207272
14,-0.724208,2.45351,0.189032
14,-0.717468,2.45704,0.191272
14,-1.65115,2.31095,0.00508845
14,-0.726868,2.40331,0.0276557
14,-0.756692,2.40913,0.0335215
14,-1.54833,2.36,0.0674109
14,-1.54568,2.35772,0.0600442
14,-0.720671,2.46302,0.150357
14,-1.57794,2.34921,-0.00408697
14,-1.62778,2.36678,0.0585657
14,-0.72422,2.43969,0.0241085
14,-0.70414,2.44773,0.0413417
14,-0.703791,2.45125,0.0504687
14,-1.95712,2.70554,1.03793
14,-1.96677,2.73262,1.04493
14,-0.676774,2.49344,0.0133513
14,-0.939625,2.48046,-0.00282919
14,-0.673089,2.51117,0.00851864
14,-0.926846,2.50437,-0.00401151
14,-0.938629,2.51003,-0.00510848
14,-1.03199,2.51739,-0.00182468
14,-2.01979,2.58658,0.336708
14,0.303393,2.42225,-0.789359
14,-0.902463,2.5871,-0.00358933
14,-2.03005,2.6047,0.334344
14,-2.03605,2.6165,0.331329
14,-2.16571,2.46812,-0.0714328
14,0.271448,2.48791,-0.66892
14,0.261613,2.49795,-0.646454
14,0.266502,2.53787,-0.540958
14,0.271506,2.45889,-0.775212
14,0.274016,2.50462,-0.657451
14,0.29498,2.4695,-0.785842
14,0.335645,2.47848,-0.773006
14,0.630423,2.51865,-0.770181
14,0.63063,2.6291,-0.450747
14,0.269286,2.60134,-0.438234
14,-2.02541,2.52934,-0.0608311
14,0.32815,2.60271,-0.463618
14,0.257729,2.59541,-0.468137
14,0.345768,2.57066,-0.584996
14,0.33561,2.55319,-0.634984
14,0.306426,2.61255,-0.457559
14,0.312066,2.5737,-0.575851
14,0.567743,2.58096,-0.624588
14,0.346568,2.55785,-0.637553
14,0.553891,2.51789,-0.80934
14,0.368208,2.50253,-0.807347
14,0.319037,2.53735,-0.69563
14,0.461345,2.55346,-0.687204
14,0.406316,2.52687,-0.751504
14,0.343873,2.60964,-0.495868
14,0.521863,2.52098,-0.810547
14,0.462068,2.53764,-0.748474
14,0.361302,2.65892,-0.374448
14,0.30531,2.63928,-0.420513
14,0.643749,2.56193,-0.745199
14,0.302738,2.50056,-0.835429
14,0.379952,2.56526,-0.671669
14,0.638369,2.5893,-0.669737
14,0.644074,2.55495,-0.771472
14,0.313594,2.60783,-0.533072
14,0.470276,2.58379,-0.643383
14,0.4828,2.67808,-0.374027
14,0.316055,2.53849,-0.736058
14,-1.81865,2.58291,-0.0546471
14,0.644683,2.54589,-0.806718
14,0.437749,2.58677,-0.644105
14,0.657653,2.59059,-0.690663
14,0.558377,2.55152,-0.778009
14,0.582246,2.68472,-0.402574
14,0.663029,2.60639,-0.65898
14,0.48912,2.54754,-0.784583
14,0.607439,2.59809,-0.669469
14,0.324504,2.57887,-0.65744
14,0.391734,2.53719,-0.797228
14,0.455722,2.53676,-0.828587
14,0.559701,2.6002,-0.673429
14,0.505685,2.58845,-0.696226
14,0.69732,2.62049,-0.706756
14,0.700535,2.63463,-0.677788
14,-2.05389,2.85236,0.647044
14,-2.00651,2.62271,-0.0902892
14,-2.06842,2.89941,0.638289
14,-2.07322,2.91346,0.637946
14,-1.94528,2.73833,-0.124418
14,-1.94543,2.80367,-0.144468
14,-2.13563,3.14769,0.631263
14,-1.96156,2.9768,-0.170138
14,-2.23261,3.46824,0.662377
14,-1.14277,2.39966,0.57962
12,-1.14277,2.39966,0.57962
14,-1.0465,2.3938,0.299252
12,-1.0465,2.3938,0.299252
14,-1.05663,2.39587,0.0177223
12,-1.05663,2.39587,0.0177223
14,-0.429105,2.50844,0.770057
12,-0.429105,2.50844,0.770057
14,-0.444943,2.44155,0.787915
12,-0.444943,2.44155,0.787915
14,-1.07184,2.45774,0.916115
12,-1.07184,2.45774,0.916115
14,-1.15933,2.47868,0.15276
12,-1.15933,2.47868,0.15276
14,-1.02367,2.42747,0.154734
12,-1.02367,2.42747,0.154734
14,-0.398621,2.65255,0.78241
12,-0.398621,2.65255,0.78241
14,-1.07527,2.52787,0.92606
12,-1.07527,2.52787,0.92606
14,-0.506672,2.12932,0.130629
12,-0.506672,2.12932,0.130629
14,-0.40407,1.85677,-0.770523
12,-0.40407,1.85677,-0.770523
14,-0.356513,2.45496,0.22312
10,-0.356513,2.45496,0.22312
14,-0.404136,2.50497,0.330215
10,-0.404136,2.50497,0.330215
14,-1.87948,2.22395,0.367337
10,-1.87948,2.22395,0.367337
14,-1.16646,2.47347,0.348893
10,-1.16646,2.47347,0.348893
14,-0.634382,2.44253,0.160544
11,-0.634382,2.44253,0.160544
14,-0.627921,2.49504,0.155769
11,-0.627921,2.49504,0.155769
14,-1.85132,2.42748,0.681784
11,-1.85132,2.42748,0.681784
14,-0.333748,2.4837,0.101899
11,-0.333748,2.4837,0.101899
14,-1.76845,2.13059,0.332716
11,-1.76845,2.13059,0.332716
14,0.345072,2.49232,-0.676179
11,0.345072,2.49232,-0.676179
14,-1.84216,2.30594,0.308371
11,-1.84216,2.30594,0.308371
14,-1.89863,2.33797,0.385248
11,-1.89863,2.33797,0.385248
14,-0.425224,2.48175,0.238667
11,-0.425224,2.48175,0.238667
14,-0.727913,2.38287,0.141649
9,-0.727913,2.38287,0.141649
14,0.617189,2.583,-0.55974
5,0.617189,2.583,-0.55974
15,-1.11968,0.362683,0.789745
15,-1.11979,0.363413,0.791233
15,-0.329695,1.19237,0.0624551
15,-0.329448,1.19025,0.049322
15,-0.307284,1.24596,0.200089
15,-0.306733,1.21972,0.0997293
15,-0.303038,1.20442,0.026017
15,-0.328386,1.21275,0.0379836
15,-1.72577,1.97298,0.706324
15,-1.67049,2.12606,1.02727
15,-1.66893,2.12886,1.01877
15,-1.83272,2.18285,1.05274
15,-2.12558,2.21198,1.1045
15,-2.13372,2.23473,1.10935
15,-1.54884,2.39895,1.05992
15,-1.67197,2.05796,0.0773556
15,-1.55271,2.41183,1.06333
15,-1.54845,2.40591,1.04336
15,-1.66815,2.07536,0.0866508
15,-1.68546,2.07013,0.0744127
15,-1.54974,2.40333,1.02206
15,-1.55307,2.40335,1.00888
15,-0.666344,2.42382,0.76413
15,-1.70995,2.08737,0.0760599
15,-1.71839,2.1111,0.0580372
15,-1.82752,2.14973,0.054065
15,-1.53809,2.32558,0.475061
15,-1.55258,2.32698,0.48379
15,-1.6869,2.1852,0.0429618
15,-1.59885,2.26474,0.177555
15,-1.60111,2.28155,0.169541
15,-1.19005,2.65039,1.07711
15,-1.60785,2.30218,0.116388
15,-0.946516,2.34723,0.0419972
15,-1.61323,2.3004,0.0760551
15,-1.61423,2.30554,0.0722969
15,-1.61199,2.32613,0.132811
15,-1.55919,2.46096,0.499224
15,-1.55722,2.45686,0.457365
15,-0.947622,2.37857,0.0240476
15,-1.61574,2.32356,0.0643466
15,-0.722929,2.467,0.177586
15,-1.67181,2.31395,-0.00355446
15,-1.62543,2.34153,0.0573427
15,-1.62544,2.34157,0.0573298
15,-1.58607,2.33593,0.0265022
15,-1.64404,2.32369,0.0040338
15,-1.6028,2.33784,0.0217022
15,-1.62433,2.33271,-0.0057354
15,-1.62894,2.33968,-0.00525481
15,-1.64276,2.34031,-0.00433218
15,-1.56043,2.36909,0.0436569
15,-1.66062,2.35315,0.00995463
15,-1.58392,2.36348,0.0117853
15,-1.66109,2.35604,-0.00335664
15,-1.59162,2.3717,0.0108259
15,-1.6376,2.36295,-0.00153011
15,-0.721203,2.51848,0.160934
15,-1.55355,2.37733,-0.00403517
15,-1.53376,2.37758,-0.00968498
15,-0.698687,2.47724,0.018932
15,-1.54138,2.39223,-0.00769454
15,-1.60699,2.38626,-0.0105807
15,-1.54114,2.39733,-0.00933486
15,-1.64987,2.4012,0.0342619
15,-1.55845,2.41102,0.033403
15,-1.22949,2.60334,0.500823
15,-1.57251,2.39566,-0.0183616
15,-1.55641,2.39969,-0.0161147
15,-1.57714,2.39887,-0.0141547
15,-1.16359,2.52441,0.218489
15,-0.764973,2.50051,0.0133172
15,-1.56105,2.41007,-0.0184711
15,-1.16777,2.52962,0.210744
15,-1.16911,2.52476,0.194187
15,-1.54382,2.41741,-0.00816327
15,-0.717584,2.50966,-0.00319213
15,-1.19884,2.64637,0.536348
15,-0.241086,2.61411,0.138447
15,-1.53831,2.42745,-0.0205927
15,-1.18689,2.64466,0.506976
15,-0.242491,2.62346,0.131488
15,-1.59821,2.43994,-0.00373936
15,-0.753562,2.53383,0.0037393
15,-1.19236,2.66737,0.53213
15,-0.651438,2.55166,0.0158094
15,-1.20229,2.66846,0.516497
15,-1.18617,2.66798,0.506671
15,-0.714309,2.54919,5.98431e-05
15,0.230286,2.39281,-0.770362
15,-1.19189,2.52756,-0.0341063
15,-1.06641,2.54614,-0.0246288
15,-0.223107,2.68524,0.117563
15,-0.732722,2.5864,-0.0223951
15,-1.5242,2.50119,-0.0361174
15,-1.19594,2.53811,-0.029416
15,0.260572,2.44792,-0.757056
15,0.278027,2.57842,-0.380941
15,0.25612,2.51987,-0.553607
15,-0.266039,2.68445,0.0913274
15,-1.24411,2.54811,-0.0229365
15,0.292005,2.48106,-0.707172
15,0.276843,2.55915,-0.475749
15,0.333776,2.60938,-0.35797
15,0.244348,2.57377,-0.43802
15,0.263958,2.50145,-0.666564
15,-1.2034,2.56375,-0.0309541
15,0.25809,2.57774,-0.449857
15,0.271285,2.46033,-0.811837
15,-1.09238,2.59202,-0.00167441
15,-1.49924,2.5345,-0.049917
15,-1.19532,2.5746,-0.0326436
15,-0.313407,2.67153,-0.0239859
15,0.452953,2.59104,-0.511831
15,0.281429,2.5561,-0.564339
15,-1.52962,2.55104,-0.0211371
15,0.498227,2.62523,-0.453496
15,0.591344,2.53147,-0.763329
15,0.284175,2.56873,-0.566312
15,0.472579,2.61737,-0.486291
15,-1.50262,2.55738,-0.0555587
15,-0.270098,2.7674,0.179635
15,0.526625,2.65197,-0.428265
15,0.545741,2.52485,-0.813668
15,0.417998,2.55976,-0.674228
15,0.426739,2.53689,-0.746648
15,0.369421,2.51404,-0.812811
15,0.401746,2.61504,-0.523987
15,0.482991,2.5516,-0.741086
15,0.4178,2.57736,-0.647607
15,0.439158,2.55513,-0.726426
15,-0.200511,2.76893,0.102754
15,0.428097,2.62597,-0.530617
15,0.429994,2.5282,-0.824687
15,-1.23971,2.60836,-0.0621099
15,0.489732,2.57677,-0.699449
15,0.407059,2.63039,-0.515497
15,0.456724,2.65702,-0.45334
15,0.419981,2.56244,-0.748764
15,-1.20234,2.64276,-0.00643444
15,0.566869,2.55539,-0.827928
15,-1.24165,2.62161,-0.0659617
15,-1.22809,2.63492,-0.0483018
15,-1.2404,2.6324,-0.0620362
15,0.356357,2.54439,-0.853429
15,-1.1622,2.65204,-0.058855
15,0.626611,2.62478,-0.702288
15,0.682386,2.62243,-0.747593
15,0.684991,2.72327,-0.450356
15,0.633021,2.63873,-0.688885
15,-1.20626,2.65861,-0.0564544
15,-0.4453,2.92941,0.49659
15,-0.443222,2.93331,0.498581
15,0.71461,2.67188,-0.689963
15,0.730424,2.63701,-0.818956
15,0.723579,2.66557,-0.870297
15,-0.438648,3.02355,0.492767
15,-0.37719,3.07889,0.490979
15,-2.59429,6.97618,-0.0219629
15,0.486309,2.61554,-0.556165
10,0.486309,2.61554,-0.556165
15,0.456001,2.70569,-0.553176
10,0.456001,2.70569,-0.553176
15,0.558944,2.64282,-0.649449
10,0.558944,2.64282,-0.649449
15,-0.380186,2.389,0.334294
10,-0.380186,2.389,0.334294
15,-0.397484,2.49291,0.262791
13,-0.397484,2.49291,0.262791
15,0.489158,2.53201,-0.808442
13,0.489158,2.53201,-0.808442
15,-0.495286,2.1273,0.313028
13,-0.495286,2.1273,0.313028
15,0.571472,2.56881,-0.58833
9,0.571472,2.56881,-0.58833
15,0.567681,2.63572,-0.43462
9,0.567681,2.63572,-0.43462
15,0.470334,2.64578,-0.466172
9,0.470334,2.64578,-0.466172
15,0.363161,2.61301,-0.571768
9,0.363161,2.61301,-0.571768
15,-1.20269,2.76919,-0.039579
12,-1.20269,2.76919,-0.039579
15,0.411382,2.63504,-0.456095
12,0.411382,2.63504,-0.456095
15,-0.457914,2.5001,0.247926
12,-0.457914,2.5001,0.247926
15,0.173392,2.23066,-0.277898
12,0.173392,2.23066,-0.277898
15,-1.19752,2.46113,0.00490853
11,-1.19752,2.46113,0.00490853
15,-0.487859,2.43213,0.216934
11,-0.487859,2.43213,0.216934
15,-0.463951,2.54056,0.208893
11,-0.463951,2.54056,0.208893
15,-0.428793,2.53751,0.194952
11,-0.428793,2.53751,0.194952
15,0.735643,3.09646,-0.937469
8,0.735643,3.09646,-0.937469
15,0.378035,2.60568,-0.380434
8,0.378035,2.60568,-0.380434
15,0.578343,2.61434,-0.496904
8,0.578343,2.61434,-0.496904
15,0.385717,2.55731,-0.487334
7,0.385717,2.55731,-0.487334
16,-1.04112,0.309755,0.812307
16,-1.04113,0.310461,0.812977
16,-0.352013,1.21397,0.186377
16,-0.581276,1.77659,0.595644
16,-0.522874,1.93257,0.584066
16,-1.05983,1.96171,0.384919
16,-1.17374,2.24398,1.03314
16,-1.18004,2.24377,1.03137
16,-1.17172,2.25036,1.03614
16,-0.641192,2.15135,0.521928
16,-0.409432,2.30479,0.920098
16,-1.17284,2.25502,1.03783
16,-1.17649,2.27298,1.04096
16,-0.456959,2.37201,1.02446
16,-0.568815,2.12706,0.270921
16,-0.605619,2.36154,1.03506
16,-0.386353,2.3381,0.879807
16,-0.595678,2.36245,1.03376
16,-0.601507,2.3686,1.03411
16,-0.396194,2.38235,0.998697
16,-0.285348,2.42862,1.0818
16,-0.376628,2.39066,0.968989
16,-0.482764,2.40641,1.05448
16,-0.547252,2.39752,1.03662
16,-1.52887,2.29059,1.04677
16,-0.559861,2.1626,0.273014
16,-0.710539,2.39862,1.06871
16,-0.474082,2.33556,0.77048
16,-0.472609,2.33993,0.783873
16,-0.469741,2.34522,0.787975
16,-0.516265,2.25323,0.505566
16,-1.03119,1.77698,-0.833779
16,-1.03595,1.77948,-0.835602
16,-1.53229,2.32146,1.04986
16,-1.53293,2.3198,1.04425
16,-0.47457,2.42274,0.986514
16,-0.530252,2.26779,0.507145
16,-0.595781,2.27592,0.552605
16,-0.538746,2.4409,1.04379
16,-0.583469,2.26626,0.499624
16,-0.469112,2.43989,0.998075
16,-0.522449,2.28204,0.509162
16,-0.469491,2.46679,1.07657
16,-1.07563,2.39035,1.03316
16,-1.0705,2.41711,1.09892
16,-0.541486,2.29179,0.496503
16,-1.06851,2.42071,1.08957
16,-0.460801,2.46372,0.997506
16,-1.07442,2.42381,1.09079
16,-0.569177,2.31606,0.555069
16,-0.700823,2.46737,1.07445
16,-1.07611,2.43251,1.09523
16,-1.06635,2.41721,1.04041
16,-0.752538,2.29497,0.531258
16,-1.07735,2.43664,1.09726
16,-0.46562,2.50137,1.07895
16,-0.484433,2.27837,0.350008
16,-0.581341,2.34157,0.551082
16,-0.749997,2.31522,0.520709
16,-0.706769,2.47967,1.02586
16,-0.458028,2.50109,0.999718
16,-0.673003,2.37717,0.679988
16,-0.749784,2.32121,0.525583
16,-1.14945,2.2926,0.57365
16,-0.53463,2.25852,0.236462
16,-0.724114,2.33497,0.537488
16,-0.695693,2.51,1.07539
16,-0.462838,2.29853,0.295424
16,-0.743225,2.3354,0.513337
16,-0.697737,2.51839,1.07844
16,-0.47666,2.53326,1.03907
16,-0.413265,2.30886,0.295596
16,-0.747041,2.34538,0.52081
16,-1.15654,2.31109,0.557568
16,-0.725771,2.35301,0.533287
16,-2.19523,2.374,1.12446
16,-0.668168,2.42918,0.740506
16,-1.06135,2.39499,0.762942
16,-1.06018,2.39724,0.763769
16,-1.08792,2.1859,0.089657
16,-1.04792,2.29403,0.41464
16,-1.08923,2.18461,0.0766048
16,-0.476277,2.27336,0.0989766
16,-1.0607,2.42462,0.788664
16,-1.15973,2.30333,0.414105
16,-0.65713,2.44822,0.682799
16,-1.16265,2.30011,0.387547
16,-0.393786,2.34753,0.249976
16,-0.493043,2.29583,0.100505
16,-0.620267,2.29644,0.112711
16,-0.654816,2.49276,0.747124
16,-0.653347,2.47095,0.676604
16,-0.476274,2.31118,0.0946385
16,-2.23949,2.43993,1.14276
16,-0.736001,2.41171,0.50258
16,-0.623795,2.29808,0.0929482
16,-2.22385,2.44198,1.13215
16,-0.736043,2.41498,0.49319
16,-0.467835,2.31598,0.077945
16,-1.54071,2.19107,0.0670475
16,-1.06971,2.2548,0.0899106
16,-1.07196,2.25067,0.0681872
16,-1.05785,2.39289,0.48417
16,-1.60304,2.19622,0.0483425
16,-1.15837,2.35133,0.38097
16,-0.44874,2.64158,1.0492
16,-0.658168,2.37011,0.244679
16,-1.07708,2.27421,0.0615973
16,-1.15924,2.32596,0.254616
16,-1.55756,2.22361,0.0511416
16,-0.651882,2.47731,0.504646
16,-1.18267,2.28657,0.0695526
16,-0.651323,2.51071,0.575572
16,-0.622454,2.35773,0.0712604
16,-1.16437,2.3544,0.246666
16,-1.60305,2.25177,0.0696393
16,-1.19424,2.29801,0.0673564
16,-1.60201,2.27131,0.129866
16,-0.392345,2.39146,0.0690956
16,-1.60477,2.28562,0.164374
16,-0.648422,2.48954,0.453185
16,-1.05149,2.42691,0.392605
16,-1.18566,2.31175,0.0355413
16,-1.60526,2.27878,0.0827824
16,-1.64649,2.25632,0.0220868
16,-2.27183,2.53588,1.14165
16,-1.17091,2.31531,0.0244114
16,-1.16095,2.36387,0.176131
16,-1.59353,2.26894,0.0268758
16,-1.16399,2.36065,0.160359
16,-1.54385,2.2767,0.0258802
16,-0.760109,2.36992,0.0370215
16,-1.15181,2.36364,0.157967
16,-1.60951,2.31071,0.153941
16,-1.61198,2.31297,0.157739
16,-0.758648,2.37553,0.0468226
16,-1.61256,2.29003,0.0810048
16,-1.15302,2.36403,0.146517
16,-1.62059,2.27078,0.0122071
16,-1.16404,2.36629,0.147181
16,-1.60945,2.31044,0.112169
16,-1.61917,2.27915,0.0091235
16,-0.673596,2.3968,0.0370485
16,-0.621684,2.40574,0.0451919
16,-1.59037,2.28767,0.0132886
16,-1.61489,2.30431,0.0724757
16,-1.63852,2.28676,0.0188001
16,-1.19122,2.34278,0.0207167
16,-1.58314,2.29714,0.0160765
16,-0.777614,2.40186,0.0480522
16,-1.18473,2.34781,0.0184054
16,-1.16497,2.35666,0.0134245
16,-0.76547,2.41173,0.0341833
16,-2.2997,2.5987,1.16067
16,-0.667021,2.43397,0.0270492
16,-1.15055,2.38026,0.0186633
16,-0.748498,2.44098,0.0485197
16,-1.60682,2.32802,-0.00424862
16,-0.726582,2.44278,0.0209811
16,-0.925537,2.44303,0.0184235
16,-0.944095,2.43854,0.00669855
16,-0.950867,2.43857,0.00744355
16,-0.626759,2.59247,0.380569
16,-0.63148,2.59176,0.378953
16,-0.627471,2.61792,0.434046
16,-0.948423,2.4475,-0.000349462
16,-0.947146,2.45234,0.0101525
16,-0.697494,2.48533,0.0148812
16,-0.938435,2.4554,0.00681883
16,-0.606033,2.68444,0.375429
16,0.395195,2.47764,-0.709539
16,-1.98884,2.52592,0.310907
16,0.335448,2.4757,-0.702848
16,0.261855,2.49504,-0.616864
16,0.612604,2.58705,-0.455431
16,-1.97842,2.41842,-0.0515645
16,-1.99753,2.54013,0.343378
16,0.325068,2.50706,-0.619384
16,0.513079,2.50161,-0.705606
16,0.258108,2.45618,-0.759575
16,0.382207,2.57448,-0.426418
16,0.608196,2.49186,-0.778854
16,0.621304,2.57151,-0.530554
16,0.305477,2.45211,-0.798628
16,0.453288,2.53436,-0.592153
16,0.22694,2.58381,-0.35138
16,0.377266,2.59278,-0.379534
16,0.55975,2.56507,-0.535041
16,0.498425,2.56083,-0.526971
16,0.634385,2.60815,-0.425837
16,-0.584994,2.59814,-0.0169472
16,0.384112,2.57637,-0.44078
16,0.618593,2.56,-0.579483
16,-1.99762,2.53906,0.305344
16,0.511808,2.52716,-0.649325
16,0.270236,2.46328,-0.766596
16,0.263344,2.57308,-0.413464
16,0.323851,2.57421,-0.433647
16,0.375238,2.57605,-0.44757
16,-1.99354,2.43323,-0.0421054
16,0.508562,2.54357,-0.61106
16,0.624039,2.49942,-0.796101
16,0.327229,2.55522,-0.509031
16,0.435768,2.59474,-0.4221
16,0.2548,2.56318,-0.457949
16,0.269688,2.58936,-0.380233
16,0.409752,2.48757,-0.757934
16,0.319142,2.59319,-0.386907
16,0.640462,2.51726,-0.749002
16,0.593078,2.61399,-0.4237
16,0.510523,2.60609,-0.423159
16,0.354263,2.48377,-0.764294
16,0.431455,2.60835,-0.393339
16,0.577197,2.50419,-0.782641
16,0.350281,2.52085,-0.647729
16,0.594972,2.61552,-0.435663
16,0.304268,2.50797,-0.675347
16,0.264466,2.5884,-0.403545
16,0.57045,2.54735,-0.651056
16,0.456737,2.50031,-0.769244
16,0.37208,2.48287,-0.794774
16,0.306322,2.61095,-0.360571
16,0.476754,2.49937,-0.782321
16,0.415131,2.53459,-0.651184
16,0.479934,2.50601,-0.77451
16,0.345482,2.59999,-0.425924
16,0.28168,2.48014,-0.790888
16,0.264537,2.60838,-0.373825
16,0.576567,2.61168,-0.477201
16,0.28988,2.55863,-0.544689
16,0.645251,2.63416,-0.436871
16,0.643392,2.59761,-0.557624
16,0.291424,2.5247,-0.681904
16,0.299006,2.48286,-0.821283
16,0.303556,2.4938,-0.812892
16,0.289931,2.49436,-0.809902
16,-1.94526,2.48795,-0.0626814
16,-1.97779,2.53725,-0.0486192
16,-1.78908,2.56638,-0.0731758
16,-1.96139,2.5545,-0.0730795
16,-1.91951,2.72575,0.118902
16,-2.02058,2.95394,0.615071
16,-2.03178,3.03136,0.669357
16,-1.16352,2.414,0.0937641
13,-1.16352,2.414,0.0937641
16,-1.06154,2.33711,0.700029
13,-1.06154,2.33711,0.700029
16,-1.15526,2.34574,0.284211
13,-1.15526,2.34574,0.284211
16,0.63249,2.61293,-0.438771
13,0.63249,2.61293,-0.438771
16,-1.06604,2.16719,0.781223
13,-1.06604,2.16719,0.781223
16,-0.354887,2.46995,0.0727062
13,-0.354887,2.46995,0.0727062
16,-1.05772,2.52203,0.543982
13,-1.05772,2.52203,0.543982
16,-1.0571,2.42854,0.488779
11,-1.0571,2.42854,0.488779
16,-0.633131,2.4886,0.0104644
11,-0.633131,2.4886,0.0104644
16,-1.82398,2.29979,0.660377
11,-1.82398,2.29979,0.660377
16,-0.653768,2.47097,0.684364
11,-0.653768,2.47097,0.684364
16,-1.92177,2.26074,0.0168962
11,-1.92177,2.26074,0.0168962
16,-0.649648,2.49685,0.68814
11,-0.649648,2.49685,0.68814
16,-1.06614,2.46667,0.720859
11,-1.06614,2.46667,0.720859
16,-1.04594,2.35405,0.39081
11,-1.04594,2.35405,0.39081
16,-0.608176,2.48185,0.0268716
11,-0.608176,2.48185,0.0268716
16,-1.81474,2.27567,0.659188
11,-1.81474,2.27567,0.659188
16,0.379675,2.55702,-0.816439
11,0.379675,2.55702,-0.816439
16,-1.7914,2.21927,0.658587
11,-1.7914,2.21927,0.658587
16,-1.05413,2.38151,0.499149
11,-1.05413,2.38151,0.499149
16,-0.337951,2.48391,0.0966773
11,-0.337951,2.48391,0.0966773
16,-0.425786,2.46617,0.236777
11,-0.425786,2.46617,0.236777
16,-1.86667,2.31802,0.649644
11,-1.86667,2.31802,0.649644
16,-1.8795,2.26475,0.0037929
12,-1.8795,2.26475,0.0037929
16,-1.06379,2.4022,0.706452
12,-1.06379,2.4022,0.706452
16,-0.277157,2.50886,0.164737
12,-0.277157,2.50886,0.164737
16,-0.347124,2.49708,0.774784
12,-0.347124,2.49708,0.774784
16,-1.06429,2.41526,0.717169
12,-1.06429,2.41526,0.717169
16,0.454845,2.56567,-0.633411
10,0.454845,2.56567,-0.633411
16,0.207807,2.15739,-0.333851
10,0.207807,2.15739,-0.333851
16,-1.93266,2.35578,0.343552
9,-1.93266,2.35578,0.343552
16,-1.04463,2.90355,0.307812
9,-1.04463,2.90355,0.307812
16,0.415124,2.47821,-0.763884
6,0.415124,2.47821,-0.763884
17,-0.917566,0.131938,0.885163
17,-0.392283,0.891644,0.293489
17,-1.23102,2.2913,1.0334
17,-0.476409,2.41534,1.04099
17,-1.07452,2.39779,1.03943
17,-0.524219,2.48464,1.04225
17,-1.53048,2.33905,1.05165
17,-1.53,2.33923,1.04265
17,-1.52939,2.34195,1.04606
17,-1.52647,2.34002,1.03571
17,-1.52576,2.33158,1.01146
17,-1.52538,2.33172,1.00858
17,-1.53268,2.34478,1.03829
17,-1.52713,2.34226,1.01643
17,-1.53011,2.34243,1.01246
17,-1.54042,2.35404,1.04314
17,-1.2436,2.39936,1.04256
17,-0.680964,2.51759,1.11451
17,-1.13927,1.78327,-0.774814
17,-1.06862,2.42956,1.02788
17,-1.02334,1.78149,-0.831447
17,-1.12898,1.78512,-0.777964
17,-1.13859,1.78197,-0.791626
17,-0.737323,2.32517,0.571066
17,-1.25523,2.41742,1.04721
17,-0.679356,2.52504,1.10476
17,-0.676278,2.53,1.09777
17,-1.24742,2.42772,1.04106
17,-1.25091,2.43391,1.04728
17,-1.25032,2.43157,1.03106
17,-1.24819,2.43594,1.04254
17,-1.25116,2.44019,1.04336
17,-0.698206,2.52162,1.03265
17,-1.03521,2.24218,0.367686
17,-0.696044,2.39961,0.658527
17,-1.55281,2.41283,1.03836
17,-0.45034,2.32324,0.297156
17,-0.507688,2.31606,0.293926
17,-0.510218,2.31144,0.279242
17,-0.581968,2.38681,0.494946
17,-0.705866,2.402,0.584235
17,-0.586267,2.38887,0.494057
17,-0.385857,1.95411,-0.827549
17,-0.551764,2.39736,0.487216
17,-0.663592,2.526,0.898094
17,-0.456356,2.34688,0.277485
17,-0.587995,2.40678,0.493766
17,-0.740371,2.38865,0.506756
17,-0.705212,2.42457,0.590773
17,-0.698727,2.42419,0.584403
17,-0.457941,2.3471,0.261422
17,-0.698523,2.42793,0.590344
17,-0.711535,2.40699,0.528308
17,-0.657122,2.46932,0.666607
17,-0.653393,2.48196,0.684224
17,-1.04933,2.38041,0.535873
17,-0.655678,2.52271,0.770854
17,-0.706436,2.43481,0.520894
17,-1.04655,2.37663,0.490711
17,-0.4929,2.37825,0.257034
17,-1.91611,2.46889,1.10811
17,-1.0403,2.35397,0.402017
17,-0.432326,2.40898,0.272144
17,-0.654947,2.48659,0.57598
17,-0.657059,2.48943,0.582628
17,-0.533631,2.33729,0.0885208
17,-0.654563,2.49142,0.574383
17,-0.439418,2.35842,0.104443
17,-1.75626,2.51197,1.05851
17,-1.75925,2.49728,1.01461
17,-0.353979,2.4362,0.230855
17,-1.53462,2.35373,0.488919
17,-0.651161,2.49241,0.502714
17,-0.368804,2.43715,0.22137
17,-1.92749,2.51439,1.10316
17,-1.09399,2.27245,0.0576919
17,-1.53459,2.35889,0.490573
17,-1.53998,2.35848,0.491728
17,-0.695784,2.49503,0.511569
17,-2.24682,2.47534,1.11893
17,-1.04737,2.40942,0.386554
17,-1.07593,2.29044,0.0607824
17,-0.653418,2.48726,0.426117
17,-0.649027,2.51515,0.493181
17,-1.93477,2.52881,1.08204
17,-0.284063,2.45473,0.158205
17,-1.59382,2.22906,0.0751425
17,-1.59553,2.25247,0.141901
17,-2.28583,2.50429,1.14027
17,-0.28456,2.45708,0.143899
17,-1.19254,2.28423,0.0400245
17,-0.656121,2.52657,0.497885
17,-1.60008,2.25548,0.126654
17,-1.47384,2.24625,0.0462436
17,-0.431345,2.40721,0.0492975
17,-0.428475,2.41341,0.0639753
17,-1.05253,2.31108,0.0362961
17,-0.651787,2.51643,0.425983
17,-1.94247,2.55364,1.08366
17,-1.0583,2.32027,0.0414024
17,-1.56209,2.25203,0.0450267
17,-1.06322,2.32722,0.0364056
17,-1.17766,2.31988,0.0636697
17,-0.652668,2.53525,0.432966
17,-1.19048,2.32083,0.0512142
17,-1.22279,2.30894,0.0307243
17,-0.589296,2.42231,0.0772349
17,-1.21402,2.31501,0.035832
17,-0.71479,2.46765,0.241399
17,-0.642286,2.49613,0.291043
17,-0.676915,2.52529,0.381752
17,-0.763751,2.39308,0.0423575
17,-0.604049,2.42582,0.0468176
17,-1.56441,2.28195,0.0471908
17,-1.52789,2.283,0.0264271
17,-1.60202,2.26821,0.0149899
17,-0.713474,2.47887,0.22728
17,-0.613059,2.42675,0.0353947
17,-1.03134,2.35891,0.0216053
17,-0.664557,2.53498,0.363778
17,-0.66631,2.5394,0.363378
17,-1.56507,2.29069,0.0364468
17,-0.709306,2.47124,0.179058
17,-1.15711,2.37882,0.106028
17,-1.48416,2.30786,0.0445779
17,-1.18607,2.34612,0.0208989
17,-1.63956,2.27667,0.0132037
17,-1.61235,2.32884,0.1475
17,-0.745986,2.41555,0.0221743
17,-0.641151,2.43334,0.0210047
17,-1.6273,2.27967,0.00699902
17,-0.74379,2.42262,0.0317281
17,-1.49726,2.3082,0.0263762
17,-1.53263,2.29651,0.00539404
17,-1.61298,2.32179,0.109545
17,-1.18118,2.35411,0.0155888
17,-1.61056,2.28522,0.00164014
17,-1.6126,2.32819,0.123049
17,-0.719442,2.42508,0.0152978
17,-1.61437,2.2957,0.0285851
17,-1.62762,2.29171,0.0147204
17,-1.61199,2.32445,0.0994311
17,-1.5953,2.29991,0.0155452
17,-0.713557,2.47982,0.140342
17,-0.722089,2.43514,0.0113524
17,-1.64657,2.29824,0.0187364
17,-0.774403,2.43856,0.0428322
17,-0.798061,2.43088,0.0277389
17,-1.59131,2.30386,0.00563312
17,-1.61358,2.32304,0.0689913
17,-1.60926,2.29943,0.00010258
17,-1.19693,2.37605,0.0405174
17,-1.5145,2.31871,0.0113122
17,-1.53706,2.32699,0.030391
17,-0.608554,2.51881,0.172911
17,-1.53376,2.33854,0.0570918
17,-1.59256,2.31537,0.00880373
17,-1.53863,2.36202,0.117112
17,-1.61858,2.33772,0.0595434
17,-0.663756,2.47788,0.0384553
17,-1.54273,2.33797,0.0136751
17,-0.667422,2.47757,0.032459
17,-1.54208,2.35752,0.0651553
17,-1.58078,2.33193,0.00619757
17,-0.71761,2.49739,0.102541
17,-0.676501,2.50374,0.0928268
17,-0.696687,2.48055,0.0261278
17,-1.69635,2.34304,0.00164497
17,-0.620658,2.55721,0.0858361
17,-1.74376,2.3591,0.00376087
17,0.477517,2.61159,-0.358446
17,0.492881,2.59273,-0.425434
17,0.340987,2.4983,-0.647444
17,0.342975,2.4782,-0.708429
17,0.454514,2.53733,-0.602023
17,0.523132,2.53239,-0.654091
17,0.396434,2.51497,-0.651346
17,0.509822,2.55347,-0.591365
17,0.461371,2.52666,-0.65444
17,0.258754,2.57581,-0.428513
17,0.580277,2.52768,-0.70433
17,0.499093,2.56977,-0.564858
17,0.312572,2.46434,-0.796209
17,0.624027,2.61552,-0.506536
17,0.333922,2.56901,-0.515144
17,-1.96732,2.38711,-0.0473651
17,0.504914,2.59793,-0.510214
17,0.383197,2.56848,-0.543272
17,0.448354,2.54967,-0.624603
17,0.46535,2.63523,-0.392922
17,0.355988,2.58052,-0.514388
17,0.383931,2.60387,-0.461492
17,0.290106,2.5151,-0.673544
17,0.454012,2.54391,-0.662239
17,0.389106,2.5975,-0.488805
17,0.269034,2.52128,-0.657947
17,0.515237,2.55007,-0.686002
17,-1.93438,2.41174,-0.0302007
17,0.532015,2.63539,-0.453136
17,0.460893,2.52355,-0.74271
17,0.448851,2.60086,-0.520514
17,0.571854,2.66954,-0.379538
17,0.345605,2.52534,-0.693408
17,0.400571,2.53589,-0.688478
17,-1.92337,2.41625,-0.0341358
17,0.529843,2.64762,-0.428584
17,-1.92607,2.41146,-0.0479615
17,0.266586,2.59495,-0.467232
17,0.330251,2.6131,-0.445634
17,0.560003,2.67523,-0.367819
17,0.291766,2.50018,-0.75106
17,0.343205,2.53748,-0.669166
17,0.478326,2.59288,-0.571192
17,0.354867,2.61257,-0.469297
17,0.664652,2.63342,-0.544375
17,0.342688,2.57057,-0.585798
17,0.629017,2.58079,-0.679413
17,0.62713,2.67905,-0.404616
17,0.574418,2.61179,-0.57728
17,0.295095,2.6268,-0.415535
17,0.282701,2.58435,-0.53198
17,0.348102,2.65011,-0.376419
17,0.310405,2.52159,-0.72537
17,0.265393,2.57295,-0.563107
17,0.304765,2.56136,-0.614256
17,0.309729,2.54076,-0.674849
17,0.355893,2.65676,-0.368775
17,0.353744,2.61051,-0.501305
17,0.299577,2.60217,-0.503542
17,0.368976,2.65887,-0.3739
17,0.278867,2.49816,-0.792289
17,0.52347,2.58868,-0.640426
17,0.437082,2.5587,-0.696283
17,0.339044,2.64218,-0.417987
17,0.446915,2.51371,-0.829906
17,0.427527,2.6076,-0.558572
17,0.48876,2.55818,-0.727208
17,0.66218,2.68718,-0.437058
17,0.605773,2.5715,-0.742497
17,0.301685,2.60698,-0.513798
17,0.444208,2.52157,-0.819516
17,0.442204,2.53455,-0.785526
17,0.598713,2.70069,-0.383832
17,0.31267,2.59536,-0.561947
17,0.304536,2.59243,-0.567083
17,0.678895,2.61682,-0.669375
17,0.672407,2.70932,-0.446929
17,-2.16756,2.42967,-0.0497151
17,-1.95543,2.48334,-0.05988
17,-0.66252,2.43843,0.0229043
16,-0.66252,2.43843,0.0229043
17,-1.16278,2.30017,0.53415
16,-1.16278,2.30017,0.53415
17,-0.687858,2.4319,0.417604
16,-0.687858,2.4319,0.417604
17,-0.708444,2.3755,0.0519036
16,-0.708444,2.3755,0.0519036
17,-1.55863,2.46306,0.471317
16,-1.55863,2.46306,0.471317
17,0.466033,2.63402,-0.432955
16,0.466033,2.63402,-0.432955
17,0.360447,2.42252,-0.69395
16,0.360447,2.42252,-0.69395
17,-0.693396,2.37556,0.430529
16,-0.693396,2.37556,0.430529
17,-0.438989,2.46164,0.78628
16,-0.438989,2.46164,0.78628
17,-0.731218,2.42198,0.501124
16,-0.731218,2.42198,0.501124
17,-1.8526,2.84261,1.07189
16,-1.8526,2.84261,1.07189
17,-1.04473,2.41656,0.29447
16,-1.04473,2.41656,0.29447
17,-1.5374,2.34073,0.486947
16,-1.5374,2.34073,0.486947
17,-0.475699,2.30547,0.785871
16,-0.475699,2.30547,0.785871
17,-0.373966,2.62508,0.233731
16,-0.373966,2.62508,0.233731
17,0.161806,2.32135,-0.43828
16,0.161806,2.32135,-0.43828
17,-1.09588,2.57179,-0.0131162
16,-1.09588,2.57179,-0.0131162
17,-1.70859,2.24383,0.0279572
15,-1.70859,2.24383,0.0279572
17,-1.66869,2.0671,0.0832434
15,-1.66869,2.0671,0.0832434
17,-1.18697,2.47005,0.0345005
15,-1.18697,2.47005,0.0345005
17,-1.78005,2.33324,-0.00118736
15,-1.78005,2.33324,-0.00118736
17,-1.56996,2.52533,1.00533
15,-1.56996,2.52533,1.00533
17,-1.2245,2.39499,-0.00422798
15,-1.2245,2.39499,-0.00422798
17,-1.72525,2.30462,0.0101883
15,-1.72525,2.30462,0.0101883
17,0.320966,2.43634,-0.628955
15,0.320966,2.43634,-0.628955
17,-1.13312,2.05843,0.539314
14,-1.13312,2.05843,0.539314
17,-1.14893,2.26559,0.184246
14,-1.14893,2.26559,0.184246
17,-1.02001,2.52689,0.134668
14,-1.02001,2.52689,0.134668
17,-0.690074,2.36745,0.0635837
14,-0.690074,2.36745,0.0635837
17,-1.17123,2.54173,0.0755654
13,-1.17123,2.54173,0.0755654
17,-0.445755,2.4347,0.779528
13,-0.445755,2.4347,0.779528
17,-0.362307,2.4662,0.0434927
13,-0.362307,2.4662,0.0434927
17,0.371326,2.62301,-0.506846
13,0.371326,2.62301,-0.506846
17,-1.85957,2.21495,0.40675
13,-1.85957,2.21495,0.40675
17,-1.70653,2.99874,-0.164717
13,-1.70653,2.99874,-0.164717
17,0.446254,2.56328,-0.74139
11,0.446254,2.56328,-0.74139
17,0.44949,2.67286,-0.367582
8,0.44949,2.67286,-0.367582
17,0.531835,2.68333,-0.383423
7,0.531835,2.68333,-0.383423
18,-0.487784,2.40829,1.06363
18,-0.449225,2.40689,1.03154
18,-0.459625,2.43443,1.0694
18,-0.379628,2.42136,0.987527
18,-0.356372,2.42333,0.971148
18,-0.488795,2.43946,1.06254
18,-0.481511,2.41807,0.973188
18,-0.370615,2.45094,0.985966
18,-0.470506,2.43349,0.975683
18,-0.366,2.46099,0.997168
18,-0.475628,2.44338,0.979244
18,-0.884582,1.72251,-0.872591
18,-0.349765,2.43503,0.899207
18,-0.364189,2.4672,0.913886
18,-0.463924,2.47796,0.975082
18,-0.341522,2.47417,0.913001
18,-0.337151,2.46415,0.87119
18,0.301285,1.94699,-0.854873
18,-0.453875,2.42194,0.776181
18,-0.977903,1.77389,-0.853449
18,-0.522999,2.51958,1.04393
18,-1.0617,2.3907,0.88853
18,-0.461988,2.47409,0.871761
18,-0.670763,2.52464,1.08683
18,-0.669041,2.52926,1.08515
18,-0.664587,2.37192,0.611533
18,-1.06589,2.43303,0.941301
18,-1.06327,2.42849,0.925044
18,-0.700799,2.49729,0.963509
18,-1.06144,2.42907,0.912654
18,-1.06409,2.43285,0.920461
18,-0.698353,2.39422,0.656542
18,-0.966282,1.80902,-0.871625
18,-1.05067,2.3732,0.702322
18,-0.711998,2.36972,0.509673
18,-1.05338,2.41163,0.756276
18,-0.699924,2.55707,1.01289
18,-1.05176,2.39588,0.693679
18,-1.05515,2.40401,0.702059
18,-1.05381,2.40364,0.699862
18,-0.653039,2.46572,0.681806
18,-1.05465,2.41408,0.693649
18,-0.414608,2.37534,0.321293
18,-0.727931,2.40558,0.522267
18,-1.15919,2.3616,0.556138
18,-0.662198,2.44944,0.591976
18,-0.73794,2.41125,0.50424
18,-1.05469,2.39928,0.594197
18,-1.05002,2.38402,0.539604
18,-0.541193,2.44797,0.480275
18,-1.16499,2.36259,0.492896
18,-0.533131,2.44818,0.469135
18,-0.557978,2.45314,0.492302
18,-1.92067,2.47125,1.09281
18,-0.373205,2.40888,0.271534
18,-1.05247,2.40799,0.487489
18,-0.431024,2.41455,0.251357
18,-1.05815,2.2846,0.0766345
18,-1.58231,2.2204,0.0862103
18,-0.680566,2.46701,0.382204
18,-0.358796,2.46325,0.21661
18,-1.47892,2.25047,0.0561541
18,-1.44809,2.26135,0.0532423
18,-0.424351,2.41356,0.0462576
18,-0.420263,2.41961,0.0562208
18,-0.279118,2.49568,0.14683
18,-0.529105,2.43756,0.0720342
18,-0.279933,2.49714,0.134138
18,-1.19774,2.32663,0.0288242
18,-1.59681,2.2644,0.0171193
18,-0.610449,2.42035,0.0457504
18,-1.6276,2.26652,0.0214806
18,-0.426433,2.45527,0.0481369
18,-0.59722,2.43034,0.0465561
18,-0.360183,2.46498,0.0442522
18,-1.17877,2.34772,0.0425317
18,-1.52135,2.30128,0.0498044
18,-1.63723,2.27593,0.0257325
18,-0.629508,2.47214,0.160766
18,-1.57991,2.28238,0.0175924
18,-1.634,2.28629,0.0472957
18,-0.742881,2.41115,0.0245251
18,-1.18685,2.34893,0.0238715
18,-0.570982,2.44993,0.0536781
18,-1.17152,2.36076,0.0429201
18,-1.52434,2.30429,0.0262744
18,-1.60886,2.28886,0.00686353
18,-0.745288,2.42817,0.0223802
18,-0.688969,2.44361,0.0414625
18,-1.50819,2.31986,0.0135919
18,-0.713292,2.46089,0.075762
18,-0.655074,2.46682,0.0386728
18,-0.654324,2.46881,0.040239
18,-1.53658,2.34397,0.049121
18,-1.53487,2.34878,0.0597894
18,-0.948816,2.42845,0.0310294
18,-1.01807,2.46556,0.106989
18,-1.01616,2.47511,0.118807
18,-1.94896,2.49433,0.480257
18,-1.91059,2.35405,-0.0363349
18,-1.90639,2.36279,-0.034233
18,-1.83914,2.55728,0.431454
18,0.259875,2.51483,-0.548918
18,0.242325,2.51459,-0.54587
18,-1.91787,2.62,0.627108
18,0.265502,2.5379,-0.516666
18,0.277684,2.55044,-0.516276
18,0.356216,2.53603,-0.610433
18,-2.13669,2.38404,-0.05244
18,0.249408,2.61996,-0.367758
18,-1.92336,2.42034,-0.0435999
18,0.265536,2.58889,-0.475946
18,0.263899,2.58533,-0.486033
18,0.629536,2.62162,-0.548309
18,0.570856,2.62375,-0.519337
18,0.288711,2.61815,-0.421039
18,0.296246,2.61237,-0.443671
18,0.276505,2.55779,-0.589748
18,0.63706,2.63771,-0.516777
18,0.346655,2.63345,-0.413592
18,0.513639,2.61011,-0.553476
18,0.569507,2.63901,-0.495822
18,0.338679,2.60117,-0.509793
18,0.589821,2.55206,-0.75068
18,0.286424,2.52396,-0.706698
18,0.465613,2.63599,-0.466797
18,0.520209,2.64325,-0.469287
18,0.64629,2.5633,-0.745334
18,0.638766,2.62187,-0.579973
18,0.533459,2.52193,-0.81796
18,0.637225,2.68607,-0.402036
18,0.5244,2.59598,-0.609119
18,0.300116,2.59951,-0.510528
18,0.524682,2.61009,-0.572598
18,0.288459,2.52882,-0.705529
18,0.368821,2.5926,-0.561209
18,0.640525,2.60647,-0.633564
18,0.532584,2.63642,-0.506303
18,0.417385,2.64291,-0.441523
18,0.357713,2.56822,-0.626662
18,-1.86913,2.61991,0.424606
18,0.350398,2.61992,-0.480044
18,0.361634,2.63334,-0.447824
18,0.533462,2.59674,-0.620143
18,0.313373,2.56492,-0.619701
18,0.5374,2.66201,-0.440289
18,0.53478,2.5779,-0.675536
18,0.41098,2.59123,-0.587852
18,0.462487,2.64043,-0.472089
18,0.358044,2.61423,-0.502865
18,0.582488,2.6068,-0.615649
18,0.601035,2.58788,-0.676819
18,0.658772,2.67681,-0.451792
18,0.643057,2.63021,-0.582451
18,0.538697,2.58176,-0.675671
18,0.35823,2.5244,-0.764106
18,0.596116,2.58349,-0.696264
18,0.6581,2.57265,-0.752176
18,0.609719,2.5568,-0.777077
18,0.587356,2.60189,-0.64274
18,0.649281,2.59845,-0.677836
18,0.491532,2.59867,-0.615017
18,0.600607,2.6875,-0.411894
18,0.480603,2.53687,-0.786668
18,0.428157,2.58765,-0.623503
18,0.673719,2.67829,-0.470394
18,0.664721,2.60163,-0.686049
18,0.321463,2.52686,-0.755379
18,0.31549,2.54396,-0.705678
18,0.483977,2.61973,-0.562868
18,0.678576,2.57144,-0.779635
18,0.556133,2.55161,-0.786264
18,0.303977,2.49612,-0.839519
18,0.549222,2.59297,-0.67279
18,0.436785,2.55375,-0.736916
18,0.673491,2.69591,-0.437681
18,0.499356,2.57782,-0.697913
18,0.555902,2.58862,-0.692205
18,0.688102,2.5766,-0.779804
18,0.430385,2.52076,-0.832103
18,0.328698,2.50536,-0.836304
18,0.494813,2.56771,-0.73314
18,0.503927,2.54987,-0.787248
18,0.674959,2.69835,-0.448775
18,0.652766,2.62852,-0.637676
18,-1.64769,2.34577,-0.017125
17,-1.64769,2.34577,-0.017125
18,-0.690069,2.55004,-0.00465268
17,-0.690069,2.55004,-0.00465268
18,-0.732583,2.68848,-0.0584264
17,-0.732583,2.68848,-0.0584264
18,-1.17846,2.495,1.08344
17,-1.17846,2.495,1.08344
18,-1.75784,2.40597,-0.0231504
17,-1.75784,2.40597,-0.0231504
18,-1.83742,2.27321,1.07931
17,-1.83742,2.27321,1.07931
18,-1.87406,2.29493,0.516501
17,-1.87406,2.29493,0.516501
18,-1.5545,2.39609,0.0360512
17,-1.5545,2.39609,0.0360512
18,-1.73056,2.3203,0.0103842
17,-1.73056,2.3203,0.0103842
18,-1.67069,2.13443,0.0779655
17,-1.67069,2.13443,0.0779655
18,-1.54913,2.3613,-0.00381741
17,-1.54913,2.3613,-0.00381741
18,-0.760412,2.42135,0.0351454
17,-0.760412,2.42135,0.0351454
18,-1.61831,2.49168,-0.0340068
17,-1.61831,2.49168,-0.0340068
18,-1.08372,2.37348,0.0466449
17,-1.08372,2.37348,0.0466449
18,-1.74258,2.34987,0.00691521
17,-1.74258,2.34987,0.00691521
18,-1.90371,2.42142,1.10128
17,-1.90371,2.42142,1.10128
18,-0.660556,2.39814,0.512466
16,-0.660556,2.39814,0.512466
18,-0.679696,2.57462,-0.00925277
16,-0.679696,2.57462,-0.00925277
18,-0.943121,2.46177,-0.00607066
16,-0.943121,2.46177,-0.00607066
18,-1.17788,2.37681,0.0305366
16,-1.17788,2.37681,0.0305366
18,0.578461,2.76381,-0.741003
16,0.578461,2.76381,-0.741003
18,-0.527117,2.30555,1.02072
16,-0.527117,2.30555,1.02072
18,-1.56064,2.25926,0.036474
16,-1.56064,2.25926,0.036474
18,-1.51724,2.03285,0.108806
16,-1.51724,2.03285,0.108806
18,-2.05705,3.07109,1.07373
16,-2.05705,3.07109,1.07373
18,-1.81303,2.88074,-0.18945
16,-1.81303,2.88074,-0.18945
18,-1.17774,2.29364,0.0625696
16,-1.17774,2.29364,0.0625696
18,-0.701074,2.22334,0.107859
15,-0.701074,2.22334,0.107859
18,-1.18755,2.5181,0.538712
15,-1.18755,2.5181,0.538712
18,-1.74891,2.45264,1.05582
15,-1.74891,2.45264,1.05582
18,-1.19442,2.47136,0.040509
15,-1.19442,2.47136,0.040509
18,-1.84465,2.6464,1.1052
15,-1.84465,2.6464,1.1052
18,-1.8217,2.30659,0.987607
14,-1.8217,2.30659,0.987607
18,-1.83089,2.33158,0.991509
14,-1.83089,2.33158,0.991509
18,0.288616,2.56288,-0.44315
14,0.288616,2.56288,-0.44315
18,0.627811,2.56341,-0.661561
14,0.627811,2.56341,-0.661561
18,0.437192,2.53674,-0.596018
14,0.437192,2.53674,-0.596018
18,-0.481502,2.25628,0.772964
14,-0.481502,2.25628,0.772964
18,0.394706,2.46453,-0.691772
14,0.394706,2.46453,-0.691772
18,0.338214,2.52723,-0.595863
9,0.338214,2.52723,-0.595863
18,0.538582,2.61664,-0.65352
9,0.538582,2.61664,-0.65352
18,-1.10969,3.01519,0.468801
9,-1.10969,3.01519,0.468801
18,0.627837,2.69485,-0.599054
10,0.627837,2.69485,-0.599054
18,0.447838,2.67065,-0.605192
10,0.447838,2.67065,-0.605192
18,0.559616,2.65023,-0.569894
12,0.559616,2.65023,-0.569894
18,0.599004,2.55527,-0.713094
8,0.599004,2.55527,-0.713094
18,0.562975,3.00158,-0.865769
8,0.562975,3.00158,-0.865769
18,-1.09728,2.45595,0.0225912
8,-1.09728,2.45595,0.0225912
19,-0.501171,2.43037,1.06051
19,-0.26732,2.49816,1.0906
19,-0.371301,2.45378,0.975182
19,-0.341572,2.43915,0.912614
19,-0.259745,2.52453,1.08213
19,-0.530043,2.4766,1.02986
19,-0.341853,2.47354,0.912026
19,-0.430246,2.35521,0.481047
19,-0.308864,2.47252,0.753131
19,-0.729789,2.40863,0.50299
19,-0.49398,2.42385,0.474651
19,-0.726384,2.42728,0.498356
19,-0.446484,2.40257,0.340285
19,-0.442744,2.40153,0.300203
19,-0.424287,2.41585,0.328211
19,-0.718295,2.46852,0.531062
19,-0.451555,2.43382,0.336231
19,-0.425964,2.42084,0.265081
19,-0.443264,2.43981,0.294113
19,-0.425042,2.44016,0.262228
19,-0.610424,2.41913,0.0367206
19,-0.599601,2.42757,0.0556367
19,-0.361933,2.45473,0.0514384
19,-0.609876,2.42524,0.0435384
19,-0.504863,2.44041,0.0378209
19,-0.916966,2.4631,0.0140588
19,-2.1595,2.365,-0.0379479
19,0.253085,2.52337,-0.426198
19,0.247241,2.48855,-0.533398
19,0.271197,2.4776,-0.656823
19,0.631078,2.49328,-0.738056
19,0.235919,2.59351,-0.35987
19,0.254309,2.56843,-0.470688
19,0.256926,2.58149,-0.440531
19,0.264406,2.50498,-0.652594
19,0.624321,2.54996,-0.640442
19,0.261335,2.54559,-0.545763
19,0.327227,2.59695,-0.436126
19,0.271294,2.53832,-0.579789
19,0.634118,2.59535,-0.536337
19,0.287169,2.56415,-0.519856
19,0.335972,2.59199,-0.464922
19,0.435457,2.64109,-0.362085
19,0.393003,2.60335,-0.463808
19,0.392779,2.60114,-0.472971
19,0.32129,2.62982,-0.37595
19,0.345605,2.58949,-0.495104
19,0.29744,2.62223,-0.393504
19,0.328385,2.63243,-0.377594
19,0.292295,2.59364,-0.473281
19,0.258656,2.56129,-0.55235
19,0.624235,2.64624,-0.433047
19,0.402428,2.59989,-0.493521
19,0.352282,2.57383,-0.549559
19,0.452971,2.62699,-0.438011
19,0.403784,2.59645,-0.506324
19,0.396906,2.56875,-0.580762
19,0.298294,2.52617,-0.66684
19,0.408638,2.48576,-0.80819
19,0.331247,2.63763,-0.377312
19,0.570546,2.62385,-0.484951
19,0.395331,2.55963,-0.60708
19,0.350659,2.54366,-0.637613
19,0.409566,2.48986,-0.800092
19,0.501056,2.64851,-0.402134
19,0.333834,2.623,-0.42312
19,0.572646,2.62312,-0.492954
19,0.453587,2.57838,-0.578843
19,0.385054,2.64072,-0.390693
19,0.515736,2.61895,-0.489409
19,0.326069,2.61439,-0.446995
19,0.61319,2.65307,-0.429841
19,0.392565,2.63169,-0.423856
19,0.35398,2.5285,-0.692514
19,0.305543,2.51222,-0.722728
19,0.452901,2.57149,-0.606463
19,0.464213,2.58267,-0.58177
19,0.390704,2.62647,-0.444041
19,0.392255,2.63473,-0.422414
19,0.308507,2.52684,-0.689016
19,0.477698,2.65317,-0.400686
19,0.365111,2.65079,-0.374144
19,0.36228,2.63526,-0.416471
19,0.430463,2.49584,-0.815817
19,0.362863,2.52348,-0.721975
19,0.559241,2.67376,-0.374544
19,0.43116,2.49934,-0.807289
19,0.33738,2.60168,-0.505916
19,0.503669,2.64561,-0.437499
19,0.341446,2.58907,-0.543015
19,0.528881,2.53366,-0.747831
19,0.524562,2.60797,-0.546534
19,0.344284,2.56975,-0.598285
19,0.634239,2.58991,-0.629236
19,0.306732,2.53787,-0.673539
19,0.588193,2.65536,-0.439511
19,0.317082,2.55918,-0.620114
19,0.400489,2.59922,-0.53738
19,0.637474,2.66476,-0.430661
19,0.454065,2.64858,-0.421459
19,0.395239,2.57032,-0.616182
19,0.473027,2.62236,-0.498752
19,0.631079,2.54054,-0.768252
19,0.402452,2.57408,-0.611356
19,0.338495,2.58398,-0.566274
19,0.40005,2.56079,-0.647789
19,0.313636,2.57259,-0.590739
19,0.346693,2.54596,-0.6731
19,0.307896,2.62298,-0.454274
19,0.454531,2.58092,-0.610834
19,0.316352,2.5529,-0.645893
19,0.450854,2.6285,-0.483153
19,0.343099,2.56673,-0.61849
19,0.317257,2.52269,-0.731814
19,0.370748,2.5717,-0.615516
19,0.366872,2.61879,-0.487505
19,0.316062,2.54997,-0.658935
19,0.626272,2.59832,-0.620737
19,0.391989,2.61687,-0.502509
19,0.597415,2.59975,-0.6093
19,0.277837,2.4803,-0.83805
19,0.517778,2.57704,-0.648989
19,0.285594,2.50053,-0.789693
19,0.291143,2.48257,-0.840219
19,0.651484,2.67212,-0.434942
19,0.422335,2.66231,-0.394397
19,0.418774,2.62281,-0.499924
19,0.352026,2.53684,-0.712467
19,0.409201,2.53693,-0.730524
19,0.477725,2.63102,-0.500455
19,0.533895,2.65998,-0.43902
19,0.51306,2.61591,-0.552827
19,0.420855,2.63183,-0.482904
19,0.507057,2.66525,-0.418324
19,0.518402,2.64441,-0.477901
19,0.413721,2.52537,-0.768509
19,0.424741,2.58351,-0.617834
19,0.409273,2.58889,-0.599354
19,0.473363,2.53636,-0.763499
19,0.406171,2.57096,-0.65094
19,0.47092,2.55688,-0.708619
19,0.32374,2.51694,-0.773492
19,0.312553,2.59988,-0.54691
19,0.459406,2.6106,-0.561353
19,0.488239,2.58114,-0.649588
19,0.487085,2.57459,-0.66794
19,0.497871,2.56416,-0.699543
19,0.408729,2.58331,-0.622663
19,0.32076,2.56106,-0.658171
19,0.525292,2.60779,-0.592982
19,0.463903,2.55131,-0.727245
19,0.412163,2.55997,-0.689343
19,0.486431,2.60327,-0.595566
19,0.547553,2.58982,-0.650492
19,0.348549,2.54532,-0.712874
19,0.311926,2.59435,-0.570204
19,0.482899,2.61744,-0.559054
19,0.431879,2.54829,-0.731141
19,0.409671,2.54501,-0.73393
19,0.434711,2.52872,-0.786718
19,0.358803,2.51736,-0.795162
19,0.523412,2.58108,-0.672223
19,0.470754,2.5839,-0.653077
19,0.367647,2.60402,-0.569886
19,0.675318,2.60557,-0.659264
19,0.469906,2.57739,-0.675956
19,0.361504,2.52882,-0.77539
19,0.581837,2.68443,-0.42337
19,0.478512,2.66335,-0.449923
19,0.475706,2.56572,-0.714088
19,0.370311,2.61545,-0.549755
19,0.668381,2.56486,-0.774336
19,0.58813,2.55266,-0.784172
19,0.640873,2.67105,-0.481177
19,0.428505,2.51681,-0.834712
19,0.648713,2.58999,-0.702189
19,0.535076,2.55471,-0.764557
19,0.533773,2.547,-0.786795
19,0.584925,2.61608,-0.615595
19,0.378645,2.5767,-0.661495
19,0.531757,2.6179,-0.595818
19,0.643017,2.55792,-0.79034
19,0.641485,2.6315,-0.592
19,0.429936,2.64616,-0.490479
19,0.489494,2.67796,-0.422994
19,0.430062,2.60556,-0.600783
19,0.594589,2.58482,-0.705076
19,0.432215,2.57591,-0.681877
19,0.42858,2.63838,-0.512624
19,0.481345,2.67496,-0.429685
19,0.426273,2.54339,-0.769809
19,0.481135,2.55014,-0.767872
19,0.590841,2.56358,-0.763962
19,0.544397,2.64239,-0.539214
19,0.377951,2.57077,-0.684778
19,0.543782,2.58895,-0.684544
19,0.391467,2.52001,-0.825775
19,0.438601,2.5672,-0.712902
19,0.637386,2.64717,-0.556072
19,0.374069,2.54933,-0.743585
19,0.541379,2.5835,-0.701323
19,0.493763,2.61561,-0.601137
19,0.641418,2.66747,-0.505463
19,0.330936,2.5226,-0.806108
19,0.492651,2.6084,-0.62366
19,0.489273,2.63063,-0.564826
19,0.605058,2.5521,-0.811844
19,0.489138,2.58781,-0.683005
19,0.557623,2.58474,-0.711888
19,0.607422,2.60484,-0.67268
19,0.642865,2.6297,-0.61752
19,0.56313,2.57062,-0.757708
19,0.444936,2.55257,-0.776458
19,0.488747,2.56882,-0.74709
19,0.551527,2.6292,-0.603
19,0.504627,2.5417,-0.827296
19,0.619125,2.57797,-0.765181
19,0.621612,2.58998,-0.736456
19,0.674235,2.70485,-0.447291
19,0.66953,2.67651,-0.529062
19,0.603013,2.59438,-0.753024
19,-0.740121,2.39,0.0385513
18,-0.740121,2.39,0.0385513
19,-0.71455,2.45677,0.146661
18,-0.71455,2.45677,0.146661
19,-0.687037,2.49801,0.0263207
18,-0.687037,2.49801,0.0263207
19,-0.414116,2.49926,0.0181205
18,-0.414116,2.49926,0.0181205
19,-0.353332,2.91085,-0.128612
18,-0.353332,2.91085,-0.128612
19,-1.16803,2.3225,0.035318
18,-1.16803,2.3225,0.035318
19,-1.9037,2.44342,1.06398
18,-1.9037,2.44342,1.06398
19,-0.696014,2.45628,0.0293952
18,-0.696014,2.45628,0.0293952
19,-0.695706,2.48045,0.0256806
18,-0.695706,2.48045,0.0256806
19,-1.62591,2.33442,-0.00814703
18,-1.62591,2.33442,-0.00814703
19,-0.66083,2.36406,0.689004
18,-0.66083,2.36406,0.689004
19,0.0556878,1.58108,-0.155361
18,0.0556878,1.58108,-0.155361
19,-0.479346,1.87515,0.60802
18,-0.479346,1.87515,0.60802
19,-0.694681,2.38798,0.661186
18,-0.694681,2.38798,0.661186
19,-1.50155,2.29167,0.0223487
18,-1.50155,2.29167,0.0223487
19,-1.15644,2.25864,0.0662713
18,-1.15644,2.25864,0.0662713
19,-1.19594,2.44653,0.0079031
18,-1.19594,2.44653,0.0079031
19,-0.717394,2.37927,0.547805
18,-0.717394,2.37927,0.547805
19,-0.94202,2.44646,0.00463052
18,-0.94202,2.44646,0.00463052
19,-0.748209,2.39064,0.0377029
18,-0.748209,2.39064,0.0377029
19,-1.06398,2.36847,1.04926
18,-1.06398,2.36847,1.04926
19,-0.700295,2.52336,0.493665
18,-0.700295,2.52336,0.493665
19,-0.690872,2.60721,-0.0175783
18,-0.690872,2.60721,-0.0175783
19,-0.674815,3.02338,-0.160832
18,-0.674815,3.02338,-0.160832
19,-1.86386,2.28265,0.00521728
18,-1.86386,2.28265,0.00521728
19,-1.04593,2.37942,0.488852
18,-1.04593,2.37942,0.488852
19,-0.945083,2.49337,-0.00869593
18,-0.945083,2.49337,-0.00869593
19,-1.15361,2.22913,0.0930277
18,-1.15361,2.22913,0.0930277
19,-1.5114,2.25498,0.0560049
18,-1.5114,2.25498,0.0560049
19,-0.716289,2.36374,0.0480317
18,-0.716289,2.36374,0.0480317
19,-1.05835,2.35546,0.930861
18,-1.05835,2.35546,0.930861
19,-0.539309,2.40715,1.03021
18,-0.539309,2.40715,1.03021
19,-1.04991,2.19553,0.104897
18,-1.04991,2.19553,0.104897
19,-1.93861,2.46983,-0.0513025
18,-1.93861,2.46983,-0.0513025
19,-1.8294,2.22167,0.039933
18,-1.8294,2.22167,0.039933
19,-1.859,2.37676,1.05127
18,-1.859,2.37676,1.05127
19,-1.08616,2.43404,0.0367938
18,-1.08616,2.43404,0.0367938
19,-1.13498,2.07709,0.161637
18,-1.13498,2.07709,0.161637
19,-2.06593,3.14921,-0.282169
18,-2.06593,3.14921,-0.282169
19,-1.4362,2.21131,0.0744381
18,-1.4362,2.21131,0.0744381
19,-1.5272,2.36623,-0.0131273
17,-1.5272,2.36623,-0.0131273
19,-0.610908,2.39173,0.0448988
17,-0.610908,2.39173,0.0448988
19,0.497257,2.62415,-0.401509
17,0.497257,2.62415,-0.401509
19,-1.60075,2.33683,-0.00382899
17,-1.60075,2.33683,-0.00382899
19,-1.18452,2.48414,0.508539
17,-1.18452,2.48414,0.508539
19,-1.05274,2.39902,0.48466
17,-1.05274,2.39902,0.48466
19,-0.691781,2.41718,0.390748
17,-0.691781,2.41718,0.390748
19,-0.661871,2.39927,0.51333
17,-0.661871,2.39927,0.51333
19,-1.08823,2.49514,-0.0107788
17,-1.08823,2.49514,-0.0107788
19,-1.76593,2.82919,-0.162038
17,-1.76593,2.82919,-0.162038
19,-2.09976,3.45411,-0.373143
17,-2.09976,3.45411,-0.373143
19,-2.15872,2.24802,1.11357
17,-2.15872,2.24802,1.11357
19,-0.349144,2.41932,0.106462
16,-0.349144,2.41932,0.106462
19,-0.460096,2.37328,0.770265
16,-0.460096,2.37328,0.770265
19,0.347283,2.5153,-0.723564
16,0.347283,2.5153,-0.723564
19,-0.697323,2.49279,1.00374
16,-0.697323,2.49279,1.00374
19,-0.505152,2.41818,0.474019
16,-0.505152,2.41818,0.474019
19,-0.699356,2.48548,1.00798
16,-0.699356,2.48548,1.00798
19,-1.60372,2.27788,0.0476671
16,-1.60372,2.27788,0.0476671
19,-0.664621,2.3955,0.587111
16,-0.664621,2.3955,0.587111
19,-1.53338,2.11104,0.0833946
16,-1.53338,2.11104,0.0833946
19,-1.81323,2.66839,-0.107567
16,-1.81323,2.66839,-0.107567
19,-0.910525,2.63601,-0.0333343
16,-0.910525,2.63601,-0.0333343
19,0.321619,2.57865,-0.464732
9,0.321619,2.57865,-0.464732
19,0.456588,2.92001,-0.594302
9,0.456588,2.92001,-0.594302
19,0.434569,2.38279,-0.399052
9,0.434569,2.38279,-0.399052
19,0.474414,2.55466,-0.597298
9,0.474414,2.55466,-0.597298
19,0.323617,2.64621,-0.49223
9,0.323617,2.64621,-0.49223
19,0.416329,2.52051,-0.789463
9,0.416329,2.52051,-0.789463
19,0.381381,2.39067,-0.405398
9,0.381381,2.39067,-0.405398
19,0.462294,2.57192,-0.637966
9,0.462294,2.57192,-0.637966
19,-0.731646,2.90247,-0.0704036
9,-0.731646,2.90247,-0.0704036
19,-0.336579,2.61034,-0.0060889
9,-0.336579,2.61034,-0.0060889
19,-1.14017,2.36811,0.539571
11,-1.14017,2.36811,0.539571
19,-0.385206,2.14952,0.181895
11,-0.385206,2.14952,0.181895
19,0.379057,2.55451,-0.541016
11,0.379057,2.55451,-0.541016
19,0.3854,2.5175,-0.651239
11,0.3854,2.5175,-0.651239
19,0.419401,2.53423,-0.631934
11,0.419401,2.53423,-0.631934
19,0.50277,2.60353,-0.481728
11,0.50277,2.60353,-0.481728
19,1.32742,4.43856,-1.41873
11,1.32742,4.43856,-1.41873
19,-0.671315,2.50068,0.0196475
11,-0.671315,2.50068,0.0196475
19,-0.48235,2.43828,0.484103
11,-0.48235,2.43828,0.484103
19,-0.481734,2.43516,0.483438
11,-0.481734,2.43516,0.483438
19,-1.48786,2.30513,0.0310302
11,-1.48786,2.30513,0.0310302
19,0.362006,2.55625,-0.677037
10,0.362006,2.55625,-0.677037
19,0.342783,2.62317,-0.369612
10,0.342783,2.62317,-0.369612
19,-0.298638,2.40048,0.185786
10,-0.298638,2.40048,0.185786
19,-1.07235,2.52575,0.533467
10,-1.07235,2.52575,0.533467
19,1.91178,6.39857,-2.62455
8,1.91178,6.39857,-2.62455
19,0.555023,2.65235,-0.408505
8,0.555023,2.65235,-0.408505
19,0.160171,1.93505,-0.27372
8,0.160171,1.93505,-0.27372
19,0.628599,2.80883,-0.803531
8,0.628599,2.80883,-0.803531
19,0.520364,2.48511,-0.779786
8,0.520364,2.48511,-0.779786
19,0.524519,2.56742,-0.341135
8,0.524519,2.56742,-0.341135
19,-1.16945,2.49537,0.519184
14,-1.16945,2.49537,0.519184
19,-2.08071,2.26849,-0.0101739
14,-2.08071,2.26849,-0.0101739
19,-0.940218,2.39414,0.0224986
14,-0.940218,2.39414,0.0224986
19,-0.711061,2.39583,0.0835232
15,-0.711061,2.39583,0.0835232
19,0.345652,2.54817,-0.546459
15,0.345652,2.54817,-0.546459
19,-0.94661,2.36956,0.0419922
15,-0.94661,2.36956,0.0419922
19,-0.684037,2.42803,0.694393
15,-0.684037,2.42803,0.694393
19,-1.04641,2.40575,0.299334
15,-1.04641,2.40575,0.299334
19,-1.76719,2.40551,1.07724
15,-1.76719,2.40551,1.07724
19,-0.941879,2.45973,0.0181786
15,-0.941879,2.45973,0.0181786
19,0.289233,2.54454,-0.476993
12,0.289233,2.54454,-0.476993
19,-0.356355,2.20027,0.243186
12,-0.356355,2.20027,0.243186
19,-1.14373,2.33494,0.554337
13,-1.14373,2.33494,0.554337
20,-0.493293,2.37045,0.981617
20,-0.552962,2.40233,1.07837
20,-0.545842,2.39652,1.05544
20,-0.450358,2.43843,1.06535
20,-0.493899,2.44743,1.06561
20,-0.443615,2.45922,1.06309
20,-0.447958,2.46996,1.07936
20,0.43915,1.84228,-0.839216
20,0.445403,1.84502,-0.841544
20,-0.254755,2.55037,1.08719
20,-0.353016,2.33504,0.495798
20,-0.364103,2.33445,0.496076
20,-0.402639,2.35041,0.542262
20,-0.338588,2.36117,0.53938
20,-0.315267,2.46148,0.755671
20,-0.419901,2.35938,0.492176
20,-0.960507,2.51845,1.02447
20,0.42804,1.92345,-0.850807
20,-1.02925,1.80449,-0.852884
20,-0.972825,1.81341,-0.867344
20,0.0532499,1.92296,-0.820025
20,-0.449133,2.40805,0.483368
20,-0.668532,2.47219,0.674239
20,-0.669746,2.47186,0.671048
20,-0.669692,2.47314,0.648031
20,-0.526765,2.48128,0.517794
20,-0.421414,2.40632,0.297033
20,-0.49863,2.47376,0.457088
20,-0.437619,2.42818,0.299663
20,-0.50134,2.48339,0.454096
20,-0.426852,2.43492,0.282216
20,-0.437899,2.42546,0.257865
20,-0.485903,2.47271,0.3878
20,-0.439092,2.42734,0.256165
20,-0.491201,2.47572,0.391399
20,-0.443516,2.44873,0.295792
20,-0.471588,2.47616,0.370853
20,-0.471717,2.47233,0.351449
20,-0.49334,2.47819,0.36558
20,-0.473799,2.47759,0.356075
20,-0.432109,2.44325,0.256039
20,-0.4935,2.49198,0.387841
20,-1.04212,2.31842,0.0412499
20,-0.43561,2.44889,0.244154
20,-0.456885,2.46066,0.277078
20,-0.660521,2.51482,0.461222
20,-0.710375,2.4746,0.365975
20,-0.699072,2.48584,0.375518
20,-0.364223,2.4593,0.228575
20,-0.497728,2.49927,0.357221
20,-0.364191,2.46001,0.21628
20,-0.494437,2.49492,0.333242
20,-1.05685,2.33842,0.0402986
20,-0.486094,2.49446,0.327535
20,1.45108,2.96136,1.13901
20,-0.385614,2.45955,0.205904
20,-0.6674,2.50609,0.381498
20,1.46952,2.95815,1.09213
20,-0.672108,2.51691,0.38463
20,-0.284359,2.46266,0.151436
20,-1.62127,2.34034,0.116856
20,-1.63058,2.35082,0.123749
20,-1.08233,2.36503,0.0347029
20,-0.725252,2.47106,0.222816
20,-0.343184,2.45885,0.0994581
20,-0.72286,2.47572,0.224407
20,-0.594817,2.4231,0.0514362
20,-0.377174,2.45949,0.0903965
20,-0.360114,2.45596,0.064416
20,-0.636515,2.47209,0.165579
20,-0.641745,2.4729,0.168344
20,-1.18863,2.39684,0.0727012
20,-1.18986,2.38536,0.0314215
20,-0.420012,2.45158,0.0388763
20,-0.437228,2.46973,0.0690192
20,-0.443993,2.45635,0.0263962
20,-0.358199,2.48816,0.0604618
20,-1.49812,2.37865,0.0115172
20,-1.1941,2.41789,0.0423504
20,-0.379727,2.4761,0.0190468
20,-0.411699,2.48037,0.0228607
20,-0.635664,2.49276,0.0986411
20,-0.443911,2.48003,0.0145844
20,-0.768928,2.46809,0.0460577
20,-0.519147,2.48477,0.0290931
20,-0.726444,2.49301,0.0832117
20,-0.683226,2.48938,0.0613025
20,-0.661938,2.47874,0.0188267
20,-0.676529,2.47874,0.0188658
20,-0.499228,2.49289,0.0134027
20,-0.779175,2.48564,-0.00284362
20,-1.03686,2.45969,-0.020019
20,-1.57431,2.41902,-0.0155399
20,-0.973622,2.49936,0.0356312
20,-0.952982,2.49931,0.0121139
20,-0.941445,2.52379,-0.0166557
20,-0.973465,2.53752,0.0115233
20,-1.97394,2.47379,-0.0565705
20,0.250606,2.53794,-0.43176
20,0.235119,2.57099,-0.344632
20,-1.99811,2.50726,-0.0881016
20,0.251189,2.56588,-0.428472
20,0.273678,2.58022,-0.398294
20,0.319352,2.56978,-0.450756
20,0.331496,2.60822,-0.36218
20,0.260701,2.60115,-0.375368
20,0.388149,2.60361,-0.396794
20,0.252437,2.58162,-0.43636
20,0.259155,2.56953,-0.473609
20,0.246831,2.61248,-0.363745
20,0.259608,2.53057,-0.584302
20,0.33103,2.55898,-0.525749
20,0.29537,2.56991,-0.493068
20,0.318639,2.5943,-0.435108
20,0.377158,2.62183,-0.376138
20,0.3252,2.58142,-0.47203
20,0.325332,2.57509,-0.49059
20,0.267459,2.46687,-0.764858
20,0.384011,2.58945,-0.468442
20,0.40253,2.58007,-0.4975
20,0.380203,2.5788,-0.49704
20,0.255712,2.59048,-0.439481
20,0.435156,2.63451,-0.364661
20,0.26353,2.55025,-0.549664
20,0.436811,2.624,-0.394148
20,0.384688,2.58498,-0.48801
20,0.404587,2.63113,-0.373298
20,0.326749,2.59091,-0.465358
20,0.326663,2.5687,-0.523846
20,0.326757,2.55994,-0.548492
20,0.391773,2.55326,-0.580958
20,0.392184,2.54781,-0.600116
20,0.382419,2.63151,-0.38085
20,0.353881,2.63208,-0.374074
20,0.269481,2.4584,-0.814269
20,0.410583,2.59203,-0.493325
20,0.275453,2.50201,-0.701632
20,0.334237,2.55034,-0.587454
20,0.334216,2.54342,-0.605775
20,0.340857,2.53066,-0.642985
20,0.354246,2.59688,-0.472669
20,0.354775,2.59195,-0.492069
20,0.336504,2.55764,-0.579746
20,0.556967,2.61381,-0.479772
20,0.355251,2.52871,-0.661152
20,0.387496,2.57418,-0.548418
20,0.336706,2.55564,-0.58753
20,0.266224,2.52015,-0.666297
20,0.453213,2.54157,-0.655502
20,0.412439,2.57852,-0.549689
20,0.551406,2.62301,-0.462659
20,0.298356,2.60795,-0.448194
20,0.3924,2.5985,-0.495227
20,0.392387,2.57646,-0.554107
20,0.362328,2.55494,-0.604726
20,0.414809,2.62146,-0.441042
20,0.337433,2.50116,-0.742323
20,0.447431,2.57283,-0.578176
20,0.400162,2.48053,-0.812056
20,0.415116,2.61104,-0.472267
20,0.400352,2.50593,-0.746143
20,0.552493,2.64685,-0.409072
20,0.565593,2.62721,-0.464735
20,0.290909,2.49358,-0.758392
20,0.558052,2.6413,-0.428121
20,0.250079,2.60767,-0.450221
20,0.558328,2.60899,-0.516963
20,0.369915,2.54537,-0.643983
20,0.566041,2.56777,-0.627551
20,0.456436,2.54679,-0.661674
20,0.402867,2.52795,-0.700815
20,0.448998,2.58982,-0.549086
20,0.396611,2.54222,-0.664314
20,0.461826,2.49569,-0.801121
20,0.511962,2.60497,-0.524131
20,0.534332,2.61983,-0.490548
20,0.423334,2.57581,-0.586176
20,0.355522,2.63156,-0.424715
20,0.410519,2.63005,-0.441094
20,0.403491,2.50245,-0.775993
20,0.512652,2.55731,-0.658193
20,0.424079,2.58978,-0.556801
20,0.56814,2.58474,-0.601488
20,0.614283,2.65477,-0.427194
20,0.364018,2.59309,-0.536994
20,0.43068,2.53748,-0.698768
20,0.505568,2.58948,-0.578057
20,0.371768,2.52426,-0.721859
20,0.509637,2.6017,-0.547606
20,0.510787,2.66491,-0.382408
20,0.37843,2.5113,-0.759277
20,0.562313,2.60847,-0.543347
20,0.317156,2.5385,-0.676895
20,0.513896,2.54992,-0.690013
20,0.475117,2.65123,-0.41618
20,0.577507,2.6549,-0.42958
20,0.372777,2.53467,-0.705573
20,0.431844,2.53202,-0.725805
20,0.530642,2.62879,-0.492406
20,0.365051,2.54707,-0.672339
20,0.42045,2.60448,-0.53376
20,0.266612,2.62109,-0.457059
20,0.458272,2.53677,-0.720745
20,0.373128,2.54742,-0.675467
20,0.531082,2.6495,-0.441279
20,0.420733,2.6165,-0.504655
20,0.58193,2.57183,-0.658018
20,0.590414,2.6572,-0.435925
20,0.590458,2.66656,-0.411309
20,0.576997,2.55838,-0.694289
20,0.42871,2.57587,-0.616181
20,0.616608,2.67589,-0.3934
20,0.428687,2.56472,-0.645776
20,0.511441,2.56558,-0.661744
20,0.590807,2.64443,-0.473519
20,0.318534,2.5022,-0.791362
20,0.61742,2.64261,-0.4871
20,0.466097,2.60646,-0.554043
20,0.571703,2.55451,-0.714839
20,0.598203,2.58703,-0.635568
20,0.546097,2.56157,-0.696776
20,0.546362,2.59476,-0.61063
20,0.620468,2.63539,-0.521791
20,0.625743,2.60611,-0.601141
20,0.571902,2.67868,-0.399248
20,0.541444,2.55462,-0.720001
20,0.621158,2.69015,-0.381703
20,0.524496,2.60526,-0.585061
20,0.486604,2.59936,-0.592974
20,0.599896,2.60326,-0.607351
20,0.579944,2.54566,-0.755065
20,0.494398,2.54909,-0.728011
20,0.539575,2.52929,-0.790422
20,0.637131,2.63884,-0.523493
20,0.54749,2.5586,-0.717831
20,0.620361,2.63674,-0.528487
20,0.598103,2.66805,-0.441363
20,0.547566,2.53794,-0.773736
20,0.487268,2.61255,-0.564409
20,0.598372,2.60753,-0.605322
20,0.53509,2.55909,-0.721105
20,0.638189,2.57755,-0.696106
20,0.638305,2.5918,-0.659089
20,0.551144,2.54079,-0.77555
20,0.525847,2.52238,-0.819573
20,0.628336,2.62004,-0.586524
20,0.496336,2.5554,-0.730472
20,0.662236,2.70849,-0.365391
20,0.593762,2.68829,-0.403811
20,0.639304,2.5721,-0.72025
20,0.609284,2.56951,-0.723712
20,0.622795,2.64817,-0.521531
20,0.609605,2.55873,-0.755316
20,0.65687,2.71137,-0.366774
20,0.603693,2.63465,-0.557444
20,0.4805,2.55905,-0.733075
20,0.638436,2.58087,-0.722723
20,0.685909,2.54955,-0.825501
20,0.500566,2.53502,-0.827131
20,0.668072,2.57814,-0.751359
20,0.527428,2.53552,-0.834764
20,0.636988,2.64131,-0.58249
20,0.608621,2.56267,-0.788929
20,0.676067,2.65798,-0.562066
20,0.646473,2.58079,-0.792364
20,0.652869,2.59444,-0.763958
20,0.67544,2.6403,-0.658537
20,0.664994,2.62542,-0.698963
20,0.682604,2.59955,-0.772664
20,0.654289,2.58455,-0.849857
20,0.691369,2.65168,-0.698205
20,0.694471,2.61847,-0.812758
20,0.149105,1.64842,-0.114117
19,0.149105,1.64842,-0.114117
20,0.478372,2.61071,-0.535007
19,0.478372,2.61071,-0.535007
20,-0.700238,2.44596,0.541142
19,-0.700238,2.44596,0.541142
20,-0.676573,2.39648,0.459259
19,-0.676573,2.39648,0.459259
20,-0.768924,2.73038,-0.0862467
19,-0.768924,2.73038,-0.0862467
20,0.485977,2.69421,-0.387189
19,0.485977,2.69421,-0.387189
20,-0.716459,2.40369,0.212755
19,-0.716459,2.40369,0.212755
20,-0.716677,2.41249,0.208985
19,-0.716677,2.41249,0.208985
20,-0.685201,2.49538,0.516422
19,-0.685201,2.49538,0.516422
20,0.475677,2.66947,-0.377611
19,0.475677,2.66947,-0.377611
20,-1.2023,2.4644,-0.0203369
19,-1.2023,2.4644,-0.0203369
20,-1.55429,2.42835,-0.0311969
19,-1.55429,2.42835,-0.0311969
20,-0.683879,2.44011,0.527579
19,-0.683879,2.44011,0.527579
20,0.467836,2.62229,-0.43503
19,0.467836,2.62229,-0.43503
20,-1.69628,2.41049,-0.0316149
19,-1.69628,2.41049,-0.0316149
20,-0.953356,2.52324,-0.026906
19,-0.953356,2.52324,-0.026906
20,-0.460656,2.25348,0.552196
19,-0.460656,2.25348,0.552196
20,-1.6786,2.44915,0.0205824
19,-1.6786,2.44915,0.0205824
20,-1.87123,2.41956,1.00447
19,-1.87123,2.41956,1.00447
20,-0.690086,2.52131,0.0175189
19,-0.690086,2.52131,0.0175189
20,-0.773622,2.56056,-0.0152437
19,-0.773622,2.56056,-0.0152437
20,-0.776385,2.59024,-0.0174868
19,-0.776385,2.59024,-0.0174868
20,-0.764623,2.40402,0.0487773
19,-0.764623,2.40402,0.0487773
20,-0.428024,2.41442,0.0555598
19,-0.428024,2.41442,0.0555598
20,-0.714043,2.45221,0.0137155
19,-0.714043,2.45221,0.0137155
20,-1.20809,2.45734,0.0059444
19,-1.20809,2.45734,0.0059444
20,-1.11345,2.517,-0.0115728
19,-1.11345,2.517,-0.0115728
20,-0.450981,2.43855,0.531644
19,-0.450981,2.43855,0.531644
20,-1.07776,2.38041,0.0565467
19,-1.07776,2.38041,0.0565467
20,-1.08581,2.4189,0.0542662
19,-1.08581,2.4189,0.0542662
20,-1.37282,1.82677,0.223641
19,-1.37282,1.82677,0.223641
20,-1.73509,2.40445,0.00213252
19,-1.73509,2.40445,0.00213252
20,-1.59837,2.3289,-0.00132029
18,-1.59837,2.3289,-0.00132029
20,-0.290899,2.45608,0.163601
18,-0.290899,2.45608,0.163601
20,-1.809,2.4587,0.435621
18,-1.809,2.4587,0.435621
20,-1.67775,2.28662,1.02707
18,-1.67775,2.28662,1.02707
20,-1.51589,2.2654,0.0380788
18,-1.51589,2.2654,0.0380788
20,-1.51123,2.35283,0.0107934
18,-1.51123,2.35283,0.0107934
20,-1.53485,2.0504,0.111353
18,-1.53485,2.0504,0.111353
20,-1.47959,2.14367,0.088079
18,-1.47959,2.14367,0.088079
20,-1.71969,2.28704,0.0346899
18,-1.71969,2.28704,0.0346899
20,-0.662595,2.41582,0.583752
17,-0.662595,2.41582,0.583752
20,-0.701432,2.46196,0.584713
17,-0.701432,2.46196,0.584713
20,-0.718371,2.45826,0.160494
17,-0.718371,2.45826,0.160494
20,-1.15658,2.41027,0.366308
17,-1.15658,2.41027,0.366308
20,0.284533,2.16795,-0.228127
17,0.284533,2.16795,-0.228127
20,-1.67244,2.37246,-0.0161225
17,-1.67244,2.37246,-0.0161225
20,-0.434769,2.62069,0.450695
17,-0.434769,2.62069,0.450695
20,-1.55208,2.35825,0.00128245
17,-1.55208,2.35825,0.00128245
20,-1.43128,2.0535,0.133838
17,-1.43128,2.0535,0.133838
20,0.519216,2.73486,-0.814507
9,0.519216,2.73486,-0.814507
20,0.539252,2.55637,-0.654574
9,0.539252,2.55637,-0.654574
20,0.414478,2.53992,-0.594314
9,0.414478,2.53992,-0.594314
20,0.648824,2.79714,-0.761692
9,0.648824,2.79714,-0.761692
20,0.621743,2.76448,-0.676664
9,0.621743,2.76448,-0.676664
20,0.495186,2.74733,-0.613067
9,0.495186,2.74733,-0.613067
20,0.322389,2.61262,-0.416765
9,0.322389,2.61262,-0.416765
20,0.646512,3.09789,-0.834484
9,0.646512,3.09789,-0.834484
20,-0.549949,3.74275,-0.257455
9,-0.549949,3.74275,-0.257455
20,-0.669174,2.42532,0.0386105
9,-0.669174,2.42532,0.0386105
20,1.02448,3.72854,-1.34435
11,1.02448,3.72854,-1.34435
20,0.345055,2.52752,-0.707928
11,0.345055,2.52752,-0.707928
20,0.896412,3.48033,-1.20668
11,0.896412,3.48033,-1.20668
20,0.342741,2.48885,-0.776014
11,0.342741,2.48885,-0.776014
20,0.431322,2.48365,-0.812699
11,0.431322,2.48365,-0.812699
20,0.410359,2.52733,-0.651185
11,0.410359,2.52733,-0.651185
20,-0.720452,2.47545,0.101784
11,-0.720452,2.47545,0.101784
20,-1.56849,2.30703,0.0225735
11,-1.56849,2.30703,0.0225735
20,-1.49538,2.07492,0.0951736
11,-1.49538,2.07492,0.0951736
20,0.512707,2.99838,-0.755724
8,0.512707,2.99838,-0.755724
20,0.649043,2.62647,-0.516086
8,0.649043,2.62647,-0.516086
20,0.264066,2.2267,-0.390126
8,0.264066,2.2267,-0.390126
20,0.265648,2.43828,-0.700165
8,0.265648,2.43828,-0.700165
20,0.762344,3.19439,-1.01065
10,0.762344,3.19439,-1.01065
20,0.320325,2.26068,-0.5558
10,0.320325,2.26068,-0.5558
20,0.401294,2.55567,-0.571722
10,0.401294,2.55567,-0.571722
20,0.460855,2.5629,-0.53775
10,0.460855,2.5629,-0.53775
20,-1.95212,2.38641,0.357742
10,-1.95212,2.38641,0.357742
20,-1.16128,2.4142,0.387787
16,-1.16128,2.4142,0.387787
20,-1.61566,2.31773,0.0695618
16,-1.61566,2.31773,0.0695618
20,-1.55055,2.19627,0.0538703
16,-1.55055,2.19627,0.0538703
20,-0.530761,2.37556,0.495836
14,-0.530761,2.37556,0.495836
21,-0.3315,0.997639,1.05333
21,-0.533852,2.40801,1.12252
21,-0.536362,2.40887,1.12379
21,-0.544525,2.40095,1.07862
21,-0.532229,2.40689,1.08965
21,-0.532327,2.40313,1.07804
21,-0.537385,2.41443,1.07583
21,0.439969,1.83682,-0.832478
21,0.45109,1.8377,-0.839742
21,-0.469234,2.50067,1.06789
21,-0.425466,2.51122,1.07659
21,-0.700591,2.50546,1.11839
21,-0.35024,2.46307,0.926317
21,-0.379061,2.48693,0.993876
21,-0.273746,2.53224,1.08786
21,-0.448518,2.51434,1.06736
21,-0.379752,2.48625,0.976613
21,-0.27177,2.54903,1.09189
21,-0.439415,2.51317,1.02568
21,-0.70775,2.53408,1.13548
21,-0.321254,2.43929,0.769941
21,-0.356365,2.49062,0.911442
21,-0.319865,2.55669,1.06726
21,-0.320124,2.44454,0.756447
21,-0.964739,2.50574,1.04036
21,-0.279967,2.58615,1.09145
21,-0.687586,2.50366,0.954141
21,0.35157,1.90769,-0.846447
21,0.285883,1.93224,-0.840014
21,-0.355657,2.44681,0.646513
21,-0.671621,2.46156,0.750884
21,-1.51087,2.3099,0.498169
21,-0.384222,2.47347,0.670881
21,-0.38473,2.47269,0.657418
21,-0.43001,2.46097,0.601555
21,-0.332101,2.4419,0.523123
21,-1.52644,2.33151,0.485968
21,-0.700029,2.46925,0.656857
21,0.382272,1.98251,-0.866338
21,0.248679,1.97912,-0.85783
21,0.0609251,1.96259,-0.871601
21,0.381943,1.99334,-0.86757
21,1.35876,2.83978,1.12301
21,0.197548,1.99855,-0.84227
21,-0.40733,2.50473,0.599841
21,1.41135,2.8529,1.09575
21,1.39072,2.8781,1.1328
21,0.284046,2.03017,-0.861294
21,0.298389,2.03237,-0.869771
21,-0.689269,2.4743,0.510299
21,-0.741403,2.46206,0.485222
21,-0.686867,2.4553,0.455171
21,0.23931,2.05013,-0.852065
21,-0.691425,2.44917,0.38645
21,-0.696791,2.45636,0.380087
21,-0.750488,2.48833,0.47495
21,-0.684796,2.50368,0.484662
21,-0.387228,2.45781,0.265416
21,-0.370377,2.45198,0.236449
21,-0.37088,2.44951,0.218914
21,-0.707178,2.4825,0.372976
21,-1.44788,2.30271,0.0432736
21,-0.389529,2.48285,0.270504
21,-0.54,2.53946,0.442043
21,-0.372813,2.49517,0.284285
21,-0.439112,2.5572,0.4444
21,-0.298442,2.46625,0.167551
21,-0.516575,2.56031,0.445671
21,0.0329449,2.11638,-0.843955
21,-0.375393,2.46733,0.168511
21,-0.450529,2.57164,0.448569
21,-0.726388,2.46603,0.210909
21,-0.443761,2.50949,0.255199
21,-1.53194,2.32768,0.00585884
21,-1.17461,2.36805,0.0255442
21,-1.49141,2.33509,0.00772589
21,-0.594105,2.43028,0.0473701
21,-1.06882,2.38647,0.0214396
21,-0.53734,2.61449,0.496299
21,-0.46413,2.59748,0.433106
21,-1.55276,2.36543,0.057911
21,-1.19833,2.38634,0.0300612
21,-1.09084,2.40192,0.0457903
21,-0.646709,2.48612,0.168844
21,-0.48049,2.56196,0.329688
21,-0.745288,2.48041,0.158448
21,-0.732417,2.48593,0.164037
21,-1.59351,2.36642,0.0194253
21,-0.372536,2.4711,0.0208835
21,-0.730202,2.48413,0.1136
21,-0.773147,2.47044,0.0853532
21,-0.639757,2.48956,0.103911
21,-1.60287,2.3748,0.0122652
21,-0.426336,2.49589,0.0711919
21,-1.65783,2.35864,-0.0196999
21,-1.18145,2.40771,-0.00221407
21,-0.477761,2.65073,0.475329
21,-0.448813,2.49151,0.0499374
21,-0.72627,2.48698,0.0932512
21,-0.772079,2.47279,0.0613255
21,-0.732422,2.47669,0.0593408
21,-0.772873,2.46134,0.0267499
21,-0.73204,2.49294,0.099929
21,-0.470527,2.65946,0.472589
21,-0.473091,2.65877,0.469113
21,-0.689513,2.49207,0.0764223
21,-1.67517,2.39822,0.0312454
21,-1.76341,2.37702,-0.00647634
21,-0.638527,2.47563,0.00512409
21,0.0163157,2.21298,-0.848846
21,-0.501939,2.60571,0.298294
21,-0.719494,2.47544,-0.000353217
21,-1.58252,2.39857,-0.0173017
21,-1.57322,2.41064,0.001459
21,-1.58619,2.41899,0.014113
21,-0.926508,2.47302,0.0046286
21,-0.703999,2.49842,0.0104066
21,-1.73705,2.40181,-0.0169294
21,-0.431944,2.53408,0.0144597
21,-1.10933,2.47223,-0.00269693
21,-1.9121,2.39745,-0.0332461
21,-1.88961,2.58763,0.396582
21,-0.683223,2.53826,-0.000307739
21,-0.522808,2.55319,0.000260949
21,-0.968931,2.50914,-0.0281692
21,-0.510409,2.55842,-0.00186825
21,-1.95339,2.42093,-0.0561634
21,0.260058,2.50793,-0.401973
21,0.328522,2.51483,-0.405823
21,0.263869,2.49838,-0.52632
21,0.248326,2.54735,-0.417002
21,0.340637,2.59472,-0.354405
21,0.2882,2.43431,-0.780993
21,0.253045,2.55665,-0.465068
21,0.28974,2.5712,-0.446632
21,0.353138,2.58584,-0.426786
21,0.269184,2.55465,-0.490471
21,0.372817,2.59012,-0.421792
21,0.314736,2.59183,-0.407895
21,0.239923,2.60168,-0.366073
21,0.280188,2.57886,-0.438891
21,0.267987,2.4987,-0.654423
21,0.315442,2.58819,-0.43524
21,0.454105,2.5285,-0.623056
21,0.524849,2.63306,-0.364258
21,0.380895,2.59831,-0.426111
21,0.301956,2.56775,-0.490404
21,0.321897,2.57887,-0.46701
21,0.395009,2.62195,-0.372602
21,0.436565,2.61587,-0.400315
21,0.331893,2.51977,-0.63109
21,0.489975,2.6243,-0.390821
21,0.301844,2.55018,-0.547291
21,0.347976,2.57528,-0.491373
21,0.408045,2.61112,-0.410917
21,0.30032,2.5491,-0.551441
21,0.298539,2.49025,-0.710891
21,0.380973,2.57071,-0.517322
21,0.547801,2.64704,-0.355293
21,0.399132,2.52029,-0.657322
21,0.50358,2.60854,-0.450195
21,0.415141,2.60834,-0.431481
21,0.437033,2.59898,-0.461899
21,0.450825,2.5394,-0.62468
21,0.361781,2.56239,-0.546855
21,0.328658,2.5463,-0.582418
21,0.434593,2.59125,-0.488741
21,0.501134,2.62828,-0.40692
21,0.38262,2.5892,-0.48754
21,0.367332,2.52301,-0.658734
21,0.296506,2.58789,-0.473351
21,0.462925,2.59842,-0.482932
21,0.611046,2.62379,-0.449026
21,0.415516,2.59235,-0.489314
21,0.373715,2.51488,-0.684006
21,0.352324,2.61466,-0.416938
21,0.28031,2.45496,-0.82153
21,0.308595,2.51775,-0.663269
21,0.274028,2.45733,-0.815298
21,0.303156,2.54768,-0.584791
21,0.435756,2.60435,-0.466262
21,0.389225,2.538,-0.633084
21,0.387725,2.58275,-0.516963
21,0.451952,2.53458,-0.658061
21,0.627709,2.6398,-0.420316
21,0.574805,2.65791,-0.361804
21,0.421494,2.55463,-0.602281
21,0.383222,2.58041,-0.527275
21,0.297736,2.60399,-0.446516
21,0.387421,2.56438,-0.57107
21,0.390031,2.54887,-0.612473
21,0.310632,2.52104,-0.668386
21,0.39737,2.53278,-0.657148
21,0.271056,2.46277,-0.814678
21,0.309263,2.4766,-0.788158
21,0.388705,2.59591,-0.492126
21,0.407589,2.59722,-0.492873
21,0.422618,2.57752,-0.548064
21,0.388747,2.54065,-0.639271
21,0.463713,2.62615,-0.432121
21,0.309261,2.50993,-0.704092
21,0.447969,2.54758,-0.635763
21,0.369632,2.55179,-0.608237
21,0.555451,2.62356,-0.46204
21,0.460589,2.52872,-0.69092
21,0.38342,2.56374,-0.58515
21,0.5519,2.66417,-0.358432
21,0.472671,2.64093,-0.404446
21,0.556601,2.64015,-0.42645
21,0.566037,2.60615,-0.519449
21,0.621341,2.61289,-0.514293
21,0.614694,2.60554,-0.53408
21,0.460543,2.50436,-0.767252
21,0.547692,2.63737,-0.436351
21,0.472298,2.61767,-0.472025
21,0.359397,2.53585,-0.662878
21,0.425653,2.54049,-0.665529
21,0.560421,2.66133,-0.378328
21,0.477319,2.65661,-0.373252
21,0.429296,2.54268,-0.663222
21,0.360377,2.55804,-0.608999
21,0.479456,2.58133,-0.577286
21,0.41729,2.60524,-0.500869
21,0.310601,2.47381,-0.826605
21,0.367417,2.51919,-0.722103
21,0.376641,2.51908,-0.72506
21,0.591245,2.64892,-0.431109
21,0.480147,2.5866,-0.571315
21,0.573889,2.56209,-0.656485
21,0.319477,2.4922,-0.788001
21,0.431931,2.54856,-0.666898
21,0.530226,2.65415,-0.411408
21,0.376082,2.48883,-0.813285
21,0.431291,2.52654,-0.726543
21,0.62305,2.58879,-0.608707
21,0.543594,2.57218,-0.635343
21,0.404164,2.51639,-0.761791
21,0.463763,2.5233,-0.758252
21,0.594094,2.63592,-0.491053
21,0.587865,2.68078,-0.373471
21,0.565601,2.60026,-0.583728
21,0.608186,2.6819,-0.381477
21,0.66014,2.69433,-0.361392
21,0.404768,2.51315,-0.782952
21,0.404538,2.50038,-0.817331
21,0.538942,2.61112,-0.558267
21,0.457361,2.53316,-0.749324
21,0.650702,2.62598,-0.548627
21,0.298084,2.50672,-0.787406
21,0.626808,2.63771,-0.517597
21,0.590265,2.57,-0.687832
21,0.602771,2.60171,-0.607291
21,0.380871,2.5095,-0.801274
21,0.605914,2.5699,-0.694971
21,0.609816,2.56157,-0.720508
21,0.628067,2.61039,-0.604776
21,0.662135,2.62521,-0.575757
21,0.655851,2.64159,-0.531747
21,0.634075,2.66996,-0.453608
21,0.48794,2.5343,-0.783544
21,0.443013,2.51434,-0.830507
21,0.608022,2.56877,-0.725155
21,0.555464,2.54258,-0.783007
21,0.669779,2.62736,-0.585736
21,0.59533,2.53777,-0.80767
21,0.325339,2.50594,-0.833243
21,0.653872,2.67143,-0.471058
21,0.563471,2.53074,-0.821964
21,0.636605,2.59833,-0.666382
21,0.636137,2.58413,-0.703839
21,0.502452,2.55202,-0.761518
21,0.6551,2.68283,-0.451177
21,0.678302,2.59409,-0.694466
21,0.46878,2.52767,-0.823782
21,0.582816,2.55925,-0.765796
21,0.523234,2.55651,-0.764358
21,0.638227,2.61007,-0.650468
21,0.664747,2.65065,-0.556137
21,0.687497,2.57032,-0.781868
21,0.638152,2.61841,-0.646581
21,0.664353,2.60543,-0.688369
21,0.668378,2.6554,-0.557936
21,0.521515,2.56697,-0.760004
21,0.580439,2.59633,-0.699975
21,0.668386,2.62538,-0.651951
21,0.639964,2.5693,-0.795659
21,0.678383,2.56053,-0.829416
21,0.679041,2.57367,-0.797376
21,0.692813,2.5714,-0.839428
21,0.672407,2.63178,-0.676881
21,0.575454,2.93545,-0.866961
20,0.575454,2.93545,-0.866961
21,0.529776,2.966,-1.00544
20,0.529776,2.966,-1.00544
21,0.507147,2.59811,-0.590102
20,0.507147,2.59811,-0.590102
21,0.599683,2.61246,-0.40515
20,0.599683,2.61246,-0.40515
21,0.627627,2.6157,-0.584363
20,0.627627,2.6157,-0.584363
21,-1.16084,2.3954,0.516781
20,-1.16084,2.3954,0.516781
21,0.416455,2.29267,-0.291281
20,0.416455,2.29267,-0.291281
21,-0.711286,2.52965,-0.0061193
20,-0.711286,2.52965,-0.0061193
21,-1.65965,2.44466,-0.0488093
20,-1.65965,2.44466,-0.0488093
21,0.372281,2.53253,-0.739141
20,0.372281,2.53253,-0.739141
21,-0.421808,2.53208,0.00974656
20,-0.421808,2.53208,0.00974656
21,-0.717887,2.42498,0.132268
20,-0.717887,2.42498,0.132268
21,-0.435658,2.28383,0.337385
20,-0.435658,2.28383,0.337385
21,-1.66507,2.34204,-0.000679222
20,-1.66507,2.34204,-0.000679222
21,0.431405,2.58454,-0.436618
20,0.431405,2.58454,-0.436618
21,-0.449142,2.26852,0.765503
20,-0.449142,2.26852,0.765503
21,-1.68588,2.2331,1.07118
20,-1.68588,2.2331,1.07118
21,-0.435251,2.25367,0.346288
20,-0.435251,2.25367,0.346288
21,-1.05058,2.43321,1.13933
20,-1.05058,2.43321,1.13933
21,-1.22567,2.50459,-0.0119603
20,-1.22567,2.50459,-0.0119603
21,-0.446287,2.23282,0.755274
20,-0.446287,2.23282,0.755274
21,-0.449934,2.29345,0.764951
20,-0.449934,2.29345,0.764951
21,-0.53182,2.55458,0.507624
20,-0.53182,2.55458,0.507624
21,-1.56342,2.07429,0.11991
20,-1.56342,2.07429,0.11991
21,-0.445331,2.18986,0.759453
20,-0.445331,2.18986,0.759453
21,-0.448247,2.23766,0.766978
20,-0.448247,2.23766,0.766978
21,-1.59332,2.13035,0.100321
20,-1.59332,2.13035,0.100321
21,-1.18777,2.38688,0.0179233
20,-1.18777,2.38688,0.0179233
21,-1.20764,2.44772,0.0109669
20,-1.20764,2.44772,0.0109669
21,-1.37314,2.04033,0.125308
20,-1.37314,2.04033,0.125308
21,-1.73682,2.30145,1.07325
20,-1.73682,2.30145,1.07325
21,0.327771,2.60984,-0.379406
20,0.327771,2.60984,-0.379406
21,-1.74549,2.31711,1.07144
20,-1.74549,2.31711,1.07144
21,0.62661,2.50704,-0.627492
20,0.62661,2.50704,-0.627492
21,-1.6515,2.1716,1.12471
20,-1.6515,2.1716,1.12471
21,-1.16469,2.42833,0.537559
19,-1.16469,2.42833,0.537559
21,-0.372511,2.42598,0.974975
19,-0.372511,2.42598,0.974975
21,0.595279,2.84584,-0.608397
19,0.595279,2.84584,-0.608397
21,0.891435,3.95529,-1.31257
19,0.891435,3.95529,-1.31257
21,0.472267,2.52887,-0.754342
19,0.472267,2.52887,-0.754342
21,0.387691,2.55915,-0.537265
19,0.387691,2.55915,-0.537265
21,0.458718,2.59232,-0.586107
19,0.458718,2.59232,-0.586107
21,0.461094,2.53721,-0.650768
19,0.461094,2.53721,-0.650768
21,0.529985,2.54337,-0.723397
19,0.529985,2.54337,-0.723397
21,0.574032,2.64741,-0.44442
19,0.574032,2.64741,-0.44442
21,-1.62142,2.32759,0.0619703
19,-1.62142,2.32759,0.0619703
21,-1.46387,2.05139,0.117202
19,-1.46387,2.05139,0.117202
21,-0.461486,2.35427,1.02212
19,-0.461486,2.35427,1.02212
21,-1.76299,2.35577,1.10167
19,-1.76299,2.35577,1.10167
21,-0.539002,2.44833,1.03105
19,-0.539002,2.44833,1.03105
21,0.452226,2.45859,-0.53224
9,0.452226,2.45859,-0.53224
21,0.492604,2.58392,-0.514418
9,0.492604,2.58392,-0.514418
21,0.304124,2.22495,-0.451036
9,0.304124,2.22495,-0.451036
21,-0.327973,2.40017,0.525243
9,-0.327973,2.40017,0.525243
21,0.435459,2.54396,-0.493792
9,0.435459,2.54396,-0.493792
21,0.440629,2.58197,-0.4498
9,0.440629,2.58197,-0.4498
21,0.622877,3.03014,-0.823932
18,0.622877,3.03014,-0.823932
21,-1.01237,2.38004,0.150263
18,-1.01237,2.38004,0.150263
21,-1.54264,2.40471,-0.0250518
18,-1.54264,2.40471,-0.0250518
21,-1.5535,2.44176,-0.0394088
18,-1.5535,2.44176,-0.0394088
21,0.324572,2.49554,-0.587451
18,0.324572,2.49554,-0.587451
21,-0.486093,2.32987,0.975713
18,-0.486093,2.32987,0.975713
21,0.261676,2.55861,-0.36911
18,0.261676,2.55861,-0.36911
21,-1.79002,2.40623,0.449415
18,-1.79002,2.40623,0.449415
21,-1.97135,2.52765,0.46612
18,-1.97135,2.52765,0.46612
21,0.75924,3.35991,-0.942272
11,0.75924,3.35991,-0.942272
21,0.986332,3.96518,-1.36905
11,0.986332,3.96518,-1.36905
21,0.334851,2.50844,-0.696207
11,0.334851,2.50844,-0.696207
21,-0.457818,2.54643,0.209567
11,-0.457818,2.54643,0.209567
21,0.33468,2.517,-0.655956
8,0.33468,2.517,-0.655956
21,0.58516,2.61167,-0.476987
8,0.58516,2.61167,-0.476987
21,0.343791,2.49902,-0.781714
8,0.343791,2.49902,-0.781714
21,0.506402,2.45622,-0.524626
8,0.506402,2.45622,-0.524626
21,0.540455,2.97493,-0.779613
8,0.540455,2.97493,-0.779613
21,0.50296,2.62759,-0.46452
8,0.50296,2.62759,-0.46452
21,-0.35298,1.70328,0.724976
8,-0.35298,1.70328,0.724976
21,0.432798,2.5355,-0.5297
8,0.432798,2.5355,-0.5297
21,0.268142,2.54871,-0.500197
8,0.268142,2.54871,-0.500197
21,0.463359,2.68549,-0.462449
8,0.463359,2.68549,-0.462449
21,-0.286152,2.43971,0.169231
10,-0.286152,2.43971,0.169231
21,0.518637,2.55079,-0.693087
10,0.518637,2.55079,-0.693087
21,0.272308,2.54195,-0.477635
10,0.272308,2.54195,-0.477635
21,0.377715,2.52494,-0.527822
10,0.377715,2.52494,-0.527822
21,0.444593,2.50667,-0.662822
10,0.444593,2.50667,-0.662822
21,0.430832,2.4989,-0.575047
10,0.430832,2.4989,-0.575047
21,-0.662755,2.42505,0.682124
17,-0.662755,2.42505,0.682124
21,-0.662507,2.41512,0.677327
17,-0.662507,2.41512,0.677327
21,-0.459482,2.47638,0.287092
17,-0.459482,2.47638,0.287092
21,-0.388659,2.62344,0.0358379
17,-0.388659,2.62344,0.0358379
21,0.428287,2.58582,-0.34357
17,0.428287,2.58582,-0.34357
21,0.612726,2.59969,-0.497994
16,0.612726,2.59969,-0.497994
21,-0.381936,2.42222,0.548598
16,-0.381936,2.42222,0.548598
21,0.515344,2.55177,-0.697547
7,0.515344,2.55177,-0.697547
21,0.560603,2.53353,-0.826106
7,0.560603,2.53353,-0.826106
21,0.398443,2.81802,-0.618832
7,0.398443,2.81802,-0.618832
21,0.507619,2.97622,-0.816204
7,0.507619,2.97622,-0.816204
21,0.589315,3.12007,-1.02789
7,0.589315,3.12007,-1.02789
21,0.648805,2.60272,-0.598582
7,0.648805,2.60272,-0.598582
21,0.420573,2.51199,-0.711591
7,0.420573,2.51199,-0.711591
21,0.3277,2.50375,-0.531902
7,0.3277,2.50375,-0.531902
21,-0.573193,2.98983,0.673842
15,-0.573193,2.98983,0.673842
21,-0.584549,3.02676,0.69668
15,-0.584549,3.02676,0.69668
21,-0.945561,2.44306,1.03378
15,-0.945561,2.44306,1.03378
21,-0.347302,2.44263,0.114669
15,-0.347302,2.44263,0.114669
21,-0.370621,2.39958,0.240848
15,-0.370621,2.39958,0.240848
22,-1.03852,2.38022,1.27708
22,-1.71883,2.27416,1.03585
22,-1.72049,2.28034,1.03908
22,-0.504568,2.3595,0.838442
22,-0.510158,2.36248,0.833435
22,-0.511126,2.37233,0.841146
22,-0.511371,2.38353,0.843699
22,-0.683713,2.45218,1.00044
22,-0.547291,2.47417,1.02293
22,-0.531345,2.47607,1.00419
22,-0.700204,2.49379,1.07666
22,-0.534086,2.46106,0.94093
22,-0.552105,2.49803,1.03325
22,0.345346,1.90424,-0.833977
22,-0.517776,2.41819,0.764563
22,-0.555522,2.52163,1.04854
22,1.31964,2.72852,1.12812
22,-0.280415,2.58739,1.12625
22,-0.524803,2.43758,0.77197
22,1.31346,2.74397,1.12971
22,-0.27888,2.58084,1.08959
22,-0.524214,2.43908,0.76867
22,0.418735,1.92813,-0.84717
22,-0.52648,2.4432,0.768337
22,-1.61257,2.31355,0.624258
22,0.368938,1.95913,-0.835064
22,0.288913,1.96236,-0.85907
22,-1.62648,2.33541,0.610746
22,0.236831,1.9799,-0.841972
22,1.37307,2.83377,1.13464
22,1.41449,2.84376,1.09444
22,1.38712,2.86356,1.1312
22,0.116394,2.0533,-0.828692
22,1.41929,2.88665,1.0847
22,-0.695445,2.47999,0.514685
22,-0.944398,2.45205,0.495641
22,-0.687072,2.51238,0.587884
22,0.229473,2.07437,-0.864108
22,-0.713988,2.49421,0.49497
22,-0.672631,2.4673,0.403629
22,-0.686163,2.50125,0.491993
22,-0.708252,2.48535,0.437105
22,-0.686829,2.51338,0.477624
22,-0.685515,2.49445,0.424645
22,-1.65966,2.26545,0.0446889
22,-0.680406,2.5094,0.428295
22,-0.726928,2.45225,0.244687
22,-1.6884,2.43783,0.436543
22,-1.82732,2.27339,0.0214841
22,-1.7002,2.28954,0.0324069
22,-1.71911,2.29002,0.0330217
22,-0.714863,2.50859,0.367091
22,-1.63411,2.30134,0.0274374
22,-1.6354,2.29802,0.0154335
22,-1.86201,2.27926,0.00665724
22,-0.655671,2.47661,0.233064
22,-0.726805,2.45454,0.189588
22,-1.51985,2.32312,0.0126184
22,-1.56969,2.32029,0.016086
22,-1.57041,2.31614,0.00435352
22,-1.69363,2.3252,0.0396735
22,-1.63606,2.3483,0.0505732
22,-1.85518,2.31337,0.00870121
22,-0.660756,2.50502,0.222603
22,-1.89255,2.30538,-0.00585222
22,-1.67701,2.33621,0.0136591
22,-1.49053,2.35764,0.0162991
22,-0.650485,2.49873,0.178167
22,-1.58029,2.35684,0.0206571
22,-1.59272,2.35697,0.0171876
22,0.0093073,2.19808,-0.83144
22,-0.742282,2.49519,0.150325
22,-1.50743,2.37094,0.00720537
22,-1.63932,2.52348,0.443643
22,-1.10683,2.42464,0.041332
22,-1.19372,2.40948,0.014966
22,-0.74646,2.50118,0.132222
22,-1.56806,2.38455,0.0238698
22,-1.0703,2.42755,0.00604117
22,-0.666958,2.47195,0.0101316
22,-1.20262,2.42658,0.0211381
22,-1.19105,2.42046,-0.00146878
22,-1.24916,2.41924,0.00243723
22,-0.703037,2.48564,-0.000487804
22,-0.777928,2.49833,0.0196791
22,-0.671666,2.50075,-0.00345278
22,-1.22069,2.44428,-0.0244039
22,-0.437588,2.54017,0.0348638
22,-0.37262,2.5544,0.0262341
22,-1.2136,2.46657,0.000835538
22,-0.382424,2.54542,-0.00219822
22,-0.36618,2.56829,0.00578332
22,-0.382037,2.56905,0.00624657
22,-1.12208,2.50267,-0.0167675
22,-0.447579,2.58227,0.00420165
22,-0.442672,2.77116,0.471707
22,0.253462,2.54591,-0.360162
22,0.425957,2.57965,-0.33879
22,0.274247,2.55516,-0.369963
22,0.421836,2.58713,-0.338419
22,0.250611,2.54441,-0.413294
22,0.310441,2.58197,-0.350019
22,0.256293,2.57961,-0.363994
22,0.26108,2.52821,-0.504086
22,0.520914,2.61143,-0.347474
22,0.253562,2.52004,-0.528625
22,0.424985,2.60433,-0.345209
22,0.255305,2.58344,-0.365938
22,0.26131,2.48237,-0.640116
22,0.410127,2.59407,-0.384821
22,0.287987,2.59053,-0.370903
22,0.263398,2.54995,-0.479754
22,0.570794,2.63099,-0.345769
22,0.392974,2.60997,-0.363282
22,0.242664,2.59961,-0.35634
22,0.2747,2.44413,-0.791371
22,0.316205,2.56356,-0.481993
22,0.298396,2.49869,-0.657092
22,0.510514,2.6195,-0.387702
22,0.540726,2.63802,-0.345942
22,0.268043,2.50067,-0.647597
22,0.511613,2.63169,-0.357269
22,0.271916,2.52081,-0.596958
22,0.406774,2.61728,-0.371933
22,0.46109,2.59534,-0.446838
22,0.560015,2.62877,-0.381832
22,0.319642,2.59097,-0.423506
22,0.352343,2.54359,-0.563063
22,0.284815,2.47255,-0.740906
22,0.29088,2.56858,-0.483914
22,0.321493,2.59185,-0.429053
22,0.383419,2.58639,-0.460256
22,-0.582642,2.81122,0.389323
22,0.379562,2.5568,-0.539825
22,0.407871,2.54254,-0.585917
22,0.462942,2.60892,-0.422447
22,0.607955,2.62729,-0.409903
22,0.329718,2.58405,-0.456965
22,0.391792,2.62101,-0.373246
22,0.464137,2.61195,-0.418225
22,0.32368,2.57351,-0.486409
22,0.490622,2.60657,-0.44874
22,0.544346,2.63213,-0.395262
22,0.28165,2.4897,-0.714046
22,0.472093,2.57315,-0.537692
22,0.368374,2.52077,-0.653006
22,0.391828,2.55204,-0.574887
22,0.356992,2.58222,-0.486592
22,0.498132,2.592,-0.499629
22,0.332187,2.54086,-0.596232
22,0.442431,2.59309,-0.483933
22,0.492273,2.61835,-0.428593
22,0.560422,2.64063,-0.39002
22,0.610724,2.6433,-0.39632
22,0.393898,2.57789,-0.518236
22,0.518595,2.60542,-0.475789
22,0.554547,2.61905,-0.449055
22,0.493488,2.48798,-0.788321
22,0.554833,2.61104,-0.472821
22,0.280807,2.49477,-0.717432
22,0.417923,2.58346,-0.513332
22,0.50219,2.63385,-0.401812
22,0.572136,2.6291,-0.433139
22,0.360018,2.55646,-0.576474
22,-0.486195,2.85621,0.443186
22,0.369717,2.63098,-0.3804
22,0.348784,2.58969,-0.487513
22,0.504931,2.5947,-0.513921
22,0.394344,2.52168,-0.683394
22,0.298517,2.562,-0.550569
22,0.503941,2.58694,-0.536347
22,0.488461,2.64702,-0.372804
22,0.419462,2.5652,-0.576203
22,0.438278,2.61009,-0.460509
22,0.38127,2.48103,-0.794366
22,0.452387,2.54914,-0.629531
22,0.333891,2.50562,-0.718577
22,0.468637,2.61402,-0.460834
22,0.616011,2.63003,-0.455827
22,0.355175,2.57945,-0.526736
22,0.365882,2.55214,-0.604273
22,0.404693,2.48158,-0.80473
22,0.337656,2.50484,-0.72587
22,0.517387,2.59347,-0.533405
22,0.413568,2.60941,-0.465148
22,0.414978,2.56044,-0.598861
22,0.560038,2.59771,-0.535566
22,0.470471,2.62763,-0.43268
22,0.329212,2.56977,-0.553221
22,0.455689,2.51414,-0.735574
22,0.305876,2.56041,-0.577016
22,0.359859,2.55605,-0.603434
22,0.655195,2.67859,-0.349978
22,0.308131,2.51834,-0.696999
22,0.470957,2.57079,-0.597944
22,0.453798,2.52888,-0.706801
22,0.418078,2.584,-0.549626
22,0.553347,2.64405,-0.423874
22,0.524126,2.61933,-0.483666
22,0.529475,2.60048,-0.536067
22,0.46868,2.61299,-0.487043
22,0.340027,2.50396,-0.748541
22,0.457918,2.53026,-0.709371
22,0.616234,2.60706,-0.54295
22,0.45122,2.53866,-0.686975
22,0.333524,2.53421,-0.671238
22,0.527022,2.64085,-0.432999
22,0.358883,2.48912,-0.799468
22,0.535897,2.58909,-0.574821
22,0.482841,2.54149,-0.689785
22,0.565356,2.58533,-0.593247
22,0.515458,2.50194,-0.806494
22,0.561579,2.60612,-0.537453
22,0.509883,2.55904,-0.651297
22,0.462048,2.5413,-0.69209
22,0.484643,2.55475,-0.661543
22,0.514032,2.54033,-0.70844
22,0.377842,2.51485,-0.74307
22,0.584696,2.63264,-0.478333
22,0.566702,2.54437,-0.712692
22,0.476307,2.6105,-0.512857
22,0.375006,2.52313,-0.72377
22,0.627043,2.6257,-0.517919
22,0.405726,2.58815,-0.56671
22,0.623198,2.57525,-0.657475
22,0.343564,2.49231,-0.8107
22,0.321031,2.4998,-0.787171
22,0.610355,2.6522,-0.451138
22,0.488632,2.52336,-0.770693
22,0.54543,2.53825,-0.745102
22,0.645991,2.66511,-0.429387
22,0.61908,2.64216,-0.484827
22,0.491252,2.54334,-0.718992
22,0.320042,2.50263,-0.785989
22,0.41154,2.51138,-0.788731
22,0.64178,2.58189,-0.657327
22,0.526712,2.52822,-0.776597
22,0.580972,2.64107,-0.486987
22,0.565942,2.57362,-0.666864
22,0.43129,2.50381,-0.821207
22,0.599561,2.59035,-0.632417
22,0.543637,2.56272,-0.693064
22,0.602195,2.54981,-0.745188
22,0.597665,2.63552,-0.513331
22,0.577001,2.53717,-0.773285
22,0.479725,2.5307,-0.771554
22,0.595312,2.60617,-0.599146
22,0.479264,2.52689,-0.785138
22,0.595407,2.60429,-0.607771
22,0.440389,2.51259,-0.818229
22,0.467133,2.56074,-0.698058
22,0.652735,2.64283,-0.523956
22,0.579849,2.62865,-0.544982
22,0.582521,2.57627,-0.689391
22,0.649596,2.63441,-0.552633
22,0.66233,2.64201,-0.546494
22,0.650759,2.61358,-0.620736
22,0.604893,2.5739,-0.717647
22,0.652642,2.65396,-0.518643
22,0.543907,2.56699,-0.726812
22,0.650121,2.68388,-0.441897
22,0.649899,2.66479,-0.495327
22,0.51686,2.57685,-0.698832
22,0.643957,2.63607,-0.571633
22,0.628889,2.63459,-0.58296
22,0.656101,2.63853,-0.58402
22,0.675208,2.55712,-0.81147
22,0.637803,2.56736,-0.776707
22,0.348083,2.52046,-0.830786
22,0.551251,2.54541,-0.825354
22,0.634764,2.592,-0.722521
22,0.465471,2.54378,-0.81046
22,0.665807,2.59636,-0.721626
22,0.635958,2.566,-0.800104
22,0.635586,2.56231,-0.813929
22,0.652977,2.60764,-0.698172
22,0.638392,2.62685,-0.644941
22,0.653791,2.68323,-0.500978
22,0.565279,2.55261,-0.830766
22,0.661816,2.64257,-0.615449
22,0.665151,2.58111,-0.796816
22,0.651288,2.5715,-0.820696
22,0.671206,2.658,-0.601802
22,0.651708,2.64849,-0.625092
22,0.593208,2.56798,-0.831124
22,0.678601,2.62129,-0.709874
22,0.56063,2.56914,-0.84697
22,0.672934,2.71308,-0.495035
22,0.691651,2.59024,-0.831748
22,0.672216,2.64782,-0.681273
22,0.582853,2.5824,-0.840842
22,1.48544,2.87715,-0.797906
22,0.478999,3.04242,-0.816431
21,0.478999,3.04242,-0.816431
22,0.322189,1.89833,-0.125347
21,0.322189,1.89833,-0.125347
22,0.496613,2.60445,-0.521429
21,0.496613,2.60445,-0.521429
22,0.251045,1.4882,0.0528381
21,0.251045,1.4882,0.0528381
22,0.319035,1.65256,-0.138063
21,0.319035,1.65256,-0.138063
22,1.04749,5.28724,-2.30283
21,1.04749,5.28724,-2.30283
22,0.487665,2.20965,-0.372619
21,0.487665,2.20965,-0.372619
22,0.590948,2.59055,-0.530207
21,0.590948,2.59055,-0.530207
22,0.259543,1.49695,-0.0330371
21,0.259543,1.49695,-0.0330371
22,0.265029,1.63566,-0.156999
21,0.265029,1.63566,-0.156999
22,0.555132,2.60721,-0.516584
21,0.555132,2.60721,-0.516584
22,0.756708,4.07365,-1.46132
21,0.756708,4.07365,-1.46132
22,0.683549,2.64807,-0.688781
21,0.683549,2.64807,-0.688781
22,-1.61373,2.31582,-0.00246016
21,-1.61373,2.31582,-0.00246016
22,0.454861,2.54977,-0.517075
21,0.454861,2.54977,-0.517075
22,-1.68777,2.37872,-0.0106757
21,-1.68777,2.37872,-0.0106757
22,-1.59294,2.42968,-0.000598998
21,-1.59294,2.42968,-0.000598998
22,-1.60975,2.30935,0.00310461
21,-1.60975,2.30935,0.00310461
22,0.271285,2.54007,-0.47432
21,0.271285,2.54007,-0.47432
22,0.349651,2.75503,-0.474889
21,0.349651,2.75503,-0.474889
22,-0.711109,2.41617,0.116454
21,-0.711109,2.41617,0.116454
22,-1.6114,2.31106,0.083197
21,-1.6114,2.31106,0.083197
22,-0.719897,2.47882,0.00551003
21,-0.719897,2.47882,0.00551003
22,-0.715236,2.43062,0.12456
21,-0.715236,2.43062,0.12456
22,-1.02016,2.67506,-0.0837463
21,-1.02016,2.67506,-0.0837463
22,-1.59302,2.27972,0.0883303
21,-1.59302,2.27972,0.0883303
22,0.54695,2.61815,-0.348148
21,0.54695,2.61815,-0.348148
22,-0.714637,2.54425,0.534555
20,-0.714637,2.54425,0.534555
22,0.336194,2.5168,-0.629615
20,0.336194,2.5168,-0.629615
22,0.469829,2.36284,-0.507139
20,0.469829,2.36284,-0.507139
22,0.456258,2.72406,-0.845071
20,0.456258,2.72406,-0.845071
22,0.348032,2.01088,-0.297797
20,0.348032,2.01088,-0.297797
22,0.793379,3.85382,-1.57132
20,0.793379,3.85382,-1.57132
22,0.544418,2.56918,-0.660042
20,0.544418,2.56918,-0.660042
22,0.298277,2.02301,-0.226826
20,0.298277,2.02301,-0.226826
22,0.608172,2.54754,-0.773629
20,0.608172,2.54754,-0.773629
22,0.306294,1.88491,-0.243093
20,0.306294,1.88491,-0.243093
22,0.685608,3.5475,-0.99634
20,0.685608,3.5475,-0.99634
22,0.308892,2.56959,-0.620102
20,0.308892,2.56959,-0.620102
22,-0.710451,2.5268,0.575347
20,-0.710451,2.5268,0.575347
22,0.449326,2.58092,-0.578299
20,0.449326,2.58092,-0.578299
22,-1.97702,3.01767,-0.279097
20,-1.97702,3.01767,-0.279097
22,-1.9517,2.96754,-0.259658
20,-1.9517,2.96754,-0.259658
22,-1.63976,2.55032,-0.0699033
20,-1.63976,2.55032,-0.0699033
22,-1.62823,2.32738,-0.00184942
20,-1.62823,2.32738,-0.00184942
22,-0.304503,2.22308,0.230405
20,-0.304503,2.22308,0.230405
22,0.551706,2.62772,-0.460716
9,0.551706,2.62772,-0.460716
22,0.360805,2.55224,-0.575874
8,0.360805,2.55224,-0.575874
22,0.31927,2.62836,-0.367271
8,0.31927,2.62836,-0.367271
22,0.638266,2.57713,-0.729622
8,0.638266,2.57713,-0.729622
22,0.546644,2.87829,-0.945716
11,0.546644,2.87829,-0.945716
22,0.268611,2.54847,-0.520257
11,0.268611,2.54847,-0.520257
22,-0.416194,2.41572,0.301334
11,-0.416194,2.41572,0.301334
22,-0.677511,2.44778,0.032387
11,-0.677511,2.44778,0.032387
22,0.448607,2.53203,-0.688138
10,0.448607,2.53203,-0.688138
22,0.369379,2.33165,-0.525186
10,0.369379,2.33165,-0.525186
22,0.409497,2.51848,-0.833692
7,0.409497,2.51848,-0.833692
22,0.395704,2.48996,-0.770385
7,0.395704,2.48996,-0.770385
22,0.598428,2.57234,-0.649353
7,0.598428,2.57234,-0.649353
22,0.593407,2.67447,-0.406721
7,0.593407,2.67447,-0.406721
22,0.341761,2.28638,-0.528159
7,0.341761,2.28638,-0.528159
22,0.276007,1.98599,-0.823827
7,0.276007,1.98599,-0.823827
22,0.588076,2.55619,-0.750252
18,0.588076,2.55619,-0.750252
22,-1.70149,2.338,1.0129
18,-1.70149,2.338,1.0129
22,0.411935,2.52747,-0.659453
17,0.411935,2.52747,-0.659453
22,0.530384,2.84349,-0.789167
16,0.530384,2.84349,-0.789167
22,-0.663045,2.42237,0.661848
16,-0.663045,2.42237,0.661848
22,0.258588,2.5277,-0.532393
15,0.258588,2.5277,-0.532393
23,-0.998158,2.41333,1.25496
23,1.2737,2.58991,1.12763
23,-1.0115,2.38196,1.06702
23,1.27694,2.64897,1.13054
23,1.37189,2.64453,1.08822
23,-0.994125,2.41832,1.02212
23,-0.53625,2.45419,0.989575
23,-0.56063,2.46252,1.01828
23,-0.546221,2.4792,1.03475
23,-0.564326,2.47714,1.02573
23,1.34924,2.68255,1.09123
23,1.3659,2.68559,1.09327
23,-0.562579,2.50453,1.03558
23,-0.308466,2.65376,1.36486
23,-0.316066,2.68838,1.36882
23,-0.281454,2.60561,1.08292
23,-0.318116,2.7236,1.37066
23,-0.284707,2.61463,1.01247
23,-0.290177,2.64405,1.09752
23,-0.289383,2.66024,1.09305
23,1.38881,2.82486,1.1369
23,-0.486677,2.63639,1.07012
23,-0.496867,2.63272,1.02413
23,-0.498871,2.64145,1.02779
23,1.99816,2.91511,1.11389
23,1.42055,2.8599,1.08504
23,-1.57607,2.27692,0.162821
23,1.42007,2.86717,1.08425
23,-0.269598,2.74047,1.09183
23,-1.65457,2.40612,0.452646
23,-1.03062,2.48452,0.515714
23,2.03762,2.97726,1.12574
23,-1.59758,2.29872,0.101808
23,2.10744,2.98984,1.10555
23,-1.58569,2.28802,0.0257523
23,-1.65533,2.29035,0.0483069
23,-1.65261,2.3025,0.034881
23,-1.55946,2.30868,0.0288821
23,2.13152,3.01595,1.11305
23,-1.53456,2.33847,0.0958916
23,-1.62824,2.32842,0.0770415
23,-1.59915,2.30918,0.0050317
23,-1.53102,2.34142,0.0674874
23,-1.48531,2.33555,0.0277106
23,-1.52267,2.32656,0.00576925
23,-1.61811,2.32781,0.00565803
23,-1.4996,2.34338,0.00866282
23,-1.47839,2.36035,0.0341693
23,-1.50469,2.3611,0.0228803
23,-1.5985,2.3597,0.026751
23,-1.55737,2.37436,0.0485506
23,-1.09591,2.41514,0.0440961
23,-1.54856,2.36202,0.00408506
23,-1.56696,2.37515,0.0386217
23,-0.737965,2.4838,0.138668
23,-0.918676,2.42931,0.0212021
23,-1.55954,2.36926,0.00913775
23,-1.54963,2.36764,0.00154626
23,-0.931651,2.43444,0.0332272
23,-0.735295,2.48746,0.124117
23,-1.19407,2.4195,0.0219085
23,-0.663076,2.46331,0.0122681
23,-1.19469,2.42062,0.00711572
23,-0.752354,2.511,0.150297
23,2.16663,3.10668,1.11374
23,-0.753216,2.50684,0.136192
23,-0.763951,2.52691,0.17111
23,-1.19166,2.42719,-0.00681102
23,-1.07507,2.44355,-0.0019722
23,-0.946717,2.46579,-0.00545514
23,-1.09769,2.45675,0.001791
23,-0.960539,2.46539,-0.011552
23,-1.20898,2.44864,-0.0141408
23,-0.369035,2.54438,0.0354183
23,-0.964806,2.47812,-0.0122454
23,-0.386171,2.53852,-0.00261128
23,-0.69583,2.52852,0.00161731
23,-0.705011,2.53234,-0.00955522
23,-1.13088,2.51482,-0.0109122
23,-0.439574,2.58624,-0.0062418
23,-0.441071,2.58648,-0.0181751
23,-0.453304,2.59031,-0.0193077
23,-0.464177,2.59437,-0.00865829
23,0.254005,2.50867,-0.515598
23,0.262315,2.47519,-0.628505
23,0.338269,2.58091,-0.346173
23,0.286099,2.51205,-0.532992
23,0.312612,2.58552,-0.341603
23,0.249355,2.5563,-0.411141
23,0.267495,2.52645,-0.504526
23,0.25915,2.57739,-0.361805
23,0.272634,2.56224,-0.41159
23,0.288682,2.54489,-0.47611
23,0.261969,2.54273,-0.484503
23,0.244159,2.58882,-0.35002
23,0.274561,2.58887,-0.368399
23,0.265582,2.57919,-0.397952
23,0.574857,2.62711,-0.339814
23,0.269971,2.485,-0.671466
23,0.562697,2.61836,-0.372556
23,0.279837,2.50749,-0.622972
23,0.270816,2.51881,-0.589365
23,0.294766,2.53177,-0.564724
23,0.37421,2.57953,-0.449627
23,0.402458,2.60117,-0.396233
23,0.375486,2.5909,-0.419209
23,0.293549,2.55216,-0.513161
23,0.549434,2.63542,-0.339827
23,0.327549,2.57655,-0.452889
23,0.326491,2.56926,-0.480659
23,0.321087,2.57065,-0.480134
23,0.406167,2.58091,-0.473453
23,0.334818,2.5636,-0.509678
23,0.343195,2.59722,-0.421809
23,0.298713,2.49462,-0.704205
23,0.43058,2.61602,-0.396263
23,0.329642,2.53778,-0.595175
23,0.402173,2.60576,-0.420786
23,0.493966,2.61634,-0.414423
23,0.384391,2.59323,-0.453222
23,0.547294,2.63212,-0.383588
23,0.410717,2.56857,-0.533363
23,0.32833,2.60639,-0.405788
23,0.36029,2.52534,-0.648474
23,0.548808,2.63213,-0.390682
23,0.314993,2.49264,-0.732634
23,0.553938,2.63178,-0.395053
23,0.525401,2.63154,-0.389683
23,0.338208,2.50345,-0.709784
23,0.458989,2.59524,-0.477737
23,0.415105,2.55232,-0.59117
23,0.394641,2.57706,-0.515586
23,0.584718,2.61804,-0.447422
23,0.349758,2.59258,-0.460828
23,0.310584,2.48963,-0.745869
23,0.448044,2.55728,-0.587477
23,0.586034,2.6294,-0.416771
23,0.515297,2.59851,-0.487523
23,0.383473,2.5887,-0.482698
23,0.467961,2.60623,-0.453922
23,0.385946,2.57013,-0.538194
23,0.422144,2.54723,-0.615351
23,0.32598,2.59104,-0.468238
23,0.485133,2.54261,-0.647171
23,0.493942,2.49553,-0.784196
23,0.447848,2.56794,-0.565417
23,0.308104,2.50428,-0.712859
23,0.316994,2.60333,-0.43186
23,0.507787,2.61502,-0.447477
23,0.46939,2.61988,-0.426003
23,0.34419,2.61529,-0.409613
23,0.502057,2.63318,-0.398714
23,0.398497,2.61366,-0.429476
23,0.438063,2.61899,-0.424632
23,0.364742,2.51306,-0.709185
23,0.571773,2.60297,-0.50446
23,0.330822,2.56774,-0.54442
23,0.376655,2.49269,-0.770855
23,0.274082,2.48206,-0.775985
23,0.414027,2.5329,-0.666162
23,0.350754,2.61669,-0.410564
23,0.371954,2.49269,-0.770775
23,0.388259,2.59342,-0.489136
23,0.337181,2.55669,-0.583041
23,0.346195,2.50001,-0.747615
23,0.40693,2.48611,-0.803935
23,0.34902,2.59241,-0.48753
23,0.573449,2.61765,-0.472131
23,0.403981,2.52841,-0.685014
23,0.355362,2.58001,-0.525346
23,0.46273,2.63151,-0.405533
23,0.442913,2.62226,-0.42834
23,0.299125,2.56645,-0.551908
23,0.48294,2.53697,-0.683126
23,0.417669,2.57963,-0.544697
23,0.580666,2.6396,-0.414755
23,0.342955,2.54121,-0.637124
23,0.517772,2.50119,-0.797988
23,0.458525,2.52884,-0.704813
23,0.330636,2.55913,-0.585925
23,0.296133,2.5983,-0.46563
23,0.397438,2.54076,-0.656307
23,0.622294,2.59477,-0.558831
23,0.547989,2.52632,-0.737168
23,0.409534,2.5107,-0.746958
23,0.464743,2.65013,-0.3624
23,0.418938,2.52458,-0.710382
23,0.523128,2.61496,-0.478196
23,0.528005,2.63475,-0.425421
23,0.55719,2.63954,-0.421451
23,0.355841,2.52033,-0.71182
23,0.569293,2.60919,-0.511966
23,0.339223,2.52318,-0.700182
23,0.488979,2.52311,-0.738479
23,0.484469,2.55162,-0.656073
23,0.624454,2.56827,-0.643915
23,0.39944,2.49235,-0.804597
23,0.562725,2.62003,-0.482138
23,0.333947,2.53449,-0.669229
23,0.398492,2.55197,-0.636122
23,0.566304,2.57236,-0.622382
23,0.299148,2.57261,-0.555663
23,0.310328,2.53419,-0.668551
23,0.304698,2.56443,-0.581045
23,0.534669,2.58063,-0.593425
23,0.344986,2.50976,-0.748847
23,0.517404,2.56672,-0.629886
23,0.55995,2.63013,-0.460908
23,0.407043,2.54346,-0.670342
23,0.54474,2.53279,-0.736923
23,0.532751,2.55896,-0.659308
23,0.453154,2.55292,-0.658088
23,0.520831,2.52916,-0.743254
23,0.555103,2.64485,-0.42427
23,0.459452,2.51057,-0.785021
23,0.30645,2.52635,-0.701682
23,0.468891,2.52732,-0.741013
23,0.453327,2.55524,-0.657767
23,0.389727,2.56996,-0.601648
23,0.591537,2.59902,-0.569706
23,0.592438,2.57303,-0.646264
23,0.346313,2.64705,-0.374949
23,0.538595,2.54822,-0.710224
23,0.627108,2.56771,-0.678791
23,0.463021,2.52794,-0.75219
23,0.58349,2.66496,-0.391381
23,0.464661,2.57713,-0.614003
23,0.59111,2.59543,-0.594792
23,0.509783,2.59331,-0.58093
23,0.634744,2.54312,-0.758126
23,0.313717,2.50466,-0.787667
23,0.353375,2.65922,-0.37414
23,0.454185,2.56817,-0.663132
23,0.492455,2.67231,-0.37771
23,0.514764,2.58204,-0.642659
23,0.436192,2.52687,-0.782132
23,0.372757,2.65873,-0.3893
23,0.344623,2.5075,-0.818468
23,0.609192,2.68363,-0.384126
23,0.519307,2.56533,-0.701191
23,0.315344,2.51464,-0.79672
23,0.601641,2.59589,-0.638064
23,0.571755,2.60559,-0.606097
23,0.617298,2.67193,-0.428173
23,0.541603,2.54151,-0.784072
23,0.615131,2.68581,-0.396852
23,0.617088,2.66998,-0.448641
23,0.584553,2.56203,-0.754641
23,0.636914,2.58179,-0.716087
23,0.31656,2.52415,-0.801665
23,0.641768,2.69166,-0.407145
23,0.592506,2.68755,-0.410992
23,0.611829,2.56987,-0.752721
23,0.531168,2.55148,-0.788171
23,0.537277,2.55528,-0.784163
23,0.633204,2.64431,-0.569493
23,0.587173,2.57583,-0.754121
23,0.625264,2.65793,-0.529016
23,0.639515,2.57995,-0.760136
23,0.588704,2.58912,-0.729351
23,0.654001,2.65861,-0.55208
23,0.439825,2.53948,-0.839452
23,0.580832,2.60379,-0.70519
23,0.47032,2.55203,-0.840133
23,0.647092,2.68013,-0.52041
23,0.66987,2.65628,-0.597074
23,0.633784,2.6476,-0.622393
23,0.642558,2.72311,-0.412853
23,0.633207,2.64232,-0.648111
23,0.668468,2.71082,-0.4815
23,0.675489,2.63275,-0.712983
23,0.644564,2.65573,-0.661254
23,0.676407,2.66023,-0.688303
23,0.685375,2.62138,-0.805225
23,-0.567897,2.95157,0.40965
23,-0.569187,2.95525,0.409547
23,-0.567228,2.95817,0.414821
23,0.695029,2.63792,-0.865178
23,0.693386,2.63507,-0.877735
23,-0.552051,3.01718,0.411008
23,-0.551869,3.02274,0.409764
23,1.50379,2.91174,-0.81734
23,-0.656748,2.51593,0.162735
22,-0.656748,2.51593,0.162735
23,-0.473873,2.52604,0.283814
22,-0.473873,2.52604,0.283814
23,0.579426,2.90786,-0.924038
22,0.579426,2.90786,-0.924038
23,0.591002,2.5021,-0.670396
22,0.591002,2.5021,-0.670396
23,-0.719908,2.47748,0.00208279
22,-0.719908,2.47748,0.00208279
23,0.596994,2.61082,-0.579716
22,0.596994,2.61082,-0.579716
23,0.41454,1.70829,-0.0429578
22,0.41454,1.70829,-0.0429578
23,-0.715427,2.51012,0.369989
22,-0.715427,2.51012,0.369989
23,-0.708424,2.52925,1.08314
22,-0.708424,2.52925,1.08314
23,0.569924,2.54325,-0.710777
22,0.569924,2.54325,-0.710777
23,-0.660119,2.27738,0.0879967
22,-0.660119,2.27738,0.0879967
23,-0.392234,2.37439,0.574436
22,-0.392234,2.37439,0.574436
23,-0.711694,2.49742,0.373302
22,-0.711694,2.49742,0.373302
23,-0.381154,2.38317,0.300992
22,-0.381154,2.38317,0.300992
23,-0.363258,2.36382,0.672114
22,-0.363258,2.36382,0.672114
23,-0.372692,2.41969,0.664212
22,-0.372692,2.41969,0.664212
23,-0.35944,2.34069,0.676301
22,-0.35944,2.34069,0.676301
23,-0.710222,2.53023,0.995536
22,-0.710222,2.53023,0.995536
23,-0.438098,2.6254,0.537937
22,-0.438098,2.6254,0.537937
23,-0.399286,2.41245,0.569829
22,-0.399286,2.41245,0.569829
23,-0.703873,2.51302,1.08488
22,-0.703873,2.51302,1.08488
23,-1.5871,2.32545,0.00860705
22,-1.5871,2.32545,0.00860705
23,-1.39499,2.12247,0.109549
22,-1.39499,2.12247,0.109549
23,-1.33906,2.69815,-0.0840165
22,-1.33906,2.69815,-0.0840165
23,0.556899,2.54269,-0.381281
22,0.556899,2.54269,-0.381281
23,-0.396102,2.3892,0.580742
22,-0.396102,2.3892,0.580742
23,-1.55285,2.29531,0.0462173
22,-1.55285,2.29531,0.0462173
23,-1.69236,2.4248,0.0353004
22,-1.69236,2.4248,0.0353004
23,-0.402229,2.42223,0.576862
22,-0.402229,2.42223,0.576862
23,-1.8442,2.2917,0.0130917
22,-1.8442,2.2917,0.0130917
23,-0.199005,1.99406,1.06952
22,-0.199005,1.99406,1.06952
23,-0.276575,2.6302,1.09201
22,-0.276575,2.6302,1.09201
23,-0.267712,2.55013,1.09686
22,-0.267712,2.55013,1.09686
23,0.374369,2.40364,-0.380795
21,0.374369,2.40364,-0.380795
23,0.572318,2.51281,-0.757966
21,0.572318,2.51281,-0.757966
23,0.35333,1.9783,-0.402723
21,0.35333,1.9783,-0.402723
23,0.388061,2.00674,-0.309192
21,0.388061,2.00674,-0.309192
23,-0.700188,2.47282,0.0185745
21,-0.700188,2.47282,0.0185745
23,-0.414328,2.45239,0.0407965
21,-0.414328,2.45239,0.0407965
23,0.429786,2.43687,-0.45555
21,0.429786,2.43687,-0.45555
23,-0.383924,2.55179,0.971682
21,-0.383924,2.55179,0.971682
23,-0.515797,3.19219,0.339185
21,-0.515797,3.19219,0.339185
23,-0.383924,2.55179,0.971682
21,-0.383924,2.55179,0.971682
23,-0.378251,2.4494,1.02386
21,-0.378251,2.4494,1.02386
23,-0.326046,2.40967,0.522225
21,-0.326046,2.40967,0.522225
23,0.566263,2.54914,-0.578603
21,0.566263,2.54914,-0.578603
23,-0.379641,2.46397,1.02552
21,-0.379641,2.46397,1.02552
23,0.662501,2.64154,-0.548454
21,0.662501,2.64154,-0.548454
23,-0.383574,2.45234,0.666154
21,-0.383574,2.45234,0.666154
23,0.547556,2.52443,-0.766546
9,0.547556,2.52443,-0.766546
23,-0.443633,2.45239,0.299241
9,-0.443633,2.45239,0.299241
23,0.359788,2.22647,-0.435196
8,0.359788,2.22647,-0.435196
23,0.519144,2.54481,-0.75372
8,0.519144,2.54481,-0.75372
23,0.594885,2.92674,-0.801503
8,0.594885,2.92674,-0.801503
23,0.542211,2.67525,-0.621321
8,0.542211,2.67525,-0.621321
23,0.540381,2.56855,-0.651315
8,0.540381,2.56855,-0.651315
23,0.350187,2.58747,-0.425689
8,0.350187,2.58747,-0.425689
23,0.490208,2.63699,-0.405073
8,0.490208,2.63699,-0.405073
23,0.535582,2.58046,-0.567575
8,0.535582,2.58046,-0.567575
23,0.526859,2.85864,-0.696297
8,0.526859,2.85864,-0.696297
23,0.382061,2.60705,-0.46157
8,0.382061,2.60705,-0.46157
23,0.442648,2.60809,-0.455723
10,0.442648,2.60809,-0.455723
23,0.533124,2.6212,-0.485467
7,0.533124,2.6212,-0.485467
23,0.570492,2.51718,-0.595933
7,0.570492,2.51718,-0.595933
23,-0.702174,2.48441,0.496618
18,-0.702174,2.48441,0.496618
23,0.407743,2.55419,-0.595015
18,0.407743,2.55419,-0.595015
23,0.51661,2.60725,-0.478287
18,0.51661,2.60725,-0.478287
23,0.408643,2.39161,-0.442169
18,0.408643,2.39161,-0.442169
23,0.244563,2.54365,-0.46178
18,0.244563,2.54365,-0.46178
23,-0.738233,2.46448,0.0230341
11,-0.738233,2.46448,0.0230341
23,-0.700465,2.47409,0.0237695
11,-0.700465,2.47409,0.0237695
23,0.588178,2.7354,-0.790951
11,0.588178,2.7354,-0.790951
23,-1.15737,2.41368,0.489263
12,-1.15737,2.41368,0.489263
23,-1.1346,2.36745,0.531683
12,-1.1346,2.36745,0.531683
24,0.548104,1.19351,0.166505
24,1.99376,2.24074,1.08883
24,-1.07082,2.44712,1.53745
24,-1.06715,2.44516,1.5142
24,-1.06025,2.43842,1.47367
24,-0.599448,2.51282,1.57368
24,-0.338752,2.52153,1.53413
24,-1.00849,2.49923,1.55142
24,-0.348411,2.54327,1.5325
24,-1.05161,2.49129,1.52041
24,-0.349041,2.5392,1.51533
24,-0.342006,2.54872,1.52482
24,-0.34526,2.52859,1.43854
24,-1.05264,2.4942,1.4366
24,-0.403288,2.56921,1.48661
24,-0.403784,2.56341,1.46549
24,-0.368374,2.50104,0.966354
24,-0.326161,2.4553,0.773043
24,-0.343251,2.49506,0.903687
24,-0.275596,2.5705,1.1239
24,-0.2753,2.58227,1.13349
24,-0.461061,2.54334,1.03244
24,-0.277906,2.59506,1.12283
24,-0.270183,2.5715,1.02302
24,-0.245316,2.60237,1.09253
24,-0.393099,2.55742,0.96705
24,-0.386769,2.54547,0.900766
24,-0.340774,2.51501,0.774959
24,-0.574808,2.75814,1.62134
24,-0.254052,2.65524,1.16068
24,2.39554,2.83978,1.09131
24,-0.418592,2.53606,0.647615
24,-0.279412,2.73106,1.18144
24,-0.458546,2.58044,0.572298
24,2.03161,3.04367,1.50934
24,2.14134,2.98304,1.24375
24,-0.349183,2.50505,0.217745
24,-1.18967,2.39779,0.0522147
24,2.39418,3.07953,1.44374
24,-1.17898,2.4037,0.0301353
24,-1.08995,2.4165,0.0438843
24,2.15642,3.01336,1.23218
24,-0.703191,2.44646,0.0296401
24,-0.423815,2.5423,0.231742
24,-0.731778,2.48622,0.107543
24,-0.439669,2.55176,0.25194
24,-0.439742,2.55196,0.251879
24,-0.42183,2.54624,0.227839
24,-0.425952,2.55277,0.243759
24,-0.428645,2.55369,0.244774
24,-0.481532,2.62459,0.486507
24,-0.70752,2.47024,0.0195755
24,-0.752621,2.5094,0.152745
24,-1.11141,2.44895,0.0302148
24,-0.748285,2.51119,0.136359
24,-0.498326,2.65045,0.524607
24,-0.675486,2.48761,0.0319384
24,-0.367554,2.515,0.0469201
24,-0.475249,2.65149,0.512199
24,-0.495182,2.64935,0.49414
24,2.18464,3.06836,1.23967
24,-0.492421,2.63526,0.427544
24,-0.485117,2.65739,0.497704
24,-0.490875,2.66592,0.500207
24,1.44825,3.0093,1.14491
24,2.1608,3.05397,1.10134
24,1.48421,3.01235,1.10292
24,-0.445335,2.55331,0.00778353
24,-0.400492,2.55376,-0.0023464
24,2.15652,3.07397,1.10933
24,-0.363579,2.57023,-0.000466347
24,-0.982904,2.53046,-0.0254509
24,-0.535836,2.70856,0.407418
24,-0.54045,2.711,0.413662
24,-0.527712,2.7176,0.423905
24,-0.519472,2.71462,0.405663
24,0.242518,2.56552,-0.333087
24,2.06922,3.14532,1.10123
24,0.251,2.55919,-0.4167
24,0.250437,2.55123,-0.449795
24,0.249023,2.52049,-0.557836
24,0.244551,2.57409,-0.416881
24,0.250851,2.57353,-0.423822
24,0.260262,2.56411,-0.457318
24,0.290787,2.59058,-0.384032
24,0.237531,2.5759,-0.425252
24,0.339464,2.60618,-0.354786
24,0.291588,2.52612,-0.612449
24,0.269619,2.53802,-0.568821
24,0.291009,2.51396,-0.656157
24,0.245851,2.58572,-0.423513
24,0.33853,2.60381,-0.39119
24,0.301556,2.51272,-0.68122
24,0.260738,2.54165,-0.581533
24,0.276075,2.60785,-0.370026
24,0.259812,2.55412,-0.542654
24,0.291465,2.55461,-0.553411
24,0.28721,2.54063,-0.59827
24,0.252519,2.57821,-0.472035
24,0.288564,2.58727,-0.455908
24,0.337546,2.59715,-0.43805
24,0.277295,2.48827,-0.782427
24,0.298741,2.54998,-0.601515
24,0.286831,2.58471,-0.488983
24,0.275021,2.49638,-0.775146
24,0.38522,2.60538,-0.451735
24,0.433384,2.63874,-0.355617
24,0.335069,2.55601,-0.605608
24,0.358239,2.58744,-0.512411
24,0.291297,2.61587,-0.405119
24,0.321456,2.58334,-0.51911
24,0.384372,2.58995,-0.513745
24,0.305008,2.56407,-0.580484
24,0.358024,2.58468,-0.52562
24,0.325129,2.6017,-0.464112
24,0.30988,2.52104,-0.725634
24,0.325829,2.60091,-0.46868
24,0.378088,2.60051,-0.48296
24,0.37768,2.6255,-0.40131
24,0.329747,2.60187,-0.467739
24,0.378709,2.61792,-0.42649
24,0.345235,2.59687,-0.488426
24,0.417605,2.55861,-0.630352
24,0.303835,2.53874,-0.670969
24,0.321564,2.59529,-0.490605
24,0.417857,2.56795,-0.603873
24,0.384505,2.60256,-0.485615
24,0.343762,2.60596,-0.466492
24,0.298653,2.583,-0.532489
24,0.303072,2.52447,-0.725073
24,0.291871,2.57696,-0.551237
24,0.359155,2.55588,-0.636399
24,0.356031,2.53043,-0.719042
24,0.297996,2.60319,-0.468692
24,0.389412,2.56832,-0.60438
24,0.356849,2.56638,-0.604032
24,0.446465,2.58302,-0.571742
24,0.312747,2.61626,-0.433234
24,0.399117,2.57805,-0.578016
24,0.523603,2.65252,-0.364205
24,0.342043,2.52166,-0.750114
24,0.297197,2.58607,-0.529901
24,0.390959,2.57116,-0.600767
24,0.391533,2.58756,-0.548043
24,0.286244,2.61197,-0.445695
24,0.408616,2.58244,-0.569893
24,0.332864,2.5752,-0.576785
24,0.410503,2.60618,-0.49354
24,0.44035,2.63553,-0.406627
24,0.359522,2.57522,-0.585585
24,0.352239,2.59426,-0.525527
24,0.324232,2.58423,-0.555499
24,0.58272,2.5457,-0.740056
24,0.465457,2.59454,-0.555385
24,0.400995,2.64073,-0.390209
24,0.547926,2.52429,-0.804852
24,0.452928,2.55341,-0.688339
24,0.342018,2.53556,-0.723165
24,0.332249,2.57077,-0.60649
24,0.416533,2.60089,-0.527607
24,0.455748,2.58967,-0.574041
24,0.393186,2.64572,-0.377065
24,0.523146,2.64642,-0.40497
24,0.323335,2.58748,-0.552125
24,0.397876,2.55838,-0.664923
24,0.374159,2.52005,-0.785402
24,0.408267,2.62878,-0.438416
24,0.348114,2.52631,-0.759489
24,0.342231,2.58925,-0.55307
24,0.390594,2.6202,-0.463828
24,0.35168,2.59156,-0.550827
24,0.558773,2.65294,-0.398111
24,0.409639,2.59685,-0.547643
24,0.40787,2.62074,-0.469393
24,0.341167,2.51932,-0.785339
24,0.453741,2.5821,-0.607214
24,0.474026,2.57645,-0.630579
24,0.596516,2.60707,-0.558515
24,0.414483,2.58697,-0.583519
24,0.446495,2.60067,-0.546718
24,0.581894,2.63904,-0.45231
24,0.423386,2.53712,-0.749327
24,0.471113,2.62789,-0.464283
24,0.455645,2.63624,-0.433538
24,0.511707,2.66056,-0.367075
24,0.468596,2.55831,-0.691489
24,0.374276,2.53028,-0.761966
24,0.414163,2.5814,-0.607125
24,0.57155,2.65916,-0.389089
24,0.395005,2.56183,-0.668784
24,0.453072,2.56828,-0.661823
24,0.48436,2.56104,-0.693161
24,0.510007,2.61613,-0.519715
24,0.558544,2.64965,-0.422861
24,0.582494,2.65734,-0.40339
24,0.460284,2.55091,-0.723185
24,0.421294,2.56481,-0.6705
24,0.425148,2.5412,-0.749979
24,0.5344,2.60123,-0.579433
24,0.628266,2.6137,-0.562364
24,0.539791,2.56885,-0.688671
24,0.533135,2.60335,-0.574745
24,0.462833,2.62472,-0.489273
24,0.54737,2.56027,-0.719406
24,0.427445,2.55759,-0.703692
24,0.404111,2.53155,-0.784049
24,0.467773,2.545,-0.7558
24,0.492211,2.52935,-0.813658
24,0.523279,2.55111,-0.750157
24,0.459583,2.53819,-0.778794
24,0.556151,2.65964,-0.404743
24,0.573402,2.62669,-0.516646
24,0.608848,2.66042,-0.419771
24,0.580088,2.59395,-0.631833
24,0.454161,2.56759,-0.690619
24,0.395559,2.52245,-0.825842
24,0.545496,2.54907,-0.773059
24,0.380155,2.62219,-0.497239
24,0.419753,2.53655,-0.787441
24,0.579189,2.57011,-0.716607
24,0.571931,2.58835,-0.655616
24,0.428679,2.6543,-0.40819
24,0.628385,2.6177,-0.573876
24,0.525471,2.54727,-0.781812
24,0.595741,2.59056,-0.656827
24,0.638439,2.6771,-0.384426
24,0.315857,2.51327,-0.846374
24,0.571362,2.66144,-0.422264
24,0.530942,2.59677,-0.632313
24,0.596456,2.56794,-0.744397
24,0.565303,2.62784,-0.544414
24,0.438003,2.65994,-0.41126
24,0.615168,2.65489,-0.468651
24,0.419415,2.54299,-0.793647
24,0.621647,2.65156,-0.486121
24,0.614969,2.68649,-0.371792
24,0.441935,2.61892,-0.553435
24,0.571364,2.68666,-0.361787
24,0.660497,2.62872,-0.571395
24,0.453845,2.58296,-0.674644
24,0.603035,2.68599,-0.374512
24,0.459768,2.56811,-0.733582
24,0.588944,2.62645,-0.574174
24,0.605519,2.57228,-0.757816
24,0.586536,2.56033,-0.794811
24,0.653765,2.62471,-0.600746
24,0.622056,2.6639,-0.466309
24,0.651056,2.58623,-0.72682
24,0.568244,2.64131,-0.528431
24,0.345669,2.53277,-0.833937
24,0.552257,2.66877,-0.437127
24,0.580641,2.66217,-0.465523
24,0.634172,2.5589,-0.815488
24,0.548001,2.55097,-0.822165
24,0.668644,2.6328,-0.582938
24,0.599359,2.58611,-0.721192
24,0.525783,2.57015,-0.765086
24,0.459213,2.56472,-0.769874
24,0.519278,2.55296,-0.824047
24,0.638799,2.57689,-0.776118
24,0.656245,2.641,-0.571731
24,0.663613,2.57989,-0.776426
24,0.58574,2.57895,-0.762749
24,0.642023,2.66639,-0.490117
24,0.639711,2.60219,-0.700851
24,0.572871,2.59167,-0.72531
24,0.561457,2.64406,-0.552784
24,0.579877,2.64753,-0.55446
24,0.577337,2.57716,-0.784584
24,0.471267,2.56115,-0.819474
24,0.568981,2.613,-0.675578
24,0.648421,2.68857,-0.447794
24,0.675493,2.5881,-0.782075
24,0.633951,2.6271,-0.648215
24,0.661512,2.65171,-0.587114
24,0.560734,2.65496,-0.559105
24,0.636588,2.62643,-0.672652
24,0.673553,2.58467,-0.822383
24,0.628244,2.66194,-0.562863
24,0.639638,2.59987,-0.768951
24,0.662259,2.67082,-0.553082
24,0.619534,2.68891,-0.502373
24,0.664746,2.60461,-0.791642
24,0.669237,2.67714,-0.556838
24,1.52533,2.98712,-0.86341
24,0.389479,2.57575,-0.6122
22,0.389479,2.57575,-0.6122
24,0.456244,2.54239,-0.622134
22,0.456244,2.54239,-0.622134
24,0.546644,2.57032,-0.698354
22,0.546644,2.57032,-0.698354
24,0.581433,2.60618,-0.464423
22,0.581433,2.60618,-0.464423
24,0.519892,2.56479,-0.725289
22,0.519892,2.56479,-0.725289
24,0.447936,3.44149,-0.942667
22,0.447936,3.44149,-0.942667
24,0.525963,2.5706,-0.51999
22,0.525963,2.5706,-0.51999
24,0.502951,2.57475,-0.526579
22,0.502951,2.57475,-0.526579
24,-1.57125,2.31297,0.0219809
22,-1.57125,2.31297,0.0219809
24,-1.6575,2.36911,-0.0150925
22,-1.6575,2.36911,-0.0150925
24,-1.46069,2.257,0.0378081
22,-1.46069,2.257,0.0378081
24,-0.747096,2.52439,0.102354
22,-0.747096,2.52439,0.102354
24,-0.508569,2.90027,-0.117898
22,-0.508569,2.90027,-0.117898
24,-0.619405,2.94268,0.359106
22,-0.619405,2.94268,0.359106
24,0.626828,2.66851,-0.440443
22,0.626828,2.66851,-0.440443
24,0.342064,2.57758,-0.662848
23,0.342064,2.57758,-0.662848
24,0.500362,1.72276,-0.145153
23,0.500362,1.72276,-0.145153
24,0.579581,2.56723,-0.687904
23,0.579581,2.56723,-0.687904
24,0.446456,2.63829,-0.507618
23,0.446456,2.63829,-0.507618
24,-0.460665,2.61137,-0.0240798
23,-0.460665,2.61137,-0.0240798
24,-0.479325,2.6157,1.07089
23,-0.479325,2.6157,1.07089
24,-0.490916,2.66348,1.07023
23,-0.490916,2.66348,1.07023
24,0.352729,2.48515,-0.520822
23,0.352729,2.48515,-0.520822
24,2.05005,2.9811,1.10907
23,2.05005,2.9811,1.10907
24,-0.319306,2.51067,1.06224
23,-0.319306,2.51067,1.06224
24,-0.37088,2.49618,0.970317
23,-0.37088,2.49618,0.970317
24,-0.39382,2.5015,1.00048
23,-0.39382,2.5015,1.00048
24,-0.472436,2.76332,0.608219
23,-0.472436,2.76332,0.608219
24,0.606089,2.56998,-0.690502
21,0.606089,2.56998,-0.690502
24,0.4535,2.50135,-0.463237
21,0.4535,2.50135,-0.463237
24,0.478486,2.57708,-0.570606
21,0.478486,2.57708,-0.570606
24,0.508693,3.22653,-1.07729
21,0.508693,3.22653,-1.07729
24,0.398423,2.52271,-0.745079
21,0.398423,2.52271,-0.745079
24,-0.389812,2.46689,0.558152
21,-0.389812,2.46689,0.558152
24,0.497447,2.63003,-0.465453
8,0.497447,2.63003,-0.465453
24,0.606039,3.30208,-1.00578
8,0.606039,3.30208,-1.00578
24,0.530298,2.6231,-0.461003
8,0.530298,2.6231,-0.461003
24,0.288012,2.57512,-0.421829
8,0.288012,2.57512,-0.421829
24,0.40391,2.41999,-0.632491
8,0.40391,2.41999,-0.632491
24,0.481348,2.7561,-0.824782
11,0.481348,2.7561,-0.824782
24,0.389635,2.55013,-0.437092
11,0.389635,2.55013,-0.437092
24,0.529922,2.81621,-0.633872
7,0.529922,2.81621,-0.633872
24,0.641305,2.55858,-0.711534
7,0.641305,2.55858,-0.711534
24,-0.688556,2.46799,0.0473524
10,-0.688556,2.46799,0.0473524
24,0.585181,2.62468,-0.555663
18,0.585181,2.62468,-0.555663
24,-0.407143,2.60512,-0.0118313
18,-0.407143,2.60512,-0.0118313
25,0.678458,1.17951,0.215772
25,0.666473,1.19884,0.267023
25,1.75521,2.09111,0.925797
25,-0.53836,2.44386,1.57194
25,-0.594341,2.48077,1.57917
25,-0.43977,2.61824,1.48928
25,-0.388347,2.61252,1.43749
25,-0.259409,2.53042,1.09159
25,-0.407917,2.6538,1.54479
25,-0.265107,2.55701,1.11012
25,-0.236678,2.63447,1.09023
25,-0.43416,2.61576,0.960369
25,-0.435948,2.61731,0.963003
25,-0.436068,2.61496,0.953355
25,-0.43385,2.61211,0.892307
25,-1.05922,2.39618,0.0426849
25,2.24754,2.93214,1.58826
25,1.40582,2.78916,1.14945
25,-0.718385,2.44481,0.141986
25,-0.768266,2.44366,0.060551
25,-0.685725,2.43829,0.0279732
25,1.40235,2.81826,1.14002
25,-0.708053,2.44655,0.0367867
25,-0.665782,2.45053,0.036329
25,-0.735233,2.47791,0.116132
25,1.97692,2.85081,1.12224
25,-0.685662,2.47831,0.0352479
25,-0.319658,2.49398,0.0209801
25,-0.439791,2.4993,0.0481046
25,-0.971249,2.47813,0.0211502
25,-0.410169,2.54687,0.16205
25,2.15078,3.04482,1.62132
25,-0.373088,2.52858,0.0287497
25,-0.301563,2.5385,0.0552281
25,2.45958,2.9181,1.10312
25,-0.375279,2.52274,0.00561452
25,-0.352506,2.53041,0.00989437
25,-0.431196,2.54781,0.0153524
25,-0.458781,2.55194,0.0114759
25,-0.389085,2.54996,-0.00442755
25,-0.452336,2.5541,0.01256
25,2.17611,3.07927,1.59003
25,2.25911,2.95241,1.10395
25,2.26353,2.95916,1.12186
25,2.01507,2.95778,1.1139
25,2.18446,3.10643,1.61774
25,2.54523,2.97805,1.12085
25,2.49892,2.97021,1.09578
25,2.49974,2.97191,1.09703
25,-0.553228,2.7409,0.598064
25,2.19474,3.1177,1.61952
25,2.55629,2.99466,1.11189
25,2.55949,3.00354,1.11303
25,2.52546,3.00084,1.10196
25,2.539,2.99836,1.08928
25,2.02929,2.99015,1.10388
25,2.57645,3.0123,1.10599
25,2.58649,3.0209,1.11441
25,2.1805,3.05157,1.21378
25,2.87447,3.05368,1.13889
25,0.259597,2.53184,-0.437133
25,0.278564,2.45154,-0.74115
25,0.255785,2.54941,-0.410292
25,2.85524,3.07297,1.14775
25,0.289012,2.45094,-0.80077
25,0.301144,2.51475,-0.614415
25,0.291909,2.50725,-0.641446
25,0.291302,2.54035,-0.525343
25,0.339959,2.59632,-0.348778
25,2.05311,3.05743,1.09739
25,0.289413,2.5777,-0.422079
25,0.299162,2.52023,-0.639447
25,0.31597,2.60537,-0.350568
25,0.439077,2.61246,-0.34392
25,2.94528,3.10647,1.13715
25,0.291634,2.5691,-0.513271
25,0.353516,2.50822,-0.73787
25,0.300229,2.51295,-0.716874
25,0.484229,2.53616,-0.657961
25,0.299407,2.5385,-0.635657
25,0.35315,2.59386,-0.448096
25,0.529012,2.53838,-0.6652
25,0.572743,2.62213,-0.372536
25,0.371386,2.52087,-0.714034
25,0.306065,2.49119,-0.813411
25,0.307309,2.50337,-0.773241
25,0.388839,2.59604,-0.452399
25,0.520134,2.60625,-0.435524
25,0.407351,2.60297,-0.435128
25,0.321543,2.57729,-0.517877
25,0.282203,2.58482,-0.487684
25,0.398145,2.58322,-0.508034
25,0.342406,2.53151,-0.689473
25,0.342214,2.53953,-0.662571
25,0.403749,2.57362,-0.548789
25,0.345606,2.51503,-0.753777
25,0.38345,2.60102,-0.451878
25,0.345584,2.50936,-0.776938
25,0.361298,2.50195,-0.807673
25,0.453691,2.60706,-0.447422
25,0.388178,2.57279,-0.565579
25,0.335691,2.60368,-0.454082
25,0.494076,2.52173,-0.765101
25,0.485825,2.54506,-0.682002
25,0.336421,2.55125,-0.643602
25,0.41434,2.59003,-0.515505
25,0.327839,2.58022,-0.546222
25,0.406013,2.60243,-0.478844
25,0.367853,2.52517,-0.751598
25,0.296021,2.57931,-0.555028
25,0.398981,2.53771,-0.71454
25,0.342899,2.59991,-0.487061
25,0.528735,2.5905,-0.542569
25,0.508139,2.59336,-0.533962
25,0.477838,2.51802,-0.799193
25,0.538276,2.57904,-0.588727
25,0.524541,2.5514,-0.685716
25,0.499712,2.62547,-0.420476
25,0.304022,2.54958,-0.670023
25,0.342139,2.62555,-0.404989
25,0.519136,2.58734,-0.562125
25,0.33538,2.55123,-0.67063
25,0.390159,2.57222,-0.602718
25,0.381774,2.60393,-0.488927
25,0.634382,2.56474,-0.665892
25,0.499441,2.61501,-0.476182
25,0.484803,2.54042,-0.742248
25,0.452865,2.5631,-0.658691
25,0.602764,2.56333,-0.67449
25,0.484671,2.54706,-0.719634
25,0.444427,2.59516,-0.544917
25,0.476243,2.57348,-0.629161
25,0.444357,2.58814,-0.57627
25,0.311178,2.51255,-0.834896
25,0.604043,2.56119,-0.705646
25,0.633694,2.5818,-0.641192
25,0.60211,2.56673,-0.704051
25,0.593587,2.5998,-0.590424
25,0.575157,2.55903,-0.737443
25,0.574736,2.57014,-0.712333
25,0.674125,2.54838,-0.800737
25,0.62442,2.63948,-0.471127
25,2.08567,3.12452,1.08954
25,0.627477,2.60135,-0.61471
25,0.637548,2.66506,-0.420924
25,0.614226,2.67723,-0.389662
25,0.651025,2.66641,-0.444576
25,0.650927,2.67083,-0.431682
25,0.637988,2.61416,-0.635929
25,0.640107,2.59824,-0.69761
25,0.672547,2.56732,-0.813531
25,0.61911,2.67018,-0.492767
25,0.662678,2.64959,-0.584673
25,1.48724,2.86927,-0.790088
25,3.06138,3.61636,1.61756
25,3.10424,3.66879,1.6163
25,0.447746,2.57699,-0.5085
24,0.447746,2.57699,-0.5085
25,0.420501,2.55922,-0.704375
24,0.420501,2.55922,-0.704375
25,2.12685,2.95131,1.31625
24,2.12685,2.95131,1.31625
25,-0.474341,2.63361,0.216534
24,-0.474341,2.63361,0.216534
25,2.18155,3.07153,1.37436
24,2.18155,3.07153,1.37436
25,2.25695,2.92808,1.09052
24,2.25695,2.92808,1.09052
25,0.572089,2.6753,-0.400713
24,0.572089,2.6753,-0.400713
25,-0.496339,2.58012,1.59089
24,-0.496339,2.58012,1.59089
25,0.663318,2.57419,-0.640198
24,0.663318,2.57419,-0.640198
25,0.451478,2.59725,-0.375685
24,0.451478,2.59725,-0.375685
25,-0.365341,2.42204,0.235201
24,-0.365341,2.42204,0.235201
25,2.25563,2.92532,1.08967
24,2.25563,2.92532,1.08967
25,-0.484236,2.54937,1.58511
24,-0.484236,2.54937,1.58511
25,-0.568348,2.21557,1.53383
24,-0.568348,2.21557,1.53383
25,2.29455,3.00013,1.09003
24,2.29455,3.00013,1.09003
25,2.21518,2.86162,1.10117
24,2.21518,2.86162,1.10117
25,-1.41257,2.7269,-0.101995
24,-1.41257,2.7269,-0.101995
25,-0.432146,2.56503,1.02314
24,-0.432146,2.56503,1.02314
25,-0.501051,2.68169,0.549489
24,-0.501051,2.68169,0.549489
25,-0.345157,2.48122,0.910928
24,-0.345157,2.48122,0.910928
25,-0.406938,2.49733,1.01967
24,-0.406938,2.49733,1.01967
25,0.418191,2.96203,-0.588084
21,0.418191,2.96203,-0.588084
25,0.595227,2.53987,-0.800596
21,0.595227,2.53987,-0.800596
25,0.463655,2.58546,-0.533433
21,0.463655,2.58546,-0.533433
25,0.464336,2.55242,-0.653409
21,0.464336,2.55242,-0.653409
25,-1.09652,2.42562,0.0264337
21,-1.09652,2.42562,0.0264337
25,0.680902,2.57675,-0.813401
10,0.680902,2.57675,-0.813401
25,0.660066,2.63339,-0.53894
10,0.660066,2.63339,-0.53894
25,0.392271,2.60521,-0.457682
10,0.392271,2.60521,-0.457682
25,-0.372493,2.42465,0.76973
10,-0.372493,2.42465,0.76973
25,-7.24185,16.5239,-1.93324
18,-7.24185,16.5239,-1.93324
25,0.43268,2.65006,-0.360661
18,0.43268,2.65006,-0.360661
25,-0.406804,2.60484,-0.00619981
18,-0.406804,2.60484,-0.00619981
25,-0.424279,2.54845,0.193951
11,-0.424279,2.54845,0.193951
25,-5.21198,12.6063,-1.08033
17,-5.21198,12.6063,-1.08033
26,1.73782,2.06196,0.917648
26,1.75631,2.06744,0.917296
26,1.73663,2.06871,0.916983
26,-0.458128,2.6188,1.52265
26,-0.243579,2.52023,1.08227
26,-0.363691,2.50709,0.0349518
26,-0.342281,2.53726,-0.0365714
26,2.28221,3.02494,1.61522
26,2.29941,3.0326,1.62349
26,2.3189,3.04807,1.63988
26,2.31693,3.0802,1.63127
26,2.50837,2.92377,1.08483
26,2.50277,2.93131,1.08464
26,2.3994,3.09877,1.62712
26,2.80554,3.08566,1.57396
26,0.273024,2.48584,-0.648275
26,2.82778,3.09664,1.5758
26,2.5582,2.96508,1.10401
26,2.8936,3.10525,1.59351
26,1.47176,2.99352,1.0985
26,2.55599,2.97229,1.10762
26,2.8414,3.11182,1.59196
26,2.94622,3.11262,1.6018
26,2.93492,3.11727,1.61282
26,2.85289,3.11889,1.60333
26,2.85605,3.13447,1.64644
26,2.84861,3.12522,1.59567
26,2.25293,3.00011,1.09503
26,2.85515,3.13903,1.59191
26,0.23897,2.56381,-0.544804
26,0.250367,2.56693,-0.55425
26,0.233736,2.57223,-0.550134
26,2.91974,3.16044,1.60829
26,0.24595,2.50746,-0.781178
26,0.247649,2.57537,-0.561111
26,0.239998,2.61181,-0.448315
26,0.245451,2.60624,-0.481989
26,0.253876,2.57185,-0.594803
26,0.315949,2.63725,-0.377108
26,0.44117,2.63562,-0.371903
26,2.27786,3.0442,1.12096
26,0.283373,2.57236,-0.617806
26,2.2801,3.04166,1.09487
26,0.266393,2.59946,-0.540455
26,0.281974,2.56807,-0.65278
26,0.273179,2.60301,-0.542686
26,0.274331,2.56995,-0.661628
26,0.287472,2.5698,-0.661567
26,0.266505,2.64109,-0.428353
26,0.273363,2.52867,-0.802587
26,0.280326,2.56639,-0.68207
26,0.272802,2.51747,-0.850008
26,0.280029,2.52393,-0.836291
26,0.295445,2.53592,-0.798777
26,0.262147,2.63104,-0.48793
26,0.318093,2.58818,-0.628351
26,0.238385,2.64415,-0.452018
26,0.272055,2.56123,-0.724387
26,0.286912,2.53377,-0.81575
26,0.294602,2.52572,-0.847071
26,0.344004,2.57513,-0.680638
26,0.315835,2.66673,-0.383583
26,0.276944,2.61041,-0.574442
26,0.331802,2.64661,-0.452405
26,0.348491,2.59351,-0.627393
26,0.397154,2.52823,-0.840146
26,0.328917,2.64898,-0.447814
26,0.283906,2.56557,-0.727489
26,0.267862,2.6471,-0.461569
26,0.307573,2.63768,-0.49196
26,0.38728,2.60716,-0.590801
26,0.324258,2.55852,-0.759664
26,0.30892,2.60281,-0.615117
26,0.327941,2.64174,-0.488413
26,0.289527,2.55248,-0.787668
26,0.336095,2.53471,-0.844746
26,0.377897,2.65399,-0.447772
26,0.295917,2.5459,-0.813941
26,0.377603,2.66163,-0.425299
26,0.306914,2.65528,-0.458902
26,0.648174,2.58564,-0.663781
26,0.418811,2.53869,-0.838795
26,0.312747,2.66714,-0.428366
26,0.312744,2.66533,-0.434804
26,0.326697,2.62276,-0.574799
26,0.259315,2.6491,-0.500205
26,0.386808,2.57888,-0.721795
26,0.325392,2.66926,-0.42958
26,0.319863,2.57815,-0.736483
26,0.326734,2.55543,-0.813347
26,0.326441,2.56193,-0.794733
26,0.399498,2.55726,-0.806199
26,0.303906,2.65517,-0.503899
26,0.486614,2.65613,-0.485143
26,0.352106,2.56133,-0.810015
26,0.383523,2.6696,-0.452282
26,0.377106,2.63253,-0.581084
26,0.541518,2.69268,-0.371115
26,0.493559,2.67174,-0.449119
26,0.527364,2.55777,-0.825429
26,0.37561,2.67831,-0.442253
26,0.542836,2.56029,-0.82737
26,0.534661,2.55905,-0.835836
26,0.542374,2.56048,-0.836941
26,0.650978,2.60525,-0.68007
26,0.619767,2.67661,-0.448284
26,0.375939,2.57896,-0.791732
26,0.389013,2.57993,-0.792489
26,0.360439,2.68566,-0.446425
26,0.367688,2.65063,-0.561911
26,0.353274,2.6548,-0.564465
26,0.455329,2.56702,-0.846122
26,0.588861,2.59664,-0.741181
26,0.43367,2.63914,-0.616023
26,0.461,2.60578,-0.725264
26,0.397013,2.58941,-0.785903
26,0.460339,2.61955,-0.688082
26,0.439112,2.62821,-0.67832
26,0.484759,2.70981,-0.407373
26,0.44582,2.62091,-0.70448
26,0.52685,2.59652,-0.781514
26,0.626722,2.66122,-0.561341
26,0.659776,2.61402,-0.716082
26,0.511649,2.66998,-0.55119
26,0.61812,2.6709,-0.539705
26,0.651094,2.63064,-0.671296
26,0.547749,2.70947,-0.422045
26,0.452462,2.58634,-0.840594
26,0.512449,2.5941,-0.811179
26,0.667756,2.58327,-0.83554
26,0.498452,2.61842,-0.734148
26,0.511986,2.61076,-0.760176
26,0.633342,2.69772,-0.464157
26,0.535113,2.71989,-0.400467
26,0.504833,2.61283,-0.761607
26,0.504856,2.60369,-0.79443
26,0.48294,2.69325,-0.503991
26,0.570982,2.67799,-0.548522
26,0.611361,2.67295,-0.568547
26,0.563359,2.70964,-0.452672
26,0.596975,2.70842,-0.459604
26,0.648829,2.67491,-0.569832
26,0.596733,2.71163,-0.453827
26,0.548985,2.73238,-0.389561
26,0.557149,2.64597,-0.674967
26,0.569857,2.69496,-0.512757
26,0.562345,2.72063,-0.436085
26,0.535316,2.71359,-0.46249
26,0.576915,2.65041,-0.670175
26,0.564521,2.72699,-0.418682
26,3.28762,2.63449,-0.49047
26,0.623709,2.68006,-0.572958
26,0.577486,2.59898,-0.846731
26,0.556472,2.60176,-0.841055
26,0.602635,2.70612,-0.496406
26,0.609551,2.68925,-0.555443
26,0.616875,2.64865,-0.692543
26,0.615578,2.7186,-0.465419
26,0.594808,2.72843,-0.440464
26,0.657457,2.63845,-0.732831
26,0.553135,2.74386,-0.395144
26,0.657736,2.61727,-0.804834
26,0.601841,2.70556,-0.519076
26,0.562125,2.74816,-0.397467
26,0.662849,2.66015,-0.692521
26,0.622449,2.62939,-0.797485
26,0.614619,2.6784,-0.641709
26,0.622189,2.62564,-0.818651
26,0.647854,2.69057,-0.618338
26,0.653872,2.70654,-0.581572
26,3.34138,2.70201,-0.521366
26,3.47969,3.21041,1.13459
26,3.50362,3.23465,1.13015
26,3.49353,3.24491,1.15327
26,2.21701,3.29374,1.18872
26,2.22133,3.2972,1.18615
26,3.45417,3.2565,1.13976
26,3.52352,3.41416,1.62257
26,3.49286,3.27038,1.1402
26,3.54022,3.4251,1.6288
26,3.54025,3.2912,1.1577
26,3.54387,3.44381,1.63413
26,3.65261,3.03624,0.227999
26,2.17155,3.43061,1.08501
26,3.78043,3.12737,-0.730653
26,3.80387,3.15485,-0.752607
26,0.230143,4.00568,-1.61389
24,0.230143,4.00568,-1.61389
26,0.236132,3.92778,-1.56198
24,0.236132,3.92778,-1.56198
26,0.348169,2.53695,-0.457864
24,0.348169,2.53695,-0.457864
26,0.410331,2.55627,-0.524444
24,0.410331,2.55627,-0.524444
26,0.54004,2.73105,-0.747712
24,0.54004,2.73105,-0.747712
26,0.539595,2.52386,-0.633335
24,0.539595,2.52386,-0.633335
26,0.545577,2.51974,-0.664291
24,0.545577,2.51974,-0.664291
26,0.498063,2.02035,-0.33908
24,0.498063,2.02035,-0.33908
26,0.47524,2.54575,-0.554694
24,0.47524,2.54575,-0.554694
26,0.658625,2.58609,-0.508717
24,0.658625,2.58609,-0.508717
26,0.497025,2.03063,-0.401606
24,0.497025,2.03063,-0.401606
26,0.539698,2.53236,-0.605348
24,0.539698,2.53236,-0.605348
26,0.342752,2.53937,-0.633157
24,0.342752,2.53937,-0.633157
26,0.279652,2.49329,-0.735323
24,0.279652,2.49329,-0.735323
26,0.363215,3.293,-1.24842
24,0.363215,3.293,-1.24842
26,0.468141,2.53556,-0.677664
24,0.468141,2.53556,-0.677664
26,2.04474,3.0516,1.51031
24,2.04474,3.0516,1.51031
26,-0.63179,2.98044,0.404672
24,-0.63179,2.98044,0.404672
26,1.70321,1.96009,1.10394
24,1.70321,1.96009,1.10394
26,1.69155,1.94011,1.10468
24,1.69155,1.94011,1.10468
26,-0.390231,2.55098,0.0127
24,-0.390231,2.55098,0.0127
26,-0.255529,2.50071,1.12755
24,-0.255529,2.50071,1.12755
26,2.09797,2.88798,1.24025
24,2.09797,2.88798,1.24025
26,0.573146,2.54145,-0.567067
25,0.573146,2.54145,-0.567067
26,0.532982,2.57954,-0.458506
25,0.532982,2.57954,-0.458506
26,0.527649,2.47823,-0.77939
25,0.527649,2.47823,-0.77939
26,2.15871,3.01155,1.20255
25,2.15871,3.01155,1.20255
26,2.09545,2.47657,1.08548
25,2.09545,2.47657,1.08548
26,2.14453,2.57466,1.08912
25,2.14453,2.57466,1.08912
26,2.0854,2.85323,1.57415
25,2.0854,2.85323,1.57415
26,-0.450968,2.52892,0.0245594
25,-0.450968,2.52892,0.0245594
26,1.79314,2.22434,1.10555
25,1.79314,2.22434,1.10555
26,0.474053,2.88396,-0.57
21,0.474053,2.88396,-0.57
26,0.406507,2.8638,-0.566898
21,0.406507,2.8638,-0.566898
26,0.466913,2.76933,-0.693546
21,0.466913,2.76933,-0.693546
26,0.476051,2.89652,-0.955947
21,0.476051,2.89652,-0.955947
26,0.469182,2.35699,-0.342245
21,0.469182,2.35699,-0.342245
26,0.499078,2.56913,-0.562723
21,0.499078,2.56913,-0.562723
26,0.267042,2.50613,-0.655657
21,0.267042,2.50613,-0.655657
26,0.29616,2.48073,-0.699658
21,0.29616,2.48073,-0.699658
26,0.545177,2.68844,-0.761618
8,0.545177,2.68844,-0.761618
26,0.646022,2.54622,-0.698979
8,0.646022,2.54622,-0.698979
26,0.432105,2.46913,-0.665898
7,0.432105,2.46913,-0.665898
26,0.391212,2.55202,-0.439261
11,0.391212,2.55202,-0.439261
26,0.449949,2.66833,-0.840253
11,0.449949,2.66833,-0.840253
26,0.52247,2.54667,-0.644303
11,0.52247,2.54667,-0.644303
27,1.86994,0.526589,1.10301
27,1.93273,0.718973,1.10143
27,1.73492,2.02551,1.06175
27,1.75058,2.02417,1.05707
27,1.73238,2.03327,1.06153
27,1.75036,2.0317,1.05772
27,1.75128,2.03226,1.05588
27,1.76158,2.03709,1.05575
27,1.78422,2.04249,1.0455
27,1.80599,2.05448,1.05392
27,1.75648,2.07933,1.05032
27,1.82703,2.03431,0.951836
27,1.72625,2.04681,0.931333
27,1.74552,2.04463,0.912691
27,1.72703,2.05202,0.90958
27,1.73678,2.05695,0.926355
27,1.72517,2.05937,0.926931
27,1.74562,2.04659,0.893382
27,1.73921,2.04832,0.893168
27,1.73216,2.05769,0.907558
27,1.75273,2.06272,0.922459
27,1.72575,2.06876,0.908367
27,1.83694,2.00894,0.775435
27,1.83114,2.01273,0.765354
27,1.82696,2.01893,0.770132
27,1.82696,2.01885,0.769227
27,1.72385,2.0549,0.778568
27,1.72488,2.05613,0.780222
27,1.83171,2.00283,0.660439
27,1.8317,2.00228,0.65489
27,1.83112,2.00565,0.660792
27,1.80039,2.0219,0.614653
27,1.84164,2.03464,0.654205
27,1.84442,2.04076,0.652875
27,2.72716,2.06573,1.08154
27,2.73404,2.07026,1.09237
27,2.74306,2.07453,1.09302
27,2.73758,2.07639,1.09103
27,2.73458,2.07696,1.08938
27,2.74268,2.0787,1.09021
27,1.85029,2.01375,0.478771
27,2.71525,2.08711,1.08314
27,2.73911,2.0837,1.08365
27,1.83501,2.02023,0.466616
27,1.8466,2.02119,0.468051
27,1.84179,1.98815,0.370097
27,1.85238,2.02296,0.473478
27,1.83652,2.02461,0.467279
27,1.84914,1.98786,0.368926
27,1.84803,2.02312,0.467435
27,1.85652,1.98928,0.374344
27,1.85088,1.99087,0.373975
27,2.73987,2.09493,1.08115
27,1.85106,1.99234,0.374687
27,1.84878,1.98939,0.350029
27,1.84599,2.03828,0.467323
27,1.71833,2.13523,0.663289
27,1.84354,2.00922,0.36159
27,1.84809,2.05175,0.465015
27,2.72185,2.04122,0.77471
27,2.71569,2.03047,0.716601
27,2.73958,2.0681,0.784441
27,2.74242,2.06673,0.777879
27,1.71854,2.19699,0.651986
27,2.70862,2.0503,0.686895
27,2.73604,2.06575,0.712998
27,2.73774,2.06657,0.704316
27,2.67885,1.97798,0.422094
27,2.73001,2.02506,0.476818
27,2.72682,2.02814,0.48241
27,2.71908,2.01648,0.407661
27,1.64765,2.42339,1.05368
27,2.74361,2.0505,0.472452
27,2.73502,1.99827,0.309304
27,0.59166,2.66194,1.1169
27,0.584907,2.67288,1.1203
27,0.616598,2.68425,1.10916
27,0.642084,2.68536,1.12186
27,0.572811,2.70582,1.11838
27,1.65029,2.5056,1.05196
27,0.582819,2.69563,1.08242
27,0.63596,2.70272,1.11987
27,0.602808,2.70501,1.11076
27,0.605348,2.70918,1.09167
27,0.564358,2.67701,0.976842
27,0.574478,2.74226,1.07866
27,0.57491,2.75397,1.08078
27,0.575297,2.78939,1.06356
27,1.9981,1.93981,-0.822367
27,3.24142,1.7669,-0.787226
27,2.81752,2.04876,-0.196361
27,1.61352,2.01871,-0.848035
27,3.22588,1.78757,-0.782829
27,3.22909,1.79364,-0.784423
27,2.19807,1.94689,-0.83216
27,1.79453,2.05882,-0.706379
27,0.557629,2.79133,0.781934
27,1.78397,2.05639,-0.728469
27,2.21128,1.95634,-0.813725
27,2.85624,2.09531,-0.125073
27,1.78877,2.03342,-0.802657
27,2.83764,2.10345,-0.118844
27,1.78543,2.07151,-0.707543
27,1.97859,2.81648,1.49063
27,1.81742,2.04262,-0.779905
27,2.25734,1.96734,-0.792158
27,3.19891,1.79821,-0.832335
27,2.18613,1.97542,-0.806423
27,2.30988,1.95936,-0.798112
27,1.88011,2.04336,-0.762108
27,1.81711,2.04982,-0.786175
27,1.83894,2.0473,-0.786485
27,2.57445,1.965,-0.678925
27,3.26441,1.8116,-0.792782
27,1.78788,2.04708,-0.816169
27,1.78446,2.07508,-0.739272
27,1.8582,2.0539,-0.765871
27,1.86976,2.05225,-0.77289
27,1.87303,2.0544,-0.772555
27,3.13994,1.83666,-0.803941
27,2.5696,1.97035,-0.692574
27,2.3117,1.97167,-0.812767
27,2.86779,2.1213,-0.136578
27,2.87479,2.11911,-0.141057
27,1.88635,2.06431,-0.760346
27,2.32151,1.97456,-0.816504
27,3.57309,1.77621,-0.797738
27,3.13124,1.85037,-0.799291
27,1.81223,2.05595,-0.834201
27,2.75046,1.9627,-0.666404
27,1.84012,2.05346,-0.835277
27,3.72708,1.7655,-0.77093
27,1.77701,2.10213,-0.728371
27,3.14197,1.85678,-0.78745
27,3.14478,1.84764,-0.812951
27,3.21957,1.83051,-0.828239
27,3.73814,1.76298,-0.784576
27,1.76858,2.12024,-0.693188
27,3.68023,1.77238,-0.786124
27,3.79203,1.77262,-0.734766
27,1.87179,2.06394,-0.812088
27,3.57305,1.7986,-0.769671
27,3.40736,1.8146,-0.802016
27,3.15067,1.8568,-0.809357
27,3.14505,1.86445,-0.791685
27,3.80923,1.77751,-0.730943
27,2.88243,2.13784,-0.148317
27,1.85426,2.06173,-0.851649
27,2.88888,2.13948,-0.149583
27,1.83501,2.06938,-0.843674
27,3.88303,1.76897,-0.741903
27,3.42042,1.84735,-0.747013
27,3.58611,1.81001,-0.776986
27,2.76197,1.98306,-0.676242
27,3.41575,1.8473,-0.756442
27,1.87728,2.06498,-0.858782
27,1.8788,2.0674,-0.859675
27,3.70845,1.79028,-0.790614
27,3.23708,1.86324,-0.804257
27,3.70973,1.79466,-0.788311
27,3.48258,1.82226,-0.817754
27,3.61866,1.81292,-0.783281
27,2.71796,2.00491,-0.661444
27,1.85324,2.07744,-0.863601
27,2.60265,2.00309,-0.733662
27,3.18524,1.88573,-0.796978
27,2.57866,2.01319,-0.727881
27,2.76183,1.99602,-0.694512
27,3.42755,1.86565,-0.765135
27,3.26905,1.87672,-0.824324
27,2.78847,2.00342,-0.690196
27,3.63917,1.83954,-0.777111
27,3.2148,1.90335,-0.794583
27,2.58299,2.03224,-0.733875
27,3.22539,1.90453,-0.796812
27,3.73252,1.83836,-0.759115
27,3.65442,1.85477,-0.749571
27,2.78778,2.01346,-0.706864
27,3.6806,1.84361,-0.774696
27,3.2618,1.89329,-0.830742
27,3.26665,1.89199,-0.833124
27,2.79681,2.01907,-0.716695
27,2.7537,2.03915,-0.706493
27,2.75445,2.03389,-0.731542
27,3.53075,1.89917,-0.757574
27,3.33621,1.93389,-0.765338
27,3.75478,1.85707,-0.790261
27,2.75952,2.05284,-0.703389
27,2.79969,2.04632,-0.739016
27,3.75053,1.88681,-0.765046
27,1.56919,2.8998,1.06806
27,3.25458,1.97798,-0.762301
27,1.57036,2.90134,1.0669
27,0.250787,2.58681,-0.45529
27,0.252071,2.60989,-0.394047
27,0.269546,2.57217,-0.498108
27,0.260119,2.58958,-0.453516
27,3.33789,1.95999,-0.801452
27,0.261063,2.60911,-0.402573
27,3.38212,1.9539,-0.801196
27,0.272813,2.5548,-0.559285
27,0.283039,2.51679,-0.667228
27,3.54621,1.93706,-0.796066
27,0.328063,2.59473,-0.44073
27,3.36394,1.96734,-0.801467
27,0.278094,2.50097,-0.733684
27,0.343227,2.57657,-0.494003
27,0.329017,2.62166,-0.372947
27,0.341036,2.55955,-0.546729
27,0.272612,2.5258,-0.675747
27,2.89906,2.0337,-0.843781
27,3.25489,1.99951,-0.7803
27,3.27056,1.99851,-0.781152
27,2.89534,2.04186,-0.835179
27,3.37037,1.97751,-0.799208
27,0.353776,2.53938,-0.620263
27,0.532297,2.6711,-0.164205
27,0.326413,2.60556,-0.447254
27,0.33917,2.50829,-0.718729
27,3.2708,2.00251,-0.78296
27,0.241244,2.60709,-0.486457
27,0.389937,2.58227,-0.488503
27,0.341883,2.54607,-0.615221
27,3.37144,1.97816,-0.811338
27,0.326955,2.63062,-0.386385
27,0.392829,2.60105,-0.449415
27,0.343133,2.58708,-0.513535
27,3.2625,2.00923,-0.787587
27,0.394022,2.62779,-0.380983
27,0.388682,2.61159,-0.430091
27,0.402969,2.52831,-0.660385
27,3.27287,2.00924,-0.796184
27,0.449809,2.56777,-0.53527
27,0.25208,2.62442,-0.471018
27,0.404013,2.57013,-0.558956
27,0.40193,2.5483,-0.622021
27,0.466575,2.53205,-0.64252
27,0.451379,2.60868,-0.432892
27,2.05722,3.02271,1.48948
27,0.264636,2.61076,-0.515353
27,0.400922,2.555,-0.613507
27,0.326566,2.62239,-0.457583
27,0.445224,2.63536,-0.367796
27,3.28016,2.02005,-0.792603
27,0.451521,2.63524,-0.372366
27,0.401136,2.57668,-0.563073
27,3.2792,2.02029,-0.797057
27,3.26344,2.02405,-0.794095
27,0.411183,2.48911,-0.808868
27,0.465418,2.55269,-0.604402
27,0.457671,2.5944,-0.492846
27,2.98895,2.05961,-0.826694
27,3.34882,2.02999,-0.742598
27,0.412859,2.52227,-0.722971
27,0.321042,2.6099,-0.520732
27,0.313809,2.63619,-0.460643
27,0.469594,2.55466,-0.619217
27,0.250596,2.65744,-0.431825
27,0.268826,2.50754,-0.849023
27,0.413792,2.52344,-0.737268
27,0.266593,2.56163,-0.701357
27,0.509608,2.59982,-0.483038
27,0.289209,2.5103,-0.840292
27,0.27858,2.52454,-0.811353
27,0.478982,2.52469,-0.717703
27,0.509915,2.61572,-0.445671
27,0.463065,2.60334,-0.507518
27,0.353106,2.5163,-0.805662
27,0.509214,2.61903,-0.443338
27,0.31904,2.62498,-0.516228
27,0.481167,2.52321,-0.730165
27,0.542797,2.50263,-0.760803
27,0.25952,2.52729,-0.823586
27,0.525621,2.56637,-0.59263
27,0.523087,2.58072,-0.554007
27,0.590419,2.54213,-0.634196
27,0.510145,2.65319,-0.361145
27,0.523562,2.60235,-0.502927
27,0.574077,2.6222,-0.424233
27,3.00321,2.07564,-0.839369
27,0.57008,2.58676,-0.531278
27,0.308808,2.677,-0.398097
27,0.606753,2.49901,-0.764288
27,1.42111,3.00461,1.04828
27,0.32989,2.67441,-0.398052
27,3.3294,2.05392,-0.762858
27,0.534824,2.54935,-0.665267
27,0.399826,2.58218,-0.635886
27,0.337677,2.54207,-0.778757
27,0.523398,2.59031,-0.555964
27,0.541377,2.55193,-0.663248
27,0.330447,2.5962,-0.637024
27,1.41963,3.01352,1.05168
27,0.547877,2.507,-0.79164
27,0.407574,2.51938,-0.823019
27,0.606169,2.52837,-0.70556
27,0.407367,2.52918,-0.802357
27,0.394116,2.5702,-0.700808
27,3.01476,2.09123,-0.845593
27,1.44549,3.04951,1.13433
27,1.4465,3.04974,1.1296
27,0.430213,2.65404,-0.466633
27,0.42888,2.66865,-0.426333
27,2.91487,2.15,-0.735172
27,0.557373,2.66693,-0.372012
27,0.586489,2.61781,-0.500084
27,0.571282,2.62247,-0.497489
27,0.572575,2.6423,-0.444668
27,0.45257,2.57522,-0.691132
27,1.42296,3.06197,1.14106
27,0.465868,2.55288,-0.750835
27,0.647526,2.55876,-0.650777
27,0.666437,2.51806,-0.757463
27,1.42237,3.0598,1.12674
27,0.425662,2.53294,-0.835553
27,0.515207,2.59643,-0.618703
27,0.516621,2.61207,-0.574061
27,0.540421,2.52975,-0.797116
27,3.36647,2.07103,-0.776848
27,1.42141,3.06868,1.14111
27,0.490496,2.67466,-0.411208
27,0.501049,2.67439,-0.409782
27,0.50184,2.63812,-0.516513
27,1.42083,3.06867,1.12916
27,0.628798,2.64629,-0.442406
27,4.00699,1.99047,-0.724657
27,0.43687,2.69642,-0.393142
27,1.45837,3.06568,1.13001
27,0.457685,2.59098,-0.683129
27,1.42942,3.07051,1.12842
27,1.48751,3.04039,1.06342
27,0.50528,2.64946,-0.508164
27,1.37684,3.08849,1.1428
27,1.47276,3.05215,1.07747
27,1.47158,3.03985,1.04136
27,0.512489,2.6213,-0.592584
27,1.4803,3.05126,1.07764
27,1.47266,3.05529,1.07745
27,0.560588,2.67912,-0.416598
27,1.45629,3.04721,1.04093
27,0.457857,2.5587,-0.811228
27,0.622164,2.6759,-0.402923
27,1.46428,3.05239,1.05554
27,0.526482,2.57051,-0.7529
27,0.570027,2.60692,-0.63045
27,1.39672,3.09963,1.14342
27,0.570976,2.63053,-0.572078
27,1.51788,3.05813,1.07836
27,0.673788,2.5413,-0.780952
27,0.566627,2.66798,-0.473403
27,0.643295,2.64727,-0.496358
27,0.635122,2.64228,-0.514632
27,0.681519,2.565,-0.712028
27,0.572651,2.61583,-0.619636
27,0.574237,2.63886,-0.557718
27,0.59081,2.54748,-0.814393
27,0.619033,2.65198,-0.505578
27,0.590864,2.55113,-0.806129
27,0.611163,2.69101,-0.401766
27,0.650776,2.63284,-0.554031
27,0.619696,2.67316,-0.454999
27,0.61803,2.66103,-0.49409
27,0.635128,2.61445,-0.623922
27,0.633303,2.59658,-0.676556
27,0.650679,2.54612,-0.812593
27,0.516222,2.5607,-0.834503
27,0.629055,2.59808,-0.679403
27,4.02948,2.01304,-0.749554
27,0.631427,2.63368,-0.584626
27,0.630278,2.62541,-0.611409
27,0.644531,2.67879,-0.45375
27,0.641636,2.54988,-0.821247
27,0.647307,2.67182,-0.474943
27,0.650869,2.55207,-0.812726
27,0.668378,2.54767,-0.822188
27,0.642175,2.56762,-0.779293
27,0.642911,2.57709,-0.753254
27,0.677344,2.5507,-0.814265
27,4.03835,2.0197,-0.750226
27,0.654322,2.60788,-0.666618
27,0.680128,2.55118,-0.819358
27,0.661409,2.6056,-0.6853
27,0.668868,2.57232,-0.780906
27,0.730644,2.56682,-0.786404
27,0.687687,2.57864,-0.787392
27,0.556115,2.6907,-0.53505
27,0.607964,2.70863,-0.487985
27,0.608783,2.71751,-0.462514
27,0.606369,2.69635,-0.526812
27,0.668068,2.57744,-0.835652
27,0.6302,2.59768,-0.800583
27,0.630651,2.60615,-0.778979
27,0.635399,2.58665,-0.83402
27,0.648548,2.60208,-0.798438
27,0.622626,2.76055,-0.396412
27,0.629174,2.73782,-0.460344
27,3.58912,3.02096,1.59001
27,1.39041,2.80577,-0.0801805
27,1.43305,2.83327,-0.000202656
27,3.66663,3.05865,1.59813
27,0.571158,3.036,0.027269
27,3.68405,3.09084,1.59711
27,2.12846,3.15793,1.05011
27,1.40744,2.8744,-0.117001
27,1.41119,2.87669,-0.118117
27,1.43781,2.90511,-0.0278058
27,0.565366,3.02325,-0.150226
27,3.63655,3.13265,1.55552
27,0.53955,3.13722,0.0913031
27,3.3268,2.48718,-0.693567
27,3.58111,3.11767,1.03376
27,3.71653,3.08094,0.985387
27,3.71498,3.05381,0.902442
27,3.71013,3.08807,0.99164
27,3.61101,3.11811,1.01389
27,3.3676,2.55739,-0.707786
27,3.71815,3.10656,0.994266
27,3.61677,3.13539,1.01611
27,3.72582,3.11124,0.990804
27,3.74115,3.11235,0.997996
27,3.5982,3.15412,1.04327
27,3.73417,3.11572,0.973655
27,3.75734,3.11764,0.974469
27,1.49548,3.58967,1.2392
27,3.754,3.12826,0.976817
27,3.74845,3.13338,0.988219
27,3.74797,3.09868,0.878538
27,3.68707,3.07478,0.779654
27,3.77413,3.10752,0.907586
27,3.61658,3.18649,1.04892
27,3.79406,3.13912,0.994503
27,3.63479,3.17712,1.01639
27,3.59459,3.19184,1.02742
27,3.64427,3.19123,1.02827
27,3.7524,3.07987,0.762842
27,3.67884,3.20157,1.05793
27,3.73024,3.08464,0.747691
27,1.51526,2.92235,-0.755297
27,3.73439,3.07572,0.706864
27,4.14663,3.113,0.979594
27,3.79707,3.17372,0.975873
27,4.17559,3.12453,1.00088
27,3.7525,3.1136,0.767043
27,3.77377,3.16737,0.924305
27,3.62391,3.23007,1.0266
27,1.52291,2.92336,-0.831559
27,3.76695,3.09918,0.703928
27,3.70276,3.03187,0.48205
27,1.51038,2.94127,-0.807305
27,3.76478,3.12577,0.76577
27,3.7534,3.11143,0.705305
27,3.65352,3.04134,0.458626
27,3.75878,3.12814,0.748896
27,3.757,3.11636,0.7136
27,3.69473,3.04301,0.476168
27,3.66978,3.04106,0.458527
27,1.49043,2.95019,-0.838169
27,3.58031,3.06278,0.454333
27,1.5016,2.94758,-0.855824
27,3.65123,3.07117,0.497604
27,3.64839,3.07096,0.490087
27,4.21687,3.15751,0.999431
27,4.21108,3.1577,0.993902
27,4.18235,3.16083,0.978263
27,3.65926,3.04946,0.410961
27,4.19433,3.17464,0.998319
27,3.67567,3.07751,0.475934
27,3.72324,3.06699,0.461679
27,3.6425,3.07865,0.44815
27,4.21282,3.17623,0.988017
27,3.72521,3.07072,0.458189
27,3.69058,3.07858,0.456943
27,3.64847,3.29074,1.02527
27,4.1939,3.18534,0.980949
27,3.70164,3.08986,0.478636
27,3.74522,3.08327,0.479549
27,3.72275,3.07623,0.447863
27,3.67534,3.07273,0.411983
27,3.74788,3.08562,0.480394
27,3.69171,3.08672,0.457159
27,3.6772,3.07293,0.402618
27,3.58769,3.10656,0.450063
27,3.70388,3.0714,0.396889
27,3.70956,3.07889,0.410285
27,3.66197,3.10189,0.438614
27,3.63989,3.08189,0.363717
27,3.64847,3.08951,0.379101
27,4.11596,3.05494,0.497173
27,3.68193,3.129,0.500349
27,3.73039,3.08478,0.393668
27,3.69452,3.09329,0.399903
27,3.63984,3.08946,0.356358
27,3.60775,3.12507,0.441527
27,3.66558,3.31684,1.00996
27,3.65306,3.09036,0.360947
27,4.13894,3.04916,0.471097
27,4.12159,3.05964,0.488532
27,4.1425,3.06465,0.506726
27,4.14881,3.05436,0.476445
27,3.721,3.08758,0.360659
27,3.73421,3.09504,0.387782
27,3.65237,3.10392,0.360143
27,3.76157,3.11711,0.445981
27,4.12518,3.06235,0.45803
27,3.71129,3.1329,0.456797
27,4.1286,3.07626,0.488993
27,4.15294,3.06915,0.46769
27,4.1367,3.07641,0.479007
27,4.17529,3.06281,0.45748
27,4.17601,3.07017,0.478548
27,3.74361,3.11012,0.389105
27,3.70468,3.12601,0.390484
27,3.64324,3.05977,0.169111
27,4.85919,3.19994,1.12525
27,3.65315,3.06244,0.16813
27,3.6179,3.26,0.706099
27,3.68476,3.13641,0.374803
27,3.74648,3.14443,0.386023
27,3.59055,2.73924,-0.859321
27,3.66343,3.09168,0.162862
27,4.77132,3.33515,1.36857
27,4.18514,3.11075,0.456989
27,3.72772,3.15873,0.35285
27,4.74791,3.31104,1.24546
27,4.76987,3.00951,0.397505
27,4.793,3.35228,1.37612
27,3.66076,3.21104,0.43364
27,4.77993,2.5852,-0.822504
27,4.76294,3.39484,1.4624
27,3.60218,3.19716,0.355503
27,4.77127,3.40001,1.45097
27,4.82563,3.4023,1.46503
27,4.78608,3.03511,0.388406
27,4.80682,3.38617,1.38233
27,4.75152,3.35437,1.25004
27,4.78733,3.35304,1.24719
27,4.79348,3.42978,1.46086
27,4.84719,3.43935,1.47453
27,3.72407,3.25369,0.423336
27,4.79822,3.36553,1.23989
27,3.69315,3.26036,0.417952
27,4.80399,3.33143,1.12231
27,3.62326,3.11605,-0.077178
27,4.76457,3.33995,1.08971
27,4.71742,3.34373,1.06755
27,3.71098,3.28569,0.417416
27,3.71348,3.29173,0.415865
27,4.70667,3.35945,1.05358
27,3.72754,3.3078,0.410896
27,4.76269,3.37383,1.07288
27,3.66873,3.15222,-0.0719271
27,3.71224,3.31758,0.410734
27,3.67674,2.86118,-0.943682
27,4.82655,3.41445,1.09181
27,3.6927,3.3436,0.35585
27,3.69795,3.35148,0.362483
27,4.76312,3.4275,1.06222
27,3.7208,3.35919,0.380698
27,3.77421,3.15232,-0.200097
27,3.69524,3.01088,-0.672981
27,1.62197,4.00328,1.1418
27,3.78711,3.17591,-0.19172
27,3.71539,3.34118,0.212311
27,4.82473,3.463,1.07495
27,3.61906,3.0344,-0.714369
27,3.72301,3.34984,0.21001
27,3.57459,3.25269,-0.1447
27,3.69794,3.03747,-0.713145
27,3.69795,3.14238,-0.41763
27,3.6895,3.03838,-0.724417
27,3.65239,3.08119,-0.626423
27,3.71155,3.0384,-0.725827
27,3.66301,3.03949,-0.757375
27,4.84662,3.48946,1.06671
27,3.5921,3.2736,-0.149141
27,3.69208,3.16567,-0.414977
27,3.6938,3.0553,-0.732992
27,3.69436,3.0581,-0.739259
27,3.72337,3.05999,-0.742133
27,3.70325,3.06737,-0.731938
27,3.6356,3.30924,-0.0784776
27,3.67939,3.14478,-0.546895
27,3.594,3.29865,-0.150881
27,3.67036,3.06751,-0.771087
27,4.02152,3.00529,-0.784668
27,3.65668,3.32393,-0.0685219
27,4.03298,3.00922,-0.791466
27,3.59188,3.32737,-0.121924
27,3.68018,3.15629,-0.567236
27,3.654,3.33069,-0.0861365
27,3.67071,3.16183,-0.574082
27,3.59699,3.3394,-0.12728
27,3.74339,3.10428,-0.726251
27,3.73931,3.11233,-0.742251
27,3.69765,3.1076,-0.785017
27,3.68441,3.12277,-0.792514
27,3.67216,3.12906,-0.780706
27,3.90142,3.25638,-0.449145
27,4.91863,3.38653,0.381608
27,4.93266,3.40289,0.395618
27,4.98098,3.38801,0.375452
27,4.98481,3.39934,0.384151
27,4.99517,3.41161,0.375481
27,5.00604,3.41345,0.37009
27,4.91539,3.20264,-0.506666
27,4.9227,3.18541,-0.652967
27,4.93475,3.21513,-0.642953
27,4.84434,3.21597,-0.684391
27,4.82359,3.22003,-0.689422
27,4.88621,3.25165,-0.708362
27,4.86647,3.27164,-0.686564
27,5.02613,3.27303,-0.695809
27,4.791,3.31792,-0.745624
27,4.9268,3.31086,-0.74368
27,4.99088,3.36824,-0.752388
27,4.89901,3.48004,-0.816541
27,0.26621,2.5538,-0.564892
7,0.26621,2.5538,-0.564892
27,0.56895,2.64293,-0.511037
25,0.56895,2.64293,-0.511037
27,0.642101,2.71575,-0.454504
26,0.642101,2.71575,-0.454504
27,0.514474,2.58291,-0.814098
26,0.514474,2.58291,-0.814098
27,1.44059,2.97759,1.13596
26,1.44059,2.97759,1.13596
27,1.4383,2.92085,-0.031634
6,1.4383,2.92085,-0.031634
28,2.61504,1.73126,1.07077
28,1.7735,1.99627,1.03266
28,1.80437,2.02838,0.932211
28,1.80385,2.04538,0.757108
28,2.68209,1.90754,0.994936
28,2.67434,1.87115,0.810681
28,1.81,2.05072,0.646815
28,2.65806,1.77979,0.544889
28,2.67964,1.88593,0.799025
28,2.6668,1.78588,0.538347
28,1.81384,2.05852,0.461829
28,2.6786,1.83647,0.441394
28,1.81178,2.09522,0.456687
28,3.4312,1.22609,-0.593172
28,3.1208,1.33245,-0.568597
28,1.82373,2.0686,0.326937
28,1.82109,2.08024,0.320957
28,3.26064,1.28107,-0.678286
28,2.71311,2.17328,0.993212
28,2.5598,1.6314,-0.448891
28,2.11528,1.69747,-0.664497
28,2.70763,2.12678,0.79138
28,2.33054,1.59202,-0.794045
28,2.71999,2.14015,0.804501
28,2.11633,1.71549,-0.677626
28,2.71311,2.10112,0.680381
28,3.55685,1.32997,-0.704985
28,2.88434,1.48503,-0.810464
28,2.84661,1.51779,-0.782441
28,3.45938,1.41641,-0.606652
28,4.08746,1.1959,-0.725833
28,2.8462,1.52972,-0.789061
28,2.95056,1.49562,-0.807579
28,2.85553,1.53819,-0.772978
28,4.03979,1.22741,-0.711755
28,2.8489,1.54036,-0.777547
28,4.03857,1.23648,-0.699997
28,2.94854,1.50417,-0.811478
28,4.10363,1.20681,-0.743262
28,2.08864,1.77623,-0.76176
28,2.30186,1.70337,-0.798815
28,2.92829,1.5221,-0.812443
28,2.92171,1.53977,-0.781742
28,3.58617,1.37518,-0.731933
28,2.29236,1.72581,-0.778873
28,3.3725,1.39872,-0.831716
28,4.0613,1.25056,-0.728292
28,2.08302,1.79773,-0.769108
28,2.29251,1.73306,-0.785487
28,2.81418,1.58891,-0.78013
28,4.23523,1.19239,-0.777315
28,2.98671,1.53639,-0.803921
28,2.93134,1.55674,-0.795855
28,4.08576,1.24789,-0.759038
28,3.60833,1.39045,-0.750462
28,2.82163,1.60102,-0.785011
28,2.99001,1.54488,-0.80693
28,3.0109,1.53672,-0.813276
28,2.85146,1.59728,-0.777072
28,2.81044,2.01648,0.22531
28,2.8224,1.60221,-0.795636
28,2.82095,1.60604,-0.801188
28,2.94624,1.57991,-0.784352
28,3.00955,1.55783,-0.794884
28,1.59184,1.94732,-0.829131
28,2.94676,1.58145,-0.784299
28,2.82396,1.61527,-0.787591
28,3.01297,1.5628,-0.798593
28,2.80476,2.04477,0.226439
28,4.10373,1.29382,-0.71946
28,3.04605,1.56185,-0.804779
28,2.91498,1.61741,-0.762402
28,1.76707,1.91692,-0.830529
28,4.22304,1.24813,-0.760379
28,3.0452,1.5672,-0.801583
28,2.21132,1.75432,-0.9258
28,2.95316,1.59816,-0.795801
28,4.2596,1.24518,-0.754427
28,1.56362,1.97643,-0.849579
28,4.21626,1.2579,-0.765948
28,1.72367,1.9402,-0.829797
28,2.93618,1.62372,-0.763396
28,3.01456,1.58197,-0.813849
28,3.02252,1.57976,-0.817762
28,4.14257,1.29785,-0.730951
28,3.0504,1.57298,-0.819878
28,4.25614,1.25221,-0.769216
28,2.83552,1.64829,-0.794789
28,2.79752,1.92664,-0.136642
28,2.85065,1.64781,-0.786104
28,2.8012,2.07137,0.218433
28,4.22102,1.27208,-0.756948
28,2.94243,1.62906,-0.772503
28,2.85417,1.64848,-0.787421
28,2.94083,1.63232,-0.77265
28,2.84624,1.65415,-0.786262
28,2.98373,1.60899,-0.802739
28,2.9348,1.63564,-0.781169
28,2.38355,1.73525,-0.926439
28,2.94827,1.6361,-0.775925
28,4.21374,1.29103,-0.758672
28,2.39887,1.73603,-0.937492
28,2.82043,2.08566,0.213099
28,3.05815,1.59555,-0.82827
28,2.97539,1.65422,-0.744485
28,2.98486,1.63313,-0.792674
28,2.81244,2.10895,0.202495
28,4.19837,1.32202,-0.773859
28,3.02011,1.65341,-0.809717
28,1.43633,2.86366,1.05857
28,2.23466,1.89563,-0.765212
28,2.83224,2.11637,0.187163
28,3.0872,1.64854,-0.788673
28,3.46907,1.80403,-0.145851
28,3.03387,1.66987,-0.784876
28,3.08736,1.6532,-0.792736
28,2.29635,1.88839,-0.770934
28,3.83144,1.45179,-0.774613
28,2.81889,2.14617,0.218953
28,2.2996,1.89394,-0.773957
28,2.26591,1.90843,-0.77477
28,2.84178,2.14137,0.183223
28,3.05087,1.68318,-0.801291
28,3.11931,1.66233,-0.805042
28,2.84023,2.14262,0.180955
28,3.11989,1.67027,-0.786407
28,3.11952,1.67063,-0.786082
28,3.12281,1.66608,-0.799207
28,3.08896,1.67281,-0.808053
28,3.08897,1.66169,-0.837003
28,3.22964,1.57708,-0.948928
28,3.12528,1.66349,-0.815383
28,3.04378,1.69456,-0.798264
28,2.84294,2.15336,0.179092
28,3.09108,1.68095,-0.810055
28,2.30191,1.91153,-0.794596
28,3.13604,1.68205,-0.784944
28,3.12186,1.67833,-0.809534
28,3.09554,1.68182,-0.821941
28,2.26253,1.93473,-0.782397
28,3.05313,1.70253,-0.814277
28,3.85685,1.48629,-0.799784
28,3.8605,1.49265,-0.800501
28,3.07822,1.72165,-0.790291
28,1.814,2.06078,-0.842835
28,3.079,1.72368,-0.790496
28,2.8236,2.04267,-0.189659
28,1.8576,2.0796,-0.777093
28,1.85672,2.07975,-0.785139
28,3.13337,1.70539,-0.815517
28,3.16028,1.70857,-0.806051
28,3.08664,1.7319,-0.80459
28,1.84178,2.09369,-0.813169
28,1.81135,2.08133,-0.865342
28,1.85656,2.09306,-0.81539
28,3.14393,1.73685,-0.792514
28,1.81547,2.09136,-0.868847
28,4.0498,1.52521,-0.74659
28,2.2588,1.91432,-1.04567
28,3.22465,1.74947,-0.800779
28,1.9257,2.01026,-1.07153
28,3.19578,1.7616,-0.812481
28,3.49188,1.70298,-0.777708
28,3.19496,1.77813,-0.809015
28,3.24827,1.76523,-0.818053
28,3.53469,1.67022,-0.853403
28,3.15879,1.81975,-0.758248
28,2.2095,2.03323,-0.901869
28,3.24118,1.77151,-0.826739
28,3.86909,1.61993,-0.763044
28,3.39652,1.77275,-0.728728
28,3.16741,1.8184,-0.780964
28,2.18993,2.02556,-0.956676
28,3.87654,1.62183,-0.77399
28,3.50079,1.72261,-0.798464
28,3.46573,1.74171,-0.780562
28,3.1792,1.81751,-0.79495
28,3.52834,1.68589,-0.875709
28,3.14482,1.82863,-0.794181
28,3.42018,1.75597,-0.781705
28,3.38402,1.76432,-0.789629
28,2.21513,2.03016,-0.960071
28,4.8301,1.58373,-0.232634
28,3.581,1.70934,-0.799056
28,3.14795,1.83854,-0.785515
28,2.03542,2.08533,-0.965059
28,3.52932,1.72419,-0.810049
28,3.56744,1.72204,-0.789097
28,3.39835,1.77281,-0.782617
28,2.21467,2.01476,-1.01754
28,3.39603,1.79575,-0.732468
28,3.52926,1.73219,-0.799082
28,3.05133,2.24659,0.127925
28,3.43685,1.77091,-0.783178
28,2.19753,2.04462,-0.978898
28,3.16318,1.8518,-0.779043
28,3.16023,1.86304,-0.756986
28,3.51625,1.74138,-0.807944
28,3.87916,1.64825,-0.78667
28,3.51971,1.73886,-0.815056
28,3.48241,1.78874,-0.720619
28,2.05581,2.0485,-1.07955
28,3.55763,1.73629,-0.799288
28,3.38578,1.78864,-0.793504
28,3.05353,2.25684,0.124561
28,3.55886,1.73536,-0.80697
28,3.40641,1.80562,-0.747319
28,3.55729,1.7303,-0.828664
28,3.41669,1.80267,-0.749652
28,3.30511,1.79708,-0.843955
28,3.36554,1.7876,-0.831085
28,3.5609,1.74323,-0.80396
28,3.24871,1.82549,-0.822665
28,3.4787,1.77982,-0.776344
28,2.1938,2.06277,-0.983917
28,3.48533,1.80812,-0.714532
28,3.58759,1.75423,-0.777725
28,3.4045,1.79856,-0.799701
28,2.87299,2.17842,-0.244766
28,4.17383,1.60036,-0.772239
28,3.59212,1.75325,-0.805433
28,3.24707,1.83674,-0.843852
28,3.48387,1.82443,-0.712255
28,3.21226,1.86988,-0.791775
28,3.20983,1.87311,-0.793427
28,3.60927,1.76016,-0.792987
28,3.3662,1.80887,-0.843127
28,3.24984,1.84388,-0.841472
28,3.61545,1.7603,-0.798488
28,3.60059,1.76997,-0.792201
28,3.55283,1.7872,-0.786867
28,4.13908,1.62642,-0.77522
28,3.21082,1.88059,-0.799368
28,3.42813,1.83423,-0.766734
28,3.477,1.82113,-0.772943
28,3.79178,1.72562,-0.788136
28,4.14993,1.63191,-0.771434
28,3.56343,1.80471,-0.766233
28,3.58741,1.79233,-0.783518
28,4.16194,1.6346,-0.78768
28,3.44889,1.84344,-0.772926
28,3.88701,1.62053,-1.01976
28,3.8914,1.73699,-0.732582
28,3.82333,1.75656,-0.737437
28,3.90257,1.71616,-0.782521
28,3.21854,1.9304,-0.734568
28,2.88137,2.21979,-0.258801
28,3.92325,1.73209,-0.731747
28,4.4332,1.56696,-0.782758
28,3.73684,1.76441,-0.786708
28,3.91272,1.69701,-0.831374
28,3.96433,1.70912,-0.768639
28,3.58109,1.80694,-0.798295
28,2.91209,2.21452,-0.265776
28,3.92322,1.71734,-0.782823
28,3.40875,1.84007,-0.841076
28,3.71451,1.76929,-0.801591
28,3.65357,1.8031,-0.764437
28,3.70708,1.77641,-0.796662
28,3.23272,1.92665,-0.763827
28,3.73366,1.74947,-0.849857
28,3.66017,1.80127,-0.776636
28,1.424,2.80244,0.116562
28,3.28911,1.90059,-0.799314
28,3.76155,1.74424,-0.854742
28,3.88235,1.75443,-0.745619
28,3.97886,1.71053,-0.787199
28,3.80447,1.75367,-0.804779
28,4.4597,1.57262,-0.794694
28,3.90854,1.71441,-0.831299
28,4.1621,1.65402,-0.805686
28,3.7044,1.78701,-0.798509
28,3.62497,1.81529,-0.78466
28,3.24151,1.93223,-0.765817
28,4.00736,1.71167,-0.776228
28,3.65309,1.81393,-0.772459
28,3.93508,1.74439,-0.746925
28,4.16679,1.65673,-0.801351
28,3.30709,1.89176,-0.824707
28,3.7381,1.75963,-0.850288
28,3.59886,1.83048,-0.775742
28,3.50366,1.86485,-0.759415
28,3.73167,1.79289,-0.778589
28,3.71759,1.80383,-0.763212
28,3.28716,1.9108,-0.800907
28,4.18244,1.66466,-0.781152
28,4.42312,1.61736,-0.732079
28,3.93584,1.7329,-0.790596
28,3.92415,1.73234,-0.800393
28,4.46323,1.57764,-0.806803
28,3.78617,1.77376,-0.809761
28,4.20155,1.68806,-0.732665
28,3.93139,1.7353,-0.805371
28,4.99151,2.01504,0.622761
28,3.80549,1.78161,-0.782569
28,3.91753,1.75594,-0.768927
28,4.4729,1.58221,-0.80996
28,3.47096,1.78166,-1.02329
28,4.07753,1.71333,-0.768418
28,4.12708,1.69415,-0.783343
28,3.79215,1.77805,-0.812621
28,3.42781,1.7815,-1.05986
28,3.82681,1.76645,-0.818509
28,4.23707,1.66613,-0.78085
28,3.81025,1.78576,-0.786497
28,3.83293,1.77321,-0.803906
28,4.12181,1.70767,-0.764056
28,4.12817,1.69838,-0.790949
28,4.08859,1.72038,-0.76798
28,3.51014,1.86702,-0.811547
28,4.06255,1.71406,-0.804423
28,3.34141,1.92351,-0.794563
28,3.69283,1.82229,-0.799012
28,2.77162,2.12075,-0.709923
28,4.15259,1.69087,-0.803298
28,3.9521,1.74635,-0.807143
28,3.96863,1.75581,-0.773153
28,3.76434,1.79328,-0.825693
28,4.14255,1.6993,-0.795152
28,3.94976,1.75123,-0.806054
28,4.08164,1.71834,-0.79921
28,5.03762,2.0172,0.601851
28,4.0859,1.72618,-0.779438
28,3.70687,1.83323,-0.782618
28,4.14443,1.70023,-0.809052
28,3.93825,1.77264,-0.776106
28,4.16972,1.7039,-0.785633
28,1.83582,2.23674,-1.11137
28,5.03556,1.85848,0.192376
28,3.4537,1.96845,-0.643211
28,4.47543,1.60861,-0.818054
28,3.33361,1.941,-0.800569
28,3.84768,1.79959,-0.789811
28,3.85022,1.79327,-0.807455
28,1.96331,2.22396,-1.08201
28,3.7731,1.79198,-0.881566
28,4.49099,1.60974,-0.829038
28,3.73501,1.85082,-0.765219
28,4.53898,1.63925,-0.724239
28,4.22566,1.73312,-0.71545
28,3.93696,1.84442,-0.644589
28,4.11132,1.73318,-0.797784
28,3.34805,1.94401,-0.813994
28,4.10441,1.73889,-0.792048
28,5.0304,2.05001,0.617858
28,4.23132,1.70558,-0.789901
28,2.82335,2.10046,-0.803285
28,3.29664,1.96073,-0.817869
28,3.32403,1.98935,-0.729217
28,3.7174,1.84067,-0.820708
28,3.0821,2.25938,-0.238451
28,5.04297,2.0394,0.588258
28,4.28568,1.6935,-0.797383
28,3.91873,1.84117,-0.691433
28,4.24044,1.71903,-0.774424
28,3.84993,1.81488,-0.819292
28,4.3234,1.7226,-0.723372
28,3.79289,1.85851,-0.762589
28,4.34272,1.69818,-0.778476
28,2.82259,2.11911,-0.807479
28,4.11294,1.77486,-0.753633
28,4.53036,1.663,-0.737404
28,4.39633,1.67396,-0.806331
28,4.11979,1.76843,-0.767704
28,4.48489,1.65809,-0.78474
28,4.0874,1.7582,-0.817517
28,4.28922,1.70894,-0.800655
28,4.33193,1.69209,-0.816651
28,4.42122,1.68849,-0.764619
28,4.37429,1.71864,-0.72857
28,4.56256,1.62668,-0.824845
28,4.03749,1.80431,-0.758341
28,4.45109,1.68726,-0.760052
28,4.32347,1.73515,-0.732283
28,4.11874,1.77812,-0.769667
28,1.8526,2.26985,-1.14664
28,4.06122,1.80657,-0.750259
28,4.01792,1.82216,-0.745935
28,4.28161,1.74937,-0.7505
28,2.8143,2.13443,-0.844431
28,4.2989,1.76238,-0.723782
28,4.3184,1.74543,-0.751868
28,3.36092,1.98156,-0.844165
28,4.09699,1.80206,-0.775015
28,4.35276,1.72399,-0.790141
28,4.10169,1.80119,-0.779608
28,3.50488,1.85248,-1.07401
28,4.55633,1.66431,-0.807411
28,4.60357,1.63956,-0.841762
28,1.95441,2.27782,-1.134
28,4.13073,1.79719,-0.797867
28,4.06014,1.83085,-0.773591
28,4.37124,1.72439,-0.821277
28,4.33464,1.76704,-0.742989
28,4.59997,1.68133,-0.771048
28,2.8942,2.1528,-0.803685
28,4.32587,1.7639,-0.760873
28,4.34799,1.7695,-0.738208
28,4.35246,1.76595,-0.754979
28,3.35084,2.04744,-0.76294
28,4.70007,1.64177,-0.819343
28,3.35197,2.05268,-0.751308
28,2.89321,2.16838,-0.791863
28,4.58446,1.69331,-0.783889
28,4.69954,1.64793,-0.816
28,4.10326,1.8272,-0.792374
28,4.34804,1.77619,-0.755836
28,2.88503,2.17661,-0.794864
28,2.89538,2.15139,-0.856713
28,3.97374,1.91523,-0.69274
28,5.012,1.71724,-0.454598
28,4.11446,1.83711,-0.790447
28,4.6786,1.66573,-0.819826
28,4.70801,1.65632,-0.831555
28,5.01372,2.07218,0.404899
28,2.86148,2.15385,-0.904911
28,3.36204,2.06457,-0.779145
28,4.67287,1.6796,-0.816661
28,2.88183,2.1617,-0.892183
28,4.70102,1.66901,-0.835116
28,2.88471,2.16992,-0.885987
28,4.01731,1.90588,-0.744915
28,5.02757,2.10921,0.460386
28,5.03261,2.10621,0.455615
28,2.88528,2.16763,-0.894963
28,2.90529,2.19303,-0.830201
28,2.8992,2.20171,-0.814328
28,2.89113,2.17347,-0.889667
28,5.01267,1.82704,-0.2661
28,4.72045,1.68031,-0.846796
28,5.02183,2.08669,0.363428
28,5.04103,2.10068,0.398372
28,5.03957,2.10208,0.39456
28,2.99595,2.16328,-0.890139
28,5.0866,2.11963,0.398807
28,4.00968,1.97245,-0.733711
28,3.00526,2.18526,-0.922769
28,3.02313,2.18116,-0.927385
28,3.00534,2.18911,-0.930326
28,2.99538,2.20008,-0.910338
28,4.02415,1.97766,-0.742631
28,4.94819,2.13705,0.287704
28,4.1435,2.0881,-0.401517
28,4.02803,1.98496,-0.746215
28,3.54682,2.11972,-0.756689
28,2.99617,2.21193,-0.915892
28,4.9511,2.14443,0.281998
28,4.02209,1.83825,-1.18596
28,1.52256,2.7759,-0.691612
28,2.26368,3.32554,1.16644
28,5.10672,1.8912,-0.511253
28,5.03674,1.8978,-0.555003
28,4.94088,2.18924,0.0484243
28,5.14736,1.80608,-0.761908
28,4.96267,2.1455,-0.101836
28,1.49254,2.85338,-0.811477
28,3.64681,2.98662,0.985706
28,5.1403,2.00512,-0.415214
28,4.13521,1.94468,-1.27874
28,4.99034,2.23694,0.024492
28,5.23821,1.93581,-0.564193
28,5.00698,2.18107,-0.126066
28,5.00537,2.24161,0.0159354
28,5.00185,2.24993,0.020001
28,5.01594,2.19018,-0.132213
28,3.67509,2.96316,0.767179
28,5.11768,1.94189,-0.760882
28,4.9437,2.36856,0.159641
28,4.94398,2.36843,0.155077
28,3.6712,2.98353,0.764243
28,4.95087,2.38021,0.153772
28,3.69429,2.99186,0.733125
28,3.63281,3.13184,1.03315
28,2.23548,3.59746,1.19452
28,5.05826,2.03728,-0.740367
28,3.67432,2.97188,0.580299
28,3.67052,2.98911,0.582373
28,5.16238,2.0944,-0.578463
28,5.04404,2.07967,-0.71354
28,5.16477,2.10709,-0.585454
28,5.08145,2.06762,-0.747074
28,5.25336,2.06181,-0.644383
28,5.12819,2.05119,-0.772023
28,5.10837,2.06215,-0.759378
28,5.12715,2.05473,-0.774029
28,3.46035,2.54638,-0.73481
28,5.10249,2.07069,-0.76026
28,5.00285,2.34659,-0.162982
28,5.05204,2.10842,-0.717114
28,5.06497,2.11017,-0.723875
28,3.62102,3.2361,1.02469
28,5.12906,2.12297,-0.663955
28,3.71008,3.03286,0.576014
28,3.7017,3.03743,0.581362
28,3.39816,2.88516,-0.0152826
28,5.10126,2.13878,-0.729724
28,3.39871,2.92318,-0.0310841
28,3.99566,3.09567,0.803409
28,3.3951,2.92771,-0.0353312
28,3.45474,2.93614,-0.00199062
28,4.90351,2.24897,-0.733261
28,4.91982,2.24569,-0.737592
28,4.96429,2.62378,0.21918
28,4.95196,2.62801,0.218989
28,3.65245,3.07352,0.386626
28,3.59577,3.05186,0.288718
28,3.64665,3.0737,0.37294
28,3.52243,2.97331,0.0234066
28,3.52163,2.97419,0.00379783
28,3.65675,3.08838,0.372176
28,4.92124,2.46261,-0.28382
28,3.45318,2.66264,-0.821094
28,4.8366,3.11389,1.24243
28,4.62691,3.21185,1.33458
28,4.96191,2.28201,-0.741501
28,4.98284,2.27313,-0.75594
28,4.95191,2.28104,-0.762209
28,3.46823,3.0059,-0.0191667
28,4.93662,2.47915,-0.303199
28,4.94283,2.48135,-0.302544
28,4.66504,3.23744,1.35363
28,3.61563,3.09856,0.276227
28,4.95268,2.48625,-0.309533
28,4.85415,3.14584,1.24315
28,4.25711,3.21885,0.999445
28,4.87432,2.67272,0.0815694
28,4.21809,3.19097,0.89399
28,4.8641,3.1525,1.24603
28,4.88278,2.60142,-0.0978293
28,4.26353,3.22714,1.0011
28,3.47782,3.02169,-0.0735793
28,4.89409,2.67874,0.0704253
28,4.8664,3.08814,1.05463
28,4.19737,3.15622,0.75002
28,4.58332,3.17026,1.05353
28,4.87281,3.1662,1.24356
28,4.89952,2.68801,0.0715474
28,4.17938,3.1631,0.729772
28,4.87558,3.10105,1.06024
28,4.8379,3.13463,1.1106
28,4.66631,3.22937,1.22009
28,4.69469,3.22925,1.2383
28,4.21247,3.15548,0.717256
28,4.62479,3.1887,1.08274
28,4.18466,3.17409,0.736448
28,4.88116,3.10951,1.05825
28,5.35258,2.7254,0.41393
28,3.65275,3.14846,0.25121
28,4.69544,3.13416,0.929534
28,4.23972,3.19411,0.754477
28,4.92887,2.72008,0.0641999
28,4.61504,3.21328,1.05667
28,4.19351,3.21311,0.722104
28,3.54813,3.11001,-0.0035252
28,3.65518,3.18472,0.253461
28,4.15904,3.34691,0.99766
28,4.24151,3.224,0.738709
28,3.65443,3.31375,0.528445
28,4.9109,3.17514,1.05947
28,3.55486,3.13907,-0.0149053
28,3.51409,3.12365,-0.10279
28,4.96525,2.48192,-0.673692
28,4.59859,2.54546,-0.778504
28,4.24322,3.14445,0.432184
28,3.53374,3.13153,-0.110545
28,3.2474,3.14309,-0.325543
28,4.74654,3.18596,0.817223
28,4.25636,3.17455,0.43715
28,4.17451,3.3519,0.781832
28,3.57719,3.02044,-0.481096
28,4.22367,3.3108,0.54874
28,3.65169,3.05928,-0.472234
28,3.89006,2.91479,-0.661631
28,4.42216,2.71757,-0.786612
28,3.63581,3.05792,-0.541017
28,3.21678,3.12435,-0.719635
28,3.67289,3.09286,-0.48396
28,3.21086,3.14483,-0.684851
28,4.17071,2.89472,-0.637933
28,4.2548,3.35475,0.547818
28,4.881,3.11785,0.373826
28,4.87378,3.12389,0.374562
28,3.30392,3.14321,-0.692561
28,3.67975,3.11919,-0.490767
28,4.45022,2.77131,-0.811831
28,4.60387,2.71818,-0.843625
28,3.28219,3.14794,-0.72039
28,3.25988,3.16985,-0.700906
28,3.31625,3.14423,-0.727359
28,3.39518,3.1311,-0.706318
28,3.54686,3.10772,-0.661292
28,3.36682,3.14094,-0.708306
28,3.48633,3.14052,-0.643181
28,3.96036,2.98816,-0.698893
28,3.70156,3.14673,-0.50189
28,3.93882,2.99785,-0.710735
28,4.94714,3.16089,0.39286
28,3.6726,2.96071,-1.00258
28,3.37389,3.16211,-0.716973
28,3.67825,3.05302,-0.777722
28,3.68796,3.14765,-0.557938
28,4.92152,3.17761,0.365781
28,3.29864,3.18853,-0.746659
28,4.85129,3.24971,0.423452
28,4.85941,3.26245,0.419894
28,4.87317,3.25425,0.392437
28,4.86475,3.27156,0.424265
28,5.03821,3.25466,0.346259
28,3.71629,3.066,-1.05433
28,4.9052,3.15161,-0.647265
28,4.46311,3.15552,-0.97454
28,4.82946,3.17612,-0.693641
28,4.79333,3.18473,-0.700429
28,4.95341,3.22014,-0.684344
28,3.92464,5.13165,-1.35852
28,11.8984,15.7147,-15.4459
28,2.16798,2.07104,0.388857
27,2.16798,2.07104,0.388857
28,3.65805,2.97043,0.998797
27,3.65805,2.97043,0.998797
28,4.18076,2.29193,-0.547407
27,4.18076,2.29193,-0.547407
28,1.86945,1.98201,-0.789764
27,1.86945,1.98201,-0.789764
28,1.81759,1.90451,-0.707799
27,1.81759,1.90451,-0.707799
28,3.86726,1.99634,-0.940377
27,3.86726,1.99634,-0.940377
28,5.08374,3.11777,-1.12079
27,5.08374,3.11777,-1.12079
28,3.66665,2.92357,0.593472
27,3.66665,2.92357,0.593472
28,4.07642,3.01751,0.996017
27,4.07642,3.01751,0.996017
28,3.67744,3.12817,0.348804
27,3.67744,3.12817,0.348804
28,3.7121,2.98801,0.590962
27,3.7121,2.98801,0.590962
28,2.57395,2.27722,1.10248
26,2.57395,2.27722,1.10248
29,2.74114,1.85491,0.536465
29,3.13788,1.71124,0.285809
29,2.80545,1.40505,-0.781058
29,2.87829,1.3939,-0.776919
29,2.79331,1.4165,-0.792509
29,3.59851,1.21311,-0.733403
29,3.59852,1.21457,-0.736224
29,2.35555,1.56483,-0.781554
29,2.3469,1.58929,-0.787656
29,2.77517,1.49579,-0.722885
29,3.74249,1.20524,-0.738218
29,2.77592,1.50659,-0.736844
29,2.78489,1.50924,-0.726978
29,3.30397,1.38304,-0.680397
29,3.94068,1.1741,-0.719879
29,2.88033,1.4672,-0.772202
29,2.77274,1.51291,-0.74505
29,3.94462,1.17482,-0.720032
29,3.74798,1.22021,-0.748261
29,3.10395,1.38802,-0.810498
29,2.88403,1.46883,-0.781789
29,3.07858,1.4041,-0.795471
29,2.92904,1.45337,-0.788498
29,2.88399,1.47374,-0.784615
29,4.15434,1.1052,-0.761512
29,3.08929,1.40528,-0.799915
29,2.92986,1.45691,-0.793656
29,2.93867,1.46027,-0.787005
29,4.20008,1.10436,-0.745896
29,4.21037,1.10184,-0.745249
29,3.10938,1.39868,-0.813253
29,2.3664,1.63025,-0.801479
29,4.19996,1.11091,-0.747127
29,2.88645,1.4875,-0.784868
29,2.36127,1.64295,-0.804529
29,4.07383,1.16352,-0.741337
29,4.16029,1.15304,-0.747559
29,4.16229,1.15252,-0.748629
29,2.9003,1.51963,-0.780441
29,3.1077,1.44943,-0.827769
29,4.17141,1.16811,-0.760409
29,4.26663,1.1451,-0.749462
29,4.05461,1.2087,-0.754103
29,3.44076,1.4311,-0.687944
29,3.81936,1.28743,-0.750224
29,3.83237,1.29656,-0.73275
29,4.17129,1.19777,-0.728401
29,4.23351,1.16542,-0.757541
29,3.83256,1.29836,-0.734641
29,3.56142,1.3763,-0.742007
29,4.06506,1.21803,-0.769222
29,4.06827,1.21984,-0.778074
29,2.80781,2.10002,0.245479
29,3.58038,1.38725,-0.741887
29,3.24249,1.48499,-0.754442
29,3.94887,1.23888,-0.828725
29,2.98164,1.545,-0.798186
29,3.72822,1.3523,-0.739685
29,4.14627,1.22424,-0.754366
29,4.18425,1.21323,-0.757627
29,4.14961,1.22542,-0.75625
29,4.35868,1.16131,-0.763778
29,3.02317,1.55808,-0.781841
29,3.25054,1.50557,-0.751678
29,4.3674,1.16347,-0.77088
29,3.23742,1.50795,-0.764001
29,3.46193,1.41185,-0.827056
29,3.26535,1.50949,-0.769839
29,3.45657,1.47457,-0.728069
29,4.09433,1.27854,-0.740728
29,3.01394,1.57542,-0.79751
29,3.63335,1.4083,-0.765244
29,3.35194,1.4876,-0.7765
29,3.23958,1.51536,-0.790301
29,4.09616,1.28083,-0.747918
29,4.09941,1.28682,-0.741293
29,3.92465,1.33011,-0.765704
29,3.62339,1.4327,-0.764161
29,3.00466,1.63173,-0.739276
29,2.85646,2.14397,0.19111
29,4.24676,1.27164,-0.765628
29,4.24472,1.27446,-0.76889
29,2.8445,2.13952,0.129603
29,3.63401,1.45601,-0.785928
29,3.00728,1.6468,-0.784589
29,2.84307,2.14186,0.124105
29,3.01132,1.65557,-0.786678
29,2.32786,1.88418,-0.740894
29,3.0145,1.66213,-0.792091
29,2.279,1.91158,-0.758691
29,3.42348,1.57318,-0.75145
29,2.83764,2.02166,-0.213476
29,3.03362,1.68796,-0.780027
29,5.07431,1.84657,0.779186
29,2.32763,1.91282,-0.766654
29,4.21904,1.34675,-0.777232
29,5.06011,1.84433,0.750086
29,5.1273,1.59596,0.280304
29,5.07795,1.85655,0.776914
29,2.64286,1.90401,-0.630017
29,3.09117,1.69413,-0.822258
29,5.09326,1.87327,0.765187
29,5.09699,1.50656,0.00621378
29,3.03823,2.1899,0.128559
29,3.11768,1.71845,-0.791234
29,3.34153,1.63393,-0.83999
29,5.114,1.3105,-0.43829
29,3.93239,1.50887,-0.773369
29,5.13415,1.32049,-0.447606
29,5.1474,1.32495,-0.450296
29,3.35072,1.66665,-0.869438
29,3.20467,1.75019,-0.79727
29,3.21428,2.22967,0.144726
29,5.1089,1.68511,0.186648
29,5.15696,1.32331,-0.555236
29,3.28347,1.77296,-0.793251
29,5.11992,1.56397,-0.0987226
29,5.09158,1.71281,0.186479
29,3.54288,1.71165,-0.763162
29,3.28321,1.77718,-0.795518
29,3.47747,1.73615,-0.765549
29,2.65074,2.00381,-0.724505
29,5.20218,1.31506,-0.581365
29,3.50742,1.73055,-0.7756
29,3.27617,2.2512,0.141654
29,3.1706,1.85083,-0.744574
29,3.15626,1.84002,-0.784673
29,3.16226,1.84861,-0.768835
29,3.41836,1.76949,-0.774882
29,3.40406,1.77948,-0.768034
29,5.05351,1.85371,0.3824
29,5.11658,1.66448,0.0216247
29,4.10725,1.60284,-0.728875
29,3.35357,1.79,-0.807316
29,3.44281,1.78539,-0.764949
29,3.23445,1.8373,-0.786442
29,3.58905,1.73253,-0.787494
29,3.90786,1.65128,-0.770029
29,3.03088,2.17139,-0.248499
29,5.06204,1.91274,0.463201
29,3.72985,1.71831,-0.749727
29,3.42808,1.78651,-0.795348
29,5.06619,1.91457,0.46422
29,3.58415,1.75747,-0.76248
29,4.07793,1.62249,-0.741345
29,5.06891,1.92215,0.46922
29,3.56906,1.75002,-0.800937
29,5.1283,1.68284,0.013374
29,5.03601,1.82033,0.2372
29,3.20959,1.8734,-0.776301
29,3.63241,1.75876,-0.755093
29,3.17788,1.8861,-0.777397
29,5.06983,1.85107,0.303229
29,5.07464,1.84835,0.292283
29,5.0714,1.85028,0.293597
29,2.63974,2.05901,-0.767329
29,5.03909,1.81499,0.199288
29,4.98675,2.1013,0.749672
29,5.09149,1.65625,-0.0942562
29,5.0957,1.65588,-0.104521
29,3.88436,1.70764,-0.741632
29,3.58897,1.77916,-0.777767
29,3.8828,1.68095,-0.803385
29,5.05255,1.82605,0.196029
29,3.68743,1.78448,-0.722452
29,3.55335,1.8018,-0.774834
29,5.10867,1.4956,-0.450192
29,5.04802,1.82655,0.186207
29,5.01486,1.86386,0.241853
29,5.09658,1.86584,0.294032
29,3.55678,1.82603,-0.729873
29,5.00898,2.12178,0.751995
29,3.35918,1.83402,-0.842892
29,4.18386,1.62973,-0.757903
29,4.17456,1.64959,-0.72855
29,3.62016,1.80254,-0.75954
29,3.70897,1.7413,-0.830393
29,5.12022,1.50647,-0.455056
29,3.67314,1.81002,-0.723678
29,4.44419,1.55846,-0.766892
29,5.10716,1.88305,0.291681
29,3.72414,1.79046,-0.746969
29,3.5599,1.84133,-0.745006
29,4.44971,1.56292,-0.771498
29,3.23613,1.92696,-0.772137
29,3.48786,1.8521,-0.775869
29,5.0836,1.63709,-0.247315
29,3.80869,1.75511,-0.787511
29,5.07414,1.85134,0.177764
29,3.65179,1.82786,-0.739072
29,3.51691,1.86988,-0.748581
29,3.88381,1.76043,-0.748792
29,3.80514,1.77947,-0.760795
29,5.05539,2.0855,0.6253
29,5.0849,1.86542,0.185235
29,3.2533,1.95256,-0.755793
29,4.01477,1.71901,-0.767936
29,5.05141,1.90243,0.23007
29,4.21308,1.67484,-0.746501
29,4.19743,1.69543,-0.719635
29,4.3904,1.61788,-0.763114
29,4.4669,1.59539,-0.7648
29,5.05536,2.04879,0.516688
29,4.01633,1.7279,-0.774042
29,4.04706,1.73989,-0.746372
29,3.99421,1.75757,-0.745382
29,3.27434,1.965,-0.762998
29,5.16098,1.43253,-0.700115
29,5.10565,1.65537,-0.279527
29,5.10602,1.66076,-0.277122
29,4.26861,1.67581,-0.764849
29,5.14243,1.44985,-0.693301
29,4.26639,1.68231,-0.759579
29,3.28244,1.98007,-0.771427
29,5.08419,1.77612,-0.0895898
29,3.35412,1.95388,-0.79701
29,3.34188,1.96353,-0.78645
29,4.51186,1.6274,-0.759214
29,4.47443,1.64116,-0.763775
29,4.32782,1.69796,-0.748651
29,5.10149,1.79481,-0.0970058
29,4.33577,1.70256,-0.754736
29,4.42846,1.6811,-0.749408
29,5.06077,1.90906,0.0823287
29,5.10299,1.86717,0.00924802
29,4.10332,1.80146,-0.760218
29,5.07368,1.97959,0.194325
29,4.53339,1.68911,-0.743625
29,4.56608,1.67507,-0.753616
29,4.59929,1.67726,-0.730479
29,4.56942,1.67857,-0.756822
29,4.55975,1.68503,-0.753627
29,4.63262,1.65463,-0.774823
29,4.63073,1.65714,-0.77317
29,4.64373,1.65176,-0.780529
29,5.06856,2.14159,0.474897
29,4.5985,1.69108,-0.744731
29,5.04979,2.124,0.407672
29,5.05759,2.16818,0.43806
29,3.16662,2.19133,-0.699549
29,4.96327,2.15702,0.305141
29,4.963,2.15937,0.301615
29,5.06934,1.97504,-0.0221669
29,5.0974,1.7199,-0.530172
29,4.98438,2.17039,0.297627
29,3.63097,2.11131,-0.658641
29,4.04578,1.97353,-0.718167
29,4.04159,1.97673,-0.72495
29,2.68314,2.2837,-0.942422
29,4.02786,1.96856,-0.769483
29,5.09081,1.83836,-0.39151
29,5.09469,2.2423,0.432601
29,4.04816,1.99169,-0.734228
29,3.64757,2.17433,-0.698699
29,4.08604,2.0198,-0.749154
29,5.08921,1.98871,-0.20789
29,3.94148,2.17145,-0.55292
29,5.0852,1.97139,-0.327812
29,5.13042,1.81305,-0.666097
29,4.97397,2.22046,0.0443282
29,5.16831,2.36361,0.422977
29,5.11294,2.0054,-0.343403
29,2.67587,2.43508,-1.04518
29,4.95486,2.38761,0.163399
29,4.9685,2.40238,0.16097
29,3.75445,2.36915,-0.662997
29,3.70456,3.06499,0.712602
29,5.05048,2.0025,-0.696437
29,4.95884,2.3132,-0.133115
29,5.2166,2.52626,0.43397
29,4.96748,2.32046,-0.144821
29,4.95616,2.24581,-0.321877
29,3.68438,3.02065,0.470409
29,5.08845,2.0127,-0.730355
29,5.13759,2.08344,-0.560851
29,4.96348,2.25482,-0.324253
29,4.96906,2.25502,-0.331869
29,5.23775,2.5408,0.408689
29,4.89867,2.57229,0.251431
29,4.97597,2.26865,-0.323157
29,5.05631,2.05178,-0.71718
29,5.0407,2.07694,-0.677367
29,5.0341,2.08033,-0.675062
29,3.4252,2.55298,-0.712313
29,3.66292,3.0614,0.465472
29,4.94498,2.41753,-0.0892176
29,5.07158,2.06842,-0.729258
29,3.66365,3.07833,0.463353
29,4.95865,2.44579,-0.0995775
29,3.68667,2.96564,0.152199
29,3.69069,2.98186,0.149936
29,3.9437,3.04936,0.400333
29,4.90443,2.76318,0.356293
29,2.85697,3.12827,-0.185164
29,4.23144,3.18986,0.75507
29,3.95925,3.09698,0.395126
29,4.98317,2.24027,-0.733474
29,2.90508,3.13302,-0.186797
29,2.99722,3.11683,-0.16737
29,4.94038,2.47956,-0.288794
29,3.64119,3.20777,0.389692
29,4.5947,2.36077,-0.760198
29,4.89598,2.68907,0.0878575
29,4.97099,2.27879,-0.729309
29,4.8604,2.78253,0.228577
29,4.90217,2.61939,-0.0799825
29,2.98892,3.13428,-0.198639
29,2.9949,3.14132,-0.180889
29,4.99322,2.26961,-0.74231
29,3.04058,3.134,-0.183931
29,4.98168,2.28061,-0.742566
29,4.60557,2.37665,-0.777217
29,4.87558,2.79844,0.223618
29,3.65417,3.19078,0.253331
29,4.22182,3.13433,0.482555
29,3.08683,3.1599,-0.178052
29,2.64809,2.74636,-1.29672
29,4.22843,3.16507,0.477587
29,3.13151,3.18015,-0.179966
29,4.59155,2.4769,-0.726291
29,2.87687,3.29207,-0.154702
29,3.56392,2.75213,-0.849987
29,3.22453,3.18725,-0.174738
29,2.8646,3.31885,-0.142667
29,3.05638,3.27711,-0.127035
29,2.9682,3.29499,-0.147713
29,2.87282,3.33168,-0.152522
29,3.36143,3.18313,-0.165918
29,4.95226,2.47036,-0.657843
29,3.05003,3.32163,-0.133313
29,3.0501,3.32581,-0.131111
29,3.05484,3.32354,-0.140479
29,3.61643,3.24047,0.0228672
29,3.55361,3.19207,-0.115094
29,3.49594,3.19574,-0.154427
29,4.8944,2.7294,-0.255642
29,3.05673,3.34097,-0.132227
29,3.06227,3.33226,-0.149015
29,2.89484,3.11457,-0.721454
29,3.43203,3.23482,-0.161126
29,2.6299,2.87863,-1.39874
29,3.0556,3.37324,-0.140732
29,3.45566,3.2436,-0.185989
29,2.63418,2.891,-1.41066
29,2.89206,3.15309,-0.728797
29,4.92181,2.77668,-0.265934
29,4.94873,3.11806,0.42353
29,3.02959,3.15708,-0.712776
29,3.6628,3.06033,-0.528124
29,3.66561,3.07294,-0.530301
29,4.87637,3.33443,0.739285
29,4.8779,3.3429,0.742923
29,4.21437,3.49606,0.61757
29,3.01528,3.48961,-0.17391
29,4.19616,3.51931,0.606429
29,4.88559,3.21621,0.405956
29,3.21789,3.19504,-0.732693
29,3.65619,3.35739,-0.146779
29,4.87928,3.30373,0.430578
29,3.39622,3.19263,-0.713192
29,4.80286,3.23248,0.155493
29,4.2328,3.04387,-0.669428
29,4.78699,3.28906,-0.162385
29,4.79363,3.28694,-0.167905
29,4.7971,3.30181,-0.175795
29,4.72042,3.11056,-0.644516
29,4.68598,3.12868,-0.671666
29,4.83614,3.15769,-0.658361
29,4.62346,3.2863,-0.76933
29,4.71687,3.47882,-0.857136
29,3.47661,5.48124,-0.855438
29,2.98637,5.78318,-0.846125
29,2.92615,5.87187,-0.898455
29,3.00208,5.9289,-0.898701
29,3.86813,5.42291,-1.74873
29,4.87048,3.07954,-0.734324
28,4.87048,3.07954,-0.734324
29,3.98153,1.5386,-0.845866
28,3.98153,1.5386,-0.845866
29,3.84098,2.06057,0.00893705
28,3.84098,2.06057,0.00893705
29,4.74515,2.71763,-0.872628
28,4.74515,2.71763,-0.872628
29,3.9051,2.4406,-0.522382
28,3.9051,2.4406,-0.522382
29,4.86098,3.0682,-0.726591
28,4.86098,3.0682,-0.726591
29,3.23197,2.8994,-0.564121
28,3.23197,2.8994,-0.564121
29,3.38782,3.09652,-0.667128
28,3.38782,3.09652,-0.667128
29,4.90292,3.17635,-0.495073
28,4.90292,3.17635,-0.495073
29,3.60833,3.25468,-0.163026
28,3.60833,3.25468,-0.163026
29,3.20411,3.06171,-0.669554
28,3.20411,3.06171,-0.669554
29,4.39096,2.6946,-0.750347
28,4.39096,2.6946,-0.750347
29,4.72142,2.69157,-0.851061
28,4.72142,2.69157,-0.851061
29,3.32315,1.55324,-0.754886
28,3.32315,1.55324,-0.754886
29,2.72422,2.01376,0.511135
28,2.72422,2.01376,0.511135
29,2.12093,1.83723,-0.767142
28,2.12093,1.83723,-0.767142
29,3.63885,2.93845,0.426942
28,3.63885,2.93845,0.426942
29,4.47557,1.66854,-0.768923
28,4.47557,1.66854,-0.768923
29,4.22793,1.66078,-0.754599
28,4.22793,1.66078,-0.754599
29,5.11477,1.86343,-0.400193
28,5.11477,1.86343,-0.400193
29,3.0055,1.62466,-0.760153
28,3.0055,1.62466,-0.760153
29,3.62112,1.41454,-0.747567
28,3.62112,1.41454,-0.747567
29,2.7223,1.99991,0.51408
28,2.7223,1.99991,0.51408
29,2.94319,1.55137,-0.731179
28,2.94319,1.55137,-0.731179
29,2.71419,1.99702,0.707897
28,2.71419,1.99702,0.707897
29,3.68959,3.14184,0.379842
28,3.68959,3.14184,0.379842
29,3.57515,2.94029,-0.968726
28,3.57515,2.94029,-0.968726
29,3.65608,3.06523,-0.521285
28,3.65608,3.06523,-0.521285
29,3.81846,1.46802,-0.474736
28,3.81846,1.46802,-0.474736
29,2.69934,2.02761,0.524179
28,2.69934,2.02761,0.524179
29,4.19035,3.18744,-0.902273
27,4.19035,3.18744,-0.902273
29,4.17664,3.18129,-0.893834
27,4.17664,3.18129,-0.893834
29,3.65358,3.07046,-0.53088
27,3.65358,3.07046,-0.53088
29,2.41909,12.0435,-2.6872
16,2.41909,12.0435,-2.6872
30,3.3264,0.32361,0.793779
30,3.26942,0.473189,0.569326
30,3.25885,1.43345,0.404632
30,3.24561,1.7303,0.313034
30,3.31257,1.75588,0.294369
30,3.25422,1.73685,-0.000915408
30,3.85788,1.37525,-0.621789
30,3.9889,1.31891,-0.666071
30,5.13124,1.32322,-0.0461044
30,5.1022,1.53521,0.400596
30,5.06504,1.84896,1.05244
30,3.01694,1.6551,-0.775742
30,3.08439,1.64371,-0.784943
30,3.09263,1.65753,-0.764787
30,5.12958,1.52,0.278241
30,2.88304,2.12929,0.136378
30,3.04897,1.68932,-0.766008
30,5.07058,1.84142,0.905357
30,3.04134,1.69206,-0.774786
30,3.04236,1.70422,-0.752931
30,5.03442,1.81544,0.777609
30,2.90652,2.1876,0.188356
30,5.02617,1.88976,0.919901
30,3.11309,1.69888,-0.772744
30,4.15442,1.41054,-0.724779
30,3.07879,1.72058,-0.756054
30,4.1623,1.41822,-0.725338
30,5.04443,1.83032,0.768008
30,5.14061,1.27308,-0.441079
30,3.16562,1.72035,-0.764045
30,5.03205,1.95997,0.998384
30,5.05671,1.84037,0.747651
30,3.16299,1.72826,-0.767662
30,3.14546,1.73643,-0.764593
30,5.06563,1.84624,0.748907
30,2.83285,2.24879,0.161389
30,5.10644,1.47285,-0.0671297
30,3.11445,1.76993,-0.772353
30,3.07174,2.19464,0.139401
30,3.12186,1.78197,-0.746123
30,3.31029,1.72607,-0.756231
30,5.09983,1.58927,0.113831
30,5.15626,1.33037,-0.446229
30,3.12499,1.7856,-0.784515
30,5.14893,1.31358,-0.508589
30,3.12803,1.80689,-0.755475
30,3.18316,1.78667,-0.778143
30,3.51053,1.70208,-0.769096
30,3.47834,1.72003,-0.751345
30,3.51528,1.69757,-0.777767
30,3.52009,1.70147,-0.769639
30,5.18061,1.338,-0.482716
30,3.15457,1.82175,-0.756211
30,3.51968,1.70856,-0.770306
30,3.1469,1.83062,-0.758253
30,3.46702,1.75346,-0.718508
30,5.01787,2.06917,1.00881
30,3.24066,2.22044,0.16247
30,5.02983,2.07615,1.02199
30,2.77952,1.97313,-0.699519
30,5.16343,1.3271,-0.557458
30,5.06859,1.63026,0.0489863
30,2.77979,1.97282,-0.708247
30,3.39498,1.77087,-0.751472
30,2.76528,1.98192,-0.700482
30,3.54237,1.74064,-0.726581
30,5.03481,2.08438,1.01945
30,5.16717,1.33769,-0.563952
30,5.03263,2.07879,0.988659
30,3.19765,2.23682,0.112323
30,3.22253,1.83235,-0.772796
30,3.21776,1.83362,-0.783214
30,5.2038,1.35297,-0.542058
30,5.05796,2.03913,0.844283
30,3.56604,1.78015,-0.719317
30,3.62516,1.7477,-0.752243
30,3.57673,1.77064,-0.745116
30,3.64698,1.75045,-0.757041
30,3.64115,1.75902,-0.742074
30,5.04472,1.89076,0.477156
30,3.56534,1.78894,-0.729401
30,3.68672,1.74622,-0.744369
30,3.19964,1.87787,-0.783188
30,3.75267,1.73011,-0.76311
30,3.61558,1.78625,-0.737676
30,5.05334,1.88848,0.431876
30,3.72125,1.74937,-0.763971
30,5.1864,1.52555,-0.305559
30,3.37355,2.27909,0.150834
30,3.9126,1.72051,-0.73527
30,5.06633,1.90785,0.442613
30,3.77163,1.75003,-0.766727
30,3.84518,1.75091,-0.718714
30,3.23897,1.91234,-0.771539
30,3.92622,1.71706,-0.75346
30,3.62192,1.80885,-0.758749
30,3.62299,1.80943,-0.758087
30,4.14641,1.66747,-0.732195
30,3.81299,1.75642,-0.756888
30,3.79743,1.76678,-0.745876
30,3.28299,1.90599,-0.77791
30,3.85184,1.74339,-0.769262
30,3.79971,1.76997,-0.748912
30,4.15013,1.67167,-0.736366
30,4.03405,1.69655,-0.761946
30,3.86325,1.75352,-0.75371
30,4.32612,1.62921,-0.723294
30,3.29612,1.9064,-0.79313
30,3.28651,1.91355,-0.78473
30,3.86356,1.75085,-0.764785
30,3.88434,1.75925,-0.740302
30,3.48609,1.86054,-0.781402
30,4.18537,1.68562,-0.709282
30,3.28798,1.92209,-0.779298
30,5.18681,1.55854,-0.328409
30,3.88142,1.76674,-0.741402
30,4.01025,1.71926,-0.764345
30,4.08316,1.70641,-0.747502
30,4.24091,1.69236,-0.67448
30,5.19391,1.56621,-0.327099
30,4.20695,1.6876,-0.713187
30,5.09938,1.87925,0.303374
30,3.99634,1.74014,-0.738109
30,4.25642,1.65823,-0.748575
30,3.96019,1.75184,-0.738295
30,5.03732,2.06184,0.646293
30,5.07359,1.88673,0.275711
30,3.76472,1.80843,-0.766964
30,3.71594,1.78199,-0.861879
30,5.11476,1.79447,0.0836386
30,5.03437,2.06682,0.634066
30,4.33503,1.66322,-0.73522
30,4.34031,1.6556,-0.749959
30,3.77381,1.81342,-0.780011
30,5.04124,2.07268,0.630142
30,5.03693,1.81948,0.0640295
30,5.08658,1.86338,0.192578
30,3.27278,1.97761,-0.75787
30,4.99743,1.68549,-0.265843
30,4.4786,1.5986,-0.80437
30,4.46437,1.63264,-0.742484
30,4.33742,1.66744,-0.758756
30,4.23053,1.69801,-0.765403
30,4.04449,1.75934,-0.757691
30,3.71385,1.80214,-0.886342
30,5.04175,1.82628,0.0448196
30,4.24035,1.70064,-0.765361
30,4.44272,1.66746,-0.712621
30,4.2494,1.71994,-0.729727
30,4.45866,1.64963,-0.747968
30,4.33587,1.7173,-0.68124
30,4.3173,1.71316,-0.703669
30,3.99746,1.82953,-0.674328
30,4.39407,1.70212,-0.697252
30,4.4778,1.65561,-0.746152
30,5.03296,1.80946,-0.0380341
30,4.99538,2.06013,0.490602
30,3.25509,2.24655,-0.250567
30,3.2775,2.00133,-0.780156
30,4.51497,1.63228,-0.798508
30,4.32997,1.73996,-0.696005
30,4.62103,1.62843,-0.760834
30,3.3597,1.98122,-0.816646
30,4.64899,1.62058,-0.770228
30,4.1725,1.78854,-0.726167
30,4.25698,1.74654,-0.766405
30,4.55306,1.67288,-0.743785
30,4.35315,1.75219,-0.712798
30,4.66195,1.63367,-0.780879
30,5.0366,2.0997,0.481262
30,4.67063,1.63902,-0.788349
30,4.60176,1.68694,-0.737653
30,5.04801,1.88039,-0.0255771
30,5.04411,2.11565,0.485578
30,4.42072,1.75104,-0.751553
30,4.00007,1.91588,-0.665304
30,4.43191,1.75272,-0.742812
30,5.04235,1.86372,-0.107503
30,5.09653,1.83088,-0.145134
30,5.01492,1.81652,-0.232892
30,5.04805,1.86809,-0.112664
30,5.12463,1.80378,-0.208425
30,5.07989,1.83524,-0.205748
30,5.04893,1.84692,-0.264092
30,3.36799,2.1409,-0.745617
30,3.36823,2.16051,-0.713519
30,3.38027,2.14644,-0.742516
30,3.39646,2.24523,-0.521284
30,4.9598,2.1549,0.310941
30,5.09322,2.16301,0.4138
30,5.09501,1.7687,-0.472277
30,3.82512,2.26669,-0.288283
30,4.11243,2.23059,-0.218766
30,5.12931,1.7922,-0.531087
30,5.10082,1.97048,-0.195624
30,5.11819,1.80075,-0.569453
30,5.10549,1.78173,-0.621064
30,5.09733,2.26296,0.435535
30,2.81492,2.30065,-0.993883
30,5.14846,1.82686,-0.512731
30,5.10641,1.78003,-0.649233
30,3.4004,2.32788,-0.584759
30,2.81725,2.3212,-0.9996
30,2.82782,2.32073,-0.997141
30,5.08097,1.87093,-0.512047
30,5.12035,1.86893,-0.492131
30,5.105,2.10222,0.00364834
30,5.12151,1.77455,-0.7151
30,5.08532,1.90324,-0.457121
30,5.15697,1.84217,-0.554923
30,2.81649,2.35744,-0.962579
30,3.40333,2.35752,-0.595321
30,5.08195,1.85965,-0.635439
30,5.13026,2.09991,-0.0812477
30,4.96997,2.21438,0.0546668
30,5.11441,2.00198,-0.336609
30,5.07244,1.99197,-0.417918
30,4.98347,2.16473,-0.0994309
30,5.0828,1.93188,-0.550785
30,4.98492,2.16543,-0.0973484
30,5.12578,2.10969,-0.140196
30,5.00742,2.18225,-0.103066
30,5.09861,2.09605,-0.236644
30,5.09326,2.01298,-0.427226
30,5.1341,2.08253,-0.246173
30,5.12437,2.08424,-0.256293
30,5.05001,1.9474,-0.633925
30,3.68876,2.99263,0.771402
30,5.16995,1.94915,-0.572767
30,5.09319,2.03599,-0.474893
30,5.12328,2.0644,-0.400248
30,4.95547,2.38086,0.169299
30,5.16864,2.48414,0.446638
30,4.95841,2.30528,-0.133312
30,5.17141,2.03609,-0.605547
30,3.68705,2.98106,0.484207
30,3.69477,2.99165,0.505165
30,3.73841,3.09855,0.755928
30,3.69762,3.04488,0.582966
30,4.90666,2.39393,-0.064665
30,4.88355,2.47149,0.0726601
30,3.6993,3.02134,0.498226
30,5.06031,2.08126,-0.696191
30,5.05491,2.09274,-0.692966
30,4.94002,2.41401,-0.0794911
30,4.9023,2.50264,0.0628641
30,4.94248,2.42634,-0.0823587
30,5.16378,2.60706,0.464
30,4.90849,2.58947,0.255165
30,4.9047,2.59047,0.253045
30,4.90698,2.5923,0.256433
30,4.95426,2.42795,-0.080012
30,4.91629,2.51703,0.059993
30,2.85252,2.57423,-1.20939
30,5.34406,2.55439,0.392868
30,4.23095,3.17475,1.02601
30,4.9293,2.53052,0.0545658
30,5.35301,2.55901,0.393923
30,4.94225,2.20462,-0.700903
30,5.36447,2.57096,0.389326
30,4.91504,2.23306,-0.69871
30,4.57142,3.14893,1.06815
30,4.95034,2.25201,-0.716133
30,3.62553,3.023,0.116398
30,4.93005,2.45676,-0.276743
30,4.86987,2.57256,-0.0650793
30,4.83239,2.74475,0.240055
30,4.22285,3.16617,0.768072
30,4.21076,3.17271,0.772699
30,4.88161,2.66969,0.100032
30,2.6957,3.00154,-0.672493
30,4.87818,2.79147,0.23559
30,4.91641,2.64668,-0.0859201
30,3.65812,3.18393,0.258016
30,3.65205,3.14704,0.170254
30,2.72971,3.04426,-0.685772
30,3.59273,3.12018,0.035523
30,4.42866,2.68012,-0.424866
30,3.24306,3.17708,-0.138075
30,4.73824,3.14147,0.751204
30,3.21947,3.18538,-0.167476
30,4.86255,2.68996,-0.21921
30,4.75135,3.16401,0.750828
30,4.52406,3.13757,0.499625
30,3.59813,3.17558,-0.0344624
30,3.54035,3.16846,-0.0974295
30,2.6817,3.12535,-0.780816
30,3.54731,3.18362,-0.101701
30,3.4468,3.19313,-0.149652
30,4.23929,3.24073,0.476075
30,4.17729,3.42127,0.79625
30,3.53509,3.18493,-0.15551
30,4.64586,2.5708,-0.796162
30,3.53497,3.20156,-0.15188
30,3.54015,3.21353,-0.145032
30,4.69338,2.57844,-0.814466
30,3.60391,3.20945,-0.142772
30,2.65908,3.21227,-0.78408
30,4.71152,2.59625,-0.808847
30,4.16377,3.50318,0.798255
30,4.68141,2.63532,-0.814355
30,3.16333,3.16275,-0.715156
30,3.66396,3.11052,-0.547214
30,4.83045,3.22786,0.447091
30,3.60958,3.31787,-0.187613
30,3.69537,3.05427,-0.739541
30,3.43874,3.18333,-0.693611
30,3.70587,3.08982,-0.72939
30,3.96525,3.04465,-0.703871
30,3.43797,3.21149,-0.697172
30,3.52097,3.20027,-0.68395
30,3.47918,3.21869,-0.680563
30,3.56642,3.22006,-0.681344
30,3.57416,3.25218,-0.679424
30,3.57194,3.12271,-1.06271
30,4.73589,3.08149,-0.397916
30,4.88023,3.15415,-0.673878
30,4.87422,3.1754,-0.651021
30,3.35351,5.46183,-0.877249
30,3.06092,5.74482,-0.836261
30,2.73712,5.83428,-0.895933
30,3.08834,5.35276,-1.8127
30,3.05746,5.81326,-0.851174
30,2.60188,5.98594,-0.968372
30,2.58682,5.60013,-1.95339
30,2.78797,5.62046,-1.7924
30,2.68092,5.61252,-1.91088
30,2.50933,5.63632,-1.9957
30,2.58223,5.64182,-1.98462
30,2.92387,5.59383,-1.92864
30,2.75887,5.63426,-1.96494
30,2.61896,6.29079,-1.00237
30,2.23459,13.4266,-3.64261
30,4.91634,2.39408,0.387161
29,4.91634,2.39408,0.387161
30,5.03722,2.0595,-0.675696
29,5.03722,2.0595,-0.675696
30,3.19632,2.51098,-0.38168
29,3.19632,2.51098,-0.38168
30,3.45433,3.54382,-0.235034
29,3.45433,3.54382,-0.235034
30,4.8609,2.46438,-0.584993
29,4.8609,2.46438,-0.584993
30,3.68601,2.98255,0.59152
29,3.68601,2.98255,0.59152
30,4.00529,1.33169,-0.678555
29,4.00529,1.33169,-0.678555
30,4.56904,3.23915,0.490846
29,4.56904,3.23915,0.490846
30,4.9563,1.94157,0.982145
29,4.9563,1.94157,0.982145
30,3.16849,2.96496,-0.104851
29,3.16849,2.96496,-0.104851
30,2.85833,3.44779,-0.191737
29,2.85833,3.44779,-0.191737
30,3.34477,3.02763,-0.118005
29,3.34477,3.02763,-0.118005
30,5.18492,1.92684,-0.524168
29,5.18492,1.92684,-0.524168
30,5.09516,1.98912,-0.201521
29,5.09516,1.98912,-0.201521
30,5.09931,1.64871,-0.351345
29,5.09931,1.64871,-0.351345
30,5.08176,1.83334,-0.463223
29,5.08176,1.83334,-0.463223
30,3.35124,3.07003,-0.139278
29,3.35124,3.07003,-0.139278
30,2.81524,2.03633,0.191324
29,2.81524,2.03633,0.191324
30,3.59984,2.79033,-0.406371
29,3.59984,2.79033,-0.406371
30,2.98308,2.60016,-0.0166356
29,2.98308,2.60016,-0.0166356
30,5.16343,1.69925,-0.386393
29,5.16343,1.69925,-0.386393
30,2.81418,2.05287,0.189162
29,2.81418,2.05287,0.189162
30,3.0585,1.3913,-0.466337
29,3.0585,1.3913,-0.466337
30,3.14633,1.782,-0.715472
29,3.14633,1.782,-0.715472
30,3.70296,2.89396,-0.671074
28,3.70296,2.89396,-0.671074
30,3.39442,2.6312,-0.770732
28,3.39442,2.6312,-0.770732
30,4.11337,2.63045,-0.601083
28,4.11337,2.63045,-0.601083
30,4.87708,3.03936,0.442556
28,4.87708,3.03936,0.442556
30,4.33896,2.7001,-0.590789
28,4.33896,2.7001,-0.590789
30,3.06803,2.13111,-0.404536
28,3.06803,2.13111,-0.404536
30,3.72523,2.94205,-0.694265
28,3.72523,2.94205,-0.694265
30,4.88891,3.05377,0.439915
28,4.88891,3.05377,0.439915
30,3.67206,2.98197,-0.127998
28,3.67206,2.98197,-0.127998
30,2.83863,2.02085,-0.333726
28,2.83863,2.02085,-0.333726
30,4.91925,3.09067,0.432373
28,4.91925,3.09067,0.432373
30,4.56389,3.14012,1.06389
28,4.56389,3.14012,1.06389
30,3.72153,1.77296,-0.724153
28,3.72153,1.77296,-0.724153
30,3.33957,3.02845,-0.628916
28,3.33957,3.02845,-0.628916
30,3.0737,1.59434,-0.751712
28,3.0737,1.59434,-0.751712
30,5.08128,1.75923,-0.320234
28,5.08128,1.75923,-0.320234
30,3.67923,2.97,0.932575
28,3.67923,2.97,0.932575
30,4.06436,1.44423,-0.524375
28,4.06436,1.44423,-0.524375
30,4.34673,1.63377,-0.732066
28,4.34673,1.63377,-0.732066
31,3.82937,1.07347,0.710785
31,3.34792,1.45174,0.161195
31,3.02421,1.87522,0.295617
31,5.14837,1.32284,0.11121
31,5.11741,1.57057,0.662562
31,5.12994,1.50394,0.455859
31,5.13938,1.51127,0.464175
31,5.15371,1.36985,0.108083
31,5.14118,1.31669,-0.0301621
31,5.11433,1.30285,-0.129192
31,5.05372,1.82007,1.04694
31,5.06255,1.82261,1.0548
31,5.12139,1.53166,0.401711
31,5.06526,1.83335,1.05793
31,5.14126,1.31719,-0.136927
31,5.06978,1.8134,0.912443
31,5.06921,1.81759,0.913664
31,5.08005,1.82717,0.916613
31,2.94163,2.18237,0.197717
31,2.9648,2.18258,0.199736
31,3.16193,1.74242,-0.769168
31,5.1348,1.64304,0.420288
31,2.93721,2.21684,0.187413
31,5.13467,1.51239,0.0918715
31,2.90898,2.24526,0.182288
31,3.20778,1.76057,-0.756988
31,5.08795,1.84014,0.791169
31,3.21119,1.7624,-0.763591
31,5.11021,1.77962,0.623883
31,3.17316,1.80811,-0.743897
31,3.17429,1.8036,-0.763626
31,3.43808,1.73743,-0.739211
31,5.17021,1.31654,-0.503942
31,2.9244,2.28884,0.168313
31,3.45571,1.75525,-0.724953
31,5.06477,1.6034,0.0623887
31,3.18008,1.84262,-0.753127
31,5.11379,1.66239,0.199018
31,3.45706,1.77811,-0.750948
31,3.56273,1.74682,-0.757701
31,3.56886,1.74623,-0.756411
31,3.56784,1.75525,-0.736858
31,3.24464,1.83802,-0.776478
31,3.56657,1.7587,-0.740073
31,3.65254,1.73668,-0.760468
31,5.06917,1.62917,0.00525767
31,3.45183,1.81814,-0.72387
31,3.61918,1.75281,-0.766581
31,3.61467,1.76376,-0.744221
31,3.64078,1.75728,-0.75822
31,3.65177,1.75863,-0.75631
31,3.5912,1.79148,-0.723205
31,3.59042,1.79105,-0.72512
31,3.60661,1.79743,-0.71446
31,3.78098,1.72954,-0.757172
31,3.70992,1.74908,-0.764911
31,3.7139,1.75173,-0.755766
31,3.25256,1.89453,-0.758218
31,3.06676,2.17682,-0.225188
31,3.71282,1.75718,-0.756139
31,3.78323,1.73759,-0.756751
31,5.02351,2.06634,0.919208
31,3.60728,1.82008,-0.699833
31,3.67563,1.76698,-0.7765
31,3.63822,1.79698,-0.740186
31,3.49937,1.83873,-0.759822
31,3.88835,1.72609,-0.746044
31,5.11849,1.66673,-0.0109289
31,3.78111,1.75528,-0.7729
31,5.10948,1.64311,-0.0797988
31,3.35533,1.84685,-0.870825
31,3.69154,1.81141,-0.714614
31,3.86011,1.73873,-0.765956
31,3.94213,1.71907,-0.759015
31,3.67726,1.80455,-0.749792
31,5.07428,2.00875,0.738708
31,3.67346,1.81455,-0.74262
31,3.50004,1.85425,-0.77572
31,3.74789,1.79991,-0.725423
31,3.5195,1.85568,-0.762559
31,4.17139,1.66931,-0.733737
31,5.05855,2.06811,0.845871
31,5.0753,2.03061,0.762204
31,3.81176,1.78466,-0.739931
31,3.74702,1.79908,-0.754745
31,5.07759,1.88986,0.425368
31,3.78399,1.79319,-0.746092
31,3.30381,1.92437,-0.783173
31,3.68756,1.82146,-0.753619
31,4.02537,1.7151,-0.761368
31,3.74981,1.80234,-0.757986
31,4.02557,1.71634,-0.76373
31,3.49889,1.86802,-0.790884
31,3.82397,1.78362,-0.757528
31,3.30027,1.93391,-0.782872
31,3.90741,1.76746,-0.747883
31,3.87546,1.78204,-0.741612
31,4.19149,1.69491,-0.723058
31,4.10741,1.70803,-0.754397
31,5.10421,1.85442,0.306608
31,5.00314,2.0784,0.760971
31,4.10643,1.71313,-0.756803
31,5.10607,1.80248,0.179132
31,4.28071,1.66426,-0.749534
31,3.66919,1.84991,-0.754202
31,5.07442,1.82781,0.210138
31,4.28298,1.66699,-0.747401
31,3.98944,1.75658,-0.749298
31,3.98247,1.7611,-0.74494
31,4.23596,1.67957,-0.754915
31,3.45428,2.29775,0.14159
31,2.99354,2.05894,-0.763756
31,4.0637,1.74221,-0.741474
31,3.98667,1.76358,-0.752023
31,3.69324,1.85655,-0.748157
31,4.07092,1.74473,-0.743607
31,5.05555,2.06657,0.727445
31,4.47699,1.63523,-0.720523
31,3.93918,1.79075,-0.753873
31,4.49217,1.6135,-0.778931
31,4.48688,1.63028,-0.744584
31,4.34606,1.682,-0.730268
31,4.47454,1.64323,-0.731129
31,5.06279,2.03564,0.623419
31,4.47536,1.64569,-0.733608
31,4.49827,1.61969,-0.785791
31,5.1211,1.88127,0.284809
31,3.33315,1.98545,-0.767269
31,3.3764,1.96137,-0.794029
31,5.04089,1.79454,0.0173149
31,3.32195,1.99071,-0.771274
31,4.29901,1.70754,-0.735197
31,5.052,2.06072,0.647459
31,3.35767,1.96693,-0.8055
31,4.30096,1.70846,-0.737464
31,4.05173,1.77756,-0.754558
31,4.34876,1.69414,-0.739739
31,5.08038,1.87334,0.207115
31,5.08641,2.05613,0.627945
31,4.42164,1.67041,-0.77675
31,3.25506,2.25055,-0.246367
31,4.44533,1.68088,-0.740237
31,5.1258,1.8745,0.212506
31,5.06845,1.81454,0.0133208
31,3.37488,1.98341,-0.814537
31,5.10057,1.76583,-0.0842134
31,4.10511,1.79772,-0.731776
31,4.64912,1.63265,-0.766259
31,5.08229,1.82319,6.99759e-05
31,4.68343,1.62036,-0.778839
31,4.43626,1.68799,-0.797952
31,4.35519,1.75553,-0.702686
31,4.36589,1.74399,-0.736006
31,4.10183,1.82437,-0.750615
31,5.09414,1.89923,0.0893882
31,4.38654,1.78171,-0.720585
31,4.03496,1.89623,-0.704284
31,2.94728,2.1526,-0.892817
31,5.08458,1.74119,-0.325681
31,4.9142,2.07405,0.333815
31,5.067,1.8798,-0.0226184
31,4.66237,1.69682,-0.764718
31,5.10169,2.04459,0.378971
31,5.07822,1.88441,-0.0257754
31,5.09107,1.96705,0.179065
31,4.05895,1.92655,-0.685349
31,5.10295,2.05886,0.379776
31,5.22114,1.65248,-0.514235
31,5.08525,2.108,0.455635
31,3.47774,2.30393,-0.251167
31,5.12852,2.08067,0.379891
31,3.38826,2.16145,-0.734184
31,5.09485,1.84113,-0.259265
31,3.38837,2.16912,-0.757362
31,5.12053,1.77261,-0.474382
31,5.1095,2.15742,0.412959
31,5.00183,2.16052,0.304522
31,3.39149,2.20042,-0.785545
31,5.01216,2.17558,0.297327
31,5.13618,1.80005,-0.523407
31,5.13971,1.73642,-0.708963
31,5.1485,1.87686,-0.402786
31,4.19962,2.2418,-0.248434
31,5.14645,1.76597,-0.715878
31,4.99029,2.2097,0.0633823
31,5.10147,1.93285,-0.550808
31,5.00643,2.16276,-0.0955905
31,2.77756,2.6559,-0.546331
31,5.13366,2.07126,-0.227936
31,3.43837,2.41692,-0.650463
31,5.10522,2.08538,-0.231925
31,2.77471,2.66861,-0.556447
31,2.74914,2.70055,-0.550241
31,2.68824,2.9156,-0.114639
31,3.71771,3.05114,0.93813
31,2.68223,2.94416,-0.111634
31,3.71508,3.01126,0.761149
31,3.70835,3.02084,0.768396
31,5.12318,2.05048,-0.50926
31,5.17155,2.44285,0.444375
31,2.73853,2.75774,-0.580444
31,5.12137,2.05806,-0.544749
31,5.08106,2.07274,-0.560055
31,4.96959,2.29522,-0.113058
31,4.96636,2.2974,-0.121745
31,3.72221,3.05427,0.765582
31,3.61582,2.37584,-0.928929
31,3.71135,2.99157,0.588464
31,3.7183,3.06072,0.744817
31,5.20298,2.03815,-0.637349
31,4.977,2.24484,-0.31506
31,3.93109,2.89397,0.437023
31,5.11551,2.04,-0.74134
31,4.99543,2.25375,-0.327544
31,4.9884,2.26778,-0.321853
31,5.03076,2.09093,-0.712357
31,3.67345,2.99944,0.459145
31,5.03427,2.09007,-0.716205
31,5.08819,2.1044,-0.68465
31,4.94776,2.40413,-0.076384
31,2.73732,3.0498,-0.166407
31,5.11325,2.08792,-0.746325
31,4.074,3.00261,0.65597
31,3.65692,3.03664,0.421965
31,3.64966,2.96198,0.209054
31,5.01574,2.18413,-0.718204
31,4.93554,2.43125,-0.250054
31,4.97956,2.23006,-0.716389
31,2.81705,3.12918,-0.183236
31,2.79758,2.70227,-1.22253
31,2.86792,3.12608,-0.176186
31,3.96158,3.04287,0.41494
31,4.86692,3.10898,1.22403
31,4.23695,3.18694,0.946496
31,4.22784,3.19307,0.943351
31,4.17269,3.14137,0.776406
31,4.09448,3.18621,0.816251
31,4.25365,3.23129,1.03346
31,4.18264,3.14332,0.723721
31,4.61086,3.18044,1.07243
31,4.66762,3.19596,1.14558
31,4.9105,2.60807,-0.0760968
31,4.66599,3.1981,1.14258
31,3.94618,3.14705,0.485083
31,4.87755,3.12482,1.1077
31,4.89007,3.14352,1.12426
31,4.88909,2.77567,0.2361
31,4.77026,3.16216,1.00805
31,4.21513,3.15484,0.559796
31,3.19212,3.16633,-0.162617
31,4.22957,3.14339,0.479955
31,4.80679,3.19036,1.0073
31,4.25398,3.13572,0.460628
31,4.24045,3.16223,0.458255
31,2.97814,3.29689,-0.138053
31,3.57837,3.16049,-0.0483804
31,4.64217,2.53559,-0.770244
31,2.88091,3.11073,-0.702455
31,2.81181,2.83399,-1.44895
31,3.37408,3.20796,-0.155451
31,3.63936,3.20685,0.0294247
31,4.17381,3.37574,0.804232
31,3.07002,3.33104,-0.141377
31,3.64942,3.18479,-0.0696092
31,4.17173,3.32821,0.628515
31,4.82399,3.19314,0.756105
31,4.79915,3.19214,0.733136
31,4.62895,2.93114,-0.0422884
31,3.51879,3.25764,-0.0822422
31,3.72411,3.14604,-0.207852
31,2.73484,2.96759,-1.40201
31,3.52735,3.30785,-0.101505
31,3.74117,3.09733,-0.50283
31,3.65981,3.09791,-0.562907
31,3.577,2.97045,-0.983546
31,3.74142,3.11866,-0.512519
31,4.20699,2.94473,-0.621637
31,4.85375,3.19,0.42724
31,4.92052,2.7184,-0.647916
31,3.36345,3.17511,-0.69808
31,3.68399,3.13499,-0.566473
31,3.40328,3.17468,-0.679863
31,3.97133,3.00574,-0.685608
31,4.87302,3.21051,0.420715
31,4.77666,3.14231,0.183705
31,3.72044,3.08174,-0.746012
31,4.86829,3.26082,0.444
31,3.68308,3.11217,-0.771994
31,3.41176,3.21956,-0.718501
31,4.19841,2.94293,-0.809274
31,3.50333,3.22031,-0.707173
31,3.66691,3.14973,-0.76047
31,3.68442,3.25789,-0.617303
31,3.59525,3.25865,-0.697142
31,3.72147,3.21572,-0.773506
31,4.82511,2.97918,-0.665585
31,4.81768,2.98828,-0.660385
31,4.83639,3.05481,-0.667476
31,4.20405,3.70456,-0.980733
31,6.60027,4.57447,0.923839
31,3.33758,5.4892,-0.89627
31,2.57692,5.67326,-1.01749
31,3.17426,5.54287,-0.926837
31,3.33783,5.52375,-0.909822
31,2.82335,5.94005,-1.08585
31,3.23992,5.50839,-1.88665
31,3.27416,5.5308,-1.85437
31,3.06404,5.5951,-1.93986
31,2.69477,6.15422,-0.965943
31,2.81247,5.69113,-2.01497
31,3.40871,5.56666,-1.89051
31,1.74588,14.7949,-3.51521
31,3.10157,3.18439,-0.173693
30,3.10157,3.18439,-0.173693
31,4.28655,1.97492,-0.70914
30,4.28655,1.97492,-0.70914
31,2.86969,2.69758,0.0244357
30,2.86969,2.69758,0.0244357
31,3.25344,4.4884,-1.35759
30,3.25344,4.4884,-1.35759
31,2.81754,3.15151,-0.113117
30,2.81754,3.15151,-0.113117
31,4.9028,2.66866,0.0970728
30,4.9028,2.66866,0.0970728
31,4.31329,2.01977,-0.745822
30,4.31329,2.01977,-0.745822
31,3.24712,4.50576,-1.34963
30,3.24712,4.50576,-1.34963
31,3.94558,1.70983,-0.752205
30,3.94558,1.70983,-0.752205
31,2.87637,3.07125,-0.166888
30,2.87637,3.07125,-0.166888
31,4.28967,1.98501,-0.71329
30,4.28967,1.98501,-0.71329
31,3.64485,2.97773,0.20128
30,3.64485,2.97773,0.20128
31,2.88163,3.02103,-0.158028
30,2.88163,3.02103,-0.158028
31,2.72034,2.05894,0.527442
30,2.72034,2.05894,0.527442
31,3.96614,1.58331,-0.530372
30,3.96614,1.58331,-0.530372
31,2.72979,2.01898,0.536532
30,2.72979,2.01898,0.536532
31,2.69902,8.00824,-1.48272
30,2.69902,8.00824,-1.48272
31,4.18035,1.49625,0.824598
29,4.18035,1.49625,0.824598
31,4.8528,3.32239,0.984683
29,4.8528,3.32239,0.984683
31,4.85711,3.0703,-0.439725
29,4.85711,3.0703,-0.439725
31,2.91676,4.04426,-0.464418
29,2.91676,4.04426,-0.464418
31,2.92148,3.45809,-0.277446
29,2.92148,3.45809,-0.277446
31,3.17531,3.42048,-0.249931
29,3.17531,3.42048,-0.249931
31,3.11376,2.47252,0.0482104
29,3.11376,2.47252,0.0482104
31,5.23669,1.63763,-0.139811
29,5.23669,1.63763,-0.139811
31,5.01496,1.58465,0.226858
29,5.01496,1.58465,0.226858
31,5.18199,1.55164,0.128759
29,5.18199,1.55164,0.128759
31,2.7451,2.0006,0.422233
29,2.7451,2.0006,0.422233
31,4.32371,2.71106,-0.268795
28,4.32371,2.71106,-0.268795
31,2.9869,1.99942,-0.764147
28,2.9869,1.99942,-0.764147
31,4.72699,3.21993,-0.866597
28,4.72699,3.21993,-0.866597
31,2.9142,2.28131,-0.0213419
28,2.9142,2.28131,-0.0213419
32,3.43425,1.16085,0.344371
32,3.4348,1.16033,0.342324
32,3.38103,1.50256,0.193853
32,3.10938,1.77162,0.335692
32,3.24278,1.73752,0.0302625
32,3.26722,1.73492,0.0376392
32,3.35712,1.79168,0.0124717
32,5.15697,1.36601,0.110755
32,5.1882,1.26809,-0.136192
32,5.19423,1.26953,-0.137645
32,5.1263,1.52648,0.424664
32,5.14663,1.53298,0.416584
32,5.14713,1.53753,0.421841
32,5.07125,1.8247,1.0496
32,5.15708,1.32636,-0.145331
32,5.14646,1.36407,-0.177732
32,5.18021,1.35349,-0.219576
32,3.02402,2.20546,0.226581
32,2.99123,2.206,0.198107
32,5.12868,1.36564,-0.250855
32,5.13586,1.64023,0.41572
32,5.14219,1.64596,0.419693
32,5.18481,1.33729,-0.300322
32,5.14053,1.64861,0.418509
32,5.14016,1.37605,-0.25779
32,3.02244,2.22931,0.215779
32,5.15238,1.65395,0.419292
32,2.96014,2.25477,0.185839
32,5.12844,1.58167,0.165172
32,5.10171,1.85177,0.782345
32,5.08483,1.84297,0.73289
32,5.13577,1.55391,-0.00733078
32,5.13534,1.50195,-0.142885
32,5.13953,1.50662,-0.142069
32,5.12416,1.66703,0.216703
32,5.07582,1.9701,0.891141
32,5.11677,1.64956,0.133892
32,3.57905,1.76515,-0.745791
32,5.07395,2.04465,1.06097
32,5.09828,1.62613,0.0487552
32,3.59055,1.77508,-0.734334
32,5.07199,2.03117,0.995022
32,5.08583,1.97035,0.850112
32,3.66569,1.75988,-0.739982
32,5.04842,2.06287,1.02161
32,3.72949,1.75208,-0.747087
32,5.05191,2.06052,0.994387
32,5.04755,2.05261,0.965922
32,3.50845,1.82647,-0.748535
32,5.08372,1.8384,0.439101
32,3.6461,1.80485,-0.743981
32,5.05436,2.07015,0.947451
32,5.17557,1.52656,-0.298101
32,3.2623,1.93414,-0.757426
32,5.10298,1.85473,0.434205
32,5.0639,2.05249,0.873648
32,3.50549,1.85831,-0.779561
32,3.6617,1.82236,-0.757633
32,5.18507,1.53789,-0.313013
32,5.07536,1.89308,0.46662
32,5.08057,1.89526,0.473143
32,3.77955,1.80165,-0.737401
32,3.82968,1.78343,-0.756509
32,3.81766,1.78924,-0.754757
32,3.30089,1.94182,-0.773945
32,3.75737,1.80543,-0.763129
32,5.07074,2.0717,0.864411
32,3.91206,1.77066,-0.748221
32,3.75368,1.81575,-0.760682
32,3.81465,1.79833,-0.764966
32,5.00325,2.06917,0.78962
32,3.29679,1.96976,-0.7432
32,3.29689,1.96933,-0.745165
32,2.84401,2.13215,-0.690784
32,3.68437,1.85097,-0.75242
32,5.09364,1.84798,0.296282
32,3.74287,1.83128,-0.765005
32,3.35693,1.94786,-0.774131
32,5.10989,1.85009,0.308621
32,5.12302,1.64199,-0.194165
32,5.09429,1.8711,0.338993
32,4.20162,1.70728,-0.735614
32,5.00278,2.07452,0.759745
32,5.09341,2.04775,0.762387
32,4.25943,1.68828,-0.743195
32,5.04273,2.05268,0.732224
32,5.13101,1.64578,-0.193771
32,3.99541,1.76578,-0.759823
32,3.36294,1.9525,-0.786608
32,5.08152,1.8653,0.292492
32,3.37254,1.96109,-0.793936
32,3.30297,1.9974,-0.7684
32,5.10296,1.76387,0.0184129
32,2.834,2.1611,-0.729495
32,5.12603,1.64297,-0.261122
32,5.09789,1.83859,0.19222
32,5.12324,1.64535,-0.264565
32,5.07091,1.85707,0.209321
32,5.08553,1.86349,0.219979
32,4.3112,1.71251,-0.741854
32,4.06479,1.78421,-0.758739
32,3.98155,1.80609,-0.770246
32,3.49095,2.34356,0.150325
32,4.12893,1.78643,-0.74043
32,5.09958,1.8309,0.082305
32,5.05069,2.03504,0.540858
32,5.09457,1.89745,0.234247
32,4.36816,1.73962,-0.730514
32,3.37955,2.03955,-0.754816
32,5.10647,1.91594,0.230892
32,3.3791,2.04688,-0.757201
32,2.84575,2.33808,-0.511956
32,5.10493,1.84405,-0.0122246
32,3.38979,2.10049,-0.685561
32,3.39477,2.28604,-0.237555
32,5.0816,1.9023,0.0936558
32,5.13393,2.00469,0.355198
32,5.12955,2.00158,0.340799
32,5.08593,1.95462,0.127062
32,5.14165,2.02375,0.336506
32,5.10867,1.9813,0.205496
32,5.2396,1.65457,-0.500807
32,4.06816,1.93251,-0.734425
32,5.1042,1.84028,-0.186578
32,2.83573,2.39509,-0.548013
32,4.09386,1.92677,-0.745416
32,5.11103,1.84162,-0.191852
32,5.24572,1.63485,-0.604294
32,4.05507,1.96616,-0.69942
32,4.06544,1.96391,-0.703845
32,2.83291,2.41183,-0.553876
32,5.08623,2.12269,0.417475
32,5.10269,2.00871,0.131066
32,2.82416,2.43015,-0.579515
32,3.40193,2.20602,-0.75335
32,5.13589,1.77781,-0.491145
32,5.11774,2.16348,0.41623
32,5.11184,1.98092,-0.0362689
32,5.09715,1.98194,-0.0512527
32,5.16554,2.05307,0.169002
32,5.14454,1.77303,-0.550017
32,5.01782,2.17614,0.306285
32,5.13509,2.1926,0.401449
32,5.20098,2.07823,0.171434
32,5.12366,1.81314,-0.558901
32,5.13157,2.00006,-0.101188
32,5.10989,2.04646,-0.0163472
32,5.13505,1.84915,-0.478449
32,5.12881,2.2058,0.371169
32,5.13898,2.00969,-0.104914
32,5.13214,2.2541,0.453
32,5.13936,1.78376,-0.701277
32,5.14543,1.78756,-0.706467
32,4.37413,2.48778,0.40099
32,2.73282,2.83092,-0.0100084
32,3.59802,2.23239,-0.816972
32,3.45947,2.37511,-0.608515
32,2.71607,2.83221,-0.0772136
32,5.11921,1.86349,-0.632123
32,3.45012,2.39157,-0.629771
32,5.00355,2.21795,0.0536997
32,5.01033,2.15757,-0.0969143
32,2.7014,2.89553,-0.106079
32,2.70005,2.90186,-0.0965228
32,5.09802,1.99235,-0.505647
32,2.70008,2.93153,-0.0424954
32,3.71751,3.00393,0.88999
32,4.97259,2.36946,0.186303
32,4.9426,2.46011,0.37293
32,4.97597,2.37972,0.17744
32,3.71648,3.02753,0.766851
32,3.74155,3.02449,0.767819
32,4.46698,2.52659,0.0802751
32,5.12355,1.99251,-0.733166
32,4.99655,2.31633,-0.140083
32,3.70753,2.97907,0.493722
32,3.67936,2.97877,0.466494
32,3.68887,2.97772,0.468064
32,3.68816,2.96704,0.438341
32,5.12403,2.04732,-0.734348
32,3.71925,3.02911,0.581496
32,5.11056,2.06204,-0.731259
32,4.93523,2.57138,0.37248
32,4.90342,2.54958,0.260771
32,3.65777,2.92065,0.220204
32,3.71183,2.89034,0.176844
32,5.11513,2.08489,-0.742169
32,4.92852,2.56828,0.264073
32,3.71407,2.91081,0.170786
32,4.93195,2.49732,0.0613674
32,4.93778,2.4992,0.0548684
32,4.93722,2.50427,0.0653912
32,4.95505,2.19327,-0.688102
32,4.96465,2.19712,-0.695168
32,3.66117,2.9493,0.148588
32,4.96127,2.22471,-0.700693
32,4.25904,3.19845,1.02658
32,3.97145,3.0353,0.410845
32,4.97813,2.25769,-0.721952
32,4.24542,3.17952,0.939847
32,4.9619,2.4607,-0.272515
32,3.66611,3.02076,0.0938669
32,4.9466,2.2911,-0.721217
32,4.2436,3.1594,0.774749
32,4.87691,3.09746,1.08888
32,4.24111,3.17525,0.761643
32,4.65433,3.19596,1.11033
32,4.92658,2.62718,-0.0835384
32,4.87798,3.15549,1.15822
32,3.65144,3.09487,0.0683194
32,4.21571,3.20106,0.750054
32,3.01075,3.19009,-0.188167
32,4.22314,3.09764,0.470991
32,3.69543,3.10247,0.0618999
32,3.64187,3.12859,0.0258426
32,4.96696,2.44613,-0.64047
32,4.96974,2.45535,-0.637672
32,4.23615,3.14466,0.465489
32,4.23408,3.15806,0.494225
32,4.2485,3.14779,0.477177
32,4.24799,3.15018,0.451064
32,4.26438,3.15163,0.458233
32,4.64154,2.53575,-0.763141
32,3.70435,3.15585,0.00900888
32,4.16084,3.35013,0.81898
32,3.28452,3.21679,-0.169013
32,3.58798,3.17882,-0.0440391
32,3.63393,3.16855,-0.0358275
32,3.33348,3.21028,-0.161717
32,4.89383,2.69759,-0.233296
32,2.96147,3.10783,-0.697658
32,3.02766,3.31887,-0.14144
32,3.07933,3.3108,-0.14933
32,4.81221,3.18063,0.826698
32,3.38111,3.22026,-0.161262
32,3.37984,3.2151,-0.180626
32,4.94495,2.54112,-0.645564
32,3.42608,3.21546,-0.160398
32,4.18535,3.45743,0.984713
32,3.46776,3.22225,-0.130871
32,4.16552,3.39584,0.815153
32,3.3392,3.23708,-0.201634
32,4.18446,3.39482,0.801792
32,3.56649,3.22372,-0.0879521
32,3.58055,3.20975,-0.114772
32,3.47124,3.22571,-0.161736
32,3.42966,3.23407,-0.191273
32,3.58115,3.2303,-0.10256
32,3.31464,3.30664,-0.121804
32,3.56201,3.21941,-0.150124
32,4.56655,3.17476,0.498162
32,3.3136,3.30685,-0.12609
32,3.67344,3.21083,-0.0949944
32,3.59252,3.24416,-0.0771056
32,3.46782,3.24364,-0.176138
32,4.18701,3.35262,0.625156
32,3.71515,3.22737,-0.0509829
32,3.63171,3.22912,-0.157109
32,3.35677,3.32847,-0.127791
32,4.94027,3.10595,0.438518
32,3.49111,3.34463,-0.117696
32,3.44588,3.35798,-0.126755
32,3.6877,3.11921,-0.555848
32,3.58092,2.97172,-0.998093
32,3.67463,3.12722,-0.560613
32,4.98916,3.1503,0.475815
32,3.53768,3.35865,-0.123823
32,3.56414,2.99323,-1.006
32,3.55865,3.0012,-0.994748
32,4.91037,2.7319,-0.659041
32,3.68494,3.1481,-0.573142
32,4.95178,3.16513,0.420016
32,3.43841,3.20765,-0.632512
32,4.15782,3.5768,0.801916
32,3.71537,3.07896,-0.757665
32,3.65468,3.33826,-0.179284
32,4.85471,3.23544,0.456362
32,4.87515,3.22099,0.427603
32,4.7976,3.15358,0.186234
32,3.68652,3.12689,-0.77467
32,3.9948,3.07359,-0.724611
32,3.59201,3.23777,-0.642311
32,3.7285,3.15259,-0.766097
32,3.66278,3.43926,-0.208509
32,3.76934,3.18077,-0.784274
32,5.7449,3.36956,1.1587
32,4.67067,3.02391,-0.596434
32,4.79848,3.12128,-0.425254
32,4.73821,3.06629,-0.623545
32,3.85781,3.25986,-0.830085
32,6.5706,4.4718,1.01921
32,2.80964,5.51798,-0.801625
32,2.7163,5.57547,-0.829007
32,2.86637,5.59009,-0.816242
32,3.44322,5.40708,-0.826495
32,2.47047,5.64069,-1.04694
32,3.16226,5.47633,-0.932739
32,3.33669,5.45565,-0.889143
32,3.41049,5.45586,-0.845488
32,2.77394,5.66675,-0.844204
32,3.41291,5.48369,-0.892568
32,2.85135,5.68636,-0.841109
32,3.25395,5.53585,-0.926322
32,2.26974,5.85172,-0.925582
32,2.78145,5.72085,-0.864066
32,2.76617,5.9555,-0.935357
32,3.3538,5.49667,-1.75699
32,3.23121,5.57758,-1.95675
32,2.61189,5.71682,-2.08579
32,2.41556,5.81618,-2.14794
32,3.63835,1.75428,-0.706806
31,3.63835,1.75428,-0.706806
32,3.73938,2.85713,-0.64764
31,3.73938,2.85713,-0.64764
32,3.86885,1.81088,-0.698274
31,3.86885,1.81088,-0.698274
32,3.67147,3.32291,-0.131525
31,3.67147,3.32291,-0.131525
32,3.951,1.72625,-0.75712
31,3.951,1.72625,-0.75712
32,3.1933,3.21956,-0.184855
31,3.1933,3.21956,-0.184855
32,5.37734,1.5271,-0.492083
31,5.37734,1.5271,-0.492083
32,3.69982,2.88865,-0.640326
31,3.69982,2.88865,-0.640326
32,5.31875,1.48855,-0.455575
31,5.31875,1.48855,-0.455575
32,3.22883,1.9118,-0.81139
31,3.22883,1.9118,-0.81139
32,2.90298,2.78844,0.0016221
31,2.90298,2.78844,0.0016221
32,2.62078,4.36563,-0.471627
31,2.62078,4.36563,-0.471627
32,3.69585,2.95154,-0.12377
30,3.69585,2.95154,-0.12377
32,4.967,1.95544,-0.604509
30,4.967,1.95544,-0.604509
32,5.09682,2.09513,-0.707997
30,5.09682,2.09513,-0.707997
32,5.24814,2.03388,-0.554005
30,5.24814,2.03388,-0.554005
32,5.131,1.97263,-0.204282
30,5.131,1.97263,-0.204282
32,3.58624,3.30397,-0.141534
30,3.58624,3.30397,-0.141534
32,2.96426,3.835,-0.299463
30,2.96426,3.835,-0.299463
32,3.69695,2.87119,0.496252
30,3.69695,2.87119,0.496252
32,5.29418,2.02257,-0.236235
30,5.29418,2.02257,-0.236235
32,4.58695,4.11345,-1.20584
30,4.58695,4.11345,-1.20584
32,3.04894,3.63484,-0.331363
30,3.04894,3.63484,-0.331363
32,5.20962,1.86603,-0.579643
30,5.20962,1.86603,-0.579643
32,3.02694,4.2872,-0.555216
30,3.02694,4.2872,-0.555216
32,2.71525,3.35275,-0.846327
30,2.71525,3.35275,-0.846327
32,5.07983,2.16185,0.467239
30,5.07983,2.16185,0.467239
32,4.92641,1.42832,0.194626
30,4.92641,1.42832,0.194626
32,5.39794,1.66744,0.0747886
30,5.39794,1.66744,0.0747886
32,4.92994,1.40672,-0.253618
30,4.92994,1.40672,-0.253618
32,4.58878,2.31112,-0.725917
29,4.58878,2.31112,-0.725917
32,4.88532,3.54312,-0.868491
29,4.88532,3.54312,-0.868491
32,3.15729,3.13543,-0.160258
29,3.15729,3.13543,-0.160258
32,5.49748,2.63675,0.363121
29,5.49748,2.63675,0.363121
32,4.55548,3.13942,0.42284
29,4.55548,3.13942,0.42284
32,3.07799,3.40283,-0.25614
29,3.07799,3.40283,-0.25614
32,5.06851,2.00799,-0.325923
29,5.06851,2.00799,-0.325923
32,4.83242,3.20733,0.747034
29,4.83242,3.20733,0.747034
32,5.06926,2.14965,0.741132
29,5.06926,2.14965,0.741132
32,3.62923,3.23448,-0.164407
29,3.62923,3.23448,-0.164407
32,2.7224,2.19192,-0.873577
29,2.7224,2.19192,-0.873577
32,3.10029,9.74784,-8.16684
21,3.10029,9.74784,-8.16684
33,3.50145,1.25839,0.332514
33,4.45209,1.138,0.649538
33,3.41456,1.36806,0.26935
33,3.47855,1.39386,0.26172
33,5.14343,1.55057,0.367754
33,5.14314,1.48899,0.208295
33,5.14076,1.57017,0.37036
33,5.17178,1.53636,0.266888
33,5.12923,1.6171,0.313432
33,5.16183,1.53249,0.0934214
33,5.16338,1.60111,0.252357
33,5.08642,1.98862,1.11942
33,5.08816,1.84892,0.77713
33,5.1092,1.78464,0.612439
33,3.99012,1.88224,-0.0148223
33,5.15267,1.53063,0.00187016
33,5.12732,1.67669,0.327529
33,5.09689,1.85711,0.74344
33,5.12825,1.45957,-0.215084
33,5.14798,1.6143,0.0957392
33,5.12167,1.67157,0.214015
33,5.0913,1.63251,0.0488928
33,5.13964,1.56476,-0.0898987
33,5.06178,2.07437,0.982852
33,5.06334,2.0873,1.00434
33,5.07991,2.01947,0.772785
33,5.07293,1.88722,0.420804
33,5.14645,1.70982,0.000342786
33,5.05058,1.69097,-0.118976
33,5.08633,1.90294,0.425934
33,3.21782,2.23591,-0.206798
33,5.09722,1.911,0.424262
33,5.16094,1.77298,0.134945
33,5.22235,1.5674,-0.337169
33,5.17193,1.58403,-0.349595
33,3.30522,2.00763,-0.755367
33,5.12095,1.87168,0.291721
33,5.24296,1.58286,-0.356689
33,5.19286,1.56558,-0.438738
33,3.30823,2.01714,-0.78178
33,5.11073,1.85844,0.186719
33,5.10941,1.90339,0.268769
33,5.07616,2.05772,0.576935
33,5.10276,1.9169,0.228904
33,5.0889,2.05143,0.526114
33,3.39266,2.06285,-0.767418
33,3.52394,2.39482,0.139241
33,3.33439,2.30027,-0.242799
33,3.3479,2.30509,-0.226691
33,5.09816,1.83791,-0.0608193
33,5.09939,1.93071,0.163488
33,5.10014,1.74386,-0.306507
33,4.05385,1.9094,-0.705484
33,5.12009,1.81875,-0.115713
33,5.09313,1.83563,-0.0967408
33,3.51084,2.43384,0.158846
33,5.11616,1.99209,0.282551
33,5.09413,1.83303,-0.132614
33,5.06207,2.09734,0.4656
33,5.10467,1.79649,-0.244844
33,5.08173,1.94059,0.069563
33,5.1614,1.82149,-0.18653
33,5.07274,1.95914,0.0742701
33,5.20918,1.71602,-0.420926
33,4.07745,1.94838,-0.721341
33,5.11544,1.75132,-0.413308
33,5.11768,1.7541,-0.41237
33,5.11816,1.73692,-0.465751
33,5.11302,1.85664,-0.197319
33,4.06498,1.97874,-0.697442
33,5.17898,1.83208,-0.219963
33,5.10453,2.14673,0.471773
33,3.95084,1.98471,-0.82364
33,5.08271,1.88422,-0.211592
33,4.24438,2.13635,-0.245079
33,3.40059,2.1916,-0.76201
33,5.08613,1.86491,-0.280503
33,5.11309,1.86331,-0.27101
33,3.40936,2.20242,-0.742637
33,5.13794,1.76805,-0.498423
33,5.11247,2.16639,0.414983
33,5.141,1.79546,-0.482067
33,5.15478,1.78185,-0.515129
33,5.1383,1.82553,-0.427589
33,5.13458,1.88394,-0.294049
33,3.40926,2.22937,-0.766254
33,5.1141,2.17327,0.377673
33,5.12438,1.88634,-0.318855
33,5.13513,1.84933,-0.410874
33,5.10951,1.9375,-0.223756
33,5.15779,1.81037,-0.500518
33,5.02126,2.18358,0.298747
33,5.13428,1.89411,-0.328138
33,5.12012,1.9963,-0.0972096
33,5.11824,2.06078,0.0503781
33,5.1421,1.8726,-0.40473
33,5.13165,2.10222,0.147538
33,4.04518,2.02849,-0.86501
33,5.12442,2.06258,0.0391976
33,5.1291,1.78272,-0.651938
33,5.11975,2.08661,0.0800601
33,5.02831,2.20036,0.288671
33,5.1591,1.82348,-0.546422
33,5.1558,1.87918,-0.413514
33,5.15856,1.82467,-0.551177
33,5.13155,2.06646,0.0161026
33,5.10742,2.09975,0.0511246
33,5.11782,2.08376,0.0114108
33,5.14024,1.78644,-0.700306
33,5.12923,1.90898,-0.412563
33,5.13701,1.98683,-0.222681
33,5.12226,2.06861,-0.0679718
33,5.12523,1.90472,-0.48668
33,5.12298,1.92189,-0.459162
33,4.05861,2.06881,-0.920197
33,5.09548,2.11597,-0.0460165
33,2.79911,2.57977,-0.664496
33,5.1496,2.30123,0.4321
33,4.01184,2.08422,-0.992328
33,5.12261,2.0524,-0.240532
33,5.14684,2.05666,-0.234222
33,5.00875,2.16022,-0.0992699
33,5.14765,2.01659,-0.351384
33,5.17687,2.05591,-0.268083
33,5.17934,1.90482,-0.637224
33,5.01466,2.24279,0.04685
33,3.46123,2.44443,-0.654895
33,5.12069,2.09559,-0.263292
33,5.16674,2.10636,-0.208898
33,5.16802,2.04094,-0.370732
33,5.16975,2.02594,-0.419022
33,5.10512,2.02808,-0.464908
33,5.12336,2.10566,-0.267447
33,3.47233,2.45792,-0.664167
33,5.12517,2.40352,0.452463
33,3.72853,3.05649,0.927679
33,5.14456,2.06534,-0.429388
33,2.69856,2.95912,-0.110254
33,5.15998,2.42119,0.438351
33,5.15745,2.09207,-0.396446
33,4.99044,2.39889,0.168122
33,5.13154,2.05875,-0.559312
33,5.15501,2.08555,-0.504154
33,3.72546,3.0547,0.758519
33,3.74074,3.04847,0.743319
33,3.73484,3.06642,0.756704
33,4.98421,2.31855,-0.128071
33,4.99103,2.31159,-0.141899
33,3.72702,2.97983,0.483713
33,5.16738,2.0916,-0.612798
33,3.70728,2.98844,0.468536
33,3.94759,2.89865,0.426639
33,5.12841,2.10853,-0.613468
33,3.69175,2.97441,0.404611
33,2.71184,3.05047,-0.158618
33,3.72874,3.03397,0.572957
33,3.71551,2.98406,0.419418
33,3.68512,3.03069,0.487915
33,4.9187,2.55354,0.259998
33,3.69158,3.02553,0.479841
33,3.71422,2.99557,0.417457
33,3.68862,3.01723,0.450688
33,5.14961,2.57565,0.464464
33,3.68866,3.02436,0.447667
33,5.31089,2.49615,0.385685
33,3.7266,3.03117,0.467784
33,3.95904,2.94055,0.422856
33,2.75926,3.07447,-0.168694
33,4.96805,2.41946,-0.0902548
33,3.69785,3.0252,0.423299
33,5.12555,2.10375,-0.752172
33,5.12132,2.10603,-0.754146
33,4.97644,2.43092,-0.0933586
33,4.93287,2.58956,0.253748
33,5.0714,2.63021,0.42413
33,4.97561,2.20376,-0.699009
33,4.96564,2.21175,-0.698634
33,4.96298,2.21508,-0.695672
33,3.73059,2.95411,0.15781
33,3.66815,3.02389,0.120655
33,4.2636,3.22311,1.02338
33,4.96888,2.47787,-0.285145
33,3.96297,3.10623,0.479109
33,3.9819,3.07438,0.401958
33,4.91828,2.67562,0.095799
33,3.79865,3.17692,0.465744
33,3.66099,3.0874,0.0806829
33,4.89286,2.77363,0.231937
33,2.78972,3.0667,-0.697304
33,4.67265,3.22422,1.10783
33,4.88554,3.17842,1.14887
33,4.24624,3.21599,0.74352
33,4.69145,3.24193,1.13562
33,3.65227,3.12836,0.0561985
33,3.15743,3.1919,-0.174751
33,2.83261,3.08553,-0.68603
33,3.17767,3.20305,-0.149014
33,3.20509,3.19232,-0.169394
33,4.24957,3.13251,0.466386
33,3.27011,3.21789,-0.150487
33,3.19263,3.2441,-0.160385
33,3.55244,2.82212,-0.924689
33,4.64955,2.54813,-0.780711
33,4.17194,3.34155,0.797493
33,4.2679,3.16924,0.441643
33,3.3163,3.23661,-0.151118
33,3.08593,3.32136,-0.143678
33,4.90783,2.71561,-0.247123
33,3.23394,3.28829,-0.131008
33,3.60976,3.20329,-0.0608432
33,3.3852,3.24171,-0.144699
33,3.60874,3.2065,-0.0761064
33,3.61162,3.20821,-0.08146
33,3.2735,3.30832,-0.132354
33,3.1803,3.33342,-0.14353
33,3.52872,3.22761,-0.154702
33,3.38157,3.27376,-0.160796
33,3.59282,3.05584,-0.538422
33,3.58817,3.24463,-0.0904459
33,3.18305,3.35411,-0.140092
33,3.57172,3.23161,-0.151117
33,3.58929,3.05074,-0.582057
33,3.59132,3.23833,-0.126054
33,3.54349,3.25445,-0.136863
33,4.57854,3.18823,0.486253
33,4.68859,2.62444,-0.831297
33,3.17241,3.15566,-0.688597
33,3.47142,3.28553,-0.15033
33,3.58414,3.26423,-0.130268
33,4.80072,3.11529,0.432046
33,3.47693,3.27209,-0.194945
33,4.66867,2.95914,-0.0624744
33,4.57534,3.18521,0.411126
33,4.82661,3.11922,0.435041
33,3.4139,3.33441,-0.131303
33,3.65659,3.25494,-0.147585
33,3.19107,3.17906,-0.719
33,3.24303,3.17294,-0.71222
33,3.62207,3.28211,-0.158655
33,3.21804,3.18647,-0.701738
33,3.24243,3.17795,-0.712864
33,3.28454,3.18395,-0.702775
33,3.50072,3.35356,-0.126774
33,4.85563,3.17478,0.426943
33,3.69201,3.13113,-0.571169
33,3.68057,3.13993,-0.578461
33,3.75301,3.14585,-0.527585
33,3.55824,3.01106,-1.02393
33,3.30909,3.21647,-0.711317
33,3.67746,3.09388,-0.751681
33,3.72407,3.08439,-0.761948
33,4.8664,3.23443,0.436921
33,4.8846,3.21941,0.410901
33,4.87644,3.22439,0.416638
33,3.47009,3.20321,-0.709524
33,3.42862,3.2143,-0.719747
33,3.7238,3.13144,-0.752528
33,3.51369,3.23108,-0.712138
33,3.55845,3.21896,-0.71197
33,4.81818,3.19521,0.16438
33,3.603,3.23599,-0.666871
33,3.60307,3.23439,-0.709606
33,3.74197,3.16583,-0.812591
33,4.80404,2.93069,-0.628596
33,3.78066,3.20104,-0.842662
33,4.78924,3.12307,-0.408498
33,4.84615,3.04169,-0.665849
33,4.81026,3.15529,-0.417508
33,4.80067,3.09273,-0.633828
33,4.84937,3.15459,-0.672666
33,2.9052,5.48238,-0.800219
33,2.81795,5.51635,-0.821045
33,2.84985,5.48273,-0.916654
33,2.48585,5.54853,-1.03477
33,2.55228,5.62393,-0.862254
33,2.47415,5.6057,-1.04311
33,2.54644,5.66814,-0.876865
33,2.45452,5.70084,-0.89689
33,3.13677,5.49909,-0.90475
33,3.30293,5.47212,-0.876609
33,3.26458,5.49297,-0.885041
33,3.18056,5.51268,-0.90402
33,2.72135,5.67683,-0.896619
33,3.26716,5.49556,-0.932214
33,2.53194,5.67216,-1.07523
33,3.086,5.56928,-0.930559
33,2.35049,5.79814,-0.938275
33,2.25671,5.84579,-0.923253
33,2.88772,5.66513,-0.885642
33,2.9544,5.62907,-0.951149
33,2.32117,5.83572,-0.948084
33,2.50324,5.81589,-0.919682
33,2.482,5.4671,-1.9798
33,2.65983,5.83631,-0.951504
33,2.74329,5.44587,-1.99175
33,2.83146,5.45343,-1.97427
33,2.67262,6.02957,-1.00384
33,1.76399,25.8956,-7.64228
33,3.78363,2.92247,-0.937893
32,3.78363,2.92247,-0.937893
33,4.85935,1.73758,-0.109598
32,4.85935,1.73758,-0.109598
33,3.39292,1.9919,-0.760887
32,3.39292,1.9919,-0.760887
33,3.66817,2.92375,0.208938
32,3.66817,2.92375,0.208938
33,3.9178,1.92669,-0.7785
32,3.9178,1.92669,-0.7785
33,2.78874,5.73591,-0.875538
32,2.78874,5.73591,-0.875538
33,3.30241,3.1043,-0.140965
32,3.30241,3.1043,-0.140965
33,3.13148,2.39172,0.142582
32,3.13148,2.39172,0.142582
33,2.91933,3.20619,-0.122247
32,2.91933,3.20619,-0.122247
33,2.99885,3.2693,-0.131443
32,2.99885,3.2693,-0.131443
33,5.27353,1.77716,-0.0488808
32,5.27353,1.77716,-0.0488808
33,4.23844,3.02696,-0.667197
31,4.23844,3.02696,-0.667197
33,4.51759,4.77855,0.81186
31,4.51759,4.77855,0.81186
33,3.89748,2.85715,0.502212
31,3.89748,2.85715,0.502212
33,3.31741,2.86926,-0.817549
31,3.31741,2.86926,-0.817549
33,5.16435,1.8142,-0.50894
31,5.16435,1.8142,-0.50894
33,5.31026,2.13773,0.0807912
31,5.31026,2.13773,0.0807912
33,5.22876,2.13519,-0.392726
31,5.22876,2.13519,-0.392726
33,4.39022,2.49718,-0.752753
31,4.39022,2.49718,-0.752753
33,3.33712,3.28815,-0.199006
31,3.33712,3.28815,-0.199006
33,2.89827,2.75833,0.0121439
31,2.89827,2.75833,0.0121439
33,2.70073,3.10219,-0.189701
31,2.70073,3.10219,-0.189701
33,3.4026,0.801721,0.514781
31,3.4026,0.801721,0.514781
33,5.13561,1.78838,-0.488453
31,5.13561,1.78838,-0.488453
33,5.1504,1.52887,0.0728715
31,5.1504,1.52887,0.0728715
33,2.82083,3.2198,-0.130667
31,2.82083,3.2198,-0.130667
33,5.31213,2.73904,-0.331272
31,5.31213,2.73904,-0.331272
33,3.585,3.28067,-0.137365
31,3.585,3.28067,-0.137365
33,5.12599,1.66206,-0.100588
31,5.12599,1.66206,-0.100588
33,5.21698,1.68168,0.0252134
31,5.21698,1.68168,0.0252134
33,5.19172,1.69866,0.122869
31,5.19172,1.69866,0.122869
33,3.02423,1.98028,0.26274
31,3.02423,1.98028,0.26274
33,4.38892,3.47615,-0.893047
30,4.38892,3.47615,-0.893047
33,5.25284,2.1101,-0.47627
30,5.25284,2.1101,-0.47627
33,4.44423,3.63506,-0.971223
30,4.44423,3.63506,-0.971223
33,5.28284,2.1107,-0.689144
30,5.28284,2.1107,-0.689144
33,5.07155,2.11322,0.462561
30,5.07155,2.11322,0.462561
33,5.15417,1.96797,0.0543989
30,5.15417,1.96797,0.0543989
33,5.10517,2.60318,-0.163678
30,5.10517,2.60318,-0.163678
33,5.09096,1.74362,-0.487336
30,5.09096,1.74362,-0.487336
33,4.94331,3.69343,-0.911911
30,4.94331,3.69343,-0.911911
33,4.93172,2.76622,0.35527
29,4.93172,2.76622,0.35527
33,3.28147,1.94564,0.0109406
29,3.28147,1.94564,0.0109406
33,5.20676,1.63844,-0.126701
29,5.20676,1.63844,-0.126701
33,4.60664,2.34969,-0.75557
29,4.60664,2.34969,-0.75557
33,3.63769,3.25255,-0.162263
29,3.63769,3.25255,-0.162263
33,5.29323,1.9273,0.335048
29,5.29323,1.9273,0.335048
33,5.22805,1.44957,-0.146144
29,5.22805,1.44957,-0.146144
33,4.57668,3.20633,0.406223
29,4.57668,3.20633,0.406223
33,5.14773,1.39929,-0.107429
29,5.14773,1.39929,-0.107429
33,3.65263,3.01018,-0.449639
28,3.65263,3.01018,-0.449639
34,3.50144,1.50878,0.442279
34,3.48711,1.70117,0.382454
34,3.42972,1.65204,0.156397
34,4.72409,1.60034,0.928518
34,3.22933,1.85964,0.320961
34,4.73614,1.42045,0.303524
34,4.63665,1.39824,0.00915694
34,4.83772,1.70862,0.889623
34,4.81939,1.74996,0.949016
34,4.87337,1.74209,0.895727
34,4.8561,1.47304,0.154797
34,4.89844,1.77365,0.827521
34,4.79397,1.53966,0.0331078
34,4.87307,1.91314,0.952197
34,4.90611,1.94012,0.975013
34,4.88909,1.84089,0.711789
34,4.90305,1.93913,0.943368
34,4.91821,1.93355,0.939643
34,5.06076,1.94737,1.0206
34,4.91855,1.89244,0.759663
34,3.63741,2.11929,0.370611
34,3.01914,2.24375,0.158929
34,4.96068,1.98029,0.913889
34,3.05998,2.26384,0.173938
34,4.97667,1.75526,0.337831
34,4.8905,1.87182,0.540948
34,4.97494,1.9454,0.764422
34,4.8416,1.68797,-0.0299002
34,5.09263,1.79784,0.388725
34,4.91926,1.97713,0.692551
34,4.92791,1.98294,0.696743
34,4.87193,1.78277,0.165103
34,4.94532,1.6643,-0.0708585
34,4.87739,1.78807,0.170344
34,4.94977,1.97847,0.668962
34,4.90879,1.67595,-0.148893
34,3.17351,2.33324,0.146705
34,5.16679,2.11324,1.01663
34,5.24756,1.91496,0.562167
34,5.28956,1.85278,0.420865
34,4.9389,1.9918,0.498105
34,4.96653,1.80589,0.012877
34,4.01555,1.87174,-0.578792
34,3.48788,2.37267,0.189258
34,5.20932,1.81544,0.0976857
34,5.0249,1.86933,-0.00938898
34,5.1456,2.11823,0.671531
34,3.51345,2.40148,0.150217
34,3.44969,2.41404,0.124465
34,4.02777,1.91841,-0.658837
34,5.01355,2.09428,0.475983
34,3.53093,2.42138,0.142416
34,5.14423,2.11496,0.529178
34,5.17796,2.15376,0.614855
34,4.92645,1.85071,-0.332094
34,3.48096,2.49654,0.151609
34,3.51901,2.48786,0.153565
34,3.51467,2.52597,0.141868
34,3.65895,2.64936,0.457775
34,3.58093,2.39113,-0.233164
34,5.2901,2.02273,0.101237
34,2.77871,2.7348,-0.0220188
34,3.58903,2.40745,-0.227355
34,5.2968,2.02917,0.0972319
34,5.13488,2.20718,0.405029
34,2.81651,2.74068,-0.0265562
34,5.32003,2.04711,0.0943559
34,5.03536,1.95224,-0.387208
34,5.1762,2.23982,0.389979
34,3.66003,2.76143,0.488647
34,5.19897,2.2644,0.386258
34,4.97683,2.2116,0.0573117
34,3.71432,2.94725,0.916993
34,5.4456,2.4013,0.857311
34,5.18802,2.29688,0.411082
34,4.9862,2.15204,-0.0906426
34,4.98572,2.21439,0.0537687
34,4.98286,2.21561,0.0520086
34,3.7164,2.78756,0.506133
34,5.19788,2.30349,0.412046
34,3.69024,2.80138,0.50083
34,5.15527,2.1648,0.0192991
34,2.80107,2.84798,-0.0580663
34,3.71172,2.90924,0.754344
34,5.39593,2.25567,0.400941
34,5.23034,2.28722,0.352736
34,5.01451,2.17584,-0.113953
34,5.23007,2.30409,0.347158
34,3.66834,2.82976,0.473644
34,3.67392,2.8304,0.476207
34,3.70939,2.94394,0.754596
34,4.94525,2.01388,-0.632561
34,5.26286,2.13893,-0.106116
34,3.64555,2.74819,0.183685
34,5.20944,2.21231,0.00793195
34,3.72831,2.86821,0.510891
34,3.68332,2.85882,0.447689
34,3.59878,2.7548,0.106526
34,4.95644,2.03688,-0.64697
34,4.95941,2.37001,0.159586
34,3.67519,2.89709,0.460041
34,5.41414,2.27816,0.226787
34,3.71597,2.93681,0.577986
34,3.66736,2.90032,0.439453
34,4.86564,2.12095,-0.606974
34,3.71642,2.93452,0.504543
34,4.50337,2.91411,1.02772
34,4.91608,2.11447,-0.630501
34,4.90878,2.12152,-0.630133
34,3.68034,2.95482,0.481736
34,4.86001,2.14711,-0.61377
34,4.89261,2.13394,-0.627829
34,4.90304,2.13046,-0.631449
34,3.70957,2.95254,0.481121
34,5.31863,2.42807,0.384117
34,2.87105,2.97997,-0.0963261
34,5.17019,2.1118,-0.518853
34,4.85575,2.16281,-0.626964
34,5.19143,2.18743,-0.322778
34,4.9312,2.38431,-0.0698944
34,5.19959,2.19762,-0.328825
34,5.00324,2.34126,-0.157771
34,5.32665,2.2122,-0.247715
34,4.9105,2.48793,0.0598595
34,4.91957,2.58556,0.248939
34,5.36647,2.06851,-0.686236
34,4.50985,2.55448,-0.139963
34,4.92568,2.59189,0.244715
34,5.44424,2.35774,-0.0218956
34,5.50065,2.35113,-0.0158744
34,5.43774,2.35141,-0.152979
34,4.87925,2.63475,0.100792
34,4.9717,2.57695,0.0250559
34,5.20761,2.19488,-0.851231
34,4.86949,2.7538,0.23127
34,4.90924,2.61326,-0.0816153
34,5.2161,2.20486,-0.859202
34,4.28408,3.2869,1.02837
34,3.58394,3.06333,-0.0295736
34,5.36801,2.70655,0.395506
34,3.58182,3.06455,-0.0674272
34,4.94398,2.65147,-0.109305
34,4.94636,2.65562,-0.109847
34,4.9457,2.66112,-0.0976281
34,5.50729,2.67103,0.337911
34,5.48447,2.68062,0.341271
34,5.18923,2.79587,0.393842
34,4.25177,3.30208,0.92312
34,3.63277,3.08883,-0.0510526
34,5.70589,2.2842,-0.48888
34,4.73548,2.97971,0.45667
34,3.58114,3.11044,-0.0865322
34,3.19646,3.19369,-0.189621
34,3.24042,3.20018,-0.145295
34,4.74239,3.00863,0.480277
34,3.24109,3.20528,-0.151285
34,5.21734,2.83158,0.389156
34,5.51834,2.73016,0.340322
34,4.27592,3.27877,0.759919
34,5.43982,2.41002,-0.497681
34,5.50626,2.35325,-0.630703
34,4.27343,3.29949,0.749691
34,3.28085,3.25195,-0.163766
34,3.46924,3.22574,-0.141302
34,5.42296,2.85745,0.395122
34,4.27293,3.23561,0.468344
34,3.32554,3.26604,-0.164754
34,5.53553,2.37876,-0.700939
34,3.56337,3.21177,-0.140988
34,3.37219,3.2652,-0.160499
34,3.55927,3.22257,-0.132581
34,4.285,3.37513,0.753488
34,3.41927,3.26305,-0.155761
34,3.07626,3.14936,-0.700555
34,4.28311,3.25596,0.437494
34,5.80365,2.36173,-0.632454
34,3.4077,3.29931,-0.121326
34,3.45326,3.29314,-0.115273
34,3.55551,3.26292,-0.144124
34,4.80922,3.13063,0.447654
34,3.51365,3.27377,-0.166574
34,5.49264,2.42787,-0.777573
34,5.58878,2.44,-0.682902
34,4.29778,3.29368,0.427438
34,4.82873,3.13407,0.41932
34,4.83348,3.13383,0.421137
34,4.29032,3.30989,0.445522
34,3.09262,3.18825,-0.731906
34,3.19008,3.16566,-0.715995
34,3.18389,3.17113,-0.719297
34,3.34362,3.37104,-0.198902
34,5.66502,2.51301,-0.599952
34,3.33855,3.40364,-0.2065
34,4.74687,2.82751,-0.576469
34,4.24541,3.52872,0.756799
34,3.39154,3.22366,-0.630334
34,4.73671,2.84727,-0.574327
34,3.32172,3.41282,-0.255347
34,3.36902,3.20776,-0.722897
34,4.75352,2.85069,-0.583208
34,3.27723,3.23618,-0.744771
34,3.41141,3.21794,-0.711925
34,4.7397,2.89311,-0.564036
34,4.76041,2.88996,-0.577612
34,4.73516,2.91827,-0.537059
34,3.69545,3.22971,-0.608242
34,3.48442,3.45817,-0.212499
34,3.67747,3.23454,-0.617266
34,3.51095,3.24207,-0.730345
34,3.72178,3.17467,-0.81794
34,3.68125,3.27231,-0.643865
34,4.76027,2.98104,-0.579365
34,5.0714,3.37441,0.387651
34,4.26013,4.17798,1.01925
34,4.99895,3.33195,-1.36424
34,5.24814,3.81351,-1.71982
34,5.35785,3.88105,-1.82115
34,3.31506,5.22736,-0.836609
34,5.52017,4.17539,-2.06758
34,2.86346,5.47448,-1.03124
34,2.75786,5.52364,-1.05733
34,2.41285,5.4254,-2.01743
34,2.80567,5.41867,-1.84459
34,1.89078,5.58241,-2.17597
34,3.29545,5.27669,-1.89264
34,3.11176,5.41737,-1.95015
34,2.75165,5.97994,-1.13602
34,3.22325,6.06155,-1.11602
34,2.63033,6.875,-1.30073
34,2.11282,13.8921,-3.5725
34,5.19832,2.14303,-0.439972
33,5.19832,2.14303,-0.439972
34,3.77292,3.2053,-0.849009
33,3.77292,3.2053,-0.849009
34,4.64179,2.55235,-0.787356
33,4.64179,2.55235,-0.787356
34,5.16267,2.04232,-0.271009
33,5.16267,2.04232,-0.271009
34,5.13676,2.06933,-0.436271
33,5.13676,2.06933,-0.436271
34,5.12961,2.02366,0.148184
33,5.12961,2.02366,0.148184
34,5.08154,2.07258,-0.524736
33,5.08154,2.07258,-0.524736
34,4.38235,2.18279,-0.892996
33,4.38235,2.18279,-0.892996
34,5.13072,1.77598,-0.424294
33,5.13072,1.77598,-0.424294
34,2.58201,3.34115,-0.179069
33,2.58201,3.34115,-0.179069
34,2.7067,2.9508,-0.0386244
33,2.7067,2.9508,-0.0386244
34,2.82513,3.16141,-0.0662106
33,2.82513,3.16141,-0.0662106
34,2.69072,2.96293,-0.116895
33,2.69072,2.96293,-0.116895
34,2.62045,3.21995,-0.136394
33,2.62045,3.21995,-0.136394
34,3.05969,3.45412,-0.185931
33,3.05969,3.45412,-0.185931
34,5.14411,1.81388,-0.112986
33,5.14411,1.81388,-0.112986
34,4.3307,3.17763,-0.737457
32,4.3307,3.17763,-0.737457
34,4.61304,3.24444,-0.751261
32,4.61304,3.24444,-0.751261
34,4.7024,3.11538,-0.650928
32,4.7024,3.11538,-0.650928
34,5.13223,1.87909,0.0496294
32,5.13223,1.87909,0.0496294
34,4.66843,2.99992,-0.0806674
32,4.66843,2.99992,-0.0806674
34,3.45046,2.67914,-0.827673
32,3.45046,2.67914,-0.827673
34,4.92904,2.18463,-0.291732
32,4.92904,2.18463,-0.291732
34,4.90403,3.44152,-0.801565
32,4.90403,3.44152,-0.801565
34,5.05914,1.82896,0.773468
32,5.05914,1.82896,0.773468
34,4.97925,2.0214,1.0694
32,4.97925,2.0214,1.0694
34,2.84544,3.82736,-1.10389
32,2.84544,3.82736,-1.10389
34,2.9928,3.26577,-0.13374
32,2.9928,3.26577,-0.13374
34,2.84755,3.82221,-1.0883
32,2.84755,3.82221,-1.0883
34,2.7699,3.52207,-0.282734
32,2.7699,3.52207,-0.282734
34,5.13358,2.8149,-0.0564437
32,5.13358,2.8149,-0.0564437
34,3.30201,4.36833,-0.5963
32,3.30201,4.36833,-0.5963
34,5.02523,1.93311,0.873264
32,5.02523,1.93311,0.873264
34,2.93641,2.45737,0.118339
32,2.93641,2.45737,0.118339
34,2.87994,3.97706,-0.342074
32,2.87994,3.97706,-0.342074
34,5.14476,2.61654,0.0999328
32,5.14476,2.61654,0.0999328
34,2.83709,2.88314,-0.0171385
32,2.83709,2.88314,-0.0171385
34,3.63019,2.67288,0.172729
32,3.63019,2.67288,0.172729
34,2.81379,4.43227,-0.48997
32,2.81379,4.43227,-0.48997
34,5.06137,1.9973,-0.229159
31,5.06137,1.9973,-0.229159
34,3.0336,3.86516,-0.309988
31,3.0336,3.86516,-0.309988
34,2.72042,3.23589,-0.128384
31,2.72042,3.23589,-0.128384
34,5.18776,1.70814,-0.409865
31,5.18776,1.70814,-0.409865
34,2.88184,4.35581,-0.457015
31,2.88184,4.35581,-0.457015
34,3.61347,3.07228,0.0286443
30,3.61347,3.07228,0.0286443
34,3.04902,3.17394,-0.740029
30,3.04902,3.17394,-0.740029
34,3.56018,2.6856,-0.798725
30,3.56018,2.6856,-0.798725
34,5.12612,1.78671,-0.342338
30,5.12612,1.78671,-0.342338
34,2.77062,3.22071,-0.142488
30,2.77062,3.22071,-0.142488
34,5.05827,2.0069,0.925747
30,5.05827,2.0069,0.925747
34,2.78624,3.33057,-0.11999
30,2.78624,3.33057,-0.11999
34,3.0663,4.00107,-0.353244
30,3.0663,4.00107,-0.353244
34,5.15706,2.04642,0.167936
30,5.15706,2.04642,0.167936
34,2.7142,3.05444,-0.716227
30,2.7142,3.05444,-0.716227
34,5.06977,2.47744,0.37762
29,5.06977,2.47744,0.37762
34,3.71914,3.02127,0.712775
29,3.71914,3.02127,0.712775
34,5.1056,1.937,-0.582467
29,5.1056,1.937,-0.582467
34,4.7373,3.18664,-0.657861
28,4.7373,3.18664,-0.657861
35,3.76167,0.888896,0.752457
35,3.78034,1.08523,0.815976
35,3.77897,1.08615,0.81504
35,3.98051,1.48928,0.657906
35,3.48173,1.77372,0.383363
35,3.49706,1.76022,0.15208
35,4.65302,1.57617,0.277381
35,3.30186,1.95485,0.293442
35,4.65489,1.57922,0.275674
35,4.67183,1.53851,0.0661758
35,3.47706,2.02314,0.32218
35,4.86133,1.89966,0.925538
35,4.75426,1.60209,0.018364
35,3.40615,1.9938,0.00199676
35,4.94703,1.83091,0.685434
35,3.5348,2.07439,0.292156
35,3.11816,2.17137,0.226165
35,4.85299,1.66981,0.111453
35,4.90366,1.95312,0.913533
35,4.79658,1.68734,0.050764
35,4.82764,1.72013,0.0940529
35,4.85089,1.96052,0.747742
35,3.07969,2.24623,0.184432
35,3.56046,2.18102,0.275009
35,4.85371,1.70139,-0.0684595
35,4.92131,1.97296,0.678029
35,4.86944,1.73669,-0.00172573
35,4.92557,1.97198,0.664474
35,4.90904,1.98791,0.689216
35,3.57529,2.19363,0.250141
35,4.92993,1.97641,0.649997
35,4.97114,1.9777,0.609174
35,3.11996,2.31903,0.157811
35,3.20405,2.30435,0.178375
35,4.90395,1.97286,0.488192
35,3.57484,2.24568,0.244576
35,4.97154,1.83812,0.12515
35,4.93587,1.7753,-0.163502
35,3.58641,2.32234,0.271716
35,3.65147,2.35402,0.379468
35,3.65102,2.39004,0.376287
35,3.39978,2.39017,0.157874
35,3.51291,2.37417,0.193362
35,3.57808,2.36172,0.190523
35,3.37044,2.41006,0.147275
35,3.65002,2.42512,0.379151
35,3.41703,2.42242,0.139386
35,4.82637,1.99618,0.000581563
35,3.64811,2.48723,0.451091
35,3.59986,2.41264,0.197195
35,3.25925,2.36808,-0.232838
35,3.52235,2.4495,0.146029
35,3.54093,2.44461,0.139711
35,3.51829,2.45713,0.15144
35,3.6615,2.54897,0.473986
35,5.08981,2.1642,0.433952
35,5.25597,1.89321,-0.183732
35,3.382,2.52433,0.131443
35,3.28194,2.40945,-0.266461
35,3.30753,2.42233,-0.242574
35,3.40553,2.42489,-0.24455
35,5.32479,2.02937,0.0900891
35,3.58858,2.55489,0.186374
35,3.51952,2.57489,0.140653
35,3.64767,2.67338,0.434995
35,3.64188,2.67447,0.417995
35,5.18025,2.2459,0.389072
35,4.05158,2.7499,0.905066
35,3.51662,2.60746,0.119835
35,3.67252,2.69388,0.447258
35,3.56598,2.46695,-0.253414
35,4.76018,2.30159,0.139916
35,3.65892,2.74724,0.491249
35,3.70531,2.94253,0.986627
35,3.71754,2.94331,0.988091
35,3.58239,2.67059,0.147054
35,4.91835,2.33189,0.191966
35,3.68901,2.96561,0.993501
35,3.69431,2.96332,0.979726
35,3.70958,2.966,0.991169
35,4.95447,2.02379,-0.641263
35,3.66329,2.79694,0.479402
35,4.95907,2.03273,-0.633758
35,3.66552,2.79689,0.473092
35,3.66574,2.81673,0.502613
35,3.66581,2.82346,0.512496
35,3.71126,2.96031,0.90949
35,4.95769,2.04509,-0.650738
35,3.67143,2.81387,0.476378
35,3.66396,2.83812,0.525642
35,3.68048,2.81625,0.47656
35,3.67168,2.83188,0.501003
35,3.70964,2.83382,0.503057
35,4.90484,2.10061,-0.611449
35,4.06431,2.89802,0.924521
35,3.7164,2.9292,0.745807
35,4.89407,2.10756,-0.610772
35,3.71009,2.846,0.512423
35,3.66821,2.73383,0.174734
35,2.84526,2.875,-0.0528858
35,4.8658,2.12167,-0.603192
35,5.28094,2.37653,0.383377
35,2.91285,2.86255,-0.0534026
35,4.89068,2.1168,-0.612985
35,3.63313,2.74255,0.107303
35,3.71513,2.95569,0.740321
35,3.73039,2.95194,0.741018
35,4.47148,2.85911,1.01174
35,3.67561,2.86307,0.430841
35,3.65404,2.79483,0.189506
35,3.69126,2.98261,0.664524
35,5.49998,2.33181,0.214782
35,3.6819,2.92605,0.458741
35,3.67653,2.93774,0.478822
35,3.68337,2.92717,0.430969
35,4.99606,2.35757,-0.151335
35,4.89166,2.53534,0.246708
35,4.9981,2.35828,-0.15705
35,5.00404,2.36045,-0.153161
35,4.09583,3.00698,0.925146
35,3.67868,2.93779,0.418979
35,5.00759,2.36289,-0.159878
35,3.66031,2.87037,0.178262
35,5.02677,2.37355,-0.18233
35,3.66303,2.88519,0.17541
35,5.0493,2.39807,-0.192223
35,5.44524,2.28403,-0.211635
35,3.66381,2.99428,0.350039
35,4.60768,3.05052,1.1015
35,3.65907,3.16807,0.705462
35,2.92418,3.06614,-0.116989
35,5.60589,2.41935,0.104244
35,4.9477,2.4731,-0.282979
35,4.11803,3.08902,0.770366
35,3.66584,3.0557,0.340659
35,4.63908,3.08027,1.11328
35,3.221,3.03631,-0.0848994
35,3.28193,3.06316,-0.0902275
35,4.99541,2.52421,-0.327027
35,3.14308,3.11163,-0.116511
35,3.36953,3.07117,-0.0888624
35,5.25197,2.26513,-0.883961
35,5.584,2.4012,-0.282034
35,3.37548,3.10779,-0.0550051
35,3.01304,3.16457,-0.197978
35,5.29964,2.28945,-0.919614
35,4.26767,3.25813,0.924972
35,3.56932,3.09196,-0.0527594
35,5.43274,2.38283,-0.610433
35,3.25271,3.15548,-0.133814
35,4.72894,2.99268,0.466255
35,4.29935,3.32734,1.02791
35,3.19912,3.19194,-0.154407
35,3.10031,3.2125,-0.172245
35,5.47174,2.40013,-0.626551
35,4.29979,3.34312,1.02787
35,3.4496,3.15835,-0.111324
35,3.58472,3.13222,-0.0952935
35,2.77131,3.11814,-0.737344
35,4.27219,3.35997,1.02605
35,3.4943,3.16124,-0.112137
35,3.51804,3.14596,-0.136439
35,3.212,3.22444,-0.156524
35,3.43364,3.1774,-0.14143
35,4.27485,3.28258,0.75867
35,3.16482,3.24516,-0.16436
35,2.97005,3.1072,-0.692341
35,4.27152,3.27387,0.712978
35,4.95588,2.89573,0.18817
35,4.27456,3.28954,0.739738
35,4.27474,3.28169,0.7175
35,3.53921,3.17922,-0.118418
35,4.76975,3.0635,0.45243
35,2.95879,3.12861,-0.711786
35,4.77608,3.05245,0.421618
35,2.80556,3.17114,-0.762961
35,3.56297,3.21323,-0.13647
35,3.51355,3.24819,-0.145851
35,4.9483,3.34646,1.16788
35,5.53795,2.42981,-0.900097
35,3.09673,3.17535,-0.736268
35,4.71608,2.80604,-0.547894
35,3.24059,3.15911,-0.686135
35,3.04555,3.20242,-0.75028
35,4.89068,3.13252,0.386335
35,4.72091,2.8309,-0.556587
35,4.73022,2.85638,-0.545751
35,4.73762,2.85554,-0.546947
35,4.72005,2.8632,-0.542627
35,5.03323,3.40448,1.13856
35,4.68656,2.89181,-0.509834
35,4.74108,2.8647,-0.551213
35,3.37015,3.20907,-0.681329
35,4.30947,3.36299,0.417954
35,3.41913,3.19456,-0.698435
35,3.42004,3.20125,-0.711973
35,3.65022,3.66095,0.701764
35,3.46571,3.1954,-0.70404
35,3.27675,3.23837,-0.750031
35,3.32446,3.23495,-0.742326
35,3.5111,3.20203,-0.70353
35,3.37257,3.22937,-0.733286
35,3.41705,3.23121,-0.696685
35,3.22662,3.26023,-0.768928
35,3.18215,3.47367,-0.244733
35,3.28578,3.4552,-0.237534
35,4.73671,2.95699,-0.557374
35,5.56309,2.85951,-0.248341
35,5.08213,3.50877,1.15134
35,3.43723,3.45864,-0.220119
35,3.7286,3.18307,-0.808334
35,3.72292,3.18382,-0.822677
35,3.51487,3.26864,-0.750539
35,4.78326,2.9975,-0.575675
35,3.72948,3.18588,-0.845847
35,5.73924,3.09495,0.313982
35,5.12501,3.59789,1.15317
35,3.67788,3.35064,-0.899782
35,3.2638,3.874,-0.33368
35,5.22319,3.63003,0.342684
35,5.28789,3.78509,0.311398
35,4.30766,4.35596,1.03066
35,5.33916,3.8922,0.294927
35,6.65422,3.37457,-0.175951
35,2.94283,4.70973,-0.610007
35,5.57377,4.33006,0.23435
35,2.65285,5.0626,-0.754762
35,2.04457,5.33666,-1.0683
35,2.882,5.24972,-0.764411
35,2.68854,5.30578,-1.04948
35,2.68905,5.39509,-0.866274
35,2.63525,5.65051,-0.915799
35,2.84609,5.63073,-0.974454
35,2.67677,5.66711,-1.02229
35,3.10855,5.26049,-1.90331
35,2.47507,6.20787,-1.19651
35,2.33137,6.35985,-1.27016
35,2.08212,6.45436,-1.34894
35,4.7677,2.79095,-0.97645
34,4.7677,2.79095,-0.97645
35,3.75929,3.01886,-0.737123
34,3.75929,3.01886,-0.737123
35,5.10066,2.00988,-0.554362
34,5.10066,2.00988,-0.554362
35,5.09456,2.04041,-0.410212
34,5.09456,2.04041,-0.410212
35,5.02915,2.05123,0.558309
34,5.02915,2.05123,0.558309
35,5.17617,1.85927,-0.178543
34,5.17617,1.85927,-0.178543
35,3.68368,3.27915,-0.653062
34,3.68368,3.27915,-0.653062
35,3.16513,4.8474,-0.636678
34,3.16513,4.8474,-0.636678
35,5.08501,1.95938,0.585158
34,5.08501,1.95938,0.585158
35,4.95899,1.91892,0.174355
34,4.95899,1.91892,0.174355
35,4.99215,2.01929,0.709187
34,4.99215,2.01929,0.709187
35,2.83732,3.02479,-0.0615988
34,2.83732,3.02479,-0.0615988
35,3.44764,2.93688,-1.00303
34,3.44764,2.93688,-1.00303
35,2.97872,2.8905,-0.0263416
34,2.97872,2.8905,-0.0263416
35,3.84701,3.18762,-0.785716
34,3.84701,3.18762,-0.785716
35,4.88702,1.79713,-0.200531
34,4.88702,1.79713,-0.200531
35,5.16454,1.91566,-0.042847
34,5.16454,1.91566,-0.042847
35,5.15479,1.92837,0.00969712
34,5.15479,1.92837,0.00969712
35,3.72469,2.96379,0.14332
33,3.72469,2.96379,0.14332
35,4.90249,3.16743,0.375832
33,4.90249,3.16743,0.375832
35,3.74728,3.17292,-0.549505
33,3.74728,3.17292,-0.549505
35,3.44249,3.41517,-0.20948
33,3.44249,3.41517,-0.20948
35,3.23734,3.61865,-0.237554
33,3.23734,3.61865,-0.237554
35,3.54026,3.35821,-0.180205
33,3.54026,3.35821,-0.180205
35,4.60568,3.17549,1.04412
33,4.60568,3.17549,1.04412
35,4.96381,2.3441,0.488812
33,4.96381,2.3441,0.488812
35,3.03661,3.58977,-0.234399
33,3.03661,3.58977,-0.234399
35,5.16809,1.91388,-0.191612
33,5.16809,1.91388,-0.191612
35,5.13958,1.90282,-0.307707
33,5.13958,1.90282,-0.307707
35,5.16457,1.9325,-0.326443
33,5.16457,1.9325,-0.326443
35,3.0478,3.16534,-0.729248
33,3.0478,3.16534,-0.729248
35,3.05415,3.48329,-0.202451
33,3.05415,3.48329,-0.202451
35,3.50639,3.30463,-0.758088
33,3.50639,3.30463,-0.758088
35,3.23762,3.24059,-0.164201
33,3.23762,3.24059,-0.164201
35,3.26158,3.35726,-0.155856
33,3.26158,3.35726,-0.155856
35,3.18255,3.28672,-0.124394
33,3.18255,3.28672,-0.124394
35,5.01466,2.41243,0.476438
33,5.01466,2.41243,0.476438
35,4.9819,2.40115,0.160688
33,4.9819,2.40115,0.160688
35,2.7392,3.77768,-0.445673
33,2.7392,3.77768,-0.445673
35,3.74926,3.13283,-0.804855
33,3.74926,3.13283,-0.804855
35,4.80977,3.2106,1.00266
32,4.80977,3.2106,1.00266
35,3.72851,3.20627,-0.24124
32,3.72851,3.20627,-0.24124
35,4.64849,3.34325,-0.806116
32,4.64849,3.34325,-0.806116
35,4.24801,3.20281,0.915051
32,4.24801,3.20281,0.915051
35,2.92969,3.80233,-0.409268
32,2.92969,3.80233,-0.409268
35,5.12905,1.94784,-0.221622
32,5.12905,1.94784,-0.221622
35,3.46869,3.30413,-0.210453
32,3.46869,3.30413,-0.210453
35,3.64131,2.5488,0.167446
32,3.64131,2.5488,0.167446
35,2.71783,3.61812,-1.00511
32,2.71783,3.61812,-1.00511
35,3.02185,3.86666,-0.317035
32,3.02185,3.86666,-0.317035
35,3.07344,3.39472,-0.163498
32,3.07344,3.39472,-0.163498
35,5.11806,2.00948,0.173031
32,5.11806,2.00948,0.173031
35,4.781,3.18667,0.980771
31,4.781,3.18667,0.980771
35,3.28154,3.19931,-0.724866
31,3.28154,3.19931,-0.724866
35,2.74526,3.10775,-0.195373
31,2.74526,3.10775,-0.195373
35,2.91713,2.87609,-0.103846
31,2.91713,2.87609,-0.103846
35,4.6464,2.5546,-0.78533
31,4.6464,2.5546,-0.78533
35,5.17793,1.999,-0.181312
31,5.17793,1.999,-0.181312
35,2.85695,3.86964,-0.33985
30,2.85695,3.86964,-0.33985
35,2.90602,3.266,-0.148261
30,2.90602,3.266,-0.148261
35,3.5641,3.24577,-0.182482
30,3.5641,3.24577,-0.182482
35,5.16439,2.10761,-0.27483
30,5.16439,2.10761,-0.27483
35,5.13,2.00688,-0.401155
30,5.13,2.00688,-0.401155
35,5.13142,2.07532,-0.430708
30,5.13142,2.07532,-0.430708
35,5.08271,2.0483,-0.339723
30,5.08271,2.0483,-0.339723
35,4.89457,3.37291,0.998199
29,4.89457,3.37291,0.998199
35,4.82918,3.24163,0.148131
29,4.82918,3.24163,0.148131
35,3.51285,3.47148,-0.255311
29,3.51285,3.47148,-0.255311
35,3.10679,3.79438,-0.292776
29,3.10679,3.79438,-0.292776
35,3.04812,2.98536,-0.63513
29,3.04812,2.98536,-0.63513
35,3.0606,3.35336,-0.815256
29,3.0606,3.35336,-0.815256
35,5.09948,2.06608,-0.0987519
29,5.09948,2.06608,-0.0987519
35,3.41528,3.59741,-0.82893
28,3.41528,3.59741,-0.82893
35,3.33173,3.32883,-0.694106
28,3.33173,3.32883,-0.694106
36,3.59176,1.1345,0.665594
36,3.58097,1.22293,0.656624
36,3.40846,1.8342,0.377265
36,3.34206,2.04773,0.284242
36,3.38412,2.07774,0.268243
36,3.37325,2.08773,0.291924
36,3.45796,2.095,0.281571
36,3.08293,2.33327,0.174943
36,3.13877,2.3478,0.185341
36,3.12934,2.39425,0.157771
36,3.23244,2.41806,0.122455
36,3.25059,2.43143,0.164121
36,3.65367,2.39906,0.381613
36,3.32266,2.45184,0.188475
36,3.65067,2.44977,0.439204
36,3.16791,2.38522,-0.221421
36,3.28869,2.46723,0.134141
36,3.39966,2.45171,0.155822
36,3.29,2.46616,0.111196
36,3.35156,2.45851,0.105458
36,3.35002,2.47292,0.137667
36,3.63853,2.49847,0.451414
36,3.22594,2.40134,-0.234057
36,3.28793,2.51712,0.165586
36,3.65148,2.5136,0.425685
36,3.27939,2.43889,-0.23225
36,3.31737,2.54419,0.129555
36,3.5395,2.49413,0.13787
36,3.28214,2.45683,-0.264593
36,5.01349,2.19488,0.28755
36,3.55337,2.52549,0.136569
36,3.66512,2.59707,0.46447
36,3.66325,2.60915,0.468603
36,5.15015,2.21549,0.386626
36,3.66998,2.62303,0.459779
36,3.40772,2.47809,-0.26003
36,3.63469,2.63338,0.449109
36,4.94526,2.19108,0.0679455
36,5.20945,2.22574,0.382335
36,3.47323,2.48287,-0.242936
36,3.66445,2.67749,0.496763
36,3.63106,2.63698,0.307741
36,3.66463,2.71743,0.525975
36,3.632,2.69135,0.278501
36,3.64499,2.79616,0.604864
36,3.7066,2.89467,0.983526
36,3.63482,2.70985,0.27338
36,4.41708,2.75971,1.01367
36,3.71535,2.92936,0.985876
36,4.46174,2.75751,1.03665
36,3.7034,2.79123,0.491572
36,3.69734,2.94378,0.987982
36,3.66814,2.81081,0.511065
36,4.47789,2.77751,1.08159
36,3.71587,2.94091,0.975966
36,3.70425,2.97557,0.986452
36,3.63666,2.93015,0.773159
36,3.68907,2.98539,0.99564
36,3.71485,2.90447,0.739282
36,3.66863,2.86032,0.498514
36,3.70958,2.92767,0.756658
36,3.67482,2.85218,0.470332
36,3.64751,2.77911,0.197157
36,3.71311,2.8557,0.496234
36,4.49302,2.82784,1.0386
36,3.64504,2.81494,0.253312
36,2.78061,2.94481,-0.046247
36,3.65418,3.03376,0.995607
36,2.7564,2.95237,-0.089664
36,4.46324,2.85026,1.01597
36,4.52075,2.86531,1.09605
36,2.80582,2.95028,-0.0826296
36,5.0209,2.30841,-0.368344
36,4.52445,2.89857,1.18722
36,3.7097,2.97478,0.750371
36,3.71033,2.89605,0.48109
36,4.51896,2.88962,1.13247
36,4.51721,2.86758,1.04607
36,4.8958,2.47898,0.0460673
36,3.67489,2.92278,0.489883
36,3.67473,2.92252,0.483618
36,4.52497,2.90288,1.13623
36,3.68008,2.91578,0.459321
36,3.68596,2.92284,0.476193
36,3.67593,2.92747,0.48081
36,4.47261,2.88482,1.01378
36,3.67471,2.91825,0.445202
36,3.68042,2.92476,0.454759
36,5.04795,2.33018,-0.390858
36,4.52757,2.89525,1.07519
36,5.05072,2.33139,-0.399341
36,3.66027,2.8701,0.223578
36,3.6794,2.92211,0.413607
36,3.66408,3.09884,0.998018
36,3.65529,2.87159,0.222009
36,4.90552,2.41863,-0.261766
36,5.05063,2.40912,-0.190821
36,4.53701,2.91641,1.08262
36,4.97371,2.45623,-0.104697
36,2.73108,3.02269,-0.117477
36,3.67568,2.9648,0.471022
36,3.67508,2.99991,0.569222
36,3.66427,3.13369,1.00353
36,4.08843,2.96175,0.776989
36,2.94101,3.00613,-0.0916609
36,3.14232,2.97904,-0.0200178
36,3.09841,2.99025,-0.0217332
36,3.66263,3.16081,1.00617
36,3.6812,2.933,0.222661
36,3.67518,2.98959,0.398864
36,3.67522,2.99289,0.393656
36,3.00196,3.01679,-0.0994415
36,3.68267,2.94478,0.221377
36,3.66992,2.99701,0.351045
36,4.86013,2.62296,0.099296
36,2.74875,3.08333,-0.145775
36,4.96917,2.64857,0.215416
36,3.14224,3.05574,-0.0314888
36,4.9899,2.5143,-0.339145
36,4.84157,2.72499,0.236746
36,3.28521,3.03459,-0.0716768
36,3.19927,3.05253,-0.0893459
36,4.9995,2.52548,-0.346758
36,4.6758,2.85011,0.467149
36,3.65723,3.13359,0.556179
36,3.1971,3.05926,-0.0907251
36,3.41146,3.0211,-0.0447694
36,3.28597,3.05031,-0.0817245
36,4.60574,3.06894,1.10146
36,3.14847,3.08741,-0.0805764
36,3.27941,3.05566,-0.089642
36,3.23976,3.06841,-0.0922633
36,2.8741,3.14553,-0.164646
36,3.32719,3.06072,-0.0847991
36,3.3678,3.05424,-0.0772996
36,3.4126,3.05135,-0.0714573
36,4.94364,2.65345,-0.116411
36,2.97536,3.14092,-0.151733
36,3.16065,3.11741,-0.127207
36,3.02028,3.13633,-0.191244
36,3.01634,3.16398,-0.15526
36,3.20988,3.132,-0.128875
36,2.90481,3.19733,-0.180196
36,3.0628,3.16546,-0.159074
36,3.10889,3.16792,-0.16922
36,2.7727,3.09442,-0.721244
36,3.58243,3.0851,-0.075883
36,3.1067,3.17426,-0.184495
36,3.26831,3.1532,-0.121257
36,3.4973,3.107,-0.0910586
36,3.10528,3.18669,-0.160063
36,3.17427,3.18021,-0.135476
36,3.27506,3.16207,-0.112949
36,3.58438,3.09382,-0.0909692
36,3.11316,3.21114,-0.0966057
36,3.58041,3.09795,-0.0817856
36,3.10499,3.19382,-0.164591
36,3.45315,3.12481,-0.102879
36,2.92514,3.08925,-0.685516
36,2.87396,3.09881,-0.697384
36,3.35924,3.15136,-0.116918
36,4.99262,2.73256,-0.145767
36,4.28581,3.2714,1.01638
36,4.27605,3.27421,1.01609
36,2.96678,3.25555,-0.18304
36,3.29086,3.18647,-0.140803
36,3.12192,3.23183,-0.137921
36,3.1411,3.21966,-0.168347
36,3.65502,3.36692,0.750844
36,3.16884,3.23046,-0.147174
36,3.33842,3.18765,-0.160219
36,3.38254,3.18546,-0.130362
36,4.73873,3.02178,0.456537
36,4.74173,3.02271,0.454332
36,3.47403,3.17353,-0.132202
36,3.15293,3.10113,-0.66543
36,3.47464,3.18298,-0.143117
36,3.09013,3.28524,-0.135768
36,3.3778,3.20401,-0.167926
36,3.42269,3.2064,-0.136492
36,3.65439,3.40017,0.695289
36,3.08671,3.304,-0.150961
36,3.51339,3.20794,-0.131444
36,3.28547,3.11181,-0.672266
36,3.51417,3.21387,-0.134932
36,3.19597,3.12888,-0.698395
36,2.98485,3.17787,-0.720295
36,3.5618,3.20443,-0.140909
36,3.19559,3.13465,-0.6935
36,4.78291,3.07191,0.440658
36,3.05394,3.325,-0.196417
36,4.95003,3.2999,1.30651
36,3.07028,3.17315,-0.728322
36,3.23765,3.14212,-0.695147
36,4.80439,3.08264,0.415496
36,4.31659,3.39185,1.0253
36,4.71246,2.82783,-0.549765
36,4.30202,3.39884,1.0251
36,3.23654,3.16362,-0.68225
36,3.28363,3.15109,-0.709998
36,4.95062,3.29715,1.15596
36,3.13734,3.3633,-0.191448
36,4.72103,2.86434,-0.537766
36,3.01707,3.39867,-0.185975
36,3.27647,3.18895,-0.722437
36,3.53865,3.31716,-0.116972
36,4.29745,3.30867,0.426233
36,4.30156,3.32957,0.418548
36,3.55052,3.19721,-0.688856
36,3.41562,3.23376,-0.732766
36,4.31432,3.34368,0.40439
36,3.59935,3.20046,-0.699558
36,3.0216,3.49476,-0.229351
36,3.50992,3.22483,-0.726188
36,3.44062,3.4112,-0.214906
36,2.81707,3.55514,-0.260658
36,3.51038,3.24698,-0.737898
36,3.51017,3.2458,-0.743618
36,3.72323,3.17403,-0.827763
36,3.69856,3.18095,-0.846451
36,3.17313,3.496,-0.258458
36,4.80025,2.99582,-0.578358
36,3.38054,3.48054,-0.23853
36,3.11344,3.54782,-0.248629
36,3.32827,3.51053,-0.25465
36,5.09609,3.49058,1.12046
36,3.10527,3.58633,-0.263297
36,5.11658,3.54357,1.30039
36,5.13321,3.55782,1.28347
36,5.13958,3.54321,1.12042
36,5.18413,3.64707,1.31378
36,5.65417,3.51009,-0.0515878
36,5.44049,4.10049,1.22789
36,6.13237,3.52442,-0.911662
36,2.87618,4.46303,-0.654701
36,2.69199,4.60442,-0.713235
36,5.76694,4.69261,1.2919
36,2.45357,4.95938,-0.844708
36,2.51246,5.03686,-0.880786
36,2.39595,5.19402,-0.897191
36,2.6235,5.19827,-0.85664
36,2.60119,5.17967,-0.960403
36,2.26712,4.98546,-1.97092
36,2.73017,5.1902,-0.886384
36,2.72289,5.18606,-0.921862
36,2.58638,5.22686,-1.0231
36,2.38067,5.38796,-0.953309
36,2.57028,5.35544,-0.927223
36,2.46793,5.41147,-0.946604
36,2.15957,5.51607,-1.01243
36,2.68131,5.46453,-1.0026
36,2.14772,5.30589,-2.12487
36,2.50051,5.27274,-2.12018
36,3.26696,5.34633,-2.05735
36,4.89175,2.98434,0.47751
35,4.89175,2.98434,0.47751
36,4.83139,2.88219,0.49231
35,4.83139,2.88219,0.49231
36,3.76176,3.0385,-0.755611
35,3.76176,3.0385,-0.755611
36,2.8802,2.56347,0.0639778
35,2.8802,2.56347,0.0639778
36,2.71577,2.99719,-0.106565
35,2.71577,2.99719,-0.106565
36,4.27332,3.27941,0.713274
35,4.27332,3.27941,0.713274
36,2.71601,3.17669,-0.221017
35,2.71601,3.17669,-0.221017
36,2.98531,2.86995,-0.0304652
35,2.98531,2.86995,-0.0304652
36,2.99813,2.97596,-0.06798
35,2.99813,2.97596,-0.06798
36,2.72586,2.97156,-0.0971221
35,2.72586,2.97156,-0.0971221
36,2.80933,3.12581,-0.137182
35,2.80933,3.12581,-0.137182
36,3.12769,2.73899,0.0206367
35,3.12769,2.73899,0.0206367
36,3.02923,3.25096,-0.776885
35,3.02923,3.25096,-0.776885
36,2.75883,2.81995,-0.0592034
35,2.75883,2.81995,-0.0592034
36,2.75883,2.81995,-0.0592034
35,2.75883,2.81995,-0.0592034
36,2.83978,2.9046,-0.0510406
35,2.83978,2.9046,-0.0510406
36,2.86,3.1045,-0.12606
35,2.86,3.1045,-0.12606
36,2.77773,3.22149,-0.170141
35,2.77773,3.22149,-0.170141
36,3.72414,2.93471,0.884742
35,3.72414,2.93471,0.884742
36,2.66763,3.22049,-0.177961
35,2.66763,3.22049,-0.177961
36,4.37539,3.51696,0.357025
34,4.37539,3.51696,0.357025
36,4.55327,3.15115,0.402455
34,4.55327,3.15115,0.402455
36,4.75086,3.10208,1.02995
34,4.75086,3.10208,1.02995
36,3.99785,3.10668,-0.763968
34,3.99785,3.10668,-0.763968
36,4.75348,3.10904,1.03229
34,4.75348,3.10904,1.03229
36,2.81413,3.26869,-0.206191
34,2.81413,3.26869,-0.206191
36,4.68986,2.78845,-0.521035
34,4.68986,2.78845,-0.521035
36,3.08279,3.28862,-0.14538
34,3.08279,3.28862,-0.14538
36,2.65251,3.27754,-0.172823
34,2.65251,3.27754,-0.172823
36,2.56637,3.53192,-0.261085
34,2.56637,3.53192,-0.261085
36,2.68944,3.6543,-0.288606
34,2.68944,3.6543,-0.288606
36,3.70209,3.18389,-0.115789
32,3.70209,3.18389,-0.115789
36,3.68895,3.05299,-0.755126
32,3.68895,3.05299,-0.755126
36,4.79784,3.19324,1.00451
32,4.79784,3.19324,1.00451
36,3.6453,2.83368,0.000133171
32,3.6453,2.83368,0.000133171
36,3.08644,3.78105,-0.309522
32,3.08644,3.78105,-0.309522
36,3.69222,3.0647,-0.775766
31,3.69222,3.0647,-0.775766
36,3.71414,3.01524,0.569178
31,3.71414,3.01524,0.569178
36,3.39599,3.6137,-0.330626
31,3.39599,3.6137,-0.330626
36,3.40684,4.22712,-0.527871
31,3.40684,4.22712,-0.527871
36,3.39433,3.60138,-0.324937
31,3.39433,3.60138,-0.324937
36,3.3294,3.24776,-0.19428
31,3.3294,3.24776,-0.19428
36,3.27358,3.19288,-0.710002
31,3.27358,3.19288,-0.710002
36,3.38076,3.15993,-0.175487
31,3.38076,3.15993,-0.175487
36,3.43441,3.86613,-0.421261
30,3.43441,3.86613,-0.421261
36,2.91637,3.12653,-0.108665
30,2.91637,3.12653,-0.108665
36,3.59375,3.18677,-0.66711
30,3.59375,3.18677,-0.66711
36,2.85114,2.79508,-0.512966
30,2.85114,2.79508,-0.512966
36,5.00693,2.36045,-0.16932
30,5.00693,2.36045,-0.16932
36,2.99872,3.721,-0.283216
29,2.99872,3.721,-0.283216
36,2.91669,3.11454,-0.720492
29,2.91669,3.11454,-0.720492
36,4.87764,2.57292,-0.0724342
29,4.87764,2.57292,-0.0724342
36,4.72316,3.26757,1.23269
28,4.72316,3.26757,1.23269
37,3.52101,1.961,0.392816
37,3.32045,2.10215,0.291699
37,3.4063,2.17605,0.298585
37,3.47548,2.17266,0.291543
37,3.4629,2.17651,0.287932
37,3.48258,2.18652,0.302946
37,3.07352,2.43021,0.180508
37,3.10523,2.43709,0.181972
37,3.098,2.45499,0.171241
37,3.20608,2.44648,0.133925
37,3.20271,2.45875,0.126366
37,3.23526,2.45493,0.139429
37,3.23269,2.45735,0.132733
37,3.21402,2.47336,0.135462
37,3.26538,2.47056,0.129007
37,3.34794,2.50784,0.127639
37,3.34715,2.51714,0.138771
37,3.32926,2.52602,0.138766
37,3.40578,2.53004,0.132246
37,3.42226,2.53373,0.160375
37,3.4218,2.53718,0.156408
37,3.44519,2.52808,0.128425
37,3.44433,2.53004,0.126189
37,3.42471,2.53967,0.136238
37,5.10666,2.1691,0.398376
37,3.34875,2.47625,-0.239821
37,4.9957,2.18073,0.281339
37,5.00022,2.18131,0.282702
37,4.9364,2.12394,-0.0716412
37,3.51762,2.54839,0.140088
37,3.37258,2.49652,-0.25284
37,3.51928,2.56186,0.139098
37,3.68172,2.60048,0.477304
37,3.46658,2.58255,0.16121
37,3.53181,2.56286,0.141372
37,4.95673,2.14493,-0.0897934
37,3.43759,2.51582,-0.257647
37,3.54192,2.60297,0.214334
37,3.32024,2.65127,0.168296
37,4.98584,2.16114,-0.108729
37,4.99197,2.17493,-0.110239
37,3.47029,2.64214,0.173855
37,3.42482,2.6546,0.121331
37,3.56247,2.5661,-0.256705
37,5.26877,2.3222,0.376717
37,4.95248,2.31025,-0.134399
37,3.28882,2.81554,0.107613
37,4.98065,2.3357,-0.151181
37,4.9186,2.39192,-0.0808218
37,3.67038,2.86147,0.505512
37,3.27972,2.87151,0.0880766
37,3.67974,2.8628,0.410733
37,3.65582,2.86089,0.344673
37,3.68971,3.02255,0.995147
37,3.7144,2.95917,0.742979
37,3.71551,2.90158,0.485243
37,3.68916,3.03088,0.991945
37,3.71456,2.96008,0.709621
37,3.6894,3.03531,0.999178
37,4.88768,2.55282,0.248773
37,3.661,2.90327,0.373569
37,2.82361,3.00814,-0.115089
37,3.64772,2.90809,0.362138
37,3.71348,3.02525,0.904103
37,3.63418,3.03406,0.842961
37,3.67362,3.01446,0.781083
37,3.66592,3.05742,0.955621
37,2.88549,3.02071,-0.0601313
37,3.66906,2.89412,0.252367
37,3.57479,2.88919,0.120642
37,3.67685,3.07344,1.01556
37,3.65375,2.93354,0.367216
37,3.67753,2.90047,0.246075
37,4.92631,2.45802,-0.281117
37,3.6724,3.08443,1.01252
37,2.83261,3.04744,-0.0809475
37,2.88561,3.03571,-0.110609
37,2.81239,3.05587,-0.130598
37,3.65559,2.94838,0.326604
37,4.94509,2.47181,-0.29841
37,3.56471,2.92784,0.131669
37,3.66483,3.10338,0.98996
37,3.65604,2.95719,0.354686
37,3.67799,2.92026,0.186648
37,3.67612,2.93013,0.224688
37,3.67643,2.93626,0.230597
37,3.67946,2.93854,0.239082
37,2.92541,3.05557,-0.114597
37,3.67293,3.13824,1.0233
37,2.86457,3.08714,-0.0927491
37,3.65929,2.95871,0.196765
37,3.66282,2.95913,0.19342
37,3.67547,2.98838,0.328632
37,2.96882,3.06811,-0.115267
37,2.77968,3.11714,-0.116592
37,2.84388,3.09666,-0.143991
37,3.6807,2.97311,0.21619
37,3.6634,2.9729,0.19244
37,3.68107,3.0264,0.431336
37,3.68032,2.9666,0.174528
37,3.59676,2.99147,0.188874
37,2.89452,3.09117,-0.16951
37,3.59676,2.99462,0.185673
37,3.68562,2.96939,0.173509
37,2.82423,3.1241,-0.114573
37,3.68533,3.0263,0.409196
37,3.6775,3.04024,0.460002
37,3.60712,2.99163,0.165816
37,4.55062,3.01156,1.28212
37,3.6814,3.03257,0.377121
37,3.67504,3.18744,1.032
37,3.6836,2.99635,0.204015
37,3.67055,2.996,0.186113
37,3.6707,2.99881,0.194475
37,3.68327,2.99068,0.168911
37,3.66841,3.03669,0.336338
37,4.54994,3.00874,1.1794
37,4.55546,3.03795,1.30088
37,4.91338,2.62099,-0.103279
37,3.56701,3.01608,0.0912133
37,4.56037,3.0455,1.30416
37,4.56548,3.05368,1.30642
37,4.5163,3.0043,1.02513
37,4.56405,3.0419,1.18382
37,3.67997,3.0809,0.374233
37,3.6837,3.08132,0.371754
37,4.52412,3.02039,1.01955
37,4.55713,3.02529,1.05967
37,4.56836,3.05383,1.18527
37,2.88071,3.18265,-0.127555
37,2.91488,3.16426,-0.171483
37,4.57318,3.05583,1.18685
37,3.01336,3.143,-0.156373
37,4.56729,3.0271,1.05314
37,3.68729,3.09928,0.390611
37,3.27539,3.09971,-0.0743313
37,3.18534,3.11641,-0.11804
37,4.93209,2.66791,-0.113618
37,4.57146,3.03836,1.06086
37,2.99021,3.16432,-0.151935
37,4.58033,3.04865,1.08344
37,4.57853,3.04942,1.08132
37,2.93587,3.1828,-0.165127
37,3.19624,3.14114,-0.0696558
37,4.59865,3.06364,1.09701
37,3.10367,3.1617,-0.146335
37,3.2694,3.13295,-0.0889997
37,3.57016,3.0917,0.0450495
37,2.9839,3.19807,-0.164975
37,3.11236,3.16383,-0.177163
37,3.13166,3.16952,-0.143824
37,3.63441,3.33638,1.12194
37,4.97347,2.69687,-0.143639
37,3.03272,3.19121,-0.167232
37,3.22128,3.15839,-0.104177
37,3.22865,3.15103,-0.129954
37,4.63602,3.1164,1.25104
37,2.97414,3.2108,-0.184628
37,3.02631,3.2058,-0.160848
37,3.12476,3.18399,-0.152402
37,3.22145,3.17139,-0.108212
37,3.30426,3.1613,-0.101664
37,2.87923,3.2651,-0.15652
37,3.09714,3.20692,-0.165991
37,3.63965,3.30834,0.854927
37,3.64463,3.30216,0.830011
37,3.24908,3.17484,-0.162287
37,3.196,3.19322,-0.152314
37,3.29995,3.17764,-0.109428
37,4.64138,3.121,1.11362
37,3.24906,3.19579,-0.0981901
37,3.17019,3.20666,-0.157955
37,3.29309,3.18,-0.140489
37,3.24425,3.18616,-0.178787
37,3.30951,3.18838,-0.108358
37,3.02019,3.24655,-0.182087
37,3.06574,3.25646,-0.144984
37,4.65811,3.14648,1.11695
37,3.2907,3.20007,-0.168789
37,3.35385,3.18933,-0.151771
37,3.3389,3.19236,-0.157966
37,4.66131,3.14995,1.11398
37,4.93836,2.8619,0.184866
37,3.44656,3.17412,-0.122757
37,3.37378,3.19334,-0.139388
37,3.44526,3.18014,-0.117779
37,2.98905,3.29053,-0.157298
37,3.28746,3.21141,-0.18405
37,4.64934,3.1711,1.1402
37,3.33598,3.20597,-0.166829
37,3.49274,3.1783,-0.120005
37,3.46902,3.18826,-0.122764
37,2.88,3.32695,-0.179089
37,4.68394,3.20092,1.25071
37,3.33172,3.22035,-0.154053
37,3.47777,3.18605,-0.144611
37,3.24198,3.23102,-0.212217
37,3.23557,3.2525,-0.130606
37,4.68617,3.20361,1.2532
37,3.33417,3.21919,-0.181543
37,3.36026,3.23172,-0.10292
37,3.35557,3.22474,-0.147311
37,3.51572,3.18957,-0.126048
37,3.47273,3.20115,-0.141943
37,2.95618,3.32424,-0.185218
37,3.47045,3.20435,-0.13687
37,3.5821,3.18111,-0.121186
37,3.34974,3.23413,-0.152752
37,3.65152,3.39146,0.841017
37,3.21656,3.1507,-0.673872
37,3.37518,3.23288,-0.149477
37,3.22988,3.27783,-0.130679
37,4.27838,3.27729,1.01884
37,3.42167,3.22589,-0.150587
37,4.69078,3.23484,1.27895
37,4.77324,3.01701,0.420658
37,3.32454,3.25515,-0.164715
37,3.51768,3.21039,-0.148558
37,3.3229,3.25628,-0.16967
37,3.17837,3.30702,-0.14731
37,3.64279,3.42517,0.841489
37,3.2091,3.17979,-0.698731
37,3.6429,3.43212,0.832027
37,3.27285,3.30243,-0.147033
37,3.50488,3.25403,-0.109473
37,3.51,3.24401,-0.148167
37,3.46223,3.25621,-0.159694
37,4.90805,3.22315,1.27887
37,3.20094,3.3182,-0.19953
37,3.30009,3.29842,-0.185557
37,3.17162,3.33815,-0.162349
37,3.36093,3.29881,-0.134358
37,3.24871,3.31729,-0.194363
37,3.45249,3.28624,-0.111924
37,3.2864,3.3256,-0.163405
37,3.31586,3.32343,-0.151645
37,3.36317,3.31471,-0.137792
37,4.28579,3.34891,1.02166
37,3.49891,3.28553,-0.12166
37,3.11433,3.37274,-0.179843
37,4.92549,3.2545,1.28993
37,4.73434,2.8756,-0.569353
37,4.27729,3.23358,0.450963
37,3.54293,3.29363,-0.121807
37,4.29525,3.25028,0.415339
37,3.69202,3.17455,-0.583034
37,3.51226,3.21024,-0.693052
37,4.99577,3.33455,1.44925
37,4.75123,2.92892,-0.569627
37,3.55121,3.21026,-0.707671
37,3.39852,3.38311,-0.160568
37,5.01824,3.34189,1.4242
37,5.03126,3.35047,1.47392
37,3.39086,3.38485,-0.214662
37,3.48956,3.37813,-0.150069
37,3.59889,3.21952,-0.712691
37,4.29227,3.30906,0.416767
37,3.29708,3.43584,-0.189665
37,5.02332,3.36142,1.37596
37,5.02583,3.37387,1.42726
37,4.97141,3.33115,1.16593
37,3.55445,3.25245,-0.741495
37,3.6945,3.25275,-0.631318
37,4.99873,3.37251,1.31312
37,5.0368,3.38229,1.38737
37,5.04179,3.39568,1.39918
37,5.01602,3.33523,1.09162
37,5.04216,3.37158,1.25128
37,5.0236,3.3563,1.12868
37,5.03731,3.3811,1.24214
37,5.06033,3.39206,1.25179
37,5.01615,3.40872,1.17718
37,5.01676,3.43577,1.20235
37,5.0612,3.47384,1.34193
37,5.20146,3.67122,1.33461
37,4.99331,3.83323,1.41875
37,2.21414,4.50824,-0.704773
37,2.10676,4.8006,-0.892709
37,2.72154,4.71859,-0.81371
37,3.3604,4.65987,-0.746551
37,3.31403,4.85313,-0.859298
37,2.1239,5.10465,-1.0947
37,2.8161,4.76839,-1.83665
37,2.48177,5.06906,-0.934231
37,2.77394,5.02323,-0.813205
37,3.36293,4.92452,-0.774377
37,2.20618,5.21145,-0.974355
37,2.67834,5.12393,-0.872219
37,2.75444,5.16409,-0.893256
37,2.30015,5.27256,-1.07932
37,2.76925,5.21629,-0.893257
37,2.3058,5.39702,-1.04211
37,2.80913,5.22167,-2.16386
37,2.34995,5.9386,-1.00825
37,4.10449,2.6184,0.494143
36,4.10449,2.6184,0.494143
37,3.66318,3.13442,0.999486
36,3.66318,3.13442,0.999486
37,2.76924,2.90527,-0.0315879
36,2.76924,2.90527,-0.0315879
37,2.87782,2.7806,0.0249703
36,2.87782,2.7806,0.0249703
37,3.26687,3.15427,-0.12517
36,3.26687,3.15427,-0.12517
37,3.28504,2.78313,0.0362276
36,3.28504,2.78313,0.0362276
37,2.97834,3.11566,-0.171558
36,2.97834,3.11566,-0.171558
37,3.25398,2.3851,0.178072
36,3.25398,2.3851,0.178072
37,2.90694,2.97275,-0.0798493
36,2.90694,2.97275,-0.0798493
37,2.95178,2.73536,0.0472126
36,2.95178,2.73536,0.0472126
37,4.88718,3.2586,-0.745629
35,4.88718,3.2586,-0.745629
37,3.97556,3.07792,0.385312
35,3.97556,3.07792,0.385312
37,4.16162,3.04848,0.898766
35,4.16162,3.04848,0.898766
37,4.91877,2.58994,0.236193
35,4.91877,2.58994,0.236193
37,4.26364,3.22514,0.750244
35,4.26364,3.22514,0.750244
37,3.97985,3.09939,0.382523
35,3.97985,3.09939,0.382523
37,3.01052,3.20481,-0.118961
35,3.01052,3.20481,-0.118961
37,3.3226,3.17643,-0.128272
35,3.3226,3.17643,-0.128272
37,3.00447,3.22952,-0.127543
35,3.00447,3.22952,-0.127543
37,2.94898,3.04147,-0.150515
35,2.94898,3.04147,-0.150515
37,2.81077,3.17339,-0.180461
35,2.81077,3.17339,-0.180461
37,3.4249,3.24238,-0.183253
31,3.4249,3.24238,-0.183253
37,3.39237,3.57008,-0.315946
31,3.39237,3.57008,-0.315946
37,3.37911,3.31107,-0.223438
31,3.37911,3.31107,-0.223438
37,4.99101,3.12846,0.452707
30,4.99101,3.12846,0.452707
38,3.28849,2.15474,0.293634
38,3.19002,2.503,0.142636
38,3.4059,2.5578,0.120959
38,3.41889,2.58188,0.130964
38,3.42361,2.66847,0.138311
38,4.96051,2.38621,0.156417
38,4.96492,2.38782,0.142117
38,4.92957,2.59794,0.229652
38,2.83492,3.10081,-0.155768
38,2.83559,3.11777,-0.15272
38,3.71599,3.08629,0.902405
38,2.85478,3.11668,-0.153578
38,2.85524,3.12095,-0.156346
38,2.87337,3.12111,-0.157746
38,2.80485,3.15347,-0.144986
38,2.83675,3.15601,-0.116535
38,2.87268,3.13796,-0.165435
38,2.8968,3.14388,-0.162325
38,3.71993,3.05419,0.485026
38,2.92149,3.14771,-0.165979
38,3.68306,3.02518,0.189886
38,4.89752,2.68946,0.0705463
38,2.96503,3.15683,-0.165665
38,2.91298,3.17157,-0.174245
38,2.95901,3.17369,-0.167082
38,2.88622,3.20277,-0.141559
38,3.03611,3.16875,-0.160439
38,4.93248,2.71911,0.0599821
38,2.97916,3.18906,-0.16627
38,2.91697,3.21396,-0.135279
38,3.00404,3.18729,-0.167129
38,2.91602,3.216,-0.142588
38,2.94073,3.21532,-0.139347
38,3.61015,3.29973,1.25134
38,2.97212,3.20083,-0.181139
38,3.01068,3.19296,-0.170301
38,3.06329,3.17713,-0.18575
38,4.93468,2.73556,0.0473686
38,2.95899,3.22156,-0.131723
38,2.96345,3.22312,-0.13271
38,3.05182,3.19463,-0.164159
38,2.97834,3.22271,-0.133452
38,3.01961,3.2093,-0.176781
38,2.95851,3.23427,-0.145613
38,3.00736,3.22719,-0.125548
38,3.10112,3.19785,-0.168999
38,2.86653,3.29671,0.0281419
38,3.07405,3.20758,-0.16195
38,3.00229,3.23343,-0.129995
38,3.154,3.18415,-0.185759
38,3.0696,3.2113,-0.169315
38,3.02772,3.23035,-0.139992
38,3.10106,3.20624,-0.169027
38,3.71799,3.16281,0.446374
38,3.09549,3.21014,-0.176098
38,3.25882,3.20007,-0.00263816
38,3.19683,3.1842,-0.178858
38,2.9993,3.24619,-0.125692
38,3.05304,3.23123,-0.132105
38,3.14279,3.20212,-0.163927
38,3.2226,3.2072,-0.0330193
38,3.20825,3.21724,-0.0227711
38,3.19564,3.18941,-0.191211
38,3.05132,3.23983,-0.125975
38,3.1233,3.21551,-0.158999
38,3.07731,3.2358,-0.135637
38,3.25783,3.21745,-0.0171446
38,3.69665,3.17271,0.346395
38,4.85092,3.06717,1.39428
38,4.84925,3.07727,1.44333
38,3.24707,3.19497,-0.177451
38,3.97847,3.11099,0.371715
38,3.11891,3.24084,-0.140437
38,2.86058,3.33894,0.0210508
38,3.1642,3.22481,-0.170971
38,4.86301,3.08409,1.45079
38,3.98349,3.11291,0.371319
38,3.04264,3.26205,-0.146979
38,3.18648,3.22148,-0.170874
38,3.19102,3.22053,-0.169727
38,4.85476,3.08786,1.44675
38,3.68418,3.19993,0.395981
38,3.21769,3.2195,-0.156918
38,3.68455,3.18845,0.329223
38,4.24232,3.16971,1.00598
38,3.21205,3.2216,-0.159534
38,3.20052,3.24653,-0.0424942
38,3.23361,3.21637,-0.170565
38,3.22177,3.24214,-0.0608865
38,3.21264,3.22613,-0.162157
38,4.86128,3.08724,1.39586
38,3.23776,3.21988,-0.17138
38,4.2522,3.17422,1.00484
38,3.65875,3.20387,0.323143
38,3.69046,3.19728,0.324483
38,3.23709,3.22588,-0.162434
38,3.17683,3.25014,-0.121929
38,3.26341,3.21893,-0.172608
38,3.23651,3.22883,-0.169137
38,4.85159,3.09502,1.37438
38,3.09091,3.27154,-0.145784
38,3.25546,3.22681,-0.158176
38,3.20502,3.24668,-0.141564
38,3.28168,3.22274,-0.169228
38,3.2867,3.22371,-0.158722
38,3.24693,3.26111,-0.0244765
38,4.86004,3.10101,1.3749
38,3.1343,3.27388,-0.140976
38,3.25745,3.23811,-0.166288
38,3.25889,3.2396,-0.15858
38,3.22308,3.26511,-0.0734942
38,3.28221,3.23413,-0.163201
38,3.27708,3.23567,-0.168109
38,3.15659,3.27078,-0.150808
38,3.16817,3.2754,-0.125126
38,3.21971,3.27207,-0.0843726
38,3.31356,3.23172,-0.169988
38,3.25734,3.25322,-0.144227
38,3.30784,3.23672,-0.165997
38,3.20639,3.26752,-0.152358
38,3.41622,3.24171,0.0025847
38,3.18194,3.28117,-0.131671
38,3.30117,3.24759,-0.164837
38,3.17652,3.28554,-0.140082
38,3.23086,3.27242,-0.137498
38,3.22757,3.27533,-0.131748
38,3.35503,3.23736,-0.163309
38,3.12635,3.30078,-0.155241
38,4.87548,3.12599,1.35686
38,3.26986,3.27053,-0.123874
38,4.85307,3.13767,1.38014
38,3.32751,3.24868,-0.165542
38,3.3777,3.24161,-0.166885
38,3.23422,3.28548,-0.135775
38,4.87494,3.13228,1.32461
38,3.30015,3.27089,-0.15463
38,4.87819,3.13414,1.30999
38,3.27131,3.28673,-0.128858
38,4.84811,3.12972,1.21493
38,4.83894,3.14029,1.25697
38,3.37488,3.2535,-0.192919
38,4.84998,3.12816,1.19249
38,4.85028,3.14193,1.25727
38,4.85688,3.14032,1.25762
38,4.85067,3.14123,1.25073
38,4.24119,3.15085,0.446121
38,3.37655,3.28715,-0.0411495
38,4.84811,3.11966,1.12139
38,4.84912,3.11921,1.1196
38,4.85846,3.14147,1.25151
38,3.4588,3.27202,-0.0104307
38,4.84948,3.11868,1.11412
38,3.39154,3.26086,-0.167791
38,4.23521,3.15323,0.436133
38,4.24206,3.15114,0.434169
38,4.86701,3.10742,1.07486
38,3.34545,3.27647,-0.159815
38,4.64715,3.23885,1.45023
38,4.85704,3.11659,1.07879
38,4.84307,3.15595,1.26552
38,3.31027,3.29762,-0.137801
38,4.84774,3.13177,1.12514
38,4.64444,3.2446,1.44607
38,4.64615,3.24772,1.45773
38,4.85961,3.15669,1.26532
38,3.37246,3.30135,-0.0467183
38,3.39204,3.27414,-0.172047
38,3.31533,3.30219,-0.137955
38,3.39175,3.27897,-0.163691
38,3.44183,3.26747,-0.166535
38,4.84657,3.14313,1.12862
38,3.4609,3.29329,-0.0183597
38,3.42002,3.27668,-0.174892
38,3.46804,3.261,-0.191864
38,4.65274,3.25796,1.44829
38,3.43903,3.27456,-0.175101
38,4.65568,3.24258,1.35013
38,4.6331,3.26666,1.43661
38,4.85082,3.15302,1.12924
38,3.41952,3.28514,-0.168089
38,4.66223,3.26189,1.44807
38,3.43872,3.28086,-0.167335
38,3.45935,3.30279,-0.0218221
38,3.40949,3.29929,-0.120883
38,3.44767,3.2957,-0.12142
38,4.66517,3.25281,1.35333
38,3.30763,3.32847,-0.148804
38,3.46063,3.28598,-0.174457
38,3.51707,3.27072,-0.188777
38,3.53684,3.27136,-0.163327
38,4.69654,3.25668,1.37932
38,4.71414,3.25614,1.39201
38,3.53433,3.27704,-0.161574
38,4.68745,3.24163,1.24828
38,3.5087,3.2848,-0.176823
38,3.55398,3.2765,-0.1616
38,3.48433,3.29337,-0.17027
38,4.7155,3.2643,1.3984
38,3.40312,3.32024,-0.141736
38,3.36281,3.34657,-0.059459
38,3.53763,3.28163,-0.163786
38,3.46641,3.31105,-0.105802
38,3.57891,3.2725,-0.161159
38,4.69175,3.2459,1.25034
38,3.53445,3.28655,-0.154182
38,3.4953,3.30398,-0.116787
38,3.55448,3.28166,-0.158597
38,3.39872,3.32661,-0.138274
38,3.49134,3.30666,-0.126218
38,4.68404,3.22904,1.11628
38,3.54392,3.29918,-0.117336
38,3.53278,3.29189,-0.172482
38,3.40444,3.33052,-0.150558
38,3.45108,3.32162,-0.136036
38,3.35721,3.34392,-0.148494
38,4.65699,3.23672,1.08179
38,4.7132,3.26162,1.26511
38,4.6905,3.24061,1.11533
38,4.69076,3.24221,1.12118
38,3.39513,3.34464,-0.145694
38,4.71493,3.26347,1.2589
38,3.49129,3.32779,-0.131824
38,3.39374,3.35068,-0.148168
38,3.44477,3.33961,-0.138775
38,3.55358,3.3407,-0.0100478
38,3.56746,3.33493,-0.0456842
38,3.55447,3.34678,-0.00378633
38,3.60675,3.34646,0.051236
38,3.5674,3.34327,-0.0338551
38,3.44971,3.356,-0.153454
38,3.60695,3.35255,0.0389026
38,3.59257,3.35623,0.0381341
38,3.49056,3.35655,-0.143264
38,3.49234,3.36067,-0.141914
38,3.48253,3.36775,-0.144338
38,3.54034,3.36671,-0.152255
38,3.53282,3.37515,-0.135365
38,3.53285,3.37409,-0.142588
38,4.58328,3.22287,0.46395
38,4.58347,3.22209,0.457948
38,4.58512,3.22493,0.383432
38,2.96063,3.55154,-0.146759
38,4.82598,3.18848,0.416315
38,2.92585,3.65187,-0.190273
38,2.06663,4.9168,-0.928179
38,2.05711,4.99448,-0.938921
38,2.05735,4.97741,-1.03321
38,2.0934,4.99296,-1.02296
38,2.46597,5.02086,-1.02407
38,2.39356,5.09481,-1.05786
38,3.08963,5.20956,-0.950753
38,3.64693,2.87498,0.21703
36,3.64693,2.87498,0.21703
38,4.85998,3.20599,-0.710376
36,4.85998,3.20599,-0.710376
38,4.88658,3.25791,-0.745132
36,4.88658,3.25791,-0.745132
38,3.72668,3.11047,0.992147
36,3.72668,3.11047,0.992147
38,4.62629,3.24097,1.05004
36,4.62629,3.24097,1.05004
38,3.14187,3.20573,-0.171511
36,3.14187,3.20573,-0.171511
38,3.04912,3.22015,-0.124932
36,3.04912,3.22015,-0.124932
38,3.12133,3.25082,-0.155112
36,3.12133,3.25082,-0.155112
38,4.93951,2.36406,0.166251
36,4.93951,2.36406,0.166251
38,3.66195,3.0864,0.605855
35,3.66195,3.0864,0.605855
38,4.15229,3.04502,0.898683
35,4.15229,3.04502,0.898683
38,2.88195,3.17477,-0.12591
29,2.88195,3.17477,-0.12591
38,4.74876,3.01345,1.09974
28,4.74876,3.01345,1.09974
39,3.5174,1.60642,0.638152
39,3.98204,1.84159,0.94018
39,3.49105,1.9208,0.516331
39,3.52936,2.16377,0.436609
39,3.4384,2.24783,0.301915
39,3.49199,2.29307,0.375393
39,3.10289,2.45792,0.16831
39,3.23464,2.50071,0.166915
39,3.63427,2.61067,1.18262
39,3.31864,2.5627,0.156215
39,3.33367,2.56235,0.150426
39,3.29919,2.57982,0.133758
39,3.39687,2.57205,0.122359
39,3.39661,2.57563,0.134467
39,3.42278,2.58246,0.151955
39,3.42255,2.58545,0.153792
39,3.41043,2.59112,0.139066
39,3.43994,2.58576,0.151935
39,3.45835,2.5874,0.142676
39,3.48672,2.59412,0.148273
39,3.42365,2.60905,0.134016
39,3.46837,2.60191,0.150444
39,3.51656,2.60456,0.147865
39,3.51646,2.61267,0.144793
39,3.53488,2.61315,0.139215
39,3.4447,2.66468,0.207458
39,3.65865,2.77122,0.479872
39,3.28403,2.821,0.122673
39,3.64917,2.78908,0.508207
39,4.43045,2.78379,1.20362
39,4.43437,2.7764,1.1175
39,4.43803,2.81158,1.29542
39,4.41874,2.82304,1.3068
39,2.93832,3.00636,-0.0948516
39,2.86926,3.02279,-0.109821
39,4.44486,2.81289,1.23239
39,2.85813,3.04054,-0.068242
39,2.88407,3.02735,-0.113554
39,3.65673,2.89317,0.338786
39,4.45003,2.81294,1.17893
39,2.98197,3.01583,-0.0966154
39,3.67218,2.91585,0.429507
39,3.68315,3.00478,0.987295
39,3.67102,2.93789,0.442409
39,3.62322,3.01723,0.83898
39,3.67158,2.9466,0.447421
39,3.66992,3.03191,1.00033
39,3.67581,2.94506,0.420706
39,2.97211,3.05303,-0.109324
39,4.46495,2.8444,1.05954
39,4.47572,2.86482,1.18522
39,3.67078,3.06278,1.07962
39,3.66155,2.95739,0.31446
39,3.68611,3.00296,0.643449
39,3.66527,2.96445,0.320403
39,3.67017,3.06871,1.01166
39,3.64895,2.97443,0.334611
39,3.66997,2.98872,0.464425
39,3.6791,2.95488,0.208069
39,4.43548,2.87531,1.00036
39,4.43545,2.88113,0.999732
39,3.67058,3.13824,1.32845
39,3.67477,3.09471,1.01617
39,4.49648,2.89605,1.06307
39,3.6634,3.01124,0.342614
39,3.65701,3.01645,0.347373
39,3.66276,3.01843,0.352738
39,3.09839,3.09856,-0.109876
39,3.65757,3.02618,0.350938
39,3.66588,3.02286,0.337182
39,3.29293,3.06584,-0.0413651
39,4.49401,2.96043,1.36034
39,3.46857,3.02024,-0.0542504
39,3.23338,3.08519,-0.101653
39,3.65613,3.0407,0.320316
39,3.18899,3.10169,-0.118719
39,3.23172,3.09645,-0.0995105
39,3.02089,3.14401,-0.151223
39,3.18829,3.10494,-0.126542
39,3.68231,3.05327,0.368211
39,2.87814,3.18249,-0.1864
39,3.10923,3.13871,-0.148648
39,3.06594,3.15046,-0.149168
39,2.95812,3.1755,-0.171111
39,3.18241,3.13805,-0.137271
39,3.05768,3.17387,-0.16183
39,3.01614,3.19935,-0.114152
39,3.65071,3.1002,0.333059
39,3.31514,3.12359,-0.126854
39,3.17399,3.16854,-0.139253
39,3.22422,3.16098,-0.130194
39,3.44074,3.11446,-0.0700836
39,3.19799,3.17069,-0.1422
39,3.19859,3.17537,-0.142976
39,3.39767,3.13222,-0.0829204
39,3.44041,3.12144,-0.0965848
39,3.24806,3.16543,-0.142015
39,3.48909,3.11054,-0.0885638
39,3.19759,3.18052,-0.153248
39,3.14661,3.19743,-0.165367
39,3.09503,3.21595,-0.178285
39,3.57264,3.11041,-0.0814525
39,3.63063,3.27157,1.05146
39,3.12189,3.22606,-0.172822
39,2.85138,3.29197,-0.231488
39,2.90999,3.28345,-0.19376
39,3.04567,3.25852,-0.14764
39,3.28804,3.19477,-0.179479
39,3.49015,3.15368,-0.114223
39,3.06618,3.25388,-0.191723
39,3.0106,3.27658,-0.163837
39,3.28456,3.20553,-0.164481
39,3.37919,3.18926,-0.139863
39,3.421,3.18375,-0.122277
39,3.44641,3.17969,-0.126895
39,3.14418,3.26027,-0.119687
39,2.87844,3.31869,-0.195862
39,3.46309,3.18463,-0.116434
39,3.37681,3.2047,-0.14434
39,4.61498,3.07446,1.09671
39,3.42226,3.20662,-0.139635
39,3.22834,3.25303,-0.175113
39,3.49279,3.1908,-0.135535
39,3.39608,3.21722,-0.141415
39,3.49276,3.19307,-0.141313
39,3.57896,3.17563,-0.120614
39,3.41005,3.22759,-0.0946807
39,3.63655,3.35033,1.05497
39,3.63955,3.36067,1.12457
39,3.32383,3.25329,-0.170291
39,3.15053,3.30055,-0.172288
39,3.47309,3.21776,-0.185298
39,3.13972,3.30541,-0.187653
39,3.48286,3.23721,-0.0895206
39,3.1267,3.31909,-0.166038
39,3.51165,3.22304,-0.142472
39,3.32886,3.28036,-0.126996
39,3.26934,3.30406,-0.14861
39,3.14111,3.33418,-0.177504
39,3.46149,3.25562,-0.153971
39,3.49549,3.26237,-0.101322
39,3.48644,3.27207,-0.104964
39,2.92968,3.40801,-0.235472
39,3.21252,3.35602,-0.17545
39,3.54008,3.2805,-0.117055
39,3.36874,3.31934,-0.236673
39,3.4045,3.33411,-0.156426
39,3.80992,3.31496,0.416048
39,3.26471,3.36658,-0.239184
39,3.53097,3.31445,-0.12139
39,4.30843,3.30205,1.00993
39,4.30677,3.31213,1.01528
39,3.65056,3.45463,0.77196
39,4.30976,3.32063,1.01803
39,4.302,3.329,1.01479
39,4.93423,3.25204,1.41501
39,3.65327,3.50112,0.828433
39,4.32289,3.40463,1.01729
39,4.32402,3.40989,1.02994
39,4.95304,3.30542,1.43399
39,4.33404,3.36489,0.38102
39,4.33805,3.38365,0.38246
39,4.34134,3.38462,0.377228
39,5.05124,3.39576,1.45014
39,5.02411,3.42019,1.47019
39,5.04906,3.41464,1.16881
39,2.4463,4.06955,-0.626118
39,5.24493,3.62365,1.13313
39,2.39468,4.19951,-0.703883
39,2.67964,4.28012,-0.713041
39,2.89187,4.3508,-0.724016
39,2.97026,4.4453,-0.650143
39,2.68056,4.5416,-0.818841
39,3.38679,4.55199,-0.774502
39,2.86284,4.69079,-0.868405
39,2.85804,4.71106,-0.924062
39,2.54247,4.82282,-0.920439
39,2.3888,4.85935,-0.999696
39,2.57521,4.83122,-0.973039
39,2.60929,4.87876,-1.00286
39,2.915,4.85216,-0.976038
39,2.68527,4.91968,-1.00502
39,2.36724,5.02022,-0.964394
39,2.99442,4.88756,-1.00016
39,2.37293,5.04049,-1.0909
39,2.42244,5.02988,-1.07611
39,2.43712,5.05604,-0.976569
39,2.63837,5.03293,-0.919998
39,3.38106,4.85995,-0.807938
39,2.71705,5.06589,-0.928534
39,2.48799,5.11358,-1.10951
39,2.40753,5.22773,-1.16387
39,2.32918,5.30066,-1.09731
39,2.41274,5.34789,-1.10759
39,2.23059,10.8807,-3.79414
39,3.67064,3.2631,0.258437
37,3.67064,3.2631,0.258437
39,3.55744,3.29026,0.000175219
37,3.55744,3.29026,0.000175219
39,4.83987,3.22008,0.418956
37,4.83987,3.22008,0.418956
39,4.75734,3.15519,0.7248
37,4.75734,3.15519,0.7248
39,3.18311,3.07155,-0.0379128
37,3.18311,3.07155,-0.0379128
39,3.48769,3.38093,-0.152964
37,3.48769,3.38093,-0.152964
39,3.56449,2.87533,0.131352
37,3.56449,2.87533,0.131352
39,3.55699,3.30071,-0.00357494
37,3.55699,3.30071,-0.00357494
39,4.76251,3.16417,0.725483
37,4.76251,3.16417,0.725483
39,4.93395,2.59784,0.217899
37,4.93395,2.59784,0.217899
39,3.12979,3.17231,-0.146872
37,3.12979,3.17231,-0.146872
39,4.9144,2.5763,0.223232
37,4.9144,2.5763,0.223232
39,3.48769,3.38093,-0.152964
37,3.48769,3.38093,-0.152964
39,2.82814,2.94856,-0.0356186
37,2.82814,2.94856,-0.0356186
39,2.83073,3.0502,-0.0841066
37,2.83073,3.0502,-0.0841066
39,3.13302,3.16839,-0.103655
37,3.13302,3.16839,-0.103655
39,3.27351,3.10248,-0.077365
37,3.27351,3.10248,-0.077365
39,3.51353,3.10447,-0.0931482
37,3.51353,3.10447,-0.0931482
39,3.48994,3.18562,-0.124589
37,3.48994,3.18562,-0.124589
39,3.26961,3.28567,-0.135599
37,3.26961,3.28567,-0.135599
39,2.83073,3.0502,-0.0841066
37,2.83073,3.0502,-0.0841066
39,2.7778,3.11992,-0.119743
37,2.7778,3.11992,-0.119743
39,3.49135,3.34641,-0.1357
37,3.49135,3.34641,-0.1357
39,3.38289,3.13867,-0.113632
37,3.38289,3.13867,-0.113632
39,3.64893,2.93808,0.976533
37,3.64893,2.93808,0.976533
39,3.21475,2.77041,0.0378833
37,3.21475,2.77041,0.0378833
39,3.34768,3.09133,-0.133246
37,3.34768,3.09133,-0.133246
39,3.66918,3.14279,0.968571
37,3.66918,3.14279,0.968571
39,3.63598,2.88322,0.389545
37,3.63598,2.88322,0.389545
39,2.81234,3.44875,-0.0426731
37,2.81234,3.44875,-0.0426731
39,2.83411,3.55961,-0.0932042
37,2.83411,3.55961,-0.0932042
39,2.7381,3.70877,-0.127489
37,2.7381,3.70877,-0.127489
39,4.89553,3.26655,0.378143
36,4.89553,3.26655,0.378143
39,3.53346,3.28863,-0.10942
36,3.53346,3.28863,-0.10942
39,4.55006,3.15681,0.399872
36,4.55006,3.15681,0.399872
39,2.86202,3.14918,-0.125724
36,2.86202,3.14918,-0.125724
39,3.35416,3.16681,-0.103354
36,3.35416,3.16681,-0.103354
39,3.53543,3.28112,-0.109307
36,3.53543,3.28112,-0.109307
39,4.85962,3.25122,0.411197
36,4.85962,3.25122,0.411197
39,3.08818,3.26222,-0.139689
36,3.08818,3.26222,-0.139689
39,3.08869,3.06872,-0.0491815
36,3.08869,3.06872,-0.0491815
39,2.38937,4.84915,-0.522732
36,2.38937,4.84915,-0.522732
39,3.11749,3.0178,-0.0779528
36,3.11749,3.0178,-0.0779528
39,3.21621,3.08177,-0.139518
36,3.21621,3.08177,-0.139518
39,2.83815,3.04009,-0.116146
35,2.83815,3.04009,-0.116146
39,4.81225,2.99987,1.04357
32,4.81225,2.99987,1.04357
39,4.87737,3.02242,0.41952
32,4.87737,3.02242,0.41952
39,4.62641,3.23151,1.04351
31,4.62641,3.23151,1.04351
39,3.94108,3.11993,0.460893
31,3.94108,3.11993,0.460893
39,3.10572,3.19392,-0.195716
31,3.10572,3.19392,-0.195716
39,4.87757,3.12083,0.369579
28,4.87757,3.12083,0.369579
40,3.60923,1.38212,0.838024
40,3.61017,1.38435,0.838599
40,3.61097,1.38505,0.838974
40,3.61167,1.38675,0.83883
40,3.61407,1.39225,0.84126
40,3.60988,1.39583,0.780371
40,3.48359,1.63743,0.653292
40,3.46304,1.72925,0.61187
40,3.45595,2.00246,0.513819
40,3.39137,2.05887,0.419619
40,3.26403,2.20087,0.325701
40,3.27115,2.20826,0.322931
40,3.31471,2.23912,0.313907
40,3.50292,2.23192,0.430877
40,3.40917,2.26285,0.30934
40,3.46733,2.32338,0.388368
40,3.47186,2.32215,0.377181
40,3.05811,2.47263,0.171955
40,3.05112,2.5324,0.175453
40,3.18726,2.52411,0.163001
40,3.17271,2.52749,0.157101
40,3.62269,2.57223,1.17134
40,3.62253,2.55632,0.95962
40,3.24469,2.58777,0.131597
40,3.35296,2.58261,0.153959
40,3.39967,2.59943,0.140385
40,3.39965,2.59994,0.140787
40,3.39901,2.6104,0.13801
40,3.49773,2.6544,0.16942
40,3.5371,2.89821,1.03733
40,3.53398,2.90735,1.04167
40,3.54233,2.93464,1.05878
40,3.53604,2.97027,1.04561
40,3.54407,2.99502,1.04194
40,2.89299,3.01373,-0.108956
40,3.70746,2.93948,0.745364
40,3.67621,2.91646,0.434591
40,2.93468,3.02975,-0.108466
40,3.67187,3.05912,1.29777
40,3.53385,2.92078,0.192706
40,3.66358,3.02181,0.92528
40,2.97789,3.04421,-0.113993
40,2.92526,3.06553,-0.119811
40,3.68068,2.95649,0.416035
40,3.70852,2.96045,0.461998
40,3.67242,2.97854,0.466716
40,3.67686,3.11791,1.31969
40,2.80582,3.12149,-0.115395
40,3.64903,3.07332,0.956089
40,3.5384,2.97911,0.172275
40,3.6199,3.06532,0.83962
40,3.67543,3.13726,1.3756
40,3.66836,3.07329,0.95705
40,3.68221,2.98482,0.411125
40,3.6774,3.14595,1.37717
40,3.67735,3.14174,1.32221
40,4.47725,2.94247,1.34559
40,2.92231,3.15311,-0.168748
40,3.14332,3.1057,-0.120157
40,3.18799,3.099,-0.115004
40,3.14106,3.1166,-0.132897
40,3.66011,3.18469,0.991748
40,3.27505,3.11205,-0.111408
40,3.27457,3.11492,-0.119187
40,3.26877,3.13363,-0.0933866
40,3.5844,3.07165,-0.0636469
40,2.86714,3.24482,-0.212502
40,3.20184,3.16997,-0.140581
40,3.32039,3.14287,-0.127045
40,3.44749,3.12095,-0.100244
40,3.31436,3.15233,-0.130314
40,3.3572,3.14354,-0.114435
40,2.95797,3.24354,-0.156659
40,3.40568,3.13639,-0.110334
40,3.07831,3.21771,-0.180854
40,3.17026,3.20139,-0.13282
40,3.40639,3.1428,-0.126679
40,3.31735,3.16811,-0.139374
40,3.40605,3.1532,-0.123867
40,3.12714,3.22286,-0.169468
40,3.57955,3.12058,-0.0926402
40,3.01808,3.26893,-0.160834
40,3.23954,3.21684,-0.160582
40,3.42662,3.1828,-0.132328
40,2.87907,3.33274,-0.202235
40,3.53967,3.18333,-0.121443
40,3.58271,3.17296,-0.120457
40,3.55975,3.18015,-0.127297
40,3.58283,3.17553,-0.126428
40,3.51516,3.2011,-0.141421
40,3.0802,3.31433,-0.180084
40,3.41389,3.25043,-0.111547
40,4.64875,3.13635,1.10511
40,4.63745,3.14275,1.10338
40,3.2717,3.30551,-0.152295
40,3.27137,3.32056,-0.159413
40,3.21528,3.37668,-0.197689
40,4.29744,3.28162,1.00753
40,3.31204,3.37354,-0.181067
40,3.65245,3.44475,0.82549
40,3.35696,3.36864,-0.168321
40,3.29283,3.39298,-0.230899
40,4.30997,3.32575,1.00676
40,4.90988,3.20176,1.12842
40,3.65607,3.49235,0.767576
40,4.32552,3.37124,1.01073
40,4.32609,3.37429,1.02288
40,4.30021,3.32972,0.424219
40,4.30994,3.32697,0.385208
40,3.66741,3.58854,0.769885
40,5.08142,3.39819,1.54291
40,5.16979,3.50279,1.55575
40,5.11394,3.49694,1.33115
40,5.27603,3.69351,1.32551
40,2.33918,4.19709,-0.7256
40,2.68653,4.34075,-0.760252
40,3.50092,4.5287,-0.782636
40,2.97972,4.67898,-0.881532
40,2.34869,4.87132,-0.950976
40,3.21894,4.69056,-0.871972
40,2.70176,4.8353,-0.980409
40,2.72335,4.90968,-1.01197
40,2.62172,4.97354,-1.06009
40,2.94071,4.90695,-0.993046
40,2.3815,5.07678,-1.02475
40,2.9369,4.93496,-0.994456
40,2.92397,4.96473,-0.914676
40,2.65225,5.01997,-1.08884
40,2.83422,5.05297,-0.992933
40,2.64568,5.10861,-1.02756
40,2.77761,5.07735,-1.00961
40,2.75374,5.26643,-1.10029
40,3.55621,3.35111,-0.00373095
38,3.55621,3.35111,-0.00373095
40,3.49355,3.35733,-0.139226
38,3.49355,3.35733,-0.139226
40,3.3794,3.24606,-0.166862
38,3.3794,3.24606,-0.166862
40,3.03781,3.17322,-0.160396
38,3.03781,3.17322,-0.160396
40,3.49424,3.02798,-0.0537702
38,3.49424,3.02798,-0.0537702
40,3.53604,3.28146,-0.161558
38,3.53604,3.28146,-0.161558
40,3.13778,3.24961,-0.11734
38,3.13778,3.24961,-0.11734
40,3.39346,3.28342,-0.163646
38,3.39346,3.28342,-0.163646
40,2.96516,3.22758,-0.132618
38,2.96516,3.22758,-0.132618
40,2.85693,3.12545,-0.156298
38,2.85693,3.12545,-0.156298
40,3.27157,3.27496,-0.123812
38,3.27157,3.27496,-0.123812
40,4.87584,3.13341,1.32352
38,4.87584,3.13341,1.32352
40,3.61213,3.30325,1.25136
38,3.61213,3.30325,1.25136
40,3.42363,3.22598,0.00019908
38,3.42363,3.22598,0.00019908
40,3.53937,3.46792,-0.191594
37,3.53937,3.46792,-0.191594
40,2.7744,2.97183,-0.0522125
37,2.7744,2.97183,-0.0522125
40,3.67853,2.96335,0.168028
37,3.67853,2.96335,0.168028
40,4.5714,3.06076,1.05783
37,4.5714,3.06076,1.05783
40,4.25458,3.16522,0.459593
37,4.25458,3.16522,0.459593
40,2.6898,3.18456,-0.141252
37,2.6898,3.18456,-0.141252
40,3.24976,3.15367,-0.137832
35,3.24976,3.15367,-0.137832
40,2.84608,3.01846,-0.107353
35,2.84608,3.01846,-0.107353
41,3.45239,1.45346,0.881106
41,3.44377,1.64464,0.887903
41,3.44382,1.64496,0.889376
41,3.44358,1.64552,0.889192
41,3.46038,1.87897,0.596608
41,3.46897,1.90975,0.739258
41,3.45911,1.8829,0.598472
41,3.4663,1.91377,0.73837
41,3.45799,1.89303,0.598197
41,3.45572,1.91651,0.596813
41,3.47274,1.9684,0.729141
41,3.47827,1.9738,0.716792
41,3.37678,2.26967,0.311782
41,3.44822,2.29995,0.419275
41,3.4484,2.31905,0.406327
41,3.48842,2.37484,0.422641
41,3.03175,2.47917,0.18126
41,3.6276,2.52663,0.93536
41,3.15811,2.54195,0.157123
41,2.96218,2.84623,1.05731
41,2.95723,2.84948,1.01801
41,2.95847,2.86352,1.06368
41,3.26627,2.5868,0.138786
41,3.3086,2.59089,0.148214
41,2.9391,2.8895,1.0068
41,3.33869,2.60039,0.147086
41,3.26615,2.65976,0.14788
41,2.92177,2.95517,0.986933
41,2.92285,2.95492,0.986961
41,3.29514,2.67798,0.141021
41,3.2925,2.70064,0.124973
41,2.89895,2.99984,0.895976
41,2.89108,3.00588,0.8998
41,2.89429,3.00091,0.842628
41,3.52998,2.88762,1.04293
41,2.88775,3.01778,0.83919
41,3.45162,2.72619,0.130933
41,2.8676,3.04136,0.7
41,3.26469,2.82457,0.139757
41,3.26605,2.85458,0.12074
41,3.47764,2.84195,0.231308
41,3.67591,3.05649,1.30037
41,3.70043,2.81779,0.199753
41,2.8422,3.04388,0.180017
41,2.76908,2.99979,-0.107718
41,2.84181,3.04549,0.180809
41,3.47946,2.88281,0.216063
41,3.54848,2.92004,0.388081
41,2.85427,3.00909,-0.102191
41,3.69196,3.05919,0.997124
41,3.67178,2.95606,0.484427
41,3.67149,2.95428,0.474898
41,2.76841,3.06311,-0.134615
41,3.68496,3.10709,1.01784
41,3.67492,2.98647,0.464314
41,3.66523,3.0193,0.447163
41,3.68562,3.02617,0.452022
41,3.68684,3.04137,0.445472
41,3.68311,3.044,0.449236
41,3.69124,3.04598,0.368038
41,3.69059,3.0538,0.369137
41,4.59995,2.84988,0.46961
41,4.60412,2.85824,0.483195
41,3.0543,3.13276,-0.144044
41,3.14208,3.136,-0.138213
41,3.18959,3.12923,-0.126709
41,2.93611,3.21188,-0.193441
41,3.09006,3.17956,-0.15697
41,3.56389,3.12214,0.0330329
41,3.13892,3.20035,-0.172764
41,3.27778,3.17284,-0.145402
41,3.56537,3.13945,0.0446035
41,3.32363,3.17413,-0.139562
41,3.27604,3.18538,-0.1487
41,3.1345,3.2204,-0.173494
41,3.45358,3.16176,-0.118384
41,3.40992,3.17486,-0.128923
41,4.67019,2.97269,0.463134
41,4.65884,3.16293,1.22583
41,3.45379,3.18675,-0.129451
41,3.45372,3.1978,-0.139987
41,3.38445,3.21959,-0.149866
41,3.08946,3.32853,-0.179004
41,3.13543,3.35253,-0.190261
41,3.36555,3.29385,-0.19834
41,4.31251,3.31329,1.00541
41,4.30753,3.31473,1.00004
41,4.31512,3.31623,1.00702
41,3.1286,3.3731,-0.193493
41,3.17535,3.37215,-0.192027
41,3.26232,3.34292,-0.222917
41,3.55,3.29861,-0.126551
41,3.32369,3.36774,-0.183206
41,3.49476,3.33577,-0.132884
41,3.31847,3.39743,-0.193679
41,4.33825,3.41564,0.999918
41,4.33124,3.29853,0.387075
41,4.32436,3.30261,0.387689
41,3.50794,3.38684,-0.227706
41,3.35695,3.44848,-0.202305
41,2.40348,4.17926,-0.728757
41,2.39428,4.19796,-0.726248
41,3.39379,4.39966,-0.73652
41,3.31708,4.42409,-0.749878
41,3.16319,4.48354,-0.789679
41,3.09065,4.51506,-0.818878
41,3.31456,4.48015,-0.787224
41,3.06744,4.70584,-0.915872
41,2.7941,5.13715,-1.04835
41,2.49813,5.21811,-1.1153
41,-1.9419,29.7451,-12.9222
41,3.37619,3.14739,-0.0655523
38,3.37619,3.14739,-0.0655523
41,3.58492,3.18124,-0.114724
38,3.58492,3.18124,-0.114724
41,2.95589,3.11178,-0.0901659
38,2.95589,3.11178,-0.0901659
41,3.41504,3.38605,-0.215728
38,3.41504,3.38605,-0.215728
41,3.66737,2.99852,0.92368
38,3.66737,2.99852,0.92368
41,4.69236,2.97673,0.446983
38,4.69236,2.97673,0.446983
41,2.80922,3.12837,-0.115724
37,2.80922,3.12837,-0.115724
41,4.80878,3.06505,1.11068
37,4.80878,3.06505,1.11068
41,3.36816,3.16037,-0.1192
37,3.36816,3.16037,-0.1192
41,2.6632,3.16571,-0.137178
37,2.6632,3.16571,-0.137178
41,3.01339,5.60502,-0.937368
35,3.01339,5.60502,-0.937368
41,2.68203,3.10254,-0.156932
35,2.68203,3.10254,-0.156932
41,2.75625,3.02528,-0.121922
35,2.75625,3.02528,-0.121922
41,3.23014,5.06224,-0.670649
32,3.23014,5.06224,-0.670649
41,3.21919,5.04078,-0.662721
32,3.21919,5.04078,-0.662721
41,3.1591,5.11398,-0.694307
32,3.1591,5.11398,-0.694307
41,2.82912,4.08695,1.21553
28,2.82912,4.08695,1.21553
42,3.49851,2.62071,0.148319
42,3.49843,2.62042,0.144747
42,2.82505,3.08397,1.08157
42,2.88699,3.13026,1.23181
42,2.89346,3.11732,1.14985
42,2.88591,3.14286,1.08275
42,2.87147,3.15326,1.10418
42,2.8735,3.15302,1.10428
42,2.86909,3.1555,1.10262
42,2.9127,3.14647,1.10602
42,2.88025,3.14655,1.02442
42,2.87908,3.14925,1.02898
42,2.90718,3.16143,1.10773
42,2.8814,3.1492,1.02911
42,2.87865,3.14864,1.02283
42,2.87789,3.16843,1.06922
42,2.85698,3.13353,0.902454
42,2.84643,3.15396,0.952094
42,2.84844,3.14869,0.901994
42,2.85474,3.15358,0.913796
42,2.84926,3.11978,0.688559
42,2.84605,3.12123,0.68841
42,2.9832,3.20196,1.12266
42,2.81769,3.10971,0.555324
42,2.94788,3.21268,1.10688
42,2.98002,3.20653,1.11253
42,2.97842,3.2383,1.13629
42,2.96707,3.21937,0.971463
42,3.00342,3.24793,1.12502
42,3.01332,3.24079,1.09953
42,3.01455,3.25159,1.14073
42,2.95878,3.23094,0.971799
42,3.00035,3.25822,1.12411
42,2.99304,3.26393,1.1244
42,3.0053,3.25703,1.10504
42,3.68485,3.11977,1.29865
42,3.00487,3.25948,1.10532
42,3.16231,3.25686,1.26961
42,3.174,3.25233,1.25757
42,3.01454,3.26181,1.10087
42,3.15982,3.26248,1.26281
42,3.16359,3.26281,1.26671
42,3.00927,3.28337,1.16688
42,3.01308,3.26846,1.10312
42,3.15729,3.27159,1.26795
42,2.99784,3.24594,0.984248
42,3.15313,3.23941,1.11141
42,2.99387,3.28035,1.07991
42,2.9943,3.28701,1.10112
42,3.16666,3.24102,1.10034
42,3.68783,3.07279,1.00219
42,3.20245,3.23032,1.09074
42,3.08477,3.25674,1.06438
42,3.68805,3.07402,0.997669
42,3.19316,3.2355,1.09533
42,3.14954,3.25006,1.10255
42,3.15127,3.24872,1.09885
42,3.15249,3.25164,1.10074
42,3.14901,3.25175,1.09725
42,3.18209,3.24518,1.09305
42,2.98797,3.27457,0.991931
42,3.0855,3.26527,1.06202
42,3.15954,3.25365,1.0954
42,3.17223,3.2608,1.13817
42,3.68445,3.08827,1.00676
42,3.0828,3.26849,1.05576
42,3.19298,3.24953,1.09973
42,3.00459,3.30511,1.11161
42,3.16855,3.26199,1.10432
42,3.70934,3.08857,0.990078
42,3.67527,3.10451,0.990575
42,3.141,3.24607,0.957465
42,3.36952,3.22485,1.09802
42,3.15138,3.25838,0.9699
42,3.36724,3.23479,1.10547
42,3.37327,3.23968,1.11538
42,3.68927,3.12201,0.96649
42,2.68215,3.11763,-0.170864
42,3.36559,3.24836,1.10438
42,3.37416,3.25738,1.11227
42,3.14739,3.28742,0.975956
42,3.36469,3.25882,1.09457
42,3.28966,3.26777,1.04569
42,3.17702,3.28451,0.977337
42,3.68504,3.13852,0.934422
42,2.7891,3.18797,0.129879
42,3.38085,3.23165,0.955501
42,3.3656,3.27503,1.11222
42,3.16678,3.29652,0.977381
42,2.90496,3.24641,0.481117
42,2.63001,3.21488,0.0485854
42,3.73886,3.14507,0.992289
42,3.1579,3.31568,1.00453
42,3.36567,3.24813,0.950164
42,2.72069,3.19964,0.036504
42,3.68896,3.16423,0.959697
42,3.70382,3.17958,1.03378
42,3.35351,3.29727,1.11177
42,3.37925,3.25587,0.956693
42,3.35618,3.27465,1.00584
42,3.37921,3.25594,0.955717
42,2.6229,3.23691,0.0366153
42,3.37571,3.25797,0.956638
42,2.68016,3.22126,0.030629
42,2.88924,3.2791,0.495068
42,2.67921,3.2275,0.0516364
42,2.7542,3.20829,0.057159
42,3.36128,3.26305,0.949206
42,3.17651,3.30153,0.893733
42,2.62014,3.23734,0.012956
42,2.7841,3.21956,0.122647
42,2.67055,3.23596,0.0551111
42,2.68305,3.22551,0.02055
42,3.1757,3.30624,0.891417
42,2.66438,3.22642,0.00236285
42,2.67545,3.22642,0.0128815
42,2.66726,3.22661,-0.00237596
42,2.76122,3.21477,0.0501934
42,2.7683,3.21554,0.0571985
42,2.71023,3.22425,0.026671
42,3.18634,3.25244,0.666721
42,2.70897,3.22316,0.0113503
42,2.67464,3.23506,0.0171033
42,3.17351,3.31424,0.886709
42,3.16693,3.22704,0.515014
42,3.39718,3.19084,0.624372
42,2.97387,3.29253,0.550723
42,3.13683,3.23873,0.513496
42,2.86447,3.14572,-0.168335
42,2.66229,3.24248,-0.00426471
42,2.66183,3.25748,0.0487504
42,2.67405,3.25098,0.0348541
42,2.67098,3.24759,0.0177011
42,3.1839,3.26708,0.663294
42,3.1484,3.26249,0.604415
42,3.67126,3.21756,0.998305
42,2.76471,3.249,0.111011
42,3.07383,3.27336,0.543587
42,2.6569,3.25414,-0.00706869
42,3.12148,3.26218,0.541091
42,3.12611,3.27826,0.610012
42,3.69546,3.06254,0.369428
42,2.71572,3.25357,0.0468934
42,2.69852,3.2489,0.000367224
42,3.36399,3.30545,0.9523
42,3.12644,3.28656,0.61152
42,3.39981,3.23279,0.691431
42,3.69428,3.0906,0.440938
42,3.69424,3.09024,0.436572
42,3.15061,3.28024,0.596587
42,3.1497,3.28131,0.599589
42,3.14293,3.27957,0.581021
42,3.69881,3.0915,0.44062
42,2.682,3.25317,-0.0439506
42,3.69437,3.09683,0.450286
42,3.12548,3.29468,0.610562
42,3.69642,3.07574,0.362164
42,3.36862,3.31692,0.96721
42,3.07983,3.28819,0.523542
42,3.36149,3.33149,1.00528
42,2.63835,3.26963,-0.0474674
42,3.03005,3.20776,0.137341
42,3.36395,3.31949,0.954573
42,3.12088,3.29124,0.547973
42,3.02886,3.21522,0.138134
42,3.0712,3.30546,0.547868
42,3.03084,3.21669,0.140699
42,3.12268,3.28672,0.522705
42,3.02829,3.22084,0.141677
42,2.90537,3.17734,-0.173826
42,3.03004,3.22144,0.139027
42,3.02706,3.22246,0.127275
42,3.19502,3.23102,0.338091
42,3.19358,3.23305,0.329422
42,3.12319,3.28848,0.463843
42,3.19203,3.23967,0.331817
42,3.19219,3.241,0.336732
42,3.12424,3.30629,0.513599
42,3.12098,3.2955,0.456282
42,3.18337,3.24107,0.306462
42,2.95216,3.18772,-0.176402
42,3.40327,3.26155,0.608697
42,3.18815,3.21778,0.187348
42,4.23826,3.12818,0.990213
42,3.33325,3.26151,0.518032
42,3.11815,3.28543,0.374561
42,3.74119,3.12807,0.42598
42,3.18196,3.25238,0.297059
42,3.11694,3.28563,0.354749
42,3.11675,3.28713,0.35439
42,3.04774,3.2509,0.129493
42,3.3275,3.27607,0.535234
42,3.74188,3.13095,0.408941
42,3.33767,3.2672,0.500753
42,2.99839,3.19428,-0.17669
42,3.11475,3.29253,0.34761
42,3.02323,3.18853,-0.179161
42,4.23834,3.14636,0.994636
42,3.17108,3.2441,0.190906
42,3.11803,3.2887,0.305981
42,4.25246,3.15858,0.995486
42,3.04248,3.20146,-0.175887
42,3.13051,3.29398,0.291926
42,3.15144,3.25929,0.17224
42,3.06346,3.20029,-0.177615
42,3.33334,3.30562,0.538264
42,3.09551,3.1957,-0.178773
42,3.15921,3.18771,-0.194149
42,3.52775,3.44015,1.22397
42,3.07025,3.28639,0.0918377
42,3.53366,3.43695,1.20545
42,3.09232,3.21553,-0.181241
42,3.1372,3.20614,-0.169712
42,3.0666,3.2786,0.0354869
42,3.11509,3.21258,-0.17735
42,3.13772,3.21079,-0.175076
42,3.11585,3.30173,0.160124
42,3.06697,3.28456,0.0365929
42,3.70536,3.20584,0.426969
42,3.53378,3.44031,1.13109
42,3.53358,3.44081,1.11803
42,3.17981,3.21793,-0.173167
42,3.56289,3.4291,1.09853
42,3.07992,3.25773,-0.14638
42,3.5355,3.45098,1.13679
42,3.53531,3.4524,1.12115
42,3.13318,3.24584,-0.183964
42,3.36303,3.30675,0.303402
42,3.54643,3.45881,1.10236
42,3.72475,3.21875,0.320848
42,3.15386,3.25595,-0.191415
42,3.2845,3.29503,0.102343
42,3.19688,3.30874,0.0569163
42,3.29749,3.29804,0.113361
42,3.32883,3.39176,0.522761
42,3.38876,3.37744,0.523003
42,3.36711,3.32521,0.28866
42,3.18983,3.30982,0.0240384
42,3.12024,3.28662,-0.152067
42,3.41147,3.29378,0.173744
42,3.04954,3.30842,-0.175748
42,3.19738,3.26288,-0.199703
42,3.37745,3.37968,0.455736
42,3.3847,3.38705,0.479367
42,3.38966,3.38413,0.462426
42,3.37881,3.38865,0.467609
42,3.1741,3.28091,-0.193486
42,3.38142,3.38096,0.43607
42,3.34482,3.29191,0.0369389
42,3.36684,3.34675,0.278015
42,4.24855,3.14391,0.436944
42,3.38857,3.38768,0.461806
42,3.25286,3.25397,-0.227128
42,3.32048,3.24914,-0.174334
42,3.3834,3.38654,0.438844
42,3.3824,3.39732,0.474151
42,3.17633,3.33917,0.0103635
42,3.39906,3.35226,0.308144
42,3.16254,3.29838,-0.175103
42,3.32936,3.42227,0.508101
42,3.14144,3.30754,-0.162316
42,3.37176,3.34988,0.259122
42,3.36247,3.35737,0.278922
42,3.24183,3.27696,-0.198697
42,3.38498,3.32605,0.157592
42,3.53712,3.51891,1.10134
42,3.12826,3.32445,-0.145391
42,3.14558,3.31716,-0.171216
42,3.26085,3.33946,0.0298143
42,3.40996,3.36501,0.296485
42,3.28778,3.27988,-0.191949
42,3.36582,3.35086,0.179788
42,3.40259,3.36476,0.275295
42,3.55397,3.4032,0.589253
42,3.26466,3.29514,-0.18404
42,3.39994,3.37285,0.271807
42,3.19561,3.34638,-0.0837419
42,3.3113,3.29379,-0.174997
42,3.33009,3.33738,0.0203408
42,3.4596,3.25641,-0.170168
42,3.35945,3.39394,0.26786
42,3.3859,3.35718,0.143306
42,3.27343,3.36014,0.0156994
42,3.38999,3.39644,0.289197
42,3.39281,3.39939,0.291235
42,3.29056,3.36538,0.0269713
42,3.32377,3.31514,-0.146916
42,3.27288,3.37329,0.0127115
42,3.35941,3.31428,-0.136699
42,3.24916,3.38293,0.0138657
42,3.54009,3.43214,0.514311
42,3.23188,3.38969,-0.00949544
42,3.50435,3.28223,-0.171197
42,3.28893,3.38731,-0.000243306
42,3.41873,3.31775,-0.143948
42,3.40256,3.37458,0.0533004
42,3.49082,3.36723,0.113087
42,3.29062,3.39666,0.000212073
42,3.55302,3.28091,-0.175397
42,3.23639,3.40899,-0.0348151
42,3.58787,3.38732,0.268222
42,3.58212,3.38226,0.238855
42,3.59675,3.3799,0.244034
42,3.31968,3.4007,0.0124128
42,3.57327,3.39139,0.252255
42,3.49573,3.37403,0.0947431
42,3.36333,3.39299,0.0228074
42,3.49114,3.48363,0.520722
42,3.36432,3.39545,0.0228721
42,3.40592,3.37899,-0.0014922
42,3.45059,3.38478,0.0645817
42,3.397,3.39525,0.0142267
42,3.38798,3.4034,0.0331249
42,3.3823,3.40027,0.00804001
42,3.49648,3.49881,0.503231
42,3.51488,3.38053,0.0434888
42,3.5738,3.37363,0.020514
42,3.52488,3.38884,0.0128742
42,3.57653,3.38228,0.0127544
42,3.57593,3.37814,-0.00512457
42,3.57542,3.37584,-0.0302652
42,3.53492,3.39313,-0.00572026
42,3.45011,3.44694,0.102645
42,3.48458,3.42334,0.0351139
42,3.4716,3.42855,0.0367951
42,3.57958,3.38686,-0.0229293
42,3.5818,3.38089,-0.0458788
42,3.52557,3.4186,0.011498
42,3.42058,3.43441,-0.0550104
42,3.49483,3.55906,0.51066
42,3.48821,3.44305,0.0169947
42,3.55688,3.38075,-0.167664
42,3.58548,3.39966,-0.0614618
42,3.58517,3.3976,-0.0716661
42,3.53536,3.50093,0.274747
42,3.58557,3.4032,-0.0851114
42,3.46278,3.45743,-0.0196236
42,3.49899,3.69636,0.491856
42,3.52333,3.70807,0.520074
42,4.90481,3.29862,0.396866
42,3.51227,3.87992,0.446303
42,3.53454,3.90414,0.495423
42,3.51294,3.89796,0.433263
42,3.53649,3.8327,0.177487
42,3.54181,3.92247,0.154455
42,3.51712,4.09629,0.439614
42,3.51766,4.12011,0.409604
42,3.54596,4.13342,0.457058
42,3.53105,4.28608,0.325231
42,2.22524,4.87945,-1.09359
42,2.67035,4.96953,-1.08596
42,2.56785,5.00732,-1.12124
42,2.59801,5.04485,-1.14651
42,2.84331,4.9978,-1.09348
42,3.04824,4.96488,-1.10787
42,2.82118,5.05169,-1.0575
42,2.86705,5.06798,-1.02548
42,3.09921,5.05225,-1.08088
42,-5.65472,39.7461,-19.0838
42,3.63464,3.19602,0.895581
40,3.63464,3.19602,0.895581
42,3.54314,3.22956,-0.141825
40,3.54314,3.22956,-0.141825
42,2.88938,3.03231,0.582503
40,2.88938,3.03231,0.582503
42,2.76702,4.59795,-0.78764
40,2.76702,4.59795,-0.78764
42,2.98622,3.21762,-0.180845
40,2.98622,3.21762,-0.180845
42,3.36835,3.14667,-0.118896
38,3.36835,3.14667,-0.118896
43,2.95237,2.47514,0.168034
43,3.17017,2.53253,0.159808
43,3.07807,2.58295,0.161547
43,3.08805,2.47794,-0.225079
43,3.11681,2.4908,-0.227819
43,3.15289,2.4896,-0.225632
43,3.27523,2.53777,-0.247103
43,2.89404,3.0949,1.06534
43,3.40609,2.56805,-0.254948
43,2.84055,3.14826,0.69066
43,3.68287,3.0701,1.00904
43,3.68938,3.0823,1.00705
43,3.68959,3.08284,1.00297
43,3.67349,3.08982,0.990095
43,2.84918,3.14278,0.377686
43,3.29144,3.25149,1.10202
43,2.85329,3.14921,0.376398
43,3.29059,3.25589,1.0999
43,2.64931,3.12908,0.0920017
43,2.67896,3.04661,-0.151009
43,3.154,3.30599,1.10984
43,3.36911,3.25833,1.11311
43,2.65389,3.13614,0.0763976
43,3.29299,3.27152,1.07695
43,3.3708,3.27267,1.1137
43,2.6393,3.15362,0.067643
43,3.68897,3.12144,0.871469
43,2.65039,3.16145,0.0614648
43,3.38428,3.29134,1.11285
43,2.68839,3.09578,-0.153644
43,3.13562,3.32596,0.986573
43,3.36565,3.25697,0.954257
43,2.82732,3.17292,0.198949
43,3.37175,3.2625,0.970251
43,3.68887,3.10874,0.742336
43,3.36523,3.27006,0.951391
43,3.46932,3.28947,1.08785
43,2.68455,3.12031,-0.170969
43,3.48554,3.297,1.11465
43,2.78932,3.19059,0.136097
43,3.69198,3.13168,0.749974
43,2.66296,3.18756,0.00516844
43,2.70564,3.12198,-0.174131
43,3.46995,3.30218,1.09187
43,2.68792,3.19602,0.044499
43,3.13062,3.27989,0.707367
43,3.39202,3.21414,0.698071
43,2.72588,3.1315,-0.172441
43,3.49057,3.31884,1.11688
43,3.46826,3.31721,1.09145
43,3.67934,3.09084,0.549827
43,3.49523,3.32951,1.13165
43,3.49462,3.32549,1.11562
43,3.46957,3.30658,1.03194
43,2.71126,3.20686,0.0232711
43,2.85467,3.18835,0.0887073
43,3.69534,3.14203,0.692303
43,3.49152,3.30617,1.02476
43,2.68324,3.2245,0.0331431
43,3.12718,3.28119,0.612377
43,3.39826,3.23537,0.707407
43,3.49303,3.33665,1.11475
43,3.49978,3.3388,1.1222
43,3.4908,3.32208,1.05649
43,3.12582,3.29149,0.612006
43,3.49149,3.33307,1.06129
43,3.69511,3.13016,0.577513
43,3.49561,3.32618,1.02595
43,3.68949,3.06732,0.36525
43,3.38696,3.23458,0.618884
43,2.79905,3.14323,-0.203182
43,2.71505,3.17457,-0.183266
43,2.71422,3.24498,0.0317968
43,3.40566,3.21915,0.568572
43,3.68735,3.07881,0.362407
43,2.67557,3.25669,0.0138811
43,2.81753,3.16155,-0.176731
43,3.51502,3.36581,1.1008
43,2.66554,3.25957,-0.00437289
43,3.49414,3.34984,1.02894
43,3.69628,3.11584,0.450696
43,2.75934,3.18103,-0.180276
43,3.3817,3.23463,0.547161
43,3.52948,3.34733,1.04177
43,2.74909,3.25402,0.0362837
43,3.69827,3.1393,0.516499
43,3.53455,3.35217,1.05188
43,3.33384,3.24999,0.531056
43,2.86197,3.16416,-0.175007
43,3.41063,3.24058,0.561882
43,2.69488,3.25657,-0.0292856
43,3.12098,3.31764,0.545689
43,3.33332,3.24926,0.514492
43,3.33633,3.24973,0.5088
43,2.73469,3.21291,-0.15646
43,3.41042,3.25048,0.559419
43,3.70053,3.14506,0.464902
43,3.69806,3.06196,0.180601
43,2.90954,3.17098,-0.175667
43,2.6889,3.27472,-0.0397125
43,3.52789,3.35783,0.979875
43,3.11836,3.35161,0.590704
43,3.12245,3.32831,0.509714
43,2.83827,3.18496,-0.217318
43,3.11537,3.34332,0.531589
43,3.52585,3.36145,0.957778
43,3.53247,3.36671,0.980335
43,3.52933,3.37274,0.979448
43,3.43592,3.26873,0.557653
43,3.12523,3.33614,0.496159
43,4.25639,3.18094,0.993394
43,3.17096,3.27129,0.305714
43,3.12281,3.34579,0.499954
43,4.26228,3.18565,0.993755
43,3.38144,3.28432,0.495162
43,3.38341,3.29407,0.49361
43,3.39285,3.29339,0.483643
43,3.38849,3.29318,0.471932
43,3.3835,3.29915,0.482712
43,3.00088,3.20186,-0.181801
43,3.71219,3.16884,0.344993
43,3.38797,3.29835,0.46776
43,3.38786,3.2983,0.462743
43,3.04508,3.20442,-0.180053
43,3.04789,3.20386,-0.181148
43,3.69185,3.39596,0.99955
43,3.54884,3.34406,0.699839
43,3.41643,3.26442,0.306331
43,3.11042,3.29792,0.13893
43,2.96394,3.34331,0.125157
43,3.54864,3.32415,0.582233
43,3.39751,3.28474,0.319356
43,3.09016,3.21881,-0.179924
43,3.10846,3.31369,0.131601
43,3.08965,3.22777,-0.182716
43,2.91422,3.28355,-0.169323
43,2.87848,3.35726,0.0233818
43,3.72018,3.2151,0.313868
43,3.14229,3.22467,-0.17952
43,3.10574,3.32001,0.0866192
43,2.87949,3.3662,0.0185686
43,2.96493,3.36468,0.0901874
43,2.95944,3.28682,-0.172438
43,2.90634,3.30383,-0.168989
43,2.97041,3.36602,0.0847244
43,3.66891,3.23299,0.275634
43,2.95911,3.29331,-0.168803
43,2.87702,3.3756,0.0164297
43,3.5583,3.34972,0.534246
43,3.4511,3.27961,0.195091
43,3.13924,3.24766,-0.189197
43,3.06074,3.33644,0.0113311
43,2.97126,3.13294,-0.72933
43,2.99621,3.3824,0.0821599
43,3.53023,3.37218,0.516643
43,2.97354,3.13779,-0.742429
43,3.05233,3.29696,-0.165518
43,4.263,3.14438,0.423652
43,3.10423,3.3633,0.0712886
43,3.18186,3.2619,-0.190389
43,2.99376,3.40002,0.0665807
43,3.45373,3.2869,0.0917843
43,3.09927,3.30637,-0.167367
43,3.36511,3.30347,0.0599198
43,3.22544,3.26611,-0.186616
43,3.13958,3.3895,0.115402
43,3.44516,3.32403,0.168862
43,4.27294,3.1738,0.427157
43,3.38646,3.32176,0.102812
43,3.45079,3.32625,0.171701
43,3.4428,3.32396,0.155768
43,4.2741,3.17442,0.417776
43,3.49371,3.30728,0.142132
43,3.13926,3.3136,-0.16166
43,3.01823,3.1648,-0.756786
43,3.48809,3.31284,0.140609
43,3.01676,3.16718,-0.759008
43,3.13746,3.3199,-0.16609
43,3.37039,3.25551,-0.174662
43,3.53231,3.31475,0.157637
43,3.40608,3.3198,0.0577677
43,3.40147,3.3249,0.0674281
43,3.06075,3.16857,-0.746073
43,3.39093,3.32594,0.0564652
43,3.39139,3.32926,0.0664675
43,3.05723,3.39979,-0.0146384
43,3.1876,3.3181,-0.170385
43,3.41713,3.25378,-0.17227
43,3.50381,3.31613,0.105478
43,3.4895,3.33612,0.151471
43,3.49947,3.3295,0.129993
43,3.67905,3.32535,0.276553
43,3.18958,3.32751,-0.171461
43,3.48403,3.34685,0.143697
43,3.4591,3.3332,0.0727329
43,3.63157,3.21077,-0.168091
43,3.45897,3.33323,0.0629689
43,3.23319,3.32958,-0.162256
43,3.1398,3.43865,0.103548
43,3.68959,3.33101,0.245547
43,3.68134,3.33531,0.242008
43,3.4971,3.34837,0.114604
43,3.15714,3.17467,-0.750631
43,3.5519,3.32148,0.0672582
43,3.69707,3.3415,0.243494
43,3.277,3.33614,-0.162015
43,3.56099,3.33726,0.0654302
43,3.51521,3.35242,0.0623777
43,3.56932,3.33034,0.0376927
43,3.48504,3.36535,0.0527998
43,3.49114,3.3633,0.0470772
43,3.32425,3.34793,-0.161497
43,3.15487,3.20894,-0.765867
43,3.52669,3.35939,0.0362076
43,3.72653,3.06957,-0.766296
43,3.24646,3.20882,-0.753242
43,3.29289,3.20672,-0.740692
43,3.34375,3.21835,-0.752944
43,3.3824,3.22364,-0.753957
43,3.38086,3.24018,-0.753325
43,3.51617,3.22484,-0.723683
43,3.47862,3.23919,-0.7424
43,3.4785,3.23873,-0.749997
43,3.56821,3.24623,-0.745451
43,3.60963,3.24629,-0.724591
43,4.87598,3.26369,0.403721
43,3.12097,3.82152,-0.0850038
43,2.2454,4.9934,-1.01825
43,2.70358,5.04951,-1.09219
43,2.70504,5.08797,-1.12356
43,3.00903,4.91026,-2.07729
43,3.49541,4.9259,-2.01793
43,3.33905,4.95857,-2.07493
43,3.41651,4.9496,-2.05759
43,3.40888,3.21431,0.146715
42,3.40888,3.21431,0.146715
43,3.57071,3.3952,0.0168383
42,3.57071,3.3952,0.0168383
43,3.54955,3.35429,0.557053
42,3.54955,3.35429,0.557053
43,3.43539,2.93276,0.604902
42,3.43539,2.93276,0.604902
43,3.51786,3.31584,0.327943
42,3.51786,3.31584,0.327943
43,3.53058,3.29368,1.08566
42,3.53058,3.29368,1.08566
43,3.67996,3.10781,0.725396
42,3.67996,3.10781,0.725396
43,3.43845,3.04314,0.657584
42,3.43845,3.04314,0.657584
43,3.41625,3.1086,0.580605
42,3.41625,3.1086,0.580605
43,3.41543,3.09535,0.576054
42,3.41543,3.09535,0.576054
43,2.99903,3.17048,1.09415
42,2.99903,3.17048,1.09415
43,2.98798,3.18301,0.57935
42,2.98798,3.18301,0.57935
43,3.48097,3.17615,1.02208
42,3.48097,3.17615,1.02208
43,3.46045,3.23792,1.02099
42,3.46045,3.23792,1.02099
43,2.82771,3.1064,-0.149007
42,2.82771,3.1064,-0.149007
43,3.57071,3.34402,-0.0150333
42,3.57071,3.34402,-0.0150333
43,3.46548,3.21981,0.113477
42,3.46548,3.21981,0.113477
43,2.78615,3.1714,0.140583
42,2.78615,3.1714,0.140583
43,2.67652,3.18791,0.0194468
42,2.67652,3.18791,0.0194468
43,3.66858,3.26542,0.258244
42,3.66858,3.26542,0.258244
43,2.98143,3.19974,0.644746
42,2.98143,3.19974,0.644746
43,2.98088,3.21349,0.654303
42,2.98088,3.21349,0.654303
43,2.813,3.07962,0.180253
42,2.813,3.07962,0.180253
43,2.83902,3.40697,0.0138693
41,2.83902,3.40697,0.0138693
43,3.36877,3.28399,-0.129717
41,3.36877,3.28399,-0.129717
43,3.36473,3.24176,-0.159699
41,3.36473,3.24176,-0.159699
43,3.67367,3.28399,1.00991
41,3.67367,3.28399,1.00991
43,3.05441,3.06609,-0.106713
38,3.05441,3.06609,-0.106713
43,3.14271,3.16246,-0.134377
38,3.14271,3.16246,-0.134377
43,2.85785,3.19775,-0.18681
38,2.85785,3.19775,-0.18681
43,3.08669,3.27211,-0.0244114
40,3.08669,3.27211,-0.0244114
43,2.89522,3.27907,0.0831227
40,2.89522,3.27907,0.0831227
43,2.90739,3.23812,0.103721
40,2.90739,3.23812,0.103721
43,3.67739,2.99452,0.220437
40,3.67739,2.99452,0.220437
43,3.55594,3.15896,-0.669328
37,3.55594,3.15896,-0.669328
44,3.10574,2.47741,0.16393
44,3.05091,2.4463,-0.227064
44,3.39209,2.53355,0.160803
44,3.14825,2.48481,-0.236927
44,3.18063,2.48342,-0.236833
44,3.1752,2.49293,-0.231978
44,2.60925,3.05364,1.08562
44,3.20872,2.49098,-0.227256
44,3.21018,2.49839,-0.235418
44,3.2733,2.50362,-0.234353
44,2.87885,3.07121,1.11442
44,2.88938,3.07908,1.08113
44,2.88011,3.09087,1.11062
44,2.87757,3.13589,1.24205
44,2.87819,3.10507,1.10693
44,2.87246,3.12351,1.05029
44,2.85701,3.12811,0.902196
44,2.85975,3.11704,0.846818
44,2.8518,3.1488,0.904439
44,2.84902,3.15467,0.899011
44,2.8488,3.14567,0.851373
44,2.8461,3.15083,0.845775
44,2.84521,3.12026,0.700757
44,2.84405,3.12673,0.694792
44,2.84109,3.12926,0.698513
44,2.84339,3.13389,0.698124
44,3.68074,3.08738,1.30856
44,3.00071,3.22373,1.11146
44,3.68216,3.09839,1.31037
44,3.68182,3.09957,1.2904
44,3.6972,3.07519,1.00408
44,2.65322,3.09957,0.0809888
44,2.65443,3.10984,0.0722222
44,2.65872,3.11611,0.0621756
44,2.81486,3.18356,0.42016
44,3.72371,3.10957,0.988713
44,2.6751,3.06306,-0.150448
44,2.67413,3.09626,-0.0900363
44,3.69563,3.15054,1.02215
44,3.67806,3.13196,0.898224
44,3.6749,3.146,0.905578
44,3.6801,3.14801,0.901227
44,3.68714,3.13635,0.859412
44,3.54728,3.28864,1.22945
44,3.54732,3.28904,1.23058
44,3.4705,3.27359,1.09635
44,2.68065,3.11513,-0.164454
44,2.95242,3.29382,0.645206
44,3.51947,3.28839,1.12958
44,3.49298,3.29039,1.10786
44,2.68239,3.13165,-0.174527
44,3.52743,3.27915,1.08942
44,3.49353,3.27849,1.05492
44,3.54703,3.31491,1.2251
44,3.49343,3.27694,1.04676
44,2.70028,3.13418,-0.175731
44,3.50932,3.3105,1.15883
44,3.65821,3.22228,1.00611
44,2.94894,3.29347,0.571717
44,3.53852,3.32178,1.21139
44,3.47233,3.29639,1.06056
44,3.491,3.28429,1.03112
44,2.65748,3.2203,0.0361366
44,3.47727,3.29404,1.04196
44,3.4739,3.30172,1.06017
44,3.52112,3.28915,1.05717
44,3.68754,3.0607,0.454768
44,2.72582,3.1408,-0.177515
44,2.74768,3.13409,-0.17965
44,3.52148,3.29025,1.04909
44,3.5277,3.30453,1.09284
44,2.73002,3.14427,-0.18332
44,3.68122,3.07394,0.469604
44,3.5142,3.3109,1.08758
44,2.74632,3.14587,-0.175931
44,2.69736,3.15875,-0.181535
44,3.69853,3.05279,0.401116
44,3.54664,3.30703,1.09235
44,3.53276,3.31113,1.09167
44,3.41783,3.20027,0.616081
44,2.76502,3.20469,0.021048
44,3.5269,3.32247,1.11236
44,3.52598,3.32458,1.1147
44,3.69265,3.07919,0.446593
44,3.68601,3.05901,0.36876
44,2.72304,3.16353,-0.186066
44,3.45461,3.1914,0.580314
44,3.70655,3.0678,0.399522
44,3.69639,3.0856,0.445187
44,3.51452,3.33376,1.09178
44,3.69385,3.09185,0.452521
44,3.38195,3.20999,0.551513
44,2.69299,3.19426,-0.147565
44,3.69004,3.07099,0.367774
44,2.81935,3.15468,-0.178853
44,3.68652,3.07685,0.366363
44,2.71862,3.24179,0.00882304
44,2.71835,3.24281,0.0071252
44,3.41991,3.21243,0.551438
44,2.71001,3.25561,0.0116702
44,2.66698,3.26962,0.00846475
44,3.70236,3.09014,0.369158
44,3.42163,3.22675,0.557666
44,2.66588,3.27217,-0.000374913
44,2.85963,3.16652,-0.174503
44,3.69607,3.0525,0.189302
44,2.77995,3.2139,-0.150622
44,2.91002,3.17426,-0.175519
44,2.73027,3.23536,-0.163847
44,3.46734,3.25148,0.575736
44,3.46672,3.25232,0.564251
44,2.77669,3.23557,-0.160632
44,2.82734,3.22524,-0.151341
44,2.93016,3.18569,-0.221008
44,3.24556,3.17567,0.0261377
44,4.26851,3.18926,0.997493
44,2.82814,3.24566,-0.16237
44,4.25307,3.19618,0.993397
44,2.94701,3.21626,-0.187552
44,3.71082,3.15928,0.331905
44,3.70945,3.13001,0.202341
44,3.04696,3.20254,-0.175713
44,4.27723,3.21408,0.997878
44,3.04569,3.20648,-0.180989
44,3.53795,3.276,0.506845
44,2.99907,3.222,-0.184297
44,4.27632,3.22393,0.995785
44,3.04555,3.21678,-0.178906
44,3.20338,3.24639,0.0381277
44,3.19555,3.24407,0.0229688
44,3.04305,3.22815,-0.180477
44,2.86336,3.28363,-0.172996
44,3.53801,3.30196,0.497817
44,3.23769,3.25233,0.0507219
44,3.11437,3.21768,-0.180882
44,3.23398,3.25631,0.0411924
44,3.09471,3.22966,-0.181693
44,2.87042,3.36145,0.0415629
44,3.13853,3.22139,-0.173988
44,2.91421,3.28577,-0.173473
44,3.08758,3.23677,-0.177723
44,2.87941,3.12621,-0.747618
44,3.18262,3.22279,-0.170814
44,2.97346,3.11853,-0.717776
44,3.20709,3.21122,-0.195632
44,3.68892,3.25816,0.401377
44,2.95834,3.29258,-0.167042
44,2.92866,3.12878,-0.741746
44,2.9568,3.2935,-0.173037
44,3.48807,3.33843,0.465103
44,3.18685,3.22877,-0.181044
44,3.23253,3.22038,-0.170499
44,3.20539,3.22955,-0.172791
44,3.25826,3.28164,0.0459529
44,3.41228,3.24678,0.0697032
44,3.00311,3.29531,-0.162922
44,3.27761,3.2838,0.0442766
44,2.92633,3.14323,-0.747715
44,2.92426,3.1421,-0.753738
44,3.23396,3.23417,-0.17273
44,3.55861,3.28186,0.280972
44,3.44026,3.31697,0.28574
44,3.69912,3.27737,0.390406
44,3.00817,3.30151,-0.178029
44,3.58511,3.27825,0.276878
44,3.27446,3.29522,0.0416639
44,3.04834,3.29846,-0.158927
44,3.2973,3.28915,0.0414262
44,2.87776,3.40214,0.0125368
44,3.05054,3.29949,-0.168153
44,2.87716,3.40452,0.00467229
44,3.66743,3.26157,0.266575
44,3.27836,3.24028,-0.175183
44,3.36448,3.27882,0.0313042
44,3.27959,3.24219,-0.172548
44,3.0168,3.14929,-0.737845
44,3.05012,3.31207,-0.17385
44,3.14005,3.29625,-0.155615
44,3.32195,3.24172,-0.166925
44,3.32205,3.30631,0.0439169
44,3.09812,3.3074,-0.169064
44,3.66379,3.27273,0.239426
44,3.09822,3.3132,-0.165659
44,3.46351,3.29568,0.0839462
44,3.05974,3.16002,-0.745858
44,4.26221,3.1848,0.437451
44,3.23841,3.29648,-0.15563
44,3.10895,3.15791,-0.738916
44,3.18983,3.31106,-0.164918
44,3.41203,3.24992,-0.163645
44,3.49625,3.31506,0.125388
44,3.06211,3.1734,-0.749174
44,3.41686,3.2529,-0.166548
44,3.32036,3.27573,-0.181548
44,3.10923,3.16913,-0.749302
44,3.52081,3.29682,0.0470181
44,3.46192,3.25408,-0.170214
44,3.46251,3.25882,-0.166256
44,3.49958,3.31937,0.05717
44,3.15647,3.17752,-0.731626
44,3.3693,3.28552,-0.178845
44,3.47049,3.33218,0.0487292
44,2.98282,3.46044,0.0103615
44,3.27887,3.32951,-0.160728
44,3.50864,3.2639,-0.165543
44,3.15866,3.18726,-0.756486
44,3.50965,3.27064,-0.164914
44,2.99364,3.47328,0.0234144
44,3.19633,3.18766,-0.744579
44,2.97694,3.48554,0.0258685
44,3.24489,3.19254,-0.740517
44,3.56151,3.34363,0.0408193
44,2.97331,3.50154,0.00828409
44,2.97347,3.50887,0.0203285
44,2.83969,3.52123,-0.065038
44,2.98028,3.51486,0.032607
44,2.99965,3.50583,0.01298
44,3.29251,3.19825,-0.730932
44,3.72583,3.06693,-0.766196
44,3.73527,3.07443,-0.777167
44,3.29508,3.21183,-0.74672
44,3.38208,3.20332,-0.723415
44,2.99221,3.54769,-0.0013538
44,3.42297,3.20972,-0.721641
44,2.96993,3.58263,0.018686
44,2.46642,5.04847,-1.09277
44,3.147,4.98995,-1.00634
44,3.06427,5.10842,-1.06866
44,2.89626,5.15512,-1.11653
44,2.73844,5.24091,-1.06064
44,2.49704,5.0235,-2.19592
44,2.84338,4.97043,-2.08196
44,2.81958,5.32562,-1.10698
44,2.9029,5.31694,-1.08922
44,3.58467,5.31745,-1.12416
44,-1.20787,23.9665,-9.87425
44,3.41516,3.09591,0.204562
43,3.41516,3.09591,0.204562
44,3.45206,3.29821,0.0884246
43,3.45206,3.29821,0.0884246
44,3.03533,2.57879,0.121867
43,3.03533,2.57879,0.121867
44,3.07688,3.44179,-0.0994554
43,3.07688,3.44179,-0.0994554
44,3.69166,3.17879,0.901039
43,3.69166,3.17879,0.901039
44,3.69599,3.15287,0.544143
43,3.69599,3.15287,0.544143
44,3.44717,3.09995,1.01784
43,3.44717,3.09995,1.01784
44,3.5297,3.33484,0.0359743
43,3.5297,3.33484,0.0359743
44,3.67945,3.08918,0.553693
43,3.67945,3.08918,0.553693
44,3.45784,3.28563,-0.166809
43,3.45784,3.28563,-0.166809
44,3.04214,3.21946,-0.178409
43,3.04214,3.21946,-0.178409
44,3.4251,3.18834,-0.708785
43,3.4251,3.18834,-0.708785
44,2.85051,3.15355,0.849154
43,2.85051,3.15355,0.849154
44,3.54496,3.33286,0.705821
43,3.54496,3.33286,0.705821
44,2.85839,3.13018,0.848153
43,2.85839,3.13018,0.848153
44,3.5686,2.73448,0.988658
43,3.5686,2.73448,0.988658
44,2.83487,3.19473,0.584535
43,2.83487,3.19473,0.584535
44,3.6953,3.12849,0.581363
43,3.6953,3.12849,0.581363
44,3.51872,3.63098,0.404955
43,3.51872,3.63098,0.404955
44,2.86828,3.21986,1.01352
43,2.86828,3.21986,1.01352
44,3.50441,3.31468,0.109255
43,3.50441,3.31468,0.109255
44,2.8619,3.10947,0.904021
43,2.8619,3.10947,0.904021
44,3.55383,2.66217,0.423915
43,3.55383,2.66217,0.423915
44,3.6195,3.07018,0.238662
43,3.6195,3.07018,0.238662
44,2.52804,3.32955,1.10142
43,2.52804,3.32955,1.10142
44,3.45221,3.20324,0.0859392
42,3.45221,3.20324,0.0859392
44,3.52626,3.33917,1.13512
42,3.52626,3.33917,1.13512
44,3.52657,3.19016,1.08187
42,3.52657,3.19016,1.08187
44,2.95357,3.49659,0.295832
42,2.95357,3.49659,0.295832
44,2.88563,3.14149,1.16774
42,2.88563,3.14149,1.16774
44,3.40879,3.31124,0.033147
42,3.40879,3.31124,0.033147
44,3.15942,3.4569,-0.202222
42,3.15942,3.4569,-0.202222
44,3.52615,3.2279,-0.158779
37,3.52615,3.2279,-0.158779
44,2.75243,3.11034,-0.155865
37,2.75243,3.11034,-0.155865
44,3.27017,3.29813,-0.136799
37,3.27017,3.29813,-0.136799
44,3.67945,3.33541,0.218412
37,3.67945,3.33541,0.218412
44,3.09804,3.10064,-0.0719031
38,3.09804,3.10064,-0.0719031
44,2.95836,3.16005,-0.162393
38,2.95836,3.16005,-0.162393
44,2.89967,3.25862,-0.211331
38,2.89967,3.25862,-0.211331
44,3.66757,3.10677,0.279432
38,3.66757,3.10677,0.279432
44,3.67331,3.2046,1.00106
40,3.67331,3.2046,1.00106
44,2.63959,3.18511,-0.225392
32,2.63959,3.18511,-0.225392
44,2.74416,3.08591,-0.730129
30,2.74416,3.08591,-0.730129
45,3.22535,2.0976,0.0292543
45,2.81713,2.44406,0.159495
45,2.90422,2.46026,0.200375
45,3.01201,2.43429,0.178361
45,3.0314,2.43053,0.148392
45,3.03936,2.45092,0.190534
45,3.062,2.43346,0.154201
45,3.07358,2.45547,0.178367
45,3.07629,2.45595,0.179044
45,2.92797,2.40753,-0.226758
45,2.87628,3.02361,1.10348
45,3.24935,2.48139,-0.238504
45,2.90072,3.03414,1.11339
45,2.86319,3.11323,1.24879
45,2.88497,3.06245,1.08333
45,2.87382,3.09278,1.16419
45,2.87131,3.07699,1.11109
45,2.87657,3.0948,1.1618
45,3.34748,2.50302,-0.23882
45,2.87876,3.07178,1.08351
45,2.86985,3.07284,1.05679
45,2.87223,3.09109,1.11138
45,2.87775,3.08486,1.08198
45,2.87352,3.08243,1.03782
45,2.78864,3.11777,1.04948
45,2.86867,3.07753,0.996326
45,2.86851,3.08065,0.998921
45,2.85153,3.06542,0.906353
45,2.93014,3.10151,1.08052
45,2.85055,3.05792,0.860284
45,3.44304,2.54194,-0.234563
45,2.85244,3.08591,0.908425
45,2.86212,3.04334,0.780707
45,2.85173,3.0766,0.865473
45,2.85201,3.10828,0.910162
45,2.85368,3.09392,0.859726
45,2.85017,3.11266,0.905923
45,2.93093,3.16326,1.13301
45,2.86189,3.06628,0.77308
45,2.86226,3.07319,0.789858
45,2.84949,3.09906,0.853822
45,2.85509,3.11516,0.907849
45,2.9932,3.20194,1.23124
45,2.99196,3.17666,1.11186
45,2.8593,3.11438,0.795316
45,2.98203,3.1964,1.11522
45,2.83803,3.10302,0.601814
45,2.9942,3.22595,1.11474
45,2.9951,3.22873,1.11768
45,3.68531,3.09579,1.31957
45,2.84145,3.11134,0.608961
45,2.84068,3.12029,0.6077
45,2.84864,3.09253,0.486396
45,2.97996,3.28142,1.12377
45,2.84877,3.11425,0.4839
45,2.84975,3.1184,0.483128
45,3.68038,3.06469,1.03516
45,2.82154,3.1385,0.478507
45,2.82377,3.13732,0.476422
45,3.71264,3.05283,0.989591
45,2.84619,3.11499,0.406633
45,2.8428,3.0989,0.324051
45,3.69146,3.07843,0.995839
45,3.71248,3.07619,0.997384
45,3.68023,3.08476,0.977314
45,3.44197,3.19084,1.08203
45,2.71967,3.08382,0.060673
45,3.49431,3.20355,1.08731
45,3.66867,3.12071,0.976299
45,2.8161,3.16127,0.318872
45,3.67184,3.12662,0.956593
45,3.67274,3.11064,0.902368
45,2.76873,3.11975,0.123169
45,2.93957,3.44603,1.26673
45,3.50486,3.23818,1.09379
45,3.64661,3.162,0.980485
45,2.78315,3.13425,0.0569637
45,2.9717,3.25721,0.562522
45,2.7814,3.14677,0.0427437
45,3.6884,3.1823,0.954323
45,3.67429,3.20642,1.01196
45,2.76368,3.15567,0.0397604
45,3.47599,3.13293,0.595159
45,3.67606,3.11965,0.72886
45,3.67623,3.122,0.734742
45,3.40523,3.14812,0.571561
45,3.67759,3.12279,0.733714
45,3.69533,3.13532,0.775155
45,3.66181,3.22283,0.985704
45,2.96687,3.28789,0.560018
45,3.66947,3.08575,0.564559
45,3.47386,3.13322,0.532478
45,3.48058,3.14509,0.546391
45,3.65501,3.24917,1.0162
45,2.96107,3.29489,0.536872
45,2.96997,3.29967,0.539574
45,3.22998,3.0776,0.070972
45,2.96476,3.26077,0.389741
45,2.97123,3.27668,0.440586
45,3.69102,3.04849,0.378932
45,2.9645,3.31533,0.54976
45,2.68524,3.18289,-0.13526
45,3.67539,3.09627,0.459697
45,2.96275,3.28104,0.389912
45,3.69636,3.08955,0.450762
45,3.46786,3.19557,0.548035
45,2.96896,3.33699,0.536333
45,3.69166,3.10406,0.461866
45,2.96799,3.30512,0.426134
45,3.6952,3.11608,0.481955
45,3.69519,3.11291,0.471351
45,3.17735,3.12306,0.0345353
45,3.67638,3.11274,0.440874
45,3.3438,3.10205,0.106189
45,3.18965,3.1202,0.0176145
45,3.68942,3.12711,0.475069
45,2.96161,3.29697,0.348574
45,2.80191,3.18963,-0.131084
45,2.68432,3.26826,-0.00333065
45,3.47513,3.21789,0.543464
45,4.61127,3.14502,1.32519
45,3.6873,3.04697,0.199224
45,3.68119,3.13245,0.447746
45,3.69326,3.05289,0.194255
45,2.96715,3.34628,0.440562
45,2.82141,3.2052,-0.140914
45,3.69237,3.06426,0.191937
45,3.54549,3.1507,0.307415
45,3.19373,3.15278,-0.00941855
45,2.90728,3.18585,-0.173183
45,2.95134,3.1798,-0.168773
45,4.91231,3.14421,1.45211
45,4.56099,3.1155,1.05129
45,2.9041,3.19845,-0.17746
45,3.19289,3.16898,-0.0138084
45,4.59008,3.11679,1.06654
45,4.26931,3.18868,0.991562
45,4.9228,3.15233,1.46011
45,3.53424,3.26133,0.555799
45,4.27056,3.19499,1.00418
45,4.60679,3.12264,1.08088
45,3.43905,3.14807,0.103158
45,2.95178,3.36879,0.338652
45,2.94921,3.20581,-0.174209
45,4.27001,3.20774,1.00274
45,4.2595,3.21044,0.993272
45,3.01822,3.1994,-0.165574
45,3.48778,3.27644,0.487335
45,2.88318,3.24534,-0.146865
45,3.20152,3.19199,-0.0289676
45,3.48615,3.29472,0.530949
45,2.91623,3.24633,-0.136058
45,4.28266,3.22431,1.00106
45,2.99487,3.21825,-0.173182
45,2.86347,3.26346,-0.153071
45,2.96049,3.24123,-0.135518
45,3.00101,3.23231,-0.184298
45,3.04654,3.22533,-0.175712
45,2.86423,3.28452,-0.172725
45,3.56626,3.23104,0.27968
45,3.09563,3.22609,-0.17817
45,3.03823,3.24882,-0.180126
45,3.18328,3.21251,-0.16336
45,3.55826,3.24448,0.264266
45,2.90901,3.29146,-0.17023
45,3.13969,3.22662,-0.174101
45,3.13864,3.22797,-0.17343
45,3.04995,3.26973,-0.138607
45,3.65768,3.22902,0.274859
45,2.83132,3.1374,-0.753734
45,3.55536,3.2521,0.238534
45,3.48748,3.25088,0.16758
45,3.08404,3.26199,-0.162204
45,2.82464,3.14633,-0.74916
45,2.95436,3.29943,-0.168117
45,3.13665,3.24593,-0.174001
45,2.83065,3.14711,-0.754284
45,3.65936,3.2539,0.302506
45,3.08441,3.27932,-0.131154
45,2.8717,3.14479,-0.741775
45,3.13372,3.25349,-0.175483
45,3.18152,3.24221,-0.172385
45,3.54458,3.23804,0.13534
45,3.50518,3.23225,0.0781195
45,3.48886,3.25691,0.136877
45,3.54519,3.22982,0.0947164
45,3.00044,3.30346,-0.164193
45,3.00178,3.30669,-0.159665
45,3.22524,3.24222,-0.166967
45,3.52359,3.26609,0.169772
45,3.13058,3.27605,-0.157281
45,3.04704,3.30274,-0.158138
45,3.48531,3.26542,0.0845017
45,3.09396,3.30118,-0.159216
45,3.27477,3.24763,-0.165327
45,2.96962,3.15358,-0.755494
45,3.0146,3.14864,-0.737068
45,3.3633,3.23701,-0.156533
45,3.14141,3.30355,-0.154444
45,4.26441,3.17185,0.439633
45,3.32311,3.24771,-0.167287
45,3.34077,3.24498,-0.163734
45,3.45235,3.22498,-0.14708
45,3.31731,3.26057,-0.160559
45,3.18816,3.30437,-0.15397
45,3.23354,3.29716,-0.146163
45,3.36696,3.2553,-0.160157
45,3.18018,3.31421,-0.151312
45,3.41334,3.24573,-0.154681
45,3.06167,3.15833,-0.739252
45,3.55777,3.28344,0.0595242
45,3.40922,3.2574,-0.1535
45,3.54987,3.28921,0.0666016
45,3.55501,3.29669,0.0726883
45,3.18116,3.33364,-0.150467
45,3.5609,3.29295,0.0614143
45,3.49834,3.2474,-0.143255
45,3.56193,3.29471,0.0482745
45,3.15243,3.1639,-0.723175
45,3.11162,3.18335,-0.752331
45,3.27769,3.33805,-0.1588
45,2.84193,3.51577,-0.0395092
45,3.24648,3.20225,-0.746143
45,3.28946,3.20019,-0.746379
45,3.33183,3.19299,-0.731676
45,3.31783,3.38436,-0.166748
45,3.733,3.09284,-0.781788
45,3.42935,3.21185,-0.728671
45,3.75771,3.13264,-0.779787
45,3.74153,3.13496,-0.794804
45,3.74317,3.13742,-0.809373
45,4.85787,3.2303,0.41825
45,4.88201,3.26291,0.409526
45,2.84798,3.68698,-0.11054
45,2.87034,3.80642,0.0192727
45,2.84316,3.90814,-0.168716
45,2.79287,5.12746,-1.07567
45,2.91535,5.15349,-1.08449
45,2.7158,5.2329,-1.02144
45,2.75167,5.22441,-1.17894
45,2.5767,5.06119,-2.15724
45,2.90266,5.06252,-2.10148
45,2.71725,5.43609,-1.13565
45,3.40003,4.98736,-1.98543
45,3.0509,5.37029,-1.16592
45,4.27148,15.8013,-9.5214
45,3.45872,3.22571,1.06917
44,3.45872,3.22571,1.06917
45,3.46804,3.24539,1.09778
44,3.46804,3.24539,1.09778
45,2.83707,3.21398,0.387615
44,2.83707,3.21398,0.387615
45,2.98699,3.62865,1.27882
44,2.98699,3.62865,1.27882
45,2.84475,3.15181,0.403132
44,2.84475,3.15181,0.403132
45,3.52905,3.27326,0.510297
44,3.52905,3.27326,0.510297
45,2.90662,3.23962,0.50643
44,2.90662,3.23962,0.50643
45,2.99472,3.25368,1.12387
44,2.99472,3.25368,1.12387
45,2.98604,3.59464,1.26555
44,2.98604,3.59464,1.26555
45,2.86898,3.40643,0.065199
44,2.86898,3.40643,0.065199
45,2.85663,3.52499,0.0251614
44,2.85663,3.52499,0.0251614
45,2.78735,3.28728,0.00365127
43,2.78735,3.28728,0.00365127
45,2.80084,3.21155,0.0416859
43,2.80084,3.21155,0.0416859
45,4.69432,3.23639,1.20872
43,4.69432,3.23639,1.20872
45,3.04201,4.05571,-0.476589
42,3.04201,4.05571,-0.476589
45,2.80626,3.17588,0.240434
40,2.80626,3.17588,0.240434
45,2.934,3.65889,-0.383795
40,2.934,3.65889,-0.383795
45,3.63462,3.16361,0.952531
40,3.63462,3.16361,0.952531
45,2.84571,3.09011,0.394235
40,2.84571,3.09011,0.394235
45,3.20066,3.23798,-0.171011
38,3.20066,3.23798,-0.171011
45,3.01599,3.12355,-0.703152
35,3.01599,3.12355,-0.703152
45,2.65164,3.24255,-0.213169
30,2.65164,3.24255,-0.213169
45,2.63795,3.30116,-0.232514
30,2.63795,3.30116,-0.232514
45,2.64738,3.25745,-0.193477
30,2.64738,3.25745,-0.193477
46,3.07286,1.69577,0.553501
46,3.11426,1.77501,0.472954
46,2.7784,2.11019,1.0999
46,2.78419,2.1069,1.09158
46,2.86707,1.96419,0.365636
46,2.86535,1.971,0.363373
46,2.87666,1.9729,0.365095
46,2.87729,1.972,0.362403
46,2.86515,1.97669,0.365404
46,2.86881,1.99483,0.380311
46,2.85124,2.00151,0.349308
46,2.85053,2.01186,0.345411
46,2.85753,2.02287,0.367005
46,2.84997,2.0222,0.345491
46,2.85663,2.02755,0.364346
46,2.85406,2.03452,0.363654
46,2.84498,2.0388,0.348193
46,2.83313,2.07323,0.330384
46,2.83948,2.07722,0.33588
46,2.8378,2.08056,0.334473
46,2.83174,2.08321,0.329433
46,2.82875,2.08457,0.328125
46,2.82242,2.11552,0.365355
46,3.13166,2.02774,0.360757
46,2.83299,2.14375,0.360767
46,2.8271,2.16195,0.404363
46,2.81688,2.16539,0.401298
46,2.81807,2.16527,0.399933
46,2.96706,2.33493,0.242012
46,2.87415,2.35222,0.193419
46,3.05203,2.34131,0.257918
46,3.26491,2.33659,0.347194
46,2.84505,2.43504,0.187417
46,3.17194,2.43043,0.186554
46,3.09696,2.43918,0.140213
46,3.09966,2.48609,0.26498
46,3.2132,2.42823,0.192477
46,2.98815,2.48119,0.148342
46,3.2216,2.44246,0.181748
46,3.02948,2.41602,-0.233004
46,3.06026,2.4209,-0.230286
46,3.08422,2.57045,0.16227
46,3.18515,2.42119,-0.211993
46,3.41351,2.49863,-0.226269
46,4.3295,2.77017,1.03785
46,4.35946,2.78118,1.06306
46,3.44254,2.79236,0.218578
46,3.44803,2.82518,0.245433
46,3.63485,3.0554,1.04253
46,3.69376,3.02465,0.995164
46,3.67603,3.03429,0.995298
46,3.61307,2.89812,0.544623
46,3.6846,3.04726,0.993044
46,3.67709,3.07538,1.06339
46,3.68707,3.06031,1.01054
46,4.46537,2.93752,1.29498
46,3.49115,2.89752,0.380081
46,3.71766,3.05836,0.986041
46,3.62401,2.93164,0.52931
46,3.5643,2.92454,0.451625
46,4.48111,2.93538,1.21478
46,3.7232,3.07354,0.980517
46,3.65565,3.107,1.00058
46,3.6735,3.09539,0.959038
46,3.66785,3.09634,0.952721
46,3.56458,2.93425,0.380551
46,2.86774,2.98749,-0.0882493
46,3.67458,2.85701,0.184501
46,3.6254,2.97715,0.473387
46,3.70329,2.97164,0.507727
46,3.65937,2.9484,0.402845
46,3.70823,2.97737,0.474593
46,3.63286,3.00221,0.468239
46,3.66049,3.00082,0.478458
46,4.53527,3.0112,1.22059
46,3.66987,2.99911,0.475898
46,3.64732,2.93555,0.268296
46,3.61627,3.00962,0.447823
46,3.66402,3.00613,0.474306
46,3.61679,3.01321,0.453582
46,3.58138,2.99501,0.365313
46,3.6704,3.01981,0.465241
46,3.66201,3.03455,0.499803
46,3.15883,2.99341,-0.059275
46,3.67026,3.04523,0.487386
46,3.24187,2.98479,-0.0515304
46,3.67169,3.04066,0.455335
46,3.68773,3.02503,0.414752
46,3.65576,3.05664,0.455593
46,3.68145,3.02797,0.380411
46,3.62883,3.06688,0.443313
46,3.28356,3.00278,-0.0535789
46,3.40197,2.97605,-0.0392243
46,3.32385,3.00681,-0.0495197
46,3.41916,2.98641,-0.0355573
46,3.38075,2.99684,-0.0386357
46,3.69594,3.06395,0.398181
46,3.34285,3.00826,-0.0507945
46,3.2864,3.02365,-0.0553412
46,3.48356,2.99006,-0.0358783
46,3.69327,3.07523,0.370857
46,3.21404,3.05904,-0.0852737
46,3.14471,3.08437,-0.102427
46,3.32452,3.06052,-0.0356324
46,2.97774,3.1267,-0.146913
46,3.69121,3.04742,0.210827
46,3.01981,3.12211,-0.131789
46,4.60767,3.11292,1.10829
46,3.68688,3.17012,0.439573
46,3.69804,3.06354,0.14435
46,4.62697,2.92999,0.477305
46,3.366,3.09254,-0.0947222
46,3.48689,3.06848,-0.0737513
46,3.54068,3.05787,-0.0636212
46,3.70517,3.08185,0.136954
46,3.11246,3.15428,-0.14207
46,2.97327,3.18683,-0.167544
46,3.40871,3.09778,-0.0909279
46,3.44923,3.08855,-0.0884302
46,3.40937,3.0994,-0.0991814
46,3.01249,3.04352,-0.663936
46,3.05596,3.04282,-0.66101
46,3.22353,3.19449,-0.106244
46,3.10204,3.04291,-0.647816
46,4.67645,2.98908,0.467595
46,2.87,3.29585,-0.179166
46,3.06128,3.07464,-0.675351
46,3.29117,3.19951,-0.145383
46,3.04922,3.28628,-0.132187
46,4.72213,3.03816,0.451224
46,3.00958,3.33787,-0.186543
46,2.87788,3.35764,-0.254993
46,3.14568,3.30338,-0.19742
46,2.90672,3.36262,-0.252635
46,3.2304,3.31199,-0.148617
46,2.9603,3.37466,-0.192441
46,4.36399,3.39369,1.00469
46,3.74904,3.57532,0.988113
46,2.9603,3.39,-0.206992
46,3.07109,3.36691,-0.183332
46,4.5792,2.83565,-0.459907
46,4.58318,2.84568,-0.448532
46,3.48959,3.09478,-0.638334
46,3.05375,3.36953,-0.232407
46,3.0017,3.38081,-0.245104
46,3.40785,3.11912,-0.659386
46,2.95683,3.41226,-0.214992
46,3.24188,3.15354,-0.718262
46,3.05537,3.40817,-0.201733
46,3.19407,3.37948,-0.17532
46,4.39616,3.47828,1.00988
46,3.11111,3.42867,-0.262139
46,3.09414,3.46651,-0.20805
46,3.15511,3.45148,-0.214931
46,4.35649,3.32349,0.400697
46,4.3509,3.33024,0.413028
46,3.20014,3.44432,-0.205074
46,4.36288,3.3312,0.393901
46,4.3517,3.34164,0.399833
46,3.03621,3.49616,-0.246448
46,4.36849,3.34351,0.388683
46,3.15647,3.46261,-0.270255
46,3.76569,3.16989,-0.842184
46,3.76754,3.18549,-0.846788
46,3.74522,3.21682,-0.869783
46,3.80842,3.28189,-0.887113
46,5.44056,3.82392,1.09842
46,5.46979,3.91801,1.15435
46,3.22371,4.80861,-0.870581
46,2.76292,4.95447,-0.975208
46,2.92291,5.01623,-0.988932
46,3.23626,5.14642,-0.996276
46,2.92515,5.34946,-1.04285
46,3.4814,5.20862,-1.0091
46,3.13412,5.38045,-1.03479
46,2.88416,5.50009,-1.08846
46,2.99606,5.12424,-2.09227
46,2.88331,5.54851,-1.12334
46,2.46096,17.7709,-10.7851
46,3.14219,3.30874,-0.156284
45,3.14219,3.30874,-0.156284
46,3.00499,3.39523,-0.202688
45,3.00499,3.39523,-0.202688
46,3.14219,3.30874,-0.156284
45,3.14219,3.30874,-0.156284
46,2.87463,3.30166,0.0294225
45,2.87463,3.30166,0.0294225
46,3.20082,3.23336,-0.170469
45,3.20082,3.23336,-0.170469
46,3.00256,3.3119,-0.161521
45,3.00256,3.3119,-0.161521
46,3.01543,3.15381,-0.738916
45,3.01543,3.15381,-0.738916
46,3.05072,3.27492,-0.140455
45,3.05072,3.27492,-0.140455
46,3.20082,3.23336,-0.170469
45,3.20082,3.23336,-0.170469
46,2.92597,3.13001,-0.72944
45,2.92597,3.13001,-0.72944
46,2.94962,3.23252,-0.180288
45,2.94962,3.23252,-0.180288
46,2.98042,2.45991,0.166299
45,2.98042,2.45991,0.166299
46,3.22598,3.09982,0.0560728
45,3.22598,3.09982,0.0560728
46,3.22598,3.09982,0.0560728
45,3.22598,3.09982,0.0560728
46,3.14668,3.66616,-0.317122
44,3.14668,3.66616,-0.317122
46,2.82118,3.12654,-0.157229
44,2.82118,3.12654,-0.157229
46,2.95563,3.16987,-0.163076
44,2.95563,3.16987,-0.163076
46,3.14635,3.63952,-0.304781
44,3.14635,3.63952,-0.304781
46,3.06592,2.83914,0.0467088
44,3.06592,2.83914,0.0467088
46,3.69572,3.37702,0.989442
44,3.69572,3.37702,0.989442
46,3.31034,3.16632,-0.125446
44,3.31034,3.16632,-0.125446
46,2.88157,3.41444,-0.279219
44,2.88157,3.41444,-0.279219
46,3.41256,3.13251,-0.662233
44,3.41256,3.13251,-0.662233
46,2.91024,3.14419,-0.157096
44,2.91024,3.14419,-0.157096
46,3.02341,3.10252,-0.0788796
43,3.02341,3.10252,-0.0788796
46,2.93985,3.89047,-0.435517
43,2.93985,3.89047,-0.435517
46,3.11985,3.73049,-0.342097
43,3.11985,3.73049,-0.342097
46,3.64841,3.23686,0.315422
43,3.64841,3.23686,0.315422
46,4.85282,3.11636,1.25152
42,4.85282,3.11636,1.25152
46,3.11015,3.4182,-0.264183
42,3.11015,3.4182,-0.264183
46,3.41552,3.11883,-0.0483583
42,3.41552,3.11883,-0.0483583
46,3.68639,3.15967,0.727474
42,3.68639,3.15967,0.727474
46,2.95113,3.39816,-0.255648
42,2.95113,3.39816,-0.255648
46,3.45828,3.33618,-0.137941
38,3.45828,3.33618,-0.137941
46,3.4546,3.38403,-0.14682
38,3.4546,3.38403,-0.14682
46,3.50265,3.39679,-0.150102
38,3.50265,3.39679,-0.150102
46,3.46714,3.16543,-0.064874
38,3.46714,3.16543,-0.064874
46,3.12748,2.60492,0.103763
38,3.12748,2.60492,0.103763
46,2.91551,3.33497,-0.187915
38,2.91551,3.33497,-0.187915
46,3.38829,3.26056,-0.163391
38,3.38829,3.26056,-0.163391
46,2.81678,3.15295,0.322308
38,2.81678,3.15295,0.322308
46,2.90341,3.6613,-0.314364
38,2.90341,3.6613,-0.314364
46,3.08779,3.19362,-0.150558
38,3.08779,3.19362,-0.150558
46,3.3816,3.33632,-0.196238
38,3.3816,3.33632,-0.196238
46,3.49165,3.43065,-0.223449
38,3.49165,3.43065,-0.223449
46,2.96027,3.6768,-0.31261
38,2.96027,3.6768,-0.31261
46,3.42339,3.31607,-0.184878
38,3.42339,3.31607,-0.184878
46,2.87355,3.31176,0.0106312
40,2.87355,3.31176,0.0106312
46,3.11329,2.89707,-0.0199645
40,3.11329,2.89707,-0.0199645
46,3.24953,7.17135,-1.49729
40,3.24953,7.17135,-1.49729
46,3.52311,3.32514,-0.18621
40,3.52311,3.32514,-0.18621
46,3.41059,3.21897,-0.151168
40,3.41059,3.21897,-0.151168
46,3.59053,3.27826,0.284307
40,3.59053,3.27826,0.284307
46,3.50007,3.44235,-0.24189
40,3.50007,3.44235,-0.24189
46,3.24544,3.34127,-0.0266269
40,3.24544,3.34127,-0.0266269
46,2.8143,5.19829,-1.00585
40,2.8143,5.19829,-1.00585
46,3.23945,3.14126,-0.119218
40,3.23945,3.14126,-0.119218
46,3.24318,3.35911,-0.0326576
40,3.24318,3.35911,-0.0326576
46,3.2012,5.26494,-0.806932
35,3.2012,5.26494,-0.806932
46,3.084,3.36548,-0.24072
35,3.084,3.36548,-0.24072
46,3.06116,3.15387,-0.722138
35,3.06116,3.15387,-0.722138
46,2.97297,3.12948,-0.719803
35,2.97297,3.12948,-0.719803
46,2.92149,3.32504,-0.84378
35,2.92149,3.32504,-0.84378
46,3.76785,3.03926,-0.757204
35,3.76785,3.03926,-0.757204
46,4.70123,2.87299,0.424545
31,4.70123,2.87299,0.424545
46,2.97993,3.17699,-0.200475
30,2.97993,3.17699,-0.200475
47,2.95968,1.72066,0.442904
47,2.76686,2.10754,1.10652
47,2.77927,2.10046,1.09112
47,2.77309,2.10593,1.10057
47,2.773,2.10931,1.10152
47,2.77618,2.10967,1.09053
47,2.8235,2.07025,0.31024
47,2.83412,2.07566,0.322822
47,2.85363,2.38523,0.165638
47,2.85387,2.3906,0.167849
47,2.84121,2.39231,0.138618
47,2.91961,2.39446,0.156998
47,2.9813,2.44679,0.161339
47,2.98289,2.44581,0.158801
47,3.00279,2.43152,0.135005
47,3.13386,2.46097,0.120909
47,2.86628,2.3937,-0.250247
47,3.166,2.46425,0.117277
47,2.98577,2.53009,0.157624
47,3.12712,2.45034,-0.241856
47,3.12703,2.44955,-0.249303
47,3.25635,2.46005,-0.241413
47,2.51886,3.29156,1.2236
47,2.47145,3.44303,1.23673
47,4.99095,2.40851,0.140702
47,3.69063,3.10572,1.03169
47,3.72266,3.08687,0.991113
47,3.67498,3.11441,1.00819
47,3.70006,3.10499,0.997033
47,3.67006,3.11891,1.00194
47,3.67784,3.13285,1.01578
47,5.07706,2.10544,-0.726484
47,5.00168,2.47573,-0.132741
47,3.6961,3.07276,0.404006
47,3.70449,3.07197,0.402881
47,3.69881,3.07492,0.375127
47,3.68061,3.32635,0.983815
47,4.8553,3.10545,1.21736
47,4.85157,3.11665,1.23083
47,4.86853,3.12142,1.22527
47,4.86821,3.14309,1.25777
47,4.26959,3.21078,1.00378
47,4.86701,3.0836,1.06056
47,4.87085,3.09012,1.05693
47,4.29044,3.23307,1.00159
47,3.63729,3.2302,0.528586
47,4.89348,3.1052,1.05287
47,4.92409,2.71651,0.0571635
47,4.68696,3.23605,1.2178
47,3.70644,3.22632,0.486093
47,3.65361,3.21721,0.371568
47,2.93641,3.18775,-0.218509
47,3.02888,3.19099,-0.198388
47,3.72958,3.20792,0.335304
47,4.21647,3.14744,0.475798
47,3.7321,3.17727,0.206973
47,3.19299,3.23514,-0.0382819
47,3.68116,3.27385,0.397927
47,3.67103,3.28092,0.377108
47,3.67613,3.33431,0.507087
47,2.953,3.26436,-0.196464
47,2.97919,3.25807,-0.195545
47,3.00541,3.25231,-0.19485
47,3.67154,3.29448,0.379316
47,4.25564,3.16736,0.449468
47,3.18794,3.26464,-0.0456364
47,4.69752,3.29277,1.06963
47,4.70146,3.29301,1.07149
47,3.68642,3.34912,0.502884
47,3.02421,3.26382,-0.191178
47,3.0507,3.25953,-0.191121
47,3.16282,3.23862,-0.17495
47,3.69949,3.33875,0.452256
47,4.6832,3.31212,1.05232
47,3.06976,3.27048,-0.187127
47,4.27331,3.18535,0.427873
47,4.25924,3.18762,0.420128
47,3.09671,3.269,-0.188269
47,4.26615,3.18969,0.421482
47,4.26287,3.20262,0.450156
47,4.27367,3.1947,0.429601
47,3.23218,3.24547,-0.174054
47,3.21231,3.23264,-0.230224
47,3.14368,3.26865,-0.186227
47,3.18844,3.26058,-0.177502
47,3.11623,3.28119,-0.18471
47,2.90842,3.34779,-0.187331
47,3.16346,3.28441,-0.178841
47,3.1893,3.27859,-0.178366
47,2.90975,3.35272,-0.190825
47,3.23462,3.27225,-0.178637
47,3.67752,3.32288,0.252136
47,2.96096,3.34719,-0.19042
47,2.98383,3.34627,-0.183154
47,3.25526,3.28589,-0.175527
47,3.28274,3.28227,-0.175774
47,3.0298,3.34911,-0.178828
47,2.87527,3.17144,-0.757902
47,3.30142,3.28172,-0.176721
47,3.00493,3.35895,-0.185461
47,3.30074,3.28687,-0.178781
47,3.36891,3.27304,-0.169015
47,3.07597,3.34979,-0.173576
47,3.04591,3.35766,-0.174904
47,3.56738,3.29704,0.0271189
47,3.07493,3.35365,-0.180659
47,3.34833,3.28923,-0.1743
47,3.36855,3.28739,-0.17312
47,3.41613,3.27855,-0.164341
47,3.09275,3.3633,-0.171615
47,3.58016,3.25188,-0.131336
47,3.46203,3.27605,-0.159107
47,3.41589,3.28631,-0.165473
47,3.32455,3.30632,-0.178058
47,3.39627,3.29135,-0.169675
47,3.45775,3.28069,-0.160703
47,3.17015,3.35902,-0.174586
47,3.23199,3.35085,-0.158135
47,3.14062,3.37389,-0.170264
47,3.18665,3.36516,-0.169554
47,3.18817,3.37719,-0.17583
47,3.16069,3.22517,-0.76142
47,3.1581,3.2203,-0.777055
47,3.15853,3.22346,-0.771314
47,3.24682,3.22647,-0.760312
47,3.70473,3.10316,-0.799638
47,3.33673,3.23188,-0.750677
47,3.75201,3.11924,-0.766436
47,3.74302,3.1281,-0.805018
47,3.38766,3.24375,-0.756045
47,4.90357,3.29909,0.410666
47,3.55951,3.22883,-0.718846
47,3.60011,3.22162,-0.711097
47,3.5195,3.23829,-0.728016
47,3.72616,3.14231,-0.834371
47,3.73006,3.15269,-0.84633
47,3.80948,3.14582,-0.823693
47,4.92794,3.33761,0.39882
47,4.9378,3.35043,0.391664
47,4.9429,3.35049,0.394766
47,4.96807,3.35069,0.368943
47,4.96018,3.37351,0.383383
47,4.96427,3.3777,0.378249
47,4.89887,3.24495,-0.714991
47,4.88493,3.25542,-0.719382
47,4.89795,3.2601,-0.734066
47,4.90483,3.27961,-0.746058
47,4.91721,3.27894,-0.746921
47,3.09145,5.19101,-1.08774
47,2.92627,5.22647,-1.12955
47,2.92526,5.26892,-1.08645
47,3.04666,5.34354,-1.103
47,3.2245,5.06541,-1.95561
47,3.60659,5.02307,-1.90851
47,3.52902,5.03991,-1.9284
47,3.02847,3.32922,-0.227405
46,3.02847,3.32922,-0.227405
47,3.27633,3.10152,-0.666418
46,3.27633,3.10152,-0.666418
47,3.31602,3.10447,-0.653187
46,3.31602,3.10447,-0.653187
47,2.97029,3.20245,-0.773995
46,2.97029,3.20245,-0.773995
47,3.6296,3.05493,1.00894
46,3.6296,3.05493,1.00894
47,3.65629,3.04218,0.963216
46,3.65629,3.04218,0.963216
47,3.59465,3.02627,0.326939
46,3.59465,3.02627,0.326939
47,3.59637,3.04972,0.559684
46,3.59637,3.04972,0.559684
47,2.81775,2.15125,0.406082
46,2.81775,2.15125,0.406082
47,2.82642,2.04012,0.451289
46,2.82642,2.04012,0.451289
47,2.84845,2.12852,0.410539
46,2.84845,2.12852,0.410539
47,3.59023,2.93049,0.471741
46,3.59023,2.93049,0.471741
47,3.66717,3.09312,0.953536
46,3.66717,3.09312,0.953536
47,2.81775,2.15125,0.406082
46,2.81775,2.15125,0.406082
47,3.61183,3.1095,0.548023
46,3.61183,3.1095,0.548023
47,3.35973,3.22204,-0.147321
45,3.35973,3.22204,-0.147321
47,3.13283,3.08313,-0.0606006
45,3.13283,3.08313,-0.0606006
47,3.69233,3.04571,0.191799
45,3.69233,3.04571,0.191799
47,3.66414,3.28061,0.51699
45,3.66414,3.28061,0.51699
47,3.02936,2.76585,-0.0131503
45,3.02936,2.76585,-0.0131503
47,3.75401,3.34975,0.757277
45,3.75401,3.34975,0.757277
47,3.7483,3.31501,0.449665
45,3.7483,3.31501,0.449665
47,3.68959,3.25816,0.906003
45,3.68959,3.25816,0.906003
47,2.95835,2.6417,0.0809703
44,2.95835,2.6417,0.0809703
47,3.66988,3.12701,0.558092
44,3.66988,3.12701,0.558092
47,3.5606,3.27294,0.0140711
43,3.5606,3.27294,0.0140711
47,3.07256,3.00866,-0.0792684
38,3.07256,3.00866,-0.0792684
47,3.33363,3.2969,-0.181923
38,3.33363,3.2969,-0.181923
47,4.97646,2.574,0.0161169
38,4.97646,2.574,0.0161169
47,3.20844,3.36511,-0.0892809
38,3.20844,3.36511,-0.0892809
47,3.46523,3.357,-0.0280627
38,3.46523,3.357,-0.0280627
47,4.89974,3.14119,1.05913
35,4.89974,3.14119,1.05913
47,3.69863,3.07663,0.181767
42,3.69863,3.07663,0.181767
47,3.68948,3.17715,0.774117
42,3.68948,3.17715,0.774117
47,4.94154,3.23775,1.10172
32,4.94154,3.23775,1.10172
48,2.91266,1.9607,0.329375
48,2.83048,2.17649,0.270283
48,2.93451,2.37935,0.147409
48,3.2009,2.4463,0.137643
48,3.23785,2.47694,0.138655
48,3.65322,3.08377,1.01978
48,3.66282,3.08592,1.01456
48,3.64794,3.09079,1.0124
48,3.71506,3.08859,0.994465
48,3.65967,3.10857,1.00959
48,3.68953,3.045,0.404212
48,3.68129,3.04536,0.395675
48,3.68314,3.05933,0.389182
48,5.00769,2.29165,-0.760953
48,4.86961,3.08757,1.05965
48,3.67838,3.07067,0.376268
48,3.05188,3.07983,0.0337796
48,4.98972,2.31306,-0.774931
48,3.66667,3.12664,0.451277
48,4.28214,3.22167,1.00848
48,4.27556,3.22614,1.01507
48,4.27377,3.23487,1.00723
48,3.75282,3.13357,0.445999
48,3.68693,3.0578,0.222823
48,3.68694,3.05506,0.210453
48,3.68631,3.05123,0.187965
48,4.69296,3.26225,1.22341
48,4.67629,3.26609,1.22037
48,3.70739,3.1755,0.475626
48,3.68875,3.05102,0.155946
48,3.70835,3.1943,0.497987
48,3.67532,3.1868,0.4373
48,3.67412,3.19266,0.436219
48,3.63895,3.18308,0.382957
48,2.97243,3.11363,-0.171774
48,3.0362,3.11966,-0.151325
48,3.71916,3.17969,0.344222
48,3.71687,3.18423,0.343275
48,3.71548,3.14137,0.219439
48,3.23438,3.15959,-0.00589186
48,3.20547,3.14089,-0.129728
48,3.10566,3.16232,-0.145845
48,4.24877,3.15586,0.444856
48,3.15548,3.15029,-0.178795
48,3.5089,3.11957,-0.0793848
48,3.29902,3.15257,-0.126331
48,3.19297,3.22313,-0.0159031
48,3.1928,3.22172,-0.0290595
48,3.18058,3.22674,-0.0301892
48,3.19236,3.17703,-0.143342
48,3.19689,3.16424,-0.173336
48,3.22016,3.22916,-0.0125544
48,3.18064,3.23506,-0.0290111
48,3.23841,3.17788,-0.139569
48,3.12642,3.21496,-0.133372
48,3.23684,3.21087,-0.0912237
48,3.39018,3.22195,0.0156823
48,3.19683,3.20319,-0.140033
48,3.33803,3.18964,-0.109107
48,3.19587,3.23859,-0.0697354
48,3.65842,3.28792,0.289946
48,3.39202,3.18368,-0.11616
48,3.35329,3.18854,-0.129766
48,3.37378,3.19077,-0.124833
48,3.41586,3.19789,-0.123035
48,3.54771,3.24553,0.0525191
48,3.42951,3.27147,-0.00273955
48,3.57857,3.19922,-0.113209
48,3.19792,3.28921,-0.108157
48,3.21715,3.28313,-0.115509
48,3.56096,3.2258,-0.0743468
48,3.09091,3.12579,-0.700504
48,3.02581,3.36796,-0.179922
48,3.69616,3.1179,-0.5051
48,3.18394,3.14849,-0.708588
48,3.18886,3.16926,-0.708944
48,3.69405,3.12939,-0.540077
48,3.67117,3.05951,-0.72211
48,3.68437,3.13486,-0.55565
48,3.36087,3.15584,-0.691805
48,4.86697,3.27951,0.415071
48,3.40485,3.16199,-0.683965
48,4.88974,3.28852,0.413056
48,3.72143,3.06596,-0.756431
48,4.88002,3.29173,0.40762
48,3.74217,3.0993,-0.703203
48,4.90992,3.31027,0.405723
48,3.68619,3.09619,-0.768811
48,3.45249,3.1783,-0.698455
48,3.69836,3.08916,-0.794116
48,3.57923,3.18174,-0.668015
48,3.73712,3.11325,-0.749975
48,3.58563,3.1867,-0.684422
48,3.5864,3.19047,-0.678536
48,4.81216,3.1612,-0.667386
48,3.15726,4.73761,-0.840677
48,3.19895,4.74723,-0.836441
48,3.57388,4.87276,-0.890066
48,3.86599,4.90802,-0.888287
48,3.13744,3.36918,-0.163044
46,3.13744,3.36918,-0.163044
48,3.50582,3.83879,-0.197767
46,3.50582,3.83879,-0.197767
48,3.15721,3.6231,-0.272509
46,3.15721,3.6231,-0.272509
48,3.09585,3.87481,-0.447352
46,3.09585,3.87481,-0.447352
48,3.74857,3.37375,0.521854
46,3.74857,3.37375,0.521854
48,3.71845,3.29211,0.910268
46,3.71845,3.29211,0.910268
48,3.73938,3.28736,0.980171
46,3.73938,3.28736,0.980171
48,3.72505,3.31506,0.71551
46,3.72505,3.31506,0.71551
48,2.82958,2.20538,0.260947
46,2.82958,2.20538,0.260947
48,3.71457,3.21745,0.700192
46,3.71457,3.21745,0.700192
48,3.66525,3.27439,0.380572
46,3.66525,3.27439,0.380572
48,3.72421,3.31337,0.720917
46,3.72421,3.31337,0.720917
48,3.72391,3.2698,0.968977
46,3.72391,3.2698,0.968977
48,3.73425,3.30217,0.95998
46,3.73425,3.30217,0.95998
48,3.75648,3.35679,0.665937
46,3.75648,3.35679,0.665937
48,3.73908,3.33383,0.783761
46,3.73908,3.33383,0.783761
48,3.76246,3.41156,0.78078
46,3.76246,3.41156,0.78078
48,3.28323,3.17146,-0.132815
47,3.28323,3.17146,-0.132815
48,3.27762,3.25395,-0.168909
47,3.27762,3.25395,-0.168909
48,3.06696,3.22694,-0.172898
47,3.06696,3.22694,-0.172898
48,2.974,3.23506,-0.182367
47,2.974,3.23506,-0.182367
48,3.12312,2.99212,-0.610609
47,3.12312,2.99212,-0.610609
48,3.61457,2.98129,0.950391
47,3.61457,2.98129,0.950391
48,3.5754,3.17195,-0.648116
47,3.5754,3.17195,-0.648116
48,3.7018,3.14569,0.459161
47,3.7018,3.14569,0.459161
48,2.81891,2.20829,0.321536
47,2.81891,2.20829,0.321536
48,3.16878,3.25854,-0.0365806
47,3.16878,3.25854,-0.0365806
48,2.83625,2.00845,0.400195
47,2.83625,2.00845,0.400195
48,2.82395,2.16937,0.349215
47,2.82395,2.16937,0.349215
48,2.82635,2.08083,0.418902
47,2.82635,2.08083,0.418902
48,2.82577,2.2513,0.396681
47,2.82577,2.2513,0.396681
48,2.99264,3.51743,-0.263383
44,2.99264,3.51743,-0.263383
48,3.70355,3.09556,0.113724
44,3.70355,3.09556,0.113724
48,3.16199,3.21614,-0.204855
43,3.16199,3.21614,-0.204855
48,3.13527,3.23047,-0.128803
38,3.13527,3.23047,-0.128803
48,2.96792,3.25628,-0.137647
40,2.96792,3.25628,-0.137647
48,4.91812,3.15227,0.355283
28,4.91812,3.15227,0.355283
48,3.10525,3.17017,-0.710091
35,3.10525,3.17017,-0.710091
49,2.81728,0.682693,0.851422
49,2.89717,0.857193,0.414871
49,3.01015,0.840716,0.413529
49,2.79103,1.01754,0.680557
49,2.79669,1.08354,0.655704
49,2.96013,1.36152,0.621993
49,2.85712,1.6091,0.451719
49,2.85516,1.71182,0.406341
49,3.62473,1.61974,0.254532
49,3.02163,1.80443,0.116659
49,2.91079,1.71743,-0.438102
49,2.8876,2.05582,0.266965
49,2.91558,1.73414,-0.454252
49,2.86306,2.08534,0.256161
49,2.9272,1.77712,-0.503463
49,3.47926,1.68756,-0.573015
49,3.24732,1.75704,-0.540879
49,3.23012,1.76599,-0.602179
49,3.24359,1.78381,-0.591211
49,3.26576,1.79496,-0.581088
49,4.39959,1.77871,-0.302567
49,2.8662,2.27238,0.174072
49,3.06364,2.1442,-0.0948679
49,4.38753,1.98518,0.00203502
49,3.50494,2.618,0.557495
49,3.56697,1.96544,-0.892402
49,2.89918,2.54319,0.0630348
49,2.90204,2.56483,0.0461291
49,3.3172,2.09729,-0.962255
49,3.8564,2.01569,-0.95987
49,4.17433,2.30214,-0.200482
49,3.86437,2.02729,-0.97483
49,3.76454,2.03557,-0.997705
49,4.16894,2.34965,-0.196615
49,4.1397,2.00407,-0.988939
49,4.24669,2.36365,-0.177305
49,3.78125,2.07733,-1.01455
49,3.62815,2.09763,-1.0372
49,3.79454,2.09445,-1.03621
49,3.82203,2.10216,-1.01681
49,3.89455,2.08268,-1.03831
49,3.35415,2.18803,-1.06106
49,3.28557,2.60724,-0.351246
49,3.08701,2.65647,-0.405429
49,3.13128,2.69676,-0.425227
49,3.25071,2.73755,-0.436415
49,5.6884,3.16124,-0.695103
49,3.17841,3.94598,-1.19471
49,3.3293,6.61076,-1.36826
49,3.88345,7.01162,-3.03886
49,10.3731,9.16292,-9.57588
49,2.99361,2.0857,-0.83486
31,2.99361,2.0857,-0.83486
49,3.72416,3.06203,-0.75532
31,3.72416,3.06203,-0.75532
49,3.69273,3.05194,-0.757772
31,3.69273,3.05194,-0.757772
49,3.99597,3.14627,0.376392
31,3.99597,3.14627,0.376392
49,4.02174,3.259,0.36399
31,4.02174,3.259,0.36399
49,4.92247,3.29779,-0.753073
31,4.92247,3.29779,-0.753073
49,3.56487,2.70163,-0.816121
31,3.56487,2.70163,-0.816121
49,3.782,3.11559,-0.792114
31,3.782,3.11559,-0.792114
49,3.7732,3.05376,-0.756586
31,3.7732,3.05376,-0.756586
49,3.98056,3.25029,0.452348
31,3.98056,3.25029,0.452348
49,3.167,3.55137,-0.213212
31,3.167,3.55137,-0.213212
49,4.20888,3.43232,0.477587
31,4.20888,3.43232,0.477587
49,3.20403,3.17552,-0.184308
31,3.20403,3.17552,-0.184308
49,3.70966,2.95069,-0.694189
31,3.70966,2.95069,-0.694189
49,3.18967,3.46165,-0.280857
31,3.18967,3.46165,-0.280857
49,4.5592,2.46114,-0.711637
31,4.5592,2.46114,-0.711637
49,4.56442,2.4698,-0.712564
31,4.56442,2.4698,-0.712564
49,4.51654,2.38176,-0.660526
31,4.51654,2.38176,-0.660526
49,4.92957,3.31683,0.379782
31,4.92957,3.31683,0.379782
49,4.00415,3.17158,0.373065
31,4.00415,3.17158,0.373065
49,4.26261,3.22004,1.00521
31,4.26261,3.22004,1.00521
49,4.24772,3.1521,0.440353
31,4.24772,3.1521,0.440353
49,4.83542,3.04474,1.06397
31,4.83542,3.04474,1.06397
49,4.87249,3.11662,1.06895
31,4.87249,3.11662,1.06895
49,4.28213,3.26663,0.424553
31,4.28213,3.26663,0.424553
49,3.7226,3.03572,-0.699444
31,3.7226,3.03572,-0.699444
49,4.67188,2.52973,-0.786037
31,4.67188,2.52973,-0.786037
49,4.12783,2.07462,-0.859471
31,4.12783,2.07462,-0.859471
49,4.81425,2.99979,1.07003
31,4.81425,2.99979,1.07003
49,4.90968,3.04924,0.419138
31,4.90968,3.04924,0.419138
49,4.93543,3.05131,0.462343
31,4.93543,3.05131,0.462343
49,4.92007,3.29273,-0.749342
31,4.92007,3.29273,-0.749342
49,4.26545,3.22884,1.00642
31,4.26545,3.22884,1.00642
49,3.72481,3.04492,-0.700508
31,3.72481,3.04492,-0.700508
49,4.24697,3.14888,0.441737
31,4.24697,3.14888,0.441737
49,4.74641,2.95872,0.418618
31,4.74641,2.95872,0.418618
49,3.55357,3.16226,-0.110392
31,3.55357,3.16226,-0.110392
49,3.66741,3.05021,-0.731643
31,3.66741,3.05021,-0.731643
49,4.25589,3.23946,0.741803
31,4.25589,3.23946,0.741803
49,4.2673,3.21484,0.434795
31,4.2673,3.21484,0.434795
49,3.63572,3.27142,-0.199123
31,3.63572,3.27142,-0.199123
49,3.56723,3.33068,-0.154736
31,3.56723,3.33068,-0.154736
49,4.27261,3.22818,0.447806
31,4.27261,3.22818,0.447806
49,3.20933,3.20607,-0.192059
30,3.20933,3.20607,-0.192059
49,3.71971,3.08046,-0.17636
30,3.71971,3.08046,-0.17636
49,4.0794,2.47768,-0.520577
30,4.0794,2.47768,-0.520577
49,4.13874,2.63746,-0.607102
30,4.13874,2.63746,-0.607102
49,4.2749,3.22092,0.453741
30,4.2749,3.22092,0.453741
49,3.62846,3.26383,-0.16442
30,3.62846,3.26383,-0.16442
49,3.7072,3.09927,0.409152
30,3.7072,3.09927,0.409152
49,2.73663,2.08817,0.697371
30,2.73663,2.08817,0.697371
49,4.29039,3.26726,0.447011
30,4.29039,3.26726,0.447011
49,3.74812,3.14176,0.443506
30,3.74812,3.14176,0.443506
49,3.63116,3.20991,-0.0690195
30,3.63116,3.20991,-0.0690195
49,3.70849,3.11247,0.404582
30,3.70849,3.11247,0.404582
49,3.59044,3.26833,-0.135433
30,3.59044,3.26833,-0.135433
49,3.64157,3.25932,-0.0733725
30,3.64157,3.25932,-0.0733725
49,3.60574,3.32301,-0.10259
30,3.60574,3.32301,-0.10259
49,4.88654,3.28298,0.413224
30,4.88654,3.28298,0.413224
49,4.86204,3.21385,-0.69549
30,4.86204,3.21385,-0.69549
49,3.70974,3.12589,0.399883
30,3.70974,3.12589,0.399883
49,3.71204,3.25857,0.405242
30,3.71204,3.25857,0.405242
49,3.69643,3.13147,0.433745
30,3.69643,3.13147,0.433745
49,3.73054,3.3311,0.413595
30,3.73054,3.3311,0.413595
49,3.58701,3.20726,-0.102836
30,3.58701,3.20726,-0.102836
49,3.71868,3.21724,0.448939
30,3.71868,3.21724,0.448939
49,3.73182,3.07139,-0.70166
30,3.73182,3.07139,-0.70166
49,3.73635,3.10828,-0.726558
30,3.73635,3.10828,-0.726558
49,4.71968,2.91109,0.422657
30,4.71968,2.91109,0.422657
49,4.53876,2.73835,-0.682637
32,4.53876,2.73835,-0.682637
49,4.6031,3.21331,-0.738422
32,4.6031,3.21331,-0.738422
49,4.5897,3.23055,0.391661
32,4.5897,3.23055,0.391661
49,4.59798,3.25694,0.46596
32,4.59798,3.25694,0.46596
49,4.20504,3.4683,0.771585
32,4.20504,3.4683,0.771585
49,4.26182,2.18736,-0.469079
32,4.26182,2.18736,-0.469079
49,3.65224,3.27269,-0.0776666
32,3.65224,3.27269,-0.0776666
49,3.68338,3.08847,-0.758184
32,3.68338,3.08847,-0.758184
49,3.59308,3.31275,-0.115562
47,3.59308,3.31275,-0.115562
49,3.51094,3.20434,-0.683358
47,3.51094,3.20434,-0.683358
49,3.68102,3.02539,-0.745124
47,3.68102,3.02539,-0.745124
49,4.86766,3.14612,1.10979
47,4.86766,3.14612,1.10979
49,2.8387,2.31155,0.21323
47,2.8387,2.31155,0.21323
49,2.82638,2.23515,0.255598
47,2.82638,2.23515,0.255598
49,3.71474,3.18271,-0.55567
47,3.71474,3.18271,-0.55567
49,4.28167,3.27898,0.997074
47,4.28167,3.27898,0.997074
49,2.83185,2.19138,0.286053
47,2.83185,2.19138,0.286053
49,4.96041,3.37428,0.387306
47,4.96041,3.37428,0.387306
49,2.74818,2.08451,0.802655
29,2.74818,2.08451,0.802655
49,3.98607,2.32983,-0.454966
29,3.98607,2.32983,-0.454966
49,3.07323,3.17738,-0.200941
29,3.07323,3.17738,-0.200941
49,3.5865,2.01381,-0.861284
29,3.5865,2.01381,-0.861284
49,3.66269,3.27299,0.52774
29,3.66269,3.27299,0.52774
49,2.74372,2.12271,0.801692
29,2.74372,2.12271,0.801692
49,3.62759,3.32116,-0.73635
29,3.62759,3.32116,-0.73635
49,3.67182,3.31917,0.522483
29,3.67182,3.31917,0.522483
49,4.6895,2.6079,-0.812719
29,4.6895,2.6079,-0.812719
49,3.72386,3.21425,-0.583441
29,3.72386,3.21425,-0.583441
49,4.23267,3.18349,0.752489
29,4.23267,3.18349,0.752489
49,3.72843,3.19899,0.459907
29,3.72843,3.19899,0.459907
49,3.71161,3.05157,0.453505
29,3.71161,3.05157,0.453505
49,3.70984,3.02317,0.463116
29,3.70984,3.02317,0.463116
49,4.87656,3.36953,0.952748
29,4.87656,3.36953,0.952748
49,4.69549,2.87019,0.427476
29,4.69549,2.87019,0.427476
49,2.73137,2.14992,0.686667
29,2.73137,2.14992,0.686667
49,3.73621,3.08104,0.462775
29,3.73621,3.08104,0.462775
49,3.6892,3.39507,-0.0885356
29,3.6892,3.39507,-0.0885356
49,2.72428,2.1664,0.498172
29,2.72428,2.1664,0.498172
49,3.19311,2.41586,-0.230263
48,3.19311,2.41586,-0.230263
49,3.59047,3.19398,-0.679218
48,3.59047,3.19398,-0.679218
49,3.42239,3.05187,-0.612543
48,3.42239,3.05187,-0.612543
49,2.83184,2.16761,0.263602
48,2.83184,2.16761,0.263602
49,2.82757,2.0922,0.293397
48,2.82757,2.0922,0.293397
49,3.56491,2.71009,-0.0435715
28,3.56491,2.71009,-0.0435715
49,3.64672,3.30513,-0.173062
28,3.64672,3.30513,-0.173062
49,3.44009,3.23472,-0.183468
28,3.44009,3.23472,-0.183468
49,3.51011,3.42797,-0.216728
28,3.51011,3.42797,-0.216728
49,3.44414,3.25443,-0.155134
28,3.44414,3.25443,-0.155134
49,3.56983,3.4125,-0.819093
28,3.56983,3.4125,-0.819093
49,3.64454,3.29274,-0.170982
28,3.64454,3.29274,-0.170982
49,3.68208,3.03215,0.422117
28,3.68208,3.03215,0.422117
49,3.59314,2.76446,-0.0931445
28,3.59314,2.76446,-0.0931445
49,3.81722,3.27002,-0.270759
28,3.81722,3.27002,-0.270759
49,3.6918,3.00391,0.994686
28,3.6918,3.00391,0.994686
49,3.7655,3.50532,0.330064
28,3.7655,3.50532,0.330064
49,4.78195,3.05493,-0.468487
28,4.78195,3.05493,-0.468487
49,3.72009,3.39601,0.243835
28,3.72009,3.39601,0.243835
49,3.71147,2.98881,0.502762
28,3.71147,2.98881,0.502762
49,3.66034,3.03224,-0.440139
28,3.66034,3.03224,-0.440139
49,3.73357,3.43391,0.238241
28,3.73357,3.43391,0.238241
49,3.75684,3.08946,0.489448
28,3.75684,3.08946,0.489448
49,3.54218,2.70394,0.985112
28,3.54218,2.70394,0.985112
49,4.90078,3.14792,0.375197
28,4.90078,3.14792,0.375197
49,2.73912,2.03652,1.00157
28,2.73912,2.03652,1.00157
49,2.71905,1.93908,0.998027
28,2.71905,1.93908,0.998027
49,4.03536,4.32761,-0.509062
28,4.03536,4.32761,-0.509062
49,5.0147,3.29407,-0.702097
28,5.0147,3.29407,-0.702097
49,3.47811,2.49093,0.798045
28,3.47811,2.49093,0.798045
49,3.67393,2.92841,0.722317
28,3.67393,2.92841,0.722317
49,4.93535,3.1932,0.366663
28,4.93535,3.1932,0.366663
49,3.69395,3.01703,0.99636
28,3.69395,3.01703,0.99636
49,3.7753,3.127,0.482843
28,3.7753,3.127,0.482843
49,2.72167,1.95767,0.813683
28,2.72167,1.95767,0.813683
49,3.6918,3.00391,0.994686
28,3.6918,3.00391,0.994686
49,2.71782,1.93325,0.997415
28,2.71782,1.93325,0.997415
49,5.02916,3.31072,-0.714236
28,5.02916,3.31072,-0.714236
49,5.21107,3.53778,-0.823095
28,5.21107,3.53778,-0.823095
49,2.81906,2.07222,-0.756191
28,2.81906,2.07222,-0.756191
49,2.83062,2.06724,-0.741177
28,2.83062,2.06724,-0.741177
49,3.79534,3.13238,0.485231
28,3.79534,3.13238,0.485231
49,3.69524,3.13836,0.366306
28,3.69524,3.13836,0.366306
49,3.65701,3.26851,1.02848
28,3.65701,3.26851,1.02848
49,3.61229,2.91535,-0.390662
28,3.61229,2.91535,-0.390662
49,3.6506,3.25399,0.539046
28,3.6506,3.25399,0.539046
49,4.7994,3.00044,-0.685368
28,4.7994,3.00044,-0.685368
49,2.71694,1.9363,0.817352
28,2.71694,1.9363,0.817352
49,4.72808,3.16576,0.928106
28,4.72808,3.16576,0.928106
49,3.6346,3.22408,0.547923
28,3.6346,3.22408,0.547923
49,3.65783,3.16142,-0.493372
28,3.65783,3.16142,-0.493372
49,3.82658,3.43698,0.30794
28,3.82658,3.43698,0.30794
49,2.7235,2.00875,0.814372
28,2.7235,2.00875,0.814372
49,3.68263,3.2116,0.262806
28,3.68263,3.2116,0.262806
49,3.2744,2.195,0.575487
28,3.2744,2.195,0.575487
49,2.73303,2.01018,0.5196
28,2.73303,2.01018,0.5196
49,3.8495,3.49299,0.299288
28,3.8495,3.49299,0.299288
49,3.52123,2.7931,0.489031
28,3.52123,2.7931,0.489031
49,3.67352,3.19357,0.264735
28,3.67352,3.19357,0.264735
49,4.21148,3.19341,0.729558
28,4.21148,3.19341,0.729558
49,2.72242,2.05009,0.695088
28,2.72242,2.05009,0.695088
49,2.72178,2.00308,0.817571
28,2.72178,2.00308,0.817571
49,4.21011,3.42384,0.790665
35,4.21011,3.42384,0.790665
49,4.77954,3.656,-0.99991
35,4.77954,3.656,-0.99991
49,4.27883,3.26918,0.707232
35,4.27883,3.26918,0.707232
49,4.64068,3.24113,1.0547
35,4.64068,3.24113,1.0547
49,4.75081,3.15013,0.966268
35,4.75081,3.15013,0.966268
49,4.82899,3.31897,0.973598
35,4.82899,3.31897,0.973598
50,2.73316,0.681585,0.602342
50,2.78908,1.36685,0.474762
50,2.70963,1.86854,0.982514
50,1.76523,2.00818,0.948477
50,2.71006,1.85696,0.817764
50,2.71104,1.85769,0.731085
50,2.71385,1.81478,0.565217
50,1.75571,2.08288,0.931212
50,2.7236,1.85027,0.461572
50,1.78246,2.14031,0.763119
50,1.76197,2.18456,0.766351
50,1.7579,2.21046,0.764522
50,1.7757,2.16997,0.643654
50,1.77465,2.18015,0.638579
50,2.83333,1.93446,0.278645
50,3.14801,1.65839,-0.29747
50,1.75813,2.22136,0.632472
50,2.80691,1.86407,-0.0024752
50,1.77988,2.17671,0.443088
50,1.77971,2.17714,0.442978
50,1.78057,2.17915,0.439012
50,2.81068,1.89291,-0.00672352
50,2.80852,1.89604,-0.018142
50,1.7677,2.20255,0.434803
50,1.78853,2.15542,0.327038
50,1.78936,2.15385,0.321482
50,1.77338,2.20751,0.438183
50,2.81214,1.91924,-0.0250553
50,1.79893,2.17412,0.318724
50,2.81596,1.91815,-0.0312276
50,1.75659,2.23115,0.429599
50,1.78682,2.18002,0.316691
50,1.79187,2.18167,0.321551
50,3.59645,1.68307,-0.497827
50,2.6266,1.79437,-0.50075
50,2.61873,1.80794,-0.513399
50,2.82728,2.12287,0.248654
50,3.19455,1.88631,-0.212716
50,2.62538,1.82268,-0.517617
50,2.74462,1.83155,-0.499036
50,2.82243,2.18265,0.287967
50,2.82637,2.18529,0.281638
50,2.8269,2.19468,0.283958
50,2.84069,2.2055,0.269369
50,2.83762,2.20363,0.257044
50,1.67186,2.22886,0.0410767
50,2.75907,1.87259,-0.5211
50,2.8415,2.21846,0.269403
50,2.83746,2.20467,0.236016
50,1.69263,2.20786,-0.0367581
50,2.84007,2.22087,0.257517
50,2.84285,2.21836,0.249238
50,2.84425,2.21981,0.247612
50,2.84655,2.22809,0.244721
50,3.18641,1.96288,-0.295198
50,2.84365,2.22655,0.216287
50,2.76234,1.90099,-0.555089
50,2.8452,2.23571,0.21294
50,2.88678,2.21777,0.181248
50,1.6522,2.28106,0.0122805
50,2.88034,2.26857,0.234779
50,2.30385,1.91799,-0.72425
50,2.28693,1.92254,-0.728161
50,2.31984,1.92039,-0.727452
50,2.28324,1.92672,-0.727884
50,3.14169,1.83207,-0.755053
50,3.27341,1.91737,-0.531769
50,1.66094,2.28949,-0.0632437
50,2.29025,1.93411,-0.729141
50,2.32155,1.93168,-0.743589
50,3.55639,1.79789,-0.76387
50,3.42798,1.81646,-0.752446
50,3.42287,1.83364,-0.718024
50,3.1624,1.84056,-0.765256
50,2.32702,1.93845,-0.759784
50,3.42276,1.84553,-0.719379
50,3.17106,1.85667,-0.752806
50,3.58069,1.81633,-0.759917
50,3.43775,1.85029,-0.737688
50,3.58569,1.83034,-0.75244
50,1.71314,2.21585,-0.320968
50,2.8862,2.31103,0.162102
50,3.58593,1.84245,-0.754675
50,3.66549,1.83586,-0.753291
50,3.57151,1.84024,-0.766126
50,3.50764,1.87366,-0.719776
50,3.62639,1.8515,-0.757016
50,3.47,1.8683,-0.758093
50,3.49728,1.8744,-0.738259
50,3.49106,1.875,-0.74164
50,3.77621,1.83548,-0.767186
50,3.50339,1.87556,-0.742781
50,3.29364,1.97314,-0.581948
50,3.289,1.88392,-0.787439
50,3.2756,1.88667,-0.786628
50,3.66144,1.84964,-0.784434
50,3.22922,1.89716,-0.786245
50,3.2845,1.89031,-0.790917
50,3.65242,1.85389,-0.788544
50,3.5257,1.90097,-0.728605
50,3.4841,1.88356,-0.780951
50,3.53005,1.89757,-0.745187
50,3.52002,1.87578,-0.797716
50,3.50366,1.88106,-0.794758
50,3.69151,1.86774,-0.786565
50,3.93002,1.90872,-0.652386
50,3.26012,1.92086,-0.793973
50,3.27324,1.92631,-0.781578
50,3.74794,1.87379,-0.79569
50,2.76996,2.03866,-0.64775
50,3.59365,1.90058,-0.773415
50,3.3143,1.92528,-0.78551
50,2.90332,1.97379,-0.771406
50,3.59381,1.89291,-0.796
50,3.27671,1.92602,-0.796382
50,2.9651,1.99046,-0.727527
50,3.28212,1.93399,-0.79304
50,3.25739,1.9421,-0.787773
50,3.26958,1.96657,-0.729948
50,3.25617,1.94526,-0.792844
50,3.70449,1.90272,-0.79201
50,3.25276,1.95672,-0.774402
50,3.30387,1.95572,-0.774137
50,1.67822,2.30257,-0.37874
50,3.60302,1.92154,-0.8012
50,3.97732,1.94457,-0.662447
50,3.29753,1.96563,-0.792906
50,4.28558,2.56202,0.778671
50,2.99167,2.00478,-0.785031
50,3.30074,1.97029,-0.799669
50,4.02963,1.93338,-0.715318
50,4.02263,1.93369,-0.720715
50,4.01114,1.9373,-0.718368
50,3.99929,1.93717,-0.723151
50,3.30019,1.97996,-0.79995
50,1.57182,2.47692,-0.0753778
50,3.35747,1.98247,-0.801191
50,2.96648,2.03383,-0.775069
50,3.62663,1.94859,-0.831963
50,4.07459,1.94636,-0.735163
50,3.29121,2.0106,-0.773124
50,3.29366,1.99761,-0.819088
50,2.99955,2.03511,-0.812027
50,3.39145,1.99249,-0.824302
50,2.79853,2.10232,-0.72938
50,3.63092,1.9643,-0.853892
50,2.93349,2.31176,-0.234529
50,2.61718,2.57095,0.277039
50,2.9955,2.05078,-0.830952
50,3.0608,2.32851,-0.207103
50,2.89979,2.32759,-0.247591
50,3.31848,2.03917,-0.813429
50,3.40508,2.01619,-0.850901
50,2.81825,2.1204,-0.750454
50,3.35399,2.04411,-0.81438
50,3.41633,2.02182,-0.855757
50,2.90853,2.34244,-0.251965
50,2.90782,2.342,-0.257611
50,2.96968,2.3404,-0.251241
50,3.70578,2.80365,0.961416
50,1.889,2.1304,-1.02914
50,2.90252,2.16872,-0.769679
50,2.89532,2.19555,-0.776764
50,3.26127,2.40456,-0.226103
50,1.79103,2.25407,-0.94143
50,2.90899,2.21388,-0.782337
50,2.90978,2.21387,-0.794165
50,2.92187,2.21694,-0.799696
50,2.92779,2.21112,-0.812922
50,3.65436,2.89064,0.896273
50,2.9026,2.22211,-0.79799
50,3.66361,2.94311,0.997189
50,2.85523,2.20331,-0.882615
50,3.28579,2.46217,-0.215005
50,3.68345,2.9576,1.00026
50,2.15935,2.20348,-1.08108
50,2.89081,2.2081,-0.934474
50,2.86167,2.21138,-0.937627
50,3.66755,2.98552,0.99998
50,2.9037,2.21108,-0.939313
50,2.89101,2.21438,-0.942001
50,3.65644,2.98687,0.987096
50,3.4324,2.19011,-0.874613
50,3.91978,2.88961,0.813279
50,2.92908,2.25839,-0.848684
50,1.79581,2.31158,-0.997584
50,3.88375,2.831,0.658746
50,3.68977,2.9703,0.925709
50,3.68092,2.97929,0.926706
50,3.66584,2.96358,0.88679
50,3.68432,2.97071,0.893704
50,1.55786,2.53644,-0.583544
50,3.93658,2.90759,0.806566
50,1.76482,2.31311,-1.05208
50,2.89562,2.24033,-0.960389
50,2.88068,2.24036,-0.980783
50,2.86565,2.24472,-0.976175
50,1.55813,2.55291,-0.594781
50,3.69644,3.00597,0.889697
50,3.6953,3.00431,0.885112
50,3.69939,2.95585,0.771499
50,3.67182,2.95896,0.770318
50,3.70412,2.95488,0.745191
50,3.69412,2.97022,0.764459
50,1.75144,2.34951,-1.10088
50,3.68549,2.97582,0.766954
50,3.70966,2.95562,0.718549
50,2.89524,2.28004,-1.02876
50,2.92334,2.29324,-1.00406
50,1.43745,2.7849,-0.233861
50,3.7141,2.98679,0.734893
50,4.50711,3.05034,1.0574
50,3.7023,3.00911,0.761134
50,3.68493,2.99468,0.720914
50,3.69315,3.00756,0.751544
50,3.69903,2.99148,0.715105
50,2.9336,2.30708,-1.0209
50,1.74448,2.38251,-1.12725
50,1.52765,2.6197,-0.65169
50,3.70769,3.00662,0.727589
50,4.52799,3.07425,1.05879
50,3.70169,3.01345,0.719843
50,4.56613,3.10912,1.07642
50,3.69365,2.98591,0.590716
50,3.72037,3.0172,0.581585
50,3.68023,2.97635,0.470699
50,3.69134,2.98125,0.476664
50,3.65241,3.02033,0.516857
50,3.72109,3.00796,0.47863
50,3.71441,3.01958,0.502008
50,3.65969,3.02075,0.483629
50,3.72474,3.02889,0.500755
50,3.62706,3.04803,0.463245
50,3.41597,2.87581,-0.00117481
50,2.96929,2.39513,-1.19859
50,3.68851,3.04046,0.423746
50,4.64171,2.97109,0.465982
50,3.47321,2.90883,0.0380326
50,3.68877,3.05833,0.402607
50,3.67714,3.05819,0.396253
50,3.69478,3.07961,0.417492
50,4.27573,3.28697,1.00396
50,3.70179,3.08523,0.411276
50,4.26153,3.26462,0.92451
50,4.3299,3.30602,1.01451
50,4.30554,3.29602,0.977311
50,4.28724,3.29808,0.976563
50,3.61795,3.06671,0.288919
50,4.33521,3.31553,1.01645
50,3.49482,2.97163,0.0266531
50,3.60945,3.12767,0.380776
50,3.62628,3.13879,0.404517
50,3.6459,3.14863,0.421165
50,4.25049,3.23548,0.75046
50,3.64792,3.15297,0.418614
50,4.70826,3.06982,0.472084
50,3.69317,3.13004,0.367683
50,3.63185,3.15492,0.396548
50,3.65576,3.16433,0.415505
50,4.26282,3.23811,0.719128
50,4.27595,3.25716,0.763142
50,4.27951,3.25863,0.752766
50,4.71642,3.08639,0.459789
50,3.62574,3.12254,0.2682
50,3.53639,3.04029,0.0362994
50,3.55448,3.04061,0.0382639
50,3.55625,3.0266,0.000375986
50,3.63215,3.17195,0.324736
50,3.56039,3.02824,-0.0235969
50,3.579,3.06742,0.0661268
50,3.70998,3.18851,0.359961
50,3.50711,3.04355,-0.0177738
50,3.50742,3.04902,-0.00788379
50,4.30382,3.30232,0.748185
50,4.7638,3.11179,0.421295
50,3.64062,3.18832,0.318283
50,4.78767,3.11749,0.398416
50,4.78868,3.12791,0.418742
50,3.54726,3.02926,-0.0944402
50,3.57216,3.05745,-0.0376618
50,3.51724,3.05295,-0.0684906
50,3.65139,3.20626,0.291028
50,3.67634,3.18861,0.256052
50,3.65477,3.20748,0.289511
50,4.90607,3.12724,0.373075
50,4.82305,3.1565,0.416232
50,3.6711,3.20656,0.256273
50,4.83893,3.15096,0.392823
50,3.58136,3.08505,-0.0489372
50,3.59386,3.09312,-0.0600313
50,3.7045,3.22123,0.248886
50,3.57168,3.08233,-0.105344
50,4.30481,3.26424,0.452887
50,4.31603,3.27148,0.441923
50,4.31373,3.2819,0.446599
50,4.30912,3.27521,0.408151
50,4.3296,3.28141,0.426782
50,4.31987,3.30379,0.448049
50,4.32933,3.29742,0.413213
50,3.58244,3.14257,-0.118957
50,4.34461,3.29938,0.407885
50,4.5268,2.86966,-0.527538
50,4.34043,3.31432,0.406303
50,4.3506,3.32173,0.407131
50,3.57999,3.02764,-0.566928
50,3.60437,3.03194,-0.555799
50,3.60974,3.0603,-0.530219
50,4.67273,2.95754,-0.549267
50,3.17465,3.07677,-0.667614
50,3.6204,3.10225,-0.511188
50,4.78153,2.936,-0.635739
50,3.70031,3.1194,-0.476824
50,4.79267,3.03566,-0.419365
50,3.71016,3.12414,-0.473511
50,3.69776,3.11185,-0.505224
50,3.64454,3.10306,-0.548201
50,4.89568,2.79648,-0.966059
50,3.70531,3.11938,-0.509057
50,3.64116,3.13194,-0.5088
50,4.81024,3.05785,-0.435724
50,3.64673,3.08107,-0.65221
50,3.70897,3.14415,-0.505143
50,3.70935,3.13997,-0.51682
50,3.77221,3.15419,-0.510771
50,4.6732,3.02814,-0.617181
50,4.70912,3.03241,-0.600403
50,3.72295,3.17133,-0.518793
50,4.81329,3.0501,-0.542241
50,4.73227,3.03748,-0.603334
50,4.94837,2.8458,-1.01368
50,4.97641,2.84185,-1.02656
50,4.80024,3.1047,-0.472724
50,4.80588,3.03729,-0.635036
50,3.80964,3.1865,-0.543352
50,3.37278,3.16629,-0.6985
50,3.70597,3.18008,-0.590609
50,3.6688,3.20006,-0.559698
50,4.73852,3.06823,-0.640028
50,3.67106,3.15688,-0.695128
50,3.73035,3.21495,-0.550849
50,3.7056,3.21128,-0.593933
50,3.76874,3.14075,-0.801625
50,4.93887,2.92599,-1.02511
50,3.6965,3.17178,-0.772725
50,3.69515,3.20735,-0.723752
50,3.72163,3.18635,-0.807245
50,3.7426,3.18539,-0.82124
50,3.7934,3.20237,-0.820865
50,3.74264,3.20873,-0.84689
50,4.86578,3.18195,-0.667106
50,3.79644,3.24379,-0.81587
50,3.80149,3.24482,-0.820892
50,3.80232,3.24788,-0.844664
50,3.83257,3.30093,-0.860448
50,4.42922,3.23513,-1.01153
50,3.94804,3.35681,-0.910928
50,4.35535,3.29644,-1.03152
50,4.59431,3.37957,-1.18678
50,3.90635,3.44288,-1.36028
50,4.01503,3.57973,-1.07681
50,3.91732,3.49188,-1.39572
50,3.6462,4.78301,-1.633
50,3.7986,5.11581,-1.38894
50,3.7192,5.12145,-1.76347
50,3.04591,2.2921,-0.190074
49,3.04591,2.2921,-0.190074
50,3.45537,3.02423,-0.583924
49,3.45537,3.02423,-0.583924
50,3.61528,3.25571,-0.716752
49,3.61528,3.25571,-0.716752
50,2.73234,2.08924,1.00054
49,2.73234,2.08924,1.00054
50,3.52489,3.07477,-0.0743221
49,3.52489,3.07477,-0.0743221
50,2.8904,2.10553,-0.085117
49,2.8904,2.10553,-0.085117
50,1.77902,2.03741,-0.239448
49,1.77902,2.03741,-0.239448
50,4.35762,2.19769,-0.527961
49,4.35762,2.19769,-0.527961
50,3.17314,2.26374,-0.731285
49,3.17314,2.26374,-0.731285
50,2.63241,1.99796,-0.708745
49,2.63241,1.99796,-0.708745
50,2.01964,1.99652,-0.864253
28,2.01964,1.99652,-0.864253
50,1.75346,1.96936,-0.827619
28,1.75346,1.96936,-0.827619
50,4.25051,3.22136,0.893687
28,4.25051,3.22136,0.893687
50,4.52222,3.1003,-0.683216
28,4.52222,3.1003,-0.683216
50,3.29547,2.80655,-0.524493
28,3.29547,2.80655,-0.524493
50,3.37374,2.05649,-0.738727
28,3.37374,2.05649,-0.738727
50,3.35054,2.22524,0.141795
28,3.35054,2.22524,0.141795
50,4.01187,2.42212,-0.52426
30,4.01187,2.42212,-0.52426
50,4.26744,3.36204,0.541707
30,4.26744,3.36204,0.541707
50,4.28061,3.40291,0.537537
30,4.28061,3.40291,0.537537
50,3.87631,1.76028,-0.170947
30,3.87631,1.76028,-0.170947
50,4.81035,3.28499,-0.174158
30,4.81035,3.28499,-0.174158
50,3.47343,2.69403,-0.810557
30,3.47343,2.69403,-0.810557
50,4.33572,2.07141,-0.775627
30,4.33572,2.07141,-0.775627
50,4.79828,3.58454,-0.796867
31,4.79828,3.58454,-0.796867
50,4.50398,2.22172,-0.596188
31,4.50398,2.22172,-0.596188
50,3.99151,3.1141,0.381156
31,3.99151,3.1141,0.381156
50,2.80256,2.15171,0.356389
29,2.80256,2.15171,0.356389
50,3.53157,1.91586,-0.833484
29,3.53157,1.91586,-0.833484
50,4.94401,2.76609,-0.67298
29,4.94401,2.76609,-0.67298
50,4.92168,2.75563,-0.266053
29,4.92168,2.75563,-0.266053
50,2.73691,2.08462,0.380964
29,2.73691,2.08462,0.380964
50,4.34459,3.20118,-0.750065
32,4.34459,3.20118,-0.750065
50,4.32857,3.14887,-0.720568
32,4.32857,3.14887,-0.720568
50,4.66076,3.23213,-0.713632
32,4.66076,3.23213,-0.713632
50,4.94856,4.07767,-1.24512
35,4.94856,4.07767,-1.24512
50,4.36901,4.11325,0.516158
35,4.36901,4.11325,0.516158
50,3.84168,3.10154,-0.736777
35,3.84168,3.10154,-0.736777
51,2.48056,1.08897,0.805588
51,2.39019,1.35264,0.813298
51,2.45151,1.28087,-0.043137
51,2.81425,1.58792,0.14759
51,1.81792,1.79161,0.423183
51,1.7572,2.04911,0.927897
51,2.41977,1.96087,0.699775
51,2.74645,2.05153,0.803486
51,1.83055,2.04735,0.766536
51,2.33207,2.04735,0.773757
51,2.76531,2.07806,0.779372
51,1.83916,2.05582,0.669644
51,2.77354,2.10088,0.788064
51,1.82775,2.05629,0.663785
51,1.80076,2.04998,0.642129
51,1.83983,2.05533,0.469171
51,2.73917,2.08397,0.507591
51,1.83187,2.08368,0.47168
51,2.78146,2.10686,0.481835
51,1.83892,2.06196,0.357973
51,1.84992,2.06361,0.353373
51,2.82326,2.12197,0.263637
51,2.87027,1.69108,-0.715887
51,2.85613,2.126,0.231891
51,2.84215,2.1341,0.226341
51,1.52825,1.73376,-0.688785
51,1.52181,1.75717,-0.717045
51,1.53695,1.77884,-0.729447
51,2.33243,1.74622,-0.808383
51,1.7993,1.76233,-0.797938
51,2.8496,2.0537,-0.13838
51,2.32753,1.7551,-0.812431
51,1.93835,1.74668,-0.841978
51,2.84109,2.05796,-0.141215
51,2.15881,1.76138,-0.837202
51,3.21071,1.78632,-0.773364
51,3.17432,1.78686,-0.783988
51,3.169,1.78713,-0.784645
51,1.03755,1.79607,-0.822824
51,1.78955,2.04601,-0.265052
51,2.00439,1.78896,-0.842991
51,1.80018,2.05953,-0.256591
51,1.79607,1.80869,-0.81041
51,2.32871,1.80899,-0.802444
51,3.14222,1.80779,-0.786542
51,2.22298,1.80326,-0.828632
51,1.81035,1.8171,-0.810798
51,3.43607,1.81888,-0.778806
51,2.1903,1.80562,-0.846133
51,1.98347,1.80979,-0.844312
51,1.55443,1.8175,-0.838971
51,1.81783,1.8284,-0.819643
51,2.15894,1.83162,-0.806421
51,3.52653,1.82092,-0.797956
51,1.81736,1.8293,-0.82314
51,2.14969,1.83067,-0.818691
51,3.5172,1.82609,-0.796615
51,3.75116,1.83722,-0.766815
51,3.1511,1.8296,-0.799127
51,3.59718,1.83663,-0.776596
51,3.4223,1.83524,-0.786924
51,3.78263,1.84583,-0.764835
51,3.43867,1.83965,-0.790623
51,3.14686,1.8494,-0.789473
51,3.19545,1.84728,-0.795305
51,3.65321,1.85139,-0.779623
51,1.95969,1.84308,-0.843351
51,3.4845,1.84758,-0.796184
51,1.96474,1.83318,-0.865779
51,3.19139,1.8503,-0.798841
51,3.31246,1.84548,-0.807338
51,1.95805,1.84578,-0.841718
51,3.45747,1.85421,-0.786639
51,3.19389,1.85052,-0.80148
51,3.64019,1.86152,-0.769202
51,3.31799,1.84928,-0.804646
51,2.15494,1.8527,-0.826577
51,3.69811,1.86014,-0.776791
51,1.93968,1.83928,-0.867607
51,1.96537,1.83867,-0.869089
51,3.19355,1.85741,-0.798627
51,3.45347,1.86164,-0.785626
51,3.24959,1.86519,-0.79415
51,3.68972,1.86636,-0.784074
51,2.14967,1.86171,-0.836402
51,3.25393,1.87567,-0.795466
51,3.45967,1.88441,-0.772274
51,1.93389,1.85676,-0.873552
51,2.12287,1.88906,-0.798321
51,2.15294,1.87475,-0.829826
51,3.51698,1.88162,-0.784082
51,3.46855,1.88746,-0.774882
51,2.12202,1.8938,-0.797546
51,2.123,1.89488,-0.801627
51,1.93156,1.85976,-0.886284
51,3.18797,1.8947,-0.782678
51,3.52665,1.88769,-0.793003
51,2.13898,1.90552,-0.795671
51,3.18681,1.88901,-0.806658
51,3.46121,1.89692,-0.785327
51,3.22697,1.90724,-0.783755
51,3.23175,1.91008,-0.780778
51,3.23507,1.90952,-0.785571
51,1.94388,1.92034,-0.799016
51,3.23168,1.91063,-0.79007
51,2.99594,2.33762,0.140575
51,3.51599,1.91688,-0.774376
51,3.20012,1.91204,-0.796143
51,2.0244,1.89707,-0.85817
51,3.27621,1.92382,-0.77846
51,3.5591,1.92394,-0.773161
51,2.95786,2.34257,0.130314
51,2.24088,1.91431,-0.828889
51,3.23655,1.91806,-0.79995
51,2.0797,1.91808,-0.830488
51,2.22803,1.92003,-0.825686
51,1.94232,1.93111,-0.811263
51,2.05188,1.90608,-0.865662
51,1.75928,1.94405,-0.792274
51,1.66254,2.28097,-0.0661178
51,1.76216,1.94584,-0.801769
51,3.55456,1.93634,-0.78624
51,1.76454,1.95369,-0.798947
51,2.05865,1.92447,-0.86449
51,2.20459,1.94897,-0.807656
51,2.77631,2.009,-0.662879
51,2.28359,1.97196,-0.771071
51,2.2007,1.94904,-0.824175
51,1.90819,1.94922,-0.831352
51,1.90189,1.95125,-0.829869
51,3.24167,1.97488,-0.748192
51,2.20569,1.95594,-0.816687
51,3.35443,1.96113,-0.786388
51,2.27125,1.97626,-0.78133
51,2.28889,1.97489,-0.784676
51,3.26892,1.98039,-0.751752
51,3.33793,1.96314,-0.78951
51,3.28072,1.9877,-0.747253
51,3.37666,1.96811,-0.788777
51,1.78428,1.96639,-0.832884
51,1.7456,1.97355,-0.826714
51,1.60223,1.97773,-0.834929
51,1.60071,1.97524,-0.841669
51,1.61567,1.99066,-0.81032
51,3.28026,1.99709,-0.763163
51,1.58826,1.99391,-0.815177
51,3.36006,1.98598,-0.793757
51,1.60998,1.99766,-0.812771
51,1.59346,1.98435,-0.84714
51,1.62706,2.00085,-0.813506
51,1.62552,2.00414,-0.807565
51,1.58767,1.98924,-0.852232
51,2.27544,2.00026,-0.820331
51,1.62725,2.01119,-0.813744
51,3.27365,2.01231,-0.772397
51,1.61997,2.00913,-0.821717
51,3.27513,2.01761,-0.776103
51,3.29065,2.01534,-0.784018
51,1.58079,2.01541,-0.830159
51,3.30632,2.01767,-0.785247
51,2.66404,2.05906,-0.739858
51,1.87939,2.06622,-0.75058
51,1.87463,2.06204,-0.765744
51,3.32691,2.05171,-0.764393
51,2.83116,2.0631,-0.756152
51,1.84247,2.05925,-0.793607
51,1.86857,2.07278,-0.769113
51,1.58618,2.04557,-0.845232
51,2.8256,2.07482,-0.755363
51,2.87059,2.07381,-0.763372
51,2.8281,2.06859,-0.782535
51,2.88412,2.108,-0.694784
51,1.86922,2.08805,-0.769284
51,1.8528,2.06493,-0.829655
51,2.84604,2.09382,-0.752723
51,1.85343,2.07008,-0.831114
51,2.65436,2.08621,-0.776895
51,2.83985,2.09049,-0.768672
51,1.85049,2.08352,-0.826939
51,2.88365,2.10514,-0.801505
51,3.39584,2.11752,-0.777033
51,2.86474,2.10027,-0.841657
51,2.88138,2.10904,-0.832348
51,2.65541,2.12071,-0.821041
51,2.65531,2.12244,-0.818538
51,3.16518,2.38744,-0.254482
51,2.66906,2.14379,-0.834384
51,2.99572,2.16449,-0.863212
51,3.18711,2.25447,-0.718173
51,3.02833,2.17603,-0.905852
51,3.60811,2.23504,-0.809535
51,3.1984,2.27919,-0.737724
51,3.61143,2.24034,-0.814021
51,3.00716,2.20698,-0.906187
51,3.72054,3.05769,0.919571
51,3.72445,3.05112,0.89433
51,3.73776,3.08136,0.924532
51,3.05605,2.22433,-0.984731
51,3.7421,3.09875,0.890378
51,1.0158,2.18621,-1.22687
51,4.16522,3.13098,0.903252
51,4.20237,3.13955,0.916059
51,3.73083,3.08192,0.752042
51,3.7288,3.06848,0.7057
51,3.73668,3.09443,0.750429
51,3.75099,3.1056,0.717459
51,4.19097,3.12614,0.765985
51,3.77277,3.11451,0.717918
51,0.611466,2.68531,-0.340444
51,0.559958,2.94135,0.193531
51,0.651515,2.71135,-0.309219
51,0.596699,2.64245,-0.471305
51,0.654238,2.64906,-0.471266
51,0.618154,2.63877,-0.496003
51,0.577612,2.56683,-0.6565
51,0.665663,2.71868,-0.338774
51,0.591412,2.5224,-0.773247
51,0.618173,2.58792,-0.637934
51,0.627911,2.60447,-0.603941
51,0.681327,2.69096,-0.421158
51,0.617649,2.56731,-0.69794
51,0.561634,2.96242,0.165037
51,3.75915,3.11066,0.564597
51,0.627596,2.54943,-0.759439
51,0.774797,2.5511,-0.766289
51,0.71014,2.56593,-0.735504
51,0.583979,2.94271,0.0794272
51,4.18535,3.07678,0.454055
51,3.73573,3.06496,0.417007
51,3.42296,2.56089,-0.697948
51,3.68944,3.08479,0.448171
51,0.765121,2.57787,-0.739869
51,3.71218,3.09084,0.455551
51,0.608798,2.59408,-0.712321
51,3.68935,3.35225,1.02726
51,0.558965,2.58473,-0.73505
51,0.606167,2.61252,-0.672996
51,3.71441,3.07881,0.421863
51,0.566237,2.95678,0.0747932
51,0.610537,2.5892,-0.73473
51,0.607315,2.61219,-0.685427
51,4.21327,3.30783,0.92748
51,0.606121,2.77742,-0.327125
51,0.686623,2.75396,-0.381203
51,0.696654,2.58463,-0.769468
51,0.6545,2.61065,-0.724237
51,0.567647,2.94216,0.00105506
51,0.630437,2.77126,-0.372914
51,0.601324,2.75869,-0.402461
51,0.667001,2.63758,-0.675995
51,0.667941,2.63006,-0.692677
51,3.44039,2.58301,-0.72847
51,0.644075,2.66248,-0.628525
51,3.70078,3.12921,0.470168
51,0.639619,2.68739,-0.579821
51,4.23183,3.11889,0.452017
51,0.619413,2.72236,-0.508211
51,4.20192,3.11894,0.445678
51,0.614319,2.74452,-0.470273
51,3.7668,3.13041,0.44354
51,0.730353,2.61652,-0.770187
51,0.660455,2.78995,-0.399364
51,4.22063,3.13697,0.442787
51,0.67868,2.62317,-0.782279
51,0.72559,2.62901,-0.774972
51,4.22791,3.1468,0.435847
51,0.721765,2.63881,-0.785978
51,0.655988,2.81353,-0.414506
51,0.614001,2.90064,-0.246696
51,0.636266,2.82637,-0.414737
51,3.73091,3.15922,0.390332
51,3.73691,3.16368,0.374273
51,4.271,3.41657,0.926238
51,0.536111,2.99875,-0.111723
51,3.67864,3.31629,0.639617
51,3.67167,3.30342,0.53318
51,3.66316,3.24161,0.381262
51,3.65825,3.05927,-0.047486
51,3.58019,3.10411,0.0470511
51,3.66075,3.05968,-0.0494611
51,3.78187,3.13377,0.107779
51,3.66633,3.26495,0.375171
51,3.69257,3.33959,0.526408
51,3.71074,3.30107,0.387937
51,3.55583,3.11837,-0.0324308
51,3.59217,2.75126,-0.846897
51,3.72639,3.33607,0.213439
51,3.23259,3.18722,-0.157703
51,3.64826,3.26906,0.028108
51,3.92039,2.96545,-0.678957
51,3.32782,3.20908,-0.160213
51,3.22063,3.19809,-0.206052
51,3.46485,3.22918,-0.159644
51,3.35342,3.21224,-0.203719
51,3.31464,3.21471,-0.206931
51,3.488,3.23213,-0.166749
51,3.49008,3.22993,-0.180569
51,3.638,3.30045,-0.0297986
51,3.58376,3.28601,-0.106863
51,3.70962,3.12418,-0.461011
51,3.65353,3.32366,-0.0245914
51,3.49272,3.26339,-0.163202
51,3.5179,3.26399,-0.161957
51,3.50419,3.25305,-0.194406
51,3.52006,3.2603,-0.17831
51,3.64844,3.3244,-0.0461287
51,3.60928,3.29377,-0.115454
51,3.66747,3.34089,-0.0292434
51,3.56406,3.29055,-0.143437
51,3.64355,3.32571,-0.0679716
51,3.64075,3.27709,-0.17932
51,3.67257,3.31683,-0.0939134
51,3.61599,3.31999,-0.0982625
51,3.63824,3.3261,-0.0896643
51,3.60566,3.30625,-0.140319
51,3.68115,3.33777,-0.0804391
51,3.66003,3.34472,-0.0661983
51,3.70518,3.14892,-0.497044
51,3.72355,3.15837,-0.484931
51,3.63864,3.30081,-0.188282
51,3.6846,3.0437,-0.752759
51,3.65956,3.29901,-0.196831
51,3.73499,3.06327,-0.715497
51,3.65173,3.34672,-0.102999
51,3.61771,3.34562,-0.106887
51,3.7007,3.05001,-0.761581
51,3.76083,3.05194,-0.759071
51,3.65135,3.30786,-0.207559
51,4.39412,3.75366,0.770218
51,3.66569,3.11033,-0.662104
51,3.73298,3.18527,-0.502444
51,3.68894,3.07382,-0.758911
51,4.51758,3.76768,0.784144
51,3.69298,3.16799,-0.582429
51,3.58637,3.15031,-0.657318
51,3.70195,3.08947,-0.788465
51,3.30481,3.16096,-0.642252
51,3.70133,3.09953,-0.769581
51,3.66165,3.35109,-0.21948
51,3.25811,3.1411,-0.703214
51,3.69599,3.11096,-0.760113
51,3.76389,3.12785,-0.732682
51,3.28571,3.15675,-0.690463
51,3.58159,3.17331,-0.651142
51,3.30822,3.16275,-0.712382
51,3.44455,3.19047,-0.649744
51,3.38199,3.19027,-0.693274
51,3.44943,3.21797,-0.664308
51,3.59362,3.24147,-0.658218
51,3.4794,3.236,-0.684331
51,3.47378,3.23143,-0.718631
51,3.57524,3.24672,-0.692479
51,3.52925,3.24943,-0.700807
51,4.07403,3.23458,-0.832841
51,5.27955,4.24454,-1.25162
51,4.04063,5.1391,-0.846853
51,4.02898,5.0528,-1.6044
51,4.0528,5.02362,-1.70061
51,4.0639,5.18851,-1.67183
51,4.10529,5.18694,-1.70842
51,4.00234,5.21355,-1.68898
51,3.97005,5.21198,-1.71013
51,6.62531,13.5258,-3.86854
51,2.06976,2.04109,-0.920249
50,2.06976,2.04109,-0.920249
51,3.32148,2.97344,-0.595259
50,3.32148,2.97344,-0.595259
51,3.30839,3.2322,-0.733705
50,3.30839,3.2322,-0.733705
51,3.13158,2.56706,-0.373502
50,3.13158,2.56706,-0.373502
51,2.8653,2.04455,0.245023
50,2.8653,2.04455,0.245023
51,3.63855,3.10712,0.270284
50,3.63855,3.10712,0.270284
51,2.8212,2.07718,0.254008
50,2.8212,2.07718,0.254008
51,3.30782,3.40483,-0.250438
50,3.30782,3.40483,-0.250438
51,3.13307,2.57165,-0.376708
50,3.13307,2.57165,-0.376708
51,3.15163,2.7768,-0.0193483
50,3.15163,2.7768,-0.0193483
51,3.72454,3.27198,-0.761198
50,3.72454,3.27198,-0.761198
51,3.70271,3.00007,0.876281
50,3.70271,3.00007,0.876281
51,3.63859,3.86662,-1.08153
50,3.63859,3.86662,-1.08153
51,3.25354,3.17235,-0.197053
50,3.25354,3.17235,-0.197053
51,3.81973,3.53943,0.177989
50,3.81973,3.53943,0.177989
51,4.20805,3.11435,1.00465
50,4.20805,3.11435,1.00465
51,4.17202,3.37354,0.788119
50,4.17202,3.37354,0.788119
51,3.74001,3.08864,0.714125
50,3.74001,3.08864,0.714125
51,3.78397,3.18821,-0.795484
50,3.78397,3.18821,-0.795484
51,3.6934,3.35777,-0.0248577
50,3.6934,3.35777,-0.0248577
51,3.56229,3.48996,-0.252539
49,3.56229,3.48996,-0.252539
51,3.45295,2.64064,-0.795782
49,3.45295,2.64064,-0.795782
51,3.39749,3.1069,-0.642872
49,3.39749,3.1069,-0.642872
51,3.72201,3.02675,-0.173726
49,3.72201,3.02675,-0.173726
51,3.29741,2.30596,-0.781211
49,3.29741,2.30596,-0.781211
51,3.42456,3.1985,-0.713698
28,3.42456,3.1985,-0.713698
51,2.81063,2.13718,-0.77286
28,2.81063,2.13718,-0.77286
51,3.54203,3.2296,-0.667945
28,3.54203,3.2296,-0.667945
51,3.67924,3.09475,-0.0600334
28,3.67924,3.09475,-0.0600334
51,3.67124,2.97191,-0.115217
28,3.67124,2.97191,-0.115217
51,1.50611,2.95627,-0.743913
28,1.50611,2.95627,-0.743913
51,1.5931,2.34193,0.266323
28,1.5931,2.34193,0.266323
51,1.49606,2.99217,-0.762017
28,1.49606,2.99217,-0.762017
51,3.3871,2.50644,0.105179
28,3.3871,2.50644,0.105179
51,1.83722,2.044,-0.784462
27,1.83722,2.044,-0.784462
51,1.49645,2.97606,-0.449944
27,1.49645,2.97606,-0.449944
51,1.49754,2.9384,-0.432426
27,1.49754,2.9384,-0.432426
51,0.42057,2.53086,-0.824151
27,0.42057,2.53086,-0.824151
51,0.566112,2.71973,-0.487136
27,0.566112,2.71973,-0.487136
51,0.551193,2.54308,-0.803145
27,0.551193,2.54308,-0.803145
51,0.522637,2.62471,-0.704146
27,0.522637,2.62471,-0.704146
51,3.46607,3.40391,-0.246467
29,3.46607,3.40391,-0.246467
51,4.57315,3.00594,-0.930433
29,4.57315,3.00594,-0.930433
51,3.82266,2.0037,-0.938324
30,3.82266,2.0037,-0.938324
51,3.47352,2.70387,-0.806194
30,3.47352,2.70387,-0.806194
51,4.26305,3.24333,0.735049
32,4.26305,3.24333,0.735049
51,3.41846,3.74687,-0.928687
35,3.41846,3.74687,-0.928687
52,2.47513,1.33959,0.789695
52,2.34029,1.95632,0.698045
52,2.72602,2.01286,0.708313
52,2.72971,2.05406,0.705265
52,2.73924,2.06225,0.704823
52,2.7737,2.10755,0.765393
52,1.83903,2.02078,0.666891
52,1.83613,2.02946,0.674687
52,1.83893,2.05662,0.669252
52,2.72646,2.04161,0.508888
52,2.76838,2.06401,0.534015
52,2.77366,2.08153,0.509594
52,2.76011,2.07955,0.504628
52,2.75722,2.07978,0.505382
52,2.73476,2.04176,0.406791
52,1.84669,2.02228,0.481406
52,1.8425,2.02888,0.48271
52,2.77288,2.08363,0.394335
52,1.85656,2.01144,0.367762
52,1.60603,1.52099,-0.673355
52,1.31794,1.50516,-0.686796
52,1.58842,1.53671,-0.681841
52,2.83247,2.10419,0.26606
52,2.83326,2.10342,0.261034
52,1.26929,1.53656,-0.727652
52,1.35739,1.54506,-0.723776
52,2.82978,1.64161,-0.738576
52,1.35562,1.5523,-0.730301
52,1.34171,1.55772,-0.742334
52,2.81998,2.11712,0.189169
52,2.90402,1.66084,-0.770197
52,2.99118,1.67908,-0.774425
52,1.81529,1.6263,-0.730014
52,1.80557,1.59917,-0.794068
52,2.3589,1.63253,-0.800231
52,1.81866,1.63648,-0.720323
52,1.83257,1.62386,-0.757141
52,1.81346,1.63256,-0.738525
52,3.01655,1.69723,-0.76758
52,2.191,1.63521,-0.793492
52,3.03207,1.70261,-0.771891
52,2.34543,1.64795,-0.795044
52,1.82278,1.63464,-0.761709
52,3.23019,1.73141,-0.756559
52,3.05183,1.71145,-0.778427
52,1.83259,1.63841,-0.76468
52,2.16843,1.64432,-0.80063
52,1.83742,1.64119,-0.763476
52,3.06463,1.71327,-0.786466
52,1.80924,1.64754,-0.755391
52,1.637,1.60859,-0.814849
52,1.55952,1.63431,-0.752583
52,1.80986,1.642,-0.771424
52,1.71672,1.63035,-0.790936
52,2.3177,1.66796,-0.79484
52,2.31914,1.67051,-0.800605
52,2.21295,1.65673,-0.815684
52,3.23122,1.74788,-0.772306
52,3.15667,1.73144,-0.796042
52,1.55305,1.64516,-0.761369
52,3.0646,1.73891,-0.773762
52,1.71675,1.63792,-0.80067
52,2.33698,1.68616,-0.795079
52,2.26039,1.67469,-0.809706
52,3.07255,1.74221,-0.781075
52,3.26132,1.75992,-0.773232
52,3.15057,1.74109,-0.800433
52,1.80935,1.67492,-0.756886
52,2.00085,1.66291,-0.808864
52,0.825342,1.59624,-0.789209
52,3.10823,1.74717,-0.78686
52,3.18666,1.75471,-0.785698
52,1.28226,1.64711,-0.751092
52,3.11539,1.75124,-0.79367
52,2.34088,1.69576,-0.803962
52,2.18209,1.69612,-0.78224
52,2.17874,1.68811,-0.798907
52,1.0514,1.59525,-0.838565
52,1.26843,1.65087,-0.756649
52,3.11628,1.75624,-0.798032
52,3.60346,1.82398,-0.728821
52,2.05543,1.68672,-0.806779
52,1.68273,1.65675,-0.818382
52,3.41067,1.79403,-0.771473
52,3.5135,1.79546,-0.782354
52,3.26191,1.78202,-0.776293
52,3.17414,1.77147,-0.788052
52,0.991127,1.62363,-0.798862
52,3.19702,1.76681,-0.801334
52,3.10482,1.76381,-0.795344
52,3.23941,1.78726,-0.770309
52,3.11046,1.76661,-0.796554
52,3.64793,1.8197,-0.760125
52,0.812331,1.60746,-0.815771
52,2.10401,1.67463,-0.855335
52,3.49827,1.79928,-0.788611
52,2.85074,2.07342,-0.142753
52,3.21049,1.77765,-0.796684
52,2.83802,2.06936,-0.151947
52,0.989016,1.62941,-0.807486
52,0.919934,1.62071,-0.817223
52,3.10708,1.78185,-0.783529
52,2.85297,2.07428,-0.1536
52,0.981159,1.63764,-0.796835
52,1.2446,1.68266,-0.740361
52,1.54504,1.68781,-0.771384
52,0.916781,1.61941,-0.827091
52,2.09379,1.68464,-0.856604
52,1.84216,1.66658,-0.860909
52,1.81635,1.68505,-0.823177
52,1.5446,1.68217,-0.796174
52,3.67615,1.85184,-0.737277
52,3.21058,1.79792,-0.78879
52,1.68349,1.68686,-0.811959
52,1.59983,1.68209,-0.813169
52,3.14777,1.79957,-0.78786
52,3.47436,1.81931,-0.792057
52,1.51954,1.7018,-0.774606
52,1.95464,1.71126,-0.815085
52,2.07631,1.71955,-0.817138
52,1.67551,1.68158,-0.846999
52,1.87998,1.72352,-0.791482
52,2.16808,1.72484,-0.828504
52,1.42491,1.69484,-0.791975
52,2.04163,1.72844,-0.80931
52,1.54305,1.7067,-0.795155
52,1.95201,1.71993,-0.824917
52,2.10866,1.71917,-0.84883
52,2.02991,1.73273,-0.814102
52,1.51427,1.71596,-0.788475
52,2.11588,1.72342,-0.855321
52,1.40307,1.7107,-0.806636
52,3.28796,1.84642,-0.786546
52,0.818425,1.66637,-0.825267
52,1.70608,1.74081,-0.792033
52,1.88031,1.74263,-0.811836
52,1.79708,1.75109,-0.793675
52,3.51206,1.8693,-0.786981
52,0.851633,1.67626,-0.837061
52,1.39978,1.72008,-0.82149
52,0.858624,1.67918,-0.833985
52,3.29305,1.85871,-0.796169
52,3.52967,1.88051,-0.785817
52,1.39674,1.72119,-0.826869
52,3.15149,1.85177,-0.796254
52,3.16694,1.85247,-0.804527
52,3.27048,1.86068,-0.804145
52,3.26943,1.86193,-0.802494
52,2.08468,1.76915,-0.848419
52,1.04901,1.7265,-0.802272
52,1.97433,1.7648,-0.847775
52,0.773477,1.70031,-0.81913
52,3.26347,1.86965,-0.806869
52,3.19287,1.87024,-0.805481
52,1.90678,1.78544,-0.807412
52,1.69208,1.78734,-0.77845
52,1.70736,1.77692,-0.803108
52,1.97936,1.76954,-0.854924
52,1.49678,1.75154,-0.827611
52,1.78802,1.77367,-0.822037
52,1.47784,1.78178,-0.764152
52,1.69493,1.78486,-0.788545
52,1.35989,1.78259,-0.751406
52,1.48351,1.78656,-0.764391
52,1.49028,1.78728,-0.764342
52,1.4967,1.7888,-0.765121
52,3.32616,1.89804,-0.78744
52,1.0113,1.73544,-0.812795
52,1.49434,1.78879,-0.769195
52,3.18949,1.89149,-0.787184
52,2.16571,1.82301,-0.791795
52,1.0021,1.73772,-0.810956
52,0.792496,1.71935,-0.829634
52,1.81007,1.77338,-0.868788
52,0.746786,1.72391,-0.8341
52,1.00173,1.74475,-0.827008
52,2.1003,1.81903,-0.827647
52,2.09832,1.81967,-0.828546
52,1.63819,1.78609,-0.839285
52,3.33768,1.91713,-0.802428
52,1.63126,1.7884,-0.844375
52,2.88161,2.10187,-0.373623
52,3.20094,1.91621,-0.797425
52,3.25682,1.93159,-0.778602
52,3.23885,1.91579,-0.80896
52,3.37484,1.94073,-0.779102
52,3.37214,1.94354,-0.775875
52,1.79592,1.81719,-0.829504
52,2.15511,1.84891,-0.81624
52,0.717547,1.74965,-0.83088
52,1.09239,1.78208,-0.827019
52,2.22091,1.87202,-0.796218
52,1.04322,1.77748,-0.832685
52,3.35674,1.95892,-0.790623
52,2.1256,1.88236,-0.803743
52,2.23908,1.89111,-0.811053
52,1.78768,1.8449,-0.854007
52,3.28264,1.98955,-0.768542
52,3.28602,1.99874,-0.758833
52,0.623855,1.80374,-0.80972
52,1.78856,1.87344,-0.855526
52,2.20795,1.93305,-0.798508
52,3.30048,2.01264,-0.783509
52,1.78707,1.87946,-0.86013
52,1.04554,1.82155,-0.881978
52,3.29495,2.01875,-0.7805
52,1.93016,1.89512,-0.859627
52,2.77506,2.044,-0.691411
52,2.3197,1.96504,-0.793935
52,1.79534,1.89514,-0.876558
52,1.03142,1.85419,-0.865552
52,2.27692,1.97163,-0.796127
52,2.33235,1.96816,-0.810735
52,2.29088,1.97581,-0.789783
52,2.32189,1.97504,-0.799026
52,2.27976,1.97886,-0.791184
52,2.87313,2.08181,-0.663524
52,2.88419,2.07642,-0.691031
52,2.88954,2.0797,-0.691295
52,2.6208,2.04291,-0.757891
52,1.6,1.94158,-0.829697
52,1.80062,1.92431,-0.905255
52,2.84753,2.07424,-0.747664
52,0.535245,1.88434,-0.829694
52,1.76301,1.96526,-0.830254
52,2.64108,2.05712,-0.760608
52,1.63332,1.95647,-0.831962
52,0.489751,1.88187,-0.832247
52,2.6422,2.05312,-0.772949
52,2.65907,2.06076,-0.769818
52,1.6016,1.95881,-0.841638
52,1.61605,1.97923,-0.806196
52,0.527768,1.90101,-0.826961
52,1.88316,2.03605,-0.732542
52,1.60927,1.97597,-0.823854
52,2.64036,2.07466,-0.763063
52,2.85982,2.06738,-0.820477
52,1.63867,1.97736,-0.84136
52,1.87488,2.05278,-0.760571
52,1.86075,2.05255,-0.773116
52,1.87633,2.07736,-0.772639
52,1.85167,2.06073,-0.847009
52,3.58359,2.2065,-0.788075
52,3.25037,2.22663,-0.724115
52,3.25774,2.22997,-0.733022
52,1.46809,2.60888,0.198124
52,3.05597,2.20076,-0.933242
52,3.07509,2.22161,-0.977633
52,0.497251,2.15347,-0.786606
52,0.476954,2.15974,-0.803815
52,0.963052,2.21055,-0.773872
52,0.490858,2.17015,-0.797078
52,1.48922,2.55873,-0.17787
52,0.456946,2.19357,-0.796121
52,0.44003,2.22723,-0.773835
52,1.45888,2.60763,-0.191703
52,0.49433,2.22659,-0.845114
52,0.518857,2.22772,-0.878709
52,0.656473,2.60451,-0.135502
52,1.47816,2.77463,0.0958091
52,0.622867,2.67144,-0.0107393
52,3.73187,3.0844,0.412999
52,3.71273,3.09256,0.410605
52,1.44068,2.64243,-0.207561
52,3.47046,2.53947,-0.699487
52,0.482256,2.26044,-0.881037
52,1.47255,2.73676,-0.0531428
52,3.32361,2.55061,-0.685806
52,1.46306,2.75202,-0.0579628
52,1.48124,2.84285,0.120302
52,1.48339,2.80354,0.0182014
52,1.456,2.77788,-0.0578487
52,1.48937,2.87915,0.104766
52,3.27748,2.51143,-0.92982
52,3.4289,2.61393,-0.743333
52,0.298061,2.57422,-0.413514
52,3.4214,2.60412,-0.771302
52,0.309623,2.52768,-0.520931
52,0.319636,2.5258,-0.531696
52,0.300048,2.57879,-0.423769
52,3.42534,2.6164,-0.77538
52,0.357586,2.62353,-0.351162
52,3.44545,2.61775,-0.782067
52,0.290244,2.61459,-0.367951
52,0.380337,2.56731,-0.486512
52,0.357396,2.59515,-0.427642
52,0.461761,2.64316,-0.34477
52,0.335063,2.49134,-0.638031
52,0.527701,2.64134,-0.363794
52,0.324416,2.4987,-0.630365
52,0.422101,2.58699,-0.468553
52,0.417094,2.61702,-0.409262
52,0.379936,2.52854,-0.591922
52,0.428143,2.58158,-0.490354
52,0.261102,2.44163,-0.756618
52,0.472989,2.65217,-0.356191
52,0.478789,2.61195,-0.439556
52,0.479938,2.59748,-0.473812
52,0.37897,2.54265,-0.574378
52,0.478403,2.62951,-0.410896
52,0.546363,2.63353,-0.424537
52,0.480157,2.59613,-0.494029
52,0.284901,2.63369,-0.399916
52,3.56421,3.07675,0.0656083
52,0.343853,2.45805,-0.769169
52,0.337366,2.62466,-0.431671
52,0.438344,2.57462,-0.549135
52,0.442073,2.52123,-0.660205
52,0.546383,2.57147,-0.577519
52,0.500441,2.56961,-0.580025
52,0.439877,2.53981,-0.636671
52,0.292482,2.61552,-0.462737
52,0.490921,2.57054,-0.585571
52,0.330614,2.47188,-0.770466
52,3.64754,3.19466,0.258586
52,3.66376,3.19729,0.258804
52,0.544116,2.5514,-0.643857
52,0.274005,2.56352,-0.583979
52,3.46785,2.59309,-0.952476
52,0.291372,2.55362,-0.609469
52,0.331417,2.61291,-0.495073
52,0.368775,2.56058,-0.607376
52,0.45921,2.49032,-0.771579
52,0.385225,2.6485,-0.439775
52,0.442736,2.68214,-0.382157
52,0.50598,2.68069,-0.394395
52,0.402948,2.6195,-0.511814
52,0.504639,2.66646,-0.439952
52,0.523962,2.64086,-0.496183
52,0.452703,2.49613,-0.784891
52,0.42084,2.57923,-0.613877
52,0.283658,2.54054,-0.675007
52,0.561038,2.69529,-0.409408
52,0.478982,2.59057,-0.615769
52,0.418635,2.56553,-0.660708
52,0.627188,2.52211,-0.778068
52,0.61329,2.70634,-0.400821
52,3.58039,2.69895,-0.816702
52,0.407659,2.59161,-0.614348
52,0.314994,2.52567,-0.748466
52,0.475997,2.57816,-0.663561
52,0.598674,2.60974,-0.617296
52,0.416277,2.54636,-0.723041
52,0.519211,2.63645,-0.555152
52,0.641754,2.62544,-0.604591
52,0.432954,2.51856,-0.797523
52,0.534444,2.58985,-0.665776
52,0.474981,2.55743,-0.725055
52,0.672574,2.60487,-0.656238
52,0.534919,2.56983,-0.718992
52,1.35682,3.00624,0.0565641
52,0.675856,2.6523,-0.574823
52,0.632222,2.75259,-0.370047
52,0.639158,2.60794,-0.66807
52,3.70104,3.26687,0.257775
52,3.5995,3.15325,0.0322309
52,0.665288,2.62591,-0.656135
52,3.68562,3.11568,-0.0656286
52,0.672077,2.57059,-0.778536
52,0.672957,2.62288,-0.675186
52,0.679384,2.63426,-0.659863
52,0.680787,2.61963,-0.694168
52,0.645276,2.60496,-0.720661
52,0.652664,2.77937,-0.39077
52,0.670872,2.60003,-0.788348
52,0.572295,2.98415,-0.00765032
52,3.51851,3.15155,-0.0811654
52,3.56497,3.16841,-0.0595478
52,1.51164,2.86816,-0.405227
52,0.544281,2.9749,-0.124233
52,1.55148,2.76318,-0.70895
52,3.61458,3.26282,-0.0845433
52,1.53951,2.81536,-0.760104
52,3.56981,3.26948,-0.132152
52,1.52306,2.87878,-0.704226
52,3.58379,3.29175,-0.142792
52,3.71564,3.03532,-0.713969
52,1.51681,2.8562,-0.786583
52,1.52363,2.86215,-0.782675
52,3.72692,3.06309,-0.732585
52,0.565758,2.98256,-0.489627
52,3.7117,3.06836,-0.775082
52,3.62121,3.15839,-0.678077
52,3.57804,3.19647,-0.662348
52,5.77497,5.01134,-1.67153
52,3.29935,3.11004,-0.124476
51,3.29935,3.11004,-0.124476
52,2.76356,2.11465,0.700433
51,2.76356,2.11465,0.700433
52,2.65464,2.09709,-0.812615
51,2.65464,2.09709,-0.812615
52,2.85087,2.06959,-0.142806
51,2.85087,2.06959,-0.142806
52,1.82202,1.77674,-0.842007
51,1.82202,1.77674,-0.842007
52,3.03045,2.16839,-0.90587
51,3.03045,2.16839,-0.90587
52,1.92991,1.7364,-0.742828
51,1.92991,1.7364,-0.742828
52,3.65162,3.29133,-0.181791
51,3.65162,3.29133,-0.181791
52,1.80549,1.82411,-0.892643
51,1.80549,1.82411,-0.892643
52,2.2828,2.09112,-0.896895
51,2.2828,2.09112,-0.896895
52,1.48816,1.76262,-0.751305
51,1.48816,1.76262,-0.751305
52,3.61411,2.92538,-0.373106
51,3.61411,2.92538,-0.373106
52,3.42181,2.59477,-0.253654
51,3.42181,2.59477,-0.253654
52,3.65564,3.02815,-0.441962
51,3.65564,3.02815,-0.441962
52,2.12394,1.88837,-0.745023
50,2.12394,1.88837,-0.745023
52,4.05169,3.21107,0.362629
50,4.05169,3.21107,0.362629
52,1.6872,2.24672,-0.402014
50,1.6872,2.24672,-0.402014
52,3.18424,2.5676,0.0367195
28,3.18424,2.5676,0.0367195
52,1.84641,2.2685,-0.996183
28,1.84641,2.2685,-0.996183
52,3.3346,3.16817,-0.693021
28,3.3346,3.16817,-0.693021
52,2.42969,1.75536,-0.935058
28,2.42969,1.75536,-0.935058
52,3.26035,1.867,-0.932804
28,3.26035,1.867,-0.932804
52,2.74803,2.02153,0.509786
49,2.74803,2.02153,0.509786
52,1.87503,2.06745,-0.850836
27,1.87503,2.06745,-0.850836
52,1.80874,2.05129,-0.818102
27,1.80874,2.05129,-0.818102
52,1.45707,2.94666,-0.0328922
27,1.45707,2.94666,-0.0328922
52,3.66461,3.05374,0.178917
27,3.66461,3.05374,0.178917
52,0.30916,2.53205,-0.666932
27,0.30916,2.53205,-0.666932
52,1.53726,2.81902,-0.667188
27,1.53726,2.81902,-0.667188
52,3.67318,3.11082,-0.061555
27,3.67318,3.11082,-0.061555
52,0.546922,2.57339,-0.69138
27,0.546922,2.57339,-0.69138
52,0.619257,2.72957,-0.466584
27,0.619257,2.72957,-0.466584
52,10.2232,17.0593,-8.26899
31,10.2232,17.0593,-8.26899
53,2.19311,0.498369,0.890958
53,1.64473,0.951544,0.396756
53,1.37856,1.34946,0.214706
53,1.33992,1.33384,0.115672
53,2.52609,1.99462,0.724754
53,2.77374,2.0665,0.78937
53,2.77841,2.07728,0.785401
53,2.7465,2.07125,0.703142
53,1.84416,1.9968,0.779087
53,2.76482,2.09646,0.70376
53,1.85403,2.01124,0.784824
53,1.85968,1.99816,0.484832
53,1.85996,1.99854,0.472826
53,1.8384,2.00865,0.465104
53,1.8565,2.02665,0.48507
53,1.8576,1.99901,0.372668
53,1.86185,2.00373,0.377641
53,1.85918,2.0045,0.3712
53,1.88467,2.00955,0.366065
53,1.86615,2.01188,0.36869
53,2.85343,2.10958,0.248254
53,2.84673,2.12546,0.250874
53,2.84842,2.12274,0.24053
53,2.85834,2.13942,0.267098
53,2.85681,2.12958,0.242493
53,2.87775,2.14709,0.220755
53,1.58603,1.52759,-0.691418
53,1.29969,1.51443,-0.729461
53,1.3751,1.51239,-0.765476
53,1.29018,1.52257,-0.745449
53,2.03829,1.63723,-0.767466
53,1.3499,1.56262,-0.75388
53,1.36531,1.56354,-0.768704
53,1.31554,1.59688,-0.731215
53,1.32118,1.60854,-0.755181
53,1.34322,1.608,-0.765344
53,1.08497,1.53988,-0.831928
53,1.29432,1.615,-0.747295
53,1.34254,1.6188,-0.773445
53,1.34483,1.62891,-0.763498
53,1.81522,1.67429,-0.817691
53,1.286,1.63298,-0.749166
53,1.96414,1.70047,-0.810848
53,2.20822,1.7463,-0.800578
53,1.95426,1.70655,-0.819735
53,2.19365,1.75592,-0.794949
53,0.639488,1.56315,-0.748116
53,2.31273,1.77861,-0.796513
53,1.57313,1.68042,-0.782687
53,2.21822,1.77397,-0.798475
53,0.986135,1.5772,-0.841576
53,0.877124,1.5753,-0.814492
53,2.30708,1.78707,-0.803157
53,2.22234,1.77182,-0.813407
53,1.60359,1.68967,-0.811201
53,2.25647,1.79255,-0.795857
53,2.24271,1.80028,-0.788852
53,0.664633,1.58434,-0.787104
53,2.03722,1.75488,-0.839787
53,1.05148,1.61,-0.855671
53,1.0578,1.61154,-0.856125
53,0.637631,1.6005,-0.775575
53,2.18432,1.80562,-0.808573
53,0.623345,1.61717,-0.742032
53,0.663051,1.59705,-0.797009
53,1.57524,1.7269,-0.802352
53,2.32432,1.83038,-0.812128
53,1.35617,1.69527,-0.807978
53,1.92375,1.78145,-0.804148
53,2.3254,1.83486,-0.812842
53,1.37506,1.69318,-0.828207
53,0.819189,1.61634,-0.823012
53,3.32753,2.01958,-0.752935
53,0.982057,1.64831,-0.835239
53,0.913633,1.63373,-0.845406
53,1.81924,1.77258,-0.827848
53,0.912695,1.63709,-0.846027
53,1.93459,1.80517,-0.80106
53,2.12386,1.83575,-0.797384
53,2.11624,1.83772,-0.791461
53,0.773854,1.63521,-0.815782
53,2.80988,1.98807,-0.69686
53,0.617235,1.64291,-0.766286
53,2.12483,1.8408,-0.8025
53,1.99127,1.79951,-0.852535
53,2.07546,1.8401,-0.797941
53,2.08006,1.85134,-0.784084
53,0.692718,1.65178,-0.788239
53,2.19805,1.86577,-0.795877
53,2.08271,1.85198,-0.790538
53,0.604552,1.64706,-0.777967
53,2.07875,1.85431,-0.79236
53,2.15097,1.86859,-0.787067
53,2.88684,1.98256,-0.775513
53,0.908942,1.66784,-0.846177
53,0.683316,1.65625,-0.805211
53,0.678668,1.65849,-0.804232
53,2.20449,1.87534,-0.807769
53,1.97251,1.82412,-0.846965
53,2.89697,2.07626,-0.604894
53,1.97107,1.82453,-0.848904
53,2.00961,1.84193,-0.825458
53,2.86585,1.99116,-0.772433
53,0.64955,1.66166,-0.801389
53,0.819692,1.66658,-0.843311
53,2.90928,1.9896,-0.794459
53,2.8879,2.00723,-0.753129
53,2.25022,1.88948,-0.81148
53,2.86781,2.01565,-0.736027
53,2.88812,1.99439,-0.78614
53,2.83666,2.02803,-0.710741
53,1.05304,1.73498,-0.79244
53,2.86961,2.01299,-0.755909
53,1.02268,1.72361,-0.815549
53,2.00782,1.85427,-0.838752
53,2.84184,2.03482,-0.717905
53,2.87206,2.00529,-0.787034
53,0.5639,1.68421,-0.775418
53,2.93942,2.01224,-0.804319
53,2.82485,2.03804,-0.719291
53,0.619279,1.69621,-0.777339
53,2.80622,2.05528,-0.698478
53,0.769795,1.70709,-0.815728
53,2.91813,2.0154,-0.815593
53,2.29615,1.95018,-0.768345
53,0.764581,1.70574,-0.823557
53,2.03531,1.90904,-0.78592
53,2.86266,2.02822,-0.785394
53,0.610236,1.7082,-0.787678
53,0.610089,1.70552,-0.79467
53,2.17213,1.92872,-0.79643
53,2.21548,1.92581,-0.817659
53,2.28009,1.95623,-0.777142
53,0.775885,1.71313,-0.835538
53,2.10273,1.92636,-0.789022
53,0.74396,1.72265,-0.810467
53,1.84443,1.86382,-0.844459
53,2.84153,2.05695,-0.744484
53,2.13102,1.93316,-0.790663
53,3.01677,2.04767,-0.818165
53,2.3331,1.96174,-0.796077
53,2.10634,1.93081,-0.794364
53,0.689311,1.71982,-0.817854
53,2.02869,1.9211,-0.802713
53,2.14259,1.94003,-0.807678
53,2.2637,1.94684,-0.830164
53,2.70825,2.55601,0.279622
53,1.92939,1.91191,-0.811459
53,1.92807,1.91366,-0.809405
53,2.24409,1.9588,-0.813416
53,2.29989,1.97633,-0.795217
53,0.576221,1.73775,-0.800625
53,2.03088,1.9392,-0.814576
53,1.27125,1.81932,-0.842131
53,0.632353,1.74746,-0.804736
53,0.59619,1.74797,-0.803174
53,0.593792,1.75595,-0.797265
53,0.708777,1.7743,-0.860715
53,1.7696,1.95196,-0.824443
53,0.610192,1.7851,-0.835738
53,1.89826,2.0269,-0.735665
53,0.584328,1.80534,-0.814081
53,1.75326,1.96512,-0.832015
53,1.61151,1.96073,-0.807935
53,0.361562,1.80393,-0.768529
53,0.373658,1.80881,-0.77084
53,0.369734,1.80992,-0.781723
53,1.89722,2.05396,-0.752755
53,1.61975,1.99619,-0.809728
53,0.46993,1.83717,-0.812897
53,1.59971,1.98733,-0.847117
53,0.609148,2.69626,0.866417
53,0.597706,2.71382,0.861952
53,0.540409,1.8931,-0.826463
53,1.88485,2.08497,-0.874697
53,0.526456,1.90453,-0.847114
53,0.536482,1.92822,-0.81017
53,0.4879,1.9171,-0.832435
53,0.612902,2.74401,0.799618
53,0.534577,1.95035,-0.80193
53,0.451291,1.93021,-0.822978
53,0.473057,1.94204,-0.835913
53,0.440346,1.94647,-0.834365
53,0.582637,2.78685,0.796459
53,0.172451,1.95975,-0.786502
53,0.149193,1.98337,-0.806468
53,0.35175,1.99471,-0.858728
53,0.320976,2.03585,-0.860034
53,0.276955,2.04124,-0.846048
53,0.044131,2.08841,-0.754652
53,3.44522,2.60965,-0.748642
53,0.1732,2.11414,-0.817884
53,3.69804,3.14939,0.265509
53,3.52698,2.62475,-0.765626
53,0.517274,2.17414,-0.838328
53,0.461691,2.18803,-0.83126
53,0.199787,2.15968,-0.833251
53,0.443033,2.19827,-0.832844
53,3.70722,3.2789,0.371074
53,0.182851,2.17861,-0.852492
53,3.67411,3.07132,-0.0546166
53,0.433615,2.22931,-0.836721
53,0.654327,2.64824,-0.0708472
53,0.176431,2.18887,-0.872896
53,0.175818,2.19618,-0.869507
53,0.163014,2.20208,-0.873533
53,3.60748,3.15734,0.0406514
53,0.630989,2.65101,-0.160111
53,3.62934,2.74393,-0.85637
53,0.389544,2.30194,-0.821033
53,0.0650177,2.2629,-0.834398
53,0.369212,2.32277,-0.838581
53,0.0548975,2.27901,-0.842811
53,0.0452762,2.27581,-0.849452
53,3.64203,3.00629,-0.427191
53,3.58208,3.18798,-0.0425844
53,1.44489,2.85733,-0.0942904
53,1.58899,2.62222,-0.625601
53,-0.0266876,2.28431,-0.846226
53,-0.0303426,2.2856,-0.855594
53,1.46914,2.8721,-0.103394
53,3.6327,2.99991,-0.476498
53,0.306836,2.56136,-0.410272
53,3.53144,3.16994,-0.112594
53,0.318358,2.59136,-0.360145
53,0.302894,2.40959,-0.736297
53,1.47091,2.86129,-0.162311
53,0.486479,2.62447,-0.359011
53,0.416081,2.62474,-0.340756
53,1.46053,2.86552,-0.160169
53,3.68277,2.94548,-0.650562
53,0.595197,2.64841,-0.359433
53,0.321654,2.5051,-0.572985
53,0.304661,2.60386,-0.370719
53,3.55362,3.19911,-0.113737
53,3.69018,2.95996,-0.668011
53,3.6256,2.95422,-0.663338
53,3.65495,3.25844,-0.0626011
53,1.45017,2.81994,-0.316362
53,3.62063,3.1995,-0.180304
53,1.48874,2.89628,-0.181078
53,3.70378,2.97549,-0.672503
53,0.405207,2.64487,-0.386706
53,0.301093,2.55385,-0.543415
53,0.401574,2.65339,-0.378641
53,0.524464,2.66357,-0.396072
53,0.355713,2.63754,-0.406719
53,0.416425,2.62619,-0.451279
53,0.570798,2.96472,0.186273
53,0.402174,2.46839,-0.78386
53,0.580637,2.71314,-0.373068
53,0.266162,2.65133,-0.40827
53,0.0991631,2.39248,-0.889044
53,0.506893,2.67502,-0.440717
53,0.563628,2.67058,-0.467861
53,3.66365,2.98861,-0.724606
53,0.258303,2.47636,-0.778422
53,0.577695,2.94061,0.0692896
53,0.466471,2.62395,-0.551737
53,0.52067,2.671,-0.472475
53,0.657012,2.70756,-0.441272
53,0.550019,2.72145,-0.382892
53,0.448307,2.676,-0.44708
53,0.623329,2.74971,-0.350784
53,0.427387,2.70505,-0.387263
53,0.65841,2.69435,-0.478709
53,0.579058,2.64844,-0.552541
53,0.565825,2.70043,-0.447011
53,0.67968,2.55618,-0.777761
53,0.681985,2.6506,-0.58742
53,0.585239,2.61155,-0.640027
53,0.646363,2.70979,-0.458631
53,0.466253,2.6352,-0.562686
53,0.588917,2.62834,-0.612683
53,0.636317,2.75322,-0.373923
53,0.475254,2.58852,-0.666878
53,0.488435,2.60159,-0.645429
53,0.39233,2.64613,-0.529843
53,0.640756,2.64153,-0.614206
53,0.601171,2.63616,-0.615664
53,0.584173,2.6598,-0.562979
53,0.36517,2.52403,-0.780003
53,0.515351,2.64707,-0.579266
53,0.646837,2.63675,-0.64736
53,0.390984,2.63148,-0.584488
53,3.70073,3.02685,-0.748317
53,0.661186,2.6757,-0.578714
53,0.653268,2.60165,-0.727573
53,0.484443,2.57759,-0.733409
53,-0.267213,2.41242,-0.852273
53,0.410337,2.58808,-0.700328
53,0.491707,2.5448,-0.815162
53,0.534594,2.58835,-0.750092
53,0.575836,2.94013,-0.120275
53,0.591262,2.87358,-0.310202
53,1.56583,2.81597,-0.757791
53,1.56106,2.83865,-0.73375
53,3.69621,3.18508,-0.673906
53,1.55762,2.84824,-0.746317
53,1.55994,2.83719,-0.771521
53,1.53576,2.87856,-0.702716
53,-0.37306,2.82595,-0.312467
53,3.54593,3.22388,-0.69123
53,1.85542,1.99627,0.676062
52,1.85542,1.99627,0.676062
53,1.26957,1.54744,-0.65979
52,1.26957,1.54744,-0.65979
53,1.28138,3.50644,-0.641258
52,1.28138,3.50644,-0.641258
53,0.601807,2.57687,-0.732334
52,0.601807,2.57687,-0.732334
53,0.534827,2.19879,-0.842603
52,0.534827,2.19879,-0.842603
53,0.450493,2.56644,-0.548772
52,0.450493,2.56644,-0.548772
53,0.670685,2.66886,-0.420403
52,0.670685,2.66886,-0.420403
53,2.91879,2.22007,-0.206484
51,2.91879,2.22007,-0.206484
53,0.45889,2.64758,-0.353596
51,0.45889,2.64758,-0.353596
53,3.89554,2.88477,-0.635285
51,3.89554,2.88477,-0.635285
53,0.744158,2.53148,-0.41413
51,0.744158,2.53148,-0.41413
53,2.82431,2.10692,-0.751304
27,2.82431,2.10692,-0.751304
53,2.81491,2.0854,-0.750283
27,2.81491,2.0854,-0.750283
53,1.75891,2.09574,0.782819
27,1.75891,2.09574,0.782819
53,2.85523,2.15581,-0.833484
27,2.85523,2.15581,-0.833484
53,0.138242,3.18546,-1.16363
27,0.138242,3.18546,-1.16363
53,3.61096,2.85356,-0.950715
27,3.61096,2.85356,-0.950715
53,3.80865,3.05889,-0.72969
27,3.80865,3.05889,-0.72969
53,3.68987,3.06497,0.174209
27,3.68987,3.06497,0.174209
53,0.565257,2.70467,-0.457859
27,0.565257,2.70467,-0.457859
53,0.637828,2.35193,-0.402259
27,0.637828,2.35193,-0.402259
53,0.586855,2.64371,-0.431326
27,0.586855,2.64371,-0.431326
53,0.412606,2.61265,-0.697038
21,0.412606,2.61265,-0.697038
53,0.519597,2.62349,-0.586398
21,0.519597,2.62349,-0.586398
53,0.455785,2.74268,-0.721979
21,0.455785,2.74268,-0.721979
53,0.669593,2.65217,-0.583987
21,0.669593,2.65217,-0.583987
53,0.596569,2.59741,-0.695395
21,0.596569,2.59741,-0.695395
53,2.20762,1.96342,-0.855311
28,2.20762,1.96342,-0.855311
53,2.3178,1.92045,-0.86008
28,2.3178,1.92045,-0.86008
53,0.29141,2.6204,-0.475115
24,0.29141,2.6204,-0.475115
53,0.543448,2.557,-0.793513
3,0.543448,2.557,-0.793513
53,0.407006,2.61855,-0.55394
3,0.407006,2.61855,-0.55394
53,0.249444,2.60625,-0.726837
26,0.249444,2.60625,-0.726837
54,1.54966,1.01452,0.483518
54,2.62207,1.5319,0.234554
54,2.63525,1.56234,0.211132
54,1.81885,1.84652,1.05286
54,1.81773,1.85704,1.04063
54,1.32464,1.37383,0.221087
54,1.307,1.37713,0.234932
54,2.67476,1.66289,0.128168
54,1.29264,1.38572,0.247872
54,1.2882,1.38509,0.243208
54,1.32954,1.36197,0.165045
54,1.29463,1.40329,0.273777
54,1.29364,1.40405,0.268911
54,1.29137,1.40673,0.267952
54,1.27802,1.40325,0.234618
54,1.28792,1.38316,0.18281
54,1.29419,1.3931,0.194262
54,1.28517,1.41035,0.232106
54,1.29411,1.37107,0.1363
54,1.29188,1.38271,0.162308
54,1.29406,1.38215,0.147697
54,1.31231,1.38447,0.115926
54,1.31133,1.40503,0.151914
54,2.69896,1.72268,0.104109
54,1.29996,1.41527,0.163342
54,1.31447,1.38952,0.0798613
54,1.25061,1.40715,0.143408
54,1.27736,1.38224,0.0686702
54,1.8013,1.90477,0.91579
54,1.78313,1.91212,0.932825
54,1.78063,1.96336,0.889442
54,1.89068,1.57782,-0.366197
54,1.7363,2.20032,0.943213
54,1.73932,2.20049,0.888482
54,1.87702,1.64141,-0.426218
54,1.78367,2.35694,1.06481
54,0.618767,1.46858,-0.317482
54,2.93472,2.29757,0.242852
54,0.945738,2.20167,1.07331
54,1.73082,2.30745,0.868138
54,2.94722,2.32078,0.227323
54,2.99012,2.35473,0.157689
54,2.97449,2.36286,0.182038
54,2.99391,2.36012,0.165682
54,0.53813,1.53682,-0.330691
54,0.541474,1.58897,-0.387004
54,0.797573,1.55916,-0.69647
54,0.549065,1.59701,-0.540438
54,1.66175,1.8234,-0.712462
54,0.798935,2.43319,1.07237
54,0.700849,1.61213,-0.706712
54,0.811514,1.66633,-0.802186
54,0.17659,2.18992,0.629226
54,0.104493,2.20329,0.641874
54,0.0732008,2.27945,0.737126
54,0.122124,2.25592,0.564439
54,0.722555,1.73946,-0.891731
54,0.0395422,2.26944,0.628047
54,0.678319,1.89472,-0.546781
54,0.0546179,2.25668,0.561198
54,0.538153,1.77549,-0.758603
54,0.669876,1.90808,-0.545227
54,0.0842966,2.28743,0.58226
54,0.028384,2.3266,0.65422
54,0.0139334,2.29748,0.562306
54,0.0757917,2.23114,0.29264
54,0.0181653,2.30396,0.418803
54,0.0412006,2.27301,0.301304
54,-0.000922918,2.30136,0.358495
54,-0.00588226,2.3071,0.359159
54,-0.0605979,2.37888,0.544428
54,-0.021462,2.33275,0.410508
54,-0.0411146,2.35914,0.401111
54,-0.098139,2.41043,0.471125
54,-0.0646753,2.27601,0.107537
54,-0.0316584,2.34643,0.238628
54,-0.0618279,2.31706,0.165084
54,-0.0800619,2.34079,0.145608
54,1.55168,2.19089,-1.05546
54,0.843544,1.98486,-1.13914
54,0.476938,1.96228,-1.0225
54,1.86461,2.32524,-1.03814
54,-0.17425,2.36605,0.0967443
54,0.434563,2.04102,-0.950007
54,1.82356,2.32853,-1.07643
54,-0.135317,2.36014,0.0349204
54,0.808969,2.46224,-0.318964
54,-0.103166,2.40017,0.00122058
54,0.425572,2.0298,-1.09836
54,0.405484,2.08179,-0.980025
54,-0.17367,2.40892,0.0222647
54,0.742985,2.50947,-0.282803
54,0.732298,2.5165,-0.287522
54,0.359427,2.07552,-1.06084
54,-0.193943,2.43189,0.00932461
54,1.09996,2.17533,-1.27611
54,0.76892,2.50399,-0.387178
54,0.36116,2.09262,-1.06991
54,0.329968,2.09486,-1.05621
54,0.791246,2.44025,-0.550123
54,0.760978,2.51652,-0.391991
54,0.733865,2.52239,-0.375015
54,0.800299,2.39196,-0.702798
54,0.769549,2.45383,-0.566072
54,0.312179,2.11547,-1.065
54,-0.177928,2.4753,-0.0204834
54,0.73428,2.53958,-0.382122
54,0.729402,2.58182,-0.302362
54,0.78392,2.40958,-0.713077
54,0.773104,2.42424,-0.679717
54,0.762506,2.42152,-0.690238
54,0.756343,2.50218,-0.513533
54,0.426107,2.47467,-0.397594
54,0.653077,2.56682,-0.320988
54,0.586023,2.54625,-0.345653
54,0.671146,2.44976,-0.608636
54,0.534356,2.51567,-0.403989
54,0.536657,2.55609,-0.317158
54,0.429364,2.53279,-0.316772
54,0.544335,2.47389,-0.510088
54,0.741911,2.51895,-0.520867
54,0.44413,2.35479,-0.722033
54,0.68846,2.58422,-0.353346
54,0.190198,2.15253,-1.03133
54,0.742426,2.46127,-0.652212
54,0.696211,2.53842,-0.465518
54,0.686707,2.41697,-0.727385
54,0.470431,2.54502,-0.334377
54,0.663839,2.41044,-0.734711
54,0.439579,2.36127,-0.725639
54,0.409621,2.49973,-0.414134
54,0.731204,2.49291,-0.606748
54,0.595445,2.56036,-0.389856
54,0.66326,2.55332,-0.441883
54,0.733385,2.4885,-0.621444
54,0.682769,2.59207,-0.370262
54,0.699533,2.56438,-0.440943
54,0.717149,2.54151,-0.504795
54,0.719371,2.51233,-0.571997
54,0.641595,2.57197,-0.401457
54,0.482913,2.45521,-0.574806
54,0.754016,2.46287,-0.703766
54,0.343795,2.14744,-1.19698
54,0.757194,2.47136,-0.710973
54,0.394111,2.42672,-0.616401
54,0.719819,2.54558,-0.533096
54,0.49392,2.42356,-0.681166
54,0.730834,2.50308,-0.635148
54,0.67214,2.62192,-0.344933
54,0.683721,2.60399,-0.400938
54,0.733187,2.50673,-0.644255
54,0.71507,2.4838,-0.687383
54,0.708498,2.48227,-0.690544
54,0.67512,2.60235,-0.412376
54,0.176363,2.19099,-1.047
54,0.689865,2.52532,-0.59167
54,-0.170799,2.56296,-0.0503129
54,0.712688,2.48925,-0.683948
54,0.45615,2.52053,-0.479686
54,0.678401,2.57794,-0.482655
54,0.681498,2.58471,-0.471363
54,0.59168,2.46116,-0.696531
54,0.694494,2.54901,-0.567395
54,0.549125,2.5163,-0.563023
54,0.73202,2.47978,-0.740721
54,0.70771,2.50503,-0.675024
54,0.666173,2.47022,-0.738959
54,0.452449,2.56927,-0.413318
54,0.697034,2.53221,-0.625687
54,0.402859,2.40176,-0.756914
54,0.683311,2.54594,-0.59252
54,0.670535,2.59296,-0.485464
54,-0.250822,2.55799,-0.0703984
54,0.715073,2.49526,-0.731602
54,0.337524,2.54263,-0.428339
54,0.510984,2.43417,-0.763502
54,0.678743,2.55272,-0.603732
54,0.568683,2.48355,-0.702394
54,0.611561,2.48156,-0.737171
54,0.58143,2.64846,-0.360733
54,0.54189,2.45818,-0.764814
54,0.655092,2.63077,-0.449993
54,0.416098,2.60984,-0.375795
54,0.583415,2.66105,-0.358908
54,0.344058,2.51479,-0.555174
54,0.624419,2.62024,-0.482552
54,0.482404,2.64314,-0.362253
54,0.564753,2.50173,-0.723935
54,0.6866,2.56514,-0.650887
54,0.552564,2.63661,-0.429437
54,0.357803,2.58729,-0.435826
54,0.436897,2.60915,-0.430985
54,0.47684,2.64542,-0.395759
54,0.351522,2.48735,-0.675322
54,0.358276,2.60375,-0.436325
54,0.525189,2.66892,-0.385183
54,0.585647,2.6742,-0.406396
54,0.398499,2.54465,-0.60046
54,0.59008,2.61585,-0.548209
54,-0.299341,2.60702,-0.0952595
54,0.353305,2.57507,-0.516251
54,0.515106,2.67183,-0.392967
54,0.591727,2.60687,-0.575841
54,0.603549,2.56214,-0.680803
54,0.572128,2.5664,-0.660446
54,-0.241271,2.62973,-0.0928133
54,0.373567,2.59641,-0.495753
54,0.420778,2.5737,-0.571402
54,0.371058,2.5373,-0.624316
54,0.3926,2.65248,-0.386125
54,0.349646,2.4679,-0.766477
54,0.582024,2.63561,-0.527344
54,0.561897,2.56241,-0.676411
54,0.482123,2.56336,-0.633655
54,0.597876,2.62515,-0.561149
54,0.609001,2.60745,-0.606683
54,0.519215,2.5382,-0.717064
54,0.593211,2.64287,-0.529061
54,0.373619,2.51861,-0.684179
54,0.591428,2.59484,-0.635339
54,0.539875,2.5823,-0.637752
54,0.57891,2.52865,-0.776652
54,0.359908,2.56618,-0.580536
54,0.593421,2.65868,-0.505296
54,0.357478,2.57131,-0.575811
54,0.624902,2.56835,-0.728108
54,0.537908,2.56417,-0.692533
54,0.359563,2.60507,-0.509495
54,0.397686,2.51663,-0.72341
54,0.505915,2.57004,-0.667431
54,0.498015,2.56104,-0.685724
54,0.533675,2.65102,-0.509549
54,0.456107,2.59796,-0.584197
54,0.392784,2.66675,-0.40401
54,0.578831,2.62719,-0.595831
54,0.462295,2.65043,-0.482946
54,0.467719,2.63898,-0.51235
54,0.37869,2.52047,-0.726226
54,0.397111,2.60411,-0.558792
54,0.557041,2.56353,-0.733474
54,0.604861,2.59991,-0.681082
54,0.443424,2.66009,-0.468902
54,0.503798,2.52526,-0.798727
54,0.561385,2.68416,-0.483633
54,0.293746,2.56889,-0.592888
54,0.519597,2.65991,-0.516181
54,0.510547,2.67445,-0.482905
54,0.496641,2.69938,-0.42149
54,0.528424,2.6296,-0.592399
54,0.565845,2.66409,-0.538344
54,0.491975,2.67031,-0.485917
54,0.56021,2.54219,-0.804709
54,-0.331455,2.64299,-0.110573
54,0.5076,2.54065,-0.785135
54,0.39642,2.64889,-0.4926
54,0.429087,2.54644,-0.734233
54,0.591343,2.63592,-0.625698
54,0.377139,2.66229,-0.455456
54,0.497265,2.55058,-0.766461
54,0.565164,2.70472,-0.467355
54,0.329617,2.61605,-0.537411
54,0.433676,2.52456,-0.795515
54,0.4187,2.57359,-0.680509
54,0.381601,2.65826,-0.476233
54,0.558593,2.69817,-0.488556
54,0.512267,2.64353,-0.583768
54,0.455806,2.64662,-0.550527
54,0.602775,2.56254,-0.814834
54,0.529894,2.57367,-0.754592
54,0.497993,2.69494,-0.475007
54,0.583758,2.58082,-0.77062
54,0.597348,2.61945,-0.696334
54,0.450339,2.56038,-0.748982
54,0.609131,2.57431,-0.803696
54,0.400878,2.61538,-0.603189
54,0.346754,2.55899,-0.699381
54,0.602386,2.59831,-0.751048
54,0.338694,2.58411,-0.650206
54,0.375948,2.51858,-0.816247
54,-0.345922,2.64039,-0.165312
54,0.485942,2.54472,-0.819146
54,0.536759,2.55896,-0.815273
54,-0.338668,2.6416,-0.179505
54,0.40616,2.71264,-0.422042
54,0.403421,2.58673,-0.696026
54,0.512588,2.63355,-0.652468
54,0.534089,2.56939,-0.807718
54,0.495924,2.68562,-0.534846
54,0.5453,2.73777,-0.447461
54,0.524922,2.60792,-0.721381
54,0.493099,2.66612,-0.578891
54,0.466515,2.58144,-0.754337
54,0.533491,2.55966,-0.839625
54,-0.34063,2.65021,-0.17649
54,0.409205,2.58305,-0.724657
54,0.309075,2.52288,-0.807193
54,0.510803,2.7548,-0.411443
54,0.518902,2.59479,-0.776429
54,0.279531,2.70196,-0.415442
54,0.26716,2.64139,-0.541424
54,0.472934,2.55783,-0.834087
54,0.418153,2.72302,-0.449055
54,1.82302,2.62328,-1.41915
54,0.371361,2.67097,-0.541482
54,0.319513,2.60128,-0.66637
54,0.310764,2.63029,-0.605733
54,0.35188,2.54128,-0.823696
54,0.590004,2.75819,-0.490026
54,0.406899,2.57723,-0.78887
54,0.319302,2.61791,-0.654414
54,0.421522,2.68131,-0.57092
54,0.341106,2.57314,-0.765264
54,0.415228,2.55759,-0.843865
54,0.468419,2.75773,-0.436456
54,0.34717,2.55659,-0.81421
54,0.430614,2.6779,-0.5943
54,0.552031,2.66619,-0.685179
54,0.479547,2.67692,-0.63559
54,0.362829,2.65579,-0.622093
54,0.586138,2.75639,-0.522143
54,0.457561,2.72519,-0.523529
54,0.428379,2.64207,-0.690026
54,0.326899,2.57072,-0.798002
54,0.327983,2.60418,-0.726318
54,0.376615,2.60793,-0.745088
54,0.261099,2.62017,-0.666379
54,0.437058,2.59987,-0.808058
54,0.33675,2.55893,-0.854174
54,0.492716,2.64927,-0.74763
54,0.571705,2.62898,-0.840221
54,0.496538,2.78015,-0.48227
54,0.380329,2.61626,-0.779051
54,0.600877,2.67855,-0.762195
54,0.49179,2.69463,-0.682128
54,0.4782,2.74456,-0.568374
54,0.548382,2.73886,-0.621928
54,0.413465,2.75844,-0.508887
54,0.510606,2.65321,-0.790455
54,0.22962,2.65431,-0.644428
54,0.484455,2.81164,-0.441593
54,0.250331,2.61166,-0.755808
54,0.372444,2.67756,-0.680653
54,0.531635,2.79432,-0.511232
54,0.421874,2.71661,-0.627974
54,0.319878,2.64314,-0.73649
54,0.234684,2.70061,-0.569499
54,0.555377,2.70007,-0.743464
54,0.501474,2.65222,-0.834129
54,0.369128,2.6003,-0.899308
54,0.475923,2.70899,-0.725292
54,0.358268,2.79032,-0.497383
54,0.267554,2.71034,-0.63544
54,0.311392,2.60444,-0.891928
54,0.557819,2.76803,-0.681871
54,0.184467,2.70172,-0.644377
54,0.161763,2.75123,-0.529037
54,0.182699,2.70982,-0.647116
54,0.43159,2.75635,-0.685825
54,0.541071,2.83936,-0.569292
54,0.495633,2.84213,-0.544749
54,0.16797,2.72637,-0.663373
54,0.342473,2.67748,-0.86844
54,0.133402,2.77815,-0.538463
54,0.201859,2.6499,-0.856872
54,0.458324,2.6779,-0.951115
54,0.551851,2.76671,-0.82264
54,1.34718,3.86101,1.12963
54,0.401192,2.68365,-0.939169
54,0.51963,2.71365,-0.938624
54,0.140559,2.82008,-0.507869
54,-0.111155,2.47501,-1.14751
54,0.134287,2.80551,-0.558633
54,0.521586,2.74361,-0.923651
54,0.153711,2.71176,-0.807559
54,-0.120656,2.48822,-1.15511
54,-0.691702,3.10362,0.491713
54,1.28662,3.86195,1.09089
54,0.109395,2.77907,-0.683462
54,0.125397,2.78505,-0.696669
54,0.0944338,2.79939,-0.649059
54,0.167615,2.67442,-0.973456
54,0.130295,2.75865,-0.771542
54,0.0534775,2.84535,-0.580303
54,0.531915,2.77033,-1.00055
54,0.0819932,2.78251,-0.792591
54,0.113244,2.76815,-0.840988
54,0.0833662,2.80312,-0.748953
54,0.100928,2.76422,-0.934361
54,0.0662653,2.78962,-0.861145
54,0.0329916,2.86888,-0.799343
54,1.47536,3.28979,-0.972682
54,0.0994709,2.80681,-1.4387
54,1.45443,3.44462,-1.09909
54,1.37903,3.62926,-1.31402
54,1.30786,3.9525,-1.40183
54,1.15949,4.7664,-2.08599
54,2.02449,1.98762,-0.882886
53,2.02449,1.98762,-0.882886
54,0.12663,2.35028,-0.877396
53,0.12663,2.35028,-0.877396
54,1.78797,2.23693,-0.821046
53,1.78797,2.23693,-0.821046
54,1.88582,1.87026,0.404213
53,1.88582,1.87026,0.404213
54,1.39448,2.73737,-0.257539
53,1.39448,2.73737,-0.257539
54,1.91559,1.89084,-0.802813
52,1.91559,1.89084,-0.802813
54,1.48655,1.81465,-0.817529
52,1.48655,1.81465,-0.817529
54,0.5912,2.89397,-0.106251
52,0.5912,2.89397,-0.106251
54,0.406265,2.72373,-0.781503
21,0.406265,2.72373,-0.781503
54,0.435566,2.57323,-0.682958
21,0.435566,2.57323,-0.682958
54,0.61331,2.82484,0.145863
5,0.61331,2.82484,0.145863
54,0.552039,2.81393,-0.0583033
5,0.552039,2.81393,-0.0583033
54,0.340331,2.62664,-0.461308
24,0.340331,2.62664,-0.461308
54,1.76286,2.11363,0.519074
27,1.76286,2.11363,0.519074
54,1.42764,3.00764,-0.168057
27,1.42764,3.00764,-0.168057
54,0.544771,2.78892,-0.0403462
27,0.544771,2.78892,-0.0403462
54,2.8415,2.02137,-0.179759
27,2.8415,2.02137,-0.179759
54,0.447251,2.93645,-0.284801
27,0.447251,2.93645,-0.284801
54,0.483018,2.84221,-0.242236
27,0.483018,2.84221,-0.242236
54,1.86219,1.94841,0.785756
27,1.86219,1.94841,0.785756
54,1.86229,1.93512,0.674985
27,1.86229,1.93512,0.674985
54,0.529124,2.81562,0.99107
27,0.529124,2.81562,0.99107
54,1.84758,1.99297,-0.707785
51,1.84758,1.99297,-0.707785
54,1.8374,2.02898,-0.737832
51,1.8374,2.02898,-0.737832
54,0.673388,2.57087,-0.591436
51,0.673388,2.57087,-0.591436
54,2.87899,2.0938,-0.187769
51,2.87899,2.0938,-0.187769
54,2.88007,2.09108,-0.173463
51,2.88007,2.09108,-0.173463
54,0.289658,2.60374,-0.578011
26,0.289658,2.60374,-0.578011
54,0.294323,2.66692,-0.389245
26,0.294323,2.66692,-0.389245
54,0.582152,2.34626,-0.422471
26,0.582152,2.34626,-0.422471
54,0.572075,2.35465,-0.589851
26,0.572075,2.35465,-0.589851
55,1.79047,1.81242,1.06678
55,1.78712,1.82209,1.06818
55,1.78893,1.82697,1.06718
55,1.80009,1.83369,1.06703
55,1.79201,1.8607,1.06805
55,1.78632,1.91209,1.06197
55,1.77027,1.87599,0.951519
55,1.77485,1.87846,0.944454
55,1.77834,1.88035,0.932476
55,1.80001,1.8841,0.909472
55,1.7829,1.89079,0.939703
55,1.77413,1.87752,0.913768
55,1.78295,1.8831,0.90903
55,1.79854,1.95486,1.0632
55,1.7709,1.88949,0.927624
55,1.7624,1.89253,0.934781
55,1.78086,1.89237,0.904547
55,1.22275,1.39696,0.143066
55,1.18395,1.45056,0.206931
55,1.18345,1.46311,0.237012
55,1.16583,1.41807,0.143451
55,1.17991,1.47658,0.260666
55,1.21234,1.47412,0.215216
55,1.19293,1.43474,0.13301
55,1.16599,1.42529,0.137015
55,1.18327,1.44648,0.149444
55,1.17628,1.46456,0.198723
55,1.18386,1.45636,0.151132
55,1.18256,1.48737,0.203261
55,1.14693,1.45263,0.152164
55,1.1464,1.46401,0.170018
55,1.74225,2.10747,0.89192
55,1.81801,2.31395,1.05387
55,0.486293,1.857,1.11465
55,0.982387,2.07155,1.12621
55,0.592611,1.38368,-0.267403
55,0.408757,1.93937,1.08853
55,0.307605,1.97088,1.11855
55,0.512605,1.52726,-0.254922
55,0.509845,1.54941,-0.272541
55,0.268248,2.02599,1.10974
55,0.302528,2.04069,1.09059
55,0.834693,2.31778,1.1171
55,0.827457,2.32513,1.12139
55,0.200593,2.0935,1.1132
55,0.786233,2.36272,1.10789
55,0.177835,2.12124,1.11552
55,0.791829,2.38392,1.09823
55,0.787117,1.79333,-0.485173
55,0.424803,1.6819,-0.474486
55,0.0920444,2.20547,1.12055
55,0.770561,1.82117,-0.507347
55,0.361147,1.69446,-0.444464
55,0.347561,1.70961,-0.445976
55,0.341303,1.72299,-0.467008
55,0.0641351,2.26313,1.1178
55,0.0386049,2.25819,1.12383
55,0.0842375,2.19818,0.859313
55,0.0823829,1.68917,-0.441845
55,0.438421,1.74352,-0.707333
55,0.305399,1.774,-0.516906
55,0.431719,1.75312,-0.718264
55,0.0563893,2.23868,0.833751
55,0.305278,1.80774,-0.468155
55,0.0381258,2.25509,0.840491
55,0.286812,1.79345,-0.534812
55,-0.483843,1.49549,-0.478669
55,0.431047,1.78856,-0.736358
55,0.0151128,2.28043,0.840418
55,0.0179721,2.28319,0.842735
55,0.381869,1.80928,-0.689767
55,0.300535,1.81442,-0.626289
55,0.300743,1.85239,-0.558967
55,0.598667,1.97541,-0.598552
55,0.413953,1.84566,-0.778782
55,0.389351,1.85689,-0.748204
55,0.0202732,2.32028,0.736541
55,0.587299,2.00486,-0.652162
55,0.312344,1.91205,-0.603756
55,0.587192,2.02592,-0.647943
55,-0.0756649,1.74694,-0.670942
55,-0.0267234,2.33285,0.686072
55,-0.00527203,2.34719,0.66795
55,-0.0260164,2.36329,0.688738
55,-0.0267771,2.36349,0.685436
55,-0.0564979,2.3549,0.685241
55,-0.0647355,2.36958,0.677795
55,-0.0445428,2.38915,0.641302
55,-0.0718856,2.37338,0.622444
55,-0.0782137,2.37664,0.617539
55,-0.000461221,2.31054,0.352236
55,-0.0860695,2.3926,0.61507
55,-0.0234374,2.3354,0.347345
55,-0.0986449,2.39615,0.562917
55,-0.0955542,2.40034,0.560918
55,-0.0579675,2.34574,0.360597
55,-0.0991775,2.40173,0.527509
55,-0.028524,2.32747,0.22971
55,-0.0398593,2.3373,0.256796
55,-0.0793858,2.37542,0.386385
55,0.802513,2.4245,-0.409899
55,-0.0422225,2.34229,0.24699
55,-0.0925471,2.39565,0.399764
55,0.806592,2.5005,-0.261014
55,-0.093366,2.37392,0.340857
55,-0.0924884,2.37958,0.339448
55,-0.0637907,2.36347,0.248809
55,-0.096698,2.47042,0.538058
55,-0.123184,2.40865,0.396596
55,-0.119903,2.29481,0.110192
55,0.695275,2.49118,-0.255201
55,-0.118166,2.43197,0.383886
55,0.678234,2.52073,-0.273489
55,0.771136,2.43567,-0.582486
55,-0.155923,2.33874,0.0934756
55,0.752889,2.48043,-0.490174
55,0.718745,2.50019,-0.409004
55,0.703235,2.53279,-0.325063
55,0.726221,2.46087,-0.535487
55,0.715047,2.50415,-0.427409
55,0.714029,2.50217,-0.434093
55,-0.10821,2.39044,0.123157
55,0.724788,2.47629,-0.528798
55,0.736975,2.43951,-0.635371
55,-0.113935,2.40526,0.144227
55,0.591709,2.51014,-0.327608
55,0.651286,2.54703,-0.29915
55,0.731135,2.44305,-0.63331
55,0.529714,2.51053,-0.277828
55,0.713359,2.47727,-0.550278
55,0.713564,2.55241,-0.390586
55,0.649774,2.52892,-0.39147
55,0.73532,2.52251,-0.496521
55,0.720594,2.56058,-0.394963
55,0.743158,2.47174,-0.65089
55,0.749499,2.45736,-0.695158
55,-0.131714,2.40922,0.0803586
55,0.713399,2.54901,-0.440577
55,0.744541,2.49533,-0.606272
55,0.634934,2.5514,-0.372279
55,0.733003,2.49541,-0.615211
55,0.724918,2.45179,-0.723647
55,0.721756,2.52316,-0.555196
55,0.673248,2.58955,-0.348531
55,0.699081,2.53901,-0.503725
55,0.421428,2.39856,-0.57919
55,0.722635,2.54639,-0.532067
55,0.722203,2.62933,-0.334014
55,0.719898,2.53517,-0.563001
55,0.718903,2.51087,-0.62273
55,0.526536,2.47791,-0.512638
55,0.688359,2.58936,-0.417566
55,0.666301,2.48526,-0.663055
55,0.52776,2.48808,-0.518344
55,0.620003,2.57203,-0.423996
55,0.100599,2.14225,-0.94426
55,0.698267,2.55923,-0.545519
55,0.618654,2.44317,-0.754885
55,-0.172169,2.45285,0.0702349
55,0.529037,2.45934,-0.635904
55,0.706422,2.48904,-0.763868
55,0.696615,2.55973,-0.583682
55,0.39222,2.43194,-0.591984
55,0.69616,2.51443,-0.706891
55,0.138207,2.16905,-0.977724
55,0.396776,2.39681,-0.706102
55,0.411262,2.51834,-0.449958
55,0.550416,2.56412,-0.497303
55,0.484488,2.59881,-0.357884
55,-0.198439,2.48623,0.0572705
55,0.485607,2.57426,-0.445074
55,0.410023,2.49217,-0.571019
55,0.42561,2.57589,-0.386822
55,-0.0796161,2.22782,-0.719747
55,0.671957,2.57588,-0.658626
55,0.393698,2.5371,-0.471009
55,-0.250674,2.46234,-0.00645268
55,0.485911,2.54413,-0.564194
55,0.546183,2.59008,-0.545704
55,0.496297,2.54843,-0.599653
55,0.412304,2.58093,-0.455241
55,0.443779,2.51547,-0.646449
55,0.516844,2.6548,-0.385663
55,0.416845,2.55947,-0.515411
55,0.493029,2.60484,-0.487378
55,0.406071,2.45118,-0.770674
55,0.593915,2.58601,-0.637737
55,0.524979,2.61724,-0.494891
55,0.506937,2.56721,-0.600694
55,0.430585,2.58354,-0.485541
55,0.460423,2.62845,-0.40947
55,0.527725,2.59653,-0.559424
55,0.583449,2.63844,-0.515545
55,0.42345,2.55634,-0.554876
55,0.601678,2.5631,-0.72277
55,0.535543,2.62859,-0.498571
55,0.563754,2.57243,-0.66481
55,-0.203397,2.50508,-0.0492899
55,0.589691,2.62293,-0.570759
55,0.471377,2.59592,-0.520796
55,0.345127,2.4936,-0.641532
55,0.591667,2.64142,-0.537489
55,0.523148,2.62695,-0.503862
55,0.575913,2.6474,-0.508136
55,0.526557,2.60779,-0.558208
55,0.43997,2.57876,-0.548833
55,1.40648,3.66485,1.09262
55,0.432251,2.52659,-0.67418
55,0.375262,2.49926,-0.684655
55,1.36057,3.67566,1.1531
55,0.534148,2.59445,-0.620967
55,0.466565,2.61448,-0.504735
55,0.484007,2.57513,-0.62517
55,0.410233,2.62028,-0.441669
55,0.528629,2.59743,-0.621489
55,0.431829,2.50484,-0.749763
55,0.603257,2.60584,-0.681615
55,0.524421,2.64432,-0.509719
55,0.512393,2.65775,-0.466244
55,0.595005,2.60209,-0.686312
55,0.448424,2.50399,-0.783145
55,0.360992,2.55203,-0.579304
55,0.474674,2.60376,-0.569992
55,0.526544,2.57109,-0.708479
55,0.534808,2.58654,-0.68631
55,1.38657,3.70138,1.13813
55,0.594976,2.55916,-0.823553
55,0.477319,2.56393,-0.710116
55,0.470498,2.56856,-0.696304
55,0.454083,2.63231,-0.526483
55,0.30444,2.56161,-0.556587
55,0.414401,2.5554,-0.688833
55,-0.274652,2.56284,0.0208818
55,0.539008,2.56192,-0.809942
55,0.525748,2.577,-0.777896
55,0.313105,2.53166,-0.672832
55,0.41262,2.56253,-0.699363
55,0.42067,2.52248,-0.812793
55,0.577275,2.6057,-0.773366
55,0.494524,2.70722,-0.450003
55,0.633157,2.61085,-0.826767
55,0.570179,2.66848,-0.627441
55,0.328489,2.6363,-0.465556
55,0.260328,2.61213,-0.45609
55,0.50677,2.67231,-0.568511
55,0.51021,2.63997,-0.653135
55,0.28835,2.53498,-0.688926
55,0.386914,2.61711,-0.592346
55,0.482175,2.68891,-0.517344
55,-0.259253,2.56218,-0.0730033
55,0.385484,2.62152,-0.598384
55,0.342273,2.61405,-0.581753
55,0.500045,2.6148,-0.745871
55,0.338914,2.53938,-0.777805
55,0.413841,2.54032,-0.857457
55,0.521879,2.58554,-0.861827
55,0.414373,2.58123,-0.765622
55,0.322082,2.59711,-0.649286
55,0.432085,2.71473,-0.49483
55,0.31076,2.62288,-0.595394
55,0.509367,2.59934,-0.855827
55,0.294504,2.54966,-0.758349
55,0.578499,2.63189,-0.854302
55,0.290813,2.55037,-0.769149
55,-0.304894,2.5953,-0.0901994
55,1.41211,3.83255,1.09559
55,0.539049,2.75239,-0.647115
55,-0.552214,2.09985,-1.11883
55,-0.00262499,2.35809,-1.07058
55,0.59359,2.68433,-0.904456
55,-0.021155,2.36016,-1.06921
55,-0.319955,2.61706,-0.157027
55,0.197765,2.71178,-0.468996
55,0.207448,2.65866,-0.627811
55,0.212155,2.65868,-0.638096
55,0.208666,2.67767,-0.588749
55,0.248861,2.60854,-0.815752
55,0.218378,2.62371,-0.752774
55,0.440048,2.65522,-0.907752
55,0.177939,2.71246,-0.51739
55,0.525403,2.83229,-0.581385
55,0.222045,2.59537,-0.874857
55,0.20579,2.65818,-0.713072
55,-0.372462,2.6566,-0.130871
55,0.211251,2.72302,-0.5974
55,-0.362938,2.66153,-0.175047
55,-0.373713,2.66055,-0.171289
55,0.212565,2.62902,-0.843827
55,0.183252,2.69045,-0.666785
55,0.542934,2.7347,-0.944343
55,0.182572,2.76739,-0.512319
55,0.198246,2.68552,-0.728237
55,0.31729,2.83758,-0.488546
55,0.197774,2.62195,-0.900635
55,0.208075,2.69614,-0.732242
55,0.153827,2.74645,-0.556967
55,-0.378814,2.67767,-0.187797
55,0.174766,2.6862,-0.791173
55,0.158943,2.72709,-0.678741
55,0.133679,2.73898,-0.683862
55,0.157604,2.70142,-0.831943
55,-0.402652,2.71016,-0.244316
55,0.142336,2.74143,-0.730127
55,0.103266,2.76599,-0.637672
55,-1.36689,1.90116,-1.29593
55,-0.102173,2.49319,-1.2109
55,0.108222,2.71764,-0.917209
55,0.078653,2.83885,-0.594936
55,-0.618109,3.02766,0.488422
55,-1.43538,1.96962,-1.27642
55,-0.387901,2.52944,-0.996449
55,2.24887,4.53368,1.12486
55,-0.627849,3.04134,0.434496
55,-0.626123,3.05227,0.4378
55,0.0802087,2.7903,-0.916191
55,-0.634362,3.05252,0.439455
55,-0.69436,3.11886,0.369116
55,-0.514612,2.62102,-1.08829
55,-0.543582,2.6497,-1.1131
55,-0.743287,3.17797,0.35259
55,1.46109,3.47852,-1.25207
55,-0.813987,3.22872,0.438283
55,1.47013,3.50479,-1.219
55,2.28291,4.86547,1.13504
55,-1.86916,2.36297,-1.36507
55,-1.82044,2.38839,-1.41293
55,-1.29222,2.55818,-1.72953
55,-1.97324,2.42268,-1.46174
55,-1.99448,2.44821,-1.51161
55,-1.40498,2.76693,-1.727
55,-1.70134,2.85957,-1.90524
55,2.43234,6.3836,1.15376
55,2.62607,8.33083,1.18995
55,0.547559,2.44037,-0.65581
54,0.547559,2.44037,-0.65581
55,1.79972,2.17356,1.06072
54,1.79972,2.17356,1.06072
55,0.412621,2.24466,-0.7934
54,0.412621,2.24466,-0.7934
55,-0.869794,3.30371,0.265014
54,-0.869794,3.30371,0.265014
55,-0.114937,2.41578,0.444884
54,-0.114937,2.41578,0.444884
55,0.338894,1.97782,-0.858732
54,0.338894,1.97782,-0.858732
55,-0.08777,2.08743,-0.721914
54,-0.08777,2.08743,-0.721914
55,-0.0647042,2.00364,-0.643939
54,-0.0647042,2.00364,-0.643939
55,-0.0240475,2.31949,0.466547
54,-0.0240475,2.31949,0.466547
55,0.573252,2.7972,1.09951
54,0.573252,2.7972,1.09951
55,-0.3726,2.48955,-0.735291
54,-0.3726,2.48955,-0.735291
55,0.66074,2.51006,-0.35168
54,0.66074,2.51006,-0.35168
55,0.861385,2.24354,-0.553831
54,0.861385,2.24354,-0.553831
55,0.553316,2.3263,-0.668307
54,0.553316,2.3263,-0.668307
55,1.76192,2.06534,0.917155
54,1.76192,2.06534,0.917155
55,-0.652549,2.82084,-0.107025
54,-0.652549,2.82084,-0.107025
55,0.690935,2.39391,-0.199208
54,0.690935,2.39391,-0.199208
55,-0.161253,2.28304,-0.762102
54,-0.161253,2.28304,-0.762102
55,1.4976,2.97968,-0.46168
53,1.4976,2.97968,-0.46168
55,0.411266,2.81791,-0.636285
53,0.411266,2.81791,-0.636285
55,1.8653,1.92985,0.498665
53,1.8653,1.92985,0.498665
55,0.565238,2.63632,-0.54027
21,0.565238,2.63632,-0.54027
55,0.392001,2.59066,-0.541204
21,0.392001,2.59066,-0.541204
55,0.400411,2.68732,-0.768425
21,0.400411,2.68732,-0.768425
55,0.423296,2.77674,-0.643011
21,0.423296,2.77674,-0.643011
55,0.472555,2.63853,-0.418675
21,0.472555,2.63853,-0.418675
55,0.424267,2.56358,-0.749707
24,0.424267,2.56358,-0.749707
55,0.306645,2.54788,-0.660032
24,0.306645,2.54788,-0.660032
55,0.440715,2.59666,-0.569553
24,0.440715,2.59666,-0.569553
55,1.51922,3.04521,1.1071
24,1.51922,3.04521,1.1071
55,-0.369453,2.50618,0.0543297
24,-0.369453,2.50618,0.0543297
55,0.400219,2.27383,-0.809471
52,0.400219,2.27383,-0.809471
55,0.633417,2.80285,-0.0803099
5,0.633417,2.80285,-0.0803099
55,1.54453,3.11592,1.09342
27,1.54453,3.11592,1.09342
55,1.54683,2.98386,1.09371
27,1.54683,2.98386,1.09371
55,1.54201,3.26103,1.09311
27,1.54201,3.26103,1.09311
55,1.50235,2.95466,1.06177
27,1.50235,2.95466,1.06177
55,1.47039,3.0858,1.1484
27,1.47039,3.0858,1.1484
55,1.50699,3.07527,1.09343
27,1.50699,3.07527,1.09343
55,0.606967,2.84412,1.14537
27,0.606967,2.84412,1.14537
55,0.501968,2.83855,-0.064478
27,0.501968,2.83855,-0.064478
55,0.618838,2.72,1.09234
27,0.618838,2.72,1.09234
55,1.48438,3.42335,-1.11437
27,1.48438,3.42335,-1.11437
55,0.622453,2.70743,1.08977
27,0.622453,2.70743,1.08977
55,0.610032,2.73958,1.08488
27,0.610032,2.73958,1.08488
55,0.471667,2.59054,-0.520663
3,0.471667,2.59054,-0.520663
55,-0.255514,1.89082,-0.861266
3,-0.255514,1.89082,-0.861266
55,-0.24278,2.56175,0.434974
3,-0.24278,2.56175,0.434974
55,0.281099,3.14248,-0.98116
26,0.281099,3.14248,-0.98116
55,2.13601,2.12768,1.09987
26,2.13601,2.12768,1.09987
55,2.12988,2.11465,1.0999
26,2.12988,2.11465,1.0999
56,1.42736,1.02013,0.714126
56,1.2899,1.24605,0.50644
56,1.78146,1.81248,1.07112
56,1.77382,1.82071,1.07444
56,1.7599,1.85051,1.07479
56,1.76761,1.86408,0.933736
56,1.77149,1.87357,0.948145
56,1.77087,1.87392,0.930059
56,1.78376,1.87841,0.917167
56,1.13157,1.47491,0.43322
56,1.8458,2.26425,1.02928
56,1.1248,1.53021,0.389601
56,1.1544,1.51939,0.297419
56,1.09682,1.5175,0.344937
56,1.154,1.49094,0.193997
56,1.15105,1.51893,0.259485
56,1.12344,1.51936,0.292637
56,1.0895,1.49392,0.193302
56,0.570708,1.77305,1.16717
56,0.405104,1.40941,-0.0506308
56,0.350311,1.45826,-0.113529
56,0.388754,1.51703,-0.163556
56,0.193712,2.07713,1.4275
56,0.375355,1.52307,-0.17066
56,0.805072,2.37867,1.12756
56,0.314741,1.50264,-0.215132
56,0.782766,2.37104,1.10575
56,0.298631,1.51946,-0.200625
56,0.776243,2.41595,1.11086
56,0.104415,2.17853,1.47308
56,0.249678,1.54649,-0.242562
56,0.317387,1.72952,-0.369236
56,0.2515,1.76504,-0.350583
56,1.57022,3.22075,1.05087
56,1.56217,3.24657,1.04964
56,-0.388977,1.3226,-0.552831
56,0.270791,1.82525,-0.472172
56,-0.432573,1.39228,-0.523887
56,-0.0614837,2.35724,1.138
56,0.0075568,1.67683,-0.570978
56,-0.0773019,2.35919,1.14313
56,-0.468212,1.39537,-0.575668
56,0.194304,1.91725,-0.557772
56,-0.540205,1.46412,-0.572204
56,-0.518264,1.45862,-0.621053
56,-0.0786434,2.37801,0.834577
56,-0.589187,1.53668,-0.464239
56,-0.580178,1.489,-0.609587
56,-0.607918,1.5114,-0.527324
56,0.0105457,2.29816,0.364952
56,1.40585,3.47368,1.02187
56,-0.616996,1.53147,-0.507924
56,-0.609333,1.52839,-0.527017
56,0.714712,2.4971,-0.258763
56,0.714076,2.52772,-0.27666
56,0.743667,2.52267,-0.336199
56,0.752963,2.49492,-0.441553
56,0.710742,2.53538,-0.291587
56,1.44741,3.59261,1.07141
56,1.46201,3.59295,1.04803
56,0.774934,2.41697,-0.704506
56,-0.669802,1.57326,-0.519104
56,1.38879,3.60022,1.13561
56,0.727782,2.55556,-0.35838
56,0.769153,2.44646,-0.681346
56,0.73475,2.51731,-0.463315
56,0.754838,2.45144,-0.67201
56,0.759445,2.4358,-0.724906
56,1.44135,3.61857,1.02287
56,0.741863,2.5718,-0.394018
56,0.743844,2.5686,-0.406118
56,1.39099,3.64032,1.11729
56,0.72881,2.52444,-0.512317
56,1.4241,3.66612,1.10491
56,0.73126,2.59285,-0.380167
56,0.726684,2.50282,-0.591819
56,-0.680015,1.59768,-0.601349
56,0.715027,2.57164,-0.417918
56,0.73844,2.49899,-0.630177
56,0.640067,2.58045,-0.308043
56,0.69847,2.5175,-0.54937
56,0.688588,2.59542,-0.353881
56,-0.0842098,2.39392,0.338356
56,1.38231,3.68858,1.14054
56,1.40577,3.7007,1.12829
56,-0.129376,2.40949,0.404093
56,0.674132,2.59797,-0.367115
56,1.43958,3.67643,1.01289
56,0.647967,2.42691,-0.738016
56,0.678722,2.60298,-0.375397
56,0.698817,2.4858,-0.682151
56,-0.151157,2.28275,0.117652
56,0.68903,2.57489,-0.465187
56,-0.125303,2.30301,0.117365
56,-0.124927,2.42135,0.389003
56,-0.127785,2.4257,0.400322
56,0.700023,2.50387,-0.668298
56,0.687356,2.5422,-0.560827
56,0.438406,2.50124,-0.286205
56,0.686028,2.53298,-0.59232
56,0.654419,2.52566,-0.563201
56,0.698084,2.50594,-0.679954
56,0.671045,2.60305,-0.412045
56,0.614147,2.4848,-0.604742
56,0.667047,2.6101,-0.396609
56,0.674006,2.58998,-0.457298
56,0.70506,2.55809,-0.579701
56,0.625637,2.44232,-0.751096
56,0.63638,2.50892,-0.611352
56,-0.137842,2.31944,0.112487
56,0.667086,2.57849,-0.495245
56,0.559311,2.56507,-0.365976
56,0.619702,2.53687,-0.524461
56,0.670279,2.59766,-0.461552
56,1.3781,3.7229,1.11341
56,0.571825,2.53243,-0.473523
56,0.60134,2.61137,-0.332783
56,0.637549,2.55708,-0.516805
56,0.533884,2.45064,-0.614654
56,0.612661,2.5843,-0.419595
56,0.642185,2.47587,-0.721864
56,0.590325,2.5382,-0.499418
56,-0.160234,2.31728,0.108541
56,0.67236,2.55213,-0.602363
56,0.643805,2.46885,-0.757251
56,0.568217,2.55121,-0.449134
56,0.607419,2.60827,-0.378207
56,0.656929,2.61319,-0.443343
56,0.601711,2.5077,-0.609355
56,0.408033,2.51709,-0.297979
56,0.684325,2.51604,-0.723909
56,0.511835,2.5363,-0.416636
56,0.556609,2.46172,-0.665067
56,0.706959,2.50623,-0.78968
56,0.544539,2.50628,-0.548731
56,0.679276,2.54211,-0.668552
56,0.529995,2.54273,-0.443059
56,0.625894,2.52062,-0.640296
56,0.509183,2.55313,-0.390472
56,0.61991,2.58899,-0.476179
56,0.63783,2.5461,-0.612036
56,0.594634,2.62538,-0.360046
56,0.621479,2.55059,-0.58507
56,0.379045,2.48965,-0.363169
56,0.497777,2.46259,-0.606551
56,0.616459,2.60661,-0.448964
56,0.597915,2.60884,-0.419189
56,0.470652,2.54451,-0.384061
56,0.519565,2.47277,-0.629934
56,0.624427,2.6061,-0.475201
56,0.63689,2.57091,-0.58304
56,0.608744,2.63268,-0.398811
56,0.565394,2.58747,-0.441213
56,0.617775,2.5932,-0.506951
56,0.568804,2.53789,-0.570691
56,0.578148,2.56657,-0.521956
56,0.641475,2.51992,-0.729439
56,0.511364,2.53079,-0.507381
56,0.67939,2.54726,-0.724859
56,0.512324,2.52922,-0.515001
56,0.583229,2.51408,-0.658282
56,0.64,2.52005,-0.730143
56,0.692354,2.52589,-0.800031
56,0.569173,2.55239,-0.552482
56,0.504934,2.58591,-0.381752
56,0.516243,2.56746,-0.464569
56,0.659759,2.62405,-0.552916
56,0.607892,2.61745,-0.496703
56,0.602746,2.6308,-0.461313
56,0.516979,2.50731,-0.625662
56,0.518911,2.51895,-0.604993
56,0.377616,2.46552,-0.518923
56,0.549704,2.56346,-0.552888
56,0.597359,2.59591,-0.55014
56,0.575865,2.54276,-0.64321
56,0.370857,2.47662,-0.490539
56,0.573297,2.51743,-0.700992
56,0.486021,2.48243,-0.653876
56,0.585632,2.48965,-0.79406
56,0.564403,2.50277,-0.731733
56,0.392267,2.53724,-0.392644
56,0.545517,2.63092,-0.405513
56,0.613269,2.59975,-0.582575
56,0.533873,2.63962,-0.368825
56,0.549961,2.52663,-0.66537
56,0.540165,2.63274,-0.40382
56,0.601011,2.64819,-0.465186
56,0.632592,2.53846,-0.773579
56,0.600817,2.57657,-0.636567
56,0.533879,2.59088,-0.50763
56,0.551382,2.59962,-0.515054
56,0.356271,2.51248,-0.426561
56,0.657192,2.6025,-0.676637
56,0.600013,2.59343,-0.612735
56,0.438086,2.53758,-0.501622
56,0.449336,2.56859,-0.448092
56,0.382262,2.5311,-0.435366
56,0.513419,2.53645,-0.623986
56,0.619599,2.57105,-0.703559
56,0.444817,2.56867,-0.445211
56,0.554744,2.5194,-0.727432
56,0.581148,2.52064,-0.764618
56,0.553481,2.5369,-0.684946
56,0.436808,2.57478,-0.420966
56,0.655737,2.59063,-0.715573
56,0.476091,2.61342,-0.391924
56,0.599663,2.66928,-0.448054
56,0.53895,2.57624,-0.577982
56,0.574264,2.68186,-0.38331
56,0.543743,2.56273,-0.618502
56,0.535063,2.61347,-0.489066
56,0.455704,2.53563,-0.557233
56,0.488711,2.60037,-0.456668
56,0.479588,2.63356,-0.365488
56,0.545822,2.61304,-0.516096
56,0.518145,2.50653,-0.734897
56,0.490881,2.53704,-0.62689
56,0.397868,2.47953,-0.625371
56,0.615564,2.58442,-0.70931
56,0.385714,2.57477,-0.39086
56,0.598546,2.58013,-0.704109
56,0.55099,2.56411,-0.670598
56,0.393869,2.54861,-0.470779
56,0.599649,2.58939,-0.691867
56,0.462221,2.52237,-0.642551
56,0.634909,2.66072,-0.577868
56,0.519395,2.63573,-0.4634
56,0.484854,2.59456,-0.511414
56,0.373397,2.57662,-0.386752
56,0.482271,2.59889,-0.499167
56,0.489202,2.55511,-0.615551
56,0.449123,2.49402,-0.699004
56,0.479165,2.57185,-0.561104
56,0.45227,2.4963,-0.699219
56,0.460577,2.51258,-0.683186
56,0.445174,2.55084,-0.574611
56,0.556033,2.519,-0.819782
56,0.598727,2.58108,-0.738169
56,0.492463,2.58747,-0.565458
56,0.488309,2.56311,-0.617589
56,0.551095,2.58817,-0.653907
56,0.443149,2.51942,-0.656915
56,0.48148,2.60588,-0.512123
56,0.506146,2.50735,-0.783501
56,0.557163,2.54803,-0.765164
56,0.433859,2.53489,-0.614929
56,0.486761,2.56585,-0.623028
56,0.506955,2.54132,-0.725093
56,0.554261,2.55818,-0.757003
56,0.489217,2.58603,-0.593089
56,0.463916,2.60702,-0.506609
56,0.455159,2.53679,-0.658889
56,0.379017,2.53622,-0.546769
56,0.48249,2.61246,-0.525011
56,0.547444,2.55918,-0.749117
56,0.615213,2.70965,-0.50095
56,0.4613,2.48109,-0.807238
56,0.489031,2.53093,-0.734895
56,0.349594,2.4701,-0.66885
56,0.491842,2.53635,-0.727961
56,0.43413,2.54907,-0.613483
56,0.60489,2.5908,-0.775912
56,0.542891,2.56668,-0.740245
56,0.559665,2.5389,-0.839211
56,0.396029,2.46826,-0.759804
56,0.423967,2.57367,-0.554492
56,0.493841,2.58612,-0.632726
56,0.360299,2.59769,-0.406107
56,0.407587,2.60383,-0.46485
56,0.435909,2.53855,-0.66742
56,0.353898,2.59,-0.425716
56,0.495738,2.54528,-0.745492
56,0.375642,2.5172,-0.630794
56,0.518997,2.63098,-0.579699
56,0.368654,2.55166,-0.541629
56,0.605923,2.57509,-0.848266
56,0.422163,2.54794,-0.636471
56,0.314975,2.5572,-0.455326
56,0.412725,2.60157,-0.499344
56,0.386681,2.52909,-0.633877
56,0.336087,2.52192,-0.574304
56,0.419574,2.60848,-0.500831
56,0.397676,2.50306,-0.717603
56,0.428615,2.53715,-0.685263
56,0.41418,2.61749,-0.474837
56,0.462012,2.60369,-0.579974
56,0.533215,2.5656,-0.777464
56,0.358231,2.56114,-0.524731
56,0.37536,2.51506,-0.662989
56,0.464977,2.64536,-0.492374
56,0.484426,2.56642,-0.709448
56,0.545076,2.5829,-0.772724
56,0.409271,2.60372,-0.519249
56,0.489139,2.54767,-0.772351
56,0.474406,2.57224,-0.692302
56,0.384676,2.48307,-0.772441
56,0.377494,2.53636,-0.637104
56,0.405121,2.63269,-0.453321
56,0.536411,2.56493,-0.812138
56,1.36127,3.91734,1.12039
56,0.543002,2.57966,-0.795497
56,0.4304,2.5354,-0.731359
56,0.485205,2.5792,-0.730151
56,0.36369,2.54701,-0.622399
56,0.61561,2.65386,-0.754626
56,0.450152,2.6454,-0.527975
56,0.351316,2.59334,-0.504711
56,0.444168,2.51238,-0.83609
56,0.387653,2.5111,-0.763122
56,0.370373,2.53558,-0.680333
56,0.527801,2.63169,-0.693219
56,0.379179,2.50976,-0.758068
56,0.420597,2.54051,-0.759108
56,0.378319,2.65541,-0.425901
56,0.484471,2.55013,-0.844868
56,0.370643,2.56998,-0.627209
56,0.359442,2.58168,-0.587071
56,0.42224,2.53026,-0.809442
56,0.385103,2.65146,-0.468944
56,0.36724,2.52898,-0.741025
56,0.597251,2.71121,-0.668648
56,0.463708,2.58509,-0.767964
56,0.507727,2.70578,-0.557362
56,0.514753,2.77307,-0.445002
56,0.442278,2.63422,-0.66431
56,0.51748,2.67777,-0.678331
56,0.464783,2.60973,-0.759525
56,0.398787,2.58982,-0.709
56,0.40634,2.60322,-0.690595
56,0.33172,2.62359,-0.53326
56,0.453641,2.65446,-0.648586
56,0.451012,2.672,-0.612671
56,0.39418,2.64955,-0.580755
56,0.364988,2.67217,-0.486545
56,0.345272,2.60081,-0.624944
56,0.337178,2.58822,-0.644104
56,0.338022,2.57374,-0.682549
56,0.46492,2.63594,-0.728186
56,0.440005,2.71659,-0.501066
56,1.51516,3.19293,-1.00527
56,0.414865,2.58903,-0.77414
56,0.40202,2.55822,-0.831788
56,0.331652,2.64937,-0.516309
56,0.310282,2.54095,-0.75267
56,0.411655,2.58131,-0.81886
56,0.352062,2.57578,-0.750322
56,0.400501,2.62612,-0.706901
56,0.337885,2.56002,-0.77004
56,0.587671,2.70783,-0.806022
56,0.283673,2.58182,-0.656303
56,0.289875,2.57401,-0.684861
56,-0.126806,2.27693,-0.760057
56,1.52382,3.21865,-1.03877
56,0.300051,2.54306,-0.806644
56,0.268659,2.61002,-0.625955
56,0.243326,2.67661,-0.434612
56,0.261115,2.63815,-0.592255
56,0.243203,2.61374,-0.623339
56,0.235261,2.67368,-0.511887
56,1.4922,3.2423,-1.09505
56,0.238064,2.58461,-0.768666
56,-0.286471,2.59039,0.0280697
56,0.251666,2.54218,-0.902551
56,-0.984893,1.67934,-1.06627
56,0.216395,2.65568,-0.584467
56,0.229412,2.63953,-0.642961
56,0.194541,2.69013,-0.542499
56,-0.999047,1.68991,-1.12577
56,0.218973,2.62566,-0.774301
56,-0.302813,2.59772,-0.0908505
56,1.47428,3.3067,-1.15218
56,1.51766,3.38629,-1.16708
56,1.46397,3.35134,-1.19079
56,-0.345546,2.64591,-0.21259
56,-1.13136,1.78047,-1.16383
56,-1.2109,1.87034,-1.10616
56,-0.240217,2.49065,-1.1722
56,-0.804275,2.22552,-1.19931
56,-0.811632,2.22135,-1.20429
56,-0.77401,2.20999,-1.32979
56,-0.285759,2.55734,-1.28261
56,-0.489412,2.60748,-1.11817
56,-0.498868,2.60034,-1.12424
56,-1.36536,2.04571,-1.1333
56,-1.40143,2.05902,-1.16471
56,-1.52006,2.19436,-1.18386
56,-1.49265,2.18579,-1.24833
56,-1.54684,2.18685,-1.17571
56,-1.62168,2.23734,-1.25424
56,-0.537886,2.83309,-1.53751
56,-3.43943,2.87523,1.1037
56,-2.37571,3.4184,-0.559912
56,-3.1676,3.00015,-0.450027
56,-3.24642,3.01026,-0.424155
56,-3.4415,2.95608,-0.411331
56,-3.39938,3.06909,-0.474362
56,-3.58411,3.00054,-0.391409
56,-3.5604,2.99864,-0.433051
56,-3.68895,3.0612,-0.447053
56,-3.73543,3.10025,-0.509716
56,-4.59246,3.11001,-1.29874
56,-5.81303,4.25168,1.93555
56,-0.219752,1.94348,-0.681172
55,-0.219752,1.94348,-0.681172
56,-0.294625,2.61018,0.21793
55,-0.294625,2.61018,0.21793
56,-0.554487,2.8966,0.110924
55,-0.554487,2.8966,0.110924
56,0.121102,3.08231,-0.870706
55,0.121102,3.08231,-0.870706
56,0.429376,2.5997,-0.397912
55,0.429376,2.5997,-0.397912
56,-0.564398,2.91853,0.107888
55,-0.564398,2.91853,0.107888
56,-0.0379599,2.32984,1.1385
55,-0.0379599,2.32984,1.1385
56,-0.26619,1.97971,-0.720137
55,-0.26619,1.97971,-0.720137
56,-0.353632,2.744,0.50925
55,-0.353632,2.744,0.50925
56,1.76154,2.07693,1.06197
55,1.76154,2.07693,1.06197
56,0.33158,2.5158,-0.589256
55,0.33158,2.5158,-0.589256
56,1.63728,2.37663,1.08349
55,1.63728,2.37663,1.08349
56,-0.146421,2.46105,0.299063
55,-0.146421,2.46105,0.299063
56,-0.423522,2.82848,0.411483
55,-0.423522,2.82848,0.411483
56,1.41834,3.44114,1.12963
55,1.41834,3.44114,1.12963
56,-0.155726,2.36672,0.0442146
55,-0.155726,2.36672,0.0442146
56,0.483128,2.58681,-0.433197
55,0.483128,2.58681,-0.433197
56,0.046727,1.99424,-0.769599
55,0.046727,1.99424,-0.769599
56,0.608061,2.49909,-0.356796
55,0.608061,2.49909,-0.356796
56,1.62628,2.48194,1.08495
55,1.62628,2.48194,1.08495
56,0.624053,2.80571,1.14364
55,0.624053,2.80571,1.14364
56,-0.0424094,2.29134,0.240945
55,-0.0424094,2.29134,0.240945
56,0.711884,2.52139,-0.30293
55,0.711884,2.52139,-0.30293
56,-0.283067,2.62151,0.8623
55,-0.283067,2.62151,0.8623
56,0.0766264,2.19098,0.848967
55,0.0766264,2.19098,0.848967
56,0.429671,2.75529,-0.910329
54,0.429671,2.75529,-0.910329
56,0.765016,2.17854,-0.228682
54,0.765016,2.17854,-0.228682
56,-0.262619,2.6401,0.517601
54,-0.262619,2.6401,0.517601
56,-0.58536,2.90773,0.746742
54,-0.58536,2.90773,0.746742
56,1.53414,2.94086,-0.809391
53,1.53414,2.94086,-0.809391
56,0.465025,2.49544,-0.64867
53,0.465025,2.49544,-0.64867
56,0.55381,2.45067,-0.452094
21,0.55381,2.45067,-0.452094
56,0.54305,2.57514,-0.603785
21,0.54305,2.57514,-0.603785
56,0.535274,2.63885,-0.479542
21,0.535274,2.63885,-0.479542
56,0.570385,2.68238,-0.455592
21,0.570385,2.68238,-0.455592
56,0.644839,2.60802,-0.727009
21,0.644839,2.60802,-0.727009
56,0.503444,2.4279,-0.5088
21,0.503444,2.4279,-0.5088
56,0.354321,2.77361,-0.86559
24,0.354321,2.77361,-0.86559
56,0.52117,2.60329,-0.697105
24,0.52117,2.60329,-0.697105
56,0.405927,2.95409,-0.946338
24,0.405927,2.95409,-0.946338
56,0.603054,2.62589,-0.602866
24,0.603054,2.62589,-0.602866
56,0.668816,2.61652,-0.72613
24,0.668816,2.61652,-0.72613
56,0.41838,2.58291,-0.490319
24,0.41838,2.58291,-0.490319
56,0.255749,2.59181,-0.584472
24,0.255749,2.59181,-0.584472
56,0.529215,2.76255,-0.641671
24,0.529215,2.76255,-0.641671
56,0.597405,2.63732,-0.594822
24,0.597405,2.63732,-0.594822
56,0.434455,2.69513,-0.407351
24,0.434455,2.69513,-0.407351
56,0.633579,2.42314,-0.723998
5,0.633579,2.42314,-0.723998
56,0.545128,2.63081,-0.429704
27,0.545128,2.63081,-0.429704
56,1.75416,1.901,0.930807
27,1.75416,1.901,0.930807
56,1.77989,1.92776,0.910294
27,1.77989,1.92776,0.910294
57,0.57995,2.7991,1.08359
57,0.563325,2.80922,1.13231
57,0.564099,2.81715,1.13565
57,0.529911,2.8185,1.10367
57,-0.327397,2.4612,1.58459
57,-0.330591,2.46421,1.59353
57,-0.342504,2.46538,1.59894
57,-0.341519,2.48079,1.60067
57,-0.350243,2.48433,1.59981
57,-0.264213,2.58188,1.48621
57,-0.270264,2.58168,1.4895
57,-0.28451,2.58476,1.50424
57,-0.191874,2.49325,0.996561
57,-0.194368,2.52723,1.06274
57,-0.316539,2.63355,1.50951
57,-0.294326,2.64172,1.46941
57,-0.234148,2.55357,1.13339
57,0.673606,2.66114,-0.419421
57,0.673847,2.66381,-0.422137
57,0.684126,2.65571,-0.467989
57,0.670715,2.66104,-0.43626
57,0.692591,2.63363,-0.54218
57,-0.191737,2.52264,0.937626
57,0.650695,2.65278,-0.428467
57,0.643381,2.65953,-0.399838
57,0.701496,2.59625,-0.657029
57,-0.214581,2.57501,1.09397
57,0.642129,2.64832,-0.430624
57,-0.297873,2.66838,1.45194
57,-0.210346,2.58809,1.09398
57,0.635513,2.67084,-0.385867
57,0.667376,2.70525,-0.371071
57,0.696836,2.60358,-0.661738
57,0.629648,2.66346,-0.397064
57,0.625668,2.66917,-0.390083
57,0.658405,2.5987,-0.613423
57,0.673712,2.62616,-0.583809
57,0.681247,2.6331,-0.583569
57,0.631545,2.68394,-0.378368
57,0.601401,2.65202,-0.393641
57,0.62259,2.672,-0.411708
57,-0.206238,2.61928,1.09932
57,0.634868,2.63917,-0.512847
57,0.633065,2.65535,-0.474649
57,0.59959,2.66039,-0.400989
57,0.586542,2.63792,-0.426237
57,0.602034,2.65256,-0.426195
57,0.594655,2.67434,-0.365202
57,-0.260331,2.72868,1.4332
57,0.641501,2.60232,-0.632099
57,-0.26082,2.73373,1.43841
57,0.593186,2.67929,-0.367559
57,0.598476,2.68319,-0.373873
57,0.600689,2.6849,-0.377835
57,-0.262066,2.73728,1.43646
57,0.58427,2.62159,-0.489893
57,0.598161,2.66851,-0.412758
57,0.572769,2.63359,-0.451546
57,-0.302824,2.73473,1.49799
57,0.59937,2.59359,-0.597904
57,-0.212079,2.51529,0.818923
57,0.587028,2.59943,-0.568559
57,0.603115,2.64877,-0.493039
57,0.543673,2.65111,-0.374223
57,0.640021,2.6276,-0.61974
57,0.567739,2.67821,-0.372812
57,0.53353,2.6238,-0.428618
57,-0.210959,2.65414,1.09876
57,-0.192718,2.70232,1.16563
57,0.601447,2.64168,-0.53444
57,0.612929,2.63943,-0.562745
57,-0.228807,2.70152,1.23298
57,0.536371,2.64525,-0.399256
57,-0.207467,2.69215,1.16491
57,-0.207642,2.68693,1.14847
57,0.603065,2.62698,-0.590101
57,0.571791,2.66348,-0.447982
57,0.534544,2.66595,-0.376197
57,0.552252,2.68238,-0.375648
57,0.531159,2.61247,-0.493166
57,0.601912,2.63018,-0.595586
57,0.548438,2.59818,-0.56905
57,0.558535,2.58926,-0.610414
57,0.609178,2.61526,-0.652553
57,0.637388,2.60778,-0.726645
57,0.541634,2.61983,-0.518498
57,0.511843,2.64693,-0.400365
57,0.567024,2.65697,-0.489949
57,0.5347,2.66225,-0.416751
57,0.576265,2.6329,-0.565282
57,0.563748,2.66043,-0.479227
57,0.536249,2.66437,-0.417057
57,0.62014,2.59382,-0.743342
57,0.480934,2.63189,-0.38621
57,0.56868,2.64733,-0.537125
57,0.570994,2.62655,-0.59377
57,-0.232964,2.71133,1.17185
57,0.576337,2.62121,-0.624174
57,0.581308,2.60093,-0.682651
57,0.530118,2.58758,-0.61542
57,0.571691,2.60912,-0.653505
57,0.4833,2.61923,-0.460261
57,0.513877,2.65233,-0.448048
57,0.572269,2.61128,-0.657444
57,-0.281174,2.65881,1.12644
57,0.517731,2.60093,-0.577574
57,0.578638,2.59477,-0.711664
57,0.55367,2.61288,-0.625067
57,0.540478,2.6167,-0.590817
57,0.543066,2.61804,-0.595991
57,0.581505,2.58885,-0.742013
57,-0.408513,1.71036,-0.775992
57,0.50256,2.67657,-0.390444
57,0.454015,2.64806,-0.363431
57,0.487521,2.64218,-0.444873
57,0.521814,2.6196,-0.564948
57,0.552928,2.58412,-0.711765
57,0.559575,2.57875,-0.741706
57,0.514794,2.61922,-0.562797
57,0.473883,2.64829,-0.419102
57,-0.259051,2.70757,1.15397
57,0.524035,2.60342,-0.621897
57,0.477201,2.62958,-0.472436
57,0.476026,2.65353,-0.416394
57,0.478684,2.63185,-0.472868
57,0.530368,2.58555,-0.681552
57,0.513091,2.61114,-0.591408
57,0.486221,2.61417,-0.531862
57,0.485726,2.61709,-0.530836
57,0.53739,2.56891,-0.74169
57,0.510024,2.61028,-0.59707
57,0.461805,2.63749,-0.441262
57,0.468687,2.67243,-0.377995
57,0.45622,2.63537,-0.443024
57,0.530037,2.5688,-0.738662
57,0.460004,2.61572,-0.495834
57,0.522098,2.57609,-0.707583
57,0.485728,2.60966,-0.566211
57,0.443085,2.64034,-0.41621
57,0.441998,2.65776,-0.375241
57,0.451493,2.64692,-0.418495
57,0.429726,2.64429,-0.381758
57,-0.232398,1.87334,-0.819349
57,0.434598,2.62398,-0.440962
57,-0.227581,2.54613,0.684355
57,0.42222,2.62747,-0.412956
57,0.465173,2.6002,-0.559024
57,0.426514,2.62365,-0.430466
57,0.520315,2.58017,-0.714231
57,0.422838,2.62883,-0.413333
57,0.45898,2.6584,-0.420576
57,0.492639,2.58591,-0.650494
57,0.429163,2.65512,-0.373043
57,0.502043,2.55827,-0.735696
57,0.414329,2.59155,-0.488797
57,0.493087,2.56659,-0.701234
57,0.42428,2.61091,-0.468423
57,-0.251951,1.8739,-0.801737
57,0.453766,2.60916,-0.532099
57,-0.21741,2.52512,0.588974
57,0.399431,2.63476,-0.377525
57,0.429249,2.59648,-0.5237
57,0.393714,2.62907,-0.384701
57,0.463704,2.57596,-0.643518
57,-0.278011,2.7284,1.15784
57,-0.218079,2.52944,0.590684
57,0.36786,2.61968,-0.361701
57,0.461926,2.58827,-0.61904
57,0.461043,2.60894,-0.571548
57,-0.265505,2.74266,1.15252
57,0.433551,2.58208,-0.586959
57,0.405572,2.59911,-0.493789
57,0.474497,2.5535,-0.732977
57,0.458086,2.57709,-0.651936
57,0.439985,2.57705,-0.61756
57,0.436118,2.56476,-0.643882
57,0.44313,2.55844,-0.671963
57,0.344454,2.61013,-0.368325
57,0.438843,2.54661,-0.697384
57,-0.268256,2.74691,1.14047
57,0.406157,2.5833,-0.555414
57,0.371939,2.59461,-0.465055
57,0.36984,2.5934,-0.465505
57,0.399477,2.59173,-0.529727
57,0.378562,2.57833,-0.52625
57,-0.0926706,2.0964,-0.68889
57,0.401637,2.58109,-0.583339
57,0.406459,2.57255,-0.619022
57,-0.191006,2.47503,0.329163
57,0.333791,2.62407,-0.367951
57,0.345883,2.60319,-0.438883
57,0.353837,2.56753,-0.54838
57,0.375691,2.56987,-0.589849
57,0.291938,2.59413,-0.373552
57,0.317292,2.6218,-0.36603
57,-0.301159,2.74816,1.13264
57,0.335965,2.59536,-0.466236
57,0.390304,2.52635,-0.729126
57,0.394009,2.52968,-0.728964
57,0.329622,2.61288,-0.415322
57,0.337184,2.59855,-0.470197
57,0.327481,2.63236,-0.374932
57,0.412011,2.60813,-0.598243
57,0.379921,2.53691,-0.696137
57,0.410513,2.53283,-0.766759
57,0.375667,2.54789,-0.667305
57,0.318061,2.56324,-0.520598
57,0.311635,2.5975,-0.431143
57,0.29073,2.58358,-0.426558
57,0.310402,2.58248,-0.468179
57,0.280373,2.57607,-0.427927
57,0.316349,2.57818,-0.499785
57,0.347657,2.65227,-0.397213
57,0.403907,2.58706,-0.655077
57,0.341225,2.63909,-0.417033
57,0.391792,2.5199,-0.793161
57,0.401713,2.57338,-0.692539
57,0.390456,2.5799,-0.658577
57,0.315128,2.64007,-0.377511
57,0.398099,2.56554,-0.711882
57,0.309793,2.63696,-0.378269
57,0.291449,2.58677,-0.458249
57,0.298694,2.58869,-0.469908
57,0.363165,2.52733,-0.736842
57,0.311834,2.57808,-0.531784
57,0.353063,2.54762,-0.681715
57,0.350544,2.61058,-0.535945
57,0.352568,2.60885,-0.544695
57,-0.163966,2.09233,-0.696353
57,0.290359,2.61721,-0.409947
57,0.278639,2.61616,-0.393959
57,0.28669,2.57705,-0.499642
57,0.317061,2.54173,-0.644104
57,0.26793,2.59024,-0.439396
57,0.267277,2.54244,-0.547645
57,0.298902,2.61111,-0.455753
57,0.273668,2.582,-0.479121
57,-1.03194,2.35747,1.57923
57,0.358907,2.57759,-0.660517
57,0.347131,2.55774,-0.692971
57,0.247352,2.61598,-0.368534
57,0.284036,2.58305,-0.521671
57,0.34221,2.54829,-0.717486
57,-0.772234,1.53739,-0.807042
57,0.337655,2.5697,-0.663846
57,-1.04836,2.36337,1.59021
57,0.319321,2.51464,-0.76455
57,0.28762,2.52938,-0.672974
57,0.350938,2.52556,-0.806533
57,-0.179316,2.10051,-0.728521
57,0.273213,2.55431,-0.5996
57,0.326882,2.51484,-0.798934
57,0.306468,2.55877,-0.659863
57,0.341141,2.53608,-0.780217
57,-0.206557,2.51872,0.257931
57,0.333431,2.50095,-0.848559
57,0.302686,2.52201,-0.741825
57,0.345247,2.51643,-0.843331
57,0.312902,2.52152,-0.768936
57,0.29552,2.52598,-0.735525
57,0.298929,2.52538,-0.744541
57,-0.995006,2.44675,1.61071
57,0.28121,2.54312,-0.688111
57,-1.06812,2.38505,1.58742
57,0.282169,2.50519,-0.799798
57,0.272199,2.53778,-0.72105
57,-0.328516,1.98293,-0.81007
57,-1.02192,2.45988,1.62196
57,-0.192281,2.49119,0.0145619
57,-1.03688,2.47125,1.62572
57,-0.248723,2.45,0.0088563
57,-0.270486,2.44761,0.0389129
57,-0.382365,1.9239,-0.931977
57,-0.168868,2.25956,-0.60216
57,-1.4867,1.02062,-0.818749
57,-0.216079,2.48524,-0.0427237
57,-1.0875,2.45548,1.59206
57,-0.839168,1.60447,-0.821375
57,-0.251151,2.47107,-0.037267
57,-1.10381,2.46898,1.62898
57,-0.369452,2.04231,-0.784837
57,-0.283033,2.68137,0.484202
57,-1.07234,2.51198,1.63219
57,-0.851762,1.6287,-0.814375
57,-1.10337,2.51866,1.63457
57,-0.255102,2.56183,0.0551968
57,-0.185215,2.25268,-0.796132
57,-0.259074,2.54914,-0.017288
57,-0.329796,2.12893,-0.86049
57,-1.5479,1.07917,-0.911699
57,-0.352808,2.14866,-0.878763
57,-0.279559,2.58695,-0.066682
57,-0.295356,2.57509,-0.0905954
57,-0.29623,2.59615,-0.0648842
57,-0.918142,1.72938,-0.881509
57,-0.259477,2.39131,-0.719205
57,-0.956228,1.76097,-0.870876
57,-1.01644,1.8048,-0.756563
57,-1.01047,1.80902,-0.775665
57,-1.02836,1.82231,-0.85267
57,-1.06254,1.85293,-0.799198
57,-1.02962,1.87692,-0.893121
57,-0.343091,2.48139,-0.972629
57,-1.10011,1.91873,-0.852222
57,-0.79358,2.57272,-0.0731333
57,-1.14094,2.01712,-0.99528
57,-1.18978,1.99883,-0.945292
57,-2.0728,2.35517,1.52246
57,-2.07787,2.35632,1.52787
57,-2.09032,2.35713,1.53892
57,-2.09931,2.35922,1.54598
57,-2.10667,2.36278,1.5448
57,-1.73334,1.742,-0.674111
57,-2.49295,1.87919,1.099
57,-1.15958,2.53584,-0.0622183
57,-2.1399,2.50826,1.76906
57,-1.21489,2.53727,-0.0605698
57,-2.63569,1.98187,1.12358
57,-2.2753,2.30615,1.12262
57,-1.9957,1.9797,-0.462
57,-2.80595,1.97879,1.07974
57,-2.07837,2.00302,-0.488888
57,-2.2147,1.83977,-0.744249
57,-2.23934,1.85242,-0.754606
57,-2.17797,2.03187,-0.532268
57,-2.26879,1.8853,-0.733266
57,-2.2179,2.04828,-0.551244
57,-2.29064,1.89626,-0.755591
57,-2.17686,2.33035,-0.0188479
57,-2.2525,2.03893,-0.545817
57,-2.27648,2.08537,-0.460395
57,-3.04464,2.12439,1.11314
57,-2.37153,1.93126,-0.713903
57,-2.38116,1.93765,-0.694642
57,-2.41895,1.95345,-0.73417
57,-2.35681,2.17409,-0.429656
57,-2.23171,2.45754,-0.112774
57,-2.4208,2.32057,-0.108195
57,-2.33305,2.40919,-0.0892205
57,-2.28084,2.48903,-0.0611539
57,-2.49153,2.31894,-0.110221
57,-2.46405,2.34996,-0.110499
57,-2.41588,2.42842,-0.04181
57,-2.50145,2.3655,-0.123604
57,-2.53606,2.3392,-0.122817
57,-2.51074,2.36139,-0.129098
57,-2.67155,2.41293,-0.153093
57,-2.70551,2.40154,-0.17935
57,-2.74448,2.42534,-0.131437
57,-2.87408,2.42369,-0.221646
57,-3.68845,2.3563,1.09254
57,-4.21134,2.23362,1.0203
57,0.447135,2.54501,-0.737957
56,0.447135,2.54501,-0.737957
57,0.4372,2.54552,-0.350746
56,0.4372,2.54552,-0.350746
57,0.463546,2.59861,-0.557437
56,0.463546,2.59861,-0.557437
57,-0.044364,2.33249,1.13907
56,-0.044364,2.33249,1.13907
57,0.658377,2.16324,-0.276931
56,0.658377,2.16324,-0.276931
57,-0.321816,2.6463,0.48925
56,-0.321816,2.6463,0.48925
57,0.430557,1.90674,1.34409
56,0.430557,1.90674,1.34409
57,0.522189,1.69322,0.862332
56,0.522189,1.69322,0.862332
57,-0.0254199,2.37371,1.17422
56,-0.0254199,2.37371,1.17422
57,-0.283139,1.93883,-0.758613
56,-0.283139,1.93883,-0.758613
57,0.568235,2.84202,1.12139
56,0.568235,2.84202,1.12139
57,-0.201086,2.50281,0.824017
56,-0.201086,2.50281,0.824017
57,-0.294516,2.20145,-0.828242
56,-0.294516,2.20145,-0.828242
57,-0.148627,2.26594,-0.748202
55,-0.148627,2.26594,-0.748202
57,-0.881971,4.98502,-2.45871
55,-0.881971,4.98502,-2.45871
57,-0.563877,2.99165,0.374904
55,-0.563877,2.99165,0.374904
57,-0.268216,2.58033,0.51204
55,-0.268216,2.58033,0.51204
57,-0.939565,1.6593,-0.877786
55,-0.939565,1.6593,-0.877786
57,0.538105,2.53071,-0.747359
54,0.538105,2.53071,-0.747359
57,-0.257551,2.51889,0.125484
54,-0.257551,2.51889,0.125484
57,0.50733,2.56211,-0.593365
53,0.50733,2.56211,-0.593365
57,0.449791,2.58507,-0.41186
53,0.449791,2.58507,-0.41186
57,0.660869,2.31311,-0.434323
53,0.660869,2.31311,-0.434323
57,0.451738,2.55691,-0.349215
53,0.451738,2.55691,-0.349215
57,0.398626,2.57287,-0.690769
24,0.398626,2.57287,-0.690769
57,0.335288,2.91143,-0.816124
24,0.335288,2.91143,-0.816124
57,0.472583,2.36682,-0.60965
24,0.472583,2.36682,-0.60965
57,0.401625,2.52972,-0.503002
24,0.401625,2.52972,-0.503002
57,0.425162,2.52119,-0.688272
24,0.425162,2.52119,-0.688272
57,0.46743,2.388,-0.56075
24,0.46743,2.388,-0.56075
57,0.548783,2.47844,-0.585683
24,0.548783,2.47844,-0.585683
57,0.478935,2.60324,-0.598967
24,0.478935,2.60324,-0.598967
57,0.493234,2.74016,-0.506924
24,0.493234,2.74016,-0.506924
57,0.339388,2.71279,-0.567323
24,0.339388,2.71279,-0.567323
57,0.395781,2.7003,-0.842617
24,0.395781,2.7003,-0.842617
57,0.51803,2.58767,-0.676746
5,0.51803,2.58767,-0.676746
57,0.425407,2.52864,-0.659307
3,0.425407,2.52864,-0.659307
57,-0.611586,2.45914,0.000814708
3,-0.611586,2.45914,0.000814708
57,-0.619265,2.4797,-0.00201913
3,-0.619265,2.4797,-0.00201913
57,0.278549,2.64483,-0.441278
26,0.278549,2.64483,-0.441278
57,0.284843,2.95601,-1.07263
26,0.284843,2.95601,-1.07263
58,0.582477,2.81511,1.12461
58,0.574175,2.818,1.12647
58,0.552475,2.82562,1.11007
58,0.519671,2.81423,1.10413
58,-0.108644,2.46924,1.21565
58,-0.256668,2.46041,1.54695
58,-0.331575,2.49529,1.78983
58,-0.281452,2.48205,1.57908
58,-0.330776,2.46106,1.60672
58,-0.324421,2.46988,1.60569
58,-0.327272,2.46063,1.58418
58,-0.323369,2.47234,1.5856
58,-0.305886,2.48923,1.56692
58,-0.334097,2.47278,1.58759
58,-0.339529,2.4737,1.5875
58,-0.387901,2.42942,1.60406
58,-0.349078,2.47854,1.59722
58,-0.346261,2.48196,1.59069
58,-0.318868,2.50857,1.57569
58,-0.444952,2.39404,1.61573
58,-0.349185,2.48711,1.57944
58,-0.350262,2.48928,1.57373
58,-0.352859,2.49029,1.5749
58,-0.478462,2.37829,1.61214
58,-0.417034,2.4528,1.61627
58,-0.332805,2.54171,1.59206
58,-0.434677,2.46654,1.62284
58,-0.358242,2.5491,1.57886
58,-0.21455,2.51744,1.14619
58,0.552277,2.68054,-0.365172
58,-0.20866,2.53446,1.14712
58,-0.200895,2.53451,1.12209
58,-0.374252,2.56097,1.58919
58,0.495846,2.63909,-0.352211
58,-0.378304,2.56466,1.5846
58,-0.509454,2.46741,1.59028
58,-0.513139,2.47372,1.59324
58,-0.529149,2.48143,1.59584
58,0.43175,2.67089,-0.375137
58,-0.553798,2.50408,1.6054
58,-0.211226,2.5212,0.813419
58,0.392596,2.64711,-0.385267
58,0.367135,2.6368,-0.371492
58,0.389794,2.65329,-0.395194
58,0.372663,2.60683,-0.503103
58,0.364986,2.62682,-0.451146
58,0.345989,2.59961,-0.468022
58,0.317361,2.60138,-0.435501
58,-0.211284,2.53293,0.66936
58,0.349526,2.65018,-0.430809
58,0.286298,2.6089,-0.37612
58,0.316884,2.64542,-0.379307
58,0.313772,2.57641,-0.5215
58,0.315308,2.59265,-0.502907
58,0.33145,2.61087,-0.505516
58,0.330276,2.60311,-0.547089
58,0.291732,2.63548,-0.392099
58,0.29246,2.62726,-0.418155
58,0.276992,2.62634,-0.387586
58,0.294463,2.61978,-0.453881
58,0.268959,2.60001,-0.439365
58,0.285727,2.58917,-0.506567
58,0.268206,2.60325,-0.448393
58,-0.213472,2.52833,0.508474
58,-0.913405,2.25156,1.55081
58,-0.341705,2.75294,1.1146
58,-0.231639,2.46368,0.181802
58,-0.371404,2.77076,1.11613
58,-0.970662,2.32433,1.57204
58,-0.231421,2.44658,0.0560598
58,-0.234783,2.44077,0.0479685
58,-0.230433,2.44678,0.0482988
58,-0.986657,2.31888,1.558
58,-0.265345,2.43788,0.059852
58,-0.892506,2.54174,1.76677
58,-0.905123,2.54746,1.77008
58,-0.996216,2.38831,1.58059
58,-0.986771,2.41588,1.59373
58,-0.238982,2.54051,0.0555106
58,-1.42894,0.851014,-0.80892
58,-1.43515,0.855479,-0.791571
58,-0.240835,2.54274,-0.0857546
58,-0.265131,2.58941,0.046299
58,-0.261414,2.57528,-0.0157305
58,-1.42521,0.92292,-0.784054
58,-0.263259,2.56664,-0.0420852
58,-0.827338,1.59689,-0.792674
58,-1.08754,2.52616,1.82691
58,-1.03285,2.49102,1.59837
58,-1.46439,0.89289,-0.812339
58,-1.08412,2.39882,1.51132
58,-0.821557,1.604,-0.851252
58,-2.19329,1.00212,1.13501
58,-1.1097,2.53208,1.82248
58,-1.05427,2.49621,1.6093
58,-1.04791,2.50507,1.60886
58,-0.273622,2.59368,-0.0611293
58,-0.264134,2.56945,-0.136619
58,-0.268159,2.58455,-0.108093
58,-1.75287,1.50221,1.12305
58,-0.27718,2.58602,-0.10034
58,-1.09017,2.47882,1.6064
58,-1.1435,2.52982,1.83158
58,-0.996203,2.62812,1.68213
58,-1.15312,2.52914,1.83358
58,-1.08645,2.52272,1.65355
58,-1.12855,2.54617,1.80229
58,-0.274274,2.58464,-0.167142
58,-1.11612,2.42302,1.49643
58,-1.10599,2.48856,1.60945
58,-2.24639,0.998381,1.12152
58,-1.45975,0.956971,-0.879101
58,-0.863056,1.64381,-0.836589
58,-2.22276,1.02986,1.10392
58,-1.0842,2.54782,1.62364
58,-1.12067,2.49978,1.6077
58,-2.23197,1.02952,1.1112
58,-1.13246,2.43538,1.48883
58,-1.45349,1.02354,-0.782824
58,-0.916017,1.68205,-0.688439
58,-1.46548,0.986838,-0.896878
58,-1.47241,0.995598,-0.880846
58,-1.1244,2.55493,1.62245
58,-1.12249,2.5601,1.62615
58,-0.898523,1.70895,-0.747579
58,-2.0272,1.40431,1.19179
58,-2.3269,1.03224,1.1102
58,-1.20416,2.53772,1.60766
58,-1.22099,2.54272,1.596
58,-0.913612,1.74661,-0.887553
58,-0.945713,1.76969,-0.870494
58,-1.58317,1.11113,-0.990602
58,-1.58814,1.11535,-0.978339
58,-1.60339,1.10528,-0.983871
58,-2.21021,1.45257,1.19031
58,-2.36375,1.48568,1.17481
58,-1.12283,1.95576,-0.89126
58,-1.09287,2.49913,0.0471194
58,-1.05276,2.52605,-0.0205989
58,-1.08332,2.49723,-0.0219371
58,-1.0383,2.54426,-0.0705446
58,-1.068,2.5461,-0.0336077
58,-1.05453,2.55257,-0.0667459
58,-1.06349,2.55086,-0.0615797
58,-1.12333,2.52774,0.0312321
58,-1.05687,2.56013,-0.0665892
58,-1.11196,2.52347,-0.0228348
58,-1.15671,2.51655,0.0511484
58,-1.14147,2.51144,-0.0311357
58,-1.19943,2.48193,0.0132464
58,-2.37655,0.953146,-0.523009
58,-2.4014,0.954857,-0.543523
58,-2.37251,1.89001,1.14067
58,-2.65366,1.05694,-0.33391
58,-2.66888,1.05562,-0.328658
58,-2.70465,1.03286,-0.320149
58,-2.67258,1.062,-0.345045
58,-2.7473,1.06797,-0.258905
58,-2.19804,2.32841,1.11912
58,-2.71685,1.03473,-0.449569
58,-2.7279,1.03264,-0.491998
58,-2.20477,2.61091,1.62881
58,-2.27467,2.51701,1.55317
58,-2.25988,2.33646,1.12475
58,-2.26452,2.55909,1.59888
58,-2.8217,1.03556,-0.34636
58,-2.58664,1.98359,1.12498
58,-2.28992,2.32816,1.1148
58,-2.76213,1.03449,-0.579376
58,-2.01244,1.86311,-0.618796
58,-2.88269,0.990314,-0.443518
58,-2.8901,0.986489,-0.442311
58,-2.89314,1.02665,-0.361229
58,-2.4559,2.62293,1.90121
58,-2.50302,2.65042,1.90653
58,-2.4981,2.64569,1.86634
58,-2.89375,1.05684,-0.639538
58,-2.5199,2.73065,1.86237
58,-2.03941,2.39494,-0.0547646
58,-2.04056,2.39901,-0.044413
58,-2.55162,2.7617,1.89266
58,-2.18976,2.3389,-0.0544263
58,-2.26517,2.3954,-0.0851499
58,-2.71579,2.84811,1.92594
58,-3.18855,1.1091,-0.942153
58,-3.28541,0.991744,-1.22796
58,-2.54261,2.21759,-0.523876
58,-2.57176,2.2337,-0.533671
58,-3.44356,1.07434,-1.21366
58,-3.90127,1.16542,-1.50517
58,-3.79814,1.36626,-1.45534
58,-4.01993,1.06932,-1.60101
58,-3.99336,1.18418,-1.54764
58,-5.8605,2.74377,0.94033
58,-0.111894,2.4158,0.33395
57,-0.111894,2.4158,0.33395
58,-0.215759,2.5273,0.592741
57,-0.215759,2.5273,0.592741
58,-0.215759,2.5273,0.592741
57,-0.215759,2.5273,0.592741
58,0.559267,2.76576,1.10464
57,0.559267,2.76576,1.10464
58,0.12552,2.14175,0.462819
57,0.12552,2.14175,0.462819
58,0.00980179,2.27362,0.399997
57,0.00980179,2.27362,0.399997
58,0.390185,2.63288,-0.474979
57,0.390185,2.63288,-0.474979
58,-3.16369,2.50612,-0.369369
57,-3.16369,2.50612,-0.369369
58,-1.23051,2.5493,-0.0792222
57,-1.23051,2.5493,-0.0792222
58,-0.278784,2.59332,0.355855
57,-0.278784,2.59332,0.355855
58,-2.34843,2.41632,-0.0474784
57,-2.34843,2.41632,-0.0474784
58,-0.264169,2.58921,0.802042
56,-0.264169,2.58921,0.802042
58,0.156181,2.09645,0.476096
56,0.156181,2.09645,0.476096
58,-0.0973417,2.40315,0.339003
56,-0.0973417,2.40315,0.339003
58,-0.170264,2.48034,0.169683
55,-0.170264,2.48034,0.169683
58,-0.140507,2.44382,0.216602
55,-0.140507,2.44382,0.216602
58,-0.148467,2.41013,0.176584
54,-0.148467,2.41013,0.176584
58,0.63563,2.70918,-0.339095
53,0.63563,2.70918,-0.339095
59,-0.166718,2.52384,1.48581
59,-0.18439,2.50105,1.47602
59,-0.206831,2.52077,1.57236
59,-0.41872,2.2303,1.57809
59,-0.194403,2.50913,1.49427
59,-0.176551,2.54666,1.50722
59,-0.178067,2.51431,1.44471
59,-0.197482,2.50432,1.47614
59,-0.085971,2.52817,1.19471
59,-0.19346,2.509,1.42619
59,-0.436273,2.26134,1.60598
59,-0.200509,2.50678,1.42755
59,-0.335622,2.43438,1.56622
59,-0.332715,2.43712,1.56304
59,-0.34565,2.43787,1.56149
59,-0.202778,2.49283,1.2767
59,-0.336209,2.46177,1.58012
59,-0.212519,2.52593,1.3538
59,-0.210448,2.5281,1.33919
59,-0.339266,2.47649,1.57891
59,-0.338002,2.48267,1.58524
59,-0.216393,2.53768,1.35771
59,-0.346437,2.48073,1.60112
59,-0.314216,2.49318,1.51368
59,-0.348251,2.48232,1.58285
59,-0.166121,2.53672,1.18683
59,-0.366541,2.45866,1.571
59,-0.238339,2.59752,1.45048
59,-0.250686,2.3617,1.02584
59,-0.385725,2.46684,1.57255
59,-0.469335,2.36816,1.57261
59,-0.467451,2.3718,1.57081
59,-0.361686,2.50235,1.53265
59,-0.363854,2.50576,1.53987
59,-0.372717,2.49907,1.54667
59,-0.355209,2.54029,1.56946
59,-0.349563,2.48528,1.44638
59,-0.36036,2.51155,1.52534
59,-0.354889,2.54431,1.54966
59,-0.499202,2.45749,1.77526
59,-0.439385,2.44745,1.58438
59,-0.374901,2.5196,1.54761
59,-0.189067,2.55166,1.10045
59,-0.220903,2.53125,1.1366
59,-0.213448,2.54567,1.13758
59,-0.512903,2.46677,1.80091
59,-0.215068,2.54598,1.13031
59,-0.221072,2.54657,1.13885
59,-0.426171,2.48354,1.57574
59,-0.221302,2.55006,1.14451
59,-0.224088,2.56409,1.14941
59,-0.224867,2.54974,1.12191
59,-0.499786,2.40589,1.57691
59,-0.225819,2.56676,1.12187
59,-0.533524,2.49177,1.80004
59,-0.358659,2.48442,1.29419
59,-0.49731,2.44568,1.57402
59,-0.536337,2.49838,1.78042
59,-0.163785,2.49243,0.701421
59,-0.410076,2.60089,1.56618
59,-0.379696,2.50689,1.29506
59,-0.41412,2.60896,1.57217
59,-0.340561,2.46724,1.05098
59,-0.359612,2.482,1.12568
59,-0.365583,2.48666,1.12612
59,-0.579234,2.53478,1.79859
59,-0.363342,2.48634,1.11567
59,-0.353557,2.47391,1.04695
59,-0.515181,2.53382,1.59479
59,-0.182948,2.51008,0.609646
59,0.266974,2.64622,-0.377822
59,-0.196491,2.5169,0.535233
59,-0.174481,2.47474,0.390188
59,-0.173499,2.46001,0.3394
59,-0.185336,2.57875,0.530609
59,-0.918422,2.25938,1.79216
59,-0.25425,2.39168,0.188282
59,-0.909012,2.19135,1.56026
59,-0.881196,2.22343,1.54488
59,-0.911238,2.20477,1.56528
59,-0.266014,2.41115,0.174916
59,-0.27268,2.4111,0.179576
59,-0.930841,2.21396,1.57
59,-0.964432,2.29376,1.7997
59,-0.952692,2.22058,1.57621
59,-0.953967,2.26808,1.55872
59,-0.986184,2.24484,1.56871
59,-0.991226,2.33943,1.57919
59,-0.994883,2.33839,1.5792
59,-1.00478,2.35514,1.61851
59,-1.02342,2.30857,1.56282
59,-0.263711,2.55548,-0.0769957
59,-1.03473,2.32429,1.56199
59,-0.983291,2.42688,1.58645
59,-1.06662,2.32516,1.55613
59,-2.11152,0.720409,1.27297
59,-0.998574,2.45487,1.58422
59,-0.984912,2.62216,1.83392
59,-1.01269,2.46243,1.58781
59,-1.01717,2.47617,1.58244
59,-1.97624,0.741614,0.741546
59,-1.00561,2.47169,1.41409
59,-1.05534,2.51216,1.61587
59,-1.06024,2.51408,1.61627
59,-1.01754,2.47898,1.43183
59,-1.08812,2.46878,1.59658
59,-1.0808,2.49746,1.59809
59,-2.24474,0.696156,1.2589
59,-1.17111,2.52685,1.85114
59,-1.18084,2.52302,1.86552
59,-1.11481,2.47825,1.58852
59,-2.28895,0.69748,1.33976
59,-2.04189,0.734692,0.722758
59,-1.06288,2.51159,1.4779
59,-2.27504,0.694345,1.26887
59,-1.06303,2.60219,1.61027
59,-1.41762,0.85552,-0.797437
59,-1.41492,0.895058,-0.806667
59,-2.38545,0.678589,1.41596
59,-0.908747,1.69582,-0.673234
59,-1.1353,2.56886,1.62731
59,-2.42676,0.633183,1.40386
59,-1.20372,2.62391,1.83423
59,-1.4044,1.02182,-0.744818
59,-1.14162,2.76334,1.67871
59,-1.46218,1.00374,-0.883049
59,-2.26817,0.78645,0.777131
59,-0.985234,1.81817,-0.747739
59,-2.29863,0.74816,0.678981
59,-0.990622,1.79249,-0.894805
59,-2.53881,0.76181,1.32764
59,-2.55244,0.800808,1.41053
59,-2.35126,0.785079,0.756492
59,-2.35943,0.736885,0.673226
59,-2.60221,0.770074,1.39758
59,-2.58692,0.787868,1.36439
59,-2.38855,0.779584,0.768578
59,-2.61734,0.798286,1.40723
59,-2.28899,0.706188,0.23308
59,-2.38343,0.781999,0.599378
59,-2.38679,0.770783,0.574015
59,-2.31138,0.702492,0.212097
59,-2.30228,0.716135,0.210118
59,-2.41559,0.775478,0.584977
59,-2.41985,0.778258,0.576437
59,-2.33429,0.714412,0.216617
59,-1.04472,2.48807,-0.0130937
59,-1.0319,2.53335,-0.0162951
59,-1.00861,2.54774,-0.0572207
59,-2.43101,0.852065,0.542944
59,-1.02335,2.55445,-0.0167632
59,-1.02359,2.53181,-0.0603204
59,-1.05578,2.53356,-0.00674582
59,-2.43352,0.847849,0.490909
59,-2.37303,0.794704,0.212667
59,-2.35938,0.816442,0.19553
59,-1.14322,2.43674,0.00155592
59,-2.4211,0.872276,0.450912
59,-1.09833,2.49985,-0.0174251
59,-1.70869,1.11193,-1.04461
59,-1.04255,2.56291,-0.064442
59,-1.68227,1.14141,-1.06805
59,-2.37449,0.835731,0.223978
59,-1.05113,2.55743,-0.0658324
59,-2.37359,0.830869,0.198978
59,-2.37168,0.832869,0.192855
59,-1.06578,2.56557,-0.0397415
59,-1.72951,1.1138,-1.05211
59,-1.70714,1.13847,-1.07158
59,-2.48664,0.868585,0.497084
59,-2.48297,0.874611,0.492249
59,-2.47042,0.876931,0.452496
59,-2.49099,0.870783,0.437766
59,-2.42739,0.842936,0.172922
59,-1.19389,2.01131,-0.942063
59,-1.22771,2.46994,-0.0369688
59,-1.23537,2.63821,0.226295
59,-2.51467,0.8849,0.0915889
59,-2.11321,2.56465,1.60467
59,-2.12651,2.54947,1.57232
59,-2.13752,2.55432,1.59719
59,-2.13994,2.5479,1.59028
59,-2.15965,2.5667,1.59715
59,-1.48587,2.82967,0.21235
59,-2.27497,2.52773,1.56119
59,-2.36814,2.71874,2.00045
59,-2.3756,2.73842,1.98149
59,-2.33755,2.65121,1.59568
59,-2.42602,2.73774,1.99757
59,-2.4382,2.72612,1.98552
59,-1.64808,2.96644,0.263482
59,-2.44741,2.75624,1.97161
59,-2.35841,2.72118,1.62622
59,-2.48187,2.771,1.97299
59,-2.49784,2.77803,2.01053
59,-2.54447,2.80576,1.99079
59,-2.09256,2.42892,-0.0848141
59,-2.54903,2.86619,1.98862
59,-2.65727,2.79741,1.90046
59,-2.66388,2.80622,1.88443
59,-2.49058,2.97069,1.67843
59,-4.57629,4.1667,2.3534
59,-0.0716772,2.37144,0.362424
57,-0.0716772,2.37144,0.362424
59,-0.0818659,2.38032,0.356307
57,-0.0818659,2.38032,0.356307
59,-0.652811,3.03469,0.0481476
57,-0.652811,3.03469,0.0481476
59,-0.180103,2.50638,0.304705
56,-0.180103,2.50638,0.304705
59,-0.208355,2.53297,0.328356
56,-0.208355,2.53297,0.328356
59,-0.711587,2.14148,0.670962
16,-0.711587,2.14148,0.670962
59,-0.654028,2.78735,1.10621
16,-0.654028,2.78735,1.10621
59,-0.30381,2.69132,0.695345
55,-0.30381,2.69132,0.695345
60,-0.342055,2.48557,1.42665
60,-0.342216,2.4886,1.41569
60,-0.53179,2.24047,1.52194
60,-0.349167,2.4811,1.28494
60,-0.352192,2.4752,1.27739
60,-0.356502,2.48195,1.27748
60,-0.2593,2.59682,1.11652
60,-0.263049,2.60006,1.12265
60,-0.266803,2.60285,1.12945
60,-0.275598,2.59547,1.12158
60,-0.559687,2.26466,1.5295
60,-0.366947,2.49678,1.21309
60,-0.351899,2.4747,1.11441
60,-0.370447,2.49286,1.19655
60,-0.285341,2.63189,1.12068
60,-0.363434,2.48006,1.11456
60,-0.353646,2.74803,1.45466
60,-0.594953,2.29166,1.53321
60,-0.361922,2.50575,1.09123
60,-0.561219,2.45602,1.55986
60,-0.371503,2.47831,0.965459
60,-0.568599,2.46647,1.56386
60,-0.576971,2.4511,1.56549
60,-0.569079,2.47087,1.56745
60,-0.571607,2.51584,1.56526
60,-0.591235,2.48768,1.58211
60,-0.576578,2.52491,1.55067
60,-0.588425,2.53301,1.58538
60,-0.500431,2.72757,1.58667
60,-0.503345,2.73809,1.59343
60,-0.513045,2.72413,1.56474
60,-0.255891,2.67879,0.473518
60,-0.282641,2.45938,0.112663
60,-0.361609,2.45911,0.269734
60,-0.323277,2.50884,0.177036
60,-0.365659,2.47383,0.258693
60,-0.297704,2.47862,0.041137
60,-0.313589,2.47546,0.0819035
60,-0.36864,2.48135,0.234987
60,-0.329597,2.52328,0.143326
60,-0.345896,2.53864,0.150931
60,-0.349154,2.50671,0.106586
60,-0.365908,2.50739,0.152948
60,-0.354176,2.49164,0.0341426
60,-0.287504,2.5824,-0.0555561
60,-0.356823,2.51108,0.0170419
60,-0.283375,2.61333,-0.0689131
60,-0.35954,2.51291,0.014006
60,-0.300428,2.59581,-0.071036
60,-0.28674,2.62116,-0.0813565
60,-0.302803,2.60744,-0.0711029
60,-1.02976,2.34073,1.79857
60,-0.383973,2.5196,0.00226927
60,-0.386702,2.52722,0.00316191
60,-1.04971,2.34445,1.78466
60,-0.40559,2.52847,0.00011313
60,-1.00228,2.31043,1.53517
60,-0.869286,2.35312,1.03234
60,-1.04987,2.51869,1.82795
60,-0.99319,2.48005,1.57586
60,-1.06368,2.52704,1.83863
60,-1.06519,2.53048,1.82393
60,-1.07853,2.50797,1.8249
60,-1.06804,2.52455,1.80839
60,-1.09461,2.49535,1.8109
60,-1.01877,2.50678,1.57625
60,-1.02601,2.50942,1.5998
60,-1.03609,2.50403,1.58885
60,-0.984392,2.46865,1.36684
60,-0.991913,2.46899,1.38726
60,-1.011,2.57519,1.59198
60,-1.05079,2.43139,1.46009
60,-0.920533,2.41712,1.02089
60,-0.944914,2.43707,1.10552
60,-0.958102,2.43571,1.10573
60,-1.04124,2.60384,1.60165
60,-1.07053,2.53354,1.58222
60,-1.08067,2.5378,1.61124
60,-1.07211,2.53826,1.57932
60,-0.9739,2.44962,1.10489
60,-1.1025,2.56215,1.62059
60,-0.984776,2.46514,1.10246
60,-1.12164,2.50483,1.58559
60,-0.989603,2.46767,1.1124
60,-1.09845,2.56367,1.58655
60,-1.13066,2.50933,1.58321
60,-1.00482,2.47801,1.02802
60,-1.89392,0.328799,0.735289
60,-1.0908,2.55234,1.10587
60,-0.984056,2.47044,0.525379
60,-1.00177,2.47985,0.528892
60,-1.11949,2.57135,1.01202
60,-1.00214,2.48566,0.515479
60,-1.0027,2.48183,0.486041
60,-1.44374,0.673246,-0.797892
60,-1.04294,2.45952,0.512138
60,-1.02453,2.4801,0.477543
60,-1.45567,0.64596,-0.821041
60,-1.02489,2.49856,0.475942
60,-1.2042,2.54055,1.09794
60,-2.18502,0.0762296,0.643441
60,-1.46035,0.645753,-0.828241
60,-1.45823,0.669304,-0.805675
60,-1.0277,2.49663,0.462238
60,-1.46687,0.662197,-0.810018
60,-1.02871,2.50375,0.458066
60,-1.02531,2.44328,0.35306
60,-1.21253,2.5551,1.09435
60,-2.21787,0.0912513,0.706008
60,-2.21187,0.0887864,0.679519
60,-1.05357,2.51576,0.504981
60,-1.05358,2.51878,0.481032
60,-1.04917,2.46656,0.352931
60,-1.0502,2.46922,0.348724
60,-2.26333,0.0878237,0.726558
60,-1.03941,2.49996,0.31863
60,-1.03738,2.49984,0.30712
60,-0.935847,2.4946,-0.0226479
60,-0.931536,2.50289,-0.0245897
60,-1.09694,2.50206,0.494851
60,-2.25734,0.0663419,0.625863
60,-0.943543,2.49178,-0.0346893
60,-0.941965,2.50096,-0.0358565
60,-1.47774,0.748184,-0.891182
60,-1.44072,0.86069,-0.877771
60,-1.47523,0.799068,-0.858532
60,-1.12677,2.52782,0.533377
60,-1.09272,2.51109,0.39383
60,-0.97501,2.4924,-0.0120867
60,-1.44967,0.883599,-0.833746
60,-0.964944,2.50183,-0.0391823
60,-0.963861,2.51041,-0.0379516
60,-1.45566,0.880315,-0.837202
60,-1.4985,0.74944,-0.902553
60,-1.4605,0.88251,-0.837562
60,-0.978352,2.4966,-0.0439153
60,-0.994073,2.5084,-0.0295622
60,-2.65744,-0.00144243,1.51255
60,-2.42199,0.476535,1.38191
60,-1.137,2.40617,0.0390291
60,-2.71304,-0.0105305,1.51337
60,-1.12065,2.43644,0.00172889
60,-1.15191,2.43824,-0.000732303
60,-2.74796,0.0150949,1.50222
60,-2.4963,0.0440387,0.663449
60,-2.80864,0.00906843,1.52922
60,-2.61999,0.413999,1.41508
60,-2.39163,0.0304331,0.134449
60,-2.40799,0.0309625,0.155522
60,-2.7931,0.126912,1.50524
60,-2.74493,0.264348,1.54231
60,-2.6522,0.40356,1.43957
60,-2.76546,0.134212,1.40909
60,-2.65345,0.40821,1.44226
60,-2.66463,0.395371,1.43296
60,-2.67116,0.398589,1.43687
60,-2.7644,0.201263,1.44705
60,-2.78362,0.13435,1.40303
60,-2.45538,0.0041616,0.143696
60,-2.46142,0.0150615,0.132328
60,-2.46845,0.0161369,0.126771
60,-2.7909,0.207131,1.40848
60,-2.82247,0.257611,1.52861
60,-2.79492,0.260353,1.43481
60,-2.50196,-0.000848293,0.120225
60,-2.77872,0.331868,1.45559
60,-2.86307,0.108541,1.39653
60,-2.8779,0.112883,1.4477
60,-2.51075,0.751744,1.20329
60,-2.84709,0.199258,1.44931
60,-2.82865,0.257416,1.45375
60,-2.81497,0.329314,1.45733
60,-2.90196,0.179925,1.45296
60,-2.56536,0.75392,1.20597
60,-2.5878,0.756315,1.22668
60,-2.90666,0.198889,1.40296
60,-2.55937,0.0481846,0.0784472
60,-2.68061,0.687108,1.34314
60,-2.63183,0.761385,1.27215
60,-2.69054,0.708513,1.33188
60,-2.69893,0.70686,1.3302
60,-2.68506,0.71606,1.29666
60,-2.0383,2.57277,1.92949
60,-2.68885,0.714137,1.29697
60,-2.68943,0.714293,1.29874
60,-2.61929,0.0407469,0.0762039
60,-2.74435,0.718058,1.39855
60,-2.74307,0.713992,1.38605
60,-2.72929,0.343334,0.783305
60,-2.7387,0.708083,1.33516
60,-1.99303,2.20142,1.12633
60,-2.64672,0.0462115,0.0693499
60,-2.70576,0.344594,0.665917
60,-2.00159,2.20728,1.08827
60,-2.73624,0.781114,1.34477
60,-2.73515,0.791054,1.34895
60,-2.73555,0.767194,1.29912
60,-2.7439,0.802408,1.34588
60,-2.75771,0.791017,1.37249
60,-2.7734,0.795606,1.37849
60,-2.62503,0.226246,0.0755546
60,-2.62532,0.256583,0.0895789
60,-2.80707,0.805367,1.41956
60,-2.14173,2.54318,1.82024
60,-2.80297,0.788399,1.37894
60,-2.64284,0.251382,0.0731816
60,-2.80131,0.813844,1.38013
60,-2.63888,0.75031,0.707392
60,-2.73956,0.134465,0.06093
60,-2.62952,1.08702,1.0867
60,-2.66246,0.761824,0.703801
60,-2.66979,0.317359,0.06402
60,-2.6805,0.782014,0.696879
60,-2.73387,0.235594,0.0524598
60,-2.70854,0.785266,0.696762
60,-2.71479,0.786373,0.7076
60,-2.70412,0.395313,0.0763
60,-2.75709,0.248518,0.0319921
60,-2.70649,0.758459,0.605531
60,-2.7286,1.10669,1.07705
60,-2.7399,0.821259,0.687499
60,-2.70042,0.786955,0.495798
60,-2.81279,0.241588,0.0326223
60,-2.75421,0.772195,0.593845
60,-1.81799,2.38995,-0.0395545
60,-2.76552,0.820965,0.687885
60,-2.78363,0.324654,0.00682914
60,-2.79469,0.737271,0.589949
60,-1.8505,2.37343,-0.0383229
60,-2.74405,0.783205,0.487715
60,-2.76593,0.827164,0.615594
60,-2.82474,0.297029,0.00587428
60,-1.90116,2.34231,-0.0201262
60,-1.87086,2.39945,-0.0377525
60,-2.92542,0.118523,-0.0161052
60,-1.90044,2.3584,-0.0431511
60,-2.85019,0.313535,-0.00377309
60,-2.69616,0.705355,0.0691125
60,-2.73255,0.82594,0.354288
60,-2.74382,0.871389,0.452719
60,-2.75944,0.812474,0.409372
60,-1.91379,2.36463,-0.0305425
60,-1.92683,2.3339,-0.0404103
60,-2.94494,0.120811,-0.0136304
60,-1.92254,2.35022,-0.0318643
60,-2.73573,0.877707,0.412723
60,-2.74537,0.891205,0.461718
60,-2.7365,0.83562,0.352809
60,-2.73188,0.897195,0.422789
60,-1.90469,2.39805,-0.0312835
60,-2.86324,0.716107,0.571367
60,-2.71201,0.717891,0.0759922
60,-2.7143,0.719671,0.0730251
60,-2.6782,0.836346,0.104881
60,-2.75161,0.906676,0.419976
60,-2.74381,0.894715,0.368442
60,-1.9474,2.38176,-0.0266101
60,-2.74728,0.91488,0.376952
60,-2.76897,0.89398,0.415387
60,-2.7627,0.890351,0.366705
60,-2.76342,0.904771,0.374088
60,-2.99487,0.11342,-0.0378093
60,-2.9003,0.368155,-0.00707412
60,-2.90096,0.36432,-0.0108159
60,-2.03712,2.27231,0.00182104
60,-3.02209,0.10866,-0.0365
60,-2.71849,0.867401,0.0905439
60,-2.92008,0.355808,-0.0236901
60,-2.94323,0.366016,-0.0155616
60,-2.94388,0.368818,-0.0198156
60,-2.7437,0.865324,0.06155
60,-2.13733,2.36257,-0.0591732
60,-507.275,-26.1833,41.8153
60,-1.04742,2.33765,1.78759
59,-1.04742,2.33765,1.78759
60,-1.06448,2.51851,0.298843
59,-1.06448,2.51851,0.298843
60,-0.271022,2.61313,1.12391
59,-0.271022,2.61313,1.12391
60,-2.84123,0.849498,0.0460387
59,-2.84123,0.849498,0.0460387
60,-0.257472,2.59639,0.343462
58,-0.257472,2.59639,0.343462
60,-0.272003,2.50379,-0.016872
56,-0.272003,2.50379,-0.016872
60,-1.09261,2.40298,0.0538581
18,-1.09261,2.40298,0.0538581
60,-0.182573,2.48822,-0.0350941
55,-0.182573,2.48822,-0.0350941
60,-0.176734,2.48438,-0.031558
55,-0.176734,2.48438,-0.031558
60,-0.185476,2.49012,-0.0368497
55,-0.185476,2.49012,-0.0368497
60,-0.250079,2.48919,-0.00501347
54,-0.250079,2.48919,-0.00501347
61,-0.331565,2.42831,1.46336
61,-0.331523,2.43009,1.45691
61,-0.289734,2.3801,0.734894
61,-0.292114,2.38077,0.728097
61,-0.358546,2.43097,1.03847
61,-0.337631,2.44434,0.967227
61,-0.367669,2.40833,1.02221
61,-0.365366,2.44302,1.0364
61,-0.343143,2.44405,0.921316
61,-0.367391,2.52189,1.04648
61,-0.344933,2.44321,0.860106
61,-0.36362,2.42584,0.880762
61,-0.379763,2.45367,0.971559
61,-0.353352,2.43071,0.835329
61,-0.344156,2.4393,0.798564
61,-0.369528,2.43128,0.881409
61,-0.361742,2.42266,0.836684
61,-0.367957,2.47683,0.9186
61,-0.362528,2.3624,0.77188
61,-0.375094,2.43042,0.882198
61,-0.361137,2.46277,0.855138
61,-0.35054,2.45325,0.801564
61,-0.370444,2.36652,0.76986
61,-0.560266,2.42575,1.55505
61,-0.374655,2.42525,0.799443
61,-0.390812,2.36008,0.755423
61,-0.565936,2.46775,1.56772
61,-0.422667,2.2924,0.796273
61,-0.559879,2.49113,1.55831
61,-0.576247,2.48123,1.5716
61,-0.567461,2.53503,1.58369
61,-0.378086,2.31049,0.535968
61,-0.357874,2.48522,0.485143
61,-0.281921,2.57728,0.221388
61,-0.286327,2.58865,0.235604
61,-0.38919,2.51678,0.487126
61,-0.546933,2.44393,1.03321
61,-0.369168,2.43345,0.272625
61,-0.399517,2.35492,0.307495
61,-0.404579,2.35759,0.317603
61,-0.557292,2.44906,1.02603
61,-0.394006,2.39032,0.30045
61,-0.559417,2.45662,1.03373
61,-0.565183,2.4571,1.03556
61,-0.558364,2.45786,1.0024
61,-0.407086,2.40383,0.313211
61,-0.354132,2.50536,0.203171
61,-0.406841,2.40647,0.300372
61,-0.404019,2.47101,0.290653
61,-0.794849,2.42885,1.80134
61,-0.427377,2.44316,0.30321
61,-0.433588,2.44848,0.298164
61,-0.756777,2.41259,1.55493
61,-0.439496,2.44888,0.299914
61,-0.761073,2.40824,1.55512
61,-0.76292,2.40853,1.56192
61,-0.755309,2.43765,1.55269
61,-0.758215,2.43051,1.55645
61,-0.460135,2.5616,0.414729
61,-0.82312,2.50472,1.81498
61,-0.780566,2.42691,1.55484
61,-0.794383,2.41349,1.55945
61,-0.782768,2.47692,1.57418
61,-0.79393,2.43507,1.56662
61,-0.849477,2.44771,1.80202
61,-0.547912,2.48619,0.453676
61,-0.831014,2.46524,1.5675
61,-0.878263,2.51285,1.56943
61,-0.922624,2.50333,1.5771
61,-0.955394,2.52695,1.57938
61,-1.02109,2.56351,1.85663
61,-0.975726,2.53967,1.58601
61,-1.08234,2.32721,1.79131
61,-0.988199,2.48369,1.56491
61,-0.711089,2.52985,0.464048
61,-0.991536,2.55459,1.59334
61,-0.71733,2.56573,0.480094
61,-1.02872,2.47436,1.59916
61,-0.667475,2.50161,0.00363803
61,-1.07209,2.45699,1.57526
61,-0.679705,2.50518,-0.00364864
61,-0.687686,2.51307,-0.0159891
61,-1.09429,2.46209,1.5781
61,-1.10705,2.46135,1.56894
61,-1.04792,2.42988,1.28977
61,-0.739253,2.526,-0.0153543
61,-0.745184,2.53036,-0.0114238
61,-1.09119,2.47461,1.3128
61,-1.05623,2.46739,1.09425
61,-1.05616,2.46374,1.07722
61,-1.08218,2.45195,1.13895
61,-0.779796,2.52054,-0.0195868
61,-1.07631,2.45979,1.06908
61,-1.08363,2.49147,1.12161
61,-1.08635,2.48131,1.07784
61,-1.09825,2.48361,1.11828
61,-1.09023,2.47725,1.06535
61,-1.09366,2.48665,1.07197
61,-1.10533,2.48896,1.12034
61,-1.11035,2.48293,1.12363
61,-1.32823,2.34318,1.82328
61,-1.10921,2.48575,1.07981
61,-1.10962,2.48987,1.0709
61,-1.12086,2.49987,1.12029
61,-1.33,2.38755,1.84486
61,-1.12434,2.49288,1.11988
61,-1.12838,2.48722,1.11902
61,-1.33936,2.35104,1.82453
61,-1.11748,2.49531,1.04818
61,-1.35519,2.36531,1.83635
61,-1.09755,2.53328,0.965057
61,-1.13337,2.50887,1.03122
61,-1.14403,2.51126,1.06548
61,-1.0546,2.4541,0.63479
61,-1.06212,2.46022,0.623409
61,-1.06351,2.46072,0.626747
61,-1.15697,2.53003,1.06503
61,-1.05438,2.45765,0.555271
61,-1.0519,2.45709,0.515055
61,-1.06283,2.46457,0.552908
61,-1.0559,2.46532,0.517483
61,-1.08067,2.46774,0.581769
61,-1.43414,2.36073,1.8625
61,-1.44996,2.35375,1.8552
61,-0.9687,2.49221,-0.0297694
61,-1.12375,2.4213,0.522957
61,-0.972353,2.48672,-0.0311457
61,-1.07063,2.47929,0.353037
61,-0.977823,2.49271,-0.0249552
61,-0.980439,2.49092,-0.0194261
61,-0.982081,2.49522,-0.0205503
61,-0.978937,2.49955,-0.0385878
61,-1.46149,2.48619,1.86283
61,-1.06984,2.50502,0.287771
61,-1.24189,2.11776,0.566351
61,-0.995678,2.50999,-0.0244131
61,-1.09591,2.49905,0.341214
61,-1.12043,2.36055,0.081116
61,-1.11109,2.4033,0.0815521
61,-1.11884,2.36304,0.0573689
61,-1.58534,2.43374,1.8813
61,-1.59661,2.43897,1.89813
61,-1.35065,2.18114,0.540423
61,-1.18998,2.43101,0.00969386
61,-1.49896,0.637834,-0.84531
61,-1.4333,0.954473,-0.848376
61,-1.43471,0.961338,-0.850409
61,-1.54125,0.658177,-0.856637
61,-1.52033,0.743032,-0.852911
61,-1.49365,0.860807,-0.857232
61,-1.49204,0.873984,-0.850128
61,-1.54299,0.717569,-0.866169
61,-1.53096,0.843914,-0.866966
61,-1.7025,2.50214,1.54523
61,-1.71115,2.54549,1.55529
61,-1.72647,2.55235,1.55832
61,-1.7275,2.50765,1.51475
61,-2.42136,-0.0530598,1.5768
61,-1.76271,2.53744,1.56828
61,-1.75916,2.53745,1.55209
61,-1.78245,2.54778,1.52251
61,-1.81308,2.56618,1.57027
61,-1.81855,2.55611,1.53699
61,-1.9621,2.47239,1.93669
61,-1.50891,2.37756,-0.01025
61,-1.84205,2.39632,1.36152
61,-1.9816,2.48832,1.9084
61,-2.69237,-0.513636,1.61792
61,-2.60787,-0.412439,1.36906
61,-1.54897,2.38901,-0.00482643
61,-2.69947,-0.500422,1.55634
61,-2.65266,-0.278959,1.59563
61,-1.55746,2.4121,-0.021516
61,-1.90837,2.6091,1.58589
61,-2.63707,-0.270768,1.49935
61,-2.71679,-0.504446,1.56833
61,-2.63972,-0.272236,1.48754
61,-2.74002,-0.526271,1.62089
61,-1.56407,2.44045,-0.0297256
61,-2.73464,-0.518554,1.57559
61,-1.91486,2.62076,1.53514
61,-2.67133,-0.276991,1.54898
61,-1.93788,2.44272,1.43842
61,-2.66497,-0.281623,1.50996
61,-2.67558,-0.438832,1.36757
61,-2.65446,-0.496423,1.21998
61,-2.72536,-0.384037,1.62597
61,-2.69038,-0.279024,1.5907
61,-1.93729,2.44688,1.40348
61,-2.59375,-0.133586,1.34324
61,-2.75102,-0.514326,1.56956
61,-2.06354,2.40306,1.84691
61,-2.07606,2.42597,1.88512
61,-2.67422,-0.496652,1.22575
61,-2.78289,-0.535275,1.62586
61,-2.40784,0.0302411,0.697173
61,-2.60783,-0.137132,1.33107
61,-1.66785,2.357,0.142606
61,-2.6171,-0.148557,1.34006
61,-2.68011,-0.498744,1.22085
61,-2.79173,-0.545471,1.62208
61,-2.51807,0.210172,1.30008
61,-2.63546,-0.149933,1.37633
61,-2.65076,-0.0618281,1.47127
61,-2.66771,-0.0635176,1.51779
61,-2.64912,-0.0394191,1.4579
61,-2.72675,-0.535727,1.23687
61,-2.6639,-0.0459831,1.46442
61,-2.6976,-0.166038,1.40899
61,-2.48958,0.00159991,0.671997
61,-2.66373,-0.467223,0.835399
61,-2.61955,0.173898,1.31053
61,-2.68671,-0.475814,0.84829
61,-2.73188,-0.0163461,1.51376
61,-2.39733,0.301956,0.490894
61,-2.60977,0.527124,1.5472
61,-2.54684,-0.0843213,0.643417
61,-2.74818,-0.0163059,1.52574
61,-2.75357,-0.0137308,1.52643
61,-2.55926,-0.084624,0.645475
61,-2.72852,-0.493896,0.867213
61,-2.64858,0.520959,1.5797
61,-2.78002,-0.0331974,1.50462
61,-1.78003,2.39791,-0.0189137
61,-2.55592,-0.00545782,0.578199
61,-2.60246,-0.0919971,0.649139
61,-2.60311,-0.0923737,0.644558
61,-2.60762,-0.0491486,0.695655
61,-2.54377,0.23483,0.681499
61,-1.88461,2.53299,0.41011
61,-2.71308,-0.482631,0.592293
61,-2.48226,0.304385,0.45219
61,-2.73915,-0.30435,0.820431
61,-2.69748,0.547879,1.53859
61,-2.73263,-0.489005,0.577525
61,-2.58819,-0.396766,0.0310161
61,-1.87836,2.3376,0.0300142
61,-2.76653,-0.322048,0.827068
61,-2.62869,0.24773,0.852621
61,-2.7346,0.530456,1.57744
61,-2.61781,-0.45458,0.036639
61,-2.78009,-0.315423,0.823366
61,-2.58716,0.265129,0.641128
61,-2.54115,-0.0819945,0.0851548
61,-2.54489,-0.0887504,0.0889876
61,-2.55997,-0.0989716,0.13331
61,-2.66993,-0.622824,0.0258124
61,-2.7978,-0.335841,0.842978
61,-2.53166,0.307322,0.42615
61,-2.80401,0.25474,1.4741
61,-2.80642,0.238692,1.46698
61,-2.82035,0.109252,1.37182
61,-2.75611,0.38584,1.39165
61,-2.64377,-0.393941,0.048139
61,-2.64737,-0.400631,0.0507046
61,-2.82608,-0.342837,0.835815
61,-2.82203,-0.331776,0.825399
61,-2.57149,-0.0809248,0.0680407
61,-2.67345,-0.511073,0.0195791
61,-2.83988,0.250718,1.48179
61,-2.66322,-0.449931,0.0224346
61,-2.69844,-0.513711,0.0698521
61,-2.67027,-0.386692,0.078362
61,-2.87743,0.233281,1.57086
61,-2.6055,-0.0975789,0.114556
61,-2.69755,-0.51369,0.0354112
61,-2.7175,-0.527346,0.0983632
61,-2.66874,0.284931,0.750888
61,-2.87597,0.0966814,1.38682
61,-2.86513,0.244082,1.47813
61,-2.8784,0.244873,1.53223
61,-2.70215,0.27697,0.837421
61,-2.85812,0.247405,1.43695
61,-2.85962,0.246701,1.42158
61,-2.68752,0.278821,0.750303
61,-2.68948,-0.401397,0.0257374
61,-2.89838,0.100182,1.40117
61,-2.89549,0.0996948,1.38239
61,-2.7048,0.176192,0.68651
61,-2.63688,-0.107694,0.105838
61,-2.86993,0.245213,1.40665
61,-2.68225,0.697721,1.11992
61,-2.64541,0.54206,0.790415
61,-2.7192,-0.475852,0.0101423
61,-2.72571,0.686312,1.25546
61,-2.70893,-0.394745,0.0318948
61,-2.74956,0.691627,1.32981
61,-2.74461,0.268421,0.850937
61,-2.71275,0.698932,1.17427
61,-2.75349,0.268337,0.869569
61,-2.78069,-0.669939,-0.0233623
61,-2.7296,-0.289132,0.149666
61,-2.77623,-0.541151,0.0667818
61,-2.91946,0.190106,1.41721
61,-2.65447,0.308413,0.451114
61,-2.90699,0.246626,1.41049
61,-2.77536,-0.543246,0.0374544
61,-2.75281,-0.485128,6.42538e-05
61,-2.88427,0.524845,1.59474
61,-2.6527,-0.0302222,0.0551753
61,-2.85035,-0.203909,0.672586
61,-2.92455,0.285806,1.47893
61,-2.68778,0.541307,0.784416
61,-2.7779,0.731992,1.28869
61,-2.67221,0.538864,0.639938
61,-2.7523,0.681507,1.1024
61,-2.68808,0.522628,0.637533
61,-2.81901,0.790938,1.44436
61,-2.76667,0.69963,1.1138
61,-2.79724,0.170063,0.65986
61,-2.79386,0.319113,0.798805
61,-2.77209,0.699683,1.10593
61,-2.76596,-0.304018,-0.000653505
61,-2.82663,0.690963,1.28743
61,-2.70509,-0.0314006,0.0262836
61,-2.77063,-0.273455,0.0355085
61,-2.77491,0.73876,1.11717
61,-2.81809,0.690327,1.24095
61,-2.87184,-0.218912,0.49571
61,-2.79827,0.700828,1.16389
61,-2.8689,-0.705645,-0.0468897
61,-2.846,0.693713,1.32856
61,-2.80774,0.701119,1.17162
61,-2.77636,0.474589,0.799867
61,-2.87543,-0.69076,-0.031327
61,-2.82455,0.169002,0.643167
61,-2.82488,0.161657,0.63056
61,-2.66479,0.770879,0.61146
61,-2.85896,0.789084,1.41371
61,-2.79394,0.442752,0.781516
61,-2.82011,0.699582,1.15065
61,-2.73951,-0.0396982,0.0371152
61,-2.80774,0.731672,1.11953
61,-2.96946,0.539212,1.57145
61,-2.87947,0.692631,1.34708
61,-2.79706,0.44165,0.741088
61,-2.76452,0.449494,0.614191
61,-2.87137,0.7895,1.38097
61,-2.75177,0.478687,0.5641
61,-2.75749,0.468187,0.574791
61,-2.81957,0.383861,0.735254
61,-2.6904,0.245055,0.0541558
61,-2.73812,0.715233,0.742432
61,-2.7685,0.468489,0.603644
61,-2.85901,0.163143,0.647521
61,-2.72952,0.724617,0.713313
61,-2.70308,0.203751,0.0536753
61,-2.81378,0.482745,0.797098
61,-2.90224,0.695383,1.37921
61,-2.69252,0.234857,0.0415372
61,-2.168,2.20242,-0.0148432
61,-2.82218,0.441587,0.778652
61,-2.69316,0.233822,0.0355438
61,-2.90947,0.636707,1.32365
61,-2.73027,0.734376,0.693124
61,-2.88831,0.773025,1.36399
61,-2.82056,0.440634,0.736783
61,-2.77064,0.477462,0.572828
61,-2.91457,0.693709,1.38356
61,-2.79121,0.446629,0.616438
61,-2.70353,0.776492,0.607773
61,-2.78051,0.477812,0.601967
61,-2.87219,0.168034,0.638823
61,-2.80444,0.43905,0.645753
61,-2.13272,2.73496,0.339436
61,-2.83309,0.440729,0.760705
61,-2.79325,0.446604,0.604925
61,-2.83998,-0.300491,0.0040617
61,-2.84227,-0.307315,-0.0111719
61,-2.84127,-0.298512,-0.0110315
61,-2.84264,0.390486,0.714841
61,-2.71552,0.24857,0.0488089
61,-2.71536,0.246096,0.0438418
61,-2.76759,0.713404,0.74759
61,-2.76483,0.719269,0.739477
61,-2.71561,0.249008,0.0431204
61,-2.84234,0.390226,0.70471
61,-2.81541,0.379909,0.58411
61,-2.77073,0.528015,0.558816
61,-2.75394,1.08455,1.07725
61,-2.81194,0.438934,0.620776
61,-2.76198,0.718923,0.705907
61,-2.7952,0.478329,0.570759
61,-2.85706,0.369926,0.702644
61,-2.85181,0.389579,0.698483
61,-2.80367,0.478618,0.595161
61,-2.70792,0.752198,0.491886
61,-2.76961,1.08147,1.08143
61,-2.95916,-0.714237,-0.0564195
61,-2.74496,0.814669,0.682174
61,-2.84683,0.385417,0.607904
61,-2.9358,0.785368,1.37002
61,-2.76607,0.714596,0.594247
61,-2.72818,0.774753,0.496985
61,-2.85367,0.478707,0.665395
61,-2.73817,0.773505,0.496966
61,-2.74062,0.777669,0.502802
61,-2.74136,0.783793,0.512068
61,-2.86443,0.381451,0.585391
61,-2.75816,0.802988,0.574975
61,-2.24717,2.20529,-0.0308577
61,-2.8229,0.656502,0.659684
61,-3.03339,0.536636,1.3189
61,-2.82041,0.149333,0.034294
61,-2.89794,0.391938,0.59318
61,-2.26114,2.23619,-0.0489334
61,-2.89879,0.541924,0.74786
61,-2.81839,0.8019,0.689797
61,-2.79366,0.657347,0.417506
61,-2.74203,0.808734,0.36289
61,-2.85193,1.09817,1.07224
61,-2.75191,0.814359,0.361504
61,-2.99443,0.130832,0.619996
61,-2.79243,0.794562,0.494555
61,-2.76059,0.851854,0.41065
61,-2.81071,0.828178,0.579661
61,-2.81927,0.74579,0.492084
61,-2.83139,0.664012,0.416637
61,-2.93821,0.647586,0.799985
61,-2.78266,0.890579,0.380452
61,-2.7867,0.618718,0.082335
61,-2.77468,0.68664,0.0713301
61,-2.86921,0.912045,0.685077
61,-2.81485,0.864573,0.410416
61,-2.80702,0.811867,0.277059
61,-2.79956,0.866801,0.299204
61,-2.82192,0.884124,0.351492
61,-2.81385,0.820867,0.248102
61,-2.82745,0.828658,0.286844
61,-2.90053,0.753711,0.467286
61,-2.82695,0.906504,0.31907
61,-3.26236,0.465491,1.62094
61,-3.18287,0.608196,1.43277
61,-2.83843,0.839762,0.262324
61,-3.00847,0.621483,0.719116
61,-2.96382,0.711561,0.542509
61,-2.92311,0.366724,-0.011822
61,-2.92914,0.355895,-0.0189123
61,-2.9938,0.10372,-0.0422086
61,-2.93687,0.34843,-0.0247319
61,-3.0077,0.0985279,-0.0326196
61,-3.07078,0.586589,0.713375
61,-2.89806,0.923445,0.34813
61,-2.88851,0.917538,0.294647
61,-2.8475,0.866874,0.0344898
61,-3.07138,0.468388,0.519257
61,-2.85609,0.870631,0.0587871
61,-3.04889,0.0769966,-0.0463669
61,-3.1065,0.586383,0.707597
61,-2.84753,0.906441,-0.0297533
61,-2.87384,0.871799,0.0265417
61,-3.29495,0.529295,1.36402
61,-3.36922,0.556992,1.52993
61,-3.35515,0.482296,1.37919
61,-2.79572,0.978808,-0.413643
61,-2.91913,0.914252,-0.0150917
61,-2.80471,0.974131,-0.418927
61,-2.81174,0.973637,-0.417319
61,-3.43355,0.519068,1.37163
61,-3.48448,0.560269,1.53884
61,-3.52838,0.611185,1.64849
61,-3.50266,0.518268,1.40085
61,-3.58358,0.511241,1.6469
61,-3.61212,0.50466,1.62736
61,-3.64365,0.508838,1.63974
61,-3.72736,0.500945,1.45168
61,-3.95901,0.645352,1.71685
61,-4.01977,0.450989,1.47931
61,-7.24095,0.350802,1.67459
61,-1.0525,2.5012,0.493286
60,-1.0525,2.5012,0.493286
61,-1.11301,2.48916,0.524394
60,-1.11301,2.48916,0.524394
61,-2.26324,0.72327,1.30431
59,-2.26324,0.72327,1.30431
61,-1.27094,2.13366,1.77706
59,-1.27094,2.13366,1.77706
61,-1.75942,2.35268,-0.0055814
18,-1.75942,2.35268,-0.0055814
61,-0.698912,2.59931,0.923832
18,-0.698912,2.59931,0.923832
61,-1.71352,2.35397,1.01008
18,-1.71352,2.35397,1.01008
61,-1.59162,2.35286,0.011918
16,-1.59162,2.35286,0.011918
61,-0.57671,2.43314,1.03631
16,-0.57671,2.43314,1.03631
62,0.509267,0.190467,0.580152
62,-0.306845,-0.139361,0.04541
62,-0.952771,-0.86474,-0.373805
62,-0.996142,-0.86616,-0.290946
62,-1.07695,-0.928576,-0.123002
62,-0.99487,-0.648205,-0.405543
62,-1.12099,-0.917857,-0.0286547
62,-1.1025,-0.944345,-0.150724
62,-1.11202,-0.835531,-0.113475
62,-1.10764,-0.834559,-0.129295
62,-1.14132,-0.925899,-0.0436394
62,-1.16204,-0.941436,-0.0421556
62,-1.1667,-0.877077,-0.0537266
62,-1.13206,-0.867046,-0.169818
62,-1.14648,-0.862484,-0.164288
62,-1.53973,2.26689,1.35387
62,-1.25851,-0.964123,0.157757
62,-1.1748,-0.878592,-0.1373
62,-1.16754,-0.805466,-0.16935
62,-1.61409,2.25702,1.50246
62,-1.18274,-0.855775,-0.153894
62,-1.21102,-0.902317,-0.0700136
62,-1.29327,-0.901225,0.152301
62,-1.204,-0.82263,-0.140952
62,-1.29919,-0.981993,0.148947
62,-1.6408,2.29839,1.51123
62,-1.23014,-0.894377,-0.0771326
62,-1.20835,-0.820458,-0.147409
62,-1.23772,-0.849624,-0.0804373
62,-1.62331,2.3201,1.40343
62,-1.24566,-0.844427,-0.0794015
62,-1.65346,2.28879,1.47024
62,-1.63679,2.2893,1.3887
62,-1.62938,2.32081,1.3638
62,-1.63741,2.28642,1.34808
62,-1.27983,-0.787545,-0.0925809
62,-1.34427,-0.862029,0.109644
62,-1.42282,-0.974046,0.352712
62,-1.66499,2.30932,1.38503
62,-1.2857,-0.880259,-0.0993208
62,-1.36397,-0.919232,0.138741
62,-1.25649,-0.755715,-0.206125
62,-1.26717,-0.860433,-0.184422
62,-1.36859,-0.928364,0.132384
62,-1.25811,-0.763194,-0.219882
62,-1.30015,-0.805263,-0.0983514
62,-1.45448,-0.940606,0.386042
62,-1.70137,2.31631,1.43212
62,-1.679,2.3202,1.34895
62,-1.4611,-1.01738,0.378564
62,-1.36567,-0.896587,0.0654172
62,-1.31915,-0.813174,-0.100092
62,-1.38252,-0.873751,0.083315
62,-1.31163,-0.845968,-0.145213
62,-1.30519,-0.793827,-0.176826
62,-1.71442,2.37512,1.36862
62,-1.31484,-0.792592,-0.176466
62,-1.71477,2.32676,1.34806
62,-1.34118,-0.823922,-0.117301
62,-1.32346,-0.790402,-0.211582
62,-1.73696,2.33834,1.35712
62,-1.64959,2.40606,1.04614
62,-1.74842,-1.31537,1.06068
62,-1.34395,-0.797286,-0.213446
62,-1.62815,-1.03784,0.66296
62,-1.75966,-1.32049,1.06099
62,-1.59267,2.26454,0.803418
62,-1.67367,2.43277,1.04201
62,-1.67756,2.44294,1.05286
62,-1.70669,-1.17391,0.856194
62,-1.71488,-1.06784,0.860607
62,-1.62701,-1.0605,0.573181
62,-1.58897,-1.07231,0.413229
62,-1.71593,-1.06083,0.811415
62,-1.72322,-1.07352,0.816103
62,-1.68321,-1.12395,0.660242
62,-1.61087,-1.15683,0.421225
62,-1.69954,-1.19865,0.699928
62,-1.68522,-1.14055,0.65151
62,-1.707,-1.19284,0.717345
62,-1.75204,-1.23669,0.856862
62,-1.7358,-1.07359,0.81221
62,-1.81212,-1.0725,1.04577
62,-1.64246,-1.15006,0.490951
62,-1.76487,-1.23165,0.877707
62,-1.77479,-1.06883,0.913376
62,-1.67932,-1.12412,0.598812
62,-1.75466,-1.2643,0.823759
62,-1.82321,-1.07117,1.04645
62,-1.75915,-1.19164,0.814625
62,-1.87357,-1.09467,1.17344
62,-1.77002,-1.19851,0.8184
62,-1.6991,-1.21201,0.57131
62,-1.65364,-1.17074,0.413032
62,-1.78105,-1.18352,0.819372
62,-1.72359,-1.16872,0.633954
62,-1.78159,2.37279,1.08855
62,-1.86205,-1.08918,1.04699
62,-1.8804,-1.11125,1.08557
62,-1.79292,2.33679,1.07534
62,-1.60238,2.37412,0.458345
62,-1.88674,-1.12993,1.08939
62,-1.88099,-1.08824,1.05669
62,-1.96763,-1.40561,1.30361
62,-1.4767,2.36413,0.0134773
62,-1.89664,-1.11577,1.08625
62,-1.68678,-1.19679,0.400161
62,-1.79487,2.42097,1.02621
62,-1.74807,2.37426,0.836198
62,-1.50471,2.37422,0.0366198
62,-1.51242,2.36663,0.0236779
62,-1.93347,-1.16801,1.0948
62,-1.76059,2.36947,0.809095
62,-1.51415,2.38711,0.00778806
62,-2.0357,-1.12092,1.38691
62,-1.53363,2.32949,0.0317791
62,-2.03909,-1.14487,1.38551
62,-1.54607,2.35676,0.0698564
62,-1.87416,2.14124,1.11196
62,-1.53841,2.32418,0.0333763
62,-1.53585,2.32416,0.0203903
62,-1.54987,2.4037,0.0229379
62,-1.69554,2.40522,0.466382
62,-1.35851,1.04723,-0.766832
62,-2.05403,-1.16078,1.29602
62,-1.35241,1.02334,-0.856903
62,-1.61405,2.41426,0.0707517
62,-1.94803,2.18,1.11037
62,-1.96415,2.20513,1.1127
62,-1.40642,0.894971,-0.833088
62,-1.98036,2.1966,1.12507
62,-1.42257,1.06042,-0.82808
62,-1.42721,0.898452,-0.843152
62,-1.43303,1.05772,-0.824109
62,-1.43,0.848204,-0.850586
62,-1.43443,0.705663,-0.854493
62,-1.43393,0.921803,-0.846126
62,-1.44144,0.818781,-0.850402
62,-1.45044,0.67202,-0.840309
62,-1.46551,0.661844,-0.793016
62,-1.44096,0.919553,-0.858217
62,-1.43732,0.982595,-0.866438
62,-1.4561,0.937812,-0.813401
62,-1.45364,0.708164,-0.846169
62,-1.45562,0.680296,-0.843308
62,-1.45445,0.777989,-0.841109
62,-1.45839,0.930245,-0.817518
62,-1.47626,0.144359,-0.825902
62,-1.81122,2.49219,0.442363
62,-1.4608,0.906133,-0.819276
62,-1.48223,0.282727,-0.802535
62,-1.45831,0.675259,-0.848783
62,-1.46166,0.623452,-0.842327
62,-1.45194,0.963064,-0.855809
62,-1.46506,0.863937,-0.830427
62,-1.46159,0.700429,-0.872539
62,-1.4757,0.939663,-0.831826
62,-1.46486,0.847877,-0.87445
62,-1.50064,0.137051,-0.82802
62,-1.70981,2.36884,0.0252781
62,-1.48825,0.249005,-0.863827
62,-1.4842,0.842987,-0.831325
62,-1.49108,0.628036,-0.830624
62,-1.486,0.378429,-0.8701
62,-1.48655,0.468099,-0.863244
62,-1.47479,0.699482,-0.8867
62,-1.4962,0.128611,-0.864018
62,-1.49098,0.470564,-0.864558
62,-1.49627,0.353707,-0.861774
62,-1.49714,0.65988,-0.836829
62,-1.49374,0.786726,-0.842559
62,-1.49431,0.835842,-0.838992
62,-1.49477,1.04347,-0.821818
62,-1.48217,0.770522,-0.886282
62,-1.507,0.521831,-0.832801
62,-1.4934,0.629274,-0.868597
62,-1.5152,0.323045,-0.83751
62,-1.5026,0.838212,-0.84001
62,-1.50498,0.343715,-0.874695
62,-1.49797,0.780848,-0.865169
62,-1.50955,0.420659,-0.857605
62,-1.52385,0.381199,-0.8387
62,-1.5106,0.462251,-0.880583
62,-1.52626,0.376916,-0.840684
62,-1.51426,0.424147,-0.878832
62,-1.51283,0.37322,-0.889338
62,-1.51337,0.628066,-0.888409
62,-1.52731,0.423642,-0.866444
62,-1.53388,0.131496,-0.877213
62,-1.54392,0.377593,-0.841085
62,-1.52319,0.638873,-0.898521
62,-1.54795,0.383731,-0.852563
62,-1.54452,0.502389,-0.856914
62,-1.54216,0.122547,-0.897524
62,-1.55291,0.2871,-0.849837
62,-1.53751,0.458931,-0.895057
62,-1.54782,0.535425,-0.858662
62,-1.55262,0.123494,-0.876191
62,-1.56023,0.29605,-0.847089
62,-1.55918,0.406484,-0.849061
62,-1.54061,0.423611,-0.914099
62,-1.58256,0.520497,-0.884769
62,-1.58331,0.382835,-0.937228
62,-1.59691,0.510712,-0.911786
62,-1.83955,2.30851,0.0131488
62,-2.07543,2.31415,-0.00185239
62,-2.08115,2.30028,0.00307047
62,-2.64591,-0.282525,1.62192
62,-2.62874,-0.268812,1.55384
62,-2.09872,2.13972,0.0278348
62,-2.61668,-0.416275,1.48541
62,-2.6289,-0.268525,1.52886
62,-2.66342,-0.527603,1.58194
62,-2.67184,-0.496999,1.58581
62,-2.67427,-0.499466,1.5927
62,-2.60866,-0.455252,1.2992
62,-2.62286,-0.152225,1.34796
62,-2.58641,-0.477479,1.17417
62,-2.58026,-0.457402,1.14039
62,-2.6082,-0.492819,1.1778
62,-2.61106,-0.489018,1.16743
62,-2.61214,-0.458257,1.1479
62,-2.62499,-0.515944,1.11996
62,-2.68289,-0.573701,1.11549
62,-2.52292,0.00204104,0.638134
62,-2.61694,-0.460447,0.89177
62,-2.54047,-0.0817318,0.651508
62,-2.74321,0.179457,1.32718
62,-2.6879,-0.494954,1.08104
62,-2.55362,-0.00340825,0.658653
62,-2.58207,-0.065914,0.731073
62,-2.7065,-0.501671,1.07965
62,-2.71209,-0.54177,1.0858
62,-2.5833,-0.0485023,0.691711
62,-2.6605,-0.528929,0.854481
62,-2.72838,-0.546527,1.07069
62,-2.5818,-0.00350893,0.625896
62,-2.27571,-1.01813,-0.480976
62,-2.61375,-0.0650489,0.683499
62,-2.61205,-0.0976931,0.673327
62,-2.61365,-0.0974878,0.65399
62,-2.6214,-0.101191,0.668466
62,-2.69283,-0.538145,0.853059
62,-2.61825,-0.017134,0.629155
62,-2.63394,-0.115164,0.66635
62,-2.64438,-0.476874,0.653149
62,-2.84368,0.140006,1.33255
62,-2.31269,-1.03422,-0.481675
62,-2.66389,-0.472334,0.648822
62,-2.67182,-0.0755777,0.705282
62,-2.68603,-0.0785125,0.724207
62,-2.66246,-0.473752,0.603348
62,-2.71362,-0.316811,0.764905
62,-2.66531,-0.482836,0.589308
62,-2.73148,-0.318045,0.813966
62,-2.73639,-0.319237,0.821738
62,-2.67625,-0.115815,0.641077
62,-2.72859,-0.316905,0.765797
62,-2.66672,-0.483549,0.51017
62,-2.37592,-1.0727,-0.494701
62,-2.7668,-0.284418,0.823532
62,-2.8844,0.701225,1.27813
62,-2.32997,-1.08033,-0.663187
62,-2.72791,-0.369125,0.642421
62,-2.7117,-0.395004,0.5723
62,-2.91087,0.702886,1.28934
62,-2.78693,0.325397,0.844575
62,-2.70228,0.280726,0.544371
62,-2.41008,-1.10569,-0.519652
62,-2.73633,-0.401088,0.569451
62,-2.94194,0.738219,1.32084
62,-2.8653,0.685995,1.05976
62,-2.93892,0.740263,1.29792
62,-2.73047,-0.308163,0.527302
62,-2.38296,-1.11082,-0.685826
62,-2.78615,0.436026,0.699393
62,-2.85664,0.860131,0.908756
62,-2.80959,0.407935,0.72048
62,-2.77687,0.442631,0.608196
62,-2.91836,0.698557,1.07528
62,-2.62753,-0.466266,0.0419289
62,-2.65125,-0.536552,0.0847142
62,-2.63991,-0.467893,0.0441847
62,-2.65183,-0.512222,0.0611703
62,-2.82839,0.475561,0.701005
62,-2.65171,-0.491659,0.0501329
62,-2.65548,-0.53798,0.0582646
62,-2.65437,-0.475941,0.0380287
62,-2.6601,-0.509509,0.0396616
62,-2.85364,0.861506,0.770751
62,-2.86492,0.385239,0.750148
62,-2.86789,0.849971,0.790869
62,-2.84884,0.489994,0.700564
62,-2.84816,-0.284115,0.625679
62,-2.67734,-0.519414,0.0526475
62,-2.84731,0.919712,0.708001
62,-2.86936,0.386404,0.728864
62,-2.86851,0.470165,0.718045
62,-2.87498,0.853503,0.760143
62,-2.9317,0.866011,0.901798
62,-2.69328,-0.0406221,0.0518052
62,-2.69913,-0.433458,0.0277313
62,-2.85542,0.831825,0.631528
62,-2.70379,-0.417245,0.0369233
62,-2.7028,-0.0772262,0.055583
62,-2.92927,0.87028,0.858327
62,-2.7314,-0.855989,0.076062
62,-2.88184,0.922885,0.703595
62,-2.70887,-0.340012,0.0362123
62,-2.71261,-0.435194,0.0406114
62,-2.71339,-0.393488,0.0366011
62,-2.7213,-0.670124,0.0326229
62,-2.71373,-0.341122,0.0317401
62,-2.7186,-0.0482028,0.0487931
62,-2.73946,-0.389353,0.0272402
62,-2.88501,0.837128,0.594063
62,-2.92101,0.80871,0.705619
62,-2.73485,0.213349,0.0551447
62,-2.73988,0.00819224,0.0444684
62,-2.73915,0.244649,0.056639
62,-2.74712,-0.313754,0.0351715
62,-2.75619,-0.866952,0.00520897
62,-2.76906,-0.671945,0.0581784
62,-2.75147,-0.49979,0.0133474
62,-2.74328,0.282669,0.0469124
62,-2.75136,-0.314522,0.0159322
62,-2.75882,-0.298611,0.0245612
62,-2.77041,-0.132979,0.04432
62,-2.77873,-0.271612,0.0480403
62,-3.0717,1.14921,1.09841
62,-2.95973,0.718947,0.69521
62,-2.78269,-0.314697,0.0341328
62,-2.78589,-0.367745,0.0222603
62,-2.78649,-0.315311,0.011199
62,-2.79155,-0.365387,0.0211313
62,-2.79137,-0.295137,0.0226955
62,-2.93403,0.129431,0.513906
62,-2.9882,0.705997,0.705207
62,-2.906,0.871029,0.443488
62,-3.11628,1.12704,1.09988
62,-3.11539,1.12418,1.09668
62,-2.88455,0.883657,0.303259
62,-2.8816,0.849287,0.282777
62,-2.8462,-0.930164,-0.011444
62,-2.83498,0.349896,0.0462036
62,-2.8414,0.359837,0.0582117
62,-2.69903,1.05217,-0.352127
62,-2.83936,0.908248,0.0281217
62,-2.89225,0.897866,0.164575
62,-2.90793,0.888181,0.179078
62,-2.87832,0.103412,0.019467
62,-2.88383,0.101999,0.036845
62,-2.88634,0.129877,0.019696
62,-2.9096,0.773285,0.028044
62,-2.92008,0.696558,0.0374262
62,-2.92737,0.743128,0.0593809
62,-2.93333,0.735791,0.0382946
62,-2.93079,0.699532,0.0264361
62,-2.9334,0.718278,0.0253941
62,-2.81379,1.07855,-0.400754
62,-2.69488,1.03488,-0.848788
62,-2.98723,0.672408,0.0201349
62,-2.99711,0.715869,0.0119283
62,-2.8852,1.08056,-0.424287
62,-2.92993,1.00565,-0.785511
62,-2.93828,1.07678,-0.78351
62,-3.78466,0.711293,0.387758
62,-1.75482,0.508592,1.33535
61,-1.75482,0.508592,1.33535
62,-1.76095,0.787601,0.653421
61,-1.76095,0.787601,0.653421
62,-2.08416,0.703997,1.27669
61,-2.08416,0.703997,1.27669
62,-3.03445,-0.0937592,0.403207
61,-3.03445,-0.0937592,0.403207
62,-2.49494,0.391295,1.54231
61,-2.49494,0.391295,1.54231
62,-3.08145,0.641488,0.804736
61,-3.08145,0.641488,0.804736
62,-1.65638,2.31939,0.0412706
61,-1.65638,2.31939,0.0412706
62,-1.87375,0.783272,0.867729
61,-1.87375,0.783272,0.867729
62,-2.92306,-0.0772062,0.42314
61,-2.92306,-0.0772062,0.42314
62,-3.26736,-0.138538,0.370525
61,-3.26736,-0.138538,0.370525
62,-1.45126,0.550126,0.973721
61,-1.45126,0.550126,0.973721
62,-3.89892,0.348365,1.58903
61,-3.89892,0.348365,1.58903
62,-3.74382,0.385175,1.58162
61,-3.74382,0.385175,1.58162
62,-2.45281,-0.00164257,0.518307
61,-2.45281,-0.00164257,0.518307
62,-1.85277,0.259896,0.777094
61,-1.85277,0.259896,0.777094
62,-2.4043,0.72091,0.559208
61,-2.4043,0.72091,0.559208
62,-1.74147,2.24956,0.0623683
61,-1.74147,2.24956,0.0623683
62,-3.03726,0.65609,0.700141
61,-3.03726,0.65609,0.700141
62,-1.47608,2.19344,0.112292
61,-1.47608,2.19344,0.112292
62,-0.676133,0.456747,0.961412
60,-0.676133,0.456747,0.961412
62,-2.77967,0.688693,1.41426
60,-2.77967,0.688693,1.41426
62,-1.92153,2.09286,0.0740753
58,-1.92153,2.09286,0.0740753
62,-1.21331,2.4446,0.00951135
18,-1.21331,2.4446,0.00951135
63,-0.918136,-0.853978,-0.410595
63,-0.943408,-0.870571,-0.422504
63,-0.812514,-1.42382,-0.512614
63,-0.946703,-0.880311,-0.425368
63,-0.989736,-0.901517,-0.322943
63,-0.827637,-1.43324,-0.511159
63,-1.0944,-0.768607,-0.122323
63,-0.993591,-0.923889,-0.33149
63,-0.99762,-0.911783,-0.329213
63,-0.998494,-0.915835,-0.333193
63,-1.098,-0.771567,-0.128867
63,-1.10689,-0.763607,-0.131886
63,-1.10716,-0.763884,-0.133298
63,-1.02505,-0.925293,-0.290575
63,-1.11703,-0.762387,-0.131075
63,-0.999532,-0.887561,-0.397579
63,-1.10938,-0.924922,-0.0814502
63,-1.02823,-0.912176,-0.319291
63,-1.03508,-0.93159,-0.296001
63,-0.92109,-1.24956,-0.483812
63,-0.864269,-1.46028,-0.541711
63,-1.00399,-0.90353,-0.432893
63,-1.1234,-0.936486,-0.0915637
63,-1.13017,-0.932738,-0.0939026
63,-1.12047,-0.778223,-0.209996
63,-1.01168,-1.32925,-0.252452
63,-1.11986,-0.944164,-0.14505
63,-0.942874,-1.26361,-0.47737
63,-1.0558,-0.921596,-0.335408
63,-1.12699,-0.945665,-0.149578
63,-1.13039,-0.945713,-0.155932
63,-1.17286,-0.77252,-0.128337
63,-1.13628,-0.952108,-0.160168
63,-1.17658,-0.731163,-0.167107
63,-1.25105,-0.954916,0.148252
63,-1.08781,-0.873793,-0.354823
63,-1.12699,-1.00311,-0.183091
63,-1.18211,-0.877173,-0.0970609
63,-1.15849,-0.872987,-0.168839
63,-1.1865,-0.73401,-0.16222
63,-1.15232,-0.87257,-0.193586
63,-1.02207,-1.36956,-0.306675
63,-1.13288,-0.965008,-0.218064
63,-1.15123,-0.969052,-0.16892
63,-1.05165,-1.36208,-0.259634
63,-1.27165,-0.965725,0.140621
63,-1.20179,-0.949135,-0.0754581
63,-1.15202,-0.994868,-0.19293
63,-1.24503,-0.879908,0.00779444
63,-1.03426,-1.39473,-0.321459
63,-1.24729,-0.883811,0.00678742
63,-1.28649,-0.952109,0.12188
63,-1.21204,-0.899505,-0.119122
63,-1.03785,-1.41142,-0.351431
63,-1.17566,-0.895099,-0.235949
63,-1.17835,-0.89469,-0.2317
63,-1.22381,-0.915149,-0.120834
63,-1.30254,-0.988345,0.132255
63,-1.12726,-1.35934,-0.171825
63,-1.12279,-1.36285,-0.186283
63,-1.22632,-0.927058,-0.120021
63,-1.05023,-1.42423,-0.360627
63,-1.30615,-0.962318,0.113105
63,-1.06923,-1.25903,-0.398743
63,-1.15016,-1.23427,-0.187347
63,-1.16595,-1.25738,-0.139443
63,-1.31328,-0.967627,0.111795
63,-1.21285,-0.915447,-0.213355
63,-1.1768,-1.26883,-0.137854
63,-1.09606,-1.27252,-0.371825
63,-1.22416,-0.91753,-0.196788
63,-1.1531,-1.36676,-0.16942
63,-1.20717,-0.91621,-0.246198
63,-1.20718,-0.914483,-0.24802
63,-1.22094,-0.908131,-0.214208
63,-1.36916,-1.26318,0.375124
63,-1.34527,-0.935446,0.116457
63,-1.19174,-1.28557,-0.144894
63,-1.2976,-0.994029,-0.017209
63,-1.38868,-1.27933,0.378485
63,-1.29926,-0.991707,-0.0176098
63,-1.31377,-0.914615,-0.0174323
63,-1.39639,-1.28158,0.395901
63,-1.2004,-1.28874,-0.147703
63,-1.36566,-0.918507,0.0995695
63,-1.30483,-0.803861,-0.135528
63,-1.3785,-0.95197,0.122497
63,-1.20086,-1.2858,-0.216345
63,-1.31809,-0.811938,-0.137903
63,-1.45898,-0.998312,0.344613
63,-1.46486,-1.02465,0.362227
63,-1.42692,-1.28413,0.371373
63,-1.46936,-0.998718,0.34569
63,-1.4635,-1.01184,0.333948
63,-1.4299,-1.30871,0.360311
63,-1.5146,-1.32532,0.603685
63,-1.64812,-1.02344,0.818977
63,-1.47589,-1.01986,0.335866
63,-1.36627,-0.9125,-0.0250852
63,-1.43023,-1.3202,0.356102
63,-1.57002,-1.01936,0.583423
63,-1.43727,-1.31418,0.358745
63,-1.34421,-1.31816,0.100771
63,-1.68266,-1.023,0.893794
63,-1.57038,-1.02397,0.579651
63,-1.66444,-1.04897,0.844747
63,-1.35105,-1.31929,0.100395
63,-1.58158,-1.01196,0.587159
63,-1.44015,-1.29304,0.33197
63,-1.58087,-1.02621,0.580593
63,-1.50239,-1.04774,0.360886
63,-1.54123,-1.33232,0.606394
63,-1.61262,-1.03393,0.651439
63,-1.58697,-1.03369,0.579763
63,-1.68403,-1.02463,0.823384
63,-1.68953,-1.06751,0.8512
63,-1.53131,-0.969717,0.358529
63,-1.68596,-1.03372,0.813359
63,-1.59622,-1.20688,0.649443
63,-1.46714,-1.33688,0.352371
63,-1.68487,-1.04995,0.813233
63,-1.37447,-1.34081,0.0868265
63,-1.73038,-1.04945,0.89985
63,-1.65648,-1.34001,0.833668
63,-1.62603,-1.07459,0.605657
63,-1.6162,-1.21114,0.641609
63,-1.39382,-1.34592,0.0871959
63,-1.66335,-1.35817,0.83336
63,-1.63271,-1.08051,0.603038
63,-1.58972,-1.34685,0.603195
63,-1.82739,-1.08381,1.12875
63,-1.69026,-1.35988,0.870573
63,-1.66026,-1.00197,0.598486
63,-1.4279,-1.36888,0.0820996
63,-1.7114,-1.20469,0.780607
63,-1.70749,-1.36937,0.846441
63,-1.71878,-1.20695,0.795524
63,-1.80077,-1.38244,1.07338
63,-1.71701,-1.2112,0.706817
63,-1.75031,-1.22488,0.79579
63,-1.8008,-1.04044,0.838446
63,-1.95084,-1.10109,1.28104
63,-1.8382,-1.39116,1.11261
63,-1.8287,-1.39486,1.08213
63,-1.84246,-1.40951,1.0786
63,-1.84672,-1.40149,1.07878
63,-1.70399,-1.17185,0.561751
63,-1.84551,-1.40944,1.0753
63,-1.50833,0.516923,-0.841325
63,-1.9699,-1.12976,1.26794
63,-1.91725,-1.13399,1.08105
63,-1.99116,-1.13891,1.28453
63,-1.81233,-1.18765,0.808123
63,-1.95834,-1.40779,1.32365
63,-1.92033,-1.13416,1.07818
63,-1.88018,-1.41801,1.10783
63,-1.9281,-1.13697,1.07605
63,-1.89087,-1.42376,1.11395
63,-1.82972,-1.21158,0.811294
63,-1.83364,-1.21625,0.815059
63,-1.94193,-1.17863,1.08254
63,-1.93108,-1.40451,1.14917
63,-1.85019,-1.24208,0.836666
63,-1.98962,-1.43355,1.3159
63,-1.85764,-1.2192,0.811218
63,-1.54313,0.269373,-0.850776
63,-1.76398,-1.30724,0.555981
63,-1.86988,-1.23223,0.812654
63,-1.719,-1.21812,0.376792
63,-1.77461,-1.26392,0.551959
63,-1.76968,-1.3127,0.553612
63,-1.51778,0.122158,-0.873422
63,-1.75491,-1.22908,0.434113
63,-2.03691,-1.45713,1.3236
63,-2.34934,0.52938,0.674037
63,-2.27569,-0.0528291,0.657248
63,-2.32753,-0.0566288,0.639675
63,-2.34145,-0.0515547,0.642026
63,-2.65741,-0.00590962,1.37436
63,-2.65682,-0.0336819,1.37476
63,-2.62695,-0.376132,1.41228
63,-2.81547,0.759491,1.35468
63,-2.61328,-0.373891,1.33004
63,-2.8329,0.789664,1.35614
63,-2.84169,0.76798,1.38277
63,-2.84795,0.797255,1.36614
63,-2.49285,0.248838,0.641597
63,-2.56755,0.529492,0.655275
63,-2.67351,0.0333014,1.16413
63,-2.9014,0.801617,1.38613
63,-2.61245,0.55076,0.676712
63,-2.76644,0.0114863,1.37144
63,-2.68427,0.741353,0.760324
63,-2.55698,0.242969,0.646036
63,-2.56773,0.24266,0.637596
63,-2.89459,0.698367,1.28651
63,-2.89166,0.699769,1.26877
63,-2.64313,0.302925,0.774717
63,-2.57015,0.244958,0.58336
63,-2.94881,0.700515,1.40515
63,-2.98608,0.708017,1.45296
63,-2.74541,0.739719,0.760613
63,-2.98649,0.700224,1.4358
63,-2.66927,0.705921,0.502847
63,-2.71627,0.700578,0.593757
63,-2.74043,0.734873,0.610119
63,-2.7513,0.740913,0.603052
63,-2.7735,0.788388,0.621207
63,-2.75944,0.737922,0.601889
63,-2.73358,0.748998,0.49966
63,-2.9484,0.693852,1.12555
63,-3.0115,1.1046,1.08381
63,-2.78943,0.312262,0.7843
63,-2.80884,0.319314,0.821627
63,-2.84421,0.825126,0.655057
63,-2.79094,0.789049,0.523677
63,-2.82389,0.814362,0.588991
63,-2.7919,0.748951,0.499136
63,-2.81162,0.787908,0.516715
63,-2.84112,0.296201,0.808898
63,-2.81213,0.846554,0.444466
63,-2.81764,0.846122,0.45367
63,-2.84263,0.804333,0.538501
63,-2.80618,0.803076,0.435811
63,-2.82993,0.748205,0.49511
63,-2.81466,0.882685,0.375691
63,-2.8087,0.874293,0.356297
63,-2.65635,-0.662368,0.701659
63,-2.83701,0.684981,0.516764
63,-2.79095,-0.564588,1.00207
63,-2.85181,0.896705,0.432748
63,-2.84829,0.86083,0.408595
63,-2.84709,0.341596,0.660097
63,-2.77833,0.815336,0.228004
63,-2.68478,-0.674036,0.703895
63,-2.81118,-0.565362,0.99144
63,-2.83255,-0.0153081,0.766146
63,-2.71662,0.681384,0.0755532
63,-2.7332,0.703574,0.0926554
63,-2.72548,0.680282,0.0808556
63,-2.83617,-0.564967,1.00023
63,-2.8346,-0.577202,1.00019
63,-2.65514,0.228749,0.0690642
63,-2.74571,0.707211,0.0790747
63,-2.66036,0.220963,0.0748951
63,-2.73126,-0.672564,0.715219
63,-2.9329,0.623137,0.617434
63,-2.67062,0.244446,0.0751076
63,-2.80745,0.296539,0.424262
63,-2.77186,-0.652022,0.802172
63,-2.91835,0.901999,0.419804
63,-1.888,-2.48501,-0.785289
63,-2.92342,0.90777,0.366533
63,-2.7793,0.680918,0.0789312
63,-1.89815,-2.49864,-0.7781
63,-2.60206,-0.409396,0.0600599
63,-2.73188,0.239334,0.0700281
63,-2.69675,0.00620109,0.0577872
63,-2.73919,-0.652185,0.493002
63,-2.63741,-0.33468,0.0394014
63,-2.83553,-0.404578,0.623552
63,-2.64906,-0.329899,0.0534358
63,-2.73352,0.968625,-0.385764
63,-2.72081,0.00972295,0.0506459
63,-2.73039,-0.0395263,0.0922359
63,-2.84675,-0.765014,0.757602
63,-2.52209,-1.03579,-0.014286
63,-2.85481,-0.763554,0.760821
63,-2.85677,-0.760987,0.760782
63,-2.65755,-0.483592,0.0547548
63,-2.62017,1.03319,-0.819204
63,-2.75302,0.00128371,0.0553346
63,-2.81657,0.336389,0.0562491
63,-2.40187,-1.09182,-0.392523
63,-2.76896,0.955882,-0.409758
63,-2.31232,-1.06686,-0.675552
63,-2.92454,-0.766275,0.86451
63,-2.88877,-0.786716,0.764332
63,-2.69245,-0.427884,0.0323075
63,-2.88682,-0.81159,0.759212
63,-2.7311,-0.293008,0.04735
63,-2.74708,-0.272761,0.0628474
63,-2.85454,0.360343,0.0262645
63,-2.71126,-0.44139,0.0276505
63,-2.73556,-0.350502,0.0439363
63,-2.7447,-0.352468,0.0293391
63,-2.93114,-0.420632,0.539146
63,-2.75976,-0.37151,0.0252728
63,-2.85753,0.0898444,0.0552015
63,-2.96466,-0.892988,0.795102
63,-2.79283,-0.314584,0.0206391
63,-2.79569,-0.316033,0.020404
63,-2.79994,-0.316862,0.0305045
63,-2.43938,-3.03676,0.34085
63,-2.77385,-0.703847,0.0194129
63,-2.77819,-0.682334,0.0194152
63,-2.77218,-0.703717,0.00860864
63,-2.78457,-0.673116,0.00727707
63,-3.04942,-0.919962,0.810176
63,-3.021,0.0897975,-0.0080753
63,-3.09771,0.845697,0.0945929
62,-3.09771,0.845697,0.0945929
63,-2.88435,0.847529,0.796135
62,-2.88435,0.847529,0.796135
63,-2.97699,0.837976,0.119967
62,-2.97699,0.837976,0.119967
63,-1.54115,-1.01475,-0.407448
62,-1.54115,-1.01475,-0.407448
63,-2.11637,0.691105,1.23738
62,-2.11637,0.691105,1.23738
63,-1.73613,-0.995872,1.25619
62,-1.73613,-0.995872,1.25619
63,-2.17663,0.798064,0.499803
62,-2.17663,0.798064,0.499803
63,-2.31404,0.808735,0.478428
62,-2.31404,0.808735,0.478428
63,-1.31492,-0.969623,0.097677
62,-1.31492,-0.969623,0.097677
63,-2.06576,0.763855,0.240161
62,-2.06576,0.763855,0.240161
63,-1.33644,0.757474,-0.757664
62,-1.33644,0.757474,-0.757664
63,-2.45358,-0.587547,0.116202
62,-2.45358,-0.587547,0.116202
63,-1.49393,-1.08747,0.825157
62,-1.49393,-1.08747,0.825157
63,-1.14828,-0.873457,-0.181556
62,-1.14828,-0.873457,-0.181556
63,-2.59962,0.784454,0.309765
61,-2.59962,0.784454,0.309765
63,-2.64602,0.731265,0.512407
61,-2.64602,0.731265,0.512407
63,-2.42986,0.71944,1.32556
61,-2.42986,0.71944,1.32556
63,-2.28769,0.665381,1.14613
61,-2.28769,0.665381,1.14613
63,-2.38645,-0.577095,0.102944
61,-2.38645,-0.577095,0.102944
63,-2.37835,0.847301,0.445454
61,-2.37835,0.847301,0.445454
63,-2.53499,0.323032,0.710702
60,-2.53499,0.323032,0.710702
63,-2.67758,0.312373,0.810481
60,-2.67758,0.312373,0.810481
63,-2.66644,0.282749,0.068773
60,-2.66644,0.282749,0.068773
63,-2.69138,0.193344,0.0698883
60,-2.69138,0.193344,0.0698883
63,-2.8119,0.682814,1.26964
60,-2.8119,0.682814,1.26964
63,-2.41962,0.314891,0.482054
60,-2.41962,0.314891,0.482054
63,-2.96294,0.778713,0.50185
59,-2.96294,0.778713,0.50185
63,-3.25422,0.790394,0.449555
59,-3.25422,0.790394,0.449555
63,-7.38025,1.22704,-0.584597
58,-7.38025,1.22704,-0.584597
64,0.534042,0.111147,0.0703703
64,0.528843,0.102431,0.0569046
64,0.356,0.303761,0.0551962
64,0.355166,0.305123,0.0538768
64,0.344225,0.301305,0.0482394
64,0.337929,0.300911,0.0428697
64,0.323677,0.299268,0.0367527
64,0.319742,0.290271,0.0394211
64,0.30821,0.294001,0.0237317
64,0.322935,0.295306,-0.0106298
64,0.32286,0.293479,-0.0158638
64,0.319466,0.291636,-0.0178571
64,-0.307796,-0.154091,0.0370764
64,-0.308606,-0.157646,0.0396323
64,-0.310582,-0.154324,0.0384334
64,-0.315138,-0.171499,0.0301474
64,-0.32669,-0.179554,0.0262237
64,-0.326414,-0.19836,0.0330349
64,-0.328897,-0.200925,0.0314512
64,-0.343897,-0.191481,0.0376833
64,-0.341756,-0.199941,0.0350859
64,-0.367774,-0.219809,0.0130062
64,-1.33132,1.00539,-0.831452
64,-1.33934,1.00001,-0.839242
64,-1.37665,1.0378,-0.867161
64,-1.39865,0.96328,-0.823433
64,-1.42024,0.878474,-0.815239
64,-1.50332,1.10034,-0.910488
64,-1.50831,1.06003,-0.879034
64,-1.51496,1.07993,-0.889095
64,-1.44271,0.817219,-0.854813
64,-1.4942,0.893715,-0.854304
64,-1.47803,0.845138,-0.854763
64,-1.46555,0.785652,-0.855898
64,-1.43007,0.679582,-0.842108
64,-1.43781,0.676509,-0.841971
64,-1.47829,0.752719,-0.842196
64,-1.45338,0.708333,-0.848147
64,-1.44535,0.685714,-0.845194
64,-1.55026,0.888602,-0.863587
64,-1.55783,0.846344,-0.876464
64,-1.57551,0.883772,-0.884431
64,-1.52212,0.75609,-0.869842
64,-1.52852,0.767985,-0.871979
64,-1.46592,0.606076,-0.838742
64,-1.53668,0.771845,-0.882449
64,-1.46872,0.600749,-0.854859
64,-1.53345,0.753947,-0.886116
64,-1.4598,0.577168,-0.854821
64,-1.08542,-0.790026,-0.212496
64,-0.969533,-0.92469,-0.315582
64,-1.47509,0.605039,-0.864667
64,-1.30767,0.125199,-0.720525
64,-1.3067,0.126847,-0.732384
64,-1.08504,-0.865503,-0.162503
64,-1.08268,-0.87541,-0.167231
64,-0.970935,-0.904501,-0.369305
64,-1.49755,0.602487,-0.853349
64,-1.07354,-0.708915,-0.365109
64,-1.2334,-0.955868,0.2105
64,-1.0742,-0.715612,-0.362349
64,-0.981987,-0.896127,-0.372232
64,-1.12055,-0.746291,-0.253685
64,-1.10077,-0.920671,-0.118561
64,-1.03144,-0.86258,-0.321447
64,-1.046,-0.940507,-0.212777
64,-1.50579,0.598831,-0.866501
64,-1.14046,-0.86628,-0.0994878
64,-1.24991,-0.968492,0.224613
64,-1.3347,0.17126,-0.783617
64,-1.51116,0.604743,-0.87424
64,-1.18913,-0.750472,-0.132397
64,-1.61521,0.8341,-0.901071
64,-1.51929,0.60945,-0.870556
64,-1.11184,-0.918525,-0.13346
64,-1.19799,-0.769683,-0.125362
64,-1.12269,-0.814162,-0.235457
64,-1.09504,-0.73206,-0.377704
64,-1.34455,0.11514,-0.744974
64,-1.20135,-0.768497,-0.126241
64,-1.18802,-0.716536,-0.209371
64,-1.52858,0.589879,-0.871462
64,-1.13175,-0.808094,-0.241358
64,-1.63734,0.834009,-0.911232
64,-1.12186,-0.986328,-0.0879151
64,-1.27089,-0.964169,0.191339
64,-1.57647,0.654968,-0.862908
64,-1.48392,0.460754,-0.853008
64,-1.07325,-0.9678,-0.218966
64,-1.38593,0.130032,-0.718955
64,-1.50017,0.509085,-0.879727
64,-1.48839,0.460063,-0.857501
64,-1.25077,-0.998033,0.160322
64,-1.22829,-0.760216,-0.134518
64,-1.58036,0.644388,-0.868613
64,-1.12487,-1.00955,-0.0921494
64,-1.33673,-1.01236,0.339088
64,-1.22712,-0.778239,-0.132256
64,-1.52039,0.485976,-0.842413
64,-1.49505,0.446543,-0.855286
64,-1.56935,0.609991,-0.873172
64,-1.21856,-0.721893,-0.216849
64,-1.14969,-0.977476,-0.0937331
64,-1.56894,0.592618,-0.867431
64,-1.52076,0.50777,-0.87811
64,-1.56955,0.589773,-0.866878
64,-1.28241,-0.97772,0.162501
64,-1.50549,0.448462,-0.864182
64,-1.46811,0.360889,-0.851655
64,-1.4714,0.367388,-0.852675
64,-1.38208,-0.991176,0.363164
64,-1.39174,0.144729,-0.791983
64,-1.45326,0.254498,-0.781161
64,-1.38296,0.112876,-0.778846
64,-1.39715,-0.97188,0.365978
64,-0.901514,-1.27992,-0.334535
64,-1.47994,0.363141,-0.853182
64,-1.50166,0.413354,-0.86948
64,-1.40245,0.137972,-0.793749
64,-1.49922,0.39549,-0.862509
64,-1.63912,0.713531,-0.906903
64,-1.13721,-0.971637,-0.190311
64,-0.912274,-1.27459,-0.337733
64,-1.51591,0.430901,-0.868433
64,-1.24677,-0.827543,-0.120836
64,-1.50428,0.398539,-0.866523
64,-1.39058,-1.01697,0.360362
64,-1.42372,0.123929,-0.752017
64,-1.50719,0.402653,-0.871612
64,-0.898582,-1.2406,-0.416032
64,-1.39202,0.0984781,-0.794177
64,-1.48571,0.333224,-0.847556
64,-1.33209,-0.946409,0.155247
64,-1.50741,0.390396,-0.866911
64,-1.33554,-0.935512,0.144713
64,-1.49335,0.341377,-0.851277
64,-1.531,0.441532,-0.87909
64,-0.895079,-1.25287,-0.431015
64,-0.893758,-1.25676,-0.435324
64,-1.52289,0.408603,-0.87356
64,-1.5673,0.502748,-0.882951
64,-0.90374,-1.25617,-0.421394
64,-1.44194,0.136584,-0.763084
64,-1.42383,0.147072,-0.810848
64,-1.5797,0.53155,-0.891018
64,-1.6291,0.631095,-0.895361
64,-1.52001,0.382682,-0.863833
64,-1.57562,0.512522,-0.885134
64,-0.913015,-1.23236,-0.434417
64,-1.53724,0.418861,-0.867888
64,-1.44379,0.168853,-0.80905
64,-1.51698,0.342494,-0.842448
64,-1.53069,-1.02871,0.596769
64,-1.58718,0.531155,-0.89733
64,-1.64157,0.643389,-0.904529
64,-1.44944,0.130019,-0.767339
64,-1.4474,0.12284,-0.766675
64,-1.43349,0.137402,-0.814761
64,-0.924115,-1.30465,-0.369348
64,-1.55478,-1.01195,0.607747
64,-1.45657,0.128034,-0.770407
64,-1.52176,0.335278,-0.852691
64,-1.47149,0.222458,-0.842586
64,-1.65511,0.639494,-0.906812
64,-1.60862,0.518055,-0.877352
64,-1.54108,-1.05544,0.607565
64,-1.45058,0.148932,-0.829046
64,-1.47507,0.213776,-0.847256
64,-1.55125,0.363122,-0.848987
64,-1.06897,-1.22046,-0.202754
64,-1.55406,0.363128,-0.85066
64,-1.53714,0.337059,-0.859199
64,-0.93079,-1.26713,-0.440963
64,-1.61754,0.519284,-0.886851
64,-1.01058,-1.27131,-0.278113
64,-1.07144,-1.24295,-0.184845
64,-1.55817,-1.14914,0.706409
64,-1.61188,0.492883,-0.880229
64,-1.61089,0.485465,-0.878153
64,-1.4876,0.215054,-0.854655
64,-1.54223,0.321469,-0.85579
64,-1.07736,-1.24269,-0.188703
64,-0.976505,-1.29996,-0.336395
64,-1.49341,0.224461,-0.856901
64,-1.63013,0.530057,-0.895019
64,-1.01628,-1.28386,-0.278473
64,-1.35471,-0.841972,-0.0497627
64,-1.11593,-1.24584,-0.123357
64,-1.52447,0.272923,-0.859402
64,-1.05434,-1.2473,-0.249407
64,-1.59871,-1.21993,0.82838
64,-1.09616,-1.21928,-0.195063
64,-0.855092,-1.45613,-0.441812
64,-1.6346,0.515272,-0.892919
64,-1.00866,-1.32286,-0.27292
64,-1.58889,0.393289,-0.862597
64,-1.48615,0.156345,-0.832471
64,-0.864702,-1.42296,-0.469704
64,-1.12538,-1.2599,-0.107774
64,-1.50625,0.155486,-0.801488
64,-1.05687,-1.32875,-0.186008
64,-1.53477,0.272367,-0.866008
64,-1.0951,-1.25342,-0.19082
64,-1.07048,-1.24118,-0.255588
64,-1.5141,0.218932,-0.861005
64,-1.00984,-1.25108,-0.371442
64,-1.5789,-1.06051,0.584255
64,-0.948579,-1.39363,-0.354921
64,-1.60594,-1.08054,0.658365
64,-1.01599,-1.25247,-0.368808
64,-1.69289,-1.07057,0.819702
64,-0.871601,-1.4604,-0.449647
64,-1.06546,-1.3274,-0.192717
64,-1.13984,-1.27115,-0.101549
64,-1.59073,0.365583,-0.8721
64,-0.86648,-1.45919,-0.465715
64,-1.04634,-1.24499,-0.322908
64,-1.60977,0.40696,-0.882187
64,-1.14443,-1.26776,-0.106351
64,-1.48671,-1.29908,0.620104
64,-1.00691,-1.31239,-0.34731
64,-1.12346,-1.3222,-0.10222
64,-1.07712,-1.25635,-0.268923
64,-1.1279,-1.32372,-0.0974592
64,-0.883255,-1.44314,-0.477583
64,-1.04631,-1.26231,-0.332367
64,-1.02716,-1.26069,-0.373845
64,-0.871604,-1.46923,-0.476276
64,-1.50871,-1.12757,0.467539
64,-1.61612,0.391677,-0.881156
64,-1.42545,-0.91335,0.0748133
64,-1.54852,0.22586,-0.856685
64,-0.962337,-1.40924,-0.36627
64,-1.56162,0.187171,-0.793962
64,-0.96145,-1.40897,-0.370001
64,-1.61792,0.383278,-0.883131
64,-1.26748,-1.29015,0.128771
64,-0.888886,-1.4477,-0.47921
64,-1.27105,-1.29208,0.13448
64,-1.04101,-1.34682,-0.277636
64,-1.14178,-1.33496,-0.0854033
64,-1.07214,-1.37022,-0.193131
64,-1.05412,-1.26486,-0.338594
64,-1.5756,0.261625,-0.85277
64,-1.10972,-1.35339,-0.135601
64,-1.0729,-1.36285,-0.203569
64,-1.1221,-1.26516,-0.204314
64,-1.09865,-1.26951,-0.255439
64,-0.973617,-1.42793,-0.349394
64,-1.11735,-1.36722,-0.123231
64,-1.57103,0.250019,-0.870708
64,-1.69063,-1.16399,0.827872
64,-0.993565,-1.39643,-0.356919
64,-1.58341,-1.22485,0.663309
64,-1.1514,-1.34223,-0.0948088
64,-0.892695,-1.47623,-0.483003
64,-1.57876,0.245675,-0.87338
64,-0.974819,-1.42622,-0.385899
64,-1.72644,-1.11752,0.81998
64,-0.999225,-1.48498,-0.286352
64,-1.12901,-1.37988,-0.136664
64,-0.995249,-1.49913,-0.287352
64,-0.890948,-1.49684,-0.50392
64,-0.993578,-1.48901,-0.304581
64,-1.59925,-1.24004,0.669398
64,-1.67108,-1.21675,0.790187
64,-1.6807,-1.22622,0.816232
64,-0.989269,-1.50669,-0.314701
64,-1.64045,-1.35987,0.848573
64,-1.42727,-1.32707,0.377848
64,-1.53398,-1.34795,0.616313
64,-1.66531,-1.28598,0.816642
64,-1.24785,-1.28372,-0.0390752
64,-1.59475,0.202149,-0.866899
64,-1.62466,0.255935,-0.87839
64,-1.61141,0.22691,-0.87738
64,-1.5524,-1.34363,0.615341
64,-1.66168,-1.21842,0.706044
64,-1.58216,-1.09452,0.414602
64,-1.54746,-1.36015,0.612612
64,-1.54658,-1.36025,0.599992
64,-1.62303,-1.29415,0.680457
64,-1.26081,-1.30461,-0.0465889
64,-1.64109,0.250225,-0.887959
64,-1.64671,0.261047,-0.889728
64,-1.69002,-1.16272,0.666596
64,-1.72343,-1.23696,0.80836
64,-1.60293,-1.10508,0.422507
64,-1.57389,-1.36827,0.615475
64,-1.74899,-1.24749,0.828715
64,-1.29584,-1.29142,-0.0560399
64,-1.70173,-1.22861,0.70466
64,-1.65392,0.185717,-0.853644
64,-1.29296,-1.30021,-0.0557958
64,-1.64752,-1.30399,0.668009
64,-1.61322,-1.12113,0.404673
64,-2.81211,0.872575,0.78775
64,-1.75129,-1.06559,0.607149
64,-1.32253,-1.28797,-0.0373513
64,-1.67115,-1.28996,0.673544
64,-1.61836,-1.13053,0.395981
64,-1.86967,-1.08821,0.854568
64,-1.61229,-1.19766,0.442107
64,-1.30751,-1.31534,-0.061484
64,-1.67971,0.184187,-0.868495
64,-1.30364,-1.33359,-0.069878
64,-1.37838,-1.36415,0.109851
64,-1.58713,-1.24126,0.403858
64,-1.74494,-1.24258,0.720065
64,-1.59631,-1.24603,0.41634
64,-1.77768,-1.25091,0.789263
64,-1.69365,0.177636,-0.870679
64,-2.69138,0.848631,0.451342
64,-1.73858,-1.25619,0.655884
64,-1.33914,-1.34097,-0.0750099
64,-1.76929,-1.21196,0.660262
64,-1.62212,-1.26212,0.401035
64,-1.77764,-1.25247,0.706195
64,-1.61946,-1.26102,0.387946
64,-2.71146,0.851769,0.393943
64,-1.69516,-1.16857,0.386493
64,-1.64524,-1.27417,0.393092
64,-1.65089,-1.26881,0.394662
64,-2.67067,0.791987,0.332314
64,-1.71479,-1.24144,0.457346
64,-2.67106,0.799895,0.29716
64,-1.67314,-1.30341,0.41056
64,-1.84419,-1.26366,0.717163
64,-1.79456,-1.28826,0.572869
64,-1.85671,-1.2471,0.650729
64,-1.71626,-1.32771,0.412869
64,-1.76739,-1.22074,0.372437
64,-2.67009,0.814039,0.0909947
64,-2.71677,0.858926,0.098518
64,-2.72576,0.778994,0.098407
64,-2.7483,1.02553,-0.38219
64,-2.57851,0.212592,0.104213
64,-2.51236,0.863735,-0.792185
64,-2.74671,0.286372,0.275414
64,-2.62924,0.227748,0.0803497
64,-2.65127,0.983469,-0.671649
64,-2.70611,0.974787,-0.576226
64,-2.54517,0.867127,-0.801278
64,-2.71232,0.972331,-0.574862
64,-2.76351,0.283964,0.236817
64,-2.67188,0.971714,-0.673694
64,-2.73755,0.980529,-0.566161
64,-2.76782,0.273508,0.216158
64,-1.32334,-1.97014,-0.465937
64,-2.75277,1.00683,-0.69996
64,-2.79076,0.273937,0.103354
64,-2.70801,1.00741,-0.844427
64,-2.78449,0.267472,0.0548179
64,-2.67555,0.913466,-0.859517
64,-2.67997,0.909094,-0.871817
64,-2.81822,0.265601,0.0400566
64,-2.71002,0.936363,-0.879554
64,-1.90636,-0.857195,-0.677816
64,-2.87642,0.295114,0.0734833
64,-2.85804,0.273165,0.0577697
64,-2.84848,0.247229,0.0573264
64,-1.92285,-0.869771,-0.686829
64,-1.92239,-0.884133,-0.689422
64,-2.88767,0.299699,0.0439534
64,-2.7751,0.951727,-0.906127
64,-1.97085,-0.862613,-0.711774
64,-2.78262,0.935334,-0.922821
64,-2.95294,0.299997,0.0247799
64,-2.90621,1.09887,-0.949644
64,-2.15989,-1.03929,-0.309819
64,-2.01645,-0.924668,-0.732978
64,-2.12733,-1.02285,-0.418717
64,-2.35501,-1.02851,0.0435982
64,-2.12439,-1.03072,-0.429931
64,-2.96047,1.11661,-0.964372
64,-2.39017,-0.988333,0.0405813
64,-2.37872,-1.00465,0.0211893
64,-2.15065,-1.00603,-0.450585
64,-2.39899,-0.99421,0.0149416
64,-2.41168,-0.999956,0.0373781
64,-2.42864,-0.993092,0.0634916
64,-2.44913,-0.99725,0.0646341
64,-2.45538,-1.00327,0.0661062
64,-2.5241,-0.985337,0.0679491
64,-2.60839,-0.989129,0.237699
64,-2.52691,-0.989655,0.0602962
64,-2.18303,-1.07375,-0.636751
64,-2.10755,-2.8712,1.05945
64,-2.58634,-0.999278,0.0687299
64,-2.59113,-0.994158,0.0489142
64,-2.62852,-1.00208,0.0865235
64,-1.82796,-2.69906,0.1472
64,-2.17943,-2.93336,1.07213
64,-2.29319,-1.07159,-0.617321
64,-1.84467,-2.7231,0.14936
64,-2.28582,-1.09942,-0.67337
64,-1.86611,-2.7346,0.14288
64,-1.87152,-2.73455,0.141797
64,-1.90773,-2.78688,0.142397
64,-2.05869,-2.85507,0.415276
64,-3.25204,-0.0576448,-0.0452262
64,-2.06413,-2.85451,0.420074
64,-2.06379,-2.84926,0.394025
64,-3.26533,-0.0563354,-0.0438281
64,-2.06173,-2.85866,0.385067
64,-2.05644,-2.84795,0.3631
64,-1.95132,-2.83111,0.129315
64,-2.06197,-2.8499,0.367779
64,-2.10444,-2.86453,0.464288
64,-2.07425,-2.84858,0.371959
64,-2.08281,-2.85695,0.393542
64,-2.12085,-2.87015,0.462884
64,-2.968,-0.74712,-0.00547713
64,-2.09315,-2.88002,0.413116
64,-2.12134,-2.87766,0.456547
64,-2.15842,-2.87828,0.529653
64,-2.10166,-2.86362,0.398934
64,-2.13561,-2.89631,0.495981
64,-2.13196,-2.88687,0.460949
64,-2.89641,-0.954967,-0.000411808
64,-2.11046,-2.84248,0.336256
64,-2.1059,-2.84901,0.332724
64,-2.03774,-2.79568,0.137121
64,-2.11044,-2.84678,0.325754
64,-3.25795,-1.1002,0.853316
64,-2.11603,-2.90292,0.38728
64,-2.17569,-2.8934,0.489363
64,-3.01853,-0.740715,-0.023021
64,-2.04848,-2.79724,0.12104
64,-2.13259,-2.91425,0.411091
64,-2.05495,-2.79225,0.110895
64,-2.1186,-2.91016,0.360998
64,-2.13113,-2.86127,0.324779
64,-2.07218,-2.78723,0.108669
64,-2.17894,-2.93166,0.458191
64,-2.14473,-2.88854,0.320364
64,-2.021,-2.48538,-0.380029
64,-1.84209,-2.47599,-0.766193
64,-1.82307,-2.50704,-0.77493
64,-2.11734,-2.77783,0.0918583
64,-2.2401,-2.98715,0.540043
64,-2.11008,-2.82503,0.0897228
64,-2.26135,-2.93329,0.478034
64,-2.11572,-2.89895,0.130376
64,-2.13957,-2.84164,0.0796092
64,-1.88734,-2.52762,-0.791094
64,-2.22448,-3.00184,0.378389
64,-2.17934,-2.86996,0.0963413
64,-3.45678,-0.995512,0.76183
64,-2.23857,-2.69712,0.0296793
64,-3.49543,-1.00463,0.779971
64,-2.27749,-2.74721,0.0139575
64,-2.31321,-2.75836,0.047352
64,-3.42143,-0.508956,-0.104227
64,-2.34744,-2.79316,0.0165505
64,-3.63269,-1.00177,0.778849
64,-2.35891,-2.80037,0.00583923
64,-3.44114,-0.554887,-0.111646
64,-2.37967,-2.79131,0.0130758
64,-2.37668,-2.80188,0.0108062
64,-2.38373,-2.80236,0.0183449
64,-3.70069,-1.01554,0.788872
64,-2.43375,-2.81363,-0.00712258
64,-1.70147,-4.85992,0.561267
64,-3.84023,-1.15118,0.817485
64,-2.43071,-2.64365,-0.596708
64,-2.43088,-2.62899,-0.627685
64,-2.45255,-2.64284,-0.602641
64,-2.10014,-3.07583,-0.903552
64,-3.96919,-1.17991,0.789882
64,-2.17615,-3.14847,-0.944026
64,-2.22973,-3.21672,-0.968129
64,-2.66411,-2.79895,-0.544039
64,-2.52523,-4.10347,-0.0123129
64,-2.58074,-4.15541,-0.0235956
64,-1.8261,-4.9525,-0.855668
64,-1.86559,-4.9943,-0.811609
64,-1.94258,-5.104,-0.853984
64,-3.01302,-3.28231,-0.701876
64,-3.03137,-3.28578,-0.709473
64,-1.99753,-5.20107,-0.877816
64,-2.05748,-5.45331,-0.513148
64,-2.10957,-5.52226,-0.526487
64,-2.17512,-5.47742,-0.605344
64,-2.57991,-5.65024,-0.0404577
64,-2.60172,-5.65912,-0.0526521
64,-2.60601,-5.68361,-0.0989838
64,-2.61798,-5.74374,-0.0605352
64,-3.00515,-4.97654,-0.104943
64,-3.13307,-4.72427,-0.157195
64,-3.01081,-5.08854,-0.073822
64,-2.74379,-5.88266,-0.12507
64,-2.7784,-6.01063,-0.0656916
64,-3.20783,-5.34559,-0.137981
64,-3.25469,-5.25864,-0.132536
64,-3.22585,-5.34548,-0.124389
64,-3.22103,-5.36823,-0.136429
64,-2.95114,-6.14077,-0.144873
64,-2.97698,-6.191,-0.153249
64,-3.32621,-5.52597,-0.148593
64,-3.1084,-6.38071,-0.187484
64,-1.06986,-1.38018,-0.361178
63,-1.06986,-1.38018,-0.361178
64,-1.31344,0.267781,-0.703152
63,-1.31344,0.267781,-0.703152
64,-1.14529,-0.897981,0.22676
63,-1.14529,-0.897981,0.22676
64,-1.46145,0.500497,-0.811239
62,-1.46145,0.500497,-0.811239
64,-1.35025,0.810368,-0.794327
62,-1.35025,0.810368,-0.794327
64,-1.40753,0.876906,-0.797024
60,-1.40753,0.876906,-0.797024
64,-2.58906,0.984731,-0.796299
58,-2.58906,0.984731,-0.796299
64,-1.51569,1.01287,-0.825523
57,-1.51569,1.01287,-0.825523
65,0.148489,-0.239997,0.7539
65,0.143272,-0.236373,0.754624
65,0.14028,-0.236191,0.750913
65,-0.325528,-0.173615,0.0384854
65,0.0702111,-0.965999,0.758612
65,-0.348899,-0.173168,0.0246291
65,0.710779,-1.7757,0.051756
65,0.68526,-1.9586,0.00284004
65,-1.07411,-0.697321,-0.327767
65,-0.9745,-0.833964,-0.301868
65,-1.10784,-0.697599,-0.325218
65,-0.988969,-0.829171,-0.29913
65,-1.35323,-0.942327,0.36601
65,-1.04916,-0.937883,-0.231552
65,-1.23163,-0.772515,-0.211188
65,-1.24169,-0.95058,0.127867
65,-1.03161,-0.924918,-0.307546
65,-1.48346,-0.990705,0.590982
65,-1.48693,-0.988439,0.592559
65,-1.25487,-0.760478,-0.249588
65,-1.48053,-1.00603,0.58931
65,-1.1343,-0.919105,-0.19436
65,-1.19413,-0.919627,-0.0980521
65,-1.30551,-0.914087,0.0887427
65,-1.09804,-0.919247,-0.273673
65,-1.05929,-0.935331,-0.333514
65,-1.21501,-0.915377,-0.100618
65,-1.06779,-0.942206,-0.325643
65,-1.04175,-0.95743,-0.344829
65,-1.26735,-0.799119,-0.236607
65,-1.19733,-0.912283,-0.155558
65,-1.64828,-1.01813,0.821077
65,-1.0578,-0.959033,-0.34246
65,-1.34891,-0.943945,0.14041
65,-1.062,-0.959984,-0.350356
65,-1.20997,-0.813368,-0.369679
65,-1.2822,-0.882615,-0.125264
65,-1.30784,-0.777702,-0.276144
65,-1.17073,-0.947792,-0.218571
65,-1.76293,-1.06377,1.03859
65,-1.40285,-0.925641,0.0900394
65,-1.16911,-0.998568,-0.246635
65,-1.36076,-1.02616,0.132738
65,-1.36133,-0.798591,-0.290199
65,-1.42123,-0.957209,0.098031
65,-1.74267,-1.09678,0.907999
65,-1.61467,-1.10589,0.673117
65,-1.24657,-1.02961,-0.120008
65,-1.37251,-0.885872,-0.159144
65,-0.916217,-1.2165,-0.391593
65,-1.04153,-1.20832,-0.196516
65,-1.46063,-0.953482,0.0761662
65,-1.07274,-1.22028,-0.13535
65,-1.65946,-1.08844,0.666005
65,-1.66862,-1.0334,0.561762
65,-0.920093,-1.24763,-0.381591
65,-1.56461,-1.30003,0.855144
65,-1.62884,-1.13321,0.664277
65,-1.66946,-1.09678,0.668384
65,-0.940115,-1.22482,-0.395141
65,-1.11075,-1.23079,-0.0934758
65,-1.11041,-1.23275,-0.0942448
65,-1.67625,-1.19664,0.832991
65,-1.74954,-1.11141,0.807487
65,-1.49064,-0.977617,0.0972906
65,-0.952436,-1.27373,-0.33775
65,-0.976154,-1.26549,-0.322906
65,-0.958901,-1.27699,-0.339107
65,-1.57954,-1.09743,0.422036
65,-0.95514,-1.28608,-0.344758
65,-1.74258,-1.16808,0.821311
65,-1.6095,-1.3342,0.88383
65,-0.990092,-1.29196,-0.312777
65,-1.67576,-1.10988,0.569147
65,-1.45585,-1.0791,0.111243
65,-0.993029,-1.29861,-0.314437
65,-1.27045,-1.2783,0.139997
65,-1.62423,-1.33849,0.86767
65,-1.61537,-1.34152,0.848564
65,-1.38215,-1.31183,0.37439
65,-1.60774,-1.11453,0.412456
65,-1.27538,-1.28827,0.137327
65,-1.6239,-1.34081,0.849263
65,-1.63616,-1.34001,0.863881
65,-1.64213,-1.33738,0.864995
65,-0.992636,-1.3497,-0.275664
65,-1.52912,-1.33045,0.627154
65,-1.10627,-1.24664,-0.285089
65,-1.63903,-1.34821,0.845294
65,-1.5373,-1.33286,0.630136
65,-1.12119,-1.32807,-0.133016
65,-2.02265,-1.13333,1.10761
65,-1.12048,-1.24947,-0.284491
65,-0.954714,-1.37642,-0.34974
65,-1.53092,-1.2408,0.424431
65,-1.02612,-1.32799,-0.31939
65,-1.02888,-1.33187,-0.309596
65,-1.41932,-1.32611,0.371898
65,-1.59316,-1.01569,0.0998734
65,-1.8275,-1.07707,0.611087
65,-0.880348,-1.44433,-0.422894
65,-1.6737,-1.21483,0.567295
65,-1.10757,-1.37142,-0.154149
65,-1.30137,-1.32501,0.102247
65,-1.56088,-1.35317,0.61334
65,-1.46516,-0.968431,-0.257907
65,-0.902639,-1.43919,-0.401906
65,-0.894063,-1.44322,-0.413807
65,-0.892566,-1.44374,-0.417637
65,-1.11382,-1.3732,-0.153061
65,-1.09203,-1.35269,-0.235596
65,-1.22023,-1.29888,-0.109795
65,-0.967295,-1.45127,-0.283578
65,-0.943339,-1.4655,-0.300421
65,-1.09102,-1.36057,-0.233239
65,-0.94378,-1.46981,-0.301962
65,-1.10158,-1.34959,-0.242305
65,-1.14165,-1.3535,-0.168059
65,-0.970435,-1.45595,-0.292381
65,-1.22783,-1.30425,-0.1172
65,-1.7542,-1.25308,0.722414
65,-1.81017,-1.40133,1.08667
65,-1.11058,-1.35743,-0.236753
65,-1.82861,-1.25841,0.855638
65,-1.08832,-1.38889,-0.222928
65,-1.02169,-1.40592,-0.325392
65,-1.16498,-1.36449,-0.151027
65,-2.10012,-1.11234,1.04984
65,-1.84735,-1.25433,0.857041
65,-0.913049,-1.45686,-0.435879
65,-1.71177,-1.22942,0.567317
65,-1.14652,-1.37815,-0.171417
65,-1.02339,-1.41072,-0.334329
65,-1.72175,-1.24296,0.582212
65,-1.14404,-1.39951,-0.174831
65,-1.17528,-1.39474,-0.131734
65,-1.17826,-1.39725,-0.130217
65,-1.1425,-1.37263,-0.249087
65,-1.79792,-1.26397,0.715507
65,-0.921377,-1.4828,-0.449066
65,-1.7321,-1.16246,0.396537
65,-1.63005,-1.36556,0.582197
65,-1.53664,-0.988811,-0.271215
65,-1.19853,-1.39534,-0.135623
65,-0.984245,-1.51541,-0.304808
65,-1.21529,-1.39021,-0.143667
65,-1.68659,-1.23037,0.400694
65,-1.89812,-1.27173,0.829432
65,-1.74928,-1.2449,0.473702
65,-1.71613,-1.23822,0.401374
65,-1.83428,-1.26612,0.648456
65,-1.75048,-1.24512,0.441627
65,-1.76145,-1.24806,0.460269
65,-2.20523,-1.16124,1.066
65,-1.75356,-1.25026,0.3955
65,-1.1319,-1.53206,-0.212264
65,-1.20227,-1.49808,-0.172585
65,-1.21185,-1.50358,-0.174307
65,-1.19943,-1.51114,-0.191367
65,-1.23369,-1.51467,-0.177952
65,-1.94694,-1.28611,0.67249
65,-1.84589,-1.23705,0.381101
65,-2.00772,-1.475,1.08125
65,-1.26283,-1.52151,-0.167348
65,-1.55392,-1.19279,-0.29817
65,0.709953,-3.4832,-0.157351
65,-1.57402,-1.18476,-0.296356
65,-1.6953,-1.05467,-0.330608
65,-1.23925,-1.59605,-0.227932
65,-1.99764,-1.34542,0.578613
65,-2.0373,-1.36178,0.5637
65,0.656826,-3.52022,-0.320421
65,-1.56618,-1.47548,-0.172239
65,-2.07854,-1.37871,0.560758
65,-1.77073,-1.13428,-0.438197
65,-2.13662,-1.00428,-0.310403
65,-1.93677,-1.23241,-0.269285
65,0.618332,-3.73006,-0.378767
65,0.112866,-3.64503,0.266275
65,-2.20501,-1.03016,-0.473506
65,-2.59206,-0.987062,0.0767252
65,-2.69475,-1.02789,0.211635
65,-2.71289,-1.02522,0.0926209
65,-2.65887,-1.76688,1.23314
65,-3.59583,-0.765022,0.873567
65,-0.120438,-3.87634,0.203472
65,-0.164303,-3.90493,0.14182
65,-0.198497,-3.90571,0.179052
65,-0.193812,-3.91005,0.172887
65,-2.9348,-1.8662,1.26918
65,-0.187787,-4.0157,0.161004
65,-0.196037,-3.99447,0.124542
65,-0.22908,-3.98836,0.163897
65,0.0302688,-4.3512,0.116388
65,0.0290362,-4.35362,0.121188
65,0.250875,-4.62472,0.0846789
65,-1.6977,-2.30233,-0.679892
65,-0.894068,-4.05513,0.913192
65,0.210745,-4.54913,-0.191695
65,-2.02809,-2.77848,0.466385
65,-1.8607,-2.80675,0.184947
65,0.258253,-4.84985,0.128187
65,-2.01556,-2.79701,0.411356
65,-2.02129,-2.75012,0.32377
65,-1.87769,-2.80891,0.170583
65,-2.05928,-2.81121,0.490215
65,-1.91981,-2.75696,0.135327
65,-1.92108,-2.75744,0.129722
65,-1.99022,-2.68497,0.117198
65,-2.15674,-2.92822,0.846284
65,-2.15826,-2.9294,0.844632
65,-1.89046,-2.81465,0.157988
65,0.138366,-4.62786,-0.15463
65,0.208111,-4.82287,0.0553206
65,0.234261,-4.88361,0.111805
65,-3.89951,-1.26066,0.857305
65,-2.18791,-2.94665,0.878961
65,0.242791,-4.91267,0.12716
65,-1.94931,-2.78872,0.140811
65,-2.20723,-2.95852,0.907701
65,-2.20116,-2.94783,0.873024
65,-2.20357,-2.96219,0.885918
65,-2.18679,-2.95947,0.847353
65,-0.171877,-4.33216,-0.250637
65,-1.92739,-2.83051,0.136674
65,-0.197111,-4.37886,-0.145793
65,-2.09068,-2.79885,0.317236
65,-1.97654,-2.80737,0.120944
65,-0.203616,-4.40941,-0.154052
65,-0.173231,-4.44355,-0.153689
65,-0.196984,-4.43281,-0.141416
65,-3.82971,-1.34551,0.698164
65,-0.192772,-4.39712,-0.252595
65,-0.348019,-4.40687,0.03788
65,-2.07075,-2.77202,0.1047
65,0.191765,-4.97695,0.0815693
65,-0.0615977,-4.72575,0.0638602
65,0.0624167,-4.70777,-0.19063
65,0.00154948,-4.80928,0.0910923
65,-4.04014,-1.29994,0.870291
65,-4.19673,-1.11939,0.808071
65,-4.04263,-1.26294,0.785281
65,-2.22358,-2.87428,0.479945
65,-0.206507,-4.43468,-0.282168
65,-2.09851,-2.80494,0.0964588
65,-0.205335,-4.52251,-0.156915
65,0.175425,-5.02497,0.0756814
65,-2.02635,-3.17711,0.620192
65,0.0830749,-4.79027,-0.198963
65,-2.09291,-2.53014,-0.483607
65,-2.1082,-2.54102,-0.477005
65,0.0381899,-4.78787,-0.208949
65,-4.31005,-1.12172,0.836836
65,-2.20298,-2.90926,0.325586
65,0.0573092,-4.86738,-0.222174
65,-0.61114,-4.57286,0.421376
65,-1.07947,-4.40802,0.928164
65,-4.19227,-1.29512,0.795012
65,-0.0187424,-4.85356,-0.18262
65,-0.637738,-4.59549,0.426204
65,0.104323,-4.78272,-0.593765
65,0.0820256,-4.98315,-0.219512
65,-1.62785,-3.53948,0.157885
65,0.134688,-5.21627,0.0524039
65,-0.318703,-4.61836,-0.302927
65,0.0809755,-4.84034,-0.610011
65,-0.083209,-5.04386,0.037829
65,-0.113516,-4.87429,-0.223715
65,-0.238721,-4.76998,-0.19772
65,-0.760381,-4.66128,0.522452
65,-1.64183,-3.60845,0.167705
65,-1.02963,-4.37253,0.469171
65,-0.127726,-5.0237,0.0330358
65,-0.139967,-4.88472,-0.235912
65,-2.41683,-2.81448,0.0214565
65,-1.66597,-3.62419,0.15577
65,-0.390038,-4.65814,-0.258988
65,-0.132558,-4.93743,-0.240364
65,-0.38006,-4.69259,-0.252433
65,0.0890436,-4.9428,-0.632383
65,-0.389224,-4.7029,-0.254808
65,-1.02546,-4.49059,0.476618
65,-0.41352,-4.6869,-0.261163
65,0.0717834,-4.96792,-0.635894
65,-2.44105,-2.86787,0.00600392
65,-0.41232,-4.7034,-0.261374
65,-0.247958,-4.89583,-0.207107
65,0.0932525,-4.99558,-0.644341
65,0.0447648,-5.18402,-0.255176
65,-0.805094,-4.77428,0.506411
65,-0.743118,-4.8124,0.44725
65,-0.403241,-4.7506,-0.269219
65,-1.08472,-4.48596,0.459744
65,0.0356669,-5.37394,0.0825537
65,-1.13169,-4.46224,0.496928
65,-1.15736,-4.47508,0.49713
65,-0.438229,-4.7668,-0.269435
65,-1.73775,-3.73733,0.146421
65,-0.934866,-4.7946,0.628339
65,-0.286164,-5.08203,-0.0537655
65,-0.847589,-4.36165,-0.367609
65,-0.833084,-4.3576,-0.407483
65,-0.924517,-4.81974,0.552827
65,-0.782334,-4.89623,0.436219
65,-0.00484455,-5.41883,0.00168407
65,-0.97872,-4.73813,0.493218
65,-0.848381,-4.87899,0.516859
65,-0.857285,-4.36165,-0.432175
65,-1.1273,-4.82485,0.834386
65,-0.845847,-4.41566,-0.420545
65,-1.11878,-4.83961,0.83339
65,-0.892836,-4.38025,-0.426343
65,-0.96884,-4.85986,0.577605
65,-0.96426,-4.86831,0.566618
65,-1.10777,-4.6784,0.466886
65,-0.862921,-4.44968,-0.391562
65,-0.567158,-4.80219,-0.283031
65,-0.35101,-4.79045,-0.696436
65,-0.528465,-4.82199,-0.333624
65,-0.212137,-5.19098,-0.266923
65,-1.13054,-4.87131,0.783015
65,-0.887291,-4.43856,-0.43795
65,-0.813393,-4.9526,0.360916
65,-1.13702,-4.90448,0.848033
65,-0.968509,-4.91751,0.549834
65,-0.467897,-4.71532,-0.719326
65,-1.82937,-3.86096,0.135955
65,-1.1117,-4.83951,0.637453
65,-1.07786,-4.98305,0.827384
65,-0.999337,-4.97175,0.656988
65,-1.1363,-4.90203,0.772478
65,0.00959969,-5.60348,0.00497383
65,-0.918102,-4.4553,-0.444124
65,-0.567468,-4.86189,-0.343584
65,-0.377056,-5.02059,-0.397498
65,-0.874688,-4.41082,-0.661152
65,-1.14994,-4.93554,0.777316
65,-1.17321,-4.95508,0.832088
65,-1.3541,-4.72651,0.735614
65,-1.01988,-5.01122,0.644261
65,-0.622145,-4.78975,-0.478273
65,-0.479826,-4.79215,-0.72906
65,-1.38563,-4.71935,0.741519
65,-1.16702,-4.95053,0.766296
65,-1.02299,-5.03755,0.648978
65,-0.580697,-4.91453,-0.363225
65,-1.10518,-4.99942,0.684009
65,-0.918999,-5.01589,0.379784
65,-1.10889,-5.00473,0.690799
65,-0.925058,-5.02818,0.393965
65,-1.16428,-4.97885,0.729005
65,-2.32666,-3.83476,0.70198
65,-0.664403,-4.81055,-0.482228
65,-0.419547,-4.92062,-0.720654
65,-1.11047,-5.01279,0.673348
65,-1.13315,-5.01414,0.715857
65,-1.13594,-4.99403,0.669606
65,-0.834954,-4.68179,-0.435787
65,-1.13544,-5.01433,0.69936
65,-1.48917,-4.59025,0.53598
65,-1.50698,-4.62809,0.634851
65,-0.0491564,-5.73024,0.0335545
65,-1.38373,-4.82244,0.752177
65,-1.39971,-4.80108,0.739862
65,-0.977921,-4.43653,-0.67589
65,-1.18083,-5.04004,0.780966
65,-0.978643,-4.42453,-0.702066
65,-1.39143,-4.81818,0.741144
65,-1.13715,-5.02893,0.671606
65,-0.499873,-4.89151,-0.734303
65,-1.11051,-5.084,0.698271
65,-1.40741,-4.82476,0.745782
65,-0.368172,-5.32369,-0.204239
65,-1.15594,-5.05472,0.701465
65,-1.16131,-5.04075,0.665383
65,-1.97436,-3.93993,0.10102
65,-0.977216,-4.4636,-0.721001
65,-1.06638,-5.13212,0.648015
65,-0.0489795,-5.78185,0.0202703
65,-1.09843,-5.01047,0.47483
65,-0.685067,-4.88376,-0.509297
65,-1.18647,-5.01139,0.603665
65,-0.693753,-4.89591,-0.499581
65,-0.0689634,-5.76387,-0.052225
65,-0.983832,-4.50032,-0.735964
65,-0.652048,-5.0503,-0.365386
65,-1.60875,-4.74339,0.773582
65,-1.22185,-5.03777,0.60448
65,-1.60549,-4.75708,0.773747
65,-1.00165,-4.51818,-0.76028
65,-0.881909,-4.8134,-0.460514
65,-0.702013,-5.02855,-0.392646
65,-1.10301,-5.22364,0.654271
65,-0.787172,-4.97029,-0.378225
65,-0.700727,-4.98065,-0.524392
65,-1.02787,-4.54571,-0.736043
65,-1.56059,-4.66939,0.427623
65,-1.14245,-5.12061,0.490789
65,-1.72496,-4.80278,0.934513
65,-0.791882,-4.9879,-0.39684
65,-1.56551,-4.68698,0.428577
65,-1.638,-4.80404,0.769727
65,-1.62104,-4.72648,0.579548
65,-1.13532,-5.23619,0.643293
65,-1.62155,-4.72803,0.556475
65,-1.01751,-5.22582,0.385429
65,-1.64259,-4.82934,0.771298
65,-2.30982,-3.77918,0.0439973
65,-0.70049,-5.04459,-0.53064
65,-0.726715,-5.02106,-0.534964
65,-1.44717,-5.02874,0.753568
65,-1.4654,-4.20172,-0.72221
65,-1.63269,-4.74759,0.553706
65,-1.45099,-5.03652,0.750577
65,-1.6106,-4.75468,0.520055
65,-1.4532,-4.2282,-0.721591
65,-2.37694,-3.76495,0.0703842
65,-1.63266,-4.77144,0.575134
65,-0.715988,-5.05825,-0.532103
65,-1.05204,-4.60467,-0.778953
65,-1.47593,-5.04199,0.752271
65,-0.705484,-5.0926,-0.534229
65,-1.64989,-4.79197,0.588227
65,-2.41817,-3.74351,0.0399184
65,-1.72995,-4.8818,0.863453
65,-1.46456,-5.0803,0.750236
65,-2.34624,-3.85436,0.0431119
65,-1.72738,-4.86182,0.768174
65,-1.69251,-4.7977,0.55576
65,-1.7055,-4.80878,0.57922
65,-0.72487,-5.15767,-0.558727
65,-1.69682,-4.8267,0.562091
65,-1.50199,-5.14351,0.749009
65,-0.463695,-5.60159,-0.271504
65,-0.466059,-5.68904,-0.121321
65,-1.79643,-4.94228,0.880771
65,-2.433,-3.86195,0.0397247
65,-2.72338,-3.94166,0.68049
65,-1.72294,-4.85984,0.540335
65,-2.33814,-4.19304,0.411688
65,-2.42643,-4.27006,0.708511
65,-2.43874,-4.29701,0.714514
65,-2.48706,-3.87258,0.0118384
65,-1.73047,-4.94428,0.606061
65,-1.82181,-5.03972,0.93321
65,-1.56261,-5.19994,0.748422
65,-5.43916,-1.52829,0.95579
65,-2.48054,-3.90911,0.0206805
65,-1.53197,-5.24024,0.750322
65,-1.68416,-4.90836,0.412802
65,-2.51385,-3.90513,-0.000656664
65,-1.82231,-5.08634,0.859108
65,-2.43515,-4.05261,0.0330068
65,-2.48496,-4.38128,0.717688
65,-1.81995,-5.14909,0.918614
65,-2.52933,-3.97846,0.0117763
65,-0.520914,-5.90217,-0.151298
65,-1.60022,-5.34796,0.75441
65,-1.87825,-5.16096,0.875336
65,-1.89782,-5.17874,0.872807
65,-1.7495,-5.08056,0.421587
65,-1.68475,-5.49871,0.988224
65,-1.86322,-5.24242,0.83691
65,-1.92714,-5.25127,0.945843
65,-5.81645,-1.46877,0.978466
65,-2.76622,-4.30928,0.706736
65,-1.79114,-5.10518,0.401115
65,-1.97409,-5.22924,0.950451
65,-2.53963,-4.17716,0.033999
65,-1.77241,-5.13237,0.404052
65,-0.773267,-5.36349,-0.960533
65,-1.89894,-5.30671,0.9264
65,-2.35236,-4.40155,0.0342289
65,-1.27329,-5.64634,0.377506
65,-0.722953,-5.45896,-1.07416
65,-5.99649,-1.49845,1.08484
65,-3.00486,-4.19427,0.659691
65,-2.0154,-5.398,0.962362
65,-1.3999,-5.70093,0.412658
65,-1.77456,-5.65932,0.976928
65,-0.802657,-5.52427,-1.11872
65,-2.59069,-4.49018,0.161574
65,-2.65085,-4.38168,0.00896448
65,-1.90924,-5.26842,0.277668
65,-1.7946,-5.008,-0.415315
65,-2.63456,-4.41726,-0.0259314
65,-1.81559,-5.04397,-0.415787
65,-1.93873,-5.30773,0.274686
65,-2.10517,-5.53677,0.981643
65,-1.49991,-5.78096,0.339695
65,-2.67992,-4.4845,-0.0135434
65,-1.48413,-5.89335,0.394368
65,-0.812006,-5.71416,-1.13818
65,-1.52298,-5.85004,0.341099
65,-1.90153,-5.06182,-0.446793
65,-1.91643,-5.04436,-0.489783
65,-1.93219,-5.0539,-0.481932
65,-1.52168,-5.91898,0.332765
65,-1.948,-5.11034,-0.461756
65,-1.98542,-5.05858,-0.489595
65,-1.94409,-5.13923,-0.46147
65,-1.56368,-6.02001,0.323867
65,-2.04493,-5.60415,0.211387
65,-2.85075,-4.84061,0.0424696
65,-2.37524,-5.28833,-0.00537813
65,-2.39478,-5.28877,0.0039528
65,-2.39453,-5.31296,-0.012369
65,-1.21703,-0.887584,0.122805
64,-1.21703,-0.887584,0.122805
65,-1.4386,-1.14975,0.590652
64,-1.4386,-1.14975,0.590652
65,-1.22321,-1.16607,0.44914
64,-1.22321,-1.16607,0.44914
65,-1.56163,-1.05994,0.616764
64,-1.56163,-1.05994,0.616764
65,-1.41785,-0.979071,0.668642
64,-1.41785,-0.979071,0.668642
65,-1.58213,-1.77539,-0.301928
64,-1.58213,-1.77539,-0.301928
65,-1.10099,-0.867261,-0.0617527
64,-1.10099,-0.867261,-0.0617527
65,-2.44714,-0.604609,0.114275
64,-2.44714,-0.604609,0.114275
65,-0.351367,-0.10514,0.750719
64,-0.351367,-0.10514,0.750719
65,-1.19212,-1.5539,-0.191473
64,-1.19212,-1.5539,-0.191473
65,-2.79259,-0.800419,0.619755
64,-2.79259,-0.800419,0.619755
65,-1.89517,-5.18776,-0.437296
64,-1.89517,-5.18776,-0.437296
65,-1.84659,-2.58259,0.368338
63,-1.84659,-2.58259,0.368338
65,-2.23631,-0.561435,0.730738
63,-2.23631,-0.561435,0.730738
65,-2.36662,-0.52489,0.596884
63,-2.36662,-0.52489,0.596884
65,-1.98207,-2.75265,0.152359
63,-1.98207,-2.75265,0.152359
66,1.29541,-0.973924,-0.135584
66,1.29362,-0.973616,-0.141862
66,1.31011,-1.00033,-0.151189
66,1.31405,-0.999033,-0.167575
66,1.31442,-1.00076,-0.172102
66,1.34951,-1.02452,-0.180054
66,1.34845,-1.04575,-0.16368
66,1.3489,-1.0478,-0.168023
66,1.36153,-1.07229,-0.137914
66,1.35751,-1.07618,-0.141391
66,1.35047,-1.07582,-0.149884
66,1.35604,-1.07702,-0.15581
66,1.35351,-1.07909,-0.160061
66,1.38639,-1.10356,-0.146882
66,1.37809,-1.10778,-0.161369
66,1.41084,-1.12448,-0.154581
66,1.41344,-1.12604,-0.154034
66,1.41126,-1.12616,-0.155918
66,1.4145,-1.1343,-0.164097
66,1.40342,-1.11139,-0.225014
66,1.43401,-1.19053,-0.112403
66,1.43739,-1.19513,-0.114306
66,1.43703,-1.19591,-0.117226
66,1.43439,-1.1936,-0.122077
66,1.43652,-1.19738,-0.114725
66,1.43857,-1.202,-0.113156
66,0.113965,-1.11464,0.731607
66,1.48836,-1.37517,0.0311579
66,1.48912,-1.38605,0.0302639
66,1.49331,-1.39156,0.0246775
66,1.4894,-1.39344,0.0252259
66,1.53701,-1.39572,-0.0114207
66,1.49125,-1.41434,0.0167814
66,1.48713,-1.4179,0.0123163
66,1.72988,-1.96043,-0.686297
66,1.7532,-2.03622,-0.744103
66,2.16276,-2.94574,-0.190605
66,2.1675,-2.99206,-0.200961
66,2.16614,-3.02598,-0.147248
66,2.17072,-3.03502,-0.159897
66,2.18994,-3.03787,-0.190128
66,2.16135,-3.06688,-0.16437
66,2.18753,-3.05316,-0.22676
66,1.55668,-2.82848,-0.366035
66,2.13815,-3.10857,-0.454149
66,1.52083,-3.01341,-0.212789
66,1.52374,-3.04934,-0.221854
66,1.49755,-3.04178,-0.223592
66,1.49909,-3.08939,-0.24456
66,0.908704,-2.91463,-0.271054
66,-1.6656,-2.58563,1.02836
66,2.02101,-3.17489,-0.670223
66,1.09831,-3.02159,-0.294911
66,2.24956,-3.81963,0.813589
66,-1.73782,-2.65002,1.04146
66,2.10281,-3.29581,-0.73007
66,1.24084,-3.23372,-0.15874
66,1.2277,-3.2319,-0.170043
66,-1.72856,-2.6012,0.742908
66,1.70987,-3.35726,-0.31068
66,1.68902,-3.3589,-0.291994
66,1.68462,-3.3618,-0.284829
66,2.27273,-3.95421,0.814189
66,1.23616,-3.27408,-0.172074
66,1.20804,-3.26312,-0.17979
66,1.214,-3.27377,-0.178325
66,1.21381,-3.27806,-0.178002
66,1.69311,-3.40174,-0.293866
66,1.094,-3.17121,-0.395117
66,1.69466,-3.41213,-0.298607
66,1.04199,-3.25542,-0.201487
66,-1.81643,-2.71436,0.829223
66,1.17208,-3.31836,-0.191785
66,-1.82809,-2.71539,0.81712
66,1.15161,-3.32722,-0.179635
66,-1.87767,-2.75435,0.91558
66,1.03292,-3.32071,-0.154794
66,1.2573,-3.38779,-0.200505
66,0.917892,-3.32521,-0.0710033
66,1.01393,-3.30609,-0.225024
66,2.34576,-4.10529,0.776716
66,1.72478,-3.51142,-0.312739
66,-1.91003,-2.76062,0.859235
66,1.28184,-3.42002,-0.210736
66,-1.81673,-2.75004,0.653983
66,0.982393,-3.36827,-0.167811
66,-1.9389,-2.80979,0.911337
66,1.00716,-3.38254,-0.160996
66,1.70516,-3.55719,-0.32372
66,1.06992,-3.30876,-0.441892
66,1.74699,-3.56864,-0.340637
66,0.950468,-3.35977,-0.221472
66,1.7445,-3.57591,-0.341169
66,0.949744,-3.36581,-0.216043
66,0.913839,-3.36139,-0.224767
66,-1.89182,-2.67889,0.401658
66,2.35299,-4.18232,0.718559
66,1.73818,-3.62329,-0.33369
66,0.903546,-3.38925,-0.232857
66,-1.87651,-2.71328,0.394362
66,-1.89111,-2.74382,0.467554
66,-1.91196,-2.74414,0.467253
66,2.3476,-4.26498,0.82227
66,0.777292,-3.41385,-0.131812
66,-1.91645,-2.72566,0.374721
66,-1.91204,-2.83038,0.657638
66,0.801668,-3.43096,-0.129433
66,-1.94048,-2.74367,0.436514
66,2.08003,-3.64719,-0.705698
66,-1.92816,-2.76986,0.477521
66,0.761115,-3.4268,-0.151376
66,1.75582,-3.68492,-0.356731
66,-1.95438,-2.77934,0.45943
66,1.85812,-3.75216,-0.302607
66,1.84976,-3.76459,-0.29844
66,0.805761,-3.51063,-0.0813814
66,2.15277,-3.71967,-0.726172
66,0.741752,-3.47055,-0.159614
66,1.77751,-3.73803,-0.374429
66,1.86211,-3.78974,-0.312629
66,-1.74487,-2.98167,0.687809
66,1.84991,-3.79076,-0.318935
66,1.83181,-3.78653,-0.319274
66,1.16137,-3.60465,-0.224453
66,0.799026,-3.53603,-0.0949591
66,-2.09301,-2.79929,0.452098
66,-1.79983,-2.45799,-0.752998
66,1.84141,-3.81093,-0.317156
66,2.15425,-3.75559,-0.755322
66,0.805328,-3.57707,-0.0762751
66,0.724774,-3.55181,-0.175884
66,1.84989,-3.86645,-0.331701
66,0.870538,-3.62896,-0.136906
66,2.2101,-3.82852,-0.793252
66,0.868467,-3.63073,-0.14261
66,0.714253,-3.58442,-0.188056
66,0.877161,-3.6921,-0.147299
66,0.172909,-3.64612,0.267789
66,0.650878,-3.61714,-0.341072
66,-1.4503,-3.36417,0.750593
66,2.03086,-3.94459,-0.818093
66,1.76327,-4.29399,0.320221
66,-2.07729,-3.23531,0.83665
66,0.7264,-3.79326,-0.178976
66,-0.452921,-3.78124,0.841809
66,1.7108,-4.32994,0.381232
66,-0.456714,-3.81063,0.850799
66,1.73277,-4.35808,0.32041
66,1.69433,-4.37325,0.366051
66,1.70343,-4.3771,0.368305
66,0.632903,-3.76886,-0.381293
66,1.70119,-4.40031,0.380909
66,1.78077,-4.41304,0.340769
66,1.7211,-4.3871,0.315719
66,1.75862,-4.41171,0.301692
66,1.77688,-4.4207,0.291936
66,1.7986,-4.46628,0.339734
66,1.76642,-4.44336,0.29209
66,1.813,-4.48067,0.342376
66,1.69589,-4.44132,0.312619
66,1.74964,-4.44786,0.276667
66,1.78792,-4.49035,0.332395
66,2.08491,-4.72243,0.6716
66,0.598042,-3.84999,-0.398229
66,2.10069,-4.77361,0.68014
66,1.7253,-4.55047,0.353168
66,1.78763,-4.58521,0.295764
66,2.75814,-4.4796,-0.877067
66,0.6039,-3.94443,-0.442305
66,0.06107,-4.00778,0.201689
66,-0.151547,-3.93975,0.184642
66,2.12096,-4.86516,0.671041
66,-2.74458,-2.77578,-0.735811
66,-2.77988,-2.75861,-0.77011
66,2.10878,-4.87974,0.662628
66,0.0122706,-4.03766,0.214014
66,2.11343,-4.86765,0.568753
66,1.703,-4.65814,0.347957
66,-2.73189,-2.8354,-0.695301
66,-1.58011,-3.52295,0.155324
66,-1.5721,-3.53659,0.158243
66,1.24632,-4.28505,-0.381369
66,2.11119,-4.92958,0.57245
66,1.23504,-4.21985,-0.624037
66,2.14615,-4.99328,0.655262
66,1.24786,-4.32765,-0.387232
66,-0.71558,-4.16534,0.923559
66,-0.545379,-4.1979,0.839273
66,1.71861,-4.73822,0.280276
66,1.25458,-4.35015,-0.373952
66,1.31585,-4.2451,-0.792418
66,2.12258,-5.0067,0.564675
66,1.2524,-4.29933,-0.646961
66,-0.203905,-4.11856,0.147283
66,-0.209619,-4.10566,0.112114
66,-0.206982,-4.11186,0.115882
66,-0.608377,-4.26494,0.872831
66,-0.276869,-4.13189,0.136421
66,-0.242096,-4.16904,0.107556
66,1.24468,-4.49629,-0.400619
66,-0.247709,-4.20349,0.0926757
66,-0.715675,-4.37079,0.878862
66,-0.0743947,-4.34238,0.175385
66,-3.1321,-3.05958,-0.71956
66,-0.275331,-4.31598,0.0733967
66,0.0191574,-4.43119,0.113587
66,-0.772607,-4.53597,0.895913
66,1.21611,-4.7481,-0.466156
66,0.61344,-4.80076,0.205715
66,-3.35456,-3.14544,-0.79815
66,1.74718,-5.22139,0.304536
66,-0.814167,-4.60156,0.889493
66,0.0548576,-4.60118,0.095275
66,-0.847249,-4.59922,0.899876
66,-0.190892,-4.44074,-0.15971
66,0.0357753,-4.61588,0.0905001
66,0.0253863,-4.61708,0.0803107
66,-0.857285,-4.62358,0.880894
66,0.566229,-4.8475,0.200113
66,0.0476254,-4.64497,0.0858017
66,-1.04004,-4.28012,0.0518123
66,0.622349,-4.89388,0.193847
66,0.0978664,-4.5905,-0.192024
66,0.0976526,-4.59922,-0.185232
66,-0.215135,-4.5145,-0.173652
66,-2.50096,-3.85085,0.0484552
66,-0.0173981,-4.68788,0.0682963
66,-0.250625,-4.52186,-0.187176
66,0.0962553,-4.63518,-0.191603
66,-0.873272,-4.71699,0.901052
66,0.099157,-4.64787,-0.187621
66,0.598297,-4.96281,0.186656
66,-2.44703,-3.91063,0.0136696
66,-0.395967,-4.60294,0.0262875
66,0.607159,-4.98786,0.181508
66,0.193371,-4.70763,-0.219664
66,-0.137198,-4.66139,-0.0844731
66,0.188994,-4.72636,-0.21883
66,-1.06307,-4.70162,0.816566
66,-2.48858,-3.96935,0.0398988
66,0.582045,-5.03382,0.190852
66,0.253098,-4.90834,0.113653
66,-2.60023,-3.96145,0.0369849
66,0.245244,-4.93551,0.112568
66,0.107129,-4.78007,-0.200908
66,-1.43038,-4.55314,0.535722
66,1.75742,-5.49267,0.241615
66,-0.942781,-4.85646,0.902853
66,0.59591,-4.72362,-0.852303
66,0.172765,-4.81383,-0.23152
66,-0.0763887,-4.74774,-0.204434
66,-0.272503,-4.5478,-0.620836
66,-1.55768,-4.6672,0.858894
66,-0.350692,-4.54614,-0.58775
66,-0.0816977,-4.77611,-0.212198
66,0.107971,-4.84276,-0.211662
66,0.606017,-5.16417,0.157132
66,0.203821,-5.00912,0.0905095
66,-2.48182,-4.33141,0.616948
66,1.78818,-5.60034,0.272291
66,-3.10942,-4.17348,0.739816
66,-0.395323,-4.56084,-0.663618
66,-0.0865093,-4.82537,-0.220944
66,0.551184,-5.17028,0.155143
66,0.573318,-5.19638,0.17989
66,-0.587489,-4.58636,-0.458192
66,-2.55859,-4.41198,0.808434
66,1.79055,-5.64287,0.281938
66,-1.37429,-4.78071,0.729714
66,-1.07234,-4.92399,0.852783
66,-1.3775,-4.78804,0.740185
66,0.145496,-4.80116,-0.594966
66,-1.48438,-4.64383,0.428034
66,-1.34002,-4.80974,0.74874
66,-1.0765,-4.92725,0.832701
66,-1.03007,-4.93801,0.817413
66,-1.03602,-4.94247,0.810426
66,-0.321697,-4.65138,-0.647385
66,-1.65182,-4.76031,0.846727
66,1.77182,-5.64572,0.197185
66,0.195469,-4.89351,-0.463623
66,-1.16214,-4.80148,0.440587
66,-1.10764,-4.9502,0.788665
66,-0.606041,-4.66349,-0.453764
66,-1.21634,-4.79061,0.434199
66,-1.03306,-4.9904,0.811402
66,0.166953,-5.11869,0.0772456
66,-1.14299,-4.95019,0.789082
66,0.196792,-4.93017,-0.480705
66,0.0764589,-5.08177,0.0383701
66,-0.344127,-4.71923,-0.597325
66,0.605402,-5.2987,0.143982
66,-0.965472,-4.95232,0.600909
66,-1.15061,-4.98386,0.845244
66,0.139853,-4.88093,-0.605238
66,-2.95286,-4.33673,0.666064
66,-2.93326,-4.3333,0.632883
66,-0.604948,-4.68905,-0.482114
66,0.10744,-4.87267,-0.618754
66,-0.98495,-4.93886,0.544429
66,-1.34424,-4.90033,0.749687
66,0.10369,-5.01963,-0.233761
66,-1.06971,-5.00854,0.739289
66,-0.238139,-4.97284,-0.142524
66,0.566665,-5.34157,0.138813
66,-1.17923,-4.94946,0.601194
66,-1.08184,-5.03325,0.728935
66,-1.7706,-4.87102,0.862094
66,-0.782451,-5.03273,0.40715
66,-1.22374,-5.0546,0.820574
66,-0.644351,-4.77181,-0.483964
66,-1.08946,-5.09527,0.744513
66,-1.20754,-5.06438,0.762565
66,-1.16146,-5.04711,0.667084
66,-0.986652,-4.68756,-0.487644
66,0.116252,-4.99588,-0.640982
66,-0.851219,-5.0538,0.363861
66,-1.18869,-5.0323,0.5999
66,-1.19574,-5.03766,0.613412
66,-1.10019,-5.1188,0.747946
66,0.115304,-5.01044,-0.647026
66,1.77719,-5.87469,0.177357
66,-1.78956,-4.99715,0.930901
66,0.0885651,-5.28806,0.0424575
66,-1.12689,-5.15955,0.756737
66,1.77248,-5.93788,0.253283
66,-1.13968,-5.16266,0.732466
66,-1.85247,-5.00543,0.924193
66,-0.883964,-5.14789,0.420603
66,1.76134,-5.95889,0.251556
66,-0.590259,-4.89939,-0.587484
66,1.7571,-5.94126,0.171116
66,0.0714231,-5.36014,0.0751927
66,0.0618387,-5.36516,0.0688691
66,1.77558,-5.99776,0.265344
66,-1.30194,-5.05583,0.421206
66,1.76808,-5.94964,0.088082
66,-1.23969,-5.16212,0.596364
66,-3.14435,-4.56309,0.638609
66,-1.01655,-5.15414,0.351165
66,0.0276529,-5.37021,0.00341755
66,-1.13354,-5.27081,0.746534
66,1.76401,-6.03528,0.239663
66,0.0560389,-5.40263,0.0191517
66,-0.664653,-5.03938,-0.347328
66,1.783,-6.09592,0.241271
66,0.0137614,-5.4307,-0.00700706
66,-0.674234,-5.02555,-0.524693
66,-1.69287,-5.41743,1.44274
66,0.00985575,-5.44782,-0.0110546
66,1.7864,-6.14149,0.24203
66,-1.03724,-5.29078,0.354665
66,1.80619,-6.13414,0.0806299
66,-0.588563,-5.01625,-0.941276
66,-0.668992,-5.08548,-0.991924
66,-3.70552,-4.69051,0.630266
66,-2.94589,-4.70188,-0.0391512
66,1.7049,-6.30043,0.0375013
66,1.67993,-6.32331,0.0457048
66,-1.28375,-5.51682,0.38987
66,-1.34336,-5.55522,0.410038
66,3.31343,-7.04667,0.224301
66,1.68922,-6.47679,0.0143141
66,-3.10082,-4.89017,-0.0962703
66,-2.33661,-5.17545,-0.0035181
66,1.68154,-6.51892,0.0370156
66,-3.17373,-4.97863,-0.0934354
66,-2.53256,-5.45827,-0.0343167
66,-3.29684,-5.20888,-0.113088
66,-3.30885,-5.27402,-0.0649969
66,-3.34342,-5.29399,-0.125086
66,-2.24939,-6.34721,1.68312
66,-3.40998,-5.43391,-0.0747993
66,-1.66808,-3.16591,0.162776
65,-1.66808,-3.16591,0.162776
66,-1.8534,-3.01756,0.830429
65,-1.8534,-3.01756,0.830429
66,-1.57715,-3.751,0.169155
65,-1.57715,-3.751,0.169155
66,-1.19294,-4.0453,0.357418
65,-1.19294,-4.0453,0.357418
66,-1.38797,-3.49953,0.223798
65,-1.38797,-3.49953,0.223798
66,-1.45063,-3.44064,0.203512
65,-1.45063,-3.44064,0.203512
66,-1.25612,-3.31229,0.241977
65,-1.25612,-3.31229,0.241977
66,-1.45424,-3.44563,0.205383
65,-1.45424,-3.44563,0.205383
67,1.40044,-0.404204,0.495394
67,1.42688,-1.10293,-0.149066
67,1.42531,-1.09855,-0.163056
67,1.42531,-1.10315,-0.150748
67,1.42906,-1.10595,-0.145241
67,1.42899,-1.10625,-0.14693
67,1.43069,-1.10639,-0.174186
67,1.43067,-1.12668,-0.120934
67,1.43229,-1.12872,-0.123518
67,1.44189,-1.12699,-0.127011
67,1.43653,-1.12854,-0.1258
67,1.4425,-1.12815,-0.128073
67,1.43848,-1.19606,0.0701323
67,1.4443,-1.14625,-0.0956703
67,1.45057,-1.15016,-0.0865943
67,1.51142,-1.26971,0.0547228
67,1.50829,-1.26991,0.0518951
67,1.50907,-1.27028,0.0530301
67,1.51258,-1.27556,0.051851
67,1.49448,-1.29331,0.0735748
67,1.50334,-1.30215,0.0697371
67,1.51268,-1.28033,-0.00880682
67,1.50888,-1.28117,-0.032649
67,0.766641,-1.6835,0.0895408
67,2.56836,-1.71555,-0.796494
67,2.56902,-1.72183,-0.801643
67,2.01941,-1.80612,-0.823557
67,2.04544,-1.81206,-0.803335
67,2.58702,-1.73177,-0.809252
67,2.02113,-1.81032,-0.8263
67,2.58215,-1.73684,-0.807795
67,2.03307,-1.81308,-0.828562
67,2.0525,-1.81677,-0.825837
67,2.05564,-1.82381,-0.837653
67,2.63544,-1.75542,-0.832782
67,2.64629,-1.77543,-0.859375
67,1.90881,-1.97186,-0.825144
67,1.92532,-1.97342,-0.814454
67,1.91143,-1.97249,-0.824725
67,1.91323,-1.97303,-0.823383
67,1.93405,-1.97839,-0.819401
67,1.91716,-1.98607,-0.836292
67,1.93833,-1.98807,-0.833353
67,1.9227,-1.9891,-0.837639
67,1.9444,-1.98866,-0.833253
67,1.93897,-1.99006,-0.837822
67,1.94825,-1.99952,-0.83975
67,2.61964,-1.92838,-0.81067
67,1.95135,-2.01214,-0.854757
67,2.63058,-1.93975,-0.808518
67,2.6869,-1.96213,-0.839326
67,1.8143,-2.12055,-0.804168
67,2.71085,-1.97519,-0.852866
67,2.6959,-1.98096,-0.849294
67,2.70387,-2.00578,-0.862406
67,2.72113,-1.99962,-0.879674
67,2.66833,-2.12519,-0.806174
67,2.67895,-2.12694,-0.819872
67,2.71701,-2.15218,-0.842603
67,2.73376,-2.16458,-0.845935
67,2.73512,-2.17206,-0.847442
67,2.67792,-2.27428,-0.786811
67,2.72759,-2.32819,-0.815997
67,2.75999,-2.33538,-0.832648
67,2.78196,-2.35893,-0.856659
67,2.78026,-2.36418,-0.845447
67,2.78571,-2.3869,-0.863056
67,2.81083,-2.39241,-0.871202
67,2.73368,-2.47577,-0.797581
67,2.71867,-2.52671,-0.70422
67,2.75948,-2.50621,-0.808013
67,2.79388,-2.51349,-0.815888
67,2.77629,-2.52628,-0.831548
67,2.78349,-2.53918,-0.829871
67,2.75274,-2.5849,-0.738122
67,2.83355,-2.57416,-0.856328
67,3.7108,-2.71324,-0.0881955
67,2.82444,-2.58994,-0.85751
67,2.84626,-2.58182,-0.872376
67,3.02582,-2.66328,-0.555992
67,3.74555,-2.71914,-0.0922505
67,2.58591,-2.85124,-0.253675
67,3.77853,-2.74696,-0.103868
67,2.86775,-2.6204,-0.880415
67,3.18421,-2.74518,-0.392038
67,2.87879,-2.63213,-0.895855
67,2.79013,-2.68444,-0.787089
67,2.65692,-2.86624,-0.326833
67,2.59256,-2.91125,-0.264996
67,2.64624,-2.86128,-0.463648
67,2.62882,-2.88178,-0.417733
67,3.57164,-2.82932,-0.18124
67,2.6284,-2.94694,-0.26941
67,2.6289,-2.89992,-0.423976
67,2.65251,-2.8882,-0.47585
67,3.60457,-2.84905,-0.193902
67,2.83117,-2.75364,-0.845466
67,3.24295,-2.81931,-0.476448
67,2.70517,-2.94433,-0.350521
67,3.77149,-2.83887,-0.22255
67,3.75208,-2.85775,-0.196134
67,2.63947,-2.98446,-0.300063
67,2.96603,-2.72353,-0.956655
67,3.79031,-2.84984,-0.231921
67,1.54951,-3.1764,-0.264522
67,2.64982,-2.96253,-0.450857
67,3.6591,-2.8988,-0.208125
67,2.88993,-2.78898,-0.871694
67,1.62682,-3.14928,-0.348402
67,2.23503,-3.10318,-0.245861
67,2.81665,-3.04159,-0.178816
67,1.63061,-3.16269,-0.356169
67,1.54782,-3.20935,-0.271357
67,3.77553,-2.90399,-0.225852
67,1.63291,-3.17346,-0.350036
67,3.81495,-2.89708,-0.240898
67,2.65827,-2.99625,-0.463466
67,2.84558,-3.06517,-0.189129
67,1.61914,-3.1885,-0.363368
67,2.22331,-3.13596,-0.260958
67,1.54085,-3.2297,-0.276702
67,3.6523,-3.07152,0.164117
67,2.25219,-3.13759,-0.25028
67,3.78812,-2.92622,-0.225386
67,2.24753,-3.13962,-0.257307
67,1.6331,-3.15183,-0.493035
67,3.71671,-2.93589,-0.240386
67,3.82036,-2.92028,-0.247017
67,1.70997,-3.22803,-0.246498
67,2.91625,-2.83589,-0.898706
67,1.69642,-3.23192,-0.246149
67,2.56909,-3.0868,-0.311791
67,3.72803,-2.9458,-0.231005
67,1.45842,-3.26221,-0.272989
67,1.70178,-3.23081,-0.268324
67,1.60691,-3.17092,-0.49701
67,1.59832,-3.19477,-0.438426
67,2.23927,-3.16415,-0.266746
67,2.65717,-3.08832,-0.325991
67,1.61087,-3.18302,-0.500544
67,1.5964,-3.19205,-0.481034
67,2.5807,-3.11481,-0.312294
67,2.94938,-2.86095,-0.916073
67,1.44554,-3.29331,-0.280865
67,1.60168,-3.21685,-0.448469
67,3.46561,-3.02117,-0.266016
67,2.24036,-3.23401,-0.200879
67,1.60366,-3.2449,-0.463235
67,2.89422,-3.14395,-0.207999
67,3.68999,-3.14409,0.132843
67,2.91352,-3.14454,-0.210076
67,2.70429,-3.13569,-0.331938
67,2.86536,-3.15253,-0.228184
67,3.48385,-3.05526,-0.26105
67,2.67549,-3.14615,-0.340448
67,2.87174,-3.16531,-0.228782
67,2.60418,-3.17022,-0.339684
67,2.54504,-3.18053,-0.345294
67,2.56639,-3.17876,-0.342401
67,3.74837,-3.17042,0.142928
67,2.28509,-3.25561,-0.24027
67,2.34257,-3.14279,-0.556574
67,2.30244,-3.24165,-0.283047
67,2.25048,-3.27317,-0.219532
67,3.51967,-2.89788,-0.794676
67,3.76436,-3.18032,0.140591
67,2.88109,-3.18377,-0.232122
67,3.72838,-3.18443,0.113049
67,2.61249,-3.18948,-0.357056
67,3.57659,-3.11736,-0.15904
67,3.50308,-3.08953,-0.274494
67,2.30184,-3.28112,-0.248664
67,2.24418,-3.30255,-0.218835
67,2.85742,-3.21428,-0.22122
67,1.41992,-3.39874,-0.309558
67,2.23953,-3.31254,-0.220879
67,2.55773,-3.22381,-0.3593
67,2.36119,-3.18731,-0.571557
67,1.93468,-3.17319,-0.801112
67,2.41044,-3.20245,-0.526612
67,3.62197,-3.16079,-0.171793
67,2.71712,-3.22651,-0.368167
67,3.69504,-3.15644,-0.16535
67,2.09121,-3.17605,-0.809828
67,2.42842,-3.22209,-0.535643
67,1.46897,-3.35976,-0.543279
67,1.92191,-3.21474,-0.786418
67,1.90424,-3.21341,-0.801479
67,1.11622,-3.47738,-0.361727
67,1.91751,-3.21754,-0.796783
67,3.644,-3.17822,-0.16847
67,1.11036,-3.48141,-0.360785
67,1.82938,-3.42614,-0.215278
67,3.63305,-3.18618,-0.165556
67,2.102,-3.20176,-0.797212
67,2.11489,-3.23539,-0.711322
67,3.55977,-3.00464,-0.774746
67,2.1107,-3.20733,-0.80089
67,2.71848,-3.26366,-0.369715
67,1.94732,-3.22262,-0.829811
67,3.05077,-3.14387,-0.589885
67,2.4224,-3.23935,-0.58212
67,0.992244,-3.44056,-0.614195
67,3.54353,-3.18017,-0.295529
67,3.00351,-3.15723,-0.599138
67,1.93483,-3.23839,-0.819908
67,3.48939,-3.01102,-0.828726
67,1.94098,-3.2378,-0.827096
67,2.39027,-3.24968,-0.597638
67,1.83593,-3.45778,-0.217814
67,1.50491,-3.34722,-0.692005
67,2.10238,-3.22079,-0.829446
67,2.39552,-3.25571,-0.607152
67,2.11408,-3.25477,-0.735116
67,2.41941,-3.25741,-0.602695
67,1.07485,-3.48917,-0.501651
67,1.95219,-3.2664,-0.796195
67,1.9101,-3.27053,-0.814131
67,3.02104,-3.17949,-0.613992
67,2.91708,-3.3102,-0.272359
67,2.08567,-3.243,-0.837323
67,2.12323,-3.27533,-0.733961
67,1.23835,-3.5208,-0.39729
67,1.94879,-3.31418,-0.722683
67,1.95574,-3.31233,-0.73102
67,2.92469,-3.33165,-0.27999
67,2.08519,-3.30872,-0.733101
67,2.61924,-3.34229,-0.402454
67,3.06177,-3.20797,-0.617392
67,2.2076,-3.29276,-0.743307
67,1.91493,-3.3488,-0.711667
67,3.52388,-3.2652,-0.265025
67,1.26448,-3.54807,-0.407056
67,0.98218,-3.51106,-0.646608
67,1.2642,-3.5508,-0.40983
67,2.1003,-3.33166,-0.73462
67,1.8206,-3.35164,-0.796461
67,2.42804,-3.26756,-0.79017
67,1.96323,-3.35025,-0.744571
67,1.85901,-3.36493,-0.753178
67,2.2188,-3.31133,-0.765408
67,1.86263,-3.3657,-0.757976
67,0.985803,-3.53035,-0.649273
67,1.8225,-3.36214,-0.795299
67,1.2761,-3.54352,-0.500205
67,2.09638,-3.34396,-0.741583
67,3.5575,-3.29827,-0.264272
67,1.01736,-3.65196,-0.316806
67,3.08687,-3.26882,-0.584761
67,3.55934,-3.30907,-0.264934
67,1.0233,-3.6569,-0.326962
67,3.55315,-3.30882,-0.274115
67,1.9752,-3.38101,-0.750939
67,2.45438,-3.295,-0.801226
67,1.38106,-3.65483,-0.192348
67,1.82538,-3.38382,-0.811258
67,1.9279,-3.38635,-0.766385
67,1.26641,-3.66889,-0.232134
67,2.24149,-3.41556,-0.569557
67,1.83159,-3.39487,-0.815727
67,1.985,-3.39734,-0.763857
67,2.45024,-3.31616,-0.809641
67,0.977243,-3.69521,-0.334836
67,3.34175,-3.3318,-0.427012
67,1.26874,-3.7056,-0.212742
67,1.23784,-3.70886,-0.239501
67,1.93821,-3.43553,-0.759047
67,1.94888,-3.51607,-0.56598
67,1.25883,-3.73347,-0.218693
67,1.2649,-3.73752,-0.220323
67,0.684144,-3.81522,-0.245764
67,0.648719,-3.83642,-0.255969
67,1.97384,-3.55576,-0.574547
67,0.617511,-3.87961,-0.264372
67,0.713387,-3.87856,-0.42143
67,3.63962,-3.52523,-0.297066
67,3.37989,-4.09748,1.1488
67,1.38566,-3.73398,-0.834616
67,2.17187,-3.68224,-0.731889
67,0.597103,-3.90171,-0.765419
67,2.20248,-3.68657,-0.736489
67,2.22064,-3.70665,-0.72006
67,0.710716,-3.97204,-0.607018
67,2.20573,-3.70902,-0.749519
67,2.18688,-3.72532,-0.748891
67,2.01887,-3.75565,-0.739677
67,2.12846,-3.73641,-0.76119
67,2.16215,-3.74187,-0.734501
67,2.21801,-3.73037,-0.755263
67,0.662679,-4.00684,-0.622725
67,2.15865,-3.764,-0.746531
67,2.03482,-3.78614,-0.757274
67,2.12745,-3.78928,-0.725533
67,2.23643,-3.76731,-0.752728
67,3.42299,-4.24024,1.15445
67,0.670243,-4.06454,-0.57983
67,0.646192,-4.35248,0.255932
67,2.24698,-3.78709,-0.75012
67,2.12789,-3.79861,-0.768768
67,0.623239,-4.37061,0.255749
67,0.616656,-4.37355,0.259368
67,2.10581,-3.8275,-0.792413
67,-0.296112,-4.48169,0.102882
67,3.445,-4.30951,1.16347
67,3.28226,-4.32763,0.983448
67,1.89951,-4.28246,0.230401
67,2.86507,-4.23347,0.500012
67,2.42808,-4.42419,0.844937
67,2.74472,-4.39302,0.85623
67,0.0152023,-4.53559,0.0970167
67,1.40943,-3.9932,-0.931375
67,0.0631361,-4.53398,0.0999491
67,1.91566,-4.30744,0.224718
67,2.8705,-4.30081,0.552185
67,2.88098,-4.23426,0.354347
67,1.89552,-4.33568,0.216507
67,2.4285,-4.47043,0.839496
67,4.43712,-3.95599,0.172765
67,2.90523,-4.34332,0.656879
67,2.91429,-4.34663,0.656435
67,2.44993,-4.47518,0.835288
67,2.74782,-4.44919,0.863173
67,4.42512,-3.99196,0.216849
67,-0.917832,-4.54386,-0.472147
67,2.8037,-4.31992,0.439803
67,2.75535,-4.47237,0.855512
67,2.93404,-4.37603,0.635109
67,2.94709,-4.41142,0.679883
67,2.4535,-4.55668,0.846318
67,2.42728,-4.58229,0.849104
67,2.45407,-4.58154,0.840228
67,2.78858,-4.40257,0.447208
67,2.95825,-4.43999,0.632261
67,-0.315335,-4.60596,-0.297149
67,2.48242,-4.55861,0.768983
67,2.78809,-4.41024,0.432912
67,2.94131,-4.41719,0.49773
67,0.140896,-4.44129,-0.655949
67,2.97969,-4.49879,0.741068
67,2.97433,-4.48349,0.682816
67,4.47124,-4.12289,0.240351
67,2.93059,-4.54742,0.800521
67,2.8343,-4.43988,0.434269
67,0.0853062,-4.62724,-0.197089
67,-0.336328,-4.52628,-0.682778
67,2.91882,-4.46779,0.53026
67,2.7803,-4.45734,0.43068
67,-0.331969,-4.56696,-0.601806
67,2.78968,-4.44966,0.399116
67,-0.144986,-4.77698,0.0977046
67,2.81462,-4.46699,0.443746
67,2.97427,-4.51248,0.634646
67,2.94575,-4.56182,0.733175
67,0.0843576,-4.46547,-0.804442
67,2.98798,-4.54468,0.687998
67,2.95762,-4.59484,0.792773
67,2.51364,-4.66036,0.777752
67,3.5506,-4.328,0.218353
67,2.81012,-4.49618,0.395989
67,2.89568,-4.65102,0.850538
67,2.74552,-4.67663,0.856084
67,2.51312,-4.66192,0.70882
67,2.96723,-4.62099,0.77138
67,2.76994,-4.52886,0.406962
67,2.54917,-4.68864,0.777008
67,2.55172,-4.68817,0.77169
67,-0.572681,-4.90294,0.0346741
67,2.92884,-4.67743,0.868297
67,-0.356152,-4.68305,-0.540351
67,2.49523,-4.70284,0.741634
67,2.46491,-4.74447,0.834907
67,3.55777,-4.37802,0.195835
67,2.7513,-4.72296,0.855999
67,2.12508,-4.76229,0.698736
67,2.27026,-4.24543,-0.795163
67,2.94996,-4.68346,0.806578
67,2.73595,-4.73885,0.863643
67,2.96071,-4.59786,0.529433
67,2.46139,-4.78059,0.85076
67,2.99081,-4.6662,0.731494
67,2.96329,-4.6049,0.527017
67,3.50134,-4.43129,0.238304
67,2.60061,-4.74277,0.771243
67,-0.586376,-4.78715,-0.484851
67,3.00489,-4.68074,0.72601
67,-0.586789,-4.79884,-0.479483
67,2.27661,-4.2738,-0.807363
67,2.79426,-4.60345,0.392985
67,-0.574745,-4.8006,-0.481308
67,2.13075,-4.80336,0.697354
67,2.12527,-4.80514,0.699538
67,-0.573943,-4.80647,-0.468496
67,3.52363,-4.44422,0.220906
67,3.53317,-4.44615,0.228265
67,2.52422,-4.68986,0.50709
67,2.1067,-4.77901,0.580809
67,2.5223,-4.7753,0.745164
67,2.58528,-4.78529,0.799054
67,3.53246,-4.45914,0.225208
67,3.04566,-4.71216,0.751335
67,2.7475,-4.79745,0.8503
67,2.57386,-4.77982,0.708516
67,3.54536,-4.47603,0.221295
67,3.53297,-4.48401,0.22091
67,-0.353737,-4.90194,-0.259797
67,3.00472,-4.76088,0.768829
67,1.69565,-5.10022,1.21202
67,3.49851,-4.50664,0.219508
67,2.56719,-4.73855,0.503561
67,3.01086,-4.76978,0.782188
67,2.56548,-4.81305,0.701305
67,2.77042,-4.84147,0.868465
67,2.53591,-4.83053,0.73022
67,1.8072,-4.79951,0.314421
67,1.79204,-4.81473,0.352907
67,1.78212,-4.81735,0.349614
67,2.56215,-4.75742,0.505454
67,1.82671,-4.80776,0.324016
67,1.76177,-4.80564,0.289552
67,3.07304,-4.77188,0.745635
67,2.11488,-4.85861,0.577535
67,2.97964,-4.83172,0.866905
67,1.80672,-4.81008,0.294466
67,-1.14404,-5.2666,0.366402
67,3.04036,-4.78371,0.725504
67,2.52091,-4.79199,0.524588
67,3.04985,-4.80338,0.781697
67,2.84253,-4.68039,0.317928
67,-0.336687,-4.95277,-0.255568
67,-1.11718,-5.27506,0.363559
67,1.78796,-4.82907,0.284777
67,1.7618,-4.855,0.348793
67,0.0947794,-4.99942,0.0541689
67,-0.11376,-4.88628,-0.380526
67,-0.660648,-4.92275,-0.508747
67,-0.910124,-5.27627,0.413827
67,1.74547,-4.86471,0.333871
67,2.63917,-4.9074,0.845467
67,2.95151,-4.69394,0.309685
67,2.58252,-4.87848,0.696513
67,-0.381245,-4.98826,-0.259237
67,2.57682,-4.82128,0.510384
67,3.09148,-4.82648,0.746812
67,1.76132,-4.86452,0.284112
67,2.09811,-4.9518,0.690244
67,1.74072,-4.89943,0.335923
67,2.77412,-4.93336,0.862602
67,2.55827,-4.93,0.748357
67,0.164341,-5.03664,0.0127308
67,2.54616,-4.97427,0.85388
67,2.77241,-4.94739,0.867028
67,1.88098,-4.87191,0.255224
67,2.72812,-4.95403,0.856736
67,1.88928,-4.89627,0.316197
67,2.8319,-4.78294,0.383676
67,1.7228,-5.23248,1.23158
67,2.10182,-4.99789,0.693072
67,3.07676,-4.88317,0.772635
67,2.75367,-4.96962,0.865769
67,3.73613,-4.60894,0.195834
67,2.83077,-4.80169,0.379134
67,1.85633,-4.90261,0.258532
67,2.50354,-5.01578,0.866032
67,1.88051,-4.90234,0.254884
67,1.7386,-4.93416,0.274716
67,2.60421,-4.94845,0.68698
67,1.84093,-4.92322,0.275906
67,2.55573,-4.90874,0.53841
67,2.54698,-4.92745,0.585375
67,2.50903,-5.0292,0.872196
67,2.76431,-4.98239,0.83256
67,2.60067,-4.95316,0.647333
67,0.21403,-5.09973,0.051107
67,-0.96852,-5.36801,0.339337
67,1.90187,-4.94363,0.309883
67,2.10323,-5.04644,0.693799
67,1.84039,-4.93653,0.250212
67,0.143285,-5.01179,-0.261702
67,3.58031,-4.68407,0.202008
67,2.61395,-4.99099,0.696969
67,0.0830295,-5.15822,0.0989592
67,2.76289,-5.02733,0.862571
67,2.6114,-4.98018,0.64707
67,0.0741348,-5.15129,0.0555028
67,2.7369,-5.02254,0.821706
67,0.14654,-5.15462,0.0575656
67,1.71271,-5.32723,1.24959
67,0.0989926,-4.93811,-0.622658
67,1.90861,-4.973,0.252214
67,1.67744,-5.33488,1.23242
67,0.062856,-5.16481,0.0249329
67,0.142228,-5.17239,0.0554218
67,2.78735,-5.07876,0.875414
67,0.0723199,-5.20382,0.0481555
67,2.63939,-5.0485,0.687122
67,1.73334,-5.37196,1.25798
67,0.152374,-5.18463,-0.00657004
67,0.04743,-5.21135,0.016318
67,1.70458,-5.05444,0.264169
67,-0.376033,-5.25759,-0.0552772
67,1.73212,-5.04502,0.20098
67,2.58496,-5.04377,0.564047
67,2.66543,-5.0714,0.636921
67,2.79958,-4.974,0.384711
67,1.70516,-5.07438,0.18067
67,0.0858635,-5.28747,0.0381023
67,2.59667,-5.10407,0.566598
67,2.84215,-5.0095,0.389069
67,2.03093,-5.05618,0.149767
67,3.09717,-4.95129,0.294324
67,1.64296,-5.11757,0.15648
67,2.83959,-5.02109,0.355912
67,0.179588,-5.12051,-0.513085
67,2.84138,-5.03749,0.391085
67,1.66771,-5.49938,1.25719
67,0.160418,-5.12822,-0.513115
67,1.69397,-5.14094,0.185824
67,1.62177,-5.17,0.165612
67,1.6799,-5.52926,1.26248
67,1.6387,-5.18219,0.162668
67,3.61877,-5.19404,1.05496
67,3.64243,-5.24651,1.06313
67,1.63623,-5.24191,0.160275
67,1.6274,-5.27244,0.186745
67,4.71142,-4.86361,0.291491
67,4.68263,-4.86903,0.289591
67,4.7126,-4.86908,0.285206
67,4.69684,-4.90265,0.374594
67,4.68976,-4.91369,0.299096
67,4.72617,-4.95072,0.279729
67,4.75391,-4.94459,0.126433
67,2.67761,-5.30231,0.272868
67,2.64985,-5.37586,0.259615
67,2.74275,-5.40786,0.270739
67,4.87424,-5.08918,0.0998365
67,2.84366,-8.68513,1.6491
67,1.18817,-2.64612,-0.00970098
66,1.18817,-2.64612,-0.00970098
67,1.19422,-2.81582,-0.0583594
66,1.19422,-2.81582,-0.0583594
67,1.26619,-4.29515,-0.644519
66,1.26619,-4.29515,-0.644519
67,1.43259,-1.10162,-0.106532
66,1.43259,-1.10162,-0.106532
67,0.206448,-4.99421,-0.483809
65,0.206448,-4.99421,-0.483809
67,-0.925123,-4.96568,-0.500743
65,-0.925123,-4.96568,-0.500743
68,1.98864,-0.897536,0.425363
68,3.56555,-1.06588,0.186489
68,3.71093,-1.26559,0.773761
68,3.74184,-1.27239,0.741782
68,3.77545,-1.38121,0.950424
68,3.76823,-1.39798,0.976501
68,3.79634,-1.37073,0.923915
68,3.79,-1.27529,0.620751
68,3.81022,-1.36538,0.894828
68,3.80394,-1.37952,0.917958
68,3.80228,-1.40849,0.990478
68,3.88174,-1.3332,0.930443
68,3.78817,-1.28217,0.61201
68,3.87293,-1.32363,0.877573
68,3.7298,-1.29649,0.531914
68,3.88509,-1.33676,0.930949
68,3.89106,-1.3218,0.884312
68,3.77973,-1.35092,0.747624
68,3.88735,-1.33083,0.867906
68,3.90535,-1.34156,0.930118
68,3.82322,-1.4125,0.952387
68,3.76039,-1.30261,0.537646
68,3.91477,-1.33037,0.883864
68,3.83709,-1.38357,0.864875
68,3.81335,-1.37067,0.757598
68,3.83586,-1.25739,0.491407
68,3.81848,-1.37106,0.755653
68,3.98464,-1.34246,0.988297
68,3.62354,-1.20936,-0.0836595
68,3.86505,-1.4023,0.8622
68,2.91588,-1.46258,-0.778583
68,3.88183,-1.27379,0.486017
68,3.93141,-1.27081,0.558475
68,4.0006,-1.33358,0.813463
68,3.87665,-1.43959,0.86123
68,3.94892,-1.27919,0.56106
68,4.08024,-1.35358,1.00008
68,3.85795,-1.42472,0.773257
68,3.90008,-1.44403,0.879935
68,3.68929,-1.23472,-0.108843
68,3.94889,-1.29419,0.49537
68,3.89911,-1.46631,0.855747
68,3.89878,-1.44096,0.77803
68,3.91392,-1.47388,0.876905
68,3.91973,-1.47786,0.855554
68,3.93701,-1.48294,0.861514
68,3.93374,-1.45802,0.781402
68,3.93687,-1.47079,0.813912
68,3.84713,-1.28488,0.102457
68,3.75596,-1.27297,-0.133372
68,3.87661,-1.29489,0.101501
68,3.0696,-1.55534,-0.770411
68,3.06847,-1.55684,-0.773087
68,3.79679,-1.30128,-0.159268
68,3.67582,-1.18815,-0.710807
68,3.09201,-1.57309,-0.78922
68,3.80475,-1.321,-0.1574
68,3.96826,-1.3021,0.0835104
68,2.60531,-1.92616,-0.807402
68,3.68695,-1.2102,-0.73128
68,2.61915,-1.93769,-0.820691
68,3.99815,-1.32058,0.0803689
68,3.71405,-1.21973,-0.743183
68,3.72622,-1.20827,-0.751447
68,2.64624,-1.95517,-0.838467
68,3.75005,-1.22778,-0.840567
68,3.21755,-1.63204,-0.754976
68,3.87584,-1.38914,-0.174992
68,3.21962,-1.63501,-0.755108
68,3.09182,-2.42464,1.12154
68,3.08789,-2.44687,1.14288
68,2.69731,-1.98195,-0.875897
68,3.2398,-1.64304,-0.771542
68,1.51254,-2.94296,-0.513446
68,3.21763,-1.62476,-0.884218
68,3.90121,-1.40933,-0.211209
68,3.24782,-1.65404,-0.780339
68,1.51658,-2.96175,-0.515533
68,3.90811,-1.41003,-0.221313
68,3.23404,-1.63051,-0.909314
68,3.90441,-1.42941,-0.201915
68,2.71146,-2.00487,-0.895895
68,2.70616,-2.00893,-0.89946
68,3.87031,-1.45819,-0.207436
68,3.89952,-1.44376,-0.208316
68,3.83233,-1.50846,-0.207292
68,3.24497,-1.65029,-0.930387
68,3.25018,-1.6478,-0.928998
68,3.25841,-1.64955,-0.929643
68,3.87605,-1.48471,-0.225124
68,3.25894,-1.65458,-0.940217
68,2.67674,-2.1397,-0.833571
68,2.68133,-2.14393,-0.833527
68,2.68182,-2.14559,-0.838096
68,3.3855,-1.72726,-0.750016
68,2.71147,-2.1605,-0.848148
68,2.73778,-2.18389,-0.872503
68,1.30868,-3.45329,-0.137007
68,2.73682,-2.18888,-0.876174
68,2.68499,-2.26607,-0.787192
68,3.40089,-1.72769,-0.900852
68,3.40505,-1.73703,-0.90018
68,2.68021,-2.29177,-0.798431
68,3.41828,-1.74135,-0.900262
68,3.43458,-1.74949,-0.92099
68,2.69734,-2.30871,-0.821219
68,2.7047,-2.31359,-0.821733
68,3.4557,-1.76161,-0.945604
68,3.83904,-1.54754,-0.811642
68,2.71448,-2.32476,-0.832079
68,3.84321,-1.55254,-0.8386
68,3.84635,-1.53268,-0.88908
68,3.85359,-1.55744,-0.855322
68,3.85193,-1.55947,-0.855586
68,3.85787,-1.56024,-0.85145
68,3.8635,-1.54759,-0.904302
68,2.65048,-2.71204,-0.0830498
68,3.85702,-1.56396,-0.91968
68,3.52779,-1.82853,-0.853209
68,3.81545,-1.68812,-0.765085
68,3.5952,-1.84693,-0.78349
68,2.79576,-2.38014,-0.881394
68,2.70717,-2.47426,-0.796029
68,2.79927,-2.38376,-0.886286
68,4.09637,-1.49987,-0.83787
68,3.57084,-1.84896,-0.887925
68,2.80715,-2.38393,-0.882849
68,3.61808,-1.85532,-0.793934
68,3.53095,-1.84025,-1.01777
68,4.12291,-1.50215,-0.847445
68,2.57872,-2.77384,-0.355799
68,3.85074,-1.72245,-0.809106
68,3.85876,-1.72188,-0.860475
68,2.75345,-2.50828,-0.821154
68,3.65787,-1.88331,-0.815614
68,2.55705,-2.82423,-0.379382
68,3.9411,-2.16018,0.399284
68,3.64853,-1.86778,-0.942817
68,1.70503,-3.45582,-0.324291
68,1.71251,-3.44803,-0.337824
68,2.57526,-2.88248,-0.251358
68,3.65372,-1.87604,-0.945024
68,2.22109,-3.1361,-0.269575
68,2.21462,-3.13877,-0.275298
68,3.73635,-1.90108,-0.762337
68,3.75977,-1.88875,-0.754183
68,3.73811,-1.90235,-0.763558
68,2.22921,-3.14346,-0.270836
68,1.74182,-3.47086,-0.320211
68,2.50607,-2.96582,-0.275669
68,2.64094,-2.81963,-0.424105
68,2.2368,-3.18753,-0.19654
68,1.94616,-3.22706,-0.682207
68,3.78977,-1.92498,-0.780934
68,2.06925,-3.12255,-0.78368
68,3.75754,-1.92614,-0.877887
68,2.72481,-2.73112,-0.663017
68,3.70336,-1.92973,-0.989641
68,2.66275,-2.85419,-0.4682
68,2.63147,-2.88088,-0.455629
68,2.9002,-2.81491,-0.128895
68,3.80909,-1.94306,-0.797734
68,3.70422,-1.94442,-0.992799
68,3.97617,-1.78962,-0.901096
68,2.84391,-2.58873,-0.88396
68,1.22648,-3.79455,-0.672968
68,3.83336,-1.93711,-0.80586
68,2.65102,-2.88667,-0.471043
68,3.83447,-1.95884,-0.820554
68,3.52958,-2.29049,-0.543703
68,2.15284,-3.55699,0.279025
68,1.97221,-3.31476,-0.719972
68,3.80604,-1.96818,-0.91229
68,1.69287,-4.19185,1.08876
68,2.09012,-3.25106,-0.703022
68,2.80349,-2.71486,-0.827694
68,3.81341,-1.97654,-0.923607
68,2.80734,-2.71903,-0.829605
68,3.56267,-2.3009,-0.560425
68,3.82903,-1.98012,-0.931625
68,3.94861,-1.88675,-0.977797
68,1.2444,-3.87515,-0.705857
68,3.04006,-2.68235,-0.559719
68,1.92749,-3.37824,-0.777174
68,1.69709,-4.22679,1.0732
68,3.96012,-1.89206,-0.97712
68,1.44506,-3.83671,-0.479009
68,3.95638,-1.90692,-0.992653
68,3.86262,-1.98855,-0.958061
68,1.93097,-3.40539,-0.790818
68,1.24004,-3.92063,-0.719027
68,3.05814,-2.71065,-0.574066
68,1.69173,-4.28458,1.09213
68,2.12305,-3.29743,-0.760823
68,2.36573,-3.24849,-0.463142
68,3.60091,-2.34389,-0.587247
68,2.96333,-2.8289,-0.493442
68,2.96525,-2.82704,-0.494938
68,2.85514,-2.76779,-0.864602
68,2.22385,-3.33288,-0.527788
68,2.358,-3.2109,-0.605197
68,3.17544,-2.7237,-0.384556
68,2.23047,-3.32123,-0.548499
68,1.48327,-3.90408,-0.403111
68,2.13955,-3.31905,-0.758935
68,3.95748,-2.01498,-0.885134
68,2.35538,-3.28713,-0.480037
68,2.22319,-3.33164,-0.610519
68,2.98569,-2.85207,-0.503998
68,1.21984,-4.05221,-0.606507
68,3.19402,-2.74188,-0.446892
68,4.03887,-1.93674,-1.03714
68,3.08523,-2.76311,-0.60462
68,3.06701,-2.94258,-0.168792
68,2.22167,-3.69272,0.260034
68,2.22026,-3.7138,0.254981
68,2.56169,-3.24106,-0.385607
68,3.47157,-2.71045,-0.148159
68,2.11261,-3.42175,-0.786826
68,2.24803,-3.7144,0.244617
68,1.88908,-3.56759,-0.85681
68,2.67446,-3.20585,-0.385354
68,1.86792,-3.59277,-0.907789
68,2.28325,-3.73712,0.246489
68,2.26757,-3.76947,0.234865
68,3.24039,-2.85356,-0.449022
68,4.13472,-1.99865,-1.11414
68,2.28472,-3.80097,0.234172
68,3.13991,-3.03153,-0.24342
68,1.9568,-3.71853,-0.653588
68,1.81725,-4.15591,0.22346
68,1.87075,-4.12267,0.20815
68,3.24417,-2.97739,-0.333977
68,1.87523,-4.15147,0.244144
68,1.98079,-3.74385,-0.66331
68,2.1634,-3.61012,-0.726518
68,1.89161,-4.16531,0.196308
68,2.14727,-3.64,-0.740433
68,3.18308,-3.07683,-0.360079
68,2.18455,-3.64193,-0.73802
68,3.83445,-2.69565,-0.195608
68,3.84503,-2.69554,-0.182343
68,3.80707,-2.73114,-0.164125
68,3.01703,-3.12092,-0.608514
68,3.85945,-2.69936,-0.170604
68,3.18834,-3.10019,-0.365651
68,3.79059,-2.75255,-0.195605
68,3.84769,-2.72425,-0.197707
68,3.81874,-2.7794,-0.113111
68,3.84486,-2.75336,-0.1498
68,3.84165,-2.75538,-0.155123
68,3.02245,-3.15707,-0.618472
68,3.8718,-2.72346,-0.202816
68,2.99403,-3.1767,-0.639657
68,3.02153,-3.21147,-0.494633
68,3.88078,-2.73194,-0.178002
68,3.23664,-3.11525,-0.36759
68,3.60742,-3.05961,0.151791
68,3.23884,-3.13655,-0.370054
68,3.70602,-2.94668,-0.00476187
68,3.04065,-3.22757,-0.498193
68,3.70591,-2.94923,5.09024e-05
68,3.20247,-3.15509,-0.391185
68,3.90877,-2.73537,-0.203613
68,3.63222,-3.05709,0.137065
68,3.70995,-2.95389,0.0024122
68,3.90591,-2.74026,-0.205815
68,3.9875,-2.83117,0.171938
68,3.69385,-2.96964,-0.00812703
68,3.68922,-2.97278,-0.0096038
68,3.48219,-3.01602,-0.28813
68,3.83608,-2.8281,-0.138335
68,3.86214,-2.80942,-0.14364
68,3.86683,-2.80765,-0.141125
68,3.71539,-2.96714,0.00364453
68,3.62793,-3.07992,0.141984
68,3.99584,-2.83714,0.170161
68,1.88505,-4.32935,0.227294
68,3.98423,-2.8507,0.17302
68,3.84519,-2.83264,-0.14098
68,3.84986,-2.82975,-0.144621
68,3.99523,-2.84415,0.165598
68,3.84385,-2.81006,-0.213478
68,3.48107,-3.0332,-0.294837
68,3.98594,-2.85573,0.169904
68,4.33838,-2.09655,-1.21905
68,3.74272,-2.88741,-0.221185
68,3.94039,-2.76217,-0.198284
68,3.74467,-2.88867,-0.228932
68,3.93258,-2.76791,-0.204315
68,3.75055,-2.88828,-0.226942
68,4.01664,-2.85011,0.169008
68,3.85057,-2.85285,-0.140758
68,3.7499,-2.88433,-0.253425
68,3.78685,-2.87332,-0.222397
68,3.48922,-3.05672,-0.290861
68,3.89966,-2.82664,-0.142227
68,3.73411,-2.99072,-0.0139382
68,3.7758,-2.87619,-0.249558
68,3.79137,-2.86594,-0.251018
68,3.94314,-2.7751,-0.213477
68,3.95936,-2.7654,-0.210933
68,3.77638,-2.88941,-0.22319
68,4.01393,-2.86947,0.159839
68,3.79376,-2.87985,-0.254325
68,2.47929,-3.53932,-0.957943
68,3.81158,-2.87247,-0.256862
68,3.06131,-3.26037,-0.620595
68,4.03384,-2.87637,0.154178
68,3.97368,-2.78622,-0.208191
68,3.48731,-3.0933,-0.303498
68,3.79289,-2.90867,-0.2354
68,1.78663,-4.53528,0.372752
68,3.98805,-2.83667,-0.0750454
68,3.64337,-3.06362,-0.149639
68,2.13916,-3.88435,-0.7707
68,1.78519,-4.55085,0.360305
68,1.67422,-4.94214,1.18593
68,3.59064,-3.11603,-0.157004
68,3.26011,-3.81493,1.10367
68,4.04161,-2.92463,0.162555
68,3.53407,-2.92266,-0.809552
68,3.59728,-3.12243,-0.159513
68,2.40267,-4.32957,0.839268
68,3.57425,-3.14273,-0.168126
68,3.5876,-3.13676,-0.168222
68,2.42472,-4.30218,0.756299
68,3.64543,-3.12172,-0.177662
68,2.437,-4.31738,0.763349
68,3.53853,-2.96329,-0.835267
68,3.65595,-3.13428,-0.177791
68,1.66519,-5.02937,1.1909
68,3.66322,-3.13226,-0.176565
68,2.42777,-4.35088,0.755184
68,3.65914,-3.14548,-0.18643
68,2.16055,-3.99112,-0.746575
68,3.56451,-2.98859,-0.851126
68,2.42715,-4.30804,0.513175
68,5.49063,-2.19968,0.470543
68,1.8264,-4.69908,0.258339
68,2.66837,-4.34441,0.835455
68,2.78683,-4.27042,0.842215
68,4.06412,-3.14522,0.13505
68,5.56076,-2.23988,0.476513
68,4.89994,-2.89492,0.999246
68,2.48052,-4.4864,0.724174
68,5.34119,-2.62068,1.0246
68,3.60832,-3.11876,-0.902492
68,4.73751,-2.77312,0.285225
68,5.28797,-2.48783,0.499217
68,2.67731,-4.43951,0.830008
68,3.34954,-4.09516,1.14049
68,3.29927,-3.78772,0.215623
68,2.87944,-4.24845,0.66843
68,3.79209,-3.45279,0.224169
68,3.5735,-3.4106,-0.313008
68,3.29618,-3.37543,-0.930221
68,3.30422,-3.80045,0.219944
68,1.96596,-4.71949,0.150223
68,3.30353,-3.81132,0.211288
68,3.59823,-3.414,-0.32949
68,3.38783,-4.11026,1.14845
68,4.25238,-2.98499,-0.314155
68,3.29156,-3.84565,0.201471
68,5.45314,-2.64989,1.0367
68,3.59109,-3.44596,-0.321459
68,4.25684,-2.98706,-0.317273
68,3.59634,-3.4496,-0.323363
68,3.29265,-3.86257,0.21702
68,4.27352,-3.00791,-0.312641
68,5.4849,-2.67135,1.03686
68,5.48859,-2.67694,1.04028
68,5.46246,-2.69449,1.03016
68,5.47989,-2.68611,1.02794
68,3.31034,-3.89746,0.215041
68,3.28743,-3.91172,0.204941
68,3.40802,-4.18664,1.15349
68,3.404,-4.19274,1.14715
68,5.72129,-2.3289,0.444103
68,3.32955,-3.47714,-0.989454
68,2.78787,-4.39132,0.436703
68,3.41661,-4.21895,1.14972
68,4.76171,-3.36392,1.36949
68,5.52512,-2.72802,1.03388
68,2.51163,-4.67675,0.59367
68,4.89936,-2.89523,0.265241
68,5.48574,-2.59378,0.546547
68,2.78585,-4.42284,0.391612
68,2.51898,-4.69468,0.620248
68,5.50912,-2.59617,0.553873
68,5.36967,-2.53648,0.11295
68,5.50862,-2.60165,0.545177
68,4.81587,-3.40267,1.38881
68,5.55266,-2.57825,0.543579
68,3.32666,-4.00385,0.193182
68,5.12885,-3.05837,1.0238
68,2.64183,-4.55209,0.361322
68,2.75677,-4.48691,0.399454
68,4.89833,-2.9435,0.254365
68,5.53544,-2.62028,0.543749
68,3.40516,-3.53912,-1.02345
68,5.6568,-2.53327,0.477391
68,4.85682,-3.44484,1.39008
68,5.5949,-2.62608,0.550338
68,5.61298,-2.61352,0.543723
68,5.51102,-2.95995,1.26695
68,5.54327,-2.96635,1.29974
68,4.89048,-3.27391,0.892052
68,3.37333,-4.07884,0.186636
68,4.99349,-2.97414,0.250944
68,3.37612,-4.08455,0.185759
68,5.22534,-3.11974,1.03721
68,5.58001,-2.9803,1.30591
68,4.90977,-3.49184,1.40355
68,5.30682,-3.0879,1.04308
68,5.60826,-2.99592,1.29914
68,3.06532,-4.62271,0.857661
68,5.59971,-2.73665,0.526356
68,5.60258,-2.9427,1.07823
68,5.33483,-3.1171,1.0426
68,5.30398,-3.12295,0.995174
68,5.62051,-2.7231,0.497634
68,4.12086,-3.66355,0.216761
68,5.27055,-3.16919,1.03316
68,5.62528,-2.9439,1.08256
68,5.30292,-3.16325,1.04065
68,5.33204,-3.13592,1.01866
68,5.42577,-3.09803,1.07481
68,5.03797,-3.37617,1.09518
68,5.6415,-2.95471,1.08981
68,5.65887,-3.03238,1.31644
68,4.1446,-3.67865,0.185131
68,5.66471,-2.97026,1.11539
68,5.3178,-3.20099,1.034
68,5.67731,-3.07405,1.31109
68,5.68494,-2.9913,1.08821
68,5.67661,-3.00814,1.10702
68,5.34907,-3.21585,1.0353
68,5.67721,-3.01558,1.07836
68,2.62174,-5.00055,0.688001
68,5.35726,-3.22578,1.03837
68,3.04762,-4.70685,0.681332
68,5.70599,-2.80067,0.513982
68,4.97172,-2.89754,-0.617387
68,5.0114,-2.90651,-0.573004
68,5.89327,-2.68882,0.473761
68,5.76644,-3.02823,1.10195
68,5.32885,-3.34968,1.12399
68,3.22655,-4.46622,0.117794
68,5.78651,-2.81392,0.470041
68,2.57094,-5.19364,0.767252
68,5.63333,-2.49163,-0.808575
68,4.10665,-3.92488,0.149521
68,3.50888,-4.42981,0.226931
68,6.07859,-2.74234,0.441114
68,2.66516,-5.18227,0.58926
68,6.05885,-2.78527,0.44345
68,5.70574,-2.56347,-0.981477
68,5.32819,-3.66206,1.24906
68,3.12747,-5.01842,0.696909
68,5.82989,-3.26185,1.029
68,4.365,-3.95463,0.141716
68,5.75316,-2.57404,-1.00041
68,5.36092,-3.69099,1.25323
68,3.1811,-5.07234,0.852088
68,4.4427,-3.96615,0.228041
68,2.31907,-5.36753,0.0128428
68,5.76014,-2.59765,-1.00813
68,2.60615,-5.49245,0.85164
68,1.96993,-5.69292,0.146191
68,2.30081,-5.41303,0.00208318
68,4.37782,-4.01307,0.127553
68,3.19739,-5.12489,0.84138
68,4.45307,-4.03261,0.251682
68,2.91149,-5.13973,0.327373
68,2.84325,-5.39889,0.850679
68,1.63248,-5.94881,0.0181704
68,5.84886,-2.62964,-1.03398
68,4.47233,-4.02644,0.139618
68,3.18108,-5.17469,0.764653
68,5.74743,-2.87666,-0.661776
68,2.88507,-5.26769,0.335784
68,2.8071,-5.50999,0.840236
68,5.3803,-3.15081,-0.696321
68,2.8703,-5.3026,0.33566
68,5.72759,-3.68839,1.31603
68,6.01149,-3.39444,1.05263
68,2.83415,-5.56689,0.846359
68,4.54704,-4.21158,0.265979
68,5.99857,-2.70567,-1.09523
68,5.63561,-3.85066,1.28936
68,3.2741,-5.36892,0.866205
68,4.55302,-4.21481,0.0780581
68,3.54004,-4.92392,0.0492164
68,4.55967,-4.22696,0.0840434
68,5.51719,-3.24863,-0.755799
68,4.59387,-4.29425,0.248716
68,5.74615,-3.05858,-0.919078
68,6.04807,-3.10811,-0.222328
68,3.52948,-4.97939,0.0456904
68,5.7601,-3.09692,-0.931434
68,5.84603,-3.12218,-0.709182
68,5.87136,-3.12551,-0.687961
68,6.11181,-3.14929,-0.209837
68,3.52977,-5.04156,0.017846
68,5.77636,-3.11919,-0.946214
68,6.21274,-3.56346,1.04811
68,5.61486,-3.31795,-0.797163
68,6.19494,-2.80503,-1.18137
68,5.86872,-3.18582,-0.936399
68,5.84828,-3.20485,-0.949903
68,5.92494,-3.31471,-0.61939
68,5.85077,-3.24248,-0.976246
68,5.8696,-3.24613,-0.978865
68,5.94877,-3.33247,-0.61427
68,5.9406,-3.34806,-0.603526
68,5.95594,-3.33246,-0.6253
68,4.55275,-4.56473,0.0215088
68,5.98037,-3.35389,-0.629005
68,6.00111,-3.35434,-0.629487
68,5.76771,-3.42253,-0.887475
68,5.80296,-3.42848,-0.887373
68,4.53074,-4.67893,0.0885894
68,6.02772,-3.38139,-0.651291
68,6.18145,-4.04406,1.3819
68,4.50336,-4.74084,0.060194
68,6.04825,-3.30642,-0.916082
68,4.62775,-4.64495,0.0189057
68,6.04024,-3.31978,-0.919952
68,6.16716,-4.09437,1.36794
68,5.93959,-3.38835,-0.984404
68,5.44922,-3.87936,-0.664741
68,6.08393,-3.43727,-0.682654
68,4.54584,-4.78982,0.0454895
68,4.53462,-4.80957,0.0441443
68,4.54598,-4.80541,0.042939
68,6.511,-3.87548,1.14995
68,2.82114,-6.07933,0.158526
68,5.89763,-3.53858,-0.954947
68,6.35731,-4.04583,1.24634
68,6.27631,-4.12613,1.1887
68,4.60593,-4.86735,0.0285292
68,6.67377,-3.53742,0.3049
68,2.94953,-6.5233,1.34151
68,2.98124,-6.51345,1.34022
68,4.69135,-4.88052,0.112126
68,5.62652,-3.93648,-0.684572
68,6.21004,-4.32451,1.37326
68,4.71808,-4.91894,0.109026
68,4.69678,-4.92169,0.054528
68,2.83656,-6.27172,0.141993
68,6.05241,-3.60584,-1.0446
68,2.97682,-6.63938,1.35685
68,5.07665,-5.31611,1.67701
68,6.18837,-4.44158,1.35569
68,4.78852,-5.02464,0.241302
68,5.12448,-5.3321,1.6931
68,5.11411,-5.34279,1.68793
68,4.76579,-5.05686,0.242542
68,6.82818,-3.6375,0.288146
68,6.13692,-3.62176,-1.07777
68,6.4496,-4.26564,1.20416
68,6.4685,-4.32724,1.4042
68,4.80128,-5.02994,0.0840024
68,6.53387,-4.32727,1.42532
68,6.15537,-3.68383,-1.08911
68,6.51418,-4.27983,1.17771
68,4.84329,-5.10873,0.229829
68,5.15395,-5.44784,1.71258
68,5.15335,-5.46156,1.71872
68,6.90082,-3.73763,0.327177
68,6.24924,-3.70712,-1.13016
68,5.16694,-5.53902,1.75435
68,4.01542,-6.1522,1.15067
68,4.90542,-5.19274,0.226043
68,6.3333,-4.66661,1.43765
68,6.34195,-4.66473,1.42732
68,6.36069,-4.59392,1.1539
68,6.41523,-4.64306,1.38858
68,6.32351,-4.62141,1.09881
68,7.0476,-3.83901,0.304285
68,6.34314,-4.5982,1.02336
68,6.32968,-4.63923,1.10621
68,6.40817,-4.73872,1.4458
68,6.33615,-4.73541,1.29981
68,6.80915,-4.56535,1.45977
68,6.52361,-4.74931,1.40877
68,6.41165,-4.76322,1.22968
68,6.57529,-4.77803,1.4132
68,2.83031,-7.39459,1.41579
68,6.74943,-4.79245,1.4548
68,7.28335,-3.99337,0.281393
68,6.82866,-4.69075,1.20564
68,6.64246,-4.83649,1.10661
68,7.05079,-4.83219,1.21965
68,5.12778,-5.81219,-0.102915
68,6.91635,-5.06428,1.10468
68,7.3478,-4.99234,1.51848
68,2.52413,-4.10486,0.793303
67,2.52413,-4.10486,0.793303
68,3.1194,-2.9079,-0.293783
67,3.1194,-2.9079,-0.293783
68,2.47226,-4.59905,0.533206
67,2.47226,-4.59905,0.533206
68,2.93874,-3.3583,-0.301978
67,2.93874,-3.3583,-0.301978
68,2.61033,-2.6157,-0.0513021
67,2.61033,-2.6157,-0.0513021
68,3.47114,-2.7888,-0.127861
67,3.47114,-2.7888,-0.127861
68,1.32457,-4.32177,-0.380329
67,1.32457,-4.32177,-0.380329
68,2.11976,-3.45487,-0.794301
67,2.11976,-3.45487,-0.794301
69,3.61313,-0.970018,0.164406
69,3.62112,-0.963215,0.162971
69,3.74768,-1.27066,1.02868
69,3.74448,-1.27741,1.02879
69,3.63754,-0.9633,0.132056
69,3.64854,-0.963719,0.15943
69,3.59646,-1.07906,0.182936
69,3.60069,-1.0717,0.181754
69,3.70024,-1.238,0.75807
69,3.60577,-1.07291,0.181076
69,3.724,-1.3436,0.987885
69,3.70593,-1.24085,0.757802
69,3.77903,-1.28114,1.0401
69,3.71729,-1.24034,0.725039
69,3.71235,-1.26963,0.757254
69,3.72814,-1.37331,0.973866
69,3.70856,-1.25844,0.711036
69,3.71487,-1.27736,0.758189
69,3.74397,-1.32191,0.91085
69,3.7364,-1.38323,0.984545
69,3.74795,-1.36968,0.997631
69,3.73554,-1.36382,0.944589
69,3.73747,-1.35737,0.937347
69,3.74501,-1.34298,0.934422
69,3.71268,-1.28093,0.721657
69,3.71111,-1.28358,0.717915
69,3.58731,-1.17954,0.151114
69,3.74125,-1.3605,0.940282
69,3.73676,-1.38768,0.971632
69,3.73679,-1.27235,0.770231
69,3.72213,-1.2941,0.756606
69,3.73043,-1.40776,0.970603
69,3.74395,-1.37485,0.957249
69,3.74075,-1.3976,0.985274
69,3.71792,-1.27299,0.70076
69,3.73963,-1.39855,0.974313
69,3.73651,-1.40347,0.972163
69,3.73852,-1.37993,0.937997
69,3.72048,-1.28684,0.722745
69,3.74699,-1.2678,0.772696
69,3.74209,-1.38065,0.946377
69,3.73948,-1.28453,0.77005
69,3.74782,-1.35793,0.918355
69,3.71827,-1.29259,0.711675
69,4.19523,-0.158993,0.307253
69,3.72656,-1.2731,0.7002
69,3.74736,-1.25377,0.721799
69,3.75593,-1.4072,1.00281
69,3.76425,-1.41169,1.01443
69,3.76126,-1.35243,0.896247
69,3.64007,-1.13538,0.146766
69,3.7128,-0.987736,0.127739
69,3.6675,-1.09497,0.162426
69,3.76332,-1.32337,0.849206
69,3.77166,-1.39942,1.00212
69,3.76031,-1.29362,0.787749
69,3.76399,-1.35652,0.898592
69,3.76664,-1.32686,0.851094
69,3.76686,-1.37521,0.924509
69,3.77435,-1.3398,0.882158
69,3.77131,-1.35462,0.891737
69,3.77645,-1.37102,0.916557
69,3.73373,-0.987786,0.121278
69,3.76934,-1.33182,0.782975
69,3.79234,-1.34204,0.85111
69,3.7931,-1.34444,0.846203
69,3.76283,-1.3554,0.765836
69,3.78081,-1.33908,0.777785
69,3.80078,-1.31206,0.792468
69,3.77115,-1.36221,0.763541
69,3.77618,-1.35718,0.768792
69,3.79307,-1.34963,0.804594
69,3.87959,-1.34828,1.06886
69,3.78956,-1.34794,0.78228
69,3.72484,-1.09792,0.146653
69,3.75953,-1.36129,0.697456
69,3.77224,-1.00204,0.110401
69,3.66927,-1.22038,0.151839
69,4.46262,-0.2973,1.09477
69,3.69297,-1.16427,0.122438
69,3.80309,-1.42528,0.90181
69,3.82336,-1.35117,0.840052
69,3.79144,-1.37199,0.768136
69,3.90364,-1.37743,1.08162
69,3.63571,-1.18801,-0.0931014
69,3.70432,-1.21643,0.143297
69,3.82404,-1.28947,0.618931
69,3.84003,-1.42319,0.879847
69,3.82865,-1.26251,0.55601
69,3.84316,-1.43189,0.881171
69,3.83272,-1.29834,0.614778
69,3.80588,-1.3976,0.69621
69,3.72593,-1.2229,0.142563
69,3.73246,-1.21131,0.141684
69,3.73194,-1.21629,0.141758
69,3.84172,-1.44936,0.88026
69,3.84944,-1.43768,0.884238
69,3.85991,-1.40926,0.865601
69,3.8423,-1.45249,0.881489
69,3.87043,-1.38164,0.842305
69,3.86106,-1.41412,0.8633
69,3.73749,-1.24286,0.161241
69,3.85193,-1.44745,0.844712
69,3.85983,-1.26246,0.557297
69,3.23606,-1.64737,-0.766152
69,3.87005,-1.43753,0.879429
69,3.86135,-1.30138,0.616719
69,3.87389,-1.29112,0.629566
69,3.87392,-1.29113,0.629563
69,3.87015,-1.26074,0.55434
69,3.88131,-1.42642,0.859453
69,3.86203,-1.43667,0.815828
69,3.8585,-1.42676,0.787052
69,3.85971,-1.45621,0.839941
69,3.87184,-1.30615,0.617706
69,3.86606,-1.43193,0.809731
69,3.88717,-1.42945,0.869441
69,3.8623,-1.4303,0.785728
69,3.89142,-1.29408,0.62671
69,3.87584,-1.42473,0.784337
69,4.01387,-1.30049,1.00039
69,3.88185,-1.43947,0.809423
69,3.88907,-1.2747,0.554844
69,4.0107,-1.30122,0.972646
69,3.90367,-1.29398,0.62172
69,3.58411,-1.11222,-0.696654
69,3.99508,-1.30204,0.91488
69,4.02956,-1.30178,1.00919
69,3.99892,-1.30242,0.91015
69,4.00101,-1.35216,0.989496
69,4.03355,-1.30359,1.0066
69,3.59604,-1.11201,-0.698501
69,4.03603,-1.30614,1.01326
69,3.88252,-1.4583,0.784046
69,3.27604,-1.66171,-0.794354
69,3.91763,-1.26482,0.558081
69,3.97878,-1.34439,0.872048
69,4.02957,-1.31339,0.974365
69,3.91919,-1.27892,0.560274
69,4.0142,-1.24437,0.794374
69,4.01672,-1.31545,0.919923
69,3.97522,-1.31782,0.791924
69,3.92914,-1.30386,0.621578
69,3.98413,-1.3208,0.812211
69,4.00855,-1.25633,0.77576
69,4.03843,-1.32099,0.97797
69,4.01183,-1.16602,0.632207
69,4.01722,-1.23136,0.742163
69,3.98856,-1.33229,0.814665
69,3.99331,-1.34161,0.843911
69,4.03036,-1.21645,0.747922
69,4.03437,-1.3542,0.99102
69,4.00415,-1.33974,0.867638
69,4.03053,-1.24638,0.781303
69,3.59957,-1.16664,-0.726912
69,4.00147,-1.31722,0.786103
69,3.7287,-1.28594,-0.128636
69,3.99722,-1.32699,0.786202
69,4.02662,-1.26547,0.775158
69,4.00535,-1.33323,0.812885
69,4.01119,-1.30411,0.78068
69,4.04118,-1.25519,0.782214
69,4.03136,-1.18058,0.623825
69,3.9323,-1.30949,0.524301
69,4.04644,-1.22896,0.74715
69,4.04389,-1.25632,0.777646
69,4.03155,-1.29546,0.799099
69,4.07861,-1.37181,1.06478
69,4.05581,-1.26254,0.79852
69,4.06885,-1.35524,0.992557
69,3.98292,-1.30905,0.640526
69,4.02097,-1.32638,0.78763
69,4.07408,-1.35177,0.992661
69,4.01675,-1.20791,0.5543
69,4.0563,-1.18564,0.636363
69,4.08726,-1.20037,0.754653
69,4.05816,-1.2333,0.702996
69,4.06372,-1.19099,0.637742
69,4.06202,-0.920632,0.176647
69,4.0799,-1.22853,0.74578
69,4.07943,-1.21752,0.723222
69,4.10086,-1.36445,1.0374
69,3.76064,-1.30369,-0.142168
69,4.10115,-1.35258,1.01441
69,4.0471,-1.18038,0.553957
69,4.03261,-1.20822,0.550923
69,4.05398,-1.18351,0.572476
69,4.03828,-1.32728,0.761922
69,4.07188,-1.19056,0.637532
69,4.03969,-1.20106,0.550466
69,4.0847,-1.2269,0.735554
69,4.06396,-0.920182,0.153668
69,4.07176,-0.910364,0.155119
69,4.06267,-1.21189,0.631475
69,4.50128,-0.157048,0.237719
69,4.00983,-1.3217,0.641717
69,4.04706,-1.25208,0.63709
69,4.04768,-1.32688,0.763704
69,4.05569,-1.19818,0.571688
69,4.07797,-0.919679,0.172713
69,4.09452,-1.24413,0.7655
69,3.7782,-1.31252,-0.121294
69,4.0957,-1.22724,0.735061
69,4.07535,-1.24356,0.697555
69,4.09991,-1.24076,0.766605
69,4.08092,-1.24297,0.705974
69,4.06528,-1.19516,0.576022
69,4.06464,-1.18392,0.551869
69,4.09742,-1.22371,0.72013
69,4.08372,-0.915001,0.154819
69,4.05052,-1.2097,0.545738
69,4.11704,-1.37807,1.03687
69,4.04545,-1.26521,0.615491
69,4.05433,-1.20704,0.545434
69,3.78393,-1.29333,-0.163881
69,4.0694,-1.25486,0.67203
69,4.02255,-1.32246,0.637599
69,4.08387,-1.21093,0.640941
69,4.08504,-1.22159,0.658855
69,4.08111,-0.928863,0.152211
69,4.07144,-1.25862,0.674386
69,4.10128,-1.25541,0.760108
69,4.12532,-1.37594,1.03725
69,4.0518,-1.28988,0.659525
69,4.11033,-1.24151,0.761998
69,4.08712,-1.24854,0.696785
69,4.08922,-1.24346,0.693538
69,4.06066,-1.27219,0.646408
69,4.08541,-1.22136,0.635559
69,4.06139,-1.25793,0.620843
69,4.01394,-1.30441,0.546526
69,4.06779,-1.20268,0.545219
69,4.06883,-1.27454,0.666456
69,4.06112,-1.22857,0.563328
69,4.08788,-1.21827,0.629615
69,4.09276,-1.27719,0.742357
69,4.10184,-0.908974,0.150856
69,4.06271,-1.2628,0.620575
69,4.06328,-1.21853,0.547042
69,4.0967,-0.921854,0.150998
69,4.05952,-1.29572,0.656668
69,4.06585,-1.29046,0.666287
69,4.10361,-0.912146,0.148435
69,4.07629,-1.21243,0.565699
69,4.07391,-1.25368,0.625919
69,4.06962,-1.21524,0.544431
69,4.0679,-1.34228,0.752217
69,4.0805,-1.30472,0.722853
69,4.07174,-1.27705,0.645435
69,3.77975,-1.33856,-0.174145
69,4.0929,-1.2359,0.638449
69,4.07305,-1.26536,0.618528
69,4.04753,-1.27112,0.546375
69,4.08522,-1.30431,0.718164
69,4.10491,-0.939541,0.164833
69,4.08493,-1.31248,0.728171
69,4.10958,-1.28017,0.740333
69,4.07649,-1.23618,0.559188
69,4.10472,-1.23726,0.638578
69,4.05051,-1.33381,0.629162
69,4.10338,-0.960944,0.166993
69,3.67147,-1.21036,-0.779281
69,4.04779,-1.28715,0.535828
69,4.12629,-1.27195,0.755884
69,4.11399,-0.936016,0.142742
69,4.05177,-1.28834,0.535581
69,3.39967,-1.74069,-0.76248
69,4.09344,-1.25606,0.611618
69,4.08672,-1.02514,0.186516
69,4.11715,-1.29792,0.739842
69,4.09111,-1.03348,0.183325
69,4.11648,-1.31874,0.719035
69,4.08016,-1.26497,0.508433
69,4.11001,-1.0092,0.171117
69,3.80927,-1.37309,-0.180483
69,4.08758,-1.25801,0.500925
69,4.14625,-1.29848,0.738605
69,4.08492,-1.27992,0.498338
69,3.4314,-1.75434,-0.788135
69,4.09583,-1.27591,0.502044
69,4.03588,-1.38965,0.503723
69,4.1907,-0.90103,0.16392
69,3.40565,-1.73558,-0.915623
69,4.12523,-1.04645,0.180517
69,4.15613,-0.988589,0.156257
69,3.80734,-1.24574,-0.539251
69,4.24126,-0.886214,0.164999
69,4.15193,-1.0604,0.170761
69,4.64737,-0.165459,0.21135
69,3.46714,-1.77393,-0.811799
69,3.47065,-1.77356,-0.813998
69,3.86016,-1.40834,-0.203482
69,4.25478,-0.887275,0.160394
69,3.77752,-1.2315,-0.794055
69,3.77563,-1.24901,-0.790562
69,4.63899,0.149845,-0.442678
69,3.77853,-1.26022,-0.797426
69,3.85613,-1.47776,-0.225375
69,3.77445,-1.19396,-0.968415
69,3.84212,-1.50219,-0.237219
69,3.85812,-1.47902,-0.231441
69,4.29423,-0.893415,0.157298
69,3.85462,-1.49033,-0.227233
69,3.80601,-1.24774,-0.817763
69,2.99577,-3.0202,-0.414138
69,4.27857,-0.957085,0.153762
69,4.62372,0.0275958,-0.425897
69,4.26159,-1.01324,0.168926
69,3.53248,-1.80469,-0.865329
69,3.00984,-3.06009,-0.423559
69,3.04199,-3.07315,-0.303319
69,4.70221,-0.0491069,-0.167275
69,3.90869,-1.50949,-0.245743
69,2.96,-3.08846,-0.584239
69,4.32104,-0.976125,0.14132
69,4.25985,-1.10131,0.154064
69,3.55314,-1.81481,-0.882383
69,4.71261,0.113839,-0.469979
69,3.5545,-1.81597,-0.883673
69,5.14766,-0.144374,1.31048
69,2.9981,-3.12389,-0.543917
69,3.6041,-1.85512,-0.78888
69,4.72194,0.0504664,-0.472712
69,2.99357,-3.20492,-0.494878
69,3.00942,-3.19019,-0.482185
69,4.7253,0.0166068,-0.462675
69,4.78862,0.155166,-0.501616
69,4.77345,0.109663,-0.491252
69,3.79885,-1.51579,-0.865726
69,3.24562,-2.79973,-0.473296
69,4.35634,-1.09555,0.138177
69,3.15744,-2.8782,-0.662088
69,3.80666,-1.56949,-0.830961
69,3.81899,-1.54859,-0.846203
69,3.96941,-1.39779,-0.687292
69,3.81916,-1.59238,-0.852872
69,3.82032,-1.59165,-0.853357
69,3.85406,-1.56152,-0.821635
69,4.85764,0.11544,-0.538912
69,3.82145,-1.68586,-0.836439
69,3.81411,-1.70275,-0.837173
69,4.0098,-1.41545,-0.718969
69,4.90522,0.167941,-0.561018
69,3.89461,-1.57439,-0.841127
69,3.90049,-1.57034,-0.850724
69,3.71709,-1.90422,-0.869974
69,3.90205,-1.5762,-0.854838
69,5.1841,-0.133997,0.746708
69,5.39198,-0.137711,1.34948
69,3.86187,-1.74109,-0.841241
69,3.89234,-1.7443,-0.855393
69,3.79085,-1.93487,-0.915274
69,5.18925,-0.0260926,0.259813
69,3.55285,-2.84581,-0.182371
69,5.05493,-0.571446,0.707101
69,3.26759,-3.072,-0.779327
69,3.85774,-1.95787,-0.837634
69,3.59736,-3.08619,0.181641
69,3.60701,-3.09638,0.178622
69,5.2519,-0.714283,1.35195
69,4.76896,-0.923313,0.176792
69,4.85443,-0.802596,0.156529
69,5.28479,-0.712172,1.35826
69,4.62057,-1.24577,0.146982
69,5.28647,-0.718679,1.35505
69,3.60823,-2.98578,-0.158268
69,4.83809,-0.909847,0.177055
69,3.4529,-3.24943,-0.267472
69,3.6923,-2.98367,-0.00873935
69,3.33573,-3.16705,-0.843167
69,3.50367,-3.16155,-0.352138
69,3.72312,-2.96019,-0.0109873
69,3.51171,-2.90455,-0.792998
69,5.1146,-0.543623,0.270345
69,3.71743,-2.88145,-0.206967
69,3.82539,-2.70587,-0.189727
69,3.71651,-3.01461,-0.0160874
69,3.83591,-2.69825,-0.191872
69,5.13904,-0.546193,0.270872
69,3.65178,-3.05693,-0.200694
69,5.13721,-0.554982,0.270659
69,3.81536,-2.75536,-0.201587
69,3.52181,-2.94102,-0.821177
69,3.52725,-2.93739,-0.819949
69,3.85946,-2.70441,-0.192833
69,3.53543,-2.97604,-0.765023
69,3.84259,-2.76933,-0.152434
69,3.66099,-3.08208,-0.203267
69,3.86639,-2.71008,-0.18101
69,5.45487,-0.740511,1.45056
69,3.75514,-2.92091,-0.251733
69,5.3051,-0.59425,0.697948
69,5.47889,-0.739859,1.46307
69,5.46998,-0.755098,1.445
69,3.79184,-2.9058,-0.240079
69,3.37336,-3.95996,0.190976
69,3.55345,-3.00085,-0.858784
69,5.21677,-0.58721,0.281212
69,3.92962,-2.74979,-0.191352
69,3.92911,-2.75152,-0.206645
69,5.84996,-0.117096,1.40018
69,3.94784,-2.75086,-0.181349
69,3.55991,-3.07584,-0.866113
69,4.02141,-2.83371,0.172391
69,5.54336,-0.749292,1.46319
69,4.02417,-2.85615,0.177242
69,3.9706,-2.74956,-0.197522
69,4.02826,-2.87344,0.160037
69,3.98053,-2.84919,-0.11894
69,3.99184,-2.76861,-0.223893
69,4.03455,-2.91304,0.147687
69,5.60946,-0.74574,1.40382
69,4.04205,-2.94318,0.149695
69,3.88947,-3.25747,0.121929
69,3.91256,-3.22266,0.112897
69,4.01915,-2.87351,-0.13933
69,4.01967,-2.89724,-0.126459
69,3.92586,-3.23893,0.11073
69,5.82332,-0.699788,1.47482
69,5.92618,-0.0702765,0.727012
69,5.1669,-1.18745,0.137477
69,5.52025,-0.671986,0.281292
69,5.99374,-0.0600442,0.722411
69,5.53523,-0.67571,0.27346
69,3.43212,-3.77926,-1.15446
69,5.91032,-0.705304,1.48521
69,5.22738,-1.20841,0.130975
69,5.2289,-1.20261,0.121551
69,5.08634,-1.42114,0.0370025
69,5.51962,-0.688597,0.151269
69,5.59009,-0.678678,0.156126
69,5.95742,-0.903933,1.63624
69,6.26497,-0.0575164,0.706925
69,4.59031,-3.68619,1.4237
69,6.14807,-0.857438,1.42955
69,6.07484,-0.62381,0.677433
69,6.11797,-0.627132,0.67167
69,6.41311,-0.100231,0.558309
69,6.526,-0.0476019,0.707149
69,6.65646,-0.083054,1.01731
69,4.77416,-3.91175,1.46248
69,6.24815,-0.682331,0.65258
69,4.40015,-3.96314,0.290658
69,6.14377,-0.839766,0.500713
69,6.06627,-0.771507,0.122521
69,6.01287,-0.919614,0.195157
69,6.0145,-0.921317,0.142101
69,6.02449,-0.905529,0.141645
69,6.03069,-0.918224,0.139005
69,6.01395,-0.956755,0.148912
69,6.02009,-0.955413,0.153938
69,4.43374,-3.98996,0.248275
69,6.02415,-0.955146,0.160948
69,6.03141,-0.931083,0.14065
69,4.43206,-3.96978,0.204032
69,4.43279,-3.98072,0.221541
69,6.04669,-0.920917,0.138994
69,4.41624,-3.99391,0.121901
69,5.04654,-3.59048,1.43041
69,6.79919,-0.399201,1.51096
69,4.44663,-4.03605,0.178952
69,4.79896,-4.18913,1.5043
69,6.44944,-0.658312,0.659842
69,6.80193,-0.0360119,0.698872
69,4.75969,-4.36059,1.52784
69,6.12912,-0.977206,0.148444
69,4.97082,-4.00415,1.48347
69,6.3559,-0.857777,0.471316
69,5.26411,-2.21991,-0.698802
69,4.94114,-4.13982,1.49798
69,5.30641,-3.1928,1.045
69,6.20041,-0.982262,0.120405
69,5.15928,-3.76243,1.45997
69,5.18492,-3.71214,1.45038
69,4.89109,-4.3174,1.52507
69,4.53161,-4.20659,0.183244
69,6.39974,-0.819881,0.348416
69,5.61009,-2.77878,1.05746
69,6.54376,-0.93064,0.83806
69,5.02494,-4.22475,1.51185
69,6.93395,-0.0685716,0.526077
69,4.60235,-4.26356,0.0846992
69,6.54122,-0.751651,0.217143
69,5.20056,-4.06364,1.49804
69,5.52976,-2.62228,0.0873781
69,5.40798,-2.36718,-0.731046
69,5.68295,-2.63632,0.586927
69,5.48,-3.46838,1.28951
69,5.36124,-3.7828,1.36477
69,5.44573,-2.40254,-0.741012
69,5.74701,-3.08794,1.33994
69,5.59629,-2.63979,0.0882437
69,5.71998,-2.71231,0.53095
69,5.79282,-3.11623,1.34932
69,5.45715,-2.42615,-0.877775
69,5.75694,-2.71278,0.541002
69,6.04588,-1.73465,-0.198645
69,5.64865,-2.67291,0.108209
69,5.76536,-2.72778,0.540147
69,5.75788,-3.085,1.10485
69,5.80686,-3.12774,1.32371
69,5.81028,-3.1453,1.34479
69,5.76141,-3.0996,1.10934
69,5.45392,-3.87166,1.3877
69,5.2728,-4.31645,1.53693
69,5.82183,-3.20868,1.34089
69,5.76717,-2.82938,0.516989
69,5.83982,-3.18611,1.3433
69,5.5276,-3.74902,1.28805
69,5.3757,-4.17969,1.52758
69,5.79019,-2.69577,0.0565216
69,5.5631,-3.97247,1.39904
69,7.07829,-0.712104,0.62728
69,4.67653,-4.93915,0.0153126
69,5.86522,-2.7435,0.0395248
69,5.28826,-3.58763,-0.405564
69,5.91382,-3.31896,1.09105
69,5.64511,-2.80698,-0.643691
69,4.66929,-4.99786,-0.038794
69,5.50948,-3.10492,-0.575832
69,4.66535,-5.03528,-0.0410777
69,5.93034,-3.35893,1.08579
69,6.3254,-1.86361,-0.269804
69,5.77437,-2.97631,-0.171245
69,5.80583,-2.92924,-0.154002
69,4.73987,-5.03141,0.0106332
69,4.96058,-5.07323,0.770036
69,7.05938,-0.798105,0.159193
69,5.93838,-3.65818,1.3773
69,4.77925,-5.18827,0.215994
69,5.73464,-4.14931,1.48023
69,5.60205,-3.00943,-0.878418
69,5.94398,-3.12632,0.355744
69,6.39647,-1.89384,-0.294517
69,5.85857,-3.03963,-0.170358
69,5.53951,-3.25312,-0.829442
69,5.66484,-3.61915,0.167383
69,5.889,-3.02181,-0.162339
69,5.87755,-3.054,-0.162966
69,5.91418,-3.01197,-0.166187
69,4.86387,-5.16264,0.0609317
69,5.64741,-3.1488,-0.880364
69,5.46193,-3.75387,-0.481254
69,5.95086,-3.01776,-0.180372
69,4.87383,-5.28892,0.214311
69,6.11627,-3.48995,1.04266
69,4.89916,-5.28369,0.211521
69,5.67963,-3.1609,-0.92865
69,6.05704,-3.242,0.385803
69,5.49658,-3.78564,-0.486526
69,6.53471,-1.96414,-0.323586
69,5.70077,-3.19341,-0.89753
69,5.7457,-3.27488,-0.663831
69,6.57431,-1.96971,-0.329614
69,5.55215,-3.84897,-0.629642
69,5.54979,-3.85024,-0.643112
69,6.07619,-4.07022,1.35292
69,6.67233,-1.99374,-0.359316
69,5.57108,-3.875,-0.695639
69,5.06038,-5.50964,0.291454
69,5.19018,-5.58277,0.764238
69,6.28145,-4.02083,1.44087
69,5.65719,-3.95815,-0.70889
69,6.13382,-4.2984,1.36404
69,6.09901,-4.43419,1.35035
69,7.80462,-0.789656,0.596769
69,5.70095,-4.01269,-0.70284
69,6.0948,-4.46274,1.08814
69,6.1132,-4.45855,1.08155
69,6.26141,-4.36944,1.37658
69,6.32537,-4.2645,1.39237
69,6.21549,-4.61559,1.41353
69,6.26268,-4.58853,1.36742
69,6.24941,-4.55868,1.08341
69,8.17669,-0.86507,0.431213
69,6.65987,-4.37983,1.50983
69,5.99575,-4.38761,-0.881477
69,6.09598,-4.50508,-0.907452
69,6.55606,-4.40792,0.00193918
69,6.17122,-4.60076,-0.970289
69,6.64127,-4.45527,-0.00696319
69,6.83181,-4.61912,-0.048553
69,7.19433,-5.03153,1.52981
69,5.79794,-4.15112,1.07123
68,5.79794,-4.15112,1.07123
69,3.93706,-1.36674,1.05383
68,3.93706,-1.36674,1.05383
69,4.73252,-2.29583,-0.439605
68,4.73252,-2.29583,-0.439605
69,3.64972,-1.27073,1.01088
68,3.64972,-1.27073,1.01088
69,3.83231,-1.35201,1.02898
68,3.83231,-1.35201,1.02898
69,6.00328,-4.32676,1.07242
68,6.00328,-4.32676,1.07242
69,5.5481,-3.92589,1.05337
68,5.5481,-3.92589,1.05337
69,3.65589,-1.24012,0.775136
68,3.65589,-1.24012,0.775136
69,5.76325,-3.54063,1.06859
68,5.76325,-3.54063,1.06859
69,3.89853,-1.34728,1.01862
68,3.89853,-1.34728,1.01862
69,5.62392,-2.94347,-0.674937
68,5.62392,-2.94347,-0.674937
69,3.85441,-1.40106,-0.183098
68,3.85441,-1.40106,-0.183098
69,3.99469,-2.74707,-0.849996
68,3.99469,-2.74707,-0.849996
69,3.83528,-1.70217,-0.803279
68,3.83528,-1.70217,-0.803279
69,5.09326,-2.9186,-0.596837
68,5.09326,-2.9186,-0.596837
69,5.24586,-2.86254,-0.390662
68,5.24586,-2.86254,-0.390662
69,3.1901,-2.88713,-0.288901
67,3.1901,-2.88713,-0.288901
70,2.13518,-0.1435,0.820339
70,2.22431,-0.18297,0.838076
70,2.43531,-0.0389953,0.72152
70,3.68875,-1.36206,0.922752
70,3.75264,-1.32179,1.02369
70,3.77333,-1.33985,1.04568
70,3.75473,-1.40897,1.0193
70,3.82302,-1.3198,1.06673
70,3.82695,-1.31077,1.07387
70,3.74743,-1.28238,0.757872
70,3.61547,-1.01115,0.112653
70,3.83436,-1.32814,1.06629
70,3.64103,-0.971842,0.160195
70,3.85685,-1.32501,1.0765
70,3.65626,-0.974806,0.155627
70,3.85457,-1.34033,1.06975
70,3.86791,-1.34517,1.07295
70,3.6702,-0.995454,0.146135
70,3.81441,-1.44268,0.843083
70,3.90684,-1.34986,1.08094
70,3.71227,-1.09961,0.150637
70,3.69372,-1.21626,0.149023
70,3.70154,-1.20851,0.157163
70,3.95334,-1.29921,1.07152
70,3.71204,-1.19075,0.162257
70,3.5537,-0.837024,-0.618484
70,4.19936,0.413739,0.837583
70,3.55818,-0.845456,-0.613418
70,3.96209,-1.28343,1.067
70,3.71935,-1.20609,0.161628
70,3.96942,-1.297,1.07179
70,3.95556,-1.34843,1.01599
70,3.9858,-1.31275,1.07608
70,4.23556,0.421079,0.825025
70,3.74956,-1.21069,0.148254
70,3.97267,-1.35917,1.01422
70,3.876,-1.27815,0.553152
70,3.9544,-1.34874,0.846912
70,3.95793,-1.34526,0.846758
70,4.01747,-1.28631,1.01402
70,4.0363,-1.28829,1.07124
70,3.97779,-1.35001,0.894948
70,3.8992,-1.2775,0.558648
70,3.89999,-1.27405,0.554507
70,3.82046,0.280194,-0.719907
70,4.02324,-1.3109,0.985831
70,3.98328,-1.32689,0.819043
70,4.01611,-1.29722,0.913152
70,3.62982,-1.14974,-0.55776
70,4.04997,-1.31274,1.00408
70,4.02969,-1.30704,0.923953
70,3.99201,-1.33491,0.790231
70,4.2987,0.108657,0.734777
70,4.0558,-1.30436,0.731216
70,3.78804,-1.33813,-0.191548
70,3.70216,-0.944464,-0.766116
70,4.41904,0.462362,0.826892
70,3.71398,-0.939094,-0.773746
70,3.71928,-0.988008,-0.758151
70,3.81192,-1.34364,-0.213476
70,4.0361,0.666315,-0.739353
70,3.75315,-1.23545,-0.528793
70,3.75975,-1.26105,-0.507359
70,4.10588,-1.2374,0.674258
70,3.83332,-1.40868,-0.181862
70,4.1044,-1.18617,0.604915
70,4.05593,0.674317,-0.744766
70,4.03473,-0.912619,0.162644
70,4.11683,-1.26604,0.668033
70,3.8517,-1.402,-0.175586
70,4.12246,-1.28384,0.688986
70,4.1445,-1.26673,0.729802
70,3.85464,-1.42826,-0.197446
70,3.7952,-1.27937,-0.530832
70,3.86604,-1.43842,-0.201854
70,3.85753,-1.48682,-0.210845
70,3.85528,-1.50366,-0.223301
70,3.62134,-1.87369,-0.803825
70,3.87687,-1.44453,-0.211066
70,4.07402,-1.02378,0.197265
70,4.15566,0.812205,-0.701921
70,3.87522,-1.48981,-0.221627
70,3.88726,-1.49017,-0.227503
70,4.33001,0.497456,0.0308848
70,3.83264,-1.29691,-0.590467
70,4.14636,0.733013,-0.826868
70,3.9252,-1.51414,-0.192311
70,4.16801,0.712718,-0.762303
70,3.79743,-1.2594,-0.807647
70,4.18128,0.699681,-0.727711
70,3.83389,-1.37885,-0.762185
70,3.73024,-1.89617,-0.864462
70,4.42195,0.50844,-0.00281429
70,4.64477,0.24877,0.900881
70,4.44158,0.475129,0.0145884
70,4.27809,0.784344,-0.756578
70,4.23592,-0.977704,0.189553
70,3.77949,-1.80424,-0.883728
70,3.78226,-1.80606,-0.883361
70,3.78447,-1.82509,-0.895604
70,3.85776,-1.55322,-0.814845
70,3.83915,-1.71336,-0.80429
70,4.50816,0.516998,0.0857192
70,4.4655,0.524438,-0.100537
70,3.95539,-1.40511,-0.681625
70,3.77869,-2.48306,-0.670085
70,4.50485,0.524972,-0.12303
70,3.79317,-2.50268,-0.693015
70,4.77752,-0.210829,1.24581
70,4.35161,-0.884174,0.160374
70,4.74954,-0.279574,1.13026
70,3.98595,-1.46562,-0.798281
70,4.71481,0.232277,0.640362
70,3.90045,-1.96226,-0.852707
70,3.89848,-1.97573,-0.859845
70,4.78317,-0.278033,1.13429
70,4.51531,0.199207,-0.109246
70,4.83496,-0.211789,1.25152
70,3.97745,-2.72212,-0.193545
70,4.55503,0.546366,-0.253331
70,4.51976,0.259625,-0.213536
70,4.50082,0.184265,-0.235767
70,4.47295,1.15363,-0.960854
70,4.72773,-0.620434,1.01561
70,4.48494,1.16208,-0.973794
70,4.99664,1.26528,0.723179
70,4.7423,-0.32099,0.819116
70,4.85994,0.709089,0.56802
70,4.0127,-2.72519,-0.217189
70,4.79411,0.257442,0.612623
70,4.98156,0.267404,1.17229
70,4.62114,0.574396,-0.278163
70,4.62514,0.459489,-0.197487
70,4.04908,-2.75788,-0.200472
70,4.8304,0.261466,0.605578
70,5.02467,0.335124,1.21152
70,4.9598,-0.154273,1.29344
70,4.57739,0.104553,-0.203644
70,5.09608,0.421296,1.36099
70,4.55635,1.19329,-1.01179
70,5.04031,0.324128,1.19576
70,4.88521,-0.232102,1.00731
70,5.11294,0.413115,1.36676
70,4.67051,0.661423,-0.333449
70,4.53628,-0.93175,0.197481
70,4.76309,0.545258,0.0178149
70,4.91893,0.297944,0.700663
70,4.64059,0.275961,-0.257598
70,4.64718,0.59727,-0.46295
70,4.71022,0.189414,-0.00351447
70,5.15088,0.430058,1.37875
70,4.94277,0.309218,0.694581
70,5.00966,0.272442,0.86848
70,4.97395,0.323676,0.681462
70,5.17504,1.34477,0.722987
70,5.22031,0.418683,1.44834
70,4.92495,-0.235245,0.821244
70,5.05857,0.766718,0.645749
70,5.13662,0.31804,1.19236
70,5.13953,0.321083,1.19129
70,5.04157,0.274978,0.866496
70,4.83535,1.17146,-0.429729
70,4.99783,-0.61523,1.26681
70,5.00569,0.318721,0.687645
70,5.10002,-0.137983,1.29829
70,4.70067,0.19434,-0.315747
70,5.00483,-0.236881,1.01564
70,5.09556,-0.426044,1.42437
70,5.07687,0.27676,0.867369
70,5.19692,0.340855,1.21081
70,4.98282,-0.235339,0.821318
70,5.0959,0.280735,0.864631
70,4.69657,-0.895741,0.204259
70,4.99606,-0.232447,0.820991
70,5.3183,0.459244,1.47196
70,4.94629,0.23564,0.269914
70,4.97304,0.255881,0.298914
70,5.05978,0.331868,0.548837
70,4.96579,0.249448,0.266274
70,4.98006,0.239597,0.267369
70,5.21857,-0.140782,1.32279
70,5.20648,-0.409095,1.42042
70,5.12224,-0.168199,0.969468
70,5.39235,0.486521,1.48191
70,5.04614,-0.351309,0.806
70,4.77915,-0.893705,0.200748
70,4.93992,-0.290222,0.36159
70,5.0128,0.237543,0.255893
70,5.12117,0.337317,0.541548
70,4.84024,0.214223,-0.378926
70,5.08203,-0.349261,0.806398
70,5.07298,0.334657,0.332272
70,4.97087,-0.308351,0.358768
70,5.26328,-0.438534,1.44593
70,5.05197,0.239795,0.245378
70,4.80004,0.76485,-0.993917
70,4.94606,0.274072,-0.175087
70,4.856,-0.110958,-0.248307
70,5.11937,-0.338749,0.803909
70,5.0632,-0.671475,0.805463
70,5.37936,0.373108,1.22783
70,4.87455,-0.863281,0.211358
70,5.50603,0.601759,1.46916
70,5.51234,0.978741,1.25063
70,5.19137,0.354699,0.523135
70,5.52902,0.944915,1.30338
70,4.70393,-1.53171,-0.0109588
70,5.51781,0.585135,1.4663
70,4.90147,-0.8569,0.210962
70,4.90708,-0.849182,0.215157
70,4.86125,0.817486,-1.0322
70,5.21463,-0.137178,0.76458
70,4.88742,0.0484345,-0.532929
70,5.14986,-0.115506,0.483409
70,5.14012,0.358963,0.10881
70,5.60717,0.612295,1.56044
70,5.20266,0.358858,0.310535
70,5.13568,-0.0223111,0.267822
70,4.90418,0.75995,-1.04757
70,4.92945,0.133391,-0.562699
70,4.96056,-0.914745,0.202859
70,5.61231,0.958212,1.26242
70,4.94796,0.212293,-0.579294
70,5.0096,0.0266868,-0.267893
70,5.62115,0.610273,1.48437
70,4.97036,0.208964,-0.585169
70,4.95867,0.0842715,-0.572794
70,4.96295,0.051292,-0.565141
70,5.05543,0.0542006,-0.275357
70,5.23791,-0.6759,0.815159
70,5.40261,-0.737844,1.38234
70,5.31718,0.864703,0.0296885
70,5.41719,-0.737115,1.38558
70,5.06674,-0.828181,0.212998
70,5.27483,0.360932,0.0880992
70,5.26481,0.354753,0.0516025
70,4.78405,-2.73923,0.319815
70,5.03363,0.0546046,-0.607588
70,5.20903,-0.124143,0.0849069
70,5.28319,-0.0102255,0.249625
70,5.41157,-0.132329,0.757532
70,5.20401,-0.403638,0.184251
70,5.33819,0.375614,0.105171
70,5.42521,-0.687888,1.0693
70,5.5411,-0.742793,1.47603
70,5.54366,-0.741012,1.47224
70,5.37545,0.395142,0.0544729
70,5.28794,-0.125117,0.0645559
70,5.27018,-0.547478,0.25759
70,5.57395,-0.139006,1.01378
70,5.51716,-0.0972427,0.720353
70,5.31224,-0.535716,0.255597
70,5.91551,1.0822,1.2979
70,5.43452,-0.611305,0.679644
70,5.66712,0.995243,0.466516
70,5.29328,-0.668561,0.201747
70,5.31142,-0.655057,0.237613
70,5.32709,-0.664492,0.275729
70,4.94046,-2.84547,0.294661
70,5.28233,0.037381,-0.361613
70,5.62998,0.979263,0.220332
70,5.63043,0.979886,0.215622
70,5.36451,-0.565333,0.237969
70,5.33934,-0.764011,0.219682
70,5.3465,-0.748852,0.223083
70,5.7154,-0.695783,1.46708
70,5.39049,-0.600458,0.26547
70,5.3897,-0.654505,0.199784
70,5.39093,-0.649773,0.199608
70,5.62028,0.995545,-0.0608799
70,5.7873,-0.694963,1.54923
70,5.88299,-0.125391,1.47164
70,5.6567,0.974964,-0.0172068
70,5.82076,1.03394,0.451832
70,5.65255,-0.310756,0.575429
70,5.86788,-0.717644,1.57407
70,5.9222,1.07341,0.600342
70,5.08801,-2.99392,0.266861
70,5.76449,-0.0749923,0.753875
70,5.77064,-0.826638,1.25036
70,5.77449,-0.0709176,0.755426
70,5.87279,-0.0577086,1.08075
70,5.94385,1.06781,0.610279
70,5.82863,1.03172,0.19279
70,5.70116,-0.315092,0.573924
70,5.75721,1.04237,-0.0934587
70,5.80989,-0.823068,1.24788
70,5.93151,-0.0249103,1.13056
70,6.00651,-0.0919294,1.39602
70,5.71783,-0.791478,0.792203
70,5.82186,-0.836654,1.17869
70,5.53341,0.824351,-0.883786
70,5.96062,-0.0665862,1.09494
70,5.93282,0.518628,0.573609
70,5.86644,-0.0921799,0.696657
70,5.88895,-0.0615739,0.72954
70,5.80116,-0.321108,0.565978
70,5.9412,1.16018,0.0922009
70,6.04307,-0.0170945,1.13304
70,5.62422,-0.843575,0.185028
70,6.14734,-0.151707,1.55661
70,5.82824,-0.10706,0.412355
70,5.85511,-0.846572,0.955097
70,5.89644,1.04604,-0.103311
70,5.86082,-0.846089,0.938473
70,5.64797,-0.842411,0.184284
70,5.94628,-0.0702422,0.713833
70,6.17189,-0.354949,1.67991
70,5.85419,-0.826915,0.830673
70,5.84583,-0.826172,0.79572
70,5.50847,-3.20315,1.07374
70,5.80515,-0.78172,0.548227
70,6.05532,0.538877,0.560232
70,6.04606,0.642413,0.451963
70,5.74409,-0.701856,0.250532
70,6.12046,-0.0368194,1.1358
70,5.88126,-0.838316,0.78616
70,5.81737,-0.850054,0.555991
70,5.97693,1.10436,-0.140011
70,6.14647,-0.455161,1.42839
70,5.51613,-3.33362,1.05636
70,5.52479,-3.37422,1.06605
70,5.14776,-3.00341,-0.482965
70,5.95291,-0.862473,0.963259
70,5.84451,-0.85974,0.554157
70,6.32703,1.10246,0.983736
70,5.89422,1.1209,-0.537746
70,6.02494,-0.0112037,0.634232
70,6.03726,-0.0208591,0.633611
70,5.7624,-0.856532,0.192575
70,5.86066,-0.834243,0.512087
70,6.09809,1.24613,0.0166689
70,5.47229,-2.62488,0.226669
70,5.8499,1.05446,-0.79009
70,6.3675,1.26499,0.873817
70,5.47431,-2.62056,0.224543
70,5.83251,-0.861705,0.351282
70,5.7747,-0.928195,0.187993
70,6.20931,-0.0463111,1.13537
70,5.85829,-0.869771,0.351492
70,5.9927,0.516671,-0.132455
70,5.88975,0.667527,-0.597386
70,5.98655,-0.807627,0.673006
70,6.13252,1.06944,-0.0128371
70,5.72416,-3.48318,1.36139
70,5.95472,1.07739,-0.840514
70,5.54021,-2.65509,0.0729446
70,5.76707,-3.49132,1.34995
70,5.79805,-2.88653,1.06046
70,5.57735,-2.61551,0.113396
70,6.28084,1.84021,-0.263635
70,6.0702,1.73923,-0.935604
70,5.83075,-2.86254,1.07374
70,6.21248,-0.770286,1.06515
70,5.65735,-2.64678,0.276182
70,6.4166,-0.396861,1.46378
70,6.11451,1.18586,-0.605388
70,5.879,-3.23547,1.35286
70,6.12434,-0.704429,0.57628
70,6.30824,0.579753,0.396609
70,6.45266,-0.396753,1.46291
70,6.06294,-0.785141,0.34753
70,5.90578,-3.20721,1.33206
70,5.80864,-3.76396,1.34399
70,5.74588,-2.81655,0.508577
70,5.80638,-3.81564,1.34565
70,5.75922,-2.82402,0.516643
70,6.17305,-0.673755,0.579207
70,5.40821,-3.16181,-0.514106
70,5.40364,-2.82362,-0.769721
70,5.70543,-2.65621,0.174671
70,5.66889,-2.68712,0.0653552
70,6.48769,-0.438393,1.47423
70,6.09631,-0.733817,0.269155
70,6.10648,-0.735764,0.200337
70,5.70653,-3.99433,0.872044
70,6.40741,-0.758262,1.25858
70,5.91814,-3.63832,1.37091
70,6.22304,-0.699358,0.56909
70,6.26338,1.66873,-0.80172
70,6.14196,-0.727279,0.282357
70,5.91311,-3.30847,1.09813
70,5.76387,-2.68695,0.164156
70,6.09543,0.758725,-0.890577
70,6.15794,-0.745857,0.266157
70,6.00961,-3.30758,1.33138
70,6.16416,0.687523,-0.697157
70,5.47454,-2.92455,-0.823812
70,6.40153,1.22806,-0.241749
70,6.09805,0.13263,-0.618049
70,5.4872,-2.91068,-0.835336
70,6.31944,1.23719,-0.65111
70,5.55408,-2.89147,-0.798566
70,6.01801,-3.32199,1.07185
70,5.53276,-2.96581,-0.848737
70,6.48901,1.89521,-0.600791
70,6.26378,-0.706112,0.255331
70,5.93339,-2.92957,0.504216
70,5.48443,-3.31047,-0.828851
70,5.88503,-3.08459,0.418024
70,6.21384,0.799203,-0.919258
70,6.29385,0.785941,-0.638543
70,5.54484,-2.99584,-0.874852
70,6.37312,-0.819303,0.617854
70,5.55268,-3.04087,-0.84836
70,5.53429,-3.28715,-0.768334
70,6.30423,-0.850697,0.368826
70,6.30466,-0.828816,0.340053
70,6.3938,0.161785,0.00291002
70,5.59592,-3.0447,-0.75897
70,5.5686,-3.10215,-0.841846
70,5.62744,-3.20788,-0.607363
70,6.33994,-0.830473,0.339253
70,5.62663,-3.02003,-0.765317
70,6.36035,-0.732126,0.263859
70,6.35627,0.788216,-0.779171
70,5.97793,-3.16032,0.398834
70,6.06409,-1.7891,-0.208466
70,5.66642,-3.29892,-0.640458
70,6.04261,-3.06212,0.512542
70,6.82704,0.856789,0.749447
70,5.63068,-3.1592,-0.882056
70,5.73832,-3.12254,-0.549847
70,5.74677,-3.02291,-0.595278
70,6.55108,0.078186,0.240058
70,5.61161,-3.88633,-0.537489
70,5.74438,-2.97509,-0.682676
70,5.86851,-3.04097,-0.243171
70,6.09628,-1.83364,-0.217392
70,6.40987,0.738249,-0.793149
70,6.81456,0.773036,0.544226
70,6.04361,-3.25982,0.393902
70,6.82738,0.767499,0.557423
70,5.7038,-3.19876,-0.89467
70,5.69295,-3.28208,-0.902762
70,6.52318,0.798019,-0.652663
70,6.7576,-0.779422,1.15654
70,6.38764,0.674047,-1.08691
70,6.61448,1.34679,-0.777648
70,6.49516,0.785033,-0.841178
70,5.74455,-3.35436,-0.931177
70,5.7014,-3.99917,-0.730585
70,6.94522,2.18531,-0.412822
70,6.49772,0.737815,-1.15548
70,6.50847,0.172263,-0.787669
70,6.62527,1.69578,-1.44781
70,5.83566,-4.07929,-0.582335
70,6.54453,0.754723,-1.18131
70,6.55567,0.744543,-1.18076
70,7.29895,-0.14653,1.88128
70,6.58719,0.703195,-1.1853
70,6.86764,1.83755,-0.990593
70,7.00816,-0.800027,1.16976
70,6.77758,1.55762,-1.14452
70,5.81563,-4.27267,-0.824904
70,5.82696,-4.27895,-0.82272
70,7.4408,1.60604,0.870576
70,6.85771,0.202811,-0.903839
70,6.16801,-4.54704,-0.711175
70,7.76575,0.21623,1.5823
70,8.43611,1.91298,0.892695
70,12.0291,0.907213,2.82777
70,5.71072,-2.85004,-0.653367
68,5.71072,-2.85004,-0.653367
70,5.15199,-2.73205,-0.576189
68,5.15199,-2.73205,-0.576189
70,5.34845,-3.18108,-0.767533
68,5.34845,-3.18108,-0.767533
70,5.41658,-3.71894,0.986865
68,5.41658,-3.71894,0.986865
71,1.85463,-0.164208,1.12157
71,1.84877,-0.169144,1.07359
71,2.03919,-0.100318,1.03487
71,2.15472,-0.078913,1.05465
71,2.29543,-0.124455,1.05071
71,2.38177,-0.323773,1.14262
71,2.30915,-0.110971,0.895239
71,2.33864,-0.0958503,0.966021
71,2.33675,-0.144053,0.846071
71,2.36344,-0.145802,0.869597
71,2.70131,-0.314433,1.11961
71,3.12754,0.0745932,0.726447
71,3.39951,-1.06645,0.765629
71,3.44306,0.122894,0.845369
71,3.47622,-1.25389,0.345592
71,3.28386,0.499083,-0.274805
71,3.31499,0.614332,-0.20503
71,3.38159,0.472517,-0.387759
71,3.83062,-1.21525,0.361692
71,3.39616,0.653034,-0.270746
71,3.85925,-1.34161,0.393757
71,3.83638,0.905068,1.26792
71,3.84377,-1.20608,0.372751
71,3.87679,-1.35952,0.385913
71,3.42348,0.661313,-0.254721
71,3.88945,-1.35612,0.391318
71,3.43928,0.670677,-0.26129
71,3.88587,-1.24311,0.381901
71,3.89263,-1.25236,0.372929
71,3.44966,0.68818,-0.270882
71,3.90349,-1.25206,0.374132
71,3.89997,-1.24681,0.347649
71,3.45148,0.671058,-0.307741
71,3.92091,-1.28581,0.362526
71,3.48169,0.69646,-0.296346
71,3.54129,0.703656,-0.334299
71,4.04422,0.629553,1.23579
71,4.04313,-1.27519,0.364035
71,4.04435,-1.25855,0.367513
71,3.57327,0.719209,-0.356661
71,4.14661,0.598256,1.45071
71,3.41759,1.55731,-0.551363
71,3.60408,0.566153,-0.400325
71,3.5963,0.714984,-0.382158
71,3.61882,0.578099,-0.415425
71,4.09004,-1.21792,0.363876
71,4.11856,-1.22079,0.349696
71,3.63656,0.726664,-0.410315
71,3.68076,0.169219,-0.570411
71,3.69859,-0.0687227,-0.644857
71,4.31221,-0.454951,1.21429
71,3.70557,-0.0702639,-0.643845
71,3.70105,0.305214,-0.524151
71,3.70426,0.171743,-0.58669
71,4.2222,-1.50398,0.377439
71,3.68677,0.652259,-0.476416
71,3.74047,-0.0550417,-0.640073
71,4.24498,-1.49749,0.355345
71,3.74993,0.324648,-0.562909
71,3.92769,0.46554,0.067229
71,3.76054,0.34389,-0.554575
71,3.79041,-0.160203,-0.675321
71,3.79228,-0.153788,-0.68195
71,3.77592,0.344612,-0.564456
71,4.10072,0.694756,0.654391
71,3.78827,0.348437,-0.579645
71,3.79131,0.345743,-0.575999
71,4.2956,0.715537,1.25052
71,3.83691,-0.166583,-0.700803
71,4.35155,0.906198,1.44654
71,3.8146,0.38926,-0.56708
71,4.15815,0.783645,0.738373
71,4.39948,0.705905,1.49597
71,3.80455,0.561931,-0.546786
71,3.79338,0.662906,-0.550077
71,4.38547,0.726147,1.42431
71,4.20763,1.12584,1.00875
71,3.85216,0.11411,-0.665725
71,4.3837,0.942647,1.45428
71,3.82596,0.56877,-0.557272
71,3.82627,0.565875,-0.559339
71,3.85144,0.144645,-0.667468
71,3.83796,0.497263,-0.56111
71,3.8548,0.148705,-0.66469
71,3.82945,0.565789,-0.571117
71,3.83508,0.557012,-0.562015
71,3.86071,0.226538,-0.634412
71,3.85215,0.488774,-0.564238
71,3.65939,1.58607,-0.728434
71,3.67499,1.54934,-0.698658
71,3.70352,1.54794,-0.611823
71,3.87018,0.151244,-0.68167
71,3.66657,1.58307,-0.73349
71,3.71162,1.55948,-0.604918
71,3.85439,0.566619,-0.577026
71,3.87888,0.178374,-0.66759
71,3.88075,0.231375,-0.646817
71,3.69734,1.5468,-0.693326
71,3.85855,0.561855,-0.588125
71,3.88246,0.149312,-0.689457
71,4.41759,-1.52455,0.35436
71,3.86689,0.863697,-0.436665
71,3.87267,0.822294,-0.459165
71,4.48919,0.88329,1.60763
71,3.86757,0.570866,-0.598609
71,4.43254,-1.46198,0.372739
71,3.91648,0.341036,-0.574978
71,3.74196,1.57619,-0.631426
71,4.43321,0.160035,1.03583
71,3.88817,0.881058,-0.460473
71,4.45895,0.974227,1.46551
71,3.86853,0.724394,-0.609715
71,3.88347,0.594582,-0.617547
71,3.78809,1.4763,-0.55019
71,3.75098,1.5826,-0.631692
71,4.47918,0.980726,1.46566
71,3.91586,0.929323,-0.426469
71,3.91038,0.834735,-0.488949
71,4.72401,-0.996743,1.38263
71,3.92242,0.933084,-0.44743
71,3.92912,0.570262,-0.583269
71,3.75256,1.59783,-0.747893
71,4.49853,-0.195762,0.920579
71,3.99007,1.33871,-0.101244
71,3.80721,1.59985,-0.609594
71,4.19638,-0.13294,-0.0878595
71,3.94121,0.904917,-0.497014
71,3.9623,0.854737,-0.461626
71,4.0233,0.484494,-0.463273
71,4.01939,0.375036,-0.53104
71,3.98362,0.843835,-0.45643
71,3.83523,1.62461,-0.619037
71,3.96965,0.900771,-0.496719
71,4.01046,0.374329,-0.614428
71,4.03314,0.383069,-0.541088
71,3.98584,0.570461,-0.625101
71,4.38082,0.629777,0.709364
71,3.97259,0.935239,-0.517831
71,4.56809,-1.61681,0.317848
71,3.9246,1.43004,-0.494144
71,4.05504,1.34958,-0.114861
71,4.03839,0.499503,-0.54308
71,4.00554,0.834532,-0.506749
71,3.98432,0.940833,-0.533361
71,3.9922,0.862873,-0.541323
71,3.93023,1.44951,-0.498294
71,4.40558,1.14384,0.936784
71,3.91707,1.54678,-0.507183
71,4.63553,1.00129,1.63187
71,4.04215,0.410272,-0.602667
71,3.85447,1.54054,-0.738375
71,4.87511,-0.784962,1.62179
71,4.63402,0.00207989,1.1605
71,4.00915,0.950112,-0.498003
71,3.94228,1.44859,-0.516146
71,3.94076,1.48993,-0.514162
71,3.94854,1.43731,-0.514517
71,4.00328,0.951092,-0.54669
71,4.00667,0.948805,-0.548527
71,3.86954,1.54641,-0.744033
71,4.06213,0.464535,-0.579319
71,4.39983,0.54615,0.572488
71,3.86773,1.55096,-0.753611
71,4.09553,0.431974,-0.486553
71,4.01328,0.8648,-0.579167
71,4.61084,-1.63379,0.310015
71,3.87987,1.53297,-0.740238
71,4.01692,0.951769,-0.55684
71,4.029,0.891561,-0.547455
71,4.05827,0.348764,-0.69568
71,4.07655,0.512767,-0.565965
71,3.97034,1.43515,-0.51705
71,4.02643,0.873175,-0.594641
71,4.10711,0.39102,-0.537607
71,3.95434,1.62123,-0.513437
71,4.53002,0.263491,0.800514
71,4.51708,0.772042,0.970891
71,4.10192,1.37592,-0.15191
71,4.10459,0.416555,-0.578576
71,4.10998,0.398231,-0.579575
71,4.10204,0.494476,-0.565509
71,4.3147,-0.137388,-0.137712
71,4.48873,-0.449436,0.301202
71,4.04218,0.88478,-0.600415
71,4.07473,0.86152,-0.509547
71,4.48215,1.25904,0.994463
71,4.39551,1.16587,0.6615
71,4.10413,0.415201,-0.657671
71,4.06417,0.910384,-0.579685
71,4.07651,0.862607,-0.567817
71,4.00913,1.44717,-0.536701
71,4.13003,0.398645,-0.592588
71,4.10612,0.415507,-0.667986
71,4.13129,0.512412,-0.592115
71,4.61295,1.42039,1.39441
71,4.08926,0.901853,-0.58099
71,4.1344,0.398138,-0.675778
71,4.0599,0.790892,-0.754329
71,4.1451,0.518849,-0.59252
71,4.15948,1.39865,-0.170891
71,4.52063,1.20408,0.927146
71,3.99897,1.44851,-0.69858
71,4.1041,1.3128,-0.43012
71,4.11951,0.763283,-0.621988
71,4.12612,0.473461,-0.731531
71,4.10867,1.32248,-0.433791
71,4.11356,1.32035,-0.424009
71,4.01999,1.46217,-0.710652
71,4.65789,1.4385,1.3912
71,4.7,0.784403,1.22548
71,4.18776,0.557307,-0.583343
71,4.45968,0.244598,0.180842
71,4.15039,0.553257,-0.713626
71,4.49519,-0.437547,-0.0296828
71,4.65706,0.240277,0.801677
71,4.15508,0.550708,-0.733452
71,4.17344,0.593844,-0.658444
71,4.04695,1.45186,-0.711857
71,4.59714,1.44101,1.10261
71,4.20414,0.631156,-0.559804
71,4.37428,1.17884,0.240972
71,4.6422,0.811484,0.961079
71,4.72456,-1.13117,0.383712
71,4.21699,0.565316,-0.588891
71,4.67206,1.43909,1.27651
71,4.75045,-0.0432625,0.881173
71,4.70861,1.46266,1.39164
71,4.6083,-0.435698,0.231992
71,4.19619,0.597995,-0.687657
71,4.46799,0.219995,0.0463097
71,4.45189,0.588133,0.123324
71,4.77336,1.5008,1.58349
71,4.54472,0.195444,0.25446
71,4.56463,0.246277,0.338985
71,4.64031,1.47304,1.09948
71,4.17914,1.3706,-0.479949
71,4.76727,0.81438,1.22383
71,4.6996,1.43819,1.26764
71,4.81882,1.5233,1.69296
71,4.65121,1.45836,1.1048
71,4.22574,0.86736,-0.578532
71,4.68513,-0.126838,0.508516
71,4.22496,0.612846,-0.697317
71,4.84783,0.863007,1.47374
71,4.65724,1.4679,1.10268
71,4.94469,0.261639,1.51923
71,4.60627,-0.105571,0.233519
71,4.21788,0.701779,-0.704808
71,4.21847,0.706191,-0.705792
71,4.75078,1.49077,1.39531
71,4.46706,0.30092,-0.0672487
71,4.11121,1.74823,-0.623143
71,4.24465,0.527372,-0.714152
71,4.77485,0.832091,1.16938
71,4.23149,0.797472,-0.663967
71,4.75821,0.348196,0.883229
71,4.51996,1.18367,0.456121
71,4.52995,-0.0479765,-0.0613861
71,4.67461,0.904896,0.816499
71,4.85442,-1.5397,0.34386
71,4.28286,1.47624,-0.238289
71,4.79273,0.839302,1.16965
71,4.56722,0.761406,0.368886
71,4.83149,-0.0370598,0.893536
71,4.68472,1.4638,1.05164
71,4.71531,-0.414687,0.327124
71,4.35281,0.324004,-0.55669
71,4.68348,-0.457993,0.195496
71,4.80734,0.872855,1.16883
71,4.45991,2.31419,0.63666
71,4.78929,0.356931,0.872695
71,4.13726,1.51796,-0.796114
71,4.55512,-0.324082,-0.228191
71,4.85627,-0.0254363,0.882879
71,4.73845,0.370123,0.65532
71,4.86888,1.54551,1.59572
71,4.60799,-0.443875,-0.139332
71,4.87607,-0.500592,0.714074
71,4.85957,0.275653,0.994736
71,4.47296,2.39003,0.630697
71,4.28199,0.812657,-0.694552
71,4.5581,-0.226617,-0.244891
71,4.33224,1.51194,-0.255056
71,4.72449,1.26962,0.920019
71,4.97761,-0.720404,0.891395
71,4.68715,-0.0413683,0.223482
71,5.10903,0.0587619,1.66487
71,4.7373,0.91946,0.805936
71,5.24901,-1.13617,1.5977
71,4.49589,2.40744,0.644325
71,4.48064,2.40375,0.58749
71,5.06792,-0.542594,1.23837
71,4.63609,-0.442537,-0.149277
71,5.09834,0.054384,1.59278
71,4.51368,2.28936,0.61111
71,4.70024,-0.395305,0.0594953
71,4.74689,-0.425088,0.185647
71,4.60358,-0.223598,-0.213027
71,4.33139,0.76841,-0.694585
71,4.69448,0.664547,0.457145
71,4.60378,-0.275492,-0.255891
71,4.90719,0.872467,1.24917
71,4.33725,0.770438,-0.70427
71,4.48313,1.10808,-0.0750858
71,4.83065,0.859269,0.962087
71,4.52293,2.44635,0.627461
71,4.34224,0.77796,-0.706745
71,5.168,0.0400857,1.70441
71,4.5794,0.31795,-0.126611
71,4.60449,-0.184942,-0.26939
71,4.77174,-0.434493,0.1736
71,5.03053,-0.724814,0.891905
71,4.53926,2.44332,0.616026
71,4.78549,0.189144,0.449763
71,5.17023,0.0694966,1.6722
71,4.82446,-0.385619,0.322028
71,4.81962,0.182441,0.545617
71,4.52367,1.18162,-0.00253558
71,4.73532,-0.0817629,0.145356
71,4.68387,1.5238,0.668436
71,4.6312,-0.232898,-0.28025
71,4.89156,0.381931,0.847854
71,4.85865,0.883421,0.939979
71,4.4827,1.24911,-0.1588
71,5.17712,0.0776474,1.62698
71,4.70045,1.54677,0.674802
71,4.3883,0.89883,-0.67939
71,4.77293,-0.393654,0.0312071
71,4.58472,2.34002,0.595179
71,5.01771,-1.50732,0.34907
71,4.82395,-0.43804,0.156534
71,4.7723,-0.0753096,0.133457
71,4.26073,1.85692,-0.722061
71,5.00059,-0.493913,0.69058
71,5.1167,0.446719,1.47634
71,4.43556,1.55239,-0.304473
71,5.17903,-0.0270785,1.46884
71,4.69603,1.28534,0.437548
71,4.69915,1.272,0.431336
71,4.73033,1.55319,0.65463
71,4.69002,-0.225334,-0.256942
71,4.40993,0.804482,-0.739002
71,4.85711,0.960191,0.794319
71,5.00255,-0.540076,0.621893
71,5.0488,-1.5157,0.345549
71,4.41338,0.841499,-0.736103
71,4.82731,-0.0804079,0.231314
71,4.42706,0.806921,-0.751661
71,4.86773,-0.0352397,0.338577
71,4.43319,0.803486,-0.768111
71,5.42025,-1.14472,1.65182
71,5.0712,-1.91522,0.142135
71,4.94377,-0.0285049,0.537682
71,4.44619,0.879426,-0.748665
71,5.48568,-1.27211,1.75066
71,4.46079,0.808754,-0.769204
71,5.10944,-1.5497,0.342725
71,4.79911,1.57896,0.662197
71,4.5795,1.80037,0.0194148
71,5.44723,-1.10788,1.62417
71,4.66683,0.76205,-0.148716
71,4.42837,2.34225,-0.257256
71,4.39244,1.47958,-0.765994
71,5.46458,-1.1755,1.628
71,5.25304,-0.0357756,1.42002
71,5.52823,-1.28806,1.77886
71,5.19514,0.489411,1.42139
71,4.87999,-0.0319165,0.134179
71,4.52152,1.59439,-0.346468
71,4.4137,1.48585,-0.786554
71,5.11375,-1.0802,0.390463
71,4.84352,1.61681,0.655785
71,4.93126,-0.378372,0.0736458
71,5.08512,-0.0338149,0.732361
71,4.42436,1.49665,-0.802828
71,4.46269,2.38988,-0.29652
71,4.88772,-0.100763,0.0214304
71,5.51702,-1.11679,1.6644
71,4.85211,1.61776,0.651088
71,5.54437,-1.17619,1.72384
71,4.84492,0.0220576,-0.0775045
71,5.06649,0.420753,0.829106
71,5.37483,0.111928,1.71321
71,5.13307,-0.00837578,0.856613
71,5.07066,0.423414,0.832919
71,4.97664,-0.0233642,0.323749
71,5.53325,-1.13369,1.66987
71,4.99134,-0.0247127,0.336675
71,5.53269,-1.00754,1.69869
71,5.15624,-1.08895,0.389319
71,4.47334,1.53535,-0.842597
71,5.61009,-1.14575,1.75364
71,5.41286,0.167391,1.65625
71,5.42621,0.153311,1.67017
71,4.9168,1.69546,0.64781
71,5.60145,-1.04677,1.69196
71,4.53652,2.44015,-0.324488
71,4.71403,1.88898,-0.0356126
71,5.49967,-0.685389,1.39091
71,5.35354,1.07109,1.58321
71,5.38067,0.52896,1.43525
71,5.71116,-1.16848,1.76987
71,4.73524,0.375939,-0.802765
71,4.7363,0.387402,-0.794625
71,5.37821,1.07438,1.58853
71,4.60153,2.50844,-0.369148
71,4.75332,0.396922,-0.805831
71,5.34709,-1.14026,0.398211
71,5.44906,0.537164,1.43771
71,5.6501,-0.572809,1.61549
71,5.4395,1.09616,1.59161
71,5.43226,1.1115,1.5443
71,4.73922,1.33349,-0.695811
71,5.39431,0.56457,1.06916
71,5.63458,0.183167,1.52919
71,5.34958,1.02286,0.932333
71,5.44098,1.51455,1.44528
71,5.38184,0.483976,0.795971
71,5.58234,0.543735,1.46614
71,5.35093,-0.544776,0.221122
71,5.16437,0.443742,0.0288253
71,5.3744,1.03052,0.944614
71,5.36461,1.02778,0.896988
71,5.27794,0.35863,0.30543
71,4.85317,1.39527,-0.762995
71,4.87542,1.37434,-0.762299
71,4.87632,1.39834,-0.77005
71,5.30576,0.484024,0.253081
71,5.60019,-1.16036,0.469919
71,5.39465,-0.0143012,0.247973
71,5.56735,0.599249,1.07503
71,5.15405,0.81318,-0.217338
71,5.83857,-1.34805,1.09086
71,5.26248,1.02158,0.187808
71,5.25531,0.507027,-0.109733
71,5.8038,-0.552147,1.19631
71,5.29006,1.03566,0.183969
71,5.29451,0.0384193,-0.25441
71,5.40162,3.11426,1.41978
71,5.82579,-0.584673,1.17264
71,5.55588,0.550921,0.658809
71,5.45141,3.1728,1.42903
71,5.19931,0.945737,-0.397214
71,5.74483,-1.38797,0.383308
71,5.74847,-1.31283,0.417043
71,5.68742,0.0201437,0.787907
71,5.36756,1.85271,0.497093
71,5.77714,-0.769275,0.694015
71,5.12315,2.19812,-0.192738
71,5.95951,-1.37097,1.02429
71,5.55797,3.24144,1.67274
71,5.78641,-1.42728,0.391251
71,5.86875,0.744548,1.60767
71,5.56785,0.557781,0.526555
71,5.78667,-1.33275,0.416616
71,5.6119,0.560784,0.652415
71,5.75034,-0.569317,0.61064
71,5.98008,-1.37761,1.01882
71,5.05592,1.49116,-0.87318
71,5.41484,1.91166,0.487325
71,6.08464,-0.576509,1.59163
71,5.49481,3.19576,1.27885
71,5.61417,3.25157,1.68431
71,5.68946,0.576805,0.717721
71,5.72349,0.577008,0.816936
71,5.09353,1.52471,-0.896658
71,5.49842,-0.5144,-0.446287
71,5.70915,0.586317,0.712955
71,5.96055,0.763697,1.61841
71,5.54838,0.560218,0.133202
71,6.13827,-0.575842,1.59324
71,6.20191,-0.893774,1.64708
71,5.901,-0.792215,0.689077
71,5.54861,3.1736,1.21591
71,5.11818,1.57701,-0.907601
71,5.80093,0.0334927,0.673678
71,5.4475,1.99866,0.35287
71,5.79067,0.142248,0.657774
71,5.78238,0.592494,0.824542
71,5.66596,0.549455,0.386164
71,5.59807,0.934915,0.243366
71,5.44025,1.85851,0.0864979
71,6.03908,0.636295,1.53231
71,6.13555,-0.614566,1.1945
71,5.55181,1.70845,0.263577
71,6.32302,-0.940276,1.66456
71,5.70325,0.668724,0.279076
71,5.48909,1.87702,0.0772721
71,5.98484,0.213197,0.964751
71,5.67437,3.34166,1.29131
71,5.63707,0.522848,-0.108307
71,5.23663,1.58883,-0.988856
71,5.91988,0.0276758,0.505769
71,5.7642,0.679053,0.272559
71,5.63993,-0.0458103,-0.511032
71,5.52601,2.16559,0.0416772
71,5.53457,2.15601,0.0404447
71,5.82522,0.674815,0.303811
71,5.76821,0.207828,-0.0967087
71,6.14731,-1.25171,0.482657
71,5.68572,1.78601,0.231524
71,6.11829,-1.12679,0.366235
71,5.40817,1.95673,-0.737891
71,6.18484,0.55324,1.18642
71,6.35039,-0.623195,1.19493
71,6.42587,-1.36398,1.11743
71,5.74043,0.635558,-0.322627
71,6.10885,1.3421,1.191
71,5.90928,0.724233,0.235094
71,6.39298,-0.625604,1.21234
71,6.23603,0.570795,1.18392
71,6.26484,-1.28609,0.447216
71,5.4733,2.02895,-0.754285
71,5.55583,1.87017,-0.566516
71,5.67557,1.09734,-0.529439
71,5.4972,1.97248,-0.745864
71,5.54352,1.8734,-0.78725
71,5.55176,2.03482,-0.788171
71,5.55979,1.91703,-0.821217
71,6.47801,-1.25177,0.836701
71,6.5466,-0.597716,1.33945
71,5.93082,1.18499,0.022964
71,6.37563,-0.478106,0.7162
71,6.62961,-1.41827,1.11556
71,6.63176,-1.42398,1.11968
71,5.92995,1.89614,0.204066
71,5.61651,2.02166,-0.806632
71,6.0219,0.200217,-0.326931
71,5.63948,1.92956,-0.861727
71,5.64737,1.93847,-0.854824
71,6.11857,1.33943,0.443957
71,6.01145,1.28087,-0.00264573
71,6.06756,0.186151,-0.325115
71,6.3246,0.745577,0.697564
71,6.08522,0.22457,-0.33405
71,5.82518,1.98805,-0.503495
71,6.34864,0.757484,0.687735
71,6.67436,-0.596278,1.12331
71,6.11957,0.164382,-0.387753
71,6.02059,1.09931,-0.321097
71,6.16692,1.65859,0.366378
71,6.0875,0.185121,-0.595705
71,5.7833,1.96414,-0.919957
71,6.80249,-0.617777,1.3274
71,6.51959,-0.503663,0.430967
71,6.15754,1.2808,-0.0203838
71,6.68587,-2.62137,-0.0368532
71,6.07876,0.601059,-0.714315
71,6.32254,1.81743,0.574031
71,6.13102,1.24797,-0.316913
71,6.57734,1.49226,1.20989
71,6.95524,-1.38114,1.20246
71,6.15555,1.31376,-0.279004
71,6.33628,1.2707,0.273339
71,6.30399,1.71043,0.348485
71,6.26811,0.649823,-0.25243
71,6.21089,2.04305,0.131208
71,6.09155,1.24854,-0.707763
71,6.23114,1.27336,-0.342566
71,6.3309,2.12773,0.041467
71,6.23617,1.32693,-0.786885
71,6.99136,0.306045,1.13338
71,6.50372,0.802141,-0.437435
71,6.57945,0.0832462,-0.506281
71,7.01349,0.656755,0.925292
71,7.05809,1.89725,1.5336
71,7.29444,-1.42352,0.780013
71,6.98829,1.85696,1.08451
71,7.24832,0.745371,0.917156
71,6.85405,2.93207,-0.316088
71,7.00959,2.49149,-0.0867482
71,7.54944,2.88838,0.94917
71,7.20156,1.03775,-1.13468
71,8.0038,3.04523,1.87868
71,7.90819,1.22907,0.685582
71,8.07071,3.0664,1.87966
71,7.72961,-0.473695,-0.82621
71,7.60176,2.74961,-0.195766
71,7.88743,3.07106,0.874603
71,8.35468,3.12696,1.95579
71,7.64375,1.25509,-1.62338
71,4.99936,0.120427,0.133675
70,4.99936,0.120427,0.133675
71,5.03019,-0.541309,1.42447
70,5.03019,-0.541309,1.42447
71,4.96675,-1.00218,0.441986
70,4.96675,-1.00218,0.441986
71,4.74279,0.202914,0.0745436
70,4.74279,0.202914,0.0745436
71,5.21652,-0.584553,1.37695
70,5.21652,-0.584553,1.37695
71,5.24782,0.644139,-0.363408
70,5.24782,0.644139,-0.363408
71,5.30298,-0.754748,1.53908
70,5.30298,-0.754748,1.53908
71,5.19956,-0.581498,1.65387
70,5.19956,-0.581498,1.65387
71,4.88405,-0.309948,1.67152
70,4.88405,-0.309948,1.67152
71,5.16245,-0.0373583,0.869624
70,5.16245,-0.0373583,0.869624
71,5.13379,0.614452,-0.310775
70,5.13379,0.614452,-0.310775
71,5.29361,-0.0191455,0.695935
70,5.29361,-0.0191455,0.695935
71,4.82828,-0.310272,-0.449896
70,4.82828,-0.310272,-0.449896
71,4.94465,0.428775,0.854663
70,4.94465,0.428775,0.854663
71,4.54373,0.313789,-0.105771
70,4.54373,0.313789,-0.105771
71,4.38267,0.272879,-0.0332588
70,4.38267,0.272879,-0.0332588
71,4.43799,-1.10466,0.40565
69,4.43799,-1.10466,0.40565
71,5.31005,-1.80634,0.365748
69,5.31005,-1.80634,0.365748
71,4.94936,-1.59137,0.310447
69,4.94936,-1.59137,0.310447
71,4.84185,-0.227776,-0.378802
69,4.84185,-0.227776,-0.378802
71,5.3458,-0.207217,-0.604578
69,5.3458,-0.207217,-0.604578
72,2.76988,1.79123,1.26682
72,2.76941,1.79647,1.26326
72,2.76977,1.7987,1.26331
72,2.58699,1.77725,-0.497665
72,2.5982,1.79528,-0.522086
72,3.10757,0.969377,-0.634734
72,2.95732,1.25366,-0.651996
72,3.37246,0.600894,-0.610724
72,2.87392,1.50193,-0.597606
72,3.08524,1.14467,-0.674972
72,3.09275,1.14741,-0.67799
72,2.9145,1.51289,-0.620905
72,2.95934,1.4677,-0.614871
72,3.1072,1.16229,-0.685406
72,3.44584,0.641498,-0.594841
72,3.13187,1.16978,-0.674831
72,2.79666,1.84537,-0.565186
72,3.77748,0.0761545,-0.643753
72,3.77262,0.0911507,-0.641663
72,3.5933,0.4725,-0.582753
72,2.8381,1.841,-0.554909
72,3.79918,0.0941221,-0.633306
72,2.84569,1.85967,-0.581021
72,3.78511,0.230256,-0.617519
72,2.86727,1.85738,-0.609313
72,3.10275,1.42517,-0.649885
72,3.79516,0.331738,-0.597013
72,3.64221,0.596074,-0.677611
72,3.42932,1.05618,-0.60831
72,3.46593,1.07064,-0.639242
72,3.46816,1.07831,-0.6409
72,3.86282,0.42258,-0.611937
72,3.8784,0.42421,-0.615246
72,3.8687,0.459295,-0.611232
72,3.27575,1.54504,-0.639374
72,3.52443,1.10271,-0.650236
72,3.30275,1.55541,-0.65831
72,3.30816,1.56044,-0.646643
72,4.01551,0.333807,-0.652334
72,3.10632,1.91106,-0.731895
72,4.05186,0.389717,-0.612787
72,3.87343,0.722347,-0.624409
72,3.4916,1.31772,-0.740923
72,4.00962,0.479102,-0.641896
72,5.04504,-0.388308,0.670193
72,3.44293,1.59031,-0.578238
72,3.92574,0.695095,-0.652379
72,3.36884,1.70964,-0.632522
72,3.44107,1.60197,-0.60388
72,4.12622,0.420455,-0.606837
72,3.17822,1.99722,-0.816249
72,4.12053,0.529104,-0.599502
72,5.01466,0.17246,1.11761
72,4.13235,0.57436,-0.620431
72,3.82121,1.12713,-0.624427
72,4.29843,0.351826,-0.539487
72,3.20945,2.06011,-0.853759
72,3.41493,1.86932,-0.616723
72,3.61556,1.51679,-0.623695
72,5.29629,-0.0280837,1.43539
72,3.43547,1.86117,-0.644459
72,3.22641,2.09338,-0.864832
72,3.67145,1.4898,-0.613885
72,5.13446,0.191457,1.21882
72,3.35801,2.21986,-0.472086
72,4.03025,0.960727,-0.584654
72,4.17032,0.718713,-0.589888
72,4.12969,0.79036,-0.598294
72,4.06793,0.916417,-0.585834
72,5.18348,0.19816,1.22043
72,4.1988,0.788288,-0.584013
72,5.14648,0.49823,1.4097
72,5.34586,-0.0729298,1.07821
72,5.35112,-0.0731217,1.07822
72,5.39869,0.0253415,1.27047
72,4.50649,0.34144,-0.654675
72,5.40535,-0.0627172,1.07849
72,5.21677,0.515566,1.43474
72,3.77979,2.88771,1.18586
72,3.79516,2.88957,1.1779
72,5.47457,-0.013461,1.24814
72,5.18472,0.526505,1.26424
72,5.2923,0.493876,1.4784
72,5.19006,-0.336839,-0.0162252
72,3.82411,2.71873,0.922365
72,5.37001,-0.494107,0.210653
72,5.32047,0.0386505,0.812246
72,5.43054,-0.420319,0.393966
72,5.27729,0.26946,1.00868
72,5.23968,0.312542,0.915471
72,5.52451,-0.0649787,1.08544
72,3.973,2.6003,0.965803
72,5.35095,-0.486341,0.00252986
72,5.20641,0.536727,1.08891
72,5.08988,0.66264,0.965561
72,5.43517,-0.486843,0.145258
72,5.22286,0.544876,1.10791
72,5.45667,-0.0269981,0.855328
72,5.2453,0.0270354,0.364085
72,5.45697,-0.0152977,0.846312
72,5.23194,0.549885,1.08815
72,5.31164,-0.00992408,0.471277
72,5.31308,-0.0090685,0.465921
72,5.25421,-0.00458204,0.277385
72,3.84431,2.74208,0.654165
72,5.27892,0.0199831,0.358467
72,5.15273,0.549077,0.786928
72,5.37949,-0.101817,0.410785
72,5.23032,0.842031,1.39737
72,3.82626,2.8344,0.669531
72,3.82848,2.7686,0.575639
72,5.23305,0.482671,0.850862
72,5.38241,-0.100713,0.372109
72,5.31218,0.020664,0.365971
72,5.27267,0.0100989,0.235881
72,5.28228,0.724826,1.308
72,5.29131,-0.00137775,0.253718
72,5.40264,-0.112561,0.363169
72,5.24769,0.218907,0.42555
72,3.80352,2.84184,0.533592
72,5.33936,0.0165032,0.352325
72,5.20899,0.498141,0.700671
72,5.69218,-0.0763045,1.10808
72,5.32373,-0.0251622,0.222233
72,5.24023,1.03889,1.56526
72,5.3368,-0.339311,-0.215065
72,5.29332,0.472763,0.862545
72,5.18642,0.951967,1.28734
72,5.68354,-0.226098,0.830446
72,5.20945,0.934395,1.30115
72,5.20273,0.664854,0.857384
72,5.44342,-0.446456,-0.150809
72,5.33518,-0.349988,-0.294494
72,5.24769,0.487387,0.696488
72,5.30006,0.485798,0.818871
72,5.32423,0.478136,0.85764
72,4.06222,1.72332,-0.584472
72,5.26276,0.490465,0.712951
72,4.06191,1.7284,-0.597814
72,5.3519,0.978902,1.63113
72,5.21076,0.317611,0.29177
72,5.27566,0.128832,0.172169
72,5.27464,0.49281,0.695624
72,5.27964,-0.0484562,-0.0962543
72,5.3581,1.01016,1.64834
72,5.23788,0.298976,0.291777
72,5.12454,0.565652,0.389083
72,5.28585,-0.0545238,-0.108743
72,5.25256,0.964088,1.29565
72,5.22784,-0.252701,-0.556696
72,5.19006,-0.178933,-0.546421
72,5.2291,0.982433,1.25726
72,5.13453,0.565047,0.395359
72,5.17199,1.04567,1.18534
72,5.12249,1.33703,1.47336
72,5.23382,0.361215,0.317486
72,5.21035,0.999007,1.17879
72,5.08835,0.976908,0.829219
72,5.31964,-0.0646794,-0.109688
72,3.831,2.85687,0.320708
72,3.82855,2.86462,0.321537
72,5.32175,-0.0470217,-0.114923
72,5.25123,0.28782,0.188363
72,5.21865,-0.156067,-0.557749
72,5.16487,0.579599,0.379898
72,5.27092,0.184902,0.0529455
72,5.26989,0.284426,0.17534
72,5.19742,0.736445,0.602994
72,5.25785,1.0159,1.16456
72,5.21733,-0.080742,-0.553791
72,5.28713,1.18912,1.47537
72,5.28825,0.0349336,-0.240724
72,5.10933,0.96698,0.658906
72,5.23143,0.580736,0.374759
72,5.20601,0.976653,0.888394
72,5.06013,1.52444,1.31168
72,5.22414,0.993844,0.94657
72,4.96211,1.43064,0.907366
72,5.06588,1.14021,0.749901
72,5.2593,-0.101346,-0.580909
72,5.17528,0.809786,0.53401
72,5.2148,0.99766,0.906918
72,5.11557,0.346441,-0.317878
72,5.09156,0.939432,0.489599
72,5.07561,1.14367,0.742778
72,5.26294,1.16845,1.25578
72,5.18867,0.813052,0.535136
72,4.9837,1.43546,0.915808
72,5.21398,0.910904,0.725395
72,5.19821,0.467658,0.0297843
72,5.11921,0.927703,0.481678
72,5.22307,0.911708,0.726282
72,5.19361,0.47754,0.00867975
72,5.28716,0.151004,-0.232823
72,5.1437,0.916538,0.49436
72,5.16458,0.32939,-0.335267
72,5.31664,-0.106907,-0.595863
72,5.18197,0.981775,0.642386
72,5.24355,0.210347,-0.339597
72,5.14525,0.944635,0.482282
72,5.19557,0.52005,-0.0231776
72,5.22594,0.479453,-0.00855434
72,5.32663,0.156077,-0.235572
72,4.34516,2.8409,1.15492
72,5.09676,1.6992,1.41676
72,5.17163,0.878221,0.402413
72,5.26042,0.194114,-0.382596
72,5.28556,0.159558,-0.391369
72,5.08031,1.67169,1.29584
72,5.09484,1.65942,1.29764
72,5.22244,1.24837,0.990991
72,5.36765,0.150292,-0.245583
72,3.91073,2.8712,-0.0308614
72,5.36516,-0.0943346,-0.628702
72,5.39366,-0.135806,-0.634102
72,5.17613,0.435492,-0.368842
72,5.2319,1.65273,1.54883
72,5.22613,0.526321,-0.123948
72,3.81372,2.58838,-0.772461
72,5.21617,0.862344,0.30816
72,3.8599,2.9131,-0.22453
72,5.28409,0.199653,-0.525259
72,3.95505,2.92896,0.0272895
72,5.27881,0.542445,-0.125117
72,4.30131,2.79375,0.630095
72,4.43725,2.91654,1.15529
72,5.33074,0.216513,-0.516918
72,5.20783,1.254,0.679293
72,4.46682,2.93723,1.16185
72,5.173,1.53601,0.89008
72,5.21832,1.23826,0.562212
72,5.09035,1.4216,0.485817
72,5.28318,0.486077,-0.393054
72,3.88654,2.83475,-0.589066
72,5.39761,0.180368,-0.576055
72,5.19429,0.820382,-0.213612
72,5.20873,0.823174,-0.219288
72,4.38765,2.83585,0.595925
72,5.27026,1.01232,0.195086
72,4.44245,2.01182,-0.494398
72,5.33148,0.512427,-0.425428
72,4.40847,2.85845,0.600186
72,3.92949,2.87527,-0.618902
72,5.1426,1.55543,0.571035
72,5.28867,0.662764,-0.372408
72,5.13373,1.56571,0.542208
72,5.29892,0.502853,-0.619588
72,5.32838,1.0191,0.189364
72,4.80017,2.90897,1.58489
72,4.83601,2.8951,1.59956
72,4.43751,2.93202,0.61807
72,5.15258,1.40563,0.21193
72,4.83715,2.90206,1.59072
72,5.16131,1.40752,0.201266
72,5.20311,1.57816,0.550188
72,3.97491,2.92734,-0.655865
72,3.92956,2.98231,-0.699525
72,3.9314,2.99025,-0.688446
72,5.36962,1.05747,0.174127
72,4.82596,2.86209,1.3936
72,4.78766,2.83928,1.25814
72,5.22792,0.961433,-0.412866
72,4.84229,2.86991,1.38565
72,5.22932,0.967037,-0.424493
72,5.401,1.06972,0.16602
72,4.79085,2.89036,1.24608
72,4.9663,1.95628,0.328565
72,4.79887,2.87889,1.23522
72,4.96908,1.95919,0.322409
72,5.24024,0.972765,-0.431677
72,5.0646,1.49902,-0.119507
72,4.82938,2.85373,1.25808
72,5.25015,0.980187,-0.429946
72,5.02811,2.76221,1.60732
72,4.80666,2.90083,1.22637
72,4.92742,2.67786,1.21144
72,5.26665,0.990641,-0.398591
72,4.98081,2.75709,1.44472
72,4.90285,2.90177,1.39786
72,4.97922,2.77565,1.39041
72,4.85399,2.91001,1.25585
72,4.86685,2.8936,1.26059
72,5.05346,1.84111,0.175552
72,5.10768,1.41187,-0.333719
72,5.08103,2.80219,1.61335
72,5.07155,1.48306,-0.363775
72,5.03461,2.78093,1.40054
72,5.03381,2.7726,1.38409
72,5.32763,1.02765,-0.422181
72,5.18833,1.68989,0.161478
72,5.14667,1.42107,-0.344491
72,5.16379,1.69348,0.0327325
72,5.04844,2.83511,1.4029
72,4.73771,2.04032,-0.606861
72,5.14461,1.70888,-0.105632
72,5.15423,1.69946,-0.105106
72,5.40752,1.28303,-0.106933
72,5.03791,1.88927,-0.194604
72,5.21136,1.69867,-0.115044
72,5.07951,2.07821,0.0345891
72,5.00549,2.36624,0.219871
72,5.10798,2.102,0.0271136
72,5.13394,1.69388,-0.613389
72,5.12377,1.76458,-0.595276
72,5.03378,2.91851,0.568272
72,4.98104,2.86861,-0.570165
72,4.99588,2.76576,-0.812175
72,4.88837,3.1161,-0.703542
72,4.96261,3.03269,-0.637074
72,5.22793,0.508454,0.57618
71,5.22793,0.508454,0.57618
72,5.09447,0.558669,0.401392
71,5.09447,0.558669,0.401392
72,5.53566,0.188305,-0.16218
71,5.53566,0.188305,-0.16218
72,5.05021,0.447033,1.47256
71,5.05021,0.447033,1.47256
72,5.16996,0.538587,-0.325703
71,5.16996,0.538587,-0.325703
72,4.79314,1.02867,-0.203232
71,4.79314,1.02867,-0.203232
72,6.26844,0.185434,-0.892728
71,6.26844,0.185434,-0.892728
72,5.24759,1.52828,0.296484
71,5.24759,1.52828,0.296484
72,5.13982,0.108726,0.729845
71,5.13982,0.108726,0.729845
72,5.22706,0.211777,0.806565
71,5.22706,0.211777,0.806565
72,5.30403,0.243419,0.464536
71,5.30403,0.243419,0.464536
72,4.96972,-0.121357,-0.451114
71,4.96972,-0.121357,-0.451114
72,4.98752,0.896872,1.57694
71,4.98752,0.896872,1.57694
72,4.85893,2.61353,0.562191
28,4.85893,2.61353,0.562191
72,4.61243,2.42088,-0.64311
28,4.61243,2.42088,-0.64311
72,4.66203,2.41311,0.618253
28,4.66203,2.41311,0.618253
72,4.95797,1.40405,-0.010707
28,4.95797,1.40405,-0.010707
72,2.99874,1.34316,-0.598724
28,2.99874,1.34316,-0.598724
72,4.84328,2.60446,0.565223
28,4.84328,2.60446,0.565223
72,3.83901,2.93922,-0.398561
28,3.83901,2.93922,-0.398561
72,5.15864,2.06981,-0.681922
28,5.15864,2.06981,-0.681922
72,4.52263,2.79274,-0.764824
30,4.52263,2.79274,-0.764824
72,4.7546,3.01013,-0.436156
30,4.7546,3.01013,-0.436156
72,5.13768,1.33309,-0.579174
30,5.13768,1.33309,-0.579174
72,3.07582,1.50584,-0.619912
30,3.07582,1.50584,-0.619912
72,5.01838,2.67616,0.58018
29,5.01838,2.67616,0.58018
72,4.07352,2.7499,0.562229
29,4.07352,2.7499,0.562229
72,5.23989,3.46206,0.0289257
31,5.23989,3.46206,0.0289257
72,4.92663,3.06227,1.25158
49,4.92663,3.06227,1.25158
72,3.87346,2.22074,-0.0257777
49,3.87346,2.22074,-0.0257777
72,3.64504,2.4508,-0.65559
49,3.64504,2.4508,-0.65559
72,5.05284,2.33561,1.1444
32,5.05284,2.33561,1.1444
72,5.18701,0.554783,0.417758
70,5.18701,0.554783,0.417758
72,4.14632,0.713666,-0.583844
70,4.14632,0.713666,-0.583844
72,5.11197,0.105079,-0.409211
70,5.11197,0.105079,-0.409211
72,5.292,-0.00858968,-0.374135
70,5.292,-0.00858968,-0.374135
72,5.2944,-0.00794787,-0.372646
70,5.2944,-0.00794787,-0.372646
72,5.42983,-0.364836,-0.247576
69,5.42983,-0.364836,-0.247576
73,1.58502,0.270442,1.03773
73,2.05434,0.327119,1.10149
73,2.05402,0.340963,1.12371
73,2.06676,0.347718,1.15247
73,2.0678,0.358197,1.13261
73,1.92206,1.99543,0.647059
73,1.93319,2.00715,0.514231
73,2.29048,1.72905,-0.522164
73,2.6388,1.65478,0.0370504
73,2.28479,1.81472,-0.589447
73,2.81625,1.24054,-0.565724
73,3.47964,0.628605,-0.457824
73,3.16516,1.37473,0.143491
73,2.86231,1.38539,-0.598532
73,2.90499,1.33034,-0.634675
73,2.92165,1.37807,-0.569677
73,2.88536,1.41438,-0.621591
73,2.94535,1.39947,-0.528424
73,2.88899,1.41703,-0.628502
73,2.94639,1.40242,-0.553399
73,3.0022,1.30611,-0.675634
73,2.92674,1.47226,-0.598548
73,2.932,1.47181,-0.593206
73,2.95275,1.47286,-0.556446
73,2.94429,1.47259,-0.599776
73,2.9467,1.47192,-0.599924
73,3.00287,1.48059,-0.546224
73,3.84232,0.469356,-0.588867
73,3.83314,0.4955,-0.577537
73,2.94218,1.54557,-0.654441
73,3.65407,0.810648,-0.437804
73,4.53323,0.739783,1.44137
73,4.00133,0.401926,-0.462567
73,4.01942,0.400303,-0.472371
73,3.98628,0.425572,-0.517871
73,3.67274,0.839014,-0.493627
73,3.99987,0.379824,-0.624382
73,4.63622,0.739271,1.46113
73,4.20149,1.11054,1.13899
73,3.13629,1.44588,-0.701667
73,3.73504,0.825572,-0.497506
73,3.12225,1.45866,-0.718222
73,4.26627,0.662838,0.379185
73,4.67865,0.746642,1.46112
73,4.23892,1.12327,1.14239
73,3.16595,1.48402,-0.701774
73,3.5574,1.40831,0.0102745
73,4.73087,0.75094,1.47243
73,3.1442,1.65304,-0.480983
73,4.014,0.524373,-0.647746
73,4.0255,1.11707,0.436086
73,4.30666,0.651064,0.186294
73,4.10617,0.461644,-0.646622
73,4.59697,0.321329,0.216671
73,4.07376,0.495043,-0.666266
73,4.07444,0.497744,-0.661441
73,4.61334,0.278299,0.108847
73,4.10269,0.548082,-0.58229
73,4.07949,0.53652,-0.669245
73,4.64046,0.813544,1.14149
73,3.98496,0.715235,-0.586779
73,3.22765,1.7016,-0.536647
73,4.60358,0.320737,0.00497222
73,3.88005,0.982964,-0.430781
73,4.08712,0.642342,-0.622378
73,4.12527,0.601933,-0.618726
73,4.18363,0.562462,-0.567351
73,4.13443,1.15129,0.41737
73,3.90321,0.983344,-0.441009
73,3.29168,1.59926,-0.695982
73,4.13937,0.62341,-0.590429
73,4.06835,0.705605,-0.601283
73,4.06605,0.710671,-0.60737
73,4.14219,0.605619,-0.630799
73,4.66812,0.341854,0.066049
73,3.94341,0.905942,-0.539925
73,3.91443,0.965268,-0.504218
73,3.30106,1.6298,-0.66527
73,4.44575,1.27807,1.30594
73,4.60612,0.308437,-0.204106
73,3.30633,1.65484,-0.679606
73,4.68213,0.327667,-0.0267544
73,3.98033,0.923295,-0.530255
73,3.41772,1.56255,-0.627086
73,3.35308,1.61099,-0.696423
73,4.71642,0.352537,0.0602537
73,4.82884,0.871654,1.27675
73,4.84846,0.86538,1.28357
73,4.13643,0.712822,-0.647768
73,4.15986,0.697503,-0.64005
73,4.91982,0.944278,1.54619
73,4.37399,0.758087,-0.0642525
73,4.47187,0.692048,0.0288656
73,5.08748,0.519918,1.11446
73,4.94617,0.95459,1.59861
73,4.1662,0.712989,-0.658674
73,4.17827,0.702415,-0.669657
73,4.89895,0.884005,1.29832
73,4.44027,1.34797,1.09653
73,4.13941,0.863581,-0.509311
73,4.524,1.3514,1.29228
73,4.60903,0.948634,0.725226
73,4.7575,1.18261,1.50421
73,3.55142,1.52024,-0.639832
73,4.26477,0.674935,-0.610029
73,4.09322,0.813911,-0.754455
73,4.53534,1.35952,1.29093
73,4.07381,0.969275,-0.528437
73,4.21214,0.758052,-0.608394
73,4.68093,1.36653,1.5863
73,4.29511,0.673545,-0.629465
73,4.91701,1.12734,1.64644
73,4.78182,1.22488,1.50732
73,3.71961,1.54012,-0.372633
73,4.58316,0.726205,0.0570896
73,4.22328,0.806684,-0.649457
73,4.49088,0.771869,-0.101056
73,3.16491,2.01383,-0.815104
73,4.80133,0.386064,-0.207546
73,4.9946,0.946531,1.27776
73,4.27465,0.829228,-0.630047
73,4.57554,1.23385,0.82281
73,4.07702,1.57823,0.308568
73,3.76248,1.54842,-0.499346
73,4.84772,0.386238,-0.219197
73,3.73479,1.58223,-0.531718
73,3.48564,1.80826,-0.71215
73,4.84569,0.409623,-0.223841
73,3.24233,2.03725,-0.851214
73,3.80582,1.46676,-0.64326
73,3.85687,1.49813,-0.484872
73,4.02935,1.33798,-0.394322
73,3.54964,2.06768,-0.202532
73,3.25863,2.07724,-0.871262
73,3.82076,1.51871,-0.699634
73,4.58439,1.3903,0.806521
73,5.10061,0.498835,0.30253
73,4.6883,1.33893,0.920471
73,4.88959,1.5065,1.65027
73,4.96624,1.06486,0.993586
73,3.90629,1.5748,-0.50035
73,4.91599,1.51395,1.64417
73,4.91409,1.17282,0.9951
73,5.46583,0.602744,1.08125
73,5.31556,1.07915,1.58624
73,4.66961,1.37923,0.611054
73,4.72536,1.47697,0.882822
73,3.65494,2.22637,-0.193777
73,3.77491,2.68804,0.927322
73,4.78822,0.860563,-0.215989
73,4.09469,1.46378,-0.676857
73,3.79751,2.68222,0.924138
73,5.34713,1.1134,1.53087
73,3.80046,2.68412,0.911658
73,4.92259,1.6204,1.46045
73,3.83885,2.73877,1.06645
73,5.012,1.17734,0.807155
73,4.92875,1.62429,1.44294
73,3.77399,2.67319,0.756948
73,3.851,2.80176,1.15623
73,3.71434,2.25132,-0.20877
73,4.91412,1.61372,1.33772
73,4.19595,1.43321,-0.67326
73,4.91845,1.62453,1.34924
73,3.86219,2.76229,1.05842
73,4.96779,1.63834,1.47231
73,4.86785,1.64097,1.23575
73,3.8164,2.64154,0.688193
73,3.87308,2.82079,1.15538
73,5.78427,0.715081,1.58336
73,4.89943,1.61046,1.21216
73,4.92612,1.6232,1.28046
73,3.77887,2.702,0.667352
73,4.2562,1.40482,-0.68389
73,4.62491,1.28757,-0.0787678
73,3.78124,2.70852,0.651905
73,3.76465,2.75275,0.682324
73,4.63841,1.2451,-0.151077
73,4.92727,1.62172,1.21349
73,4.30872,1.43025,-0.707685
73,4.98343,0.778354,-0.408169
73,4.90781,1.64813,1.03665
73,3.71427,2.63442,0.128378
73,4.2886,1.47063,-0.749177
73,4.9516,1.63406,1.0396
73,4.98479,1.6413,0.982754
73,5.52591,1.25534,1.4147
73,5.29255,0.502709,-0.615567
73,4.8988,1.6681,0.637521
73,3.83774,2.90655,0.52466
73,5.09513,0.914372,-0.349459
73,3.8068,2.8633,0.327395
73,5.33818,0.498278,-0.618769
73,4.4741,1.71091,-0.36336
73,5.3273,1.27604,0.779015
73,3.82233,2.87361,0.325734
73,4.44667,1.76372,-0.344091
73,5.761,1.25696,1.61942
73,4.97327,1.71922,0.625563
73,5.70744,0.655213,0.29762
73,5.12622,0.953957,-0.490754
73,5.29222,0.700992,-0.625434
73,5.922,0.161129,-0.251017
73,5.85976,0.170677,-0.407278
73,5.0115,1.7727,0.650614
73,5.24015,0.984289,-0.410811
73,5.78908,0.595454,0.105008
73,4.56045,2.69621,1.22509
73,5.66098,1.62356,1.71032
73,5.80753,1.3469,1.35252
73,5.27686,0.997707,-0.552298
73,5.59973,0.991715,0.111168
73,5.19404,1.13635,-0.601666
73,5.67865,1.18223,0.523396
73,5.20903,1.17217,-0.602067
73,4.69547,2.80223,1.23523
73,5.92038,0.567802,-0.172577
73,5.24997,1.15418,-0.623688
73,5.77647,1.13041,0.511268
73,5.65064,1.48554,0.81056
73,5.97672,1.37657,1.28996
73,5.81529,1.00786,0.185781
73,5.80298,1.45892,0.984419
73,6.04239,1.43111,1.4735
73,5.93045,1.44453,1.22817
73,5.93766,0.650547,-0.273594
73,5.39191,1.63185,0.316922
73,5.7135,1.50708,0.810237
73,5.87537,1.0914,0.384424
73,5.977,1.37634,1.14508
73,6.07906,1.46213,1.48565
73,5.31804,1.88634,0.509016
73,5.06567,1.45151,-0.89302
73,4.4807,2.97782,0.610065
73,5.98507,0.640865,-0.342642
73,4.50079,2.95589,0.5946
73,5.98625,1.36365,1.00251
73,6.07266,1.45474,1.36491
73,5.85413,1.03624,0.0557237
73,6.2492,0.135491,-0.74532
73,4.5025,2.51051,-0.312932
73,6.23145,0.184169,-0.7325
73,4.49137,3.01513,0.582052
73,4.49386,3.01255,0.582375
73,5.73933,1.44536,0.474198
73,4.5354,2.97752,0.586622
73,6.00967,1.45932,1.11846
73,6.04123,0.644266,-0.35478
73,4.7512,2.74993,0.615216
73,6.39449,0.848658,0.809942
73,5.76983,1.1305,-0.160926
73,5.77864,1.12412,-0.152738
73,6.0105,1.19714,0.44438
73,5.38688,1.80867,0.122828
73,5.88234,1.07595,-0.126691
73,4.55939,2.58209,-0.357513
73,5.15112,1.95153,-0.228277
73,4.65574,2.54287,-0.301551
73,5.4843,1.94599,0.438814
73,5.61268,1.72451,0.273848
73,4.87958,2.78677,0.57218
73,5.91777,1.11713,-0.203595
73,5.08749,2.93093,1.27922
73,5.44317,2.03231,0.352837
73,5.3613,1.7839,-0.486911
73,6.20822,1.07735,0.114176
73,6.12456,2.00873,1.67598
73,5.17879,2.95723,1.2815
73,6.41105,1.53318,1.39919
73,6.06774,1.22878,0.012834
73,4.68044,2.69511,-0.434143
73,5.91232,1.96323,1.00203
73,5.35823,3.02135,1.65568
73,5.42259,1.80895,-0.508225
73,5.23811,2.98872,1.28887
73,6.18972,2.04714,1.68457
73,5.3759,1.93454,-0.655765
73,5.17687,2.8047,0.513419
73,5.51757,1.892,-0.639192
73,5.52559,3.13121,1.70048
73,5.74624,1.66508,-0.576461
73,5.69248,1.86926,-0.428239
73,6.44688,0.809566,-0.771354
73,5.92005,1.9555,0.0885587
73,5.43342,2.6422,0.128203
73,6.40251,1.55293,0.265919
73,5.97969,1.9896,0.0755697
73,6.21578,1.25873,-0.763629
73,6.07459,1.97867,0.142286
73,6.48878,1.39073,-0.0743778
73,5.89342,1.80411,-0.67256
73,5.6995,2.22677,-0.406197
73,5.65642,2.9008,0.544838
73,6.68249,1.62585,0.235352
73,7.22437,1.38118,-0.946985
73,7.4483,1.49645,-0.954837
73,7.54419,1.80099,-1.23888
73,6.96221,3.33899,0.0259748
73,5.77749,4.26443,-1.24943
73,7.17241,3.44297,0.0111109
73,2.77767,1.69376,-0.494411
72,2.77767,1.69376,-0.494411
73,3.71305,2.78393,-0.327219
72,3.71305,2.78393,-0.327219
73,5.35755,3.02353,1.23828
72,5.35755,3.02353,1.23828
73,4.0318,1.4529,-0.708064
72,4.0318,1.4529,-0.708064
73,5.61042,0.983155,-0.192766
72,5.61042,0.983155,-0.192766
73,5.28495,1.6632,1.46986
72,5.28495,1.6632,1.46986
73,4.69831,0.837084,-0.178799
72,4.69831,0.837084,-0.178799
73,4.20946,2.41322,1.2
72,4.20946,2.41322,1.2
73,2.72056,1.6219,-0.430407
72,2.72056,1.6219,-0.430407
73,3.25983,1.67985,0.00117746
72,3.25983,1.67985,0.00117746
73,4.79742,2.09702,-0.584369
72,4.79742,2.09702,-0.584369
73,4.43392,2.93263,0.608944
72,4.43392,2.93263,0.608944
73,5.27066,1.4642,-0.228881
72,5.27066,1.4642,-0.228881
73,5.51498,0.371755,-0.574192
72,5.51498,0.371755,-0.574192
73,3.9825,2.19939,1.46139
72,3.9825,2.19939,1.46139
73,5.48929,1.29795,1.28332
72,5.48929,1.29795,1.28332
73,5.61926,1.44225,-0.798239
72,5.61926,1.44225,-0.798239
73,3.24883,1.59184,-0.715653
72,3.24883,1.59184,-0.715653
73,5.86083,3.46749,1.30959
72,5.86083,3.46749,1.30959
73,4.16439,3.31807,-0.609435
72,4.16439,3.31807,-0.609435
73,4.19952,0.974468,-0.649741
71,4.19952,0.974468,-0.649741
73,4.14602,0.790813,-0.604697
71,4.14602,0.790813,-0.604697
73,4.0506,0.877694,-0.544593
71,4.0506,0.877694,-0.544593
73,5.26724,1.12887,0.764544
71,5.26724,1.12887,0.764544
73,5.07012,0.925547,0.37982
71,5.07012,0.925547,0.37982
73,5.08805,1.71913,1.11051
71,5.08805,1.71913,1.11051
73,5.19561,1.3549,0.304477
71,5.19561,1.3549,0.304477
73,5.18289,0.362737,-0.335238
71,5.18289,0.362737,-0.335238
73,4.40175,0.355269,-0.584767
71,4.40175,0.355269,-0.584767
73,5.28079,3.41086,0.16413
28,5.28079,3.41086,0.16413
73,3.44137,1.90705,-0.631495
28,3.44137,1.90705,-0.631495
73,4.75781,2.8565,1.24098
28,4.75781,2.8565,1.24098
73,3.52066,1.43737,-0.681289
30,3.52066,1.43737,-0.681289
73,5.10918,1.68379,-0.18673
30,5.10918,1.68379,-0.18673
73,5.25782,2.25437,-0.758117
29,5.25782,2.25437,-0.758117
73,4.96811,3.59632,-0.627646
31,4.96811,3.59632,-0.627646
73,2.99213,1.68166,0.38219
31,2.99213,1.68166,0.38219
73,5.2889,2.60638,1.14975
31,5.2889,2.60638,1.14975
73,5.08878,2.03245,-0.0169199
31,5.08878,2.03245,-0.0169199
73,5.56905,3.99492,-0.336701
32,5.56905,3.99492,-0.336701
73,4.57727,2.69054,-0.263885
32,4.57727,2.69054,-0.263885
73,5.11111,1.27534,0.555796
32,5.11111,1.27534,0.555796
73,2.78655,1.87791,1.17783
49,2.78655,1.87791,1.17783
73,1.88779,1.88955,0.847291
49,1.88779,1.88955,0.847291
73,5.18843,0.403417,0.181012
70,5.18843,0.403417,0.181012
74,1.80143,1.91689,1.24203
74,1.81368,1.90831,1.24298
74,1.79593,1.9229,1.10152
74,1.7856,1.94422,1.1332
74,1.81939,1.92593,1.12614
74,1.80946,1.92691,1.10232
74,1.77909,1.95261,1.10839
74,1.81098,1.92929,1.10181
74,1.80534,1.94673,1.12816
74,1.80515,1.94049,1.10701
74,1.80827,1.95762,1.13137
74,2.09607,1.69531,0.968145
74,1.89286,1.92135,1.14368
74,1.89813,1.92381,1.15178
74,1.89461,1.92588,1.14531
74,1.8981,1.92602,1.1504
74,1.90207,1.92905,1.14562
74,1.79814,1.93706,0.958707
74,1.79302,1.9456,0.962001
74,1.79196,1.94343,0.954304
74,1.78768,1.95182,0.959967
74,1.90394,1.9328,0.950363
74,1.91325,1.93342,0.959727
74,1.79449,1.95968,0.675137
74,1.79518,1.95886,0.66052
74,1.7935,1.96495,0.670474
74,1.79715,1.96484,0.66188
74,2.26999,1.74206,0.968886
74,1.79648,1.99041,0.667884
74,1.80024,1.99021,0.673179
74,1.91452,1.9338,0.66168
74,1.93428,1.93535,0.660107
74,1.90914,1.93021,0.540306
74,1.91385,1.93389,0.539513
74,1.9122,1.93588,0.537674
74,1.88492,1.94901,0.28268
74,2.36191,1.84833,0.867057
74,2.40092,1.90815,0.861637
74,2.2339,2.46321,1.35223
74,1.63387,2.97209,1.2914
74,3.15954,1.31278,-0.541593
74,3.26558,1.24153,-0.594005
74,3.18687,1.32292,-0.550033
74,2.97126,1.46664,-0.613975
74,2.94589,1.4831,-0.621616
74,3.00417,1.45401,-0.620064
74,3.01181,1.45214,-0.622253
74,2.871,1.56967,-0.6188
74,3.00524,1.47391,-0.609569
74,3.00694,1.48486,-0.609221
74,3.03772,1.45756,-0.623183
74,3.00996,1.4834,-0.614049
74,3.01938,1.4888,-0.628511
74,1.58231,2.91094,0.175938
74,2.60272,1.85256,-0.535978
74,3.02447,1.51096,-0.617611
74,3.03951,1.50112,-0.617399
74,1.59007,2.9268,0.166136
74,3.02648,1.51633,-0.619783
74,3.11224,1.461,-0.640006
74,3.05412,1.51674,-0.635021
74,2.78223,1.81102,-0.436824
74,3.11216,1.47919,-0.64373
74,2.77876,1.81714,-0.482834
74,3.14274,1.47459,-0.644969
74,3.14363,1.47514,-0.645763
74,2.79848,1.81735,-0.454081
74,3.301,1.3615,-0.665795
74,3.13911,1.50367,-0.626552
74,3.1529,1.50947,-0.61645
74,3.09079,1.56715,-0.616614
74,3.09373,1.55816,-0.635085
74,2.81758,1.83808,-0.473619
74,2.78562,1.83873,-0.553523
74,2.83882,1.82821,-0.490798
74,3.3601,1.35104,-0.731724
74,3.38368,1.37242,-0.638525
74,3.17576,1.54184,-0.631095
74,3.12685,1.58214,-0.628083
74,3.19979,1.53242,-0.625499
74,3.14038,1.58863,-0.636629
74,4.22064,0.807594,-0.606301
74,4.06595,0.928037,-0.623927
74,3.25993,1.54675,-0.624271
74,2.84341,1.87806,-0.604317
74,2.86829,1.88514,-0.539625
74,4.0835,0.923663,-0.638274
74,4.22688,0.825209,-0.609491
74,3.42946,1.40979,-0.678979
74,3.27609,1.55117,-0.631818
74,2.86509,1.88309,-0.597232
74,2.85448,1.88523,-0.613273
74,3.24043,1.58327,-0.651164
74,3.16142,1.66211,-0.614015
74,3.16699,1.65693,-0.620956
74,4.09187,0.942901,-0.643511
74,3.25697,1.58894,-0.645613
74,3.21185,1.61666,-0.669578
74,3.22302,1.61642,-0.674109
74,3.2566,1.61758,-0.649967
74,2.9066,1.90664,-0.615342
74,3.22049,1.66636,-0.631707
74,3.30186,1.61518,-0.618702
74,3.22296,1.67282,-0.630947
74,2.89985,1.9194,-0.650057
74,2.91852,1.91772,-0.631796
74,4.07051,1.05436,-0.602779
74,3.32186,1.62445,-0.638237
74,3.88398,1.23245,-0.592825
74,4.15923,1.02883,-0.591007
74,3.64889,1.42646,-0.57728
74,3.538,1.49373,-0.623996
74,3.43203,1.57285,-0.63203
74,3.42294,1.5839,-0.627143
74,4.13415,1.05254,-0.591379
74,3.24798,1.73542,-0.59099
74,4.14732,1.04813,-0.584208
74,3.64666,1.43552,-0.585215
74,3.55153,1.49255,-0.628243
74,3.55084,1.49391,-0.627166
74,3.0554,1.85658,-0.674463
74,3.53334,1.51401,-0.622998
74,3.42621,1.59396,-0.631429
74,3.43904,1.58174,-0.638753
74,3.54357,1.50904,-0.623871
74,3.58595,1.47952,-0.621856
74,3.04523,1.87765,-0.673029
74,3.58897,1.48972,-0.615005
74,3.52863,1.53447,-0.621985
74,3.57809,1.49811,-0.618438
74,3.26279,1.75493,-0.582081
74,1.6221,2.9674,-0.709994
74,3.46143,1.57994,-0.650848
74,3.61045,1.47482,-0.628475
74,3.26042,1.76009,-0.586688
74,3.68661,1.42851,-0.600142
74,3.07142,1.86781,-0.685174
74,3.52816,1.54768,-0.613165
74,3.55429,1.51786,-0.639405
74,3.55591,1.51786,-0.637595
74,3.57476,1.51158,-0.617518
74,3.53408,1.54233,-0.620962
74,3.64081,1.47178,-0.594912
74,3.4544,1.59166,-0.664231
74,3.06175,1.88823,-0.685902
74,1.61177,2.9824,-0.735215
74,3.56456,1.53585,-0.608519
74,3.4439,1.63682,-0.592509
74,3.25618,1.78529,-0.587541
74,3.44127,1.64234,-0.596875
74,3.44651,1.63642,-0.605298
74,3.44255,1.6472,-0.598274
74,3.55737,1.55087,-0.64202
74,3.26303,1.79838,-0.59225
74,3.55811,1.55336,-0.6457
74,3.59414,1.54631,-0.605903
74,3.6624,1.49773,-0.598603
74,3.68138,1.48716,-0.590861
74,3.45382,1.65539,-0.611972
74,3.61866,1.53101,-0.615949
74,3.45494,1.66202,-0.612177
74,3.7133,1.4757,-0.587361
74,3.61101,1.5464,-0.612293
74,3.47121,1.65476,-0.622301
74,3.76478,1.4589,-0.565768
74,3.74204,1.46962,-0.585857
74,3.79618,1.44156,-0.556754
74,3.66388,1.51861,-0.620341
74,3.64636,1.53742,-0.633754
74,3.84503,1.40258,-0.60425
74,3.77495,1.46827,-0.577036
74,3.86614,1.39111,-0.605185
74,1.64829,3.03732,-0.761075
74,3.73435,1.5016,-0.602162
74,3.42076,1.73762,-0.644777
74,3.65049,1.57835,-0.608624
74,3.53627,1.67838,-0.602291
74,3.57611,1.67368,-0.624273
74,4.04442,1.34362,-0.608082
74,4.07276,1.34164,-0.595431
74,3.96858,1.42294,-0.597389
74,3.98697,1.4761,-0.51598
74,3.98231,1.44431,-0.605956
74,4.01726,1.43987,-0.609882
74,4.11183,1.36941,-0.614697
74,3.86917,1.55905,-0.619974
74,4.02605,1.44286,-0.611758
74,3.85637,1.57288,-0.612779
74,4.06031,1.43018,-0.607615
74,4.0815,1.45686,-0.510249
74,3.83949,1.59988,-0.632184
74,3.8327,1.62981,-0.588802
74,3.88155,1.57809,-0.629955
74,3.86114,1.59705,-0.642671
74,3.88772,1.57899,-0.637127
74,3.90196,1.5711,-0.642085
74,3.98472,1.53344,-0.613436
74,4.02186,1.52936,-0.614891
74,4.04144,1.514,-0.621985
74,3.99985,1.56247,-0.585328
74,4.09985,1.51885,-0.583321
74,4.04027,1.57044,-0.591878
74,5.0532,1.61912,1.4962
74,5.07152,1.63487,1.53728
74,3.99365,1.64472,-0.582897
74,4.22142,1.49976,-0.574783
74,4.10032,1.576,-0.623868
74,4.15029,1.54806,-0.633734
74,4.25962,1.49009,-0.578718
74,4.12516,1.57455,-0.629117
74,4.30149,1.48722,-0.558515
74,4.13948,1.59105,-0.638277
74,4.3296,1.47249,-0.575693
74,4.31467,1.48509,-0.577632
74,3.69975,1.97115,-0.575666
74,3.37422,2.26918,-0.506177
74,4.34932,1.49224,-0.592467
74,4.3321,1.50566,-0.621299
74,5.09797,1.51234,0.814733
74,5.12971,1.66922,1.24724
74,4.09181,1.75309,-0.599433
74,4.08524,1.77016,-0.607611
74,4.09128,1.775,-0.611975
74,5.26355,1.73456,1.51008
74,5.08311,1.4465,0.386921
74,5.07246,1.47121,0.369609
74,4.56849,2.11551,0.929522
74,5.26134,1.78225,1.3967
74,5.1183,1.48442,0.331169
74,5.19267,1.7279,1.03644
74,5.44791,1.71636,1.45929
74,5.44427,1.72007,1.46141
74,5.20945,1.76224,1.10807
74,5.21147,1.73282,1.0367
74,5.31549,1.76787,1.3204
74,5.3435,1.80741,1.41181
74,5.041,1.44899,-0.159484
74,5.16631,1.65928,0.594056
74,5.17538,1.53535,0.251957
74,5.2738,1.80827,1.11622
74,5.05558,1.82725,0.644677
74,5.08407,1.46401,-0.2242
74,5.10089,1.79917,0.624705
74,5.11568,1.53125,-0.0359708
74,5.10714,1.80662,0.645881
74,5.11453,1.7614,0.543433
74,5.1464,1.63474,0.270678
74,5.15706,1.64806,0.320377
74,5.14449,1.77015,0.604813
74,5.10502,1.53695,-0.0690249
74,5.13775,1.41501,-0.336157
74,5.11248,1.78248,0.536697
74,5.14782,1.76014,0.547465
74,5.17379,1.53705,0.0222797
74,3.89551,3.11286,1.52864
74,5.15066,1.75628,0.525908
74,5.17057,1.64189,0.271779
74,5.15612,1.54239,-0.0114216
74,5.13459,1.76985,0.524422
74,5.18086,1.76588,0.599465
74,5.17105,1.64363,0.268131
74,5.11765,1.79543,0.531929
74,5.15345,1.80156,0.610835
74,5.25506,1.5457,0.155377
74,5.14197,1.81142,0.609774
74,3.90592,3.12594,1.52582
74,5.65236,1.71436,1.33159
74,5.20013,1.30002,-0.616502
74,5.20579,1.76949,0.576077
74,5.14727,1.8378,0.635219
74,5.19257,1.32729,-0.609805
74,5.29084,1.5526,0.116807
74,5.18908,1.70312,0.274706
74,5.21375,1.80965,0.593658
74,3.89204,2.81406,0.565816
74,5.16057,1.68982,0.177351
74,5.15304,1.6944,0.165449
74,4.98428,1.84067,0.193776
74,5.3181,1.5662,0.132712
74,5.29338,1.58938,0.141219
74,5.20027,1.85586,0.600365
74,5.14344,1.68272,0.0411397
74,5.15956,1.69608,0.0703973
74,5.1091,1.68196,-0.0842563
74,5.12383,1.67462,-0.0838479
74,5.3629,1.58333,0.119738
74,5.10795,1.70147,-0.0904561
74,5.22923,1.67525,0.0404632
74,3.82653,2.76821,0.0781607
74,3.93956,2.87276,0.557802
74,4.29729,2.85944,1.13956
74,5.18576,1.50013,-0.61801
74,4.3865,2.84686,1.15974
74,4.36706,2.86549,1.15861
74,4.38234,2.86357,1.15923
74,4.32914,2.90413,1.15566
74,4.2371,2.81134,0.645638
74,4.41346,2.8871,1.16081
74,4.01955,2.95157,0.534702
74,4.27279,2.80336,0.632056
74,5.03083,1.77176,-0.518956
74,4.3019,2.7896,0.619226
74,4.40202,2.92691,1.15948
74,4.31643,2.78145,0.605928
74,3.84267,2.6025,-0.784749
74,3.82698,2.61427,-0.785995
74,4.24062,3.07867,1.16015
74,4.40258,2.95898,1.1684
74,4.32762,2.81924,0.600651
74,5.02996,1.96561,-0.199841
74,4.30166,2.85425,0.63606
74,4.35311,2.81688,0.610226
74,4.31454,2.85042,0.608702
74,4.38202,2.79705,0.600626
74,4.355,2.83093,0.621252
74,4.36051,2.84733,0.627602
74,4.32934,2.8754,0.632934
74,4.83111,2.87253,1.58685
74,5.01918,2.12384,0.0383732
74,5.01747,2.12779,0.0417081
74,5.22661,1.70718,-0.639247
74,5.20185,1.72877,-0.632909
74,4.99494,2.76096,1.51573
74,5.14593,1.82102,-0.590001
74,5.14776,1.82554,-0.592402
74,5.00607,2.80492,1.59846
74,5.03498,2.309,0.372558
74,4.9262,2.72844,1.21131
74,4.88439,2.92229,1.60569
74,4.92056,2.74485,1.2159
74,4.87399,2.91167,1.51343
74,5.01639,2.81262,1.5242
74,5.02766,2.81898,1.53142
74,4.88493,2.92203,1.51281
74,4.99563,2.80145,1.39566
74,5.04058,2.82633,1.52681
74,4.95137,2.77352,1.21619
74,4.07552,2.73064,-0.609826
74,5.02906,2.84704,1.54468
74,4.99609,2.74699,1.21941
74,5.0258,2.85062,1.52469
74,5.03937,2.85497,1.54291
74,4.98047,2.80297,1.26869
74,4.9163,2.99195,1.61903
74,5.01533,2.80383,1.32201
74,4.99092,2.80106,1.26709
74,5.02028,2.77613,1.2575
74,5.02042,2.83606,1.40707
74,5.02588,2.78261,1.27201
74,5.05351,2.87078,1.54248
74,4.94748,2.95317,1.52099
74,5.02146,2.79795,1.2693
74,4.94706,2.96979,1.52171
74,5.0381,2.85388,1.40169
74,5.02962,2.83374,1.32747
74,5.02655,2.81687,1.272
74,5.11142,2.00387,-0.632601
74,5.01676,2.41571,0.218254
74,5.017,2.82473,1.25706
74,5.09402,2.03056,-0.639778
74,4.91366,2.92045,1.26128
74,5.01539,2.83927,1.25265
74,5.10699,2.02865,-0.652102
74,5.00621,3.00642,1.63088
74,5.04241,2.97738,1.61331
74,4.96845,3.01953,1.57087
74,5.18176,2.00224,-0.677102
74,4.99605,2.98167,1.40491
74,5.12769,2.08458,-0.670086
74,4.89571,3.01116,1.22735
74,4.95827,2.97864,1.25633
74,4.96576,3.00076,1.25269
74,5.0099,2.99902,1.2705
74,5.00729,2.73894,0.52655
74,5.02425,2.75205,0.512766
74,5.0574,2.80355,0.526881
74,5.04811,2.93765,0.554631
74,5.07213,2.92301,0.536551
74,5.07522,2.94748,0.552602
74,4.92241,2.75174,-0.318793
74,5.12678,2.96477,0.534691
74,5.10224,3.00679,0.557081
74,4.98242,2.81442,-0.437079
74,5.04528,2.8825,-0.587886
74,5.05346,2.92166,-0.484276
74,5.0537,2.89269,-0.567049
74,5.02196,2.908,-0.592504
74,5.04338,2.91306,-0.57064
74,4.97651,2.9844,-0.637085
74,4.99152,3.04313,-0.634222
74,4.98448,3.34416,-0.948335
74,5.91884,3.46734,0.575786
74,5.88415,8.18406,1.64468
74,5.05904,1.67467,0.984656
73,5.05904,1.67467,0.984656
74,5.38873,1.74941,0.194941
73,5.38873,1.74941,0.194941
74,5.66875,1.80896,0.0964145
73,5.66875,1.80896,0.0964145
74,5.12839,1.7032,0.984734
73,5.12839,1.7032,0.984734
74,5.29237,1.66778,0.183045
73,5.29237,1.66778,0.183045
74,1.87397,1.83791,0.84944
73,1.87397,1.83791,0.84944
74,4.68576,2.90039,1.33963
72,4.68576,2.90039,1.33963
74,4.32585,2.63861,-0.558687
72,4.32585,2.63861,-0.558687
74,5.04754,2.7311,0.531753
72,5.04754,2.7311,0.531753
74,4.39696,2.70122,-0.681012
72,4.39696,2.70122,-0.681012
74,5.54855,1.98105,0.563138
72,5.54855,1.98105,0.563138
74,4.96716,1.56006,0.366477
72,4.96716,1.56006,0.366477
74,4.78318,2.72084,-0.456348
72,4.78318,2.72084,-0.456348
74,5.541,3.71983,0.0837433
28,5.541,3.71983,0.0837433
74,3.81565,2.73937,0.92941
28,3.81565,2.73937,0.92941
74,4.55166,3.04818,-0.767158
29,4.55166,3.04818,-0.767158
74,4.33714,2.96368,-0.766865
29,4.33714,2.96368,-0.766865
74,3.71406,1.38556,-0.936731
29,3.71406,1.38556,-0.936731
74,4.92132,2.63611,0.587693
29,4.92132,2.63611,0.587693
74,3.52674,1.55777,-0.620703
30,3.52674,1.55777,-0.620703
74,5.10626,1.47778,-0.328013
30,5.10626,1.47778,-0.328013
74,2.97069,1.23233,0.830384
52,2.97069,1.23233,0.830384
75,1.80626,1.91788,1.24246
75,1.80584,1.93809,1.24331
75,1.82329,1.93365,1.25064
75,1.80236,1.94181,1.24263
75,1.81191,1.94147,1.25064
75,1.79089,1.96094,1.24509
75,1.79157,1.96256,1.24539
75,1.85687,1.94155,1.25518
75,1.89645,1.935,1.2576
75,1.89811,1.90141,1.14392
75,1.90022,1.90144,1.14595
75,1.88566,1.9493,1.2586
75,1.83806,1.92257,1.10171
75,1.77629,1.95614,1.10549
75,1.81947,1.93328,1.08616
75,1.78337,1.95636,1.11232
75,1.76708,1.96942,1.13221
75,1.81919,1.94518,1.10769
75,1.81643,1.95019,1.11922
75,1.80764,1.95403,1.10621
75,1.84027,1.94282,1.10898
75,1.82805,1.94352,1.08086
75,1.80595,1.95113,1.07284
75,1.76527,1.98638,1.12962
75,1.81405,1.95459,1.08854
75,1.89477,1.88426,0.959229
75,1.80607,1.94876,1.04965
75,1.8945,1.89684,0.971236
75,1.79015,1.99315,1.13784
75,1.79085,1.99589,1.14774
75,1.89275,1.89746,0.951288
75,1.78563,1.98416,0.96474
75,1.89264,1.90698,0.84605
75,1.79103,1.98539,0.960696
75,1.81155,1.97984,0.960268
75,1.78477,1.99636,0.967913
75,1.74156,2.07191,1.15712
75,1.79884,1.96707,0.852341
75,1.80239,1.96644,0.853933
75,1.81718,1.96463,0.868184
75,1.80564,1.97229,0.853513
75,1.8849,1.89903,0.669194
75,1.89861,1.89436,0.669602
75,1.89813,1.895,0.669498
75,1.89885,1.86413,0.561934
75,1.78718,2.00002,0.852091
75,1.78098,2.00402,0.853482
75,1.89905,1.90219,0.660784
75,1.88023,1.89828,0.610649
75,1.80752,1.96203,0.718917
75,1.76357,2.03398,0.869767
75,1.89849,1.8855,0.557474
75,1.88533,1.89324,0.555405
75,1.8898,1.89594,0.569555
75,1.79953,1.97156,0.649591
75,1.9106,1.89991,0.55128
75,1.80126,1.97891,0.660862
75,1.8018,1.98823,0.64405
75,1.90556,1.91731,0.533372
75,2.74137,1.79001,1.26192
75,1.88931,1.89378,0.431663
75,1.79865,2.02109,0.649339
75,2.75677,1.80836,1.26178
75,1.80609,1.96413,0.428369
75,1.90348,1.90238,0.339201
75,1.80844,1.97198,0.429699
75,1.82683,1.95013,0.191119
75,2.83708,1.84503,1.11636
75,2.8057,1.80158,0.736369
75,2.85138,1.89102,1.08318
75,2.87354,1.88384,1.07434
75,2.88095,1.88808,1.07478
75,2.80106,1.82692,0.730722
75,2.81514,1.82751,0.737409
75,2.82733,1.82253,0.736922
75,2.81847,1.82566,0.718927
75,2.86018,1.92227,1.08067
75,2.86269,1.92342,1.07601
75,2.88476,1.91703,1.07986
75,2.84102,1.83265,0.730013
75,2.83718,1.83949,0.731178
75,0.679823,2.55354,0.0827321
75,2.77242,1.79201,0.439614
75,2.83032,1.93366,0.98062
75,2.78637,1.8236,0.553656
75,0.697501,2.58489,0.186522
75,2.8486,1.85865,0.747689
75,2.79677,1.85912,0.676879
75,2.8393,1.86423,0.749096
75,2.85079,1.85973,0.749553
75,2.84519,1.86759,0.74651
75,2.83641,1.88165,0.752929
75,2.84285,1.87859,0.750175
75,2.85196,1.89387,0.759573
75,2.89166,1.88526,0.773147
75,2.89081,1.87375,0.723051
75,2.88609,1.8873,0.758835
75,2.88186,1.89901,0.772963
75,2.89588,1.89339,0.773126
75,2.86506,1.90672,0.753445
75,2.90612,1.89813,0.774962
75,2.85523,1.95189,0.8659
75,2.89906,1.90909,0.783145
75,2.91118,1.90422,0.783647
75,2.90607,1.90567,0.77304
75,2.81381,1.88625,0.581571
75,2.89781,1.90725,0.765176
75,2.90496,1.90721,0.774668
75,2.9254,1.90062,0.771999
75,2.81979,1.89164,0.581045
75,2.81354,1.89752,0.586719
75,2.93607,1.90974,0.77231
75,2.94721,1.91549,0.779486
75,2.82485,1.90954,0.581519
75,2.75308,1.73635,-0.114739
75,0.608111,2.62385,-0.173009
75,0.604523,2.6337,-0.161215
75,0.61766,2.60304,-0.257196
75,0.587118,2.60788,-0.283863
75,0.599431,2.63796,-0.189907
75,3.00242,1.97297,0.916662
75,2.83062,1.93555,0.557365
75,0.620559,2.63621,-0.182396
75,0.601137,2.62385,-0.252397
75,2.76483,1.75692,-0.135356
75,0.613141,2.64969,-0.157066
75,2.83324,1.93724,0.542962
75,0.661774,2.61747,-0.200585
75,0.623144,2.57876,-0.382109
75,0.625012,2.58623,-0.355095
75,0.603603,2.61083,-0.307143
75,0.602457,2.57497,-0.427158
75,2.84462,1.94297,0.556922
75,0.59963,2.57359,-0.452911
75,0.592851,2.61098,-0.340811
75,2.19396,2.46303,1.36961
75,0.615331,2.63988,-0.220539
75,0.666257,2.61362,-0.237421
75,0.604419,2.66049,-0.168485
75,2.85643,1.82864,0.186002
75,0.655782,2.65102,-0.133937
75,2.77844,1.76897,-0.140278
75,0.620307,2.60972,-0.337123
75,0.619001,2.5784,-0.452136
75,0.632526,2.60076,-0.361155
75,0.675912,2.59681,-0.319344
75,0.661292,2.59072,-0.361026
75,0.638706,2.56573,-0.475592
75,0.6759,2.6497,-0.149079
75,0.674295,2.63236,-0.211641
75,0.704123,2.638,-0.156573
75,2.84543,1.96082,0.553193
75,0.658499,2.58969,-0.387059
75,0.679315,2.64208,-0.189717
75,0.625602,2.59086,-0.435089
75,0.673049,2.62115,-0.27452
75,0.61551,2.6815,-0.155605
75,0.684846,2.61026,-0.30635
75,0.676141,2.64308,-0.21643
75,0.681175,2.57621,-0.44763
75,2.85932,1.97303,0.548505
75,0.722102,2.58349,-0.379332
75,0.775417,2.5734,-0.348014
75,0.719074,2.62169,-0.268059
75,0.72688,2.64555,-0.180226
75,0.771009,2.62319,-0.196198
75,0.726597,2.61348,-0.299082
75,0.691389,2.57275,-0.485025
75,0.710058,2.64676,-0.216086
75,0.708757,2.61074,-0.33921
75,0.727341,2.66646,-0.133416
75,0.734427,2.66051,-0.152876
75,2.81249,1.84159,-0.00500536
75,0.743441,2.5981,-0.357074
75,0.775578,2.56494,-0.425543
75,0.737872,2.64416,-0.2199
75,0.76054,2.60503,-0.319287
75,0.713646,2.58224,-0.460036
75,0.72818,2.67238,-0.143828
75,0.724016,2.59241,-0.415501
75,0.725671,2.60143,-0.38856
75,0.744513,2.61221,-0.329584
75,0.738491,2.58941,-0.415009
75,0.765066,2.64318,-0.202785
75,0.728466,2.65615,-0.214123
75,0.758916,2.57562,-0.438346
75,0.721112,2.58954,-0.446454
75,0.726789,2.61319,-0.363251
75,0.769782,2.57654,-0.433375
75,0.718865,2.58912,-0.468161
75,0.744762,2.65744,-0.21793
75,0.754808,2.5922,-0.445241
75,2.84266,1.87266,-0.0215164
75,0.744394,2.74071,-0.173654
75,2.87734,1.89673,-0.0299542
75,2.92867,1.89248,0.0251624
75,2.86296,1.91173,-0.0262718
75,2.87277,1.85536,-0.207878
75,2.87587,1.90626,-0.0388812
75,2.88633,1.8551,-0.2104
75,2.92588,1.91118,0.0114976
75,0.712511,2.95899,0.38568
75,2.92051,1.9368,0.0109898
75,2.90365,1.94256,0.00594926
75,2.89524,1.89611,-0.178746
75,2.96885,1.93298,0.0127604
75,2.94267,1.94749,0.00362808
75,2.93666,1.90759,-0.173585
75,1.55994,2.92304,1.26575
75,2.96297,1.95571,-0.00631636
75,1.66646,2.9,1.30385
75,1.59378,2.93717,1.28848
75,2.96136,1.95087,-0.0825176
75,2.91472,1.92919,-0.21983
75,2.96622,1.95148,-0.0896927
75,1.62996,2.93066,1.29478
75,2.99704,1.96465,-0.0154261
75,1.63474,2.9254,1.26301
75,1.60977,2.94991,1.2963
75,2.99058,1.96786,-0.0462731
75,1.62284,2.94194,1.26843
75,3.00037,1.97396,-0.0401585
75,1.61107,2.95815,1.28798
75,1.61376,2.98414,1.35419
75,1.63866,2.96213,1.29745
75,1.63646,2.96389,1.29179
75,1.62326,2.97005,1.28566
75,1.64415,2.97177,1.29714
75,1.64843,2.96831,1.28764
75,2.96788,1.96139,-0.224817
75,3.03237,1.98746,-0.064866
75,1.66991,2.97643,1.31327
75,1.65175,2.98453,1.29927
75,2.98098,1.96758,-0.233512
75,3.05713,1.99989,-0.061038
75,3.2539,1.77118,-0.583223
75,3.26364,1.77013,-0.58499
75,3.26542,1.82392,-0.571867
75,3.28181,1.81463,-0.579991
75,3.3469,1.81633,-0.619633
75,1.5572,2.8117,0.198778
75,1.57412,2.86824,0.272804
75,3.39775,1.89077,-0.608871
75,3.11171,1.99376,-0.665464
75,1.58784,2.81812,-0.617837
75,1.59762,2.83582,-0.590369
75,1.61266,2.82416,-0.620117
75,1.58621,2.84209,-0.63527
75,1.54392,2.85238,-0.667758
75,1.54851,2.85467,-0.663138
75,1.61444,2.83981,-0.631647
75,1.6458,2.85921,-0.640488
75,1.62287,2.88021,-0.608985
75,1.65642,2.86214,-0.639286
75,3.63674,2.68634,1.46893
75,1.64656,2.88964,-0.619536
75,1.63384,2.90147,-0.6113
75,1.63169,2.89389,-0.656004
75,3.64348,2.7089,1.48947
75,1.62523,2.89916,-0.670438
75,1.64234,2.89315,-0.670296
75,1.65312,2.90402,-0.629608
75,3.62778,2.72292,1.47262
75,3.66175,2.71734,1.4805
75,3.67213,2.73979,1.49414
75,3.66683,2.76571,1.48701
75,3.67526,2.4627,-0.660138
75,3.67913,2.46171,-0.660752
75,4.3205,2.80867,1.1611
75,3.89685,3.12217,1.58253
75,3.70637,2.52839,-0.646525
75,4.3049,2.82835,1.16069
75,3.94726,3.1548,1.60261
75,4.30721,2.87765,1.14459
75,4.31218,2.87728,1.14345
75,3.98036,3.17785,1.59628
75,3.97231,3.18724,1.60252
75,4.22666,2.80751,0.612372
75,4.31551,2.77068,0.605692
75,4.22855,2.82669,0.667666
75,4.20705,2.82692,0.635238
75,4.25731,2.82043,0.646486
75,4.23175,2.82232,0.617415
75,4.27244,2.81779,0.635773
75,3.81572,2.60525,-0.699245
75,4.3118,2.80431,0.618862
75,4.33458,2.79824,0.612281
75,4.28866,2.85006,0.646855
75,4.32894,2.82107,0.604191
75,4.30975,2.86668,0.63567
75,4.33312,2.86354,0.646576
75,4.91824,2.93058,1.26566
75,4.91825,2.94363,1.25393
75,4.93992,2.97914,1.25011
75,4.96268,2.97317,1.25734
75,4.94771,3.00073,1.24447
75,4.95006,3.04087,1.23374
75,4.94746,3.06643,1.23048
75,5.04905,2.97373,0.52183
75,5.10571,2.9573,0.538388
75,5.11942,3.02266,0.528757
75,5.21473,3.05777,0.532292
75,5.091,2.79249,-0.529965
75,5.06524,2.92994,-0.564518
75,5.01662,2.97067,-0.575308
75,5.11053,2.94862,-0.598214
75,5.1295,3.24519,-0.737593
75,1.81963,2.06022,1.14819
74,1.81963,2.06022,1.14819
75,3.43259,2.30997,-0.230373
74,3.43259,2.30997,-0.230373
75,2.88342,1.88479,-0.0251423
74,2.88342,1.88479,-0.0251423
75,1.84057,2.1035,0.953598
74,1.84057,2.1035,0.953598
75,4.01132,2.19639,-0.410592
74,4.01132,2.19639,-0.410592
75,1.96274,2.0373,0.640513
74,1.96274,2.0373,0.640513
75,3.0803,2.03888,-0.0862661
74,3.0803,2.03888,-0.0862661
75,1.63279,2.79015,-0.555154
53,1.63279,2.79015,-0.555154
75,2.81982,1.8927,0.615943
51,2.81982,1.8927,0.615943
75,1.75128,1.77983,0.575412
54,1.75128,1.77983,0.575412
75,1.56398,2.76573,1.2611
56,1.56398,2.76573,1.2611
75,0.540893,2.60849,-0.209983
56,0.540893,2.60849,-0.209983
75,0.518412,2.77191,-0.365476
56,0.518412,2.77191,-0.365476
75,0.517654,2.89895,-0.58848
56,0.517654,2.89895,-0.58848
75,1.65954,2.96312,1.29376
55,1.65954,2.96312,1.29376
75,1.60661,2.88441,1.25909
55,1.60661,2.88441,1.25909
75,0.683536,2.14028,-0.0515486
55,0.683536,2.14028,-0.0515486
75,3.27184,2.17279,0.0737321
73,3.27184,2.17279,0.0737321
75,3.98694,2.59962,-0.375977
73,3.98694,2.59962,-0.375977
75,4.73049,2.55648,0.575326
72,4.73049,2.55648,0.575326
75,5.38977,3.45243,-0.85706
71,5.38977,3.45243,-0.85706
76,1.87281,1.88509,1.14608
76,1.87763,1.86341,1.05927
76,1.83479,1.92143,1.10302
76,1.83413,1.92619,1.09992
76,1.80574,1.95911,1.11986
76,1.86983,1.90235,0.95897
76,1.80685,1.96174,1.12354
76,1.88302,1.90111,0.959521
76,1.76934,1.97434,1.14075
76,1.7871,1.98185,1.16469
76,1.87206,1.90256,0.941701
76,1.82001,1.96328,1.11728
76,1.80882,1.96587,1.11912
76,1.88982,1.90629,0.95611
76,1.80987,1.96215,1.09533
76,1.80585,1.96343,1.09354
76,1.79911,1.96949,1.10805
76,1.8107,1.96482,1.09563
76,1.80435,1.97037,1.0958
76,1.81082,1.97238,1.09466
76,1.69554,1.99385,0.968209
76,1.81232,2.00279,1.05396
76,1.80488,2.00613,0.957414
76,1.80086,2.00523,0.852987
76,1.80893,2.00402,0.850481
76,1.74209,2.1387,1.15635
76,1.81604,2.00223,-0.101283
76,0.659414,2.67402,1.17696
76,0.653938,2.70755,1.18106
76,0.652694,2.71332,1.1761
76,0.650929,2.72925,1.17521
76,0.629941,2.77337,1.29372
76,0.722775,2.85785,1.26274
76,2.08878,2.15091,-0.380791
76,0.357446,2.58703,-0.282484
76,0.329176,2.63327,-0.147093
76,0.318897,2.60147,-0.261908
76,0.337327,2.60126,-0.25676
76,0.336891,2.60638,-0.254433
76,0.34144,2.57429,-0.37344
76,1.57756,2.87991,1.33717
76,0.34028,2.54146,-0.49457
76,0.2919,2.51977,-0.596574
76,0.63892,2.7223,0.281139
76,0.367422,2.56842,-0.394868
76,0.343451,2.54514,-0.488411
76,0.366979,2.57793,-0.369316
76,0.367036,2.58789,-0.336126
76,1.55816,2.88414,1.32391
76,0.332185,2.55836,-0.457769
76,0.35403,2.50768,-0.623348
76,0.348506,2.5468,-0.496297
76,1.58399,2.88659,1.33763
76,0.373026,2.59575,-0.31767
76,0.360349,2.59624,-0.323886
76,0.365571,2.5919,-0.341188
76,0.376466,2.53945,-0.513111
76,0.361628,2.59379,-0.338261
76,0.393815,2.64285,-0.154853
76,0.370768,2.52446,-0.568551
76,0.378532,2.56456,-0.432862
76,0.410295,2.57149,-0.395249
76,0.370244,2.54366,-0.512464
76,0.321602,2.65727,-0.157
76,0.405578,2.57419,-0.392927
76,0.412402,2.57948,-0.372854
76,0.369927,2.56225,-0.455809
76,0.419825,2.64193,-0.158892
76,0.412793,2.63327,-0.192685
76,0.405982,2.64426,-0.159589
76,0.418509,2.52803,-0.546961
76,0.405562,2.61508,-0.260102
76,0.334216,2.5164,-0.635671
76,0.419079,2.58271,-0.368618
76,0.418295,2.56552,-0.427922
76,0.332897,2.59078,-0.390033
76,0.3319,2.62879,-0.262643
76,0.420102,2.52973,-0.549718
76,0.405878,2.63989,-0.185771
76,0.403538,2.6169,-0.266287
76,0.349456,2.63474,-0.237524
76,0.428003,2.54052,-0.514148
76,0.414019,2.54876,-0.495367
76,0.281651,2.53693,-0.61094
76,0.418394,2.61164,-0.283807
76,0.427875,2.57635,-0.399475
76,0.424496,2.61403,-0.276058
76,0.356693,2.61968,-0.29506
76,0.436243,2.54291,-0.512983
76,0.436982,2.63433,-0.205884
76,0.425312,2.63147,-0.223329
76,0.465059,2.57616,-0.38964
76,0.447229,2.5311,-0.552716
76,0.430443,2.59796,-0.337813
76,0.372626,2.6365,-0.239519
76,0.340845,2.6527,-0.202952
76,0.435774,2.56338,-0.453052
76,0.430398,2.61592,-0.280069
76,0.363288,2.58951,-0.41017
76,0.429468,2.55245,-0.499053
76,0.371893,2.65616,-0.184666
76,0.371402,2.62332,-0.297931
76,0.339391,2.62673,-0.305319
76,0.476097,2.62214,-0.247237
76,0.403876,2.5692,-0.46668
76,0.463784,2.5947,-0.348152
76,0.370465,2.58205,-0.444281
76,0.485391,2.57872,-0.392793
76,0.470441,2.58714,-0.373023
76,0.480232,2.53355,-0.550093
76,0.340091,2.66353,-0.187714
76,0.463732,2.63791,-0.208918
76,0.403999,2.6601,-0.169285
76,0.411401,2.57806,-0.44408
76,0.468868,2.60509,-0.321651
76,0.411394,2.59538,-0.387859
76,0.484804,2.59889,-0.336443
76,0.411403,2.61512,-0.323528
76,0.543915,2.51889,-0.577176
76,0.479676,2.57183,-0.434581
76,0.484987,2.64289,-0.191357
76,0.473593,2.55486,-0.496927
76,0.490855,2.5475,-0.513243
76,0.484524,2.61789,-0.27923
76,0.419007,2.58921,-0.413235
76,0.496272,2.53083,-0.569821
76,0.482296,2.54113,-0.544933
76,0.462424,2.644,-0.208257
76,0.421376,2.5675,-0.490845
76,0.419304,2.66247,-0.171086
76,0.409416,2.59049,-0.42166
76,0.409737,2.62861,-0.293397
76,0.418687,2.62749,-0.293166
76,0.420973,2.5582,-0.526579
76,0.420899,2.55132,-0.549939
76,0.409541,2.62216,-0.317004
76,0.488502,2.55335,-0.513219
76,0.495087,2.52265,-0.614592
76,0.468468,2.64859,-0.203142
76,1.60953,2.81341,0.980555
76,0.467853,2.63355,-0.260924
76,0.478568,2.65916,-0.168694
76,0.484098,2.64208,-0.22511
76,0.533161,2.64357,-0.193603
76,0.475283,2.56363,-0.496748
76,0.467697,2.65909,-0.180499
76,0.542239,2.57714,-0.418288
76,0.500068,2.55691,-0.513836
76,0.494418,2.57446,-0.45759
76,0.472942,2.53045,-0.619011
76,0.487736,2.61041,-0.340507
76,0.483323,2.5911,-0.408523
76,0.468002,2.64471,-0.236871
76,0.545934,2.52499,-0.603651
76,0.483128,2.61186,-0.344371
76,0.482722,2.57596,-0.466597
76,0.467512,2.63943,-0.261218
76,0.478628,2.55859,-0.530839
76,0.478445,2.55209,-0.554609
76,0.551064,2.55395,-0.508665
76,0.532728,2.59736,-0.376549
76,0.499922,2.56753,-0.499499
76,0.53399,2.59775,-0.380637
76,0.541427,2.52985,-0.607086
76,0.53208,2.58256,-0.434961
76,0.540059,2.54793,-0.549118
76,0.487457,2.6564,-0.213354
76,0.600277,2.52467,-0.59783
76,0.540127,2.66374,-0.160261
76,0.539003,2.56551,-0.495151
76,0.538258,2.60357,-0.367609
76,0.401195,2.6412,-0.316984
76,0.527605,2.61847,-0.326071
76,0.537968,2.59396,-0.403407
76,0.590756,2.63278,-0.246876
76,0.400866,2.65788,-0.267101
76,0.537504,2.58872,-0.428057
76,0.599969,2.5657,-0.472802
76,0.537934,2.55262,-0.554662
76,0.525659,2.6583,-0.20571
76,0.532688,2.62443,-0.316538
76,0.536901,2.57319,-0.4882
76,0.525611,2.66215,-0.194116
76,0.599716,2.6005,-0.366652
76,0.519034,2.62057,-0.348388
76,0.549155,2.58986,-0.437339
76,0.609032,2.56035,-0.50523
76,0.511833,2.6581,-0.233756
76,0.596611,2.57068,-0.489896
76,0.596622,2.58845,-0.432945
76,0.750772,2.83043,0.4715
76,0.548293,2.61132,-0.383319
76,0.548222,2.6046,-0.406147
76,0.524906,2.63087,-0.330756
76,0.612716,2.54676,-0.57343
76,0.559037,2.55421,-0.578228
76,1.77181,2.3471,-0.610038
76,0.548005,2.66557,-0.214114
76,0.657057,2.66598,-0.160042
76,0.656563,2.62433,-0.30262
76,0.550885,2.56046,-0.580952
76,0.543891,2.57812,-0.526548
76,0.662543,2.53716,-0.600039
76,0.581855,2.60898,-0.404072
76,0.530301,2.66678,-0.239291
76,0.448099,2.67487,-0.258868
76,0.557536,2.56767,-0.561644
76,0.448169,2.69035,-0.207702
76,0.537033,2.6503,-0.294472
76,0.655611,2.6002,-0.400007
76,0.536756,2.63244,-0.356618
76,0.576142,2.66755,-0.216295
76,0.574744,2.54466,-0.635265
76,0.655371,2.59416,-0.424417
76,0.579268,2.61761,-0.389007
76,0.550318,2.60545,-0.446475
76,0.654503,2.65197,-0.23151
76,0.543544,2.64122,-0.329828
76,0.598328,2.56443,-0.560714
76,0.671186,2.62555,-0.313736
76,0.593469,2.67936,-0.176773
76,0.464437,2.64046,-0.380125
76,0.549987,2.60056,-0.467936
76,0.661978,2.57662,-0.488299
76,0.586233,2.56219,-0.579195
76,0.65709,2.54107,-0.611695
76,0.647173,2.54289,-0.612355
76,1.61797,2.8195,0.858724
76,0.67096,2.64513,-0.257281
76,0.670151,2.5774,-0.489366
76,0.670873,2.65347,-0.233009
76,0.60856,2.66958,-0.213123
76,0.716584,2.64936,-0.222256
76,0.647617,2.6301,-0.326699
76,0.638082,2.6656,-0.212155
76,0.573543,2.55555,-0.62248
76,0.579946,2.60044,-0.466931
76,0.584319,2.58368,-0.524895
76,0.585196,2.68641,-0.180103
76,0.661934,2.62631,-0.342071
76,0.651691,2.59838,-0.443425
76,0.651448,2.58178,-0.501268
76,0.609457,2.63949,-0.329322
76,1.62152,2.82509,0.858661
76,0.656171,2.56431,-0.55884
76,0.715549,2.61139,-0.367918
76,0.661407,2.5994,-0.438934
76,0.577393,2.6802,-0.216463
76,0.597152,2.63638,-0.353991
76,0.570193,2.67521,-0.237539
76,0.596263,2.55498,-0.630839
76,0.671371,2.64721,-0.281548
76,0.670618,2.57794,-0.517215
76,0.66602,2.61271,-0.402043
76,0.613928,2.56739,-0.585086
76,0.590376,2.59423,-0.507681
76,0.515162,2.66328,-0.315476
76,0.691375,2.67929,-0.165888
76,0.608161,2.60323,-0.470558
76,0.70525,2.59263,-0.454278
76,0.680516,2.60064,-0.440881
76,0.699759,2.54385,-0.622957
76,0.705232,2.59731,-0.440123
76,0.709781,2.55831,-0.569882
76,0.675761,2.63187,-0.340469
76,0.666171,2.66762,-0.225483
76,0.675549,2.61506,-0.398356
76,0.70055,2.63418,-0.320414
76,0.684772,2.54987,-0.614657
76,0.700659,2.64712,-0.277187
76,0.582765,2.60837,-0.475268
76,0.680174,2.59825,-0.456552
76,0.670822,2.65518,-0.2692
76,0.638218,2.67623,-0.216728
76,0.700705,2.6681,-0.21038
76,0.679745,2.56463,-0.572451
76,0.648858,2.56791,-0.580921
76,0.714796,2.59979,-0.436569
76,0.531699,2.64469,-0.386367
76,0.637793,2.6606,-0.27531
76,0.704951,2.61747,-0.384335
76,0.700326,2.65244,-0.268944
76,0.611066,2.63132,-0.392591
76,0.531199,2.63092,-0.439127
76,0.710308,2.67194,-0.201635
76,0.531004,2.61579,-0.491062
76,0.738611,2.58902,-0.468866
76,0.642647,2.58828,-0.525054
76,0.710264,2.68142,-0.173185
76,0.64874,2.61015,-0.449939
76,0.709193,2.58513,-0.50152
76,0.67931,2.59003,-0.503026
76,0.648472,2.59359,-0.508194
76,0.610371,2.61121,-0.470554
76,0.645712,2.57364,-0.580736
76,0.64648,2.64744,-0.330449
76,0.666866,2.65688,-0.288006
76,0.666683,2.63982,-0.345967
76,0.72843,2.55005,-0.618058
76,0.583996,2.64722,-0.370225
76,0.638818,2.62748,-0.408171
76,0.639148,2.66689,-0.276223
76,0.723595,2.58194,-0.517697
76,0.793083,2.56236,-0.549306
76,0.645564,2.61576,-0.450716
76,0.751126,2.67045,-0.207175
76,0.635856,2.7993,0.164374
76,0.744389,2.68769,-0.155338
76,0.671843,2.62575,-0.406128
76,0.645328,2.61059,-0.47226
76,0.672216,2.66535,-0.272741
76,0.677172,2.57421,-0.580557
76,0.652264,2.6,-0.507322
76,0.70085,2.55575,-0.632265
76,0.659952,2.66355,-0.291515
76,0.652915,2.68125,-0.236127
76,0.659526,2.62898,-0.410277
76,0.751996,2.55434,-0.619887
76,0.706976,2.61261,-0.448067
76,0.7627,2.58811,-0.501176
76,0.676715,2.60075,-0.508006
76,0.666024,2.61455,-0.467827
76,0.701342,2.6662,-0.274489
76,0.728274,2.66495,-0.265905
76,0.701028,2.64446,-0.350492
76,0.706827,2.63203,-0.391306
76,0.752813,2.62602,-0.386537
76,0.700963,2.65042,-0.333504
76,0.649482,2.80537,0.16224
76,0.753126,2.66074,-0.270274
76,0.706203,2.59398,-0.526254
76,0.737651,2.63112,-0.38317
76,0.714157,2.78563,0.125569
76,0.630215,2.80894,0.158021
76,0.708344,2.57846,-0.580239
76,0.695128,2.70063,-0.175298
76,0.751453,2.57469,-0.573655
76,0.701683,2.65539,-0.329642
76,0.715253,2.58608,-0.560761
76,0.741928,2.61123,-0.463164
76,0.736742,2.59938,-0.507364
76,0.750585,2.78741,0.136914
76,0.63072,2.81295,0.156679
76,0.741684,2.60195,-0.49891
76,0.751819,2.61233,-0.45866
76,0.722365,2.60571,-0.498887
76,0.713426,2.79152,0.124581
76,0.735813,2.7895,0.129674
76,0.715067,2.60513,-0.506463
76,0.759494,2.59933,-0.505258
76,0.743832,2.60398,-0.499038
76,0.741502,2.61454,-0.465357
76,0.733271,2.79151,0.128658
76,0.736602,2.61626,-0.464818
76,0.751766,2.6486,-0.348648
76,0.740894,2.58195,-0.583687
76,0.752923,2.58223,-0.577603
76,0.75795,2.60232,-0.507231
76,0.744551,2.70812,-0.156609
76,0.751442,2.6829,-0.240999
76,0.755589,2.56711,-0.633216
76,0.747316,2.65458,-0.345127
76,0.73517,2.65511,-0.351747
76,0.736378,2.65605,-0.348226
76,0.75047,2.58573,-0.581202
76,0.735879,2.65727,-0.353078
76,0.632682,2.77802,-0.0124003
76,0.645457,2.7769,-0.0166073
76,0.74427,2.80786,0.134395
76,0.721714,2.85827,0.28953
76,0.706475,2.8987,0.405958
76,0.629084,2.78801,-0.0153766
76,0.705309,2.90005,0.40566
76,0.720787,2.87413,0.291668
76,0.721737,2.87425,0.285242
76,0.712627,2.77556,-0.0787567
76,0.625365,2.83497,0.0544277
76,0.702775,2.93721,0.392851
76,0.70552,2.95209,0.37299
76,0.715016,2.90725,0.204392
76,1.62965,2.80898,0.374494
76,1.50168,2.814,0.275668
76,1.51013,2.82314,0.273107
76,1.54847,2.82678,0.175728
76,1.5784,2.86533,0.277161
76,1.54672,2.8404,0.172289
76,1.52262,2.83206,0.0844168
76,1.57688,2.86002,0.0125937
76,1.55697,2.868,-0.00807786
76,1.60874,2.84468,-0.594077
76,1.61261,2.85157,-0.632541
76,1.15924,3.20079,0.167899
76,0.580558,2.47538,-0.294271
56,0.580558,2.47538,-0.294271
76,1.62104,2.94296,1.29395
55,1.62104,2.94296,1.29395
76,1.62313,2.90464,1.29338
55,1.62313,2.90464,1.29338
76,1.60198,2.84676,-0.634208
55,1.60198,2.84676,-0.634208
76,-0.0686264,2.56442,-0.107587
55,-0.0686264,2.56442,-0.107587
76,0.734426,2.78779,0.404423
54,0.734426,2.78779,0.404423
76,1.60701,2.78743,-0.595431
54,1.60701,2.78743,-0.595431
76,0.426479,2.59913,-0.223852
54,0.426479,2.59913,-0.223852
76,1.44239,2.80894,-0.129017
54,1.44239,2.80894,-0.129017
76,1.88407,1.89669,0.985901
75,1.88407,1.89669,0.985901
76,1.6167,3.05229,1.3669
75,1.6167,3.05229,1.3669
76,0.473128,2.59496,-0.254077
57,0.473128,2.59496,-0.254077
76,0.309346,2.94396,-0.527843
57,0.309346,2.94396,-0.527843
76,0.717754,2.60866,-0.269746
57,0.717754,2.60866,-0.269746
76,0.718887,2.73602,-0.0480415
5,0.718887,2.73602,-0.0480415
76,0.684097,2.58248,-0.429868
3,0.684097,2.58248,-0.429868
76,0.514129,2.39976,-0.413914
18,0.514129,2.39976,-0.413914
76,1.93799,1.9293,0.770916
74,1.93799,1.9293,0.770916
76,1.93675,1.9264,0.771614
74,1.93675,1.9264,0.771614
77,-0.180752,2.58294,0.978403
77,-0.176461,2.57316,0.932463
77,-0.187434,2.6479,1.22906
77,-0.170815,2.65491,1.23891
77,-0.189061,2.64715,1.22214
77,-0.195796,2.65975,1.22711
77,-0.183493,2.60219,0.990105
77,-0.149511,2.55093,0.716993
77,-0.155389,2.56796,0.76471
77,-0.155488,2.56826,0.749525
77,-0.153967,2.56491,0.711552
77,-0.15029,2.55302,0.653326
77,-0.18282,2.55423,0.656492
77,-0.159149,2.58007,0.718097
77,-0.182782,2.56201,0.652337
77,-0.158594,2.57913,0.651114
77,-0.157952,2.57777,0.624146
77,-0.164236,2.55998,0.505695
77,-0.165601,2.5654,0.50114
77,-0.162731,2.58422,0.474322
77,-0.254638,2.53636,0.244612
77,-0.227083,2.54316,0.240923
77,-0.241188,2.54039,0.240111
77,0.543275,2.54362,-0.440409
77,0.734179,2.6669,-0.142717
77,0.759307,2.59677,-0.451623
77,0.360837,2.58167,-0.162184
77,0.701511,2.63185,-0.270376
77,0.704723,2.63683,-0.256628
77,0.703187,2.60538,-0.377487
77,0.707716,2.57206,-0.512187
77,0.707362,2.56119,-0.554011
77,0.374414,2.5866,-0.162351
77,0.703077,2.61878,-0.33189
77,0.703555,2.61786,-0.336609
77,0.705826,2.57768,-0.494563
77,0.646914,2.60811,-0.330784
77,0.649662,2.56679,-0.493463
77,0.673195,2.588,-0.43209
77,0.667021,2.60213,-0.372137
77,0.676273,2.61473,-0.331521
77,0.67129,2.64358,-0.218233
77,0.681654,2.56968,-0.514969
77,0.653089,2.59507,-0.391626
77,0.682628,2.57498,-0.497578
77,0.676784,2.60025,-0.395598
77,0.713371,2.63863,-0.279405
77,0.6078,2.62115,-0.255462
77,0.65397,2.56651,-0.508118
77,0.643883,2.629,-0.257805
77,0.679055,2.56079,-0.55437
77,0.713545,2.56883,-0.553696
77,0.624231,2.54536,-0.566326
77,0.612247,2.57792,-0.430019
77,0.714909,2.58609,-0.489102
77,0.647943,2.55011,-0.570071
77,0.584506,2.60113,-0.316898
77,0.651381,2.55648,-0.549154
77,0.61033,2.63324,-0.21568
77,0.614769,2.6494,-0.157171
77,0.6438,2.64151,-0.214246
77,0.655657,2.59766,-0.394874
77,0.649981,2.62763,-0.274456
77,0.676885,2.63709,-0.26166
77,0.657229,2.55315,-0.570217
77,0.672908,2.60653,-0.377539
77,0.673775,2.57651,-0.494987
77,0.648854,2.64271,-0.216536
77,0.678437,2.62225,-0.322404
77,0.69894,2.66931,-0.158349
77,0.626201,2.57747,-0.450821
77,0.590522,2.60032,-0.331374
77,0.714275,2.61125,-0.398332
77,0.679868,2.61945,-0.33659
77,0.602038,2.58604,-0.398132
77,0.694769,2.66777,-0.163527
77,0.618892,2.60653,-0.335064
77,0.587037,2.57368,-0.434506
77,0.648243,2.59927,-0.389521
77,0.593431,2.57229,-0.445812
77,0.643712,2.59702,-0.394635
77,0.585937,2.63499,-0.196841
77,0.672578,2.6486,-0.220812
77,0.655038,2.63,-0.27762
77,0.707132,2.60046,-0.438481
77,0.585458,2.58941,-0.374239
77,0.588919,2.61695,-0.271802
77,0.620066,2.58114,-0.438102
77,0.368117,2.53627,-0.389658
77,0.672219,2.63821,-0.263085
77,0.586261,2.64655,-0.155168
77,0.592881,2.55738,-0.506824
77,0.557282,2.55424,-0.488465
77,0.600839,2.54321,-0.569891
77,0.590292,2.54662,-0.547435
77,0.671878,2.65349,-0.205474
77,0.58278,2.61974,-0.258231
77,0.666001,2.65306,-0.203082
77,0.58269,2.63179,-0.212009
77,0.673595,2.65008,-0.222456
77,0.559818,2.56587,-0.448433
77,0.54913,2.62417,-0.213794
77,0.577156,2.64484,-0.158755
77,0.533063,2.54598,-0.503716
77,0.613799,2.59681,-0.37867
77,0.625304,2.54947,-0.572348
77,0.582607,2.63274,-0.212082
77,0.531614,2.54943,-0.4899
77,0.552716,2.59949,-0.314712
77,0.589557,2.5465,-0.552583
77,0.52478,2.62376,-0.196143
77,0.678313,2.57689,-0.513235
77,0.521553,2.6194,-0.210314
77,0.526943,2.54846,-0.490214
77,0.651387,2.5747,-0.498428
77,0.580567,2.63761,-0.192509
77,0.651514,2.61694,-0.336109
77,0.617361,2.61266,-0.322791
77,0.617102,2.58282,-0.438678
77,0.615794,2.62822,-0.262305
77,0.699283,2.67196,-0.167129
77,0.658688,2.57294,-0.51546
77,0.527226,2.56028,-0.448769
77,0.628108,2.65695,-0.163881
77,0.556124,2.61206,-0.274731
77,0.602017,2.57556,-0.456642
77,0.56828,2.64974,-0.139854
77,0.653232,2.55773,-0.572167
77,0.538777,2.52278,-0.607561
77,0.615642,2.59443,-0.398478
77,0.752374,2.6283,-0.388432
77,0.668994,2.62049,-0.345494
77,0.60141,2.60817,-0.334189
77,0.476056,2.52519,-0.54547
77,0.598427,2.61509,-0.305322
77,0.597685,2.59249,-0.392643
77,0.740624,2.62758,-0.383768
77,0.609499,2.64443,-0.202916
77,0.48966,2.55938,-0.426944
77,0.644149,2.62198,-0.321046
77,0.55711,2.55243,-0.514026
77,0.591331,2.54497,-0.57322
77,0.554578,2.61702,-0.2617
77,0.537712,2.53469,-0.566273
77,0.526497,2.57723,-0.391771
77,0.609816,2.63014,-0.261184
77,0.751548,2.65982,-0.271429
77,0.616284,2.60132,-0.378747
77,0.534349,2.53413,-0.566823
77,0.548687,2.64542,-0.14849
77,0.539011,2.53531,-0.566646
77,0.656914,2.63586,-0.281555
77,0.528696,2.58245,-0.375474
77,0.604336,2.60267,-0.363896
77,0.464757,2.61076,-0.210186
77,0.535577,2.54026,-0.546777
77,0.559794,2.55895,-0.495899
77,0.617116,2.62827,-0.278074
77,0.472639,2.52249,-0.560871
77,0.587521,2.61117,-0.318822
77,0.566009,2.54497,-0.556579
77,0.553535,2.5736,-0.435673
77,0.530058,2.58012,-0.390024
77,0.743059,2.67111,-0.225712
77,0.559018,2.63183,-0.21559
77,0.602048,2.63329,-0.248228
77,0.474308,2.52802,-0.543395
77,0.606532,2.57428,-0.480904
77,0.491189,2.59122,-0.31352
77,0.595686,2.57906,-0.453628
77,0.560475,2.56056,-0.494642
77,0.552884,2.63438,-0.202039
77,0.645106,2.63604,-0.277343
77,0.562046,2.5712,-0.45533
77,0.560316,2.5752,-0.438602
77,0.47312,2.55743,-0.430502
77,0.560073,2.57111,-0.454575
77,0.527252,2.63356,-0.184126
77,0.588332,2.58213,-0.437432
77,0.53023,2.62682,-0.213137
77,0.505068,2.59074,-0.330882
77,0.589176,2.60868,-0.336428
77,0.527309,2.61103,-0.273917
77,0.664201,2.6149,-0.380363
77,0.476027,2.53967,-0.50584
77,0.465704,2.58679,-0.314362
77,0.524701,2.60067,-0.312748
77,0.556065,2.54571,-0.553708
77,0.468798,2.60341,-0.253433
77,0.495646,2.58931,-0.331796
77,0.503086,2.54881,-0.495364
77,0.553914,2.59074,-0.377795
77,0.338312,2.57674,-0.241992
77,0.552683,2.60068,-0.338563
77,0.739654,2.66301,-0.26214
77,0.340513,2.54744,-0.358568
77,0.341925,2.58676,-0.208078
77,0.656327,2.59286,-0.462117
77,0.473301,2.57001,-0.389369
77,0.447538,2.52273,-0.549843
77,0.557586,2.53099,-0.614978
77,0.332197,2.57368,-0.250754
77,0.500387,2.57896,-0.378763
77,0.586664,2.62967,-0.258581
77,0.527383,2.61013,-0.282043
77,0.536814,2.63758,-0.184525
77,0.465919,2.59978,-0.268834
77,0.442456,2.51757,-0.566793
77,0.461266,2.5977,-0.273016
77,0.531526,2.60247,-0.316595
77,0.359205,2.60562,-0.152419
77,0.539781,2.63102,-0.213655
77,0.496754,2.56402,-0.43542
77,0.580883,2.64323,-0.20286
77,0.539031,2.60841,-0.301207
77,0.531683,2.55757,-0.492004
77,0.497678,2.60923,-0.262147
77,0.540755,2.62905,-0.223482
77,0.545243,2.56999,-0.456513
77,0.555405,2.6026,-0.339167
77,0.335049,2.55588,-0.326059
77,0.576828,2.65286,-0.163903
77,0.567237,2.54511,-0.573026
77,0.469726,2.54352,-0.493234
77,0.54298,2.59978,-0.340148
77,0.453169,2.51064,-0.606573
77,0.552929,2.6227,-0.260754
77,0.56561,2.57276,-0.465536
77,0.487781,2.60873,-0.25827
77,0.436266,2.58331,-0.311301
77,0.491367,2.6242,-0.201901
77,0.561133,2.5336,-0.614992
77,0.445758,2.51091,-0.601278
77,0.545923,2.59358,-0.369533
77,0.661897,2.60216,-0.438656
77,0.336524,2.57676,-0.251614
77,0.499449,2.56154,-0.455129
77,0.337093,2.51665,-0.486214
77,0.495947,2.62637,-0.202219
77,0.4429,2.53511,-0.509649
77,0.543603,2.6242,-0.253545
77,0.701075,2.65658,-0.267301
77,0.421238,2.51666,-0.562744
77,0.531367,2.57419,-0.437163
77,0.438156,2.58005,-0.332321
77,0.643615,2.64509,-0.261982
77,0.490429,2.61103,-0.259026
77,0.52398,2.63375,-0.20124
77,0.711257,2.61346,-0.445445
77,0.497918,2.5375,-0.551579
77,0.496896,2.58232,-0.3771
77,0.659897,2.59443,-0.474152
77,0.485809,2.56075,-0.451164
77,0.539552,2.54176,-0.572215
77,0.415322,2.51587,-0.563016
77,0.491539,2.6371,-0.160639
77,0.435497,2.5695,-0.373302
77,0.501621,2.61421,-0.258767
77,0.412654,2.54564,-0.445922
77,0.409978,2.57547,-0.328844
77,0.409615,2.56452,-0.371122
77,0.61103,2.57745,-0.499152
77,0.441747,2.58597,-0.318234
77,0.440774,2.5411,-0.49208
77,0.479721,2.57542,-0.393708
77,0.488684,2.55507,-0.480974
77,0.493718,2.59765,-0.320742
77,0.532086,2.60234,-0.33685
77,0.422636,2.53444,-0.503686
77,0.36819,2.58786,-0.248765
77,0.435773,2.61186,-0.21558
77,0.338567,2.56191,-0.323431
77,0.466645,2.57703,-0.378591
77,0.477391,2.6058,-0.277426
77,0.508525,2.64233,-0.163554
77,0.525694,2.61737,-0.275474
77,0.416409,2.56325,-0.38879
77,0.410954,2.55074,-0.433096
77,0.471321,2.52889,-0.571212
77,0.441461,2.59937,-0.272031
77,0.418639,2.53329,-0.50795
77,0.438929,2.61698,-0.201707
77,0.336266,2.6101,-0.137938
77,0.467404,2.63481,-0.158149
77,0.493977,2.60967,-0.279042
77,0.476052,2.56077,-0.452752
77,0.595161,2.61532,-0.346914
77,0.439679,2.58707,-0.319225
77,0.41461,2.5337,-0.504213
77,0.43948,2.55703,-0.436874
77,0.592856,2.60064,-0.404173
77,0.406592,2.59682,-0.255371
77,0.707427,2.6361,-0.368737
77,0.415857,2.5639,-0.391235
77,0.467003,2.61038,-0.256337
77,0.369118,2.60386,-0.195522
77,0.403434,2.58055,-0.316751
77,0.474346,2.55132,-0.493046
77,0.483949,2.61662,-0.248798
77,0.440549,2.60006,-0.274696
77,0.417844,2.59583,-0.271423
77,0.386685,2.51257,-0.566849
77,0.47503,2.59251,-0.335241
77,0.638962,2.61882,-0.37816
77,0.647865,2.62557,-0.360249
77,0.46953,2.5768,-0.392009
77,0.40435,2.59209,-0.275479
77,0.71312,2.65346,-0.310509
77,0.44065,2.52926,-0.551416
77,0.58843,2.63215,-0.283201
77,0.524512,2.60765,-0.321857
77,0.59071,2.64743,-0.226252
77,0.443878,2.57161,-0.390521
77,0.432309,2.59805,-0.278271
77,0.486133,2.58765,-0.36606
77,0.423012,2.55995,-0.41776
77,0.443515,2.51342,-0.616322
77,0.413306,2.52319,-0.551919
77,0.434105,2.55859,-0.433444
77,0.403167,2.59366,-0.270316
77,0.427596,2.58763,-0.315264
77,0.599941,2.61776,-0.351173
77,0.4117,2.53885,-0.491047
77,0.413007,2.59501,-0.274672
77,0.441286,2.5708,-0.39379
77,0.434627,2.61439,-0.21917
77,0.420687,2.59014,-0.301174
77,0.44128,2.51416,-0.614005
77,0.596327,2.62637,-0.316471
77,0.344447,2.53641,-0.443756
77,0.371951,2.57891,-0.303698
77,0.596619,2.59657,-0.433709
77,0.374936,2.57215,-0.332868
77,0.555724,2.56475,-0.521172
77,0.385599,2.61873,-0.161944
77,0.587959,2.59353,-0.438419
77,0.343208,2.59626,-0.212581
77,0.338607,2.50452,-0.563979
77,0.406588,2.61041,-0.214417
77,0.423901,2.61841,-0.199591
77,0.376787,2.56268,-0.375116
77,0.432854,2.60529,-0.259552
77,0.467538,2.58309,-0.376596
77,0.435293,2.58566,-0.338616
77,0.3806,2.56362,-0.376041
77,0.413889,2.52096,-0.571336
77,0.417934,2.51176,-0.610718
77,0.370307,2.50116,-0.61085
77,0.359634,2.60825,-0.188226
77,0.376757,2.54926,-0.432316
77,0.59951,2.65079,-0.235693
77,0.383258,2.52028,-0.550748
77,0.412142,2.56826,-0.391294
77,0.375677,2.59458,-0.257379
77,0.429938,2.60591,-0.261453
77,0.344863,2.50858,-0.564133
77,0.377387,2.5908,-0.274352
77,0.417025,2.52892,-0.549543
77,0.400113,2.61492,-0.201789
77,0.544861,2.572,-0.499652
77,0.409239,2.60474,-0.256915
77,0.405316,2.59953,-0.274128
77,0.378853,2.59352,-0.274469
77,0.375175,2.61141,-0.202043
77,0.4034,2.61826,-0.200765
77,0.525986,2.657,-0.159086
77,0.588879,2.64811,-0.249414
77,0.376134,2.62368,-0.156895
77,0.376821,2.60805,-0.219255
77,0.436924,2.58024,-0.380677
77,0.378918,2.52299,-0.553537
77,0.385661,2.50771,-0.619388
77,0.526312,2.61632,-0.322773
77,0.378718,2.58304,-0.322589
77,0.493935,2.58794,-0.40608
77,0.470564,2.5592,-0.496898
77,0.437136,2.59246,-0.338902
77,0.372367,2.59779,-0.261765
77,0.47316,2.61555,-0.285264
77,0.382281,2.5401,-0.49787
77,0.337955,2.57264,-0.33314
77,0.489377,2.62016,-0.284899
77,0.340212,2.568,-0.357044
77,0.470727,2.60155,-0.343252
77,0.481289,2.57173,-0.468184
77,0.375773,2.55581,-0.437672
77,0.478599,2.62513,-0.261561
77,0.370731,2.627,-0.159302
77,0.375553,2.61608,-0.206404
77,0.462265,2.62151,-0.262476
77,0.339117,2.54158,-0.463634
77,0.485234,2.61044,-0.326917
77,0.435172,2.54028,-0.558616
77,0.341311,2.5373,-0.487876
77,0.437648,2.53483,-0.58322
77,0.423396,2.55808,-0.48476
77,0.365195,2.61767,-0.203555
77,0.369025,2.5893,-0.317382
77,0.371497,2.58383,-0.341957
77,0.367473,2.57262,-0.383234
77,0.411853,2.55382,-0.495793
77,0.345897,2.51901,-0.57252
77,0.480531,2.60637,-0.353213
77,0.375791,2.55391,-0.464927
77,0.42684,2.60238,-0.323602
77,0.368561,2.52967,-0.555783
77,0.370845,2.54511,-0.49844
77,0.474359,2.62144,-0.29531
77,0.361822,2.55186,-0.46564
77,0.364974,2.62104,-0.204598
77,0.387795,2.64206,-0.1469
77,-0.146174,2.40258,-0.604182
77,0.423091,2.65082,-0.14539
77,0.424102,2.6496,-0.157882
77,-0.151857,2.40348,-0.606032
77,0.399833,2.64889,-0.161386
77,-0.163226,2.41972,-0.612166
77,-0.19665,2.43465,-0.639609
77,-0.204199,2.66672,0.258483
77,-0.211427,2.67101,0.272191
77,-0.219643,2.66531,0.257226
77,-0.200156,2.43743,-0.651685
77,-0.200507,2.44914,-0.648947
77,-0.183064,2.46559,-0.630394
77,-0.977986,2.51705,0.256496
77,-0.999294,2.54005,0.236376
77,-0.223551,2.66407,0.0172594
77,-1.09558,2.72643,0.199782
77,-1.11392,2.72744,0.183489
77,-1.48748,2.99134,0.104109
77,-1.65947,3.12553,0.0582569
77,0.3994,3.72794,-0.975256
76,0.3994,3.72794,-0.975256
77,0.6621,2.122,-0.246211
76,0.6621,2.122,-0.246211
77,0.68763,2.00587,-0.162255
76,0.68763,2.00587,-0.162255
77,0.506358,2.81996,-0.702042
76,0.506358,2.81996,-0.702042
77,0.640995,2.63096,-0.281283
76,0.640995,2.63096,-0.281283
77,0.570875,2.58923,-0.133471
76,0.570875,2.58923,-0.133471
77,0.599525,1.93975,0.142753
76,0.599525,1.93975,0.142753
77,0.630981,2.36427,-0.253865
76,0.630981,2.36427,-0.253865
77,0.329841,2.621,-0.278228
76,0.329841,2.621,-0.278228
77,0.517655,2.39042,-0.223756
76,0.517655,2.39042,-0.223756
77,0.737998,2.68988,-0.151731
76,0.737998,2.68988,-0.151731
77,0.457909,2.70971,-0.618065
56,0.457909,2.70971,-0.618065
77,0.615022,2.61023,-0.407221
56,0.615022,2.61023,-0.407221
77,-0.911611,2.46593,0.267174
56,-0.911611,2.46593,0.267174
77,0.662987,2.654,-0.202101
56,0.662987,2.654,-0.202101
77,0.663339,2.33535,-0.241121
56,0.663339,2.33535,-0.241121
77,-0.146847,2.63529,0.758016
56,-0.146847,2.63529,0.758016
77,0.57687,2.80262,-0.379311
57,0.57687,2.80262,-0.379311
77,0.539866,2.51695,-0.205751
57,0.539866,2.51695,-0.205751
77,0.572961,2.95265,-0.45575
57,0.572961,2.95265,-0.45575
77,0.677745,2.61935,-0.318222
57,0.677745,2.61935,-0.318222
77,0.648059,2.6047,-0.404777
57,0.648059,2.6047,-0.404777
77,0.639977,2.74616,-0.452085
57,0.639977,2.74616,-0.452085
77,0.42376,3.35519,-0.758718
57,0.42376,3.35519,-0.758718
77,0.455389,2.66956,-0.183825
57,0.455389,2.66956,-0.183825
77,-0.217802,2.57218,0.355878
57,-0.217802,2.57218,0.355878
77,-0.18443,2.67807,1.31607
57,-0.18443,2.67807,1.31607
77,0.58229,2.6902,-0.566979
57,0.58229,2.6902,-0.566979
77,-0.218625,2.57144,0.357759
57,-0.218625,2.57144,0.357759
77,-0.828042,2.41846,0.305044
57,-0.828042,2.41846,0.305044
77,-0.885875,2.48381,0.266978
57,-0.885875,2.48381,0.266978
77,0.40541,2.60179,-0.320371
55,0.40541,2.60179,-0.320371
77,-0.201073,2.64574,0.338416
55,-0.201073,2.64574,0.338416
77,0.598386,2.3758,-0.113142
55,0.598386,2.3758,-0.113142
77,0.593179,2.54086,-0.546494
54,0.593179,2.54086,-0.546494
77,0.336318,2.55359,-0.368656
54,0.336318,2.55359,-0.368656
77,0.597541,2.62739,-0.187196
54,0.597541,2.62739,-0.187196
77,0.545704,2.75472,-0.514925
3,0.545704,2.75472,-0.514925
78,0.590444,1.0987,0.484935
78,-0.279921,2.53361,1.25778
78,0.714379,2.56759,-0.43723
78,0.733992,2.60951,-0.319906
78,0.713178,2.61452,-0.274167
78,0.719076,2.64007,-0.205246
78,0.766691,2.58139,-0.486728
78,0.711509,2.62031,-0.267288
78,0.701939,2.63418,-0.206458
78,0.756968,2.57965,-0.488619
78,0.739141,2.64865,-0.225428
78,0.659648,2.5849,-0.349329
78,0.663025,2.60145,-0.294741
78,0.70524,2.65446,-0.164165
78,0.70417,2.65778,-0.155719
78,0.709736,2.61387,-0.324213
78,0.671461,2.62228,-0.239043
78,0.711056,2.59904,-0.381217
78,0.651932,2.62314,-0.208994
78,0.679933,2.57162,-0.439588
78,0.714595,2.56899,-0.502258
78,0.676614,2.58064,-0.414197
78,0.681475,2.56529,-0.480108
78,0.683931,2.56127,-0.499171
78,0.669516,2.62608,-0.24677
78,0.752421,2.59139,-0.495047
78,0.709942,2.60495,-0.391092
78,0.670959,2.61329,-0.305077
78,0.649213,2.65178,-0.134654
78,0.711866,2.65484,-0.2149
78,0.643982,2.64774,-0.148413
78,0.655401,2.60345,-0.325708
78,0.744374,2.62515,-0.375755
78,0.710215,2.64221,-0.279995
78,0.645004,2.62618,-0.245768
78,0.597259,2.55461,-0.438415
78,0.670252,2.60384,-0.366139
78,0.619853,2.58034,-0.38112
78,0.658886,2.56186,-0.504461
78,0.650863,2.60725,-0.329132
78,0.678811,2.57554,-0.489322
78,0.684349,2.59438,-0.433252
78,0.610311,2.61854,-0.24204
78,0.608658,2.60281,-0.297283
78,0.617533,2.58845,-0.364354
78,0.66252,2.65443,-0.193373
78,0.595245,2.60908,-0.261914
78,0.647178,2.62914,-0.270362
78,0.627663,2.5455,-0.546257
78,-1.04979,1.87615,-0.549583
78,0.599989,2.5478,-0.504362
78,0.591793,2.61936,-0.236582
78,0.648386,2.6319,-0.27358
78,0.611872,2.60659,-0.312695
78,0.614253,2.61844,-0.274381
78,0.611481,2.5919,-0.36661
78,0.648372,2.64882,-0.214313
78,0.588961,2.57915,-0.38173
78,0.61168,2.56063,-0.482034
78,0.619388,2.57876,-0.428094
78,0.651047,2.65018,-0.215361
78,0.593752,2.59767,-0.324348
78,0.6464,2.61808,-0.331013
78,0.611371,2.62603,-0.25273
78,0.485089,2.57059,-0.273237
78,0.653443,2.58939,-0.451832
78,0.603534,2.64192,-0.19259
78,0.619937,2.61079,-0.330928
78,0.566131,2.53227,-0.539487
78,0.568028,2.55088,-0.484207
78,0.476733,2.58963,-0.212217
78,0.598697,2.54153,-0.563517
78,0.540017,2.55171,-0.443498
78,0.593927,2.60541,-0.328701
78,0.5626,2.54446,-0.504676
78,0.552112,2.57875,-0.36645
78,0.53664,2.54283,-0.475114
78,0.591386,2.65265,-0.156966
78,0.589405,2.589,-0.386695
78,0.531306,2.61651,-0.206075
78,0.551714,2.56541,-0.421508
78,0.531489,2.58506,-0.322059
78,0.551932,2.61307,-0.252084
78,0.531884,2.60109,-0.268523
78,0.55153,2.5989,-0.306644
78,0.562788,2.53772,-0.545834
78,0.555146,2.61245,-0.26864
78,0.528882,2.60914,-0.246962
78,0.539883,2.59392,-0.321224
78,0.553084,2.61809,-0.253679
78,0.536067,2.62109,-0.223759
78,0.531371,2.59287,-0.325984
78,0.535177,2.5461,-0.501737
78,0.532998,2.57759,-0.385348
78,0.549683,2.63753,-0.192712
78,0.531755,2.64404,-0.143264
78,0.479236,2.5891,-0.266666
78,0.530319,2.63358,-0.180591
78,0.557336,2.64369,-0.183351
78,0.555171,2.60959,-0.304448
78,0.538394,2.53228,-0.560579
78,0.510444,2.54268,-0.483738
78,0.493162,2.62841,-0.15084
78,0.475948,2.54948,-0.415493
78,0.471557,2.62135,-0.152224
78,0.496926,2.58973,-0.308496
78,0.498253,2.60784,-0.245042
78,0.532667,2.61491,-0.270323
78,0.539623,2.64129,-0.186345
78,0.525966,2.64607,-0.149592
78,-1.06606,1.89695,-0.568482
78,0.52589,2.63565,-0.191839
78,0.468215,2.58271,-0.30171
78,0.471012,2.60991,-0.208445
78,0.529705,2.61651,-0.26984
78,0.47396,2.5954,-0.265795
78,-0.159475,2.55745,0.507145
78,0.480861,2.53475,-0.500319
78,0.525445,2.63105,-0.216478
78,0.471703,2.62872,-0.14975
78,0.476758,2.62579,-0.169048
78,0.493959,2.58923,-0.331428
78,0.425414,2.6076,-0.172278
78,0.461262,2.62829,-0.151907
78,0.445192,2.53084,-0.482014
78,0.437264,2.60445,-0.20741
78,0.496533,2.56129,-0.450239
78,0.440315,2.61045,-0.191169
78,0.417568,2.55009,-0.377903
78,0.442786,2.59561,-0.250996
78,0.421798,2.61614,-0.146647
78,0.430533,2.60873,-0.190908
78,0.439354,2.58079,-0.30617
78,0.489902,2.58639,-0.362807
78,0.482865,2.56139,-0.448205
78,0.494774,2.63503,-0.198867
78,0.410073,2.59882,-0.208642
78,0.414799,2.54363,-0.420331
78,0.333552,2.57316,-0.19648
78,0.368124,2.52901,-0.406507
78,0.408544,2.61715,-0.150072
78,0.372081,2.60302,-0.148611
78,0.385317,2.54686,-0.376836
78,0.409279,2.57314,-0.322338
78,0.385534,2.53741,-0.421859
78,0.413295,2.56011,-0.382115
78,0.383717,2.58675,-0.248598
78,0.443472,2.54678,-0.48747
78,0.438903,2.59306,-0.315052
78,0.471405,2.60599,-0.316573
78,0.438349,2.55696,-0.449251
78,0.339883,2.55453,-0.317709
78,0.350966,2.55764,-0.322806
78,0.379281,2.51844,-0.507039
78,0.42336,2.55034,-0.460939
78,0.434171,2.60689,-0.273904
78,0.43685,2.57554,-0.392027
78,0.468549,2.64198,-0.200964
78,0.471068,2.63785,-0.220707
78,0.387442,2.52376,-0.517336
78,0.41334,2.62315,-0.207209
78,0.418429,2.57564,-0.3871
78,0.420111,2.59249,-0.330441
78,0.405491,2.61814,-0.217371
78,0.423014,2.60717,-0.283165
78,0.346881,2.53346,-0.442766
78,0.411428,2.57198,-0.396983
78,0.426833,2.56268,-0.454298
78,0.432463,2.63046,-0.217
78,0.406426,2.62252,-0.213601
78,0.417706,2.52934,-0.570241
78,0.374271,2.58545,-0.307893
78,0.366139,2.59319,-0.2684
78,0.337129,2.52579,-0.484236
78,0.343545,2.53829,-0.450013
78,0.369523,2.54101,-0.484284
78,-0.222947,2.52464,0.258943
78,-0.256548,2.51587,0.263628
78,-0.196486,2.54818,0.28536
78,-0.258254,2.5258,0.257179
78,-0.179967,2.40883,-0.620053
78,-0.189099,2.41562,-0.627331
78,-0.193463,2.41846,-0.63054
78,-1.03054,2.10407,-0.677354
78,-1.07214,2.11141,-0.683584
78,-1.05056,2.12002,-0.703823
78,-1.06581,2.12087,-0.687832
78,-0.94652,2.64428,0.210533
78,-0.973788,2.68588,0.206569
78,-0.983358,2.68502,0.211251
78,-1.23418,2.75336,0.186336
78,-2.09037,2.51705,0.283599
78,-1.919,2.58312,0.243816
78,-1.95088,2.57383,0.243815
78,-1.92224,2.58278,0.217346
78,-2.17539,2.58278,0.231248
78,0.558446,2.57316,-0.233712
77,0.558446,2.57316,-0.233712
78,0.652614,2.62011,-0.389388
77,0.652614,2.62011,-0.389388
78,-0.186957,2.52666,0.290262
77,-0.186957,2.52666,0.290262
78,0.536816,2.54785,-0.440011
77,0.536816,2.54785,-0.440011
78,0.412082,2.52146,-0.503785
77,0.412082,2.52146,-0.503785
78,-1.0792,2.49533,0.249188
77,-1.0792,2.49533,0.249188
78,0.594416,2.54007,-0.360654
77,0.594416,2.54007,-0.360654
78,0.371887,2.62684,-0.274458
77,0.371887,2.62684,-0.274458
78,0.499752,2.52492,-0.276177
77,0.499752,2.52492,-0.276177
78,-1.07883,2.49497,0.249963
77,-1.07883,2.49497,0.249963
78,-0.89604,2.48238,0.274113
77,-0.89604,2.48238,0.274113
78,-0.66857,2.15559,0.362276
77,-0.66857,2.15559,0.362276
78,-0.836603,2.41182,0.292171
77,-0.836603,2.41182,0.292171
78,0.55718,2.78623,-0.42907
76,0.55718,2.78623,-0.42907
78,0.70192,2.64751,-0.218782
76,0.70192,2.64751,-0.218782
78,0.627651,2.74192,-0.547157
76,0.627651,2.74192,-0.547157
78,0.616571,2.60866,-0.314189
76,0.616571,2.60866,-0.314189
78,0.592376,2.64378,-0.333384
76,0.592376,2.64378,-0.333384
78,0.555258,2.59631,-0.308496
57,0.555258,2.59631,-0.308496
78,0.629255,2.23641,-0.181218
57,0.629255,2.23641,-0.181218
78,0.554346,2.58897,-0.193081
57,0.554346,2.58897,-0.193081
78,0.552793,2.62829,-0.376791
57,0.552793,2.62829,-0.376791
78,0.581476,2.24748,-0.110376
57,0.581476,2.24748,-0.110376
78,-2.08431,2.18774,-0.142782
57,-2.08431,2.18774,-0.142782
78,-2.01621,2.19227,-0.0594454
57,-2.01621,2.19227,-0.0594454
78,0.532706,2.57067,-0.392605
57,0.532706,2.57067,-0.392605
78,-1.94344,2.08966,-0.169353
57,-1.94344,2.08966,-0.169353
78,-1.94402,2.18468,0.0703806
57,-1.94402,2.18468,0.0703806
78,0.503615,2.52649,-0.544487
56,0.503615,2.52649,-0.544487
78,0.527092,2.6254,-0.256988
54,0.527092,2.6254,-0.256988
78,0.586738,2.60235,-0.376603
54,0.586738,2.60235,-0.376603
78,-0.898431,2.51795,0.437208
58,-0.898431,2.51795,0.437208
78,-0.928681,2.4266,0.296001
58,-0.928681,2.4266,0.296001
78,-0.898639,2.4738,0.272392
58,-0.898639,2.4738,0.272392
78,-0.906708,2.47688,0.35583
58,-0.906708,2.47688,0.35583
78,-0.793432,2.40511,0.321731
58,-0.793432,2.40511,0.321731
78,0.530588,2.69044,-0.366796
5,0.530588,2.69044,-0.366796
78,0.436146,2.57427,-0.363045
5,0.436146,2.57427,-0.363045
78,-1.10248,5.00614,-0.0983184
17,-1.10248,5.00614,-0.0983184
78,0.501734,2.55707,-0.453092
17,0.501734,2.55707,-0.453092
78,0.727555,2.65445,-0.232615
17,0.727555,2.65445,-0.232615
78,0.528826,2.60699,-0.204631
75,0.528826,2.60699,-0.204631
79,0.752453,2.59069,-0.332128
79,0.707034,2.61907,-0.207772
79,0.716349,2.63106,-0.187465
79,0.711213,2.59151,-0.324663
79,0.697968,2.62576,-0.183037
79,0.71612,2.63735,-0.182936
79,0.667382,2.6099,-0.199368
79,0.735632,2.66688,-0.144526
79,0.645697,2.59901,-0.203554
79,0.706595,2.64897,-0.152794
79,0.658881,2.60206,-0.234637
79,0.671052,2.60715,-0.245142
79,0.670074,2.58835,-0.325012
79,0.67105,2.59026,-0.331093
79,0.658101,2.6168,-0.213071
79,0.665087,2.64895,-0.150118
79,0.658315,2.61458,-0.277453
79,0.649915,2.62835,-0.215882
79,0.654223,2.60094,-0.335565
79,0.651026,2.60257,-0.326926
79,0.639701,2.63785,-0.184301
79,0.643511,2.6241,-0.255711
79,0.638589,2.63893,-0.197101
79,0.613286,2.63691,-0.197604
79,0.614743,2.6073,-0.313163
79,0.611703,2.60219,-0.335801
79,0.617535,2.59428,-0.378078
79,0.61088,2.63407,-0.216995
79,0.608566,2.60966,-0.312639
79,0.605094,2.64076,-0.196781
79,0.603136,2.64285,-0.197094
79,0.597068,2.63389,-0.228147
79,0.593045,2.60306,-0.334968
79,0.594682,2.58935,-0.392139
79,0.591663,2.61978,-0.279358
79,0.594117,2.59,-0.395501
79,0.590627,2.63757,-0.218646
79,0.595665,2.63651,-0.24119
79,0.587471,2.64212,-0.203076
79,0.587902,2.65456,-0.160624
79,0.588019,2.656,-0.16126
79,0.583369,2.64273,-0.20334
79,0.556919,2.57725,-0.391128
79,0.554016,2.58184,-0.370117
79,0.581964,2.64787,-0.192829
79,0.555504,2.59422,-0.335431
79,0.550711,2.63043,-0.194245
79,0.57819,2.65759,-0.165004
79,0.538365,2.60906,-0.275645
79,0.541367,2.59402,-0.341443
79,0.524883,2.59219,-0.31234
79,0.544728,2.64864,-0.150828
79,0.521932,2.57859,-0.367787
79,0.54651,2.61061,-0.313125
79,0.494978,2.56749,-0.364458
79,0.496399,2.56865,-0.367372
79,0.49397,2.56212,-0.396446
79,0.477258,2.60139,-0.222814
79,0.496243,2.56232,-0.413843
79,0.495405,2.6061,-0.25436
79,0.534209,2.63719,-0.224547
79,0.543711,2.6397,-0.243028
79,0.473394,2.56074,-0.388063
79,0.471795,2.57574,-0.330401
79,0.470588,2.61769,-0.176279
79,0.467269,2.59707,-0.252195
79,0.472867,2.54994,-0.439275
79,0.468908,2.58347,-0.310701
79,0.47124,2.55338,-0.427936
79,0.470868,2.5961,-0.271133
79,0.468253,2.56852,-0.367948
79,0.535972,2.65983,-0.187292
79,0.497163,2.58819,-0.368272
79,0.437829,2.54168,-0.419737
79,0.444567,2.59476,-0.279251
79,-0.289516,2.49493,0.962247
79,0.4339,2.58987,-0.280297
79,0.481552,2.64644,-0.180634
79,-0.257677,2.51338,0.941104
79,0.476145,2.63602,-0.22072
79,-0.257567,2.51718,0.951351
79,0.414266,2.55401,-0.389375
79,0.41101,2.58378,-0.2723
79,0.437383,2.58424,-0.334225
79,-0.287631,2.50328,0.95589
79,0.469747,2.6338,-0.231615
79,0.412911,2.5433,-0.44449
79,0.48341,2.63442,-0.263469
79,0.48401,2.65318,-0.200623
79,0.416083,2.56491,-0.392139
79,0.41038,2.55166,-0.429134
79,-0.240013,2.55172,0.995669
79,-0.294797,2.51177,0.965142
79,-0.294654,2.50867,0.952271
79,-0.26289,2.51856,0.916456
79,-0.293664,2.49931,0.90858
79,-0.290738,2.50742,0.930071
79,0.410401,2.59825,-0.274997
79,-0.289812,2.50659,0.921308
79,0.41311,2.56902,-0.393235
79,0.345215,2.53908,-0.359694
79,0.409153,2.58437,-0.332472
79,0.385291,2.53033,-0.487943
79,0.394291,2.53598,-0.48788
79,0.342414,2.5718,-0.24314
79,0.421001,2.62056,-0.235838
79,0.410993,2.57592,-0.38019
79,0.406429,2.61756,-0.216078
79,0.409792,2.61568,-0.237012
79,0.424371,2.60425,-0.316047
79,0.326923,2.5783,-0.198883
79,0.37289,2.58667,-0.269796
79,-0.300407,2.50952,0.923363
79,0.384075,2.54595,-0.450114
79,0.382489,2.56621,-0.373219
79,0.375239,2.59455,-0.255458
79,0.376488,2.61062,-0.198838
79,-0.262392,2.54563,0.958606
79,0.354743,2.57957,-0.272157
79,0.342517,2.57856,-0.249325
79,0.32829,2.55193,-0.317205
79,0.373929,2.58167,-0.31377
79,0.370763,2.62153,-0.159245
79,0.336418,2.58898,-0.206761
79,0.38126,2.58213,-0.335076
79,-0.280636,2.56281,1.0474
79,0.379841,2.53906,-0.495588
79,0.388322,2.63549,-0.16379
79,0.357724,2.59521,-0.248399
79,0.406408,2.59019,-0.374437
79,0.34315,2.56445,-0.33505
79,0.346201,2.53695,-0.4473
79,0.381406,2.55611,-0.455258
79,0.379363,2.5551,-0.457439
79,-0.269467,2.55135,0.950226
79,0.36211,2.58577,-0.31042
79,-0.299911,2.52361,0.913688
79,0.346099,2.54,-0.449159
79,0.339551,2.56933,-0.329631
79,0.410434,2.6566,-0.169136
79,0.374277,2.59367,-0.324888
79,0.373941,2.58905,-0.342512
79,0.338198,2.60194,-0.223782
79,-0.300011,2.53844,0.935765
79,-0.27764,2.54772,0.911192
79,0.339,2.54895,-0.454792
79,-0.309674,2.62943,1.26571
79,-0.306676,2.57963,1.06785
79,-0.292071,2.59653,1.06261
79,-0.295867,2.5968,1.05915
79,-0.340252,2.63277,1.27774
79,-0.220348,2.48049,0.44756
79,-0.21673,2.4874,0.442627
79,-0.34392,2.64464,1.27321
79,-0.32445,2.65828,1.27409
79,-0.347528,2.65481,1.27552
79,-0.376891,2.50107,0.733041
79,-0.378273,2.50475,0.731654
79,-0.26966,2.50403,0.489203
79,-0.322075,2.67847,1.22193
79,-0.283633,2.51277,0.518937
79,-0.282698,2.51246,0.5019
79,-0.326561,2.68113,1.22018
79,-0.401738,2.54107,0.855788
79,-0.403338,2.54019,0.855751
79,-0.374447,2.53259,0.762473
79,-0.39323,2.53198,0.796868
79,-0.37927,2.53736,0.764922
79,-0.383463,2.54383,0.790724
79,-0.374138,2.49789,0.597666
79,-0.392126,2.54099,0.79699
79,-0.319449,2.67749,1.11832
79,-0.387017,2.55964,0.786449
79,-0.251542,2.53175,0.379896
79,-0.292919,2.59919,0.701616
79,-0.942027,1.86223,-0.622671
79,-0.310502,2.63525,0.698952
79,-0.323911,2.62984,0.692748
79,-0.274764,2.56493,0.246704
79,-0.332876,2.65423,0.698426
79,-0.334451,2.66182,0.697203
79,-0.334519,2.5638,0.258607
79,-0.335583,2.58457,0.241185
79,-0.206105,2.67531,0.264429
79,-0.940124,2.58928,0.738171
79,-0.895133,2.58741,0.239112
79,-0.893923,2.58765,0.236066
79,-1.06285,2.49787,0.272989
79,-0.920074,2.60594,0.258718
79,-0.907181,2.61229,0.230911
79,-1.83681,2.60212,0.241586
79,-1.83641,2.60083,0.225819
79,-1.84752,2.60408,0.244927
79,-1.85002,2.60405,0.239851
79,-1.91929,2.56533,0.245718
79,-1.8656,2.59608,0.239262
79,-1.91489,2.57048,0.229422
79,-1.90386,2.59627,0.228273
79,-2.12229,2.52477,0.27729
79,-2.08497,2.53556,0.207227
79,0.469699,2.75453,-0.352436
78,0.469699,2.75453,-0.352436
79,0.473563,2.57677,-0.327732
78,0.473563,2.57677,-0.327732
79,0.651913,2.63409,-0.39563
78,0.651913,2.63409,-0.39563
79,-0.917139,2.60176,0.22812
78,-0.917139,2.60176,0.22812
79,0.609196,2.54669,-0.241423
78,0.609196,2.54669,-0.241423
79,0.55398,2.62108,-0.325509
78,0.55398,2.62108,-0.325509
79,-1.9397,2.58114,0.228394
78,-1.9397,2.58114,0.228394
79,-1.03281,2.5791,0.255743
78,-1.03281,2.5791,0.255743
79,-1.59765,2.29142,0.318271
78,-1.59765,2.29142,0.318271
79,-0.286164,2.58346,0.244563
78,-0.286164,2.58346,0.244563
79,0.591637,2.60568,-0.340071
77,0.591637,2.60568,-0.340071
79,0.527342,2.59527,-0.315574
77,0.527342,2.59527,-0.315574
79,0.6703,2.61809,-0.317853
77,0.6703,2.61809,-0.317853
79,0.553042,2.30128,-0.087401
57,0.553042,2.30128,-0.087401
79,0.582593,2.24189,-0.0349856
57,0.582593,2.24189,-0.0349856
79,0.438349,2.97724,-0.561161
57,0.438349,2.97724,-0.561161
79,0.441545,2.79444,-0.503447
57,0.441545,2.79444,-0.503447
79,-1.66593,2.35542,0.325822
57,-1.66593,2.35542,0.325822
79,0.592954,2.59523,-0.379396
56,0.592954,2.59523,-0.379396
79,0.527926,2.58078,-0.365047
56,0.527926,2.58078,-0.365047
79,0.531302,2.60341,-0.345292
56,0.531302,2.60341,-0.345292
79,0.53659,2.34753,-0.146237
56,0.53659,2.34753,-0.146237
79,0.588532,2.61807,-0.256918
56,0.588532,2.61807,-0.256918
79,0.492958,2.70049,-0.324408
56,0.492958,2.70049,-0.324408
79,0.649548,2.61074,-0.384837
56,0.649548,2.61074,-0.384837
79,0.549283,2.60775,-0.244086
56,0.549283,2.60775,-0.244086
79,0.648264,2.65986,-0.155594
76,0.648264,2.65986,-0.155594
79,-0.860901,2.53063,0.242996
17,-0.860901,2.53063,0.242996
79,-1.83352,2.49271,0.247914
17,-1.83352,2.49271,0.247914
79,-1.00947,2.54567,0.24987
17,-1.00947,2.54567,0.24987
79,-0.34749,2.59282,0.264414
17,-0.34749,2.59282,0.264414
79,-1.10563,2.63067,0.685942
18,-1.10563,2.63067,0.685942
79,-0.87602,2.54382,0.255866
18,-0.87602,2.54382,0.255866
79,-1.1152,2.61465,0.224823
18,-1.1152,2.61465,0.224823
79,-1.08227,2.59883,0.288952
16,-1.08227,2.59883,0.288952
79,-1.10641,2.57856,0.254365
16,-1.10641,2.57856,0.254365
79,0.615772,2.66211,-0.167235
58,0.615772,2.66211,-0.167235
80,0.442362,2.5681,-0.245493
80,0.440088,2.55534,-0.301731
80,0.436425,2.58137,-0.208251
80,0.438758,2.58954,-0.18821
80,0.437754,2.59152,-0.181864
80,0.427085,2.58812,-0.184353
80,0.442634,2.61198,-0.143454
80,0.415316,2.54035,-0.320128
80,0.412249,2.54583,-0.300951
80,0.414236,2.53628,-0.34974
80,0.410954,2.58204,-0.187688
80,0.439533,2.5884,-0.244332
80,0.380644,2.5252,-0.311535
80,0.40617,2.5589,-0.263489
80,0.377555,2.53177,-0.292822
80,0.377839,2.5447,-0.260248
80,0.38852,2.58756,-0.152402
80,0.380246,2.55573,-0.241345
80,0.35486,2.54446,-0.301067
80,0.34698,2.5385,-0.325142
80,0.37024,2.59709,-0.190909
80,0.327694,2.56155,-0.202077
80,0.339982,2.58022,-0.213838
80,-0.258272,2.51089,0.94427
80,-0.277408,2.58301,1.13333
80,-0.287249,2.60503,1.21227
80,-0.280991,2.58922,1.14029
80,-0.269412,2.52651,0.888689
80,-0.279035,2.57335,1.04315
80,-0.314099,2.52227,0.959961
80,-0.282205,2.59184,1.10439
80,-0.284168,2.58485,1.06162
80,-0.309128,2.61433,1.22778
80,-0.324321,2.60876,1.21696
80,-0.309597,2.55215,0.931494
80,-0.260247,2.56716,0.693586
80,-0.269074,2.57804,0.747229
80,-0.328259,2.58224,0.892424
80,-0.287125,2.50955,0.497079
80,-0.235292,2.53026,0.422992
80,-0.245694,2.53331,0.45395
80,-0.295606,2.57471,0.702861
80,-0.418673,2.55468,0.890037
80,-0.284363,2.53535,0.455802
80,-0.39596,2.53227,0.734874
80,-0.283387,2.53661,0.442577
80,-0.393755,2.50391,0.577944
80,-0.28259,2.54548,0.408339
80,-0.286577,2.55865,0.432084
80,-0.286518,2.55535,0.406498
80,-0.401819,2.50941,0.519908
80,-0.268605,2.54379,0.25231
80,-0.270278,2.55218,0.258633
80,-0.900937,1.839,-0.595984
80,-0.311313,2.54885,0.280152
80,-0.409045,2.529,0.445721
80,-0.41232,2.53671,0.475114
80,-0.413126,2.53525,0.43408
80,-0.416253,2.53745,0.440498
80,-0.324626,2.55897,0.264043
80,-0.889014,2.45215,1.29653
80,-0.325017,2.58308,0.251666
80,-0.330634,2.5818,0.243872
80,-0.328353,2.58278,0.240534
80,-0.893759,2.4665,1.22916
80,-0.905543,2.482,1.30663
80,-0.919869,2.50565,1.31433
80,-0.910874,2.49733,1.23984
80,-0.914062,2.51386,1.29796
80,-0.90343,2.53273,1.26069
80,-1.01815,2.47546,1.26341
80,-1.02733,2.49154,1.27381
80,-0.611834,2.53496,0.252709
80,-0.621672,2.53562,0.248942
80,-0.649069,2.53838,0.24407
80,-0.658994,2.55547,0.236285
80,-1.06859,2.09641,-0.637153
80,-1.02031,2.41036,0.299264
80,-0.868238,2.52824,0.283218
80,-0.950758,2.47651,0.26427
80,-0.92445,2.50624,0.25886
80,-0.958055,2.488,0.26361
80,-0.870301,2.56574,0.24532
80,-0.873266,2.564,0.239381
80,-0.884356,2.56279,0.257193
80,-1.01036,2.47039,0.263081
80,-0.868598,2.57839,0.232875
80,-0.883899,2.57301,0.239518
80,-1.00968,2.65566,0.82067
80,-0.981985,2.65445,0.730469
80,-0.89463,2.59422,0.24641
80,-1.05615,2.48832,0.276515
80,-1.04744,2.50343,0.28362
80,-1.07261,2.48888,0.265402
80,-1.10952,2.52711,0.239025
80,-2.02405,2.44667,1.33857
80,-2.06366,2.43263,1.34035
80,-2.06378,2.46564,1.37185
80,-1.75866,2.55154,0.229174
80,-1.77649,2.55097,0.227006
80,-1.81009,2.56621,0.234299
80,-1.87862,2.52721,0.270864
80,-2.06247,2.50029,0.239668
80,-2.07376,2.5028,0.245297
80,-2.07673,2.50746,0.242714
80,-2.08296,2.50193,0.214064
80,-2.17108,2.44805,0.222019
80,-2.06225,2.53064,0.212925
80,-0.287666,2.54631,0.477301
79,-0.287666,2.54631,0.477301
80,-1.00445,2.47957,0.322809
79,-1.00445,2.47957,0.322809
80,-0.437407,2.61512,0.483831
79,-0.437407,2.61512,0.483831
80,-0.239763,2.43357,1.17669
79,-0.239763,2.43357,1.17669
80,-0.893835,2.46126,0.27191
79,-0.893835,2.46126,0.27191
80,-1.65366,2.33822,0.307403
79,-1.65366,2.33822,0.307403
80,-1.65283,2.41482,0.272747
17,-1.65283,2.41482,0.272747
80,-2.01409,2.45175,0.231837
18,-2.01409,2.45175,0.231837
80,-2.15108,2.28361,-0.109715
57,-2.15108,2.28361,-0.109715
80,-0.219097,2.63606,0.384656
78,-0.219097,2.63606,0.384656
80,-0.155257,1.82094,0.759948
58,-0.155257,1.82094,0.759948
80,-2.08228,2.31879,0.255365
58,-2.08228,2.31879,0.255365
81,-0.264261,2.54234,1.2004
81,-0.277308,2.573,1.20732
81,-0.267585,2.54228,0.948599
81,-0.297699,2.52648,0.921983
81,-0.275747,2.53966,0.891699
81,-0.314109,2.51359,0.897999
81,-0.277761,2.55207,0.908572
81,-0.304635,2.56482,0.980904
81,-0.311003,2.54623,0.909611
81,-0.321948,2.54251,0.90959
81,-0.320397,2.54334,0.895583
81,-0.3279,2.55224,0.882164
81,-0.300301,2.57913,0.875653
81,-0.323145,2.57843,0.923898
81,-0.415293,2.51636,0.924462
81,-0.419204,2.52889,0.932368
81,-0.420497,2.53256,0.933493
81,-0.23824,2.51666,0.358506
81,-0.287566,2.53995,0.54477
81,-0.29128,2.53611,0.511216
81,-0.29219,2.53117,0.490455
81,-0.240722,2.54015,0.372599
81,-0.28687,2.5392,0.469009
81,-0.289417,2.53548,0.458456
81,-0.248925,2.54472,0.348316
81,-0.248552,2.53085,0.254366
81,-0.401199,2.52194,0.60104
81,-0.267664,2.53552,0.259489
81,-0.320947,2.49298,0.27521
81,-0.238032,2.5787,0.255525
81,-0.420871,2.57133,0.725198
81,-0.269303,2.55742,0.253627
81,-0.415495,2.51187,0.441383
81,-0.419474,2.5123,0.442777
81,-0.415369,2.52671,0.466857
81,-0.329417,2.5429,0.259251
81,-0.869379,1.77817,-0.610791
81,-0.863222,1.8011,-0.615896
81,-0.935243,1.85732,-0.600958
81,-1.01087,2.46496,1.26246
81,-0.642888,2.5665,0.233737
81,-0.956414,2.56118,0.788188
81,-0.956175,2.56363,0.76713
81,-1.05293,2.04001,-0.626202
81,-0.930417,2.44822,0.26532
81,-0.853086,2.53404,0.233121
81,-0.857332,2.53929,0.250483
81,-0.863683,2.53363,0.240917
81,-0.958669,2.47093,0.264211
81,-0.859384,2.55247,0.232274
81,-0.872839,2.55218,0.238968
81,-0.866083,2.56409,0.234233
81,-0.881453,2.55838,0.244384
81,-0.923824,2.52393,0.246608
81,-0.871734,2.56869,0.220422
81,-0.978738,2.5155,0.26019
81,-1.08491,2.46698,0.285808
81,-1.06444,2.49465,0.271498
81,-1.47031,2.51974,0.234083
81,-1.49034,2.51468,0.238292
81,-1.50414,2.51189,0.236771
81,-1.52755,2.51074,0.233728
81,-2.82834,1.25379,-0.21747
81,-2.08466,2.4659,1.36623
81,-2.07585,2.48275,1.37627
81,-2.0943,2.49927,1.37821
81,-1.8583,2.51724,0.270511
81,-1.87661,2.53364,0.245158
81,-1.88682,2.5247,0.24493
81,-1.88552,2.52343,0.231514
81,-1.88065,2.52814,0.231569
81,-2.89155,2.32449,1.36642
81,-2.94776,2.36289,1.38054
81,-0.402798,2.848,0.679398
79,-0.402798,2.848,0.679398
81,-1.73114,2.38905,0.272467
79,-1.73114,2.38905,0.272467
81,-1.85746,2.51358,0.249407
79,-1.85746,2.51358,0.249407
81,-2.9819,1.10991,0.684114
60,-2.9819,1.10991,0.684114
81,-0.24383,2.48323,0.322641
60,-0.24383,2.48323,0.322641
81,-2.74345,1.27563,-0.107278
58,-2.74345,1.27563,-0.107278
81,-0.230132,2.49431,0.457933
61,-0.230132,2.49431,0.457933
81,-0.229273,2.49436,0.455825
61,-0.229273,2.49436,0.455825
82,-0.302388,2.54563,0.967372
82,-0.307263,2.57448,0.979212
82,-0.428301,2.52514,1.13548
82,-0.431182,2.52893,1.12208
82,-0.431642,2.53043,1.12233
82,-0.315626,2.58928,0.917039
82,-0.37033,2.51451,0.809793
82,-0.368976,2.51275,0.798015
82,-0.33954,2.54873,0.603207
82,-0.33755,2.57937,0.607948
82,-0.390362,2.57804,0.745826
82,-0.340481,2.59008,0.608512
82,-0.346638,2.59613,0.603447
82,-0.357855,2.58343,0.594514
82,-1.49044,0.945476,-0.61036
82,-0.361633,2.60978,0.592946
82,-0.401289,2.63433,0.751705
82,-0.344989,2.52233,0.263158
82,-1.54162,0.924392,-0.60988
82,-1.46441,1.01143,-0.604968
82,-1.54098,0.929334,-0.612144
82,-0.329755,2.54388,0.252462
82,-0.366036,2.74246,0.851628
82,-0.376976,2.73075,0.841495
82,-1.55037,0.936593,-0.612603
82,-0.331059,2.56688,0.239469
82,-0.341266,2.55903,0.245569
82,-1.53257,0.975658,-0.608106
82,-1.48557,1.02023,-0.622661
82,-1.52845,0.987572,-0.604489
82,-0.434052,2.51182,0.336804
82,-1.53461,0.99702,-0.610727
82,-1.54535,0.981834,-0.624606
82,-0.436533,2.52398,0.279748
82,-1.52115,1.04697,-0.593074
82,-1.51939,1.04696,-0.599728
82,-1.48981,1.06989,-0.634296
82,-1.48165,1.08205,-0.62756
82,-1.48871,1.07335,-0.633357
82,-0.448806,2.54996,0.267892
82,-0.863074,1.79669,-0.620077
82,-0.466335,2.56841,0.254725
82,-0.880223,1.79655,-0.629317
82,-0.473573,2.58654,0.248512
82,-0.479829,2.5833,0.246244
82,-0.492249,2.57501,0.245378
82,-0.528415,2.54207,0.255535
82,-0.485794,2.59131,0.241063
82,-0.534719,2.54669,0.254269
82,-0.536303,2.54879,0.246037
82,-0.535203,2.55139,0.24699
82,-0.542895,2.55343,0.265624
82,-0.487765,2.60311,0.241148
82,-0.539268,2.55206,0.249234
82,-0.540547,2.55661,0.255763
82,-0.545016,2.55264,0.25097
82,-0.64288,2.53955,0.42819
82,-0.638653,2.54368,0.418551
82,-0.549556,2.56756,0.231945
82,-0.630029,2.53256,0.357659
82,-0.57969,2.54725,0.245541
82,-0.575906,2.56508,0.24933
82,-0.624193,2.55245,0.248272
82,-0.630958,2.54761,0.237399
82,-0.644107,2.5775,0.344357
82,-0.608234,2.58085,0.252876
82,-0.631266,2.55954,0.240716
82,-0.945836,1.89724,-0.620907
82,-0.617659,2.58309,0.256901
82,-0.614899,2.58136,0.240113
82,-0.635122,2.5621,0.238598
82,-0.597397,2.60865,0.221756
82,-0.596121,2.62112,0.231229
82,-0.637766,2.58335,0.236114
82,-0.641061,2.57878,0.23012
82,-0.632237,2.60013,0.250427
82,-0.625812,2.6087,0.246513
82,-0.626647,2.59748,0.218369
82,-0.62371,2.60862,0.237654
82,-0.627408,2.61034,0.234904
82,-0.625128,2.62032,0.24115
82,-0.90243,2.44933,0.410329
82,-0.908796,2.47689,0.419439
82,-0.923532,2.55696,0.536264
82,-2.57836,0.92975,0.828004
82,-2.66168,0.911713,0.943818
82,-2.715,0.899584,0.982194
82,-0.870785,2.57157,0.237301
82,-0.872164,2.57085,0.235302
82,-0.876176,2.59119,0.233537
82,-0.886777,2.58404,0.239464
82,-0.973443,2.51034,0.249547
82,-0.882573,2.60122,0.232379
82,-0.886114,2.62188,0.227544
82,-0.98739,2.52703,0.25039
82,-2.67656,0.977564,0.844462
82,-1.00146,2.54099,0.255638
82,-1.04167,2.49858,0.248429
82,-1.06692,2.48575,0.259868
82,-1.07835,2.47623,0.242649
82,-1.08465,2.47561,0.247389
82,-2.68823,0.974869,0.713014
82,-1.08628,2.49423,0.256296
82,-2.68972,0.86005,0.325096
82,-2.68279,0.872354,0.322253
82,-2.74003,1.05443,0.941735
82,-2.71236,0.986803,0.685301
82,-2.75298,1.07559,0.983349
82,-2.71086,1.00124,0.666244
82,-2.73803,1.03318,0.684681
82,-2.72871,0.909961,0.326793
82,-2.76359,1.01725,0.670528
82,-2.75022,1.07853,0.711897
82,-2.76892,1.03542,0.642122
82,-2.78521,1.27229,1.30251
82,-1.44222,2.3602,0.373991
82,-2.77911,1.06579,0.655326
82,-2.7952,1.05338,0.645685
82,-2.79936,1.07788,0.65696
82,-2.82313,1.07668,0.651119
82,-2.78299,1.06422,0.316469
82,-1.47726,2.44749,0.273877
82,-2.82442,1.06142,0.314503
82,-1.48142,2.46537,0.259717
82,-1.44341,2.50622,0.258636
82,-1.45723,2.49926,0.256407
82,-2.81214,1.09454,0.309954
82,-1.49831,2.46375,0.248991
82,-1.5053,2.462,0.260684
82,-1.47112,2.50111,0.255571
82,-1.53591,2.44137,0.26532
82,-1.45686,2.51806,0.234273
82,-1.50808,2.48258,0.265817
82,-1.50804,2.4832,0.254972
82,-1.46241,2.52721,0.23362
82,-1.46223,2.52879,0.233999
82,-1.52566,2.49113,0.27035
82,-2.84538,1.12195,0.264212
82,-1.57804,2.50982,0.29004
82,-1.6136,2.49205,0.262159
82,-1.60984,2.48872,0.240875
82,-1.60606,2.50057,0.251066
82,-1.61882,2.51847,0.260727
82,-1.65566,2.52461,0.266203
82,-1.72091,2.52612,0.258001
82,-1.73969,2.53979,0.271405
82,-1.73733,2.55289,0.255791
82,-1.74361,2.55628,0.265192
82,-1.81927,2.50004,0.251561
82,-1.81727,2.51936,0.264352
82,-1.84426,2.51363,0.277917
82,-1.89043,2.5095,0.232123
82,-2.01145,2.46934,0.254724
82,-2.03059,2.46004,0.253457
82,-1.62182,2.10541,0.31534
80,-1.62182,2.10541,0.31534
82,-1.80659,2.49477,0.746276
18,-1.80659,2.49477,0.746276
83,-0.39471,2.56409,0.743883
83,-0.398924,2.54875,0.710985
83,-0.394205,2.56795,0.73571
83,-0.725492,1.6218,-0.631683
83,-1.54614,0.62753,-0.638422
83,-0.731463,1.62627,-0.637935
83,-1.5951,0.669134,-0.635219
83,-1.55307,0.746492,-0.61011
83,-1.52256,0.775977,-0.63104
83,-1.56387,0.739557,-0.606257
83,-1.52631,0.776133,-0.635536
83,-0.810861,1.65404,-0.622942
83,-1.55411,0.770943,-0.589564
83,-1.53977,0.784048,-0.640623
83,-1.57229,0.766993,-0.606445
83,-1.56958,0.771158,-0.606829
83,-0.824682,1.67242,-0.632934
83,-1.55332,0.798743,-0.610357
83,-1.54085,0.804729,-0.636235
83,-0.854144,1.6576,-0.605419
83,-1.54871,0.790739,-0.649455
83,-0.827189,1.67843,-0.643825
83,-1.5462,0.805995,-0.646248
83,-1.55882,0.802128,-0.621622
83,-0.51022,2.50334,0.267308
83,-1.56252,0.810129,-0.621301
83,-1.52107,0.856704,-0.641958
83,-1.51215,0.871278,-0.639808
83,-1.52702,0.852311,-0.643422
83,-1.52568,0.853811,-0.645916
83,-1.55869,0.830365,-0.610265
83,-0.79537,1.73754,-0.6641
83,-1.54674,0.850392,-0.6035
83,-1.53812,0.859424,-0.614985
83,-1.5217,0.883111,-0.61051
83,-1.53907,0.866989,-0.61143
83,-1.5408,0.863292,-0.615318
83,-1.51177,0.887804,-0.64684
83,-1.51008,0.88806,-0.655246
83,-1.53031,0.863714,-0.655632
83,-1.49848,0.914461,-0.63853
83,-0.861531,1.70402,-0.613484
83,-1.5004,0.917326,-0.63567
83,-1.50049,0.918496,-0.636282
83,-0.534159,2.51776,0.264832
83,-1.54977,0.865697,-0.627404
83,-1.49295,0.937407,-0.62468
83,-1.52076,0.913285,-0.608571
83,-1.55293,0.866687,-0.631895
83,-1.50318,0.933246,-0.629382
83,-1.5239,0.93371,-0.595296
83,-1.53239,0.916672,-0.621823
83,-1.50827,0.96044,-0.601316
83,-1.52174,0.933445,-0.641039
83,-1.51499,0.961836,-0.609084
83,-1.48102,0.996056,-0.634519
83,-0.641701,2.52796,0.431383
83,-1.5049,1.00164,-0.593348
83,-1.48731,1.00783,-0.633257
83,-1.53864,0.958866,-0.607091
83,-1.52629,0.967585,-0.622381
83,-1.542,0.955861,-0.606687
83,-1.52941,0.96937,-0.61843
83,-1.53301,0.972305,-0.609079
83,-1.47373,1.0576,-0.633743
83,-1.52612,1.0119,-0.600362
83,-0.877244,1.78952,-0.634403
83,-1.52833,1.01291,-0.60204
83,-1.47379,1.06381,-0.636641
83,-1.47884,1.0605,-0.631383
83,-1.47262,1.06984,-0.63101
83,-1.51399,1.01322,-0.651236
83,-0.880891,1.79143,-0.640928
83,-1.53249,1.01243,-0.6087
83,-1.53041,1.02285,-0.609183
83,-0.879453,1.80349,-0.640223
83,-0.647375,2.57316,0.403892
83,-1.52067,1.04157,-0.599137
83,-1.52187,1.0391,-0.610147
83,-1.52387,1.04111,-0.614815
83,-1.50721,1.04171,-0.660586
83,-1.52576,1.0481,-0.607134
83,-0.891871,1.80468,-0.647913
83,-1.49263,1.07946,-0.634942
83,-0.643108,2.53649,0.25825
83,-1.53322,1.04457,-0.62046
83,-0.651452,2.52882,0.247938
83,-0.58441,2.60342,0.229237
83,-0.618581,2.58434,0.256333
83,-0.656348,2.54527,0.236216
83,-0.920555,1.83141,-0.629765
83,-0.921239,1.83154,-0.632907
83,-0.644614,2.57674,0.225976
83,-1.52424,1.13358,-0.583283
83,-1.54577,1.14015,-0.602134
83,-0.941508,1.86742,-0.624759
83,-1.47207,1.20572,-0.66514
83,-1.47534,1.20632,-0.658977
83,-0.948673,1.86758,-0.631784
83,-0.939171,1.8827,-0.633222
83,-1.48658,1.21288,-0.668153
83,-0.963937,2.46794,0.257091
83,-0.88538,2.58558,0.268216
83,-0.869311,2.59685,0.250321
83,-0.879171,2.58368,0.231226
83,-0.883865,2.58017,0.221007
83,-1.02327,2.46623,0.244835
83,-1.01277,2.55029,0.248835
83,-1.0795,2.47116,0.251544
83,-1.06668,2.49442,0.25851
83,-1.0866,2.50008,0.241344
83,-1.11093,2.50396,0.248228
83,-1.11876,2.4947,0.234184
83,-2.69215,0.993825,0.910538
83,-2.73951,1.01875,1.01403
83,-2.64253,0.9755,0.664061
83,-2.76581,1.03807,1.11637
83,-2.74448,1.02026,1.0032
83,-2.65388,0.986612,0.666396
83,-2.74454,1.02526,0.980487
83,-2.74526,1.02749,0.98191
83,-2.75252,1.0488,1.02887
83,-2.76922,1.05118,1.07652
83,-2.75699,1.04745,1.02852
83,-2.77286,1.05861,1.08607
83,-2.66217,1.00269,0.672784
83,-2.7496,1.03729,0.960499
83,-2.73671,1.04735,0.932152
83,-2.74277,1.04273,0.926714
83,-2.75719,1.04166,0.959044
83,-2.73848,1.06854,0.939895
83,-2.75701,1.07646,0.98583
83,-2.76046,1.05567,0.936505
83,-2.68322,1.00045,0.604905
83,-2.70034,1.03353,0.686841
83,-2.70379,1.01175,0.629904
83,-2.70526,1.05786,0.698953
83,-1.48638,2.41585,0.36879
83,-2.72001,1.06247,0.678274
83,-2.72657,1.02312,0.60422
83,-2.73094,0.889243,0.327038
83,-2.74143,1.04838,0.64488
83,-2.74695,1.03126,0.601918
83,-2.7714,1.05665,0.642646
83,-1.44612,2.5116,0.248884
83,-1.46692,2.48572,0.241916
83,-1.49392,2.52101,0.255082
83,-1.46499,2.54401,0.228429
83,-2.77338,1.03848,0.311224
83,-1.54552,2.51373,0.258167
83,-2.7584,1.06855,0.326867
83,-1.50233,2.58368,0.241174
83,-2.80009,1.08064,0.409404
83,-2.81818,1.07043,0.424835
83,-1.5248,2.5633,0.240215
83,-1.58749,2.52011,0.280246
83,-2.76762,1.08288,0.268384
83,-2.81118,1.06181,0.291017
83,-2.83211,1.09937,0.412944
83,-1.66553,2.5397,0.255659
83,-2.8812,1.12568,0.25969
83,-1.73984,2.55194,0.232009
83,-1.76328,2.55734,0.241288
83,-1.77286,2.54107,0.222031
83,-1.82652,2.50555,0.23818
83,-1.83355,2.51238,0.250548
83,-1.84166,2.49779,0.236982
83,-1.77364,2.58449,0.227972
83,-1.7975,2.55851,0.230447
83,-1.80267,2.58014,0.26199
83,-1.8468,2.52974,0.232275
83,-1.85639,2.52903,0.222938
83,-1.98703,2.4303,0.267437
83,-2.84065,1.19933,-0.187314
83,-2.01472,2.4488,0.245774
83,-1.9945,2.46393,0.210923
83,-2.90435,1.27708,-0.225941
83,-2.33904,2.56171,0.198106
83,-0.845058,2.52478,0.245924
61,-0.845058,2.52478,0.245924
83,-0.870873,2.55053,0.230859
61,-0.870873,2.55053,0.230859
83,-2.9674,1.03359,0.920187
61,-2.9674,1.03359,0.920187
83,-1.84122,2.5004,0.264555
61,-1.84122,2.5004,0.264555
83,-1.6385,2.44782,0.270278
61,-1.6385,2.44782,0.270278
83,-1.7622,2.4382,0.265251
61,-1.7622,2.4382,0.265251
83,-1.58024,2.41146,0.287014
61,-1.58024,2.41146,0.287014
83,-1.62395,2.42809,0.282056
61,-1.62395,2.42809,0.282056
83,-1.7438,2.42728,0.270349
61,-1.7438,2.42728,0.270349
83,-1.47317,2.44398,0.253665
62,-1.47317,2.44398,0.253665
83,-1.51253,2.54555,0.254308
62,-1.51253,2.54555,0.254308
83,-2.94298,0.459917,0.265536
62,-2.94298,0.459917,0.265536
83,-3.02828,0.915913,0.728389
62,-3.02828,0.915913,0.728389
83,-1.46785,2.48932,0.341797
16,-1.46785,2.48932,0.341797
84,-0.7067,1.5684,-0.649237
84,-1.56657,0.346915,-0.607814
84,-0.74027,1.55374,-0.652509
84,-0.738607,1.56556,-0.656727
84,-1.58263,0.344365,-0.620406
84,-1.58648,0.349774,-0.646123
84,-1.59678,0.346087,-0.634014
84,-1.6166,0.358734,-0.605562
84,-1.60509,0.351711,-0.652999
84,-1.61479,0.367074,-0.606524
84,-1.6167,0.347124,-0.63767
84,-0.780661,1.58995,-0.618752
84,-0.766782,1.60878,-0.647182
84,-1.60089,0.389111,-0.637221
84,-1.60294,0.388294,-0.638296
84,-1.55868,0.462952,-0.624029
84,-1.5667,0.453121,-0.634188
84,-1.56334,0.459933,-0.631969
84,-1.60901,0.387361,-0.64211
84,-1.6168,0.399523,-0.605671
84,-1.6111,0.396652,-0.643844
84,-1.61445,0.395898,-0.641496
84,-1.63629,0.382695,-0.611902
84,-1.60289,0.449687,-0.590714
84,-1.58606,0.477119,-0.590539
84,-1.60785,0.435007,-0.610841
84,-1.61133,0.424836,-0.62159
84,-1.61506,0.420611,-0.62238
84,-1.61018,0.411608,-0.653118
84,-1.61681,0.426467,-0.616591
84,-1.61009,0.453323,-0.590394
84,-1.57955,0.50789,-0.585468
84,-1.59092,0.483056,-0.600418
84,-1.59057,0.461678,-0.645959
84,-1.58356,0.509122,-0.584222
84,-1.59066,0.462941,-0.653128
84,-0.811118,1.64589,-0.614969
84,-1.60774,0.475803,-0.614573
84,-1.60174,0.490143,-0.610012
84,-1.60377,0.493058,-0.613564
84,-1.60798,0.489392,-0.615087
84,-1.55334,0.594771,-0.589032
84,-1.55254,0.58024,-0.632573
84,-1.55887,0.571426,-0.633239
84,-1.52049,0.641238,-0.616612
84,-1.55925,0.577185,-0.629419
84,-1.56103,0.571828,-0.638049
84,-1.56489,0.573953,-0.630487
84,-1.613,0.518025,-0.608537
84,-1.52482,0.642574,-0.621064
84,-1.56753,0.571824,-0.636614
84,-1.59631,0.528692,-0.640978
84,-1.56533,0.577578,-0.637469
84,-0.786802,1.72844,-0.656013
84,-1.57698,0.577039,-0.643469
84,-0.634724,2.5003,0.246222
84,-0.870944,1.66201,-0.611825
84,-0.874149,1.66966,-0.595999
84,-0.870579,1.67558,-0.596006
84,-0.87703,1.67566,-0.617456
84,-1.51323,0.77519,-0.625541
84,-1.51714,0.770909,-0.626396
84,-1.56163,0.722188,-0.605944
84,-1.59902,0.663763,-0.634194
84,-1.52978,0.773164,-0.633504
84,-1.57386,0.731733,-0.626623
84,-0.881859,1.74025,-0.653318
84,-1.56896,0.75671,-0.607056
84,-1.54058,0.78042,-0.638417
84,-1.54946,0.784965,-0.6126
84,-1.56106,0.769687,-0.613844
84,-1.57656,0.738353,-0.629245
84,-1.57777,0.743375,-0.629028
84,-1.58538,0.738058,-0.624025
84,-1.55465,0.793173,-0.612252
84,-1.58854,0.73271,-0.631763
84,-1.54342,0.796053,-0.638211
84,-1.51557,0.842124,-0.638358
84,-1.5034,0.876037,-0.61081
84,-1.52194,0.839007,-0.644189
84,-1.55253,0.818405,-0.603689
84,-1.50645,0.874819,-0.644816
84,-1.48054,0.974743,-0.566569
84,-1.55063,0.822033,-0.675783
84,-1.53349,0.884175,-0.61615
84,-1.54489,0.885048,-0.625776
84,-1.516,0.917141,-0.650651
84,-1.5095,0.960429,-0.594365
84,-1.55106,0.888888,-0.613032
84,-1.49956,0.988845,-0.58691
84,-1.52067,0.928677,-0.648086
84,-1.48926,1.01722,-0.579173
84,-1.51472,0.990095,-0.589277
84,-1.46542,1.04824,-0.617212
84,-0.909343,1.83914,-0.671929
84,-1.50061,1.01839,-0.588503
84,-1.49624,1.00036,-0.639896
84,-1.42973,1.09961,-0.643502
84,-1.50431,1.04173,-0.590647
84,-0.936124,1.84577,-0.648108
84,-1.44683,1.10557,-0.661036
84,-1.47153,1.09142,-0.642238
84,-1.41848,1.15127,-0.677688
84,-1.42303,1.15602,-0.672269
84,-1.52657,1.10829,-0.579776
84,-0.877074,2.56828,0.230672
84,-1.00869,1.91458,-0.64188
84,-1.47421,1.21378,-0.668419
84,-1.47859,1.20936,-0.669454
84,-1.47879,1.17949,-0.72614
84,-1.4947,1.20892,-0.669086
84,-2.43052,0.814308,0.947993
84,-1.07841,2.49804,0.255254
84,-1.0823,2.50815,0.270043
84,-1.08875,2.49079,0.252027
84,-1.09046,2.48988,0.244306
84,-1.09167,2.50209,0.252667
84,-2.63053,0.729126,0.353192
84,-2.69523,0.86968,0.722824
84,-2.72799,1.00121,0.995699
84,-2.72889,1.00733,0.976762
84,-2.73701,1.0191,1.01086
84,-2.75359,1.04791,1.08829
84,-2.73735,1.01019,0.980796
84,-2.78067,1.0403,1.13195
84,-2.76471,1.06305,1.10952
84,-1.45746,2.51008,0.253306
84,-2.69632,0.753283,0.333632
84,-2.71564,0.748334,0.322545
84,-2.77325,1.04425,0.963678
84,-1.47877,2.54476,0.234341
84,-2.68915,0.976722,0.576118
84,-2.81843,0.864581,0.693482
84,-2.7882,1.0743,0.978096
84,-1.48724,2.57407,0.242801
84,-2.70161,0.859622,0.32837
84,-2.74669,0.951038,0.587206
84,-2.72888,1.00348,0.629743
84,-2.74017,1.00337,0.630518
84,-2.76397,0.783222,0.308094
84,-2.74467,1.02095,0.651884
84,-2.75483,1.02692,0.676467
84,-2.75371,1.03301,0.68017
84,-2.67581,0.942148,0.310854
84,-2.75152,1.02225,0.637523
84,-2.76081,1.02737,0.652723
84,-2.68355,0.943282,0.311032
84,-2.77036,1.06979,0.702099
84,-2.71471,0.941607,0.312057
84,-2.79383,1.05119,0.664231
84,-2.77826,0.890319,0.293768
84,-2.80891,1.05531,0.651888
84,-2.78127,0.916472,0.298425
84,-2.82448,1.08101,0.676232
84,-2.82029,1.09969,0.6889
84,-3.18496,0.850378,1.09843
84,-3.19019,0.858333,1.09631
84,-3.19775,0.864237,1.09475
84,-3.19683,0.874535,1.07946
84,-2.81106,1.06884,0.42908
84,-2.81128,1.08136,0.416067
84,-2.81368,1.07518,0.409609
84,-2.79331,1.0462,0.303285
84,-2.82645,1.08124,0.441457
84,-3.21761,0.880176,1.07524
84,-2.80541,1.05185,0.299645
84,-2.81006,1.05916,0.289356
84,-2.81731,1.05648,0.293765
84,-3.25564,0.861431,1.05411
84,-1.84994,2.52788,0.23981
84,-3.2795,0.891291,1.04635
84,-1.8515,2.54533,0.266167
84,-1.99138,2.4172,0.26694
84,-2.00238,2.45485,0.239069
84,-2.03999,2.45293,0.280543
84,-2.02162,2.46062,0.244034
84,-2.06426,2.47583,0.255182
84,-2.15128,2.36048,0.230598
84,-2.91851,1.27263,-0.228494
84,-1.4902,2.56036,0.219185
83,-1.4902,2.56036,0.219185
84,-2.94469,1.04314,0.624614
83,-2.94469,1.04314,0.624614
84,-1.47062,2.4851,0.243581
83,-1.47062,2.4851,0.243581
84,-1.68849,0.851528,-0.748568
83,-1.68849,0.851528,-0.748568
84,-1.51862,2.49655,0.244727
83,-1.51862,2.49655,0.244727
84,-3.1012,0.510117,0.74736
83,-3.1012,0.510117,0.74736
84,-3.02487,1.03377,0.591645
83,-3.02487,1.03377,0.591645
84,-0.84281,2.48231,0.245216
83,-0.84281,2.48231,0.245216
84,-1.83722,2.51225,0.252071
83,-1.83722,2.51225,0.252071
84,-1.06641,1.90143,0.370426
83,-1.06641,1.90143,0.370426
84,-0.73716,2.25401,0.296258
83,-0.73716,2.25401,0.296258
84,-1.60272,2.22671,0.325736
83,-1.60272,2.22671,0.325736
84,-1.8014,2.47782,0.256953
83,-1.8014,2.47782,0.256953
84,-0.789182,2.20849,0.770671
83,-0.789182,2.20849,0.770671
84,-1.84758,2.52757,0.252371
83,-1.84758,2.52757,0.252371
84,-2.78888,0.557591,0.299347
83,-2.78888,0.557591,0.299347
84,-3.28702,1.0022,0.23081
62,-3.28702,1.0022,0.23081
84,-3.38786,1.18183,0.324283
62,-3.38786,1.18183,0.324283
84,-3.14911,0.980069,0.238424
62,-3.14911,0.980069,0.238424
84,-1.43456,2.41689,0.260195
62,-1.43456,2.41689,0.260195
84,-3.07093,1.04511,0.63701
62,-3.07093,1.04511,0.63701
84,-2.88906,0.0938911,0.885713
62,-2.88906,0.0938911,0.885713
84,-1.62938,0.544742,-0.661365
62,-1.62938,0.544742,-0.661365
84,-2.90177,0.160408,0.850458
62,-2.90177,0.160408,0.850458
84,-2.85333,0.150123,0.900084
62,-2.85333,0.150123,0.900084
84,-1.64802,0.550233,-0.665938
62,-1.64802,0.550233,-0.665938
84,-2.81425,0.126537,0.907781
62,-2.81425,0.126537,0.907781
84,-2.87658,0.167718,0.636729
62,-2.87658,0.167718,0.636729
84,-1.00467,2.51996,0.256944
62,-1.00467,2.51996,0.256944
84,-1.83048,2.48596,0.247198
62,-1.83048,2.48596,0.247198
84,-1.62863,2.34595,0.298431
62,-1.62863,2.34595,0.298431
84,-1.46685,2.4696,0.297947
62,-1.46685,2.4696,0.297947
84,-0.905856,1.84885,-0.676508
82,-0.905856,1.84885,-0.676508
84,-2.65314,1.01466,0.653706
82,-2.65314,1.01466,0.653706
84,-2.92948,0.907752,0.741184
82,-2.92948,0.907752,0.741184
84,-1.23912,2.04187,0.340925
82,-1.23912,2.04187,0.340925
84,-1.51062,2.41936,0.304701
82,-1.51062,2.41936,0.304701
84,-2.85297,0.487356,0.706722
61,-2.85297,0.487356,0.706722
84,-2.948,0.474919,0.644941
61,-2.948,0.474919,0.644941
84,-0.879738,2.54557,0.24112
61,-0.879738,2.54557,0.24112
84,-1.77304,2.44752,0.288875
60,-1.77304,2.44752,0.288875
84,-1.59568,2.44981,0.260121
17,-1.59568,2.44981,0.260121
84,-1.40313,2.38444,0.294734
16,-1.40313,2.38444,0.294734
85,-0.655231,0.168843,0.124665
85,-0.634562,0.326322,0.120251
85,-0.902676,0.251845,-0.0687253
85,-1.55821,0.338615,-0.628609
85,-1.61341,0.237428,-0.64525
85,-1.60238,0.267015,-0.647382
85,-1.61679,0.268898,-0.659113
85,-1.62741,0.284969,-0.643043
85,-1.62732,0.285232,-0.647965
85,-1.60903,0.367085,-0.603179
85,-1.63787,0.285896,-0.657148
85,-1.65055,0.291163,-0.627852
85,-1.57822,0.41815,-0.638052
85,-1.57938,0.421385,-0.632402
85,-1.64393,0.284252,-0.664118
85,-1.59695,0.390364,-0.642157
85,-1.55971,0.46807,-0.628528
85,-1.58813,0.420832,-0.63953
85,-1.61182,0.394037,-0.647487
85,-1.58223,0.462137,-0.645412
85,-1.62272,0.428728,-0.632689
85,-1.5522,0.590849,-0.591203
85,-0.876533,1.78157,-0.632297
85,-1.59725,0.519364,-0.595365
85,-1.53873,0.618469,-0.626276
85,-1.56374,0.574153,-0.637257
85,-1.61936,0.492941,-0.625682
85,-1.55473,0.630167,-0.637574
85,-1.59867,0.549723,-0.672211
85,-1.63331,0.525617,-0.618761
85,-1.58404,0.58959,-0.656364
85,-1.5737,0.674745,-0.581219
85,-1.54595,0.721017,-0.590306
85,-1.03857,2.48674,0.631619
85,-0.923068,1.84698,-0.640916
85,-1.59118,0.661403,-0.625672
85,-1.03852,2.48849,0.593028
85,-1.04232,2.49426,0.590957
85,-1.59957,0.663194,-0.633451
85,-1.56797,0.753945,-0.607677
85,-1.57669,0.733487,-0.614701
85,-1.54452,0.7959,-0.636071
85,-1.54376,0.819025,-0.607215
85,-1.49635,0.882066,-0.640408
85,-1.51673,0.870377,-0.605027
85,-1.50314,0.887256,-0.636675
85,-1.5144,0.898955,-0.598287
85,-1.48942,0.948384,-0.634445
85,-1.52273,0.890728,-0.643633
85,-1.5111,0.95467,-0.602727
85,-1.47792,1.00321,-0.628087
85,-1.50464,0.989747,-0.598939
85,-1.48299,1.00653,-0.634728
85,-1.48196,1.01168,-0.635612
85,-1.49191,0.994699,-0.63699
85,-1.48695,1.00181,-0.6411
85,-2.59192,0.122866,0.9317
85,-1.00937,1.9172,-0.639756
85,-1.52289,1.03215,-0.611064
85,-1.52094,1.03942,-0.611935
85,-1.07538,2.47055,0.250463
85,-1.52452,1.11008,-0.574931
85,-1.07556,1.91245,-0.585447
85,-1.09253,2.48791,0.26168
85,-1.47088,1.21556,-0.671848
85,-1.47061,1.22173,-0.673517
85,-1.47607,1.21892,-0.670158
85,-1.51027,1.23817,-0.696148
85,-2.7175,-0.124702,0.291125
85,-2.76241,-0.206909,0.261382
85,-2.45783,0.824981,0.955606
85,-2.74115,-0.122597,0.280557
85,-2.80002,-0.205113,0.287704
85,-2.6406,0.43945,0.646489
85,-3.08854,0.034523,1.06549
85,-3.13977,0.00880424,1.06794
85,-2.57052,0.926016,0.898327
85,-2.56786,0.83566,0.72465
85,-1.52729,2.4532,0.332563
85,-1.46575,2.51144,0.239767
85,-1.45497,2.52532,0.23134
85,-2.55847,0.882307,0.726695
85,-1.47017,2.53371,0.249745
85,-1.50662,2.47296,0.245936
85,-1.49251,2.5227,0.274574
85,-1.53735,2.46423,0.289542
85,-1.51176,2.496,0.255838
85,-1.4917,2.51921,0.23381
85,-1.50069,2.51673,0.232072
85,-1.51143,2.55015,0.265166
85,-1.47751,2.59481,0.221986
85,-2.72548,1.01115,1.10526
85,-1.5693,2.50251,0.2361
85,-1.53127,2.58253,0.24052
85,-1.56731,2.51687,0.231246
85,-2.74999,1.02912,1.12512
85,-1.60812,2.56773,0.36137
85,-2.74066,1.03467,1.08522
85,-2.83461,0.339214,0.2952
85,-1.5997,2.55625,0.272364
85,-2.7963,1.05694,1.19756
85,-2.76438,1.06188,1.1139
85,-2.79155,1.07058,1.18532
85,-2.80778,0.438596,0.288972
85,-2.81446,0.450996,0.282718
85,-2.64865,0.810631,0.33344
85,-2.84897,0.440762,0.302579
85,-2.70352,0.735213,0.321104
85,-2.68922,0.770326,0.318953
85,-2.69884,0.75788,0.317919
85,-2.70323,0.939346,0.593689
85,-2.70736,0.745164,0.318533
85,-2.83167,0.500386,0.281276
85,-2.71161,0.771362,0.31328
85,-2.72488,0.749763,0.314459
85,-1.67545,2.5786,0.228399
85,-2.69654,0.820616,0.319909
85,-2.69438,0.832863,0.3181
85,-2.6991,0.838035,0.313293
85,-2.74501,0.780915,0.320872
85,-1.71373,2.5929,0.24875
85,-2.75868,0.992649,0.633827
85,-1.75813,2.5842,0.24076
85,-2.74006,0.870094,0.313018
85,-2.7468,0.878753,0.311855
85,-1.77917,2.59938,0.282616
85,-2.79932,1.01608,0.639009
85,-2.74879,0.896527,0.307276
85,-2.72538,0.94287,0.312761
85,-2.72429,0.946344,0.310977
85,-2.7492,0.904646,0.307007
85,-2.71265,0.996546,0.330315
85,-2.82879,1.05505,0.690468
85,-3.11612,0.84277,1.09752
85,-2.91096,0.674431,0.310879
85,-1.81148,2.60198,0.223561
85,-1.86002,2.54918,0.235239
85,-2.76389,0.991227,0.317429
85,-1.8698,2.54642,0.221998
85,-1.86768,2.5535,0.22203
85,-1.8149,2.6572,0.226686
85,-1.82315,2.64756,0.225622
85,-1.87124,2.55964,0.222369
85,-3.1646,0.86211,1.06705
85,-3.16427,0.878122,1.06847
85,-1.99869,2.4267,0.259829
85,-3.18578,0.851572,1.06769
85,-2.01083,2.43189,0.273461
85,-3.20067,0.855545,1.07213
85,-2.02899,2.45387,0.250555
85,-3.22848,0.85228,1.0561
85,-2.04021,2.47032,0.295323
85,-2.03291,2.47116,0.255902
85,-2.8291,1.06418,0.282148
85,-2.83976,1.06639,0.293608
85,-2.04339,2.48475,0.240033
85,-2.04931,2.47753,0.239312
85,-2.85802,1.11821,0.269643
85,-2.86043,1.11561,0.267714
85,-4.22229,0.974441,-2.55945
85,-3.05512,0.679615,0.918619
84,-3.05512,0.679615,0.918619
85,-2.97446,0.679213,1.0502
84,-2.97446,0.679213,1.0502
85,-2.58122,0.358148,1.02427
84,-2.58122,0.358148,1.02427
85,-1.42806,2.37118,0.271599
84,-1.42806,2.37118,0.271599
85,-1.78148,0.892325,-0.784808
84,-1.78148,0.892325,-0.784808
85,-2.78412,0.110628,0.808194
84,-2.78412,0.110628,0.808194
85,-2.8045,0.110188,0.807214
84,-2.8045,0.110188,0.807214
85,-1.49441,1.02612,-0.577193
84,-1.49441,1.02612,-0.577193
85,-3.12212,0.546853,1.06392
84,-3.12212,0.546853,1.06392
85,-3.29024,0.459392,0.222714
84,-3.29024,0.459392,0.222714
85,-1.51751,0.252706,-0.50317
84,-1.51751,0.252706,-0.50317
85,-1.58801,0.258673,-0.556318
84,-1.58801,0.258673,-0.556318
85,-1.93768,0.288772,-0.80996
84,-1.93768,0.288772,-0.80996
85,-1.61373,2.68913,0.236138
84,-1.61373,2.68913,0.236138
85,-1.52338,2.56407,0.274311
83,-1.52338,2.56407,0.274311
85,-1.54453,2.59325,0.265708
83,-1.54453,2.59325,0.265708
85,-1.59967,2.53369,0.271457
83,-1.59967,2.53369,0.271457
85,-2.99191,0.584761,0.27009
62,-2.99191,0.584761,0.27009
85,-2.94156,0.325737,0.266969
62,-2.94156,0.325737,0.266969
85,-2.90988,0.697211,0.286863
62,-2.90988,0.697211,0.286863
85,-2.86746,0.332986,0.292728
62,-2.86746,0.332986,0.292728
85,-2.81702,0.0903278,0.293863
62,-2.81702,0.0903278,0.293863
85,-2.90911,0.326136,0.276276
62,-2.90911,0.326136,0.276276
85,-2.91734,0.175062,0.859533
62,-2.91734,0.175062,0.859533
85,-2.8376,-0.127884,0.265235
62,-2.8376,-0.127884,0.265235
85,-2.8799,1.07469,1.14148
62,-2.8799,1.07469,1.14148
85,-2.7392,-0.292185,0.291455
62,-2.7392,-0.292185,0.291455
85,-2.90226,-0.111308,0.991936
62,-2.90226,-0.111308,0.991936
85,-2.79308,-0.263405,0.271759
62,-2.79308,-0.263405,0.271759
85,-2.7714,-0.0854793,0.277584
62,-2.7714,-0.0854793,0.277584
85,-2.89039,-0.108502,0.991836
62,-2.89039,-0.108502,0.991836
85,-1.50674,2.12535,0.441893
62,-1.50674,2.12535,0.441893
85,-2.76656,0.378873,0.917465
61,-2.76656,0.378873,0.917465
85,-2.77448,0.37918,0.915857
61,-2.77448,0.37918,0.915857
85,-2.84442,0.522391,0.944829
61,-2.84442,0.522391,0.944829
85,-2.96133,0.535167,0.917376
61,-2.96133,0.535167,0.917376
85,-2.9973,0.525189,0.641873
63,-2.9973,0.525189,0.641873
85,-2.99381,0.522155,0.646682
63,-2.99381,0.522155,0.646682
85,-1.6186,2.61426,0.227417
82,-1.6186,2.61426,0.227417
85,-1.54956,2.49378,0.340496
17,-1.54956,2.49378,0.340496
85,-1.54956,2.49329,0.375779
17,-1.54956,2.49329,0.375779
85,-1.07708,2.56617,0.619372
16,-1.07708,2.56617,0.619372
85,-1.08008,2.57588,0.457221
16,-1.08008,2.57588,0.457221
86,-0.924944,0.206098,-0.0867298
86,-0.88382,0.477696,-0.0916255
86,-0.869782,1.77176,-0.626812
86,-1.58756,0.258478,-0.559551
86,-1.54302,0.333241,-0.591807
86,-1.59599,0.241705,-0.560955
86,-1.5734,0.244075,-0.622986
86,-0.867504,1.80348,-0.64311
86,-2.25052,0.0701478,0.870782
86,-0.996582,1.7101,-0.518308
86,-1.59504,0.338796,-0.588399
86,-1.58754,0.393397,-0.597631
86,-1.58597,0.354906,-0.649775
86,-2.29821,0.0689249,0.859647
86,-1.6433,0.288961,-0.665478
86,-1.59836,0.45759,-0.623633
86,-1.67945,0.289204,-0.634739
86,-1.53143,0.620834,-0.627413
86,-1.54761,0.582828,-0.639795
86,-1.62113,0.434335,-0.633646
86,-1.02356,1.83314,-0.537982
86,-1.49638,0.703477,-0.666051
86,-2.35754,0.0468144,0.848528
86,-1.54445,0.639364,-0.642189
86,-1.58101,0.549955,-0.660822
86,-1.50952,0.701577,-0.680161
86,-1.50623,0.729721,-0.657193
86,-1.6986,0.298095,-0.669545
86,-2.36692,0.0540587,0.833509
86,-1.54139,0.753608,-0.617574
86,-1.59549,0.594472,-0.669833
86,-1.55584,0.73255,-0.618714
86,-1.55332,0.743177,-0.622137
86,-1.55628,0.744293,-0.616185
86,-1.56635,0.734224,-0.617848
86,-1.57048,0.728833,-0.622186
86,-1.47253,1.00227,-0.564245
86,-2.41259,0.0826233,0.845353
86,-1.49454,0.911143,-0.635746
86,-1.50375,0.905513,-0.640731
86,-1.50115,0.919325,-0.634296
86,-1.48597,1.00221,-0.579248
86,-1.47352,1.00131,-0.633759
86,-1.46495,1.03858,-0.619011
86,-1.48334,0.98984,-0.631663
86,-1.51546,0.95924,-0.600563
86,-1.48596,0.997602,-0.635354
86,-1.49134,1.05235,-0.560354
86,-2.45741,0.105789,0.895876
86,-1.47455,1.0347,-0.63466
86,-1.49582,1.03357,-0.582408
86,-1.40509,1.16413,-0.670062
86,-1.49207,1.05754,-0.56494
86,-1.52061,0.953376,-0.618316
86,-1.46766,1.06194,-0.634227
86,-1.47354,1.05419,-0.636248
86,-2.45909,0.113042,0.878221
86,-1.50187,1.07485,-0.547563
86,-1.47818,1.0612,-0.632015
86,-1.54108,0.947585,-0.613037
86,-1.42883,1.16232,-0.679211
86,-2.48462,0.0715129,0.846232
86,-2.45634,0.135269,0.846773
86,-2.47572,0.138822,0.853013
86,-1.53531,1.11711,-0.589821
86,-2.88464,-0.459832,0.980007
86,-1.50391,1.23696,-0.69458
86,-2.53967,0.377033,1.0166
86,-2.34535,0.769105,0.951863
86,-2.54449,0.386418,1.01155
86,-2.93266,-0.470738,0.999597
86,-2.4916,0.535949,1.01031
86,-2.35483,0.77963,0.935068
86,-2.63112,0.399583,1.02212
86,-2.68597,-0.28693,0.297455
86,-2.53181,0.750327,1.14334
86,-2.69535,-0.295442,0.288156
86,-2.55135,0.0657498,0.340269
86,-1.43451,2.48959,0.243294
86,-1.44868,2.49451,0.244867
86,-2.57154,0.766296,1.15891
86,-1.46397,2.4817,0.242093
86,-1.47259,2.49567,0.272275
86,-1.4818,2.51048,0.258518
86,-2.62173,0.0598309,0.323224
86,-1.47758,2.50555,0.233966
86,-2.62976,0.0616706,0.338743
86,-2.75744,-0.226851,0.302146
86,-1.489,2.52137,0.247522
86,-2.61855,0.786216,1.17421
86,-1.51247,2.49383,0.260758
86,-2.64778,0.795823,1.21559
86,-1.51305,2.51336,0.235171
86,-2.66978,0.065741,0.349267
86,-2.7549,-0.149026,0.282574
86,-2.78897,-0.216578,0.28204
86,-2.66682,0.0779913,0.30426
86,-2.67073,0.0796864,0.310707
86,-1.56638,2.46999,0.244271
86,-1.55712,2.48693,0.236812
86,-2.79545,-0.157516,0.283067
86,-2.69259,0.130585,0.308901
86,-2.698,0.132293,0.325456
86,-2.8439,-0.223616,0.266994
86,-2.82845,-0.167916,0.287922
86,-2.83306,-0.127837,0.265125
86,-2.99161,-0.453575,0.2458
86,-2.99342,-0.452763,0.239218
86,-2.85702,-0.124315,0.256412
86,-2.50188,0.764055,0.37586
86,-2.75171,0.152281,0.287027
86,-2.81833,0.631089,1.04242
86,-2.64488,0.966211,0.976925
86,-2.67431,1.02204,1.09975
86,-2.69127,0.993926,1.09553
86,-2.58425,0.914816,0.673776
86,-2.72498,1.0225,1.12726
86,-2.72622,1.01779,1.12111
86,-2.92969,-0.127939,0.249078
86,-2.66742,1.01043,0.935317
86,-2.7401,1.03429,1.14299
86,-2.60901,0.909498,0.629975
86,-2.71878,0.413654,0.312961
86,-2.60403,0.900528,0.587378
86,-2.7331,1.05788,1.12397
86,-2.73193,1.04982,1.10972
86,-2.62016,0.952491,0.672684
86,-2.57273,0.810927,0.357391
86,-2.58112,0.801149,0.335833
86,-2.73665,1.03011,0.969833
86,-2.75014,1.0547,0.986943
86,-2.79772,0.60234,0.552915
86,-2.767,0.543827,0.319904
86,-1.78769,2.6269,0.227972
86,-1.80998,2.64359,0.268796
86,-1.85141,2.54009,0.242481
86,-3.30646,0.018509,1.0814
86,-2.79165,1.07731,0.98334
86,-2.79393,0.542408,0.315769
86,-2.65379,0.86656,0.335211
86,-2.78358,0.53898,0.279346
86,-2.71482,1.02239,0.691438
86,-2.64776,0.904785,0.327606
86,-3.01081,0.693143,1.05431
86,-2.80168,0.562567,0.275494
86,-2.80968,0.564953,0.293402
86,-1.97452,2.38789,0.259107
86,-1.88704,2.58022,0.250722
86,-2.74243,1.04285,0.660832
86,-3.05328,0.682332,1.06105
86,-2.67792,0.916588,0.323606
86,-1.88992,2.57973,0.234699
86,-2.9317,0.354821,0.28383
86,-2.69927,0.938447,0.324035
86,-2.00369,2.42323,0.264926
86,-1.90835,2.62077,0.219555
86,-2.69989,0.976275,0.336981
86,-1.91382,2.62391,0.232114
86,-2.00802,2.4436,0.24991
86,-2.00977,2.44873,0.248426
86,-2.88831,0.57078,0.278354
86,-2.90058,0.559445,0.293161
86,-2.72822,0.963695,0.314422
86,-2.8868,0.594283,0.275148
86,-2.90097,0.568167,0.266254
86,-2.73817,0.98179,0.312343
86,-2.74859,1.00137,0.328481
86,-3.03491,0.354654,0.26397
86,-2.85288,1.10993,0.262714
86,-2.2338,2.45108,0.205923
86,-2.80716,1.22495,-0.206332
86,-3.73341,0.456414,1.12703
86,-2.86267,1.29012,-0.258324
86,-3.81167,0.433162,1.16628
86,-4.12899,0.522563,1.14985
86,-4.18651,0.551496,1.14995
86,-3.85805,2.03129,-2.59441
86,-3.87755,2.06705,-2.68249
86,-2.81227,1.05246,0.682153
85,-2.81227,1.05246,0.682153
86,-3.03479,0.523202,0.747765
85,-3.03479,0.523202,0.747765
86,-3.0019,0.563735,0.990052
85,-3.0019,0.563735,0.990052
86,-3.02275,0.56883,0.994463
85,-3.02275,0.56883,0.994463
86,-2.86226,-0.269934,0.258063
85,-2.86226,-0.269934,0.258063
86,-2.6598,1.00414,0.651421
85,-2.6598,1.00414,0.651421
86,-2.7144,1.03242,0.941996
85,-2.7144,1.03242,0.941996
86,-2.812,0.439485,0.873524
85,-2.812,0.439485,0.873524
86,-1.75957,2.45415,0.409422
85,-1.75957,2.45415,0.409422
86,-1.57331,0.537261,-0.617015
84,-1.57331,0.537261,-0.617015
86,-2.98466,1.13753,0.393682
84,-2.98466,1.13753,0.393682
86,-2.80372,0.171061,0.825768
84,-2.80372,0.171061,0.825768
86,-1.95079,2.44271,0.223094
84,-1.95079,2.44271,0.223094
86,-1.57001,0.964274,-0.630644
84,-1.57001,0.964274,-0.630644
86,-2.81845,1.0423,0.98904
84,-2.81845,1.0423,0.98904
86,-2.80113,0.170034,0.823194
84,-2.80113,0.170034,0.823194
86,-1.46119,0.430418,-0.486435
84,-1.46119,0.430418,-0.486435
86,-1.37358,0.898698,-0.481374
84,-1.37358,0.898698,-0.481374
86,-1.42271,1.06905,-0.594476
84,-1.42271,1.06905,-0.594476
86,-2.7703,-0.26291,0.271634
62,-2.7703,-0.26291,0.271634
86,-2.6943,-0.309959,0.314178
62,-2.6943,-0.309959,0.314178
86,-2.80377,1.061,1.14802
62,-2.80377,1.061,1.14802
86,-2.83797,-0.315221,0.281285
62,-2.83797,-0.315221,0.281285
86,-2.85367,-0.32444,0.304587
62,-2.85367,-0.32444,0.304587
86,-2.90988,0.233478,1.03924
63,-2.90988,0.233478,1.03924
86,-2.82021,-0.0786816,0.287591
63,-2.82021,-0.0786816,0.287591
86,-2.51857,-0.0972829,0.349449
63,-2.51857,-0.0972829,0.349449
86,-2.81084,0.166206,0.685702
61,-2.81084,0.166206,0.685702
86,-2.80864,-0.12234,0.270374
60,-2.80864,-0.12234,0.270374
87,-0.968655,0.209412,-0.0951715
87,-1.5732,0.348015,-0.623333
87,-1.58451,0.352823,-0.646051
87,-1.60592,0.347018,-0.593066
87,-1.60557,0.345387,-0.611556
87,-1.60432,0.363882,-0.629327
87,-1.61213,0.35257,-0.626695
87,-1.57181,0.45274,-0.639034
87,-1.61932,0.357232,-0.608852
87,-1.61427,0.391431,-0.599121
87,-1.57983,0.506096,-0.579474
87,-1.6622,0.277888,-0.612694
87,-1.62934,0.347483,-0.632953
87,-1.62761,0.302248,-0.688577
87,-1.6122,0.398808,-0.647268
87,-1.60126,0.467207,-0.607111
87,-1.60841,0.411175,-0.647267
87,-1.61919,0.401009,-0.628381
87,-1.61497,0.428706,-0.624092
87,-1.66417,0.300014,-0.636474
87,-1.62105,0.446847,-0.606537
87,-1.55674,0.589452,-0.646383
87,-1.56559,0.580416,-0.636936
87,-1.58512,0.536128,-0.631033
87,-1.61977,0.471319,-0.623277
87,-1.6729,0.300329,-0.653003
87,-1.55263,0.755402,-0.5855
87,-1.51386,0.904595,-0.569952
87,-1.54402,0.808623,-0.594274
87,-1.42864,1.09357,-0.639394
87,-1.52308,0.878796,-0.606551
87,-1.50223,0.93416,-0.630957
87,-1.5102,0.984838,-0.586712
87,-1.50548,1.01941,-0.579486
87,-1.49405,0.99918,-0.64012
87,-1.4925,1.00397,-0.640179
87,-1.47112,1.09431,-0.629442
87,-1.42718,1.18664,-0.662188
87,-1.53638,0.96153,-0.626052
87,-1.45948,1.19283,-0.645454
87,-1.52802,1.05391,-0.606641
87,-2.41801,-0.849002,-0.0896233
87,-2.3747,-0.827517,-0.200323
87,-2.37234,-0.826452,-0.210497
87,-1.46578,1.22795,-0.67077
87,-1.51807,1.09416,-0.663853
87,-1.51282,1.14618,-0.672961
87,-2.41648,-0.835951,-0.222487
87,-1.55934,1.11382,-0.618687
87,-1.56527,1.12262,-0.60656
87,-2.48614,0.0800589,0.878969
87,-2.43314,-0.837374,-0.243805
87,-1.5739,1.14513,-0.606209
87,-2.45215,-0.861895,-0.278949
87,-2.58939,-0.0910909,0.775769
87,-2.46962,-0.861037,-0.389967
87,-2.48021,-0.890205,-0.397963
87,-2.47868,-0.869553,-0.40367
87,-2.48543,-0.877606,-0.395391
87,-2.49237,-0.885689,-0.397635
87,-2.60822,0.124083,0.896249
87,-2.61529,0.118352,0.891924
87,-2.38898,0.756922,0.804742
87,-2.97779,-0.272977,1.24838
87,-2.67208,0.125919,0.771768
87,-2.94827,-0.287756,1.07723
87,-2.95413,-0.290399,1.07757
87,-2.66242,0.111975,0.663828
87,-2.69095,0.127416,0.752459
87,-2.46342,0.838069,0.815727
87,-2.84837,-0.134268,0.873532
87,-2.8372,-0.141777,0.831609
87,-2.50722,0.846345,0.81201
87,-2.73446,0.119984,0.660649
87,-2.73229,0.119252,0.652628
87,-2.68815,0.775422,1.18477
87,-2.74448,0.119247,0.653478
87,-2.76268,-0.292159,0.270061
87,-2.52936,0.86862,0.817804
87,-2.77835,0.485094,1.05451
87,-2.59644,0.760996,0.812871
87,-2.80716,-0.288875,0.275477
87,-2.93084,-0.650719,0.235645
87,-2.74555,0.823369,1.23128
87,-2.60369,0.92125,0.909718
87,-2.95539,-0.649308,0.235539
87,-3.01781,-0.0537326,1.0359
87,-2.72343,0.0604889,0.304018
87,-2.60877,0.928652,0.875564
87,-2.72896,0.0788059,0.293385
87,-2.79482,0.638813,1.04183
87,-2.64047,0.938858,0.897907
87,-2.80292,0.633657,1.03668
87,-2.74551,0.0906121,0.295845
87,-2.81101,0.639953,1.04057
87,-2.85691,-0.210043,0.261563
87,-2.63236,0.943952,0.825901
87,-1.84785,2.54311,0.251716
87,-2.8843,-0.221059,0.260541
87,-2.88496,-0.231365,0.249702
87,-2.77061,0.142196,0.289875
87,-2.84956,-0.0799497,0.272015
87,-2.65887,0.962327,0.825897
87,-1.86257,2.55875,0.246951
87,-2.98086,-0.442623,0.240547
87,-2.73709,1.03447,1.07679
87,-2.75821,1.03572,1.1342
87,-2.99599,-0.459435,0.224274
87,-2.72701,1.03238,1.02427
87,-2.99479,-0.42641,0.236901
87,-1.87795,2.58035,0.232012
87,-2.99261,-0.423537,0.222956
87,-2.81552,0.156378,0.323371
87,-2.74785,1.00375,1.0061
87,-3.01541,-0.445901,0.228394
87,-2.89208,-0.0865883,0.255473
87,-2.78475,1.05382,1.14185
87,-1.98319,2.39954,0.277181
87,-3.02703,-0.455405,0.2229
87,-3.04349,-0.475287,0.246499
87,-2.82758,0.633048,0.797783
87,-2.90771,-0.0856303,0.254246
87,-2.80554,0.618308,0.6967
87,-3.04653,-0.478035,0.223918
87,-2.78772,1.06318,1.09129
87,-1.99602,2.41595,0.258943
87,-2.79605,0.807546,0.823284
87,-2.77804,1.05261,1.0194
87,-2.76729,1.04422,0.965594
87,-2.80695,1.08548,1.11434
87,-2.80752,1.08806,1.11653
87,-2.813,1.09246,1.13206
87,-2.81026,1.09191,1.11771
87,-2.81883,1.08996,1.12417
87,-2.77656,0.408553,0.287251
87,-2.72856,1.02323,0.792788
87,-2.82264,1.09814,1.13664
87,-2.78281,0.431855,0.294479
87,-2.78989,0.434001,0.31548
87,-2.78675,0.41742,0.284973
87,-2.79596,0.432557,0.276056
87,-2.03041,2.46541,0.243594
87,-2.80061,0.433931,0.28818
87,-2.03964,2.46936,0.268727
87,-2.80784,1.09194,0.994485
87,-2.80944,1.09312,0.985875
87,-2.80667,0.431163,0.276772
87,-2.81546,0.449636,0.297865
87,-3.00217,0.677499,1.05525
87,-2.82327,0.4392,0.291437
87,-2.82626,1.09733,0.989555
87,-2.82538,1.09838,0.960264
87,-2.90439,1.29916,1.32361
87,-2.92116,0.809386,0.835066
87,-2.91254,1.30161,1.32483
87,-2.92052,1.29512,1.32544
87,-2.72291,0.8753,0.307968
87,-2.95211,0.820713,0.836031
87,-2.94762,0.316367,0.270739
87,-2.74094,0.978988,0.349158
87,-2.86538,0.576661,0.277601
87,-3.26477,0.33559,1.10261
87,-2.98718,0.825283,0.826074
87,-2.76018,0.94929,0.311068
87,-2.79021,0.982527,0.345379
87,-2.92987,0.559073,0.285936
87,-2.92873,0.609423,0.264058
87,-3.06333,0.30517,0.24066
87,-2.83476,1.0876,0.411504
87,-2.83474,1.09485,0.418151
87,-2.81843,1.03988,0.298255
87,-3.08808,0.814027,0.81934
87,-3.3475,0.363791,1.07787
87,-3.07181,0.30799,0.232537
87,-2.81935,1.04845,0.283791
87,-2.84189,1.04975,0.334788
87,-2.83982,1.04969,0.314318
87,-3.35592,0.388022,1.04584
87,-2.84562,1.07655,0.289327
87,-2.8304,1.10768,0.265161
87,-2.83919,1.10975,0.266926
87,-2.87331,1.25122,-0.147239
87,-2.73748,1.24537,-0.596271
87,-3.41914,2.07721,-2.26504
87,-2.77433,0.912621,0.310348
86,-2.77433,0.912621,0.310348
87,-2.73932,-0.120588,0.280132
86,-2.73932,-0.120588,0.280132
87,-2.84268,0.488117,0.732964
86,-2.84268,0.488117,0.732964
87,-3.06965,0.537591,0.694876
86,-3.06965,0.537591,0.694876
87,-2.92224,-0.115164,0.245113
86,-2.92224,-0.115164,0.245113
87,-2.93869,-0.440503,0.251948
86,-2.93869,-0.440503,0.251948
87,-2.35941,0.881906,0.947397
86,-2.35941,0.881906,0.947397
87,-2.94877,0.590767,0.28685
86,-2.94877,0.590767,0.28685
87,-2.77572,0.552226,0.319288
86,-2.77572,0.552226,0.319288
87,-3.09536,0.833452,1.05889
85,-3.09536,0.833452,1.05889
87,-2.71118,0.993201,1.00074
85,-2.71118,0.993201,1.00074
87,-2.80253,-0.122572,0.274297
85,-2.80253,-0.122572,0.274297
87,-3.06012,0.823352,1.02461
85,-3.06012,0.823352,1.02461
87,-2.762,-0.175456,0.778906
85,-2.762,-0.175456,0.778906
87,-3.72897,0.920559,1.11744
85,-3.72897,0.920559,1.11744
87,-3.21092,1.22154,0.648301
85,-3.21092,1.22154,0.648301
87,-2.96759,0.513639,0.719397
84,-2.96759,0.513639,0.719397
87,-2.7542,-0.206413,1.04247
62,-2.7542,-0.206413,1.04247
87,-2.91777,-0.221241,0.25592
63,-2.91777,-0.221241,0.25592
87,-2.77178,-0.435997,0.965556
63,-2.77178,-0.435997,0.965556
87,-2.96633,0.520177,0.604212
63,-2.96633,0.520177,0.604212
87,-3.00433,0.303644,0.244461
61,-3.00433,0.303644,0.244461
87,-2.88874,0.52975,0.733706
60,-2.88874,0.52975,0.733706
87,-2.60876,-0.48866,0.923742
64,-2.60876,-0.48866,0.923742
88,-0.347784,-0.223742,0.867257
88,-0.563661,-0.123063,0.916459
88,-1.36271,-0.796206,0.22771
88,-1.40385,-0.856912,0.203383
88,-1.45484,-0.808537,0.377468
88,-1.48386,-0.868984,0.360083
88,-1.48474,-0.816663,0.373957
88,-0.943694,0.632595,-0.0991703
88,-1.62264,-0.842617,0.60082
88,-1.43776,-0.751853,0.12681
88,-1.4386,-0.748292,0.127328
88,-1.51937,-0.795315,0.31044
88,-1.53975,-0.80046,0.339425
88,-1.54327,-0.817294,0.333734
88,-1.47641,-0.765609,0.17802
88,-1.55188,-0.816027,0.354603
88,-1.54866,-0.812937,0.337343
88,-1.4695,-0.767147,0.110499
88,-1.4635,-0.703886,0.12245
88,-1.4696,-0.705802,0.115547
88,-1.76322,-0.859272,0.832993
88,-1.56589,-0.778157,0.32132
88,-1.47579,-0.692425,0.109292
88,-1.505,-0.723875,0.16574
88,-1.50936,-0.72615,0.163667
88,-1.51396,-0.728258,0.160587
88,-1.97468,-0.891163,1.06225
88,-1.60002,0.34369,-0.635551
88,-1.61749,0.394603,-0.631518
88,-1.50536,0.856327,-0.641705
88,-1.55802,0.746403,-0.583913
88,-1.52393,0.852045,-0.643896
88,-1.53404,0.914213,-0.591777
88,-1.6087,0.673109,-0.582734
88,-1.58283,0.725704,-0.618083
88,-1.61088,0.685099,-0.601575
88,-1.5287,0.963431,-0.616194
88,-1.44723,1.19927,-0.654376
88,-1.52152,1.02621,-0.59137
88,-1.45313,1.19806,-0.652834
88,-1.55792,0.867856,-0.638704
88,-2.178,0.673271,0.896329
88,-1.55432,1.08929,-0.604429
88,-2.44429,0.0893173,0.836945
88,-2.64985,-0.255642,0.947292
88,-2.6796,-0.25652,0.955333
88,-2.56109,0.129375,0.908803
88,-2.69541,-0.260758,0.888399
88,-2.54053,-0.869316,-0.124246
88,-2.6581,-0.770355,0.283499
88,-2.67239,-0.776726,0.276442
88,-2.56943,-0.875167,-0.150221
88,-2.50332,-0.869276,-0.3946
88,-2.54672,-0.884367,-0.316329
88,-2.81513,-0.133167,1.05859
88,-2.8568,-0.267517,1.04883
88,-2.83406,-0.134064,1.05754
88,-2.8462,-0.282483,0.959111
88,-2.89797,-0.318368,1.0691
88,-2.90447,-0.318281,1.0695
88,-2.64283,0.102624,0.668136
88,-2.88652,-0.264111,1.05382
88,-2.79625,-0.137304,0.866024
88,-2.76666,-0.142182,0.774714
88,-2.84494,-0.28769,0.872408
88,-2.8879,-0.162229,1.07916
88,-2.93282,-0.320596,1.07121
88,-2.93653,-0.327276,1.06813
88,-2.7828,-0.143458,0.778128
88,-2.89415,-0.131353,1.05974
88,-2.90968,-0.153948,1.07452
88,-2.91868,-0.156756,1.08288
88,-2.90555,-0.134213,1.05906
88,-2.92587,-0.169461,1.08604
88,-2.54484,0.901873,0.860081
88,-2.71848,-0.332355,0.293338
88,-2.98792,-0.328723,1.07124
88,-2.72562,-0.335973,0.286772
88,-2.71912,0.792299,1.20145
88,-2.73148,-0.29715,0.275406
88,-2.55037,0.876974,0.747372
88,-2.77234,0.480426,1.03943
88,-2.75742,-0.299353,0.312783
88,-2.76245,-0.327116,0.281318
88,-3.03559,-0.32567,1.07658
88,-2.71888,-0.162161,0.28937
88,-2.76919,-0.317455,0.299035
88,-2.94565,-0.0427496,1.04182
88,-2.75942,0.602801,1.04179
88,-3.03822,-0.327919,1.04871
88,-2.73443,-0.154427,0.298015
88,-2.76904,-0.302451,0.270311
88,-2.76456,0.425156,0.864833
88,-2.73141,-0.127493,0.288426
88,-2.77184,-0.270667,0.275054
88,-2.78375,0.622672,1.04635
88,-2.78228,-0.267064,0.268905
88,-2.78688,0.824011,1.22099
88,-2.62512,0.974248,0.878892
88,-2.69135,0.0760895,0.295317
88,-2.81649,-0.370412,0.270093
88,-2.8042,-0.330561,0.267563
88,-2.7784,-0.212803,0.285501
88,-2.90043,0.234336,1.0258
88,-2.82072,-0.362814,0.262302
88,-2.81843,-0.348139,0.265421
88,-2.90842,-0.649712,0.265669
88,-2.79389,-0.263509,0.263735
88,-2.77008,-0.155706,0.285694
88,-2.64119,0.975602,0.877634
88,-2.70748,0.0850137,0.297771
88,-2.79309,-0.127731,0.362021
88,-2.71432,0.0792937,0.305205
88,-2.79002,0.500877,0.882687
88,-2.7131,0.0872672,0.30026
88,-2.85213,0.505413,1.04847
88,-2.80438,-0.126949,0.35746
88,-2.80099,0.511922,0.882752
88,-2.70064,0.999961,1.01165
88,-2.74289,1.0643,1.18513
88,-2.82151,-0.259618,0.263174
88,-2.8032,-0.153955,0.29865
88,-2.70437,1.02855,1.02633
88,-2.68608,1.00842,0.955486
88,-2.83018,0.447694,0.890872
88,-2.82434,-0.259961,0.256027
88,-2.68996,1.00763,0.955545
88,-2.73512,1.02981,1.10433
88,-2.74439,1.04816,1.14008
88,-2.79401,-0.124871,0.266366
88,-2.03061,2.4412,0.251446
88,-2.78415,0.618198,0.872295
88,-2.79906,-0.127786,0.269093
88,-2.77458,0.50588,0.741425
88,-2.74557,1.04218,1.11924
88,-2.75815,0.482426,0.67052
88,-2.80948,-0.138252,0.282746
88,-2.79508,-0.0834094,0.285908
88,-2.01823,2.47484,0.230324
88,-2.73451,0.140971,0.300287
88,-2.80143,-0.126137,0.263681
88,-2.75284,1.05252,1.1397
88,-2.73418,1.04798,1.07701
88,-2.70446,1.0063,0.952964
88,-2.81128,-0.138527,0.274813
88,-2.81153,-0.138508,0.27476
88,-2.83417,-0.212962,0.27382
88,-2.74277,0.142772,0.311671
88,-2.83184,0.529243,0.905445
88,-2.02585,2.44872,0.212351
88,-2.94859,-0.652624,0.220326
88,-2.7765,0.448984,0.669552
88,-2.66803,0.979343,0.807572
88,-2.71134,1.02429,0.967991
88,-2.75949,1.0499,1.12855
88,-2.07801,2.3329,0.241327
88,-2.80392,0.629028,0.880825
88,-2.07007,2.35201,0.226735
88,-2.8394,-0.182305,0.271156
88,-2.84072,0.527293,0.885728
88,-2.75414,1.0578,1.08189
88,-2.72289,1.01757,0.95175
88,-2.70306,1.00121,0.879447
88,-2.77811,1.05852,1.14295
88,-2.81998,0.473776,0.751407
88,-2.82511,-0.0750929,0.284613
88,-2.7636,0.141014,0.287303
88,-2.71029,1.01438,0.884694
88,-2.71724,1.04447,0.930886
88,-2.76996,0.143148,0.301882
88,-2.75088,1.05414,1.02311
88,-2.81648,0.505624,0.736322
88,-2.74096,1.03699,0.972948
88,-2.78122,1.09234,1.13727
88,-2.86685,0.528922,0.884849
88,-2.86785,0.538258,0.893246
88,-2.77441,0.158461,0.291949
88,-2.78076,1.08496,1.11064
88,-2.78369,1.07377,1.08812
88,-2.8483,-0.0873784,0.265854
88,-2.79358,1.09202,1.117
88,-2.8015,1.09903,1.13308
88,-2.12026,2.36031,0.233913
88,-2.79906,1.09205,1.10999
88,-2.73567,1.04346,0.878787
88,-2.74338,1.04323,0.877521
88,-2.95475,0.536012,1.05429
88,-2.64112,0.80699,0.359363
88,-2.87729,-0.0874397,0.265007
88,-2.87428,-0.0883695,0.252647
88,-2.97125,-0.426881,0.233014
88,-2.96957,0.534662,1.05326
88,-2.98183,-0.459101,0.229448
88,-2.76678,1.07039,0.920122
88,-2.96623,0.558746,1.05542
88,-2.98381,-0.441622,0.227289
88,-2.78166,1.08539,0.95552
88,-2.99293,-0.452209,0.239794
88,-2.75872,0.399595,0.291836
88,-2.7387,0.516849,0.334783
88,-2.65308,0.803199,0.325528
88,-2.99449,-0.459264,0.229693
88,-2.997,-0.451904,0.229702
88,-2.82438,0.204908,0.285911
88,-2.99876,-0.44795,0.218555
88,-2.79816,1.0973,0.958922
88,-3.02056,-0.461669,0.231023
88,-3.00978,-0.43816,0.218248
88,-2.81264,1.12376,0.990246
88,-2.80927,1.10443,0.959236
88,-2.78072,0.421873,0.277283
88,-2.78853,1.09172,0.877626
88,-2.79232,0.424947,0.302214
88,-2.7836,0.429024,0.276926
88,-2.89115,1.28453,1.32037
88,-2.69507,0.842545,0.315873
88,-3.40919,-0.618836,1.11637
88,-2.15401,2.31899,-0.0127246
88,-2.70308,0.860321,0.313572
88,-2.9275,1.26873,1.30336
88,-2.94925,1.2808,1.3047
88,-3.18114,0.326557,1.09027
88,-3.09104,0.601801,1.06264
88,-2.73573,0.968252,0.339874
88,-2.85,0.571125,0.284364
88,-3.20611,0.327772,1.09426
88,-2.86604,0.561006,0.294981
88,-3.20662,0.341172,1.06317
88,-3.23581,0.333264,1.0997
88,-3.02695,0.78749,0.822752
88,-3.25843,0.347667,1.07385
88,-2.3167,2.33278,0.0220643
88,-2.82082,1.03517,0.300583
88,-2.82226,1.04875,0.294807
88,-2.84543,1.08612,0.389924
88,-2.83171,1.05064,0.279462
88,-2.84021,1.07268,0.285363
88,-2.84569,1.11445,0.25684
88,-2.2874,2.08878,-0.545475
88,-2.67736,1.20788,-0.593278
88,-2.86249,1.27716,-0.0490159
88,-2.87289,1.28833,-0.16246
88,-2.8698,1.26013,-0.210899
88,-5.60131,-2.07622,0.72367
88,-3.51729,2.29703,-2.43447
88,-3.8071,2.40813,-2.72439
88,-4.07272,1.50357,-2.79766
88,-4.07465,2.64575,-3.12288
88,-2.95968,0.248545,1.06218
87,-2.95968,0.248545,1.06218
88,-1.62973,0.28432,-0.625873
87,-1.62973,0.28432,-0.625873
88,-2.88654,1.27691,0.0674048
87,-2.88654,1.27691,0.0674048
88,-2.67059,-0.209498,1.04756
87,-2.67059,-0.209498,1.04756
88,-3.08622,0.299038,1.09303
87,-3.08622,0.299038,1.09303
88,-2.56102,-0.48377,0.920806
87,-2.56102,-0.48377,0.920806
88,-2.85174,-0.209067,1.04411
87,-2.85174,-0.209067,1.04411
88,-2.90314,1.04967,0.284791
86,-2.90314,1.04967,0.284791
88,-2.9153,1.28487,0.150031
86,-2.9153,1.28487,0.150031
88,-1.58028,0.242083,-0.540412
86,-1.58028,0.242083,-0.540412
88,-1.73447,0.27866,-0.664366
86,-1.73447,0.27866,-0.664366
88,-2.7261,1.04125,1.06987
62,-2.7261,1.04125,1.06987
88,-2.75859,-0.256309,0.970377
63,-2.75859,-0.256309,0.970377
88,-2.84636,-0.169302,0.268117
63,-2.84636,-0.169302,0.268117
88,-2.86975,0.499756,0.270095
63,-2.86975,0.499756,0.270095
88,-2.81611,0.490121,0.706929
61,-2.81611,0.490121,0.706929
88,-2.84761,0.468226,0.670111
61,-2.84761,0.468226,0.670111
88,-2.84697,0.489078,0.704036
61,-2.84697,0.489078,0.704036
88,-2.8377,0.487935,0.709717
61,-2.8377,0.487935,0.709717
88,-2.70173,-0.41547,0.29342
64,-2.70173,-0.41547,0.29342
88,-2.87566,-0.786186,0.438738
64,-2.87566,-0.786186,0.438738
88,-2.71033,-0.405403,0.819749
65,-2.71033,-0.405403,0.819749
89,-0.273024,-0.340051,0.952621
89,-0.455062,-0.309868,0.949828
89,-1.28839,0.0387159,0.983303
89,-1.32988,-0.849358,0.131636
89,-1.33441,-0.856552,0.120743
89,-1.33933,-0.850027,0.126849
89,-1.36822,-0.869608,0.196834
89,-1.37017,-0.862214,0.189558
89,-1.35606,-0.850824,0.15318
89,-1.36743,-0.855375,0.181409
89,-1.36447,-0.855416,0.165227
89,-1.36179,-0.8415,0.154877
89,-1.39696,-0.868808,0.237849
89,-1.40717,-0.862602,0.234759
89,-1.41178,-0.858226,0.229072
89,-1.38847,-0.807139,0.181936
89,-1.4864,-0.822513,0.379584
89,-1.41915,-0.810068,0.171012
89,-1.48832,-0.818223,0.357259
89,-1.49983,-0.82341,0.374524
89,-1.49788,-0.837151,0.354804
89,-1.50925,-0.877023,0.35595
89,-1.50727,-0.830972,0.375342
89,-1.60955,-0.870694,0.649956
89,-1.51122,-0.877658,0.352747
89,-1.52369,-0.882976,0.373067
89,-1.51877,-0.890492,0.35147
89,-1.52083,-0.895398,0.352834
89,-1.52702,-0.894671,0.368236
89,-1.5066,-0.823043,0.351257
89,-1.51498,-0.82204,0.371735
89,-1.43548,-0.755879,0.165824
89,-1.43328,-0.744982,0.164895
89,-1.43401,-0.746535,0.165578
89,-1.68175,-0.883421,0.804999
89,-1.44009,-0.757565,0.164589
89,-1.44006,-0.757624,0.162611
89,-1.61735,-0.885738,0.599793
89,-1.61524,-0.849096,0.610656
89,-1.52492,-0.823597,0.356731
89,-1.52997,-0.816767,0.362502
89,-1.442,-0.754939,0.140204
89,-1.62596,-0.891966,0.592267
89,-1.69872,-0.869361,0.804405
89,-1.53037,-0.825474,0.321928
89,-1.64506,-0.893037,0.589217
89,-1.72818,-0.88849,0.809355
89,-1.54829,-0.825331,0.318868
89,-1.54198,-0.799087,0.307634
89,-1.50018,-0.780469,0.194909
89,-1.75464,-0.887675,0.874863
89,-1.76209,-0.900214,0.876937
89,-1.76206,-0.89868,0.874639
89,-1.50541,-0.771566,0.196914
89,-1.55337,-0.819764,0.294694
89,-1.55909,-0.819355,0.293158
89,-1.58484,-0.818873,0.347121
89,-1.6792,-0.849234,0.57912
89,-1.88429,-0.932755,1.07021
89,-1.90302,-1.07377,1.02699
89,-1.91102,-1.07345,1.03636
89,-1.52614,-0.721346,0.117195
89,-1.71951,-0.854148,0.571727
89,-1.94687,-1.09633,1.08129
89,-1.9304,-1.08001,1.03044
89,-1.82123,-0.872418,0.826085
89,-1.90366,-1.12515,0.865523
89,-1.95713,-1.05647,1.04662
89,-1.962,-1.05926,1.0457
89,-1.84249,-0.866702,0.816163
89,-1.96313,-1.05376,1.04588
89,-1.93173,-1.07591,0.938299
89,-1.95084,-1.07264,0.943048
89,-1.95828,-0.890072,1.06681
89,-1.91087,-1.09941,0.776959
89,-1.9139,-1.10053,0.783045
89,-1.91725,-1.10528,0.789148
89,-1.92115,-1.10562,0.800115
89,-1.92353,-1.10696,0.805101
89,-1.94382,-1.04913,0.874626
89,-1.88737,-1.09652,0.604918
89,-1.90373,-1.09082,0.595053
89,-1.93882,-1.07068,0.709153
89,-1.93294,-1.0884,0.6623
89,-1.91211,-1.07858,0.602565
89,-1.93191,-1.08846,0.604247
89,-2.09033,-0.883528,1.19494
89,-2.11707,-0.88835,1.19313
89,-1.54325,0.621835,-0.632969
89,-1.57577,0.480162,-0.647077
89,-1.57724,0.475792,-0.647566
89,-1.6464,0.245354,-0.595499
89,-1.6314,0.353695,-0.612605
89,-1.60189,0.431687,-0.655151
89,-1.50603,0.920232,-0.638554
89,-1.50274,0.937265,-0.637623
89,-1.57685,0.587905,-0.646565
89,-1.64982,0.291212,-0.627507
89,-1.65999,0.27715,-0.613044
89,-1.51681,0.877268,-0.64716
89,-1.61976,0.409422,-0.660753
89,-1.62299,0.434947,-0.638581
89,-1.62713,0.436177,-0.630524
89,-1.62066,0.482392,-0.622637
89,-1.61969,0.488205,-0.622842
89,-1.6223,0.494193,-0.629786
89,-1.62274,0.49686,-0.63167
89,-1.62175,0.50162,-0.631678
89,-1.67174,0.287338,-0.624117
89,-1.67424,0.294712,-0.627507
89,-1.61928,0.679228,-0.655005
89,-1.60901,0.748379,-0.646513
89,-1.60724,0.779078,-0.638363
89,-1.57696,0.937667,-0.646834
89,-1.58167,1.13637,-0.616749
89,-2.59324,-0.349568,1.32803
89,-2.77637,-0.321819,1.29854
89,-2.8566,-0.275838,1.34009
89,-2.86309,-0.318756,1.30993
89,-2.75858,-0.209601,1.04209
89,-2.48456,-0.849437,-0.257985
89,-2.70013,-0.793921,0.286067
89,-2.76274,-0.138054,0.889409
89,-2.75891,-0.138849,0.876117
89,-2.92323,-0.285383,1.21937
89,-2.93347,-0.567703,1.06224
89,-2.88332,-0.330527,1.0177
89,-2.74094,-0.779244,0.275529
89,-2.71293,0.602799,1.05006
89,-2.77406,0.792426,1.3355
89,-2.76957,0.841133,1.35346
89,-2.77214,0.839215,1.34752
89,-2.98508,-0.565211,1.06656
89,-2.79909,-0.170748,0.765892
89,-2.7897,0.790114,1.35696
89,-2.93752,-0.325417,1.06968
89,-2.72693,0.595166,1.04275
89,-2.7488,0.803195,1.22878
89,-2.82435,-0.169216,0.792156
89,-2.79144,0.860501,1.35972
89,-2.80664,0.812588,1.21724
89,-2.81543,1.06817,1.39041
89,-2.81427,1.09812,1.40465
89,-2.80763,1.08237,1.36989
89,-2.73376,-0.179053,0.282411
89,-3.0917,-0.629175,1.03742
89,-2.74237,-0.177719,0.295546
89,-2.75143,1.03579,1.08469
89,-2.72038,0.886646,0.886166
89,-3.09333,-0.632093,1.00271
89,-2.76948,-0.265711,0.28438
89,-2.73066,1.02332,0.998896
89,-2.76641,-0.26515,0.27104
89,-2.83857,1.10145,1.36561
89,-2.77084,-0.266007,0.271318
89,-2.76257,1.0443,1.08768
89,-2.76839,1.05158,1.0997
89,-2.78341,1.04749,1.13721
89,-2.81189,1.12225,1.26358
89,-2.7525,1.03868,1.02888
89,-2.80352,1.09881,1.21404
89,-2.71695,0.922921,0.836097
89,-2.79607,1.08486,1.15772
89,-2.73972,0.890856,0.857157
89,-2.79262,1.07142,1.11534
89,-2.79977,-0.263202,0.267794
89,-2.83816,1.10729,1.26583
89,-2.80074,1.08167,1.13703
89,-2.79612,-0.216318,0.282573
89,-2.74779,0.897675,0.855745
89,-2.7931,1.09778,1.10393
89,-2.76075,0.909785,0.886985
89,-2.81131,1.08611,1.13778
89,-2.74227,0.137726,0.319356
89,-2.84164,1.11219,1.24137
89,-2.78788,-0.129672,0.274324
89,-2.84905,1.14214,1.27625
89,-2.75841,0.140968,0.361792
89,-2.72134,0.847886,0.709472
89,-2.81661,1.08047,1.138
89,-2.81129,1.06838,1.11379
89,-2.76495,0.903706,0.869553
89,-2.8403,1.11445,1.21623
89,-2.8217,1.08364,1.135
89,-2.81463,0.469652,0.716278
89,-2.8086,-0.181451,0.274624
89,-2.83854,1.11548,1.19932
89,-2.82749,0.472563,0.74723
89,-2.79807,-0.124446,0.265239
89,-2.83221,1.09901,1.1563
89,-2.81939,-0.207698,0.273304
89,-2.81431,1.08611,1.07853
89,-2.82878,1.07836,1.11085
89,-2.84195,1.1336,1.17608
89,-2.80711,-0.117816,0.26287
89,-2.80793,1.07595,1.03183
89,-2.82002,1.08985,1.0737
89,-2.87553,-0.405151,0.266243
89,-2.83522,-0.224812,0.261072
89,-2.82596,1.10156,1.08786
89,-2.80109,1.08249,1.0009
89,-2.76448,0.878285,0.758928
89,-2.84544,1.09904,1.13676
89,-2.83881,1.11831,1.12649
89,-2.83153,1.10584,1.09506
89,-2.83674,1.11455,1.11433
89,-2.92279,-0.635926,0.232737
89,-2.76611,0.876242,0.746388
89,-2.8427,1.12591,1.132
89,-2.81604,-0.0795304,0.268562
89,-2.84556,1.12033,1.12873
89,-2.82164,-0.0880332,0.267659
89,-2.78684,1.03601,0.888689
89,-2.84057,1.11703,1.09741
89,-2.76822,0.869744,0.719488
89,-2.85032,1.12747,1.12677
89,-2.80087,1.0278,0.91026
89,-2.76899,0.214404,0.28728
89,-2.76421,0.870241,0.692829
89,-2.85528,-0.227893,0.250028
89,-2.83608,-0.101,0.268616
89,-2.90622,0.547975,0.894534
89,-2.86091,0.532216,0.742963
89,-2.90817,-0.423254,0.259589
89,-2.86534,0.533328,0.751654
89,-2.89875,-0.413847,0.231952
89,-2.80147,0.14761,0.305278
89,-2.85712,1.12438,1.10077
89,-2.83552,1.08028,0.999212
89,-2.90951,-0.41241,0.252169
89,-2.83238,0.509229,0.609871
89,-2.84502,1.09721,1.0248
89,-2.87415,0.539726,0.749592
89,-2.92618,0.558799,0.89662
89,-2.92347,-0.430932,0.240231
89,-2.79075,0.987218,0.762135
89,-2.79036,0.978713,0.744151
89,-2.82444,1.09649,0.906761
89,-2.93468,-0.457183,0.225374
89,-2.77797,0.959335,0.672522
89,-2.78662,0.972124,0.689933
89,-2.69778,0.811511,0.320764
89,-2.94861,-0.442422,0.246788
89,-2.9314,1.2732,1.30241
89,-2.95419,0.564064,0.90685
89,-2.9327,1.31875,1.32247
89,-2.82063,0.227173,0.271425
89,-2.81118,0.989942,0.735179
89,-2.80948,1.04505,0.757704
89,-2.78072,0.437995,0.278169
89,-2.79973,0.972472,0.667433
89,-2.81233,1.03107,0.742414
89,-2.94953,1.28724,1.29859
89,-2.80523,0.440513,0.324795
89,-2.72344,0.812831,0.322742
89,-2.80083,0.425907,0.298627
89,-2.98061,-0.46879,0.240598
89,-2.80098,0.450686,0.293336
89,-2.78639,0.951676,0.564624
89,-2.86651,1.12375,0.897069
89,-2.74014,0.845895,0.333843
89,-2.74881,0.839126,0.32124
89,-2.78846,0.949112,0.497588
89,-2.75119,0.853344,0.314926
89,-2.8188,0.48972,0.278314
89,-2.83967,1.04221,0.64877
89,-2.76957,0.870768,0.322894
89,-2.76604,0.88643,0.310655
89,-2.84961,1.03973,0.64659
89,-2.80495,0.960514,0.46301
89,-2.84634,0.540956,0.312745
89,-2.84048,0.540224,0.28576
89,-2.81428,0.959595,0.475008
89,-2.85091,0.557227,0.311214
89,-2.82095,0.96424,0.46049
89,-2.82725,0.97172,0.478696
89,-2.79751,0.917858,0.319532
89,-2.83585,0.967365,0.458151
89,-2.92663,0.315629,0.265
89,-2.80012,0.974795,0.307006
89,-2.88191,0.577379,0.26419
89,-2.88846,0.558163,0.263559
89,-2.9598,0.333236,0.250308
89,-2.9688,0.301508,0.247967
89,-2.82524,1.03512,0.285998
89,-2.97747,0.34268,0.252523
89,-2.84376,1.04861,0.312174
89,-2.98324,0.307379,0.240529
89,-2.85245,1.06399,0.286366
89,-2.90781,1.17616,0.26739
89,-2.85508,1.28412,-0.162108
89,-2.90865,1.29877,-0.00346696
89,-2.95707,1.32285,0.0416157
89,-2.75538,1.26503,-0.618302
89,-2.89574,1.3102,-0.187377
89,-2.91863,1.31182,-0.175955
89,-2.79064,1.27616,-0.642638
89,-2.79557,1.2167,-0.713865
89,-2.831,1.2368,-0.724145
89,-3.04935,1.12043,0.25335
88,-3.04935,1.12043,0.25335
89,-2.84233,0.525192,0.753686
88,-2.84233,0.525192,0.753686
89,-3.05048,0.596216,0.916349
88,-3.05048,0.596216,0.916349
89,-2.94143,0.255718,1.05821
88,-2.94143,0.255718,1.05821
89,-3.00198,1.36485,-0.15272
88,-3.00198,1.36485,-0.15272
89,-2.80386,0.224712,1.01728
88,-2.80386,0.224712,1.01728
89,-2.85153,0.237729,1.04765
88,-2.85153,0.237729,1.04765
89,-2.87192,-0.429187,0.924452
88,-2.87192,-0.429187,0.924452
89,-2.8496,0.236394,1.05171
88,-2.8496,0.236394,1.05171
89,-2.73424,-0.408358,0.764284
88,-2.73424,-0.408358,0.764284
89,-3.0338,-0.249419,0.215974
88,-3.0338,-0.249419,0.215974
89,-2.91933,0.969742,0.279518
87,-2.91933,0.969742,0.279518
89,-2.87906,0.498077,0.732785
87,-2.87906,0.498077,0.732785
89,-1.63365,0.37212,-0.62064
87,-1.63365,0.37212,-0.62064
89,-3.38269,-1.39605,-0.877251
87,-3.38269,-1.39605,-0.877251
89,-3.11174,-0.387726,0.36105
87,-3.11174,-0.387726,0.36105
89,-2.64597,-0.418314,0.311762
87,-2.64597,-0.418314,0.311762
89,-2.51986,0.705396,0.821134
87,-2.51986,0.705396,0.821134
89,-3.32203,1.33314,1.00778
87,-3.32203,1.33314,1.00778
89,-2.61724,0.475307,0.363409
87,-2.61724,0.475307,0.363409
89,-2.8792,0.534963,0.702746
63,-2.8792,0.534963,0.702746
89,-4.31652,0.589307,0.837712
63,-4.31652,0.589307,0.837712
89,-2.87037,0.512802,0.272435
63,-2.87037,0.512802,0.272435
89,-3.25925,-0.392965,0.245812
63,-3.25925,-0.392965,0.245812
89,-2.48103,0.91745,0.352663
84,-2.48103,0.91745,0.352663
89,-3.97117,0.477231,0.515123
61,-3.97117,0.477231,0.515123
89,-1.6745,-1.21721,0.580739
64,-1.6745,-1.21721,0.580739
89,-1.94882,-1.29233,0.839878
65,-1.94882,-1.29233,0.839878
89,-2.57136,-0.494798,0.850825
65,-2.57136,-0.494798,0.850825
90,-1.35534,-1.30162,0.203459
90,-1.37806,-1.28959,0.256006
90,-1.36636,-1.30986,0.197418
90,-1.38237,-1.28366,0.253245
90,-1.38707,-1.29496,0.246961
90,-1.40251,-1.30432,0.239026
90,-1.35292,-1.14394,0.147823
90,-1.37441,-1.15134,0.205132
90,-1.37398,-1.15629,0.200469
90,-1.40647,-1.27299,0.251769
90,-1.35635,-1.14954,0.146067
90,-1.37698,-1.15414,0.203823
90,-1.34948,-1.12806,0.121013
90,-1.32625,-0.849219,0.133274
90,-1.37995,-1.15617,0.142769
90,-1.28544,-0.822232,-0.0300964
90,-1.46,-1.16829,0.354477
90,-1.28564,-0.825008,-0.0368227
90,-1.38148,-0.846142,0.216406
90,-1.47502,-1.17449,0.357149
90,-1.3906,-0.850871,0.212541
90,-1.39455,-0.860909,0.211015
90,-1.3983,-0.866296,0.20929
90,-1.48793,-1.17523,0.355907
90,-1.40407,-0.852602,0.225762
90,-1.49505,-1.23822,0.344171
90,-1.40029,-0.859715,0.202314
90,-1.41826,-0.860447,0.254972
90,-1.40332,-0.861936,0.205303
90,-1.49122,-1.28703,0.304239
90,-1.58832,-1.18174,0.60072
90,-1.47135,-0.872903,0.366279
90,-1.5875,-1.18293,0.590969
90,-1.59809,-1.18255,0.595167
90,-1.42376,-0.862701,0.194666
90,-1.4828,-0.85735,0.361893
90,-1.50436,-0.886981,0.385245
90,-1.62431,-1.19655,0.620784
90,-1.44177,-0.857231,0.208313
90,-1.62776,-1.1966,0.622032
90,-1.50136,-0.864325,0.35328
90,-1.43595,-0.762221,0.192595
90,-1.63828,-1.20668,0.615469
90,-1.46002,-0.773791,0.235849
90,-1.46044,-0.846766,0.197565
90,-1.4649,-0.864516,0.194688
90,-1.46752,-0.775275,0.234439
90,-1.46806,-0.767168,0.233676
90,-1.45117,-0.769225,0.181317
90,-1.47345,-0.779698,0.230953
90,-1.73472,-1.20078,0.835219
90,-1.47347,-0.849225,0.189067
90,-1.66527,-1.18709,0.623778
90,-1.73586,-1.20269,0.825278
90,-1.45555,-0.763416,0.150564
90,-1.49467,-0.883122,0.207403
90,-1.46908,-0.812999,0.149134
90,-1.49602,-0.78477,0.223873
90,-1.63443,-0.867319,0.578974
90,-1.54802,-0.823978,0.33683
90,-1.55328,-0.835042,0.337503
90,-1.77887,-1.22532,0.856742
90,-1.78176,-1.22525,0.863744
90,-1.85963,-1.21799,1.08685
90,-1.43223,-0.661354,0.025609
90,-1.72803,-0.890424,0.812794
90,-1.77674,-1.22144,0.822157
90,-1.73702,-0.894448,0.812846
90,-1.44267,-0.666173,0.0225533
90,-1.44313,-0.661168,0.0155904
90,-1.57487,-0.835925,0.337095
90,-1.57786,-0.83575,0.34397
90,-1.78152,-1.19856,0.805451
90,-1.57002,-0.829793,0.314428
90,-1.51467,-0.828427,0.147912
90,-1.67138,-0.847746,0.598456
90,-1.74677,-0.876061,0.809761
90,-1.78712,-1.2068,0.802529
90,-1.75844,-0.906472,0.83146
90,-1.5845,-0.843457,0.331892
90,-1.66766,-0.842938,0.578658
90,-1.9005,-1.24022,1.11268
90,-1.77949,-0.897692,0.872429
90,-1.76932,-0.908254,0.832657
90,-1.78496,-0.900071,0.872136
90,-1.80261,-1.20871,0.804156
90,-1.58047,-0.813904,0.287105
90,-1.8919,-1.07791,1.10546
90,-1.55718,-0.82979,0.185645
90,-1.5598,-0.83102,0.183062
90,-1.58974,-0.811496,0.279047
90,-1.90671,-1.08009,1.10358
90,-1.60368,-0.813804,0.282598
90,-1.57677,-0.826344,0.176938
90,-1.88054,-0.907638,1.04044
90,-1.9096,-1.10092,1.0436
90,-1.88603,-0.913656,1.04229
90,-1.91695,-1.10196,1.0444
90,-1.6192,-0.81664,0.267501
90,-1.90512,-0.931307,1.05816
90,-1.92428,-1.0776,1.01159
90,-1.93211,-1.07704,1.03243
90,-1.93184,-1.07257,1.03245
90,-1.92477,-1.07344,1.01077
90,-1.94288,-1.07936,1.05983
90,-1.94626,-1.0525,1.04606
90,-1.94867,-1.0634,1.04865
90,-1.95215,-1.06362,1.05396
90,-1.896,-1.11481,0.866718
90,-1.94711,-1.0394,1.04621
90,-1.95095,-1.05864,1.04879
90,-1.89904,-1.1205,0.870132
90,-1.95969,-1.06026,1.07088
90,-1.9223,-1.08087,0.94547
90,-1.98811,-0.916712,1.1969
90,-1.96683,-1.06532,1.07018
90,-1.92552,-1.07779,0.941029
90,-1.92688,-1.08137,0.943651
90,-1.99654,-0.919098,1.19886
90,-1.97126,-1.03464,1.04867
90,-1.90236,-1.12518,0.799534
90,-1.94399,-1.24265,0.86963
90,-1.90866,-1.12259,0.79802
90,-1.95819,-1.0677,0.943276
90,-1.91942,-1.12921,0.79579
90,-2.02665,-0.885176,1.20545
90,-2.02132,-0.885957,1.1876
90,-1.9645,-1.06502,0.940496
90,-2.02764,-0.891188,1.19167
90,-1.9688,-1.06001,0.93773
90,-1.98871,-0.884692,1.06159
90,-2.04025,-0.89165,1.20868
90,-2.04326,-0.893596,1.20485
90,-2.04661,-0.887413,1.20535
90,-1.93758,-1.10777,0.796175
90,-2.05439,-0.880154,1.2252
90,-2.05827,-0.882204,1.22148
90,-2.05834,-0.89183,1.20665
90,-2.06211,-0.869426,1.19233
90,-1.97708,-1.05362,0.866718
90,-1.97093,-1.09017,0.790702
90,-1.90891,-1.10804,0.59901
90,-1.99838,-1.0599,0.874382
90,-1.91297,-1.09098,0.602332
90,-1.93532,-1.08557,0.666074
90,-1.9811,-1.09137,0.792064
90,-1.98199,-1.0898,0.793806
90,-1.98693,-1.09297,0.790585
90,-1.93152,-1.06312,0.59352
90,-1.92758,-1.03469,0.591616
90,-1.65448,0.375256,-0.640186
90,-2.57799,-0.342585,1.34395
90,-2.69717,-0.328138,1.26619
90,-2.70123,-0.331701,1.263
90,-2.71701,-0.319515,1.29238
90,-2.74308,-0.319604,1.29662
90,-2.83744,-0.319562,1.27687
90,-2.76744,0.825331,1.42035
90,-2.85943,-0.293691,1.2468
90,-2.75351,-0.497049,0.850192
90,-2.65004,0.128562,0.753924
90,-2.76093,0.856465,1.34958
90,-2.88745,-0.26451,1.23335
90,-2.79715,0.829937,1.37204
90,-2.82688,-0.160343,1.07874
90,-2.84846,-0.326518,1.03203
90,-2.81247,0.840195,1.35581
90,-2.85541,-0.3157,1.02262
90,-2.78524,-0.13826,0.867909
90,-2.81737,0.877442,1.34042
90,-2.79958,-0.136248,0.887112
90,-2.75971,-0.182124,0.740492
90,-2.84001,0.840989,1.36737
90,-2.86327,-0.128667,1.06431
90,-2.80973,-0.13854,0.869003
90,-2.77677,-0.114981,0.774515
90,-2.81615,-0.137689,0.880682
90,-2.88474,-0.18513,1.05477
90,-2.85674,0.858349,1.34484
90,-2.58292,-0.882062,-0.14222
90,-2.82046,0.63281,1.05896
90,-2.81909,-0.168893,0.742362
90,-2.92812,-0.18644,1.056
90,-2.78165,0.928967,0.995596
90,-2.77187,0.914587,0.960748
90,-2.75613,-0.786849,0.257723
90,-2.75251,-0.249817,0.412906
90,-2.88074,1.06858,1.28212
90,-2.75331,0.949919,0.852018
90,-2.7716,0.453804,0.712163
90,-2.69093,0.0762842,0.324559
90,-2.8002,0.925001,0.962051
90,-2.7986,0.932154,0.958702
90,-2.92129,0.25244,1.06144
90,-2.75851,0.955925,0.845384
90,-2.78405,0.457461,0.723101
90,-2.89235,1.1389,1.27623
90,-2.89485,0.541672,1.05097
90,-2.77436,0.965297,0.853571
90,-2.77631,0.971497,0.854676
90,-2.89982,0.528078,1.051
90,-2.89591,1.13283,1.26827
90,-2.75826,-0.318783,0.293724
90,-2.89568,0.662043,1.06132
90,-2.90214,1.09625,1.2452
90,-2.77165,0.472016,0.615565
90,-2.90407,1.11199,1.24992
90,-2.90941,1.09515,1.25013
90,-2.79319,0.967981,0.856302
90,-2.75512,-0.19727,0.297584
90,-2.74497,-0.0855028,0.297033
90,-2.7906,0.977866,0.828806
90,-2.76343,-0.101918,0.331402
90,-2.93026,1.08473,1.27737
90,-2.93335,1.08623,1.27935
90,-2.91596,0.674697,1.06199
90,-2.81355,1.04899,0.892653
90,-2.76357,-0.135387,0.290053
90,-2.82845,0.50829,0.720091
90,-2.74776,0.143379,0.328819
90,-2.75015,0.136118,0.3323
90,-2.83227,0.631696,0.760973
90,-2.83429,0.624788,0.762628
90,-2.77914,0.867865,0.688065
90,-2.81713,1.03434,0.863847
90,-2.78268,-0.258573,0.268143
90,-2.90059,0.542622,0.921804
90,-2.78482,-0.261983,0.271441
90,-2.8077,0.983387,0.8097
90,-2.78413,-0.205825,0.284409
90,-2.90826,0.549449,0.937346
90,-2.89875,0.543535,0.903758
90,-2.85085,0.637096,0.759422
90,-2.67294,-1.47606,-0.572166
90,-2.7959,-0.183382,0.277801
90,-2.80214,0.877837,0.697876
90,-2.80358,0.88586,0.701257
90,-2.96938,0.564416,1.06518
90,-2.80254,0.877984,0.683505
90,-2.68373,-1.47094,-0.579018
90,-2.86633,0.630397,0.758352
90,-2.77123,0.189569,0.302909
90,-2.81106,0.885476,0.684109
90,-2.82412,0.910031,0.722664
90,-2.82751,0.928768,0.72724
90,-2.70849,0.843801,0.339703
90,-2.86995,0.5307,0.697979
90,-2.85286,-0.12496,0.39625
90,-2.93838,0.557776,0.90423
90,-2.71375,0.829706,0.338887
90,-2.94783,0.559546,0.925181
90,-2.87252,0.532649,0.689959
90,-2.88755,0.542416,0.719884
90,-2.89573,0.543941,0.737989
90,-2.85945,-0.123511,0.367935
90,-2.79178,0.209585,0.279563
90,-2.77316,0.398372,0.290408
90,-2.86965,-0.388636,0.268629
90,-2.80242,0.219136,0.275112
90,-2.86963,0.638237,0.626005
90,-2.88419,-0.425379,0.247546
90,-2.79342,0.430493,0.278138
90,-2.8987,-0.452682,0.244699
90,-2.86061,-0.0672167,0.270459
90,-2.90157,-0.43006,0.242582
90,-2.83767,0.217283,0.282266
90,-2.83152,0.286682,0.286342
90,-2.91351,-0.402017,0.252793
90,-2.85554,0.983512,0.555095
90,-2.85984,0.284849,0.286504
90,-2.84308,0.541067,0.294631
90,-2.84179,0.55026,0.278432
90,-2.8439,0.576055,0.277275
90,-2.84889,0.586436,0.275845
90,-2.85328,0.575998,0.283402
90,-2.80391,1.0016,0.298048
90,-2.86219,0.554925,0.275203
90,-2.85693,1.0405,0.283941
90,-2.86173,1.05033,0.276608
90,-2.87727,1.07162,0.288629
90,-2.72383,1.2434,-0.596891
90,-2.79707,1.22785,-0.707372
90,-24.2774,-5.27804,-11.2022
90,-2.80322,1.03121,0.876402
89,-2.80322,1.03121,0.876402
90,-2.78145,0.496073,0.658243
89,-2.78145,0.496073,0.658243
90,-2.86449,-0.389932,0.295088
89,-2.86449,-0.389932,0.295088
90,-2.65879,-0.413315,0.316263
89,-2.65879,-0.413315,0.316263
90,-2.79315,0.492741,0.483657
89,-2.79315,0.492741,0.483657
90,-3.00741,-0.388025,0.257692
89,-3.00741,-0.388025,0.257692
90,-2.75664,-0.206965,1.05525
89,-2.75664,-0.206965,1.05525
90,-2.80164,0.982799,0.855947
89,-2.80164,0.982799,0.855947
90,-1.45121,-1.14867,0.341499
89,-1.45121,-1.14867,0.341499
90,-2.86327,0.228675,1.00698
89,-2.86327,0.228675,1.00698
90,-1.71919,-0.930941,-0.0494178
89,-1.71919,-0.930941,-0.0494178
90,-2.04685,-1.1723,0.872824
89,-2.04685,-1.1723,0.872824
90,-2.63769,0.446638,1.04251
88,-2.63769,0.446638,1.04251
90,-2.69576,0.463602,1.04495
88,-2.69576,0.463602,1.04495
90,-2.80419,-0.244844,0.955222
88,-2.80419,-0.244844,0.955222
90,-2.75512,-0.280615,0.953401
88,-2.75512,-0.280615,0.953401
90,-2.65021,-0.426958,0.959041
88,-2.65021,-0.426958,0.959041
90,-2.90265,1.08694,0.864809
88,-2.90265,1.08694,0.864809
90,-2.73553,-0.626258,0.272544
88,-2.73553,-0.626258,0.272544
90,-2.93641,1.09755,0.839374
88,-2.93641,1.09755,0.839374
90,-2.70204,-0.423581,0.95737
88,-2.70204,-0.423581,0.95737
90,-2.79571,-0.252782,0.89078
87,-2.79571,-0.252782,0.89078
90,-2.91723,-0.413527,0.809123
87,-2.91723,-0.413527,0.809123
90,-2.56552,0.46361,0.373503
87,-2.56552,0.46361,0.373503
90,-2.8713,0.53296,0.679811
63,-2.8713,0.53296,0.679811
90,-4.1104,0.584904,0.827875
63,-4.1104,0.584904,0.827875
90,-4.03079,0.556312,0.505499
63,-4.03079,0.556312,0.505499
90,-3.17645,-0.383784,0.243469
63,-3.17645,-0.383784,0.243469
90,-1.89555,-1.12747,0.87344
63,-1.89555,-1.12747,0.87344
90,-2.7865,-0.178068,0.81364
62,-2.7865,-0.178068,0.81364
90,-4.84182,0.715697,0.587618
84,-4.84182,0.715697,0.587618
91,-0.616063,-0.778751,0.956963
91,-0.796273,-0.362375,0.92512
91,-0.793754,-0.364299,0.913279
91,-0.79393,-0.362973,0.911631
91,-0.793516,-0.364544,0.904707
91,-0.794109,-0.362841,0.903447
91,-1.43277,0.0828596,0.908705
91,-1.18955,-1.1336,0.0442979
91,-1.4592,0.13774,0.899269
91,-1.31691,-1.1357,0.318473
91,-1.44177,-0.858127,0.690803
91,-1.3239,-1.12655,0.314706
91,-1.23179,-1.15942,0.0331724
91,-1.32698,-1.13273,0.312382
91,-1.30188,-1.1265,0.209516
91,-1.32481,-1.12807,0.217742
91,-1.47579,-0.86089,0.679706
91,-1.33253,-1.13803,0.217623
91,-1.32764,-1.1357,0.198877
91,-1.3361,-1.13392,0.222951
91,-1.33674,-1.13858,0.224093
91,-1.34907,-1.13802,0.251389
91,-1.34909,-1.14365,0.248302
91,-1.3382,-1.14553,0.210491
91,-1.33946,-1.14559,0.213497
91,-1.31002,-1.2597,0.118934
91,-1.33948,-1.20566,0.20842
91,-1.31224,-1.25671,0.117377
91,-1.27427,-0.815779,0.0198475
91,-1.40155,-1.15954,0.387569
91,-1.27404,-0.812531,0.0168273
91,-1.41076,-1.14941,0.410024
91,-1.35554,-1.13964,0.238387
91,-1.34974,-1.19828,0.218524
91,-1.41158,-1.14206,0.406184
91,-1.27763,-0.819492,0.0140568
91,-1.31669,-1.2611,0.113414
91,-1.35948,-1.14835,0.243137
91,-1.28152,-0.820568,0.00941384
91,-1.36138,-1.14396,0.233922
91,-1.41217,-1.16424,0.384267
91,-1.34591,-1.1961,0.18254
91,-1.364,-1.2057,0.235451
91,-1.42331,-1.16304,0.404671
91,-1.36324,-0.802009,0.235566
91,-1.36403,-0.797247,0.235086
91,-1.35621,-1.13412,0.196082
91,-1.37196,-0.80216,0.25241
91,-1.37358,-1.22923,0.237947
91,-1.37009,-1.22316,0.224806
91,-1.35303,-1.20895,0.172641
91,-1.37283,-1.20914,0.229083
91,-1.37469,-0.797528,0.250863
91,-1.29644,-0.827863,0.00526845
91,-1.36289,-1.24672,0.171985
91,-1.38244,-0.805404,0.24567
91,-1.3807,-1.22272,0.22322
91,-1.39578,-1.2268,0.2671
91,-1.30075,-0.835198,-0.00400317
91,-1.3621,-1.2518,0.161636
91,-1.38683,-0.800962,0.24472
91,-1.30351,-0.834859,-0.00780642
91,-1.30607,-0.834983,-0.00494576
91,-1.37377,-1.23876,0.182262
91,-1.40326,-1.22565,0.268738
91,-1.40669,-0.803367,0.293623
91,-1.40669,-1.2289,0.274801
91,-1.38929,-1.23497,0.219479
91,-1.40541,-1.22616,0.264179
91,-1.44132,-0.826208,0.387647
91,-1.37231,-1.25132,0.159153
91,-1.40905,-0.818405,0.286118
91,-1.3493,-0.668828,0.107551
91,-1.61352,-0.878398,0.894184
91,-1.39535,-0.818653,0.239452
91,-1.45143,-0.825138,0.404757
91,-1.44798,-0.828869,0.38401
91,-1.44856,-0.818642,0.384459
91,-1.61338,-0.86891,0.876802
91,-1.39767,-1.32856,0.200125
91,-1.6238,-0.886269,0.896758
91,-1.36085,-1.22035,0.0884207
91,-1.36988,-0.846455,0.128014
91,-1.46399,-0.84652,0.4107
91,-1.41989,-1.31744,0.256871
91,-1.40462,-1.31091,0.20817
91,-1.40418,-1.31855,0.201683
91,-1.46289,-0.815915,0.39617
91,-1.42469,-1.30204,0.257669
91,-1.54261,-1.17816,0.617501
91,-1.54312,-1.18132,0.615898
91,-1.54285,-1.18193,0.612117
91,-1.54307,-1.18175,0.610348
91,-1.54612,-1.17195,0.613815
91,-1.47744,-0.85023,0.419497
91,-1.40796,-1.32343,0.190343
91,-1.5416,-0.864159,0.609864
91,-1.63551,-0.878434,0.890681
91,-1.5464,-1.18073,0.609475
91,-1.37625,-0.858517,0.104607
91,-1.41456,-1.32991,0.197822
91,-1.41669,-1.32022,0.202183
91,-1.38676,-0.851167,0.120539
91,-1.41854,-1.32259,0.196598
91,-1.48287,-0.850585,0.405009
91,-1.48827,-0.871874,0.412605
91,-1.48564,-0.816241,0.380408
91,-1.39413,-0.861855,0.0913473
91,-1.46607,-0.802685,0.263077
91,-1.57918,-0.854166,0.600326
91,-1.68202,-1.18914,0.877839
91,-1.50136,-0.820307,0.347512
91,-1.5866,-0.8638,0.600157
91,-1.45528,-0.866582,0.202928
91,-1.58895,-0.861541,0.597773
91,-1.74975,-1.19457,1.06439
91,-1.75406,-1.17668,1.07663
91,-1.75102,-1.19707,1.06442
91,-1.67931,-1.20431,0.837027
91,-1.67961,-1.18394,0.836159
91,-1.45784,-0.872094,0.174886
91,-1.69864,-1.20046,0.880695
91,-1.68897,-1.19026,0.851253
91,-1.76124,-1.20018,1.06715
91,-1.47853,-0.866818,0.210845
91,-1.46965,-0.872392,0.174923
91,-1.6863,-1.24522,0.810743
91,-1.52849,-0.821288,0.335429
91,-1.53332,-0.809949,0.350284
91,-1.53525,-0.817118,0.346633
91,-1.5309,-0.810702,0.311434
91,-1.70464,-1.25064,0.813721
91,-1.53939,-0.822851,0.332167
91,-1.71089,-0.878352,0.828652
91,-1.53697,-0.809413,0.307672
91,-1.55772,-0.888369,0.365754
91,-1.7109,-1.25198,0.811254
91,-1.54125,-0.795501,0.31238
91,-1.51581,-0.874919,0.231983
91,-1.54009,-0.816292,0.303851
91,-1.54176,-0.808987,0.307069
91,-1.45144,-0.747744,0.0362655
91,-1.54467,-0.809012,0.313765
91,-1.52118,-0.87646,0.228228
91,-1.84077,-1.23271,1.16683
91,-1.84256,-1.23537,1.16765
91,-1.45916,-0.73882,0.0309832
91,-1.80499,-1.0963,1.05737
91,-1.66887,-0.901839,0.622853
91,-1.8307,-1.09025,1.0554
91,-1.75351,-1.09501,0.818085
91,-1.67652,-0.882134,0.586448
91,-1.78032,-1.09589,0.885378
91,-1.83032,-0.896722,1.04355
91,-1.68943,-0.901824,0.618024
91,-1.84189,-1.07966,1.05569
91,-1.83115,-1.06312,1.01748
91,-1.84408,-1.09336,1.05327
91,-1.84109,-0.897239,1.04647
91,-1.69938,-0.906042,0.615695
91,-1.84848,-1.09631,1.05479
91,-1.84313,-0.900247,1.04479
91,-1.84754,-1.09059,1.04979
91,-1.70113,-0.906862,0.615285
91,-1.8412,-1.06816,1.02828
91,-1.84641,-0.897813,1.04657
91,-1.85259,-1.08762,1.05347
91,-1.85321,-1.08493,1.05063
91,-1.84944,-0.894349,1.04663
91,-1.85514,-1.07679,1.05355
91,-1.77551,-0.879847,0.816939
91,-1.80831,-1.10591,0.882939
91,-1.86515,-0.896752,1.05558
91,-1.8717,-1.1112,1.05688
91,-1.71249,-0.901306,0.579656
91,-1.82186,-1.11309,0.8871
91,-1.52667,-1.3269,-0.011628
91,-1.83375,-1.10804,0.877798
91,-1.8954,-1.0699,1.06032
91,-1.83685,-0.919469,0.8243
91,-1.78476,0.368459,0.712055
91,-1.84452,-0.925978,0.825365
91,-1.92938,-1.07396,1.04388
91,-1.86401,-0.922351,0.830871
91,-1.92568,-1.08085,0.955841
91,-1.92509,-1.08127,0.947875
91,-1.83515,-1.07557,0.613131
91,-1.84627,-1.07096,0.616511
91,-1.917,-0.875478,0.835312
91,-1.9845,-1.08555,1.01791
91,-2.05997,-0.894014,1.23635
91,-2.05398,-0.894083,1.21768
91,-2.00293,-1.0622,1.05305
91,-2.00509,-1.06645,1.05696
91,-2.06264,-0.86964,1.23672
91,-1.97112,-1.08863,0.947961
91,-2.05646,-0.864903,1.21349
91,-2.01481,-1.05588,1.0572
91,-2.0815,-0.895021,1.23987
91,-2.0245,-1.07724,1.03542
91,-2.09718,-0.872617,1.23682
91,-1.97739,-0.868928,0.829712
91,-1.99807,-1.26503,0.867223
91,-2.00806,-1.27419,0.866093
91,-2.0508,-1.07782,0.945077
91,-2.08411,-1.0865,0.933874
91,-2.22668,-1.27751,1.31424
91,-2.23465,-1.29474,1.31527
91,-2.00584,-1.08762,0.5767
91,-2.10251,-1.10334,0.859743
91,-2.11953,-1.10541,0.860593
91,-2.27386,-1.32233,1.05797
91,-2.27909,-1.33596,1.05911
91,-2.29964,-1.33754,1.05847
91,-2.54358,1.08735,1.2968
91,-2.08795,-2.2847,-0.47312
91,-2.34809,-0.809728,0.329458
91,-2.66692,1.10413,1.31244
91,-2.66939,1.07885,1.31264
91,-2.59817,0.95405,0.916982
91,-2.49683,-0.780594,0.358769
91,-2.49184,-0.349337,0.35936
91,-2.5018,-0.773286,0.330023
91,-2.50096,0.819429,0.379233
91,-2.64506,0.987284,0.661477
91,-2.56508,0.87058,0.358796
91,-2.5759,0.884571,0.360167
91,-2.62485,-0.230198,0.334348
91,-2.62422,-0.318384,0.32453
91,-2.775,0.479165,0.694502
91,-2.65967,0.383384,0.317625
91,-2.8243,-0.337343,0.715507
91,-2.71748,-0.254294,0.397278
91,-2.68455,0.375089,0.318347
91,-2.68145,0.401435,0.308895
91,-2.69587,0.343144,0.330641
91,-2.80303,0.483841,0.631424
91,-2.7221,-0.228204,0.311794
91,-2.81743,0.489372,0.605774
91,-2.8694,0.524545,0.683653
91,-2.7766,-0.264705,0.279041
91,-2.54288,-1.28624,-0.562155
91,-2.54863,-1.32066,-0.549543
91,-2.81266,-0.303913,0.2826
91,-2.55195,-1.33354,-0.561217
91,-2.82672,0.49425,0.336346
91,-2.55705,-1.33378,-0.549713
91,-2.55417,-1.2911,-0.575459
91,-2.56275,-1.33859,-0.56385
91,-2.82827,0.555862,0.308566
91,-2.84183,-0.217835,0.267191
91,-2.84229,0.498319,0.276883
91,-2.88463,-2.69793,0.155563
91,-2.91205,-0.13985,0.248614
91,-2.72823,-1.50056,-0.602801
91,-2.86191,1.27611,-0.165274
91,-2.8819,1.31201,-0.155266
91,-3.03998,0.64315,0.235656
91,-3.06817,-0.177879,0.215491
91,-3.0621,0.674797,0.22282
91,-3.13434,-0.364248,0.199056
91,-3.13574,-0.409631,0.182232
91,-3.13749,-0.400958,0.181751
91,-3.20072,-0.400279,0.181855
91,-3.24824,0.410733,0.190742
91,-3.24716,-2.7097,-0.637613
91,-3.31405,-2.74924,-0.67905
91,-3.41747,-2.81743,-0.731942
91,-3.30589,1.613,-1.01819
91,-3.54239,-2.79569,-0.665327
91,-3.58771,-2.84378,-0.673766
91,-3.60362,-2.80255,-0.694523
91,-3.42339,1.67525,-1.11199
91,-3.68009,-2.84208,-0.721523
91,-4.1406,-2.26912,-1.17765
91,-5.40826,-3.55081,-1.49665
91,-5.9053,-3.00498,-2.34255
91,-1.68981,-0.899443,0.584606
90,-1.68981,-0.899443,0.584606
91,-1.5945,-0.868266,0.649795
90,-1.5945,-0.868266,0.649795
91,-2.85536,-0.248424,0.252404
90,-2.85536,-0.248424,0.252404
91,-2.67098,-0.488708,0.896747
90,-2.67098,-0.488708,0.896747
91,-2.8385,1.05884,0.887891
90,-2.8385,1.05884,0.887891
91,-2.98382,-0.407585,0.216282
89,-2.98382,-0.407585,0.216282
91,-2.81785,0.498959,0.404772
89,-2.81785,0.498959,0.404772
91,-2.4804,-0.997404,0.779244
89,-2.4804,-0.997404,0.779244
91,-2.61001,0.928136,0.761904
89,-2.61001,0.928136,0.761904
91,-2.08953,0.617367,0.857588
89,-2.08953,0.617367,0.857588
91,-2.94327,1.12291,0.726528
89,-2.94327,1.12291,0.726528
91,-2.74897,-0.416749,0.283367
88,-2.74897,-0.416749,0.283367
91,-2.84496,0.225352,0.28142
63,-2.84496,0.225352,0.28142
91,-2.7162,-0.350291,0.801446
63,-2.7162,-0.350291,0.801446
91,-2.73842,0.914434,0.825458
63,-2.73842,0.914434,0.825458
91,-2.23156,-2.23539,-0.131384
64,-2.23156,-2.23539,-0.131384
91,-2.23512,-2.2479,-0.136598
64,-2.23512,-2.2479,-0.136598
91,-2.71401,-2.53237,-0.263595
64,-2.71401,-2.53237,-0.263595
91,-2.71401,-2.53237,-0.263594
64,-2.71401,-2.53237,-0.263594
91,-1.6337,-0.858313,0.634015
65,-1.6337,-0.858313,0.634015
91,-1.64124,-0.861156,0.633131
65,-1.64124,-0.861156,0.633131
91,-1.75921,-0.847214,0.847727
65,-1.75921,-0.847214,0.847727
91,-2.61195,-2.50749,-0.339877
65,-2.61195,-2.50749,-0.339877
92,-0.714939,-1.02925,0.602151
92,-1.16226,-1.16411,0.216912
92,-1.19399,-1.17303,0.191381
92,-1.18232,-1.15573,0.0846416
92,-1.36476,-0.865203,0.458635
92,-1.27939,-0.84431,0.162494
92,-1.37687,-0.868724,0.448532
92,-1.38675,-0.867687,0.445794
92,-1.21808,-1.16663,0.0651591
92,-1.40041,-0.867569,0.402961
92,-1.2356,-1.16226,0.0595942
92,-1.31551,-1.17576,0.281754
92,-1.38264,-0.87265,0.317153
92,-1.34788,-0.739899,0.116548
92,-1.32379,-1.19029,0.271313
92,-1.34461,-0.860796,0.166138
92,-1.30463,-1.27364,0.250741
92,-1.30603,-1.27269,0.250787
92,-1.33824,-1.26976,0.314647
92,-1.30401,-1.19343,0.17263
92,-1.403,-0.869894,0.303249
92,-1.31056,-1.27498,0.229733
92,-1.40453,-0.86989,0.3017
92,-1.35486,-1.19918,0.30935
92,-1.33037,-1.26693,0.264906
92,-1.31523,-1.27801,0.22516
92,-1.32506,-1.19628,0.21076
92,-1.32443,-1.28325,0.249925
92,-1.33783,-1.26859,0.278873
92,-1.3519,-1.27161,0.307473
92,-1.33426,-1.28105,0.256838
92,-1.37691,-0.738421,0.0965344
92,-1.34353,-1.26753,0.25988
92,-1.40457,-0.868571,0.232028
92,-1.34931,-1.27584,0.271252
92,-1.33919,-1.20144,0.203327
92,-1.40777,-0.869036,0.239755
92,-1.3299,-1.29339,0.218887
92,-1.32212,-1.2971,0.19282
92,-1.36335,-1.27169,0.302353
92,-1.32928,-1.28676,0.204392
92,-1.34685,-1.2101,0.215014
92,-1.35647,-1.27501,0.269705
92,-1.35101,-1.28415,0.254189
92,-1.33027,-1.29119,0.191632
92,-1.33216,-1.30277,0.185364
92,-1.39568,-0.784606,0.0794237
92,-1.42598,-0.661433,0.0791364
92,-1.40401,-0.78541,0.0732646
92,-1.41082,-1.21392,0.29913
92,-1.41128,-0.784321,0.0754277
92,-1.43041,-0.669611,0.0675275
92,-1.41372,-0.788893,0.064922
92,-1.36123,-1.26323,0.128596
92,-1.46074,-1.16474,0.36962
92,-1.46691,-1.16039,0.357848
92,-1.41401,-1.15703,0.19822
92,-1.41602,-1.24101,0.220075
92,-1.41399,-1.15745,0.168003
92,-1.476,-1.16017,0.353801
92,-1.43978,-1.23798,0.265348
92,-1.42379,-1.24832,0.217519
92,-1.44057,-1.24253,0.262241
92,-1.44107,-1.27434,0.273001
92,-1.44434,-1.2764,0.271172
92,-1.44825,-1.24389,0.260478
92,-1.4485,-1.24617,0.260952
92,-1.49665,-1.1646,0.347072
92,-1.43798,-1.25513,0.212487
92,-1.71244,-0.909328,0.847377
92,-1.45651,-1.27743,0.26299
92,-1.46109,-1.25451,0.258785
92,-1.49667,-1.2236,0.342542
92,-1.59471,-1.18822,0.594249
92,-1.5093,-1.18533,0.336976
92,-1.59902,-1.18157,0.600982
92,-1.50689,-1.23899,0.333923
92,-1.50778,-1.24074,0.333387
92,-1.72161,-0.90001,0.783665
92,-1.52394,-1.2383,0.350588
92,-1.53218,-1.16964,0.332731
92,-1.52011,-1.24058,0.330802
92,-1.52681,-1.24134,0.349122
92,-1.70052,-1.19628,0.834565
92,-1.60094,-0.847708,0.35998
92,-1.53432,-1.23268,0.348468
92,-1.69147,-0.881387,0.636673
92,-1.63399,-1.20001,0.625583
92,-1.50546,-1.18766,0.226521
92,-1.53899,-1.23955,0.340099
92,-1.54758,-1.2472,0.341683
92,-1.73555,-1.20309,0.874942
92,-1.54699,-1.25277,0.335637
92,-1.72896,-1.1889,0.840168
92,-1.651,-1.20765,0.617291
92,-1.64819,-1.19092,0.587012
92,-1.65578,-1.20591,0.617129
92,-1.73531,-1.20719,0.849043
92,-1.76401,-0.900743,0.779783
92,-1.65935,-1.20222,0.618654
92,-1.74564,-1.20395,0.872801
92,-1.73999,-1.22389,0.834061
92,-1.74195,-1.20767,0.830641
92,-1.82027,-1.19612,1.05518
92,-1.80073,-0.880777,0.811577
92,-1.73744,-0.877052,0.618916
92,-1.82966,-1.19907,1.05554
92,-1.79019,-0.879472,0.774291
92,-1.56549,-1.29225,0.308645
92,-1.7572,-1.21891,0.836543
92,-1.56716,-1.29197,0.307089
92,-1.86625,-1.21601,1.11458
92,-1.58445,-1.30498,0.298406
92,-1.85858,-1.22252,1.06525
92,-1.58981,-1.30626,0.304414
92,-1.87895,-1.22616,1.11782
92,-1.85794,-1.0525,0.965636
92,-1.88236,-1.05257,1.02852
92,-1.8805,-1.22541,1.07931
92,-1.89171,-1.23188,1.07961
92,-1.88775,-0.901782,0.877179
92,-1.88694,-1.05181,0.947233
92,-1.80623,-1.27121,0.809398
92,-1.91382,-1.07295,1.02532
92,-1.81186,-1.27216,0.812012
92,-1.87176,-1.06029,0.87309
92,-1.95438,-1.10931,1.05221
92,-2.0726,-0.936539,1.28866
92,-1.93408,-1.08397,0.947591
92,-1.94169,-1.08227,0.950714
92,-2.03625,-0.921102,1.12899
92,-2.09988,-0.945943,1.29007
92,-1.90817,-1.07596,0.602195
92,-1.96586,-1.12064,0.58701
92,-2.39509,0.10057,0.998735
92,-2.45629,0.0987255,1.0623
92,-2.45335,-0.573073,1.05147
92,-2.52701,0.112993,0.909468
92,-2.52685,0.113222,0.907842
92,-2.54042,0.11345,0.890618
92,-2.46074,-0.627566,1.00482
92,-2.55645,0.11971,0.911965
92,-2.55583,0.122365,0.902252
92,-2.55923,-0.46368,1.05231
92,-2.16304,-2.62168,0.958675
92,-2.01111,-1.80544,0.0752861
92,-2.58241,-0.451842,1.08846
92,-2.57864,-0.458378,1.07778
92,-2.60478,-0.344971,1.08173
92,-2.63062,-0.164032,1.06567
92,-2.63873,-0.163896,1.07969
92,-2.63193,-0.340839,1.14016
92,-2.60825,-0.348768,1.07023
92,-2.02803,-1.81502,0.0686834
92,-2.74705,-0.3305,1.41834
92,-2.74066,-0.320446,1.3836
92,-2.66589,-0.164406,1.0653
92,-2.68789,-0.156606,1.07919
92,-2.66065,-0.418909,1.12679
92,-2.78606,-0.333385,1.38992
92,-2.80434,-0.316927,1.392
92,-2.71794,-0.198675,1.06601
92,-2.70206,-0.417065,1.11455
92,-2.80978,-0.347929,1.36836
92,-2.70153,-0.39992,1.01554
92,-2.64593,-0.495252,0.864752
92,-2.61009,0.239071,0.351229
92,-2.7374,-0.175395,0.928121
92,-2.71231,-0.419359,0.942327
92,-2.7422,-0.146998,0.88466
92,-2.72087,-0.417558,0.948636
92,-2.83383,-0.419576,1.27343
92,-2.73972,-0.414033,0.963337
92,-2.72914,-0.412754,0.91561
92,-2.65135,0.226151,0.338933
92,-2.74509,-0.412073,0.909388
92,-2.74863,-0.404553,0.915692
92,-2.79323,-0.191353,0.903591
92,-2.77825,-0.404893,0.961959
92,-2.69117,0.243062,0.320871
92,-2.38718,-2.90351,0.959808
92,-2.81555,-0.392899,0.964936
92,-2.75745,-0.398616,0.792738
92,-2.8019,-0.389499,0.913489
92,-2.77603,-0.40229,0.832827
92,-2.8105,-0.392081,0.90982
92,-2.73045,0.246505,0.33166
92,-2.78764,-0.391408,0.789033
92,-2.42967,-2.93307,0.963971
92,-2.25925,-1.99899,-0.0491954
92,-2.81359,-0.385851,0.785813
92,-2.81297,-0.391252,0.781892
92,-2.74236,-0.082989,0.291234
92,-2.85798,0.551982,0.289274
92,-2.7466,-0.202995,0.293486
92,-2.7779,-0.068168,0.291269
92,-2.97493,-0.352356,1.01741
92,-2.83,0.212295,0.280418
92,-2.76321,-0.257426,0.286144
92,-2.33108,-2.07981,-0.0852524
92,-2.76831,-0.265435,0.281747
92,-2.84607,0.21799,0.268092
92,-2.7905,-0.120921,0.272292
92,-2.74796,-0.438574,0.294435
92,-2.78049,-0.389658,0.326493
92,-2.76793,-0.399744,0.290775
92,-2.9158,0.500003,0.249618
92,-2.80427,-0.289958,0.301565
92,-2.82747,-0.108172,0.265254
92,-2.80127,-0.31207,0.288883
92,-2.92627,0.473543,0.25463
92,-2.78334,-0.455371,0.268671
92,-2.35362,-2.29721,-0.0907725
92,-2.79901,-0.433422,0.280553
92,-2.35908,-2.30749,-0.0939089
92,-2.82833,-0.29788,0.278959
92,-2.47419,-2.42536,0.274618
92,-2.42483,-2.87133,0.334493
92,-2.40337,-3.04176,0.330632
92,-2.88672,-0.114244,0.254931
92,-2.85974,-0.291475,0.262831
92,-2.45505,-2.84097,0.326409
92,-2.86774,-0.280411,0.251876
92,-2.4649,-2.80942,0.304211
92,-2.96163,0.198739,0.249909
92,-2.43864,-3.06476,0.333983
92,-2.44488,-3.05944,0.344133
92,-2.46884,-2.87015,0.318978
92,-2.90761,-0.131606,0.241697
92,-2.44456,-3.07276,0.316628
92,-2.57883,-2.83844,0.559433
92,-2.98127,0.153578,0.24214
92,-2.98969,0.191286,0.241613
92,-2.59714,-2.84565,0.59386
92,-2.58855,-2.84718,0.55909
92,-2.49743,-2.91967,0.312225
92,-2.49548,-2.9274,0.309686
92,-2.59919,-2.8531,0.562013
92,-2.44807,-2.23477,-0.246373
92,-2.62486,-2.85021,0.589609
92,-2.66639,-2.81802,0.688447
92,-2.46592,-3.25519,0.303147
92,-2.45771,-2.2255,-0.242142
92,-2.29674,-2.46315,-0.640939
92,-2.48038,-3.24401,0.299974
92,-2.45029,-2.39039,-0.248036
92,-2.31345,-2.44693,-0.639341
92,-2.48606,-2.23151,-0.256102
92,-2.47978,-2.2484,-0.287204
92,-2.4937,-2.22899,-0.260943
92,-2.71455,-2.83242,0.673029
92,-2.34149,-2.45771,-0.656171
92,-2.75263,-2.87208,0.683825
92,-2.70987,-2.8933,0.493872
92,-3.42417,0.35085,0.79736
92,-2.9892,-3.01173,0.161545
92,-6.71974,-2.80562,-2.85636
92,-2.17791,-1.32939,0.803071
91,-2.17791,-1.32939,0.803071
92,-2.42136,-0.752148,-0.626985
91,-2.42136,-0.752148,-0.626985
92,-1.97297,-0.859324,1.22551
91,-1.97297,-0.859324,1.22551
92,-1.86876,-1.08271,1.05548
91,-1.86876,-1.08271,1.05548
92,-0.982797,-0.379102,0.831277
91,-0.982797,-0.379102,0.831277
92,-1.37679,-1.3152,0.219487
91,-1.37679,-1.3152,0.219487
92,-2.93704,-0.38955,0.931334
91,-2.93704,-0.38955,0.931334
92,-1.86466,-1.11492,0.882351
90,-1.86466,-1.11492,0.882351
92,-2.71871,-0.408291,0.344545
90,-2.71871,-0.408291,0.344545
92,-2.75961,-0.41195,0.838545
90,-2.75961,-0.41195,0.838545
92,-2.78043,0.199504,0.65307
89,-2.78043,0.199504,0.65307
92,-2.76557,0.194205,0.653027
89,-2.76557,0.194205,0.653027
92,-3.01252,0.207386,0.834125
89,-3.01252,0.207386,0.834125
92,-2.8885,0.567023,0.292537
63,-2.8885,0.567023,0.292537
92,-2.60477,-2.85739,0.617609
63,-2.60477,-2.85739,0.617609
92,-2.66559,-2.88227,0.666028
63,-2.66559,-2.88227,0.666028
92,-1.94372,-1.22865,1.04742
65,-1.94372,-1.22865,1.04742
92,-3.61785,0.518542,0.357453
62,-3.61785,0.518542,0.357453
93,-1.13313,-1.30964,0.30401
93,-1.32132,-0.869036,0.170293
93,-1.30821,-0.862632,0.12119
93,-1.32903,-0.866731,0.16827
93,-1.20614,-1.32136,0.257188
93,-1.33854,-0.875093,0.171042
93,-1.37303,-0.741649,0.0796463
93,-1.37058,-0.777268,0.0869759
93,-1.38195,-0.748192,0.0791621
93,-1.24243,-1.1535,0.0267971
93,-1.24124,-1.16242,0.0252161
93,-1.43107,-0.66342,0.0586206
93,-1.47587,-0.855431,0.396885
93,-1.43391,-0.657063,0.0517187
93,-1.48164,-0.8562,0.404718
93,-1.33878,-1.20018,0.242482
93,-1.50993,-0.809132,0.325868
93,-1.29707,-1.3038,0.192854
93,-1.30289,-1.29377,0.197057
93,-1.35568,-1.19143,0.231935
93,-1.30985,-1.30202,0.211854
93,-1.3726,-1.16015,0.232337
93,-1.3854,-1.15006,0.22099
93,-1.4351,-1.19891,0.357211
93,-1.45042,-1.16971,0.359928
93,-1.38258,-1.23894,0.218249
93,-1.46111,-1.15781,0.355698
93,-1.44326,-1.19886,0.343331
93,-1.46044,-1.16576,0.354706
93,-1.45153,-1.21039,0.373621
93,-1.45795,-1.17532,0.351253
93,-1.44877,-1.20891,0.357201
93,-1.36922,-1.30357,0.216683
93,-1.45285,-1.21364,0.354721
93,-1.3822,-1.24356,0.173698
93,-1.44885,-1.21632,0.342539
93,-1.45713,-1.21618,0.348757
93,-1.67394,-0.867873,0.620366
93,-1.4217,-1.2353,0.256345
93,-1.44779,-1.17396,0.250211
93,-1.40852,-1.24493,0.203802
93,-1.48336,-1.20726,0.374683
93,-1.38894,-1.26176,0.150443
93,-1.74192,-0.906976,0.82582
93,-1.38906,-1.26143,0.147181
93,-1.3922,-1.25716,0.146294
93,-1.41521,-1.24949,0.204959
93,-1.39588,-1.25589,0.14772
93,-1.49846,-1.16191,0.344705
93,-1.48073,-1.23197,0.362811
93,-1.4387,-1.247,0.250423
93,-1.7543,-0.905803,0.824592
93,-1.47853,-1.23641,0.34389
93,-1.48607,-1.23542,0.351906
93,-1.76553,-0.880674,0.807925
93,-1.7606,-0.895706,0.807755
93,-1.48004,-1.16279,0.230801
93,-1.4932,-1.23513,0.34589
93,-1.47664,-1.17864,0.232152
93,-1.75936,-0.89797,0.773931
93,-1.48143,-1.16925,0.23152
93,-1.76067,-0.899873,0.771215
93,-1.80976,-0.88585,0.870365
93,-1.86431,-0.928137,1.0749
93,-1.86482,-0.931565,1.07494
93,-1.71339,-1.18927,0.889344
93,-1.49829,-1.16808,0.218733
93,-1.86815,-0.929763,1.06108
93,-1.50393,-1.17534,0.221444
93,-1.88959,-0.896533,1.04617
93,-1.73025,-1.19517,0.879194
93,-1.8941,-0.934478,1.07188
93,-1.72292,-1.20809,0.822915
93,-1.73219,-1.1975,0.83799
93,-1.73069,-1.20738,0.827949
93,-1.73736,-1.22581,0.859727
93,-1.73906,-1.19377,0.824111
93,-1.73774,-1.21379,0.83684
93,-1.73959,-1.22583,0.855243
93,-1.73339,-1.2256,0.823304
93,-1.79599,-1.03597,0.802227
93,-1.74301,-1.23586,0.840711
93,-1.80206,-1.03354,0.800796
93,-1.81335,-1.03292,0.795159
93,-1.9661,-0.920758,1.12976
93,-1.85664,-1.21157,1.07647
93,-1.92475,-1.05675,1.10745
93,-1.86501,-1.22649,1.10979
93,-1.91628,-1.0822,1.10749
93,-1.86864,-1.23243,1.11359
93,-1.85972,-1.21787,1.07052
93,-1.9239,-1.06265,1.09285
93,-1.87865,-1.21973,1.12457
93,-1.88349,-1.22309,1.12775
93,-1.8687,-1.22592,1.07705
93,-1.9048,-1.10664,1.04665
93,-1.86852,-1.23187,1.07092
93,-1.91402,-1.07119,1.03345
93,-1.91409,-1.06777,1.02898
93,-1.8944,-1.05531,0.952532
93,-1.89318,-1.0469,0.93869
93,-1.876,-1.03621,0.87447
93,-1.90662,-1.12408,1.05279
93,-1.7209,-1.19783,0.571382
93,-1.94211,-1.03458,1.05356
93,-1.92222,-1.07537,1.03587
93,-1.90597,-1.22758,1.14975
93,-1.9071,-1.06685,0.957313
93,-2.05972,-0.942855,1.27691
93,-1.91987,-1.09587,1.01445
93,-1.92133,-1.09543,1.01665
93,-1.92187,-1.09504,1.01227
93,-1.89318,-1.06013,0.874284
93,-1.89048,-1.13404,0.881188
93,-1.93804,-1.08307,0.947809
93,-2.10502,-0.998492,1.31807
93,-1.92624,-1.12929,0.869916
93,-1.92474,-1.10978,0.595343
93,-1.98356,-1.13419,0.785757
93,-1.94275,-1.11313,0.583997
93,-1.95023,-1.10733,0.590278
93,-2.0701,-0.893022,-0.161406
93,-2.72218,-0.348056,0.794368
93,-2.74492,-0.341994,0.78836
93,-2.7485,-0.484931,0.813139
93,-2.91038,-0.287596,1.07813
93,-2.94733,-0.246166,1.07104
93,-2.94119,-0.270871,1.07091
93,-2.71222,-0.210052,0.310773
93,-2.71854,-0.231127,0.345842
93,-2.807,-0.329751,0.707878
93,-2.69102,-0.3344,0.342435
93,-2.68415,-0.329436,0.305583
93,-2.98559,-0.263512,1.13224
93,-2.96414,-0.273653,1.0736
93,-2.7297,-0.263523,0.359055
93,-2.96969,-0.265857,1.07331
93,-2.76284,-0.131468,0.278409
93,-2.70812,-0.31601,0.303497
93,-2.94629,-0.400597,1.10584
93,-2.96453,-0.383777,1.11507
93,-2.73271,-0.268552,0.298392
93,-3.00016,-0.260009,1.07196
93,-2.74877,-0.262032,0.281117
93,-2.75332,-0.307141,0.284533
93,-2.75125,-0.317249,0.284004
93,-2.78513,-0.216967,0.271733
93,-2.78866,-0.208082,0.271702
93,-2.78927,-0.249904,0.301685
93,-2.76147,-0.312509,0.277662
93,-2.79901,-0.207976,0.275346
93,-2.78562,-0.25746,0.273679
93,-2.26834,-2.72171,1.06628
93,-2.84077,-0.430671,0.282311
93,-2.84597,-0.415042,0.267864
93,-2.37418,-2.8027,1.38484
93,-2.87297,-0.387252,0.27809
93,-2.864,-0.433096,0.28513
93,-2.86773,-0.395979,0.249012
93,-2.38612,-2.80813,1.38513
93,-2.87328,-0.410063,0.263717
93,-2.31217,-2.75271,1.07128
93,-2.83587,-0.613911,0.25212
93,-2.42467,-2.76569,1.31998
93,-2.37457,-2.80054,0.944498
93,-2.46995,-2.79454,1.16968
93,-2.30991,-3.07009,0.913787
93,-2.32608,-3.04556,0.933361
93,-2.41433,-2.82994,0.94322
93,-2.43229,-2.83925,0.935807
93,-2.44666,-2.84862,0.940819
93,-2.46741,-2.83168,0.974583
93,-2.38117,-3.09324,0.977429
93,-2.47974,-2.82964,0.977488
93,-2.47028,-2.83997,0.950821
93,-2.49794,-2.83996,0.966688
93,-2.26289,-2.10553,-0.567564
93,-2.26569,-2.09921,-0.589198
93,-2.38829,-2.75305,0.420826
93,-2.30718,-2.03621,-0.599923
93,-2.39655,-2.74271,0.404726
93,-2.43136,-3.14868,0.926634
93,-2.38264,-2.73917,0.338456
93,-2.29365,-2.11639,-0.602427
93,-2.35974,-2.81887,0.341122
93,-2.32171,-2.04275,-0.60279
93,-2.46573,-2.76595,0.592331
93,-2.48161,-2.79222,0.661782
93,-2.41983,-2.75986,0.43045
93,-2.50091,-2.77427,0.687311
93,-2.48863,-2.78647,0.66131
93,-2.47408,-2.76287,0.573142
93,-2.47677,-2.76707,0.56796
93,-2.50054,-2.78757,0.656733
93,-2.51156,-2.80496,0.707204
93,-2.51551,-2.81259,0.702922
93,-2.52022,-2.80506,0.7028
93,-2.51367,-2.77663,0.646968
93,-2.33057,-2.12531,-0.604947
93,-2.49386,-2.77603,0.568998
93,-2.23294,-2.40667,-0.606846
93,-2.52892,-2.78105,0.675654
93,-2.36549,-3.53992,0.997001
93,-2.49844,-2.77288,0.572411
93,-2.23029,-2.41988,-0.608175
93,-2.39764,-2.8265,0.322779
93,-2.40007,-2.82189,0.320746
93,-2.50261,-2.75102,0.545929
93,-2.43414,-2.72805,0.316455
93,-2.41176,-2.79723,0.322221
93,-2.53546,-2.82394,0.696099
93,-2.5619,-2.7595,0.697945
93,-2.4082,-2.83828,0.318882
93,-2.55664,-2.78726,0.700237
93,-2.5675,-2.75378,0.693264
93,-2.54336,-2.80425,0.673231
93,-2.26778,-2.37796,-0.607989
93,-2.56603,-2.77814,0.703432
93,-2.55118,-2.79168,0.670444
93,-2.55407,-2.78607,0.670399
93,-2.41805,-2.831,0.310715
93,-2.57617,-2.75044,0.697015
93,-2.26863,-2.40082,-0.61342
93,-2.53011,-2.7785,0.570495
93,-2.5634,-2.7986,0.688175
93,-2.56774,-2.79341,0.694388
93,-2.4235,-2.84557,0.313587
93,-2.53285,-2.77916,0.567503
93,-2.39485,-3.57138,0.999093
93,-2.42805,-2.83114,0.305832
93,-2.56517,-2.79217,0.671603
93,-2.57837,-2.7994,0.693175
93,-2.38101,-3.5874,0.934331
93,-2.41275,-3.57306,0.999178
93,-2.47796,-2.74393,0.298374
93,-2.3117,-3.26075,0.340913
93,-2.38113,-3.58054,0.882166
93,-2.3835,-3.56797,0.869187
93,-2.37624,-3.58061,0.856018
93,-2.54421,-2.13488,-0.193206
93,-2.49325,-2.7321,0.289262
93,-2.61388,-2.78287,0.692281
93,-2.32534,-3.28975,0.347766
93,-2.49907,-2.75302,0.283138
93,-2.51065,-2.74258,0.287149
93,-2.50698,-2.74832,0.282243
93,-2.51559,-3.35359,0.948593
93,-2.34621,-3.29527,0.329023
93,-2.56678,-2.17771,-0.208984
93,-2.57264,-2.16892,-0.203833
93,-2.34855,-3.29955,0.31641
93,-2.57613,-2.73658,0.263772
93,-2.5578,-2.22645,-0.343357
93,-2.54777,-2.41328,-0.200468
93,-2.58876,-2.27737,-0.224189
93,-2.59592,-1.88722,-0.635881
93,-2.58575,-2.76526,0.265565
93,-2.57141,-2.2424,-0.349002
93,-2.60433,-2.73062,0.257459
93,-2.60011,-2.75854,0.260356
93,-2.56289,-2.30695,-0.343602
93,-2.57071,-2.43195,-0.196866
93,-2.61385,-2.73854,0.256002
93,-2.59028,-2.22423,-0.366112
93,-2.59187,-3.40946,0.895365
93,-2.4665,-3.21412,0.302759
93,-2.44584,-3.28501,0.309278
93,-2.60567,-2.23177,-0.37865
93,-2.5997,-2.25285,-0.374619
93,-2.45883,-3.30408,0.303276
93,-2.58763,-2.45098,-0.223101
93,-2.61566,-1.99701,-0.630729
93,-2.63493,-2.00191,-0.597912
93,-2.49501,-3.25403,0.283257
93,-2.50379,-3.25187,0.300021
93,-2.4369,-3.48451,0.343889
93,-2.51149,-3.26066,0.28538
93,-2.64755,-2.06822,-0.586585
93,-2.54534,-3.19117,0.305299
93,-2.44849,-3.49237,0.33492
93,-2.3354,-3.80612,0.314083
93,-2.5022,-3.32612,0.294261
93,-2.5016,-3.3233,0.276041
93,-2.50344,-3.3445,0.280085
93,-2.50647,-3.3548,0.277551
93,-2.5283,-3.31678,0.287841
93,-2.76126,-3.29278,0.948572
93,-2.57302,-3.22317,0.288072
93,-2.52751,-3.34391,0.265329
93,-2.57613,-3.22758,0.274542
93,-2.47957,-3.55079,0.32438
93,-2.58857,-3.23678,0.264854
93,-2.51305,-3.70463,0.456463
93,-2.38245,-4.07074,0.304986
93,-2.45662,-4.17475,0.278068
93,-2.55749,-4.29259,0.245019
93,-2.55985,-4.30855,0.251586
93,-5.00986,-1.90496,-1.63706
93,-7.54777,-2.73786,-3.30401
93,-1.26909,-1.15888,0.00959977
92,-1.26909,-1.15888,0.00959977
93,-1.36184,-1.1853,-0.0581578
92,-1.36184,-1.1853,-0.0581578
93,-1.39041,-1.18105,0.243487
92,-1.39041,-1.18105,0.243487
93,-1.73381,-0.897723,0.878563
92,-1.73381,-0.897723,0.878563
93,-1.86282,-1.0678,1.0199
92,-1.86282,-1.0678,1.0199
93,-1.42882,-1.29796,0.255455
92,-1.42882,-1.29796,0.255455
93,-1.93155,-1.05618,0.697124
92,-1.93155,-1.05618,0.697124
93,-1.75113,-0.908974,0.845035
91,-1.75113,-0.908974,0.845035
93,-1.35169,-1.14233,0.171406
91,-1.35169,-1.14233,0.171406
93,-1.43238,-1.16769,0.395234
91,-1.43238,-1.16769,0.395234
93,-1.95942,-0.911996,1.04277
91,-1.95942,-0.911996,1.04277
93,-1.38028,-1.28046,0.271797
91,-1.38028,-1.28046,0.271797
93,-10.7213,-2.46711,-7.45257
90,-10.7213,-2.46711,-7.45257
93,-1.89193,-1.05305,0.710929
90,-1.89193,-1.05305,0.710929
93,-2.00371,-1.27149,1.08935
65,-2.00371,-1.27149,1.08935
93,-2.02759,-1.49826,-0.276033
65,-2.02759,-1.49826,-0.276033
93,-2.24607,-2.73768,-0.59306
65,-2.24607,-2.73768,-0.59306
93,-2.45747,-3.4476,0.318798
65,-2.45747,-3.4476,0.318798
93,-2.61881,-3.65298,0.288523
65,-2.61881,-3.65298,0.288523
93,-2.8041,-0.597708,0.331729
65,-2.8041,-0.597708,0.331729
93,-2.47183,-4.03625,0.318359
65,-2.47183,-4.03625,0.318359
93,-3.10621,-3.18703,0.678217
64,-3.10621,-3.18703,0.678217
93,-1.9595,-1.05396,1.07512
63,-1.9595,-1.05396,1.07512
93,-2.83107,-3.06825,0.332474
63,-2.83107,-3.06825,0.332474
93,-2.31232,-3.83387,0.887558
66,-2.31232,-3.83387,0.887558
93,-2.38106,-3.92113,0.989032
66,-2.38106,-3.92113,0.989032
93,-2.34108,-3.83669,0.327139
66,-2.34108,-3.83669,0.327139
93,-2.50904,-3.07821,0.951696
66,-2.50904,-3.07821,0.951696
93,-2.21722,-3.72986,0.886576
66,-2.21722,-3.72986,0.886576
93,-2.24987,-3.7642,0.850403
66,-2.24987,-3.7642,0.850403
93,-2.54315,-3.72767,0.996425
66,-2.54315,-3.72767,0.996425
93,-2.19712,-3.23167,0.946099
66,-2.19712,-3.23167,0.946099
93,-2.20815,-2.94765,0.921701
66,-2.20815,-2.94765,0.921701
94,-0.946824,-1.87301,0.961797
94,-1.49128,-0.796287,0.302242
94,-1.49521,-0.798591,0.307328
94,-1.50094,-0.809923,0.332297
94,-1.51277,-0.817432,0.374836
94,-1.49994,-0.798998,0.302001
94,-1.50999,-0.806975,0.331042
94,-1.52101,-0.859704,0.390977
94,-1.52716,-0.859275,0.384835
94,-1.53029,-0.859671,0.38809
94,-1.53012,-0.870155,0.385059
94,-1.52643,-0.88476,0.382339
94,-1.32623,-1.20039,0.147121
94,-1.33366,-1.19508,0.139014
94,-1.33513,-1.19459,0.0975036
94,-1.37228,-1.20755,0.216685
94,-1.46225,-1.16527,0.362912
94,-1.46933,-1.16248,0.362875
94,-1.41046,-1.21781,0.257193
94,-1.44795,-1.20028,0.343622
94,-1.47023,-1.16827,0.335015
94,-1.75258,-0.898502,0.796786
94,-1.48022,-1.16648,0.349542
94,-1.55593,-1.18223,0.60925
94,-1.37091,-1.2972,0.183255
94,-1.36392,-1.31918,0.160566
94,-1.41461,-1.2497,0.192422
94,-1.7866,-0.906649,0.836673
94,-1.78389,-0.91379,0.838027
94,-1.36641,-1.33183,0.16355
94,-1.48359,-1.23342,0.360493
94,-1.41351,-1.2579,0.159393
94,-1.48937,-1.22666,0.347272
94,-1.42904,-1.25267,0.194621
94,-1.4926,-1.21715,0.340325
94,-1.81827,-0.909628,0.882456
94,-1.48729,-1.22895,0.32631
94,-1.57715,-1.2336,0.602932
94,-1.50022,-1.2221,0.335831
94,-1.8704,-0.914789,1.03102
94,-1.46364,-1.2422,0.223428
94,-1.88353,-0.91258,1.03529
94,-1.89571,-0.92198,1.05753
94,-1.89988,-0.927122,1.07343
94,-1.90512,-0.93078,1.07735
94,-1.72764,-1.18807,0.895734
94,-1.91679,-0.911624,1.04204
94,-1.68808,-1.23009,0.818053
94,-1.93148,-0.93782,1.12478
94,-1.71265,-1.19927,0.835601
94,-1.93657,-0.933576,1.12336
94,-1.72676,-1.20355,0.879036
94,-1.7202,-1.19852,0.839149
94,-1.92017,-0.926021,1.04138
94,-1.72309,-1.20034,0.848833
94,-1.95062,-0.91835,1.11637
94,-1.70377,-1.23548,0.822885
94,-1.73465,-1.21222,0.871061
94,-1.72171,-1.21031,0.825842
94,-1.96778,-0.91544,1.11955
94,-1.96718,-0.928936,1.12379
94,-1.81191,-1.19436,1.03776
94,-1.74601,-1.23395,0.86148
94,-1.82334,-1.21236,1.07313
94,-1.81576,-1.21128,1.04178
94,-1.83405,-1.2037,1.08596
94,-1.90954,-1.04821,1.05197
94,-1.91683,-1.04071,1.04927
94,-1.91632,-1.0404,1.04681
94,-1.92509,-1.07404,1.11001
94,-1.92816,-1.07368,1.10857
94,-1.83971,-1.21401,1.04801
94,-1.8411,-1.23046,1.06191
94,-2.05557,-0.940446,1.28207
94,-2.05564,-0.944902,1.28213
94,-1.91335,-1.22964,1.26652
94,-1.85071,-1.22917,1.05933
94,-1.91535,-1.22901,1.26616
94,-1.91475,-1.23193,1.26597
94,-1.92458,-1.21857,1.26732
94,-1.86981,-1.23258,1.11115
94,-1.85139,-1.24306,1.06761
94,-1.87245,-1.23888,1.12804
94,-2.0681,-0.944749,1.28151
94,-1.87997,-1.22199,1.12236
94,-1.85274,-1.24404,1.069
94,-1.84837,-1.26203,1.08173
94,-1.92772,-1.07526,1.03436
94,-1.92117,-1.07839,1.01551
94,-1.8517,-1.24609,1.06206
94,-1.86183,-1.24985,1.0999
94,-1.85262,-1.24533,1.06186
94,-1.84747,-1.26375,1.07473
94,-1.86563,-1.24656,1.10449
94,-1.87459,-1.2332,1.09965
94,-1.85442,-1.26687,1.07583
94,-1.93001,-1.08044,1.01358
94,-1.86282,-1.26315,1.08795
94,-1.86437,-1.26541,1.09125
94,-2.07787,-0.981491,1.31208
94,-1.94901,-1.24235,1.29055
94,-1.86597,-1.27602,1.07532
94,-1.94191,-1.1091,1.04684
94,-1.88655,-1.25459,1.10299
94,-2.08043,-0.98733,1.28954
94,-2.08782,-0.987384,1.293
94,-1.8843,-1.266,1.08716
94,-2.09293,-0.985534,1.29046
94,-1.99715,-1.22315,1.36094
94,-2.00079,-1.22163,1.36079
94,-1.99603,-1.2333,1.36024
94,-1.99468,-1.23735,1.36091
94,-1.94469,-1.06696,0.923427
94,-1.9254,-1.07789,0.876753
94,-1.9966,-1.23556,1.36122
94,-1.9335,-1.06348,0.872687
94,-1.9874,-1.2275,1.30625
94,-1.91855,-1.11453,0.86814
94,-1.91788,-1.12683,0.87605
94,-1.92804,-1.11177,0.865257
94,-2.17127,-0.949748,1.38578
94,-1.9253,-1.1196,0.86464
94,-1.92011,-1.05607,0.71245
94,-1.90478,-1.05896,0.618484
94,-1.90713,-1.05972,0.622534
94,-1.88942,-1.1117,0.623872
94,-1.93482,-1.1033,0.703638
94,-1.9328,-1.10638,0.698091
94,-1.92088,-1.08402,0.61565
94,-1.91165,-1.09933,0.602648
94,-1.91119,-1.115,0.626279
94,-1.90844,-1.11381,0.612188
94,-1.93128,-1.07913,0.614688
94,-1.93249,-1.0815,0.604609
94,-1.93142,-1.0889,0.599602
94,-1.93311,-1.08712,0.589276
94,-1.9342,-1.08684,0.587517
94,-1.93256,-1.10013,0.59189
94,-1.93537,-1.09768,0.589366
94,-2.52346,-0.661357,0.346894
94,-2.55945,-0.644975,0.328402
94,-2.57649,-0.647997,0.352992
94,-2.60768,-0.640256,0.362541
94,-2.64699,-0.630081,0.371738
94,-2.48937,-0.889172,-0.104924
94,-2.4288,-0.871974,-0.385266
94,-2.51737,-0.886629,-0.109155
94,-2.46862,-0.858574,-0.368065
94,-2.47109,-0.870024,-0.366615
94,-2.47345,-0.874739,-0.365431
94,-2.49221,-0.862626,-0.38046
94,-2.49514,-0.867524,-0.371485
94,-2.49882,-0.871402,-0.377141
94,-2.5716,-0.888477,-0.139505
94,-2.7762,-0.888846,-0.304638
94,-2.78434,-0.865269,-0.332014
94,-2.82188,-0.857308,-0.348139
94,-2.46133,-2.76089,1.32558
94,-2.484,-2.77208,1.35707
94,-2.48418,-2.75559,1.32876
94,-2.48383,-2.77096,1.33013
94,-2.43747,-2.84244,1.29021
94,-2.49207,-2.75993,1.30553
94,-2.46406,-2.86318,1.35491
94,-2.46543,-2.86272,1.35623
94,-2.4515,-2.85738,1.27565
94,-2.40553,-2.33217,0.265481
94,-2.45885,-2.8631,1.29298
94,-2.48186,-2.7819,1.22764
94,-2.46948,-2.87119,1.31081
94,-2.50073,-2.78886,1.27106
94,-2.53117,-2.78422,1.30937
94,-2.54185,-2.80902,1.37445
94,-2.32116,-2.04217,-0.597392
94,-2.50993,-2.80245,1.2305
94,-2.43136,-2.39942,0.280241
94,-2.42194,-2.80356,0.882061
94,-2.43811,-2.41953,0.292747
94,-2.5444,-2.80331,1.25395
94,-2.44608,-2.40328,0.286627
94,-2.57524,-2.81218,1.35478
94,-2.54081,-2.82205,1.24474
94,-2.32238,-2.12269,-0.596487
94,-2.49125,-2.0596,-0.155409
94,-2.48518,-2.06841,-0.161436
94,-2.39445,-1.98706,-0.588829
94,-2.40235,-1.97981,-0.581693
94,-2.54544,-2.82502,1.24036
94,-2.32301,-2.12942,-0.606117
94,-2.49645,-2.05972,-0.160544
94,-2.46111,-2.41203,0.293875
94,-2.32782,-2.12611,-0.601389
94,-2.5029,-2.04554,-0.167345
94,-2.3421,-2.1083,-0.594198
94,-2.35693,-2.06012,-0.624653
94,-2.50084,-2.06118,-0.165202
94,-2.46179,-2.41079,0.268099
94,-2.46759,-2.41468,0.279265
94,-2.56943,-2.8163,1.25108
94,-2.51683,-2.05396,-0.169093
94,-2.37356,-3.24717,1.29571
94,-2.35041,-2.11785,-0.616637
94,-2.52429,-2.05305,-0.165535
94,-2.23518,-2.38292,-0.57161
94,-2.47902,-2.80518,0.870087
94,-2.54579,-2.04094,-0.179995
94,-2.54091,-2.04904,-0.183341
94,-2.61789,-2.83991,1.34339
94,-2.49973,-2.14287,-0.172044
94,-2.54609,-2.04573,-0.182989
94,-2.22592,-2.43762,-0.611453
94,-2.47888,-1.93469,-0.615349
94,-2.48759,-1.92722,-0.610881
94,-2.51116,-2.16142,-0.180817
94,-2.4757,-2.27182,-0.117238
94,-2.47024,-2.74723,0.633035
94,-2.52307,-2.17429,-0.146223
94,-2.20797,-3.58756,1.10964
94,-2.38547,-2.35533,-0.313236
94,-2.38735,-2.35743,-0.304379
94,-2.50614,-1.93363,-0.620325
94,-2.2514,-2.46137,-0.588519
94,-2.46886,-2.76135,0.593953
94,-2.36795,-2.35392,-0.392861
94,-2.25637,-2.44877,-0.601297
94,-2.48288,-2.77778,0.659287
94,-2.25557,-2.46408,-0.587151
94,-2.36699,-2.35737,-0.41161
94,-2.44152,-2.37356,-0.147436
94,-2.49865,-1.99814,-0.575013
94,-2.39823,-2.36637,-0.304359
94,-2.60206,-2.77812,1.01083
94,-2.57678,-2.7769,0.917195
94,-2.56741,-1.85851,-0.614468
94,-2.49863,-2.78389,0.660298
94,-2.35363,-3.24409,0.93212
94,-2.48168,-2.77433,0.582705
94,-2.42243,-2.38032,-0.251157
94,-2.54367,-2.83107,0.868594
94,-2.38525,-3.27424,1.0705
94,-2.47782,-2.74815,0.517027
94,-2.40679,-2.77712,0.334243
94,-2.57344,-1.86126,-0.616791
94,-2.39365,-3.26875,1.08075
94,-2.48527,-2.77632,0.569228
94,-2.52135,-2.23694,-0.189624
94,-2.3937,-3.26903,1.06592
94,-2.63146,-2.79601,1.06044
94,-2.47256,-3.1184,1.06711
94,-2.38622,-3.27092,1.02967
94,-2.62244,-2.78301,0.998555
94,-2.62062,-2.78131,0.986057
94,-2.61521,-2.77676,0.961045
94,-2.61024,-2.79717,0.97236
94,-2.49266,-2.26995,-0.261351
94,-2.50768,-2.04732,-0.573628
94,-2.54124,-2.25392,-0.15189
94,-2.64148,-2.80478,1.06247
94,-2.53219,-2.2805,-0.140815
94,-2.37918,-2.3384,-0.542168
94,-2.37701,-2.35103,-0.534067
94,-2.38012,-2.34587,-0.534487
94,-2.50491,-2.7906,0.587443
94,-2.6178,-2.80013,0.962386
94,-2.55029,-2.13019,-0.342023
94,-2.62194,-2.80345,0.977455
94,-2.5341,-2.25751,-0.192221
94,-2.45767,-2.79044,0.41309
94,-2.54501,-2.00048,-0.589469
94,-2.52461,-2.05134,-0.576293
94,-2.54064,-2.81389,0.701578
94,-2.38857,-2.35583,-0.538105
94,-2.53141,-2.28553,-0.191244
94,-2.55118,-2.78228,0.672957
94,-2.54674,-2.01082,-0.591206
94,-2.65697,-2.81249,1.06127
94,-2.54309,-2.82013,0.697001
94,-2.56308,-2.77139,0.67337
94,-2.46766,-2.76022,0.34643
94,-2.66264,-2.81468,1.06182
94,-2.53252,-2.77678,0.56508
94,-2.236,-3.68718,1.0792
94,-2.46307,-2.75998,0.30308
94,-2.47942,-3.12555,0.944718
94,-2.5787,-2.77304,0.693229
94,-2.47598,-2.74935,0.323356
94,-2.54856,-2.19445,-0.342039
94,-2.42621,-3.31178,1.06781
94,-2.40467,-3.29381,0.96268
94,-2.41919,-3.30601,1.02843
94,-2.47104,-2.75494,0.300639
94,-2.46946,-2.76118,0.30317
94,-2.52522,-2.6463,0.287461
94,-2.47242,-2.76529,0.308524
94,-2.47539,-3.14085,0.925437
94,-2.27214,-3.65343,1.09816
94,-2.48425,-3.13618,0.940484
94,-2.61177,-1.93337,-0.598119
94,-2.59347,-2.77533,0.705364
94,-2.48082,-3.13495,0.918756
94,-2.56559,-2.83583,0.707554
94,-2.48421,-2.77167,0.315349
94,-2.61959,-2.76163,0.725113
94,-2.52621,-2.28972,-0.342153
94,-2.54446,-2.13247,-0.541096
94,-2.46763,-3.12203,0.810078
94,-2.51794,-2.73482,0.342456
94,-2.49279,-3.14311,0.917295
94,-2.4663,-3.12088,0.794607
94,-2.59904,-2.80255,0.702604
94,-2.59994,-2.02384,-0.560049
94,-2.52369,-2.7017,0.287036
94,-2.53613,-2.26446,-0.384115
94,-2.55444,-2.79838,0.53675
94,-2.50509,-3.15148,0.946952
94,-2.49824,-3.15451,0.928826
94,-2.47855,-3.13268,0.80271
94,-2.54558,-2.73111,0.367886
94,-2.49671,-3.14613,0.862924
94,-2.49309,-3.13629,0.834957
94,-2.5276,-2.73546,0.296719
94,-2.49995,-3.14202,0.860618
94,-2.60283,-2.06927,-0.557617
94,-2.61782,-2.04327,-0.559284
94,-2.49104,-3.14819,0.805804
94,-2.60866,-2.76844,0.567487
94,-2.54935,-2.71246,0.284202
94,-2.3211,-3.59955,0.971409
94,-2.39314,-3.50027,1.04284
94,-2.60609,-2.77467,0.553264
94,-2.54871,-2.72338,0.280594
94,-2.52215,-3.15936,0.884253
94,-2.50301,-3.15316,0.809133
94,-2.39696,-3.50439,1.03523
94,-2.56303,-2.76085,0.348708
94,-2.40175,-3.51429,1.04547
94,-2.53047,-3.16608,0.861278
94,-2.54777,-3.15738,0.894197
94,-2.28516,-2.7506,-0.622884
94,-2.29179,-2.7504,-0.627479
94,-2.39107,-3.28534,0.543724
94,-1.97395,-4.41153,1.0139
94,-2.64039,-2.79742,0.537009
94,-2.40447,-3.3074,0.597378
94,-2.57331,-3.17393,0.893634
94,-1.98725,-4.3943,0.974892
94,-2.39925,-3.29325,0.517615
94,-2.30206,-2.77824,-0.631934
94,-2.65519,-2.80348,0.544822
94,-2.40233,-3.29634,0.500527
94,-1.99377,-4.52122,1.13737
94,-2.39337,-3.6027,0.9368
94,-2.4041,-3.29668,0.468617
94,-2.00946,-4.48665,1.10071
94,-2.36458,-3.29903,0.319908
94,-2.39738,-3.61992,0.940871
94,-2.36413,-3.3077,0.318723
94,-1.9815,-4.55787,1.1031
94,-2.40662,-3.29967,0.426334
94,-2.40867,-3.62065,0.936461
94,-2.38299,-3.31435,0.316465
94,-2.47889,-3.59698,1.03213
94,-2.0323,-4.46977,0.972568
94,-2.39235,-3.66093,0.696869
94,-2.45354,-3.30193,0.308133
94,-2.45037,-3.2993,0.291692
94,-2.46242,-3.30642,0.290311
94,-2.46291,-3.37545,0.364322
94,-2.00407,-4.54247,0.756625
94,-2.02105,-4.51363,0.760351
94,-2.41227,-3.529,0.418062
94,-2.4616,-3.37518,0.312641
94,-2.05045,-4.54215,0.798698
94,-2.03696,-4.55225,0.749157
94,-2.34572,-4.20357,0.940779
94,-2.35355,-3.83406,0.309018
94,-2.48426,-3.55654,0.273096
94,-2.35046,-3.88125,0.303032
94,-2.47848,-3.62953,0.301272
94,-2.47296,-3.65393,0.306185
94,-2.50099,-3.57704,0.270818
94,-2.4797,-3.64254,0.304815
94,-2.40947,-4.2873,1.09349
94,-2.48569,-3.6375,0.284083
94,-2.37182,-3.87361,0.295914
94,-2.49014,-3.67366,0.304292
94,-2.50447,-3.66426,0.294582
94,-2.43381,-3.81669,0.308
94,-2.50254,-3.67203,0.295597
94,-2.10942,-4.61896,0.544251
94,-2.39999,-4.31262,0.958362
94,-2.50926,-3.67026,0.265564
94,-2.12467,-4.65029,0.537465
94,-2.3723,-4.43828,0.981845
94,-2.12387,-4.65862,0.53152
94,-2.4683,-3.85977,0.297907
94,-2.45812,-4.37288,0.938235
94,-2.46819,-4.41675,1.02658
94,-2.06895,-4.38408,-0.426447
94,-2.09974,-4.55478,-0.0889652
94,-2.43703,-4.12587,0.276141
94,-2.54065,-3.94234,0.264943
94,-2.49901,-4.49937,1.02584
94,-2.11489,-4.57902,-0.0916569
94,-2.51222,-4.49086,0.895704
94,-2.13853,-4.6224,-0.097559
94,-2.56673,-4.39934,0.888961
94,-2.16589,-4.6599,-0.118644
94,-2.61009,-4.0037,0.252411
94,-2.46751,-4.41362,0.313098
94,-2.52501,-4.47754,0.277861
94,-2.00799,-2.43343,0.766067
93,-2.00799,-2.43343,0.766067
94,-2.18483,-2.52577,0.773157
93,-2.18483,-2.52577,0.773157
94,-1.38476,-1.27748,0.0620502
93,-1.38476,-1.27748,0.0620502
94,-1.90504,-1.05918,1.11052
93,-1.90504,-1.05918,1.11052
94,-1.39624,-1.28969,0.270933
93,-1.39624,-1.28969,0.270933
94,-1.46167,-1.30431,0.232862
93,-1.46167,-1.30431,0.232862
94,-1.67705,-1.21153,0.835091
92,-1.67705,-1.21153,0.835091
94,-2.51421,-2.62279,0.292449
92,-2.51421,-2.62279,0.292449
94,-1.67941,-0.910163,0.845449
92,-1.67941,-0.910163,0.845449
94,-1.89989,-0.930791,1.07698
92,-1.89989,-0.930791,1.07698
94,-1.71869,-0.91188,0.841909
92,-1.71869,-0.91188,0.841909
94,-2.16151,-3.99822,0.83554
65,-2.16151,-3.99822,0.83554
94,-2.40821,-4.31167,0.830283
65,-2.40821,-4.31167,0.830283
94,-2.09331,-4.40994,-0.615458
65,-2.09331,-4.40994,-0.615458
94,-2.42289,-4.33247,0.831691
65,-2.42289,-4.33247,0.831691
94,-1.85496,-1.3121,-0.121564
91,-1.85496,-1.3121,-0.121564
94,-1.42716,-1.27485,0.332061
91,-1.42716,-1.27485,0.332061
94,-1.3834,-1.19695,0.224082
91,-1.3834,-1.19695,0.224082
94,-1.39018,-1.15755,0.218232
91,-1.39018,-1.15755,0.218232
94,-8.8308,-1.67201,-4.7246
91,-8.8308,-1.67201,-4.7246
94,-1.36311,-1.14853,0.234405
91,-1.36311,-1.14853,0.234405
94,-1.36516,-1.15547,0.250983
91,-1.36516,-1.15547,0.250983
94,-3.34096,-1.68303,-0.983031
91,-3.34096,-1.68303,-0.983031
94,-1.36804,-1.14905,0.203166
91,-1.36804,-1.14905,0.203166
94,-1.44754,-1.24233,0.235258
91,-1.44754,-1.24233,0.235258
94,-2.67537,-2.8555,0.683518
64,-2.67537,-2.8555,0.683518
94,-2.72614,-1.4131,-0.627316
64,-2.72614,-1.4131,-0.627316
94,-2.82311,-2.96932,0.650112
66,-2.82311,-2.96932,0.650112
94,-1.39279,-1.28858,0.254374
90,-1.39279,-1.28858,0.254374
94,-1.37051,-1.28584,0.264618
90,-1.37051,-1.28584,0.264618
94,-3.43006,-1.587,-0.917386
88,-3.43006,-1.587,-0.917386
95,-0.871933,-1.91104,1.06845
95,-0.876051,-1.91106,1.06732
95,-0.880984,-1.91686,1.04783
95,-0.908264,-1.94672,0.986974
95,-1.47682,-1.15927,0.355674
95,-1.48115,-1.20254,0.391109
95,-1.48083,-1.21338,0.369766
95,-1.49774,-1.2033,0.405701
95,-1.47653,-1.21608,0.349293
95,-1.51087,-1.16045,0.347413
95,-1.48011,-1.22775,0.355425
95,-1.51446,-1.20501,0.435544
95,-1.50446,-1.20487,0.392284
95,-1.48262,-1.23273,0.351996
95,-1.50369,-1.25238,0.446704
95,-1.60471,-1.17747,0.571466
95,-1.53302,-1.24758,0.439502
95,-1.55255,-1.22811,0.450913
95,-1.61523,-1.18141,0.57111
95,-1.52995,-1.257,0.376227
95,-1.6105,-1.21655,0.585404
95,-1.61168,-1.21763,0.587539
95,-1.60944,-1.22376,0.576229
95,-1.61332,-1.21859,0.574631
95,-1.63724,-1.22252,0.619934
95,-1.64206,-1.22381,0.628929
95,-1.63749,-1.23657,0.600552
95,-1.65554,-1.22175,0.624071
95,-1.64473,-1.23765,0.596622
95,-1.67717,-1.22513,0.633538
95,-1.66759,-1.25672,0.601298
95,-1.76985,-1.20133,0.826643
95,-1.77318,-1.18531,0.799204
95,-1.72555,-1.27264,0.79282
95,-1.7525,-1.23651,0.818513
95,-1.78844,-1.20037,0.877939
95,-1.78543,-1.20382,0.87141
95,-1.79695,-1.19649,0.877545
95,-1.77269,-1.23766,0.870693
95,-1.72625,-1.2678,0.752356
95,-1.7553,-1.25716,0.83558
95,-1.74516,-1.26967,0.800228
95,-1.74756,-1.27063,0.80016
95,-1.78535,-1.24152,0.878817
95,-1.80826,-1.20161,0.881142
95,-1.76833,-1.23878,0.80563
95,-1.76938,-1.25819,0.838667
95,-1.7577,-1.26822,0.798713
95,-1.86621,-1.19908,1.03066
95,-1.86713,-1.21247,1.04219
95,-1.77375,-1.2722,0.798549
95,-1.91148,-1.09742,0.951426
95,-1.91442,-1.09447,0.94675
95,-1.79413,-1.27184,0.855223
95,-1.92623,-1.04848,0.882378
95,-1.90398,-1.04882,0.795439
95,-1.90749,-1.04391,0.789154
95,-1.79541,-1.2753,0.843411
95,-1.90731,-1.21368,1.13337
95,-1.8265,-1.28458,0.973833
95,-1.86202,-1.25826,1.04988
95,-1.90693,-1.05309,0.785113
95,-1.91021,-1.21274,1.12356
95,-1.90466,-1.22401,1.11986
95,-1.90799,-1.09976,0.869656
95,-1.93883,-1.09231,0.9621
95,-1.93668,-1.09225,0.953601
95,-1.87809,-1.25242,1.06398
95,-1.9053,-1.1169,0.875916
95,-1.87778,-1.25417,1.05371
95,-1.92824,-1.07627,0.868752
95,-1.91169,-1.08394,0.795331
95,-1.92128,-1.2246,1.11983
95,-1.89024,-1.25326,1.05578
95,-1.88967,-1.25502,1.05427
95,-1.96369,-1.22312,1.26163
95,-1.97211,-1.22913,1.26956
95,-1.91569,-1.25685,1.10417
95,-1.90494,-1.10669,0.742841
95,-1.90418,-1.27314,1.07321
95,-1.98042,-1.23086,1.27384
95,-1.88467,-1.28955,1.02739
95,-1.92458,-1.25861,1.10831
95,-1.57097,-1.3951,0.0501863
95,-1.9406,-1.0573,0.715796
95,-2.01499,-1.23292,1.36098
95,-1.90895,-1.28789,1.04526
95,-1.92548,-1.10709,0.72684
95,-1.92394,-1.11062,0.722368
95,-1.92723,-1.08248,0.61641
95,-1.915,-1.10329,0.609282
95,-2.04718,-1.23355,1.36837
95,-1.91009,-1.10804,0.583694
95,-2.05123,-1.23974,1.38092
95,-2.10817,-1.25466,1.50168
95,-2.1219,-1.24958,1.50341
95,-2.20626,-1.29368,1.58408
95,-2.39166,-0.890926,0.379462
95,-2.39609,-0.856943,0.0605949
95,-2.52266,-0.854017,0.372945
95,-2.51657,-0.868606,0.359072
95,-2.5627,-0.848463,0.356681
95,-2.64893,-0.827559,0.443907
95,-2.66615,-0.82674,0.233629
95,-2.65471,-0.862467,-0.250169
95,-2.63832,-0.864285,-0.319646
95,-2.65853,-0.870796,-0.252869
95,-2.69402,-0.874999,-0.294264
95,-2.72997,-0.873214,-0.303399
95,-2.72321,-0.899881,-0.29016
95,-2.74731,-0.899183,-0.307541
95,-2.2708,-2.02174,-0.566581
95,-2.28072,-2.02313,-0.57617
95,-2.38643,-2.79927,1.23943
95,-2.4886,-2.76868,1.55303
95,-2.4516,-2.85177,1.57448
95,-2.51628,-2.77656,1.66078
95,-2.45551,-2.85647,1.57811
95,-2.51192,-2.77053,1.53874
95,-2.53648,-2.76935,1.61834
95,-2.45503,-2.85077,1.46722
95,-2.17439,-2.4334,-0.523635
95,-2.53597,-2.76488,1.54506
95,-2.42653,-2.82707,1.25582
95,-2.57381,-1.68426,-0.587544
95,-2.32583,-2.13042,-0.596931
95,-2.42301,-3.02325,1.6388
95,-2.56249,-1.72323,-0.572255
95,-2.56286,-2.79942,1.67399
95,-2.56573,-2.81608,1.70854
95,-2.19767,-2.38916,-0.592166
95,-2.47521,-2.86838,1.46853
95,-2.49385,-2.75896,1.30104
95,-2.56074,-2.77974,1.57836
95,-2.59045,-2.78216,1.69037
95,-2.59723,-2.78182,1.70461
95,-2.50104,-2.79169,1.35156
95,-2.58494,-2.78102,1.6479
95,-2.58672,-1.72325,-0.586867
95,-2.58466,-1.72579,-0.591764
95,-2.4424,-3.03572,1.61566
95,-2.58938,-1.72087,-0.589829
95,-2.49154,-2.7691,1.23676
95,-2.58035,-2.77722,1.5891
95,-2.22297,-2.39813,-0.582932
95,-2.68531,-1.56669,-0.601884
95,-2.70844,-1.53352,-0.593104
95,-2.69211,-1.5621,-0.612962
95,-2.6936,-1.56372,-0.607485
95,-2.58696,-2.77604,1.52988
95,-2.69018,-1.58297,-0.601156
95,-2.45994,-3.05335,1.60793
95,-2.59348,-2.78376,1.53399
95,-2.28903,-2.37627,-0.493839
95,-2.70369,-1.57523,-0.610447
95,-2.41437,-2.80884,0.870062
95,-2.51129,-1.92388,-0.621444
95,-2.29099,-2.38192,-0.501248
95,-2.23369,-2.45766,-0.565237
95,-2.7051,-1.5794,-0.617317
95,-2.35277,-2.34636,-0.379303
95,-2.37293,-2.35254,-0.293003
95,-2.52884,-1.93341,-0.609101
95,-2.61158,-2.78992,1.46188
95,-2.44051,-2.5641,0.310059
95,-2.31946,-2.39518,-0.509504
95,-2.38903,-2.36856,-0.304675
95,-2.44735,-2.56797,0.309548
95,-2.42179,-3.2691,1.66244
95,-2.5199,-1.99449,-0.651057
95,-2.4385,-2.74247,0.603572
95,-2.44456,-2.71236,0.546837
95,-2.55621,-1.96633,-0.620726
95,-2.45396,-2.6007,0.305571
95,-2.44935,-2.74957,0.596835
95,-2.38645,-2.74528,0.334011
95,-2.46311,-2.73358,0.599525
95,-2.47602,-2.75969,0.697721
95,-2.63223,-1.86124,-0.598575
95,-2.47192,-2.58499,0.305391
95,-2.46786,-2.73845,0.609989
95,-2.53703,-2.44432,0.251978
95,-2.66939,-1.97747,-0.226836
95,-2.56824,-1.96964,-0.628013
95,-2.66845,-1.98002,-0.23152
95,-2.43661,-2.75943,0.519582
95,-2.53806,-2.01038,-0.667523
95,-2.6767,-1.95346,-0.260118
95,-2.67933,-1.95414,-0.261288
95,-2.69421,-1.77619,-0.582321
95,-2.56542,-2.82853,1.12749
95,-2.64616,-1.86046,-0.606237
95,-2.47113,-2.74228,0.570441
95,-2.45173,-2.392,-0.254215
95,-2.47461,-2.74551,0.571242
95,-2.69143,-1.95326,-0.27016
95,-2.44687,-2.66818,0.29962
95,-2.59622,-2.76818,1.06964
95,-2.59562,-2.76667,1.0635
95,-2.48302,-2.61632,0.299836
95,-2.49244,-2.73543,0.580604
95,-2.48407,-2.74673,0.570732
95,-2.48145,-2.8455,0.75905
95,-2.69809,-1.97844,-0.240082
95,-2.7021,-1.97265,-0.241988
95,-2.67603,-1.95407,-0.392262
95,-2.50828,-2.75847,0.652477
95,-2.67228,-1.9703,-0.393326
95,-2.71036,-1.95998,-0.274257
95,-2.68297,-1.95419,-0.390706
95,-2.20486,-2.74512,-0.554548
95,-2.52969,-2.68326,0.549754
95,-2.6801,-1.96016,-0.398441
95,-2.42307,-3.40665,1.6346
95,-2.50283,-2.75142,0.549591
95,-2.48281,-2.66838,0.298073
95,-2.50817,-2.74951,0.562944
95,-2.49939,-2.65484,0.321224
95,-2.47691,-2.70043,0.323446
95,-2.43191,-3.41132,1.64291
95,-2.50823,-2.74608,0.533051
95,-2.41402,-2.8162,0.32204
95,-2.62373,-2.78578,1.05316
95,-2.50767,-2.63806,0.296012
95,-2.46489,-3.09159,1.07772
95,-2.50507,-2.66351,0.329719
95,-2.50148,-2.40168,-0.252969
95,-2.51766,-2.75213,0.537066
95,-2.5144,-2.75774,0.528081
95,-2.62952,-2.78176,1.01473
95,-2.4552,-3.43523,1.67135
95,-2.56142,-2.73711,0.570553
95,-2.56887,-2.73888,0.587543
95,-2.25415,-2.75745,-0.59204
95,-2.59563,-2.72573,0.618308
95,-2.47142,-3.12217,0.869545
95,-2.29171,-2.73847,-0.625417
95,-2.42189,-3.29575,1.03306
95,-2.62547,-2.16103,-0.580219
95,-2.29833,-2.73337,-0.625893
95,-2.4246,-3.29822,1.03443
95,-2.56299,-2.43038,-0.278046
95,-2.33683,-3.75432,1.6338
95,-2.42059,-3.29836,0.965364
95,-2.49857,-3.13144,0.852289
95,-2.71178,-2.04694,-0.623431
95,-2.68842,-2.26808,-0.418638
95,-2.39697,-3.29238,0.594888
95,-2.76384,-2.22686,-0.286176
95,-2.69148,-2.33695,-0.364167
95,-2.67062,-2.36062,-0.411596
95,-2.39362,-3.29041,0.481049
95,-2.69699,-2.37461,-0.290739
95,-2.75334,-2.27934,-0.287581
95,-2.41318,-3.63501,1.2617
95,-2.28424,-3.69759,0.892564
95,-2.40677,-3.62661,1.12418
95,-2.44003,-3.32449,0.615606
95,-2.75188,-2.34409,-0.286448
95,-2.44249,-3.32785,0.588653
95,-2.44105,-3.3289,0.580094
95,-2.43703,-3.32699,0.53155
95,-2.42667,-3.31764,0.470347
95,-2.48706,-3.71563,1.50078
95,-2.74506,-2.35565,-0.3841
95,-2.79792,-2.32806,-0.270683
95,-2.79672,-2.33629,-0.26422
95,-2.82833,-2.15828,-0.518168
95,-2.78782,-2.36639,-0.261585
95,-2.50305,-3.14288,0.276576
95,-2.4875,-3.17644,0.284339
95,-2.7832,-2.28808,-0.462207
95,-2.7866,-2.29192,-0.451116
95,-2.4329,-3.30732,0.308526
95,-2.51642,-3.15459,0.272639
95,-2.85592,-2.27929,-0.288304
95,-2.51078,-3.18289,0.275102
95,-2.81806,-2.23553,-0.569761
95,-1.78547,-4.7226,0.709985
95,-2.52719,-3.7616,1.51138
95,-1.92509,-4.55001,0.823996
95,-2.04229,-4.51167,1.12913
95,-2.34257,-3.76815,0.646141
95,-1.88938,-4.76656,0.981648
95,-2.08061,-4.50529,1.15688
95,-2.07372,-4.52917,1.16382
95,-1.82809,-4.77172,0.711998
95,-1.76627,-4.88154,0.667305
95,-2.07645,-4.57186,1.01606
95,-1.82268,-4.86633,0.652781
95,-2.08542,-4.53147,0.944888
95,-1.80808,-4.89768,0.658771
95,-1.79448,-4.93849,0.652228
95,-1.92903,-4.8534,0.975646
95,-2.09545,-4.57364,1.00384
95,-1.88696,-4.95865,0.982933
95,-2.45103,-3.63124,0.286676
95,-1.82986,-5.02649,0.834022
95,-2.07401,-4.55278,0.755077
95,-2.46885,-3.61762,0.281108
95,-2.35648,-3.83502,0.300247
95,-1.86706,-5.10596,1.09298
95,-2.04437,-4.57566,0.650428
95,-2.10392,-4.56582,0.77769
95,-2.10488,-4.73565,1.12878
95,-1.86114,-5.07078,0.846688
95,-1.89412,-5.18361,1.16414
95,-2.09954,-4.56625,0.628408
95,-2.0969,-4.81197,1.10906
95,-1.99746,-5.07471,1.21081
95,-2.05519,-4.71515,0.642892
95,-2.11575,-4.84775,1.10521
95,-1.93503,-5.10818,0.95531
95,-2.07851,-5.05914,1.33836
95,-1.94446,-5.20703,1.13796
95,-2.0738,-4.75105,0.64737
95,-2.15098,-4.85449,1.14202
95,-2.0905,-5.06407,1.3442
95,-2.02429,-4.28894,-0.588581
95,-2.036,-5.13326,1.2057
95,-2.02687,-4.30719,-0.564987
95,-2.43636,-3.96473,0.269552
95,-2.01217,-4.91645,0.638137
95,-2.06099,-5.11892,1.21388
95,-2.12527,-5.04957,1.23007
95,-1.98686,-5.29942,1.14173
95,-2.13237,-5.13891,1.33941
95,-2.12956,-5.09969,1.21485
95,-2.15221,-5.07278,1.23937
95,-2.01873,-4.4558,-0.576257
95,-2.55404,-3.92554,0.25689
95,-2.03083,-4.46604,-0.597565
95,-2.14241,-5.15136,1.21233
95,-2.09504,-4.44282,-0.468016
95,-2.45903,-4.15121,0.269747
95,-2.51101,-4.08258,0.257861
95,-2.46181,-4.18992,0.269832
95,-2.59257,-3.95946,0.252819
95,-2.52079,-4.1089,0.255594
95,-2.0538,-4.54134,-0.627741
95,-2.18729,-5.18308,1.22054
95,-2.1343,-4.49574,-0.490656
95,-2.49934,-4.20361,0.264282
95,-2.54674,-4.12949,0.248375
95,-2.49975,-4.23745,0.283727
95,-2.38668,-4.45675,0.276136
95,-2.67403,-3.94376,0.248607
95,-2.51283,-4.2476,0.254875
95,-2.4014,-4.54107,0.288583
95,-2.53063,-4.31921,0.271922
95,-2.53224,-4.31577,0.260501
95,-2.43686,-4.50997,0.264077
95,-2.55454,-4.30344,0.250295
95,-2.5537,-4.35605,0.251824
95,-2.52455,-4.4257,0.25888
95,-2.24016,-4.75202,-0.150588
95,-2.25313,-4.70767,-0.199229
95,-2.7557,-4.1179,0.458147
95,-2.72697,-4.45109,1.03502
95,-2.55481,-4.46933,0.278371
95,-2.59775,-4.39394,0.267805
95,-2.55364,-4.47794,0.269302
95,-2.31196,-4.69375,-0.265691
95,-2.56645,-4.52723,0.318328
95,-2.74321,-4.47238,0.847151
95,-2.80635,-4.17514,0.44427
95,-2.78631,-4.51558,1.07179
95,-2.70557,-4.73826,1.03426
95,-2.42649,-4.83996,-0.2245
95,-2.86533,-4.61432,0.842912
95,-2.60323,-2.07147,-0.210655
94,-2.60323,-2.07147,-0.210655
95,-2.83138,-2.15716,-0.312237
94,-2.83138,-2.15716,-0.312237
95,-2.31145,-2.32857,0.319809
94,-2.31145,-2.32857,0.319809
95,-2.58969,-2.21089,-0.361775
94,-2.58969,-2.21089,-0.361775
95,-3.99999,-1.3939,-1.21056
94,-3.99999,-1.3939,-1.21056
95,-2.42107,-3.30804,0.49886
94,-2.42107,-3.30804,0.49886
95,-2.53723,-2.8093,1.26912
94,-2.53723,-2.8093,1.26912
95,-2.07015,-3.90339,1.00608
94,-2.07015,-3.90339,1.00608
95,-2.93815,-2.18569,-0.35441
94,-2.93815,-2.18569,-0.35441
95,-2.19706,-3.56441,0.965588
94,-2.19706,-3.56441,0.965588
95,-2.2744,-3.65116,0.758108
94,-2.2744,-3.65116,0.758108
95,-2.29423,-4.18704,0.908966
94,-2.29423,-4.18704,0.908966
95,-2.10907,-2.47149,0.772043
94,-2.10907,-2.47149,0.772043
95,-2.17294,-3.53734,0.967103
94,-2.17294,-3.53734,0.967103
95,-3.31474,-1.36054,-0.711907
94,-3.31474,-1.36054,-0.711907
95,-2.72722,-2.11626,-0.252231
94,-2.72722,-2.11626,-0.252231
95,-2.50105,-2.43455,0.260827
94,-2.50105,-2.43455,0.260827
95,-1.51866,-4.72611,-0.266868
65,-1.51866,-4.72611,-0.266868
95,-2.0125,-4.35291,-0.408384
65,-2.0125,-4.35291,-0.408384
95,-1.77699,-4.66893,1.17395
65,-1.77699,-4.66893,1.17395
95,-2.73337,-1.49666,-0.601349
90,-2.73337,-1.49666,-0.601349
96,-0.860676,-2.05298,0.896874
96,-0.861181,-2.05351,0.894347
96,-0.874648,-2.06247,0.938839
96,-0.874531,-2.06427,0.936834
96,-1.47466,-1.21869,0.347326
96,-1.3492,-1.30675,0.0788519
96,-1.48638,-1.22812,0.351121
96,-1.49756,-1.25564,0.411428
96,-1.60918,-1.18346,0.63714
96,-1.62233,-1.18719,0.645998
96,-1.52048,-1.25219,0.419545
96,-1.54135,-1.24625,0.449968
96,-1.53152,-1.24868,0.417147
96,-1.5291,-1.25129,0.409123
96,-1.5334,-1.25143,0.412715
96,-1.53509,-1.2502,0.412409
96,-1.54688,-1.24744,0.444259
96,-1.53978,-1.24968,0.421465
96,-1.5427,-1.2478,0.425497
96,-1.61552,-1.21361,0.572945
96,-1.62608,-1.22276,0.616072
96,-1.63026,-1.22388,0.62085
96,-1.65772,-1.21753,0.625035
96,-1.75439,-1.2725,0.80029
96,-1.76895,-1.27792,0.853326
96,-1.76054,-1.27082,0.795291
96,-1.87369,-1.2877,1.03499
96,-1.88126,-1.29027,1.03859
96,-1.99313,-1.26912,1.29153
96,-1.89134,-1.10423,0.611803
96,-1.91174,-1.09936,0.594473
96,-1.91546,-1.10058,0.600067
96,-2.61738,-0.870284,-0.173032
96,-2.70318,-0.947503,-0.240893
96,-2.41316,-2.82769,1.39889
96,-2.26881,-2.02399,-0.554204
96,-2.43942,-2.84911,1.49135
96,-2.26781,-2.02996,-0.569519
96,-2.27537,-2.02544,-0.561264
96,-2.46212,-2.76032,1.37221
96,-2.45391,-2.76095,1.34641
96,-2.47368,-2.76681,1.35124
96,-2.47659,-2.76701,1.35179
96,-2.47509,-2.76627,1.34477
96,-2.47357,-2.76511,1.3174
96,-2.49975,-2.76176,1.34292
96,-2.49063,-2.76922,1.32027
96,-2.63464,-1.52523,-0.611553
96,-2.30658,-2.12417,-0.591228
96,-2.68536,-1.42575,-0.632867
96,-2.3057,-2.12551,-0.60019
96,-2.68296,-1.44081,-0.617804
96,-2.18776,-2.366,-0.55485
96,-2.44009,-3.04428,1.51027
96,-2.68262,-1.44353,-0.630414
96,-2.68449,-1.44449,-0.62763
96,-2.67245,-1.4722,-0.62226
96,-2.67325,-1.47359,-0.621958
96,-2.66491,-1.50285,-0.617894
96,-2.44985,-3.05469,1.51238
96,-2.67014,-1.49938,-0.626098
96,-2.42038,-2.81165,0.941438
96,-2.69234,-1.47649,-0.617869
96,-2.69844,-1.47569,-0.631073
96,-2.50753,-2.73158,1.01281
96,-2.68958,-1.50614,-0.641626
96,-2.6707,-1.57788,-0.584188
96,-2.44082,-2.82373,0.937828
96,-2.71892,-1.49312,-0.596885
96,-2.72699,-1.49308,-0.602479
96,-2.7097,-1.52151,-0.628657
96,-2.54374,-2.74904,1.03536
96,-2.53197,-1.87394,-0.608626
96,-2.61582,-1.72939,-0.608897
96,-2.50234,-2.41879,0.267649
96,-2.55415,-1.84961,-0.607952
96,-2.63245,-1.70731,-0.627531
96,-2.56687,-1.83484,-0.614146
96,-2.57737,-1.82725,-0.619896
96,-2.55162,-1.87509,-0.618803
96,-2.48705,-2.70927,0.682899
96,-2.39539,-2.37025,-0.238411
96,-2.45426,-2.73041,0.611132
96,-2.39584,-2.66799,0.304281
96,-2.38981,-2.7067,0.342513
96,-2.45265,-2.75693,0.632671
96,-2.53195,-1.9233,-0.632659
96,-2.52313,-2.43315,0.268756
96,-2.39652,-2.70175,0.342986
96,-2.34767,-2.79367,0.345738
96,-2.57334,-1.85864,-0.625295
96,-2.46345,-2.75569,0.651113
96,-2.5936,-1.83497,-0.606323
96,-2.43907,-2.61436,0.312383
96,-2.47343,-2.77243,0.712239
96,-2.52232,-2.4383,0.251544
96,-2.52462,-2.44593,0.253148
96,-2.70193,-1.66346,-0.603332
96,-2.64111,-1.98255,-0.221707
96,-2.37929,-2.35662,-0.400165
96,-2.54747,-1.9426,-0.61358
96,-2.55362,-1.91696,-0.643327
96,-2.6894,-1.7032,-0.601257
96,-2.42701,-2.76132,0.466786
96,-2.42601,-2.67613,0.306543
96,-2.42242,-2.75573,0.427655
96,-2.56823,-1.93889,-0.61754
96,-2.50419,-2.77729,0.696272
96,-2.62849,-1.83388,-0.625304
96,-2.58185,-1.92898,-0.604654
96,-2.59197,-2.75877,0.938766
96,-2.55539,-1.98572,-0.605643
96,-2.71031,-1.71085,-0.607007
96,-2.7438,-1.65133,-0.606839
96,-2.68024,-1.95259,-0.26672
96,-2.59043,-2.78168,0.948266
96,-2.58678,-2.80164,0.970626
96,-2.53042,-2.76511,0.698462
96,-2.59606,-1.93878,-0.603932
96,-2.49629,-2.61848,0.296896
96,-2.40597,-2.79872,0.327475
96,-2.50068,-2.77105,0.583183
96,-2.46332,-2.69947,0.315709
96,-2.60631,-1.9423,-0.602943
96,-2.55634,-1.99673,-0.667111
96,-2.42964,-3.10527,0.923883
96,-2.50272,-2.38625,-0.176131
96,-2.46253,-2.74027,0.327444
96,-2.51286,-2.77336,0.528633
96,-2.52405,-2.76821,0.541104
96,-2.59373,-2.75011,0.73524
96,-2.53921,-2.75657,0.564007
96,-2.74558,-1.74573,-0.609463
96,-2.52067,-2.77235,0.524505
96,-2.55004,-2.73795,0.554034
96,-2.54689,-2.7412,0.540246
96,-2.70309,-1.9553,-0.404975
96,-2.57262,-2.74077,0.585866
96,-2.53045,-2.67603,0.319303
96,-2.59488,-2.06457,-0.611634
96,-2.24495,-2.73082,-0.593954
96,-2.2544,-2.73851,-0.585516
96,-2.43721,-3.31086,1.04421
96,-2.44564,-3.31385,1.07698
96,-2.46802,-3.11995,0.791391
96,-2.4768,-3.12317,0.824153
96,-2.51207,-3.14509,0.96072
96,-2.50648,-3.15263,0.947169
96,-2.27399,-2.73011,-0.607938
96,-2.43286,-3.3093,0.947047
96,-2.63572,-2.09427,-0.616053
96,-2.72854,-2.13682,-0.252543
96,-1.43441,-4.46129,-0.242034
96,-2.74131,-2.11874,-0.258735
96,-2.69548,-2.05009,-0.61809
96,-2.68753,-2.26897,-0.264146
96,-2.38886,-3.60829,1.13802
96,-2.41517,-3.63625,1.27167
96,-2.455,-3.3309,0.813831
96,-2.45905,-3.33225,0.813889
96,-2.41995,-3.30563,0.629547
96,-1.47122,-4.51568,-0.264899
96,-2.42153,-3.31548,0.590002
96,-2.36554,-3.30636,0.312091
96,-2.43075,-3.32024,0.520509
96,-2.41611,-3.30256,0.419059
96,-2.43281,-3.32457,0.508181
96,-2.46824,-3.68277,1.2781
96,-2.439,-3.32573,0.526343
96,-2.51365,-3.72597,1.50156
96,-2.4141,-3.30822,0.410653
96,-2.41123,-3.3034,0.390844
96,-2.41101,-3.30119,0.377135
96,-2.38788,-3.308,0.306024
96,-2.38618,-3.31494,0.301758
96,-2.48494,-3.68911,1.25802
96,-2.43351,-3.3219,0.400755
96,-2.36845,-3.80578,1.0612
96,-2.48479,-3.70472,1.25701
96,-1.43735,-4.76321,-0.270519
96,-1.50443,-4.49822,-0.546735
96,-2.02529,-4.49268,1.12751
96,-1.696,-5.02273,1.01876
96,-1.50053,-4.51344,-0.566671
96,-2.00288,-4.52377,1.0926
96,-1.44899,-4.76473,-0.280607
96,-2.03896,-4.4961,1.1298
96,-2.05849,-4.47643,1.1539
96,-1.73259,-5.03627,1.08235
96,-2.02326,-4.46702,0.991742
96,-2.06601,-4.48147,1.15179
96,-1.42723,-4.65479,-0.637076
96,-2.0083,-4.55859,1.0799
96,-2.00313,-4.57342,1.08933
96,-2.42605,-3.39317,0.313413
96,-2.01279,-4.56622,1.10447
96,-1.75767,-5.07501,1.19198
96,-2.02051,-4.54943,1.09075
96,-1.75601,-5.06768,1.15041
96,-1.49091,-4.58142,-0.606342
96,-1.77438,-5.03668,1.1507
96,-1.73565,-5.04426,1.02214
96,-2.01074,-4.59092,1.08058
96,-1.67229,-5.22597,1.11858
96,-1.74296,-5.05247,1.00599
96,-2.05257,-4.4786,0.937345
96,-1.65879,-5.20872,0.929089
96,-1.71365,-5.02092,0.761773
96,-2.04601,-4.63299,1.09013
96,-2.03574,-4.48681,0.749706
96,-1.64897,-5.17499,0.738307
96,-2.48883,-3.44572,0.316926
96,-1.77303,-4.92755,0.664919
96,-1.72418,-5.15342,0.909727
96,-1.73514,-5.06771,0.761836
96,-1.74505,-5.06452,0.763314
96,-2.01931,-4.51462,0.650565
96,-1.93153,-4.8449,0.96641
96,-1.97249,-4.77851,0.978045
96,-2.03292,-4.54575,0.744514
96,-1.88194,-4.95239,0.982141
96,-1.75584,-5.07897,0.792527
96,-1.75219,-5.08563,0.751319
96,-2.09608,-4.5692,0.929772
96,-2.02255,-4.55059,0.651177
96,-2.07918,-4.52187,0.775296
96,-1.99752,-4.60992,0.652031
96,-2.07119,-4.56253,0.799745
96,-1.84592,-5.01917,0.854637
96,-2.11172,-4.71658,1.16173
96,-1.69314,-5.23854,0.721392
96,-1.99534,-4.67419,0.658609
96,-1.78289,-5.0506,0.649692
96,-2.03934,-4.57962,0.623594
96,-2.0947,-4.76313,1.1335
96,-2.00326,-4.67147,0.650812
96,-1.85841,-5.04207,0.850615
96,-2.13539,-4.63634,1.01453
96,-2.05448,-4.63574,0.74658
96,-1.77124,-5.08973,0.648971
96,-2.13033,-4.73014,1.16246
96,-2.06,-4.58118,0.652088
96,-1.92531,-4.83128,0.659381
96,-2.09213,-4.77716,1.10325
96,-1.94439,-5.07487,1.1633
96,-1.9402,-5.08715,1.16183
96,-2.07208,-4.579,0.65625
96,-2.05443,-4.60256,0.641552
96,-2.09067,-4.53073,0.626653
96,-2.11863,-4.57799,0.796874
96,-1.78698,-5.11423,0.687251
96,-1.96403,-4.10572,-0.580113
96,-2.10352,-4.52046,0.628837
96,-2.13558,-4.63291,0.937775
96,-1.70922,-5.2782,0.72199
96,-1.77701,-5.12461,0.655407
96,-1.85326,-4.98534,0.648536
96,-2.08749,-4.81486,1.09997
96,-2.37751,-3.86106,0.292153
96,-1.98917,-5.0583,1.19964
96,-1.75724,-5.31827,0.912022
96,-1.83548,-5.04596,0.64721
96,-2.52171,-3.6194,0.264402
96,-1.76668,-5.20002,0.675433
96,-1.74198,-5.23614,0.654242
96,-2.10723,-4.56836,0.622459
96,-2.20905,-4.70593,1.17598
96,-1.97121,-4.84577,0.647955
96,-1.74095,-5.23752,0.580332
96,-1.98194,-5.12801,1.1653
96,-1.81761,-5.42035,1.16173
96,-1.97707,-4.85538,0.647183
96,-2.34681,-4.38579,0.975052
96,-1.74821,-5.25151,0.597666
96,-1.98835,-4.86307,0.643971
96,-1.82284,-5.14247,0.595639
96,-2.09403,-4.69009,0.636958
96,-1.76059,-5.2711,0.590015
96,-1.99044,-4.22768,-0.566628
96,-2.03526,-5.11933,1.19898
96,-2.07065,-5.09543,1.20957
96,-2.07951,-5.10265,1.21648
96,-2.06636,-4.1313,-0.612977
96,-1.9852,-5.26594,1.14386
96,-1.79396,-5.33189,0.634912
96,-2.09184,-5.09526,1.17407
96,-2.14878,-4.65305,0.539841
96,-2.07533,-4.1505,-0.626057
96,-2.01623,-4.27246,-0.598867
96,-2.02805,-4.29093,-0.559513
96,-2.1536,-4.66567,0.534471
96,-2.1451,-5.02298,1.14827
96,-2.14212,-4.6889,0.521327
96,-2.03131,-4.29763,-0.572634
96,-2.16111,-4.66976,0.519308
96,-2.06342,-4.25003,-0.592946
96,-2.19585,-4.98366,1.17493
96,-2.53935,-3.89545,0.268911
96,-2.58501,-3.83956,0.292403
96,-2.18231,-4.7068,0.531802
96,-2.56754,-3.90168,0.274213
96,-2.47071,-4.13756,0.259946
96,-2.51288,-4.08692,0.255256
96,-2.49265,-4.21679,0.262828
96,-2.38333,-4.5315,0.299468
96,-2.38241,-4.53518,0.284077
96,-2.48895,-4.38287,0.260253
96,-2.41148,-4.5662,0.287712
96,-2.50646,-4.39593,0.26052
96,-2.62662,-4.6038,1.02576
96,-2.15212,-4.55447,-0.623753
96,-2.46458,-4.54782,0.327732
96,-2.45195,-4.54202,0.254957
96,-2.46701,-4.54926,0.29469
96,-2.26966,-4.62082,-0.269803
96,-2.30479,-4.61532,-0.209797
96,-2.248,-4.6015,-0.498741
96,-2.84923,-4.17837,0.640193
96,-2.2982,-4.68297,-0.258129
96,-2.85481,-4.18112,0.619738
96,-2.23578,-4.64818,-0.555366
96,-2.23967,-4.64916,-0.574121
96,-2.33191,-4.66921,-0.239872
96,-2.22536,-4.6965,-0.594328
96,-2.84167,-4.55171,1.1167
96,-2.61166,-4.54381,0.32691
96,-2.40665,-4.84707,-0.223296
96,-2.9678,-4.68718,1.14116
96,-2.42975,-4.89898,-0.241933
96,-3.35663,-5.07204,1.10088
96,-3.36776,-5.14118,1.12457
96,-3.57698,-5.34266,1.06378
96,-3.71377,-5.44318,1.07301
96,-3.83062,-5.56992,1.07715
96,-3.7502,-5.62608,0.901685
96,-2.3999,-2.79751,0.91787
95,-2.3999,-2.79751,0.91787
96,-3.46225,-2.53244,-0.7948
95,-3.46225,-2.53244,-0.7948
96,-2.93709,-2.1931,-0.356111
95,-2.93709,-2.1931,-0.356111
96,-2.33156,-3.55207,1.11892
95,-2.33156,-3.55207,1.11892
96,-2.33775,-3.56057,1.13971
95,-2.33775,-3.56057,1.13971
96,-2.36055,-3.79119,0.596061
95,-2.36055,-3.79119,0.596061
96,-2.26576,-3.54674,0.35424
95,-2.26576,-3.54674,0.35424
96,-2.86913,-2.31495,-0.503315
95,-2.86913,-2.31495,-0.503315
96,-3.0525,-2.43971,-0.419784
95,-3.0525,-2.43971,-0.419784
96,-2.29596,-3.72165,0.704875
95,-2.29596,-3.72165,0.704875
96,-2.25226,-3.50125,0.52673
95,-2.25226,-3.50125,0.52673
96,-2.33452,-3.56506,1.26193
95,-2.33452,-3.56506,1.26193
96,-2.22563,-4.06733,0.987263
95,-2.22563,-4.06733,0.987263
96,-2.44258,-4.21084,0.891367
95,-2.44258,-4.21084,0.891367
96,-2.27017,-3.55125,0.355924
95,-2.27017,-3.55125,0.355924
96,-2.34491,-3.56724,1.13386
95,-2.34491,-3.56724,1.13386
96,-2.2832,-4.29947,0.989911
95,-2.2832,-4.29947,0.989911
96,-2.26836,-4.08197,1.01831
95,-2.26836,-4.08197,1.01831
96,-2.27646,-2.65479,1.23595
95,-2.27646,-2.65479,1.23595
96,-2.35858,-2.77357,0.873767
95,-2.35858,-2.77357,0.873767
96,-2.47378,-2.68215,0.737005
95,-2.47378,-2.68215,0.737005
96,-3.47485,-2.59899,-0.551494
95,-3.47485,-2.59899,-0.551494
96,-2.4387,-4.20946,1.02234
95,-2.4387,-4.20946,1.02234
96,-2.26994,-4.08398,1.02001
95,-2.26994,-4.08398,1.02001
96,-2.77262,-2.90551,0.491261
95,-2.77262,-2.90551,0.491261
96,-2.41631,-3.63465,0.656465
95,-2.41631,-3.63465,0.656465
96,-2.4968,-2.69535,0.735819
95,-2.4968,-2.69535,0.735819
96,-2.46816,-2.76227,1.37579
95,-2.46816,-2.76227,1.37579
96,-1.74166,-5.06915,1.09073
95,-1.74166,-5.06915,1.09073
96,-2.11104,-3.48467,0.967157
95,-2.11104,-3.48467,0.967157
96,-2.27979,-3.66023,0.968676
95,-2.27979,-3.66023,0.968676
96,-2.6421,-1.65255,-0.555489
95,-2.6421,-1.65255,-0.555489
96,-1.52154,-3.68692,-0.202789
95,-1.52154,-3.68692,-0.202789
96,-2.56598,-2.0796,-0.194158
95,-2.56598,-2.0796,-0.194158
96,-2.4598,-3.84748,0.991678
95,-2.4598,-3.84748,0.991678
96,-1.84904,-2.51029,-0.327
95,-1.84904,-2.51029,-0.327
96,-2.58794,-3.77318,0.280767
94,-2.58794,-3.77318,0.280767
96,-2.4039,-2.72953,1.2126
94,-2.4039,-2.72953,1.2126
96,-2.60157,-2.20016,-0.220917
94,-2.60157,-2.20016,-0.220917
96,-1.40422,-1.30144,0.203362
94,-1.40422,-1.30144,0.203362
96,-2.30211,-4.18147,0.869194
94,-2.30211,-4.18147,0.869194
96,-1.40702,-1.30334,0.20207
94,-1.40702,-1.30334,0.20207
96,-2.38172,-3.44917,0.305702
94,-2.38172,-3.44917,0.305702
96,-1.87673,-1.24704,1.06563
94,-1.87673,-1.24704,1.06563
96,-2.33445,-1.95442,-0.541352
94,-2.33445,-1.95442,-0.541352
96,-3.04938,-1.64196,-0.82673
94,-3.04938,-1.64196,-0.82673
96,-2.45029,-2.51944,-0.739304
94,-2.45029,-2.51944,-0.739304
96,-1.46037,-1.31152,0.169214
94,-1.46037,-1.31152,0.169214
96,-1.42995,-1.2538,0.188091
94,-1.42995,-1.2538,0.188091
96,-2.32717,-3.24255,0.427623
65,-2.32717,-3.24255,0.427623
96,-1.62195,-1.79515,-0.0652689
65,-1.62195,-1.79515,-0.0652689
96,-1.52182,-4.7571,-0.2801
65,-1.52182,-4.7571,-0.2801
96,-1.46889,-1.21802,0.346983
93,-1.46889,-1.21802,0.346983
96,-1.39216,-1.21022,0.212356
90,-1.39216,-1.21022,0.212356
96,-2.25966,-1.08569,-0.276799
89,-2.25966,-1.08569,-0.276799
97,-1.37249,-1.19226,0.112802
97,-1.34083,-1.26838,0.129669
97,-1.34476,-1.26406,0.126245
97,-1.35213,-1.25944,0.128211
97,-1.40028,-1.2562,0.178417
97,-1.40912,-1.25298,0.179239
97,-1.46853,-1.52488,0.0331406
97,-1.07143,-2.73465,-0.576024
97,-1.43847,-2.79579,-0.610603
97,-1.44397,-2.79919,-0.614978
97,-1.44619,-2.79589,-0.616159
97,-2.39117,-2.7382,1.35237
97,-2.36482,-2.80015,1.29803
97,-2.37553,-2.8121,1.33874
97,-2.37519,-2.80636,1.29413
97,-2.62351,-1.28693,-0.462
97,-2.59707,-1.289,-0.612323
97,-2.44759,-2.75893,1.25765
97,-2.60609,-1.31619,-0.600022
97,-1.87868,-3.69315,1.01685
97,-2.4679,-2.75746,1.23545
97,-2.62973,-1.30661,-0.610843
97,-2.48059,-2.75816,1.25114
97,-2.47965,-2.77013,1.21005
97,-2.65358,-1.3216,-0.587946
97,-2.49932,-2.77049,1.19393
97,-2.40911,-2.81074,0.915705
97,-2.682,-1.34834,-0.616373
97,-1.16207,-4.36355,-0.269631
97,-2.1687,-2.36147,-0.542806
97,-2.76532,-1.28603,-0.524233
97,-2.42428,-2.81863,0.920797
97,-2.77646,-1.27713,-0.52853
97,-2.39927,-2.73538,0.688606
97,-2.78515,-1.27242,-0.541397
97,-2.30929,-2.12979,-0.599649
97,-2.4152,-2.73073,0.621327
97,-2.43952,-2.74471,0.690148
97,-2.54128,-2.75116,0.993239
97,-2.74086,-1.39473,-0.59026
97,-2.73862,-1.40109,-0.586676
97,-2.76762,-1.34776,-0.592306
97,-2.77246,-1.3406,-0.59084
97,-2.59047,-2.77006,1.14671
97,-2.41412,-2.57231,0.314028
97,-2.72144,-1.41422,-0.637184
97,-2.77773,-1.34352,-0.591397
97,-2.20718,-2.39615,-0.58349
97,-2.71088,-1.44214,-0.644592
97,-2.42345,-2.58008,0.314116
97,-2.57235,-2.75428,1.00571
97,-2.41827,-2.61844,0.315607
97,-2.42296,-2.61029,0.310715
97,-2.56603,-1.77768,-0.607695
97,-2.44043,-2.73485,0.537303
97,-2.46059,-1.96348,-0.64145
97,-2.11707,-2.67766,-0.515517
97,-2.42888,-2.6281,0.310045
97,-2.4585,-2.74281,0.569595
97,-2.52557,-2.42852,0.259256
97,-2.22807,-2.45181,-0.576666
97,-2.72209,-1.53337,-0.601942
97,-2.23607,-2.43218,-0.586874
97,-2.53831,-1.88106,-0.604295
97,-2.42312,-2.37651,-0.159417
97,-2.36427,-2.78536,0.319023
97,-2.60344,-2.77184,0.991413
97,-2.53546,-2.44293,0.253625
97,-2.51037,-1.96117,-0.593365
97,-2.71451,-1.5805,-0.616331
97,-2.37899,-2.79634,0.332203
97,-2.39244,-2.77328,0.334454
97,-2.53858,-2.74382,0.704661
97,-2.42765,-2.74632,0.384201
97,-2.44263,-2.37578,-0.165058
97,-1.18558,-4.64343,-0.225114
97,-2.22647,-2.53006,-0.562787
97,-2.37482,-2.81976,0.316815
97,-2.49082,-2.75119,0.528853
97,-2.46999,-2.67345,0.325388
97,-2.57348,-1.89293,-0.625017
97,-2.60872,-1.86319,-0.587191
97,-2.61336,-1.85901,-0.589416
97,-1.20091,-4.67143,-0.226305
97,-2.67643,-1.95042,-0.269143
97,-1.20828,-4.67625,-0.229135
97,-2.25264,-2.54044,-0.591342
97,-2.49829,-2.65332,0.290948
97,-2.48775,-2.38012,-0.178615
97,-2.4675,-2.79365,0.397492
97,-2.47722,-2.76381,0.350801
97,-2.70516,-1.75239,-0.598575
97,-2.59715,-1.95701,-0.596389
97,-2.57803,-1.99505,-0.607325
97,-2.5253,-2.66948,0.291796
97,-2.4906,-2.76231,0.330801
97,-2.50276,-3.14263,0.953025
97,-2.62259,-1.94786,-0.608089
97,-2.68184,-1.97141,-0.402061
97,-2.68933,-1.95575,-0.408062
97,-1.17975,-4.59661,-0.61741
97,-2.71558,-1.93872,-0.421028
97,-2.71644,-1.96509,-0.426399
97,-2.56283,-2.73561,0.347095
97,-2.51093,-2.80539,0.300894
97,-2.61229,-2.07341,-0.568971
97,-1.20957,-4.61477,-0.646624
97,-2.53095,-2.79142,0.291377
97,-2.77528,-1.97316,-0.308298
97,-2.69793,-2.14758,-0.256714
97,-2.42461,-3.64332,1.32562
97,-2.60349,-2.31115,-0.319438
97,-2.29236,-2.68417,-0.631553
97,-2.65961,-2.04537,-0.594494
97,-2.73497,-2.12083,-0.258186
97,-2.61921,-2.29491,-0.319101
97,-2.09092,-3.92702,0.730776
97,-2.61927,-2.29211,-0.33331
97,-2.62112,-2.1435,-0.577211
97,-2.72697,-2.15223,-0.266313
97,-2.41356,-3.3071,0.652067
97,-2.3472,-3.68516,1.05941
97,-2.73866,-2.14032,-0.266066
97,-2.75349,-2.11497,-0.270988
97,-2.34927,-3.68544,1.04652
97,-2.6693,-2.28774,-0.257328
97,-2.69252,-2.26532,-0.226857
97,-2.66626,-2.30195,-0.253557
97,-1.30134,-4.59083,-0.616368
97,-2.41781,-3.31382,0.591681
97,-2.42938,-3.31951,0.607165
97,-1.46209,-4.54716,-0.275533
97,-1.28303,-4.62716,-0.675752
97,-2.43501,-3.32096,0.590201
97,-2.74326,-2.24853,-0.244575
97,-2.41189,-3.30617,0.472668
97,-1.46245,-4.61581,-0.232227
97,-2.02581,-4.48227,1.1067
97,-2.02348,-4.50256,1.13064
97,-1.63086,-5.23641,1.14096
97,-1.90517,-4.64194,0.980668
97,-1.99077,-4.5655,1.08873
97,-2.74387,-2.32444,-0.291216
97,-2.43191,-3.28106,0.30774
97,-1.51821,-5.12929,0.58918
97,-2.04571,-4.50768,1.13225
97,-2.04868,-4.48524,1.09394
97,-1.6494,-5.21357,1.06523
97,-1.92127,-4.63036,0.921914
97,-2.08276,-4.47749,1.14765
97,-2.04117,-4.48767,1.03634
97,-2.04613,-4.49414,1.05276
97,-2.09131,-4.48832,1.1645
97,-1.73172,-5.055,1.02013
97,-1.4341,-4.78993,-0.27273
97,-1.74027,-5.0517,1.01489
97,-2.00794,-4.62754,1.10385
97,-2.45392,-3.30354,0.289254
97,-1.54175,-5.17441,0.594647
97,-2.45868,-3.3056,0.280985
97,-1.89957,-4.76429,0.971232
97,-1.73321,-5.06235,0.959352
97,-1.53736,-5.22743,0.651172
97,-1.5358,-5.23707,0.659666
97,-1.66791,-5.2406,1.04034
97,-1.6599,-5.19762,0.940543
97,-1.78235,-5.03724,1.0327
97,-1.51118,-5.25318,0.586361
97,-1.4996,-4.54345,-0.577494
97,-1.89688,-4.79755,0.968283
97,-2.47941,-3.30168,0.279677
97,-1.5307,-5.25888,0.628016
97,-1.67997,-5.31048,1.14304
97,-1.95337,-4.60811,0.811448
97,-1.76617,-5.17513,1.1564
97,-1.95781,-4.61953,0.810699
97,-1.59635,-5.20094,0.682158
97,-1.73672,-5.20782,1.09351
97,-1.83286,-4.80343,0.728181
97,-1.95614,-4.73393,0.969988
97,-1.7268,-5.04563,0.792067
97,-1.57243,-5.20146,0.590089
97,-2.48216,-3.35363,0.287035
97,-1.57413,-5.26042,0.678483
97,-1.86167,-3.89413,-0.685145
97,-1.57358,-5.22933,0.59749
97,-1.90226,-4.72981,0.756995
97,-1.97393,-4.65234,0.839169
97,-1.7301,-5.03845,0.720788
97,-1.79392,-4.92971,0.724422
97,-1.60703,-5.25611,0.691874
97,-1.87766,-4.80445,0.758077
97,-1.67191,-5.2661,0.875428
97,-1.73905,-5.06944,0.755991
97,-2.14487,-4.52955,1.0705
97,-2.07101,-4.71152,1.13361
97,-2.09863,-4.58823,0.998147
97,-1.62133,-5.26307,0.677503
97,-1.67941,-5.29459,0.885195
97,-2.06499,-4.5431,0.809317
97,-1.85769,-4.86489,0.715016
97,-1.64415,-5.23685,0.66468
97,-2.05272,-4.54617,0.7531
97,-1.86536,-4.86193,0.70694
97,-1.89927,-4.83671,0.756425
97,-1.70365,-5.30758,0.930871
97,-1.67183,-5.20857,0.669549
97,-2.15904,-4.63369,1.17016
97,-1.80869,-4.97047,0.665447
97,-2.03643,-4.54481,0.649474
97,-1.80546,-4.98042,0.65984
97,-1.86099,-5.16695,1.10696
97,-1.73579,-5.28686,0.907252
97,-2.06521,-4.52482,0.647817
97,-1.81625,-4.95801,0.594382
97,-1.71145,-5.19031,0.652564
97,-1.77622,-5.10514,0.704962
97,-1.87774,-5.02557,0.871322
97,-1.8501,-4.91783,0.618835
97,-2.34278,-3.84206,0.32668
97,-2.14405,-4.63905,1.00852
97,-1.66943,-5.2511,0.59994
97,-1.85994,-4.92073,0.621839
97,-1.899,-5.15173,1.09943
97,-1.72623,-5.19046,0.653467
97,-2.54416,-3.47728,0.300791
97,-2.03069,-4.6421,0.645746
97,-2.0358,-4.64223,0.648057
97,-2.03686,-4.63809,0.641553
97,-1.70209,-5.24174,0.628213
97,-2.03754,-4.6432,0.650973
97,-2.09619,-4.5295,0.639818
97,-1.82039,-5.04136,0.651923
97,-1.89349,-4.93579,0.691115
97,-2.37241,-3.8395,0.325202
97,-2.30928,-4.51391,1.19849
97,-2.09904,-4.54262,0.630966
97,-1.68872,-5.27914,0.597701
97,-2.0051,-4.73505,0.646128
97,-2.07069,-4.58538,0.596187
97,-2.33281,-4.3626,0.997548
97,-2.33106,-4.35981,0.980273
97,-1.99674,-4.83609,0.748992
97,-1.99534,-4.83982,0.750262
97,-2.1077,-4.55322,0.619241
97,-2.08537,-4.59035,0.592367
97,-1.98056,-4.81495,0.644349
97,-2.19208,-4.77443,1.16656
97,-1.89672,-4.96503,0.606034
97,-1.75909,-5.25673,0.657096
97,-1.80199,-5.14765,0.60049
97,-2.13563,-4.90012,1.17094
97,-1.98719,-4.84767,0.642563
97,-1.75895,-5.27114,0.640535
97,-1.75552,-5.2576,0.576912
97,-2.42755,-3.85635,0.287244
97,-1.80344,-5.23873,0.661892
97,-2.09648,-5.11411,1.30683
97,-2.09167,-4.6819,0.575135
97,-2.12159,-4.63625,0.572791
97,-1.99723,-4.54147,0.0351213
97,-2.14208,-4.97728,1.14838
97,-1.76703,-5.33984,0.615278
97,-2.13962,-5.01782,1.14596
97,-2.5866,-3.68842,0.283857
97,-2.14654,-4.66293,0.542568
97,-2.51437,-3.83389,0.289874
97,-2.02268,-4.16602,-0.61449
97,-2.03755,-4.86846,0.543738
97,-2.02442,-4.15818,-0.635717
97,-2.17025,-5.01866,1.14989
97,-2.02893,-4.57985,0.0272911
97,-2.17437,-5.02021,1.14795
97,-2.16006,-4.66783,0.539903
97,-1.79849,-5.35273,0.576109
97,-2.13246,-5.13465,1.19887
97,-2.16029,-4.67085,0.53207
97,-1.98267,-5.0228,0.555405
97,-2.56926,-3.79424,0.288646
97,-2.07316,-4.13255,-0.619801
97,-2.58592,-4.23399,1.02118
97,-1.99915,-5.04743,0.563951
97,-2.61685,-4.2558,1.06816
97,-2.06847,-4.25016,-0.60844
97,-2.64564,-3.85629,0.295691
97,-2.09428,-4.28902,-0.623652
97,-2.63173,-3.93977,0.289456
97,-2.01164,-5.02831,0.128007
97,-2.58933,-4.50765,0.975878
97,-2.59538,-4.51431,0.983783
97,-2.09456,-4.46874,-0.590438
97,-2.70724,-3.91183,0.253487
97,-2.11465,-4.47872,-0.588038
97,-2.70861,-3.92332,0.230967
97,-2.05857,-5.05518,0.121359
97,-2.7509,-4.426,1.09506
97,-2.40445,-4.55264,0.275698
97,-2.412,-4.56676,0.285002
97,-2.45526,-4.52868,0.28967
97,-2.45867,-4.52894,0.277288
97,-2.46101,-4.53063,0.259906
97,-2.22335,-4.72662,-0.15469
97,-2.18542,-4.55032,-0.584265
97,-2.48344,-4.56343,0.29853
97,-2.30552,-4.61505,-0.182928
97,-2.22278,-4.58376,-0.579194
97,-2.28973,-4.82002,-0.171351
97,-2.24387,-4.65245,-0.584347
97,-2.26767,-4.6353,-0.573887
97,-2.27634,-4.64899,-0.570919
97,-2.35712,-4.89252,-0.368511
97,-2.43625,-4.89621,-0.23471
97,-2.31655,-3.54988,1.14052
96,-2.31655,-3.54988,1.14052
97,-2.33822,-3.5683,1.1487
96,-2.33822,-3.5683,1.1487
97,-2.42793,-4.18294,0.932299
96,-2.42793,-4.18294,0.932299
97,-2.24717,-4.27959,0.77115
96,-2.24717,-4.27959,0.77115
97,-2.25642,-4.1241,1.07168
96,-2.25642,-4.1241,1.07168
97,-2.32774,-2.69389,1.1739
96,-2.32774,-2.69389,1.1739
97,-2.31409,-4.34321,0.991739
96,-2.31409,-4.34321,0.991739
97,-2.2243,-3.50311,0.828561
96,-2.2243,-3.50311,0.828561
97,-2.71908,-2.51634,0.223237
96,-2.71908,-2.51634,0.223237
97,-2.40955,-3.04102,1.30154
96,-2.40955,-3.04102,1.30154
97,-3.42519,-1.66293,-0.516992
96,-3.42519,-1.66293,-0.516992
97,-2.40079,-4.23303,0.835036
96,-2.40079,-4.23303,0.835036
97,-2.29137,-3.52577,1.12366
96,-2.29137,-3.52577,1.12366
97,-2.35445,-4.25639,0.957353
96,-2.35445,-4.25639,0.957353
97,-2.28957,-3.63706,0.940797
96,-2.28957,-3.63706,0.940797
97,-2.35431,-3.26888,0.538281
96,-2.35431,-3.26888,0.538281
97,-2.50048,-2.75219,0.702402
96,-2.50048,-2.75219,0.702402
97,-2.42784,-2.74994,1.34871
96,-2.42784,-2.74994,1.34871
97,-2.55305,-1.84999,-0.605368
96,-2.55305,-1.84999,-0.605368
97,-2.24752,-3.95981,0.324281
96,-2.24752,-3.95981,0.324281
97,-2.30001,-3.5376,1.24316
96,-2.30001,-3.5376,1.24316
97,-2.32724,-3.55494,0.960666
96,-2.32724,-3.55494,0.960666
97,-2.58795,-1.44132,-0.577049
96,-2.58795,-1.44132,-0.577049
97,-2.06136,-4.48936,1.15658
96,-2.06136,-4.48936,1.15658
97,-1.27731,-3.97245,0.779417
96,-1.27731,-3.97245,0.779417
97,-2.32196,-3.71052,0.833567
96,-2.32196,-3.71052,0.833567
97,-2.33387,-3.61664,0.946334
96,-2.33387,-3.61664,0.946334
97,-2.63197,-1.73108,-0.618125
96,-2.63197,-1.73108,-0.618125
97,-2.11717,-4.13319,0.372033
96,-2.11717,-4.13319,0.372033
97,-1.6716,-5.30421,1.15288
96,-1.6716,-5.30421,1.15288
97,-2.3812,-3.28739,0.412283
96,-2.3812,-3.28739,0.412283
97,-2.65292,-1.98598,-0.222897
96,-2.65292,-1.98598,-0.222897
97,-2.47649,-2.84157,0.917796
96,-2.47649,-2.84157,0.917796
97,-2.11308,-4.13664,0.351026
96,-2.11308,-4.13664,0.351026
97,-2.88846,-1.62274,-0.299535
96,-2.88846,-1.62274,-0.299535
97,-0.557155,-1.60402,0.487326
96,-0.557155,-1.60402,0.487326
97,-2.24815,-3.64847,0.961286
96,-2.24815,-3.64847,0.961286
97,-5.47191,-1.5929,-2.05295
96,-5.47191,-1.5929,-2.05295
97,-2.48018,-1.8018,-0.534756
96,-2.48018,-1.8018,-0.534756
97,-2.43359,-3.31881,0.310706
95,-2.43359,-3.31881,0.310706
97,-2.32548,-3.70921,0.770153
95,-2.32548,-3.70921,0.770153
97,-2.36983,-2.79579,1.24556
95,-2.36983,-2.79579,1.24556
97,-2.6017,-2.33834,-0.251368
95,-2.6017,-2.33834,-0.251368
97,-2.85068,-2.38707,-0.324355
95,-2.85068,-2.38707,-0.324355
97,-2.32129,-2.39498,-0.522759
95,-2.32129,-2.39498,-0.522759
97,-2.35955,-3.27037,0.659784
95,-2.35955,-3.27037,0.659784
97,-2.27668,-4.30641,1.07623
95,-2.27668,-4.30641,1.07623
97,-2.66614,-3.81693,0.253468
95,-2.66614,-3.81693,0.253468
97,-2.74974,-1.85045,-0.650746
95,-2.74974,-1.85045,-0.650746
97,-4.30261,-4.53057,0.20786
95,-4.30261,-4.53057,0.20786
97,-2.34204,-4.21694,1.07766
95,-2.34204,-4.21694,1.07766
97,-2.34717,-3.73098,0.966093
95,-2.34717,-3.73098,0.966093
97,-2.32089,-2.1559,-0.0698529
95,-2.32089,-2.1559,-0.0698529
97,-2.35638,-3.58856,1.12067
95,-2.35638,-3.58856,1.12067
97,-2.30149,-4.3331,1.07902
95,-2.30149,-4.3331,1.07902
97,-2.34493,-4.01771,1.04277
95,-2.34493,-4.01771,1.04277
97,-2.34416,-3.57659,1.12099
95,-2.34416,-3.57659,1.12099
97,-2.36457,-4.24803,1.09249
95,-2.36457,-4.24803,1.09249
97,-2.68601,-2.83163,0.983258
95,-2.68601,-2.83163,0.983258
97,-2.46104,-2.84112,0.779495
95,-2.46104,-2.84112,0.779495
97,-2.77253,-1.63011,-0.257095
95,-2.77253,-1.63011,-0.257095
97,-3.01373,-1.66315,-0.356648
95,-3.01373,-1.66315,-0.356648
97,-2.70942,-2.35324,-0.356653
95,-2.70942,-2.35324,-0.356653
97,-3.41288,-2.04398,-1.04118
95,-3.41288,-2.04398,-1.04118
97,-2.29655,-2.1175,-0.588047
95,-2.29655,-2.1175,-0.588047
97,-3.049,-1.66834,-0.369538
95,-3.049,-1.66834,-0.369538
97,-2.36748,-3.79921,0.680502
94,-2.36748,-3.79921,0.680502
97,-2.35485,-4.92094,-0.791854
94,-2.35485,-4.92094,-0.791854
97,-2.33661,-4.10291,0.905428
94,-2.33661,-4.10291,0.905428
97,-2.42531,-2.82526,0.888475
94,-2.42531,-2.82526,0.888475
97,-2.90059,-2.45108,-0.34178
94,-2.90059,-2.45108,-0.34178
97,-1.81751,-2.74528,0.955873
65,-1.81751,-2.74528,0.955873
97,-1.83105,-2.75865,0.955777
65,-1.83105,-2.75865,0.955777
97,-2.54614,-2.79,1.13027
65,-2.54614,-2.79,1.13027
97,-3.30714,-3.86868,0.925706
65,-3.30714,-3.86868,0.925706
97,-2.50836,-3.13999,0.910153
65,-2.50836,-3.13999,0.910153
97,-2.382,-4.27448,0.857435
65,-2.382,-4.27448,0.857435
97,-2.38187,-4.41221,0.97822
65,-2.38187,-4.41221,0.97822
97,-10.3623,-4.76177,-3.6371
65,-10.3623,-4.76177,-3.6371
97,-2.22964,-6.88579,0.523556
66,-2.22964,-6.88579,0.523556
97,-2.18132,-6.78204,0.52679
66,-2.18132,-6.78204,0.52679
97,-1.33954,-4.94305,-0.33826
66,-1.33954,-4.94305,-0.33826
98,-1.23867,-1.34428,-0.0420651
98,-1.21676,-1.35092,-0.102743
98,-1.2149,-1.35243,-0.110722
98,-1.26328,-1.33932,-0.0128515
98,-1.37358,-1.32116,0.158586
98,-0.883579,-4.49822,0.000212908
98,-0.80165,-4.43565,-0.435461
98,-2.44725,-2.85301,1.32872
98,-2.44522,-2.84065,1.30162
98,-2.4403,-2.85532,1.30748
98,-0.906735,-4.48916,-0.531794
98,-2.46473,-2.86304,1.33376
98,-2.45556,-2.86555,1.30801
98,-2.44437,-2.83161,1.18533
98,-0.924856,-4.50277,-0.538022
98,-2.45051,-2.83287,1.17895
98,-0.935241,-4.66918,-0.311086
98,-2.42791,-2.82261,1.05111
98,-0.934118,-4.53166,-0.557014
98,-2.64727,-1.2319,-0.591432
98,-2.69288,-1.18555,-0.583134
98,-2.63367,-1.29587,-0.604347
98,-2.08939,-2.44327,-0.478819
98,-2.45492,-2.83446,1.0089
98,-2.46973,-2.84089,1.04546
98,-1.07351,-4.61625,-0.233806
98,-2.39137,-2.81399,0.759525
98,-1.06862,-4.64226,-0.238433
98,-2.53591,-2.76132,1.04441
98,-1.05496,-4.67992,-0.244392
98,-2.46898,-2.84061,0.948202
98,-2.65679,-1.36503,-0.579847
98,-2.53886,-2.75607,1.00278
98,-2.46358,-2.84033,0.911109
98,-1.06467,-4.69188,-0.249722
98,-2.57503,-2.78212,1.09826
98,-2.71827,-1.32065,-0.519675
98,-2.4523,-2.83194,0.830823
98,-2.1758,-2.36573,-0.544458
98,-2.58723,-2.78979,1.11426
98,-2.44504,-2.82875,0.756827
98,-2.64883,-1.46995,-0.559336
98,-2.17782,-2.37596,-0.565309
98,-2.5714,-2.76585,0.997201
98,-2.59476,-2.76906,1.06223
98,-2.42683,-2.75934,0.604263
98,-2.43653,-2.76804,0.64127
98,-2.53019,-2.79868,0.928966
98,-2.33369,-2.05442,-0.607544
98,-2.57568,-2.76812,0.994337
98,-2.44841,-2.76397,0.641089
98,-2.54914,-2.77512,0.918279
98,-2.44677,-2.74839,0.609216
98,-2.5715,-2.78005,0.97344
98,-1.18339,-4.59083,-0.222777
98,-2.7418,-1.33548,-0.558773
98,-2.46812,-2.76469,0.655433
98,-2.48006,-2.76303,0.68284
98,-1.0323,-4.81353,-0.332169
98,-2.6365,-1.5288,-0.59893
98,-2.46015,-2.74289,0.580608
98,-2.50143,-2.42778,0.257959
98,-2.64046,-1.53868,-0.592428
98,-2.50141,-2.43296,0.260237
98,-2.51093,-2.40917,0.251622
98,-1.18393,-4.63088,-0.225968
98,-2.5164,-2.42599,0.271936
98,-2.68932,-1.46615,-0.590376
98,-2.50035,-2.76247,0.677447
98,-2.64913,-1.54693,-0.590486
98,-2.76091,-1.34913,-0.567496
98,-2.51801,-2.73312,0.676834
98,-2.35227,-2.8041,0.336105
98,-2.70735,-1.446,-0.582592
98,-2.52203,-2.74534,0.699183
98,-2.52608,-2.40857,0.248929
98,-2.3402,-2.14079,-0.609956
98,-2.34553,-2.13403,-0.617752
98,-2.35203,-2.8245,0.32984
98,-2.51436,-2.77179,0.680295
98,-2.35366,-2.84145,0.340747
98,-2.74426,-1.40261,-0.596156
98,-2.53074,-2.70252,0.609457
98,-2.533,-2.7696,0.706519
98,-2.35839,-2.84583,0.33651
98,-2.54407,-2.75562,0.699824
98,-2.67407,-1.5444,-0.613216
98,-2.72946,-1.44961,-0.60676
98,-2.59698,-1.70779,-0.607042
98,-2.57631,-1.75161,-0.603575
98,-2.67,-1.58395,-0.592594
98,-2.46569,-2.64004,0.304743
98,-2.64221,-1.63539,-0.600771
98,-2.58447,-1.74458,-0.605089
98,-2.37478,-2.83001,0.320813
98,-2.43757,-2.6953,0.293087
98,-2.46512,-2.65078,0.303389
98,-2.48106,-2.78479,0.525561
98,-2.7872,-1.37887,-0.587073
98,-2.46019,-2.66899,0.30105
98,-2.43908,-2.76238,0.36972
98,-2.47779,-2.64779,0.301906
98,-2.56,-2.78678,0.702021
98,-2.62381,-1.70478,-0.613931
98,-1.35,-5.08239,0.630337
98,-2.54734,-2.73964,0.582532
98,-2.5132,-1.92144,-0.634432
98,-2.62551,-1.71137,-0.625922
98,-2.46225,-3.1249,0.868037
98,-2.60854,-1.74826,-0.623221
98,-1.2223,-4.70783,-0.245222
98,-2.48791,-2.67161,0.303098
98,-2.61467,-1.75435,-0.616421
98,-2.46805,-3.12717,0.864206
98,-2.63862,-1.70958,-0.623173
98,-2.50629,-2.71307,0.393426
98,-1.35237,-5.11622,0.627273
98,-2.56615,-1.8579,-0.626729
98,-2.65387,-1.70953,-0.603856
98,-2.57745,-1.85971,-0.625221
98,-2.503,-2.69432,0.316192
98,-2.65264,-1.72886,-0.614801
98,-2.59564,-1.83605,-0.625621
98,-2.60327,-1.83381,-0.628598
98,-2.53169,-2.65685,0.300067
98,-2.58351,-2.75524,0.56972
98,-2.59436,-1.87681,-0.616304
98,-2.68583,-1.67864,-0.646673
98,-1.4003,-5.12692,0.649208
98,-2.71328,-1.65341,-0.632365
98,-2.62055,-1.84864,-0.611091
98,-2.60617,-1.88016,-0.607574
98,-2.57223,-1.94663,-0.608985
98,-2.49228,-2.75619,0.280369
98,-2.47692,-2.80516,0.305862
98,-2.47368,-2.81533,0.307652
98,-2.63401,-1.84094,-0.612358
98,-2.59284,-1.93146,-0.606438
98,-2.63361,-1.86568,-0.59991
98,-2.51265,-2.75288,0.289302
98,-2.41471,-3.61954,1.2006
98,-1.35816,-5.19413,0.562585
98,-2.55442,-2.68881,0.290836
98,-2.41637,-3.61269,1.1718
98,-2.47524,-3.33909,0.950278
98,-2.65674,-1.86567,-0.598018
98,-2.4273,-3.61563,1.1713
98,-2.5696,-2.7271,0.321859
98,-2.41656,-3.62208,1.13435
98,-2.36092,-3.6962,1.08424
98,-2.62546,-1.94495,-0.611163
98,-2.66358,-2.47803,0.208903
98,-2.24421,-2.71203,-0.588311
98,-1.45085,-4.4999,-0.255586
98,-1.32459,-4.51847,-0.569082
98,-1.34837,-4.52059,-0.567466
98,-1.72344,-5.02497,1.07661
98,-1.37239,-4.50645,-0.561004
98,-1.89805,-4.5097,0.822262
98,-1.97905,-4.5419,1.07024
98,-1.97607,-4.55059,1.06963
98,-1.96596,-4.59073,1.09245
98,-1.98467,-4.54778,1.07848
98,-2.64223,-2.75077,0.329759
98,-1.72284,-5.0331,1.01739
98,-1.90632,-4.64656,0.97205
98,-1.48131,-4.55138,-0.278136
98,-1.40034,-4.49903,-0.569132
98,-2.3476,-3.32232,0.314984
98,-2.3521,-3.32506,0.307719
98,-2.63999,-2.30057,-0.334034
98,-1.65322,-5.2287,1.05777
98,-2.66404,-2.32543,-0.24793
98,-1.77819,-5.02003,1.08919
98,-1.89595,-4.71051,0.952026
98,-1.8714,-4.77851,0.979095
98,-1.86261,-4.77123,0.93845
98,-2.68882,-2.30508,-0.250502
98,-1.71705,-5.06777,0.955734
98,-1.93154,-4.67314,0.971185
98,-1.93579,-4.68172,0.978733
98,-1.67326,-5.25524,1.04762
98,-1.90659,-4.75908,0.982817
98,-1.84298,-4.76331,0.81579
98,-1.47227,-4.54702,-0.462861
98,-2.48451,-3.13756,0.277072
98,-2.48782,-3.14004,0.285004
98,-1.90357,-4.75829,0.950143
98,-1.92152,-4.58441,0.752021
98,-2.48197,-3.16685,0.290148
98,-1.93375,-4.67296,0.899587
98,-1.83128,-5.01511,1.09334
98,-1.45792,-4.52795,-0.553001
98,-1.44296,-4.75979,-0.282794
98,-1.70487,-5.12611,0.904835
98,-1.65176,-5.27812,0.961023
98,-1.82771,-4.91946,0.923711
98,-1.85543,-4.91174,0.984999
98,-1.80563,-4.84203,0.756868
98,-1.95896,-4.71668,0.983564
98,-1.85979,-4.90827,0.983561
98,-1.56593,-5.19108,0.591434
98,-1.66907,-5.2408,0.930339
98,-1.47537,-4.55726,-0.51575
98,-2.45065,-3.2791,0.293506
98,-1.70537,-5.34827,1.14882
98,-2.51597,-3.15089,0.273318
98,-1.83858,-4.93457,0.92169
98,-1.48982,-4.51901,-0.563703
98,-1.8246,-4.8181,0.70705
98,-1.84741,-4.8629,0.817118
98,-2.00071,-4.52324,0.754722
98,-1.83243,-4.83693,0.72804
98,-1.5044,-4.53144,-0.551577
98,-2.46889,-3.3395,0.358981
98,-1.89283,-4.73919,0.749572
98,-1.66595,-5.27558,0.877134
98,-2.10689,-4.57455,1.08168
98,-2.72324,-2.22579,-0.506346
98,-1.82709,-4.83216,0.677621
98,-2.10886,-4.62539,1.13102
98,-1.88252,-5.06586,1.13477
98,-2.09298,-4.56358,0.995636
98,-2.14956,-4.57882,1.16231
98,-2.03867,-4.49112,0.750956
98,-2.43966,-3.39456,0.309602
98,-1.68599,-5.34528,0.98158
98,-1.50431,-4.54587,-0.586274
98,-2.0105,-4.47578,0.645728
98,-1.99922,-4.50441,0.650228
98,-1.89919,-4.82028,0.812066
98,-2.10868,-4.65102,1.13024
98,-2.1497,-4.59213,1.1535
98,-1.63452,-5.2332,0.669916
98,-1.6664,-5.26334,0.785762
98,-1.86425,-4.98509,0.923255
98,-2.14089,-4.59461,1.11506
98,-1.77872,-4.96298,0.65359
98,-2.06728,-4.50045,0.771992
98,-1.74836,-5.05475,0.682375
98,-2.836,-2.23296,-0.302155
98,-2.11453,-4.55083,0.946014
98,-2.01143,-4.53559,0.653202
98,-1.74906,-5.07947,0.701999
98,-2.1627,-4.61626,1.15773
98,-2.03752,-4.48445,0.644632
98,-1.94584,-4.66852,0.647994
98,-2.4885,-3.36452,0.290378
98,-1.6329,-5.30889,0.684331
98,-1.67255,-5.2339,0.670368
98,-1.73559,-5.28395,0.895751
98,-2.86325,-2.23075,-0.305947
98,-1.85223,-4.9583,0.737879
98,-2.48331,-3.42484,0.308399
98,-2.133,-4.61628,1.00179
98,-1.9624,-4.69333,0.649073
98,-1.90908,-4.80137,0.648722
98,-1.75687,-5.09914,0.646905
98,-2.07021,-4.48907,0.629331
98,-1.80601,-5.02163,0.65055
98,-1.37937,-5.20125,-0.228088
98,-1.78397,-5.05293,0.633098
98,-2.04117,-4.57099,0.647946
98,-2.10321,-4.54736,0.77198
98,-1.8407,-4.94303,0.61295
98,-2.05831,-4.6228,0.743006
98,-1.69264,-5.28071,0.672735
98,-1.70497,-5.29245,0.716937
98,-2.0211,-4.62811,0.642666
98,-2.07985,-4.4997,0.620849
98,-1.86343,-5.06431,0.814443
98,-1.94643,-4.71285,0.552844
98,-2.03094,-4.62646,0.642753
98,-2.00138,-4.70392,0.649624
98,-1.39037,-5.24235,-0.23283
98,-2.09282,-4.51748,0.626244
98,-1.96277,-4.73512,0.553598
98,-1.8964,-4.89148,0.574471
98,-1.88113,-4.9762,0.6443
98,-2.1127,-4.5409,0.633768
98,-1.92786,-4.92308,0.638516
98,-1.41492,-5.28586,-0.258754
98,-2.49547,-3.59627,0.279157
98,-1.88925,-5.00239,0.599274
98,-2.10423,-4.60129,0.595474
98,-2.06272,-5.15722,1.19728
98,-2.08113,-4.67962,0.574441
98,-2.40647,-3.8825,0.298419
98,-2.08975,-5.1447,1.18048
98,-2.51635,-3.6643,0.278824
98,-1.88958,-4.80618,0.149803
98,-2.07538,-5.18011,1.14691
98,-2.19805,-4.96797,1.1668
98,-1.80804,-5.30474,0.584173
98,-2.12391,-4.66932,0.524715
98,-1.80271,-5.3427,0.567484
98,-2.13907,-5.16698,1.20078
98,-2.15546,-4.64959,0.528328
98,-2.50786,-3.83428,0.3265
98,-2.00819,-4.11442,-0.613007
98,-2.12915,-4.71518,0.51952
98,-2.11468,-5.22279,1.14627
98,-1.96851,-5.11788,0.587505
98,-2.15639,-4.70561,0.519646
98,-2.33499,-4.56276,0.770571
98,-2.04356,-4.58494,0.0332699
98,-2.5438,-3.8217,0.267327
98,-2.05295,-4.12471,-0.61417
98,-2.07496,-4.6245,-0.00196463
98,-2.44753,-4.11122,0.26901
98,-2.034,-4.31424,-0.571165
98,-2.03119,-4.33053,-0.574647
98,-2.69365,-3.71487,0.296013
98,-2.10936,-4.88734,0.323498
98,-2.48095,-4.1318,0.259103
98,-2.51536,-4.16205,0.258864
98,-2.08282,-4.38241,-0.606714
98,-2.07468,-4.44161,-0.592987
98,-2.07129,-4.8167,-0.111121
98,-2.52196,-4.24095,0.258511
98,-2.09995,-4.47913,-0.592814
98,-2.73305,-3.89992,0.246557
98,-2.74936,-3.91474,0.240774
98,-2.57204,-4.37437,0.250948
98,-2.25649,-4.73182,-0.140816
98,-2.24724,-4.55559,-0.453557
98,-2.19441,-4.60958,-0.55112
98,-2.25543,-4.5644,-0.472577
98,-2.28753,-4.58439,-0.452461
98,-2.23726,-4.60785,-0.556283
98,-2.25514,-4.57857,-0.563495
98,-2.32586,-4.77832,-0.189314
98,-2.23905,-4.67205,-0.610694
98,-2.25709,-4.66597,-0.595429
98,-2.25082,-4.67957,-0.612263
98,-2.40152,-4.68113,-0.231155
98,-2.26679,-4.68094,-0.59438
98,-2.34856,-4.65827,-0.462937
98,-2.35636,-4.66611,-0.461053
98,-2.42219,-4.73274,-0.464135
98,-2.42227,-4.73282,-0.464172
98,-2.43113,-4.8975,-0.242486
98,-2.46551,-4.78868,-0.448438
98,-2.46433,-4.79012,-0.452384
98,-2.47754,-4.77537,-0.438586
98,-2.46809,-4.7824,-0.472687
98,-2.48856,-4.78349,-0.421501
98,-2.51301,-4.82723,-0.450984
98,-4.43035,-5.81444,1.04005
98,-2.35378,-3.74213,0.703798
97,-2.35378,-3.74213,0.703798
98,-2.42851,-2.23279,-0.160869
97,-2.42851,-2.23279,-0.160869
98,-2.3401,-3.62817,0.689139
97,-2.3401,-3.62817,0.689139
98,-2.57984,-2.75608,0.567499
97,-2.57984,-2.75608,0.567499
98,-2.43908,-3.1122,0.952888
97,-2.43908,-3.1122,0.952888
98,-2.29332,-3.74366,0.697379
97,-2.29332,-3.74366,0.697379
98,-2.35318,-3.80472,1.07393
97,-2.35318,-3.80472,1.07393
98,-2.00817,-4.44898,0.678828
97,-2.00817,-4.44898,0.678828
98,-2.27373,-3.95112,1.00911
97,-2.27373,-3.95112,1.00911
98,-2.34256,-4.00695,1.05253
97,-2.34256,-4.00695,1.05253
98,-2.87851,-1.33906,-0.641166
97,-2.87851,-1.33906,-0.641166
98,-2.53678,-3.16776,0.94785
97,-2.53678,-3.16776,0.94785
98,-2.63716,-1.86437,-0.659459
97,-2.63716,-1.86437,-0.659459
98,-1.05067,-1.67429,0.202093
97,-1.05067,-1.67429,0.202093
98,-3.16352,-1.31897,-0.780428
97,-3.16352,-1.31897,-0.780428
98,-2.35251,-3.73504,0.771069
97,-2.35251,-3.73504,0.771069
98,-1.73337,-4.89113,0.66727
97,-1.73337,-4.89113,0.66727
98,-2.47231,-2.76635,0.351366
97,-2.47231,-2.76635,0.351366
98,-2.51293,-3.86625,0.762581
97,-2.51293,-3.86625,0.762581
98,-2.57725,-1.69961,-0.565823
97,-2.57725,-1.69961,-0.565823
98,-2.31366,-3.60348,0.362117
97,-2.31366,-3.60348,0.362117
98,-2.50657,-2.36293,-0.495292
97,-2.50657,-2.36293,-0.495292
98,-2.46763,-2.14204,-0.401783
97,-2.46763,-2.14204,-0.401783
98,-2.32306,-2.1809,-0.333613
97,-2.32306,-2.1809,-0.333613
98,-2.76136,-1.27622,-0.527394
97,-2.76136,-1.27622,-0.527394
98,-2.57562,-1.63122,-0.572116
97,-2.57562,-1.63122,-0.572116
98,-2.40409,-2.14279,-0.65662
97,-2.40409,-2.14279,-0.65662
98,-2.29059,-2.40339,-0.505979
97,-2.29059,-2.40339,-0.505979
98,-1.67695,-5.27105,0.588953
97,-1.67695,-5.27105,0.588953
98,-2.38064,-1.38249,-0.425174
97,-2.38064,-1.38249,-0.425174
98,-2.35162,-3.6177,0.802714
96,-2.35162,-3.6177,0.802714
98,-2.33591,-3.56825,1.20267
96,-2.33591,-3.56825,1.20267
98,-2.34678,-3.57254,1.04217
96,-2.34678,-3.57254,1.04217
98,-2.36819,-3.64702,0.691213
96,-2.36819,-3.64702,0.691213
98,-2.32781,-3.59667,0.801333
96,-2.32781,-3.59667,0.801333
98,-2.59,-1.04441,-0.465395
96,-2.59,-1.04441,-0.465395
98,-2.4991,-2.80567,0.440723
96,-2.4991,-2.80567,0.440723
98,-2.59874,-1.93889,-0.672513
96,-2.59874,-1.93889,-0.672513
98,-2.2358,-2.38029,-0.46982
96,-2.2358,-2.38029,-0.46982
98,-2.39961,-2.67144,0.691095
96,-2.39961,-2.67144,0.691095
98,-2.40791,-3.30011,0.954187
95,-2.40791,-3.30011,0.954187
98,-2.62788,-4.35538,0.859651
95,-2.62788,-4.35538,0.859651
98,-2.33599,-3.56418,0.662893
95,-2.33599,-3.56418,0.662893
98,-2.68053,-2.83112,0.686825
95,-2.68053,-2.83112,0.686825
98,-1.75778,-5.15395,0.654165
95,-1.75778,-5.15395,0.654165
98,-2.32691,-3.5695,1.11867
95,-2.32691,-3.5695,1.11867
98,-1.98615,-1.5229,0.0621439
95,-1.98615,-1.5229,0.0621439
98,-2.57949,-3.1858,0.893056
94,-2.57949,-3.1858,0.893056
98,-2.53918,-2.78284,0.58233
94,-2.53918,-2.78284,0.58233
98,-2.41864,-2.37382,-0.325247
94,-2.41864,-2.37382,-0.325247
98,-2.37202,-3.76708,0.761269
94,-2.37202,-3.76708,0.761269
98,-1.52305,-4.91056,1.12254
65,-1.52305,-4.91056,1.12254
98,-2.37415,-4.38836,0.971752
65,-2.37415,-4.38836,0.971752
99,-1.07668,-1.3934,-0.266924
99,-1.06601,-1.3904,-0.293376
99,-1.05055,-1.40695,-0.311061
99,-1.10758,-1.38318,-0.215584
99,-1.07524,-1.4004,-0.271647
99,-1.07874,-1.40054,-0.269219
99,-1.0863,-1.39394,-0.264603
99,-1.05877,-1.40554,-0.317873
99,-1.14201,-1.38548,-0.169043
99,-1.11063,-1.37862,-0.249435
99,-1.13736,-1.37079,-0.200463
99,-1.12307,-1.38889,-0.227542
99,-1.13444,-1.37582,-0.225168
99,-1.15774,-1.37731,-0.185094
99,-1.34353,-1.34225,0.0726539
99,-1.84008,-1.76481,0.0796295
99,-1.91661,-1.70518,0.047148
99,-2.02426,-1.71558,0.00561023
99,-0.823056,-4.50076,0.0254588
99,-0.813955,-4.57173,-0.220611
99,-0.802987,-4.55231,-0.30145
99,-0.808447,-4.49893,-0.347905
99,-1.86475,-1.81293,-0.655213
99,-0.809287,-4.55662,-0.305165
99,-0.775786,-4.53802,-0.395538
99,-0.817108,-4.46794,-0.453156
99,-1.04835,-3.78001,-0.630325
99,-0.798654,-4.57547,-0.429929
99,-0.796281,-4.56833,-0.443242
99,-1.06011,-3.79094,-0.642035
99,-0.845877,-4.56191,-0.387447
99,-0.843512,-4.52741,-0.459444
99,-0.844566,-4.54544,-0.460519
99,-0.945425,-4.65018,-0.307814
99,-0.951529,-4.65058,-0.316067
99,-0.896801,-4.53194,-0.593195
99,-0.9034,-4.54656,-0.597084
99,-0.953781,-4.51864,-0.531891
99,-1.06627,-4.55778,-0.254624
99,-1.06805,-4.56113,-0.258386
99,-0.941723,-4.52838,-0.562877
99,-1.00581,-4.64104,-0.323716
99,-1.01632,-4.63717,-0.308271
99,-1.0308,-4.66135,-0.323461
99,-1.31793,-5.07354,0.63406
99,-1.11367,-4.67732,-0.23868
99,-1.09336,-4.72608,-0.255353
99,-1.36063,-5.08141,0.653092
99,-1.34433,-5.10526,0.633181
99,-2.55219,-2.77156,0.979903
99,-1.37648,-5.10338,0.657457
99,-1.3165,-5.14912,0.567125
99,-2.30696,-2.82162,0.341602
99,-2.56331,-1.35175,-0.548884
99,-2.4817,-2.7805,0.63766
99,-2.57213,-1.30375,-0.581874
99,-2.3447,-2.78795,0.325171
99,-2.50179,-2.78022,0.649089
99,-2.50749,-2.76726,0.643125
99,-2.34019,-2.8551,0.335545
99,-1.58504,-5.19265,0.922907
99,-2.52131,-2.79056,0.633564
99,-2.35175,-2.85469,0.33028
99,-2.55541,-2.7948,0.698466
99,-2.54386,-2.78811,0.665932
99,-2.1538,-2.39555,-0.544588
99,-2.57059,-2.79258,0.72162
99,-1.48806,-5.09534,0.599077
99,-2.43639,-3.31763,0.929576
99,-2.54362,-2.76855,0.635342
99,-2.56092,-2.79415,0.696108
99,-2.44626,-3.32252,0.942133
99,-2.37,-2.84886,0.323164
99,-1.98523,-4.52111,1.08526
99,-2.62209,-1.34444,-0.580269
99,-2.45552,-2.65895,0.314274
99,-2.38873,-2.83102,0.333901
99,-2.60369,-1.37175,-0.597932
99,-2.58476,-2.77625,0.697951
99,-2.33775,-3.57402,0.926529
99,-1.87499,-4.60735,0.919297
99,-2.36701,-2.8672,0.309688
99,-2.40383,-2.79744,0.321415
99,-2.46593,-2.6449,0.306818
99,-2.34909,-3.58027,0.945452
99,-2.37581,-2.867,0.314801
99,-1.18367,-4.55503,-0.625967
99,-2.36821,-3.70451,1.09383
99,-2.63189,-1.36763,-0.583385
99,-1.69095,-4.68597,0.560933
99,-2.43116,-2.77438,0.319452
99,-2.42573,-2.8037,0.32717
99,-2.68051,-1.23912,-0.620779
99,-2.44504,-2.77732,0.340705
99,-1.49246,-5.18857,0.592643
99,-1.3878,-4.58994,-0.209681
99,-1.41403,-4.54045,-0.208895
99,-2.4959,-2.64894,0.301063
99,-2.40747,-2.87483,0.322061
99,-2.42744,-2.81474,0.304933
99,-2.20066,-2.41029,-0.568486
99,-2.65706,-1.37083,-0.58565
99,-1.76032,-4.75571,0.71453
99,-2.49956,-2.7165,0.350182
99,-1.42159,-4.54583,-0.215308
99,-1.92211,-4.67971,0.976363
99,-2.29307,-2.18631,-0.606549
99,-1.73072,-5.0882,0.953705
99,-2.31712,-2.13041,-0.616092
99,-2.72205,-1.20757,-0.631649
99,-1.87595,-4.7936,0.972341
99,-2.31812,-2.14954,-0.602769
99,-2.50399,-2.68674,0.295142
99,-1.92223,-4.83159,1.09379
99,-2.06375,-4.51143,1.08575
99,-2.32586,-2.36373,-0.405535
99,-2.36825,-2.04205,-0.621936
99,-1.88004,-4.76608,0.927193
99,-2.7545,-1.28219,-0.530043
99,-2.51927,-2.68668,0.304104
99,-2.29451,-2.39454,-0.455471
99,-1.43599,-4.5619,-0.226529
99,-2.28204,-2.39773,-0.489899
99,-2.51786,-2.69212,0.294086
99,-1.93191,-4.6605,0.914559
99,-1.44491,-4.51523,-0.266822
99,-2.07238,-4.50886,1.06812
99,-2.60654,-2.45041,0.246832
99,-2.03507,-4.51758,0.989926
99,-2.31627,-2.18364,-0.634127
99,-2.74312,-1.34858,-0.523008
99,-2.53505,-2.73135,0.348671
99,-2.31896,-2.18572,-0.636062
99,-2.06394,-4.51795,1.04015
99,-1.41837,-4.64488,-0.226614
99,-2.0479,-4.51071,0.984389
99,-2.31285,-2.39559,-0.465292
99,-1.94472,-4.85899,1.09359
99,-2.53583,-2.72254,0.321903
99,-1.94597,-4.67508,0.914113
99,-1.90525,-4.78781,0.933428
99,-1.45799,-4.52633,-0.272113
99,-1.93333,-4.5986,0.811916
99,-2.05331,-4.51377,0.982977
99,-1.72652,-5.04335,0.776364
99,-2.31631,-2.39792,-0.496172
99,-1.60014,-5.24173,0.678133
99,-2.5513,-2.69797,0.287524
99,-2.55906,-1.76737,-0.59706
99,-1.78222,-4.73139,0.562807
99,-1.9302,-4.75296,0.895952
99,-2.05796,-4.71791,1.13418
99,-2.41429,-2.03326,-0.663156
99,-2.56107,-1.77176,-0.603886
99,-2.72957,-1.41391,-0.587198
99,-2.07248,-4.51917,0.955207
99,-2.40801,-3.31713,0.527043
99,-1.84482,-4.72461,0.662635
99,-1.29436,-4.59667,-0.637428
99,-2.58564,-1.73858,-0.602507
99,-1.76625,-4.78424,0.546047
99,-2.41521,-3.31856,0.529538
99,-2.5877,-1.73753,-0.607925
99,-2.47752,-1.98061,-0.613516
99,-2.07476,-4.50838,0.93299
99,-2.54759,-1.83144,-0.608417
99,-2.60195,-1.70135,-0.619408
99,-1.81321,-4.82803,0.669552
99,-2.61003,-1.69847,-0.615599
99,-1.80401,-4.74361,0.56034
99,-1.65973,-5.23788,0.722734
99,-1.64709,-5.17817,0.621524
99,-1.87525,-4.6954,0.643585
99,-2.85776,-1.14768,-0.643731
99,-1.83861,-4.85001,0.704247
99,-1.43399,-4.50817,-0.491599
99,-2.52552,-1.92644,-0.628667
99,-2.57956,-1.84574,-0.592528
99,-1.87775,-4.63342,0.560415
99,-2.74252,-1.45717,-0.623736
99,-2.52693,-1.92478,-0.641938
99,-2.66407,-1.65599,-0.61336
99,-2.71505,-1.53216,-0.624689
99,-2.59222,-1.8474,-0.587258
99,-1.87437,-4.67819,0.569415
99,-2.55258,-1.95304,-0.583852
99,-1.34012,-4.60978,-0.645104
99,-2.46637,-3.34192,0.554367
99,-2.56763,-1.89785,-0.612168
99,-1.96286,-4.57716,0.646334
99,-1.89646,-4.65949,0.578804
99,-2.58047,-1.89427,-0.593768
99,-2.45129,-3.33277,0.499661
99,-2.57713,-1.90161,-0.605896
99,-1.81995,-4.93249,0.659782
99,-1.89398,-4.68062,0.575853
99,-1.83501,-4.79121,0.552273
99,-2.01899,-4.5013,0.665999
99,-1.84197,-4.83759,0.606923
99,-2.55833,-1.94875,-0.61769
99,-2.55544,-1.92994,-0.64438
99,-2.6907,-1.67367,-0.60122
99,-2.61044,-1.87901,-0.580406
99,-2.69663,-1.67124,-0.605422
99,-2.47242,-3.34245,0.507201
99,-1.66784,-5.3104,0.661085
99,-1.88985,-4.55115,0.408634
99,-2.23652,-2.74243,-0.589284
99,-2.24538,-2.72301,-0.59244
99,-2.73272,-2.47523,0.209097
99,-2.06677,-4.53443,0.745071
99,-1.77169,-5.04264,0.593654
99,-1.7012,-5.22899,0.620376
99,-1.70158,-5.19465,0.587952
99,-2.05502,-4.57888,0.752456
99,-2.59756,-1.93679,-0.605281
99,-2.71555,-1.67115,-0.612854
99,-2.58362,-2.39233,-0.210277
99,-2.61654,-1.90394,-0.607511
99,-1.84167,-4.99933,0.684839
99,-2.59645,-1.95422,-0.604278
99,-1.8109,-4.98411,0.599287
99,-2.25602,-2.73684,-0.59684
99,-1.81903,-4.97633,0.595141
99,-1.72951,-5.17854,0.587333
99,-2.6276,-1.90606,-0.614979
99,-1.8284,-5.03516,0.653495
99,-2.42695,-3.31254,0.290565
99,-2.70898,-1.74517,-0.600565
99,-2.11505,-4.56981,0.813281
99,-1.83475,-5.035,0.642817
99,-1.84935,-5.02983,0.666498
99,-1.75553,-5.16447,0.592523
99,-2.09307,-4.57735,0.741909
99,-2.46258,-3.28838,0.298533
99,-1.8659,-4.93918,0.594758
99,-2.51758,-3.36627,0.485645
99,-1.86608,-4.99483,0.643729
99,-2.05731,-4.5777,0.641965
99,-2.46568,-3.35235,0.346019
99,-2.04351,-4.57161,0.597533
99,-1.75288,-5.21507,0.58778
99,-1.50845,-4.56754,-0.564102
99,-2.09897,-4.51968,0.650399
99,-2.63268,-2.30229,-0.331818
99,-2.47598,-3.30343,0.285601
99,-1.85325,-5.07212,0.633602
99,-2.75524,-1.74991,-0.615541
99,-1.88317,-4.59803,0.233132
99,-2.54801,-2.27587,-0.562565
99,-2.49433,-3.31396,0.305284
99,-2.11361,-4.54304,0.66096
99,-2.28316,-3.79986,0.313174
99,-2.29025,-3.79537,0.320008
99,-2.05165,-4.66968,0.636648
99,-2.11799,-4.53808,0.641296
99,-2.7606,-1.76987,-0.622177
99,-2.52373,-3.27163,0.284037
99,-1.90339,-4.98339,0.583217
99,-2.39418,-3.58827,0.296854
99,-2.0294,-4.76682,0.633094
99,-1.83298,-4.74568,0.188687
99,-2.29959,-3.83836,0.319384
99,-1.54659,-4.60272,-0.568131
99,-2.52406,-3.32184,0.283651
99,-2.07504,-4.69698,0.633797
99,-2.32142,-3.80114,0.301537
99,-2.413,-3.59481,0.296276
99,-2.69233,-2.39325,-0.253149
99,-2.48794,-3.43374,0.29867
99,-2.06142,-4.76674,0.630239
99,-2.12373,-4.65801,0.653756
99,-2.69797,-2.04601,-0.610622
99,-2.15555,-4.57047,0.622464
99,-2.44,-3.58843,0.292864
99,-1.9439,-5.02415,0.580142
99,-2.66592,-2.34617,-0.438558
99,-2.44149,-3.62229,0.296261
99,-2.08543,-4.80996,0.627643
99,-2.00455,-4.89951,0.537287
99,-1.44129,-5.33708,-0.272509
99,-2.47214,-3.59446,0.269029
99,-2.77851,-2.34012,-0.284166
99,-2.79794,-2.29672,-0.292225
99,-2.7826,-2.33997,-0.289468
99,-2.43233,-3.77533,0.325111
99,-2.15052,-4.65799,0.555678
99,-2.02752,-4.92293,0.542835
99,-2.81442,-2.2792,-0.304338
99,-2.76707,-2.28155,-0.418361
99,-2.67438,-2.29536,-0.615692
99,-2.78343,-2.39159,-0.311683
99,-2.05765,-4.96168,0.534412
99,-2.44932,-3.85005,0.287441
99,-2.18904,-4.68753,0.528437
99,-2.06572,-4.97318,0.535189
99,-2.01734,-4.57601,0.0290955
99,-2.96189,-2.11013,-0.341846
99,-2.20354,-4.72178,0.521334
99,-2.58589,-3.89885,0.509873
99,-2.99576,-2.12912,-0.357274
99,-2.06436,-5.12095,0.495302
99,-2.99206,-2.16122,-0.349931
99,-3.0108,-2.18295,-0.32124
99,-2.07951,-5.21469,0.559402
99,-3.03613,-2.13329,-0.362093
99,-2.09676,-5.29572,0.575346
99,-2.05737,-4.12227,-0.628085
99,-2.05144,-4.15456,-0.641504
99,-2.59947,-3.88104,0.266297
99,-2.09033,-4.14732,-0.633801
99,-2.04561,-4.30692,-0.629553
99,-2.09258,-4.26625,-0.584513
99,-2.06686,-4.35521,-0.630092
99,-2.56546,-4.22045,0.255677
99,-2.23112,-5.0156,0.292977
99,-2.08825,-4.40235,-0.611755
99,-2.10905,-4.44465,-0.545985
99,-2.11204,-4.48944,-0.596863
99,-2.11429,-4.51199,-0.611289
99,-2.16492,-4.44246,-0.648939
99,-2.12633,-4.58546,-0.648938
99,-2.20031,-4.54213,-0.541869
99,-2.34183,-4.5938,-0.208663
99,-2.18433,-4.55506,-0.585572
99,-2.66659,-4.46716,0.230163
99,-2.39965,-4.63454,-0.223749
99,-2.40614,-4.65256,-0.217109
99,-2.69365,-4.46632,0.217811
99,-2.25652,-4.62549,-0.567792
99,-2.41273,-4.65943,-0.230757
99,-2.25415,-4.65875,-0.582991
99,-2.35311,-4.6233,-0.409131
99,-2.35771,-4.64913,-0.405563
99,-2.3833,-4.67925,-0.380428
99,-2.40192,-4.68093,-0.37327
99,-2.46377,-4.70448,-0.250651
99,-2.56081,-4.75036,-0.0449535
99,-2.47602,-4.72818,-0.254576
99,-2.47114,-4.75584,-0.244056
99,-2.42602,-4.71744,-0.394013
99,-2.40229,-4.73093,-0.43442
99,-2.48764,-4.73995,-0.248933
99,-2.42812,-4.7101,-0.405244
99,-2.47848,-4.78444,-0.292598
99,-2.50977,-4.83791,-0.316753
99,-2.61774,-4.86895,-0.300115
99,-2.71947,-4.94715,-0.346774
99,-3.00936,-5.20605,-0.424706
99,-2.42938,-3.74484,0.64793
98,-2.42938,-3.74484,0.64793
99,-2.03613,-4.35788,-0.39225
98,-2.03613,-4.35788,-0.39225
99,-2.36267,-3.29278,0.614227
98,-2.36267,-3.29278,0.614227
99,-2.90421,-2.31326,-0.335351
98,-2.90421,-2.31326,-0.335351
99,-2.7666,-1.74331,-0.630621
98,-2.7666,-1.74331,-0.630621
99,-1.53,-4.39489,0.847929
98,-1.53,-4.39489,0.847929
99,-1.99605,-4.48116,0.669921
98,-1.99605,-4.48116,0.669921
99,-2.33747,-3.7357,0.697721
98,-2.33747,-3.7357,0.697721
99,-2.25853,-3.59222,0.349232
98,-2.25853,-3.59222,0.349232
99,-2.56569,-2.7876,0.666527
98,-2.56569,-2.7876,0.666527
99,-2.7216,-1.95249,-0.660765
98,-2.7216,-1.95249,-0.660765
99,-2.20648,-5.00862,0.902733
98,-2.20648,-5.00862,0.902733
99,-2.27688,-4.7708,1.14266
98,-2.27688,-4.7708,1.14266
99,-2.45737,-2.84159,0.895073
98,-2.45737,-2.84159,0.895073
99,-2.51371,-2.4283,0.263578
98,-2.51371,-2.4283,0.263578
99,-2.45649,-3.65555,0.323096
98,-2.45649,-3.65555,0.323096
99,-2.42136,-3.7954,0.751682
98,-2.42136,-3.7954,0.751682
99,-2.74032,-1.4223,-0.628126
98,-2.74032,-1.4223,-0.628126
99,-1.89677,-4.76531,0.954586
98,-1.89677,-4.76531,0.954586
99,-1.33319,-4.27466,0.730809
98,-1.33319,-4.27466,0.730809
99,-2.44878,-1.2664,-0.502414
98,-2.44878,-1.2664,-0.502414
99,-2.67735,-2.79964,1.0577
98,-2.67735,-2.79964,1.0577
99,-1.85549,-1.68165,-0.223818
98,-1.85549,-1.68165,-0.223818
99,-3.141,-2.93826,0.616723
98,-3.141,-2.93826,0.616723
99,-1.20587,-4.18227,-0.332096
98,-1.20587,-4.18227,-0.332096
99,-1.6407,-1.48045,-0.0829968
98,-1.6407,-1.48045,-0.0829968
99,-1.46151,-4.66956,0.677536
98,-1.46151,-4.66956,0.677536
99,-2.29992,-2.39737,-0.611869
98,-2.29992,-2.39737,-0.611869
99,-2.099,-1.4246,-0.280471
98,-2.099,-1.4246,-0.280471
99,-2.11775,-2.35609,-0.50971
98,-2.11775,-2.35609,-0.50971
99,-2.69232,-2.26394,-0.260321
97,-2.69232,-2.26394,-0.260321
99,-2.36453,-3.31532,0.325391
97,-2.36453,-3.31532,0.325391
99,-2.42082,-3.79825,0.296558
97,-2.42082,-3.79825,0.296558
99,-2.37758,-3.61961,0.63439
97,-2.37758,-3.61961,0.63439
99,-2.40643,-3.31141,0.656893
97,-2.40643,-3.31141,0.656893
99,-2.49182,-1.64288,-0.153151
97,-2.49182,-1.64288,-0.153151
99,-1.95199,-2.43015,-0.423777
97,-1.95199,-2.43015,-0.423777
99,-2.62057,-2.20075,-0.225147
97,-2.62057,-2.20075,-0.225147
99,-1.01894,-1.78264,0.170168
97,-1.01894,-1.78264,0.170168
99,-1.9706,-4.58921,0.814074
97,-1.9706,-4.58921,0.814074
99,-2.52584,-2.79124,0.565691
96,-2.52584,-2.79124,0.565691
99,-2.06971,-1.89867,-0.327952
96,-2.06971,-1.89867,-0.327952
99,-2.85725,-1.62267,-0.287456
96,-2.85725,-1.62267,-0.287456
99,-2.324,-3.58802,0.703737
95,-2.324,-3.58802,0.703737
99,-6.09814,-7.23358,0.284198
95,-6.09814,-7.23358,0.284198
99,-2.33103,-3.595,0.702309
95,-2.33103,-3.595,0.702309
99,-2.71708,-1.58253,-0.621478
95,-2.71708,-1.58253,-0.621478
99,-2.31522,-4.23256,1.00771
95,-2.31522,-4.23256,1.00771
99,-2.37741,-3.66783,0.336032
95,-2.37741,-3.66783,0.336032
99,-1.2604,-5.15835,-0.23086
65,-1.2604,-5.15835,-0.23086
100,0.357594,-2.39777,0.919596
100,-0.237072,-2.0352,0.479014
100,-0.456766,-1.92016,0.384354
100,-0.855484,-1.46517,-0.521783
100,-0.861563,-1.45922,-0.535621
100,-0.87563,-1.45345,-0.543081
100,-1.0234,-1.4135,-0.305125
100,-1.10234,-1.38784,-0.208423
100,-0.5167,-2.62312,-0.582732
100,-1.38747,-1.62311,0.22905
100,-0.595122,-2.64373,-0.664838
100,-0.716075,-4.3451,0.288998
100,-0.779498,-4.27468,0.341694
100,-0.779476,-4.28322,0.340942
100,-0.785748,-4.28102,0.337695
100,-0.818976,-4.35241,0.313808
100,-0.859592,-4.42152,0.299819
100,-0.716542,-4.48354,0.0376849
100,-0.727143,-4.49204,0.0303828
100,-0.76146,-4.51865,-0.053404
100,-0.792061,-4.53854,-0.0619701
100,-0.830789,-4.54893,-0.0306985
100,-0.858249,-4.57354,0.00594676
100,-0.863634,-4.58295,0.0090214
100,-0.875426,-4.6057,-0.00470895
100,-0.928304,-4.54927,-0.0174589
100,-0.943257,-4.58275,-0.0274405
100,-0.784136,-4.58328,-0.346838
100,-0.832367,-4.61479,-0.23855
100,-0.790486,-4.47991,-0.443544
100,-0.792782,-4.61605,-0.354633
100,-0.797228,-4.62691,-0.35898
100,-0.848884,-4.66461,-0.257357
100,-0.830913,-4.55113,-0.379973
100,-0.849855,-4.59373,-0.329634
100,-0.748903,-4.58819,-0.531039
100,-0.852035,-4.62409,-0.33405
100,-0.84477,-4.53134,-0.470458
100,-0.860338,-4.53952,-0.472478
100,-0.925551,-4.5186,-0.366544
100,-0.942664,-4.64207,-0.258833
100,-1.03974,-4.54265,-0.238332
100,-1.03299,-4.5195,-0.277552
100,-1.0154,-4.65991,-0.245393
100,-1.0154,-4.59845,-0.318215
100,-1.01596,-4.61012,-0.31066
100,-0.89706,-4.53386,-0.59703
100,-1.04624,-4.67227,-0.240144
100,-1.11502,-4.557,-0.190568
100,-1.03087,-4.69141,-0.260553
100,-1.0646,-4.63058,-0.262794
100,-0.96149,-4.53686,-0.575242
100,-1.06672,-4.7106,-0.261859
100,-1.20476,-4.50403,-0.153388
100,-1.00337,-4.50564,-0.602842
100,-1.11157,-4.70105,-0.265312
100,-0.99578,-4.538,-0.620776
100,-1.46734,-5.08722,0.595005
100,-2.23119,-2.63473,0.351883
100,-2.17364,-2.8338,0.378373
100,-1.28779,-4.53799,-0.198158
100,-1.70241,-4.72108,0.715813
100,-1.49357,-5.15942,0.609212
100,-1.50272,-5.11961,0.596408
100,-1.71713,-4.71708,0.726544
100,-2.23319,-2.82655,0.353525
100,-1.51337,-5.19964,0.607961
100,-1.86795,-4.69907,0.935017
100,-1.9023,-4.67346,0.982724
100,-2.46628,-2.8427,0.789371
100,-1.88101,-4.71631,0.961217
100,-1.64921,-5.06304,0.75456
100,-1.73955,-4.65722,0.61686
100,-1.7172,-4.71865,0.61347
100,-1.92061,-4.67356,0.96816
100,-2.33109,-2.64444,0.337106
100,-2.4406,-2.77397,0.636999
100,-1.74282,-4.73229,0.63347
100,-1.72998,-4.94129,0.74406
100,-2.29255,-2.8202,0.348751
100,-1.90185,-4.78498,0.961471
100,-2.28531,-2.83802,0.339356
100,-1.87752,-4.79904,0.917371
100,-1.77278,-4.42294,0.427007
100,-2.49858,-2.76493,0.664731
100,-2.50118,-2.7735,0.671581
100,-1.38055,-4.52288,-0.275498
100,-1.75955,-4.91541,0.72349
100,-2.5109,-2.76804,0.676514
100,-1.92281,-4.70678,0.886651
100,-2.32481,-2.8271,0.3483
100,-1.38765,-4.52441,-0.280411
100,-1.72746,-5.09303,0.757951
100,-1.95316,-4.66533,0.88902
100,-2.51804,-2.77629,0.662307
100,-2.33913,-2.79281,0.326623
100,-2.52309,-2.77787,0.671174
100,-2.53691,-2.79304,0.706977
100,-1.58272,-5.24823,0.575972
100,-1.83285,-4.66656,0.647289
100,-1.88977,-4.79589,0.835824
100,-2.49044,-2.74185,0.562005
100,-1.72395,-4.99715,0.651201
100,-2.50544,-2.74639,0.586542
100,-2.07166,-4.52554,0.981977
100,-2.36622,-2.79322,0.333803
100,-1.81244,-4.71752,0.603544
100,-1.43967,-4.54432,-0.248033
100,-1.96825,-4.65362,0.847631
100,-1.84953,-4.72029,0.662647
100,-1.68171,-5.27619,0.724436
100,-2.36638,-2.79763,0.318816
100,-1.41174,-4.57135,-0.292963
100,-2.35558,-2.86109,0.331737
100,-2.58043,-2.7905,0.70542
100,-1.76964,-4.89845,0.602423
100,-1.67064,-5.26832,0.669062
100,-2.5694,-2.78614,0.673845
100,-1.45076,-4.55409,-0.255485
100,-2.08721,-4.51545,0.944224
100,-2.38254,-2.79653,0.313858
100,-1.45502,-4.57138,-0.242308
100,-1.80922,-4.97307,0.721131
100,-2.38827,-2.79827,0.322623
100,-2.5462,-2.77721,0.610617
100,-1.85143,-4.66189,0.57539
100,-1.97179,-4.47024,0.671402
100,-2.35869,-3.58745,0.801889
100,-1.86871,-4.61996,0.569015
100,-1.95594,-4.503,0.651714
100,-1.78881,-5.35261,0.897086
100,-1.76494,-5.18448,0.714087
100,-2.62837,-2.77331,0.698408
100,-1.75201,-5.1866,0.66759
100,-1.73008,-5.18703,0.597634
100,-2.04696,-4.52606,0.747149
100,-2.44278,-2.79946,0.307941
100,-1.73586,-5.23461,0.63988
100,-2.46084,-2.78551,0.325084
100,-1.97653,-4.58978,0.645363
100,-1.84805,-4.54905,0.351253
100,-2.66381,-2.75189,0.672388
100,-2.03525,-4.49044,0.665635
100,-2.54056,-1.31349,-0.574973
100,-1.83023,-5.05214,0.656138
100,-2.08713,-4.52134,0.779189
100,-1.83711,-4.96726,0.597296
100,-2.58701,-2.423,0.25554
100,-2.4825,-2.78425,0.29576
100,-2.00148,-4.62143,0.645124
100,-1.44242,-4.53504,-0.505915
100,-1.84921,-5.0653,0.64742
100,-2.19423,-2.38682,-0.558515
100,-2.20065,-2.39049,-0.545298
100,-2.56326,-1.35138,-0.571883
100,-2.43045,-3.3183,0.538134
100,-2.18685,-2.40521,-0.569718
100,-1.93715,-4.7426,0.573364
100,-2.08298,-4.5797,0.740416
100,-2.37335,-3.59452,0.601323
100,-2.05103,-4.5749,0.641897
100,-2.12587,-4.5821,0.788026
100,-2.06653,-4.55219,0.652425
100,-2.43132,-3.31868,0.479725
100,-2.01736,-4.61561,0.582247
100,-2.0445,-4.56411,0.597567
100,-2.08603,-4.50804,0.628154
100,-1.46266,-4.57222,-0.535288
100,-2.15337,-4.57484,0.78676
100,-2.36071,-3.32235,0.306139
100,-2.25499,-2.37358,-0.563807
100,-1.86284,-4.61313,0.231653
100,-2.45274,-3.33003,0.448336
100,-2.37156,-3.36673,0.316883
100,-2.37662,-3.36465,0.319697
100,-2.63983,-1.37716,-0.577552
100,-2.40056,-3.31868,0.296377
100,-2.24208,-3.78366,0.307931
100,-2.13903,-4.55741,0.634517
100,-2.38589,-2.04413,-0.642597
100,-1.92375,-5.07098,0.571165
100,-2.70081,-2.43708,0.229736
100,-2.38068,-2.3562,-0.45183
100,-2.45575,-3.24678,0.30363
100,-2.4028,-2.03344,-0.649258
100,-2.64944,-1.48067,-0.560727
100,-2.00106,-4.92955,0.584346
100,-2.72307,-1.20354,-0.632278
100,-2.43041,-3.40804,0.325215
100,-2.28511,-3.81147,0.31474
100,-2.54672,-1.82587,-0.58071
100,-2.68949,-1.46708,-0.608843
100,-2.66945,-1.52822,-0.60785
100,-2.44422,-2.35202,-0.468579
100,-2.25884,-2.67181,-0.60523
100,-2.39936,-3.59273,0.305183
100,-2.53967,-1.94364,-0.5789
100,-2.67845,-1.49621,-0.632854
100,-2.14286,-4.66196,0.536491
100,-2.03194,-4.72509,0.361306
100,-2.41053,-3.5919,0.296092
100,-2.34379,-3.79353,0.306614
100,-2.44848,-3.61289,0.375765
100,-2.5146,-3.30907,0.284764
100,-2.6937,-1.51335,-0.622542
100,-2.34433,-3.80147,0.296772
100,-2.6731,-1.60739,-0.611731
100,-2.7223,-1.49428,-0.60429
100,-2.69671,-1.53696,-0.627866
100,-2.35533,-3.85126,0.316877
100,-2.85485,-1.20037,-0.571264
100,-2.61407,-1.83501,-0.608487
100,-2.53585,-2.37006,-0.389594
100,-2.61774,-1.8333,-0.607876
100,-2.70875,-1.58138,-0.609933
100,-2.46008,-3.58295,0.294988
100,-2.1848,-4.67411,0.510214
100,-2.05289,-4.7842,0.327822
100,-2.59138,-2.02932,-0.567096
100,-2.68216,-1.75346,-0.589997
100,-2.70177,-1.73873,-0.590461
100,-2.72997,-1.59549,-0.644698
100,-2.74695,-1.58383,-0.624767
100,-2.66139,-1.86345,-0.612342
100,-2.63126,-3.21978,0.259623
100,-2.39886,-3.93397,0.301532
100,-2.46972,-3.78117,0.325143
100,-2.63326,-2.02974,-0.582245
100,-2.05454,-4.60605,0.0147424
100,-2.68517,-3.24572,0.245185
100,-2.48311,-3.88352,0.28975
100,-2.72412,-2.29872,-0.370151
100,-2.57375,-3.67361,0.282591
100,-2.45037,-4.16061,0.272106
100,-2.00969,-4.33296,-0.57574
100,-2.57441,-4.19678,0.24837
100,-2.50059,-4.50977,0.275478
100,-2.50323,-4.50735,0.268133
100,-2.87212,-4.58677,1.00206
100,-2.51996,-4.5212,0.262902
100,-2.2381,-4.69346,-0.165173
100,-3.01707,-2.25473,-0.367465
100,-3.05864,-2.23929,-0.379876
100,-2.33187,-4.56298,-0.198647
100,-2.17793,-4.2899,-0.703256
100,-2.34845,-4.58305,-0.197732
100,-2.34002,-4.63027,-0.199877
100,-2.27195,-4.55086,-0.396896
100,-2.44125,-4.62199,-0.0341188
100,-2.61278,-4.58137,0.267497
100,-3.12091,-2.22377,-0.399341
100,-2.23449,-4.23515,-0.720025
100,-2.4676,-4.643,0.0122553
100,-2.30043,-4.59674,-0.361238
100,-2.35897,-4.59383,-0.27452
100,-2.28017,-4.59665,-0.442163
100,-2.4659,-4.64668,-0.0505781
100,-2.49688,-4.66538,0.0126335
100,-2.50129,-4.66692,0.0220631
100,-2.6525,-4.58642,0.239444
100,-2.3767,-4.61607,-0.281217
100,-2.37606,-4.62182,-0.282669
100,-2.5137,-4.68263,0.0244511
100,-2.38058,-4.60793,-0.284819
100,-2.50373,-4.68933,0.00927645
100,-2.37127,-4.66497,-0.275108
100,-3.01336,-4.69624,0.979207
100,-2.312,-4.6319,-0.420262
100,-2.38975,-4.62697,-0.292703
100,-3.05448,-4.72168,0.967883
100,-2.38662,-4.63555,-0.41366
100,-2.30758,-4.66447,-0.559111
100,-2.28325,-4.67916,-0.597974
100,-2.39706,-4.68919,-0.376265
100,-2.57904,-4.74881,-0.00800061
100,-2.28732,-4.68647,-0.623856
100,-2.57754,-4.76625,-0.00896204
100,-2.76834,-4.54593,0.20365
100,-2.2648,-4.71381,-0.653696
100,-2.28284,-4.70904,-0.625135
100,-2.43449,-4.76603,-0.298133
100,-2.59536,-4.76534,0.0058192
100,-2.27949,-4.69945,-0.657668
100,-2.45852,-4.77644,-0.295244
100,-2.64865,-4.80278,0.00640923
100,-2.7505,-4.87521,0.00223285
100,-3.59018,-2.15133,-0.544683
100,-3.07539,-4.80618,0.144153
100,-5.43356,-4.80207,-0.27729
100,-2.18594,-2.16485,-0.069796
99,-2.18594,-2.16485,-0.069796
100,-2.2697,-2.1707,-0.0991728
99,-2.2697,-2.1707,-0.0991728
100,-2.42769,-3.62159,0.316883
99,-2.42769,-3.62159,0.316883
100,-2.36595,-3.7332,0.623717
99,-2.36595,-3.7332,0.623717
100,-2.39479,-3.64128,0.818222
99,-2.39479,-3.64128,0.818222
100,-2.40758,-2.4121,0.285033
99,-2.40758,-2.4121,0.285033
100,-2.36486,-3.29551,0.532837
99,-2.36486,-3.29551,0.532837
100,-2.51457,-2.77013,0.675616
99,-2.51457,-2.77013,0.675616
100,-2.34301,-3.69494,0.572719
99,-2.34301,-3.69494,0.572719
100,-2.60655,-2.13505,-0.212079
99,-2.60655,-2.13505,-0.212079
100,-2.33247,-3.78775,0.697129
99,-2.33247,-3.78775,0.697129
100,-2.46195,-3.80659,0.480282
99,-2.46195,-3.80659,0.480282
100,-2.25179,-3.52593,0.955133
99,-2.25179,-3.52593,0.955133
100,-0.17866,-2.63395,0.871295
99,-0.17866,-2.63395,0.871295
100,-1.8654,-4.78535,0.923033
99,-1.8654,-4.78535,0.923033
100,-2.18237,-2.11319,-0.0631542
99,-2.18237,-2.11319,-0.0631542
100,-2.3978,-3.74957,0.673329
99,-2.3978,-3.74957,0.673329
100,-2.70209,-2.31105,-0.361097
99,-2.70209,-2.31105,-0.361097
100,-1.4804,-5.26987,0.643871
99,-1.4804,-5.26987,0.643871
100,-2.81164,-2.27338,-0.298498
99,-2.81164,-2.27338,-0.298498
100,-1.13551,-1.78538,0.309895
99,-1.13551,-1.78538,0.309895
100,-2.07481,-5.06682,0.510043
99,-2.07481,-5.06682,0.510043
100,-1.38535,-5.26872,0.125878
99,-1.38535,-5.26872,0.125878
100,-1.92029,-1.79243,-0.705478
99,-1.92029,-1.79243,-0.705478
100,-2.71598,-2.25645,-0.404374
99,-2.71598,-2.25645,-0.404374
100,-1.44231,-5.34852,0.113197
99,-1.44231,-5.34852,0.113197
100,-1.90953,-1.79436,-0.69333
99,-1.90953,-1.79436,-0.69333
100,-2.22839,-2.12017,-0.566353
99,-2.22839,-2.12017,-0.566353
100,-2.71597,-2.25645,-0.404371
99,-2.71597,-2.25645,-0.404371
100,-2.00043,-1.68924,0.0213752
99,-2.00043,-1.68924,0.0213752
100,-1.24846,-1.76625,0.277725
99,-1.24846,-1.76625,0.277725
100,-2.71052,-3.24312,0.234946
98,-2.71052,-3.24312,0.234946
100,-2.43311,-3.32367,0.63889
98,-2.43311,-3.32367,0.63889
100,-2.35563,-3.72257,0.535197
98,-2.35563,-3.72257,0.535197
100,-2.35029,-3.65708,0.982523
98,-2.35029,-3.65708,0.982523
100,-2.37158,-3.6543,0.686739
98,-2.37158,-3.6543,0.686739
100,-2.38119,-3.66058,0.68674
98,-2.38119,-3.66058,0.68674
100,-2.69465,-1.9876,-0.23519
98,-2.69465,-1.9876,-0.23519
100,-1.32295,-4.47661,-0.539787
98,-1.32295,-4.47661,-0.539787
100,-2.41625,-3.6222,0.884313
98,-2.41625,-3.6222,0.884313
100,-2.85805,-1.56035,-0.682344
98,-2.85805,-1.56035,-0.682344
100,-2.31319,-3.73106,0.764106
98,-2.31319,-3.73106,0.764106
100,-2.40242,-3.68043,0.337534
98,-2.40242,-3.68043,0.337534
100,-1.17912,-4.65115,-0.226056
98,-1.17912,-4.65115,-0.226056
100,-0.640672,-2.47798,0.923441
97,-0.640672,-2.47798,0.923441
100,-1.79828,-4.81183,0.692443
97,-1.79828,-4.81183,0.692443
100,-2.23412,-4.25339,1.01573
97,-2.23412,-4.25339,1.01573
100,-2.44058,-3.33347,0.585011
97,-2.44058,-3.33347,0.585011
100,-2.32657,-3.6797,0.643556
97,-2.32657,-3.6797,0.643556
100,-2.41659,-1.81793,-0.464374
97,-2.41659,-1.81793,-0.464374
100,-2.54745,-2.73347,0.596834
96,-2.54745,-2.73347,0.596834
100,-2.34747,-3.57547,0.971428
96,-2.34747,-3.57547,0.971428
100,-2.10088,-1.56514,-0.325013
96,-2.10088,-1.56514,-0.325013
100,-2.34753,-3.74517,0.763553
96,-2.34753,-3.74517,0.763553
100,-2.52173,-2.79462,0.324551
95,-2.52173,-2.79462,0.324551
100,-2.33439,-3.68701,0.861695
95,-2.33439,-3.68701,0.861695
100,-2.43679,-1.21268,-0.120617
64,-2.43679,-1.21268,-0.120617
101,0.807129,-2.38424,0.914457
101,-0.411023,-2.47681,0.713172
101,-0.251375,-2.57148,-0.581292
101,-0.261553,-2.57213,-0.572877
101,-0.266025,-2.55986,-0.594048
101,-0.275077,-2.56045,-0.587604
101,-0.272924,-2.55961,-0.591918
101,-0.310321,-2.56023,-0.535842
101,-0.279595,-2.56502,-0.605025
101,-0.283261,-2.56185,-0.603835
101,-0.30739,-2.55295,-0.623597
101,-0.322803,-2.55093,-0.645374
101,-0.344664,-2.55264,-0.672947
101,-0.303105,-4.46653,-0.34212
101,-0.306786,-4.4708,-0.339146
101,-0.762463,-4.28003,0.340732
101,-0.573762,-4.44674,0.103361
101,-0.509704,-4.46727,-0.0350524
101,-0.600751,-4.47061,0.0924163
101,-0.308872,-4.39995,-0.465427
101,-0.331041,-4.37527,-0.460603
101,-0.337566,-4.38211,-0.453576
101,-0.528633,-4.50315,-0.0567104
101,-0.32021,-4.41251,-0.468392
101,-0.319072,-4.4151,-0.470397
101,-0.350836,-4.48486,-0.44887
101,-0.3384,-4.45091,-0.496359
101,-0.671874,-4.46281,0.0487788
101,-0.679665,-4.49064,0.0470388
101,-0.339781,-4.42815,-0.578528
101,-1.58111,-2.58715,0.500027
101,-0.733337,-4.53289,0.0540012
101,-1.65279,-2.61195,0.469154
101,-0.408702,-4.52863,-0.651458
101,-0.775658,-4.56139,-0.0979358
101,-1.61139,-2.95192,0.460931
101,-0.833937,-4.56202,-0.0423564
101,-0.917646,-4.53297,-0.00721812
101,-0.974562,-4.59094,-0.0481249
101,-0.94786,-4.68888,-0.0435435
101,-0.853442,-4.61804,-0.246539
101,-0.831136,-4.56909,-0.315094
101,-0.850539,-4.62051,-0.256837
101,-0.793422,-4.56892,-0.42544
101,-0.830076,-4.5465,-0.375122
101,-0.814027,-4.46815,-0.455897
101,-1.58626,-3.70452,0.448525
101,-0.852939,-4.60703,-0.333841
101,-0.988393,-4.79113,-0.00513279
101,-1.9191,-2.64221,0.422312
101,-0.811432,-4.58482,-0.444674
101,-0.944296,-4.51209,-0.256549
101,-0.853626,-4.57307,-0.395916
101,-0.840843,-4.65142,-0.390817
101,-1.01441,-4.81561,-0.0385796
101,-0.877602,-4.57276,-0.411955
101,-1.84602,-3.02072,0.414822
101,-0.867444,-4.53963,-0.474195
101,-1.02179,-4.52802,-0.233186
101,-0.872842,-4.5501,-0.487755
101,-1.60524,-4.6349,0.776296
101,-1.69897,-4.33854,0.776696
101,-1.03209,-4.53346,-0.279086
101,-1.5806,-4.62938,0.710166
101,-1.17225,-4.44613,-0.147152
101,-1.62064,-4.71759,0.769739
101,-1.61825,-4.72172,0.766769
101,-1.63999,-4.65997,0.768443
101,-1.57962,-4.62084,0.641037
101,-1.0873,-4.89095,-0.0796825
101,-2.02963,-2.77574,0.397869
101,-1.62513,-4.66536,0.726139
101,-1.20273,-5.05256,0.195563
101,-1.63788,-4.67257,0.733542
101,-2.25969,-1.10348,-0.142983
101,-1.69113,-5.03667,0.99935
101,-1.63376,-5.03731,0.894473
101,-1.6761,-5.04063,0.965027
101,-1.74454,-4.46639,0.768814
101,-0.9495,-4.5276,-0.577927
101,-1.61734,-4.65727,0.645432
101,-1.4631,-5.08382,0.602724
101,-1.07683,-4.7295,-0.261841
101,-0.909792,-4.58847,-0.629802
101,-1.66449,-4.6788,0.727819
101,-0.852631,-5.10231,-0.458303
101,-1.75721,-4.4894,0.76725
101,-1.10024,-4.98758,-0.101576
101,-1.66673,-4.77534,0.764341
101,-1.78476,-4.4177,0.767443
101,-1.16107,-4.63208,-0.218982
101,-0.942414,-4.56323,-0.643787
101,-0.950941,-4.56631,-0.631404
101,-1.63505,-4.74811,0.62024
101,-1.77113,-4.88762,0.926022
101,-1.75197,-4.825,0.84978
101,-1.27019,-5.14049,0.17408
101,-1.25718,-4.53901,-0.183904
101,-1.16067,-4.987,-0.117706
101,-1.60027,-5.21636,0.768223
101,-1.86423,-4.4961,0.802483
101,-1.58838,-5.04369,0.613621
101,-1.71604,-4.86461,0.731014
101,-1.29283,-4.52634,-0.192907
101,-1.69624,-5.03604,0.78456
101,-1.7415,-4.56161,0.598294
101,-1.88376,-4.81138,0.971708
101,-1.82085,-4.92922,0.926783
101,-1.86542,-4.75975,0.905762
101,-1.75894,-4.5784,0.613853
101,-1.86852,-4.80471,0.922376
101,-1.64986,-5.03309,0.667044
101,-1.72973,-4.69558,0.620773
101,-2.36331,-2.76462,0.657271
101,-1.72858,-4.90832,0.721556
101,-1.90089,-4.60097,0.84109
101,-2.41884,-2.76788,0.717899
101,-1.78563,-4.55222,0.588784
101,-2.42095,-2.76139,0.687763
101,-1.84306,-4.48714,0.611064
101,-1.9347,-4.9002,0.995179
101,-1.8023,-4.60384,0.595701
101,-1.71882,-5.03264,0.655363
101,-2.46111,-2.77748,0.710688
101,-1.93924,-4.65369,0.830052
101,-1.65909,-5.25094,0.660698
101,-1.95659,-4.64877,0.845565
101,-1.3758,-4.57839,-0.214032
101,-1.85191,-4.63171,0.6358
101,-1.3788,-4.57974,-0.217754
101,-1.70023,-5.28747,0.723267
101,-1.38366,-4.58525,-0.221718
101,-1.25144,-5.11496,-0.180695
101,-1.39788,-4.53902,-0.280658
101,-1.87921,-4.58466,0.579338
101,-1.90394,-4.64579,0.654656
101,-2.30708,-2.79003,0.339166
101,-1.95647,-4.49055,0.656595
101,-2.02548,-4.50276,0.750092
101,-2.05158,-4.50978,0.747082
101,-2.06048,-4.51024,0.756855
101,-1.99954,-2.47522,-0.461179
101,-1.40779,-4.49254,-0.38781
101,-1.85331,-4.51366,0.393834
101,-2.07476,-4.50464,0.771647
101,-2.08841,-4.51988,0.792261
101,-1.80627,-5.30748,0.717225
101,-1.93913,-4.62697,0.574499
101,-2.0225,-4.50348,0.646492
101,-2.03832,-4.49643,0.662496
101,-2.22623,-3.30933,0.335883
101,-2.04486,-4.49472,0.662889
101,-2.04108,-4.49767,0.64771
101,-2.19492,-3.51621,0.34357
101,-1.31427,-4.58087,-0.616235
101,-2.25954,-3.30231,0.319692
101,-2.13678,-4.56985,0.793515
101,-2.06456,-4.53177,0.645571
101,-2.28157,-3.30741,0.32349
101,-2.15957,-4.58179,0.791773
101,-1.33753,-4.60806,-0.63483
101,-1.83919,-4.60393,0.231698
101,-1.89046,-5.07333,0.577189
101,-2.37628,-3.59432,0.605695
101,-1.40226,-4.55087,-0.590433
101,-2.43412,-3.32032,0.526157
101,-2.43033,-3.32102,0.513156
101,-2.18554,-3.77079,0.329593
101,-2.20164,-3.77488,0.340344
101,-2.13787,-4.53887,0.639571
101,-2.44131,-3.32573,0.498035
101,-1.41685,-4.58034,-0.611022
101,-2.28887,-3.57907,0.347152
101,-1.40722,-4.60557,-0.630652
101,-2.15816,-4.55605,0.635526
101,-2.428,-3.31668,0.423172
101,-2.17988,-2.38004,-0.529664
101,-2.37746,-3.31725,0.323703
101,-2.16936,-2.40566,-0.544126
101,-2.3871,-3.30185,0.320554
101,-2.1764,-2.39248,-0.542485
101,-2.24192,-3.83218,0.345863
101,-2.24837,-3.85495,0.363136
101,-2.45481,-3.32705,0.428043
101,-2.38351,-3.36871,0.325964
101,-2.34966,-3.5713,0.372411
101,-2.27688,-3.83872,0.381547
101,-2.44209,-3.3254,0.387634
101,-2.43833,-3.24899,0.331637
101,-2.42376,-3.26213,0.313474
101,-2.39837,-3.36874,0.326343
101,-2.41832,-3.36979,0.357971
101,-2.18534,-2.40983,-0.575157
101,-2.43599,-3.84478,0.632276
101,-2.19393,-2.4116,-0.577422
101,-1.45976,-4.62757,-0.647635
101,-2.00387,-4.73493,0.351233
101,-2.19498,-2.44441,-0.569956
101,-2.67364,-2.41985,0.230225
101,-2.33314,-2.36418,-0.418102
101,-1.53657,-4.56798,-0.59767
101,-1.49387,-4.65017,-0.654885
101,-2.39688,-3.55188,0.311008
101,-2.17617,-4.6886,0.521944
101,-2.19907,-4.68991,0.531376
101,-2.35825,-2.12403,-0.616594
101,-1.79636,-4.20298,-0.459145
101,-2.34631,-2.15626,-0.636413
101,-2.36614,-2.13771,-0.620326
101,-2.38917,-3.8308,0.330111
101,-2.4056,-2.03826,-0.643576
101,-2.54913,-3.31346,0.282623
101,-2.42535,-2.01944,-0.642962
101,-2.58082,-1.87056,-0.573085
101,-2.63729,-1.69806,-0.580019
101,-2.59506,-1.87092,-0.584401
101,-2.69236,-1.58422,-0.595422
101,-2.09678,-4.62476,0.00111097
101,-2.60616,-1.88116,-0.623473
101,-2.60309,-1.94259,-0.595434
101,-1.20535,-4.71101,-1.53866
101,-2.70586,-1.65689,-0.610231
101,-2.55351,-2.01174,-0.684705
101,-2.1251,-4.40067,-0.124689
101,-2.67484,-1.71778,-0.639682
101,-2.62124,-1.86825,-0.652973
101,-1.93152,-4.28955,-0.534551
101,-2.13332,-4.63045,-0.00307035
101,-2.69819,-1.6767,-0.64114
101,-2.87863,-2.74151,0.227931
101,-2.88245,-2.74664,0.225978
101,-2.59025,-2.00248,-0.712758
101,-2.67571,-2.02201,-0.595324
101,-2.43874,-4.59664,0.376179
101,-2.20209,-4.70496,-0.0354202
101,-2.22058,-4.47777,-0.210804
101,-2.27464,-4.5059,-0.173081
101,-2.41237,-4.63255,-0.00399476
101,-2.39253,-4.5649,-0.0843943
101,-2.34145,-4.55762,-0.19666
101,-2.3488,-4.56792,-0.199113
101,-2.23424,-4.50482,-0.442658
101,-2.23267,-4.51337,-0.441851
101,-2.42707,-4.58092,-0.0977445
101,-2.4469,-4.63014,-0.0384634
101,-2.31844,-4.55598,-0.329495
101,-2.36856,-4.62533,-0.204822
101,-2.31157,-4.54018,-0.354751
101,-2.29755,-4.55833,-0.37639
101,-2.19889,-4.23848,-0.7319
101,-2.35386,-4.59921,-0.27821
101,-2.98759,-2.28768,-0.461895
101,-2.86603,-3.94811,0.224097
101,-2.40161,-4.63176,-0.292587
101,-2.37024,-4.60049,-0.428623
101,-2.39048,-4.61691,-0.423832
101,-2.40381,-4.6674,-0.382165
101,-2.49867,-4.66565,-0.231128
101,-2.47569,-4.66708,-0.278582
101,-2.35282,-4.58795,-0.561939
101,-2.58542,-4.73602,-0.11989
101,-2.5067,-4.83043,-0.257348
101,-2.28737,-4.7044,-0.734172
101,-2.63923,-4.77655,-0.136387
101,-2.50765,-4.7529,-0.404313
101,-3.35929,-2.32539,-0.473991
101,-3.4195,-2.36099,-0.492801
101,-3.4453,-2.21143,-0.689717
101,-2.61859,-4.65591,-0.926595
101,-3.19501,-2.80609,-1.0608
101,-3.82959,-2.21652,-0.668629
101,-3.81698,-2.14285,-0.799214
101,-4.4728,-2.08899,-0.830327
101,-4.64596,-1.98437,-0.885783
101,-4.42298,-4.26383,-0.0861276
101,-4.67923,-2.05802,-0.899916
101,-4.95412,-2.01161,-0.986291
101,-4.76648,-5.83636,-2.10081
101,-2.60715,-2.16251,-0.213226
100,-2.60715,-2.16251,-0.213226
101,-3.03668,-2.22336,-0.369011
100,-3.03668,-2.22336,-0.369011
101,-2.76929,-2.27373,-0.277626
100,-2.76929,-2.27373,-0.277626
101,-2.41839,-3.31525,0.478525
100,-2.41839,-3.31525,0.478525
101,-2.42478,-3.62107,0.316245
100,-2.42478,-3.62107,0.316245
101,-2.4717,-3.61739,0.284289
100,-2.4717,-3.61739,0.284289
101,-1.91228,-4.43101,-0.0180418
100,-1.91228,-4.43101,-0.0180418
101,-2.3893,-3.71346,0.613244
100,-2.3893,-3.71346,0.613244
101,-3.67857,-4.26973,0.08431
100,-3.67857,-4.26973,0.08431
101,-2.39964,-3.82601,0.647232
100,-2.39964,-3.82601,0.647232
101,-2.50459,-3.87778,0.645826
100,-2.50459,-3.87778,0.645826
101,-2.2455,-3.76023,0.620764
100,-2.2455,-3.76023,0.620764
101,-2.32418,-3.79893,0.624587
100,-2.32418,-3.79893,0.624587
101,-2.38447,-3.82217,0.722189
100,-2.38447,-3.82217,0.722189
101,-2.55872,-2.73671,0.606878
100,-2.55872,-2.73671,0.606878
101,-2.26993,-3.55541,0.648992
100,-2.26993,-3.55541,0.648992
101,-1.28762,-4.53066,-0.255993
100,-1.28762,-4.53066,-0.255993
101,-2.50108,-2.84796,0.755501
100,-2.50108,-2.84796,0.755501
101,-2.33359,-3.29681,0.592878
100,-2.33359,-3.29681,0.592878
101,-1.39999,-4.45342,-0.515986
100,-1.39999,-4.45342,-0.515986
101,-1.58215,-5.10326,0.905473
100,-1.58215,-5.10326,0.905473
101,-2.65108,-1.30679,-0.481873
100,-2.65108,-1.30679,-0.481873
101,-2.31272,-3.57549,0.678643
100,-2.31272,-3.57549,0.678643
101,-3.61023,-1.28634,-0.51387
100,-3.61023,-1.28634,-0.51387
101,-2.80483,-2.31544,-0.39577
100,-2.80483,-2.31544,-0.39577
101,-2.47488,-3.91413,0.294337
100,-2.47488,-3.91413,0.294337
101,-1.80722,-4.45531,0.669125
100,-1.80722,-4.45531,0.669125
101,-1.98385,-2.7219,0.419213
100,-1.98385,-2.7219,0.419213
101,-0.44782,-1.92298,0.529794
100,-0.44782,-1.92298,0.529794
101,-2.82162,-4.94628,-0.566181
100,-2.82162,-4.94628,-0.566181
101,-2.28139,-3.778,0.620391
100,-2.28139,-3.778,0.620391
101,-0.724637,-1.86589,0.437964
100,-0.724637,-1.86589,0.437964
101,-0.831595,-4.50421,-0.457058
100,-0.831595,-4.50421,-0.457058
101,-1.12671,-4.29919,0.735984
100,-1.12671,-4.29919,0.735984
101,-2.74273,-1.94669,-0.673827
99,-2.74273,-1.94669,-0.673827
101,-2.56101,-4.17449,0.254582
99,-2.56101,-4.17449,0.254582
101,-2.43592,-2.12641,-0.154635
99,-2.43592,-2.12641,-0.154635
101,-2.46598,-2.44605,0.307239
99,-2.46598,-2.44605,0.307239
101,-3.86816,-1.51815,-0.622363
99,-3.86816,-1.51815,-0.622363
101,-2.44032,-3.79292,0.699134
99,-2.44032,-3.79292,0.699134
101,-2.41093,-4.61914,0.0361246
99,-2.41093,-4.61914,0.0361246
101,-1.01293,-4.39934,-0.124126
99,-1.01293,-4.39934,-0.124126
101,-2.56447,-4.17632,0.257676
99,-2.56447,-4.17632,0.257676
101,-1.66255,-5.33928,0.670521
99,-1.66255,-5.33928,0.670521
101,-1.7125,-5.03805,0.692385
99,-1.7125,-5.03805,0.692385
101,-0.84227,-4.45202,-0.545692
99,-0.84227,-4.45202,-0.545692
101,-2.16283,-1.42238,-0.374296
99,-2.16283,-1.42238,-0.374296
101,-1.43519,-4.76362,0.738129
99,-1.43519,-4.76362,0.738129
101,-2.68014,-2.13451,-0.241724
97,-2.68014,-2.13451,-0.241724
101,-2.30544,-1.92607,-0.0944301
97,-2.30544,-1.92607,-0.0944301
101,-2.52761,-1.83071,-0.595253
97,-2.52761,-1.83071,-0.595253
101,-2.69142,-1.98018,-0.237883
97,-2.69142,-1.98018,-0.237883
101,-1.87173,-4.88288,0.722193
97,-1.87173,-4.88288,0.722193
101,-1.54897,-5.17788,0.59805
97,-1.54897,-5.17788,0.59805
101,-1.62623,-5.32705,0.587597
97,-1.62623,-5.32705,0.587597
101,-2.40021,-3.76027,0.311193
96,-2.40021,-3.76027,0.311193
101,-2.19669,-4.63778,-0.638445
96,-2.19669,-4.63778,-0.638445
101,-2.46691,-2.74907,0.571502
95,-2.46691,-2.74907,0.571502
101,-2.24966,-2.71042,-0.598413
95,-2.24966,-2.71042,-0.598413
102,0.272487,-3.82807,-0.0229616
102,-0.261054,-2.53745,-0.639515
102,-0.272957,-2.5256,-0.631028
102,-0.265138,-2.53756,-0.639205
102,-0.273426,-2.55192,-0.637947
102,-0.293283,-2.56073,-0.60529
102,-0.29722,-2.50654,-0.625854
102,-0.283918,-2.54707,-0.632734
102,-0.283157,-2.55885,-0.632348
102,-0.221054,-3.29959,-0.636546
102,-0.225044,-3.30107,-0.641254
102,-0.226647,-3.30104,-0.643369
102,-0.233972,-3.31006,-0.650311
102,-0.384593,-4.42559,0.0562832
102,-0.539363,-2.63245,-0.593944
102,-0.540695,-2.62611,-0.595288
102,-0.540436,-2.62882,-0.598685
102,-0.334754,-4.51738,-0.361311
102,-0.806661,-4.32252,0.329099
102,-0.33735,-4.53396,-0.370795
102,-0.328682,-4.46939,-0.438966
102,-0.330029,-4.47016,-0.441386
102,-0.384459,-4.48489,-0.349555
102,-0.379184,-4.48557,-0.358363
102,-0.551549,-4.51514,-0.0696414
102,-0.384598,-4.49428,-0.366093
102,-0.342689,-4.49895,-0.458873
102,-0.571923,-4.52146,-0.0722185
102,-0.353724,-4.50487,-0.466598
102,-0.411054,-4.51856,-0.363172
102,-0.420854,-4.52133,-0.360448
102,-0.4351,-3.87878,-0.648805
102,-0.347965,-4.44437,-0.59679
102,-0.689043,-4.65072,0.0348874
102,-0.71689,-4.66381,0.0213018
102,-0.770612,-4.55421,0.00415844
102,-0.82858,-4.51474,0.045963
102,-0.777344,-4.60858,-0.00234103
102,-0.83265,-4.53326,0.0295986
102,-0.860858,-4.47098,0.0190652
102,-0.861817,-4.55615,0.0210105
102,-0.803441,-4.56898,-0.0865003
102,-0.823513,-4.55565,-0.254316
102,-1.11246,-2.76504,-0.628837
102,-1.11897,-2.76327,-0.63398
102,-0.854064,-4.5699,-0.275428
102,-0.780153,-4.55093,-0.4127
102,-0.787704,-4.5526,-0.413352
102,-0.790582,-4.48108,-0.450156
102,-0.796162,-4.46317,-0.473461
102,-0.807579,-4.49705,-0.453187
102,-0.916113,-4.50057,-0.353116
102,-0.996771,-4.64109,-0.21204
102,-0.987895,-4.54938,-0.289535
102,-0.940614,-4.762,-0.289663
102,-0.852763,-4.51803,-0.57387
102,-0.894849,-4.4727,-0.538489
102,-0.896434,-4.46593,-0.540018
102,-1.02287,-4.52863,-0.304562
102,-1.05388,-3.76767,-0.6357
102,-0.888532,-4.49151,-0.57712
102,-1.04201,-4.54631,-0.290125
102,-1.05396,-4.53284,-0.281245
102,-1.38556,-2.79458,-0.576722
102,-1.08316,-4.55678,-0.254998
102,-1.0726,-3.78437,-0.658411
102,-1.09399,-4.57342,-0.259601
102,-1.07339,-4.56287,-0.303229
102,-1.10056,-4.57301,-0.269139
102,-1.06651,-4.67246,-0.305433
102,-1.08715,-4.59102,-0.31318
102,-1.08633,-4.69726,-0.284806
102,-1.07701,-4.68296,-0.312111
102,-1.10122,-4.68099,-0.273959
102,-1.12326,-4.62009,-0.27051
102,-1.49488,-5.12519,0.600158
102,-1.64567,-5.00673,0.794748
102,-1.65305,-5.00428,0.80512
102,-1.68356,-5.08733,0.89339
102,-1.13052,-4.65287,-0.262403
102,-1.50936,-5.12976,0.600958
102,-1.41227,-3.03952,-0.580072
102,-1.81102,-4.88757,0.987727
102,-1.17591,-4.64143,-0.218186
102,-1.84852,-4.77351,0.985546
102,-1.72258,-4.92693,0.841144
102,-1.67393,-5.02873,0.794129
102,-1.77898,-4.74666,0.834867
102,-1.67157,-5.01992,0.772853
102,-1.78054,-1.81649,-0.599019
102,-1.7669,-4.91402,0.853184
102,-1.79639,-4.75337,0.824372
102,-1.7939,-1.79325,-0.616772
102,-1.79469,-1.78604,-0.619905
102,-1.79768,-1.78045,-0.627344
102,-1.87437,-4.58144,0.848877
102,-1.75753,-4.95987,0.829699
102,-1.75319,-4.7646,0.728322
102,-1.87534,-4.58611,0.840328
102,-1.91068,-4.65157,0.927663
102,-1.80876,-4.68969,0.76608
102,-1.46226,-3.04877,-0.616089
102,-1.88016,-4.66338,0.860461
102,-1.70475,-4.66799,0.558818
102,-1.69887,-4.80363,0.610965
102,-1.83543,-4.78417,0.830554
102,-1.90352,-4.59091,0.815676
102,-1.96581,-4.72252,0.979698
102,-1.8093,-4.66906,0.668786
102,-1.77791,-4.65134,0.573629
102,-1.80433,-4.62722,0.603053
102,-1.72806,-4.92675,0.603578
102,-1.81408,-4.74355,0.658232
102,-1.8171,-4.62836,0.590698
102,-1.87991,-4.54846,0.65907
102,-1.94565,-4.54086,0.762358
102,-1.7468,-5.01144,0.625125
102,-1.97889,-4.48213,0.761039
102,-2.00736,-4.46902,0.793781
102,-1.98306,-4.49972,0.762904
102,-1.99894,-4.52729,0.760363
102,-1.9329,-4.55198,0.659534
102,-1.42958,-4.54658,-0.212881
102,-1.42226,-4.50512,-0.245846
102,-2.01094,-4.52466,0.761719
102,-2.01816,-4.50113,0.755508
102,-1.89457,-4.59976,0.585615
102,-2.02496,-4.49758,0.757515
102,-2.03226,-4.49943,0.752792
102,-2.05499,-4.48806,0.784443
102,-1.79065,-5.06519,0.609008
102,-2.26198,-4.26722,1.01644
102,-2.02555,-4.5003,0.670823
102,-2.38062,-3.59282,0.832061
102,-2.37566,-3.70636,0.877972
102,-2.01103,-4.53064,0.646142
102,-2.37532,-3.61732,0.825951
102,-2.37755,-3.70565,0.862626
102,-2.03588,-4.49693,0.657084
102,-2.26767,-2.15437,-0.0844926
102,-2.36566,-3.70275,0.825443
102,-2.36969,-3.70556,0.833083
102,-2.05266,-4.49617,0.672835
102,-2.32162,-2.86232,0.328205
102,-2.38412,-3.59416,0.786319
102,-2.34143,-3.58242,0.697134
102,-2.39602,-3.7132,0.851766
102,-2.3818,-3.5892,0.767375
102,-2.06256,-4.48217,0.628525
102,-2.34342,-3.57989,0.66859
102,-2.03011,-4.55918,0.605548
102,-2.41573,-3.60406,0.799204
102,-2.35939,-3.58321,0.691671
102,-2.35763,-2.86223,0.33978
102,-2.07232,-4.47912,0.626054
102,-1.36708,-5.23548,-0.215791
102,-2.07477,-4.49688,0.63359
102,-2.42119,-3.31077,0.633377
102,-2.33929,-3.58033,0.612025
102,-2.35579,-3.58221,0.64078
102,-2.36979,-2.86911,0.318561
102,-2.39273,-3.76226,0.759617
102,-2.42852,-3.31198,0.602136
102,-2.1273,-4.57453,0.696512
102,-2.4138,-2.80627,0.320157
102,-2.42593,-3.31616,0.576503
102,-2.37252,-3.58727,0.605564
102,-1.40588,-4.53833,-0.589626
102,-2.12161,-4.00583,0.351231
102,-2.35759,-2.21366,-0.128258
102,-2.50546,-2.62656,0.305705
102,-2.08827,-4.61106,0.540983
102,-2.16328,-4.54761,0.63636
102,-2.32817,-3.336,0.332537
102,-1.48879,-4.56025,-0.532405
102,-2.38259,-2.22711,-0.13472
102,-2.0083,-4.62304,0.374898
102,-2.31407,-3.49754,0.352072
102,-2.31857,-3.52805,0.372861
102,-2.35167,-3.60143,0.45357
102,-2.17711,-3.99488,0.345349
102,-1.45777,-4.55673,-0.609672
102,-2.17057,-4.01004,0.336922
102,-2.32151,-3.51418,0.352609
102,-1.49006,-4.53809,-0.578178
102,-2.3008,-3.55832,0.328328
102,-2.18979,-2.13866,-0.550717
102,-2.37285,-3.35456,0.340111
102,-2.38285,-3.58524,0.458949
102,-2.36942,-3.33109,0.312859
102,-2.38021,-3.36047,0.335695
102,-2.48796,-3.33114,0.5027
102,-2.43806,-3.32077,0.406037
102,-2.40708,-3.82478,0.591942
102,-2.45419,-3.32192,0.428246
102,-2.42719,-3.25048,0.347596
102,-1.50947,-4.55314,-0.590551
102,-2.44482,-3.31503,0.392089
102,-2.22902,-2.13657,-0.549368
102,-2.5668,-2.69959,0.288546
102,-2.4245,-3.25971,0.3117
102,-1.74177,-3.78405,-0.600741
102,-2.23353,-2.12814,-0.562758
102,-2.51038,-3.82321,0.716076
102,-2.28278,-3.81767,0.312658
102,-2.29199,-3.81736,0.324922
102,-2.36501,-4.41346,0.730383
102,-2.251,-3.98261,0.324165
102,-2.45035,-3.28994,0.324603
102,-2.25729,-3.98996,0.319914
102,-2.22948,-4.16782,0.35477
102,-2.28978,-2.04078,-0.566595
102,-2.5996,-2.71118,0.27832
102,-2.3559,-2.3671,-0.304529
102,-2.13142,-2.70555,-0.536977
102,-2.14194,-2.66078,-0.544567
102,-2.4459,-2.36481,-0.203139
102,-2.47332,-2.35322,-0.167299
102,-2.26733,-4.1913,0.341613
102,-2.32693,-2.02997,-0.600283
102,-2.35768,-3.8589,0.320784
102,-2.45266,-2.2498,-0.305723
102,-2.46267,-2.22705,-0.303562
102,-2.36599,-2.34654,-0.41085
102,-2.37446,-3.81022,0.301409
102,-2.41868,-3.69041,0.313239
102,-2.26093,-2.39771,-0.580924
102,-2.42036,-3.75072,0.339677
102,-2.38866,-3.80856,0.30161
102,-2.24644,-2.48042,-0.583698
102,-2.5946,-1.28371,-0.572826
102,-2.38218,-2.33984,-0.432708
102,-2.68614,-1.24229,-0.48874
102,-2.63968,-3.87336,0.684881
102,-2.57761,-1.93848,-0.355561
102,-2.29172,-2.40744,-0.62076
102,-2.2916,-2.40397,-0.623067
102,-2.3103,-2.39506,-0.606383
102,-2.332,-4.35731,0.346117
102,-2.48741,-1.89011,-0.578481
102,-2.71187,-1.28307,-0.496248
102,-2.32034,-4.36182,0.31782
102,-2.50638,-1.85552,-0.578143
102,-2.35354,-4.33455,0.337397
102,-2.6624,-1.27178,-0.620083
102,-2.50595,-2.04503,-0.522353
102,-2.67624,-3.87936,0.644294
102,-2.62759,-1.95089,-0.372088
102,-2.5477,-1.8171,-0.602262
102,-2.37297,-4.39639,0.295308
102,-2.38172,-4.39005,0.299962
102,-1.94445,-4.1121,-0.579046
102,-1.95801,-4.08312,-0.579952
102,-2.38548,-4.40943,0.292356
102,-2.66944,-1.75592,-0.571494
102,-2.01623,-4.10449,-0.584046
102,-2.19362,-4.43954,-0.141213
102,-2.30097,-4.5034,0.0134839
102,-2.25565,-4.46639,-0.0860114
102,-2.33303,-4.55541,0.0721492
102,-2.36521,-4.57654,0.105462
102,-2.35897,-4.5745,0.0800121
102,-2.29249,-4.4845,-0.0951998
102,-2.02536,-4.27059,-0.661156
102,-2.33116,-4.49776,-0.0775036
102,-2.31302,-4.50323,-0.109732
102,-2.33509,-4.5088,-0.0778186
102,-2.389,-4.58936,-0.0157311
102,-2.30512,-4.54996,-0.178245
102,-2.37131,-4.53228,-0.0786762
102,-2.36713,-4.55377,-0.085306
102,-2.43108,-4.60825,0.0289204
102,-2.39866,-4.54349,-0.064921
102,-2.40062,-4.59953,-0.0396296
102,-2.33018,-4.59214,-0.195248
102,-2.41421,-4.57025,-0.0811231
102,-2.41756,-4.632,-0.0533727
102,-2.27294,-4.58859,-0.32439
102,-2.25987,-4.59205,-0.351443
102,-2.34376,-4.6162,-0.200685
102,-2.35832,-4.60038,-0.202626
102,-2.38643,-4.56949,-0.182309
102,-2.27724,-4.5996,-0.360837
102,-2.28253,-4.58454,-0.364764
102,-2.28688,-4.57802,-0.367439
102,-2.2813,-4.60227,-0.584739
102,-2.31664,-4.65913,-0.591423
101,-2.31664,-4.65913,-0.591423
102,-2.6856,-4.23603,0.228355
101,-2.6856,-4.23603,0.228355
102,-2.90684,-1.89967,-0.734585
101,-2.90684,-1.89967,-0.734585
102,-2.71965,-1.86006,-0.240432
101,-2.71965,-1.86006,-0.240432
102,-2.15895,-4.62889,-0.21397
101,-2.15895,-4.62889,-0.21397
102,-2.13679,-4.61334,-0.206378
101,-2.13679,-4.61334,-0.206378
102,-2.40996,-4.59141,0.0364667
101,-2.40996,-4.59141,0.0364667
102,-2.19347,-4.49056,-0.211482
101,-2.19347,-4.49056,-0.211482
102,-2.34781,-2.15287,-0.634048
101,-2.34781,-2.15287,-0.634048
102,-3.03341,-2.26131,-0.363825
101,-3.03341,-2.26131,-0.363825
102,-1.05634,-4.27283,-0.0403066
101,-1.05634,-4.27283,-0.0403066
102,-2.12336,-2.06556,-0.502647
101,-2.12336,-2.06556,-0.502647
102,-2.32751,-5.36388,0.587355
101,-2.32751,-5.36388,0.587355
102,-3.21508,-2.85517,0.181623
101,-3.21508,-2.85517,0.181623
102,-1.61973,-5.2896,0.674865
101,-1.61973,-5.2896,0.674865
102,-1.07455,-4.57794,-0.228272
101,-1.07455,-4.57794,-0.228272
102,-2.41184,-3.31192,0.478263
101,-2.41184,-3.31192,0.478263
102,-1.87546,-2.01947,-0.267713
101,-1.87546,-2.01947,-0.267713
102,-0.505165,-4.66252,-0.219875
101,-0.505165,-4.66252,-0.219875
102,-2.50312,-4.92191,0.716431
101,-2.50312,-4.92191,0.716431
102,-1.95021,-1.30828,0.0503948
101,-1.95021,-1.30828,0.0503948
102,-1.13818,-1.73098,0.307456
101,-1.13818,-1.73098,0.307456
102,-2.89934,-2.49436,-0.890946
101,-2.89934,-2.49436,-0.890946
102,-0.534769,-4.22094,0.200556
101,-0.534769,-4.22094,0.200556
102,-2.68058,-2.02562,-0.597801
100,-2.68058,-2.02562,-0.597801
102,-2.42588,-3.83448,0.658849
100,-2.42588,-3.83448,0.658849
102,-2.41772,-1.3013,-0.494584
100,-2.41772,-1.3013,-0.494584
102,-2.95557,-1.15553,-0.738961
100,-2.95557,-1.15553,-0.738961
102,-0.890199,-1.83554,0.39522
100,-0.890199,-1.83554,0.39522
102,-2.32869,-5.65377,0.586439
100,-2.32869,-5.65377,0.586439
102,-2.29522,-2.14005,-0.586807
99,-2.29522,-2.14005,-0.586807
102,-2.22909,-2.13602,-0.554456
99,-2.22909,-2.13602,-0.554456
102,-2.81075,-1.59913,-0.262209
99,-2.81075,-1.59913,-0.262209
102,-1.10891,-4.46136,-0.546755
99,-1.10891,-4.46136,-0.546755
102,-2.342,-3.65206,0.829655
99,-2.342,-3.65206,0.829655
102,-1.76853,-5.09966,1.04234
99,-1.76853,-5.09966,1.04234
102,-2.49117,-1.22262,-0.490987
99,-2.49117,-1.22262,-0.490987
102,-2.65329,-1.18533,-0.560877
99,-2.65329,-1.18533,-0.560877
102,-2.53015,-2.43779,0.259221
99,-2.53015,-2.43779,0.259221
102,-2.63527,-1.94578,-0.250143
97,-2.63527,-1.94578,-0.250143
102,-2.53939,-2.12865,-0.531382
97,-2.53939,-2.12865,-0.531382
102,-2.67247,-2.20341,-0.398044
97,-2.67247,-2.20341,-0.398044
102,-2.38078,-3.76672,0.704463
97,-2.38078,-3.76672,0.704463
102,-2.53594,-2.1279,-0.530682
97,-2.53594,-2.1279,-0.530682
102,-2.37705,-3.76368,0.704639
97,-2.37705,-3.76368,0.704639
102,-2.3594,-3.72942,0.644062
97,-2.3594,-3.72942,0.644062
102,-2.35634,-3.58494,0.660052
95,-2.35634,-3.58494,0.660052
103,-0.397463,-2.15886,0.438373
103,-0.430153,-2.14403,0.422972
103,-0.312391,-4.4946,-0.344041
103,-0.571656,-4.50831,-0.0604028
103,-0.808769,-4.32874,0.335458
103,-0.695156,-4.60978,0.0457559
103,-0.732955,-4.50781,0.0329827
103,-0.788075,-4.48272,0.0800106
103,-0.801202,-4.49024,0.062803
103,-0.784436,-4.54811,-0.0596092
103,-0.802906,-4.56331,-0.0755039
103,-0.882247,-4.50616,0.0276154
103,-0.820271,-4.58061,-0.224109
103,-0.862827,-4.53117,-0.264231
103,-1.57256,-4.45472,1.12584
103,-1.58808,-4.46797,1.11977
103,-0.973401,-4.64904,-0.183387
103,-0.885403,-4.4766,-0.540653
103,-1.0081,-4.6686,-0.224128
103,-0.890897,-4.50813,-0.584453
103,-1.72399,-4.58967,1.14462
103,-1.06933,-4.64546,-0.227049
103,-1.63007,-5.02021,1.09169
103,-1.63101,-5.07187,1.08723
103,-1.67709,-4.90657,1.08718
103,-1.73056,-4.69665,1.09183
103,-1.68028,-4.90997,1.09112
103,-1.8428,-4.42347,1.13585
103,-1.85617,-4.45526,1.13886
103,-1.87091,-4.44496,1.12424
103,-1.70521,-5.08548,1.08379
103,-1.17135,-4.64419,-0.218796
103,-1.18292,-4.63897,-0.21097
103,-1.7673,-4.98161,1.10074
103,-1.67494,-5.08425,0.907752
103,-1.91275,-4.53745,1.12593
103,-1.6742,-5.08807,0.898001
103,-1.91123,-4.49675,1.09472
103,-1.66161,-5.19408,0.918891
103,-1.80701,-4.738,0.989226
103,-1.27055,-4.56405,-0.185534
103,-1.95213,-4.12807,0.98754
103,-1.66344,-5.20057,0.909021
103,-1.9218,-4.57808,1.12307
103,-1.6761,-5.01573,0.817546
103,-1.60128,-5.0949,0.673061
103,-1.59609,-5.09321,0.658605
103,-1.8442,-4.76544,0.988764
103,-1.94588,-4.54755,1.08476
103,-1.87255,-4.67571,0.99554
103,-1.66393,-4.79577,0.620229
103,-1.65813,-5.01609,0.711497
103,-1.80591,-4.84891,0.912841
103,-1.76086,-4.75056,0.768511
103,-1.74021,-4.84176,0.766397
103,-1.80462,-4.91724,0.929404
103,-1.83961,-4.9157,0.985581
103,-1.84079,-4.92172,0.988091
103,-2.02683,-4.48909,1.15746
103,-1.83554,-4.8395,0.929524
103,-1.97902,-4.6057,1.10321
103,-1.62484,-5.11588,0.622765
103,-1.77888,-4.9748,0.864692
103,-1.65454,-5.24953,0.735851
103,-1.78878,-4.55587,0.675011
103,-1.74196,-4.78518,0.688357
103,-1.8332,-4.73827,0.847869
103,-1.88567,-4.76638,0.957682
103,-1.69301,-5.02983,0.690585
103,-1.77848,-4.97903,0.822682
103,-1.91903,-4.69946,0.974429
103,-1.71997,-4.99221,0.704395
103,-1.89692,-4.70213,0.924753
103,-1.64127,-5.13828,0.61051
103,-1.77376,-4.5579,0.599225
103,-1.7353,-4.86236,0.665723
103,-1.71825,-5.05774,0.722681
103,-1.73732,-4.92123,0.695849
103,-1.92895,-4.71424,0.983984
103,-1.77775,-4.59565,0.612488
103,-1.8961,-4.69025,0.897603
103,-1.74054,-5.01562,0.724156
103,-2.00682,-4.49362,1.00859
103,-2.06919,-4.4997,1.1275
103,-1.90913,-4.60801,0.837756
103,-2.01691,-4.49224,0.999181
103,-2.01565,-4.49659,0.996227
103,-1.87476,-3.90075,0.40543
103,-1.91247,-4.69326,0.860754
103,-1.71999,-5.02442,0.627621
103,-1.72574,-4.93956,0.597994
103,-1.93706,-4.69015,0.906484
103,-1.94853,-4.67582,0.918736
103,-1.76871,-5.03552,0.725054
103,-2.03167,-4.51234,1.0071
103,-1.28822,-5.18002,-0.194123
103,-1.94861,-4.66614,0.895751
103,-1.9232,-4.6455,0.830022
103,-2.03821,-4.49752,0.989561
103,-2.0313,-4.49782,0.975521
103,-1.9269,-4.62218,0.817085
103,-2.03074,-4.48326,0.953724
103,-1.77422,-4.99639,0.662707
103,-1.93753,-4.70822,0.856116
103,-1.40888,-4.53039,-0.308687
103,-2.34823,-3.58642,1.13667
103,-2.31803,-3.57283,1.06434
103,-2.45938,-2.83208,0.969243
103,-2.31503,-3.5713,1.01394
103,-1.42092,-4.52392,-0.407854
103,-2.01526,-4.48449,0.75862
103,-1.80073,-5.08743,0.605848
103,-2.02985,-4.48641,0.779903
103,-1.90119,-4.64405,0.578959
103,-2.04368,-4.48363,0.78555
103,-2.03286,-4.48627,0.756305
103,-2.01398,-3.78038,0.370075
103,-2.38058,-3.59383,1.02315
103,-2.01491,-3.80184,0.371226
103,-1.99943,-4.50728,0.677183
103,-2.43133,-2.83073,0.749188
103,-2.04191,-4.52223,0.758348
103,-2.4391,-2.77561,0.725653
103,-2.4443,-2.76919,0.718233
103,-2.00123,-4.52604,0.654627
103,-2.43284,-2.83179,0.718685
103,-1.37244,-4.56578,-0.606509
103,-2.24498,-2.87946,0.356419
103,-2.07539,-4.55411,0.813608
103,-1.96343,-4.69364,0.648391
103,-2.33658,-3.58935,0.871663
103,-2.4298,-2.77707,0.662771
103,-2.429,-2.77053,0.655832
103,-1.8864,-4.55021,0.393952
103,-2.43651,-2.83293,0.687676
103,-2.34498,-3.58636,0.850148
103,-2.40913,-3.82537,1.08233
103,-2.4089,-3.82871,1.08268
103,-2.00011,-4.10418,0.376882
103,-2.33197,-3.5822,0.797045
103,-1.46336,-4.54337,-0.510575
103,-2.01447,-4.55757,0.606546
103,-1.46569,-4.55729,-0.521901
103,-2.03772,-4.51552,0.607152
103,-2.34626,-3.58878,0.788535
103,-2.31786,-3.58041,0.725096
103,-2.30768,-3.58173,0.698076
103,-2.36629,-3.5922,0.803051
103,-2.34868,-3.58477,0.748789
103,-2.42965,-3.83306,1.02999
103,-2.02908,-4.58558,0.573183
103,-2.43203,-3.83585,1.02868
103,-2.26909,-4.2555,0.875762
103,-2.41378,-3.62267,0.858109
103,-2.34177,-3.58996,0.626956
103,-2.41159,-3.31254,0.623277
103,-2.30262,-3.57376,0.523766
103,-2.35399,-3.81948,0.74195
103,-2.27323,-3.3172,0.332188
103,-2.38981,-3.31548,0.55817
103,-2.30135,-3.33328,0.339475
103,-2.39581,-3.31013,0.517162
103,-2.36126,-3.58872,0.546196
103,-2.39702,-3.31428,0.477194
103,-2.46121,-2.786,0.326766
103,-2.45154,-1.39722,-0.36527
103,-2.20244,-4.56772,0.639395
103,-2.35639,-3.5823,0.476478
103,-1.57796,-4.61292,-0.612476
103,-2.23851,-3.81348,0.331645
103,-2.40293,-3.3108,0.414836
103,-2.4278,-3.31679,0.457475
103,-2.42077,-3.31762,0.437538
103,-2.35835,-3.37519,0.330207
103,-2.49105,-2.77961,0.312951
103,-1.58648,-4.627,-0.643778
103,-2.40558,-3.31526,0.373363
103,-2.26901,-3.8478,0.33898
103,-2.29336,-3.84883,0.377001
103,-2.39117,-3.35475,0.332327
103,-2.29051,-3.8569,0.352019
103,-2.17428,-2.41572,-0.575062
103,-2.5854,-2.40035,0.251856
103,-2.28914,-3.83969,0.333669
103,-2.4194,-3.26545,0.310855
103,-2.2007,-2.40619,-0.545707
103,-2.18913,-2.47146,-0.557
103,-2.42997,-3.2818,0.313408
103,-2.19575,-2.44945,-0.56899
103,-2.4607,-3.24485,0.324798
103,-2.42202,-3.40131,0.31768
103,-2.22018,-2.44068,-0.556619
103,-2.21065,-2.41213,-0.593818
103,-2.23612,-2.41103,-0.548526
103,-2.37374,-3.74293,0.351748
103,-2.28932,-2.39413,-0.467269
103,-2.28302,-2.39435,-0.480742
103,-2.54089,-3.34858,0.499941
103,-2.24883,-2.39901,-0.57337
103,-2.49677,-4.35992,0.861436
103,-2.27643,-2.37301,-0.547551
103,-2.40363,-2.36048,-0.325069
103,-2.32327,-2.38787,-0.479776
103,-2.32342,-2.39452,-0.489618
103,-2.66966,-2.40935,0.221496
103,-2.34638,-2.11398,-0.606963
103,-2.42291,-2.33603,-0.437013
103,-2.2661,-2.72869,-0.594019
103,-2.47216,-1.95436,-0.569312
103,-2.62319,-1.33426,-0.568995
103,-2.63805,-1.25204,-0.592776
103,-2.62568,-1.47138,-0.527747
103,-2.49364,-1.91626,-0.604779
103,-2.65243,-1.35504,-0.568986
103,-2.70837,-1.28628,-0.497826
103,-2.56291,-1.81537,-0.563911
103,-2.17314,-4.43146,-0.130534
103,-2.15275,-4.59255,-0.0980817
103,-2.58456,-1.86561,-0.550945
103,-2.53801,-3.83112,0.284257
103,-2.59106,-1.86581,-0.567569
103,-2.5771,-1.84454,-0.610209
103,-2.58555,-1.84438,-0.612014
103,-2.47285,-4.46115,0.286669
103,-2.66598,-2.30091,-0.377894
103,-2.73789,-1.51023,-0.614018
103,-2.48109,-4.47421,0.279609
103,-2.48064,-4.46749,0.275406
103,-2.81815,-4.48981,0.967212
103,-2.4723,-4.50881,0.255705
103,-2.36367,-4.5798,0.0626559
103,-2.66087,-2.00835,-0.585889
103,-2.3415,-4.52082,-0.0715089
103,-2.71192,-2.25632,-0.406016
103,-2.72038,-2.25589,-0.39193
103,-2.39565,-4.59942,0.0709148
103,-2.70792,-3.69411,0.249099
103,-2.35379,-4.55106,-0.082412
103,-2.14142,-4.21757,-0.685391
103,-2.9297,-4.52641,1.02963
103,-2.38585,-4.5568,-0.0697031
103,-2.93539,-4.52908,1.02964
103,-2.32714,-4.59707,-0.191317
103,-2.2798,-4.51621,-0.328408
103,-2.4142,-4.60629,-0.0189173
103,-2.33934,-4.58234,-0.192004
103,-2.40881,-4.61592,-0.0390824
103,-2.95855,-4.56482,1.03401
103,-2.21346,-4.18419,-0.703124
103,-2.31277,-4.52886,-0.339866
103,-2.95997,-4.55136,0.986738
103,-2.31511,-4.53115,-0.34337
103,-2.29857,-4.5927,-0.350128
103,-2.97572,-4.56305,0.987011
103,-2.49579,-4.67761,0.0641691
103,-2.27905,-4.52896,-0.456642
103,-2.33068,-4.57467,-0.333201
103,-2.33277,-4.5727,-0.331614
103,-2.21363,-4.26351,-0.725565
103,-2.98324,-4.56557,0.983748
103,-2.35422,-4.59171,-0.294632
103,-2.32756,-4.53688,-0.398976
103,-2.21499,-4.64518,-0.584815
103,-2.22798,-4.63629,-0.568892
103,-2.30372,-4.60193,-0.439807
103,-2.21543,-4.63217,-0.619534
103,-2.22913,-4.63178,-0.592368
103,-2.38496,-4.64809,-0.278233
103,-2.87517,-2.2019,-0.458784
103,-2.25402,-4.65315,-0.577437
103,-2.28196,-4.62306,-0.564636
103,-2.29032,-4.60478,-0.582965
103,-2.36494,-4.56172,-0.513692
103,-2.95534,-2.18263,-0.499239
103,-2.52734,-4.71216,-0.261155
103,-2.99953,-2.21096,-0.509974
103,-3.098,-2.18835,-0.379426
103,-3.04173,-2.16347,-0.528085
103,-3.14003,-2.17427,-0.394478
103,-3.24664,-2.1102,-0.423643
103,-2.34691,-3.81159,0.680186
102,-2.34691,-3.81159,0.680186
103,-2.31511,-3.29501,0.42644
102,-2.31511,-3.29501,0.42644
103,-2.06033,-2.07964,-0.47381
102,-2.06033,-2.07964,-0.47381
103,-2.33985,-3.58433,0.613755
102,-2.33985,-3.58433,0.613755
103,-2.31196,-3.80328,0.697442
102,-2.31196,-3.80328,0.697442
103,-1.35871,-4.60641,-0.232898
102,-1.35871,-4.60641,-0.232898
103,-0.352465,-4.47894,0.0243471
102,-0.352465,-4.47894,0.0243471
103,-0.377765,-4.50474,-0.02788
102,-0.377765,-4.50474,-0.02788
103,-0.400186,-4.18681,0.345053
102,-0.400186,-4.18681,0.345053
103,-2.63637,-1.26505,-0.56992
102,-2.63637,-1.26505,-0.56992
103,-2.41726,-3.75381,0.340026
102,-2.41726,-3.75381,0.340026
103,-1.72392,-4.9515,0.675538
102,-1.72392,-4.9515,0.675538
103,-0.931535,-4.51718,0.00292253
102,-0.931535,-4.51718,0.00292253
103,-2.09742,-4.41546,-0.416288
101,-2.09742,-4.41546,-0.416288
103,-2.26831,-2.00255,-0.45655
101,-2.26831,-2.00255,-0.45655
103,-2.37849,-3.59499,0.841284
101,-2.37849,-3.59499,0.841284
103,-2.38353,-3.69101,0.325962
101,-2.38353,-3.69101,0.325962
103,-2.79371,-3.35369,0.251237
101,-2.79371,-3.35369,0.251237
103,-1.44182,-4.56511,0.700015
101,-1.44182,-4.56511,0.700015
103,-1.72657,-4.73464,0.765607
101,-1.72657,-4.73464,0.765607
103,-1.50925,-4.64514,-0.346674
101,-1.50925,-4.64514,-0.346674
103,-1.70382,-5.435,0.547937
101,-1.70382,-5.435,0.547937
103,-1.5898,-5.28119,0.605923
101,-1.5898,-5.28119,0.605923
103,-3.35582,-1.76202,-0.987418
101,-3.35582,-1.76202,-0.987418
103,-2.69748,-1.15297,-0.190882
101,-2.69748,-1.15297,-0.190882
103,-2.48323,-2.78602,0.338285
100,-2.48323,-2.78602,0.338285
103,-2.33572,-3.60519,0.990947
100,-2.33572,-3.60519,0.990947
103,-2.42345,-3.83805,0.573035
100,-2.42345,-3.83805,0.573035
103,-1.91988,-4.80854,0.939418
100,-1.91988,-4.80854,0.939418
103,-2.39728,-3.66676,0.844775
100,-2.39728,-3.66676,0.844775
103,-2.38491,-3.59197,0.974558
100,-2.38491,-3.59197,0.974558
103,-2.49277,-2.2699,-0.539162
100,-2.49277,-2.2699,-0.539162
103,-1.72565,-5.33626,0.91264
100,-1.72565,-5.33626,0.91264
103,-1.89807,-5.54153,0.919712
100,-1.89807,-5.54153,0.919712
103,-2.50367,-1.80235,-0.515145
100,-2.50367,-1.80235,-0.515145
103,-2.37551,-3.72911,0.53613
99,-2.37551,-3.72911,0.53613
103,-2.70187,-2.32415,-0.249956
99,-2.70187,-2.32415,-0.249956
103,-2.41787,-3.78031,0.697722
99,-2.41787,-3.78031,0.697722
103,-2.30748,-4.28199,0.706337
99,-2.30748,-4.28199,0.706337
103,-1.97537,-4.71063,0.646669
99,-1.97537,-4.71063,0.646669
103,-2.30748,-4.28199,0.706337
99,-2.30748,-4.28199,0.706337
103,-1.77942,-5.1116,1.05021
99,-1.77942,-5.1116,1.05021
103,-3.45215,-6.25185,0.897781
99,-3.45215,-6.25185,0.897781
103,-2.06308,-1.68129,0.00715487
99,-2.06308,-1.68129,0.00715487
103,-6.46236,-4.67357,0.772069
97,-6.46236,-4.67357,0.772069
103,-2.65062,-1.95303,-0.393238
97,-2.65062,-1.95303,-0.393238
103,-1.88521,-5.30223,1.16693
97,-1.88521,-5.30223,1.16693
103,-1.75994,-5.10166,1.02254
97,-1.75994,-5.10166,1.02254
103,-6.40075,-10.834,-2.66348
64,-6.40075,-10.834,-2.66348
104,-0.515897,-2.29708,0.406979
104,-1.01128,-2.07949,0.168073
104,-0.788037,-4.30967,0.341149
104,-0.792239,-4.30556,0.332757
104,-0.847235,-4.47132,0.0583935
104,-0.841284,-4.50426,0.000978589
104,-0.811755,-4.52388,-0.275217
104,-0.80906,-4.56723,-0.309119
104,-0.744158,-4.58622,-0.52111
104,-0.795156,-4.46535,-0.457307
104,-0.837746,-4.53861,-0.325473
104,-0.811239,-4.49141,-0.555846
104,-1.02863,-4.5605,-0.231279
104,-0.923,-4.51116,-0.572228
104,-1.05983,-4.57876,-0.211604
104,-1.06226,-4.55098,-0.245347
104,-0.949183,-4.52792,-0.597277
104,-1.67631,-5.05728,1.08615
104,-1.65391,-5.06763,1.02309
104,-1.68906,-5.02918,1.05098
104,-2.21931,-2.85789,1.21943
104,-1.74986,-5.00974,1.09338
104,-1.70751,-5.11335,1.02452
104,-1.6997,-5.07539,0.961306
104,-1.70072,-5.06985,0.959624
104,-1.72435,-5.06639,0.998796
104,-1.68521,-5.09645,0.90344
104,-1.52405,-2.7975,-0.687298
104,-1.78184,-4.99339,1.09389
104,-1.7951,-4.95854,1.09705
104,-1.68977,-5.10492,0.895763
104,-1.79405,-5.03662,1.10316
104,-1.71974,-4.76066,0.712224
104,-1.90245,-4.67244,1.13025
104,-1.91171,-4.66223,1.13742
104,-1.81264,-4.88105,0.986958
104,-1.84198,-4.74938,0.970037
104,-1.88792,-4.80372,1.09418
104,-1.68642,-5.02175,0.688806
104,-1.83631,-4.77298,0.936624
104,-1.85983,-4.79218,0.983908
104,-1.84832,-4.76285,0.936994
104,-1.93029,-4.73388,1.12892
104,-1.96664,-4.52681,1.10316
104,-1.94994,-4.68915,1.13866
104,-1.69666,-5.16322,0.73115
104,-1.87786,-4.75755,0.985142
104,-1.90964,-4.81752,1.09531
104,-1.69205,-5.19492,0.730147
104,-1.67904,-5.11721,0.655581
104,-2.3489,-2.84983,1.21154
104,-1.80359,-4.87818,0.84433
104,-1.87326,-4.75818,0.96125
104,-1.74096,-4.91395,0.699289
104,-1.84865,-4.93622,0.979482
104,-1.71923,-5.06836,0.712796
104,-1.44455,-4.57546,-0.243765
104,-1.88862,-4.6591,0.930211
104,-1.85421,-4.75571,0.889914
104,-2,-4.50393,1.12812
104,-1.85967,-4.94135,0.982388
104,-1.75378,-5.01743,0.719803
104,-1.46564,-4.54249,-0.274426
104,-1.77374,-4.95969,0.724896
104,-2.02041,-4.56872,1.15135
104,-2.02854,-4.50335,1.13498
104,-1.70327,-5.18894,0.651417
104,-1.91755,-5.06975,1.13757
104,-1.92077,-4.67797,0.94553
104,-1.85325,-4.97272,0.921642
104,-1.68873,-5.17516,0.601843
104,-1.47039,-4.55099,-0.276442
104,-2.02637,-4.47864,1.0917
104,-1.71283,-5.2109,0.648384
104,-1.77107,-4.98248,0.657419
104,-1.77572,-5.05317,0.69582
104,-1.76412,-5.1186,0.693845
104,-2.06816,-4.50902,1.1576
104,-2.0725,-4.49558,1.15809
104,-1.32408,-4.60398,-0.711251
104,-2.03666,-4.50202,1.0558
104,-1.88278,-4.82609,0.824456
104,-2.02115,-4.49827,1.00813
104,-2.02831,-4.64443,1.09986
104,-1.95019,-4.68598,0.917376
104,-2.14585,-2.64245,0.372465
104,-1.76048,-5.12486,0.651817
104,-2.01999,-4.50728,0.994349
104,-2.31923,-2.83755,0.906343
104,-2.02399,-4.49356,0.994759
104,-1.80469,-4.93577,0.656709
104,-1.81197,-4.9804,0.692866
104,-2.32752,-2.83899,0.919904
104,-2.29884,-2.83036,0.838102
104,-2.30976,-2.83251,0.858429
104,-2.08183,-4.59027,1.1577
104,-1.44702,-4.53119,-0.500748
104,-1.9448,-4.62108,0.812347
104,-1.44683,-4.54072,-0.510467
104,-1.95043,-4.64773,0.832598
104,-1.90472,-4.53442,0.655837
104,-1.92759,-4.48797,0.669325
104,-2.07059,-4.52009,1.05127
104,-2.20444,-3.68333,0.966164
104,-1.99374,-4.47507,0.808121
104,-2.06761,-4.68774,1.10463
104,-2.3799,-2.80507,0.941051
104,-2.40207,-2.80215,0.982655
104,-1.84709,-5.01278,0.677083
104,-2.1612,-2.89307,0.397179
104,-2.17735,-2.84959,0.397011
104,-2.13182,-4.53654,1.13912
104,-2.1128,-4.54722,1.09534
104,-2.03905,-4.92787,1.09927
104,-2.23433,-3.69592,0.969568
104,-2.36815,-3.59467,1.25924
104,-2.03141,-5.17829,1.19585
104,-2.3623,-3.59253,1.21139
104,-2.08231,-4.50919,0.954084
104,-2.08531,-4.51343,0.951521
104,-2.33399,-2.81691,0.708657
104,-2.10531,-4.55308,1.00899
104,-2.36832,-3.58585,1.18464
104,-2.36501,-2.81211,0.779442
104,-1.92575,-4.62475,0.576743
104,-2.04989,-4.49277,0.784505
104,-1.88219,-5.06709,0.641729
104,-2.36927,-3.58984,1.12527
104,-2.40666,-3.30095,1.05839
104,-2.31345,-3.59655,0.969331
104,-2.4094,-3.61049,1.21926
104,-1.51928,-4.56021,-0.582351
104,-2.40313,-3.59904,1.1857
104,-2.05443,-4.52139,0.757091
104,-2.07258,-4.50449,0.78833
104,-1.5402,-4.55155,-0.571313
104,-2.11447,-5.16029,1.20365
104,-2.4222,-2.7756,0.731518
104,-2.44909,-3.30242,1.06804
104,-2.41872,-2.77255,0.715912
104,-2.04657,-4.5168,0.651617
104,-2.25866,-2.8786,0.344881
104,-2.33463,-3.73172,0.968138
104,-2.40657,-2.77296,0.660867
104,-2.4129,-3.30644,0.945243
104,-2.4314,-2.77676,0.716447
104,-2.27367,-2.86675,0.349143
104,-2.42892,-2.76332,0.690544
104,-2.06311,-4.48844,0.630232
104,-2.42818,-2.77041,0.684762
104,-2.4298,-2.77385,0.689726
104,-2.02462,-4.7249,0.645247
104,-2.43926,-3.30782,0.971868
104,-2.47675,-3.31175,1.06884
104,-2.29001,-2.84974,0.353543
104,-2.42653,-2.78006,0.662589
104,-2.28614,-2.86421,0.345441
104,-2.00474,-4.71153,0.561621
104,-2.33327,-3.57964,0.820846
104,-2.43699,-2.77515,0.66029
104,-2.41242,-2.76741,0.587122
104,-2.41842,-2.78254,0.585578
104,-2.47696,-2.77024,0.688276
104,-2.41383,-3.3123,0.594701
104,-2.41674,-3.31213,0.581216
104,-2.1537,-2.42312,-0.560871
104,-2.38757,-3.58987,0.609869
104,-2.33106,-3.32768,0.325071
104,-2.41035,-3.31427,0.502106
104,-2.15573,-4.66025,0.533424
104,-2.35464,-3.34201,0.329858
104,-2.35166,-3.34059,0.317854
104,-2.34952,-3.36016,0.316914
104,-2.27883,-3.82775,0.321401
104,-2.20682,-2.41462,-0.591816
104,-2.55413,-2.38376,0.26294
104,-2.55222,-2.39712,0.262365
104,-2.21808,-2.43024,-0.578332
104,-2.17461,-2.73652,-0.545985
104,-2.31419,-2.36843,-0.38635
104,-2.32223,-2.35793,-0.392816
104,-2.28019,-2.15941,-0.613086
104,-2.54326,-4.18383,1.09377
104,-2.56848,-2.41109,0.250618
104,-2.31003,-3.8498,0.312469
104,-2.34417,-2.36119,-0.393274
104,-2.45212,-3.24345,0.31567
104,-2.45113,-3.33028,0.352685
104,-2.42624,-3.39157,0.314726
104,-2.32203,-2.12679,-0.610402
104,-2.43995,-3.39385,0.307655
104,-2.40954,-3.5648,0.312748
104,-2.33279,-2.13133,-0.618137
104,-2.23136,-2.70724,-0.590029
104,-2.36739,-2.35925,-0.419553
104,-2.35664,-2.09628,-0.626312
104,-2.08287,-4.54756,-0.0823852
104,-2.1307,-4.64335,-0.00801331
104,-2.40382,-3.90988,0.304946
104,-2.41889,-3.89255,0.303271
104,-2.66493,-4.23056,1.09869
104,-2.62837,-1.22487,-0.592991
104,-2.45184,-3.83597,0.279078
104,-2.71465,-2.40873,0.216832
104,-2.0316,-4.35948,-0.586192
104,-2.47007,-3.8509,0.270086
104,-2.05375,-4.14427,-0.658677
104,-2.03471,-4.44524,-0.569555
104,-2.05034,-4.36028,-0.595556
104,-2.04512,-4.3498,-0.616217
104,-2.43974,-4.13367,0.276813
104,-2.07439,-4.41346,-0.532171
104,-2.05535,-4.3474,-0.621034
104,-2.45295,-4.1109,0.275839
104,-2.68606,-1.3664,-0.542671
104,-2.06494,-4.37483,-0.604682
104,-2.53444,-3.81954,0.280094
104,-2.09836,-4.42813,-0.538648
104,-2.5721,-2.03191,-0.571637
104,-2.72652,-4.44741,1.03408
104,-2.08635,-4.47366,-0.594933
104,-2.56016,-3.83047,0.274442
104,-2.58484,-2.12213,-0.554832
104,-2.50945,-4.13374,0.263504
104,-2.30531,-4.50314,-0.093146
104,-2.72808,-4.4247,0.902854
104,-2.14975,-4.22645,-0.693999
104,-2.37609,-4.61593,0.0805881
104,-2.73445,-1.47863,-0.611336
104,-2.54797,-4.12384,0.249191
104,-2.34592,-4.52262,-0.0728214
104,-2.78032,-4.45926,0.993235
104,-2.38858,-4.60203,0.0612056
104,-2.56166,-4.12609,0.244861
104,-2.51413,-4.47346,0.284196
104,-2.40139,-4.58449,0.0507156
104,-2.2496,-4.48616,-0.413108
104,-2.33104,-4.54228,-0.183969
104,-2.26539,-4.52354,-0.361945
104,-2.41682,-4.6039,0.0513666
104,-2.26066,-4.49602,-0.41469
104,-2.77245,-3.19494,0.230755
104,-2.19039,-4.52089,-0.593149
104,-2.28694,-4.58089,-0.318758
104,-2.53773,-4.46622,0.261283
104,-2.40991,-4.60563,-0.0196874
104,-2.41896,-4.63946,-0.00576138
104,-2.33414,-4.65322,-0.236337
104,-2.22963,-4.55694,-0.556154
104,-2.62312,-4.18671,0.240463
104,-2.20635,-4.64118,-0.613971
104,-2.44154,-4.65298,-0.0176511
104,-2.44786,-4.62318,-0.0248947
104,-2.86888,-4.49313,0.979635
104,-2.32725,-4.54444,-0.399787
104,-2.36067,-4.60265,-0.307927
104,-2.2451,-4.63469,-0.587805
104,-2.23026,-4.63868,-0.624775
104,-2.27069,-4.59727,-0.586098
104,-2.89761,-4.49897,0.965276
104,-2.63205,-4.52197,0.277317
104,-2.26436,-4.6151,-0.628927
104,-2.27024,-4.60816,-0.63078
104,-2.95351,-4.48699,0.192987
104,-3.03488,-4.54644,0.168315
104,-3.04961,-4.49988,0.148315
104,-3.07928,-4.57095,0.154872
104,-3.53514,-1.99301,-0.505913
104,-3.57822,-1.93644,-0.552085
104,-3.59204,-1.96048,-0.523433
104,-3.59912,-1.9089,-0.569193
104,-3.67852,-1.94794,-0.549001
104,-3.7484,-1.8548,-0.620077
104,-3.78322,-1.89293,-0.627231
104,-3.76288,-4.59257,-0.00689155
104,-5.34101,-7.36759,1.35792
104,-2.34521,-4.51938,-0.0745807
103,-2.34521,-4.51938,-0.0745807
104,-1.74232,-3.49089,1.0981
103,-1.74232,-3.49089,1.0981
104,-2.60595,-1.83709,-0.626681
103,-2.60595,-1.83709,-0.626681
104,-1.95377,-2.38235,0.0170375
103,-1.95377,-2.38235,0.0170375
104,-2.36995,-3.59059,0.799812
103,-2.36995,-3.59059,0.799812
104,-0.98757,-4.56103,-0.174835
103,-0.98757,-4.56103,-0.174835
104,-0.703112,-4.54825,-0.131408
103,-0.703112,-4.54825,-0.131408
104,-1.08718,-4.54777,-0.613527
103,-1.08718,-4.54777,-0.613527
104,-1.83359,-5.04889,0.652691
103,-1.83359,-5.04889,0.652691
104,-2.49408,-3.71063,0.302717
102,-2.49408,-3.71063,0.302717
104,-2.00572,-4.47722,1.04246
102,-2.00572,-4.47722,1.04246
104,-2.33499,-4.50992,-0.0798115
102,-2.33499,-4.50992,-0.0798115
104,-1.70449,-4.66938,0.556597
102,-1.70449,-4.66938,0.556597
104,-2.30163,-2.63086,0.346018
102,-2.30163,-2.63086,0.346018
104,-1.67963,-5.05996,1.08809
102,-1.67963,-5.05996,1.08809
104,-2.46831,-3.85587,0.651933
100,-2.46831,-3.85587,0.651933
104,-2.57718,-2.29067,-0.312108
100,-2.57718,-2.29067,-0.312108
104,-2.38698,-3.59369,0.886649
100,-2.38698,-3.59369,0.886649
104,-2.4194,-3.83915,0.729573
100,-2.4194,-3.83915,0.729573
104,-2.43546,-4.36184,0.283454
100,-2.43546,-4.36184,0.283454
104,-2.40907,-4.51957,0.267867
100,-2.40907,-4.51957,0.267867
104,-1.79261,-4.62531,0.92919
100,-1.79261,-4.62531,0.92919
104,-2.47522,-4.38774,0.27704
100,-2.47522,-4.38774,0.27704
104,-1.86108,-4.82859,0.838885
100,-1.86108,-4.82859,0.838885
104,-1.80895,-4.64006,0.930178
100,-1.80895,-4.64006,0.930178
104,-2.55227,-2.26501,-0.213098
100,-2.55227,-2.26501,-0.213098
104,-2.31988,-3.58158,0.903631
100,-2.31988,-3.58158,0.903631
104,-2.46709,-3.81229,0.737568
100,-2.46709,-3.81229,0.737568
104,-1.92121,-4.33447,-0.443657
100,-1.92121,-4.33447,-0.443657
104,-2.36583,-3.60227,0.898933
100,-2.36583,-3.60227,0.898933
104,-2.69069,-1.65981,-0.208438
100,-2.69069,-1.65981,-0.208438
104,-2.56654,-3.8251,0.30836
100,-2.56654,-3.8251,0.30836
104,-1.74942,-4.65279,0.927512
99,-1.74942,-4.65279,0.927512
104,-1.8664,-4.82086,0.90482
99,-1.8664,-4.82086,0.90482
104,-1.94449,-4.79853,0.736659
99,-1.94449,-4.79853,0.736659
104,-1.81154,-5.15128,1.05048
99,-1.81154,-5.15128,1.05048
104,-1.95337,-4.68234,0.917552
99,-1.95337,-4.68234,0.917552
104,-2.65417,-1.97122,-0.229295
97,-2.65417,-1.97122,-0.229295
104,-2.54455,-3.79148,0.285067
97,-2.54455,-3.79148,0.285067
104,-2.35504,-3.53479,0.312378
97,-2.35504,-3.53479,0.312378
104,-2.39639,-3.77781,0.70501
97,-2.39639,-3.77781,0.70501
104,-2.3536,-3.92685,0.297749
97,-2.3536,-3.92685,0.297749
104,-2.65639,-1.97156,-0.225465
97,-2.65639,-1.97156,-0.225465
104,-2.54795,-2.80128,0.919891
97,-2.54795,-2.80128,0.919891
104,-2.35493,-3.73036,0.688943
97,-2.35493,-3.73036,0.688943
104,-2.33939,-3.58302,1.11844
97,-2.33939,-3.58302,1.11844
104,-2.53563,-2.79591,0.926553
97,-2.53563,-2.79591,0.926553
104,-2.37712,-3.60645,0.948188
97,-2.37712,-3.60645,0.948188
104,-2.4073,-3.31235,0.471512
95,-2.4073,-3.31235,0.471512
104,-2.36617,-3.59241,0.666191
95,-2.36617,-3.59241,0.666191
104,-2.46268,-4.26323,0.272651
95,-2.46268,-4.26323,0.272651
104,-2.79571,-3.36224,0.843796
95,-2.79571,-3.36224,0.843796
104,-2.41733,-3.304,1.03841
95,-2.41733,-3.304,1.03841
104,-2.78657,-3.3595,0.869556
95,-2.78657,-3.3595,0.869556
104,-3.4574,-3.85643,0.85606
95,-3.4574,-3.85643,0.85606
104,-2.36105,-3.59588,1.13366
95,-2.36105,-3.59588,1.13366
104,-2.35154,-4.39512,0.303068
66,-2.35154,-4.39512,0.303068
104,-2.41159,-2.82953,1.07029
93,-2.41159,-2.82953,1.07029
105,0.140116,-2.67025,0.707971
105,-0.272878,-3.15155,0.938484
105,-0.95832,-4.16727,0.863467
105,-0.798016,-4.30487,0.331889
105,-0.80061,-4.30488,0.335156
105,-0.867107,-4.48784,0.0476038
105,-0.840502,-4.50322,-0.00654453
105,-1.05767,-2.76047,-0.586817
105,-0.799769,-4.53018,-0.305256
105,-0.798372,-4.50321,-0.336066
105,-0.791777,-4.55503,-0.342822
105,-0.806245,-4.557,-0.314267
105,-0.778334,-4.47766,-0.439507
105,-0.782673,-4.55146,-0.407761
105,-0.854344,-4.53687,-0.24991
105,-0.875163,-4.56298,-0.196108
105,-0.804579,-4.56868,-0.36128
105,-0.85509,-4.54379,-0.262014
105,-0.790868,-4.48855,-0.449377
105,-0.816495,-4.48576,-0.467741
105,-0.965411,-4.61383,-0.249247
105,-0.969831,-4.54457,-0.284868
105,-1.03433,-4.51903,-0.220115
105,-0.996668,-4.55236,-0.304197
105,-0.908044,-4.48906,-0.560253
105,-0.911708,-4.49355,-0.557826
105,-1.03071,-4.52592,-0.274087
105,-1.01525,-4.63012,-0.269171
105,-1.01259,-4.62774,-0.276916
105,-1.07188,-4.57685,-0.221466
105,-1.06475,-4.64286,-0.226921
105,-1.07183,-4.66841,-0.252318
105,-1.14262,-4.62064,-0.208869
105,-1.28834,-4.52121,-0.18188
105,-1.66701,-4.7077,0.726606
105,-1.66777,-5.07601,0.903571
105,-1.71194,-5.05408,0.994072
105,-1.67071,-5.07329,0.900286
105,-1.33967,-4.52222,-0.184018
105,-1.69373,-4.74733,0.703674
105,-1.70699,-4.74538,0.717249
105,-1.73345,-4.78155,0.723506
105,-1.68114,-5.10426,0.757385
105,-1.85547,-4.76673,0.9864
105,-1.70679,-5.06615,0.789552
105,-1.38815,-4.49279,-0.24377
105,-1.74771,-4.79135,0.731455
105,-1.7033,-5.06348,0.757706
105,-1.77317,-4.92798,0.851805
105,-1.86652,-4.756,0.966566
105,-1.41806,-4.54041,-0.205848
105,-1.69405,-5.02702,0.668317
105,-1.82021,-4.76444,0.826532
105,-1.72334,-5.0029,0.714516
105,-1.68553,-5.08776,0.666786
105,-1.68764,-5.07994,0.666913
105,-1.8953,-4.76998,0.97062
105,-1.72817,-5.05418,0.724482
105,-1.71374,-5.04126,0.680049
105,-1.78121,-4.60252,0.600979
105,-1.91948,-4.68256,0.959525
105,-2.17601,-3.56207,0.981332
105,-1.75179,-5.01683,0.724478
105,-1.76906,-4.65375,0.580596
105,-1.91839,-4.65318,0.924231
105,-1.28479,-4.55112,-0.603297
105,-2.18553,-3.56454,0.993901
105,-1.76184,-4.78755,0.617646
105,-1.42212,-4.52454,-0.310318
105,-1.93479,-4.69071,0.964121
105,-1.44545,-4.52873,-0.266314
105,-1.683,-5.15399,0.597846
105,-1.44768,-4.52798,-0.270306
105,-1.77826,-4.95432,0.713167
105,-2.02309,-4.49633,1.0455
105,-2.0359,-4.49495,1.05852
105,-1.94443,-4.66884,0.923294
105,-2.02076,-4.49932,1.01469
105,-1.7652,-5.02943,0.686458
105,-1.93643,-4.67422,0.904329
105,-2.01902,-4.48575,0.996216
105,-2.04275,-4.49248,1.05285
105,-2.0177,-4.5001,0.996022
105,-1.89047,-4.82018,0.861214
105,-1.84439,-4.685,0.658714
105,-1.84034,-4.72489,0.652479
105,-1.94996,-4.63845,0.854557
105,-2.03568,-4.47165,0.95332
105,-1.94276,-4.62344,0.811482
105,-1.86242,-4.70066,0.661253
105,-1.95108,-4.65522,0.833751
105,-1.79407,-5.06811,0.63596
105,-1.87017,-4.63597,0.590961
105,-1.38594,-4.5434,-0.585766
105,-2.36868,-2.828,0.827096
105,-1.43598,-4.52067,-0.496963
105,-1.92747,-4.54682,0.656253
105,-1.88067,-4.62207,0.577061
105,-2.21565,-2.64094,0.346523
105,-2.43369,-2.78625,0.909606
105,-1.82414,-5.07712,0.620883
105,-1.62579,-3.7324,-0.532303
105,-2.41381,-2.82998,0.837004
105,-2.03637,-4.47388,0.778994
105,-1.85137,-5.05858,0.641593
105,-2.04766,-4.47944,0.778508
105,-1.84337,-5.03007,0.580494
105,-1.9583,-4.65303,0.646238
105,-1.65444,-3.74971,-0.544294
105,-2.4309,-2.81125,0.765787
105,-1.4888,-4.52551,-0.564605
105,-2.28551,-2.6534,0.343411
105,-2.03332,-4.4856,0.678022
105,-2.36905,-3.61343,1.00666
105,-1.87592,-5.11421,0.6101
105,-2.04133,-4.48919,0.677385
105,-2.03233,-4.50127,0.656157
105,-2.03519,-4.48911,0.650394
105,-2.0392,-4.48562,0.654809
105,-2.43545,-2.76824,0.710218
105,-2.44238,-2.81476,0.74817
105,-2.43692,-2.76368,0.688781
105,-2.34785,-3.57329,0.887983
105,-2.01573,-4.55511,0.608038
105,-2.45265,-2.82688,0.752972
105,-2.4536,-2.82619,0.747246
105,-2.05121,-4.46861,0.636123
105,-1.92063,-4.56163,0.372496
105,-2.42969,-2.77167,0.653166
105,-2.45836,-2.82857,0.748073
105,-2.4485,-2.75813,0.689034
105,-2.43322,-2.76853,0.655161
105,-2.28622,-2.86914,0.354749
105,-2.44024,-2.7691,0.661519
105,-2.05469,-1.67298,-0.790412
105,-1.69177,-3.76642,-0.579102
105,-2.28602,-2.87503,0.347975
105,-2.01318,-4.59827,0.578625
105,-2.0349,-4.56567,0.607344
105,-2.4651,-2.76882,0.688585
105,-2.03221,-4.74086,0.647673
105,-1.55936,-4.57702,-0.582954
105,-2.0785,-4.57912,0.601598
105,-1.95067,-4.6901,0.359813
105,-2.50327,-3.68969,1.11927
105,-1.98098,-5.15656,0.56989
105,-2.14026,-4.53962,0.624818
105,-2.4294,-3.3061,0.674586
105,-2.43164,-3.30388,0.626499
105,-2.42949,-3.30834,0.620469
105,-2.40187,-3.30071,0.5506
105,-2.40946,-3.30399,0.567939
105,-2.1136,-4.79546,0.631602
105,-2.40667,-3.30233,0.543869
105,-2.43039,-3.30879,0.602179
105,-2.40568,-3.30048,0.535478
105,-2.33023,-3.79915,0.602707
105,-2.40618,-3.3089,0.518778
105,-2.22594,-3.84042,0.341135
105,-2.40961,-3.30602,0.482744
105,-2.45562,-2.77898,0.322969
105,-2.47745,-2.65569,0.304751
105,-2.34909,-3.31973,0.317281
105,-2.35273,-3.32168,0.319031
105,-2.24796,-3.82619,0.325065
105,-2.35429,-3.36442,0.333787
105,-2.0546,-5.22099,0.565535
105,-2.26272,-3.80944,0.325164
105,-2.38451,-3.24775,0.316106
105,-2.1845,-2.41337,-0.578913
105,-2.1831,-4.647,0.522711
105,-2.26175,-2.13331,-0.5705
105,-2.39369,-3.30476,0.326942
105,-2.3805,-3.57373,0.420128
105,-2.3913,-3.34689,0.328039
105,-2.20792,-2.44033,-0.563812
105,-2.20776,-2.44763,-0.568644
105,-2.20924,-2.40906,-0.592235
105,-2.21532,-2.43309,-0.5782
105,-2.21962,-2.42624,-0.579602
105,-2.58826,-2.38833,0.252136
105,-2.28204,-2.13393,-0.588731
105,-2.35578,-3.5905,0.314839
105,-2.23926,-2.41171,-0.555455
105,-2.41556,-3.33788,0.320873
105,-2.26684,-2.17306,-0.622719
105,-2.28252,-2.15541,-0.607327
105,-2.32991,-2.36394,-0.393172
105,-2.31935,-3.85963,0.333599
105,-2.30397,-2.12544,-0.598134
105,-2.04044,-4.57777,0.0238042
105,-2.31157,-2.11698,-0.595025
105,-2.04842,-4.58184,0.0184704
105,-2.24991,-4.73252,0.507736
105,-2.41751,-3.54635,0.299433
105,-2.1481,-5.3119,0.555524
105,-2.44267,-3.54668,0.303118
105,-2.44988,-3.55424,0.315204
105,-2.25932,-2.69704,-0.60682
105,-2.09219,-4.58197,-0.111095
105,-2.60906,-1.31517,-0.572065
105,-2.133,-4.56684,-0.101171
105,-2.40572,-4.08618,0.288986
105,-2.02494,-4.10384,-0.595609
105,-2.0235,-4.11059,-0.595783
105,-2.55271,-1.88063,-0.547388
105,-2.54391,-1.84457,-0.602939
105,-2.18819,-4.42795,-0.129352
105,-2.49502,-1.97414,-0.663713
105,-2.04428,-4.12758,-0.635496
105,-2.64778,-1.43281,-0.604571
105,-2.22372,-4.44153,-0.0803735
105,-2.66829,-1.43171,-0.581026
105,-2.20346,-4.44661,-0.144832
105,-2.65526,-1.45862,-0.600705
105,-2.70193,-1.34934,-0.557634
105,-2.55819,-1.96176,-0.584651
105,-2.0541,-4.17587,-0.647272
105,-2.47064,-4.08574,0.271642
105,-2.58823,-1.87214,-0.576599
105,-2.23604,-4.45669,-0.0942389
105,-2.59695,-1.84186,-0.576987
105,-2.05746,-4.16902,-0.682557
105,-2.69697,-1.48694,-0.587344
105,-2.27225,-4.47478,-0.0855475
105,-2.40592,-2.69637,-0.684149
105,-2.67442,-1.7507,-0.575205
105,-2.67907,-1.74066,-0.584544
105,-2.53598,-4.13393,0.26979
105,-2.32581,-4.50029,-0.0605992
105,-2.32508,-4.49341,-0.0705618
105,-2.55307,-4.15406,0.265526
105,-2.31848,-4.53914,-0.18739
105,-2.36689,-4.55422,-0.0786769
105,-2.55712,-4.49064,0.27911
105,-2.34513,-4.54767,-0.196829
105,-2.30065,-4.54382,-0.314423
105,-2.81125,-1.55587,-0.677577
105,-2.46751,-4.64794,0.0804644
105,-2.33748,-4.7278,-0.187666
105,-2.46357,-4.64821,0.0588506
105,-2.43061,-4.61653,-0.0363836
105,-2.58097,-4.54312,0.272057
105,-2.83103,-2.27818,-0.294004
105,-2.87568,-3.91492,0.621909
105,-2.32581,-4.52891,-0.353972
105,-2.33652,-4.56472,-0.331258
105,-2.35001,-4.58457,-0.296656
105,-2.32756,-4.61815,-0.338729
105,-2.33112,-4.5502,-0.389017
105,-2.39682,-4.62603,-0.212647
105,-2.37,-4.60275,-0.289521
105,-2.46663,-4.59715,-0.0846022
105,-2.38944,-4.74689,-0.215372
105,-2.34974,-4.56964,-0.41446
105,-3.03702,-3.97847,0.67472
105,-3.05239,-3.98516,0.638272
105,-3.09045,-3.99691,0.617516
105,-3.11161,-4.00129,0.647595
105,-3.15076,-4.01331,0.629711
105,-3.17968,-4.02223,0.612239
105,-2.95005,-4.47079,0.215312
105,-3.04517,-4.48356,0.152413
105,-3.45933,-1.98979,-0.515859
105,-2.75413,-2.1273,-0.232284
104,-2.75413,-2.1273,-0.232284
105,-1.89707,-4.69271,0.923209
104,-1.89707,-4.69271,0.923209
105,-2.02371,-4.48359,0.994803
104,-2.02371,-4.48359,0.994803
105,-2.42588,-3.59779,0.698265
104,-2.42588,-3.59779,0.698265
105,-2.29482,-3.56879,0.903965
104,-2.29482,-3.56879,0.903965
105,-1.68556,-5.01157,0.689131
104,-1.68556,-5.01157,0.689131
105,-2.53763,-4.45735,0.261403
104,-2.53763,-4.45735,0.261403
105,-1.75882,-4.95528,0.833691
104,-1.75882,-4.95528,0.833691
105,-2.13043,-4.63416,-0.00785226
104,-2.13043,-4.63416,-0.00785226
105,-2.01808,-3.49326,0.713268
103,-2.01808,-3.49326,0.713268
105,-2.49568,-3.64747,0.521761
103,-2.49568,-3.64747,0.521761
105,-2.57223,-2.82325,0.697515
103,-2.57223,-2.82325,0.697515
105,-2.59083,-2.8259,0.66539
103,-2.59083,-2.8259,0.66539
105,-2.52413,-3.65559,0.517905
103,-2.52413,-3.65559,0.517905
105,-2.64645,-3.72401,0.829797
103,-2.64645,-3.72401,0.829797
105,-2.14466,-3.58764,0.859812
103,-2.14466,-3.58764,0.859812
105,-2.35195,-3.69048,0.612811
103,-2.35195,-3.69048,0.612811
105,-2.53027,-3.77091,0.623055
103,-2.53027,-3.77091,0.623055
105,-2.04164,-4.50529,0.603954
103,-2.04164,-4.50529,0.603954
105,-2.55966,-3.71203,1.11852
103,-2.55966,-3.71203,1.11852
105,-2.30991,-3.28784,0.488347
103,-2.30991,-3.28784,0.488347
105,-2.14835,-3.73599,0.694166
103,-2.14835,-3.73599,0.694166
105,-2.40548,-3.59326,0.613717
103,-2.40548,-3.59326,0.613717
105,-2.333,-3.57267,0.723575
103,-2.333,-3.57267,0.723575
105,-0.793343,-4.5391,-0.0678823
103,-0.793343,-4.5391,-0.0678823
105,-2.36901,-4.55216,-0.516821
103,-2.36901,-4.55216,-0.516821
105,-2.43571,-3.74089,0.537725
102,-2.43571,-3.74089,0.537725
105,-2.57035,-3.84059,0.71664
102,-2.57035,-3.84059,0.71664
105,-1.64892,-5.13297,0.655505
102,-1.64892,-5.13297,0.655505
105,-0.775513,-4.54309,-0.41058
102,-0.775513,-4.54309,-0.41058
105,-2.60435,-3.34252,0.453843
102,-2.60435,-3.34252,0.453843
105,-2.52132,-2.13836,-0.168894
102,-2.52132,-2.13836,-0.168894
105,-0.553841,-2.8285,0.687439
100,-0.553841,-2.8285,0.687439
105,-2.3818,-3.70301,0.615582
100,-2.3818,-3.70301,0.615582
105,-2.43671,-3.63925,0.797427
100,-2.43671,-3.63925,0.797427
105,-2.43674,-2.82716,0.882942
100,-2.43674,-2.82716,0.882942
105,-2.38202,-3.72881,0.539869
100,-2.38202,-3.72881,0.539869
105,-2.30676,-3.60851,0.79643
100,-2.30676,-3.60851,0.79643
105,-2.40214,-3.674,0.336517
100,-2.40214,-3.674,0.336517
105,-2.42293,-3.77895,0.762446
100,-2.42293,-3.77895,0.762446
105,-2.35801,-3.59845,0.706709
99,-2.35801,-3.59845,0.706709
105,-2.34811,-3.61003,0.817149
99,-2.34811,-3.61003,0.817149
105,-2.3738,-3.624,0.815459
99,-2.3738,-3.624,0.815459
105,-0.792694,-4.55425,-0.342967
99,-0.792694,-4.55425,-0.342967
105,-1.71891,-5.06938,0.829261
99,-1.71891,-5.06938,0.829261
105,-2.3591,-3.7494,0.751473
97,-2.3591,-3.7494,0.751473
105,-2.35946,-3.74374,0.774179
97,-2.35946,-3.74374,0.774179
105,-2.44943,-2.82959,0.93704
97,-2.44943,-2.82959,0.93704
105,-2.41437,-3.31203,0.410588
97,-2.41437,-3.31203,0.410588
105,-4.38685,-4.94009,1.18496
95,-4.38685,-4.94009,1.18496
105,-2.36657,-3.81007,0.635737
95,-2.36657,-3.81007,0.635737
105,-4.6056,-5.03309,1.15534
65,-4.6056,-5.03309,1.15534
105,-2.90172,-1.30944,-0.652114
65,-2.90172,-1.30944,-0.652114
106,-0.00162119,-3.04956,0.795489
106,-1.0145,-4.05832,0.824159
106,-0.796446,-4.29501,0.336308
106,-0.804024,-4.3006,0.333359
106,-0.77856,-4.4706,-0.442262
106,-0.866794,-4.46947,-0.571077
106,-0.898062,-4.45216,-0.53804
106,-0.988096,-4.59289,-0.253378
106,-0.999087,-4.57758,-0.257822
106,-1.00121,-4.65435,-0.265229
106,-1.00371,-4.64358,-0.265149
106,-1.01031,-4.6194,-0.265578
106,-1.03131,-4.53184,-0.279693
106,-1.05202,-4.52976,-0.23463
106,-1.04177,-4.51263,-0.274254
106,-1.01541,-4.71336,-0.260984
106,-1.06078,-3.7788,-0.667957
106,-1.0682,-4.54823,-0.250346
106,-1.05097,-4.69959,-0.252889
106,-1.29131,-4.52419,-0.192392
106,-1.51697,-2.7789,-0.689438
106,-1.93492,-4.09612,0.995221
106,-1.65513,-5.02494,0.769133
106,-1.96352,-4.11554,1.00808
106,-1.34415,-4.51018,-0.262673
106,-1.67102,-5.0141,0.757137
106,-1.96542,-4.12022,0.969892
106,-1.80591,-4.88045,0.985707
106,-1.7679,-4.64421,0.747797
106,-1.69975,-4.73654,0.633575
106,-1.76839,-4.86773,0.863791
106,-1.23408,-4.53132,-0.592189
106,-1.79673,-4.90742,0.929325
106,-1.69318,-5.06567,0.763837
106,-1.80362,-4.91478,0.93285
106,-1.85542,-4.73213,0.955688
106,-1.84041,-4.84354,0.963447
106,-1.87353,-4.74051,0.983577
106,-1.26362,-4.5273,-0.585644
106,-1.4067,-4.50573,-0.25857
106,-1.8525,-4.74016,0.90819
106,-1.42142,-4.5526,-0.218405
106,-1.90617,-4.66417,0.978294
106,-1.85821,-4.79336,0.925057
106,-1.43316,-4.55947,-0.215698
106,-1.86779,-4.82697,0.955011
106,-1.90733,-4.66186,0.951164
106,-1.82916,-4.84715,0.86481
106,-1.89741,-4.72564,0.956091
106,-1.83462,-4.77659,0.834077
106,-1.72873,-5.05724,0.72934
106,-1.89245,-4.84785,0.998957
106,-1.86927,-4.75559,0.892181
106,-1.91209,-4.77128,0.991502
106,-1.80071,-4.9852,0.832524
106,-1.91733,-4.64878,0.924099
106,-1.75991,-4.68031,0.563354
106,-1.71822,-5.03641,0.653098
106,-1.91102,-4.70475,0.926954
106,-1.42964,-4.52235,-0.315861
106,-1.92786,-4.67729,0.950792
106,-1.88532,-4.77528,0.90216
106,-2.01923,-4.49109,1.04342
106,-1.76521,-5.02757,0.728514
106,-1.93228,-4.65967,0.924652
106,-1.85992,-4.79795,0.823397
106,-1.92875,-4.64603,0.900863
106,-1.86332,-4.80246,0.825058
106,-1.78558,-4.94887,0.718017
106,-1.4637,-4.53268,-0.277405
106,-1.91045,-4.63516,0.833148
106,-1.93408,-4.67163,0.907282
106,-1.83077,-4.66311,0.65572
106,-2.02623,-4.49913,1.02117
106,-1.77819,-4.94714,0.668744
106,-1.9393,-4.6776,0.903926
106,-2.01937,-4.50555,0.997735
106,-1.90467,-4.75201,0.857884
106,-1.42501,-4.51869,-0.413128
106,-1.92316,-4.60561,0.816326
106,-1.94648,-4.65378,0.895949
106,-1.94631,-4.6504,0.890078
106,-1.82885,-4.62122,0.59383
106,-1.94601,-4.64838,0.884193
106,-2.02926,-4.48408,0.992417
106,-2.04206,-4.48137,1.01635
106,-1.77607,-4.89483,0.605408
106,-1.75899,-5.01049,0.622116
106,-1.94048,-4.68398,0.875715
106,-1.34862,-4.5518,-0.602879
106,-2.0398,-4.48262,0.998846
106,-2.03672,-4.49469,0.991764
106,-2.03426,-4.48271,0.975252
106,-1.82368,-4.69418,0.582231
106,-1.44096,-4.5281,-0.417275
106,-1.94299,-4.60822,0.81312
106,-1.94779,-4.623,0.830949
106,-1.83986,-4.65125,0.581983
106,-1.98283,-4.45598,0.807011
106,-1.45094,-4.5297,-0.418683
106,-2.04063,-4.47582,0.952099
106,-1.85368,-4.6403,0.588094
106,-1.39072,-4.53036,-0.582968
106,-1.87018,-4.71467,0.655148
106,-1.39154,-4.53864,-0.590675
106,-1.82241,-4.75815,0.549969
106,-1.43726,-4.51804,-0.495983
106,-1.443,-4.51387,-0.491255
106,-2.44497,-2.82039,0.965795
106,-1.87321,-4.61647,0.57697
106,-1.44199,-4.52799,-0.510638
106,-1.44787,-4.51991,-0.502047
106,-1.98858,-4.48459,0.761274
106,-1.88489,-4.64557,0.585136
106,-1.44386,-4.53683,-0.527006
106,-1.94025,-4.55869,0.654189
106,-1.84913,-4.51922,0.412656
106,-2.24164,-3.70319,0.899167
106,-2.3869,-2.76645,0.731328
106,-2.45655,-2.82033,0.918321
106,-2.24559,-3.71164,0.897223
106,-1.85149,-4.85747,0.575998
106,-1.41721,-4.57533,-0.61885
106,-2.396,-2.76451,0.720601
106,-2.40086,-2.75423,0.725781
106,-2.03368,-4.47175,0.783141
106,-2.02712,-4.47426,0.758459
106,-1.96085,-4.57051,0.649402
106,-1.99309,-4.47324,0.672275
106,-2.03793,-4.47085,0.776891
106,-1.97729,-4.55549,0.652487
106,-2.26726,-3.66935,0.855777
106,-1.89356,-4.83251,0.598369
106,-2.41384,-2.76661,0.704024
106,-1.97675,-4.57876,0.645641
106,-1.99483,-4.51454,0.652291
106,-1.88833,-4.54381,0.410103
106,-2.01159,-4.46624,0.654433
106,-2.44327,-2.82594,0.787853
106,-1.98911,-4.5807,0.647343
106,-1.4886,-4.53189,-0.578968
106,-1.91516,-4.85508,0.598205
106,-1.86604,-5.05074,0.574387
106,-2.44109,-2.75733,0.686879
106,-2.43268,-2.76473,0.655073
106,-2.44776,-2.75956,0.682182
106,-2.35245,-3.57716,0.896093
106,-2.44771,-2.76503,0.664867
106,-2.45467,-2.75501,0.675434
106,-2.0073,-4.59731,0.610826
106,-2.04715,-4.46628,0.630632
106,-2.28359,-2.88118,0.332707
106,-2.01918,-4.55928,0.61088
106,-1.94223,-4.87956,0.596899
106,-2.28871,-2.86943,0.326654
106,-2.29287,-2.88366,0.343175
106,-2.29313,-2.06015,-0.119544
106,-2.34914,-3.57574,0.832732
106,-1.93509,-4.57091,0.377211
106,-2.46107,-2.81963,0.668256
106,-2.05228,-4.51939,0.609342
106,-2.02218,-4.57628,0.564185
106,-1.94369,-4.57885,0.372691
106,-1.55169,-4.58411,-0.596239
106,-2.42013,-2.48338,0.309945
106,-1.95157,-4.68245,0.345805
106,-2.28156,-3.78637,0.613726
106,-2.07948,-4.77555,0.637079
106,-1.92697,-4.67342,0.210226
106,-2.09635,-4.60087,0.563311
106,-2.09656,-4.60831,0.567155
106,-2.43371,-3.30026,0.644904
106,-2.35909,-3.56996,0.613302
106,-2.41959,-3.30395,0.612044
106,-2.42316,-3.30743,0.615747
106,-2.11384,-4.60758,0.581984
106,-2.39511,-3.29997,0.536667
106,-2.34241,-3.80497,0.682593
106,-2.10635,-4.61735,0.549609
106,-2.41904,-3.30299,0.570112
106,-2.31393,-3.32235,0.32954
106,-2.41328,-3.30115,0.547832
106,-2.40719,-3.29928,0.52554
106,-2.38942,-3.30501,0.479084
106,-2.51944,-2.38918,0.265469
106,-2.52317,-2.3952,0.268938
106,-2.34452,-3.32078,0.329929
106,-2.17565,-2.40546,-0.574073
106,-2.34649,-3.31742,0.316219
106,-2.14558,-4.62839,0.537177
106,-2.3697,-3.2614,0.328337
106,-2.41704,-3.30263,0.44609
106,-2.19788,-2.40562,-0.586178
106,-2.16222,-4.63786,0.523449
106,-2.35831,-3.57116,0.407917
106,-2.20894,-2.39718,-0.599468
106,-2.21176,-2.39821,-0.593399
106,-2.57536,-2.39122,0.258774
106,-2.40157,-3.29447,0.319431
106,-2.35306,-2.36011,-0.304852
106,-2.21974,-2.40934,-0.597682
106,-2.40413,-3.29448,0.312878
106,-2.32477,-2.35332,-0.388373
106,-2.32818,-2.35304,-0.391537
106,-2.23427,-2.43512,-0.580905
106,-2.23457,-2.42104,-0.59236
106,-2.23796,-2.42138,-0.58729
106,-2.36085,-3.54803,0.314257
106,-2.59855,-2.39849,0.244975
106,-2.41503,-3.30715,0.299061
106,-2.4094,-3.37384,0.318757
106,-2.43,-3.25388,0.302651
106,-2.3095,-2.11766,-0.599812
106,-2.36274,-3.56725,0.306832
106,-2.2559,-2.3906,-0.586088
106,-2.20541,-4.68779,0.532283
106,-2.43078,-3.31013,0.318067
106,-2.31267,-2.1203,-0.612475
106,-2.28939,-2.19045,-0.630174
106,-2.32048,-2.11836,-0.595475
106,-2.30192,-2.14394,-0.627588
106,-2.46703,-3.31876,0.39936
106,-2.37527,-3.55101,0.305363
106,-2.42915,-3.34696,0.316556
106,-2.32546,-2.12196,-0.595366
106,-2.04136,-4.57577,0.0237394
106,-2.37059,-2.35315,-0.414208
106,-2.11101,-5.34876,0.558604
106,-2.48318,-3.2556,0.293194
106,-2.42592,-3.53792,0.304687
106,-2.40405,-1.99357,-0.625748
106,-2.4366,-3.55606,0.297541
106,-2.32624,-4.07085,0.301021
106,-1.94658,-4.29784,-0.530219
106,-1.96423,-4.11484,-0.594443
106,-2.47388,-1.95202,-0.572206
106,-1.97384,-4.10038,-0.619581
106,-2.09763,-4.54836,-0.0900466
106,-2.08685,-4.58013,-0.109435
106,-1.98372,-4.1174,-0.605349
106,-2.47575,-3.64623,0.306358
106,-1.99175,-4.09985,-0.600057
106,-2.53254,-2.31995,-0.294607
106,-2.49008,-4.35672,0.697983
106,-2.01303,-4.10139,-0.589715
106,-2.51085,-1.86137,-0.623933
106,-2.10392,-4.58981,-0.11583
106,-1.99881,-4.13174,-0.615432
106,-2.11096,-4.57697,-0.117063
106,-2.46596,-3.79309,0.297242
106,-2.12642,-4.57371,-0.0890847
106,-2.14707,-4.64473,-0.00769508
106,-2.14404,-4.64477,-0.0207883
106,-2.01538,-4.10604,-0.620991
106,-2.15659,-4.40808,-0.124749
106,-2.41072,-4.08445,0.285363
106,-1.99716,-4.28914,-0.589982
106,-2.00328,-4.2794,-0.584298
106,-2.16682,-4.42184,-0.136162
106,-2.49346,-3.79702,0.2912
106,-2.53685,-2.12534,-0.532624
106,-2.68856,-1.43407,-0.58572
106,-2.46195,-4.08094,0.277758
106,-2.04394,-4.35977,-0.58694
106,-2.53911,-3.80051,0.278377
106,-2.04156,-4.33857,-0.611746
106,-2.03394,-4.26808,-0.683002
106,-2.42263,-4.4154,0.303466
106,-2.42132,-4.46352,0.306232
106,-2.74225,-4.42084,1.03455
106,-2.27433,-4.4631,-0.0622184
106,-2.448,-4.44373,0.274669
106,-2.46404,-4.45974,0.294549
106,-2.30745,-4.48919,-0.073952
106,-2.71527,-2.24066,-0.370152
106,-2.54755,-4.14613,0.260081
106,-2.30585,-4.51284,-0.176188
106,-2.7394,-2.25904,-0.380917
106,-2.1124,-4.55636,-0.644524
106,-2.40772,-4.58244,0.0409176
106,-2.36803,-4.56008,-0.0827161
106,-2.23368,-4.50621,-0.432329
106,-2.40442,-4.57805,-0.00207859
106,-2.25184,-4.51874,-0.441296
106,-2.28719,-4.54113,-0.363774
106,-2.34867,-4.58558,-0.196282
106,-2.7928,-2.19816,-0.452715
106,-2.55355,-2.68883,-0.756116
106,-2.32149,-4.63491,-0.253663
106,-2.41412,-4.61921,-0.0423857
106,-2.3147,-4.54825,-0.323637
106,-2.31522,-4.5515,-0.322631
106,-2.32511,-4.54862,-0.318495
106,-2.3183,-4.52557,-0.351571
106,-2.20023,-4.6354,-0.582751
106,-2.30212,-4.58472,-0.376922
106,-2.33703,-4.56949,-0.30971
106,-2.20788,-4.61758,-0.592133
106,-2.47563,-4.64139,0.0556629
106,-2.44553,-4.64855,-0.0161422
106,-2.33126,-4.52521,-0.356502
106,-2.88651,-3.18202,0.21241
106,-2.33122,-4.56481,-0.375442
106,-2.36274,-4.59074,-0.30583
106,-2.37557,-4.60355,-0.288746
106,-2.86236,-2.15777,-0.478322
106,-2.35177,-4.62451,-0.373182
106,-2.35464,-4.62663,-0.377693
106,-2.35567,-4.56184,-0.423513
106,-2.88378,-2.14207,-0.482451
106,-2.41397,-4.76801,-0.214928
106,-2.44059,-4.67889,-0.287362
106,-2.30695,-4.61715,-0.65537
106,-2.95058,-2.14781,-0.505076
106,-2.52458,-4.68976,-0.261833
106,-2.93574,-3.83149,0.204515
106,-3.10967,-3.99178,0.660717
106,-3.13407,-2.05225,-0.573288
106,-5.03799,-7.06941,0.82483
106,-5.06667,-7.15036,0.841216
106,-2.22654,-4.4395,-0.0815516
105,-2.22654,-4.4395,-0.0815516
106,-2.46887,-2.82211,0.785534
105,-2.46887,-2.82211,0.785534
106,-2.28678,-3.7875,0.684017
105,-2.28678,-3.7875,0.684017
106,-2.42358,-3.30477,0.618491
105,-2.42358,-3.30477,0.618491
106,-2.41252,-3.30383,0.481186
105,-2.41252,-3.30383,0.481186
106,-2.1883,-3.56212,0.992397
105,-2.1883,-3.56212,0.992397
106,-1.9128,-4.69627,0.892472
105,-1.9128,-4.69627,0.892472
106,-2.04537,-4.49002,1.05166
105,-2.04537,-4.49002,1.05166
106,-2.4011,-3.30105,0.537893
105,-2.4011,-3.30105,0.537893
106,-2.54513,-1.84275,-0.599764
105,-2.54513,-1.84275,-0.599764
106,-1.67032,-5.07354,0.902524
105,-1.67032,-5.07354,0.902524
106,-1.68371,-5.10184,0.75635
105,-1.68371,-5.10184,0.75635
106,-1.79579,-5.01842,0.657334
105,-1.79579,-5.01842,0.657334
106,-0.785541,-4.54932,-0.409157
105,-0.785541,-4.54932,-0.409157
106,-0.803385,-4.30248,0.333674
105,-0.803385,-4.30248,0.333674
106,-2.24756,-3.68251,0.642031
104,-2.24756,-3.68251,0.642031
106,-2.38553,-3.72083,0.669167
104,-2.38553,-3.72083,0.669167
106,-2.15353,-3.65836,0.427463
104,-2.15353,-3.65836,0.427463
106,-2.56446,-3.87311,0.722191
104,-2.56446,-3.87311,0.722191
106,-2.24946,-3.68616,0.687736
104,-2.24946,-3.68616,0.687736
106,-1.91602,-2.7944,-0.467424
104,-1.91602,-2.7944,-0.467424
106,-2.69529,-3.65466,0.770984
104,-2.69529,-3.65466,0.770984
106,-2.23393,-4.52241,-0.603014
104,-2.23393,-4.52241,-0.603014
106,-0.982427,-3.72649,-0.576863
104,-0.982427,-3.72649,-0.576863
106,-2.54982,-1.70008,-0.164563
104,-2.54982,-1.70008,-0.164563
106,-2.17954,-3.26609,0.653977
103,-2.17954,-3.26609,0.653977
106,-2.26738,-3.66642,0.74874
103,-2.26738,-3.66642,0.74874
106,-2.50993,-3.67354,0.687278
103,-2.50993,-3.67354,0.687278
106,-1.70399,-4.53028,0.585607
103,-1.70399,-4.53028,0.585607
106,-2.25663,-4.24694,0.710924
103,-2.25663,-4.24694,0.710924
106,-2.08621,-4.18959,-0.663171
103,-2.08621,-4.18959,-0.663171
106,-2.32805,-3.79521,1.02649
103,-2.32805,-3.79521,1.02649
106,-2.73018,-3.70187,0.787712
103,-2.73018,-3.70187,0.787712
106,-2.11137,-1.64591,-0.2977
103,-2.11137,-1.64591,-0.2977
106,-2.79118,-2.16822,-0.27116
103,-2.79118,-2.16822,-0.27116
106,-0.773973,-4.38073,-0.475983
103,-0.773973,-4.38073,-0.475983
106,-2.37673,-3.69775,0.755852
103,-2.37673,-3.69775,0.755852
106,-0.834135,-3.55813,0.84876
103,-0.834135,-3.55813,0.84876
106,-2.29433,-3.51639,0.328002
102,-2.29433,-3.51639,0.328002
106,-2.51762,-3.78949,0.293762
102,-2.51762,-3.78949,0.293762
106,-1.5125,-4.5893,-0.644325
102,-1.5125,-4.5893,-0.644325
106,-2.34147,-3.71682,0.687955
102,-2.34147,-3.71682,0.687955
106,-2.56732,-3.75684,0.57062
102,-2.56732,-3.75684,0.57062
106,-2.47517,-3.84223,0.655382
102,-2.47517,-3.84223,0.655382
106,-1.69293,-4.7507,0.885816
102,-1.69293,-4.7507,0.885816
106,-2.31918,-3.64013,0.825289
102,-2.31918,-3.64013,0.825289
106,-2.33306,-3.69699,0.60901
100,-2.33306,-3.69699,0.60901
106,-2.3676,-3.80987,0.731015
100,-2.3676,-3.80987,0.731015
106,-2.3462,-3.61319,0.800806
100,-2.3462,-3.61319,0.800806
106,-2.32267,-3.7911,0.621446
100,-2.32267,-3.7911,0.621446
106,-1.15017,-2.27935,0.100211
100,-1.15017,-2.27935,0.100211
106,-2.37241,-3.72823,0.894101
100,-2.37241,-3.72823,0.894101
106,-2.06083,-2.67554,-0.495028
99,-2.06083,-2.67554,-0.495028
106,-2.52359,-1.99973,-0.537203
97,-2.52359,-1.99973,-0.537203
106,-2.45226,-1.78189,-0.513555
97,-2.45226,-1.78189,-0.513555
107,-0.536703,-3.5616,0.734091
107,-1.18549,-4.40436,-0.114814
107,-1.05159,-4.50743,-0.584692
107,-1.28391,-4.47059,-0.148625
107,-1.66238,-4.37136,0.619183
107,-1.1546,-4.5583,-0.627183
107,-1.64009,-4.6864,0.682515
107,-1.68659,-4.55329,0.66522
107,-1.64171,-4.73902,0.612912
107,-1.68755,-4.58729,0.655751
107,-1.67888,-4.76968,0.710657
107,-1.37451,-4.51904,-0.200794
107,-1.39959,-4.48336,-0.235752
107,-1.70025,-4.59258,0.582768
107,-1.88911,-4.6528,0.973625
107,-1.88941,-4.66946,0.981056
107,-1.82529,-4.77212,0.857933
107,-2.01372,-2.6939,0.385191
107,-1.8618,-4.79367,0.898425
107,-1.77752,-4.61009,0.590286
107,-1.77129,-4.66215,0.58961
107,-1.85669,-4.76698,0.838042
107,-1.89254,-4.82166,0.93035
107,-1.91091,-4.67723,0.907094
107,-1.41605,-4.51297,-0.485047
107,-1.8293,-4.61465,0.590823
107,-1.39352,-4.55152,-0.592657
107,-1.41004,-4.56946,-0.607049
107,-1.93191,-4.42409,0.648048
107,-2.04827,-4.48625,0.955509
107,-1.9438,-4.43088,0.653001
107,-2.01561,-4.47378,0.752399
107,-1.49135,-4.54398,-0.587643
107,-2.02295,-4.48574,0.756784
107,-2.36301,-2.83272,0.860075
107,-2.03729,-4.47817,0.714187
107,-2.07522,-4.50441,0.779993
107,-1.84304,-4.62784,0.219582
107,-2.20133,-2.88897,0.358375
107,-2.07663,-4.5025,0.718912
107,-2.07322,-4.50391,0.62761
107,-2.40883,-2.77406,0.718607
107,-2.34052,-2.76346,0.533424
107,-2.2939,-2.80799,0.43036
107,-2.40401,-2.77467,0.700304
107,-2.38877,-2.77264,0.657117
107,-2.26337,-2.82402,0.350007
107,-2.25987,-2.8534,0.351499
107,-2.40211,-2.76384,0.681745
107,-2.4428,-2.82398,0.799663
107,-2.31747,-3.57423,0.807976
107,-2.10383,-4.49743,0.64388
107,-2.40755,-2.77046,0.653208
107,-2.36677,-2.75698,0.524829
107,-2.11544,-4.52218,0.642907
107,-2.29187,-2.82628,0.339588
107,-2.00395,-4.93209,0.528127
107,-2.42572,-2.76782,0.656018
107,-2.34377,-3.58224,0.778493
107,-2.4352,-2.76926,0.649939
107,-2.45922,-2.76966,0.67433
107,-2.43317,-2.76577,0.57389
107,-2.08227,-4.77512,0.557494
107,-2.30438,-3.79404,0.684009
107,-2.45453,-2.74926,0.580132
107,-2.31312,-3.79355,0.658852
107,-2.10061,-4.79454,0.553416
107,-2.3022,-3.79166,0.621868
107,-2.29754,-3.31292,0.320118
107,-2.4069,-3.30006,0.598284
107,-2.42385,-3.30314,0.614515
107,-2.37507,-3.57643,0.606869
107,-2.40937,-2.77779,0.334386
107,-2.1399,-2.4181,-0.561339
107,-2.14631,-2.46533,-0.53852
107,-2.39361,-3.59404,0.608028
107,-2.16064,-2.41803,-0.535247
107,-2.43943,-3.30382,0.586715
107,-2.25167,-3.8036,0.319905
107,-2.25891,-3.80543,0.329786
107,-2.15789,-2.41869,-0.572169
107,-2.26323,-3.80948,0.319917
107,-2.26093,-3.81844,0.312087
107,-2.42209,-3.30469,0.501205
107,-2.41591,-3.30331,0.479923
107,-2.356,-3.34159,0.321603
107,-2.4063,-3.30064,0.43137
107,-2.18072,-2.41882,-0.581483
107,-2.19272,-2.40084,-0.582829
107,-2.42826,-3.31039,0.431946
107,-2.19877,-2.40483,-0.586875
107,-2.38319,-3.33121,0.310992
107,-2.19951,-2.41705,-0.587754
107,-2.20174,-2.40778,-0.588981
107,-2.39819,-3.30193,0.325528
107,-2.39531,-3.30133,0.316907
107,-2.19575,-2.48867,-0.569927
107,-2.38196,-3.3617,0.307789
107,-2.20833,-2.43964,-0.569181
107,-2.40412,-3.29641,0.313283
107,-2.33041,-2.36847,-0.297057
107,-2.21263,-2.42777,-0.580918
107,-2.55059,-2.37933,0.260483
107,-2.40714,-3.34802,0.321084
107,-2.55218,-2.37844,0.256723
107,-2.22323,-2.42459,-0.582824
107,-2.23674,-2.41383,-0.555477
107,-2.40548,-3.37529,0.309999
107,-2.22941,-2.45122,-0.582775
107,-2.09289,-4.3811,-0.104746
107,-2.28795,-4.91855,0.62796
107,-2.33596,-2.36088,-0.39723
107,-2.09947,-4.38573,-0.113497
107,-2.10021,-4.39425,-0.108159
107,-2.10418,-4.40231,-0.095235
107,-2.45046,-3.28548,0.29398
107,-2.58863,-2.38654,0.245958
107,-2.37087,-3.80134,0.292325
107,-2.29886,-4.76765,0.526297
107,-2.47017,-3.28543,0.302235
107,-2.32274,-2.11624,-0.613506
107,-2.4734,-3.27941,0.290137
107,-2.33103,-2.11154,-0.615151
107,-2.39086,-3.8217,0.295051
107,-2.32244,-2.13906,-0.643026
107,-2.43821,-2.34712,-0.2588
107,-2.63159,-2.36187,0.248353
107,-2.34463,-2.1088,-0.631691
107,-2.63748,-2.37165,0.230859
107,-2.35007,-2.13282,-0.646141
107,-2.37645,-2.00777,-0.638465
107,-2.33768,-2.15419,-0.676794
107,-2.34541,-2.1527,-0.674165
107,-2.23825,-4.98523,0.291887
107,-2.67184,-2.36586,0.238664
107,-2.37946,-2.27575,-0.588597
107,-2.41208,-1.9804,-0.656453
107,-2.3007,-2.68776,-0.63672
107,-2.63786,-2.76668,0.275262
107,-2.41779,-2.00773,-0.660122
107,-2.19742,-4.68456,-0.0328939
107,-2.45251,-2.28555,-0.461419
107,-2.21486,-4.46374,-0.143683
107,-2.44679,-1.96289,-0.672199
107,-2.53991,-1.79441,-0.516074
107,-2.51285,-1.90482,-0.541606
107,-2.51394,-1.84964,-0.579653
107,-2.52595,-1.79563,-0.580558
107,-2.49719,-1.89505,-0.618635
107,-2.20003,-4.65599,-0.161916
107,-2.4899,-1.91057,-0.674656
107,-2.49463,-2.24485,-0.515701
107,-2.17237,-4.44653,-0.448181
107,-2.17139,-4.46727,-0.456495
107,-2.55514,-1.84633,-0.636987
107,-2.51793,-2.2584,-0.549855
107,-2.25196,-4.68005,-0.175631
107,-2.57447,-3.82589,0.26923
107,-2.2887,-4.7452,-0.069483
107,-2.58936,-3.83264,0.270206
107,-2.41839,-2.67453,-0.699749
107,-2.39172,-4.57712,0.0537671
107,-2.60315,-3.83807,0.270694
107,-2.60276,-1.94967,-0.608276
107,-2.3589,-4.54824,-0.0787978
107,-2.62794,-2.27561,-0.415517
107,-2.60781,-1.94336,-0.618007
107,-2.6744,-1.66179,-0.572124
107,-2.38783,-4.58654,-0.00663739
107,-2.41178,-4.59371,0.0561135
107,-2.52264,-4.48249,0.265482
107,-2.2821,-4.54116,-0.360879
107,-2.5296,-4.48766,0.251254
107,-2.412,-4.6301,-0.0059371
107,-2.7077,-1.64055,-0.590158
107,-2.31371,-4.5945,-0.378045
107,-2.72829,-2.24673,-0.377255
107,-2.60491,-4.53544,0.256551
107,-2.75796,-2.23261,-0.3884
107,-2.28863,-4.61554,-0.557819
107,-2.29291,-4.59215,-0.588288
107,-2.74718,-2.24917,-0.466049
107,-2.37142,-4.63878,-0.384649
107,-2.38759,-4.63889,-0.385122
107,-2.38367,-4.59846,-0.423706
107,-2.45803,-4.63594,-0.230617
107,-2.45985,-4.66337,-0.23309
107,-2.76519,-1.96222,-0.651657
107,-2.77689,-1.95868,-0.638467
107,-2.30979,-4.3025,-0.813607
107,-2.46686,-4.68877,-0.244549
107,-2.45118,-4.67909,-0.387104
107,-2.522,-4.83409,-0.274397
107,-2.55989,-4.86234,-0.280277
107,-3.16423,-2.09225,-0.596011
107,-3.92204,-5.01333,1.1095
107,-3.53603,-2.56382,-1.30998
107,-3.97262,-3.87217,0.0267897
107,-2.43694,-3.30307,0.644165
106,-2.43694,-3.30307,0.644165
107,-2.32777,-4.55173,-0.318794
106,-2.32777,-4.55173,-0.318794
107,-2.44352,-2.15664,-0.491494
106,-2.44352,-2.15664,-0.491494
107,-1.18567,-3.45157,0.746407
106,-1.18567,-3.45157,0.746407
107,-2.56446,-2.81757,0.963779
106,-2.56446,-2.81757,0.963779
107,-2.11077,-2.67485,-0.52732
106,-2.11077,-2.67485,-0.52732
107,-1.76228,-4.68272,0.562974
106,-1.76228,-4.68272,0.562974
107,-2.72413,-1.6618,-0.672426
106,-2.72413,-1.6618,-0.672426
107,-2.47884,-3.64919,0.305758
106,-2.47884,-3.64919,0.305758
107,-2.43117,-2.77645,0.71304
106,-2.43117,-2.77645,0.71304
107,-2.03769,-2.21143,-0.452058
106,-2.03769,-2.21143,-0.452058
107,-2.40275,-3.30213,0.450297
105,-2.40275,-3.30213,0.450297
107,-2.6007,-2.72836,0.473069
105,-2.6007,-2.72836,0.473069
107,-2.49019,-2.73594,0.526215
105,-2.49019,-2.73594,0.526215
107,-2.34255,-2.86355,0.326911
105,-2.34255,-2.86355,0.326911
107,-2.77631,-3.67148,0.502047
105,-2.77631,-3.67148,0.502047
107,-2.09021,-3.55384,0.809995
105,-2.09021,-3.55384,0.809995
107,-2.56184,-3.77564,0.524943
105,-2.56184,-3.77564,0.524943
107,-1.93189,-4.54706,0.654402
105,-1.93189,-4.54706,0.654402
107,-1.69703,-3.76727,-0.581494
105,-1.69703,-3.76727,-0.581494
107,-1.36282,-4.42251,-0.466092
105,-1.36282,-4.42251,-0.466092
107,-2.47029,-3.60831,0.836486
103,-2.47029,-3.60831,0.836486
107,-2.46575,-3.60494,0.835556
103,-2.46575,-3.60494,0.835556
107,-2.29908,-4.23258,0.987361
103,-2.29908,-4.23258,0.987361
107,-1.3639,-3.80824,0.731179
103,-1.3639,-3.80824,0.731179
107,-2.69151,-3.66257,0.822404
103,-2.69151,-3.66257,0.822404
107,-2.21608,-3.70968,0.710682
103,-2.21608,-3.70968,0.710682
107,-2.56781,-3.6642,0.800157
103,-2.56781,-3.6642,0.800157
107,-2.53411,-3.62482,0.836951
103,-2.53411,-3.62482,0.836951
107,-2.58704,-3.63624,0.781583
103,-2.58704,-3.63624,0.781583
107,-2.84994,-3.72527,0.773715
103,-2.84994,-3.72527,0.773715
107,-2.09595,-3.51962,0.821138
103,-2.09595,-3.51962,0.821138
107,-2.44497,-3.77958,0.310929
103,-2.44497,-3.77958,0.310929
107,-2.28258,-3.67258,0.623824
104,-2.28258,-3.67258,0.623824
107,-1.89324,-4.0772,0.978092
104,-1.89324,-4.0772,0.978092
107,-2.56246,-1.62025,-0.538455
104,-2.56246,-1.62025,-0.538455
107,-2.22789,-1.7443,-0.372348
104,-2.22789,-1.7443,-0.372348
107,-1.57457,-4.57652,0.580951
104,-1.57457,-4.57652,0.580951
107,-2.58021,-2.60398,0.286323
104,-2.58021,-2.60398,0.286323
107,-2.60365,-2.73065,0.497009
102,-2.60365,-2.73065,0.497009
107,-2.44649,-3.72321,0.824222
102,-2.44649,-3.72321,0.824222
107,-2.43453,-3.62423,0.327773
102,-2.43453,-3.62423,0.327773
107,-2.39244,-3.6609,0.681281
102,-2.39244,-3.6609,0.681281
107,-1.61055,-3.42109,0.766166
100,-1.61055,-3.42109,0.766166
107,-1.17087,-4.46042,-0.596071
100,-1.17087,-4.46042,-0.596071
107,-2.11414,-4.49395,-0.592766
100,-2.11414,-4.49395,-0.592766
107,-2.36036,-3.72312,0.682261
99,-2.36036,-3.72312,0.682261
107,-1.93795,-4.83285,0.904609
99,-1.93795,-4.83285,0.904609
107,-2.06581,-4.55172,-0.626601
95,-2.06581,-4.55172,-0.626601
108,-0.539885,-2.68929,0.451505
108,-1.61995,-1.90842,-0.490947
108,-1.67119,-1.87965,-0.530656
108,-2.02974,-4.4703,0.776397
108,-2.02294,-4.49271,0.760886
108,-2.15404,-3.55876,0.958628
108,-2.03086,-4.50198,0.752536
108,-2.04895,-4.49594,0.783477
108,-2.04863,-4.48754,0.735434
108,-2.05754,-4.52211,0.754983
108,-2.05821,-4.49093,0.732001
108,-2.08346,-4.50578,0.635613
108,-2.4125,-2.8289,0.901382
108,-2.41831,-2.82917,0.917144
108,-2.42132,-2.82109,0.903248
108,-2.20451,-4.67127,0.536974
108,-1.87727,-4.24427,-0.486853
108,-2.43478,-2.8219,0.801001
108,-1.94643,-1.64384,-0.761954
108,-2.41857,-2.77258,0.710225
108,-2.40847,-2.77359,0.679377
108,-2.33745,-3.58283,0.609135
108,-2.28391,-2.8913,0.339662
108,-2.41488,-2.77115,0.680892
108,-2.41602,-2.77096,0.65998
108,-2.42587,-2.76095,0.6788
108,-2.43456,-2.77143,0.698114
108,-2.29956,-2.8775,0.337134
108,-2.44873,-2.82154,0.735821
108,-2.42359,-2.76807,0.651023
108,-2.43572,-2.76274,0.677478
108,-2.31531,-2.86903,0.329407
108,-2.31574,-2.87129,0.326885
108,-2.32243,-2.87539,0.333325
108,-2.32825,-2.86356,0.339451
108,-2.3269,-2.8561,0.33363
108,-2.42652,-2.7749,0.586104
108,-2.26927,-3.80276,0.324917
108,-2.34029,-2.85578,0.331398
108,-2.43711,-2.77328,0.581572
108,-2.40718,-3.30034,0.583424
108,-2.40609,-3.30049,0.563733
108,-2.35484,-2.85175,0.338704
108,-2.28658,-3.81363,0.313718
108,-2.40551,-3.30069,0.543907
108,-2.36387,-3.5781,0.461939
108,-2.39995,-3.3007,0.50434
108,-2.42126,-3.30283,0.56273
108,-2.41354,-3.30247,0.539311
108,-2.40223,-3.30194,0.504131
108,-2.39818,-3.30174,0.492423
108,-2.43222,-3.30348,0.585954
108,-2.39978,-3.30081,0.494289
108,-2.46619,-2.75347,0.569912
108,-2.33843,-3.34353,0.316878
108,-2.12356,-4.37302,-0.107583
108,-2.39733,-3.30204,0.462141
108,-2.44351,-3.3059,0.589967
108,-2.34335,-3.31913,0.31233
108,-2.34761,-3.31938,0.321994
108,-2.39514,-3.30216,0.437918
108,-2.35213,-3.32259,0.317669
108,-2.32107,-3.79465,0.301654
108,-2.409,-3.30224,0.442448
108,-1.98871,-4.31806,-0.554784
108,-2.37106,-3.33586,0.32221
108,-1.98725,-4.12269,-0.612549
108,-2.39993,-3.30235,0.371156
108,-2.09167,-2.93294,-0.548035
108,-2.39884,-3.30238,0.360864
108,-2.39572,-3.30237,0.340362
108,-2.39556,-3.55002,0.305672
108,-2.39692,-3.55588,0.305399
108,-2.4175,-3.34283,0.3144
108,-2.42394,-3.30327,0.31358
108,-2.1754,-2.41201,-0.546689
108,-2.2027,-4.44991,-0.136421
108,-2.03778,-4.12297,-0.652728
108,-2.43207,-3.566,0.294608
108,-2.18622,-2.30412,-0.611232
108,-2.50647,-2.38915,0.2741
108,-2.45885,-3.2766,0.295867
108,-2.31298,-2.36664,-0.281407
108,-2.66864,-4.39643,1.05112
108,-2.20461,-2.41392,-0.586687
108,-2.51633,-2.38941,0.264428
108,-2.21705,-2.44727,-0.572312
108,-2.21116,-2.40567,-0.598654
108,-2.47778,-3.28245,0.28928
108,-2.2131,-2.41114,-0.597707
108,-2.3279,-2.37277,-0.288074
108,-2.22764,-2.40393,-0.577138
108,-2.22643,-2.44753,-0.581676
108,-2.22693,-2.42512,-0.587537
108,-2.30601,-2.36407,-0.382151
108,-2.31081,-2.36734,-0.376742
108,-2.53997,-2.37373,0.239716
108,-2.54815,-2.38713,0.257468
108,-2.71203,-4.42039,1.05522
108,-2.54325,-2.76912,0.292561
108,-2.24598,-2.46922,-0.593909
108,-2.36147,-4.55503,0.0665572
108,-2.38896,-2.3622,-0.241561
108,-2.45824,-4.47509,0.291884
108,-2.28388,-2.14964,-0.612304
108,-2.2815,-2.16682,-0.617074
108,-2.20259,-4.47184,-0.437891
108,-2.58598,-2.37884,0.244404
108,-2.75094,-4.44726,1.03679
108,-2.2497,-4.48208,-0.352448
108,-2.4866,-4.46929,0.28148
108,-2.31457,-2.10345,-0.618535
108,-2.32826,-2.02782,-0.615127
108,-2.34295,-4.5548,-0.148065
108,-2.32729,-2.12406,-0.618582
108,-2.27044,-4.52419,-0.362988
108,-2.78428,-4.47664,1.04688
108,-2.15759,-4.22929,-0.733143
108,-2.5489,-3.81975,0.276696
108,-2.34069,-2.00888,-0.621776
108,-2.33167,-2.11109,-0.631993
108,-2.33624,-2.10113,-0.623077
108,-2.49784,-4.52126,0.243655
108,-2.39752,-4.59345,-0.0319011
108,-2.28221,-4.53742,-0.364797
108,-2.17229,-4.19606,-0.741491
108,-2.29426,-4.57799,-0.343844
108,-2.41175,-4.60538,-0.0264183
108,-2.33409,-4.58154,-0.280016
108,-2.35074,-4.59522,-0.285364
108,-2.69946,-3.85638,0.493333
108,-2.44425,-1.91621,-0.58528
108,-2.55966,-2.30358,-0.309737
108,-2.41294,-2.68237,-0.686531
108,-2.48324,-1.96488,-0.667946
108,-2.49537,-1.91724,-0.673368
108,-2.51776,-1.8722,-0.635322
108,-2.54658,-1.84925,-0.604638
108,-2.64051,-1.3326,-0.471712
108,-2.6307,-2.26749,-0.337862
108,-2.59631,-1.29003,-0.60398
108,-2.55742,-1.96109,-0.595715
108,-2.58879,-1.86453,-0.584505
108,-2.59926,-1.8606,-0.591162
108,-2.63517,-1.30214,-0.588744
108,-2.62944,-1.25312,-0.617484
108,-2.59383,-1.94734,-0.609386
108,-2.60612,-2.0428,-0.565014
108,-2.67575,-2.24617,-0.355728
108,-2.67436,-2.27245,-0.357093
108,-2.6136,-1.99251,-0.592432
108,-2.70801,-1.35184,-0.560213
108,-2.73365,-1.26277,-0.515727
108,-2.45093,-4.34014,-0.936431
108,-2.48357,-4.40449,-0.941097
108,-2.75517,-4.57774,-1.13099
108,-3.2561,-1.96665,-0.416187
108,-3.284,-1.93473,-0.418612
108,-3.28502,-1.9418,-0.460502
108,-3.32432,-1.92188,-0.439523
108,-3.40977,-1.8545,-0.504351
108,-10.4677,-5.8021,-0.385436
108,-1.4197,-3.49617,0.722058
107,-1.4197,-3.49617,0.722058
108,-2.32392,-3.57596,0.807894
107,-2.32392,-3.57596,0.807894
108,-2.3815,-3.57817,0.606782
107,-2.3815,-3.57817,0.606782
108,-2.30733,-2.6894,-0.636747
107,-2.30733,-2.6894,-0.636747
108,-1.41882,-3.04248,-0.584429
107,-1.41882,-3.04248,-0.584429
108,-2.28073,-2.83783,0.940442
107,-2.28073,-2.83783,0.940442
108,-2.30856,-3.79338,0.621774
107,-2.30856,-3.79338,0.621774
108,-2.31949,-3.79528,0.658756
107,-2.31949,-3.79528,0.658756
108,-3.09839,-2.09681,-0.393218
107,-3.09839,-2.09681,-0.393218
108,-2.33805,-2.36578,-0.292355
107,-2.33805,-2.36578,-0.292355
108,-2.30856,-3.79338,0.621774
107,-2.30856,-3.79338,0.621774
108,-2.31949,-3.79528,0.658756
107,-2.31949,-3.79528,0.658756
108,-2.30856,-3.79338,0.621774
107,-2.30856,-3.79338,0.621774
108,-2.31949,-3.79528,0.658756
107,-2.31949,-3.79528,0.658756
108,-2.43476,-3.31214,0.431872
107,-2.43476,-3.31214,0.431872
108,-1.71367,-3.46924,0.792848
107,-1.71367,-3.46924,0.792848
108,-1.35886,-3.50524,0.718404
107,-1.35886,-3.50524,0.718404
108,-2.30856,-3.79338,0.621774
107,-2.30856,-3.79338,0.621774
108,-1.50584,-3.54899,0.712723
107,-1.50584,-3.54899,0.712723
108,-2.20347,-4.68621,-0.0330366
107,-2.20347,-4.68621,-0.0330366
108,-2.16152,-2.19595,-0.55362
106,-2.16152,-2.19595,-0.55362
108,-2.50195,-3.80238,0.289982
106,-2.50195,-3.80238,0.289982
108,-2.42424,-3.63212,0.819344
106,-2.42424,-3.63212,0.819344
108,-2.45248,-3.30948,0.606723
106,-2.45248,-3.30948,0.606723
108,-1.54991,-3.5622,0.724917
106,-1.54991,-3.5622,0.724917
108,-2.16152,-2.19595,-0.55362
106,-2.16152,-2.19595,-0.55362
108,-2.49468,-3.73906,0.596452
106,-2.49468,-3.73906,0.596452
108,-1.58321,-3.57276,0.723021
106,-1.58321,-3.57276,0.723021
108,-2.43745,-3.6785,0.837962
106,-2.43745,-3.6785,0.837962
108,-2.42675,-3.8284,0.673797
106,-2.42675,-3.8284,0.673797
108,-2.59526,-3.88069,0.722515
106,-2.59526,-3.88069,0.722515
108,-2.25978,-4.52411,-0.442312
106,-2.25978,-4.52411,-0.442312
108,-2.06305,-3.61738,0.837786
106,-2.06305,-3.61738,0.837786
108,-2.31062,-4.27308,0.705097
106,-2.31062,-4.27308,0.705097
108,-3.04808,-3.87305,0.836937
106,-3.04808,-3.87305,0.836937
108,-2.71603,-3.91864,0.714743
106,-2.71603,-3.91864,0.714743
108,-2.47967,-3.84623,0.724065
106,-2.47967,-3.84623,0.724065
108,-2.38104,-3.64102,0.690738
106,-2.38104,-3.64102,0.690738
108,-1.32465,-4.46886,-0.526509
106,-1.32465,-4.46886,-0.526509
108,-2.27275,-4.25411,0.707227
106,-2.27275,-4.25411,0.707227
108,-2.47442,-3.64413,0.788336
106,-2.47442,-3.64413,0.788336
108,-2.78055,-3.80817,0.969414
106,-2.78055,-3.80817,0.969414
108,-2.17957,-4.21083,0.710798
106,-2.17957,-4.21083,0.710798
108,-2.19876,-3.28867,0.45802
106,-2.19876,-3.28867,0.45802
108,-2.23537,-4.52839,-0.630405
106,-2.23537,-4.52839,-0.630405
108,-2.48788,-2.80126,0.334776
103,-2.48788,-2.80126,0.334776
108,-2.30736,-4.42962,0.305128
103,-2.30736,-4.42962,0.305128
108,-2.36498,-4.62742,-0.272229
103,-2.36498,-4.62742,-0.272229
108,-2.65858,-3.6897,0.49164
103,-2.65858,-3.6897,0.49164
108,-2.74795,-1.27436,-0.622225
103,-2.74795,-1.27436,-0.622225
108,-2.12283,-3.65217,0.6699
103,-2.12283,-3.65217,0.6699
108,-2.25346,-4.21896,0.316711
103,-2.25346,-4.21896,0.316711
108,-2.68372,-3.83809,0.256502
103,-2.68372,-3.83809,0.256502
108,-2.67037,-3.65335,0.26024
103,-2.67037,-3.65335,0.26024
108,-2.36523,-3.73675,0.319163
104,-2.36523,-3.73675,0.319163
108,-2.47843,-3.64154,0.813184
104,-2.47843,-3.64154,0.813184
108,-2.33911,-3.60797,0.820454
104,-2.33911,-3.60797,0.820454
108,-2.53972,-3.79576,0.766949
104,-2.53972,-3.79576,0.766949
108,-2.29303,-3.63542,0.825172
104,-2.29303,-3.63542,0.825172
108,-2.50675,-3.78509,0.768661
104,-2.50675,-3.78509,0.768661
108,-2.78775,-3.87527,0.248424
104,-2.78775,-3.87527,0.248424
108,-2.24774,-4.68375,-0.246961
102,-2.24774,-4.68375,-0.246961
108,-2.35373,-3.80507,0.610326
100,-2.35373,-3.80507,0.610326
108,-2.38061,-3.81053,0.625012
100,-2.38061,-3.81053,0.625012
108,-2.31867,-3.79525,0.622557
100,-2.31867,-3.79525,0.622557
108,-2.35057,-3.6386,0.58845
100,-2.35057,-3.6386,0.58845
108,-2.34813,-3.69419,0.569029
100,-2.34813,-3.69419,0.569029
108,-2.38242,-1.50704,-0.476259
100,-2.38242,-1.50704,-0.476259
108,-2.35057,-3.6386,0.58845
100,-2.35057,-3.6386,0.58845
108,-2.35325,-3.73801,0.680372
100,-2.35325,-3.73801,0.680372
108,-2.39571,-3.81147,0.611589
100,-2.39571,-3.81147,0.611589
108,-2.62677,-2.15118,-0.177942
99,-2.62677,-2.15118,-0.177942
108,-1.99298,-4.28643,-0.584404
99,-1.99298,-4.28643,-0.584404
108,-2.39778,-3.7657,0.70387
99,-2.39778,-3.7657,0.70387
108,-2.39925,-3.67467,0.339053
99,-2.39925,-3.67467,0.339053
108,-2.59698,-1.35692,-0.529112
97,-2.59698,-1.35692,-0.529112
108,-2.59409,-2.0119,-0.569591
97,-2.59409,-2.0119,-0.569591
108,-2.85909,-3.67547,0.211587
95,-2.85909,-3.67547,0.211587
108,-3.38051,-4.10705,1.16084
95,-3.38051,-4.10705,1.16084
108,-7.57158,-6.93466,0.676884
95,-7.57158,-6.93466,0.676884
108,-2.50706,-3.66717,0.293198
95,-2.50706,-3.66717,0.293198
108,-2.06416,-4.37033,-0.594517
65,-2.06416,-4.37033,-0.594517
109,-1.19562,-3.37395,0.709511
109,-1.13905,-2.36912,0.188299
109,-2.02528,-2.70758,0.372025
109,-2.08582,-2.71915,0.36334
109,-2.16098,-2.64924,0.353303
109,-2.10159,-4.37997,-0.109592
109,-2.38447,-3.58988,0.717191
109,-2.19429,-2.70884,0.346447
109,-2.38867,-3.59188,0.699252
109,-2.38705,-3.59447,0.677523
109,-2.22495,-2.90993,0.346737
109,-2.27497,-3.81885,0.314094
109,-2.38389,-3.29643,0.607144
109,-2.26333,-2.89731,0.34302
109,-1.9886,-3.1999,-0.481014
109,-2.40814,-3.29946,0.628158
109,-2.31372,-3.57022,0.323277
109,-2.39271,-3.30312,0.579829
109,-2.40446,-3.30133,0.603115
109,-2.28487,-2.88072,0.352713
109,-2.39964,-3.30312,0.577997
109,-2.41241,-3.30088,0.601776
109,-2.42243,-3.29944,0.626963
109,-2.41183,-3.30263,0.580629
109,-2.4033,-2.77814,0.63646
109,-2.42064,-3.29915,0.573882
109,-2.42584,-2.76542,0.671292
109,-2.40688,-3.3013,0.526117
109,-2.4362,-2.766,0.692971
109,-2.31113,-2.86658,0.33475
109,-2.41386,-3.30841,0.534535
109,-2.4214,-2.76839,0.648681
109,-2.31209,-2.88288,0.327257
109,-2.4433,-2.77166,0.699557
109,-2.43508,-2.82076,0.665123
109,-2.40451,-3.3001,0.493823
109,-2.40817,-3.30402,0.494581
109,-2.34176,-3.32074,0.309209
109,-2.31991,-2.87866,0.325855
109,-2.34628,-3.32016,0.319705
109,-2.44311,-2.76017,0.670805
109,-2.35141,-3.34088,0.320701
109,-2.43541,-2.77128,0.643581
109,-2.32565,-2.87986,0.326365
109,-2.32333,-2.87719,0.320043
109,-2.35212,-3.32087,0.315943
109,-2.34942,-3.32249,0.30798
109,-2.3491,-3.32142,0.307043
109,-2.33107,-2.8654,0.331667
109,-2.32835,-2.87275,0.319998
109,-2.36866,-3.29794,0.344192
109,-2.35861,-3.32947,0.309995
109,-2.40511,-2.7628,0.507673
109,-2.44185,-2.74821,0.608303
109,-2.43463,-2.77341,0.582221
109,-2.43061,-2.77887,0.568944
109,-2.40866,-3.30529,0.411467
109,-2.41813,-2.76065,0.523275
109,-2.39322,-3.54399,0.308476
109,-2.36302,-2.82314,0.324668
109,-2.40523,-3.57009,0.298855
109,-2.40168,-3.27836,0.314456
109,-2.4176,-3.56401,0.295443
109,-2.03822,-2.79337,-0.603192
109,-2.44037,-3.56778,0.287689
109,-2.44405,-3.27895,0.298411
109,-2.42538,-2.66925,0.289933
109,-2.47172,-3.27168,0.288847
109,-2.47969,-3.2859,0.303105
109,-2.47491,-3.26689,0.288097
109,-2.47783,-3.28159,0.293249
109,-2.24536,-4.581,-0.580382
109,-2.27405,-4.57847,-0.609804
109,-2.57896,-3.8363,0.269332
109,-2.17872,-2.41616,-0.57641
109,-2.19511,-2.42171,-0.54083
109,-2.30711,-4.58149,-0.621037
109,-2.193,-2.45012,-0.560979
109,-2.62144,-4.39978,0.245422
109,-2.18363,-2.40683,-0.588293
109,-2.50378,-2.36846,0.261783
109,-2.50993,-2.37731,0.268853
109,-2.19372,-2.41162,-0.596841
109,-2.2007,-2.41572,-0.589482
109,-2.21219,-2.40448,-0.560761
109,-2.20329,-2.4059,-0.585179
109,-2.20549,-2.40319,-0.581719
109,-2.21497,-2.42779,-0.578998
109,-2.29602,-2.36638,-0.360954
109,-2.29426,-2.36629,-0.37171
109,-2.3001,-2.36993,-0.368389
109,-2.30178,-2.35967,-0.3763
109,-2.23732,-2.409,-0.560338
109,-2.2928,-4.46628,-0.789917
109,-2.54294,-2.35835,0.250472
109,-2.31209,-2.36161,-0.37567
109,-2.54831,-2.37756,0.255368
109,-2.25089,-2.65278,-0.613281
109,-2.61741,-2.64559,0.263498
109,-2.29165,-2.68164,-0.635468
109,-2.28805,-2.76402,-0.676763
109,-2.64866,-2.65046,0.26962
109,-2.76945,-4.43189,0.236937
109,-2.42565,-2.33331,-0.327461
109,-2.69581,-2.64663,0.251147
109,-2.3669,-2.66979,-0.673212
109,-2.50965,-2.31956,-0.284009
109,-2.37182,-2.1324,-0.678915
109,-2.39963,-2.06035,-0.653621
109,-2.52431,-1.00912,-0.140964
109,-2.52169,-1.07813,-0.211309
109,-2.56363,-0.959497,-0.142707
109,-2.47622,-1.89054,-0.598198
109,-2.62275,-0.933912,-0.0472535
109,-2.58293,-0.90462,-0.153379
109,-2.62696,-0.904129,-0.0497927
109,-2.50653,-1.86348,-0.579814
109,-2.51101,-1.85306,-0.57821
109,-2.52141,-1.97531,-0.575624
109,-2.59404,-0.977286,-0.260108
109,-2.69537,-2.24178,-0.366554
109,-2.61413,-1.702,-0.612977
109,-2.61066,-1.2771,-0.612299
109,-2.67263,-4.66493,-1.07124
109,-2.63808,-1.30857,-0.587314
109,-2.63984,-1.2243,-0.594141
109,-2.67093,-1.30754,-0.549808
109,-2.65523,-1.32813,-0.605904
109,-2.68758,-1.34183,-0.526302
109,-2.69049,-1.37281,-0.547016
109,-2.69054,-1.48528,-0.589677
109,-2.70854,-1.54638,-0.61973
109,-2.71078,-1.51713,-0.629801
109,-2.73771,-1.25683,-0.514636
109,-2.69587,-1.17214,-0.62298
109,-2.75524,-1.24486,-0.517833
109,-2.73708,-1.11735,-0.59129
109,-2.77128,-1.17628,-0.528778
109,-2.74516,-1.09671,-0.59619
109,-2.83861,-2.61671,-0.967838
109,-3.02879,-1.91989,-0.368563
109,-3.11265,-1.91297,-0.39741
109,-3.09045,-2.0035,-0.577611
109,-3.45777,-1.86717,-0.523402
109,-3.48847,-1.84236,-0.483581
109,-2.41191,-3.30147,0.539592
108,-2.41191,-3.30147,0.539592
109,-2.24214,-2.33626,-0.522682
108,-2.24214,-2.33626,-0.522682
109,-2.39244,-2.28872,-0.460585
108,-2.39244,-2.28872,-0.460585
109,-2.56221,-2.80456,0.695129
108,-2.56221,-2.80456,0.695129
109,-1.64238,-3.56177,0.724003
108,-1.64238,-3.56177,0.724003
109,-2.1322,-2.80952,-0.576566
108,-2.1322,-2.80952,-0.576566
109,-2.33632,-4.5806,-0.279296
108,-2.33632,-4.5806,-0.279296
109,-2.41446,-3.76122,0.719871
107,-2.41446,-3.76122,0.719871
109,-2.85557,-3.82754,0.585829
107,-2.85557,-3.82754,0.585829
109,-2.51584,-3.30926,0.628778
107,-2.51584,-3.30926,0.628778
109,-2.18562,-3.75238,0.631285
107,-2.18562,-3.75238,0.631285
109,-2.60113,-3.6309,0.517537
107,-2.60113,-3.6309,0.517537
109,-2.82745,-2.09832,-0.459059
107,-2.82745,-2.09832,-0.459059
109,-2.6562,-3.8342,0.256183
107,-2.6562,-3.8342,0.256183
109,-2.31488,-3.79015,0.682068
107,-2.31488,-3.79015,0.682068
109,-2.79848,-2.57093,0.246808
107,-2.79848,-2.57093,0.246808
109,-2.38459,-3.58512,0.762144
106,-2.38459,-3.58512,0.762144
109,-2.37726,-3.71981,0.533646
106,-2.37726,-3.71981,0.533646
109,-2.4451,-3.73824,0.526155
106,-2.4451,-3.73824,0.526155
109,-2.52129,-3.63026,0.311228
106,-2.52129,-3.63026,0.311228
109,-2.50834,-4.46359,0.27961
106,-2.50834,-4.46359,0.27961
109,-2.48493,-3.64894,0.305566
106,-2.48493,-3.64894,0.305566
109,-1.99209,-1.94506,0.0262136
106,-1.99209,-1.94506,0.0262136
109,-2.70642,-3.69904,0.4849
103,-2.70642,-3.69904,0.4849
109,-2.22565,-4.49389,-0.475939
103,-2.22565,-4.49389,-0.475939
109,-2.43056,-3.3051,0.404078
103,-2.43056,-3.3051,0.404078
109,-3.40357,-4.13319,0.553002
103,-3.40357,-4.13319,0.553002
109,-2.34177,-3.6414,0.846535
103,-2.34177,-3.6414,0.846535
109,-2.1026,-4.55191,-0.559661
103,-2.1026,-4.55191,-0.559661
109,-2.01201,-4.48919,-0.46393
103,-2.01201,-4.48919,-0.46393
109,-2.25684,-3.77195,0.593643
103,-2.25684,-3.77195,0.593643
109,-2.33186,-4.52294,-0.0713721
103,-2.33186,-4.52294,-0.0713721
109,-2.74173,-0.887331,-0.297352
103,-2.74173,-0.887331,-0.297352
109,-2.47404,-3.59409,0.284256
102,-2.47404,-3.59409,0.284256
109,-2.65714,-3.83561,0.265281
102,-2.65714,-3.83561,0.265281
109,-2.1826,-4.43667,-0.135726
102,-2.1826,-4.43667,-0.135726
109,-2.39915,-4.64903,-0.412998
102,-2.39915,-4.64903,-0.412998
109,-2.42067,-4.5918,0.0377167
102,-2.42067,-4.5918,0.0377167
109,-2.66463,-0.990116,-0.183704
102,-2.66463,-0.990116,-0.183704
109,-2.30255,-3.29214,0.520204
104,-2.30255,-3.29214,0.520204
109,-2.5288,-3.61216,0.444859
104,-2.5288,-3.61216,0.444859
109,-2.12935,-4.51105,-0.555611
104,-2.12935,-4.51105,-0.555611
109,-2.46739,-4.36813,0.287155
104,-2.46739,-4.36813,0.287155
109,-2.35321,-3.76996,0.732074
104,-2.35321,-3.76996,0.732074
109,-2.13819,-3.63552,0.640378
104,-2.13819,-3.63552,0.640378
109,-2.88795,-3.9271,0.77228
104,-2.88795,-3.9271,0.77228
109,-2.35057,-4.31165,0.31145
104,-2.35057,-4.31165,0.31145
109,-2.88412,-3.92457,0.772222
104,-2.88412,-3.92457,0.772222
109,-2.5305,-3.80737,0.771136
104,-2.5305,-3.80737,0.771136
109,-2.56797,-1.70625,-0.556549
100,-2.56797,-1.70625,-0.556549
109,-2.63015,-1.20878,-0.549426
100,-2.63015,-1.20878,-0.549426
109,-2.64095,-1.20269,-0.55079
99,-2.64095,-1.20269,-0.55079
109,-2.34743,-3.60547,0.816319
99,-2.34743,-3.60547,0.816319
109,-3.08118,-3.73849,0.218421
97,-3.08118,-3.73849,0.218421
109,-2.66325,-1.57433,-0.591038
97,-2.66325,-1.57433,-0.591038
110,-2.1929,-3.9912,0.32326
110,-2.1937,-3.96152,0.31914
110,-2.28785,-3.82093,0.303807
110,-2.24892,-3.42485,0.323993
110,-2.42234,-3.29937,0.815674
110,-2.42139,-3.29903,0.772136
110,-2.45945,-3.18902,0.905239
110,-2.4621,-3.19145,0.861676
110,-2.40637,-3.30151,0.613346
110,-2.42413,-3.30501,0.59144
110,-2.40091,-3.30327,0.506626
110,-2.42665,-2.82535,0.735308
110,-2.44451,-3.30847,0.575327
110,-2.35873,-3.33677,0.3083
110,-2.44027,-3.30866,0.487134
110,-2.3926,-2.83708,0.453821
110,-2.39618,-2.83752,0.45192
110,-2.36705,-2.90133,0.314733
110,-2.42639,-3.25814,0.304
110,-2.3346,-2.59477,0.319363
110,-2.33587,-2.5944,0.319163
110,-2.38014,-2.89055,0.311619
110,-2.43531,-3.27636,0.304752
110,-2.34177,-2.59695,0.320829
110,-2.34769,-2.62968,0.316442
110,-2.35098,-2.64523,0.317804
110,-2.35039,-2.60765,0.320985
110,-2.354,-2.63338,0.317123
110,-2.36913,-2.68339,0.301764
110,-2.37907,-2.69463,0.29528
110,-2.40812,-2.45232,0.299502
110,-2.43113,-2.43527,0.298473
110,-2.44119,-2.42866,0.298378
110,-2.17877,-2.93145,-0.602413
110,-2.49804,-2.78131,0.296992
110,-2.19162,-2.93161,-0.610723
110,-2.45691,-2.41128,0.28797
110,-2.45869,-2.4009,0.277147
110,-2.46259,-2.39148,0.274631
110,-2.47012,-2.40241,0.269906
110,-2.18569,-2.45259,-0.561653
110,-2.17598,-2.39574,-0.583919
110,-2.19422,-2.41355,-0.584022
110,-2.20512,-2.45166,-0.57114
110,-2.19632,-2.4181,-0.594095
110,-2.20047,-2.41631,-0.587101
110,-2.2353,-2.65766,-0.60641
110,-2.21827,-2.43578,-0.583765
110,-2.24653,-2.68718,-0.610675
110,-2.24963,-2.70152,-0.608411
110,-2.24544,-2.67346,-0.616226
110,-2.24462,-2.66235,-0.61453
110,-2.24863,-2.67114,-0.609447
110,-2.60131,-2.71959,0.295777
110,-2.33433,-1.88227,-0.0858039
110,-2.34064,-2.37494,-0.286469
110,-2.54485,-2.35315,0.257559
110,-2.24063,-2.44446,-0.597123
110,-2.24809,-2.44778,-0.596168
110,-2.32303,-2.37254,-0.372234
110,-2.35347,-2.36214,-0.291484
110,-2.3138,-2.70897,-0.647895
110,-2.27692,-2.14885,-0.623856
110,-2.32289,-2.12535,-0.611689
110,-2.68405,-0.853216,0.467008
110,-2.4504,-1.91123,-0.586324
110,-2.59891,-0.82339,0.230017
110,-2.67077,-0.913723,0.343567
110,-2.68798,-0.851983,0.412498
110,-2.70735,-0.838403,0.46829
110,-2.65521,-2.25719,-0.241621
110,-2.65193,-2.25865,-0.252236
110,-2.69654,-0.855066,0.417161
110,-2.66133,-0.84545,0.27003
110,-2.68221,-0.815598,0.263592
110,-2.69182,-0.805032,0.26963
110,-2.53055,-1.85548,-0.597364
110,-2.53404,-1.84749,-0.597301
110,-2.52773,-1.83616,-0.618039
110,-2.56091,-1.95274,-0.600151
110,-2.56595,-1.95618,-0.601877
110,-2.68151,-0.861959,0.11732
110,-2.62998,-0.859138,-0.0621076
110,-2.70851,-0.817535,0.121383
110,-2.60155,-1.86158,-0.595699
110,-2.71813,-0.818628,0.10846
110,-2.58854,-1.70945,-0.603128
110,-2.58945,-1.71508,-0.606479
110,-2.66975,-0.819695,-0.0678935
110,-2.66969,-0.991855,-0.168364
110,-2.79576,-2.15693,-0.307951
110,-2.63948,-0.795533,-0.203206
110,-2.63385,-1.70411,-0.578332
110,-2.64499,-1.76491,-0.572789
110,-2.65334,-0.992956,-0.252577
110,-2.81953,-2.10868,-0.310063
110,-2.82274,-2.13923,-0.316747
110,-2.66349,-0.774484,-0.215747
110,-2.73106,-0.81411,-0.0717909
110,-2.83681,-2.13477,-0.311137
110,-2.72521,-0.777984,-0.0752194
110,-2.67247,-0.774737,-0.218629
110,-2.63886,-1.48605,-0.609975
110,-2.70848,-0.87991,-0.191699
110,-2.65861,-1.49698,-0.630687
110,-2.63108,-1.27252,-0.621972
110,-2.71212,-0.785756,-0.225368
110,-2.87152,-2.09207,-0.328533
110,-2.68477,-1.48846,-0.589674
110,-2.66791,-1.46753,-0.62793
110,-2.66281,-1.41309,-0.623265
110,-2.68771,-0.890299,-0.390507
110,-2.73017,-0.902542,-0.291034
110,-2.67092,-1.27971,-0.602015
110,-2.73262,-0.908875,-0.313094
110,-2.89729,-2.06196,-0.331718
110,-2.7334,-0.860673,-0.306958
110,-2.6751,-0.834695,-0.489247
110,-2.73083,-1.27288,-0.579532
110,-2.74568,-1.32273,-0.583743
110,-2.75109,-1.33043,-0.577986
110,-2.75351,-1.21334,-0.526682
110,-2.95441,-2.02313,-0.318668
110,-2.72728,-0.836657,-0.46651
110,-2.76969,-1.23723,-0.528697
110,-2.76272,-1.36566,-0.605417
110,-2.74977,-0.715294,-0.525848
110,-2.78485,-0.672987,-0.536999
110,-2.77878,-0.63498,-0.564953
110,-3.10478,-1.8998,-0.39253
110,-11.2885,3.97088,-5.09434
110,-1.77957,-3.4659,0.664705
109,-1.77957,-3.4659,0.664705
110,-1.9257,-3.49471,0.746103
109,-1.9257,-3.49471,0.746103
110,-1.90373,-3.49056,0.745205
109,-1.90373,-3.49056,0.745205
110,-2.41521,-2.77104,0.675521
109,-2.41521,-2.77104,0.675521
110,-0.945986,-3.29729,0.620133
109,-0.945986,-3.29729,0.620133
110,-2.45422,-2.75762,0.561643
109,-2.45422,-2.75762,0.561643
110,-1.95012,-3.50009,0.747065
109,-1.95012,-3.50009,0.747065
110,-2.42823,-3.30143,0.628636
109,-2.42823,-3.30143,0.628636
110,-2.35634,-2.80807,0.416469
109,-2.35634,-2.80807,0.416469
110,-2.41521,-2.77104,0.675521
109,-2.41521,-2.77104,0.675521
110,-2.41521,-2.77104,0.675521
109,-2.41521,-2.77104,0.675521
110,-2.3945,-3.59386,0.700995
109,-2.3945,-3.59386,0.700995
110,-2.44037,-2.77734,0.705511
109,-2.44037,-2.77734,0.705511
110,-2.56398,-1.3699,-0.549753
109,-2.56398,-1.3699,-0.549753
110,-2.4412,-2.77326,0.645148
109,-2.4412,-2.77326,0.645148
110,-2.39444,-2.87589,0.320832
109,-2.39444,-2.87589,0.320832
110,-2.35707,-3.34293,0.322414
109,-2.35707,-3.34293,0.322414
110,-2.76246,-2.1212,-0.242427
108,-2.76246,-2.1212,-0.242427
110,-0.771181,-3.30044,0.661553
108,-0.771181,-3.30044,0.661553
110,-0.803381,-3.30952,0.658724
108,-0.803381,-3.30952,0.658724
110,-2.29143,-3.63554,0.825311
108,-2.29143,-3.63554,0.825311
110,-0.814686,-3.31296,0.657661
108,-0.814686,-3.31296,0.657661
110,-2.56099,-1.30567,-0.570386
108,-2.56099,-1.30567,-0.570386
110,-2.41615,-3.30291,0.540386
108,-2.41615,-3.30291,0.540386
110,-2.45623,-2.48176,0.300028
106,-2.45623,-2.48176,0.300028
110,-2.00355,-3.50205,0.772475
106,-2.00355,-3.50205,0.772475
110,-2.19228,-2.4377,-0.560397
106,-2.19228,-2.4377,-0.560397
110,-2.50458,-3.80052,0.290066
106,-2.50458,-3.80052,0.290066
110,-2.16219,-3.53674,0.767934
106,-2.16219,-3.53674,0.767934
110,-2.32577,-3.57274,0.763274
106,-2.32577,-3.57274,0.763274
110,-2.4608,-3.60364,0.813935
104,-2.4608,-3.60364,0.813935
110,-2.52158,-2.76309,0.69907
104,-2.52158,-2.76309,0.69907
110,-2.44667,-3.60088,0.759501
104,-2.44667,-3.60088,0.759501
110,-2.50021,-2.77024,0.650412
104,-2.50021,-2.77024,0.650412
110,-2.50346,-3.61391,0.755532
104,-2.50346,-3.61391,0.755532
110,-2.44703,-3.79257,0.790686
104,-2.44703,-3.79257,0.790686
110,-2.28602,-3.74488,0.79945
104,-2.28602,-3.74488,0.79945
110,-2.5209,-3.80062,0.280589
104,-2.5209,-3.80062,0.280589
110,-2.40732,-3.59265,0.817072
104,-2.40732,-3.59265,0.817072
110,-2.41292,-2.77768,0.667657
104,-2.41292,-2.77768,0.667657
110,-2.79844,-3.9018,0.771221
104,-2.79844,-3.9018,0.771221
110,-2.46857,-3.80184,0.789209
104,-2.46857,-3.80184,0.789209
110,-2.4283,-3.59772,0.816061
104,-2.4283,-3.59772,0.816061
110,-2.60861,-4.15893,0.249811
104,-2.60861,-4.15893,0.249811
110,-2.50384,-3.30886,0.810356
104,-2.50384,-3.30886,0.810356
110,-4.14813,-1.20383,-1.39049
97,-4.14813,-1.20383,-1.39049
110,-2.39135,-3.65715,0.328902
97,-2.39135,-3.65715,0.328902
110,-2.10135,-3.97834,0.35121
97,-2.10135,-3.97834,0.35121
110,-2.48645,-3.6111,0.755845
102,-2.48645,-3.6111,0.755845
110,-2.52332,-3.76636,0.513842
102,-2.52332,-3.76636,0.513842
110,-2.63855,-3.73515,0.281463
102,-2.63855,-3.73515,0.281463
110,-2.1685,-1.95856,-0.377263
102,-2.1685,-1.95856,-0.377263
110,-3.10416,-0.917091,-0.337563
102,-3.10416,-0.917091,-0.337563
110,-2.59243,-3.84345,0.723063
103,-2.59243,-3.84345,0.723063
110,-2.54986,-3.82879,0.72652
103,-2.54986,-3.82879,0.72652
110,-2.67173,-1.73648,-0.583396
99,-2.67173,-1.73648,-0.583396
110,-2.69476,-1.92118,-0.655812
99,-2.69476,-1.92118,-0.655812
111,-2.12179,-3.69587,0.713454
111,-2.20646,-3.72347,0.716562
111,-2.29386,-3.75218,0.723169
111,-2.33478,-3.5727,0.808928
111,-2.34853,-3.61978,0.797865
111,-2.33537,-3.57411,0.775798
111,-2.22862,-3.71758,0.327915
111,-2.34633,-3.57254,0.70219
111,-2.33852,-3.57365,0.679857
111,-2.24364,-3.71358,0.331475
111,-2.3487,-3.57771,0.680451
111,-2.35131,-3.57811,0.686157
111,-2.35056,-3.57811,0.680517
111,-2.34653,-3.57011,0.629698
111,-2.36961,-3.58435,0.678608
111,-2.36565,-3.58217,0.652568
111,-2.36163,-3.57736,0.595318
111,-2.3469,-3.29728,0.699279
111,-2.35273,-3.56206,0.552565
111,-2.31192,-3.10969,0.665697
111,-2.38511,-3.58132,0.608314
111,-2.21544,-3.14702,0.35629
111,-2.36769,-3.56347,0.550779
111,-2.32459,-3.11511,0.666058
111,-2.33086,-3.11457,0.667878
111,-2.37299,-3.301,0.616049
111,-2.36552,-3.30108,0.567827
111,-2.37017,-3.84393,0.296301
111,-2.37244,-3.84279,0.302349
111,-2.3735,-3.11476,0.666202
111,-2.38317,-3.84775,0.300772
111,-2.36268,-3.30226,0.525384
111,-2.38258,-3.30087,0.566729
111,-2.46557,-3.13558,0.868497
111,-2.49346,-3.18972,0.906755
111,-2.36512,-3.3014,0.487786
111,-2.37062,-3.55112,0.304979
111,-2.37806,-3.55252,0.307581
111,-2.42742,-3.11533,0.669233
111,-2.51604,-3.19165,0.867704
111,-2.35899,-3.41912,0.308316
111,-2.40284,-3.59512,0.313591
111,-2.39646,-3.55808,0.301414
111,-2.41028,-3.60025,0.299013
111,-1.99966,-2.78614,-0.432878
111,-2.37578,-3.26443,0.305147
111,-2.43976,-3.54704,0.290426
111,-2.2507,-2.4838,0.305311
111,-2.41206,-3.25211,0.335573
111,-2.42083,-3.3437,0.300083
111,-2.44881,-3.33463,0.310415
111,-2.45234,-3.34054,0.310809
111,-2.29142,-2.48837,0.303792
111,-2.45548,-3.33645,0.303526
111,-2.06603,-2.74661,-0.482939
111,-2.46618,-3.34428,0.296895
111,-2.46837,-3.34008,0.289671
111,-2.49665,-3.42545,0.303006
111,-2.39625,-2.80061,0.315858
111,-2.50521,-3.43648,0.283977
111,-2.51417,-3.45781,0.280777
111,-2.52454,-3.49864,0.286435
111,-2.40115,-2.79591,0.310259
111,-2.40182,-2.79094,0.313632
111,-2.5346,-2.75366,0.696696
111,-2.53878,-2.74892,0.686873
111,-2.53348,-2.74487,0.673336
111,-2.52427,-3.44014,0.284179
111,-2.53967,-2.75057,0.686315
111,-2.53992,-2.7448,0.676875
111,-2.53788,-2.74988,0.662114
111,-2.5392,-2.75069,0.654217
111,-2.55545,-2.74522,0.67661
111,-2.55547,-2.73769,0.675744
111,-2.56176,-3.50784,0.280979
111,-2.56218,-3.4996,0.279479
111,-2.55247,-3.44467,0.280999
111,-2.52368,-3.16828,0.339617
111,-2.60424,-3.16424,0.558166
111,-2.56543,-2.74663,0.663857
111,-2.56262,-2.74657,0.656093
111,-2.52521,-3.22202,0.300363
111,-2.54962,-2.73411,0.597417
111,-2.5296,-3.21032,0.289498
111,-2.58633,-3.49231,0.27305
111,-2.56199,-2.74772,0.592134
111,-2.56966,-3.18626,0.329639
111,-2.60157,-3.44179,0.280796
111,-2.62673,-3.50462,0.262046
111,-2.58889,-3.16178,0.334228
111,-2.11377,-2.25121,-0.510417
111,-2.57442,-3.13405,0.284963
111,-2.64257,-3.4796,0.289322
111,-2.12725,-2.21361,-0.49664
111,-2.64707,-3.45015,0.277839
111,-2.6582,-3.49148,0.282875
111,-2.67331,-3.48524,0.279122
111,-2.6676,-3.45486,0.274981
111,-2.61982,-3.12716,0.297268
111,-2.63116,-3.13763,0.31107
111,-2.15423,-2.22463,-0.532897
111,-2.15613,-2.22019,-0.54416
111,-2.63019,-3.1625,0.269839
111,-2.64531,-3.11852,0.292152
111,-2.17303,-2.21032,-0.546806
111,-2.16882,-2.20756,-0.557194
111,-2.17237,-2.20792,-0.557778
111,-2.33446,-2.38147,-0.21202
111,-2.32307,-2.35276,-0.251348
111,-2.23002,-2.44982,-0.580064
111,-2.19533,-2.19443,-0.558378
111,-2.62331,-2.84269,0.279754
111,-2.22295,-2.17803,-0.546255
111,-2.25912,-2.43691,-0.609564
111,-2.63271,-2.70976,0.276486
111,-2.31846,-2.35896,-0.455072
111,-2.27344,-2.40126,-0.623571
111,-2.28314,-2.37488,-0.640016
111,-2.72054,-2.82935,0.271167
111,-2.73505,-2.83935,0.270868
111,-2.72933,-2.60195,0.247573
111,-2.41105,-1.88375,-0.529116
111,-2.4438,-1.9058,-0.538442
111,-2.53422,-2.12303,-0.538162
111,-2.48322,-1.87985,-0.563419
111,-2.50226,-1.61844,-0.538881
111,-2.49718,-1.35165,-0.518445
111,-2.57536,-0.889247,-0.101467
111,-2.57486,-1.63017,-0.53756
111,-2.62732,-1.84662,-0.603566
111,-2.56266,-1.2557,-0.502983
111,-3.04973,-2.43969,0.208874
111,-2.65052,-1.80993,-0.610823
111,-2.65587,-1.83251,-0.622734
111,-2.5975,-1.3337,-0.55943
111,-2.60055,-1.2376,-0.51989
111,-2.64371,-1.52191,-0.572748
111,-2.59207,-1.28456,-0.593678
111,-2.65571,-1.5794,-0.586972
111,-2.69249,-1.82854,-0.648807
111,-2.73335,-0.760088,-0.0880983
111,-2.69698,-1.4813,-0.590785
111,-2.73846,-1.45546,-0.612596
111,-2.7478,-0.663739,-0.244575
111,-3.04136,-0.495749,-0.171042
111,-3.07594,-0.474454,-0.195204
111,-3.08935,-0.354322,-0.391413
111,-3.11921,-0.326364,-0.336781
111,-3.12554,-0.333719,-0.391195
111,-3.19477,-0.275697,-0.354406
111,-3.19523,-0.283487,-0.492796
111,-3.21809,-0.257813,-0.553312
111,-3.2906,-0.187387,-0.526106
111,-2.46354,-1.88444,-0.591293
110,-2.46354,-1.88444,-0.591293
111,-2.3868,-1.97384,-0.635918
110,-2.3868,-1.97384,-0.635918
111,-2.4735,-2.75292,0.566337
109,-2.4735,-2.75292,0.566337
111,-2.22996,-2.32554,-0.503803
109,-2.22996,-2.32554,-0.503803
111,-2.44713,-2.76956,0.704218
109,-2.44713,-2.76956,0.704218
111,-2.40501,-3.27784,0.319604
109,-2.40501,-3.27784,0.319604
111,-2.56014,-1.96218,-0.588056
108,-2.56014,-1.96218,-0.588056
111,-3.27461,-4.27408,0.615993
97,-3.27461,-4.27408,0.615993
111,-2.46257,-2.65169,0.304038
106,-2.46257,-2.65169,0.304038
111,-2.44961,-2.65322,0.307019
106,-2.44961,-2.65322,0.307019
111,-2.63731,-1.59504,-0.57386
100,-2.63731,-1.59504,-0.57386
111,-2.55574,-3.8281,0.771125
104,-2.55574,-3.8281,0.771125
111,-2.52834,-3.81953,0.772728
104,-2.52834,-3.81953,0.772728
111,-2.39908,-2.77471,0.668987
104,-2.39908,-2.77471,0.668987
112,-0.953239,-2.88737,0.415947
112,-2.08833,-3.13222,0.697133
112,-2.06954,-3.36505,0.372056
112,-2.11237,-3.41433,0.353382
112,-2.17681,-3.13961,0.707284
112,-2.29517,-3.18627,0.821456
112,-2.36173,-3.18383,0.930177
112,-2.29308,-2.87396,0.929428
112,-2.32043,-2.85832,0.938033
112,-2.31616,-2.86205,0.910285
112,-2.32409,-2.86174,0.910217
112,-2.26416,-3.1649,0.379533
112,-2.33429,-2.83581,0.903717
112,-2.40915,-3.29597,0.645702
112,-2.32443,-3.32344,0.319913
112,-2.32696,-3.323,0.316569
112,-2.33236,-3.3299,0.326826
112,-2.41643,-3.29801,0.63765
112,-2.33209,-3.3221,0.324236
112,-2.41423,-3.29944,0.559563
112,-2.40316,-2.78545,0.942495
112,-2.38633,-3.297,0.420366
112,-2.39989,-2.78456,0.91395
112,-2.4066,-2.784,0.924758
112,-2.40724,-2.78486,0.915269
112,-2.27611,-2.90081,0.333049
112,-2.39246,-3.34059,0.310719
112,-2.2989,-2.89836,0.371036
112,-2.4061,-3.33762,0.334898
112,-2.29511,-2.89689,0.340521
112,-2.29537,-2.89579,0.340353
112,-2.29663,-2.86964,0.352614
112,-2.30094,-2.88436,0.353741
112,-2.30791,-2.89243,0.337261
112,-2.38408,-2.77828,0.692801
112,-2.37861,-2.77364,0.673689
112,-2.38348,-2.77924,0.684286
112,-2.37916,-2.78283,0.654634
112,-2.39267,-2.78157,0.701689
112,-2.37994,-2.78268,0.656462
112,-2.31437,-2.89238,0.334817
112,-2.38454,-2.77639,0.674259
112,-2.39254,-2.77587,0.698136
112,-2.38297,-2.78284,0.657891
112,-2.31645,-2.88497,0.329846
112,-2.31463,-2.87774,0.329249
112,-2.39869,-2.78209,0.689626
112,-2.32522,-2.88244,0.339687
112,-2.3915,-2.76299,0.598271
112,-2.39099,-2.76454,0.583076
112,-2.49616,-3.27076,0.285712
112,-2.49862,-3.26286,0.288284
112,-2.67288,-3.11219,0.674648
112,-2.67605,-3.12133,0.66739
112,-2.68717,-3.11925,0.669989
112,-2.16095,-2.43072,-0.548145
112,-2.16071,-2.42624,-0.554146
112,-2.16827,-2.42744,-0.56285
112,-2.17314,-2.42972,-0.563438
112,-2.18752,-2.43638,-0.551356
112,-2.196,-2.43313,-0.549432
112,-2.20061,-2.45049,-0.558077
112,-2.21248,-2.42222,-0.535498
112,-2.21894,-2.42187,-0.535827
112,-2.28887,-2.37318,-0.338493
112,-2.29115,-2.33802,-0.346959
112,-2.50654,-2.37263,0.272406
112,-2.29197,-2.31608,-0.542094
112,-2.54986,-2.36557,0.250848
112,-2.83712,-3.44079,0.287679
112,-2.55518,-2.36258,0.268804
112,-2.5522,-2.35412,0.258715
112,-2.30587,-2.28655,-0.546363
112,-2.31471,-2.29208,-0.54792
112,-2.31862,-2.41233,-0.655566
112,-2.32984,-2.27592,-0.551626
112,-2.79307,-3.13347,0.240542
112,-2.79767,-3.14189,0.247711
112,-2.81231,-3.13594,0.247208
112,-2.81618,-3.13223,0.244735
112,-2.37259,-2.27984,-0.604279
112,-2.31381,-1.28964,-0.0331393
112,-2.36967,-2.06788,-0.645674
112,-2.37427,-2.07642,-0.646272
112,-2.91086,-3.15735,0.223628
112,-2.40367,-2.096,-0.705934
112,-2.3983,-2.09916,-0.742517
112,-2.42275,-1.9648,-0.665078
112,-2.44997,-1.92277,-0.690012
112,-2.45277,-1.92806,-0.697551
112,-2.5576,-1.89179,-0.556618
112,-2.5236,-1.83791,-0.63922
112,-2.5266,-1.82996,-0.624123
112,-2.54466,-1.82057,-0.617595
112,-2.55039,-1.82014,-0.627005
112,-2.55493,-1.81709,-0.62694
112,-2.56498,-0.968657,0.149284
112,-2.56703,-1.82466,-0.604548
112,-2.59204,-1.03564,-0.22415
112,-2.60596,-1.02898,-0.245805
112,-2.7204,-0.629532,0.313867
112,-3.19071,-2.57775,0.208448
112,-2.63559,-1.302,-0.577102
112,-2.7299,-0.627999,0.293759
112,-2.85537,-0.424738,0.780406
112,-2.65424,-1.14774,-0.559169
112,-2.64957,-1.2018,-0.632976
112,-3.29312,-2.55746,0.184046
112,-2.86928,-0.453586,0.574029
112,-2.77231,-0.406006,0.282206
112,-2.78584,-0.3905,0.290547
112,-2.71976,-1.15875,-0.629591
112,-2.97551,-2.06565,-0.593487
112,-2.9041,-0.427037,0.576369
112,-2.92592,-0.391991,0.593001
112,-2.92694,-0.405862,0.564742
112,-3.26492,-1.88534,-0.689216
112,-3.6998,-2.49946,0.102387
112,-3.33206,-1.88526,-0.731839
112,-3.74065,-2.49403,0.0932034
112,-1.27889,-3.14761,0.597628
111,-1.27889,-3.14761,0.597628
112,-2.35604,-3.3595,0.925336
111,-2.35604,-3.3595,0.925336
112,-2.53631,-2.35891,0.262186
111,-2.53631,-2.35891,0.262186
112,-1.32498,-3.00426,0.682195
111,-1.32498,-3.00426,0.682195
112,-2.87569,-0.631091,0.0958314
111,-2.87569,-0.631091,0.0958314
112,-2.48623,-2.37921,0.285069
110,-2.48623,-2.37921,0.285069
112,-2.47705,-1.87373,-0.561426
110,-2.47705,-1.87373,-0.561426
112,-2.56569,-1.81655,-0.607268
110,-2.56569,-1.81655,-0.607268
112,-2.76374,-0.669623,0.295051
110,-2.76374,-0.669623,0.295051
112,-2.54488,-2.73716,0.569367
108,-2.54488,-2.73716,0.569367
112,-0.957793,-3.17066,0.592177
108,-0.957793,-3.17066,0.592177
112,-2.14234,-3.13469,0.624728
97,-2.14234,-3.13469,0.624728
112,-1.42136,-3.14084,0.6216
104,-1.42136,-3.14084,0.6216
113,-2.37761,-3.36109,0.924201
113,-2.37928,-3.35954,0.924673
113,-1.78247,-2.23016,-0.0364009
113,-2.42592,-3.18261,0.942824
113,-2.42777,-3.18694,0.942887
113,-2.42608,-3.18035,0.931002
113,-2.41467,-3.1086,0.974343
113,-2.41717,-3.10501,0.975196
113,-2.41969,-3.11175,0.972392
113,-2.37385,-3.37419,0.361626
113,-2.38138,-3.40624,0.313357
113,-2.38691,-3.37552,0.354791
113,-2.3844,-3.38109,0.311255
113,-2.44371,-3.18596,0.833907
113,-2.38383,-3.35107,0.316979
113,-2.41671,-3.13727,0.743512
113,-2.3939,-3.35916,0.31148
113,-2.41991,-3.13794,0.736227
113,-2.4232,-3.13824,0.743293
113,-2.41936,-3.41474,0.305055
113,-2.4285,-3.13533,0.725612
113,-2.4325,-3.13609,0.740525
113,-2.43668,-3.13654,0.736473
113,-2.40518,-3.3335,0.299765
113,-2.43401,-3.12539,0.710965
113,-2.45318,-3.19331,0.684313
113,-2.43977,-3.12765,0.712836
113,-2.45346,-3.19528,0.661018
113,-2.44293,-3.12934,0.711462
113,-2.45411,-3.1948,0.662918
113,-2.45319,-3.14203,0.732869
113,-2.42695,-3.10884,0.669966
113,-2.45267,-3.19115,0.656379
113,-2.46005,-3.19005,0.685664
113,-2.46064,-3.19232,0.683939
113,-2.4408,-3.12466,0.672596
113,-2.44359,-3.12635,0.671124
113,-2.46193,-3.13781,0.730472
113,-2.44009,-3.10838,0.674866
113,-2.43914,-3.13439,0.623726
113,-2.40808,-3.25137,0.30307
113,-2.41636,-3.26677,0.302648
113,-2.45024,-3.10875,0.671396
113,-2.45423,-3.12028,0.671367
113,-2.41599,-3.26337,0.298354
113,-2.43299,-3.14475,0.505402
113,-2.43712,-2.83359,0.936679
113,-2.44042,-2.84033,0.927211
113,-2.44792,-2.83941,0.957606
113,-2.42975,-2.77794,0.955281
113,-2.43238,-3.20946,0.312923
113,-2.46191,-2.84223,0.961753
113,-2.44005,-3.21319,0.311807
113,-2.43639,-3.20355,0.306025
113,-2.43998,-3.20563,0.305715
113,-2.44162,-3.20379,0.306343
113,-2.42692,-2.8201,0.787131
113,-2.42725,-2.82134,0.784815
113,-2.28439,-2.72214,0.324586
113,-2.42495,-2.82196,0.745248
113,-2.42625,-2.82301,0.74416
113,-2.4649,-3.16778,0.343774
113,-2.45593,-3.14427,0.323114
113,-2.46787,-3.16838,0.33715
113,-2.30548,-2.70763,0.319635
113,-2.45875,-3.13736,0.304262
113,-2.32188,-2.70816,0.308207
113,-2.34507,-2.72003,0.322593
113,-2.34255,-2.70226,0.310271
113,-2.45829,-2.76722,0.69765
113,-2.35352,-2.71807,0.3204
113,-2.34532,-2.69416,0.30566
113,-2.34656,-2.68403,0.307118
113,-2.4627,-2.768,0.644993
113,-2.46978,-2.76083,0.654682
113,-2.37265,-2.70606,0.316699
113,-2.36453,-2.67409,0.305061
113,-2.47882,-2.75883,0.663598
113,-2.47492,-2.74702,0.663635
113,-2.48641,-2.75319,0.678662
113,-2.48981,-2.75776,0.677484
113,-2.38111,-2.70061,0.296189
113,-2.48863,-2.75873,0.652499
113,-2.48271,-2.74902,0.576832
113,-2.48707,-2.76011,0.567591
113,-2.49268,-2.74975,0.571912
113,-2.45046,-2.78109,0.304301
113,-2.50118,-2.86507,0.292716
113,-2.50039,-2.85739,0.29634
113,-2.47924,-2.77753,0.309018
113,-2.50065,-2.84288,0.303714
113,-2.50985,-2.87142,0.29554
113,-2.53672,-2.86101,0.298886
113,-2.39929,-2.42373,0.283989
113,-2.51043,-2.72601,0.299659
113,-2.40106,-2.4143,0.289898
113,-2.33865,-2.37726,-0.0972158
113,-2.55226,-2.72421,0.299507
113,-2.34668,-2.36825,-0.0960163
113,-2.56226,-2.7235,0.291321
113,-2.3415,-2.34269,-0.102709
113,-2.33478,-2.3683,-0.262451
113,-2.36791,-2.35719,-0.111978
113,-2.56256,-2.60978,0.285382
113,-2.57092,-2.61615,0.286078
113,-2.28505,-2.28576,-0.532757
113,-2.3001,-2.27689,-0.539809
113,-2.40466,-2.34478,-0.232221
113,-2.59994,-2.54674,0.280532
113,-2.41942,-2.33798,-0.246311
113,-2.33437,-2.31364,-0.575603
113,-2.62472,-2.53219,0.278554
113,-2.35454,-2.28985,-0.592058
113,-2.35405,-2.28725,-0.593724
113,-2.67031,-2.57929,0.268525
113,-2.30844,-2.03714,-0.592659
113,-2.30829,-2.0192,-0.596341
113,-2.48224,-2.27917,-0.321023
113,-2.40703,-1.92102,-0.559244
113,-2.41642,-1.9189,-0.555849
113,-2.42273,-1.93461,-0.557907
113,-2.42881,-1.90632,-0.565133
113,-2.44007,-1.90695,-0.565167
113,-2.48557,-1.8735,-0.557884
113,-2.54177,-2.03556,-0.590822
113,-2.48617,-1.84849,-0.570271
113,-2.49525,-1.87221,-0.570833
113,-2.50219,-1.86443,-0.566184
113,-2.49224,-1.82786,-0.567493
113,-2.55301,-1.9562,-0.58421
113,-2.5204,-1.84963,-0.58611
113,-2.56224,-1.95451,-0.584274
113,-2.52671,-1.84914,-0.584065
113,-2.59487,-1.91899,-0.586815
113,-2.64091,-2.03012,-0.565936
113,-2.61239,-1.86094,-0.599242
113,-2.61305,-1.84876,-0.596028
113,-2.57046,-1.71585,-0.584524
113,-2.57418,-1.72592,-0.584683
113,-2.61207,-1.82715,-0.574688
113,-2.57963,-1.72167,-0.590611
113,-2.32825,-0.868574,-0.523653
113,-2.33143,-0.854854,-0.527408
113,-2.59284,-1.45913,-0.57569
113,-2.63855,-1.58702,-0.570573
113,-2.61438,-1.44467,-0.583826
113,-2.66433,-1.57571,-0.585586
113,-2.5728,-0.918829,-0.0359837
113,-2.65905,-1.5055,-0.568568
113,-2.66274,-1.53588,-0.604383
113,-2.67744,-1.56485,-0.599539
113,-2.69211,-0.648749,0.781684
113,-2.61737,-1.35434,-0.581769
113,-2.67264,-1.52919,-0.610362
113,-2.67164,-1.49966,-0.5784
113,-2.69727,-0.653086,0.741897
113,-2.6197,-1.32013,-0.575085
113,-2.59886,-1.26839,-0.58859
113,-2.62454,-1.3425,-0.588584
113,-2.63729,-1.35588,-0.577685
113,-2.69881,-0.656749,0.6746
113,-2.61212,-1.22946,-0.525439
113,-2.60448,-1.25403,-0.59362
113,-2.52368,-0.862297,-0.378039
113,-2.61245,-1.27616,-0.609674
113,-2.63825,-1.3388,-0.596058
113,-2.53039,-0.856074,-0.37418
113,-2.62432,-1.26396,-0.622773
113,-2.64377,-1.2912,-0.593681
113,-2.69519,-0.715996,0.450408
113,-2.65057,-1.29221,-0.577214
113,-2.63286,-1.20642,-0.53333
113,-2.64942,-1.28735,-0.584215
113,-2.73415,-0.812803,0.461467
113,-2.64195,-1.27136,-0.598133
113,-2.63062,-1.25776,-0.627472
113,-2.64035,-1.25322,-0.628013
113,-2.70711,-0.718077,0.367552
113,-2.71279,-0.669756,0.40144
113,-2.71833,-0.713992,0.330735
113,-2.73999,-1.32242,-0.570031
113,-2.74209,-1.32122,-0.564869
113,-2.71816,-0.639471,0.309106
113,-2.75085,-1.31892,-0.576417
113,-2.72639,-0.632153,0.303137
113,-2.73059,-0.617857,0.326543
113,-2.73139,-0.623998,0.320631
113,-2.73337,-0.629015,0.310082
113,-2.73165,-0.614218,0.314157
113,-2.69991,-0.511874,0.291676
113,-2.70737,-0.481052,0.324568
113,-2.7036,-0.492957,0.290603
113,-2.71285,-0.485624,0.299593
113,-2.7405,-0.530483,0.33801
113,-2.74191,-0.539599,0.270585
113,-2.68894,-0.732324,-0.234504
113,-2.71172,-0.729963,-0.157332
113,-2.73548,-0.456689,0.301174
113,-2.73456,-0.413937,0.286142
113,-2.71353,-0.702556,-0.225382
113,-2.71277,-0.205548,0.290068
113,-2.75425,-0.307965,0.289128
113,-2.78853,-0.832153,-0.333129
113,-2.7916,-0.813015,-0.312944
113,-2.74705,-0.264388,0.288413
113,-2.74983,-0.260863,0.296186
113,-2.7623,-0.28455,0.313069
113,-2.73458,-0.173563,0.286652
113,-2.76183,-0.253181,0.275723
113,-2.7867,-0.263926,0.304868
113,-2.81385,-0.764951,-0.349041
113,-2.78365,-0.221187,0.288239
113,-2.79534,-0.254074,0.28291
113,-2.77646,-0.176492,0.293144
113,-2.76098,-0.085176,0.306998
113,-2.77218,-0.0653045,0.292131
113,-2.78055,-0.0643778,0.300039
113,-2.88663,-0.581546,-0.296725
113,-2.89541,-0.552873,-0.262949
113,-2.90904,-0.55541,-0.305283
113,-2.93301,-0.660291,-0.373234
113,-2.9984,-0.494643,-0.308292
113,-2.94371,-0.510005,-0.618963
113,-3.02953,-0.573126,-0.418669
113,-3.12125,-0.461334,-0.34944
113,-3.37301,-0.296142,-0.448417
113,-2.40872,-3.15174,0.654078
111,-2.40872,-3.15174,0.654078
113,-2.61455,-3.18926,0.898949
111,-2.61455,-3.18926,0.898949
113,-2.64923,-1.44926,-0.540064
111,-2.64923,-1.44926,-0.540064
113,-2.48557,-3.1283,0.708825
111,-2.48557,-3.1283,0.708825
113,-2.86022,-0.496069,0.480819
111,-2.86022,-0.496069,0.480819
113,-2.62216,-1.49051,-0.593407
111,-2.62216,-1.49051,-0.593407
113,-1.85626,-2.88518,0.660831
111,-1.85626,-2.88518,0.660831
113,-2.63077,-1.58457,-0.56643
111,-2.63077,-1.58457,-0.56643
113,-2.76211,-1.3092,-0.580777
111,-2.76211,-1.3092,-0.580777
113,-2.70041,-1.47381,-0.578527
111,-2.70041,-1.47381,-0.578527
113,-2.61914,-1.21851,-0.533289
111,-2.61914,-1.21851,-0.533289
113,-2.66661,-1.77232,-0.57755
111,-2.66661,-1.77232,-0.57755
113,-2.3825,-2.77403,0.671196
112,-2.3825,-2.77403,0.671196
113,-2.4116,-3.14027,0.508848
112,-2.4116,-3.14027,0.508848
113,-2.33419,-2.58891,0.324529
110,-2.33419,-2.58891,0.324529
113,-2.50177,-2.77042,0.775544
110,-2.50177,-2.77042,0.775544
113,-2.51478,-2.76881,0.776346
110,-2.51478,-2.76881,0.776346
113,-2.91585,-0.784104,-0.272769
110,-2.91585,-0.784104,-0.272769
113,-2.72679,-1.61985,-0.226701
110,-2.72679,-1.61985,-0.226701
113,-2.43197,-2.65235,0.310832
106,-2.43197,-2.65235,0.310832
113,-2.4635,-2.76611,0.655536
104,-2.4635,-2.76611,0.655536
114,-2.42012,-3.18842,0.69348
114,-2.43109,-3.18848,0.693019
114,-2.41167,-3.12428,0.66635
114,-2.439,-3.26828,0.308026
114,-2.48437,-3.13543,0.306342
114,-2.45285,-2.76573,0.64665
114,-2.4469,-2.86469,0.311459
114,-2.41367,-2.66164,0.318167
114,-2.49591,-2.77311,0.315599
114,-2.46509,-2.59883,0.30726
114,-2.46681,-2.5844,0.308487
114,-2.46588,-2.57647,0.311151
114,-2.4862,-2.6261,0.305539
114,-2.47354,-2.58535,0.310477
114,-2.41851,-2.40783,0.289815
114,-2.42557,-2.39874,0.292997
114,-2.59385,-2.70705,0.293162
114,-2.6146,-2.72458,0.277619
114,-2.61169,-2.71325,0.281335
114,-2.3354,-2.37216,-0.252604
114,-2.33784,-2.36529,-0.255364
114,-2.32684,-2.36639,-0.327115
114,-2.31873,-2.35639,-0.428562
114,-2.34358,-2.28228,-0.582223
114,-2.32293,-2.11696,-0.598608
114,-2.51868,-2.29234,-0.282952
114,-2.3335,-2.00333,-0.605371
114,-2.55976,-2.24779,-0.352776
114,-2.56091,-2.23307,-0.348926
114,-2.39828,-1.93393,-0.560083
114,-2.40324,-1.93262,-0.562255
114,-2.57625,-2.2315,-0.362075
114,-2.60749,-2.12103,-0.20478
114,-2.6095,-2.12488,-0.214841
114,-2.54321,-2.11292,-0.540886
114,-2.57482,-2.09346,-0.561498
114,-2.51835,-1.94568,-0.591615
114,-2.51946,-1.93539,-0.592812
114,-2.52104,-1.93973,-0.597029
114,-2.5923,-2.09302,-0.569958
114,-2.55908,-2.02419,-0.59727
114,-2.50491,-1.85903,-0.569189
114,-2.52001,-1.85572,-0.573735
114,-2.57543,-2.01031,-0.608978
114,-2.61434,-2.04796,-0.555005
114,-2.51891,-1.81942,-0.58984
114,-2.52022,-1.82152,-0.596634
114,-2.52301,-1.81011,-0.58516
114,-2.57873,-1.95809,-0.597493
114,-2.59273,-2.00454,-0.622313
114,-2.59457,-1.83657,-0.554193
114,-2.6032,-1.8547,-0.581883
114,-2.57508,-1.70162,-0.591999
114,-2.58372,-1.71276,-0.587501
114,-2.63326,-1.6485,-0.579486
114,-2.35074,-0.837058,-0.516123
114,-2.66607,-0.541392,1.04757
114,-2.65524,-0.515742,1.03215
114,-2.3591,-0.841975,-0.567671
114,-2.65852,-0.521351,1.03059
114,-2.36097,-0.823605,-0.537282
114,-2.36259,-0.818261,-0.550974
114,-2.62213,-1.45941,-0.59559
114,-2.62935,-1.47727,-0.59571
114,-2.65998,-1.50678,-0.556426
114,-2.64074,-1.47388,-0.600625
114,-2.68129,-1.56547,-0.591352
114,-2.67115,-1.53004,-0.606257
114,-2.64032,-1.44583,-0.597303
114,-2.63575,-1.39115,-0.601299
114,-2.47304,-0.881949,-0.458786
114,-2.69231,-1.51853,-0.581887
114,-2.68785,-1.47489,-0.587973
114,-2.62794,-1.30148,-0.584456
114,-2.60167,-1.24588,-0.607659
114,-2.7294,-0.592133,0.800223
114,-2.72178,-1.38792,-0.571663
114,-2.7277,-1.36727,-0.590455
114,-2.67458,-1.16879,-0.551124
114,-2.74376,-1.36345,-0.588906
114,-2.74387,-1.32341,-0.564026
114,-2.73797,-0.718341,0.308591
114,-2.74016,-1.31286,-0.566351
114,-2.74994,-1.31049,-0.579812
114,-2.64801,-0.778694,-0.186005
114,-2.69322,-1.13854,-0.55266
114,-2.66715,-0.775835,-0.139962
114,-2.75377,-0.625514,0.282535
114,-2.70056,-1.06925,-0.592465
114,-2.74292,-0.524408,0.285913
114,-2.69637,-0.718029,-0.226189
114,-2.69943,-0.716559,-0.214461
114,-2.71794,-0.698225,-0.22631
114,-2.77479,-0.716232,-0.194539
114,-2.75684,-0.306277,0.305536
114,-2.82832,-0.725466,-0.110123
114,-2.83586,-0.713421,-0.108993
114,-2.81435,-0.624307,-0.224051
114,-2.83095,-0.558515,-0.593023
114,-2.48571,-2.75958,0.567567
113,-2.48571,-2.75958,0.567567
114,-2.47749,-2.75831,0.663576
113,-2.47749,-2.75831,0.663576
114,-2.63221,-1.20584,-0.533194
113,-2.63221,-1.20584,-0.533194
114,-2.47749,-2.75831,0.663576
113,-2.47749,-2.75831,0.663576
114,-2.49418,-1.87155,-0.570748
113,-2.49418,-1.87155,-0.570748
114,-2.6138,-3.13686,0.894127
113,-2.6138,-3.13686,0.894127
114,-2.36052,-3.11599,0.835459
113,-2.36052,-3.11599,0.835459
114,-2.58054,-3.13283,0.895287
113,-2.58054,-3.13283,0.895287
114,-2.40337,-2.3441,-0.232174
113,-2.40337,-2.3441,-0.232174
114,-2.38476,-3.43054,0.329076
113,-2.38476,-3.43054,0.329076
114,-2.48509,-2.75267,0.678638
113,-2.48509,-2.75267,0.678638
114,-2.48509,-2.75267,0.678638
113,-2.48509,-2.75267,0.678638
114,-2.35787,-2.34988,-0.366499
113,-2.35787,-2.34988,-0.366499
114,-2.48509,-2.75267,0.678638
113,-2.48509,-2.75267,0.678638
114,-2.46136,-2.76746,0.644974
113,-2.46136,-2.76746,0.644974
114,-1.99476,-1.44605,0.87211
113,-1.99476,-1.44605,0.87211
114,-2.74187,-0.53919,0.270778
113,-2.74187,-0.53919,0.270778
114,-2.73131,-0.623589,0.320816
113,-2.73131,-0.623589,0.320816
114,-2.75336,-2.70935,0.570709
111,-2.75336,-2.70935,0.570709
114,-2.40942,-3.12741,0.638483
111,-2.40942,-3.12741,0.638483
114,-2.51809,-2.84143,0.35018
111,-2.51809,-2.84143,0.35018
114,-2.55177,-2.9204,0.302055
111,-2.55177,-2.9204,0.302055
114,-2.52733,-3.19073,0.894993
111,-2.52733,-3.19073,0.894993
114,-2.31249,-3.12886,0.741989
111,-2.31249,-3.12886,0.741989
114,-2.51519,-3.19081,0.862019
111,-2.51519,-3.19081,0.862019
114,-2.2715,-1.15237,0.369163
111,-2.2715,-1.15237,0.369163
114,-2.16291,-2.81709,0.662571
111,-2.16291,-2.81709,0.662571
114,-2.64078,-2.90989,0.286471
112,-2.64078,-2.90989,0.286471
114,-2.38166,-2.77305,0.671194
112,-2.38166,-2.77305,0.671194
114,-2.71584,-2.90193,0.276375
112,-2.71584,-2.90193,0.276375
114,-2.45018,-2.78032,0.800011
112,-2.45018,-2.78032,0.800011
114,-2.18555,-2.11949,-0.496982
112,-2.18555,-2.11949,-0.496982
114,-2.34217,-1.97177,-0.520819
112,-2.34217,-1.97177,-0.520819
114,-2.40147,-2.77003,0.575931
112,-2.40147,-2.77003,0.575931
114,-2.42628,-1.90093,-0.55949
112,-2.42628,-1.90093,-0.55949
114,-2.26687,-3.16423,0.377062
112,-2.26687,-3.16423,0.377062
114,-2.19342,-3.1632,0.387643
112,-2.19342,-3.1632,0.387643
114,-2.34922,-2.63823,0.323126
110,-2.34922,-2.63823,0.323126
114,-2.81595,-2.13872,-0.622339
110,-2.81595,-2.13872,-0.622339
114,-2.62092,-1.58283,-0.565357
110,-2.62092,-1.58283,-0.565357
114,-2.42524,-2.76652,0.695743
110,-2.42524,-2.76652,0.695743
114,-1.98722,-2.8474,0.667171
110,-1.98722,-2.8474,0.667171
114,-2.03509,-2.84154,0.67325
110,-2.03509,-2.84154,0.67325
114,-2.42179,-2.61753,0.319146
99,-2.42179,-2.61753,0.319146
114,-2.52452,-2.73838,0.565975
100,-2.52452,-2.73838,0.565975
114,-3.5124,-3.19787,0.45535
97,-3.5124,-3.19787,0.45535
115,-2.42257,-3.1878,0.699459
115,-2.40984,-3.18527,0.644106
115,-2.32688,-3.16502,0.334833
115,-2.4283,-3.18754,0.644899
115,-2.41123,-3.25236,0.31519
115,-2.39314,-3.13454,0.325856
115,-2.41771,-2.81144,0.75438
115,-2.42039,-2.80912,0.753657
115,-2.42295,-2.80551,0.756742
115,-2.42306,-2.80361,0.74825
115,-2.42438,-2.78956,0.76525
115,-2.42638,-2.79952,0.754256
115,-2.43645,-2.80053,0.756473
115,-2.43587,-2.77393,0.783657
115,-2.42189,-2.81589,0.674243
115,-2.43853,-2.77512,0.779533
115,-2.42437,-2.81557,0.669928
115,-2.42586,-2.81646,0.672848
115,-2.44358,-2.75958,0.664632
115,-2.44236,-2.83136,0.456193
115,-2.44092,-2.86496,0.314091
115,-2.45096,-2.84732,0.369848
115,-2.44737,-2.83828,0.369314
115,-2.45104,-2.84771,0.366603
115,-2.44772,-2.83864,0.366031
115,-2.44326,-2.85808,0.31617
115,-2.44713,-2.86357,0.31954
115,-2.47502,-2.87574,0.366317
115,-2.47879,-2.87682,0.36213
115,-2.39726,-2.68104,0.315841
115,-2.40572,-2.69041,0.323734
115,-2.40252,-2.66822,0.30944
115,-2.4054,-2.66749,0.309717
115,-2.40817,-2.67209,0.305937
115,-2.41415,-2.63464,0.313845
115,-2.4798,-2.77267,0.324786
115,-2.43053,-2.64035,0.31897
115,-2.48346,-2.77406,0.313125
115,-2.429,-2.62311,0.320628
115,-2.43001,-2.58424,0.315972
115,-2.43598,-2.58939,0.319206
115,-2.43493,-2.57518,0.321214
115,-2.43996,-2.55136,0.319199
115,-2.44096,-2.55162,0.321205
115,-2.44842,-2.56348,0.321107
115,-2.44836,-2.55308,0.319934
115,-2.417,-2.39876,0.300636
115,-2.42451,-2.39727,0.295054
115,-2.42261,-2.39874,0.282941
115,-2.43069,-2.40455,0.298683
115,-2.43375,-2.3964,0.297314
115,-2.23133,-2.40935,-0.573078
115,-2.23247,-2.40982,-0.578082
115,-2.25023,-2.43816,-0.576626
115,-2.33021,-2.36444,-0.314203
115,-2.27123,-2.38839,-0.560193
115,-2.39876,-2.35149,-0.117203
115,-2.34929,-2.28161,-0.584649
115,-2.58438,-2.12048,-0.181961
115,-2.60175,-2.12151,-0.192423
115,-2.60468,-2.11798,-0.194173
115,-2.57141,-2.01345,-0.56311
115,-2.66531,-1.91234,-0.246957
115,-2.59869,-1.8494,-0.578803
115,-2.58081,-1.70443,-0.586037
115,-2.59056,-1.70899,-0.584221
115,-2.54685,-1.42281,-0.591535
115,-2.35358,-0.836626,-0.559076
115,-2.3598,-0.813611,-0.539886
115,-2.36649,-0.801319,-0.542334
115,-2.36849,-0.799226,-0.553448
115,-2.3771,-0.825335,-0.565275
115,-2.37369,-0.793022,-0.547315
115,-2.62857,-1.47916,-0.587613
115,-2.68025,-1.55591,-0.590412
115,-2.7636,-0.763005,0.642417
115,-2.64101,-1.2855,-0.584062
115,-2.54315,-0.834929,-0.38801
115,-2.63083,-1.2247,-0.608713
115,-2.77645,-0.781349,0.477126
115,-2.64424,-1.1976,-0.56188
115,-2.67095,-0.544708,0.315283
115,-2.75698,-0.772742,0.259525
115,-2.73629,-1.32453,-0.556668
115,-2.58162,-0.791296,-0.386536
115,-2.66342,-0.787306,-0.109511
115,-2.69682,-0.522718,0.305544
115,-2.76929,-1.22241,-0.519987
115,-2.80249,-0.746115,-0.0675569
115,-2.78915,-0.834225,-0.327928
115,-2.84768,-0.726213,-0.0966741
115,-2.84789,-0.713846,-0.0983908
115,-2.80823,-0.694131,-0.209826
115,-2.7798,-0.680669,-0.319443
115,-2.85351,-0.752949,-0.341437
115,-2.82835,-0.659393,-0.344062
115,-2.87277,-0.669171,-0.239973
115,-2.85296,-0.62245,-0.41214
115,-2.83334,-0.597648,-0.547522
115,-2.85149,-0.580315,-0.561807
115,-2.83598,-0.499805,-0.576276
115,-2.70615,-0.67661,1.01564
113,-2.70615,-0.67661,1.01564
115,-2.73172,-0.357731,0.642639
113,-2.73172,-0.357731,0.642639
115,-2.69029,-0.646286,0.781066
113,-2.69029,-0.646286,0.781066
115,-2.66568,-0.639347,0.296228
113,-2.66568,-0.639347,0.296228
115,-2.73543,-0.604342,0.552987
113,-2.73543,-0.604342,0.552987
115,-2.45587,-2.84336,0.313953
111,-2.45587,-2.84336,0.313953
115,-2.63256,-2.81258,0.282302
111,-2.63256,-2.81258,0.282302
115,-2.39488,-2.77947,0.578982
111,-2.39488,-2.77947,0.578982
115,-2.76805,-2.64325,0.253488
111,-2.76805,-2.64325,0.253488
115,-2.48565,-3.18533,0.822971
111,-2.48565,-3.18533,0.822971
115,-2.71227,-1.59419,-0.620682
111,-2.71227,-1.59419,-0.620682
115,-2.46171,-3.18531,0.825138
111,-2.46171,-3.18531,0.825138
115,-2.44383,-3.3355,0.305726
111,-2.44383,-3.3355,0.305726
115,-2.87274,-1.14439,-0.578286
111,-2.87274,-1.14439,-0.578286
115,-2.46598,-2.8104,0.687085
111,-2.46598,-2.8104,0.687085
115,-2.4411,-2.7754,0.781517
110,-2.4411,-2.7754,0.781517
115,-2.39943,-2.76726,0.703941
108,-2.39943,-2.76726,0.703941
115,-2.5506,-2.74401,0.711746
106,-2.5506,-2.74401,0.711746
115,-2.29247,-2.66294,0.341502
106,-2.29247,-2.66294,0.341502
116,-2.4211,-3.17965,0.791264
116,-2.41682,-3.18613,0.644285
116,-2.42065,-3.18642,0.645427
116,-2.35895,-3.18515,0.350003
116,-2.38552,-3.18578,0.383244
116,-2.40959,-3.253,0.315811
116,-2.41201,-3.25595,0.315735
116,-2.40561,-3.18778,0.377626
116,-2.40549,-2.83945,0.916359
116,-2.41518,-3.13305,0.32423
116,-2.42476,-2.77539,0.924844
116,-2.42757,-2.77308,0.928749
116,-2.41681,-2.82187,0.739437
116,-2.41899,-2.81799,0.748444
116,-2.41864,-2.81756,0.746384
116,-2.41895,-2.8194,0.72961
116,-2.4221,-2.81227,0.729966
116,-2.42703,-2.7974,0.767792
116,-2.41773,-2.82066,0.66768
116,-2.45951,-3.1356,0.316756
116,-2.42065,-2.81191,0.67176
116,-2.46817,-3.13814,0.311367
116,-2.49262,-2.89152,0.811761
116,-2.44837,-2.75666,0.663768
116,-2.45266,-2.76915,0.572573
116,-2.45425,-2.77071,0.573287
116,-2.46035,-2.76805,0.572532
116,-2.46071,-2.843,0.366512
116,-2.38949,-2.69105,0.307234
116,-2.39083,-2.68041,0.315557
116,-2.39465,-2.68957,0.314515
116,-2.40036,-2.69301,0.32527
116,-2.4021,-2.69364,0.321887
116,-2.3926,-2.66434,0.310287
116,-2.51112,-2.91003,0.3391
116,-2.51852,-2.92734,0.339948
116,-2.41726,-2.59436,0.32245
116,-2.42041,-2.59695,0.322311
116,-2.44292,-2.64448,0.323542
116,-2.4385,-2.62839,0.318947
116,-2.4417,-2.61604,0.317213
116,-2.42333,-2.56587,0.315293
116,-2.4247,-2.54457,0.316264
116,-2.43289,-2.54008,0.316094
116,-2.42585,-2.51257,0.316187
116,-2.40968,-2.43183,0.316086
116,-2.41146,-2.40302,0.299992
116,-2.41365,-2.40438,0.299846
116,-2.4164,-2.39709,0.298386
116,-2.61159,-2.72472,0.567674
116,-2.42239,-2.39528,0.296417
116,-2.58068,-2.70887,0.302351
116,-2.29415,-2.36385,-0.401901
116,-2.31986,-2.36192,-0.313927
116,-2.29995,-2.36267,-0.402948
116,-2.32261,-2.36289,-0.317669
116,-2.31165,-2.35931,-0.40881
116,-2.30573,-2.01164,-0.596261
116,-2.51661,-2.2912,-0.288041
116,-2.52892,-2.28556,-0.285669
116,-2.39279,-1.93311,-0.551624
116,-2.61057,-2.2524,-0.331898
116,-2.52879,-2.11607,-0.527439
116,-2.60368,-2.10347,-0.202015
116,-2.52978,-2.03245,-0.574603
116,-2.59286,-2.08486,-0.564844
116,-2.54853,-1.9492,-0.577964
116,-2.56385,-1.98115,-0.577691
116,-2.53079,-1.83578,-0.586354
116,-2.53156,-1.82594,-0.580712
116,-2.54317,-1.83596,-0.590217
116,-2.60568,-1.84194,-0.585773
116,-2.62057,-1.82628,-0.57673
116,-2.57892,-1.69824,-0.593357
116,-2.58377,-1.69455,-0.591544
116,-2.59033,-1.70677,-0.591761
116,-2.65207,-1.56056,-0.573688
116,-2.38123,-0.797554,-0.576808
116,-2.6744,-1.56438,-0.58755
116,-2.65864,-0.531039,0.969706
116,-2.59413,-1.28712,-0.58854
116,-2.5842,-1.25131,-0.605687
116,-2.58886,-1.25487,-0.600343
116,-2.67134,-0.608125,0.811805
116,-2.67729,-0.601781,0.826696
116,-2.60603,-1.26596,-0.60134
116,-2.73411,-0.63908,0.98905
116,-2.61064,-1.25186,-0.591692
116,-2.67218,-0.651619,0.664011
116,-2.60856,-1.2401,-0.60857
116,-2.75657,-0.624385,1.02894
116,-2.61859,-1.23537,-0.596784
116,-2.6359,-1.26036,-0.587119
116,-2.63586,-0.750998,0.241235
116,-2.64831,-1.27646,-0.577271
116,-2.66743,-1.29999,-0.568635
116,-2.65568,-1.27602,-0.582569
116,-2.64177,-1.18582,-0.567567
116,-2.72337,-1.32524,-0.563785
116,-2.66653,-1.16242,-0.539882
116,-2.67046,-1.17011,-0.543777
116,-2.72878,-1.32743,-0.554147
116,-2.71551,-1.27348,-0.531814
116,-2.73331,-1.32287,-0.556371
116,-2.73742,-1.31502,-0.57088
116,-2.7402,-1.25825,-0.503621
116,-2.74462,-1.24081,-0.504475
116,-2.66744,-0.544688,0.314086
116,-2.67355,-0.540235,0.345403
116,-2.65814,-0.771728,-0.13334
116,-2.77317,-0.764302,0.184262
116,-2.70093,-0.511176,0.291897
116,-2.70039,-0.501534,0.299077
116,-2.63056,-0.724196,-0.419059
116,-2.74765,-0.594706,0.295686
116,-2.74575,-0.523931,0.29024
116,-2.7551,-0.847097,-0.287478
116,-2.78542,-0.813176,-0.308203
116,-2.78001,-0.664922,-0.206144
116,-2.81527,-0.697304,-0.433277
116,-2.47015,-3.11492,0.721084
114,-2.47015,-3.11492,0.721084
116,-2.51633,-1.79694,-0.587455
114,-2.51633,-1.79694,-0.587455
116,-2.34438,-2.77235,0.670088
114,-2.34438,-2.77235,0.670088
116,-2.24068,-2.78971,0.681976
114,-2.24068,-2.78971,0.681976
116,-2.54053,-2.74277,0.674196
114,-2.54053,-2.74277,0.674196
116,-2.5035,-2.74989,0.67121
114,-2.5035,-2.74989,0.67121
116,-2.50763,-2.74757,0.693269
114,-2.50763,-2.74757,0.693269
116,-2.39683,-3.1791,0.789039
114,-2.39683,-3.1791,0.789039
116,-2.27734,-2.78238,0.685067
114,-2.27734,-2.78238,0.685067
116,-2.42245,-3.18863,0.625736
114,-2.42245,-3.18863,0.625736
116,-2.53856,-2.75536,0.968487
113,-2.53856,-2.75536,0.968487
116,-2.55439,-2.75301,0.93862
113,-2.55439,-2.75301,0.93862
116,-2.53357,-2.75661,0.934949
113,-2.53357,-2.75661,0.934949
116,-3.10448,0.178115,0.730916
113,-3.10448,0.178115,0.730916
116,-2.40462,-3.17807,0.859126
113,-2.40462,-3.17807,0.859126
116,-2.72657,-0.614975,0.32499
113,-2.72657,-0.614975,0.32499
116,-2.67111,-0.717051,0.595828
113,-2.67111,-0.717051,0.595828
116,-2.70867,-2.17667,-0.268453
110,-2.70867,-2.17667,-0.268453
116,-2.34926,-2.7644,0.59862
110,-2.34926,-2.7644,0.59862
116,-2.75153,-0.796636,-0.462339
110,-2.75153,-0.796636,-0.462339
116,-2.48377,-2.57465,0.30988
106,-2.48377,-2.57465,0.30988
117,-2.41997,-2.82056,0.753172
117,-2.45393,-3.12925,0.307404
117,-2.42122,-2.77825,0.788332
117,-2.43921,-2.81618,0.470542
117,-2.43853,-2.86369,0.319258
117,-2.36886,-2.67534,0.314737
117,-2.45273,-2.85326,0.35335
117,-2.3743,-2.66197,0.329888
117,-2.47309,-2.77087,0.33166
117,-2.48085,-2.77317,0.318639
117,-2.48413,-2.76864,0.312262
117,-2.44389,-2.64284,0.318532
117,-2.4118,-2.40262,0.303039
117,-2.41469,-2.39646,0.304321
117,-2.41776,-2.39545,0.30006
117,-2.42443,-2.39846,0.297248
117,-2.59446,-2.73453,0.30264
117,-2.59726,-2.73279,0.303623
117,-2.59455,-2.70952,0.305825
117,-2.30608,-2.35932,-0.322574
117,-2.31019,-2.35779,-0.30883
117,-2.59853,-2.71195,0.302535
117,-2.26064,-2.26938,-0.507396
117,-2.27126,-2.25295,-0.515298
117,-2.55631,-2.1259,-0.179711
117,-2.56447,-2.13545,-0.177524
117,-2.56975,-2.11951,-0.1817
117,-2.4307,-1.88118,-0.554492
117,-2.48701,-1.86044,-0.554548
117,-2.48883,-1.85881,-0.56322
117,-2.53685,-1.96858,-0.558649
117,-2.55222,-2.01142,-0.588438
117,-2.55579,-2.01749,-0.593092
117,-2.52962,-1.9293,-0.597899
117,-2.4976,-1.81359,-0.570506
117,-2.51202,-1.79588,-0.574795
117,-2.53266,-1.83441,-0.587482
117,-2.5666,-1.87365,-0.557821
117,-2.55065,-1.73828,-0.562259
117,-2.61386,-1.78068,-0.540138
117,-2.59251,-1.72808,-0.539727
117,-2.57709,-1.64075,-0.583616
117,-2.63988,-1.76339,-0.554029
117,-2.59849,-1.46812,-0.581001
117,-2.64887,-1.56649,-0.577542
117,-2.64119,-1.51489,-0.5489
117,-2.60381,-1.43777,-0.585162
117,-2.62968,-1.47109,-0.588027
117,-2.65797,-1.52421,-0.595306
117,-2.62459,-1.42744,-0.580882
117,-2.66061,-1.51584,-0.598233
117,-2.67264,-1.51726,-0.60037
117,-2.58123,-1.28425,-0.584081
117,-2.67175,-1.48676,-0.565706
117,-2.60686,-1.30468,-0.556543
117,-2.60217,-1.29518,-0.568095
117,-2.61465,-1.30591,-0.553305
117,-2.64296,-1.36447,-0.576039
117,-2.66016,-1.37513,-0.572818
117,-2.63617,-1.31541,-0.590315
117,-2.63142,-1.2885,-0.565483
117,-2.63192,-1.28689,-0.574085
117,-2.66493,-1.36864,-0.583504
117,-2.66283,-1.35075,-0.585823
117,-2.76087,-0.59855,1.06476
117,-2.71143,-1.38446,-0.562676
117,-2.7071,-1.37446,-0.568178
117,-2.76165,-0.58798,1.06922
117,-2.76861,-0.58776,1.04748
117,-2.76926,-0.587919,1.03974
117,-2.77197,-0.566877,1.07952
117,-2.74724,-0.811429,0.53465
117,-2.74822,-0.826973,0.503462
117,-2.65597,-1.17678,-0.53594
117,-2.66013,-1.17901,-0.534097
117,-2.65501,-1.16184,-0.530146
117,-2.71807,-1.31914,-0.557789
117,-2.54888,-0.805388,-0.391408
117,-2.77692,-0.547425,1.04609
117,-2.5737,-0.77846,-0.379835
117,-2.79588,-0.515764,1.04758
117,-2.6619,-0.748316,-0.147544
117,-2.70227,-0.476116,0.498293
117,-2.70293,-0.466895,0.513889
117,-2.72324,-0.537412,0.288511
117,-2.74028,-0.865835,-0.291185
117,-2.75474,-0.848148,-0.296726
117,-2.75696,-0.798086,-0.310665
117,-2.77691,-0.823292,-0.308203
117,-2.73428,-0.356575,0.302194
117,-2.72916,-0.330117,0.310498
117,-2.82771,-0.782627,-0.0805507
117,-2.83087,-0.77597,-0.0818284
117,-2.84539,-0.762525,-0.0787089
117,-2.76735,-0.672182,-0.321904
117,-2.76016,-0.282868,0.297915
117,-2.77652,-0.662212,-0.318611
117,-2.80206,-0.65526,-0.250782
117,-2.80461,-0.652755,-0.248236
117,-2.89424,-0.702172,-0.0947236
117,-2.80329,-0.636797,-0.523336
117,-2.74396,0.213926,0.323721
117,-1.9866,-1.41049,0.604919
114,-1.9866,-1.41049,0.604919
117,-2.26408,-3.13335,0.337232
114,-2.26408,-3.13335,0.337232
117,-2.36165,-2.76697,0.671534
114,-2.36165,-2.76697,0.671534
117,-1.21705,-2.68455,0.345671
114,-1.21705,-2.68455,0.345671
117,-2.28594,-1.04743,0.867649
114,-2.28594,-1.04743,0.867649
117,-2.12744,-1.27018,0.888698
114,-2.12744,-1.27018,0.888698
117,-2.3135,-1.03233,0.910221
114,-2.3135,-1.03233,0.910221
117,-2.46259,-0.878452,-0.464881
114,-2.46259,-0.878452,-0.464881
117,-2.72473,-0.609483,0.314369
113,-2.72473,-0.609483,0.314369
117,-2.42705,-2.7614,0.704933
108,-2.42705,-2.7614,0.704933
117,-6.32575,-3.90225,1.12303
99,-6.32575,-3.90225,1.12303
117,-2.50459,-1.34369,-0.506711
99,-2.50459,-1.34369,-0.506711
117,-3.89513,-3.36271,0.410577
97,-3.89513,-3.36271,0.410577
117,-2.67192,-2.73271,0.708262
106,-2.67192,-2.73271,0.708262
117,-2.53133,-2.74426,0.715123
106,-2.53133,-2.74426,0.715123
117,-2.75746,-2.72921,0.716461
106,-2.75746,-2.72921,0.716461
117,-2.3803,-2.76608,0.709913
106,-2.3803,-2.76608,0.709913
118,-2.4186,-2.77696,0.782441
118,-2.47308,-2.87763,0.692166
118,-2.44215,-2.76566,0.713407
118,-2.44622,-2.76077,0.705602
118,-2.44573,-2.76027,0.703412
118,-2.44614,-2.75589,0.693698
118,-2.44777,-2.75691,0.683403
118,-2.44297,-2.75589,0.664031
118,-2.44608,-2.7589,0.667666
118,-2.44775,-2.75464,0.679799
118,-2.44877,-2.76134,0.667325
118,-2.44697,-2.75762,0.665002
118,-2.4472,-2.74845,0.678263
118,-2.44885,-2.74853,0.680285
118,-2.45308,-2.7605,0.656755
118,-2.34897,-2.67493,0.325788
118,-2.45663,-2.76503,0.599869
118,-2.45714,-2.75433,0.575166
118,-2.46049,-2.7606,0.56877
118,-2.54149,-2.88974,0.648754
118,-2.46714,-2.87095,0.312323
118,-2.47303,-2.86425,0.311993
118,-2.47672,-2.84597,0.320397
118,-2.46775,-2.76667,0.328089
118,-2.4193,-2.65295,0.303008
118,-2.42459,-2.65275,0.317539
118,-2.44668,-2.65343,0.313264
118,-2.37092,-2.42038,0.301807
118,-2.37964,-2.41245,0.294146
118,-2.48944,-2.61875,0.29922
118,-2.49264,-2.61145,0.298499
118,-2.40117,-2.40585,0.297796
118,-2.40556,-2.40504,0.293995
118,-2.40894,-2.40001,0.278906
118,-2.52423,-2.58528,0.293353
118,-2.57247,-2.62254,0.296087
118,-2.28754,-2.35403,-0.408091
118,-2.35437,-2.35892,-0.198378
118,-2.28854,-2.37473,-0.510221
118,-2.30505,-2.3544,-0.418448
118,-2.30347,-2.35031,-0.418716
118,-2.59569,-2.61542,0.292933
118,-2.36232,-2.35948,-0.20725
118,-2.58282,-2.57429,0.29652
118,-2.59093,-2.58008,0.295769
118,-2.58652,-2.57331,0.285653
118,-2.59124,-2.56548,0.295144
118,-2.26594,-2.2678,-0.51226
118,-2.61356,-2.60346,0.285309
118,-2.2676,-2.26411,-0.517293
118,-2.2648,-2.25558,-0.517857
118,-2.61058,-2.57301,0.291603
118,-2.60818,-2.56462,0.291554
118,-2.62337,-2.57014,0.282661
118,-2.62466,-2.56413,0.293159
118,-2.29518,-2.26784,-0.539008
118,-2.62768,-2.54205,0.291918
118,-2.63782,-2.56394,0.290472
118,-2.63087,-2.54581,0.290586
118,-2.3082,-2.26935,-0.546778
118,-2.34044,-2.29222,-0.590755
118,-2.27775,-2.02951,-0.587253
118,-2.27595,-2.0197,-0.583424
118,-2.2891,-2.03079,-0.58431
118,-2.28463,-2.02011,-0.584412
118,-2.39716,-1.93484,-0.544596
118,-2.44503,-1.8971,-0.554726
118,-2.44907,-1.90349,-0.555424
118,-2.54036,-2.02749,-0.588724
118,-2.47927,-1.86817,-0.55658
118,-2.59539,-2.05765,-0.554363
118,-2.60024,-2.0554,-0.552372
118,-2.50559,-1.84069,-0.581198
118,-2.55264,-1.94527,-0.587373
118,-2.56435,-1.94389,-0.599411
118,-2.57254,-1.9365,-0.598136
118,-2.6064,-1.84,-0.592639
118,-2.53781,-1.67735,-0.571729
118,-2.56024,-1.70605,-0.587817
118,-2.57247,-1.70942,-0.58798
118,-2.62802,-1.56502,-0.572075
118,-2.34336,-0.827913,-0.564901
118,-2.34866,-0.805916,-0.543888
118,-2.35337,-0.795995,-0.550026
118,-2.59499,-1.327,-0.569055
118,-2.35599,-0.794485,-0.539801
118,-2.60756,-1.34779,-0.580546
118,-2.46104,-0.907833,-0.35238
118,-2.59512,-1.30674,-0.573054
118,-2.62259,-1.3711,-0.587225
118,-2.60438,-1.29204,-0.568315
118,-2.60791,-1.28995,-0.558495
118,-2.59374,-1.27632,-0.59975
118,-2.59097,-1.27148,-0.605142
118,-2.59039,-1.26013,-0.591793
118,-2.61355,-1.29775,-0.571365
118,-2.61584,-1.2968,-0.560739
118,-2.61437,-1.27643,-0.594361
118,-2.60582,-1.25246,-0.588481
118,-2.6274,-1.2853,-0.577631
118,-2.6099,-1.20822,-0.515211
118,-2.60345,-1.20919,-0.547063
118,-2.64655,-1.31781,-0.594412
118,-2.73013,-0.634969,1.05
118,-2.73111,-0.62828,1.01948
118,-2.5077,-0.848014,-0.352909
118,-2.7345,-0.634468,0.987983
118,-2.74388,-0.618373,1.05223
118,-2.74084,-0.616962,1.02268
118,-2.7497,-0.609885,1.05647
118,-2.51999,-0.835171,-0.362546
118,-2.7414,-0.610357,1.00015
118,-2.71019,-1.33141,-0.547756
118,-2.75019,-0.601682,1.0035
118,-2.72032,-0.50544,1.0146
118,-2.77903,-0.587757,1.0779
118,-2.77757,-0.582829,1.03973
118,-2.77541,-0.59587,0.98675
118,-2.72333,-1.24174,-0.500785
118,-2.72264,-0.628769,0.685261
118,-2.7334,-0.620733,0.668471
118,-2.73929,-0.620928,0.664059
118,-2.75553,-0.465699,1.02729
118,-2.74141,-0.619676,0.653314
118,-2.75179,-1.22942,-0.509309
118,-2.7493,-0.602105,0.67444
118,-2.74553,-1.19655,-0.513016
118,-2.75121,-0.615201,0.630351
118,-2.75065,-0.623343,0.606594
118,-2.7729,-0.445415,1.02528
118,-2.75882,-0.599406,0.626192
118,-2.76364,-0.595405,0.637387
118,-2.76018,-0.573046,0.632415
118,-2.76087,-0.585242,0.591847
118,-2.77342,-0.566137,0.638705
118,-2.8026,-0.420434,1.03747
118,-2.74791,-0.583094,0.31771
118,-2.73119,-0.475734,0.431642
118,-2.7463,-0.577606,0.291662
118,-2.74871,-0.567058,0.305052
118,-2.75206,-0.576764,0.29779
118,-2.75704,-0.57184,0.316745
118,-2.75696,-0.549877,0.35668
118,-2.73623,-0.476768,0.406711
118,-2.75443,-0.564824,0.294097
118,-2.74251,-0.426015,0.505365
118,-2.74494,-0.43194,0.488834
118,-2.72543,-0.453167,0.290363
118,-2.73153,-0.457973,0.303969
118,-2.73588,-0.463081,0.304508
118,-2.75209,-0.502865,0.285888
118,-2.73584,-0.461287,0.296669
118,-2.74352,-0.447394,0.297081
118,-2.75889,-0.475737,0.293514
118,-2.77365,-0.42135,0.294465
118,-2.77528,-0.365021,0.310909
118,-2.76336,-0.225536,0.308901
118,-2.89816,-0.700905,-0.107596
118,-2.80822,-0.6272,-0.347479
118,-2.82762,-0.579922,-0.233584
118,-2.86712,-0.722894,-0.347855
118,-2.76206,-0.148088,0.325749
118,-2.92648,-0.663405,-0.113231
118,-2.74427,0.0545599,0.32707
118,-2.9594,-0.629802,-0.112644
118,-2.73453,0.11623,0.303951
118,-2.73297,0.13185,0.303744
118,-2.79427,0.0611506,0.323323
118,-2.7593,0.178173,0.301201
118,-2.76689,0.172727,0.300713
118,-2.77543,0.200893,0.29944
118,-2.81306,0.132115,0.300606
118,-2.76145,0.26581,0.322026
118,-2.75941,0.265648,0.310626
118,-2.77609,0.330008,0.310384
118,-2.7832,0.459497,0.293359
118,-2.7936,0.456613,0.292032
118,-2.57291,-1.96257,-0.216498
115,-2.57291,-1.96257,-0.216498
118,-2.35209,-2.60167,0.317637
115,-2.35209,-2.60167,0.317637
118,-2.44766,-2.18796,-0.137475
115,-2.44766,-2.18796,-0.137475
118,-2.42695,-2.75486,0.674851
115,-2.42695,-2.75486,0.674851
118,-2.43306,-2.76026,0.696518
115,-2.43306,-2.76026,0.696518
118,-2.39137,-3.13336,0.314702
115,-2.39137,-3.13336,0.314702
118,-2.19228,-2.05999,-0.415414
113,-2.19228,-2.05999,-0.415414
118,-2.12696,-2.10704,-0.368613
113,-2.12696,-2.10704,-0.368613
118,-1.82399,-1.59659,0.653461
113,-1.82399,-1.59659,0.653461
118,-1.89991,-1.07258,0.667566
90,-1.89991,-1.07258,0.667566
118,-2.70527,-0.206284,1.04344
89,-2.70527,-0.206284,1.04344
119,-1.92635,-2.76929,0.365721
119,-2.46126,-2.76656,0.651605
119,-2.4718,-2.75919,0.69623
119,-2.46784,-2.75236,0.678445
119,-2.46722,-2.75305,0.674174
119,-2.47273,-2.75333,0.679076
119,-2.48521,-2.75313,0.676182
119,-2.48527,-2.76366,0.654115
119,-2.45163,-2.7751,0.311357
119,-2.45422,-2.77591,0.314317
119,-2.50182,-2.86822,0.303881
119,-2.45575,-2.77284,0.309931
119,-2.52269,-2.87129,0.304842
119,-2.14375,-2.31107,-0.0286158
119,-2.52658,-2.8522,0.312337
119,-2.53691,-2.85773,0.309902
119,-2.38553,-2.42169,0.284856
119,-2.39238,-2.40876,0.294167
119,-2.4009,-2.41346,0.283744
119,-2.23859,-2.44239,-0.584053
119,-2.23895,-2.41191,-0.596047
119,-2.24477,-2.40482,-0.585279
119,-2.34821,-2.37209,-0.205908
119,-2.34596,-2.36941,-0.220275
119,-2.33251,-2.36941,-0.273539
119,-2.34973,-2.36777,-0.21725
119,-2.35601,-2.37111,-0.209049
119,-2.36137,-2.36868,-0.203513
119,-2.36545,-2.3665,-0.213886
119,-2.33432,-2.3635,-0.354698
119,-2.29801,-2.37856,-0.516242
119,-2.33535,-2.35988,-0.364641
119,-2.37571,-2.35349,-0.219483
119,-2.23852,-2.16691,-0.575362
119,-2.275,-2.13763,-0.568619
119,-2.28974,-2.13508,-0.576056
119,-2.45272,-2.28086,-0.309491
119,-2.45796,-2.28412,-0.310707
119,-2.45747,-2.28272,-0.312656
119,-2.51138,-2.29873,-0.289988
119,-2.51002,-2.29488,-0.301246
119,-2.53443,-2.28773,-0.304994
119,-2.37183,-1.93734,-0.538287
119,-2.38648,-1.95394,-0.540268
119,-2.38549,-1.94257,-0.544521
119,-2.40071,-1.94307,-0.538115
119,-2.39551,-1.91847,-0.522458
119,-2.51774,-2.04079,-0.588303
119,-2.52244,-2.04037,-0.579675
119,-2.52325,-2.03778,-0.58575
119,-2.53837,-2.03779,-0.558161
119,-2.46485,-1.83925,-0.56084
119,-2.47374,-1.84266,-0.559607
119,-2.47583,-1.84621,-0.571131
119,-2.49198,-1.8655,-0.56126
119,-2.47988,-1.84712,-0.57687
119,-2.5127,-1.85252,-0.578607
119,-2.52192,-1.84434,-0.586434
119,-2.58257,-1.96212,-0.605043
119,-2.53192,-1.84501,-0.590788
119,-2.57813,-1.93881,-0.611156
119,-2.57635,-1.93432,-0.611655
119,-2.5929,-1.94564,-0.616954
119,-2.59424,-1.93312,-0.610166
119,-2.51403,-1.72962,-0.562274
119,-2.51676,-1.72334,-0.567504
119,-2.52687,-1.7189,-0.576339
119,-2.5433,-1.74033,-0.571917
119,-2.62265,-1.86211,-0.594246
119,-2.61972,-1.84119,-0.604347
119,-2.62518,-1.83787,-0.602216
119,-2.57685,-1.7198,-0.582607
119,-2.54088,-1.55258,-0.565186
119,-2.57319,-1.53163,-0.580517
119,-2.67826,-1.72482,-0.582231
119,-2.63469,-1.64263,-0.593082
119,-2.68861,-1.74166,-0.590853
119,-2.64056,-1.64115,-0.595903
119,-2.69207,-1.74276,-0.59765
119,-2.58117,-1.4906,-0.570697
119,-2.59371,-1.51047,-0.573235
119,-2.30973,-0.890588,-0.494106
119,-2.31754,-0.90408,-0.534138
119,-2.63702,-0.740252,0.747937
119,-2.64571,-1.54188,-0.601437
119,-2.67292,-1.57318,-0.588391
119,-2.33894,-0.876243,-0.545195
119,-2.6706,-1.54961,-0.580355
119,-2.33713,-0.843203,-0.532469
119,-2.34467,-0.840325,-0.532394
119,-2.65473,-0.700657,0.719446
119,-2.66622,-0.700879,0.741453
119,-2.566,-1.27619,-0.580359
119,-2.69117,-1.52164,-0.583871
119,-2.56945,-1.27765,-0.598675
119,-2.58479,-1.23745,-0.510903
119,-2.68347,-0.683573,0.742837
119,-2.69774,-1.48355,-0.584283
119,-2.58867,-1.2309,-0.532265
119,-2.62171,-1.31178,-0.561846
119,-2.59523,-1.27287,-0.588973
119,-2.60125,-1.23208,-0.515912
119,-2.68242,-0.669622,0.713121
119,-2.68904,-0.659488,0.72326
119,-2.69434,-0.660145,0.713541
119,-2.60812,-1.20949,-0.535385
119,-2.72665,-0.529435,1.00745
119,-2.72748,-1.38435,-0.575793
119,-2.72807,-1.32471,-0.575891
119,-2.74893,-1.36895,-0.591801
119,-2.7506,-1.2966,-0.558747
119,-2.74778,-1.28997,-0.557354
119,-2.77327,-1.33152,-0.57423
119,-2.79293,-1.32224,-0.586998
119,-2.64052,-0.776041,-0.203304
119,-2.74673,-0.607704,0.303553
119,-2.74892,-0.578791,0.346495
119,-2.75145,-0.602432,0.306582
119,-2.75078,-0.581054,0.317648
119,-2.75018,-0.583637,0.305823
119,-2.74504,-0.409147,0.576602
119,-2.80792,-1.19178,-0.562141
119,-2.72385,-0.482567,0.286895
119,-2.72833,-0.486646,0.286123
119,-2.73484,-0.488443,0.297816
119,-2.73578,-0.481936,0.303486
119,-2.76601,-0.552763,0.283679
119,-2.7275,-0.473188,0.28058
119,-2.76055,-0.476202,0.382661
119,-2.72763,-0.469378,0.279153
119,-2.72703,-0.44924,0.285707
119,-2.76456,-0.493674,0.287747
119,-2.75488,-0.456376,0.310119
119,-2.85742,-1.15018,-0.56877
119,-2.76076,-0.444701,0.297031
119,-2.74871,-0.424917,0.275749
119,-2.72576,-0.681379,-0.240921
119,-2.77936,-0.472866,0.286501
119,-2.78551,-0.476575,0.280012
119,-2.7968,-0.426039,0.380561
119,-2.80275,-0.807281,-0.315389
119,-2.81208,-0.412444,0.388953
119,-2.77074,-0.371485,0.278755
119,-2.76363,-0.342072,0.285745
119,-2.76328,-0.320386,0.284391
119,-2.77122,-0.315788,0.286388
119,-2.75209,-0.257715,0.288003
119,-2.79365,-0.289437,0.281873
119,-2.78858,-0.2548,0.297576
119,-2.78497,-0.246576,0.279349
119,-2.78025,-0.216672,0.295404
119,-2.79335,-0.249064,0.279346
119,-2.77104,-0.179759,0.301031
119,-2.79063,-0.200886,0.302049
119,-2.80218,-0.226922,0.274046
119,-2.7846,-0.140792,0.329648
119,-2.7842,-0.159816,0.281136
119,-2.78687,-0.157526,0.291768
119,-2.94257,-0.658303,-0.137654
119,-2.81243,-0.108505,0.314754
119,-2.91367,-0.69619,-0.372551
119,-2.80696,-0.0609245,0.285704
119,-2.80502,-0.0621648,0.274768
119,-2.81333,-0.0578518,0.290039
119,-2.8084,-0.0516944,0.28206
119,-2.99932,-0.60724,-0.125927
119,-3.00872,-0.593696,-0.129038
119,-2.82471,0.0172846,0.280773
119,-2.82363,0.0173135,0.269558
119,-2.96833,-0.639506,-0.39089
119,-2.80375,0.201034,0.297491
119,-2.79377,0.230597,0.295897
119,-2.82755,0.261291,0.291197
119,-2.87042,0.212802,0.290284
119,-2.87538,0.249925,0.308376
119,-2.91563,0.182256,0.291673
119,-2.8857,0.260926,0.27951
119,-2.8236,0.505304,0.291523
119,-2.8798,0.451527,0.314808
119,-2.84625,0.528768,0.310051
119,-2.8603,0.581304,0.415749
119,-2.869,0.587357,0.429598
119,-2.86366,0.575705,0.290827
119,-2.86133,0.659269,0.304053
119,-2.8625,0.664933,0.286017
119,-2.8867,0.724257,0.325881
119,-3.02161,1.15564,0.306267
119,-2.54039,-2.74394,0.680744
117,-2.54039,-2.74394,0.680744
119,-2.60781,-2.71145,0.297122
117,-2.60781,-2.71145,0.297122
119,-2.4646,-2.85632,0.339855
117,-2.4646,-2.85632,0.339855
119,-2.39601,-2.76961,0.686097
117,-2.39601,-2.76961,0.686097
119,-2.20793,-2.78718,0.665939
117,-2.20793,-2.78718,0.665939
119,-2.66027,-0.685225,0.361696
117,-2.66027,-0.685225,0.361696
119,-2.56571,-1.0377,0.521696
117,-2.56571,-1.0377,0.521696
119,-2.22436,-2.78229,0.676499
117,-2.22436,-2.78229,0.676499
119,-2.55386,-0.765171,-0.521712
117,-2.55386,-0.765171,-0.521712
119,-2.32513,-1.97679,-0.502627
113,-2.32513,-1.97679,-0.502627
119,-2.77485,-0.639346,-0.192797
113,-2.77485,-0.639346,-0.192797
119,-2.3097,-0.911516,0.669188
113,-2.3097,-0.911516,0.669188
119,-2.51531,-2.20625,-0.693969
113,-2.51531,-2.20625,-0.693969
119,-2.71496,-0.712986,-0.165313
115,-2.71496,-0.712986,-0.165313
119,-2.68099,-0.775134,-0.477596
110,-2.68099,-0.775134,-0.477596
119,-2.7972,-0.661697,-0.541019
110,-2.7972,-0.661697,-0.541019
119,-3.18069,-1.54121,-0.895404
110,-3.18069,-1.54121,-0.895404
119,-2.64957,-1.9341,-0.63407
110,-2.64957,-1.9341,-0.63407
119,-2.70091,-2.09565,-0.244854
99,-2.70091,-2.09565,-0.244854
119,-2.70054,-2.13115,-0.246851
99,-2.70054,-2.13115,-0.246851
119,-3.38203,-1.37749,-0.988477
97,-3.38203,-1.37749,-0.988477
119,-3.2741,-1.38175,-0.923649
97,-3.2741,-1.38175,-0.923649
119,-3.79653,0.879819,0.517107
90,-3.79653,0.879819,0.517107
119,-2.84436,0.523966,0.690843
90,-2.84436,0.523966,0.690843
119,-2.59602,-1.18877,-0.539861
100,-2.59602,-1.18877,-0.539861
119,-2.25172,-2.40417,-0.556163
106,-2.25172,-2.40417,-0.556163
120,-2.39206,-2.76787,0.64623
120,-1.43733,-1.23421,0.376704
120,-2.35585,-2.84364,0.320607
120,-2.35237,-2.83476,0.319597
120,-2.2737,-2.70101,0.289234
120,-1.61782,-1.23935,0.589366
120,-1.62673,-1.23909,0.590982
120,-1.69488,-1.87952,-0.528885
120,-1.70053,-1.86892,-0.53256
120,-2.26701,-2.6517,-0.622842
120,-2.46786,-2.39864,0.2783
120,-2.47113,-2.39591,0.288727
120,-2.47252,-2.39252,0.284589
120,-2.4734,-2.38557,0.279999
120,-2.5072,-2.40365,0.276193
120,-2.51487,-2.3928,0.275955
120,-2.2121,-2.40378,-0.598229
120,-2.22294,-2.41463,-0.590698
120,-2.21416,-2.40073,-0.599832
120,-2.21366,-2.39753,-0.598299
120,-2.21829,-2.40195,-0.599479
120,-2.23508,-2.42042,-0.58185
120,-2.23034,-2.41745,-0.590927
120,-2.24164,-2.43566,-0.588138
120,-2.2344,-2.41751,-0.588877
120,-2.24716,-2.43681,-0.594051
120,-2.24881,-2.42893,-0.595033
120,-2.33058,-2.37195,-0.283634
120,-2.22799,-2.39821,-0.607901
120,-2.24632,-2.40385,-0.570556
120,-2.35871,-2.36721,-0.224891
120,-2.26185,-2.4383,-0.601594
120,-2.32073,-2.36425,-0.370225
120,-2.28029,-2.4363,-0.608736
120,-2.27795,-2.42984,-0.614785
120,-2.18777,-1.81472,-0.0412821
120,-2.25421,-2.15225,-0.620211
120,-2.45526,-2.31899,-0.338119
120,-2.26118,-2.14526,-0.616967
120,-2.27302,-2.16082,-0.617798
120,-2.28073,-2.15734,-0.623043
120,-1.94835,-1.6016,-0.795741
120,-2.30866,-2.1124,-0.609746
120,-2.31495,-2.1026,-0.608973
120,-2.32353,-2.11406,-0.606041
120,-2.32865,-2.11603,-0.611782
120,-1.96453,-1.55186,-0.830429
120,-2.3191,-2.02627,-0.61283
120,-2.52394,-2.23755,-0.521003
120,-2.62713,-2.28092,-0.33274
120,-2.55332,-2.01051,-0.193847
120,-2.01497,-1.49375,-0.880501
120,-2.53476,-1.98536,-0.212837
120,-2.64788,-2.26972,-0.340019
120,-2.64959,-2.26499,-0.350776
120,-2.5511,-1.98328,-0.204449
120,-2.62684,-2.22603,-0.388335
120,-2.67246,-2.24827,-0.35387
120,-2.64034,-2.21336,-0.396595
120,-2.56266,-2.10763,-0.559777
120,-2.56175,-1.97454,-0.359136
120,-2.44691,-1.8896,-0.601378
120,-2.77611,-2.24878,-0.273178
120,-2.52663,-1.96185,-0.588498
120,-2.5349,-1.96347,-0.584806
120,-2.72201,-2.17539,-0.418452
120,-2.80404,-2.23123,-0.29049
120,-2.49289,-1.86068,-0.597656
120,-2.81977,-2.20808,-0.291701
120,-2.43874,-1.39421,-0.116278
120,-2.75127,-2.04713,-0.262703
120,-2.77861,-2.04111,-0.276083
120,-2.65007,-2.00899,-0.593144
120,-2.7947,-2.05237,-0.282538
120,-2.53991,-1.80864,-0.608232
120,-2.80792,-2.04227,-0.28297
120,-2.6758,-2.00522,-0.601769
120,-2.86583,-2.13064,-0.312915
120,-2.8661,-2.15146,-0.344705
120,-2.86486,-2.1145,-0.311378
120,-2.88314,-2.14768,-0.319331
120,-2.84192,-2.05564,-0.294459
120,-2.87644,-2.15422,-0.353007
120,-2.87386,-2.11138,-0.31449
120,-2.87979,-2.10778,-0.306047
120,-2.86368,-2.06414,-0.302075
120,-2.89941,-2.14099,-0.35957
120,-2.86994,-2.04745,-0.302109
120,-2.90039,-2.10163,-0.319841
120,-2.9078,-2.07468,-0.320595
120,-2.93303,-2.09677,-0.331027
120,-2.52653,-1.25137,-0.152499
120,-2.94804,-2.09685,-0.30591
120,-2.92817,-2.04741,-0.294419
120,-2.50885,-0.900691,0.239185
120,-2.54987,-1.22434,-0.159603
120,-2.96301,-2.07593,-0.339313
120,-2.61319,-1.58696,-0.566663
120,-2.97284,-2.05737,-0.304188
120,-2.98314,-2.06713,-0.30883
120,-2.93563,-1.985,-0.327014
120,-2.98615,-2.02779,-0.30276
120,-2.65844,-1.57212,-0.590989
120,-2.57084,-1.30761,-0.590037
120,-2.36393,-0.780886,-0.50684
120,-2.63148,-1.29872,-0.574674
120,-2.31406,-0.676769,-0.511431
120,-2.59781,-1.24996,-0.622371
120,-2.71538,-1.39599,-0.541142
120,-2.3249,-0.676607,-0.514846
120,-2.40701,-0.765365,-0.446101
120,-2.61047,-1.23767,-0.633622
120,-2.71092,-1.34044,-0.554997
120,-2.38286,-0.772714,-0.602491
120,-2.40761,-0.809326,-0.592191
120,-2.38506,-0.759584,-0.583178
120,-2.70925,-1.2744,-0.497471
120,-2.70799,-1.26075,-0.500649
120,-2.62362,-0.589794,0.291349
120,-2.41409,-0.797032,-0.602675
120,-2.40139,-0.767953,-0.606926
120,-2.63698,-0.82859,-0.0664471
120,-2.39651,-0.743918,-0.612023
120,-2.41471,-0.766794,-0.600192
120,-2.65106,-0.957542,-0.26463
120,-2.72176,-1.22727,-0.512858
120,-2.67561,-0.908776,-0.186439
120,-2.65074,-0.952256,-0.338841
120,-2.827,-0.717019,0.495734
120,-2.7095,-1.23247,-0.623066
120,-2.4427,-0.746603,-0.610549
120,-2.44402,-0.715292,-0.573849
120,-2.67275,-0.888463,-0.215804
120,-2.54434,-0.79642,-0.45685
120,-2.68913,-0.880209,-0.194605
120,-2.7469,-0.860191,-0.054365
120,-2.69516,-0.857641,-0.193392
120,-2.71628,-1.1712,-0.619174
120,-2.65051,-0.771118,-0.209161
120,-2.70356,-0.908875,-0.285619
120,-2.70726,-0.915026,-0.285002
120,-2.61367,-0.782457,-0.342062
120,-2.68329,-0.805551,-0.222732
120,-2.68107,-0.941481,-0.439654
120,-2.76017,-0.844375,-0.0834431
120,-2.73522,-0.537245,0.291656
120,-2.71999,-1.08216,-0.598054
120,-2.7164,-0.810833,-0.198407
120,-2.72092,-0.789264,-0.20284
120,-2.74682,-0.510673,0.292361
120,-2.78348,-0.81755,-0.0876811
120,-2.73382,-0.48526,0.285633
120,-2.72291,-0.46349,0.273608
120,-2.72795,-0.466125,0.275386
120,-2.78716,-0.805462,-0.0837583
120,-2.7859,-0.557733,0.276574
120,-2.72413,-0.787439,-0.305486
120,-2.78016,-0.482976,0.287348
120,-2.43144,-0.433949,-0.59568
120,-2.74191,-0.744235,-0.234068
120,-2.73901,-0.759568,-0.276539
120,-2.71934,-0.756167,-0.328802
120,-2.83467,-0.523204,0.283207
120,-2.74202,-0.731197,-0.310177
120,-2.45408,-0.390571,-0.613821
120,-2.83087,-0.428553,0.284413
120,-2.71249,-0.635882,-0.538523
120,-2.79756,-0.633286,-0.544236
120,-2.81654,-0.624046,-0.550552
120,-2.80455,-0.580086,-0.583524
120,-2.82714,-0.555147,-0.597414
120,-2.73513,0.267487,0.29003
120,-2.73351,0.290417,0.28196
120,-2.78113,0.364146,0.277461
120,-2.80324,0.458086,0.295329
120,-2.83284,0.515686,0.376498
120,-2.85376,0.547214,0.366198
120,-2.78354,1.5521,-0.657969
120,-2.64101,-0.750984,0.609473
118,-2.64101,-0.750984,0.609473
120,-2.73971,-0.585371,-0.485119
118,-2.73971,-0.585371,-0.485119
120,-2.78219,-0.533728,-0.509219
118,-2.78219,-0.533728,-0.509219
120,-2.49261,-1.86974,-0.571364
118,-2.49261,-1.86974,-0.571364
120,-2.462,-2.76031,0.655122
118,-2.462,-2.76031,0.655122
120,-2.46278,-2.75732,0.669917
118,-2.46278,-2.75732,0.669917
120,-2.43811,-2.40071,0.27838
118,-2.43811,-2.40071,0.27838
120,-2.72856,-0.605056,-0.490894
113,-2.72856,-0.605056,-0.490894
120,-2.3623,-2.76441,0.658611
117,-2.3623,-2.76441,0.658611
120,-2.25514,-2.77376,0.649537
117,-2.25514,-2.77376,0.649537
120,-2.45957,-2.75405,0.668727
117,-2.45957,-2.75405,0.668727
120,-2.51648,-2.71902,0.308705
117,-2.51648,-2.71902,0.308705
120,-2.36939,-2.48375,0.286261
115,-2.36939,-2.48375,0.286261
120,-2.42101,-2.46444,0.277281
115,-2.42101,-2.46444,0.277281
120,-2.43611,-2.4588,0.274628
115,-2.43611,-2.4588,0.274628
120,-2.22923,-2.68303,-0.595175
110,-2.22923,-2.68303,-0.595175
120,-2.30193,-2.66504,-0.639712
110,-2.30193,-2.66504,-0.639712
120,-2.08129,-2.69901,-0.498521
110,-2.08129,-2.69901,-0.498521
120,-2.78236,-0.628312,-0.557972
110,-2.78236,-0.628312,-0.557972
120,-2.60991,-1.07218,-0.155756
110,-2.60991,-1.07218,-0.155756
120,-2.65305,-2.26835,-0.341261
108,-2.65305,-2.26835,-0.341261
120,-2.6644,-2.24757,-0.247241
97,-2.6644,-2.24757,-0.247241
120,-2.68905,-1.63894,-0.224316
97,-2.68905,-1.63894,-0.224316
120,-2.48018,-2.7326,0.5447
97,-2.48018,-2.7326,0.5447
120,-2.72618,-1.60221,-0.229977
99,-2.72618,-1.60221,-0.229977
120,-2.42945,-1.65009,-0.128301
99,-2.42945,-1.65009,-0.128301
120,-2.63756,-2.73791,0.716353
106,-2.63756,-2.73791,0.716353
121,-1.47973,-2.15939,-0.555321
121,-1.20026,-1.23817,-0.101408
121,-1.2105,-1.24635,-0.119245
121,-1.3157,-1.22016,0.161839
121,-1.31976,-1.23715,0.137456
121,-1.3029,-1.23111,0.10136
121,-1.31828,-1.24486,0.117689
121,-1.30427,-1.22574,0.100353
121,-1.30661,-1.20639,0.118937
121,-1.30883,-1.2028,0.12361
121,-1.44868,-1.23356,0.373372
121,-1.45641,-1.22533,0.362808
121,-1.45814,-1.21536,0.371078
121,-1.41048,-1.126,0.364666
121,-2.44307,-2.77581,0.312295
121,-2.44587,-2.77699,0.311048
121,-2.44592,-2.77604,0.310956
121,-2.20575,-2.92316,-0.597876
121,-2.21194,-2.92282,-0.603732
121,-2.50002,-2.71189,0.3148
121,-2.57742,-2.73151,0.463433
121,-2.50658,-2.7062,0.322043
121,-2.19461,-2.80654,-0.620237
121,-2.19797,-2.79431,-0.614617
121,-2.20319,-2.79558,-0.62441
121,-2.56614,-2.72049,0.317033
121,-2.56249,-2.71628,0.308508
121,-1.696,-1.84092,-0.560111
121,-2.23371,-2.71968,-0.58502
121,-2.22898,-2.71074,-0.586376
121,-2.23466,-2.70335,-0.588717
121,-2.22803,-2.6932,-0.593051
121,-2.23242,-2.67496,-0.606236
121,-2.24011,-2.66225,-0.596714
121,-2.44578,-2.40474,0.276865
121,-2.44603,-2.41023,0.268755
121,-2.45741,-2.41266,0.28327
121,-2.45065,-2.40687,0.270586
121,-2.44758,-2.40949,0.242887
121,-2.46293,-2.40797,0.281495
121,-2.4569,-2.39713,0.280594
121,-2.23617,-2.48236,-0.598868
121,-2.24707,-2.47713,-0.588111
121,-2.22193,-2.41548,-0.602993
121,-2.24842,-2.44701,-0.586138
121,-2.22034,-2.40611,-0.595239
121,-2.21455,-2.39838,-0.600889
121,-2.25965,-2.46978,-0.600581
121,-2.22157,-2.40435,-0.595793
121,-2.21782,-2.39098,-0.592422
121,-2.22868,-2.41552,-0.60819
121,-2.24348,-2.42653,-0.591985
121,-2.24376,-2.4209,-0.590769
121,-2.25964,-2.4468,-0.592867
121,-2.2472,-2.40584,-0.568584
121,-2.33161,-2.37073,-0.307898
121,-2.33546,-2.36833,-0.300998
121,-1.82335,-1.76707,-0.647386
121,-2.23472,-2.40287,-0.607661
121,-2.25499,-2.4304,-0.602995
121,-2.22972,-2.3909,-0.610047
121,-2.23246,-2.39043,-0.608028
121,-2.23182,-2.39126,-0.611897
121,-1.82971,-1.76132,-0.651939
121,-2.26495,-2.42884,-0.601798
121,-2.34813,-2.36869,-0.307619
121,-2.27218,-2.43658,-0.60225
121,-2.26476,-2.41103,-0.582556
121,-2.25842,-2.39657,-0.580683
121,-2.26625,-2.40301,-0.580688
121,-2.2674,-2.40128,-0.578582
121,-2.3562,-2.3632,-0.31194
121,-2.27583,-2.40764,-0.581557
121,-2.27406,-2.40231,-0.582808
121,-1.84315,-1.75169,-0.660256
121,-2.33424,-2.36553,-0.395787
121,-2.31763,-2.36042,-0.457665
121,-2.33982,-2.35803,-0.404459
121,-2.34757,-2.35891,-0.405152
121,-2.40943,-2.35747,-0.253661
121,-2.38191,-2.35417,-0.319615
121,-2.38551,-2.24633,-0.150242
121,-2.39585,-2.34044,-0.327914
121,-2.2219,-2.18704,-0.583762
121,-2.37134,-2.16677,-0.19051
121,-2.44806,-2.33633,-0.267555
121,-2.43308,-2.2281,-0.141555
121,-2.44838,-2.33382,-0.268299
121,-2.4585,-2.33905,-0.26422
121,-2.46089,-2.34097,-0.269888
121,-2.22716,-2.15181,-0.559419
121,-2.447,-2.22685,-0.145923
121,-2.44587,-2.21876,-0.147443
121,-2.43899,-2.20431,-0.144805
121,-2.33018,-2.28974,-0.56122
121,-2.47137,-2.24688,-0.151701
121,-2.492,-2.25963,-0.159575
121,-2.49193,-2.26147,-0.164437
121,-2.54006,-2.27299,-0.0673618
121,-2.27083,-2.13916,-0.575531
121,-2.26772,-2.13851,-0.594008
121,-2.55158,-2.30611,-0.181338
121,-2.54887,-2.2947,-0.183317
121,-2.29061,-2.13685,-0.59483
121,-2.54436,-2.27217,-0.178753
121,-2.5023,-2.20875,-0.192781
121,-2.56591,-2.30358,-0.187256
121,-2.57488,-2.29989,-0.192816
121,-2.40039,-2.2863,-0.602602
121,-2.28066,-2.05335,-0.586244
121,-2.52357,-2.2558,-0.337619
121,-2.55772,-2.28895,-0.310586
121,-2.56265,-2.2921,-0.313388
121,-2.30238,-2.04296,-0.574463
121,-2.57077,-2.29271,-0.304711
121,-2.56698,-2.28651,-0.314737
121,-2.29478,-2.01,-0.565004
121,-2.55145,-2.25875,-0.361647
121,-2.40989,-1.93489,-0.566565
121,-2.4138,-1.93545,-0.563066
121,-2.40701,-1.9253,-0.566778
121,-2.66119,-2.10799,-0.392847
121,-2.45888,-1.89789,-0.572112
121,-2.49342,-1.87757,-0.586354
121,-2.49267,-1.84059,-0.579436
121,-2.49713,-1.83633,-0.585168
121,-2.52217,-1.86069,-0.585032
121,-2.68883,-1.99499,-0.392801
121,-2.52746,-1.85899,-0.593108
121,-2.69706,-1.98832,-0.395604
121,-2.64789,-2.0079,-0.581695
121,-2.70764,-1.97057,-0.398581
121,-2.71054,-1.9691,-0.39755
121,-1.78944,-0.643319,-0.673286
121,-2.69283,-1.90531,-0.405734
121,-2.69724,-1.85317,-0.403438
121,-2.73656,-1.91864,-0.408255
121,-2.73361,-1.90812,-0.404605
121,-1.83838,-0.548949,-0.719467
121,-2.65771,-1.76552,-0.578491
121,-2.67774,-1.74576,-0.586421
121,-2.69097,-1.7539,-0.588242
121,-2.63795,-1.66011,-0.583886
121,-2.62349,-1.58446,-0.575219
121,-2.63631,-1.59502,-0.576131
121,-2.5765,-1.49459,-0.577966
121,-2.59085,-1.51834,-0.581608
121,-1.87687,-0.472696,-0.748909
121,-2.58465,-1.47482,-0.573908
121,-2.60215,-1.38086,-0.575508
121,-2.56284,-1.30429,-0.569626
121,-2.68838,-1.48494,-0.589157
121,-2.72754,-0.699337,0.700033
121,-2.39112,-0.914004,-0.484914
121,-2.7372,-0.693306,0.70282
121,-2.38846,-0.910172,-0.491221
121,-2.58385,-1.29073,-0.594102
121,-2.79442,-0.765487,0.727614
121,-2.62613,-1.34457,-0.588772
121,-2.58749,-1.2895,-0.60038
121,-2.61739,-1.31544,-0.567408
121,-2.58816,-1.27779,-0.588679
121,-2.59283,-1.29257,-0.601078
121,-2.61768,-1.31192,-0.575128
121,-2.40061,-0.905225,-0.489127
121,-2.40774,-0.909349,-0.486027
121,-2.32946,-0.830317,-0.570277
121,-2.33754,-0.840878,-0.569723
121,-2.41438,-0.904575,-0.485145
121,-2.62213,-0.753074,0.243636
121,-2.71932,-0.658279,0.624058
121,-2.60587,-1.22725,-0.535033
121,-2.6027,-1.2254,-0.542077
121,-2.78666,-0.758178,0.607736
121,-2.37789,-0.865679,-0.566425
121,-2.3694,-0.855399,-0.574287
121,-2.59707,-0.776721,0.104687
121,-2.36665,-0.81932,-0.530737
121,-2.62062,-0.772817,0.164854
121,-2.74017,-0.679631,0.601937
121,-2.35244,-0.814224,-0.562358
121,-2.7394,-0.675935,0.588248
121,-2.80675,-0.780048,0.591749
121,-2.73781,-0.653832,0.601592
121,-2.73648,-0.64968,0.600651
121,-2.51622,-0.885099,-0.30486
121,-2.36907,-0.807878,-0.550213
121,-2.7509,-0.666295,0.606288
121,-2.74414,-0.638222,0.628562
121,-2.37761,-0.806496,-0.536413
121,-2.37989,-0.784189,-0.52474
121,-2.40621,-0.781599,-0.458136
121,-2.7514,-0.641983,0.598552
121,-2.46388,-0.922593,-0.551789
121,-2.41345,-0.774251,-0.460275
121,-2.47958,-0.871256,-0.462858
121,-2.6289,-0.741509,0.0992637
121,-2.40038,-0.760917,-0.514971
121,-2.76411,-0.630391,0.577855
121,-2.73775,-1.26516,-0.512002
121,-2.73625,-1.24942,-0.51184
121,-2.74043,-1.25672,-0.514648
121,-2.80556,-1.27393,-0.408362
121,-2.49379,-0.723768,-0.353294
121,-2.73763,-1.21815,-0.517024
121,-2.76779,-0.773119,0.226751
121,-2.74312,-1.21741,-0.515442
121,-2.50089,-0.715613,-0.357532
121,-2.75765,-1.2404,-0.527495
121,-2.76563,-1.2336,-0.515106
121,-2.69161,-0.593505,0.279515
121,-2.79135,-0.625195,0.473732
121,-2.79927,-0.593181,0.541473
121,-2.84385,-0.731832,0.412539
121,-2.7908,-0.750781,0.24635
121,-2.80764,-0.579331,0.541002
121,-2.79406,-0.617506,0.444537
121,-2.83027,-1.21782,-0.412564
121,-2.81908,-0.763563,0.23366
121,-2.76628,-0.612852,0.285774
121,-2.75841,-0.60026,0.284762
121,-2.8142,-0.75634,0.165551
121,-2.77615,-0.598435,0.290853
121,-2.77489,-0.580838,0.291048
121,-2.72206,-0.498546,0.274592
121,-3.01801,-1.35899,-0.316435
121,-2.39,-0.517877,-0.584177
121,-2.4325,-0.5409,-0.576632
121,-2.40365,-0.495938,-0.591134
121,-2.39826,-0.475447,-0.573849
121,-3.08737,-1.39296,-0.334531
121,-2.65355,-0.272363,0.2808
121,-2.64548,-0.253457,0.27942
121,-2.44586,-0.492603,-0.586972
121,-2.45176,-0.496733,-0.587364
121,-2.79612,-0.811243,-0.310923
121,-2.86987,-0.748859,-0.108036
121,-2.8286,-0.80852,-0.325937
121,-2.96211,-1.08836,-0.429661
121,-3.3485,-1.09609,0.471093
121,-2.84975,-0.823772,-0.410423
121,-2.70554,-0.657526,-0.553928
121,-3.09993,-1.12613,-0.33888
121,-3.12373,-1.1291,-0.342063
121,-3.16904,-1.08615,-0.357046
121,-2.17539,0.114802,-1.03525
121,-3.17127,-0.963516,-0.354286
121,-3.17416,-0.963029,-0.353385
121,-3.19977,-0.979167,-0.361461
121,-3.18664,-0.917435,-0.50475
121,-3.23937,-0.878005,-0.527147
121,-2.80812,0.448811,0.279705
121,-2.82143,0.449487,0.294559
121,-2.82093,0.453802,0.292133
121,-2.81538,0.471003,0.291004
121,-2.82865,0.501253,0.355523
121,-2.82237,0.477573,0.279116
121,-3.4194,-0.921269,-0.389147
121,-2.80296,0.527486,0.302179
121,-2.82573,0.481713,0.286104
121,-2.84582,0.5172,0.379498
121,-3.43388,-0.913486,-0.386059
121,-2.83911,0.501686,0.288535
121,-2.82304,0.534685,0.288154
121,-2.82507,0.561564,0.274564
121,-2.83611,0.551556,0.285865
121,-2.84078,0.564899,0.285406
121,-3.35986,-0.669988,-0.395818
121,-3.58499,-0.494021,-0.460223
121,-3.84078,-0.342016,-0.52884
121,-4.38567,-0.0536747,-0.678207
121,-4.64853,-0.125005,-0.686395
121,-2.73431,-1.39284,-0.233239
120,-2.73431,-1.39284,-0.233239
121,-2.62301,-1.72467,-0.216929
120,-2.62301,-1.72467,-0.216929
121,-2.58964,-2.31522,-0.306295
120,-2.58964,-2.31522,-0.306295
121,-3.04122,0.644499,0.265956
120,-3.04122,0.644499,0.265956
121,-2.40715,-0.773072,-0.607681
120,-2.40715,-0.773072,-0.607681
121,-2.81155,-1.43344,0.443283
120,-2.81155,-1.43344,0.443283
121,-2.72543,-1.49058,0.444424
120,-2.72543,-1.49058,0.444424
121,-2.67652,-1.64927,-0.216817
120,-2.67652,-1.64927,-0.216817
121,-2.27643,0.00232096,0.328947
120,-2.27643,0.00232096,0.328947
121,-2.74397,0.777206,0.316365
120,-2.74397,0.777206,0.316365
121,-2.42548,-2.76816,0.319572
120,-2.42548,-2.76816,0.319572
121,-2.24397,-2.77759,0.330386
120,-2.24397,-2.77759,0.330386
121,-2.41374,-0.754334,-0.580189
119,-2.41374,-0.754334,-0.580189
121,-2.24007,-2.27505,-0.0599141
119,-2.24007,-2.27505,-0.0599141
121,-2.47977,-2.76764,0.560826
113,-2.47977,-2.76764,0.560826
121,-2.66208,-1.67593,-0.566182
115,-2.66208,-1.67593,-0.566182
121,-2.73065,-2.24379,-0.24008
97,-2.73065,-2.24379,-0.24008
121,-2.68434,-2.2614,-0.22492
97,-2.68434,-2.2614,-0.22492
121,-2.67279,-2.25868,-0.220257
97,-2.67279,-2.25868,-0.220257
121,-2.52742,-2.73273,0.575873
97,-2.52742,-2.73273,0.575873
121,-2.60752,-1.61784,-0.189385
99,-2.60752,-1.61784,-0.189385
121,-2.53826,-1.62481,-0.165984
99,-2.53826,-1.62481,-0.165984
121,-2.56926,-1.62212,-0.173952
99,-2.56926,-1.62212,-0.173952
121,-2.47839,-1.63006,-0.150582
99,-2.47839,-1.63006,-0.150582
121,-2.68785,-1.60887,-0.221787
99,-2.68785,-1.60887,-0.221787
121,-2.74884,-1.60288,-0.241442
99,-2.74884,-1.60288,-0.241442
122,-0.87918,-1.43333,-0.56765
122,-0.891236,-1.44591,-0.589649
122,-0.891977,-1.43145,-0.571601
122,-0.894321,-1.43265,-0.572186
122,-1.42661,-2.24607,-0.613632
122,-0.890728,-1.43838,-0.591565
122,-0.903578,-1.43902,-0.575629
122,-0.89421,-1.42453,-0.576029
122,-0.961892,-1.42232,-0.445371
122,-0.91335,-1.42628,-0.58424
122,-0.968005,-1.41069,-0.450466
122,-0.965844,-1.41077,-0.466848
122,-0.942172,-1.40837,-0.543395
122,-1.0215,-1.37424,-0.347096
122,-1.46414,-2.22395,-0.65104
122,-1.04769,-1.36701,-0.319791
122,-1.04769,-1.37406,-0.331446
122,-1.04292,-1.39089,-0.372446
122,-1.04342,-1.38744,-0.369778
122,-1.0634,-1.36452,-0.293819
122,-1.05828,-1.36353,-0.304728
122,-1.05128,-1.37186,-0.334289
122,-1.05149,-1.39071,-0.364114
122,-1.06083,-1.36593,-0.30923
122,-1.08507,-1.36143,-0.255959
122,-1.06571,-1.38717,-0.338214
122,-1.05247,-1.3858,-0.364753
122,-1.07433,-1.36259,-0.284555
122,-1.03917,-1.33133,-0.315131
122,-1.0534,-1.36839,-0.339192
122,-1.06194,-1.37853,-0.336404
122,-1.08861,-1.35792,-0.256902
122,-1.07831,-1.37088,-0.304091
122,-1.10437,-1.35927,-0.235246
122,-1.07922,-1.35645,-0.290136
122,-1.09759,-1.3759,-0.280177
122,-1.11226,-1.34574,-0.211581
122,-1.10992,-1.36497,-0.246699
122,-1.05661,-1.36211,-0.360142
122,-1.0741,-1.37242,-0.338049
122,-1.05947,-1.37258,-0.369926
122,-1.09371,-1.34804,-0.263703
122,-1.0621,-1.36454,-0.355998
122,-1.06211,-1.36953,-0.364248
122,-1.10831,-1.3486,-0.240464
122,-1.08246,-1.35976,-0.313651
122,-1.10924,-1.34515,-0.235974
122,-1.0697,-1.36186,-0.345536
122,-1.08182,-1.35188,-0.307088
122,-1.05118,-1.31077,-0.316198
122,-1.12273,-1.34475,-0.212447
122,-1.1005,-1.36339,-0.290986
122,-1.08541,-1.35174,-0.306597
122,-1.1018,-1.35647,-0.28381
122,-1.10519,-1.36221,-0.287586
122,-1.11255,-1.35277,-0.258106
122,-1.13132,-1.33493,-0.194048
122,-1.10286,-1.35979,-0.291951
122,-1.09806,-1.33495,-0.26815
122,-1.11385,-1.34563,-0.251412
122,-1.1085,-1.36009,-0.284431
122,-1.11385,-1.35096,-0.260014
122,-1.14655,-1.33281,-0.16652
122,-1.12917,-1.35757,-0.240029
122,-1.10112,-1.33528,-0.269225
122,-1.13053,-1.35415,-0.235497
122,-1.14081,-1.33548,-0.187578
122,-1.11429,-1.33831,-0.24945
122,-1.17423,-1.30532,-0.0780603
122,-1.16497,-1.33624,-0.143308
122,-1.17104,-1.30143,-0.0822146
122,-1.1454,-1.34861,-0.207823
122,-1.16429,-1.33216,-0.143923
122,-1.13322,-1.35345,-0.242497
122,-1.17186,-1.29874,-0.081223
122,-1.14434,-1.34451,-0.210315
122,-1.14723,-1.33695,-0.195925
122,-1.16429,-1.33513,-0.157322
122,-1.17734,-1.3291,-0.129564
122,-1.16188,-1.34625,-0.188731
122,-1.15786,-1.29325,-0.120544
122,-1.1663,-1.34733,-0.182037
122,-1.17692,-1.29058,-0.0780001
122,-1.18077,-1.32974,-0.132246
122,-1.16457,-1.34562,-0.192901
122,-1.19149,-1.31102,-0.0876109
122,-1.18649,-1.31716,-0.114885
122,-1.19385,-1.32777,-0.115623
122,-1.17301,-1.33672,-0.173723
122,-1.17383,-1.31751,-0.145038
122,-1.17427,-1.31997,-0.149011
122,-1.18249,-1.32759,-0.150028
122,-1.17092,-1.27227,-0.0988016
122,-1.19322,-1.32433,-0.133951
122,-1.21532,-1.32914,-0.0941968
122,-1.20004,-1.29886,-0.0840508
122,-1.1912,-1.32341,-0.139152
122,-1.20003,-1.32491,-0.125931
122,-1.19176,-1.31257,-0.130624
122,-1.21764,-1.32544,-0.101216
122,-1.18599,-1.30992,-0.152707
122,-1.2369,-1.27525,0.00201371
122,-1.17279,-1.24778,-0.103529
122,-1.19719,-1.30806,-0.139771
122,-1.23679,-1.26633,0.00563374
122,-1.24742,-1.25421,0.0373051
122,-1.22037,-1.31446,-0.110601
122,-1.00399,-1.14584,-0.330458
122,-1.22164,-1.24878,-0.0176209
122,-1.2241,-1.31111,-0.113504
122,-1.15644,-1.19496,-0.092261
122,-1.2441,-1.25831,0.00332174
122,-1.22188,-1.30683,-0.117271
122,-1.22382,-1.30418,-0.114434
122,-1.02404,-1.1518,-0.337005
122,-1.15308,-1.17837,-0.100796
122,-1.03259,-1.14383,-0.313431
122,-1.25238,-1.23439,0.0228727
122,-1.02457,-1.14549,-0.345144
122,-1.17953,-1.13695,-0.00597572
122,-1.16155,-1.16915,-0.0964851
122,-1.32064,-1.24894,0.125428
122,-1.30438,-1.24174,0.100514
122,-1.29806,-1.23515,0.0955427
122,-1.29626,-1.19481,0.139554
122,-1.06937,-1.16693,-0.308367
122,-1.43062,-1.22762,0.378423
122,-1.32429,-1.23226,0.139473
122,-1.30031,-1.20841,0.116676
122,-1.29555,-1.18483,0.137892
122,-1.30543,-1.22313,0.103398
122,-1.10912,-1.11417,-0.159629
122,-1.29716,-1.18664,0.136958
122,-1.0217,-1.08376,-0.311875
122,-1.32611,-1.20659,0.161056
122,-1.38872,-1.16146,0.360606
122,-1.07253,-1.15063,-0.317459
122,-1.44533,-1.23669,0.356478
122,-1.33007,-1.21333,0.138952
122,-1.45229,-1.23095,0.371692
122,-1.44075,-1.19703,0.378134
122,-1.45894,-1.21636,0.384617
122,-1.31165,-1.16948,0.135317
122,-1.39545,-1.13465,0.359051
122,-1.11886,-1.0876,-0.16892
122,-1.44378,-1.19128,0.377308
122,-1.20385,-1.17755,-0.120943
122,-1.33253,-1.17643,0.156104
122,-1.45148,-1.19328,0.386213
122,-1.44551,-1.20098,0.356901
122,-1.32463,-1.18373,0.121229
122,-1.44574,-1.18606,0.377472
122,-1.44715,-1.19933,0.360601
122,-1.45997,-1.19982,0.386397
122,-1.53517,-1.23851,0.489766
122,-1.45046,-1.19133,0.375357
122,-1.32215,-1.16997,0.120468
122,-1.55226,-1.24153,0.481117
122,-1.48764,-1.26616,0.298136
122,-1.48353,-1.25893,0.298099
122,-1.4825,-1.25965,0.288184
122,-1.4886,-1.25917,0.299318
122,-1.48685,-1.26299,0.288174
122,-1.5581,-1.23372,0.481294
122,-1.49155,-1.26122,0.298067
122,-1.50264,-1.27193,0.299354
122,-1.49673,-1.26123,0.298034
122,-1.49238,-1.2539,0.295829
122,-1.50368,-1.2484,0.297877
122,-1.50362,-1.23815,0.295595
122,-1.18607,-0.924219,-0.10846
122,-1.19346,-0.918746,-0.104629
122,-1.19667,-0.905578,-0.113425
122,-1.19934,-0.893179,-0.0945416
122,-1.34079,-0.877159,0.173747
122,-1.28186,-0.844568,0.0817831
122,-1.27165,-0.84021,0.0648081
122,-1.34851,-0.89364,0.140613
122,-1.32476,-0.862356,0.12838
122,-1.35023,-0.868394,0.174163
122,-1.34332,-0.861894,0.167584
122,-1.32403,-0.861373,0.12327
122,-1.20071,-0.819298,-0.0978753
122,-1.33287,-0.86259,0.122352
122,-1.32891,-0.854511,0.123413
122,-1.17144,-0.862292,-0.227368
122,-1.34846,-0.872574,0.136413
122,-1.49113,-0.883024,0.389593
122,-1.20698,-0.800958,-0.105736
122,-1.4791,-0.86754,0.370192
122,-2.48514,-2.40122,0.289031
122,-1.49807,-0.873659,0.391017
122,-1.49708,-0.871126,0.386305
122,-1.48809,-0.86179,0.375117
122,-1.47314,-0.845577,0.365033
122,-2.48457,-2.39426,0.280533
122,-1.48529,-0.861476,0.361162
122,-1.521,-0.877621,0.408393
122,-1.48029,-0.837971,0.372081
122,-1.16463,-0.810563,-0.266681
122,-1.49155,-0.850385,0.365434
122,-2.50508,-2.40185,0.270961
122,-1.4947,-0.860118,0.343352
122,-2.51044,-2.3984,0.286139
122,-1.18188,-0.799054,-0.240915
122,-1.18816,-0.800939,-0.23542
122,-2.50859,-2.3941,0.276904
122,-2.50345,-2.38995,0.270779
122,-1.39887,-0.840894,0.152286
122,-1.53614,-0.852296,0.406904
122,-2.52338,-2.39224,0.281068
122,-1.50334,-0.836912,0.340571
122,-2.33586,-2.76213,-0.674691
122,-2.40128,-2.38753,-0.0124358
122,-2.56244,-2.382,0.276312
122,-2.35946,-2.69118,-0.657408
122,-2.2277,-2.4204,-0.585057
122,-2.23892,-2.43477,-0.584193
122,-2.25649,-2.46226,-0.59432
122,-2.2616,-2.46499,-0.59585
122,-2.23142,-2.40641,-0.596904
122,-2.34406,-2.36895,-0.311696
122,-2.26289,-2.42993,-0.594653
122,-2.24911,-2.39403,-0.578946
122,-2.23255,-2.38191,-0.598277
122,-2.26731,-2.43084,-0.598324
122,-2.26312,-2.40152,-0.565998
122,-1.78291,-1.74282,-0.639234
122,-2.24459,-2.39921,-0.609279
122,-2.31889,-2.3615,-0.405141
122,-2.36018,-2.35882,-0.321987
122,-2.27344,-2.39947,-0.567856
122,-2.32784,-2.36262,-0.408017
122,-2.2495,-2.38852,-0.615102
122,-2.32702,-2.35401,-0.427446
122,-1.8135,-1.72779,-0.659401
122,-2.1738,-1.74499,-0.0434621
122,-1.86748,-1.72068,-0.680793
122,-2.21436,-1.76011,-0.0694558
122,-2.3976,-2.03606,-0.177982
122,-2.26348,-1.80506,-0.160346
122,-2.28066,-2.14457,-0.622287
122,-2.30023,-2.14027,-0.612231
122,-2.30095,-2.14589,-0.622327
122,-2.30679,-2.15983,-0.650584
122,-2.30891,-2.12707,-0.609847
122,-2.30514,-2.11926,-0.610528
122,-1.92494,-1.64029,-0.743569
122,-2.31877,-2.11589,-0.605977
122,-2.60985,-2.27937,-0.345077
122,-2.61433,-2.27205,-0.333244
122,-2.63528,-2.27626,-0.320699
122,-2.62437,-2.27048,-0.336244
122,-2.325,-1.65515,-0.102081
122,-2.51453,-1.99432,-0.206653
122,-2.32495,-1.67242,-0.167486
122,-2.29524,-1.57846,-0.108871
122,-2.67707,-2.28277,-0.342773
122,-1.65216,-0.892106,-0.555216
122,-2.55453,-1.97548,-0.218727
122,-2.5596,-1.97263,-0.210506
122,-2.42482,-1.70033,-0.177892
122,-2.90836,-2.28374,-0.0135559
122,-2.38201,-1.56495,-0.135828
122,-2.75654,-2.26563,-0.359617
122,-1.67758,-0.821015,-0.5876
122,-2.56865,-1.97184,-0.366985
122,-1.68958,-0.793673,-0.596742
122,-2.73296,-2.19703,-0.413163
122,-2.45295,-1.90166,-0.606944
122,-2.74742,-2.20373,-0.420274
122,-2.46431,-1.94813,-0.665234
122,-2.78273,-2.20505,-0.416885
122,-2.77858,-2.17692,-0.421188
122,-2.51072,-1.86248,-0.606188
122,-2.91733,-2.25735,-0.330388
122,-2.52572,-1.84736,-0.591503
122,-2.6538,-1.99625,-0.583961
122,-2.56224,-1.83902,-0.602576
122,-2.55124,-1.81611,-0.609907
122,-2.46044,-1.3508,-0.178295
122,-2.57343,-1.80034,-0.607533
122,-2.95316,-2.15427,-0.346486
122,-2.58091,-1.7293,-0.606255
122,-2.53637,-1.35589,-0.173584
122,-2.5911,-1.72319,-0.593689
122,-2.59502,-1.7187,-0.594841
122,-2.55691,-1.40705,-0.225178
122,-2.57706,-1.50418,-0.32608
122,-2.54873,-1.24501,-0.127857
122,-2.58951,-1.37147,-0.224603
122,-2.54232,-1.24935,-0.152728
122,-2.63193,-1.66492,-0.57238
122,-2.62953,-1.65856,-0.585492
122,-2.66223,-1.58383,-0.582002
122,-2.65327,-1.54873,-0.59884
122,-2.68562,-1.56904,-0.592306
122,-2.6771,-1.54786,-0.600303
122,-2.63645,-1.46234,-0.59255
122,-2.6357,-1.45876,-0.594303
122,-2.6721,-1.49671,-0.578953
122,-2.6696,-1.49149,-0.579287
122,-2.70559,-1.55774,-0.600822
122,-2.6329,-1.26451,-0.345149
122,-2.5604,-1.31329,-0.57868
122,-2.63378,-1.24962,-0.341597
122,-2.56242,-1.30603,-0.5857
122,-2.57085,-1.30724,-0.569469
122,-3.15728,-1.99515,-0.318526
122,-2.60218,-1.16709,-0.321571
122,-2.60165,-1.32666,-0.565878
122,-2.62973,-0.79806,0.256121
122,-2.64586,-0.807022,0.261499
122,-2.60804,-1.13921,-0.31807
122,-2.68628,-1.41533,-0.562108
122,-2.63383,-1.34126,-0.587196
122,-2.62504,-1.30979,-0.569859
122,-2.59463,-1.28137,-0.59479
122,-2.63245,-1.33507,-0.594301
122,-2.60424,-1.10119,-0.320872
122,-2.61294,-1.11367,-0.322594
122,-2.5994,-1.26762,-0.575576
122,-2.63932,-1.33461,-0.590164
122,-2.64793,-1.33727,-0.584632
122,-2.68733,-1.3659,-0.550599
122,-2.42629,-0.816244,-0.313189
122,-2.69808,-1.35464,-0.550357
122,-2.61791,-1.2543,-0.591944
122,-2.84385,-0.729741,0.614394
122,-2.73072,-1.37651,-0.589359
122,-2.70848,-1.27448,-0.495692
122,-2.84249,-0.736706,0.555534
122,-2.6934,-1.23119,-0.499154
122,-2.84389,-0.743385,0.529136
122,-2.72027,-1.26839,-0.501577
122,-2.40178,-0.809708,-0.520473
122,-2.78916,-0.837471,0.269706
122,-2.66378,-1.227,-0.589496
122,-2.65019,-1.02317,-0.340783
122,-2.83707,-0.727598,0.489597
122,-2.7149,-1.22085,-0.508637
122,-2.70761,-0.897476,-0.0547505
122,-3.28568,-1.92707,-0.315319
122,-2.64453,-1.16345,-0.587757
122,-2.83069,-0.744207,0.407402
122,-2.83056,-0.747213,0.401721
122,-2.82907,-0.748106,0.394903
122,-2.76771,-0.808089,0.168976
122,-2.67036,-0.952384,-0.263844
122,-2.61167,-0.894654,-0.306702
122,-2.67152,-0.998767,-0.341173
122,-2.68142,-0.822612,-0.0756838
122,-2.61985,-0.864441,-0.282286
122,-2.6827,-0.80079,-0.0775708
122,-2.67024,-0.802482,-0.11383
122,-2.68285,-1.13321,-0.57761
122,-2.5817,-0.829913,-0.354567
122,-2.61909,-1.04248,-0.597716
122,-2.66318,-0.782313,-0.150107
122,-2.69913,-1.1245,-0.586982
122,-2.72016,-0.78809,-0.0674835
122,-2.71632,-0.790583,-0.0821266
122,-2.64897,-0.778829,-0.211023
122,-2.63804,-0.893351,-0.425661
122,-2.70677,-0.886633,-0.354158
122,-2.72561,-0.863736,-0.299442
122,-2.68288,-0.779708,-0.270896
122,-2.72536,-0.86123,-0.305257
122,-2.72534,-0.860494,-0.306888
122,-2.31595,-0.377783,-0.49551
122,-2.74855,-0.874801,-0.289894
122,-2.87568,-0.528559,0.476349
122,-2.68391,-0.776746,-0.299155
122,-2.71784,-0.775166,-0.230968
122,-2.31936,-0.370103,-0.502885
122,-2.88,-0.537863,0.43833
122,-2.88171,-0.540066,0.434105
122,-2.73024,-0.937205,-0.48169
122,-2.73692,-0.927067,-0.477193
122,-2.72147,-0.768008,-0.288022
122,-2.90641,-0.504201,0.491055
122,-2.84303,-0.535396,0.291743
122,-2.85725,-0.536657,0.317819
122,-2.93501,-0.503662,0.509467
122,-2.91877,-0.52939,0.436707
122,-2.86034,-0.520976,0.303484
122,-2.92658,-0.471789,0.515696
122,-2.94131,-0.489625,0.515911
122,-2.93032,-0.470553,0.518777
122,-2.86357,-0.492619,0.328725
122,-2.87563,-0.523983,0.303483
122,-2.9201,-0.607268,0.275825
122,-2.87497,-0.513972,0.304653
122,-2.87493,-0.511707,0.307003
122,-2.43015,-0.470155,-0.596754
122,-2.85327,-0.489668,0.278887
122,-2.96496,-0.43929,0.547505
122,-2.92753,-0.557438,0.267842
122,-2.75402,-0.79127,-0.481411
122,-2.74904,-0.763816,-0.484572
122,-2.79523,-0.601483,-0.57774
122,-2.76864,0.373518,0.299072
122,-2.86343,0.591403,0.299326
122,-2.98085,0.783191,0.279894
122,-1.99819,1.73452,-0.535931
122,-2.93573,3.47123,0.174389
122,-2.87922,-1.42369,-0.206196
121,-2.87922,-1.42369,-0.206196
122,-3.00841,-0.839682,-0.462959
121,-3.00841,-0.839682,-0.462959
122,-2.62587,-1.15913,-0.331822
121,-2.62587,-1.15913,-0.331822
122,-3.00101,-0.641714,0.237736
121,-3.00101,-0.641714,0.237736
122,-2.63316,-1.19277,-0.174796
121,-2.63316,-1.19277,-0.174796
122,-2.2303,-2.47891,-0.578406
121,-2.2303,-2.47891,-0.578406
122,-2.43438,-0.539478,-0.576401
121,-2.43438,-0.539478,-0.576401
122,-2.48209,-1.28724,-0.285463
121,-2.48209,-1.28724,-0.285463
122,-2.55641,-1.51541,-0.181501
121,-2.55641,-1.51541,-0.181501
122,-1.33792,-1.10046,0.134333
121,-1.33792,-1.10046,0.134333
122,-1.30685,-1.21831,0.101852
121,-1.30685,-1.21831,0.101852
122,-1.43399,-0.977679,0.303261
121,-1.43399,-0.977679,0.303261
122,-1.50804,-0.88909,0.360314
121,-1.50804,-0.88909,0.360314
122,-2.64188,-0.766352,0.223845
120,-2.64188,-0.766352,0.223845
122,-2.52925,-0.88733,0.240312
120,-2.52925,-0.88733,0.240312
122,-2.70369,-0.848976,0.236726
120,-2.70369,-0.848976,0.236726
122,-2.57149,-1.96551,-0.307852
120,-2.57149,-1.96551,-0.307852
122,-2.23845,-2.47494,-0.599283
120,-2.23845,-2.47494,-0.599283
122,-2.15607,-2.19031,-0.50342
120,-2.15607,-2.19031,-0.50342
122,-2.69856,-1.14461,-0.579746
113,-2.69856,-1.14461,-0.579746
122,-2.42292,-2.0768,-0.48919
108,-2.42292,-2.0768,-0.48919
122,-2.28636,-1.67271,-0.0963827
99,-2.28636,-1.67271,-0.0963827
122,-2.66853,-1.94888,-0.401913
97,-2.66853,-1.94888,-0.401913
122,-2.6029,-1.94045,-0.368604
97,-2.6029,-1.94045,-0.368604
122,-2.59784,-1.89564,-0.652746
97,-2.59784,-1.89564,-0.652746
122,-1.12411,-1.37303,-0.221661
100,-1.12411,-1.37303,-0.221661
123,-1.08595,-2.19311,-0.589888
123,-0.866803,-1.86533,-0.602982
123,-1.18366,-2.29216,-0.59071
123,-0.817589,-1.69808,-0.5081
123,-0.994364,-2.01407,-0.620456
123,-0.947133,-1.93406,-0.626771
123,-1.29978,-2.39363,-0.611219
123,-1.39572,-2.50909,-0.610834
123,-1.40626,-2.5069,-0.626201
123,-1.57381,-2.70351,-0.657533
123,-1.3804,-1.45444,0.304621
123,-1.39623,-1.4426,0.307603
123,-1.39374,-1.41396,0.304971
123,-0.906825,-1.42247,-0.589321
123,-0.89873,-1.39985,-0.586623
123,-0.906417,-1.40614,-0.59616
123,-0.888866,-1.39971,-0.621947
123,-1.06601,-1.37267,-0.292695
123,-0.896552,-1.3767,-0.597469
123,-0.908296,-1.40676,-0.616203
123,-1.4406,-1.39702,0.308885
123,-0.914333,-1.39819,-0.607515
123,-1.06943,-1.36308,-0.297468
123,-1.12029,-1.37205,-0.227725
123,-1.01922,-1.37975,-0.414998
123,-1.07539,-1.35624,-0.295856
123,-1.07432,-1.34615,-0.286002
123,-1.06997,-1.36088,-0.31446
123,-1.02021,-1.37613,-0.419314
123,-1.12033,-1.3657,-0.233536
123,-1.04399,-1.37275,-0.375215
123,-1.04835,-1.35072,-0.341701
123,-0.910715,-1.3907,-0.628969
123,-1.05411,-1.36888,-0.3553
123,-1.15655,-1.29714,-0.0909719
123,-1.10393,-1.3402,-0.234933
123,-1.11554,-1.33794,-0.212119
123,-0.907532,-1.38623,-0.630894
123,-1.04044,-1.34544,-0.352431
123,-1.17408,-1.31632,-0.0891176
123,-1.12506,-1.33109,-0.192184
123,-1.0739,-1.35853,-0.314224
123,-1.10111,-1.35326,-0.261599
123,-1.13408,-1.33406,-0.18245
123,-1.05088,-1.35955,-0.357805
123,-1.02055,-1.30904,-0.349602
123,-1.14489,-1.33902,-0.177008
123,-1.13447,-1.3433,-0.200394
123,-1.14945,-1.35278,-0.186741
123,-1.17597,-1.31312,-0.0924695
123,-1.11841,-1.35331,-0.243197
123,-1.04433,-1.33907,-0.357758
123,-1.15735,-1.32516,-0.146862
123,-1.13789,-1.3314,-0.189158
123,-1.14722,-1.33743,-0.181353
123,-1.1509,-1.34858,-0.190386
123,-1.02225,-1.29197,-0.351213
123,-1.11489,-1.34549,-0.25895
123,-1.13589,-1.33998,-0.219072
123,-1.12416,-1.34635,-0.248291
123,-1.1525,-1.32909,-0.182046
123,-1.18582,-1.31238,-0.112196
123,-1.17587,-1.31429,-0.134025
123,-1.18941,-1.31563,-0.127673
123,-1.18324,-1.3178,-0.145897
123,-1.18775,-1.32909,-0.155697
123,-1.21301,-1.32642,-0.109441
123,-1.20458,-1.32264,-0.120842
123,-0.986969,-1.33348,-0.512662
123,-1.20438,-1.32543,-0.128512
123,-1.18058,-1.31625,-0.15973
123,-1.19094,-1.3137,-0.142748
123,-1.20649,-1.31805,-0.122085
123,-0.993395,-1.32597,-0.505046
123,-1.21601,-1.31008,-0.115493
123,-1.44364,-1.23324,0.360943
123,-1.51674,-2.12238,-0.601771
123,-1.4067,-1.2311,0.297453
123,-1.5144,-2.1006,-0.57989
123,-1.39679,-1.22582,0.284322
123,-1.27521,-1.31686,-0.0457456
123,-1.4106,-1.22544,0.294478
123,-1.40669,-1.22128,0.292166
123,-0.866368,-1.13695,-0.545396
123,-1.17413,-1.13199,-0.0136651
123,-1.31982,-1.1936,0.160798
123,-1.29271,-1.31965,-0.0440446
123,-0.869263,-1.12849,-0.548326
123,-1.16085,-1.11312,-0.027215
123,-1.33004,-1.18649,0.174577
123,-1.31072,-1.21887,0.100747
123,-1.29554,-1.16907,0.134289
123,-0.911519,-1.10249,-0.448525
123,-2.02041,-2.78973,-0.594121
123,-1.15619,-1.16038,-0.0989884
123,-1.13658,-1.12981,-0.0977304
123,-1.32804,-1.21404,0.127127
123,-1.32582,-1.21502,0.121026
123,-1.13717,-1.12065,-0.0921825
123,-1.00329,-1.12574,-0.33144
123,-1.43785,-1.20074,0.328159
123,-1.30488,-1.16921,0.136287
123,-1.79414,-2.46962,-0.60822
123,-1.30901,-1.20409,0.0971687
123,-1.32952,-1.20742,0.127926
123,-1.13974,-1.12339,-0.0984742
123,-1.32977,-1.182,0.157683
123,-1.29031,-1.11995,0.164082
123,-1.26426,-1.10801,0.130904
123,-1.47421,-1.26994,0.293681
123,-1.16242,-1.15388,-0.106379
123,-1.26747,-1.11389,0.124032
123,-1.03022,-1.19642,-0.388162
123,-0.910435,-1.09188,-0.467568
123,-1.26821,-1.11296,0.124822
123,-0.992549,-1.10903,-0.347201
123,-1.31168,-1.15964,0.141451
123,-0.879701,-1.12911,-0.569114
123,-0.902119,-1.08382,-0.475504
123,-1.3366,-1.19326,0.141281
123,-1.47442,-1.26093,0.295601
123,-1.16433,-1.14595,-0.108014
123,-1.02744,-1.12521,-0.321351
123,-1.00892,-1.11563,-0.341829
123,-1.29548,-1.10744,0.163094
123,-1.00699,-1.11079,-0.340898
123,-1.26915,-1.10248,0.121914
123,-1.2942,-1.0975,0.170211
123,-1.30394,-1.15757,0.113467
123,-1.31056,-1.16247,0.116711
123,-0.991369,-1.09232,-0.35446
123,-1.31433,-1.16109,0.11678
123,-1.06703,-1.1564,-0.310907
123,-1.29287,-1.10439,0.141611
123,-1.14906,-1.09704,-0.0985566
123,-0.916595,-1.0731,-0.474928
123,-1.02624,-1.12465,-0.352601
123,-1.02479,-1.12319,-0.353431
123,-1.03727,-1.17734,-0.399044
123,-0.913165,-1.06383,-0.480833
123,-1.06849,-1.14417,-0.311744
123,-1.05939,-1.16302,-0.358527
123,-1.0407,-1.16874,-0.403042
123,-1.00846,-1.05651,-0.331232
123,-1.16042,-1.08234,-0.10252
123,-1.04435,-1.15415,-0.402282
123,-1.07583,-1.12962,-0.322851
123,-1.01351,-1.0422,-0.336813
123,-1.05265,-1.11886,-0.366783
123,-1.01643,-1.03412,-0.33422
123,-1.05036,-1.14365,-0.413437
123,-1.04911,-1.14159,-0.414554
123,-1.0756,-1.14202,-0.37099
123,-1.07734,-1.14071,-0.370961
123,-1.0259,-1.01767,-0.335123
123,-1.56136,-1.8807,-0.516519
123,-1.55911,-1.87801,-0.518166
123,-1.12887,-1.39427,-0.689255
123,-1.03971,-0.933895,-0.343783
123,-1.04485,-0.923128,-0.336308
123,-1.07545,-0.905246,-0.304029
123,-1.05046,-0.901792,-0.345373
123,-1.19406,-0.898239,-0.0976767
123,-1.04806,-0.883621,-0.346835
123,-1.36676,-0.910026,0.160514
123,-1.05078,-0.878389,-0.347682
123,-1.05316,-0.879383,-0.348403
123,-1.3423,-0.85922,0.172008
123,-2.21422,-2.70734,-0.583023
123,-1.34202,-0.902566,0.110207
123,-1.32176,-0.858733,0.127097
123,-1.47407,-0.874288,0.361637
123,-1.04804,-0.856668,-0.358615
123,-1.19603,-0.860835,-0.109684
123,-1.34,-0.867583,0.129729
123,-1.34428,-0.864783,0.139458
123,-1.32343,-0.827597,0.13978
123,-0.910678,-0.802,-0.54551
123,-1.36198,-0.851042,0.174743
123,-1.22564,-0.875767,-0.0925512
123,-1.34863,-0.88112,0.108362
123,-1.33268,-0.864805,0.0992755
123,-1.08898,-0.854244,-0.319669
123,-1.10269,-0.856727,-0.301211
123,-1.50068,-0.8571,0.381536
123,-1.21406,-0.847778,-0.106459
123,-1.50064,-0.852722,0.379259
123,-0.921878,-0.792347,-0.547737
123,-0.920332,-0.785205,-0.543642
123,-1.58347,-1.6988,-0.526545
123,-1.10677,-0.840375,-0.30595
123,-1.67412,-1.82396,-0.561202
123,-1.0806,-0.800792,-0.338079
123,-1.16213,-0.829131,-0.266445
123,-1.1831,-0.848838,-0.255014
123,-0.958288,-0.779573,-0.55961
123,-0.964175,-0.761544,-0.559173
123,-0.962052,-0.741611,-0.57582
123,-1.20908,-1.24328,-0.802943
123,-1.2259,-1.20714,-0.756407
123,-2.32575,-2.36361,-0.312314
123,-0.977243,-0.702236,-0.620415
123,-2.20639,-2.40631,-0.58865
123,-2.22836,-2.42909,-0.581187
123,-2.23024,-2.42974,-0.588752
123,-2.20501,-2.39239,-0.595435
123,-0.967586,-0.5937,-0.538906
123,-2.22742,-2.39282,-0.569605
123,-2.30321,-2.35597,-0.401715
123,-1.15359,-0.59603,-0.241751
123,-1.15407,-0.590194,-0.24821
123,-2.31152,-2.35079,-0.409609
123,-2.27305,-2.45708,-0.608866
123,-0.978644,-0.555727,-0.55812
123,-2.29565,-2.38021,-0.516232
123,-1.16326,-0.545967,-0.248242
123,-2.308,-2.38005,-0.522358
123,-1.37463,-1.14038,-0.632479
123,-1.3804,-1.12741,-0.636306
123,-1.17491,-0.54344,-0.289381
123,-1.12982,-0.502378,-0.338749
123,-2.46707,-2.32997,-0.280521
123,-1.40403,-1.09152,-0.660036
123,-2.49741,-2.31388,-0.285387
123,-1.15791,-0.464131,-0.343831
123,-1.15898,-0.4537,-0.338355
123,-2.24162,-2.18746,-0.596395
123,-2.25461,-2.11552,-0.566256
123,-2.27517,-2.1326,-0.580019
123,-2.50907,-2.25174,-0.33553
123,-2.62055,-2.31276,-0.228564
123,-2.5574,-2.28535,-0.307928
123,-2.56127,-2.28634,-0.312847
123,-2.52509,-2.23177,-0.345728
123,-2.53102,-2.23993,-0.350137
123,-2.34345,-2.12802,-0.594493
123,-2.57029,-2.23997,-0.372625
123,-2.36094,-1.95442,-0.601608
123,-2.97386,-2.07298,0.271477
123,-2.41417,-1.90872,-0.577308
123,-2.57772,-2.11543,-0.549983
123,-2.43334,-1.92073,-0.582452
123,-2.63712,-1.9359,-0.250255
123,-2.43512,-1.90721,-0.580483
123,-2.65346,-1.93121,-0.251887
123,-2.44384,-1.90582,-0.584979
123,-2.45502,-1.90376,-0.586849
123,-2.69171,-1.96649,-0.424425
123,-2.69119,-1.96347,-0.428214
123,-2.62575,-2.00234,-0.597792
123,-2.627,-2.00079,-0.597409
123,-2.70649,-1.94588,-0.400871
123,-2.52842,-1.84097,-0.593531
123,-2.71635,-1.94446,-0.400583
123,-1.73105,-0.732931,-0.624385
123,-2.70472,-1.91725,-0.391306
123,-2.63838,-1.99562,-0.602182
123,-2.54065,-1.84306,-0.597647
123,-2.66223,-2.00793,-0.589153
123,-1.73703,-0.722027,-0.634861
123,-2.66565,-2.00074,-0.594406
123,-2.70487,-1.89178,-0.401282
123,-2.71534,-1.88792,-0.403264
123,-2.7388,-1.90194,-0.391778
123,-2.73405,-1.89345,-0.395603
123,-2.74234,-1.89296,-0.395451
123,-2.60771,-1.85034,-0.593277
123,-2.57065,-1.72032,-0.590972
123,-2.65347,-1.73112,-0.574181
123,-2.60493,-1.59994,-0.561769
123,-2.60239,-1.51733,-0.594903
123,-2.54323,-1.43135,-0.598106
123,-2.66441,-1.49888,-0.573538
123,-2.61621,-1.33937,-0.584869
123,-2.6135,-1.3115,-0.561104
123,-2.57919,-1.27418,-0.582671
123,-2.58849,-1.28908,-0.592134
123,-2.59719,-0.862569,-0.0679171
123,-2.5999,-0.861825,-0.0683195
123,-2.61336,-1.29063,-0.576841
123,-2.3347,-0.84191,-0.534598
123,-2.52217,-1.10901,-0.555619
123,-2.66256,-1.33602,-0.592872
123,-2.49799,-0.876739,-0.325941
123,-2.64678,-1.29308,-0.579211
123,-2.35529,-0.849094,-0.570249
123,-2.61728,-1.19048,-0.5417
123,-2.61458,-1.19187,-0.551673
123,-2.61527,-1.19448,-0.562159
123,-2.62864,-1.19478,-0.550719
123,-2.72826,-1.32752,-0.564001
123,-2.72775,-1.25031,-0.506686
123,-2.55702,-0.841685,-0.337
123,-2.80636,-0.777653,0.153111
123,-2.73694,-1.20157,-0.507017
123,-2.70162,-0.794809,-0.0730923
123,-2.76646,-1.23787,-0.50994
123,-1.43218,0.663575,-0.603061
123,-2.70527,-0.786576,-0.290764
123,-2.70189,-0.814802,-0.333627
123,-2.38106,-0.523426,-0.580685
123,-2.84093,-0.766831,-0.0834228
123,-2.76295,-0.825405,-0.312074
123,-2.41722,-0.515632,-0.571772
123,-2.67793,-0.752547,-0.495549
123,-2.80983,-0.78633,-0.32671
123,-2.89375,-0.756129,-0.331811
123,-2.53809,-0.422298,-0.553883
123,-2.43778,-0.230146,-0.559392
123,-2.43639,-0.187731,-0.558592
123,-3.03481,-0.638879,-0.418663
123,-2.04899,1.28925,0.126031
123,-2.93373,0.303532,0.284465
123,-2.30592,1.7473,0.205328
123,-2.31166,1.78796,0.21037
123,-2.34161,1.80585,0.203215
123,-2.11288,2.03224,0.057016
123,-2.4128,1.8594,0.306984
123,-2.43227,1.89329,0.299999
123,-2.13743,2.07873,-0.0582943
123,-2.15033,2.07464,-0.163105
123,-2.43323,1.95629,0.0993884
123,-3.84585,-0.331574,-0.41715
123,-2.21564,2.41073,-0.652697
123,-2.21901,2.41744,-0.66231
123,-2.2545,2.48731,-0.683081
123,-4.25518,-0.232582,-0.657394
123,-4.54499,-0.123976,-0.64744
123,-5.001,0.196422,-0.740823
123,-4.98423,0.187453,-0.806257
123,-2.50487,-1.66651,-0.318152
122,-2.50487,-1.66651,-0.318152
123,-1.73241,-1.79092,-0.596721
122,-1.73241,-1.79092,-0.596721
123,-3.37141,-0.543863,-0.567416
122,-3.37141,-0.543863,-0.567416
123,-2.30812,-0.86185,-0.526531
122,-2.30812,-0.86185,-0.526531
123,-2.31178,-2.36408,-0.401206
122,-2.31178,-2.36408,-0.401206
123,-2.64179,0.0703157,-0.648016
122,-2.64179,0.0703157,-0.648016
123,-2.35056,-2.39765,0.0874087
122,-2.35056,-2.39765,0.0874087
123,-1.77421,-1.77955,0.0329087
122,-1.77421,-1.77955,0.0329087
123,-2.72632,-0.780245,0.283123
122,-2.72632,-0.780245,0.283123
123,-1.16194,-1.29104,-0.223761
122,-1.16194,-1.29104,-0.223761
123,-1.29349,-1.11256,0.166328
122,-1.29349,-1.11256,0.166328
123,-1.28853,-1.30109,0.152292
122,-1.28853,-1.30109,0.152292
123,-2.24447,-2.40806,-0.573748
122,-2.24447,-2.40806,-0.573748
123,-1.32067,-1.23671,0.144677
122,-1.32067,-1.23671,0.144677
123,-2.95848,-1.0363,-0.285488
121,-2.95848,-1.0363,-0.285488
123,-2.67838,-1.42707,-0.21563
121,-2.67838,-1.42707,-0.21563
123,-2.77649,-1.80942,-0.428785
121,-2.77649,-1.80942,-0.428785
123,-2.20757,-2.40554,-0.549438
121,-2.20757,-2.40554,-0.549438
123,-2.71719,-1.9414,-0.407284
121,-2.71719,-1.9414,-0.407284
123,-2.86358,-1.41189,-0.238278
121,-2.86358,-1.41189,-0.238278
123,-2.80607,-0.82313,-0.312372
121,-2.80607,-0.82313,-0.312372
123,-2.85092,-1.41726,-0.2333
121,-2.85092,-1.41726,-0.2333
123,-2.5611,-2.20702,-0.208008
121,-2.5611,-2.20702,-0.208008
123,-1.20534,-1.28097,-0.151773
121,-1.20534,-1.28097,-0.151773
123,-2.70522,-2.1126,-0.186877
121,-2.70522,-2.1126,-0.186877
123,-2.62828,-2.136,-0.159969
121,-2.62828,-2.136,-0.159969
123,-2.77649,-1.4075,-0.236707
120,-2.77649,-1.4075,-0.236707
123,-2.35936,-2.35284,-0.214274
120,-2.35936,-2.35284,-0.214274
123,-2.70335,-1.2893,-0.554441
110,-2.70335,-1.2893,-0.554441
123,-2.61354,-1.55965,-0.547615
115,-2.61354,-1.55965,-0.547615
124,-0.957749,-2.03946,-0.212386
124,-1.17943,-2.1027,-0.62056
124,-1.18388,-2.09893,-0.626256
124,-1.07944,-1.90739,-0.599942
124,-1.07779,-1.90504,-0.601264
124,-1.07456,-1.89197,-0.610741
124,-1.234,-2.10813,-0.600286
124,-1.31593,-2.18414,-0.631107
124,-1.3182,-2.18375,-0.636115
124,-0.869863,-1.39581,-0.590979
124,-0.881496,-1.40728,-0.584336
124,-0.905264,-1.37389,-0.489748
124,-0.916734,-1.3935,-0.509476
124,-0.918171,-1.39065,-0.514312
124,-0.899126,-1.41686,-0.610783
124,-0.952039,-1.46635,-0.620651
124,-0.987046,-1.36449,-0.395692
124,-1.26817,-1.89196,-0.615626
124,-0.963291,-1.39057,-0.508199
124,-0.976181,-1.38963,-0.48241
124,-0.972882,-1.38933,-0.494273
124,-1.03857,-1.36999,-0.33293
124,-0.99867,-1.36431,-0.415479
124,-1.01033,-1.32251,-0.335791
124,-1.01372,-1.32813,-0.342263
124,-1.06828,-1.36622,-0.29575
124,-1.04637,-1.36466,-0.342431
124,-1.02101,-1.2975,-0.355406
124,-1.09798,-1.35097,-0.274248
124,-1.13082,-1.33379,-0.181003
124,-1.53101,-2.12044,-0.617999
124,-1.53154,-2.12024,-0.618427
124,-1.5311,-2.11359,-0.616224
124,-1.53538,-2.11885,-0.617665
124,-1.54068,-2.10674,-0.608842
124,-1.47716,-2.01954,-0.612863
124,-1.27865,-1.26159,0.108016
124,-1.27497,-1.23465,0.0979941
124,-0.877149,-1.08527,-0.572278
124,-1.25112,-1.14176,0.131754
124,-0.879292,-1.07769,-0.575059
124,-1.01394,-1.12013,-0.354757
124,-1.42392,-1.20468,0.374083
124,-1.40515,-1.22183,0.304247
124,-0.883256,-1.07756,-0.581545
124,-1.01714,-1.11465,-0.357773
124,-1.4295,-1.20459,0.375583
124,-0.909495,-1.10543,-0.591219
124,-1.03706,-1.13348,-0.368253
124,-1.44583,-1.2206,0.358311
124,-1.07131,-1.13548,-0.318636
124,-1.47565,-1.21316,0.416418
124,-1.0478,-1.12639,-0.359537
124,-1.02812,-1.10138,-0.36547
124,-1.18162,-1.16475,-0.139018
124,-1.16724,-1.13467,-0.128037
124,-1.45517,-1.21302,0.359923
124,-1.07726,-1.1284,-0.325417
124,-1.44101,-1.17093,0.377862
124,-1.19348,-1.16086,-0.130447
124,-1.01107,-1.04188,-0.344698
124,-1.04597,-1.13577,-0.412464
124,-1.48979,-1.20143,0.424943
124,-1.02745,-1.05011,-0.326719
124,-1.4519,-1.17191,0.380777
124,-1.48325,-1.19533,0.406923
124,-1.32721,-1.17655,0.104661
124,-1.4953,-1.19317,0.427812
124,-0.919709,-1.07637,-0.61439
124,-1.48868,-1.19347,0.410753
124,-1.51165,-1.19263,0.452106
124,-1.50275,-1.19126,0.431886
124,-1.61256,-1.23806,0.591885
124,-0.924105,-1.07294,-0.613848
124,-1.16628,-1.40802,-0.608516
124,-1.50141,-1.18897,0.422798
124,-1.56533,-1.19843,0.496202
124,-1.0765,-0.880847,-0.317464
124,-1.45591,-1.60619,-0.619069
124,-1.0605,-0.841614,-0.332251
124,-1.08568,-0.880565,-0.343432
124,-2.46651,-2.3997,0.285158
124,-0.917521,-0.76241,-0.560687
124,-2.4926,-2.40094,0.283045
124,-1.60662,-1.75128,-0.627545
124,-0.951095,-0.773825,-0.559169
124,-1.20662,-0.830768,-0.118469
124,-2.46266,-2.38829,0.189849
124,-1.35019,-0.856612,0.137938
124,-1.18838,-0.799011,-0.12113
124,-1.0784,-0.784955,-0.342186
124,-1.33526,-0.835904,0.120869
124,-1.32361,-0.818709,0.12086
124,-1.33447,-0.822384,0.132764
124,-1.34497,-0.841976,0.122777
124,-1.19234,-0.789386,-0.129505
124,-1.19606,-0.768692,-0.0950337
124,-1.24343,-0.835763,-0.102332
124,-1.35409,-0.853166,0.105046
124,-1.20085,-0.789149,-0.130222
124,-0.959823,-0.760056,-0.595785
124,-1.47752,-0.847783,0.364559
124,-1.20189,-0.789602,-0.132644
124,-1.38029,-0.846334,0.147106
124,-1.48028,-0.839682,0.364853
124,-1.38562,-0.846583,0.148894
124,-1.38327,-0.844144,0.14651
124,-1.48992,-0.837322,0.363176
124,-1.24525,-0.80976,-0.112609
124,-1.2517,-0.809789,-0.111745
124,-1.18357,-0.740222,-0.153393
124,-1.30412,-0.819843,-0.0248149
124,-1.63312,-0.850952,0.607786
124,-1.63409,-0.851458,0.607726
124,-1.54415,-0.841415,0.404841
124,-2.1868,-1.72826,0.427547
124,-1.89951,-2.18565,-0.868956
124,-1.31551,-0.80277,-0.0230291
124,-1.54795,-0.838575,0.404783
124,-1.53082,-0.830429,0.379782
124,-1.5149,-0.82481,0.352853
124,-1.50062,-0.837021,0.295568
124,-1.49609,-0.834031,0.29032
124,-1.55847,-0.843518,0.406341
124,-2.22527,-2.43485,-0.588829
124,-1.58553,-0.845677,0.448896
124,-2.20154,-2.40205,-0.594722
124,-2.2619,-2.36028,-0.407001
124,-2.2314,-2.43632,-0.593803
124,-2.27678,-2.36024,-0.39908
124,-2.19819,-2.37467,-0.589048
124,-1.66222,-0.84699,0.57652
124,-1.67071,-0.845738,0.58314
124,-2.28489,-2.35614,-0.400752
124,-2.28339,-2.35017,-0.400491
124,-2.27127,-2.3916,-0.497085
124,-1.35359,-1.17114,-0.608144
124,-1.78803,-1.7626,-0.624502
124,-2.29612,-2.37951,-0.517538
124,-1.79905,-1.74886,-0.645318
124,-1.82649,-1.7675,-0.648466
124,-1.00378,-0.485071,-0.581593
124,-0.999631,-0.483609,-0.588596
124,-1.01055,-0.45933,-0.596304
124,-1.19259,-0.490272,-0.26971
124,-2.63764,-2.15007,0.279932
124,-2.68156,-2.14627,0.276615
124,-2.71742,-2.14139,0.275243
124,-2.30315,-2.15697,-0.626703
124,-2.31171,-2.16103,-0.625422
124,-2.59678,-2.29961,-0.315466
124,-2.49591,-2.13787,-0.335099
124,-2.65601,-2.27562,-0.334285
124,-2.67004,-2.29617,-0.337175
124,-2.68716,-2.1977,-0.243753
124,-2.69373,-2.20741,-0.246279
124,-2.69874,-2.20656,-0.246367
124,-2.70302,-2.18818,-0.218242
124,-2.72727,-2.24414,-0.255855
124,-2.71522,-2.20247,-0.223183
124,-2.71322,-2.19728,-0.220455
124,-2.71843,-2.2233,-0.2543
124,-2.67726,-2.21494,-0.405793
124,-2.68168,-2.21318,-0.406161
124,-2.63535,-2.05763,-0.278553
124,-2.60409,-1.53537,0.43925
124,-2.69415,-2.19015,-0.401314
124,-2.59961,-2.00193,-0.360518
124,-2.47658,-1.98589,-0.669867
124,-2.5564,-2.01604,-0.559526
124,-2.48204,-1.90201,-0.602868
124,-2.68974,-1.81529,-0.249679
124,-2.55032,-1.84047,-0.60405
124,-2.57829,-1.82476,-0.618094
124,-2.60821,-1.71498,-0.610855
124,-2.61574,-1.58047,-0.568097
124,-2.06705,-0.834861,-0.613004
124,-2.68983,-1.41304,-0.403596
124,-2.59714,-0.815,0.264977
124,-2.58592,-0.813422,0.234671
124,-2.7856,-1.36619,-0.216415
124,-2.65115,-1.4183,-0.604746
124,-3.26213,-1.63633,0.311446
124,-2.81512,-1.34172,-0.226967
124,-3.0172,-1.1803,0.39162
124,-2.66188,-0.761667,0.263761
124,-2.13121,-0.544283,-0.559907
124,-2.67787,-1.37122,-0.660751
124,-2.65328,-1.28625,-0.595384
124,-2.71363,-1.3436,-0.56216
124,-2.79058,-0.754459,0.463818
124,-2.51617,-0.867899,-0.322634
124,-2.83015,-0.761887,0.49474
124,-2.48693,-1.0021,-0.628554
124,-2.80068,-0.75693,0.381851
124,-2.7419,-0.812245,0.171311
124,-2.74798,-0.816796,0.169149
124,-2.33975,-0.730519,-0.563593
124,-2.77965,-0.78295,0.275403
124,-2.66572,-1.17509,-0.569556
124,-2.66036,-1.18185,-0.602291
124,-2.51624,-0.876224,-0.450746
124,-1.50263,0.460034,-0.594606
124,-2.68995,-1.16132,-0.577791
124,-2.80699,-0.601229,0.462707
124,-2.83749,-0.560708,0.529388
124,-2.8638,-1.17902,-0.390327
124,-1.48817,0.649295,-0.580846
124,-2.77374,-0.877625,-0.256457
124,-1.49944,0.695991,-0.595078
124,-2.61702,-0.785126,-0.480805
124,-2.82405,-0.998382,-0.396083
124,-2.91341,-1.06124,-0.352793
124,-2.81203,-0.854743,-0.259214
124,-2.85478,-1.00432,-0.394702
124,-2.62979,-0.720522,-0.504748
124,-3.03151,-1.05872,-0.29474
124,-2.99516,-0.941418,-0.283461
124,-1.48467,1.02721,-0.590871
124,-1.43804,1.12563,-0.614032
124,-1.53952,1.00829,-0.600172
124,-1.47054,1.16557,-0.626557
124,-4.0448,-1.01527,-0.403779
124,-2.164,2.23046,0.161761
124,-2.15433,2.17216,0.0530133
124,-2.12419,2.21404,-0.002386
124,-2.1778,2.24245,0.148784
124,-2.11723,2.11197,-0.237179
124,-4.2273,-0.943926,-0.444696
124,-2.10789,2.02053,-0.461769
124,-2.19216,2.1262,-0.195464
124,-2.14433,2.18056,-0.242868
124,-2.10418,2.06971,-0.597383
124,-2.18204,2.03833,-0.498518
124,-2.51709,2.26854,0.295804
124,-2.46567,2.27289,0.19339
124,-2.19587,2.24178,-0.445205
124,-2.53697,2.29634,0.321674
124,-2.53593,2.31542,0.31514
124,-2.47949,2.26693,0.0797825
124,-2.50264,2.28622,0.0949975
124,-2.5096,2.2258,-0.0272489
124,-2.63406,2.31931,0.255814
124,-2.5451,2.33741,0.081006
124,-2.57401,2.31048,0.0865923
124,-2.65413,2.45199,0.0132571
124,-2.66776,2.43648,-0.0269609
124,-2.6826,-1.42316,-0.193958
123,-2.6826,-1.42316,-0.193958
124,-2.40308,-1.14794,-0.599855
123,-2.40308,-1.14794,-0.599855
124,-2.6639,-1.29265,-0.333451
123,-2.6639,-1.29265,-0.333451
124,-1.80425,-0.619531,-0.680375
123,-1.80425,-0.619531,-0.680375
124,-2.55029,-1.94533,-0.354519
123,-2.55029,-1.94533,-0.354519
124,-1.31017,-1.1407,0.130566
123,-1.31017,-1.1407,0.130566
124,-2.97756,-2.08456,-0.489769
123,-2.97756,-2.08456,-0.489769
124,-2.8034,-1.06657,-0.184191
123,-2.8034,-1.06657,-0.184191
124,-1.73485,-1.78038,-0.601413
123,-1.73485,-1.78038,-0.601413
124,-1.98062,-2.35488,-0.0479016
123,-1.98062,-2.35488,-0.0479016
124,-2.27843,-2.12982,-0.587262
123,-2.27843,-2.12982,-0.587262
124,-3.6531,-1.82693,-0.694774
123,-3.6531,-1.82693,-0.694774
124,-2.6947,-2.07562,-0.270244
123,-2.6947,-2.07562,-0.270244
124,-1.30725,-1.27116,-0.0604294
123,-1.30725,-1.27116,-0.0604294
124,-2.64627,-1.91116,-0.380711
123,-2.64627,-1.91116,-0.380711
124,-1.77336,-2.40217,0.00191227
123,-1.77336,-2.40217,0.00191227
124,-2.54817,-1.21496,-0.149299
123,-2.54817,-1.21496,-0.149299
124,-1.18333,-1.29184,-0.157159
123,-1.18333,-1.29184,-0.157159
124,-1.01846,-1.38344,-0.488854
123,-1.01846,-1.38344,-0.488854
124,-1.21368,-1.17931,0.135114
123,-1.21368,-1.17931,0.135114
124,-1.46389,-1.20217,0.359869
122,-1.46389,-1.20217,0.359869
124,-3.51662,-0.780574,-0.417415
122,-3.51662,-0.780574,-0.417415
124,-2.54905,-2.00964,-0.350278
122,-2.54905,-2.00964,-0.350278
124,-2.88976,-0.744398,0.263329
122,-2.88976,-0.744398,0.263329
124,-2.92116,-1.08766,-0.267865
122,-2.92116,-1.08766,-0.267865
124,-2.38811,-1.51735,-0.181267
122,-2.38811,-1.51735,-0.181267
124,-2.75758,-1.20402,-0.226989
122,-2.75758,-1.20402,-0.226989
124,-2.39421,-0.24036,-0.540208
122,-2.39421,-0.24036,-0.540208
124,-2.68124,-1.14212,-0.20751
122,-2.68124,-1.14212,-0.20751
124,-2.70917,-1.20807,-0.361491
122,-2.70917,-1.20807,-0.361491
124,-1.55142,-1.21033,0.494734
122,-1.55142,-1.21033,0.494734
124,-2.40823,-0.550388,-0.558169
122,-2.40823,-0.550388,-0.558169
124,-2.28206,-2.40092,0.0483608
122,-2.28206,-2.40092,0.0483608
124,-2.67616,-1.23234,-0.347943
122,-2.67616,-1.23234,-0.347943
124,-2.16592,-1.67671,-0.195042
122,-2.16592,-1.67671,-0.195042
124,-2.40823,-0.550388,-0.558168
122,-2.40823,-0.550388,-0.558168
124,-1.11588,-1.48034,-0.553066
122,-1.11588,-1.48034,-0.553066
124,-2.81525,-0.5922,0.465367
121,-2.81525,-0.5922,0.465367
124,-2.90927,-1.06169,-0.281585
121,-2.90927,-1.06169,-0.281585
124,-2.34128,-0.843044,-0.50633
121,-2.34128,-0.843044,-0.50633
124,-2.69792,-0.0529687,-0.731036
120,-2.69792,-0.0529687,-0.731036
125,-1.06957,-1.99853,-0.620627
125,-1.21551,-2.18235,-0.625877
125,-1.12319,-2.03277,-0.610641
125,-1.12342,-2.03208,-0.610526
125,-1.31388,-2.2931,-0.628528
125,-0.875666,-1.64932,-0.630726
125,-1.11269,-1.96921,-0.614724
125,-1.11475,-1.96852,-0.613584
125,-1.12036,-1.96321,-0.620945
125,-1.0251,-1.82156,-0.623438
125,-0.951977,-1.70816,-0.617685
125,-0.952622,-1.70407,-0.625824
125,-1.24924,-2.10106,-0.610017
125,-1.25204,-2.09963,-0.612703
125,-0.875199,-1.56149,-0.619977
125,-1.0848,-1.84005,-0.612958
125,-1.08701,-1.84005,-0.612244
125,-1.24878,-2.06426,-0.618044
125,-0.936433,-1.6191,-0.628279
125,-0.657722,-1.2012,-0.607853
125,-1.23511,-2.00666,-0.597005
125,-1.23603,-2.00506,-0.594787
125,-1.24247,-1.99751,-0.604077
125,-0.931355,-1.3855,-0.510864
125,-1.1118,-1.71198,-0.621458
125,-0.907351,-1.39062,-0.596394
125,-0.907984,-1.3816,-0.603666
125,-0.925591,-1.39876,-0.599623
125,-0.98722,-1.36876,-0.423402
125,-0.972005,-1.37947,-0.475431
125,-0.954011,-1.39738,-0.551227
125,-0.953523,-1.39583,-0.551701
125,-0.988755,-1.36367,-0.427503
125,-0.975293,-1.39102,-0.512237
125,-1.04286,-1.39169,-0.372555
125,-1.00519,-1.40339,-0.480277
125,-1.00958,-1.4034,-0.481245
125,-1.00832,-1.38346,-0.45907
125,-1.03025,-1.3191,-0.352669
125,-1.5088,-2.21789,-0.678258
125,-1.28509,-1.84121,-0.595713
125,-1.05902,-1.36745,-0.371234
125,-1.13256,-1.31327,-0.136862
125,-1.06409,-1.36432,-0.375116
125,-1.06451,-1.36289,-0.372248
125,-1.11536,-1.34082,-0.235296
125,-1.08305,-1.35658,-0.330371
125,-1.1182,-1.32884,-0.217116
125,-1.11767,-1.3387,-0.237066
125,-1.14411,-1.3081,-0.134803
125,-1.14373,-1.30498,-0.134262
125,-1.14196,-1.30045,-0.134538
125,-1.12065,-1.31845,-0.221534
125,-1.14579,-1.29666,-0.13473
125,-1.14458,-1.3368,-0.214369
125,-1.60326,-2.2577,-0.627506
125,-1.17945,-1.32728,-0.149109
125,-1.18715,-1.32266,-0.164433
125,-1.06305,-1.42105,-0.608259
125,-1.24574,-1.32923,-0.11551
125,-0.884916,-1.09137,-0.567376
125,-1.1131,-1.13819,-0.145946
125,-1.12767,-1.12609,-0.112787
125,-1.11677,-1.13003,-0.143541
125,-1.12599,-1.12297,-0.114123
125,-1.16779,-1.16157,-0.109725
125,-1.28304,-1.1425,0.16134
125,-1.15586,-1.10614,-0.0760728
125,-1.30268,-1.17953,0.131515
125,-1.03719,-1.11438,-0.362971
125,-1.0162,-1.07045,-0.345911
125,-1.1738,-1.14095,-0.11137
125,-1.27104,-1.12499,0.118001
125,-1.04434,-1.11343,-0.359861
125,-1.30792,-1.16735,0.131518
125,-1.05898,-1.11129,-0.331544
125,-1.08445,-1.13604,-0.319458
125,-1.01969,-1.05934,-0.347522
125,-1.1784,-1.13197,-0.118871
125,-1.18104,-1.13289,-0.115937
125,-1.30868,-1.15865,0.123539
125,-1.18205,-1.13293,-0.11411
125,-1.05982,-1.12207,-0.365797
125,-1.18244,-1.13326,-0.114968
125,-1.44452,-1.21158,0.332582
125,-1.08628,-1.12563,-0.320325
125,-1.29427,-1.15231,0.0890336
125,-1.05771,-1.14345,-0.415473
125,-1.45008,-1.20911,0.336381
125,-1.45122,-1.20792,0.337354
125,-1.18524,-1.13514,-0.133243
125,-1.18348,-1.13499,-0.136967
125,-1.45035,-1.18139,0.374145
125,-1.46844,-1.21918,0.3524
125,-1.4516,-1.18337,0.367013
125,-1.46546,-1.20899,0.353419
125,-1.32197,-1.1609,0.111559
125,-1.45329,-1.19164,0.349129
125,-1.34031,-1.16584,0.141333
125,-1.4809,-1.20694,0.373324
125,-1.45558,-1.26027,0.225362
125,-1.45652,-1.26052,0.225305
125,-1.33147,-1.15242,0.111871
125,-1.166,-1.38657,-0.6102
125,-1.3165,-1.13574,0.0951197
125,-1.46628,-1.25239,0.226616
125,-1.46531,-1.25092,0.223418
125,-1.48196,-1.71094,-0.634122
125,-1.19465,-0.901654,-0.142488
125,-1.21043,-0.860586,-0.112131
125,-1.0996,-0.839023,-0.334526
125,-1.21563,-0.856448,-0.117274
125,-1.21427,-0.848426,-0.112607
125,-1.34299,-0.858592,0.113927
125,-1.21885,-0.826571,-0.115148
125,-1.10858,-0.814303,-0.343152
125,-1.34518,-0.845197,0.122336
125,-0.973502,-0.760251,-0.569375
125,-2.37612,-2.38816,0.0125286
125,-2.38279,-2.38796,0.0191
125,-1.33844,-0.850136,0.0733367
125,-2.48534,-2.37942,0.241957
125,-1.35548,-0.834748,0.0909241
125,-1.41016,-0.845979,0.158159
125,-2.43481,-2.38499,0.0218844
125,-2.21767,-2.45829,-0.582872
125,-2.23879,-2.47464,-0.588774
125,-2.23739,-2.4541,-0.589903
125,-2.20897,-2.39489,-0.588791
125,-2.20932,-2.39999,-0.598329
125,-2.22959,-2.38696,-0.576001
125,-1.79391,-1.78181,-0.620475
125,-2.25606,-2.42746,-0.604724
125,-2.29038,-2.35434,-0.420998
125,-2.28684,-2.35629,-0.436426
125,-1.78769,-1.76312,-0.632291
125,-1.37769,-1.14961,-0.627971
125,-1.39183,-1.13671,-0.634387
125,-2.31159,-2.37825,-0.51908
125,-2.31901,-2.37939,-0.519854
125,-1.15585,-0.519522,-0.339951
125,-1.1596,-0.522637,-0.336688
125,-1.16499,-0.486445,-0.341252
125,-1.14124,-0.47087,-0.380574
125,-2.12928,-2.0253,-0.644843
125,-2.1446,-2.0199,-0.649729
125,-1.82936,-1.48922,-0.597916
125,-2.68708,-2.14475,0.272081
125,-1.56438,-1.0937,-0.629862
125,-2.33633,-2.13696,-0.640233
125,-2.63548,-2.28955,-0.321132
125,-2.67671,-2.28986,-0.338098
125,-2.70603,-2.1691,-0.242886
125,-2.26289,-1.75104,-0.606344
125,-2.70124,-2.20096,-0.403319
125,-2.64515,-1.51702,0.424746
125,-1.7113,-0.774341,-0.609204
125,-2.50034,-1.93309,-0.664474
125,-2.63615,-1.93662,-0.375619
125,-2.53197,-1.57868,-0.176083
125,-2.55486,-1.83575,-0.596549
125,-2.60329,-1.86203,-0.586978
125,-2.60039,-1.85296,-0.589979
125,-2.57908,-1.82595,-0.609727
125,-2.62044,-1.8462,-0.59431
125,-2.63988,-1.61788,-0.364687
125,-2.59903,-1.71127,-0.60068
125,-2.66163,-1.60745,-0.365253
125,-2.62554,-1.70101,-0.601317
125,-2.62614,-1.70179,-0.608183
125,-2.70814,-1.66472,-0.419447
125,-2.71953,-1.51899,-0.210313
125,-2.6585,-1.49756,-0.574387
125,-2.59031,-1.29817,-0.592966
125,-2.66778,-1.41223,-0.609126
125,-2.77211,-0.750595,0.507138
125,-2.66083,-0.767165,0.233446
125,-2.35112,-0.823635,-0.545055
125,-2.70527,-1.34221,-0.56347
125,-2.35492,-0.824861,-0.543854
125,-2.78756,-0.77596,0.454092
125,-2.37883,-0.865384,-0.578474
125,-2.36824,-0.848141,-0.577093
125,-2.72005,-1.34223,-0.564124
125,-2.69868,-1.26895,-0.50524
125,-2.80955,-0.774551,0.455957
125,-2.70552,-1.23824,-0.507691
125,-2.80595,-0.739877,0.419732
125,-2.48643,-0.849393,-0.4616
125,-2.66498,-1.17196,-0.569936
125,-2.68821,-1.21361,-0.60959
125,-2.78309,-0.770301,0.263776
125,-2.67854,-1.16985,-0.587678
125,-2.56268,-0.825181,-0.34632
125,-2.78097,-0.784614,0.164629
125,-2.80602,-0.58365,0.489243
125,-2.81207,-0.6256,0.425055
125,-2.82722,-0.73843,0.281999
125,-2.76536,-0.673547,0.243313
125,-2.80225,-0.768949,0.158084
125,-2.78069,-0.652933,0.238537
125,-2.85531,-0.723101,0.265506
125,-2.80907,-0.569573,0.312971
125,-2.79036,-0.555652,0.288252
125,-2.78403,-0.853844,-0.304538
125,-2.9272,-0.992917,-0.261352
125,-1.49867,0.991173,-0.603562
125,-3.07637,-0.908209,-0.219674
125,-3.0907,-0.943688,-0.285848
125,-3.09128,-0.875478,-0.266929
125,-2.17672,2.17897,-0.0679753
125,-2.09459,2.07632,-0.595089
125,-2.47975,2.20975,0.298196
125,-2.57584,2.33055,0.307234
125,-1.01348,-1.32782,-0.374705
124,-1.01348,-1.32782,-0.374705
125,-1.78252,-1.64359,0.153034
124,-1.78252,-1.64359,0.153034
125,-1.31285,-1.09491,0.152856
124,-1.31285,-1.09491,0.152856
125,-1.17386,-1.32641,-0.181396
124,-1.17386,-1.32641,-0.181396
125,-1.14621,-0.589891,-0.354507
124,-1.14621,-0.589891,-0.354507
125,-0.986152,-1.38736,-0.496437
124,-0.986152,-1.38736,-0.496437
125,-1.48055,-0.980199,0.403534
124,-1.48055,-0.980199,0.403534
125,-1.09812,-1.33303,-0.322716
124,-1.09812,-1.33303,-0.322716
125,-1.34274,-0.8942,0.140608
124,-1.34274,-0.8942,0.140608
125,-2.54444,-2.36743,0.113245
124,-2.54444,-2.36743,0.113245
125,-1.52894,1.07657,-0.607214
124,-1.52894,1.07657,-0.607214
125,-2.15714,-2.40455,-0.00914485
124,-2.15714,-2.40455,-0.00914485
125,-2.51629,-1.39596,-0.541352
124,-2.51629,-1.39596,-0.541352
125,-1.13559,-1.40665,-0.0999889
124,-1.13559,-1.40665,-0.0999889
125,-1.57944,-2.103,-0.64481
124,-1.57944,-2.103,-0.64481
125,-2.79474,-0.67813,-0.331248
123,-2.79474,-0.67813,-0.331248
125,-1.13742,-1.28594,-0.230802
123,-1.13742,-1.28594,-0.230802
125,-2.64089,-1.02628,-0.60348
123,-2.64089,-1.02628,-0.60348
125,-1.19515,-1.31096,-0.161083
123,-1.19515,-1.31096,-0.161083
125,-1.09007,-1.33328,-0.348415
123,-1.09007,-1.33328,-0.348415
125,-1.56118,-0.739611,0.286142
123,-1.56118,-0.739611,0.286142
125,-1.21067,-1.2814,-0.170274
123,-1.21067,-1.2814,-0.170274
125,-1.19369,-1.25566,-0.242414
123,-1.19369,-1.25566,-0.242414
125,-1.16813,-1.3347,-0.191699
123,-1.16813,-1.3347,-0.191699
125,-1.14498,-1.33804,-0.241622
123,-1.14498,-1.33804,-0.241622
125,-1.40314,-0.802974,0.100765
123,-1.40314,-0.802974,0.100765
125,-2.94867,-1.13116,-0.576076
123,-2.94867,-1.13116,-0.576076
125,-2.66524,-1.1704,-0.187742
122,-2.66524,-1.1704,-0.187742
125,-2.80765,-0.767101,0.178125
122,-2.80765,-0.767101,0.178125
125,-2.66197,-1.11071,-0.351729
122,-2.66197,-1.11071,-0.351729
125,-2.72952,-1.16173,-0.223565
122,-2.72952,-1.16173,-0.223565
125,-2.77516,-0.73256,-0.272165
122,-2.77516,-0.73256,-0.272165
125,-2.66166,-1.17288,-0.186452
122,-2.66166,-1.17288,-0.186452
125,-0.909922,-1.37992,-0.604816
122,-0.909922,-1.37992,-0.604816
125,-1.19017,-1.31976,-0.115412
122,-1.19017,-1.31976,-0.115412
125,-1.12073,-1.32895,-0.245708
122,-1.12073,-1.32895,-0.245708
125,-3.08179,-0.978279,-0.770359
122,-3.08179,-0.978279,-0.770359
125,-1.32006,-0.89929,0.119343
122,-1.32006,-0.89929,0.119343
125,-2.6669,-1.65904,-0.582939
99,-2.6669,-1.65904,-0.582939
126,-0.873759,-1.73806,-0.616007
126,-1.12394,-2.07643,-0.613446
126,-0.823726,-1.62679,-0.606086
126,-1.13053,-2.07316,-0.623128
126,-1.43278,-2.51224,-0.633502
126,-0.826658,-1.60388,-0.607698
126,-1.15202,-2.07829,-0.614697
126,-0.979799,-1.83103,-0.623781
126,-0.983706,-1.83164,-0.623945
126,-1.17939,-2.11627,-0.631983
126,-1.14435,-2.06565,-0.633176
126,-1.01419,-1.82821,-0.609208
126,-0.896262,-1.66164,-0.619089
126,-0.952491,-1.73489,-0.617121
126,-1.0174,-1.82334,-0.612281
126,-0.900581,-1.66034,-0.626321
126,-0.833959,-1.55537,-0.616811
126,-1.25229,-2.16962,-0.6242
126,-0.864897,-1.58343,-0.598792
126,-0.955233,-1.72962,-0.621854
126,-1.28098,-2.14536,-0.620098
126,-1.24371,-2.07664,-0.611247
126,-1.23188,-2.01111,-0.592536
126,-1.30743,-2.14711,-0.673251
126,-0.887459,-1.42146,-0.605397
126,-1.23133,-1.92993,-0.616489
126,-0.892751,-1.40527,-0.584345
126,-0.896266,-1.40659,-0.583047
126,-0.882263,-1.39448,-0.608582
126,-0.907858,-1.41663,-0.589021
126,-0.907704,-1.45406,-0.641838
126,-0.954215,-1.38296,-0.453521
126,-0.911754,-1.41433,-0.596268
126,-1.09806,-1.63882,-0.619808
126,-1.07813,-1.35216,-0.279278
126,-1.04984,-1.37509,-0.376118
126,-1.16813,-1.3466,-0.1068
126,-1.05434,-1.37061,-0.370921
126,-1.09878,-1.61396,-0.61684
126,-0.993101,-1.45894,-0.619113
126,-1.08132,-1.3483,-0.295987
126,-1.09782,-1.60789,-0.617265
126,-1.03551,-1.33296,-0.367941
126,-1.11074,-1.35546,-0.253738
126,-1.14425,-1.33577,-0.162295
126,-1.14694,-1.33833,-0.165903
126,-1.11006,-1.35474,-0.263271
126,-1.15885,-1.33697,-0.144495
126,-1.11108,-1.34731,-0.257603
126,-1.02835,-1.28635,-0.341593
126,-1.10776,-1.34966,-0.27072
126,-1.11622,-1.3428,-0.246372
126,-0.980073,-1.43166,-0.642994
126,-1.17729,-1.32517,-0.11239
126,-1.16548,-1.32571,-0.146544
126,-1.18288,-1.31975,-0.113611
126,-1.14205,-1.33733,-0.222858
126,-0.985429,-1.42099,-0.64894
126,-1.42073,-2.01293,-0.626003
126,-1.28681,-1.25653,0.101919
126,-1.43905,-2.00357,-0.63834
126,-1.31449,-1.24285,0.116725
126,-1.1412,-1.12682,-0.0719934
126,-1.357,-1.23272,0.189854
126,-1.54819,-2.08204,-0.610338
126,-1.16667,-1.15194,-0.107351
126,-1.03865,-1.17816,-0.39849
126,-1.56317,-2.11009,-0.629316
126,-1.55411,-2.08332,-0.61242
126,-1.05282,-1.13396,-0.323496
126,-1.04555,-1.11575,-0.31908
126,-1.30975,-1.16772,0.135189
126,-1.66543,-2.16011,-0.618716
126,-1.19239,-1.43316,-0.618804
126,-1.16738,-1.37794,-0.631552
126,-1.27159,-1.50419,-0.607946
126,-1.18798,-1.38406,-0.625128
126,-1.53625,-1.22732,0.222217
126,-1.33448,-1.40961,-0.610263
126,-1.08124,-0.811278,-0.337415
126,-1.34057,-0.843729,0.120025
126,-1.35736,-0.84527,0.146655
126,-1.23349,-1.2328,-0.649017
126,-1.06897,-0.770385,-0.357991
126,-1.66873,-1.7937,-0.60419
126,-2.39077,-2.38709,-0.0228793
126,-2.37863,-2.38646,-0.0567273
126,-1.91934,-2.06309,-0.583759
126,-1.7186,-1.77266,-0.625142
126,-1.61096,-1.56085,-0.595126
126,-2.23894,-2.46793,-0.591153
126,-1.77976,-1.79328,-0.605355
126,-1.78438,-1.79578,-0.610325
126,-2.21329,-2.39993,-0.599507
126,-1.77438,-1.76957,-0.616766
126,-2.27858,-2.3537,-0.431766
126,-2.28385,-2.36145,-0.43241
126,-1.36851,-1.15826,-0.623853
126,-2.25554,-2.38992,-0.537297
126,-2.2862,-2.38404,-0.50839
126,-1.79683,-1.74509,-0.637921
126,-1.7193,-1.6074,-0.609327
126,-2.31749,-2.34269,-0.43818
126,-2.34225,-2.15503,-0.628852
126,-2.6333,-2.29741,-0.325301
126,-2.35145,-2.0919,-0.61006
126,-2.62406,-2.27617,-0.324728
126,-2.15663,-1.78094,-0.61394
126,-2.61352,-2.23333,-0.387968
126,-2.68147,-2.27619,-0.327151
126,-2.72522,-2.25906,-0.248703
126,-2.38115,-2.00807,-0.625352
126,-2.7299,-2.23681,-0.249207
126,-2.73158,-2.23025,-0.250989
126,-2.45008,-1.78293,-0.209574
126,-2.72702,-2.21689,-0.249506
126,-2.57092,-1.95853,-0.234834
126,-2.66619,-2.21215,-0.394369
126,-2.6768,-2.21124,-0.395605
126,-2.55555,-2.1205,-0.538163
126,-2.69358,-2.20312,-0.394726
126,-2.63122,-2.02521,-0.283209
126,-2.64649,-2.04795,-0.284973
126,-2.43498,-1.99128,-0.639873
126,-2.57263,-1.83815,-0.229561
126,-1.97293,-1.16311,-0.599921
126,-2.62225,-1.93912,-0.364698
126,-2.62498,-1.93545,-0.369474
126,-2.64879,-1.97282,-0.373834
126,-2.59105,-1.86785,-0.358687
126,-1.71764,-0.771189,-0.610555
126,-1.71331,-0.762624,-0.608496
126,-2.62627,-1.9282,-0.38087
126,-2.63321,-1.82827,-0.234699
126,-2.62576,-1.92463,-0.381988
126,-1.72024,-0.751749,-0.615906
126,-2.62227,-2.00872,-0.583995
126,-2.55663,-1.82962,-0.602509
126,-2.68346,-1.99114,-0.605417
126,-2.62634,-1.84564,-0.594819
126,-2.008,-0.870867,-0.593262
126,-2.63271,-1.74776,-0.565167
126,-2.59364,-1.71082,-0.597723
126,-2.04388,-0.859844,-0.600198
126,-2.61889,-1.69809,-0.600547
126,-2.04751,-0.826384,-0.612795
126,-2.63697,-1.57369,-0.575069
126,-2.71175,-1.43644,-0.252931
126,-2.64253,-1.51058,-0.560481
126,-2.67106,-1.55601,-0.586886
126,-2.65871,-1.49445,-0.574911
126,-2.55561,-1.2944,-0.597693
126,-2.62307,-1.30311,-0.56538
126,-2.41126,-0.810067,-0.31974
126,-2.35269,-0.794928,-0.507769
126,-2.61024,-1.22791,-0.594267
126,-2.75406,-1.28155,-0.38344
126,-2.71205,-1.27492,-0.49676
126,-2.36096,-0.80438,-0.567845
126,-2.69051,-1.22147,-0.496051
126,-2.51866,-0.849371,-0.340162
126,-2.74999,-0.79494,0.178135
126,-2.64575,-1.1881,-0.576036
126,-2.7333,-1.24748,-0.509012
126,-2.79473,-0.756052,0.268093
126,-2.77075,-0.789892,0.162837
126,-2.5802,-0.826873,-0.352562
126,-2.8847,-0.95544,0.0467633
126,-2.39581,-0.534305,-0.563011
126,-2.96233,-0.903093,0.0455294
126,-2.38721,-0.507575,-0.569738
126,-2.76046,-0.449808,0.248977
126,-2.69607,-0.789537,-0.349475
126,-2.76673,-0.731682,-0.268044
126,-2.4033,-0.217235,-0.527798
126,-3.00299,-0.859985,-0.295634
126,-2.48331,-0.131572,-0.578679
126,-2.83579,0.18636,0.280738
126,-2.65919,-0.864044,-0.658107
124,-2.65919,-0.864044,-0.658107
126,-3.09555,-0.542666,-0.849803
124,-3.09555,-0.542666,-0.849803
126,-2.70306,-2.07184,-0.270435
124,-2.70306,-2.07184,-0.270435
126,-1.82229,-2.45552,-0.679448
124,-1.82229,-2.45552,-0.679448
126,-1.81721,-2.16465,-0.700727
124,-1.81721,-2.16465,-0.700727
126,-2.72927,-2.22812,0.249975
124,-2.72927,-2.22812,0.249975
126,-2.84341,-1.04315,-0.194943
124,-2.84341,-1.04315,-0.194943
126,-2.73386,-2.24855,-0.227936
124,-2.73386,-2.24855,-0.227936
126,-1.05433,-1.33742,-0.354975
124,-1.05433,-1.33742,-0.354975
126,-1.02835,-1.40141,-0.306862
124,-1.02835,-1.40141,-0.306862
126,-0.91687,-1.10284,-0.588708
124,-0.91687,-1.10284,-0.588708
126,-2.52163,-0.706455,-0.640655
124,-2.52163,-0.706455,-0.640655
126,-1.08062,-1.35387,-0.295901
124,-1.08062,-1.35387,-0.295901
126,-2.61887,-2.31902,-0.418168
124,-2.61887,-2.31902,-0.418168
126,-2.62195,0.892759,-0.615448
123,-2.62195,0.892759,-0.615448
126,-1.08281,-1.3424,-0.281694
123,-1.08281,-1.3424,-0.281694
126,-2.56375,0.795,-0.590638
123,-2.56375,0.795,-0.590638
126,-1.68171,-1.79163,-0.601355
123,-1.68171,-1.79163,-0.601355
126,-2.84975,1.26311,-0.706434
123,-2.84975,1.26311,-0.706434
126,-2.71482,-0.771104,-0.0826431
123,-2.71482,-0.771104,-0.0826431
126,-2.26035,-2.38439,-0.496652
123,-2.26035,-2.38439,-0.496652
126,-2.61949,0.872207,-0.61709
123,-2.61949,0.872207,-0.61709
126,-2.73697,-2.18344,-0.249914
123,-2.73697,-2.18344,-0.249914
126,-2.29545,-2.45015,-0.615593
123,-2.29545,-2.45015,-0.615593
126,-2.13181,1.15068,0.0671063
123,-2.13181,1.15068,0.0671063
126,-1.08872,-0.797022,-0.33361
123,-1.08872,-0.797022,-0.33361
126,-1.51144,-0.8223,0.291184
123,-1.51144,-0.8223,0.291184
126,-1.14396,-1.34257,-0.204952
123,-1.14396,-1.34257,-0.204952
126,-2.53827,0.723941,-0.582691
123,-2.53827,0.723941,-0.582691
126,-2.55653,0.73695,-0.572563
123,-2.55653,0.73695,-0.572563
126,-1.35872,-1.19352,0.143904
123,-1.35872,-1.19352,0.143904
126,-1.00697,-1.05763,-0.373338
123,-1.00697,-1.05763,-0.373338
126,-1.23331,-1.20317,-0.752381
123,-1.23331,-1.20317,-0.752381
126,-2.0105,0.172213,-0.496128
123,-2.0105,0.172213,-0.496128
126,-1.14687,-0.6869,-0.378873
123,-1.14687,-0.6869,-0.378873
126,-1.06855,-1.39338,-0.242776
123,-1.06855,-1.39338,-0.242776
126,-2.80184,-1.01593,-0.387479
122,-2.80184,-1.01593,-0.387479
126,-2.42504,-2.38402,0.162417
122,-2.42504,-2.38402,0.162417
126,-2.56026,-0.8011,0.10292
120,-2.56026,-0.8011,0.10292
126,-2.41509,-1.24261,-0.1507
117,-2.41509,-1.24261,-0.1507
127,-1.39691,-2.25175,-0.599121
127,-0.880855,-1.41242,-0.578894
127,-0.88952,-1.41409,-0.584786
127,-0.936578,-1.41233,-0.54038
127,-0.924746,-1.42823,-0.588156
127,-0.960953,-1.49146,-0.59712
127,-0.937804,-1.40911,-0.541657
127,-0.95173,-1.41106,-0.514896
127,-0.95134,-1.40821,-0.516586
127,-0.968178,-1.39439,-0.476791
127,-0.969084,-1.48644,-0.606601
127,-1.02966,-1.37367,-0.341766
127,-1.032,-1.3702,-0.342111
127,-1.01281,-1.3346,-0.338173
127,-1.03349,-1.37009,-0.342743
127,-1.0446,-1.36417,-0.32396
127,-1.04762,-1.36364,-0.326385
127,-1.04978,-1.36281,-0.32509
127,-1.07069,-1.36299,-0.282899
127,-1.06443,-1.35716,-0.29212
127,-1.04918,-1.36535,-0.336434
127,-1.14402,-1.32731,-0.0827095
127,-1.01724,-1.32088,-0.348012
127,-1.06868,-1.36641,-0.304517
127,-1.04834,-1.37737,-0.363565
127,-1.05125,-1.38156,-0.363828
127,-1.08425,-1.35746,-0.260498
127,-1.12707,-1.32088,-0.122896
127,-1.05016,-1.36941,-0.355578
127,-1.08776,-1.35641,-0.257225
127,-1.0946,-1.35109,-0.240837
127,-1.09294,-1.37167,-0.278473
127,-1.07476,-1.36746,-0.312656
127,-1.06709,-1.36771,-0.331443
127,-1.10355,-1.35133,-0.230414
127,-1.10415,-1.35068,-0.232325
127,-1.27219,-1.89318,-0.616219
127,-1.05187,-1.37097,-0.375338
127,-1.10719,-1.35984,-0.24619
127,-1.09352,-1.3438,-0.264392
127,-1.15565,-1.30993,-0.0849262
127,-1.1198,-1.3381,-0.204856
127,-1.12162,-1.34292,-0.207761
127,-1.13556,-1.30426,-0.127144
127,-1.11388,-1.32976,-0.211785
127,-1.15785,-1.30501,-0.0843506
127,-1.27893,-1.88701,-0.621786
127,-1.13437,-1.3484,-0.197852
127,-1.11053,-1.35197,-0.255014
127,-1.17944,-1.31406,-0.0566968
127,-1.12211,-1.33758,-0.21309
127,-1.13785,-1.29849,-0.129794
127,-1.1436,-1.32034,-0.152577
127,-1.13941,-1.33948,-0.190699
127,-1.11767,-1.32438,-0.218078
127,-1.19376,-1.30683,-0.0404056
127,-1.12946,-1.35117,-0.249029
127,-1.13003,-1.35143,-0.249179
127,-1.18397,-1.33286,-0.112605
127,-1.16236,-1.33131,-0.161451
127,-1.14255,-1.34068,-0.218841
127,-1.18398,-1.32889,-0.115412
127,-1.14009,-1.34565,-0.233358
127,-1.16792,-1.33276,-0.163558
127,-1.16753,-1.33538,-0.175023
127,-1.16167,-1.34191,-0.197013
127,-1.16726,-1.33226,-0.177006
127,-1.17633,-1.32701,-0.151522
127,-1.18359,-1.32842,-0.140523
127,-1.42481,-1.41224,0.219189
127,-1.20113,-1.31764,-0.158501
127,-1.03353,-1.19407,-0.390998
127,-1.24858,-1.15476,0.123509
127,-1.3114,-1.24484,0.119049
127,-1.31409,-1.24501,0.119254
127,-1.02105,-1.14014,-0.369328
127,-1.31325,-1.23966,0.122533
127,-1.24987,-1.13733,0.122135
127,-1.3604,-1.85452,-0.630136
127,-1.04211,-1.15028,-0.354673
127,-1.07037,-1.16189,-0.310697
127,-1.31988,-1.20601,0.164673
127,-1.30139,-1.22063,0.101115
127,-1.29136,-1.19719,0.109369
127,-1.2966,-1.18181,0.137445
127,-1.31913,-1.20025,0.151676
127,-1.29962,-1.19333,0.113029
127,-1.18584,-1.18657,-0.132692
127,-1.32215,-1.18949,0.156877
127,-1.30622,-1.1698,0.135701
127,-1.18696,-1.17826,-0.135611
127,-1.19523,-1.17473,-0.125413
127,-1.46993,-1.34384,0.222654
127,-1.4303,-1.27968,0.208664
127,-1.56807,-2.10996,-0.639141
127,-1.5798,-2.10234,-0.645391
127,-1.43758,-1.74225,-0.609649
127,-1.46028,-1.73323,-0.611558
127,-2.22018,-2.23957,0.248749
127,-1.31308,-0.864681,0.144662
127,-1.30753,-0.866353,0.126315
127,-1.30824,-0.865957,0.123782
127,-1.33979,-0.869304,0.167181
127,-1.34048,-0.842654,0.11801
127,-1.30576,-1.26419,-0.564502
127,-1.34688,-1.37335,-0.626698
127,-1.34153,-0.83867,0.0907652
127,-1.48848,-0.851166,0.334581
127,-1.40952,-0.82582,0.164578
127,-2.2417,-2.66038,-0.604096
127,-1.86597,-2.05952,-0.617408
127,-1.34289,-1.18883,-0.606252
127,-2.28275,-2.65569,-0.617537
127,-1.75585,-1.80728,-0.598035
127,-1.59058,-1.6116,-0.728479
127,-1.57558,-1.41692,-0.524922
127,-2.37837,-2.38662,-0.15141
127,-1.78892,-1.79151,-0.614201
127,-2.19658,-2.40444,-0.588849
127,-2.19828,-2.38661,-0.587094
127,-2.21062,-2.39695,-0.585358
127,-1.79272,-1.75344,-0.631368
127,-2.22157,-2.38284,-0.602034
127,-2.23398,-2.40561,-0.610031
127,-2.25347,-2.42705,-0.60319
127,-2.25541,-2.42879,-0.605652
127,-2.27013,-2.4524,-0.611091
127,-2.30041,-2.36181,-0.426892
127,-2.26018,-2.42615,-0.605974
127,-2.30491,-2.36415,-0.425128
127,-2.28667,-2.45343,-0.61679
127,-2.3115,-2.34863,-0.438552
127,-2.30296,-2.38448,-0.518829
127,-2.33216,-2.3567,-0.445005
127,-2.32547,-2.14956,-0.637312
127,-2.3207,-2.11808,-0.61196
127,-2.25751,-1.64497,-0.136087
127,-2.33272,-2.09825,-0.610788
127,-2.34806,-2.12326,-0.613738
127,-2.65451,-2.29273,-0.33759
127,-2.65093,-2.2695,-0.339446
127,-2.66744,-2.26832,-0.336991
127,-2.52219,-2.02995,-0.343808
127,-2.52096,-1.99799,-0.351165
127,-2.51829,-1.97339,-0.340931
127,-2.56173,-2.02233,-0.352855
127,-2.56857,-2.02448,-0.359684
127,-2.7384,-2.27961,-0.35418
127,-2.44472,-1.98982,-0.651141
127,-2.60822,-1.94526,-0.244802
127,-1.70311,-0.770746,-0.605839
127,-2.45199,-1.95343,-0.643649
127,-2.46904,-1.9104,-0.599099
127,-2.47547,-1.63373,-0.209178
127,-2.84109,-2.2707,-0.294941
127,-2.82997,-2.25477,-0.300951
127,-2.37931,-1.43807,-0.181323
127,-2.85942,-2.26765,-0.283998
127,-2.86987,-2.2705,-0.280336
127,-2.49001,-1.90467,-0.604868
127,-2.86052,-2.24437,-0.278194
127,-2.8954,-2.29992,-0.287915
127,-2.49348,-1.8967,-0.60477
127,-2.86095,-2.23476,-0.281816
127,-2.4885,-1.88382,-0.610706
127,-1.7297,-0.706278,-0.640873
127,-2.77197,-2.17287,-0.420111
127,-2.92064,-2.28528,-0.261311
127,-2.7918,-2.20005,-0.430169
127,-2.41987,-1.38945,-0.143862
127,-2.4446,-1.43162,-0.201115
127,-2.41836,-1.38047,-0.191284
127,-2.90746,-2.1993,-0.265981
127,-2.89755,-2.197,-0.285068
127,-2.53857,-1.86315,-0.608658
127,-2.89423,-2.20991,-0.331855
127,-2.53266,-1.83698,-0.603879
127,-2.60877,-1.78381,-0.373039
127,-2.65379,-2.00088,-0.595184
127,-2.82792,-2.15219,-0.430527
127,-2.55313,-1.83765,-0.601148
127,-2.55387,-1.83379,-0.602687
127,-2.54234,-1.81695,-0.611565
127,-2.4656,-1.35924,-0.150864
127,-2.58004,-1.84447,-0.579614
127,-2.59062,-1.85562,-0.588504
127,-2.47694,-1.37206,-0.175619
127,-2.60252,-1.8625,-0.586236
127,-2.92675,-2.16979,-0.321045
127,-2.57522,-1.82346,-0.619008
127,-2.56257,-1.80166,-0.618697
127,-2.50557,-1.37415,-0.169951
127,-2.96413,-2.14264,-0.266348
127,-2.65023,-1.6988,-0.356531
127,-2.96469,-2.1434,-0.330902
127,-2.62397,-1.74018,-0.571725
127,-2.59968,-1.7315,-0.615572
127,-2.63081,-1.74121,-0.566813
127,-2.60451,-1.71676,-0.616534
127,-2.62058,-1.72658,-0.619364
127,-2.60981,-1.70108,-0.607942
127,-2.52693,-1.24309,-0.188465
127,-2.61798,-1.67783,-0.611777
127,-2.63353,-1.68688,-0.6189
127,-2.63128,-1.65487,-0.580504
127,-2.54435,-1.22858,-0.188212
127,-2.63306,-1.65036,-0.590873
127,-2.51633,-1.49582,-0.638084
127,-2.64415,-1.64429,-0.592988
127,-2.56335,-1.32152,-0.325308
127,-2.64518,-1.647,-0.622348
127,-2.67015,-1.57131,-0.589077
127,-2.5886,-1.14497,-0.199617
127,-2.6642,-1.54628,-0.603292
127,-2.60211,-1.14894,-0.245915
127,-2.64861,-1.48981,-0.614287
127,-2.68812,-1.52712,-0.58615
127,-2.6712,-1.49235,-0.579738
127,-2.65853,-1.33038,-0.396596
127,-2.50387,-0.838145,-0.0841111
127,-2.64811,-1.44624,-0.607289
127,-2.5783,-1.30692,-0.567255
127,-2.59729,-1.06025,-0.193148
127,-2.572,-1.29961,-0.585649
127,-2.60373,-1.32044,-0.562977
127,-2.60026,-1.3165,-0.565154
127,-2.3944,-0.833454,-0.358841
127,-2.66879,-1.4337,-0.60977
127,-2.61996,-1.29951,-0.58765
127,-2.65187,-1.32851,-0.589487
127,-2.67726,-1.29016,-0.494107
127,-2.71385,-1.39463,-0.577177
127,-2.6089,-0.851313,-0.0619933
127,-2.69316,-1.34794,-0.562575
127,-2.37977,-0.815277,-0.521425
127,-2.60979,-0.849513,-0.0729034
127,-2.70995,-1.34028,-0.563095
127,-2.62748,-1.23597,-0.599108
127,-2.38525,-0.829162,-0.583671
127,-2.63424,-0.83613,-0.0686807
127,-2.72233,-1.32974,-0.575743
127,-2.71776,-1.25962,-0.50501
127,-2.46246,-0.851344,-0.495893
127,-2.40045,-0.824355,-0.602013
127,-2.75814,-0.787846,0.178553
127,-2.78446,-0.758385,0.257038
127,-2.42379,-0.810741,-0.604653
127,-2.72812,-1.21618,-0.521361
127,-2.77988,-0.772525,0.180088
127,-2.6868,-1.14379,-0.586046
127,-2.3604,-0.581529,-0.54735
127,-2.7425,-0.810876,-0.0432054
127,-2.72358,-0.784794,-0.0509861
127,-2.36939,-0.586445,-0.546355
127,-2.74747,-0.820261,-0.066701
127,-2.67045,-0.828815,-0.330915
127,-2.66583,-0.810971,-0.344552
127,-2.67544,-0.814958,-0.340006
127,-2.73448,-0.877195,-0.302524
127,-2.68535,-0.797905,-0.349125
127,-2.81297,-0.773381,-0.0888408
127,-2.89808,-0.482626,0.311875
127,-3.49246,-1.86636,-0.464217
127,-2.7913,-0.637049,-0.541306
127,-2.81111,-0.620423,-0.542809
127,-2.80774,-0.621696,-0.558001
127,-2.80455,-0.612508,-0.574483
127,-2.7899,0.137236,0.278736
127,-2.80275,0.197814,0.288554
127,-2.95306,0.399587,0.292299
127,-5.61694,1.42275,-2.01859
127,-2.36822,-0.799559,-0.552148
125,-2.36822,-0.799559,-0.552148
127,-2.84514,0.198542,0.285649
125,-2.84514,0.198542,0.285649
127,-3.69733,-0.403965,-0.437585
125,-3.69733,-0.403965,-0.437585
127,-1.72055,-1.84213,-0.041151
125,-1.72055,-1.84213,-0.041151
127,-2.58858,-1.12062,-0.219002
125,-2.58858,-1.12062,-0.219002
127,-2.25366,-2.1165,-0.247168
125,-2.25366,-2.1165,-0.247168
127,-2.8952,-1.20338,-0.209134
125,-2.8952,-1.20338,-0.209134
127,-2.94423,-0.867155,-0.460948
125,-2.94423,-0.867155,-0.460948
127,-0.969293,-1.38925,-0.505925
125,-0.969293,-1.38925,-0.505925
127,-0.959852,-1.41391,-0.489571
125,-0.959852,-1.41391,-0.489571
127,-2.58956,-1.27527,-0.58933
125,-2.58956,-1.27527,-0.58933
127,-1.11091,-1.33017,-0.208941
125,-1.11091,-1.33017,-0.208941
127,-2.48232,-2.37707,0.248241
125,-2.48232,-2.37707,0.248241
127,-2.2441,-2.3972,-0.584024
125,-2.2441,-2.3972,-0.584024
127,-1.1541,-1.3018,-0.0877349
125,-1.1541,-1.3018,-0.0877349
127,-3.06938,-0.905172,-0.216261
125,-3.06938,-0.905172,-0.216261
127,-2.23606,-2.1516,-0.590113
123,-2.23606,-2.1516,-0.590113
127,-2.57587,-0.766008,-0.234327
123,-2.57587,-0.766008,-0.234327
127,-2.21722,-2.41415,-0.582635
123,-2.21722,-2.41415,-0.582635
127,-2.80395,-2.12279,-0.42986
123,-2.80395,-2.12279,-0.42986
127,-2.52556,-2.18178,-0.178421
123,-2.52556,-2.18178,-0.178421
127,-1.36953,-1.12632,0.124362
123,-1.36953,-1.12632,0.124362
127,-2.2503,-2.40659,0.106065
123,-2.2503,-2.40659,0.106065
127,-2.91674,-2.0153,-0.681255
123,-2.91674,-2.0153,-0.681255
127,-2.56762,-2.11566,-0.545382
123,-2.56762,-2.11566,-0.545382
127,-1.1231,-1.30191,-0.318603
123,-1.1231,-1.30191,-0.318603
127,-2.20374,-2.29654,-0.595745
123,-2.20374,-2.29654,-0.595745
127,-2.91115,-1.25628,-0.294876
123,-2.91115,-1.25628,-0.294876
127,-2.96068,-1.23257,-0.565505
123,-2.96068,-1.23257,-0.565505
127,-1.33893,-1.0128,0.161701
123,-1.33893,-1.0128,0.161701
127,-2.16435,-2.68837,-0.557098
123,-2.16435,-2.68837,-0.557098
127,-2.3926,-2.38867,0.0836848
123,-2.3926,-2.38867,0.0836848
127,-2.50082,-1.55482,-0.0460172
124,-2.50082,-1.55482,-0.0460172
127,-2.81237,-1.34636,-0.217529
124,-2.81237,-1.34636,-0.217529
127,-0.933604,-1.36977,-0.521725
124,-0.933604,-1.36977,-0.521725
127,-2.75666,-1.03121,-0.224942
124,-2.75666,-1.03121,-0.224942
127,-2.29648,-2.3965,0.0555792
124,-2.29648,-2.3965,0.0555792
127,-2.73178,-2.20228,-0.249842
124,-2.73178,-2.20228,-0.249842
127,-2.79843,0.459797,0.29146
122,-2.79843,0.459797,0.29146
127,-2.74575,-1.25013,-0.258055
122,-2.74575,-1.25013,-0.258055
127,-2.65632,-1.38774,-0.243449
122,-2.65632,-1.38774,-0.243449
127,-2.53967,-1.70651,-0.586504
122,-2.53967,-1.70651,-0.586504
127,-2.9157,0.628226,0.289828
122,-2.9157,0.628226,0.289828
127,-2.83191,-1.18566,-0.275734
122,-2.83191,-1.18566,-0.275734
127,-2.7057,-1.17879,-0.249542
122,-2.7057,-1.17879,-0.249542
127,-2.75848,-1.28806,-0.232748
122,-2.75848,-1.28806,-0.232748
127,-2.78427,-2.13659,-0.555139
122,-2.78427,-2.13659,-0.555139
127,-2.31462,-2.39303,-0.059356
122,-2.31462,-2.39303,-0.059356
127,-2.6045,-1.18462,-0.333211
122,-2.6045,-1.18462,-0.333211
127,-1.5354,-0.761609,0.288771
122,-1.5354,-0.761609,0.288771
127,-2.40476,-2.37366,0.0458999
122,-2.40476,-2.37366,0.0458999
127,-2.37053,-2.38741,-0.0105223
122,-2.37053,-2.38741,-0.0105223
127,-1.50937,-0.811763,0.290347
122,-1.50937,-0.811763,0.290347
127,-2.35263,-2.38754,-0.0718547
122,-2.35263,-2.38754,-0.0718547
127,-1.50142,-0.828652,0.290462
122,-1.50142,-0.828652,0.290462
127,-2.28448,-2.39279,-0.122815
122,-2.28448,-2.39279,-0.122815
127,-2.35384,-2.38088,0.0263927
122,-2.35384,-2.38088,0.0263927
127,-2.23791,-2.45895,-0.591241
122,-2.23791,-2.45895,-0.591241
127,-3.22564,-1.04412,-0.332257
122,-3.22564,-1.04412,-0.332257
127,-1.34536,-0.90432,0.145642
122,-1.34536,-0.90432,0.145642
127,-2.40168,-2.54379,0.279754
120,-2.40168,-2.54379,0.279754
127,-2.78655,-2.13862,-0.294251
110,-2.78655,-2.13862,-0.294251
128,-1.18968,-1.89212,-0.305411
128,-1.13037,-1.36289,-0.227118
128,-1.15419,-1.35741,-0.188226
128,-1.16151,-1.35735,-0.17452
128,-1.16658,-1.35103,-0.179199
128,-1.18717,-1.32064,-0.112569
128,-1.31367,-1.7481,-0.620823
128,-1.31664,-1.24338,0.120506
128,-1.29814,-1.20162,0.114689
128,-1.31962,-1.20548,0.159476
128,-1.3204,-1.2284,0.122789
128,-1.32215,-1.2206,0.138309
128,-1.55531,-2.08014,-0.608122
128,-1.32399,-1.19046,0.151372
128,-1.46186,-1.21921,0.385629
128,-1.73954,-1.92403,-0.60367
128,-1.6771,-1.79495,-0.601975
128,-1.69726,-1.78348,-0.61505
128,-2.231,-2.65707,-0.595455
128,-2.25542,-2.68207,-0.584929
128,-2.25701,-2.69023,-0.59857
128,-1.618,-1.60458,-0.592559
128,-2.25732,-2.6542,-0.59506
128,-2.27797,-2.6945,-0.618009
128,-1.74076,-1.77982,-0.603228
128,-1.75426,-1.80125,-0.60252
128,-1.76317,-1.80483,-0.596094
128,-1.36705,-1.15576,-0.625101
128,-1.76698,-1.80618,-0.598572
128,-1.7665,-1.80393,-0.598224
128,-1.75297,-1.7874,-0.612441
128,-1.36972,-1.1485,-0.621051
128,-1.37206,-1.14633,-0.615113
128,-2.45767,-2.40863,0.249481
128,-1.76949,-1.8015,-0.602684
128,-2.46901,-2.39802,0.285602
128,-2.47336,-2.39705,0.282516
128,-2.21252,-2.40436,-0.59367
128,-2.21413,-2.40944,-0.598585
128,-2.38648,-2.38457,-0.113731
128,-2.21828,-2.41358,-0.599396
128,-2.23011,-2.40828,-0.586026
128,-2.24076,-2.42542,-0.589064
128,-2.25091,-2.43692,-0.587764
128,-2.24238,-2.42731,-0.597971
128,-2.227,-2.39589,-0.590016
128,-2.22164,-2.39484,-0.603091
128,-2.22794,-2.40593,-0.605215
128,-2.23414,-2.38828,-0.568547
128,-2.24921,-2.42545,-0.592022
128,-2.25171,-2.40453,-0.572838
128,-2.25052,-2.41624,-0.595153
128,-2.25726,-2.39859,-0.571462
128,-2.25763,-2.40098,-0.575531
128,-2.26352,-2.40438,-0.575402
128,-2.33739,-2.36077,-0.321143
128,-2.26656,-2.40567,-0.576464
128,-1.66379,-1.38814,-0.593219
128,-2.29741,-2.38078,-0.5164
128,-2.30367,-2.38983,-0.539341
128,-2.30877,-2.37834,-0.520523
128,-2.31139,-2.37791,-0.520781
128,-2.32327,-2.37857,-0.519324
128,-2.1097,-2.02654,-0.643247
128,-2.30019,-2.12537,-0.594552
128,-2.07156,-1.65617,-0.47018
128,-2.694,-2.14617,0.273505
128,-2.70198,-2.1491,0.27259
128,-2.07895,-1.64572,-0.579564
128,-2.70831,-2.14395,0.267297
128,-2.33734,-2.02894,-0.604401
128,-2.62537,-2.27385,-0.317766
128,-2.62489,-2.27624,-0.328732
128,-2.53574,-2.24667,-0.545664
128,-2.64888,-2.29679,-0.335382
128,-2.53853,-2.25875,-0.571284
128,-2.64538,-2.2693,-0.331341
128,-2.68704,-2.28341,-0.344072
128,-2.64661,-2.22115,-0.39072
128,-1.70854,-0.778592,-0.602911
128,-2.68743,-2.184,-0.287848
128,-2.70071,-2.19523,-0.278456
128,-2.69444,-2.19325,-0.293508
128,-1.71169,-0.750163,-0.617284
128,-2.55756,-2.1196,-0.543275
128,-2.62237,-2.11663,-0.374673
128,-2.55925,-2.11852,-0.545993
128,-2.69232,-2.23904,-0.389404
128,-2.56883,-2.13342,-0.555571
128,-2.26142,-1.63595,-0.593603
128,-2.64895,-2.07596,-0.274623
128,-2.68681,-2.21031,-0.392823
128,-2.73485,-2.16962,-0.208053
128,-2.44128,-1.91755,-0.586264
128,-2.74385,-2.21034,-0.256225
128,-2.68215,-2.18834,-0.39255
128,-2.44266,-1.91271,-0.592495
128,-2.453,-1.91511,-0.58889
128,-2.45702,-1.90559,-0.588128
128,-2.46934,-1.90757,-0.593901
128,-2.46896,-1.89962,-0.595584
128,-2.7032,-2.05954,-0.286797
128,-2.71153,-2.06414,-0.27549
128,-2.62393,-1.95822,-0.373091
128,-2.62243,-1.94535,-0.374768
128,-2.65793,-1.91509,-0.246151
128,-2.61682,-1.93138,-0.381273
128,-2.62086,-1.92569,-0.377511
128,-2.62844,-1.94162,-0.382614
128,-2.63304,-1.93882,-0.367083
128,-2.63414,-1.93776,-0.381721
128,-2.63357,-1.92169,-0.384157
128,-2.73387,-2.03657,-0.307936
128,-2.52219,-1.85774,-0.60012
128,-2.64251,-2.02115,-0.576916
128,-2.63868,-2.01716,-0.582442
128,-2.63479,-2.00658,-0.57737
128,-2.53228,-1.84007,-0.597779
128,-2.52326,-1.82136,-0.598526
128,-2.6295,-1.99197,-0.586893
128,-2.52193,-1.81857,-0.598829
128,-2.53649,-1.83971,-0.597181
128,-2.53664,-1.81802,-0.598348
128,-2.60407,-1.88473,-0.600211
128,-2.56478,-1.79877,-0.613776
128,-2.61612,-1.87441,-0.605422
128,-2.6136,-1.86497,-0.600414
128,-2.80193,-1.44435,0.443895
128,-2.56753,-1.71422,-0.591767
128,-2.57108,-1.71895,-0.591976
128,-2.55686,-1.6937,-0.592458
128,-2.57518,-1.72023,-0.592045
128,-2.80626,-1.4327,0.451941
128,-2.83352,-1.42433,0.445549
128,-2.65538,-1.72602,-0.580352
128,-2.69412,-1.59883,-0.378983
128,-2.64161,-1.64492,-0.59208
128,-2.67632,-1.65582,-0.581469
128,-2.59593,-1.51918,-0.595933
128,-2.69416,-1.65341,-0.590792
128,-2.60539,-1.49263,-0.589701
128,-2.65867,-1.57589,-0.58491
128,-2.59969,-1.46739,-0.587549
128,-2.60082,-1.45959,-0.589401
128,-2.61917,-1.48966,-0.593698
128,-2.67276,-1.57243,-0.594362
128,-2.61067,-1.4406,-0.589471
128,-2.66208,-1.50181,-0.572754
128,-2.60893,-1.41739,-0.59338
128,-2.66762,-1.49336,-0.576824
128,-2.47079,-0.606212,0.271078
128,-2.66946,-1.48527,-0.582232
128,-2.56922,-1.30587,-0.585686
128,-2.61207,-1.31028,-0.573174
128,-2.61159,-1.30856,-0.573971
128,-2.59341,-1.28743,-0.593033
128,-2.62039,-0.793577,0.238269
128,-2.63931,-1.34762,-0.574958
128,-2.59432,-1.27094,-0.590823
128,-2.58815,-1.26301,-0.604209
128,-2.74577,-0.718714,0.630168
128,-2.66952,-1.30985,-0.481998
128,-2.64692,-1.32641,-0.593563
128,-2.64727,-0.770293,0.262804
128,-2.7474,-0.729221,0.565195
128,-2.75842,-0.714543,0.614581
128,-2.44053,-0.88071,-0.471913
128,-2.5952,-1.21459,-0.586496
128,-2.36724,-0.800341,-0.558125
128,-2.75106,-0.732692,0.541694
128,-2.59406,-1.19948,-0.588919
128,-2.76165,-0.719181,0.57928
128,-2.60762,-1.21228,-0.586404
128,-2.7161,-1.38478,-0.578383
128,-2.62212,-1.19658,-0.549154
128,-2.76853,-0.803665,0.431969
128,-2.75665,-0.733601,0.50635
128,-2.76536,-0.723462,0.543719
128,-2.60982,-0.852052,-0.0623105
128,-2.70821,-1.33595,-0.562685
128,-2.71677,-1.33844,-0.561872
128,-2.76712,-0.729,0.500316
128,-2.63472,-1.1844,-0.557482
128,-2.61686,-1.16748,-0.580467
128,-2.77388,-0.77943,0.418543
128,-2.77278,-0.7781,0.401544
128,-2.77734,-0.785331,0.396485
128,-2.7681,-0.743558,0.4267
128,-2.78143,-0.780894,0.382025
128,-2.70481,-1.2255,-0.505441
128,-2.72033,-1.25035,-0.510893
128,-2.72794,-1.25983,-0.505844
128,-2.72612,-1.25458,-0.504739
128,-2.71584,-1.22941,-0.513099
128,-2.71989,-1.2268,-0.507567
128,-2.65361,-0.821066,-0.0550338
128,-2.78929,-0.782668,0.352524
128,-2.87967,-1.30678,-0.227745
128,-2.73909,-1.25134,-0.508808
128,-2.7215,-1.20961,-0.517709
128,-2.87112,-1.33014,-0.318991
128,-2.86365,-0.781453,0.506694
128,-2.72215,-0.680414,0.24146
128,-2.86651,-0.750383,0.491019
128,-2.69281,-0.799036,-0.0551349
128,-2.78876,-0.755013,0.261155
128,-2.78946,-0.755619,0.261593
128,-2.73773,-0.670684,0.252312
128,-2.78049,-0.769099,0.187907
128,-2.82235,-1.13455,-0.271427
128,-2.78415,-0.766394,0.194365
128,-2.78921,-0.761891,0.191691
128,-2.78893,-0.765885,0.183902
128,-2.78753,-0.582918,0.434764
128,-2.80044,-0.598457,0.43513
128,-2.80345,-0.56319,0.465948
128,-2.4213,-0.547488,-0.503747
128,-2.81013,-0.578104,0.403454
128,-2.7276,-0.882409,-0.295174
128,-2.72756,-0.882076,-0.302252
128,-2.72983,-0.881819,-0.300305
128,-2.82109,-0.554931,0.436758
128,-2.8321,-0.577581,0.428996
128,-2.83988,-0.567046,0.44821
128,-2.96238,-1.27861,-0.343825
128,-2.83623,-0.582282,0.397949
128,-2.72831,-0.845455,-0.306305
128,-2.86365,-1.03079,-0.247851
128,-2.75022,-0.872418,-0.307355
128,-2.75268,-0.860103,-0.298813
128,-2.83749,-0.607499,0.309135
128,-2.4076,-0.457784,-0.57653
128,-2.75539,-0.909496,-0.378978
128,-2.82373,-0.949974,-0.266954
128,-2.66213,-0.814752,-0.492495
128,-2.87002,-1.00559,-0.251194
128,-2.80504,-0.534307,0.294625
128,-2.87752,-1.00649,-0.252213
128,-2.81919,-0.544523,0.302931
128,-2.85491,-0.586985,0.309901
128,-2.82402,-0.541856,0.295958
128,-2.85088,-0.944638,-0.297313
128,-2.82621,-0.762,-0.0818011
128,-2.82423,-0.495786,0.287351
128,-2.87445,-0.896709,-0.244827
128,-2.86325,-0.913852,-0.302495
128,-2.89036,-0.508843,0.392923
128,-2.75133,-0.74656,-0.363283
128,-2.77707,-0.721919,-0.270171
128,-2.75958,-0.693719,-0.325332
128,-2.41975,-0.24738,-0.541074
128,-2.81615,-0.357785,0.274284
128,-2.4464,-0.221994,-0.549738
128,-3.18912,-1.22588,-0.201907
128,-2.45839,-0.223635,-0.553823
128,-2.79075,-0.649555,-0.541877
128,-2.39966,0.0690458,-0.632348
128,-2.41682,0.105362,-0.643858
128,-3.21819,-0.99645,-0.28306
128,-2.77429,0.385677,0.289858
128,-2.80316,0.430184,0.29345
128,-2.83842,0.517665,0.294928
128,-2.84194,0.511877,0.285352
128,-2.84569,0.514609,0.297007
128,-2.85639,0.609059,0.297972
128,-2.85596,0.611207,0.286224
128,-2.86704,0.618612,0.288149
128,-2.77832,-1.59118,-0.271331
127,-2.77832,-1.59118,-0.271331
128,-2.95307,-1.17617,0.0804455
127,-2.95307,-1.17617,0.0804455
128,-2.50996,-2.17398,-0.344398
127,-2.50996,-2.17398,-0.344398
128,-2.91347,-1.28783,-0.237929
127,-2.91347,-1.28783,-0.237929
128,-2.6734,-1.5252,-0.585114
127,-2.6734,-1.5252,-0.585114
128,-2.45885,-2.18424,-0.330095
127,-2.45885,-2.18424,-0.330095
128,-1.06791,-1.88159,0.205043
127,-1.06791,-1.88159,0.205043
128,-2.63191,-1.74486,-0.564054
127,-2.63191,-1.74486,-0.564054
128,-2.56449,-2.33375,-0.388943
127,-2.56449,-2.33375,-0.388943
128,-2.47667,-1.51666,-0.619756
127,-2.47667,-1.51666,-0.619756
128,-2.67269,-1.33571,-0.171308
127,-2.67269,-1.33571,-0.171308
128,-2.38258,-0.566209,-0.556462
127,-2.38258,-0.566209,-0.556462
128,-1.90965,-2.43447,0.0779565
127,-1.90965,-2.43447,0.0779565
128,-1.30119,-1.18919,0.116847
127,-1.30119,-1.18919,0.116847
128,-2.52094,-2.03301,-0.553244
122,-2.52094,-2.03301,-0.553244
128,-2.22827,-2.45541,-0.586016
122,-2.22827,-2.45541,-0.586016
128,-2.17842,-2.47672,-0.552321
122,-2.17842,-2.47672,-0.552321
128,-2.33474,-2.38292,0.0282736
122,-2.33474,-2.38292,0.0282736
128,-2.48944,-2.04474,-0.53889
122,-2.48944,-2.04474,-0.53889
128,-2.82956,-0.831336,-0.269437
122,-2.82956,-0.831336,-0.269437
128,-2.63444,-1.23841,-0.341936
122,-2.63444,-1.23841,-0.341936
128,-1.462,-1.19022,0.38838
122,-1.462,-1.19022,0.38838
128,-1.44913,-1.18971,0.36261
122,-1.44913,-1.18971,0.36261
128,-1.45246,-1.18173,0.377369
122,-1.45246,-1.18173,0.377369
128,-2.42599,-0.797211,-0.317109
122,-2.42599,-0.797211,-0.317109
128,-1.17845,-1.31899,-0.127204
122,-1.17845,-1.31899,-0.127204
128,-2.60868,-1.12804,-0.318215
122,-2.60868,-1.12804,-0.318215
128,-1.518,-0.800681,0.418732
122,-1.518,-0.800681,0.418732
128,-2.54572,-1.1551,-0.191317
122,-2.54572,-1.1551,-0.191317
128,-1.32365,-1.1601,0.122756
122,-1.32365,-1.1601,0.122756
128,-2.2845,-2.3966,-0.0780783
122,-2.2845,-2.3966,-0.0780783
128,-1.49892,-0.861508,0.388646
122,-1.49892,-0.861508,0.388646
128,-1.44133,-1.68649,-0.0906025
122,-1.44133,-1.68649,-0.0906025
128,-1.32576,-1.16807,0.0979529
122,-1.32576,-1.16807,0.0979529
128,-1.16605,-1.32612,-0.140934
122,-1.16605,-1.32612,-0.140934
128,-1.17533,-1.30983,-0.146633
122,-1.17533,-1.30983,-0.146633
128,-1.18187,-1.31962,-0.129893
122,-1.18187,-1.31962,-0.129893
128,-1.44276,-1.18743,0.380158
122,-1.44276,-1.18743,0.380158
128,-2.53344,-1.88859,-0.681691
122,-2.53344,-1.88859,-0.681691
128,-2.52282,-1.89332,-0.683933
122,-2.52282,-1.89332,-0.683933
128,-1.37747,-1.16072,-0.0419536
122,-1.37747,-1.16072,-0.0419536
128,-2.40633,-2.40716,0.27882
122,-2.40633,-2.40716,0.27882
128,-2.40238,0.0691758,-0.627494
125,-2.40238,0.0691758,-0.627494
128,-2.37183,-0.835789,-0.576167
125,-2.37183,-0.835789,-0.576167
128,-2.3844,0.046068,-0.618889
125,-2.3844,0.046068,-0.618889
128,-1.47672,-1.22915,0.240804
125,-1.47672,-1.22915,0.240804
128,-2.51292,-2.21641,-0.201207
123,-2.51292,-2.21641,-0.201207
128,-2.32746,-2.39071,-0.0268111
123,-2.32746,-2.39071,-0.0268111
128,-2.27118,-2.22609,-0.171101
123,-2.27118,-2.22609,-0.171101
128,-2.50208,-2.19778,-0.340393
123,-2.50208,-2.19778,-0.340393
128,-2.4136,-2.38406,0.0795256
123,-2.4136,-2.38406,0.0795256
128,-1.74704,-2.24271,-0.118367
123,-1.74704,-2.24271,-0.118367
128,-2.77721,-0.403019,0.277517
123,-2.77721,-0.403019,0.277517
128,-2.25368,-2.39597,-0.196789
123,-2.25368,-2.39597,-0.196789
128,-2.61105,-0.932751,-0.336106
126,-2.61105,-0.932751,-0.336106
128,-2.97735,-2.32682,-0.160793
126,-2.97735,-2.32682,-0.160793
128,-2.88428,-0.71303,-0.0123066
126,-2.88428,-0.71303,-0.0123066
128,-2.30036,-2.38859,-0.17892
126,-2.30036,-2.38859,-0.17892
128,-2.509,-2.37128,-0.104753
126,-2.509,-2.37128,-0.104753
128,-2.7831,-0.885622,-0.378757
126,-2.7831,-0.885622,-0.378757
128,-2.64506,-2.07819,-0.254932
126,-2.64506,-2.07819,-0.254932
128,-2.59789,-2.22997,-0.379918
126,-2.59789,-2.22997,-0.379918
128,-2.99197,-2.32656,-0.163635
126,-2.99197,-2.32656,-0.163635
128,-2.42151,-2.38907,0.185068
126,-2.42151,-2.38907,0.185068
128,-2.48089,-2.37726,0.12882
126,-2.48089,-2.37726,0.12882
128,-2.44598,-0.778338,-0.328145
126,-2.44598,-0.778338,-0.328145
128,-2.01269,-2.42622,-0.618509
126,-2.01269,-2.42622,-0.618509
128,-3.01662,-2.32548,-0.170264
126,-3.01662,-2.32548,-0.170264
128,-2.80048,-1.05668,-0.186767
124,-2.80048,-1.05668,-0.186767
128,-2.70301,-2.20084,-0.243936
124,-2.70301,-2.20084,-0.243936
128,-2.78017,-0.873931,-0.248481
124,-2.78017,-0.873931,-0.248481
128,-2.35061,-1.94902,-0.476897
124,-2.35061,-1.94902,-0.476897
128,-2.57481,-1.19376,-0.156379
124,-2.57481,-1.19376,-0.156379
128,-3.46718,-0.638358,-0.367215
124,-3.46718,-0.638358,-0.367215
128,-2.60211,-0.886283,0.468719
124,-2.60211,-0.886283,0.468719
128,-2.82985,-0.703462,0.435269
124,-2.82985,-0.703462,0.435269
128,-1.26203,-1.34705,-0.0323295
124,-1.26203,-1.34705,-0.0323295
128,-3.28123,-0.378785,0.464363
124,-3.28123,-0.378785,0.464363
128,-2.59274,-2.16213,-0.167905
120,-2.59274,-2.16213,-0.167905
128,-2.66133,-2.20995,-0.270486
120,-2.66133,-2.20995,-0.270486
128,-2.71126,-2.15432,-0.219468
120,-2.71126,-2.15432,-0.219468
128,-2.64227,-2.21683,-0.264382
120,-2.64227,-2.21683,-0.264382
128,-2.67438,-2.2146,-0.282465
120,-2.67438,-2.2146,-0.282465
128,-2.71002,-2.15566,-0.220346
120,-2.71002,-2.15566,-0.220346
128,-2.66198,-2.17387,-0.206635
120,-2.66198,-2.17387,-0.206635
128,-2.58764,1.10068,-0.592867
120,-2.58764,1.10068,-0.592867
129,-1.35714,-1.31313,0.128063
129,-1.46656,-1.2502,0.420153
129,-2.18637,-2.58314,0.308057
129,-1.47096,-1.23205,0.420388
129,-2.25078,-2.58299,0.287506
129,-1.69275,-1.779,-0.620916
129,-1.72952,-1.80365,-0.609884
129,-1.36699,-1.15228,-0.623701
129,-2.23334,-2.65715,-0.600013
129,-2.25316,-2.69006,-0.601145
129,-2.24728,-2.65615,-0.602751
129,-1.76994,-1.79971,-0.600089
129,-2.43866,-2.40166,0.222462
129,-2.44616,-2.40201,0.241389
129,-2.44934,-2.40407,0.223061
129,-2.4731,-2.40192,0.287014
129,-2.46373,-2.39958,0.245684
129,-2.47374,-2.39312,0.286868
129,-2.48377,-2.40083,0.287124
129,-2.47969,-2.39072,0.286898
129,-2.48147,-2.39518,0.283688
129,-2.47763,-2.38566,0.286785
129,-2.20961,-2.39833,-0.588346
129,-2.46564,-2.37734,0.244983
129,-2.21435,-2.40529,-0.595132
129,-2.21419,-2.40313,-0.592753
129,-2.46356,-2.38499,0.221995
129,-2.21258,-2.39541,-0.589941
129,-2.21545,-2.39856,-0.594257
129,-2.21725,-2.40074,-0.593093
129,-2.2176,-2.40747,-0.604114
129,-2.24139,-2.43135,-0.579023
129,-2.22732,-2.40789,-0.582489
129,-2.23122,-2.41271,-0.582554
129,-2.49733,-2.39659,0.279867
129,-2.25219,-2.45546,-0.623655
129,-2.24534,-2.42158,-0.592064
129,-2.18324,-2.30733,-0.58982
129,-2.22926,-2.39676,-0.603006
129,-2.25349,-2.41987,-0.589491
129,-2.25239,-2.40094,-0.563392
129,-2.25796,-2.42109,-0.589995
129,-2.23184,-2.38065,-0.603048
129,-2.27451,-2.45863,-0.607141
129,-2.25113,-2.39788,-0.580236
129,-2.27772,-2.45545,-0.606811
129,-2.26899,-2.42971,-0.604991
129,-2.28814,-2.44929,-0.618316
129,-2.3145,-2.35442,-0.404588
129,-2.32175,-2.35992,-0.399256
129,-2.31382,-2.39126,-0.510098
129,-2.31526,-2.37963,-0.517546
129,-2.40428,-2.02338,0.0505789
129,-2.27561,-2.14486,-0.608852
129,-2.28068,-2.12693,-0.584566
129,-2.28801,-2.14584,-0.603519
129,-2.29688,-2.11825,-0.598754
129,-2.3049,-2.11519,-0.594763
129,-2.30574,-2.11084,-0.604494
129,-2.3148,-2.12361,-0.605049
129,-2.36942,-2.12539,-0.604686
129,-2.32742,-2.02096,-0.613621
129,-2.34186,-2.02002,-0.614839
129,-2.60207,-2.30004,-0.321697
129,-2.59931,-2.29649,-0.326625
129,-2.59307,-2.27019,-0.329859
129,-2.59889,-2.28103,-0.332888
129,-2.35577,-1.9932,-0.606813
129,-1.92838,-1.23769,-0.620262
129,-2.60229,-2.27193,-0.32716
129,-2.61203,-2.27661,-0.316355
129,-2.63181,-2.2815,-0.335026
129,-2.63228,-2.27245,-0.327964
129,-2.64376,-2.29563,-0.335841
129,-2.64664,-2.29421,-0.328017
129,-2.63211,-2.26539,-0.338212
129,-2.65285,-2.27451,-0.335729
129,-2.3936,-1.94608,-0.604376
129,-2.58257,-2.07018,-0.250417
129,-1.7256,-0.747289,-0.617542
129,-2.63156,-2.22335,-0.378583
129,-2.70451,-2.24291,-0.250962
129,-2.42629,-1.91878,-0.578062
129,-2.70787,-2.23164,-0.247058
129,-2.5535,-2.11692,-0.543272
129,-2.4354,-1.9162,-0.580635
129,-2.43095,-1.90883,-0.596787
129,-2.44418,-1.91683,-0.581469
129,-2.28333,-1.61529,-0.598533
129,-2.61837,-2.05659,-0.373269
129,-2.47148,-1.89893,-0.588543
129,-2.53742,-1.95886,-0.581298
129,-1.95552,-0.853116,-0.464325
129,-2.64371,-1.93474,-0.250569
129,-2.64639,-1.93318,-0.242292
129,-2.64376,-1.92033,-0.24364
129,-2.50345,-1.86916,-0.595754
129,-2.55101,-1.94634,-0.589419
129,-2.59859,-2.01249,-0.586937
129,-2.7663,-2.10401,-0.238604
129,-2.6391,-1.95044,-0.380942
129,-2.63033,-1.92449,-0.379523
129,-2.65168,-1.96341,-0.387395
129,-2.64722,-1.95112,-0.381635
129,-2.64383,-1.93798,-0.369552
129,-2.63567,-1.92348,-0.380289
129,-1.98375,-0.813266,-0.481622
129,-2.6478,-1.93757,-0.384332
129,-2.52763,-1.84809,-0.608574
129,-2.64164,-2.0253,-0.581137
129,-2.65596,-1.93159,-0.374116
129,-2.52437,-1.81871,-0.600891
129,-2.5281,-1.81905,-0.598344
129,-2.63546,-1.87595,-0.367176
129,-2.54185,-1.8358,-0.602415
129,-2.5452,-1.83401,-0.601328
129,-2.53445,-1.81362,-0.604992
129,-2.76763,-2.06068,-0.311041
129,-2.55354,-1.84223,-0.60256
129,-2.67063,-1.92475,-0.380433
129,-2.63929,-1.99788,-0.609072
129,-2.6433,-1.98913,-0.587897
129,-2.65322,-1.99993,-0.589085
129,-2.6263,-1.74892,-0.237302
129,-2.66526,-2.01207,-0.590076
129,-2.63774,-1.83577,-0.377936
129,-2.58832,-1.85753,-0.589433
129,-2.6154,-1.87331,-0.602964
129,-2.61527,-1.83746,-0.586392
129,-2.56377,-1.72639,-0.590821
129,-2.62149,-1.79325,-0.560198
129,-2.61988,-1.76005,-0.558029
129,-2.5961,-1.71852,-0.596993
129,-2.59197,-1.70747,-0.598049
129,-2.81757,-1.96827,-0.348695
129,-2.59634,-1.71278,-0.598449
129,-2.64017,-1.73481,-0.555445
129,-2.66965,-1.67246,-0.37101
129,-2.64397,-1.73428,-0.566828
129,-2.61558,-1.6632,-0.565295
129,-2.65597,-1.72542,-0.57567
129,-2.51542,-1.44316,-0.589479
129,-2.69882,-1.59255,-0.376676
129,-2.63578,-1.56883,-0.583869
129,-2.59874,-1.50696,-0.593704
129,-2.39963,-1.15191,-0.603274
129,-2.60683,-1.473,-0.593228
129,-2.60354,-1.44779,-0.589969
129,-2.62427,-1.45557,-0.598406
129,-2.67138,-1.53936,-0.604005
129,-2.61727,-1.43411,-0.592871
129,-2.62526,-1.43795,-0.590812
129,-2.68308,-1.52185,-0.586701
129,-2.62242,-1.40489,-0.593007
129,-2.73986,-1.42297,-0.265781
129,-2.67299,-1.48051,-0.586685
129,-2.57875,-1.29236,-0.59457
129,-2.59457,-1.29792,-0.570852
129,-2.58549,-1.29284,-0.597567
129,-2.70142,-0.735378,0.733711
129,-2.62344,-1.33798,-0.591671
129,-2.62366,-1.33036,-0.593341
129,-2.38307,-0.811363,-0.437623
129,-2.63131,-1.33719,-0.586423
129,-2.42301,-0.805699,-0.318336
129,-2.76193,-1.37976,-0.270533
129,-2.37218,-0.801548,-0.482216
129,-2.39385,-0.801875,-0.415854
129,-2.63594,-1.3271,-0.595799
129,-2.36581,-0.796701,-0.51424
129,-2.64011,-1.32951,-0.598881
129,-2.37783,-0.839963,-0.568145
129,-2.88623,-1.54174,-0.208424
129,-2.63678,-1.29917,-0.575205
129,-2.39711,-0.795835,-0.444921
129,-2.64431,-1.32018,-0.592553
129,-2.6421,-1.29553,-0.573762
129,-2.3837,-0.784371,-0.487326
129,-2.41136,-0.790575,-0.416514
129,-2.61381,-1.24905,-0.597483
129,-2.398,-0.804891,-0.494213
129,-2.37754,-0.780683,-0.519456
129,-2.7329,-0.709654,0.716044
129,-2.70216,-1.38617,-0.574233
129,-2.70654,-1.39419,-0.577852
129,-2.39036,-0.829935,-0.584017
129,-2.382,-0.787669,-0.536969
129,-2.38831,-0.776097,-0.50633
129,-2.81412,-1.40748,-0.281179
129,-2.44734,-0.867479,-0.486881
129,-2.72563,-0.735255,0.616398
129,-2.43988,-0.86115,-0.505159
129,-2.73257,-0.718789,0.665158
129,-2.4098,-0.770494,-0.455591
129,-2.68271,-1.30201,-0.542801
129,-2.73749,-0.723578,0.623295
129,-2.7114,-1.34123,-0.551081
129,-2.78009,-1.28625,-0.23852
129,-2.447,-0.843235,-0.515243
129,-2.69263,-1.29155,-0.548902
129,-2.50776,-0.854378,-0.360508
129,-2.62803,-1.19837,-0.589022
129,-2.60611,-0.853905,-0.0537136
129,-2.69785,-1.29266,-0.551597
129,-2.72112,-1.3341,-0.569533
129,-2.51198,-0.842057,-0.364572
129,-2.74714,-0.724031,0.581715
129,-2.64529,-1.18577,-0.554146
129,-2.70877,-1.27236,-0.51468
129,-2.65773,-0.749564,0.233575
129,-2.62232,-0.84301,-0.0551532
129,-2.75242,-0.726569,0.545892
129,-2.75247,-0.728124,0.530184
129,-2.74881,-0.741778,0.494507
129,-2.76166,-0.789031,0.450664
129,-2.65948,-1.17567,-0.555926
129,-2.76673,-0.793287,0.454764
129,-2.71298,-1.2364,-0.507345
129,-2.75296,-0.729221,0.510793
129,-2.76926,-0.700418,0.611392
129,-2.76286,-0.796067,0.418903
129,-2.65809,-1.16285,-0.557979
129,-2.60006,-1.0732,-0.591077
129,-2.71195,-1.22076,-0.503422
129,-2.77005,-0.778003,0.437733
129,-2.7197,-1.22648,-0.514423
129,-2.3955,-0.64923,-0.519623
129,-2.64352,-0.831551,-0.0621001
129,-2.76926,-0.709169,0.547138
129,-2.76644,-0.719948,0.509894
129,-2.72468,-1.21641,-0.509665
129,-2.39312,-0.637068,-0.533022
129,-2.77604,-0.761701,0.448702
129,-2.78078,-0.7643,0.443856
129,-2.73609,-1.21036,-0.51223
129,-2.79476,-0.77344,0.421229
129,-2.58769,-0.830987,-0.342149
129,-2.39472,-0.582265,-0.543462
129,-2.92382,-1.36995,-0.274099
129,-2.40522,-0.585416,-0.553049
129,-2.82712,-1.15804,-0.253041
129,-2.63385,-0.794191,-0.233864
129,-2.90878,-1.30536,-0.271135
129,-2.75912,-0.791776,0.15695
129,-2.76869,-0.784558,0.183424
129,-2.70675,-0.791216,-0.0583896
129,-2.76901,-1.06933,-0.388039
129,-2.39829,-0.49998,-0.589454
129,-2.8542,-1.10984,-0.255248
129,-2.40833,-0.493291,-0.588142
129,-2.80911,-0.747658,0.19928
129,-2.79287,-0.567847,0.464048
129,-2.79542,-0.655612,0.302323
129,-2.41769,-0.489372,-0.597776
129,-2.79131,-0.606165,0.356026
129,-2.43378,-0.481954,-0.549054
129,-2.73804,-0.875108,-0.304025
129,-2.81873,-0.58228,0.458702
129,-2.73939,-0.867028,-0.293635
129,-2.79886,-1.02578,-0.388223
129,-2.81832,-0.582021,0.449367
129,-2.41899,-0.459492,-0.593368
129,-2.41691,-0.448388,-0.586515
129,-2.93899,-1.18758,-0.276792
129,-2.78355,-0.571245,0.301193
129,-2.74438,-0.842333,-0.31101
129,-2.85082,-0.989189,-0.239387
129,-2.86981,-1.01501,-0.231261
129,-3.18205,-1.58224,-0.253271
129,-2.66993,-0.360607,0.286996
129,-2.87255,-0.987299,-0.227764
129,-2.88858,-1.03491,-0.261525
129,-2.79312,-0.525404,0.298678
129,-2.87959,-0.990117,-0.256819
129,-2.76717,-0.817288,-0.312204
129,-2.80078,-0.518539,0.310379
129,-2.81553,-0.536393,0.315575
129,-2.80917,-0.526581,0.310683
129,-2.81795,-0.546187,0.301421
129,-2.78327,-0.491373,0.286486
129,-2.81417,-0.537185,0.29932
129,-2.77761,-0.473815,0.28615
129,-2.79552,-0.873009,-0.394098
129,-2.70408,-0.767223,-0.504522
129,-2.81,-0.504933,0.283926
129,-2.73953,-0.768186,-0.403444
129,-2.83205,-0.734384,-0.089152
129,-2.84132,-0.748347,-0.0889471
129,-2.96122,-1.06879,-0.280311
129,-2.82774,-0.498879,0.298796
129,-2.76536,-0.777725,-0.410194
129,-2.82515,-0.832585,-0.368278
129,-2.81874,-0.810538,-0.370013
129,-2.93149,-0.890144,-0.266272
129,-2.78632,-0.670913,-0.547734
129,-2.79196,-0.652981,-0.533454
129,-2.87914,-0.775474,-0.535863
129,-2.78454,-0.602279,-0.575253
129,-2.80012,-0.583467,-0.583717
129,-2.84079,-0.60598,-0.559807
129,-2.81206,0.471856,0.288962
129,-2.81698,0.499648,0.30254
129,-2.82826,0.511329,0.330279
129,-2.82411,0.580733,0.302082
129,-2.85543,0.564112,0.369351
129,-2.8218,0.579977,0.288099
129,-2.85156,0.527562,0.287048
129,-2.85501,0.58946,0.298204
129,-5.57179,-0.210258,-0.770759
129,-16.815,4.05941,-3.02459
129,-2.74431,-1.43574,-0.25772
127,-2.74431,-1.43574,-0.25772
129,-2.56283,-1.40764,-0.178069
127,-2.56283,-1.40764,-0.178069
129,-2.66484,-1.68654,-0.354024
127,-2.66484,-1.68654,-0.354024
129,-2.66564,-2.3251,-0.238278
127,-2.66564,-2.3251,-0.238278
129,-2.28566,-2.38569,0.0534588
127,-2.28566,-2.38569,0.0534588
129,-2.79898,-1.15608,-0.287013
127,-2.79898,-1.15608,-0.287013
129,-2.65007,-1.21917,-0.231923
127,-2.65007,-1.21917,-0.231923
129,-2.65906,-2.35919,0.0985448
127,-2.65906,-2.35919,0.0985448
129,-2.62074,-2.36091,0.0380491
127,-2.62074,-2.36091,0.0380491
129,-3.30021,-2.29275,-0.0161453
127,-3.30021,-2.29275,-0.0161453
129,-2.57529,-0.355935,-0.634263
127,-2.57529,-0.355935,-0.634263
129,-2.28724,-2.37368,-0.132133
127,-2.28724,-2.37368,-0.132133
129,-2.354,-2.37728,0.0304604
127,-2.354,-2.37728,0.0304604
129,-2.23682,-2.40069,0.0623137
127,-2.23682,-2.40069,0.0623137
129,-2.24997,-2.38815,0.0387851
127,-2.24997,-2.38815,0.0387851
129,-2.353,-2.38897,0.0474055
127,-2.353,-2.38897,0.0474055
129,-2.36921,-2.38925,0.0859573
127,-2.36921,-2.38925,0.0859573
129,-2.25944,-1.64035,-0.132456
127,-2.25944,-1.64035,-0.132456
129,-2.58813,-1.45802,-0.18864
127,-2.58813,-1.45802,-0.18864
129,-2.21639,-1.74918,-0.0699586
122,-2.21639,-1.74918,-0.0699586
129,-2.44886,-2.25744,-0.545963
122,-2.44886,-2.25744,-0.545963
129,-2.3203,-0.358615,-0.501844
122,-2.3203,-0.358615,-0.501844
129,-2.58211,-1.37317,-0.189118
122,-2.58211,-1.37317,-0.189118
129,-2.40048,-2.39961,0.27335
122,-2.40048,-2.39961,0.27335
129,-2.46729,-2.39953,0.269047
122,-2.46729,-2.39953,0.269047
129,-2.36994,-2.38856,0.0771659
122,-2.36994,-2.38856,0.0771659
129,-2.53813,-1.34476,-0.174164
122,-2.53813,-1.34476,-0.174164
129,-2.67157,-1.48954,-0.582124
122,-2.67157,-1.48954,-0.582124
129,-2.20508,-1.81068,-0.0822153
122,-2.20508,-1.81068,-0.0822153
129,-2.21639,-1.74918,-0.0699586
122,-2.21639,-1.74918,-0.0699586
129,-1.5381,-1.22843,0.491137
122,-1.5381,-1.22843,0.491137
129,-1.56101,-1.22363,0.48263
122,-1.56101,-1.22363,0.48263
129,-2.35198,-2.04801,-0.592606
122,-2.35198,-2.04801,-0.592606
129,-1.5381,-1.22843,0.491137
122,-1.5381,-1.22843,0.491137
129,-1.56101,-1.22363,0.48263
122,-1.56101,-1.22363,0.48263
129,-1.5381,-1.22843,0.491137
122,-1.5381,-1.22843,0.491137
129,-2.59868,-2.70697,0.31993
122,-2.59868,-2.70697,0.31993
129,-2.5404,-2.70778,0.322142
122,-2.5404,-2.70778,0.322142
129,-1.43451,-1.25324,0.356827
122,-1.43451,-1.25324,0.356827
129,-2.91966,-0.990657,-0.297674
122,-2.91966,-0.990657,-0.297674
129,-2.63739,-2.70542,0.321071
122,-2.63739,-2.70542,0.321071
129,-1.4668,-2.17919,0.0876233
122,-1.4668,-2.17919,0.0876233
129,-2.68323,-0.811576,-0.0758614
122,-2.68323,-0.811576,-0.0758614
129,-2.80479,-0.555603,-0.534075
123,-2.80479,-0.555603,-0.534075
129,-2.42095,-1.64386,-0.286417
123,-2.42095,-1.64386,-0.286417
129,-2.22467,-1.7464,-0.0850843
123,-2.22467,-1.7464,-0.0850843
129,-2.48834,-0.886134,-0.30814
123,-2.48834,-0.886134,-0.30814
129,-2.31226,-2.06831,-0.57318
123,-2.31226,-2.06831,-0.57318
129,-2.70324,-0.970083,-0.629878
123,-2.70324,-0.970083,-0.629878
129,-2.22427,-1.74549,-0.0831513
123,-2.22427,-1.74549,-0.0831513
129,-2.68849,-0.741106,-0.219604
123,-2.68849,-0.741106,-0.219604
129,-2.29917,-1.97615,-0.568205
123,-2.29917,-1.97615,-0.568205
129,-2.36075,-2.37044,-0.179883
123,-2.36075,-2.37044,-0.179883
129,-2.63177,-0.790443,-0.205873
123,-2.63177,-0.790443,-0.205873
129,-1.53451,-1.23274,0.304393
123,-1.53451,-1.23274,0.304393
129,-2.25572,-2.40133,-0.0462649
123,-2.25572,-2.40133,-0.0462649
129,-2.3041,-2.35313,-0.411178
123,-2.3041,-2.35313,-0.411178
129,-2.84618,-0.872576,-0.231915
123,-2.84618,-0.872576,-0.231915
129,-2.60081,-0.872226,0.494644
125,-2.60081,-0.872226,0.494644
129,-2.63583,-0.860313,0.408409
125,-2.63583,-0.860313,0.408409
129,-2.6644,-1.709,-0.374351
125,-2.6644,-1.709,-0.374351
129,-2.70155,-0.845227,0.400964
125,-2.70155,-0.845227,0.400964
129,-2.72156,-0.828993,0.408327
125,-2.72156,-0.828993,0.408327
129,-2.58734,-1.11971,-0.214928
125,-2.58734,-1.11971,-0.214928
129,-2.56263,-2.19197,-0.211792
125,-2.56263,-2.19197,-0.211792
129,-2.85456,-0.72228,0.16367
125,-2.85456,-0.72228,0.16367
129,-2.80429,-1.18115,-0.241643
124,-2.80429,-1.18115,-0.241643
129,-3.05155,-1.04071,-0.304548
124,-3.05155,-1.04071,-0.304548
129,-2.79545,-1.41093,-0.103951
124,-2.79545,-1.41093,-0.103951
129,-4.27531,-0.707179,-0.379133
124,-4.27531,-0.707179,-0.379133
129,-3.02636,-0.0125729,0.275897
124,-3.02636,-0.0125729,0.275897
129,-2.43223,-0.925209,-0.396816
124,-2.43223,-0.925209,-0.396816
129,-2.52436,-0.964663,0.386052
124,-2.52436,-0.964663,0.386052
129,-2.8686,-1.32805,-0.413919
124,-2.8686,-1.32805,-0.413919
129,-2.23069,-2.41071,-0.585093
120,-2.23069,-2.41071,-0.585093
129,-2.52864,-0.833961,0.106289
120,-2.52864,-0.833961,0.106289
129,-2.48824,-0.879586,0.116337
120,-2.48824,-0.879586,0.116337
129,-2.58138,1.13578,-0.558781
120,-2.58138,1.13578,-0.558781
129,-2.4866,0.934663,-0.504821
120,-2.4866,0.934663,-0.504821
129,-2.57004,-2.70283,0.44296
120,-2.57004,-2.70283,0.44296
129,-2.31974,-0.86886,-0.396305
120,-2.31974,-0.86886,-0.396305
129,-2.5084,0.442074,0.322149
120,-2.5084,0.442074,0.322149
129,-2.67054,-1.47576,-0.209372
120,-2.67054,-1.47576,-0.209372
129,-2.75388,0.95949,0.343351
120,-2.75388,0.95949,0.343351
129,-2.35362,0.202416,0.360051
120,-2.35362,0.202416,0.360051
129,-2.55205,0.575313,0.350987
120,-2.55205,0.575313,0.350987
130,-2.01593,-2.49609,0.298312
130,-2.33937,-2.57013,0.203076
130,-2.43446,-2.67071,0.293141
130,-1.6612,-1.65728,-0.601039
130,-2.39993,-2.46925,0.268452
130,-1.78577,-1.79959,-0.608573
130,-1.76711,-1.76919,-0.625614
130,-1.77043,-1.76826,-0.628948
130,-1.79276,-1.79363,-0.616506
130,-2.26122,-2.68602,-0.605856
130,-2.25816,-2.65722,-0.6093
130,-2.26066,-2.65587,-0.612662
130,-2.19731,-2.46058,-0.583786
130,-2.20048,-2.45913,-0.587163
130,-2.47674,-2.40003,0.282359
130,-2.47536,-2.39319,0.278213
130,-2.47346,-2.39584,0.259117
130,-2.47289,-2.39736,0.24759
130,-2.49174,-2.40435,0.280415
130,-2.49488,-2.39719,0.282172
130,-2.4915,-2.39135,0.279761
130,-2.2172,-2.40423,-0.59175
130,-2.41599,-2.39965,0.0137258
130,-2.21999,-2.40303,-0.587675
130,-2.50911,-2.40498,0.279792
130,-2.22126,-2.39883,-0.594006
130,-2.23375,-2.41133,-0.582321
130,-2.2351,-2.41391,-0.582905
130,-2.52353,-2.41712,0.27595
130,-2.27143,-2.45652,-0.557145
130,-2.22845,-2.39843,-0.603157
130,-2.24505,-2.42383,-0.593105
130,-2.2458,-2.41786,-0.58263
130,-2.23134,-2.39943,-0.602699
130,-2.52186,-2.39449,0.27484
130,-2.26087,-2.40635,-0.571356
130,-2.27116,-2.43792,-0.603031
130,-2.26591,-2.39841,-0.568966
130,-2.27892,-2.43526,-0.60648
130,-2.34995,-2.36755,-0.298601
130,-2.32622,-2.39822,-0.444052
130,-2.2944,-2.39795,-0.540711
130,-2.32919,-2.39981,-0.445091
130,-2.33631,-2.39588,-0.421778
130,-2.31663,-2.38116,-0.522728
130,-2.3205,-2.38228,-0.523281
130,-2.26985,-2.15335,-0.608929
130,-2.29801,-2.12259,-0.596268
130,-2.31648,-2.03144,-0.605607
130,-2.32177,-2.02706,-0.612424
130,-2.32524,-2.0128,-0.610604
130,-2.33722,-2.03482,-0.613165
130,-2.34,-2.00286,-0.608203
130,-2.58763,-2.30699,-0.316975
130,-2.51999,-2.25704,-0.554226
130,-1.74981,-0.723122,-0.634229
130,-2.62367,-2.29942,-0.332932
130,-2.62006,-2.27954,-0.323269
130,-2.62108,-2.27431,-0.330959
130,-2.62561,-2.27793,-0.330535
130,-2.64095,-2.2645,-0.278015
130,-2.63812,-2.29479,-0.333232
130,-2.64621,-2.26726,-0.26876
130,-2.63742,-2.28507,-0.334992
130,-2.38463,-1.94728,-0.605547
130,-2.64368,-2.24326,-0.267265
130,-2.67687,-2.31457,-0.293831
130,-2.64321,-2.22108,-0.266023
130,-2.6759,-2.27926,-0.26527
130,-2.64083,-2.20401,-0.263215
130,-2.68446,-2.29962,-0.28161
130,-2.62097,-2.23033,-0.382479
130,-2.65957,-2.22013,-0.271211
130,-2.6548,-2.21773,-0.286017
130,-2.66918,-2.20328,-0.233244
130,-2.69912,-2.27311,-0.247992
130,-2.42139,-1.9328,-0.589925
130,-2.69687,-2.25821,-0.248172
130,-2.67286,-2.19423,-0.235865
130,-2.67963,-2.21963,-0.255337
130,-2.65457,-2.18762,-0.286316
130,-2.43087,-1.93635,-0.592424
130,-2.65941,-2.1672,-0.243783
130,-2.66405,-2.17612,-0.243547
130,-2.67521,-2.20448,-0.252341
130,-2.70599,-2.25805,-0.257106
130,-2.62348,-2.08577,-0.253058
130,-2.54971,-2.12148,-0.544143
130,-2.70085,-2.23389,-0.254607
130,-2.55292,-2.12237,-0.546305
130,-2.64271,-2.1022,-0.261069
130,-2.67814,-2.12855,-0.213194
130,-2.45488,-1.91855,-0.581721
130,-2.64072,-2.0809,-0.259823
130,-2.71753,-2.21217,-0.227617
130,-2.45942,-1.91631,-0.583094
130,-2.73223,-2.23512,-0.236693
130,-2.46192,-1.90571,-0.587089
130,-2.47271,-1.91473,-0.593692
130,-2.6424,-2.02845,-0.378049
130,-2.55665,-1.9868,-0.588056
130,-2.66126,-1.49345,0.442054
130,-2.65354,-1.93848,-0.242481
130,-2.57937,-2.02942,-0.603643
130,-2.65103,-1.94019,-0.254728
130,-2.65232,-1.9411,-0.259346
130,-2.56679,-1.98965,-0.591959
130,-2.65791,-1.92956,-0.259168
130,-2.57725,-1.97585,-0.595659
130,-2.64327,-1.95779,-0.382307
130,-2.57275,-1.95731,-0.59842
130,-2.57383,-1.95617,-0.59554
130,-2.6451,-1.9561,-0.38137
130,-2.51142,-1.82275,-0.592458
130,-2.57808,-1.95813,-0.602055
130,-2.52987,-1.8494,-0.593917
130,-2.64637,-1.93917,-0.375686
130,-2.56288,-1.88766,-0.561654
130,-2.66035,-1.96487,-0.38095
130,-2.64075,-1.91831,-0.372249
130,-2.53444,-1.85021,-0.593797
130,-2.58908,-1.96019,-0.599381
130,-2.64243,-1.91833,-0.384229
130,-2.70483,-1.49303,0.43171
130,-2.52754,-1.8152,-0.590504
130,-2.63297,-2.0151,-0.577976
130,-2.64952,-1.92254,-0.406479
130,-2.60242,-1.96019,-0.607899
130,-2.65751,-1.94153,-0.41529
130,-2.55118,-1.84385,-0.602301
130,-2.54778,-1.83688,-0.602561
130,-2.53792,-1.81266,-0.601939
130,-2.65745,-1.81299,-0.250839
130,-2.596,-1.91238,-0.584788
130,-2.55698,-1.83244,-0.599206
130,-2.56192,-1.83877,-0.599795
130,-2.59286,-1.87544,-0.580594
130,-2.65604,-1.88405,-0.412125
130,-2.59356,-1.86628,-0.575722
130,-2.60414,-1.88823,-0.594429
130,-2.60365,-1.88857,-0.597016
130,-2.60024,-1.8609,-0.585113
130,-2.66809,-2.00653,-0.595596
130,-2.59643,-1.8339,-0.574521
130,-2.65506,-1.81543,-0.373815
130,-2.6001,-1.83222,-0.574408
130,-2.61165,-1.8538,-0.593012
130,-2.65592,-1.79529,-0.382846
130,-2.61405,-1.84029,-0.585249
130,-2.65938,-1.76659,-0.340455
130,-2.61535,-1.8308,-0.581562
130,-2.64109,-1.66509,-0.265495
130,-2.66754,-1.71326,-0.407421
130,-2.70341,-1.67389,-0.265492
130,-2.72457,-1.69537,-0.273405
130,-2.71414,-1.66853,-0.267884
130,-2.82115,-1.39409,0.447313
130,-2.6871,-1.64768,-0.408846
130,-2.69156,-1.64542,-0.411918
130,-2.68647,-1.61652,-0.407166
130,-2.66538,-1.63862,-0.603895
130,-2.7263,-1.5316,-0.268369
130,-2.68289,-1.63991,-0.58384
130,-2.64488,-1.56577,-0.593364
130,-2.65946,-1.57691,-0.587296
130,-2.73905,-1.50739,-0.271533
130,-2.65312,-1.50839,-0.567154
130,-2.7824,-1.57996,-0.290137
130,-2.68169,-1.57316,-0.598588
130,-2.68118,-1.56777,-0.601783
130,-2.68402,-1.56475,-0.599679
130,-2.43237,-0.911751,-0.424618
130,-2.67756,-1.53539,-0.611035
130,-2.35537,-0.829466,-0.550361
130,-2.73414,-0.713048,0.75315
130,-2.61344,-0.808801,0.232502
130,-2.74536,-1.41638,-0.269741
130,-2.58704,-1.30817,-0.594418
130,-2.3588,-0.824578,-0.583805
130,-2.71188,-1.4034,-0.377875
130,-2.73698,-0.71452,0.714803
130,-2.68469,-1.48414,-0.586998
130,-2.74105,-0.716432,0.709762
130,-2.60316,-1.30894,-0.589381
130,-2.59663,-1.29504,-0.602971
130,-2.38114,-0.811188,-0.541143
130,-2.38243,-0.835426,-0.580657
130,-2.37745,-0.807125,-0.558319
130,-2.64689,-1.37653,-0.585449
130,-2.59039,-1.2727,-0.605563
130,-2.74559,-0.71784,0.669984
130,-2.35477,-0.773874,-0.602569
130,-2.42242,-0.789832,-0.425569
130,-2.39326,-0.835419,-0.584597
130,-2.75756,-1.34883,-0.245559
130,-2.7478,-0.7218,0.648662
130,-2.60797,-1.28131,-0.605555
130,-2.66019,-1.37488,-0.590783
130,-2.74938,-0.72135,0.6432
130,-2.75619,-1.34957,-0.271637
130,-2.7493,-0.725316,0.6146
130,-2.40514,-0.832157,-0.587487
130,-2.63888,-1.31339,-0.594808
130,-2.67532,-1.3868,-0.593831
130,-2.75203,-0.726034,0.616036
130,-2.61243,-1.26503,-0.605465
130,-2.76365,-1.31431,-0.246481
130,-2.36865,-0.720395,-0.571357
130,-2.64518,-1.2938,-0.585956
130,-2.64667,-1.29703,-0.587737
130,-2.61459,-0.863857,-0.0480305
130,-2.64377,-1.29844,-0.609921
130,-2.52931,-0.859621,-0.307555
130,-2.65439,-1.29735,-0.58317
130,-2.64959,-1.29459,-0.596218
130,-2.62226,-1.22665,-0.589683
130,-2.66703,-1.31706,-0.600595
130,-2.82347,-1.38353,-0.258453
130,-2.77803,-0.80707,0.455618
130,-2.63941,-1.24468,-0.620131
130,-2.44114,-0.821517,-0.600111
130,-2.86355,-1.5329,-0.37776
130,-2.72215,-1.38216,-0.584071
130,-2.7501,-1.30319,-0.39097
130,-2.65235,-1.23589,-0.593085
130,-2.73657,-1.38702,-0.58179
130,-2.7632,-1.22679,-0.269586
130,-2.68598,-0.727884,0.2303
130,-2.82988,-1.32679,-0.232019
130,-2.83358,-1.35182,-0.265225
130,-2.72574,-1.3363,-0.572416
130,-2.83448,-0.835128,0.497515
130,-2.55787,-0.41162,0.283958
130,-2.65615,-0.838393,-0.0506221
130,-2.55495,-0.387448,0.28319
130,-2.66777,-1.18593,-0.560529
130,-2.83781,-1.32338,-0.258874
130,-2.73223,-1.27105,-0.515865
130,-2.67122,-1.16889,-0.562905
130,-2.75731,-0.609976,0.47569
130,-2.68529,-1.16564,-0.565426
130,-2.74546,-1.2544,-0.518468
130,-2.74361,-1.24343,-0.511779
130,-2.73865,-1.05663,-0.255286
130,-2.81366,-0.761912,0.406623
130,-2.7561,-1.16708,-0.386419
130,-2.73978,-1.21488,-0.51603
130,-3.09273,-1.26809,0.461063
130,-2.75659,-1.24286,-0.519735
130,-2.76368,-1.25406,-0.519854
130,-2.76044,-1.01968,-0.237029
130,-2.78258,-0.592453,0.462085
130,-2.79231,-0.625873,0.441527
130,-2.7702,-1.12728,-0.392134
130,-2.63987,-0.405005,0.280672
130,-2.40511,-0.501776,-0.587493
130,-2.76584,-1.01958,-0.262712
130,-2.42856,-0.527762,-0.573369
130,-2.74661,-1.03806,-0.377638
130,-2.77572,-1.00443,-0.239848
130,-2.40982,-0.481107,-0.584777
130,-2.73608,-1.00564,-0.373268
130,-2.72787,-0.778889,-0.0633491
130,-2.4155,-0.49565,-0.592204
130,-2.77167,-1.01498,-0.290492
130,-2.74201,-1.00755,-0.375603
130,-2.41629,-0.472341,-0.588664
130,-2.81415,-0.714599,0.249294
130,-2.89098,-1.25163,-0.313481
130,-2.82669,-0.732222,0.238071
130,-2.82065,-0.770894,0.161799
130,-2.79184,-1.00531,-0.297405
130,-2.82147,-1.03863,-0.258073
130,-2.8387,-1.06624,-0.263584
130,-2.74182,-0.871929,-0.292699
130,-2.74806,-0.864874,-0.293868
130,-2.74821,-0.887993,-0.333465
130,-2.73919,-0.8514,-0.312251
130,-2.84622,-1.02189,-0.265362
130,-2.76366,-0.867978,-0.304819
130,-2.8435,-0.995997,-0.255824
130,-2.75295,-0.841474,-0.319021
130,-2.75372,-0.838499,-0.316825
130,-2.83701,-0.767332,-0.0784617
130,-2.83321,-0.515307,0.280872
130,-2.84522,-0.54578,0.266033
130,-2.84969,-0.524957,0.281165
130,-2.89401,-0.975833,-0.27703
130,-2.95361,-1.12566,-0.331545
130,-2.85979,-0.742863,-0.097778
130,-2.87047,-0.751372,-0.0871757
130,-2.76414,-0.771433,-0.596314
130,-2.98196,-0.97365,-0.336582
130,-3.01991,-0.946202,-0.304153
130,-2.81258,-0.589465,-0.580918
130,-2.84571,-0.625833,-0.569301
130,-2.82079,0.481007,0.307354
130,-2.81822,0.480092,0.294266
130,-2.81792,0.542142,0.305821
130,-2.81568,0.541796,0.292619
130,-3.52589,-1.26977,-0.625071
130,-8.33452,0.700391,-1.6151
130,-2.68905,-0.874438,0.422154
128,-2.68905,-0.874438,0.422154
130,-2.65217,-1.53383,-0.362092
128,-2.65217,-1.53383,-0.362092
130,-2.81906,-0.738952,0.193182
128,-2.81906,-0.738952,0.193182
130,-2.6439,-2.23749,-0.265677
128,-2.6439,-2.23749,-0.265677
130,-2.60154,-2.15334,-0.371402
128,-2.60154,-2.15334,-0.371402
130,-2.65704,-0.904641,0.416665
128,-2.65704,-0.904641,0.416665
130,-2.81031,-0.674794,0.589875
128,-2.81031,-0.674794,0.589875
130,-2.44701,-2.37499,0.109529
128,-2.44701,-2.37499,0.109529
130,-2.90225,-0.716419,0.312989
128,-2.90225,-0.716419,0.312989
130,-2.89514,-0.681211,0.427259
128,-2.89514,-0.681211,0.427259
130,-2.73489,-1.04428,-0.219484
128,-2.73489,-1.04428,-0.219484
130,-2.67238,-1.05095,-0.200157
128,-2.67238,-1.05095,-0.200157
130,-2.70972,-1.05571,-0.264456
128,-2.70972,-1.05571,-0.264456
130,-2.68649,-1.14568,-0.211181
128,-2.68649,-1.14568,-0.211181
130,-2.63045,-1.09842,-0.220653
128,-2.63045,-1.09842,-0.220653
130,-2.69771,-2.30682,-0.559263
128,-2.69771,-2.30682,-0.559263
130,-2.71272,-0.790028,0.4747
128,-2.71272,-0.790028,0.4747
130,-2.44264,-1.92494,-0.64945
128,-2.44264,-1.92494,-0.64945
130,-2.42126,-0.442144,-0.578348
128,-2.42126,-0.442144,-0.578348
130,-2.66344,-1.99631,-0.376982
127,-2.66344,-1.99631,-0.376982
130,-2.68065,-1.10056,-0.235074
127,-2.68065,-1.10056,-0.235074
130,-2.69088,-0.680031,-0.541676
127,-2.69088,-0.680031,-0.541676
130,-2.70213,-1.73406,-0.386571
127,-2.70213,-1.73406,-0.386571
130,-2.70943,-1.06887,-0.214593
127,-2.70943,-1.06887,-0.214593
130,-2.64533,-1.39357,-0.202814
127,-2.64533,-1.39357,-0.202814
130,-2.76312,-0.754671,-0.052055
127,-2.76312,-0.754671,-0.052055
130,-2.60344,-1.34635,-0.33239
122,-2.60344,-1.34635,-0.33239
130,-2.65117,-0.798839,0.260716
122,-2.65117,-0.798839,0.260716
130,-2.38741,-2.4051,0.283971
122,-2.38741,-2.4051,0.283971
130,-2.22801,-2.16412,-0.58144
122,-2.22801,-2.16412,-0.58144
130,-2.63106,-1.45807,-0.20198
122,-2.63106,-1.45807,-0.20198
130,-2.38405,-2.69709,0.276709
122,-2.38405,-2.69709,0.276709
130,-2.26725,-2.45739,-0.604388
122,-2.26725,-2.45739,-0.604388
130,-2.82057,-0.538407,0.288192
122,-2.82057,-0.538407,0.288192
130,-2.70913,-0.87829,-0.0384189
122,-2.70913,-0.87829,-0.0384189
130,-2.62498,-2.70951,0.319252
122,-2.62498,-2.70951,0.319252
130,-2.77313,-0.667976,-0.379611
123,-2.77313,-0.667976,-0.379611
130,-2.77177,-1.09841,-0.175266
123,-2.77177,-1.09841,-0.175266
130,-2.59606,-1.44869,-0.218753
123,-2.59606,-1.44869,-0.218753
130,-2.49319,-1.00249,-0.624896
123,-2.49319,-1.00249,-0.624896
130,-2.71853,-1.13278,-0.162188
123,-2.71853,-1.13278,-0.162188
130,-2.7581,-0.699974,-0.521539
123,-2.7581,-0.699974,-0.521539
130,-2.66918,-1.16216,-0.181987
125,-2.66918,-1.16216,-0.181987
130,-2.79591,-1.53213,-0.133557
125,-2.79591,-1.53213,-0.133557
130,-2.49264,-2.14267,-0.151792
125,-2.49264,-2.14267,-0.151792
130,-2.77117,-1.10454,-0.203961
125,-2.77117,-1.10454,-0.203961
130,-2.64594,-1.083,-0.224586
125,-2.64594,-1.083,-0.224586
130,-2.81265,-0.768219,0.411018
125,-2.81265,-0.768219,0.411018
130,-2.68606,-1.25263,-0.24004
125,-2.68606,-1.25263,-0.24004
130,-1.52411,-1.9961,0.501901
120,-1.52411,-1.9961,0.501901
130,-2.37549,-2.47772,0.284563
120,-2.37549,-2.47772,0.284563
130,-2.52867,-2.43033,0.27103
120,-2.52867,-2.43033,0.27103
130,-2.46986,-2.45662,0.276228
120,-2.46986,-2.45662,0.276228
130,-2.38944,-1.9528,-0.161438
120,-2.38944,-1.9528,-0.161438
130,-2.38382,-2.72215,0.315257
120,-2.38382,-2.72215,0.315257
130,-2.55457,-2.70868,0.306619
120,-2.55457,-2.70868,0.306619
130,-2.76851,-0.760386,0.259878
124,-2.76851,-0.760386,0.259878
130,-2.60153,-2.2148,-0.191398
124,-2.60153,-2.2148,-0.191398
130,-2.72117,-1.40668,-0.367512
124,-2.72117,-1.40668,-0.367512
130,-2.45688,-2.77108,0.309264
117,-2.45688,-2.77108,0.309264
130,-2.52129,-1.26932,-0.476883
113,-2.52129,-1.26932,-0.476883
130,-2.57862,-0.858247,-0.18558
115,-2.57862,-0.858247,-0.18558
131,-2.44905,-2.74928,0.587871
131,-2.46798,-2.76238,0.563427
131,-2.46643,-2.76057,0.561145
131,-2.47947,-2.76295,0.561051
131,-2.47821,-2.75847,0.560949
131,-2.47488,-2.75184,0.55723
131,-2.48152,-2.75093,0.556512
131,-2.42535,-2.80953,0.315773
131,-2.42086,-2.80581,0.307652
131,-2.49347,-2.7636,0.543371
131,-2.43718,-2.81194,0.331075
131,-2.45706,-2.77024,0.420002
131,-2.46078,-2.76565,0.307249
131,-2.46004,-2.76122,0.300844
131,-2.46561,-2.75514,0.305937
131,-2.47271,-2.76266,0.307236
131,-2.4763,-2.75983,0.306643
131,-2.46422,-2.6812,0.288733
131,-2.4142,-2.56194,0.187665
131,-2.44065,-2.50477,0.273694
131,-2.61227,-2.71858,0.492232
131,-2.44022,-2.50395,0.263809
131,-2.44096,-2.50215,0.265854
131,-2.45094,-2.5044,0.275006
131,-2.43505,-2.46985,0.267739
131,-2.43637,-2.46224,0.263137
131,-2.46066,-2.50522,0.275229
131,-2.45167,-2.44982,0.294932
131,-2.42901,-2.43419,0.222963
131,-2.44535,-2.44422,0.248921
131,-2.61988,-2.69576,0.434991
131,-2.44337,-2.39801,0.280382
131,-2.47129,-2.44718,0.292777
131,-2.61853,-2.68441,0.425192
131,-2.23799,-2.67735,-0.599589
131,-2.4922,-2.48144,0.285714
131,-2.23859,-2.66539,-0.594728
131,-2.234,-2.6551,-0.599707
131,-2.45444,-2.38981,0.271301
131,-2.45789,-2.39736,0.271504
131,-2.44604,-2.4001,0.231255
131,-2.50436,-2.48954,0.284083
131,-2.24385,-2.65531,-0.600663
131,-2.24383,-2.6566,-0.606237
131,-2.44433,-2.39614,0.211243
131,-2.24596,-2.65485,-0.60488
131,-2.50951,-2.48224,0.282073
131,-2.6257,-2.71821,0.329299
131,-2.52357,-2.49648,0.287203
131,-2.54155,-2.53873,0.287702
131,-2.41786,-2.39887,0.0998306
131,-2.4492,-2.38398,0.195939
131,-2.53084,-2.48964,0.28229
131,-2.55366,-2.53665,0.287099
131,-2.41368,-2.38382,0.0689229
131,-2.41137,-2.38394,0.0624536
131,-2.40703,-2.39677,0.00439388
131,-2.40645,-2.37258,0.0133125
131,-2.41727,-2.39518,0.00334185
131,-2.41962,-2.37074,0.0235066
131,-2.12905,-2.19535,-0.57764
131,-2.21672,-2.42041,-0.605758
131,-2.13425,-2.19366,-0.581993
131,-2.57536,-2.45715,0.283097
131,-2.23068,-2.42404,-0.61302
131,-2.40192,-2.38102,-0.116661
131,-2.22855,-2.39818,-0.602055
131,-2.26653,-2.4704,-0.593294
131,-2.24169,-2.40602,-0.598923
131,-2.24532,-2.40887,-0.59247
131,-2.24364,-2.40985,-0.599049
131,-2.24381,-2.40525,-0.595647
131,-2.24588,-2.40907,-0.595871
131,-2.23634,-2.39613,-0.609764
131,-2.33278,-2.38353,-0.340164
131,-2.59543,-2.45908,0.279154
131,-2.23764,-2.38919,-0.604271
131,-2.25899,-2.42812,-0.597915
131,-2.4018,-2.35834,-0.141448
131,-2.40398,-2.35913,-0.139516
131,-2.35967,-2.37758,-0.290084
131,-2.27666,-2.45418,-0.600064
131,-2.32155,-2.35068,-0.371246
131,-2.35978,-2.3596,-0.284658
131,-2.27942,-2.45479,-0.60409
131,-2.27103,-2.39256,-0.565284
131,-2.26484,-2.41284,-0.607702
131,-2.36274,-2.3568,-0.285357
131,-2.25321,-2.38341,-0.609141
131,-2.27739,-2.44946,-0.617297
131,-2.33442,-2.37529,-0.393147
131,-2.27458,-2.40143,-0.584389
131,-2.32983,-2.37453,-0.420252
131,-2.29943,-2.38002,-0.519586
131,-2.42733,-2.34979,-0.145995
131,-2.2631,-2.27693,-0.513499
131,-2.28418,-2.39618,-0.588623
131,-2.35314,-2.3544,-0.37039
131,-2.3318,-2.35138,-0.425146
131,-2.43435,-2.34795,-0.154269
131,-2.34309,-2.34652,-0.432363
131,-2.46334,-2.20878,-0.0457815
131,-2.24744,-2.15946,-0.600196
131,-2.25193,-2.15606,-0.60432
131,-2.49084,-2.33532,-0.176125
131,-2.26475,-2.14733,-0.610821
131,-2.46022,-2.18393,-0.131029
131,-2.47182,-2.19988,-0.11828
131,-2.27373,-2.11993,-0.574215
131,-2.46814,-2.216,-0.161895
131,-2.4598,-2.21548,-0.192352
131,-2.47931,-2.17777,-0.13842
131,-2.49937,-2.25073,-0.173472
131,-2.47914,-2.16654,-0.14028
131,-2.2957,-2.1297,-0.597061
131,-2.28893,-2.11859,-0.603462
131,-2.48707,-2.20692,-0.178418
131,-2.49596,-2.20837,-0.167249
131,-2.49801,-2.20888,-0.168862
131,-2.50026,-2.22655,-0.184336
131,-2.37058,-2.27733,-0.595245
131,-2.51124,-2.24038,-0.179792
131,-2.52454,-2.27813,-0.18607
131,-2.5175,-2.23098,-0.153878
131,-2.50942,-2.22428,-0.174084
131,-2.51537,-2.2577,-0.196062
131,-2.31316,-2.12598,-0.596277
131,-2.5155,-2.24795,-0.188314
131,-2.31204,-2.1246,-0.600335
131,-2.54608,-2.32645,-0.20057
131,-2.5023,-2.20309,-0.183336
131,-2.52601,-2.24078,-0.161018
131,-2.52665,-2.25432,-0.188764
131,-2.38372,-2.28299,-0.607724
131,-2.50823,-2.20355,-0.189872
131,-2.52038,-2.31624,-0.280652
131,-2.53799,-2.25421,-0.166364
131,-2.53758,-2.2495,-0.163455
131,-2.51402,-2.17528,-0.155191
131,-2.51274,-2.16736,-0.151965
131,-2.51271,-2.20068,-0.189483
131,-2.31058,-2.03056,-0.602231
131,-2.50737,-2.24688,-0.320556
131,-2.53577,-2.29029,-0.292466
131,-2.30397,-2.00691,-0.608337
131,-2.27605,-1.79882,-0.537708
131,-2.529,-2.22248,-0.329938
131,-2.50493,-2.26411,-0.525072
131,-2.27085,-1.73994,-0.616492
131,-2.51786,-2.24662,-0.568573
131,-2.40727,-1.93361,-0.580546
131,-2.41854,-1.93461,-0.586096
131,-2.43166,-1.92703,-0.571861
131,-2.42749,-1.91433,-0.57561
131,-2.43756,-1.92307,-0.571904
131,-2.43933,-1.91701,-0.577277
131,-2.44236,-1.92039,-0.573013
131,-2.44536,-1.91539,-0.584086
131,-2.6644,-1.97562,-0.0744178
131,-2.66436,-1.9761,-0.0841366
131,-2.56209,-2.11212,-0.555393
131,-2.53333,-2.03884,-0.588804
131,-2.58427,-2.10852,-0.572447
131,-2.49144,-1.87846,-0.579843
131,-2.55649,-2.03013,-0.60219
131,-2.65354,-1.93171,-0.25408
131,-2.52793,-1.93888,-0.603079
131,-2.56629,-2.02627,-0.603034
131,-2.56612,-2.02826,-0.609423
131,-2.56749,-2.03002,-0.609016
131,-2.53377,-1.93553,-0.612
131,-2.51506,-1.86619,-0.597363
131,-2.5822,-2.01564,-0.580983
131,-2.53846,-1.93361,-0.614049
131,-2.5846,-2.01184,-0.579804
131,-2.52069,-1.86498,-0.596298
131,-2.60533,-2.03766,-0.564224
131,-2.52147,-1.84672,-0.58333
131,-2.51014,-1.81891,-0.583946
131,-2.61167,-2.04725,-0.565125
131,-2.67545,-1.92219,-0.260886
131,-2.52323,-1.84345,-0.584653
131,-2.62844,-1.91289,-0.381993
131,-2.57382,-1.96743,-0.5906
131,-2.62179,-2.05548,-0.570769
131,-2.59022,-2.02219,-0.620986
131,-2.57738,-1.97417,-0.603124
131,-2.52241,-1.80677,-0.591304
131,-2.52224,-1.81142,-0.597471
131,-2.53444,-1.84083,-0.599928
131,-2.5392,-1.83787,-0.599737
131,-2.58319,-1.91868,-0.575892
131,-2.63512,-2.049,-0.579936
131,-2.65831,-1.90596,-0.394504
131,-2.59093,-1.91754,-0.589039
131,-2.67046,-1.93658,-0.399242
131,-2.5773,-1.86794,-0.578959
131,-2.54042,-1.79303,-0.606735
131,-2.64636,-2.029,-0.587562
131,-2.60442,-1.8773,-0.587978
131,-2.60229,-1.87866,-0.604575
131,-2.55229,-1.73175,-0.578294
131,-2.60446,-1.87525,-0.603025
131,-2.60639,-1.87441,-0.603184
131,-2.61172,-1.86568,-0.590263
131,-3.08976,-2.17517,0.34527
131,-2.5588,-1.72213,-0.586988
131,-2.5648,-1.71528,-0.59051
131,-2.6135,-1.82219,-0.582402
131,-2.55648,-1.67634,-0.581162
131,-2.61937,-1.83166,-0.589767
131,-2.5776,-1.71052,-0.59132
131,-2.57673,-1.70793,-0.597192
131,-2.58302,-1.71836,-0.592541
131,-2.63364,-1.82778,-0.596571
131,-2.57403,-1.67722,-0.597526
131,-2.59187,-1.71249,-0.595797
131,-2.63757,-1.81846,-0.593119
131,-2.63564,-1.65753,-0.576506
131,-2.73226,-0.725152,0.668411
131,-2.62776,-1.58796,-0.572031
131,-2.60393,-1.52586,-0.591682
131,-2.63048,-0.7959,0.254556
131,-2.65867,-1.63806,-0.599058
131,-2.67353,-1.64872,-0.573642
131,-2.63293,-0.793698,0.246273
131,-2.63596,-0.793395,0.24931
131,-2.64518,-1.56012,-0.580462
131,-2.64998,-0.777504,0.263852
131,-2.60662,-1.44722,-0.588025
131,-2.75808,-0.801498,0.492701
131,-2.37128,-0.810707,-0.553626
131,-2.62032,-1.43817,-0.594104
131,-2.65822,-1.50539,-0.568828
131,-2.62876,-0.766627,0.154172
131,-2.66611,-1.51494,-0.570267
131,-2.36559,-0.782511,-0.582274
131,-2.77024,-0.71394,0.575849
131,-2.61927,-1.40848,-0.592919
131,-2.68464,-0.785049,0.260379
131,-2.66741,-1.49983,-0.569553
131,-2.68306,-0.763129,0.255366
131,-2.67162,-1.52456,-0.615122
131,-2.67485,-1.53168,-0.615013
131,-2.39596,-0.793379,-0.560076
131,-2.69344,-1.55354,-0.610632
131,-2.5802,-1.26959,-0.605996
131,-2.58696,-1.28565,-0.605506
131,-2.40764,-0.790722,-0.549015
131,-2.59752,-1.28882,-0.599898
131,-2.63116,-0.854155,-0.0371287
131,-2.69105,-1.52986,-0.614863
131,-2.6952,-1.51435,-0.594543
131,-2.6977,-1.51519,-0.595487
131,-2.62949,-1.33977,-0.593364
131,-2.69045,-1.48047,-0.584995
131,-2.59913,-1.27267,-0.613943
131,-2.69751,-1.48381,-0.591019
131,-2.75383,-0.604244,0.503937
131,-2.63092,-1.29736,-0.583731
131,-2.60936,-1.26494,-0.606605
131,-2.62626,-1.28976,-0.589824
131,-2.74764,-0.66168,0.418481
131,-2.75254,-0.660644,0.418482
131,-2.6458,-1.32829,-0.597294
131,-2.75356,-0.607839,0.475214
131,-2.6481,-1.3005,-0.580564
131,-2.76112,-0.606628,0.4754
131,-2.67695,-1.37728,-0.593275
131,-2.76001,-0.609202,0.46777
131,-2.7549,-0.658552,0.39505
131,-2.76729,-0.639391,0.440117
131,-2.64879,-1.29428,-0.596568
131,-2.82142,-0.742806,0.440852
131,-2.65989,-1.28704,-0.585949
131,-2.62925,-1.23302,-0.618293
131,-2.67639,-1.32034,-0.588855
131,-2.76668,-0.644428,0.382737
131,-2.64665,-1.24072,-0.590076
131,-2.76823,-0.608188,0.422977
131,-2.68588,-1.29424,-0.549067
131,-2.76076,-0.730123,0.263102
131,-2.64928,-1.19531,-0.54597
131,-2.77373,-0.602469,0.429101
131,-2.82917,-0.739429,0.421206
131,-2.65767,-1.19845,-0.54057
131,-2.81815,-0.708222,0.410366
131,-2.77536,-0.605058,0.399228
131,-2.77979,-0.607074,0.40881
131,-2.78051,-0.591674,0.426577
131,-2.722,-1.37254,-0.59154
131,-2.65785,-1.18264,-0.558015
131,-2.72839,-1.38083,-0.586774
131,-2.66301,-1.17669,-0.553735
131,-2.78489,-0.596877,0.401957
131,-2.73154,-1.37276,-0.589642
131,-2.73262,-1.37624,-0.591367
131,-2.7121,-1.28432,-0.561943
131,-2.72695,-1.32688,-0.574371
131,-2.398,-0.527834,-0.586818
131,-2.74059,-1.31637,-0.569176
131,-2.40367,-0.49573,-0.585698
131,-2.72806,-0.772732,-0.0555479
131,-2.83992,-0.701522,0.317221
131,-2.75335,-1.30994,-0.58063
131,-2.73038,-0.475272,0.268459
131,-2.81502,-0.743376,0.1661
131,-2.76877,-1.23778,-0.527015
131,-2.83475,-0.705703,0.2132
131,-2.77814,-1.23219,-0.533197
131,-2.80437,-0.579829,0.247526
131,-2.84713,-0.68765,0.24159
131,-2.76673,-0.748605,-0.0480226
131,-2.763,-0.878542,-0.298225
131,-2.76678,-0.872018,-0.327897
131,-2.81812,-0.447394,0.269579
131,-2.766,-0.857088,-0.318326
131,-2.76881,-0.847042,-0.311321
131,-2.77051,-0.852385,-0.324918
131,-2.9047,-1.13543,-0.304116
131,-2.74791,-0.680907,-0.232091
131,-2.8658,-1.07054,-0.439665
131,-2.80379,-0.786686,-0.344005
131,-2.88233,-0.712091,-0.0892128
131,-2.83569,-0.805483,-0.386282
131,-2.89887,-0.697546,-0.113597
131,-2.90185,-0.699734,-0.109239
131,-2.90265,-0.689222,-0.117536
131,-2.83178,-0.677993,-0.29659
131,-2.9169,-0.679604,-0.101178
131,-2.90113,-0.91668,-0.454672
131,-3.10137,-1.28592,-0.339748
131,-2.88396,-0.781822,-0.411522
131,-2.87794,-0.773123,-0.425964
131,-2.88395,-0.793013,-0.439556
131,-2.93369,-0.893533,-0.462795
131,-3.02629,-1.04626,-0.490872
131,-3.03874,-1.03259,-0.490537
131,-2.81551,0.229131,0.234812
131,-2.83279,-0.560488,-0.597429
131,-2.80535,0.471647,0.364607
131,-3.08733,-0.821943,-0.322482
131,-2.84124,0.468886,0.294799
131,-2.84474,0.447891,0.27484
131,-2.83874,0.501517,0.283128
131,-3.29188,-1.14571,-0.404455
131,-3.22489,-0.976292,-0.426072
131,-3.28058,-0.927226,-0.403404
131,-3.41961,-0.71331,-0.480893
131,-3.4359,-0.627665,-0.528333
131,-3.53906,-0.716941,-0.48088
131,-3.54193,-0.765442,-0.537323
131,-2.56769,-2.2622,-0.200754
130,-2.56769,-2.2622,-0.200754
131,-2.68419,-2.27376,-0.249611
130,-2.68419,-2.27376,-0.249611
131,-2.37036,-2.44062,0.282532
130,-2.37036,-2.44062,0.282532
131,-2.2186,-2.48406,0.29161
130,-2.2186,-2.48406,0.29161
131,-2.28618,-2.39167,-0.465543
130,-2.28618,-2.39167,-0.465543
131,-2.69716,-2.25657,0.113343
130,-2.69716,-2.25657,0.113343
131,-2.76921,-1.01066,-0.289053
130,-2.76921,-1.01066,-0.289053
131,-2.53638,-1.3392,-0.566828
130,-2.53638,-1.3392,-0.566828
131,-3.33012,-0.187395,0.505992
130,-3.33012,-0.187395,0.505992
131,-2.55362,-2.27697,-0.215164
130,-2.55362,-2.27697,-0.215164
131,-2.33763,-2.47464,0.286398
130,-2.33763,-2.47464,0.286398
131,-2.25221,-2.45152,0.288114
130,-2.25221,-2.45152,0.288114
131,-2.9613,-0.402256,0.444177
130,-2.9613,-0.402256,0.444177
131,-2.60559,-1.99921,-0.365648
130,-2.60559,-1.99921,-0.365648
131,-2.84954,-1.01168,-0.232482
130,-2.84954,-1.01168,-0.232482
131,-2.39638,-2.42842,0.299073
130,-2.39638,-2.42842,0.299073
131,-2.60215,-2.20002,-0.563027
130,-2.60215,-2.20002,-0.563027
131,-2.56249,-0.855784,0.2297
130,-2.56249,-0.855784,0.2297
131,-2.53924,-2.23566,-0.228701
130,-2.53924,-2.23566,-0.228701
131,-2.33156,-2.47446,0.286859
130,-2.33156,-2.47446,0.286859
131,-2.51928,-2.22835,-0.234265
130,-2.51928,-2.22835,-0.234265
131,-2.32723,-2.7122,0.320266
130,-2.32723,-2.7122,0.320266
131,-2.64836,-0.914372,0.186438
130,-2.64836,-0.914372,0.186438
131,-2.69453,-1.41662,-0.22151
130,-2.69453,-1.41662,-0.22151
131,-2.38299,-2.47365,0.30179
130,-2.38299,-2.47365,0.30179
131,-2.36658,-2.41173,0.287727
130,-2.36658,-2.41173,0.287727
131,-2.31399,-2.47514,0.287847
130,-2.31399,-2.47514,0.287847
131,-2.72361,-1.39571,-0.199032
130,-2.72361,-1.39571,-0.199032
131,-2.61759,-0.820781,-0.205738
130,-2.61759,-0.820781,-0.205738
131,-2.57737,-1.95874,-0.34667
129,-2.57737,-1.95874,-0.34667
131,-3.05122,-2.09246,-0.209891
129,-3.05122,-2.09246,-0.209891
131,-2.51338,-2.22265,-0.191798
129,-2.51338,-2.22265,-0.191798
131,-2.58309,-1.95729,-0.347954
129,-2.58309,-1.95729,-0.347954
131,-2.69,-1.28977,-0.216991
129,-2.69,-1.28977,-0.216991
131,-2.95345,-0.582776,0.379548
129,-2.95345,-0.582776,0.379548
131,-2.36604,-2.71216,0.314244
129,-2.36604,-2.71216,0.314244
131,-2.34636,-2.39253,0.184601
129,-2.34636,-2.39253,0.184601
131,-2.39028,-2.68654,0.424452
129,-2.39028,-2.68654,0.424452
131,-2.58088,-2.35398,-0.237085
129,-2.58088,-2.35398,-0.237085
131,-2.31544,-0.886876,-0.392356
129,-2.31544,-0.886876,-0.392356
131,-2.39533,-0.605672,-0.546597
129,-2.39533,-0.605672,-0.546597
131,-2.35496,-1.17116,0.355628
122,-2.35496,-1.17116,0.355628
131,-2.74091,-0.998645,-0.193932
122,-2.74091,-0.998645,-0.193932
131,-2.62046,-1.3531,-0.193461
122,-2.62046,-1.3531,-0.193461
131,-2.51422,-2.34344,-0.164513
122,-2.51422,-2.34344,-0.164513
131,-2.57755,-2.01746,-0.352885
127,-2.57755,-2.01746,-0.352885
131,-2.76851,-1.9299,-0.092238
127,-2.76851,-1.9299,-0.092238
131,-2.55596,-2.24504,-0.212519
127,-2.55596,-2.24504,-0.212519
131,-3.47219,-0.335748,-0.706842
127,-3.47219,-0.335748,-0.706842
131,-2.57108,-2.36012,-0.17254
127,-2.57108,-2.36012,-0.17254
131,-2.53224,-2.35931,-0.324348
127,-2.53224,-2.35931,-0.324348
131,-2.43742,-0.708269,-0.544867
123,-2.43742,-0.708269,-0.544867
131,-2.79033,-2.28378,-0.261151
123,-2.79033,-2.28378,-0.261151
131,-2.64356,-2.18393,-0.226721
120,-2.64356,-2.18393,-0.226721
131,-2.71231,-2.19452,-0.29638
120,-2.71231,-2.19452,-0.29638
131,-2.58378,-2.16769,-0.160516
120,-2.58378,-2.16769,-0.160516
131,-2.46595,-2.74343,0.626204
120,-2.46595,-2.74343,0.626204
131,-3.42962,-1.52169,0.227529
125,-3.42962,-1.52169,0.227529
131,-2.66619,-1.537,-0.19517
125,-2.66619,-1.537,-0.19517
131,-2.62853,-0.748855,0.451522
124,-2.62853,-0.748855,0.451522
131,-2.47825,-2.2873,-0.168605
124,-2.47825,-2.2873,-0.168605
132,-2.43819,-2.84773,0.555913
132,-2.35692,-2.83863,0.320957
132,-2.36691,-2.83681,0.322353
132,-2.38793,-2.80258,0.316232
132,-2.40013,-2.81653,0.310547
132,-2.40464,-2.81621,0.315749
132,-2.40426,-2.81282,0.303433
132,-1.90666,-1.1148,0.636759
132,-2.40782,-2.64932,0.304971
132,-2.45723,-2.76251,0.302619
132,-2.46159,-2.76197,0.298055
132,-2.43543,-2.56669,0.29239
132,-2.44119,-2.54521,0.293127
132,-2.45573,-2.57165,0.295413
132,-2.44911,-2.55033,0.298447
132,-2.47397,-2.61548,0.295771
132,-2.4826,-2.58316,0.29216
132,-2.48701,-2.59199,0.29388
132,-2.5333,-2.68463,0.281705
132,-2.54005,-2.69291,0.288879
132,-2.54591,-2.693,0.289806
132,-2.45618,-2.40258,0.284494
132,-2.45438,-2.40357,0.27275
132,-2.45535,-2.39339,0.277348
132,-2.46123,-2.40046,0.27126
132,-2.47263,-2.39721,0.268907
132,-2.22168,-2.41439,-0.615704
132,-2.22235,-2.39954,-0.607686
132,-2.26277,-2.46988,-0.597602
132,-2.25087,-2.4037,-0.590342
132,-2.26393,-2.39036,-0.591743
132,-2.34706,-2.35622,-0.346996
132,-2.3478,-2.35298,-0.343961
132,-2.33214,-2.3878,-0.423749
132,-2.33865,-2.37432,-0.39431
132,-2.347,-2.35367,-0.353429
132,-2.30687,-2.38743,-0.512645
132,-2.30182,-2.37295,-0.519238
132,-2.30978,-2.38365,-0.517954
132,-2.30509,-2.37191,-0.528353
132,-2.29534,-2.37551,-0.557433
132,-2.30479,-2.37138,-0.53095
132,-2.30271,-2.37219,-0.538069
132,-2.30083,-2.37298,-0.54535
132,-2.26775,-2.14673,-0.61626
132,-2.32705,-2.21606,-0.571132
132,-2.33802,-2.22864,-0.572479
132,-2.33894,-2.21051,-0.582348
132,-2.37009,-2.28389,-0.618484
132,-2.37634,-2.28654,-0.622485
132,-2.37782,-2.27141,-0.616339
132,-2.38454,-2.28482,-0.62919
132,-2.38882,-2.27302,-0.619206
132,-2.39191,-2.26782,-0.615182
132,-2.39194,-2.25568,-0.60468
132,-2.4122,-2.26228,-0.603821
132,-2.43855,-2.24594,-0.611636
132,-2.27466,-1.74102,-0.618252
132,-2.59111,-2.27771,-0.343793
132,-2.60016,-2.27551,-0.322654
132,-2.60447,-2.29519,-0.331249
132,-2.60121,-2.27182,-0.333934
132,-2.61106,-2.29896,-0.336555
132,-2.60052,-2.21746,-0.379048
132,-2.41597,-1.92832,-0.587916
132,-2.63126,-2.13023,-0.238838
132,-2.42313,-1.93226,-0.589693
132,-2.63779,-2.12844,-0.240808
132,-2.63859,-2.12826,-0.242307
132,-2.42741,-1.92633,-0.595443
132,-2.63796,-2.11064,-0.240125
132,-2.64236,-2.1143,-0.238242
132,-2.56255,-2.20259,-0.528311
132,-2.56475,-2.21501,-0.536904
132,-2.65261,-2.13044,-0.233318
132,-2.44152,-1.9212,-0.586308
132,-2.44681,-1.9293,-0.582738
132,-2.65389,-2.10571,-0.228841
132,-2.53862,-2.11689,-0.547536
132,-2.64755,-2.08998,-0.242749
132,-2.45255,-1.91997,-0.582818
132,-2.65651,-2.09604,-0.231424
132,-2.65688,-2.09595,-0.232533
132,-2.65663,-2.08513,-0.228423
132,-2.6658,-2.11146,-0.23767
132,-2.65669,-2.08712,-0.237599
132,-2.6413,-1.96361,-0.229104
132,-2.49923,-1.95358,-0.591591
132,-2.50051,-1.95307,-0.592527
132,-2.64905,-1.96672,-0.224553
132,-2.64191,-1.95216,-0.236827
132,-2.6339,-1.93254,-0.248026
132,-2.50307,-1.94366,-0.600283
132,-2.63737,-1.93124,-0.243895
132,-2.54716,-2.04147,-0.601459
132,-2.64895,-1.92679,-0.249388
132,-2.55457,-2.03085,-0.60871
132,-2.68089,-1.94919,-0.220262
132,-2.51592,-1.86324,-0.605379
132,-2.55954,-1.94544,-0.598957
132,-2.52685,-1.84175,-0.591658
132,-2.51878,-1.8145,-0.592893
132,-2.52722,-1.83859,-0.596864
132,-2.66238,-1.81537,-0.257066
132,-2.54319,-1.78798,-0.610409
132,-2.66387,-0.613137,0.80338
132,-2.66783,-0.614295,0.791557
132,-2.60254,-1.87874,-0.608431
132,-2.60704,-1.8446,-0.60031
132,-2.62238,-1.82071,-0.586907
132,-2.5649,-1.6818,-0.602117
132,-2.62854,-1.82326,-0.591521
132,-2.59187,-1.71227,-0.601919
132,-2.58682,-1.69999,-0.61128
132,-2.5928,-1.70771,-0.60873
132,-2.59549,-1.70634,-0.609514
132,-2.59364,-1.6944,-0.60683
132,-2.6018,-1.70861,-0.608539
132,-2.73947,-0.736825,0.652736
132,-2.60838,-0.81047,0.218068
132,-2.60974,-0.814278,0.213265
132,-2.63876,-0.789275,0.260674
132,-2.6033,-0.800764,0.150473
132,-2.36674,-0.790348,-0.506912
132,-2.60836,-1.51655,-0.604876
132,-2.63727,-1.56933,-0.583658
132,-2.64468,-1.579,-0.585769
132,-2.60554,-1.46944,-0.603279
132,-2.44499,-1.04311,-0.607876
132,-2.61593,-1.49262,-0.604303
132,-2.44191,-0.88116,-0.470221
132,-2.78892,-1.58738,-0.261813
132,-2.64667,-1.55281,-0.609069
132,-2.62885,-1.47935,-0.603566
132,-2.65478,-1.50476,-0.563884
132,-2.65806,-1.54663,-0.60682
132,-2.629,-1.42746,-0.602766
132,-2.80543,-0.74184,0.481501
132,-2.40689,-0.771112,-0.581609
132,-2.68809,-1.51925,-0.593481
132,-2.68079,-1.48242,-0.585785
132,-2.60276,-1.28374,-0.608171
132,-2.40927,-0.776446,-0.616306
132,-2.69136,-1.48358,-0.581481
132,-2.60518,-1.27635,-0.612643
132,-2.42582,-0.781365,-0.624404
132,-2.61847,-1.26433,-0.618253
132,-2.81988,-0.747826,0.38721
132,-2.6226,-1.23251,-0.598937
132,-2.6422,-1.28353,-0.606341
132,-2.81245,-0.530116,0.548544
132,-2.8089,-0.549805,0.513619
132,-2.38826,-0.517474,-0.572223
132,-2.64101,-1.22834,-0.616567
132,-2.4153,-0.554954,-0.563771
132,-2.72383,-1.38222,-0.586368
132,-2.71953,-1.37232,-0.591933
132,-2.79515,-0.761482,0.171147
132,-2.80517,-0.722727,0.225066
132,-2.74687,-0.516032,0.274808
132,-2.80419,-0.755777,0.185135
132,-2.72609,-1.3278,-0.56817
132,-2.72609,-0.777757,-0.0374019
132,-2.73743,-1.38,-0.59136
132,-2.40612,-0.486759,-0.584101
132,-2.72473,-1.32762,-0.579354
132,-2.74289,-0.471809,0.273477
132,-2.76054,-0.486933,0.299304
132,-2.81394,-0.725172,0.205146
132,-2.62021,-1.04183,-0.603552
132,-2.68509,-1.15909,-0.5629
132,-2.82031,-0.768425,0.150285
132,-2.73511,-0.757316,-0.0577955
132,-2.78655,-0.545498,0.274965
132,-2.78788,-0.543182,0.271107
132,-2.8327,-0.691631,0.223602
132,-2.68281,-0.191609,0.28369
132,-2.72896,-0.305233,0.282923
132,-2.73326,-0.303661,0.29548
132,-2.74193,-0.232783,0.278677
132,-2.81449,-0.761725,-0.0775596
132,-2.76028,-0.828992,-0.330844
132,-2.98084,-1.29726,-0.347229
132,-2.87951,-0.715036,-0.107013
132,-2.88318,-0.708416,-0.098463
132,-2.83278,-0.560179,-0.607037
132,-2.63444,-1.52048,-0.553198
131,-2.63444,-1.52048,-0.553198
132,-2.24448,-2.3017,-0.509668
131,-2.24448,-2.3017,-0.509668
132,-2.59281,-0.943726,0.246214
131,-2.59281,-0.943726,0.246214
132,-2.79161,-0.758954,0.482651
131,-2.79161,-0.758954,0.482651
132,-2.62703,-0.855202,-0.0337663
131,-2.62703,-0.855202,-0.0337663
132,-2.33734,-2.49193,0.305183
131,-2.33734,-2.49193,0.305183
132,-2.64509,-1.19667,-0.5424
131,-2.64509,-1.19667,-0.5424
132,-2.56539,-0.778133,0.288469
131,-2.56539,-0.778133,0.288469
132,-2.54904,-1.948,-0.339847
131,-2.54904,-1.948,-0.339847
132,-2.62221,-0.912794,0.242315
131,-2.62221,-0.912794,0.242315
132,-2.52775,-2.22125,-0.17881
131,-2.52775,-2.22125,-0.17881
132,-2.3395,-2.70884,0.321179
131,-2.3395,-2.70884,0.321179
132,-2.68242,-1.42115,-0.181366
131,-2.68242,-1.42115,-0.181366
132,-2.33462,-2.46961,0.279972
131,-2.33462,-2.46961,0.279972
132,-2.35344,-2.40865,0.294624
131,-2.35344,-2.40865,0.294624
132,-2.33493,-2.35789,-0.359626
131,-2.33493,-2.35789,-0.359626
132,-2.50409,-1.74957,-0.544114
131,-2.50409,-1.74957,-0.544114
132,-2.53396,-2.22129,-0.226029
130,-2.53396,-2.22129,-0.226029
132,-2.62191,-2.14236,-0.193732
130,-2.62191,-2.14236,-0.193732
132,-2.84967,-0.466542,-0.587663
130,-2.84967,-0.466542,-0.587663
132,-2.65291,-0.695467,0.290331
130,-2.65291,-0.695467,0.290331
132,-2.34941,-2.68528,0.311063
130,-2.34941,-2.68528,0.311063
132,-2.99362,-0.974617,-0.337793
130,-2.99362,-0.974617,-0.337793
132,-2.62848,-1.35092,-0.18375
130,-2.62848,-1.35092,-0.18375
132,-2.19353,-2.41379,0.210026
129,-2.19353,-2.41379,0.210026
132,-2.50884,-2.33693,-0.370746
129,-2.50884,-2.33693,-0.370746
132,-2.77522,-0.570099,-0.564206
120,-2.77522,-0.570099,-0.564206
132,-2.5954,-1.69555,-0.189695
120,-2.5954,-1.69555,-0.189695
132,-2.47605,-2.75425,0.681445
120,-2.47605,-2.75425,0.681445
132,-2.64808,-1.6626,-0.207321
120,-2.64808,-1.6626,-0.207321
132,-2.50665,-2.82885,0.299577
120,-2.50665,-2.82885,0.299577
132,-2.47062,-0.979542,-0.0719449
122,-2.47062,-0.979542,-0.0719449
132,-2.678,-0.990658,-0.348713
122,-2.678,-0.990658,-0.348713
132,-2.55785,-2.13971,-0.184851
123,-2.55785,-2.13971,-0.184851
132,-2.67073,-1.38605,-0.589793
117,-2.67073,-1.38605,-0.589793
132,-2.44305,-2.75468,0.652851
117,-2.44305,-2.75468,0.652851
132,-2.47892,-2.74613,0.666574
117,-2.47892,-2.74613,0.666574
132,-2.44414,-2.74846,0.681544
117,-2.44414,-2.74846,0.681544
132,-2.60696,-2.30948,-0.518081
124,-2.60696,-2.30948,-0.518081
133,-2.32157,-2.80184,0.334589
133,-2.33645,-2.80243,0.333529
133,-2.46807,-2.75422,0.692808
133,-2.2899,-2.54248,0.333459
133,-2.31196,-2.59517,0.331249
133,-2.33573,-2.58462,0.325286
133,-2.33249,-2.57213,0.317751
133,-2.32767,-2.55511,0.3215
133,-2.33811,-2.55762,0.326417
133,-2.34477,-2.58118,0.313468
133,-2.34779,-2.55749,0.323489
133,-2.3441,-2.50629,0.318174
133,-2.35142,-2.56231,0.202913
133,-2.45549,-2.39591,0.253537
133,-2.46576,-2.39387,0.26466
133,-2.47306,-2.38628,0.262327
133,-2.47945,-2.3916,0.271553
133,-2.59813,-2.6962,0.264099
133,-2.50445,-2.39485,0.260806
133,-2.61603,-2.6935,0.25692
133,-2.39747,-2.38046,-0.0165117
133,-2.53399,-2.41094,0.270853
133,-2.52379,-2.3857,0.249446
133,-2.48961,-2.18946,0.307837
133,-2.56652,-2.37905,0.242668
133,-2.35901,-2.34889,-0.342754
133,-2.30402,-2.37781,-0.520227
133,-2.27955,-2.22406,-0.52418
133,-2.28779,-2.22999,-0.540898
133,-2.29927,-2.21475,-0.552466
133,-2.30023,-2.20196,-0.555335
133,-2.30636,-2.21168,-0.557727
133,-2.27802,-2.13887,-0.623466
133,-2.38015,-2.2671,-0.618836
133,-2.51878,-2.00511,-0.153692
133,-2.33011,-2.01077,-0.632309
133,-2.33253,-2.00111,-0.631819
133,-2.51201,-1.98162,-0.186635
133,-2.3402,-2.00577,-0.640888
133,-2.34315,-2.00562,-0.643341
133,-2.58876,-2.29084,-0.336213
133,-2.53057,-1.96927,-0.19408
133,-2.61865,-2.29354,-0.340268
133,-2.64815,-2.29341,-0.358371
133,-2.63746,-2.25947,-0.356978
133,-2.55175,-1.97761,-0.332257
133,-2.5547,-1.96181,-0.33367
133,-2.53724,-2.11763,-0.546095
133,-2.44473,-1.91829,-0.611703
133,-2.56558,-1.95834,-0.34817
133,-2.57157,-1.95631,-0.341894
133,-2.56857,-1.93962,-0.345111
133,-2.68198,-2.27244,-0.377802
133,-2.57955,-1.93897,-0.35426
133,-2.50103,-1.94582,-0.59751
133,-2.70878,-2.26775,-0.387767
133,-2.48665,-1.91091,-0.611963
133,-2.70633,-2.25337,-0.397042
133,-2.74876,-2.28433,-0.335741
133,-2.49103,-1.88911,-0.620415
133,-2.55265,-2.03319,-0.607569
133,-2.74795,-2.2638,-0.334629
133,-2.54738,-1.9783,-0.577825
133,-2.52221,-1.93716,-0.608117
133,-2.55776,-2.02324,-0.61347
133,-2.54734,-1.95755,-0.582403
133,-2.56299,-1.98038,-0.59453
133,-2.77455,-2.25811,-0.347375
133,-2.55888,-1.94423,-0.595446
133,-2.57024,-1.97391,-0.596641
133,-2.66031,-0.589006,0.906779
133,-2.60256,-2.00717,-0.596187
133,-2.60634,-2.00025,-0.587211
133,-2.82261,-2.26932,-0.302229
133,-2.73038,-2.1828,-0.452515
133,-2.53855,-1.82888,-0.607157
133,-2.54242,-1.83591,-0.607636
133,-2.58037,-1.90439,-0.577507
133,-2.82181,-2.25845,-0.30347
133,-2.81861,-2.22558,-0.299641
133,-2.80726,-2.23483,-0.343186
133,-2.57605,-1.85771,-0.578357
133,-2.81047,-2.22288,-0.340458
133,-2.80438,-2.23113,-0.38615
133,-2.59766,-1.87884,-0.601111
133,-2.59746,-1.84926,-0.587446
133,-2.60333,-1.86502,-0.587967
133,-2.60732,-1.8487,-0.591398
133,-2.61464,-1.86761,-0.592204
133,-2.61369,-1.8585,-0.596171
133,-2.61084,-1.83306,-0.581029
133,-2.61031,-1.82095,-0.574282
133,-2.81999,-2.10225,-0.339733
133,-2.80811,-2.05653,-0.327089
133,-2.84907,-2.181,-0.366508
133,-2.83976,-2.14225,-0.355076
133,-2.83781,-2.09571,-0.348449
133,-2.58899,-1.69773,-0.608381
133,-2.59591,-1.71008,-0.606145
133,-2.84808,-2.11677,-0.356721
133,-2.59595,-1.70515,-0.605727
133,-2.83743,-2.06016,-0.334391
133,-2.83563,-2.03878,-0.324945
133,-2.84327,-2.03458,-0.32814
133,-2.60077,-1.69285,-0.618121
133,-2.60617,-1.69079,-0.610314
133,-2.86834,-2.07964,-0.339954
133,-2.86938,-2.08137,-0.340197
133,-2.89528,-2.16007,-0.372042
133,-2.6451,-1.64186,-0.593176
133,-2.64786,-1.63744,-0.595787
133,-2.64838,-1.63671,-0.602016
133,-2.78486,-0.765768,0.48498
133,-2.6466,-1.50586,-0.553553
133,-2.62915,-1.47892,-0.60409
133,-2.65737,-1.53707,-0.604193
133,-2.39441,-0.81205,-0.592652
133,-2.6771,-1.56126,-0.595392
133,-2.79831,-0.756832,0.455637
133,-2.79452,-0.772272,0.427961
133,-2.39948,-0.768222,-0.562331
133,-2.96545,-2.10772,-0.394536
133,-2.40644,-0.812416,-0.595806
133,-2.58155,-1.28778,-0.600489
133,-2.68173,-1.55805,-0.604472
133,-2.66743,-1.53063,-0.615189
133,-2.59029,-1.29645,-0.593983
133,-2.67096,-1.53316,-0.617439
133,-2.68876,-1.52324,-0.584377
133,-2.64217,-1.41911,-0.606217
133,-2.94285,-1.97408,-0.377591
133,-2.6815,-1.48641,-0.57856
133,-2.3754,-0.601559,-0.538753
133,-2.69145,-1.47961,-0.588818
133,-2.62708,-1.30063,-0.584722
133,-2.49016,-0.823228,-0.503293
133,-2.65867,-1.40255,-0.62358
133,-2.67732,-0.810269,-0.0387594
133,-2.61446,-1.26088,-0.617658
133,-2.69686,-1.46372,-0.600983
133,-2.65958,-1.35559,-0.594504
133,-2.70621,-0.860441,-0.0226722
133,-2.79249,-0.739269,0.199559
133,-2.72867,-1.38143,-0.586903
133,-2.80938,-0.726088,0.210844
133,-2.81697,-0.540698,0.401322
133,-2.87547,-0.491928,0.587895
133,-2.72256,-1.32751,-0.571462
133,-2.73471,-1.3749,-0.591568
133,-2.72457,-1.32444,-0.576708
133,-2.41085,-0.490997,-0.592837
133,-2.84121,-0.571927,0.389995
133,-2.83463,-0.552639,0.381448
133,-2.82617,-0.535316,0.373162
133,-2.829,-0.522624,0.367997
133,-2.74526,-1.25126,-0.524485
133,-2.69747,-1.1586,-0.572189
133,-2.84495,-0.548778,0.361923
133,-2.88667,-0.450426,0.557308
133,-2.77283,-0.801806,-0.0558323
133,-2.75247,-1.23158,-0.52432
133,-2.69976,-1.14321,-0.576177
133,-2.72407,-0.896531,-0.289686
133,-2.72354,-0.894969,-0.299783
133,-2.72422,-0.884653,-0.291227
133,-2.70509,-0.745855,-0.214147
133,-2.75406,-1.21497,-0.527917
133,-2.72324,-0.883508,-0.301098
133,-2.75309,-1.20796,-0.528562
133,-2.85596,-0.544276,0.342028
133,-3.0715,-1.96406,-0.445996
133,-2.80261,-0.784117,-0.0770316
133,-2.74084,-0.888793,-0.345477
133,-2.72836,-0.835409,-0.329133
133,-2.74005,-0.84169,-0.31541
133,-2.85132,-0.508091,0.256274
133,-2.75514,-0.890358,-0.345487
133,-2.75494,-0.750161,-0.267013
133,-2.81197,-0.567589,-0.520416
133,-2.83498,-0.548451,-0.550194
133,-2.8283,-0.551642,-0.603161
133,-2.83434,-0.554659,-0.605723
133,-2.83542,-0.550974,-0.604115
133,-2.36558,-2.57814,0.317384
131,-2.36558,-2.57814,0.317384
133,-2.60946,-1.89138,-0.597439
131,-2.60946,-1.89138,-0.597439
133,-2.43777,-2.36713,0.0231943
131,-2.43777,-2.36713,0.0231943
133,-2.54875,-2.36517,0.151944
131,-2.54875,-2.36517,0.151944
133,-2.98745,-0.387763,0.357805
131,-2.98745,-0.387763,0.357805
133,-2.37664,-2.4659,0.276832
131,-2.37664,-2.4659,0.276832
133,-2.38589,-2.38669,0.0811621
131,-2.38589,-2.38669,0.0811621
133,-2.48263,-2.37288,0.0562239
131,-2.48263,-2.37288,0.0562239
133,-3.30871,-0.0445129,0.493855
131,-3.30871,-0.0445129,0.493855
133,-2.47761,-2.70791,0.497157
131,-2.47761,-2.70791,0.497157
133,-2.75567,-0.792118,0.474036
131,-2.75567,-0.792118,0.474036
133,-2.45214,-2.74191,0.664027
131,-2.45214,-2.74191,0.664027
133,-2.54965,-2.7505,0.676139
131,-2.54965,-2.7505,0.676139
133,-2.27604,-2.12006,-0.592202
131,-2.27604,-2.12006,-0.592202
133,-2.44646,-2.74177,0.663277
131,-2.44646,-2.74177,0.663277
133,-2.52296,-2.74853,0.672777
131,-2.52296,-2.74853,0.672777
133,-2.3804,-2.38819,0.082603
131,-2.3804,-2.38819,0.082603
133,-2.92148,-2.77817,0.722399
131,-2.92148,-2.77817,0.722399
133,-2.47235,-2.3751,0.0589
131,-2.47235,-2.3751,0.0589
133,-2.30027,-2.80397,0.394324
131,-2.30027,-2.80397,0.394324
133,-2.42644,-2.6884,0.311669
131,-2.42644,-2.6884,0.311669
133,-2.93929,-0.597119,0.205331
131,-2.93929,-0.597119,0.205331
133,-2.62348,-1.58764,-0.566681
131,-2.62348,-1.58764,-0.566681
133,-2.56034,-2.36355,0.0500154
129,-2.56034,-2.36355,0.0500154
133,-2.60824,-2.35725,0.0441927
129,-2.60824,-2.35725,0.0441927
133,-2.89282,-2.32579,0.0800349
129,-2.89282,-2.32579,0.0800349
133,-2.42947,-2.38252,0.246215
129,-2.42947,-2.38252,0.246215
133,-2.32,-2.39223,0.0567859
129,-2.32,-2.39223,0.0567859
133,-2.78159,-0.689564,-0.0833393
129,-2.78159,-0.689564,-0.0833393
133,-2.31778,-2.39295,0.057036
129,-2.31778,-2.39295,0.057036
133,-2.93864,-0.593444,0.378268
129,-2.93864,-0.593444,0.378268
133,-2.92897,-0.638227,0.425983
129,-2.92897,-0.638227,0.425983
133,-2.84077,-0.663186,0.488352
129,-2.84077,-0.663186,0.488352
133,-2.57781,-2.35608,-0.136707
129,-2.57781,-2.35608,-0.136707
133,-2.43749,-2.38381,0.18052
129,-2.43749,-2.38381,0.18052
133,-2.72617,-0.715169,-0.162986
122,-2.72617,-0.715169,-0.162986
133,-2.63416,-1.51911,-0.548494
122,-2.63416,-1.51911,-0.548494
133,-2.37245,-0.796563,-0.557694
122,-2.37245,-0.796563,-0.557694
133,-2.64405,-2.71758,0.499704
120,-2.64405,-2.71758,0.499704
133,-2.57495,-1.70145,-0.173077
120,-2.57495,-1.70145,-0.173077
133,-2.54294,-2.75538,0.6665
120,-2.54294,-2.75538,0.6665
133,-3.22658,-0.31054,0.506934
120,-3.22658,-0.31054,0.506934
133,-3.00004,-0.549546,0.500948
120,-3.00004,-0.549546,0.500948
133,-2.41439,-2.34671,-0.375608
120,-2.41439,-2.34671,-0.375608
133,-2.55001,-2.30738,-0.331625
127,-2.55001,-2.30738,-0.331625
133,-2.48164,-2.74935,0.673502
113,-2.48164,-2.74935,0.673502
133,-2.43394,-2.74931,0.685039
117,-2.43394,-2.74931,0.685039
133,-2.4691,-2.74676,0.691997
117,-2.4691,-2.74676,0.691997
134,-2.47618,-2.79755,0.752691
134,-2.38099,-2.83842,0.335092
134,-2.39717,-2.81774,0.324075
134,-2.35295,-2.59088,0.334157
134,-2.45028,-2.75092,0.308956
134,-2.45526,-2.76056,0.30954
134,-2.39624,-2.58011,0.317647
134,-2.40896,-2.59185,0.314623
134,-2.40269,-2.54392,0.322416
134,-2.51534,-2.67425,0.281773
134,-2.54726,-2.68429,0.272144
134,-2.55725,-2.70335,0.270592
134,-2.57123,-2.70069,0.261882
134,-2.58639,-2.71209,0.266597
134,-2.4933,-2.39304,0.259509
134,-2.50888,-2.39021,0.249892
134,-2.52534,-2.40382,0.243877
134,-2.54833,-2.38416,0.241392
134,-2.34502,-2.11109,-0.617367
134,-2.60471,-2.26103,-0.343987
134,-2.50989,-1.73219,-0.107745
134,-2.56075,-1.96248,-0.194334
134,-2.52777,-2.24445,-0.562097
134,-2.68138,-1.50354,0.453232
134,-2.65438,-2.24261,-0.412348
134,-2.66914,-1.96429,-0.222969
134,-2.75693,-2.29547,-0.324458
134,-2.76117,-2.2853,-0.313393
134,-2.6622,-0.55067,1.04517
134,-2.76382,-2.29831,-0.329448
134,-2.66158,-0.554094,1.0274
134,-2.6605,-0.560085,1.01525
134,-2.75878,-2.22918,-0.309064
134,-2.64965,-0.609359,0.893699
134,-2.78314,-2.2309,-0.27724
134,-2.76615,-2.18269,-0.31378
134,-2.60437,-2.00473,-0.59644
134,-2.75525,-2.05865,-0.29109
134,-2.61997,-2.02294,-0.597015
134,-2.63767,-2.03717,-0.569498
134,-2.67964,-0.5668,0.891945
134,-2.60052,-1.96148,-0.600116
134,-2.59064,-1.91247,-0.584329
134,-2.76204,-2.06085,-0.295938
134,-2.66547,-2.11568,-0.598615
134,-2.66776,-2.11504,-0.594835
134,-2.77009,-2.06828,-0.297564
134,-2.67596,-0.612266,0.785783
134,-2.81015,-2.13611,-0.327697
134,-2.70024,-0.575539,0.827052
134,-2.69832,-0.582772,0.814163
134,-2.69247,-0.590502,0.788557
134,-2.7847,-0.560959,1.03097
134,-2.79444,-2.0189,-0.312033
134,-2.71155,-0.563625,0.81717
134,-2.79436,-0.536088,1.04555
134,-2.81118,-2.05087,-0.315787
134,-2.62155,-1.77475,-0.53652
134,-2.71266,-0.566722,0.789307
134,-2.58326,-1.69751,-0.602201
134,-2.58918,-1.7055,-0.598862
134,-2.74315,-0.539092,0.801175
134,-2.75084,-0.526698,0.810471
134,-2.61705,-1.69628,-0.61264
134,-2.65274,-1.66511,-0.539868
134,-2.63341,-1.64102,-0.584046
134,-2.64343,-1.57202,-0.571318
134,-2.6429,-1.62231,-0.64801
134,-2.65097,-1.56383,-0.581073
134,-2.65348,-1.53578,-0.599286
134,-2.38446,-0.777062,-0.572761
134,-2.6699,-1.494,-0.565602
134,-2.6797,-1.55536,-0.605624
134,-2.57454,-1.27431,-0.607988
134,-2.63493,-1.42571,-0.598307
134,-2.58151,-1.27082,-0.607435
134,-2.6831,-1.51469,-0.580352
134,-2.40953,-0.754205,-0.573048
134,-2.62491,-1.31029,-0.574043
134,-2.6896,-1.47747,-0.581446
134,-2.82053,-0.52129,0.595528
134,-2.61045,-1.25891,-0.613203
134,-2.69556,-0.804623,0.0169457
134,-2.70864,-0.838915,0.0157002
134,-2.73162,-0.484373,0.389604
134,-2.56893,-0.809359,-0.321751
134,-2.70271,-0.816544,-0.0040819
134,-2.63495,-1.23542,-0.595997
134,-2.71735,-0.486768,0.288267
134,-2.74973,-0.462452,0.384131
134,-2.69151,-0.337445,0.333708
134,-2.72334,-1.38267,-0.567244
134,-2.39593,-0.487087,-0.568479
134,-2.724,-1.38079,-0.58034
134,-2.76221,-0.445746,0.375077
134,-2.7794,-0.537747,0.327963
134,-2.7697,-0.555932,0.282991
134,-2.76511,-0.540243,0.283217
134,-2.73499,-0.434416,0.295247
134,-2.80647,-0.77845,0.152228
134,-2.70122,-0.323746,0.30251
134,-2.76025,-0.487451,0.297749
134,-2.7138,-0.367554,0.285881
134,-2.75747,-0.502328,0.266948
134,-2.76918,-0.184085,0.586985
134,-2.81943,-0.757765,0.140709
134,-2.72883,-0.337993,0.286765
134,-2.70345,-0.254637,0.298846
134,-2.69198,-1.15492,-0.573545
134,-2.80347,-0.527957,0.271649
134,-2.70841,-1.1631,-0.569575
134,-2.73418,-0.286409,0.283161
134,-2.74381,-0.297605,0.281642
134,-2.74106,-0.281379,0.286767
134,-2.74884,-0.26199,0.311565
134,-2.82787,-0.52987,0.251027
134,-2.73813,-0.867916,-0.28983
134,-2.74005,-0.875809,-0.300047
134,-2.74751,-0.268618,0.271515
134,-2.75027,-0.267745,0.278839
134,-2.75755,-0.247478,0.308174
134,-2.74322,-0.24162,0.271123
134,-2.74229,-0.22356,0.283788
134,-2.71752,-0.871497,-0.38619
134,-2.7487,-0.229041,0.28531
134,-2.80659,-0.7773,-0.0787781
134,-2.69391,-0.0317917,0.312625
134,-2.7546,-0.847249,-0.300673
134,-2.82208,-0.766118,-0.0866934
134,-2.76997,-0.728324,-0.34298
134,-2.74405,0.11778,0.310373
134,-2.79677,-0.720135,-0.488916
134,-2.81641,-0.538922,-0.53849
134,-2.82576,-0.562882,-0.594405
134,-2.8238,-0.648435,-0.093174
132,-2.8238,-0.648435,-0.093174
134,-3.06676,-0.438709,0.606146
132,-3.06676,-0.438709,0.606146
134,-2.65827,-0.681663,0.29656
132,-2.65827,-0.681663,0.29656
134,-2.78,-0.654634,-0.211111
132,-2.78,-0.654634,-0.211111
134,-2.71597,-2.1359,0.268686
132,-2.71597,-2.1359,0.268686
134,-2.83846,-0.476942,0.27012
132,-2.83846,-0.476942,0.27012
134,-2.63413,-2.16306,-0.235778
132,-2.63413,-2.16306,-0.235778
134,-2.58302,-2.23056,-0.215842
132,-2.58302,-2.23056,-0.215842
134,-2.74913,-0.572722,0.284529
132,-2.74913,-0.572722,0.284529
134,-2.47759,-2.74881,0.675378
132,-2.47759,-2.74881,0.675378
134,-3.10124,-0.228679,0.595537
132,-3.10124,-0.228679,0.595537
134,-2.56072,-2.76767,0.693751
132,-2.56072,-2.76767,0.693751
134,-2.46716,-2.74672,0.674857
132,-2.46716,-2.74672,0.674857
134,-2.88001,-2.80239,0.674517
132,-2.88001,-2.80239,0.674517
134,-2.97858,-0.369628,0.605515
132,-2.97858,-0.369628,0.605515
134,-2.59282,-2.16332,-0.167516
132,-2.59282,-2.16332,-0.167516
134,-2.46498,-1.9095,-0.587294
132,-2.46498,-1.9095,-0.587294
134,-2.48031,-0.913787,0.505479
132,-2.48031,-0.913787,0.505479
134,-2.60077,-2.77257,0.644631
132,-2.60077,-2.77257,0.644631
134,-2.74773,-2.78255,0.667569
132,-2.74773,-2.78255,0.667569
134,-2.58095,-2.10562,-0.567426
131,-2.58095,-2.10562,-0.567426
134,-2.64988,-2.26004,-0.205836
131,-2.64988,-2.26004,-0.205836
134,-2.8012,-0.772068,-0.0633747
131,-2.8012,-0.772068,-0.0633747
134,-2.76605,-0.611947,-0.398198
129,-2.76605,-0.611947,-0.398198
134,-2.77382,-0.109798,1.05011
117,-2.77382,-0.109798,1.05011
134,-2.45487,-2.75162,0.666916
117,-2.45487,-2.75162,0.666916
134,-3.09455,-0.18873,0.62037
117,-3.09455,-0.18873,0.62037
134,-2.88989,-0.659884,0.517594
117,-2.88989,-0.659884,0.517594
134,-2.73028,-0.840281,0.172105
122,-2.73028,-0.840281,0.172105
134,-2.75899,-0.819546,-0.471287
122,-2.75899,-0.819546,-0.471287
134,-2.7004,-0.826055,0.487489
120,-2.7004,-0.826055,0.487489
134,-2.86158,-0.655129,0.492528
120,-2.86158,-0.655129,0.492528
134,-2.53996,-1.01269,0.484461
120,-2.53996,-1.01269,0.484461
134,-2.42821,-1.10998,0.47869
120,-2.42821,-1.10998,0.47869
134,-2.95275,-0.421391,0.337949
113,-2.95275,-0.421391,0.337949
134,-2.58545,-2.34086,-0.241609
125,-2.58545,-2.34086,-0.241609
135,-2.42323,-2.81859,0.911766
135,-2.41478,-2.77053,0.912282
135,-2.45173,-2.74645,0.690585
135,-2.47589,-2.84451,0.49477
135,-2.45519,-2.85381,0.304647
135,-2.45929,-2.85418,0.299922
135,-2.46519,-2.85893,0.306082
135,-2.46521,-2.8269,0.3013
135,-2.47163,-2.82886,0.302203
135,-2.44113,-2.69633,0.307627
135,-2.45315,-2.69904,0.302992
135,-2.45459,-2.66532,0.302484
135,-2.52731,-2.70573,0.298961
135,-2.50989,-2.6706,0.28134
135,-2.51365,-2.66919,0.284547
135,-2.54965,-2.70789,0.289064
135,-2.44841,-2.39894,0.274169
135,-2.45181,-2.39467,0.278519
135,-2.4527,-2.39227,0.27782
135,-2.46112,-2.39728,0.289575
135,-2.45131,-2.38096,0.276795
135,-2.46554,-2.39886,0.268932
135,-2.53982,-2.58901,0.274713
135,-2.43465,-2.38084,0.183885
135,-2.55997,-2.63305,0.260421
135,-2.47809,-2.40525,0.257642
135,-2.54713,-2.25686,-0.34554
135,-2.5582,-2.2626,-0.342237
135,-2.58226,-2.26527,-0.334039
135,-2.50465,-2.07874,-0.574262
135,-2.49881,-2.00842,-0.594363
135,-2.52146,-2.03974,-0.56778
135,-2.52028,-2.03455,-0.568351
135,-2.50281,-2.00807,-0.594642
135,-2.52348,-1.9359,-0.601089
135,-2.52606,-1.94072,-0.599568
135,-2.7154,-0.659248,1.04298
135,-2.7202,-0.650533,1.03152
135,-2.53289,-1.82539,-0.594321
135,-2.53846,-1.82905,-0.590987
135,-2.68327,-0.579963,0.865483
135,-2.75262,-1.91267,-0.29188
135,-2.61189,-1.83944,-0.598996
135,-2.6156,-1.83796,-0.595347
135,-2.70777,-0.574299,0.807068
135,-2.7117,-0.565719,0.818577
135,-2.58608,-1.69522,-0.599148
135,-2.58618,-1.69415,-0.598354
135,-2.59258,-1.7028,-0.596251
135,-2.59536,-1.70249,-0.596156
135,-2.75153,-0.52417,0.821102
135,-2.74538,-0.602275,0.729829
135,-2.76749,-0.752097,0.633751
135,-2.73476,-0.619151,0.665953
135,-2.75744,-0.526899,0.797837
135,-2.73986,-0.621854,0.660271
135,-2.73308,-0.632535,0.625336
135,-2.74161,-0.62977,0.636551
135,-2.73542,-0.614243,0.612778
135,-2.7332,-0.623493,0.577206
135,-2.64282,-1.56094,-0.568955
135,-2.68904,-0.399133,0.622355
135,-2.39341,-0.82254,-0.577778
135,-2.39501,-0.792624,-0.547417
135,-2.73981,-0.667515,0.43305
135,-2.70251,-0.40823,0.578561
135,-2.73924,-0.67159,0.415116
135,-2.71694,-0.328815,0.666578
135,-2.6733,-1.56092,-0.59295
135,-2.41554,-0.798914,-0.597019
135,-2.67859,-1.47979,-0.575203
135,-2.60226,-1.27997,-0.601306
135,-2.75743,-0.588364,0.412194
135,-2.60642,-1.27327,-0.60679
135,-2.6203,-1.28867,-0.600491
135,-2.76,-0.588848,0.392957
135,-2.70239,-1.47137,-0.581957
135,-2.64408,-1.28697,-0.580627
135,-2.6451,-1.28559,-0.601306
135,-2.64823,-1.28092,-0.592876
135,-2.62872,-1.23973,-0.619896
135,-2.62665,-1.22238,-0.622832
135,-2.75938,-0.577977,0.286041
135,-2.75486,-0.562302,0.28586
135,-2.77612,-0.532113,0.325805
135,-2.77484,-0.530666,0.314785
135,-2.7703,-0.559819,0.269459
135,-2.75363,-0.500536,0.28101
135,-2.77955,-0.527193,0.3209
135,-2.67977,-1.17636,-0.533846
135,-2.76022,-0.480232,0.310228
135,-2.76894,-0.547439,0.265863
135,-2.72967,-1.32519,-0.555132
135,-2.77034,-0.547596,0.268407
135,-2.68234,-1.17753,-0.543923
135,-2.77785,-0.569476,0.25891
135,-2.785,-0.578317,0.25783
135,-2.7304,-0.299596,0.303047
135,-2.73189,-0.321511,0.285703
135,-2.73714,-0.278704,0.332707
135,-2.73709,-0.270555,0.337573
135,-2.76678,-0.406602,0.286423
135,-2.7325,-0.293292,0.29473
135,-2.76959,-0.417469,0.272856
135,-2.7296,-0.281569,0.294488
135,-2.73302,-0.215484,0.325641
135,-2.73986,-0.228132,0.310885
135,-2.73914,-0.225344,0.299296
135,-2.76742,-0.236588,0.328367
135,-2.73656,-0.168939,0.307113
135,-2.73714,-0.164214,0.294987
135,-2.76034,-0.198953,0.299269
135,-2.75289,-0.151183,0.297309
135,-2.7691,-0.0702624,0.280141
135,-2.7692,-0.0576241,0.291075
135,-2.87538,-0.712924,-0.111243
135,-2.89907,-0.684737,-0.121324
135,-2.78021,0.0840447,0.287446
135,-2.77756,0.116249,0.300252
135,-2.79805,0.116817,0.283395
135,-2.84202,-0.589296,-0.564646
135,-2.486,-2.5816,0.290486
134,-2.486,-2.5816,0.290486
135,-2.83483,-0.582241,-0.277214
134,-2.83483,-0.582241,-0.277214
135,-2.75461,-0.705022,-0.319665
134,-2.75461,-0.705022,-0.319665
135,-2.8413,-0.612361,-0.346752
134,-2.8413,-0.612361,-0.346752
135,-3.28649,-0.204962,0.589496
134,-3.28649,-0.204962,0.589496
135,-2.92976,-0.491045,-0.291708
134,-2.92976,-0.491045,-0.291708
135,-2.3787,-1.0182,0.471182
134,-2.3787,-1.0182,0.471182
135,-2.81132,-0.658557,-0.0871862
134,-2.81132,-0.658557,-0.0871862
135,-2.67325,-2.77404,0.641514
134,-2.67325,-2.77404,0.641514
135,-2.89994,-0.434252,0.659542
134,-2.89994,-0.434252,0.659542
135,-2.48033,-2.69261,0.295715
134,-2.48033,-2.69261,0.295715
135,-1.36191,-2.06841,0.790561
134,-1.36191,-2.06841,0.790561
135,-2.60594,-0.764676,0.676279
134,-2.60594,-0.764676,0.676279
135,-2.5951,-2.76673,0.688187
134,-2.5951,-2.76673,0.688187
135,-2.80715,-0.698066,0.661083
134,-2.80715,-0.698066,0.661083
135,-2.60002,-3.03664,0.496313
134,-2.60002,-3.03664,0.496313
135,-2.46085,-2.80511,0.741029
134,-2.46085,-2.80511,0.741029
135,-2.68997,-2.83951,0.73674
134,-2.68997,-2.83951,0.73674
135,-2.67588,-2.77494,0.684308
134,-2.67588,-2.77494,0.684308
135,-2.69325,-2.78096,0.635684
134,-2.69325,-2.78096,0.635684
135,-2.6411,-3.04811,0.489458
134,-2.6411,-3.04811,0.489458
135,-2.62512,-2.76069,0.664808
134,-2.62512,-2.76069,0.664808
135,-2.13401,-1.29781,0.727253
134,-2.13401,-1.29781,0.727253
135,-3.67992,0.421128,0.549731
134,-3.67992,0.421128,0.549731
135,-2.92548,-0.590612,0.620305
134,-2.92548,-0.590612,0.620305
135,-2.55302,-0.824902,0.641188
134,-2.55302,-0.824902,0.641188
135,-2.84191,-0.528648,0.596991
134,-2.84191,-0.528648,0.596991
135,-2.89657,-2.79708,0.650989
134,-2.89657,-2.79708,0.650989
135,-2.60606,-2.76027,0.669001
134,-2.60606,-2.76027,0.669001
135,-2.50917,-2.76022,0.651524
134,-2.50917,-2.76022,0.651524
135,-2.58991,-1.69046,-0.152491
134,-2.58991,-1.69046,-0.152491
135,-2.80462,-1.12785,-0.760493
133,-2.80462,-1.12785,-0.760493
135,-2.53971,-2.70985,0.289085
133,-2.53971,-2.70985,0.289085
135,-2.58429,-2.75372,0.676608
133,-2.58429,-2.75372,0.676608
135,-2.63183,-2.77389,0.699353
133,-2.63183,-2.77389,0.699353
135,-2.45385,-2.55328,0.306947
131,-2.45385,-2.55328,0.306947
135,-2.76769,-0.914004,-0.213374
129,-2.76769,-0.914004,-0.213374
135,-2.49875,-1.01643,-0.102782
117,-2.49875,-1.01643,-0.102782
135,-3.05527,-0.407921,-0.433789
117,-3.05527,-0.407921,-0.433789
135,-2.57759,-0.948655,0.554098
120,-2.57759,-0.948655,0.554098
135,-2.6445,-2.1458,-0.217289
122,-2.6445,-2.1458,-0.217289
135,-2.50297,-2.60402,0.286429
113,-2.50297,-2.60402,0.286429
135,-3.67451,-3.14277,0.983916
113,-3.67451,-3.14277,0.983916
135,-3.73819,0.534468,0.375458
113,-3.73819,0.534468,0.375458
136,-2.42671,-2.8334,0.912982
136,-2.43566,-2.83277,0.909004
136,-2.44901,-2.77161,0.91046
136,-2.45419,-2.77081,0.918838
136,-2.46043,-2.84125,0.831749
136,-2.46562,-2.74003,0.695342
136,-2.48199,-2.74932,0.713386
136,-2.47494,-2.74509,0.688535
136,-2.46754,-2.74841,0.664368
136,-2.4701,-2.84521,0.567805
136,-2.47309,-2.84282,0.566531
136,-2.48165,-2.84182,0.518465
136,-2.49377,-2.87174,0.511862
136,-2.47652,-2.75028,0.575786
136,-2.50066,-2.85914,0.527185
136,-2.481,-2.74997,0.575267
136,-2.43314,-2.88189,0.315213
136,-2.50464,-2.86135,0.518265
136,-2.48498,-2.75572,0.565797
136,-2.48275,-2.74783,0.565509
136,-2.46377,-2.93417,0.304745
136,-2.44893,-2.88579,0.311076
136,-2.4712,-2.9399,0.295141
136,-2.46017,-2.88583,0.313575
136,-2.47603,-2.93407,0.291228
136,-2.41365,-2.69297,0.325803
136,-2.41349,-2.69535,0.3228
136,-2.47978,-2.89222,0.301118
136,-2.48819,-2.83351,0.365648
136,-2.42037,-2.6732,0.323883
136,-2.41901,-2.66907,0.32376
136,-2.44907,-2.75393,0.319871
136,-2.48933,-2.86841,0.295353
136,-2.48916,-2.8627,0.290092
136,-2.43806,-2.69782,0.312958
136,-2.49268,-2.86684,0.292576
136,-2.49042,-2.86189,0.286443
136,-2.49661,-2.85988,0.30219
136,-2.49469,-2.86195,0.289056
136,-2.49691,-2.85559,0.293892
136,-2.49617,-2.83107,0.28413
136,-2.48273,-2.75848,0.304031
136,-2.50994,-2.68424,0.286632
136,-2.53535,-2.7083,0.300657
136,-2.52242,-2.67503,0.274943
136,-2.4379,-2.39774,0.286503
136,-2.4422,-2.39352,0.278975
136,-2.44468,-2.39034,0.279231
136,-2.29172,-2.19611,0.0575086
136,-2.3106,-2.18004,0.0357579
136,-2.33493,-2.23506,0.0238348
136,-2.36269,-2.24148,-0.00847328
136,-2.5861,-2.56528,0.252855
136,-2.58295,-2.55445,0.242888
136,-2.39803,-2.35697,-0.0693297
136,-2.59624,-2.55304,0.240928
136,-2.63144,-2.61045,0.226283
136,-2.62751,-2.54136,0.223616
136,-2.54299,-2.27036,-0.346409
136,-2.5718,-2.28034,-0.286447
136,-2.56236,-2.27145,-0.303428
136,-2.54048,-2.24635,-0.340721
136,-2.56839,-2.28885,-0.319731
136,-2.57289,-2.28716,-0.32287
136,-2.57038,-2.26712,-0.314789
136,-2.58421,-2.27313,-0.299538
136,-2.67707,-0.687431,1.07223
136,-2.696,-0.6651,1.09098
136,-2.70288,-0.668828,1.10313
136,-2.67819,-0.524654,1.09504
136,-2.6353,-2.12555,-0.557333
136,-2.69766,-0.506499,1.07619
136,-2.68002,-0.527079,1.00004
136,-2.58835,-0.828245,0.29374
136,-2.70899,-0.545737,0.866428
136,-2.62403,-1.86228,-0.611605
136,-2.62226,-1.83347,-0.597413
136,-2.6016,-0.818942,0.265451
136,-2.71919,-0.62921,0.737424
136,-2.60453,-0.812334,0.262439
136,-2.7065,-0.653741,0.671788
136,-2.70625,-0.662586,0.652647
136,-2.71048,-0.656033,0.656901
136,-2.70954,-0.617336,0.682236
136,-2.71004,-0.659205,0.629609
136,-2.71372,-0.632925,0.613487
136,-2.72143,-0.656591,0.592855
136,-2.72141,-0.630045,0.598089
136,-2.68477,-0.403098,0.624287
136,-2.78698,-0.764146,0.526631
136,-2.60976,-1.43657,-0.568952
136,-2.69331,-0.405608,0.601785
136,-2.66297,-1.52875,-0.59932
136,-2.67435,-1.53459,-0.600888
136,-2.68423,-1.47736,-0.570029
136,-2.69108,-1.48182,-0.567971
136,-2.69385,-1.5058,-0.586739
136,-2.68707,-1.46964,-0.575934
136,-2.88355,-1.83246,-0.420667
136,-2.6038,-1.27262,-0.613403
136,-2.75215,-0.247787,0.729751
136,-2.63674,-1.32503,-0.590874
136,-2.70311,-1.47759,-0.577064
136,-2.69527,-1.4639,-0.587614
136,-2.61098,-1.2553,-0.608953
136,-2.64082,-1.26879,-0.599593
136,-2.74438,-0.600864,0.288381
136,-2.65345,-1.28163,-0.594525
136,-2.74003,-0.585101,0.287816
136,-2.75346,-0.542814,0.344176
136,-2.75311,-0.552081,0.333171
136,-2.7475,-0.57603,0.282637
136,-2.753,-0.585616,0.272731
136,-2.75378,-0.581747,0.278111
136,-2.75762,-0.570296,0.279116
136,-2.67766,-1.19714,-0.525397
136,-2.74847,-0.511722,0.27708
136,-2.71622,-1.26814,-0.525776
136,-2.734,-1.36482,-0.57808
136,-2.73208,-1.32289,-0.553792
136,-2.732,-1.32181,-0.566762
136,-2.7294,-1.25663,-0.53811
136,-2.74526,-1.30774,-0.562283
136,-2.72975,-0.349611,0.30381
136,-2.75113,-0.301755,0.303005
136,-2.77923,-0.396027,0.277725
136,-2.78687,-0.404984,0.276622
136,-2.76514,-0.194679,0.287931
136,-2.76083,-0.146295,0.298207
136,-2.7724,-0.160326,0.29269
136,-2.81213,-0.0230532,0.294277
136,-2.81229,-0.0162416,0.27304
136,-2.90649,-0.656101,-0.109046
136,-2.85127,-0.765894,-0.371362
136,-2.8513,-0.774894,-0.392268
136,-2.80178,0.203459,0.286471
136,-2.80759,0.216436,0.281654
136,-2.83897,0.22532,0.275198
136,-2.84716,0.232716,0.270322
136,-2.75035,-0.710329,-0.287288
135,-2.75035,-0.710329,-0.287288
136,-2.51667,-1.36511,-0.497516
135,-2.51667,-1.36511,-0.497516
136,-2.73752,-1.2055,-0.688748
135,-2.73752,-1.2055,-0.688748
136,-2.58073,-2.26736,-0.335484
135,-2.58073,-2.26736,-0.335484
136,-2.60507,-1.27526,-0.607891
135,-2.60507,-1.27526,-0.607891
136,-2.82601,-0.561675,-0.590514
135,-2.82601,-0.561675,-0.590514
136,-2.60091,-1.28197,-0.602412
135,-2.60091,-1.28197,-0.602412
136,-2.60091,-1.28197,-0.602412
135,-2.60091,-1.28197,-0.602412
136,-2.79302,-0.661831,-0.318938
135,-2.79302,-0.661831,-0.318938
136,-2.60254,-1.6973,-0.599759
135,-2.60254,-1.6973,-0.599759
136,-2.68703,-0.516148,1.08592
135,-2.68703,-0.516148,1.08592
136,-2.52532,-2.58021,0.273339
135,-2.52532,-2.58021,0.273339
136,-2.92537,0.0177141,0.596644
135,-2.92537,0.0177141,0.596644
136,-2.64798,-2.76171,1.00517
135,-2.64798,-2.76171,1.00517
136,-2.6303,-2.88507,0.596053
135,-2.6303,-2.88507,0.596053
136,-2.71872,-2.88985,0.619513
135,-2.71872,-2.88985,0.619513
136,-2.56704,-2.75424,0.671
135,-2.56704,-2.75424,0.671
136,-2.65964,-2.76493,0.658209
135,-2.65964,-2.76493,0.658209
136,-2.33916,-0.965758,0.974768
135,-2.33916,-0.965758,0.974768
136,-2.48738,-2.86845,0.867859
135,-2.48738,-2.86845,0.867859
136,-2.54975,-2.85448,0.696141
135,-2.54975,-2.85448,0.696141
136,-2.61393,-2.8822,0.600129
135,-2.61393,-2.8822,0.600129
136,-2.62423,-2.76202,0.663087
135,-2.62423,-2.76202,0.663087
136,-2.75841,-2.90512,0.402727
135,-2.75841,-2.90512,0.402727
136,-2.63646,-1.22422,-0.655401
134,-2.63646,-1.22422,-0.655401
136,-2.52614,-2.74173,0.728857
134,-2.52614,-2.74173,0.728857
136,-3.03747,-0.327751,0.445463
134,-3.03747,-0.327751,0.445463
136,-2.45863,-2.77522,0.777781
134,-2.45863,-2.77522,0.777781
136,-2.86886,-0.616506,0.579403
134,-2.86886,-0.616506,0.579403
136,-3.22828,-0.132272,0.433732
134,-3.22828,-0.132272,0.433732
136,-2.83368,-0.66754,-0.399914
133,-2.83368,-0.66754,-0.399914
136,-2.74646,-0.775448,0.581989
133,-2.74646,-0.775448,0.581989
136,-2.61392,-2.75686,0.658806
133,-2.61392,-2.75686,0.658806
136,-2.54268,-2.77795,0.380655
133,-2.54268,-2.77795,0.380655
136,-2.865,-0.693053,0.451868
133,-2.865,-0.693053,0.451868
136,-2.84398,-0.716359,0.439774
133,-2.84398,-0.716359,0.439774
136,-2.65139,-1.29281,-0.577693
131,-2.65139,-1.29281,-0.577693
136,-2.6298,-0.778774,0.228596
131,-2.6298,-0.778774,0.228596
136,-2.71551,-1.62614,-0.592704
131,-2.71551,-1.62614,-0.592704
136,-2.93219,-0.385611,1.03713
117,-2.93219,-0.385611,1.03713
136,-2.87028,-0.480012,1.04656
117,-2.87028,-0.480012,1.04656
136,-3.10958,0.00661464,1.10367
117,-3.10958,0.00661464,1.10367
136,-2.52977,-0.877592,-0.217128
129,-2.52977,-0.877592,-0.217128
136,-2.63121,-2.20464,-0.398691
113,-2.63121,-2.20464,-0.398691
136,-2.69783,-1.7106,-0.584832
127,-2.69783,-1.7106,-0.584832
137,-2.46729,-2.74181,0.990143
137,-2.46708,-2.75023,0.670158
137,-2.48026,-2.74711,0.697585
137,-2.47849,-2.7537,0.671246
137,-2.47746,-2.75145,0.668811
137,-2.47392,-2.74457,0.665857
137,-2.48785,-2.74874,0.692013
137,-2.47279,-2.83845,0.509198
137,-2.47187,-2.83985,0.500387
137,-2.47656,-2.83752,0.511241
137,-2.47719,-2.9055,0.413999
137,-2.48857,-2.90564,0.412064
137,-2.44442,-2.87276,0.318679
137,-2.45119,-2.88472,0.317374
137,-2.41662,-2.6963,0.329363
137,-2.48599,-2.86982,0.301559
137,-2.48784,-2.85959,0.30638
137,-2.48567,-2.86254,0.287374
137,-2.49108,-2.86236,0.287198
137,-2.49231,-2.83369,0.289037
137,-2.47898,-2.75946,0.3094
137,-2.45345,-2.69062,0.308599
137,-2.50037,-2.83025,0.281127
137,-2.46902,-2.69652,0.330962
137,-2.46729,-2.70039,0.302683
137,-2.49162,-2.76624,0.298139
137,-2.48939,-2.68976,0.2959
137,-2.44366,-2.38992,0.284252
137,-2.46135,-2.41419,0.300518
137,-2.45083,-2.39381,0.280164
137,-2.45009,-2.39472,0.269839
137,-2.45068,-2.38448,0.278193
137,-2.45311,-2.38981,0.271943
137,-2.45393,-2.39632,0.265803
137,-2.4571,-2.39363,0.260996
137,-2.48055,-2.41623,0.300344
137,-2.55334,-2.65447,0.252803
137,-2.58667,-2.59886,0.232641
137,-2.5853,-2.57945,0.233854
137,-2.40089,-2.35219,-0.0452311
137,-2.41164,-2.35363,-0.0225865
137,-2.60615,-2.62067,0.226353
137,-2.60389,-2.60905,0.225039
137,-2.3717,-2.16434,0.0137931
137,-2.63254,-2.54527,0.211156
137,-2.43114,-2.26451,-0.0467278
137,-2.46195,-2.30483,-0.0770208
137,-2.45915,-2.28203,-0.0724919
137,-2.66194,-2.52461,0.19612
137,-2.64577,-2.43511,0.225402
137,-2.68947,-0.67678,1.087
137,-2.72754,-0.705165,0.988033
137,-2.69848,-0.534614,0.992936
137,-2.70616,-0.536947,0.966046
137,-2.71836,-0.522456,0.9679
137,-2.71537,-0.535681,0.866933
137,-2.70008,-0.679246,0.597239
137,-2.70355,-0.679685,0.60246
137,-2.7185,-0.647106,0.653434
137,-2.71753,-0.646601,0.64654
137,-2.71445,-0.654704,0.626577
137,-2.70561,-0.670089,0.583515
137,-2.7166,-0.619301,0.644671
137,-2.71734,-0.624567,0.630781
137,-2.72147,-0.631293,0.632063
137,-2.7171,-0.630996,0.617124
137,-2.76561,-0.789254,0.568136
137,-2.36521,-0.811996,-0.53217
137,-2.72858,-0.612395,0.632261
137,-2.72173,-0.636238,0.580866
137,-2.72458,-0.653987,0.515051
137,-2.78762,-0.782281,0.526487
137,-2.69308,-1.50786,-0.587856
137,-2.73206,-0.615817,0.399743
137,-2.73854,-0.61796,0.412156
137,-2.74337,-0.607594,0.432537
137,-2.73249,-0.611719,0.397886
137,-2.70109,-1.47494,-0.573644
137,-2.65849,-1.35354,-0.583547
137,-2.72226,-0.61975,0.319685
137,-2.72776,-0.597183,0.353793
137,-2.73248,-0.575545,0.38827
137,-2.72511,-0.647516,0.277624
137,-2.67142,-1.34479,-0.584261
137,-2.73009,-0.518718,0.343646
137,-2.75613,-0.544059,0.386668
137,-2.75051,-0.552921,0.354932
137,-2.7385,-0.58963,0.281257
137,-2.73918,-0.571505,0.295111
137,-2.73521,-0.468423,0.38868
137,-2.75144,-0.55134,0.343792
137,-2.73669,-0.479384,0.358177
137,-2.76178,-0.258821,0.647545
137,-2.67532,-1.18319,-0.522916
137,-2.72524,-0.475975,0.28994
137,-2.7582,-0.564231,0.274679
137,-2.76129,-0.54817,0.271565
137,-2.75151,-0.4136,0.324558
137,-2.76012,-0.487031,0.263954
137,-2.79199,-0.210507,0.61615
137,-2.73671,-0.325863,0.318437
137,-2.77482,-0.408058,0.307899
137,-2.76227,-0.398354,0.282385
137,-2.77599,-0.399401,0.278195
137,-2.75408,-0.269044,0.285856
137,-2.74026,-0.204723,0.299358
137,-2.75902,-0.243632,0.281194
137,-2.77998,-0.268646,0.289354
137,-2.76098,-0.164896,0.333235
137,-2.77376,-0.238256,0.287543
137,-2.75862,-0.184362,0.294822
137,-2.76509,-0.195668,0.299433
137,-2.77386,-0.234017,0.272531
137,-2.75649,-0.660455,-0.22672
137,-2.86358,-0.704866,-0.0824094
137,-2.79513,-0.0881341,0.286788
137,-2.80535,-0.0680864,0.264144
137,-2.82199,-0.671634,-0.306703
137,-2.82757,-0.598169,-0.231764
137,-2.89732,-0.682338,-0.130723
137,-2.90639,-0.672115,-0.133124
137,-2.91145,-0.674106,-0.145425
137,-2.85831,-0.616492,-0.307308
137,-2.78387,-0.577077,-0.499962
137,-2.81894,-0.618787,-0.530661
137,-2.81641,-0.571151,-0.579708
137,-7.81453,-4.05152,0.435266
137,-2.62245,-1.26267,-0.626905
135,-2.62245,-1.26267,-0.626905
137,-2.85585,-0.566823,-0.564678
135,-2.85585,-0.566823,-0.564678
137,-2.83265,-0.616768,-0.348764
135,-2.83265,-0.616768,-0.348764
137,-2.64309,-1.24648,-0.645123
135,-2.64309,-1.24648,-0.645123
137,-2.89466,-0.495845,0.388495
135,-2.89466,-0.495845,0.388495
137,-2.86962,-0.739697,-0.37792
135,-2.86962,-0.739697,-0.37792
137,-2.91375,-0.432631,0.60819
135,-2.91375,-0.432631,0.60819
137,-2.87879,-0.403923,0.289404
135,-2.87879,-0.403923,0.289404
137,-3.21768,-0.0771551,0.571515
135,-3.21768,-0.0771551,0.571515
137,-2.44104,-2.7972,0.301792
117,-2.44104,-2.7972,0.301792
137,-2.93114,-0.391642,0.963454
117,-2.93114,-0.391642,0.963454
137,-2.65998,-2.08108,-0.239725
115,-2.65998,-2.08108,-0.239725
137,-2.6028,-1.25959,-0.607397
120,-2.6028,-1.25959,-0.607397
138,-2.44361,-2.73735,1.10016
138,-2.44466,-2.73886,1.09177
138,-1.98738,-1.30065,1.31192
138,-1.99,-1.26639,1.35549
138,-1.98905,-1.29337,1.31134
138,-1.99451,-1.29029,1.31116
138,-2.44363,-2.76931,0.950819
138,-2.00646,-1.27932,1.33297
138,-2.01055,-1.27626,1.34423
138,-2.44943,-2.76939,0.931608
138,-2.4477,-2.77174,0.911792
138,-2.47946,-2.73584,1.02045
138,-2.49218,-2.747,1.04003
138,-2.46358,-2.77091,0.910296
138,-2.48911,-2.73531,1.02429
138,-2.4915,-2.7359,1.02246
138,-2.0422,-1.2791,1.33284
138,-2.05249,-1.26945,1.33748
138,-2.05016,-1.27215,1.32554
138,-2.05331,-1.26724,1.32856
138,-2.05361,-1.26473,1.32684
138,-2.49159,-2.74947,0.735125
138,-2.49199,-2.75137,0.72283
138,-2.47975,-2.75452,0.657568
138,-2.4852,-2.75405,0.664384
138,-2.49017,-2.74032,0.690386
138,-2.50412,-2.75638,0.712072
138,-2.49529,-2.75161,0.687385
138,-2.4966,-2.73944,0.700428
138,-2.45489,-2.7908,0.454346
138,-2.4615,-2.7844,0.471717
138,-2.49176,-2.7503,0.573022
138,-2.46483,-2.778,0.456807
138,-2.51688,-2.92437,0.396635
138,-2.42204,-2.70085,0.329012
138,-2.53351,-2.91652,0.407729
138,-2.42453,-2.69661,0.326078
138,-2.42715,-2.70105,0.323284
138,-2.54708,-2.92882,0.4023
138,-2.55301,-2.91253,0.424471
138,-2.43743,-2.67453,0.317491
138,-2.46631,-2.6965,0.325747
138,-2.47102,-2.69553,0.318818
138,-2.49064,-2.76221,0.291606
138,-2.49395,-2.7652,0.292623
138,-2.44242,-2.39997,0.310623
138,-2.442,-2.38532,0.286821
138,-2.44371,-2.38856,0.287888
138,-2.4448,-2.39272,0.272978
138,-2.43478,-2.37571,0.261365
138,-2.4505,-2.39349,0.271208
138,-2.45185,-2.39667,0.263393
138,-2.58493,-2.66077,0.223913
138,-2.56734,-2.55519,0.229349
138,-2.58471,-2.5946,0.222689
138,-2.61708,-2.65918,0.201329
138,-2.61459,-2.61267,0.215844
138,-2.63647,-2.5668,0.204948
138,-2.16601,-1.29691,0.106275
138,-2.16994,-1.29315,0.107626
138,-2.63894,-0.710092,1.41731
138,-2.69162,-0.665825,1.07952
138,-2.69752,-0.669843,1.06548
138,-2.69924,-0.660523,1.08033
138,-2.71846,-0.653194,1.1433
138,-2.72151,-0.65653,1.13247
138,-2.66886,-0.523328,1.11628
138,-2.69604,-0.670366,1.01207
138,-2.68023,-0.541736,1.10241
138,-2.70335,-0.64774,1.02106
138,-2.71964,-0.612394,1.10899
138,-2.65212,-0.753862,0.575633
138,-2.69215,-0.656382,0.762456
138,-2.68845,-0.670813,0.721279
138,-2.73756,-0.59488,0.923385
138,-2.73292,-0.550268,0.908031
138,-2.74243,-0.557535,0.907337
138,-2.70502,-0.605561,0.714529
138,-2.70551,-0.61777,0.68712
138,-2.72352,-0.617833,0.740244
138,-2.72522,-0.619877,0.739016
138,-2.72402,-0.556464,0.805875
138,-2.72735,-0.545918,0.818642
138,-2.73495,-0.522094,0.863885
138,-2.52466,-0.881691,-0.182952
138,-2.70944,-0.630779,0.637338
138,-2.71341,-0.629339,0.643664
138,-2.70966,-0.637004,0.623467
138,-2.71341,-0.637452,0.600829
138,-2.71689,-0.639814,0.585598
138,-2.6301,-0.862999,0.0590825
138,-2.64097,-0.851264,0.0609462
138,-2.7205,-0.5763,0.429653
138,-2.72588,-0.582845,0.428798
138,-2.90989,-1.83749,-0.466039
138,-2.72213,-0.646528,0.284559
138,-2.73493,-0.548741,0.416977
138,-2.73446,-0.574778,0.333165
138,-2.73344,-0.592269,0.297285
138,-2.73292,-0.571724,0.294355
138,-2.71648,-0.491122,0.297998
138,-2.7456,-0.439591,0.306336
138,-2.74402,-0.438933,0.295049
138,-2.75179,-0.397854,0.295168
138,-2.75184,-0.40335,0.284565
138,-2.75977,-0.414289,0.294713
138,-2.74807,-0.320741,0.302419
138,-2.76431,-0.275223,0.287721
138,-2.76134,-0.252123,0.291354
138,-2.7572,-0.256608,0.271369
138,-2.78078,-0.819165,-0.313369
138,-2.79424,-0.284537,0.2519
138,-2.77867,-0.18182,0.293793
138,-2.85512,-0.705876,-0.0790261
138,-2.77976,-0.177536,0.282559
138,-2.77479,-0.117296,0.286049
138,-2.87082,-0.695023,-0.0987835
138,-2.78271,-0.102741,0.270895
138,-2.74998,-0.626013,-0.465739
138,-2.7548,-0.614751,-0.472214
138,-2.75789,-0.609946,-0.464946
138,-2.89897,-0.675341,-0.123917
138,-2.79827,-0.0161636,0.284836
138,-2.80683,-0.0148501,0.271219
138,-2.84745,-0.639088,-0.335548
138,-2.78029,-0.616977,-0.528627
138,-2.94241,-0.62861,-0.162342
138,-2.80488,0.2205,0.283084
138,-2.86491,0.250342,0.259699
138,-2.48566,-2.54159,0.285164
137,-2.48566,-2.54159,0.285164
138,-2.39481,-2.69726,0.333499
137,-2.39481,-2.69726,0.333499
138,-2.48866,-2.54521,0.284184
137,-2.48866,-2.54521,0.284184
138,-2.45136,-2.57844,0.304864
137,-2.45136,-2.57844,0.304864
138,-2.68579,-0.401709,0.772938
137,-2.68579,-0.401709,0.772938
138,-2.52554,-2.74741,1.08093
137,-2.52554,-2.74741,1.08093
138,-2.29079,-0.846005,1.19006
137,-2.29079,-0.846005,1.19006
138,-2.11784,-2.7672,0.980505
137,-2.11784,-2.7672,0.980505
138,-2.18811,-2.78197,0.973985
137,-2.18811,-2.78197,0.973985
138,-2.5148,-2.84883,0.653802
137,-2.5148,-2.84883,0.653802
138,-2.44943,-2.83696,0.7098
137,-2.44943,-2.83696,0.7098
138,-2.44598,-2.76698,0.946804
137,-2.44598,-2.76698,0.946804
138,-2.29907,-2.71832,1.03823
137,-2.29907,-2.71832,1.03823
138,-2.66083,-2.77095,1.02695
137,-2.66083,-2.77095,1.02695
138,-2.29791,-0.80896,1.17102
137,-2.29791,-0.80896,1.17102
138,-2.44087,-2.78588,0.758616
137,-2.44087,-2.78588,0.758616
138,-2.5725,-2.7581,1.02969
137,-2.5725,-2.7581,1.02969
138,-2.64254,-2.75879,1.05676
137,-2.64254,-2.75879,1.05676
138,-2.38924,-2.82565,0.535945
137,-2.38924,-2.82565,0.535945
138,-2.87668,-0.611496,-0.442512
136,-2.87668,-0.611496,-0.442512
138,-2.60007,-2.55376,0.225535
136,-2.60007,-2.55376,0.225535
138,-2.88111,-0.662785,0.467505
133,-2.88111,-0.662785,0.467505
138,-2.86495,-0.636763,0.668867
133,-2.86495,-0.636763,0.668867
138,-2.69823,-0.745898,1.04652
117,-2.69823,-0.745898,1.04652
138,-2.42807,-2.82648,0.932217
113,-2.42807,-2.82648,0.932217
138,-2.43346,-2.83412,0.952762
113,-2.43346,-2.83412,0.952762
139,-1.97793,-1.28396,1.35523
139,-2.46963,-2.73392,1.02412
139,-2.0304,-1.27626,1.3586
139,-2.03808,-1.284,1.33847
139,-2.06935,-1.2576,1.33164
139,-2.48228,-2.75854,0.725055
139,-2.47639,-2.75508,0.670724
139,-2.47653,-2.75299,0.664392
139,-2.47914,-2.7531,0.669357
139,-2.4868,-2.74358,0.696914
139,-2.48567,-2.75348,0.671622
139,-2.49337,-2.74344,0.700947
139,-2.49372,-2.74368,0.691827
139,-2.49691,-2.74299,0.697705
139,-2.47193,-2.75066,0.586397
139,-2.50595,-2.74609,0.676802
139,-2.47892,-2.75166,0.584044
139,-2.66263,-2.76331,1.0599
139,-2.62977,-2.92364,0.424235
139,-2.45158,-2.40475,0.306898
139,-2.45439,-2.4058,0.285205
139,-2.445,-2.39256,0.268315
139,-2.45369,-2.39848,0.287731
139,-2.46095,-2.40211,0.298301
139,-2.46052,-2.40069,0.297293
139,-2.4576,-2.40353,0.284433
139,-2.46296,-2.40664,0.287194
139,-2.45664,-2.38855,0.270589
139,-2.7086,-2.24131,1.02065
139,-2.5867,-2.5847,0.205678
139,-2.62114,-2.60782,0.184297
139,-2.77038,-2.22789,1.00758
139,-2.60752,-2.43972,0.203365
139,-2.63999,-2.44641,0.181809
139,-2.8806,-2.79034,0.461094
139,-2.66216,-2.43475,0.18439
139,-2.70248,-0.671528,1.38111
139,-2.69418,-0.66421,1.12105
139,-2.76282,-0.657675,1.31451
139,-2.69977,-0.653094,1.10718
139,-2.70283,-0.65116,1.11459
139,-2.7511,-0.677852,1.20622
139,-2.66972,-0.522729,1.1393
139,-2.74107,-0.692816,1.15184
139,-2.67082,-0.548881,1.06764
139,-2.70412,-0.653695,1.03032
139,-2.70495,-0.650572,1.02879
139,-2.67348,-0.539038,1.04217
139,-2.70062,-0.643178,0.925139
139,-2.689,-0.536857,1.00056
139,-2.69529,-0.532675,0.99289
139,-2.69367,-0.535199,0.979742
139,-2.71929,-0.593646,0.965736
139,-2.69477,-0.553384,0.937173
139,-2.67832,-0.686577,0.718258
139,-2.72315,-0.564007,0.986026
139,-2.68019,-0.697293,0.689556
139,-2.73701,-0.555956,0.975158
139,-2.70295,-0.551873,0.862743
139,-2.72578,-0.557642,0.924547
139,-2.72168,-0.558869,0.908653
139,-2.74627,-0.564685,0.963387
139,-2.74621,-0.543822,0.970629
139,-2.70089,-0.66492,0.660024
139,-2.72807,-0.56014,0.865825
139,-2.71651,-0.567768,0.797948
139,-2.72133,-0.549022,0.823956
139,-2.72071,-0.55615,0.810413
139,-2.73637,-0.554452,0.842765
139,-2.5239,-0.87543,-0.237016
139,-2.73666,-0.57823,0.326246
139,-2.73405,-0.595558,0.296574
139,-2.74013,-0.643204,0.25397
139,-2.73643,-0.560826,0.340354
139,-2.73903,-0.621205,0.271069
139,-2.77862,-0.497641,0.408589
139,-2.74599,-0.411627,0.289547
139,-2.75568,-0.422901,0.294261
139,-2.75376,-0.421365,0.277493
139,-2.84869,-0.718878,0.142004
139,-2.78408,-0.820614,-0.335962
139,-2.78126,-0.272164,0.272228
139,-2.79489,-0.804185,-0.324641
139,-2.8563,-0.706955,-0.104049
139,-2.88679,-0.688344,-0.118216
139,-2.90309,-0.672331,-0.145066
139,-2.79815,0.23254,0.278102
139,-2.82608,0.25931,0.25732
139,-2.85428,0.242064,0.24929
139,-2.46392,-2.57739,0.294882
137,-2.46392,-2.57739,0.294882
139,-2.73743,-0.791937,0.219306
137,-2.73743,-0.791937,0.219306
139,-2.83839,0.314413,0.389525
137,-2.83839,0.314413,0.389525
139,-2.91707,-0.602977,0.52536
137,-2.91707,-0.602977,0.52536
139,-4.58434,1.44053,1.47157
137,-4.58434,1.44053,1.47157
139,-2.77481,-2.96911,0.290506
137,-2.77481,-2.96911,0.290506
139,-2.54933,-2.74661,1.06203
136,-2.54933,-2.74661,1.06203
139,-2.90057,0.397531,0.313813
136,-2.90057,0.397531,0.313813
139,-2.84088,-0.701222,0.503138
136,-2.84088,-0.701222,0.503138
139,-2.88584,-0.577774,-0.124718
133,-2.88584,-0.577774,-0.124718
139,-2.76572,-0.753844,0.246156
133,-2.76572,-0.753844,0.246156
139,-2.92926,-0.391252,0.967784
117,-2.92926,-0.391252,0.967784
140,-2.43843,-2.73907,1.36424
140,-2.42574,-2.73775,1.32545
140,-1.97956,-1.28011,1.35283
140,-1.98433,-1.27619,1.36285
140,-2.00947,-1.27771,1.34005
140,-1.91778,-1.25037,1.07823
140,-2.06473,-1.23372,1.51462
140,-2.11376,-1.32716,1.54901
140,-2.02491,-1.25736,1.3436
140,-2.04128,-1.26333,1.35713
140,-2.04667,-1.28086,1.33125
140,-2.04976,-1.27305,1.31998
140,-2.14493,-1.30052,1.57475
140,-2.13775,-1.27537,1.56832
140,-2.14282,-1.27191,1.58768
140,-2.13983,-1.26275,1.58787
140,-2.05732,-1.26907,1.32344
140,-2.13942,-1.2663,1.56628
140,-2.14918,-1.25784,1.59955
140,-2.17327,-1.30702,1.57257
140,-2.48878,-2.76218,0.722449
140,-2.47031,-2.75475,0.668522
140,-2.47809,-2.74846,0.698711
140,-2.47911,-2.76089,0.684488
140,-2.49169,-2.7553,0.72651
140,-2.49794,-2.75678,0.724528
140,-2.49047,-2.74626,0.702964
140,-2.46591,-2.75181,0.590506
140,-2.13789,-1.23296,1.22417
140,-2.63476,-2.92209,0.432999
140,-2.56779,-0.661385,1.16131
140,-2.68018,-0.686857,1.00911
140,-2.73779,-0.695255,1.17164
140,-2.68731,-0.676499,1.03809
140,-2.67907,-0.669033,1.02002
140,-2.75013,-0.678342,1.22599
140,-2.68915,-0.669697,1.01842
140,-2.7376,-0.695431,1.10405
140,-2.71416,-0.725781,0.956969
140,-2.74729,-0.67679,1.11558
140,-2.73599,-0.697479,1.04608
140,-2.73737,-0.698256,1.04688
140,-2.69323,-0.665855,0.93031
140,-2.71631,-0.73264,0.914702
140,-2.73438,-0.695228,0.983562
140,-2.75079,-0.672588,1.05737
140,-2.73336,-0.704142,0.965874
140,-2.70277,-0.595172,0.992966
140,-2.70836,-0.608681,0.988818
140,-2.70377,-0.591468,0.982785
140,-2.742,-0.692839,0.975794
140,-2.70947,-0.637126,0.925182
140,-2.74704,-0.683446,0.970423
140,-2.70828,-0.578384,0.951558
140,-2.67693,-0.708563,0.690396
140,-2.71953,-0.626064,0.916441
140,-2.74783,-0.686923,0.930731
140,-2.75404,-0.684138,0.925325
140,-2.69701,-0.559722,0.868034
140,-2.68358,-0.709906,0.643404
140,-2.75808,-0.687496,0.888403
140,-2.60551,-0.813089,0.263998
140,-2.70197,-0.561183,0.859958
140,-2.69768,-0.646774,0.735854
140,-2.72307,-0.574688,0.898141
140,-2.70415,-0.64366,0.754483
140,-2.67877,-0.689384,0.612243
140,-2.70457,-0.643218,0.744811
140,-2.69545,-0.680896,0.66868
140,-2.6909,-0.713969,0.611018
140,-2.68935,-0.690142,0.629492
140,-2.69732,-0.669235,0.675572
140,-2.71406,-0.630874,0.771341
140,-2.69089,-0.642976,0.685258
140,-2.69026,-0.652626,0.665459
140,-2.69424,-0.686162,0.635965
140,-2.73041,-0.584647,0.862558
140,-2.71854,-0.635583,0.760582
140,-2.71416,-0.63248,0.745437
140,-2.69241,-0.653629,0.64755
140,-2.6987,-0.673677,0.63672
140,-2.69388,-0.658019,0.63282
140,-2.70576,-0.634456,0.691672
140,-2.75902,-0.77691,0.592876
140,-2.70904,-0.648522,0.574151
140,-2.71961,-0.644471,0.59578
140,-2.72512,-0.607785,0.47419
140,-2.72356,-0.654586,0.278257
140,-2.71631,-0.487106,0.294246
140,-2.73369,-0.533682,0.274673
140,-2.7459,-0.422372,0.295596
140,-2.76172,-0.239191,0.280164
140,-2.75359,-0.185036,0.296843
140,-2.76711,-0.173006,0.295584
140,-2.77439,-0.175644,0.280171
140,-2.78091,-0.207631,0.251893
140,-2.76604,-0.0648129,0.345817
140,-2.8722,-0.706316,-0.119625
140,-2.81301,-0.601851,-0.278084
140,-2.89865,-0.675577,-0.140262
140,-2.8534,-0.758505,-0.408581
140,-2.85756,-0.743044,-0.404199
140,-2.81715,0.248571,0.264813
140,-2.83772,0.222903,0.248744
140,-2.77289,-0.523496,0.304788
138,-2.77289,-0.523496,0.304788
140,-2.66997,-0.424064,0.770208
138,-2.66997,-0.424064,0.770208
140,-2.80239,-0.237256,0.734176
138,-2.80239,-0.237256,0.734176
140,-2.29487,-0.945484,0.872071
138,-2.29487,-0.945484,0.872071
140,-3.31111,0.00683736,1.46256
138,-3.31111,0.00683736,1.46256
140,-2.69324,-0.659539,0.622761
138,-2.69324,-0.659539,0.622761
140,-2.85844,-0.455121,0.562645
138,-2.85844,-0.455121,0.562645
140,-2.83167,-0.463516,0.639704
138,-2.83167,-0.463516,0.639704
140,-3.20666,0.287083,0.374869
138,-3.20666,0.287083,0.374869
140,-2.52989,-2.87857,1.18583
138,-2.52989,-2.87857,1.18583
140,-2.47641,-2.85405,1.22089
138,-2.47641,-2.85405,1.22089
140,-2.39017,-2.85153,0.908409
138,-2.39017,-2.85153,0.908409
140,-2.55904,-2.89349,0.871317
138,-2.55904,-2.89349,0.871317
140,-2.42563,-2.78406,0.949847
138,-2.42563,-2.78406,0.949847
140,-2.46494,-2.86105,1.1858
138,-2.46494,-2.86105,1.1858
140,-2.51082,-2.75054,1.32579
138,-2.51082,-2.75054,1.32579
140,-2.53955,-2.75316,1.36493
138,-2.53955,-2.75316,1.36493
140,-2.47523,-2.78256,0.938002
138,-2.47523,-2.78256,0.938002
140,-2.51094,-2.80279,0.421121
136,-2.51094,-2.80279,0.421121
140,-2.60466,-2.75243,0.704714
136,-2.60466,-2.75243,0.704714
140,-2.62634,-0.76535,0.658027
136,-2.62634,-0.76535,0.658027
140,-2.5418,-0.862136,0.610665
136,-2.5418,-0.862136,0.610665
140,-2.77128,-0.62933,0.540743
136,-2.77128,-0.62933,0.540743
140,-2.64614,-0.733651,0.584001
136,-2.64614,-0.733651,0.584001
140,-2.90497,-0.648524,0.431132
133,-2.90497,-0.648524,0.431132
140,-2.77425,-0.568622,0.574117
117,-2.77425,-0.568622,0.574117
140,-3.05054,-0.249234,1.0099
117,-3.05054,-0.249234,1.0099
140,-2.8194,-0.507561,0.575088
117,-2.8194,-0.507561,0.575088
140,-2.73128,-0.626725,0.573213
117,-2.73128,-0.626725,0.573213
140,-2.84236,-0.492164,1.07303
117,-2.84236,-0.492164,1.07303
140,-2.92671,-0.38333,1.09756
117,-2.92671,-0.38333,1.09756
140,-2.88505,-0.389109,0.967935
117,-2.88505,-0.389109,0.967935
140,-3.07808,-0.393385,0.442485
115,-3.07808,-0.393385,0.442485
140,-2.41072,-2.83386,0.917328
113,-2.41072,-2.83386,0.917328
141,-1.76347,-1.70305,1.18144
141,-2.4206,-2.81306,0.91051
141,-1.9808,-1.28209,1.34772
141,-1.9823,-1.27985,1.35185
141,-1.99335,-1.27579,1.34666
141,-2.47834,-2.73606,1.09985
141,-2.47892,-2.73359,1.08454
141,-2.48483,-2.73553,1.0965
141,-2.47386,-2.74408,1.02615
141,-2.44899,-2.77484,0.907718
141,-2.46017,-2.77412,0.923955
141,-2.48627,-2.73678,1.04866
141,-2.48812,-2.73634,1.04526
141,-2.46666,-2.77452,0.932082
141,-2.02021,-1.26534,1.33557
141,-2.48581,-2.73292,1.03454
141,-2.46249,-2.7762,0.905417
141,-2.46729,-2.77549,0.91511
141,-2.11645,-1.32473,1.54614
141,-2.11738,-1.32171,1.54904
141,-2.12763,-1.30825,1.5463
141,-2.13766,-1.28115,1.59285
141,-2.14674,-1.29418,1.58085
141,-2.17289,-1.29267,1.59617
141,-2.17663,-1.30784,1.57198
141,-2.18067,-1.30291,1.56365
141,-2.47584,-2.76271,0.733027
141,-2.18994,-1.29056,1.56726
141,-2.46258,-2.7488,0.666054
141,-2.48588,-2.75207,0.724758
141,-2.47045,-2.75192,0.663286
141,-2.47803,-2.75232,0.656841
141,-2.48551,-2.75873,0.671531
141,-2.5154,-2.75812,0.762343
141,-2.48642,-2.75528,0.669222
141,-2.46056,-2.75024,0.588015
141,-2.493,-2.74498,0.685308
141,-2.49686,-2.74532,0.685731
141,-2.60041,-2.75519,0.990487
141,-2.51009,-2.74941,0.698603
141,-2.62656,-2.76035,1.04041
141,-2.50787,-2.73967,0.663414
141,-2.52038,-2.74252,0.690899
141,-2.51742,-2.73947,0.671867
141,-2.24034,-1.27911,1.5438
141,-2.52629,-2.73852,0.685502
141,-2.2484,-1.25547,1.54413
141,-2.68515,-0.682391,1.03265
141,-2.68826,-0.666525,1.01759
141,-2.69152,-0.679127,1.01114
141,-2.69614,-0.595718,0.800722
141,-2.70326,-0.556728,0.863823
141,-2.70164,-0.581221,0.814962
141,-2.68987,-0.646342,0.684719
141,-2.6935,-0.652856,0.64729
141,-2.6996,-0.673788,0.631773
141,-2.73582,-0.591498,0.803601
141,-2.71713,-0.634943,0.59854
141,-2.71622,-0.648688,0.577961
141,-2.79751,-0.733323,0.574463
141,-2.71827,-0.571277,0.416626
141,-2.72305,-0.659218,0.275012
141,-2.73161,-0.650249,0.265493
141,-2.71538,-0.552593,0.313278
141,-2.73333,-0.564451,0.347735
141,-2.73737,-0.602712,0.264887
141,-2.74346,-0.588899,0.287136
141,-2.74233,-0.587278,0.272952
141,-2.74403,-0.577296,0.273325
141,-2.73323,-0.544755,0.269423
141,-2.74598,-0.57132,0.254343
141,-2.7277,-0.359846,0.313669
141,-2.74715,-0.409781,0.292184
141,-2.76904,-0.415621,0.271296
141,-2.7793,-0.273539,0.270495
141,-2.78527,-0.295565,0.251669
141,-2.78485,-0.257092,0.269965
141,-2.77257,-0.226999,0.257694
141,-2.77015,-0.17461,0.287705
141,-2.7766,-0.215595,0.253684
141,-2.78821,-0.171726,0.265935
141,-2.91717,-0.654701,-0.152172
141,-2.95062,-0.623227,-0.195549
141,-2.9526,-0.624614,-0.202428
141,-2.71161,-0.676341,0.598748
139,-2.71161,-0.676341,0.598748
141,-2.77411,-0.763852,0.581295
139,-2.77411,-0.763852,0.581295
141,-2.72322,-2.90979,0.670311
139,-2.72322,-2.90979,0.670311
141,-2.40292,-2.85557,0.705189
139,-2.40292,-2.85557,0.705189
141,-2.21915,-2.696,1.38812
139,-2.21915,-2.696,1.38812
141,-2.2255,-2.7894,1.26063
139,-2.2255,-2.7894,1.26063
141,-2.74439,-2.91445,0.66213
139,-2.74439,-2.91445,0.66213
141,-2.44287,-2.86406,0.686838
139,-2.44287,-2.86406,0.686838
141,-2.61503,-0.817263,1.37257
139,-2.61503,-0.817263,1.37257
141,-2.54407,-2.86014,1.27441
139,-2.54407,-2.86014,1.27441
141,-2.79462,-2.79957,1.34268
139,-2.79462,-2.79957,1.34268
141,-3.13429,-2.8555,1.35801
139,-3.13429,-2.8555,1.35801
141,-2.45596,-2.74121,1.32751
139,-2.45596,-2.74121,1.32751
141,-3.24793,-2.87876,0.844709
139,-3.24793,-2.87876,0.844709
141,-2.06747,-1.11792,1.09105
139,-2.06747,-1.11792,1.09105
141,-2.12818,-1.35059,1.47093
139,-2.12818,-1.35059,1.47093
141,-2.19256,-1.0246,1.17593
139,-2.19256,-1.0246,1.17593
141,-2.05644,-1.13824,1.09372
139,-2.05644,-1.13824,1.09372
141,-2.93583,-2.81147,1.01055
139,-2.93583,-2.81147,1.01055
141,-2.4243,-2.83045,1.18371
138,-2.4243,-2.83045,1.18371
141,-2.76807,-0.611306,0.571365
138,-2.76807,-0.611306,0.571365
141,-2.69265,-2.90212,0.850449
138,-2.69265,-2.90212,0.850449
141,-2.5836,-2.87109,1.18291
138,-2.5836,-2.87109,1.18291
141,-2.46769,-2.8404,0.664351
138,-2.46769,-2.8404,0.664351
141,-2.45086,-2.84398,0.910529
138,-2.45086,-2.84398,0.910529
141,-2.45574,-2.84031,0.953984
138,-2.45574,-2.84031,0.953984
141,-2.32188,-2.8297,0.956057
138,-2.32188,-2.8297,0.956057
141,-2.37434,-2.83996,0.946029
138,-2.37434,-2.83996,0.946029
141,-2.75235,-2.73367,0.425389
138,-2.75235,-2.73367,0.425389
141,-2.54602,-0.930416,0.902292
138,-2.54602,-0.930416,0.902292
141,-2.38497,-2.76133,0.903866
136,-2.38497,-2.76133,0.903866
141,-2.47265,-2.85144,0.62372
136,-2.47265,-2.85144,0.62372
141,-2.39987,-2.76434,0.903014
136,-2.39987,-2.76434,0.903014
141,-2.60064,-0.871296,0.757896
136,-2.60064,-0.871296,0.757896
142,-2.41157,-2.81121,0.908637
142,-2.06787,-1.26393,1.54234
142,-2.06802,-1.26421,1.53738
142,-2.00884,-1.276,1.322
142,-2.48909,-2.73271,1.09102
142,-2.48414,-2.73528,1.04443
142,-2.48529,-2.7323,1.04163
142,-2.04811,-1.27741,1.32971
142,-2.1314,-1.29986,1.55396
142,-2.13778,-1.30254,1.55418
142,-2.13884,-1.2666,1.59174
142,-2.14831,-1.2936,1.57334
142,-2.15818,-1.29937,1.5909
142,-2.06446,-1.26424,1.32293
142,-2.15499,-1.28817,1.58197
142,-2.06509,-1.25748,1.32225
142,-2.06644,-1.26005,1.32164
142,-2.06972,-1.26351,1.32616
142,-2.07547,-1.24226,1.32473
142,-2.09026,-1.26185,1.31387
142,-2.18571,-1.29617,1.56978
142,-2.18389,-1.29605,1.56369
142,-2.46462,-2.7455,0.671894
142,-2.47667,-2.752,0.670923
142,-2.59453,-2.7551,0.99732
142,-2.50272,-2.74764,0.67608
142,-2.51248,-2.74401,0.693816
142,-2.57487,-2.75152,0.707755
142,-2.57449,-2.74581,0.691555
142,-2.66414,-2.74498,0.698349
142,-2.46077,-0.861557,1.79619
142,-2.4702,-0.849323,1.80394
142,-2.46556,-0.838638,1.79444
142,-2.70093,-0.592764,0.864189
142,-2.72095,-0.599246,0.87373
142,-2.70139,-0.651373,0.737045
142,-2.70304,-0.660617,0.712204
142,-2.70281,-0.657101,0.688757
142,-2.7011,-0.629978,0.70858
142,-2.73181,-0.58912,0.84042
142,-2.72331,-0.567664,0.497147
142,-2.71354,-0.579039,0.44107
142,-2.72266,-0.652917,0.277151
142,-2.73199,-0.606848,0.286961
142,-2.72585,-0.575282,0.301012
142,-2.73856,-0.607374,0.260769
142,-2.7417,-0.600863,0.274694
142,-2.73365,-0.522102,0.285921
142,-2.75148,-0.570088,0.264187
142,-2.73758,-0.436058,0.301599
142,-2.74585,-0.42497,0.29514
142,-2.74825,-0.311279,0.28919
142,-2.75907,-0.250034,0.278312
142,-2.77971,-0.273365,0.293314
142,-2.78251,-0.301917,0.250183
142,-2.75593,-0.19053,0.298192
142,-2.77054,-0.228284,0.265222
142,-2.78522,-0.253526,0.263729
142,-2.76845,-0.189859,0.282725
142,-2.76701,-0.188108,0.267717
142,-2.78115,-0.216866,0.253917
142,-2.76395,-0.129759,0.282602
142,-2.78202,-0.163761,0.273567
142,-2.80956,0.14654,0.243226
142,-2.28548,-1.14081,1.46057
140,-2.28548,-1.14081,1.46057
142,-2.35088,-1.06056,1.4671
140,-2.35088,-1.06056,1.4671
142,-2.41011,-2.83485,1.19949
140,-2.41011,-2.83485,1.19949
142,-2.5553,-0.844776,0.658862
140,-2.5553,-0.844776,0.658862
142,-2.42384,-1.00774,0.72565
140,-2.42384,-1.00774,0.72565
142,-2.41128,-2.83705,1.25746
140,-2.41128,-2.83705,1.25746
142,-2.29384,-2.80133,0.952096
140,-2.29384,-2.80133,0.952096
142,-2.34702,-1.06979,1.46445
140,-2.34702,-1.06979,1.46445
142,-2.11326,-1.14464,1.19945
140,-2.11326,-1.14464,1.19945
142,-2.12956,-1.10478,1.49867
140,-2.12956,-1.10478,1.49867
142,-2.08492,-1.09168,1.08703
140,-2.08492,-1.09168,1.08703
142,-2.35295,-1.05841,1.46464
140,-2.35295,-1.05841,1.46464
142,-2.10918,-1.14464,1.20012
140,-2.10918,-1.14464,1.20012
142,-2.05403,-1.1402,1.09818
140,-2.05403,-1.1402,1.09818
142,-2.30437,-1.18005,1.54879
140,-2.30437,-1.18005,1.54879
142,-2.48257,-1.00758,0.965862
140,-2.48257,-1.00758,0.965862
142,-2.79158,-0.645335,0.874332
140,-2.79158,-0.645335,0.874332
142,-3.0357,-0.207801,0.907886
140,-3.0357,-0.207801,0.907886
142,-2.70595,-0.655976,1.03052
140,-2.70595,-0.655976,1.03052
142,-3.06474,-0.224153,1.11819
140,-3.06474,-0.224153,1.11819
142,-2.74976,-0.618037,0.527956
140,-2.74976,-0.618037,0.527956
142,-3.27154,0.0187362,0.254121
140,-3.27154,0.0187362,0.254121
142,-2.56062,-2.75985,0.983405
140,-2.56062,-2.75985,0.983405
142,-2.83204,-0.419973,0.743887
140,-2.83204,-0.419973,0.743887
142,-2.96853,-0.336057,0.465715
140,-2.96853,-0.336057,0.465715
142,-3.07816,-2.8528,0.846848
140,-3.07816,-2.8528,0.846848
142,-2.76185,-0.537266,0.971683
140,-2.76185,-0.537266,0.971683
142,-2.34372,-1.0699,1.46584
140,-2.34372,-1.0699,1.46584
142,-2.42282,-2.83641,0.9168
138,-2.42282,-2.83641,0.9168
142,-2.38802,-2.82663,0.92383
138,-2.38802,-2.82663,0.92383
142,-2.427,-2.83092,1.24502
138,-2.427,-2.83092,1.24502
142,-2.56524,-2.86616,1.29758
138,-2.56524,-2.86616,1.29758
142,-2.58757,-2.87063,1.25275
138,-2.58757,-2.87063,1.25275
142,-2.55772,-2.86446,1.29697
138,-2.55772,-2.86446,1.29697
142,-2.39117,-2.82557,0.928759
138,-2.39117,-2.82557,0.928759
142,-2.91959,-0.6136,0.524417
138,-2.91959,-0.6136,0.524417
142,-2.87025,-0.506331,0.480678
136,-2.87025,-0.506331,0.480678
142,-2.89718,-0.61879,0.580736
136,-2.89718,-0.61879,0.580736
142,-2.83544,-0.353591,0.327034
136,-2.83544,-0.353591,0.327034
142,-2.92495,-0.39489,1.10804
136,-2.92495,-0.39489,1.10804
142,-3.05318,-0.321358,1.2338
136,-3.05318,-0.321358,1.2338
142,-2.75716,-0.542733,0.327523
136,-2.75716,-0.542733,0.327523
142,-2.96628,-0.48749,0.546177
136,-2.96628,-0.48749,0.546177
142,-2.87061,-0.448682,1.01754
117,-2.87061,-0.448682,1.01754
142,-3.10334,-0.389488,0.435644
113,-3.10334,-0.389488,0.435644
142,-2.80597,-0.397205,0.311399
90,-2.80597,-0.397205,0.311399
143,-2.43257,-2.72964,1.39072
143,-2.43752,-2.77046,0.914463
143,-1.9989,-1.2813,1.30894
143,-2.44636,-2.76974,0.927131
143,-2.00848,-1.26477,1.30574
143,-2.02804,-1.27687,1.3479
143,-2.03093,-1.28161,1.32031
143,-2.0414,-1.26281,1.35383
143,-2.04629,-1.25799,1.34728
143,-2.13672,-1.2752,1.59287
143,-2.13807,-1.26708,1.59297
143,-2.13842,-1.26639,1.59207
143,-2.13805,-1.29273,1.5465
143,-2.44832,-2.76922,0.755941
143,-2.06157,-1.23993,1.3586
143,-2.14873,-1.2849,1.57993
143,-2.13744,-1.26722,1.56478
143,-2.13604,-1.26263,1.5657
143,-2.05753,-1.26119,1.31785
143,-2.45144,-2.76953,0.756514
143,-2.06718,-1.26117,1.31605
143,-2.16372,-1.26261,1.60177
143,-2.06909,-1.24647,1.31754
143,-2.18085,-1.28701,1.60559
143,-2.176,-1.2796,1.59758
143,-2.17797,-1.29868,1.57123
143,-2.17027,-1.25383,1.60049
143,-2.17839,-1.29683,1.56564
143,-2.26234,-1.31514,1.77177
143,-2.19014,-1.29245,1.56156
143,-2.26413,-1.3128,1.77052
143,-2.26195,-1.28705,1.78677
143,-2.27817,-1.28648,1.82608
143,-2.27452,-1.27847,1.7959
143,-2.27499,-1.27854,1.7937
143,-2.50407,-2.75648,0.713334
143,-2.50897,-2.74207,0.694675
143,-2.51049,-2.73987,0.695865
143,-2.36302,-1.33288,1.84972
143,-2.58997,-2.74223,0.733055
143,-2.59499,-2.74298,0.731048
143,-2.27952,-1.00329,1.81115
143,-2.62747,-2.72395,0.712057
143,-2.64424,-2.739,0.702891
143,-2.7023,-1.89723,1.87119
143,-2.40848,-0.948305,1.7797
143,-2.67864,-2.24143,1.02912
143,-2.41055,-0.877614,1.81317
143,-2.4225,-0.925171,1.78086
143,-2.38378,-0.853624,1.68374
143,-2.44914,-0.859478,1.79896
143,-2.70507,-0.657222,1.13479
143,-2.75697,-0.658997,1.13712
143,-2.69105,-0.529541,0.980109
143,-2.72067,-0.594297,0.94774
143,-2.71276,-0.581172,0.907013
143,-2.71296,-0.601412,0.877817
143,-2.68568,-0.715913,0.557292
143,-2.68879,-0.708081,0.573764
143,-2.71118,-0.636349,0.715513
143,-2.70512,-0.655413,0.666118
143,-2.70613,-0.663821,0.657849
143,-2.69742,-0.71129,0.56804
143,-2.70344,-0.623319,0.664957
143,-2.70462,-0.696252,0.568361
143,-2.70961,-0.663576,0.619535
143,-2.71481,-0.642702,0.660724
143,-2.70882,-0.672336,0.602768
143,-2.70797,-0.632571,0.624537
143,-2.71245,-0.618583,0.645165
143,-2.71014,-0.637695,0.605836
143,-2.71969,-0.643599,0.613805
143,-2.7045,-0.714911,0.469704
143,-2.71957,-0.616273,0.626343
143,-2.72495,-0.61618,0.608449
143,-2.70152,-0.628665,0.514054
143,-2.72744,-0.619699,0.592267
143,-2.72471,-0.619789,0.561965
143,-2.71768,-0.613263,0.491038
143,-2.7202,-0.608749,0.498384
143,-2.70973,-0.600849,0.465797
143,-2.71996,-0.572292,0.484867
143,-2.69396,-0.47971,0.487822
143,-2.69502,-0.484852,0.471984
143,-2.73335,-0.635588,0.274183
143,-2.70886,-0.546592,0.30034
143,-2.75646,-0.518563,0.398108
143,-2.73437,-0.507627,0.330951
143,-2.74395,-0.575982,0.274941
143,-2.74331,-0.568195,0.282128
143,-2.74712,-0.57654,0.265836
143,-2.74729,-0.567522,0.25823
143,-2.73875,-0.528117,0.267685
143,-2.72199,-0.454975,0.295013
143,-2.76777,-0.266588,0.265617
143,-2.76595,-0.235972,0.260404
143,-2.7776,-0.161552,0.278398
143,-2.78032,-0.17115,0.265788
143,-2.77539,-0.0634954,0.302047
143,-2.79353,-0.0426004,0.270427
143,-2.76707,-0.603561,0.227334
141,-2.76707,-0.603561,0.227334
143,-2.26949,-1.21651,1.54024
141,-2.26949,-1.21651,1.54024
143,-2.26548,-1.22431,1.54004
141,-2.26548,-1.22431,1.54004
143,-2.14343,-1.27155,1.58485
141,-2.14343,-1.27155,1.58485
143,-2.62832,-0.496663,0.668949
141,-2.62832,-0.496663,0.668949
143,-2.6238,-0.450779,0.694107
141,-2.6238,-0.450779,0.694107
143,-2.25691,-2.771,1.45674
141,-2.25691,-2.771,1.45674
143,-2.35033,-2.82827,0.907153
141,-2.35033,-2.82827,0.907153
143,-2.21813,-1.27562,1.51583
141,-2.21813,-1.27562,1.51583
143,-2.04249,-1.16238,1.10211
141,-2.04249,-1.16238,1.10211
143,-2.36796,-2.79444,1.45971
141,-2.36796,-2.79444,1.45971
143,-2.47136,-2.82275,1.46192
141,-2.47136,-2.82275,1.46192
143,-2.43167,-2.83634,0.813646
141,-2.43167,-2.83634,0.813646
143,-3.35426,0.0443984,1.04198
141,-3.35426,0.0443984,1.04198
143,-2.18386,-2.75053,1.45519
141,-2.18386,-2.75053,1.45519
143,-2.06908,-1.21035,1.20897
141,-2.06908,-1.21035,1.20897
143,-2.31977,-1.15808,1.54688
141,-2.31977,-1.15808,1.54688
143,-2.201,-2.77128,1.0437
141,-2.201,-2.77128,1.0437
143,-2.18514,-1.31645,1.51198
141,-2.18514,-1.31645,1.51198
143,-3.37034,0.0505138,0.945669
141,-3.37034,0.0505138,0.945669
143,-2.53733,-2.75471,1.31706
141,-2.53733,-2.75471,1.31706
143,-2.26279,-1.23169,1.54783
141,-2.26279,-1.23169,1.54783
143,-2.71487,-0.725102,0.933969
141,-2.71487,-0.725102,0.933969
143,-2.28365,-1.16404,1.4742
141,-2.28365,-1.16404,1.4742
143,-2.59831,-0.728962,0.469073
138,-2.59831,-0.728962,0.469073
143,-2.78937,-0.289524,0.53671
138,-2.78937,-0.289524,0.53671
143,-2.44176,-2.82094,0.717279
138,-2.44176,-2.82094,0.717279
143,-2.42879,-2.81196,0.735588
138,-2.42879,-2.81196,0.735588
143,-2.67408,-0.658865,0.688193
138,-2.67408,-0.658865,0.688193
143,-2.38351,-2.84963,0.906423
138,-2.38351,-2.84963,0.906423
143,-2.63617,-0.670016,1.00613
138,-2.63617,-0.670016,1.00613
143,-2.44149,-2.81693,0.88851
138,-2.44149,-2.81693,0.88851
143,-2.72012,-0.168272,0.402178
136,-2.72012,-0.168272,0.402178
143,-2.71751,-0.199779,0.450345
136,-2.71751,-0.199779,0.450345
143,-2.67869,-0.601232,0.815341
136,-2.67869,-0.601232,0.815341
143,-2.7708,-0.501172,0.421903
113,-2.7708,-0.501172,0.421903
143,-2.42602,-2.83937,0.885299
113,-2.42602,-2.83937,0.885299
144,-2.43696,-2.7287,1.40976
144,-2.09963,-1.53828,1.731
144,-2.42642,-2.76682,0.905435
144,-2.47975,-2.73061,1.10845
144,-2.46836,-2.72614,1.06621
144,-2.47389,-2.72919,1.05893
144,-2.01395,-1.26698,1.33928
144,-2.03023,-1.27256,1.35321
144,-2.03116,-1.26868,1.34686
144,-2.13506,-1.28739,1.55468
144,-2.05522,-1.26525,1.32094
144,-2.05545,-1.26165,1.32359
144,-2.14024,-1.29278,1.54976
144,-2.05556,-1.26173,1.31883
144,-2.13753,-1.25997,1.56383
144,-2.15257,-1.28054,1.58187
144,-2.16005,-1.27708,1.58007
144,-2.16143,-1.25953,1.60044
144,-2.17258,-1.28491,1.59587
144,-2.08318,-1.27479,1.32051
144,-2.17616,-1.29605,1.57945
144,-2.23473,-1.26878,1.794
144,-2.08655,-1.2689,1.31497
144,-2.25955,-1.31655,1.77676
144,-2.27968,-1.35441,1.79248
144,-2.27284,-1.28493,1.83606
144,-2.27649,-1.28346,1.83665
144,-2.27718,-1.28427,1.83594
144,-2.26738,-1.28687,1.78709
144,-2.28421,-1.30138,1.81459
144,-2.26919,-1.27573,1.78124
144,-2.29839,-1.29176,1.84823
144,-2.29251,-1.30049,1.81397
144,-2.30742,-1.33343,1.80876
144,-2.30737,-1.32662,1.81028
144,-2.30568,-1.32181,1.81037
144,-2.30707,-1.32298,1.81047
144,-2.30617,-1.28158,1.84774
144,-2.36535,-1.33097,1.88007
144,-2.36769,-1.32519,1.87762
144,-2.36071,-1.29903,1.87522
144,-2.36866,-1.33238,1.86009
144,-2.36136,-1.30152,1.87068
144,-2.58219,-2.74251,0.722712
144,-2.27552,-1.00829,1.80822
144,-2.19585,-0.978842,1.56293
144,-2.20568,-0.937323,1.59723
144,-2.38692,-0.906446,1.81143
144,-2.31696,-0.844481,1.61245
144,-2.32645,-0.829013,1.62073
144,-2.43523,-0.903586,1.78737
144,-2.45276,-0.872234,1.79872
144,-2.50994,-0.845387,1.80318
144,-2.7887,-1.37098,1.88189
144,-2.59066,-0.749869,1.81688
144,-2.60923,-0.728133,1.81959
144,-3.03393,-2.17932,0.875834
144,-2.70311,-0.663615,1.05062
144,-2.70021,-0.663835,1.03746
144,-2.69895,-0.652826,1.02281
144,-2.70136,-0.655751,1.0083
144,-2.70674,-0.630544,1.00444
144,-2.69888,-0.638374,0.921555
144,-2.70741,-0.617606,0.952839
144,-2.74124,-0.683637,0.957668
144,-2.70718,-0.645188,0.715386
144,-2.70636,-0.632262,0.708018
144,-2.61985,-0.782929,0.245736
144,-2.69929,-0.70248,0.579036
144,-2.71522,-0.624279,0.715988
144,-2.72566,-0.617057,0.756743
144,-2.70222,-0.691514,0.59462
144,-2.75883,-0.771765,0.618542
144,-2.7097,-0.614627,0.645817
144,-2.71525,-0.612908,0.629964
144,-2.71914,-0.609026,0.645976
144,-2.72246,-0.645812,0.598898
144,-2.71876,-0.613757,0.615333
144,-2.72286,-0.610669,0.628798
144,-2.72615,-0.61288,0.611798
144,-2.73162,-0.623323,0.554906
144,-2.71715,-0.602004,0.518
144,-2.71595,-0.609833,0.503724
144,-2.71173,-0.58584,0.417926
144,-2.72808,-0.550707,0.451187
144,-2.72136,-0.496215,0.419702
144,-2.71428,-0.537475,0.347221
144,-2.71979,-0.514268,0.381869
144,-2.72657,-0.530918,0.285144
144,-2.74146,-0.470896,0.372183
144,-2.73917,-0.433886,0.293984
144,-2.74293,-0.419755,0.307211
144,-2.74792,-0.311155,0.282621
144,-2.73022,-0.117244,0.329516
144,-2.75928,-0.192319,0.287106
144,-2.77448,-0.212828,0.253527
144,-2.78736,-0.244971,0.252557
144,-2.77004,-0.169127,0.279737
144,-2.77886,-0.166389,0.281703
144,-2.79484,-0.234816,0.237368
144,-2.77927,-0.16205,0.267357
144,-2.87355,-0.702927,-0.130331
144,-2.2381,-1.31548,1.6059
141,-2.2381,-1.31548,1.6059
144,-2.33706,-1.20811,1.62256
141,-2.33706,-1.20811,1.62256
144,-2.16957,-1.29768,1.47186
141,-2.16957,-1.29768,1.47186
144,-2.41714,-2.83104,0.8944
141,-2.41714,-2.83104,0.8944
144,-2.70116,-2.90494,1.25397
141,-2.70116,-2.90494,1.25397
144,-2.38643,-2.75505,0.94569
141,-2.38643,-2.75505,0.94569
144,-2.56109,-2.79467,0.862335
141,-2.56109,-2.79467,0.862335
144,-2.21762,-1.27584,1.51465
141,-2.21762,-1.27584,1.51465
144,-2.4488,-2.84352,0.895781
141,-2.4488,-2.84352,0.895781
144,-2.85056,-0.389105,0.178889
141,-2.85056,-0.389105,0.178889
144,-2.35971,-2.7189,1.38677
141,-2.35971,-2.7189,1.38677
144,-2.64656,-2.76942,1.36683
141,-2.64656,-2.76942,1.36683
144,-2.38369,-1.19112,0.761798
141,-2.38369,-1.19112,0.761798
144,-2.94442,-0.5949,0.451871
141,-2.94442,-0.5949,0.451871
144,-2.26712,-1.28548,1.6051
141,-2.26712,-1.28548,1.6051
144,-2.41058,-1.13459,0.768179
141,-2.41058,-1.13459,0.768179
144,-2.35315,-2.79428,0.921671
138,-2.35315,-2.79428,0.921671
144,-2.64273,-0.602877,0.991058
138,-2.64273,-0.602877,0.991058
144,-2.99546,-0.225808,0.287753
138,-2.99546,-0.225808,0.287753
144,-2.68184,-0.580107,0.877324
138,-2.68184,-0.580107,0.877324
144,-2.77847,-0.579971,0.626218
136,-2.77847,-0.579971,0.626218
144,-3.0392,-0.340844,0.905836
136,-3.0392,-0.340844,0.905836
144,-2.505,-0.89745,0.862746
117,-2.505,-0.89745,0.862746
144,-2.90378,-0.63251,0.464227
133,-2.90378,-0.63251,0.464227
145,-1.86019,-1.72083,1.75228
145,-2.44226,-2.72976,1.33658
145,-2.46792,-2.72184,1.11779
145,-2.47566,-2.72265,1.11008
145,-2.47079,-2.72096,1.05939
145,-2.00367,-1.2518,1.35072
145,-2.00148,-1.20397,1.37175
145,-1.91292,-1.23186,1.06664
145,-2.0684,-1.20957,1.45925
145,-2.08406,-1.21281,1.49841
145,-2.0257,-1.15132,1.36237
145,-2.14152,-1.25805,1.55979
145,-2.14918,-1.25341,1.58731
145,-1.9555,-1.19385,1.05313
145,-2.16827,-1.26055,1.60983
145,-2.07357,-1.2421,1.32405
145,-2.072,-1.24096,1.31378
145,-2.26216,-1.30322,1.76343
145,-2.26674,-1.30564,1.77134
145,-2.27359,-1.31139,1.78021
145,-2.19269,-1.28473,1.56485
145,-2.48785,-2.75144,0.743419
145,-2.27819,-1.30951,1.78629
145,-1.96503,-1.144,1.02724
145,-2.28565,-1.28157,1.83439
145,-2.29493,-1.29634,1.84228
145,-2.28768,-1.27535,1.83294
145,-2.29302,-1.30238,1.81302
145,-2.4955,-2.74779,0.736688
145,-2.29355,-1.29451,1.81411
145,-2.30144,-1.28242,1.84589
145,-2.30988,-1.33443,1.81051
145,-2.307,-1.33036,1.80395
145,-2.29518,-1.26906,1.83611
145,-2.30785,-1.28751,1.84954
145,-2.31182,-1.30036,1.83445
145,-2.27048,-1.21793,1.79658
145,-2.31524,-1.29539,1.83622
145,-2.28252,-1.26005,1.77454
145,-2.31743,-1.31506,1.80944
145,-2.34821,-1.35202,1.85593
145,-2.32134,-1.29851,1.83658
145,-2.3568,-1.34412,1.88116
145,-2.27637,-1.209,1.7906
145,-2.35912,-1.33132,1.89901
145,-2.32275,-1.31315,1.802
145,-2.3457,-1.31808,1.86489
145,-2.36702,-1.34086,1.8836
145,-2.6148,-2.74881,0.980646
145,-2.35584,-1.30935,1.86665
145,-2.37288,-1.31944,1.90494
145,-2.61846,-2.74882,0.984564
145,-2.29869,-1.19209,1.81834
145,-2.37792,-1.31822,1.85325
145,-2.37931,-1.31727,1.8484
145,-2.27605,-1.05519,1.82608
145,-2.43258,-1.3024,1.94566
145,-2.27329,-1.21883,1.53451
145,-2.30496,-1.0142,1.83233
145,-2.30576,-0.983719,1.81224
145,-2.32187,-0.99756,1.83912
145,-2.22021,-0.931807,1.55447
145,-2.23171,-0.930562,1.55472
145,-2.24231,-0.94296,1.53916
145,-2.71313,-1.88522,1.86932
145,-2.25942,-0.91913,1.53594
145,-2.2885,-0.836108,1.49001
145,-2.28854,-0.828121,1.49131
145,-2.34352,-0.828687,1.60459
145,-2.44586,-0.887735,1.78826
145,-2.44892,-0.860896,1.7874
145,-2.37197,-0.793343,1.60284
145,-2.4983,-0.897814,1.76699
145,-2.39846,-0.751651,1.60705
145,-2.49934,-0.833787,1.79334
145,-2.92481,-1.80849,1.89773
145,-2.56595,-0.818765,1.77492
145,-2.86404,-1.32327,1.88445
145,-2.65308,-0.770705,1.8697
145,-2.62266,-0.758165,1.79079
145,-2.64077,-0.744263,1.82032
145,-2.63374,-0.702935,1.80589
145,-2.63972,-0.726495,1.79453
145,-2.8929,-1.30119,1.88859
145,-2.6435,-0.72111,1.79998
145,-2.65331,-0.722482,1.81897
145,-2.65726,-0.723416,1.81912
145,-3.16418,-1.71125,1.93623
145,-3.17745,-1.70786,1.93639
145,-2.59417,-0.660354,1.0387
145,-2.54009,-0.887372,0.353647
145,-2.65623,-0.713237,0.875175
145,-2.66041,-0.711232,0.855104
145,-2.63923,-0.771605,0.599924
145,-2.67969,-0.668362,0.800082
145,-2.68239,-0.676778,0.768763
145,-2.69301,-0.566758,0.862627
145,-2.69129,-0.659487,0.716389
145,-2.73548,-0.766718,0.720248
145,-2.6792,-0.672747,0.658318
145,-2.70094,-0.64864,0.74008
145,-2.69738,-0.656829,0.719664
145,-2.68545,-0.651022,0.682558
145,-2.71998,-0.613157,0.813117
145,-2.74331,-0.766516,0.694323
145,-2.71096,-0.579061,0.79959
145,-2.69813,-0.674886,0.642447
145,-2.69458,-0.65645,0.633834
145,-2.74542,-0.793028,0.627702
145,-2.7289,-0.760162,0.611214
145,-2.69927,-0.633916,0.664089
145,-2.69749,-0.661299,0.610332
145,-2.6963,-0.671176,0.589597
145,-2.71165,-0.653048,0.649914
145,-2.68858,-0.703104,0.518261
145,-2.70821,-0.616267,0.677754
145,-2.7587,-0.758047,0.663318
145,-2.70722,-0.615502,0.670225
145,-2.71631,-0.612092,0.657496
145,-2.71827,-0.646053,0.616454
145,-2.64074,-0.761513,0.229199
145,-2.78257,-0.703008,0.714787
145,-2.72117,-0.606341,0.629019
145,-2.72315,-0.608827,0.615026
145,-2.72584,-0.618731,0.567971
145,-2.68816,-0.710204,0.295979
145,-2.69435,-0.707195,0.315124
145,-2.69233,-0.689162,0.30586
145,-2.70328,-0.641967,0.28808
145,-2.71669,-0.512183,0.411679
145,-2.71362,-0.531212,0.374343
145,-2.70467,-0.552358,0.319455
145,-2.83053,-0.719131,0.479306
145,-2.72253,-0.537054,0.28327
145,-2.65669,-0.234322,0.391644
145,-2.72139,-0.482278,0.290908
145,-2.73923,-0.460946,0.279535
145,-2.74642,-0.461768,0.264405
145,-2.75723,-0.484131,0.251307
145,-2.75863,-0.409628,0.27182
145,-2.76038,-0.404695,0.277274
145,-2.75775,-0.304671,0.289458
145,-2.78595,-0.150458,0.268624
145,-2.81322,-0.214097,0.229063
145,-2.79666,-0.129377,0.263718
145,-2.79269,-0.089447,0.251669
145,-2.90266,-0.657538,-0.155629
145,-2.93098,-0.654003,-0.17874
145,-2.843,0.0397866,0.220905
145,-2.72427,-0.648369,0.539345
142,-2.72427,-0.648369,0.539345
145,-2.38471,-2.81744,1.33398
142,-2.38471,-2.81744,1.33398
145,-2.4742,-2.80271,1.48138
142,-2.4742,-2.80271,1.48138
145,-3.32062,-2.97647,1.52596
142,-3.32062,-2.97647,1.52596
145,-2.13261,-1.22825,1.33349
142,-2.13261,-1.22825,1.33349
145,-2.94018,-0.200242,0.250771
142,-2.94018,-0.200242,0.250771
145,-2.88844,-0.257086,0.31765
142,-2.88844,-0.257086,0.31765
145,-2.39699,-2.80037,1.46613
142,-2.39699,-2.80037,1.46613
145,-2.23214,-2.76853,1.36825
142,-2.23214,-2.76853,1.36825
145,-2.18799,-1.34059,1.15451
142,-2.18799,-1.34059,1.15451
145,-3.35964,-2.98522,1.52625
142,-3.35964,-2.98522,1.52625
145,-2.7699,-0.0616536,0.307802
142,-2.7699,-0.0616536,0.307802
145,-3.31145,-2.97373,1.52596
142,-3.31145,-2.97373,1.52596
145,-2.68175,-0.358261,0.339275
142,-2.68175,-0.358261,0.339275
145,-2.17627,-1.28814,1.4732
142,-2.17627,-1.28814,1.4732
145,-2.75695,-0.518517,0.761974
138,-2.75695,-0.518517,0.761974
145,-2.77439,-0.333619,0.54691
138,-2.77439,-0.333619,0.54691
145,-2.49586,-2.84079,1.18312
138,-2.49586,-2.84079,1.18312
145,-3.14998,-0.11154,0.572955
138,-3.14998,-0.11154,0.572955
145,-3.03126,-0.468098,0.551722
136,-3.03126,-0.468098,0.551722
146,-1.7718,-1.28288,0.960868
146,-1.8471,-1.26146,1.11833
146,-1.93904,-1.26652,1.35697
146,-1.95131,-1.25699,1.35378
146,-1.86625,-1.24278,1.10901
146,-2.06529,-1.3003,1.57616
146,-1.97844,-1.24507,1.38611
146,-1.984,-1.27485,1.34997
146,-1.98284,-1.23086,1.38072
146,-2.0676,-1.26294,1.56661
146,-2.07012,-1.26469,1.55826
146,-1.9982,-1.26793,1.35293
146,-2.06888,-1.25165,1.54985
146,-2.43951,-2.8328,0.901915
146,-1.99298,-1.21813,1.37144
146,-2.00888,-1.27823,1.3399
146,-2.07712,-1.23348,1.55631
146,-2.10427,-1.26336,1.58981
146,-2.11584,-1.27899,1.568
146,-2.02608,-1.26268,1.33014
146,-2.13227,-1.27743,1.59202
146,-2.12935,-1.27109,1.58648
146,-2.02177,-1.24961,1.3011
146,-2.1275,-1.23016,1.60772
146,-2.12716,-1.22188,1.60369
146,-2.12847,-1.22186,1.60059
146,-2.14137,-1.24282,1.60901
146,-2.0579,-1.26432,1.3193
146,-2.14325,-1.25343,1.5604
146,-2.15424,-1.25531,1.58759
146,-1.95161,-1.18424,1.09642
146,-1.95628,-1.23576,1.05519
146,-1.95657,-1.23475,1.05677
146,-2.16366,-1.27917,1.57189
146,-2.31175,-1.39326,1.85322
146,-2.0684,-1.26149,1.31542
146,-2.18161,-1.28319,1.59154
146,-2.26716,-1.3172,1.77986
146,-2.28458,-1.28429,1.82857
146,-2.29767,-1.34115,1.79952
146,-2.35848,-1.37688,1.92312
146,-2.30478,-1.34242,1.80624
146,-2.30991,-1.33831,1.80372
146,-2.21349,-1.25887,1.61513
146,-2.20795,-1.26022,1.59817
146,-2.20213,-1.27597,1.5642
146,-2.31118,-1.33022,1.80291
146,-2.31189,-1.28505,1.85148
146,-2.31212,-1.30528,1.82845
146,-2.33127,-1.33332,1.85081
146,-2.3156,-1.3052,1.82938
146,-2.33652,-1.32727,1.86198
146,-2.34775,-1.35476,1.85527
146,-2.30997,-1.29292,1.81682
146,-2.31927,-1.32064,1.80768
146,-2.39373,-1.37798,1.95008
146,-2.21297,-1.27543,1.55863
146,-2.20242,-1.17686,1.63093
146,-2.40027,-1.37795,1.95789
146,-2.32335,-1.31286,1.81626
146,-2.32718,-1.29276,1.84268
146,-2.40533,-1.37341,1.95946
146,-2.33273,-1.27436,1.8608
146,-2.38883,-1.35041,1.92776
146,-2.33628,-1.27123,1.86358
146,-2.37235,-1.32869,1.87459
146,-2.3703,-1.3372,1.85438
146,-2.41315,-1.34082,1.95011
146,-2.26461,-1.06347,1.82922
146,-2.25419,-1.05517,1.80937
146,-2.4249,-1.32859,1.95156
146,-2.42773,-1.29598,1.95001
146,-2.29212,-1.04341,1.82744
146,-2.00705,-1.1197,0.936895
146,-2.00631,-1.11515,0.936455
146,-2.28016,-1.11036,1.6577
146,-2.09067,-0.94556,1.29427
146,-2.23866,-0.950795,1.5379
146,-2.14202,-0.867086,1.31326
146,-2.14973,-0.885268,1.31476
146,-2.35482,-1.03463,1.71086
146,-2.25565,-0.9222,1.52906
146,-2.25635,-0.890478,1.48713
146,-2.39581,-0.906018,1.79473
146,-2.41681,-0.908448,1.77931
146,-2.42537,-0.913199,1.78392
146,-2.42142,-0.900912,1.77143
146,-2.33713,-0.831693,1.58771
146,-2.43161,-0.884956,1.78153
146,-2.342,-0.80667,1.58694
146,-2.44688,-0.885919,1.7814
146,-2.71438,-2.23215,1.00669
146,-2.38897,-0.804691,1.58668
146,-2.39148,-0.828383,1.56776
146,-2.39151,-0.795566,1.5856
146,-2.3927,-0.797825,1.58185
146,-2.5433,-0.861202,1.78417
146,-2.63268,-0.669653,1.89965
146,-2.71072,-0.649318,1.89032
146,-2.71587,-0.649931,1.8905
146,-2.74155,-0.612385,1.89142
146,-3.24117,-1.67845,1.9094
146,-3.13988,-1.13174,1.90058
146,-2.66898,-0.714827,0.728979
146,-2.7392,-0.683998,0.951462
146,-2.67238,-0.714953,0.713001
146,-2.70318,-0.616212,0.875017
146,-2.71069,-0.635786,0.718314
146,-2.71303,-0.627407,0.732166
146,-2.62033,-0.809955,0.256846
146,-2.71768,-0.615224,0.722774
146,-2.70988,-0.654351,0.657578
146,-2.71019,-0.596409,0.712826
146,-2.70911,-0.595095,0.703637
146,-2.71234,-0.649534,0.648681
146,-2.71246,-0.586316,0.714337
146,-2.70896,-0.61097,0.67191
146,-2.71056,-0.61361,0.657754
146,-2.7133,-0.622521,0.641165
146,-2.71176,-0.629996,0.626538
146,-2.71098,-0.63654,0.611336
146,-2.77352,-0.717758,0.689973
146,-2.71163,-0.641362,0.595048
146,-2.71509,-0.642787,0.576574
146,-2.71584,-0.647524,0.560056
146,-2.72695,-0.617134,0.581039
146,-2.7285,-0.619193,0.568739
146,-2.72915,-0.622356,0.557077
146,-2.65557,-0.742567,0.19433
146,-2.67231,-0.829152,0.0815876
146,-2.70225,-0.648576,0.335551
146,-2.71324,-0.61958,0.295754
146,-2.72454,-0.648243,0.263531
146,-2.70923,-0.560907,0.312422
146,-2.74093,-0.641411,0.231351
146,-2.73876,-0.619247,0.247328
146,-2.71314,-0.490527,0.298732
146,-2.65758,-0.248026,0.395633
146,-2.73319,-0.503302,0.334235
146,-2.73221,-0.43446,0.292439
146,-2.78067,-0.449748,0.236337
146,-2.7752,-0.386633,0.257142
146,-2.74013,-0.207963,0.313701
146,-2.78782,-0.280129,0.274028
146,-2.80193,-0.355244,0.219668
146,-2.75462,-0.150013,0.289269
146,-2.84564,-0.698595,-0.106251
146,-2.82429,-0.311621,0.232744
146,-2.78867,-0.154623,0.297094
146,-2.80125,-0.236498,0.234694
146,-2.79406,-0.137426,0.262107
146,-2.81454,-0.125268,0.246895
146,-2.82605,-0.161882,0.212286
146,-2.89165,-0.67277,-0.152897
146,-2.899,-0.674353,-0.158486
146,-2.83279,-0.130733,0.201692
146,-2.66839,-0.707231,1.04144
144,-2.66839,-0.707231,1.04144
146,-2.1705,-1.11656,1.61077
144,-2.1705,-1.11656,1.61077
146,-2.39427,-0.872684,0.750905
144,-2.39427,-0.872684,0.750905
146,-2.1126,-1.40308,1.53024
144,-2.1126,-1.40308,1.53024
146,-2.46464,-2.87964,0.904977
144,-2.46464,-2.87964,0.904977
146,-2.31266,-2.79874,0.895838
144,-2.31266,-2.79874,0.895838
146,-2.36422,-2.7904,0.918146
144,-2.36422,-2.7904,0.918146
146,-2.10565,-1.41239,1.53087
144,-2.10565,-1.41239,1.53087
146,-1.97798,-1.15802,0.978481
144,-1.97798,-1.15802,0.978481
146,-3.25484,-0.189557,0.182544
144,-3.25484,-0.189557,0.182544
146,-2.10128,-1.40053,1.50235
144,-2.10128,-1.40053,1.50235
146,-2.03402,-1.10104,0.972366
144,-2.03402,-1.10104,0.972366
146,-1.92052,-1.25877,1.02651
144,-1.92052,-1.25877,1.02651
146,-2.24071,-2.73137,1.53258
144,-2.24071,-2.73137,1.53258
146,-2.81212,-0.603906,0.930291
144,-2.81212,-0.603906,0.930291
146,-2.0974,-1.39166,1.48316
144,-2.0974,-1.39166,1.48316
146,-2.08753,-1.41314,1.50352
144,-2.08753,-1.41314,1.50352
146,-2.44367,-0.417623,0.597636
144,-2.44367,-0.417623,0.597636
146,-2.1068,-1.47202,1.60574
144,-2.1068,-1.47202,1.60574
146,-2.34166,-2.81892,0.917524
143,-2.34166,-2.81892,0.917524
146,-2.58118,-2.75568,0.983019
143,-2.58118,-2.75568,0.983019
146,-2.29629,-2.78932,1.31464
143,-2.29629,-2.78932,1.31464
146,-2.40232,-2.83731,0.882437
143,-2.40232,-2.83731,0.882437
146,-2.44382,-2.76451,1.54632
143,-2.44382,-2.76451,1.54632
146,-2.45475,-2.76897,1.54543
143,-2.45475,-2.76897,1.54543
146,-2.73744,-2.83036,1.54022
143,-2.73744,-2.83036,1.54022
146,-2.47178,-2.77243,1.54519
143,-2.47178,-2.77243,1.54519
146,-2.7914,-0.214388,0.258273
143,-2.7914,-0.214388,0.258273
146,-2.37487,-1.189,1.64255
142,-2.37487,-1.189,1.64255
146,-3.03932,-0.460262,0.457253
142,-3.03932,-0.460262,0.457253
146,-2.37505,-2.80972,1.28923
142,-2.37505,-2.80972,1.28923
146,-2.26795,-2.78886,1.2888
142,-2.26795,-2.78886,1.2888
146,-2.242,-2.77378,1.31455
142,-2.242,-2.77378,1.31455
146,-2.80761,-0.0725307,0.243028
142,-2.80761,-0.0725307,0.243028
146,-2.38078,-2.83436,1.23497
142,-2.38078,-2.83436,1.23497
146,-3.00892,-0.289834,0.410627
142,-3.00892,-0.289834,0.410627
146,-2.40027,-2.81699,1.21921
142,-2.40027,-2.81699,1.21921
146,-2.84173,-2.93501,1.18933
142,-2.84173,-2.93501,1.18933
146,-2.8121,-0.681681,0.839689
142,-2.8121,-0.681681,0.839689
146,-2.78226,-2.92005,1.20083
142,-2.78226,-2.92005,1.20083
146,-2.61032,-0.708406,0.800228
138,-2.61032,-0.708406,0.800228
146,-2.63546,-0.615042,0.996497
138,-2.63546,-0.615042,0.996497
146,-2.86097,-0.64709,0.574912
133,-2.86097,-0.64709,0.574912
146,-2.86675,-0.640742,0.574622
133,-2.86675,-0.640742,0.574622
146,-2.81326,-0.758474,0.149013
133,-2.81326,-0.758474,0.149013
147,-1.50439,-2.06202,1.7438
147,-2.01417,-1.6921,1.89408
147,-2.3438,-2.78993,1.6596
147,-2.43255,-2.73737,1.74862
147,-2.43707,-2.73826,1.75291
147,-2.36483,-2.79901,1.45458
147,-2.45549,-2.73747,1.73732
147,-2.48217,-2.74437,1.72078
147,-2.38863,-2.81758,1.35905
147,-2.41904,-2.82611,1.31836
147,-2.41057,-2.82434,1.27841
147,-2.41568,-2.8251,1.28336
147,-1.96221,-1.28873,1.42375
147,-1.95853,-1.27442,1.42295
147,-1.94663,-1.27347,1.36887
147,-2.05499,-1.30147,1.58849
147,-2.06787,-1.2895,1.58611
147,-2.09669,-1.26448,1.59225
147,-2.02675,-1.25973,1.34832
147,-2.02498,-1.26938,1.32474
147,-2.11939,-1.23051,1.60537
147,-2.13047,-1.24633,1.60492
147,-2.12968,-1.24191,1.60349
147,-2.13946,-1.2748,1.59403
147,-2.04475,-1.26365,1.35567
147,-2.12523,-1.2153,1.60825
147,-2.13592,-1.26777,1.57393
147,-2.44308,-2.83701,0.899984
147,-2.14605,-1.26981,1.59705
147,-2.30379,-1.40998,1.86952
147,-2.47846,-2.73153,1.07401
147,-2.14007,-1.21565,1.615
147,-2.48153,-2.73087,1.07914
147,-1.93372,-1.2211,1.06422
147,-2.20736,-1.31,1.68353
147,-2.15564,-1.26505,1.58929
147,-2.1491,-1.21529,1.61715
147,-2.15871,-1.26201,1.59452
147,-2.06231,-1.26607,1.3234
147,-2.21365,-1.30506,1.67905
147,-2.32567,-1.38673,1.89232
147,-2.16528,-1.27641,1.57803
147,-2.04163,-1.23043,1.29913
147,-2.1627,-1.28446,1.56086
147,-2.18639,-1.23269,1.66296
147,-2.06732,-1.25794,1.32303
147,-2.17342,-1.2766,1.5802
147,-2.18404,-1.28689,1.59675
147,-2.18379,-1.28492,1.59229
147,-1.94688,-1.19848,1.05084
147,-2.22333,-1.29232,1.68041
147,-2.21836,-1.26457,1.68624
147,-2.0499,-1.22153,1.28865
147,-2.37733,-1.40113,1.96831
147,-2.30009,-1.34991,1.81477
147,-2.16516,-1.26572,1.54247
147,-2.38504,-1.40188,1.96901
147,-2.32902,-1.34874,1.86413
147,-2.19947,-1.27135,1.59665
147,-2.07937,-1.23644,1.31539
147,-2.10156,-1.27604,1.33313
147,-2.28425,-1.27857,1.8029
147,-2.33423,-1.33866,1.87227
147,-2.33713,-1.3399,1.86963
147,-2.10471,-1.26706,1.32284
147,-2.35652,-1.33899,1.90751
147,-2.37794,-1.34806,1.95318
147,-2.32018,-1.3038,1.8419
147,-2.35849,-1.3392,1.9042
147,-2.20899,-1.27869,1.5657
147,-2.35602,-1.35488,1.86736
147,-2.33451,-1.26955,1.87194
147,-2.3692,-1.32488,1.9097
147,-2.4949,-2.77659,0.867237
147,-2.21584,-1.26008,1.56082
147,-2.22238,-1.26735,1.56188
147,-2.39745,-1.32999,1.95564
147,-2.41731,-1.31853,2.00497
147,-2.22961,-1.26927,1.56083
147,-2.38438,-1.33063,1.89095
147,-2.41821,-1.34457,1.9572
147,-2.24465,-1.16228,1.66839
147,-2.42713,-1.30853,2.00502
147,-2.41255,-1.33537,1.94013
147,-2.39524,-1.32967,1.90026
147,-2.3817,-1.32806,1.86243
147,-2.24035,-1.24291,1.56482
147,-2.38404,-1.32492,1.85817
147,-2.43452,-1.29646,2.00524
147,-2.24523,-1.26275,1.54449
147,-2.39937,-1.2923,1.85538
147,-2.19339,-0.96534,1.59356
147,-2.30979,-1.23162,1.56261
147,-2.23271,-0.933213,1.55807
147,-2.71807,-1.89315,1.87315
147,-2.19711,-0.912548,1.4341
147,-2.25044,-0.914834,1.55396
147,-2.36992,-1.1351,1.52241
147,-2.45884,-0.87231,1.78749
147,-2.46142,-0.874808,1.75377
147,-2.39906,-0.811904,1.55182
147,-2.52745,-0.847546,1.78612
147,-2.51127,-0.876076,1.71286
147,-2.56261,-0.78077,1.86669
147,-2.59672,-0.752127,1.86205
147,-2.60405,-0.740993,1.86645
147,-2.56874,-0.807688,1.70509
147,-2.59381,-0.801648,1.72496
147,-2.60081,-0.742642,1.78773
147,-2.60812,-0.771176,1.72658
147,-2.62553,-0.759207,1.78286
147,-2.63904,-0.71396,1.85726
147,-2.62546,-0.7524,1.71976
147,-2.63222,-0.691346,1.77259
147,-2.62468,-0.713223,1.71563
147,-2.64923,-0.681382,1.78356
147,-2.66822,-0.71234,1.77925
147,-2.64226,-0.700114,1.71021
147,-2.62826,-0.518919,1.47887
147,-2.67153,-0.477908,1.49459
147,-2.86993,-0.494331,1.86664
147,-2.676,-0.685409,0.802836
147,-2.67785,-0.682862,0.787702
147,-2.70779,-0.820371,0.736511
147,-2.69128,-0.662351,0.679132
147,-2.69197,-0.667872,0.663256
147,-2.69333,-0.672611,0.646807
147,-2.67086,-0.68302,0.561012
147,-2.69905,-0.672061,0.626821
147,-2.70561,-0.656299,0.640277
147,-2.67678,-0.691756,0.51684
147,-2.71057,-0.671052,0.5863
147,-2.68299,-0.675664,0.509361
147,-2.6306,-0.88085,0.141051
147,-2.69803,-0.669747,0.496576
147,-2.72226,-0.67195,0.554125
147,-2.6402,-0.872764,0.146399
147,-2.70504,-0.660284,0.485954
147,-2.72513,-0.622167,0.470345
147,-2.7044,-0.580648,0.361372
147,-2.70668,-0.595884,0.344697
147,-2.70368,-0.57941,0.327043
147,-2.70754,-0.577655,0.333359
147,-2.71125,-0.583501,0.321298
147,-2.7449,-0.586486,0.265839
147,-2.75416,-0.599074,0.251513
147,-2.76207,-0.436677,0.287685
147,-2.80402,-0.335045,0.227622
147,-2.79856,-0.243685,0.250309
147,-2.80256,-0.241834,0.261768
147,-2.82974,-0.346215,0.203887
147,-2.7944,-0.196565,0.241089
147,-2.84367,-0.321667,0.227166
147,-2.85136,-0.265073,0.19029
147,-2.85678,-0.241863,0.202984
147,-2.83053,-0.153583,0.214258
147,-2.90756,-0.654332,-0.162848
147,-2.90544,-0.655986,-0.174355
147,-74.5917,-19.5182,-4.66283
147,-2.21959,-1.25921,1.49739
145,-2.21959,-1.25921,1.49739
147,-2.60152,-0.199806,0.456753
145,-2.60152,-0.199806,0.456753
147,-2.67857,-0.0752885,0.391341
145,-2.67857,-0.0752885,0.391341
147,-2.42668,-2.84426,1.23843
145,-2.42668,-2.84426,1.23843
147,-2.18599,-1.30481,1.57146
145,-2.18599,-1.30481,1.57146
147,-2.24686,-1.26217,1.54075
145,-2.24686,-1.26217,1.54075
147,-2.46607,-2.84637,1.2482
145,-2.46607,-2.84637,1.2482
147,-2.79054,-1.38268,1.87818
145,-2.79054,-1.38268,1.87818
147,-2.19753,-1.27244,1.4787
145,-2.19753,-1.27244,1.4787
147,-2.22698,-1.28973,1.54726
145,-2.22698,-1.28973,1.54726
147,-2.47465,-0.886981,1.11916
145,-2.47465,-0.886981,1.11916
147,-3.45709,0.0262887,0.295357
145,-3.45709,0.0262887,0.295357
147,-3.46866,0.00644859,0.00810802
145,-3.46866,0.00644859,0.00810802
147,-2.18849,-1.32889,1.55146
144,-2.18849,-1.32889,1.55146
147,-3.64837,0.193786,-0.0365813
144,-3.64837,0.193786,-0.0365813
147,-2.04419,-1.26508,1.34936
144,-2.04419,-1.26508,1.34936
147,-2.35955,-2.76032,1.52644
144,-2.35955,-2.76032,1.52644
147,-2.21712,-1.08345,1.6675
144,-2.21712,-1.08345,1.6675
147,-2.26143,-2.76966,1.23694
144,-2.26143,-2.76966,1.23694
147,-4.63285,1.35009,-0.388329
144,-4.63285,1.35009,-0.388329
147,-2.85869,-0.627993,0.82209
142,-2.85869,-0.627993,0.82209
147,-2.88158,-0.440931,0.611036
138,-2.88158,-0.440931,0.611036
147,-2.78907,-0.727794,0.560625
136,-2.78907,-0.727794,0.560625
147,-3.42738,-3.32516,0.212654
136,-3.42738,-3.32516,0.212654
147,-3.50447,-3.35024,0.187738
136,-3.50447,-3.35024,0.187738
147,-2.74672,-0.770688,0.44163
88,-2.74672,-0.770688,0.44163
148,-2.37029,-2.78938,1.71087
148,-2.37505,-2.79193,1.71864
148,-2.36786,-2.78729,1.70275
148,-2.36411,-2.78331,1.68627
148,-2.36411,-2.78359,1.66955
148,-2.36324,-2.78274,1.65692
148,-2.36627,-2.78593,1.661
148,-2.36743,-2.78548,1.64789
148,-2.37474,-2.78641,1.66433
148,-2.37319,-2.78528,1.6491
148,-2.36944,-2.78518,1.63447
148,-2.36933,-2.78371,1.63425
148,-2.36741,-2.78485,1.60883
148,-2.39147,-2.78877,1.66275
148,-2.36466,-2.78348,1.59351
148,-2.38763,-2.78658,1.63626
148,-2.42024,-2.83476,1.54843
148,-2.43108,-2.83871,1.54579
148,-2.42838,-2.83977,1.47216
148,-2.43083,-2.84165,1.46575
148,-2.50564,-2.77319,1.61106
148,-2.43566,-2.83672,1.32569
148,-2.50191,-2.77321,1.53553
148,-1.96091,-1.303,1.42196
148,-2.44739,-2.83699,1.32171
148,-2.52816,-2.78094,1.56542
148,-2.43975,-2.83385,1.26609
148,-2.47698,-2.73154,1.31456
148,-1.95561,-1.21966,1.27813
148,-1.90308,-1.26114,1.08866
148,-2.391,-2.75782,0.968223
148,-2.02197,-1.266,1.32701
148,-2.46428,-2.72859,1.16933
148,-2.46555,-2.72922,1.16295
148,-2.05055,-1.25845,1.34906
148,-2.48558,-2.73592,1.16805
148,-2.48234,-2.72394,1.13288
148,-2.06529,-1.26574,1.3255
148,-2.16061,-1.28454,1.55717
148,-2.48443,-2.72937,1.08485
148,-2.48747,-2.73704,1.06637
148,-2.17708,-1.26871,1.55541
148,-2.27587,-1.31027,1.78157
148,-2.3819,-1.39779,1.97645
148,-2.49444,-2.73686,1.05556
148,-2.50321,-2.72928,1.07645
148,-2.49932,-2.73855,1.04731
148,-2.46443,-2.76615,0.911924
148,-2.50427,-2.73965,1.0421
148,-2.51353,-2.7344,1.06986
148,-2.3209,-1.30529,1.84745
148,-2.45953,-2.76614,0.889725
148,-2.46428,-2.76351,0.903583
148,-2.47004,-2.75773,0.915475
148,-2.52156,-2.73548,1.06501
148,-2.46647,-2.7666,0.887911
148,-2.32495,-1.32714,1.81698
148,-2.46972,-2.75688,0.901364
148,-2.34441,-1.31392,1.8774
148,-2.34697,-1.32059,1.87437
148,-2.34674,-1.31327,1.87606
148,-2.46958,-2.75606,0.887017
148,-2.21961,-1.26681,1.57067
148,-2.35205,-1.31421,1.88064
148,-2.2196,-1.26519,1.56095
148,-2.39204,-1.33728,1.95422
148,-2.5439,-2.73024,1.09381
148,-2.37672,-1.32224,1.9124
148,-2.41759,-1.35832,1.96845
148,-2.40301,-1.32543,1.95406
148,-2.42172,-1.31416,2.00194
148,-2.38839,-1.31646,1.88457
148,-2.38596,-1.32447,1.86918
148,-2.73814,-2.3266,1.89934
148,-2.4316,-1.33994,1.96697
148,-2.38764,-1.32193,1.8618
148,-2.29751,-0.979407,1.90434
148,-2.47556,-1.32947,2.05097
148,-2.4748,-1.32715,2.05009
148,-2.43686,-1.31346,1.95136
148,-2.77431,-2.32201,1.9023
148,-2.79752,-2.31783,1.90038
148,-2.23312,-0.915954,1.59321
148,-2.68714,-1.90542,1.87634
148,-2.85025,-2.31219,1.90215
148,-2.25135,-0.901028,1.51762
148,-2.71723,-2.75615,1.00308
148,-2.61189,-2.73869,0.731314
148,-2.73046,-2.7583,1.00174
148,-2.73416,-2.76104,0.988192
148,-2.65748,-2.73343,0.698114
148,-2.45159,-0.851969,1.80314
148,-2.647,-0.753724,1.75805
148,-2.87952,-1.97069,1.22188
148,-2.73346,-0.798723,0.837121
148,-2.74968,-0.768269,0.820113
148,-2.73159,-0.617091,0.90134
148,-2.59097,-0.829136,0.31609
148,-2.59683,-0.844828,0.302494
148,-2.74182,-0.587122,0.90723
148,-2.77219,-0.742617,0.816585
148,-2.78119,-0.726334,0.799618
148,-2.63371,-0.780792,0.230632
148,-2.79991,-0.713674,0.726156
148,-2.80192,-0.709573,0.710161
148,-2.65183,-0.856235,0.13665
148,-2.74715,-0.595394,0.540649
148,-2.73373,-0.580037,0.518049
148,-2.73379,-0.581478,0.512016
148,-2.74612,-0.594998,0.530458
148,-2.72731,-0.737527,0.27793
148,-2.69108,-0.824496,0.100014
148,-2.77242,-0.533688,0.277902
148,-2.77021,-0.441557,0.268046
148,-2.78605,-0.503926,0.253731
148,-2.77335,-0.428935,0.25897
148,-2.73824,-0.229065,0.321274
148,-2.78854,-0.383619,0.303113
148,-2.7903,-0.401093,0.277372
148,-2.78293,-0.36873,0.255305
148,-2.79664,-0.382718,0.274721
148,-2.80033,-0.38279,0.260783
148,-2.77645,-0.283864,0.284862
148,-2.76083,-0.209212,0.306051
148,-2.79008,-0.340725,0.259636
148,-2.80914,-0.362001,0.288515
148,-2.80921,-0.349388,0.290454
148,-2.80896,-0.361622,0.265897
148,-2.80779,-0.381263,0.236113
148,-2.79889,-0.338533,0.250883
148,-2.82223,-0.720565,-0.0477471
148,-2.79181,-0.220492,0.25746
148,-2.82174,-0.300472,0.215635
148,-2.89897,-0.671109,-0.134713
148,-28.4941,-8.19299,-1.32134
148,-2.32462,-1.12957,1.79305
146,-2.32462,-1.12957,1.79305
148,-2.25329,-1.22105,1.55598
146,-2.25329,-1.22105,1.55598
148,-2.17589,-1.11126,1.61814
146,-2.17589,-1.11126,1.61814
148,-2.27259,-0.751886,0.795133
146,-2.27259,-0.751886,0.795133
148,-2.76127,-0.0890945,0.31484
146,-2.76127,-0.0890945,0.31484
148,-2.41673,-1.13244,1.80554
146,-2.41673,-1.13244,1.80554
148,-2.33353,-2.70802,1.14981
146,-2.33353,-2.70802,1.14981
148,-2.48181,-0.979748,1.4352
146,-2.48181,-0.979748,1.4352
148,-2.55633,-0.574756,0.495107
146,-2.55633,-0.574756,0.495107
148,-2.2836,-2.79687,1.0246
145,-2.2836,-2.79687,1.0246
148,-2.2638,-0.918065,1.54099
145,-2.2638,-0.918065,1.54099
148,-2.37031,-0.903915,1.70751
145,-2.37031,-0.903915,1.70751
148,-2.25492,-2.7281,1.03966
144,-2.25492,-2.7281,1.03966
148,-2.27239,-2.77871,1.32448
144,-2.27239,-2.77871,1.32448
148,-2.36531,-1.20839,1.62899
144,-2.36531,-1.20839,1.62899
148,-2.49686,-2.74022,1.05777
142,-2.49686,-2.74022,1.05777
148,-2.33715,-2.79981,1.29257
142,-2.33715,-2.79981,1.29257
148,-3.74662,0.308611,0.0517693
142,-3.74662,0.308611,0.0517693
148,-2.33781,-2.74418,0.964883
138,-2.33781,-2.74418,0.964883
149,-2.14436,-2.71526,1.62452
149,-2.3655,-2.78947,1.65082
149,-2.34095,-2.77259,1.51521
149,-2.35003,-2.77726,1.49795
149,-2.45065,-2.73709,1.75516
149,-2.39643,-2.81893,1.36353
149,-2.39263,-2.81428,1.34724
149,-2.42314,-2.84277,1.39387
149,-2.40315,-2.81566,1.34997
149,-2.48468,-2.7558,1.68189
149,-2.41575,-2.83271,1.3359
149,-2.49218,-2.77919,1.61769
149,-2.41392,-2.82194,1.27925
149,-2.48759,-2.77273,1.54251
149,-2.43316,-2.83588,1.26736
149,-2.43937,-2.84957,1.26762
149,-2.49248,-2.77282,1.54169
149,-1.85185,-1.25857,1.13023
149,-2.42021,-2.82241,1.21299
149,-2.50473,-2.77533,1.54771
149,-2.44408,-2.85033,1.2451
149,-2.43332,-2.83503,1.22559
149,-2.43238,-2.83573,1.22092
149,-2.4716,-2.85663,1.21343
149,-2.03924,-1.27659,1.57619
149,-1.89221,-1.24027,1.10486
149,-2.48443,-2.86071,1.20325
149,-1.98863,-1.28115,1.36565
149,-1.89139,-1.17941,1.14653
149,-2.05032,-1.29002,1.54049
149,-1.99059,-1.26386,1.35697
149,-1.99291,-1.26771,1.35696
149,-1.9266,-1.24357,1.0867
149,-1.92756,-1.23875,1.07713
149,-1.93087,-1.21462,1.10427
149,-2.46534,-2.73182,1.12686
149,-2.52757,-2.87421,1.17023
149,-2.02673,-1.26827,1.35497
149,-1.93653,-1.22603,1.07507
149,-2.02467,-1.26614,1.32568
149,-2.46258,-2.73643,1.06963
149,-2.47934,-2.73229,1.12111
149,-2.02955,-1.26341,1.32079
149,-2.09542,-1.24093,1.56567
149,-1.95811,-1.18974,1.10691
149,-2.45179,-2.768,0.916472
149,-2.45778,-2.76627,0.930208
149,-2.48785,-2.73243,1.0646
149,-2.14802,-1.26808,1.59811
149,-2.07139,-1.25314,1.3291
149,-2.15442,-1.26649,1.59765
149,-2.15197,-1.25977,1.57088
149,-2.08015,-1.24828,1.32371
149,-2.18418,-1.28608,1.61059
149,-2.16864,-1.2719,1.55508
149,-2.18851,-1.25625,1.62364
149,-2.22924,-1.241,1.78185
149,-2.17691,-1.24044,1.59471
149,-2.17489,-1.26694,1.55228
149,-2.18803,-1.24771,1.61235
149,-2.18288,-1.23519,1.5884
149,-2.19788,-1.28875,1.57481
149,-2.18002,-1.18875,1.61806
149,-2.20246,-1.0449,1.82741
149,-2.29131,-1.28208,1.84166
149,-2.19126,-1.18207,1.61393
149,-2.28473,-1.28719,1.81012
149,-2.27019,-1.28049,1.76108
149,-2.29394,-1.278,1.84009
149,-2.29785,-1.28724,1.8415
149,-2.19748,-1.17128,1.61754
149,-2.29021,-1.27945,1.80646
149,-2.30561,-1.30027,1.82587
149,-2.21274,-1.02861,1.82808
149,-2.3045,-1.29413,1.82457
149,-2.2923,-1.27006,1.80389
149,-2.30393,-1.27083,1.84302
149,-2.31849,-1.33555,1.81406
149,-2.30476,-1.27224,1.83324
149,-2.3064,-1.29099,1.81356
149,-2.3138,-1.29758,1.82971
149,-2.32042,-1.30593,1.84056
149,-2.31285,-1.29791,1.82349
149,-2.31267,-1.28977,1.82328
149,-2.29571,-1.26172,1.79494
149,-2.32008,-1.27765,1.85323
149,-2.3175,-1.28957,1.82665
149,-2.32042,-1.27613,1.84832
149,-2.32944,-1.27167,1.8627
149,-2.32216,-1.26207,1.84335
149,-2.36491,-1.3423,1.86971
149,-2.22318,-1.14053,1.61776
149,-2.07311,-0.951843,1.31698
149,-2.37075,-1.31321,1.89571
149,-2.23205,-1.13273,1.61888
149,-2.22011,-1.10991,1.5977
149,-2.37999,-1.33229,1.86579
149,-2.07741,-0.931125,1.28936
149,-2.08802,-0.951101,1.30164
149,-2.26504,-1.2526,1.53567
149,-2.42188,-1.31464,1.98807
149,-2.1087,-0.913368,1.34613
149,-2.08893,-0.908506,1.26518
149,-2.58245,-2.74103,0.727301
149,-2.48292,-1.31927,2.06465
149,-2.26575,-1.07313,1.58602
149,-2.29691,-0.930758,1.84466
149,-2.62412,-2.71795,0.709396
149,-2.29928,-1.03627,1.5827
149,-2.68553,-1.90476,1.87398
149,-2.28566,-0.842187,1.5849
149,-2.31283,-0.85687,1.61715
149,-2.31066,-0.850657,1.53706
149,-2.34078,-0.87464,1.59809
149,-2.5055,-0.977575,2.03885
149,-2.32052,-0.788608,1.58179
149,-2.32564,-0.811755,1.54807
149,-2.33297,-0.826127,1.53259
149,-2.39153,-0.782278,1.51179
149,-2.65571,-0.712741,1.78544
149,-2.6805,-0.706408,1.80126
149,-2.56977,-0.852022,0.330128
149,-3.34959,-1.65576,1.92733
149,-2.7099,-0.585908,0.882723
149,-2.70622,-0.577379,0.859082
149,-2.70574,-0.576927,0.851351
149,-2.61424,-0.802248,0.262913
149,-2.71074,-0.596506,0.821781
149,-2.71574,-0.650695,0.759011
149,-2.71407,-0.600438,0.805547
149,-2.73112,-0.588364,0.860517
149,-2.71462,-0.673845,0.700178
149,-2.71999,-0.607286,0.756936
149,-2.78619,-0.724753,0.829244
149,-2.7897,-0.72578,0.79492
149,-2.79734,-0.716388,0.776942
149,-2.80158,-0.717458,0.776703
149,-2.80254,-0.710777,0.786328
149,-2.80178,-0.721267,0.749184
149,-2.7307,-0.609039,0.541304
149,-2.73361,-0.624708,0.526006
149,-2.73961,-0.586083,0.45428
149,-2.74796,-0.583254,0.434934
149,-2.77414,-0.578822,0.493182
149,-2.77131,-0.565564,0.498712
149,-2.75952,-0.569177,0.281609
149,-2.76207,-0.544007,0.273546
149,-2.79612,-0.724772,0.149945
149,-2.80823,-0.721475,0.152744
149,-2.78137,-0.503313,0.289815
149,-2.77975,-0.520172,0.263526
149,-2.8242,-0.704925,0.13953
149,-2.80145,-0.578984,0.210021
149,-2.8037,-0.537392,0.251559
149,-2.7948,-0.52271,0.22816
149,-2.79412,-0.502543,0.245424
149,-2.80009,-0.537111,0.215015
149,-2.78511,-0.391747,0.316525
149,-2.79466,-0.484721,0.229309
149,-2.79998,-0.391224,0.237301
149,-2.76513,-0.246955,0.287347
149,-2.80278,-0.384914,0.250216
149,-2.77954,-0.270111,0.260745
149,-2.8053,-0.251286,0.26698
149,-2.82551,-0.279664,0.23959
149,-2.91324,-0.656847,-0.156322
149,-2.43333,-2.76314,0.894221
148,-2.43333,-2.76314,0.894221
149,-2.34719,-2.74889,0.961019
148,-2.34719,-2.74889,0.961019
149,-2.57226,-2.75088,1.0508
148,-2.57226,-2.75088,1.0508
149,-2.46239,-2.73186,1.11625
148,-2.46239,-2.73186,1.11625
149,-2.45791,-2.77032,0.912831
148,-2.45791,-2.77032,0.912831
149,-2.36379,-2.7448,0.98844
148,-2.36379,-2.7448,0.98844
149,-2.61972,-2.75932,0.975298
148,-2.61972,-2.75932,0.975298
149,-2.58244,-2.75287,1.04466
148,-2.58244,-2.75287,1.04466
149,-2.42284,-2.76275,0.937226
148,-2.42284,-2.76275,0.937226
149,-2.20018,-1.06606,1.5927
148,-2.20018,-1.06606,1.5927
149,-2.39606,-2.75627,0.923236
148,-2.39606,-2.75627,0.923236
149,-2.5286,-2.78193,0.857768
148,-2.5286,-2.78193,0.857768
149,-2.61274,-0.768432,1.3015
148,-2.61274,-0.768432,1.3015
149,-2.18701,-1.08794,1.59586
148,-2.18701,-1.08794,1.59586
149,-2.64542,-2.80067,0.77054
148,-2.64542,-2.80067,0.77054
149,-2.74343,-0.810978,0.695179
148,-2.74343,-0.810978,0.695179
149,-2.78493,0.0400851,0.297441
148,-2.78493,0.0400851,0.297441
149,-3.18141,0.380172,1.85942
148,-3.18141,0.380172,1.85942
149,-2.64724,-0.400901,1.86449
148,-2.64724,-0.400901,1.86449
149,-2.23952,-2.73217,1.65333
148,-2.23952,-2.73217,1.65333
149,-2.64518,-0.569137,0.442599
148,-2.64518,-0.569137,0.442599
149,-2.61382,-0.447021,1.86557
148,-2.61382,-0.447021,1.86557
149,-2.86359,0.0634793,0.218511
148,-2.86359,0.0634793,0.218511
149,-2.89336,0.0600823,0.176885
148,-2.89336,0.0600823,0.176885
149,-2.7926,-0.0348692,0.288547
148,-2.7926,-0.0348692,0.288547
149,-2.36095,-2.78816,1.66246
148,-2.36095,-2.78816,1.66246
149,-2.39495,-2.76223,1.51872
148,-2.39495,-2.76223,1.51872
149,-2.65256,-2.76288,0.958954
148,-2.65256,-2.76288,0.958954
149,-3.04947,0.191061,1.8615
148,-3.04947,0.191061,1.8615
149,-2.19934,-2.7573,1.71644
148,-2.19934,-2.7573,1.71644
149,-2.66505,-0.547629,0.42334
148,-2.66505,-0.547629,0.42334
149,-2.57613,-0.506034,1.86468
148,-2.57613,-0.506034,1.86468
149,-2.33306,-2.78378,1.69453
148,-2.33306,-2.78378,1.69453
149,-3.03574,-0.254283,0.714181
148,-3.03574,-0.254283,0.714181
149,-2.58211,-0.646966,0.503166
148,-2.58211,-0.646966,0.503166
149,-2.88149,0.107771,0.322287
148,-2.88149,0.107771,0.322287
149,-2.74278,-0.102067,0.448289
148,-2.74278,-0.102067,0.448289
149,-2.41549,-2.76098,0.95836
148,-2.41549,-2.76098,0.95836
149,-2.75384,-2.89676,1.05871
148,-2.75384,-2.89676,1.05871
149,-1.81501,-2.68834,1.71849
148,-1.81501,-2.68834,1.71849
149,-1.91969,-2.71133,1.69155
148,-1.91969,-2.71133,1.69155
149,-2.60484,-0.850547,1.44494
148,-2.60484,-0.850547,1.44494
149,-2.0618,-2.74256,1.65493
148,-2.0618,-2.74256,1.65493
149,-2.92426,-0.273775,0.850068
148,-2.92426,-0.273775,0.850068
149,-2.67158,-0.514702,0.990531
148,-2.67158,-0.514702,0.990531
149,-3.0405,0.33472,0.0676759
148,-3.0405,0.33472,0.0676759
149,-2.32199,-2.77666,1.92341
148,-2.32199,-2.77666,1.92341
149,-1.80395,-2.68605,1.72131
148,-1.80395,-2.68605,1.72131
149,-2.67903,-0.117765,0.394296
148,-2.67903,-0.117765,0.394296
149,-2.7066,-0.274097,0.347631
148,-2.7066,-0.274097,0.347631
149,-2.39532,-2.81612,1.56862
148,-2.39532,-2.81612,1.56862
149,-2.11016,-2.75339,1.64239
148,-2.11016,-2.75339,1.64239
149,-2.71335,-0.461826,0.965336
148,-2.71335,-0.461826,0.965336
149,-1.92892,-2.71353,1.68914
148,-1.92892,-2.71353,1.68914
149,-2.40128,-2.84349,1.2366
147,-2.40128,-2.84349,1.2366
149,-2.18328,-1.1153,1.598
147,-2.18328,-1.1153,1.598
149,-1.92809,-2.69728,1.70785
147,-1.92809,-2.69728,1.70785
149,-1.87666,-2.68715,1.71666
147,-1.87666,-2.68715,1.71666
149,-2.33382,-2.80993,0.978543
147,-2.33382,-2.80993,0.978543
149,-2.98186,0.173846,1.63981
147,-2.98186,0.173846,1.63981
149,-2.34964,-2.78176,1.64271
147,-2.34964,-2.78176,1.64271
149,-2.36682,-2.81014,1.68786
147,-2.36682,-2.81014,1.68786
149,-3.02774,-2.92968,1.51678
147,-3.02774,-2.92968,1.51678
149,-2.43454,-2.804,1.6199
147,-2.43454,-2.804,1.6199
149,-2.29257,-1.27602,1.03456
147,-2.29257,-1.27602,1.03456
149,-2.95951,-0.352004,1.18956
147,-2.95951,-0.352004,1.18956
149,-2.65649,-0.779336,1.37736
147,-2.65649,-0.779336,1.37736
149,-2.09038,-2.73457,1.71866
147,-2.09038,-2.73457,1.71866
149,-2.50033,-2.82382,1.10001
147,-2.50033,-2.82382,1.10001
149,-2.29093,-2.77661,1.69247
147,-2.29093,-2.77661,1.69247
149,-3.3469,-2.99978,1.55397
147,-3.3469,-2.99978,1.55397
149,-2.09038,-2.73457,1.71866
147,-2.09038,-2.73457,1.71866
149,-1.9785,-2.72151,1.7371
147,-1.9785,-2.72151,1.7371
149,-2.17129,-2.75221,1.70798
147,-2.17129,-2.75221,1.70798
149,-3.00833,-2.92823,1.59841
147,-3.00833,-2.92823,1.59841
149,-2.36077,-2.79085,1.68338
147,-2.36077,-2.79085,1.68338
149,-2.74903,-0.308665,1.36909
147,-2.74903,-0.308665,1.36909
149,-4.21456,-3.18184,1.43988
147,-4.21456,-3.18184,1.43988
149,-2.83953,-1.35054,1.88431
145,-2.83953,-1.35054,1.88431
149,-2.80212,-1.37961,1.88031
145,-2.80212,-1.37961,1.88031
149,-2.72801,-0.619882,0.81589
145,-2.72801,-0.619882,0.81589
149,-2.28964,-1.31337,1.791
145,-2.28964,-1.31337,1.791
149,-2.34619,-0.908032,1.6632
145,-2.34619,-0.908032,1.6632
149,-2.90025,-1.31259,1.89395
145,-2.90025,-1.31259,1.89395
149,-2.83377,-1.35987,1.88507
145,-2.83377,-1.35987,1.88507
149,-1.664,-1.69924,1.24368
145,-1.664,-1.69924,1.24368
149,-2.23669,-0.792024,0.777847
145,-2.23669,-0.792024,0.777847
149,-2.31601,-1.33961,1.81594
145,-2.31601,-1.33961,1.81594
149,-2.37226,-2.71975,1.06127
142,-2.37226,-2.71975,1.06127
149,-2.64417,-2.76472,0.960707
138,-2.64417,-2.76472,0.960707
149,-3.38351,-0.159978,0.286491
136,-3.38351,-0.159978,0.286491
149,-3.01677,-0.502629,0.56767
133,-3.01677,-0.502629,0.56767
149,-3.02359,-0.495097,0.567284
133,-3.02359,-0.495097,0.567284
150,-2.2134,-2.72804,1.53131
150,-1.82311,-1.35674,1.38011
150,-2.2744,-2.80936,0.958637
150,-1.73067,-1.24897,0.854895
150,-1.83418,-1.24628,1.17011
150,-1.73891,-1.23963,0.845955
150,-1.73702,-1.20709,0.866748
150,-1.84295,-1.26868,1.12533
150,-1.75884,-1.25986,0.851103
150,-2.45825,-2.72496,1.41895
150,-1.76391,-1.25443,0.849766
150,-1.84795,-1.25875,1.1201
150,-1.8509,-1.26067,1.12104
150,-1.85753,-1.26049,1.12315
150,-1.77236,-1.24869,0.849546
150,-1.8546,-1.21345,1.15779
150,-1.86873,-1.24706,1.11493
150,-1.87311,-1.24494,1.12096
150,-2.42111,-2.88848,0.925016
150,-1.88971,-1.24318,1.10083
150,-2.42954,-2.89093,0.920831
150,-2.42005,-2.87726,0.895713
150,-1.9749,-1.22584,1.38694
150,-1.8963,-1.23798,1.10059
150,-1.89414,-1.23135,1.08946
150,-1.8987,-1.23296,1.0971
150,-2.45208,-2.9074,0.877028
150,-1.91765,-1.24584,1.07819
150,-2.05464,-1.26357,1.50056
150,-2.01125,-1.2514,1.34952
150,-2.06278,-1.20944,1.55916
150,-1.99731,-1.19142,1.35226
150,-1.93931,-1.23046,1.07683
150,-2.44958,-2.76343,0.940211
150,-2.02307,-1.25944,1.30969
150,-1.94844,-1.22202,1.06731
150,-1.9498,-1.21565,1.07263
150,-2.50235,-2.73296,1.09613
150,-2.05471,-1.2816,1.32833
150,-2.49247,-2.73936,1.04363
150,-2.49245,-2.72995,1.042
150,-2.03763,-1.24447,1.30149
150,-2.0586,-1.2522,1.35449
150,-2.4656,-2.83856,0.809198
150,-2.1042,-1.20864,1.53655
150,-1.96153,-1.20551,1.05971
150,-2.051,-1.24169,1.31439
150,-1.96226,-1.19834,1.05996
150,-2.11294,-1.21373,1.53285
150,-2.11239,-1.21611,1.52662
150,-2.20052,-1.26552,1.76232
150,-2.11953,-1.20902,1.5525
150,-1.96171,-1.1838,1.04781
150,-2.12499,-1.22001,1.54828
150,-2.11887,-1.20431,1.53737
150,-2.15506,-1.28299,1.55374
150,-2.15941,-1.25875,1.59631
150,-2.15223,-1.26095,1.56405
150,-2.17517,-1.31197,1.57596
150,-2.17486,-1.27505,1.61886
150,-2.16199,-1.28732,1.55883
150,-2.16142,-1.28389,1.5538
150,-2.12733,-1.18494,1.5533
150,-2.13739,-1.2076,1.55728
150,-2.16788,-1.27753,1.57451
150,-2.17805,-1.28117,1.59525
150,-2.17907,-1.26329,1.61874
150,-2.54995,-2.73888,1.07894
150,-2.53714,-2.73692,1.03247
150,-2.18514,-1.28417,1.59575
150,-2.18709,-1.30268,1.57166
150,-2.19321,-1.28414,1.61009
150,-2.19161,-1.30207,1.56943
150,-2.19623,-1.28771,1.56489
150,-2.20046,-1.28849,1.57109
150,-2.2898,-1.28747,1.83341
150,-2.20999,-1.2863,1.56457
150,-2.2883,-1.27915,1.82813
150,-2.17392,-1.17304,1.57061
150,-2.2969,-1.28017,1.82987
150,-2.30339,-1.29152,1.81216
150,-2.13899,-1.01863,1.57672
150,-2.31744,-1.29062,1.82279
150,-2.50145,-2.73585,0.698805
150,-2.51242,-2.73271,0.728836
150,-2.32991,-1.31956,1.81508
150,-2.50307,-2.74154,0.677979
150,-2.33239,-1.31094,1.81776
150,-2.33484,-1.31261,1.81555
150,-1.97553,-1.11637,0.845427
150,-2.33434,-1.31217,1.80807
150,-2.33792,-1.3098,1.81538
150,-2.33639,-1.31005,1.80588
150,-2.23534,-1.17717,1.59506
150,-2.38301,-1.32069,1.91134
150,-1.98097,-0.878046,1.08786
150,-2.37829,-1.33434,1.86748
150,-2.08241,-0.916605,1.34985
150,-2.37394,-1.28092,1.88919
150,-2.3896,-1.32312,1.8856
150,-2.38686,-1.32901,1.86248
150,-2.39258,-1.31969,1.88696
150,-2.17522,-0.963092,1.57672
150,-2.39202,-1.32233,1.86045
150,-2.39783,-1.31977,1.86442
150,-2.09583,-0.901356,1.34504
150,-2.09327,-0.890032,1.34172
150,-2.58943,-2.74005,0.697831
150,-2.09645,-0.887641,1.26827
150,-2.27909,-0.923327,1.80444
150,-2.32146,-0.968084,1.81752
150,-2.63805,-2.74821,0.716302
150,-2.23558,-0.920177,1.55376
150,-2.25655,-0.921937,1.60231
150,-2.25581,-0.90867,1.56262
150,-2.26866,-0.898756,1.56428
150,-2.19228,-0.826503,1.36011
150,-2.38987,-0.927319,1.82091
150,-2.3328,-0.868208,1.62777
150,-2.22128,-0.763231,1.33678
150,-2.35445,-0.890314,1.62632
150,-2.35829,-0.881794,1.61903
150,-2.23621,-0.761857,1.33876
150,-2.37607,-0.823023,1.61523
150,-2.25864,-0.723291,1.32726
150,-2.2812,-0.730775,1.31484
150,-2.42922,-0.894489,1.60613
150,-2.44212,-0.888139,1.63023
150,-2.42372,-0.833733,1.62917
150,-2.45137,-0.885752,1.61169
150,-2.52146,-0.806738,1.61646
150,-2.56996,-0.759081,1.62051
150,-2.58361,-0.758835,1.64136
150,-2.607,-0.739495,1.66255
150,-2.57872,-0.254848,1.77339
150,-2.59201,-0.241952,1.75744
150,-2.78018,-0.226866,1.87224
150,-2.70664,-0.645191,0.914817
150,-2.75478,-0.688687,0.978788
150,-2.71138,-0.625609,0.900791
150,-2.72537,-0.609114,0.866107
150,-2.73335,-0.606667,0.891564
150,-2.70948,-0.584985,0.831211
150,-2.70841,-0.598444,0.80714
150,-2.71253,-0.587727,0.827994
150,-2.7251,-0.581993,0.865295
150,-2.71561,-0.639699,0.757767
150,-2.73528,-0.600204,0.861974
150,-2.73591,-0.586454,0.862633
150,-2.71799,-0.640829,0.727121
150,-2.66333,-0.641213,0.535061
150,-2.72603,-0.63262,0.726323
150,-2.73956,-0.610475,0.778636
150,-2.7468,-0.592121,0.813737
150,-2.73681,-0.612531,0.755324
150,-2.73328,-0.613158,0.689151
150,-2.73496,-0.616568,0.677704
150,-2.76924,-0.572659,0.800568
150,-2.65301,-0.849598,0.0711584
150,-2.7436,-0.616058,0.640009
150,-2.90677,0.000420094,1.87121
150,-2.71588,-0.604605,0.463149
150,-2.93735,0.0171854,1.86216
150,-2.69797,-0.80482,0.041235
150,-2.69808,-0.802904,0.0254319
150,-2.74214,-0.568723,0.441724
150,-2.75879,-0.572782,0.484716
150,-2.76404,-0.581259,0.478924
150,-2.754,-0.567619,0.435921
150,-2.75888,-0.570611,0.419486
150,-2.78042,-0.569912,0.426138
150,-3.40979,-1.00533,1.97243
150,-2.78634,-0.740722,0.167312
150,-2.69377,-0.292526,0.349863
150,-2.76773,-0.503377,0.275765
150,-2.77262,-0.523959,0.263297
150,-2.81768,-0.719197,0.148904
150,-2.79744,-0.584428,0.225022
150,-2.78091,-0.493918,0.272654
150,-2.78636,-0.495909,0.251782
150,-2.76042,-0.3908,0.272382
150,-2.79557,-0.507727,0.236434
150,-2.79947,-0.497164,0.243199
150,-2.80149,-0.518661,0.220734
150,-2.81053,-0.527568,0.232509
150,-2.80283,-0.518026,0.215205
150,-2.80705,-0.528582,0.215215
150,-2.76229,-0.342097,0.274472
150,-2.8113,-0.456177,0.255014
150,-2.79786,-0.405216,0.237838
150,-2.79247,-0.357995,0.250941
150,-2.80471,-0.382474,0.231824
150,-2.83513,-0.720971,-0.0792099
150,-2.89025,-0.667629,-0.133463
150,-2.35121,-1.24947,1.85022
149,-2.35121,-1.24947,1.85022
150,-2.83024,-0.404772,0.863431
149,-2.83024,-0.404772,0.863431
150,-2.58816,-0.697265,0.96832
149,-2.58816,-0.697265,0.96832
150,-2.60392,-2.75641,0.978423
149,-2.60392,-2.75641,0.978423
150,-2.32564,-1.21416,1.56054
149,-2.32564,-1.21416,1.56054
150,-2.83405,0.103109,0.253659
149,-2.83405,0.103109,0.253659
150,-2.33059,-1.22243,1.75512
149,-2.33059,-1.22243,1.75512
150,-2.735,-0.240965,1.83816
149,-2.735,-0.240965,1.83816
150,-2.70496,-2.77381,0.927057
149,-2.70496,-2.77381,0.927057
150,-2.80134,-0.0355079,0.273226
149,-2.80134,-0.0355079,0.273226
150,-2.73852,-0.329486,1.85628
149,-2.73852,-0.329486,1.85628
150,-3.02949,-0.403017,1.3338
149,-3.02949,-0.403017,1.3338
150,-2.53055,-2.87981,0.861167
149,-2.53055,-2.87981,0.861167
150,-2.36484,-2.74861,1.56204
149,-2.36484,-2.74861,1.56204
150,-2.93522,-0.585585,0.728247
149,-2.93522,-0.585585,0.728247
150,-3.2339,-0.279472,0.561945
149,-3.2339,-0.279472,0.561945
150,-2.13432,-1.40623,1.57424
149,-2.13432,-1.40623,1.57424
150,-2.37921,-2.79055,1.68036
149,-2.37921,-2.79055,1.68036
150,-2.24719,-2.76525,1.69211
149,-2.24719,-2.76525,1.69211
150,-2.32963,-2.77288,1.01355
149,-2.32963,-2.77288,1.01355
150,-2.85161,-0.130028,1.87766
149,-2.85161,-0.130028,1.87766
150,-2.23607,-2.69637,1.12957
149,-2.23607,-2.69637,1.12957
150,-2.39891,-2.81855,1.35732
149,-2.39891,-2.81855,1.35732
150,-3.44243,-3.02547,1.63738
149,-3.44243,-3.02547,1.63738
150,-2.40119,-2.79524,1.68623
149,-2.40119,-2.79524,1.68623
150,-2.65203,-0.176929,0.409581
149,-2.65203,-0.176929,0.409581
150,-2.33582,-2.80047,1.35928
149,-2.33582,-2.80047,1.35928
150,-2.81128,-0.539046,1.2105
149,-2.81128,-0.539046,1.2105
150,-2.51653,-0.381746,0.524115
149,-2.51653,-0.381746,0.524115
150,-2.50795,-2.74816,0.750963
146,-2.50795,-2.74816,0.750963
150,-3.72362,-3.04315,1.41734
146,-3.72362,-3.04315,1.41734
150,-2.13983,-2.70629,1.59855
146,-2.13983,-2.70629,1.59855
150,-2.22278,-2.72298,1.60944
146,-2.22278,-2.72298,1.60944
150,-2.6319,-2.7606,0.963632
148,-2.6319,-2.7606,0.963632
150,-2.95838,-0.525113,0.867384
148,-2.95838,-0.525113,0.867384
150,-2.70718,-0.790145,1.01253
148,-2.70718,-0.790145,1.01253
150,-2.67865,-0.76493,0.331201
148,-2.67865,-0.76493,0.331201
150,-2.3875,-2.82486,1.24065
148,-2.3875,-2.82486,1.24065
150,-2.38697,-2.81487,1.26096
148,-2.38697,-2.81487,1.26096
150,-2.31955,-2.8133,1.27503
148,-2.31955,-2.8133,1.27503
150,-2.75942,-0.538051,0.922523
147,-2.75942,-0.538051,0.922523
150,-2.43971,-0.906347,1.78516
145,-2.43971,-0.906347,1.78516
150,-2.80547,-0.474764,0.826351
142,-2.80547,-0.474764,0.826351
150,-2.92945,-0.310772,0.766619
138,-2.92945,-0.310772,0.766619
150,-2.92832,-2.81161,0.981668
138,-2.92832,-2.81161,0.981668
151,-1.29285,-1.94727,1.4795
151,-1.59048,-1.24136,0.62554
151,-1.59931,-1.22777,0.639103
151,-1.61174,-1.23066,0.651405
151,-1.68458,-1.20194,0.888349
151,-1.64872,-1.2507,0.734018
151,-1.64091,-1.24304,0.716691
151,-1.68209,-1.19958,0.880058
151,-1.61137,-1.15778,0.708196
151,-1.64893,-1.23235,0.705837
151,-1.71247,-1.23589,0.884557
151,-1.65731,-1.23434,0.717297
151,-1.59991,-1.18622,0.601952
151,-1.69244,-1.18106,0.872838
151,-1.6248,-1.23482,0.614552
151,-1.61936,-1.13768,0.691852
151,-1.63207,-1.22689,0.606674
151,-2.3332,-2.84086,0.927272
151,-1.61363,-1.16143,0.608029
151,-1.62573,-1.17111,0.630118
151,-1.72805,-1.2166,0.871267
151,-1.73207,-1.24705,0.848614
151,-1.75202,-1.24653,0.901602
151,-2.46231,-2.7369,1.37611
151,-2.45298,-2.73532,1.33858
151,-2.35386,-2.84802,0.925713
151,-1.74684,-1.22572,0.855705
151,-1.74057,-1.22872,0.834123
151,-1.75121,-1.22804,0.86338
151,-1.62408,-1.13615,0.594029
151,-1.92595,-1.25368,1.3288
151,-1.73403,-1.27389,0.754789
151,-1.76789,-1.23299,0.886662
151,-1.74718,-1.19755,0.863055
151,-1.77057,-1.25364,0.853818
151,-1.9387,-1.24221,1.32884
151,-1.93924,-1.22987,1.32083
151,-1.95447,-1.25101,1.34214
151,-1.83736,-1.16428,1.0503
151,-1.78483,-1.25524,0.796543
151,-1.9963,-1.24343,1.40642
151,-1.99151,-1.27555,1.35894
151,-1.98611,-1.23499,1.38476
151,-2.01669,-1.24679,1.41811
151,-1.90009,-1.23029,1.09947
151,-2.0159,-1.24327,1.41379
151,-2.00361,-1.21882,1.38978
151,-1.89632,-1.23061,1.0683
151,-2.02298,-1.24083,1.42192
151,-2.00247,-1.21239,1.38787
151,-2.02048,-1.23895,1.41013
151,-2.009,-1.25169,1.35236
151,-2.01879,-1.22814,1.398
151,-2.01301,-1.25058,1.35733
151,-2.01674,-1.24314,1.36399
151,-2.03724,-1.22237,1.40751
151,-2.05208,-1.21305,1.43914
151,-2.03213,-1.24986,1.3333
151,-1.94103,-1.23442,1.07994
151,-2.05705,-1.20587,1.44012
151,-2.45251,-2.77429,0.932101
151,-1.92084,-1.23639,1.01064
151,-2.06425,-1.20311,1.43664
151,-2.05593,-1.27439,1.33312
151,-2.50674,-2.73649,1.08971
151,-1.92812,-1.23139,1.00052
151,-2.10397,-1.24992,1.48087
151,-2.05798,-1.22543,1.37365
151,-2.1301,-1.25284,1.52649
151,-2.09278,-1.20433,1.46695
151,-2.15427,-1.29152,1.55094
151,-2.15425,-1.26567,1.57342
151,-2.15981,-1.25991,1.59079
151,-2.15514,-1.259,1.57248
151,-2.09842,-1.19995,1.47047
151,-2.16626,-1.28373,1.57579
151,-1.91122,-1.02308,1.11261
151,-2.16636,-1.26183,1.59112
151,-2.17978,-1.31198,1.57428
151,-2.18263,-1.26719,1.61654
151,-2.2235,-1.30811,1.69079
151,-2.19932,-1.29638,1.63169
151,-2.08938,-1.23349,1.36527
151,-2.18549,-1.25919,1.6104
151,-2.18702,-1.25519,1.60997
151,-2.19317,-1.29973,1.57374
151,-2.1954,-1.29166,1.56477
151,-1.89769,-1.13547,0.865507
151,-1.96454,-0.907324,1.28665
151,-2.46099,-2.77489,0.755944
151,-1.91642,-0.918766,1.10588
151,-2.01837,-0.956419,1.34171
151,-2.00005,-0.922346,1.31143
151,-2.02861,-0.943485,1.34921
151,-1.92256,-1.14184,0.812545
151,-2.04076,-0.935155,1.34072
151,-2.47473,-2.75337,0.676054
151,-2.50772,-2.76095,0.735303
151,-2.48347,-2.75119,0.656954
151,-2.49709,-2.74371,0.696083
151,-2.5039,-2.74199,0.690341
151,-2.07933,-0.923111,1.35488
151,-2.51963,-2.73893,0.687353
151,-2.09544,-0.945762,1.32375
151,-2.51872,-2.8885,0.501324
151,-2.00351,-0.889564,1.10742
151,-2.52373,-2.88888,0.504102
151,-2.07994,-0.935306,1.27545
151,-2.09714,-0.897354,1.35561
151,-2.13294,-0.95819,1.36203
151,-2.01819,-0.878649,1.10171
151,-2.13938,-0.955242,1.3697
151,-2.01211,-0.845572,1.10135
151,-2.13178,-0.907058,1.3811
151,-2.02487,-0.866934,1.09879
151,-2.13362,-0.896545,1.37433
151,-2.11719,-0.888056,1.30269
151,-2.03329,-0.848463,1.09109
151,-2.11986,-0.88556,1.29306
151,-2.02689,-0.826314,1.0852
151,-2.1328,-0.888683,1.31232
151,-2.04852,-0.837548,1.0931
151,-2.60736,-2.91329,0.452223
151,-2.61592,-2.91399,0.443413
151,-2.30715,-1.00758,1.54695
151,-2.68372,-2.75527,0.701606
151,-2.30332,-0.875564,1.54733
151,-2.31558,-0.858717,1.54771
151,-2.33141,-0.882916,1.55483
151,-2.43156,-2.38008,0.255924
151,-2.33406,-0.876121,1.54813
151,-2.44798,-2.3957,0.264312
151,-2.45424,-2.39312,0.260405
151,-2.47846,-2.40124,0.270129
151,-2.48566,-2.40471,0.264359
151,-2.48423,-2.39718,0.266321
151,-2.48694,-2.40683,0.263974
151,-2.37775,-0.838131,1.55585
151,-2.42785,-0.834942,1.65231
151,-2.58781,-2.59058,0.198745
151,-2.41134,-0.797781,1.55592
151,-2.46889,-0.963941,1.36085
151,-2.56974,-0.740657,1.65876
151,-2.69798,-2.55471,0.124069
151,-2.5761,-0.746614,1.65426
151,-2.5939,-0.223474,1.80149
151,-2.79798,-0.258216,1.8735
151,-2.94215,0.0182841,1.89255
151,-2.82502,0.290924,1.71829
151,-2.65285,-0.395078,0.371818
151,-2.7327,-0.761247,-0.0284573
151,-2.76082,-0.517261,0.249729
151,-2.76472,-0.42412,0.306302
151,-2.76195,-0.74604,-0.0405995
151,-2.72868,-0.300969,0.307929
151,-2.79694,-0.403833,0.264559
151,-2.80529,-0.38809,0.241597
151,-2.82068,-0.715954,-0.0808982
151,-2.80594,-0.330783,0.26124
151,-2.82973,-0.716374,-0.0897884
151,-2.84303,-0.703674,-0.106134
151,-2.80199,-0.239267,0.2516
151,-2.92484,-0.616888,0.117523
151,-2.9118,-0.575832,-0.324883
151,-8.10353,5.9315,2.86302
151,-1.89003,-1.05374,1.11976
150,-1.89003,-1.05374,1.11976
151,-2.7317,-0.425809,0.300516
150,-2.7317,-0.425809,0.300516
151,-1.75076,-1.25342,0.885385
150,-1.75076,-1.25342,0.885385
151,-2.23419,-1.01764,1.6224
150,-2.23419,-1.01764,1.6224
151,-2.09631,-0.948481,1.30607
150,-2.09631,-0.948481,1.30607
151,-2.31371,-2.80215,1.0077
150,-2.31371,-2.80215,1.0077
151,-2.63387,-0.267037,0.475596
150,-2.63387,-0.267037,0.475596
151,-2.4093,-0.526011,1.5086
150,-2.4093,-0.526011,1.5086
151,-2.60228,-2.88946,1.19822
150,-2.60228,-2.88946,1.19822
151,-2.08201,-0.975939,1.30508
150,-2.08201,-0.975939,1.30508
151,-2.62234,-0.652919,1.08419
150,-2.62234,-0.652919,1.08419
151,-2.33292,-2.80202,1.359
150,-2.33292,-2.80202,1.359
151,-2.08412,-1.04223,1.2989
150,-2.08412,-1.04223,1.2989
151,-2.66442,-0.205031,0.400474
150,-2.66442,-0.205031,0.400474
151,-2.73031,-0.0424222,1.70099
150,-2.73031,-0.0424222,1.70099
151,-2.01177,-0.997269,1.08691
150,-2.01177,-0.997269,1.08691
151,-2.4143,-2.8194,1.34062
149,-2.4143,-2.8194,1.34062
151,-2.79034,-0.0447124,0.286822
149,-2.79034,-0.0447124,0.286822
151,-2.06833,-0.985426,1.30704
149,-2.06833,-0.985426,1.30704
151,-2.38659,-2.83951,1.23979
149,-2.38659,-2.83951,1.23979
151,-2.36467,-2.71948,1.0599
149,-2.36467,-2.71948,1.0599
151,-2.35506,-2.82722,1.21418
149,-2.35506,-2.82722,1.21418
151,-2.36199,-0.974484,1.10048
149,-2.36199,-0.974484,1.10048
151,-2.74079,-0.219166,0.320909
149,-2.74079,-0.219166,0.320909
151,-2.21052,-0.957308,1.45511
149,-2.21052,-0.957308,1.45511
151,-2.35981,-2.79312,1.15882
149,-2.35981,-2.79312,1.15882
151,-2.54061,-2.8708,1.33328
148,-2.54061,-2.8708,1.33328
151,-2.51606,-0.833882,1.75214
145,-2.51606,-0.833882,1.75214
151,-2.21079,-2.68912,1.40089
145,-2.21079,-2.68912,1.40089
151,-2.4603,-2.53742,0.297393
138,-2.4603,-2.53742,0.297393
151,-2.7813,-2.86829,0.212054
138,-2.7813,-2.86829,0.212054
151,-2.61358,-2.77516,0.668591
138,-2.61358,-2.77516,0.668591
151,-2.35077,-2.81287,0.960993
142,-2.35077,-2.81287,0.960993
151,-2.30065,-2.79634,1.24658
142,-2.30065,-2.79634,1.24658
151,-2.6138,-2.69562,0.458802
133,-2.6138,-2.69562,0.458802
152,-1.5529,-1.66125,1.35758
152,-1.81187,-1.32447,1.32524
152,-1.65549,-1.23917,0.944497
152,-1.66274,-1.25394,0.944425
152,-1.65472,-1.22719,0.945812
152,-1.66351,-1.25223,0.94145
152,-1.66895,-1.24868,0.95395
152,-1.66707,-1.24335,0.94783
152,-1.66719,-1.24322,0.938865
152,-1.68332,-1.25217,0.96186
152,-1.55546,-1.20126,0.677536
152,-1.67707,-1.22979,0.9347
152,-1.67397,-1.22352,0.910922
152,-1.68352,-1.23317,0.926126
152,-1.66508,-1.21704,0.890057
152,-1.667,-1.20934,0.885511
152,-1.67079,-1.21395,0.887484
152,-1.68088,-1.2185,0.908815
152,-1.69613,-1.26543,0.898117
152,-1.67396,-1.20987,0.889526
152,-1.69783,-1.21683,0.917084
152,-1.69742,-1.20195,0.901416
152,-1.5741,-1.1714,0.612899
152,-1.57277,-1.1464,0.61902
152,-1.5571,-1.0589,0.641426
152,-1.60016,-1.18392,0.627844
152,-1.56092,-1.23969,0.471285
152,-1.5573,-1.23452,0.465166
152,-1.61251,-1.14031,0.689468
152,-1.68711,-1.24707,0.774942
152,-1.60569,-1.1863,0.623634
152,-1.56491,-1.23042,0.474401
152,-1.57086,-1.23242,0.478148
152,-1.60629,-1.20636,0.593275
152,-1.72936,-1.22591,0.87644
152,-1.63051,-1.19677,0.644946
152,-1.69513,-1.23612,0.768223
152,-1.62147,-1.17408,0.631369
152,-1.72953,-1.21348,0.869193
152,-1.73037,-1.21143,0.869667
152,-1.62237,-1.12126,0.676555
152,-1.572,-1.21673,0.456031
152,-1.73964,-1.21469,0.875131
152,-1.57773,-1.21429,0.46053
152,-1.73992,-1.23637,0.843404
152,-1.73765,-1.23707,0.834861
152,-1.74647,-1.23613,0.844312
152,-1.88128,-1.2199,1.20372
152,-1.93055,-1.23431,1.3138
152,-1.63532,-1.16581,0.62144
152,-1.76473,-1.23961,0.879838
152,-1.92831,-1.24506,1.28298
152,-1.63768,-1.10355,0.66861
152,-1.93029,-1.23756,1.27488
152,-1.72964,-1.26534,0.729274
152,-1.77959,-1.22701,0.876499
152,-1.8956,-1.19824,1.19321
152,-1.89433,-1.18831,1.18759
152,-1.78863,-1.21422,0.877111
152,-1.96365,-1.20726,1.31524
152,-1.88468,-1.24334,1.07122
152,-1.95789,-1.17607,1.31538
152,-1.98062,-1.20237,1.34324
152,-1.90646,-1.17539,1.17891
152,-1.89423,-1.23312,1.09016
152,-1.99506,-1.25343,1.32868
152,-1.89365,-1.24386,1.07837
152,-1.89943,-1.2339,1.09693
152,-1.90834,-1.17093,1.17687
152,-1.9067,-1.26002,1.08422
152,-1.91291,-1.16652,1.17976
152,-1.97879,-1.19958,1.31244
152,-1.89498,-1.23481,1.06439
152,-1.91751,-1.26447,1.09263
152,-2.0167,-1.25512,1.35452
152,-1.97657,-1.19378,1.30922
152,-2.01856,-1.24647,1.3654
152,-2.0153,-1.24793,1.35513
152,-1.91835,-1.26192,1.0919
152,-2.01103,-1.22045,1.36807
152,-2.00866,-1.24886,1.33233
152,-1.80274,-1.21601,0.836079
152,-2.01921,-1.24616,1.36023
152,-1.98163,-1.19414,1.31272
152,-2.01695,-1.24694,1.35164
152,-1.98338,-1.19503,1.31392
152,-2.02012,-1.25065,1.3515
152,-2.03542,-1.25381,1.38121
152,-2.01777,-1.27393,1.31437
152,-2.04426,-1.27968,1.37338
152,-2.02842,-1.26896,1.33927
152,-1.72515,-0.942199,0.873616
152,-2.01444,-1.19411,1.37168
152,-2.01918,-1.20199,1.37625
152,-1.84707,-1.20462,0.933246
152,-2.05304,-1.27698,1.3824
152,-1.81069,-1.20375,0.826659
152,-1.61433,-0.917511,0.593161
152,-2.04236,-1.24545,1.37546
152,-2.01987,-1.18599,1.37367
152,-2.02642,-1.19155,1.3769
152,-2.02367,-1.18493,1.37066
152,-1.64279,-0.917696,0.647629
152,-1.73449,-0.928052,0.871238
152,-2.46501,-2.73987,1.01299
152,-1.86516,-1.19431,0.932653
152,-1.88178,-1.0557,1.09468
152,-2.05689,-1.27719,1.32453
152,-2.06155,-1.27738,1.33248
152,-1.86118,-1.19374,0.878611
152,-1.83381,-1.15478,0.844149
152,-1.8351,-1.17699,0.819287
152,-1.84996,-1.15662,0.864074
152,-1.87213,-1.23157,0.844437
152,-1.85802,-1.19703,0.826644
152,-1.89667,-1.03619,1.07536
152,-1.7739,-0.910742,0.87043
152,-2.09062,-1.25697,1.33279
152,-1.88994,-0.934085,1.12224
152,-1.90852,-1.02563,1.07113
152,-2.55518,-2.74941,1.07854
152,-1.84912,-1.17947,0.745746
152,-1.91578,-1.01435,1.06585
152,-2.02448,-0.993765,1.36212
152,-1.9134,-1.05365,1.0114
152,-1.79135,-0.889455,0.854674
152,-1.90244,-0.910712,1.10098
152,-2.44953,-2.85367,0.626015
152,-1.92451,-0.920468,1.1116
152,-1.92208,-1.02632,0.985642
152,-1.93486,-0.920248,1.1133
152,-2.4397,-2.85621,0.540563
152,-2.45838,-2.75422,0.675912
152,-2.4713,-2.74901,0.710241
152,-2.46007,-2.75502,0.67295
152,-2.43551,-2.84008,0.509915
152,-2.50149,-2.7627,0.720304
152,-2.4644,-2.85904,0.528966
152,-2.48304,-2.75719,0.671091
152,-1.94437,-0.9847,0.971403
152,-2.46223,-2.84136,0.519246
152,-2.06285,-0.910694,1.32873
152,-1.959,-0.924516,1.04751
152,-2.45949,-2.74805,0.59701
152,-2.46143,-2.84432,0.508581
152,-2.47446,-2.84899,0.495684
152,-1.97736,-0.886763,1.04489
152,-2.12428,-0.852525,1.42798
152,-1.99143,-0.874303,1.04487
152,-2.45531,-2.85746,0.32539
152,-2.45142,-2.86062,0.307211
152,-1.8858,-0.792348,0.822077
152,-1.90064,-0.773331,0.825857
152,-1.89741,-0.770772,0.817505
152,-2.14089,-0.872238,1.3055
152,-2.4829,-2.76432,0.310125
152,-1.93047,-0.717795,0.80912
152,-2.21245,-0.864877,1.38135
152,-2.50793,-2.76679,0.285854
152,-2.17395,-0.817277,1.27871
152,-2.31326,-0.859655,1.54695
152,-2.31841,-0.860728,1.54913
152,-2.50527,-2.70447,0.275907
152,-2.50738,-2.70141,0.281868
152,-2.49845,-2.66979,0.28388
152,-2.52289,-2.69996,0.297108
152,-2.50528,-2.666,0.277365
152,-2.52404,-2.66419,0.264488
152,-2.52207,-2.62649,0.265991
152,-2.51058,-2.58784,0.270811
152,-2.44996,-2.38754,0.279923
152,-2.43714,-2.38618,0.246967
152,-2.46563,-2.40214,0.29898
152,-2.45834,-2.38695,0.276587
152,-2.47504,-2.41435,0.283941
152,-2.46862,-2.41141,0.25672
152,-2.42337,-2.35476,-0.0280278
152,-2.59435,-2.44529,0.253025
152,-2.55423,-2.26423,-0.110205
152,-2.53731,-0.612142,1.37609
152,-2.56426,-0.573696,1.36273
152,-2.58111,-0.571228,1.3788
152,-2.58083,-0.550896,1.37298
152,-2.81626,-0.537059,1.60574
152,-2.8399,-0.51527,1.61045
152,-2.84484,-0.519275,1.61645
152,-2.7256,-1.94105,-0.270135
152,-2.71039,-1.9087,-0.310138
152,-2.74262,-1.92716,-0.300853
152,-2.74707,-0.758421,0.8065
152,-2.77127,-0.736227,0.786219
152,-3.00787,-0.310572,1.64802
152,-2.7604,-0.722725,0.62064
152,-2.59124,-0.832901,-0.233282
152,-2.70474,-1.50824,-0.59249
152,-2.71106,-1.47316,-0.588789
152,-2.66584,-0.778094,-0.1934
152,-2.72631,-1.31779,-0.551747
152,-2.72999,-1.3254,-0.552151
152,-2.73055,-0.40905,0.2944
152,-2.73648,-0.435743,0.269694
152,-2.74289,-0.41279,0.295874
152,-2.74455,-0.758738,-0.0323414
152,-2.74616,-0.421036,0.28487
152,-2.78347,-0.489124,0.28815
152,-2.74581,-0.390243,0.277294
152,-2.7851,-0.488509,0.2665
152,-2.79528,-0.480627,0.287695
152,-2.78922,-0.498049,0.253478
152,-2.79444,-0.494863,0.263957
152,-2.79344,-0.497561,0.257486
152,-2.80182,-0.507897,0.244637
152,-2.79701,-0.486225,0.250825
152,-2.82097,-0.515755,0.222713
152,-2.8212,-0.507311,0.229048
152,-2.81749,-0.500429,0.22128
152,-2.86453,-0.664729,0.180584
152,-2.7454,-0.757212,-0.288091
152,-2.78338,-0.715048,-0.193102
152,-2.79588,-0.70634,-0.25699
152,-2.83151,-0.681407,-0.22998
152,-2.86286,-0.636476,-0.263478
152,-2.89084,-0.668348,-0.29074
152,-2.25069,-1.21727,1.43644
151,-2.25069,-1.21727,1.43644
152,-2.67681,-0.350034,0.327304
151,-2.67681,-0.350034,0.327304
152,-2.78011,-0.179766,0.290939
151,-2.78011,-0.179766,0.290939
152,-2.75743,-0.699361,0.261811
151,-2.75743,-0.699361,0.261811
152,-2.51373,-2.69813,0.301419
151,-2.51373,-2.69813,0.301419
152,-2.77843,-0.179689,0.293535
151,-2.77843,-0.179689,0.293535
152,-2.53927,-0.921525,1.08307
151,-2.53927,-0.921525,1.08307
152,-2.74608,-0.205947,0.315242
151,-2.74608,-0.205947,0.315242
152,-2.60477,-2.73693,0.735363
151,-2.60477,-2.73693,0.735363
152,-1.92739,-1.20724,1.36259
151,-1.92739,-1.20724,1.36259
152,-1.69208,-1.23379,0.773852
151,-1.69208,-1.23379,0.773852
152,-2.68857,-0.277626,0.351944
151,-2.68857,-0.277626,0.351944
152,-1.88969,-0.974565,1.1213
151,-1.88969,-0.974565,1.1213
152,-1.86384,-1.01786,1.12858
151,-1.86384,-1.01786,1.12858
152,-1.87039,-1.07761,1.12008
151,-1.87039,-1.07761,1.12008
152,-2.28392,-2.74173,0.991229
151,-2.28392,-2.74173,0.991229
152,-2.67831,-0.61242,0.341624
150,-2.67831,-0.61242,0.341624
152,-2.04955,-1.01465,1.31622
150,-2.04955,-1.01465,1.31622
152,-2.43836,-2.8565,0.866937
150,-2.43836,-2.8565,0.866937
152,-2.33231,-0.727914,1.29052
150,-2.33231,-0.727914,1.29052
152,-2.87218,-0.108463,0.290472
150,-2.87218,-0.108463,0.290472
152,-2.00143,-1.06654,1.33483
150,-2.00143,-1.06654,1.33483
152,-1.95151,-1.12645,1.32217
150,-1.95151,-1.12645,1.32217
152,-2.99099,-0.28684,0.167038
136,-2.99099,-0.28684,0.167038
152,-2.50767,-2.38379,0.23724
136,-2.50767,-2.38379,0.23724
152,-2.61756,-1.26792,-0.617096
136,-2.61756,-1.26792,-0.617096
152,-2.32911,-2.38476,0.327767
138,-2.32911,-2.38476,0.327767
152,-2.3551,-2.39879,0.33098
138,-2.3551,-2.39879,0.33098
152,-2.51971,-2.45273,0.272756
138,-2.51971,-2.45273,0.272756
152,-2.4384,-2.73509,1.38246
147,-2.4384,-2.73509,1.38246
152,-2.63688,-1.24833,-0.633482
133,-2.63688,-1.24833,-0.633482
152,-2.70208,-0.818749,0.780151
148,-2.70208,-0.818749,0.780151
153,-1.45314,-1.15436,0.450771
153,-1.45156,-1.18297,0.389758
153,-1.44926,-1.1859,0.378019
153,-1.458,-1.18614,0.3771
153,-1.78107,-1.23608,1.14629
153,-1.46537,-1.12267,0.438177
153,-1.46257,-1.17782,0.367687
153,-1.78975,-1.22957,1.14283
153,-1.47763,-1.18736,0.366871
153,-1.79638,-1.22608,1.14303
153,-1.47418,-1.11553,0.430194
153,-1.59966,-1.21951,0.604128
153,-1.80614,-1.21305,1.1404
153,-1.59989,-1.21897,0.599092
153,-1.46496,-1.0833,0.39458
153,-1.60214,-1.21923,0.602057
153,-1.60045,-1.21248,0.59924
153,-1.55581,-1.23133,0.462489
153,-1.5556,-1.20701,0.479658
153,-1.82487,-1.22016,1.14762
153,-1.56445,-1.20812,0.49076
153,-1.8095,-1.22528,1.09981
153,-1.62004,-1.23061,0.606843
153,-1.56078,-1.20348,0.48289
153,-1.60918,-1.18229,0.619892
153,-1.56627,-1.22148,0.468057
153,-1.5609,-1.1941,0.477523
153,-1.62758,-1.20155,0.637158
153,-1.60489,-1.19373,0.583468
153,-1.81772,-1.21806,1.09939
153,-1.58615,-1.11696,0.603185
153,-1.7338,-1.22057,0.872197
153,-1.63229,-1.20686,0.626125
153,-1.6115,-1.17007,0.610731
153,-1.4408,-0.964512,0.385326
153,-1.83789,-1.21094,1.14128
153,-1.63603,-1.2285,0.602618
153,-1.84918,-1.25538,1.12025
153,-1.57709,-1.21658,0.462699
153,-1.8342,-1.21698,1.11813
153,-1.84081,-1.21178,1.13801
153,-1.58871,-1.10521,0.60105
153,-1.81798,-1.20311,1.08266
153,-1.83133,-1.20866,1.10996
153,-1.64068,-1.22274,0.599965
153,-1.83829,-1.19758,1.13378
153,-1.64003,-1.21757,0.601443
153,-1.84621,-1.20808,1.13382
153,-1.74853,-1.21047,0.871535
153,-1.74732,-1.2313,0.83755
153,-1.84011,-1.19933,1.10833
153,-1.45096,-0.949769,0.370629
153,-1.85011,-1.20728,1.12109
153,-1.65167,-1.21853,0.594219
153,-1.84359,-1.16995,1.13734
153,-1.85759,-1.2035,1.13486
153,-1.86648,-1.24713,1.11072
153,-1.85481,-1.19584,1.13067
153,-1.86305,-1.20593,1.13903
153,-1.86133,-1.23135,1.10746
153,-1.75341,-1.21488,0.846543
153,-1.86518,-1.23355,1.10809
153,-1.74222,-1.1458,0.885267
153,-1.85504,-1.18052,1.13076
153,-1.8705,-1.23414,1.10914
153,-1.86502,-1.19891,1.1321
153,-1.76264,-1.21073,0.851398
153,-1.76402,-1.21352,0.851521
153,-1.87351,-1.23281,1.11092
153,-1.77219,-1.23253,0.835981
153,-1.7556,-1.14024,0.881279
153,-1.86193,-1.14912,1.14083
153,-1.77508,-1.22597,0.83472
153,-1.8878,-1.2459,1.09466
153,-1.5027,-0.953964,0.414674
153,-1.88676,-1.22462,1.10782
153,-1.76444,-1.13999,0.882529
153,-1.95959,-1.2056,1.30355
153,-1.97356,-1.21597,1.32729
153,-1.95787,-1.20001,1.30324
153,-1.965,-1.24932,1.26824
153,-1.89023,-1.23605,1.08962
153,-1.76892,-1.13563,0.881476
153,-1.97364,-1.22094,1.31585
153,-1.89995,-1.23564,1.09505
153,-1.77079,-1.12342,0.882453
153,-1.90002,-1.23707,1.09327
153,-1.79347,-1.20414,0.854541
153,-1.78896,-1.21593,0.82923
153,-1.94638,-1.13924,1.31068
153,-1.77367,-1.12232,0.876975
153,-1.50588,-0.908596,0.408641
153,-1.95165,-1.13252,1.31167
153,-1.91265,-1.25422,1.08226
153,-1.5051,-0.887986,0.422355
153,-1.77927,-1.11552,0.882083
153,-1.91912,-1.23596,1.11263
153,-1.61496,-0.945099,0.639393
153,-2.01548,-1.24383,1.34971
153,-1.92168,-1.25654,1.08936
153,-1.92079,-1.25703,1.08562
153,-1.9871,-1.25866,1.24848
153,-1.82172,-1.23525,0.847807
153,-1.61288,-0.922251,0.640112
153,-1.80888,-1.2113,0.832724
153,-1.81316,-1.20857,0.846263
153,-1.99577,-1.19509,1.32605
153,-2.02417,-1.25944,1.32878
153,-2.02987,-1.26347,1.33841
153,-1.832,-1.22841,0.860915
153,-1.81245,-1.20726,0.829711
153,-1.60472,-0.890556,0.628516
153,-1.93577,-1.26046,1.08609
153,-2.02958,-1.26782,1.3168
153,-2.04937,-1.27286,1.35786
153,-1.61985,-0.916521,0.631062
153,-2.0464,-1.28769,1.33206
153,-2.02918,-1.26128,1.31384
153,-1.96941,-1.11601,1.31246
153,-2.0485,-1.28616,1.33171
153,-2.0493,-1.28787,1.33182
153,-1.8158,-1.19877,0.826186
153,-2.04361,-1.28581,1.31812
153,-1.95906,-1.09325,1.30378
153,-1.6218,-0.910274,0.628842
153,-1.83297,-1.18698,0.873684
153,-1.96493,-1.09339,1.30464
153,-1.61094,-0.882579,0.618148
153,-1.83998,-1.21912,0.84919
153,-1.96615,-1.08766,1.31116
153,-1.60843,-0.877564,0.613245
153,-1.9656,-1.08766,1.30666
153,-2.02779,-1.1659,1.33396
153,-1.50974,-0.803281,0.373238
153,-1.84136,-1.15838,0.847559
153,-1.50358,-0.790815,0.35927
153,-1.84606,-1.15873,0.846481
153,-1.99236,-1.0528,1.30352
153,-1.71144,-0.853585,0.785797
153,-2.48573,-2.74772,0.742202
153,-2.02127,-1.05733,1.30918
153,-2.1004,-1.16059,1.3791
153,-1.77287,-0.865183,0.848532
153,-1.77769,-0.863575,0.84721
153,-2.09214,-1.1192,1.35785
153,-1.95001,-0.985411,1.11449
153,-1.82605,-0.919675,0.864098
153,-1.83342,-0.880749,0.886956
153,-1.83573,-0.905733,0.863729
153,-1.91962,-0.882087,1.09783
153,-1.94264,-0.961423,1.06404
153,-1.94738,-0.956211,1.06521
153,-1.84022,-0.873244,0.878011
153,-2.04387,-0.932918,1.32822
153,-1.9578,-0.973086,1.06171
153,-1.95844,-0.972134,1.06014
153,-1.95526,-0.957146,1.06601
153,-1.93558,-1.01609,0.93939
153,-2.1052,-1.00803,1.37531
153,-1.96248,-0.966414,1.0521
153,-1.96635,-0.945507,1.06673
153,-1.94532,-0.870039,1.08922
153,-1.98455,-0.931906,1.12372
153,-1.95934,-0.924863,1.06533
153,-1.95962,-0.984793,0.98977
153,-2.15255,-1.08109,1.3679
153,-1.98572,-0.970459,1.05458
153,-2.08251,-0.960501,1.30591
153,-1.98439,-0.970277,1.04318
153,-1.87095,-0.869656,0.850932
153,-1.98838,-0.966209,1.04525
153,-2.00256,-0.917132,1.12787
153,-1.99454,-0.96857,1.05096
153,-1.99282,-0.963305,1.05059
153,-1.96471,-0.969396,0.9697
153,-2.06757,-0.860152,1.34927
153,-1.98865,-0.947795,1.04942
153,-2.07423,-0.856887,1.35774
153,-1.97629,-0.858063,1.10419
153,-1.88209,-0.859807,0.845231
153,-2.1235,-0.926498,1.39376
153,-2.0044,-0.956118,1.04876
153,-2.46734,-2.75661,0.328108
153,-1.9945,-0.933101,1.04284
153,-1.89252,-0.855531,0.858314
153,-2.46383,-2.75539,0.31021
153,-2.08816,-0.83723,1.36296
153,-1.98752,-0.872885,1.05781
153,-1.99152,-0.871827,1.05736
153,-2.47789,-2.75578,0.308441
153,-2.4777,-2.75947,0.302142
153,-2.09754,-0.909413,1.28699
153,-1.99162,-0.872596,1.05344
153,-2.15587,-0.95087,1.38677
153,-1.99448,-0.872066,1.05496
153,-2.11509,-0.926695,1.30476
153,-1.99657,-0.861164,1.05524
153,-2.15614,-0.932186,1.38189
153,-2.14965,-0.899054,1.39073
153,-2.19856,-1.02741,1.37744
153,-2.16078,-0.929694,1.38399
153,-2.15887,-0.925353,1.38123
153,-2.20731,-1.03255,1.38524
153,-2.21128,-1.0359,1.38563
153,-2.47832,-2.69561,0.296697
153,-2.48185,-2.70288,0.296898
153,-2.22013,-1.00747,1.37961
153,-2.22709,-0.999966,1.38075
153,-2.48296,-2.59445,0.297215
153,-2.50529,-2.64252,0.28372
153,-2.25987,-0.987888,1.39442
153,-2.50564,-2.60346,0.286977
153,-2.50256,-2.55935,0.277018
153,-2.45728,-2.41028,0.288531
153,-2.29411,-0.961159,1.39794
153,-2.51341,-2.54195,0.276901
153,-2.47222,-2.40218,0.297185
153,-2.45918,-2.383,0.266291
153,-2.46698,-2.39068,0.269483
153,-2.4728,-2.386,0.26669
153,-2.47027,-2.38246,0.261366
153,-2.47388,-2.38018,0.261852
153,-2.39461,-2.36187,-0.0632353
153,-2.45349,-2.34597,-0.0943044
153,-2.53687,-2.28428,-0.189206
153,-2.54475,-2.19954,-0.157984
153,-2.54491,-2.18297,-0.154768
153,-2.55942,-2.13207,-0.141203
153,-2.58635,-2.10158,-0.180346
153,-2.59633,-2.08722,-0.179169
153,-2.59491,-2.08824,-0.184846
153,-2.57907,-1.97154,-0.140305
153,-2.66491,-1.63693,-0.542674
153,-2.79148,-0.722394,0.728191
153,-2.36789,-0.81133,-0.516905
153,-2.37343,-0.804972,-0.537276
153,-2.67893,-1.47784,-0.563641
153,-2.69131,-1.47234,-0.57973
153,-2.63198,-1.32268,-0.589166
153,-2.63152,-1.29983,-0.585483
153,-2.62388,-1.2836,-0.589946
153,-2.62226,-1.28462,-0.5955
153,-2.66476,-1.32627,-0.564716
153,-2.62602,-1.23116,-0.583492
153,-2.72121,-1.38074,-0.566021
153,-2.72699,-1.37595,-0.574538
153,-2.7068,-0.789241,-0.0116529
153,-2.72153,-1.32991,-0.554397
153,-2.75623,-1.30983,-0.585336
153,-2.75255,-0.767551,-0.038579
153,-2.73404,-1.14499,-0.591245
153,-2.73527,-1.1422,-0.597514
153,-2.75678,-0.851936,-0.289941
153,-2.82666,-0.776217,-0.345217
153,-2.82711,-0.760125,-0.350385
153,-2.86405,-0.746622,-0.343755
153,-2.8815,-0.771401,-0.402732
153,-2.90791,1.1178,0.802098
153,-2.86096,1.01599,0.302888
153,-2.87607,1.18502,0.280675
153,-2.8924,1.20878,0.285118
153,-2.93121,1.14493,0.262917
153,-2.91751,1.27382,0.259527
153,-2.973,1.35801,0.234024
153,-2.76039,-1.1782,-0.771461
152,-2.76039,-1.1782,-0.771461
153,-2.57755,-0.381648,0.386086
152,-2.57755,-0.381648,0.386086
153,-2.7199,-0.214524,0.307941
152,-2.7199,-0.214524,0.307941
153,-2.64139,-1.25759,-0.641
152,-2.64139,-1.25759,-0.641
153,-2.74754,-0.269172,0.287287
152,-2.74754,-0.269172,0.287287
153,-2.50972,-0.455887,0.42812
152,-2.50972,-0.455887,0.42812
153,-2.5242,-0.436672,0.423916
152,-2.5242,-0.436672,0.423916
153,-2.10615,-0.243337,0.639443
152,-2.10615,-0.243337,0.639443
153,-1.86971,-1.04337,1.11522
152,-1.86971,-1.04337,1.11522
153,-2.62998,-0.614944,0.896378
152,-2.62998,-0.614944,0.896378
153,-2.59523,-0.821192,-0.242164
152,-2.59523,-0.821192,-0.242164
153,-1.88665,-1.10581,1.06053
152,-1.88665,-1.10581,1.06053
153,-1.84374,-1.16001,1.07234
152,-1.84374,-1.16001,1.07234
153,-2.18346,-0.110728,0.594022
152,-2.18346,-0.110728,0.594022
153,-2.73543,-0.773773,0.770638
152,-2.73543,-0.773773,0.770638
153,-2.18344,-0.111926,0.595862
152,-2.18344,-0.111926,0.595862
153,-1.81549,-0.724676,0.813185
152,-1.81549,-0.724676,0.813185
153,-2.47161,-2.74605,0.705867
152,-2.47161,-2.74605,0.705867
153,-2.29252,0.0736994,0.534166
152,-2.29252,0.0736994,0.534166
153,-2.45076,-2.8615,0.306982
152,-2.45076,-2.8615,0.306982
153,-2.3124,-0.741252,0.736025
152,-2.3124,-0.741252,0.736025
153,-2.51675,-2.7554,0.756925
151,-2.51675,-2.7554,0.756925
153,-2.65793,-0.833192,0.862901
151,-2.65793,-0.833192,0.862901
153,-2.60973,-0.704197,0.852757
150,-2.60973,-0.704197,0.852757
153,-2.53758,-1.30016,-0.561284
136,-2.53758,-1.30016,-0.561284
153,-2.5802,-2.54106,0.236925
136,-2.5802,-2.54106,0.236925
153,-2.725,-2.15154,-0.291241
136,-2.725,-2.15154,-0.291241
153,-2.54961,-2.76582,0.637235
133,-2.54961,-2.76582,0.637235
153,-2.54337,-2.76502,0.637333
133,-2.54337,-2.76502,0.637333
153,-2.55778,-0.849932,-0.220922
129,-2.55778,-0.849932,-0.220922
153,-3.06095,-0.501736,0.702069
120,-3.06095,-0.501736,0.702069
154,-1.41628,-1.15901,0.391979
154,-1.43398,-1.18328,0.402074
154,-1.43452,-1.1936,0.384268
154,-1.43926,-1.18886,0.394065
154,-1.41809,-1.14908,0.386482
154,-1.55712,-1.20704,0.672747
154,-1.44681,-1.19471,0.395526
154,-1.44948,-1.19478,0.401177
154,-1.55803,-1.18945,0.687381
154,-1.44769,-1.19428,0.380594
154,-1.43616,-1.16416,0.390398
154,-1.44819,-1.19092,0.380506
154,-1.5601,-1.18685,0.680185
154,-1.56136,-1.1828,0.68572
154,-1.56326,-1.17806,0.682413
154,-1.56725,-1.17374,0.678128
154,-1.76155,-1.25124,1.08268
154,-1.57376,-1.23378,0.606511
154,-1.57705,-1.23247,0.605473
154,-1.55178,-1.15964,0.622141
154,-1.58443,-1.23503,0.606266
154,-1.58669,-1.23455,0.607354
154,-1.58676,-1.23339,0.607023
154,-1.57895,-1.16039,0.6817
154,-1.5418,-1.22563,0.49385
154,-1.57864,-1.21593,0.597969
154,-1.5056,-1.17694,0.454992
154,-1.57935,-1.19402,0.624891
154,-1.54315,-1.22168,0.491153
154,-1.49454,-1.20432,0.3822
154,-1.54618,-1.2401,0.468026
154,-1.51784,-1.22126,0.416841
154,-1.50176,-1.17946,0.429723
154,-1.51134,-1.17877,0.452781
154,-1.60798,-1.21965,0.649945
154,-1.49191,-1.19335,0.37723
154,-1.51335,-1.1727,0.460601
154,-1.77927,-1.23253,1.0795
154,-1.52388,-1.22681,0.408318
154,-1.48449,-1.17797,0.364776
154,-1.47896,-1.17279,0.356625
154,-1.53654,-1.22621,0.435519
154,-1.54191,-1.22952,0.43693
154,-1.55185,-1.2316,0.459705
154,-1.48545,-1.17403,0.35763
154,-1.51744,-1.16341,0.455644
154,-1.61584,-1.24071,0.611368
154,-1.55769,-1.2135,0.492735
154,-1.55815,-1.21604,0.487607
154,-1.53791,-1.21814,0.428722
154,-1.4662,-1.09911,0.395334
154,-1.49284,-1.19196,0.340386
154,-1.54107,-1.22023,0.427474
154,-1.53958,-1.21906,0.424683
154,-1.54089,-1.21801,0.425711
154,-1.61695,-1.23315,0.605796
154,-1.56264,-1.22364,0.474481
154,-1.61883,-1.23509,0.607619
154,-1.4792,-1.16019,0.336419
154,-1.55489,-1.22255,0.45282
154,-1.61699,-1.23008,0.603302
154,-1.56673,-1.22673,0.473543
154,-1.61938,-1.20795,0.637796
154,-1.55806,-1.21931,0.454082
154,-1.493,-1.10353,0.436692
154,-1.49132,-1.18712,0.319564
154,-1.62237,-1.23355,0.603917
154,-1.49266,-1.10036,0.431469
154,-1.60066,-1.17495,0.6168
154,-1.61443,-1.19844,0.617059
154,-1.49373,-1.09212,0.433708
154,-1.71872,-1.18702,0.901003
154,-1.71876,-1.21321,0.865488
154,-1.49247,-1.09603,0.421931
154,-1.56299,-1.21332,0.449783
154,-1.56832,-1.21378,0.460525
154,-1.49918,-1.10797,0.415868
154,-1.62002,-1.17933,0.637772
154,-1.56795,-1.21271,0.454522
154,-1.79449,-1.158,1.12661
154,-1.63006,-1.22474,0.600648
154,-1.79843,-1.19281,1.08329
154,-1.62058,-1.19129,0.613076
154,-1.8007,-1.19158,1.08232
154,-1.49876,-1.09308,0.412723
154,-1.6358,-1.23085,0.588105
154,-1.73234,-1.22462,0.846919
154,-1.47616,-1.0704,0.374599
154,-1.8217,-1.21983,1.08329
154,-1.82247,-1.21741,1.08367
154,-1.37328,-1.04164,0.127755
154,-1.8099,-1.19698,1.07493
154,-1.73557,-1.20406,0.867969
154,-1.82128,-1.20836,1.08673
154,-1.80399,-1.14576,1.12463
154,-1.84307,-1.24471,1.08521
154,-1.82485,-1.20504,1.08782
154,-1.8442,-1.24197,1.08428
154,-1.50362,-1.07718,0.403387
154,-1.74626,-1.22619,0.838455
154,-1.84622,-1.22345,1.09535
154,-1.74639,-1.22028,0.829293
154,-1.85768,-1.22732,1.11
154,-1.85931,-1.24158,1.09322
154,-1.49911,-1.06167,0.377915
154,-1.76868,-1.24599,0.843557
154,-1.86116,-1.22934,1.11006
154,-1.81649,-1.15945,1.08134
154,-1.76974,-1.24199,0.841133
154,-1.85565,-1.22024,1.09041
154,-1.86694,-1.2474,1.08376
154,-1.86549,-1.23038,1.10232
154,-1.86985,-1.24454,1.08481
154,-1.87566,-1.23202,1.11373
154,-1.64846,-1.14891,0.618337
154,-1.84045,-1.1572,1.11452
154,-1.87752,-1.23237,1.11139
154,-1.82224,-1.14888,1.07368
154,-1.8793,-1.25471,1.08063
154,-1.86117,-1.18791,1.11446
154,-1.82621,-1.11033,1.12468
154,-1.82674,-1.10989,1.12618
154,-1.8817,-1.23084,1.10766
154,-1.88577,-1.22891,1.11369
154,-1.88465,-1.21579,1.1258
154,-1.97967,-1.25038,1.33016
154,-1.88893,-1.22907,1.11704
154,-1.74298,-1.12396,0.866508
154,-1.90815,-1.22557,1.16147
154,-1.87576,-1.17746,1.13469
154,-1.90968,-1.22419,1.15907
154,-1.90929,-1.25332,1.11503
154,-1.83795,-1.12757,1.08994
154,-1.9008,-1.2358,1.10751
154,-1.89577,-1.21051,1.12793
154,-1.91127,-1.25277,1.10858
154,-2.02045,-1.30472,1.32724
154,-1.88112,-1.16501,1.14537
154,-1.83163,-1.12035,1.0737
154,-1.83458,-1.12581,1.07324
154,-1.91082,-1.24801,1.11017
154,-1.89528,-1.20463,1.12671
154,-1.90167,-1.21539,1.12913
154,-1.90349,-1.23352,1.1092
154,-1.83843,-1.13273,1.07148
154,-1.97085,-1.21256,1.3146
154,-2.021,-1.30226,1.32646
154,-1.84045,-1.09556,1.12118
154,-1.83532,-1.12128,1.07248
154,-1.90116,-1.20829,1.12861
154,-1.91889,-1.21776,1.1606
154,-1.84388,-1.13606,1.06772
154,-1.88595,-1.17045,1.11906
154,-1.92622,-1.24135,1.12568
154,-1.84516,-1.11243,1.07265
154,-2.03206,-1.28909,1.32902
154,-1.85237,-1.12654,1.07028
154,-1.85205,-1.13981,1.0499
154,-1.84611,-1.11308,1.06827
154,-2.03912,-1.2929,1.3268
154,-1.93779,-1.21063,1.16423
154,-1.97415,-1.24596,1.20742
154,-1.90972,-1.17035,1.13705
154,-1.84705,-1.09217,1.0741
154,-1.36102,-0.821118,0.14814
154,-1.90426,-1.15961,1.13063
154,-1.36229,-0.81454,0.145102
154,-1.36346,-0.815266,0.14463
154,-1.84684,-1.1055,1.03235
154,-1.36377,-0.810199,0.147444
154,-1.47754,-0.843264,0.401538
154,-1.97273,-1.21261,1.21541
154,-1.73813,-1.11428,0.720869
154,-1.52856,-0.907765,0.426005
154,-1.91663,-1.14681,1.12761
154,-1.38542,-0.814686,0.154685
154,-1.39427,-0.856882,0.119388
154,-1.85961,-1.09796,1.02665
154,-1.86666,-1.08981,1.02699
154,-1.61443,-0.864295,0.65578
154,-1.60458,-0.859114,0.634139
154,-1.60552,-0.883715,0.602524
154,-1.39121,-0.806516,0.136464
154,-1.60901,-0.873207,0.613975
154,-1.60957,-0.86896,0.615432
154,-1.60893,-0.854038,0.631728
154,-1.87662,-1.08524,1.02585
154,-1.61209,-0.850843,0.639166
154,-1.52413,-0.867145,0.383949
154,-1.52907,-0.868321,0.386831
154,-1.61897,-0.853145,0.643912
154,-1.65176,-0.860092,0.711596
154,-1.87926,-1.07884,1.01781
154,-1.54091,-0.886248,0.371775
154,-1.6272,-0.844115,0.643353
154,-2.38803,-2.57422,0.338748
154,-1.62571,-0.855493,0.605223
154,-1.66158,-0.875242,0.620334
154,-1.7638,-0.872458,0.855828
154,-1.76543,-0.877654,0.852808
154,-1.76491,-0.875543,0.849479
154,-1.76983,-0.876492,0.850898
154,-2.06984,-1.12279,1.29617
154,-1.78607,-0.883395,0.83136
154,-2.0812,-1.11339,1.30412
154,-1.79888,-0.910522,0.819406
154,-1.8118,-0.895363,0.821127
154,-1.81189,-0.877964,0.831565
154,-2.41404,-2.43103,0.34268
154,-1.81815,-0.885996,0.818611
154,-1.97838,-0.950223,1.1429
154,-1.8196,-0.876216,0.815932
154,-1.92233,-0.864134,1.09477
154,-1.81703,-0.865653,0.810113
154,-1.92983,-0.865903,1.0911
154,-1.92611,-0.863183,1.07712
154,-1.82426,-0.862083,0.807549
154,-1.94589,-0.903821,1.06436
154,-1.82999,-0.861425,0.814211
154,-2.44137,-2.40621,0.319388
154,-2.05889,-0.926089,1.27865
154,-1.9462,-0.848665,1.08355
154,-2.04004,-0.859941,1.29558
154,-2.07715,-0.903738,1.3277
154,-2.07541,-0.921179,1.2908
154,-2.08139,-0.913818,1.29102
154,-2.1007,-0.923834,1.29895
154,-2.10291,-0.915657,1.29784
154,-2.07086,-0.822748,1.28996
154,-2.12763,-0.889477,1.31279
154,-2.14589,-0.868357,1.3114
154,-2.52148,-2.40383,0.237202
154,-2.52857,-2.41068,0.22436
154,-2.11383,-0.78001,1.28949
154,-2.18437,-0.85715,1.30955
154,-2.19545,-0.859628,1.30815
154,-2.56113,-2.39285,0.219143
154,-2.13964,-0.752871,1.29053
154,-2.14642,-0.740903,1.29904
154,-2.14792,-0.738597,1.28978
154,-2.16217,-0.723567,1.29034
154,-2.62129,-2.1768,-0.229156
154,-2.65867,-2.24075,-0.262408
154,-2.68373,-2.31702,-0.315402
154,-2.64182,-2.17795,-0.242225
154,-2.64299,-2.1743,-0.241889
154,-2.63776,-2.14342,-0.233608
154,-2.66546,-2.22235,-0.269906
154,-2.6596,-2.20005,-0.259219
154,-2.66969,-2.22268,-0.270483
154,-2.68232,-2.26533,-0.302959
154,-2.66939,-2.2323,-0.294312
154,-2.69308,-2.29437,-0.31899
154,-2.66345,-2.21686,-0.297029
154,-2.68994,-2.2618,-0.288861
154,-2.66243,-2.19778,-0.291336
154,-2.65261,-2.13798,-0.239444
154,-2.69417,-2.25391,-0.285618
154,-2.69941,-2.26762,-0.291783
154,-2.64635,-2.11921,-0.236215
154,-2.67009,-2.17894,-0.254121
154,-2.67216,-2.16913,-0.239501
154,-2.75617,-2.36499,-0.280482
154,-2.66295,-2.14813,-0.238174
154,-2.70777,-2.26476,-0.282079
154,-2.63685,-2.07916,-0.225836
154,-2.70884,-2.29166,-0.322188
154,-2.66835,-2.14832,-0.245978
154,-2.72286,-2.28464,-0.292705
154,-2.70339,-2.24921,-0.298016
154,-2.70723,-2.23388,-0.268515
154,-2.6488,-2.09127,-0.233577
154,-2.73134,-2.26121,-0.254914
154,-2.66386,-2.11458,-0.237119
154,-2.72182,-2.2276,-0.244623
154,-2.73937,-2.27269,-0.262702
154,-2.72252,-2.22762,-0.249221
154,-2.71242,-2.19928,-0.240278
154,-2.65774,-2.08077,-0.227028
154,-2.66184,-2.08536,-0.226156
154,-2.7376,-2.25643,-0.25541
154,-2.7269,-2.22835,-0.251988
154,-2.70199,-2.14719,-0.216457
154,-2.69866,-2.14098,-0.220324
154,-2.66951,-2.0919,-0.23277
154,-2.73806,-2.24611,-0.262373
154,-2.7342,-2.22933,-0.256696
154,-2.73066,-2.21251,-0.251245
154,-2.7291,-2.20865,-0.250214
154,-2.67403,-2.0806,-0.231766
154,-2.71056,-2.14528,-0.225148
154,-2.69836,-2.11329,-0.220215
154,-2.7249,-2.18464,-0.245772
154,-2.79987,-2.36992,-0.313377
154,-2.70396,-2.11107,-0.222355
154,-2.70682,-2.11736,-0.22879
154,-2.78405,-2.31795,-0.296251
154,-2.77445,-2.28986,-0.284473
154,-2.78539,-2.32066,-0.304755
154,-2.71386,-2.11742,-0.230653
154,-2.62099,-1.93094,-0.229865
154,-2.71269,-2.11188,-0.232693
154,-2.61288,-1.99885,-0.357621
154,-2.61267,-1.9711,-0.347893
154,-2.65802,-1.95371,-0.220943
154,-2.62272,-1.96601,-0.3615
154,-2.61973,-1.95603,-0.357675
154,-2.64189,-1.79839,-0.190616
154,-2.65531,-1.71491,-0.186699
154,-2.66848,-1.7097,-0.194128
154,-2.68486,-1.65019,-0.218316
154,-2.69801,-1.62056,-0.204121
154,-2.69353,-1.59576,-0.211262
154,-2.70547,-1.59597,-0.217561
154,-2.71801,-1.62446,-0.23768
154,-2.71115,-1.59132,-0.230251
154,-2.64262,-1.67552,-0.564158
154,-2.72836,-1.59107,-0.240392
154,-2.63565,-1.62967,-0.579028
154,-2.65841,-1.63556,-0.5524
154,-1.65889,0.296812,-0.623005
154,-2.75478,-0.745234,0.858273
154,-2.76373,-0.745548,0.84635
154,-2.77505,-0.728697,0.860084
154,-2.77947,-0.734127,0.813059
154,-2.76765,-0.75217,0.714158
154,-2.77458,-0.745472,0.731836
154,-2.77057,-0.758769,0.679976
154,-2.66758,-1.48005,-0.56364
154,-2.85301,-0.713645,0.942317
154,-2.77914,-0.695989,0.712992
154,-2.65021,-1.41766,-0.605389
154,-2.60575,-1.29531,-0.570349
154,-2.61574,-1.28899,-0.559
154,-2.61879,-1.30326,-0.570883
154,-2.37615,-0.8001,-0.542234
154,-2.68488,-1.37022,-0.589858
154,-2.71821,-1.38016,-0.567514
154,-2.56809,-0.83461,-0.249787
154,-2.83001,-0.556411,0.624976
154,-2.83801,-0.53936,0.637222
154,-2.73664,-1.21832,-0.555945
154,-2.6838,-0.768135,-0.163152
154,-2.8043,-0.702096,0.240185
154,-2.72198,-1.12204,-0.585963
154,-2.70549,-0.760829,-0.169737
154,-2.73365,-0.877079,-0.292282
154,-2.75709,-0.751219,-0.159384
154,-2.81706,-0.567846,0.241438
154,-2.73157,-0.741265,-0.221589
154,-2.76858,-0.751135,-0.192312
154,-2.77507,-0.838731,-0.309265
154,-2.77673,-0.826334,-0.30377
154,-2.75669,-0.799767,-0.322576
154,-2.76148,-0.81192,-0.328196
154,-2.77675,-0.744675,-0.198528
154,-2.83194,-0.842298,-0.252321
154,-2.79483,-0.73933,-0.222745
154,-2.89838,-0.977456,-0.277453
154,-2.8108,-0.735231,-0.202346
154,-2.77276,-0.79681,-0.390475
154,-2.9236,-0.960639,-0.294041
154,-2.92961,-0.706316,-0.279322
154,-2.84307,1.19097,1.38906
154,-2.8671,1.16222,1.37452
154,-2.85452,1.24066,1.34288
154,-2.87045,1.23042,1.32095
154,-2.87522,1.31328,1.35497
154,-2.8892,1.28983,1.3448
154,-2.88477,1.29641,1.34049
154,-2.9016,1.31156,1.35017
154,-2.91204,1.30974,1.32235
154,-2.93223,1.37324,1.354
154,-2.83871,1.00724,0.322146
154,-2.83749,1.00808,0.308632
154,-2.84007,1.1331,0.359379
154,-2.86427,1.03623,0.290034
154,-2.86651,1.18692,0.287814
154,-2.88518,1.24927,0.274589
154,-2.89276,1.23302,0.267253
154,-2.9209,1.26473,0.264395
154,-2.9837,2.08284,1.34962
154,-2.91466,1.53284,0.365982
154,-3.02198,2.13718,1.34382
154,-2.94119,1.55203,0.345321
154,-8.92974,0.467534,-6.12987
154,-1.54302,-1.19086,0.640064
153,-1.54302,-1.19086,0.640064
154,-2.78579,-0.807596,-0.317489
153,-2.78579,-0.807596,-0.317489
154,-2.53796,-2.21698,-0.16326
153,-2.53796,-2.21698,-0.16326
154,-1.74631,-0.711858,0.655967
153,-1.74631,-0.711858,0.655967
154,-1.65145,-0.855004,0.703765
153,-1.65145,-0.855004,0.703765
154,-1.61511,-1.22127,0.641953
153,-1.61511,-1.22127,0.641953
154,-2.44813,-1.70352,-0.0354441
153,-2.44813,-1.70352,-0.0354441
154,-2.00471,-1.30491,1.34889
152,-2.00471,-1.30491,1.34889
154,-2.83071,-1.28302,-0.297237
152,-2.83071,-1.28302,-0.297237
154,-2.61295,-2.15383,-0.36964
129,-2.61295,-2.15383,-0.36964
154,-2.53161,-0.86767,-0.215806
129,-2.53161,-0.86767,-0.215806
154,-2.68633,-1.42305,-0.358503
129,-2.68633,-1.42305,-0.358503
154,-2.67824,-1.42915,-0.355294
129,-2.67824,-1.42915,-0.355294
154,-2.42422,-0.463023,-0.591339
129,-2.42422,-0.463023,-0.591339
154,-2.79948,-1.18228,-0.268141
129,-2.79948,-1.18228,-0.268141
154,-2.61799,-2.15279,-0.189224
131,-2.61799,-2.15279,-0.189224
154,-2.58974,-2.19584,-0.238833
131,-2.58974,-2.19584,-0.238833
154,-2.68161,-2.11576,-0.242064
131,-2.68161,-2.11576,-0.242064
154,-2.67936,-2.23392,-0.214824
131,-2.67936,-2.23392,-0.214824
154,-2.65006,-2.69612,0.429065
131,-2.65006,-2.69612,0.429065
154,-2.78548,-1.16485,-0.671227
131,-2.78548,-1.16485,-0.671227
154,-2.64281,-0.701922,0.721816
151,-2.64281,-0.701922,0.721816
154,-1.96091,-1.37559,1.27723
151,-1.96091,-1.37559,1.27723
154,-1.93415,-1.40163,1.28388
151,-1.93415,-1.40163,1.28388
154,-3.4331,1.02447,0.350002
151,-3.4331,1.02447,0.350002
154,-2.86852,-0.242236,1.01868
150,-2.86852,-0.242236,1.01868
155,-1.02933,-1.80441,1.18342
155,-1.02993,-1.80215,1.18441
155,-1.03953,-1.79731,1.1908
155,-1.57777,-1.91313,0.557883
155,-1.38135,-1.25467,0.433247
155,-1.38847,-1.24545,0.418518
155,-1.47817,-1.2877,0.528589
155,-1.45541,-1.31356,0.33843
155,-1.32768,-1.20102,0.169595
155,-1.46331,-1.30506,0.324552
155,-1.40294,-1.14848,0.378728
155,-1.56848,-1.27609,0.624266
155,-1.45279,-1.19066,0.376518
155,-1.44909,-1.18882,0.369014
155,-1.53193,-1.24179,0.446671
155,-1.53039,-1.23141,0.426109
155,-1.6727,-1.21454,0.876652
155,-1.67103,-1.20711,0.862654
155,-1.69222,-1.22563,0.852946
155,-1.67794,-1.19971,0.858643
155,-1.5639,-1.14285,0.616427
155,-1.56524,-1.14448,0.612774
155,-1.58741,-1.17878,0.611179
155,-1.702,-1.22272,0.863723
155,-1.68989,-1.20412,0.849874
155,-1.70724,-1.22067,0.865396
155,-1.71489,-1.21806,0.863163
155,-1.69139,-1.18429,0.855059
155,-1.59658,-1.13698,0.652682
155,-1.72845,-1.22299,0.854576
155,-1.73205,-1.22196,0.856373
155,-1.60961,-1.16258,0.605041
155,-1.611,-1.16111,0.603252
155,-1.74095,-1.21421,0.863931
155,-1.94064,-1.30104,1.2552
155,-1.76757,-1.22725,0.875816
155,-1.38233,-1.0135,0.105414
155,-1.59468,-1.06805,0.629159
155,-1.87009,-1.23335,1.11264
155,-1.89045,-1.25878,1.10874
155,-1.89252,-1.25499,1.11356
155,-1.84785,-1.19473,1.07248
155,-1.48381,-0.959419,0.440056
155,-1.60608,-1.04903,0.62407
155,-1.88149,-1.21928,1.11401
155,-1.54337,-1.07923,0.372036
155,-1.85919,-1.18667,1.06968
155,-1.85539,-1.16802,1.08757
155,-1.86528,-1.17272,1.10772
155,-1.35603,-0.871238,0.17072
155,-1.96313,-1.22058,1.29353
155,-1.96437,-1.2232,1.29162
155,-2.00528,-1.25768,1.3415
155,-1.85897,-1.17057,1.07287
155,-1.86141,-1.17408,1.06065
155,-1.86069,-1.17471,1.05657
155,-2.01552,-1.25768,1.34737
155,-2.01334,-1.2533,1.34536
155,-2.01656,-1.25429,1.35088
155,-1.92869,-1.25494,1.08863
155,-2.02215,-1.25832,1.34808
155,-1.8603,-1.1583,1.05723
155,-1.36392,-0.849855,0.158352
155,-1.97953,-1.24241,1.19378
155,-1.37448,-0.835295,0.171213
155,-1.99623,-1.19762,1.30345
155,-1.49536,-0.86067,0.423949
155,-1.50186,-0.857067,0.422955
155,-1.5914,-0.876393,0.631041
155,-1.60116,-0.899628,0.60934
155,-1.97202,-1.17217,1.18525
155,-1.5505,-0.854333,0.538206
155,-1.54637,-0.85037,0.526326
155,-1.54591,-0.850673,0.523414
155,-1.50642,-0.847345,0.411576
155,-1.5977,-0.872698,0.630258
155,-1.54061,-0.845092,0.511934
155,-1.53909,-0.844454,0.50833
155,-1.3992,-0.838129,0.103557
155,-1.87005,-1.0976,0.978986
155,-1.48463,-0.816808,0.368098
155,-1.90181,-0.993303,1.26379
155,-1.65321,-0.879011,0.73973
155,-1.60782,-0.87348,0.607799
155,-1.65666,-0.870363,0.734928
155,-1.913,-0.986916,1.26956
155,-1.6121,-0.868698,0.602565
155,-1.48632,-0.791959,0.36863
155,-1.4787,-0.766433,0.382598
155,-1.66595,-0.919173,0.635742
155,-1.41072,-0.770426,0.128623
155,-1.93301,-0.974453,1.27967
155,-2.06602,-1.14894,1.31556
155,-1.3796,-0.730796,0.0738667
155,-1.68075,-0.906907,0.629723
155,-1.49496,-0.748071,0.373388
155,-1.39186,-0.737577,0.0784328
155,-1.41832,-0.759063,0.109559
155,-1.39057,-0.733903,0.0750138
155,-1.92946,-1.04956,1.06397
155,-1.93493,-1.02636,1.11621
155,-1.39063,-0.712034,0.0393145
155,-1.94142,-1.00794,1.10628
155,-2.07257,-1.10261,1.28467
155,-1.82697,-0.915893,0.872402
155,-1.78868,-0.864911,0.836493
155,-1.87254,-0.86232,1.02765
155,-1.91178,-0.889979,1.08808
155,-1.93264,-0.931908,1.0606
155,-1.81665,-0.883888,0.807417
155,-1.90284,-0.879985,1.06661
155,-2.12935,-1.09408,1.32684
155,-1.90873,-0.873395,1.08732
155,-1.80935,-0.851146,0.833825
155,-1.79894,-0.851467,0.800545
155,-1.92058,-0.886408,1.08878
155,-1.92783,-0.894716,1.08361
155,-1.83801,-0.845078,0.873662
155,-1.93557,-0.885339,1.07865
155,-1.84508,-0.850798,0.868777
155,-1.97129,-0.910801,1.12581
155,-1.97918,-0.908244,1.12769
155,-1.95985,-0.898062,1.05313
155,-2.1754,-0.966751,1.52587
155,-1.96482,-0.844797,1.13194
155,-1.97797,-0.885199,1.05365
155,-2.0829,-0.912116,1.2756
155,-2.02254,-0.840745,1.21951
155,-1.86491,-0.809335,0.792739
155,-1.98905,-0.829468,1.04772
155,-2.12937,-0.844886,1.38941
155,-2.15662,-0.907086,1.30478
155,-2.10872,-0.850571,1.26809
155,-2.201,-0.882948,1.39359
155,-2.63943,-2.17289,-0.183141
155,-2.63544,-2.16086,-0.178542
155,-2.64554,-1.93882,-0.255095
155,-2.57948,-1.74213,-0.0990138
155,-2.5836,-1.73881,-0.106969
155,-2.66656,-1.90588,-0.266545
155,-2.69071,-0.710134,1.64076
155,-2.67264,-0.693737,1.46224
155,-2.68125,-0.679384,1.47512
155,-2.69673,-0.671795,1.4768
155,-1.45288,0.261182,-0.530771
155,-2.79002,-1.29724,0.440828
155,-2.76235,-1.59674,-0.314042
155,-2.77258,-1.59282,-0.322614
155,-2.72021,-1.54394,-0.400872
155,-2.72059,-1.537,-0.393063
155,-1.43039,0.466397,-0.520159
155,-1.47976,0.462208,-0.524962
155,-2.7094,-0.731396,0.811354
155,-2.72047,-0.726437,0.808699
155,-1.40284,0.619519,-0.536046
155,-1.42213,0.63755,-0.508903
155,-2.62116,-0.812238,0.247089
155,-2.67808,-1.32663,-0.586128
155,-2.7334,-0.712367,0.742511
155,-2.95548,-1.22742,0.38821
155,-2.36454,-0.798058,-0.548609
155,-2.78933,-0.737766,0.817284
155,-2.80016,-0.728852,0.857211
155,-2.78381,-0.748625,0.764526
155,-2.75396,-0.710846,0.735357
155,-2.79363,-0.736795,0.766408
155,-2.53868,-0.861159,-0.256479
155,-1.47557,0.676049,-0.543391
155,-2.94284,-1.49411,-0.37833
155,-2.40318,-0.748486,-0.552337
155,-2.66324,-0.748846,0.205196
155,-1.6829,0.329067,-0.646529
155,-1.68561,0.331224,-0.647136
155,-1.59107,0.512981,-0.584076
155,-2.54918,-0.843908,-0.346893
155,-2.65234,-0.823283,-0.00890303
155,-2.4157,-0.732663,-0.548241
155,-2.42034,-0.72526,-0.564124
155,-2.70367,-0.730327,0.239243
155,-1.69267,0.411812,-0.599833
155,-1.72403,0.370555,-0.600449
155,-2.71919,-1.1638,-0.63532
155,-1.72639,0.377678,-0.636299
155,-2.58613,-0.821859,-0.382843
155,-2.72632,-1.1417,-0.581161
155,-2.7251,-1.15779,-0.635965
155,-1.7375,0.371393,-0.640126
155,-1.56551,0.691133,-0.600154
155,-1.60549,0.651675,-0.566465
155,-2.72477,-0.780643,-0.0211129
155,-2.77766,-0.719746,0.237093
155,-2.86022,-1.20044,-0.454624
155,-2.82923,-0.70082,0.395255
155,-1.56924,0.73293,-0.600646
155,-1.63335,0.673656,-0.589775
155,-1.62833,0.703565,-0.60325
155,-1.59542,0.760961,-0.596038
155,-2.80379,-1.13603,-0.642861
155,-2.6812,-0.775587,-0.363254
155,-2.86216,-0.685328,0.193348
155,-2.71191,-0.744438,-0.367669
155,-2.80424,-0.570378,0.236122
155,-2.76603,-0.716062,-0.244461
155,-1.53492,1.00549,-0.623222
155,-2.74776,-0.743706,-0.406318
155,-2.95952,-1.00639,-0.346692
155,-2.86402,-0.840692,-0.330434
155,-2.81736,-0.7024,-0.239228
155,-2.86778,-0.69115,-0.263495
155,-2.93823,-0.843166,-0.380645
155,-1.57342,1.15591,-0.610807
155,-2.91908,-0.729835,-0.317548
155,-1.83508,1.44952,0.422655
155,-3.24235,-1.16475,-0.552526
155,-3.0397,-0.598484,-0.382394
155,-3.04691,-0.598468,-0.375982
155,-3.1726,-0.780161,-0.430717
155,-2.03999,1.375,0.309502
155,-2.0592,1.39353,0.391502
155,-3.19952,-0.765432,-0.45271
155,-2.11163,1.45674,0.302246
155,-1.99963,1.58977,0.21347
155,-2.00455,1.67525,0.305413
155,-1.98372,1.57225,0.0112071
155,-1.94126,1.69759,0.0692831
155,-1.93542,1.74453,0.137656
155,-1.98563,1.74607,0.246141
155,-3.38261,-0.535344,-0.0060941
155,-2.0052,1.61878,0.00401831
155,-1.96646,1.80147,0.202606
155,-2.01365,1.6946,0.102679
155,-3.39857,-0.832077,-0.629163
155,-3.42458,-0.881921,-0.654536
155,-2.16205,1.52677,0.184316
155,-2.02279,1.75673,0.188386
155,-2.01945,1.67341,0.00584722
155,-1.97091,1.7912,0.0244164
155,-2.01753,1.83535,0.228319
155,-2.02236,1.61202,-0.304961
155,-2.06165,1.7944,0.0732492
155,-2.96398,1.29954,1.76006
155,-2.97263,1.29313,1.76452
155,-2.22532,1.62293,0.171717
155,-2.97423,1.29909,1.76167
155,-2.99056,1.31143,1.77274
155,-2.05785,1.66279,-0.325445
155,-2.89932,1.23823,1.33618
155,-2.89455,1.2786,1.37367
155,-2.90361,1.28239,1.37322
155,-2.24103,1.63289,0.0641259
155,-2.91773,1.27011,1.36335
155,-2.29221,1.72298,0.330577
155,-2.91605,1.28614,1.34514
155,-2.92442,1.28399,1.33661
155,-3.0134,1.35747,1.68983
155,-2.92389,1.34787,1.3368
155,-2.30475,1.74712,0.221945
155,-2.92857,1.3899,1.38058
155,-2.04357,1.85684,-0.357038
155,-2.32139,1.76,0.18199
155,-2.53661,1.08512,-0.472479
155,-2.05606,1.87846,-0.384905
155,-2.54206,1.07779,-0.477742
155,-2.36444,1.77303,0.219052
155,-2.34227,1.7993,0.159852
155,-2.38286,1.81273,0.215528
155,-2.90551,1.30159,0.77475
155,-2.36803,1.81842,0.114464
155,-2.13412,1.90203,-0.439041
155,-2.92248,1.36134,0.769366
155,-2.94069,1.40651,0.765028
155,-2.13764,2.09298,-0.443931
155,-2.987,1.33117,0.336778
155,-2.93223,1.36691,0.0553563
155,-2.20157,2.28852,-0.533711
155,-3.01216,1.43125,0.214353
155,-2.98577,2.06512,1.33758
155,-3.03402,1.47913,0.205478
155,-2.23249,2.32107,-0.581576
155,-3.03737,2.13642,1.33598
155,-3.07368,1.69921,0.50897
155,-3.13582,1.84955,0.585903
155,-2.76342,1.79052,-0.72684
155,-3.08303,2.49591,1.3688
155,-3.03892,2.58874,1.35356
155,-2.82456,1.89883,-0.778508
155,-3.08075,2.66577,1.38624
155,-3.07712,2.70995,1.39976
155,-4.29983,-0.0211406,-0.252133
155,-4.31041,-0.0125444,-0.256639
155,-3.10354,2.78496,1.40339
155,-3.13841,2.7634,1.38227
155,-3.14476,2.84814,1.41187
155,-3.15794,2.81477,1.37941
155,-3.16293,2.84563,1.37663
155,-4.77785,0.408598,1.40815
155,-3.57325,2.65475,1.43843
155,-3.59819,2.66597,1.44985
155,-2.48986,3.1872,-1.05949
155,-3.64258,2.8077,1.46915
155,-2.53289,3.28012,-1.1113
155,-3.36187,6.44837,-1.59588
155,-2.71315,-0.64332,0.711107
154,-2.71315,-0.64332,0.711107
155,-2.96327,-0.428569,0.673681
154,-2.96327,-0.428569,0.673681
155,-2.054,-0.978952,1.29764
154,-2.054,-0.978952,1.29764
155,-2.23889,-0.644164,1.09946
154,-2.23889,-0.644164,1.09946
155,-2.12982,-0.941621,1.32339
154,-2.12982,-0.941621,1.32339
155,-2.06493,-0.968094,1.29882
154,-2.06493,-0.968094,1.29882
155,-2.64484,-0.697156,0.718468
154,-2.64484,-0.697156,0.718468
155,-2.96328,-0.428557,0.673677
154,-2.96328,-0.428557,0.673677
155,-2.89485,-0.653019,-0.562549
154,-2.89485,-0.653019,-0.562549
155,-1.46021,-1.15926,0.365672
154,-1.46021,-1.15926,0.365672
155,-2.15475,-0.91807,1.32559
154,-2.15475,-0.91807,1.32559
155,-1.41156,-1.06884,0.639942
154,-1.41156,-1.06884,0.639942
155,-2.06508,-1.13362,1.31008
154,-2.06508,-1.13362,1.31008
155,-2.05045,-0.934281,1.32458
154,-2.05045,-0.934281,1.32458
155,-2.08867,-0.894515,1.31968
154,-2.08867,-0.894515,1.31968
155,-2.03037,-0.872344,1.11057
154,-2.03037,-0.872344,1.11057
155,-1.95895,-0.749831,0.815012
154,-1.95895,-0.749831,0.815012
155,-2.04736,-0.93163,1.40017
154,-2.04736,-0.93163,1.40017
155,-2.08417,-0.983274,1.32131
154,-2.08417,-0.983274,1.32131
155,-2.14552,-0.845046,1.32565
154,-2.14552,-0.845046,1.32565
155,-1.97065,-0.735635,0.81159
154,-1.97065,-0.735635,0.81159
155,-2.0099,-1.31378,1.31658
154,-2.0099,-1.31378,1.31658
155,-2.69383,-1.09143,-0.138268
154,-2.69383,-1.09143,-0.138268
155,-1.61695,-1.21265,0.632832
154,-1.61695,-1.21265,0.632832
155,-2.1217,-1.09229,1.32419
154,-2.1217,-1.09229,1.32419
155,-1.71949,-1.06233,0.862048
154,-1.71949,-1.06233,0.862048
155,-2.06298,-0.902201,1.33279
153,-2.06298,-0.902201,1.33279
155,-2.77401,-1.11904,-0.63462
153,-2.77401,-1.11904,-0.63462
155,-1.62773,-1.20013,0.627158
153,-1.62773,-1.20013,0.627158
155,-1.6172,-1.21568,0.633201
153,-1.6172,-1.21568,0.633201
155,-2.77266,-1.05618,-0.202682
129,-2.77266,-1.05618,-0.202682
155,-2.63015,-1.82802,-0.243402
129,-2.63015,-1.82802,-0.243402
155,-10.584,6.24023,0.543119
129,-10.584,6.24023,0.543119
155,-2.75884,-1.02432,-0.215767
129,-2.75884,-1.02432,-0.215767
155,-2.64545,-1.5558,-0.191728
129,-2.64545,-1.5558,-0.191728
155,-2.67928,-1.53389,-0.202139
129,-2.67928,-1.53389,-0.202139
155,-2.69312,-1.30265,-0.361095
122,-2.69312,-1.30265,-0.361095
155,-13.1122,12.195,-5.60318
122,-13.1122,12.195,-5.60318
155,-3.71817,-0.0560055,0.524541
124,-3.71817,-0.0560055,0.524541
155,-3.81627,0.0147536,0.529297
124,-3.81627,0.0147536,0.529297
155,-3.62559,-0.122789,0.520057
124,-3.62559,-0.122789,0.520057
155,-4.54943,1.23998,0.460805
91,-4.54943,1.23998,0.460805
155,-1.77834,-1.2274,0.819609
91,-1.77834,-1.2274,0.819609
155,-2.15234,-0.914002,0.765562
91,-2.15234,-0.914002,0.765562
155,-3.66874,0.488333,0.542153
91,-3.66874,0.488333,0.542153
155,-7.22451,2.35596,-0.535971
91,-7.22451,2.35596,-0.535971
155,-2.69714,0.180033,0.512585
91,-2.69714,0.180033,0.512585
155,-5.54591,3.47211,-1.51317
151,-5.54591,3.47211,-1.51317
156,-1.22606,-1.35855,1.33097
156,-1.60894,-1.37266,1.24235
156,-1.61966,-1.3769,1.24482
156,-1.62995,-1.36742,1.24116
156,-1.72135,-1.34486,1.2561
156,-1.36023,-1.22241,0.12755
156,-1.3631,-1.21769,0.124191
156,-1.3701,-1.20941,0.124233
156,-1.32497,-1.16484,0.0891808
156,-1.59021,-1.2508,0.603072
156,-1.45028,-1.14068,0.427635
156,-1.54513,-1.23562,0.46625
156,-1.54916,-1.23283,0.455196
156,-1.50353,-1.18808,0.42345
156,-1.50741,-1.182,0.417737
156,-1.74065,-1.25428,0.877462
156,-1.72179,-1.24813,0.827657
156,-1.71787,-1.24203,0.823434
156,-1.92286,-1.2776,1.30139
156,-1.74579,-1.25095,0.874806
156,-1.71553,-1.23184,0.835574
156,-1.361,-1.13517,0.0723535
156,-1.71658,-1.2222,0.840936
156,-1.52646,-1.17184,0.419161
156,-1.71563,-1.20573,0.842062
156,-1.73108,-1.23513,0.813438
156,-1.72748,-1.21747,0.843204
156,-1.75386,-1.22699,0.857762
156,-1.76394,-1.23203,0.867565
156,-1.74385,-1.21166,0.859443
156,-1.7433,-1.20238,0.875599
156,-1.72884,-1.20451,0.824693
156,-1.75393,-1.21399,0.866054
156,-1.75737,-1.22046,0.857321
156,-1.84463,-1.23106,1.07239
156,-1.76699,-1.22966,0.861873
156,-1.73847,-1.20684,0.834456
156,-1.74824,-1.20007,0.872299
156,-1.98262,-1.29549,1.28999
156,-1.7588,-1.20861,0.863989
156,-1.75159,-1.19618,0.871155
156,-1.7599,-1.20653,0.858635
156,-1.76145,-1.20516,0.861835
156,-1.88318,-1.23395,1.12112
156,-1.87794,-1.22857,1.09595
156,-1.47866,-1.08136,0.33387
156,-1.87273,-1.21586,1.0715
156,-1.99882,-1.23984,1.35673
156,-2.00408,-1.25735,1.31409
156,-2.02201,-1.25638,1.3454
156,-2.01088,-1.26388,1.29699
156,-2.0055,-1.2343,1.31859
156,-1.75873,-1.14256,0.840018
156,-1.97891,-1.20358,1.29394
156,-1.94216,-1.25094,1.07376
156,-1.20748,-0.86177,-0.0482808
156,-1.94876,-1.25264,1.07953
156,-1.80486,-1.13942,0.862352
156,-1.76994,-1.11735,0.817365
156,-1.4829,-0.954521,0.389183
156,-1.76628,-1.10976,0.799883
156,-1.48851,-0.931445,0.428963
156,-1.46354,-0.898399,0.41404
156,-1.79777,-1.09617,0.843779
156,-1.46238,-0.897497,0.362133
156,-1.48739,-0.904265,0.398805
156,-1.4837,-0.887991,0.409382
156,-1.829,-1.08718,0.861021
156,-1.83435,-1.08243,0.879355
156,-1.49477,-0.862357,0.429186
156,-1.8592,-1.07885,0.904347
156,-1.84337,-1.0736,0.866102
156,-1.50105,-0.816774,0.384806
156,-1.92988,-1.01827,1.05841
156,-1.89742,-0.913503,1.15911
156,-1.92625,-1.03628,0.945978
156,-1.89823,-0.902984,1.16809
156,-1.92213,-0.96875,1.06842
156,-1.9077,-0.904219,1.17083
156,-1.91277,-0.902958,1.17334
156,-1.91216,-0.939281,1.05723
156,-1.91784,-0.948107,1.04799
156,-1.90481,-0.929495,1.04894
156,-1.90536,-1.01546,0.841394
156,-1.90893,-0.914935,1.07542
156,-2.04212,-0.957782,1.3409
156,-1.91385,-0.925613,1.04674
156,-2.04938,-0.9576,1.33945
156,-1.80695,-0.894843,0.816866
156,-1.81328,-0.902941,0.810609
156,-1.80925,-0.894328,0.81657
156,-2.03749,-0.950599,1.31135
156,-2.05189,-0.949991,1.35013
156,-1.91284,-1.00481,0.840292
156,-2.05738,-0.953948,1.3132
156,-1.92845,-0.997,0.837043
156,-2.0971,-0.957497,1.37075
156,-1.86218,-0.872553,0.868782
156,-1.30339,-0.634601,-0.119177
156,-1.85688,-0.868014,0.859744
156,-2.07849,-0.940792,1.28785
156,-1.29456,-0.631921,-0.165869
156,-2.07072,-0.929271,1.27342
156,-1.86688,-0.862297,0.860782
156,-1.31036,-0.618107,-0.128746
156,-1.87935,-0.857444,0.862868
156,-1.99187,-0.900505,1.05854
156,-1.3139,-0.59508,-0.199602
156,-2.17354,-0.924799,1.33992
156,-1.13169,-0.217864,0.0144053
156,-2.08374,-0.843903,1.13282
156,-2.09008,-0.82917,1.12359
156,-2.26177,-0.940212,1.13423
156,-2.24863,-0.922148,1.13333
156,-2.25137,-0.927522,1.12814
156,-2.26394,-0.923177,1.1253
156,-2.60609,-0.755467,1.45401
156,-2.6061,-0.70928,1.45655
156,-2.71367,-0.736001,1.4769
156,-1.90313,-0.576198,-0.471358
156,-2.75297,-0.710213,1.47885
156,-2.75577,-0.706982,1.47937
156,-2.87013,-1.60355,-0.332472
156,-2.88972,-1.58021,-0.34079
156,-1.42508,0.123388,-0.483115
156,-1.42909,0.133233,-0.493215
156,-2.909,-1.54842,-0.349459
156,-2.96267,-1.55014,-0.384514
156,-2.74023,-1.3715,-0.585787
156,-1.45195,0.202029,-0.542825
156,-2.71572,-1.27699,-0.557943
156,-1.46962,0.245562,-0.565586
156,-1.46335,0.265453,-0.585222
156,-1.47952,0.285488,-0.593835
156,-1.48997,0.276102,-0.587666
156,-2.53345,-0.84956,-0.34928
156,-3.06714,-1.50007,-0.434932
156,-1.50195,0.29791,-0.571345
156,-2.72129,-1.14034,-0.57964
156,-2.73978,-1.1406,-0.608639
156,-1.49549,0.389809,-0.562051
156,-1.50106,0.394774,-0.565716
156,-1.4868,0.432129,-0.564239
156,-1.5605,0.338323,-0.65399
156,-1.60051,0.336631,-0.659037
156,-1.56873,0.366044,-0.678983
156,-1.50414,0.487803,-0.577844
156,-2.80157,-0.696012,0.237147
156,-1.6155,0.337381,-0.638109
156,-1.63032,0.335236,-0.635744
156,-1.61523,0.353604,-0.671808
156,-2.71227,0.114163,1.74354
156,-1.62037,0.365161,-0.684206
156,-2.69793,-0.767454,-0.367184
156,-2.85079,-0.667031,0.256417
156,-1.43345,0.673118,-0.577384
156,-1.69622,0.353843,-0.678414
156,-1.52014,0.601405,-0.606738
156,-1.31313,0.899263,-0.493523
156,-1.70795,0.370605,-0.641002
156,-1.63306,0.461223,-0.6395
156,-1.60772,0.494064,-0.647122
156,-1.6394,0.46096,-0.642384
156,-1.37675,0.862972,-0.468836
156,-1.71816,0.370727,-0.682425
156,-1.63105,0.510233,-0.638924
156,-1.73288,0.380458,-0.689716
156,-1.74401,0.382916,-0.669294
156,-1.39843,0.88476,-0.482111
156,-1.40293,0.900458,-0.494683
156,-1.64563,0.572073,-0.655891
156,-1.64226,0.576837,-0.659512
156,-1.33569,0.995784,-0.544456
156,-1.41145,0.927539,-0.509124
156,-1.64087,0.617329,-0.669625
156,-1.45155,0.878252,-0.58961
156,-1.66329,0.593244,-0.669083
156,-1.47358,0.845807,-0.607026
156,-1.33257,1.06112,-0.583326
156,-1.4254,0.975853,-0.534381
156,-1.50979,0.847491,-0.623559
156,-1.35077,1.06779,-0.582799
156,-1.48556,0.945772,-0.51489
156,-1.48649,0.90325,-0.615285
156,-1.66887,0.657824,-0.686913
156,-1.67227,0.656137,-0.686165
156,-1.40171,1.04658,-0.540224
156,-1.42452,1.01488,-0.558625
156,-1.53591,0.866874,-0.632186
156,-1.43269,1.05873,-0.546528
156,-1.60169,0.822303,-0.652833
156,-1.5173,0.937161,-0.631766
156,-1.49543,1.01123,-0.554089
156,-1.59605,0.853893,-0.652702
156,-2.75774,-0.121228,0.271375
156,-3.00151,-0.727728,-0.469608
156,-1.58067,0.907478,-0.646307
156,-3.02629,-0.712585,-0.469458
156,-1.57533,1.06087,-0.650683
156,-1.56175,1.10056,-0.649711
156,-1.59135,1.13718,-0.666918
156,-3.1973,-0.642988,-0.463065
156,-3.00933,0.673829,1.86845
156,-1.73539,1.59671,0.449511
156,-1.87673,1.8645,1.3322
156,-1.87401,1.88039,1.33232
156,-2.04101,1.26668,0.158765
156,-1.89819,1.95848,1.33616
156,-2.7987,0.471529,0.307465
156,-1.90424,1.99991,1.34067
156,-3.43247,-0.609879,-0.603727
156,-2.80971,0.526522,0.293787
156,-2.78586,0.569147,0.315958
156,-2.81894,0.53129,0.29936
156,-2.83218,0.508306,0.278837
156,-2.82824,0.527521,0.292185
156,-2.10325,1.36883,0.222055
156,-2.80415,0.583086,0.310927
156,-1.95266,2.0511,1.34611
156,-1.96291,2.03804,1.3436
156,-3.09246,0.93331,1.87525
156,-2.38978,0.83866,-0.43793
156,-2.39766,0.847762,-0.441555
156,-1.83744,1.88112,0.39306
156,-1.96755,1.5773,0.0213952
156,-1.91507,1.67097,0.0561553
156,-2.16638,1.4501,0.209519
156,-2.19116,1.46387,0.283898
156,-1.923,1.69001,0.0568368
156,-1.99758,1.75374,0.260812
156,-2.19949,1.52285,0.272867
156,-1.72995,2.14332,0.341322
156,-2.00571,1.71909,0.0919384
156,-3.23141,1.08568,1.88332
156,-2.02219,1.71159,-0.0137123
156,-2.02275,1.80963,0.175701
156,-2.01743,1.61045,-0.322316
156,-1.9164,2.04746,0.343576
156,-2.02928,1.62899,-0.338356
156,-1.90809,2.07931,0.339779
156,-2.9475,1.25078,1.27255
156,-3.7986,-0.657492,-0.83866
156,-1.77018,2.2678,0.309556
156,-3.78623,-0.548528,-0.81998
156,-2.01368,1.76946,-0.33882
156,-2.93959,1.40524,1.32723
156,-2.01205,1.78403,-0.359034
156,-3.02218,1.34396,1.39057
156,-1.81419,2.30878,0.301501
156,-1.79498,2.33229,0.292791
156,-2.01911,1.80046,-0.359794
156,-2.98633,1.43192,1.33745
156,-1.94911,2.22655,0.308551
156,-1.95399,2.28071,0.302571
156,-3.02125,1.47021,1.34911
156,-2.89989,1.17037,0.222539
156,-2.87537,1.33732,-0.0268737
156,-2.14241,2.08811,-0.471536
156,-3.00762,1.53007,-0.087734
156,-2.36682,2.68287,-0.858586
156,-2.39637,2.78285,-0.894431
156,-3.20844,2.89187,1.3844
156,-3.21449,2.89911,1.41526
156,-3.2529,2.9351,1.39591
156,-2.47294,2.95698,-0.970936
156,-2.53535,3.14645,-1.04517
156,-4.15099,3.52525,1.48719
156,-2.86509,4.06334,-1.14507
156,-2.61372,-0.811755,0.819383
155,-2.61372,-0.811755,0.819383
156,-1.63835,-1.18482,0.602141
155,-1.63835,-1.18482,0.602141
156,-1.59839,-1.22083,0.623377
155,-1.59839,-1.22083,0.623377
156,-2.64574,-0.791362,0.809022
155,-2.64574,-0.791362,0.809022
156,-2.6886,-0.759832,0.753658
155,-2.6886,-0.759832,0.753658
156,-2.48317,1.25359,-0.485031
155,-2.48317,1.25359,-0.485031
156,-2.97085,0.516008,-1.14775
155,-2.97085,0.516008,-1.14775
156,-1.11205,-1.36771,0.642915
155,-1.11205,-1.36771,0.642915
156,-1.37894,-1.13641,0.10814
155,-1.37894,-1.13641,0.10814
156,-1.8334,-0.975884,0.63204
155,-1.8334,-0.975884,0.63204
156,-1.85371,-0.796817,0.819098
155,-1.85371,-0.796817,0.819098
156,-2.29903,-0.832648,1.40446
155,-2.29903,-0.832648,1.40446
156,-1.63628,-0.819983,0.609775
154,-1.63628,-0.819983,0.609775
156,-1.93629,-1.02544,1.04899
154,-1.93629,-1.02544,1.04899
156,-1.97447,-0.886724,1.05287
154,-1.97447,-0.886724,1.05287
156,-2.72762,-1.37726,-0.5761
154,-2.72762,-1.37726,-0.5761
156,-1.88292,-1.07931,1.05596
154,-1.88292,-1.07931,1.05596
156,-1.87687,-1.13846,1.05451
154,-1.87687,-1.13846,1.05451
156,-2.69195,-1.6467,-0.220909
154,-2.69195,-1.6467,-0.220909
156,-1.46036,-0.675411,0.0418005
154,-1.46036,-0.675411,0.0418005
156,-1.90034,-1.11279,1.0526
153,-1.90034,-1.11279,1.0526
156,-2.02803,-1.1949,1.36947
153,-2.02803,-1.1949,1.36947
156,-1.89608,-1.04657,1.10101
152,-1.89608,-1.04657,1.10101
156,-2.77125,0.151382,0.328547
87,-2.77125,0.151382,0.328547
156,-1.54006,0.895409,-0.605854
87,-1.54006,0.895409,-0.605854
156,-1.47885,1.10455,-0.626595
87,-1.47885,1.10455,-0.626595
156,-1.55545,1.13286,-0.581082
87,-1.55545,1.13286,-0.581082
156,-1.81559,0.532744,-0.749955
87,-1.81559,0.532744,-0.749955
156,-1.57309,1.142,-0.601293
89,-1.57309,1.142,-0.601293
156,-1.81021,-0.852892,0.822845
89,-1.81021,-0.852892,0.822845
156,-2.89325,0.499839,0.249874
151,-2.89325,0.499839,0.249874
156,-2.88532,0.487419,0.254216
151,-2.88532,0.487419,0.254216
156,-2.88441,0.527624,0.206412
151,-2.88441,0.527624,0.206412
156,-1.6085,-1.21787,0.619957
151,-1.6085,-1.21787,0.619957
157,-1.95958,-1.31878,1.32335
157,-1.95799,-1.30257,1.32358
157,-1.86929,-1.29815,1.07731
157,-1.73292,-1.27523,0.814514
157,-1.34202,-1.22884,0.0811554
157,-1.47603,-1.20659,0.399175
157,-1.73505,-1.22186,0.860562
157,-1.41553,-1.14252,0.375906
157,-2.01173,-1.2545,1.3091
157,-1.42693,-1.13917,0.37005
157,-1.56809,-1.21574,0.480116
157,-1.50415,-1.18242,0.416986
157,-1.44674,-1.14262,0.379796
157,-1.45612,-1.14593,0.389214
157,-1.64152,-1.20845,0.621326
157,-1.51553,-1.17873,0.423538
157,-1.51265,-1.17723,0.417323
157,-1.51673,-1.17722,0.419234
157,-1.55288,-1.18595,0.472524
157,-1.52459,-1.18822,0.408185
157,-1.54751,-1.20797,0.404503
157,-1.58224,-1.21624,0.448218
157,-1.54856,-1.20539,0.399666
157,-1.5505,-1.20631,0.401085
157,-1.5797,-1.20151,0.469529
157,-1.65994,-1.20707,0.617723
157,-1.52787,-1.17184,0.425839
157,-1.53537,-1.18387,0.414683
157,-1.55322,-1.20559,0.400769
157,-1.58481,-1.21421,0.444414
157,-1.53571,-1.1821,0.413074
157,-1.5306,-1.17066,0.425419
157,-1.64602,-1.19397,0.605582
157,-1.64685,-1.19284,0.6087
157,-1.58743,-1.20988,0.439669
157,-1.53831,-1.16816,0.430997
157,-1.87486,-1.15356,0.771301
157,-1.87545,-1.15181,0.765407
157,-1.60555,-1.01533,0.316171
157,-0.473497,0.0057261,0.189755
157,-0.476632,0.0105298,0.188694
157,-1.50165,-0.863506,0.330466
157,-1.22579,-0.800599,-0.118937
157,-1.21675,-0.792486,-0.119866
157,-1.49728,-0.833876,0.350202
157,-1.5242,-0.834708,0.402604
157,-1.22512,-0.794513,-0.117613
157,-1.23918,-0.795782,-0.100296
157,-0.479768,0.0489209,0.179121
157,-1.24595,-0.793119,-0.113466
157,-1.5262,-0.828987,0.37458
157,-1.24502,-0.790383,-0.115735
157,-1.24413,-0.788392,-0.115843
157,-1.25298,-0.796875,-0.127129
157,-1.53251,-0.826405,0.371095
157,-1.42223,-0.831902,0.133341
157,-1.51361,-0.801704,0.367429
157,-1.43014,-0.829033,0.133939
157,-1.39426,-0.761115,0.190264
157,-1.56585,-0.84052,0.364082
157,-1.41616,-0.802722,0.1066
157,-1.43293,-0.811811,0.11562
157,-1.4316,-0.800109,0.106693
157,-1.42583,-0.794946,0.0965427
157,-1.40167,-0.741106,0.159357
157,-1.49228,-0.756918,0.2861
157,-1.42344,-0.767454,0.09009
157,-1.43043,-0.759034,0.0905375
157,-1.43233,-0.737306,0.0707225
157,-1.51769,-0.725992,0.257368
157,-1.52387,-0.711362,0.239475
157,-2.06123,-0.838926,1.04214
157,-1.43521,-0.707997,0.0494711
157,-2.05669,-0.832556,1.03728
157,-2.06746,-0.840359,1.04172
157,-1.54096,-0.70614,0.243488
157,-1.45351,-0.6974,0.0656699
157,-1.28681,-0.625941,-0.13126
157,-1.30219,-0.631254,-0.127314
157,-1.17307,-0.549593,-0.364036
157,-1.17177,-0.547681,-0.371341
157,-1.1754,-0.542591,-0.360738
157,-1.17522,-0.5461,-0.375535
157,-2.72579,-0.744062,1.34942
157,-2.72872,-0.736939,1.35338
157,-2.74881,-0.742247,1.3483
157,-2.64959,-1.28758,-0.593461
157,-2.73637,-1.36263,-0.586405
157,-2.62422,-1.27012,-0.612372
157,-2.74226,-1.36041,-0.584911
157,-2.73134,-1.36091,-0.626973
157,-2.67307,-1.29309,-0.607576
157,-2.73494,-1.31763,-0.574001
157,-2.74338,-1.30777,-0.576661
157,-2.80156,-1.11727,-0.638853
157,-2.76127,-0.141472,1.32829
157,-2.78558,-0.114022,1.4281
157,-2.74462,-0.862542,-0.286437
157,-2.79523,-0.10674,1.45415
157,-2.7811,-0.121547,1.35268
157,-2.85384,-1.09205,-0.689471
157,-1.66932,0.254956,-0.55693
157,-1.67566,0.248066,-0.576188
157,-2.72363,-0.316667,0.28732
157,-2.72702,-0.315183,0.280874
157,-1.50559,0.38345,-0.67621
157,-1.67811,0.27749,-0.573906
157,-1.5117,0.392224,-0.667861
157,-1.52308,0.383314,-0.664315
157,-1.65994,0.275183,-0.624133
157,-1.52974,0.379379,-0.664736
157,-1.68012,0.283336,-0.572107
157,-2.71703,-0.281937,0.287224
157,-1.6408,0.334195,-0.568135
157,-1.69097,0.28672,-0.577699
157,-1.53612,0.408042,-0.654584
157,-2.74016,-0.271726,0.281172
157,-1.54618,0.410563,-0.659677
157,-1.54489,0.402297,-0.68065
157,-1.53699,0.444895,-0.651766
157,-1.53536,0.442159,-0.665911
157,-1.62038,0.397832,-0.593104
157,-1.55664,0.434176,-0.672324
157,-2.75467,-0.226602,0.284031
157,-1.56964,0.48924,-0.646567
157,-1.56131,0.507677,-0.640377
157,-1.59928,0.503106,-0.573469
157,-1.60486,0.463566,-0.648565
157,-1.5725,0.49478,-0.647269
157,-1.57416,0.512385,-0.644168
157,-1.62134,0.493487,-0.601148
157,-1.62589,0.489732,-0.603124
157,-1.58185,0.512776,-0.647092
157,-1.57132,0.544618,-0.634036
157,-1.60338,0.535481,-0.602424
157,-1.61118,0.536273,-0.595935
157,-1.5783,0.550103,-0.644193
157,-1.55012,0.575135,-0.661113
157,-1.59834,0.569939,-0.652257
157,-1.56615,0.624805,-0.643301
157,-1.57879,0.606601,-0.663798
157,-1.59191,0.647959,-0.57421
157,-1.59195,0.638488,-0.61025
157,-1.59329,0.638057,-0.608873
157,-1.59856,0.640566,-0.607619
157,-1.59883,0.65588,-0.580619
157,-1.48143,0.751817,-0.657449
157,-1.5806,0.672053,-0.632384
157,-1.48713,0.768671,-0.669239
157,-1.58684,0.688506,-0.647316
157,-1.60119,0.724985,-0.579984
157,-1.47824,0.800854,-0.69022
157,-1.5915,0.746266,-0.613954
157,-1.56679,0.775735,-0.608451
157,-1.53602,0.811664,-0.655082
157,-1.54707,0.780299,-0.718775
157,-1.56694,0.83896,-0.612967
157,-1.52171,0.881785,-0.653573
157,-1.57519,0.853631,-0.617268
157,-1.51825,0.86456,-0.722484
157,-1.49444,0.92176,-0.661901
157,-1.55384,0.894713,-0.609368
157,-1.53036,0.945059,-0.58263
157,-1.50389,0.942394,-0.649256
157,-1.53824,0.960133,-0.550019
157,-1.54743,0.921356,-0.618837
157,-1.53004,0.921421,-0.654511
157,-1.51467,0.949272,-0.647364
157,-1.55224,0.927476,-0.632156
157,-1.563,0.949127,-0.602995
157,-1.56352,0.950634,-0.607198
157,-1.51637,0.97629,-0.665406
157,-1.55403,0.953626,-0.646312
157,-1.55168,0.967426,-0.621294
157,-1.49954,1.00623,-0.668821
157,-1.50131,1.04656,-0.662115
157,-1.55226,1.03308,-0.62
157,-1.41869,1.14624,-0.647604
157,-1.55961,1.04698,-0.587173
157,-1.55149,1.05202,-0.607532
157,-1.43469,1.14704,-0.658249
157,-2.76951,0.350515,0.298653
157,-0.843275,1.77129,-0.517241
157,-1.5495,1.08903,-0.581792
157,-1.54327,1.09683,-0.583362
157,-1.48931,1.11175,-0.661989
157,-1.56066,1.07085,-0.621858
157,-1.4759,1.13623,-0.660238
157,-2.74283,0.415972,0.326928
157,-1.46309,1.16118,-0.648092
157,-2.74496,0.409117,0.307708
157,-1.4829,1.15321,-0.637937
157,-2.77371,0.381492,0.295002
157,-2.80746,0.969536,1.63767
157,-2.75163,0.425204,0.306735
157,-1.53629,1.12644,-0.63035
157,-1.40544,1.23255,-0.675075
157,-2.8129,0.972925,1.60814
157,-2.72363,0.478815,0.34364
157,-1.48693,1.18292,-0.658051
157,-2.84473,0.524634,0.625326
157,-2.83918,0.529172,0.617054
157,-0.967591,2.16192,0.35023
157,-2.81744,0.485955,0.437119
157,-2.82041,0.49998,0.472759
157,-2.81586,0.480345,0.405228
157,-2.82317,0.501344,0.460873
157,-2.83287,0.502558,0.456149
157,-2.82727,0.508096,0.455506
157,-2.82879,0.511844,0.454702
157,-2.83109,0.496875,0.425359
157,-2.82578,0.502714,0.424633
157,-2.83119,0.495017,0.409662
157,-2.82602,0.501001,0.408893
157,-2.83073,0.492599,0.394089
157,-2.80441,0.474977,0.286852
157,-1.46981,1.28164,-0.669704
157,-1.1045,1.70288,-0.493383
157,-1.47987,1.27808,-0.663966
157,-2.82876,0.495897,0.345049
157,-0.952252,2.25654,0.320378
157,-2.72534,1.10377,1.30372
157,-0.922005,2.33848,0.322585
157,-0.975069,2.32682,0.310209
157,-2.85114,0.569384,0.277688
157,-2.84651,0.579381,0.282635
157,-0.975832,2.36359,0.320192
157,-0.867184,2.47444,0.302402
157,-2.87016,1.16951,1.35711
157,-0.932447,2.49273,0.300624
157,-0.929252,2.49145,0.275972
157,-2.8715,1.19641,1.34164
157,-0.944669,2.50725,0.259657
157,-0.938204,2.5187,0.265348
157,-0.900461,2.56516,0.290071
157,-1.09,1.97103,-0.623435
157,-2.87189,1.22313,1.33376
157,-0.897773,2.5683,0.2644
157,-1.09158,1.97949,-0.628231
157,-1.1053,1.98744,-0.620107
157,-0.908982,2.60304,0.25227
157,-0.913138,2.62246,0.262561
157,-1.17218,1.98582,-0.603762
157,-0.905221,2.63301,0.257629
157,-1.06038,2.09373,-0.641027
157,-1.06379,2.09878,-0.638892
157,-2.80935,0.971855,0.298689
157,-2.82021,0.987095,0.320254
157,-2.85281,1.00744,0.334789
157,-2.84837,0.999456,0.298553
157,-2.86946,0.991287,0.290778
157,-2.83857,1.01959,0.284605
157,-2.87967,1.04905,0.332307
157,-2.84726,1.08367,0.219703
157,-1.97359,1.99248,0.31508
157,-1.99183,2.03533,0.313258
157,-1.98689,2.08843,0.304441
157,-1.97703,2.01158,0.0754466
157,-2.02024,2.04205,0.0641284
157,-2.13405,2.11428,0.20905
157,-2.14507,2.08308,0.102658
157,-2.17469,2.65729,1.3764
157,-2.18691,2.65973,1.37775
157,-2.19069,2.67449,1.37194
157,-2.15947,2.71383,1.36911
157,-2.14889,2.09479,-0.00806093
157,-2.15917,2.72406,1.37567
157,-2.74512,1.24746,-0.69291
157,-2.71159,1.32127,-0.616647
157,-2.19055,2.79648,1.38008
157,-1.86693,2.59483,0.261253
157,-1.86614,2.60365,0.20061
157,-2.19175,2.01251,-0.476205
157,-2.76131,1.45623,-0.637656
157,-2.06234,2.55304,0.258229
157,-1.89843,2.70685,0.232662
157,-2.80013,1.46944,-0.684231
157,-1.90154,2.74152,0.214519
157,-1.92613,2.77933,0.204357
157,-2.1584,2.63473,0.293066
157,-3.11932,2.27165,1.33702
157,-2.19342,2.66946,0.286104
157,-1.41054,-0.778753,0.108914
156,-1.41054,-0.778753,0.108914
157,-1.78329,-0.898264,0.809939
156,-1.78329,-0.898264,0.809939
157,-1.7911,0.451724,-0.697078
156,-1.7911,0.451724,-0.697078
157,-3.14353,0.364572,-1.27132
156,-3.14353,0.364572,-1.27132
157,-1.85992,-0.866962,0.806357
156,-1.85992,-0.866962,0.806357
157,-1.01482,-1.50745,0.499809
156,-1.01482,-1.50745,0.499809
157,-1.85124,-1.06519,0.795826
156,-1.85124,-1.06519,0.795826
157,-1.44543,-1.22285,0.302254
156,-1.44543,-1.22285,0.302254
157,-2.78746,1.41714,1.35884
156,-2.78746,1.41714,1.35884
157,-1.72932,-0.914481,0.834215
156,-1.72932,-0.914481,0.834215
157,-1.65855,-0.981525,0.855375
156,-1.65855,-0.981525,0.855375
157,-1.54509,-1.24208,0.456441
156,-1.54509,-1.24208,0.456441
157,-1.94788,-0.530904,0.587031
156,-1.94788,-0.530904,0.587031
157,-1.99378,-0.9073,0.481128
156,-1.99378,-0.9073,0.481128
157,-2.59194,-0.806899,0.300006
155,-2.59194,-0.806899,0.300006
157,-1.57289,-1.19131,0.523487
155,-1.57289,-1.19131,0.523487
157,-2.08596,-0.909846,1.28001
155,-2.08596,-0.909846,1.28001
157,-2.02553,-0.962486,1.27785
155,-2.02553,-0.962486,1.27785
157,-2.9407,1.64098,1.38293
155,-2.9407,1.64098,1.38293
157,-1.80775,-0.89282,0.811866
155,-1.80775,-0.89282,0.811866
157,-1.52438,-1.25021,0.464127
155,-1.52438,-1.25021,0.464127
157,-1.58531,-1.21359,0.587965
154,-1.58531,-1.21359,0.587965
157,-1.58599,-1.21314,0.586545
154,-1.58599,-1.21314,0.586545
157,-2.75026,0.176583,0.308037
153,-2.75026,0.176583,0.308037
157,-1.96955,-0.932844,1.10856
153,-1.96955,-0.932844,1.10856
157,-1.90465,-1.03354,1.05333
153,-1.90465,-1.03354,1.05333
157,-1.97874,-0.92169,1.10842
153,-1.97874,-0.92169,1.10842
157,-1.91791,-1.05518,1.0546
153,-1.91791,-1.05518,1.0546
157,-2.28788,-0.844983,1.3073
153,-2.28788,-0.844983,1.3073
157,-1.96921,-0.995587,1.04697
153,-1.96921,-0.995587,1.04697
157,-1.52224,-0.988297,0.307947
153,-1.52224,-0.988297,0.307947
157,-3.13915,1.30772,0.214486
153,-3.13915,1.30772,0.214486
157,-2.39341,0.0778666,0.674941
91,-2.39341,0.0778666,0.674941
157,-1.60372,1.14153,-0.644636
88,-1.60372,1.14153,-0.644636
157,-2.06048,2.20085,0.0398444
88,-2.06048,2.20085,0.0398444
157,-1.65256,0.884536,-0.691451
87,-1.65256,0.884536,-0.691451
157,-2.82969,0.534407,0.307475
89,-2.82969,0.534407,0.307475
158,-1.49961,-1.25897,0.495598
158,-1.50682,-1.25983,0.475533
158,-1.77326,-1.26276,0.830678
158,-1.38316,-1.16072,0.381799
158,-1.46548,-1.20728,0.384899
158,-1.42557,-1.15507,0.425999
158,-1.46449,-1.19099,0.373772
158,-1.46199,-1.19241,0.358107
158,-1.4604,-1.19165,0.354927
158,-1.50469,-1.17863,0.442294
158,-1.47112,-1.18434,0.365728
158,-1.475,-1.18347,0.366195
158,-1.52412,-1.17086,0.430751
158,-0.428824,-0.23508,0.289382
158,-0.425622,-0.176561,0.256551
158,-1.48566,-0.88794,0.339497
158,-1.49978,-0.864323,0.386461
158,-1.49551,-0.850311,0.381441
158,-0.44095,-0.156745,0.24919
158,-1.48748,-0.831605,0.376865
158,-1.37781,-0.841659,0.0984743
158,-2.22491,-0.99168,1.03559
158,-1.4011,-0.801088,0.113412
158,-1.25565,-0.793692,-0.122738
158,-1.2608,-0.785825,-0.112441
158,-1.26405,-0.779982,-0.136705
158,-1.44326,-0.654906,0.15345
158,-1.17959,-0.542438,-0.397409
158,-2.09884,-1.03616,-0.115813
158,-2.19995,-0.995813,-0.175774
158,-2.85101,-0.253035,1.53162
158,-2.48994,0.0259323,0.982365
158,-2.49277,0.0282511,0.982227
158,-2.51411,0.0448607,0.985662
158,-2.49501,-0.0565108,0.702841
158,-2.55568,0.0703161,1.01539
158,-2.84415,0.217786,1.62532
158,-2.68063,0.242131,1.00534
158,-1.67357,0.281928,-0.587693
158,-2.72878,0.144335,0.801034
158,-2.65346,0.356656,1.07021
158,-1.68319,0.315718,-0.629226
158,-2.66775,0.370172,1.07666
158,-2.66502,0.370373,1.06853
158,-2.84889,0.4879,1.60709
158,-2.85281,0.489192,1.60768
158,-2.86484,0.503241,1.62537
158,-2.83944,0.520743,1.61705
158,-2.71034,0.303452,0.898931
158,-2.69385,0.392359,1.0707
158,-2.88095,0.522651,1.65174
158,-2.69916,0.404957,1.07714
158,-2.77486,0.320596,0.997295
158,-2.68217,0.393921,1.00694
158,-2.86577,0.547937,1.6284
158,-2.7168,0.304257,0.805838
158,-2.72137,0.306714,0.80888
158,-2.72448,0.314151,0.805889
158,-2.69127,0.389589,0.917318
158,-2.70124,0.406867,0.927819
158,-2.76351,0.106005,0.330586
158,-2.70341,0.411074,0.927453
158,-2.75815,0.176689,0.466079
158,-2.83747,0.381256,0.994251
158,-2.73189,0.43387,0.923043
158,-2.69088,0.469486,0.854606
158,-1.63194,0.509088,-0.784261
158,-2.77157,0.181443,0.294285
158,-1.61176,0.593797,-0.643524
158,-2.77847,0.178919,0.292194
158,-2.75498,0.742187,1.50263
158,-2.76039,0.7538,1.49899
158,-2.72738,0.489691,0.833209
158,-2.94847,0.327189,0.77669
158,-2.77953,0.778965,1.53038
158,-2.7814,0.252713,0.293168
158,-2.76909,0.265863,0.302058
158,-2.79046,0.791431,1.53022
158,-2.79431,0.266012,0.302016
158,-0.268892,2.45429,1.23287
158,-2.78286,0.287838,0.301439
158,-2.79802,0.275995,0.293884
158,-2.82067,0.812994,1.56441
158,-2.79732,0.287882,0.312284
158,-2.80256,0.281261,0.299629
158,-0.231564,2.48692,1.17783
158,-2.82503,0.327052,0.305303
158,-0.232816,2.55464,1.20414
158,-2.74143,0.597061,0.768689
158,-0.242028,2.35991,0.762758
158,-2.78823,0.36292,0.291164
158,-0.2161,2.39476,0.759054
158,-2.79696,0.385951,0.303695
158,-0.221652,2.40714,0.705354
158,-0.339647,2.17239,0.352472
158,-0.258915,2.38483,0.70844
158,-0.235858,2.61605,1.19949
158,-2.76609,0.436679,0.290218
158,-2.7814,0.435375,0.310091
158,-0.265174,2.62103,1.25214
158,-2.91225,0.699213,1.05343
158,-0.225999,2.46117,0.7071
158,-0.219962,2.48252,0.744374
158,-1.48822,1.02925,-0.581536
158,-0.269658,2.27989,0.306948
158,-2.94445,0.741954,1.05995
158,-0.316981,2.28071,0.328957
158,-2.79135,0.549114,0.348355
158,-1.49295,1.07917,-0.568763
158,-1.46229,1.08926,-0.604782
158,-2.95579,0.754303,1.04797
158,-0.276046,2.33433,0.296587
158,-2.89767,0.763097,0.915851
158,-0.31166,2.3243,0.303892
158,-0.27037,2.35669,0.29932
158,-0.312264,2.32996,0.305614
158,-2.83959,0.536793,0.282411
158,-0.335583,2.31885,0.306873
158,-0.220792,2.42452,0.305997
158,-0.241571,2.39943,0.275564
158,-2.92737,0.784583,0.918345
158,-2.76999,0.88503,0.813896
158,-2.94578,0.809552,0.921032
158,-2.79484,0.909446,0.891745
158,-1.44631,1.1939,-0.649696
158,-0.311423,2.41585,0.296934
158,-0.970946,2.3499,1.1986
158,-0.329951,2.40726,0.286048
158,-2.79509,0.93286,0.831972
158,-2.79156,0.954835,0.82023
158,-0.881052,1.70967,-0.581282
158,-2.80543,0.958895,0.817659
158,-2.83931,1.16603,1.34389
158,-0.871147,1.71965,-0.588128
158,-0.917135,2.53165,1.25333
158,-2.8375,1.23246,1.32111
158,-2.80938,0.836531,0.319759
158,-0.947223,2.59108,1.25728
158,-0.943065,2.61052,1.25528
158,-2.83231,0.880805,0.308547
158,-1.01747,2.20321,0.338113
158,-1.02482,1.84292,-0.544854
158,-1.02813,2.24886,0.303982
158,-1.01612,2.2756,0.322295
158,-2.84005,0.990092,0.299253
158,-2.84648,1.00355,0.333063
158,-1.0618,1.9014,-0.603908
158,-0.936448,1.99484,-0.594912
158,-0.967767,2.77987,1.26274
158,-1.01939,2.56365,0.756716
158,-1.02162,2.57898,0.741172
158,-1.02502,2.59287,0.748488
158,-0.987378,2.64832,0.802598
158,-0.949093,2.60778,0.517931
158,-0.943297,2.49872,0.253266
158,-0.92757,2.57243,0.24023
158,-0.890814,2.62777,0.243506
158,-0.978827,2.80755,0.741824
158,-0.988113,2.83751,0.740423
158,-0.911596,2.67856,0.239923
158,-0.987498,2.85654,0.731334
158,-0.911013,2.69123,0.222554
158,-0.912272,2.68998,0.21896
158,-0.895423,2.69747,0.208694
158,-0.878137,2.76251,0.223387
158,-2.09743,2.47745,1.36802
158,-2.08784,2.55677,1.3683
158,-2.13957,2.58392,1.37649
158,-1.99555,1.87566,-0.530341
158,-2.07205,2.20155,0.269723
158,-2.98549,2.05583,1.33321
158,-2.01605,1.98413,-0.573827
158,-2.16521,2.17749,0.0774578
158,-2.81444,1.37111,-0.72538
158,-2.95633,2.20727,1.36411
158,-2.90145,2.32297,1.35935
158,-3.08306,2.19336,1.33228
158,-2.23392,2.01965,-0.459287
158,-3.09707,2.19869,1.33746
158,-1.88201,2.6475,0.225651
158,-2.95493,2.40777,1.3487
158,-1.60858,0.509652,-0.647715
157,-1.60858,0.509652,-0.647715
158,-1.46315,-0.892583,0.40872
157,-1.46315,-0.892583,0.40872
158,-1.32864,-1.18633,0.295523
157,-1.32864,-1.18633,0.295523
158,-2.04447,-0.684786,0.516984
157,-2.04447,-0.684786,0.516984
158,-2.15534,-0.59902,0.482887
157,-2.15534,-0.59902,0.482887
158,-1.48175,0.315709,-0.58363
157,-1.48175,0.315709,-0.58363
158,-0.998164,1.77071,-0.51243
157,-0.998164,1.77071,-0.51243
158,-1.19367,-0.837229,-0.080136
157,-1.19367,-0.837229,-0.080136
158,-2.58195,-0.704043,1.02739
157,-2.58195,-0.704043,1.02739
158,-1.75316,0.383749,-0.651812
157,-1.75316,0.383749,-0.651812
158,-1.59185,-0.947811,0.303678
157,-1.59185,-0.947811,0.303678
158,-2.26927,-0.893423,1.29408
157,-2.26927,-0.893423,1.29408
158,-1.81511,-0.930291,0.885192
157,-1.81511,-0.930291,0.885192
158,-1.95844,-1.00036,1.04746
157,-1.95844,-1.00036,1.04746
158,-1.89235,-0.977266,0.56689
157,-1.89235,-0.977266,0.56689
158,-2.11416,-0.821586,1.03969
157,-2.11416,-0.821586,1.03969
158,-2.10782,-0.863529,1.13226
157,-2.10782,-0.863529,1.13226
158,-1.59662,-0.821352,0.302648
156,-1.59662,-0.821352,0.302648
158,-1.04146,-1.36139,0.477384
156,-1.04146,-1.36139,0.477384
158,-2.84012,-0.466781,0.264632
63,-2.84012,-0.466781,0.264632
158,-2.86162,-0.471185,0.261588
63,-2.86162,-0.471185,0.261588
158,-2.86478,-0.44961,0.271847
63,-2.86478,-0.44961,0.271847
158,-1.82971,-0.920964,0.878393
63,-1.82971,-0.920964,0.878393
158,-1.90899,2.68926,1.27148
62,-1.90899,2.68926,1.27148
158,-2.72934,0.860842,0.937125
62,-2.72934,0.860842,0.937125
158,-1.28745,-1.15426,0.150905
89,-1.28745,-1.15426,0.150905
158,-2.7796,0.254353,0.292379
89,-2.7796,0.254353,0.292379
158,-1.28657,-1.15509,0.145339
89,-1.28657,-1.15509,0.145339
158,-1.28858,-1.15575,0.146026
89,-1.28858,-1.15575,0.146026
158,-1.81608,-0.865547,0.826191
89,-1.81608,-0.865547,0.826191
158,-1.31713,-1.1244,0.172736
90,-1.31713,-1.1244,0.172736
158,-0.928837,2.54135,0.532412
61,-0.928837,2.54135,0.532412
158,-1.79655,-0.864563,0.828109
88,-1.79655,-0.864563,0.828109
158,-1.80574,-0.906228,0.797944
88,-1.80574,-0.906228,0.797944
158,-1.79082,-0.863316,0.827017
88,-1.79082,-0.863316,0.827017
158,-1.61967,0.660833,-0.585874
155,-1.61967,0.660833,-0.585874
158,-1.33219,-1.1183,0.196235
91,-1.33219,-1.1183,0.196235
158,-2.72113,-0.430324,0.287144
91,-2.72113,-0.430324,0.287144
158,-2.7453,-0.420563,0.292214
91,-2.7453,-0.420563,0.292214
158,-1.3213,-1.123,0.200322
91,-1.3213,-1.123,0.200322
159,-1.11306,-1.21373,0.267308
159,-1.15338,-1.19145,0.218926
159,-1.19947,-1.18282,0.254066
159,-1.19866,-1.18038,0.25258
159,-1.37503,-1.15346,0.111181
159,-1.38549,-1.14104,0.0967873
159,0.297519,0.116105,0.457149
159,-1.42829,-0.830927,0.121333
159,-1.414,-0.823494,0.113463
159,-1.43167,-0.828008,0.122566
159,-0.440944,-0.200339,0.27324
159,-1.40583,-0.790773,0.137713
159,-1.43915,-0.765871,0.0512632
159,-1.39474,-0.66794,0.138332
159,-1.16578,-0.534909,-0.386395
159,-2.32904,-0.174711,0.87611
159,-2.74697,-0.150564,1.47605
159,-2.41823,-0.11924,0.870477
159,-2.43577,-0.0775278,0.716383
159,-2.63007,0.129658,0.999756
159,-2.53753,0.265059,1.07764
159,-2.54608,0.269376,1.06747
159,-2.5701,0.279725,1.04708
159,-2.63777,0.243218,0.9098
159,-2.79155,0.429209,1.57634
159,-2.66101,0.0924667,0.54225
159,-2.79853,0.440513,1.5988
159,-2.80578,0.448363,1.61589
159,-2.70355,0.304681,0.91411
159,-1.68476,0.298794,-0.653279
159,-1.70725,0.289413,-0.652974
159,-1.5586,0.372015,-0.669943
159,-1.54623,0.388585,-0.677122
159,-1.55604,0.408061,-0.656396
159,-1.55198,0.4195,-0.662334
159,-1.64051,0.398251,-0.613891
159,-2.7558,0.383453,0.865546
159,-2.75755,0.177249,0.300847
159,-2.74392,0.744071,1.52006
159,-2.78128,0.237763,0.306533
159,-2.76587,0.254244,0.302926
159,-1.58998,0.56716,-0.655336
159,-2.77109,0.526483,0.844796
159,-1.58187,0.587352,-0.665085
159,-2.79761,0.466388,0.685113
159,-2.81064,0.305585,0.298059
159,-2.85591,0.60534,1.1029
159,-2.80999,0.479125,0.626851
159,-2.79759,0.363258,0.302075
159,-2.81754,0.485603,0.618389
159,-2.81096,0.571622,0.818312
159,-2.82043,0.484034,0.604823
159,-2.79772,0.463865,0.288687
159,-2.87047,0.425837,0.294477
159,-2.78034,0.518516,0.320209
159,-2.78413,0.531897,0.328422
159,-2.80178,0.53018,0.306058
159,-2.78037,0.554975,0.317419
159,-2.76237,0.587779,0.344053
159,-2.81,0.557756,0.302643
159,-2.82793,0.559153,0.291564
159,-2.9277,0.755847,0.911626
159,-2.8682,0.774892,0.841973
159,-2.8607,0.556298,0.281837
159,-2.80841,0.882423,0.922283
159,-2.77013,0.890159,0.880401
159,-2.77908,1.09043,1.34076
159,-0.304632,2.44773,1.23465
159,0.297104,2.13869,-0.39034
159,-2.79041,0.934615,0.903336
159,-0.237124,2.51424,1.28137
159,-0.280629,2.56269,1.3349
159,-0.154904,2.63311,1.30344
159,-0.250224,2.34476,0.707807
159,-0.273027,2.54945,1.24729
159,-2.79995,1.00345,0.910596
159,-3.12813,0.886399,1.04589
159,-0.136388,2.67321,1.31407
159,-0.233901,2.3732,0.702023
159,-0.235945,2.37105,0.688984
159,0.271589,2.18077,-0.49178
159,-2.79924,1.19303,1.31908
159,-0.23763,2.57828,1.20286
159,-0.140685,2.69314,1.32019
159,-0.240818,2.60078,1.20173
159,0.274277,2.20858,-0.494802
159,-2.80514,1.21338,1.30842
159,-0.250395,2.59432,1.19145
159,0.296835,2.24672,-0.507053
159,0.326414,2.31853,-0.390667
159,0.724682,2.4665,-0.594006
159,-2.83452,1.24362,1.30732
159,-3.48229,0.70025,0.810584
159,0.333237,2.46043,-0.182873
159,0.6372,2.60553,-0.27639
159,0.381818,2.52159,-0.134071
159,0.718558,2.57849,-0.465951
159,0.515981,2.59587,-0.145925
159,0.717059,2.69039,-0.193754
159,0.64633,2.58567,-0.359155
159,0.355682,2.348,-0.547649
159,-2.86937,0.892377,0.305509
159,0.342204,2.35722,-0.518687
159,0.583229,2.56438,-0.358125
159,0.738599,2.56976,-0.605074
159,0.535056,2.54571,-0.395634
159,0.528525,2.61268,-0.223378
159,-2.8672,0.929456,0.307636
159,-0.977057,1.67876,-0.46618
159,0.534891,2.59763,-0.28276
159,-0.212137,2.45061,0.390288
159,-0.9993,2.48339,1.56472
159,0.526927,2.64312,-0.193938
159,0.353916,2.41847,-0.514482
159,0.74024,2.60319,-0.618357
159,0.747437,2.65819,-0.500309
159,0.732928,2.6543,-0.500527
159,0.406919,2.56009,-0.28193
159,0.364439,2.53469,-0.290599
159,-2.84627,0.981769,0.307533
159,-2.83733,0.980477,0.290621
159,0.418693,2.4818,-0.504197
159,0.402052,2.49889,-0.445876
159,0.412716,2.59543,-0.227274
159,0.415672,2.50028,-0.471454
159,0.330648,2.46068,-0.451803
159,-0.84659,1.75222,-0.578639
159,0.409922,2.52242,-0.413652
159,-0.836032,1.75965,-0.580291
159,0.364843,2.46608,-0.504628
159,0.424935,2.52202,-0.451732
159,-2.84681,1.00164,0.31135
159,0.353534,2.55143,-0.283813
159,-2.84439,1.0159,0.308151
159,-0.248351,2.45009,0.265297
159,-2.84662,1.01263,0.282579
159,-2.87108,1.00363,0.289972
159,0.344614,2.50063,-0.4571
159,-2.85756,1.01582,0.299112
159,-0.858883,1.78249,-0.580185
159,-0.887568,1.7679,-0.589926
159,0.751422,2.76167,-0.398729
159,-0.262712,2.46376,0.25635
159,-0.93298,1.74701,-0.616377
159,-2.84691,1.03624,0.276962
159,-0.856011,1.82884,-0.544696
159,-2.8642,1.04569,0.291863
159,-0.853852,1.81109,-0.604818
159,-0.867219,1.80405,-0.603741
159,0.349829,2.53759,-0.473047
159,-0.240807,2.51402,0.277638
159,0.339885,2.53644,-0.477103
159,0.744954,2.84445,-0.288249
159,-0.851892,1.82501,-0.612785
159,-0.971558,1.79298,-0.630808
159,-1.01823,1.83721,-0.541129
159,-0.939521,2.26889,0.342376
159,-1.09733,1.84496,-0.535083
159,-1.02357,2.23032,0.321942
159,-1.05356,1.8581,-0.568433
159,-0.939638,2.27375,0.307711
159,-1.01152,2.48293,0.761615
159,-0.991478,2.47043,0.685588
159,-1.0147,2.53281,0.737332
159,-0.983909,2.3948,0.320071
159,-0.928252,2.41548,0.266209
159,-1.99409,2.26355,1.33279
159,-2.84657,1.24391,-0.0326434
159,-0.930254,2.44605,0.262343
159,-0.942412,2.45464,0.28196
159,-0.927976,2.46315,0.268928
159,-1.03204,2.94641,1.61755
159,-0.887664,2.54077,0.266993
159,-0.902809,2.61147,0.248382
159,-2.70787,1.28109,-0.615299
159,-0.974655,2.64255,0.246825
159,-2.09783,2.46824,1.36701
159,-2.76064,1.35291,-0.64669
159,-2.14996,2.50112,1.36177
159,-0.902327,2.78938,0.220968
159,-2.11096,2.57883,1.36136
159,-2.15896,2.59782,1.3803
159,-2.04493,1.99364,-0.573443
159,-3.18175,2.31783,1.33862
159,-2.12772,2.12134,-0.639637
159,-1.89425,2.6498,0.239353
159,-1.89228,2.64464,0.222395
159,-3.03604,2.48922,1.36833
159,-0.936134,2.54282,0.465318
158,-0.936134,2.54282,0.465318
159,-2.95974,0.642887,0.249839
158,-2.95974,0.642887,0.249839
159,-1.03417,2.84627,0.796272
158,-1.03417,2.84627,0.796272
159,-0.952761,2.45573,0.75676
158,-0.952761,2.45573,0.75676
159,-0.979097,2.56396,0.817522
158,-0.979097,2.56396,0.817522
159,-0.329816,3.61966,0.627046
158,-0.329816,3.61966,0.627046
159,-0.929872,2.33742,0.768507
158,-0.929872,2.33742,0.768507
159,-2.79001,-0.130497,1.23725
158,-2.79001,-0.130497,1.23725
159,-2.84268,1.26532,-0.132409
158,-2.84268,1.26532,-0.132409
159,-2.1269,-0.781743,0.747887
158,-2.1269,-0.781743,0.747887
159,-1.50067,-1.17882,0.447032
158,-1.50067,-1.17882,0.447032
159,-2.72419,-0.164858,1.42366
158,-2.72419,-0.164858,1.42366
159,-1.45208,-0.779273,0.0223518
158,-1.45208,-0.779273,0.0223518
159,-2.80381,0.961007,1.60113
157,-2.80381,0.961007,1.60113
159,-3.10683,1.85637,1.396
157,-3.10683,1.85637,1.396
159,-2.63922,0.935493,1.32225
156,-2.63922,0.935493,1.32225
159,-2.88889,1.00852,0.921192
61,-2.88889,1.00852,0.921192
159,-2.87262,1.10125,0.399619
88,-2.87262,1.10125,0.399619
159,-0.502118,0.441487,0.930601
63,-0.502118,0.441487,0.930601
159,-0.450822,0.334397,1.32413
63,-0.450822,0.334397,1.32413
159,-0.932029,2.546,0.570905
60,-0.932029,2.546,0.570905
159,-2.69673,-0.149566,0.126672
155,-2.69673,-0.149566,0.126672
160,0.721616,-0.185094,0.239118
160,0.744966,-0.139529,0.214981
160,0.730869,-0.139877,0.212801
160,0.619819,-0.145826,0.284593
160,-1.31188,-0.69668,0.143237
160,0.399235,0.257903,0.47681
160,0.391264,0.255637,0.471804
160,0.400887,0.204841,0.320195
160,0.400655,0.274487,0.505925
160,0.397537,0.202045,0.304775
160,0.381297,0.20776,0.338834
160,0.406986,0.207186,0.303608
160,0.402564,0.231815,0.370135
160,0.407577,0.20852,0.297694
160,0.402593,0.217491,0.317153
160,0.392979,0.214864,0.294593
160,-1.66059,0.24758,-0.548145
160,-1.55767,0.383839,-0.602664
160,-2.73775,0.729009,1.54771
160,-2.63646,0.524822,0.81788
160,-2.74855,0.743313,1.51045
160,-2.59997,0.540371,0.744617
160,-2.67231,0.542087,0.773285
160,-2.62509,0.565023,0.736157
160,-1.53469,0.547527,-0.623481
160,-2.70315,0.569971,0.771905
160,-1.53068,0.571137,-0.627298
160,-2.81151,0.608766,0.692548
160,-1.50566,0.734651,-0.660198
160,-1.5027,0.760873,-0.674971
160,-2.81038,0.968486,1.38806
160,-2.64709,1.06564,1.30546
160,-0.70918,1.39594,-0.334364
160,-2.77059,0.820623,0.345792
160,-0.221336,2.54473,1.64605
160,-2.84388,1.03094,0.306348
160,-0.26377,2.4442,1.21261
160,-0.294042,2.44519,1.24301
160,-0.269357,2.44517,1.19985
160,-0.271849,2.45779,1.23421
160,-0.239257,2.49093,1.1986
160,-0.240196,2.49613,1.21016
160,-0.957694,2.08577,0.359625
160,-0.273051,2.35572,0.29072
160,-0.952346,1.76924,-0.549884
160,-0.309007,2.35962,0.285946
160,-0.289933,2.37341,0.283544
160,-1.02283,1.77874,-0.56138
160,-0.961041,2.15548,0.4056
160,-0.287051,2.41478,0.302763
160,-0.268582,2.41369,0.27782
160,-0.262314,2.43326,0.272407
160,-0.243116,2.45068,0.286754
160,-0.198035,2.50477,0.376259
160,-0.246459,2.44996,0.260296
160,0.708036,2.62804,-0.353907
160,0.658015,2.61167,-0.351885
160,0.712001,2.61497,-0.406621
160,0.643303,2.58986,-0.40299
160,0.669968,2.61339,-0.374601
160,0.573135,2.62908,-0.229509
160,0.655997,2.63358,-0.313392
160,0.662423,2.60347,-0.406308
160,0.647345,2.53664,-0.576611
160,0.644844,2.64025,-0.293351
160,0.636565,2.63664,-0.294629
160,0.653354,2.65995,-0.264725
160,0.721949,2.56081,-0.618368
160,0.722196,2.69928,-0.238551
160,0.733493,2.6993,-0.254797
160,0.585948,2.5847,-0.405468
160,0.666251,2.66024,-0.298379
160,0.65561,2.60648,-0.436838
160,0.743598,2.71731,-0.2428
160,0.77122,2.68788,-0.364497
160,0.660354,2.5961,-0.496776
160,0.67729,2.62303,-0.446864
160,0.594033,2.65495,-0.264794
160,0.614343,2.60082,-0.438015
160,0.669355,2.60962,-0.477639
160,0.673665,2.58938,-0.53998
160,0.675556,2.68744,-0.271942
160,0.591431,2.58083,-0.4715
160,0.541619,2.646,-0.236435
160,0.586375,2.64315,-0.297946
160,0.583312,2.6232,-0.35127
160,0.685574,2.58957,-0.562508
160,0.611316,2.66561,-0.267076
160,0.528148,2.58,-0.408141
160,0.516326,2.63794,-0.235425
160,0.590108,2.63636,-0.326262
160,0.328305,2.48453,-0.447922
160,0.661499,2.60412,-0.503559
160,0.600321,2.58271,-0.496813
160,0.482899,2.53877,-0.484442
160,0.592549,2.57161,-0.528536
160,0.542776,2.65329,-0.246235
160,0.415107,2.52544,-0.455804
160,0.554527,2.65224,-0.268221
160,0.531696,2.66759,-0.205255
160,0.606349,2.66412,-0.3053
160,0.553001,2.65612,-0.267596
160,0.468073,2.62451,-0.262837
160,0.315541,2.56129,-0.261893
160,0.54903,2.67894,-0.207676
160,0.374818,2.56954,-0.310886
160,0.55405,2.56584,-0.527717
160,0.62181,2.60322,-0.50263
160,0.364396,2.51333,-0.455474
160,0.345106,2.50986,-0.445988
160,0.538318,2.63566,-0.321703
160,0.526698,2.63891,-0.300341
160,0.404115,2.5908,-0.292702
160,0.560707,2.58123,-0.499566
160,0.357589,2.58453,-0.257001
160,0.355036,2.55269,-0.343399
160,0.620625,2.60451,-0.507124
160,0.415804,2.58892,-0.314507
160,0.407732,2.57461,-0.345158
160,0.558965,2.64661,-0.323912
160,0.363345,2.57775,-0.291104
160,0.465877,2.59902,-0.351244
160,0.767913,2.75483,-0.269824
160,0.476209,2.59413,-0.377984
160,0.461742,2.61986,-0.29063
160,0.348598,2.58834,-0.249095
160,0.356947,2.54824,-0.370867
160,0.547653,2.6542,-0.303899
160,0.406503,2.582,-0.349639
160,0.444543,2.56776,-0.433518
160,0.558378,2.65218,-0.3335
160,0.359292,2.60636,-0.230911
160,0.494588,2.65104,-0.269492
160,0.436323,2.66524,-0.163606
160,0.436866,2.61004,-0.319986
160,0.366111,2.63271,-0.180767
160,0.49039,2.62195,-0.355257
160,0.431625,2.55754,-0.466119
160,0.432682,2.63336,-0.258038
160,0.440606,2.59592,-0.373325
160,0.422469,2.63028,-0.257688
160,0.421057,2.63772,-0.236917
160,0.431339,2.64229,-0.237718
160,0.552203,2.6479,-0.361613
160,0.423971,2.59769,-0.353666
160,0.417242,2.58627,-0.379501
160,0.410933,2.66412,-0.162621
160,0.434439,2.595,-0.381243
160,0.438636,2.57491,-0.442385
160,0.693607,2.77706,-0.182734
160,0.431314,2.66246,-0.209093
160,0.364952,2.56789,-0.605107
160,-2.79824,1.2799,-0.702336
160,-0.994835,2.0669,-0.621443
160,-2.803,1.28465,-0.700783
160,0.731708,2.90897,-0.302032
160,-2.79472,1.29857,-0.702635
160,-2.78744,1.32828,-0.644453
160,-2.79446,1.34996,-0.655627
160,-2.7762,1.36524,-0.647105
160,-1.06763,2.75372,0.724728
160,-0.888704,2.73821,0.227173
160,-2.22314,2.69941,1.38383
160,-3.00672,2.45227,1.34824
160,-1.86914,2.61817,0.277191
160,-1.94279,2.69598,0.221506
160,-1.91079,2.74001,0.224251
160,-2.13797,2.66232,0.209711
160,-2.13201,2.68765,0.220944
160,-3.46582,2.62202,1.34958
160,-3.04902,1.18664,0.24066
159,-3.04902,1.18664,0.24066
160,-1.74331,2.30224,0.298712
159,-1.74331,2.30224,0.298712
160,-0.915167,2.63331,0.243944
159,-0.915167,2.63331,0.243944
160,-0.994989,3.00092,0.166327
159,-0.994989,3.00092,0.166327
160,-1.6137,4.94265,-0.182087
159,-1.6137,4.94265,-0.182087
160,-0.973516,2.94209,0.177707
159,-0.973516,2.94209,0.177707
160,-0.917374,2.41922,0.278751
159,-0.917374,2.41922,0.278751
160,-2.64162,0.423795,0.838673
159,-2.64162,0.423795,0.838673
160,-2.74114,0.907134,0.829135
159,-2.74114,0.907134,0.829135
160,-2.34593,0.516351,0.860251
159,-2.34593,0.516351,0.860251
160,-0.0830656,1.68237,1.26826
159,-0.0830656,1.68237,1.26826
160,-2.19911,0.372814,0.495591
159,-2.19911,0.372814,0.495591
160,-2.8673,5.0646,-0.191415
159,-2.8673,5.0646,-0.191415
160,-0.125684,2.7063,1.32464
159,-0.125684,2.7063,1.32464
160,-2.59014,0.139504,0.360657
159,-2.59014,0.139504,0.360657
160,-0.148245,3.28235,1.34291
159,-0.148245,3.28235,1.34291
160,-0.0893873,1.84389,1.27329
159,-0.0893873,1.84389,1.27329
160,-1.29176,3.64529,0.0736706
159,-1.29176,3.64529,0.0736706
160,-0.220194,2.6765,0.365875
159,-0.220194,2.6765,0.365875
160,-1.43519,2.23226,0.286402
158,-1.43519,2.23226,0.286402
160,-1.64223,2.62076,0.20797
158,-1.64223,2.62076,0.20797
160,-1.0706,2.46124,0.267861
158,-1.0706,2.46124,0.267861
160,-2.86621,0.331248,0.282866
158,-2.86621,0.331248,0.282866
160,-1.27847,3.37726,0.14451
158,-1.27847,3.37726,0.14451
160,-2.80501,0.850021,0.322682
158,-2.80501,0.850021,0.322682
160,-1.01365,2.51492,0.747256
158,-1.01365,2.51492,0.747256
160,-1.49313,0.320117,-0.594316
157,-1.49313,0.320117,-0.594316
160,-1.46761,0.331812,-0.498345
157,-1.46761,0.331812,-0.498345
160,-1.4835,0.356729,-0.516908
157,-1.4835,0.356729,-0.516908
160,-1.80739,0.774795,-0.784566
62,-1.80739,0.774795,-0.784566
160,-2.82615,0.385402,0.319876
62,-2.82615,0.385402,0.319876
160,-2.07702,2.43739,1.35482
62,-2.07702,2.43739,1.35482
160,-0.497025,2.49318,0.251865
57,-0.497025,2.49318,0.251865
160,-0.495718,2.49184,0.252573
57,-0.495718,2.49184,0.252573
160,-0.92693,2.48754,1.68144
61,-0.92693,2.48754,1.68144
160,-0.936214,2.50704,1.69001
61,-0.936214,2.50704,1.69001
160,-3.26319,0.466102,0.58963
61,-3.26319,0.466102,0.58963
160,-2.86384,1.00625,0.916809
61,-2.86384,1.00625,0.916809
160,-2.81857,0.916709,0.944674
61,-2.81857,0.916709,0.944674
161,0.804043,-0.442348,0.23999
161,0.881236,-0.169676,0.162205
161,0.741904,-0.157597,0.224371
161,0.998472,-0.110748,0.0629445
161,0.991306,-0.11563,0.015757
161,0.988727,-0.123151,-0.0338008
161,0.988675,-0.110615,0.00681615
161,0.85732,-0.0471228,0.200817
161,0.846165,-0.0466233,0.193111
161,0.857749,-0.0367275,0.193279
161,0.850834,-0.0387818,0.189103
161,0.875624,-0.0243392,0.192381
161,0.856969,-0.0279936,0.183568
161,0.880898,-0.0184875,0.190711
161,1.07068,-0.0164212,-0.0109408
161,0.914046,0.0307945,0.216534
161,0.914639,0.0527542,0.210373
161,0.910663,0.0527964,0.202972
161,0.911292,0.0570019,0.207987
161,0.911284,0.0712965,0.204259
161,1.19772,0.1397,-0.240141
161,1.1884,0.153272,-0.218249
161,-0.410446,-0.0608996,0.242951
161,1.27938,0.356761,-0.216472
161,0.490001,0.365718,0.452544
161,0.474342,0.313742,0.276995
161,0.503641,0.365689,0.405957
161,1.38947,0.552912,-0.312601
161,1.46112,0.591573,-0.317494
161,1.39874,0.604952,-0.318192
161,-2.54366,0.987019,1.29848
161,-1.33198,0.938622,-0.484851
161,1.80434,1.85832,-0.568841
161,1.84765,1.88202,-0.598089
161,-0.790297,1.32353,-0.3217
161,-0.825496,1.33836,-0.329854
161,1.55011,2.53858,1.28206
161,1.55345,2.5509,1.2827
161,-2.7547,1.03261,0.295527
161,-2.76173,1.03064,0.267068
161,1.42912,2.56263,1.32133
161,1.45431,2.57815,1.31588
161,1.47773,2.61963,1.32804
161,1.5018,2.64187,1.31846
161,1.47589,2.65684,1.32217
161,1.56813,2.6825,1.28776
161,1.54609,2.6881,1.28714
161,1.55042,2.73361,1.29017
161,1.48299,2.72478,1.32192
161,1.46811,2.7203,1.31879
161,-0.210261,2.49247,1.64791
161,-0.229457,2.61344,1.73866
161,-0.262877,2.54744,1.54527
161,-0.233733,2.4853,1.2894
161,-0.22562,2.48675,1.28063
161,-0.234189,2.48401,1.27309
161,-0.235267,2.47399,1.20736
161,-0.26103,2.47612,1.2259
161,-0.233633,2.52935,1.30628
161,-0.30665,2.50016,1.26292
161,-0.149971,2.58247,1.31865
161,-0.241102,2.68511,1.72511
161,-0.1048,2.60183,1.30951
161,-0.119499,2.62884,1.31828
161,-0.93124,2.13306,0.393485
161,-0.298627,2.30999,0.315483
161,-0.279895,2.33857,0.339627
161,-0.247665,2.42468,0.436323
161,-0.244827,2.3972,0.320352
161,-0.283511,2.39106,0.30784
161,0.350444,2.36457,-0.404642
161,0.308349,2.46411,-0.201975
161,0.332742,2.39589,-0.451523
161,0.33258,2.40255,-0.430487
161,0.330715,2.40907,-0.460411
161,0.338659,2.49243,-0.210403
161,0.47984,2.56238,-0.148656
161,0.664315,2.52715,-0.44462
161,0.462021,2.56108,-0.148327
161,0.330934,2.40398,-0.537522
161,0.661595,2.5053,-0.527425
161,0.659337,2.59755,-0.225817
161,0.352037,2.49903,-0.264025
161,0.373522,2.50483,-0.267584
161,0.730053,2.51943,-0.55869
161,0.641588,2.60328,-0.208263
161,0.374476,2.46995,-0.402777
161,0.617287,2.50184,-0.527339
161,0.535828,2.5135,-0.414903
161,0.383429,2.47389,-0.403991
161,0.590264,2.50443,-0.499283
161,0.61202,2.50105,-0.53116
161,0.375527,2.42872,-0.545863
161,0.641751,2.61416,-0.192095
161,0.365688,2.46192,-0.429685
161,0.462609,2.5595,-0.205921
161,0.492797,2.50685,-0.405538
161,0.611642,2.52275,-0.467907
161,0.40879,2.54626,-0.202277
161,0.719594,2.54215,-0.508087
161,0.558323,2.48976,-0.528341
161,0.526733,2.52685,-0.380354
161,0.417697,2.47985,-0.433023
161,0.642595,2.59414,-0.273527
161,0.741679,2.53341,-0.563786
161,0.66933,2.6095,-0.248814
161,0.500115,2.51059,-0.4146
161,0.375727,2.42404,-0.579928
161,0.319069,2.52305,-0.205582
161,0.589648,2.54559,-0.385684
161,0.373538,2.51359,-0.289923
161,0.374804,2.46263,-0.459414
161,0.489436,2.58098,-0.183022
161,0.383783,2.46563,-0.460301
161,0.669178,2.63374,-0.188004
161,0.554188,2.53068,-0.420607
161,0.439379,2.49025,-0.448177
161,0.490802,2.53406,-0.353902
161,0.437314,2.50097,-0.412475
161,0.598749,2.56329,-0.362037
161,0.382475,2.5232,-0.292918
161,0.362051,2.54375,-0.207654
161,0.697142,2.61857,-0.280662
161,0.374807,2.46784,-0.471261
161,0.383805,2.47045,-0.472004
161,0.491944,2.49395,-0.497909
161,0.611027,2.58896,-0.301564
161,0.427882,2.52407,-0.35154
161,0.706503,2.62618,-0.282959
161,0.350852,2.56006,-0.165803
161,0.608296,2.56495,-0.39202
161,0.715732,2.6243,-0.301869
161,0.375627,2.43907,-0.589968
161,0.372454,2.56822,-0.168096
161,0.318119,2.56398,-0.132014
161,0.490256,2.58637,-0.243139
161,0.617555,2.58468,-0.368952
161,0.41998,2.48916,-0.497988
161,0.409673,2.54919,-0.330585
161,0.372352,2.58653,-0.185153
161,0.726405,2.67863,-0.228352
161,0.353702,2.61052,-0.14314
161,0.727191,2.70771,-0.188003
161,0.354215,2.49649,-0.571274
161,-1.84487,2.58006,1.73539
161,-1.74876,2.64433,1.83603
161,0.761434,2.93754,-0.31135
161,-1.83939,3.10901,1.95686
161,-2.28422,2.84311,1.3855
161,-2.34076,2.90873,1.40898
161,-2.39493,2.92496,1.39625
161,-2.39665,2.93667,1.40369
161,-3.60392,2.77439,1.38075
161,-0.254272,2.6528,1.20431
160,-0.254272,2.6528,1.20431
161,0.64829,2.44109,-0.472289
160,0.64829,2.44109,-0.472289
161,0.49271,2.66619,-0.339283
160,0.49271,2.66619,-0.339283
161,0.0607749,-1.00008,0.93494
160,0.0607749,-1.00008,0.93494
161,-0.163139,2.92327,1.33578
160,-0.163139,2.92327,1.33578
161,-1.87463,2.57174,0.232896
160,-1.87463,2.57174,0.232896
161,-0.862606,2.29515,1.24922
160,-0.862606,2.29515,1.24922
161,-1.02625,1.94026,-0.585126
160,-1.02625,1.94026,-0.585126
161,-1.59918,2.07356,0.33323
160,-1.59918,2.07356,0.33323
161,-0.777155,2.17648,0.315775
160,-0.777155,2.17648,0.315775
161,-0.704165,1.8929,0.378441
160,-0.704165,1.8929,0.378441
161,-0.257796,2.66355,1.21069
160,-0.257796,2.66355,1.21069
161,-2.87395,0.988809,0.807565
160,-2.87395,0.988809,0.807565
161,-0.935278,2.48887,0.266783
160,-0.935278,2.48887,0.266783
161,-3.03214,1.34003,1.35239
160,-3.03214,1.34003,1.35239
161,-1.12195,1.80266,-0.525363
160,-1.12195,1.80266,-0.525363
161,-0.986666,2.68346,0.709866
160,-0.986666,2.68346,0.709866
161,-0.742108,2.15167,0.337016
160,-0.742108,2.15167,0.337016
161,-1.80339,2.50314,0.254647
160,-1.80339,2.50314,0.254647
161,-1.71973,2.32814,0.283346
159,-1.71973,2.32814,0.283346
161,-1.01071,2.55088,1.61695
159,-1.01071,2.55088,1.61695
161,-1.01913,2.57915,0.682969
159,-1.01913,2.57915,0.682969
161,-1.78504,2.48146,0.256407
159,-1.78504,2.48146,0.256407
161,-1.00402,2.52825,0.690353
159,-1.00402,2.52825,0.690353
161,-1.10167,2.93909,0.202485
159,-1.10167,2.93909,0.202485
161,-0.959929,1.64431,-0.461753
159,-0.959929,1.64431,-0.461753
161,-2.2161,2.71144,1.36293
159,-2.2161,2.71144,1.36293
161,-0.302241,2.81975,1.72385
56,-0.302241,2.81975,1.72385
161,-0.949015,2.45328,1.22238
158,-0.949015,2.45328,1.22238
161,-1.04641,2.67681,0.733589
158,-1.04641,2.67681,0.733589
161,-0.950833,2.52111,0.451736
158,-0.950833,2.52111,0.451736
161,-0.265527,2.66418,0.534239
158,-0.265527,2.66418,0.534239
161,-0.740023,1.74867,0.786205
17,-0.740023,1.74867,0.786205
161,-0.271402,2.51801,0.264632
16,-0.271402,2.51801,0.264632
162,0.810895,-0.518089,0.276262
162,0.797411,-0.515967,0.274575
162,0.814514,-0.508075,0.275709
162,0.881627,-0.184505,0.155591
162,0.880673,-0.182106,0.160369
162,0.978997,-0.139924,0.140742
162,0.986751,-0.127512,0.136445
162,1.00545,-0.123869,0.132771
162,1.00407,-0.124906,0.125356
162,1.02139,-0.12253,0.114372
162,0.986207,-0.12032,0.115963
162,0.985341,-0.120636,0.110522
162,0.991725,-0.105467,0.106029
162,0.99541,-0.109759,0.0559568
162,0.852796,-0.0762204,0.213616
162,0.874782,-0.072467,0.21456
162,0.85317,-0.0739248,0.213543
162,0.836874,-0.0783159,0.203676
162,0.991576,-0.0643985,0.163407
162,0.865573,-0.0707881,0.210716
162,0.992212,-0.0623746,0.158183
162,0.87952,-0.0652044,0.211537
162,0.748732,-0.0843321,0.183416
162,0.759586,-0.0809025,0.184709
162,0.845883,-0.0572288,0.216254
162,0.762225,-0.0759192,0.183586
162,0.766572,-0.074585,0.182853
162,0.761817,-0.0650518,0.18057
162,0.764735,-0.0605702,0.178137
162,1.27398,-0.0570455,-0.127218
162,0.762035,-0.0489221,0.170151
162,1.44769,0.0417223,-0.108032
162,1.44953,0.0545977,-0.119433
162,0.946083,0.0780861,0.181684
162,0.938133,0.0827901,0.179433
162,1.03007,0.0474496,-0.165605
162,1.02184,0.0418601,-0.199973
162,1.55919,0.143492,-0.137531
162,1.40677,0.106426,-0.206299
162,1.57548,0.158147,-0.134956
162,1.56815,0.157249,-0.142036
162,1.59423,0.149089,-0.190227
162,1.40304,0.124068,-0.213918
162,1.41933,0.136281,-0.218484
162,1.03977,0.0868479,-0.236834
162,1.07421,0.0949974,-0.228731
162,1.08842,0.118547,-0.252788
162,1.10049,0.132698,-0.296671
162,1.23719,0.20519,-0.296158
162,1.23293,0.206329,-0.297097
162,1.23319,0.211435,-0.29364
162,1.2298,0.212713,-0.295851
162,1.24076,0.247632,-0.2967
162,1.52527,0.333175,-0.180132
162,1.26566,0.271205,-0.31304
162,1.53723,0.351227,-0.188348
162,0.59728,0.387424,0.249896
162,-0.253173,0.386424,0.13049
162,1.17404,0.478153,-0.382525
162,1.26107,0.542852,-0.379602
162,1.27394,0.577914,-0.404687
162,1.28568,0.605321,-0.415393
162,1.39648,0.659486,-0.363524
162,1.38023,0.662351,-0.399577
162,1.40618,0.721364,-0.401297
162,1.58397,0.775151,-0.380055
162,1.50498,0.773617,-0.390051
162,1.52029,0.781916,-0.437473
162,1.53882,0.838505,-0.428345
162,1.60617,0.850422,-0.424222
162,1.56746,0.894385,-0.459476
162,1.58388,0.917436,-0.510479
162,2.29822,1.30527,-0.306047
162,2.29617,1.31053,-0.315397
162,1.55547,1.26,-0.68665
162,1.79746,1.82361,1.11058
162,1.60389,1.3863,-0.759787
162,1.52933,1.4157,-0.747873
162,1.55629,1.57893,-0.493884
162,1.57078,1.66069,-0.530188
162,1.59264,1.83805,-0.602016
162,-1.62559,1.40888,-0.330113
162,1.82629,1.90734,-0.584216
162,-0.269156,2.26894,1.73426
162,1.92328,2.09277,-0.701008
162,1.93273,2.10584,-0.712315
162,1.93535,2.12349,-0.701754
162,-0.20392,2.16247,0.320391
162,-0.194929,2.18984,0.339674
162,1.69988,2.23687,-0.802222
162,-1.00233,2.5554,1.74411
162,2.13144,2.44005,-0.764086
162,0.709476,2.30462,-0.487812
162,1.75381,2.3986,-0.881624
162,0.737479,2.35669,-0.514225
162,0.778059,2.39044,-0.425536
162,0.733912,2.3938,-0.398852
162,0.77496,2.43616,-0.277863
162,0.735002,2.41073,-0.384828
162,0.736571,2.42641,-0.350278
162,0.748928,2.47145,-0.307549
162,0.745316,2.46038,-0.430157
162,0.742447,2.45707,-0.537249
162,0.737397,2.48771,-0.429762
162,0.733581,2.46569,-0.540324
162,0.658959,2.4561,-0.564758
162,0.719535,2.50336,-0.434768
162,0.715566,2.47775,-0.544486
162,0.728542,2.58135,-0.214239
162,0.547591,2.45671,-0.572462
162,0.656328,2.5334,-0.413663
162,0.613616,2.49492,-0.558644
162,0.436915,2.48158,-0.529198
162,0.673976,2.54849,-0.45939
162,0.494582,2.52126,-0.484976
162,0.499072,2.48831,-0.614139
162,0.495506,2.5335,-0.459211
162,0.4182,2.51102,-0.50951
162,0.437574,2.53281,-0.487681
162,0.481414,2.52057,-0.575533
162,0.501151,2.53787,-0.552067
162,0.36588,2.57999,-0.36058
162,0.401199,2.58934,-0.415388
162,0.468583,2.55918,-0.641707
162,0.365106,2.59677,-0.560692
162,0.344895,2.61032,-0.565292
162,0.331504,2.66291,-0.397185
162,0.277994,2.65517,-0.675823
162,-1.15965,3.33815,2.02108
162,1.82682,3.65687,1.34312
162,1.7546,3.65881,1.39191
162,1.72583,3.65694,1.38019
162,-1.15488,3.42085,2.0923
162,1.8241,3.70707,1.34755
162,-1.21079,3.44678,2.04919
162,-1.19068,3.5016,2.11279
162,-1.2287,3.50783,2.06701
162,-1.06461,3.01529,0.153033
162,1.76739,3.83755,1.39846
162,1.71782,3.30361,-0.7468
162,1.74794,3.34289,-0.737479
162,1.89724,3.94971,1.37573
162,-2.79716,3.58663,1.45934
162,-2.28817,3.3545,0.112534
162,-2.39953,3.41471,0.105225
162,-2.88031,3.70777,1.45302
162,-3.02522,3.94326,1.48972
162,-3.36853,4.25738,1.50904
162,-3.34269,4.31025,1.52765
162,-3.34202,4.31223,1.52325
162,-3.56181,4.61984,1.55573
162,-3.17365,5.14403,2.47129
162,-0.433845,2.4269,1.79772
161,-0.433845,2.4269,1.79772
162,-0.349779,3.1452,1.84161
161,-0.349779,3.1452,1.84161
162,-0.238045,2.43776,1.72864
161,-0.238045,2.43776,1.72864
162,-0.361677,3.2118,1.80158
161,-0.361677,3.2118,1.80158
162,-0.370829,3.284,1.86675
161,-0.370829,3.284,1.86675
162,-0.742938,1.32686,-0.311659
161,-0.742938,1.32686,-0.311659
162,-1.26652,1.49372,0.44599
161,-1.26652,1.49372,0.44599
162,-0.878075,2.32769,0.323239
161,-0.878075,2.32769,0.323239
162,-1.18441,3.18424,0.13155
161,-1.18441,3.18424,0.13155
162,-1.60319,2.1347,0.327534
161,-1.60319,2.1347,0.327534
162,-0.822367,2.13789,0.330595
161,-0.822367,2.13789,0.330595
162,-1.8232,5.25553,-0.237436
161,-1.8232,5.25553,-0.237436
162,-1.41132,3.97978,0.00227252
161,-1.41132,3.97978,0.00227252
162,0.357921,2.35627,-0.533659
161,0.357921,2.35627,-0.533659
162,-0.939738,2.50953,0.268977
161,-0.939738,2.50953,0.268977
162,-0.862545,2.42964,0.273716
160,-0.862545,2.42964,0.273716
162,-0.271201,-0.00851891,1.35634
160,-0.271201,-0.00851891,1.35634
162,-0.25756,-0.0570658,1.34752
160,-0.25756,-0.0570658,1.34752
162,-1.02286,2.50527,0.295354
160,-1.02286,2.50527,0.295354
162,-0.317414,2.81206,1.63214
56,-0.317414,2.81206,1.63214
162,-0.306354,2.78893,1.72804
57,-0.306354,2.78893,1.72804
162,-0.595944,2.24302,1.80838
57,-0.595944,2.24302,1.80838
162,-2.29249,2.35412,0.0339794
159,-2.29249,2.35412,0.0339794
162,0.570993,1.75791,-0.735168
53,0.570993,1.75791,-0.735168
162,0.534876,2.01827,-0.651108
3,0.534876,2.01827,-0.651108
163,0.552838,-0.838442,1.11575
163,0.817873,-0.520272,0.259839
163,0.817772,-0.520221,0.257353
163,0.911621,-0.194991,0.160896
163,0.908527,-0.193003,0.159888
163,0.850722,-0.187763,0.174009
163,0.882158,-0.184802,0.17086
163,0.764738,-0.129842,0.215264
163,0.766922,-0.127087,0.212454
163,0.770087,-0.117631,0.210219
163,0.736296,-0.10574,0.204758
163,0.853131,-0.0748602,0.208714
163,1.02181,-0.0855603,0.0923785
163,1.02207,-0.0839175,0.0929735
163,0.858693,-0.0605024,0.202485
163,0.855985,-0.0494813,0.20868
163,1.00301,-0.0654594,0.0538589
163,0.999173,-0.0441035,-0.136651
163,1.01939,-0.0280586,-0.0878718
163,1.01719,-0.0372144,-0.142399
163,1.02469,-0.0159979,-0.157955
163,1.02516,-0.00010252,-0.104995
163,1.22654,0.0264856,-0.24024
163,1.12943,0.0901731,-0.257311
163,1.10164,0.0950251,-0.265569
163,1.35927,0.106244,-0.249452
163,1.13382,0.09999,-0.262795
163,1.36907,0.108692,-0.25349
163,1.13851,0.103812,-0.26018
163,1.19739,0.104211,-0.265897
163,1.36189,0.111485,-0.255157
163,1.09624,0.107799,-0.254634
163,1.34924,0.120221,-0.258935
163,1.3488,0.121241,-0.261514
163,1.08542,0.116822,-0.270058
163,1.0885,0.120262,-0.269862
163,1.05453,0.123916,-0.265323
163,1.09588,0.128653,-0.255464
163,1.07926,0.129388,-0.278906
163,1.08206,0.14506,-0.266522
163,1.07846,0.148602,-0.268882
163,1.44906,0.181367,-0.260545
163,1.44835,0.183981,-0.2623
163,1.23923,0.179296,-0.277393
163,1.45041,0.193162,-0.268668
163,1.21166,0.19234,-0.25037
163,1.22305,0.193787,-0.258832
163,1.42902,0.201165,-0.265799
163,1.4049,0.208287,-0.233307
163,1.40445,0.217198,-0.236245
163,1.41509,0.21781,-0.242952
163,1.42578,0.219216,-0.241452
163,1.23396,0.212697,-0.266383
163,1.43091,0.228363,-0.242442
163,1.24045,0.218085,-0.270341
163,1.42904,0.228255,-0.250481
163,1.64674,0.29552,-0.228996
163,1.6549,0.305262,-0.237702
163,1.65062,0.306776,-0.24133
163,1.66541,0.311669,-0.243361
163,1.58704,0.310794,-0.293801
163,1.66729,0.32359,-0.249833
163,1.11646,0.30981,-0.271717
163,1.69617,0.324195,-0.281968
163,1.20402,0.326531,-0.240533
163,1.21447,0.337101,-0.244552
163,1.65821,0.346267,-0.260828
163,1.22584,0.339092,-0.246317
163,0.258716,0.428686,0.222202
163,1.74904,0.381948,-0.337103
163,0.245586,0.474943,0.202939
163,1.41487,0.429008,-0.218734
163,1.32587,0.430138,-0.256467
163,1.3032,0.434209,-0.264239
163,1.29928,0.437604,-0.266098
163,0.226661,0.518726,0.178772
163,0.235103,0.524066,0.188508
163,1.30852,0.451532,-0.274894
163,1.74542,0.405951,-0.559226
163,1.59096,0.48593,-0.269483
163,1.46145,0.492034,-0.234522
163,1.75752,0.426357,-0.580729
163,1.59821,0.499517,-0.27881
163,1.47525,0.510328,-0.222039
163,1.4241,0.539233,-0.288277
163,1.37819,0.538388,-0.303466
163,1.50529,0.558252,-0.249991
163,1.39567,0.549672,-0.304188
163,1.36712,0.551067,-0.303679
163,1.38815,0.552964,-0.305764
163,1.37883,0.556516,-0.315504
163,1.51596,0.578717,-0.270345
163,1.53135,0.609792,-0.282714
163,1.54602,0.613935,-0.28274
163,1.95155,0.545378,-0.623322
163,2.51994,0.55565,-0.645641
163,1.54778,0.618722,-0.289583
163,1.56978,0.629148,-0.289528
163,1.55296,0.627895,-0.293778
163,1.99036,0.574867,-0.613567
163,2.41454,0.584245,-0.630661
163,2.16311,0.595607,-0.637797
163,1.41287,0.649825,-0.331537
163,2.13731,0.599021,-0.628693
163,2.15187,0.625218,-0.626934
163,2.24965,0.639551,-0.609867
163,1.38755,0.688935,-0.352881
163,2.02286,0.661335,-0.603952
163,2.35766,0.661623,-0.640398
163,2.33147,0.666816,-0.621622
163,2.40028,0.665483,-0.643211
163,2.32598,0.669547,-0.642656
163,2.36535,0.670595,-0.645151
163,2.36573,0.679137,-0.610331
163,2.33213,0.682239,-0.625032
163,2.03422,0.686184,-0.61718
163,2.40383,0.73069,-0.571288
163,2.40596,0.733712,-0.573306
163,2.13147,0.727417,-0.599629
163,2.13129,0.730768,-0.594633
163,2.1181,0.761945,-0.623446
163,2.27527,0.839403,-0.594317
163,2.30816,0.834426,-0.621679
163,2.41172,0.844971,-0.610723
163,2.36412,0.843046,-0.640883
163,2.32675,0.845279,-0.631244
163,2.33666,0.851207,-0.611149
163,2.41352,0.855538,-0.613638
163,2.34576,0.857039,-0.608466
163,2.37363,0.853838,-0.638798
163,2.20489,0.86087,-0.604359
163,2.37156,0.877595,-0.606572
163,2.01278,0.864985,-0.647156
163,2.05794,0.865637,-0.660161
163,2.36573,0.886688,-0.611868
163,2.03796,0.911486,-0.669458
163,2.88095,1.16521,-0.607725
163,2.91351,1.20879,-0.625262
163,1.40748,1.197,-0.630596
163,1.46128,1.25206,-0.655329
163,1.45827,1.25294,-0.653904
163,1.46426,1.25389,-0.652581
163,1.47513,1.28368,-0.661166
163,1.39737,1.29179,-0.647652
163,1.39237,1.30696,-0.648568
163,2.7701,1.818,1.26417
163,1.40305,1.32563,-0.666616
163,2.74641,1.82595,1.26651
163,2.86195,1.40398,-0.585344
163,2.77785,1.84145,1.26712
163,2.75842,1.84205,1.26827
163,2.86769,1.4107,-0.587582
163,-0.806283,1.87839,1.77028
163,2.89787,1.4169,-0.577682
163,2.88916,1.40985,-0.609948
163,2.7744,1.86657,1.27242
163,2.89941,1.42925,-0.587189
163,-0.830523,1.91237,1.78792
163,2.79451,1.88475,1.26089
163,2.91047,1.44712,-0.60073
163,2.92843,1.48711,-0.625747
163,1.8254,1.90414,1.2457
163,1.79258,1.9102,1.23935
163,2.92445,1.49648,-0.630105
163,1.7971,1.93385,1.24489
163,1.83704,1.93672,1.2514
163,1.83788,1.99146,1.11529
163,2.844,1.91932,0.434226
163,2.31594,1.69561,-0.574901
163,2.33421,1.72252,-0.577583
163,2.26981,1.71094,-0.641008
163,2.30332,1.71579,-0.641444
163,2.24187,1.74015,-0.591249
163,2.25275,1.75165,-0.586591
163,1.628,1.7716,-0.594283
163,2.35182,1.78695,-0.621539
163,2.32371,1.77725,-0.673926
163,2.34503,1.8029,-0.6138
163,1.60089,1.8224,-0.603713
163,2.92235,1.95284,-0.248227
163,1.59394,1.84115,-0.611799
163,2.85961,1.8921,-0.559813
163,2.86279,1.90122,-0.563701
163,2.94518,1.98952,-0.246807
163,2.98762,2.02197,-0.259699
163,2.97797,2.02805,-0.26272
163,3.03361,2.08913,-0.28265
163,-0.253998,2.54861,2.00921
163,-0.244795,2.48987,1.69415
163,-0.208905,2.49233,1.6647
163,-0.211921,2.49554,1.66354
163,-0.212972,2.52064,1.73953
163,-0.216187,2.51208,1.69169
163,-0.271786,2.54589,1.78752
163,-0.227993,2.54234,1.73965
163,2.36041,2.71919,1.3436
163,3.82097,2.82661,1.47355
163,-0.257344,2.46853,0.257269
163,3.81776,2.79507,1.15523
163,3.91177,2.94455,1.7718
163,3.85734,2.79908,1.1534
163,3.74579,2.79446,1.1414
163,-0.524471,2.90758,2.07332
163,-0.252416,2.49973,0.273201
163,3.86505,2.89641,1.49098
163,2.3716,2.93625,1.80002
163,2.41544,2.83289,1.34925
163,3.76219,2.81627,1.12801
163,3.75039,2.84953,1.23877
163,3.73441,2.84132,1.19962
163,3.76915,2.83446,1.1494
163,2.82336,2.99383,1.90488
163,2.2968,2.95293,1.75902
163,3.84101,2.85138,1.16184
163,2.31986,2.95474,1.75808
163,2.38438,2.97279,1.807
163,0.223121,2.3249,-0.694871
163,3.89745,2.86548,1.15996
163,2.85929,3.01316,1.88531
163,3.70534,2.87632,1.20527
163,0.23245,2.33557,-0.69993
163,2.32561,2.98108,1.78291
163,3.04832,3.03916,1.84004
163,2.33007,3.01172,1.79342
163,3.05056,3.04662,1.8619
163,3.05282,3.06107,1.87118
163,1.58526,2.89156,1.29321
163,3.07116,3.07511,1.89782
163,3.77456,2.76958,0.531327
163,3.78624,2.7842,0.549408
163,0.354836,2.4525,-0.496346
163,1.57225,2.92067,1.33183
163,3.11841,3.0835,1.84801
163,3.74564,2.79174,0.535351
163,3.65253,2.84761,0.756802
163,-1.08431,3.02234,1.97838
163,2.32229,3.07236,1.77938
163,3.80119,2.85126,0.667221
163,3.75001,3.11529,1.78205
163,3.68931,2.58183,-0.466946
163,3.78132,2.96266,1.11329
163,2.491,2.99577,1.38991
163,3.78689,2.80232,0.413794
163,3.78224,2.79898,0.389254
163,0.605013,2.59124,-0.15268
163,0.748588,2.56799,-0.310797
163,0.362702,2.58691,-0.230497
163,3.77237,2.76652,0.133575
163,0.349191,2.59582,-0.218279
163,0.354055,2.5208,-0.622344
163,3.59038,2.63593,-0.508204
163,3.84126,2.8875,0.525451
163,0.328271,2.53497,-0.583054
163,0.744722,2.59928,-0.453172
163,3.85985,2.89643,0.411298
163,0.771955,2.61766,-0.460745
163,0.334221,2.57997,-0.621897
163,3.6594,2.70876,-0.541262
163,3.64054,2.71266,-0.524804
163,3.78249,3.01723,0.594868
163,3.65454,2.75112,-0.554419
163,3.82161,3.04553,0.660612
163,0.711275,2.68305,-0.642808
163,3.6963,2.82575,-0.542306
163,1.57899,2.78383,-0.57457
163,1.6139,2.79225,-0.561592
163,1.61484,2.79777,-0.578603
163,2.39323,3.30994,1.46652
163,-2.2195,3.40544,2.17857
163,-2.33828,4.14485,2.32198
163,-2.40885,4.27238,2.35289
163,2.3373,2.84138,1.36187
162,2.3373,2.84138,1.36187
163,-1.06209,2.83193,1.90748
162,-1.06209,2.83193,1.90748
163,-1.21876,3.441,0.0732852
162,-1.21876,3.441,0.0732852
163,0.0288533,0.253163,1.42927
162,0.0288533,0.253163,1.42927
163,-0.438236,2.4461,1.86676
162,-0.438236,2.4461,1.86676
163,2.37615,3.1932,1.41655
162,2.37615,3.1932,1.41655
163,2.11545,2.49194,1.35285
162,2.11545,2.49194,1.35285
163,1.76053,0.39572,-0.310026
162,1.76053,0.39572,-0.310026
163,-0.737555,2.72758,1.98643
162,-0.737555,2.72758,1.98643
163,2.45264,3.40046,1.43313
162,2.45264,3.40046,1.43313
163,2.16186,2.75805,1.37206
162,2.16186,2.75805,1.37206
163,2.29039,2.72063,1.35345
162,2.29039,2.72063,1.35345
163,-0.679125,3.46172,2.05913
162,-0.679125,3.46172,2.05913
163,-0.409227,2.34267,1.80127
162,-0.409227,2.34267,1.80127
163,-0.365036,2.22462,1.8049
162,-0.365036,2.22462,1.8049
163,-1.1735,4.14232,2.3098
162,-1.1735,4.14232,2.3098
163,-0.942297,2.52077,2.00558
162,-0.942297,2.52077,2.00558
163,-0.979091,2.42117,1.9867
162,-0.979091,2.42117,1.9867
163,2.30098,2.61039,1.3402
162,2.30098,2.61039,1.3402
163,-0.140968,2.54465,1.31222
162,-0.140968,2.54465,1.31222
163,-0.900356,2.42266,1.7764
162,-0.900356,2.42266,1.7764
163,-0.867707,2.1972,1.73671
162,-0.867707,2.1972,1.73671
163,2.05504,2.02784,1.29107
162,2.05504,2.02784,1.29107
163,2.34731,3.06954,1.40995
162,2.34731,3.06954,1.40995
163,2.26242,2.51327,1.33522
162,2.26242,2.51327,1.33522
163,2.19599,2.70675,1.37505
162,2.19599,2.70675,1.37505
163,0.368995,2.28707,-0.257961
162,0.368995,2.28707,-0.257961
163,2.51495,3.13965,1.38302
162,2.51495,3.13965,1.38302
163,2.32017,2.81341,1.35167
162,2.32017,2.81341,1.35167
163,-0.887303,2.24689,1.74542
162,-0.887303,2.24689,1.74542
163,-0.0772826,2.71929,1.31189
162,-0.0772826,2.71929,1.31189
163,-0.834528,2.22904,0.368581
162,-0.834528,2.22904,0.368581
163,2.72219,4.12827,1.52097
162,2.72219,4.12827,1.52097
163,2.17297,2.61456,1.38305
162,2.17297,2.61456,1.38305
163,-1.15745,2.84403,0.231997
162,-1.15745,2.84403,0.231997
163,1.93112,1.6832,1.26079
162,1.93112,1.6832,1.26079
163,-1.55977,3.87727,0.080118
162,-1.55977,3.87727,0.080118
163,1.99735,2.41803,1.27986
162,1.99735,2.41803,1.27986
163,2.23059,2.76698,1.3996
162,2.23059,2.76698,1.3996
163,1.90833,2.1586,1.26691
162,1.90833,2.1586,1.26691
163,0.668831,2.62119,-0.188656
161,0.668831,2.62119,-0.188656
163,1.52533,2.61009,1.2019
161,1.52533,2.61009,1.2019
163,-0.395293,3.61674,1.38586
161,-0.395293,3.61674,1.38586
163,-2.06762,2.47772,0.260898
56,-2.06762,2.47772,0.260898
163,3.41932,1.92548,-0.691406
53,3.41932,1.92548,-0.691406
163,4.0737,3.32593,-0.484007
53,4.0737,3.32593,-0.484007
163,0.611462,2.63183,-0.183599
57,0.611462,2.63183,-0.183599
163,-0.908838,2.46832,1.84055
57,-0.908838,2.46832,1.84055
163,-0.851345,2.35325,1.80241
57,-0.851345,2.35325,1.80241
163,-0.913276,2.40406,1.81357
57,-0.913276,2.40406,1.81357
164,0.855289,-0.186053,0.179046
164,0.851175,-0.183868,0.170941
164,0.85357,-0.182965,0.169037
164,0.882232,-0.186466,0.164646
164,0.881631,-0.179116,0.157903
164,0.882061,-0.168893,0.175783
164,0.909085,-0.16953,0.143699
164,0.90688,-0.168965,0.139734
164,0.85341,-0.0383605,0.195281
164,0.996406,-0.0905758,0.0714491
164,0.994289,-0.0861313,0.074303
164,1.02164,-0.087308,0.0662748
164,0.985555,-0.0911208,-0.27828
164,1.00385,-0.0269895,-0.153605
164,0.994668,-0.0135376,-0.121884
164,0.997176,-0.0112239,-0.123743
164,1.01142,-0.0276929,-0.228459
164,1.0001,-0.0257213,-0.230419
164,0.994661,0.00555897,-0.132306
164,1.01648,-0.00688708,-0.171463
164,1.01764,-0.00644743,-0.169529
164,0.995368,0.0136662,-0.133113
164,1.02218,0.0021807,-0.17265
164,1.01198,-0.0141019,-0.242112
164,1.01235,-0.0109586,-0.246512
164,1.11548,-0.0036577,-0.269672
164,1.1467,-0.00449598,-0.281487
164,1.16862,-0.00424778,-0.270659
164,1.18927,-0.00488603,-0.2883
164,1.14584,0.00562584,-0.283765
164,1.18858,-0.00213385,-0.284777
164,1.12789,0.0121584,-0.286802
164,1.14846,0.00747347,-0.290988
164,1.23529,0.0310316,-0.252165
164,1.21039,0.0106363,-0.35235
164,1.20602,0.0174518,-0.356889
164,1.28468,0.0319752,-0.40876
164,1.2831,0.0343447,-0.415027
164,1.15105,0.101027,-0.272307
164,1.09173,0.119155,-0.252277
164,1.08484,0.123393,-0.254112
164,1.08647,0.12307,-0.257913
164,1.05672,0.126966,-0.268191
164,1.0664,0.131062,-0.25876
164,1.0599,0.13273,-0.269926
164,1.09405,0.130531,-0.261741
164,1.12065,0.140365,-0.230939
164,1.12517,0.147424,-0.233919
164,1.12136,0.149074,-0.231693
164,1.10946,0.151646,-0.231675
164,1.02656,0.172603,-0.240083
164,1.34653,0.111415,-0.259985
164,1.35701,0.115251,-0.259176
164,1.22019,0.142963,-0.255503
164,1.22978,0.181283,-0.244515
164,1.00928,0.217294,-0.269214
164,1.2223,0.185898,-0.252018
164,1.01185,0.221426,-0.267884
164,1.43497,0.20417,-0.24373
164,1.44717,0.195765,-0.270513
164,1.42122,0.203895,-0.273443
164,1.44557,0.167548,-0.446946
164,1.4502,0.17104,-0.438663
164,1.44128,0.226714,-0.255254
164,1.44988,0.171106,-0.454334
164,1.47059,0.18312,-0.411765
164,1.47973,0.185967,-0.433464
164,1.57937,0.264261,-0.27821
164,1.91547,0.642375,1.10563
164,2.41929,0.111775,-0.59602
164,1.63775,0.293744,-0.437995
164,1.63838,0.30043,-0.437408
164,1.70569,0.331704,-0.303166
164,1.71206,0.341559,-0.30161
164,2.43843,0.132886,-0.611832
164,2.42947,0.142102,-0.609395
164,2.43662,0.144591,-0.617469
164,2.52016,0.127468,-0.629025
164,2.52559,0.127682,-0.637815
164,2.52279,0.131691,-0.63242
164,2.5558,0.121286,-0.653826
164,2.52892,0.129871,-0.643349
164,1.67269,0.296406,-0.60921
164,1.67352,0.300086,-0.606985
164,1.69759,0.2974,-0.602808
164,1.67523,0.301893,-0.612618
164,1.75269,0.373476,-0.307729
164,1.73044,0.30926,-0.555609
164,1.73053,0.309211,-0.566657
164,1.68468,0.30334,-0.644335
164,1.71193,0.309502,-0.612079
164,1.73062,0.328064,-0.564766
164,1.76083,0.358076,-0.567208
164,2.04906,0.289037,-0.648973
164,2.05055,0.289372,-0.650831
164,2.04468,0.293651,-0.644839
164,1.76447,0.369295,-0.577945
164,1.9567,0.833667,1.13084
164,1.77241,0.388455,-0.590159
164,1.79042,0.420482,-0.62056
164,3.15363,0.23107,-0.615868
164,1.8297,0.472034,-0.595263
164,3.14332,0.238913,-0.629851
164,3.27642,0.233189,-0.593791
164,3.10027,0.263536,-0.614258
164,3.08039,0.26825,-0.623108
164,1.87107,0.47615,-0.647127
164,1.87637,0.483395,-0.655809
164,1.86834,0.501115,-0.608753
164,1.86621,0.501253,-0.60974
164,1.86521,0.507534,-0.606775
164,1.87507,0.492185,-0.659258
164,3.11664,0.287512,-0.627125
164,3.09388,0.294546,-0.638928
164,1.39268,0.67773,-0.342462
164,3.08452,0.301799,-0.625528
164,1.9036,0.528837,-0.621235
164,1.90124,0.537956,-0.62323
164,1.99954,0.508129,-0.676434
164,1.89413,0.544925,-0.617971
164,2.89267,0.362843,-0.644522
164,1.92655,0.531078,-0.659122
164,2.00783,0.520072,-0.662086
164,2.0378,0.521453,-0.646648
164,2.00665,0.528732,-0.64699
164,3.05227,0.359134,-0.60735
164,3.04517,0.362152,-0.612504
164,1.91424,0.555063,-0.636317
164,2.03621,0.530994,-0.646814
164,2.03983,0.528693,-0.652978
164,3.09085,0.357952,-0.618741
164,2.06453,0.539727,-0.647706
164,3.08542,0.368589,-0.617339
164,1.98486,0.562292,-0.628786
164,2.64457,0.439825,-0.655985
164,1.94778,0.573579,-0.623412
164,1.93589,0.578991,-0.617782
164,2.07052,0.551452,-0.641309
164,1.99806,0.575921,-0.602753
164,1.94457,0.580102,-0.629644
164,2.04837,0.562301,-0.63326
164,2.00131,0.588889,-0.610774
164,2.59166,0.482876,-0.622418
164,2.09484,0.565302,-0.641226
164,2.05419,0.581273,-0.620757
164,2.16541,0.562996,-0.624588
164,1.99112,0.598154,-0.616452
164,2.5504,0.500434,-0.618769
164,2.09113,0.582263,-0.619585
164,2.38786,0.528159,-0.627078
164,2.16567,0.566641,-0.630841
164,2.23219,0.562298,-0.613834
164,2.5871,0.497674,-0.626579
164,2.22924,0.565195,-0.612233
164,2.10434,0.583438,-0.629073
164,2.16785,0.572896,-0.631194
164,2.14655,0.578438,-0.625473
164,2.05932,0.593232,-0.629038
164,2.47581,0.516407,-0.645622
164,2.21734,0.568195,-0.627528
164,2.1197,0.582948,-0.637177
164,2.58028,0.494167,-0.666301
164,2.26745,0.562452,-0.627077
164,2.39519,0.54267,-0.618366
164,2.05228,0.606887,-0.605234
164,2.12766,0.589422,-0.620983
164,1.39587,0.785838,-0.383975
164,2.55028,0.50956,-0.645815
164,2.00263,0.625149,-0.58563
164,2.46246,0.528441,-0.643852
164,2.211,0.576478,-0.632475
164,2.48895,0.522076,-0.658638
164,2.37647,0.551069,-0.62733
164,2.79291,0.474386,-0.640242
164,2.13062,0.595593,-0.627776
164,2.00762,0.631323,-0.577559
164,2.55932,0.521743,-0.634054
164,2.51758,0.529988,-0.632731
164,2.52531,0.522589,-0.655177
164,2.56049,0.523957,-0.631808
164,2.2203,0.583265,-0.638692
164,2.01337,0.637236,-0.578134
164,3.22159,0.415906,-0.609112
164,2.52303,0.533107,-0.639979
164,2.40536,0.561901,-0.612743
164,2.55244,0.530557,-0.632291
164,2.06425,0.624539,-0.611468
164,3.23804,0.417978,-0.615804
164,2.077,0.621681,-0.620542
164,2.40235,0.567037,-0.615489
164,2.52812,0.540241,-0.634994
164,3.26937,0.412847,-0.631434
164,2.41649,0.568953,-0.615786
164,2.39341,0.575656,-0.607662
164,2.03072,0.648752,-0.594411
164,2.42058,0.573075,-0.620385
164,2.50778,0.559637,-0.618823
164,3.26049,0.425793,-0.624981
164,2.77566,0.509129,-0.659638
164,2.48086,0.575994,-0.625096
164,2.03782,0.660265,-0.604356
164,2.50729,0.573348,-0.621518
164,2.41557,0.591387,-0.625722
164,3.07224,0.477886,-0.623454
164,2.80519,0.51567,-0.657522
164,2.40383,0.595308,-0.627599
164,2.51297,0.575842,-0.629319
164,2.06191,0.661748,-0.610106
164,2.41069,0.599162,-0.616546
164,3.23176,0.467669,-0.574887
164,2.49474,0.584926,-0.637653
164,2.43697,0.606475,-0.625052
164,2.09751,0.67068,-0.621201
164,2.35469,0.641011,-0.629804
164,3.25204,0.491705,-0.600893
164,3.12013,0.504822,-0.645127
164,2.36989,0.640861,-0.636921
164,2.44325,0.643243,-0.616083
164,2.40837,0.641049,-0.656176
164,3.12757,0.518248,-0.642942
164,3.27732,0.507059,-0.595298
164,3.10521,0.523907,-0.654879
164,3.12416,0.526176,-0.640466
164,2.32857,0.669393,-0.635614
164,3.27589,0.513237,-0.600905
164,2.39218,0.705362,-0.62901
164,2.39053,0.705662,-0.63241
164,3.24561,0.567846,-0.624351
164,2.4516,0.739889,-0.629521
164,2.11888,0.795211,-0.650961
164,2.45966,0.738118,-0.649662
164,2.42705,0.755712,-0.624179
164,2.4487,0.74709,-0.645423
164,2.17748,0.815267,-0.61672
164,2.18696,0.815399,-0.622846
164,2.19639,0.822246,-0.595523
164,2.21308,0.811319,-0.628697
164,2.1958,0.823914,-0.595027
164,2.18004,0.821466,-0.61666
164,2.0564,0.842006,-0.624349
164,2.20011,0.827279,-0.597157
164,2.38663,0.784736,-0.635576
164,2.44245,0.783565,-0.604941
164,2.04515,0.85152,-0.620529
164,2.42384,0.784934,-0.630642
164,2.28553,0.806106,-0.64469
164,2.33877,0.8011,-0.638823
164,2.22151,0.822733,-0.639527
164,3.05613,0.674719,-0.654492
164,2.40353,0.795308,-0.647009
164,2.20989,0.840674,-0.607744
164,2.43331,0.792914,-0.641249
164,2.00121,0.867646,-0.653526
164,2.43225,0.798154,-0.644089
164,2.33097,0.826065,-0.622519
164,2.28909,0.836845,-0.623309
164,2.05029,0.877757,-0.63273
164,2.9963,0.716786,-0.622504
164,2.37069,0.826558,-0.62775
164,2.0084,0.880538,-0.664636
164,2.05834,0.87811,-0.642162
164,2.12234,0.861592,-0.66557
164,2.28137,0.85029,-0.610135
164,2.29031,0.8451,-0.625327
164,2.45936,0.816908,-0.633426
164,2.4007,0.828583,-0.629879
164,2.3968,0.831868,-0.625738
164,2.46178,0.818379,-0.634548
164,2.36337,0.848543,-0.589704
164,3.01211,0.728878,-0.636759
164,2.03545,0.900009,-0.651693
164,2.99711,0.742495,-0.634143
164,2.99063,0.756469,-0.632708
164,3.01523,0.757835,-0.6445
164,2.5029,0.859176,-0.631766
164,3.025,0.762971,-0.653806
164,3.00695,0.769831,-0.645325
164,2.9983,0.775313,-0.639738
164,2.38845,0.945251,-0.600995
164,2.39453,0.96363,-0.604222
164,1.11282,1.20592,-0.618296
164,2.509,0.9788,-0.618406
164,2.60694,0.961444,-0.649675
164,2.55208,0.976867,-0.651272
164,2.51715,0.991381,-0.624424
164,2.52588,0.998564,-0.616161
164,2.55541,0.999159,-0.632923
164,1.10405,1.26116,-0.615213
164,2.64088,0.991516,-0.626799
164,1.09506,1.27378,-0.612358
164,1.08412,1.27842,-0.613483
164,3.02895,0.926267,-0.650763
164,2.56225,1.01598,-0.630175
164,2.6027,1.00705,-0.64254
164,2.60452,1.01004,-0.645753
164,1.11051,1.28137,-0.624012
164,1.10932,1.28591,-0.627656
164,2.67871,1.02302,-0.624445
164,2.67914,1.02698,-0.628248
164,1.11001,1.30903,-0.638381
164,2.68927,1.0479,-0.638193
164,2.59743,1.08066,-0.629304
164,3.0343,1.02333,-0.65646
164,2.95796,1.05079,-0.655475
164,1.11194,1.37219,-0.675315
164,3.04373,1.042,-0.668394
164,2.9903,1.07829,-0.650133
164,2.69249,1.14741,-0.642959
164,2.69848,1.15257,-0.646147
164,2.82617,1.14274,-0.65565
164,2.75199,1.15854,-0.655057
164,2.75614,1.15784,-0.65518
164,1.25989,1.41779,-0.675726
164,2.72743,1.17135,-0.635589
164,2.71981,1.22918,-0.623705
164,2.80824,1.20388,-0.660151
164,2.75715,1.22772,-0.642591
164,2.95414,1.19943,-0.622736
164,2.75356,1.23219,-0.644312
164,2.94833,1.20774,-0.625963
164,2.93787,1.22962,-0.639678
164,2.96647,1.225,-0.640613
164,2.86198,1.25637,-0.667578
164,2.90661,1.256,-0.640697
164,2.89631,1.26272,-0.658494
164,3.13274,1.2256,-0.654064
164,2.98192,1.25588,-0.651978
164,-0.0251119,2.36452,1.38909
164,1.85711,1.99742,1.25891
164,2.82152,1.29444,-0.663955
164,1.81516,1.97522,1.14251
164,1.78794,1.98719,1.15339
164,1.07755,1.62757,-0.61161
164,1.08056,1.62776,-0.619957
164,1.8073,1.99882,1.15468
164,1.05816,1.64151,-0.612634
164,2.84951,1.34776,-0.660854
164,1.0941,1.66915,-0.627724
164,2.8896,1.3514,-0.634496
164,3.02917,1.3194,-0.673611
164,2.78376,1.90213,1.25393
164,2.83983,1.35876,-0.664853
164,2.8717,1.38091,-0.605363
164,2.83088,1.40055,-0.561321
164,2.90199,1.37611,-0.614447
164,2.88547,1.40153,-0.57916
164,2.89422,1.39137,-0.612208
164,0.957425,1.7226,-0.67413
164,2.88711,1.41012,-0.591027
164,2.9196,1.40739,-0.613611
164,2.847,1.43775,-0.573648
164,2.90976,1.42073,-0.621642
164,2.91517,1.43172,-0.590935
164,0.957021,1.7496,-0.692753
164,2.92875,1.43972,-0.602223
164,2.9398,1.44516,-0.599068
164,2.97031,1.43954,-0.607957
164,2.81854,1.99606,1.27007
164,2.4155,1.5464,-0.645553
164,2.9977,1.45682,-0.618037
164,2.41445,1.55365,-0.64464
164,3.00646,1.47248,-0.594029
164,3.19131,1.45779,-0.583838
164,2.9828,1.49179,-0.598047
164,2.43051,1.59281,-0.663436
164,3.03209,1.50192,-0.615467
164,3.14021,1.48296,-0.626641
164,3.21742,1.4898,-0.589432
164,3.16234,1.50571,-0.621503
164,3.21419,1.53489,-0.613167
164,3.19287,1.54214,-0.614045
164,3.22632,1.56172,-0.52803
164,3.2971,1.5532,-0.628672
164,3.47564,1.55089,-0.577505
164,3.22352,1.59176,-0.61134
164,3.22647,1.59594,-0.615016
164,2.34201,1.75814,-0.610628
164,2.86229,1.79637,-0.207495
164,3.47143,1.58818,-0.591558
164,1.92411,1.90206,-0.511189
164,2.83078,1.82108,-0.252233
164,3.43247,1.62113,-0.592363
164,2.84466,1.8343,-0.211535
164,3.49198,1.63114,-0.604887
164,1.62179,1.95743,-0.658686
164,1.95707,1.93694,-0.527128
164,3.4817,1.63544,-0.655286
164,2.90376,1.86587,-0.234751
164,1.88274,1.94982,-0.638392
164,3.36408,1.71082,-0.620535
164,3.41363,1.71723,-0.634777
164,3.38376,1.74251,-0.632774
164,3.37776,1.74735,-0.634079
164,2.65291,1.90371,-0.585209
164,1.97984,2.03607,-0.58398
164,0.339033,2.53357,-0.456797
164,0.349714,2.50499,-0.587669
164,0.354674,2.51081,-0.566799
164,0.398093,2.6475,-0.148639
164,4.14297,1.85463,-0.634038
164,0.330148,2.55806,-0.585102
164,0.341314,2.66317,-0.250158
164,1.51621,2.94778,1.35635
164,0.706075,2.58359,-0.60045
164,0.727967,2.58432,-0.602644
164,0.626239,2.73801,-0.176967
164,0.717356,2.70435,-0.374938
164,0.734816,2.66636,-0.509935
164,4.82933,2.53285,1.55554
164,2.50436,2.93756,1.39779
164,0.63038,2.883,-0.206782
164,1.56875,2.64184,-0.480976
164,4.85343,2.63775,1.57093
164,3.83657,2.8928,1.74868
164,3.82104,2.86834,1.59201
164,3.80534,2.85157,1.48687
164,4.78826,2.64587,1.24063
164,4.83221,2.64345,1.24004
164,4.80263,2.6577,1.2509
164,4.85056,2.65954,1.23637
164,4.8881,2.71484,1.37875
164,4.86565,2.71958,1.37177
164,3.79801,2.88568,1.15438
164,3.79269,2.93688,1.19623
164,3.80774,2.93825,1.15853
164,4.9431,2.7962,1.23875
164,3.78016,3.00605,1.18333
164,3.82275,3.02813,1.23283
164,3.80099,3.02806,1.19463
164,4.36964,2.93173,1.1519
164,3.86473,3.01647,1.12825
164,4.37263,2.94154,1.15122
164,3.56004,2.84164,0.213407
164,4.29531,2.82948,0.628008
164,3.8156,2.93386,0.66926
164,3.9968,3.0407,1.16367
164,3.86766,2.88947,0.532082
164,3.85266,3.06205,1.13897
164,3.78127,2.93343,0.598398
164,4.30197,2.86861,0.657736
164,4.33459,2.86665,0.599757
164,4.33649,2.87263,0.619742
164,3.86903,2.8846,0.359546
164,4.38825,2.88,0.61812
164,4.39811,2.88998,0.597248
164,3.88711,2.95843,0.484771
164,4.94796,2.99692,1.25893
164,3.59485,2.91021,0.0645521
164,3.64478,2.90465,0.0545786
164,3.83406,2.72508,-0.500383
164,3.61997,2.92153,0.0533383
164,3.77228,3.04912,0.607069
164,3.76912,3.04903,0.596504
164,4.40903,2.97728,0.616942
164,3.63286,2.9697,0.0777295
164,5.03872,3.15478,1.60893
164,3.832,2.78372,-0.52934
164,3.6849,2.98014,0.073755
164,5.00618,2.88741,0.564548
164,3.73817,2.86642,-0.400391
164,3.74078,2.84695,-0.572148
164,3.78391,2.83574,-0.593789
164,3.93677,3.23394,0.915831
164,3.91866,3.19607,0.728188
164,3.78056,2.85444,-0.593384
164,3.81653,2.84893,-0.611226
164,5.02794,3.16116,1.26971
164,5.07964,3.23564,1.56473
164,5.06655,3.20429,1.42203
164,3.79232,2.87957,-0.604047
164,5.07246,3.24284,1.41987
164,5.14486,3.28854,1.44559
164,5.14502,3.09175,0.566701
164,4.95141,2.89427,-0.499696
164,4.99328,2.89736,-0.551017
164,4.95747,2.90639,-0.545962
164,4.96804,2.90638,-0.545713
164,5.23665,3.46791,1.29213
164,5.1369,3.10197,-0.606401
164,1.41604,0.720223,-0.366906
163,1.41604,0.720223,-0.366906
164,1.33713,0.453167,-0.246859
163,1.33713,0.453167,-0.246859
164,1.7351,0.380998,-0.342158
163,1.7351,0.380998,-0.342158
164,1.42543,0.754738,-0.386459
163,1.42543,0.754738,-0.386459
164,1.35005,0.121162,-0.263934
163,1.35005,0.121162,-0.263934
164,1.72695,0.364142,-0.329531
163,1.72695,0.364142,-0.329531
164,1.41604,0.720223,-0.366906
163,1.41604,0.720223,-0.366906
164,3.57252,2.44952,0.571743
163,3.57252,2.44952,0.571743
164,1.02425,-0.0780534,0.109865
163,1.02425,-0.0780534,0.109865
164,1.61333,2.71187,-0.55349
163,1.61333,2.71187,-0.55349
164,3.70086,2.82834,1.11451
163,3.70086,2.82834,1.11451
164,3.73342,2.91888,1.19053
163,3.73342,2.91888,1.19053
164,1.40946,0.69604,-0.353207
163,1.40946,0.69604,-0.353207
164,3.82702,2.96588,1.2347
163,3.82702,2.96588,1.2347
164,2.25877,1.79092,-0.616416
163,2.25877,1.79092,-0.616416
164,3.6547,2.80055,1.17973
163,3.6547,2.80055,1.17973
164,3.1719,1.54042,-0.816033
163,3.1719,1.54042,-0.816033
164,3.74509,2.73753,1.57366
163,3.74509,2.73753,1.57366
164,1.74292,0.359043,-0.27896
163,1.74292,0.359043,-0.27896
164,2.74728,1.67396,0.294014
163,2.74728,1.67396,0.294014
164,4.00233,3.1577,0.641906
163,4.00233,3.1577,0.641906
164,3.28863,1.69378,-0.89434
163,3.28863,1.69378,-0.89434
164,3.29145,2.46414,0.140712
163,3.29145,2.46414,0.140712
164,-0.288815,2.63841,0.259669
162,-0.288815,2.63841,0.259669
164,-0.160983,2.59692,1.31905
162,-0.160983,2.59692,1.31905
164,1.04725,1.62064,-0.588102
52,1.04725,1.62064,-0.588102
164,4.02364,3.30146,-0.537288
52,4.02364,3.30146,-0.537288
164,2.98097,1.66646,0.669548
53,2.98097,1.66646,0.669548
164,1.81335,1.91501,1.26568
56,1.81335,1.91501,1.26568
164,-0.298906,2.53356,0.254693
56,-0.298906,2.53356,0.254693
164,0.513535,2.63829,-0.145494
56,0.513535,2.63829,-0.145494
164,0.369312,2.52112,-0.58697
54,0.369312,2.52112,-0.58697
165,1.46739,0.13475,-0.234587
165,1.45592,0.138363,-0.427436
165,1.57085,0.174286,-0.209296
165,1.56397,0.182361,-0.219545
165,1.57208,0.182632,-0.218666
165,1.53566,0.152493,-0.415912
165,1.53128,0.17334,-0.429235
165,1.53316,0.180339,-0.432774
165,2.1554,-0.155043,-0.602775
165,1.84798,-0.0137117,-0.621643
165,1.68251,0.0688645,-0.617831
165,1.80036,0.0331433,-0.626073
165,1.83555,0.0512335,-0.616768
165,1.83095,0.052744,-0.618929
165,1.8258,0.0672214,-0.6034
165,1.83471,0.0601188,-0.624742
165,1.82314,0.0736295,-0.604859
165,1.63418,0.262541,-0.419206
165,1.63648,0.274781,-0.421825
165,1.6487,0.278064,-0.42053
165,2.56292,-0.203236,-0.613206
165,2.55028,-0.168086,-0.593456
165,2.55132,-0.164804,-0.605179
165,2.09354,0.036604,-0.624611
165,2.55256,-0.162248,-0.603097
165,2.55245,-0.162238,-0.60657
165,3.06737,-0.399516,-0.620733
165,2.53776,-0.15467,-0.61324
165,3.07239,-0.398781,-0.618393
165,2.07937,0.049035,-0.630076
165,2.12346,0.0344907,-0.616422
165,3.10365,-0.409504,-0.63006
165,2.09764,0.0520205,-0.619438
165,2.08649,0.0580114,-0.631196
165,2.11441,0.0490884,-0.623604
165,2.6581,-0.190269,-0.620212
165,1.72819,0.349726,-0.301794
165,2.6452,-0.183372,-0.636784
165,2.64795,-0.182091,-0.637373
165,2.6454,-0.176581,-0.638851
165,2.65284,-0.172681,-0.631183
165,2.62253,-0.142998,-0.60817
165,2.65611,-0.134672,-0.648316
165,1.7742,0.340224,-0.552349
165,2.0486,0.240088,-0.625339
165,2.43574,0.0835104,-0.584568
165,2.44007,0.0924821,-0.598381
165,2.08131,0.247197,-0.623038
165,1.77509,0.398582,-0.599353
165,3.1932,-0.243563,-0.609029
165,2.44369,0.100683,-0.602257
165,2.52217,0.0714852,-0.605186
165,1.7912,0.409807,-0.601458
165,2.5344,0.0718582,-0.618101
165,1.78821,0.427323,-0.60997
165,2.54241,0.0793532,-0.626485
165,2.5279,0.0919069,-0.622638
165,2.54425,0.0849195,-0.630845
165,2.5352,0.10241,-0.627154
165,3.26013,-0.233239,-0.653275
165,1.8171,0.443562,-0.606497
165,1.86964,0.431684,-0.621873
165,3.25094,-0.2048,-0.657112
165,1.87427,0.435349,-0.619718
165,3.48895,-0.303049,-0.631254
165,3.46847,-0.290017,-0.628924
165,1.87483,0.438057,-0.626231
165,3.47914,-0.289469,-0.628717
165,3.29207,-0.21594,-0.667422
165,3.47997,-0.285261,-0.631898
165,3.56832,-0.321711,-0.624723
165,3.57685,-0.324778,-0.622902
165,2.58162,0.13686,-0.608101
165,2.58305,0.135706,-0.615864
165,3.49457,-0.279667,-0.644679
165,2.59131,0.142777,-0.614423
165,1.92714,0.445713,-0.623413
165,3.50981,-0.279427,-0.644905
165,2.07955,0.352629,-0.698336
165,3.53257,-0.268777,-0.646252
165,1.99518,0.448611,-0.623507
165,2.0049,0.451071,-0.614103
165,1.9317,0.483917,-0.645884
165,2.07451,0.49405,-0.628301
165,2.82967,0.174003,-0.586354
165,2.82036,0.181848,-0.589071
165,3.38705,-0.0913246,-0.634431
165,3.39226,-0.0911971,-0.639375
165,3.39809,-0.0828812,-0.641764
165,3.4012,-0.0813115,-0.640076
165,2.83747,0.204186,-0.602349
165,2.06348,0.554558,-0.636407
165,2.06507,0.57756,-0.601172
165,3.42024,-0.0524592,-0.656671
165,2.42227,0.432306,-0.592343
165,2.84286,0.233243,-0.628351
165,3.07813,0.13094,-0.637624
165,2.16684,0.558844,-0.613625
165,2.68006,0.34121,-0.613371
165,3.06804,0.155186,-0.639808
165,2.85546,0.255965,-0.631689
165,2.21901,0.55361,-0.614153
165,2.47214,0.445526,-0.598601
165,2.91505,0.232669,-0.630827
165,2.65849,0.355146,-0.619092
165,2.65996,0.357388,-0.616342
165,2.86375,0.26155,-0.631335
165,2.66681,0.365706,-0.618357
165,2.66901,0.369321,-0.614957
165,3.50946,-0.0127534,-0.617195
165,2.83296,0.298373,-0.621161
165,2.62934,0.387938,-0.630174
165,3.82869,-0.14934,-0.609687
165,2.62584,0.388835,-0.635042
165,2.85121,0.29458,-0.613162
165,2.81434,0.317708,-0.598752
165,2.78523,0.330147,-0.605614
165,3.51674,-0.00494468,-0.615018
165,2.85272,0.296641,-0.617178
165,3.12413,0.183152,-0.591835
165,3.12126,0.186244,-0.592564
165,2.81722,0.326787,-0.610003
165,3.12521,0.190204,-0.600677
165,2.61925,0.413229,-0.62996
165,2.67385,0.403893,-0.602226
165,3.12436,0.201786,-0.602327
165,2.27213,0.591031,-0.603689
165,3.10524,0.219779,-0.586391
165,2.8284,0.34137,-0.61968
165,2.50463,0.494623,-0.604819
165,2.58834,0.466525,-0.590097
165,2.53957,0.48453,-0.607127
165,2.51965,0.499303,-0.593506
165,3.07726,0.24434,-0.602179
165,2.89485,0.326213,-0.617348
165,3.10658,0.237946,-0.599642
165,2.76249,0.400418,-0.585725
165,3.14549,0.2187,-0.607851
165,2.82149,0.36135,-0.622263
165,3.06244,0.259709,-0.604768
165,3.54288,0.0298913,-0.644615
165,2.64366,0.447883,-0.630044
165,3.03709,0.274799,-0.61891
165,3.73821,-0.0433062,-0.627907
165,2.47727,0.527911,-0.64631
165,3.03238,0.289287,-0.624979
165,3.78637,-0.0588641,-0.660897
165,3.78573,-0.021853,-0.594111
165,3.79503,-0.014919,-0.598029
165,3.79861,-0.0145788,-0.60409
165,3.05361,0.336673,-0.594224
165,3.05523,0.338469,-0.593506
165,1.55077,1.40866,0.450859
165,3.61709,0.0677499,-0.664158
165,3.62656,0.0836874,-0.615079
165,3.05936,0.347977,-0.604231
165,3.7184,0.0355548,-0.644022
165,3.72002,0.0372554,-0.656152
165,3.07227,0.359009,-0.610189
165,2.17266,0.765265,-0.622817
165,1.11557,1.25583,-0.600729
165,3.84882,0.0182915,-0.59869
165,1.96177,0.866078,-0.63359
165,1.84367,0.923855,-0.634222
165,1.10953,1.27392,-0.613311
165,1.84084,0.936519,-0.635841
165,3.75693,0.0634587,-0.67648
165,3.89427,0.0331635,-0.613601
165,1.83863,0.956771,-0.650053
165,1.96348,0.90459,-0.651656
165,3.87003,0.0519898,-0.614787
165,2.4206,0.709931,-0.624735
165,2.11632,0.847457,-0.63777
165,1.84709,0.968075,-0.653237
165,3.09868,0.423919,-0.591074
165,3.84158,0.0874232,-0.612428
165,2.18917,0.83935,-0.617011
165,1.99002,0.925033,-0.639332
165,1.98165,0.939083,-0.645197
165,2.40487,0.764116,-0.603864
165,3.42007,0.309341,-0.585036
165,1.98518,0.941494,-0.64714
165,3.90785,0.0834225,-0.640151
165,3.26,0.395053,-0.607708
165,3.43791,0.319729,-0.597237
165,3.42447,0.326445,-0.604622
165,2.00237,0.96028,-0.656332
165,3.27158,0.402327,-0.612455
165,2.38143,0.811557,-0.6023
165,2.29981,0.854673,-0.601721
165,2.30105,0.859834,-0.608549
165,3.76004,0.19704,-0.610769
165,2.41592,0.823801,-0.581313
165,3.84407,0.157281,-0.632561
165,3.70526,0.236822,-0.603311
165,3.84827,0.160866,-0.633997
165,3.79721,0.197775,-0.599991
165,3.77371,0.204047,-0.61853
165,3.70556,0.240732,-0.612463
165,3.44825,0.359043,-0.614864
165,3.27998,0.447737,-0.600774
165,3.27616,0.46083,-0.570646
165,3.46275,0.359254,-0.627221
165,3.46674,0.365464,-0.62993
165,3.76557,0.234433,-0.616945
165,3.71245,0.259737,-0.637829
165,3.85251,0.222067,-0.61864
165,3.23262,0.509592,-0.604429
165,3.73687,0.268073,-0.640179
165,3.86975,0.214836,-0.620813
165,3.23232,0.510506,-0.608944
165,3.87456,0.216493,-0.61985
165,3.02822,0.606295,-0.614193
165,3.29396,0.492073,-0.596696
165,3.29759,0.472615,-0.648487
165,3.11023,0.58699,-0.613626
165,3.0298,0.632353,-0.619625
165,2.96784,0.690511,-0.59762
165,1.96941,1.11716,-0.686869
165,3.08872,0.638004,-0.610634
165,3.11629,0.641086,-0.608643
165,3.10181,0.659687,-0.623092
165,3.12645,0.652552,-0.613303
165,3.94765,0.283484,-0.608211
165,3.76279,0.371192,-0.601531
165,3.79606,0.354832,-0.618689
165,3.97528,0.281281,-0.614989
165,3.76765,0.382039,-0.599407
165,3.78701,0.367992,-0.614732
165,3.81614,0.362078,-0.624278
165,3.79757,0.379128,-0.617335
165,3.82039,0.369251,-0.628969
165,2.62717,0.94716,-0.579229
165,3.8135,0.398349,-0.619956
165,1.05954,1.64616,-0.658277
165,1.79598,1.96852,1.10407
165,2.63288,0.989285,-0.602748
165,1.91837,1.89066,0.976099
165,1.79564,1.96011,0.983774
165,2.67804,0.994311,-0.612314
165,3.00819,0.862233,-0.634044
165,4.02274,0.414662,-0.606844
165,3.04382,0.856568,-0.623451
165,3.03977,0.865129,-0.629746
165,1.92138,1.96285,0.979618
165,4.03396,0.4247,-0.610492
165,1.91054,1.94286,0.86345
165,1.91889,1.98492,0.977433
165,5.00992,0.548906,0.865503
165,2.0268,1.35546,-0.688093
165,2.79429,1.03665,-0.610989
165,5.20553,0.564012,1.07227
165,2.04102,1.36635,-0.695494
165,4.1497,0.449957,-0.607616
165,4.26116,0.42508,-0.598981
165,1.91518,1.50613,-0.567043
165,1.91213,1.51506,-0.567337
165,4.02883,0.543307,-0.609101
165,2.91814,1.04952,-0.613306
165,2.69147,1.16446,-0.587015
165,4.26791,0.445083,-0.603571
165,2.68589,1.17197,-0.59376
165,2.92858,1.06536,-0.620407
165,4.02845,0.581282,-0.603656
165,4.0603,0.563112,-0.614069
165,2.93156,1.06979,-0.66254
165,4.00216,0.61328,-0.605818
165,4.5075,0.393346,-0.62888
165,5.05037,0.666165,0.764251
165,4.12544,0.593148,-0.59354
165,4.19483,0.55845,-0.607795
165,4.16887,0.573341,-0.606423
165,2.7657,1.21537,-0.597596
165,4.18172,0.574,-0.610238
165,4.53824,0.416057,-0.625518
165,4.20815,0.591522,-0.6188
165,2.14298,1.53124,-0.680214
165,5.25472,0.536428,0.467685
165,2.82666,1.26938,-0.594699
165,5.22098,0.514181,0.276772
165,2.83625,1.28983,-0.592882
165,4.30607,0.617857,-0.612101
165,2.84609,1.97155,1.27696
165,2.85302,1.29949,-0.595856
165,5.24311,0.530628,0.276417
165,2.12099,1.6219,-0.674908
165,4.0275,0.785935,-0.615896
165,2.82106,1.92924,0.973947
165,1.96128,2.16373,0.533653
165,2.89175,1.35039,-0.562234
165,4.35912,0.663809,-0.643754
165,5.1243,0.526161,-0.0807035
165,4.10542,0.803418,-0.594296
165,4.23845,0.747635,-0.605714
165,5.24247,0.518826,0.013361
165,5.13739,0.532209,-0.0909328
165,3.00987,1.29598,-0.655024
165,4.98546,1.09229,1.23132
165,2.90569,1.38438,-0.573983
165,2.40132,1.59897,-0.628748
165,2.82256,1.99868,0.961829
165,2.35273,1.6595,-0.573892
165,4.24026,0.791196,-0.604112
165,2.41471,1.60928,-0.642726
165,2.0062,1.78298,-0.710299
165,2.84305,2.02225,0.972996
165,2.83437,1.92057,0.673561
165,2.82327,1.93437,0.661502
165,5.27184,0.452943,-0.373263
165,5.23455,0.476048,-0.381289
165,1.8829,1.92517,-0.592557
165,2.35596,1.71529,-0.590576
165,2.28115,1.74884,-0.594116
165,2.84141,1.96006,0.67647
165,2.83047,1.78686,0.176553
165,2.35349,1.74678,-0.601595
165,5.25302,1.0873,1.18227
165,4.08911,0.980547,-0.591563
165,4.14105,0.957864,-0.613309
165,1.88705,1.99028,-0.607401
165,5.28692,1.10657,1.19201
165,4.19927,0.949348,-0.615624
165,2.8638,1.86284,0.22187
165,5.16976,1.05747,0.819969
165,2.91595,1.86655,0.218095
165,2.58862,1.771,-0.56307
165,4.15078,1.05362,-0.58609
165,5.06373,0.961506,0.250051
165,5.09955,1.22417,1.0017
165,2.88811,1.79467,-0.24245
165,2.90519,1.94941,0.200217
165,2.90906,1.9818,0.195531
165,2.94446,2.05448,0.184512
165,5.21075,1.05572,0.224922
165,3.26039,1.67067,-0.564019
165,3.81921,1.44801,-0.577995
165,2.88632,1.91328,-0.557686
165,3.37088,1.73977,-0.568702
165,3.37241,1.74349,-0.563872
165,3.05602,1.88039,-0.627665
165,3.05095,1.89023,-0.639694
165,5.31897,0.896002,-0.542539
165,2.90272,1.97295,-0.622513
165,5.1057,1.52234,0.892637
165,5.1732,1.09442,-0.245416
165,5.23318,1.04319,-0.411421
165,5.25912,1.06076,-0.395242
165,2.98812,2.03045,-0.582133
165,5.19494,1.58415,0.902775
165,5.27685,1.08305,-0.404416
165,5.29281,1.09184,-0.421383
165,5.23286,1.60425,0.910899
165,5.19109,1.19824,-0.341134
165,5.1718,1.22349,-0.354207
165,4.13324,1.61157,-0.613928
165,4.06143,1.67827,-0.611396
165,5.18293,1.77694,1.06034
165,5.18574,1.79058,1.0367
165,4.09423,1.74578,-0.597164
165,4.12781,1.77852,-0.617153
165,5.16571,1.66282,0.344282
165,5.17349,1.46375,-0.337669
165,5.1018,1.5258,-0.377246
165,1.59642,3.04376,-0.610349
165,5.1561,1.71328,0.180099
165,3.79828,2.69191,1.16069
165,5.14359,1.73033,0.177878
165,5.15022,1.74389,0.175783
165,5.21496,1.59653,-0.204517
165,1.60665,3.10569,-0.644353
165,3.81064,2.70343,0.882689
165,1.58336,3.20399,-0.643832
165,5.44949,1.84111,0.351253
165,5.12226,1.72489,-0.403663
165,5.21657,1.7608,-0.27301
165,5.11261,1.98116,0.171194
165,5.19097,1.78582,-0.271252
165,5.10855,1.70809,-0.591634
165,5.1561,1.7618,-0.413115
165,5.16145,1.72006,-0.58775
165,5.11659,2.3015,0.925797
165,4.89514,2.04883,-0.124724
165,4.99134,2.07757,0.050054
165,5.10603,1.8214,-0.537372
165,5.02812,2.10943,0.0496657
165,5.02587,2.12355,0.0474725
165,4.87745,2.6798,1.37956
165,4.91286,2.70063,1.25311
165,3.78837,2.90606,0.407434
165,3.78463,2.60763,-0.459449
165,4.4069,2.93754,1.18207
165,4.38114,2.94771,1.16414
165,4.34244,2.87328,0.904364
165,3.83534,2.80326,0.0171323
165,4.35178,2.90319,0.898049
165,4.86639,2.7712,1.14689
165,5.08061,2.20685,-0.150126
165,4.3545,2.8663,0.637607
165,5.10644,2.08232,-0.632203
165,5.12358,2.0817,-0.625737
165,4.82941,2.95092,1.26436
165,4.85706,2.94851,1.25651
165,4.84828,2.97114,1.24739
165,5.07059,2.501,-0.117919
165,5.78588,2.64493,0.561697
165,5.13218,3.08617,0.579867
165,4.99815,2.89799,-0.52873
165,5.20389,3.20147,0.548044
165,5.34977,3.65813,-0.758912
165,5.62325,4.5242,-1.0804
165,2.48035,0.0204596,-0.570157
164,2.48035,0.0204596,-0.570157
165,3.04939,1.39198,-0.725946
164,3.04939,1.39198,-0.725946
165,2.63531,0.557532,-0.670206
164,2.63531,0.557532,-0.670206
165,2.35265,0.728884,-0.571776
164,2.35265,0.728884,-0.571776
165,3.1074,1.02011,-0.715275
164,3.1074,1.02011,-0.715275
165,2.60322,0.512549,-0.634007
164,2.60322,0.512549,-0.634007
165,2.06875,0.599589,-0.666986
164,2.06875,0.599589,-0.666986
165,2.68484,1.05644,-0.666686
164,2.68484,1.05644,-0.666686
165,1.99335,0.664431,-0.511885
164,1.99335,0.664431,-0.511885
165,1.96178,1.93923,-0.548475
164,1.96178,1.93923,-0.548475
165,1.93186,1.9218,-0.530306
164,1.93186,1.9218,-0.530306
165,3.97056,0.458683,-0.676299
72,3.97056,0.458683,-0.676299
165,4.8828,2.99614,1.25142
72,4.8828,2.99614,1.25142
165,5.13294,0.99943,0.665455
72,5.13294,0.99943,0.665455
165,5.00704,2.3974,-0.103605
73,5.00704,2.3974,-0.103605
165,4.60706,2.76681,0.359653
73,4.60706,2.76681,0.359653
165,5.02694,2.93625,1.10142
73,5.02694,2.93625,1.10142
165,5.2117,2.57594,1.14991
73,5.2117,2.57594,1.14991
165,4.77266,2.07159,0.681616
74,4.77266,2.07159,0.681616
165,5.12497,1.6944,0.294016
74,5.12497,1.6944,0.294016
165,2.40588,1.45772,-0.59754
29,2.40588,1.45772,-0.59754
165,5.00052,2.96083,1.17837
30,5.00052,2.96083,1.17837
165,5.20571,0.696224,0.590218
71,5.20571,0.696224,0.590218
165,5.21687,0.568086,-0.0952568
71,5.21687,0.568086,-0.0952568
165,5.16354,1.54232,0.113021
32,5.16354,1.54232,0.113021
165,1.80374,2.05525,0.970247
163,1.80374,2.05525,0.970247
165,1.87613,1.89689,-0.594218
163,1.87613,1.89689,-0.594218
166,3.41531,-1.12947,0.198899
166,2.50906,0.058073,-0.61609
166,2.52572,0.0641762,-0.619405
166,2.32658,0.364705,-0.60463
166,3.4384,-0.346377,-0.600745
166,2.0564,0.59203,-0.575553
166,2.33856,0.395022,-0.624237
166,2.15961,0.582428,-0.634718
166,3.54002,-0.328231,-0.60416
166,3.56714,-0.334243,-0.623205
166,2.0677,0.696143,-0.593732
166,2.35133,0.506561,-0.603499
166,2.25623,0.573149,-0.621618
166,2.35561,0.516008,-0.616075
166,2.65545,0.327228,-0.602242
166,2.44435,0.47297,-0.621044
166,3.32747,-0.122602,-0.625313
166,2.6608,0.332558,-0.606622
166,2.36122,0.532664,-0.615807
166,2.65858,0.335495,-0.612572
166,2.55886,0.413236,-0.613744
166,2.61531,0.378278,-0.63842
166,2.09062,0.762545,-0.601236
166,3.04876,0.107776,-0.641503
166,2.52169,0.468188,-0.6463
166,2.51504,0.492973,-0.602295
166,2.33468,0.609871,-0.620364
166,2.1831,0.735718,-0.581185
166,2.51541,0.510621,-0.612433
166,1.96785,0.884518,-0.616979
166,2.5386,0.500832,-0.63312
166,2.88388,0.276619,-0.617868
166,2.8387,0.330753,-0.625824
166,3.09902,0.166828,-0.613897
166,2.53641,0.541942,-0.636102
166,3.10421,0.175593,-0.618057
166,2.27505,0.751652,-0.573624
166,3.47736,-0.0475787,-0.610301
166,3.0982,0.217411,-0.600007
166,2.27655,0.781344,-0.598076
166,2.28105,0.786812,-0.590563
166,2.28213,0.795062,-0.602928
166,3.59395,-0.0788099,-0.581782
166,3.59735,-0.0710641,-0.5816
166,3.04993,0.323486,-0.608322
166,3.76209,-0.152318,-0.612155
166,3.62382,-0.0534956,-0.604961
166,2.39204,0.809086,-0.560391
166,3.77834,-0.14012,-0.622316
166,3.82474,-0.165692,-0.617798
166,3.69819,-0.0735838,-0.609674
166,2.44874,0.770582,-0.610965
166,2.45134,0.779013,-0.621182
166,3.3362,0.231807,-0.590994
166,2.45315,0.815813,-0.637668
166,3.08683,0.410208,-0.594049
166,3.10137,0.414241,-0.59806
166,3.10137,0.419981,-0.60604
166,2.51605,0.860069,-0.610101
166,3.8207,-0.00339818,-0.601687
166,2.51968,0.884063,-0.62617
166,3.2569,0.389939,-0.621324
166,3.5114,0.240095,-0.58099
166,3.41131,0.308743,-0.603637
166,3.50371,0.262665,-0.590813
166,3.53088,0.256905,-0.582771
166,3.76727,0.102582,-0.60919
166,3.03493,0.594206,-0.623519
166,3.83019,0.0608,-0.620234
166,3.83432,0.0623918,-0.621979
166,3.21257,0.484535,-0.610867
166,3.21873,0.48315,-0.603605
166,3.03734,0.598147,-0.631462
166,3.03757,0.614228,-0.631078
166,3.28921,0.455584,-0.593826
166,3.29665,0.466831,-0.603512
166,3.26619,0.486761,-0.610113
166,2.9758,0.685665,-0.621984
166,3.72905,0.190308,-0.579402
166,2.97067,0.697492,-0.622044
166,2.99173,0.693562,-0.624144
166,3.19197,0.559122,-0.623079
166,3.81523,0.146394,-0.617117
166,3.59833,0.304542,-0.595999
166,3.03653,0.69261,-0.61733
166,3.10097,0.64789,-0.623399
166,3.0276,0.717987,-0.615546
166,2.66203,1.01826,-0.64269
166,3.90144,0.225941,-0.592128
166,2.70576,1.04739,-0.629732
166,2.68466,1.07206,-0.615496
166,5.21328,-0.46822,-0.0735369
166,5.35112,-0.336505,0.585698
166,5.26331,-0.461426,-0.0839167
166,3.95867,0.268851,-0.630318
166,5.36006,-0.317659,0.571549
166,5.35962,-0.314188,0.548769
166,2.7898,1.09312,-0.612961
166,2.94834,0.981686,-0.63256
166,2.97407,0.969024,-0.634353
166,3.02305,0.955637,-0.648761
166,5.33045,-0.326398,0.308572
166,5.30125,0.0153502,1.43505
166,2.96256,1.01006,-0.634319
166,5.27152,-0.0570569,1.08685
166,5.27406,0.0996668,1.64418
166,5.31456,0.0179223,1.44493
166,5.26938,0.104239,1.63678
166,2.96384,1.01786,-0.642088
166,5.22907,-0.340751,-0.0479521
166,5.30986,0.078441,1.63443
166,5.28675,-0.0507102,1.09232
166,5.22174,0.150604,1.59678
166,2.83926,1.1353,-0.612985
166,3.98688,0.38455,-0.60668
166,5.32676,-0.0346695,1.09517
166,3.98045,0.394417,-0.612281
166,5.32748,-0.020965,1.10798
166,5.35725,-0.0246783,1.12482
166,2.90141,1.1889,-0.609821
166,2.94271,1.16964,-0.629251
166,5.40976,0.00437331,1.13542
166,5.28283,0.0171373,0.860053
166,5.30573,0.0101634,0.86292
166,5.26428,-0.0108957,0.655572
166,4.22292,0.36253,-0.573015
166,5.29044,0.00409913,0.638602
166,2.88032,1.28592,-0.596575
166,5.29617,0.00587869,0.63476
166,5.35836,-0.280131,-0.279063
166,5.35942,-0.0766658,0.385055
166,5.26462,-0.00814521,0.298317
166,2.62503,1.55426,-0.473366
166,5.27266,-0.248592,-0.547503
166,2.63409,1.55282,-0.473485
166,5.26257,-0.00668395,0.253854
166,5.31115,0.249997,1.22625
166,5.31506,0.0151867,0.302066
166,5.42733,-0.0402586,0.369246
166,2.35562,1.7587,-0.612577
166,3.01311,1.32497,-0.599845
166,4.34113,0.434736,-0.630521
166,5.33349,0.026147,0.284878
166,5.28522,0.002653,0.0445507
166,5.3887,0.218312,1.00541
166,5.30768,0.00783134,0.0530355
166,4.36684,0.448104,-0.640757
166,5.27588,-0.143179,-0.570835
166,5.30448,0.294019,1.03743
166,5.24354,0.496089,1.49565
166,4.54752,0.385229,-0.64263
166,5.37679,-0.0234294,-0.114637
166,5.37119,-0.00960672,-0.119201
166,5.37376,-0.00931799,-0.123288
166,5.36373,0.04445,0.0330294
166,5.37802,-0.00623524,-0.120139
166,5.27923,0.530242,1.45845
166,5.30808,0.528193,1.51462
166,2.86388,2.12154,1.3082
166,5.3151,0.301759,0.694216
166,4.31167,0.625788,-0.627906
166,5.30735,0.55775,1.46566
166,5.25575,0.298443,0.417782
166,5.18977,0.543103,1.08867
166,5.37013,-0.0362625,-0.60491
166,4.2262,0.750509,-0.600621
166,5.24099,0.56387,1.09974
166,5.26858,0.474502,0.844487
166,5.23761,0.564251,1.07634
166,5.17823,0.526492,0.794143
166,5.25279,0.511542,0.870798
166,5.26452,0.50716,0.873797
166,5.27778,0.522466,0.870481
166,5.22953,0.529468,0.779432
166,5.21737,0.545564,0.794627
166,5.32218,0.196795,-0.221161
166,5.24225,0.257728,-0.205306
166,4.06977,0.95266,-0.59077
166,3.4833,1.36636,-0.55472
166,5.27673,0.333092,0.0632428
166,5.18336,0.474595,0.283771
166,5.2894,0.34051,0.0608307
166,5.23204,0.470827,0.378707
166,2.9041,1.99492,0.20844
166,5.24198,0.50161,0.483054
166,5.25035,0.504143,0.474402
166,5.27445,0.515468,0.476664
166,5.18556,0.34951,-0.332367
166,3.29466,1.55882,-0.562714
166,5.32923,0.201845,-0.535492
166,5.30366,0.543514,0.476085
166,5.21412,0.582031,0.383608
166,5.18767,0.395213,-0.354497
166,5.21633,0.493363,0.0113527
166,4.16089,1.03913,-0.59279
166,5.23568,0.596571,0.381575
166,5.15916,1.01066,1.65578
166,5.22515,0.436005,-0.243042
166,5.14447,0.923802,1.29706
166,5.16156,0.938392,1.28232
166,5.26173,0.516513,0.00833857
166,5.17619,1.01304,1.55552
166,5.19993,1.02226,1.63607
166,5.39842,0.281993,-0.562891
166,5.2044,1.02426,1.59337
166,5.20192,1.02444,1.51758
166,5.15071,0.800803,0.543491
166,5.22222,0.563575,-0.134131
166,5.22376,1.04029,1.52312
166,5.18011,1.0829,1.56521
166,5.24064,0.567373,-0.136686
166,5.07081,0.950388,0.815391
166,2.89685,2.02081,-0.640103
166,5.25636,1.07726,1.61852
166,5.18919,0.830354,0.543315
166,5.19494,0.833895,0.549049
166,5.19131,1.02739,1.18442
166,5.21253,1.03837,1.18615
166,5.21979,1.03473,1.18501
166,5.20965,1.04936,1.17239
166,5.1512,0.78411,0.0616573
166,5.18451,1.01009,0.904788
166,5.18425,1.01343,0.894833
166,5.17801,0.765827,-0.100589
166,5.18,1.18796,1.393
166,5.26396,0.584129,-0.565564
166,5.19716,0.812177,0.0593699
166,5.2002,0.760599,-0.181901
166,5.15433,0.842472,-0.0522518
166,4.18768,1.35817,-0.58057
166,5.19353,1.01736,0.582712
166,5.18714,0.809099,-0.196523
166,4.95674,1.37258,1.18916
166,5.18425,0.92169,0.0755448
166,5.18342,0.840167,-0.238272
166,5.11224,0.953339,-0.0289935
166,5.19039,0.928482,0.0668498
166,5.33989,0.64535,-0.600462
166,5.11763,1.45719,1.751
166,5.07192,1.44632,1.59481
166,5.09696,1.14635,0.485686
166,5.24873,0.782429,-0.446333
166,5.07206,1.41974,1.38364
166,5.1477,1.47641,1.76395
166,5.12635,0.951965,-0.151946
166,5.14278,1.48734,1.75608
166,5.19056,1.0567,0.221978
166,5.10527,1.4471,1.3893
166,5.15556,1.53634,1.67986
166,4.90791,1.27951,0.0151352
166,5.22516,1.30803,0.787196
166,5.09148,1.68229,1.74968
166,5.22847,1.32023,0.777756
166,5.22794,1.01276,-0.418163
166,5.13429,1.74977,1.76691
166,5.01807,1.34391,0.0320001
166,3.17028,2.36115,-0.809458
166,5.15346,1.35161,0.312309
166,5.172,1.76292,1.79285
166,5.15399,1.77333,1.78382
166,3.17462,2.38778,-0.823336
166,5.20203,1.70124,1.55634
166,5.12395,1.72214,1.43993
166,5.11935,1.70767,1.29997
166,5.00496,1.41096,-0.0862265
166,5.25569,1.71857,1.60753
166,5.22693,1.74016,1.56581
166,4.76775,1.43695,-0.665397
166,5.04168,1.45465,-0.132371
166,3.50826,2.59108,0.0940948
166,3.75455,2.58419,0.649402
166,5.05976,1.72579,0.546223
166,5.13076,1.36768,-0.585609
166,4.93247,1.68913,0.0615404
166,3.80005,2.64171,0.634193
166,3.88165,2.74152,1.16279
166,3.79089,2.66195,0.631882
166,3.68133,2.67984,0.206565
166,5.13937,1.81339,0.548232
166,3.81986,2.73956,0.64802
166,5.09057,1.67892,-0.0887861
166,5.12505,1.69185,-0.597658
166,3.69064,2.84465,0.0201622
166,3.78391,2.90409,0.417991
166,4.37375,2.86503,1.17966
166,4.33507,2.83039,0.89355
166,4.38593,2.90545,1.1849
166,4.37734,2.91833,1.17676
166,3.78604,2.87167,-0.417564
166,5.04846,1.98317,-0.616503
166,4.31681,2.85651,0.662583
166,5.00581,2.68209,1.62271
166,4.72622,2.7836,1.23983
166,5.08858,2.43173,0.840123
166,4.37795,2.94305,0.891536
166,4.37284,2.88388,0.61351
166,5.01609,2.8377,1.62541
166,5.23151,2.43026,0.645209
166,4.95758,2.84389,1.40783
166,4.84989,2.98577,1.62871
166,5.01499,2.87201,1.61742
166,4.85608,2.99866,1.61902
166,4.88775,3.08768,1.90314
166,4.92433,3.14435,1.90823
166,4.94433,2.78704,0.579649
166,4.98721,3.14873,1.90289
166,4.92618,2.88461,0.642027
166,5.00474,3.23291,1.67442
166,4.93455,2.79333,-0.523943
166,4.45333,3.1846,-0.70181
166,5.00332,3.25127,-0.647345
166,4.96482,3.9829,-0.860047
166,5.47259,1.51827,1.03759
165,5.47259,1.51827,1.03759
166,6.62499,5.52881,-0.149079
165,6.62499,5.52881,-0.149079
166,5.47165,3.88577,-1.05393
165,5.47165,3.88577,-1.05393
166,4.0345,0.629939,-0.637524
165,4.0345,0.629939,-0.637524
166,5.44818,1.49284,1.24442
165,5.44818,1.49284,1.24442
166,5.05881,0.662772,0.776584
165,5.05881,0.662772,0.776584
166,2.8582,1.30143,-0.611952
165,2.8582,1.30143,-0.611952
166,3.82791,2.8049,0.0389636
165,3.82791,2.8049,0.0389636
166,2.95756,0.670481,-0.59975
165,2.95756,0.670481,-0.59975
166,2.53135,0.55192,-0.64289
165,2.53135,0.55192,-0.64289
166,2.9151,2.06358,-0.662959
165,2.9151,2.06358,-0.662959
166,3.0235,1.95565,-0.645113
165,3.0235,1.95565,-0.645113
166,2.96542,1.20766,-0.628996
165,2.96542,1.20766,-0.628996
166,5.18822,1.29637,0.499369
72,5.18822,1.29637,0.499369
166,5.20189,0.958128,0.491126
72,5.20189,0.958128,0.491126
166,5.19369,1.20726,0.738516
72,5.19369,1.20726,0.738516
166,4.52023,2.83766,-0.322112
72,4.52023,2.83766,-0.322112
166,5.14378,1.22876,1.19694
72,5.14378,1.22876,1.19694
166,5.34338,0.119689,1.66751
72,5.34338,0.119689,1.66751
166,5.32633,0.056205,0.360116
72,5.32633,0.056205,0.360116
166,5.29369,-0.169029,0.860043
72,5.29369,-0.169029,0.860043
166,5.21913,0.526555,0.710185
72,5.21913,0.526555,0.710185
166,6.1593,5.57932,-1.76962
73,6.1593,5.57932,-1.76962
166,5.23362,0.911732,0.301908
73,5.23362,0.911732,0.301908
166,3.86037,2.79461,0.919158
73,3.86037,2.79461,0.919158
166,4.20788,2.44743,-0.527623
73,4.20788,2.44743,-0.527623
166,5.20205,0.954893,1.30424
73,5.20205,0.954893,1.30424
166,5.00854,2.89113,1.27615
73,5.00854,2.89113,1.27615
166,5.28525,0.586986,-0.368243
71,5.28525,0.586986,-0.368243
166,5.26472,0.449014,-0.125114
71,5.26472,0.449014,-0.125114
166,5.27036,0.585568,1.4096
71,5.27036,0.585568,1.4096
166,5.20197,0.964143,0.487467
71,5.20197,0.964143,0.487467
166,5.1438,1.36537,0.70649
71,5.1438,1.36537,0.70649
166,5.17123,0.957679,0.483112
71,5.17123,0.957679,0.483112
166,5.33018,-0.047122,1.12693
71,5.33018,-0.047122,1.12693
166,4.02162,0.544527,-0.616016
71,4.02162,0.544527,-0.616016
166,5.34894,-0.309524,0.304456
71,5.34894,-0.309524,0.304456
166,3.79666,2.75206,0.0951085
74,3.79666,2.75206,0.0951085
166,4.11016,2.52122,-0.609535
74,4.11016,2.52122,-0.609535
166,4.09884,1.59527,-0.608898
74,4.09884,1.59527,-0.608898
166,4.82972,2.93235,1.55267
74,4.82972,2.93235,1.55267
166,5.17823,1.75513,0.0296463
29,5.17823,1.75513,0.0296463
166,5.26619,1.75802,1.01965
31,5.26619,1.75802,1.01965
167,3.28331,-1.35693,0.364951
167,3.32093,-1.34585,0.27023
167,3.06325,0.378634,-0.61078
167,3.31844,0.188531,-0.612986
167,2.4964,0.908657,-0.606096
167,3.81156,-0.184948,-0.610435
167,3.14132,0.391558,-0.621679
167,3.8159,-0.171433,-0.617261
167,3.81328,-0.156943,-0.612523
167,2.54243,0.910663,-0.622233
167,3.70219,-0.0577629,-0.621912
167,3.83237,-0.15743,-0.634764
167,3.71595,-0.0454849,-0.629132
167,2.53744,0.950677,-0.604236
167,5.15118,-0.813669,1.4949
167,3.76784,-0.0474287,-0.598691
167,4.96155,-0.633761,1.42199
167,3.77337,-0.0387616,-0.600047
167,3.26119,0.387734,-0.614669
167,3.79337,-0.0346847,-0.601744
167,3.41213,0.300298,-0.591184
167,3.66492,0.0815591,-0.636158
167,3.82232,-0.0237191,-0.586455
167,4.87217,-0.504869,1.40076
167,3.23056,0.482639,-0.60314
167,3.26374,0.461076,-0.580085
167,3.28433,0.452924,-0.582896
167,3.70862,0.0877351,-0.638895
167,2.98187,0.703353,-0.619443
167,3.84931,-0.0105215,-0.597809
167,3.28828,0.463935,-0.595
167,3.13299,0.595888,-0.598272
167,3.43269,0.33994,-0.632685
167,5.04952,-0.601236,1.43881
167,2.99818,0.713308,-0.632637
167,3.45415,0.34095,-0.612821
167,3.4612,0.35479,-0.619124
167,3.11295,0.650992,-0.622758
167,2.68201,1.02105,-0.640354
167,3.6237,0.269726,-0.570661
167,3.62574,0.271686,-0.5845
167,3.12286,0.684987,-0.627038
167,3.63569,0.27658,-0.591312
167,3.6579,0.255108,-0.607049
167,3.22042,0.628553,-0.590206
167,4.98167,-0.454713,1.34606
167,3.10366,0.724757,-0.631527
167,2.70471,1.08034,-0.611291
167,5.13348,-0.572431,1.1538
167,4.96304,-0.424073,1.14253
167,5.20834,-0.531844,1.59546
167,3.79533,0.220041,-0.60934
167,3.26052,0.678685,-0.613637
167,3.08436,0.830447,-0.643968
167,4.34546,-0.219896,-0.648854
167,5.15349,-0.51392,1.26979
167,2.93455,0.976773,-0.614218
167,2.81238,1.07647,-0.641203
167,5.16578,-0.510765,1.26444
167,5.20259,-0.543011,1.15522
167,3.0283,0.924798,-0.645308
167,2.82281,1.11066,-0.649853
167,2.82087,1.1132,-0.660767
167,2.39443,1.48169,-0.614128
167,5.45148,-0.730152,1.00503
167,2.82393,1.13788,-0.678298
167,2.93336,1.06021,-0.625961
167,5.34998,-0.687219,0.748078
167,2.92804,1.06865,-0.623494
167,5.26851,-0.525469,1.1622
167,5.3654,-0.680949,0.737751
167,5.30683,-0.518218,1.17249
167,2.83542,1.23867,-0.587989
167,5.33842,-0.503813,1.1662
167,5.33921,-0.498323,1.17018
167,5.19374,-0.308049,1.40518
167,5.25829,-0.514007,0.642442
167,5.59367,-0.693787,1.03167
167,2.96581,1.18796,-0.642168
167,5.29939,-0.505244,0.649705
167,5.34446,-0.489739,0.905135
167,2.85474,1.31267,-0.561979
167,5.38036,-0.47922,0.892728
167,5.38721,-0.480098,0.893148
167,5.36057,-0.485296,0.658689
167,5.42123,-0.468797,0.958283
167,2.91404,1.34975,-0.56667
167,5.38173,-0.236987,1.7403
167,5.24453,-0.356567,0.551038
167,3.78352,0.656682,-0.572825
167,3.98639,0.484505,-0.608291
167,3.79191,0.664113,-0.574944
167,3.694,0.771043,-0.455571
167,5.45381,-0.476968,0.659095
167,5.23062,-0.372076,0.209778
167,3.90376,0.588729,-0.605087
167,5.24696,-0.333915,0.388257
167,5.38177,-0.414586,0.533731
167,5.36769,-0.402622,0.381414
167,5.84212,-0.616227,1.04979
167,5.4511,-0.450127,0.221069
167,5.28829,-0.30969,0.202712
167,5.4894,-0.144093,1.78616
167,4.23317,0.431403,-0.614685
167,5.26979,0.00448215,1.41825
167,5.46397,-0.200494,1.17953
167,5.28082,-0.266016,0.0567693
167,4.86245,0.287591,1.05652
167,5.43042,-0.262376,0.631994
167,3.83816,0.850029,-0.619492
167,4.46769,0.344651,-0.617003
167,5.57061,-0.403497,0.195128
167,4.1392,0.647719,-0.564629
167,5.32711,0.0912893,1.62549
167,5.34493,-0.0295787,1.0823
167,5.28556,0.143784,1.69843
167,5.35269,-0.0272801,1.08184
167,5.2486,0.162234,1.58947
167,5.29786,0.143922,1.70426
167,5.38297,0.057315,1.51592
167,5.33324,0.138728,1.64727
167,4.15426,0.687633,-0.566822
167,5.28557,0.180059,1.63159
167,2.88832,1.81427,-0.272593
167,5.21909,0.1624,1.11364
167,5.3988,0.142569,1.76496
167,5.436,0.0588123,1.46345
167,4.17336,0.722614,-0.592404
167,4.17781,0.721857,-0.591621
167,5.18039,0.00336635,-0.0045495
167,5.37536,0.0475476,0.871872
167,4.3887,0.570879,-0.654459
167,5.39488,-0.0504614,0.379766
167,5.33692,0.021981,0.478408
167,5.53,-0.0559236,0.876752
167,5.73559,-0.367618,0.175614
167,5.54401,-0.0620745,0.872403
167,2.91883,1.90976,-0.293281
167,4.13382,0.842027,-0.575695
167,5.56672,-0.0500228,0.875157
167,5.44538,-0.0465982,0.374479
167,5.25064,0.0446106,-0.0166129
167,2.9282,2.02972,0.163195
167,4.00532,0.966327,-0.656558
167,5.06936,0.576157,1.72873
167,2.87336,2.35162,1.34526
167,5.36181,0.0727133,0.367494
167,5.13961,0.431195,1.2298
167,5.14282,0.436413,1.22638
167,5.40868,0.0798249,0.479892
167,5.35781,0.272563,1.23031
167,5.38727,-0.0135381,-0.140023
167,5.35884,0.0691475,0.0767178
167,5.19205,0.479698,1.42034
167,5.39019,0.0531558,0.0239028
167,5.28053,0.227399,0.412195
167,5.13721,0.628475,1.76527
167,5.15033,0.574896,1.5187
167,5.41126,0.0591156,-0.000679135
167,5.43516,0.0100181,-0.146978
167,5.24827,0.502077,1.48609
167,5.00629,0.400346,-0.0500893
167,5.30886,0.248355,0.422503
167,3.78375,1.35295,-0.548954
167,4.1525,1.0426,-0.589034
167,2.90539,2.49588,1.38657
167,3.48456,1.6201,-0.620974
167,5.09447,0.567539,0.858848
167,5.41754,0.368054,1.21468
167,5.29026,0.535784,1.49726
167,5.83598,0.119779,1.67669
167,3.86473,1.31969,-0.589509
167,5.12949,0.435485,0.288274
167,3.8015,1.37913,-0.56011
167,5.05826,0.433693,-0.0678583
167,5.44098,0.378469,1.21377
167,5.17578,0.465467,0.495271
167,5.23156,0.488735,0.835981
167,5.33426,0.263858,0.133612
167,5.16923,0.475559,0.478449
167,5.16015,0.450535,0.300094
167,5.62698,0.245444,1.22517
167,5.27834,0.195261,-0.498438
167,5.44186,0.373267,1.04527
167,5.17656,0.746793,1.71348
167,5.11038,0.467563,-0.10061
167,5.25844,0.506212,0.711008
167,5.28202,0.268651,-0.417071
167,3.09333,2.05255,-0.695062
167,5.21007,0.487592,0.29353
167,5.18973,0.434323,-0.103103
167,4.08716,1.28945,-0.594285
167,5.30854,0.37262,-0.31121
167,5.40023,0.258522,-0.568971
167,4.42587,1.12545,-0.52092
167,5.02708,1.05051,1.35725
167,4.16585,1.3821,-0.627961
167,5.13816,1.0037,1.55692
167,5.27537,0.886734,1.53916
167,5.0439,1.02218,1.23001
167,5.04284,1.0699,1.36466
167,5.10257,0.84286,0.421103
167,5.17753,1.01622,1.56604
167,5.20023,0.967773,1.30863
167,4.55003,1.45633,0.988372
167,5.09358,1.0758,1.36277
167,5.32819,0.931889,1.55607
167,5.16421,0.921173,0.733295
167,5.14893,1.02984,1.18137
167,4.44679,1.27753,-0.619736
167,4.51674,1.23511,-0.574033
167,5.21094,1.00473,1.18641
167,5.182,1.03065,1.18993
167,5.24687,1.01285,1.32079
167,5.20429,1.03087,1.2252
167,5.16635,1.01314,0.965433
167,5.09175,0.893651,0.0220037
167,5.22809,0.817627,0.185057
167,5.14244,0.982722,0.647524
167,5.11135,0.928793,0.231811
167,4.58424,1.23677,-0.582878
167,5.11335,0.928819,0.022803
167,4.60483,1.23799,-0.599826
167,4.38941,1.46946,-0.600574
167,5.2258,1.32807,1.56919
167,4.60724,1.86859,1.66282
167,5.10336,1.47124,1.73125
167,5.25778,1.35152,1.58472
167,5.26687,1.34996,1.58086
167,4.65563,1.92474,1.67551
167,5.92685,0.823108,1.2484
167,5.37731,1.40465,1.84938
167,3.5061,2.62493,0.0916056
167,3.74077,2.76923,1.76522
167,3.75084,2.78676,1.7667
167,3.75336,2.79386,1.76544
167,3.74146,2.83362,1.80286
167,5.42801,1.44155,1.86233
167,5.4403,1.43257,1.86682
167,3.76114,2.82055,1.76534
167,5.10667,1.70703,1.76149
167,5.35497,1.0494,-0.593762
167,3.77969,2.85929,1.78212
167,5.12147,1.72945,1.75018
167,3.82218,2.6997,1.13428
167,3.75272,2.67575,0.661303
167,5.24776,1.63942,1.59485
167,3.78977,2.67116,0.624271
167,3.82868,2.86853,1.76253
167,5.1126,1.56119,0.565447
167,4.94584,1.68475,0.439687
167,3.7578,2.71787,0.605954
167,3.83501,2.7097,0.88842
167,5.20837,1.5835,0.910599
167,5.26419,1.63998,1.39451
167,5.16792,1.80006,1.78494
167,5.1967,1.78877,1.77338
167,5.04784,1.7392,0.616858
167,5.56025,1.58255,1.91456
167,5.0407,1.64641,-0.0733973
167,5.58529,1.62732,1.9274
167,5.0638,1.60437,-0.562169
167,4.74852,2.31315,1.63453
167,5.09379,1.60868,-0.575758
167,5.10644,1.70389,-0.0837751
167,5.11438,1.81895,0.516082
167,5.3664,1.78301,1.34826
167,5.13027,1.84444,0.620677
167,5.37874,1.79034,1.35037
167,5.20275,1.89293,0.620168
167,5.11791,1.79488,-0.583286
167,5.11993,1.80915,-0.568814
167,4.26491,2.81263,0.862594
167,4.28539,2.78572,0.676943
167,4.34924,2.83896,1.15729
167,5.08315,1.97272,-0.21686
167,4.32404,2.79693,0.684294
167,4.32554,2.78594,0.620661
167,3.80493,2.97742,-0.630655
167,5.09068,1.99059,-0.208002
167,5.09111,1.99284,-0.212648
167,4.34633,2.83987,0.900901
167,3.89352,2.93543,-0.60667
167,4.98123,2.27253,0.617309
167,4.39397,2.89913,1.1736
167,4.36015,2.90755,0.888259
167,4.36438,2.92307,0.900674
167,4.88887,2.28702,-0.0950865
167,4.36274,2.87045,0.619964
167,4.40295,2.96211,1.18253
167,7.183,0.702586,1.43957
167,4.92173,2.67611,1.59055
167,4.92737,2.63994,1.19145
167,4.40879,2.9693,0.637042
167,4.36075,3.25734,1.87972
167,4.78835,2.88206,1.6129
167,4.88813,2.73758,1.2376
167,4.93635,2.71265,1.24211
167,4.99547,2.75756,1.28196
167,4.83322,2.931,1.26104
167,4.89679,3.00693,1.6308
167,4.82626,3.00896,1.24304
167,4.86836,3.00395,1.27177
167,4.9529,3.09638,1.90344
167,5.01167,3.13946,2.22998
167,4.76696,3.3215,1.94912
167,4.96045,3.18268,1.91806
167,5.0628,3.20367,2.2589
167,4.91627,3.25521,1.88707
167,4.96687,3.27169,1.91758
167,4.92623,3.37661,2.23721
167,4.98751,3.26788,1.92068
167,5.04867,3.28056,1.94896
167,5.1154,3.07138,0.534016
167,5.22922,3.57604,-0.846612
167,5.36793,1.96938,-0.34093
166,5.36793,1.96938,-0.34093
167,3.7067,1.41482,-0.00536484
166,3.7067,1.41482,-0.00536484
167,5.03089,2.95174,-0.577935
166,5.03089,2.95174,-0.577935
167,3.92359,1.72708,-0.450021
166,3.92359,1.72708,-0.450021
167,3.01374,0.431044,-0.489017
166,3.01374,0.431044,-0.489017
167,5.35974,-0.308516,0.545838
166,5.35974,-0.308516,0.545838
167,5.35127,0.0398625,0.702327
166,5.35127,0.0398625,0.702327
167,5.2021,1.02787,1.58507
166,5.2021,1.02787,1.58507
167,2.79679,1.79155,0.675111
166,2.79679,1.79155,0.675111
167,2.733,1.40704,-0.761767
166,2.733,1.40704,-0.761767
167,3.65639,0.232569,-0.520174
166,3.65639,0.232569,-0.520174
167,4.08126,0.628067,-0.642803
165,4.08126,0.628067,-0.642803
167,4.21901,1.71018,-0.673311
165,4.21901,1.71018,-0.673311
167,5.30902,1.26954,1.0268
165,5.30902,1.26954,1.0268
167,4.0769,0.5484,-0.579061
165,4.0769,0.5484,-0.579061
167,3.82417,3.03418,0.527173
165,3.82417,3.03418,0.527173
167,5.26441,0.558275,-0.0374573
72,5.26441,0.558275,-0.0374573
167,5.16292,1.43924,-0.197017
72,5.16292,1.43924,-0.197017
167,5.30131,0.178897,0.916991
72,5.30131,0.178897,0.916991
167,5.29905,0.562581,-0.197954
72,5.29905,0.562581,-0.197954
167,5.18998,1.19517,1.31088
73,5.18998,1.19517,1.31088
167,5.2342,1.86401,0.530097
73,5.2342,1.86401,0.530097
167,5.16961,1.43402,-0.351915
73,5.16961,1.43402,-0.351915
167,5.2004,1.18001,1.1244
73,5.2004,1.18001,1.1244
167,5.21077,1.08711,1.52415
73,5.21077,1.08711,1.52415
167,4.12381,2.83702,-0.548443
73,4.12381,2.83702,-0.548443
167,4.98723,2.88933,0.578151
73,4.98723,2.88933,0.578151
167,5.21626,1.22176,1.40078
73,5.21626,1.22176,1.40078
167,5.23362,0.960121,1.59856
71,5.23362,0.960121,1.59856
167,5.1578,1.54059,0.0729486
71,5.1578,1.54059,0.0729486
167,5.3031,0.244045,1.21296
71,5.3031,0.244045,1.21296
167,5.19511,1.10931,0.770483
71,5.19511,1.10931,0.770483
167,5.19129,0.995618,1.18563
71,5.19129,0.995618,1.18563
167,5.27172,0.340616,-0.0424936
71,5.27172,0.340616,-0.0424936
167,5.26027,0.543358,0.214952
71,5.26027,0.543358,0.214952
167,5.04062,2.84237,1.61291
71,5.04062,2.84237,1.61291
167,5.30574,0.189239,1.50184
71,5.30574,0.189239,1.50184
167,5.24925,0.736892,-0.232432
71,5.24925,0.736892,-0.232432
167,4.50778,1.44055,0.914404
29,4.50778,1.44055,0.914404
167,5.06346,2.01651,-0.0074152
29,5.06346,2.01651,-0.0074152
167,4.4863,1.33643,-0.653576
29,4.4863,1.33643,-0.653576
167,3.48425,2.86695,-0.494558
30,3.48425,2.86695,-0.494558
167,5.15971,1.4493,-0.208851
30,5.15971,1.4493,-0.208851
168,2.6399,-1.53657,0.623438
168,2.6413,-1.53628,0.622794
168,2.69125,-1.55605,0.687212
168,2.79263,-1.56867,0.701321
168,2.90096,-1.33208,0.490217
168,2.91149,-1.29219,0.522109
168,3.48776,-1.47199,0.339607
168,3.49858,-1.47543,0.371938
168,3.49842,-1.46902,0.335191
168,3.50205,-1.4701,0.339247
168,3.4706,-1.38103,0.350423
168,3.47647,-1.38508,0.34541
168,3.47926,-1.38658,0.351939
168,3.48195,-1.37923,0.351148
168,3.48151,-1.41206,0.191339
168,3.48454,-1.41421,0.19114
168,3.48633,-1.39494,0.156146
168,3.49048,-1.39905,0.15396
168,3.5028,-1.33888,0.381216
168,3.47163,-1.38669,0.0431864
168,3.45013,-1.3159,0.224154
168,3.4576,-1.37594,0.0116239
168,3.47756,-1.31613,0.320346
168,3.47839,-1.38499,0.0401208
168,3.46438,-1.37425,0.00743335
168,3.47858,-1.38907,0.00363135
168,3.46242,-1.31307,0.220725
168,3.44198,-1.25017,0.365035
168,3.44175,-1.24973,0.362547
168,3.44386,-1.25166,0.363572
168,3.44971,-1.24939,0.363849
168,3.45879,-1.25374,0.35477
168,3.4495,-1.23415,0.355075
168,3.47287,-1.2762,0.030358
168,3.39997,-1.18479,0.0299814
168,3.40391,-1.18075,0.0263923
168,3.86927,-1.59816,0.0364825
168,3.88948,-1.61059,0.0525622
168,3.93187,-1.35057,0.383646
168,3.92525,-1.34342,0.381822
168,3.95342,-1.34346,0.382396
168,3.95358,-1.34156,0.383066
168,3.93389,-1.30465,0.400218
168,3.93703,-1.29531,0.401772
168,3.92746,-1.22382,0.38013
168,3.93098,-1.21738,0.383893
168,3.92777,-1.21367,0.383663
168,3.9336,-1.21637,0.38186
168,3.93178,-1.21338,0.384213
168,3.9394,-1.19349,0.386374
168,3.95705,-1.19703,0.380767
168,3.97975,-1.19566,0.37801
168,3.98819,-1.18286,0.375036
168,3.49806,-0.37282,-0.55521
168,3.14272,0.206625,-0.615116
168,3.14875,0.233333,-0.62984
168,3.08554,0.392148,-0.575283
168,3.08783,0.392686,-0.582703
168,3.33281,0.146819,-0.493167
168,3.07276,0.434586,-0.579895
168,3.09537,0.432464,-0.588134
168,4.68491,-1.35075,-0.54019
168,3.44557,0.109514,-0.48683
168,3.4749,0.120001,-0.499397
168,3.77715,-0.190805,-0.587838
168,3.62509,0.00884569,-0.661763
168,3.6507,-0.00227022,-0.623934
168,3.80459,-0.162469,-0.615306
168,3.00264,0.756237,-0.64547
168,3.72059,-0.0216293,-0.636874
168,3.7688,-0.0043968,-0.65155
168,3.77055,0.00227761,-0.65497
168,3.31876,0.549502,-0.577062
168,3.32203,0.533096,-0.63919
168,3.32694,0.530865,-0.630077
168,4.99082,-1.10821,0.430191
168,3.6643,0.163956,-0.582533
168,3.67283,0.172472,-0.585507
168,3.20582,0.693873,-0.673904
168,4.91021,-0.949924,0.374803
168,5.12893,-1.18185,0.441986
168,3.27331,0.710432,-0.630255
168,3.39628,0.798514,-0.0411808
168,3.91788,0.0616062,-0.656932
168,3.6121,0.487813,-0.436983
168,5.1706,-1.08259,0.418359
168,5.18981,-1.0773,0.42745
168,5.18282,-1.07035,0.423044
168,3.64509,0.539472,-0.470232
168,5.23413,-1.00074,0.425956
168,5.2903,-0.753857,1.37524
168,5.24848,-0.746942,1.17944
168,3.00508,1.36489,-0.719755
168,5.47457,-0.954455,1.31992
168,4.72685,-0.418115,-0.0550594
168,5.28911,-0.691529,1.37518
168,5.33523,-0.739922,1.38695
168,5.2267,-0.687458,0.992563
168,5.40495,-0.749221,1.56202
168,5.43349,-0.784944,1.53894
168,4.39812,-0.0953484,-0.479545
168,5.26973,-0.83742,0.519926
168,5.41101,-0.738606,1.55519
168,5.30913,-0.627487,1.52081
168,5.47637,-0.898233,1.1881
168,5.25456,-0.793205,0.509224
168,5.43804,-0.738288,1.56874
168,4.07104,0.325218,-0.544141
168,5.50198,-1.03748,0.567169
168,3.87295,0.574067,-0.58426
168,5.31746,-0.745844,0.758493
168,5.29607,-0.777373,0.506952
168,5.36546,-0.767546,0.867813
168,5.32211,-0.544027,1.55896
168,5.26199,-0.741972,0.477346
168,5.37208,-0.728416,0.998406
168,5.3755,-0.759312,0.872257
168,3.89461,0.579908,-0.593383
168,5.35533,-0.75947,0.692986
168,5.29694,-0.732828,0.472366
168,5.38223,-0.7666,0.62083
168,5.42981,-0.713481,1.00612
168,5.32115,-0.527017,1.25402
168,5.52209,-0.878434,0.751971
168,5.408,-0.749478,0.68236
168,5.02121,-0.202386,1.06026
168,5.30215,-0.546969,0.953515
168,5.38145,-0.466295,1.53371
168,4.00024,0.590112,-0.61038
168,5.40126,-0.454892,1.53444
168,5.40667,-0.455876,1.53173
168,5.36891,-0.498883,1.17464
168,5.42184,-0.431073,1.63709
168,5.38371,-0.494313,1.17958
168,5.16433,-0.309381,0.897543
168,5.34721,-0.494962,0.925819
168,5.32221,-0.532712,0.647691
168,5.53784,-0.675263,1.01807
168,5.3906,-0.413792,1.29704
168,5.35852,-0.505553,0.655275
168,5.37373,-0.506223,0.65049
168,5.39666,-0.465154,0.890084
168,5.37877,-0.485619,0.670865
168,5.48178,-0.618711,0.608326
168,5.48843,-0.623945,0.613561
168,5.42721,-0.387633,1.24972
168,5.43592,-0.386858,1.29083
168,5.43988,-0.418259,1.17651
168,5.50233,-0.4877,1.1475
168,5.49797,-0.616242,0.606336
168,5.57381,-0.491395,1.3351
168,5.41811,-0.397145,0.993894
168,5.48568,-0.426572,1.15812
168,5.13584,-0.203671,0.397521
168,5.54346,-0.59833,0.607444
168,5.42042,-0.380613,0.87156
168,5.44925,-0.376979,0.877661
168,5.25178,-0.112117,1.03053
168,5.06298,0.146578,1.16134
168,5.39943,-0.462344,0.22174
168,5.42924,-0.490696,0.214753
168,4.88339,0.0783863,-0.0229192
168,5.08851,-0.15859,-0.0402617
168,4.09126,0.866812,-0.529132
168,4.85836,0.13345,0.0306811
168,4.89366,0.0812936,-0.0230744
168,5.52807,-0.237888,1.57214
168,5.27907,0.0727737,1.67306
168,5.41097,-0.381601,0.407787
168,5.28542,0.0840558,1.68803
168,4.10095,0.892869,-0.538532
168,5.23772,0.0713696,1.39999
168,3.48465,1.588,-0.597567
168,5.29523,0.0840653,1.67874
168,4.90023,0.120035,-0.0538826
168,4.12393,0.888494,-0.550571
168,5.32746,0.00395679,1.43931
168,4.86371,0.126021,-0.23381
168,5.15543,0.0152493,0.591049
168,4.2343,0.772614,-0.62398
168,4.98064,0.166565,0.37294
168,4.74895,0.372054,0.107835
168,5.57436,-0.199333,1.58738
168,5.06521,0.222746,0.911833
168,5.52406,-0.35277,0.651063
168,5.4098,-0.302192,0.290377
168,5.20548,-0.0760859,0.24173
168,5.53938,-0.348183,0.649665
168,5.21688,-0.0683293,0.235685
168,5.52102,-0.418128,0.207739
168,5.09782,0.251774,0.91486
168,5.22845,-0.0616682,0.238315
168,5.24015,-0.0597179,0.228267
168,5.37732,0.246314,1.74935
168,5.37396,0.236178,1.67482
168,5.17485,-0.0265965,-0.311412
168,3.38295,2.15266,0.161234
168,3.64854,1.64528,-0.671072
168,4.80518,0.465173,-0.0927729
168,5.05856,0.255357,0.200469
168,5.61362,-0.373925,0.186421
168,3.4079,2.1449,0.14242
168,5.30198,0.24176,1.10479
168,5.22149,-0.0163375,-0.330811
168,5.39582,0.0890217,0.824916
168,5.07977,0.285244,0.0805776
168,5.2255,0.50662,1.5102
168,3.75545,1.66136,-0.656295
168,5.52483,0.103277,1.15288
168,5.62258,-0.170854,0.25372
168,5.38657,0.226672,0.745993
168,5.61238,-0.120469,0.304209
168,5.17504,0.350134,0.173936
168,4.97397,0.912532,1.38433
168,3.86019,1.68098,-0.730759
168,5.44303,0.0848455,-0.157055
168,5.45567,0.0883623,-0.157915
168,3.71433,2.41274,1.12785
168,5.42633,0.221603,0.187685
168,5.10696,0.950678,1.54868
168,5.23243,0.510508,0.22728
168,5.43111,0.641918,1.5069
168,5.28747,0.553522,0.482138
168,5.34575,0.648401,1.13382
168,5.0101,0.929716,0.594932
168,5.43892,0.302671,0.0341259
168,4.37645,1.39411,-0.598869
168,5.03784,0.960216,0.59082
168,5.39577,0.692173,1.14175
168,5.30808,0.45725,-0.57547
168,3.73426,2.56176,0.220898
168,4.85216,1.24555,0.0500417
168,5.37632,0.551332,-0.439905
168,5.39888,0.516574,-0.615854
168,5.37472,0.599047,-0.402376
168,5.63736,0.314071,-0.600447
168,5.01987,1.52561,1.42401
168,5.29211,0.729873,-0.614685
168,5.01431,1.58089,1.3352
168,5.4494,0.662338,-0.437348
168,5.05529,1.67544,1.74479
168,5.33119,0.773947,-0.634125
168,5.23783,1.00564,-0.398287
168,4.49523,2.3328,1.4982
168,5.51779,0.795226,-0.0880179
168,5.26406,1.08329,-0.365841
168,3.75361,2.94589,-0.0266305
168,5.03563,1.68742,0.606744
168,4.55104,2.48425,1.51687
168,4.88478,1.54927,-0.738757
168,4.85384,1.60001,-0.742839
168,4.89888,1.58423,-0.74861
168,4.58957,2.45868,1.32494
168,5.35957,1.14621,-0.42643
168,5.08848,1.805,0.658637
168,3.79533,3.12742,-0.110439
168,4.67655,2.65437,1.55701
168,4.71726,2.42437,0.539832
168,4.93949,2.00818,-0.128592
168,4.73192,2.61735,1.22586
168,5.10429,1.94432,0.169974
168,5.55711,1.33677,-0.404789
168,5.75334,1.08734,-0.515403
168,5.35945,1.78567,0.344931
168,4.4199,2.99241,0.637667
168,4.80811,2.59967,0.568613
168,4.82439,2.58334,0.550938
168,4.82809,2.58696,0.557292
168,4.87406,2.53013,0.533473
168,5.33092,1.90382,0.00186795
168,5.3339,1.91028,-0.00333565
168,4.8582,2.64095,0.558484
168,4.47351,3.1775,0.628488
168,5.28177,2.00194,-0.645818
168,4.52585,3.19367,0.630204
168,4.51499,3.20889,0.630277
168,4.53811,3.18075,0.612732
168,4.54891,3.31852,1.20407
168,4.80578,2.62017,-0.456004
168,4.12082,3.36983,-0.71757
168,5.37939,1.97942,-0.69482
168,4.57997,3.37386,1.20538
168,4.60038,3.36747,1.22943
168,4.89596,2.75787,-0.515389
168,4.94592,2.76634,-0.523739
168,5.19012,3.09674,1.42534
168,5.19261,3.15665,1.43943
168,5.24871,3.21137,1.4516
168,5.23517,3.20535,1.3018
168,5.28429,3.27026,1.30362
168,5.39985,3.38091,1.30776
168,6.1733,4.12693,2.29499
168,6.14886,4.38498,2.29116
168,6.61526,4.15087,0.613253
166,6.61526,4.15087,0.613253
168,6.03092,0.633548,-0.804488
166,6.03092,0.633548,-0.804488
168,5.81685,4.46535,2.22517
166,5.81685,4.46535,2.22517
168,3.62104,1.55839,-0.606914
166,3.62104,1.55839,-0.606914
168,5.24755,-0.00962454,0.293649
166,5.24755,-0.00962454,0.293649
168,6.77654,7.38021,-1.8224
166,6.77654,7.38021,-1.8224
168,5.2642,1.95053,0.538094
166,5.2642,1.95053,0.538094
168,5.239,0.998879,-0.126901
165,5.239,0.998879,-0.126901
168,5.28071,0.525551,-0.131442
72,5.28071,0.525551,-0.131442
168,5.14145,0.599541,-0.55169
72,5.14145,0.599541,-0.55169
168,5.28309,0.303215,-0.483813
72,5.28309,0.303215,-0.483813
168,5.38291,-0.399488,0.646266
72,5.38291,-0.399488,0.646266
168,5.12872,2.90569,1.47137
72,5.12872,2.90569,1.47137
168,5.22224,0.819081,0.551819
71,5.22224,0.819081,0.551819
168,5.37528,-0.514255,1.59967
71,5.37528,-0.514255,1.59967
168,5.33353,-0.298921,1.75673
71,5.33353,-0.298921,1.75673
168,5.21639,1.03799,1.30178
73,5.21639,1.03799,1.30178
168,5.29142,0.715879,0.869236
73,5.29142,0.715879,0.869236
168,5.23097,0.925465,-0.0786008
73,5.23097,0.925465,-0.0786008
168,5.39631,-0.416098,0.39969
70,5.39631,-0.416098,0.39969
168,4.85097,2.92436,1.25936
74,4.85097,2.92436,1.25936
168,4.56728,2.34846,0.174683
30,4.56728,2.34846,0.174683
169,2.3854,-1.77717,0.610036
169,2.81806,-1.6467,0.663774
169,2.77322,-1.2971,0.57232
169,2.91356,-1.38218,0.461268
169,3.63705,-1.67545,1.01551
169,3.64956,-1.68548,0.996389
169,3.66578,-1.70688,1.00585
169,3.65431,-1.68822,0.994572
169,3.4627,-1.49464,0.336311
169,3.4607,-1.48927,0.329524
169,3.47309,-1.48222,0.371862
169,3.47358,-1.49601,0.331867
169,3.44917,-1.43276,0.376835
169,3.48661,-1.47934,0.370164
169,3.45581,-1.4136,0.377726
169,3.44131,-1.36755,0.376435
169,3.58828,-1.72901,0.00549746
169,3.59004,-1.7253,0.00733155
169,3.43566,-1.30743,0.382782
169,3.42013,-1.28757,0.364042
169,3.46076,-1.4182,0.197694
169,3.59817,-1.72478,0.0146325
169,3.59506,-1.71899,0.0153421
169,3.43674,-1.29297,0.378829
169,3.59822,-1.71632,0.0105911
169,3.60244,-1.71889,0.0134676
169,3.46777,-1.32929,0.401064
169,3.42075,-1.26583,0.333025
169,3.47375,-1.3277,0.398952
169,3.47032,-1.41451,0.158646
169,3.70739,-1.52937,0.841334
169,3.52933,-1.35655,0.376382
169,3.48027,-1.25557,0.375606
169,3.54532,-1.47674,0.0654352
169,3.54401,-1.46425,0.0630767
169,3.88983,-1.61154,1.04253
169,3.88782,-1.59531,1.04972
169,3.89094,-1.5964,1.04971
169,3.5896,-1.33832,0.364487
169,3.65611,-1.25529,0.418722
169,3.85753,-1.70877,0.0446919
169,3.86892,-1.7156,0.0362241
169,3.94747,-1.58574,0.47533
169,3.95946,-1.59928,0.47503
169,3.96771,-1.59851,0.489119
169,3.96957,-1.60027,0.474476
169,3.79602,-1.45538,0.080996
169,3.82154,-1.45217,0.0764691
169,3.82447,-1.22848,0.399505
169,3.91952,-1.33607,0.390909
169,3.94444,-1.34325,0.384039
169,3.96052,-1.34858,0.375077
169,3.96001,-1.33901,0.378533
169,3.44273,-0.340495,-0.600639
169,3.13294,0.20356,-0.61797
169,3.35196,-0.152155,-0.605443
169,3.14338,0.2041,-0.619438
169,3.45469,-0.324853,-0.621208
169,3.45736,-0.327315,-0.62024
169,3.53679,-0.366406,-0.591982
169,3.57808,-0.341192,-0.632533
169,3.38122,0.216995,-0.54999
169,3.39762,0.225553,-0.554494
169,3.52021,-0.0100161,-0.630496
169,3.61893,0.0796869,-0.606463
169,5.12848,-2.03631,0.270354
169,3.69899,0.194612,-0.605683
169,5.21696,-2.039,0.256543
169,3.86905,0.0210654,-0.619597
169,5.3003,-2.06002,0.251211
169,3.90155,0.0293225,-0.635171
169,3.90185,0.158406,-0.658784
169,5.41252,-2.11645,0.0725805
169,5.40599,-2.09114,0.0766555
169,5.42074,-2.08432,0.0787343
169,5.28048,-1.76207,0.252792
169,5.44136,-2.08442,0.0718716
169,5.44399,-2.08763,0.0740836
169,5.46218,-2.08308,0.0695838
169,5.42315,-1.88865,0.32864
169,5.44595,-2.05169,0.0128961
169,5.45194,-2.05408,0.0152459
169,5.46379,-2.06717,0.01539
169,5.3332,-1.74684,0.243347
169,5.48508,-2.13072,-0.0887034
169,5.35208,-1.75254,0.235856
169,5.503,-2.12768,-0.0848367
169,5.43612,-1.87765,0.234576
169,5.4339,-2.10473,-0.505571
169,3.99048,0.304511,-0.671471
169,5.44433,-2.10444,-0.501658
169,5.57389,-2.11798,-0.0920134
169,5.58782,-2.12285,-0.0980558
169,5.54075,-2.03534,-0.171873
169,5.53367,-2.18722,-0.585187
169,5.53974,-2.18426,-0.582129
169,5.50918,-2.10435,-0.52044
169,5.5472,-1.93934,0.0487884
169,3.81189,0.780529,-0.58878
169,5.54714,-2.1797,-0.590515
169,5.56426,-2.20353,-0.587549
169,5.5569,-2.0228,-0.170832
169,5.54305,-2.14007,-0.54218
169,5.49799,-1.89834,-0.167857
169,5.62693,-2.2664,-0.570707
169,5.5252,-1.84038,0.0546184
169,5.58786,-2.04542,-0.199813
169,5.47373,-1.63981,0.322053
169,5.54787,-2.10898,-0.543794
169,5.62981,-2.2534,-0.555298
169,5.66601,-2.13976,-0.125718
169,4.04086,0.442346,-0.639275
169,5.62845,-2.25108,-0.572541
169,5.59853,-2.04413,-0.19638
169,5.59097,-1.932,0.0394986
169,5.51865,-1.89184,-0.170327
169,4.04289,0.450377,-0.644165
169,5.60091,-1.93272,0.0454574
169,5.5697,-2.10519,-0.54514
169,5.48321,-1.60309,0.332307
169,5.5514,-1.8213,0.0665275
169,5.61961,-1.94679,0.0439218
169,5.62817,-2.054,-0.198925
169,5.627,-2.04342,-0.203793
169,5.57037,-1.9292,-0.186569
169,5.57236,-1.8375,0.0493815
169,5.2689,-1.156,0.422116
169,5.57673,-1.82381,0.0462689
169,5.61052,-1.84067,0.0545669
169,5.60948,-1.9305,-0.190733
169,5.55107,-1.72135,0.0495487
169,5.63116,-1.93848,-0.197128
169,4.15777,0.428017,-0.610263
169,5.60791,-1.88113,-0.194493
169,5.32975,-1.14449,0.425656
169,4.17295,0.430439,-0.600717
169,5.61476,-1.87235,-0.192114
169,5.62894,-1.72898,0.207986
169,5.63119,-1.89051,-0.193338
169,5.37793,-1.14313,0.587662
169,3.94917,0.810785,-0.658534
169,5.55577,-1.70751,-0.0955561
169,5.51446,-1.59545,-0.018558
169,5.57658,-1.72126,-0.10127
169,5.52194,-1.58856,-0.0192472
169,5.53057,-1.59985,-0.0159282
169,4.17607,0.523588,-0.54844
169,5.61626,-1.70794,0.0365466
169,5.62068,-1.70898,0.0445215
169,5.62923,-1.71912,0.0363197
169,4.20463,0.486564,-0.566656
169,5.34919,-1.0128,0.564072
169,5.6433,-1.71446,0.0327885
169,5.38576,-1.04737,0.554609
169,5.37939,-1.03652,0.547168
169,4.15022,0.614814,-0.626076
169,5.66136,-1.71385,0.0243888
169,5.62109,-1.70102,-0.120741
169,4.18114,0.592456,-0.621332
169,4.29709,0.410146,-0.590111
169,5.4268,-1.06077,0.554406
169,5.5995,-1.58477,-0.0233713
169,5.67973,-1.69962,0.0309665
169,5.38328,-0.876919,0.798133
169,5.42238,-1.04052,0.554882
169,5.43207,-1.07352,0.46866
169,5.27776,-0.47964,1.1932
169,5.28066,-0.478245,1.19506
169,5.48153,-0.606951,1.42036
169,5.35893,-0.426811,1.30914
169,5.42981,-0.752762,0.769996
169,5.51783,-0.640989,1.41875
169,5.3546,-0.591589,0.835307
169,5.44048,-0.736308,0.784672
169,4.15414,0.916906,-0.598054
169,5.4453,-0.742216,0.780216
169,5.47353,-0.657879,1.11171
169,5.27344,-0.452913,0.734709
169,5.34161,-0.496705,0.900885
169,4.24548,0.79044,-0.618255
169,5.35393,-0.490152,0.915762
169,5.24381,-0.436464,0.558104
169,5.31486,-0.577123,0.506546
169,5.35596,-0.549364,0.6887
169,4.14004,1.03833,-0.623457
169,5.34549,-0.566616,0.469331
169,5.47052,-0.472692,1.23399
169,5.3725,-0.479777,0.669786
169,5.39873,-0.533572,0.603956
169,4.18588,1.07249,-0.605148
169,5.30468,-0.00928295,1.4301
169,5.38965,-0.472116,0.59579
169,5.32816,-0.481108,0.229015
169,5.36702,-0.433869,0.497077
169,5.5016,-0.650258,0.484419
169,5.21533,0.046595,0.8308
169,5.23173,0.0226536,0.723188
169,5.23497,0.0217313,0.732229
169,5.27567,0.0309105,0.814216
169,5.36102,0.0132927,1.11255
169,5.22291,0.110372,0.728371
169,5.19164,0.423962,1.3584
169,5.26699,0.0122298,0.651342
169,5.23046,0.117619,0.732145
169,5.26809,-0.00621831,0.480296
169,5.27013,-0.0209839,0.437609
169,5.26493,0.0107746,0.473596
169,5.25866,-0.0411675,0.232401
169,5.30016,0.192726,0.994065
169,5.26172,-0.0287136,0.22441
169,5.39593,-0.0119274,0.790463
169,5.33044,0.188335,0.99561
169,5.2848,-0.00962126,0.260562
169,5.28474,0.00621009,0.293337
169,5.30215,0.244774,0.961164
169,5.06375,0.806896,1.24524
169,5.29412,0.372885,1.13478
169,5.26807,0.433856,1.17083
169,5.26548,0.546315,1.43157
169,5.25543,0.2478,0.629878
169,5.26309,0.00175893,0.0273885
169,5.08312,0.820693,1.26671
169,5.24901,0.196043,0.413287
169,5.25245,0.640285,1.53667
169,5.09982,0.879232,1.47278
169,5.2759,0.171833,0.348723
169,5.11702,0.895231,1.47434
169,5.29078,0.0163333,0.0207163
169,5.22084,0.110438,-0.0473714
169,5.27445,0.223719,0.431262
169,5.22462,0.496667,0.84107
169,5.29091,0.674927,1.54863
169,5.10732,0.891196,1.25666
169,5.32769,0.398885,0.931158
169,5.29526,0.428067,0.853121
169,5.03559,1.13836,1.50801
169,5.26616,0.493024,0.827637
169,5.2489,0.314762,0.296637
169,5.08118,0.900536,0.933529
169,5.22248,0.324106,0.0652906
169,5.24356,0.161616,-0.271394
169,5.19394,0.384401,0.06973
169,5.24498,0.455478,0.356956
169,5.19816,0.521084,0.239496
169,5.26378,0.419667,0.218741
169,5.17057,0.963331,1.15828
169,5.27324,0.553356,0.475292
169,5.11525,0.956285,0.805294
169,5.25656,0.48771,0.205411
169,5.18466,1.06016,1.30541
169,5.29974,0.528316,0.465345
169,5.27171,0.360846,-0.0753818
169,5.23664,1.0887,1.57521
169,5.03334,1.04707,0.516362
169,5.25193,1.10356,1.58728
169,5.18682,0.931184,0.863723
169,5.24623,0.481082,-0.028343
169,5.26669,0.650813,0.384846
169,5.06085,1.07849,0.522388
169,5.274,0.386397,-0.327141
169,5.27824,0.663329,0.335302
169,5.23303,0.453914,-0.384321
169,5.13102,0.729952,-0.19481
169,5.27864,0.703136,0.343765
169,5.32213,0.400373,-0.25388
169,5.27654,0.491256,-0.249212
169,5.29388,0.578242,-0.00095284
169,5.36031,0.37053,-0.242327
169,5.32417,0.407599,-0.304617
169,5.3045,0.560948,-0.0172129
169,5.28551,0.500477,-0.254258
169,5.02055,1.35828,0.688765
169,5.26314,0.518045,-0.384232
169,5.17272,1.49023,1.65002
169,5.26588,0.518158,-0.381211
169,5.25123,0.523257,-0.58664
169,5.08413,1.6446,1.48323
169,5.06267,1.62144,1.29436
169,5.33926,0.538565,-0.276204
169,5.2113,0.844968,-0.122004
169,5.08616,1.64983,1.29998
169,5.04821,1.608,1.02267
169,5.34693,0.645021,-0.155877
169,5.32445,1.34219,1.43595
169,4.77187,1.4889,-0.679225
169,5.20704,1.04139,0.00755537
169,5.35549,1.34184,1.2825
169,5.36667,1.39791,1.44782
169,4.8037,1.56354,-0.719589
169,5.28369,1.77299,1.57569
169,5.35189,1.46937,1.02163
169,5.38587,1.47873,1.06556
169,5.40246,1.49611,1.08023
169,5.40416,1.52735,1.03491
169,4.79262,2.78688,1.23836
169,4.82864,2.51412,0.559429
169,5.22649,1.91019,0.536968
169,4.95731,2.81196,1.37916
169,4.86893,2.65594,0.553049
169,4.86033,2.96148,1.24006
169,5.3599,1.81603,0.349922
169,5.29558,2.1004,0.646247
169,5.00173,2.84792,1.24984
169,5.16064,1.88608,-0.592849
169,5.25462,1.77984,-0.652742
169,5.30915,1.88671,-0.665793
169,4.97056,2.80424,-0.544898
169,5.09155,0.315328,0.972537
168,5.09155,0.315328,0.972537
169,5.15004,-0.115306,0.584614
168,5.15004,-0.115306,0.584614
169,5.27708,0.0969912,-0.0947415
168,5.27708,0.0969912,-0.0947415
169,5.00989,0.0307496,-0.141615
168,5.00989,0.0307496,-0.141615
169,3.69192,-1.55385,0.151643
168,3.69192,-1.55385,0.151643
169,4.89898,1.58452,-0.750499
168,4.89898,1.58452,-0.750499
169,4.99334,1.11228,1.5029
168,4.99334,1.11228,1.5029
169,3.70487,-1.55274,0.147999
168,3.70487,-1.55274,0.147999
169,3.75266,0.250592,-0.60283
168,3.75266,0.250592,-0.60283
169,5.19893,0.132943,-0.190788
168,5.19893,0.132943,-0.190788
169,5.10429,1.94408,0.168316
168,5.10429,1.94408,0.168316
169,2.44719,-1.65698,0.552006
168,2.44719,-1.65698,0.552006
169,3.53966,-1.53315,0.902027
168,3.53966,-1.53315,0.902027
169,4.52613,3.19337,0.629045
168,4.52613,3.19337,0.629045
169,4.18907,0.712461,-0.596324
168,4.18907,0.712461,-0.596324
169,4.97337,0.479354,0.846949
167,4.97337,0.479354,0.846949
169,5.5155,0.0512065,-0.177587
167,5.5155,0.0512065,-0.177587
169,5.14809,0.522336,-0.406785
166,5.14809,0.522336,-0.406785
169,3.48536,-0.294435,-0.652153
166,3.48536,-0.294435,-0.652153
169,5.2008,1.71856,1.55243
166,5.2008,1.71856,1.55243
169,5.35309,0.248893,-0.539217
166,5.35309,0.248893,-0.539217
169,5.23218,0.188582,-0.497901
166,5.23218,0.188582,-0.497901
169,3.1241,0.272619,-0.636661
166,3.1241,0.272619,-0.636661
169,10.7234,3.65184,-0.969723
71,10.7234,3.65184,-0.969723
169,5.35268,-0.0248627,-0.0416455
71,5.35268,-0.0248627,-0.0416455
169,5.36082,-0.587216,0.972097
71,5.36082,-0.587216,0.972097
169,5.1911,-0.0855241,-0.547243
71,5.1911,-0.0855241,-0.547243
169,5.4084,-0.760392,0.549955
71,5.4084,-0.760392,0.549955
169,5.36074,-0.564988,1.39308
71,5.36074,-0.564988,1.39308
169,5.24501,0.989478,1.22755
71,5.24501,0.989478,1.22755
169,5.19088,0.286186,-0.440689
71,5.19088,0.286186,-0.440689
169,13.4212,1.02073,-3.82933
72,13.4212,1.02073,-3.82933
169,13.5133,1.02809,-3.86714
72,13.5133,1.02809,-3.86714
169,5.38043,0.670487,-0.140704
165,5.38043,0.670487,-0.140704
169,5.26211,0.636893,0.602361
73,5.26211,0.636893,0.602361
169,5.15808,1.04904,0.466254
73,5.15808,1.04904,0.466254
169,5.26415,0.151183,0.844839
70,5.26415,0.151183,0.844839
169,5.34408,-0.310002,1.52189
70,5.34408,-0.310002,1.52189
169,5.38831,-0.457976,1.27715
70,5.38831,-0.457976,1.27715
169,5.42829,-0.696701,0.790116
70,5.42829,-0.696701,0.790116
169,5.29508,0.168086,0.03655
70,5.29508,0.168086,0.03655
169,5.26232,0.420229,0.170615
70,5.26232,0.420229,0.170615
169,5.27216,0.444574,-0.246
70,5.27216,0.444574,-0.246
169,5.00908,2.83452,1.35453
74,5.00908,2.83452,1.35453
169,3.08533,0.26469,-0.63628
164,3.08533,0.26469,-0.63628
170,2.46262,-1.83259,0.544382
170,2.54095,-1.70379,0.610806
170,2.6005,-1.76492,0.593203
170,2.70122,-1.52299,0.645559
170,2.79992,-1.77387,0.589595
170,2.80521,-1.77034,0.570131
170,2.77592,-1.68612,0.452908
170,2.75717,-1.57607,0.474197
170,2.7864,-1.55464,0.499248
170,2.99622,-1.41599,0.382853
170,3.04704,-1.37908,0.352222
170,3.08934,-1.34349,0.550198
170,3.17177,-1.3107,0.711373
170,3.59506,-1.54616,0.740437
170,3.60716,-1.59516,0.719019
170,3.60894,-1.59472,0.719248
170,3.49018,-1.48561,0.361028
170,3.48898,-1.49715,0.3335
170,3.61596,-1.5416,0.741878
170,3.46804,-1.38989,0.338172
170,3.6206,-1.53827,0.737519
170,3.62579,-1.50653,0.797428
170,3.47859,-1.39872,0.345607
170,3.47907,-1.39786,0.343614
170,3.62875,-1.50572,0.795436
170,3.57264,-1.58189,0.432917
170,3.57903,-1.57679,0.436675
170,3.44793,-1.2473,0.358341
170,3.45721,-1.26325,0.332383
170,3.44165,-1.33316,0.105819
170,3.60908,-1.56797,0.436864
170,3.3773,-1.126,0.100528
170,3.4903,-1.40699,0.147831
170,3.38385,-1.1158,0.0957976
170,3.62441,-1.56105,0.434782
170,3.39194,-1.12553,0.0964389
170,3.39607,-1.10283,0.0908365
170,3.52815,-1.45079,0.116159
170,3.48959,-1.38858,0.0289898
170,3.5857,-1.58802,0.130157
170,3.54138,-1.48671,0.0886537
170,3.53819,-1.48327,0.0781379
170,3.53584,-1.46665,0.0675984
170,3.59166,-1.58305,0.128756
170,3.5452,-1.48059,0.0840399
170,3.5419,-1.48286,0.067195
170,3.54102,-1.48015,0.0661024
170,3.54788,-1.48539,0.0858207
170,3.5431,-1.48534,0.0643723
170,3.54803,-1.48339,0.0825278
170,3.61999,-1.61567,0.162542
170,3.55009,-1.47472,0.0779613
170,3.60134,-1.57773,0.137478
170,3.53557,-1.43517,0.0425258
170,3.62113,-1.56497,0.130753
170,3.62169,-1.07827,0.789271
170,3.63408,-1.55775,0.133801
170,3.58924,-1.25465,0.375439
170,3.51135,-1.36263,-0.122403
170,3.45819,-1.29968,-0.491282
170,3.46184,-1.29935,-0.496323
170,3.46973,-1.29771,-0.498475
170,3.48078,-1.3123,-0.512849
170,3.442,-1.17468,-0.487463
170,3.44305,-1.17249,-0.484603
170,3.44554,-1.171,-0.485596
170,3.62284,-1.6161,-0.404836
170,3.42738,-1.09696,-0.466077
170,3.44916,-1.16659,-0.477707
170,3.46289,-1.19593,-0.472489
170,3.41052,-1.03799,-0.466616
170,3.43322,-1.10689,-0.476039
170,3.50834,-1.36243,-0.53644
170,3.44171,-1.12808,-0.477342
170,3.509,-1.35942,-0.532377
170,3.70415,-1.49594,0.0649063
170,3.51523,-1.36734,-0.535673
170,3.41445,-1.03484,-0.476105
170,3.45833,-1.15405,-0.468023
170,3.43781,-1.10573,-0.483192
170,3.51674,-1.36749,-0.537488
170,3.72177,-1.50056,0.106172
170,3.41679,-1.03139,-0.478422
170,3.42301,-1.04473,-0.486194
170,3.42384,-1.04544,-0.485348
170,3.63393,-1.5643,-0.411602
170,3.6325,-1.55508,-0.406053
170,3.60843,-1.5882,-0.556549
170,3.63568,-1.55891,-0.40531
170,3.64541,-1.5577,-0.412649
170,3.65089,-1.56663,-0.409664
170,3.62545,-1.55321,-0.495418
170,3.60201,-1.49398,-0.599772
170,3.68465,-1.60353,-0.449695
170,3.6865,-1.60223,-0.460258
170,3.77735,-1.46003,0.0762475
170,3.70727,-1.58176,-0.428207
170,3.79311,-1.45507,0.0343505
170,3.88861,-1.72353,0.0288974
170,3.87977,-1.3498,0.398867
170,3.73965,-1.52742,-0.446946
170,3.76457,-1.51994,-0.463561
170,3.90621,-1.3172,0.397003
170,3.79264,-1.56366,-0.478432
170,3.92493,-1.31038,0.396495
170,3.80892,-1.68696,-0.634846
170,3.80983,-1.56487,-0.494494
170,3.95798,-1.33639,0.383923
170,3.39956,-0.404234,-0.571432
170,3.82356,-1.5599,-0.501651
170,3.92078,-1.21099,0.386327
170,3.92893,-1.19978,0.387647
170,3.79258,-1.43409,-0.505419
170,3.9794,-1.33864,0.378631
170,3.80642,-1.41928,-0.519404
170,3.8742,-1.5962,-0.524266
170,3.96318,-1.19971,0.383071
170,3.43345,-0.362084,-0.59939
170,3.82602,-1.41068,-0.526503
170,3.82739,-1.41149,-0.525737
170,3.93596,-1.76822,-0.605887
170,3.89269,-1.59684,-0.541536
170,3.93553,-1.76315,-0.60494
170,3.94096,-1.76448,-0.606439
170,3.90333,-1.60212,-0.533335
170,3.83765,-1.41128,-0.534268
170,3.94249,-1.76339,-0.611799
170,3.94685,-1.7546,-0.599997
170,3.89897,-1.59196,-0.575713
170,3.93165,-1.60154,-0.546716
170,3.95837,-1.72549,-0.61403
170,3.96725,-1.74575,-0.616605
170,3.5439,-0.358969,-0.606227
170,3.55394,-0.353774,-0.613182
170,3.56149,-0.33826,-0.623881
170,3.63708,-0.01174,-0.569058
170,3.64988,0.00836873,-0.584871
170,3.64076,0.101181,-0.5595
170,4.34497,-0.613724,1.02037
170,4.37675,-1.95256,-0.84794
170,3.6945,0.229312,-0.554281
170,3.70827,0.186574,-0.569311
170,4.45348,-1.37185,-0.498808
170,4.53841,-0.476879,1.0677
170,4.55976,-0.432513,1.07063
170,5.37327,-2.93586,0.697976
170,5.33478,-2.973,0.400515
170,5.29911,-2.63434,0.693522
170,5.02136,-2.71832,-0.561491
170,5.01058,-2.70315,-0.609922
170,5.02802,-2.71455,-0.60304
170,3.96102,0.212633,-0.810166
170,5.3253,-2.63501,0.693668
170,5.31928,-2.59617,0.69893
170,5.34497,-2.66817,0.68677
170,5.30385,-2.58615,0.635733
170,5.04119,-2.70373,-0.606523
170,5.33943,-2.63662,0.694374
170,5.34184,-2.6175,0.684309
170,5.3675,-2.67147,0.690122
170,5.37545,-2.6502,0.699672
170,4.6021,-0.153671,1.0758
170,4.30779,0.516649,0.794556
170,4.03563,0.229386,-0.73485
170,5.10085,-2.7089,-0.629426
170,4.61532,-0.148445,0.968869
170,5.12471,-2.71508,-0.638887
170,4.04996,0.329157,-0.736685
170,4.75868,-1.94347,-1.08754
170,4.43143,0.278787,0.673158
170,4.53842,0.344781,1.03441
170,4.77614,-0.4515,0.806693
170,4.78923,-0.472541,0.805867
170,4.78342,-0.449339,0.807433
170,5.37988,-2.42013,0.394977
170,4.10698,0.502612,-0.649513
170,5.26721,-2.67106,-0.447422
170,5.26655,-2.63547,-0.438743
170,5.275,-2.65374,-0.453824
170,5.41538,-2.43041,0.391869
170,5.28533,-2.64978,-0.451418
170,5.28676,-2.63301,-0.450706
170,5.29358,-2.63505,-0.445086
170,5.1956,-2.22096,-0.270479
170,5.04959,-0.776434,1.17617
170,4.56023,0.387539,0.825552
170,5.30981,-2.66763,-0.459994
170,5.30496,-2.62462,-0.445288
170,5.20985,-2.21749,-0.294605
170,4.55347,0.259162,0.531019
170,4.56217,0.301046,0.57969
170,5.23288,-2.2246,-0.293604
170,4.83064,0.0311078,1.04203
170,5.30231,-2.22805,-0.309857
170,5.12018,-0.743812,0.975587
170,5.34461,-2.21952,-0.325145
170,5.37518,-2.21463,-0.330305
170,5.37731,-2.21039,-0.331423
170,4.93945,0.152686,1.1865
170,4.2631,0.80781,-0.640405
170,4.923,0.0696359,0.98406
170,5.20283,-0.74527,0.965446
170,5.01939,-0.090861,1.08543
170,4.75785,-0.0780528,0.0179018
170,4.88224,0.126763,0.801095
170,4.89942,0.116536,0.812569
170,5.30965,-1.60679,0.0306296
170,5.20725,-0.805527,0.745721
170,5.42985,-2.21466,-0.345582
170,5.06435,-0.168088,1.04427
170,5.22288,-0.796819,0.771766
170,5.02189,-0.218695,0.742465
170,4.73095,0.427485,0.46346
170,5.03082,-0.225793,0.740462
170,4.65571,0.292903,-0.0669385
170,5.44309,-1.74334,0.225689
170,4.77694,0.018591,-0.00217688
170,4.92897,0.0953066,0.720391
170,4.87931,0.0184735,0.390554
170,5.07699,-0.0500728,1.0954
170,4.78033,0.0272944,-0.00670147
170,4.81311,0.58281,0.888164
170,4.94438,0.11167,0.721433
170,4.84365,0.055294,0.218105
170,4.89628,0.0294348,0.384232
170,5.42221,-2.10236,-0.502495
170,5.39445,-1.71803,-0.0742394
170,5.42452,-1.70531,0.0513702
170,5.39772,-1.71281,-0.0735903
170,4.81208,0.634908,0.863439
170,4.95479,-0.125061,0.360365
170,5.40456,-1.70345,-0.0730901
170,5.41541,-1.72533,-0.0777526
170,5.14332,-0.5369,0.4961
170,5.42046,-1.72438,-0.071345
170,5.45878,-1.77398,0.00909239
170,5.50556,-2.01558,-0.156917
170,4.93583,0.233761,0.673571
170,5.43859,-1.73936,-0.0803896
170,5.51346,-2.26356,-0.550851
170,5.51253,-2.24183,-0.531372
170,5.44798,-1.73491,-0.0853751
170,4.98851,0.161653,0.717629
170,5.49452,-2.19052,-0.568646
170,5.64388,-2.48191,-0.393848
170,5.60861,-2.43504,-0.49115
170,5.65203,-2.4842,-0.404446
170,5.60867,-2.41985,-0.493237
170,4.88096,0.0142099,-0.00628805
170,5.54703,-2.25624,-0.524658
170,5.66064,-2.48665,-0.403404
170,5.55286,-2.24733,-0.524792
170,5.31928,-1.59711,-0.561864
170,5.67495,-2.59045,-0.537849
170,4.91882,0.114572,0.204815
170,5.02621,-0.0766573,0.355861
170,5.5403,-2.20041,-0.587719
170,5.09515,0.246761,1.06222
170,5.36951,-0.719403,0.783262
170,5.58865,-1.74787,0.209552
170,5.35739,-1.62598,-0.583876
170,5.35085,-1.5953,-0.5729
170,5.32221,-0.736315,0.504415
170,5.18376,-0.453324,0.331503
170,4.90943,0.7109,0.852347
170,5.3975,-0.710303,0.779883
170,5.37427,-1.59661,-0.576674
170,5.38594,-1.63287,-0.586587
170,5.38641,-1.62209,-0.580911
170,5.38608,-0.505527,0.961998
170,5.14301,-0.214209,0.378117
170,5.72516,-2.12005,0.0393822
170,5.39935,-1.62077,-0.58539
170,5.39995,-1.61184,-0.586855
170,5.15613,-0.206906,0.391829
170,5.32955,-0.569223,0.578949
170,5.4148,-1.62947,-0.588978
170,5.66727,-2.05387,-0.195419
170,5.58184,-1.73938,-0.106891
170,4.6476,0.529761,-0.70722
170,5.76547,-2.15002,0.0284366
170,5.73769,-2.07969,-0.0400602
170,5.23602,-0.0198902,0.829805
170,5.4108,-0.717854,0.51842
170,5.4204,-0.465202,0.913791
170,5.67008,-1.94722,-0.204061
170,5.4288,-0.430372,0.956664
170,5.67199,-1.94316,-0.206388
170,5.1171,0.36948,0.800258
170,4.68392,0.538737,-0.721333
170,5.48848,-1.67503,-0.607294
170,5.77111,-2.14655,-0.130755
170,5.49766,-0.4172,1.20222
170,5.55403,-0.515308,1.28633
170,4.99334,0.848034,0.915979
170,5.81455,-1.89865,0.296531
170,5.51543,-0.646977,0.802988
170,5.26475,0.00460601,0.70495
170,5.47907,-0.401331,0.967461
170,5.77805,-2.06688,-0.215008
170,5.66656,-1.26889,0.45809
170,5.66755,-1.25344,0.457617
170,5.20714,-0.0803388,0.232632
170,5.56142,-0.354504,1.2532
170,5.67842,-1.60049,-0.0451527
170,5.9168,-2.09653,0.187377
170,5.92615,-2.11454,0.181432
170,5.52533,-0.522375,0.782682
170,5.77225,-1.54772,0.301079
170,4.75566,0.64896,-0.753387
170,5.34947,0.0666988,0.826634
170,5.43669,-0.370408,0.525693
170,5.55354,-0.510346,0.789204
170,5.49344,-0.356445,0.738624
170,5.55383,-0.337514,0.976346
170,5.98477,-2.10752,0.184673
170,5.44315,-0.358305,0.404252
170,5.7349,-1.1563,0.43383
170,5.59744,-0.375865,0.966422
170,5.38988,0.291762,1.05501
170,5.40103,0.110346,0.843479
170,5.96865,-2.10807,-0.00205147
170,5.8831,-2.02692,-0.250609
170,5.86315,-1.57764,0.278403
170,5.34986,0.444674,0.997785
170,5.48161,0.223896,1.20966
170,6.00434,-1.89775,0.288773
170,4.88419,1.54496,0.608633
170,5.81399,-1.12969,0.575475
170,6.05654,-2.09658,0.180953
170,4.91511,1.51851,0.623847
170,6.0445,-1.94775,0.28402
170,5.53578,0.268021,1.32104
170,5.03827,0.678709,-0.162694
170,5.44983,0.16402,0.753535
170,5.84884,-1.19205,0.326745
170,6.05614,-1.73721,0.164494
170,5.53526,0.32507,0.753753
170,6.08132,-1.55659,0.282294
170,5.73471,-0.427532,0.456527
170,5.34579,1.2523,1.21194
170,5.38525,0.636579,0.479036
170,5.44721,0.56426,0.587268
170,5.71818,-0.20342,0.600749
170,5.4314,0.336944,0.169002
170,5.4955,0.72056,0.820866
170,5.5191,0.750047,0.881293
170,5.74296,-0.123402,0.542601
170,5.53497,0.748454,0.827071
170,6.11241,-0.782853,0.977486
170,5.6793,0.400375,0.879441
170,5.7129,0.418569,0.980925
170,5.80274,-0.0790707,0.544899
170,5.1549,1.8251,0.566844
170,6.40016,-1.93662,0.27297
170,5.74322,0.445484,0.887748
170,5.81945,0.516435,1.2237
170,5.49407,1.44414,1.18631
170,5.52022,0.762105,0.274762
170,5.87725,0.565763,1.23664
170,5.4489,1.52267,0.806469
170,5.6877,0.889519,0.878641
170,5.70778,0.904225,0.913159
170,5.87304,0.585147,1.07362
170,5.47324,1.55646,0.808524
170,5.58988,0.838754,0.18824
170,5.64391,0.804982,0.331681
170,5.43898,1.10191,-0.112034
170,5.6254,1.59355,1.21849
170,5.28425,1.90261,-0.11705
170,5.09412,1.94187,-0.841488
170,5.98235,1.02659,1.39437
170,6.75809,-2.08534,0.119664
170,5.31991,1.94766,-0.136348
170,5.71591,0.914662,-0.0852869
170,5.79771,0.940549,-0.251757
170,5.82332,1.01051,-0.0600233
170,5.32726,2.25467,-0.92733
170,6.32636,1.30901,1.48169
170,5.84494,1.58684,-0.116107
170,5.83,1.32101,-0.606723
170,5.88979,1.69512,-0.137242
170,5.95807,1.77009,-0.139068
170,5.62284,2.28862,-0.772622
170,5.69732,2.36529,-0.822352
170,5.77186,2.42234,-0.839304
170,6.22175,2.05578,0.11492
170,6.44273,2.24304,0.427096
170,7.271,2.15023,1.70152
170,8.06058,2.80878,1.88328
170,5.00326,-0.0283663,0.0938637
169,5.00326,-0.0283663,0.0938637
170,3.43977,-1.3054,0.381211
169,3.43977,-1.3054,0.381211
170,5.39844,0.0950662,0.700397
169,5.39844,0.0950662,0.700397
170,3.8843,-1.60306,0.902701
169,3.8843,-1.60306,0.902701
170,4.98365,-0.0404522,0.0971623
169,4.98365,-0.0404522,0.0971623
170,4.00475,-1.60182,0.984402
169,4.00475,-1.60182,0.984402
170,5.35294,0.311028,0.632415
169,5.35294,0.311028,0.632415
170,5.46798,0.573923,1.17481
169,5.46798,0.573923,1.17481
170,5.66534,0.721849,-0.149285
169,5.66534,0.721849,-0.149285
170,4.33349,0.448833,-0.614472
169,4.33349,0.448833,-0.614472
170,5.11136,0.726104,0.296992
169,5.11136,0.726104,0.296992
170,3.97739,-1.55493,0.750783
169,3.97739,-1.55493,0.750783
170,5.12237,0.981132,1.1935
169,5.12237,0.981132,1.1935
170,5.55465,0.59227,-0.401596
169,5.55465,0.59227,-0.401596
170,3.98995,-1.60322,0.981568
169,3.98995,-1.60322,0.981568
170,5.4133,-0.380109,0.4087
169,5.4133,-0.380109,0.4087
170,3.89218,-1.56822,0.745422
169,3.89218,-1.56822,0.745422
170,3.84694,-1.53471,0.747771
169,3.84694,-1.53471,0.747771
170,4.13661,1.03546,-0.621761
169,4.13661,1.03546,-0.621761
170,3.84597,-1.58154,0.737981
169,3.84597,-1.58154,0.737981
170,3.98123,-1.56991,0.909728
169,3.98123,-1.56991,0.909728
170,3.69203,-1.50631,0.779504
169,3.69203,-1.50631,0.779504
170,5.27281,2.01034,0.522069
169,5.27281,2.01034,0.522069
170,3.80378,-1.58047,0.749258
169,3.80378,-1.58047,0.749258
170,3.49637,-1.37873,0.00421871
168,3.49637,-1.37873,0.00421871
170,5.29936,0.235728,0.184833
168,5.29936,0.235728,0.184833
170,5.35812,-0.775136,0.61886
168,5.35812,-0.775136,0.61886
170,5.16047,0.466012,0.00913287
168,5.16047,0.466012,0.00913287
170,3.42976,-1.3224,0.226284
168,3.42976,-1.3224,0.226284
170,5.33109,0.885784,-0.10855
168,5.33109,0.885784,-0.10855
170,3.4273,-1.35853,0.273172
168,3.4273,-1.35853,0.273172
170,3.47462,-1.47596,0.339917
168,3.47462,-1.47596,0.339917
170,5.49134,1.19273,1.23058
168,5.49134,1.19273,1.23058
170,5.1343,0.597658,-0.556066
168,5.1343,0.597658,-0.556066
170,5.20494,1.88244,0.609146
168,5.20494,1.88244,0.609146
170,3.96643,0.348887,-0.568152
167,3.96643,0.348887,-0.568152
170,5.45153,-1.02636,0.589943
71,5.45153,-1.02636,0.589943
170,5.37833,-0.604716,0.648113
71,5.37833,-0.604716,0.648113
170,5.36747,-0.566407,1.39605
71,5.36747,-0.566407,1.39605
170,5.33417,-0.0868421,0.571345
71,5.33417,-0.0868421,0.571345
170,5.16868,0.952788,0.209814
166,5.16868,0.952788,0.209814
170,5.09569,-0.0353943,-0.0263029
70,5.09569,-0.0353943,-0.0263029
170,5.08014,-0.0366684,-0.0203312
70,5.08014,-0.0366684,-0.0203312
170,5.39645,-0.439683,0.520564
70,5.39645,-0.439683,0.520564
170,5.33386,-0.0487177,1.41718
70,5.33386,-0.0487177,1.41718
170,5.27992,0.0640073,0.735848
70,5.27992,0.0640073,0.735848
170,5.17866,0.964072,1.26406
70,5.17866,0.964072,1.26406
170,5.2642,0.362348,0.0485677
73,5.2642,0.362348,0.0485677
170,5.2664,0.712411,0.862294
73,5.2664,0.712411,0.862294
171,2.46353,-2.12706,0.41717
171,2.94574,-1.77739,0.517271
171,3.07346,-1.78933,0.217477
171,3.28507,-1.50283,0.367114
171,3.29018,-1.23462,0.287905
171,3.3236,-1.15736,0.0323672
171,3.43407,-1.76627,0.101226
171,3.33252,-1.15343,0.028288
171,3.5707,-1.58079,0.827833
171,3.55086,-1.55272,0.722515
171,3.56478,-1.56027,0.727321
171,3.57284,-1.55743,0.743071
171,3.57301,-1.55165,0.743942
171,3.57422,-1.55363,0.744102
171,3.47371,-1.38232,0.32889
171,3.60679,-1.5489,0.729516
171,3.6248,-1.51803,0.84014
171,3.64043,-1.52203,0.839403
171,3.70976,-2.99647,-0.0195023
171,3.5311,-1.48647,0.0805731
171,3.74505,-2.99922,-0.0282282
171,3.5472,-1.58707,0.0430424
171,3.3826,-1.14006,-0.448525
171,3.55185,-1.58467,0.0396666
171,3.38793,-1.1683,-0.456056
171,3.5559,-1.58247,0.0394405
171,3.55996,-1.6068,0.0123978
171,3.56061,-1.608,0.00710547
171,3.5642,-1.58061,0.0352252
171,3.72552,-1.57618,0.81569
171,3.71109,-1.55995,0.731376
171,3.42983,-1.39734,-0.529402
171,3.61118,-1.43537,0.318597
171,3.74105,-1.58679,0.825499
171,3.5766,-1.59645,0.00813302
171,3.72039,-1.59625,0.709292
171,3.61799,-1.41676,0.323172
171,3.43465,-1.29187,-0.47917
171,3.75048,-1.58642,0.820789
171,3.75933,-1.58807,0.819491
171,3.74021,-1.577,0.731796
171,3.74071,-1.56768,0.733032
171,3.53524,-1.98434,-0.598001
171,3.43839,-1.16587,-0.464442
171,3.77412,-1.57383,0.833568
171,3.58053,-2.23956,-0.613283
171,3.56354,-1.34588,-0.0287654
171,3.62732,-1.56951,0.102229
171,3.5457,-1.96197,-0.595317
171,3.56619,-1.33913,-0.0286821
171,3.57244,-1.33909,-0.0276822
171,3.76811,-1.58431,0.719405
171,3.63665,-1.60901,0.0331954
171,3.64268,-1.55788,0.0988864
171,3.48269,-1.4281,-0.589897
171,3.48205,-1.29784,-0.5046
171,3.6425,-1.58168,0.0574896
171,3.65248,-1.54075,0.108005
171,3.78732,-1.55644,0.743656
171,3.50137,-1.40064,-0.535612
171,3.5626,-1.8495,-0.591228
171,3.79141,-1.57335,0.726471
171,3.56398,-1.85001,-0.593746
171,3.60429,-1.32274,-0.0437205
171,3.65568,-1.33556,0.188464
171,3.62972,-2.22989,-0.640384
171,3.66185,-1.33364,0.188445
171,3.58005,-1.83957,-0.598865
171,3.68939,-1.59596,0.0967736
171,3.63617,-2.22672,-0.641003
171,3.51848,-1.27717,-0.532175
171,3.64725,-2.22407,-0.648933
171,3.51521,-1.16418,-0.498322
171,3.58825,-1.62735,-0.507958
171,3.85356,-1.56824,0.827306
171,3.65781,-2.21525,-0.652014
171,3.66126,-2.207,-0.637907
171,3.77689,-1.56029,0.409615
171,3.66053,-2.21006,-0.646762
171,3.71727,-1.58761,0.0937468
171,3.85275,-1.57477,0.729722
171,3.60531,-1.5954,-0.547077
171,3.73574,-1.58347,0.0851725
171,3.88616,-1.56229,0.831399
171,3.59032,-1.53954,-0.60133
171,3.65896,-2.02558,-0.650039
171,3.59442,-1.5061,-0.591774
171,3.56343,-1.27908,-0.576849
171,3.66283,-2.01712,-0.650341
171,3.66297,-2.01623,-0.653613
171,3.66288,-2.00047,-0.645712
171,3.63804,-1.56311,-0.445892
171,3.6714,-2.0065,-0.64984
171,3.73154,-1.023,0.362898
171,3.63454,-1.55179,-0.510725
171,3.58651,-1.32506,-0.575572
171,3.60841,-1.50081,-0.604878
171,3.67963,-1.99392,-0.648791
171,3.61495,-1.49931,-0.612936
171,3.68553,-2.01279,-0.656127
171,3.61911,-1.49368,-0.614426
171,3.69914,-2.00029,-0.653198
171,3.66681,-1.52379,-0.456137
171,3.62775,-1.47552,-0.621547
171,3.61375,-1.30854,-0.595479
171,3.68467,-1.60307,-0.472904
171,3.9643,-1.57132,0.901065
171,3.67797,-1.51985,-0.46233
171,3.70619,-1.58159,-0.447027
171,3.73447,-1.3205,-0.469098
171,3.78207,-1.32213,-0.340659
171,3.96882,-1.30492,0.391812
171,4.03698,-1.28272,0.381467
171,4.05443,-1.29281,0.377675
171,3.92026,-1.24897,-0.579792
171,4.12093,-1.25859,0.378822
171,3.84206,-0.970655,-0.778223
171,3.99413,-1.73661,-0.632877
171,3.99862,-1.75234,-0.661421
171,4.04942,-0.594068,0.110723
171,4.06663,-0.573392,0.0190895
171,4.10063,-0.558697,0.0991277
171,4.1264,-0.513552,0.0136847
171,4.53307,-3.35282,-0.164624
171,4.399,-0.553759,1.00238
171,4.56411,-2.36515,0.391855
171,4.61619,-3.36676,-0.432104
171,4.67242,-3.38312,-0.206655
171,4.67496,-3.40731,-0.336524
171,4.47241,-0.582409,0.697968
171,4.68728,-3.40037,-0.385225
171,4.27914,-0.35797,-0.121689
171,4.67944,-3.39653,-0.456447
171,4.37104,-1.41112,-0.48187
171,4.75208,-3.41208,-0.408634
171,4.75599,-3.41402,-0.409855
171,4.78875,-2.39648,0.383839
171,4.78732,-3.42625,-0.473225
171,4.85017,-3.45245,-0.450484
171,4.89976,-2.41922,0.380347
171,4.92254,-2.42583,0.385552
171,4.93015,-2.43179,0.37603
171,4.57664,-1.33262,-0.556574
171,4.98403,-2.39625,0.393345
171,5.09176,-3.02186,0.428509
171,5.1493,-3.04276,0.677541
171,4.71573,-1.38047,-0.229297
171,5.155,-3.04036,0.665425
171,5.17761,-3.05054,0.670646
171,5.12433,-3.03667,0.414009
171,5.12216,-3.0149,0.416651
171,5.12791,-3.01686,0.414211
171,5.15882,-3.02336,0.415586
171,4.81994,-0.714883,0.386561
171,5.24887,-2.97907,0.692998
171,5.27574,-3.14327,0.698717
171,4.82177,-1.34861,-0.265505
171,5.47375,-3.51686,1.26472
171,5.28248,-2.99155,0.69575
171,5.33084,-3.1704,0.711177
171,4.97797,-0.702302,0.831423
171,4.98361,-0.704283,0.839447
171,5.24578,-2.60637,0.679705
171,5.23543,-3.06192,0.264451
171,5.25095,-2.60205,0.683966
171,5.48342,-3.37087,1.23174
171,5.25809,-2.63952,0.679968
171,5.09186,-3.23832,-0.588888
171,5.19303,-3.09395,-0.061295
171,4.856,-1.32194,-0.382318
171,5.28454,-2.94736,0.480551
171,5.2592,-3.0615,0.268403
171,4.86148,-1.32354,-0.387053
171,4.87323,-0.359201,0.388318
171,4.88396,-0.431854,0.369099
171,4.86477,-1.32307,-0.394486
171,5.13146,-3.26802,-0.601596
171,5.22495,-3.00219,0.0514582
171,4.87454,-1.31391,-0.396639
171,5.28768,-3.05096,0.295953
171,5.34681,-2.91347,0.685198
171,5.2316,-2.99353,0.0584704
171,5.05069,-2.67526,-0.598625
171,5.14094,-3.26928,-0.611755
171,4.88861,-1.32155,-0.391924
171,5.21863,-2.96221,-0.0339653
171,5.24534,-3.00803,0.0503524
171,4.94329,-1.34458,-0.180145
171,5.01753,-0.239147,1.00852
171,5.25012,-3.00603,0.0472153
171,5.25303,-3.01002,0.052617
171,4.90163,-1.30668,-0.397783
171,5.26023,-3.03484,0.0487619
171,5.37973,-2.95132,0.694381
171,4.92441,-1.32206,-0.304975
171,5.31052,-3.06421,0.269662
171,5.31501,-3.06789,0.279204
171,5.17791,-3.35952,-0.614055
171,5.32454,-3.054,0.328092
171,4.92051,-0.336096,0.379813
171,5.08193,-2.72099,-0.626578
171,4.96007,-1.34226,-0.189066
171,4.94159,-1.3041,-0.253729
171,5.32067,-3.06223,0.273279
171,4.92525,-0.24789,0.422091
171,5.09296,-2.70668,-0.619156
171,5.18202,-3.28836,-0.623113
171,5.20415,-3.41532,-0.610485
171,4.94328,-1.32808,-0.333212
171,4.9481,-1.31972,-0.308974
171,5.21035,-3.43861,-0.626652
171,5.41208,-2.96847,0.702774
171,4.95263,-1.32665,-0.313207
171,5.2217,-2.99566,-0.268635
171,5.1187,-2.75799,-0.612853
171,5.1194,-2.75832,-0.615894
171,5.11964,-2.75283,-0.630283
171,5.22802,-3.40076,-0.651071
171,5.45084,-3.3349,0.478702
171,5.44143,-2.97507,0.700503
171,5.50613,-3.28125,0.786312
171,5.24643,-3.47452,-0.64401
171,5.25414,-3.01026,-0.277059
171,5.45913,-3.34914,0.459698
171,5.39402,-3.00621,0.395485
171,5.25776,-3.46741,-0.617704
171,5.25317,-3.42581,-0.616592
171,5.4515,-2.94514,0.696064
171,5.23609,-3.32619,-0.646796
171,5.27517,-2.7679,-0.0448285
171,5.41062,-3.01707,0.404096
171,5.45872,-2.94402,0.693465
171,5.50323,-3.30893,0.5757
171,5.48062,-2.97581,0.704187
171,5.33869,-3.44347,-0.362375
171,5.35462,-3.5579,-0.392398
171,5.34544,-3.4441,-0.364069
171,5.30114,-3.23816,-0.431657
171,5.45123,-2.99244,0.416892
171,5.32931,-3.00201,-0.225244
171,5.31633,-3.49263,-0.657205
171,5.36473,-3.11089,-0.137478
171,5.58428,-3.29191,0.77455
171,5.39069,-3.5018,-0.339105
171,5.38809,-3.53039,-0.39905
171,5.40106,-3.46525,-0.301601
171,5.4026,-3.50978,-0.35204
171,5.35731,-2.77962,-0.048591
171,5.39221,-3.11685,-0.142233
171,5.35549,-3.26786,-0.460309
171,5.41069,-3.54346,-0.404591
171,5.11331,-0.527357,0.402335
171,5.69914,-3.42793,1.08292
171,5.46647,-3.03698,0.23855
171,5.42171,-3.52355,-0.354381
171,5.50711,-3.04868,0.395801
171,5.3645,-3.25323,-0.454745
171,5.5264,-3.0264,0.498588
171,5.40019,-3.68603,-0.6128
171,5.41697,-3.67478,-0.558447
171,5.5252,-3.06029,0.396953
171,5.6201,-3.40549,0.599381
171,5.42881,-3.48191,-0.393132
171,5.41133,-3.43219,-0.451268
171,5.24754,-1.91373,-0.143458
171,5.63257,-3.40315,0.613851
171,5.23783,-1.62733,0.0181471
171,5.20919,-1.32417,0.0824663
171,5.22445,-2.12108,-0.451752
171,5.4129,-3.59419,-0.66037
171,5.66229,-3.44057,0.671543
171,5.64952,-3.4449,0.600279
171,5.41838,-3.64603,-0.686634
171,5.40783,-3.23715,-0.453199
171,5.32577,-2.45604,-0.331584
171,5.47681,-2.75474,0.167624
171,5.47645,-2.95567,0.00627989
171,5.33302,-2.47344,-0.332856
171,5.30207,-1.78638,0.0270072
171,5.5548,-3.39117,0.0526935
171,5.55486,-3.38225,0.0501681
171,5.47857,-3.5143,-0.423231
171,5.24377,-0.545538,0.657374
171,5.55668,-3.15076,0.212744
171,5.30288,-1.89636,-0.139117
171,5.31995,-1.78989,0.0231115
171,5.7132,-3.45688,0.682529
171,5.49782,-2.96124,0.00220275
171,5.2741,-2.11643,-0.472436
171,5.3577,-2.65324,-0.471
171,5.464,-3.66513,-0.713321
171,5.35995,-2.49493,-0.343085
171,5.58237,-3.09314,0.268195
171,5.71922,-3.4402,0.67305
171,5.4674,-3.6448,-0.71151
171,5.53195,-3.51394,-0.30808
171,5.50775,-3.51422,-0.426452
171,5.21335,-1.71236,-0.532752
171,5.73115,-3.46134,0.673491
171,5.59347,-3.40347,0.0425458
171,5.59547,-3.41526,0.0316239
171,5.60824,-3.47762,0.0233931
171,5.32018,-2.24047,-0.494353
171,5.56974,-3.57485,-0.306938
171,5.63802,-3.44539,0.0921262
171,5.50365,-2.96918,-0.208522
171,5.62636,-3.44351,0.0239261
171,5.24634,-1.68387,-0.538622
171,5.6486,-3.44456,0.0997937
171,5.25443,-1.68639,-0.537324
171,5.26071,-1.68352,-0.542945
171,5.21336,-1.3671,-0.547337
171,5.53142,-2.97774,-0.21364
171,5.37032,-2.22433,-0.480591
171,5.54526,-2.97322,-0.216352
171,5.62659,-3.54755,-0.293028
171,5.39333,-1.61612,-0.00695819
171,5.40059,-2.22861,-0.491895
171,5.30216,-1.65571,-0.587233
171,5.33249,-1.68366,-0.57292
171,5.34422,-1.71229,-0.556088
171,5.44758,-0.435735,0.898251
171,5.31815,-1.57035,-0.61091
171,5.65557,-3.78336,-0.674103
171,5.34653,-1.62855,-0.575875
171,5.42804,-1.28594,0.0726966
171,5.44348,-2.19836,-0.564687
171,5.4719,-1.27624,0.061358
171,5.38442,-1.59083,-0.623004
171,5.35575,-1.33559,-0.612101
171,5.58755,-1.91579,0.0756742
171,5.42587,-0.36753,0.405287
171,5.52069,-1.26969,0.0593856
171,5.43606,-1.5996,-0.606433
171,5.38718,-1.31974,-0.641909
171,5.42278,-1.54159,-0.639034
171,5.59886,-2.01684,-0.187215
171,5.4137,-1.32582,-0.623601
171,5.60696,-1.93869,-0.189868
171,5.42504,-1.30779,-0.654248
171,5.69406,-1.87921,0.0648899
171,5.60225,-1.23744,0.0394427
171,5.65203,-1.71679,-0.105474
171,5.6946,-1.96126,-0.214481
171,5.69555,-1.96133,-0.222769
171,5.74435,-1.87637,0.0582635
171,5.80493,-1.1238,0.793513
171,5.77331,-1.83635,0.00655445
171,5.62384,-0.267234,0.397645
171,5.80436,-1.8691,0.0483156
171,5.78961,-2.01298,-0.208501
171,5.8148,-1.10672,0.454878
171,5.82368,-1.14288,0.37951
171,5.7973,-1.17142,0.224448
171,5.91957,-2.03348,-0.00699499
171,5.91224,-0.203482,1.27261
171,5.9142,-0.354953,1.0558
171,5.88126,-0.463525,0.766327
171,5.88218,-1.15774,0.207743
171,5.96455,-1.08112,0.593915
171,5.98348,-1.10323,0.623709
171,5.95342,-1.07273,0.489967
171,6.01138,-2.03568,-0.01904
171,6.00557,-2.16063,-0.172178
171,5.92898,-1.14197,0.211426
171,6.04272,-1.11727,0.764447
171,5.94616,-0.320719,0.820211
171,5.97249,-1.13112,0.20187
171,6.03787,-1.06122,0.486138
171,5.99752,-1.11742,0.245998
171,6.05653,-1.53147,-0.0913807
171,6.07056,-0.202869,0.891757
171,5.86168,1.02433,0.483329
171,5.95184,1.09291,0.933528
171,5.96996,1.11653,0.944791
171,6.25991,-0.301759,0.805402
171,5.98246,1.14481,0.480851
171,6.16722,0.642198,0.81155
171,6.16364,0.0578382,0.354545
171,6.59486,0.141915,1.14369
171,6.36599,1.59475,0.361921
171,6.46345,1.67835,0.360458
171,6.9136,0.207667,1.34435
171,7.00396,-0.722163,0.784512
171,6.92119,-0.41563,0.358936
171,6.80376,1.89273,1.44293
171,7.11487,-1.45028,-0.584045
171,7.1852,0.678551,0.464555
171,7.10512,2.16356,1.10605
171,7.84867,-0.111429,0.330727
171,7.62154,2.58904,-0.286407
171,7.77544,2.73746,-0.286944
171,5.71802,-2.08531,-0.0301079
170,5.71802,-2.08531,-0.0301079
171,5.36421,-0.441431,1.11284
170,5.36421,-0.441431,1.11284
171,5.52975,-0.388268,1.17017
170,5.52975,-0.388268,1.17017
171,3.4716,-1.38558,0.0144747
170,3.4716,-1.38558,0.0144747
171,5.52449,-0.430644,1.33847
170,5.52449,-0.430644,1.33847
171,3.34971,-1.44093,0.0492138
170,3.34971,-1.44093,0.0492138
171,3.46504,-1.19109,-0.49886
170,3.46504,-1.19109,-0.49886
171,5.73722,-2.63156,0.486592
170,5.73722,-2.63156,0.486592
171,3.80972,-1.76523,-0.518107
170,3.80972,-1.76523,-0.518107
171,5.66126,-2.62903,0.429077
170,5.66126,-2.62903,0.429077
171,5.67086,-2.65159,-0.35896
170,5.67086,-2.65159,-0.35896
171,7.56681,-2.91309,-0.900687
170,7.56681,-2.91309,-0.900687
171,5.4757,-1.60386,0.0702426
170,5.4757,-1.60386,0.0702426
171,5.74654,-1.05114,0.995535
170,5.74654,-1.05114,0.995535
171,5.51241,-0.262406,0.532082
169,5.51241,-0.262406,0.532082
171,5.34187,-0.783943,0.54934
169,5.34187,-0.783943,0.54934
171,5.3932,-0.63041,1.24129
169,5.3932,-0.63041,1.24129
171,4.47796,-1.42356,0.753076
169,4.47796,-1.42356,0.753076
171,5.89898,1.04175,0.663649
169,5.89898,1.04175,0.663649
171,5.75974,-1.88667,0.197856
169,5.75974,-1.88667,0.197856
171,5.5115,0.59737,0.149174
169,5.5115,0.59737,0.149174
171,6.16557,-2.71316,0.360074
70,6.16557,-2.71316,0.360074
171,3.44616,-1.20444,-0.494449
70,3.44616,-1.20444,-0.494449
171,5.44261,-1.20747,0.779582
70,5.44261,-1.20747,0.779582
171,5.32965,-3.32478,0.644479
70,5.32965,-3.32478,0.644479
171,5.42134,-0.494514,0.645493
70,5.42134,-0.494514,0.645493
171,5.31173,-3.42634,-0.582677
70,5.31173,-3.42634,-0.582677
171,5.3683,-0.470823,1.13379
168,5.3683,-0.470823,1.13379
171,5.42354,-0.382764,0.650169
168,5.42354,-0.382764,0.650169
171,5.42299,-0.711037,0.57334
168,5.42299,-0.711037,0.57334
171,5.44976,-0.730812,0.609304
168,5.44976,-0.730812,0.609304
171,5.46368,-0.703055,0.762798
168,5.46368,-0.703055,0.762798
171,5.24017,0.380391,-0.360441
71,5.24017,0.380391,-0.360441
171,5.27106,0.265173,0.467068
71,5.27106,0.265173,0.467068
171,5.21017,0.845858,0.311969
71,5.21017,0.845858,0.311969
171,5.30993,0.0224459,0.472558
71,5.30993,0.0224459,0.472558
171,5.37929,-0.484961,1.18573
167,5.37929,-0.484961,1.18573
171,5.51194,-0.982839,0.905621
69,5.51194,-0.982839,0.905621
171,5.36627,-3.3963,-0.495581
69,5.36627,-3.3963,-0.495581
171,5.48003,-0.0836988,0.86894
166,5.48003,-0.0836988,0.86894
172,2.1036,-2.29207,0.341055
172,3.1318,-3.12944,-0.552088
172,3.14446,-3.13833,-0.55701
172,3.29307,-3.2023,-0.0166994
172,3.14956,-3.14363,-0.570323
172,3.30658,-3.14914,-0.0129956
172,3.17413,-3.15071,-0.513196
172,3.37622,-3.1913,0.207654
172,3.37559,-3.21454,0.201946
172,3.37532,-3.20852,0.199622
172,3.31706,-3.17313,-0.0173475
172,3.38278,-3.19969,0.208086
172,3.17076,-3.06748,-0.57075
172,3.17108,-3.13037,-0.598075
172,3.33247,-3.15745,-0.0139964
172,3.17408,-3.12297,-0.606383
172,3.33717,-3.15698,-0.01636
172,3.19595,-3.14943,-0.562716
172,3.2065,-3.09394,-0.593535
172,3.35622,-3.06111,-0.0441593
172,3.36987,-3.13415,-0.00178856
172,3.35601,-3.06156,-0.0471144
172,3.20497,-3.1166,-0.61655
172,3.35823,-3.07589,-0.0598432
172,3.46577,-3.14905,0.306825
172,3.46826,-3.13118,0.316158
172,3.38242,-3.13713,-0.00787047
172,3.22283,-3.09294,-0.603869
172,3.49351,-3.25839,0.382111
172,3.38614,-3.14128,-0.0087516
172,3.22596,-3.11783,-0.620166
172,3.37897,-3.07887,-0.0536416
172,3.23016,-3.11088,-0.617789
172,3.2356,-3.09413,-0.605494
172,3.40197,-3.10247,-0.0147277
172,3.21546,-2.05744,-0.622017
172,3.21772,-2.06394,-0.617728
172,3.41331,-3.11215,-0.000782311
172,3.40329,-3.09102,-0.0578794
172,3.41519,-3.05645,-0.0218703
172,3.23145,-2.05076,-0.618552
172,3.23475,-2.04899,-0.620933
172,3.4274,-3.04262,-0.0212695
172,3.2409,-2.04655,-0.619882
172,3.43229,-3.03895,-0.0164137
172,3.44172,-3.10897,-0.0101496
172,3.44294,-3.09962,-0.00533056
172,3.44291,-3.10564,-0.00837496
172,3.28392,-3.0075,-0.603279
172,3.46055,-3.21199,0.0326079
172,3.46891,-3.00502,0.0697199
172,3.47675,-3.00283,0.0776934
172,3.49429,-2.99651,0.129233
172,3.4788,-3.00706,0.0691456
172,3.47974,-3.03264,0.0695944
172,3.30388,-3.03766,-0.592332
172,3.50024,-3.00344,0.128412
172,3.50151,-2.99986,0.130287
172,3.30836,-3.02542,-0.616845
172,3.27892,-2.01816,-0.636963
172,3.52207,-3.02712,0.120351
172,3.53418,-3.01667,0.157044
172,3.53838,-3.01992,0.153327
172,3.29863,-2.01139,-0.639478
172,3.55699,-3.03674,0.187448
172,3.30532,-2.01228,-0.655779
172,3.33863,-3.04734,-0.644374
172,3.3082,-2.00803,-0.650775
172,3.51308,-3.01402,-4.42863e-05
172,3.31242,-2.00522,-0.65604
172,3.55038,-3.04906,0.111823
172,3.52999,-2.99858,0.0404404
172,3.31737,-2.00241,-0.656256
172,3.53668,-3.00623,0.0366301
172,3.54128,-3.00977,0.0389466
172,3.57287,-3.04726,0.147421
172,3.54191,-3.00566,0.0352651
172,3.53172,-3.01924,-0.00619936
172,3.54092,-2.99339,0.0191752
172,3.54448,-3.02345,0.0264308
172,3.51754,-1.50008,0.0860649
172,3.53771,-2.99156,-0.00160524
172,3.53721,-3.02062,-0.0134834
172,3.53824,-3.02033,-0.0109261
172,3.51697,-1.49495,0.0657917
172,3.54198,-2.99611,-0.00251624
172,3.51898,-1.49266,0.0689949
172,3.52197,-1.48378,0.0754752
172,3.52144,-1.49576,0.06703
172,3.52444,-1.47857,0.0768994
172,3.54794,-2.99926,-0.00659704
172,3.5534,-2.99012,0.0121079
172,3.60631,-3.06863,0.196293
172,3.59504,-3.07555,0.126455
172,3.58137,-3.13842,0.0496654
172,3.57026,-2.99894,0.000200272
172,3.38707,-2.17076,-0.616316
172,3.59726,-3.1363,0.0525309
172,3.39434,-2.15622,-0.612642
172,3.60209,-3.14357,0.0474586
172,3.40189,-2.15368,-0.620005
172,3.40864,-2.15028,-0.620723
172,3.63205,-3.23565,0.0723883
172,3.62426,-3.14246,0.0505055
172,3.62341,-3.1577,0.040606
172,3.63831,-3.10588,0.0949535
172,3.57551,-1.60503,-0.000250727
172,3.63405,-3.14039,0.0478626
172,3.60542,-1.61235,0.102363
172,3.60445,-1.61971,0.0919698
172,3.63787,-3.15204,0.0508509
172,3.61136,-1.60976,0.104566
172,3.6407,-3.15699,0.0472438
172,3.4453,-1.17139,-0.491583
172,3.61169,-1.62245,0.0789274
172,3.59118,-1.59869,-0.00657567
172,3.3914,-1.14564,-0.708111
172,3.3941,-1.14272,-0.706449
172,3.44111,-2.13852,-0.636525
172,3.60514,-1.59567,0.0103959
172,3.69956,-3.17087,0.188056
172,3.70001,-3.17111,0.188023
172,3.45062,-2.12494,-0.640295
172,3.45314,-2.11944,-0.633379
172,3.66851,-3.17767,0.0562315
172,3.4574,-2.12538,-0.63613
172,3.46517,-1.16478,-0.508708
172,3.64711,-2.99184,-0.0252823
172,3.69113,-3.148,0.120622
172,3.64017,-1.55344,0.0945893
172,3.41049,-1.12544,-0.72393
172,3.46137,-1.4455,-0.5684
172,3.75736,-3.19198,0.341047
172,3.68413,-3.17251,0.0607263
172,3.75986,-3.184,0.341322
172,3.71691,-3.18555,0.180461
172,3.62624,-1.58737,-0.0115888
172,3.77376,-3.20877,0.355079
172,3.77477,-3.18699,0.360939
172,3.77452,-3.20353,0.354642
172,3.77694,-3.20634,0.344718
172,3.47684,-1.43249,-0.593347
172,3.48345,-2.11019,-0.651762
172,3.71486,-3.17139,0.0950319
172,3.49041,-1.99831,-0.621183
172,3.4817,-1.43542,-0.597331
172,3.49947,-1.96526,-0.595899
172,3.48809,-2.11516,-0.656478
172,3.53815,-2.9314,-0.55654
172,3.66577,-1.60711,0.0546768
172,3.49162,-2.11319,-0.6545
172,3.7289,-3.1863,0.0766584
172,3.50748,-1.99454,-0.629739
172,3.51623,-1.96844,-0.598846
172,3.74082,-3.17466,0.100016
172,3.68442,-1.60505,0.0548743
172,3.74848,-3.18239,0.116324
172,3.51233,-1.41903,-0.597124
172,3.53136,-1.96878,-0.60768
172,3.78668,-3.22114,0.17617
172,3.72544,-3.0132,-0.0320229
172,3.53929,-1.96128,-0.620124
172,3.58084,-2.95105,-0.570388
172,3.72832,-3.012,-0.0302337
172,3.58142,-2.95223,-0.572459
172,3.55529,-2.2537,-0.612714
172,3.55578,-2.25558,-0.615134
172,3.73642,-3.01766,-0.0303181
172,3.54134,-2.01946,-0.660199
172,3.59196,-2.95715,-0.57958
172,3.74553,-3.02031,-0.017572
172,3.54568,-2.00124,-0.656226
172,3.74215,-3.01631,-0.0321537
172,3.54606,-1.99522,-0.656825
172,3.59614,-2.96023,-0.583133
172,3.6351,-1.38383,-0.276226
172,3.57152,-2.24643,-0.613424
172,3.55204,-2.01584,-0.663117
172,3.73722,-1.59734,0.0716127
172,3.57072,-2.00091,-0.60712
172,3.55699,-1.99952,-0.665768
172,3.82165,-1.55982,0.368169
172,3.60684,-1.60928,-0.447424
172,3.56049,-2.01656,-0.67044
172,3.60906,-1.60998,-0.449341
172,3.57318,-1.85179,-0.614379
172,3.59207,-2.0021,-0.617034
172,3.58833,-1.85026,-0.618535
172,3.5983,-2.23951,-0.626045
172,3.59072,-1.84189,-0.615274
172,3.59967,-2.24342,-0.635876
172,3.59598,-1.51435,-0.601328
172,3.61384,-2.22022,-0.621056
172,3.63917,-1.60516,-0.466813
172,3.61732,-1.58491,-0.546502
172,3.60322,-1.52493,-0.605529
172,3.62232,-1.59306,-0.551098
172,3.61026,-1.50701,-0.590345
172,3.77725,-1.58166,0.00746623
172,3.62316,-2.00697,-0.623346
172,3.61223,-1.52022,-0.618427
172,3.61653,-1.76934,-0.671333
172,3.81776,-1.56596,0.0972573
172,3.82179,-1.56381,0.103244
172,3.64254,-2.21707,-0.645087
172,3.64496,-1.9964,-0.616264
172,3.6349,-1.83603,-0.643556
172,3.66977,-1.59665,-0.491871
172,3.63395,-1.4992,-0.619639
172,3.65262,-2.21946,-0.648141
172,3.83292,-1.56512,0.0903522
172,3.80923,-1.5791,-0.000514358
172,3.84205,-1.55701,0.0907722
172,3.83974,-1.60607,0.0174464
172,3.65624,-1.74393,-0.68606
172,3.68189,-1.83011,-0.663687
172,3.86383,-1.5993,0.0325851
172,3.88925,-1.54838,0.0627716
172,3.89248,-1.54959,0.0596943
172,3.72147,-1.82297,-0.690439
172,3.72693,-1.81971,-0.691069
172,3.78914,-1.66038,-0.545534
172,3.80795,-1.65128,-0.551331
172,3.82161,-1.57208,-0.524175
172,3.83294,-1.56436,-0.523297
172,3.96248,-1.59475,-0.573988
172,4.01817,-1.70672,-0.634375
172,4.03598,-1.72954,-0.667421
172,4.68415,-2.42414,0.359805
172,5.1557,-3.06268,0.700952
172,5.17614,-3.04078,0.682275
172,5.18804,-3.11318,0.711272
172,4.78783,-1.34032,-0.597688
172,5.19772,-3.08633,0.698435
172,5.20116,-3.04764,0.67311
172,5.18326,-2.62654,0.644965
172,5.22146,-3.08966,0.701275
172,4.82662,-1.30968,-0.592961
172,5.22249,-3.06058,0.683476
172,4.85675,-1.30495,-0.590263
172,5.23835,-4.43948,0.491343
172,4.86062,-1.30232,-0.602054
172,5.27393,-3.14683,0.706135
172,4.87573,-1.29636,-0.598585
172,5.22914,-3.07104,0.460891
172,5.27514,-2.62689,0.675102
172,5.2773,-2.60741,0.685115
172,5.30207,-3.16138,0.709201
172,5.22871,-3.08637,0.433397
172,4.9083,-1.27837,-0.594197
172,5.24118,-2.58433,0.454201
172,5.25835,-2.60711,0.434473
172,5.33904,-2.92361,0.683153
172,5.37047,-3.18866,0.716881
172,5.02837,-2.70267,-0.533009
172,5.30308,-3.10336,0.436031
172,5.30118,-3.10192,0.428285
172,4.98335,-1.26561,-0.588965
172,5.37795,-2.95134,0.696223
172,5.04735,-2.71543,-0.539897
172,5.32546,-3.09639,0.45109
172,4.97599,-1.25858,-0.713053
172,5.38607,-0.483157,0.887859
172,5.05552,-2.69954,-0.618116
172,5.39409,-1.18766,0.800561
172,5.32148,-2.93561,0.294476
172,5.16022,-1.29217,-0.142904
172,5.35526,-2.98653,0.40456
172,5.38587,-2.9742,0.513624
172,5.16795,-1.28105,-0.128306
172,5.16754,-1.28265,-0.13448
172,5.36478,-3.00599,0.39865
172,5.23357,-1.64218,0.0259133
172,5.12979,-3.29361,-0.538229
172,5.10329,-2.73554,-0.586446
172,5.24816,-2.70135,-0.0492951
172,5.38379,-2.98038,0.368533
172,5.44342,-3.29655,0.547431
172,5.26865,-1.62286,0.0685926
172,5.29321,-2.79267,0.0299182
172,5.26515,-2.69716,-0.0679364
172,5.27129,-2.70033,-0.0517696
172,5.1528,-3.22543,-0.552934
172,5.15892,-3.30286,-0.538861
172,5.16225,-3.29993,-0.54386
172,5.27807,-2.69884,-0.0611196
172,5.26718,-2.73557,-0.106492
172,5.29901,-2.74242,-0.00377283
172,5.46323,-3.28925,0.538529
172,5.1326,-2.70507,-0.634878
172,5.45072,-3.30685,0.482267
172,5.16374,-3.31056,-0.589578
172,5.4489,-3.3019,0.472822
172,5.16744,-3.29686,-0.582772
172,5.38071,-2.81202,0.258679
172,5.44918,-3.29502,0.462365
172,5.17618,-2.2501,-0.448419
172,5.1438,-1.28774,-0.474486
172,5.32318,-2.72056,0.036385
172,5.38707,-2.82023,0.252157
172,5.16671,-3.28456,-0.620165
172,5.4628,-3.30043,0.465671
172,5.4914,-3.3441,0.567746
172,5.469,-1.1637,0.712877
172,5.24734,-1.26885,-0.125612
172,5.17281,-3.29382,-0.622084
172,5.31288,-2.74969,-0.0428804
172,5.32668,-3.01789,-0.0215776
172,5.40747,-3.09653,0.266597
172,5.16399,-2.74533,-0.606967
172,5.48873,-3.31619,0.540784
172,5.31937,-2.74615,-0.0353258
172,5.3314,-3.02221,-0.0293896
172,5.25199,-1.2454,-0.139755
172,5.25728,-1.25957,-0.129853
172,5.35557,-3.02483,0.0409545
172,5.50424,-3.33652,0.557749
172,5.2022,-3.24521,-0.570803
172,5.31496,-3.00197,-0.124933
172,5.48736,-3.30971,0.470568
172,5.38169,-3.04283,0.103819
172,5.49267,-3.31988,0.481879
172,5.54378,-3.32865,0.662667
172,5.31341,-2.7591,-0.138267
172,5.21982,-3.28103,-0.554232
172,5.23228,-2.64831,-0.443698
172,5.24246,-2.64412,-0.436904
172,5.33491,-3.00525,-0.131959
172,5.35366,-3.05101,-0.0688957
172,5.37937,-2.97291,0.00386083
172,5.35509,-2.89717,-0.0801828
172,5.40098,-1.77943,0.206032
172,5.53036,-1.16488,0.735902
172,5.33154,-2.91972,-0.23378
172,5.2745,-2.6479,-0.4433
172,5.27271,-2.64952,-0.451508
172,5.39693,-3.12699,-0.0456494
172,5.27691,-2.65174,-0.445159
172,5.34304,-2.92182,-0.228124
172,5.38577,-1.5962,0.0599009
172,5.37399,-2.97036,-0.158607
172,5.34735,-3.47102,-0.331789
172,5.38309,-1.29363,0.0288714
172,5.39929,-3.10098,-0.112348
172,5.34675,-2.96999,-0.305482
172,5.4092,-1.73103,0.0547883
172,5.5828,-1.14039,0.760867
172,5.31479,-3.40296,-0.481003
172,5.41559,-1.82989,0.0578966
172,5.3702,-3.04,-0.242597
172,5.28623,-3.26567,-0.58798
172,5.5329,-3.32453,0.311153
172,5.442,-2.98037,0.000651032
172,5.41792,-3.14285,-0.108009
172,5.54503,-3.33354,0.339264
172,5.46965,-3.31746,0.0534242
172,5.43194,-1.28853,0.114377
172,5.36947,-2.97622,-0.303547
172,5.67683,-3.36277,0.783779
172,5.68465,-3.3726,0.781139
172,5.40029,-3.04403,-0.245923
172,5.49488,-3.32762,0.0737815
172,5.56226,-3.35169,0.319733
172,5.56808,-3.34278,0.338161
172,5.56889,-3.34858,0.336264
172,5.41603,-3.00354,-0.203073
172,5.69235,-3.38616,0.776658
172,5.49342,-3.30715,0.023679
172,5.6397,-1.07247,0.793212
172,5.3249,-2.1349,-0.494747
172,5.41703,-3.47081,-0.305821
172,5.52436,-3.33969,0.0747919
172,5.34349,-3.28511,-0.606696
172,5.72109,-3.38266,0.783369
172,5.48686,-1.80337,0.0680631
172,5.65594,-1.16097,0.747782
172,5.66252,-1.16243,0.760284
172,5.39477,-3.2768,-0.468821
172,5.49043,-1.27074,0.0961497
172,5.67251,-1.16101,0.775872
172,5.4989,-1.27082,0.0861053
172,5.4212,-3.25948,-0.434735
172,5.55221,-3.42414,0.0300784
172,5.41923,-3.43189,-0.475411
172,5.42298,-3.2595,-0.458905
172,5.56852,-3.42327,0.028969
172,5.5656,-3.4294,0.0152506
172,5.57739,-3.45338,0.0368001
172,5.58965,-3.39989,0.0648752
172,5.35114,-1.32464,-0.611926
172,5.3545,-1.33648,-0.601004
172,5.68059,-0.336797,0.689694
172,5.35883,-1.31707,-0.620464
172,5.38199,-1.58712,-0.585408
172,5.61186,-3.41575,0.0723532
172,5.37493,-1.60747,-0.630062
172,5.37569,-1.60439,-0.626957
172,5.72954,-1.14822,0.738639
172,5.57246,-1.93781,0.0554029
172,5.57509,-1.92671,0.0585731
172,5.42511,-2.24045,-0.535028
172,5.52922,-1.71951,-0.0939043
172,5.37717,-1.31776,-0.619026
172,5.71739,-1.10051,0.669276
172,5.59103,-1.21253,0.175473
172,5.62748,-3.41495,0.0652609
172,5.56309,-1.94784,-0.0264624
172,5.40197,-1.59264,-0.594759
172,5.63174,-3.45432,0.0225406
172,5.45088,-2.25296,-0.540749
172,5.63333,-3.39829,-0.0126016
172,5.6296,-1.19539,0.158723
172,5.4225,-1.30203,-0.642757
172,5.47716,-2.12854,-0.526568
172,5.60861,-1.23538,0.0571786
172,5.63988,-1.8513,0.04489
172,5.6277,-1.93032,-0.0243818
172,5.49524,-2.14125,-0.541052
172,5.64679,-1.98407,0.0281799
172,5.75165,-1.13341,0.453984
172,5.66679,-1.90095,0.00464049
172,5.70031,-1.18203,0.169581
172,5.6928,-1.81943,0.0524904
172,5.55568,-2.13978,-0.555667
172,5.78345,-1.15982,0.386557
172,5.67973,-1.57002,-0.0531342
172,5.6798,-1.79667,-0.107231
172,5.66052,-1.93236,-0.202771
172,5.70749,-1.92389,-0.031817
172,5.72873,-2.06273,0.0310403
172,5.80493,-1.15188,0.386983
172,5.82032,-1.12528,0.444764
172,5.70418,-1.56679,-0.0392906
172,5.73455,-1.97343,0.023026
172,5.7011,-2.04918,-0.123786
172,5.68413,-1.94792,-0.2164
172,5.76952,-1.84353,0.0299123
172,5.71124,-1.95415,-0.222131
172,5.73778,-1.95603,-0.125982
172,5.74929,-1.9527,-0.131593
172,5.74873,-1.76617,-0.13119
172,5.74926,-1.77113,-0.131369
172,5.80059,-1.81927,0.0412549
172,5.67356,-1.58326,-0.512192
172,5.92352,-1.06777,0.472735
172,5.84171,-1.57784,0.0971425
172,5.83733,-2.09836,0.0184799
172,5.88109,-1.13045,0.252338
172,5.85576,-1.5827,0.102802
172,5.82697,-2.11518,-0.1183
172,5.87076,-2.11493,0.0405754
172,5.81714,-1.73714,-0.137172
172,5.82877,-1.95129,-0.134992
172,5.87515,-2.12196,-0.0102516
172,5.89019,-2.13099,0.0219886
172,5.7303,-1.58322,-0.533777
172,5.88921,-2.10401,-0.027925
172,5.92379,-2.09565,0.0172378
172,5.93292,-2.09395,-0.0325882
172,5.96841,-1.92021,0.0116166
172,5.97851,-1.73218,-0.153982
172,6.0831,-1.65687,0.0100214
172,6.0902,-1.91852,0.00580469
172,6.10433,-1.50449,0.0155371
172,6.12708,-2.06488,-0.0750637
172,6.37967,-1.04272,0.789208
172,6.06022,-1.57523,-0.552067
172,6.3399,-1.46144,-0.00535873
172,6.84755,-0.506329,0.563325
172,7.89953,-1.96909,0.145611
172,5.34461,-2.04164,0.0589405
171,5.34461,-2.04164,0.0589405
172,5.45505,-2.81344,-0.612092
171,5.45505,-2.81344,-0.612092
172,3.73273,-2.21493,-0.694704
171,3.73273,-2.21493,-0.694704
172,5.15324,-2.76482,-0.50711
171,5.15324,-2.76482,-0.50711
172,3.71207,-1.99494,-0.660937
171,3.71207,-1.99494,-0.660937
172,3.91383,-1.57656,-0.61445
171,3.91383,-1.57656,-0.61445
172,5.77341,-1.57563,-0.287901
171,5.77341,-1.57563,-0.287901
172,5.71174,-3.66071,-0.77402
171,5.71174,-3.66071,-0.77402
172,5.90333,-2.12632,-0.644664
171,5.90333,-2.12632,-0.644664
172,3.73027,-1.35195,-0.514074
171,3.73027,-1.35195,-0.514074
172,5.21579,-3.39726,0.670426
171,5.21579,-3.39726,0.670426
172,5.48436,-3.37519,0.748224
171,5.48436,-3.37519,0.748224
172,5.28708,-3.42763,0.67787
171,5.28708,-3.42763,0.67787
172,3.74128,-1.51046,-0.00356242
171,3.74128,-1.51046,-0.00356242
172,5.75781,-1.81664,0.0308621
171,5.75781,-1.81664,0.0308621
172,4.09464,-1.44298,-0.0439508
171,4.09464,-1.44298,-0.0439508
172,5.45534,-1.92448,0.316517
171,5.45534,-1.92448,0.316517
172,5.75321,-1.90452,0.309455
171,5.75321,-1.90452,0.309455
172,4.25132,-1.51856,0.00188664
171,4.25132,-1.51856,0.00188664
172,4.05383,-1.45974,-0.0322248
171,4.05383,-1.45974,-0.0322248
172,5.6918,-1.59578,0.308097
170,5.6918,-1.59578,0.308097
172,5.70314,-1.89931,0.307736
169,5.70314,-1.89931,0.307736
172,5.14306,-3.30622,-0.497781
68,5.14306,-3.30622,-0.497781
172,4.98857,-3.4145,-0.557572
68,4.98857,-3.4145,-0.557572
172,5.48717,-1.21327,0.763394
70,5.48717,-1.21327,0.763394
172,5.50017,-1.20859,0.766955
70,5.50017,-1.20859,0.766955
173,2.71255,-3.17672,-0.186059
173,2.67977,-3.19302,-0.277978
173,2.68277,-3.19266,-0.275073
173,2.66746,-3.1772,-0.351001
173,2.66932,-3.18132,-0.352286
173,2.81522,-3.1612,-0.0988553
173,2.82306,-3.16318,-0.0963252
173,2.82878,-3.16669,-0.0930174
173,2.73745,-3.18034,-0.312524
173,2.73725,-3.17531,-0.313549
173,2.75413,-3.17831,-0.316238
173,2.74064,-3.1666,-0.350402
173,2.74309,-3.16467,-0.35313
173,2.74474,-3.16932,-0.356889
173,2.75242,-3.16758,-0.34862
173,2.76887,-3.17186,-0.343099
173,2.77673,-3.18114,-0.325081
173,2.77412,-3.1724,-0.340567
173,2.77495,-3.17223,-0.343632
173,2.88502,-3.14679,-0.0951166
173,2.89348,-3.15662,-0.107675
173,2.79147,-3.16039,-0.345183
173,2.79153,-3.16306,-0.345241
173,2.89614,-3.15643,-0.105802
173,2.72618,-3.18923,-0.504437
173,2.91562,-3.15759,-0.0778561
173,2.91669,-3.15948,-0.0797608
173,2.90589,-3.15178,-0.107776
173,2.73295,-3.19389,-0.508882
173,2.90616,-3.163,-0.107938
173,2.90158,-3.17043,-0.122807
173,2.90544,-3.16145,-0.114408
173,2.7369,-3.19538,-0.508618
173,2.7362,-3.19551,-0.510777
173,2.74267,-3.19919,-0.509367
173,2.92116,-3.15999,-0.178397
173,2.77002,-3.21706,-0.530862
173,2.74071,-1.71179,-0.630306
173,2.86946,-3.17081,-0.317325
173,2.87154,-3.16846,-0.318391
173,2.74302,-1.70407,-0.643391
173,2.8666,-3.16606,-0.340019
173,2.75173,-1.56372,-0.631464
173,2.75552,-1.56158,-0.627521
173,2.75124,-1.6957,-0.644254
173,2.75266,-1.69473,-0.64556
173,2.76894,-1.69772,-0.626197
173,2.76803,-1.67915,-0.64009
173,2.84722,-3.15581,-0.485754
173,2.85201,-3.15218,-0.480864
173,2.85953,-3.16457,-0.486861
173,2.86031,-3.16042,-0.493038
173,2.8469,-2.91931,-0.530253
173,2.86542,-3.16146,-0.489637
173,2.8183,-3.19388,-0.606583
173,2.82049,-3.18784,-0.602394
173,2.86961,-3.17139,-0.493554
173,3.01455,-3.15124,-0.176654
173,3.01645,-3.15642,-0.181638
173,3.01931,-3.15587,-0.178347
173,3.01953,-3.15495,-0.184006
173,2.86664,-2.92855,-0.544688
173,2.98836,-3.15479,-0.268886
173,2.98741,-3.15856,-0.277054
173,2.99871,-3.15696,-0.27075
173,3.09701,-3.1509,-0.0468331
173,2.98631,-3.13993,-0.330256
173,2.85647,-3.19462,-0.631035
173,2.98897,-3.15253,-0.326663
173,3.1095,-3.15831,-0.0506439
173,3.11062,-3.16499,-0.0498927
173,3.0008,-3.15465,-0.314183
173,2.88247,-1.84779,-0.606845
173,2.8876,-1.84739,-0.598025
173,2.88494,-1.848,-0.605574
173,2.88772,-1.84681,-0.602376
173,2.88169,-1.84614,-0.619968
173,2.99797,-3.14674,-0.336853
173,3.00284,-3.1585,-0.337354
173,3.00457,-3.14803,-0.335185
173,3.15321,-3.19109,-0.0599022
173,3.16891,-3.20951,-0.0699624
173,3.17824,-3.21459,-0.0702834
173,3.26752,-3.35304,0.129225
173,3.31053,-3.47225,0.209232
173,2.94857,-1.78025,-0.654023
173,2.94857,-1.78785,-0.656044
173,3.31076,-3.47452,0.202008
173,3.32382,-3.46946,0.213748
173,3.25111,-3.3539,0.0333943
173,2.96008,-1.78011,-0.661332
173,2.96174,-1.78136,-0.666252
173,2.96899,-1.778,-0.658858
173,2.97817,-1.7688,-0.665827
173,2.98097,-1.76324,-0.676002
173,3.28318,-3.37315,0.0394658
173,3.29416,-3.35108,0.0393132
173,3.33631,-3.49195,0.104131
173,3.30554,-3.36032,0.0295139
173,3.44385,-1.4067,0.323616
173,3.44311,-3.21932,0.339009
173,3.38161,-3.2128,0.195024
173,3.38542,-3.206,0.202844
173,3.36482,-3.39763,0.157078
173,3.37323,-3.41441,0.174998
173,3.30032,-3.35823,0.00317121
173,3.37479,-3.44589,0.173459
173,3.30061,-3.36495,-0.000745952
173,3.03764,-1.95014,-0.627437
173,3.44919,-3.22255,0.338393
173,3.30575,-3.36052,0.00224456
173,3.37407,-3.40253,0.156443
173,3.27979,-3.27611,-0.0643421
173,3.31016,-3.36453,0.000525713
173,3.05054,-1.9439,-0.624324
173,3.05216,-1.9445,-0.621427
173,3.28663,-3.38076,-0.0636109
173,3.28822,-3.37828,-0.0639342
173,3.31398,-3.36547,-0.00468856
173,3.28756,-3.37296,-0.0676683
173,3.30918,-3.22319,-0.0213492
173,3.32374,-3.43567,0.0148396
173,3.31059,-3.4052,-0.0195647
173,3.31039,-3.40449,-0.0218438
173,3.3066,-3.40678,-0.0319327
173,3.38215,-3.49918,0.144251
173,3.31111,-3.27796,-0.0232019
173,3.3104,-3.28234,-0.0269682
173,3.29115,-3.44914,-0.0720267
173,3.28982,-3.44712,-0.0764392
173,3.39524,-3.43176,0.16599
173,3.31363,-3.06322,-0.0297364
173,3.31676,-3.22696,-0.021084
173,3.31498,-3.28947,-0.0266962
173,3.29322,-3.44748,-0.0767187
173,3.32202,-3.38432,-0.0112371
173,3.34064,-3.49284,0.0317963
173,3.32465,-3.48243,-0.00549489
173,3.32408,-3.48587,-0.00731903
173,3.29694,-3.34676,-0.0726884
173,3.32699,-3.49063,-0.00900939
173,3.29879,-3.45061,-0.0754734
173,3.3141,-3.4159,-0.0415072
173,3.32089,-3.04999,-0.0310324
173,3.32406,-3.41278,-0.0214671
173,3.32292,-3.29191,-0.0309996
173,3.33443,-3.4898,-0.00888634
173,3.41189,-3.43778,0.167762
173,3.32588,-3.0517,-0.0393455
173,3.35373,-3.48319,0.0299432
173,3.08644,-3.15263,-0.612645
173,3.42265,-3.49822,0.170557
173,3.08305,-1.93201,-0.635582
173,3.42073,-3.47546,0.15459
173,3.08283,-3.14709,-0.63298
173,3.09222,-3.15347,-0.614016
173,3.09091,-1.92815,-0.639211
173,3.09169,-1.9242,-0.641764
173,3.10988,-3.15736,-0.585464
173,3.10148,-3.15351,-0.62066
173,3.37118,-3.29486,0.000512421
173,3.1212,-3.17288,-0.584536
173,3.43797,-3.48048,0.151847
173,3.10728,-3.15868,-0.620236
173,3.44853,-3.51564,0.16904
173,3.10882,-3.15673,-0.625498
173,3.10901,-3.15635,-0.626608
173,3.10848,-1.90717,-0.643137
173,3.44996,-3.53128,0.163413
173,3.45369,-3.53207,0.156311
173,3.15269,-3.14616,-0.563942
173,3.12417,-1.89134,-0.653136
173,3.12789,-1.89678,-0.647818
173,3.13206,-1.89281,-0.642165
173,3.44124,-3.28213,0.0866786
173,3.39834,-3.05238,-0.017793
173,3.57328,-1.42845,0.362054
173,3.13557,-1.89276,-0.649893
173,3.40619,-3.03787,-0.0158539
173,3.166,-3.17337,-0.591402
173,3.16775,-3.1725,-0.594116
173,3.43811,-3.09405,-0.0144219
173,3.43707,-3.10441,-0.0178852
173,3.16219,-1.86627,-0.671166
173,3.44023,-3.10882,-0.0191564
173,3.46544,-3.22717,0.0342028
173,3.48974,-3.09736,0.0637029
173,3.27515,-3.04351,-0.434537
173,3.45712,-3.02769,-0.0172095
173,3.47455,-3.2422,0.024368
173,3.1964,-3.14127,-0.622281
173,3.30089,-3.0557,-0.382345
173,3.41406,-1.34279,-0.142672
173,3.4591,-3.13846,-0.0181443
173,3.28169,-3.04639,-0.437564
173,3.50825,-1.50029,0.0628805
173,3.28127,-3.04759,-0.454321
173,3.28765,-3.05138,-0.444249
173,3.22029,-2.05478,-0.625662
173,3.49931,-3.24572,0.0190945
173,3.50851,-3.24701,0.0210131
173,3.23612,-2.05172,-0.630304
173,3.4998,-3.02774,-0.016269
173,3.24919,-3.11761,-0.619335
173,3.56455,-1.57261,0.0866971
173,3.5277,-3.26097,0.0190186
173,3.25332,-2.04607,-0.63162
173,3.25836,-2.04081,-0.635341
173,3.26652,-2.01735,-0.626898
173,3.54574,-3.26831,0.0155969
173,3.55361,-3.2735,0.0159864
173,3.60495,-1.60414,0.0848686
173,3.5705,-1.60949,-0.00100201
173,3.59305,-1.6016,-0.00435671
173,3.33586,-3.05244,-0.642448
173,3.70441,-3.17531,0.190083
173,3.67361,-1.57408,0.0869644
173,3.36439,-3.07217,-0.626745
173,3.66129,-1.60153,0.0343517
173,3.6659,-1.605,0.0415195
173,3.68317,-1.59742,0.0397982
173,3.66795,-3.35758,-0.0104178
173,3.46499,-1.30775,-0.508617
173,3.70982,-3.20168,0.0803689
173,3.47276,-1.43586,-0.592799
173,3.47257,-2.11909,-0.635396
173,3.52674,-1.26962,-0.526947
173,3.48728,-1.99872,-0.627801
173,3.50683,-1.99355,-0.628252
173,3.52553,-1.99293,-0.596139
173,3.545,-1.98911,-0.601006
173,3.57958,-1.2321,-0.547778
173,3.84065,-1.57287,0.0561274
173,3.55756,-2.96815,-0.585191
173,3.61942,-1.60873,-0.470765
173,3.57205,-2.96205,-0.589066
173,3.71157,-1.34018,-0.288787
173,3.62942,-1.56413,-0.483742
173,3.86195,-1.59635,0.0537998
173,3.6023,-1.59701,-0.549371
173,3.8489,-1.6127,0.0197261
173,3.55378,-1.72797,-0.665132
173,3.57431,-2.25478,-0.624911
173,3.57345,-2.26875,-0.630738
173,3.61715,-1.59024,-0.552437
173,3.60055,-1.51236,-0.594341
173,3.5866,-2.24812,-0.620627
173,3.88136,-1.58721,0.0528581
173,3.59138,-2.22964,-0.61255
173,3.57005,-1.72251,-0.670576
173,3.88577,-1.60643,0.0492965
173,3.85364,-1.64142,-0.0309893
173,3.60629,-1.77175,-0.662365
173,3.68569,-1.60811,-0.509169
173,3.65007,-2.97648,-0.588852
173,3.641,-2.00919,-0.630903
173,3.79635,-3.02153,-0.288098
173,3.64413,-1.83666,-0.664834
173,3.67395,-2.99028,-0.597761
173,3.68032,-2.99362,-0.595577
173,3.94837,-1.61441,-0.0484758
173,3.76272,-1.57275,-0.49784
173,3.79512,-1.4841,-0.424265
173,3.88339,-3.05063,-0.313253
173,3.72885,-1.82266,-0.695136
173,3.86708,-1.59303,-0.545058
173,3.88324,-1.60395,-0.553248
173,3.89724,-1.58155,-0.562096
173,3.9755,-1.49412,-0.391644
173,3.96587,-1.40546,-0.49335
173,3.95632,-1.75833,-0.633269
173,4.05571,-1.4528,-0.426198
173,3.96247,-1.73748,-0.642552
173,4.24433,-1.5613,-0.0280035
173,4.34758,-3.18196,-0.438778
173,4.40319,-3.18719,-0.407746
173,4.45176,-3.1977,-0.422085
173,4.51741,-2.5467,-0.659516
173,4.99254,-2.48158,0.354172
173,5.02217,-2.47183,0.345212
173,4.73201,-1.28268,-0.623804
173,4.7108,-2.19225,-0.693558
173,4.79873,-3.2975,-0.49241
173,4.78999,-1.31058,-0.584791
173,4.79159,-1.26459,-0.634551
173,4.86392,-3.3015,-0.491113
173,4.81421,-1.25493,-0.653007
173,4.9011,-3.32933,-0.500296
173,5.31154,-2.73308,0.432011
173,5.30326,-3.08746,0.402914
173,5.3375,-2.89354,0.46146
173,5.32702,-2.77347,0.268103
173,5.40242,-3.00136,0.435161
173,4.93141,-1.21502,-0.677938
173,4.96797,-1.27289,-0.613352
173,5.35738,-3.07834,0.263606
173,4.99999,-1.25758,-0.590933
173,5.42948,-2.99871,0.389211
173,5.35524,-2.75501,0.187652
173,5.04181,-1.30051,-0.566553
173,5.05517,-1.3072,-0.542444
173,5.36356,-2.87616,0.147614
173,5.46696,-2.50163,0.358817
173,5.49048,-3.55817,0.35989
173,5.38755,-2.94946,0.0780173
173,5.46409,-3.02601,0.237633
173,5.4726,-1.22485,0.225269
173,5.19232,-3.22461,-0.411126
173,5.41,-1.74976,0.0420539
173,5.25299,-2.2599,-0.334555
173,5.13938,-3.27742,-0.599141
173,5.27421,-2.40896,-0.341849
173,5.28779,-2.60998,-0.30929
173,5.33165,-2.91322,-0.22816
173,5.36465,-1.91613,-0.165117
173,5.49262,-1.27753,0.10966
173,5.58032,-1.92686,0.298851
173,5.58044,-1.92675,0.29717
173,5.3021,-2.43299,-0.343986
173,5.48555,-3.32911,0.0277137
173,5.4952,-3.32413,0.0271268
173,5.29341,-2.59945,-0.478198
173,5.36189,-2.42587,-0.364903
173,5.6509,-1.91511,0.293428
173,5.65462,-1.23428,0.292066
173,5.27538,-1.24416,-0.593109
173,5.66215,-1.60113,0.294835
173,5.66495,-1.2334,0.296421
173,5.66526,-1.60717,0.299128
173,5.3949,-2.45724,-0.33518
173,5.69331,-1.91397,0.305981
173,5.39373,-2.44788,-0.400182
173,5.59398,-1.87596,0.0385075
173,5.53807,-2.05688,-0.0986488
173,5.71506,-1.59184,0.301284
173,5.37889,-3.26554,-0.458579
173,5.58719,-1.80957,-0.0119406
173,5.40262,-3.26792,-0.425302
173,5.56664,-1.8475,-0.105885
173,5.65791,-1.9261,0.0453029
173,5.6695,-1.92121,0.0501136
173,5.78754,-1.58155,0.295485
173,5.42562,-2.10503,-0.553789
173,5.69167,-1.82967,0.054777
173,5.70068,-2.08239,0.0292351
173,5.49644,-2.59642,-0.439228
173,5.53819,-1.62688,-0.394578
173,5.4642,-2.1021,-0.5648
173,5.47701,-1.6354,-0.548316
173,5.63614,-2.03852,-0.208053
173,5.6482,-2.02843,-0.190408
173,5.5791,-1.61807,-0.409912
173,5.50685,-2.21192,-0.580383
173,5.77833,-1.97126,0.0269043
173,5.77932,-2.10265,0.0307222
173,5.79631,-2.11558,0.0326634
173,5.83552,-2.11078,0.022784
173,5.73546,-1.58147,-0.290725
173,6.03013,-1.99661,-0.246114
173,11.0062,-1.51312,0.121225
173,3.69781,-2.00051,-0.654194
172,3.69781,-2.00051,-0.654194
173,5.06502,-3.26565,-0.590782
172,5.06502,-3.26565,-0.590782
173,5.25153,-2.68878,-0.606412
172,5.25153,-2.68878,-0.606412
173,3.78903,-1.54233,-0.535273
172,3.78903,-1.54233,-0.535273
173,5.17206,-2.78692,0.337963
172,5.17206,-2.78692,0.337963
173,3.74712,-3.0339,-0.664038
172,3.74712,-3.0339,-0.664038
173,3.60853,-1.57212,0.026503
172,3.60853,-1.57212,0.026503
173,5.25979,-2.84923,0.210271
172,5.25979,-2.84923,0.210271
173,5.60678,-2.2126,-0.607038
171,5.60678,-2.2126,-0.607038
173,5.60964,-2.23708,-0.548868
171,5.60964,-2.23708,-0.548868
173,5.25387,-2.99635,0.281816
171,5.25387,-2.99635,0.281816
173,5.19556,-2.71033,-0.0155982
171,5.19556,-2.71033,-0.0155982
173,5.39344,-2.75196,-0.0394212
171,5.39344,-2.75196,-0.0394212
173,3.64317,-1.60458,-0.0301066
170,3.64317,-1.60458,-0.0301066
173,3.72588,-3.18103,0.360514
69,3.72588,-3.18103,0.360514
174,2.39956,-3.21083,-0.353231
174,2.3399,-3.21006,-0.492192
174,2.34093,-3.21265,-0.499852
174,2.63379,-3.15282,-0.0727932
174,2.63758,-3.15364,-0.0722583
174,2.57257,-3.18809,-0.19635
174,2.64345,-3.15961,-0.075265
174,2.58091,-3.19352,-0.197174
174,2.58979,-3.19332,-0.196586
174,2.59593,-3.19562,-0.197233
174,2.66236,-3.16787,-0.079607
174,2.48606,-3.20305,-0.408484
174,2.60736,-3.1963,-0.201861
174,2.48946,-3.20809,-0.410831
174,2.48678,-3.20561,-0.417261
174,2.49034,-3.20663,-0.414775
174,2.49904,-3.20206,-0.415402
174,2.67174,-3.18629,-0.132222
174,2.68289,-3.19254,-0.136817
174,2.687,-3.18932,-0.138726
174,2.59466,-3.19408,-0.301051
174,2.66618,-3.18126,-0.194071
174,2.57893,-3.19422,-0.349094
174,2.57516,-3.19391,-0.356559
174,2.57616,-3.19407,-0.355526
174,2.38584,-2.8111,-0.643647
174,2.67199,-3.18496,-0.196899
174,2.58263,-3.19507,-0.355546
174,2.62197,-3.18939,-0.288194
174,2.59124,-3.19331,-0.348101
174,2.59544,-3.19567,-0.349156
174,2.63021,-3.18565,-0.290554
174,2.34467,-1.923,-0.646689
174,2.34181,-1.91965,-0.655085
174,2.3494,-1.75859,-0.626431
174,2.63783,-3.18882,-0.289021
174,2.36405,-2.13173,-0.647315
174,2.36382,-2.1311,-0.648581
174,2.36735,-2.13441,-0.642853
174,2.36555,-2.13507,-0.648371
174,2.36608,-2.12986,-0.647273
174,2.64245,-3.18905,-0.290835
174,2.60452,-3.18822,-0.360313
174,2.60671,-3.19186,-0.357247
174,2.65532,-3.18775,-0.275072
174,2.41398,-2.67463,-0.639811
174,2.63507,-3.18642,-0.318525
174,2.41627,-2.67245,-0.641248
174,2.75424,-3.16861,-0.112422
174,2.70998,-3.17744,-0.190744
174,2.66171,-3.19126,-0.27997
174,2.75713,-3.17146,-0.112706
174,2.39659,-2.32437,-0.645852
174,2.38274,-1.94733,-0.628911
174,2.38254,-1.94689,-0.631291
174,2.38498,-1.94919,-0.629683
174,2.71685,-3.17855,-0.194029
174,2.49102,-3.18545,-0.591549
174,2.41898,-2.5151,-0.644271
174,2.41786,-2.51581,-0.647417
174,2.42909,-2.33729,-0.607907
174,2.38798,-1.93896,-0.636006
174,2.38562,-1.93897,-0.640721
174,2.4043,-2.32467,-0.653061
174,2.42825,-2.53988,-0.642853
174,2.45059,-2.52188,-0.605775
174,2.73156,-3.17745,-0.195992
174,2.41406,-2.13628,-0.629539
174,2.49874,-3.19183,-0.606111
174,2.44936,-2.80324,-0.649854
174,2.50132,-3.19135,-0.608979
174,2.4349,-2.33694,-0.627811
174,2.68732,-3.19105,-0.287631
174,2.6877,-3.18713,-0.287995
174,2.50418,-3.20006,-0.616147
174,2.69524,-3.18676,-0.287877
174,2.42478,-2.11704,-0.639246
174,2.46559,-2.52219,-0.615607
174,2.43008,-2.14188,-0.634422
174,2.50563,-3.20048,-0.624176
174,2.42596,-2.11538,-0.640716
174,2.50684,-3.20142,-0.625452
174,2.43116,-2.13801,-0.636826
174,2.4317,-2.14095,-0.637834
174,2.45153,-2.33842,-0.634757
174,2.47125,-2.74382,-0.650355
174,2.47172,-2.74479,-0.652668
174,2.47518,-2.52555,-0.622766
174,2.45883,-2.34166,-0.639057
174,2.47594,-2.74434,-0.655699
174,2.47976,-2.74264,-0.652206
174,2.48106,-2.52662,-0.630426
174,2.48577,-2.52894,-0.632129
174,2.4859,-2.53026,-0.633093
174,2.48696,-2.52867,-0.634353
174,2.50583,-2.95345,-0.656597
174,2.50728,-2.95252,-0.655192
174,2.44608,-2.73539,-0.741209
174,2.51024,-2.7093,-0.633627
174,2.50965,-2.70959,-0.635908
174,2.51122,-2.9382,-0.66016
174,2.51272,-2.9525,-0.660369
174,2.51237,-2.95049,-0.662363
174,2.51151,-2.70912,-0.636843
174,2.52683,-2.91529,-0.636613
174,2.47656,-2.13979,-0.643005
174,2.52713,-2.92339,-0.644047
174,2.51541,-2.70906,-0.641512
174,2.53103,-2.91469,-0.638513
174,2.53181,-2.91749,-0.641813
174,2.53287,-2.91524,-0.642599
174,2.47986,-2.1381,-0.648924
174,2.53443,-2.91541,-0.642107
174,2.53521,-2.91572,-0.641992
174,2.52544,-2.73448,-0.639011
174,2.52537,-2.73057,-0.639198
174,2.52313,-2.95374,-0.668527
174,2.52366,-2.73076,-0.64291
174,2.52642,-2.73472,-0.640039
174,2.72378,-3.18195,-0.362131
174,2.81404,-3.16857,-0.210615
174,2.73089,-3.18222,-0.36173
174,2.79737,-3.17762,-0.270907
174,2.79987,-3.17875,-0.273986
174,2.83795,-3.16991,-0.209892
174,2.5554,-2.40298,-0.637179
174,2.77766,-3.17577,-0.366152
174,2.79192,-3.16135,-0.351134
174,2.78459,-3.17859,-0.36606
174,2.92171,-3.1579,-0.187573
174,2.92433,-3.15903,-0.192527
174,2.85907,-3.16791,-0.32469
174,2.93646,-3.15918,-0.194092
174,2.6715,-3.02565,-0.649176
174,2.60702,-1.94277,-0.650888
174,2.94844,-3.16158,-0.203309
174,2.88581,-3.16998,-0.329896
174,2.67376,-2.56312,-0.629548
174,2.68642,-2.59103,-0.634508
174,2.68782,-2.56159,-0.636218
174,2.62396,-1.57245,-0.642406
174,2.62362,-1.5684,-0.647384
174,2.65577,-2.02352,-0.644424
174,2.81985,-3.17756,-0.514751
174,2.72537,-2.89484,-0.647516
174,2.72419,-2.77411,-0.650653
174,2.76906,-3.17468,-0.626781
174,2.70341,-2.27173,-0.647453
174,2.71054,-2.27417,-0.646501
174,2.85748,-3.15973,-0.495239
174,2.7281,-2.39954,-0.637276
174,2.8055,-3.17829,-0.597938
174,2.72994,-2.44461,-0.651304
174,2.74463,-2.67584,-0.663106
174,2.69789,-3.09828,-0.798561
174,2.70717,-1.57674,-0.61167
174,2.75129,-2.51276,-0.641104
174,2.87612,-3.16486,-0.498973
174,2.74917,-2.78192,-0.67991
174,2.78301,-3.05345,-0.659533
174,2.78309,-2.89439,-0.654991
174,2.9979,-3.15665,-0.323275
174,2.72754,-1.5705,-0.623492
174,2.73235,-1.56302,-0.627725
174,2.77493,-2.23586,-0.650008
174,2.79109,-2.79024,-0.688631
174,3.0124,-3.15205,-0.352617
174,3.0186,-3.1588,-0.346785
174,2.83974,-2.95607,-0.64421
174,2.84095,-2.94816,-0.648453
174,2.84407,-2.96159,-0.646067
174,2.84509,-2.95907,-0.645313
174,3.32436,-3.49024,0.100943
174,3.3358,-3.49272,0.0955243
174,3.32489,-3.22819,0.0877856
174,2.8579,-2.28677,-0.634877
174,3.33677,-3.2314,0.0843126
174,2.8824,-2.55571,-0.635772
174,3.3064,-3.35018,-0.0115537
174,3.32598,-3.48063,-0.0148283
174,3.32959,-3.49306,-0.0146321
174,3.2818,-3.2774,-0.0856228
174,3.33834,-3.49418,-0.0163799
174,2.91348,-2.50721,-0.648305
174,3.29106,-3.28113,-0.085865
174,2.91065,-2.47476,-0.660474
174,3.34848,-3.29035,0.00304395
174,3.34217,-3.24542,-0.0348341
174,2.98557,-2.98802,-0.64864
174,2.97964,-2.46935,-0.644087
174,3.36787,-3.48776,-0.0885597
174,2.98233,-2.46563,-0.647034
174,3.00248,-2.53346,-0.634818
174,3.40064,-3.25976,-0.0451317
174,3.03086,-2.87128,-0.65009
174,3.03261,-3.00267,-0.674575
174,3.41192,-3.04976,-0.0283413
174,3.03874,-2.87426,-0.657241
174,3.04216,-3.00877,-0.682719
174,3.43837,-3.20632,-0.0299545
174,3.43636,-3.07942,-0.0197729
174,3.44606,-3.10266,-0.0161563
174,3.47866,-3.23986,0.0156927
174,3.44484,-3.12859,-0.0357023
174,3.48402,-3.26105,0.0149882
174,3.08848,-3.03683,-0.664539
174,3.11501,-3.03405,-0.664101
174,3.53814,-3.1665,0.0460807
174,3.13848,-2.67556,-0.648309
174,3.30502,-3.05594,-0.407551
174,3.09159,-1.89007,-0.648121
174,3.07161,-1.28225,-0.629318
174,3.07052,-1.25511,-0.636113
174,3.08047,-1.26981,-0.635659
174,3.07948,-1.24959,-0.635423
174,3.50675,-1.50309,0.0650307
174,3.08041,-1.24376,-0.645953
174,3.51511,-1.4899,0.0653443
174,3.09634,-1.4854,-0.670248
174,3.51392,-1.4938,0.0406489
174,3.65662,-3.23235,0.0197338
174,3.1936,-1.61627,-0.648818
174,3.62144,-1.61433,0.0523112
174,3.63006,-1.61197,0.0523063
174,3.27984,-2.02147,-0.643536
174,3.6465,-1.60979,0.0331498
174,3.33284,-2.50205,-0.630858
174,3.67806,-1.70884,0.0134993
174,3.38843,-3.0732,-0.653329
174,3.4007,-3.07161,-0.639817
174,3.69051,-1.59568,0.0269839
174,3.40723,-2.88552,-0.648369
174,3.41251,-1.18533,-0.473208
174,3.4314,-2.9549,-0.654185
174,3.42538,-1.18104,-0.483066
174,3.45814,-1.28043,-0.45535
174,3.44112,-1.15784,-0.497614
174,3.39628,-2.91731,-0.778653
174,3.55526,-2.96884,-0.595532
174,3.82676,-1.60863,-0.00187656
174,3.53825,-2.84007,-0.703124
174,3.53891,-1.7634,-0.600639
174,3.43603,-2.97633,-0.929926
174,3.61542,-1.56988,-0.479735
174,3.60793,-2.00893,-0.624493
174,3.60594,-1.50204,-0.617578
174,3.64972,-1.48126,-0.623906
174,3.71015,-1.49818,-0.539012
174,3.73252,-1.46367,-0.542259
174,3.73078,-1.81454,-0.654703
174,3.90647,-1.7427,-0.585417
174,3.89826,-1.76842,-0.611532
174,4.0939,-2.36386,-0.387231
174,4.10403,-1.40908,-0.472187
174,4.73941,-1.26886,-0.636827
174,5.00697,-2.71505,-0.569603
174,5.31641,-2.74052,-0.0379965
174,5.38981,-3.02457,0.0411272
174,4.95425,-2.31934,-0.642964
174,5.01297,-2.70289,-0.608432
174,5.36061,-2.7525,-0.0422255
174,5.0387,-2.6665,-0.643945
174,5.07107,-2.69719,-0.615781
174,5.43447,-3.1403,-0.0603752
174,5.12334,-2.75344,-0.569284
174,5.44441,-1.28383,0.114643
174,5.37457,-3.13115,-0.283212
174,5.422,-3.13038,-0.203275
174,5.38909,-3.12521,-0.292652
174,5.41658,-3.13502,-0.289972
174,5.46406,-1.59633,-0.0413237
174,5.30527,-2.66545,-0.468193
174,5.34789,-3.04806,-0.496577
174,5.51496,-2.03607,-0.19452
174,5.27444,-1.35407,-0.591256
174,5.55907,-2.04072,-0.187271
174,5.32645,-1.2275,-0.599109
174,5.58302,-1.61147,-0.267266
174,5.28134,-3.04339,-0.601308
173,5.28134,-3.04339,-0.601308
174,2.93224,-1.77737,-0.656743
173,2.93224,-1.77737,-0.656743
174,4.41586,-1.51879,-0.105188
173,4.41586,-1.51879,-0.105188
174,3.58455,-3.12246,0.189844
173,3.58455,-3.12246,0.189844
174,4.90123,-3.20775,-0.5473
173,4.90123,-3.20775,-0.5473
174,3.90911,-1.60068,0.0127903
173,3.90911,-1.60068,0.0127903
174,3.55043,-2.92006,-0.186412
173,3.55043,-2.92006,-0.186412
174,3.51392,-1.58863,-0.356476
173,3.51392,-1.58863,-0.356476
174,4.01926,-1.71073,-0.632705
172,4.01926,-1.71073,-0.632705
174,6.03317,-1.81946,-0.158616
172,6.03317,-1.81946,-0.158616
174,5.55307,-1.94839,-0.190866
171,5.55307,-1.94839,-0.190866
174,2.78,-1.70306,-0.656166
68,2.78,-1.70306,-0.656166
174,2.73945,-3.15495,-0.0969758
68,2.73945,-3.15495,-0.0969758
175,1.73209,-2.58016,0.195944
175,1.73659,-2.57358,0.19825
175,1.82918,-2.51632,0.132413
175,1.87477,-2.64735,0.119444
175,1.86991,-2.67796,0.0494694
175,2.19878,-3.21446,-0.26368
175,2.20891,-3.2189,-0.277761
175,2.23629,-3.21726,-0.284115
175,2.20599,-3.22077,-0.349425
175,2.26318,-3.22196,-0.337799
175,2.26951,-3.22253,-0.352754
175,2.44304,-3.18204,-0.0834537
175,2.45545,-3.18823,-0.0772731
175,2.45762,-3.1903,-0.0804678
175,2.45952,-3.19086,-0.0780964
175,2.46109,-3.19158,-0.076807
175,2.29856,-3.21827,-0.335778
175,2.2973,-3.22113,-0.340101
175,2.39164,-3.20996,-0.193204
175,2.30493,-3.22269,-0.339946
175,2.37517,-3.22011,-0.305697
175,2.37847,-3.21231,-0.34349
175,2.38843,-3.21857,-0.34245
175,2.38467,-3.21352,-0.349784
175,2.39077,-3.2152,-0.353924
175,2.65735,-3.1752,-0.0775597
175,2.4896,-3.21019,-0.407941
175,2.68474,-3.18139,-0.106359
175,2.25085,-2.38072,-0.656143
175,2.25177,-2.21715,-0.652591
175,2.66313,-3.18642,-0.197078
175,2.31696,-2.6215,-0.641468
175,2.67752,-3.18514,-0.203914
175,2.59761,-3.1977,-0.354483
175,2.33839,-2.58219,-0.662437
175,2.33222,-2.41085,-0.644299
175,2.32155,-2.38772,-0.657941
175,2.33839,-2.41019,-0.651602
175,2.41371,-3.05336,-0.664041
175,2.39595,-2.69297,-0.626083
175,2.31256,-1.99347,-0.651254
175,2.43267,-3.07749,-0.675485
175,2.50532,-3.19877,-0.604339
175,2.50668,-3.20039,-0.612639
175,2.41825,-2.66646,-0.654126
175,2.32628,-1.73062,-0.648207
175,2.42597,-2.54056,-0.64533
175,2.39536,-2.32105,-0.652244
175,2.39879,-2.3213,-0.650364
175,2.40341,-2.3223,-0.645226
175,2.32527,-1.72692,-0.655112
175,2.34144,-1.75606,-0.635886
175,2.42462,-2.51295,-0.649194
175,2.42377,-2.50399,-0.650026
175,2.38206,-2.13351,-0.647876
175,2.35135,-1.91816,-0.655546
175,2.45097,-2.71252,-0.650164
175,2.45148,-2.71265,-0.65162
175,2.37506,-2.12582,-0.660745
175,2.45619,-2.71235,-0.653351
175,2.41247,-2.34804,-0.653629
175,2.35469,-1.90986,-0.662812
175,2.46073,-2.71492,-0.650735
175,2.43275,-2.51307,-0.664325
175,2.38559,-2.12294,-0.666588
175,2.88166,-3.15071,-0.0932295
175,2.42112,-2.34734,-0.66095
175,2.49155,-2.92613,-0.660059
175,2.88522,-3.14989,-0.0929255
175,2.70519,-3.18819,-0.389815
175,2.44727,-2.34121,-0.63834
175,2.42338,-2.13974,-0.641986
175,2.44827,-2.34384,-0.643399
175,2.50647,-2.72938,-0.628823
175,2.88871,-3.15204,-0.116413
175,2.45215,-2.34429,-0.644213
175,2.83784,-3.17087,-0.216732
175,2.842,-3.17408,-0.216846
175,2.76271,-3.1843,-0.343696
175,2.56063,-3.07312,-0.684478
175,3.03782,-3.45916,-0.019734
175,2.80039,-3.17125,-0.369502
175,2.71832,-3.18417,-0.506744
175,2.47869,-2.00058,-0.657704
175,2.80437,-3.17437,-0.374562
175,2.71701,-3.18,-0.514488
175,2.80725,-3.17642,-0.379335
175,3.01594,-3.1238,-0.0695335
175,2.64727,-3.06423,-0.675368
175,2.88748,-3.17103,-0.344841
175,3.07211,-3.1425,-0.0595918
175,3.08632,-3.14953,-0.0623246
175,2.59191,-2.17316,-0.660129
175,2.59526,-2.17261,-0.660742
175,2.65532,-2.37476,-0.632822
175,2.69021,-2.26506,-0.6423
175,3.33766,-3.36791,0.143476
175,3.004,-3.16177,-0.337846
175,3.34506,-3.37197,0.144013
175,2.61908,-1.57487,-0.646976
175,2.70302,-2.26708,-0.654164
175,2.76593,-2.38112,-0.591789
175,3.29806,-3.36966,0.0343137
175,3.02027,-3.16316,-0.359996
175,3.37788,-3.20967,0.17873
175,2.66657,-1.51628,-0.632367
175,2.6736,-1.52726,-0.623968
175,2.8026,-2.65834,-0.638401
175,2.65769,-1.48964,-0.645017
175,2.80492,-2.80554,-0.662827
175,2.81002,-2.6607,-0.647003
175,2.70571,-1.57417,-0.60864
175,3.32712,-3.482,-0.0153694
175,3.4405,-3.46443,0.157525
175,3.31242,-3.40089,-0.0431136
175,2.8344,-2.51087,-0.62446
175,3.3798,-3.27113,0.0715949
175,3.28662,-3.34039,-0.0949906
175,2.73105,-1.56367,-0.634845
175,2.74517,-1.69347,-0.637874
175,2.83377,-2.3943,-0.638564
175,2.87855,-3.02173,-0.695972
175,3.35671,-3.30359,-0.00652403
175,3.28223,-3.04295,-0.0766606
175,2.74346,-1.56695,-0.637455
175,2.88914,-3.0292,-0.695372
175,2.8203,-2.07701,-0.63545
175,3.31674,-3.28077,-0.0937054
175,3.36585,-3.43093,-0.0472998
175,3.3807,-3.30382,-0.007346
175,2.80963,-2.02792,-0.656863
175,3.3223,-3.03089,-0.0501447
175,3.34129,-3.4522,-0.103841
175,2.81456,-2.027,-0.656322
175,3.36483,-3.24294,-0.0536117
175,2.82434,-2.02539,-0.669733
175,2.89332,-2.50279,-0.654875
175,3.37964,-3.2432,-0.050009
175,3.36199,-3.2638,-0.0820253
175,3.41897,-3.31744,-0.0149084
175,3.42087,-3.31391,-0.0129674
175,3.39682,-3.25123,-0.052296
175,3.27457,-3.04607,-0.208887
175,3.07202,-3.13353,-0.54277
175,3.41479,-3.17812,-0.0265791
175,3.39602,-3.0419,-0.0302314
175,3.39497,-3.03779,-0.0315594
175,3.39468,-3.03245,-0.0318695
175,3.41488,-3.1939,-0.0318039
175,3.4222,-3.18344,-0.0234327
175,3.00361,-2.99628,-0.660541
175,2.90908,-1.80655,-0.641166
175,2.97893,-2.30896,-0.653711
175,3.01897,-2.5549,-0.651348
175,2.98701,-2.30629,-0.657931
175,3.02543,-2.55497,-0.658175
175,3.02889,-2.5563,-0.659506
175,2.99656,-2.30312,-0.662866
175,3.07573,-2.69423,-0.620656
175,3.06083,-3.00436,-0.703879
175,3.03991,-2.50925,-0.664987
175,3.07269,-3.00643,-0.708575
175,3.06956,-2.34133,-0.594851
175,3.20049,-2.57816,-0.458826
175,3.32797,-1.15756,0.00284907
175,3.09481,-2.88167,-0.697383
175,3.09055,-2.33919,-0.612163
175,3.34964,-1.13529,0.0122629
175,3.11282,-2.33481,-0.628099
175,3.11678,-2.46616,-0.669091
175,3.0863,-1.91284,-0.639442
175,3.20181,-2.71302,-0.617148
175,3.50242,-1.50373,0.0573062
175,3.51494,-1.49558,0.072695
175,3.38874,-1.09566,-0.0894979
175,3.23499,-2.71626,-0.63881
175,3.0704,-1.25674,-0.637756
175,3.18904,-2.27999,-0.658326
175,3.25895,-2.71423,-0.654277
175,3.60953,-1.61589,0.0931253
175,3.30926,-3.04036,-0.645168
175,3.37287,-3.02588,-0.64244
175,3.63636,-1.58814,0.031512
175,3.62118,-1.57916,-0.0138512
175,3.30185,-2.93239,-0.818461
175,3.49084,-1.44678,-0.256802
175,3.35363,-2.51567,-0.683784
175,3.3708,-2.51799,-0.696511
175,3.26712,-1.24279,-0.631045
175,3.2657,-1.26189,-0.638537
175,3.27739,-1.2388,-0.643231
175,3.27959,-1.2234,-0.644578
175,3.40844,-2.12812,-0.627447
175,3.29598,-1.2106,-0.652368
175,3.37061,-2.60539,-0.806093
175,3.56447,-2.98674,-0.60151
175,3.43228,-1.17859,-0.491204
175,3.50932,-1.42459,-0.439787
175,3.52101,-1.42116,-0.438394
175,3.44283,-1.40028,-0.558809
175,3.83613,-1.6112,0.00928655
175,3.62179,-3.00042,-0.605504
175,3.48389,-1.25101,-0.496906
175,3.54775,-1.97222,-0.628445
175,3.55941,-1.99306,-0.626485
175,3.93157,-1.64801,-6.02901e-05
175,3.51983,-1.42508,-0.605998
175,3.51663,-1.33304,-0.593846
175,3.60082,-2.25102,-0.64145
175,3.52657,-1.34549,-0.600404
175,3.552,-1.74859,-0.648484
175,3.5749,-1.51458,-0.602019
175,3.6364,-2.22331,-0.663993
175,3.59396,-1.52022,-0.615192
175,3.59662,-1.50188,-0.616451
175,3.80859,-1.5228,-0.513599
175,3.83445,-1.55452,-0.54574
175,3.88975,-1.98288,-0.585183
175,3.85972,-1.77434,-0.601213
175,3.9211,-1.71809,-0.615044
175,4.01029,-1.46353,-0.433642
175,4.66155,-1.3607,-0.62287
175,4.68366,-1.35312,-0.630167
175,4.82386,-2.33454,-0.60456
175,5.40932,-3.12766,0.0906369
175,5.3604,-2.75355,-0.060158
175,5.43095,-3.13481,-0.0644778
175,5.43365,-3.12593,-0.0613115
175,5.02562,-2.70635,-0.618581
175,5.34128,-2.75108,-0.145266
175,5.32074,-2.87057,-0.258923
175,5.39101,-2.94414,-0.213375
175,5.28079,-2.6535,-0.472305
175,5.47357,-1.59631,-0.0518772
175,5.26116,-1.2514,-0.588023
175,5.32118,-1.23899,-0.519545
175,5.63572,-2.03007,-0.206545
175,5.32292,-1.6132,-0.621042
175,5.55815,-1.60962,-0.283102
175,5.56911,-1.61095,-0.267489
175,5.32018,-1.32811,-0.620874
175,5.58619,-1.60783,-0.27411
175,5.52851,-2.21455,-0.600232
175,5.56848,-2.23679,-0.557995
175,5.53986,-2.20494,-0.60171
175,5.83578,-2.53204,-0.463709
175,2.53918,-3.05225,-0.593491
174,2.53918,-3.05225,-0.593491
175,2.68775,-3.17917,-0.365335
174,2.68775,-3.17917,-0.365335
175,3.44418,-1.47636,-0.349708
174,3.44418,-1.47636,-0.349708
175,6.05292,-2.48715,-0.492843
174,6.05292,-2.48715,-0.492843
175,2.69781,-3.13281,-0.559029
174,2.69781,-3.13281,-0.559029
175,3.44728,-3.42292,0.213346
174,3.44728,-3.42292,0.213346
175,2.70917,-3.13488,-0.313613
174,2.70917,-3.13488,-0.313613
175,3.16519,-3.37152,-0.0459256
174,3.16519,-3.37152,-0.0459256
175,2.82497,-3.18834,-0.620015
174,2.82497,-3.18834,-0.620015
175,3.3242,-3.44922,-0.0847909
174,3.3242,-3.44922,-0.0847909
175,4.3321,-1.57579,-0.27466
174,4.3321,-1.57579,-0.27466
175,3.38468,-3.20948,0.0392818
174,3.38468,-3.20948,0.0392818
175,5.29782,-3.04902,-0.257227
173,5.29782,-3.04902,-0.257227
175,3.31216,-3.36957,0.225411
173,3.31216,-3.36957,0.225411
175,4.93645,-1.32791,-0.490371
173,4.93645,-1.32791,-0.490371
175,3.79503,-1.61986,-0.519932
173,3.79503,-1.61986,-0.519932
175,5.44072,-1.17765,-0.642184
173,5.44072,-1.17765,-0.642184
175,3.83065,-1.78307,-0.557032
172,3.83065,-1.78307,-0.557032
175,5.21751,-2.65558,0.0839655
172,5.21751,-2.65558,0.0839655
175,2.50995,-2.73888,-0.640826
68,2.50995,-2.73888,-0.640826
176,2.30721,-3.2036,-0.0760899
176,2.40524,-3.21267,-0.183507
176,2.40273,-3.21074,-0.190746
176,2.40243,-3.2098,-0.193892
176,2.40037,-3.20918,-0.204202
176,2.4163,-3.20769,-0.178833
176,2.41455,-3.20511,-0.184225
176,2.47539,-3.18717,-0.0804606
176,2.49422,-3.20077,-0.0690468
176,2.49563,-3.20243,-0.0690083
176,2.49813,-3.20055,-0.0729641
176,2.50085,-3.20261,-0.0696234
176,2.51229,-3.19556,-0.0748565
176,2.51405,-3.197,-0.0751628
176,2.51606,-3.19796,-0.0717382
176,2.58831,-3.18727,-0.2032
176,2.59217,-3.18793,-0.203129
176,2.60143,-3.18244,-0.200439
176,2.59691,-3.18878,-0.212854
176,2.60298,-3.18955,-0.207359
176,2.66736,-3.1705,-0.0833244
176,2.62832,-3.19023,-0.181178
176,2.67134,-3.17005,-0.0855825
176,2.62748,-3.18986,-0.183317
176,2.63465,-3.1847,-0.199417
176,2.62394,-3.19724,-0.226537
176,2.63792,-3.19861,-0.227862
176,2.66366,-3.18593,-0.180903
176,2.66609,-3.18717,-0.183068
176,2.58457,-3.18682,-0.361864
176,2.59602,-3.18958,-0.350251
176,2.68052,-3.18478,-0.184345
176,2.63211,-3.18533,-0.333668
176,2.64301,-3.19027,-0.343271
176,2.75818,-3.16407,-0.110263
176,2.65759,-3.19082,-0.329913
176,2.72053,-3.17634,-0.200272
176,2.6767,-3.18898,-0.298815
176,2.44803,-2.33678,-0.622108
176,2.76963,-3.17084,-0.127697
176,2.77314,-3.16937,-0.122203
176,2.44956,-2.33847,-0.623885
176,2.45633,-2.34351,-0.617096
176,2.70513,-3.1822,-0.303582
176,2.76265,-3.17535,-0.189132
176,2.81515,-3.15923,-0.0855894
176,2.70905,-3.17994,-0.359746
176,2.72568,-3.18114,-0.333764
176,2.73086,-3.18379,-0.33111
176,2.71772,-3.17605,-0.363847
176,2.73133,-3.18379,-0.340908
176,2.80586,-3.171,-0.193129
176,2.91625,-3.50745,-0.0360232
176,2.76255,-3.17984,-0.308636
176,2.74989,-3.17081,-0.355465
176,2.80184,-3.17293,-0.254745
176,2.89959,-3.15086,-0.0823348
176,2.90664,-3.15388,-0.08048
176,2.90983,-3.1519,-0.0821376
176,2.86685,-3.15864,-0.194231
176,2.91249,-3.15832,-0.132824
176,2.76732,-3.19295,-0.514159
176,2.76882,-3.19147,-0.5158
176,2.76151,-3.18849,-0.550064
176,3.06912,-3.50176,-0.0322695
176,2.78435,-3.19659,-0.568797
176,3.07381,-3.50463,-0.0325189
176,3.09597,-3.49967,-0.0337277
176,2.84163,-3.17213,-0.525434
176,3.26297,-3.27489,0.339257
176,3.34577,-3.50692,0.457285
176,3.34926,-3.51045,0.453056
176,3.35062,-3.5191,0.453167
176,3.27087,-3.27356,0.338178
176,2.94829,-3.16092,-0.32167
176,3.0847,-3.15091,-0.0498926
176,2.82786,-3.17816,-0.615777
176,3.08335,-3.14515,-0.0673439
176,2.83807,-3.18265,-0.59611
176,2.82535,-3.17697,-0.623147
176,3.14082,-3.4901,-0.0247296
176,3.08575,-3.14689,-0.0656056
176,3.36819,-3.51007,0.446646
176,3.10161,-3.1522,-0.0525677
176,2.99676,-3.15245,-0.274893
176,3.10779,-3.15375,-0.0440844
176,3.35069,-3.36122,0.420829
176,3.1102,-3.15707,-0.0457659
176,3.11193,-3.15518,-0.0463259
176,2.83788,-3.18141,-0.634639
176,3.00329,-3.15214,-0.27929
176,3.14915,-3.33478,-0.0481926
176,2.86293,-3.18947,-0.64992
176,3.00937,-3.15308,-0.33434
176,2.86828,-3.17796,-0.644931
176,3.18305,-3.42276,-0.0384248
176,3.01453,-3.15243,-0.336066
176,2.87631,-3.18655,-0.643822
176,3.17273,-3.34535,-0.0552981
176,3.20462,-3.43279,-0.0433678
176,3.18692,-3.34847,-0.0629947
176,3.31833,-3.35928,0.151648
176,3.38151,-3.49862,0.202119
176,3.32423,-3.36929,0.105841
176,3.38538,-3.5008,0.200263
176,3.44209,-3.23164,0.352173
176,3.25208,-3.3128,-0.0708985
176,3.37087,-3.3798,0.157095
176,3.32294,-3.36353,0.0487038
176,3.3045,-3.34986,0.0113352
176,3.37561,-3.20101,0.186467
176,3.38049,-3.48686,0.129642
176,3.31129,-3.34945,0.00756583
176,3.27507,-3.3665,-0.0738615
176,3.33928,-3.37288,0.0558644
176,3.39249,-3.20896,0.204509
176,3.38133,-3.19972,0.181444
176,3.40325,-3.22326,0.221207
176,3.46026,-3.22565,0.340602
176,3.39604,-3.20838,0.208191
176,3.45059,-3.21771,0.321388
176,3.4497,-3.21607,0.318532
176,3.34342,-3.37615,0.0567142
176,3.38463,-3.20492,0.181975
176,3.27637,-3.32946,-0.0768359
176,3.38716,-3.20474,0.182432
176,3.32761,-3.37287,0.0175193
176,3.32361,-3.35022,0.0139692
176,3.38991,-3.22349,0.179852
176,3.42652,-3.51727,0.190711
176,3.45693,-3.22205,0.315535
176,3.40206,-3.49306,0.12855
176,3.28888,-3.36235,-0.0842245
176,3.34166,-3.39531,0.0185615
176,3.29096,-3.36479,-0.0823812
176,3.29052,-3.34419,-0.0904829
176,3.28798,-3.33809,-0.0954733
176,3.35121,-3.4907,0.00258553
176,3.29112,-3.33903,-0.0923254
176,3.33104,-3.37246,-0.0177162
176,3.33184,-3.37033,-0.0186662
176,3.33416,-3.37121,-0.020202
176,3.32465,-3.37023,-0.0420386
176,3.32887,-3.37206,-0.0347518
176,3.32709,-3.40786,-0.0492389
176,3.3459,-3.48582,-0.0272555
176,3.42173,-3.40953,0.144612
176,3.34667,-3.42106,-0.0202346
176,3.41578,-3.42388,0.122131
176,3.44641,-3.51586,0.161312
176,3.42822,-3.41173,0.138587
176,3.36807,-3.48985,-0.00887239
176,3.42348,-3.42384,0.119713
176,3.45067,-3.49649,0.158657
176,3.35824,-3.43807,-0.0268561
176,3.35756,-3.43534,-0.0286152
176,3.4421,-3.41722,0.147745
176,3.36354,-3.44016,-0.028456
176,3.53667,-3.45399,0.330834
176,3.32145,-3.04741,-0.0409125
176,3.46033,-3.42803,0.166818
176,3.53627,-3.4485,0.318255
176,3.39556,-3.46502,0.00865954
176,2.92741,-1.81383,-0.632563
176,3.55058,-3.45181,0.318689
176,3.49183,-3.50999,0.173967
176,3.48338,-3.47458,0.145127
176,3.3773,-3.17471,-0.029506
176,3.57523,-3.45829,0.32679
176,3.38807,-3.16865,-0.0305359
176,3.58306,-3.45636,0.314919
176,3.40116,-3.13944,-0.00396019
176,3.38788,-3.04099,-0.0191436
176,3.40613,-3.13629,-0.00505495
176,3.39065,-3.04271,-0.02133
176,3.415,-3.09333,-0.000740945
176,3.5324,-3.46223,0.153266
176,3.426,-3.09133,0.00114596
176,3.43004,-3.09234,0.00218546
176,3.44615,-3.07789,-0.00654
176,3.59127,-3.46827,0.202849
176,3.44552,-3.01856,-0.0138969
176,3.59596,-3.47358,0.203074
176,3.20086,-3.10398,-0.585428
176,3.46315,-3.0182,-0.0162888
176,3.5106,-3.24709,0.0257922
176,3.08389,-1.9336,-0.628143
176,3.21248,-3.11651,-0.618962
176,3.09248,-1.92776,-0.63267
176,3.48891,-1.37667,0.319076
176,3.32167,-3.05128,-0.429491
176,3.31196,-3.04625,-0.468524
176,3.32636,-3.05137,-0.439315
176,3.32845,-3.04754,-0.475937
176,3.52864,-2.96121,-0.0417267
176,3.59316,-1.57987,0.375915
176,3.34313,-3.05054,-0.485608
176,3.14258,-1.886,-0.664399
176,3.6069,-1.58092,0.373974
176,3.14101,-1.86354,-0.678212
176,3.5827,-2.99667,0.00119358
176,3.49415,-1.5154,0.0765802
176,3.49654,-1.509,0.0660404
176,3.62012,-2.999,-0.0089519
176,3.59213,-2.96467,-0.0663878
176,3.51047,-1.50239,0.0778486
176,3.39555,-3.0598,-0.515306
176,3.6302,-3.00371,-0.00823736
176,3.25163,-2.03614,-0.653552
176,3.25804,-2.03852,-0.649972
176,3.26105,-2.03467,-0.649052
176,3.37741,-3.0547,-0.630239
176,3.38397,-3.05822,-0.63494
176,3.27838,-1.99806,-0.647252
176,3.28119,-2.0164,-0.652843
176,3.65552,-2.97055,-0.0868911
176,3.46448,-1.04135,-0.0631211
176,3.65916,-2.97195,-0.085959
176,3.6074,-1.57458,0.105905
176,3.29261,-1.99303,-0.657889
176,3.57186,-1.60724,0.000546992
176,3.59312,-1.56497,0.0219105
176,3.66576,-1.56559,0.0454407
176,3.41906,-2.16092,-0.616732
176,3.67279,-1.56957,0.0448956
176,3.532,-2.9711,-0.567668
176,3.42391,-2.15867,-0.622162
176,3.70459,-1.57326,0.0921757
176,3.67646,-1.58211,0.0190246
176,3.43578,-2.14851,-0.627445
176,3.42021,-1.1892,-0.468406
176,3.72232,-1.56883,0.084865
176,3.7048,-1.5756,0.0441268
176,3.46277,-2.11441,-0.631147
176,3.47212,-2.10446,-0.667537
176,3.50055,-1.99208,-0.628208
176,3.77112,-1.66964,0.00957534
176,3.86463,-1.50253,0.235175
176,3.4866,-1.43232,-0.592139
176,3.5716,-2.25954,-0.605585
176,3.64436,-2.99749,-0.627112
176,3.7997,-1.63263,0.00336075
176,3.9415,-1.46128,0.33444
176,3.5369,-2.09024,-0.694113
176,3.58073,-2.2454,-0.637837
176,3.66828,-3.00237,-0.625045
176,3.59484,-2.2525,-0.616721
176,3.91584,-1.48189,0.220686
176,3.84035,-1.61044,0.0188238
176,3.82231,-1.57289,-0.0162906
176,3.84503,-1.6077,0.0159817
176,3.93351,-1.4741,0.220572
176,3.57012,-1.97484,-0.661581
176,3.62414,-1.56085,-0.460105
176,3.93672,-1.47418,0.216381
176,3.61729,-2.22612,-0.628166
176,3.61687,-2.23565,-0.639456
176,3.56012,-1.72139,-0.649536
176,3.58408,-1.84475,-0.626635
176,4.0022,-1.43437,0.330318
176,4.00585,-1.42954,0.332917
176,3.64193,-2.20825,-0.637612
176,3.90639,-1.58626,0.0373248
176,3.62513,-1.98232,-0.649405
176,3.62752,-1.57937,-0.555225
176,3.66492,-1.5192,-0.488003
176,3.65093,-1.56337,-0.543809
176,3.66752,-1.51098,-0.502889
176,3.65752,-1.99756,-0.64889
176,3.6589,-1.9806,-0.643782
176,3.62637,-1.73907,-0.664407
176,3.66917,-1.98742,-0.656758
176,3.96718,-1.67319,-0.000734329
176,3.98214,-1.66893,-0.0183018
176,3.76727,-1.47459,-0.444722
176,3.99373,-1.65652,-0.00628549
176,4.00373,-1.65476,-0.0201872
176,4.01721,-1.62146,-0.0206234
176,4.02292,-1.62193,-0.0238465
176,3.8996,-1.52908,-0.381439
176,3.9395,-1.50624,-0.395539
176,3.94264,-1.75973,-0.635888
176,3.96238,-1.74585,-0.626212
176,3.97817,-1.74421,-0.619288
176,4.09761,-1.49542,-0.621147
176,5.3255,-3.0788,0.665177
176,4.74621,-1.28773,-0.165403
176,5.31853,-3.03046,0.658929
176,5.29583,-2.63811,0.661121
176,5.3818,-3.50663,0.645318
176,5.36646,-3.08936,0.683392
176,5.42633,-3.20439,0.700457
176,5.4301,-3.203,0.704802
176,5.39096,-2.97376,0.668625
176,5.2974,-2.95475,0.463833
176,5.27679,-2.99009,0.395423
176,5.32041,-2.94764,0.492951
176,4.64203,-1.3163,-0.590044
176,5.25673,-3.06202,0.307138
176,4.65252,-1.29977,-0.594361
176,5.41244,-3.30214,0.567498
176,5.31161,-2.9968,0.400026
176,5.33227,-2.9566,0.437186
176,5.39188,-3.95891,0.337783
176,5.38008,-3.95498,0.312967
176,5.31925,-3.00577,0.394184
176,5.4116,-3.30036,0.511193
176,5.50909,-3.38381,0.681539
176,5.35118,-3.00361,0.395692
176,5.42701,-3.30526,0.483408
176,5.43123,-3.98481,0.328925
176,5.39067,-3.54571,0.32333
176,5.38751,-3.53903,0.304313
176,5.4862,-3.33892,0.548243
176,5.33304,-3.10686,0.26443
176,4.75619,-1.32315,-0.576213
176,5.51277,-3.34861,0.563967
176,5.47609,-3.31766,0.481373
176,5.49555,-4.12417,0.338205
176,5.45871,-3.31042,0.440035
176,5.50029,-4.12332,0.341739
176,5.50292,-3.31281,0.502927
176,4.78851,-1.31269,-0.577707
176,5.50531,-3.31427,0.491156
176,4.80048,-1.31288,-0.564887
176,5.31809,-2.75179,0.207356
176,4.78679,-1.30689,-0.635955
176,5.34492,-2.90389,0.167846
176,5.55018,-3.32502,0.486832
176,5.4721,-3.31041,0.321183
176,5.33354,-3.01645,0.0766945
176,5.60891,-3.37823,0.577632
176,5.48189,-3.30726,0.317879
176,5.34739,-2.74899,0.144137
176,5.55727,-3.32222,0.460464
176,5.52976,-3.41702,0.380192
176,5.49381,-3.30991,0.304218
176,5.02898,-2.71086,-0.548971
176,5.38709,-2.90216,0.160186
176,5.72808,-3.3922,0.764032
176,5.63674,-3.3744,0.571305
176,5.05081,-2.7449,-0.563395
176,5.03488,-2.68592,-0.58959
176,5.52104,-3.33949,0.281949
176,5.30221,-2.74689,-0.0672766
176,5.30644,-2.80044,-0.0866442
176,5.55341,-3.34556,0.303355
176,5.51803,-2.51416,0.37753
176,5.18937,-1.3289,-0.0576474
176,5.20147,-1.31746,-0.0457035
176,5.34317,-2.97197,-0.123054
176,5.32464,-2.93486,-0.161157
176,5.34662,-3.05132,-0.144534
176,5.32465,-2.95147,-0.189577
176,5.35958,-2.97495,-0.126941
176,5.30882,-2.97408,-0.237984
176,5.34632,-2.9434,-0.151779
176,5.62366,-3.36368,0.301457
176,5.57137,-2.50909,0.358662
176,5.6318,-2.52728,0.36881
176,5.74445,-3.38262,0.410616
176,5.27099,-2.65747,-0.4512
176,5.43428,-1.24654,0.184263
176,5.85362,-3.42431,0.583829
176,5.16532,-1.33034,-0.431592
176,5.28295,-2.6606,-0.481501
176,5.44491,-1.26125,0.171926
176,5.3086,-2.65904,-0.445299
176,5.3195,-2.40286,-0.376624
176,5.31015,-2.65748,-0.476829
176,5.32401,-2.65197,-0.454806
176,5.90466,-3.42833,0.587018
176,5.27927,-1.26022,-0.363123
176,5.53342,-1.22653,0.172641
176,5.49542,-1.59592,-0.0189715
176,5.68642,-1.90097,0.305368
176,5.2219,-1.27336,-0.559002
176,5.55727,-1.71449,0.0523558
176,5.43086,-2.24976,-0.338377
176,5.55409,-1.9545,-0.0330497
176,5.58145,-1.92949,0.0168382
176,5.60184,-1.87495,0.0443361
176,5.58087,-1.70724,0.0317019
176,5.61534,-1.99762,0.0378578
176,5.62069,-1.92213,0.0536082
176,5.46386,-2.24572,-0.351103
176,5.6104,-1.86495,0.0412038
176,5.56847,-1.23333,0.0918716
176,5.56204,-1.56615,-0.0182452
176,5.27388,-1.3031,-0.597416
176,5.77243,-1.88465,0.27517
176,5.68853,-2.10451,0.0143855
176,5.71356,-2.06747,0.0188246
176,5.75087,-2.12053,0.0553721
176,5.70923,-1.81558,0.0235864
176,5.8673,-2.18787,0.274278
176,5.55865,-1.60893,-0.279599
176,5.7205,-1.71617,0.016632
176,5.42534,-1.57993,-0.586794
176,5.75116,-1.923,0.0241374
176,5.53702,-2.2342,-0.537039
176,5.52719,-2.24092,-0.559545
176,5.79221,-2.08997,0.0299491
176,5.82191,-2.09164,0.0383934
176,5.88426,-1.52822,0.290279
176,5.70356,-1.88251,-0.197753
176,5.63615,-1.59482,-0.288679
176,5.80407,-1.7638,0.00125921
176,5.64706,-1.58318,-0.294124
176,5.545,-1.61491,-0.536252
176,5.59943,-1.59999,-0.425979
176,5.52043,-1.58075,-0.620456
176,5.50318,-1.27597,-0.610229
176,5.58488,-1.59636,-0.564635
176,5.98427,-1.5041,0.280251
176,5.81708,-1.97849,-0.243474
176,6.16154,-2.1405,0.261376
176,2.96956,-3.09408,-0.465894
175,2.96956,-3.09408,-0.465894
176,3.2122,-3.33193,-0.0595667
175,3.2122,-3.33193,-0.0595667
176,3.39258,-3.39422,0.0450111
175,3.39258,-3.39422,0.0450111
176,3.21305,-3.32701,0.0530006
175,3.21305,-3.32701,0.0530006
176,3.3876,-3.39067,0.0477081
175,3.3876,-3.39067,0.0477081
176,3.39323,-3.38583,0.152372
175,3.39323,-3.38583,0.152372
176,3.37291,-2.16319,-0.610082
173,3.37291,-2.16319,-0.610082
176,5.35468,-2.44304,-0.384566
173,5.35468,-2.44304,-0.384566
176,5.29358,-2.36608,-0.37821
173,5.29358,-2.36608,-0.37821
176,3.55178,-1.4746,0.0748517
173,3.55178,-1.4746,0.0748517
176,5.38272,-3.12869,-0.272317
174,5.38272,-3.12869,-0.272317
176,2.84578,-1.46775,-0.709898
174,2.84578,-1.46775,-0.709898
176,2.89673,-1.41478,-0.755578
174,2.89673,-1.41478,-0.755578
176,3.05245,-3.11613,-0.490481
172,3.05245,-3.11613,-0.490481
176,5.30755,-1.80762,0.0360823
172,5.30755,-1.80762,0.0360823
176,5.53544,-1.91811,-0.0966926
172,5.53544,-1.91811,-0.0966926
176,4.28812,-2.48037,0.158556
172,4.28812,-2.48037,0.158556
176,4.27556,-2.47881,0.16016
172,4.27556,-2.47881,0.16016
176,5.00455,-2.71416,-0.535409
172,5.00455,-2.71416,-0.535409
176,5.41168,-3.12588,0.456218
172,5.41168,-3.12588,0.456218
176,5.38308,-3.32913,0.461058
171,5.38308,-3.32913,0.461058
176,4.11187,-0.507583,0.0871662
171,4.11187,-0.507583,0.0871662
176,5.31725,-2.76355,0.23637
171,5.31725,-2.76355,0.23637
177,2.28628,-2.68262,0.487685
177,2.80621,-3.14174,-0.0867409
177,2.88754,-3.13711,-0.0975931
177,3.10171,-3.45291,-0.043961
177,2.9856,-3.1361,-0.276664
177,3.07579,-3.13249,-0.0483464
177,3.09014,-3.13799,-0.0500054
177,3.00048,-3.13816,-0.335071
177,3.09168,-3.13608,-0.0570276
177,3.09896,-3.13622,-0.0589761
177,3.09733,-3.12579,-0.452439
177,3.26059,-3.40271,-0.0921933
177,3.29384,-3.33233,0.0332109
177,3.26454,-3.3981,-0.0938072
177,3.29614,-3.36146,0.00826675
177,3.30667,-3.36221,0.0169126
177,3.32327,-3.46663,-0.00080359
177,3.32918,-3.45719,0.00337291
177,3.33468,-3.47723,2.28286e-05
177,3.30948,-3.34196,-0.0142283
177,3.30164,-3.313,-0.0248423
177,3.33416,-3.40578,0.0275314
177,3.33669,-3.47913,0.000617921
177,3.29594,-3.34314,-0.104073
177,3.36336,-3.46203,0.010503
177,3.32572,-3.20672,-0.024476
177,3.32786,-3.20665,-0.0268506
177,3.32846,-3.21312,-0.029257
177,3.43546,-3.52677,0.139929
177,3.43952,-3.517,0.133758
177,3.47196,-3.22667,0.328294
177,3.51233,-3.45076,0.335143
177,3.46525,-3.49312,0.166517
177,3.46677,-3.49437,0.156829
177,3.4618,-3.45374,0.157948
177,3.33832,-3.05007,-0.0424124
177,3.33999,-3.04926,-0.038443
177,3.47367,-3.47161,0.166759
177,3.52819,-3.45582,0.326651
177,3.37411,-3.16438,-0.0124646
177,3.53174,-3.45841,0.327356
177,3.37664,-3.16247,-0.0112389
177,3.52946,-3.42044,0.32933
177,3.37836,-3.16753,-0.0140202
177,3.52038,-3.38671,0.309151
177,3.38589,-3.15559,-0.0127798
177,3.38629,-3.0262,-0.0181422
177,3.40927,-3.09503,-0.0206466
177,2.98812,-1.37906,-0.540612
177,3.55209,-3.45028,0.209261
177,3.47802,-1.55775,0.853185
177,3.56025,-3.45024,0.206467
177,3.56269,-3.45765,0.200609
177,3.52382,-1.55956,0.953563
177,3.49555,-1.54752,0.865543
177,3.08461,-1.92783,-0.63019
177,3.51761,-3.24072,0.0323809
177,3.52209,-3.13402,0.0613272
177,3.52467,-3.13352,0.0573114
177,3.53728,-3.2474,0.0237226
177,3.67087,-3.2619,0.359725
177,3.67656,-3.24178,0.358229
177,3.55697,-1.5877,0.731917
177,3.59995,-1.57333,0.836691
177,3.66387,-3.15574,0.271667
177,3.70547,-3.22687,0.36209
177,3.70606,-3.21832,0.358978
177,3.60062,-3.20478,0.0258252
177,3.60561,-3.20522,0.0266678
177,3.62349,-3.19993,0.0243896
177,3.61428,-1.54322,0.75532
177,3.75488,-3.17878,0.348076
177,3.64151,-1.52583,0.757725
177,3.75973,-3.16971,0.338127
177,3.75956,-3.17906,0.330188
177,3.77747,-3.24334,0.354647
177,3.75547,-3.17205,0.317619
177,3.77009,-3.18043,0.335766
177,3.27999,-2.00872,-0.642183
177,3.6891,-3.24181,0.0177197
177,3.50322,-1.36196,0.314387
177,3.67611,-1.51356,0.759592
177,3.79506,-3.19453,0.333469
177,3.23466,-1.29285,-0.59553
177,3.56073,-1.32874,0.304849
177,3.74094,-1.52286,0.735632
177,3.5256,-1.49957,0.0784112
177,3.86418,-1.5965,0.973817
177,3.43698,-2.15067,-0.644021
177,3.57138,-1.57733,0.0243973
177,3.44363,-2.14241,-0.644678
177,3.62386,-1.60799,0.124563
177,3.46017,-2.11634,-0.649629
177,3.32497,-1.21466,-0.657515
177,3.89502,-1.53876,0.849447
177,3.90945,-1.53172,0.871043
177,3.90339,-1.53565,0.845488
177,3.65095,-1.569,0.0428313
177,3.36218,-1.16282,-0.690601
177,3.94587,-1.56604,0.89716
177,3.45797,-1.41128,-0.523918
177,3.77131,-1.42257,0.405251
177,3.51948,-2.10994,-0.686701
177,3.70243,-1.72397,0.0405596
177,3.89737,-1.5692,0.695239
177,3.8989,-1.57027,0.691154
177,3.92226,-1.48742,0.793141
177,3.68582,-1.54908,0.038433
177,3.98075,-1.58253,0.915865
177,3.90612,-1.56713,0.694521
177,3.5415,-1.96296,-0.606289
177,3.47951,-1.44417,-0.567361
177,3.47643,-1.43975,-0.575913
177,3.99394,-1.58193,0.932167
177,3.98803,-1.58509,0.910406
177,3.48059,-1.30938,-0.508536
177,3.48108,-1.31126,-0.511197
177,3.93008,-1.54123,0.74279
177,3.82617,-1.56933,0.405686
177,3.93265,-1.54526,0.731347
177,3.70024,-1.57517,0.00701272
177,3.92131,-1.55188,0.68382
177,4.00262,-1.55666,0.892362
177,3.61616,-2.23646,-0.64357
177,3.7567,-1.55346,0.0908831
177,3.62441,-1.60705,-0.422824
177,3.6291,-1.98948,-0.626021
177,3.87581,-1.36703,0.387204
177,3.80638,-1.65694,0.00910282
177,3.62128,-1.58882,-0.564146
177,3.82495,-1.53243,0.0701329
177,3.83016,-1.56247,0.0340223
177,3.61191,-1.49575,-0.609938
177,3.67046,-1.98362,-0.658679
177,3.6185,-1.51048,-0.620192
177,3.62118,-1.48356,-0.611325
177,3.82277,-1.56447,-0.043549
177,3.68577,-1.97908,-0.654829
177,3.93098,-1.34059,0.377477
177,3.68446,-1.51144,-0.471694
177,3.86545,-1.55526,0.0403054
177,3.59189,-1.28738,-0.710534
177,3.9579,-1.33192,0.370643
177,3.68475,-1.81136,-0.685643
177,3.98174,-1.44627,0.323912
177,3.70895,-1.80475,-0.684282
177,3.74798,-1.2877,-0.34017
177,3.99733,-1.72661,-0.637722
177,4.00798,-1.72094,-0.658089
177,4.3024,-0.996172,0.361129
177,5.3711,-4.01978,1.2051
177,5.38159,-3.86,1.24904
177,5.38821,-3.49131,1.25289
177,5.39532,-3.48628,1.248
177,5.41436,-3.52528,1.27977
177,5.37708,-3.5082,1.04546
177,5.38881,-3.54426,1.04728
177,5.439,-3.54227,1.17771
177,5.40812,-3.52927,0.971773
177,5.41034,-3.52894,0.977212
177,5.40526,-3.51647,0.947509
177,5.09932,-2.51259,0.421181
177,4.60281,-1.32193,-0.596352
177,5.27248,-2.85843,0.697694
177,5.35966,-3.16556,0.722303
177,5.31329,-2.90133,0.699405
177,5.00473,-1.35797,0.420808
177,5.36336,-3.94252,0.313793
177,5.33651,-2.92025,0.689841
177,5.36791,-3.08522,0.698896
177,5.30096,-3.01413,0.399566
177,5.64524,-3.42672,1.24998
177,5.42545,-3.97906,0.318626
177,5.3311,-3.12294,0.424116
177,5.30401,-2.97192,0.404609
177,5.32069,-3.06781,0.393248
177,5.49951,-3.57569,0.6975
177,5.46193,-4.11444,0.324015
177,5.28881,-3.0655,0.264105
177,5.30077,-3.06639,0.268667
177,5.4852,-4.13163,0.319919
177,5.32465,-3.09777,0.27677
177,5.41067,-3.52384,0.341287
177,5.35615,-3.06914,0.385716
177,5.70365,-3.43393,1.26653
177,5.71001,-3.43993,1.27082
177,5.51254,-3.26999,0.727385
177,5.71446,-3.43491,1.25499
177,5.34198,-3.11577,0.26647
177,4.80096,-1.30443,-0.569957
177,5.52651,-3.26755,0.721696
177,5.00487,-2.68082,-0.630569
177,4.8103,-1.30335,-0.587367
177,5.45892,-3.53882,0.338722
177,5.32423,-2.76692,0.268082
177,5.47011,-3.53881,0.333992
177,5.07776,-2.72298,-0.487111
177,5.48105,-3.52596,0.364807
177,5.53101,-3.35042,0.565672
177,5.35622,-2.66296,0.322936
177,5.57305,-3.38034,0.627105
177,5.28119,-2.72465,0.0326521
177,5.2988,-2.65723,0.0721499
177,5.38632,-3.11802,0.112078
177,5.47424,-3.38668,0.132471
177,5.35057,-2.94479,-0.0529885
177,5.18023,-2.28165,-0.282878
177,5.38789,-3.1251,-0.0564343
177,5.80821,-3.44257,1.06562
177,5.45326,-3.30043,0.0457084
177,5.33668,-2.95429,-0.218921
177,5.32825,-2.90044,-0.229046
177,5.04308,-1.33823,-0.412038
177,5.27632,-2.59905,-0.288021
177,5.33197,-3.25317,-0.435547
177,5.49443,-3.32293,0.0162748
177,5.34799,-2.95312,-0.271329
177,5.51351,-1.19497,1.01041
177,5.35567,-2.9749,-0.321628
177,5.3194,-2.59413,-0.294917
177,5.29674,0.0154679,0.839656
177,5.54424,-3.33491,0.0144264
177,5.55597,-3.33297,0.0160965
177,5.80294,-3.41706,0.727678
177,5.48605,-1.16324,0.751696
177,5.50717,-0.965995,0.871804
177,5.51126,-0.959283,0.871913
177,5.54641,-1.18653,0.847136
177,5.46807,-1.04405,0.591737
177,5.40757,-1.00107,0.413325
177,5.47344,-1.0452,0.592131
177,5.65553,-3.4187,0.0429452
177,5.65558,-3.44885,0.0214956
177,5.38559,-2.89755,-0.551441
177,5.56024,-0.93777,0.882605
177,5.44376,-1.10839,0.444248
177,5.4038,-2.59859,-0.368546
177,5.4065,-2.55695,-0.341595
177,5.63186,-3.37736,-0.0430191
177,5.64974,-3.39374,-0.00101727
177,5.49294,-1.03375,0.591642
177,5.67246,-3.45695,0.0150015
177,5.43666,-0.994139,0.420876
177,5.56449,-1.13212,0.745343
177,5.5063,-1.02345,0.593132
177,5.593,-0.917289,0.900451
177,5.39941,-2.25819,-0.342308
177,5.42856,0.123955,0.832653
177,5.40823,-2.25329,-0.342951
177,5.45087,-2.55186,-0.355794
177,5.46929,-0.986515,0.417067
177,5.43662,-2.46207,-0.37642
177,5.44475,-1.59493,-0.00710809
177,5.62818,-1.10502,0.743861
177,5.45673,-1.28643,0.123571
177,5.47952,-2.48596,-0.386401
177,5.41352,0.656942,0.852133
177,5.4923,-1.59273,0.0464444
177,5.51244,-1.7527,-0.0188595
177,5.54414,-1.93764,-0.0127825
177,5.49997,-1.60147,-0.0157454
177,5.49999,-1.59796,-0.0176821
177,5.57877,-2.01752,0.0207885
177,5.54386,-1.92295,-0.100102
177,5.55696,-1.71769,0.0330241
177,5.64156,-1.91433,0.194521
177,5.60608,-1.92468,0.0593212
177,5.61527,-2.07315,0.0183713
177,5.60782,-1.92454,0.0538899
177,5.36804,-1.69546,-0.581767
177,5.61767,-1.96507,0.0496241
177,5.57862,-1.7817,0.0153395
177,5.6239,-2.05461,0.0159007
177,5.59337,-1.60872,0.125784
177,5.59291,-1.6089,0.115546
177,5.57589,-1.78312,-0.0275416
177,5.83492,-1.07603,1.08844
177,5.62731,-1.98568,0.0181887
177,5.57354,-1.57267,0.042989
177,5.65263,-0.9656,0.564094
177,5.63,-1.92078,0.0514583
177,5.59544,-1.84025,-0.0230967
177,5.67585,-1.89786,0.193304
177,5.58142,-1.57373,0.0358998
177,5.63931,-1.97075,0.0279776
177,5.33087,-1.31923,-0.615602
177,5.59538,-1.176,0.233426
177,5.75957,-1.11233,0.748234
177,5.68212,-1.77439,0.19136
177,5.35486,-1.31725,-0.6324
177,5.69646,-0.952679,0.552311
177,5.38355,0.618667,0.254407
177,5.63463,-1.93889,-0.209383
177,5.68303,-1.76454,-0.132957
177,5.66707,-0.12666,0.329125
177,5.6587,0.871935,0.203918
177,5.95161,0.0511551,0.527371
177,5.71639,0.924525,0.18584
177,5.46652,-3.35156,0.591673
176,5.46652,-3.35156,0.591673
177,5.21186,-3.3001,0.731214
176,5.21186,-3.3001,0.731214
177,3.20972,-3.0219,-0.524933
176,3.20972,-3.0219,-0.524933
177,3.0733,-3.30334,-0.0225064
176,3.0733,-3.30334,-0.0225064
177,3.23777,-3.13241,0.0169298
176,3.23777,-3.13241,0.0169298
177,5.26695,-1.98038,0.334531
176,5.26695,-1.98038,0.334531
177,5.48191,-1.97065,0.0630638
176,5.48191,-1.97065,0.0630638
177,5.66695,-1.89417,0.313058
176,5.66695,-1.89417,0.313058
177,3.61524,-1.70055,-0.672173
176,3.61524,-1.70055,-0.672173
177,5.4761,-1.85373,-0.00504856
172,5.4761,-1.85373,-0.00504856
177,5.43722,-1.28819,0.0790748
172,5.43722,-1.28819,0.0790748
177,3.27782,-3.03467,-0.0513094
172,3.27782,-3.03467,-0.0513094
177,5.81677,-3.45193,1.09703
172,5.81677,-3.45193,1.09703
177,5.21615,-2.79171,0.342853
172,5.21615,-2.79171,0.342853
177,5.08313,-3.38469,-0.274818
172,5.08313,-3.38469,-0.274818
177,3.4772,-1.37803,-0.508914
172,3.4772,-1.37803,-0.508914
177,3.23471,-2.04643,-0.618554
172,3.23471,-2.04643,-0.618554
177,3.74039,-3.16533,0.315031
172,3.74039,-3.16533,0.315031
177,5.46986,-3.31232,0.496227
172,5.46986,-3.31232,0.496227
177,3.88083,-1.58075,-0.545325
173,3.88083,-1.58075,-0.545325
177,5.02776,-1.28661,-0.515556
173,5.02776,-1.28661,-0.515556
177,3.73778,-3.16886,0.21633
173,3.73778,-3.16886,0.21633
177,3.66074,-3.14913,0.276992
173,3.66074,-3.14913,0.276992
177,4.90484,-2.67236,-0.564715
173,4.90484,-2.67236,-0.564715
177,5.43993,-1.89293,0.0891368
171,5.43993,-1.89293,0.0891368
177,3.48088,-1.4336,0.443808
171,3.48088,-1.4336,0.443808
177,5.44,0.754866,0.00521763
171,5.44,0.754866,0.00521763
177,3.71115,-1.49372,0.0853518
171,3.71115,-1.49372,0.0853518
177,5.53207,-1.32603,0.371404
171,5.53207,-1.32603,0.371404
177,3.51977,-1.71012,0.00245858
175,3.51977,-1.71012,0.00245858
177,3.50366,-1.6433,0.0111862
175,3.50366,-1.6433,0.0111862
177,3.08697,-1.80645,-0.634199
175,3.08697,-1.80645,-0.634199
177,3.80314,-1.73873,0.0422109
175,3.80314,-1.73873,0.0422109
177,3.31991,-3.14156,0.0109606
175,3.31991,-3.14156,0.0109606
177,5.52254,-1.76834,-0.00805912
170,5.52254,-1.76834,-0.00805912
177,5.38577,-0.389819,0.399847
69,5.38577,-0.389819,0.399847
177,5.39094,-0.354032,0.576574
70,5.39094,-0.354032,0.576574
177,5.48444,-1.18663,0.997362
70,5.48444,-1.18663,0.997362
178,3.11538,-3.13854,-0.446198
178,3.11317,-3.13492,-0.45631
178,3.27247,-2.67584,0.183634
178,3.43787,-3.21217,0.346213
178,3.3718,-3.25947,0.0358521
178,3.34409,-3.05357,-0.0344163
178,3.35719,-3.04477,-0.0600176
178,3.37019,-3.07315,-0.0408421
178,3.45323,-3.26406,0.0334938
178,3.50055,-3.23606,0.0412765
178,3.54634,-3.09816,0.232375
178,3.5627,-3.10287,0.183471
178,3.54524,-3.18508,0.060537
178,3.54762,-3.19091,0.0522425
178,3.49546,-1.54385,0.866238
178,3.57509,-3.11867,0.170802
178,3.55944,-3.18803,0.0599086
178,3.51681,-1.53025,0.901547
178,3.58767,-1.60138,1.08405
178,3.56869,-3.19433,0.0588191
178,3.55843,-1.58742,0.941026
178,3.6031,-3.22798,0.0888193
178,3.56425,-1.58478,0.941105
178,3.35906,-3.06232,-0.63856
178,3.61566,-1.58859,1.08724
178,3.564,-1.51488,0.959064
178,3.61246,-3.23393,0.0771227
178,3.53365,-1.54902,0.805718
178,3.58655,-1.51682,0.971725
178,3.55763,-1.51465,0.872144
178,3.64145,-3.24856,0.0709215
178,3.75596,-3.18931,0.365853
178,3.59767,-1.53427,0.823731
178,3.65652,-1.59438,0.975587
178,3.65791,-1.59739,0.973366
178,3.66925,-1.59009,0.977772
178,3.60002,-1.53407,0.776845
178,3.42422,-1.26814,0.341488
178,3.42595,-1.26862,0.342162
178,3.60444,-1.54836,0.736399
178,3.63857,-1.5035,0.838367
178,3.62734,-1.51208,0.794058
178,3.47443,-1.39256,0.354093
178,3.63088,-1.59589,0.70859
178,3.63105,-1.59649,0.707677
178,3.73742,-1.6487,1.02369
178,3.66143,-1.49665,0.84355
178,3.48589,-1.37299,0.333999
178,3.64052,-1.58946,0.70029
178,3.64263,-1.58977,0.702959
178,3.75466,-1.64211,1.02998
178,3.77204,-1.57117,1.10839
178,3.38708,-1.11641,0.101328
178,3.65908,-1.57809,0.703753
178,3.77659,-1.63558,1.03887
178,3.67857,-1.50532,0.785152
178,3.53966,-1.44813,0.321122
178,3.52467,-1.35843,0.317819
178,3.42151,-1.07926,0.08986
178,3.43218,-1.09534,0.0883067
178,3.82649,-1.61943,1.05373
178,3.84186,-1.56306,1.13084
178,3.30683,-1.12706,-0.401321
178,3.53464,-1.19675,0.285097
178,3.43564,-2.14643,-0.625848
178,3.78835,-1.58831,0.750924
178,3.82784,-1.56183,0.857569
178,3.83164,-1.56638,0.850041
178,3.59131,-1.15917,0.289054
178,3.58088,-1.45416,0.0617509
178,3.59157,-1.60005,0.00408942
178,3.62819,-1.60051,0.123545
178,3.59458,-1.56479,0.028389
178,3.60134,-1.57003,0.0272261
178,3.59845,-1.5899,0.00427437
178,3.54241,-2.23567,-0.572046
178,3.6045,-1.56839,0.0290537
178,3.38608,-1.1392,-0.448597
178,3.64352,-1.59613,0.131243
178,3.60123,-1.59058,-0.0102168
178,3.64147,-1.59445,0.120533
178,3.83254,-1.58289,0.750378
178,3.90428,-1.58541,0.975818
178,3.56314,-1.3326,-0.0119525
178,3.64919,-1.55428,0.12126
178,3.61872,-1.45412,0.0565509
178,3.8517,-1.58415,0.699667
178,3.85608,-1.58384,0.69791
178,3.87381,-1.57482,0.731368
178,3.54601,-1.96565,-0.59599
178,3.54956,-1.97021,-0.59973
178,3.95893,-1.57259,0.960413
178,3.48039,-1.42157,-0.581436
178,3.48141,-1.28761,-0.507847
178,3.56952,-1.39479,-0.286333
178,3.4829,-1.28915,-0.511247
178,3.4875,-1.41523,-0.588811
178,3.59307,-1.99729,-0.59364
178,3.97354,-1.56763,0.9074
178,3.49764,-1.28973,-0.519856
178,3.54252,-1.73526,-0.652745
178,3.48066,-1.15464,-0.518645
178,3.98433,-1.56263,0.907699
178,3.98559,-1.56375,0.907391
178,3.57545,-1.40009,-0.3606
178,3.48487,-1.14812,-0.515757
178,3.85949,-1.55331,0.430695
178,3.76763,-1.56601,0.0927101
178,3.63016,-1.59977,-0.435286
178,3.51248,-1.32814,-0.678623
178,3.60078,-1.59127,-0.544165
178,4.04684,-1.55938,0.94093
178,4.05868,-1.55674,0.980693
178,3.60683,-1.58717,-0.544017
178,3.59572,-1.51272,-0.586753
178,3.93084,-1.58771,0.459938
178,3.60096,-1.51748,-0.601844
178,3.60427,-1.51999,-0.599386
178,3.93183,-1.57821,0.45362
178,3.6079,-1.51998,-0.604721
178,3.60522,-1.49701,-0.603748
178,3.61017,-1.49191,-0.610566
178,3.67854,-1.51533,-0.454232
178,3.67617,-1.82457,-0.675733
178,3.46176,-0.427419,-0.555041
178,3.84539,-1.55338,0.0409455
178,3.66246,-1.60872,-0.608238
178,3.86164,-1.58943,0.0645661
178,3.92296,-1.33755,0.388949
178,3.94506,-1.33498,0.379163
178,3.73229,-1.47802,-0.488286
178,3.98264,-1.17012,0.375293
178,4.0579,-1.13099,0.361115
178,3.88001,-1.5901,-0.540512
178,3.98545,-1.74379,-0.620691
178,4.1623,-0.439881,-0.028324
178,4.4532,-1.18707,0.39496
178,4.29056,-0.325748,-0.0906512
178,5.25236,-3.90325,0.353454
178,5.25072,-3.02552,0.677022
178,5.29444,-3.07196,0.707471
178,5.23629,-2.99587,0.501683
178,5.24069,-3.0118,0.477057
178,5.05479,-2.40262,0.181808
178,5.43216,-4.1201,0.345903
178,5.34215,-2.95776,0.713853
178,5.29449,-2.98186,0.503302
178,5.28936,-2.62677,0.689599
178,5.29395,-2.98921,0.487062
178,5.27675,-2.99121,0.428382
178,5.28323,-3.0416,0.412055
178,5.02739,-3.23633,-0.565863
178,5.29577,-2.97421,0.465408
178,5.2917,-2.62231,0.652196
178,5.2919,-2.98818,0.423837
178,5.27659,-3.10028,0.299087
178,5.29779,-3.02347,0.405077
178,5.34071,-3.04394,0.414584
178,4.74192,-1.32374,-0.572344
178,4.7466,-1.34475,-0.576479
178,5.5373,-4.15058,0.328432
178,5.06846,-1.33548,0.428872
178,5.03129,-2.71413,-0.576176
178,5.14557,-3.28772,-0.583923
178,5.08753,-2.72859,-0.478493
178,5.06464,-2.66323,-0.535111
178,5.49924,-3.56075,0.342052
178,5.33654,-2.79188,0.259827
178,5.24097,0.0495586,1.58678
178,5.31983,-2.71515,0.183884
178,4.82873,-1.2999,-0.601829
178,5.75707,-3.44337,1.14722
178,5.54428,-3.5802,0.339603
178,5.27268,0.0906756,1.63224
178,5.32113,-2.65815,0.136785
178,5.35925,-0.502928,1.5101
178,5.37177,-3.02296,0.0352588
178,5.36322,-0.499146,1.50519
178,5.42338,-3.12188,0.113949
178,5.45895,-1.16548,1.39788
178,5.35376,-3.46785,-0.345439
178,5.35416,-2.6648,0.123343
178,5.36319,-3.44683,-0.320381
178,5.26397,-3.26474,-0.570058
178,5.37872,-3.45448,-0.32193
178,5.4022,-3.13135,-0.051486
178,5.42151,-3.48954,-0.307074
178,5.06347,-0.144169,0.485714
178,5.44819,-3.50834,-0.319573
178,5.28792,-1.21761,0.520316
178,5.27849,-2.48917,-0.29835
178,5.32457,-2.66215,-0.251374
178,5.40293,-3.1366,-0.288513
178,5.30686,-1.21693,0.526086
178,5.38258,-3.26374,-0.458996
178,5.19444,-0.0616753,0.832715
178,5.0762,-1.28185,-0.294768
178,5.31154,-2.60809,-0.331589
178,5.35425,-3.27931,-0.596625
178,5.65963,-3.3684,0.336703
178,5.39986,-3.26409,-0.464431
178,5.20294,-2.1028,-0.451972
178,5.59786,-3.44469,0.0369081
178,5.60404,-3.4431,0.0343949
178,5.33984,-1.14354,0.466877
178,5.38566,-2.98446,-0.531403
178,5.72371,-3.39602,0.341048
178,5.18484,-0.179105,0.378379
178,5.45125,-1.77195,0.227278
178,5.29281,-0.491674,0.437258
178,5.32634,0.0428059,0.837165
178,5.22633,-1.23052,-0.298583
178,5.41047,-1.74391,-0.079258
178,5.54595,-1.15069,0.661288
178,5.50924,-1.84054,0.0905622
178,5.44203,-0.648404,0.575203
178,5.49124,-1.72461,0.0633091
178,5.4012,-2.19387,-0.537045
178,5.5868,-1.13431,0.65317
178,5.54458,-1.88158,0.0480233
178,5.47414,-0.448798,0.660738
178,5.57705,-1.96609,0.0720648
178,5.55513,-1.8304,0.0802358
178,5.33003,-1.62649,-0.552719
178,5.30699,-1.55508,-0.594332
178,5.34992,-1.67898,-0.568447
178,5.335,-1.63366,-0.594387
178,5.57369,-1.84946,0.0658265
178,5.60968,-2.07572,0.0293588
178,5.59849,-1.92743,0.0682225
178,5.52995,-1.79876,-0.092438
178,5.29211,-1.24229,-0.57345
178,5.59978,-2.1285,-0.0971407
178,5.58427,-2.04089,-0.101188
178,5.3689,-1.63201,-0.574159
178,5.30214,-1.32108,-0.613141
178,5.52645,-0.413666,0.668722
178,5.36833,-1.606,-0.579965
178,5.61168,-2.00127,-0.0136704
178,5.60188,-1.21374,0.371213
178,5.6118,-1.20803,0.365594
178,5.57973,-1.91301,-0.17979
178,5.68709,-1.83284,0.196455
178,5.63468,-1.1953,0.366533
178,5.63404,-2.02691,-0.187425
178,5.47408,-1.63065,-0.487968
178,5.61542,-1.17933,0.23828
178,5.48131,0.690702,0.841791
178,5.6643,-1.93966,-0.207777
178,5.74612,-1.16735,0.343453
178,5.72034,-1.17727,0.235243
178,5.82199,-2.07994,-0.0519555
178,5.89455,-2.06168,0.187024
178,5.92815,-2.05123,0.181387
178,5.53057,0.724093,0.237617
178,6.03012,-1.86,0.154147
178,5.92127,-1.11642,0.234576
178,5.51889,0.712729,-0.0312946
178,6.17242,-2.0274,0.15537
178,6.03335,-3.49773,-1.23054
178,5.86785,1.64009,-0.549415
178,6.15025,1.24933,0.139044
178,7.24945,3.0176,-1.01894
178,5.49553,-1.27265,0.0755957
177,5.49553,-1.27265,0.0755957
178,4.82838,-2.09678,0.307852
177,4.82838,-2.09678,0.307852
178,5.37264,-2.4695,-0.351496
177,5.37264,-2.4695,-0.351496
178,5.55775,-1.78994,-0.0141096
177,5.55775,-1.78994,-0.0141096
178,3.64151,-1.57144,-0.0310306
177,3.64151,-1.57144,-0.0310306
178,4.94373,-2.07865,0.293036
177,4.94373,-2.07865,0.293036
178,5.64701,-1.8332,-0.0251424
177,5.64701,-1.8332,-0.0251424
178,5.42571,-1.75008,0.0661061
177,5.42571,-1.75008,0.0661061
178,5.83292,-1.99981,-0.231018
177,5.83292,-1.99981,-0.231018
178,4.07957,-1.47394,0.322792
172,4.07957,-1.47394,0.322792
178,5.29782,-3.11724,0.719074
172,5.29782,-3.11724,0.719074
178,3.48336,-1.79627,-0.583932
172,3.48336,-1.79627,-0.583932
178,5.30963,-3.33125,0.729112
172,5.30963,-3.33125,0.729112
178,5.38983,-3.30588,0.7453
172,5.38983,-3.30588,0.7453
178,5.28059,-2.92966,0.696758
172,5.28059,-2.92966,0.696758
178,3.44471,-1.28022,-0.449605
172,3.44471,-1.28022,-0.449605
178,5.30347,-2.97027,0.672569
176,5.30347,-2.97027,0.672569
178,3.65148,-1.56396,-0.561435
176,3.65148,-1.56396,-0.561435
178,3.43398,-1.33855,-0.00355734
173,3.43398,-1.33855,-0.00355734
178,4.55564,-1.28414,-0.538421
173,4.55564,-1.28414,-0.538421
178,3.43515,-1.33741,-0.00386182
173,3.43515,-1.33741,-0.00386182
178,5.17868,-3.33541,-0.502359
173,5.17868,-3.33541,-0.502359
178,3.56323,-3.09974,0.223195
173,3.56323,-3.09974,0.223195
178,3.53363,-2.83738,-0.512708
174,3.53363,-2.83738,-0.512708
178,3.3796,-3.07533,-0.470679
174,3.3796,-3.07533,-0.470679
178,3.34216,-3.05861,-0.480185
175,3.34216,-3.05861,-0.480185
178,3.32998,-3.05062,-0.475404
175,3.32998,-3.05062,-0.475404
178,5.7441,-2.42841,-0.458887
170,5.7441,-2.42841,-0.458887
178,3.73059,-1.60287,-0.01211
170,3.73059,-1.60287,-0.01211
178,3.5508,-1.13757,-0.572147
170,3.5508,-1.13757,-0.572147
178,5.40386,-2.61592,0.632792
170,5.40386,-2.61592,0.632792
178,3.44863,-1.42001,0.15848
170,3.44863,-1.42001,0.15848
178,3.51615,-1.03573,0.0513424
170,3.51615,-1.03573,0.0513424
178,5.37843,-2.60987,0.633905
170,5.37843,-2.60987,0.633905
178,4.98807,0.312373,0.486192
170,4.98807,0.312373,0.486192
178,5.36565,-0.44657,1.2654
70,5.36565,-0.44657,1.2654
178,5.06034,-3.41021,-0.592961
69,5.06034,-3.41021,-0.592961
178,4.92341,-3.31986,-0.502131
69,4.92341,-3.31986,-0.502131
179,2.4863,-2.22376,-0.0562897
179,2.83635,-3.15581,-0.309012
179,2.92249,-3.14588,-0.169438
179,2.89632,-3.15091,-0.307444
179,2.98927,-3.14334,-0.174836
179,2.99247,-3.13844,-0.166707
179,2.92465,-3.14299,-0.313979
179,2.92802,-3.14196,-0.310521
179,3.00234,-3.14076,-0.166475
179,3.00016,-3.14426,-0.173743
179,3.00745,-3.15259,-0.176947
179,3.07811,-3.14106,-0.0388736
179,2.95714,-3.12281,-0.295891
179,2.95962,-3.12588,-0.299457
179,2.8475,-2.65573,-0.427262
179,2.97881,-3.14296,-0.301912
179,3.28427,-3.3309,-0.0114149
179,3.44027,-3.21879,0.343794
179,3.29139,-3.32874,-0.0133425
179,3.29942,-3.27745,-0.0294256
179,2.93328,-2.07024,-0.574589
179,3.12748,-3.15091,-0.470341
179,3.39746,-3.26217,0.0749377
179,3.54915,-3.26798,0.383538
179,3.38558,-3.27713,0.0273612
179,3.56171,-3.41835,0.343787
179,3.12316,-3.1282,-0.562744
179,3.13831,-3.12385,-0.574088
179,3.15997,-3.157,-0.569483
179,2.98767,-1.67199,-0.54601
179,3.4707,-3.01262,0.0757958
179,3.4365,-3.01822,-0.01361
179,2.96411,-1.75431,-0.687869
179,3.29881,-3.05424,-0.337087
179,3.28989,-1.20364,0.125936
179,3.30924,-3.05889,-0.363608
179,3.50984,-3.02512,0.0628928
179,3.29933,-3.0514,-0.403565
179,3.6266,-3.14363,0.25614
179,3.2264,-3.12043,-0.60111
179,3.51755,-3.017,0.051594
179,3.63149,-3.13619,0.257088
179,3.52022,-3.02174,0.0497805
179,3.52646,-3.01358,0.0445102
179,3.533,-3.01447,0.0434873
179,3.46002,-1.39377,0.336416
179,3.3095,-3.05318,-0.449851
179,3.60769,-3.13705,0.16161
179,3.46619,-1.38518,0.338006
179,3.03108,-1.30658,-0.577793
179,3.54139,-3.02228,0.0369039
179,3.05684,-1.63025,-0.619854
179,3.40662,-1.3696,0.184991
179,3.70539,-3.13413,0.331087
179,3.56982,-1.59075,0.454636
179,3.54485,-3.00243,0.00400698
179,3.60456,-3.16547,0.0811402
179,3.56985,-1.58639,0.424839
179,3.70352,-3.09697,0.279773
179,3.51001,-1.35666,0.318865
179,3.20444,-2.05986,-0.590823
179,3.20851,-2.05922,-0.590727
179,3.61296,-3.04802,0.000832617
179,3.21117,-2.06095,-0.594647
179,3.17139,-2.53816,-0.815001
179,3.55906,-1.43783,0.317292
179,3.22614,-1.19496,-0.351146
179,3.58303,-1.42547,0.309045
179,3.35699,-3.07216,-0.656799
179,3.24759,-2.04038,-0.62045
179,3.36457,-3.07506,-0.66007
179,3.59548,-1.4199,0.280336
179,3.19732,-1.31499,-0.556557
179,3.60549,-1.155,0.341255
179,3.68828,-1.44713,0.427058
179,3.52281,-1.48088,0.0615168
179,3.42314,-1.33487,-0.128261
179,3.22496,-1.29164,-0.572984
179,3.60577,-1.61343,0.146452
179,3.57273,-1.57903,0.082568
179,3.60076,-1.7644,0.0850235
179,3.31009,-1.98952,-0.673424
179,3.25885,-1.25939,-0.611976
179,3.61572,-1.44891,0.0575044
179,3.63988,-1.58703,0.0590111
179,3.64075,-1.706,0.0178244
179,3.78596,-1.40066,0.409682
179,3.6467,-1.54107,0.0630971
179,3.65623,-1.57949,0.057006
179,3.82853,-1.57084,0.425572
179,3.41808,-2.15267,-0.619643
179,3.68636,-1.53099,0.111766
179,3.69865,-1.58496,0.11647
179,3.69106,-1.51896,0.109075
179,3.32325,-1.18484,-0.668994
179,3.32451,-1.18571,-0.668365
179,3.44686,-1.43366,-0.56257
179,3.65505,-2.99536,-0.613123
179,3.6614,-2.99391,-0.61485
179,3.48944,-1.35157,-0.572858
179,3.38983,-1.13983,-0.728695
179,3.49153,-1.42141,-0.589923
179,3.49461,-1.41527,-0.589431
179,3.55538,-1.85129,-0.606748
179,3.51582,-1.34551,-0.554765
179,3.51856,-1.33816,-0.550871
179,3.85013,-1.54364,0.0997339
179,3.81864,-1.58151,0.020215
179,3.85115,-1.5946,0.0144535
179,3.61045,-1.99387,-0.616052
179,3.53732,-1.39836,-0.60962
179,3.56444,-1.74148,-0.64713
179,3.86397,-1.59448,0.0168191
179,3.5996,-1.75601,-0.657603
179,3.67172,-1.82583,-0.677606
179,3.74596,-1.298,-0.443403
179,3.82393,-1.56406,-0.511139
179,3.78726,-1.26259,-0.592249
179,3.88033,-1.58688,-0.547193
179,3.8127,-1.24843,-0.613372
179,3.901,-1.58531,-0.553104
179,3.62861,-1.56352,-1.17049
179,3.97446,-1.73476,-0.609513
179,4.70789,-0.492108,0.433149
179,5.28763,-3.93101,0.349758
179,5.26394,-3.12322,0.439888
179,5.2356,-2.60832,0.441637
179,5.2918,-3.0035,0.44129
179,5.48163,-3.56691,0.674562
179,4.88382,-0.285277,0.299186
179,5.25833,-2.6117,0.442161
179,5.30018,-3.02739,0.413759
179,4.98434,-0.209854,0.484672
179,5.33505,-2.75275,0.52246
179,5.2898,-3.11098,0.285544
179,5.29119,-3.11873,0.278382
179,5.36903,-2.76062,0.518281
179,5.08296,-0.609514,0.46752
179,5.28476,-2.79704,0.258728
179,5.16655,-0.601994,0.584114
179,5.34829,-2.49206,0.404585
179,5.25291,-1.24097,0.517106
179,5.48545,-3.56586,0.350062
179,5.03195,-0.179382,0.294522
179,5.58336,-3.34381,0.525395
179,5.25624,-1.1701,0.420242
179,5.01172,-2.71684,-0.566738
179,5.43839,-2.50071,0.4019
179,5.32246,-1.21591,0.510123
179,5.59698,-3.36529,0.495868
179,5.05858,-2.7299,-0.493049
179,5.08672,-3.26074,-0.601961
179,4.81029,-1.27706,-0.648581
179,4.82791,-1.2925,-0.659786
179,5.25106,-3.42732,-0.347979
179,5.42853,-3.13702,0.108901
179,4.82734,-1.24209,-0.663118
179,5.59116,-3.35311,0.326861
179,5.4748,-3.32413,0.0686142
179,5.10862,-2.73956,-0.579386
179,5.38436,-3.13473,-0.0989095
179,5.40825,-3.13817,-0.0512165
179,5.66501,-3.37898,0.338173
179,5.51626,-3.334,0.0299363
179,5.29591,-3.23421,-0.416293
179,5.13414,-2.68978,-0.627336
179,5.54308,-3.34202,0.0426475
179,5.24343,-2.64855,-0.44787
179,5.33881,-3.24504,-0.440477
179,5.26511,-2.65863,-0.446372
179,5.34608,-3.25767,-0.442967
179,5.3471,-3.25087,-0.445078
179,5.43029,-1.73253,0.068638
179,5.43116,-1.73402,0.0659081
179,5.35361,-2.51736,-0.321669
179,5.58709,-1.92681,0.306348
179,5.60469,-1.9247,0.304688
179,5.35317,0.039083,0.289709
179,5.62489,-1.91113,0.310537
179,5.4322,-1.73586,-0.0835432
179,5.2365,-1.71825,-0.526245
179,5.6657,-1.91316,0.306472
179,5.66796,-1.90411,0.310343
179,5.49565,-1.26302,0.0614535
179,5.26829,-1.63073,-0.546117
179,5.28646,-1.71532,-0.531752
179,5.55115,-1.2134,0.168511
179,5.51968,-1.58423,-0.0130122
179,5.51948,-1.85235,-0.0930455
179,5.5952,-1.88073,0.0370041
179,5.28263,-1.61944,-0.585619
179,5.53364,-1.72721,-0.0961739
179,5.72176,-1.59134,0.307227
179,5.34336,-1.71729,-0.547839
179,5.28417,-1.23681,-0.580434
179,5.64353,-1.58605,0.0538681
179,5.45687,-2.14745,-0.518329
179,5.38126,-1.69757,-0.560566
179,5.72128,-1.21904,0.299283
179,5.7735,-1.57651,0.298899
179,5.38744,-1.68785,-0.571195
179,5.36004,-1.59519,-0.613242
179,5.85082,-1.10667,0.570175
179,5.74403,-2.12278,0.034587
179,5.4159,-1.64219,-0.54832
179,5.6799,-1.95245,-0.105882
179,5.66387,-1.58045,-0.0571327
179,5.65943,-1.94083,-0.206271
179,5.63134,-1.60255,-0.264355
179,5.8881,-1.09091,0.315682
179,5.95638,-2.09687,-0.0123757
179,6.05347,-1.11522,0.43007
179,6.03911,-2.06917,-0.0103523
179,5.95155,-1.74186,-0.254324
179,5.93593,1.07646,-0.141544
179,6.88981,0.553143,-0.0256332
179,10.378,2.68537,-0.455455
179,5.55266,-2.0646,-0.0932394
177,5.55266,-2.0646,-0.0932394
179,3.08651,-1.80358,-0.638711
177,3.08651,-1.80358,-0.638711
179,5.35758,-2.80552,0.34398
177,5.35758,-2.80552,0.34398
179,3.08651,-1.80358,-0.638708
177,3.08651,-1.80358,-0.638708
179,5.44483,-3.26266,0.733371
177,5.44483,-3.26266,0.733371
179,3.3932,-1.41669,-0.569686
177,3.3932,-1.41669,-0.569686
179,3.07822,-1.50642,-0.654504
177,3.07822,-1.50642,-0.654504
179,5.69973,-1.5401,0.0248984
177,5.69973,-1.5401,0.0248984
179,3.68605,-3.2332,0.373958
177,3.68605,-3.2332,0.373958
179,3.27898,-3.35326,-0.0902275
177,3.27898,-3.35326,-0.0902275
179,3.65759,-1.4106,0.0340909
177,3.65759,-1.4106,0.0340909
179,5.40904,-2.66875,-0.49038
177,5.40904,-2.66875,-0.49038
179,5.25048,-2.66519,-0.440338
177,5.25048,-2.66519,-0.440338
179,5.57385,-1.7954,-0.104
172,5.57385,-1.7954,-0.104
179,5.04402,-3.45164,0.228064
172,5.04402,-3.45164,0.228064
179,5.45394,-3.37045,0.0816849
172,5.45394,-3.37045,0.0816849
179,5.04485,-3.43518,-0.568655
172,5.04485,-3.43518,-0.568655
179,3.58677,-3.07287,0.114907
172,3.58677,-3.07287,0.114907
179,5.12172,-3.39243,-0.579537
172,5.12172,-3.39243,-0.579537
179,5.30579,-2.74476,0.190932
172,5.30579,-2.74476,0.190932
179,3.81873,-1.56125,0.111425
172,3.81873,-1.56125,0.111425
179,5.25876,-2.89799,-0.190833
176,5.25876,-2.89799,-0.190833
179,5.37409,-3.2969,0.511959
176,5.37409,-3.2969,0.511959
179,3.53511,-1.73301,-0.626789
176,3.53511,-1.73301,-0.626789
179,5.35507,-1.64043,-0.395939
175,5.35507,-1.64043,-0.395939
179,3.5672,-2.9399,-0.780463
175,3.5672,-2.9399,-0.780463
179,5.52143,-1.80476,-0.200952
175,5.52143,-1.80476,-0.200952
179,3.16601,-3.37229,-0.592104
175,3.16601,-3.37229,-0.592104
179,3.36707,-1.07915,-0.457043
175,3.36707,-1.07915,-0.457043
179,3.34432,-2.87123,-0.596962
174,3.34432,-2.87123,-0.596962
179,3.66004,-2.99536,-0.622847
174,3.66004,-2.99536,-0.622847
179,3.91111,-1.36028,0.382808
170,3.91111,-1.36028,0.382808
179,4.00157,-1.93914,-0.619471
170,4.00157,-1.93914,-0.619471
179,4.00457,-1.93968,-0.618983
170,4.00457,-1.93968,-0.618983
179,4.98546,-1.31924,-0.27697
169,4.98546,-1.31924,-0.27697
180,2.55635,-2.46971,0.669932
180,2.79686,-3.15229,-0.0704857
180,2.7943,-3.1598,-0.1741
180,2.80726,-3.15484,-0.175108
180,2.88806,-3.1426,-0.065957
180,2.89921,-3.15664,-0.301642
180,3.2813,-3.31147,0.35494
180,3.07606,-3.14521,-0.038202
180,3.08411,-3.14987,-0.0372396
180,2.96908,-3.13361,-0.305697
180,3.37866,-3.29462,0.375844
180,3.23733,-3.33827,0.100264
180,3.2385,-3.33181,0.0897442
180,3.41606,-3.31627,0.370975
180,3.26089,-3.35475,0.0570832
180,3.43538,-3.32695,0.36536
180,3.43666,-3.24969,0.374624
180,3.42952,-3.2237,0.352902
180,3.42875,-3.2163,0.348235
180,3.35555,-3.19699,0.21349
180,3.36373,-3.19454,0.215777
180,3.45335,-3.23045,0.348805
180,3.27351,-3.2102,0.00851941
180,3.48993,-3.26008,0.374518
180,3.25856,-3.3468,-0.0758766
180,3.32274,-3.17663,0.0153764
180,3.25613,-3.30264,-0.134587
180,3.53898,-3.27816,0.387319
180,3.32541,-3.17231,0.00920773
180,3.33143,-3.18134,0.0172704
180,3.33352,-3.1555,0.0240936
180,3.30175,-3.04533,-0.0259924
180,3.35025,-3.30344,0.0175416
180,3.3406,-3.16692,0.0163793
180,3.30981,-3.04924,-0.0297616
180,3.28407,-3.46465,-0.148841
180,3.31577,-3.04805,-0.0334475
180,3.57706,-3.27853,0.384677
180,3.39267,-3.11622,0.0112323
180,3.40734,-3.09475,0.00169444
180,3.63146,-3.25161,0.386325
180,3.46429,-3.10786,0.0977603
180,3.40986,-3.06406,0.00269103
180,3.41142,-3.09596,-0.00354958
180,3.46836,-3.09608,0.0913495
180,3.47122,-3.09768,0.0939457
180,3.64402,-3.24878,0.382147
180,3.65218,-3.24441,0.382063
180,3.53328,-1.59273,0.434579
180,3.1812,-2.5492,-0.418032
180,3.15503,-3.16571,-0.573203
180,3.15551,-3.17181,-0.574128
180,3.04906,-1.94706,-0.580886
180,3.59082,-3.12395,0.214027
180,3.04973,-1.93209,-0.614348
180,3.68284,-3.12703,0.332343
180,3.68472,-3.1262,0.332555
180,3.06192,-1.92522,-0.623756
180,3.68849,-3.12825,0.332574
180,3.72221,-3.17949,0.373566
180,3.56783,-3.21805,0.0495479
180,3.73528,-3.19007,0.362879
180,3.52606,-3.0134,-0.00331312
180,3.72381,-3.17683,0.333941
180,3.72244,-3.17527,0.331566
180,3.52879,-3.01455,-0.00212097
180,3.54236,-3.00879,0.00726074
180,3.72879,-3.17187,0.321335
180,3.54461,-3.01152,0.00718689
180,3.28848,-3.04782,-0.473121
180,3.29669,-3.04752,-0.478662
180,3.49299,-1.50089,0.08707
180,3.51555,-1.48754,0.083232
180,3.39814,-1.34388,-0.11134
180,3.56016,-1.58326,0.0444958
180,3.18864,-2.21553,-0.754121
180,3.62485,-1.59989,0.151281
180,3.58291,-1.72783,0.0385458
180,3.63927,-1.54766,0.136679
180,3.61292,-1.52592,0.0874185
180,3.27647,-2.00302,-0.630047
180,3.8395,-1.61742,0.462599
180,3.83501,-1.5594,0.43994
180,3.63231,-1.58531,0.0595762
180,3.83456,-1.56536,0.430889
180,3.63036,-1.58878,0.0449913
180,3.63663,-1.58465,0.051922
180,3.28756,-1.98909,-0.66178
180,3.86339,-1.60173,0.455153
180,3.85033,-1.51972,0.434797
180,3.70214,-1.57214,0.117866
180,3.69641,-1.72915,0.0654151
180,3.70944,-1.73296,0.0639783
180,3.66667,-2.99086,-0.230786
180,3.39854,-2.1562,-0.60159
180,3.41022,-2.15213,-0.622245
180,3.41841,-1.17892,-0.45082
180,3.59761,-2.38911,-0.353395
180,3.74923,-1.69687,0.0407661
180,3.76921,-1.546,0.0972539
180,3.71859,-1.64215,-0.041504
180,3.44292,-2.11523,-0.632671
180,3.44197,-1.44822,-0.543781
180,3.46334,-1.98752,-0.613373
180,3.64722,-2.38576,-0.38645
180,3.82283,-1.56581,0.0560218
180,3.49089,-2.02385,-0.638907
180,3.84681,-1.55906,0.0892888
180,3.60573,-1.60631,-0.376743
180,3.66954,-2.70794,-0.454827
180,3.61935,-2.98512,-0.59495
180,3.8475,-1.60192,0.0590202
180,3.84689,-1.59407,0.0271364
180,3.54622,-1.97585,-0.598702
180,3.57864,-2.24697,-0.620214
180,3.59613,-2.22067,-0.597215
180,3.6491,-1.53735,-0.409988
180,3.67607,-3.00763,-0.62138
180,3.67952,-3.00674,-0.623143
180,3.84948,-1.55417,-0.0690377
180,3.73918,-2.71997,-0.504446
180,3.75155,-2.71919,-0.49849
180,3.62996,-2.20583,-0.65331
180,4.31838,-2.48944,0.515263
180,3.60067,-1.72155,-0.684525
180,3.65993,-2.00208,-0.639662
180,3.6685,-1.80972,-0.674313
180,4.2118,-1.0096,0.342605
180,3.85505,-1.57602,-0.551122
180,4.29883,-0.958875,0.323613
180,4.35315,-0.906719,0.32468
180,3.9665,-1.74918,-0.634176
180,3.98673,-1.7394,-0.645866
180,3.99724,-1.71223,-0.631414
180,4.69254,-2.31141,0.186754
180,4.76938,-0.479168,0.437915
180,4.87904,-2.45937,0.0953252
180,5.00796,-1.36391,0.432989
180,4.79212,-2.43157,-0.152621
180,5.2831,-2.64359,0.678737
180,4.54485,-1.3441,-0.541254
180,5.26791,-3.11277,0.436782
180,5.27942,-3.06979,0.411366
180,5.31105,-3.12323,0.434451
180,5.29246,-3.07425,0.405233
180,5.21107,-1.258,0.538067
180,5.42915,-3.53716,0.510407
180,5.28803,-3.05627,0.289827
180,5.3072,-3.05806,0.282768
180,5.4323,-3.54776,0.359593
180,5.48443,-3.32147,0.481363
180,5.38586,-3.1187,0.273827
180,5.58937,-3.36976,0.590317
180,5.36672,-3.135,0.142712
180,5.52541,-3.57374,0.339626
180,5.32669,-2.94292,0.0740609
180,5.57736,-4.18554,0.326358
180,5.34085,-3.01905,0.0605041
180,5.28604,-2.75279,-0.0224684
180,5.11997,-1.28108,-0.0954001
180,5.42397,-3.12495,0.118243
180,5.62989,-3.36747,0.451492
180,5.3622,-3.12875,-0.0336342
180,5.4259,-1.19244,0.389819
180,5.23172,-3.42524,-0.344717
180,5.65131,-3.36744,0.433687
180,5.04879,-2.72475,-0.580069
180,5.17154,-1.25967,-0.113369
180,5.25778,-3.43564,-0.324302
180,5.4445,-0.954935,0.408986
180,5.46264,-0.987926,0.430896
180,5.25537,-1.30134,-0.0153822
180,5.69676,-3.42521,0.415843
180,5.63921,-3.37924,0.311611
180,5.32322,-3.05418,-0.244658
180,5.3815,-1.7513,0.081297
180,5.67215,-3.37917,0.334595
180,5.51928,-3.3378,0.055638
180,5.35215,0.0509005,0.300131
180,5.16319,-2.20134,-0.429411
180,5.34404,-3.05859,-0.246123
180,5.26288,-2.2638,-0.280985
180,4.92631,-1.24572,-0.736359
180,5.08209,-1.30917,-0.490999
180,5.29737,-3.23624,-0.417983
180,5.70886,-3.39402,0.316116
180,5.37164,-3.05963,-0.252475
180,5.236,-2.65185,-0.438986
180,5.57956,-3.33786,0.052299
180,5.55176,-1.98198,0.223567
180,5.32051,-3.25323,-0.438702
180,5.58189,-3.35683,0.0220749
180,5.58118,-3.34652,0.0196631
180,5.16476,-1.29368,-0.431971
180,5.28464,-2.66859,-0.443611
180,5.28373,-2.65366,-0.446599
180,5.62573,-3.45675,0.0279248
180,5.60172,-3.38942,-0.029935
180,5.43736,-3.51956,-0.365567
180,5.16369,-1.27851,-0.525842
180,5.56088,-1.62467,0.137754
180,5.53288,-1.71386,0.0640525
180,5.62195,-1.74689,0.204793
180,5.37835,-3.38554,-0.523465
180,5.68151,-1.59792,0.316699
180,5.55342,-1.95265,-0.0036965
180,5.25501,-1.26422,-0.45973
180,5.32399,-2.22058,-0.492993
180,5.58585,-1.20741,0.152717
180,5.41088,-3.39966,-0.540075
180,5.59918,-2.06863,0.0284521
180,5.26347,-1.64282,-0.53177
180,5.60684,-2.03787,0.0333429
180,5.61683,-2.02093,0.0307931
180,5.62776,-1.92466,0.0628884
180,5.63194,-1.94947,0.0329306
180,5.64789,-2.11118,0.00252485
180,5.63898,-2.09339,-0.0149401
180,5.40409,-2.25671,-0.478074
180,5.40381,-2.26855,-0.489242
180,5.55931,-2.02985,-0.165542
180,5.68594,-2.13189,0.0453616
180,5.56592,-2.045,-0.166461
180,5.56807,-2.03877,-0.176147
180,5.89372,-1.07611,0.561317
180,5.35963,-1.2672,-0.495333
180,5.42826,-2.2131,-0.539777
180,5.72417,-1.91959,0.0469577
180,5.72252,-1.90579,0.0386644
180,5.3731,-1.59269,-0.599991
180,5.5186,-2.13553,-0.526883
180,5.81616,-2.10646,0.0160663
180,5.9507,-1.12149,0.325535
180,5.67506,-1.59183,-0.277074
180,5.7454,-1.92471,-0.229161
180,5.86979,-1.74715,-0.289028
180,5.91772,-1.74006,-0.301484
180,6.75375,-1.99693,-0.158152
180,6.71545,-1.33818,-0.164471
180,4.52966,-3.24941,-0.559567
179,4.52966,-3.24941,-0.559567
180,3.39979,-3.09638,-0.518631
179,3.39979,-3.09638,-0.518631
180,2.98201,-2.10998,-0.592247
179,2.98201,-2.10998,-0.592247
180,3.54623,-1.405,-0.392447
179,3.54623,-1.405,-0.392447
180,3.45554,-3.12002,-0.559229
179,3.45554,-3.12002,-0.559229
180,3.44616,-3.20619,-0.037371
179,3.44616,-3.20619,-0.037371
180,3.50828,-1.99018,-0.641755
179,3.50828,-1.99018,-0.641755
180,5.18339,-3.14563,-0.534136
179,5.18339,-3.14563,-0.534136
180,5.44759,-3.10951,-0.149738
178,5.44759,-3.10951,-0.149738
180,4.99314,-2.31846,-0.656377
178,4.99314,-2.31846,-0.656377
180,5.57086,-1.83732,0.0539761
178,5.57086,-1.83732,0.0539761
180,3.52485,-3.14649,-0.628496
178,3.52485,-3.14649,-0.628496
180,4.13375,-1.60632,-0.0519818
177,4.13375,-1.60632,-0.0519818
180,5.3543,-2.68359,-0.0385185
177,5.3543,-2.68359,-0.0385185
180,4.00053,-1.43093,0.213661
177,4.00053,-1.43093,0.213661
180,5.35327,-2.80576,0.3469
177,5.35327,-2.80576,0.3469
180,4.16093,-1.34776,0.313645
177,4.16093,-1.34776,0.313645
180,4.10838,-1.37681,0.192665
177,4.10838,-1.37681,0.192665
180,5.74033,-1.57741,0.115186
177,5.74033,-1.57741,0.115186
180,5.92042,-1.68649,-0.0721535
177,5.92042,-1.68649,-0.0721535
180,3.95943,-1.45414,0.334393
177,3.95943,-1.45414,0.334393
180,3.95943,-1.45414,0.334393
177,3.95943,-1.45414,0.334393
180,4.08992,-1.60208,-0.0412113
177,4.08992,-1.60208,-0.0412113
180,5.53987,-1.80123,-0.100111
172,5.53987,-1.80123,-0.100111
180,3.23816,-3.20927,-0.55678
172,3.23816,-3.20927,-0.55678
180,3.41099,-1.38171,-0.609089
172,3.41099,-1.38171,-0.609089
180,5.01227,-3.49325,-0.254029
172,5.01227,-3.49325,-0.254029
180,5.55954,-2.35127,0.00677636
176,5.55954,-2.35127,0.00677636
180,3.27739,-3.04561,-0.406842
176,3.27739,-3.04561,-0.406842
180,5.7918,-1.54355,-0.592395
176,5.7918,-1.54355,-0.592395
180,3.46824,-1.29076,-0.149285
175,3.46824,-1.29076,-0.149285
180,5.58629,-1.24194,0.126798
174,5.58629,-1.24194,0.126798
180,6.4913,-1.04468,-0.561433
174,6.4913,-1.04468,-0.561433
180,5.32834,-3.12555,-0.2579
174,5.32834,-3.12555,-0.2579
180,3.55854,-1.96483,-0.613213
174,3.55854,-1.96483,-0.613213
180,3.03341,-1.52365,-0.606487
174,3.03341,-1.52365,-0.606487
180,3.81881,-1.76007,-0.545018
170,3.81881,-1.76007,-0.545018
180,3.20142,-1.46183,0.476316
169,3.20142,-1.46183,0.476316
181,3.07444,-3.13822,-0.0210876
181,3.08266,-3.14141,-0.025038
181,3.40167,-3.23874,0.380978
181,3.41063,-3.24345,0.380052
181,3.26035,-3.33488,0.0273158
181,3.27656,-3.33069,0.0256627
181,3.36182,-3.19834,0.214204
181,3.28239,-3.3138,0.0285331
181,3.46921,-3.35087,0.356138
181,3.25245,-3.34233,-0.0724162
181,3.27673,-3.27443,-0.0227458
181,3.29688,-3.25343,0.0145687
181,3.29675,-3.26027,0.0123729
181,3.29944,-3.26235,0.0133396
181,3.23665,-3.29539,-0.123805
181,3.23745,-3.29186,-0.121847
181,3.2866,-3.25529,-0.0185971
181,3.29188,-3.21634,-0.000989914
181,3.30447,-3.25666,0.0129166
181,3.2435,-3.29956,-0.128855
181,3.24233,-3.30135,-0.132917
181,3.36533,-3.26924,0.0950544
181,3.36463,-3.26705,0.0918183
181,3.35202,-3.26327,0.0580383
181,3.29619,-3.04526,-0.0230992
181,3.29688,-3.05613,-0.0335764
181,3.29542,-3.05438,-0.0657117
181,3.35119,-3.22718,0.0102816
181,3.31347,-3.05218,-0.031536
181,3.31275,-3.06491,-0.037418
181,3.3169,-3.05632,-0.0400422
181,3.3158,-3.04197,-0.0404451
181,3.38065,-3.28561,0.0348316
181,3.60788,-1.59564,0.734228
181,3.44429,-2.99213,0.14413
181,3.44496,-2.99283,0.14449
181,3.44587,-3.00138,0.143845
181,3.44645,-3.00032,0.144139
181,3.4468,-3.01499,0.10708
181,3.44719,-3.01252,0.105258
181,3.44908,-3.02196,0.104662
181,3.40784,-3.09396,-0.0010528
181,3.40078,-3.02461,-0.00180519
181,3.40161,-3.0317,-0.00518107
181,3.40831,-3.08421,-0.00966489
181,3.45819,-3.01238,0.097509
181,3.4126,-3.02819,-0.00603759
181,3.4686,-3.01463,0.0924681
181,3.43625,-3.01957,-0.00453711
181,3.50635,-3.04587,0.0753568
181,3.56669,-3.133,0.155685
181,3.54349,-3.13565,0.0936847
181,3.54507,-3.13291,0.0917069
181,3.52334,-3.01616,0.0432155
181,3.58768,-1.57145,0.435914
181,3.59044,-3.13695,0.135791
181,3.5622,-3.11056,0.0773106
181,3.56664,-3.12423,0.073415
181,3.59562,-3.16155,0.102626
181,3.74434,-3.2083,0.379608
181,3.59155,-3.21427,0.0674205
181,3.74967,-3.18628,0.366476
181,3.6094,-3.1057,0.10321
181,3.72298,-3.16382,0.299359
181,3.61737,-3.11351,0.0966954
181,3.74632,-3.18455,0.318557
181,3.64312,-3.12109,0.10292
181,3.61923,-3.11367,0.0252887
181,3.62213,-3.11134,0.02918
181,3.62049,-3.11224,0.024452
181,3.51557,-1.49553,0.093721
181,3.67147,-2.99981,0.0117309
181,3.69309,-3.00298,-0.0013411
181,3.69806,-3.00445,-0.00307083
181,3.57371,-1.61075,0.0101076
181,3.70162,-3.00563,-0.00502241
181,3.8544,-1.54475,0.533126
181,3.66935,-1.58386,0.153733
181,3.63467,-1.57533,0.0511742
181,3.8627,-1.5899,0.461639
181,3.84081,-1.4879,0.405581
181,3.84346,-1.49283,0.40644
181,3.4023,-2.15837,-0.592974
181,3.71654,-1.56505,0.137883
181,3.51321,-1.41966,-0.244789
181,3.6696,-1.54061,0.0375231
181,3.8573,-1.48082,0.40285
181,3.52981,-1.40726,-0.253169
181,3.42753,-1.32886,-0.452259
181,3.93802,-1.54836,0.437491
181,3.94037,-1.55012,0.440432
181,3.94116,-1.55118,0.439742
181,3.71677,-1.41891,0.0134854
181,3.44847,-2.10251,-0.657368
181,3.44754,-1.45169,-0.539673
181,3.72428,-1.41868,0.01287
181,3.4517,-2.10481,-0.65964
181,3.77388,-1.69883,0.0424883
181,3.47257,-1.98975,-0.608748
181,3.47543,-1.98614,-0.611221
181,3.47407,-1.74965,-0.605049
181,3.79022,-1.68347,0.029611
181,3.60483,-1.607,-0.331218
181,3.4847,-1.74062,-0.618316
181,3.96227,-1.17834,0.383039
181,3.84933,-1.55491,0.0807365
181,3.83585,-1.59725,0.0421268
181,3.55608,-1.97465,-0.59147
181,3.85526,-1.55171,0.0778403
181,3.65399,-2.98982,-0.60617
181,3.58178,-2.23773,-0.616611
181,3.5525,-1.75989,-0.605734
181,3.87374,-1.70526,0.038753
181,3.85369,-1.58603,0.0214383
181,3.56264,-1.76557,-0.59825
181,3.59386,-2.23895,-0.628334
181,3.85803,-1.60153,0.0136768
181,3.57762,-1.84166,-0.60472
181,3.68335,-3.00351,-0.622642
181,3.58184,-1.50516,-0.582954
181,3.62479,-2.20364,-0.657848
181,3.64287,-1.99577,-0.623948
181,3.6396,-1.98729,-0.630074
181,3.67767,-1.47672,-0.475838
181,3.6537,-1.99965,-0.638763
181,3.94468,-1.54108,-0.30559
181,3.85452,-1.57719,-0.554185
181,3.85766,-1.57424,-0.558084
181,3.92885,-1.75804,-0.639485
181,4.0225,-1.43162,-0.401369
181,3.96939,-1.72301,-0.62692
181,4.0478,-1.42152,-0.420881
181,5.19778,-2.72384,0.718644
181,5.21896,-2.8596,0.724235
181,5.21406,-2.72667,0.715516
181,5.27011,-3.08196,0.730869
181,5.26053,-3.0301,0.688804
181,5.28756,-3.07987,0.72778
181,5.29026,-3.08253,0.724579
181,5.39371,-3.52483,0.832208
181,5.11193,-2.49817,0.457835
181,5.30495,-3.05533,0.722964
181,5.40965,-3.53439,0.831005
181,5.31285,-3.09225,0.72315
181,5.2806,-2.69739,0.691454
181,5.29024,-2.63187,0.698231
181,5.31615,-2.76322,0.712316
181,5.25495,-2.94395,0.481807
181,5.31177,-2.83362,0.605828
181,5.27494,-2.94681,0.479592
181,4.59399,-1.32957,-0.559784
181,5.38713,-3.53585,0.576946
181,5.40753,-2.95749,0.709271
181,5.31912,-2.83386,0.552946
181,5.27404,-2.97399,0.408978
181,5.30151,-2.82217,0.471521
181,5.33963,-2.75023,0.531856
181,5.30447,-2.74308,0.447858
181,5.31198,-2.74331,0.450588
181,5.42515,-3.30528,0.552001
181,5.33638,-2.977,0.415996
181,5.35633,-2.99504,0.444437
181,5.40049,-4.00143,0.339705
181,5.35348,-2.82872,0.465704
181,5.31242,-2.73567,0.395366
181,5.43427,-4.13839,0.346694
181,5.37405,-2.99461,0.437343
181,5.35605,-3.00133,0.395398
181,5.30845,-3.01284,0.284474
181,5.36597,-2.99907,0.393975
181,5.45405,-4.14985,0.346007
181,5.31969,-3.01725,0.292243
181,5.32388,-2.74569,0.349179
181,5.40704,-3.53559,0.346905
181,5.41704,-3.54305,0.354308
181,5.33643,-3.0176,0.278129
181,5.5289,-3.35743,0.585979
181,5.28026,-2.65727,0.187395
181,5.29559,-2.66445,0.182867
181,5.4785,-3.56816,0.354335
181,5.55531,-3.34597,0.497874
181,5.36095,-3.12671,0.135288
181,5.32896,-1.14398,0.421352
181,5.55001,-3.5699,0.384651
181,5.38216,-3.13429,0.115968
181,4.97592,-2.67851,-0.608136
181,5.41701,-1.18492,0.51519
181,4.82,-1.28232,-0.685915
181,5.02694,-2.70882,-0.551681
181,5.40454,-1.1084,0.496884
181,5.40723,-3.52524,0.0341173
181,5.06123,-1.35294,-0.237161
181,5.40101,-1.12396,0.47669
181,5.46451,-1.04759,0.607823
181,5.03259,-2.71776,-0.576866
181,5.07664,-2.71693,-0.505386
181,5.31935,-2.75397,-0.0329114
181,5.24222,-3.42864,-0.315908
181,5.13152,-3.30621,-0.529573
181,5.03578,-2.71226,-0.616852
181,5.41951,-1.00517,0.436664
181,5.38757,-3.13446,-0.03777
181,5.12801,-3.44889,-0.619999
181,5.36935,-1.2481,0.241334
181,5.15066,-3.45534,-0.626446
181,5.37186,-3.09988,-0.127214
181,5.35355,-3.13015,-0.178343
181,5.26343,-2.46124,-0.232453
181,5.27589,-2.60426,-0.239346
181,5.26046,-1.30081,-0.0246696
181,5.49578,-3.33696,0.0362179
181,5.29846,-3.45479,-0.380144
181,5.46962,-1.1825,0.388426
181,5.36408,-1.6156,0.0956648
181,5.34308,-3.45361,-0.314485
181,5.51236,-3.33276,0.0429096
181,5.18894,-3.4954,-0.633968
181,5.16541,-2.77561,-0.543312
181,5.34581,-3.45333,-0.317027
181,5.33269,-3.03039,-0.276069
181,5.28608,-2.94187,-0.353217
181,5.3493,-3.12247,-0.269235
181,5.22296,-2.6586,-0.433451
181,5.56284,-3.40705,0.095407
181,5.23094,-2.65579,-0.429529
181,5.40964,-1.75525,0.089301
181,5.37569,-3.49483,-0.315685
181,5.5671,-3.34989,0.0714287
181,5.51678,-0.949229,0.428294
181,5.29955,-2.45714,-0.292991
181,5.59822,-3.41282,0.108934
181,5.61088,-0.985679,0.586939
181,5.44332,-1.26404,0.199763
181,5.34952,-3.46681,-0.409032
181,5.2548,-2.659,-0.449803
181,5.26483,-2.66554,-0.438097
181,5.33572,-2.9492,-0.375129
181,5.4163,-3.50662,-0.325633
181,5.42723,-3.53251,-0.317999
181,5.57727,-3.37856,-0.0119853
181,5.76994,-3.41558,0.340729
181,5.44719,-1.59485,0.0304475
181,5.30811,-2.66769,-0.455438
181,5.3961,-2.49737,-0.279391
181,5.38741,-3.26446,-0.452085
181,5.43505,-1.74153,-0.0676462
181,5.47875,-1.75544,0.0153897
181,5.49871,-1.73264,0.0521954
181,5.58504,-1.76151,0.214598
181,5.33152,-2.91351,-0.516585
181,5.37633,-3.38764,-0.527091
181,5.40358,-2.53549,-0.311171
181,5.40879,-2.53959,-0.306625
181,5.56572,-2.06405,0.0475749
181,5.54127,-1.19317,0.162705
181,5.45764,-1.91494,-0.145411
181,5.4055,-2.25663,-0.314258
181,5.37095,-2.65824,-0.467465
181,5.57747,-1.93545,0.0778275
181,5.57515,-1.90578,0.0774189
181,5.59193,-2.06831,0.0787786
181,5.58011,-1.62005,0.126616
181,5.26281,-1.2659,-0.45155
181,5.76049,-1.1079,0.550988
181,5.52899,-1.56871,0.000761986
181,5.68316,-2.07985,0.207689
181,5.60489,-2.12681,0.0332841
181,5.62275,-2.13227,0.0592718
181,5.67793,-1.91427,0.20424
181,5.23551,-1.26017,-0.546977
181,5.57863,-2.03177,-0.0160982
181,5.54384,-2.02061,-0.0985443
181,5.60374,-1.89796,0.0247656
181,5.3042,-1.6355,-0.530292
181,5.6393,-1.92241,0.0698581
181,5.6264,-1.794,0.0615194
181,5.6134,-2.00202,-0.0085153
181,5.55745,-1.79682,-0.0948731
181,5.65008,-1.88741,0.0665028
181,5.66217,-1.92518,0.0650746
181,5.5968,-2.0515,-0.103951
181,5.30772,-1.61005,-0.591419
181,5.30037,-1.57245,-0.600181
181,5.38888,-1.21473,-0.372801
181,5.57829,-2.03657,-0.166267
181,5.32119,-1.60461,-0.597607
181,5.33995,-1.64516,-0.571654
181,5.59766,-1.83507,-0.104158
181,5.31574,-1.23176,-0.581405
181,5.36187,-1.60761,-0.565638
181,5.31596,-1.32193,-0.610328
181,5.63967,-2.03027,-0.108332
181,5.65602,-2.05926,-0.11163
181,5.64948,-1.57956,-0.0421443
181,5.47579,-2.13216,-0.515116
181,5.68003,-2.13612,-0.115253
181,5.38692,-1.61506,-0.605045
181,5.37926,-1.58869,-0.617779
181,5.66498,-1.57945,-0.0521285
181,5.34614,-1.30314,-0.63306
181,5.5903,-1.60887,-0.253222
181,5.67587,-2.01341,-0.204763
181,5.39707,-1.28988,-0.64136
181,6.04119,-2.05137,-0.0417334
181,7.16937,-1.45651,-0.0630018
181,8.77087,-1.68175,-0.338646
181,5.4782,-2.99904,-0.126219
180,5.4782,-2.99904,-0.126219
181,4.6979,-3.31726,0.588446
180,4.6979,-3.31726,0.588446
181,5.71442,-1.08623,-0.435765
180,5.71442,-1.08623,-0.435765
181,4.67839,-1.44058,-0.0268099
180,4.67839,-1.44058,-0.0268099
181,5.70255,-1.88597,0.00129996
180,5.70255,-1.88597,0.00129996
181,5.0926,-3.51329,-0.45766
180,5.0926,-3.51329,-0.45766
181,3.6469,-3.22891,0.0454075
180,3.6469,-3.22891,0.0454075
181,3.73621,-3.18474,0.366194
180,3.73621,-3.18474,0.366194
181,3.52881,-1.47788,0.0688545
180,3.52881,-1.47788,0.0688545
181,5.72277,-1.87906,0.193466
180,5.72277,-1.87906,0.193466
181,3.46165,-3.2369,-0.0680705
180,3.46165,-3.2369,-0.0680705
181,3.31454,-3.16684,0.011031
180,3.31454,-3.16684,0.011031
181,3.67469,-3.15172,0.337325
180,3.67469,-3.15172,0.337325
181,3.72592,-3.18051,0.368266
180,3.72592,-3.18051,0.368266
181,3.88954,-1.56772,-0.535725
180,3.88954,-1.56772,-0.535725
181,3.29287,-3.35994,0.00275632
180,3.29287,-3.35994,0.00275632
181,3.42075,-1.39969,-0.523304
180,3.42075,-1.39969,-0.523304
181,3.50424,-3.03244,0.138932
180,3.50424,-3.03244,0.138932
181,4.65833,-3.42134,-0.0783294
180,4.65833,-3.42134,-0.0783294
181,5.06699,-3.46135,0.221897
179,5.06699,-3.46135,0.221897
181,5.36037,-3.51428,0.178181
179,5.36037,-3.51428,0.178181
181,3.61592,-1.61337,0.0184429
179,3.61592,-1.61337,0.0184429
181,3.41743,-1.34838,0.050942
179,3.41743,-1.34838,0.050942
181,5.52666,-2.77069,0.157788
179,5.52666,-2.77069,0.157788
181,5.93719,-2.43171,-0.514686
178,5.93719,-2.43171,-0.514686
181,5.52629,-1.15041,0.659217
178,5.52629,-1.15041,0.659217
181,3.13342,-2.80337,0.77956
178,3.13342,-2.80337,0.77956
181,5.62327,-3.42662,0.7311
178,5.62327,-3.42662,0.7311
181,5.6008,-3.42137,0.73059
178,5.6008,-3.42137,0.73059
181,3.43202,-3.06439,0.288645
178,3.43202,-3.06439,0.288645
181,3.31106,-1.29387,-0.620462
178,3.31106,-1.29387,-0.620462
181,3.55212,-1.57746,0.0449235
178,3.55212,-1.57746,0.0449235
181,3.61133,-1.57959,-0.527084
178,3.61133,-1.57959,-0.527084
181,5.61686,-3.42312,0.0576536
177,5.61686,-3.42312,0.0576536
181,5.39589,-3.32517,0.600583
177,5.39589,-3.32517,0.600583
181,4.93912,-1.37639,-0.0465364
177,4.93912,-1.37639,-0.0465364
181,6.22785,-1.00905,0.733921
177,6.22785,-1.00905,0.733921
181,3.30875,-3.06028,-0.380561
177,3.30875,-3.06028,-0.380561
181,5.73912,-1.52328,0.0264667
177,5.73912,-1.52328,0.0264667
181,6.12647,-3.25514,0.389419
177,6.12647,-3.25514,0.389419
181,5.27147,-2.97891,0.541246
172,5.27147,-2.97891,0.541246
181,5.35534,-2.87234,0.213716
172,5.35534,-2.87234,0.213716
181,5.35359,-2.95176,0.302522
172,5.35359,-2.95176,0.302522
181,5.29502,-2.74824,0.207071
172,5.29502,-2.74824,0.207071
181,5.29614,-2.7396,0.447922
172,5.29614,-2.7396,0.447922
181,3.47167,-2.02409,-0.613562
172,3.47167,-2.02409,-0.613562
181,3.31982,-3.19059,-0.0144144
172,3.31982,-3.19059,-0.0144144
181,5.35472,-2.75244,0.19084
172,5.35472,-2.75244,0.19084
181,5.30274,-2.93829,0.701702
172,5.30274,-2.93829,0.701702
181,5.63384,-1.55619,0.0100567
172,5.63384,-1.55619,0.0100567
181,3.93548,-1.75392,-0.595298
176,3.93548,-1.75392,-0.595298
181,3.33094,-3.20172,0.225776
176,3.33094,-3.20172,0.225776
181,3.34965,-3.20484,0.220954
176,3.34965,-3.20484,0.220954
181,5.54154,-2.09202,0.231999
170,5.54154,-2.09202,0.231999
181,5.56159,-1.85072,0.0638874
170,5.56159,-1.85072,0.0638874
182,3.35785,-3.18772,0.21788
182,3.50909,-3.18873,0.356623
182,3.51476,-3.19039,0.360307
182,3.51517,-3.19446,0.354818
182,3.53083,-3.19364,0.357207
182,3.43463,-2.99689,0.147403
182,3.44955,-2.99176,0.12163
182,3.40499,-3.0754,-0.00615627
182,3.42051,-3.06872,0.00109786
182,3.41304,-3.02402,-0.00708556
182,3.49604,-2.99251,0.156841
182,3.4294,-3.01462,-0.00135338
182,3.50372,-2.9962,0.146945
182,3.43744,-3.01563,-0.00410593
182,3.51406,-3.03338,0.134628
182,3.51577,-3.0035,0.140323
182,3.5181,-3.0077,0.138248
182,3.5183,-3.01243,0.13543
182,3.55306,-3.12122,0.175415
182,3.56001,-3.1285,0.169883
182,3.527,-3.05677,0.0917661
182,3.5719,-3.12904,0.161297
182,3.52547,-3.00822,0.0480996
182,3.58081,-3.05754,0.151472
182,3.5275,-3.00975,0.0437778
182,3.56722,-3.19278,0.0881503
182,3.52695,-3.01096,0.0374776
182,3.5138,-3.00192,0.00311899
182,3.6115,-3.09087,0.186714
182,3.51699,-3.00167,-0.00343168
182,3.59265,-3.08362,0.14095
182,3.526,-3.00778,0.00145572
182,3.5349,-2.9986,0.0167634
182,3.53478,-3.0002,0.0115537
182,3.62099,-3.09121,0.166551
182,3.54267,-3.00136,0.0102561
182,3.62217,-3.08871,0.162145
182,3.73976,-3.21063,0.378058
182,3.74044,-3.21487,0.376273
182,3.62673,-3.09986,0.154689
182,3.73493,-3.19626,0.366193
182,3.60123,-3.22437,0.0540199
182,3.74886,-3.18695,0.359767
182,3.6382,-3.10048,0.137794
182,3.81229,-1.55706,0.850062
182,3.74134,-3.17376,0.339578
182,3.81446,-1.55824,0.852776
182,3.64092,-3.10138,0.137959
182,3.64099,-3.10642,0.130749
182,3.61517,-3.14113,0.0534483
182,3.80965,-1.58041,0.799347
182,3.61353,-3.10794,0.0183216
182,3.63101,-3.15515,0.0425005
182,3.74896,-3.17722,0.292144
182,3.81093,-1.60194,0.740087
182,3.6674,-2.99784,0.00958037
182,3.55194,-1.59201,0.0557322
182,3.68296,-3.00276,0.00474787
182,3.68919,-2.99746,0.002823
182,3.61376,-1.55524,0.15607
182,3.62148,-1.54479,0.154427
182,3.5975,-1.71014,0.031374
182,3.63368,-1.53131,0.140391
182,3.64448,-1.5732,0.153039
182,3.61685,-1.58181,0.0551742
182,3.69573,-1.53565,0.141305
182,3.84351,-1.55131,0.449873
182,4.02705,-1.48188,0.84937
182,3.84525,-1.54952,0.441171
182,4.0316,-1.48572,0.854444
182,3.71977,-1.52237,0.127218
182,3.81418,-1.70297,0.0455243
182,3.86662,-1.51974,0.101891
182,3.63263,-1.52275,-0.406416
182,3.63498,-1.52312,-0.412725
182,3.95095,-1.45546,0.24707
182,4.01803,-1.50988,0.298681
182,3.90432,-1.68665,0.0133398
182,3.92635,-1.67794,0.00682718
182,4.17303,-2.83268,0.0148202
182,3.87689,-1.58956,-0.534936
182,3.95223,-1.47265,-0.360048
182,3.8705,-1.5655,-0.557499
182,3.88177,-1.58066,-0.546409
182,3.97506,-1.45013,-0.378281
182,3.92177,-1.71701,-0.624123
182,3.93853,-1.75033,-0.646738
182,4.01389,-1.39868,-0.439518
182,3.95109,-1.69809,-0.649595
182,3.9819,-1.71481,-0.639016
182,4.69969,-2.46551,0.47211
182,4.86492,-2.50225,0.508612
182,5.37803,-3.53866,0.91852
182,4.95388,-1.39315,0.459535
182,5.39221,-3.54025,0.922212
182,5.27655,-3.07399,0.726187
182,5.29625,-3.08084,0.720896
182,5.2886,-2.89504,0.718773
182,5.28173,-2.83051,0.711896
182,5.28716,-2.83158,0.716434
182,5.28931,-2.83231,0.712537
182,5.32266,-3.0881,0.724478
182,5.2936,-2.68609,0.706648
182,5.04177,-1.35337,0.450139
182,5.29549,-2.68183,0.705302
182,5.3357,-3.03914,0.700509
182,5.41066,-3.54324,0.743709
182,5.41183,-3.54725,0.74507
182,5.29205,-2.62236,0.687241
182,5.33797,-2.94487,0.713788
182,5.37913,-3.17426,0.745648
182,5.37677,-3.17359,0.74043
182,5.30137,-2.62646,0.697453
182,5.34415,-2.94849,0.717813
182,5.30195,-2.62648,0.697416
182,5.4009,-3.52938,0.693677
182,5.37759,-3.13184,0.726967
182,5.31824,-2.62545,0.698892
182,5.41482,-3.26011,0.741553
182,5.32297,-1.22333,0.967127
182,5.35182,-3.16386,0.58443
182,5.43916,-3.26979,0.73947
182,5.39826,-2.96061,0.7098
182,5.2944,-3.10669,0.43883
182,5.34414,-3.93824,0.353807
182,5.4546,-3.26372,0.736801
182,5.27154,-0.817367,0.869148
182,5.37981,-3.51874,0.507277
182,4.9593,-3.49088,-0.400494
182,5.2682,-2.61977,0.45759
182,5.40355,-2.77408,0.70748
182,4.69471,-2.41126,-0.746477
182,5.32266,-2.75126,0.528985
182,4.96683,-3.49382,-0.404396
182,5.36838,-3.95421,0.358037
182,4.96997,-3.48641,-0.405229
182,5.3288,-3.11782,0.420801
182,5.33473,-3.12001,0.421059
182,5.1421,-1.08457,0.441181
182,5.34989,-3.02295,0.405044
182,5.40769,-4.01006,0.309912
182,5.24306,-1.26596,0.549586
182,5.34828,-2.9891,0.38725
182,5.4324,-4.02329,0.331247
182,5.40896,-3.54309,0.3635
182,5.42025,-1.16361,0.911659
182,5.49709,-3.34226,0.584333
182,5.32712,-2.94969,0.302391
182,5.33148,-2.94908,0.298529
182,5.41783,-3.54539,0.349853
182,5.40554,-3.54102,0.315826
182,5.33992,-2.94916,0.296741
182,5.34387,-3.10476,0.26967
182,5.41271,-1.00112,0.876654
182,5.09586,-2.42846,-0.124979
182,5.31824,-2.83315,0.258298
182,5.35763,-2.97598,0.300587
182,4.91015,-1.35812,-0.325091
182,4.90393,-1.34806,-0.336601
182,5.36243,-3.01008,0.276972
182,4.88769,-2.32678,-0.605617
182,4.99193,-2.68744,-0.460365
182,5.76643,-3.44748,1.04428
182,5.37367,-3.01276,0.285756
182,5.24108,-1.03098,0.426331
182,5.27934,-2.66121,0.145783
182,5.52595,-3.33218,0.524367
182,4.82097,-1.32686,-0.559006
182,5.05433,-3.5735,-0.570894
182,5.11226,-2.43161,-0.197301
182,5.46577,-0.979112,0.881963
182,5.02099,-2.72409,-0.46559
182,5.01931,-2.72585,-0.471567
182,5.39412,-3.07357,0.239984
182,5.30667,-2.9386,0.0794578
182,4.97755,-2.69215,-0.583598
182,5.39993,-3.0755,0.241265
182,5.01495,-1.30849,-0.204742
182,5.01322,-2.70559,-0.519844
182,5.32075,-1.15711,0.48452
182,5.35,-1.21656,0.533062
182,5.29341,-2.66324,0.0886123
182,5.4548,-1.17551,0.76466
182,5.11491,-3.5384,-0.5038
182,5.32973,-2.94321,0.0730021
182,5.33453,-3.01907,0.0635756
182,5.42119,-3.07699,0.235459
182,5.49351,-1.05692,0.835952
182,5.58255,-3.36132,0.499552
182,5.14492,-3.53209,-0.492393
182,5.01094,-2.68932,-0.598876
182,5.01461,-2.6976,-0.617976
182,5.03751,-2.72116,-0.587211
182,5.30281,-2.75406,-0.0298581
182,5.36734,-3.02442,0.0458474
182,5.11516,-3.28793,-0.571995
182,5.35388,-1.1246,0.415134
182,5.10595,-3.26447,-0.59635
182,4.95661,-1.32011,-0.50074
182,5.22978,-3.45553,-0.387562
182,5.12838,-3.292,-0.574846
182,5.26394,-3.43552,-0.318717
182,5.11714,-3.27635,-0.611296
182,5.52922,-1.1519,0.74094
182,5.1182,-3.27592,-0.614948
182,5.7599,-3.40874,0.733827
182,5.75881,-3.41459,0.728113
182,5.13389,-3.45877,-0.632797
182,5.3778,-3.13362,-0.0349149
182,5.23388,-3.32266,-0.4092
182,5.48639,-3.38173,0.121342
182,5.21905,-1.32712,-0.00629836
182,5.3511,-3.09167,-0.117075
182,5.32764,-2.97299,-0.15162
182,5.25698,-3.42864,-0.406916
182,5.23974,-1.31708,0.0201221
182,5.02003,-2.31325,-0.689288
182,5.26709,-2.65432,-0.233056
182,5.40454,-3.53408,-0.131602
182,5.22484,-3.55817,-0.529008
182,5.4727,-3.31844,0.0582481
182,5.33238,-3.55836,-0.302552
182,5.31104,-2.90809,-0.205738
182,5.39858,-3.53294,-0.164161
182,5.27026,-2.60051,-0.23854
182,5.27023,-2.45602,-0.217428
182,5.42857,-1.00231,0.442651
182,5.48741,-3.32694,0.0531068
182,5.20913,-3.26858,-0.538079
182,5.14433,-1.32683,-0.263942
182,5.41282,-3.53969,-0.171932
182,5.30298,-2.96938,-0.289388
182,5.49228,-3.33293,0.0372475
182,5.28048,-2.60554,-0.262642
182,5.20335,-3.4959,-0.625881
182,5.58038,-2.50727,0.404372
182,5.32226,-3.47494,-0.369399
182,5.43981,-0.98777,0.429689
182,5.33433,-3.49601,-0.364566
182,5.59255,-2.51324,0.409203
182,5.27256,-2.26716,-0.242149
182,5.51111,-3.42674,0.0168488
182,5.37283,-3.49439,-0.320015
182,5.24098,-2.66343,-0.427394
182,5.36826,-3.12883,-0.27272
182,5.46414,-4.56385,-0.392655
182,5.38787,-3.51285,-0.335358
182,5.54371,-0.993072,0.549556
182,5.4179,-1.27714,0.206918
182,5.39595,-3.5163,-0.335756
182,5.26633,-2.65862,-0.430732
182,5.41357,-3.53852,-0.327099
182,5.42854,-1.21822,0.214809
182,5.27323,-2.65374,-0.442567
182,5.32013,-3.34856,-0.495065
182,5.58765,-3.455,0.0393063
182,5.11112,-2.29893,-0.740759
182,5.33196,-3.35019,-0.497947
182,5.60391,-3.41568,0.0668133
182,5.53429,-1.2069,0.393783
182,5.36936,-2.47991,-0.24722
182,5.45879,-1.20743,0.206787
182,5.36392,-3.26307,-0.452232
182,5.45193,-1.23798,0.169113
182,5.45704,-3.55248,-0.334424
182,5.61596,-3.45479,0.0258421
182,5.46307,-1.59106,0.0972472
182,5.76299,-3.41673,0.334869
182,5.41473,-1.74919,-0.050207
182,5.37191,-2.47252,-0.310715
182,5.35985,-3.39004,-0.54841
182,5.65157,-1.14791,0.566188
182,5.55669,-1.7599,0.225316
182,5.39403,-3.26645,-0.459257
182,5.40504,-3.27547,-0.442206
182,5.32292,-3.04319,-0.570258
182,5.41514,-1.92145,-0.128726
182,5.37861,-3.38296,-0.540342
182,5.63514,-1.91814,0.327176
182,5.23612,-1.29652,-0.402309
182,5.4829,-1.25794,0.127984
182,5.39613,-2.25259,-0.295114
182,5.49649,-1.58064,0.063382
182,5.64682,-0.898121,0.538263
182,5.41373,-2.51042,-0.321333
182,5.49468,-1.57935,0.0553609
182,5.60517,-1.83946,0.219975
182,5.48758,-1.60067,0.00728977
182,5.50567,-1.75946,0.00862473
182,5.52983,-1.72256,0.0635552
182,5.63905,-1.60124,0.324147
182,5.47076,-1.73057,-0.0688204
182,5.56356,-1.82526,0.082445
182,5.57389,-2.01362,0.0629724
182,5.56426,-1.85331,0.0769027
182,5.57771,-1.93537,0.078487
182,5.57494,-1.87941,0.0828817
182,5.57775,-2.00608,0.0402369
182,5.59959,-2.087,0.0679933
182,5.54791,-1.20413,0.14997
182,5.52212,-1.92429,-0.0714439
182,5.62884,-1.23029,0.300464
182,5.59895,-2.10187,0.0334442
182,5.59604,-1.61305,0.125822
182,5.68364,-2.07932,0.210383
182,5.58019,-1.85638,0.0304037
182,5.39596,-2.98754,-0.618759
182,5.60543,-2.0384,0.0378696
182,5.67974,-1.90193,0.2015
182,5.51717,-1.94362,-0.159056
182,5.615,-2.01979,0.0342399
182,5.57259,-1.78573,-0.00794816
182,5.67786,-1.82776,0.204861
182,5.84182,-1.14081,0.703996
182,5.5295,-1.92935,-0.157946
182,5.27537,-1.24333,-0.559428
182,5.6491,-2.13019,0.0509291
182,5.62178,-2.09244,-0.0166459
182,5.5962,-2.12753,-0.0846729
182,5.62093,-1.98468,-0.0159206
182,5.57172,-1.7911,-0.102514
182,5.57925,-1.83306,-0.10201
182,5.56936,-2.03889,-0.169627
182,5.35695,-1.23792,-0.466786
182,5.30558,-1.23682,-0.578989
182,5.7076,-1.19642,0.285519
182,5.37267,-1.69829,-0.549883
182,5.30941,-1.31654,-0.615448
182,5.50793,-2.57451,-0.463847
182,5.59339,-1.78013,-0.106809
182,5.34306,-1.57585,-0.6236
182,5.59805,-2.04057,-0.176232
182,5.37605,-1.2535,-0.487396
182,5.48349,-2.24943,-0.475482
182,5.39932,-1.6953,-0.552526
182,5.83286,-1.0586,0.523663
182,5.71053,-1.56289,0.146078
182,5.79474,-1.14598,0.417901
182,5.40181,-1.69596,-0.567133
182,5.36985,-1.59027,-0.61938
182,5.64405,-1.94433,-0.106699
182,5.34604,-1.2972,-0.64169
182,5.66039,-1.98567,-0.116429
182,5.51538,-2.24196,-0.494762
182,5.42601,-1.63129,-0.575134
182,5.41717,-1.60614,-0.612483
182,5.44519,-1.63855,-0.561903
182,5.58352,-1.60831,-0.261494
182,5.51482,-2.13252,-0.544026
182,5.44279,-1.61545,-0.59
182,5.39176,-1.30209,-0.636951
182,5.52651,-2.14553,-0.532018
182,5.74295,-2.04054,-0.0500677
182,5.60533,-1.59907,-0.263477
182,5.53813,-2.12755,-0.533257
182,5.66921,-1.78077,-0.24107
182,5.85086,-1.69224,0.168247
182,5.87126,-1.18138,0.313972
182,5.50202,-1.53483,-0.630257
182,5.75819,-1.88518,-0.246168
182,6.0212,-0.751768,0.537752
182,5.9817,-2.05196,-0.0477127
182,5.88262,-1.97551,-0.280986
182,7.49371,-1.53535,-0.695733
182,7.80323,-1.49645,-0.796674
182,8.14401,-1.70226,-0.310164
182,9.30344,-1.31515,-0.560095
182,5.27875,-2.77172,-0.454101
181,5.27875,-2.77172,-0.454101
182,4.70377,-1.27042,-0.61909
181,4.70377,-1.27042,-0.61909
182,3.92978,-1.63432,-0.0294619
181,3.92978,-1.63432,-0.0294619
182,3.621,-3.23527,0.0402042
181,3.621,-3.23527,0.0402042
182,3.37998,-3.23281,0.196246
181,3.37998,-3.23281,0.196246
182,5.85575,-1.8993,0.000362684
181,5.85575,-1.8993,0.000362684
182,5.58951,-1.89147,0.225908
181,5.58951,-1.89147,0.225908
182,3.57963,-3.15966,0.103012
181,3.57963,-3.15966,0.103012
182,4.21291,-2.46169,0.307221
180,4.21291,-2.46169,0.307221
182,5.28995,-3.50402,0.626314
180,5.28995,-3.50402,0.626314
182,5.46947,-2.90572,0.47256
180,5.46947,-2.90572,0.47256
182,5.36208,-2.75482,0.520539
180,5.36208,-2.75482,0.520539
182,5.30264,-3.11359,-0.253895
180,5.30264,-3.11359,-0.253895
182,5.40201,-1.65641,-0.20502
180,5.40201,-1.65641,-0.20502
182,6.16464,-3.78548,0.604862
180,6.16464,-3.78548,0.604862
182,5.47212,-1.63966,-0.235995
180,5.47212,-1.63966,-0.235995
182,5.2972,-3.50025,0.118856
179,5.2972,-3.50025,0.118856
182,5.36158,-3.13353,-0.182972
179,5.36158,-3.13353,-0.182972
182,3.51534,-1.41986,0.00568627
179,3.51534,-1.41986,0.00568627
182,5.3572,-2.45204,-0.38204
179,5.3572,-2.45204,-0.38204
182,5.3925,-2.91913,0.712453
178,5.3925,-2.91913,0.712453
182,5.47183,-3.52421,0.708097
178,5.47183,-3.52421,0.708097
182,5.01516,-3.39961,-0.298836
178,5.01516,-3.39961,-0.298836
182,5.33668,-2.65963,0.130366
177,5.33668,-2.65963,0.130366
182,3.92393,-1.6371,-0.027539
177,3.92393,-1.6371,-0.027539
182,5.469,-1.28313,0.719402
177,5.469,-1.28313,0.719402
182,5.7797,-2.38792,-0.47288
177,5.7797,-2.38792,-0.47288
182,5.61203,-1.23866,0.71655
177,5.61203,-1.23866,0.71655
182,5.60756,-1.96708,0.0474517
177,5.60756,-1.96708,0.0474517
182,5.41242,-3.30085,0.551748
172,5.41242,-3.30085,0.551748
182,3.73323,-3.17035,0.316721
172,3.73323,-3.17035,0.316721
182,5.14727,-3.47946,-0.603788
172,5.14727,-3.47946,-0.603788
182,5.57653,-1.61509,0.294948
172,5.57653,-1.61509,0.294948
182,5.50566,-1.63337,-0.240607
174,5.50566,-1.63337,-0.240607
182,5.77894,-2.47689,-0.472415
170,5.77894,-2.47689,-0.472415
183,3.13059,-2.64166,0.643152
183,3.13011,-2.64481,0.639122
183,3.64142,-3.09356,0.123805
183,3.64469,-3.08963,0.13017
183,3.7483,-3.18322,0.360095
183,3.73592,-3.18943,0.289995
183,3.73325,-3.17649,0.283574
183,3.73434,-3.17652,0.279963
183,3.73632,-3.17595,0.277936
183,3.72674,-3.2134,0.0613602
183,3.74038,-3.22596,0.0438005
183,3.79112,-1.73586,0.0653077
183,3.8538,-1.5889,0.0676796
183,3.8782,-1.70628,0.0354461
183,5.32189,-3.52108,1.12715
183,4.40836,-1.35222,-0.547339
183,5.3277,-3.51025,1.10138
183,5.32897,-3.50285,0.794646
183,5.34169,-3.47676,0.70857
183,5.29835,-3.03396,0.692065
183,5.30777,-3.03626,0.696172
183,5.31607,-3.08697,0.688642
183,5.33074,-3.05752,0.719303
183,5.318,-2.9401,0.707858
183,5.33189,-2.96111,0.729407
183,5.34493,-3.08388,0.715418
183,5.34339,-3.06471,0.712676
183,5.32516,-2.90361,0.712939
183,5.32996,-2.95529,0.705817
183,5.33076,-2.97723,0.69666
183,5.29202,-2.69896,0.682203
183,5.35396,-3.09141,0.719108
183,5.34389,-2.96483,0.72535
183,5.30333,-2.68459,0.705899
183,5.29211,-2.62816,0.694158
183,5.29772,-2.6966,0.684056
183,5.35097,-2.96587,0.725919
183,5.33968,-3.05074,0.671825
183,5.3807,-3.17532,0.731974
183,5.34321,-2.91068,0.707892
183,5.34585,-3.04846,0.671158
183,5.3727,-3.0586,0.732639
183,5.37876,-3.13116,0.725134
183,5.37158,-3.09979,0.713528
183,5.34343,-2.87705,0.707525
183,5.34816,-2.93807,0.697595
183,5.39101,-3.1868,0.72646
183,4.64524,-1.31208,-0.580916
183,5.35022,-2.8653,0.71318
183,5.37797,-3.10188,0.708926
183,5.05373,-3.65379,-0.270876
183,5.39874,-3.18696,0.725923
183,4.65395,-1.31062,-0.57834
183,5.3967,-3.13358,0.723735
183,5.34142,-2.72231,0.707546
183,4.66501,-1.30819,-0.579864
183,5.33196,-3.95507,0.297777
183,4.66363,-1.30298,-0.58414
183,5.32693,-2.83352,0.608283
183,5.06225,-3.66543,-0.30011
183,5.33358,-2.63313,0.678694
183,5.07108,-3.66605,-0.282812
183,5.42667,-3.21012,0.725218
183,5.0784,-3.66982,-0.285465
183,4.68824,-1.29787,-0.583266
183,5.03027,-3.57433,-0.40911
183,5.2984,-2.99601,0.430524
183,5.08562,-3.67467,-0.308782
183,5.09888,-3.54352,-0.238056
183,5.03064,-3.57506,-0.420118
183,5.29807,-2.83828,0.463444
183,4.71523,-1.33784,-0.552692
183,4.70973,-1.34082,-0.568517
183,5.29288,-2.79414,0.455351
183,5.30265,-2.83597,0.46511
183,5.10248,-3.67795,-0.28944
183,5.33786,-2.8375,0.543951
183,5.32231,-3.12125,0.417151
183,5.09424,-3.67295,-0.319555
183,5.34993,-3.52611,0.355997
183,4.99105,-3.56966,-0.552683
183,5.3116,-3.02592,0.406954
183,5.30308,-2.79122,0.454701
183,5.00218,-3.59198,-0.533757
183,5.33107,-2.83607,0.507424
183,5.30378,-2.98858,0.393124
183,5.333,-3.11385,0.421175
183,5.33199,-3.12033,0.415204
183,5.30214,-2.73747,0.45178
183,5.00455,-3.59501,-0.550052
183,5.12042,-3.68566,-0.300302
183,5.3146,-2.79358,0.448263
183,5.32646,-2.84225,0.454435
183,5.02686,-3.56289,-0.511277
183,5.01268,-3.57869,-0.556163
183,5.29983,-2.79056,0.39238
183,4.74465,-1.32507,-0.559172
183,4.71691,-1.31114,-0.629286
183,5.01675,-3.61097,-0.565443
183,5.26928,-2.74003,0.321937
183,5.32535,-2.99065,0.386658
183,5.31594,-2.86868,0.389942
183,5.30888,-2.7947,0.389061
183,5.29696,-2.79799,0.352911
183,5.31021,-2.83913,0.36268
183,5.02544,-3.57432,-0.567234
183,5.28039,-2.66388,0.338007
183,5.2692,-2.79454,0.271015
183,5.31537,-2.84151,0.368423
183,4.75087,-1.31273,-0.587282
183,5.03599,-3.6027,-0.561168
183,5.04082,-3.64581,-0.562711
183,5.29491,-2.83141,0.307832
183,5.39581,-3.53989,0.3441
183,5.11082,-3.52279,-0.374035
183,5.30092,-2.83244,0.303783
183,5.05228,-3.65353,-0.565883
183,5.04402,-3.58657,-0.566793
183,5.17258,-1.28787,0.427036
183,5.32801,-3.10659,0.269165
183,5.31359,-2.83691,0.312424
183,5.32105,-3.01136,0.276778
183,5.28841,-2.8307,0.244012
183,5.33949,-3.10095,0.283499
183,5.32999,-3.11408,0.252932
183,5.33143,-3.11766,0.252576
183,4.93466,-2.65664,-0.600635
183,5.08671,-0.792247,0.32957
183,4.89415,-2.32462,-0.625614
183,5.40521,-0.992782,1.03283
183,4.90421,-2.32289,-0.612801
183,5.19724,-1.29443,0.416139
183,5.28818,-2.75397,0.204376
183,4.79968,-1.29984,-0.590193
183,5.35556,-3.1208,0.251506
183,5.01694,-2.73057,-0.491812
183,5.42092,-0.983028,1.0293
183,5.01841,-2.71091,-0.494351
183,5.26997,-2.65968,0.138427
183,5.37361,-2.5047,0.43961
183,5.22339,-1.27373,0.41849
183,5.31109,-2.75995,0.19266
183,5.0279,-2.72725,-0.51216
183,5.30632,-2.75515,0.1725
183,5.02137,-2.70632,-0.530382
183,5.33612,-2.8816,0.201432
183,5.33515,-3.10756,0.128649
183,5.44678,-0.968267,1.0325
183,5.01496,-2.71836,-0.573761
183,5.04528,-2.71949,-0.504455
183,5.33465,-0.778457,0.785869
183,5.00332,-2.70124,-0.612944
183,5.0971,-3.28529,-0.571382
183,5.0981,-3.28539,-0.570679
183,5.40949,-1.00607,0.86766
183,5.02743,-2.72038,-0.594228
183,5.02138,-2.72891,-0.613544
183,5.10412,-3.45246,-0.628768
183,5.03145,-2.71833,-0.595778
183,5.19191,-1.96734,0.0265162
183,5.09139,-3.26245,-0.608379
183,5.09576,-3.2982,-0.609579
183,5.01449,-2.68126,-0.631831
183,5.30134,-2.83107,0.0359926
183,5.82104,-3.46368,1.13751
183,5.09887,-3.26943,-0.607073
183,5.02716,-2.69465,-0.621193
183,5.82608,-3.4649,1.13942
183,5.37326,-3.13282,0.10589
183,5.7935,-3.45342,1.05402
183,5.30674,-2.80336,0.02336
183,5.11996,-3.2932,-0.588781
183,5.34583,-3.0253,0.0521936
183,5.05245,-2.72799,-0.591493
183,5.20017,-3.40796,-0.42518
183,5.10962,-3.30805,-0.623247
183,5.13681,-3.4332,-0.598679
183,5.14087,-3.30508,-0.551204
183,5.30807,-2.73451,0.0348337
183,5.27951,-2.66475,-0.0213954
183,5.13837,-3.54769,-0.640487
183,5.28485,-2.75188,-0.0409234
183,5.13298,-3.44935,-0.627605
183,5.28062,-0.564841,0.590859
183,5.15282,-3.27101,-0.535928
183,5.14651,-3.41245,-0.593979
183,5.15232,-3.47421,-0.609049
183,5.36107,-3.02674,0.0400444
183,5.40299,-3.13666,0.109868
183,5.30015,-2.74942,-0.0323488
183,5.40728,-3.13764,0.108615
183,5.37913,-0.68821,0.75516
183,5.33476,-2.80454,0.0135254
183,5.69157,-3.38743,0.725717
183,5.27613,-3.45196,-0.330411
183,5.35498,-3.13153,-0.0415275
183,5.17344,-3.26131,-0.533627
183,5.33065,-2.83284,-0.0185803
183,5.25949,-0.533532,0.480071
183,5.17773,-3.2625,-0.537133
183,5.5786,-3.36111,0.429379
183,5.1474,-3.27437,-0.627506
183,5.71017,-3.4022,0.736778
183,5.33751,-3.08815,-0.114362
183,5.17962,-3.59778,-0.661066
183,5.18138,-3.41802,-0.607616
183,5.28041,-3.46565,-0.380782
183,5.19219,-3.26697,-0.54461
183,5.1742,-3.33558,-0.612915
183,5.39259,-1.13366,0.575802
183,5.29363,-2.90298,-0.19922
183,5.25083,-3.38658,-0.453275
183,5.40917,-0.675049,0.733196
183,5.3978,-1.20039,0.533043
183,5.57095,-3.34315,0.329785
183,5.35341,-1.12041,0.411669
183,5.52865,-0.936715,0.895218
183,5.36281,-1.1206,0.408547
183,5.32575,-2.90932,-0.222747
183,5.48589,-3.33114,0.0467755
183,5.18561,-1.25496,-0.0881763
183,5.77115,-3.46219,0.712039
183,5.48705,-3.33126,0.0289102
183,5.22211,-2.65505,-0.432324
183,5.38156,-1.0202,0.432835
183,5.78973,-3.43226,0.715221
183,5.50638,-3.33632,0.0338193
183,5.35917,-3.06138,-0.270006
183,5.34378,-1.25169,0.227192
183,5.42383,-0.454481,0.660258
183,5.53032,-3.34295,0.0670559
183,5.53259,-3.33881,0.0736347
183,5.26837,-1.30942,0.0109494
183,5.3413,-2.97484,-0.306272
183,5.36667,-3.4136,-0.381354
183,5.41078,-1.00885,0.438885
183,5.44059,-1.11062,0.457021
183,5.33884,-3.24735,-0.432549
183,5.52297,-3.37314,-0.0126259
183,5.26682,-2.69212,-0.458622
183,5.56162,-1.1067,0.746058
183,5.55872,-3.4527,0.0403144
183,5.5563,-3.43653,0.0318215
183,5.42362,-3.53602,-0.329614
183,5.45585,-0.40825,0.660195
183,5.35031,-3.26097,-0.457398
183,5.27808,-2.66816,-0.463964
183,5.55954,-3.38398,0.0230448
183,5.45708,-1.24128,0.401247
183,5.53701,-3.36434,-0.0429901
183,5.31985,-0.532755,0.234779
183,5.39629,-1.22225,0.220593
183,5.56634,-2.20089,0.351325
183,5.29533,-2.6498,-0.462643
183,5.628,-2.50818,0.39527
183,5.37843,-3.26768,-0.46753
183,5.37914,-3.28393,-0.470821
183,5.58511,-2.22775,0.343252
183,5.29384,-2.89535,-0.581539
183,5.39432,-1.30336,0.13035
183,5.60883,-3.46051,0.0190602
183,5.3499,-2.25573,-0.280007
183,5.44939,-1.24756,0.234055
183,5.47642,-0.895193,0.378947
183,5.3556,-3.05857,-0.604108
183,5.45066,-1.23547,0.166455
183,5.63065,-2.21717,0.317737
183,5.54015,-1.76489,0.222788
183,5.46853,-1.25642,0.193385
183,5.39959,-2.3851,-0.318303
183,5.4222,-2.40066,-0.27224
183,5.47588,-1.77578,0.024632
183,5.48697,-1.77257,0.0144854
183,5.61966,-1.91576,0.299307
183,5.63037,-1.9134,0.32283
183,5.62809,-1.91525,0.300243
183,5.67053,-2.20965,0.311256
183,5.49838,-1.57655,0.0552607
183,5.36552,-2.15825,-0.456088
183,5.61592,-1.60722,0.320453
183,5.50729,-1.57834,0.0545231
183,5.49008,-1.57685,-0.000257373
183,5.49496,-1.57743,0.00610739
183,5.61683,-1.91655,0.209013
183,5.62282,-1.60748,0.31407
183,5.53778,-1.71586,0.0625654
183,5.53672,-1.72134,0.0565418
183,5.55757,-1.61834,0.138443
183,5.49351,-1.57986,-0.0153918
183,5.54342,-1.94333,-0.00467592
183,5.63096,-1.95323,0.208218
183,5.61389,-1.79799,0.208694
183,5.63527,-2.01195,0.197825
183,5.49906,-1.57799,-0.0158501
183,5.56828,-2.09971,0.000696182
183,5.57867,-2.04441,0.0409742
183,5.70437,-2.20585,0.306491
183,5.57848,-1.93171,0.0733885
183,5.5349,-1.58995,0.0654786
183,5.58087,-2.03744,0.039839
183,5.56414,-1.90249,0.0310863
183,5.5542,-1.95706,-0.0124687
183,5.57977,-1.89824,0.0639486
183,5.49937,-1.723,-0.0882619
183,5.25963,-1.25681,-0.548268
183,5.57258,-2.05287,-0.00408715
183,5.53488,-1.74841,-0.00853819
183,5.45827,-2.58765,-0.455417
183,5.56801,-1.99274,-0.00581807
183,5.53748,-1.5511,0.0480705
183,5.5889,-1.98283,0.0471635
183,5.57793,-1.80533,0.0713928
183,5.57454,-1.61282,0.119504
183,5.61388,-2.1374,0.0579883
183,5.59778,-2.0823,0.0328182
183,5.58365,-1.87734,0.0546424
183,5.57802,-1.87858,0.0400447
183,5.55928,-1.76259,0.0261559
183,5.60113,-2.00171,0.0505096
183,5.59075,-1.82227,0.075884
183,5.57293,-1.77269,0.0433957
183,5.58925,-2.08364,-0.00809568
183,5.59781,-2.01861,0.0281931
183,5.57531,-1.79203,0.0305179
183,5.5683,-2.08819,-0.07558
183,5.60299,-2.106,0.00520885
183,5.59458,-1.96322,0.0251085
183,5.5381,-1.58571,-0.00784993
183,5.53741,-1.87411,-0.0952836
183,5.57045,-1.76752,0.0178623
183,5.49047,-2.25412,-0.326023
183,5.61873,-2.08919,0.0426922
183,5.53775,-1.57716,-0.00821656
183,5.598,-1.9223,0.0375466
183,5.56324,-1.7851,-0.0115771
183,5.56331,-2.06947,-0.0961958
183,5.27954,-1.34941,-0.591029
183,5.5159,-1.8988,-0.170244
183,5.59072,-1.84874,0.0302269
183,5.48578,-0.401467,0.195008
183,5.60695,-1.872,0.0614468
183,5.56465,-1.56716,0.0445575
183,5.28127,-1.24234,-0.567134
183,5.32326,-1.24926,-0.465263
183,5.58356,-1.70494,0.0462906
183,5.27898,-1.33204,-0.605918
183,5.59895,-1.87373,0.0296918
183,5.5312,-1.93948,-0.163183
183,5.68356,-2.00359,0.195583
183,5.57889,-2.10034,-0.0989897
183,5.32296,-1.20885,-0.473274
183,5.58246,-1.84441,-0.0143247
183,5.57392,-1.56738,0.0420315
183,5.56092,-1.92922,-0.0994694
183,5.64092,-2.12042,0.0386694
183,5.58855,-1.79542,0.00311249
183,5.53393,-1.92495,-0.177051
183,5.58889,-2.14581,-0.105757
183,5.58655,-1.8291,-0.0180522
183,5.62959,-1.97391,0.0384702
183,5.2935,-1.31602,-0.612981
183,5.62637,-1.60167,0.132417
183,5.59566,-1.59833,0.0562131
183,5.62469,-1.59632,0.126849
183,5.33278,-1.59349,-0.61081
183,5.32892,-1.56716,-0.614527
183,5.60269,-2.13777,-0.102065
183,5.30087,-1.28695,-0.603768
183,5.59025,-2.03909,-0.107691
183,5.64351,-1.91488,0.0589241
183,5.59116,-1.95661,-0.0905325
183,5.3479,-1.22645,-0.483474
183,5.55731,-1.91308,-0.167431
183,5.57184,-2.03756,-0.170563
183,5.59555,-1.97608,-0.0932654
183,5.68641,-1.73617,0.191884
183,5.57258,-2.04255,-0.186068
183,5.58015,-2.03423,-0.175249
183,5.60918,-1.78245,-0.0282958
183,5.58188,-2.0476,-0.181903
183,5.57785,-2.04853,-0.19464
183,5.32705,-1.22706,-0.58042
183,5.5868,-2.04079,-0.174858
183,5.60748,-1.95333,-0.0989549
183,5.37177,-1.57827,-0.579556
183,5.60065,-1.89615,-0.102882
183,5.32212,-1.31233,-0.627272
183,5.61629,-2.03449,-0.111899
183,5.68417,-2.10471,0.0325378
183,5.57441,-1.91967,-0.189739
183,5.38073,-1.58947,-0.583069
183,5.37302,-1.62143,-0.614384
183,5.58374,-1.70091,-0.112542
183,5.5816,-2.48169,-0.364926
183,5.64227,-1.69745,0.0158584
183,5.61352,-1.89328,-0.114703
183,5.65912,-2.00008,-0.037412
183,5.36198,-1.54466,-0.648782
183,5.64799,-2.11416,-0.116225
183,5.59729,-2.52008,-0.368269
183,5.55618,-2.44992,-0.45267
183,5.34447,-1.31511,-0.646045
183,5.60244,-1.92048,-0.192617
183,5.39461,-1.60738,-0.62007
183,5.36339,-1.21986,-0.590188
183,5.64972,-2.0426,-0.125318
183,5.39919,-1.60983,-0.622249
183,5.57651,-2.23068,-0.367512
183,5.40385,-1.56941,-0.613311
183,5.61727,-1.94034,-0.205318
183,5.60765,-2.51055,-0.414945
183,5.53558,-2.23439,-0.513429
183,5.39737,-1.57452,-0.663345
183,5.53997,-2.23809,-0.509131
183,5.44666,-1.68452,-0.582095
183,5.44281,-1.6295,-0.589994
183,5.43093,-1.55976,-0.599888
183,5.57325,-1.61014,-0.267411
183,5.57749,-1.6119,-0.260054
183,5.74825,-2.07995,0.00929087
183,5.52875,-2.21236,-0.583311
183,5.64227,-1.93996,-0.219999
183,5.64614,-1.93913,-0.214146
183,5.53756,-2.14547,-0.553919
183,5.53459,-2.13081,-0.561298
183,5.45509,-1.55715,-0.618719
183,5.49604,-1.62678,-0.542527
183,5.47501,-1.6045,-0.604795
183,5.46395,-1.57491,-0.633129
183,5.48171,-1.61264,-0.615152
183,5.49198,-1.59113,-0.594446
183,5.70469,-2.00834,-0.23892
183,5.75762,-2.10337,-0.143274
183,5.75701,-1.66053,-0.177697
183,5.58814,-1.58745,-0.584718
183,8.91585,-3.09636,0.460754
183,8.98799,-3.09396,0.455411
183,8.7156,-1.37561,-0.50964
183,5.33111,-3.16084,-0.0805907
182,5.33111,-3.16084,-0.0805907
183,4.95283,-2.43035,0.0601912
182,4.95283,-2.43035,0.0601912
183,5.50155,-2.48794,-0.116565
182,5.50155,-2.48794,-0.116565
183,5.44181,-2.35143,-0.340628
182,5.44181,-2.35143,-0.340628
183,5.83696,-0.984108,0.29774
182,5.83696,-0.984108,0.29774
183,5.11875,-1.36694,0.102537
182,5.11875,-1.36694,0.102537
183,5.11234,-2.96825,-0.218942
182,5.11234,-2.96825,-0.218942
183,4.71049,-1.41268,-0.387012
182,4.71049,-1.41268,-0.387012
183,5.36117,-3.2951,0.550593
182,5.36117,-3.2951,0.550593
183,5.59936,-2.04227,0.0294611
182,5.59936,-2.04227,0.0294611
183,5.27855,-1.09063,0.573227
182,5.27855,-1.09063,0.573227
183,4.73788,-1.271,0.417905
182,4.73788,-1.271,0.417905
183,3.83996,-1.60883,-0.20315
182,3.83996,-1.60883,-0.20315
183,5.52697,-3.33479,0.520787
182,5.52697,-3.33479,0.520787
183,4.81839,-2.58058,-0.613591
182,4.81839,-2.58058,-0.613591
183,5.28789,-3.14786,0.561612
181,5.28789,-3.14786,0.561612
183,5.16836,-2.7399,0.542051
181,5.16836,-2.7399,0.542051
183,5.64274,-2.12274,0.0205062
181,5.64274,-2.12274,0.0205062
183,5.31655,-2.78948,0.576014
181,5.31655,-2.78948,0.576014
183,5.26885,-1.27231,-0.0104497
181,5.26885,-1.27231,-0.0104497
183,5.78507,-2.62097,-0.419078
181,5.78507,-2.62097,-0.419078
183,5.43483,-1.23997,0.577121
181,5.43483,-1.23997,0.577121
183,5.38853,-3.29746,0.491204
178,5.38853,-3.29746,0.491204
183,5.41184,-2.99124,0.672842
178,5.41184,-2.99124,0.672842
183,5.55107,-2.00919,-0.00123898
178,5.55107,-2.00919,-0.00123898
183,5.35884,-0.49405,0.586343
178,5.35884,-0.49405,0.586343
183,5.32676,-3.35534,0.686818
178,5.32676,-3.35534,0.686818
183,5.6461,-2.46471,0.0400355
180,5.6461,-2.46471,0.0400355
183,5.46611,-2.42242,-0.366378
180,5.46611,-2.42242,-0.366378
183,5.649,-2.46532,0.0393919
180,5.649,-2.46532,0.0393919
183,5.31801,-2.67941,-0.0309849
180,5.31801,-2.67941,-0.0309849
183,5.39374,-2.37989,0.0601658
179,5.39374,-2.37989,0.0601658
183,5.30505,-2.38589,0.0724922
179,5.30505,-2.38589,0.0724922
183,5.83548,-2.45482,-0.478514
179,5.83548,-2.45482,-0.478514
183,5.22217,-3.37753,-0.417557
179,5.22217,-3.37753,-0.417557
183,5.75289,-3.44518,1.10768
177,5.75289,-3.44518,1.10768
183,5.57219,-3.38712,0.0188511
177,5.57219,-3.38712,0.0188511
183,5.78411,-3.4518,1.11109
177,5.78411,-3.4518,1.11109
183,5.44754,-1.22449,0.747806
172,5.44754,-1.22449,0.747806
183,5.57801,-1.2931,0.768312
172,5.57801,-1.2931,0.768312
183,6.97908,-2.48985,-0.467463
172,6.97908,-2.48985,-0.467463
183,5.20173,-2.59278,0.537319
172,5.20173,-2.59278,0.537319
183,5.35379,-3.12556,0.447226
172,5.35379,-3.12556,0.447226
183,5.60545,-3.37173,0.430731
176,5.60545,-3.37173,0.430731
183,5.41771,-3.3567,0.590399
176,5.41771,-3.3567,0.590399
184,3.36244,-2.63945,0.681955
184,5.34157,-3.50204,1.27147
184,5.34902,-3.50989,1.27847
184,5.34813,-3.52147,1.22064
184,5.37448,-3.51738,1.27663
184,4.95987,-3.61951,-0.248252
184,4.96027,-3.61306,-0.249348
184,4.98392,-3.58879,-0.230021
184,5.00784,-3.48159,-0.176218
184,5.02141,-3.56135,-0.211323
184,5.02359,-3.6208,-0.258292
184,5.01617,-3.51744,-0.283015
184,4.98301,-3.57627,-0.427683
184,5.0421,-3.64375,-0.258439
184,5.00589,-3.59595,-0.395582
184,5.06003,-3.60686,-0.232086
184,5.06111,-3.64028,-0.274253
184,5.04112,-3.52403,-0.300239
184,5.04059,-3.519,-0.302001
184,5.0709,-3.54444,-0.208446
184,5.07258,-3.66494,-0.278632
184,5.27129,-3.08169,0.682386
184,5.0914,-3.66636,-0.275235
184,5.05424,-3.60209,-0.422269
184,4.71514,-1.33041,-0.565062
184,5.24893,-2.64015,0.69181
184,4.71754,-1.32637,-0.566153
184,5.31276,-3.04688,0.693497
184,5.26528,-2.64519,0.707329
184,5.25455,-2.62881,0.66246
184,5.26514,-2.6298,0.689704
184,5.33062,-3.06537,0.697419
184,5.3167,-2.90626,0.720984
184,5.2758,-2.63153,0.703724
184,5.27468,-2.62244,0.698671
184,5.34217,-3.0906,0.713035
184,5.34357,-3.07136,0.726842
184,5.34548,-3.10431,0.717449
184,5.37342,-3.38546,0.67834
184,5.32596,-2.95985,0.709181
184,5.32267,-2.90584,0.718788
184,5.28841,-2.98199,0.546959
184,5.28631,-2.63408,0.70095
184,5.35246,-3.09871,0.714561
184,5.36362,-3.13377,0.726702
184,5.3753,-3.17406,0.747673
184,5.37523,-3.17472,0.74295
184,5.32971,-2.87944,0.718614
184,5.27852,-3.00274,0.476598
184,5.27586,-2.99412,0.466755
184,5.08527,-3.58968,-0.483825
184,5.37787,-3.18759,0.728111
184,5.33996,-2.91015,0.719071
184,5.24845,-1.29366,1.1574
184,5.28946,-3.10901,0.444732
184,5.34041,-2.94321,0.696681
184,5.33649,-2.94587,0.668468
184,5.30535,-2.99993,0.525424
184,5.12944,-3.51052,-0.341288
184,5.29375,-3.00401,0.474541
184,5.2973,-3.11772,0.42718
184,5.35939,-2.94992,0.707117
184,5.30463,-3.12202,0.428784
184,5.40278,-3.19648,0.724605
184,5.29777,-2.99871,0.431431
184,5.30264,-2.97627,0.419826
184,5.31121,-3.11045,0.386127
184,5.37687,-2.947,0.693199
184,5.1409,-3.46586,-0.383544
184,5.31629,-3.13321,0.387422
184,5.32215,-2.90358,0.496812
184,5.37794,-3.52475,0.386805
184,5.295,-2.80084,0.394937
184,5.36493,-3.51881,0.300975
184,5.31609,-1.19473,1.22136
184,5.10391,-3.29668,-0.518396
184,4.99754,-2.69628,-0.623909
184,5.34523,-3.13821,0.379615
184,5.38742,-3.53966,0.338071
184,5.40411,-3.53553,0.397705
184,4.88493,-1.32471,-0.391431
184,5.03228,-2.70815,-0.524715
184,5.03996,-2.73718,-0.51474
184,5.32787,-2.99575,0.374317
184,5.31361,-3.01587,0.312243
184,5.12466,-3.33083,-0.501473
184,5.29609,-2.80582,0.345663
184,4.84179,-1.32449,-0.555696
184,5.00432,-2.70115,-0.633283
184,5.00166,-2.7023,-0.648739
184,4.84176,-1.31937,-0.561383
184,5.02272,-2.69192,-0.572366
184,5.3071,-2.97248,0.29527
184,5.0249,-2.68685,-0.564074
184,5.32441,-2.97864,0.350263
184,5.31227,-2.80203,0.388489
184,5.10575,-3.27883,-0.562584
184,5.11866,-3.29447,-0.525337
184,5.10618,-3.28244,-0.564518
184,5.65116,-3.42731,1.28134
184,5.31257,-3.01874,0.281413
184,5.10348,-3.29416,-0.584322
184,5.13059,-3.31851,-0.504779
184,5.3306,-1.24977,1.16659
184,5.12123,-3.30263,-0.543676
184,5.1224,-3.30391,-0.55025
184,5.03876,-2.72231,-0.574323
184,5.04197,-2.72168,-0.565052
184,5.33608,-2.94957,0.355271
184,5.11845,-3.28642,-0.569739
184,5.11012,-3.30943,-0.610962
184,5.03571,-2.72488,-0.607071
184,5.035,-2.71989,-0.607231
184,5.03982,-2.69389,-0.579077
184,5.33146,-3.01891,0.290293
184,5.32564,-2.98039,0.287433
184,5.15056,-1.32613,0.438906
184,5.07211,-2.72634,-0.501996
184,5.14886,-3.33972,-0.521322
184,5.12579,-3.28475,-0.576961
184,5.33032,-3.02183,0.264604
184,5.12443,-3.30032,-0.590814
184,5.67737,-3.44345,1.28515
184,5.34912,-1.23935,1.1664
184,5.75108,-3.7842,1.35798
184,5.05999,-2.72426,-0.575748
184,5.33968,-3.02332,0.266345
184,5.07364,-2.72899,-0.533163
184,5.06292,-2.72182,-0.573988
184,5.68976,-3.43819,1.28998
184,5.35399,-3.12905,0.241784
184,5.05629,-2.72794,-0.622457
184,5.21246,-3.58103,-0.477288
184,5.3254,-2.94983,0.213883
184,5.26932,-0.833641,1.00863
184,5.69773,-3.44762,1.2844
184,5.3315,-3.01817,0.186318
184,5.24271,-3.44355,-0.332825
184,4.98335,-1.31183,-0.245367
184,5.31662,-1.23881,0.959013
184,5.34147,-3.06035,0.186363
184,5.29324,-2.75821,0.155693
184,5.31418,-2.87365,0.174114
184,5.32555,-2.90899,0.195185
184,5.43723,-1.183,1.39924
184,5.18397,-1.34324,0.432874
184,5.35474,-3.07708,0.215714
184,5.34055,-3.02406,0.190275
184,5.34436,-3.05632,0.185089
184,5.31542,-2.87992,0.163379
184,5.17102,-3.27023,-0.531344
184,5.32323,-3.01765,0.118885
184,5.41343,-1.19926,1.27684
184,5.17157,-3.2729,-0.549277
184,5.176,-3.26303,-0.531357
184,5.41483,-1.19604,1.2793
184,5.79859,-3.83801,1.38376
184,5.32796,-3.0196,0.109458
184,5.36655,-3.0764,0.216254
184,5.31718,-3.01668,0.0578604
184,5.32754,-3.03748,0.0795037
184,5.43492,-1.18102,1.33021
184,5.28106,-2.80592,0.0229614
184,5.80693,-3.79834,1.40448
184,5.80498,-3.77766,1.40399
184,5.3614,-3.06082,0.175105
184,5.44144,-1.15384,1.35298
184,5.36363,-3.13555,0.145768
184,5.81365,-3.84315,1.38796
184,5.81217,-3.79778,1.40375
184,5.3438,-1.17278,0.967738
184,5.35459,-3.05177,0.114581
184,5.37032,-3.11161,0.141482
184,5.43821,-1.12325,1.31127
184,5.35384,-3.02424,0.108353
184,5.3047,-2.75775,0.0582657
184,5.3479,-3.04133,0.0663173
184,5.31762,-0.797274,1.01077
184,5.38076,-3.14049,0.129168
184,5.35905,-3.06113,0.0860557
184,5.38662,-2.50874,0.440347
184,5.37248,-3.13839,0.0931954
184,5.45724,-1.11238,1.33375
184,5.28888,-2.80836,-0.0597011
184,5.39004,-0.95121,1.16226
184,5.37543,-1.1619,1.01082
184,5.32595,-2.96717,-0.0144389
184,5.33045,-3.03748,-0.0369613
184,5.28993,-2.75655,-0.0537235
184,5.4256,-1.05337,1.20882
184,5.45494,-1.04387,1.29686
184,4.96878,-1.30675,-0.537384
184,5.49263,-1.16685,1.36122
184,5.3546,-3.13324,-0.0520905
184,5.37419,-3.14371,0.00883514
184,5.23985,-3.23966,-0.509823
184,5.46466,-1.03973,1.29982
184,5.48919,-1.17326,1.31781
184,5.43564,-1.22586,1.10091
184,5.42829,-1.05473,1.14134
184,5.33869,-3.01662,-0.0974523
184,5.34525,-3.08839,-0.115387
184,5.48608,-1.04128,1.33959
184,5.22934,-1.04841,0.428178
184,5.34364,-3.02335,-0.105989
184,5.34577,-3.09641,-0.138015
184,5.43682,-1.03251,1.14998
184,5.44471,-3.32343,0.100157
184,5.26086,-3.24357,-0.523667
184,5.33964,-2.91206,-0.0913634
184,5.51051,-1.16167,1.32252
184,5.32309,-2.94381,-0.189189
184,5.43068,-0.989425,1.09737
184,5.3662,-3.09744,-0.123088
184,5.32059,-2.95911,-0.218767
184,5.4576,-3.32919,0.0857873
184,5.54469,-3.35542,0.372675
184,5.54469,-3.35,0.361745
184,5.33646,-0.509515,0.963165
184,5.21053,-0.586906,0.478142
184,5.48104,-1.02953,1.2173
184,5.33609,-3.01857,-0.236383
184,5.48559,-3.38837,0.111249
184,5.37607,-3.49946,-0.334536
184,5.33883,-3.0197,-0.242441
184,5.48641,-1.02187,1.21552
184,5.34247,-2.9462,-0.197393
184,5.47272,-0.970993,1.17947
184,5.47562,-0.97083,1.17982
184,5.24805,-2.65741,-0.423414
184,5.39113,-3.51547,-0.326854
184,5.46257,-3.34445,-0.00752789
184,5.17068,-1.29821,-0.0817237
184,5.80181,-3.46501,1.11823
184,5.48431,-3.3355,0.0593194
184,5.36252,-3.12183,-0.275093
184,5.25958,-2.66338,-0.443436
184,5.46307,-1.10489,1.00128
184,5.19038,-1.29663,-0.054836
184,5.41441,-3.54953,-0.336265
184,5.46307,-1.09787,0.978573
184,5.34058,-1.2984,0.415144
184,5.35999,-3.26245,-0.440788
184,5.39497,-1.25237,0.62129
184,5.28122,-2.6675,-0.45001
184,5.52217,-3.42921,0.0392055
184,5.43916,-0.986778,0.893524
184,5.42911,-1.22219,0.740456
184,5.28645,-2.66689,-0.440862
184,5.72045,-3.39833,0.740546
184,5.51499,-3.37064,0.0265753
184,5.36317,-3.26851,-0.471899
184,5.24001,-1.33358,-0.00212216
184,5.4016,-1.24737,0.600795
184,5.28615,-0.616981,0.477975
184,5.56088,-3.4488,0.0348955
184,5.5637,-3.4423,0.0239646
184,5.24084,-0.564691,0.240155
184,5.56525,-3.44031,0.025674
184,5.57345,-1.15732,1.07406
184,5.43481,-1.21841,0.54245
184,5.78631,-3.43311,0.720161
184,5.58805,-3.44308,0.0172661
184,5.78729,-3.42726,0.725374
184,5.78463,-3.43519,0.703723
184,5.3676,-0.950314,0.392921
184,5.59001,-3.39219,0.0101569
184,5.59278,-2.51098,0.396986
184,5.61665,-3.42855,0.0470342
184,5.5228,-1.03806,0.820663
184,5.40961,-1.01361,0.433239
184,5.62527,-3.42999,0.0425798
184,5.63082,-3.42973,0.0550821
184,5.53973,-1.02599,0.824892
184,5.62086,-2.5122,0.405455
184,5.43203,-0.477308,0.697529
184,5.4494,-1.2432,0.390883
184,5.62979,-1.13288,1.07653
184,5.79345,-3.47762,0.527258
184,5.52811,-1.00774,0.755503
184,5.34559,-0.422498,0.37921
184,5.40915,-1.93073,-0.107408
184,5.62951,-2.51294,0.392125
184,5.59941,-1.07638,0.958743
184,5.43951,-0.615303,0.565756
184,5.44887,-0.978427,0.423545
184,5.68155,-1.04958,1.19196
184,5.39296,-0.685928,0.329074
184,5.43175,-1.26781,0.190717
184,5.50697,-1.77105,0.21798
184,5.42707,-1.9192,-0.13816
184,5.39379,-0.681153,0.314296
184,5.54705,-1.17461,0.610719
184,5.43483,-1.74851,-0.0577809
184,5.52123,-0.970242,0.59887
184,5.4492,-1.26488,0.204059
184,5.22671,-1.24758,-0.572694
184,5.52902,-1.77072,0.242462
184,5.48165,-1.74838,0.0796632
184,5.50399,-1.23726,0.387649
184,5.45628,-1.26617,0.149079
184,5.33022,-1.25932,-0.321318
184,5.4733,-1.91117,-0.136373
184,5.54936,-0.97782,0.567123
184,5.48665,-1.24707,0.217707
184,5.27518,-1.25958,-0.536565
184,5.62102,-1.92172,0.321832
184,5.56242,-1.97781,0.0848877
184,5.6265,-1.92037,0.332736
184,5.28359,-1.25135,-0.560822
184,5.28419,-1.30331,-0.592164
184,5.28794,-1.23858,-0.56255
184,5.51272,-1.57713,0.0674937
184,5.43794,-2.14929,-0.480923
184,5.57934,-2.04505,0.0544675
184,5.29978,-1.32133,-0.599416
184,5.3395,-1.28541,-0.445455
184,5.54242,-1.72167,0.0630434
184,5.50482,-1.57526,-0.00808555
184,5.39771,-0.335474,0.197378
184,5.50237,-1.58637,-0.030628
184,5.66131,-1.10091,0.756533
184,5.51231,-1.59001,-0.00304961
184,5.63807,-2.08429,0.199536
184,5.51156,-1.57527,-0.0078333
184,5.52351,-1.56767,0.0369664
184,5.57635,-1.87819,0.0697395
184,5.5332,-1.23014,0.217504
184,5.30633,-1.28605,-0.60751
184,5.58722,-1.90207,0.0772826
184,5.5311,-1.56937,0.0359619
184,5.58337,-1.93252,0.0411279
184,5.65272,-2.0814,0.214235
184,5.52691,-1.61182,-0.00798202
184,5.52128,-2.24532,-0.32654
184,5.3123,-1.27984,-0.60845
184,5.58981,-1.93385,0.0599874
184,5.58846,-1.90033,0.0686886
184,5.62177,-1.6072,0.320562
184,5.60194,-2.05791,0.025878
184,5.55284,-1.74855,-0.0078811
184,5.57431,-1.79872,0.0399691
184,5.60276,-1.96963,0.0594051
184,5.58531,-1.84525,0.0545895
184,5.59962,-1.93479,0.0577117
184,5.5522,-1.57337,0.059889
184,5.5796,-1.61827,0.131146
184,5.53516,-1.93291,-0.175915
184,5.59011,-1.80693,0.0737532
184,5.61728,-2.07936,0.0403997
184,5.60401,-1.93376,0.060071
184,5.66754,-2.07837,0.21228
184,5.60472,-2.02309,0.0171078
184,5.67177,-2.08404,0.222113
184,5.61765,-2.04226,0.0450407
184,5.59082,-1.81911,0.0554069
184,5.58694,-1.8201,0.0375986
184,5.63643,-1.6044,0.311195
184,5.59501,-1.9736,-0.0104744
184,5.39298,-1.21947,-0.36917
184,5.61266,-2.00644,0.0310866
184,5.59855,-1.97277,-0.00532997
184,5.58113,-1.80909,0.0066666
184,5.5439,-1.58314,-0.0207132
184,5.61573,-1.96842,0.0475908
184,5.61389,-1.88949,0.0754943
184,5.56683,-2.03103,-0.156936
184,5.56609,-1.58219,0.0513591
184,5.61156,-1.95708,0.0339795
184,5.59778,-1.84838,0.036336
184,5.38149,-1.61749,-0.618503
184,5.6019,-1.84731,0.0477265
184,5.59493,-1.61187,0.127672
184,5.6006,-1.98504,-0.0307686
184,5.34315,-1.22979,-0.583433
184,5.59315,-1.61219,0.115519
184,5.38894,-1.61511,-0.60677
184,5.56892,-2.04378,-0.177012
184,5.55495,-1.94374,-0.180346
184,5.40267,-1.64895,-0.578022
184,5.48134,-2.22869,-0.57622
184,5.64896,-2.13526,0.0550839
184,5.59074,-2.06917,-0.123834
184,5.57631,-1.9145,-0.102513
184,5.57961,-1.92817,-0.0991984
184,5.59928,-1.95061,-0.0408806
184,5.57606,-2.03926,-0.165156
184,5.65093,-2.12503,0.0562407
184,5.40654,-1.64756,-0.579065
184,5.49042,-2.24934,-0.568191
184,5.63283,-0.930298,0.552351
184,5.62396,-1.87288,0.0748153
184,5.5783,-2.04134,-0.167188
184,5.35174,-1.22558,-0.580674
184,5.61275,-2.02623,-0.044576
184,5.51357,-2.2439,-0.499909
184,5.41267,-1.64284,-0.572163
184,5.49254,-2.22689,-0.569283
184,5.41511,-1.67493,-0.582281
184,5.62068,-1.86749,0.0497954
184,5.50092,-2.25498,-0.557186
184,5.5876,-1.95766,-0.112723
184,5.41477,-1.65107,-0.576589
184,5.41275,-1.6296,-0.573727
184,5.60611,-2.10356,-0.120236
184,5.50162,-2.14027,-0.50959
184,5.61183,-2.14616,-0.12528
184,5.69749,-2.07624,0.20761
184,5.51614,-2.24513,-0.510704
184,5.63164,-2.09086,-0.0329252
184,5.42059,-1.64278,-0.572655
184,5.60284,-1.95776,-0.0883629
184,5.52824,-2.24878,-0.489579
184,5.62387,-2.14367,-0.103898
184,5.62004,-2.1271,-0.111736
184,5.42334,-1.64173,-0.575741
184,5.62404,-2.12487,-0.0990248
184,5.6213,-2.12563,-0.111033
184,5.5732,-1.5774,-0.0285207
184,5.40925,-1.57702,-0.606727
184,5.43541,-1.67595,-0.56913
184,5.57523,-1.57646,-0.0357838
184,5.58753,-1.83328,-0.116855
184,5.57919,-1.90934,-0.184284
184,5.59998,-2.04987,-0.181818
184,5.50991,-2.21622,-0.581797
184,5.63489,-1.8295,0.0378292
184,5.58606,-1.59553,-0.0319612
184,5.63858,-2.14651,-0.109206
184,5.51931,-2.20646,-0.574991
184,5.63855,-2.13948,-0.125631
184,5.52319,-2.13902,-0.53345
184,5.52142,-2.13971,-0.548972
184,5.52535,-2.13998,-0.535934
184,5.52879,-2.1391,-0.524134
184,5.6797,-1.72822,0.191264
184,5.52553,-2.1403,-0.549853
184,5.66523,-1.92919,0.0294888
184,5.4369,-1.5797,-0.616532
184,5.44845,-1.60802,-0.602642
184,5.46789,-1.642,-0.558161
184,5.54163,-2.1342,-0.537314
184,5.55749,-1.62237,-0.243248
184,5.66169,-2.1258,-0.135694
184,5.47461,-1.63678,-0.570887
184,5.67368,-2.09453,-0.133352
184,5.4884,-1.60287,-0.562129
184,5.56515,-2.1464,-0.550532
184,5.91191,-0.992966,1.19197
184,5.50218,-1.62531,-0.552721
184,5.58722,-2.16132,-0.618015
184,5.71522,-2.12515,-0.156277
184,5.60882,-2.15419,-0.624167
184,5.79183,-2.078,-0.0192881
184,5.7092,-1.92523,-0.265396
184,5.72197,-1.92875,-0.242441
184,5.71988,-1.92555,-0.275431
184,7.54908,-1.74581,-0.297723
184,5.38879,-3.30731,0.398325
183,5.38879,-3.30731,0.398325
184,5.48265,-3.33226,0.458231
183,5.48265,-3.33226,0.458231
184,5.70898,-2.69066,0.24706
183,5.70898,-2.69066,0.24706
184,4.50013,-2.4336,0.460527
183,4.50013,-2.4336,0.460527
184,5.05935,-3.04946,0.335325
183,5.05935,-3.04946,0.335325
184,5.24882,-2.82016,-0.558315
183,5.24882,-2.82016,-0.558315
184,5.36457,-3.52009,0.71902
183,5.36457,-3.52009,0.71902
184,4.98528,-1.23921,-0.597425
183,4.98528,-1.23921,-0.597425
184,4.80606,-1.36474,-0.436912
183,4.80606,-1.36474,-0.436912
184,4.96093,-2.71959,-0.530831
183,4.96093,-2.71959,-0.530831
184,5.77284,-3.41655,0.729696
183,5.77284,-3.41655,0.729696
184,5.29268,-3.44677,-0.46539
183,5.29268,-3.44677,-0.46539
184,5.41038,-3.30777,0.542233
183,5.41038,-3.30777,0.542233
184,5.00804,-1.22478,-0.667792
183,5.00804,-1.22478,-0.667792
184,5.26314,-1.41243,0.399588
182,5.26314,-1.41243,0.399588
184,5.46043,-1.29213,0.460324
182,5.46043,-1.29213,0.460324
184,5.46251,-1.28862,0.465278
182,5.46251,-1.28862,0.465278
184,4.73378,-1.40507,-0.389711
182,4.73378,-1.40507,-0.389711
184,4.84656,-1.34643,-0.451806
182,4.84656,-1.34643,-0.451806
184,4.84797,-1.34464,-0.4517
182,4.84797,-1.34464,-0.4517
184,4.85687,-1.33591,-0.462998
181,4.85687,-1.33591,-0.462998
184,5.15868,-1.23843,-0.193491
181,5.15868,-1.23843,-0.193491
184,5.02813,-1.32995,-0.0515184
181,5.02813,-1.32995,-0.0515184
184,5.13519,-2.94894,0.607582
181,5.13519,-2.94894,0.607582
184,5.35013,-0.318111,0.306036
178,5.35013,-0.318111,0.306036
184,5.57387,-3.44241,0.0206991
172,5.57387,-3.44241,0.0206991
184,6.39678,-3.6586,1.16101
172,6.39678,-3.6586,1.16101
184,5.35385,-0.440144,0.527498
177,5.35385,-0.440144,0.527498
184,5.41747,-3.54975,1.1774
177,5.41747,-3.54975,1.1774
184,5.45411,-3.12295,0.693351
177,5.45411,-3.12295,0.693351
184,5.649,-1.91727,0.313582
177,5.649,-1.91727,0.313582
184,5.27791,-2.88354,0.481379
180,5.27791,-2.88354,0.481379
184,5.31432,-2.94432,-0.116919
180,5.31432,-2.94432,-0.116919
184,5.62094,-1.60567,0.130216
180,5.62094,-1.60567,0.130216
184,5.51927,-2.12928,0.0462281
176,5.51927,-2.12928,0.0462281
184,5.33847,-2.97875,-0.11352
176,5.33847,-2.97875,-0.11352
184,5.39398,-2.95324,-0.0120095
176,5.39398,-2.95324,-0.0120095
184,5.33465,-3.03904,-0.0475014
175,5.33465,-3.03904,-0.0475014
185,4.54248,-2.75909,0.798399
185,5.34821,-3.50779,1.27029
185,5.36751,-3.50352,1.26101
185,5.37417,-3.51965,1.28005
185,5.39168,-3.52641,1.28677
185,5.39554,-3.52249,1.28727
185,5.44613,-3.5542,1.31615
185,5.33012,-3.50591,0.396534
185,5.44163,-3.50699,1.30129
185,5.45256,-3.55486,1.30378
185,5.45551,-3.55748,1.30469
185,5.27708,-2.99512,0.429218
185,5.29957,-3.11699,0.425222
185,5.30109,-3.12203,0.423583
185,5.28592,-3.00025,0.431611
185,5.30404,-3.12022,0.425284
185,5.30447,-3.12082,0.419836
185,5.31171,-3.1334,0.413375
185,5.34797,-3.09715,0.714428
185,5.35106,-3.09673,0.729038
185,5.36639,-3.5321,0.357184
185,5.36558,-3.53291,0.346245
185,5.33227,-2.9637,0.708768
185,5.32177,-3.13821,0.400908
185,5.33566,-2.95319,0.707022
185,5.34039,-2.96297,0.713157
185,5.29277,-2.63945,0.686304
185,5.34065,-2.9534,0.701499
185,5.28105,-2.80404,0.362429
185,5.32894,-2.84511,0.706794
185,5.32994,-2.84934,0.697988
185,5.33253,-2.84452,0.710756
185,5.34348,-2.91967,0.703844
185,5.3364,-2.86718,0.70263
185,5.28634,-2.80416,0.343209
185,5.28072,-2.6275,0.474812
185,5.32497,-3.12118,0.249418
185,5.28311,-2.62931,0.447058
185,5.38911,-3.14351,0.721572
185,5.34691,-2.84896,0.706841
185,5.39004,-3.14179,0.724951
185,5.29088,-2.62695,0.474494
185,5.33101,-3.12524,0.241071
185,5.29065,-2.62853,0.448361
185,5.3355,-3.09643,0.262364
185,5.33292,-3.03889,0.073958
185,5.34038,-3.04939,0.119595
185,5.28925,-2.80576,-0.0375941
185,5.33405,-3.02214,0.0511133
185,5.30284,-2.80624,0.0283557
185,5.33507,-3.02295,0.0438455
185,5.33558,-3.0215,0.0475858
185,5.36631,-3.12635,0.137943
185,5.32387,-2.95934,-0.0613916
185,5.3684,-3.13509,0.103542
185,5.35233,-3.13101,-0.0400337
185,5.34487,-3.04499,-0.0491904
185,5.35853,-3.13449,-0.04211
185,5.19278,-0.780564,1.22119
185,5.34864,-3.08965,-0.115527
185,5.33872,-3.01653,-0.144461
185,5.20025,-0.777606,1.22539
185,5.35296,-3.0981,-0.138817
185,5.18088,-1.32693,0.431543
185,5.20217,-1.30936,0.429297
185,5.354,-0.904333,1.67715
185,5.36563,-0.971433,1.67101
185,5.35685,-1.24,1.22862
185,5.36289,-1.23646,1.2362
185,5.40612,-1.11436,1.6809
185,5.41498,-1.20252,1.59768
185,5.3952,-1.01969,1.62452
185,5.42007,-1.15131,1.67809
185,5.4134,-1.09947,1.6779
185,5.41977,-1.11853,1.70653
185,5.41455,-1.15178,1.62227
185,5.43323,-1.18733,1.7318
185,5.3976,-1.01805,1.62661
185,5.25244,-1.03586,0.418229
185,5.42291,-1.11643,1.70318
185,5.42344,-1.15958,1.65027
185,5.41845,-1.11837,1.65268
185,5.42062,-1.09674,1.68833
185,5.40801,-1.18258,1.4882
185,5.42262,-1.1162,1.68081
185,5.4027,-1.01993,1.62523
185,5.42067,-1.14672,1.62641
185,5.42083,-1.12313,1.65229
185,5.39468,-1.19124,1.35303
185,5.29944,-0.694943,1.12099
185,5.42817,-1.18853,1.60325
185,5.39883,-1.18877,1.3595
185,5.43207,-1.16652,1.65561
185,5.5476,-3.43317,0.0403726
185,5.43189,-1.18625,1.60275
185,5.41197,-1.00679,1.62429
185,5.43727,-1.13206,1.67993
185,5.55593,-3.45549,0.0389684
185,5.43156,-1.11079,1.65315
185,5.43232,-1.08713,1.68426
185,5.41682,-1.16915,1.46318
185,5.4387,-1.15554,1.65352
185,5.39833,-1.21887,1.23986
185,5.38915,-1.15237,1.23845
185,5.71388,-3.46682,1.28697
185,5.43661,-1.13832,1.63677
185,5.44351,-1.13483,1.68758
185,5.42763,-1.07528,1.6171
185,5.71387,-3.45433,1.27978
185,5.4423,-1.09929,1.70365
185,5.43606,-1.09691,1.65466
185,5.43278,-1.07263,1.65377
185,5.30328,-0.816437,0.884447
185,5.44392,-1.14466,1.65687
185,5.42751,-1.06124,1.60997
185,5.45342,-1.12016,1.73153
185,5.72068,-3.45764,1.28608
185,5.71944,-3.44572,1.28568
185,5.563,-3.42455,0.0296154
185,5.565,-3.4218,0.0309267
185,5.56903,-3.40917,0.0713049
185,5.35771,-0.724112,1.35357
185,5.48515,-1.22513,1.79678
185,5.44038,-1.05727,1.61248
185,5.73274,-3.46561,1.27814
185,5.72665,-3.44184,1.23827
185,5.39258,-1.18009,1.05175
185,5.72773,-3.42412,1.22348
185,5.40436,-1.14754,1.13681
185,5.8005,-3.78898,1.39991
185,5.83088,-3.83113,1.59616
185,5.83291,-3.83042,1.59832
185,5.44763,-1.11507,1.45527
185,5.44857,-1.11825,1.44973
185,5.41766,-1.19246,1.10186
185,5.45439,-1.17594,1.41673
185,5.45466,-1.17538,1.38892
185,5.44656,-1.05378,1.42518
185,5.45766,-1.11237,1.44482
185,5.51725,-1.22833,1.78695
185,5.44841,-1.04778,1.42135
185,5.31438,-0.81806,0.574175
185,5.4324,-1.13192,1.12523
185,5.43942,-1.1859,1.11541
185,5.4424,-1.17885,1.11192
185,5.62457,-3.42837,0.043366
185,5.42797,-1.13024,1.00289
185,5.42552,-1.12448,0.972853
185,5.3289,-1.30419,-0.0253022
185,5.46093,-1.21478,1.12169
185,5.46125,-1.21434,1.10015
185,5.7687,-2.91972,1.68989
185,5.76264,-2.92239,1.62774
185,5.76318,-2.9184,1.62983
185,5.76628,-2.92874,1.63068
185,5.76378,-2.91926,1.62022
185,5.76538,-2.92935,1.62066
185,5.76705,-2.93454,1.62111
185,5.43848,-1.16262,0.91357
185,5.44518,-1.17313,0.954924
185,5.77209,-2.91889,1.63498
185,5.46047,-1.19187,1.00632
185,5.47792,-1.20873,1.11947
185,5.78142,-2.92153,1.64176
185,5.47946,-1.20755,1.09541
185,5.56934,-1.22254,1.80588
185,5.79235,-2.92282,1.69487
185,5.7914,-2.91992,1.68705
185,5.45148,-1.1682,0.878983
185,5.5613,-1.24174,1.68343
185,5.41433,-1.12106,0.602591
185,5.45375,-1.16644,0.85343
185,5.79785,-2.92283,1.68721
185,5.79325,-2.92522,1.64499
185,5.56733,-1.24234,1.6806
185,5.80566,-2.92062,1.69403
185,5.44955,-1.08278,0.839688
185,5.44641,-0.984912,0.906767
185,5.40464,-1.02392,0.436879
185,5.81852,-2.92721,1.65394
185,5.50716,-1.19086,1.0542
185,5.45589,-1.05298,0.784176
185,5.43187,-1.10811,0.505088
185,5.83578,-2.92815,1.68363
185,5.44727,-1.10334,0.561711
185,5.47301,-0.975598,0.879589
185,5.41577,-0.6681,0.741637
185,5.39359,-0.697566,0.517782
185,5.48734,-1.1593,0.7517
185,5.40286,-0.663328,0.606057
185,5.53613,-1.1829,1.05924
185,5.53576,-1.17574,1.06079
185,5.4567,-1.10511,0.462276
185,5.46393,-1.10152,0.503938
185,5.64379,-2.51315,0.384772
185,5.44806,-1.24239,0.1829
185,5.46659,-1.09937,0.492307
185,5.49556,-0.95781,0.885705
185,5.41594,-0.673232,0.529529
185,5.65214,-2.51313,0.383849
185,5.51232,-1.91598,-0.156619
185,5.49196,-1.58842,0.0153209
185,5.51199,-1.14934,0.669123
185,5.51366,-1.90451,-0.17091
185,5.57125,-1.166,1.07762
185,5.48053,-0.972565,0.54922
185,5.53981,-1.93519,-0.155638
185,5.53213,-1.90074,-0.181159
185,5.42163,-1.21181,-0.366782
185,5.5444,-1.13767,0.690035
185,5.55592,-1.16044,0.757543
185,5.52566,-1.57568,0.0366688
185,5.4284,-1.21352,-0.353802
185,5.60708,-1.93425,0.291563
185,5.57667,-1.90793,0.0718378
185,5.52861,-1.57017,0.0370952
185,5.612,-1.93253,0.31007
185,5.61424,-1.92499,0.322215
185,5.58617,-1.94554,0.0650947
185,5.55361,-1.63232,0.147402
185,5.58452,-1.93351,0.0530186
185,5.61813,-1.93051,0.328299
185,5.58998,-1.94427,0.0770783
185,5.61445,-1.92221,0.299789
185,5.62537,-2.08859,0.198655
185,5.58524,-1.90195,0.079003
185,5.65955,-2.22107,0.321926
185,5.58933,-1.9588,0.038186
185,5.55757,-1.71321,0.0543811
185,5.58623,-1.93631,0.0361439
185,5.54218,-1.72148,-0.0919675
185,5.58511,-1.7655,0.201011
185,5.59139,-1.93447,0.056582
185,5.6226,-1.92516,0.320131
185,5.63136,-2.08716,0.207885
185,5.56304,-1.71808,0.0528463
185,5.55442,-1.80943,-0.12156
185,5.58317,-1.61911,0.31122
185,5.62398,-1.92173,0.302174
185,5.59105,-1.75198,0.220511
185,5.59835,-1.93788,0.0712738
185,5.57958,-2.03766,-0.198831
185,5.5973,-1.96156,0.0286977
185,5.60043,-2.10711,-0.110813
185,5.59898,-1.93335,0.0652642
185,5.59641,-1.94511,0.0275053
185,5.54107,-1.56595,-0.00795174
185,5.55649,-1.78075,-0.125386
185,5.60138,-1.9603,0.0383569
185,5.61913,-2.07886,0.0313618
185,5.59001,-1.84342,0.04724
185,5.64249,-2.08228,0.192898
185,5.61334,-2.00765,0.0382769
185,5.62822,-2.12146,0.0318944
185,5.57084,-1.71708,0.0159913
185,5.57516,-1.71517,0.0425383
185,5.57408,-1.72146,0.0265195
185,5.62371,-2.07396,0.0319125
185,5.63305,-2.12252,0.0466286
185,5.56061,-1.58579,0.0570573
185,5.61717,-2.01983,0.0130043
185,5.5778,-1.83944,-0.111609
185,5.57738,-1.73203,0.00355899
185,5.57594,-1.83674,-0.128233
185,5.59437,-2.0395,-0.205685
185,5.59638,-2.03859,-0.190181
185,5.59889,-1.84072,0.0522323
185,5.59913,-2.03753,-0.175034
185,5.55665,-1.58368,-0.0128655
185,5.61671,-1.96761,0.0447072
185,5.60214,-1.84784,0.0447914
185,5.59299,-1.91622,-0.110443
185,5.63841,-2.11928,0.0305989
185,5.61935,-1.96197,0.0477754
185,5.68615,-2.21863,0.298112
185,5.5965,-1.92634,-0.11094
185,5.60087,-1.95906,-0.115265
185,5.58212,-1.615,0.104888
185,5.60793,-1.60956,0.315017
185,5.60861,-1.87474,0.0221113
185,5.64885,-2.13953,0.0486345
185,5.63426,-2.09494,-0.0356014
185,5.59422,-1.76036,0.0112215
185,5.65129,-1.91378,0.304579
185,5.61584,-1.87213,0.0477225
185,5.63642,-1.97192,0.0220816
185,5.60351,-1.95017,-0.22703
185,5.62632,-1.60037,0.292022
185,5.60881,-1.60896,0.127733
185,5.61336,-1.94299,-0.215002
185,5.60497,-1.60085,0.0616112
185,5.63716,-1.82302,0.0385374
185,5.57135,-1.61352,-0.265555
185,5.6455,-2.03086,-0.133984
185,5.69656,-2.10092,0.0115705
185,8.90943,-3.24903,0.277673
185,9.01589,-3.26571,0.227632
185,5.05939,-1.35695,-0.05829
184,5.05939,-1.35695,-0.05829
185,5.10617,-1.32869,-0.0797321
184,5.10617,-1.32869,-0.0797321
185,5.30434,-1.18212,-0.277921
184,5.30434,-1.18212,-0.277921
185,5.1293,-1.29583,-0.154478
184,5.1293,-1.29583,-0.154478
185,5.68248,-1.11278,1.16548
184,5.68248,-1.11278,1.16548
185,5.5402,-1.12059,0.892341
184,5.5402,-1.12059,0.892341
185,5.52848,-1.04139,-0.343309
184,5.52848,-1.04139,-0.343309
185,5.57277,-1.94993,0.0300845
184,5.57277,-1.94993,0.0300845
185,5.5884,-1.83479,-0.11657
184,5.5884,-1.83479,-0.11657
185,5.39926,-1.11743,1.35124
184,5.39926,-1.11743,1.35124
185,5.00009,-1.37402,-0.0906583
184,5.00009,-1.37402,-0.0906583
185,5.40418,-1.07955,1.14655
184,5.40418,-1.07955,1.14655
185,5.50052,-1.04503,1.11989
184,5.50052,-1.04503,1.11989
185,5.50744,-0.940882,1.31185
184,5.50744,-0.940882,1.31185
185,5.58402,-1.00568,-0.368889
184,5.58402,-1.00568,-0.368889
185,5.60601,-1.22037,0.438284
184,5.60601,-1.22037,0.438284
185,5.45388,-0.980329,1.32283
184,5.45388,-0.980329,1.32283
185,5.43238,-1.10188,-0.341297
184,5.43238,-1.10188,-0.341297
185,5.47459,-1.90446,0.243786
183,5.47459,-1.90446,0.243786
185,5.65577,-2.51267,0.474602
183,5.65577,-2.51267,0.474602
185,5.53429,-1.82673,0.228666
183,5.53429,-1.82673,0.228666
185,5.58494,-1.80713,0.219559
183,5.58494,-1.80713,0.219559
185,5.45804,-1.19497,0.715617
183,5.45804,-1.19497,0.715617
185,5.52982,-1.26017,0.709988
183,5.52982,-1.26017,0.709988
185,5.22456,-3.47244,0.373831
183,5.22456,-3.47244,0.373831
185,5.5005,-2.08932,0.0608298
181,5.5005,-2.08932,0.0608298
185,5.58265,-2.0664,0.027886
181,5.58265,-2.0664,0.027886
185,5.64591,-1.53109,0.0378238
177,5.64591,-1.53109,0.0378238
185,5.46929,-1.22563,0.0884427
177,5.46929,-1.22563,0.0884427
185,5.44523,-1.20277,0.70354
177,5.44523,-1.20277,0.70354
185,5.35985,-0.500566,0.580967
178,5.35985,-0.500566,0.580967
185,5.34958,-0.549507,1.53353
178,5.34958,-0.549507,1.53353
185,5.40366,-0.662727,0.582929
178,5.40366,-0.662727,0.582929
186,4.2438,-2.30526,0.620703
186,4.59551,-2.74188,0.830943
186,4.59723,-2.74256,0.823205
186,5.07768,-2.16098,0.270372
186,5.32029,-3.51885,1.18234
186,5.32495,-3.5237,1.18544
186,5.24798,-3.02861,0.282503
186,5.25719,-3.03067,0.278938
186,5.25435,-2.98343,0.456722
186,5.26258,-2.99287,0.475372
186,5.26462,-2.99831,0.486374
186,5.2628,-2.98571,0.455741
186,5.26371,-2.98611,0.451582
186,5.26533,-2.98686,0.443312
186,5.26635,-2.98979,0.470532
186,5.2893,-3.11667,0.437485
186,5.29152,-3.06618,0.735034
186,5.2941,-3.08075,0.721403
186,5.28163,-3.00467,0.475123
186,5.27957,-2.96923,0.417548
186,5.28092,-2.97189,0.451051
186,5.28153,-2.97309,0.447164
186,5.28328,-2.97275,0.448155
186,5.28281,-2.97004,0.418093
186,5.38101,-3.52065,1.2876
186,5.28883,-2.96991,0.414149
186,5.29598,-3.01004,0.403549
186,5.29903,-2.99533,0.436103
186,5.25071,-2.65861,0.344642
186,5.30125,-3.00531,0.394927
186,5.37815,-3.52379,0.390878
186,5.25846,-2.66211,0.343989
186,5.40081,-3.52263,1.31494
186,5.31956,-3.04397,0.398184
186,5.33347,-3.0817,0.721319
186,5.33874,-3.08823,0.718966
186,5.28286,-2.62676,0.702273
186,5.35419,-3.12668,0.730569
186,5.42777,-3.53444,1.31629
186,5.31655,-2.86876,0.393671
186,5.31701,-2.8375,0.610018
186,5.30397,-2.72622,0.714405
186,5.30836,-2.80182,0.350474
186,5.30915,-2.802,0.353425
186,5.32891,-2.94536,0.305018
186,5.36966,-3.17285,0.728212
186,5.30847,-2.73164,0.715653
186,5.32724,-2.88961,0.471977
186,5.39107,-3.32237,0.595465
186,5.30872,-2.75732,0.20128
186,5.31578,-2.79893,0.252816
186,5.31672,-2.79879,0.260594
186,5.3226,-2.78415,0.683555
186,5.31029,-2.68877,0.701715
186,5.37898,-3.16705,0.736899
186,5.31213,-2.69161,0.704382
186,5.37406,-3.12571,0.729769
186,5.35,-2.95636,0.715541
186,5.34993,-2.95007,0.712636
186,5.33231,-2.86724,0.391457
186,5.31953,-2.72671,0.701741
186,5.30046,-2.62396,0.448077
186,5.33499,-2.8717,0.390908
186,5.34736,-2.91196,0.708097
186,5.31589,-2.75785,0.191604
186,5.33775,-2.83923,0.705036
186,5.32845,-2.76713,0.714384
186,5.40595,-3.31856,0.573984
186,5.31948,-2.68929,0.699631
186,5.38764,-3.14502,0.719903
186,5.33461,-2.76977,0.711832
186,5.35021,-2.87704,0.716973
186,5.39234,-3.17144,0.736447
186,5.34973,-2.84465,0.706729
186,5.39487,-3.14217,0.716077
186,5.42057,-3.341,0.577824
186,5.40066,-3.17762,0.737849
186,5.37469,-2.96959,0.732809
186,5.36821,-2.9196,0.703035
186,5.40953,-3.17894,0.735547
186,5.41054,-3.17891,0.745311
186,5.44614,-3.35266,0.570639
186,5.4757,-3.34766,0.520848
186,5.38783,-2.49677,0.46279
186,5.19246,-1.08211,0.4366
186,5.19939,-1.06043,0.425706
186,5.22223,-1.0636,0.436476
186,5.25459,-1.26463,0.406577
186,5.2531,-1.02915,0.435254
186,5.24327,-0.813567,1.103
186,5.28526,-0.980157,1.65745
186,5.29058,-0.968404,1.66386
186,5.63188,-3.41121,1.26604
186,5.26687,-0.854169,1.01026
186,5.28864,-0.841413,1.01235
186,5.66121,-3.42604,1.27221
186,5.29447,-0.765828,1.32414
186,5.2993,-0.831659,0.797851
186,5.5321,-2.50543,0.422403
186,5.36881,-1.17838,1.40145
186,5.31037,-0.749919,1.3937
186,5.37842,-1.20022,1.27699
186,5.3881,-1.16058,1.12118
186,5.40871,-1.21193,1.72449
186,5.76713,-3.76453,1.38486
186,5.39632,-1.15166,1.24404
186,5.40584,-1.25185,0.873126
186,5.41051,-1.16007,1.64083
186,5.38016,-0.89517,1.69288
186,5.59396,-2.50618,0.410745
186,5.3602,-0.71012,1.40383
186,5.42454,-1.1191,1.6879
186,5.74258,-3.42222,1.18751
186,5.43311,-1.14921,1.72478
186,5.41971,-1.25305,0.173908
186,5.44043,-1.19151,1.60756
186,5.43816,-1.14691,1.68727
186,5.43245,-1.12874,1.50903
186,5.42541,-1.19546,0.531654
186,5.44647,-1.18326,1.72883
186,5.5048,-1.7833,0.245159
186,5.4275,-1.06054,1.56685
186,5.42275,-1.01351,1.63208
186,5.44216,-1.13571,1.68872
186,5.42894,-1.15424,0.797178
186,5.74851,-3.39785,0.703204
186,5.4457,-1.13249,1.64056
186,5.44941,-1.13543,1.63927
186,5.4287,-0.976853,1.67702
186,5.43306,-1.16155,0.497538
186,5.45407,-1.15558,1.6588
186,5.45355,-1.17563,1.47283
186,5.45847,-1.17286,1.74104
186,5.62669,-2.51229,0.404486
186,5.45482,-1.12446,1.68695
186,5.4471,-1.05314,1.74052
186,5.44966,-1.26333,0.200892
186,5.44557,-1.05098,1.5677
186,5.45748,-1.11939,1.67297
186,5.45616,-1.10659,1.45484
186,5.46554,-1.12076,1.73474
186,5.63723,-2.51172,0.395722
186,5.46553,-1.17177,1.32999
186,5.44408,-0.969336,1.7016
186,5.47433,-1.16537,1.74667
186,5.77897,-3.44318,0.713102
186,5.46,-1.10737,1.32369
186,5.50457,-1.58825,0.0592909
186,5.45994,-1.04272,1.7424
186,5.46023,-1.24357,0.172892
186,5.4397,-0.995494,0.911966
186,5.46633,-1.08212,1.63736
186,5.45979,-1.17368,0.52069
186,5.45837,-1.15106,0.554694
186,5.79584,-3.45574,1.0929
186,5.47137,-1.07719,1.69905
186,5.47018,-1.06488,1.69883
186,5.46868,-1.04104,1.74679
186,5.47492,-1.13581,1.36257
186,5.44104,-1.00248,0.43572
186,5.48325,-1.20336,1.09066
186,5.48724,-1.1577,1.62985
186,5.47358,-1.24973,0.190599
186,5.46656,-0.99995,1.67733
186,5.4994,-1.20121,1.77891
186,5.4773,-1.03238,1.74993
186,5.48147,-1.03454,1.84235
186,5.44487,-0.912777,0.739724
186,5.58017,-1.96264,-0.00587595
186,5.47793,-1.02294,1.58084
186,5.58037,-1.95658,-0.00654209
186,5.49673,-1.17692,1.30227
186,5.46221,-0.987004,0.889139
186,5.48666,-1.03107,1.83883
186,5.59353,-2.01181,0.0522551
186,5.50155,-1.17087,1.37108
186,5.58138,-1.90554,0.0713128
186,5.58723,-1.94744,0.0370768
186,5.5172,-1.19811,1.79021
186,5.60613,-2.05663,0.0332505
186,5.60859,-2.04516,0.0370932
186,5.61109,-2.04429,0.047886
186,5.59641,-1.93755,0.0704085
186,5.5977,-1.95496,-0.0303569
186,5.60064,-1.95885,-0.0163599
186,5.57204,-1.74785,-0.00891185
186,5.60662,-1.98486,0.0442813
186,5.56931,-1.71596,0.0590465
186,5.56989,-1.71546,0.0687286
186,5.50049,-1.12476,0.80981
186,5.60448,-1.96111,0.0429863
186,5.52546,-1.16445,1.82763
186,5.60689,-1.97231,0.0549737
186,5.60212,-1.93434,0.069512
186,5.51237,-1.1912,0.87246
186,5.59872,-1.90483,0.0871843
186,5.6018,-1.93173,0.0304264
186,5.49927,-1.07653,0.985794
186,5.50539,-1.03095,1.65397
186,5.52859,-1.16919,1.82667
186,5.60407,-1.93516,0.0647202
186,5.50544,-1.15599,0.669166
186,5.51569,-1.13629,1.35748
186,5.61925,-2.03941,0.0332276
186,5.61214,-1.98499,0.0309869
186,5.62066,-2.04346,0.0427969
186,5.50993,-1.00724,1.85569
186,5.5784,-1.73439,0.0220167
186,5.43674,-0.666409,0.51785
186,5.61512,-1.9837,0.049608
186,5.61299,-1.96914,0.044157
186,5.49811,-0.918654,1.70602
186,5.52316,-1.12994,1.42033
186,5.59644,-1.82482,0.0678451
186,5.6216,-2.00286,0.0386539
186,5.59709,-1.82478,0.0625687
186,5.61591,-1.95832,0.0419432
186,5.51343,-1.15126,0.655922
186,5.61258,-1.93039,0.0620127
186,5.5407,-1.19094,1.80209
186,5.59473,-1.8024,0.0721261
186,5.58728,-1.75167,0.0308821
186,5.62772,-2.03751,0.0242449
186,5.62571,-2.02273,0.023724
186,5.60388,-1.84857,0.056942
186,5.6056,-1.84778,0.0662088
186,5.60097,-1.82091,-0.0197086
186,5.59196,-1.75014,0.0277723
186,5.64195,-2.10645,-0.000519753
186,5.60394,-1.83408,0.0254664
186,5.60258,-1.82112,0.0248414
186,5.61112,-1.87309,0.0260513
186,5.59556,-1.75895,0.0244609
186,5.60948,-1.84958,0.0366381
186,5.60413,-1.80725,0.0581214
186,5.60435,-1.80703,0.0630433
186,5.52198,-0.997399,1.76604
186,5.60966,-1.84277,0.0552595
186,5.64384,-2.09178,-0.0279109
186,5.61395,-1.87182,0.0344026
186,5.60121,-1.78573,-0.0201521
186,5.61148,-1.84938,0.0236995
186,5.54773,-1.15821,1.83097
186,5.64977,-2.11985,0.0124432
186,5.5247,-1.12721,0.809466
186,5.61469,-1.86031,0.0737312
186,5.6519,-2.11887,0.0315979
186,5.60512,-1.7645,0.20959
186,5.61803,-1.87004,0.0543147
186,5.52556,-1.11371,0.808837
186,5.63087,-1.92,0.329724
186,5.62024,-1.87482,0.0526364
186,5.64731,-2.04286,0.208174
186,5.6398,-2.0136,0.0148439
186,5.65548,-2.10425,-0.00765908
186,5.62523,-1.86934,0.0500978
186,5.59229,-1.6183,0.129201
186,5.61931,-1.81723,0.0635769
186,5.53639,-1.17539,0.38161
186,5.63038,-1.87358,0.0666146
186,5.464,-0.635934,0.524817
186,5.64161,-1.91465,0.326032
186,5.59799,-1.61222,0.12096
186,5.5997,-1.61392,0.1186
186,5.57472,-1.15658,1.8177
186,5.55349,-0.972627,1.88556
186,5.61984,-1.61169,0.317363
186,5.61834,-1.60541,0.115001
186,5.5247,-0.853235,0.734505
186,5.60038,-1.18462,1.83546
186,5.63838,-1.60573,0.311641
186,5.70346,-2.0697,0.17873
186,5.70853,-2.07582,0.192339
186,5.71086,-2.07741,0.194361
186,5.57843,-0.903907,1.87616
186,5.59079,-0.903296,1.88348
186,5.59535,-0.88739,1.8809
186,5.58304,-0.743663,1.44983
186,5.61599,-0.874355,1.88911
186,5.66636,-1.15771,1.40916
186,5.6839,-1.05931,1.33263
186,5.70778,-1.04304,1.38958
186,5.71045,-1.03858,1.49714
186,5.73007,-1.12073,1.41141
186,5.66854,-0.600314,1.40133
186,5.86479,-2.0395,0.124842
186,5.88893,-0.958804,1.51078
186,6.22958,-1.51701,-0.216012
186,6.23899,-1.51401,-0.226608
186,7.30974,-1.7793,-0.392864
186,7.56511,-1.73351,-0.475482
186,7.94631,-1.34998,-0.63663
186,8.28764,-1.26763,-0.760386
186,5.6641,-2.21857,0.324058
185,5.6641,-2.21857,0.324058
186,5.6641,-2.21857,0.324058
185,5.6641,-2.21857,0.324058
186,5.42099,-1.19583,0.90637
185,5.42099,-1.19583,0.90637
186,5.4996,-1.19889,1.12086
185,5.4996,-1.19889,1.12086
186,5.56417,-1.1031,0.960144
185,5.56417,-1.1031,0.960144
186,5.52705,-3.19455,0.331206
185,5.52705,-3.19455,0.331206
186,5.61508,-3.22298,0.308177
185,5.61508,-3.22298,0.308177
186,5.48668,-0.970213,0.597572
185,5.48668,-0.970213,0.597572
186,5.50094,-0.762705,0.694611
185,5.50094,-0.762705,0.694611
186,5.43913,-0.555455,1.71277
185,5.43913,-0.555455,1.71277
186,5.65147,-0.29978,1.34057
185,5.65147,-0.29978,1.34057
186,5.58789,-1.61659,0.313275
185,5.58789,-1.61659,0.313275
186,5.6064,-0.540823,0.531225
185,5.6064,-0.540823,0.531225
186,5.41222,-0.828959,0.714953
185,5.41222,-0.828959,0.714953
186,5.36453,-3.30553,0.626093
185,5.36453,-3.30553,0.626093
186,5.52944,-1.13231,0.66683
185,5.52944,-1.13231,0.66683
186,5.56079,-1.15785,0.759539
185,5.56079,-1.15785,0.759539
186,5.37327,-3.47651,1.28824
185,5.37327,-3.47651,1.28824
186,5.48076,-1.20944,0.612106
184,5.48076,-1.20944,0.612106
186,5.55174,-1.21885,0.122417
184,5.55174,-1.21885,0.122417
186,5.47595,-1.95293,0.358196
184,5.47595,-1.95293,0.358196
186,5.5408,-1.6183,-0.0160988
183,5.5408,-1.6183,-0.0160988
186,5.75974,-3.44712,1.14322
183,5.75974,-3.44712,1.14322
186,5.394,-3.18235,0.574317
183,5.394,-3.18235,0.574317
186,5.35206,-1.25003,0.229981
183,5.35206,-1.25003,0.229981
186,5.45758,-1.04527,0.555196
181,5.45758,-1.04527,0.555196
186,5.59018,-2.12344,0.0706847
172,5.59018,-2.12344,0.0706847
186,5.4043,-1.33665,0.749141
172,5.4043,-1.33665,0.749141
186,5.19843,-3.07968,0.470128
172,5.19843,-3.07968,0.470128
186,5.38164,-3.07879,0.686016
180,5.38164,-3.07879,0.686016
186,5.49839,-1.21693,0.578729
179,5.49839,-1.21693,0.578729
187,4.54381,-2.64678,0.844608
187,4.54324,-2.63943,0.854525
187,5.21515,-3.01122,0.50807
187,5.23144,-3.01858,0.45814
187,5.23071,-3.01998,0.482052
187,5.23029,-3.01096,0.50817
187,5.28747,-2.99823,0.574026
187,5.32304,-3.50542,1.27581
187,5.3232,-3.08957,0.715721
187,5.31598,-2.88367,0.482139
187,5.31826,-2.89769,0.502423
187,5.31822,-2.88418,0.483276
187,5.31957,-2.89532,0.503683
187,5.31457,-2.82349,0.463588
187,5.32406,-2.89681,0.503603
187,5.31297,-2.79128,0.454886
187,5.32579,-2.8859,0.483238
187,5.31575,-2.79358,0.450447
187,5.30691,-2.75429,0.522525
187,5.30907,-2.86019,0.720899
187,5.30842,-2.75604,0.523722
187,5.34561,-3.08314,0.727894
187,5.31483,-2.74039,0.446293
187,5.34829,-3.0959,0.727151
187,5.32336,-2.83142,0.548082
187,5.31072,-2.69408,0.444454
187,5.33649,-2.88504,0.474486
187,5.32256,-2.79027,0.484757
187,5.32281,-2.79108,0.485499
187,5.3727,-3.1736,0.575224
187,5.30365,-2.64526,0.698191
187,5.30153,-2.62577,0.697643
187,5.30424,-2.62871,0.695622
187,5.32853,-2.76545,0.704353
187,5.33656,-2.80356,0.70927
187,5.32231,-2.69871,0.697904
187,5.32157,-2.69318,0.698561
187,5.34503,-2.8615,0.712639
187,5.34711,-2.86414,0.71142
187,5.34941,-2.87303,0.710174
187,5.35832,-2.93561,0.717472
187,5.39121,-3.16981,0.739208
187,5.36225,-2.96412,0.727564
187,5.33626,-2.76782,0.704073
187,5.35954,-2.93317,0.719011
187,5.35705,-2.91051,0.712706
187,5.35917,-2.92203,0.711913
187,5.32738,-2.68829,0.701889
187,5.35394,-2.86005,0.710834
187,5.40034,-3.18096,0.72127
187,5.3607,-2.88348,0.713405
187,5.36569,-2.91254,0.711123
187,5.40371,-3.17654,0.739516
187,5.37237,-2.93986,0.715766
187,5.37431,-2.92489,0.706713
187,5.35235,-2.76771,0.698477
187,5.45475,-3.34156,0.549155
187,5.22708,-1.30173,0.431041
187,5.49736,-3.52836,1.31037
187,5.32039,-1.29028,0.4236
187,5.24943,-0.799932,1.10989
187,5.33917,-1.20908,1.47717
187,5.31402,-0.812751,1.01682
187,5.30634,-0.754853,1.32219
187,5.70297,-3.442,1.28308
187,5.4275,-1.12253,0.499565
187,5.7151,-3.44909,1.28359
187,5.4442,-1.23714,0.613585
187,5.31961,-0.713921,1.34847
187,5.75064,-3.37566,0.702489
187,5.72305,-3.45043,1.28855
187,5.72794,-3.4555,1.29636
187,5.73542,-3.45535,1.26609
187,5.65986,-2.5041,0.391794
187,5.46298,-1.17169,0.510184
187,5.43949,-1.19133,0.988081
187,5.46415,-1.10627,0.505838
187,5.44526,-1.18212,0.968086
187,5.75355,-3.4184,1.23144
187,5.67946,-2.51019,0.386252
187,5.68263,-2.50834,0.389854
187,5.40702,-1.02079,1.30477
187,5.44258,-1.13202,1.01632
187,5.45138,-1.17213,0.975866
187,5.44009,-1.16406,1.14093
187,5.43097,-1.07733,1.1206
187,5.44573,-1.17877,1.12315
187,5.44911,-1.12782,1.015
187,5.4124,-1.00671,1.30858
187,5.44338,-1.18657,1.23838
187,5.47817,-1.19204,0.734297
187,5.46249,-1.08121,0.75247
187,5.43561,-1.12431,1.25163
187,5.45687,-1.05334,0.779505
187,5.6964,-2.522,0.381885
187,5.46716,-1.17198,0.900844
187,5.4533,-1.17752,1.12507
187,5.44628,-1.12342,1.12673
187,5.47926,-1.16773,0.733155
187,5.44453,-0.987529,0.889285
187,5.44885,-1.1824,1.25277
187,5.43186,-1.16494,1.49522
187,5.46467,-1.12284,0.92231
187,5.42727,-1.17685,1.61236
187,5.44472,-0.984772,0.932156
187,5.44464,-1.12541,1.24496
187,5.44868,-0.994071,0.904932
187,5.46409,-1.1127,0.932423
187,5.44568,-1.12309,1.25203
187,5.39349,-0.950443,1.6793
187,5.48913,-1.20015,0.79235
187,5.62436,-1.92055,0.331734
187,5.44722,-1.12176,1.25799
187,5.49127,-1.19118,0.766926
187,5.62782,-1.91377,0.295189
187,5.46428,-1.10786,1.0162
187,5.63054,-1.91886,0.301445
187,5.47591,-1.11747,0.886859
187,5.47288,-1.03964,0.771605
187,5.62925,-1.91228,0.334368
187,5.62972,-1.91885,0.344136
187,5.49673,-1.12644,0.618562
187,5.49809,-1.17208,0.707263
187,5.45042,-1.11812,1.30858
187,5.46331,-1.18089,1.25414
187,5.63224,-1.91768,0.328095
187,5.43377,-0.925525,1.15394
187,5.47671,-1.18798,1.10792
187,5.44856,-0.983042,1.08823
187,5.48183,-1.17544,1.0079
187,5.42584,-1.099,1.68924
187,5.50669,-1.15866,0.604458
187,5.46097,-1.1496,1.28462
187,5.4983,-1.15251,0.731311
187,5.48881,-1.15163,0.88417
187,5.46447,-1.20538,1.37168
187,5.44981,-0.985516,1.11983
187,5.46595,-1.20509,1.36013
187,5.4402,-1.05642,1.43404
187,5.45687,-1.01307,1.10598
187,5.83191,-3.82337,1.59359
187,5.44795,-1.17943,1.6177
187,5.45181,-1.053,1.29569
187,5.46079,-1.1169,1.30042
187,5.50842,-1.153,0.664936
187,5.48723,-1.20458,1.10149
187,5.45119,-0.985235,1.17255
187,5.48491,-1.17763,1.09422
187,5.4335,-1.08815,1.67981
187,5.48075,-1.15667,1.12612
187,5.49918,-1.01484,0.54351
187,5.46771,-1.16385,1.34648
187,5.46402,-1.14851,1.36973
187,5.44451,-0.915217,1.15943
187,5.44382,-1.14383,1.69001
187,5.44248,-1.11003,1.65595
187,5.44888,-0.988473,1.2994
187,5.45747,-1.04686,1.30066
187,5.47215,-1.16343,1.33687
187,5.46803,-1.13728,1.3618
187,5.46199,-1.11624,1.41275
187,5.46885,-1.14013,1.36704
187,5.49539,-1.19814,1.1016
187,5.51848,-1.14769,0.645646
187,5.48056,-1.17048,1.27837
187,5.44092,-1.08212,1.68184
187,5.60834,-1.61321,0.325888
187,5.48354,-1.1698,1.25656
187,5.46464,-1.13669,1.47247
187,5.47021,-1.13733,1.39625
187,5.4601,-1.05427,1.38054
187,5.49916,-1.20062,1.11529
187,5.61305,-1.61634,0.329415
187,5.50532,-1.17748,0.992994
187,5.45281,-1.12932,1.68432
187,5.44585,-1.04603,1.62427
187,5.45368,-1.12828,1.69322
187,5.45458,-1.1407,1.72433
187,5.47194,-1.12185,1.42629
187,5.46644,-0.969959,1.17892
187,5.47504,-0.956589,1.03218
187,5.66155,-1.90788,0.311207
187,5.46484,-1.04238,1.38698
187,5.45984,-1.16312,1.7379
187,5.45451,-1.09117,1.6631
187,5.49244,-1.16319,1.27787
187,5.45387,-1.08951,1.70032
187,5.4826,-1.101,1.31754
187,5.51334,-1.19476,1.06455
187,5.4555,-1.0484,1.61742
187,5.44719,-1.03935,1.72438
187,5.46958,-0.976125,1.25892
187,5.47569,-0.968904,1.18236
187,5.47996,-1.03674,1.30668
187,5.45426,-1.04782,1.72636
187,5.45578,-0.971442,1.54816
187,5.49619,-1.0314,1.08448
187,5.45287,-0.986853,1.63959
187,5.48033,-1.11776,1.52004
187,5.47886,-0.970914,1.26122
187,5.47356,-0.884886,1.16351
187,5.45843,-1.04422,1.74028
187,5.4768,-1.16638,1.73056
187,5.46726,-1.03866,1.64004
187,5.48748,-1.14134,1.63764
187,5.4971,-1.01855,1.22566
187,5.45789,-0.958099,1.69801
187,5.64411,-1.59986,0.311225
187,5.53229,-1.18241,1.15399
187,5.5186,-1.15892,1.31696
187,5.50232,-1.10053,1.43763
187,5.52387,-1.15316,1.31236
187,5.75537,-2.91668,1.70107
187,5.4804,-0.922672,1.52399
187,5.56251,-1.16055,0.854543
187,5.54392,-1.18468,1.22555
187,5.55271,-1.17422,1.07667
187,5.76609,-2.91393,1.68363
187,5.47464,-0.811774,1.52381
187,5.48444,-0.826456,1.43446
187,5.50882,-0.983307,1.54476
187,5.53942,-1.24911,1.67014
187,5.78512,-2.93714,1.69445
187,5.78279,-2.91517,1.69
187,5.78956,-2.92353,1.67066
187,5.79167,-2.9239,1.64557
187,5.58284,-1.1604,1.14733
187,5.56353,-1.24825,1.68297
187,5.6492,-1.20356,0.318186
187,5.6255,-1.20241,0.714539
187,5.51566,-0.950068,1.8427
187,5.63013,-1.20071,0.695583
187,5.64149,-1.19905,0.73057
187,5.6169,-1.13737,1.1747
187,5.46412,-0.549993,2.35885
187,5.63174,-1.12473,1.15992
187,5.30066,-0.69093,1.12227
185,5.30066,-0.69093,1.12227
187,5.78118,-3.4286,1.19655
185,5.78118,-3.4286,1.19655
187,5.53176,-2.87322,1.5966
185,5.53176,-2.87322,1.5966
187,5.49161,-1.15557,1.33294
184,5.49161,-1.15557,1.33294
187,5.43706,-3.11318,0.70906
184,5.43706,-3.11318,0.70906
187,5.48492,-3.61724,1.27003
184,5.48492,-3.61724,1.27003
187,5.47174,-3.02711,0.571187
178,5.47174,-3.02711,0.571187
187,5.48041,-1.06636,0.534246
70,5.48041,-1.06636,0.534246
187,5.50037,-1.14957,1.26402
70,5.50037,-1.14957,1.26402
187,5.49532,-1.21863,0.576791
179,5.49532,-1.21863,0.576791
188,4.13598,-2.61335,0.9462
188,4.14614,-2.61521,0.945323
188,4.50445,-2.68527,0.862327
188,4.54552,-2.73468,0.860738
188,5.20841,-3.04995,0.47392
188,5.20932,-3.05436,0.46571
188,5.20966,-3.02681,0.468214
188,5.21509,-3.03532,0.50964
188,5.2222,-3.07458,0.441962
188,5.22648,-3.10595,0.433823
188,5.22255,-3.05767,0.46122
188,5.22581,-3.08117,0.440763
188,5.22183,-3.03404,0.45477
188,5.22543,-3.04413,0.469132
188,5.23438,-3.08507,0.421157
188,5.23012,-3.04152,0.442365
188,5.23169,-3.04204,0.440167
188,5.23838,-3.08268,0.42905
188,5.24413,-3.08506,0.503489
188,5.23952,-3.03979,0.504712
188,5.24724,-3.0882,0.484716
188,5.23953,-2.99919,0.577028
188,5.25201,-3.08058,0.409325
188,5.25008,-3.02699,0.575761
188,5.26354,-3.08883,0.485652
188,5.26667,-3.09317,0.488545
188,5.2754,-3.12566,0.45748
188,5.27907,-3.1279,0.454654
188,5.34221,-3.53031,1.13814
188,5.27292,-3.01209,0.587216
188,5.3493,-3.53304,1.1699
188,5.29369,-3.02862,0.701004
188,5.2957,-3.03668,0.686183
188,5.30318,-3.06026,0.678384
188,5.30132,-3.03308,0.702037
188,5.30343,-3.01719,0.698199
188,5.29835,-2.97336,0.689414
188,5.30959,-3.00442,0.703597
188,5.3309,-3.08374,0.711923
188,5.3178,-2.97727,0.722866
188,5.33164,-3.08281,0.723208
188,5.32434,-3.00078,0.715249
188,5.33489,-3.08056,0.719617
188,5.33704,-3.07921,0.73132
188,5.33878,-3.09014,0.715831
188,5.33872,-3.08484,0.726039
188,5.33784,-3.07693,0.731909
188,5.3403,-3.08509,0.734119
188,5.34295,-3.08583,0.735726
188,5.32725,-2.93645,0.701369
188,5.34803,-3.09232,0.711619
188,5.34837,-3.09212,0.722454
188,5.34974,-3.09517,0.702672
188,5.33755,-2.94332,0.70567
188,5.33922,-2.9434,0.716294
188,5.30248,-2.6389,0.70517
188,5.42601,-3.53698,1.29156
188,5.42262,-3.50109,1.29983
188,5.34711,-2.90512,0.719922
188,5.33168,-2.78,0.67478
188,5.43678,-3.54246,1.28933
188,5.33622,-2.76757,0.711189
188,5.33819,-2.76965,0.709115
188,5.35722,-2.90628,0.710864
188,5.44635,-3.54607,1.33006
188,5.36002,-2.90802,0.714237
188,5.36259,-2.91549,0.688369
188,5.40092,-3.13968,0.706701
188,5.47151,-3.53537,1.30453
188,5.17748,-1.3046,0.432515
188,5.48036,-3.56334,1.32391
188,5.47885,-3.5481,1.32353
188,5.48417,-3.56559,1.31252
188,5.4891,-3.55574,1.31927
188,5.19085,-1.31202,0.431139
188,5.19428,-1.30815,0.429351
188,5.16476,-0.927773,1.02083
188,5.21556,-1.32684,0.429874
188,5.23409,-1.28273,0.418634
188,5.24947,-1.30385,0.401235
188,5.55814,-3.6062,1.32984
188,5.24686,-1.26065,0.39909
188,5.31369,-1.29038,0.432129
188,5.31712,-1.25875,0.385091
188,5.31724,-1.25956,0.350354
188,5.27171,-0.853209,0.595289
188,5.27916,-0.639537,1.53964
188,5.36954,-1.19634,0.637653
188,5.72026,-3.71421,1.37771
188,5.32509,-0.66643,1.51455
188,5.37727,-1.11844,0.401158
188,5.39631,-1.21336,1.24401
188,5.38488,-1.09718,0.388667
188,5.40703,-1.2041,1.24457
188,5.73975,-3.7408,1.36694
188,5.41081,-1.20231,1.7146
188,5.41094,-1.19737,1.72337
188,5.4124,-1.20445,1.71646
188,5.40651,-1.14653,1.6234
188,5.40996,-1.15724,1.64925
188,5.70811,-3.45922,1.30051
188,5.41959,-1.20172,1.71358
188,5.41582,-1.21988,0.405681
188,5.40698,-1.11455,0.428708
188,5.42535,-1.11362,1.61818
188,5.43374,-1.18813,1.26808
188,5.43853,-1.26266,0.183753
188,5.42907,-1.12872,1.24467
188,5.42982,-1.11366,1.61307
188,5.44312,-1.18448,1.60977
188,5.43959,-1.17693,0.958931
188,5.40383,-0.934316,0.372122
188,5.43581,-1.10533,1.69417
188,5.44551,-1.17703,1.5919
188,5.44171,-1.13047,1.69523
188,5.44093,-1.16953,0.847851
188,5.73032,-3.39051,0.685068
188,5.43991,-1.10263,1.70261
188,5.44937,-1.17401,1.59248
188,5.447,-1.14884,1.71839
188,5.45813,-1.2211,1.77324
188,5.43987,-1.07834,1.72492
188,5.7908,-3.77554,1.37066
188,5.42928,-1.00233,0.909033
188,5.45704,-1.16495,1.62885
188,5.43968,-1.08657,0.463945
188,5.80345,-3.81429,1.36869
188,5.4561,-1.17898,0.759989
188,5.4611,-1.16676,1.61279
188,5.80627,-3.80449,1.59206
188,5.39472,-0.704845,0.591255
188,5.74894,-3.38473,0.706866
188,5.46267,-1.17584,0.734087
188,5.81194,-3.79638,1.56735
188,5.46728,-1.21052,0.38686
188,5.479,-1.22064,1.78999
188,5.46178,-1.06878,1.69364
188,5.46874,-1.17266,0.720575
188,5.46007,-1.03865,1.74438
188,5.47809,-1.15625,1.62438
188,5.45272,-0.977536,1.10694
188,5.44934,-0.98815,0.424244
188,5.82857,-3.82036,1.59402
188,5.42974,-0.764907,1.53474
188,5.45366,-0.978872,0.874874
188,5.47239,-1.07905,1.6388
188,5.48245,-1.22393,0.3956
188,5.77022,-3.40779,0.694611
188,5.65206,-2.50857,0.402774
188,5.65421,-2.50419,0.375692
188,5.47364,-1.04105,1.73644
188,5.48179,-1.14728,0.8428
188,5.47183,-1.08996,0.455717
188,5.4897,-1.22884,0.400097
188,5.49447,-1.17928,1.78687
188,5.77799,-3.40577,0.668921
188,5.65854,-2.50415,0.379577
188,5.78204,-3.41582,0.668647
188,5.78512,-3.40795,0.685753
188,5.47206,-0.968838,1.17217
188,5.7876,-3.40863,0.694388
188,5.47725,-1.03316,0.576387
188,5.47176,-0.972809,0.882873
188,5.79006,-3.41784,0.703482
188,5.47285,-0.969846,0.878313
188,5.48693,-1.01913,1.84632
188,5.48223,-0.983221,1.08897
188,5.50388,-1.09249,1.74335
188,5.45283,-0.696679,1.56631
188,5.48267,-0.977367,0.502778
188,5.50071,-1.03417,1.33906
188,5.49937,-1.04117,0.817339
188,5.50097,-1.01883,0.969238
188,5.50621,-1.01072,0.963368
188,5.52066,-1.13092,0.731426
188,5.47443,-0.699838,1.5615
188,5.51448,-0.98386,1.85188
188,5.51602,-1.03824,0.743753
188,5.51432,-1.01756,0.411442
188,5.5396,-1.17153,1.04644
188,5.54132,-1.15898,0.761687
188,5.63841,-1.91732,0.335414
188,5.65857,-2.07011,0.173175
188,5.51607,-0.959041,0.484119
188,5.52817,-1.02551,0.720137
188,5.64106,-1.9069,0.282645
188,5.60263,-1.60539,0.0952663
188,5.60965,-1.61161,0.312834
188,5.65129,-1.91416,0.341935
188,5.57281,-1.22592,1.67063
188,5.61665,-1.58851,0.0275265
188,5.57087,-1.18786,0.322436
188,5.55433,-0.968427,1.8678
188,5.62751,-1.60392,0.284467
188,5.63743,-1.60119,0.325069
188,5.8227,-2.92322,1.67071
188,5.64026,-1.5989,0.298804
188,5.63716,-1.58643,0.0294179
188,5.82593,-2.93179,1.64695
188,5.70591,-2.07921,0.155796
188,5.57661,-0.965655,1.88027
188,5.64528,-1.5832,0.0366385
188,5.83625,-2.92044,1.6988
188,5.60722,-1.12171,0.757888
188,5.61772,-1.21639,0.316195
188,5.66765,-1.59306,0.291546
188,5.64505,-1.17878,1.83054
188,5.64402,-1.22423,0.295314
188,5.64366,-1.2177,0.281606
188,5.64783,-1.21645,0.289316
188,5.65064,-1.20407,0.316582
188,5.66999,-1.24027,0.312231
188,5.74523,-1.20946,0.308266
188,5.79644,-1.12199,1.8329
188,8.71106,-1.3247,-0.99875
188,5.6316,-1.9106,0.325423
186,5.6316,-1.9106,0.325423
188,5.41236,-1.06786,1.71159
186,5.41236,-1.06786,1.71159
188,5.62613,-1.86485,0.0358129
186,5.62613,-1.86485,0.0358129
188,5.1935,-3.23093,0.76669
186,5.1935,-3.23093,0.76669
188,5.28154,-0.905426,1.52273
186,5.28154,-0.905426,1.52273
188,5.85487,-2.03556,0.124398
186,5.85487,-2.03556,0.124398
188,5.71718,-2.05969,0.178276
186,5.71718,-2.05969,0.178276
188,5.37754,-2.49261,0.462128
186,5.37754,-2.49261,0.462128
188,5.77398,-3.47212,1.28346
186,5.77398,-3.47212,1.28346
188,5.33948,-2.85717,0.712958
187,5.33948,-2.85717,0.712958
188,5.55738,-1.24456,1.68275
187,5.55738,-1.24456,1.68275
188,5.42485,-1.30089,1.75659
187,5.42485,-1.30089,1.75659
188,5.38492,-0.804357,1.78518
187,5.38492,-0.804357,1.78518
188,5.38232,-1.20551,1.38391
187,5.38232,-1.20551,1.38391
188,5.49961,-1.94942,0.321654
185,5.49961,-1.94942,0.321654
188,5.55553,-1.19504,1.80231
185,5.55553,-1.19504,1.80231
188,5.45239,-1.1095,1.33422
185,5.45239,-1.1095,1.33422
188,5.085,-3.10153,0.753244
184,5.085,-3.10153,0.753244
188,5.58989,-1.1388,0.730451
184,5.58989,-1.1388,0.730451
188,5.41783,-1.12692,1.00122
184,5.41783,-1.12692,1.00122
188,5.36374,-1.26101,1.09526
183,5.36374,-1.26101,1.09526
188,5.36772,-0.492284,1.51687
178,5.36772,-0.492284,1.51687
188,5.36999,-0.487939,1.27649
178,5.36999,-0.487939,1.27649
188,5.37179,-2.9802,0.701443
172,5.37179,-2.9802,0.701443
189,5.34297,-3.51432,1.23046
189,5.33948,-3.526,1.19081
189,5.33429,-3.52059,1.1706
189,5.36661,-3.55743,1.232
189,5.40489,-3.5218,1.27036
189,5.42546,-3.52493,1.25769
189,5.43983,-3.52654,1.25237
189,5.50796,-3.82306,1.32528
189,5.26005,-3.03506,0.661109
189,5.24016,-2.9907,0.58623
189,5.23895,-3.00532,0.561521
189,5.2816,-3.04669,0.708163
189,5.52332,-3.83402,1.31229
189,5.48828,-3.53078,1.30286
189,5.52715,-3.83317,1.31912
189,5.5282,-3.8347,1.32254
189,5.2945,-3.07268,0.719672
189,5.10926,-3.67409,-0.288557
189,5.24153,-3.02903,0.505662
189,5.23959,-3.0127,0.496363
189,5.51795,-3.57947,1.33197
189,5.30889,-3.09471,0.711704
189,5.24664,-3.03193,0.472392
189,5.51952,-3.54512,1.31509
189,5.30619,-3.03814,0.690878
189,5.29863,-2.93413,0.705195
189,5.30582,-3.03875,0.684736
189,5.30254,-3.04376,0.669036
189,5.25897,-3.03146,0.500485
189,5.3336,-3.96471,0.392855
189,5.24053,-3.01183,0.428069
189,5.29521,-2.98067,0.652513
189,5.27347,-3.01758,0.546377
189,5.31076,-3.06502,0.672554
189,5.52517,-3.54476,1.31196
189,5.3104,-3.06542,0.668468
189,5.30337,-3.03094,0.654719
189,5.31464,-3.06458,0.684225
189,5.30785,-2.9478,0.704391
189,5.23296,-3.14256,0.310229
189,5.269,-3.02215,0.496808
189,5.25316,-3.00962,0.438611
189,5.3198,-2.94768,0.727004
189,5.53607,-3.56609,1.31298
189,5.272,-2.62737,0.669482
189,5.2785,-2.62755,0.692881
189,5.26218,-3.13789,0.409957
189,5.23703,-3.14191,0.30461
189,5.26809,-3.1247,0.432974
189,5.26193,-3.0384,0.444677
189,5.28061,-2.64267,0.683573
189,5.23585,-3.15172,0.290029
189,5.28315,-2.70269,0.663617
189,5.26767,-3.03812,0.458315
189,5.27057,-3.02999,0.472356
189,5.32179,-2.94715,0.707335
189,5.28795,-2.66448,0.692899
189,5.27864,-3.02856,0.500723
189,5.28057,-2.64621,0.668643
189,5.26826,-3.13702,0.410375
189,5.27889,-2.64422,0.661321
189,5.26763,-3.06211,0.436621
189,5.34676,-3.09006,0.735453
189,5.27533,-3.12113,0.438085
189,5.24131,-3.15221,0.287837
189,5.25176,-3.17031,0.318029
189,5.29914,-2.77709,0.664187
189,5.27037,-3.0661,0.428172
189,5.26389,-3.07404,0.398352
189,5.29476,-2.68578,0.682486
189,5.27742,-2.63161,0.63675
189,5.2658,-3.07321,0.39893
189,5.26668,-3.06631,0.398133
189,5.2562,-3.18202,0.289586
189,5.57116,-3.60487,1.33789
189,5.35806,-3.95044,0.350432
189,5.26853,-3.14915,0.32466
189,5.30837,-2.62918,0.695266
189,5.35522,-3.96234,0.298863
189,5.36648,-3.95184,0.341541
189,5.2937,-3.14531,0.395779
189,5.36725,-4.00752,0.316664
189,5.29617,-3.13628,0.403773
189,5.33376,-2.76461,0.699769
189,5.33671,-2.76408,0.709767
189,5.27631,-3.15775,0.300005
189,5.389,-3.18615,0.719023
189,5.33682,-0.575281,1.61976
189,5.38207,-4.00307,0.339303
189,5.28123,-3.16475,0.297655
189,5.39284,-3.1869,0.721475
189,5.35114,-0.543122,1.61394
189,5.17438,-3.41249,-0.307302
189,5.3046,-3.04452,0.355217
189,5.39817,-4.01454,0.28526
189,5.18591,-3.4108,-0.303599
189,5.18554,-3.41532,-0.314942
189,5.42896,-1.10331,1.61624
189,5.40238,-3.29621,0.551578
189,5.31456,-3.09394,0.256401
189,5.22153,-3.42673,-0.309834
189,5.06759,-0.702051,0.230409
189,5.24005,-2.73912,0.006935
189,5.24363,-0.93795,0.744088
189,5.44327,-1.17699,1.41107
189,5.32732,-0.524329,1.21095
189,5.20737,-1.28708,0.41439
189,5.0574,-1.31264,-0.190482
189,5.21073,-1.32558,0.396236
189,5.41851,-1.12699,1.29668
189,5.46601,-1.11472,1.4741
189,5.79601,-3.83033,1.60472
189,5.22813,-1.31286,0.421637
189,5.08338,-1.29186,-0.162433
189,5.74988,-3.73776,1.36019
189,5.81748,-3.81276,1.5923
189,5.24211,-1.30699,0.391957
189,5.37043,-3.1225,0.118331
189,5.4561,-1.10986,1.3025
189,5.1666,-0.712968,0.317788
189,5.22536,-0.601503,0.594171
189,5.40239,-3.30427,0.139021
189,5.83055,-3.82826,1.59436
189,5.71795,-3.43758,1.29514
189,5.26603,-1.28242,0.425036
189,5.72412,-3.46221,1.3006
189,5.836,-3.82654,1.58589
189,5.77645,-3.80943,1.34435
189,5.51748,-1.18238,1.43796
189,5.78442,-3.81128,1.33842
189,5.365,-0.485506,1.08157
189,5.73975,-3.45103,1.29242
189,5.50044,-3.33079,0.394158
189,5.74806,-3.47042,1.29638
189,5.79726,-3.76751,1.35403
189,5.22213,-2.68727,-0.461261
189,5.74707,-3.46294,1.27356
189,5.87329,-3.83817,1.60665
189,5.87939,-3.84487,1.5967
189,5.88472,-3.83661,1.60645
189,5.81685,-3.81896,1.34018
189,5.34726,-0.507222,0.887184
189,5.24232,-2.68647,-0.472968
189,5.78009,-3.47566,1.29769
189,5.25056,-2.69022,-0.481686
189,5.45582,-1.10773,0.997027
189,5.36275,-0.499428,0.883218
189,5.20077,-1.28351,-0.0878623
189,5.30034,-1.02669,0.410651
189,5.38227,-0.48057,0.951036
189,5.48721,-3.36758,0.131241
189,5.20517,-1.27774,-0.10024
189,5.32905,-3.2768,-0.478343
189,5.4857,-3.334,0.112172
189,5.43771,-0.999996,0.902034
189,5.33434,-3.25728,-0.470226
189,5.48507,-2.49406,0.445894
189,5.27704,-2.6548,-0.441842
189,5.4446,-1.00439,0.915246
189,5.47351,-3.3332,0.0351715
189,5.28224,-2.65419,-0.429839
189,5.23873,-1.2834,-0.0243542
189,5.28011,-2.65094,-0.451355
189,5.34493,-3.26322,-0.478569
189,5.2898,-2.68798,-0.45976
189,5.29021,-2.65284,-0.44462
189,5.36043,-3.2519,-0.426276
189,5.44648,-0.98145,0.873451
189,5.2945,-2.6849,-0.454726
189,5.29027,-2.65712,-0.468022
189,5.45773,-0.977354,0.901926
189,5.30162,-2.65587,-0.443137
189,5.39375,-3.43313,-0.413692
189,5.78903,-3.45385,1.12749
189,5.46533,-0.983471,0.901535
189,5.37061,-3.24723,-0.437404
189,5.37512,-3.25442,-0.434945
189,5.46183,-1.06843,0.833838
189,5.53369,-3.38836,0.103194
189,5.51769,-3.40477,0.0273411
189,5.40689,-3.43529,-0.423876
189,5.52619,-3.43949,0.0253053
189,5.52941,-3.43475,0.0347708
189,5.4783,-0.965241,0.879794
189,5.48158,-0.965875,0.879523
189,5.5379,-3.4303,0.0380065
189,5.53404,-3.41846,0.0211543
189,5.43769,-0.429035,0.887941
189,5.43445,-0.429244,0.870887
189,5.4131,-1.12227,0.451509
189,5.55786,-3.41876,0.0199904
189,5.44647,-1.05139,0.582671
189,5.42656,-1.25311,0.413607
189,5.7353,-3.39157,0.711053
189,5.73439,-3.40633,0.687079
189,5.58167,-3.41746,0.0806288
189,5.43291,-1.11155,0.425215
189,5.41935,-0.999722,0.416026
189,5.44085,-1.2224,0.404279
189,5.60128,-3.4145,0.0598204
189,5.21944,-1.24404,-0.56515
189,5.44186,-0.988441,0.411071
189,5.46208,-1.22341,0.372609
189,5.46195,-1.22699,0.36459
189,5.49047,-1.08426,0.483131
189,5.7521,-3.46119,0.478804
189,5.63839,-3.43435,0.038523
189,5.49211,-1.22521,0.395104
189,5.42775,-1.90955,-0.149825
189,5.28336,-1.60992,-0.601043
189,5.64584,-3.42806,0.0503855
189,5.43809,-1.25099,0.13922
189,5.53747,-0.967232,0.649519
189,5.50021,-1.06557,0.456679
189,5.81837,-3.43143,0.680057
189,5.45452,-1.25288,0.172001
189,5.46361,-2.42687,-0.358112
189,5.49728,-1.22318,0.234141
189,5.51168,-1.7273,0.0743754
189,5.48171,-1.57822,-0.00277281
189,5.33313,-1.62438,-0.613935
189,5.52026,-1.73752,0.071678
189,5.52183,-1.73715,0.0776182
189,5.49138,-1.88228,-0.121721
189,5.49273,-1.88499,-0.11891
189,5.35352,-1.23214,-0.392084
189,5.50877,-1.57607,0.0705827
189,5.51204,-1.73668,0.0127106
189,5.50856,-1.75263,-0.00849664
189,5.49354,-1.57453,0.00777912
189,5.31341,-1.23764,-0.573641
189,5.51431,-1.73597,0.00367451
189,5.35656,-1.62364,-0.588005
189,5.31976,-1.23315,-0.577044
189,5.43921,-2.11839,-0.495841
189,5.36152,-1.6194,-0.590489
189,5.52576,-1.73535,0.00269449
189,5.43517,-2.11966,-0.526887
189,5.4411,-2.11724,-0.514134
189,5.59471,-1.61052,0.285638
189,5.44575,-2.11788,-0.517145
189,5.53028,-1.56837,0.04796
189,5.5364,-1.58593,0.0601907
189,5.55089,-1.81043,0.00188279
189,5.37929,-1.6059,-0.587136
189,5.6096,-1.60516,0.316026
189,5.3416,-1.21879,-0.588071
189,5.55359,-1.80974,-0.00742745
189,5.54395,-1.74294,-0.0247946
189,5.55301,-1.76638,0.000172734
189,5.55506,-1.74667,0.0112365
189,5.541,-1.56405,0.0163246
189,5.58095,-1.23417,0.311216
189,5.54606,-1.57448,0.0245274
189,5.58391,-1.23307,0.315517
189,5.55054,-1.56273,0.0259591
189,5.66141,-1.90195,0.31739
189,5.65949,-1.90243,0.306626
189,5.39562,-1.58458,-0.600652
189,5.63011,-1.60003,0.301626
189,5.55892,-1.57762,0.0166723
189,5.47929,-2.10864,-0.533441
189,5.56581,-1.84529,-0.0834539
189,5.55409,-1.57818,-0.0288335
189,5.40923,-1.57674,-0.605641
189,5.4101,-1.59324,-0.610681
189,5.58438,-1.80344,-0.0171472
189,5.58477,-1.78394,-0.0120393
189,5.48724,-2.10006,-0.533382
189,5.64571,-1.59329,0.302192
189,5.49478,-2.20922,-0.584896
189,5.50887,-2.24343,-0.549047
189,5.49474,-2.22042,-0.599309
189,5.59946,-1.72716,0.0178115
189,5.51619,-2.24216,-0.533227
189,5.53103,-2.2368,-0.472887
189,5.65453,-2.13119,0.054189
189,5.52564,-2.24037,-0.50842
189,5.51155,-2.2156,-0.553786
189,5.49939,-2.22013,-0.606887
189,5.53188,-2.23918,-0.491798
189,5.6549,-2.09903,0.051581
189,5.61929,-1.22454,0.270963
189,5.62504,-1.22606,0.277596
189,5.665,-2.13524,0.0447948
189,5.601,-1.77444,-0.0555627
189,5.45219,-1.61993,-0.577806
189,5.45578,-1.58813,-0.571842
189,5.53099,-2.12995,-0.521325
189,5.53403,-2.12808,-0.515055
189,5.53083,-2.11563,-0.522653
189,5.55422,-2.23625,-0.4889
189,5.68484,-2.1146,0.0328536
189,5.48888,-1.62798,-0.548521
189,5.48462,-1.62858,-0.572879
189,5.54413,-2.15646,-0.581695
189,5.61876,-1.58318,-0.0564682
189,5.49972,-1.62257,-0.55395
189,5.6341,-1.58227,-0.0603788
189,5.72022,-2.10154,0.000521183
189,5.52981,-1.59707,-0.565619
189,5.58401,-2.15083,-0.597715
189,5.58333,-2.1553,-0.613186
189,5.62436,-1.58841,-0.301588
189,10.2476,-3.23271,-0.407786
189,5.55938,-1.78154,0.048347
185,5.55938,-1.78154,0.048347
189,5.50873,-1.76644,0.066373
185,5.50873,-1.76644,0.066373
189,5.22263,-2.92383,0.722064
185,5.22263,-2.92383,0.722064
189,5.91002,-2.18585,0.258844
185,5.91002,-2.18585,0.258844
189,5.18146,-1.31582,0.00567196
185,5.18146,-1.31582,0.00567196
189,5.54507,-3.35567,0.0716078
185,5.54507,-3.35567,0.0716078
189,5.08045,-1.33628,-0.0651915
185,5.08045,-1.33628,-0.0651915
189,5.06516,-1.3263,-0.11341
185,5.06516,-1.3263,-0.11341
189,5.30092,-1.8359,0.152102
185,5.30092,-1.8359,0.152102
189,5.29022,-0.670489,1.66273
185,5.29022,-0.670489,1.66273
189,5.33501,-0.578878,1.29192
185,5.33501,-0.578878,1.29192
189,5.93154,-3.53365,1.3091
185,5.93154,-3.53365,1.3091
189,5.40563,-1.18115,0.351568
188,5.40563,-1.18115,0.351568
189,5.67961,-3.41492,1.13501
186,5.67961,-3.41492,1.13501
189,5.86826,-3.48909,1.1507
186,5.86826,-3.48909,1.1507
189,8.23344,-0.568772,-0.541489
186,8.23344,-0.568772,-0.541489
189,5.11509,-2.18588,0.273132
186,5.11509,-2.18588,0.273132
189,5.11619,-2.74652,0.715141
186,5.11619,-2.74652,0.715141
189,5.11366,-3.0033,0.764764
186,5.11366,-3.0033,0.764764
189,5.6207,-1.90659,0.306973
186,5.6207,-1.90659,0.306973
189,5.47478,-1.63089,0.0951784
183,5.47478,-1.63089,0.0951784
189,5.56161,-1.54501,0.330566
183,5.56161,-1.54501,0.330566
189,5.26125,-1.29767,0.0571689
183,5.26125,-1.29767,0.0571689
189,4.91204,-1.39384,0.0252252
183,4.91204,-1.39384,0.0252252
189,4.80314,-1.49293,0.129532
183,4.80314,-1.49293,0.129532
189,5.19475,-1.38913,0.226901
183,5.19475,-1.38913,0.226901
189,5.29755,-3.44736,0.708464
183,5.29755,-3.44736,0.708464
189,4.72658,-1.50308,0.099944
183,4.72658,-1.50308,0.099944
189,5.33246,-1.06903,1.20953
187,5.33246,-1.06903,1.20953
189,5.80065,-3.43623,1.23562
187,5.80065,-3.43623,1.23562
189,5.40368,-1.18993,1.11703
187,5.40368,-1.18993,1.11703
189,5.19705,-1.35901,-0.567093
181,5.19705,-1.35901,-0.567093
189,5.34676,-0.447879,1.29384
178,5.34676,-0.447879,1.29384
189,6.69574,-1.45631,-0.442285
172,6.69574,-1.45631,-0.442285
189,5.32439,-1.32652,-0.608729
172,5.32439,-1.32652,-0.608729
189,5.27541,-2.74437,0.209874
172,5.27541,-2.74437,0.209874
189,5.34564,-1.26003,1.0477
177,5.34564,-1.26003,1.0477
190,3.02105,-2.58394,0.925756
190,3.52356,-3.18735,0.354562
190,3.53194,-3.18661,0.357234
190,3.87195,-1.59585,0.972612
190,3.73286,-3.20354,0.380476
190,3.72657,-3.17654,0.367648
190,3.72571,-3.17811,0.361003
190,3.7291,-3.18364,0.366318
190,3.72334,-3.17826,0.355479
190,3.74583,-3.20494,0.377356
190,3.73348,-3.18449,0.35381
190,3.73185,-3.19161,0.343294
190,3.73198,-3.1892,0.340073
190,3.79155,-1.60699,0.744763
190,3.79466,-1.60595,0.74865
190,3.67186,-1.54506,0.458189
190,3.5292,-1.61172,0.112832
190,3.96583,-1.53338,0.8636
190,3.70628,-2.9981,-0.00437486
190,3.71303,-2.99625,0.00106406
190,3.6166,-1.58124,0.0207266
190,3.67222,-1.46746,0.0957392
190,3.91165,-1.55125,0.49553
190,3.91345,-1.54908,0.483464
190,3.93629,-1.54197,0.489207
190,4.11795,-2.20373,0.608477
190,3.81153,-1.47847,0.119728
190,3.79088,-1.44599,0.0711304
190,3.80618,-1.60906,0.0696405
190,3.8171,-1.46147,0.0892895
190,3.83658,-1.55791,0.102446
190,3.90922,-1.49598,0.255399
190,3.8204,-1.6042,0.0521884
190,3.82243,-1.67377,0.0233208
190,3.96508,-1.31053,0.352036
190,3.85538,-1.71563,0.04733
190,3.86193,-1.54214,0.0930178
190,3.85749,-1.54209,0.0805024
190,3.86034,-1.70522,0.0243844
190,4.79133,-1.42126,0.732998
190,5.28746,-3.49196,1.21819
190,5.29908,-3.50494,1.1872
190,5.31547,-3.52017,1.17933
190,5.32901,-3.51909,1.14694
190,5.31234,-3.07731,0.736787
190,5.30174,-3.07965,0.711685
190,5.27342,-2.6232,0.723765
190,5.30983,-2.92054,0.689083
190,5.34394,-3.09823,0.716774
190,5.34681,-3.01452,0.735776
190,5.33282,-2.9388,0.718558
190,5.29506,-2.62622,0.703146
190,5.33048,-2.94416,0.693592
190,5.35106,-3.10116,0.698883
190,5.37155,-3.09975,0.728855
190,5.34148,-2.96836,0.692458
190,5.33355,-2.92741,0.684525
190,5.34305,-2.97975,0.692655
190,5.3666,-2.95099,0.711653
190,5.36578,-2.94102,0.699683
190,5.40174,-3.13307,0.723313
190,5.20033,-3.11494,0.302518
190,5.19558,-3.09285,0.294273
190,5.42315,-1.22125,1.09554
190,5.20551,-3.09778,0.309341
190,5.27944,-3.13269,0.444113
190,5.26406,-3.11197,0.407955
190,5.28611,-2.9978,0.441681
190,5.3106,-3.1323,0.443246
190,5.34321,-3.93596,0.346103
190,5.36475,-3.94503,0.358701
190,5.3075,-3.13459,0.395282
190,5.35964,-3.94756,0.342778
190,5.35063,-3.95848,0.314725
190,5.37045,-3.9667,0.349095
190,5.48915,-1.19685,1.10565
190,5.02663,-3.65268,-0.276127
190,5.50318,-1.19285,1.12061
190,5.37564,-3.51883,0.409919
190,5.40036,-4.08878,0.346084
190,5.43631,-1.11344,0.980769
190,5.3858,-1.19259,0.85657
190,5.40328,-1.17943,0.893035
190,5.41083,-4.10714,0.341363
190,5.41473,-1.18321,0.90492
190,5.41554,-1.18168,0.896719
190,5.37445,-3.5288,0.366198
190,5.76282,-3.44373,1.14379
190,5.39259,-3.52919,0.394712
190,5.04672,-3.54746,-0.292824
190,5.36411,-3.52496,0.33334
190,5.77416,-3.4454,1.1488
190,5.40119,-3.54291,0.37774
190,5.39284,-3.53838,0.351307
190,4.7182,-1.32699,-0.561308
190,5.77434,-3.44623,1.10937
190,5.1067,-3.53529,-0.221265
190,5.08786,-3.67864,-0.290383
190,5.39954,-3.54245,0.348027
190,5.30599,-1.17121,0.612997
190,5.42683,-0.993546,0.881009
190,5.39275,-3.53998,0.319718
190,5.39314,-3.54013,0.319594
190,4.7314,-1.31982,-0.568656
190,4.73032,-1.32596,-0.573217
190,5.04261,-3.60574,-0.397984
190,5.01841,-3.53053,-0.440183
190,5.12429,-3.57647,-0.244198
190,5.02526,-3.50726,-0.43267
190,4.71231,-1.27309,-0.625955
190,4.71207,-1.26622,-0.635005
190,5.04524,-3.59451,-0.436851
190,4.75718,-1.30879,-0.569996
190,5.04103,-3.51617,-0.441819
190,4.74966,-1.30866,-0.594625
190,4.76203,-1.3046,-0.585703
190,5.03673,-3.56998,-0.515122
190,5.01457,-3.57449,-0.5641
190,5.42843,-2.49618,0.452779
190,5.61843,-1.14239,1.05187
190,5.33363,-1.20579,0.479458
190,5.4719,-1.16455,0.75575
190,5.36337,-1.20593,0.526058
190,5.57358,-0.981877,0.967115
190,5.52472,-0.936542,0.877265
190,5.47522,-1.15942,0.729109
190,5.04774,-3.60848,-0.579778
190,5.52083,-1.03701,0.814944
190,5.69451,-3.38778,0.708575
190,5.47734,-2.4947,0.439288
190,5.06729,-3.58193,-0.580903
190,5.10431,-3.52645,-0.505771
190,4.98726,-2.67761,-0.57837
190,5.06661,-3.5878,-0.597056
190,5.07721,-3.31065,-0.533008
190,5.06283,-3.24557,-0.557082
190,4.97914,-2.68176,-0.626738
190,4.98773,-2.68552,-0.612761
190,5.67923,-1.11806,1.04297
190,5.1199,-3.52596,-0.51738
190,5.08948,-3.52134,-0.576451
190,4.99874,-2.68009,-0.602741
190,5.29544,-2.7532,-0.048997
190,4.99202,-2.69862,-0.635137
190,5.20212,-4.3726,-0.542979
190,5.46174,-3.37893,0.14737
190,5.5669,-3.35156,0.358842
190,5.10936,-3.38762,-0.549113
190,5.75095,-3.4002,0.709331
190,5.44595,-3.31276,0.124621
190,5.56989,-3.35175,0.356554
190,5.10485,-3.4014,-0.567899
190,5.42499,-3.38668,0.063882
190,5.12095,-3.38014,-0.534977
190,5.05581,-2.73359,-0.542554
190,5.58589,-3.36243,0.372688
190,5.21575,-4.42774,-0.561296
190,5.11895,-3.48444,-0.574599
190,5.20822,-3.37188,-0.387832
190,5.23305,-4.38668,-0.537498
190,5.11275,-3.41606,-0.59002
190,5.36599,-3.13161,-0.041567
190,5.09759,-3.25575,-0.597681
190,5.07301,-2.73729,-0.548766
190,5.07498,-2.73232,-0.547308
190,5.53224,-1.13558,0.653742
190,5.04801,-2.71925,-0.600705
190,5.0632,-2.71947,-0.578038
190,5.06521,-2.72508,-0.582147
190,5.0788,-2.7413,-0.558708
190,5.42346,-1.00098,0.448002
190,5.25876,-4.38652,-0.529179
190,5.48675,-3.33292,0.114182
190,5.26557,-3.45213,-0.344029
190,5.13923,-3.5918,-0.619499
190,5.13611,-3.30644,-0.574506
190,5.20699,-1.28833,-0.0535045
190,5.13686,-3.42923,-0.607161
190,5.15801,-3.35791,-0.553449
190,5.15126,-3.35659,-0.56778
190,5.51444,-3.39898,0.131816
190,5.46136,-3.34184,0.0377744
190,5.14693,-3.4219,-0.59626
190,5.24806,-1.28607,0.0064193
190,5.25935,-4.45932,-0.580263
190,5.26016,-3.38143,-0.374614
190,5.25509,-1.27104,0.0165421
190,5.48656,-3.32396,0.0786531
190,5.2748,-1.28688,0.0447203
190,5.27872,-1.27238,0.0491781
190,5.28387,-4.40639,-0.537387
190,5.28335,-1.28478,0.0551735
190,5.17251,-3.36808,-0.563092
190,5.52402,-3.3879,0.12027
190,5.29245,-1.26881,0.0645045
190,5.17175,-3.58967,-0.616876
190,5.44984,-0.98528,0.424491
190,5.59573,-2.50544,0.419979
190,5.48967,-3.41193,0.0374399
190,5.5929,-2.5036,0.409988
190,5.45963,-1.03741,0.424966
190,5.31924,-1.2825,0.0970116
190,5.31047,-3.39064,-0.322365
190,5.49335,-3.36037,0.0419037
190,5.52457,-3.35031,0.0970218
190,5.32633,-1.27737,0.0882863
190,5.60915,-2.50667,0.40302
190,5.36026,-1.2778,0.134493
190,5.60575,-2.50158,0.383504
190,5.42266,-4.5355,-0.368119
190,5.51099,-3.35736,0.0215886
190,5.39767,-1.25396,0.195081
190,5.21629,-2.65607,-0.434315
190,5.52971,-3.42314,0.031571
190,5.54844,-3.44584,0.0570098
190,5.53344,-3.429,0.0261238
190,5.38258,-3.53037,-0.30827
190,5.55379,-3.42504,0.038846
190,5.38105,-4.52618,-0.51164
190,5.42647,-1.25581,0.193717
190,5.24376,-2.65098,-0.431675
190,5.37322,-4.50503,-0.54473
190,5.38549,-3.51089,-0.335006
190,5.53473,-1.00225,0.420303
190,5.40392,-3.53869,-0.320101
190,5.32238,-3.25616,-0.427861
190,5.33717,-3.25492,-0.40442
190,5.27186,-2.65541,-0.43189
190,5.41237,-4.5521,-0.525439
190,5.27465,-2.64604,-0.434515
190,5.33545,-3.25378,-0.434441
190,5.29012,-2.65478,-0.420499
190,5.59007,-3.43328,0.0178984
190,5.44627,-4.60022,-0.515976
190,5.63192,-1.91432,0.337636
190,5.62944,-1.91469,0.331392
190,5.62427,-1.91529,0.303536
190,5.63773,-3.40464,0.0462201
190,5.51522,-1.85836,0.0919604
190,5.65845,-3.43416,0.0595479
190,5.50332,-1.7306,0.0781647
190,5.49068,-1.5882,0.0687307
190,5.62166,-1.60715,0.321158
190,5.59242,-1.23015,0.311911
190,5.59932,-1.22889,0.323978
190,5.6548,-2.08451,0.23409
190,5.53341,-1.72573,0.0612977
190,5.7005,-1.89966,0.30234
190,5.58134,-1.87785,0.0715095
190,5.58583,-1.87709,0.0772085
190,5.67192,-1.58847,0.288668
190,5.61507,-2.07644,0.0550781
190,5.61228,-1.96432,0.0647527
190,5.61397,-2.03404,0.0527592
190,5.77502,-2.20685,0.292577
190,5.63331,-2.11729,0.0235387
190,5.52545,-1.9164,-0.16865
190,5.78413,-2.20671,0.272412
190,5.65901,-2.11225,0.0369862
190,5.54537,-2.03657,-0.18598
190,5.54982,-2.03594,-0.190021
190,5.69079,-2.11478,0.0316256
190,5.57336,-2.03252,-0.194479
190,5.64678,-2.12235,-0.0977652
190,5.35361,-1.59249,-0.580993
190,5.59163,-1.91334,-0.18968
190,5.59604,-1.90344,-0.186462
190,5.31166,-1.30688,-0.632156
190,5.47035,-2.1452,-0.482444
190,5.54454,-1.62213,-0.255105
190,5.31167,-1.30474,-0.653145
190,5.56519,-1.61725,-0.245913
190,5.39146,-1.58176,-0.58513
190,5.33345,-1.29548,-0.652606
190,5.39761,-1.58007,-0.584976
190,5.56994,-1.6137,-0.261488
190,5.48951,-2.24948,-0.542369
190,5.49754,-2.24835,-0.530164
190,5.58071,-1.61148,-0.250486
190,5.49323,-2.2121,-0.539368
190,5.50548,-2.14199,-0.51171
190,5.34128,-1.29031,-0.675723
190,5.41673,-1.59624,-0.58742
190,5.64272,-2.01222,-0.222888
190,5.4819,-2.2174,-0.583758
190,5.64724,-2.027,-0.223906
190,5.51029,-2.13256,-0.515379
190,5.49013,-2.24307,-0.576137
190,5.64464,-1.90315,-0.223436
190,5.54628,-2.20129,-0.561982
190,5.57521,-2.24326,-0.535663
190,5.59013,-2.24104,-0.508491
190,5.76644,-2.10421,-0.170141
190,5.43243,-1.27796,-0.678942
190,5.95134,-1.84454,0.218646
190,10.5984,-3.34953,-0.337904
190,5.61394,-1.60449,0.31198
189,5.61394,-1.60449,0.31198
190,5.61395,-3.37224,0.0282052
189,5.61395,-3.37224,0.0282052
190,5.31406,-1.22222,-0.161781
189,5.31406,-1.22222,-0.161781
190,4.81234,-1.36854,-0.379216
189,4.81234,-1.36854,-0.379216
190,5.24909,-3.44328,-0.355004
189,5.24909,-3.44328,-0.355004
190,5.588,-1.19223,0.209296
189,5.588,-1.19223,0.209296
190,5.33639,-2.94344,0.71138
189,5.33639,-2.94344,0.71138
190,5.29944,-2.61909,0.697507
189,5.29944,-2.61909,0.697507
190,5.08554,-1.31228,-0.460814
189,5.08554,-1.31228,-0.460814
190,5.31942,-0.488366,0.100169
189,5.31942,-0.488366,0.100169
190,5.29318,-1.31426,-0.607671
183,5.29318,-1.31426,-0.607671
190,5.17511,-3.40523,-0.276713
183,5.17511,-3.40523,-0.276713
190,5.13315,-3.26521,-0.625166
183,5.13315,-3.26521,-0.625166
190,4.95996,-3.25737,-0.522559
183,4.95996,-3.25737,-0.522559
190,5.53834,-3.37325,1.09095
183,5.53834,-3.37325,1.09095
190,5.03733,-3.35721,-0.210571
183,5.03733,-3.35721,-0.210571
190,5.45255,-1.26719,0.158345
183,5.45255,-1.26719,0.158345
190,5.07514,-3.25103,-0.588058
183,5.07514,-3.25103,-0.588058
190,5.48994,-3.35935,1.08816
183,5.48994,-3.35935,1.08816
190,5.70013,-1.10491,-0.0468192
181,5.70013,-1.10491,-0.0468192
190,5.43154,-1.053,0.556575
181,5.43154,-1.053,0.556575
190,5.09767,-1.22729,-0.578062
181,5.09767,-1.22729,-0.578062
190,5.67165,-0.990901,-0.469487
181,5.67165,-0.990901,-0.469487
190,5.32499,-1.14046,-0.341638
181,5.32499,-1.14046,-0.341638
190,5.33829,-1.21233,-0.59539
181,5.33829,-1.21233,-0.59539
190,5.37734,-1.29106,-0.638615
178,5.37734,-1.29106,-0.638615
190,5.50836,-1.2361,0.194826
178,5.50836,-1.2361,0.194826
190,5.51046,-1.15792,-0.555653
177,5.51046,-1.15792,-0.555653
190,5.15733,-2.87496,0.726485
185,5.15733,-2.87496,0.726485
190,5.53713,-2.8671,0.687789
185,5.53713,-2.8671,0.687789
190,5.07518,-1.31898,-0.122994
185,5.07518,-1.31898,-0.122994
190,5.41099,-3.07579,0.683074
180,5.41099,-3.07579,0.683074
190,5.34361,-3.055,0.683114
180,5.34361,-3.055,0.683114
190,5.39607,-1.31154,0.12571
188,5.39607,-1.31154,0.12571
190,5.41705,-2.86698,0.714616
188,5.41705,-2.86698,0.714616
190,5.39385,-1.17336,1.07084
188,5.39385,-1.17336,1.07084
191,3.25699,-3.27112,0.365863
191,3.25612,-3.27033,0.362735
191,3.51452,-1.54355,0.883539
191,3.59531,-1.54805,0.803205
191,3.59664,-1.55005,0.800945
191,3.598,-1.55,0.798965
191,3.62486,-1.53392,0.796144
191,3.43936,-3.24273,0.358397
191,3.08498,-3.14266,-0.0379667
191,3.08471,-3.13553,-0.0383414
191,3.11083,-3.3006,-0.0387801
191,3.09122,-3.13976,-0.0428286
191,3.10676,-3.32205,-0.0491759
191,3.44071,-3.21685,0.338292
191,3.59377,-1.60639,0.719086
191,3.12027,-3.33497,-0.0619658
191,3.24904,-3.34788,0.0709375
191,3.24833,-3.32191,0.0697572
191,3.77245,-1.59814,0.895541
191,3.25332,-3.34717,0.0700641
191,3.24816,-3.31568,0.0633062
191,3.25185,-3.35534,0.0570848
191,3.51557,-3.35549,0.322506
191,3.14394,-3.35748,-0.104764
191,3.53076,-3.19551,0.345251
191,3.526,-3.20446,0.338573
191,3.53696,-3.19397,0.348704
191,3.58889,-1.57236,0.616799
191,3.55241,-3.36878,0.335849
191,3.55128,-3.38482,0.325068
191,3.32872,-3.2172,0.0882027
191,3.28273,-3.32396,0.0144101
191,3.55998,-3.40305,0.313271
191,3.56739,-3.40263,0.31448
191,3.08945,-3.12471,-0.2128
191,3.30052,-3.20308,-0.00465608
191,3.31391,-3.25711,-0.00278664
191,3.35691,-3.24585,0.0449492
191,3.3042,-3.20747,-0.0116398
191,3.31387,-3.26278,-0.00857985
191,3.34677,-3.2671,0.0279031
191,3.26315,-3.34366,-0.0787257
191,3.31579,-3.26582,-0.00904739
191,3.31495,-3.27211,-0.0134043
191,3.3278,-3.24251,0.00086689
191,3.26083,-3.34431,-0.0913697
191,3.3363,-3.20277,0.0110593
191,3.3639,-3.24937,0.0364747
191,3.23754,-3.27948,-0.118574
191,3.56047,-3.47671,0.224758
191,3.66007,-1.57033,0.586773
191,3.28685,-3.04821,-0.0382971
191,3.34771,-3.21908,0.00874972
191,3.50434,-3.0961,0.203565
191,3.28917,-3.04183,-0.03646
191,3.56136,-3.47689,0.217768
191,3.24728,-3.28513,-0.119146
191,3.27754,-3.34543,-0.096022
191,3.2924,-3.03094,-0.039925
191,3.23922,-3.29175,-0.135392
191,3.24704,-3.28621,-0.127423
191,3.44977,-1.39733,0.350006
191,3.24369,-3.29312,-0.137229
191,3.29644,-3.03454,-0.0439441
191,3.2963,-3.04771,-0.049458
191,3.48846,-3.00808,0.146834
191,3.37659,-3.1976,-0.0112089
191,3.49901,-1.45707,0.3566
191,3.4897,-3.01166,0.139973
191,3.38866,-3.12402,-0.00557351
191,3.49968,-3.01489,0.131131
191,3.50675,-3.03835,0.130165
191,3.39262,-3.12113,-0.0112835
191,3.39595,-3.02304,-7.49826e-05
191,3.51889,-1.44226,0.344138
191,3.40777,-3.1034,-0.00187099
191,3.41416,-3.08763,0.0016824
191,3.40831,-3.09041,-0.00563335
191,3.40965,-3.10604,-0.00660586
191,3.41011,-3.08572,-0.00596237
191,3.49222,-3.02853,0.0906998
191,3.41657,-3.09474,-0.00725579
191,3.41595,-3.09437,-0.00964773
191,3.41659,-3.06821,-0.00719857
191,3.41291,-3.06402,-0.0135256
191,3.41728,-3.09237,-0.0126812
191,3.75605,-3.21822,0.35771
191,3.41072,-3.02954,-0.012825
191,3.42297,-3.09223,-0.00737166
191,3.4189,-3.07374,-0.0135672
191,3.40791,-3.08361,-0.0280921
191,3.75038,-3.19311,0.348386
191,3.41676,-3.02677,-0.0181887
191,3.56895,-3.09076,0.131244
191,3.56304,-3.05817,0.123528
191,3.5691,-3.05529,0.118564
191,3.57326,-3.06091,0.116301
191,3.5787,-3.04818,0.115114
191,3.6411,-3.10927,0.160172
191,3.55731,-3.04984,0.0643339
191,3.58226,-3.21257,0.0707364
191,3.75355,-3.18708,0.269063
191,3.58605,-3.21408,0.0696245
191,3.58609,-3.17958,0.0678754
191,3.52865,-3.01643,0.0203134
191,3.59191,-3.0801,0.0828871
191,3.53173,-3.01407,0.021178
191,3.6414,-3.10411,0.133932
191,3.5136,-3.00141,-0.00314391
191,3.65144,-3.10856,0.139418
191,3.51755,-3.002,-0.00200212
191,3.6442,-3.10729,0.128015
191,3.64414,-3.10883,0.122182
191,3.65404,-3.11089,0.128703
191,3.53734,-3.00495,0.00386441
191,3.61423,-3.21569,0.0580244
191,3.55069,-3.00598,-0.000184536
191,3.66771,-3.17752,0.0950719
191,3.61942,-3.19885,0.0333064
191,3.58426,-3.08789,-0.00857592
191,3.2953,-3.04967,-0.336982
191,3.64429,-3.1658,0.025656
191,3.2129,-3.20913,-0.475979
191,3.65425,-3.16943,0.0172037
191,3.70812,-3.2018,0.0562418
191,3.88344,-1.51101,0.472167
191,3.29233,-3.04369,-0.406869
191,3.91729,-1.56213,0.498407
191,3.2881,-3.0469,-0.417047
191,3.57287,-1.59585,0.0975988
191,3.67133,-1.56645,0.204187
191,3.22683,-3.20967,-0.521797
191,3.6772,-1.56619,0.206483
191,3.95066,-1.55006,0.498314
191,3.96338,-1.53551,0.483914
191,3.91101,-1.48819,0.429811
191,3.70634,-2.99946,-0.0175297
191,3.70858,-2.99958,-0.0153724
191,3.68212,-1.50883,0.150029
191,3.71309,-1.54662,0.179476
191,3.61054,-1.5788,0.0491085
191,3.61405,-1.57571,0.043434
191,3.70047,-1.49344,0.128533
191,3.2485,-3.10395,-0.600517
191,3.62416,-1.45601,0.0403419
191,3.75492,-1.53594,0.150054
191,3.91686,-1.20593,0.368964
191,3.88819,-1.48546,0.293428
191,3.92179,-1.2068,0.362983
191,3.64892,-1.43824,0.00701582
191,3.89793,-1.49164,0.277824
191,3.65417,-1.43151,0.00515473
191,3.31443,-3.05629,-0.623726
191,3.30496,-3.02945,-0.631253
191,3.23451,-2.05259,-0.58761
191,3.23418,-2.05075,-0.588957
191,3.95521,-1.18482,0.349592
191,3.9553,-1.18149,0.347126
191,3.92104,-1.48343,0.255186
191,3.83483,-1.56049,0.129077
191,3.93855,-1.45978,0.243733
191,3.98781,-1.14299,0.330835
191,3.8367,-1.53464,0.0839381
191,3.27555,-2.00679,-0.62305
191,3.86212,-1.55128,0.08113
191,3.84913,-1.59754,0.0401089
191,3.72515,-1.63815,-0.145665
191,3.63337,-1.59174,-0.270676
191,3.63855,-1.58692,-0.273602
191,3.63665,-1.58575,-0.276985
191,3.44066,-1.15052,-0.445289
191,3.40578,-2.14779,-0.623657
191,3.88237,-1.65834,-0.0204877
191,3.87793,-1.62104,-0.0243424
191,3.64857,-1.57759,-0.288897
191,3.65418,-1.57787,-0.292894
191,3.90041,-1.61592,-0.0501041
191,3.46085,-1.43553,-0.538428
191,3.68177,-1.56131,-0.319509
191,3.63757,-2.98039,-0.591895
191,4.13447,-0.946785,0.227226
191,3.58405,-2.25376,-0.583554
191,3.55421,-1.96687,-0.600355
191,3.50043,-1.73842,-0.633038
191,3.49486,-1.73825,-0.641499
191,3.51362,-1.40758,-0.581578
191,4.59105,-2.14962,0.549437
191,3.56834,-1.8435,-0.607474
191,3.58948,-2.23719,-0.635466
191,3.50092,-1.34354,-0.629064
191,3.61867,-2.21491,-0.630938
191,3.53193,-1.72338,-0.672079
191,3.70405,-1.47071,-0.442289
191,3.59569,-1.50609,-0.59527
191,3.59974,-1.49017,-0.617525
191,3.61974,-1.83041,-0.643316
191,3.56497,-1.70541,-0.703001
191,3.57113,-1.70389,-0.702012
191,3.64464,-1.96977,-0.661781
191,3.67221,-1.9905,-0.662839
191,3.66569,-1.81861,-0.710525
191,3.86631,-1.51533,-0.454251
191,3.85832,-1.55129,-0.502592
191,3.85863,-1.5532,-0.507343
191,3.86789,-1.57421,-0.505161
191,3.8663,-1.5755,-0.508316
191,3.88772,-1.57626,-0.509497
191,3.85515,-1.5689,-0.552735
191,3.85021,-1.60526,-0.567754
191,3.89568,-1.57106,-0.521911
191,3.86053,-1.57195,-0.565758
191,3.86802,-1.56631,-0.574826
191,3.9049,-1.75788,-0.641319
191,3.92263,-1.76619,-0.642167
191,4.01989,-1.35669,-0.498317
191,3.96012,-1.73694,-0.628699
191,3.95871,-1.72929,-0.630356
191,3.94985,-1.73255,-0.646446
191,4.03675,-1.34898,-0.519625
191,5.2345,-3.1347,0.473979
191,5.24932,-3.15261,0.471298
191,5.2724,-3.15891,0.44622
191,5.26406,-3.12263,0.434514
191,5.26537,-3.01232,0.409108
191,5.22188,-3.05025,0.299287
191,4.90705,-3.56822,-0.150484
191,5.18004,-1.30367,0.428353
191,5.37265,-2.49751,0.463122
191,5.40659,-3.53578,0.349307
191,5.36109,-3.52077,0.292115
191,5.40198,-3.5325,0.325207
191,5.31054,-2.66354,0.320316
191,5.45751,-2.49486,0.447284
191,5.01285,-3.62602,-0.212331
191,5.40329,-3.52639,0.198137
191,5.35371,-2.83378,0.231214
191,5.3149,-2.87364,0.171905
191,5.32568,-1.15251,0.403488
191,5.33563,-2.86774,0.174042
191,5.40571,-1.12224,0.479997
191,5.41839,-3.52786,0.159722
191,5.30815,-2.6644,0.146057
191,5.32802,-2.865,0.138114
191,5.41937,-3.5418,0.136092
191,5.08632,-3.66664,-0.262122
191,5.17681,-2.40262,-0.11162
191,5.04634,-3.57353,-0.41864
191,5.05442,-3.56347,-0.423932
191,4.68823,-1.2604,-0.559771
191,5.354,-2.85901,-0.0139219
191,5.32881,-2.73235,-0.0313916
191,5.36488,-3.12495,-0.0534126
191,4.6935,-1.24925,-0.578423
191,5.09195,-3.60109,-0.440019
191,4.70888,-1.24328,-0.588691
191,5.29091,-2.75162,-0.121298
191,5.3717,-2.83603,-0.0449622
191,5.10408,-3.59278,-0.454692
191,5.17511,-1.26603,-0.0753239
191,5.59389,-3.40967,0.107649
191,5.35579,-2.90956,-0.0998282
191,5.43031,-1.24947,0.196506
191,5.19353,-1.2577,-0.086998
191,5.54971,-3.33495,0.0422201
191,5.1268,-1.31708,-0.17863
191,5.19622,-3.46101,-0.391869
191,5.23185,-2.40628,-0.213318
191,5.55876,-3.37465,0.0213308
191,5.25416,-3.43157,-0.335178
191,5.35727,-4.59644,-0.370681
191,5.47744,-1.24821,0.186617
191,5.57319,-1.7657,0.227809
191,5.66479,-1.90602,0.313658
191,5.2411,-3.42955,-0.375169
191,5.62973,-3.43049,0.0638745
191,5.4774,-1.72919,0.0829548
191,5.24852,-4.38296,-0.530538
191,5.26381,-3.42775,-0.388167
191,5.17046,-3.56193,-0.51374
191,5.69276,-1.90107,0.301005
191,5.67435,-1.59184,0.306227
191,5.52299,-1.83212,0.0981038
191,5.00784,-2.68792,-0.61148
191,5.49682,-1.27064,0.125653
191,5.09874,-3.25832,-0.59383
191,5.30643,-3.42988,-0.379265
191,5.45134,-1.60029,0.0267279
191,5.14162,-3.40933,-0.582522
191,5.45272,-4.56389,-0.379832
191,5.29942,0.00501895,0.0428811
191,5.33043,-4.58733,-0.535029
191,5.13814,-3.42727,-0.604322
191,5.26426,-3.3948,-0.455766
191,5.71322,-1.57292,0.291154
191,5.68253,-2.01123,0.197671
191,5.40515,-3.5333,-0.319736
191,5.04467,-2.68319,-0.621949
191,5.23167,-2.65717,-0.408734
191,5.58641,-1.61893,0.123325
191,5.41928,-3.53359,-0.321439
191,5.5761,-2.05749,0.0400183
191,5.42091,-3.55708,-0.34114
191,5.58614,-1.98583,0.0536848
191,5.36009,-2.25033,-0.240652
191,5.60245,-1.93184,0.0601883
191,5.08783,-2.68041,-0.641725
191,5.17975,-1.30268,-0.356306
191,5.61817,-1.92102,0.0374399
191,5.5583,-1.7837,-0.0141759
191,5.4147,-3.50897,-0.410287
191,5.30255,-2.92997,-0.484553
191,5.67974,-2.12856,0.0504956
191,5.78673,-2.06496,0.179302
191,5.66924,-2.11383,0.0251347
191,5.67228,-2.13569,0.0239407
191,5.40475,-2.46036,-0.32477
191,5.51582,-3.51134,-0.343169
191,5.31897,-2.66746,-0.466472
191,5.39966,-3.27254,-0.455565
191,5.65006,-2.09099,-0.0343407
191,5.58019,-2.05702,-0.111938
191,5.15398,-1.27743,-0.497272
191,5.83489,-2.06412,0.165433
191,5.71977,-2.10818,0.0161192
191,5.61732,-2.09865,-0.104546
191,5.83173,-2.05432,0.140636
191,5.61808,-2.09766,-0.128013
191,5.35773,-2.68014,-0.50416
191,5.29302,-1.64147,-0.467019
191,5.66828,-2.12283,-0.104157
191,5.23303,-1.55251,-0.535956
191,5.6318,-1.69732,-0.118957
191,5.77714,-2.1023,-0.00736499
191,5.27736,-1.62047,-0.528463
191,5.48905,-2.47615,-0.404199
191,5.48679,-2.24731,-0.446296
191,5.48355,-2.24557,-0.452783
191,5.40713,-2.91168,-0.635356
191,5.47769,-2.24755,-0.472271
191,5.3094,-1.5281,-0.588941
191,5.35496,-1.63797,-0.557955
191,5.88731,-2.07496,-0.0455114
191,5.54378,-2.24161,-0.488284
191,5.46984,-1.6293,-0.528923
191,5.45887,-1.63431,-0.544044
191,5.69408,-1.58167,-0.323183
191,5.76016,-1.56826,-0.348546
191,9.44472,-1.4079,-1.05193
191,5.61283,-2.06191,-0.102686
181,5.61283,-2.06191,-0.102686
191,4.97256,-1.31605,-0.13345
181,4.97256,-1.31605,-0.13345
191,3.83099,-1.40452,-0.556576
181,3.83099,-1.40452,-0.556576
191,4.97256,-1.31605,-0.13345
181,4.97256,-1.31605,-0.13345
191,5.21064,-3.49832,-0.647691
181,5.21064,-3.49832,-0.647691
191,3.61071,-1.85319,-0.62381
181,3.61071,-1.85319,-0.62381
191,3.68935,-1.52457,-0.60719
181,3.68935,-1.52457,-0.60719
191,5.58764,-1.5542,0.0297919
181,5.58764,-1.5542,0.0297919
191,3.54759,-1.47337,0.0750671
181,3.54759,-1.47337,0.0750671
191,5.04044,-3.4422,0.227677
179,5.04044,-3.4422,0.227677
191,3.41426,-2.88935,-0.656664
179,3.41426,-2.88935,-0.656664
191,5.67895,-1.57695,-0.4922
179,5.67895,-1.57695,-0.4922
191,5.3399,-2.80384,0.0242423
179,5.3399,-2.80384,0.0242423
191,5.14951,-3.07863,0.300512
179,5.14951,-3.07863,0.300512
191,3.4137,-1.39789,-0.588358
179,3.4137,-1.39789,-0.588358
191,3.40662,-0.983404,-0.519052
179,3.40662,-0.983404,-0.519052
191,3.91983,-1.76503,-0.605805
180,3.91983,-1.76503,-0.605805
191,5.55909,-1.84317,-0.589581
180,5.55909,-1.84317,-0.589581
191,3.27958,-3.03552,-0.467792
180,3.27958,-3.03552,-0.467792
191,5.33643,-2.93935,-0.121767
180,5.33643,-2.93935,-0.121767
191,5.52836,-1.62793,0.149186
180,5.52836,-1.62793,0.149186
191,3.41413,-2.14524,-0.629589
180,3.41413,-2.14524,-0.629589
191,5.27422,-0.00672284,0.309361
180,5.27422,-0.00672284,0.309361
191,4.79733,-2.40054,0.223168
178,4.79733,-2.40054,0.223168
191,3.28163,-3.0396,-0.239581
178,3.28163,-3.0396,-0.239581
191,4.75021,-2.39533,0.231156
178,4.75021,-2.39533,0.231156
191,3.56244,-1.57808,0.943921
178,3.56244,-1.57808,0.943921
191,3.55302,-1.58271,0.943114
178,3.55302,-1.58271,0.943114
191,5.22026,-3.06245,0.414183
177,5.22026,-3.06245,0.414183
191,5.60911,-2.01576,0.027244
177,5.60911,-2.01576,0.027244
191,3.45372,-1.38307,-0.556269
177,3.45372,-1.38307,-0.556269
191,3.48272,-1.44483,-0.208836
177,3.48272,-1.44483,-0.208836
191,4.65121,-1.44483,-0.239915
190,4.65121,-1.44483,-0.239915
191,5.88975,-2.42738,-0.294049
172,5.88975,-2.42738,-0.294049
191,5.62933,-2.35578,-0.243485
172,5.62933,-2.35578,-0.243485
191,5.29164,-2.73561,0.448146
172,5.29164,-2.73561,0.448146
191,5.74239,-1.57148,-0.526323
172,5.74239,-1.57148,-0.526323
191,5.34169,-3.51075,-0.290181
183,5.34169,-3.51075,-0.290181
191,4.77271,-2.56991,-0.582393
183,4.77271,-2.56991,-0.582393
191,5.36654,-3.41015,-0.376762
183,5.36654,-3.41015,-0.376762
191,5.65251,-2.04527,-0.0295145
183,5.65251,-2.04527,-0.0295145
191,5.33994,-2.90429,0.182367
176,5.33994,-2.90429,0.182367
191,5.27267,-2.74887,0.224431
176,5.27267,-2.74887,0.224431
192,2.54557,-2.52795,1.27271
192,3.62887,-1.59796,0.945917
192,3.63203,-1.59537,0.940787
192,3.63263,-1.60091,0.936244
192,3.63042,-1.59928,0.933582
192,3.23722,-3.27973,0.322682
192,3.62155,-1.52969,0.782426
192,3.54872,-1.6003,0.679212
192,3.30103,-3.45687,0.247628
192,3.8787,-1.59302,0.988716
192,3.31965,-3.47543,0.214558
192,3.43882,-3.2862,0.351913
192,3.4164,-3.20944,0.319592
192,3.09958,-3.13873,-0.0373421
192,3.25998,-3.33625,0.100119
192,3.31357,-3.46226,0.126819
192,3.24172,-3.34902,0.0527529
192,3.25219,-3.35902,0.0611857
192,3.35036,-3.19761,0.179937
192,3.31278,-3.46465,0.116172
192,3.35126,-3.20072,0.17643
192,3.27121,-3.44468,0.0671207
192,3.25955,-3.3643,0.0590203
192,3.47999,-3.33256,0.309656
192,3.38123,-3.20219,0.202281
192,3.26908,-3.44718,0.0563405
192,3.37911,-3.20163,0.198477
192,3.51685,-3.43179,0.332523
192,3.5211,-3.24428,0.345779
192,3.837,-1.5342,0.82451
192,3.83967,-1.53621,0.827085
192,3.85494,-1.53557,0.838122
192,3.28197,-3.45633,0.0456295
192,3.2763,-3.45344,0.0358698
192,3.41626,-3.43994,0.192282
192,3.84601,-1.54653,0.806323
192,3.45297,-1.40509,0.353174
192,3.4371,-3.50468,0.175975
192,3.25913,-3.14555,0.00104988
192,3.4371,-3.49837,0.175268
192,3.26092,-3.15561,0.00072813
192,3.43802,-3.48978,0.173145
192,3.41888,-3.46328,0.150606
192,3.45003,-1.39614,0.339564
192,3.44861,-3.45626,0.183426
192,3.45399,-3.50915,0.182416
192,3.4592,-3.47199,0.17984
192,3.45872,-3.4738,0.171118
192,3.46632,-3.52578,0.167217
192,3.29073,-3.18197,-0.0081706
192,3.26914,-3.34834,-0.0455586
192,3.27943,-3.21551,-0.0317247
192,3.30702,-3.26135,-0.00732017
192,3.30332,-3.25167,-0.0194191
192,3.62301,-1.54533,0.4687
192,3.27843,-3.25423,-0.0485445
192,3.30539,-3.23497,-0.0173267
192,3.27509,-3.35988,-0.0613443
192,3.49208,-3.48915,0.172895
192,3.28509,-3.25817,-0.0465164
192,3.50497,-1.45213,0.336716
192,3.32249,-3.2323,-0.00659561
192,3.56831,-3.461,0.246657
192,3.56443,-3.48377,0.234941
192,3.25127,-3.28136,-0.115923
192,3.57476,-3.46765,0.231361
192,3.36455,-3.22227,0.0106252
192,3.33156,-3.20155,-0.0254691
192,3.2579,-3.35264,-0.122253
192,3.21577,-3.28092,-0.166701
192,3.57162,-3.4988,0.207193
192,3.57666,-3.50386,0.20535
192,3.57435,-3.50078,0.202249
192,3.59795,-3.53545,0.222092
192,3.30358,-3.06076,-0.0970505
192,3.31556,-3.03361,-0.0869336
192,3.31862,-3.06968,-0.107028
192,3.72518,-1.44676,0.473273
192,3.72893,-1.53626,0.465741
192,3.41728,-3.09239,-0.010188
192,3.42304,-3.09234,-0.00529933
192,3.42105,-3.08864,-0.00728059
192,3.62596,-3.5634,0.185486
192,3.40408,-3.0235,-0.0388362
192,3.42932,-3.04429,-0.020188
192,3.42754,-3.03322,-0.0247713
192,3.51579,-3.03284,0.0747275
192,3.42418,-3.04668,-0.0353906
192,3.63902,-3.60406,0.163302
192,3.43428,-3.0316,-0.0258927
192,3.44473,-3.0166,-0.0192044
192,3.76518,-3.19744,0.327963
192,3.45234,-3.02117,-0.0165471
192,3.79002,-3.22537,0.345197
192,3.51367,-3.02594,0.0478841
192,3.51371,-3.0251,0.0453266
192,3.45683,-3.02263,-0.0188178
192,3.51841,-3.02391,0.0489585
192,3.68986,-3.07126,0.224152
192,3.69248,-3.07592,0.223116
192,3.5245,-3.01378,0.0329051
192,3.49221,-3.0006,-0.00867712
192,3.61113,-3.04833,0.111901
192,3.60733,-3.05808,0.103226
192,3.70609,-3.07952,0.210729
192,3.61856,-3.05017,0.107514
192,3.6253,-3.09235,0.109747
192,3.63579,-3.09122,0.116479
192,3.6922,-3.08034,0.179519
192,3.63078,-3.06187,0.0931377
192,3.54095,-3.00467,-0.0156289
192,3.67426,-3.6745,0.0797906
192,3.54594,-3.00716,-0.0174968
192,3.63762,-3.05902,0.0780602
192,3.61766,-3.10692,0.040543
192,3.61691,-3.13144,0.0369178
192,3.56415,-3.01146,-0.0224609
192,3.62965,-3.11468,0.0389873
192,3.70695,-3.74115,0.0394657
192,3.71704,-3.74247,0.0324007
192,3.58043,-1.45566,0.0434667
192,3.69224,-1.49717,0.142354
192,3.69596,-3.00388,0.0078299
192,3.71798,-3.01495,-0.0231129
192,3.72239,-3.00792,-0.0177219
192,3.73154,-3.00478,-0.0155095
192,3.37339,-1.20842,-0.349238
192,3.99574,-1.14526,0.287386
192,3.87626,-1.54932,0.0828286
192,4.13556,-2.82094,0.267069
192,3.74425,-1.57304,-0.104273
192,3.40615,-2.15713,-0.567996
192,3.37353,-2.15522,-0.61135
192,3.44871,-1.39496,-0.548947
192,3.41233,-2.13969,-0.662578
192,3.40832,-2.1383,-0.668491
192,3.67801,-1.57348,-0.323931
192,3.48021,-1.43799,-0.544489
192,3.45894,-2.11623,-0.643674
192,3.56233,-2.25358,-0.554851
192,4.24929,-2.86838,0.170617
192,3.53547,-1.96378,-0.601689
192,3.51823,-1.24412,-0.569279
192,3.44996,-2.09745,-0.730873
192,3.57328,-2.20942,-0.627883
192,3.59584,-2.21464,-0.603591
192,3.60364,-2.21517,-0.597783
192,3.57264,-2.24026,-0.641763
192,3.58902,-1.51561,-0.578096
192,3.57213,-2.23475,-0.654684
192,3.60539,-1.83926,-0.590518
192,3.46199,-2.08868,-0.772913
192,3.58024,-2.23344,-0.66598
192,3.68571,-2.98908,-0.609146
192,3.61102,-1.53107,-0.585938
192,3.70039,-1.45864,-0.47997
192,3.61195,-1.98251,-0.626996
192,3.61624,-1.99676,-0.624327
192,3.69085,-2.99454,-0.624027
192,3.61664,-1.50656,-0.606687
192,3.62915,-1.99977,-0.633054
192,3.62803,-1.82956,-0.625479
192,3.62437,-1.99783,-0.644846
192,3.62134,-1.51597,-0.612662
192,3.55346,-1.74479,-0.723892
192,3.64071,-1.99717,-0.671285
192,3.93435,-1.74445,-0.671258
192,3.95481,-1.7253,-0.692588
192,4.02844,-1.7037,-0.711285
192,4.34376,-1.40235,-0.343106
192,4.01576,-1.70842,-0.736729
192,4.05673,-1.70805,-0.709247
192,5.43499,-3.39268,0.654131
192,5.13387,-1.32173,0.449203
192,5.18379,-1.30897,0.446329
192,5.1936,-1.30758,0.446456
192,5.45169,-3.31645,0.578767
192,5.37488,-3.5211,0.471623
192,5.45152,-3.4129,0.547069
192,5.33364,-3.94309,0.358351
192,5.30163,-2.60045,0.370944
192,5.37297,-3.96728,0.341188
192,5.38934,-2.95457,0.435154
192,5.31728,-1.16017,0.470833
192,5.39729,-2.96292,0.422555
192,4.49766,-1.39228,-0.475598
192,5.37763,-3.01007,0.396026
192,5.41315,-3.53139,0.394912
192,5.42262,-3.53315,0.397057
192,5.36332,-3.96044,0.293684
192,5.37739,-3.96686,0.307593
192,5.3633,-2.99991,0.353592
192,5.37979,-3.97503,0.298942
192,5.36733,-3.0091,0.355586
192,4.50762,-1.32013,-0.489742
192,5.41033,-3.54131,0.359973
192,5.55031,-3.4389,0.515761
192,5.43396,-4.1198,0.328633
192,5.42076,-3.54512,0.351206
192,5.54181,-3.35093,0.49764
192,5.35351,-2.95151,0.313558
192,5.41357,-3.53889,0.334728
192,5.36637,-2.949,0.31375
192,5.38103,-1.13055,0.450084
192,5.40395,-3.00694,0.330075
192,5.28728,-2.7459,0.215042
192,4.54368,-1.31171,-0.521969
192,5.30364,-2.75489,0.226519
192,5.59884,-3.45041,0.482375
192,5.3216,-2.75794,0.220562
192,5.38933,-3.11279,0.258476
192,4.97044,-3.60853,-0.260011
192,4.56498,-1.28781,-0.551569
192,4.57054,-1.28989,-0.545747
192,5.34489,-2.90238,0.19778
192,5.54844,-3.34337,0.345431
192,5.44607,-0.989995,0.402918
192,5.01962,-3.6572,-0.288601
192,5.34155,-1.77974,0.163829
192,4.9443,-3.50521,-0.414642
192,5.38318,-3.00161,0.085079
192,4.72571,-1.34972,-0.567402
192,5.39532,-1.75897,0.150337
192,5.40548,-1.75653,0.161704
192,4.94746,-3.54447,-0.496558
192,5.33352,-2.7987,-0.0276812
192,5.41567,-1.25586,0.175442
192,5.52921,-3.4154,0.141455
192,5.33789,-2.9205,-0.0453249
192,5.29312,-2.84448,-0.0916977
192,5.60989,-1.92229,0.333714
192,5.45116,-1.26658,0.199879
192,5.32658,-2.99483,-0.0717487
192,5.30383,-2.75403,-0.0800655
192,5.60877,-1.92189,0.321913
192,5.39008,-1.75194,0.0752013
192,5.31949,-2.80542,-0.0855269
192,5.47791,-1.25906,0.203373
192,5.31155,-2.89822,-0.109659
192,5.3742,-2.94421,-0.0492961
192,5.59237,-1.61939,0.294161
192,5.59724,-1.92142,0.276691
192,5.55542,-3.40991,0.116901
192,5.42503,-1.3028,0.12262
192,5.64537,-1.91642,0.317643
192,5.4971,-3.33537,0.0437059
192,4.80965,-1.29807,-0.583796
192,5.17398,-3.96218,-0.374085
192,5.3925,-3.51666,-0.101897
192,5.32189,-2.94245,-0.163416
192,5.58268,-3.40333,0.0959247
192,5.63602,-1.60651,0.275973
192,5.50615,-1.59472,0.103794
192,5.34674,-3.04959,-0.211553
192,5.55641,-3.43793,-0.00592327
192,5.52978,-1.2211,0.127753
192,5.20711,-4.34857,-0.478362
192,5.34894,-3.02542,-0.249268
192,5.20785,-4.37032,-0.509254
192,5.58508,-3.43191,-0.0157126
192,5.07821,-2.75802,-0.546517
192,5.53234,-1.87703,0.0305109
192,5.20747,-4.50343,-0.539989
192,5.28947,-3.24284,-0.376257
192,5.4568,-3.47081,-0.226694
192,5.27928,-3.43313,-0.424536
192,5.0493,-2.69051,-0.634451
192,5.34195,-3.12886,-0.337872
192,5.41129,-4.62756,-0.382172
192,5.41305,-4.62306,-0.383569
192,5.42155,-4.63251,-0.375494
192,5.25366,-4.53745,-0.558411
192,5.27025,-4.3896,-0.531136
192,5.271,-4.54064,-0.557299
192,5.25541,-4.40135,-0.56679
192,5.60993,-1.92497,0.0101322
192,5.29201,-4.40278,-0.536475
192,5.31656,-4.49157,-0.525434
192,5.09888,-2.69079,-0.64292
192,5.43637,-4.53484,-0.401253
192,5.18589,-3.42041,-0.606936
192,5.18031,-3.43099,-0.616482
192,5.28961,-2.6613,-0.437817
192,5.42273,-3.47632,-0.35137
192,5.30454,-4.57326,-0.571999
192,5.41856,-3.46751,-0.361751
192,5.18496,-3.5274,-0.63261
192,5.68546,-2.07839,0.040326
192,5.31438,-4.40785,-0.553758
192,5.81091,-1.55525,0.213873
192,5.67643,-1.84549,-0.00448513
192,5.3518,-3.26769,-0.496588
192,5.41018,-3.27287,-0.437392
192,5.37161,-2.46409,-0.421225
192,5.33342,-2.65261,-0.48256
192,5.84708,-1.54901,0.177201
192,5.32304,-2.9347,-0.520234
192,5.30029,-2.86368,-0.54223
192,5.41423,-3.27173,-0.44641
192,5.31538,-2.85402,-0.531157
192,5.24731,-3.55411,-0.682371
192,5.35405,-3.08454,-0.531482
192,5.61549,-2.03714,-0.158455
192,5.61637,-2.03148,-0.159158
192,5.62155,-2.0442,-0.156111
192,5.36508,-3.01152,-0.547935
192,5.64092,-2.03408,-0.165925
192,5.32008,-1.68652,-0.526471
192,5.34363,-1.69954,-0.504502
192,5.29987,-1.6297,-0.551037
192,5.82306,-2.10091,-0.0155751
192,5.37018,-2.9857,-0.59321
192,5.3792,-3.05352,-0.595003
192,5.25996,-1.30698,-0.599341
192,5.25701,-1.30553,-0.613165
192,5.38662,-3.06239,-0.599509
192,5.85593,-2.09543,-0.0247728
192,5.40742,-3.0642,-0.617438
192,5.66284,-2.01718,-0.255113
192,5.29958,-1.31696,-0.628134
192,5.51855,-2.12947,-0.485511
192,5.50418,-2.25391,-0.513555
192,5.66493,-1.59543,-0.292839
192,5.52024,-2.13727,-0.497079
192,5.51289,-1.62317,-0.51332
192,5.53277,-1.60664,-0.503173
192,5.51593,-2.13745,-0.567006
192,5.75831,-4.26698,-0.751563
192,6.79477,-1.16661,-0.158366
192,6.25698,-1.67752,-1.91697
192,11.6244,-3.88349,-4.81982
192,5.47066,-1.09873,-0.768848
191,5.47066,-1.09873,-0.768848
192,3.46773,-3.04632,0.113859
191,3.46773,-3.04632,0.113859
192,3.66825,-1.50918,-0.367784
191,3.66825,-1.50918,-0.367784
192,3.28388,-3.34211,-0.0210544
191,3.28388,-3.34211,-0.0210544
192,4.07206,-1.47365,0.424446
191,4.07206,-1.47365,0.424446
192,3.82753,-1.46593,0.39194
191,3.82753,-1.46593,0.39194
192,3.66654,-1.55791,-0.00571656
191,3.66654,-1.55791,-0.00571656
192,5.22733,-3.52715,-0.664595
191,5.22733,-3.52715,-0.664595
192,3.95012,-1.31033,0.506905
191,3.95012,-1.31033,0.506905
192,5.26982,-1.69143,0.41244
191,5.26982,-1.69143,0.41244
192,3.6643,-2.99568,-0.610222
181,3.6643,-2.99568,-0.610222
192,5.47276,-3.55264,0.481279
181,5.47276,-3.55264,0.481279
192,5.70183,-3.38644,-0.00911618
181,5.70183,-3.38644,-0.00911618
192,5.68585,-1.53698,-0.0382682
181,5.68585,-1.53698,-0.0382682
192,5.57048,-2.42639,0.0205458
179,5.57048,-2.42639,0.0205458
192,5.40339,-2.61576,0.434031
179,5.40339,-2.61576,0.434031
192,5.97963,-2.496,0.0872689
179,5.97963,-2.496,0.0872689
192,5.37931,-2.6054,0.21424
179,5.37931,-2.6054,0.21424
192,5.39407,-2.60369,0.212699
179,5.39407,-2.60369,0.212699
192,3.33283,-3.07184,-0.364812
179,3.33283,-3.07184,-0.364812
192,3.59804,-2.97266,-0.576137
179,3.59804,-2.97266,-0.576137
192,5.27502,-2.59427,0.505131
180,5.27502,-2.59427,0.505131
192,5.15977,-1.25141,-0.156989
180,5.15977,-1.25141,-0.156989
192,5.58725,-1.59652,-0.522284
180,5.58725,-1.59652,-0.522284
192,3.94017,-2.39935,0.360651
172,3.94017,-2.39935,0.360651
192,6.92451,-2.48571,-0.456225
172,6.92451,-2.48571,-0.456225
192,5.54119,-1.25323,0.0252509
172,5.54119,-1.25323,0.0252509
192,5.27012,-2.74577,0.210258
172,5.27012,-2.74577,0.210258
192,5.40333,-2.60351,0.220058
172,5.40333,-2.60351,0.220058
192,5.14302,-1.49175,-0.0611806
178,5.14302,-1.49175,-0.0611806
192,5.00501,-3.39062,0.466625
190,5.00501,-3.39062,0.466625
192,5.30731,-3.39064,-0.325536
190,5.30731,-3.39064,-0.325536
192,5.42324,-1.3749,0.189582
183,5.42324,-1.3749,0.189582
192,5.35517,-3.29507,0.408979
183,5.35517,-3.29507,0.408979
192,5.7356,-2.32468,-0.463959
176,5.7356,-2.32468,-0.463959
192,5.2942,-3.18564,0.697506
176,5.2942,-3.18564,0.697506
192,4.05257,-1.7562,0.337926
176,4.05257,-1.7562,0.337926
192,5.27602,-1.62046,-0.546327
176,5.27602,-1.62046,-0.546327
193,3.18523,-2.16649,1.58647
193,3.23282,-2.53732,1.43894
193,3.62855,-2.96046,1.5056
193,3.72435,-3.08148,1.48232
193,3.80671,-2.9137,1.49514
193,3.76919,-1.622,1.21325
193,3.77307,-1.62093,1.19711
193,3.76263,-1.63102,1.15905
193,3.80766,-1.63837,1.15637
193,3.81755,-1.61292,1.19212
193,3.83874,-1.65307,1.17415
193,3.82236,-1.61552,1.09947
193,4.09947,-3.12052,1.58691
193,3.90269,-1.61978,1.16662
193,3.84326,-1.58802,0.939189
193,3.88336,-1.5729,0.982561
193,3.88916,-1.5698,0.97628
193,3.85499,-1.56072,0.716247
193,4.18196,-3.23107,1.4106
193,3.9647,-1.58558,0.956129
193,3.96364,-1.54677,0.912868
193,3.98031,-1.57307,0.939476
193,3.98323,-1.55549,0.921452
193,4.00028,-1.54805,0.912432
193,4.29929,-3.36787,1.43467
193,4.29798,-3.36916,1.42504
193,4.01007,-1.48906,0.749779
193,4.5045,-3.52849,1.5418
193,4.51569,-3.30452,1.58031
193,4.49125,-3.47189,1.42446
193,4.5081,-3.35529,1.40571
193,4.54579,-3.24585,1.45232
193,4.59164,-3.54748,1.40491
193,4.60298,-3.55856,1.38424
193,4.68403,-3.32477,1.40907
193,4.72798,-3.64912,1.46278
193,4.70861,-3.64018,1.35788
193,4.74308,-3.54074,1.32209
193,4.79267,-3.7071,1.45163
193,4.84202,-3.67187,1.5594
193,4.52175,-1.55962,0.845653
193,4.83282,-3.64064,1.4197
193,4.87893,-3.70745,1.55465
193,4.89228,-3.6992,1.55555
193,4.5769,-1.96609,0.616452
193,4.91179,-3.63102,1.28152
193,4.67941,-1.51136,0.84512
193,4.9614,-3.66789,1.29509
193,4.87302,-1.42255,1.40454
193,4.95611,-3.18126,1.34633
193,5.05816,-3.47229,1.56176
193,4.90367,-1.41052,1.40967
193,5.0021,-1.38842,1.73424
193,5.00285,-3.20826,1.33158
193,5.00735,-3.19944,1.3375
193,5.02894,-3.20855,1.3233
193,4.77005,-1.47653,0.771683
193,5.11866,-3.49518,1.5548
193,4.83621,-1.39748,0.742555
193,4.8597,-1.46665,0.789052
193,5.25468,-3.87865,1.5693
193,4.96777,-2.64261,0.803453
193,4.97996,-2.60917,0.831176
193,5.01368,-3.00454,0.859537
193,5.01479,-2.99846,0.858907
193,4.8537,-1.8858,0.476614
193,5.05175,-3.01394,0.791166
193,5.2768,-3.57826,1.3969
193,4.93986,-1.3432,0.644809
193,4.83823,-3.37627,-0.0979224
193,5.0558,-2.6161,0.758088
193,5.06483,-2.58206,0.782971
193,5.09814,-3.03295,0.772871
193,5.07127,-2.61822,0.740488
193,5.08766,-2.80068,0.757744
193,4.89233,-1.99079,0.228512
193,5.13149,-3.03359,0.785054
193,5.10058,-2.61306,0.754151
193,5.14004,-3.01137,0.776039
193,5.31503,-1.2266,1.68396
193,5.11674,-2.6306,0.754954
193,5.1454,-3.00906,0.779109
193,5.35554,-3.60521,1.36576
193,5.32411,-1.22123,1.68547
193,5.30083,-1.1243,1.59732
193,5.13643,-2.81055,0.719009
193,5.31345,-1.2244,1.59625
193,5.37531,-3.65218,1.33981
193,5.35965,-1.24971,1.72428
193,5.15375,-2.9878,0.698895
193,5.18845,-3.0438,0.76509
193,5.34914,-1.2067,1.63877
193,5.36789,-0.578823,1.76629
193,5.20389,-3.05141,0.755188
193,5.19027,-3.01593,0.693444
193,5.15132,-1.13477,0.90802
193,5.17565,-2.63462,0.703786
193,5.19811,-3.01639,0.705062
193,5.43644,-3.65391,1.35637
193,5.38056,-1.19578,1.61571
193,5.39304,-1.19262,1.64205
193,5.39477,-1.19121,1.63551
193,5.23245,-3.06837,0.732438
193,5.08345,-1.26622,0.567451
193,5.53892,-4.24553,1.50564
193,5.46417,-3.65934,1.33981
193,5.43951,-1.17151,1.6889
193,5.51447,-3.67854,1.32811
193,5.21794,-1.27678,0.778536
193,5.21014,-3.07189,0.33688
193,5.2114,-1.23604,0.674971
193,4.99796,-1.7653,-0.16381
193,5.5227,-1.11951,1.70072
193,5.34246,-3.02937,0.70598
193,5.35076,-3.19122,0.694847
193,5.18118,-1.30973,0.466666
193,5.54475,-1.00298,1.6968
193,5.23947,-3.08371,0.283629
193,5.35731,-0.535293,1.14009
193,5.69542,-4.13288,1.55605
193,4.99798,-1.72754,-0.359643
193,5.25972,-3.09118,0.253582
193,5.00142,-1.71413,-0.363513
193,5.37531,-2.76602,0.641977
193,5.03845,-1.29535,-0.237216
193,5.03683,-1.2647,-0.23808
193,5.74408,-4.16511,1.56562
193,5.58674,-1.00533,1.60707
193,5.09169,-1.30711,-0.171052
193,5.09777,-1.30604,-0.153773
193,5.09679,-1.29314,-0.161144
193,5.10275,-1.30711,-0.147112
193,5.10481,-1.29116,-0.145264
193,5.10571,-1.29039,-0.150287
193,5.10568,-1.73432,-0.2343
193,5.07481,-1.32579,-0.262826
193,5.60846,-0.961223,1.57951
193,5.1252,-2.23955,-0.302869
193,5.11215,-1.28532,-0.183899
193,5.41544,-2.98532,0.51003
193,5.17277,-2.26592,-0.172009
193,5.17271,-2.26096,-0.178197
193,5.44736,-2.95949,0.609226
193,5.09826,-1.72632,-0.368405
193,5.51772,-3.30378,0.735719
193,5.50609,-3.33702,0.666002
193,5.69929,-0.973048,1.74835
193,5.19525,-2.25957,-0.190157
193,5.66434,-0.953077,1.61764
193,5.17992,-1.29888,-0.0725665
193,5.17361,-1.2805,-0.0913779
193,5.70651,-0.960292,1.73423
193,5.37199,-2.99872,0.213182
193,5.83337,-4.01389,1.55978
193,5.49576,-2.96787,0.607799
193,5.55603,-3.32438,0.707397
193,5.20112,-1.26798,-0.10303
193,5.5624,-3.34497,0.717346
193,5.20815,-2.26538,-0.275006
193,5.87593,-4.4082,1.55693
193,5.48266,-3.01343,0.499948
193,5.54343,-3.21721,0.656613
193,5.1818,-1.67236,-0.320593
193,5.56343,-3.25843,0.617267
193,5.58211,-3.32125,0.664669
193,5.78112,-0.921564,1.74349
193,5.589,-3.36217,0.642339
193,5.22928,-2.22901,-0.367121
193,5.54393,-2.81068,0.549742
193,5.56942,-2.98905,0.59829
193,5.78123,-0.883479,1.69933
193,5.24061,-2.22186,-0.372752
193,5.20455,-1.30287,-0.324869
193,5.47185,-3.38828,0.164441
193,5.47215,-3.38564,0.151254
193,5.47726,-3.39021,0.16161
193,5.20943,-1.67575,-0.430641
193,5.62306,-3.34524,0.641281
193,5.47872,-3.33525,0.157799
193,5.56895,-2.79741,0.556504
193,5.47583,-3.34289,0.139529
193,5.29105,-2.24766,-0.2754
193,5.22778,-1.66326,-0.381431
193,5.47997,-3.33694,0.146636
193,5.27071,-2.25727,-0.360066
193,5.47769,-3.34928,0.116736
193,5.32286,-3.47832,-0.46446
193,5.49951,-3.34681,0.135377
193,5.24461,-1.66697,-0.419827
193,5.24727,-1.64297,-0.411438
193,5.34444,-3.23988,-0.388191
193,5.81893,-0.898844,1.62258
193,5.85769,-0.892481,1.74184
193,5.33006,-3.25951,-0.478264
193,5.31587,-2.25364,-0.338259
193,5.35754,-3.49186,-0.436183
193,5.63107,-3.00386,0.564108
193,5.50483,-3.11019,0.120529
193,5.20001,-1.26026,-0.554105
193,5.46634,-1.00619,0.378415
193,5.49804,-3.40885,0.0262693
193,5.2425,-1.64086,-0.513591
193,5.5166,-3.11211,0.124969
193,5.42074,-2.76799,-0.147009
193,5.2546,-1.64656,-0.494222
193,5.37143,-3.50537,-0.455971
193,5.32633,-2.65911,-0.457236
193,5.64697,-3.00298,0.543388
193,5.23058,-1.25823,-0.531385
193,5.26332,-1.64476,-0.515844
193,5.3289,-2.22701,-0.414703
193,5.51357,-0.579194,0.495667
193,5.86025,-0.850858,1.60349
193,5.36216,-3.27322,-0.532789
193,5.67342,-3.00704,0.548712
193,5.91145,-0.781222,1.75591
193,5.68526,-3.01176,0.580519
193,5.40286,-3.50795,-0.461745
193,5.4192,-3.44162,-0.416459
193,5.55975,-3.12407,0.0888133
193,5.55086,-3.42908,-0.00214291
193,5.36458,-2.22395,-0.402125
193,5.41861,-3.50827,-0.467823
193,5.28371,-1.25913,-0.50306
193,5.55637,-3.42344,-0.0112691
193,5.71553,-3.0129,0.563798
193,5.71447,-3.02136,0.530643
193,5.43717,-3.53079,-0.505228
193,5.74456,-3.02357,0.563656
193,5.63329,-3.43091,0.102935
193,5.38207,-1.65705,-0.43012
193,5.61119,-3.13605,0.0581859
193,5.60804,-3.39756,-0.0373094
193,5.51588,-1.24496,0.0298293
193,5.4908,-3.51307,-0.491808
193,5.52256,-1.19012,0.0426053
193,5.47023,-3.46778,-0.561677
193,5.55591,-1.91393,-0.00719857
193,6.15346,-4.16732,1.53121
193,5.64405,-3.45966,-0.0417538
193,5.6516,-3.38593,-0.0352871
193,5.65377,-3.46729,-0.0800643
193,5.81924,-0.928378,0.918884
193,5.405,-1.60382,-0.600006
193,5.6687,-3.47062,-0.0721191
193,5.53098,-3.48494,-0.559027
193,5.66909,-3.40601,-0.112828
193,5.65205,-1.92027,0.0645626
193,5.6178,-1.17328,0.0702937
193,5.46708,-1.60553,-0.545189
193,5.55272,-3.49476,-0.644235
193,5.69735,-1.91295,0.0600736
193,5.60325,-3.57331,-0.584444
193,6.13075,-0.704502,1.6939
193,5.76456,-0.923635,0.373276
193,5.7859,-3.49022,-0.130313
193,5.71398,-1.14681,0.0438308
193,5.8119,-3.46405,-0.155477
193,6.37548,-4.36254,1.55947
193,5.72717,-1.10515,-0.014238
193,5.8185,-0.823528,0.222863
193,6.33178,-0.574985,1.92694
193,5.7115,-3.65601,-0.735854
193,5.7586,-3.59811,-0.583534
193,5.76034,-1.79305,-0.247358
193,5.77046,-3.61153,-0.587777
193,6.47447,-4.53461,1.55025
193,6.154,0.15417,1.17059
193,5.95412,-1.98977,-0.110554
193,5.74144,-1.4985,-0.801082
193,6.12774,-4.46613,-0.0815626
193,6.07979,-0.734638,0.314813
193,5.80588,-1.48073,-0.814057
193,6.51293,-3.97683,1.07734
193,5.83463,-2.12847,-0.858382
193,6.31291,-0.69318,0.741216
193,6.67732,-0.409032,1.96158
193,6.18698,-1.00473,0.106299
193,6.03476,-2.11815,-0.90475
193,6.74669,-4.12894,1.00568
193,6.78217,-4.15193,1.01572
193,6.33529,-1.78039,-0.341071
193,7.12047,-4.73889,1.53689
193,6.55926,0.376757,0.585582
193,6.40641,-1.74988,-0.380346
193,6.58459,0.386257,0.546633
193,6.40135,-1.63715,-0.597974
193,6.49034,-1.90257,-0.416494
193,7.08158,-4.22132,0.98976
193,6.57193,-1.86317,-0.503798
193,6.60441,-1.85873,-0.458115
193,7.21279,-0.105844,1.81793
193,7.00855,-0.515331,0.690159
193,7.53026,-5.13517,1.49664
193,6.44869,-1.2196,-1.53289
193,6.78644,-1.85312,-0.698336
193,7.52283,0.0332458,2.00348
193,6.8294,-1.63966,-0.652769
193,7.54666,-0.274397,1.83964
193,7.8434,-5.31495,1.47944
193,7.64677,-4.4392,0.918107
193,7.06776,-1.51715,-0.80521
193,7.68318,1.18229,1.60853
193,8.06418,-5.38247,1.47894
193,7.25228,-1.48113,-0.818146
193,7.98245,-4.5637,0.877526
193,7.97712,0.340692,1.59854
193,7.91413,1.35461,1.57709
193,8.31877,-4.66,0.829692
193,8.43622,-4.7207,0.725774
193,9.153,0.803695,-0.854404
193,5.42308,-1.65923,-0.192911
183,5.42308,-1.65923,-0.192911
193,5.4978,-1.26759,0.924127
183,5.4978,-1.26759,0.924127
193,5.37901,-2.60223,0.513887
183,5.37901,-2.60223,0.513887
193,5.23647,-1.32381,0.133018
183,5.23647,-1.32381,0.133018
193,5.37444,-1.26608,0.0943023
183,5.37444,-1.26608,0.0943023
193,5.69355,-2.20682,0.311698
183,5.69355,-2.20682,0.311698
193,5.86067,-2.18805,0.278981
183,5.86067,-2.18805,0.278981
193,5.61036,-3.39603,1.09644
183,5.61036,-3.39603,1.09644
193,5.69452,-2.20602,0.311372
183,5.69452,-2.20602,0.311372
193,5.14974,-3.69147,-0.307925
183,5.14974,-3.69147,-0.307925
193,5.4407,-1.6517,-0.208284
183,5.4407,-1.6517,-0.208284
193,5.54439,-2.5005,0.408703
183,5.54439,-2.5005,0.408703
193,5.67725,-3.44182,0.0530354
183,5.67725,-3.44182,0.0530354
193,5.53321,-2.50597,0.417317
183,5.53321,-2.50597,0.417317
193,5.28413,-1.2678,0.0487803
183,5.28413,-1.2678,0.0487803
193,5.57715,-1.61191,0.285783
183,5.57715,-1.61191,0.285783
193,5.4621,-1.6497,0.310329
183,5.4621,-1.6497,0.310329
193,5.4578,-2.63716,0.672788
186,5.4578,-2.63716,0.672788
193,5.53207,-2.12902,0.057972
186,5.53207,-2.12902,0.057972
193,5.61115,-3.38483,1.08396
186,5.61115,-3.38483,1.08396
193,5.78425,-2.03883,0.150504
186,5.78425,-2.03883,0.150504
193,5.55075,-1.1588,1.05702
186,5.55075,-1.1588,1.05702
193,5.09438,-1.3631,0.119087
190,5.09438,-1.3631,0.119087
193,5.3687,-1.2233,-0.039408
190,5.3687,-1.2233,-0.039408
193,5.31349,-3.27821,0.106302
190,5.31349,-3.27821,0.106302
193,5.18813,-1.29711,-0.049017
190,5.18813,-1.29711,-0.049017
193,5.54086,-1.25967,0.361907
190,5.54086,-1.25967,0.361907
193,5.81142,-2.06755,-0.740156
190,5.81142,-2.06755,-0.740156
193,5.26546,-1.70151,0.41261
190,5.26546,-1.70151,0.41261
193,5.41498,-2.7397,0.69176
190,5.41498,-2.7397,0.69176
193,5.61134,-1.13493,0.497412
190,5.61134,-1.13493,0.497412
193,5.29453,-1.2691,0.0590491
190,5.29453,-1.2691,0.0590491
193,5.34447,-2.18115,-0.446441
190,5.34447,-2.18115,-0.446441
193,5.48414,-3.56502,0.362922
190,5.48414,-3.56502,0.362922
193,5.28648,-2.13188,-0.43577
190,5.28648,-2.13188,-0.43577
193,5.77413,-2.13283,-0.709804
190,5.77413,-2.13283,-0.709804
193,5.94178,-2.05601,-0.841268
190,5.94178,-2.05601,-0.841268
193,5.02561,-2.9989,0.728235
190,5.02561,-2.9989,0.728235
193,5.44321,-1.6535,0.359162
190,5.44321,-1.6535,0.359162
193,5.47615,-4.0049,0.319249
190,5.47615,-4.0049,0.319249
193,5.40367,-2.63038,0.694731
190,5.40367,-2.63038,0.694731
193,5.64664,-2.15243,-0.630548
190,5.64664,-2.15243,-0.630548
193,5.83152,-2.12923,-0.744421
190,5.83152,-2.12923,-0.744421
193,5.38694,-2.14088,0.142525
190,5.38694,-2.14088,0.142525
193,5.45063,-0.998712,0.488487
190,5.45063,-0.998712,0.488487
193,5.71279,-1.04929,1.1009
190,5.71279,-1.04929,1.1009
193,5.75294,-2.10401,-0.660378
190,5.75294,-2.10401,-0.660378
193,5.29349,-3.91234,0.359411
190,5.29349,-3.91234,0.359411
193,5.30074,-3.93002,0.326742
190,5.30074,-3.93002,0.326742
193,5.47128,-1.74263,0.057507
185,5.47128,-1.74263,0.057507
193,5.46845,-2.09643,0.0943283
185,5.46845,-2.09643,0.0943283
193,5.27778,-0.607029,1.58662
185,5.27778,-0.607029,1.58662
193,5.31005,-0.666951,1.11684
185,5.31005,-0.666951,1.11684
193,5.92092,-1.03381,1.75951
188,5.92092,-1.03381,1.75951
193,5.67501,-1.16219,1.79361
188,5.67501,-1.16219,1.79361
193,5.42396,-1.17778,1.61102
188,5.42396,-1.17778,1.61102
193,5.30419,-1.18254,-0.245524
181,5.30419,-1.18254,-0.245524
193,5.33269,-1.22346,-0.173833
181,5.33269,-1.22346,-0.173833
193,5.45751,-1.92161,0.057369
181,5.45751,-1.92161,0.057369
193,5.38441,-1.20197,-0.190103
181,5.38441,-1.20197,-0.190103
193,5.48913,-1.579,0.0519271
181,5.48913,-1.579,0.0519271
193,5.2905,-4.04221,0.368993
181,5.2905,-4.04221,0.368993
193,5.72401,-2.07015,0.209754
177,5.72401,-2.07015,0.209754
193,5.87877,-3.47234,0.857864
177,5.87877,-3.47234,0.857864
193,5.45405,-1.39274,0.418278
178,5.45405,-1.39274,0.418278
193,5.45406,-3.37151,0.732247
178,5.45406,-3.37151,0.732247
193,5.4393,-1.65304,-0.172822
192,5.4393,-1.65304,-0.172822
193,5.6971,-1.58513,-0.307088
192,5.6971,-1.58513,-0.307088
193,5.65529,-1.68622,-0.0269071
192,5.65529,-1.68622,-0.0269071
193,6.5175,-2.43899,-0.392322
192,6.5175,-2.43899,-0.392322
193,4.42109,-2.46469,0.667387
192,4.42109,-2.46469,0.667387
193,5.57877,-1.74225,0.00856124
192,5.57877,-1.74225,0.00856124
193,5.34196,-1.03715,0.434464
192,5.34196,-1.03715,0.434464
193,5.6513,-1.58089,-0.596203
192,5.6513,-1.58089,-0.596203
194,3.38664,-2.16237,1.62303
194,3.39257,-2.15766,1.62208
194,3.40635,-2.15132,1.56284
194,3.99851,-2.60116,1.26097
194,4.00117,-2.60263,1.26035
194,4.12612,-3.03428,1.63331
194,4.22567,-3.09449,1.62225
194,4.29411,-2.59674,1.10832
194,4.31574,-2.59143,1.10742
194,4.40373,-3.19293,1.48237
194,4.39575,-2.64676,1.10643
194,4.4099,-2.64963,1.09618
194,4.54479,-3.24829,1.43543
194,4.53862,-1.61975,1.52122
194,4.68945,-3.26852,1.63119
194,4.64082,-1.60764,2.29563
194,4.78144,-3.52079,1.37053
194,4.75123,-1.50308,1.48461
194,4.81145,-1.47689,0.811726
194,4.87768,-1.49443,2.3784
194,5.0105,-3.33096,1.39275
194,4.91027,-1.40205,1.42515
194,5.04309,-3.42135,1.43481
194,5.06865,-3.34679,1.39181
194,4.96365,-1.43535,1.205
194,5.04022,-3.05289,0.881935
194,5.07805,-3.36691,1.37532
194,4.97691,-1.42901,1.22368
194,5.12761,-3.42159,1.36092
194,5.06537,-2.66448,0.762457
194,5.02473,-1.352,0.99965
194,5.08702,-2.60365,0.799859
194,5.15867,-3.40318,1.37147
194,5.1046,-2.7901,0.793374
194,5.10263,-2.59377,0.792792
194,5.0374,-1.30392,0.66659
194,5.14839,-3.04638,0.834506
194,5.14867,-3.04989,0.832234
194,5.13134,-2.65382,0.771063
194,5.05496,-1.29757,0.681747
194,5.16429,-3.01727,0.797298
194,5.21337,-3.43166,1.33871
194,5.17508,-3.02195,0.787511
194,5.18343,-3.03254,0.785041
194,5.18656,-3.066,0.791659
194,5.19175,-3.04055,0.781299
194,5.16054,-1.2406,2.44601
194,5.1913,-3.03031,0.776713
194,5.17002,-2.65941,0.734978
194,5.19188,-1.43533,2.6771
194,5.17693,-2.60759,0.719726
194,5.20554,-3.02169,0.725707
194,5.20067,-1.43163,2.67873
194,5.23734,-1.44514,2.71599
194,5.25046,-3.08078,0.789153
194,5.17636,-1.26842,1.38411
194,5.26843,-3.09215,0.756918
194,5.2681,-1.38099,2.68763
194,5.33743,-3.60334,1.32134
194,5.27191,-1.37786,2.68787
194,5.28044,-1.37316,2.69304
194,5.22578,-1.28133,0.843299
194,5.37189,-3.51624,1.34367
194,5.25576,-1.18851,1.62066
194,5.23415,-1.09446,0.964313
194,5.28442,-1.23553,1.62345
194,5.39227,-3.3051,1.23253
194,5.30464,-1.2169,1.60147
194,5.40616,-3.3074,1.22983
194,5.42295,-3.54127,1.32068
194,5.30939,-1.21449,1.62007
194,5.46472,-3.6645,1.30419
194,5.35097,-1.19356,1.71428
194,5.47744,-3.66396,1.3102
194,5.46095,-3.32608,1.20006
194,5.36957,-1.19291,1.62393
194,5.38474,-1.19339,1.63148
194,5.54314,-4.07776,1.35874
194,5.39302,-1.13721,1.6302
194,5.40406,-1.17189,1.61772
194,5.42154,-1.15631,1.67633
194,5.42618,-1.11591,1.65536
194,5.43326,-1.08956,1.69227
194,5.50336,-2.9821,0.631106
194,5.44098,-1.0404,1.59141
194,5.42249,-0.564313,1.31709
194,5.56871,-3.34634,0.65361
194,5.5772,-3.33637,0.677224
194,5.55861,-1.23015,2.81483
194,5.49028,-1.0746,1.31051
194,5.67019,-4.16333,1.51431
194,5.55556,-2.68652,0.595675
194,5.597,-3.35654,0.653898
194,5.52159,-1.07383,1.6931
194,5.52122,-1.02501,1.68391
194,5.52937,-1.07452,1.6341
194,5.70253,-4.17548,1.50804
194,5.53498,-0.989528,1.61648
194,5.59996,-1.21326,2.83291
194,5.574,-0.96243,1.71679
194,5.59262,-0.978415,1.72596
194,5.57752,-0.602313,1.73946
194,5.64833,-1.01081,1.72799
194,5.6444,-0.976348,1.64434
194,5.68805,-0.990601,1.71113
194,5.70051,-0.886668,1.87523
194,5.74855,-0.881714,1.58292
194,5.74466,-0.635553,1.48088
194,5.83309,-0.799844,2.9151
194,5.81246,-0.836196,1.58811
194,6.0406,-4.39001,1.47143
194,6.11958,-4.4584,1.29214
194,6.39024,-0.439584,0.549333
194,6.47855,-0.458722,1.90339
194,6.86975,-4.1898,3.3995
194,6.84082,-0.171265,1.1006
194,7.163,-5.14111,1.15009
194,7.13013,-4.33698,0.931566
194,6.91314,-0.291729,0.17221
194,7.88549,0.423392,1.54991
194,8.0566,0.520874,1.48815
194,8.41178,1.00761,1.09983
194,5.79256,-3.03519,0.507395
193,5.79256,-3.03519,0.507395
194,5.55564,-1.15515,1.06804
193,5.55564,-1.15515,1.06804
194,4.98358,-1.47273,1.76692
193,4.98358,-1.47273,1.76692
194,5.65986,-0.899796,1.08964
193,5.65986,-0.899796,1.08964
194,5.52968,-3.87918,1.25084
193,5.52968,-3.87918,1.25084
194,5.83087,-3.9597,1.27115
193,5.83087,-3.9597,1.27115
194,5.34683,-1.20624,1.61541
193,5.34683,-1.20624,1.61541
194,5.4764,-1.09452,1.72928
188,5.4764,-1.09452,1.72928
194,5.28623,-2.84577,0.725471
188,5.28623,-2.84577,0.725471
194,5.38337,-1.24137,1.04876
188,5.38337,-1.24137,1.04876
194,5.47413,-0.954609,0.919725
188,5.47413,-0.954609,0.919725
194,5.54773,-0.964884,2.41083
187,5.54773,-0.964884,2.41083
194,5.39822,-0.772187,1.49309
187,5.39822,-0.772187,1.49309
194,5.37459,-0.673917,1.10973
187,5.37459,-0.673917,1.10973
194,5.52846,-3.33054,1.21645
187,5.52846,-3.33054,1.21645
194,5.42461,-1.17145,1.1355
187,5.42461,-1.17145,1.1355
194,5.36303,-2.62506,0.691957
185,5.36303,-2.62506,0.691957
194,5.73138,-2.5023,0.369604
185,5.73138,-2.5023,0.369604
194,5.78241,-2.50347,0.357713
185,5.78241,-2.50347,0.357713
194,5.46016,-1.07136,0.544686
185,5.46016,-1.07136,0.544686
194,5.70372,-2.50406,0.376513
185,5.70372,-2.50406,0.376513
194,5.29218,-2.8252,0.714961
185,5.29218,-2.8252,0.714961
194,5.34235,-0.563478,1.21415
185,5.34235,-0.563478,1.21415
194,5.37153,-0.546303,1.29189
185,5.37153,-0.546303,1.29189
194,5.43812,-1.04279,0.990214
185,5.43812,-1.04279,0.990214
194,5.70922,-3.75062,1.58818
70,5.70922,-3.75062,1.58818
194,5.73597,-3.77579,1.58861
70,5.73597,-3.77579,1.58861
194,5.70396,-3.74661,1.58697
70,5.70396,-3.74661,1.58697
194,5.38965,-0.998581,0.892914
69,5.38965,-0.998581,0.892914
194,5.52696,-3.70631,1.30191
69,5.52696,-3.70631,1.30191
195,5.02673,-3.43151,2.61196
195,5.33066,-3.80498,1.28706
195,5.15321,-3.43616,2.66787
195,5.15757,-3.44325,2.67475
195,5.33072,-3.49269,1.27407
195,5.36112,-3.80041,1.29421
195,5.34997,-3.50164,1.26946
195,5.19598,-3.45672,2.69505
195,5.21197,-3.58314,2.69914
195,5.21472,-3.4753,2.69661
195,5.37897,-3.53569,1.27355
195,5.38393,-3.53968,1.26331
195,5.38698,-3.84709,1.58196
195,5.40456,-3.81871,1.56406
195,5.42504,-3.63535,1.29369
195,5.24196,-3.66371,3.00021
195,5.4325,-3.64631,1.2965
195,5.44291,-3.81969,1.31131
195,5.42422,-3.50198,1.30155
195,5.28858,-1.18888,1.28114
195,5.43645,-3.48125,1.31245
195,5.43047,-3.83586,1.56889
195,5.46316,-3.83128,1.3126
195,5.11185,-0.948255,2.85074
195,5.11213,-0.932103,2.85915
195,5.11498,-0.948364,2.8455
195,5.47979,-3.8361,1.3096
195,5.336,-1.22391,1.20597
195,5.46587,-3.84282,1.55845
195,5.12835,-0.729305,2.84264
195,5.47806,-3.55206,1.30523
195,5.47341,-3.52155,1.33132
195,5.34628,-1.22184,1.19965
195,5.14019,-0.918,2.86506
195,5.13257,-0.723176,2.85145
195,5.49873,-3.82612,1.32534
195,5.49463,-3.64793,1.30154
195,5.30795,-0.714968,1.3975
195,5.14582,-0.717289,2.84891
195,5.51106,-3.81495,1.33269
195,5.4941,-3.5344,1.32913
195,5.51742,-3.8146,1.32562
195,5.52142,-3.83812,1.31335
195,5.36196,-1.20882,1.26983
195,5.53241,-3.81275,1.31892
195,5.36236,-1.22301,1.45016
195,5.38481,-1.19605,1.28196
195,5.53846,-3.60383,1.31129
195,5.54274,-3.63961,1.29416
195,5.55132,-3.78345,1.32309
195,5.38703,-1.19351,1.35359
195,5.39677,-1.19514,1.26865
195,5.35086,-3.71999,3.1077
195,5.53479,-3.82265,1.5965
195,5.54183,-3.84933,1.58124
195,5.41145,-1.18694,1.25874
195,5.36384,-3.74186,3.11553
195,5.54417,-3.82329,1.58876
195,5.57401,-3.79803,1.31526
195,5.54978,-3.85407,1.56437
195,5.57255,-3.79337,1.33145
195,5.55527,-3.8509,1.57865
195,5.4121,-1.11761,1.32759
195,5.55713,-3.83937,1.59033
195,5.55424,-3.80104,1.5949
195,5.4204,-1.11208,1.31594
195,5.42536,-1.14955,1.29362
195,5.41364,-3.77106,2.86758
195,5.41811,-1.15457,1.37001
195,5.43821,-0.968352,1.09434
195,5.4242,-1.17188,1.33396
195,5.41876,-1.17123,1.4059
195,5.45962,-1.09436,1.01011
195,5.42661,-1.1913,1.42851
195,5.39627,-1.19338,1.74006
195,5.29164,-1.35616,2.81734
195,5.40107,-3.67323,3.14096
195,5.40347,-1.18264,1.73271
195,5.39514,-0.925983,1.68606
195,5.41675,-0.830008,1.45592
195,5.44351,-1.16162,1.40279
195,5.44459,-1.16497,1.41962
195,5.4554,-1.16048,1.32896
195,5.39526,-3.07725,2.93669
195,5.43906,-3.41695,2.77703
195,5.46404,-1.17156,1.30192
195,5.31402,-1.37946,2.77386
195,5.46292,-1.15546,1.32649
195,5.43598,-1.1697,1.60261
195,5.44556,-3.42859,2.77992
195,5.31071,-1.34904,2.8255
195,5.47297,-0.87718,1.13449
195,5.61121,-3.83079,1.57623
195,5.43725,-0.831243,1.49791
195,5.47908,-1.16082,1.31204
195,5.46753,-1.17162,1.42935
195,5.33265,-1.38139,2.76064
195,5.49216,-1.01154,1.13594
195,5.46218,-1.09483,1.45013
195,5.4904,-1.00498,1.19551
195,5.32708,-1.3246,2.83565
195,5.62714,-3.82561,1.57336
195,5.44678,-1.03266,1.62531
195,5.44235,-1.08829,1.71203
195,5.50215,-1.00339,1.14215
195,5.34068,-1.36631,2.78368
195,5.49948,-0.941058,1.14959
195,5.3357,-1.34165,2.83251
195,5.34749,-1.37168,2.76774
195,5.47258,-1.08806,1.50948
195,5.32475,-1.3492,2.9746
195,5.34755,-1.36109,2.79271
195,5.45604,-1.11211,1.69089
195,5.49648,-1.0067,1.29056
195,5.45616,-0.970582,1.63467
195,5.35618,-1.36879,2.75544
195,5.35516,-1.3615,2.76227
195,5.50891,-0.930766,1.15949
195,5.4594,-1.15207,1.73471
195,5.4571,-3.66957,3.17698
195,5.34015,-1.36979,2.95085
195,5.36276,-1.35609,2.74219
195,5.48422,-1.02701,1.48946
195,5.34258,-1.36541,2.94989
195,5.36294,-1.3562,2.76596
195,5.48989,-3.44221,2.80042
195,5.36643,-1.35553,2.74387
195,5.46871,-1.07618,1.70655
195,5.3473,-1.36601,2.96597
195,5.34954,-1.35524,2.95251
195,5.34637,-1.34386,2.98694
195,5.50076,-3.46029,2.80131
195,5.36199,-1.30691,2.85191
195,5.376,-1.38518,2.80012
195,5.67551,-3.43738,1.28202
195,5.37885,-1.34275,2.75445
195,5.52575,-0.988843,1.27248
195,5.5002,-0.807037,1.40241
195,5.36086,-1.34141,2.94231
195,5.3593,-1.35891,2.96608
195,5.35942,-1.35762,2.96509
195,5.50845,-3.43201,2.81839
195,5.36261,-1.35164,2.96812
195,5.36475,-1.35535,2.96647
195,5.36353,-1.0815,2.83662
195,5.38532,-1.3774,2.81463
195,5.39122,-1.32745,2.74994
195,5.36921,-1.35415,2.97838
195,5.3666,-1.34478,3.01237
195,5.37022,-1.32752,3.00236
195,5.37532,-1.32404,3.00261
195,5.69121,-3.82657,1.59265
195,5.72107,-3.76503,1.32688
195,5.38196,-1.07094,2.84783
195,5.38287,-1.3563,3.01912
195,5.71101,-3.44097,1.27659
195,5.7014,-3.8303,1.59213
195,5.4025,-1.27318,2.88254
195,5.395,-1.06392,2.84919
195,5.72169,-3.44707,1.28314
195,5.70938,-3.80501,1.59484
195,5.39634,-1.35971,3.03436
195,5.71362,-3.75756,1.59793
195,5.40498,-1.35381,3.03971
195,5.40518,-1.35062,3.03824
195,5.73471,-3.42911,1.27192
195,5.72369,-3.79149,1.60444
195,5.4362,-0.541419,2.37452
195,5.41274,-1.308,3.02636
195,5.73252,-3.79832,1.58169
195,5.73255,-3.82788,1.6079
195,5.42751,-1.25384,2.88729
195,5.73125,-3.76341,1.6002
195,5.42051,-1.05644,2.86241
195,5.73666,-3.75487,1.58858
195,5.46881,-1.01401,2.44523
195,5.44779,-0.530659,2.37089
195,5.53901,-0.955511,1.80063
195,5.51725,-0.593312,1.80596
195,5.45022,-0.532978,2.37274
195,5.43203,-1.05858,2.86522
195,5.7507,-3.82872,1.60045
195,5.62508,-0.924494,1.17418
195,5.53424,-0.574155,1.79327
195,5.55463,-0.911675,1.84632
195,5.76611,-3.78495,1.58967
195,5.57022,-3.3526,3.16486
195,5.4664,-1.21901,2.90739
195,5.46738,-1.22297,2.90226
195,5.58427,-3.25155,3.03209
195,5.47968,-0.992484,2.71894
195,5.46518,-1.35742,3.06692
195,5.46756,-0.976886,2.83867
195,5.47884,-1.21146,2.89418
195,5.5904,-3.34493,3.10384
195,5.48034,-0.994491,2.78197
195,5.48061,-1.20496,2.89795
195,5.51752,-1.89533,2.96001
195,5.59781,-3.35642,3.09322
195,5.48338,-0.985215,2.79269
195,5.60279,-3.35519,3.07372
195,5.63464,-3.49227,2.87988
195,5.60342,-3.25309,3.03954
195,5.48129,-0.964654,2.8558
195,5.50062,-0.99257,2.72538
195,5.65371,-3.52822,2.78038
195,5.80783,-3.86557,1.60042
195,5.61144,-3.35082,3.0772
195,5.50382,-0.989889,2.73884
195,5.53513,-1.89615,2.96632
195,5.64112,-3.56264,2.96229
195,5.63913,-3.52261,2.96185
195,5.64074,-3.52965,2.95691
195,5.49113,-1.02234,2.89132
195,5.64568,-3.55067,2.9379
195,5.61946,-3.36197,3.08289
195,5.6209,-3.38347,3.09105
195,5.49641,-0.958037,2.8719
195,5.62218,-3.36035,3.09669
195,5.49079,-0.897808,2.89282
195,5.5073,-0.982752,2.81328
195,5.75618,-2.9093,1.67675
195,5.57689,-2.40528,2.99262
195,5.64875,-3.49937,2.97145
195,5.51672,-0.976066,2.75056
195,5.58475,-2.42244,2.97986
195,5.63517,-3.3747,3.06954
195,5.76884,-2.91142,1.63627
195,5.63617,-3.36852,3.08493
195,5.58853,-2.40896,2.99627
195,5.55853,-1.89152,2.98708
195,5.63873,-3.33802,3.09192
195,5.5293,-1.19013,2.86963
195,5.66949,-3.56737,2.95085
195,5.6652,-3.59318,3.01692
195,5.66811,-3.56318,2.9916
195,5.644,-3.35185,3.08956
195,5.64386,-3.34541,3.09677
195,5.52592,-1.40332,3.06483
195,5.66461,-3.60665,3.08178
195,5.66655,-3.61137,3.08608
195,5.61785,-0.544076,1.81027
195,5.67513,-3.52985,2.97818
195,5.65292,-3.27533,3.06352
195,5.67147,-3.6158,3.09136
195,5.65802,-3.34542,3.09628
195,5.68666,-3.59253,2.9831
195,5.61095,-2.40413,2.99797
195,5.66061,-3.3561,3.09387
195,5.65898,-3.34602,3.10374
195,5.66267,-3.38064,3.09051
195,5.61869,-2.40291,2.96568
195,5.54444,-1.39566,3.08252
195,5.62061,-2.40458,2.96835
195,5.61551,-2.40249,3.01595
195,5.69296,-3.61295,3.02031
195,5.67417,-3.30071,3.01727
195,5.53358,-0.878391,2.91769
195,5.68479,-3.54643,3.0638
195,5.61914,-2.4042,3.01956
195,5.67047,-3.29144,3.07275
195,5.67568,-3.39805,3.08635
195,5.70212,-3.57953,2.95987
195,5.69692,-3.57966,3.01966
195,5.67788,-3.38152,3.08573
195,5.62955,-2.43259,3.00197
195,5.69216,-3.61631,3.10636
195,5.56408,-1.16625,2.88273
195,5.55642,-1.36243,3.06362
195,5.8153,-2.92724,1.638
195,5.68367,-3.39357,3.08171
195,5.71026,-3.58298,2.95341
195,5.70365,-3.54526,2.99858
195,5.69771,-3.5726,3.0724
195,5.81502,-2.92771,1.67345
195,5.70592,-3.58152,3.01174
195,5.70446,-3.5867,3.02867
195,5.64082,-2.40385,2.95099
195,5.70611,-3.58227,3.0325
195,5.71467,-3.58328,2.95847
195,5.56185,-1.38599,3.09244
195,5.71124,-3.59033,3.04087
195,5.71686,-3.60941,3.00435
195,5.70738,-3.59031,3.08256
195,5.70772,-3.58224,3.07552
195,5.69696,-3.39226,3.08894
195,5.71499,-3.53253,3.00752
195,5.69669,-3.35928,3.0753
195,5.69311,-3.29318,3.07971
195,5.71179,-3.62904,3.11064
195,5.73415,-3.68965,2.9533
195,5.72705,-3.60114,2.97183
195,5.57391,-1.35054,3.07977
195,5.65035,-2.40357,2.98791
195,5.71525,-3.55058,3.05058
195,5.64658,-2.40323,3.02381
195,5.71471,-3.58822,3.08069
195,5.71679,-3.58157,3.05997
195,5.57348,-1.37431,3.10444
195,5.73408,-3.67324,2.96072
195,5.65846,-2.42502,2.96183
195,5.54465,-1.10254,3.25685
195,5.72326,-3.64018,3.10828
195,5.70802,-3.34022,3.07958
195,5.58104,-1.38606,3.12085
195,5.70346,-3.30722,3.10856
195,5.72351,-3.57298,3.08414
195,5.72637,-3.57007,3.07302
195,5.70906,-3.30054,3.08475
195,5.73058,-3.5594,3.06024
195,5.54435,-1.03038,3.31024
195,5.71191,-3.29592,3.08636
195,5.71648,-3.37541,3.09097
195,5.71081,-3.33074,3.11939
195,5.59149,-1.35456,3.07962
195,5.72829,-3.48182,3.07288
195,5.64339,-2.18662,3.11665
195,5.64419,-2.18668,3.10971
195,5.67205,-2.39682,2.99898
195,5.67083,-2.4279,3.03607
195,5.71955,-3.33372,3.11694
195,5.72014,-3.34039,3.13077
195,5.59703,-1.36234,3.12857
195,5.74334,-3.5664,3.05945
195,5.67176,-2.39649,3.04468
195,5.65443,-2.18494,3.11047
195,5.65485,-2.18605,3.11266
195,5.60157,-1.36301,3.13113
195,5.7323,-3.379,3.10092
195,5.76876,-3.65536,2.94111
195,5.75042,-3.55973,3.05289
195,5.73236,-3.41256,3.13203
195,5.77456,-3.68811,2.92879
195,5.75737,-3.54187,3.03256
195,5.76933,-3.62329,2.97849
195,5.59843,-0.843749,2.95617
195,5.7364,-3.34298,3.129
195,5.70117,-2.43544,2.96403
195,5.60541,-0.831296,2.9568
195,5.70621,-2.4325,2.96059
195,5.75192,-3.48224,3.14164
195,5.67194,-2.18381,3.1304
195,5.75077,-3.35533,3.09187
195,5.66546,-1.87501,3.03952
195,5.78434,-3.59633,2.98613
195,5.80452,-3.63771,2.8546
195,5.64637,-1.32227,2.98413
195,5.83174,-4.25464,2.97156
195,5.76179,-3.38956,3.1179
195,5.77262,-3.49243,3.09311
195,5.77322,-3.37056,3.04956
195,5.78159,-3.5968,3.11115
195,5.79587,-3.61955,3.0063
195,5.64431,-1.33297,3.11519
195,5.77252,-3.36461,3.11784
195,5.78964,-3.52739,3.09427
195,5.79495,-3.49834,3.09731
195,5.79075,-3.38268,3.10842
195,5.70933,-2.17378,3.16186
195,5.67723,-1.31304,3.01708
195,5.74569,-2.42783,3.06721
195,5.824,-1.10248,1.66343
195,5.82921,-3.54314,3.12145
195,5.85863,-3.55958,3.13674
195,5.75039,-1.28076,3.05455
195,5.88492,-3.57549,3.14882
195,5.82329,-2.39973,3.0787
195,5.89556,-3.58023,3.15437
195,5.89289,-1.06607,1.80163
195,5.82605,-2.21251,3.23972
195,5.8913,-2.20983,3.23628
195,5.8969,-1.83639,3.16284
195,5.94766,-2.39056,3.14597
195,6.08037,-3.8919,2.94299
195,6.09068,-3.9122,2.94754
195,6.09111,-3.91071,2.95123
195,6.107,-3.91132,2.95387
195,6.13694,-3.88891,2.97013
195,6.10771,-3.11522,3.66284
195,6.24542,-2.71501,3.376
195,6.32782,-1.74474,3.379
195,6.46111,-2.92471,3.48814
195,6.50068,-3.01624,3.47064
195,6.52615,-3.02351,3.48622
195,6.5362,-2.87543,3.46998
195,6.58596,-2.87985,3.48882
195,6.60388,-2.88802,3.49794
195,6.61664,-2.88318,3.49978
195,6.62947,-2.89276,3.51228
195,6.70651,-2.86283,3.55079
195,6.60486,-1.01897,3.46694
195,6.64925,-1.68387,3.55928
195,6.70461,-0.986508,3.52329
195,7.20474,0.866516,1.86966
195,7.2866,0.858613,1.85017
195,7.41858,0.947958,1.85881
195,7.53246,1.11509,1.85814
195,7.6333,1.13716,1.88719
195,7.65676,1.13794,1.86331
195,12.6787,0.0986938,6.8635
195,5.30764,-3.50812,1.32946
194,5.30764,-3.50812,1.32946
195,5.87988,-4.1927,2.95998
194,5.87988,-4.1927,2.95998
195,5.49853,-1.18661,1.76892
194,5.49853,-1.18661,1.76892
195,5.4305,-1.06705,1.26651
188,5.4305,-1.06705,1.26651
195,5.43015,-1.08566,1.69365
188,5.43015,-1.08566,1.69365
195,5.86649,-2.93094,1.65917
188,5.86649,-2.93094,1.65917
195,5.88678,-2.92991,1.66285
188,5.88678,-2.92991,1.66285
195,5.44684,-1.08749,1.68717
187,5.44684,-1.08749,1.68717
195,5.45602,-1.14991,1.47294
187,5.45602,-1.14991,1.47294
195,5.44525,-1.10643,1.41574
187,5.44525,-1.10643,1.41574
195,5.37038,-0.672238,1.10478
187,5.37038,-0.672238,1.10478
195,5.39916,-0.583373,1.31639
187,5.39916,-0.583373,1.31639
195,5.45903,-1.14048,1.35357
187,5.45903,-1.14048,1.35357
195,5.4886,-0.502369,2.38076
187,5.4886,-0.502369,2.38076
195,5.23996,-1.12282,1.15944
193,5.23996,-1.12282,1.15944
195,5.452,-1.09703,1.54568
185,5.452,-1.09703,1.54568
195,5.36659,-0.614381,1.25093
185,5.36659,-0.614381,1.25093
196,3.77335,-1.67708,1.18955
196,3.77357,-1.63712,1.21071
196,3.77574,-1.67894,1.1937
196,3.78094,-1.65461,1.21227
196,3.78069,-1.63258,1.21161
196,3.78623,-1.63037,1.23177
196,3.79037,-1.65541,1.22975
196,3.7937,-1.60913,1.2377
196,4.29735,-2.59413,1.0941
196,4.60247,-0.939298,1.77534
196,5.25737,-3.89941,1.52711
196,5.26481,-3.91205,1.55896
196,5.25345,-3.95958,1.31878
196,5.25404,-3.93174,1.30934
196,5.30187,-3.81712,1.27746
196,5.31014,-3.85344,1.27617
196,5.30668,-3.8132,1.27086
196,5.31297,-3.85193,1.26996
196,5.31149,-3.80604,1.2888
196,5.31749,-3.84464,1.28797
196,5.33906,-3.8038,1.31618
196,5.17272,-2.58674,0.760303
196,5.34537,-3.80578,1.3113
196,5.3593,-3.79379,1.30993
196,5.18791,-2.58865,0.713241
196,5.20365,-2.60955,0.727751
196,5.34598,-3.52609,1.16546
196,5.39392,-3.81275,1.30694
196,5.26897,-3.05595,0.733497
196,5.27681,-3.05693,0.773585
196,5.2491,-3.09304,0.469619
196,5.27708,-3.07171,0.731198
196,5.28071,-3.07395,0.688064
196,5.2792,-3.02755,0.679945
196,5.28184,-3.0281,0.684675
196,5.25682,-2.95449,0.434737
196,5.26949,-2.95796,0.410987
196,5.45321,-3.80292,1.33982
196,5.28722,-2.67062,0.726316
196,5.28333,-2.63399,0.709856
196,5.28407,-2.63411,0.706148
196,5.29461,-2.70516,0.73138
196,5.32969,-3.07425,0.706028
196,5.33304,-3.08829,0.712165
196,5.33581,-3.07353,0.748483
196,5.33514,-3.08588,0.712213
196,5.33732,-3.08665,0.717505
196,5.33745,-3.07898,0.706973
196,5.29504,-2.6384,0.672321
196,5.3259,-2.9332,0.696486
196,5.47683,-3.80658,1.35238
196,5.47074,-3.76137,1.27914
196,5.32796,-2.92095,0.667032
196,5.30602,-2.64621,0.689412
196,5.36988,-3.14972,0.758752
196,5.14353,-1.08734,0.430388
196,5.49603,-3.8174,1.33915
196,5.37635,-3.15766,0.744491
196,5.35068,-2.89831,0.729731
196,5.37677,-3.12022,0.724134
196,5.37537,-3.12719,0.703232
196,5.37456,-3.13413,0.689314
196,5.63325,-3.5901,2.69469
196,5.38711,-3.16697,0.728518
196,5.39297,-3.1748,0.714348
196,5.64424,-3.59482,2.69827
196,5.51322,-3.78093,1.26594
196,5.34443,-0.591328,2.36154
196,5.50744,-3.5505,1.21918
196,5.45399,-1.01404,2.80871
196,5.6877,-3.627,2.67459
196,5.69748,-3.62956,2.71319
196,5.26347,-0.802334,1.04171
196,5.4834,-0.997039,2.77214
196,5.40272,-0.564649,2.38413
196,5.71784,-3.64585,2.61211
196,5.60423,-3.81677,1.26828
196,5.4023,-1.14333,1.65812
196,5.50155,-0.992322,2.71615
196,5.36739,-0.719048,1.65664
196,5.37529,-0.697444,1.69267
196,5.76221,-3.66079,2.6572
196,5.49516,-0.99525,2.42576
196,5.42515,-1.12048,1.6237
196,5.44539,-1.18354,1.75952
196,5.39068,-1.18751,1.16188
196,5.42918,-1.04209,1.63758
196,5.43194,-1.07603,1.63208
196,5.42755,-1.04085,1.59221
196,5.78689,-3.6857,2.63173
196,5.43759,-1.06092,1.6371
196,5.4511,-1.11273,1.70741
196,5.45162,-1.11199,1.69681
196,5.38832,-0.441704,1.6398
196,5.46409,-1.15155,1.71746
196,5.799,-3.68744,2.62512
196,5.47531,-1.1949,1.75728
196,5.63572,-3.43319,1.28305
196,5.44392,-0.976567,1.61929
196,5.38957,-0.463729,1.52211
196,5.4665,-1.02742,1.70258
196,5.47843,-1.01078,1.82957
196,5.39879,-0.498113,1.52124
196,5.40144,-0.490945,1.51026
196,5.69776,-3.76457,1.34612
196,5.49395,-0.995439,1.83012
196,5.48562,-1.02771,1.70744
196,5.48075,-1.05267,1.6222
196,5.48656,-1.01774,1.69675
196,5.48646,-1.05945,1.63182
196,5.44435,-0.535041,1.67346
196,5.48453,-1.01695,1.59105
196,5.49857,-1.0125,1.70732
196,5.50302,-1.01388,1.70567
196,5.6837,-3.4255,1.27142
196,5.47401,-0.608411,1.75439
196,5.50847,-0.962548,1.74717
196,5.4495,-0.466249,1.62603
196,5.59927,-1.02988,2.54628
196,5.41948,-0.982136,0.869225
196,5.69245,-3.44234,1.26541
196,5.70043,-3.44544,1.26027
196,5.44913,-0.422818,1.54227
196,5.37784,-0.436189,0.852421
196,5.7076,-3.44786,1.26549
196,5.71062,-3.4482,1.2855
196,5.70931,-3.45267,1.2647
196,5.55281,-1.17768,1.79655
196,5.49034,-0.639095,1.67781
196,5.53397,-1.04208,1.72823
196,5.53447,-0.925744,1.81896
196,5.71379,-3.45249,1.25731
196,5.75799,-3.79868,1.28893
196,5.44748,-0.969711,0.833381
196,5.45745,-0.981236,0.904277
196,5.55735,-0.966757,1.83781
196,5.54867,-0.960983,1.74634
196,5.51499,-0.573812,1.74701
196,5.45953,-0.965073,0.857738
196,5.77416,-3.80147,1.31621
196,5.44472,-0.416348,1.14003
196,5.79038,-3.80314,1.33068
196,5.48985,-0.334346,1.55856
196,5.44984,-0.427145,0.870277
196,5.51284,-0.938258,0.844155
196,5.61052,-0.882249,1.81842
196,5.53035,-0.943574,0.885178
196,5.80576,-2.93173,1.70363
196,5.53669,-0.940988,0.894843
196,5.5672,-1.13851,0.997319
196,5.53282,-0.918797,0.839792
196,5.74473,-3.39956,0.596711
196,5.75194,-3.40447,0.640438
196,5.74932,-3.41362,0.572205
196,5.54239,-0.91574,0.817067
196,5.75803,-3.39899,0.638008
196,5.55517,-0.92387,0.875034
196,5.58799,-1.90966,0.304502
196,5.53695,-0.295221,1.23468
196,5.50991,-0.976941,0.369516
196,5.76262,-3.40996,0.587341
196,5.7705,-3.40536,0.575879
196,5.77555,-3.40842,0.609701
196,5.52592,-0.582542,0.665362
196,5.59212,-1.60979,0.291504
196,5.59662,-1.60906,0.306009
196,5.63208,-1.91194,0.341323
196,5.62576,-1.91576,0.0856218
196,5.6842,-1.89911,0.310693
196,5.61605,-0.951168,0.497728
196,5.66976,-1.85369,0.0434822
196,5.61217,-0.923787,0.313625
196,6.19167,-3.95032,2.93857
196,5.77004,-0.968022,1.37439
196,5.66562,-0.911163,0.312604
196,6.02376,-2.95459,1.68151
196,6.26799,-3.94609,2.98599
196,6.83049,0.458515,1.7591
196,7.97769,-3.18007,-0.405658
196,9.0733,2.39372,1.819
196,5.73691,-3.39942,0.588038
194,5.73691,-3.39942,0.588038
196,5.38918,-3.96628,1.5038
194,5.38918,-3.96628,1.5038
196,5.70055,-0.878526,1.08093
194,5.70055,-0.878526,1.08093
196,5.28047,-1.10924,2.33834
194,5.28047,-1.10924,2.33834
196,5.30874,-3.50936,1.16273
194,5.30874,-3.50936,1.16273
196,5.59359,-3.74994,1.2697
194,5.59359,-3.74994,1.2697
196,5.65833,-0.910536,2.54079
195,5.65833,-0.910536,2.54079
196,5.78109,-3.99678,1.54711
195,5.78109,-3.99678,1.54711
196,5.56835,-0.956778,2.35877
195,5.56835,-0.956778,2.35877
196,5.79414,-3.47159,1.28955
188,5.79414,-3.47159,1.28955
196,5.37194,-0.791297,1.52404
188,5.37194,-0.791297,1.52404
196,5.79742,-2.91895,1.64557
188,5.79742,-2.91895,1.64557
196,5.84682,-2.92423,1.65577
188,5.84682,-2.92423,1.65577
196,5.45501,-3.08297,0.685238
190,5.45501,-3.08297,0.685238
196,5.2976,-0.476163,1.5306
70,5.2976,-0.476163,1.5306
196,4.51853,-1.23208,0.806598
178,4.51853,-1.23208,0.806598
196,5.43513,-2.92004,0.658632
192,5.43513,-2.92004,0.658632
196,5.56852,-1.21946,0.173524
192,5.56852,-1.21946,0.173524
197,2.41945,-2.58659,1.51827
197,2.55388,-2.19736,1.61139
197,2.55612,-2.19456,1.60915
197,3.21092,-2.58274,1.48248
197,3.2592,-1.70989,1.24753
197,3.35539,-1.64644,1.19885
197,3.57976,-1.59441,1.24247
197,3.58204,-1.59041,1.23591
197,3.59082,-1.59323,1.25004
197,3.58958,-1.58756,1.24451
197,3.5723,-1.5875,1.20326
197,3.5772,-1.60099,1.20935
197,3.58146,-1.59749,1.20738
197,3.57951,-1.58224,1.20358
197,3.5803,-1.58355,1.20334
197,3.54517,-1.57207,1.07358
197,3.56145,-1.57886,1.08994
197,3.55611,-1.5686,1.07433
197,3.5593,-1.56772,1.07766
197,3.56521,-1.56018,1.0643
197,3.51357,-1.51712,0.946492
197,3.49084,-1.48679,0.8838
197,3.72757,-1.5938,1.28875
197,3.54633,-1.50047,0.928109
197,3.72936,-1.61647,1.23339
197,3.57752,-1.52543,0.927477
197,3.58058,-1.52303,0.923255
197,3.64553,-1.58733,1.03999
197,3.74531,-1.61171,1.22477
197,3.5774,-1.51545,0.908558
197,3.58107,-1.51361,0.909736
197,3.66816,-1.58113,1.03229
197,3.77717,-1.59434,1.21486
197,3.53982,-1.57755,0.724811
197,3.56022,-1.5959,0.740596
197,3.79964,-1.5965,1.20894
197,3.56161,-1.5962,0.733082
197,3.57314,-1.60459,0.728068
197,3.57771,-1.58031,0.730438
197,3.56351,-1.55737,0.701679
197,3.65918,-1.57214,0.883764
197,3.5873,-1.58046,0.721778
197,3.59353,-1.57817,0.730988
197,3.58235,-1.54795,0.697615
197,3.8307,-1.64635,1.16674
197,3.53977,-3.20083,0.323782
197,3.69971,-1.55778,0.870633
197,3.60343,-1.52158,0.687487
197,3.81125,-1.54683,1.0817
197,3.81727,-1.54428,1.08233
197,3.71515,-1.54997,0.872125
197,3.46086,-1.35715,0.392187
197,3.87342,-1.62603,1.15613
197,3.8395,-1.53142,1.09998
197,3.87715,-1.61864,1.15019
197,3.4594,-1.3781,0.348766
197,3.57049,-3.49417,0.200147
197,3.56583,-3.5006,0.189486
197,3.57912,-3.48773,0.215902
197,3.59529,-3.50805,0.240062
197,3.4817,-1.45412,0.349454
197,3.57056,-3.50072,0.189035
197,3.46061,-1.36616,0.314303
197,3.58923,-3.54309,0.209708
197,3.48269,-1.44064,0.343612
197,3.57505,-3.5432,0.174523
197,3.58974,-3.54047,0.200906
197,3.91074,-1.60895,1.14181
197,3.59284,-3.55114,0.196739
197,3.58663,-3.58881,0.1739
197,3.59192,-3.55167,0.189472
197,3.86245,-1.58047,1.04153
197,3.75975,-1.54528,0.843247
197,3.53969,-3.10757,0.0985464
197,3.56062,-3.02572,0.141199
197,3.69623,-3.16091,0.380929
197,3.89499,-1.57485,1.01825
197,3.88953,-1.56955,1.00405
197,3.56758,-1.61844,0.350347
197,3.56792,-1.61878,0.347835
197,3.55715,-3.05651,0.0904275
197,3.55959,-3.05846,0.0876852
197,3.57299,-1.61567,0.346467
197,3.7069,-3.17875,0.350477
197,3.90263,-1.56196,0.986124
197,3.70887,-3.18607,0.33806
197,3.9253,-1.54273,0.970574
197,3.52391,-1.06652,0.253026
197,3.83274,-1.56725,0.731529
197,3.82893,-1.56622,0.69754
197,3.61636,-1.54841,0.272026
197,3.84587,-1.55627,0.719399
197,3.9576,-1.55739,0.934292
197,3.61998,-1.54948,0.271031
197,3.95864,-1.5569,0.933842
197,3.79354,-1.54731,0.598405
197,3.89235,-1.51479,0.79165
197,3.53798,-1.46133,0.080019
197,3.8956,-1.49264,0.770664
197,3.9148,-1.5519,0.792854
197,3.90305,-1.49021,0.765943
197,3.87912,-1.53825,0.704858
197,3.57971,-1.01422,0.201038
197,3.57958,-1.01411,0.193643
197,3.8718,-1.53213,0.649779
197,3.66484,-3.00536,-0.0288684
197,3.66633,-3.01654,-0.0295426
197,3.66851,-3.00447,-0.0294038
197,3.68591,-2.99715,-0.0152607
197,3.6857,-3.0019,-0.0171742
197,3.68554,-2.9974,-0.0174265
197,3.61683,-1.46264,0.0380824
197,3.74423,-1.58007,0.221088
197,3.63005,-1.68116,-0.0216572
197,3.93121,-1.54727,0.575995
197,3.84808,-1.46336,0.407755
197,3.71656,-1.4765,0.140264
197,3.83963,-1.34072,0.393829
197,3.86089,-1.45872,0.41205
197,3.72786,-1.58963,0.124746
197,3.64773,-1.43515,-0.00846255
197,3.84708,-1.34319,0.394066
197,3.84637,-1.3365,0.388533
197,3.85052,-1.33165,0.391251
197,3.72833,-1.47035,0.12487
197,3.72839,-1.47088,0.122303
197,3.75053,-1.58258,0.106035
197,3.86763,-1.28278,0.370171
197,3.68189,-1.54229,-0.0375084
197,3.80388,-1.56159,0.165862
197,3.77451,-1.61352,0.0735346
197,3.70072,-1.5446,-0.10453
197,3.82929,-1.53532,0.139092
197,3.70578,-1.54218,-0.112135
197,3.91857,-1.45748,0.261932
197,3.74948,-1.52385,-0.145963
197,3.94528,-1.44402,0.236875
197,3.86563,-1.6933,-0.0102386
197,3.77848,-1.57143,-0.182634
197,4.13416,-1.04878,0.320253
197,5.18932,-4.00084,1.51885
197,5.23795,-4.09697,1.5968
197,5.25215,-4.16557,1.58722
197,5.24865,-4.11136,1.58903
197,5.25032,-4.12155,1.58899
197,5.20832,-4.01513,1.52387
197,5.23598,-4.02734,1.56891
197,5.24288,-3.97835,1.5888
197,5.22033,-4.04709,1.52324
197,5.2552,-4.03468,1.57731
197,5.27307,-4.18078,1.58821
197,5.22996,-4.0616,1.52268
197,5.24081,-4.07331,1.52203
197,5.27629,-4.01085,1.59494
197,5.24951,-3.89256,1.54573
197,5.2012,-3.99165,1.43321
197,5.21161,-4.00105,1.41872
197,5.25664,-4.12195,1.48693
197,5.22762,-3.97759,1.45042
197,5.22633,-3.99103,1.43727
197,5.17438,-3.92495,1.34119
197,5.27005,-3.89906,1.5329
197,5.18789,-3.92453,1.35309
197,5.2165,-3.87548,1.40739
197,5.23331,-4.07483,1.40736
197,5.24764,-4.20167,1.40696
197,5.24812,-4.05585,1.42896
197,5.22264,-4.03546,1.36094
197,4.34094,-0.834391,0.130457
197,5.26151,-4.08019,1.40443
197,5.23799,-4.03917,1.35145
197,5.31483,-4.15408,1.47555
197,5.24348,-4.07782,1.34771
197,5.25212,-3.89738,1.39392
197,5.28614,-4.21411,1.403
197,5.25883,-3.90335,1.39364
197,5.26168,-3.89684,1.3995
197,5.28226,-4.08557,1.40706
197,5.26175,-3.90813,1.38532
197,5.20653,-3.82546,1.28718
197,5.23912,-3.97093,1.32616
197,5.22514,-3.75999,1.32583
197,5.26365,-4.1116,1.3374
197,5.28006,-4.07244,1.34893
197,5.26812,-4.09056,1.31346
197,5.39109,-3.9051,1.55389
197,4.55926,-0.591545,0.342149
197,5.36018,-3.7519,1.30348
197,4.69676,-3.38861,0.0299966
197,5.39352,-1.18383,1.72469
197,4.68226,-3.40508,-0.051239
197,5.01688,-2.48125,0.642228
197,5.4221,-3.53493,1.24509
197,5.37778,-3.54819,1.14853
197,5.47048,-3.59687,1.30262
197,5.6464,-3.76692,1.59575
197,5.65809,-3.79833,1.59542
197,5.50243,-1.10051,1.71775
197,5.37645,-1.17118,1.43627
197,5.2805,0.00538349,1.43255
197,5.68926,-3.78885,1.58405
197,5.71334,-3.77576,1.60832
197,5.37132,-1.17196,1.36069
197,5.72662,-3.78595,1.59721
197,4.84678,-3.52321,-0.0879817
197,5.30802,-1.26173,1.15486
197,5.52559,-3.62776,1.18723
197,5.44812,-1.16335,1.4173
197,5.39359,-0.996844,1.32551
197,5.60285,-3.68491,1.28647
197,5.25492,-2.82486,0.735547
197,4.8812,-3.57521,-0.134067
197,5.30279,-1.25837,1.07073
197,5.62574,-3.68741,1.29281
197,5.48237,-1.08882,1.4332
197,5.62801,-3.69633,1.29262
197,5.6598,-3.77604,1.33581
197,5.28078,-2.86992,0.740037
197,5.34064,-1.24346,1.12051
197,4.85438,-3.57502,-0.224945
197,5.25571,-2.62942,0.715592
197,5.30116,-3.0828,0.721092
197,5.63325,-3.74327,1.25963
197,4.88475,-3.60051,-0.186013
197,4.88665,-3.60673,-0.187013
197,4.8658,-3.58525,-0.234909
197,5.26394,-2.64793,0.6959
197,4.86437,-3.58611,-0.24666
197,4.89043,-3.44576,-0.190842
197,5.63561,-3.43285,1.26786
197,5.27007,-2.97656,0.587689
197,5.67066,-3.43568,1.2942
197,5.33675,-2.94637,0.705956
197,5.32847,-2.9357,0.682815
197,5.36783,-3.08954,0.720128
197,5.236,-2.52085,0.550029
197,5.24462,-2.94356,0.485771
197,4.90937,-3.60598,-0.282017
197,4.84622,-3.51404,-0.40819
197,5.71106,-3.45076,1.29045
197,5.39633,-3.19096,0.711319
197,4.85373,-3.52341,-0.410065
197,5.25719,-2.99096,0.446454
197,5.23309,-0.0178316,0.860736
197,5.3499,-1.19275,0.889736
197,5.2426,-0.0189836,0.863128
197,5.36842,-4.51005,0.368873
197,5.27222,-3.01215,0.364257
197,5.34808,-3.95951,0.348736
197,5.35195,-3.96251,0.352658
197,5.01354,-4.24269,-0.360255
197,5.30755,-2.49152,0.496937
197,5.32602,-2.49058,0.521102
197,5.72777,-3.44608,1.15198
197,5.31767,-2.98054,0.398441
197,5.5553,-0.993683,1.18682
197,4.69773,-1.3381,-0.55591
197,5.03195,-4.26018,-0.378741
197,5.33326,-3.00243,0.416776
197,4.70717,-1.32831,-0.53892
197,4.99146,-0.216908,0.197064
197,5.28076,-3.08706,0.290978
197,4.70807,-1.32839,-0.546568
197,4.68511,-1.29804,-0.588907
197,4.7095,-1.3275,-0.558095
197,5.4593,-4.57648,0.336044
197,5.34339,-3.03651,0.342441
197,5.05755,-3.49379,-0.299257
197,5.06626,-3.50712,-0.307623
197,5.37041,-3.04353,0.362248
197,5.09578,-4.28561,-0.409046
197,5.28133,-2.75272,0.201937
197,5.36059,-1.1116,0.583842
197,5.50297,-1.13309,0.846985
197,5.44121,-3.5588,0.325535
197,5.03318,-3.5267,-0.483417
197,5.47034,-1.16217,0.757902
197,5.62836,-3.37387,0.688435
197,5.50821,-4.1712,0.299515
197,5.50305,-4.16102,0.289394
197,5.11426,-3.54371,-0.374199
197,5.46105,-3.57181,0.292313
197,5.03361,-3.2196,-0.549654
197,4.97008,-2.67445,-0.586116
197,5.03174,-3.2389,-0.563033
197,5.56499,-0.925537,0.847456
197,5.54263,-4.18247,0.270098
197,5.43486,-3.38457,0.184947
197,5.09798,-3.53966,-0.504715
197,4.97854,-2.68707,-0.604013
197,5.03889,-3.25321,-0.591368
197,4.9794,-2.68825,-0.621199
197,5.41722,-3.31146,0.133862
197,5.19267,-3.42897,-0.328105
197,5.53498,-3.3538,0.352128
197,5.18353,-3.40562,-0.347514
197,5.56001,-4.1885,0.255013
197,5.20007,-3.45654,-0.356144
197,5.56946,-4.1992,0.246057
197,5.01569,-2.67338,-0.607144
197,5.44293,-3.31487,0.115994
197,5.14747,-2.64013,-0.361993
197,5.44167,-3.3101,0.0998195
197,5.32207,-1.633,0.138
197,5.43552,-1.02098,0.433502
197,5.60398,-0.329268,0.861015
197,5.45974,-3.32575,0.0840288
197,5.368,-1.75151,0.16069
197,5.00816,-1.28545,-0.480536
197,5.12634,-3.60963,-0.633971
197,5.25914,-3.45779,-0.358176
197,5.27353,-4.51441,-0.513137
197,5.30951,-1.26073,0.0742968
197,5.47376,-3.33866,0.0518306
197,5.46794,-3.3319,0.0366149
197,5.14625,-3.42726,-0.619201
197,5.14052,-3.43825,-0.637925
197,5.67719,-0.859221,0.835061
197,5.3811,-1.25565,0.17942
197,5.39452,-1.74041,0.124665
197,5.31444,-4.50332,-0.485848
197,5.49989,-3.34279,0.0587435
197,5.33408,0.046196,0.28194
197,5.5509,-0.998451,0.535618
197,5.3984,-1.2714,0.191433
197,5.10009,-2.71765,-0.631962
197,5.15216,-3.45538,-0.670519
197,5.36415,-3.46607,-0.256707
197,5.38854,-1.24077,0.153665
197,5.5419,-3.39924,0.0891956
197,5.10838,-2.71955,-0.65308
197,5.11545,-2.72572,-0.653519
197,5.51904,-3.41794,0.0235292
197,5.51489,-1.01145,0.394601
197,5.56505,-0.989715,0.486702
197,5.19899,-3.43114,-0.632394
197,5.43922,-1.25336,0.176854
197,5.45266,-1.25643,0.201695
197,5.41852,-1.2862,0.109187
197,5.55535,-3.43996,0.0105658
197,5.44296,-4.65586,-0.423727
197,5.56082,-3.43248,0.00522208
197,5.56186,-0.993288,0.384852
197,5.38591,-4.55124,-0.550662
197,5.18852,-2.74751,-0.656588
197,5.37057,-3.49284,-0.428908
197,5.16988,-1.38612,-0.486236
197,5.33608,-3.26673,-0.472518
197,5.21049,-2.74792,-0.644269
197,5.49098,-1.23242,0.152467
197,5.36112,-3.25891,-0.44069
197,5.31037,-2.18222,-0.383271
197,5.29591,-3.62087,-0.651787
197,5.2525,-3.52526,-0.723011
197,5.25507,-3.51157,-0.71852
197,5.36008,-3.26428,-0.475134
197,5.27039,-3.45246,-0.700093
197,5.9064,-0.155049,1.0829
197,5.44426,-3.48919,-0.376362
197,5.30776,-2.12217,-0.429016
197,5.52629,-4.71105,-0.446307
197,5.58453,-1.93052,0.0575361
197,5.33187,-3.62189,-0.71742
197,5.59491,-1.92951,0.0711643
197,5.59134,-1.87043,0.0612148
197,5.58875,-1.87056,0.0531301
197,5.55296,-1.20447,0.0917014
197,5.56859,-1.19772,0.11193
197,5.51125,-3.50027,-0.398543
197,5.61477,-1.91787,0.0425593
197,5.62549,-1.91681,0.0561926
197,5.57856,-4.74881,-0.500017
197,5.62433,-1.92286,0.045337
197,5.58179,-1.23136,0.0606753
197,5.37639,-3.62832,-0.747126
197,5.44837,-2.23878,-0.415001
197,5.45333,-2.24696,-0.407631
197,5.35223,-1.61526,-0.527682
197,5.42107,-2.21568,-0.500331
197,5.44786,-2.23935,-0.455338
197,5.43513,-2.21469,-0.489269
197,5.35489,-1.63393,-0.560557
197,5.35325,-1.60679,-0.581858
197,5.38009,-1.62974,-0.547033
197,5.46341,-2.13474,-0.477457
197,5.41108,-1.64361,-0.504972
197,5.37648,-1.60233,-0.577458
197,5.39134,-1.61824,-0.555435
197,5.33445,-1.30308,-0.616697
197,5.72547,-2.11299,0.00698543
197,5.40154,-1.62701,-0.551483
197,5.42797,-1.59935,-0.571175
197,5.42472,-1.57796,-0.582837
197,5.41679,-1.58157,-0.600515
197,5.42242,-1.5914,-0.622252
197,5.47823,-1.62327,-0.540497
197,5.53877,-2.1645,-0.572089
197,5.8157,-2.1058,-0.0362389
197,5.46837,-2.13312,0.0850325
190,5.46837,-2.13312,0.0850325
197,5.25323,-3.47747,0.430173
190,5.25323,-3.47747,0.430173
197,5.39129,-1.04806,0.436934
190,5.39129,-1.04806,0.436934
197,5.45084,-1.17095,0.762147
190,5.45084,-1.17095,0.762147
197,5.3102,-2.25696,-0.422041
190,5.3102,-2.25696,-0.422041
197,5.08967,-1.25329,-0.204936
190,5.08967,-1.25329,-0.204936
197,5.36266,-1.19697,0.518835
190,5.36266,-1.19697,0.518835
197,5.06771,-3.5575,-0.571718
190,5.06771,-3.5575,-0.571718
197,5.43421,-1.20699,0.992659
190,5.43421,-1.20699,0.992659
197,5.33038,-3.31552,1.09018
190,5.33038,-3.31552,1.09018
197,5.23744,-1.21304,-0.62084
190,5.23744,-1.21304,-0.62084
197,5.25867,-3.02988,0.683805
183,5.25867,-3.02988,0.683805
197,5.21266,-2.94124,0.480939
183,5.21266,-2.94124,0.480939
197,5.6348,-1.55493,0.0384063
191,5.6348,-1.55493,0.0384063
197,5.27366,-3.48956,-0.249641
191,5.27366,-3.48956,-0.249641
197,3.74594,-1.48123,-0.112806
181,3.74594,-1.48123,-0.112806
197,3.57204,-3.20647,0.0639242
181,3.57204,-3.20647,0.0639242
197,5.60604,-2.07966,0.226489
181,5.60604,-2.07966,0.226489
197,5.20815,-2.6433,-0.404035
181,5.20815,-2.6433,-0.404035
197,5.25058,-1.19801,-0.586161
177,5.25058,-1.19801,-0.586161
197,5.32402,-1.27457,0.111761
177,5.32402,-1.27457,0.111761
197,5.26555,-1.27219,-0.458738
177,5.26555,-1.27219,-0.458738
197,3.5306,-1.61499,0.0391612
177,3.5306,-1.61499,0.0391612
197,5.54638,-2.08332,0.221518
172,5.54638,-2.08332,0.221518
197,5.29583,-2.96347,0.520157
172,5.29583,-2.96347,0.520157
197,5.27402,-3.10075,0.472766
172,5.27402,-3.10075,0.472766
197,5.41297,-1.10808,0.440613
192,5.41297,-1.10808,0.440613
197,5.44146,-1.101,0.434635
192,5.44146,-1.101,0.434635
197,3.60833,-3.15386,0.44147
192,3.60833,-3.15386,0.44147
197,4.86362,-3.31294,-0.374951
192,4.86362,-3.31294,-0.374951
197,5.19788,-1.30347,1.15791
196,5.19788,-1.30347,1.15791
198,3.47305,-1.61064,1.21168
198,3.47374,-1.59655,1.09911
198,2.76584,-3.16215,-0.0704002
198,2.76735,-3.14598,-0.0811619
198,2.83414,-3.51634,-0.0430286
198,2.8591,-3.1319,-0.061376
198,3.2013,-3.26,0.371149
198,2.86266,-3.13673,-0.085287
198,3.60626,-1.60666,1.06627
198,2.95505,-3.50818,-0.0456799
198,2.95611,-3.50751,-0.0492823
198,3.04534,-3.42441,-0.000988126
198,3.52435,-1.55551,0.82009
198,3.53578,-1.54845,0.815126
198,3.04649,-3.13281,-0.0373619
198,3.07468,-3.4496,-0.037572
198,3.05028,-3.13392,-0.04206
198,3.04957,-3.14076,-0.0448973
198,3.07531,-3.44888,-0.0425963
198,3.07374,-3.33245,-0.0471298
198,3.09739,-3.48828,-0.036809
198,3.07609,-3.32139,-0.0515152
198,3.05995,-3.1512,-0.0603334
198,3.29272,-3.34595,0.223189
198,3.87081,-1.58241,1.18323
198,3.09125,-3.33111,-0.0696383
198,3.31043,-3.35391,0.215016
198,3.55692,-1.59142,0.723147
198,3.81923,-1.6059,1.08043
198,3.56058,-1.58618,0.724962
198,3.56102,-1.58975,0.722199
198,3.40403,-3.28813,0.335018
198,3.41786,-3.28147,0.341049
198,3.11011,-3.34265,-0.0939773
198,3.31832,-3.19444,0.207403
198,3.24217,-3.35605,0.0826954
198,3.2394,-3.35554,0.077414
198,3.32808,-3.19753,0.2048
198,3.23534,-3.35424,0.0556705
198,3.23411,-3.35132,0.0522281
198,3.32392,-3.39849,0.169914
198,3.34483,-3.48358,0.17735
198,3.23192,-3.33845,0.0291933
198,3.75903,-1.55947,0.91193
198,3.28212,-3.47178,0.0541886
198,3.77514,-1.5712,0.916682
198,3.36003,-3.21745,0.175724
198,3.47919,-3.35935,0.325416
198,3.28972,-3.4764,0.0457921
198,3.27799,-3.46827,0.028885
198,3.2732,-3.46473,0.0154911
198,3.50311,-3.26151,0.350969
198,3.49506,-3.45269,0.320656
198,3.21255,-3.3236,-0.0583735
198,3.24904,-3.15663,0.00709796
198,3.15323,-3.37343,-0.147318
198,3.29994,-3.47871,0.0411702
198,3.32294,-3.48601,0.0706575
198,3.25303,-3.15907,0.00443363
198,3.2771,-3.46909,0.00587893
198,3.28251,-3.19284,0.035059
198,3.38375,-3.50806,0.141251
198,3.79494,-1.5583,0.895829
198,3.30595,-3.48391,0.0296437
198,3.29819,-3.48757,0.010062
198,3.4121,-3.52415,0.162923
198,3.80487,-1.54501,0.896183
198,3.57209,-1.56699,0.567758
198,3.1924,-3.38096,-0.134533
198,3.27694,-3.4091,-0.0216604
198,3.39673,-3.46151,0.134089
198,3.39849,-3.46271,0.135682
198,3.29695,-3.43481,-0.0059998
198,3.52832,-3.42921,0.313831
198,3.19329,-3.37694,-0.146482
198,3.42648,-3.47535,0.163907
198,3.42878,-3.13292,0.199275
198,3.23096,-3.34278,-0.0969909
198,3.53718,-3.43685,0.303689
198,3.43723,-3.47623,0.16147
198,3.52085,-3.39429,0.284771
198,3.43467,-3.48215,0.155438
198,3.51373,-3.38996,0.269959
198,3.20389,-3.29367,-0.150431
198,3.21479,-3.29277,-0.137315
198,3.52323,-3.40057,0.275692
198,3.21118,-3.28944,-0.145121
198,3.21458,-3.29448,-0.150129
198,3.44894,-3.48107,0.146263
198,3.33457,-3.14545,0.00707281
198,3.2855,-3.04887,-0.0549194
198,3.4547,-2.99743,0.165338
198,3.30663,-3.04705,-0.0607935
198,3.35525,-3.02425,0.0022577
198,3.48794,-3.15,0.164527
198,3.54215,-3.51601,0.201708
198,3.54118,-3.51896,0.198958
198,3.36539,-3.02486,-0.0137964
198,3.37296,-3.07255,-0.0120612
198,3.3792,-3.0673,-0.00494373
198,3.36975,-3.02343,-0.0138621
198,3.36638,-3.03808,-0.0259161
198,3.3827,-3.04939,-0.0102309
198,3.37952,-3.04695,-0.0298806
198,3.52831,-3.06661,0.149843
198,3.53011,-3.20368,0.0958378
198,3.46591,-3.0001,0.00497687
198,3.70839,-1.48956,0.487008
198,3.74512,-1.53841,0.530212
198,3.59656,-3.09322,0.164929
198,3.47423,-2.99701,0.00110972
198,3.47054,-3.00603,-0.00515115
198,3.60212,-3.09613,0.156097
198,3.53725,-3.08223,0.0654877
198,3.54464,-3.09178,0.0680974
198,3.57303,-1.60635,0.250953
198,3.54213,-3.08063,0.0611228
198,3.558,-1.07592,0.273415
198,3.57842,-1.60204,0.248185
198,3.57506,-1.09094,0.278162
198,3.6219,-3.10069,0.142244
198,3.56609,-3.09001,0.026866
198,3.75545,-1.46055,0.435584
198,3.52275,-1.47563,0.0909028
198,3.02998,-1.28153,-0.586841
198,3.63619,-1.51308,0.200347
198,3.54313,-1.45261,0.0607969
198,3.04886,-1.25017,-0.616998
198,3.8228,-1.38024,0.432787
198,3.84083,-2.8522,0.311293
198,3.57788,-1.56996,0.0715296
198,3.05331,-1.25781,-0.623361
198,3.05397,-1.25046,-0.638701
198,3.05361,-1.23069,-0.641043
198,3.96135,-1.53364,0.562559
198,3.68524,-1.49734,0.168738
198,3.68667,-1.49244,0.17015
198,3.27464,-3.03523,-0.590167
198,3.61892,-1.69063,-0.000878692
198,3.88327,-1.34701,0.39295
198,3.63106,-1.54364,0.0118926
198,3.63504,-1.43952,0.0164528
198,3.74683,-1.55105,0.1335
198,3.24093,-2.00669,-0.626294
198,3.66512,-1.65678,-0.0470093
198,3.9263,-1.19016,0.349768
198,3.99043,-1.1361,0.368936
198,3.94621,-1.1008,0.31068
198,3.41788,-1.15049,-0.432273
198,3.27581,-1.21605,-0.644102
198,3.57507,-1.5632,-0.270054
198,3.7955,-1.69038,0.0196764
198,3.26942,-1.19356,-0.658863
198,4.01484,-1.14251,0.361983
198,3.58079,-1.59613,-0.292872
198,4.02568,-1.12631,0.366364
198,4.01369,-1.1171,0.34891
198,3.59417,-1.5502,-0.292704
198,3.50143,-2.22017,-0.537063
198,4.07087,-1.12685,0.346164
198,3.73922,-1.61463,-0.163723
198,3.446,-1.98142,-0.634889
198,3.47024,-1.72463,-0.639982
198,3.47513,-1.72391,-0.634828
198,3.52,-1.95774,-0.598564
198,3.4782,-2.00352,-0.662815
198,3.60637,-2.97992,-0.590785
198,3.46714,-2.1128,-0.707312
198,3.60305,-2.97595,-0.606507
198,3.55293,-2.23526,-0.62264
198,3.56037,-1.99924,-0.593598
198,3.54778,-2.23583,-0.635081
198,3.5688,-2.20863,-0.616549
198,3.56332,-2.21773,-0.62542
198,3.56644,-2.21093,-0.620873
198,3.52535,-1.97111,-0.660599
198,3.51636,-1.39091,-0.617614
198,3.63163,-2.99179,-0.622417
198,3.69189,-1.45628,-0.412695
198,3.57294,-1.49958,-0.588183
198,3.5679,-1.49058,-0.598787
198,3.53643,-1.71892,-0.669912
198,3.57951,-1.49233,-0.608622
198,3.61335,-1.98561,-0.636542
198,3.61504,-1.98336,-0.638724
198,3.52526,-0.331554,-0.607519
198,3.41447,-1.10945,-0.836864
198,3.5258,-0.32961,-0.611485
198,3.62449,-1.82173,-0.687621
198,3.77091,-1.42439,-0.494487
198,3.92464,-1.72256,-0.643901
198,3.94149,-1.73345,-0.629793
198,3.92848,-1.73518,-0.65417
198,5.38625,-4.61265,1.02871
198,5.30204,-3.52195,0.962967
198,5.3147,-3.52907,0.960839
198,5.33825,-4.61803,0.840552
198,5.00987,-2.48755,0.594643
198,5.23449,-3.07521,0.751798
198,5.24963,-2.75463,0.723392
198,5.2722,-2.87414,0.729738
198,5.26179,-2.72419,0.728962
198,5.31036,-3.08995,0.739765
198,4.58409,-0.123678,-0.00481939
198,5.3351,-3.13634,0.737204
198,5.29069,-2.64305,0.688573
198,5.20165,-3.10756,0.500159
198,5.38611,-3.189,0.735414
198,5.27178,0.00859714,0.875693
198,5.29821,-4.55088,0.408497
198,5.28887,-4.48086,0.388962
198,5.23252,-2.73548,0.455502
198,5.23906,-3.02533,0.420071
198,5.26464,-2.49041,0.504527
198,5.17402,-3.09154,0.315807
198,5.16667,-1.29346,0.430064
198,5.19717,-3.0917,0.293813
198,5.28959,-2.73896,0.435383
198,5.40445,-4.55873,0.372179
198,4.73796,0.0628643,-0.109344
198,5.36395,-4.08954,0.345696
198,5.31101,-4.5685,0.206352
198,5.23675,-1.1829,0.429472
198,5.37502,-3.97973,0.345453
198,5.23868,-1.17593,0.430135
198,4.95584,-3.6384,-0.218134
198,5.26131,-4.56706,0.107235
198,5.36659,-3.53326,0.336285
198,5.50819,-3.35859,0.536355
198,5.41826,-4.1189,0.32407
198,5.46227,-1.03774,0.595337
198,5.05434,-3.57844,-0.217719
198,5.32887,-3.27973,0.168942
198,5.73354,-3.41655,0.652048
198,4.71831,-1.32688,-0.555136
198,4.91218,-3.22027,-0.473274
198,5.74786,-3.42811,0.648994
198,4.89239,-2.6577,-0.57172
198,5.35695,-3.03094,0.0300912
198,5.62875,-3.39077,0.355527
198,5.11351,-3.44416,-0.363444
198,5.26058,-2.74845,-0.0927885
198,5.28811,-2.94398,-0.109447
198,5.14979,-3.41016,-0.34661
198,4.95933,-2.66661,-0.545352
198,5.21034,-2.2463,-0.170115
198,5.46474,-3.32866,0.0649219
198,5.41785,-1.25663,0.19544
198,5.39908,-1.29571,0.161734
198,4.95839,-2.69358,-0.591339
198,5.27776,-3.0155,-0.203803
198,5.28347,-3.01893,-0.212281
198,5.59896,-1.91456,0.32906
198,5.42429,-1.73606,0.101961
198,5.01235,-2.68737,-0.605396
198,5.33399,-4.58581,-0.355886
198,5.5718,-1.75451,0.228112
198,5.1837,-2.65619,-0.41207
198,5.41015,-1.74388,-0.0167456
198,5.53581,-1.61766,0.157305
198,5.25254,-3.23397,-0.397121
198,5.12372,-3.29932,-0.581597
198,5.50062,-1.73245,0.0823598
198,5.1041,-3.29544,-0.625801
198,5.0594,-2.69096,-0.628781
198,5.31685,-3.13284,-0.328439
198,5.28523,-2.94233,-0.359279
198,5.12516,-3.27035,-0.629724
198,5.35407,-2.41441,-0.233763
198,5.33753,-2.2397,-0.24162
198,5.24374,-2.66016,-0.429203
198,5.24049,-2.68663,-0.452054
198,5.25434,-2.6504,-0.436977
198,5.56212,-1.84552,0.0641392
198,5.25343,-2.6907,-0.455219
198,5.25211,-2.65884,-0.456586
198,5.68705,-1.73691,0.18741
198,5.60966,-2.01234,0.016243
198,5.58923,-1.94376,-0.0131531
198,5.32465,-2.6551,-0.482402
198,5.56626,-1.90748,-0.0859388
198,5.58989,-1.95036,-0.0840429
198,5.79319,-2.06425,0.15274
198,5.32877,-3.05518,-0.588945
198,5.42836,-4.08422,-0.552612
198,5.6072,-1.8962,-0.113476
198,5.81314,-2.06023,0.145582
198,5.40967,-2.24048,-0.436529
198,5.61596,-1.71944,-0.11025
198,5.28322,-1.61245,-0.570458
198,5.26872,-1.29433,-0.583418
198,5.74627,-2.10839,-0.00538647
198,5.66266,-2.1187,-0.125685
198,5.53889,-1.61453,-0.256095
198,5.68145,-2.12245,-0.111797
198,5.41693,-2.16901,-0.484993
198,5.45516,-2.24845,-0.447664
198,5.28062,-1.2894,-0.60156
198,5.69805,-2.13485,-0.150042
198,5.57282,-2.39428,-0.440896
198,5.47697,-1.57789,-0.59591
198,5.68998,-1.58877,-0.313612
198,5.96553,-1.86604,-0.354453
198,6.44451,-2.0022,-0.269258
198,5.11563,-2.7213,-0.634414
197,5.11563,-2.7213,-0.634414
198,5.57775,-1.19422,0.395131
197,5.57775,-1.19422,0.395131
198,5.22462,-2.40479,-0.210414
191,5.22462,-2.40479,-0.210414
198,3.96372,-3.27908,-0.266068
191,3.96372,-3.27908,-0.266068
198,3.99916,-3.29761,-0.296937
191,3.99916,-3.29761,-0.296937
198,5.49604,-3.56719,0.252571
191,5.49604,-3.56719,0.252571
198,5.93698,-3.69931,-0.177707
179,5.93698,-3.69931,-0.177707
198,5.19055,-3.41956,-0.302027
179,5.19055,-3.41956,-0.302027
198,4.80613,-1.29844,-0.599245
179,4.80613,-1.29844,-0.599245
198,5.53255,-2.12497,-0.539093
181,5.53255,-2.12497,-0.539093
198,5.28007,-2.7501,-0.0247517
181,5.28007,-2.7501,-0.0247517
198,6.18472,-3.78678,0.625892
181,6.18472,-3.78678,0.625892
198,6.14652,-3.77577,0.627332
181,6.14652,-3.77577,0.627332
198,4.58257,-3.42438,-0.645907
177,4.58257,-3.42438,-0.645907
198,5.35386,-3.17239,0.742732
177,5.35386,-3.17239,0.742732
198,3.5809,-2.97986,-0.577397
177,3.5809,-2.97986,-0.577397
198,3.62172,-2.98855,-0.604386
177,3.62172,-2.98855,-0.604386
198,5.70811,-2.50875,0.383246
177,5.70811,-2.50875,0.383246
198,5.57861,-3.40427,0.937604
177,5.57861,-3.40427,0.937604
198,5.67927,-2.49059,-0.410193
180,5.67927,-2.49059,-0.410193
198,5.30745,-2.94013,-0.114251
180,5.30745,-2.94013,-0.114251
198,5.54928,-1.61907,-0.248878
180,5.54928,-1.61907,-0.248878
198,4.96219,-3.50423,-0.468735
180,4.96219,-3.50423,-0.468735
198,4.86619,-3.33591,0.708534
178,4.86619,-3.33591,0.708534
198,5.7108,-3.02129,-0.413138
192,5.7108,-3.02129,-0.413138
198,5.3399,-4.04315,-0.480154
192,5.3399,-4.04315,-0.480154
198,3.86146,-3.24901,0.251607
192,3.86146,-3.24901,0.251607
198,3.54006,-3.0061,-0.0132295
192,3.54006,-3.0061,-0.0132295
198,3.7487,-3.16435,-0.11047
192,3.7487,-3.16435,-0.11047
198,5.5455,-1.97228,-0.0925095
172,5.5455,-1.97228,-0.0925095
198,5.34349,-2.59719,0.551919
172,5.34349,-2.59719,0.551919
198,3.65624,-3.08654,0.139387
183,3.65624,-3.08654,0.139387
198,5.41029,-2.58968,-0.422583
183,5.41029,-2.58968,-0.422583
199,2.26577,-1.98039,1.19694
199,2.46955,-3.53874,-0.0208611
199,2.43218,-3.1742,-0.0541073
199,2.43265,-3.17432,-0.0567498
199,2.46487,-3.35156,-0.0319165
199,2.44569,-3.1852,-0.04805
199,2.48095,-3.53224,-0.0392402
199,2.46969,-3.35436,-0.040742
199,2.46953,-3.35592,-0.04224
199,2.48618,-3.51807,-0.0407608
199,2.49608,-3.54259,-0.0336362
199,2.48574,-3.5215,-0.0543557
199,2.50405,-3.51131,-0.0359688
199,2.54319,-3.17144,-0.161626
199,2.70814,-3.50492,-0.00605357
199,2.69424,-3.52301,-0.0335087
199,2.6946,-3.53099,-0.0387937
199,2.55139,-3.1791,-0.199298
199,2.5573,-3.18413,-0.20009
199,2.74895,-3.51914,-0.029855
199,2.63348,-3.16395,-0.172337
199,2.79547,-3.52411,-0.0460305
199,2.53889,-3.17934,-0.33864
199,2.548,-3.17536,-0.338802
199,2.55564,-3.1774,-0.336007
199,2.84315,-3.14098,-0.080941
199,2.86254,-3.14033,-0.0641472
199,2.85251,-3.14038,-0.0875341
199,2.87583,-3.13821,-0.0865836
199,3.01304,-3.54796,0.00108135
199,3.02274,-3.52188,0.00833368
199,2.75028,-3.14241,-0.304198
199,2.89279,-3.14359,-0.168343
199,3.02526,-3.12591,-0.0132859
199,2.75509,-3.14869,-0.330747
199,3.57749,-1.58573,0.725247
199,3.03559,-3.12953,-0.0143625
199,3.05357,-3.54997,-0.0303404
199,3.03873,-3.12987,-0.027112
199,2.81574,-3.13645,-0.300313
199,3.06949,-3.48561,-0.0330336
199,2.93011,-3.13837,-0.173199
199,3.77735,-1.56979,0.900218
199,3.40638,-3.20638,0.349774
199,3.40702,-3.21732,0.342852
199,2.68772,-3.16697,-0.493838
199,3.4151,-3.2137,0.344664
199,2.96962,-3.13777,-0.169397
199,3.47782,-3.24613,0.376299
199,3.34333,-3.49957,0.171883
199,3.83241,-1.54431,0.877859
199,2.71772,-3.17872,-0.535626
199,2.71877,-3.17871,-0.534841
199,3.49231,-3.18683,0.359418
199,2.52656,-1.02061,-0.614466
199,3.33748,-3.38144,0.156494
199,3.35247,-3.38068,0.171077
199,2.55992,-1.55088,-0.621969
199,3.24968,-3.36046,0.0451297
199,2.56999,-1.42949,-0.608396
199,3.3542,-3.38349,0.164079
199,3.51952,-3.25134,0.364927
199,2.56058,-1.54983,-0.630468
199,2.54775,-1.57445,-0.647846
199,2.56619,-1.43243,-0.616821
199,2.56058,-1.58415,-0.635654
199,3.36556,-3.493,0.162094
199,3.30842,-3.47754,0.0867202
199,3.29885,-3.21964,0.0933765
199,3.29704,-3.22117,0.0899653
199,2.58718,-1.21217,-0.59285
199,3.38103,-3.21267,0.187647
199,2.53756,-1.12101,-0.646569
199,3.41402,-1.16346,0.368773
199,2.60321,-1.22917,-0.579646
199,3.50341,-3.38219,0.312712
199,2.56469,-1.54636,-0.651849
199,2.95495,-3.13642,-0.314077
199,2.58407,-1.42402,-0.627489
199,3.37509,-3.42205,0.148204
199,2.58383,-1.21122,-0.616374
199,3.23961,-3.0326,0.0113341
199,3.38784,-3.50515,0.148482
199,2.61235,-1.21941,-0.600792
199,2.59569,-1.19265,-0.619563
199,3.51016,-3.45104,0.280236
199,3.44244,-1.37425,0.344114
199,2.66199,-1.26945,-0.559189
199,3.54805,-3.43992,0.310628
199,3.30989,-3.46803,0.0308192
199,3.44626,-1.36974,0.332323
199,3.25798,-3.03505,-0.00529015
199,3.32618,-3.44807,0.0423528
199,3.32682,-3.46332,0.0417736
199,2.63838,-1.4875,-0.619727
199,2.76242,-3.16281,-0.594905
199,2.63961,-1.48304,-0.618777
199,3.45491,-1.13923,0.3518
199,2.6637,-1.26097,-0.577168
199,3.30646,-3.48935,0.0112823
199,2.65405,-1.16028,-0.58335
199,2.65799,-1.15451,-0.585622
199,2.65435,-1.47674,-0.613144
199,3.56439,-3.42591,0.294383
199,3.44258,-3.01083,0.16641
199,3.46759,-3.527,0.156185
199,2.66868,-2.11208,-0.673491
199,3.28801,-3.04384,-0.0224459
199,3.29532,-3.22378,-0.0285378
199,3.52901,-3.51144,0.205252
199,2.70538,-1.41651,-0.605301
199,3.52874,-3.52965,0.200901
199,2.70706,-1.43057,-0.605739
199,2.697,-1.22702,-0.605317
199,3.30792,-3.2242,-0.0387537
199,3.22445,-3.29221,-0.144818
199,3.48257,-1.35093,0.287707
199,2.71081,-1.53154,-0.638809
199,2.72994,-1.66117,-0.629613
199,2.73285,-1.67033,-0.631077
199,2.73546,-1.66133,-0.627875
199,2.73571,-1.52328,-0.619855
199,3.44979,-3.02739,0.101885
199,3.36622,-3.02123,0.00466752
199,2.73456,-1.55073,-0.627636
199,2.73253,-1.53431,-0.6308
199,2.73182,-1.52949,-0.63206
199,3.55578,-3.51887,0.183577
199,3.38077,-3.08778,0.00872433
199,3.55671,-1.40691,0.332417
199,3.3711,-3.16251,-0.0111916
199,3.56433,-3.49891,0.189325
199,3.33733,-3.18508,-0.0527121
199,3.3609,-3.2068,-0.0280002
199,3.36079,-3.19691,-0.0289202
199,3.37127,-3.17346,-0.0183833
199,3.0413,-3.10767,-0.412759
199,3.39037,-3.02705,-0.0134652
199,3.3961,-3.08949,-0.0121416
199,3.41714,-3.09653,-0.0128148
199,2.86821,-1.80757,-0.584019
199,3.05229,-3.12142,-0.465984
199,2.85073,-1.29099,-0.614388
199,2.84932,-1.29716,-0.617959
199,2.84835,-1.28426,-0.619833
199,2.85421,-1.26618,-0.613421
199,3.60032,-1.60093,0.219793
199,2.84192,-1.23573,-0.638578
199,2.86326,-1.27762,-0.627077
199,2.85128,-1.22073,-0.639319
199,2.85905,-1.21372,-0.64989
199,2.90369,-1.80167,-0.655449
199,2.97763,-2.97794,-0.653311
199,2.97945,-2.98282,-0.66877
199,2.98147,-2.987,-0.667001
199,3.01079,-2.86099,-0.664641
199,2.99964,-2.98278,-0.700599
199,3.71048,-1.56211,0.15282
199,3.06258,-1.90684,-0.638601
199,3.05728,-1.24681,-0.62272
199,3.06889,-1.21747,-0.660237
199,3.07946,-1.21418,-0.668964
199,3.28224,-3.01905,-0.612578
199,3.67195,-1.6685,-0.0727392
199,3.23714,-1.2495,-0.591235
199,3.24395,-2.0002,-0.638536
199,4.06848,-1.13197,0.366071
199,3.2439,-1.24317,-0.611763
199,3.41978,-1.15506,-0.427682
199,3.35899,-3.06582,-0.640048
199,3.25503,-1.20472,-0.63604
199,3.59093,-1.59576,-0.312519
199,3.38694,-2.11746,-0.607892
199,3.45261,-1.28631,-0.499117
199,3.40391,-2.11017,-0.621269
199,3.53732,-2.95473,-0.528797
199,3.34665,-0.474962,-0.589835
199,3.41765,-2.10591,-0.637204
199,3.5575,-2.95993,-0.549412
199,3.47029,-1.34804,-0.579896
199,3.60619,-2.97818,-0.552406
199,3.5377,-2.22291,-0.581536
199,3.62239,-2.98469,-0.58182
199,3.5603,-2.22554,-0.605529
199,3.6948,-1.49172,-0.400866
199,3.57887,-2.00177,-0.58309
199,3.592,-1.56833,-0.55063
199,3.58902,-1.57689,-0.555818
199,3.5587,-1.50339,-0.58671
199,3.59685,-1.56972,-0.557696
199,3.60185,-1.48558,-0.612864
199,3.79345,-1.75998,-0.52049
199,3.83649,-1.75011,-0.569807
199,3.89387,-1.73612,-0.584584
199,3.87749,-1.77131,-0.618566
199,3.89317,-1.75718,-0.601628
199,4.1486,-1.41031,-0.39478
199,5.27695,-4.54115,0.561541
199,5.17552,-2.9766,0.473654
199,4.24138,-2.60359,-0.59188
199,5.2142,-2.98443,0.462762
199,5.13369,-3.12059,0.347701
199,4.47493,-2.56061,-0.387712
199,5.23556,-3.09468,0.417686
199,5.18377,-3.13797,0.315194
199,5.30189,-4.06156,0.381219
199,5.18545,-3.13,0.310564
199,5.29941,-4.58688,0.309869
199,5.1979,-1.27884,0.421106
199,5.31453,-2.7928,0.385132
199,5.36848,-4.09723,0.354859
199,5.42759,-4.56297,0.379585
199,4.59457,-2.58103,-0.470471
199,5.26205,-1.25783,0.397743
199,5.40848,-3.97462,0.328052
199,5.29071,-3.367,0.229422
199,5.41142,-4.56291,0.246373
199,5.4168,-4.56388,0.249084
199,5.27597,-3.50471,0.142308
199,4.73302,-2.32159,-0.514163
199,5.37839,-4.03208,0.0679301
199,5.43701,-4.58194,0.0966461
199,5.43856,-4.58071,0.0471185
199,5.4835,-1.92343,0.26019
199,5.12771,-1.26273,-0.11236
199,5.17787,-1.2715,-0.0721811
199,5.57869,-1.92218,0.34133
199,5.43448,-1.24349,0.192161
199,5.16351,-0.124347,-0.046602
199,4.81569,-1.29829,-0.549475
199,5.17169,-3.41323,-0.294802
199,5.51449,-3.33935,0.0736347
199,5.02037,-3.27909,-0.519681
199,5.48997,-1.85885,0.111861
199,5.42228,-1.606,0.0270592
199,5.27129,0.544413,-0.00736535
199,5.2975,0.0100608,-0.024647
199,5.52969,-2.1292,0.0888375
199,5.31067,-4.55118,-0.338226
199,5.53022,-1.92839,0.101899
199,5.50058,-1.59004,0.0841417
199,5.00487,-2.67634,-0.612166
199,5.06734,-3.25675,-0.586012
199,5.04121,-2.68511,-0.594281
199,5.58513,-1.95806,0.0738782
199,5.02099,-2.65031,-0.641906
199,5.05834,-2.67838,-0.629642
199,5.91527,-2.49275,0.320528
199,5.1576,-3.26414,-0.619336
199,5.62057,-1.70387,0.027564
199,5.62662,-1.69517,0.0300401
199,5.44868,-4.05912,-0.362254
199,5.18466,-3.2691,-0.629133
199,5.31042,-3.34058,-0.490015
199,5.61515,-1.76231,-0.0241195
199,5.67563,-1.72412,0.0146451
199,5.37403,-3.26858,-0.459149
199,5.37966,-3.26763,-0.460187
199,5.24093,-1.35741,-0.559541
199,5.28328,-1.60675,-0.55332
199,5.58683,-2.23307,-0.369721
199,5.40616,-1.60442,-0.549074
199,5.478,-2.14039,-0.511948
199,5.60836,-2.23539,-0.52463
199,5.67862,-2.46421,-0.488882
199,5.63484,-2.18096,-0.613424
199,5.80562,-2.43428,-0.539433
199,3.24172,-3.33676,0.109999
198,3.24172,-3.33676,0.109999
199,3.36037,-3.08089,0.0140611
198,3.36037,-3.08089,0.0140611
199,5.53796,-3.57571,-0.00623286
198,5.53796,-3.57571,-0.00623286
199,3.60249,-3.1079,0.0184701
198,3.60249,-3.1079,0.0184701
199,3.587,-3.14718,0.0606068
198,3.587,-3.14718,0.0606068
199,3.84629,-1.52292,0.804041
198,3.84629,-1.52292,0.804041
199,3.34152,-3.3993,0.0141446
198,3.34152,-3.3993,0.0141446
199,3.59707,-3.16392,-0.787049
198,3.59707,-3.16392,-0.787049
199,5.24376,-3.73919,-0.365963
198,5.24376,-3.73919,-0.365963
199,3.51958,-3.07549,0.0876712
198,3.51958,-3.07549,0.0876712
199,3.56584,-3.13625,0.0776427
198,3.56584,-3.13625,0.0776427
199,5.6571,-1.17816,0.106219
198,5.6571,-1.17816,0.106219
199,4.10021,-1.56312,-0.0893789
198,4.10021,-1.56312,-0.0893789
199,4.80934,0.704605,-0.87356
198,4.80934,0.704605,-0.87356
199,3.71443,-1.4884,-0.222107
198,3.71443,-1.4884,-0.222107
199,3.32451,-3.52302,0.460686
198,3.32451,-3.52302,0.460686
199,5.70436,-3.44484,0.0457407
198,5.70436,-3.44484,0.0457407
199,5.56295,-2.23086,-0.343789
198,5.56295,-2.23086,-0.343789
199,6.26386,-0.980509,-0.12413
198,6.26386,-0.980509,-0.12413
199,3.62942,-1.842,-0.668009
198,3.62942,-1.842,-0.668009
199,6.214,-3.6974,-0.691253
198,6.214,-3.6974,-0.691253
199,5.38082,0.0103554,-0.124619
198,5.38082,0.0103554,-0.124619
199,3.5453,-1.37352,-0.559734
191,3.5453,-1.37352,-0.559734
199,3.58206,-3.22957,0.301563
191,3.58206,-3.22957,0.301563
199,5.6593,-2.51766,-0.381827
191,5.6593,-2.51766,-0.381827
199,5.60455,-3.59261,-0.159851
180,5.60455,-3.59261,-0.159851
199,3.48706,-1.78376,-0.58552
180,3.48706,-1.78376,-0.58552
199,5.7355,-2.32685,-0.0494034
179,5.7355,-2.32685,-0.0494034
199,5.85816,-2.37759,-0.0159439
179,5.85816,-2.37759,-0.0159439
199,5.63602,-3.38184,0.344832
179,5.63602,-3.38184,0.344832
199,5.72383,-2.68559,0.0934117
181,5.72383,-2.68559,0.0934117
199,5.57122,-1.61068,0.12793
178,5.57122,-1.61068,0.12793
199,5.62481,-2.01828,0.215704
178,5.62481,-2.01828,0.215704
199,4.98865,-3.5226,-0.444931
192,4.98865,-3.5226,-0.444931
199,9.13998,1.19143,-0.560191
192,9.13998,1.19143,-0.560191
199,3.55919,-1.29177,0.316658
197,3.55919,-1.29177,0.316658
199,2.97012,-3.46434,0.00920123
176,2.97012,-3.46434,0.00920123
200,1.77685,-2.51399,1.41239
200,1.80427,-2.48874,1.37479
200,1.88277,-2.38347,1.05083
200,2.22002,-2.43458,1.30041
200,2.25241,-2.09232,1.36558
200,2.15021,-2.54942,1.13863
200,2.34728,-2.55456,1.3246
200,2.71665,-3.50219,-0.00608742
200,2.77737,-3.50246,-0.0154269
200,2.78188,-3.50625,-0.0160801
200,2.79797,-3.50441,-0.0129801
200,2.79207,-3.14713,-0.0786995
200,2.79661,-3.15024,-0.0945445
200,3.52898,-1.55885,1.10759
200,2.87726,-3.50169,-0.0244452
200,3.45119,-1.53149,0.970266
200,2.89908,-3.49291,-0.0157081
200,3.55215,-1.57137,1.08871
200,3.01193,-3.39638,0.0527874
200,3.01704,-3.39571,0.0461017
200,3.03722,-3.40806,0.0189112
200,3.61577,-1.5967,0.953694
200,3.07353,-3.29533,-0.0257666
200,2.88821,-3.13919,-0.313883
200,3.06801,-3.14437,-0.0502304
200,3.76136,-1.57411,1.09625
200,3.76621,-1.57226,1.10243
200,3.5338,-1.53845,0.757421
200,3.53099,-1.54435,0.74931
200,3.77325,-1.56929,1.10006
200,3.08823,-3.14871,-0.0454177
200,3.78381,-1.56531,1.09946
200,3.08504,-3.14689,-0.0635159
200,3.65324,-1.59283,0.895025
200,3.08182,-3.16403,-0.0768261
200,3.09119,-3.14811,-0.0618671
200,3.20991,-3.37062,0.0869122
200,3.35129,-3.32164,0.295746
200,3.1002,-3.15618,-0.0642829
200,3.69121,-1.57367,0.930278
200,3.32216,-3.35409,0.222503
200,3.25497,-3.34538,0.116207
200,3.65938,-1.5831,0.84821
200,3.59499,-1.57652,0.732219
200,3.24627,-3.45479,0.0569247
200,3.26316,-3.37011,0.0871719
200,3.35204,-3.3724,0.211279
200,3.35307,-3.37155,0.209245
200,3.24858,-3.36482,0.047722
200,3.25033,-3.34099,0.0340254
200,3.34439,-3.40597,0.163221
200,3.3386,-3.40394,0.153301
200,3.2546,-3.34694,0.0180273
200,3.76395,-1.57281,0.90843
200,3.78294,-1.57129,0.917367
200,3.35875,-3.41357,0.137451
200,3.2103,-3.33193,-0.0824602
200,3.22584,-3.3339,-0.0745633
200,3.2196,-3.33542,-0.0916742
200,3.78564,-1.56327,0.879157
200,3.2629,-3.36267,-0.0370997
200,3.2762,-3.35549,-0.0207459
200,3.29253,-3.25757,0.0092603
200,3.27046,-3.36407,-0.0403756
200,3.74213,-1.59429,0.778885
200,3.51284,-3.39132,0.28527
200,3.43307,-3.50687,0.153659
200,3.47778,-3.3796,0.224653
200,3.44564,-3.52239,0.156559
200,3.45111,-1.37052,0.332892
200,3.45683,-1.37159,0.329689
200,3.44389,-3.51012,0.138207
200,3.34317,-3.05682,0.0237306
200,3.46228,-3.48435,0.164276
200,3.2855,-3.35344,-0.100157
200,3.46247,-1.3655,0.315921
200,3.45848,-3.48409,0.140172
200,3.4598,-3.50633,0.139975
200,3.65849,-1.58261,0.585547
200,3.3232,-3.06139,-0.0744373
200,3.58208,-3.478,0.267667
200,3.46891,-3.03512,0.133503
200,3.67312,-1.48028,0.55762
200,3.95332,-1.5836,0.952281
200,3.47606,-3.1062,0.123747
200,3.39298,-3.032,9.11951e-05
200,3.38828,-3.03678,-0.00803149
200,3.38074,-3.03551,-0.0280502
200,3.81074,-1.57172,0.714346
200,3.33996,-3.06994,-0.100538
200,3.48792,-3.19174,0.107819
200,3.49252,-3.19051,0.10923
200,3.53873,-3.50744,0.144733
200,3.5394,-3.51057,0.144516
200,3.51719,-1.3388,0.279334
200,3.42194,-3.01281,-0.00141859
200,3.42563,-3.01663,0.000551224
200,2.92702,-1.77781,-0.648219
200,3.13529,-2.97454,-0.457371
200,2.99138,-1.92695,-0.606745
200,3.4589,-1.48935,0.0807911
200,3.74263,-3.21073,0.345349
200,3.02413,-1.27896,-0.564084
200,3.53109,-2.99635,0.0401897
200,3.5526,-2.99407,0.070209
200,3.74389,-3.19693,0.336128
200,3.02827,-1.91523,-0.629579
200,3.76864,-3.22045,0.356108
200,3.0541,-1.92041,-0.597001
200,3.76487,-3.20032,0.342517
200,3.76226,-3.21886,0.315785
200,3.51692,-1.47283,0.0871601
200,3.04756,-1.91042,-0.647578
200,3.5276,-1.46793,0.0756218
200,3.63895,-1.54514,0.210448
200,3.13614,-1.31924,-0.514342
200,3.09334,-1.88541,-0.629083
200,3.06719,-1.90185,-0.676722
200,3.09645,-1.88068,-0.643288
200,3.10831,-1.88181,-0.643862
200,3.87725,-3.23429,0.336516
200,3.58057,-1.43079,0.0344354
200,3.18252,-2.03744,-0.61978
200,3.29615,-2.16778,-0.474664
200,3.20318,-2.02619,-0.636113
200,3.2905,-2.16236,-0.535339
200,3.24383,-2.00969,-0.616133
200,3.2286,-2.01997,-0.667208
200,3.44273,-2.9368,-0.457017
200,3.34238,-3.05984,-0.666432
200,3.21024,-1.84115,-0.786627
200,3.29257,-1.99831,-0.697109
200,3.36487,-3.07353,-0.689203
200,3.72903,-1.41713,-0.0204254
200,3.46374,-2.22208,-0.48118
200,3.36712,-2.13821,-0.623788
200,3.43507,-1.14201,-0.458858
200,3.44605,-1.96432,-0.535135
200,3.42781,-2.1094,-0.618288
200,3.46372,-1.99132,-0.636398
200,3.47607,-1.98539,-0.623745
200,3.48666,-1.9875,-0.626106
200,3.54229,-2.21651,-0.564698
200,4.03221,-3.23651,0.0396616
200,3.51415,-1.39225,-0.621197
200,3.37717,-1.11362,-0.811679
200,3.54415,-1.39724,-0.615438
200,3.5623,-1.50258,-0.615934
200,3.58817,-1.49901,-0.580278
200,3.58713,-1.5164,-0.584247
200,3.58721,-1.98575,-0.631448
200,3.57892,-1.49011,-0.616492
200,3.59921,-1.97819,-0.63514
200,3.55967,-1.70672,-0.686344
200,3.44036,-1.11133,-0.82551
200,3.58578,-1.4839,-0.645214
200,3.61487,-1.48555,-0.603897
200,3.56528,-1.69648,-0.698819
200,3.61548,-1.48947,-0.614075
200,4.04058,-0.753566,0.0613593
200,3.59922,-1.81713,-0.683591
200,3.59974,-1.69944,-0.736162
200,3.70189,-3.01147,-0.700925
200,3.70947,-1.97506,-0.683629
200,3.62157,-1.67959,-0.817584
200,4.48041,-0.528787,0.532825
200,3.83656,-1.57773,-0.523081
200,4.37778,-0.955449,0.14805
200,4.40605,-3.95269,-0.0853165
200,4.94982,-2.85769,0.800196
200,5.10406,-3.04838,0.793036
200,4.0086,-1.7084,-0.724637
200,5.15822,-3.13404,0.805619
200,5.11915,-3.05097,0.745304
200,5.1341,-3.06631,0.74047
200,4.05453,-1.67706,-0.783306
200,4.81811,-0.288871,0.426256
200,5.15641,-2.63275,0.710628
200,4.148,-1.66536,-0.826166
200,5.27107,-2.93279,0.704582
200,4.90889,-1.71346,0.253605
200,5.18482,-2.93157,0.507421
200,5.31767,-1.25103,0.773001
200,5.25731,-2.93976,0.472144
200,5.22736,-2.96059,0.424549
200,5.23586,-3.93051,0.344304
200,5.30461,-4.48761,0.395956
200,5.26947,-3.93947,0.381251
200,5.27753,-2.94244,0.455485
200,5.42677,-2.94863,0.66925
200,5.2577,-2.96202,0.415632
200,5.09103,-1.79882,0.245845
200,5.22915,-3.16916,0.337505
200,5.24442,-3.17513,0.327216
200,5.46586,-2.95482,0.662017
200,5.48366,-2.96083,0.680171
200,5.25616,-3.18038,0.325299
200,5.24269,-3.18002,0.299133
200,4.62719,-1.43566,-0.47816
200,5.58111,-3.5846,0.749823
200,5.12962,-1.79631,0.225538
200,5.56399,-3.57883,0.692839
200,5.525,-3.5685,0.632313
200,5.53434,-2.97227,0.692822
200,5.7947,-4.84156,0.920686
200,4.91366,-4.20034,-0.335084
200,5.53936,-2.97351,0.678214
200,5.46097,-4.57623,0.387029
200,5.50984,-3.57454,0.527479
200,5.63313,-3.37919,0.717474
200,5.35947,-3.19959,0.314055
200,5.74712,-3.64516,0.835387
200,4.98571,-2.26778,-0.219678
200,5.51343,-4.6072,0.360998
200,5.65956,-3.61068,0.598991
200,4.8289,-1.30603,-0.529641
200,4.91964,-2.66683,-0.52679
200,5.56618,-4.7107,0.248085
200,5.2902,-2.75194,-0.00902891
200,5.30689,-2.75511,-0.015623
200,5.14002,-1.28579,-0.149764
200,5.57602,-4.20009,0.246236
200,4.929,-2.68948,-0.589614
200,5.02136,-1.31051,-0.369487
200,5.38557,-1.25551,0.157147
200,5.10812,-2.1863,-0.329102
200,4.94246,-1.27699,-0.552536
200,5.05509,-1.3152,-0.405894
200,5.40785,-1.60894,0.0909519
200,5.67986,-4.24344,0.256419
200,5.28711,-2.97337,-0.22534
200,5.14344,-2.16399,-0.383564
200,5.06005,-1.3032,-0.442858
200,5.54258,-3.35252,0.0815463
200,5.5895,-3.43191,0.118146
200,5.57548,-3.44414,0.096292
200,5.2315,-4.48819,-0.500941
200,5.732,-4.26237,0.254699
200,5.25444,-3.22481,-0.378744
200,5.19205,-2.65766,-0.440748
200,5.22823,-2.65195,-0.399938
200,5.48352,-1.57847,0.0605153
200,5.37854,-4.53774,-0.358011
200,5.2555,-2.15401,-0.370728
200,5.12754,-1.27953,-0.498081
200,5.25975,-2.65863,-0.420672
200,5.29305,-4.53046,-0.54004
200,5.366,-3.48911,-0.392634
200,5.28572,-2.25526,-0.44361
200,5.29967,-2.18897,-0.440945
200,5.35423,-2.25519,-0.388803
200,5.45932,-3.49024,-0.359141
200,5.23674,-1.34242,-0.533777
200,5.44466,-3.51922,-0.433532
200,5.3503,-1.60815,-0.509796
200,5.37141,-1.64579,-0.484633
200,5.78235,-1.81086,-0.04466
200,5.45198,-1.58672,-0.612965
200,5.73091,-2.01078,-0.271549
200,6.73616,-1.73216,-0.308285
200,7.08282,-2.01284,-0.433905
200,7.19211,-2.00445,-0.464214
200,7.22551,-1.94924,-0.566076
200,6.93607,0.416206,-1.06464
200,7.05663,2.07967,-0.964009
200,3.41158,-3.03458,-0.0310326
198,3.41158,-3.03458,-0.0310326
200,5.56967,-1.63332,-0.651562
198,5.56967,-1.63332,-0.651562
200,3.95735,-1.45215,0.755759
198,3.95735,-1.45215,0.755759
200,6.41232,-3.83821,-0.0235649
198,6.41232,-3.83821,-0.0235649
200,3.99287,-1.43907,0.394508
198,3.99287,-1.43907,0.394508
200,6.30006,-3.57961,0.810376
198,6.30006,-3.57961,0.810376
200,4.47926,-3.12709,1.12638
198,4.47926,-3.12709,1.12638
200,4.01807,-3.12183,0.786434
198,4.01807,-3.12183,0.786434
200,4.78896,-3.35739,1.05501
198,4.78896,-3.35739,1.05501
200,3.0065,-3.53407,-0.0785026
198,3.0065,-3.53407,-0.0785026
200,4.32028,-3.21762,0.782277
198,4.32028,-3.21762,0.782277
200,3.26633,-3.45228,0.294056
198,3.26633,-3.45228,0.294056
200,4.89492,-4.28313,-0.269476
198,4.89492,-4.28313,-0.269476
200,4.6662,-4.21363,0.496297
198,4.6662,-4.21363,0.496297
200,2.94906,-3.49305,-0.0152782
198,2.94906,-3.49305,-0.0152782
200,3.05975,-3.59028,-0.161875
198,3.05975,-3.59028,-0.161875
200,5.69558,-1.71374,0.00248982
198,5.69558,-1.71374,0.00248982
200,6.00236,-4.38407,0.137085
198,6.00236,-4.38407,0.137085
200,5.40113,-2.66346,-0.520386
198,5.40113,-2.66346,-0.520386
200,5.19704,-3.47935,0.37135
179,5.19704,-3.47935,0.37135
200,5.62264,-3.60397,0.339378
179,5.62264,-3.60397,0.339378
200,5.05247,-2.41742,0.109298
179,5.05247,-2.41742,0.109298
200,3.05436,-3.13005,-0.596799
179,3.05436,-3.13005,-0.596799
200,3.37904,-0.990454,-0.501929
179,3.37904,-0.990454,-0.501929
200,3.31283,-3.06762,-0.343216
191,3.31283,-3.06762,-0.343216
200,5.53522,-3.54376,-0.841626
191,5.53522,-3.54376,-0.841626
200,4.97797,-2.59687,0.683364
177,4.97797,-2.59687,0.683364
200,5.10411,-3.45045,0.569082
180,5.10411,-3.45045,0.569082
200,3.28971,-3.41759,-0.0087923
180,3.28971,-3.41759,-0.0087923
200,5.82712,-1.88589,0.286074
180,5.82712,-1.88589,0.286074
200,5.40555,-3.40056,0.0624266
180,5.40555,-3.40056,0.0624266
200,5.62792,-1.60371,0.328026
178,5.62792,-1.60371,0.328026
200,5.73775,-1.417,0.375792
178,5.73775,-1.417,0.375792
200,5.75444,-2.37091,0.144451
178,5.75444,-2.37091,0.144451
200,5.30816,-3.39404,-0.342879
178,5.30816,-3.39404,-0.342879
200,6.08088,-2.54736,0.428805
181,6.08088,-2.54736,0.428805
200,5.80555,-2.49715,0.370952
181,5.80555,-2.49715,0.370952
200,4.93526,-3.38538,0.826875
181,4.93526,-3.38538,0.826875
200,5.62761,-1.9275,0.0709811
181,5.62761,-1.9275,0.0709811
200,5.38281,-2.95166,0.709038
181,5.38281,-2.95166,0.709038
200,3.45566,-1.74782,-0.604868
192,3.45566,-1.74782,-0.604868
200,5.69473,-2.34131,-0.34229
192,5.69473,-2.34131,-0.34229
200,5.34622,-2.80431,-0.0288934
192,5.34622,-2.80431,-0.0288934
200,5.05932,-1.33027,0.473248
192,5.05932,-1.33027,0.473248
200,4.29361,-2.54763,0.666637
192,4.29361,-2.54763,0.666637
200,3.60172,-3.44255,0.194918
192,3.60172,-3.44255,0.194918
200,3.58501,-1.57102,0.0696544
197,3.58501,-1.57102,0.0696544
200,5.3694,-3.96217,0.342921
197,5.3694,-3.96217,0.342921
201,2.73986,-2.82401,1.49017
201,3.28131,-3.48826,0.492812
201,3.46573,-1.57133,1.20031
201,3.4717,-1.56179,1.20844
201,3.47786,-1.57537,1.2145
201,3.56103,-1.60579,1.24758
201,3.52114,-1.59405,1.09664
201,3.56011,-1.59358,1.20954
201,3.57298,-1.58407,1.22067
201,3.58525,-1.59222,1.24326
201,3.58378,-1.59508,1.23497
201,3.59223,-1.5949,1.24159
201,3.32392,-3.1915,0.189808
201,3.32623,-3.1933,0.188939
201,3.61468,-1.58487,1.25771
201,3.49725,-1.54563,0.895717
201,3.54682,-1.57693,0.999428
201,3.36406,-3.18131,0.218371
201,3.53034,-1.50164,0.943768
201,3.41025,-3.21715,0.311882
201,3.54609,-1.48489,0.918777
201,3.55935,-1.53467,0.923131
201,3.57029,-1.47505,0.927058
201,3.56938,-1.47911,0.922372
201,3.5784,-1.45904,0.926047
201,3.67035,-1.6019,1.13072
201,3.6112,-1.60565,0.939298
201,3.60453,-1.48888,0.918701
201,3.61821,-1.59999,0.936292
201,3.60996,-1.49087,0.922626
201,3.62799,-1.59806,0.956087
201,3.45669,-3.08105,0.219852
201,3.62409,-1.44944,0.930297
201,3.46573,-3.54164,0.151886
201,3.46754,-3.09039,0.213269
201,3.51702,-3.37195,0.316471
201,3.46386,-3.13217,0.17775
201,3.44472,-2.98352,0.14149
201,3.52499,-3.40177,0.320607
201,3.74266,-1.6006,1.22714
201,3.45204,-3.00542,0.15514
201,3.44212,-2.98754,0.114809
201,3.45365,-2.98301,0.13908
201,3.44624,-3.00544,0.0982597
201,3.54736,-3.46603,0.292078
201,3.59244,-1.57927,0.694754
201,3.4926,-3.06228,0.178817
201,3.59836,-1.57749,0.703555
201,3.77573,-1.59228,1.21839
201,3.52027,-3.55862,0.165695
201,3.47029,-1.36197,0.322805
201,3.77839,-1.59239,1.20814
201,3.52652,-3.57229,0.166283
201,3.55923,-3.46907,0.271024
201,3.554,-3.45686,0.237963
201,3.79428,-1.58459,1.2076
201,3.56587,-3.48402,0.22394
201,3.51498,-1.44231,0.33939
201,3.56888,-3.52434,0.19473
201,3.81881,-1.59845,1.20569
201,3.54015,-3.07918,0.138743
201,3.57888,-3.53708,0.170442
201,3.73496,-1.57403,0.918708
201,3.50828,-1.33159,0.274063
201,3.52016,-1.40753,0.288375
201,3.84274,-1.59057,1.20409
201,3.65614,-3.09086,0.361709
201,3.72478,-1.60994,0.780127
201,3.56608,-3.11423,0.0749549
201,3.57177,-3.21673,0.0656822
201,3.78258,-1.56876,0.915628
201,3.58126,-3.01364,0.0834907
201,3.86826,-1.63124,1.12355
201,3.6192,-3.09054,0.155342
201,3.65187,-3.07512,0.157591
201,3.80404,-1.54401,0.8169
201,3.60483,-3.09475,-0.00799048
201,3.56192,-1.44773,0.0530887
201,3.6187,-3.09722,-0.0182812
201,3.94766,-1.62286,1.16176
201,3.57274,-1.4463,0.0472566
201,3.80828,-1.55681,0.731757
201,3.63649,-3.00033,-0.00144422
201,3.64369,-3.09821,-0.00676942
201,3.8194,-1.54248,0.742357
201,3.81895,-1.54148,0.739412
201,3.86615,-1.59002,0.860553
201,3.82697,-1.53512,0.749568
201,3.87341,-1.58243,0.876098
201,3.65203,-1.53659,0.202409
201,3.65111,-3.00597,-0.0187346
201,3.97629,-1.59761,1.15605
201,3.65852,-1.53471,0.200807
201,3.93129,-1.57469,0.988609
201,3.80153,-3.23397,0.327082
201,3.676,-1.50223,0.187133
201,3.67908,-1.49859,0.175143
201,4.0182,-1.59424,1.1762
201,3.67901,-1.02388,0.219453
201,3.96406,-1.55009,0.97785
201,3.64952,-1.54383,0.0102988
201,3.82291,-3.23031,0.274647
201,3.82319,-3.24229,0.273768
201,3.6558,-1.68621,-0.0124552
201,3.7338,-1.01987,0.280691
201,3.84304,-3.24331,0.281578
201,3.75017,-1.01561,0.27135
201,3.65411,-1.57095,-0.131375
201,3.65393,-1.57293,-0.133493
201,3.73311,-1.4729,0.115044
201,3.88237,-3.25152,0.258476
201,3.7389,-1.55401,-0.0901099
201,3.88323,-1.34603,0.370983
201,3.88453,-1.35052,0.37067
201,4.0174,-3.31639,0.231211
201,3.80001,-1.57932,-0.230655
201,3.81624,-1.59451,-0.257492
201,3.84722,-1.56314,-0.264512
201,4.09407,-3.32354,0.166948
201,3.95887,-0.998062,0.0788475
201,3.9516,-1.50959,-0.269384
201,4.88633,-1.07489,1.66845
201,4.54053,-3.47948,-0.0466473
201,5.02383,-1.01454,1.6932
201,5.16775,-3.90151,1.54493
201,5.19193,-3.89213,1.55373
201,5.19985,-3.99831,1.51683
201,5.20257,-4.05012,1.51065
201,5.17326,-3.97103,1.42605
201,5.15113,-3.9257,1.32854
201,5.25486,-4.34083,1.57688
201,5.24841,-4.11285,1.58128
201,5.23886,-4.02517,1.5641
201,5.24496,-3.95726,1.54838
201,5.26002,-4.02183,1.58256
201,5.20788,-3.9721,1.43064
201,5.25414,-4.07049,1.52925
201,5.28612,-4.3617,1.56973
201,5.28664,-4.17523,1.58895
201,5.22118,-3.99223,1.41129
201,5.28355,-4.23652,1.55516
201,5.2969,-4.1792,1.58472
201,5.20581,-4.08056,1.31813
201,5.27296,-4.06911,1.51671
201,5.23423,-4.00071,1.40928
201,5.20457,-3.94546,1.32632
201,5.28258,-4.08082,1.52779
201,5.21677,-4.08292,1.32231
201,5.24672,-4.06519,1.40382
201,5.31715,-4.41042,1.56432
201,5.30997,-4.25397,1.55798
201,5.32241,-4.14003,1.59013
201,5.32022,-4.20846,1.57243
201,5.32415,-4.13017,1.586
201,5.31115,-4.27737,1.51255
201,5.31729,-4.41392,1.50318
201,5.35475,-4.4754,1.59018
201,5.31589,-4.27724,1.4989
201,5.25435,-4.11111,1.33361
201,5.34048,-4.26486,1.56099
201,5.35033,-4.33505,1.57785
201,5.26659,-4.37479,1.30595
201,5.36332,-4.35585,1.59282
201,5.28101,-3.90328,1.40356
201,5.17006,-0.647273,1.52546
201,5.27497,-4.11105,1.33244
201,5.26756,-4.08699,1.30499
201,5.37075,-4.21747,1.58017
201,5.28398,-4.37875,1.29692
201,5.29912,-4.13326,1.32915
201,5.36132,-3.90145,1.54659
201,5.31755,-3.92592,1.4057
201,5.24421,0.0247142,1.74232
201,5.36755,-3.89885,1.54371
201,5.39934,-4.2406,1.57471
201,5.34992,-4.23439,1.40338
201,5.31557,-3.97575,1.33671
201,5.41826,-4.42842,1.57697
201,5.26415,0.0386205,1.74397
201,5.12099,-0.0753767,1.29371
201,5.18608,-0.0598702,1.45343
201,5.3077,-3.87599,1.26755
201,5.42052,-4.62194,1.43494
201,5.36718,-4.54731,1.25794
201,5.21177,-0.039989,1.43955
201,5.37618,-4.57294,1.26195
201,4.86878,-3.56897,-0.153528
201,5.25256,-0.00158453,1.49105
201,5.12534,-2.61656,0.722439
201,5.36128,-3.53842,1.23275
201,5.28729,0.0142198,1.52073
201,5.36482,-3.50921,1.23842
201,5.40854,-1.06243,1.69942
201,5.40608,-1.08328,1.65143
201,5.43748,-0.955637,1.74839
201,5.19335,-3.08518,0.682237
201,5.40197,-1.17784,1.57709
201,5.11895,-0.106702,0.873921
201,5.44074,-1.14093,1.6699
201,5.21202,-2.89168,0.718048
201,5.42737,-1.07506,1.62273
201,5.43799,-1.16534,1.63091
201,5.55676,-3.7635,1.59738
201,5.23032,-3.06493,0.718762
201,5.5157,-0.942829,1.86197
201,5.44579,-1.16525,1.61957
201,5.46054,-1.14687,1.63159
201,5.48992,-1.10335,1.71871
201,5.25598,-3.00335,0.742208
201,5.57589,-3.84921,1.56952
201,5.5796,-3.84462,1.57286
201,5.18227,-2.96424,0.504974
201,5.25632,-3.09193,0.696675
201,5.22846,-2.63507,0.675789
201,5.24773,-2.92009,0.691399
201,5.25918,-2.92668,0.682814
201,5.53068,-0.963085,1.77149
201,5.26387,-3.09569,0.661301
201,5.48404,-0.642676,1.66777
201,5.28324,-3.09293,0.71309
201,4.78821,-1.32378,-0.529502
201,5.61494,-3.86524,1.57365
201,5.27779,-2.92755,0.68819
201,5.4993,-3.42032,1.27576
201,5.26902,-2.87849,0.648031
201,5.50561,-3.53744,1.24421
201,4.90682,-0.189941,-0.0664941
201,5.53829,-3.58582,1.32701
201,5.57318,-0.918658,1.81359
201,4.81169,-1.31633,-0.526461
201,5.48392,-0.718629,1.56702
201,5.30945,-3.19743,0.684538
201,5.55656,-3.86124,1.32315
201,5.64075,-3.83741,1.57295
201,5.58057,-1.16031,1.76897
201,4.81984,-1.31933,-0.546175
201,5.58354,-3.87169,1.31464
201,5.11549,-1.67575,0.185005
201,5.25371,-3.15569,0.378072
201,5.69212,-3.79956,1.57285
201,5.36314,-2.94778,0.706016
201,4.97176,-3.21199,-0.508704
201,5.5786,-3.39682,1.27877
201,5.70501,-3.78502,1.56817
201,5.70401,-3.78872,1.56055
201,5.07969,-3.53263,-0.284778
201,5.72054,-3.80101,1.56872
201,5.72009,-3.80328,1.55535
201,5.02808,-2.20804,-0.296428
201,5.54772,-0.469781,1.5071
201,5.62504,-3.43237,1.30077
201,5.62619,-3.4307,1.29294
201,4.96288,-2.68201,-0.596667
201,5.22596,-1.17182,0.396381
201,5.35814,-3.95185,0.387472
201,5.75102,-3.80556,1.56182
201,5.3857,-4.52694,0.360478
201,5.36923,-3.99098,0.369335
201,5.35996,-3.96457,0.337521
201,4.97871,-2.6897,-0.62438
201,4.99161,-2.67932,-0.597138
201,4.99106,-2.69042,-0.601148
201,5.26339,-1.15868,0.386541
201,5.66644,-3.45432,1.26167
201,5.374,-3.95909,0.310262
201,5.38925,-3.98284,0.328069
201,5.38043,-3.5359,0.363488
201,5.39999,-3.96136,0.350866
201,5.27743,-1.27729,0.363097
201,5.07048,-3.25155,-0.599935
201,5.40821,-3.99919,0.288443
201,5.23494,-2.74463,-0.053174
201,5.35303,-3.36906,0.204775
201,5.53104,-0.4041,1.1542
201,5.35419,-1.19182,0.497007
201,5.66804,-0.326227,1.54555
201,5.44435,-4.13066,0.313459
201,5.35859,-3.29236,0.134927
201,5.21396,-3.4498,-0.334007
201,5.19369,-1.2681,-0.102861
201,5.09866,-2.71846,-0.618282
201,5.10523,-2.72662,-0.616843
201,5.28344,-3.01582,-0.231394
201,5.45475,-1.16013,0.513243
201,5.28197,-1.25006,-0.0437757
201,5.28099,-3.49082,-0.371309
201,5.30285,-3.01804,-0.24457
201,5.30423,-2.98086,-0.255369
201,5.2913,-3.49029,-0.373172
201,5.64972,-3.36692,0.709547
201,5.21531,-2.6893,-0.495382
201,5.20314,-2.77075,-0.596141
201,5.58229,-4.20318,0.27349
201,5.4671,-3.33385,0.0442604
201,5.5023,-3.41753,0.0223013
201,5.51333,-3.33951,0.0626154
201,5.53217,-3.40144,0.105242
201,5.30934,-2.11971,-0.426572
201,5.45609,-1.5942,0.0647867
201,5.55761,-3.41839,0.100554
201,5.65188,-4.22358,0.228156
201,5.49134,-4.66496,-0.398986
201,5.96447,-0.173423,1.59195
201,5.53189,-1.20604,0.125231
201,5.39104,-2.1405,-0.535756
201,5.42249,-2.26724,-0.543545
201,5.45637,-2.24856,-0.452483
201,5.58128,-1.56331,0.0128746
201,5.38775,-1.58768,-0.576077
201,5.46397,-2.23219,-0.450014
201,5.437,-2.18013,-0.545861
201,5.46641,-2.25093,-0.471918
201,5.39184,-1.59462,-0.607819
201,5.56362,-2.04476,-0.223298
201,5.71652,-1.93035,0.245106
201,5.66837,-2.07274,0.0290433
201,5.4401,-1.58049,-0.592033
201,5.57888,-2.01634,-0.241799
201,5.43829,-1.5683,-0.600127
201,5.49781,-1.62399,-0.558445
201,5.64036,-2.03031,-0.267563
201,8.19401,0.856664,2.0291
201,8.49422,0.994902,2.04843
201,8.60174,1.06646,2.05734
201,8.78087,1.14676,2.16833
201,8.78333,1.16077,2.16815
201,5.11517,-2.18446,-0.330654
200,5.11517,-2.18446,-0.330654
201,3.91051,-1.51457,0.0887682
200,3.91051,-1.51457,0.0887682
201,5.11517,-2.18446,-0.330654
200,5.11517,-2.18446,-0.330654
201,4.84125,-3.58323,-0.17171
200,4.84125,-3.58323,-0.17171
201,3.22414,-3.36217,0.314898
200,3.22414,-3.36217,0.314898
201,3.62231,-1.10865,0.189511
200,3.62231,-1.10865,0.189511
201,3.51582,-3.37853,0.307161
200,3.51582,-3.37853,0.307161
201,5.28832,-4.47793,0.27877
200,5.28832,-4.47793,0.27877
201,4.20902,-1.33769,0.27122
198,4.20902,-1.33769,0.27122
201,4.38954,-1.30564,0.499941
198,4.38954,-1.30564,0.499941
201,3.64688,-1.58587,0.950266
198,3.64688,-1.58587,0.950266
201,3.73192,-1.50264,0.777001
198,3.73192,-1.50264,0.777001
201,4.67447,-3.34912,-0.311407
198,4.67447,-3.34912,-0.311407
201,5.20701,-4.49206,-0.489782
198,5.20701,-4.49206,-0.489782
201,5.89623,-2.66883,0.537798
198,5.89623,-2.66883,0.537798
201,5.79736,-2.14483,-0.738081
197,5.79736,-2.14483,-0.738081
201,3.68632,-3.16906,-0.0443987
197,3.68632,-3.16906,-0.0443987
201,5.42629,-3.53519,0.365129
197,5.42629,-3.53519,0.365129
201,5.28362,-2.75743,-0.697139
197,5.28362,-2.75743,-0.697139
201,3.52024,-1.39017,0.336404
197,3.52024,-1.39017,0.336404
201,5.38844,-3.33666,1.08107
197,5.38844,-3.33666,1.08107
201,3.57499,-1.35152,0.278842
197,3.57499,-1.35152,0.278842
201,5.60814,-1.09962,-0.751423
197,5.60814,-1.09962,-0.751423
201,4.78586,-3.28239,-0.290249
197,4.78586,-3.28239,-0.290249
201,5.42073,-1.29165,0.150298
191,5.42073,-1.29165,0.150298
201,5.97029,-2.51262,0.359415
178,5.97029,-2.51262,0.359415
201,12.2773,-5.76105,0.177486
178,12.2773,-5.76105,0.177486
201,5.43138,-1.17281,0.757237
178,5.43138,-1.17281,0.757237
201,5.31408,0.0245363,0.215157
178,5.31408,0.0245363,0.215157
201,6.116,-3.55026,1.13899
183,6.116,-3.55026,1.13899
201,5.86519,-3.47502,1.06593
183,5.86519,-3.47502,1.06593
201,5.90255,-3.48703,1.06783
183,5.90255,-3.48703,1.06783
201,5.49245,-1.63388,0.346373
190,5.49245,-1.63388,0.346373
201,5.22828,-3.56249,-0.306787
190,5.22828,-3.56249,-0.306787
201,5.13397,-3.58574,-0.627709
190,5.13397,-3.58574,-0.627709
201,5.38998,-2.05788,0.0850981
181,5.38998,-2.05788,0.0850981
201,4.8364,-1.39492,-0.0197257
177,4.8364,-1.39492,-0.0197257
201,5.79237,-2.50519,0.367939
196,5.79237,-2.50519,0.367939
202,2.70637,-1.91345,1.22136
202,3.45424,-1.59266,1.15358
202,3.45757,-1.5702,1.17903
202,3.46869,-1.56222,1.1748
202,3.46383,-1.5963,1.12176
202,3.47147,-1.56177,1.17433
202,3.4785,-1.55283,1.18279
202,3.47555,-1.58283,1.12733
202,3.48004,-1.58193,1.15076
202,3.53408,-1.59131,1.19918
202,3.55001,-1.6247,1.13719
202,3.55309,-1.62356,1.14152
202,3.55314,-1.62018,1.13555
202,3.52641,-1.55083,0.945605
202,3.52442,-1.49668,0.925281
202,3.55857,-1.62126,1.14346
202,3.56741,-1.59403,1.21146
202,3.52473,-1.51772,0.847284
202,3.57788,-1.5941,1.2185
202,3.54565,-1.54519,0.939525
202,3.59366,-1.59411,1.21646
202,3.59191,-1.58249,1.20379
202,3.58616,-1.56646,1.08705
202,3.62134,-1.58268,1.25423
202,3.6249,-1.59727,1.13325
202,3.59606,-1.5787,0.722854
202,3.77214,-1.39818,1.90749
202,3.68504,-1.58241,0.931584
202,3.71476,-1.57317,0.880855
202,3.78543,-1.58408,1.27793
202,3.79322,-1.58324,1.27569
202,3.79715,-1.57829,1.27694
202,3.80907,-1.57261,1.25852
202,3.76495,-1.56222,0.908196
202,3.81234,-1.57708,1.2563
202,3.80927,-1.60628,1.20042
202,3.81848,-1.56806,1.25732
202,3.81606,-1.6107,1.07466
202,3.83301,-1.58483,1.21506
202,3.83717,-1.57091,1.20857
202,3.82191,-1.60594,1.0735
202,3.84084,-1.59767,1.18943
202,3.84537,-1.57659,1.22602
202,3.84985,-1.57826,1.20896
202,3.85782,-1.59186,1.08625
202,3.88049,-1.58324,1.18533
202,3.88588,-1.58131,1.21326
202,3.89492,-1.62181,1.13684
202,3.90339,-1.62021,1.17401
202,3.85632,-1.51994,0.792463
202,3.86154,-1.51661,0.794467
202,3.96494,-1.58546,1.12602
202,3.97583,-1.59872,1.15643
202,4.81557,-0.39746,0.0205739
202,4.92987,-3.55201,-0.235085
202,5.21296,-3.94766,1.58365
202,5.21544,-3.95695,1.58653
202,5.24195,-4.39542,1.43387
202,5.25351,-4.38183,1.51805
202,5.26916,-4.09765,1.56937
202,5.28465,-4.54521,1.46236
202,5.26934,-4.02923,1.52078
202,5.27992,-4.02678,1.57403
202,5.03045,-3.64968,-0.283514
202,5.03071,-3.64845,-0.283697
202,5.29659,-4.31527,1.59398
202,5.28422,-3.98881,1.59389
202,5.29049,-4.26,1.51526
202,5.29582,-4.11145,1.59428
202,5.16939,-0.956898,1.68815
202,5.29332,-3.98985,1.59043
202,5.30024,-4.13332,1.59448
202,5.31085,-4.36274,1.59464
202,5.30623,-4.28317,1.5847
202,5.30382,-4.16447,1.59461
202,5.04586,-3.63393,-0.278072
202,5.29498,-4.05557,1.55499
202,5.30213,-4.05649,1.59471
202,5.05502,-3.63502,-0.280333
202,5.29865,-4.13433,1.47676
202,5.29804,-4.12084,1.47229
202,5.32183,-4.32123,1.59133
202,5.31764,-4.21203,1.58537
202,5.30466,-4.06689,1.51973
202,5.33208,-4.45613,1.59163
202,5.29517,-4.05454,1.4362
202,5.29595,-4.25572,1.36665
202,5.34295,-4.61294,1.61565
202,5.31841,-4.06061,1.60346
202,5.32107,-4.08552,1.60356
202,5.30323,-4.21853,1.39644
202,5.3006,-4.36779,1.31339
202,5.07279,-3.66687,-0.280753
202,5.29405,-4.13133,1.31648
202,5.07361,-3.66612,-0.285694
202,5.2957,-3.90057,1.39619
202,5.33369,-4.13142,1.59282
202,5.30851,-4.37579,1.30646
202,5.3384,-4.25088,1.56843
202,5.32416,-4.13138,1.48434
202,5.31137,-4.00996,1.41652
202,5.33734,-4.59276,1.41253
202,5.34473,-4.58057,1.47262
202,5.31981,-4.26801,1.36421
202,5.3207,-4.38964,1.32316
202,5.32613,-4.22161,1.40024
202,5.32416,-4.27621,1.36462
202,5.34536,-4.29036,1.52283
202,5.32255,-4.03546,1.42692
202,5.33361,-4.39953,1.38201
202,5.32489,-4.034,1.41649
202,5.34994,-4.27893,1.52089
202,5.36084,-4.62689,1.47285
202,5.32073,-4.08102,1.33971
202,5.34538,-4.14243,1.48616
202,5.31912,-3.9858,1.32939
202,5.3344,-4.10477,1.40606
202,5.3385,-4.27445,1.36434
202,5.36269,-4.29585,1.53167
202,5.37025,-4.38073,1.55268
202,5.35782,-3.85863,1.57785
202,5.32072,-3.86268,1.27265
202,5.38437,-4.28267,1.59933
202,5.32071,-0.594043,2.33018
202,5.33444,-3.88279,1.27093
202,5.35828,-3.93263,1.3811
202,5.49508,-3.55408,2.5856
202,5.50065,-3.55591,2.62844
202,5.38542,-3.84494,1.58319
202,5.50503,-3.55907,2.63155
202,5.3833,-4.54028,1.31081
202,5.24766,-3.06194,0.737516
202,5.22385,0.0645268,1.64231
202,5.35062,-3.83415,1.27971
202,5.37166,-3.93887,1.38446
202,5.39982,-3.8798,1.57805
202,5.39512,-4.58585,1.27491
202,5.36633,-3.89122,1.27442
202,5.25364,-2.86329,0.722643
202,5.23961,0.0419993,1.59438
202,5.25151,-2.71929,0.716358
202,5.27005,-3.07107,0.737017
202,5.41419,-3.85419,1.58044
202,5.25872,-2.79583,0.712033
202,5.53604,-3.57112,2.59128
202,5.2737,-2.88717,0.723802
202,5.27432,-2.85633,0.723357
202,5.26505,-2.6233,0.694089
202,5.0551,-0.100293,-0.131338
202,5.43594,-3.83794,1.56257
202,5.43873,-3.83811,1.57987
202,5.29914,-2.94025,0.713483
202,5.29865,-2.90126,0.711708
202,5.41578,-3.78688,1.32609
202,5.28594,-2.63267,0.677761
202,5.40668,-0.539128,2.36767
202,5.28828,0.112622,1.64169
202,5.26819,-0.0142519,1.43426
202,5.1975,-3.41125,-0.320992
202,5.20067,-3.41248,-0.325826
202,5.47651,-1.00424,2.70104
202,5.26576,-3.05417,0.278366
202,5.47917,-1.0018,2.66877
202,5.3206,-2.86158,0.706494
202,5.35858,-0.881902,1.6933
202,5.32301,-2.92643,0.691025
202,5.33541,-3.08455,0.724047
202,5.22081,-3.41147,-0.321489
202,5.43408,-0.53625,2.36685
202,5.38366,-1.18985,1.72471
202,5.28941,-2.47591,0.489387
202,5.22593,-1.27738,0.403392
202,5.23069,-3.4226,-0.345191
202,5.44806,-3.61975,1.30273
202,5.38216,-0.880846,1.69516
202,5.38501,-0.873608,1.7096
202,5.36472,-3.16386,0.739399
202,5.63139,-3.61551,2.62432
202,5.50442,-1.06992,2.50011
202,5.27535,-2.79089,0.0345839
202,5.51835,-3.86008,1.57466
202,5.47746,-3.62808,1.30019
202,5.27104,-0.0726576,0.880674
202,5.47993,-0.506005,2.38158
202,5.28254,-2.74171,-0.0396947
202,5.39167,-4.10499,0.343054
202,5.28445,-2.74213,-0.0483786
202,5.43546,-1.05896,1.72967
202,5.5429,-3.86845,1.58803
202,5.40504,-4.54299,0.249768
202,5.28529,-3.44013,-0.34777
202,5.40642,-3.145,0.719601
202,5.44798,-1.03914,1.73083
202,5.41087,-4.073,0.369063
202,5.44675,-1.03886,1.7142
202,5.44367,-1.09104,1.65512
202,5.40544,-3.99779,0.316106
202,5.45439,-1.08895,1.70023
202,5.44601,-1.17056,1.6018
202,5.565,-3.8677,1.58557
202,5.32396,-3.03156,-0.0603311
202,5.40754,-1.18558,1.25232
202,5.41969,-4.10628,0.318384
202,5.45592,-1.11353,1.63807
202,5.52983,-3.61372,1.29971
202,5.5406,-3.85521,1.29985
202,5.27088,-2.68186,-0.471649
202,5.43528,-4.13501,0.32399
202,5.44025,-1.16285,1.33238
202,5.41544,-1.17262,1.11553
202,5.44673,-4.11977,0.319983
202,5.34187,-2.75386,-0.0598025
202,5.48046,-0.932379,1.67275
202,5.2887,-2.68379,-0.477167
202,5.34234,-2.93699,-0.142347
202,5.34634,-2.747,-0.0523844
202,5.49276,-1.02179,1.71805
202,5.38655,-4.52232,-0.36732
202,5.44411,-1.14089,1.27224
202,5.4345,-1.2123,1.10481
202,5.39791,-3.37213,0.0475388
202,5.49556,-1.04523,1.63767
202,5.61695,-3.86309,1.59396
202,5.43977,-1.20998,1.0859
202,5.47533,-1.1458,1.39169
202,5.52749,-0.958742,1.85568
202,5.51081,-0.902491,1.69295
202,5.59315,-3.85561,1.29792
202,5.41277,-4.63254,-0.416413
202,5.36559,-2.75146,-0.153497
202,5.63571,-3.83591,1.57973
202,5.64136,-3.83764,1.5909
202,5.40908,-1.22754,0.623285
202,5.43974,-3.30475,0.10591
202,5.43031,-4.59694,-0.424748
202,5.50655,-1.15624,1.3472
202,5.43187,-4.61174,-0.460671
202,5.58688,0.142611,2.42837
202,5.36937,-1.61958,0.0746068
202,5.65579,-3.85085,1.57294
202,5.66096,-3.81865,1.59
202,5.66396,-3.85339,1.58856
202,5.45346,-3.31927,0.0673504
202,5.33335,0.0302672,0.278532
202,5.45542,-3.32024,0.056881
202,5.38619,-3.25689,-0.474366
202,5.56908,-1.10643,1.7241
202,5.45796,-3.3134,0.0615611
202,5.55952,-1.10666,1.64137
202,5.6441,-3.88743,1.33939
202,5.41867,-2.9453,-0.176823
202,5.53319,-1.14997,1.3562
202,5.68984,-3.82494,1.59315
202,5.6917,-3.84977,1.58981
202,5.65834,-3.70009,1.36656
202,5.69852,-3.83684,1.59785
202,5.4013,-1.90276,-0.110328
202,5.60666,-1.15255,1.78211
202,5.64516,-3.43774,1.28747
202,5.65356,-3.44217,1.2891
202,5.4992,-3.40324,0.0185597
202,5.53046,-1.18348,1.04283
202,5.42171,-2.49687,-0.288592
202,5.71515,-3.79396,1.56654
202,5.49142,-1.17226,0.6919
202,5.69087,-3.76784,1.3661
202,5.59059,-3.34227,0.715384
202,5.71642,-3.77269,1.54339
202,5.55006,-3.35251,0.364166
202,5.54931,-3.34441,0.356491
202,5.66926,-3.42268,1.28318
202,5.43775,-1.25145,0.165854
202,5.43418,-2.45193,-0.295896
202,5.43955,-1.89969,-0.130941
202,5.44437,-2.49178,-0.300121
202,5.6931,-3.44865,1.28229
202,5.45151,-2.47634,-0.304069
202,5.45613,-1.24446,0.160668
202,5.54685,-3.43318,0.0271457
202,5.55385,-2.49634,0.408402
202,5.38832,-1.5854,-0.594632
202,5.46188,-1.72024,-0.0662682
202,5.72669,-2.9104,1.62411
202,5.55837,-3.44715,0.0343784
202,5.70263,0.230151,2.46616
202,5.76938,-3.79051,1.58778
202,5.56781,-3.40231,0.0671011
202,5.40476,-1.6012,-0.603947
202,5.57081,-3.40096,0.0659158
202,5.78078,-3.81213,1.57297
202,5.78927,-3.84323,1.59579
202,5.79047,-3.80446,1.59432
202,5.42386,-1.58165,-0.581549
202,5.55868,-1.13254,0.636658
202,5.77879,-3.74479,1.35501
202,5.52073,-1.57933,-0.0215397
202,5.53875,-1.7261,0.0691391
202,5.55595,-1.7111,0.0377979
202,5.5434,-1.57092,-0.0166961
202,5.62282,-1.9133,0.313502
202,5.58203,-2.05117,-0.109645
202,5.58623,-2.03704,-0.111719
202,5.58904,-1.83932,-0.118489
202,5.86511,-3.83404,1.30434
202,5.60385,-2.02774,-0.207698
202,5.62578,-1.85931,0.0236264
202,5.60914,-2.02778,-0.211554
202,5.63728,-1.95126,0.0363272
202,5.63935,-2.05069,0.00278032
202,5.61231,-1.5466,-0.0407271
202,5.6376,-1.8309,0.0332452
202,5.64192,-1.91747,0.0339694
202,5.64493,-1.88723,0.0478438
202,5.62895,-1.90093,-0.134409
202,5.64569,-2.1267,-0.135451
202,5.63261,-1.78326,-0.13827
202,5.65375,-1.81122,0.0123481
202,5.67183,-1.91029,0.0380977
202,5.66054,-1.93378,-0.240598
202,5.69689,-2.0802,-0.0630698
202,5.69582,-1.91827,-0.242691
202,5.72914,-2.07544,-0.0697602
202,5.70662,-1.69577,-0.164396
202,5.71397,-1.9334,-0.25951
202,5.79213,-2.06772,0.145294
202,5.81168,-1.67615,-0.0463974
202,5.81683,-2.10238,-0.209243
202,5.81016,-1.67408,-0.209022
202,5.8603,0.549734,0.616273
202,5.92151,-2.09054,-0.0705783
202,5.92206,-2.09049,-0.0900353
202,5.9442,-2.06312,-0.0951997
202,5.96247,-2.00246,-0.381342
202,6.6877,0.900969,2.73137
202,6.88588,1.05249,2.79688
202,6.86356,0.190518,1.9597
202,5.47908,-1.19496,1.03756
201,5.47908,-1.19496,1.03756
202,5.42459,-3.54575,0.294091
201,5.42459,-3.54575,0.294091
202,9.1949,3.12158,2.2089
201,9.1949,3.12158,2.2089
202,5.56169,-1.17966,0.216248
201,5.56169,-1.17966,0.216248
202,3.68477,-1.5703,0.561991
201,3.68477,-1.5703,0.561991
202,5.35503,-4.57734,1.07078
201,5.35503,-4.57734,1.07078
202,3.77332,-1.52937,0.514759
201,3.77332,-1.52937,0.514759
202,3.53467,-1.498,0.947971
201,3.53467,-1.498,0.947971
202,5.55427,-3.30976,0.757841
201,5.55427,-3.30976,0.757841
202,5.38198,-1.18164,-0.599472
197,5.38198,-1.18164,-0.599472
202,5.05398,-1.31015,-0.426738
197,5.05398,-1.31015,-0.426738
202,3.98735,-1.52904,0.529891
197,3.98735,-1.52904,0.529891
202,5.39782,-2.21937,-0.513672
197,5.39782,-2.21937,-0.513672
202,5.8535,-2.5052,0.325246
197,5.8535,-2.5052,0.325246
202,5.82527,-1.89342,-0.0462254
197,5.82527,-1.89342,-0.0462254
202,3.80444,-1.55961,1.09531
197,3.80444,-1.55961,1.09531
202,4.0637,-1.54812,1.10005
197,4.0637,-1.54812,1.10005
202,3.54244,-1.54341,0.93319
198,3.54244,-1.54341,0.93319
202,3.81015,-1.55005,1.09988
198,3.81015,-1.55005,1.09988
202,3.71976,-1.61835,0.790957
198,3.71976,-1.61835,0.790957
202,5.45288,-2.13157,0.0815411
183,5.45288,-2.13157,0.0815411
202,5.14504,-2.76628,0.429132
183,5.14504,-2.76628,0.429132
202,5.35435,-2.14112,-0.457583
183,5.35435,-2.14112,-0.457583
202,5.59589,-1.9384,0.0504213
183,5.59589,-1.9384,0.0504213
202,5.70273,-1.57258,0.26739
183,5.70273,-1.57258,0.26739
202,5.50586,-2.1196,-0.0606846
183,5.50586,-2.1196,-0.0606846
202,4.98169,-3.33629,-0.176673
181,4.98169,-3.33629,-0.176673
202,5.26982,-2.89421,-0.067743
177,5.26982,-2.89421,-0.067743
202,5.31548,-3.50352,1.06396
177,5.31548,-3.50352,1.06396
202,4.80571,-0.116736,0.780387
177,4.80571,-0.116736,0.780387
202,5.34432,-3.52644,1.16619
177,5.34432,-3.52644,1.16619
202,5.48686,-1.91703,0.344059
177,5.48686,-1.91703,0.344059
202,5.40301,-1.18245,0.757144
178,5.40301,-1.18245,0.757144
202,5.4026,-1.18162,0.757174
178,5.4026,-1.18162,0.757174
202,5.53396,-1.82785,0.0629249
178,5.53396,-1.82785,0.0629249
202,5.38968,-1.19794,1.27458
185,5.38968,-1.19794,1.27458
202,5.53134,-3.37571,1.26232
185,5.53134,-3.37571,1.26232
202,5.54223,-3.38166,1.26279
185,5.54223,-3.38166,1.26279
202,5.4377,-1.16801,0.674925
185,5.4377,-1.16801,0.674925
202,5.73172,-2.90221,1.65554
185,5.73172,-2.90221,1.65554
202,5.65879,-2.89128,1.63486
185,5.65879,-2.89128,1.63486
202,5.81945,-3.47419,0.467316
190,5.81945,-3.47419,0.467316
202,5.75849,-2.10253,-0.669015
190,5.75849,-2.10253,-0.669015
202,5.93909,-3.71004,2.83292
196,5.93909,-3.71004,2.83292
202,5.52151,-0.987586,2.50455
196,5.52151,-0.987586,2.50455
202,3.84066,-1.65941,1.19043
196,3.84066,-1.65941,1.19043
203,3.41572,-1.61457,1.13546
203,3.42091,-1.61454,1.14178
203,3.44721,-1.5905,1.16439
203,3.45946,-1.58951,1.16417
203,3.48028,-1.56064,1.22826
203,3.55552,-1.48589,0.953127
203,3.61327,-1.59949,1.13179
203,3.54673,-1.50931,0.859601
203,3.61599,-1.59526,1.12915
203,3.5488,-1.50472,0.858874
203,3.57771,-1.55445,0.945714
203,3.52358,-3.20785,0.350188
203,3.53414,-3.19432,0.344984
203,3.58093,-1.56774,0.734996
203,3.48495,-1.36869,0.350882
203,3.4857,-1.36515,0.351011
203,3.59486,-1.50804,0.749068
203,3.60112,-1.57743,0.734137
203,3.72861,-1.58172,1.11932
203,3.5969,-1.60322,0.259473
203,3.80996,-1.63926,1.13971
203,3.81392,-1.63788,1.14317
203,3.81876,-1.63807,1.13866
203,3.80731,-1.60504,1.09173
203,3.81013,-1.59868,1.07545
203,3.58244,-1.57666,0.104523
203,3.73354,-3.16839,0.362617
203,3.73757,-3.16846,0.376875
203,3.83232,-1.59513,1.09498
203,3.73352,-3.15723,0.342282
203,3.82908,-1.59545,1.07696
203,3.69161,-3.16642,0.160486
203,3.74374,-3.17417,0.366187
203,3.8314,-1.58412,1.07144
203,3.78921,-1.54406,0.901709
203,3.83715,-1.5925,1.07318
203,3.7357,-3.1587,0.289913
203,3.84597,-1.58721,1.08451
203,3.85987,-1.62922,1.11953
203,3.65971,-1.11138,0.355874
203,3.8647,-1.58773,1.09408
203,3.86602,-1.58824,1.09015
203,3.66575,-1.0968,0.347705
203,3.87306,-1.58206,1.09766
203,3.89264,-1.6083,1.10808
203,3.73922,-3.19453,0.0907947
203,3.81621,-1.57733,0.733721
203,3.85404,-1.5411,0.887131
203,3.89032,-1.52669,0.885796
203,3.83707,-1.38028,0.433214
203,3.97386,-1.57405,0.931041
203,3.86394,-1.33033,0.392273
203,3.88278,-1.33958,0.395322
203,3.92305,-1.217,0.390702
203,3.92782,-1.21357,0.390785
203,3.93599,-1.12596,0.346918
203,4.06325,-1.12929,0.81192
203,3.96845,-1.22926,0.369088
203,4.00197,-1.16827,0.347342
203,4.0641,-1.09946,0.345846
203,4.07627,-1.09538,0.340005
203,4.08974,-1.12186,0.354427
203,5.0452,-0.771443,1.51087
203,5.29262,-3.88576,1.54655
203,5.33102,-4.44688,1.5256
203,5.27254,-4.08382,1.33208
203,5.26523,-3.97175,1.31803
203,5.30361,-4.05465,1.44478
203,5.33123,-3.9134,1.39888
203,5.36987,-3.86095,1.56896
203,5.3303,-4.08549,1.34668
203,5.33335,-4.11632,1.34674
203,4.99523,-0.615427,0.509559
203,5.00954,-3.63288,-0.242687
203,4.94027,-3.54531,-0.520132
203,5.00977,-3.50395,-0.276977
203,5.41325,-3.51579,1.27575
203,4.98401,-3.58047,-0.537526
203,5.28829,0.00228071,1.50139
203,4.98625,-3.55988,-0.549483
203,4.99673,-3.5788,-0.540719
203,5.43491,-3.51319,1.27317
203,5.03813,-3.49035,-0.379611
203,5.02725,-3.52673,-0.43986
203,5.42612,-1.17373,1.73058
203,5.39647,-1.10539,1.61995
203,5.03015,-3.54508,-0.455604
203,5.2906,-3.06242,0.736812
203,5.40412,-1.18187,1.60364
203,5.40372,-1.10281,1.6177
203,5.00327,-0.616428,0.0497495
203,5.03418,-3.49606,-0.451584
203,5.03982,-3.52614,-0.44584
203,5.45856,-3.52408,1.30176
203,5.32681,-1.14997,1.26257
203,5.03776,-3.50548,-0.461585
203,5.03044,-3.51235,-0.493878
203,5.2799,-2.634,0.71677
203,5.27732,-2.62302,0.699466
203,5.04516,-3.47907,-0.458819
203,5.29517,-2.90299,0.708209
203,5.299,-2.9147,0.71741
203,5.0488,-3.58253,-0.473853
203,5.36074,0.224374,1.64613
203,5.42879,-1.17529,1.62222
203,5.02776,-3.51826,-0.562905
203,5.44009,-1.09492,1.68356
203,5.03924,-3.59713,-0.562709
203,5.45067,-1.09938,1.69152
203,5.48793,-3.54053,1.3027
203,5.458,-1.11646,1.69215
203,5.36999,0.251674,1.61776
203,5.48971,-0.968682,1.84561
203,5.50757,-3.56731,1.3241
203,5.33786,-3.07913,0.711817
203,5.45551,-1.15048,1.6216
203,5.50835,-3.54065,1.31824
203,5.49999,-0.952947,1.83666
203,5.34358,-3.08154,0.713854
203,5.02623,-2.7014,-0.531551
203,5.46023,-1.03579,1.62991
203,5.34254,-2.95636,0.719038
203,5.47686,-1.11524,1.6674
203,5.01188,-2.6889,-0.622758
203,5.05851,-0.588941,0.0277944
203,5.35385,-3.02932,0.726144
203,5.46643,-0.973979,1.6339
203,5.44319,-0.452607,1.6297
203,5.50758,-1.14143,1.74359
203,5.36211,-2.94876,0.708585
203,5.05824,-2.72698,-0.51724
203,5.31032,-2.88458,0.486843
203,5.52959,-3.53658,1.24465
203,5.04208,-2.68809,-0.621784
203,5.49229,-0.958889,1.63248
203,5.54853,-0.952965,1.86628
203,5.54242,-0.932462,1.82428
203,5.05034,-2.68645,-0.639014
203,5.50857,-1.03284,1.63215
203,5.58358,-3.85267,1.30926
203,5.58687,-3.85307,1.31804
203,5.37459,-4.52354,0.27978
203,5.07114,-2.71792,-0.609694
203,5.40553,-3.09667,0.689543
203,5.12579,-3.47091,-0.592308
203,5.41662,-4.53304,0.381526
203,5.37894,-3.95287,0.349698
203,5.13243,-3.46402,-0.590643
203,5.08487,-2.72014,-0.654249
203,5.39736,-4.10491,0.342868
203,5.6773,-3.76992,1.57907
203,5.58845,-1.09612,1.74251
203,5.56395,-1.0974,1.63619
203,5.15362,-3.40721,-0.581405
203,5.60449,-0.909501,1.82848
203,5.10923,-1.30725,-0.329565
203,5.33122,0.0315778,0.852959
203,5.4252,-4.11213,0.338419
203,5.70718,-3.77107,1.58082
203,5.72339,-3.79985,1.6062
203,5.71858,-3.76847,1.59066
203,5.63558,-3.43464,1.29468
203,5.68373,-3.68478,1.40266
203,5.75453,-3.78348,1.59369
203,5.28252,-3.45833,-0.319334
203,5.75874,-3.81497,1.58856
203,5.34751,-4.58576,-0.30233
203,5.25508,-3.22196,-0.393121
203,5.76258,-3.80989,1.58342
203,5.30577,-1.6253,0.121532
203,5.30136,-3.46365,-0.311255
203,5.38151,-3.3577,0.0419793
203,5.46347,-3.55841,0.32507
203,5.78422,-3.79584,1.5961
203,5.23937,-2.65345,-0.440554
203,5.30554,-4.43535,-0.560758
203,5.31497,-4.57079,-0.551455
203,5.28649,-3.22735,-0.399311
203,5.724,-3.45291,1.2935
203,5.39142,-4.5905,-0.360495
203,5.34908,-4.56853,-0.550858
203,5.40056,-4.52795,-0.331239
203,5.39912,-4.53254,-0.366246
203,5.28337,-2.65052,-0.447706
203,5.52213,-3.33411,0.374757
203,5.32713,0.0238123,0.287453
203,5.81868,-2.91514,1.67541
203,5.45818,-3.32106,0.0658529
203,5.75766,-3.47795,1.28001
203,5.79242,-3.8053,1.32291
203,5.38018,-1.23822,0.146394
203,5.83425,-2.9192,1.65379
203,5.48373,-3.32201,0.0982878
203,5.82914,-2.92007,1.62283
203,5.84497,-2.92135,1.67754
203,5.84855,-2.92134,1.68883
203,5.48746,-3.32009,0.0675443
203,5.53339,-2.48943,0.421281
203,5.85015,-2.92289,1.63963
203,5.33632,-2.25579,-0.400795
203,5.40479,-4.49542,-0.626808
203,5.55748,-2.49279,0.413267
203,5.3508,-2.23174,-0.409099
203,5.85334,-3.82965,1.31428
203,5.86065,-3.83371,1.30467
203,5.55344,-3.42689,0.0319576
203,5.4796,-1.71591,0.0571777
203,5.48749,-1.72338,0.075249
203,5.45807,-4.52172,-0.665532
203,5.73366,-3.38137,0.720973
203,5.57476,-3.43668,0.0313253
203,5.39079,-2.13401,-0.464043
203,5.5011,-1.59291,0.0549891
203,5.43042,-0.260006,0.0398496
203,5.56306,-1.22444,0.27038
203,5.78634,-3.40623,0.699641
203,5.39544,-1.66409,-0.558288
203,5.53341,-1.57023,-0.00824249
203,5.46044,-2.13181,-0.488542
203,5.38606,-1.31712,-0.645168
203,5.41315,-1.59074,-0.597973
203,5.41286,-1.59952,-0.603298
203,5.64439,-1.90832,0.293875
203,5.59392,-1.90131,0.0829985
203,5.46386,-2.21241,-0.545793
203,5.43159,-1.62122,-0.586396
203,5.60292,-1.99493,0.0444416
203,5.6093,-1.9269,0.0674465
203,5.65865,-1.60186,0.310818
203,5.48742,-2.13074,-0.527687
203,5.49675,-2.13038,-0.521537
203,5.5244,-2.23565,-0.499962
203,5.5097,-2.12836,-0.539713
203,5.74157,-2.07594,0.187772
203,5.61087,-1.60558,-0.279359
203,5.70245,-1.88557,-0.230106
203,5.83322,-0.0458565,0.454876
203,5.874,-2.08871,-0.21041
203,8.17436,0.852309,2.11612
203,8.2183,0.854703,2.15137
203,3.57253,-1.57558,1.09909
202,3.57253,-1.57558,1.09909
203,5.60292,-2.02831,-0.205133
202,5.60292,-2.02831,-0.205133
203,5.03753,-3.61495,-0.269816
202,5.03753,-3.61495,-0.269816
203,5.45567,-1.24476,0.162845
202,5.45567,-1.24476,0.162845
203,3.59624,-1.57851,0.727439
202,3.59624,-1.57851,0.727439
203,8.32603,1.64098,2.14086
202,8.32603,1.64098,2.14086
203,5.42892,-1.23503,0.154683
202,5.42892,-1.23503,0.154683
203,3.59624,-1.57851,0.727439
202,3.59624,-1.57851,0.727439
203,8.2772,1.61388,2.13853
202,8.2772,1.61388,2.13853
203,3.78038,-1.53287,0.821163
202,3.78038,-1.53287,0.821163
203,5.31276,-3.9583,1.35125
202,5.31276,-3.9583,1.35125
203,3.54966,-1.48126,0.926215
201,3.54966,-1.48126,0.926215
203,3.6272,-3.08899,0.156948
201,3.6272,-3.08899,0.156948
203,5.51981,-1.2631,0.116906
201,5.51981,-1.2631,0.116906
203,3.76657,-1.09273,0.335698
201,3.76657,-1.09273,0.335698
203,5.03645,-4.29362,-0.455032
201,5.03645,-4.29362,-0.455032
203,3.79789,-1.58063,1.21512
201,3.79789,-1.58063,1.21512
203,3.47267,-1.56627,0.792045
201,3.47267,-1.56627,0.792045
203,3.74999,-1.71691,0.0861392
197,3.74999,-1.71691,0.0861392
203,5.28826,-3.46817,1.26612
197,5.28826,-3.46817,1.26612
203,5.58346,-2.09138,-0.605512
197,5.58346,-2.09138,-0.605512
203,5.39252,-0.467391,1.07898
197,5.39252,-0.467391,1.07898
203,5.12911,-3.39791,-0.566924
197,5.12911,-3.39791,-0.566924
203,5.15913,-3.61148,-0.643426
197,5.15913,-3.61148,-0.643426
203,3.69755,-1.51345,0.17944
198,3.69755,-1.51345,0.17944
203,3.63288,-1.5913,0.587308
198,3.63288,-1.5913,0.587308
203,5.48805,-4.58847,-0.413282
198,5.48805,-4.58847,-0.413282
203,3.73005,-1.60984,0.769695
198,3.73005,-1.60984,0.769695
203,5.31293,-4.54316,1.04392
198,5.31293,-4.54316,1.04392
203,4.26613,-1.37814,0.576776
198,4.26613,-1.37814,0.576776
203,5.53872,-3.70967,-0.495448
198,5.53872,-3.70967,-0.495448
203,5.32096,-1.57666,-0.624588
183,5.32096,-1.57666,-0.624588
203,5.45293,-1.54294,-0.680632
183,5.45293,-1.54294,-0.680632
203,5.42,-1.5401,-0.683389
183,5.42,-1.5401,-0.683389
203,5.14484,-2.72683,-0.555394
183,5.14484,-2.72683,-0.555394
203,3.59535,-1.60303,0.246312
190,3.59535,-1.60303,0.246312
203,5.35031,-1.27994,0.221089
190,5.35031,-1.27994,0.221089
203,5.53272,-2.1264,-0.530699
190,5.53272,-2.1264,-0.530699
203,5.41079,-3.14163,-0.187744
200,5.41079,-3.14163,-0.187744
203,5.34586,-0.538411,1.53362
178,5.34586,-0.538411,1.53362
203,5.36208,-0.48918,1.27622
178,5.36208,-0.48918,1.27622
203,3.66416,-1.55491,1.11056
178,3.66416,-1.55491,1.11056
203,6.05465,0.547806,0.430415
178,6.05465,0.547806,0.430415
203,5.30298,-0.516461,0.914839
178,5.30298,-0.516461,0.914839
203,5.18837,0.350014,0.737965
177,5.18837,0.350014,0.737965
204,3.52985,-1.53989,1.2263
204,3.56885,-1.52118,1.21261
204,3.50078,-1.53,0.959388
204,3.45366,-2.99355,0.118245
204,3.61298,-1.56294,1.21099
204,3.58477,-1.5702,1.10653
204,3.54293,-1.53394,0.967802
204,3.64876,-1.57094,1.22085
204,3.65833,-1.56928,1.2212
204,3.54829,-1.52122,0.885367
204,3.52669,-1.56953,0.788632
204,3.58085,-1.53792,0.955235
204,3.53191,-3.04445,0.0943873
204,3.53813,-1.58275,0.751048
204,3.59697,-1.53984,0.946096
204,3.56382,-1.52765,0.842928
204,3.56263,-3.08955,0.0981624
204,3.64367,-2.06667,0.783697
204,3.57468,-3.10106,0.080629
204,3.63232,-1.60122,0.922262
204,3.72734,-1.56503,1.1468
204,3.75981,-1.60519,1.21904
204,3.77026,-1.65365,1.22154
204,3.72539,-3.16249,0.380501
204,3.73376,-3.17474,0.377108
204,3.73329,-3.18435,0.368322
204,3.78505,-1.65114,1.22091
204,3.48241,-1.36922,0.350697
204,3.77834,-1.6654,1.12132
204,3.80678,-1.67024,1.18008
204,3.50993,-1.44958,0.35361
204,3.51731,-1.44692,0.352327
204,3.49811,-1.35719,0.316063
204,3.46896,-1.2234,0.282913
204,3.52361,-1.43797,0.335622
204,3.52706,-1.37059,0.344726
204,3.66472,-2.99107,0.0203958
204,3.54668,-1.43288,0.347631
204,3.51978,-1.34797,0.298442
204,3.85815,-1.60131,1.21789
204,3.54269,-1.3697,0.339434
204,3.50854,-1.11253,0.33258
204,3.7722,-1.55467,0.924004
204,3.77668,-1.55516,0.907843
204,3.54143,-1.09414,0.319866
204,3.53428,-1.60347,0.0537509
204,3.54321,-1.57122,0.05042
204,3.84545,-1.60642,0.965547
204,3.57529,-1.0984,0.33943
204,3.57913,-1.10193,0.337787
204,3.95936,-1.55209,1.23963
204,3.58837,-1.58209,0.0756898
204,3.86554,-1.58702,0.92696
204,3.60096,-1.57065,0.0695279
204,3.60187,-1.05785,0.287458
204,3.91821,-1.60931,0.963051
204,3.74347,-1.49148,0.465294
204,3.74776,-1.49289,0.466568
204,3.78222,-1.54207,0.541383
204,3.63169,-1.70096,-0.0242273
204,3.92161,-1.57114,0.915489
204,3.63698,-1.47191,0.0629679
204,3.70057,-1.57665,0.179823
204,3.65369,-1.05883,0.26694
204,3.78448,-1.46923,0.450443
204,3.72844,-1.57095,0.154257
204,3.69254,-1.68451,-0.0590892
204,3.68473,-1.42927,0.0118781
204,3.61907,-1.57864,-0.302091
204,3.80926,-1.227,0.421289
204,3.63029,-1.55439,-0.302736
204,3.82557,-1.2181,0.417204
204,3.86232,-1.33371,0.384888
204,3.81946,-1.56222,0.112206
204,3.86942,-1.17592,0.389654
204,3.90348,-1.35036,0.394112
204,3.91007,-1.34677,0.397854
204,3.88715,-1.21517,0.382745
204,3.92203,-1.34241,0.38257
204,3.8148,-1.64248,-0.143502
204,3.93905,-1.333,0.383468
204,3.94726,-1.32807,0.385664
204,3.91577,-1.14034,0.371439
204,3.83545,-1.58319,-0.221295
204,3.96619,-1.10184,0.33869
204,3.80543,-1.55288,-0.450712
204,3.91223,-1.56883,-0.262918
204,4.09353,-1.21027,0.36343
204,3.87316,-1.54699,-0.529194
204,4.10208,-1.11374,0.359048
204,4.12874,-1.10964,0.34545
204,4.09809,0.265284,-0.482437
204,5.28306,-3.84149,1.28226
204,4.43574,-1.53889,-0.305192
204,5.2987,-3.86346,1.28543
204,4.82059,-0.269185,1.29185
204,4.80058,-3.46099,-0.274664
204,5.02806,-0.871241,1.39529
204,4.58054,-1.50873,-0.412526
204,5.10401,-0.836472,1.39874
204,5.48547,-3.52197,1.31187
204,5.1469,-0.663967,1.54188
204,5.52198,-3.56566,1.32915
204,5.53301,-3.58645,1.3293
204,5.50175,-3.5195,1.26057
204,5.04007,-0.130272,1.38981
204,5.30989,-3.92202,0.363816
204,5.28783,-0.903973,1.67949
204,5.33153,-3.08365,0.734939
204,5.31573,-0.915992,1.6755
204,5.28265,-2.7484,0.718659
204,5.03825,-0.214198,1.12796
204,5.31149,-2.8944,0.725689
204,5.25514,-3.03885,0.48055
204,5.26627,-2.60419,0.709496
204,5.34921,-3.08106,0.741063
204,5.2701,-2.6182,0.693899
204,5.32582,-2.86924,0.717945
204,5.75989,-3.79411,1.59872
204,5.34637,-2.93112,0.709019
204,5.76202,-3.78184,1.59551
204,5.41127,-4.10754,0.343182
204,5.27028,-0.573431,1.53689
204,5.31584,-2.63581,0.703233
204,5.39874,-3.0955,0.728317
204,5.63876,-3.43895,1.29213
204,5.40496,-1.18332,1.61012
204,5.29506,-3.0648,0.394373
204,5.42292,-3.18118,0.730894
204,5.21781,0.137749,1.62275
204,5.81181,-3.8372,1.61055
204,5.32942,-0.554286,1.63199
204,5.25705,-2.77876,0.367944
204,5.65628,-3.42813,1.29339
204,5.39636,-2.95194,0.708287
204,5.25815,-2.46791,0.496596
204,5.0601,-3.28762,-0.529128
204,5.32398,-3.07045,0.386698
204,5.05439,-0.188905,0.80866
204,5.7021,-3.45408,1.29632
204,5.37378,-2.98288,0.473457
204,5.36582,-3.05106,0.40285
204,5.08394,-3.26126,-0.579899
204,5.00038,-2.66952,-0.578755
204,5.52749,-1.14469,1.75056
204,5.34678,-2.7424,0.441453
204,5.33419,-2.95184,0.305713
204,5.4634,-3.31108,0.539339
204,5.29449,-2.85454,0.222156
204,5.34951,-3.05965,0.29294
204,5.4939,-3.31632,0.608276
204,5.01679,-2.68215,-0.577318
204,5.00169,-0.292815,0.478735
204,5.12018,-3.28088,-0.545465
204,5.01708,-0.259147,0.502213
204,5.20497,-3.43793,-0.391697
204,4.96709,-0.266281,0.333688
204,5.32437,0.128857,1.61494
204,5.49728,-0.958566,1.64516
204,5.07565,-0.14052,0.712286
204,5.35491,-3.00457,0.24988
204,5.51964,-0.979462,1.67281
204,5.2343,-3.44451,-0.3511
204,4.8547,-1.29868,-0.543485
204,5.37274,-2.96042,0.287604
204,5.03795,-2.69089,-0.62595
204,5.14655,-3.29185,-0.579893
204,5.38155,-3.02617,0.262298
204,5.05054,-2.71088,-0.629535
204,5.34582,0.229578,1.64188
204,5.17277,-3.39282,-0.570709
204,5.32891,0.0275135,1.49227
204,5.26139,-3.44031,-0.320534
204,5.04006,-0.270373,0.459171
204,5.33224,-2.94156,0.119515
204,5.37274,-3.36264,0.0382648
204,5.38171,0.206943,1.71282
204,5.60792,-3.32688,0.756391
204,5.50278,-0.703574,1.639
204,5.30354,-2.93651,-0.0202918
204,5.26377,-3.38244,-0.349478
204,5.3498,-3.04343,0.0443424
204,5.29087,-3.45408,-0.331348
204,5.46516,-0.449649,1.57464
204,5.29547,-3.44738,-0.337095
204,5.16519,-2.64613,-0.386112
204,5.09848,-0.619914,0.317735
204,5.29145,-3.00665,-0.197818
204,5.22251,-2.58557,-0.218456
204,5.42752,-2.48741,0.45398
204,5.38029,-0.489498,1.22692
204,5.52144,-3.33377,0.344254
204,5.36729,-0.490532,1.17402
204,5.47516,-0.442882,1.52411
204,5.52993,-3.335,0.351808
204,5.18406,-2.64544,-0.404723
204,5.3064,-3.01007,-0.204309
204,5.09822,-0.509648,0.300668
204,5.5123,-0.423992,1.60025
204,5.36867,-3.12403,-0.0936689
204,5.6683,-3.35075,0.717862
204,5.34264,-3.03357,-0.149313
204,4.98811,-0.243766,0.0322944
204,5.31868,0.558849,1.418
204,5.12797,-0.567732,0.273091
204,5.31492,-3.23129,-0.401326
204,5.32127,-3.22644,-0.427252
204,5.56444,-0.359248,1.63807
204,5.23924,-2.66665,-0.436947
204,5.31018,-1.24015,0.43005
204,5.57414,-0.351154,1.64045
204,5.51729,-3.33007,0.0429147
204,5.52499,-3.33883,0.0613756
204,5.05471,-0.203824,0.00137782
204,5.38804,-2.94354,-0.235359
204,5.22386,-0.0103135,0.60494
204,5.54988,-3.34473,0.0653725
204,5.10441,-0.130121,0.158337
204,5.28659,-2.65179,-0.444364
204,5.42692,-0.45244,0.954335
204,5.57301,-3.37029,-0.0202602
204,5.59969,-3.41907,0.0290899
204,5.4477,-0.454481,0.89641
204,5.62681,-3.43043,0.0734534
204,5.15273,-0.0605156,0.139335
204,5.6299,-3.42287,0.0608757
204,5.16338,-1.39661,-0.484301
204,5.46825,-1.76394,0.25451
204,5.25583,-0.547373,0.130559
204,5.44116,-1.73487,0.094082
204,5.43063,-2.44019,-0.265591
204,5.42997,-2.45828,-0.289662
204,5.43676,-2.50008,-0.291485
204,5.45479,-2.47544,-0.282911
204,5.42788,-1.25277,0.193722
204,5.45215,-2.4599,-0.301328
204,5.46517,0.306704,0.988389
204,5.44135,-1.59554,0.0205313
204,5.438,-1.89629,-0.133966
204,5.50823,-1.23686,0.364884
204,5.22005,-0.0427706,0.0138834
204,5.45326,-1.90495,-0.128407
204,5.40521,-2.23175,-0.436425
204,5.49959,-1.60233,0.098816
204,5.82532,-0.295082,1.70996
204,5.42203,-2.24115,-0.438872
204,5.39951,-2.12739,-0.465448
204,5.59625,0.797087,1.47108
204,5.56005,-1.93116,0.0899466
204,5.51427,-1.60407,0.0942149
204,5.45097,-2.2406,-0.458318
204,5.58558,-1.9638,0.0834998
204,5.516,-1.94125,-0.150549
204,5.45903,-2.23702,-0.468195
204,5.57006,-2.05,-0.0862164
204,5.5889,-1.80929,0.0486802
204,5.51957,-1.25722,0.0776523
204,5.56868,-2.02561,-0.165669
204,5.58314,-1.23093,0.20176
204,5.40121,-1.56232,-0.594638
204,5.41136,-1.60584,-0.586049
204,5.62507,-1.21655,0.227226
204,5.68367,-1.22909,0.334471
204,5.67384,-1.23048,0.292953
204,4.96417,0.839227,-0.954091
204,5.62557,-1.93343,-0.205309
204,5.66765,-1.19497,0.236802
204,5.4003,-1.31409,-0.645869
204,5.88983,-0.316453,1.29352
204,5.6616,-2.01679,-0.208712
204,5.73751,-2.10883,-0.164457
204,6.08931,-0.190214,1.76162
204,5.04307,0.942981,-1.01885
204,5.89742,-2.0672,0.147702
204,5.92652,-1.89332,0.247118
204,5.82037,-2.09334,-0.186732
204,5.50032,0.185793,-0.138172
204,5.80257,-2.01445,-0.274056
204,5.74554,-0.0950229,0.197199
204,5.76263,-0.0465939,0.0643348
204,5.99697,-2.09323,-0.240121
204,5.53145,0.73781,-0.498077
204,6.08423,0.737376,0.924139
204,5.88458,0.604424,-0.143145
204,6.21765,0.838645,0.91777
204,5.91679,1.07172,0.0412737
204,5.86559,0.999787,-0.207902
204,6.38631,-1.46703,0.0577945
204,6.17139,0.799688,-0.245406
204,6.08911,1.91573,-0.0795556
204,6.11093,1.87375,-0.33757
204,8.64253,1.09787,2.23209
204,3.5612,-1.60641,1.25763
203,3.5612,-1.60641,1.25763
204,3.8555,-1.39112,0.460499
203,3.8555,-1.39112,0.460499
204,3.41492,-1.3112,0.40911
203,3.41492,-1.3112,0.40911
204,3.3268,-1.70605,1.29102
203,3.3268,-1.70605,1.29102
204,3.70977,-1.58123,0.775049
203,3.70977,-1.58123,0.775049
204,5.38119,-2.13056,-0.461147
203,5.38119,-2.13056,-0.461147
204,3.59186,-1.58077,0.731041
203,3.59186,-1.58077,0.731041
204,5.02669,-2.14661,-0.273004
203,5.02669,-2.14661,-0.273004
204,3.78881,-1.57994,1.26153
203,3.78881,-1.57994,1.26153
204,3.48128,-1.62436,0.779033
203,3.48128,-1.62436,0.779033
204,3.53162,-1.6364,0.823034
203,3.53162,-1.6364,0.823034
204,3.69894,-1.66315,1.06325
203,3.69894,-1.66315,1.06325
204,3.53347,-1.66499,1.26724
203,3.53347,-1.66499,1.26724
204,5.03212,-0.115539,0.864314
202,5.03212,-0.115539,0.864314
204,5.04355,-0.0444704,0.890023
202,5.04355,-0.0444704,0.890023
204,5.11671,-2.71934,0.0668822
202,5.11671,-2.71934,0.0668822
204,3.38059,-1.6197,0.822105
201,3.38059,-1.6197,0.822105
204,5.49815,-1.20328,0.303607
201,5.49815,-1.20328,0.303607
204,3.4681,-1.3053,0.385589
201,3.4681,-1.3053,0.385589
204,3.58629,-3.00838,-0.0109888
201,3.58629,-3.00838,-0.0109888
204,5.15476,-0.593889,1.19621
201,5.15476,-0.593889,1.19621
204,5.03576,-3.26321,-0.560333
198,5.03576,-3.26321,-0.560333
204,6.30477,-2.40638,-0.7111
198,6.30477,-2.40638,-0.7111
204,3.56587,-1.5318,-0.264547
198,3.56587,-1.5318,-0.264547
204,3.58958,-3.08306,0.0387072
198,3.58958,-3.08306,0.0387072
204,5.50998,-1.74034,-0.0636806
198,5.50998,-1.74034,-0.0636806
204,5.34703,-0.970298,1.61639
197,5.34703,-0.970298,1.61639
204,5.28575,-2.9587,0.530904
197,5.28575,-2.9587,0.530904
204,5.29665,-0.517063,1.26556
178,5.29665,-0.517063,1.26556
204,5.50485,-1.62284,-0.485143
178,5.50485,-1.62284,-0.485143
204,5.40038,-0.47323,0.582081
178,5.40038,-0.47323,0.582081
204,3.49196,-1.51312,0.925895
178,3.49196,-1.51312,0.925895
204,5.52588,-3.32909,-0.664004
178,5.52588,-3.32909,-0.664004
204,5.38986,-0.476348,0.590274
178,5.38986,-0.476348,0.590274
204,5.35647,-0.494704,0.670562
178,5.35647,-0.494704,0.670562
204,5.12977,-1.42315,0.505728
200,5.12977,-1.42315,0.505728
204,4.94459,-2.70655,-0.433022
183,4.94459,-2.70655,-0.433022
204,5.3481,-2.94373,0.0735403
181,5.3481,-2.94373,0.0735403
204,3.64377,-3.18386,0.0666191
181,3.64377,-3.18386,0.0666191
204,5.59742,-1.91104,-0.172656
181,5.59742,-1.91104,-0.172656
204,5.39045,-1.93347,-0.118773
181,5.39045,-1.93347,-0.118773
204,5.39889,-0.432168,0.452361
179,5.39889,-0.432168,0.452361
205,2.48234,-1.69936,0.946177
205,3.38469,-2.98116,0.0188049
205,3.41248,-2.99582,0.017856
205,3.48968,-1.55636,1.18126
205,3.59452,-1.60453,1.11361
205,3.57728,-2.96037,0.0478829
205,3.61476,-1.67842,1.01992
205,3.62008,-1.66376,1.01067
205,3.60071,-2.97098,0.039525
205,3.58702,-1.56613,0.948128
205,3.56255,-1.57318,0.85012
205,3.63079,-2.97598,0.0261806
205,3.62492,-1.50356,0.789542
205,3.62699,-1.50412,0.786523
205,3.64075,-1.50014,0.785039
205,3.44519,-1.37133,0.336547
205,3.46714,-1.44497,0.337643
205,3.41459,-1.16469,0.372501
205,3.46754,-1.31181,0.390957
205,3.46128,-1.36709,0.335344
205,3.43964,-1.243,0.334665
205,3.43456,-1.13863,0.37555
205,3.5358,-1.43576,0.348897
205,3.51873,-1.3397,0.358659
205,3.55319,-1.43403,0.351553
205,3.57525,-1.57574,0.226087
205,3.52856,-1.56729,0.0521723
205,3.60425,-1.71114,-0.0016408
205,3.60143,-1.43427,0.0350342
205,3.68697,-1.50385,0.170623
205,3.45837,-1.36987,-0.517002
205,3.46003,-1.25556,-0.467836
205,3.46944,-1.25149,-0.482899
205,3.4753,-1.28092,-0.499502
205,3.43983,-1.10624,-0.48355
205,3.61716,-1.59547,-0.345506
205,3.64402,-1.99542,-0.607483
205,3.85191,-1.32555,0.383595
205,3.47036,-1.08777,-0.513665
205,3.87379,-1.32435,0.372795
205,3.5926,-1.50037,-0.580149
205,3.59792,-1.49973,-0.588183
205,3.58878,-1.48823,-0.609689
205,3.69586,-1.58886,-0.419448
205,3.80625,-1.59635,-0.187012
205,4.00396,-1.26098,0.408014
205,3.79994,-1.56439,-0.479425
205,3.45252,-0.327971,-0.619357
205,3.79529,-1.43509,-0.484968
205,3.89388,-1.7497,-0.585267
205,3.90914,-1.75551,-0.585524
205,5.27717,-3.49194,1.32131
205,3.67947,0.265303,-0.529439
205,5.16193,-3.39774,0.72911
205,5.29924,-2.9211,0.70511
205,5.34566,-3.07713,0.717462
205,5.33501,-2.93157,0.688172
205,4.01117,0.400914,-0.614857
205,5.38529,-3.03261,0.712532
205,5.03365,-3.44498,-0.528063
205,5.41856,-3.10181,0.720327
205,5.30712,-3.02635,0.402815
205,5.3143,-2.94844,0.474125
205,5.30322,-2.98738,0.385901
205,4.05678,0.445749,-0.633999
205,4.05788,0.459786,-0.632662
205,5.3332,-2.63075,0.674636
205,5.33773,-2.64526,0.674598
205,5.45925,-3.11607,0.669995
205,5.0938,-3.36233,-0.514592
205,5.19412,-3.43508,-0.330677
205,5.1531,-3.38467,-0.422049
205,5.21895,-3.43925,-0.317255
205,5.17961,-3.33497,-0.381978
205,5.34741,-2.74037,0.446653
205,5.41983,-2.64728,0.684901
205,5.41438,-3.36612,0.173424
205,5.41378,-2.62863,0.668068
205,5.35951,-3.07874,0.195225
205,5.36374,-3.12241,0.139995
205,5.26771,-3.36649,-0.299451
205,5.61311,-3.24404,0.7064
205,5.43363,-1.07733,1.69108
205,5.30546,-2.73851,0.196701
205,4.18894,0.468512,-0.612731
205,5.00354,-2.6653,-0.594779
205,4.1679,0.670249,-0.568441
205,5.18283,-3.31611,-0.568704
205,5.01278,-2.68422,-0.604476
205,5.15686,-3.25672,-0.614085
205,5.01172,-2.6789,-0.616889
205,5.43298,-3.28783,0.0695506
205,5.69874,-3.34983,0.726274
205,5.96512,-3.55077,1.30316
205,5.47405,-3.31061,0.150301
205,5.47622,-1.14362,1.6255
205,5.26728,-2.73666,-0.0299885
205,5.27504,-2.70829,0.00426686
205,4.19242,0.69962,-0.578419
205,5.18119,-3.27402,-0.63839
205,5.20454,-3.3095,-0.600256
205,5.28057,-2.71606,0.00306308
205,5.25434,-0.726755,1.26581
205,5.31506,-0.514293,1.54384
205,5.4888,-3.39507,0.040099
205,4.2072,0.729048,-0.590881
205,5.51138,-3.3247,0.0674778
205,6.06595,-3.57617,1.29627
205,5.81287,-3.41419,0.725885
205,5.79702,-3.39402,0.691863
205,5.35019,-3.2396,-0.429266
205,5.83224,-3.41157,0.715037
205,5.84437,-3.42635,0.709445
205,5.31993,-0.484324,1.29772
205,4.89602,0.729392,0.953866
205,5.38636,-3.24154,-0.450429
205,5.34321,-0.498592,1.28315
205,5.412,-3.25804,-0.464362
205,5.36071,-0.44791,1.30618
205,5.2687,-2.6542,-0.453925
205,5.38664,-0.506396,1.3068
205,5.28275,-2.65071,-0.463593
205,5.32371,0.0259092,1.4201
205,5.30797,-2.65932,-0.452827
205,5.42108,-0.491002,1.31375
205,5.38654,-0.423332,1.26079
205,5.38175,-0.438858,1.22066
205,5.2574,0.0445678,1.17107
205,5.40646,-0.603864,1.12835
205,5.39902,-0.43252,1.22224
205,5.11512,1.21337,1.56591
205,5.09163,0.316629,0.849962
205,5.33386,-0.474566,0.953143
205,5.34962,-0.478377,0.947505
205,5.31758,-0.476743,0.862583
205,5.09069,0.273473,0.753752
205,5.37724,-0.488327,0.962139
205,5.10378,0.285029,0.75386
205,5.14969,0.915492,1.29431
205,5.39776,-1.27649,0.466867
205,5.29267,0.243838,1.20725
205,5.38457,-0.472386,0.943971
205,5.39865,-2.65672,-0.510161
205,5.37336,-0.484846,0.881024
205,5.3142,-0.0190532,1.03713
205,5.54534,-1.93067,0.35204
205,5.32892,0.561837,1.46533
205,5.52956,-2.13167,0.087072
205,5.31097,-0.042623,0.890809
205,5.5354,-2.12013,0.0779916
205,5.4538,-2.66702,-0.530767
205,5.50791,-1.93767,0.109786
205,5.3707,-1.26005,0.197887
205,5.54512,-2.11965,0.078681
205,5.24903,-0.0147786,0.711816
205,5.23375,-0.0311096,0.653596
205,5.31836,0.555324,1.27703
205,5.52376,-1.62419,0.342805
205,5.2437,-0.0277808,0.656191
205,5.41479,-1.25393,0.269812
205,5.41565,-1.23896,0.272258
205,5.45099,-0.448526,0.901924
205,5.79566,-2.52038,0.374195
205,5.79232,-2.51391,0.356958
205,5.35811,-0.489987,0.563826
205,5.53917,-2.11935,-0.0664606
205,5.14891,0.971352,0.940994
205,5.56362,-1.92817,0.0670038
205,5.5759,-2.11616,-0.0789855
205,5.52527,-2.02885,-0.163386
205,5.52862,-2.02289,-0.171086
205,5.50296,-1.90341,-0.159639
205,5.56441,-1.72673,0.0622041
205,5.35285,-0.412001,0.389696
205,5.60804,-2.11278,-0.0932187
205,5.50788,-1.58025,-0.00679123
205,5.25518,0.527125,0.728608
205,5.24554,-1.33617,-0.565494
205,5.29481,-0.106598,0.397385
205,5.55108,-1.5808,0.058478
205,5.57228,-2.02743,-0.189383
205,5.37366,-0.404238,0.380808
205,5.57352,-2.03112,-0.19325
205,5.13801,0.32798,0.22944
205,5.90837,-2.52235,0.352331
205,5.25739,-1.32765,-0.594609
205,5.58705,-1.69865,0.0255616
205,5.35097,-1.61858,-0.560643
205,5.39381,-0.396352,0.376323
205,5.28339,0.550812,0.712057
205,5.34084,-0.389528,0.224145
205,5.32827,-0.368384,0.197175
205,5.61393,-2.04499,-0.179763
205,5.38466,-0.534187,0.232568
205,5.33727,0.0353251,0.482149
205,5.61411,-1.71147,0.0346571
205,5.36576,-1.60087,-0.557501
205,5.31755,0.0304022,0.421327
205,5.3615,-1.59942,-0.572533
205,5.39728,-0.529013,0.238394
205,5.28733,0.569768,0.689851
205,5.08147,0.696192,0.199096
205,5.35542,0.0386057,0.477069
205,5.37507,-0.293615,0.286886
205,5.54787,-2.13066,-0.535389
205,5.6083,-1.87658,-0.205597
205,5.30009,0.554278,0.614368
205,5.41878,-0.47051,0.229449
205,5.36827,-0.405615,0.0790943
205,5.36963,-0.261764,0.179579
205,5.6051,-2.24202,-0.54253
205,5.63449,-1.57416,-0.0128726
205,5.3408,0.031245,0.274062
205,5.3528,-0.00200033,0.279059
205,5.34515,-0.00366282,0.253036
205,5.3606,0.00907683,0.29335
205,5.35184,0.0416896,0.282112
205,5.30167,0.555269,0.490689
205,5.33518,0.0361309,0.206108
205,5.64083,-2.24447,-0.554351
205,5.47509,0.254374,0.700646
205,5.64045,-2.24415,-0.557701
205,5.37805,-0.286528,0.0616369
205,5.64309,-2.24468,-0.564643
205,5.30756,0.0427711,0.0900583
205,5.28459,0.0471845,0.0198528
205,5.38632,-0.286707,0.0650929
205,5.21603,1.00233,0.474071
205,5.26718,0.063343,-0.0339082
205,5.32747,0.0261631,0.0669019
205,5.32398,0.0260792,0.0487278
205,5.31804,0.0244911,0.0313319
205,5.29957,0.00938463,-0.0429897
205,5.27915,0.0264776,-0.102173
205,5.31371,0.0197172,-0.044204
205,5.41141,0.0807142,0.230332
205,5.38192,-0.265325,-0.109202
205,5.3189,-0.0314536,-0.119462
205,5.32272,0.0179086,-0.0759728
205,5.76758,-2.42932,-0.557179
205,5.31894,-0.0210142,-0.120389
205,5.27128,0.489035,0.0896579
205,5.43842,-0.244986,0.0372148
205,5.33653,0.108391,-0.0458176
205,5.27399,0.0803351,-0.243242
205,5.2803,0.066268,-0.237319
205,5.33758,0.0713248,-0.113809
205,5.32906,-0.0418139,-0.229556
205,5.29522,0.0854723,-0.271202
205,5.35001,0.0143287,-0.193053
205,5.23514,0.426035,-0.358221
205,5.22268,0.447485,-0.385275
205,5.20555,1.63968,0.349203
205,5.35973,0.585769,-0.0337557
205,5.91386,-2.42252,-0.605224
205,5.39581,1.15977,0.423593
205,5.38773,0.621023,-0.0298851
205,5.28778,0.482132,-0.408444
205,5.44764,0.250437,-0.164484
205,5.46136,0.303769,-0.17338
205,5.38289,0.632631,-0.433961
205,5.43406,0.668644,-0.453464
205,5.53169,0.338262,-0.618243
205,5.41292,0.965608,-0.58758
205,5.50124,1.31327,-0.130523
205,5.29188,1.99788,-0.599132
205,3.89335,-1.50997,1.28468
204,3.89335,-1.50997,1.28468
205,3.73302,-1.69834,1.21179
204,3.73302,-1.69834,1.21179
205,5.65273,-1.58829,-0.313563
204,5.65273,-1.58829,-0.313563
205,3.38497,-1.34978,0.421162
204,3.38497,-1.34978,0.421162
205,3.85953,-1.45511,-0.498857
204,3.85953,-1.45511,-0.498857
205,3.87594,-1.37939,0.44615
204,3.87594,-1.37939,0.44615
205,5.51119,-0.205157,-0.136877
204,5.51119,-0.205157,-0.136877
205,3.93937,-1.56977,-0.0518652
204,3.93937,-1.56977,-0.0518652
205,4.87889,-0.252553,1.251
204,4.87889,-0.252553,1.251
205,5.20782,-0.560422,0.116575
204,5.20782,-0.560422,0.116575
205,5.37148,-2.50216,-0.270459
204,5.37148,-2.50216,-0.270459
205,4.02173,-1.34256,-0.688051
204,4.02173,-1.34256,-0.688051
205,3.26818,-1.41224,0.487934
204,3.26818,-1.41224,0.487934
205,5.20474,0.146423,-0.0372481
204,5.20474,0.146423,-0.0372481
205,4.21314,-1.53482,1.21182
204,4.21314,-1.53482,1.21182
205,5.768,-3.44513,1.12164
204,5.768,-3.44513,1.12164
205,3.65426,-1.59287,0.921512
204,3.65426,-1.59287,0.921512
205,3.68144,-3.05028,-0.0722267
204,3.68144,-3.05028,-0.0722267
205,3.66847,-1.55988,1.22005
204,3.66847,-1.55988,1.22005
205,3.67613,-1.54269,0.00725906
204,3.67613,-1.54269,0.00725906
205,5.49275,-3.5202,1.25763
204,5.49275,-3.5202,1.25763
205,3.66996,-1.66578,0.993396
204,3.66996,-1.66578,0.993396
205,3.76276,-1.5557,0.921424
204,3.76276,-1.5557,0.921424
205,5.08165,-3.26744,0.135744
204,5.08165,-3.26744,0.135744
205,3.75041,-1.60625,1.21646
204,3.75041,-1.60625,1.21646
205,3.54843,-1.61261,1.26574
204,3.54843,-1.61261,1.26574
205,3.7715,-1.54916,0.561182
204,3.7715,-1.54916,0.561182
205,5.65806,-1.19555,0.234058
204,5.65806,-1.19555,0.234058
205,5.254,-1.09107,0.399134
204,5.254,-1.09107,0.399134
205,3.8732,-1.55076,0.759612
204,3.8732,-1.55076,0.759612
205,5.34308,-1.35019,-0.588501
204,5.34308,-1.35019,-0.588501
205,5.99995,-1.54796,0.207032
203,5.99995,-1.54796,0.207032
205,3.9061,-1.35532,0.398704
203,3.9061,-1.35532,0.398704
205,5.23624,0.392361,0.73163
203,5.23624,0.392361,0.73163
205,5.05473,-3.65184,-0.281895
203,5.05473,-3.65184,-0.281895
205,5.27646,-3.15026,0.754328
203,5.27646,-3.15026,0.754328
205,5.57633,-1.24705,0.0894328
198,5.57633,-1.24705,0.0894328
205,3.86135,-1.56017,0.714344
198,3.86135,-1.56017,0.714344
205,3.48656,-1.11458,-0.494319
198,3.48656,-1.11458,-0.494319
205,3.39425,-3.02249,-0.0111447
198,3.39425,-3.02249,-0.0111447
205,3.64652,-3.06542,0.00358201
198,3.64652,-3.06542,0.00358201
205,4.90929,-1.38983,0.494409
201,4.90929,-1.38983,0.494409
205,3.57515,-3.02371,0.0464579
201,3.57515,-3.02371,0.0464579
205,5.78162,-2.49059,-0.556052
178,5.78162,-2.49059,-0.556052
205,5.25336,-0.534325,0.677176
178,5.25336,-0.534325,0.677176
205,3.40694,-3.02778,-0.0162366
178,3.40694,-3.02778,-0.0162366
205,5.22868,0.148591,0.0895546
197,5.22868,0.148591,0.0895546
205,3.7699,-1.67816,1.1961
197,3.7699,-1.67816,1.1961
205,4.93362,-3.53416,-0.496585
200,4.93362,-3.53416,-0.496585
205,4.65095,-3.20794,-0.299078
200,4.65095,-3.20794,-0.299078
205,5.12832,-2.71775,-0.535809
179,5.12832,-2.71775,-0.535809
205,5.37262,0.0639851,0.465153
179,5.37262,0.0639851,0.465153
205,5.62568,-2.75282,-0.189138
177,5.62568,-2.75282,-0.189138
205,5.31925,-0.0347499,1.12591
196,5.31925,-0.0347499,1.12591
205,10.8758,2.81544,-2.43994
196,10.8758,2.81544,-2.43994
206,1.89698,-2.07945,1.01384
206,1.9044,-2.03912,1.04193
206,1.91124,-2.06585,1.01736
206,1.95233,-2.05609,1.07277
206,1.9953,-1.99191,1.0787
206,2.2503,-1.7441,0.921324
206,2.31565,-1.75953,1.03709
206,2.35989,-1.76521,0.995234
206,2.40886,-1.6877,0.861048
206,2.45298,-1.6541,0.851819
206,2.5457,-1.05226,0.0895053
206,2.76198,-1.36478,-0.463397
206,3.66102,-1.59045,1.11101
206,2.78311,-1.35209,-0.495118
206,2.86719,-0.57169,0.15074
206,2.80096,-1.34944,-0.50922
206,3.63993,-1.59757,0.891665
206,3.5673,-1.54966,0.762973
206,2.80587,-0.742107,-0.186775
206,3.65452,-1.59387,0.893189
206,3.57743,-1.52848,0.785434
206,3.58448,-1.50637,0.809828
206,3.7084,-1.58261,0.960746
206,3.03705,-1.9181,-0.594341
206,3.72143,-1.58098,0.959929
206,3.66103,-1.59887,0.765887
206,3.64185,-1.5695,0.718965
206,3.73646,-1.57436,0.894493
206,3.31391,-1.18862,0.32912
206,3.65201,-1.56244,0.735626
206,3.32313,-1.18471,0.323752
206,3.66326,-1.55043,0.733074
206,3.32797,-1.1857,0.322095
206,3.18713,-2.04611,-0.558462
206,3.33783,-1.17764,0.313342
206,3.33707,-1.15494,0.319715
206,3.71958,-1.57444,0.749203
206,3.13007,-1.87481,-0.666756
206,3.0062,-1.31207,-0.530306
206,3.476,-1.37258,0.345063
206,3.21745,-2.03212,-0.612333
206,3.76551,-1.59183,0.753004
206,3.00975,-1.28556,-0.549297
206,3.23386,-2.02924,-0.626934
206,3.50677,-1.356,0.314309
206,3.03446,-1.28777,-0.569127
206,3.89174,-1.57622,0.904135
206,3.61787,-2.96126,-0.589171
206,3.04722,-1.27853,-0.584333
206,3.27876,-2.00114,-0.643913
206,3.04413,-1.27257,-0.615134
206,3.87334,-1.5864,0.778799
206,2.91652,-0.594116,-0.447196
206,4.11613,-2.37019,0.660735
206,2.98249,-1.156,-0.754552
206,2.97878,-1.1523,-0.760244
206,3.20992,-1.14594,-0.309832
206,2.89975,-0.618789,-0.567464
206,2.98584,-0.557617,-0.365934
206,2.98157,-1.13586,-0.790599
206,3.18682,-1.29929,-0.521261
206,3.42605,-2.11441,-0.611429
206,3.24175,-1.13331,-0.332271
206,3.5146,-2.24019,-0.560332
206,3.64232,-1.51394,0.177637
206,3.20069,-1.28932,-0.536059
206,3.62402,-1.30467,0.274174
206,3.4192,-1.97467,-0.584469
206,3.73521,-3.01006,-0.671305
206,3.2058,-1.26638,-0.551849
206,3.01544,-1.11046,-0.836622
206,3.44672,-1.98252,-0.589981
206,3.24597,-1.07902,-0.378269
206,3.02795,-1.10017,-0.848702
206,2.8942,-0.574621,-0.774711
206,3.68937,-1.49048,0.155794
206,3.26323,-1.07361,-0.402772
206,2.89559,-0.57163,-0.782125
206,3.27048,-1.06771,-0.408273
206,3.23635,-1.25573,-0.609408
206,3.15087,-1.17873,-0.724805
206,2.90448,-0.560694,-0.794935
206,3.49888,-1.99714,-0.629269
206,3.3359,-1.12192,-0.37114
206,3.16113,-1.16648,-0.747336
206,2.93105,-0.562525,-0.791636
206,3.0216,-0.467091,-0.575954
206,3.74003,-1.4759,0.126173
206,3.37241,-1.15651,-0.426654
206,3.70327,-1.43504,0.0197982
206,3.54302,-2.00521,-0.678715
206,3.55099,-1.84129,-0.584939
206,3.02082,-0.479065,-0.702789
206,3.43157,-1.41783,-0.557373
206,3.01012,-0.45174,-0.734019
206,3.1275,-0.0879004,-0.324603
206,3.43907,-1.14767,-0.436084
206,3.04124,-0.44196,-0.740725
206,3.47248,-1.27784,-0.497754
206,3.43922,-1.15552,-0.481637
206,3.00603,0.0722637,-0.500843
206,3.26049,-0.585049,-0.496268
206,3.62569,-1.85431,-0.649559
206,3.12586,-0.0356748,-0.402541
206,3.10221,-0.3648,-0.674614
206,3.35462,-1.15957,-0.723765
206,3.55619,-1.51342,-0.572659
206,3.59563,-1.57744,-0.541058
206,3.16005,-0.0464168,-0.362121
206,3.61069,-1.75511,-0.679024
206,3.94889,-1.18446,0.366898
206,3.07838,-0.380202,-0.806884
206,3.61625,-1.75003,-0.687627
206,3.66409,-1.82783,-0.676756
206,3.1513,0.0210965,-0.441133
206,3.3883,-1.13188,-0.765639
206,3.31081,-0.47,-0.478985
206,3.16173,0.02244,-0.450697
206,3.2368,-0.258721,-0.506114
206,3.63848,-1.70604,-0.703337
206,3.68396,-1.83074,-0.699382
206,3.32952,-0.446045,-0.501746
206,3.09528,0.144096,-0.566038
206,3.12814,0.17077,-0.580989
206,3.74501,-1.43749,-0.475019
206,4.40488,-1.10904,1.03008
206,3.1223,0.327973,-0.663884
206,3.41802,-0.375868,-0.567715
206,3.40988,-0.36643,-0.583057
206,3.41128,-0.357479,-0.586214
206,3.40382,-0.133008,-0.523013
206,3.48202,-0.375534,-0.576705
206,5.09106,-3.02607,0.754332
206,3.49725,-0.35421,-0.578149
206,3.96551,-1.58777,-0.564663
206,3.9813,-1.72997,-0.651968
206,5.15398,-3.0358,0.737854
206,3.49726,-0.0476811,-0.524973
206,4.23835,-1.00685,0.272511
206,4.00638,-1.34423,-0.520784
206,3.61406,-0.291675,-0.662501
206,4.62855,-2.22779,-0.0214435
206,5.34808,-3.1726,0.737786
206,3.59519,0.150869,-0.476066
206,5.24484,-2.84574,0.718412
206,5.18258,-2.62688,0.717265
206,4.46616,-0.892719,0.443831
206,3.64738,0.467801,-0.252227
206,5.32047,-2.89095,0.71196
206,5.222,-2.61,0.692937
206,5.2492,-2.6273,0.707147
206,5.24182,-2.61307,0.699392
206,3.67781,0.257792,-0.509158
206,5.16975,-2.56185,0.469993
206,3.69798,0.0398765,-0.669283
206,3.84372,0.13994,-0.332984
206,4.56092,-0.518284,0.543657
206,4.39837,0.225242,0.685654
206,3.74824,0.413881,-0.492495
206,3.89517,0.198015,-0.356952
206,4.95358,-2.50549,-0.135462
206,5.36398,-3.01984,0.299055
206,5.01023,-3.20676,-0.541509
206,4.3368,-0.281272,0.114894
206,4.62235,-0.113928,0.783439
206,5.00645,-2.51193,-0.154731
206,5.08063,-3.27762,-0.540247
206,5.04999,-3.22788,-0.571467
206,5.05598,-3.22912,-0.566863
206,4.99799,-2.40747,-0.128114
206,3.94207,0.203895,-0.447796
206,4.62371,-0.795693,0.186748
206,5.44282,-3.03095,0.263551
206,4.9734,-2.39773,-0.22629
206,5.16157,-3.39695,-0.584012
206,5.17461,-3.40225,-0.58314
206,5.14609,-3.29399,-0.567576
206,5.07644,-2.51473,-0.177162
206,5.53953,-3.3977,0.114538
206,4.54542,0.477028,0.776725
206,5.11661,-2.56395,-0.162137
206,5.30329,-3.42122,-0.381015
206,5.51491,-3.41499,0.0303752
206,5.27264,-2.78417,-0.0225823
206,5.55393,-3.40208,0.0992833
206,4.95955,-2.66402,-0.569001
206,3.85468,0.2033,-0.797065
206,5.15263,-2.57909,-0.171536
206,5.54932,-3.42156,0.0244365
206,5.56041,-3.42948,0.0351182
206,5.05128,-1.79395,0.130921
206,5.4164,-2.76412,0.178765
206,5.27452,-3.21197,-0.411639
206,5.36936,-2.94374,-0.0500652
206,5.31593,-3.00313,-0.211257
206,4.02205,0.346513,-0.479178
206,4.41477,-0.138719,-0.0460303
206,5.01595,-2.68647,-0.597865
206,5.31248,-3.23009,-0.41175
206,4.83695,-0.719324,0.353928
206,4.74538,-0.740501,0.159446
206,5.06862,-1.65251,0.165684
206,4.05068,-1.5266,-1.74163
206,5.35833,-2.74847,-0.0548223
206,5.12094,-2.74558,-0.568564
206,5.14341,-1.80185,0.108843
206,4.4839,-0.137653,-0.0555298
206,5.39507,-2.7503,-0.0515449
206,5.43007,-2.97242,-0.186054
206,5.00009,-0.159587,0.872344
206,4.9911,-0.585027,0.455967
206,5.04256,-0.120557,0.857321
206,5.26938,-2.6586,-0.432942
206,4.81457,0.678016,0.929269
206,5.28026,-2.65378,-0.434583
206,5.46192,-3.59515,-0.745739
206,5.29574,-2.66314,-0.441979
206,5.27676,-1.74243,0.129004
206,4.88372,-1.32322,-0.397963
206,5.35218,-2.52888,-0.394762
206,4.73814,0.0868444,0.156402
206,4.16788,0.545802,-0.661178
206,4.145,0.556486,-0.719729
206,5.10258,-0.522972,0.418013
206,5.349,-1.86762,-0.0335714
206,5.30346,-1.27091,0.2552
206,4.66092,1.29394,0.683358
206,4.95316,0.269272,0.534984
206,5.01757,-0.156499,0.352251
206,4.68169,1.34865,0.709909
206,5.305,-2.1274,-0.433759
206,5.38656,-2.23566,-0.454072
206,5.2878,0.00974011,0.859867
206,5.3968,-2.23247,-0.453764
206,4.75247,1.43239,0.691931
206,5.39627,-2.18911,-0.510725
206,5.61957,-1.74371,0.20978
206,5.6233,-1.93523,0.0765369
206,5.47882,-1.58122,0.00899911
206,4.26173,0.793501,-0.764688
206,5.52695,-1.59801,0.0790575
206,5.42765,-1.28217,0.0822577
206,5.45693,-1.2809,0.130134
206,5.59205,-2.03385,-0.195785
206,5.31433,-1.64387,-0.527715
206,5.67683,-1.85399,0.0231125
206,5.53227,-1.22843,0.150996
206,5.61061,-1.57966,0.052417
206,5.30863,-1.62282,-0.570539
206,5.36494,-1.64481,-0.494867
206,5.34947,-1.61186,-0.574342
206,5.76311,-1.88513,0.037019
206,5.37352,-1.62764,-0.554798
206,5.36604,-1.62226,-0.592719
206,5.36439,-1.62331,-0.601755
206,5.70117,-2.01772,-0.219
206,5.37575,-1.59605,-0.579691
206,5.80729,-1.91435,0.0221821
206,4.36021,0.621415,-1.09984
206,5.29201,-1.3257,-0.595796
206,5.64533,-1.19798,0.140983
206,5.62679,-0.370942,0.631824
206,5.65503,-0.352852,0.638328
206,5.70072,-0.264752,0.712335
206,5.69126,-1.22117,0.0386765
206,5.82365,-1.15821,0.300472
206,5.46828,0.650337,0.826709
206,6.04435,-2.1212,-0.044991
206,4.54363,1.15083,-0.800043
206,5.60261,0.753827,0.853277
206,4.54145,2.16275,-0.316339
206,5.60217,0.753541,0.781933
206,6.23064,-2.10974,-0.0938599
206,6.23106,-2.10727,-0.270524
206,5.77263,0.946028,0.719097
206,5.6333,0.79754,0.126032
206,5.97196,1.02819,0.834056
206,6.4754,-2.106,-0.361428
206,6.01863,1.0703,0.819258
206,6.51406,0.0565965,0.90131
206,5.92286,1.02928,0.377904
206,6.61901,-2.10573,-0.392561
206,6.3908,-0.0025773,0.528737
206,6.80105,-1.99421,-0.568957
206,5.85944,2.31353,0.219784
206,6.21345,1.26328,0.0243109
206,6.19907,1.20649,-0.264393
206,7.33292,-2.06586,-0.397891
206,6.32912,1.89196,0.212716
206,6.25518,1.33869,-0.482772
206,7.35438,0.546811,0.405623
206,6.83292,1.74213,-0.613008
206,7.77656,2.50459,0.700375
206,4.92099,-0.217398,0.158545
205,4.92099,-0.217398,0.158545
206,5.19252,0.124545,0.309209
205,5.19252,0.124545,0.309209
206,5.25683,-1.32857,0.195439
205,5.25683,-1.32857,0.195439
206,4.83242,-1.7259,0.47912
205,4.83242,-1.7259,0.47912
206,5.05448,0.105711,-0.265353
205,5.05448,0.105711,-0.265353
206,4.92927,-0.293474,0.623542
205,4.92927,-0.293474,0.623542
206,3.72084,-1.62249,0.0298101
205,3.72084,-1.62249,0.0298101
206,5.45331,-0.311835,0.574059
205,5.45331,-0.311835,0.574059
206,3.99781,-1.42416,0.404897
205,3.99781,-1.42416,0.404897
206,3.74658,-1.50199,0.315396
205,3.74658,-1.50199,0.315396
206,5.35399,-1.94155,0.128097
205,5.35399,-1.94155,0.128097
206,3.68652,-1.66947,0.997392
205,3.68652,-1.66947,0.997392
206,4.34761,0.257742,-0.536811
205,4.34761,0.257742,-0.536811
206,3.38866,-0.463648,-0.487819
205,3.38866,-0.463648,-0.487819
206,5.73639,-2.38806,-0.461987
204,5.73639,-2.38806,-0.461987
206,5.25706,0.177911,0.0731451
204,5.25706,0.177911,0.0731451
206,5.3274,0.389384,0.0341721
204,5.3274,0.389384,0.0341721
206,5.50252,-2.05404,-0.0685383
204,5.50252,-2.05404,-0.0685383
206,5.53859,-2.08395,0.243207
204,5.53859,-2.08395,0.243207
206,5.65944,-2.49667,0.39689
204,5.65944,-2.49667,0.39689
206,5.81838,-2.50717,0.359463
204,5.81838,-2.50717,0.359463
206,6.25196,-2.49555,-0.702356
198,6.25196,-2.49555,-0.702356
206,3.08747,-1.78947,-0.628593
198,3.08747,-1.78947,-0.628593
206,5.54938,-1.95275,0.0684502
198,5.54938,-1.95275,0.0684502
206,5.64476,-1.89039,-0.198298
198,5.64476,-1.89039,-0.198298
206,3.47267,-1.13644,-0.517499
178,3.47267,-1.13644,-0.517499
206,5.66857,-1.90024,0.207778
178,5.66857,-1.90024,0.207778
206,5.67161,-2.03012,-0.115055
178,5.67161,-2.03012,-0.115055
206,5.17637,0.457851,0.0369767
178,5.17637,0.457851,0.0369767
206,3.44893,-2.13467,-0.651874
178,3.44893,-2.13467,-0.651874
206,4.23047,0.48361,-0.632319
178,4.23047,0.48361,-0.632319
206,5.79651,-2.04162,-0.655967
178,5.79651,-2.04162,-0.655967
206,5.62903,-1.90413,0.330329
178,5.62903,-1.90413,0.330329
206,5.46263,-3.11228,0.709668
178,5.46263,-3.11228,0.709668
206,5.56966,-1.61388,-0.24577
179,5.56966,-1.61388,-0.24577
206,6.05771,-2.42663,-0.0592077
179,6.05771,-2.42663,-0.0592077
206,4.83975,-2.58898,-0.626899
179,4.83975,-2.58898,-0.626899
206,3.04965,-1.51275,-0.632211
179,3.04965,-1.51275,-0.632211
206,3.56344,-2.21308,-0.57929
191,3.56344,-2.21308,-0.57929
206,5.89584,-2.37954,-0.45871
191,5.89584,-2.37954,-0.45871
206,5.63734,-2.47079,-0.482768
191,5.63734,-2.47079,-0.482768
206,5.41257,-1.63751,-0.499546
191,5.41257,-1.63751,-0.499546
206,5.34564,-3.41917,-0.5041
191,5.34564,-3.41917,-0.5041
206,5.54737,-1.91433,0.332263
191,5.54737,-1.91433,0.332263
206,3.46399,-1.36299,0.392947
191,3.46399,-1.36299,0.392947
206,3.41857,-2.11233,-0.622042
191,3.41857,-2.11233,-0.622042
206,5.28065,-2.59094,0.540906
200,5.28065,-2.59094,0.540906
206,3.34882,-1.28707,0.369119
200,3.34882,-1.28707,0.369119
206,5.93914,-2.5024,0.339528
200,5.93914,-2.5024,0.339528
206,3.52545,-1.77714,-0.609811
180,3.52545,-1.77714,-0.609811
206,3.05432,-1.48555,-0.64946
180,3.05432,-1.48555,-0.64946
206,5.64678,-1.7454,0.209088
180,5.64678,-1.7454,0.209088
206,5.49958,-1.62099,-0.475379
180,5.49958,-1.62099,-0.475379
206,6.68752,-2.48946,-0.916001
181,6.68752,-2.48946,-0.916001
206,5.33627,-2.72182,-0.0683112
181,5.33627,-2.72182,-0.0683112
206,3.78937,-1.49534,-0.0849577
181,3.78937,-1.49534,-0.0849577
206,6.0425,0.601819,-0.634068
181,6.0425,0.601819,-0.634068
206,6.22671,-2.54455,-0.600386
181,6.22671,-2.54455,-0.600386
206,5.34104,-2.85215,0.418156
181,5.34104,-2.85215,0.418156
207,1.7108,-2.11442,0.771006
207,1.90778,-2.16302,0.89529
207,1.87496,-1.99281,0.929335
207,2.96188,-1.61547,0.767374
207,2.72977,-2.05672,-0.359426
207,2.20865,-0.833821,-0.492033
207,2.40557,-1.19083,-0.595573
207,2.46476,-1.29389,-0.634576
207,2.48917,-1.31901,-0.619004
207,2.49027,-1.3159,-0.619162
207,2.49121,-1.31844,-0.620436
207,2.253,-0.836477,-0.618518
207,2.57487,-1.44308,-0.59142
207,2.47029,-1.29217,-0.64193
207,2.57801,-1.43974,-0.594991
207,2.59624,-1.53611,-0.649873
207,2.61949,-1.56061,-0.637964
207,2.58216,-1.43805,-0.604741
207,2.58115,-1.43384,-0.607166
207,2.40896,-1.14652,-0.656743
207,2.4151,-1.14094,-0.667068
207,2.54103,-1.27209,-0.608506
207,2.66996,-1.45229,-0.560001
207,2.73888,-1.68648,-0.644904
207,2.54462,-1.25953,-0.618258
207,2.67521,-1.50473,-0.610495
207,2.67596,-1.49164,-0.606889
207,2.76123,-1.67593,-0.620022
207,2.75321,-1.66367,-0.631407
207,2.68432,-1.50217,-0.614193
207,2.75493,-1.66186,-0.631895
207,2.75671,-1.65571,-0.634207
207,2.69151,-1.44402,-0.572974
207,2.6854,-1.49465,-0.629852
207,2.66701,-1.47125,-0.644148
207,2.67064,-1.46787,-0.644553
207,2.18914,-0.514833,-0.656771
207,2.76866,-1.65109,-0.64748
207,2.63902,-1.30925,-0.584184
207,2.67611,-1.46352,-0.655715
207,2.70322,-1.43,-0.584114
207,2.70239,-1.43587,-0.594193
207,2.88862,-1.82044,-0.608957
207,2.52148,-1.05218,-0.58782
207,2.17974,-0.479978,-0.685116
207,2.8895,-1.81705,-0.623816
207,2.89869,-1.81733,-0.611015
207,2.65308,-1.31063,-0.598274
207,2.60559,-1.28503,-0.655143
207,2.65744,-1.31373,-0.597538
207,2.52676,-1.04679,-0.594281
207,2.60346,-1.19538,-0.606325
207,2.65754,-1.29841,-0.608048
207,2.66411,-1.30505,-0.603619
207,2.6404,-1.27693,-0.61962
207,2.6077,-1.2063,-0.616619
207,2.62193,-1.21543,-0.605014
207,2.76263,-1.53823,-0.641017
207,2.60869,-1.19926,-0.614433
207,2.60762,-1.20443,-0.621021
207,2.75535,-1.52624,-0.650676
207,2.75948,-1.52818,-0.64876
207,2.76591,-1.53904,-0.648666
207,2.76718,-1.53846,-0.651529
207,2.6719,-1.28239,-0.598254
207,2.61263,-1.20701,-0.636566
207,2.61607,-1.19605,-0.623814
207,2.63328,-1.20707,-0.609803
207,2.90994,-1.77642,-0.627959
207,2.63886,-1.21361,-0.611994
207,2.53998,-1.02548,-0.619782
207,2.67721,-1.28058,-0.605536
207,2.64124,-1.21404,-0.617061
207,2.6241,-1.19255,-0.628464
207,2.62361,-1.19019,-0.629172
207,2.91974,-1.77344,-0.632841
207,2.64816,-1.20966,-0.624811
207,2.92483,-1.76743,-0.640535
207,2.92498,-1.77539,-0.65051
207,2.65987,-1.15259,-0.579829
207,2.93056,-1.76822,-0.647339
207,2.55174,-0.999911,-0.638635
207,2.55252,-0.980974,-0.66455
207,2.97428,-1.64264,-0.544005
207,3.0701,-1.91512,-0.619875
207,3.0718,-1.89669,-0.609544
207,2.99203,-1.67843,-0.561071
207,2.56242,-0.962514,-0.680918
207,2.56291,-0.958871,-0.679418
207,2.53387,-0.802122,-0.631775
207,3.08394,-1.89093,-0.63482
207,2.69986,-1.11439,-0.628795
207,2.70124,-1.11068,-0.642437
207,2.70372,-1.10922,-0.639108
207,2.84072,-1.3124,-0.587593
207,2.84629,-1.30322,-0.582222
207,3.46041,-1.37141,0.348263
207,3.64775,-1.53174,0.479391
207,2.66209,-0.87478,-0.60937
207,2.87172,-1.26391,-0.630161
207,2.67865,-0.854396,-0.628232
207,2.68162,-0.840575,-0.642503
207,3.26624,-1.99121,-0.63407
207,2.88657,-1.21963,-0.654567
207,3.55979,-1.33685,0.307574
207,3.5911,-1.56077,0.168885
207,3.41608,-2.13604,-0.625588
207,2.71977,-0.798401,-0.681559
207,2.70813,-0.788083,-0.693287
207,3.09125,-1.48057,-0.678603
207,3.43169,-1.31676,0.000916183
207,3.4374,-1.10032,0.17494
207,3.43507,-1.32115,-0.0105069
207,3.56467,-1.45993,0.0687183
207,3.48966,-1.36813,0.0132727
207,2.52172,-0.101985,-0.530403
207,2.44597,-0.46616,-0.955676
207,3.45296,-1.09341,0.172717
207,2.51651,-0.0687537,-0.535742
207,3.58029,-1.45896,0.0602739
207,3.45888,-1.08031,0.167203
207,2.53176,-0.0920646,-0.536002
207,2.52686,-0.0920551,-0.545784
207,3.57477,-2.22536,-0.618322
207,2.55735,-0.170818,-0.620651
207,3.58691,-2.22147,-0.629322
207,2.55688,-0.159226,-0.628809
207,3.69016,-1.68722,-0.0399553
207,3.84412,-1.44769,0.399486
207,3.61522,-2.23268,-0.635727
207,2.84446,-0.66787,-0.670058
207,2.88942,-0.630711,-0.567856
207,3.68022,-1.45127,0.0490884
207,3.53261,-1.9856,-0.632138
207,2.52156,0.0578067,-0.611504
207,3.53276,-1.03069,0.144308
207,2.51323,0.0786672,-0.63415
207,2.52002,0.0770738,-0.628779
207,2.90446,-0.612882,-0.584953
207,2.64668,-0.154624,-0.668204
207,2.65564,-0.155115,-0.65814
207,2.64758,-0.128513,-0.679434
207,2.66142,-0.144447,-0.677258
207,3.22908,-1.42711,-0.820435
207,3.92632,-1.33105,0.374628
207,2.9411,-0.568206,-0.623751
207,3.59998,-1.83677,-0.628187
207,3.60421,-1.56107,-0.397368
207,3.42015,-1.16064,-0.404124
207,3.78528,-1.03343,0.28833
207,3.56965,-1.59614,-0.531615
207,3.45464,-1.41259,-0.570362
207,2.95573,-0.525914,-0.659412
207,3.40917,-1.16637,-0.450725
207,3.9365,-1.2012,0.374479
207,3.63668,-1.84372,-0.645922
207,3.45945,-1.25257,-0.465295
207,3.53795,-1.51061,-0.56681
207,3.42342,-1.33758,-0.615141
207,3.40131,-1.10188,-0.462488
207,3.3792,-1.04552,-0.455236
207,3.02541,-0.48695,-0.57473
207,3.3891,-1.03784,-0.467824
207,2.61218,0.406807,-0.642033
207,2.65092,0.354168,-0.625277
207,2.66993,0.339411,-0.632745
207,2.63572,0.391504,-0.652434
207,4.04764,-1.13504,0.350641
207,3.27252,-0.593542,-0.539755
207,2.80342,0.31006,-0.598863
207,3.20411,-0.762773,-0.855453
207,3.30103,-0.596788,-0.576877
207,3.7682,-1.43524,-0.502877
207,3.77427,-1.421,-0.510316
207,2.77845,0.36211,-0.678351
207,3.22129,-0.747839,-0.869532
207,2.79969,0.383684,-0.659151
207,2.88052,0.293954,-0.625517
207,3.94129,-1.76246,-0.608895
207,3.94875,-1.74763,-0.603142
207,3.94717,-1.74233,-0.60676
207,3.19707,-0.259463,-0.625868
207,2.90293,0.339348,-0.656161
207,3.28088,-0.698193,-0.929651
207,3.28377,-0.189243,-0.561902
207,5.29018,-2.61784,0.680624
207,3.2987,-0.185146,-0.577623
207,3.07366,0.163376,-0.662873
207,3.41171,-0.361731,-0.583315
207,3.0861,0.187902,-0.681423
207,3.26985,0.120588,-0.484174
207,3.23622,0.136903,-0.535693
207,3.10512,0.200264,-0.699596
207,3.33208,-0.138078,-0.609175
207,5.21808,-2.83109,0.231174
207,3.08023,0.492955,-0.6249
207,3.08165,0.509002,-0.616274
207,3.1069,0.467088,-0.61735
207,3.15368,0.269528,-0.754838
207,3.18691,0.451298,-0.574769
207,3.56628,-0.311807,-0.631505
207,3.20002,0.469829,-0.591639
207,3.17954,0.285188,-0.778046
207,3.2338,0.45707,-0.626196
207,5.38241,-2.4721,0.42747
207,5.40684,-2.46915,0.423787
207,3.28464,0.461611,-0.653629
207,3.58169,0.019361,-0.573346
207,3.30864,0.510749,-0.618597
207,3.3057,0.525487,-0.632034
207,5.31837,-2.73302,-0.0314031
207,4.63295,-1.62034,-0.296214
207,3.15274,0.806759,-0.75538
207,3.62547,0.0808198,-0.60469
207,3.62532,0.114898,-0.613009
207,5.06924,-2.67468,-0.615893
207,3.73483,-0.0176375,-0.642571
207,5.10419,-2.70867,-0.634572
207,3.13353,1.10465,-0.771911
207,3.69386,0.221387,-0.596323
207,3.69674,0.239962,-0.592478
207,5.26987,-2.64261,-0.445218
207,5.29755,-2.63912,-0.45289
207,5.03546,-1.11566,0.36078
207,5.35475,-2.65695,-0.481963
207,4.32749,0.112988,0.0715812
207,3.80124,0.654468,-0.364638
207,3.92588,0.72318,-0.12526
207,4.49606,0.585892,0.667892
207,4.56452,0.279116,0.511683
207,4.97988,-0.699864,0.297274
207,3.96103,0.146038,-0.69188
207,4.90632,-0.308997,0.45252
207,3.84714,0.555475,-0.577874
207,3.95238,0.201705,-0.699129
207,5.50711,-2.54497,-0.467176
207,5.67823,-1.91347,0.30811
207,4.58633,0.325228,0.356042
207,4.28021,0.645536,0.10832
207,3.43753,1.52001,-0.573554
207,4.00569,0.204727,-0.734828
207,5.47332,-1.71341,0.0632184
207,5.23174,-0.581317,0.590712
207,3.9471,0.551699,-0.581745
207,5.73388,-1.91111,0.304256
207,5.41492,-1.59834,0.032088
207,5.73314,-1.89774,0.300494
207,5.52275,-1.92578,-0.157529
207,5.60471,-1.85433,0.0323409
207,5.47222,-2.2403,-0.500981
207,4.15729,0.326956,-0.543771
207,4.04101,0.391293,-0.69429
207,5.339,-2.33007,-0.812667
207,5.36768,-2.33746,-0.835737
207,5.2798,-0.473205,0.543902
207,5.4004,-1.28108,0.0638974
207,5.50414,-1.58664,-0.0182427
207,5.67246,-1.83181,0.0509561
207,5.56236,-1.58162,0.0681871
207,4.10129,0.605901,-0.525232
207,5.49409,-2.19647,-0.565966
207,5.43549,-0.686178,0.571445
207,5.64887,-2.02881,-0.18533
207,5.46876,-1.2742,0.13367
207,5.75533,-1.91384,0.0403339
207,5.59426,-1.57702,0.0512326
207,5.41799,-0.467126,0.663699
207,5.65735,-1.69895,0.0324598
207,5.04147,-0.11934,0.316145
207,3.59373,1.5951,-0.651429
207,5.59398,-1.71164,-0.0990263
207,5.58244,-1.58355,-0.0329212
207,5.54092,-2.11386,-0.546878
207,4.12781,0.548545,-0.671591
207,4.68418,-0.0207801,-0.237116
207,5.07076,-0.107636,0.315297
207,5.80622,-1.59164,0.292488
207,5.54516,-1.20865,0.170069
207,5.47643,-0.442453,0.654946
207,5.64321,-1.7066,-0.111667
207,5.82866,-1.58171,0.284573
207,5.49217,-2.33657,-0.886353
207,6.00201,-2.07226,0.153797
207,4.61102,1.00445,0.401309
207,5.54027,-0.639249,0.5613
207,5.34427,-1.63289,-0.584963
207,5.62605,-1.21922,0.209196
207,5.56129,-0.633201,0.560947
207,4.20321,0.675165,-0.652669
207,5.79752,-1.68773,0.00613958
207,6.09234,-2.065,0.139273
207,3.78088,1.65194,-0.641853
207,6.03646,-2.10757,-0.0453092
207,5.66251,-1.60736,-0.274846
207,5.67637,-1.60967,-0.278346
207,5.50063,-1.60335,-0.634194
207,5.27409,-0.00413585,0.307844
207,5.7323,-2.04363,-0.631471
207,6.02149,-1.54695,0.227829
207,5.96626,-2.00198,-0.289066
207,4.4638,2.10229,0.621401
207,3.71138,1.95247,-0.743593
207,5.50867,-0.350578,0.300019
207,4.85745,0.758666,0.107634
207,4.52425,2.20817,0.610512
207,5.66344,-0.205061,0.437487
207,5.28545,0.54667,0.274604
207,6.4812,-2.05818,0.067729
207,4.70567,0.55547,-0.73977
207,4.81034,0.769283,-0.43018
207,5.84451,-0.068131,0.504949
207,5.38995,0.625171,0.259316
207,4.86377,0.821543,-0.448477
207,5.39263,1.19149,0.644786
207,5.43336,0.673985,0.231774
207,4.87954,0.717977,-0.827875
207,5.33076,2.01631,0.542057
207,4.64643,2.36123,-0.400391
207,5.60822,1.2858,0.27234
207,5.79664,1.02741,0.310933
207,5.40586,2.08017,0.520562
207,5.80327,1.03826,0.295655
207,5.87094,1.55483,0.373946
207,6.01951,1.10413,0.091372
207,5.71142,1.44221,-0.135514
207,5.44873,2.07639,-0.178125
207,5.61106,1.36079,-0.603544
207,5.50414,2.1578,-0.195046
207,5.69926,1.44605,-0.645651
207,5.96576,1.58545,-0.112724
207,5.94656,1.76152,-0.376059
207,5.61552,2.20754,-0.794942
207,6.24931,1.94797,0.0091427
207,6.00415,1.70038,-0.650814
207,5.66761,2.23745,-0.808965
207,6.1958,1.28373,-0.767006
207,5.95247,1.91414,-0.803211
207,6.35216,1.5543,-0.94232
207,6.44968,1.27834,-1.0264
207,6.91603,1.6108,-1.21461
207,4.67034,0.430425,0.50754
206,4.67034,0.430425,0.50754
207,5.17241,0.528052,-0.331673
206,5.17241,0.528052,-0.331673
207,5.28348,-0.112022,0.395846
206,5.28348,-0.112022,0.395846
207,5.57252,-2.61625,-0.328256
206,5.57252,-2.61625,-0.328256
207,5.19797,-2.71637,0.463855
206,5.19797,-2.71637,0.463855
207,5.32141,-2.57617,0.443356
206,5.32141,-2.57617,0.443356
207,5.78373,-2.23601,-0.61672
206,5.78373,-2.23601,-0.61672
207,4.78214,-1.42381,0.249496
206,4.78214,-1.42381,0.249496
207,6.14023,-1.496,-0.127324
206,6.14023,-1.496,-0.127324
207,2.75695,-1.61603,0.795049
205,2.75695,-1.61603,0.795049
207,3.95648,-1.49745,0.685111
205,3.95648,-1.49745,0.685111
207,3.60495,-2.20237,-0.632812
198,3.60495,-2.20237,-0.632812
207,5.5663,-1.89545,-0.094153
198,5.5663,-1.89545,-0.094153
207,5.56025,-1.84477,0.0633077
198,5.56025,-1.84477,0.0633077
207,3.22288,-1.16912,-0.351213
178,3.22288,-1.16912,-0.351213
207,5.24845,-2.64811,0.152294
178,5.24845,-2.64811,0.152294
207,4.00372,-1.80584,-0.600612
179,4.00372,-1.80584,-0.600612
207,3.45729,-1.29449,-0.150276
179,3.45729,-1.29449,-0.150276
207,3.47073,-1.39456,0.15
179,3.47073,-1.39456,0.15
207,3.43562,-1.43798,-0.545301
179,3.43562,-1.43798,-0.545301
207,3.48644,-1.13649,0.351818
167,3.48644,-1.13649,0.351818
207,4.44872,1.28901,-0.622484
167,4.44872,1.28901,-0.622484
207,3.70617,0.224521,-0.499635
167,3.70617,0.224521,-0.499635
207,3.54888,0.275076,-0.601418
167,3.54888,0.275076,-0.601418
207,3.44213,-1.15725,0.363248
167,3.44213,-1.15725,0.363248
207,3.15789,0.394282,-0.537998
167,3.15789,0.394282,-0.537998
207,3.05752,1.20187,-0.749296
167,3.05752,1.20187,-0.749296
207,5.73536,-0.37748,0.168409
168,5.73536,-0.37748,0.168409
207,3.3299,-0.579644,-0.475218
200,3.3299,-0.579644,-0.475218
208,1.90358,-1.91225,0.783558
208,2.09453,-1.77511,0.732842
208,2.34404,-1.65488,0.668482
208,2.34638,-1.65432,0.666844
208,2.34825,-1.65261,0.665308
208,3.23297,-1.62243,0.673659
208,2.21518,-0.812886,-0.515305
208,3.56361,-1.60104,0.719777
208,3.5623,-1.55079,0.744035
208,3.57726,-1.52903,0.770349
208,2.2029,-0.777588,-0.603313
208,3.59427,-1.52494,0.769468
208,2.70904,-1.42537,-0.583394
208,2.23628,-0.80809,-0.650466
208,2.7156,-1.4211,-0.592505
208,3.06212,-1.92063,-0.632023
208,2.66322,-1.31057,-0.629288
208,2.73721,-1.19345,-0.380881
208,2.66489,-1.30945,-0.630491
208,2.66413,-1.30764,-0.630847
208,3.08223,-1.87954,-0.617086
208,2.1681,-0.576242,-0.606617
208,2.67736,-1.26337,-0.572658
208,2.52516,-1.04723,-0.595825
208,2.68395,-1.25561,-0.578372
208,2.52552,-1.04935,-0.599678
208,2.6965,-1.25552,-0.594726
208,2.69841,-1.25419,-0.596127
208,3.23465,-2.04128,-0.64002
208,2.57084,-1.11017,-0.655759
208,3.23632,-2.03526,-0.639404
208,2.57181,-1.10458,-0.681192
208,2.57921,-1.10362,-0.67032
208,2.18367,-0.460014,-0.700448
208,2.85014,-1.30247,-0.611927
208,2.69904,-1.10651,-0.634226
208,2.69341,-1.09963,-0.641276
208,3.49275,-1.36727,0.32742
208,2.84168,-1.24343,-0.594592
208,3.43938,-2.13369,-0.658149
208,2.1144,-0.197349,-0.606942
208,2.53575,-0.779049,-0.60955
208,2.64764,-0.892618,-0.596796
208,2.86683,-1.22735,-0.628567
208,2.04705,-0.0962642,-0.66419
208,2.54291,-0.784258,-0.656446
208,3.59151,-2.24409,-0.645263
208,3.61765,-1.70555,-0.00323397
208,2.11179,-0.145777,-0.647826
208,2.05777,-0.0779415,-0.67141
208,2.56435,-0.746095,-0.647348
208,3.49263,-1.21798,0.297488
208,3.63894,-1.69952,-0.0128342
208,2.10978,-0.116974,-0.669727
208,2.67028,-0.839166,-0.62695
208,3.55333,-1.46249,0.062035
208,3.56494,-1.46318,0.0664643
208,2.57078,-0.746798,-0.718128
208,3.50838,-1.99635,-0.633708
208,3.50708,-1.98519,-0.623544
208,3.50965,-1.99378,-0.638093
208,2.587,-0.729092,-0.717414
208,3.05865,-1.27706,-0.627236
208,3.0648,-1.2678,-0.624716
208,3.07227,-1.25574,-0.621803
208,3.0778,-1.25704,-0.634325
208,3.08087,-1.2245,-0.616062
208,3.46012,-1.74148,-0.607212
208,2.77422,-0.757342,-0.595536
208,2.15204,0.00927997,-0.769011
208,3.5524,-1.83664,-0.620182
208,2.7882,-0.73893,-0.608565
208,3.86656,-1.6977,0.00694734
208,2.80025,-0.719641,-0.625361
208,3.88834,-1.69247,0.00124532
208,3.2127,-1.24991,-0.577745
208,3.77355,-1.452,0.0877355
208,3.78051,-1.45703,0.0836253
208,3.78917,-1.45012,0.0816015
208,3.9045,-1.68705,-0.00267762
208,3.60872,-1.81476,-0.62094
208,3.80449,-1.44739,0.0759261
208,3.58035,-1.76596,-0.672595
208,3.63903,-1.8172,-0.650253
208,3.94677,-1.32447,0.379012
208,2.53334,-0.178176,-0.604554
208,3.97028,-1.3283,0.362298
208,2.53778,-0.170972,-0.617375
208,2.53893,-0.166495,-0.618445
208,3.45775,-1.41708,-0.570266
208,3.42747,-1.27444,-0.458071
208,2.83938,-0.638359,-0.696092
208,2.55633,-0.181124,-0.651358
208,2.55784,-0.178762,-0.651937
208,3.6807,-1.58854,-0.455486
208,3.4494,-1.29043,-0.493405
208,3.48114,-1.41667,-0.589876
208,3.41784,-1.15896,-0.428845
208,3.47404,-1.28297,-0.49554
208,3.4227,-1.18248,-0.482841
208,3.4849,-1.28524,-0.500568
208,2.95078,-0.533704,-0.511652
208,3.59612,-1.51789,-0.615974
208,3.60017,-1.50874,-0.604697
208,2.57136,-0.0236828,-0.60366
208,2.94164,-0.574142,-0.637503
208,3.9927,-1.16959,0.358371
208,2.48591,0.0730846,-0.65829
208,2.97848,-0.508615,-0.535086
208,3.68991,-0.979963,0.0500888
208,3.53627,-1.00238,-0.225068
208,2.48257,0.101561,-0.689651
208,2.6604,-0.136263,-0.690888
208,4.064,-1.14395,0.381891
208,2.49856,0.115448,-0.706099
208,2.46904,0.184053,-0.677599
208,2.48088,0.177787,-0.680752
208,2.47673,0.195508,-0.680543
208,2.48614,0.190433,-0.673695
208,2.96991,-0.493555,-0.684063
208,4.09691,-1.13729,0.381634
208,2.4884,0.219092,-0.698415
208,3.93661,-1.74953,-0.613739
208,2.98689,-0.474902,-0.70456
208,3.94069,-1.73935,-0.616536
208,3.04674,-0.45934,-0.606284
208,3.79518,-1.40386,-0.52243
208,3.82909,-1.39143,-0.530648
208,2.36297,0.58093,-0.676123
208,2.49452,0.476298,-0.588356
208,2.46261,0.507687,-0.641319
208,3.08441,-0.380622,-0.652958
208,2.36286,0.602165,-0.696791
208,2.45988,0.507078,-0.651515
208,3.2978,-0.581105,-0.565598
208,2.39141,0.61909,-0.667672
208,2.62808,0.407631,-0.615739
208,2.65409,0.389771,-0.611606
208,2.4158,0.658438,-0.697294
208,2.40336,0.764763,-0.615009
208,2.40315,0.762057,-0.618652
208,2.40487,0.774531,-0.616689
208,3.4938,-0.768711,-0.65675
208,3.2493,-0.240135,-0.539328
208,2.43137,0.747788,-0.730352
208,2.76365,0.364015,-0.676571
208,2.55757,0.64394,-0.700989
208,2.87843,0.300276,-0.682323
208,3.4242,-0.347746,-0.595065
208,2.91627,0.368959,-0.664829
208,2.89801,0.35368,-0.718555
208,3.10552,0.247613,-0.625937
208,3.40016,-0.0981414,-0.557827
208,3.40682,-0.0909805,-0.565263
208,3.08339,0.35298,-0.630323
208,2.64247,0.999474,-0.610057
208,3.38306,0.0945611,-0.478428
208,3.18821,0.240977,-0.63439
208,3.45871,-0.0669575,-0.58001
208,2.67649,1.01893,-0.631172
208,2.71487,1.07667,-0.531743
208,2.68501,1.04637,-0.650566
208,3.10535,0.475193,-0.630162
208,3.18264,0.516917,-0.620976
208,3.52064,0.170687,-0.508853
208,3.24448,0.461147,-0.623727
208,2.78605,1.17207,-0.559716
208,3.19822,0.551573,-0.644552
208,3.21369,0.56238,-0.648174
208,3.2821,0.469859,-0.656034
208,5.06577,-1.07743,0.431581
208,2.83252,1.20201,-0.561017
208,3.68519,-0.0267117,-0.632052
208,3.79488,-0.154101,-0.615227
208,2.87039,1.25978,-0.536265
208,3.06251,0.851413,-0.706479
208,3.1644,0.795168,-0.699543
208,3.16522,0.796623,-0.70036
208,3.77636,-0.0181749,-0.668519
208,3.85153,-0.108512,-0.652738
208,5.4504,-2.23113,-0.510087
208,5.58719,-1.92357,0.0506701
208,3.73534,0.136825,-0.617078
208,3.80146,0.0150821,-0.682983
208,5.50296,-2.23062,-0.510172
208,3.75428,0.155473,-0.626172
208,3.81245,0.0197995,-0.703367
208,5.60247,-2.03842,-0.195654
208,5.60292,-2.03388,-0.20403
208,5.28061,-1.02847,0.406441
208,5.54069,-1.70363,0.0526994
208,3.55334,1.01151,-0.0621547
208,5.61879,-2.01928,-0.197907
208,5.63398,-2.02835,-0.199876
208,5.6855,-1.86505,0.0639625
208,5.49813,-2.11139,-0.521707
208,5.1355,-0.573301,0.603673
208,5.59605,-1.70689,0.0444382
208,5.59388,-1.68904,0.0493131
208,5.69206,-1.83772,0.0249605
208,5.88418,-2.11092,-0.00578845
208,5.17145,-0.553896,0.60737
208,3.70805,0.589281,-0.442447
208,5.27386,-0.512696,0.672164
208,3.98279,0.275438,-0.501416
208,3.98851,0.270858,-0.506041
208,5.11415,-0.637825,0.254614
208,5.11625,-0.634923,0.257002
208,5.18722,-0.5232,0.461541
208,4.03488,0.269161,-0.505167
208,4.7827,-0.312669,0.0274072
208,3.08091,1.42434,-0.749504
208,3.85599,0.682754,-0.401791
208,5.34731,-1.596,-0.621591
208,4.13344,0.25251,-0.497452
208,3.29026,2.08065,0.193472
208,5.43576,-1.66096,-0.608827
208,4.6837,0.591604,0.674121
208,5.09144,-0.0933219,0.500733
208,3.28289,1.54714,-0.540054
208,5.48302,-0.436383,0.654737
208,4.74575,0.658346,0.679747
208,4.79856,0.0250251,0.0294203
208,4.41487,0.829723,0.314015
208,5.1661,-0.0470934,0.476001
208,5.78789,-1.18058,0.159655
208,4.11239,0.51866,-0.663192
208,5.23003,-0.121785,0.390024
208,6.20076,-1.72251,0.108046
208,5.48869,-0.255318,0.534575
208,5.11141,-0.154269,-0.0784469
208,5.55361,-0.228438,0.512963
208,5.25602,-0.00271988,0.29248
208,4.15221,0.865787,-0.581316
208,3.69018,2.57366,0.555003
208,5.81709,-0.283709,0.612808
208,5.58267,-0.231434,0.217524
208,5.05867,0.916472,0.663995
208,5.15139,0.0229073,-0.207827
208,3.74445,1.63456,-0.640906
208,5.41122,0.0658765,0.202064
208,5.25303,0.519812,0.45897
208,3.94653,1.51584,-0.619151
208,5.34747,0.590499,0.447858
208,5.48254,0.685181,0.693508
208,5.4346,0.124649,-0.115267
208,6.84779,-1.66817,0.0156558
208,5.26513,0.560076,-0.169124
208,4.49345,1.60617,-0.412921
208,4.37963,1.93585,-0.276378
208,5.39182,1.26048,0.558424
208,4.63046,2.36512,0.585171
208,4.23193,1.83461,-0.742705
208,5.58532,0.774582,0.192555
208,5.70841,0.421224,-0.341067
208,5.60511,1.32862,0.413075
208,5.58951,0.840958,-0.206012
208,4.53049,3.14465,0.595225
208,4.59637,2.1798,-0.413337
208,4.55807,3.19183,0.595506
208,5.60479,0.77388,-0.493929
208,4.55164,3.21777,0.568309
208,4.63211,2.23721,-0.424467
208,5.28151,1.89025,0.00369567
208,5.46345,1.21571,-0.492738
208,5.72394,1.42884,0.0729208
208,5.34999,1.9469,-0.010601
208,5.30742,2.19949,0.135867
208,5.67913,1.43488,-0.510107
208,4.85817,2.69033,-0.511134
208,5.76629,3.17228,0.26844
208,5.7155,3.23825,0.0737666
208,5.57152,-0.395846,0.188116
207,5.57152,-0.395846,0.188116
208,2.33071,-1.86526,0.283376
207,2.33071,-1.86526,0.283376
208,3.40965,-1.17479,-0.462565
207,3.40965,-1.17479,-0.462565
208,4.0637,-1.528,0.714073
207,4.0637,-1.528,0.714073
208,4.02248,-1.52993,0.725948
207,4.02248,-1.52993,0.725948
208,5.47083,-1.19754,0.583081
207,5.47083,-1.19754,0.583081
208,5.3823,-1.21886,0.590628
207,5.3823,-1.21886,0.590628
208,3.93137,-0.814703,-0.043306
207,3.93137,-0.814703,-0.043306
208,5.65756,-1.15409,0.565174
207,5.65756,-1.15409,0.565174
208,4.65766,0.0409953,0.179781
206,4.65766,0.0409953,0.179781
208,5.33107,0.224593,0.045394
206,5.33107,0.224593,0.045394
208,5.29052,0.259156,-0.366098
206,5.29052,0.259156,-0.366098
208,5.01081,-0.672072,0.522596
206,5.01081,-0.672072,0.522596
208,5.02304,0.689188,0.399684
206,5.02304,0.689188,0.399684
208,3.48312,-1.97488,-0.621617
206,3.48312,-1.97488,-0.621617
208,5.61528,-0.292514,0.722769
206,5.61528,-0.292514,0.722769
208,4.02003,0.156761,-1.04639
206,4.02003,0.156761,-1.04639
208,5.7326,-1.94378,0.00833606
206,5.7326,-1.94378,0.00833606
208,4.15812,1.05027,-0.597767
166,4.15812,1.05027,-0.597767
208,5.00069,3.25003,-0.651246
166,5.00069,3.25003,-0.651246
208,5.18971,-0.0397343,0.649182
166,5.18971,-0.0397343,0.649182
208,3.68384,-0.12783,-0.257147
166,3.68384,-0.12783,-0.257147
208,5.27235,0.534933,0.476668
166,5.27235,0.534933,0.476668
208,5.39547,0.354057,0.689668
166,5.39547,0.354057,0.689668
208,3.55003,1.42732,-0.54981
166,3.55003,1.42732,-0.54981
208,2.70195,0.376756,-0.620988
166,2.70195,0.376756,-0.620988
208,5.1388,0.41526,0.378515
166,5.1388,0.41526,0.378515
208,3.68161,0.0772315,-0.629902
167,3.68161,0.0772315,-0.629902
208,3.30362,-0.441158,0.175099
167,3.30362,-0.441158,0.175099
208,3.65524,0.0454137,-0.607003
167,3.65524,0.0454137,-0.607003
208,5.31974,0.573967,0.869613
167,5.31974,0.573967,0.869613
208,3.53128,0.172865,-0.516078
167,3.53128,0.172865,-0.516078
208,5.20208,0.479337,0.708705
167,5.20208,0.479337,0.708705
208,5.27132,0.392839,0.847473
167,5.27132,0.392839,0.847473
208,4.8621,0.244547,0.846849
167,4.8621,0.244547,0.846849
208,5.38036,0.301139,0.415493
167,5.38036,0.301139,0.415493
208,6.65604,6.67252,-1.65028
165,6.65604,6.67252,-1.65028
208,3.47248,1.94768,-0.657187
165,3.47248,1.94768,-0.657187
208,5.1552,0.158754,0.42531
205,5.1552,0.158754,0.42531
208,5.29639,0.0803581,-0.252132
205,5.29639,0.0803581,-0.252132
208,3.43225,-1.33349,0.170977
179,3.43225,-1.33349,0.170977
208,5.23997,0.387667,0.326166
71,5.23997,0.387667,0.326166
208,5.03177,1.6226,-0.188442
71,5.03177,1.6226,-0.188442
208,5.24258,0.488139,0.585549
71,5.24258,0.488139,0.585549
208,3.41955,-1.40287,0.377859
203,3.41955,-1.40287,0.377859
209,2.51541,-1.5492,0.545072
209,2.55142,-1.36352,0.856693
209,3.44869,-1.38207,0.342748
209,3.46506,-1.37882,0.352169
209,3.41981,-1.25819,0.364368
209,3.43628,-1.26871,0.368641
209,3.41637,-1.33835,0.210171
209,3.43091,-1.25169,0.351466
209,3.43762,-1.16218,0.366356
209,3.47163,-1.14834,0.352094
209,3.5089,-1.14081,0.349614
209,3.50197,-1.40262,-0.139075
209,3.38338,-1.1813,-0.0178981
209,3.82672,-1.33158,0.391705
209,2.71457,-0.0871664,0.721688
209,3.84888,-1.33722,0.389609
209,3.4201,-1.29374,-0.268377
209,3.80103,-1.23899,0.375246
209,3.80938,-1.23901,0.376902
209,3.42938,-1.09501,0.0027765
209,3.43103,-1.09164,0.00153053
209,3.5704,-1.24418,-0.0436203
209,3.68672,-1.55851,-0.384939
209,3.4456,-1.08553,-0.011441
209,3.49374,-1.24214,-0.277339
209,3.43449,-1.29198,-0.481054
209,3.4401,-1.28889,-0.486583
209,3.53206,-1.23191,-0.303372
209,4.02536,-1.24672,0.392052
209,3.41454,-1.17721,-0.477926
209,3.43391,-1.18909,-0.482505
209,3.43648,-1.18149,-0.476969
209,3.39714,-1.12218,-0.456296
209,2.05657,0.140794,-0.550697
209,4.05146,-1.13647,0.373917
209,3.42986,-1.00232,-0.467281
209,3.42965,-0.999952,-0.468802
209,2.91479,-0.598446,-0.598518
209,3.81339,-1.39316,-0.536016
209,3.83714,-1.38831,-0.543073
209,2.51523,-0.187391,-0.598131
209,2.51561,-0.182995,-0.609766
209,2.51665,-0.17707,-0.60529
209,2.64373,-0.175613,-0.653355
209,2.64677,-0.15907,-0.673612
209,2.04291,0.37667,-0.74771
209,2.64171,-0.145674,-0.692503
209,2.56684,-0.0151612,-0.596069
209,2.46057,0.0470766,-0.663337
209,2.57298,-0.00945282,-0.601912
209,2.65611,-0.0778044,-0.595596
209,2.00338,0.508736,-0.63034
209,2.00552,0.517554,-0.629063
209,2.4597,0.0664498,-0.679032
209,2.64666,-0.103818,-0.682389
209,3.05283,-0.432117,-0.609352
209,2.02374,0.520424,-0.628536
209,2.00263,0.531559,-0.649476
209,2.66671,-0.0589706,-0.61411
209,2.67292,-0.0557889,-0.610878
209,2.028,0.532258,-0.639759
209,2.30657,0.331555,-0.584006
209,2.55143,0.112913,-0.587395
209,3.406,-0.676616,-0.597102
209,3.11999,-0.347571,-0.532537
209,3.41279,-0.67359,-0.621622
209,2.54571,0.104964,-0.668358
209,2.04766,0.631139,-0.584805
209,2.31502,0.373308,-0.614789
209,2.03664,0.683951,-0.560047
209,2.03445,0.703866,-0.568577
209,3.16403,-0.329597,-0.576854
209,2.09845,0.689321,-0.580458
209,2.14247,0.614205,-0.654218
209,2.08021,0.724246,-0.578983
209,3.18063,-0.305782,-0.59615
209,2.33292,0.441576,-0.669134
209,3.16433,-0.284351,-0.593608
209,2.14653,0.624709,-0.664194
209,2.19631,0.675816,-0.512524
209,2.34231,0.451828,-0.664917
209,3.18723,-0.297108,-0.608527
209,2.16693,0.637448,-0.681378
209,2.17927,0.714249,-0.567617
209,2.21103,0.704825,-0.538031
209,2.1645,0.651588,-0.699331
209,2.18482,0.721436,-0.574204
209,2.22347,0.62033,-0.69008
209,2.26092,0.693118,-0.51615
209,3.38537,-0.377272,-0.569944
209,3.39034,-0.365489,-0.571691
209,2.29935,0.617519,-0.645111
209,3.45591,-0.385618,-0.560875
209,2.4973,0.497407,-0.606891
209,2.64187,0.3589,-0.631755
209,2.69096,0.352364,-0.595736
209,2.70266,0.366092,-0.604795
209,2.54547,0.508958,-0.622076
209,2.76504,0.885591,0.318147
209,2.54622,0.510073,-0.634564
209,2.53517,0.560528,-0.615859
209,3.53181,-0.343653,-0.601118
209,2.83831,0.294553,-0.627304
209,2.36103,0.804138,-0.546814
209,2.8705,0.286679,-0.620629
209,2.83447,0.312009,-0.64203
209,2.38031,0.636401,-0.802614
209,2.77339,0.380947,-0.633287
209,2.79448,0.364294,-0.63479
209,2.87506,0.293236,-0.631192
209,2.81369,0.356614,-0.632525
209,2.40974,0.722889,-0.657433
209,3.05594,0.120938,-0.675912
209,3.05466,0.135944,-0.67259
209,2.88265,0.313882,-0.645044
209,3.58962,-0.318401,-0.65229
209,3.07466,0.142401,-0.692847
209,2.40559,0.806522,-0.639629
209,3.06317,0.223252,-0.628002
209,3.06968,0.243032,-0.630402
209,2.4392,0.82472,-0.647112
209,3.24915,0.160113,-0.566136
209,3.25891,0.16502,-0.555899
209,2.50226,1.10269,-0.251165
209,5.34503,-0.747612,1.00477
209,2.50507,0.890938,-0.635895
209,3.57933,-0.0715735,-0.585164
209,2.52969,0.915006,-0.570026
209,3.07751,0.420262,-0.598553
209,3.08353,0.422185,-0.603614
209,3.33637,0.242132,-0.544628
209,2.54522,0.923654,-0.634218
209,2.52253,0.956158,-0.623875
209,3.13554,0.395312,-0.619871
209,2.54885,0.941349,-0.642628
209,3.3835,0.273499,-0.55438
209,3.7863,-0.13394,-0.629624
209,4.98871,-0.651841,0.299543
209,3.39846,0.294424,-0.572556
209,2.99585,0.61869,-0.667461
209,5.24917,-0.54914,0.838452
209,2.63296,1.02284,-0.575551
209,3.03145,0.616617,-0.646327
209,3.19625,0.495866,-0.597564
209,3.26071,0.424924,-0.640139
209,2.64993,1.04299,-0.58213
209,3.05612,0.642468,-0.627398
209,3.25548,0.446782,-0.65236
209,5.03373,-0.604049,0.292006
209,2.3121,1.45608,-0.475697
209,2.31542,1.46733,-0.489893
209,3.01539,0.736157,-0.625827
209,3.2831,0.502546,-0.603152
209,3.65488,0.181699,-0.570414
209,3.30689,0.503862,-0.620056
209,3.00047,0.766656,-0.656915
209,3.73164,0.133194,-0.601732
209,2.69459,1.09612,-0.612922
209,3.76796,0.0977209,-0.620119
209,3.12044,0.701795,-0.635532
209,2.31663,1.53175,-0.501427
209,2.37603,1.42786,-0.581545
209,3.77764,0.0990162,-0.630432
209,3.12448,0.711838,-0.640091
209,5.31166,-0.675484,0.414037
209,3.09968,0.745082,-0.629507
209,2.27953,1.58551,-0.52953
209,3.70141,0.278379,-0.552475
209,3.70851,0.272364,-0.564327
209,5.36497,-0.499047,0.684215
209,3.8503,0.0958661,-0.644826
209,2.97142,0.928077,-0.628232
209,3.88297,0.0666097,-0.653057
209,5.24265,-0.495483,0.485639
209,3.55589,0.523512,-0.410874
209,2.38748,1.48632,-0.617925
209,5.36843,-0.490382,0.675257
209,3.82553,0.15816,-0.619938
209,2.96626,0.969869,-0.626308
209,3.74563,0.306932,-0.580948
209,2.94533,1.02486,-0.638281
209,5.21602,-0.520751,0.255478
209,2.80924,1.2102,-0.572976
209,2.94619,1.0571,-0.636962
209,2.81412,1.22271,-0.574118
209,5.2811,-0.0487645,1.09323
209,2.40113,1.57105,-0.649138
209,2.93261,1.0905,-0.638802
209,5.32515,-0.459187,0.457101
209,2.93623,1.09266,-0.640973
209,2.77354,1.26993,-0.603274
209,2.84009,1.19101,-0.710202
209,5.21757,-0.208673,0.567784
209,5.52169,-0.416047,0.641929
209,5.11776,-0.174505,0.41434
209,2.8341,1.62662,-0.14883
209,5.2767,0.0108196,0.856546
209,5.29118,0.0095619,0.868093
209,2.94494,1.28244,-0.617694
209,2.84296,1.66231,-0.159483
209,5.3098,0.0207106,0.876774
209,4.97814,-0.187482,0.00164324
209,5.22407,-0.464965,-0.0800541
209,2.89166,2.16267,0.654906
209,3.97563,0.379823,-0.614102
209,5.20797,-0.13668,0.401442
209,5.36127,-0.48456,0.0587515
209,3.99325,0.40204,-0.622998
209,5.20296,-0.0278987,0.489536
209,5.30994,0.0113192,0.70795
209,5.02008,-0.403797,-0.416227
209,2.89881,1.45834,-0.603597
209,4.70945,0.659703,0.826422
209,4.02543,0.436911,-0.626805
209,4.06233,0.466204,-0.548769
209,5.28555,-0.0996612,0.380613
209,5.04605,-0.375235,-0.449962
209,5.25552,0.00322413,0.486531
209,3.91444,0.58641,-0.598001
209,5.19395,-0.0308245,0.27346
209,4.15173,0.473778,-0.536379
209,5.37729,-0.29413,0.062464
209,5.25371,-0.0619752,0.235163
209,5.38094,-0.286967,0.0547361
209,5.38937,-0.293027,0.0572371
209,5.34932,0.155997,0.713532
209,4.04799,0.557014,-0.617579
209,5.02903,-0.257295,-0.460806
209,5.33685,0.0334139,0.476231
209,5.32545,0.0279067,0.421461
209,5.37521,0.175103,0.720291
209,5.22769,0.243797,0.58433
209,5.24199,0.249358,0.578766
209,5.24102,0.442733,0.830502
209,5.21854,0.450249,0.787743
209,4.85292,0.185424,-0.211475
209,5.35159,0.0437752,0.285693
209,2.29585,2.17682,-0.870808
209,5.46512,0.215493,0.725978
209,5.32069,0.607989,1.11673
209,5.35204,0.034372,0.208307
209,5.08944,0.23873,0.11226
209,5.35437,0.228006,0.452833
209,5.29312,0.548557,0.851287
209,5.14292,0.260544,0.0966902
209,4.93434,0.248184,-0.25107
209,5.24604,-0.0420185,-0.330431
209,4.20402,0.76464,-0.596887
209,5.00822,0.240062,-0.267048
209,5.39775,0.249729,0.29006
209,4.21703,0.805545,-0.595895
209,5.3631,0.1019,-0.0426361
209,5.41998,0.260389,0.279348
209,5.21679,0.49251,0.319878
209,5.19655,1.02741,1.15896
209,5.32013,-0.00358355,-0.360249
209,5.21402,0.497528,0.221212
209,5.0561,0.92441,0.675037
209,4.86373,1.25261,0.911376
209,5.14761,0.996412,0.89526
209,4.67402,0.500175,-0.730688
209,5.17923,0.462705,-0.0627745
209,5.1794,0.467838,-0.0691441
209,4.36478,0.900591,-0.622744
209,4.05713,1.24753,-0.555625
209,5.15153,0.993474,0.687819
209,5.32749,0.569934,0.225871
209,5.34015,0.584963,0.264609
209,3.83976,1.46833,-0.583169
209,5.1702,0.939456,0.528622
209,5.34912,0.686208,0.362761
209,3.90782,1.46307,-0.583871
209,3.85413,1.57064,-0.572281
209,3.75,2.57727,0.907655
209,5.29455,0.230235,-0.59067
209,4.01194,1.70013,-0.144113
209,5.01881,1.40964,0.893009
209,5.43196,0.648605,0.212133
209,5.13186,1.19291,0.523528
209,5.48397,0.789516,0.353809
209,5.18385,1.01605,0.22704
209,3.75503,2.60993,0.643292
209,3.76888,2.62809,0.64454
209,3.73801,2.75268,0.612595
209,5.40115,1.47398,1.02154
209,5.01005,0.805818,-0.930169
209,5.01009,0.813107,-0.921311
209,4.99981,1.762,0.443603
209,5.22154,1.02264,-0.455984
209,5.09078,1.8134,0.62614
209,5.47373,1.24138,0.179493
209,5.10599,1.57001,0.0949736
209,5.10675,1.39635,-0.313586
209,5.19132,1.85254,0.552497
209,5.57916,0.792298,-0.691383
209,5.20724,1.97106,0.638384
209,5.15996,1.6255,-0.0901629
209,3.45079,2.96982,-0.518802
209,4.7239,2.46461,0.573996
209,5.33189,1.76463,0.339895
209,5.07459,1.90968,0.177073
209,4.88219,1.55501,-0.735226
209,5.6574,0.846033,-0.743391
209,4.36546,2.92174,0.659815
209,4.75564,2.52601,0.584516
209,4.74371,2.5461,0.587424
209,4.45558,3.06936,0.907695
209,4.43518,2.98401,0.614455
209,4.44797,2.99583,0.640973
209,4.45083,3.00351,0.608067
209,4.44615,3.05953,0.628409
209,4.86529,2.71471,0.590499
209,3.86618,3.08709,-0.463173
209,5.20362,1.77711,-0.613191
209,5.21929,1.78255,-0.613615
209,3.89233,3.10464,-0.484679
209,5.18428,1.89394,-0.592502
209,5.27347,1.82388,-0.649028
209,3.89213,3.14716,-0.659084
209,4.73697,2.54333,-0.417348
209,5.31009,1.88427,-0.670201
209,5.26461,1.99713,-0.615538
209,3.93146,3.20519,-0.673682
209,4.04868,3.20545,-0.659312
209,6.06904,1.78476,0.0437436
209,6.97836,4.5468,0.483004
209,5.08353,0.139097,-0.452065
208,5.08353,0.139097,-0.452065
209,5.50427,0.386014,-0.432388
208,5.50427,0.386014,-0.432388
209,4.20503,1.26172,-0.550225
208,4.20503,1.26172,-0.550225
209,5.1568,0.457753,0.497413
208,5.1568,0.457753,0.497413
209,5.1273,0.438016,0.499758
208,5.1273,0.438016,0.499758
209,5.28182,0.574065,0.707919
208,5.28182,0.574065,0.707919
209,5.00193,0.871241,0.690343
208,5.00193,0.871241,0.690343
209,3.59147,-0.164439,-0.523475
208,3.59147,-0.164439,-0.523475
209,3.71115,1.7204,-0.670506
208,3.71115,1.7204,-0.670506
209,5.39283,0.262175,0.0307402
208,5.39283,0.262175,0.0307402
209,5.72489,0.448455,-0.0466462
208,5.72489,0.448455,-0.0466462
209,2.46542,0.163124,-0.662943
208,2.46542,0.163124,-0.662943
209,5.37254,0.45776,-0.169436
166,5.37254,0.45776,-0.169436
209,5.4596,0.642799,0.461293
166,5.4596,0.642799,0.461293
209,5.45487,1.01881,-0.00186638
166,5.45487,1.01881,-0.00186638
209,5.17387,0.936215,0.535198
166,5.17387,0.936215,0.535198
209,5.23963,0.981334,0.725404
166,5.23963,0.981334,0.725404
209,3.66656,-0.0743796,-0.602015
166,3.66656,-0.0743796,-0.602015
209,3.13862,0.382811,-0.531552
166,3.13862,0.382811,-0.531552
209,2.87158,2.14018,0.943547
166,2.87158,2.14018,0.943547
209,4.1888,0.726989,-0.728898
166,4.1888,0.726989,-0.728898
209,3.69002,0.0761362,-0.619303
166,3.69002,0.0761362,-0.619303
209,3.87425,3.07861,-0.458181
166,3.87425,3.07861,-0.458181
209,2.31449,0.321349,-0.573604
166,2.31449,0.321349,-0.573604
209,2.04555,0.74365,-0.66367
166,2.04555,0.74365,-0.66367
209,5.22942,0.0885517,-0.459707
167,5.22942,0.0885517,-0.459707
209,3.72541,0.13006,-0.603526
167,3.72541,0.13006,-0.603526
209,3.37593,-1.14411,0.133779
167,3.37593,-1.14411,0.133779
209,4.30314,1.6931,1.07539
167,4.30314,1.6931,1.07539
209,5.52102,-0.140414,0.92432
167,5.52102,-0.140414,0.92432
209,4.0266,0.358929,-0.704128
167,4.0266,0.358929,-0.704128
209,4.72089,-0.442823,-0.318995
167,4.72089,-0.442823,-0.318995
209,4.6213,1.10767,-0.361741
167,4.6213,1.10767,-0.361741
209,2.6019,-0.0138927,-0.755486
165,2.6019,-0.0138927,-0.755486
209,4.84734,3.11599,0.344042
165,4.84734,3.11599,0.344042
209,3.0587,-0.399517,-0.639105
165,3.0587,-0.399517,-0.639105
209,4.97149,0.355602,0.297286
165,4.97149,0.355602,0.297286
209,2.25669,1.60788,-0.5591
165,2.25669,1.60788,-0.5591
209,3.44993,-1.26634,-0.0436863
207,3.44993,-1.26634,-0.0436863
209,2.59483,0.475803,-0.630164
207,2.59483,0.475803,-0.630164
209,2.50479,0.070078,-0.619335
207,2.50479,0.070078,-0.619335
209,5.19515,0.325973,-0.435569
206,5.19515,0.325973,-0.435569
209,5.10838,0.302514,0.755206
206,5.10838,0.302514,0.755206
209,4.24106,0.433961,-0.609149
206,4.24106,0.433961,-0.609149
209,2.86229,-0.957253,-0.123563
206,2.86229,-0.957253,-0.123563
209,5.24144,0.174202,0.0788255
71,5.24144,0.174202,0.0788255
209,5.14126,0.992948,0.681799
71,5.14126,0.992948,0.681799
209,5.24649,0.397888,0.731377
71,5.24649,0.397888,0.731377
209,6.77037,1.85385,0.753362
73,6.77037,1.85385,0.753362
209,4.31651,2.93641,-0.177301
73,4.31651,2.93641,-0.177301
209,5.14361,3.2009,0.250029
73,5.14361,3.2009,0.250029
209,2.55152,0.918419,-0.593738
164,2.55152,0.918419,-0.593738
209,1.85489,-0.536596,0.0875915
164,1.85489,-0.536596,0.0875915
209,5.21317,0.375503,0.737702
205,5.21317,0.375503,0.737702
209,5.19399,0.805108,0.159489
205,5.19399,0.805108,0.159489
210,3.41867,-1.0158,-0.471435
210,2.61644,-0.209224,-0.637093
210,3.02943,-0.437841,-0.630391
210,3.06554,-0.429057,-0.618169
210,3.07091,-0.423352,-0.627218
210,3.07432,-0.423538,-0.629548
210,2.43946,0.130503,-0.634037
210,2.58777,0.0256845,-0.626903
210,2.51845,0.0680256,-0.655821
210,2.51504,0.0892463,-0.639553
210,2.59437,0.0336413,-0.634929
210,3.15533,-0.281458,-0.613419
210,3.17235,-0.261862,-0.597207
210,3.17612,-0.259131,-0.59804
210,3.19938,-0.289793,-0.645974
210,3.18079,-0.25621,-0.632142
210,2.25598,0.585392,-0.631533
210,2.25743,0.593614,-0.627956
210,2.33968,0.529194,-0.618868
210,2.34464,0.535251,-0.615713
210,2.43529,0.468557,-0.620465
210,2.36975,0.536132,-0.631232
210,2.63112,0.311586,-0.637604
210,2.17805,0.750304,-0.585618
210,2.5563,0.396021,-0.6404
210,2.67836,0.348478,-0.595353
210,2.79231,0.222694,-0.633399
210,2.49049,0.483978,-0.655384
210,2.80593,0.221113,-0.640946
210,2.59302,0.431959,-0.617007
210,2.21719,0.783209,-0.58384
210,2.42013,0.57282,-0.633252
210,2.61734,0.405974,-0.62761
210,2.68892,0.364835,-0.603216
210,2.65456,0.396681,-0.615109
210,2.69245,0.371641,-0.60486
210,2.61762,0.415723,-0.637706
210,2.53383,0.484535,-0.644675
210,2.53799,0.485179,-0.649041
210,2.4333,0.587128,-0.638785
210,3.52524,-0.341501,-0.612982
210,2.81466,0.273521,-0.618002
210,2.72611,0.319958,-0.665221
210,3.02169,0.0848712,-0.641877
210,2.2578,0.783265,-0.595448
210,2.72669,0.329058,-0.662289
210,3.52561,-0.329048,-0.620478
210,2.73044,0.332843,-0.664546
210,2.73406,0.33152,-0.667474
210,3.33278,-0.136597,-0.59656
210,2.81691,0.291915,-0.638647
210,2.26009,0.795079,-0.611047
210,2.73662,0.342162,-0.668914
210,2.27343,0.803421,-0.596418
210,3.33957,-0.147834,-0.644172
210,2.74119,0.351537,-0.682
210,2.85977,0.294284,-0.617909
210,2.80069,0.337948,-0.631113
210,2.35165,0.784701,-0.578195
210,2.79758,0.361092,-0.636319
210,2.76763,0.378349,-0.649007
210,2.87666,0.29992,-0.632182
210,2.44286,0.709899,-0.65635
210,3.10661,0.179769,-0.593937
210,3.05503,0.221208,-0.617338
210,3.08495,0.223625,-0.604316
210,3.05894,0.233,-0.622952
210,3.09373,0.195021,-0.644434
210,3.46625,-0.038729,-0.644419
210,3.46668,-0.0372922,-0.650898
210,3.05074,0.35207,-0.634552
210,3.28102,0.202153,-0.615019
210,3.07458,0.431424,-0.598202
210,3.08472,0.451836,-0.62422
210,3.17099,0.389971,-0.61082
210,3.11281,0.467463,-0.612836
210,3.1757,0.409374,-0.617908
210,3.71602,-0.0609105,-0.631993
210,3.00574,0.573233,-0.614479
210,3.22385,0.387184,-0.617576
210,3.11626,0.482428,-0.623117
210,3.87191,0.754308,0.677598
210,3.23115,0.392991,-0.614532
210,3.11368,0.514982,-0.601548
210,3.11838,0.505236,-0.610062
210,3.61789,0.0741826,-0.614526
210,3.01472,0.597968,-0.625499
210,3.01737,0.605539,-0.628264
210,3.01651,0.606419,-0.628332
210,3.09677,0.564975,-0.612376
210,3.16457,0.507541,-0.618593
210,3.13337,0.537456,-0.62115
210,3.25255,0.471088,-0.586197
210,5.2321,-0.366784,0.650193
210,3.17277,0.527507,-0.625274
210,3.27724,0.453896,-0.619411
210,3.69034,0.129588,-0.592821
210,3.27134,0.466641,-0.631102
210,3.12026,0.620793,-0.612454
210,5.39357,-0.489892,0.58769
210,3.27905,0.494323,-0.613858
210,2.9906,0.735704,-0.62737
210,3.28464,0.499335,-0.609027
210,3.72362,0.126148,-0.605133
210,2.9957,0.742003,-0.633068
210,5.24296,-0.354438,0.565827
210,3.07283,0.704815,-0.604782
210,2.9723,0.771293,-0.638966
210,3.1191,0.661582,-0.628678
210,3.07437,0.705846,-0.622268
210,2.66178,1.04628,-0.665427
210,3.60688,0.2809,-0.589927
210,3.1116,0.683027,-0.630104
210,3.61545,0.282158,-0.58303
210,5.27771,-0.339559,0.567335
210,2.66895,1.06172,-0.655991
210,3.61818,0.291203,-0.588938
210,3.11807,0.700785,-0.626453
210,3.09616,0.722213,-0.629854
210,3.74098,0.172562,-0.634863
210,3.59932,0.358074,-0.610526
210,3.04932,0.834005,-0.634914
210,2.99689,0.873439,-0.645252
210,2.94139,0.969973,-0.612707
210,3.81473,0.195917,-0.636297
210,5.45097,-0.436348,0.455743
210,5.38587,-0.384688,0.437031
210,2.87967,1.03908,-0.632599
210,2.9632,0.977149,-0.633776
210,2.96368,0.976634,-0.638028
210,2.95609,0.997848,-0.624197
210,3.76642,0.367356,-0.601326
210,3.7859,0.357607,-0.619301
210,2.90874,1.1109,-0.678164
210,5.35146,-0.333826,0.265189
210,2.87179,1.22383,-0.638694
210,5.24404,-0.00774348,0.485628
210,3.8668,0.409907,-0.610673
210,2.93872,1.20824,-0.64588
210,5.23949,-0.0116082,0.444254
210,5.25651,0.235124,0.795664
210,3.9649,0.361395,-0.605075
210,3.96265,0.367355,-0.600627
210,3.9677,0.367235,-0.610405
210,5.32242,0.114313,0.684453
210,2.95542,1.23488,-0.637018
210,5.31812,-0.0832895,0.37912
210,2.88962,1.32714,-0.617645
210,2.97296,1.23518,-0.659339
210,3.95707,0.45272,-0.600077
210,2.96851,1.29141,-0.629726
210,5.252,0.108646,0.493492
210,2.84941,1.41882,-0.605953
210,5.37786,-0.420389,-0.121623
210,5.24988,0.216283,0.599817
210,5.26854,0.259323,0.671827
210,5.28249,0.00246012,0.321785
210,5.22132,0.15958,0.467124
210,4.09622,0.411319,-0.584963
210,5.25351,0.392706,0.761269
210,5.32573,-0.504199,-0.421093
210,5.34001,-0.503025,-0.426815
210,4.14338,0.420309,-0.595995
210,5.30991,-0.477988,-0.444799
210,4.13485,0.429316,-0.60663
210,4.14437,0.430435,-0.603533
210,5.27824,0.225237,0.488822
210,4.1577,0.43231,-0.610275
210,5.27991,0.180838,0.365632
210,3.067,1.41036,-0.631491
210,5.33051,-0.255324,-0.210828
210,5.35465,-0.00212324,0.157125
210,4.14838,0.500497,-0.613665
210,5.30334,0.291132,0.498586
210,5.30534,-0.000354648,0.0796625
210,3.81159,0.822412,-0.603849
210,5.2946,0.163554,0.267214
210,2.80626,1.80392,-0.47639
210,5.33232,0.303623,0.479548
210,5.3371,-0.240644,-0.293766
210,5.35682,-0.376867,-0.473266
210,5.35772,0.0268327,0.078647
210,5.22387,-0.288825,-0.543739
210,5.28573,-0.000233412,-0.0703892
210,4.46497,0.328272,-0.622984
210,5.32247,-0.0465596,-0.131641
210,5.34307,0.0405836,0.00918746
210,3.8522,0.882644,-0.640258
210,5.19958,0.483269,0.427656
210,5.26387,0.176751,0.0663565
210,5.36919,0.0457128,0.00701773
210,5.29616,-0.0592375,-0.236361
210,5.33787,0.0377995,-0.0612921
210,5.31074,-0.055898,-0.242963
210,5.23319,0.107344,-0.111593
210,5.2281,0.516466,0.440326
210,4.16165,0.723383,-0.570694
210,5.18656,0.727685,0.673165
210,5.18503,0.483968,0.304674
210,5.23307,0.0380157,-0.273768
210,5.31719,0.207975,0.0647886
210,5.26136,0.538981,0.459491
210,5.31774,0.210779,0.0490422
210,5.16311,0.585219,0.38572
210,5.16982,0.588642,0.398494
210,4.26303,0.668647,-0.600455
210,5.3354,0.22034,0.0592603
210,4.21834,0.767599,-0.536094
210,5.282,0.000868917,-0.319706
210,2.82806,1.99889,-0.523946
210,5.23485,0.508025,0.307059
210,4.27919,0.685266,-0.615621
210,5.1602,0.528238,0.220319
210,5.26048,0.177123,-0.152532
210,5.21624,0.505319,0.235538
210,5.2702,0.123232,-0.241915
210,5.25568,0.325006,0.0141038
210,5.31352,0.0879192,-0.257943
210,5.2801,0.139119,-0.237681
210,3.22449,1.68386,-0.57782
210,4.26584,0.812453,-0.550472
210,5.17701,0.820829,0.571604
210,5.25361,0.512713,0.224051
210,5.18514,0.825884,0.552395
210,5.10803,0.966736,0.656263
210,4.18168,0.905615,-0.574514
210,5.26469,0.328888,-0.0634144
210,5.20605,0.486521,0.0524478
210,5.26474,0.156207,-0.350059
210,4.16239,0.947681,-0.601594
210,4.21139,0.935559,-0.591462
210,5.20806,0.892618,0.555475
210,3.52598,1.51813,-0.623065
210,4.10704,1.05631,-0.575935
210,5.32065,0.354464,-0.0826339
210,3.43075,1.60494,-0.637656
210,5.37021,-0.0546736,-0.61459
210,5.26438,0.200477,-0.404935
210,5.27481,0.276169,-0.288593
210,5.25406,0.302032,-0.280112
210,5.26665,0.238322,-0.379935
210,5.18692,0.917772,0.463465
210,5.2552,0.269038,-0.375249
210,4.17407,1.06432,-0.605237
210,3.62142,1.56468,-0.596847
210,3.73289,1.51675,-0.569793
210,3.7512,1.49916,-0.584806
210,4.21406,1.07662,-0.615304
210,3.68793,1.53905,-0.61133
210,5.13752,1.0286,0.439927
210,5.18711,0.415559,-0.369759
210,4.22087,1.08674,-0.621072
210,5.14614,1.17843,0.592247
210,3.8549,1.48404,-0.594998
210,5.18433,0.818451,0.0738946
210,5.13118,0.967932,0.216656
210,5.13955,0.980822,0.242864
210,3.9295,1.42828,-0.621487
210,3.91064,1.469,-0.596251
210,3.91998,1.47193,-0.584238
210,3.93746,1.44328,-0.630953
210,3.07837,2.13302,-0.75372
210,3.99337,1.46385,-0.599476
210,5.24268,0.47479,-0.499229
210,4.01602,1.49159,-0.604439
210,5.16233,1.00224,0.065321
210,5.16822,0.998339,0.0575523
210,5.26132,0.582457,-0.45149
210,5.1429,0.698737,-0.439504
210,5.1844,1.01859,-0.0554431
210,5.17171,1.29125,0.258567
210,3.75559,2.79204,0.59945
210,4.31036,1.47,-0.596345
210,3.81683,2.77655,0.6167
210,5.26297,0.746014,-0.503776
210,4.08838,1.72151,-0.571282
210,5.15399,0.97364,-0.322523
210,3.81648,2.81807,0.580602
210,5.15369,0.965718,-0.396991
210,5.23366,0.842711,-0.513979
210,4.11535,1.75898,-0.595882
210,5.20749,1.67806,0.574853
210,3.59757,2.78444,0.0803787
210,5.13139,1.83551,0.615682
210,3.64813,2.80024,0.125556
210,3.69792,2.83245,0.144236
210,3.65788,2.78765,0.00525892
210,5.14836,1.44768,-0.0779479
210,4.2733,2.7234,0.600263
210,5.11009,1.62786,-0.0110125
210,4.32372,2.7891,0.62883
210,5.13034,1.71287,0.0717422
210,5.07403,1.69917,-0.0724707
210,5.10232,1.67337,-0.116512
210,4.36325,2.8591,0.612058
210,5.12301,1.68885,-0.122482
210,5.08281,1.54531,-0.384601
210,5.06277,2.193,0.47841
210,4.99744,1.9299,0.0143631
210,5.21384,1.36843,-0.517989
210,5.10399,2.13087,0.305512
210,5.1065,1.62308,-0.567471
210,5.06399,1.73033,-0.513435
210,5.06555,1.9554,-0.215897
210,5.10423,1.7462,-0.540347
210,5.09706,1.73588,-0.57688
210,3.79752,2.88448,-0.591451
210,4.16298,2.79525,-0.636512
210,5.01268,2.92374,0.57529
210,5.0593,2.96554,0.543666
210,5.08443,2.17762,-0.644539
210,5.19124,2.41786,-0.726721
210,4.97911,2.87297,-0.511216
210,4.992,2.87656,-0.531831
210,4.98829,2.8734,-0.576371
210,5.02113,2.92686,-0.545756
210,5.0643,3.82612,-0.960746
210,175.777,222.723,-23.5902
210,5.2647,0.396792,-0.145254
209,5.2647,0.396792,-0.145254
210,5.16925,1.83845,0.564696
209,5.16925,1.83845,0.564696
210,3.28926,-0.83201,-0.498798
209,3.28926,-0.83201,-0.498798
210,2.88019,1.22865,-0.65026
209,2.88019,1.22865,-0.65026
210,3.8732,0.228212,-0.585374
209,3.8732,0.228212,-0.585374
210,2.77071,1.27873,-0.617111
209,2.77071,1.27873,-0.617111
210,5.23665,0.252254,0.57902
209,5.23665,0.252254,0.57902
210,2.52459,0.444636,-0.588026
209,2.52459,0.444636,-0.588026
210,2.47488,-1.17213,0.839157
209,2.47488,-1.17213,0.839157
210,3.85667,3.05178,-0.633136
209,3.85667,3.05178,-0.633136
210,2.8059,1.07824,-0.651998
209,2.8059,1.07824,-0.651998
210,5.45642,0.399725,-0.439483
166,5.45642,0.399725,-0.439483
210,5.26208,4.13245,-0.615108
166,5.26208,4.13245,-0.615108
210,3.63869,2.53619,0.437415
166,3.63869,2.53619,0.437415
210,2.68627,0.4406,-0.640577
166,2.68627,0.4406,-0.640577
210,5.74595,2.45314,0.541488
166,5.74595,2.45314,0.541488
210,5.20965,-0.205706,0.596302
166,5.20965,-0.205706,0.596302
210,2.57773,0.364673,-0.607174
166,2.57773,0.364673,-0.607174
210,5.31965,0.0185901,0.634583
166,5.31965,0.0185901,0.634583
210,2.6598,1.08721,-0.599588
166,2.6598,1.08721,-0.599588
210,3.47028,0.252145,-0.580221
166,3.47028,0.252145,-0.580221
210,5.24494,1.53963,-0.364004
166,5.24494,1.53963,-0.364004
210,2.98178,0.824545,-0.612823
165,2.98178,0.824545,-0.612823
210,5.15566,1.56373,-0.393368
165,5.15566,1.56373,-0.393368
210,5.45126,0.839576,0.577301
165,5.45126,0.839576,0.577301
210,2.79412,1.06605,-0.637151
165,2.79412,1.06605,-0.637151
210,5.18379,0.241803,-0.420711
208,5.18379,0.241803,-0.420711
210,5.24839,-0.311956,0.126768
208,5.24839,-0.311956,0.126768
210,3.44321,-0.0771818,-0.570324
208,3.44321,-0.0771818,-0.570324
210,5.26952,1.30853,-0.546015
207,5.26952,1.30853,-0.546015
210,5.19363,0.345785,-0.210405
207,5.19363,0.345785,-0.210405
210,5.26819,0.727006,0.260643
73,5.26819,0.727006,0.260643
210,5.27875,0.164262,-0.378538
73,5.27875,0.164262,-0.378538
210,5.2114,0.953441,-0.251544
71,5.2114,0.953441,-0.251544
210,5.26381,0.387429,-0.374409
71,5.26381,0.387429,-0.374409
210,4.33631,0.12865,-0.156599
71,4.33631,0.12865,-0.156599
210,5.26056,0.87911,0.325326
71,5.26056,0.87911,0.325326
210,5.23646,0.140455,-0.0914334
71,5.23646,0.140455,-0.0914334
210,5.17315,1.70596,-0.355187
71,5.17315,1.70596,-0.355187
210,5.31672,-0.501074,-0.320536
71,5.31672,-0.501074,-0.320536
210,4.37518,0.784302,-0.673344
206,4.37518,0.784302,-0.673344
210,5.28834,1.53607,-0.37104
30,5.28834,1.53607,-0.37104
210,2.00067,0.455195,-0.57551
164,2.00067,0.455195,-0.57551
210,2.52178,0.410321,-0.620041
164,2.52178,0.410321,-0.620041
211,2.57084,-0.957571,0.858417
211,2.89558,1.07978,0.159054
211,3.64143,0.380658,-0.599298
211,2.63049,1.35747,-0.315441
211,2.98521,0.954047,-0.629275
211,3.27767,0.714788,-0.646689
211,2.63217,1.39788,-0.341839
211,3.98987,0.22055,-0.605857
211,2.90322,1.16296,-0.645454
211,3.84469,0.387387,-0.594316
211,3.86144,0.400584,-0.603627
211,3.86497,0.402551,-0.617962
211,2.92396,1.20371,-0.666132
211,5.30427,-0.240902,0.927607
211,3.97043,0.358054,-0.62727
211,3.93821,0.388058,-0.635963
211,5.26464,-0.00942123,1.42753
211,3.97914,0.373142,-0.62099
211,5.27939,-0.00433815,1.43013
211,2.95717,1.28571,-0.615275
211,5.2617,-0.0116726,1.27003
211,4.03247,0.387091,-0.610707
211,5.2935,-0.326752,0.406341
211,4.03987,0.390418,-0.602019
211,3.97655,0.468146,-0.618991
211,5.30117,-0.0462735,1.10673
211,5.26983,-0.508509,-0.298374
211,3.87523,0.577116,-0.591502
211,2.93082,1.40038,-0.576032
211,5.22176,0.152821,1.41945
211,5.31375,-0.0328977,1.10551
211,5.30542,-0.444647,-0.0938034
211,5.32189,-0.0356151,1.10326
211,5.43972,-0.148616,1.04447
211,5.32037,-0.437438,-0.110894
211,4.01205,0.515287,-0.59964
211,3.76429,0.756569,-0.564742
211,5.32293,-0.0336694,0.863156
211,3.92827,0.632106,-0.621835
211,4.1567,0.451168,-0.610686
211,3.85328,0.702512,-0.647059
211,3.78567,0.793303,-0.553901
211,3.05182,1.39493,-0.621263
211,5.41453,-0.00513124,1.10921
211,3.9434,0.643343,-0.616294
211,5.25202,0.0247945,0.781969
211,5.29923,-0.320449,-0.0975083
211,3.01752,1.44871,-0.600208
211,5.25766,0.0472015,0.83091
211,4.053,0.562003,-0.624795
211,4.14292,0.493913,-0.608734
211,5.25592,0.0521028,0.827109
211,5.32084,0.0172471,0.875033
211,5.26365,0.0337894,0.782771
211,5.19853,-0.337101,-0.505757
211,3.87671,0.746649,-0.620137
211,3.8782,0.73967,-0.646898
211,5.26745,0.183945,1.11939
211,3.8804,0.747209,-0.653698
211,5.18438,-0.315705,-0.526801
211,5.2951,-0.0907922,0.381981
211,3.09059,1.42999,-0.63269
211,5.29148,0.268374,1.38747
211,5.31611,0.141113,1.08089
211,5.27542,0.329546,1.50899
211,3.08845,1.43638,-0.64695
211,5.26961,0.25374,1.26608
211,5.2752,0.258912,1.26695
211,5.30051,-0.297073,-0.261061
211,5.22701,0.274914,1.18426
211,5.29539,0.221977,1.18669
211,5.24159,0.288931,1.23414
211,5.28291,-0.228272,-0.18048
211,5.33084,-0.0738408,0.376604
211,3.09169,1.47445,-0.665582
211,5.34291,0.0164829,0.633472
211,5.3129,0.0325341,0.598108
211,5.23108,0.301725,1.12906
211,5.25992,-0.00812483,0.309913
211,5.29078,-0.0331672,0.298004
211,5.27425,0.00123179,0.318148
211,5.29327,0.208179,0.949204
211,5.3839,-0.0619028,0.371041
211,5.26166,0.319701,1.12966
211,5.26925,0.316686,1.1346
211,3.37198,1.29326,-0.690333
211,5.28892,0.263441,1.00995
211,4.26044,0.577053,-0.610643
211,4.50708,0.358286,-0.655286
211,5.30623,0.0142492,0.29607
211,5.24522,0.497008,1.51872
211,5.32181,0.00680566,0.301041
211,5.31723,0.0189587,0.299222
211,2.81941,1.87006,-0.479764
211,5.2564,0.498987,1.51519
211,3.37848,1.3227,-0.701734
211,4.27949,0.584751,-0.625591
211,5.32525,0.0478561,0.370517
211,5.35567,-0.036709,0.182977
211,5.27472,0.325809,0.988284
211,5.25224,0.499094,1.42668
211,4.53381,0.388266,-0.636741
211,5.2468,0.467989,1.32232
211,5.27203,0.0374874,0.13726
211,5.3028,0.164087,0.56304
211,4.17898,0.718566,-0.585191
211,5.25786,0.500786,1.41044
211,5.26616,0.514331,1.44234
211,5.27136,0.0357535,0.0838618
211,4.03796,0.870965,-0.572768
211,5.30078,0.346829,0.990352
211,5.14467,0.440451,0.851649
211,4.55805,0.410032,-0.662037
211,5.28041,0.271112,0.684206
211,3.23893,1.55073,-0.62822
211,5.29932,-0.0585154,-0.22574
211,5.31865,0.0190678,0.0123936
211,5.25418,0.379949,0.864306
211,5.33063,-0.193598,-0.59073
211,5.25124,-0.0391073,-0.354973
211,5.25492,0.0521275,-0.116333
211,5.31428,0.00819278,-0.098515
211,5.26465,-0.0662962,-0.4411
211,5.22493,0.308757,0.528132
211,5.22254,0.159574,0.0802553
211,5.23901,-0.00524211,-0.352352
211,5.27167,0.170902,0.222532
211,5.20832,0.535758,1.10052
211,4.08554,0.902358,-0.593683
211,5.30389,0.164462,0.253714
211,4.14436,0.853161,-0.606783
211,5.26566,0.393362,0.759714
211,5.308,-0.113288,-0.58537
211,4.11642,0.90475,-0.581164
211,5.26008,0.395703,0.737098
211,4.11887,0.909425,-0.582671
211,5.20911,0.453838,0.750025
211,5.22375,0.496019,0.871945
211,5.23381,0.457274,0.765385
211,5.27816,0.291568,0.39739
211,4.13696,0.919872,-0.592116
211,5.16238,0.284694,0.0791905
211,4.07132,0.972992,-0.610577
211,4.06899,0.980246,-0.610211
211,4.08244,0.976536,-0.594509
211,4.14247,0.928049,-0.59056
211,5.25175,0.505745,0.870971
211,5.18083,0.294139,0.0802459
211,5.29153,0.185855,0.0384194
211,3.27976,1.69763,-0.567328
211,5.27064,0.516789,0.869237
211,5.2803,0.12395,-0.251209
211,3.4508,1.56812,-0.579421
211,3.53977,1.51564,-0.637988
211,3.4587,1.59514,-0.612303
211,5.21694,0.487875,0.479338
211,3.40465,1.6263,-0.672537
211,5.30626,0.128701,-0.356789
211,5.22815,0.495628,0.487205
211,5.23213,0.495844,0.481327
211,3.36878,1.72284,-0.638227
211,5.19798,0.476997,0.234857
211,5.17769,0.98824,1.64087
211,3.37536,1.7379,-0.631592
211,5.15681,0.989706,1.53242
211,5.23074,0.501751,0.304683
211,5.22103,0.496505,0.211787
211,5.22581,0.498241,0.222117
211,5.33356,0.202119,-0.380284
211,5.21022,0.598826,0.389568
211,5.2238,1.02788,1.64776
211,3.64045,1.58634,-0.615159
211,3.66921,1.5568,-0.642144
211,3.63036,1.59707,-0.631579
211,5.25578,0.262848,-0.515303
211,5.20176,1.02235,1.51882
211,5.22466,1.02571,1.52522
211,5.22154,0.493633,-0.0981206
211,5.19288,1.01106,1.28355
211,5.20483,0.42124,-0.388014
211,3.84022,1.51361,-0.606981
211,5.16631,0.80019,0.575074
211,5.21743,0.425278,-0.388358
211,3.84816,1.51162,-0.615313
211,5.21471,1.02023,1.28284
211,5.22395,0.433177,-0.435706
211,5.21222,1.03929,1.24679
211,3.92648,1.49281,-0.613367
211,5.14568,0.991008,0.890556
211,5.16193,0.990144,0.909793
211,5.22302,1.03941,1.1809
211,5.10983,0.786215,0.140578
211,5.24236,1.0651,1.25053
211,5.12443,0.913727,0.458453
211,5.25845,1.0609,1.20303
211,5.23532,0.869847,0.545581
211,4.18537,1.37668,-0.583313
211,4.19301,1.38827,-0.591314
211,5.17522,1.0099,0.669187
211,4.20398,1.40255,-0.598636
211,5.1671,0.962273,0.467041
211,4.23746,1.41934,-0.610124
211,4.318,1.38271,-0.555322
211,5.16575,0.689619,-0.482799
211,4.30717,1.37842,-0.628031
211,5.23975,1.04751,0.645376
211,5.19525,0.708703,-0.486804
211,3.6538,2.61617,1.21081
211,4.32633,1.39961,-0.635631
211,4.45792,1.28477,-0.656739
211,5.17754,1.26334,1.02418
211,5.16607,0.996245,0.202166
211,5.17757,1.27228,1.00967
211,5.15859,1.52369,1.6497
211,5.11345,1.45832,1.35263
211,5.09695,1.47086,1.34352
211,5.01849,1.40535,0.919114
211,5.0065,1.4142,0.913646
211,5.15937,1.17786,0.582978
211,5.17222,1.53996,1.64378
211,3.67817,2.66274,1.21523
211,5.16947,1.54588,1.64014
211,3.68911,2.66055,1.20406
211,5.12738,1.43096,1.15047
211,5.21275,1.03634,0.226221
211,5.2637,0.759383,-0.442409
211,5.06816,1.51543,1.21506
211,3.78276,2.54123,0.904012
211,5.10044,1.61256,1.43213
211,5.14927,1.58868,1.45828
211,5.12044,1.65017,1.51136
211,5.07171,1.67097,1.45157
211,4.98806,1.60534,1.04093
211,5.12813,1.75403,1.77011
211,3.72224,2.76622,1.20948
211,5.13481,1.57732,1.22247
211,5.17229,0.972757,-0.418034
211,3.75255,2.57623,0.65806
211,5.09429,1.6914,1.359
211,5.21332,0.999965,-0.382171
211,3.79582,2.65522,0.899346
211,5.10748,1.70216,1.36099
211,5.10685,1.68451,1.27785
211,5.09162,1.64424,1.07928
211,5.05949,1.68951,1.06323
211,3.76519,2.62234,0.570343
211,3.70059,2.68132,0.567859
211,3.76514,2.86909,1.21177
211,5.07785,1.54052,0.592289
211,3.76275,2.87806,1.21387
211,5.08322,1.71086,1.04567
211,3.79367,2.69437,0.627534
211,3.74846,2.7678,0.595775
211,5.08547,1.37522,-0.392376
211,5.1422,1.44626,-0.0726079
211,3.61226,2.80325,0.087328
211,3.21656,2.94776,-0.512358
211,3.656,2.82335,0.134353
211,3.76277,2.9362,0.708386
211,5.09584,1.74648,0.545419
211,3.53128,2.92861,-0.028927
211,5.13039,1.44248,-0.405784
211,3.84538,2.87209,0.517228
211,5.29325,1.72783,0.558225
211,5.08369,1.69293,-0.0772879
211,5.11383,1.68178,-0.0362731
211,5.02181,1.78798,0.0317621
211,5.05119,1.87106,0.172452
211,4.67705,2.74054,1.58874
211,4.6998,2.73588,1.58074
211,5.02824,2.02698,0.302099
211,4.38458,2.9082,1.17822
211,5.07865,1.72232,-0.531557
211,5.07621,1.75249,-0.524282
211,4.73077,2.78528,1.5833
211,3.80372,2.88874,-0.403206
211,4.41324,2.95603,1.17152
211,4.74848,2.8301,1.60293
211,4.38338,2.91768,0.909189
211,4.745,2.85221,1.58957
211,4.37936,2.86014,0.631465
211,4.76817,2.76675,1.26244
211,4.37285,2.87826,0.616983
211,4.37764,2.89419,0.615853
211,4.98883,1.96473,-0.603361
211,4.92445,2.67097,1.24365
211,4.9903,2.7661,1.62922
211,4.98321,2.73097,1.49285
211,4.96304,2.71803,1.37628
211,5.0154,2.7682,1.62169
211,3.84184,2.98179,-0.627829
211,4.9981,2.81111,1.66013
211,3.88941,2.96529,-0.612727
211,4.77505,2.88395,1.28081
211,4.91405,2.77023,1.26418
211,4.99504,2.05315,-0.60615
211,4.8894,2.78427,1.18287
211,4.99772,2.79119,1.39216
211,4.90407,3.14229,1.89046
211,5.23838,2.87063,1.91527
211,5.03999,2.85274,1.26577
211,4.91414,2.77307,0.570423
211,4.95472,3.22003,1.90917
211,4.97353,2.86937,0.571776
211,5.00449,2.90097,0.568817
211,4.95993,2.81692,-0.510677
211,4.95688,2.82625,-0.513744
211,5.00591,2.88424,-0.540155
211,4.99657,3.11078,-0.902882
211,6.03605,4.72649,-1.61336
211,5.05615,0.825387,0.383253
210,5.05615,0.825387,0.383253
211,4.56553,1.13755,0.277337
210,4.56553,1.13755,0.277337
211,5.01929,0.206344,0.00558387
210,5.01929,0.206344,0.00558387
211,5.11405,0.954406,0.222116
210,5.11405,0.954406,0.222116
211,4.99846,0.800739,-0.0603364
210,4.99846,0.800739,-0.0603364
211,5.50695,0.907365,-0.508749
210,5.50695,0.907365,-0.508749
211,5.16238,0.737556,0.0506453
210,5.16238,0.737556,0.0506453
211,3.96962,1.41386,-0.573633
210,3.96962,1.41386,-0.573633
211,3.82924,2.60261,-0.480622
210,3.82924,2.60261,-0.480622
211,5.08937,0.428132,0.327938
210,5.08937,0.428132,0.327938
211,4.91656,1.47023,-0.470239
210,4.91656,1.47023,-0.470239
211,8.11896,9.13416,-1.74654
166,8.11896,9.13416,-1.74654
211,5.24722,2.64857,0.846878
166,5.24722,2.64857,0.846878
211,5.06819,1.48045,-0.346474
166,5.06819,1.48045,-0.346474
211,5.04836,1.46617,-0.146273
166,5.04836,1.46617,-0.146273
211,5.03498,1.21896,1.52123
166,5.03498,1.21896,1.52123
211,5.19616,1.61075,-0.17371
166,5.19616,1.61075,-0.17371
211,5.29903,-0.122654,-0.587752
166,5.29903,-0.122654,-0.587752
211,4.96674,2.26739,0.0532995
166,4.96674,2.26739,0.0532995
211,5.18175,0.342811,1.0663
166,5.18175,0.342811,1.0663
211,5.29831,0.546757,0.280673
166,5.29831,0.546757,0.280673
211,4.93312,0.350288,0.70829
166,4.93312,0.350288,0.70829
211,7.29802,4.95726,0.457087
209,7.29802,4.95726,0.457087
211,2.82033,-0.226639,0.715975
209,2.82033,-0.226639,0.715975
211,3.8666,3.04165,-0.468165
209,3.8666,3.04165,-0.468165
211,4.68817,1.22719,0.0779855
165,4.68817,1.22719,0.0779855
211,4.9485,2.27858,0.690256
165,4.9485,2.27858,0.690256
211,4.85765,1.38321,0.0430207
165,4.85765,1.38321,0.0430207
211,3.80817,1.57482,-0.625463
165,3.80817,1.57482,-0.625463
211,5.03585,1.65491,1.05018
165,5.03585,1.65491,1.05018
211,5.69498,4.00745,-0.227956
73,5.69498,4.00745,-0.227956
211,5.04841,2.82151,1.22956
73,5.04841,2.82151,1.22956
211,4.15301,1.38021,-0.611386
73,4.15301,1.38021,-0.611386
211,5.23648,0.694237,-0.174905
71,5.23648,0.694237,-0.174905
211,5.4698,-0.48392,-0.485484
71,5.4698,-0.48392,-0.485484
211,4.85053,1.41709,0.112261
208,4.85053,1.41709,0.112261
211,5.1175,1.53691,0.176488
208,5.1175,1.53691,0.176488
211,3.5907,2.70561,-0.39609
208,3.5907,2.70561,-0.39609
211,4.92921,2.02367,-0.0846675
30,4.92921,2.02367,-0.0846675
211,5.18772,1.70086,-0.454347
30,5.18772,1.70086,-0.454347
211,3.69086,2.90866,-0.457638
30,3.69086,2.90866,-0.457638
211,3.10294,1.34756,-0.548893
30,3.10294,1.34756,-0.548893
211,4.93257,2.29357,-0.440621
31,4.93257,2.29357,-0.440621
211,8.15536,8.55974,-1.3239
31,8.15536,8.55974,-1.3239
211,3.81682,2.83406,0.0530342
74,3.81682,2.83406,0.0530342
211,4.79788,2.85383,1.39744
74,4.79788,2.85383,1.39744
211,3.86064,0.466326,-0.575474
207,3.86064,0.466326,-0.575474
212,3.1054,-0.343981,0.907192
212,2.87547,1.68455,-0.0419069
212,5.30787,-0.145019,0.692071
212,5.26852,-0.0428029,1.11242
212,5.27857,-0.0971797,0.387927
212,5.26595,-0.00133181,1.28839
212,5.29025,0.00753105,1.51281
212,5.30056,0.00204158,1.52579
212,5.31435,-0.0895635,0.380621
212,5.26453,0.0670159,1.72162
212,5.26391,0.00609785,0.873113
212,5.27099,0.00474179,0.893791
212,5.36131,-0.000920236,1.79086
212,5.29029,0.0656713,1.73343
212,5.26108,0.0847057,1.6525
212,5.36041,-0.0114988,1.50805
212,5.23872,-0.0120986,0.088307
212,5.2444,0.00134331,0.290297
212,5.24487,-0.000694633,0.253175
212,5.33423,0.0171711,1.4474
212,5.26984,0.0912909,1.61183
212,5.23643,-0.0104122,-0.0737008
212,5.29569,0.0842045,1.731
212,5.21096,0.150019,1.61736
212,5.2133,0.156138,1.71012
212,5.29825,0.0784843,1.62116
212,5.29689,0.00273865,0.630938
212,5.31741,-0.0036146,0.723282
212,5.3536,-0.0214608,0.873954
212,5.3152,0.0823926,1.74414
212,5.28462,0.0127622,0.473375
212,5.18681,0.198957,1.73179
212,5.28502,0.109388,1.66102
212,5.29201,0.00472045,0.300432
212,5.30753,0.0992508,1.60846
212,5.30004,0.113469,1.65573
212,5.26559,0.146159,1.68581
212,3.16812,1.83374,-0.0450583
212,5.30678,0.12768,1.59024
212,5.28712,0.157065,1.69951
212,5.27366,0.102071,0.684621
212,5.2707,0.0961827,0.570998
212,5.29927,0.154022,1.5826
212,5.30896,0.162968,1.58372
212,5.30087,0.106682,0.688823
212,5.31456,0.167238,1.58766
212,5.25135,0.167826,0.358026
212,5.28987,0.210716,1.22211
212,5.28979,0.223681,1.19944
212,5.24527,0.179583,0.0570567
212,5.2303,0.345522,1.7601
212,5.23806,0.339651,1.76242
212,5.25169,0.238081,0.541687
212,5.26071,0.199733,-0.0581042
212,5.21907,0.279062,0.425535
212,5.27911,0.339579,1.5947
212,5.24232,0.337789,0.895742
212,5.24833,0.266307,0.0445127
212,5.23757,0.322254,0.425143
212,5.28794,0.368186,1.27849
212,5.26608,0.380493,1.13778
212,5.27442,0.388023,1.1413
212,5.27172,0.373947,0.910982
212,5.23777,0.318409,-0.228493
212,5.23727,0.38299,0.449271
212,5.23992,0.40169,0.702881
212,5.26063,0.396208,0.748863
212,5.2429,0.388408,0.443093
212,5.22225,0.378825,0.0791324
212,5.22497,0.484982,1.42529
212,5.23515,0.4944,1.51324
212,5.32856,0.431661,1.67289
212,5.28199,0.335712,-0.0982604
212,5.26406,0.387439,0.349808
212,5.32768,0.442359,1.69174
212,5.22525,0.453808,0.628368
212,5.18602,0.475882,0.425009
212,5.25233,0.504572,1.42715
212,5.24506,0.381116,-0.253926
212,5.22512,0.532376,1.41509
212,5.24687,0.497806,1.20331
212,5.22551,0.535182,1.42008
212,5.26793,0.502769,1.44511
212,5.18766,0.527783,0.878155
212,5.23722,0.496079,0.871568
212,5.23423,0.503705,0.88091
212,5.19804,0.493214,0.310576
212,5.20344,0.490483,0.304829
212,5.22038,0.433569,-0.244687
212,5.27291,0.515558,1.27811
212,5.23635,0.541365,1.1835
212,5.23387,0.450629,-0.0273659
212,5.22024,0.500697,0.435495
212,5.2371,0.544988,1.11294
212,5.27788,0.549301,1.52746
212,5.25057,0.45206,-0.032709
212,5.2063,0.490305,-0.0400923
212,5.22883,0.564201,1.11151
212,5.30434,0.534865,1.49795
212,5.28941,0.517211,0.853612
212,5.32677,0.560469,1.79181
212,5.2576,0.515608,0.441117
212,5.24143,0.514693,0.234619
212,5.21778,0.5409,0.213214
212,5.26553,0.521247,0.475689
212,5.25005,0.517854,0.217382
212,5.2542,0.520105,0.222319
212,5.20134,0.541602,-0.100589
212,5.32923,0.581436,1.79178
212,5.20363,0.541344,-0.103513
212,5.19045,0.594569,0.398692
212,5.26569,0.636192,1.69797
212,5.20773,0.536797,-0.3388
212,5.25333,0.521845,-0.0724984
212,5.24826,0.50771,-0.32448
212,5.21478,0.556572,-0.11154
212,5.2174,0.603344,0.375741
212,5.22565,0.611203,0.394877
212,5.25249,0.697219,1.76942
212,5.28471,0.529836,0.000131249
212,5.22511,0.613775,0.391025
212,5.31169,0.654997,1.83613
212,5.18369,0.727938,0.674874
212,5.14775,0.783671,0.965039
212,5.21015,0.766843,1.39947
212,5.27139,0.805426,1.77438
212,5.09652,0.975014,1.72702
212,5.15499,0.811772,0.227134
212,5.17956,0.819571,0.557325
212,5.1602,0.80491,0.0373179
212,5.15688,0.803747,-0.0631173
212,5.1612,0.79963,-0.074125
212,5.11457,0.982666,1.73188
212,5.18483,0.81668,0.389841
212,5.17041,0.812986,0.0806682
212,5.17655,0.808069,-0.0829252
212,5.17076,0.805033,-0.198867
212,5.10876,0.972269,1.17973
212,5.29712,0.696239,-0.346299
212,5.18113,0.820006,-0.15276
212,5.14071,0.990144,1.54811
212,5.13391,0.978244,1.262
212,5.18242,0.829908,-0.0918509
212,5.16152,0.98927,1.62301
212,5.15113,0.924405,0.631815
212,5.18958,0.906412,0.808298
212,5.1516,0.980464,1.27436
212,5.15988,0.925082,0.650965
212,5.19904,0.824532,-0.221511
212,5.16059,0.996363,1.52401
212,5.20354,0.90775,0.80808
212,5.17389,0.992611,1.51705
212,5.12962,0.94988,0.481961
212,5.15519,0.992127,1.16492
212,5.14647,0.945054,0.464447
212,5.12247,0.960042,0.37926
212,5.08312,1.10212,1.74754
212,5.18226,1.0031,1.52863
212,5.18412,1.00352,1.51339
212,5.16829,0.993279,1.16715
212,5.19626,1.00679,1.6292
212,5.17061,1.00317,1.27944
212,5.14102,0.981425,0.582885
212,5.16209,0.999236,0.974811
212,5.13859,1.07832,1.67633
212,5.18549,1.01277,1.27689
212,5.22826,0.978511,1.29222
212,5.15553,0.992399,0.578148
212,5.13943,0.979096,0.194238
212,5.17324,1.0046,0.88284
212,5.26095,1.05205,2.194
212,5.12404,1.14006,1.7465
212,5.09776,1.01344,-0.217352
212,5.2444,1.08165,2.16845
212,5.26186,1.07016,2.18811
212,5.15233,1.03821,0.451552
212,5.169,0.998475,0.0691417
212,5.15594,1.0364,0.213194
212,5.10528,1.20934,1.72768
212,5.1653,1.16214,1.76288
212,5.15417,1.17221,1.76067
212,5.18421,0.996057,-0.42403
212,5.17081,1.18504,1.77945
212,5.10975,1.22158,1.56374
212,5.17937,1.18912,1.77844
212,5.19577,1.00193,-0.462997
212,5.16123,1.06215,-0.218806
212,5.29712,1.13997,2.18894
212,5.1124,1.21338,1.01408
212,5.13263,1.25243,1.71166
212,5.12915,1.18336,0.75401
212,5.1375,1.16409,0.580812
212,5.12962,1.17846,0.482359
212,5.17557,1.21206,1.36062
212,5.13614,1.22695,1.01353
212,5.12778,1.21802,0.791852
212,5.12312,1.28601,1.53942
212,5.15298,1.2347,1.01689
212,5.19728,1.23258,1.35659
212,5.08458,1.29534,0.707123
212,5.09899,1.34219,1.42312
212,5.27487,1.0625,-0.443904
212,5.11295,1.34899,1.42038
212,5.14282,1.26524,0.452082
212,3.6047,2.76325,2.22879
212,5.06148,1.44473,1.32244
212,5.10206,1.40677,1.15178
212,3.18423,2.92969,-0.539255
212,5.04517,1.471,1.15017
212,5.11755,1.41617,1.16198
212,5.08228,1.46133,1.32459
212,3.61639,2.80177,2.25124
212,3.62021,2.82221,2.25007
212,3.6239,2.821,2.25553
212,5.08002,1.46429,0.91047
212,3.66572,2.6704,0.732313
212,5.16599,1.49032,1.77445
212,5.14574,1.50885,1.65687
212,5.06083,1.51988,0.6137
212,5.11625,1.55874,1.44565
212,3.69518,2.72347,0.73226
212,5.07458,1.58529,1.31344
212,3.69085,2.87009,2.24164
212,5.07284,1.50377,-0.0370821
212,5.17584,1.56402,1.76177
212,3.79377,2.75067,1.75561
212,3.81015,2.67157,0.898129
212,3.81353,2.67088,0.913041
212,5.20703,1.5434,1.78217
212,3.61552,2.78693,0.104397
212,3.80476,2.71148,1.17608
212,5.2323,1.53562,1.79829
212,5.19171,1.56987,1.77552
212,3.7536,2.81291,1.82932
212,5.08613,1.6415,1.46703
212,3.79275,2.78934,1.77311
212,5.20003,1.58023,1.76865
212,5.1135,1.62242,1.33352
212,3.75947,2.73319,0.67187
212,5.22883,1.55865,1.77904
212,5.24971,1.54609,1.81211
212,5.12797,1.6308,1.53964
212,5.03699,1.73227,1.74257
212,3.80573,2.70611,0.635108
212,5.09093,1.69198,1.76764
212,5.0905,1.71227,1.77087
212,5.0964,1.68691,1.47706
212,3.62929,2.84203,0.0963969
212,5.26163,1.57811,1.80393
212,3.78164,2.76255,0.525108
212,3.63648,2.85737,0.0907378
212,3.84625,2.76254,1.16718
212,5.11876,1.72167,1.77113
212,3.48602,2.94817,-0.49749
212,5.12307,1.69406,1.41572
212,5.11631,1.69656,1.28426
212,5.12017,1.73895,1.79066
212,3.73902,2.83473,0.561484
212,5.14242,1.73386,1.76542
212,5.13381,1.74336,1.77171
212,5.16073,1.56935,-0.378986
212,3.84013,2.88703,1.79896
212,3.7594,2.86729,0.546937
212,5.15462,1.77467,1.79385
212,3.82002,2.8271,0.164789
212,3.55415,3.01,-0.51322
212,5.01661,1.84333,0.17986
212,5.08497,1.76861,-0.484824
212,3.78073,2.98805,0.706456
212,5.11889,1.85333,0.622993
212,3.79554,3.07323,1.01493
212,5.01669,1.8976,-0.605244
212,4.99868,1.99175,0.345411
212,5.0112,1.90721,-0.599161
212,5.20761,1.76605,-0.634292
212,5.02385,2.01467,0.336866
212,4.95953,2.0648,-0.123132
212,4.11732,2.81579,-0.535361
212,5.02889,2.14583,0.507228
212,5.02187,2.13721,-0.145298
212,4.97351,2.26102,0.0835256
212,4.26617,2.96448,0.971471
212,4.38721,2.90593,1.17994
212,4.94641,2.33897,-0.104022
212,4.39626,2.89691,0.602767
212,4.38897,2.92079,0.630601
212,4.38268,2.93113,0.653244
212,4.40913,2.98962,0.913671
212,4.43116,3.0015,1.18885
212,4.42834,2.97983,0.619974
212,4.75156,2.79407,1.58324
212,4.72833,2.80825,1.24988
212,4.766,2.78621,1.27387
212,4.43935,3.01446,0.604859
212,4.77251,2.80059,1.38973
212,4.4195,3.06955,0.896341
212,4.75582,2.86332,1.62454
212,4.44832,3.06143,0.627308
212,4.74788,2.85705,1.25803
212,4.764,2.8768,1.6323
212,4.76634,2.87643,1.63042
212,4.76251,2.88556,1.24362
212,4.63073,3.05631,1.91032
212,4.79685,2.89128,1.62714
212,4.94352,2.78033,1.53681
212,4.91661,2.74449,0.556137
212,5.00948,2.75048,1.62132
212,4.85101,2.8961,1.7372
212,4.96496,2.76111,1.26555
212,4.97329,2.76008,1.27372
212,5.00582,2.76417,1.61686
212,4.99393,2.77671,1.6332
212,4.87058,2.71941,-0.477179
212,4.94238,2.80906,1.27059
212,5.33865,2.57957,2.64969
212,4.99447,2.77249,1.25356
212,5.0086,2.78309,1.50927
212,4.91808,2.78822,0.576904
212,4.67087,3.11284,1.92395
212,4.92669,2.7886,0.552138
212,5.36116,2.59378,2.66002
212,4.89753,2.75296,-0.479846
212,5.38607,2.62377,2.68869
212,4.96411,2.81952,0.547715
212,4.95857,2.83213,0.569508
212,4.77105,3.10558,1.9142
212,5.30816,2.68607,1.85894
212,4.95736,2.83052,-0.521607
212,4.9985,2.80224,-0.459775
212,4.9639,2.84076,-0.509318
212,5.10045,2.90969,1.79833
212,4.99265,2.84306,-0.496739
212,4.89068,3.12187,1.90133
212,4.94006,3.08441,1.93909
212,5.14495,2.90705,1.64548
212,5.1201,2.96291,1.81316
212,4.93483,3.16557,1.93189
212,4.9348,3.18014,1.91889
212,4.94584,3.19416,1.9132
212,5.23292,3.03702,1.84706
212,5.0242,3.24083,1.98405
212,5.00206,3.26023,1.97825
212,4.98222,3.31515,2.29052
212,4.44407,3.71842,1.18562
212,5.11598,3.33561,2.30226
212,5.17039,3.42659,2.62384
212,5.51413,3.77655,-1.3368
212,4.93268,4.86863,1.24754
212,10.9966,18.8854,-1.04587
212,5.03159,1.02808,1.29104
211,5.03159,1.02808,1.29104
212,5.09972,1.75464,0.54342
211,5.09972,1.75464,0.54342
212,5.34375,1.42789,0.329432
211,5.34375,1.42789,0.329432
212,5.21111,0.423155,0.497796
211,5.21111,0.423155,0.497796
212,5.24668,0.32678,-0.308258
211,5.24668,0.32678,-0.308258
212,3.82761,3.2289,-0.0608217
211,3.82761,3.2289,-0.0608217
212,4.94706,0.964778,1.28111
211,4.94706,0.964778,1.28111
212,4.97741,1.01589,1.3276
211,4.97741,1.01589,1.3276
212,4.91287,0.98701,1.1345
211,4.91287,0.98701,1.1345
212,5.28701,0.270538,0.881578
211,5.28701,0.270538,0.881578
212,5.18151,0.52623,-0.315607
211,5.18151,0.52623,-0.315607
212,5.09784,1.70962,1.35944
211,5.09784,1.70962,1.35944
212,5.14726,-0.0618115,0.715743
211,5.14726,-0.0618115,0.715743
212,3.74877,2.94478,0.214294
211,3.74877,2.94478,0.214294
212,3.83203,2.97338,-0.427306
211,3.83203,2.97338,-0.427306
212,4.99973,2.92437,1.29153
211,4.99973,2.92437,1.29153
212,4.98564,1.09856,1.1683
166,4.98564,1.09856,1.1683
212,5.16809,3.2523,1.15161
166,5.16809,3.2523,1.15161
212,5.26145,0.392632,-0.140421
166,5.26145,0.392632,-0.140421
212,3.55766,1.12998,0.0950165
166,3.55766,1.12998,0.0950165
212,5.2556,0.390397,-0.140407
166,5.2556,0.390397,-0.140407
212,5.23073,0.0740665,1.64528
166,5.23073,0.0740665,1.64528
212,5.18483,0.469116,1.49248
166,5.18483,0.469116,1.49248
212,5.23639,-0.0178689,0.713766
166,5.23639,-0.0178689,0.713766
212,5.63235,0.113347,-0.172805
166,5.63235,0.113347,-0.172805
212,4.92638,1.86561,-0.555949
210,4.92638,1.86561,-0.555949
212,4.94271,1.81766,-0.168992
210,4.94271,1.81766,-0.168992
212,5.09094,1.66701,-0.114742
210,5.09094,1.66701,-0.114742
212,5.07892,2.04824,-0.638909
210,5.07892,2.04824,-0.638909
212,5.24938,0.305043,-0.275693
210,5.24938,0.305043,-0.275693
212,3.56697,2.87925,-0.0178192
210,3.56697,2.87925,-0.0178192
212,5.11142,0.891055,0.726998
209,5.11142,0.891055,0.726998
212,5.25345,0.263068,0.566935
209,5.25345,0.263068,0.566935
212,5.2321,0.162604,0.317771
209,5.2321,0.162604,0.317771
212,3.38952,-0.00551905,0.545085
165,3.38952,-0.00551905,0.545085
212,5.25353,2.39536,0.625116
165,5.25353,2.39536,0.625116
212,5.64273,3.1358,1.21766
32,5.64273,3.1358,1.21766
212,4.01859,0.910303,1.06134
32,4.01859,0.910303,1.06134
212,5.22045,1.50824,-0.406679
32,5.22045,1.50824,-0.406679
212,5.11706,1.68362,-0.388094
32,5.11706,1.68362,-0.388094
212,3.25663,3.31945,-0.139283
32,3.25663,3.31945,-0.139283
212,5.17564,1.24964,0.708274
73,5.17564,1.24964,0.708274
212,5.19757,0.360343,0.0676813
73,5.19757,0.360343,0.0676813
212,3.47409,3.20266,-0.0819952
31,3.47409,3.20266,-0.0819952
212,5.19216,1.48847,-0.533334
30,5.19216,1.48847,-0.533334
212,3.62204,2.43889,-0.63877
30,3.62204,2.43889,-0.63877
212,3.78026,2.74366,0.640921
30,3.78026,2.74366,0.640921
212,2.88371,1.94003,0.32026
30,2.88371,1.94003,0.32026
212,5.0646,1.52422,0.0414119
30,5.0646,1.52422,0.0414119
212,5.16088,2.68421,0.335332
208,5.16088,2.68421,0.335332
212,4.9819,1.45649,-0.034959
207,4.9819,1.45649,-0.034959
213,3.03375,-0.568215,0.832731
213,5.26866,0.0624024,1.73844
213,5.27986,0.00495797,1.51647
213,5.2509,0.136699,1.76506
213,5.28199,-0.253606,0.228691
213,5.26417,0.00601435,1.23787
213,5.25368,0.143429,1.7651
213,5.26226,0.139939,1.76786
213,5.23131,0.158072,1.71738
213,5.32219,-0.0315278,1.11199
213,5.32483,0.019385,1.23374
213,5.2913,0.188551,1.6185
213,5.27698,0.112717,1.24576
213,5.30949,0.022678,0.867831
213,5.30366,-0.0854094,0.382923
213,5.31654,-0.0842147,0.386068
213,5.2634,0.049439,0.724143
213,5.24639,0.0089004,0.484601
213,5.28983,0.0478445,0.78117
213,5.25598,0.0412177,0.613884
213,5.27523,0.0494,0.719968
213,5.26975,0.04071,0.612304
213,5.2604,0.124715,0.873119
213,5.24399,0.113013,0.753938
213,5.295,0.0746426,0.76938
213,5.21799,-0.0595331,-0.092971
213,5.22644,-0.0776864,-0.193532
213,5.27094,0.00950837,0.311562
213,5.28483,-0.0584126,0.0782855
213,5.28089,0.00869745,0.309715
213,5.27531,0.105159,0.686033
213,5.2072,0.00264931,-0.00721467
213,5.2387,-0.0699031,-0.209787
213,5.28356,0.123791,0.747691
213,5.2803,0.188153,0.98555
213,5.27469,0.0046103,0.108781
213,5.32125,0.0220615,0.302299
213,5.26334,0.0106741,0.0258073
213,5.27868,0.337407,1.43452
213,5.26343,0.00025034,-0.0559582
213,5.26607,0.0179111,0.012519
213,5.22394,-0.00336242,-0.28198
213,5.26072,0.307327,1.05789
213,5.25935,0.18359,0.420855
213,5.26703,0.408129,1.24004
213,5.28574,0.339628,0.988309
213,5.27933,0.273825,0.668617
213,5.29781,0.542001,1.77504
213,5.28298,0.0712032,-0.291301
213,5.24689,0.352975,0.743581
213,5.29313,0.166043,0.127193
213,5.29318,0.398593,1.07875
213,5.28332,0.0910986,-0.278854
213,5.299,0.282219,0.553397
213,5.23078,0.260467,0.186921
213,5.24517,0.391758,0.738529
213,5.2755,0.456712,1.08463
213,5.238,0.564598,1.36525
213,5.25491,0.364772,0.59239
213,5.30977,0.293248,0.482589
213,5.25758,0.269888,0.182482
213,5.1962,0.310529,0.0983257
213,5.25272,0.391376,0.652631
213,5.26436,0.401046,0.718779
213,5.23786,0.333406,0.326277
213,5.25902,0.20274,-0.157916
213,5.2297,0.3301,0.233053
213,5.2338,0.326747,0.225747
213,5.20959,0.319155,0.0960469
213,5.29286,0.518959,1.23477
213,5.23847,0.404114,0.526948
213,5.23262,0.550434,1.11431
213,5.21511,0.663085,1.49767
213,5.39907,0.610981,1.80103
213,5.27415,0.567067,1.1113
213,5.25638,0.681161,1.50104
213,5.24169,0.552562,0.870762
213,5.25341,0.517321,0.706486
213,3.77787,1.5526,-0.624531
213,5.24848,0.779082,1.76193
213,5.229,0.504023,0.50268
213,5.26074,0.522253,0.700331
213,5.22827,0.511815,0.484609
213,5.18337,0.346941,-0.413757
213,3.8507,1.52323,-0.613275
213,5.25657,0.32824,-0.237044
213,5.22315,0.551223,0.56317
213,5.20775,0.547053,0.478241
213,5.21881,0.502928,0.31592
213,5.2039,0.497554,0.218142
213,5.28893,0.805613,1.77266
213,5.25887,0.519576,0.431793
213,5.26516,0.527457,0.476602
213,5.23719,0.514946,0.312665
213,5.23554,0.512156,0.294534
213,5.23232,0.509066,0.223069
213,4.55625,1.12699,0.182063
213,5.19941,0.503908,0.033864
213,5.20259,0.492726,-0.0332782
213,5.26324,0.520828,0.28739
213,5.21867,0.438982,-0.241024
213,5.25753,0.52665,0.222345
213,5.25277,0.391633,-0.394294
213,5.20501,0.677902,0.585566
213,5.18279,0.539576,-0.0924644
213,5.22868,0.506843,-0.085083
213,5.36055,0.844761,1.78725
213,5.18827,0.741017,0.657702
213,5.23145,0.449969,-0.399434
213,5.15196,0.995753,1.56672
213,5.24942,0.622294,0.371742
213,5.16648,0.940281,1.30483
213,5.19749,0.558273,-0.208692
213,5.11845,1.00258,1.32159
213,5.22459,0.825886,0.969147
213,4.10326,1.48396,-0.63101
213,5.24797,0.567239,-0.120041
213,5.19227,0.960344,1.2945
213,5.19346,0.961957,1.30366
213,5.11682,0.962428,0.963834
213,5.10392,0.972532,0.924917
213,5.16852,0.820163,0.482259
213,5.2191,1.02159,1.50724
213,5.17058,0.821293,0.481799
213,5.19367,0.825911,0.565991
213,5.22201,0.976762,1.30138
213,5.18228,0.881499,0.669825
213,5.1465,0.988784,0.970733
213,5.20044,1.01472,1.28547
213,5.236,0.576049,-0.420787
213,5.18397,1.01022,1.16154
213,5.18729,1.01924,1.18292
213,5.12994,0.850519,0.230925
213,5.25427,0.582516,-0.427954
213,5.15862,1.19342,1.71737
213,5.14188,0.85887,0.228072
213,4.32629,1.40012,-0.639862
213,5.15704,0.93087,0.564635
213,5.16105,1.00045,0.869512
213,5.13826,0.935292,0.498394
213,5.16506,0.80081,0.0251389
213,5.2078,0.895136,0.577541
213,5.27897,0.591908,-0.430344
213,4.46282,1.28895,-0.661199
213,5.14962,1.23498,1.74495
213,5.1731,1.20044,1.68884
213,5.21278,0.740285,-0.12123
213,5.15662,0.900388,0.332554
213,4.35379,1.43444,-0.586907
213,5.20129,1.17987,1.51782
213,5.18509,1.26179,1.75526
213,5.17172,1.20294,1.43696
213,4.47475,1.37702,-0.59797
213,5.185,0.982748,0.465886
213,5.19888,1.20075,1.42107
213,5.16397,1.27774,1.55993
213,5.1725,0.802653,-0.417986
213,4.46673,1.41382,-0.60755
213,5.15376,0.990315,0.249828
213,4.55224,1.35252,-0.548525
213,4.55507,1.35439,-0.565202
213,5.19468,0.817308,-0.434406
213,5.137,1.36173,1.5103
213,5.12709,1.22467,0.886403
213,4.57869,1.3811,-0.582905
213,5.12443,1.36181,1.42212
213,5.14306,1.37392,1.50457
213,5.1136,1.24468,0.843608
213,5.14865,1.36251,1.46582
213,5.16847,1.25157,1.0267
213,5.161,1.36581,1.46887
213,5.11925,1.17846,0.521488
213,5.15857,1.17548,0.589292
213,5.08264,1.46431,1.33739
213,5.09419,1.53082,1.53777
213,4.66063,1.40693,-0.663866
213,4.71057,1.35852,-0.690876
213,4.66304,1.41976,-0.625572
213,3.80711,2.78829,1.78867
213,5.21532,1.0134,-0.385145
213,3.81438,2.82581,1.78661
213,5.21982,1.02594,-0.372119
213,4.74526,1.402,-0.679093
213,5.2252,1.02404,-0.430785
213,5.10851,1.52312,1.14707
213,5.11928,1.56414,1.3187
213,5.13894,1.57784,1.40573
213,5.10655,1.49334,0.902828
213,5.08327,1.6595,1.34007
213,5.07387,1.6926,1.36915
213,5.08188,1.47333,0.424475
213,5.11639,1.63933,1.13587
213,3.77402,2.76696,0.668371
213,3.71527,2.84311,0.74925
213,5.13643,1.64951,1.13462
213,3.81641,2.74363,0.642539
213,5.10291,1.56133,0.58105
213,5.10786,1.56644,0.592642
213,5.15793,1.82285,1.79267
213,5.09681,1.71353,1.00484
213,5.14697,1.87166,1.80064
213,3.85114,2.78498,0.640834
213,3.74945,2.88397,0.55233
213,3.81186,2.83433,0.526589
213,5.05994,1.74346,0.628017
213,3.64299,2.91328,0.0819665
213,5.06245,1.74326,0.627883
213,5.07338,1.73619,0.560307
213,5.07838,1.48793,-0.459967
213,3.80999,2.81105,0.178857
213,5.12039,1.5409,-0.165463
213,5.11448,1.52639,-0.363975
213,5.0998,1.76226,0.548721
213,5.10364,1.51186,-0.499931
213,5.11012,1.7074,0.235349
213,4.1586,2.76594,0.981888
213,5.11275,1.79215,0.541705
213,5.123,1.78763,0.542624
213,5.1208,1.80979,0.62305
213,3.80451,3.04216,0.708045
213,5.13775,1.79563,0.534477
213,3.81191,3.07591,0.689769
213,3.74683,2.99135,0.00449204
213,5.03978,1.81303,0.0164205
213,5.13921,1.70789,-0.143149
213,4.26875,2.77903,0.913192
213,5.06173,1.88854,0.216647
213,5.12969,1.69248,-0.385302
213,4.87826,1.90077,-0.521082
213,5.04354,1.77821,-0.49178
213,5.18814,1.92637,0.587769
213,5.09862,1.75135,-0.517758
213,3.83106,2.94314,-0.399163
213,4.29664,2.77655,0.64907
213,4.36552,2.86785,1.22122
213,3.86714,2.89899,-0.604162
213,5.12329,1.77293,-0.59127
213,5.12847,1.78112,-0.542378
213,4.37697,2.89015,1.17121
213,4.38239,2.88727,1.15949
213,5.00082,1.91323,-0.595165
213,3.85041,3.00784,-0.429385
213,5.2017,1.74837,-0.619273
213,4.3949,2.91878,1.16396
213,3.95853,2.91616,-0.59878
213,5.18633,1.83641,-0.557262
213,5.00764,2.23864,0.421369
213,4.38112,2.87338,0.615969
213,5.00966,2.12106,-0.170303
213,4.37525,2.89678,0.627843
213,4.39407,2.89496,0.648043
213,4.75721,2.79125,1.38266
213,4.77161,2.87458,1.63382
213,4.79273,2.84002,1.52889
213,4.75188,2.89876,1.61302
213,4.77683,2.88255,1.62926
213,5.00172,2.35284,0.260543
213,4.78504,2.82464,1.28008
213,4.74798,2.86,1.25334
213,4.80104,2.82253,1.27746
213,4.9346,2.70843,1.26239
213,4.92993,2.71462,1.26936
213,4.99625,2.74291,1.60667
213,4.95456,2.70111,1.21513
213,4.95521,2.72477,1.2592
213,4.9672,2.72366,1.25359
213,4.8427,2.84527,1.27603
213,4.78421,2.90016,1.27329
213,4.77425,2.9108,1.21935
213,4.9763,2.73486,1.23949
213,4.9797,2.81643,1.57171
213,4.95442,2.9154,1.68407
213,4.78828,3.1386,1.90378
213,4.78978,3.14106,1.90085
213,4.72497,3.22467,1.92508
213,4.9618,2.8835,1.19658
213,4.95786,3.10837,1.90024
213,4.95089,2.79637,0.550751
213,4.9276,3.15636,1.89591
213,4.97867,2.85524,0.555344
213,5.05171,3.2091,2.28752
213,5.0057,3.17863,1.91514
213,4.99925,2.90272,0.535945
213,4.91069,2.78763,-0.490655
213,4.97077,2.87349,-0.541126
213,5.0586,2.89668,-0.479688
213,4.99658,3.22127,1.68867
212,4.99658,3.22127,1.68867
213,5.24539,0.976734,-0.296827
212,5.24539,0.976734,-0.296827
213,4.91345,1.18387,1.6208
212,4.91345,1.18387,1.6208
213,5.00585,0.972881,0.619417
212,5.00585,0.972881,0.619417
213,5.09419,1.07592,1.10853
212,5.09419,1.07592,1.10853
213,5.10213,1.33465,1.58951
212,5.10213,1.33465,1.58951
213,5.23667,0.974361,0.50065
212,5.23667,0.974361,0.50065
213,5.34442,0.662765,0.328043
212,5.34442,0.662765,0.328043
213,5.08163,0.944762,0.589579
212,5.08163,0.944762,0.589579
213,5.24091,0.974784,0.501619
212,5.24091,0.974784,0.501619
213,5.12299,0.707826,1.72768
212,5.12299,0.707826,1.72768
213,5.01158,1.14768,0.56468
212,5.01158,1.14768,0.56468
213,5.26356,0.987904,-0.304723
212,5.26356,0.987904,-0.304723
213,5.35226,0.085434,0.834785
212,5.35226,0.085434,0.834785
213,5.10234,1.34792,1.42239
212,5.10234,1.34792,1.42239
213,3.78575,2.75191,1.77332
212,3.78575,2.75191,1.77332
213,5.26607,0.637957,0.378349
212,5.26607,0.637957,0.378349
213,5.2255,0.402682,0.534017
212,5.2255,0.402682,0.534017
213,5.17152,1.73241,-0.413496
212,5.17152,1.73241,-0.413496
213,5.44612,0.220402,-0.249383
212,5.44612,0.220402,-0.249383
213,5.2024,1.22973,1.69873
212,5.2024,1.22973,1.69873
213,5.59877,0.46859,0.225627
212,5.59877,0.46859,0.225627
213,5.34963,0.587972,-0.20702
212,5.34963,0.587972,-0.20702
213,5.31992,0.176265,1.69804
212,5.31992,0.176265,1.69804
213,3.85063,2.85516,-0.573374
212,3.85063,2.85516,-0.573374
213,5.3183,0.722254,1.83042
212,5.3183,0.722254,1.83042
213,5.38965,0.122799,1.68888
212,5.38965,0.122799,1.68888
213,5.36192,0.439388,0.170948
212,5.36192,0.439388,0.170948
213,5.07586,1.45952,1.61543
212,5.07586,1.45952,1.61543
213,4.46892,2.41832,1.74747
212,4.46892,2.41832,1.74747
213,4.86,0.804056,1.68734
212,4.86,0.804056,1.68734
213,3.58583,2.21614,0.315258
212,3.58583,2.21614,0.315258
213,4.89055,-0.0851198,0.365144
212,4.89055,-0.0851198,0.365144
213,3.81848,2.72091,0.904666
212,3.81848,2.72091,0.904666
213,3.99843,3.40399,0.626579
212,3.99843,3.40399,0.626579
213,5.16025,0.865208,0.142798
211,5.16025,0.865208,0.142798
213,4.65398,2.70413,1.56326
211,4.65398,2.70413,1.56326
213,4.36675,1.48989,1.31453
211,4.36675,1.48989,1.31453
213,5.33988,0.386534,-0.44439
211,5.33988,0.386534,-0.44439
213,5.07056,1.37109,-0.386939
211,5.07056,1.37109,-0.386939
213,5.14341,0.890782,0.365741
211,5.14341,0.890782,0.365741
213,5.1891,0.442252,0.62502
211,5.1891,0.442252,0.62502
213,4.90431,1.95358,-0.553384
211,4.90431,1.95358,-0.553384
213,5.02134,1.53213,-0.0286844
211,5.02134,1.53213,-0.0286844
213,5.15824,0.687178,1.1959
211,5.15824,0.687178,1.1959
213,2.75833,0.119463,1.10559
211,2.75833,0.119463,1.10559
213,5.32699,0.080388,0.826684
211,5.32699,0.080388,0.826684
213,4.59269,2.21704,1.54843
211,4.59269,2.21704,1.54843
213,5.20483,0.321816,0.338395
211,5.20483,0.321816,0.338395
213,3.49341,2.22716,0.341146
211,3.49341,2.22716,0.341146
213,2.9765,2.5434,0.0635827
211,2.9765,2.5434,0.0635827
213,5.05681,1.57017,1.52321
166,5.05681,1.57017,1.52321
213,5.14491,0.989684,0.892801
166,5.14491,0.989684,0.892801
213,5.27794,0.118374,1.64036
166,5.27794,0.118374,1.64036
213,5.05046,1.64038,0.0905437
210,5.05046,1.64038,0.0905437
213,5.39931,0.301764,-0.598182
210,5.39931,0.301764,-0.598182
213,2.80776,1.95076,0.695508
210,2.80776,1.95076,0.695508
213,5.19053,0.215583,-0.31998
209,5.19053,0.215583,-0.31998
213,5.22424,0.924294,-0.08209
73,5.22424,0.924294,-0.08209
213,5.45737,2.79712,0.582262
73,5.45737,2.79712,0.582262
213,4.41892,2.99256,0.915786
31,4.41892,2.99256,0.915786
213,3.8362,2.63287,-0.504783
31,3.8362,2.63287,-0.504783
213,3.30762,3.42636,-0.0653582
31,3.30762,3.42636,-0.0653582
213,3.46466,2.7434,-0.437159
30,3.46466,2.7434,-0.437159
213,3.55132,3.44417,-0.755571
30,3.55132,3.44417,-0.755571
213,4.33939,1.32359,-0.558059
30,4.33939,1.32359,-0.558059
213,3.5486,3.93983,-0.314322
32,3.5486,3.93983,-0.314322
213,5.24134,0.52564,0.0591378
208,5.24134,0.52564,0.0591378
214,3.16788,0.0946854,0.961256
214,2.37787,1.10122,-0.540226
214,3.24063,0.400549,-0.614641
214,3.12245,0.51049,-0.622225
214,3.12433,0.511342,-0.619036
214,3.24996,0.396929,-0.618522
214,3.33301,0.31686,-0.629527
214,3.24982,0.409582,-0.62099
214,3.46291,0.258075,-0.562757
214,3.2423,0.431184,-0.621374
214,3.02836,0.61373,-0.644879
214,3.09852,0.567332,-0.627238
214,3.20012,0.49547,-0.620176
214,3.48869,0.266974,-0.56468
214,3.04094,0.643788,-0.623724
214,3.04225,0.644218,-0.625059
214,3.21923,0.508262,-0.594676
214,3.20499,0.506754,-0.627372
214,2.61927,1.06408,-0.616442
214,2.35334,1.35475,-0.564268
214,3.12652,0.597674,-0.62419
214,3.13681,0.600094,-0.612577
214,3.43945,0.3463,-0.588692
214,3.01214,0.726712,-0.624374
214,3.44957,0.350195,-0.589689
214,3.03622,0.709315,-0.628413
214,3.45109,0.353254,-0.593267
214,3.73032,0.0670123,-0.635514
214,3.29246,0.503309,-0.594872
214,3.01771,0.734905,-0.629755
214,3.45775,0.360678,-0.604058
214,2.70206,1.09038,-0.577513
214,3.00593,0.767957,-0.651139
214,3.30401,0.526593,-0.607713
214,2.9037,0.888887,-0.624333
214,3.32526,0.511488,-0.621169
214,3.12286,0.691295,-0.633706
214,3.73712,0.144335,-0.603364
214,3.59191,0.326671,-0.550585
214,3.78957,0.086825,-0.635984
214,3.7432,0.152682,-0.609597
214,3.79716,0.0867504,-0.642336
214,3.12689,0.706487,-0.645919
214,3.11333,0.724751,-0.641374
214,3.65029,0.269319,-0.588882
214,3.64828,0.274284,-0.586491
214,2.93344,0.900392,-0.64326
214,3.32401,0.582776,-0.577836
214,3.03939,0.809156,-0.63695
214,2.71326,1.12814,-0.621305
214,3.23326,0.671817,-0.58693
214,3.67716,0.274623,-0.572083
214,3.02422,0.842412,-0.636552
214,2.96299,0.903807,-0.635515
214,3.00525,0.865292,-0.640224
214,2.98759,0.899419,-0.624986
214,2.3888,1.47602,-0.601107
214,3.7525,0.210846,-0.603156
214,3.65067,0.324145,-0.589473
214,3.66188,0.337306,-0.561405
214,2.8041,1.0818,-0.638649
214,2.81866,1.08001,-0.635483
214,5.31343,0.0178145,1.21733
214,3.76464,0.215643,-0.622073
214,3.70553,0.297807,-0.58841
214,3.25496,0.697813,-0.615511
214,3.36063,0.605182,-0.613456
214,2.96624,0.960676,-0.632008
214,3.03985,0.883524,-0.646007
214,3.35203,0.611678,-0.624905
214,3.25861,0.701643,-0.620859
214,3.01621,0.896372,-0.672405
214,3.71514,0.30646,-0.586783
214,3.26956,0.703309,-0.61586
214,2.39315,1.50471,-0.632353
214,3.25649,0.693883,-0.64985
214,3.05805,0.879963,-0.655354
214,5.31459,-0.0293298,1.08834
214,2.94386,1.01252,-0.634742
214,2.91568,1.01963,-0.664308
214,2.93804,1.02424,-0.646895
214,2.97622,0.985034,-0.653966
214,2.98429,0.992087,-0.649962
214,2.9222,1.06022,-0.635818
214,2.94723,1.03401,-0.643198
214,2.89084,1.07319,-0.668241
214,3.45171,0.624854,-0.562241
214,2.98326,1.0358,-0.642293
214,5.21551,0.176984,1.13735
214,5.20612,0.145268,1.03687
214,2.87576,1.1978,-0.616449
214,3.82956,0.336095,-0.585934
214,5.25691,0.00281489,0.882783
214,2.83489,1.26827,-0.590464
214,3.87974,0.281491,-0.626263
214,5.23,0.151339,1.03587
214,5.27806,0.00885957,0.868656
214,5.19576,0.0242226,0.776295
214,3.83978,0.378089,-0.579703
214,5.2012,0.0287532,0.774666
214,5.306,-0.317195,0.399731
214,3.84265,0.382222,-0.590049
214,3.84119,0.388856,-0.595696
214,5.21815,0.0389276,0.774221
214,3.63722,0.594015,-0.583317
214,3.64542,0.589887,-0.582685
214,3.63859,0.59825,-0.59165
214,3.64241,0.599097,-0.591606
214,5.24648,-0.00313205,0.641728
214,3.03984,1.18636,-0.641553
214,5.36076,-0.335334,0.248946
214,5.29559,0.337084,1.13083
214,3.98603,0.372801,-0.627324
214,3.10515,1.20734,-0.6653
214,5.27336,0.267882,0.906176
214,5.28174,0.336305,1.00621
214,5.26652,0.330425,0.976027
214,3.9663,0.462495,-0.622015
214,3.12619,1.21971,-0.663014
214,3.11687,1.22612,-0.672384
214,5.30175,-0.0852995,0.378531
214,5.29093,0.397753,1.07172
214,5.30616,-0.0760564,0.371812
214,3.8877,0.585942,-0.601404
214,5.32822,-0.423383,-0.118021
214,2.96389,1.449,-0.594849
214,2.91159,1.50416,-0.601894
214,5.24574,0.578602,1.23329
214,5.34987,-0.0656561,0.411433
214,4.99847,-0.351147,-0.499231
214,3.03472,1.39068,-0.626413
214,3.90539,0.620781,-0.586862
214,5.30341,0.0185797,0.424255
214,2.88025,1.52124,-0.682236
214,3.91063,0.618301,-0.618993
214,5.2657,-0.29051,-0.111399
214,5.03527,-0.318009,-0.469807
214,3.92511,0.622494,-0.615958
214,5.23467,-0.303678,-0.203316
214,5.33812,0.0307103,0.430341
214,3.92984,0.641293,-0.611688
214,5.39739,-0.0650989,0.350484
214,3.9319,0.646042,-0.617308
214,3.79295,0.827229,-0.547286
214,5.05481,-0.337626,-0.541254
214,5.06865,-0.313373,-0.488189
214,2.92714,1.56546,-0.648565
214,3.86465,0.724368,-0.607508
214,3.87464,0.724192,-0.608104
214,3.86773,0.743909,-0.594066
214,4.03716,0.579288,-0.615756
214,3.88157,0.730902,-0.612119
214,3.88492,0.72867,-0.615481
214,5.30994,0.0163047,0.270483
214,3.51921,1.08235,-0.613314
214,5.25521,-0.226521,-0.175984
214,3.52371,1.08143,-0.618719
214,5.29214,0.0174035,0.235587
214,5.29073,0.0211777,0.23866
214,5.27573,0.144018,0.390831
214,4.09804,0.560252,-0.612817
214,3.08995,1.48666,-0.626821
214,3.1348,1.34496,-0.777716
214,5.27082,0.136575,0.338757
214,5.25854,0.514572,0.878502
214,3.82884,0.863443,-0.582803
214,5.24112,0.466773,0.770979
214,4.17383,0.535781,-0.596375
214,5.23193,0.469624,0.760247
214,3.83268,0.859461,-0.588948
214,5.19461,0.532577,0.799332
214,4.30147,0.457205,-0.561641
214,5.25916,0.0373809,0.0989988
214,3.85729,0.878043,-0.583126
214,5.29474,0.00910002,0.0895275
214,3.59001,1.17176,-0.577105
214,3.60338,1.15656,-0.597734
214,3.1779,1.53884,-0.64839
214,3.91353,0.898962,-0.594752
214,5.15325,0.478506,0.472668
214,4.25112,0.586927,-0.6162
214,4.50313,0.365639,-0.607091
214,5.24184,0.392405,0.449351
214,4.21609,0.642515,-0.592517
214,4.49461,0.364056,-0.625595
214,3.64096,1.16918,-0.608548
214,5.29735,-0.0390697,-0.134014
214,4.27297,0.599808,-0.626374
214,4.51219,0.375801,-0.632795
214,3.27897,1.54006,-0.607259
214,5.15797,1.00155,1.17566
214,4.28172,0.606841,-0.626566
214,3.2374,1.64621,-0.534629
214,4.18081,0.744247,-0.583258
214,5.27255,0.481712,0.519635
214,3.01629,1.84792,-0.589921
214,4.19675,0.747065,-0.600567
214,4.19135,0.769555,-0.57501
214,3.2539,1.66756,-0.541465
214,5.239,0.285667,0.126092
214,5.2581,0.513672,0.487198
214,5.24527,0.286754,0.129835
214,4.12474,0.869527,-0.559588
214,4.20478,0.772291,-0.59462
214,4.21256,0.761731,-0.599699
214,5.19985,0.497218,0.309053
214,5.26057,0.27458,0.0536388
214,5.3665,-0.206556,-0.516147
214,5.26125,0.277275,0.0525786
214,5.17673,0.488639,0.247431
214,3.50628,1.47742,-0.591622
214,5.24493,0.324565,0.0842379
214,5.1551,1.00297,0.944198
214,4.06466,0.975181,-0.60223
214,4.16388,0.905322,-0.573265
214,5.16483,1.00827,0.956344
214,5.15832,0.534778,0.243003
214,5.19743,0.496382,0.235417
214,5.24089,0.515603,0.269191
214,5.32557,-0.00911748,-0.398108
214,5.1993,1.02282,0.957866
214,3.52751,1.57307,-0.530526
214,5.24725,0.509257,0.227705
214,5.24137,0.512103,0.215763
214,5.42836,-0.180381,-0.577276
214,3.34649,1.73688,-0.604568
214,5.27062,0.183157,-0.28756
214,5.25895,0.154965,-0.351063
214,4.14324,1.05662,-0.570564
214,5.24314,0.568175,0.212832
214,5.19512,0.492724,0.0288317
214,3.54285,1.57926,-0.645432
214,3.37442,1.75041,-0.637308
214,5.24299,0.514391,0.0778754
214,5.23932,0.226392,-0.376055
214,5.39482,-0.0841995,-0.624754
214,5.16412,1.00992,0.681695
214,3.06548,2.03138,-0.705704
214,5.15866,1.25338,1.01636
214,3.65523,1.53832,-0.643083
214,5.21193,0.497747,-0.0578465
214,5.27834,0.255648,-0.377439
214,5.30777,0.152963,-0.502805
214,5.29614,0.254619,-0.392813
214,3.78035,1.52529,-0.602472
214,5.29012,0.530601,-0.0644766
214,5.25857,0.273404,-0.501341
214,5.27086,0.256861,-0.518329
214,5.26549,0.284103,-0.500306
214,5.25586,0.434267,-0.292066
214,5.31384,0.22524,-0.523014
214,5.0473,1.50754,1.00636
214,3.93922,1.44374,-0.627148
214,5.2711,0.28249,-0.518647
214,5.1804,0.747714,0.0400969
214,5.28514,0.282266,-0.524403
214,5.23178,1.00535,0.452571
214,5.22376,1.09495,0.551436
214,3.93792,1.51358,-0.627025
214,5.21661,0.770373,0.0202656
214,5.23905,1.104,0.544762
214,5.12517,0.984214,0.208967
214,5.09524,1.49932,0.9076
214,5.11477,1.28042,0.56482
214,5.12574,1.28763,0.569809
214,4.00047,1.61206,-0.506132
214,5.16554,1.00702,0.198074
214,5.14745,1.52456,0.922297
214,4.02923,1.56017,-0.573099
214,4.0312,1.56267,-0.569137
214,5.09679,1.43349,0.695548
214,5.14815,0.991019,0.073207
214,5.15385,1.53311,0.879805
214,4.19789,1.40392,-0.665509
214,5.29456,0.50522,-0.540258
214,3.80035,2.69557,0.645062
214,5.23509,0.76576,-0.28895
214,3.79413,2.73905,0.646299
214,5.21886,0.834629,-0.246778
214,5.17572,0.956251,-0.138668
214,4.33451,1.43491,-0.586083
214,4.43427,1.34779,-0.583504
214,5.08923,1.51224,0.488247
214,4.53653,1.31424,-0.567306
214,5.07282,1.48126,0.351942
214,3.55654,2.73598,0.12631
214,5.1643,0.987438,-0.326174
214,5.1521,0.971307,-0.404018
214,3.17969,2.44478,-0.988315
214,5.07637,1.80254,0.667552
214,5.10599,1.78255,0.558323
214,3.62126,2.86141,0.0807762
214,5.19364,1.60226,0.348379
214,4.39921,2.91327,1.15145
214,5.06525,1.83951,0.402355
214,4.29307,2.78331,0.661684
214,5.10558,1.72878,0.159846
214,5.10942,1.40796,-0.356642
214,5.02024,1.8722,0.204486
214,4.35387,2.81277,0.63177
214,4.35039,2.83591,0.634235
214,4.3535,2.82693,0.618815
214,5.01818,2.02874,0.328589
214,3.40485,2.98118,-0.486357
214,4.26802,2.21961,-0.440982
214,4.96244,2.19172,0.429166
214,4.39008,2.90316,0.642559
214,4.78867,2.90761,1.18984
214,3.76422,2.85954,-0.561496
214,5.04734,1.71195,-0.50511
214,3.82323,2.93168,-0.410028
214,3.78672,2.86445,-0.596263
214,4.3791,2.38866,-0.531439
214,4.99418,2.29063,0.075686
214,3.82393,2.90758,-0.619305
214,5.03743,2.987,1.15055
214,5.02168,2.04089,-0.495884
214,5.16805,1.85999,-0.566059
214,5.05907,2.75013,0.583048
214,4.96872,2.85015,0.566449
214,4.97348,2.8415,0.544698
214,5.00177,2.90214,0.569271
214,5.00246,2.89961,0.556391
214,5.02249,2.89857,0.548201
214,5.08826,3.00422,0.522573
214,5.1307,2.15511,-0.698278
214,5.02268,2.46211,-0.528544
214,4.96106,2.86129,-0.491421
214,4.99405,2.89859,-0.527723
214,5.00722,2.88755,-0.556377
214,5.0032,2.91729,-0.553005
214,6.84639,7.07544,-2.0318
214,5.25008,0.5487,-0.515033
211,5.25008,0.5487,-0.515033
214,3.8922,3.01636,0.0205997
211,3.8922,3.01636,0.0205997
214,5.08717,2.4525,0.851528
211,5.08717,2.4525,0.851528
214,5.0077,0.765642,0.113068
211,5.0077,0.765642,0.113068
214,5.20363,0.427027,-0.382519
211,5.20363,0.427027,-0.382519
214,4.76348,2.57669,-0.430254
211,4.76348,2.57669,-0.430254
214,4.32403,1.40728,-0.569253
211,4.32403,1.40728,-0.569253
214,4.07306,0.970493,-0.584989
211,4.07306,0.970493,-0.584989
214,4.07719,0.564573,-0.565604
211,4.07719,0.564573,-0.565604
214,2.97137,1.38221,-0.629425
211,2.97137,1.38221,-0.629425
214,2.77054,1.82891,0.881514
211,2.77054,1.82891,0.881514
214,5.25353,0.330081,0.0169543
210,5.25353,0.330081,0.0169543
214,5.07585,1.45032,-0.306478
210,5.07585,1.45032,-0.306478
214,5.19729,0.266531,0.410516
210,5.19729,0.266531,0.410516
214,5.09507,0.617711,0.604949
210,5.09507,0.617711,0.604949
214,5.17468,0.599779,0.395552
210,5.17468,0.599779,0.395552
214,5.28286,-0.186318,0.326852
210,5.28286,-0.186318,0.326852
214,5.30246,0.132374,0.741525
210,5.30246,0.132374,0.741525
214,2.91164,1.12374,-0.591587
210,2.91164,1.12374,-0.591587
214,2.7704,1.20996,-0.575831
210,2.7704,1.20996,-0.575831
214,3.47435,2.86871,-0.0079626
213,3.47435,2.86871,-0.0079626
214,3.85286,2.80589,0.920287
213,3.85286,2.80589,0.920287
214,5.07943,1.12646,0.585231
212,5.07943,1.12646,0.585231
214,4.89626,2.00132,0.524392
212,4.89626,2.00132,0.524392
214,5.25886,0.632579,0.38475
212,5.25886,0.632579,0.38475
214,5.12377,0.500247,0.23487
212,5.12377,0.500247,0.23487
214,5.1103,1.63429,0.220415
212,5.1103,1.63429,0.220415
214,5.09018,1.46493,-0.220478
212,5.09018,1.46493,-0.220478
214,5.53958,2.64839,1.17846
212,5.53958,2.64839,1.17846
214,5.45836,0.468578,1.0576
212,5.45836,0.468578,1.0576
214,3.79731,3.07425,0.21683
212,3.79731,3.07425,0.21683
214,5.26749,2.41416,-0.237778
212,5.26749,2.41416,-0.237778
214,5.21825,0.560363,-0.114355
212,5.21825,0.560363,-0.114355
214,5.11556,0.687334,0.672372
209,5.11556,0.687334,0.672372
214,5.30755,-0.248705,0.0422894
209,5.30755,-0.248705,0.0422894
214,2.92435,1.17346,-0.61338
209,2.92435,1.17346,-0.61338
214,3.68428,2.9973,0.0371356
209,3.68428,2.9973,0.0371356
214,2.78782,1.2436,-0.61037
209,2.78782,1.2436,-0.61037
214,2.82571,1.90732,0.6467
209,2.82571,1.90732,0.6467
214,5.20349,1.07685,0.204899
166,5.20349,1.07685,0.204899
214,5.05526,1.18891,0.243712
166,5.05526,1.18891,0.243712
214,5.14504,1.3584,0.308631
166,5.14504,1.3584,0.308631
214,5.23548,0.479763,0.373457
166,5.23548,0.479763,0.373457
214,3.98878,3.41416,-0.524551
166,3.98878,3.41416,-0.524551
214,5.00147,2.32392,0.684866
165,5.00147,2.32392,0.684866
214,5.18875,1.7637,-0.420659
165,5.18875,1.7637,-0.420659
214,5.24217,1.69061,0.549103
165,5.24217,1.69061,0.549103
214,2.8985,1.19215,-0.596631
165,2.8985,1.19215,-0.596631
214,5.04746,2.25781,-0.698748
73,5.04746,2.25781,-0.698748
214,6.07285,3.19371,0.498659
73,6.07285,3.19371,0.498659
214,5.04618,1.58547,0.240521
73,5.04618,1.58547,0.240521
214,5.0401,1.58337,0.243047
73,5.0401,1.58337,0.243047
214,5.27823,0.13496,-0.255326
208,5.27823,0.13496,-0.255326
214,2.73122,1.15276,-0.708485
208,2.73122,1.15276,-0.708485
214,4.74882,2.96838,0.62968
30,4.74882,2.96838,0.62968
214,5.10265,1.1227,0.301299
30,5.10265,1.1227,0.301299
215,3.30434,-0.802372,-0.501827
215,3.31288,-0.540677,-0.493929
215,3.31602,-0.539276,-0.496034
215,3.04666,-0.426404,-0.618916
215,3.32695,-0.539236,-0.512638
215,2.42465,0.133044,-0.640938
215,3.06075,-0.42663,-0.634646
215,1.98819,0.556448,-0.62148
215,3.06253,-0.423938,-0.636062
215,2.41775,0.137608,-0.655589
215,3.33382,-0.515723,-0.515875
215,2.6737,-0.0456403,-0.628036
215,1.98687,0.564551,-0.634504
215,3.33315,-0.517803,-0.529676
215,2.675,-0.0400894,-0.628717
215,2.51362,0.095004,-0.642537
215,2.5839,0.0280958,-0.645891
215,2.58675,0.0267609,-0.651382
215,2.06517,0.54066,-0.622777
215,2.02763,0.583325,-0.629773
215,2.05487,0.55206,-0.643753
215,2.03806,0.601617,-0.642539
215,2.57067,0.148761,-0.635579
215,2.15107,0.548551,-0.628508
215,2.1542,0.549997,-0.62697
215,1.82118,0.881149,-0.617163
215,2.09217,0.643828,-0.615584
215,2.31534,0.430695,-0.62951
215,2.16788,0.561537,-0.633306
215,2.15712,0.560771,-0.644533
215,2.03371,0.68941,-0.638659
215,3.16336,-0.261543,-0.588963
215,3.16592,-0.258961,-0.593122
215,1.86937,0.900748,-0.599798
215,1.95143,0.808383,-0.624884
215,1.91733,0.841227,-0.626115
215,2.07237,0.759503,-0.585048
215,2.04899,0.774078,-0.605199
215,1.96493,0.864488,-0.595358
215,2.23041,0.571593,-0.643508
215,1.96169,0.868142,-0.612902
215,2.04391,0.79159,-0.620303
215,1.9747,0.867579,-0.618906
215,2.09318,0.745648,-0.634627
215,1.96933,0.87591,-0.619852
215,2.1518,0.73865,-0.60161
215,2.34341,0.508452,-0.652068
215,2.03168,0.837986,-0.611858
215,2.00047,0.856205,-0.62025
215,3.21042,-0.267956,-0.658054
215,1.94044,0.954631,-0.597286
215,2.23833,0.632073,-0.64657
215,3.21638,-0.269642,-0.666195
215,2.32579,0.60726,-0.611988
215,2.15479,0.744315,-0.626391
215,2.34584,0.554284,-0.655387
215,2.4869,0.493721,-0.603303
215,2.70612,0.275246,-0.621386
215,2.3917,0.531843,-0.645475
215,3.20991,-0.242009,-0.679543
215,2.31775,0.616383,-0.633
215,2.39278,0.536476,-0.646478
215,2.24536,0.673276,-0.642806
215,2.31402,0.619522,-0.638741
215,2.64037,0.331621,-0.639625
215,2.57099,0.405313,-0.632526
215,2.47954,0.480794,-0.638548
215,2.80965,0.199791,-0.626952
215,2.76231,0.247115,-0.624228
215,2.64561,0.355601,-0.623434
215,2.63632,0.353591,-0.637922
215,2.82145,0.209722,-0.619714
215,2.65071,0.336096,-0.643119
215,1.93756,0.99221,-0.630778
215,3.42157,-0.355779,-0.645704
215,2.46349,0.525238,-0.628636
215,2.64669,0.35705,-0.632201
215,2.56624,0.46571,-0.602143
215,2.19064,0.786173,-0.616594
215,2.5624,0.435207,-0.631411
215,3.44182,-0.352028,-0.630182
215,2.64979,0.360811,-0.629403
215,2.18682,0.7818,-0.626064
215,2.47094,0.526047,-0.62706
215,2.4693,0.527702,-0.628881
215,2.50131,0.515556,-0.616762
215,2.3385,0.628432,-0.646364
215,2.56568,0.442271,-0.632414
215,2.64378,0.404285,-0.605897
215,2.48294,0.490837,-0.658384
215,2.31747,0.644681,-0.655483
215,3.28268,-0.139675,-0.587893
215,2.69454,0.372128,-0.604951
215,2.51991,0.524954,-0.610841
215,2.65043,0.365601,-0.649146
215,2.76587,0.267834,-0.645739
215,2.72015,0.303782,-0.651147
215,2.53385,0.497523,-0.630154
215,2.49976,0.529216,-0.629923
215,2.21808,0.824862,-0.594588
215,2.66165,0.366483,-0.646955
215,2.45211,0.51442,-0.681569
215,2.60926,0.44633,-0.621945
215,2.2138,0.832823,-0.605558
215,2.44277,0.627301,-0.608
215,2.21452,0.832811,-0.610847
215,2.39253,0.609659,-0.664044
215,2.78554,0.323376,-0.612048
215,2.80047,0.320157,-0.605429
215,2.49199,0.538464,-0.657395
215,2.29416,0.77046,-0.612103
215,2.2574,0.781192,-0.635827
215,2.66072,0.41837,-0.636734
215,2.44055,0.634025,-0.624341
215,2.70663,0.394238,-0.629374
215,2.86536,0.274761,-0.611638
215,2.85629,0.291533,-0.610128
215,2.30158,0.779255,-0.625567
215,2.81956,0.287941,-0.647638
215,3.32705,-0.128737,-0.622151
215,2.86505,0.286351,-0.623114
215,2.82292,0.303992,-0.646528
215,2.76475,0.424693,-0.594499
215,2.79434,0.353168,-0.63955
215,2.00321,1.06044,-0.647765
215,2.76945,0.423454,-0.607379
215,2.25986,0.831748,-0.649227
215,2.26199,0.828966,-0.650439
215,3.34261,-0.120753,-0.64004
215,3.33422,-0.112466,-0.650473
215,2.40725,0.763059,-0.629347
215,3.07107,0.217427,-0.587876
215,3.10179,0.194937,-0.593803
215,3.34809,-0.111058,-0.665006
215,3.09269,0.178111,-0.617939
215,1.99115,1.11015,-0.670128
215,2.40206,0.799219,-0.631845
215,3.05573,0.227805,-0.622418
215,3.05762,0.231469,-0.630915
215,3.08978,0.234407,-0.613332
215,3.11327,0.197266,-0.633293
215,2.3982,0.809331,-0.669742
215,3.06979,0.244503,-0.639392
215,3.12965,0.216085,-0.633858
215,3.02633,0.407046,-0.616956
215,3.03538,0.416851,-0.613038
215,3.03015,0.422722,-0.62236
215,3.03072,0.414508,-0.629816
215,2.494,0.88441,-0.642112
215,3.03286,0.418993,-0.629614
215,3.07202,0.441686,-0.596444
215,3.60375,-0.0467851,-0.62047
215,3.68726,-0.0856586,-0.609285
215,3.20234,0.36131,-0.601506
215,3.61792,-0.0414901,-0.62806
215,3.74816,-0.143099,-0.617026
215,3.7465,-0.144881,-0.619858
215,3.16586,0.393947,-0.607167
215,3.09078,0.441966,-0.625767
215,3.21336,0.373024,-0.595522
215,2.87773,1.85422,0.39088
215,2.51172,0.921048,-0.668519
215,3.09189,0.45033,-0.627487
215,2.0247,1.40985,-0.630293
215,2.51013,0.961006,-0.644028
215,3.63011,-0.0256068,-0.629081
215,3.68939,-0.0548871,-0.61576
215,3.69508,-0.0680839,-0.629926
215,3.18559,0.486721,-0.569383
215,3.67829,-0.0516308,-0.650959
215,3.77667,-0.127333,-0.644449
215,2.96125,0.599876,-0.652227
215,3.09379,0.521527,-0.628651
215,3.01342,0.597116,-0.628595
215,3.20085,0.496561,-0.588169
215,2.05479,1.47135,-0.648899
215,3.49565,0.282476,-0.597009
215,3.09934,0.63104,-0.605197
215,2.37849,1.23053,-0.666276
215,3.0071,0.725301,-0.619658
215,3.10487,0.647866,-0.623934
215,2.20713,1.46264,-0.628114
215,3.01363,0.735862,-0.631928
215,3.03424,0.726541,-0.627547
215,3.06524,0.725639,-0.611945
215,1.97351,1.65963,-0.661955
215,2.68122,1.04478,-0.645118
215,3.73898,0.145553,-0.610947
215,3.78529,0.11265,-0.612376
215,2.68408,1.05389,-0.654331
215,2.98707,0.839636,-0.614551
215,3.74878,0.154944,-0.618121
215,3.01899,0.796158,-0.632462
215,2.69775,1.06592,-0.650331
215,3.30581,0.602781,-0.586603
215,1.97335,1.68259,-0.686209
215,3.03713,0.809172,-0.623578
215,2.98277,0.839644,-0.642357
215,2.71737,1.07847,-0.645185
215,5.35721,-0.0733351,0.364715
215,2.87836,0.971521,-0.630946
215,3.81154,0.18793,-0.59316
215,3.5632,0.373462,-0.625108
215,2.99124,0.850127,-0.658379
215,3.35395,0.585232,-0.61069
215,3.6267,0.345834,-0.606225
215,2.96013,0.94865,-0.604046
215,3.80315,0.200953,-0.598338
215,2.97891,0.92979,-0.611959
215,2.97985,0.931157,-0.611932
215,3.29871,0.637877,-0.619225
215,3.24464,0.692278,-0.619966
215,2.89377,1.02964,-0.602919
215,2.81207,1.07423,-0.630554
215,3.00385,0.868501,-0.661061
215,2.83059,1.07067,-0.632311
215,2.87389,1.03052,-0.635231
215,2.8299,1.07016,-0.636521
215,3.59544,0.379474,-0.643257
215,2.10989,1.57358,-0.762552
215,3.00579,0.900474,-0.656034
215,2.83595,1.07639,-0.638523
215,5.18179,0.154635,0.353052
215,5.2233,-0.0069567,0.241049
215,2.81082,1.07629,-0.680247
215,5.24849,-0.0245769,0.213631
215,2.85825,1.12939,-0.623394
215,5.34184,-0.00725049,0.27973
215,3.86771,0.273925,-0.610124
215,2.81107,1.20067,-0.640027
215,5.31553,0.0253645,0.258272
215,2.76731,1.30733,-0.60449
215,2.79043,1.31135,-0.612211
215,2.88874,1.20248,-0.631535
215,3.84978,0.381435,-0.600791
215,3.04499,1.83958,0.0122446
215,3.83346,0.392178,-0.607582
215,2.79327,1.31646,-0.617401
215,2.8529,1.34568,-0.603654
215,3.07919,1.14283,-0.614374
215,2.86884,1.38691,-0.570295
215,2.9194,1.26305,-0.659259
215,4.01853,0.377866,-0.590529
215,4.03029,0.36346,-0.60005
215,3.9531,0.421325,-0.612724
215,2.86243,1.38828,-0.623433
215,4.01861,0.377644,-0.601944
215,3.90567,0.486704,-0.601458
215,5.33827,-0.485932,-0.343034
215,3.09169,1.17855,-0.647615
215,3.84996,0.580821,-0.595086
215,3.90946,0.512513,-0.621076
215,5.00648,-0.348435,-0.52497
215,3.86521,0.586041,-0.602601
215,3.86669,0.589778,-0.603292
215,5.17469,0.495654,0.2916
215,5.38264,-0.36106,-0.277253
215,5.20717,0.502204,0.312669
215,5.18647,0.592234,0.36985
215,5.20132,0.498608,0.298887
215,5.27771,-0.0431903,-0.118962
215,2.65278,1.80614,-0.547337
215,5.23185,0.506034,0.302487
215,4.02126,0.535417,-0.596397
215,4.36612,0.310229,-0.53063
215,2.982,1.47185,-0.609972
215,4.21427,0.403491,-0.586178
215,2.97654,1.47821,-0.617401
215,4.14399,0.468367,-0.601652
215,5.20082,0.50224,0.217484
215,5.21479,0.502892,0.217115
215,5.21797,0.503126,0.215464
215,3.85453,0.712901,-0.635634
215,3.98089,0.646021,-0.597807
215,4.15217,0.527822,-0.589181
215,3.88115,0.768258,-0.604888
215,3.53491,1.10115,-0.632268
215,2.95832,2.00898,-0.312462
215,5.32269,0.352068,0.0538666
215,4.10312,0.682499,-0.598598
215,5.20318,0.490366,0.0588934
215,4.1541,0.709764,-0.549888
215,4.07076,0.756787,-0.594985
215,4.07901,0.759803,-0.602464
215,4.17552,0.744168,-0.571143
215,4.18209,0.745386,-0.570806
215,4.24729,0.663108,-0.593816
215,5.19448,0.57244,0.0416685
215,5.23537,0.503234,0.0122929
215,2.96852,2.11593,-0.349637
215,4.21692,0.720839,-0.598598
215,4.26268,0.672179,-0.606184
215,5.26396,0.516461,0.00907266
215,4.25762,0.684256,-0.612005
215,5.36479,0.00824165,-0.398148
215,4.29797,0.699393,-0.630009
215,5.25063,0.506765,-0.0869759
215,5.30246,0.074132,-0.414378
215,5.13491,0.989167,0.206246
215,5.20924,0.558241,-0.0998714
215,4.19018,0.939886,-0.596052
215,3.67164,1.50876,-0.571094
215,3.48117,1.64476,-0.626694
215,3.75872,1.45911,-0.587079
215,3.39999,1.82863,-0.591014
215,5.24701,0.455891,-0.384811
215,3.04441,2.03936,-0.725799
215,4.19699,1.1241,-0.625646
215,5.46205,-0.0613901,-0.669313
215,3.85438,1.4965,-0.585697
215,3.89746,1.46706,-0.59113
215,3.91266,1.42144,-0.626314
215,3.91009,1.42516,-0.627419
215,3.84388,1.5225,-0.604596
215,5.292,0.466864,-0.414653
215,5.28514,0.461016,-0.427794
215,5.31873,0.19689,-0.651117
215,3.93549,1.49372,-0.606238
215,4.00943,1.52094,-0.542473
215,3.99768,1.48091,-0.605832
215,5.12865,1.52069,0.273426
215,4.00945,1.55663,-0.550821
215,5.1528,0.989044,-0.194802
215,4.01328,1.62995,-0.52071
215,3.22816,2.94729,-0.0357431
215,5.20175,0.704229,-0.484427
215,5.2108,0.719703,-0.488546
215,5.14508,1.53705,0.119416
215,5.24708,0.694622,-0.522389
215,5.15564,0.976526,-0.40423
215,4.08077,1.72814,-0.583107
215,5.10977,1.21613,-0.252541
215,4.58791,1.34978,-0.568198
215,5.18372,0.997846,-0.423591
215,3.68309,2.9823,0.102471
215,3.50418,2.3649,-0.595432
215,5.13237,1.51102,-0.11061
215,5.05301,1.82785,0.0214779
215,5.08941,1.64578,-0.157323
215,5.11662,1.42263,-0.345936
215,5.25063,1.0763,-0.551342
215,5.09525,1.58688,-0.253905
215,5.10548,1.62224,-0.256386
215,5.10963,1.62544,-0.260142
215,5.12002,1.61121,-0.267609
215,3.78467,2.81781,-0.331743
215,3.82667,2.76412,-0.519498
215,3.75756,2.78985,-0.553301
215,5.06979,1.64102,-0.533791
215,5.07251,1.74511,-0.510317
215,3.84126,2.82751,-0.562538
215,5.09581,1.76806,-0.541471
215,5.159,1.87769,-0.586254
215,4.59007,2.54992,-0.761267
215,5.03695,2.93913,-0.538363
215,5.04329,2.9272,-0.563881
215,5.04647,2.96531,-0.575151
215,5.0755,2.98828,-0.567429
215,5.05732,2.9906,-0.581501
215,5.68192,3.85069,-1.42249
215,3.80308,0.0934256,-0.647877
214,3.80308,0.0934256,-0.647877
215,3.78375,3.08634,-0.014181
214,3.78375,3.08634,-0.014181
215,3.7533,2.7438,-0.283166
214,3.7533,2.7438,-0.283166
215,3.7861,3.09675,-0.0212144
214,3.7861,3.09675,-0.0212144
215,3.72969,3.03054,-0.511809
214,3.72969,3.03054,-0.511809
215,5.119,1.71001,-0.0891961
214,5.119,1.71001,-0.0891961
215,3.40834,1.795,-0.671936
214,3.40834,1.795,-0.671936
215,3.33812,1.89708,-0.715929
214,3.33812,1.89708,-0.715929
215,2.75417,0.582947,-0.209048
214,2.75417,0.582947,-0.209048
215,3.32286,-0.154731,-0.622797
210,3.32286,-0.154731,-0.622797
215,4.82487,2.85014,-0.280158
210,4.82487,2.85014,-0.280158
215,5.09488,1.17668,-0.473112
210,5.09488,1.17668,-0.473112
215,3.50052,-0.352233,-0.58432
210,3.50052,-0.352233,-0.58432
215,5.123,1.62759,-0.221441
210,5.123,1.62759,-0.221441
215,3.18918,-0.296905,-0.624208
210,3.18918,-0.296905,-0.624208
215,2.79067,0.216379,-0.62179
210,2.79067,0.216379,-0.62179
215,2.97835,0.89092,-0.614824
210,2.97835,0.89092,-0.614824
215,3.18867,-0.296017,-0.625447
210,3.18867,-0.296017,-0.625447
215,3.10387,0.199932,-0.642778
210,3.10387,0.199932,-0.642778
215,5.36184,-0.369762,-0.466813
210,5.36184,-0.369762,-0.466813
215,5.29479,-0.0194803,0.171899
210,5.29479,-0.0194803,0.171899
215,2.05365,0.677145,-0.619509
210,2.05365,0.677145,-0.619509
215,2.35121,0.785903,-0.577455
210,2.35121,0.785903,-0.577455
215,4.47383,0.376577,-0.624307
210,4.47383,0.376577,-0.624307
215,4.13314,0.445481,-0.607859
210,4.13314,0.445481,-0.607859
215,2.65196,0.25328,-0.629399
210,2.65196,0.25328,-0.629399
215,4.03779,0.583387,-0.616625
209,4.03779,0.583387,-0.616625
215,3.90854,0.264306,-0.609783
209,3.90854,0.264306,-0.609783
215,3.66232,0.0581275,-0.602038
209,3.66232,0.0581275,-0.602038
215,3.65377,0.048037,-0.593031
209,3.65377,0.048037,-0.593031
215,2.31851,0.472771,-0.604596
166,2.31851,0.472771,-0.604596
215,3.15645,-0.261652,-0.611771
165,3.15645,-0.261652,-0.611771
215,5.2107,0.89997,0.127529
211,5.2107,0.89997,0.127529
215,4.14905,0.938909,-0.594238
211,4.14905,0.938909,-0.594238
215,6.00863,4.92881,-1.07206
211,6.00863,4.92881,-1.07206
215,5.03879,1.81407,0.0199252
211,5.03879,1.81407,0.0199252
215,5.24382,0.862455,0.372316
211,5.24382,0.862455,0.372316
215,2.69816,1.94654,-0.627003
211,2.69816,1.94654,-0.627003
215,2.69195,1.8741,-0.584294
211,2.69195,1.8741,-0.584294
215,2.57044,0.476485,-0.620037
207,2.57044,0.476485,-0.620037
215,3.83963,2.17286,-0.269612
213,3.83963,2.17286,-0.269612
215,5.12595,0.850052,0.227613
213,5.12595,0.850052,0.227613
215,3.59714,2.78096,0.113069
213,3.59714,2.78096,0.113069
215,4.50012,1.18311,-0.493903
213,4.50012,1.18311,-0.493903
215,5.12867,2.01438,-0.253886
212,5.12867,2.01438,-0.253886
216,2.51426,0.0858743,-0.629313
216,3.04944,-0.399223,-0.62021
216,3.06127,-0.401388,-0.614321
216,3.06965,-0.416886,-0.633221
216,2.5326,0.0769448,-0.64253
216,2.05019,0.546704,-0.643075
216,2.68701,-0.0267211,-0.635396
216,1.85384,0.862602,-0.616711
216,1.79242,0.938401,-0.606693
216,1.8097,0.887509,-0.634228
216,2.11236,0.662315,-0.612877
216,2.0595,0.731836,-0.624699
216,1.85629,0.88836,-0.649988
216,2.19792,0.570604,-0.667099
216,2.00713,0.774745,-0.659486
216,2.25527,0.577665,-0.63667
216,1.96196,0.882039,-0.616941
216,2.01036,0.864893,-0.616706
216,2.25971,0.60872,-0.657019
216,2.26154,0.604274,-0.660071
216,2.31722,0.579507,-0.639928
216,2.26383,0.605667,-0.657963
216,2.32373,0.557665,-0.652783
216,1.94418,0.953265,-0.622283
216,3.22635,-0.263937,-0.644559
216,2.1363,0.779347,-0.629831
216,2.33022,0.549672,-0.67067
216,2.29051,0.597438,-0.663398
216,2.24702,0.618915,-0.678485
216,2.31819,0.588454,-0.651355
216,2.13162,0.804978,-0.624297
216,2.44432,0.488191,-0.644766
216,2.49269,0.506833,-0.605464
216,2.2923,0.603575,-0.686186
216,2.27752,0.698429,-0.625217
216,2.56231,0.401715,-0.651649
216,2.6692,0.339872,-0.623734
216,2.28095,0.698251,-0.638592
216,2.19196,0.805597,-0.620762
216,2.52904,0.47244,-0.63688
216,2.44407,0.507609,-0.670478
216,2.53212,0.471188,-0.640718
216,2.66961,0.377709,-0.622298
216,2.50604,0.525547,-0.625845
216,2.63787,0.441228,-0.610223
216,2.43055,0.585482,-0.651285
216,2.43557,0.587757,-0.649144
216,2.43409,0.605514,-0.642565
216,2.65743,0.389359,-0.649924
216,2.69003,0.414086,-0.61258
216,2.6973,0.389905,-0.628091
216,2.81839,0.285052,-0.624254
216,2.82009,0.222655,-0.67198
216,2.26722,0.822368,-0.610594
216,2.69159,0.422953,-0.614413
216,2.81344,0.289202,-0.63148
216,3.52489,-0.326229,-0.600617
216,2.64155,0.450071,-0.636025
216,2.80974,0.274011,-0.651057
216,2.26499,0.786134,-0.647313
216,2.69141,0.421826,-0.623363
216,2.27433,0.819085,-0.618056
216,2.68933,0.422297,-0.627162
216,2.81033,0.274997,-0.65483
216,3.53304,-0.319985,-0.597916
216,2.55432,0.525406,-0.648488
216,2.26356,0.822832,-0.629793
216,2.53963,0.554178,-0.639481
216,2.27964,0.829564,-0.617294
216,2.86159,0.288653,-0.61863
216,3.47178,-0.333888,-0.662264
216,2.83343,0.279217,-0.648553
216,2.86909,0.297186,-0.610319
216,2.76203,0.41951,-0.595181
216,2.82378,0.236011,-0.69837
216,2.81685,0.328872,-0.635032
216,2.81796,0.342038,-0.638278
216,2.79082,0.398591,-0.615899
216,3.31675,-0.120307,-0.640652
216,2.53616,0.604232,-0.647085
216,2.274,0.84522,-0.651801
216,2.879,0.302702,-0.64376
216,2.41881,0.714247,-0.662191
216,2.35499,0.825875,-0.635383
216,2.40456,0.811119,-0.630205
216,2.40561,0.80112,-0.640365
216,2.4175,0.787035,-0.65549
216,3.10775,0.198311,-0.623008
216,2.41813,0.869934,-0.604869
216,2.266,1.14206,-0.591571
216,2.26579,1.16231,-0.613801
216,2.52256,0.898334,-0.634066
216,3.04288,0.425839,-0.631039
216,2.20897,1.18896,-0.641132
216,3.12541,0.3831,-0.620167
216,2.39066,1.05491,-0.629086
216,3.20363,0.368097,-0.603328
216,3.64974,-0.0654975,-0.622883
216,3.63487,-0.0355921,-0.614796
216,3.63344,-0.0640242,-0.638333
216,2.95577,0.583211,-0.625591
216,3.61163,-0.0394816,-0.636005
216,3.17942,0.403792,-0.611503
216,3.17788,0.403528,-0.622579
216,3.6929,-0.049342,-0.608186
216,3.70169,-0.0464798,-0.608544
216,3.11242,0.517736,-0.598942
216,2.61465,0.961451,-0.626124
216,2.61134,0.968838,-0.632006
216,3.23368,0.431711,-0.608492
216,3.64711,0.0576727,-0.603014
216,3.09503,0.568137,-0.614901
216,3.1596,0.539886,-0.593964
216,3.1045,0.582244,-0.601276
216,2.59392,1.02659,-0.63413
216,3.12463,0.593258,-0.589955
216,3.06248,0.636915,-0.607276
216,3.68149,0.0622583,-0.609302
216,2.59345,1.03629,-0.647978
216,3.47973,0.273094,-0.606259
216,3.41471,0.341192,-0.604845
216,3.67625,0.060893,-0.638546
216,2.98813,0.734352,-0.618501
216,3.50976,0.291382,-0.619544
216,3.04414,0.729471,-0.633504
216,3.21503,0.665485,-0.578307
216,3.54162,0.31249,-0.640666
216,3.02003,0.855678,-0.605517
216,2.72411,1.08069,-0.645672
216,5.23536,0.00648391,0.312108
216,3.62637,0.30871,-0.608476
216,3.23345,0.692451,-0.596849
216,2.28818,1.521,-0.640377
216,3.6487,0.325457,-0.597842
216,2.30356,1.50222,-0.661546
216,3.76691,0.218897,-0.613621
216,2.88721,1.85603,0.00601149
216,2.85111,1.04596,-0.641407
216,2.90588,1.04801,-0.620427
216,2.17036,1.69636,-0.649438
216,2.89893,1.87673,0.000834823
216,2.93647,1.0479,-0.617325
216,2.9111,1.01957,-0.666515
216,2.91823,1.05749,-0.632766
216,2.39705,1.53653,-0.657941
216,2.93578,1.08524,-0.635923
216,4.35288,1.02466,0.283383
216,2.87411,1.21468,-0.635798
216,2.91683,1.16418,-0.652789
216,5.27165,-0.328773,-0.181825
216,5.2904,-0.292437,-0.145844
216,2.82294,1.43001,-0.587443
216,2.87087,1.3818,-0.590682
216,2.87327,1.38872,-0.618749
216,2.87781,1.39852,-0.623634
216,3.98965,0.39048,-0.616274
216,5.29399,0.363901,0.281609
216,5.18527,0.493103,0.287351
216,5.26067,0.307134,0.181695
216,3.90676,0.618607,-0.589702
216,5.35723,-0.486732,-0.414745
216,5.21137,0.504366,0.22018
216,3.84033,0.691046,-0.62024
216,5.24358,0.331167,0.097183
216,3.84251,0.69668,-0.620085
216,3.78885,0.806537,-0.57836
216,3.84798,0.7324,-0.595536
216,3.84829,0.699833,-0.62147
216,5.26155,0.332148,0.0831909
216,4.04035,0.596816,-0.58052
216,3.08706,1.43154,-0.642351
216,5.26102,0.267143,0.00900066
216,5.18311,-0.318396,-0.498482
216,5.28361,0.341577,0.0734869
216,4.15097,0.500201,-0.609895
216,5.28766,0.345395,0.0690373
216,2.80983,1.91614,-0.508575
216,4.4905,0.363723,-0.589658
216,4.16051,0.72499,-0.548902
216,2.8567,1.88119,-0.596968
216,4.17992,0.760938,-0.54431
216,4.18363,0.706638,-0.601743
216,2.89019,1.94659,-0.588433
216,2.9276,1.91057,-0.616111
216,4.2129,0.771366,-0.597458
216,5.45535,-0.203033,-0.464011
216,5.28173,0.435345,-0.106293
216,5.1525,0.993396,0.194722
216,5.22212,0.547908,-0.121178
216,5.2735,0.256085,-0.307537
216,3.50061,1.51777,-0.605069
216,5.22846,0.571682,-0.103516
216,5.27771,0.258938,-0.313152
216,5.26513,0.523947,-0.126371
216,3.02022,1.90172,-0.668686
216,5.16656,0.812657,0.0175787
216,4.08904,0.998212,-0.608466
216,3.04935,1.92069,-0.645128
216,4.09395,0.99291,-0.614338
216,5.30709,0.276904,-0.304319
216,5.17688,0.819305,0.0125394
216,3.03572,1.93896,-0.657643
216,5.34305,0.0855057,-0.443596
216,3.53225,1.59783,-0.614793
216,3.3784,1.73851,-0.619146
216,5.18333,1.01826,0.108162
216,3.38772,1.75107,-0.612871
216,3.37011,1.74056,-0.639018
216,3.57869,1.54797,-0.650391
216,3.40306,1.83602,-0.587236
216,3.71255,1.57006,-0.616188
216,5.16782,0.928985,-0.0801402
216,3.79296,1.54757,-0.605078
216,3.92306,1.465,-0.581149
216,3.90902,1.47161,-0.58701
216,3.8453,1.52164,-0.610341
216,5.33985,0.349554,-0.45971
216,5.26179,0.442576,-0.446616
216,5.28994,0.456849,-0.423455
216,5.15384,1.06485,-0.0781591
216,5.13378,1.49948,0.228971
216,5.4853,-0.042649,-0.698521
216,5.49057,-0.0452288,-0.705111
216,5.34891,0.316587,-0.544674
216,5.33473,0.480324,-0.435409
216,5.23193,0.898325,-0.214155
216,5.4112,0.233505,-0.598185
216,4.17535,1.40738,-0.602839
216,4.2164,1.41506,-0.57874
216,5.09154,0.954341,-0.331282
216,5.31386,0.51324,-0.546825
216,4.07913,1.62429,-0.612692
216,4.54855,1.31617,-0.567704
216,4.09104,1.74703,-0.584252
216,4.55886,1.32928,-0.574337
216,5.17308,0.981526,-0.406608
216,5.32182,0.632692,-0.569261
216,5.09543,1.52862,-0.0578827
216,5.10523,1.5356,-0.0647343
216,4.13175,1.77733,-0.576597
216,5.10328,1.42357,-0.180367
216,4.60939,1.36528,-0.574709
216,4.63657,1.34349,-0.583104
216,5.30323,0.734379,-0.586326
216,5.33707,0.717057,-0.592134
216,5.14199,1.42696,-0.366565
216,3.80499,2.84796,-0.28692
216,3.7105,2.71835,-0.512673
216,5.09225,1.55965,-0.420214
216,5.19034,1.48957,-0.525891
216,5.19921,1.48799,-0.53772
216,5.01539,2.13424,-0.185928
216,3.77376,2.81316,-0.57212
216,5.08396,1.73565,-0.493
216,5.18932,1.58889,-0.531751
216,3.68127,3.00425,-0.52729
216,5.14028,1.875,-0.568981
216,5.38992,1.50892,-0.700499
216,5.05267,2.87411,-0.488784
216,5.16149,2.42119,-0.774892
216,5.10267,2.92868,-0.51841
216,5.06075,2.96318,-0.551235
216,5.07574,2.927,-0.618975
216,5.07991,3.01242,-0.586974
216,5.38853,3.26249,-1.17638
216,4.96594,3.98363,-1.12384
216,6.03224,3.70535,-1.1953
216,5.14821,4.39815,-1.58661
216,9.78967,19.1577,-7.94937
216,4.11849,1.5087,-0.648172
215,4.11849,1.5087,-0.648172
216,2.9693,0.976637,-0.644373
215,2.9693,0.976637,-0.644373
216,3.48599,0.976783,-0.432282
215,3.48599,0.976783,-0.432282
216,3.55203,2.75885,-0.83005
215,3.55203,2.75885,-0.83005
216,5.39555,2.25733,-0.337797
215,5.39555,2.25733,-0.337797
216,3.63872,2.74918,0.0948861
215,3.63872,2.74918,0.0948861
216,2.55969,-0.71725,0.658291
215,2.55969,-0.71725,0.658291
216,3.70668,2.90706,0.037537
215,3.70668,2.90706,0.037537
216,3.01521,1.06749,-0.740256
215,3.01521,1.06749,-0.740256
216,5.18637,1.6874,-0.261259
215,5.18637,1.6874,-0.261259
216,1.70431,1.03162,-0.712476
215,1.70431,1.03162,-0.712476
216,3.25028,0.415129,-0.656944
215,3.25028,0.415129,-0.656944
216,4.13523,0.960813,-0.636457
215,4.13523,0.960813,-0.636457
216,2.65199,0.417199,-0.620408
215,2.65199,0.417199,-0.620408
216,2.09871,1.64137,-0.716103
215,2.09871,1.64137,-0.716103
216,5.26801,0.530467,0.195234
215,5.26801,0.530467,0.195234
216,5.21299,0.309359,-0.455141
215,5.21299,0.309359,-0.455141
216,3.89118,1.6806,-0.617264
215,3.89118,1.6806,-0.617264
216,5.19746,0.364258,-0.118642
210,5.19746,0.364258,-0.118642
216,3.0598,-0.441572,-0.642139
210,3.0598,-0.441572,-0.642139
216,4.02905,0.421147,-0.651333
210,4.02905,0.421147,-0.651333
216,3.86917,0.397667,-0.605826
210,3.86917,0.397667,-0.605826
216,3.4449,-0.338031,-0.612731
210,3.4449,-0.338031,-0.612731
216,5.40756,1.82581,-0.219088
210,5.40756,1.82581,-0.219088
216,4.21965,0.423108,-0.604108
210,4.21965,0.423108,-0.604108
216,3.0706,0.694663,-0.610099
210,3.0706,0.694663,-0.610099
216,3.4449,-0.338031,-0.612731
210,3.4449,-0.338031,-0.612731
216,5.16513,1.24312,-0.380809
210,5.16513,1.24312,-0.380809
216,2.99178,0.850232,-0.621494
210,2.99178,0.850232,-0.621494
216,2.82122,1.85697,-0.499302
210,2.82122,1.85697,-0.499302
216,4.91637,0.368549,-0.310628
210,4.91637,0.368549,-0.310628
216,2.88691,0.952389,-0.610449
210,2.88691,0.952389,-0.610449
216,3.08162,0.650408,-0.641761
210,3.08162,0.650408,-0.641761
216,4.1527,0.494941,-0.6225
214,4.1527,0.494941,-0.6225
216,4.74446,2.4669,-0.674807
214,4.74446,2.4669,-0.674807
216,5.15081,2.16904,-0.570658
214,5.15081,2.16904,-0.570658
216,4.77519,2.50703,-0.697704
214,4.77519,2.50703,-0.697704
216,2.99336,2.23694,-0.377176
214,2.99336,2.23694,-0.377176
216,4.89127,2.66071,-0.786262
214,4.89127,2.66071,-0.786262
216,4.03085,0.875139,-0.779923
214,4.03085,0.875139,-0.779923
216,2.93725,1.30808,-0.699602
214,2.93725,1.30808,-0.699602
216,5.44906,0.0560825,0.190127
214,5.44906,0.0560825,0.190127
216,4.71387,3.08824,-0.32871
166,4.71387,3.08824,-0.32871
216,3.51673,0.824252,-0.904196
166,3.51673,0.824252,-0.904196
216,4.4933,2.72248,-0.25123
166,4.4933,2.72248,-0.25123
216,3.15012,2.61534,-0.119968
166,3.15012,2.61534,-0.119968
216,5.21916,0.50294,0.0103183
166,5.21916,0.50294,0.0103183
216,3.59718,1.22865,0.25743
209,3.59718,1.22865,0.25743
216,3.89405,3.04782,-0.20699
209,3.89405,3.04782,-0.20699
216,2.66857,0.406678,-0.668927
209,2.66857,0.406678,-0.668927
216,2.95838,0.903292,-0.613841
209,2.95838,0.903292,-0.613841
216,5.18412,0.707129,-0.491542
211,5.18412,0.707129,-0.491542
216,5.31588,0.802723,-0.307358
211,5.31588,0.802723,-0.307358
216,4.28011,0.820179,-0.667757
211,4.28011,0.820179,-0.667757
216,5.23702,0.659884,-0.454094
208,5.23702,0.659884,-0.454094
216,5.2429,0.662806,-0.454994
208,5.2429,0.662806,-0.454994
216,5.10283,0.856132,-0.0369226
213,5.10283,0.856132,-0.0369226
216,5.14485,0.521378,-0.128157
213,5.14485,0.521378,-0.128157
216,5.17122,0.818773,0.307874
213,5.17122,0.818773,0.307874
216,5.39622,0.820199,-0.605926
213,5.39622,0.820199,-0.605926
216,3.80029,2.90343,-0.421677
213,3.80029,2.90343,-0.421677
216,5.20865,1.50533,-0.120427
212,5.20865,1.50533,-0.120427
216,4.09683,2.78994,-0.530928
212,4.09683,2.78994,-0.530928
216,4.98364,2.78764,-0.409182
212,4.98364,2.78764,-0.409182
217,3.56228,0.659746,0.212976
217,5.19148,0.211077,1.71984
217,2.8619,1.92498,0.634637
217,2.87274,1.89461,0.575966
217,2.87225,1.90899,0.568917
217,2.8717,1.9145,0.560125
217,5.21988,0.166913,1.57381
217,2.89105,1.94347,0.551973
217,5.11966,0.16745,1.17384
217,5.09157,0.0536856,0.876973
217,5.1685,0.17318,1.17466
217,5.17846,0.178452,1.16762
217,5.28488,0.357563,1.74188
217,5.27106,0.329962,1.55555
217,5.2017,0.128592,0.960964
217,5.26903,0.326811,1.4687
217,5.23114,-0.02099,0.60781
217,5.17544,0.0758683,0.675903
217,5.235,-0.0218088,0.586912
217,5.17796,0.225097,0.965779
217,5.18256,0.487241,1.48625
217,2.99939,1.93349,0.0677046
217,5.2309,0.0870809,0.654647
217,5.24942,0.502025,1.49975
217,5.20273,0.239974,0.8245
217,5.22033,0.496834,1.36814
217,5.18935,0.659672,1.64561
217,5.21496,0.46204,1.23782
217,5.22196,-0.012106,0.23927
217,5.22782,0.0121044,0.289793
217,5.21528,-0.00522485,0.22288
217,5.20724,0.314377,0.879008
217,5.27422,0.392711,1.16954
217,5.25775,0.296374,0.915415
217,5.24265,0.138348,0.531439
217,5.24915,0.509398,1.27091
217,5.25902,0.510507,1.25244
217,3.16379,1.99098,0.066769
217,5.25343,0.032149,0.139556
217,5.26681,0.0340158,0.149345
217,5.22916,0.560389,1.12679
217,3.18589,2.16887,0.378142
217,5.3034,0.797295,1.74085
217,5.23529,0.549898,1.05992
217,5.2354,0.0315915,-0.0756165
217,5.20206,0.454155,0.743517
217,5.20516,0.500185,0.664562
217,5.21909,0.32166,0.277243
217,5.21938,0.327324,0.280778
217,5.28719,0.0833643,-0.104178
217,5.29727,0.202397,0.131856
217,5.29534,0.221049,0.158945
217,5.18327,1.00763,1.48906
217,5.19336,0.464833,0.345906
217,5.18648,1.00545,1.46547
217,3.35816,1.80364,-0.545186
217,5.22715,1.03254,1.58308
217,5.17991,1.03842,1.4881
217,5.25247,0.443342,0.356678
217,5.19621,0.979673,1.37203
217,5.25853,0.4422,0.357238
217,5.29903,0.29255,0.121343
217,4.17507,1.05424,-0.544543
217,5.22598,0.506266,0.413621
217,4.08195,1.13614,-0.582627
217,5.17334,0.997307,1.3059
217,5.19782,0.473278,0.22505
217,5.25036,0.516498,0.421386
217,5.21539,0.975028,1.30962
217,5.24503,0.483499,0.326785
217,4.15635,1.09285,-0.590562
217,5.25381,0.474862,0.311586
217,3.61498,1.60771,-0.604181
217,5.19269,0.48875,0.199528
217,5.19554,0.48762,0.201895
217,3.39483,1.85169,-0.573201
217,4.15338,1.14454,-0.544827
217,5.22275,0.495662,0.211604
217,3.38999,1.86033,-0.607566
217,5.18721,0.559824,0.262437
217,5.19267,0.558895,0.265119
217,3.68382,1.61049,-0.57763
217,5.09673,0.970165,0.908267
217,5.16862,0.999949,1.11076
217,5.19277,1.01245,1.15079
217,5.18276,1.00844,1.11364
217,5.22508,0.362286,-0.169618
217,5.22334,0.598469,0.322936
217,5.14926,1.26835,1.57343
217,5.19263,1.08159,1.2609
217,5.23046,0.565046,0.247409
217,5.10928,0.983485,0.884497
217,5.20076,1.0171,1.13683
217,5.22594,0.462516,0.00787306
217,5.23028,0.569108,0.240311
217,3.88866,1.49831,-0.506108
217,5.16552,0.951152,0.889305
217,5.22505,0.506,0.0589454
217,3.77251,1.60733,-0.553526
217,3.91875,1.50937,-0.470351
217,5.23558,0.512372,0.0607878
217,5.13556,0.991372,0.867379
217,5.26474,0.646001,0.380833
217,5.22174,0.536174,0.0610466
217,5.26898,0.649457,0.394917
217,5.1416,0.988737,0.852376
217,5.15241,0.991151,0.877183
217,5.11208,1.34886,1.54568
217,5.24659,0.513753,0.0525475
217,5.1669,1.00615,0.926013
217,5.28008,0.649655,0.391848
217,5.27666,0.651209,0.382021
217,5.22732,0.48576,-0.0680693
217,3.8737,1.55711,-0.53438
217,5.23374,0.508952,-0.0161122
217,5.2879,0.489716,0.0399252
217,5.12461,1.35884,1.53465
217,5.35618,0.158113,-0.53995
217,5.15999,1.30381,1.47152
217,3.83256,1.6006,-0.575051
217,5.25099,0.497567,-0.0584381
217,4.03873,1.46672,-0.455916
217,5.0925,1.48814,1.7051
217,5.12364,0.793226,0.296988
217,5.26051,0.546198,0.0413475
217,3.7987,2.78063,1.79166
217,3.95827,1.47048,-0.656069
217,5.25983,0.510761,-0.0649248
217,5.10962,1.50088,1.70252
217,5.15624,1.38571,1.53312
217,5.14077,0.805436,0.275103
217,3.95945,1.51674,-0.604128
217,5.13886,1.47993,1.69238
217,5.21889,0.711437,0.221727
217,5.14457,0.798561,0.249962
217,5.1048,1.51873,1.65382
217,5.29145,0.341711,-0.483389
217,5.16954,0.820226,0.264369
217,5.19096,0.980202,0.624875
217,5.16802,1.48424,1.63578
217,5.15997,1.51527,1.67379
217,5.29937,0.348122,-0.508404
217,4.02071,1.49176,-0.673046
217,5.27656,0.583635,-0.066546
217,4.02694,1.48995,-0.673066
217,5.18095,1.01365,0.640058
217,5.24876,0.440396,-0.434798
217,5.18338,1.00631,0.621421
217,5.16241,1.5203,1.63575
217,5.18273,1.00734,0.591251
217,4.10346,1.48699,-0.570457
217,5.12702,1.56221,1.64746
217,5.18095,1.00976,0.579796
217,5.16583,1.52873,1.63335
217,5.16116,1.52188,1.60234
217,4.24009,1.34155,-0.645349
217,5.13538,1.56433,1.61567
217,5.19198,0.559341,-0.392621
217,4.17342,1.40618,-0.660483
217,5.17551,1.26208,1.05299
217,4.19313,1.39656,-0.665519
217,5.11428,1.55489,1.51792
217,5.18811,0.960355,0.406255
217,5.14861,1.57368,1.6174
217,5.17341,1.52548,1.56376
217,5.13467,1.1968,0.785675
217,4.25473,1.35091,-0.662892
217,4.2026,1.40806,-0.666362
217,4.18441,1.42764,-0.662426
217,5.32927,0.608619,-0.0905962
217,5.27373,0.549535,-0.330014
217,5.05649,0.792256,-0.258908
217,5.09363,1.71768,1.76407
217,4.18931,1.43028,-0.662788
217,5.09394,1.71914,1.7626
217,4.28202,1.35715,-0.636154
217,5.26736,0.578737,-0.295549
217,5.18152,1.54401,1.55523
217,4.23316,1.3972,-0.671597
217,5.212,0.970181,0.397338
217,5.28283,0.58166,-0.291853
217,5.10075,0.816949,-0.164843
217,5.15097,0.645282,-0.433828
217,4.25829,1.43305,-0.570579
217,5.0777,1.75286,1.72545
217,4.26266,1.44094,-0.579252
217,3.38466,2.63655,0.174216
217,4.4146,1.33753,-0.513093
217,3.25303,2.76446,0.150169
217,4.30572,1.38046,-0.665772
217,5.11911,1.73547,1.71225
217,5.13354,0.831509,-0.165472
217,5.09917,1.76324,1.72687
217,4.05539,1.6985,-0.519805
217,5.18075,0.658057,-0.458444
217,4.48836,1.32108,-0.462152
217,4.32499,1.43374,-0.556769
217,4.41595,1.33287,-0.596082
217,5.11678,1.72676,1.64385
217,5.08324,1.50477,1.09577
217,4.38212,1.36005,-0.653875
217,5.11632,1.63509,1.39231
217,5.15858,1.05488,0.249896
217,5.11956,1.68015,1.4803
217,5.10944,1.51245,1.10021
217,5.12677,1.63438,1.39221
217,5.39679,0.61543,-0.216827
217,5.15689,1.76092,1.71244
217,4.4667,1.35256,-0.539834
217,5.12019,1.49057,1.06664
217,5.17607,1.05792,0.251415
217,3.32499,2.76238,0.110808
217,5.18249,1.06329,0.251131
217,4.4791,1.36448,-0.55285
217,4.52148,1.35117,-0.500892
217,3.27658,2.83396,0.118909
217,5.13449,0.81088,-0.423092
217,4.40507,1.38319,-0.687545
217,5.16008,0.974419,-0.0344861
217,5.19727,1.07256,0.246902
217,4.50549,1.32215,-0.662601
217,4.51981,1.34514,-0.648983
217,5.17871,1.26511,0.476714
217,5.18889,1.28421,0.497325
217,4.54508,1.36537,-0.670682
217,5.22001,1.00547,-0.0712671
217,5.12605,1.53573,0.840316
217,5.10119,1.61245,0.943639
217,5.15064,1.49088,0.77669
217,5.06265,1.48578,0.526714
217,5.09855,1.53049,0.656296
217,5.17436,0.983966,-0.397994
217,5.11463,1.74076,1.03402
217,5.19201,0.950418,-0.478532
217,5.11354,1.73789,1.01293
217,5.16027,0.996611,-0.470419
217,5.10678,1.52082,0.511009
217,3.74477,2.94023,0.754393
217,5.20201,0.984743,-0.440816
217,5.20234,0.997924,-0.413511
217,5.16536,1.00775,-0.469991
217,5.13393,1.70471,0.928625
217,5.2217,1.01918,-0.341495
217,5.05027,1.48893,0.298414
217,3.58075,2.83032,0.160575
217,3.58391,2.79172,0.084008
217,5.13423,1.7028,0.906973
217,3.84255,2.81875,0.658765
217,5.10357,1.50014,0.40222
217,5.05342,1.49584,0.289085
217,3.82599,3.08081,1.15104
217,5.09579,1.50901,0.353463
217,3.85053,2.81505,0.576905
217,5.05188,1.72737,0.683164
217,3.80245,2.90405,0.641424
217,3.5549,2.85871,-0.00255036
217,5.05412,1.75621,0.682405
217,5.04535,1.7605,0.673066
217,5.04739,1.7652,0.67254
217,3.87301,2.8751,0.607739
217,5.05977,1.78226,0.674226
217,4.75824,1.38805,-0.768843
217,3.82891,2.86942,0.472642
217,3.70785,2.89711,0.285679
217,3.79947,2.78145,0.174178
217,5.06407,1.74193,0.513968
217,3.62103,2.93097,0.115956
217,5.06756,1.49618,-0.0268487
217,5.09475,1.76211,0.553331
217,5.08232,1.76759,0.538647
217,4.7808,1.42462,-0.80503
217,3.8174,2.83033,0.219038
217,5.07318,1.76863,0.506019
217,3.80112,3.06589,0.678813
217,5.08418,1.78079,0.542023
217,4.81918,1.44289,-0.709872
217,5.10763,1.77072,0.555674
217,5.09538,1.76819,0.525646
217,3.74551,2.95307,0.282312
217,3.82169,2.85318,0.219973
217,3.81806,3.08714,0.693843
217,3.81723,2.82397,0.113323
217,5.10535,1.42985,-0.290437
217,3.74328,2.94709,0.137725
217,3.74097,2.94489,0.124121
217,4.33626,2.87174,1.15252
217,5.12134,1.40415,-0.366509
217,4.36317,2.84909,1.13925
217,5.1126,1.416,-0.377521
217,3.72369,2.93021,0.0135467
217,4.87645,1.4851,-0.746489
217,5.11855,1.41671,-0.404289
217,5.08243,1.87846,0.494413
217,5.13498,1.85923,0.489142
217,4.36939,2.90642,1.15129
217,4.39297,2.90389,1.19168
217,4.38016,2.89488,1.13979
217,4.38834,2.89877,1.16381
217,4.37072,2.91022,1.13115
217,5.16186,1.44638,-0.418876
217,4.98415,2.64244,1.70526
217,5.16243,1.42312,-0.537647
217,4.91987,2.66169,1.57708
217,4.94626,2.70422,1.71372
217,4.99657,2.66869,1.71001
217,4.90876,2.74076,1.6044
217,3.71267,2.91099,-0.457021
217,4.96868,2.74619,1.72122
217,4.35379,2.85464,0.676817
217,4.77513,2.88862,1.57799
217,4.97696,2.73677,1.64291
217,4.37188,2.85656,0.667483
217,4.36131,2.84668,0.57808
217,3.76001,2.95132,-0.459491
217,4.38275,2.89221,0.663774
217,3.86107,2.83111,-0.520025
217,4.79947,2.92177,1.5575
217,4.3759,2.87968,0.605876
217,4.81613,2.92324,1.58089
217,4.37129,2.88055,0.580344
217,3.78447,2.90124,-0.575037
217,3.86629,2.84837,-0.522082
217,4.81434,2.94578,1.55767
217,3.87793,2.86432,-0.52753
217,4.92705,2.67382,1.18002
217,4.93734,2.67336,1.18763
217,4.94643,2.9105,1.69858
217,5.15188,1.66688,-0.512412
217,4.95987,2.92692,1.75688
217,3.85191,2.8559,-0.636899
217,4.39858,2.94727,0.650858
217,4.95272,2.91841,1.69899
217,4.41001,2.93489,0.639925
217,4.76955,3.14101,1.782
217,4.70203,3.23545,1.84406
217,4.95799,2.68178,1.19118
217,4.41158,2.9247,0.600872
217,4.39982,2.92416,0.570594
217,4.98035,2.95246,1.78901
217,3.84944,2.87312,-0.66382
217,4.80794,3.13274,1.80162
217,4.4205,2.95275,0.620671
217,3.8637,2.88039,-0.673231
217,4.77928,2.90366,1.21675
217,4.95442,2.94103,1.64332
217,4.71921,3.24706,1.81424
217,3.83542,2.94674,-0.600041
217,3.82406,2.97346,-0.574917
217,5.09365,1.7367,-0.637317
217,4.72282,3.26156,1.81981
217,3.88775,2.93109,-0.57255
217,4.81371,3.17424,1.79376
217,4.7585,3.29129,1.91003
217,4.84343,3.17052,1.81966
217,4.80272,2.91521,1.17863
217,5.22608,1.75712,-0.417265
217,4.9829,2.75537,1.19344
217,4.83631,2.94743,1.2781
217,3.90443,2.95174,-0.5966
217,5.11448,1.81472,-0.637962
217,3.8486,2.99634,-0.694819
217,4.91929,3.17254,1.80845
217,4.92387,3.1881,1.80107
217,4.91315,3.22552,1.85083
217,4.99225,3.18613,1.91809
217,4.84392,3.00604,1.20707
217,3.86779,3.02882,-0.740475
217,4.99161,3.22435,1.88102
217,4.98569,3.2181,1.8225
217,5.03053,3.22644,1.91237
217,4.89042,3.02163,1.17924
217,4.82943,2.24405,-0.598929
217,3.90607,3.0869,-0.843879
217,3.90703,3.08824,-0.840563
217,5.07748,3.28498,1.91528
217,5.09288,3.30033,1.8834
217,5.07654,3.02599,1.10074
217,4.98073,2.85263,0.532064
217,5.00138,2.91402,0.623364
217,5.0252,2.85082,0.520781
217,5.14532,3.18581,1.39676
217,5.0152,2.9014,0.508259
217,5.11264,2.83405,0.458086
217,5.05331,2.98844,0.626285
217,5.04156,2.95406,0.510067
217,5.12686,3.15719,1.04505
217,4.94761,2.67543,-0.439389
217,5.18337,2.90691,0.426759
217,4.99134,2.80226,-0.378221
217,4.95634,2.8271,-0.439337
217,5.00531,2.81151,-0.39214
217,5.01987,2.79069,-0.505
217,4.99282,2.8432,-0.476696
217,4.95387,2.86786,-0.56829
217,4.98932,2.87152,-0.497505
217,5.05077,2.86719,-0.399358
217,4.96139,2.87946,-0.588381
217,5.00967,2.88315,-0.484904
217,5.06449,2.81739,-0.524371
217,4.27584,5.36576,-2.03105
217,9.90786,2.17884,2.30872
217,10.1263,2.22664,2.33903
217,3.7267,1.57222,-0.620098
213,3.7267,1.57222,-0.620098
217,4.71551,2.38952,1.19547
213,4.71551,2.38952,1.19547
217,4.61329,2.64651,1.55072
213,4.61329,2.64651,1.55072
217,4.82736,1.96407,1.70807
213,4.82736,1.96407,1.70807
217,5.0894,1.13243,1.39693
213,5.0894,1.13243,1.39693
217,5.17061,1.49281,1.76841
213,5.17061,1.49281,1.76841
217,5.22715,1.80608,1.85194
213,5.22715,1.80608,1.85194
217,5.16653,0.64293,1.48637
213,5.16653,0.64293,1.48637
217,3.80202,3.07847,0.0616925
213,3.80202,3.07847,0.0616925
217,3.75439,3.02156,0.14706
213,3.75439,3.02156,0.14706
217,3.45991,2.81905,-0.00197767
213,3.45991,2.81905,-0.00197767
217,3.81028,2.82759,1.78297
213,3.81028,2.82759,1.78297
217,5.17896,0.477488,1.22355
213,5.17896,0.477488,1.22355
217,3.82792,2.86899,1.79063
213,3.82792,2.86899,1.79063
217,3.85374,3.01232,1.22357
213,3.85374,3.01232,1.22357
217,3.99861,3.26803,0.0627446
213,3.99861,3.26803,0.0627446
217,3.85972,2.79495,0.624751
213,3.85972,2.79495,0.624751
217,4.27222,1.46896,-0.625374
213,4.27222,1.46896,-0.625374
217,3.83737,3.00003,-0.468469
213,3.83737,3.00003,-0.468469
217,5.14488,1.46797,1.76607
212,5.14488,1.46797,1.76607
217,5.77414,4.1722,1.19338
212,5.77414,4.1722,1.19338
217,3.53543,2.92996,-0.00629343
212,3.53543,2.92996,-0.00629343
217,4.72891,2.81744,1.62028
212,4.72891,2.81744,1.62028
217,3.65331,2.74449,0.055495
212,3.65331,2.74449,0.055495
217,4.77602,2.44844,1.69816
212,4.77602,2.44844,1.69816
217,3.67114,2.73685,0.278201
212,3.67114,2.73685,0.278201
217,3.73449,2.91097,0.24871
212,3.73449,2.91097,0.24871
217,3.85006,3.02358,-0.450377
212,3.85006,3.02358,-0.450377
217,5.31529,1.09989,1.20408
212,5.31529,1.09989,1.20408
217,3.31213,2.7552,0.0139233
211,3.31213,2.7552,0.0139233
217,3.01553,2.46553,-0.406297
211,3.01553,2.46553,-0.406297
217,5.3106,0.202784,0.0530143
211,5.3106,0.202784,0.0530143
217,3.67921,3.29062,-0.11664
214,3.67921,3.29062,-0.11664
217,3.74076,2.57876,1.14949
214,3.74076,2.57876,1.14949
217,4.45123,2.44665,-0.550752
214,4.45123,2.44665,-0.550752
217,3.98195,3.4962,0.70124
214,3.98195,3.4962,0.70124
217,4.07463,1.42301,-0.506399
214,4.07463,1.42301,-0.506399
217,3.02909,2.43951,-0.374007
214,3.02909,2.43951,-0.374007
217,3.53674,2.63336,0.145481
214,3.53674,2.63336,0.145481
217,4.19062,1.28328,-0.434068
214,4.19062,1.28328,-0.434068
217,4.33189,1.42311,-0.543708
214,4.33189,1.42311,-0.543708
217,5.09117,1.12971,1.36804
166,5.09117,1.12971,1.36804
217,2.78606,1.77487,1.24408
166,2.78606,1.77487,1.24408
217,4.97624,1.48595,0.00246267
166,4.97624,1.48595,0.00246267
217,3.86353,2.83998,1.09273
30,3.86353,2.83998,1.09273
217,4.62555,1.73493,-0.927569
30,4.62555,1.73493,-0.927569
217,3.17427,2.46528,0.149102
30,3.17427,2.46528,0.149102
217,3.98847,3.40852,0.378104
210,3.98847,3.40852,0.378104
217,5.12652,1.56968,0.410787
31,5.12652,1.56968,0.410787
217,3.42632,2.60796,0.105845
31,3.42632,2.60796,0.105845
217,3.73697,2.71094,-0.244571
216,3.73697,2.71094,-0.244571
217,4.30138,0.56884,0.129566
209,4.30138,0.56884,0.129566
217,5.32161,-0.073998,0.365885
209,5.32161,-0.073998,0.365885
218,3.36354,0.080066,1.66911
218,5.18242,0.35494,0.890524
218,5.18432,0.364369,1.12682
218,5.18432,0.429997,0.938779
218,5.13353,0.488107,0.640923
218,5.21604,0.43829,1.15975
218,5.23514,0.447599,1.72553
218,5.19133,0.480335,1.50275
218,5.14421,0.50346,0.754221
218,5.16491,0.488558,0.852749
218,5.13812,0.517867,0.766156
218,5.13441,0.532554,0.875115
218,5.15622,0.505776,0.714219
218,5.19539,0.536459,1.3739
218,5.24784,0.530656,1.74021
218,5.21823,0.548783,1.19232
218,5.22046,0.570339,1.6866
218,5.22146,0.557215,1.35228
218,5.22686,0.567852,1.70287
218,5.28063,0.524337,1.74626
218,5.2385,0.561198,1.35032
218,5.23011,0.58889,1.74188
218,5.23621,0.600977,1.73886
218,5.21338,0.641024,1.64487
218,5.22698,0.631595,1.66249
218,5.13299,0.742673,1.72659
218,5.22469,0.653639,1.64976
218,5.24455,0.690929,1.74576
218,3.04131,2.82941,2.27124
218,3.05788,2.8167,2.27158
218,5.2038,0.760478,1.41998
218,3.01203,2.87448,2.29687
218,3.07088,2.82705,2.34201
218,5.34236,0.682997,1.74568
218,3.07716,2.84968,2.2717
218,3.04818,2.87843,2.28572
218,3.02209,2.89135,1.81991
218,3.01032,2.92238,2.30111
218,3.03577,2.89189,1.98974
218,3.03929,2.89387,1.99021
218,3.03484,2.90077,1.88875
218,3.03567,2.904,1.90035
218,5.21668,0.828616,1.50354
218,3.03174,2.92178,1.81218
218,5.16329,0.869228,0.571364
218,5.17142,0.874701,0.575302
218,3.04172,2.94935,1.99577
218,5.19232,0.903202,0.780596
218,5.13443,0.998589,1.24488
218,3.27045,2.80778,2.27285
218,5.13172,0.996243,0.948337
218,5.13451,0.997151,0.890742
218,5.14185,1.00129,1.1587
218,5.19494,0.96105,1.28201
218,5.16922,1.00054,1.62402
218,3.17573,2.92023,2.30725
218,5.14072,0.998751,0.660383
218,5.18734,0.94883,0.498007
218,5.19322,0.949252,0.499349
218,3.55226,2.58323,2.37873
218,3.1576,2.95747,2.30129
218,5.19497,1.00374,1.61926
218,5.18785,0.996963,1.23899
218,5.18189,1.0059,1.26174
218,5.18222,0.999536,1.0608
218,5.17412,1.00592,0.951343
218,5.15625,1.00321,0.434581
218,5.1862,1.00703,1.11682
218,5.16669,1.09953,2.91726
218,5.20191,0.971896,0.509549
218,5.20768,1.01228,1.6225
218,5.15136,1.05558,1.19626
218,5.16081,1.05693,1.39792
218,5.17867,1.00609,0.552589
218,5.17585,1.01041,0.556056
218,5.19193,1.01003,0.847914
218,5.15046,1.03508,0.439871
218,5.2117,1.02893,1.57725
218,5.15381,1.07447,1.31597
218,5.19381,1.01907,0.862383
218,5.17079,1.06468,1.3967
218,5.20769,1.01322,0.937525
218,5.19981,1.02115,0.883656
218,5.20839,1.0132,0.864571
218,5.23669,0.986199,0.648838
218,5.21132,1.02947,0.921725
218,5.14859,1.10092,1.13834
218,5.21275,1.02988,0.87918
218,5.23239,1.04066,1.52764
218,5.23562,1.04216,1.56945
218,5.14953,1.11366,1.28361
218,5.14214,1.11816,1.12043
218,5.24059,1.07493,2.1636
218,5.25422,1.066,2.16286
218,5.25733,1.06596,2.17587
218,5.15874,1.12365,1.22856
218,5.26518,1.06217,2.16226
218,5.16418,1.13648,1.47775
218,5.26655,1.06739,2.15849
218,3.45581,2.80031,2.50243
218,5.26903,1.07556,2.16437
218,5.26987,1.07595,2.1747
218,5.27202,1.08092,2.17569
218,5.17623,1.13402,1.22779
218,5.12769,1.16886,0.869593
218,3.52269,2.73202,1.8875
218,5.13376,1.17176,0.870138
218,3.46973,2.81293,2.42247
218,5.258,1.11177,2.16615
218,3.47393,2.81317,2.30985
218,5.15391,1.17579,1.10952
218,5.26582,1.11517,2.16964
218,3.47944,2.81559,2.28944
218,5.14199,1.17504,0.593892
218,5.15934,1.17831,1.08432
218,5.16251,1.17865,1.10908
218,5.14336,1.17562,0.563077
218,5.16209,1.18625,1.26346
218,5.14448,1.17623,0.591662
218,5.15547,1.19952,1.41685
218,5.26981,1.12383,2.17309
218,5.19021,1.17009,1.34522
218,5.14054,1.19327,0.716675
218,5.1821,1.18116,1.36674
218,5.17028,1.19028,1.31043
218,3.54487,2.75215,1.89262
218,5.17017,1.19011,1.25862
218,3.54728,2.75161,1.90065
218,5.17239,1.18329,1.08526
218,5.28143,1.12599,2.1734
218,5.16757,1.19385,1.09317
218,5.18799,1.18643,1.36953
218,5.18694,1.19221,1.39339
218,5.28763,1.12989,2.16993
218,5.18977,1.19229,1.38714
218,5.18057,1.20294,1.41616
218,5.29097,1.1302,2.18958
218,5.14944,1.22496,1.17009
218,5.31566,1.10971,2.18688
218,5.18097,1.20815,1.41705
218,5.29219,1.13796,2.17765
218,5.11718,1.34034,2.95721
218,5.29846,1.13986,2.18761
218,5.16291,1.20364,0.49428
218,5.31063,1.13461,2.18087
218,5.13836,1.24283,0.748047
218,5.14052,1.24395,0.759557
218,5.17265,1.2448,1.53133
218,5.16512,1.21107,0.509845
218,5.1705,1.24757,1.53743
218,5.1479,1.24639,0.76345
218,5.14758,1.24621,0.748804
218,5.15226,1.23651,0.469011
218,5.15622,1.23464,0.468388
218,5.14053,1.2698,0.790669
218,5.15152,1.28948,1.51257
218,5.15203,1.29627,1.51234
218,5.1583,1.25249,0.505781
218,5.16032,1.25221,0.506519
218,3.50347,2.89492,2.30214
218,5.13666,1.32109,1.57374
218,5.13352,1.3326,1.49348
218,5.13915,1.36253,1.57929
218,5.10572,1.36672,0.670201
218,3.60832,2.85196,2.22617
218,3.59162,2.87823,1.8669
218,3.67015,2.83049,2.03607
218,5.11939,1.45709,1.74356
218,5.11704,1.43263,1.00903
218,5.17108,1.40042,1.40443
218,3.63529,2.89112,2.24157
218,5.40288,1.20478,1.77841
218,5.14112,1.44381,1.11683
218,5.09982,1.48924,1.07954
218,5.17244,1.44334,1.62856
218,5.07682,1.52897,1.41443
218,5.09491,1.49685,0.893708
218,5.11446,1.48978,1.08109
218,5.1104,1.49588,0.863017
218,3.70759,2.85973,1.75314
218,5.13243,1.49863,1.30069
218,5.04228,1.64994,2.93327
218,5.08253,1.53409,0.96624
218,5.1085,1.5136,0.906801
218,5.08472,1.54137,0.968568
218,5.11879,1.50535,0.854379
218,5.12,1.51332,0.924295
218,5.09429,1.55295,1.27761
218,5.10325,1.54379,1.19181
218,5.1021,1.54599,1.21511
218,5.0723,1.54333,0.432032
218,5.11242,1.50928,0.404126
218,5.11268,1.50943,0.410564
218,3.66427,2.95497,2.24669
218,5.10984,1.55075,1.27893
218,5.1129,1.51686,0.454247
218,5.07499,1.59222,1.30983
218,5.11895,1.55351,1.27522
218,5.09167,1.55534,0.587513
218,5.12942,1.51673,0.398074
218,3.71553,2.93299,2.02834
218,5.0857,1.57012,0.283636
218,3.67203,2.98814,2.24125
218,3.71056,2.94775,2.03522
218,5.08827,1.6101,1.12152
218,5.07649,1.63485,1.35756
218,5.0986,1.6114,1.24178
218,5.10507,1.60785,1.30345
218,5.09698,1.61216,1.11379
218,5.08052,1.6376,1.33808
218,5.08703,1.63266,1.35058
218,5.10546,1.61743,1.23919
218,5.10239,1.61453,0.956253
218,3.68157,3.01525,2.26238
218,3.71475,2.9832,2.22992
218,3.82148,2.86305,1.74916
218,3.72694,2.97199,2.22237
218,3.71025,3.01485,2.89652
218,5.09117,1.64489,1.27785
218,5.07522,1.65333,1.09552
218,5.08388,1.65833,1.39683
218,5.08093,1.6541,1.08667
218,5.06224,1.65515,0.665706
218,5.10442,1.64579,1.35102
218,5.09855,1.64983,1.27834
218,5.08671,1.67273,1.41047
218,5.08252,1.65871,0.941653
218,3.8485,2.81445,0.62001
218,5.09727,1.6602,1.2795
218,5.09406,1.66568,1.23578
218,5.08664,1.67928,1.3074
218,5.07689,1.66804,0.743964
218,5.09172,1.67373,1.16301
218,5.09565,1.68705,1.30201
218,5.08506,1.67388,0.653292
218,5.11082,1.68036,1.3906
218,5.09865,1.67437,0.940359
218,5.11308,1.68322,1.26044
218,5.18773,1.68358,3.0133
218,5.19292,1.68004,3.00224
218,5.07941,1.71332,1.04669
218,5.13864,1.67732,1.03829
218,5.09442,1.71904,1.02881
218,5.12237,1.71135,1.32952
218,5.21122,1.69774,3.01326
218,5.09617,1.72827,1.04764
218,5.10276,1.72465,1.08802
218,5.09882,1.72309,0.741183
218,5.22592,1.70058,3.03004
218,5.04046,1.92385,3.09456
218,5.10804,1.77026,0.553395
218,5.05966,1.92161,3.08986
218,5.0633,1.83175,0.390786
218,4.84882,2.14806,2.79532
218,5.07621,1.84313,0.390868
218,5.07383,1.84748,0.398746
218,3.80063,3.05518,0.433985
218,5.03991,1.87543,0.159224
218,3.8541,3.11396,2.87353
218,4.86984,2.15456,2.77211
218,3.80528,3.07508,0.423727
218,4.87358,2.16063,2.80049
218,3.81179,3.07028,0.423264
218,3.83225,3.08557,1.12001
218,4.87406,2.17272,2.7577
218,4.88471,2.17147,2.78188
218,4.87901,2.18309,2.75942
218,4.86724,2.20615,2.97583
218,5.15888,1.83814,0.585749
218,5.18689,1.81852,0.517622
218,4.87944,2.20083,2.72763
218,5.17933,1.84381,0.51314
218,5.14524,1.88052,0.61535
218,3.87714,3.17889,2.90533
218,4.87215,2.22976,2.71412
218,3.86674,3.19121,2.95886
218,4.87837,2.24388,2.71883
218,3.87627,3.20452,2.96114
218,3.8916,3.21144,2.96469
218,3.91116,3.26076,2.93913
218,4.87748,2.36747,2.84991
218,4.887,2.3743,2.86396
218,4.91921,2.34539,2.77689
218,4.90618,2.39474,2.83
218,5.1939,2.14804,2.72258
218,4.36077,2.8532,0.635348
218,4.35521,2.87894,1.12999
218,4.37807,2.84019,0.611883
218,4.3633,2.85661,0.636465
218,4.92278,2.42793,2.87571
218,4.37914,2.85159,0.603023
218,5.19006,2.17233,2.73276
218,4.37273,2.86885,0.608205
218,4.93851,2.43045,2.88906
218,4.932,2.43754,2.86158
218,4.93213,2.43796,2.85905
218,5.21136,2.17811,2.72989
218,4.37995,2.88318,0.601935
218,5.1614,2.23887,2.60235
218,4.95483,2.44778,2.86636
218,5.03606,2.2728,0.361995
218,5.23394,2.20506,2.72591
218,5.23871,2.223,3.06325
218,4.97699,2.47119,2.84605
218,5.18404,2.27079,2.62194
218,5.15177,2.3289,3.11675
218,5.17783,2.2851,2.57231
218,4.30367,3.05794,0.96206
218,5.20383,2.27291,2.59469
218,5.19634,2.2995,2.5798
218,4.78986,2.76337,1.41176
218,4.79746,2.77031,1.55353
218,4.89606,2.64848,0.549299
218,5.09317,2.53367,1.81589
218,4.77155,2.87984,1.59277
218,4.76945,2.89005,1.6089
218,4.96335,2.71548,1.60724
218,4.79137,2.88307,1.22147
218,4.95117,2.73582,1.22893
218,4.98597,2.72038,1.59793
218,4.69488,3.07484,2.94295
218,4.97328,2.76333,1.58306
218,4.82647,2.89554,1.38914
218,5.01721,2.7814,3.0166
218,4.78968,2.92479,1.20671
218,4.82905,2.91676,1.50082
218,4.8225,2.91414,1.19636
218,4.71359,3.09333,2.95509
218,4.82672,2.93879,1.5845
218,4.8523,2.90863,1.39938
218,5.0077,2.77118,1.62333
218,4.71005,3.1069,2.95339
218,5.00869,2.77263,1.60277
218,4.80844,2.95043,1.21879
218,4.81825,2.94426,1.19453
218,4.86715,2.93865,1.52383
218,4.94479,2.92458,2.97477
218,5.02264,2.78025,1.18952
218,4.87315,2.92461,1.2492
218,4.72735,3.13191,2.97212
218,5.02834,2.78658,1.2005
218,4.73862,3.14008,2.97055
218,4.87531,2.95186,1.38111
218,4.96344,2.94111,2.99515
218,4.88174,2.95477,1.37725
218,4.88114,2.95905,1.39722
218,4.96881,2.94632,2.98909
218,5.04506,2.8738,2.9449
218,4.93899,2.98372,3.00283
218,5.02475,2.85351,1.75765
218,5.049,2.81965,1.20369
218,5.02571,2.91297,2.97029
218,5.03777,2.83306,1.22112
218,5.05988,2.83748,1.20128
218,4.97362,2.91783,1.15657
218,4.8366,3.12969,3.00217
218,5.04116,2.94847,2.98829
218,4.97867,2.9587,1.6271
218,4.97019,2.95405,1.14511
218,4.99113,2.93954,1.13581
218,4.98577,2.96472,1.63041
218,5.01765,2.89607,0.53975
218,4.85101,3.15314,3.01141
218,5.00532,2.9196,0.548993
218,5.02936,3.01249,3.02813
218,4.99205,3.05103,3.02941
218,5.06925,2.97745,3.01072
218,4.85223,3.189,3.03255
218,4.71203,3.27414,1.84044
218,5.00436,3.07233,3.04124
218,5.05836,3.03683,3.04459
218,4.95296,3.14519,3.09079
218,4.96962,3.13777,3.0821
218,4.88235,3.18733,2.25477
218,4.89126,3.21328,3.03586
218,4.92493,3.19847,3.05171
218,4.94584,3.20863,3.06272
218,4.91446,3.21567,2.25347
218,4.88453,3.25329,2.20797
218,4.9556,3.20692,2.30694
218,4.9173,3.24797,2.21442
218,4.89821,3.26999,2.19041
218,4.93121,3.26135,2.21348
218,4.98066,3.22915,2.2711
218,5.00543,3.21006,2.31242
218,5.01233,3.21002,2.30647
218,5.03964,3.18626,2.25117
218,4.92424,3.30417,2.21048
218,4.95992,3.27606,2.25665
218,5.03832,3.23121,2.31261
218,5.03404,3.23733,2.31649
218,5.0475,3.23885,2.16765
218,5.06386,3.23289,2.26162
218,5.04411,3.25695,2.32463
218,6.87572,2.87955,0.699608
218,11.4369,2.68095,2.05012
218,3.53397,2.21054,1.73287
217,3.53397,2.21054,1.73287
218,3.64615,2.4518,1.75184
217,3.64615,2.4518,1.75184
218,5.2207,0.968922,1.2408
217,5.2207,0.968922,1.2408
218,4.85039,3.20758,1.82337
217,4.85039,3.20758,1.82337
218,4.98923,1.5196,1.15765
217,4.98923,1.5196,1.15765
218,5.09513,0.916879,1.58144
217,5.09513,0.916879,1.58144
218,4.18162,3.68681,0.314056
217,4.18162,3.68681,0.314056
218,4.13103,3.42247,0.403123
217,4.13103,3.42247,0.403123
218,4.00488,3.31253,0.427586
217,4.00488,3.31253,0.427586
218,4.20885,3.75331,0.295186
217,4.20885,3.75331,0.295186
218,3.99402,3.13587,0.488124
217,3.99402,3.13587,0.488124
218,3.50153,2.22372,1.30134
217,3.50153,2.22372,1.30134
218,3.70554,2.82693,0.760271
217,3.70554,2.82693,0.760271
218,3.5842,2.40948,1.28539
217,3.5842,2.40948,1.28539
218,3.69642,2.66564,1.26379
217,3.69642,2.66564,1.26379
218,3.59219,2.52272,1.28272
217,3.59219,2.52272,1.28272
218,5.04897,1.72528,0.550136
213,5.04897,1.72528,0.550136
218,5.14397,0.934586,1.28897
213,5.14397,0.934586,1.28897
218,5.19469,0.533402,1.74092
213,5.19469,0.533402,1.74092
218,5.00379,2.9014,0.547197
213,5.00379,2.9014,0.547197
218,4.96954,3.10912,2.23203
212,4.96954,3.10912,2.23203
218,4.97622,2.94334,1.10846
212,4.97622,2.94334,1.10846
218,5.12291,1.78024,0.55047
212,5.12291,1.78024,0.55047
218,5.11177,1.08778,1.49925
212,5.11177,1.08778,1.49925
218,5.06091,1.68629,1.5873
212,5.06091,1.68629,1.5873
218,5.19785,0.529216,1.40975
212,5.19785,0.529216,1.40975
218,2.81372,1.82114,1.27049
212,2.81372,1.82114,1.27049
218,3.82613,3.08931,0.49802
212,3.82613,3.08931,0.49802
218,5.11943,1.42815,1.23376
211,5.11943,1.42815,1.23376
218,5.09999,1.16885,0.474815
214,5.09999,1.16885,0.474815
218,4.12955,3.542,-0.0118294
166,4.12955,3.542,-0.0118294
218,4.15209,3.59374,-0.0187644
166,4.15209,3.59374,-0.0187644
218,5.16438,0.921905,0.721146
166,5.16438,0.921905,0.721146
218,5.22457,1.85613,0.560326
31,5.22457,1.85613,0.560326
218,5.00723,2.78301,1.35813
31,5.00723,2.78301,1.35813
218,5.21426,1.84499,0.563131
31,5.21426,1.84499,0.563131
218,4.94017,2.6114,0.586238
32,4.94017,2.6114,0.586238
218,5.08667,1.60555,0.479888
32,5.08667,1.60555,0.479888
218,4.94425,2.70094,0.550591
49,4.94425,2.70094,0.550591
219,3.10339,0.297579,1.66707
219,3.16221,0.310471,1.59313
219,2.91076,1.39374,1.83481
219,2.92813,1.52937,1.83721
219,2.93713,1.68662,1.77453
219,2.97948,1.97127,2.07286
219,2.99422,2.09035,1.91727
219,3.00008,2.11433,1.91837
219,3.00533,2.1426,1.93112
219,4.27359,1.06426,1.60623
219,3.01314,2.22306,1.78884
219,3.03247,2.30177,1.80557
219,3.03916,2.45673,1.96604
219,4.72394,0.930592,2.7199
219,4.97692,0.932825,1.00512
219,4.90226,0.953175,1.56768
219,4.77515,0.951213,2.73766
219,3.09702,2.58779,2.18895
219,3.08187,2.66982,2.20982
219,5.04489,0.954919,1.29407
219,3.06919,2.71045,2.20789
219,3.07417,2.71483,2.22128
219,3.07461,2.71682,2.21131
219,3.09079,2.71003,2.22219
219,3.09255,2.71929,2.21362
219,4.97809,0.978609,2.11841
219,5.00188,0.997012,2.129
219,3.11002,2.77459,2.22353
219,3.0393,2.8661,2.05232
219,5.09601,1.02705,1.61527
219,5.15962,0.993442,1.61935
219,3.02906,2.93189,2.24494
219,3.07914,2.90309,2.24318
219,3.05781,2.94218,2.24977
219,4.99143,1.22959,1.54802
219,4.91219,1.37638,1.08185
219,3.06699,2.96631,2.26176
219,3.30398,2.77853,1.98837
219,3.08826,2.95862,2.24913
219,3.0684,2.98341,2.29396
219,4.9993,1.43166,0.896248
219,5.27878,1.11636,2.17691
219,5.08151,1.48848,0.904608
219,4.95674,1.57692,1.33706
219,3.7493,2.75559,1.17979
219,3.74702,2.77029,1.18112
219,5.1153,1.4853,1.62634
219,5.46232,1.18249,1.46803
219,3.76331,2.7346,1.76952
219,3.77042,2.83486,0.894202
219,3.37098,3.08479,2.02123
219,3.77941,2.80461,1.20482
219,3.77083,2.82304,1.15552
219,5.40039,1.1864,2.20862
219,3.78143,2.84589,0.919358
219,3.77827,2.82414,1.15239
219,3.78637,2.85113,0.912224
219,3.79151,2.78717,1.45935
219,4.4757,2.16547,1.33209
219,3.79205,2.78769,1.47969
219,3.79336,2.7955,1.4813
219,3.79751,2.796,1.48225
219,3.79641,2.79445,1.57144
219,3.79849,2.88074,0.872946
219,5.32004,1.39016,1.5259
219,3.80573,2.84727,1.13612
219,5.22221,1.56232,0.853306
219,3.83807,2.82067,1.15415
219,3.80682,2.88197,0.898839
219,3.80782,2.88146,0.897529
219,3.80123,2.8853,0.927703
219,3.80383,2.80715,1.57587
219,3.79645,2.79473,1.74202
219,3.80139,2.81047,1.57911
219,5.82532,0.903496,1.76764
219,3.79895,2.87477,1.08265
219,3.79445,2.88094,1.08264
219,3.80846,2.81115,1.56827
219,4.5032,2.20148,1.3114
219,3.80058,2.89725,1.04635
219,3.80607,2.89166,1.07462
219,3.81661,2.89688,1.02266
219,5.26076,1.58553,0.819907
219,3.85036,2.8662,1.14297
219,4.50354,2.20476,1.61462
219,3.85986,2.86293,1.12625
219,3.82716,2.85525,1.47068
219,3.81566,2.91262,1.13678
219,3.81705,2.91386,1.19642
219,5.2303,1.54788,1.6382
219,3.81139,2.94151,1.07376
219,3.78143,2.96098,1.14679
219,4.56517,1.97962,3.33437
219,3.83846,2.92663,1.11832
219,5.44482,1.36842,1.65359
219,5.6128,1.24178,1.42741
219,3.79546,2.97615,1.14754
219,4.57804,1.99834,3.34666
219,4.57593,2.00238,3.33083
219,4.56953,2.2753,1.29773
219,3.86142,2.94132,1.44832
219,3.85378,2.9492,1.57356
219,4.6461,2.00693,3.34632
219,4.64113,2.01976,3.36363
219,4.65044,2.01862,3.36467
219,3.81757,3.06814,1.17937
219,4.59064,2.29722,1.62073
219,3.87746,2.97335,1.57787
219,4.26559,2.69412,1.18288
219,4.64807,2.35681,1.2779
219,4.63951,2.33945,1.61454
219,4.29435,2.72693,1.1813
219,4.29423,2.7259,1.19691
219,3.45888,3.42458,2.05262
219,3.90966,3.07966,1.43344
219,4.41226,2.53817,2.13087
219,3.85438,3.17263,1.17538
219,4.77814,2.17345,2.68733
219,4.70424,2.39164,1.60229
219,4.72462,2.4259,1.26607
219,4.78666,2.19978,2.70317
219,3.93577,3.135,1.57194
219,4.77767,2.22587,2.72256
219,4.72996,2.45005,1.26232
219,5.4714,1.76454,1.22536
219,4.78011,2.2353,2.72971
219,4.78197,2.23466,2.72588
219,4.78397,2.23396,2.72609
219,4.77011,2.24246,2.82358
219,4.77982,2.24994,2.75799
219,4.89835,2.12297,2.9449
219,4.79408,2.2399,2.83091
219,4.75072,2.46441,1.26674
219,4.78208,2.26037,2.76348
219,4.81417,2.2394,2.7235
219,4.79205,2.25971,2.75605
219,4.79255,2.26186,2.76099
219,4.83605,2.22675,2.71752
219,4.80152,2.24997,2.83564
219,4.79597,2.26357,2.80186
219,4.79411,2.27102,2.7894
219,4.79498,2.27043,2.78799
219,4.74233,2.49507,1.42255
219,4.83814,2.24103,2.85241
219,4.83708,2.25877,2.73544
219,4.80968,2.27605,2.81122
219,5.37552,1.89757,1.75627
219,3.89403,3.32835,1.32357
219,4.7633,2.51277,1.53044
219,4.86011,2.27289,2.86807
219,4.86839,2.26983,2.86691
219,4.86043,2.29251,2.75543
219,4.87985,2.27544,2.86828
219,3.86421,3.32815,2.3131
219,4.91348,2.30816,2.75168
219,5.44633,1.9345,1.77295
219,3.88001,3.3564,2.13206
219,4.92384,2.30028,2.89082
219,5.44797,1.94821,1.7634
219,4.927,2.30438,2.89774
219,4.92852,2.33648,2.7446
219,4.9267,2.32495,2.88781
219,4.96031,2.29971,3.00588
219,3.89033,3.40584,2.12078
219,3.89239,3.40659,2.12549
219,5.01362,2.25899,3.02842
219,4.96784,2.33519,2.91798
219,6.12683,1.43642,1.38283
219,4.9851,2.33046,2.90992
219,4.9793,2.33721,2.90622
219,4.98389,2.33737,2.91356
219,4.999,2.31278,3.01079
219,4.99264,2.33913,2.91727
219,4.98794,2.36612,2.80139
219,5.02638,2.33168,2.9074
219,5.71327,1.82789,1.75569
219,5.02427,2.34718,2.86497
219,5.0433,2.32938,2.88012
219,5.53122,2.00945,1.76992
219,5.03588,2.3377,2.91437
219,5.01465,2.36253,2.92513
219,5.04195,2.34186,2.91698
219,5.0649,2.32155,2.98699
219,5.0645,2.34036,2.86507
219,5.06104,2.34926,2.89596
219,5.04975,2.36397,2.88898
219,5.04667,2.36358,2.92625
219,5.55842,2.02625,1.78339
219,5.05513,2.3613,2.92584
219,5.5858,2.02439,1.76755
219,5.06186,2.38028,2.89642
219,5.55422,2.0531,1.78926
219,5.08231,2.36829,2.85392
219,5.07055,2.3727,2.94073
219,5.07964,2.37159,2.90111
219,5.09875,2.3736,2.88354
219,4.66263,2.86633,2.1843
219,3.9407,3.55176,2.16495
219,5.07581,2.42881,2.82997
219,5.07966,2.43964,2.83376
219,5.12166,2.39582,2.87616
219,5.09494,2.45127,2.83776
219,5.13275,2.42357,2.8827
219,5.11788,2.47099,2.84018
219,5.14718,2.45929,2.86169
219,5.15294,2.45668,2.86941
219,5.16322,2.46915,2.86765
219,4.71815,3.01653,1.80711
219,4.0009,3.67411,2.16449
219,4.73491,2.99159,2.18141
219,3.98062,3.67711,2.343
219,5.15261,2.50587,3.13415
219,3.5893,4.10045,2.13557
219,3.88583,3.8056,2.38496
219,3.88919,3.85043,2.38765
219,3.89854,3.86838,2.40134
219,3.91335,3.87715,2.33866
219,3.89974,3.90436,2.40508
219,3.93023,3.9374,2.42927
219,3.99148,3.95857,1.8299
219,7.01072,1.21107,1.77682
219,3.99649,3.98222,2.2243
219,3.93615,4.02692,2.42244
219,5.18637,3.11072,0.472619
219,5.31635,2.66576,3.24226
219,5.19971,3.1488,0.461764
219,4.89078,3.2998,1.80967
219,3.67211,4.47555,2.17036
219,4.06541,4.31203,2.22629
219,4.09829,4.3436,2.27204
219,5.04247,3.54387,1.82763
219,5.04777,3.55088,1.837
219,4.09414,4.39583,2.233
219,4.02976,4.52852,2.55585
219,4.20599,4.45809,1.79725
219,5.20877,3.5544,1.82552
219,5.31851,3.57795,1.0907
219,4.31824,4.74819,1.79333
219,4.35183,4.84038,1.78356
219,3.87118,5.33583,2.25442
219,7.22729,2.48001,1.8476
219,4.39302,5.2015,1.88606
219,4.42817,5.27799,2.10056
219,4.42114,5.36456,2.34134
219,4.42066,5.55509,1.95024
219,4.52452,5.57236,1.88576
219,4.34212,5.8274,2.81745
219,4.36306,5.84163,2.7977
219,4.58999,5.8854,1.92606
219,4.68707,6.20151,1.96087
219,4.74421,6.26276,2.00044
219,9.49733,2.02402,1.9166
219,6.44936,5.02762,1.52597
219,4.82564,6.69255,2.20969
219,10.0353,2.14039,1.87042
219,5.25507,0.976831,1.25049
218,5.25507,0.976831,1.25049
219,6.52027,5.06568,1.48856
218,6.52027,5.06568,1.48856
219,5.10811,0.973535,1.62509
218,5.10811,0.973535,1.62509
219,5.21159,1.01428,1.12179
217,5.21159,1.01428,1.12179
219,5.12367,1.45451,1.75435
212,5.12367,1.45451,1.75435
219,5.20787,0.757027,1.74961
212,5.20787,0.757027,1.74961
219,5.12058,1.22401,1.00947
212,5.12058,1.22401,1.00947
219,5.14485,1.24304,1.54727
166,5.14485,1.24304,1.54727
219,4.77353,8.61312,2.15766
164,4.77353,8.61312,2.15766
219,4.8275,8.78381,2.18789
164,4.8275,8.78381,2.18789
219,4.73862,8.53429,2.15393
164,4.73862,8.53429,2.15393
220,2.81032,1.81705,1.27701
220,2.81587,1.81789,1.2808
220,3.47364,1.34321,1.71877
220,3.5121,1.40868,1.73091
220,4.74158,0.405396,1.72077
220,2.96665,2.06308,1.7901
220,4.67397,0.826273,2.05009
220,3.02678,2.41091,1.85988
220,3.07452,2.41835,1.94215
220,3.03537,2.45794,1.8731
220,4.79873,0.876149,1.61807
220,4.97708,0.7097,1.74546
220,5.05913,0.729446,1.7898
220,3.08016,2.56663,1.96143
220,3.06541,2.59489,1.82317
220,3.05816,2.60725,1.81562
220,5.10638,0.744873,1.76006
220,3.0482,2.66135,1.8145
220,3.04373,2.67019,1.8168
220,3.0565,2.67255,1.98277
220,3.05966,2.68588,1.99563
220,5.01894,0.908455,0.900446
220,3.05377,2.73397,1.82118
220,5.029,0.935416,0.882405
220,3.11373,2.71515,1.83266
220,3.05483,2.78274,1.82712
220,3.00656,2.82837,1.79621
220,3.01712,2.84575,1.80009
220,3.06444,2.81421,1.8261
220,3.02831,2.84907,2.03029
220,5.08611,0.968634,0.911691
220,5.09041,0.970873,0.894459
220,3.233,2.68627,1.98492
220,2.99463,2.91473,1.81766
220,3.12987,2.79616,1.84446
220,2.99804,2.91703,2.02795
220,3.03285,2.8883,2.02941
220,2.9975,2.93024,1.81866
220,3.00494,2.93402,1.82138
220,5.57368,0.568127,1.76088
220,3.01296,2.94349,2.02282
220,3.01342,2.94682,2.01142
220,3.02134,2.94248,2.26651
220,3.00667,2.96279,2.0427
220,3.02246,2.94609,2.29709
220,5.16289,0.990847,1.11368
220,3.01447,2.96986,2.02209
220,3.07639,2.91439,2.29864
220,5.18085,1.00436,1.15096
220,3.04374,2.97275,1.81524
220,5.19612,1.00888,1.14347
220,3.10856,2.93372,2.23867
220,5.20802,1.01386,1.13131
220,3.05845,2.98145,2.29317
220,3.09694,2.9483,2.27473
220,3.0702,2.98075,2.27716
220,3.09383,2.96394,2.29866
220,3.17519,2.89668,2.27275
220,3.06955,3.00627,2.36712
220,3.0398,3.04215,2.28451
220,3.03596,3.08783,2.27106
220,5.30561,1.05575,0.921922
220,5.32354,1.08568,1.50888
220,5.38803,1.07561,1.63508
220,4.09339,2.43566,0.743806
220,3.7511,2.78387,1.24204
220,3.81682,2.73452,1.13679
220,5.37488,1.28627,1.68695
220,3.81632,2.76645,1.15689
220,3.7911,2.77994,1.76665
220,3.80417,2.80032,0.52141
220,3.77533,2.82271,1.15397
220,3.79729,2.79399,1.6041
220,3.81449,2.80478,0.569921
220,3.8216,2.82006,0.549121
220,3.80143,2.84878,0.669861
220,3.46656,3.13401,1.86459
220,3.8017,2.86363,0.681377
220,3.79773,2.86761,0.681463
220,3.80877,2.83853,1.74513
220,3.81482,2.86145,0.622637
220,3.80993,2.84016,1.76187
220,5.64298,1.1801,0.776876
220,3.82132,2.87465,0.631411
220,3.81632,2.88768,0.66431
220,3.82202,2.88996,0.654675
220,3.81906,2.8926,0.681946
220,4.53782,2.23004,1.63158
220,3.87807,2.86478,1.11324
220,5.86306,1.0126,1.8012
220,3.88065,2.8691,1.13202
220,5.50767,1.34738,1.68975
220,3.83243,2.93551,0.545995
220,4.19306,2.60378,0.714532
220,3.81493,2.95989,0.587068
220,4.56121,2.27067,1.26318
220,4.22646,2.63941,0.720087
220,3.85156,2.98968,0.657217
220,4.58784,2.29634,1.31038
220,4.23225,2.64459,0.717841
220,3.80691,3.0686,0.708813
220,4.25396,2.67171,0.701197
220,4.25109,2.66881,1.21483
220,3.84956,3.06392,0.539914
220,4.63463,2.33195,1.28616
220,3.86739,3.06456,0.500141
220,3.82354,3.12093,0.691912
220,4.26498,2.70657,1.18888
220,4.61593,2.39078,1.30284
220,4.25594,2.73311,1.14502
220,4.26637,2.72398,1.1512
220,3.90049,3.05035,1.73605
220,4.27163,2.72952,1.18622
220,4.26811,2.74908,1.14872
220,4.28918,2.7348,1.1554
220,4.65251,2.39524,1.29581
220,3.80305,3.16629,2.13545
220,4.78127,2.24759,2.73945
220,4.79139,2.24104,2.71468
220,4.29387,2.7423,1.1455
220,5.2767,1.82378,1.74092
220,4.82123,2.23732,2.70265
220,4.82375,2.24195,2.69996
220,5.29815,1.83768,1.7523
220,5.29664,1.83928,1.74816
220,4.80709,2.27094,2.74377
220,4.30994,2.7717,1.14526
220,4.8218,2.2563,2.85766
220,4.7992,2.28018,2.74988
220,4.81005,2.27612,2.75108
220,4.8174,2.28077,2.75742
220,4.83988,2.26277,2.71125
220,4.84961,2.25706,2.87148
220,4.8485,2.26204,2.71919
220,4.83117,2.27938,2.84042
220,3.86948,3.23577,0.326484
220,4.85772,2.26438,2.88836
220,4.86484,2.26473,2.88504
220,4.86787,2.26794,2.87926
220,3.84864,3.23813,2.09009
220,4.88291,2.26548,2.7443
220,4.87014,2.27951,2.72557
220,3.89553,3.24677,0.439707
220,5.31931,1.93398,0.564496
220,5.33805,1.92184,0.543293
220,3.87063,3.29503,0.243494
220,4.89134,2.28595,2.90058
220,4.89699,2.29052,2.77178
220,4.89876,2.28798,2.87927
220,4.90792,2.29253,2.72246
220,4.95155,2.26731,2.80415
220,3.85765,3.30002,2.15748
220,3.87367,3.29468,1.76769
220,4.93609,2.28635,2.90039
220,4.91783,2.30826,2.73878
220,3.84762,3.31621,2.26402
220,3.81483,3.34612,2.28777
220,3.84887,3.31805,2.28701
220,4.94488,2.28974,2.90375
220,4.9463,2.29545,2.91861
220,4.94586,2.29811,2.9171
220,4.97604,2.27528,2.79647
220,4.95593,2.29983,2.91695
220,5.00019,2.29341,2.80333
220,5.00189,2.29609,2.79136
220,4.99713,2.31336,2.77611
220,4.99892,2.32397,2.78149
220,4.9922,2.34554,2.77017
220,3.87567,3.3926,2.32426
220,4.99961,2.34562,2.76685
220,3.82762,3.468,1.81223
220,5.03606,2.33031,2.81552
220,3.82632,3.47167,2.12887
220,3.90691,3.40132,2.3011
220,3.81164,3.52017,1.86151
220,3.84815,3.48019,2.12199
220,3.79574,3.52858,2.34622
220,3.88636,3.45847,2.1127
220,3.81202,3.53153,2.12537
220,3.80698,3.55695,1.86361
220,5.04292,2.38878,2.78208
220,3.84872,3.51936,1.8621
220,5.54752,2.00158,1.82055
220,3.8869,3.54581,1.82615
220,3.83627,3.60001,2.13862
220,3.79025,3.6401,2.37789
220,3.90204,3.58319,1.83788
220,4.97131,2.69319,0.543229
220,3.93662,3.66861,1.86262
220,3.87634,3.71767,2.15718
220,4.69915,2.97473,1.83628
220,3.89271,3.75322,2.16526
220,4.71648,2.99737,1.85448
220,3.89486,3.86946,1.90407
220,4.85069,2.98571,1.858
220,3.96204,3.82252,2.10709
220,3.98364,3.80864,1.93278
220,3.92349,3.89548,2.19278
220,3.93051,3.95703,2.07725
220,3.94089,3.99193,1.95482
220,3.95512,4.02186,2.1164
220,5.13296,3.02127,0.450776
220,3.87293,4.16815,2.5105
220,5.15222,3.04567,0.465502
220,3.85623,4.24197,2.18728
220,5.17677,3.0725,0.487691
220,4.94989,3.3055,1.87951
220,5.08584,3.26141,1.55659
220,5.05912,3.30524,1.84245
220,5.25266,3.18178,0.42616
220,3.87993,4.40964,2.59001
220,5.11037,3.31122,1.19189
220,5.06278,3.35318,1.90725
220,5.26592,3.22196,0.415852
220,5.16059,3.35391,1.15757
220,5.12567,3.39119,1.84226
220,5.32966,3.25924,0.37962
220,5.34052,3.2812,0.438746
220,5.35107,3.31898,0.42985
220,3.93351,4.5963,2.63287
220,5.41108,3.3885,0.386819
220,5.35478,3.61887,1.0788
220,5.35951,3.60659,1.62315
220,5.54455,3.48573,0.269489
220,4.01487,5.01303,2.71651
220,5.43792,3.84633,1.85535
220,5.66687,3.86224,1.75391
220,6.00615,4.58933,1.87354
220,8.31379,2.93605,1.91857
220,6.40732,4.75086,1.7912
220,8.58866,3.03029,2.01568
220,8.54001,3.12935,2.02286
220,9.67842,2.13298,2.0682
220,8.94034,3.26938,2.0585
220,3.42651,3.01782,1.97434
219,3.42651,3.01782,1.97434
220,5.93913,1.00834,1.78876
219,5.93913,1.00834,1.78876
220,3.72347,2.66273,1.18223
219,3.72347,2.66273,1.18223
220,3.63377,3.80029,2.45664
219,3.63377,3.80029,2.45664
220,3.33124,2.89799,2.268
219,3.33124,2.89799,2.268
220,3.33366,2.90674,2.26893
219,3.33366,2.90674,2.26893
220,3.84287,2.93522,1.12459
219,3.84287,2.93522,1.12459
220,5.90134,0.998326,1.78747
219,5.90134,0.998326,1.78747
220,3.33308,2.8937,2.28463
219,3.33308,2.8937,2.28463
220,3.81481,2.92607,1.14125
219,3.81481,2.92607,1.14125
220,3.08015,2.96689,2.08075
219,3.08015,2.96689,2.08075
220,3.7158,3.11393,1.77373
219,3.7158,3.11393,1.77373
220,5.65327,1.59899,1.81296
219,5.65327,1.59899,1.81296
220,3.77333,2.81426,1.14651
219,3.77333,2.81426,1.14651
220,3.70296,2.66079,1.25316
219,3.70296,2.66079,1.25316
220,3.1089,3.08224,2.27401
219,3.1089,3.08224,2.27401
220,3.0788,2.51225,2.18551
219,3.0788,2.51225,2.18551
220,3.06999,2.90634,2.07473
219,3.06999,2.90634,2.07473
220,3.36188,3.19878,2.03706
219,3.36188,3.19878,2.03706
220,3.80697,2.89803,1.13136
219,3.80697,2.89803,1.13136
220,3.07949,3.07587,2.41788
219,3.07949,3.07587,2.41788
220,3.5006,3.26796,2.35418
219,3.5006,3.26796,2.35418
220,2.97913,1.972,2.08051
219,2.97913,1.972,2.08051
220,3.60131,2.43836,1.28525
217,3.60131,2.43836,1.28525
220,4.71886,0.656415,1.73881
217,4.71886,0.656415,1.73881
220,4.21673,2.628,0.663683
217,4.21673,2.628,0.663683
220,5.17505,0.478578,1.27136
217,5.17505,0.478578,1.27136
220,5.12866,0.465849,1.26906
217,5.12866,0.465849,1.26906
220,5.04035,0.959481,1.71409
217,5.04035,0.959481,1.71409
220,4.28067,2.72161,0.631791
213,4.28067,2.72161,0.631791
220,5.13874,1.00512,1.64937
166,5.13874,1.00512,1.64937
220,5.12292,0.975531,1.15283
214,5.12292,0.975531,1.15283
220,3.81673,2.89841,1.15152
164,3.81673,2.89841,1.15152
221,3.14706,0.691539,-0.61463
221,2.82296,0.999861,-0.609313
221,2.8517,0.962968,-0.63058
221,2.69372,1.11731,-0.635225
221,3.29709,0.582299,-0.617379
221,3.30189,0.587902,-0.629105
221,2.9129,0.950387,-0.625038
221,3.19562,0.703691,-0.607025
221,3.29099,0.629391,-0.595866
221,3.24495,0.688042,-0.578786
221,3.20096,0.709486,-0.621604
221,5.14427,0.145786,1.18114
221,2.91629,0.984658,-0.627037
221,3.24167,0.685681,-0.6286
221,3.79368,0.183057,-0.619622
221,2.95619,0.964033,-0.611317
221,2.97299,0.93451,-0.638983
221,3.32967,0.621719,-0.623024
221,5.06068,0.114982,0.971298
221,2.32205,1.65721,-0.485292
221,2.91929,1.02212,-0.624702
221,2.31995,1.66442,-0.496807
221,2.92243,1.02959,-0.631891
221,2.32523,1.68643,-0.521844
221,3.39964,0.625571,-0.624158
221,2.9222,1.06166,-0.632397
221,2.87045,1.12941,-0.650998
221,2.81523,1.25496,-0.58356
221,3.60395,0.528464,-0.632841
221,3.02015,1.1699,-0.633814
221,2.93697,1.2296,-0.666008
221,5.21655,0.065645,0.682854
221,2.94834,1.28532,-0.605422
221,3.06756,1.16787,-0.617574
221,3.0689,1.16594,-0.618652
221,3.07629,1.15455,-0.634147
221,5.31694,0.342602,1.18577
221,5.20689,0.477982,1.22592
221,3.09968,1.17468,-0.629407
221,5.11961,0.514696,1.13259
221,2.87761,1.84882,0.0286629
221,3.95477,0.42157,-0.627127
221,5.2592,0.315475,0.971739
221,5.15335,0.523836,1.13324
221,2.88425,1.90826,0.0494014
221,5.24106,0.363795,0.972571
221,2.91293,1.44672,-0.60574
221,5.22325,0.338022,0.891031
221,5.25733,0.317972,0.904287
221,4.09472,0.395057,-0.562121
221,5.23169,0.343714,0.904367
221,5.20032,0.243835,0.688709
221,4.04911,0.405881,-0.644686
221,3.99316,0.511652,-0.592137
221,4.0583,0.462931,-0.604828
221,3.89716,0.607903,-0.613528
221,4.05959,0.457603,-0.61598
221,3.90151,0.61357,-0.606234
221,3.46867,1.02236,-0.602126
221,4.11011,0.428789,-0.605095
221,5.27857,-0.00807935,0.31629
221,5.18666,0.368215,0.738382
221,4.12707,0.429903,-0.611903
221,3.48118,1.03933,-0.595956
221,3.49669,1.04514,-0.590404
221,4.01299,0.559703,-0.613879
221,3.78465,0.797337,-0.582991
221,5.19771,0.477015,0.846889
221,3.78218,0.814419,-0.583041
221,3.32829,1.21314,-0.615264
221,2.89693,1.9216,-0.169458
221,4.14393,0.495019,-0.579229
221,3.33241,1.22304,-0.626109
221,5.25842,0.464421,0.863471
221,3.70168,0.942731,-0.558634
221,3.10278,1.46427,-0.617395
221,3.80026,0.837038,-0.596807
221,5.10675,-0.319992,-0.529039
221,5.26795,0.472338,0.854384
221,4.05219,0.580762,-0.637033
221,3.83506,0.836728,-0.55752
221,5.23428,0.459155,0.770585
221,5.23133,0.458656,0.76574
221,3.81959,0.854644,-0.581714
221,3.82522,0.858244,-0.598703
221,4.12487,0.583825,-0.595527
221,4.17287,0.567992,-0.556144
221,4.12399,0.587415,-0.597274
221,3.1852,1.46424,-0.588518
221,2.80946,1.83532,-0.56856
221,3.56194,1.13294,-0.580724
221,3.63111,1.03889,-0.634152
221,4.20182,0.553609,-0.573872
221,3.1879,1.47644,-0.59788
221,3.57045,1.14204,-0.574582
221,4.1379,0.589831,-0.616679
221,5.19669,0.449923,0.605538
221,5.17976,0.310189,0.347377
221,4.17138,0.61409,-0.577148
221,2.84225,1.85488,-0.564285
221,5.13047,0.457229,0.48092
221,4.13385,0.705934,-0.530028
221,5.12705,0.469533,0.459036
221,4.20659,0.640616,-0.552481
221,4.10885,0.685066,-0.623205
221,5.15247,0.715824,0.828499
221,4.11216,0.690818,-0.620476
221,3.267,1.50837,-0.576047
221,5.15906,0.99144,1.18889
221,4.00987,0.867559,-0.555792
221,4.21718,0.644814,-0.603765
221,5.12657,1.13683,1.35116
221,5.25076,0.168052,0.0913249
221,2.85197,1.88638,-0.640315
221,5.32735,-0.00556058,-0.0649111
221,2.94249,2.06021,-0.271163
221,4.01869,0.876236,-0.565821
221,5.10912,1.17453,1.34859
221,3.39665,1.4333,-0.607663
221,5.22555,0.269185,0.153492
221,4.11592,0.834055,-0.535797
221,5.24435,0.27066,0.147332
221,5.15829,0.657961,0.583566
221,5.15502,0.474738,0.304208
221,4.01891,0.939623,-0.561563
221,4.01516,0.933074,-0.581197
221,5.17985,0.48076,0.290347
221,4.03309,0.942376,-0.59292
221,4.04113,0.957756,-0.563272
221,4.13071,0.880793,-0.567941
221,5.20216,0.481613,0.293827
221,3.38839,1.534,-0.621504
221,4.04286,0.953093,-0.58997
221,5.17107,0.472456,0.233117
221,4.13955,0.891976,-0.558185
221,5.30707,-0.0362876,-0.347606
221,4.05018,0.963629,-0.584072
221,3.42505,1.56219,-0.552973
221,5.29203,0.263735,0.0500098
221,5.26321,0.318267,0.0755569
221,3.51413,1.47622,-0.604798
221,5.20974,0.493709,0.245672
221,4.05414,1.02679,-0.55127
221,5.20553,0.609891,0.395223
221,3.41856,1.5686,-0.663396
221,5.39895,-0.178802,-0.55877
221,5.12894,0.937783,0.711677
221,3.52952,1.50876,-0.64154
221,3.53477,1.5166,-0.64597
221,5.14494,0.945857,0.693045
221,5.41869,-0.177173,-0.587526
221,4.11292,1.03716,-0.577032
221,3.84609,1.22943,-0.656547
221,5.10883,1.23005,1.02477
221,3.61112,1.49716,-0.616978
221,5.19724,0.234811,-0.32344
221,3.36237,1.73521,-0.638463
221,5.15105,1.22157,1.02599
221,3.66276,1.49504,-0.593263
221,3.64004,1.48359,-0.641553
221,3.39486,1.72649,-0.61776
221,5.18958,0.299449,-0.280915
221,5.18922,0.298386,-0.285
221,3.60106,1.50165,-0.673857
221,3.47863,1.64774,-0.638513
221,3.57369,1.55506,-0.650282
221,3.39893,1.73464,-0.632875
221,5.23357,0.246145,-0.332624
221,5.20081,0.473978,-0.0470247
221,5.25872,0.319073,-0.202272
221,5.08838,1.16086,0.801751
221,5.11876,0.969775,0.560843
221,5.36914,0.0624779,-0.44003
221,5.13927,0.887168,0.452233
221,5.39954,-0.0824139,-0.629446
221,5.45694,-0.166504,-0.676339
221,5.10343,1.16664,0.794282
221,3.63129,1.54286,-0.652503
221,5.44017,-0.129922,-0.661633
221,5.15633,0.888084,0.44859
221,5.35661,0.0268893,-0.547075
221,5.12104,0.922465,0.439938
221,5.11911,0.885896,0.383169
221,5.12316,1.17441,0.81029
221,5.13803,0.801303,0.281273
221,5.38084,0.0768014,-0.45577
221,5.1878,1.01519,0.659957
221,5.07066,0.99517,0.464958
221,5.12555,0.939529,0.456866
221,5.12386,0.883903,0.368417
221,5.15114,0.799496,0.274925
221,5.33968,0.115822,-0.481066
221,5.05214,1.49756,1.15278
221,5.13348,0.930075,0.428486
221,5.12503,1.43186,1.15314
221,3.80606,1.46994,-0.588192
221,5.17186,0.804282,0.285278
221,3.71531,1.56138,-0.580074
221,5.13941,0.754577,0.162444
221,5.29215,0.517477,0.011701
221,5.24088,0.355695,-0.312258
221,5.31199,0.454716,-0.0723083
221,5.18067,0.812423,0.273532
221,3.84324,1.45267,-0.600355
221,5.21611,0.536892,-0.093418
221,5.14496,1.44788,1.14633
221,5.30352,0.17433,-0.518532
221,3.888,1.45229,-0.584553
221,5.17395,0.769058,0.141179
221,5.29501,0.207761,-0.52237
221,5.09059,1.51313,1.11503
221,3.82655,1.50388,-0.614516
221,5.24679,0.548166,-0.0965425
221,5.43748,0.0420346,-0.593332
221,5.24973,0.546007,-0.112997
221,3.07937,2.10139,-0.790049
221,5.2387,0.341258,-0.45263
221,3.72049,2.85485,1.18144
221,3.83171,2.70865,1.11475
221,3.7377,2.90685,1.24607
221,5.30334,0.277798,-0.495009
221,5.16628,0.780311,0.0343778
221,3.62214,2.71877,0.785848
221,3.96358,1.51022,-0.533422
221,5.22893,0.437164,-0.405899
221,5.1214,0.963056,0.203807
221,3.6261,2.76301,0.788664
221,5.0958,1.48342,0.896618
221,5.11554,1.01866,0.23242
221,4.12961,1.37235,-0.588534
221,4.00726,1.47256,-0.615149
221,5.10541,1.35553,0.6826
221,4.07319,1.45298,-0.574972
221,5.22146,0.557404,-0.346965
221,4.00152,1.5443,-0.557536
221,5.07914,1.60013,0.984413
221,5.1357,1.64639,1.11652
221,5.16341,0.993626,0.191509
221,5.29117,0.441608,-0.447227
221,5.09621,1.60472,0.996918
221,5.1579,1.03966,0.228238
221,5.15338,1.22596,0.494041
221,4.0948,1.46915,-0.590288
221,5.16335,1.25106,0.53038
221,5.1369,0.978282,0.086256
221,4.19428,1.39895,-0.589402
221,5.18031,1.20731,0.45867
221,5.14772,0.977525,0.0568188
221,5.15167,0.826728,-0.190315
221,5.20667,0.617137,-0.498357
221,5.19532,0.718238,-0.37778
221,4.39599,1.34846,-0.564052
221,3.81349,2.75762,0.657934
221,5.19508,0.713421,-0.490841
221,5.08865,1.48685,0.497956
221,4.47246,1.29695,-0.629809
221,5.24276,0.668491,-0.518731
221,5.05671,1.46094,0.38643
221,3.57713,2.72831,0.223726
221,3.51049,2.74153,0.147713
221,5.02189,1.70539,0.665172
221,5.01441,1.73688,0.68638
221,5.234,0.724433,-0.513158
221,5.07267,1.48093,0.364876
221,4.55339,1.31632,-0.587138
221,3.72983,2.81998,0.493001
221,5.14697,0.961671,-0.374202
221,5.05566,1.75658,0.666714
221,3.76639,3.00928,0.697353
221,3.55824,2.82542,0.131458
221,5.0658,1.73376,0.564993
221,4.04975,2.69317,0.574203
221,3.78106,3.03841,0.694916
221,4.22676,2.66542,0.698688
221,5.21386,0.984054,-0.437298
221,3.7648,2.74017,0.161479
221,5.11774,1.76904,0.548651
221,4.37811,2.89056,1.18485
221,4.7221,1.35399,-0.669166
221,5.14168,1.78405,0.509879
221,3.78836,2.78407,0.142229
221,5.13627,1.1695,-0.470894
221,5.09834,1.50065,-0.0360967
221,4.29029,2.76043,0.671803
221,3.6955,2.92168,0.0562153
221,3.83112,2.87138,0.146242
221,4.31226,2.80592,0.690223
221,3.71064,2.93736,0.0266516
221,4.90713,2.6522,1.20991
221,5.18476,2.29235,1.01599
221,3.3814,2.93735,-0.490992
221,5.10553,1.59804,-0.199344
221,5.03425,2.16864,0.529316
221,5.10878,1.49921,-0.362973
221,4.97864,2.71809,1.24415
221,4.96114,2.75237,1.2605
221,4.35006,3.12663,0.978298
221,5.00214,2.75311,1.2485
221,5.14506,1.44679,-0.497906
221,5.11187,1.50135,-0.482506
221,4.82406,2.96332,1.24444
221,5.11196,1.52046,-0.4882
221,3.78566,2.86354,-0.32557
221,4.81324,2.97518,1.231
221,5.14243,1.53147,-0.489274
221,5.20028,1.66616,-0.25979
221,5.04686,1.9736,-0.0394939
221,4.94815,3.03921,1.3871
221,3.8217,2.79147,-0.527599
221,3.57929,3.01006,-0.544402
221,3.8189,2.79584,-0.536687
221,3.62964,3.00199,-0.498395
221,3.61763,2.98991,-0.534393
221,5.14322,1.67712,-0.412148
221,3.65524,2.99604,-0.571003
221,4.9853,2.96233,1.13005
221,3.90168,2.81808,-0.570027
221,5.0151,2.96266,1.14402
221,3.78905,2.90411,-0.623918
221,4.92918,1.89368,-0.572994
221,5.10511,1.69666,-0.627573
221,3.80147,2.92059,-0.603577
221,3.89267,2.87833,-0.583227
221,5.07324,3.15632,1.35325
221,5.19599,1.72502,-0.603217
221,5.15103,1.73633,-0.652244
221,5.04417,3.04998,1.12252
221,5.16907,1.87565,-0.590209
221,4.98772,2.05122,-0.622953
221,4.98641,2.90124,0.594831
221,4.964,2.21871,-0.470049
221,5.04568,2.03694,-0.644417
221,5.03397,2.92947,0.529464
221,5.11347,2.86108,0.493375
221,5.86922,2.70215,1.11764
221,5.02405,2.84739,-0.453397
221,5.01327,2.90712,-0.524448
221,4.22161,2.56548,-0.521741
211,4.22161,2.56548,-0.521741
221,3.82604,0.43546,-0.538939
211,3.82604,0.43546,-0.538939
221,5.58181,2.90161,0.59541
211,5.58181,2.90161,0.59541
221,5.16763,1.18253,1.15636
211,5.16763,1.18253,1.15636
221,4.98986,1.76322,0.0328114
211,4.98986,1.76322,0.0328114
221,5.17437,0.346473,1.08128
211,5.17437,0.346473,1.08128
221,5.22313,0.366958,1.06676
211,5.22313,0.366958,1.06676
221,3.7424,3.00619,-0.00806837
211,3.7424,3.00619,-0.00806837
221,4.46069,3.04222,1.18735
211,4.46069,3.04222,1.18735
221,2.8109,1.88946,1.26441
211,2.8109,1.88946,1.26441
221,5.19568,0.175853,-0.472611
211,5.19568,0.175853,-0.472611
221,4.08947,0.596046,-0.655734
211,4.08947,0.596046,-0.655734
221,3.96489,1.47742,-0.514098
214,3.96489,1.47742,-0.514098
221,4.84889,2.60038,-0.751284
214,4.84889,2.60038,-0.751284
221,5.13929,0.704733,0.929938
214,5.13929,0.704733,0.929938
221,2.97169,2.16131,-0.339495
214,2.97169,2.16131,-0.339495
221,3.72545,3.02623,-0.51143
214,3.72545,3.02623,-0.51143
221,5.11158,0.238712,0.424547
214,5.11158,0.238712,0.424547
221,4.97959,1.24067,0.350319
214,4.97959,1.24067,0.350319
221,3.92795,2.95659,0.915964
214,3.92795,2.95659,0.915964
221,2.83843,1.98927,0.629484
214,2.83843,1.98927,0.629484
221,4.1456,0.88099,-0.554462
210,4.1456,0.88099,-0.554462
221,4.89528,2.01406,-0.116779
216,4.89528,2.01406,-0.116779
221,4.1791,0.688175,-0.718548
216,4.1791,0.688175,-0.718548
221,4.03798,3.40792,-0.663523
216,4.03798,3.40792,-0.663523
221,4.14168,3.61374,-0.748096
216,4.14168,3.61374,-0.748096
221,4.82722,1.2998,0.00575968
215,4.82722,1.2998,0.00575968
221,5.09749,0.957487,0.271285
215,5.09749,0.957487,0.271285
221,4.85254,1.41995,-0.0421447
215,4.85254,1.41995,-0.0421447
221,3.46446,2.28473,-0.53809
215,3.46446,2.28473,-0.53809
221,5.14013,1.25039,0.490051
213,5.14013,1.25039,0.490051
221,4.98456,1.51962,0.0587307
213,4.98456,1.51962,0.0587307
221,5.1483,0.927987,0.612089
213,5.1483,0.927987,0.612089
221,5.09806,1.01802,0.228108
213,5.09806,1.01802,0.228108
221,3.76664,3.01111,0.132217
213,3.76664,3.01111,0.132217
221,3.88384,2.99341,0.506239
213,3.88384,2.99341,0.506239
221,4.21768,0.370641,-0.573638
166,4.21768,0.370641,-0.573638
221,2.79496,1.86695,1.25753
166,2.79496,1.86695,1.25753
221,4.86838,2.76044,-0.52037
212,4.86838,2.76044,-0.52037
221,5.1275,0.867907,0.802315
212,5.1275,0.867907,0.802315
221,5.20132,1.20228,1.15247
212,5.20132,1.20228,1.15247
221,5.12733,1.16401,1.11237
212,5.12733,1.16401,1.11237
221,3.7515,2.98163,0.222805
212,3.7515,2.98163,0.222805
221,4.91931,1.73947,0.564753
217,4.91931,1.73947,0.564753
221,5.03331,3.22756,1.18879
217,5.03331,3.22756,1.18879
221,3.98522,3.3621,-0.55379
217,3.98522,3.3621,-0.55379
221,5.13566,0.922204,0.609819
217,5.13566,0.922204,0.609819
221,5.55016,0.3032,0.752159
217,5.55016,0.3032,0.752159
221,3.82554,2.78023,1.1437
217,3.82554,2.78023,1.1437
221,5.42871,0.841852,-0.358753
217,5.42871,0.841852,-0.358753
222,3.37078,-0.973651,-0.508599
222,1.74708,0.407577,-0.601394
222,3.42357,-0.991876,-0.492866
222,3.30863,-0.884329,-0.523941
222,3.3057,-0.88511,-0.529829
222,3.31215,-0.885717,-0.538013
222,3.02181,-0.674479,-0.603407
222,2.00513,0.22344,-0.630959
222,2.04334,0.212422,-0.61738
222,2.04648,0.216886,-0.614357
222,2.00496,0.231253,-0.637452
222,2.03849,0.222421,-0.618489
222,1.84346,0.406172,-0.613896
222,2.49466,-0.182585,-0.612912
222,2.55295,-0.246317,-0.626165
222,1.84353,0.409129,-0.616669
222,2.50221,-0.166102,-0.599303
222,2.50556,-0.163914,-0.595995
222,2.4991,-0.178097,-0.616632
222,1.8421,0.416086,-0.619591
222,2.5073,-0.160961,-0.605064
222,2.58401,-0.236163,-0.621629
222,2.58491,-0.23153,-0.624521
222,2.58473,-0.231821,-0.626076
222,2.58874,-0.233542,-0.631762
222,1.85079,0.477978,-0.600275
222,2.59306,-0.215635,-0.623541
222,1.85301,0.47603,-0.603983
222,2.55479,-0.151464,-0.598474
222,1.85255,0.480441,-0.615297
222,2.57177,-0.163203,-0.609218
222,1.85012,0.478848,-0.621286
222,1.85433,0.484318,-0.614717
222,1.85364,0.487898,-0.628976
222,2.41825,-0.00912958,-0.626495
222,2.42561,0.00266045,-0.642283
222,2.40326,0.0991495,-0.596973
222,1.92547,0.507563,-0.633805
222,1.97156,0.488834,-0.613073
222,1.97173,0.480262,-0.621839
222,1.9234,0.517048,-0.638172
222,1.97199,0.490102,-0.626067
222,2.41178,0.122434,-0.615439
222,2.4137,0.123086,-0.613986
222,3.04397,-0.448559,-0.622945
222,1.9805,0.50245,-0.637148
222,1.97204,0.548872,-0.606335
222,2.64264,-0.0631597,-0.613699
222,2.64362,-0.0548338,-0.606855
222,2.56074,0.00705075,-0.623316
222,3.29981,-0.533557,-0.50626
222,3.05334,-0.44679,-0.637044
222,3.31997,-0.542445,-0.505347
222,2.49745,0.0784671,-0.623135
222,2.56518,0.00946051,-0.630254
222,2.65406,-0.0559539,-0.617386
222,2.42317,0.133023,-0.636182
222,3.30853,-0.534823,-0.512425
222,1.9812,0.523509,-0.647823
222,3.04066,-0.422971,-0.640983
222,2.65065,-0.058995,-0.63185
222,3.33191,-0.543773,-0.515726
222,2.52604,0.108914,-0.597022
222,3.05734,-0.423169,-0.646174
222,3.32994,-0.530383,-0.523044
222,3.34378,-0.53503,-0.530349
222,2.0404,0.548858,-0.62785
222,2.53992,0.129219,-0.614382
222,2.04431,0.596493,-0.601287
222,2.04335,0.561823,-0.635564
222,2.00507,0.653751,-0.596586
222,1.65842,0.968226,-0.613226
222,2.11461,0.546221,-0.627871
222,1.77575,0.914627,-0.578832
222,1.6499,1.0231,-0.584335
222,2.02634,0.658425,-0.606368
222,2.12184,0.55959,-0.621447
222,1.7779,0.917927,-0.580803
222,1.71279,0.931068,-0.625548
222,1.80758,0.871334,-0.606756
222,1.69485,0.951753,-0.627232
222,1.82442,0.848845,-0.61487
222,1.65071,1.04099,-0.58999
222,2.12303,0.56817,-0.635089
222,2.32085,0.364556,-0.66122
222,2.1459,0.550473,-0.638413
222,1.64691,1.03975,-0.607277
222,2.14854,0.55756,-0.634546
222,1.77216,0.933701,-0.602916
222,1.82034,0.91637,-0.582895
222,1.75805,0.910077,-0.643025
222,1.90012,0.827994,-0.616035
222,1.99027,0.746851,-0.623267
222,1.81483,0.92469,-0.607171
222,1.93402,0.813069,-0.616107
222,1.93604,0.811938,-0.616772
222,1.89773,0.836944,-0.628389
222,2.0156,0.767034,-0.605156
222,1.92848,0.825147,-0.62563
222,2.0265,0.775546,-0.604005
222,3.15369,-0.262303,-0.62046
222,2.08068,0.725907,-0.608464
222,2.07753,0.717617,-0.619699
222,3.17589,-0.269317,-0.620592
222,1.98218,0.825372,-0.612351
222,2.02251,0.792391,-0.619343
222,2.0769,0.733291,-0.631749
222,2.30942,0.550545,-0.617082
222,2.40838,0.459531,-0.625335
222,2.40836,0.459986,-0.627465
222,2.41073,0.460314,-0.627966
222,2.67322,0.234958,-0.617891
222,2.61719,0.278074,-0.625219
222,2.25658,0.607816,-0.626477
222,2.31498,0.560506,-0.624678
222,2.25601,0.607295,-0.632814
222,2.46364,0.473665,-0.584229
222,2.25594,0.61146,-0.638233
222,2.62737,0.289353,-0.633057
222,2.22787,0.636787,-0.64956
222,2.58896,0.339215,-0.625095
222,2.46048,0.465787,-0.622224
222,2.24268,0.668069,-0.619673
222,2.61622,0.339727,-0.615937
222,2.46309,0.47061,-0.627045
222,2.46442,0.472229,-0.625813
222,2.13135,0.767929,-0.632968
222,2.34079,0.607287,-0.606412
222,2.62957,0.340789,-0.611728
222,2.61527,0.339401,-0.625313
222,2.74843,0.229271,-0.616597
222,2.30277,0.618241,-0.63168
222,2.77277,0.213242,-0.614712
222,1.92341,0.966429,-0.630477
222,2.24222,0.676572,-0.634217
222,2.64495,0.312849,-0.63456
222,2.53313,0.436069,-0.617697
222,2.51974,0.46702,-0.619072
222,2.41265,0.565254,-0.61926
222,2.16966,0.796785,-0.612458
222,2.60192,0.396878,-0.620457
222,2.63462,0.357669,-0.63106
222,2.59063,0.373359,-0.65544
222,2.4138,0.571509,-0.622523
222,2.17223,0.790865,-0.622787
222,1.92786,0.989988,-0.64389
222,2.51951,0.471725,-0.628669
222,2.17481,0.785846,-0.627521
222,2.99355,0.0624617,-0.61109
222,2.62345,0.410795,-0.608035
222,2.41224,0.577702,-0.632468
222,2.59303,0.435506,-0.612652
222,2.16967,0.799933,-0.632656
222,3.4281,-0.327194,-0.620711
222,2.60518,0.405868,-0.633452
222,3.00414,0.0626568,-0.62971
222,2.83591,0.256043,-0.602977
222,3.26514,-0.122158,-0.594734
222,2.51947,0.511633,-0.63445
222,3.45687,-0.34023,-0.638255
222,3.2876,-0.138303,-0.595066
222,3.51215,-0.353944,-0.606844
222,3.50595,-0.34598,-0.609674
222,3.30206,-0.146691,-0.606346
222,2.72374,0.410299,-0.578521
222,2.41418,0.643223,-0.622949
222,2.24219,0.811489,-0.621574
222,3.3175,-0.146204,-0.616592
222,2.32459,0.748123,-0.62369
222,2.24366,0.815891,-0.633168
222,2.24043,0.818629,-0.634453
222,3.52775,-0.321236,-0.613073
222,2.3287,0.798329,-0.590406
222,2.24832,0.827644,-0.63705
222,2.73255,0.429627,-0.609197
222,2.74113,0.438055,-0.601873
222,3.0403,0.10783,-0.666938
222,2.73959,0.437227,-0.615759
222,2.33336,0.810943,-0.614197
222,3.03138,0.195968,-0.603852
222,2.37661,0.786113,-0.611072
222,2.33541,0.819454,-0.619898
222,2.33539,0.81889,-0.624703
222,2.37907,0.796158,-0.62226
222,2.53902,0.645962,-0.63225
222,2.33644,0.833877,-0.630456
222,1.87549,1.28753,-0.60538
222,3.07132,0.212254,-0.604178
222,3.04182,0.245822,-0.630813
222,2.37878,0.910807,-0.592176
222,2.47063,0.851646,-0.621795
222,3.00562,0.410871,-0.595595
222,3.10264,0.367781,-0.593678
222,2.53531,0.870649,-0.614745
222,3.71615,-0.163771,-0.596875
222,2.51678,0.901012,-0.621927
222,2.50521,0.921637,-0.635651
222,3.07976,0.436099,-0.611209
222,3.62141,-0.0401113,-0.607577
222,2.49894,0.959546,-0.62439
222,2.56804,0.922214,-0.606915
222,3.74739,-0.156617,-0.616775
222,2.56528,0.933744,-0.610818
222,3.6804,-0.0680454,-0.605479
222,3.67471,-0.0665901,-0.610341
222,2.99022,0.577805,-0.5995
222,2.50958,0.976329,-0.638051
222,2.54482,0.976904,-0.616454
222,2.54557,0.978709,-0.618106
222,2.54426,0.977195,-0.622832
222,3.1347,0.493963,-0.586977
222,3.72682,-0.0398983,-0.585409
222,3.60579,0.0609911,-0.60606
222,3.067,0.557097,-0.607459
222,3.46135,0.249128,-0.58634
222,3.18818,0.492239,-0.59513
222,3.07957,0.615184,-0.58748
222,3.10893,0.577807,-0.603257
222,2.9538,0.712262,-0.624048
222,3.08868,0.62908,-0.601311
222,2.99529,0.718308,-0.618453
222,3.69828,0.08398,-0.617414
222,3.17425,0.632727,-0.550104
222,3.08011,0.663141,-0.601479
222,3.70023,0.0899405,-0.61477
222,3.05941,0.689176,-0.604034
222,3.04625,0.715667,-0.59501
222,3.06423,0.69896,-0.596516
222,3.05591,0.700972,-0.604834
222,3.81738,0.0193344,-0.601315
222,3.05195,0.72275,-0.60101
222,2.66961,1.03765,-0.631441
222,3.75384,0.0828376,-0.6108
222,2.63772,1.07348,-0.635578
222,3.7567,0.0881891,-0.616506
222,2.88843,1.92062,0.323159
222,2.96207,0.89806,-0.602384
222,3.59272,0.334177,-0.600177
222,2.33521,1.4425,-0.640466
222,2.87461,1.02055,-0.594553
222,3.70831,0.293778,-0.56896
222,2.9326,0.977111,-0.589359
222,3.8236,0.168977,-0.603786
222,2.82497,1.06493,-0.628399
222,2.82837,1.07126,-0.633965
222,4.30982,-0.249338,-0.643659
222,2.74751,1.2294,-0.609028
222,3.78046,0.322301,-0.582657
222,2.8401,1.16273,-0.623955
222,2.78389,1.2405,-0.615631
222,4.35835,-0.243546,-0.676831
222,3.81204,0.356486,-0.584241
222,3.81181,0.357222,-0.58756
222,2.17076,1.77616,-0.660812
222,5.24505,-0.0162088,0.248299
222,2.81093,1.27614,-0.602884
222,2.25599,1.78343,-0.63151
222,2.31814,1.78916,-0.588564
222,2.78583,1.39887,-0.582216
222,3.07011,1.14528,-0.613898
222,2.61661,1.71045,-0.474905
222,3.95835,0.362231,-0.603036
222,3.07468,1.15476,-0.621116
222,3.94711,0.410074,-0.60007
222,5.27738,-0.0123401,0.111254
222,3.98484,0.386521,-0.610245
222,3.95529,0.494255,-0.570204
222,3.97052,0.497745,-0.56912
222,5.2681,-0.361576,-0.297762
222,3.95683,0.589333,-0.580135
222,4.18877,0.397828,-0.582633
222,3.03928,1.47483,-0.572213
222,4.37018,0.309377,-0.550427
222,5.15257,0.464159,0.247939
222,3.89341,0.696991,-0.613876
222,4.24078,0.407013,-0.593868
222,5.35067,-0.0426956,-0.103585
222,4.13792,0.540324,-0.593003
222,5.20293,0.489068,0.24351
222,4.1513,0.5508,-0.606821
222,5.22665,0.498892,0.224777
222,5.27444,0.320708,0.0796688
222,4.45259,0.337903,-0.604352
222,4.05265,0.743277,-0.581262
222,4.07371,0.756345,-0.59738
222,5.28946,-0.0016315,-0.298834
222,3.61723,1.22815,-0.56997
222,5.22232,0.49524,0.0836971
222,4.17374,0.735091,-0.58729
222,4.18128,0.787975,-0.566599
222,4.08035,0.923467,-0.584688
222,4.21306,0.810887,-0.577675
222,4.1451,0.890033,-0.5628
222,5.22145,0.563191,0.0335332
222,3.43427,1.58057,-0.568473
222,4.07743,0.986998,-0.581954
222,3.43735,1.59928,-0.580943
222,5.29901,0.397415,-0.133477
222,3.27842,1.76096,-0.582368
222,3.33788,1.69727,-0.608716
222,3.66493,1.51792,-0.555055
222,3.84572,1.36078,-0.57942
222,5.19429,0.430096,-0.348344
222,5.27662,0.383174,-0.338876
222,5.16876,0.487847,-0.335604
222,5.14726,0.987644,0.09382
222,3.81552,1.48059,-0.577587
222,5.14515,0.989437,0.0799325
222,5.30118,0.399395,-0.356792
222,5.26161,0.500176,-0.304358
222,3.92178,1.40125,-0.609358
222,5.24072,0.686815,-0.164857
222,5.22018,0.825156,-0.0581108
222,5.23906,0.545616,-0.313648
222,5.28497,0.452046,-0.399451
222,5.30022,0.471398,-0.407378
222,5.21646,0.886869,-0.126539
222,4.35751,1.22571,-0.560947
222,4.41061,1.26356,-0.590266
222,4.46874,1.30048,-0.579407
222,5.1447,0.962894,-0.335805
222,4.07041,1.71824,-0.572659
222,4.49458,1.3318,-0.586989
222,4.6041,1.268,-0.576726
222,5.13942,1.57832,0.105607
222,5.13041,1.50846,0.00325263
222,3.65873,2.9753,0.103235
222,3.80476,2.80377,0.0249597
222,5.19751,0.957457,-0.523259
222,5.14039,1.43078,-0.173085
222,3.72136,2.98043,0.0256331
222,5.03974,1.83215,0.0545496
222,5.12134,1.48138,-0.234049
222,5.13145,1.66065,-0.232278
222,4.99989,1.89252,-0.161775
222,3.79617,2.91747,-0.360035
222,4.04272,2.54143,-0.507597
222,5.02241,2.14149,-0.126266
222,3.84301,2.80371,-0.517276
222,3.8256,2.81029,-0.531425
222,3.69567,2.96566,-0.499524
222,3.7608,2.86389,-0.546537
222,5.14,1.84831,-0.551919
222,5.08231,2.06732,-0.622005
222,4.25497,3.07225,-0.66408
222,5.21216,2.1819,-0.700867
222,5.01965,2.83334,-0.322065
222,4.94772,2.87675,-0.482426
222,4.30915,3.18102,-0.740468
222,5.00118,2.91643,-0.52681
222,5.00246,2.89691,-0.553229
222,4.99848,2.92479,-0.531819
222,4.8213,3.29415,-0.768579
222,5.12927,3.55258,-0.791351
222,4.16445,0.693626,-0.587361
215,4.16445,0.693626,-0.587361
222,4.10019,1.48803,-0.628295
215,4.10019,1.48803,-0.628295
222,2.93624,1.24942,-0.685921
215,2.93624,1.24942,-0.685921
222,3.33867,0.566179,-0.67338
215,3.33867,0.566179,-0.67338
222,3.55178,-0.467536,-0.645666
215,3.55178,-0.467536,-0.645666
222,3.14716,0.61907,-0.648688
215,3.14716,0.61907,-0.648688
222,2.71311,1.06592,-0.62489
215,2.71311,1.06592,-0.62489
222,3.32491,0.552253,-0.652026
215,3.32491,0.552253,-0.652026
222,5.22104,1.8659,-0.600469
215,5.22104,1.8659,-0.600469
222,2.68562,0.404026,-0.750402
215,2.68562,0.404026,-0.750402
222,2.68187,1.94157,-0.624338
215,2.68187,1.94157,-0.624338
222,1.71695,1.00105,-0.704323
215,1.71695,1.00105,-0.704323
222,2.09275,0.726748,-0.713484
215,2.09275,0.726748,-0.713484
222,2.43466,1.41516,-1.32908
215,2.43466,1.41516,-1.32908
222,2.85982,1.08564,-0.352364
215,2.85982,1.08564,-0.352364
222,5.01082,0.410623,0.102881
215,5.01082,0.410623,0.102881
222,3.63935,1.60022,-0.595119
216,3.63935,1.60022,-0.595119
222,5.06873,1.7184,-0.535194
216,5.06873,1.7184,-0.535194
222,5.58089,1.07379,-0.181841
216,5.58089,1.07379,-0.181841
222,5.24372,0.781628,0.0442504
216,5.24372,0.781628,0.0442504
222,5.25557,0.658434,-0.457982
216,5.25557,0.658434,-0.457982
222,2.99585,2.10854,0.114183
216,2.99585,2.10854,0.114183
222,3.03215,1.40463,-0.588135
216,3.03215,1.40463,-0.588135
222,3.88223,0.908931,-0.656245
210,3.88223,0.908931,-0.656245
222,5.20319,0.53429,0.224786
210,5.20319,0.53429,0.224786
222,4.95894,2.76538,-0.438528
221,4.95894,2.76538,-0.438528
222,3.63828,2.56442,-0.193991
221,3.63828,2.56442,-0.193991
222,4.18346,0.927175,-0.611412
221,4.18346,0.927175,-0.611412
222,5.19218,1.36107,0.0239707
214,5.19218,1.36107,0.0239707
222,3.8798,0.406428,-0.63761
214,3.8798,0.406428,-0.63761
222,2.87639,2.04277,0.345506
214,2.87639,2.04277,0.345506
222,5.14449,1.55669,-0.166663
166,5.14449,1.55669,-0.166663
222,2.57442,0.346617,-0.584756
166,2.57442,0.346617,-0.584756
222,7.94736,8.10847,-2.13431
211,7.94736,8.10847,-2.13431
222,4.68112,2.63041,-0.692466
211,4.68112,2.63041,-0.692466
222,3.93572,1.40722,-0.486321
211,3.93572,1.40722,-0.486321
222,3.58683,2.72624,-0.391812
211,3.58683,2.72624,-0.391812
222,5.10053,1.52489,-0.14122
208,5.10053,1.52489,-0.14122
222,4.22906,0.364524,-0.551427
208,4.22906,0.364524,-0.551427
222,3.28919,-0.568342,-0.565391
207,3.28919,-0.568342,-0.565391
223,1.64464,0.253399,-0.45358
223,2.16237,-0.280232,-0.646089
223,2.06649,-0.163817,-0.628163
223,2.0995,-0.190762,-0.625715
223,2.10163,-0.190597,-0.63318
223,2.32203,-0.358557,-0.625865
223,2.26615,-0.321542,-0.648897
223,1.6649,0.268194,-0.608943
223,2.77923,-0.747128,-0.626301
223,1.66421,0.26752,-0.613838
223,2.78205,-0.746259,-0.632063
223,2.78661,-0.741251,-0.638109
223,2.76328,-0.707674,-0.627861
223,2.78612,-0.739296,-0.642055
223,1.70028,0.351487,-0.579468
223,3.2826,-1.13414,-0.65325
223,2.18705,-0.117659,-0.624955
223,3.38657,-1.01455,-0.458747
223,2.18889,-0.114091,-0.622348
223,2.96655,-0.821761,-0.643763
223,2.95574,-0.780099,-0.624939
223,2.04586,0.0316583,-0.631019
223,2.07949,0.0148982,-0.625809
223,2.07455,0.0238081,-0.624802
223,2.07563,0.0216553,-0.627731
223,2.08178,0.0144571,-0.630144
223,2.0779,0.0209764,-0.632879
223,1.73639,0.374194,-0.590017
223,2.04874,0.0437029,-0.639169
223,2.04863,0.0428972,-0.64269
223,2.04773,0.0445023,-0.643672
223,1.85905,0.167912,-0.68996
223,2.05767,0.0416862,-0.644513
223,3.31002,-0.94392,-0.518166
223,3.42177,-0.994417,-0.487711
223,1.74261,0.387228,-0.610124
223,1.73986,0.398417,-0.613613
223,2.61329,-0.403749,-0.63907
223,3.33525,-1.00027,-0.592351
223,1.73852,0.40301,-0.622509
223,2.62289,-0.39875,-0.654344
223,2.89371,-0.581127,-0.61611
223,2.91871,-0.592679,-0.632172
223,2.92171,-0.594311,-0.635744
223,2.52809,-0.233805,-0.632341
223,1.84169,0.397999,-0.61958
223,2.51211,-0.214823,-0.632742
223,2.91104,-0.574603,-0.635466
223,2.51308,-0.202585,-0.625391
223,1.80312,0.460806,-0.602176
223,2.04899,0.215014,-0.629179
223,3.32554,-0.886211,-0.592506
223,2.05469,0.209332,-0.636246
223,1.83962,0.408467,-0.632234
223,2.50099,-0.177251,-0.628403
223,1.84826,0.40832,-0.629755
223,2.04485,0.223667,-0.638622
223,2.51839,-0.17258,-0.612526
223,2.01445,0.241469,-0.64875
223,2.04625,0.22987,-0.636914
223,2.02225,0.248993,-0.652312
223,2.53833,-0.160277,-0.60388
223,2.54,-0.158738,-0.611276
223,2.55784,-0.155647,-0.607089
223,3.31153,-0.745746,-0.529286
223,2.54733,-0.154626,-0.62284
223,3.06941,-0.659108,-0.659382
223,3.32296,-0.757999,-0.558045
223,1.89743,0.457597,-0.624873
223,3.33698,-0.813477,-0.609344
223,1.89823,0.456658,-0.6354
223,3.3088,-0.690711,-0.525744
223,3.33909,-0.764008,-0.613105
223,3.01328,-0.441759,-0.617961
223,3.01628,-0.427552,-0.608274
223,3.01995,-0.427052,-0.612823
223,2.49787,0.0419174,-0.613901
223,3.0235,-0.439685,-0.626665
223,2.49584,0.0666294,-0.608533
223,1.97686,0.539665,-0.607683
223,1.97817,0.536652,-0.615929
223,3.05788,-0.448918,-0.63381
223,2.47934,0.0681249,-0.64049
223,2.4961,0.0737643,-0.621569
223,2.51415,0.0494745,-0.643898
223,2.51794,0.0545583,-0.651402
223,2.53453,0.116387,-0.602137
223,2.0485,0.53684,-0.622912
223,2.01689,0.587762,-0.626444
223,3.32029,-0.571005,-0.616799
223,2.12357,0.564463,-0.630952
223,2.01632,0.671862,-0.626611
223,2.15936,0.562346,-0.641654
223,3.1834,-0.294366,-0.614527
223,1.97823,0.815547,-0.598182
223,3.20972,-0.294561,-0.643911
223,2.67951,0.247311,-0.608331
223,2.12166,0.761678,-0.604786
223,2.68123,0.25842,-0.612452
223,2.69142,0.256367,-0.607959
223,2.37158,0.547689,-0.604435
223,2.37504,0.519073,-0.632391
223,2.37408,0.520858,-0.631835
223,2.12353,0.767538,-0.611614
223,2.79559,0.180588,-0.601424
223,2.60835,0.336859,-0.617959
223,2.3832,0.526706,-0.632421
223,2.32571,0.605124,-0.617153
223,2.55752,0.393151,-0.627345
223,3.42488,-0.361561,-0.629084
223,2.56321,0.405719,-0.63765
223,2.54677,0.440307,-0.633967
223,2.52667,0.487568,-0.619924
223,2.42466,0.579179,-0.623235
223,3.4459,-0.354006,-0.641705
223,2.65639,0.38658,-0.618664
223,3.43287,-0.326127,-0.633853
223,3.27565,-0.134922,-0.598315
223,2.8216,0.228373,-0.648961
223,3.53016,-0.356677,-0.616267
223,2.79583,0.310567,-0.609615
223,2.81111,0.293176,-0.614554
223,3.46142,-0.322082,-0.645205
223,3.53586,-0.360525,-0.619799
223,2.80399,0.298083,-0.618631
223,2.8119,0.29413,-0.621805
223,2.81864,0.291423,-0.625105
223,3.30732,-0.137277,-0.618106
223,3.53743,-0.33841,-0.630576
223,1.84027,1.22987,-0.596595
223,3.34349,-0.145734,-0.635523
223,1.83262,1.29142,-0.576782
223,3.00539,0.235431,-0.615493
223,2.38998,0.774263,-0.64343
223,2.38147,0.837521,-0.606814
223,2.37831,0.843151,-0.609937
223,2.38585,0.847707,-0.610843
223,2.01462,1.19081,-0.64338
223,3.01298,0.395388,-0.603328
223,3.68223,-0.168128,-0.588129
223,3.27292,0.198468,-0.592131
223,3.28375,0.207676,-0.605569
223,3.28851,0.218776,-0.606793
223,2.52267,0.889166,-0.627422
223,3.0759,0.424388,-0.608133
223,3.12639,0.382043,-0.62206
223,3.67174,-0.0793407,-0.610034
223,3.2175,0.355204,-0.592651
223,3.35592,0.274366,-0.566273
223,2.95825,0.572671,-0.622611
223,2.57669,0.919775,-0.618754
223,2.9399,0.574724,-0.639581
223,3.68123,-0.0699461,-0.621515
223,3.68336,-0.0636222,-0.619818
223,3.21554,0.385551,-0.600873
223,2.58685,0.933557,-0.626146
223,2.9918,0.579452,-0.624303
223,3.20897,0.4457,-0.572418
223,3.12923,0.480493,-0.61321
223,3.82784,-0.170645,-0.638375
223,3.07491,0.556503,-0.600121
223,3.12887,0.489438,-0.619663
223,3.23293,0.421823,-0.597337
223,3.63098,0.0602334,-0.62341
223,3.00426,0.643618,-0.605075
223,3.26946,0.468548,-0.596103
223,2.3774,1.23075,-0.639929
223,3.07682,0.670205,-0.595973
223,2.9417,0.783143,-0.626449
223,3.7882,0.0640621,-0.589521
223,2.37876,1.31277,-0.657168
223,3.69791,0.223569,-0.603347
223,3.7037,0.229216,-0.613691
223,3.80439,0.145751,-0.619066
223,3.27811,0.623238,-0.616036
223,2.35692,1.44658,-0.6349
223,2.96199,0.960569,-0.621611
223,2.87208,1.0441,-0.639944
223,2.73939,1.21335,-0.599125
223,3.83068,0.248312,-0.597517
223,3.8339,0.248615,-0.600371
223,2.38697,1.50973,-0.641044
223,3.75572,0.327383,-0.607374
223,2.83875,1.1496,-0.608599
223,2.84665,1.15472,-0.61626
223,4.38256,-0.237319,-0.664234
223,2.90725,1.18284,-0.606001
223,3.98656,0.217268,-0.62074
223,3.89166,0.3555,-0.611749
223,2.88912,1.28658,-0.611273
223,2.88988,1.28889,-0.615445
223,2.85962,1.8113,-0.15458
223,3.95491,0.367919,-0.59128
223,2.34111,1.80098,-0.619452
223,3.97551,0.386878,-0.595264
223,2.63008,1.78791,-0.523054
223,5.15186,0.0811045,-0.0197365
223,4.0041,0.506064,-0.604509
223,3.92155,0.583158,-0.618214
223,5.25594,-0.0145026,-0.0723088
223,2.63505,1.82845,-0.5524
223,2.9935,1.43402,-0.623151
223,5.29398,-0.00259888,-0.0782578
223,2.6446,1.872,-0.570747
223,4.05564,0.644076,-0.596697
223,2.91369,1.90303,-0.378218
223,5.23673,-0.326891,-0.525376
223,4.48623,0.240689,-0.66078
223,5.22827,0.165976,-0.195023
223,4.16423,0.758662,-0.554368
223,5.25898,0.514141,0.0909198
223,2.91176,1.9287,-0.562451
223,3.96632,0.924512,-0.633034
223,4.15998,0.804979,-0.589153
223,3.01595,1.81965,-0.621655
223,4.17956,0.823757,-0.596404
223,4.07229,0.904598,-0.611586
223,4.14096,0.878023,-0.581052
223,4.06359,0.980021,-0.5824
223,5.39483,0.023931,-0.402128
223,3.59565,1.54617,-0.57361
223,3.63672,1.56538,-0.593874
223,3.66636,1.55537,-0.583358
223,3.69132,1.52915,-0.587897
223,5.17924,0.411844,-0.396274
223,3.75843,1.52933,-0.577221
223,5.29339,0.39789,-0.35464
223,3.88653,1.46303,-0.567111
223,5.20121,0.813781,-0.142212
223,4.08376,1.37849,-0.577462
223,4.12827,1.33536,-0.586191
223,4.08861,1.43812,-0.590654
223,5.25759,0.599555,-0.433126
223,5.10079,0.945781,-0.33022
223,5.13795,0.962975,-0.337577
223,4.3434,1.40361,-0.598928
223,4.054,1.69696,-0.575248
223,5.1502,0.964801,-0.381778
223,5.20712,1.00119,-0.330466
223,5.20311,1.00308,-0.369799
223,5.28139,0.880418,-0.574659
223,5.14351,1.42679,-0.336402
223,5.14573,1.43514,-0.333285
223,5.15778,1.45206,-0.338143
223,3.78061,2.81758,-0.300545
223,5.55408,0.886059,-0.65396
223,5.57349,0.889935,-0.667116
223,3.74954,2.88871,-0.336846
223,5.06251,1.64055,-0.547814
223,3.76526,2.81138,-0.579985
223,5.05208,1.73063,-0.54319
223,3.76412,2.859,-0.569881
223,3.85798,2.8236,-0.54808
223,4.63256,2.14783,-0.560232
223,3.85615,2.85475,-0.560999
223,4.03641,2.73797,-0.533944
223,5.12355,1.72058,-0.590441
223,4.98193,2.38635,-0.103736
223,5.208,1.89214,-0.587785
223,4.38524,2.93198,-0.561479
223,5.25169,2.25483,-0.688793
223,5.04056,2.9431,-0.550067
223,5.02923,2.95816,-0.554863
223,4.92829,2.95083,-0.649304
223,2.85212,1.4822,-0.641533
222,2.85212,1.4822,-0.641533
223,5.19967,3.0428,-0.559314
222,5.19967,3.0428,-0.559314
223,4.38427,1.45383,-0.65642
222,4.38427,1.45383,-0.65642
223,3.27525,0.426859,-0.66416
222,3.27525,0.426859,-0.66416
223,3.86323,0.180852,-0.657821
222,3.86323,0.180852,-0.657821
223,2.39218,0.797484,-0.642556
222,2.39218,0.797484,-0.642556
223,3.32228,0.258046,-0.646842
222,3.32228,0.258046,-0.646842
223,2.53805,0.127811,-0.72061
222,2.53805,0.127811,-0.72061
223,5.29138,-0.00612176,-0.349143
222,5.29138,-0.00612176,-0.349143
223,2.87285,0.294868,-0.630897
215,2.87285,0.294868,-0.630897
223,3.28298,0.746419,-0.676962
215,3.28298,0.746419,-0.676962
223,5.05734,2.46399,-0.515959
215,5.05734,2.46399,-0.515959
223,1.9729,1.65688,-0.651296
215,1.9729,1.65688,-0.651296
223,2.20702,1.50669,-0.653709
215,2.20702,1.50669,-0.653709
223,4.25518,0.790695,-0.640152
215,4.25518,0.790695,-0.640152
223,3.36288,1.72265,-0.618386
215,3.36288,1.72265,-0.618386
223,3.18996,0.499502,-0.63276
216,3.18996,0.499502,-0.63276
223,5.09872,1.74037,-0.554056
216,5.09872,1.74037,-0.554056
223,5.09235,1.73764,-0.55054
216,5.09235,1.73764,-0.55054
223,3.66465,1.3801,-0.646146
216,3.66465,1.3801,-0.646146
223,5.4258,-0.232526,-0.321878
216,5.4258,-0.232526,-0.321878
223,2.93341,2.02692,-0.207202
210,2.93341,2.02692,-0.207202
223,5.11448,1.74614,-0.0869166
210,5.11448,1.74614,-0.0869166
223,3.79958,1.3099,-0.434782
210,3.79958,1.3099,-0.434782
223,3.58341,-0.661802,-0.786002
209,3.58341,-0.661802,-0.786002
223,2.28116,1.54791,-0.50657
209,2.28116,1.54791,-0.50657
223,2.00335,0.446418,-0.577038
209,2.00335,0.446418,-0.577038
223,3.03239,0.944331,-0.713981
214,3.03239,0.944331,-0.713981
223,5.16335,1.00154,-0.0397377
214,5.16335,1.00154,-0.0397377
223,5.35649,-0.164556,-0.545824
221,5.35649,-0.164556,-0.545824
223,4.49754,2.36135,-0.573843
166,4.49754,2.36135,-0.573843
223,3.08272,0.173474,-0.612087
166,3.08272,0.173474,-0.612087
223,4.02034,0.617266,-0.571771
166,4.02034,0.617266,-0.571771
223,3.0242,2.26186,-0.142474
166,3.0242,2.26186,-0.142474
223,3.77125,0.251475,-0.616651
166,3.77125,0.251475,-0.616651
223,1.96008,0.89348,-0.619131
166,1.96008,0.89348,-0.619131
223,5.88655,0.736237,-0.891997
211,5.88655,0.736237,-0.891997
223,3.06106,-0.775441,-0.363968
208,3.06106,-0.775441,-0.363968
224,2.52735,-0.151386,-0.614675
224,2.54038,-0.132657,-0.59919
224,2.57059,-0.130546,-0.61758
224,2.43526,1.97291e-05,-0.626674
224,2.58801,-0.126376,-0.614727
224,2.62367,-0.147104,-0.616286
224,1.99445,0.498404,-0.616293
224,1.99889,0.510239,-0.617709
224,3.06658,-0.458597,-0.643504
224,3.06392,-0.447169,-0.637542
224,3.04028,-0.399734,-0.60597
224,2.42184,0.12346,-0.64165
224,2.427,0.124418,-0.635603
224,2.56391,0.00891066,-0.629929
224,3.07277,-0.455194,-0.650926
224,2.50888,0.0831895,-0.622946
224,2.51092,0.0862072,-0.625186
224,3.36626,-0.520352,-0.52933
224,2.56655,0.154045,-0.612585
224,2.56784,0.152804,-0.613644
224,2.13649,0.563056,-0.628533
224,2.08467,0.630219,-0.612464
224,1.89039,0.826243,-0.610842
224,1.9572,0.78106,-0.615972
224,2.33746,0.445865,-0.648712
224,3.17106,-0.257512,-0.606063
224,2.06472,0.737206,-0.613637
224,1.92241,0.891437,-0.592515
224,1.95149,0.841793,-0.631267
224,3.20973,-0.289123,-0.644374
224,2.05805,0.746722,-0.633614
224,1.9221,0.90653,-0.610785
224,1.89612,0.933354,-0.615118
224,2.6579,0.251329,-0.633848
224,2.32542,0.552103,-0.631718
224,2.2622,0.603609,-0.639372
224,2.32325,0.557994,-0.633662
224,2.26488,0.610258,-0.639331
224,2.35874,0.559908,-0.629033
224,2.48403,0.442768,-0.640674
224,2.66137,0.273207,-0.656635
224,2.80824,0.194165,-0.625884
224,2.26976,0.688771,-0.611372
224,2.26329,0.6957,-0.615833
224,2.6643,0.330293,-0.629014
224,2.49542,0.503044,-0.602274
224,2.61188,0.372321,-0.637468
224,2.66942,0.343406,-0.612703
224,2.62869,0.396006,-0.598809
224,2.17756,0.794368,-0.607145
224,3.44761,-0.33763,-0.619511
224,2.64821,0.36551,-0.636815
224,2.27712,0.709141,-0.628469
224,2.5346,0.499893,-0.605239
224,2.66474,0.379084,-0.61892
224,2.33132,0.665229,-0.638364
224,2.60744,0.411879,-0.648025
224,2.53982,0.498676,-0.61819
224,2.66716,0.382852,-0.621681
224,2.66578,0.380978,-0.625943
224,2.42685,0.601119,-0.622001
224,2.2566,0.755396,-0.619053
224,2.61575,0.440199,-0.61599
224,2.74614,0.338636,-0.601547
224,2.63169,0.437088,-0.609216
224,2.43272,0.593314,-0.635811
224,2.80708,0.26607,-0.629603
224,2.61325,0.444773,-0.623758
224,2.74831,0.335502,-0.610062
224,2.19376,0.814638,-0.629579
224,2.62941,0.442659,-0.611931
224,2.6353,0.438589,-0.612247
224,2.636,0.444581,-0.616887
224,2.82864,0.273145,-0.624427
224,2.43334,0.62044,-0.631541
224,2.81482,0.278392,-0.636264
224,2.2244,0.822425,-0.621195
224,2.43517,0.625412,-0.636071
224,2.54106,0.538698,-0.628733
224,2.27069,0.782365,-0.631737
224,3.53091,-0.327281,-0.620131
224,2.26952,0.816634,-0.602209
224,2.85945,0.288438,-0.608111
224,2.8647,0.283072,-0.610386
224,2.26212,0.822126,-0.616681
224,2.82322,0.342785,-0.61506
224,2.26601,0.833689,-0.625238
224,3.35401,-0.148608,-0.645318
224,2.39512,0.71051,-0.645217
224,3.33653,-0.121808,-0.639828
224,3.36295,-0.114681,-0.628923
224,2.34565,0.812087,-0.623063
224,2.36611,0.808673,-0.629177
224,3.05304,0.222886,-0.602595
224,2.40094,0.799493,-0.609659
224,3.05511,0.217754,-0.610473
224,3.08481,0.218433,-0.595186
224,3.08514,0.218473,-0.597661
224,3.10202,0.243401,-0.588034
224,3.0464,0.331082,-0.613929
224,3.10709,0.361257,-0.599828
224,3.11047,0.364507,-0.604563
224,3.29067,0.226846,-0.597514
224,2.38833,1.0408,-0.617505
224,2.51769,0.910586,-0.636313
224,2.94813,0.582803,-0.611866
224,3.20384,0.371369,-0.600231
224,3.55736,0.00831527,-0.661872
224,3.6997,-0.0867685,-0.626421
224,3.68448,-0.0496854,-0.598715
224,2.99784,0.580086,-0.597823
224,3.003,0.578571,-0.598492
224,3.0023,0.583974,-0.600567
224,3.21729,0.383858,-0.613615
224,3.00718,0.580377,-0.613747
224,2.6221,0.952665,-0.625016
224,3.12461,0.518501,-0.613141
224,3.09022,0.561029,-0.59882
224,3.24243,0.428439,-0.605918
224,1.96098,1.48337,-0.71735
224,3.18387,0.479761,-0.611481
224,2.58095,1.0217,-0.620226
224,3.39981,0.321839,-0.588647
224,3.4085,0.32676,-0.590031
224,3.10104,0.600188,-0.594888
224,3.41746,0.329234,-0.599428
224,3.80101,0.0134705,-0.588887
224,2.98521,0.729331,-0.606503
224,3.27149,0.487484,-0.601428
224,2.99174,0.729976,-0.613191
224,3.03497,0.712215,-0.598985
224,3.81968,0.0206147,-0.59368
224,3.28363,0.511407,-0.582684
224,3.78743,0.0608498,-0.588946
224,2.96788,0.770195,-0.62262
224,3.10512,0.677506,-0.595651
224,3.10699,0.672649,-0.600316
224,3.11273,0.688237,-0.604829
224,3.81434,0.0606332,-0.610382
224,2.96701,0.812635,-0.62611
224,2.67288,1.12414,-0.611742
224,3.61828,0.299205,-0.59436
224,3.6148,0.297734,-0.600965
224,2.98933,0.845803,-0.626958
224,2.9932,0.851451,-0.619793
224,2.71043,1.13208,-0.613595
224,3.71683,0.235414,-0.614522
224,2.93075,0.954828,-0.618307
224,2.94917,0.939144,-0.619074
224,3.80453,0.194602,-0.601969
224,2.80602,1.07135,-0.632944
224,2.91379,0.98903,-0.620442
224,2.9158,0.98892,-0.621142
224,2.84929,1.04417,-0.627135
224,2.94587,0.986804,-0.61126
224,2.96431,0.968812,-0.616601
224,2.8828,1.04433,-0.623891
224,2.95185,0.992129,-0.616166
224,2.76816,1.20269,-0.615893
224,3.76624,0.341037,-0.609499
224,3.77099,0.344395,-0.611132
224,2.78144,1.26381,-0.609154
224,2.86646,1.19447,-0.612005
224,2.90387,1.16283,-0.622832
224,2.87766,1.91627,0.286448
224,2.34922,1.70889,-0.573507
224,2.81772,1.29695,-0.587657
224,2.84198,1.25413,-0.618997
224,3.85379,0.393051,-0.59022
224,2.27672,1.77098,-0.625902
224,2.94585,1.20414,-0.624476
224,2.31027,1.80966,-0.589637
224,2.95347,1.20684,-0.628364
224,2.12519,1.89744,-0.718427
224,3.98855,0.342753,-0.639226
224,2.14201,1.81694,-0.853566
224,3.95362,0.421187,-0.592026
224,3.95112,0.424564,-0.594105
224,5.27513,-0.00472969,0.315523
224,5.22992,-0.0131423,0.233943
224,2.59745,1.74082,-0.551329
224,2.12454,2.01014,-0.744541
224,3.88895,0.582207,-0.589298
224,3.89009,0.571861,-0.608087
224,2.88147,1.81976,-0.208565
224,3.91842,0.62096,-0.611189
224,5.2406,-0.26895,-0.278201
224,4.04691,0.582687,-0.588753
224,4.27354,0.399062,-0.588428
224,5.29208,0.00232702,0.0380642
224,2.80651,1.81181,-0.476367
224,3.05621,1.86395,-0.146898
224,2.8157,1.84508,-0.485708
224,5.20588,-0.315245,-0.552562
224,5.10225,0.459101,0.267086
224,5.33277,-0.0355954,-0.119013
224,4.15086,0.710917,-0.558854
224,5.19145,0.491668,0.32467
224,5.26539,0.253622,0.0658867
224,5.19579,0.0974564,-0.213644
224,3.20762,1.62617,-0.527466
224,2.94399,1.99073,-0.372036
224,5.15277,0.513859,0.23057
224,5.24403,0.319559,0.0820016
224,4.20406,0.742911,-0.577673
224,2.87431,1.89857,-0.635319
224,5.28794,0.328264,0.0858631
224,2.88954,1.91284,-0.647977
224,5.33217,-0.0134873,-0.356651
224,5.21208,0.49715,0.0660521
224,4.0929,0.942072,-0.625891
224,5.35911,-0.0514165,-0.468392
224,4.12715,0.937619,-0.605771
224,5.16126,0.817751,0.396888
224,5.38842,0.00134844,-0.380644
224,4.18797,0.922303,-0.568594
224,4.16101,0.92917,-0.60084
224,5.29107,0.213441,-0.241942
224,3.45982,1.59569,-0.568005
224,3.57463,1.51448,-0.567236
224,4.12315,1.01792,-0.625002
224,3.06744,1.94452,-0.648212
224,5.17355,0.828338,0.300453
224,5.1393,1.0384,0.457546
224,5.2709,0.814696,0.308588
224,5.27522,0.176396,-0.504398
224,5.27412,0.513114,-0.107426
224,4.18988,1.09567,-0.606808
224,5.24982,0.541211,-0.11908
224,5.23983,0.530489,-0.149058
224,5.12874,0.979162,0.263156
224,5.19321,0.757816,0.0426436
224,5.11161,0.976001,0.209332
224,5.17989,0.816469,0.0793255
224,5.22358,0.769567,0.0315644
224,5.17902,1.00618,0.263216
224,5.24173,0.436203,-0.414761
224,3.86052,1.51864,-0.600837
224,5.25383,0.374046,-0.517351
224,5.25916,0.449651,-0.439381
224,3.98659,1.54848,-0.546749
224,5.16704,1.00259,0.0643147
224,5.19529,0.87305,-0.0791672
224,5.21993,0.726086,-0.495618
224,4.3676,1.45704,-0.591567
224,3.52482,2.75998,0.0991355
224,5.14389,0.95986,-0.421286
224,5.37082,0.790341,-0.560898
224,4.99912,1.84372,0.194963
224,5.14365,1.56137,-0.0530431
224,5.07812,2.08447,0.352572
224,3.78105,2.84011,-0.174008
224,5.1376,1.69605,-0.122498
224,5.24631,1.51686,-0.373109
224,3.80328,2.7298,-0.500358
224,3.75934,2.78338,-0.538937
224,3.81251,2.90836,-0.364987
224,5.24168,1.48277,-0.556803
224,5.15435,1.65961,-0.50774
224,3.8388,2.96938,-0.381723
224,3.80273,2.84098,-0.61994
224,5.08126,1.76683,-0.570789
224,5.13289,1.85819,-0.55597
224,4.9984,2.87684,-0.503838
224,5.02027,2.93225,-0.534073
224,5.07919,3.24183,-0.741472
224,2.41158,0.101418,-0.561472
222,2.41158,0.101418,-0.561472
224,2.41012,0.100952,-0.560369
222,2.41012,0.100952,-0.560369
224,5.4382,0.227671,0.321397
222,5.4382,0.227671,0.321397
224,2.54727,0.971589,-0.681519
222,2.54727,0.971589,-0.681519
224,2.3644,0.695396,-0.535416
222,2.3644,0.695396,-0.535416
224,2.94462,1.21197,-0.636437
222,2.94462,1.21197,-0.636437
224,2.79147,0.390635,-0.667307
222,2.79147,0.390635,-0.667307
224,4.51377,0.374527,-0.63571
222,4.51377,0.374527,-0.63571
224,5.35376,0.49179,-0.417153
222,5.35376,0.49179,-0.417153
224,2.89,1.91722,-0.632153
223,2.89,1.91722,-0.632153
224,4.01515,0.565585,-0.602557
223,4.01515,0.565585,-0.602557
224,4.54535,0.645729,0.0257987
223,4.54535,0.645729,0.0257987
224,4.93484,0.0120139,-0.348453
223,4.93484,0.0120139,-0.348453
224,4.11968,0.678178,-0.534119
223,4.11968,0.678178,-0.534119
224,4.151,0.887414,-0.583571
223,4.151,0.887414,-0.583571
224,4.5048,2.90105,-0.438786
215,4.5048,2.90105,-0.438786
224,2.58548,0.43776,-0.675829
215,2.58548,0.43776,-0.675829
224,2.97428,0.925045,-0.595823
215,2.97428,0.925045,-0.595823
224,4.14086,0.463584,-0.592234
215,4.14086,0.463584,-0.592234
224,2.81963,1.38655,-0.674598
215,2.81963,1.38655,-0.674598
224,5.13395,1.13515,-0.431487
215,5.13395,1.13515,-0.431487
224,5.06633,1.83388,0.00849884
215,5.06633,1.83388,0.00849884
224,4.94962,1.78918,0.243349
215,4.94962,1.78918,0.243349
224,2.31569,0.375294,-0.611518
215,2.31569,0.375294,-0.611518
224,4.91463,3.32057,-0.411891
215,4.91463,3.32057,-0.411891
224,2.82342,0.211054,-0.64668
215,2.82342,0.211054,-0.64668
224,1.86493,0.895724,-0.671059
215,1.86493,0.895724,-0.671059
224,2.51821,0.419169,-0.619152
215,2.51821,0.419169,-0.619152
224,3.4444,-0.0570517,-0.615714
210,3.4444,-0.0570517,-0.615714
224,3.05464,0.837832,-0.635033
210,3.05464,0.837832,-0.635033
224,2.98936,0.84358,-0.615242
210,2.98936,0.84358,-0.615242
224,3.11448,0.782575,-0.672124
210,3.11448,0.782575,-0.672124
224,3.1377,0.534497,-0.626009
210,3.1377,0.534497,-0.626009
224,2.79219,1.34191,-0.660617
210,2.79219,1.34191,-0.660617
224,4.19734,0.763718,-0.588481
210,4.19734,0.763718,-0.588481
224,3.30279,0.524825,-0.63325
210,3.30279,0.524825,-0.63325
224,4.2355,2.36175,-0.0750786
216,4.2355,2.36175,-0.0750786
224,3.13795,0.609942,-0.636554
216,3.13795,0.609942,-0.636554
224,3.04079,0.7191,-0.619374
216,3.04079,0.7191,-0.619374
224,2.37084,1.20858,-0.630081
216,2.37084,1.20858,-0.630081
224,2.37081,1.20484,-0.626499
216,2.37081,1.20484,-0.626499
224,2.5265,0.119296,-0.708984
216,2.5265,0.119296,-0.708984
224,3.91237,0.626127,-0.593171
216,3.91237,0.626127,-0.593171
224,2.08108,0.627708,-0.609756
216,2.08108,0.627708,-0.609756
224,3.03524,0.714225,-0.610412
216,3.03524,0.714225,-0.610412
224,2.27421,0.68721,-0.60721
216,2.27421,0.68721,-0.60721
224,1.84834,0.865796,-0.616385
216,1.84834,0.865796,-0.616385
224,1.85138,0.847166,-0.592848
216,1.85138,0.847166,-0.592848
224,2.72166,0.281122,-0.597464
216,2.72166,0.281122,-0.597464
224,4.16031,2.20796,-0.432191
209,4.16031,2.20796,-0.432191
224,5.16274,0.472692,0.24341
209,5.16274,0.472692,0.24341
224,3.47335,1.44122,-0.541279
214,3.47335,1.44122,-0.541279
224,5.03961,1.58151,0.246819
214,5.03961,1.58151,0.246819
224,4.97255,1.61189,0.29732
214,4.97255,1.61189,0.29732
224,5.09877,1.63583,0.227342
214,5.09877,1.63583,0.227342
224,5.16437,0.916848,0.0816795
166,5.16437,0.916848,0.0816795
224,6.93571,7.03965,-1.26513
166,6.93571,7.03965,-1.26513
224,3.74936,1.4462,0.0267887
166,3.74936,1.4462,0.0267887
224,5.15692,0.910792,0.0855224
166,5.15692,0.910792,0.0855224
224,5.09554,0.920175,0.447412
221,5.09554,0.920175,0.447412
225,2.49121,-0.261732,0.383869
225,3.13741,0.894615,0.0785669
225,2.80289,1.31363,-0.603968
225,4.06373,0.342368,-0.507007
225,2.89815,1.28943,-0.617979
225,3.23655,1.30838,0.720855
225,3.7219,0.713811,-0.463592
225,2.96064,1.30679,-0.613158
225,2.96085,1.30619,-0.619584
225,2.96435,1.30726,-0.623529
225,3.77887,0.693803,-0.527077
225,4.06,0.479088,-0.492211
225,4.05546,0.477626,-0.559707
225,4.01882,0.525173,-0.625971
225,3.9535,0.592207,-0.584663
225,3.95527,0.590727,-0.589877
225,4.02481,0.53311,-0.629115
225,4.85448,0.238009,0.858567
225,3.03506,1.37419,-0.62235
225,2.99487,1.4105,-0.605045
225,2.99364,1.41163,-0.614987
225,4.04324,0.580659,-0.631021
225,2.87358,1.50167,-0.65619
225,3.04648,1.38617,-0.61049
225,4.90704,0.272128,1.09715
225,2.88069,1.5084,-0.676374
225,2.93594,1.498,-0.603456
225,3.04112,1.43297,-0.567824
225,4.10451,0.599548,-0.636346
225,4.1111,0.604469,-0.64226
225,4.14306,0.602783,-0.530418
225,4.11014,0.609472,-0.644378
225,4.7298,0.217369,-0.188341
225,4.7332,0.20795,-0.268609
225,3.10179,1.4396,-0.635543
225,3.93307,0.819681,-0.508902
225,4.7112,0.269076,-0.213649
225,4.07802,0.693702,-0.621579
225,4.96663,0.296631,0.846588
225,4.04385,0.739232,-0.572451
225,3.08355,1.49743,-0.597248
225,4.09597,0.700315,-0.629281
225,2.87905,2.07424,1.33107
225,4.79599,0.241627,-0.210379
225,3.09198,1.50805,-0.60141
225,4.12559,0.684165,-0.644236
225,3.1229,1.48734,-0.629632
225,3.12099,1.49304,-0.636205
225,3.1283,1.49254,-0.628331
225,4.78797,0.245096,-0.33614
225,2.83652,2.096,1.03705
225,4.90708,0.184061,-0.303608
225,3.95598,0.895917,-0.504402
225,4.04159,0.827026,-0.511501
225,5.04026,0.23541,0.428718
225,4.09681,0.781263,-0.606857
225,3.99243,0.853109,-0.67845
225,3.97411,0.916392,-0.528407
225,5.0475,0.337491,0.740139
225,5.02276,0.273723,0.321586
225,5.0282,0.272398,0.326684
225,4.00754,0.916528,-0.49639
225,4.83738,0.315923,-0.257973
225,4.98409,0.30682,0.214456
225,2.90328,2.19235,1.36096
225,3.17188,1.58414,-0.547569
225,4.05344,0.884737,-0.562274
225,4.69142,0.616034,0.569842
225,2.90764,1.97143,0.207008
225,3.20616,1.5914,-0.51647
225,5.01368,0.181896,-0.439021
225,2.91608,1.97483,0.21028
225,2.9126,1.97948,0.201287
225,5.08937,0.402871,0.822179
225,4.23761,0.783248,-0.616662
225,4.1751,0.836649,-0.617816
225,4.25022,0.779788,-0.627511
225,5.17876,0.480536,1.41459
225,2.93749,1.996,0.15938
225,3.51159,1.81976,1.44565
225,3.40955,1.50678,-0.53103
225,2.9655,1.9398,-0.179823
225,3.52062,1.84066,1.44674
225,4.79399,0.652461,0.556616
225,4.22322,0.875241,-0.639737
225,5.21629,0.494726,1.29832
225,3.25477,1.66174,-0.548251
225,4.83853,0.679739,0.570856
225,3.49707,1.49984,-0.595986
225,5.19707,0.459874,0.860308
225,4.2917,0.865766,-0.635665
225,4.72593,0.586766,-0.330958
225,4.29695,0.864995,-0.632649
225,4.39186,0.915948,-0.0379133
225,5.18145,0.204466,-0.477199
225,4.3028,0.873545,-0.637034
225,5.29336,0.455492,1.10728
225,5.19627,0.462752,0.752044
225,3.52644,1.79559,0.743487
225,3.29366,1.72019,-0.587532
225,4.3396,0.897118,-0.623512
225,5.18448,0.496773,0.649095
225,5.32827,0.52085,1.2668
225,4.30607,0.9353,-0.633761
225,5.11634,0.474169,0.109596
225,5.22204,0.562827,0.859365
225,2.96728,2.04279,-0.603741
225,5.27727,0.582588,1.12392
225,4.38315,0.926879,-0.637423
225,4.87594,0.669469,-0.0112447
225,5.24453,0.517228,0.643925
225,5.19532,0.488664,0.237256
225,4.90075,0.680671,-0.0172766
225,3.60138,1.57668,-0.667152
225,3.3975,1.75123,-0.648633
225,4.86999,0.860586,0.664892
225,5.26315,0.5161,0.472627
225,5.31372,0.696604,1.52699
225,3.59513,1.61018,-0.618168
225,5.3119,0.700575,1.51646
225,3.88282,1.41372,-0.489003
225,5.23271,0.508708,0.233695
225,5.52074,0.245245,0.0273113
225,3.63934,1.5961,-0.636985
225,4.83546,0.710506,-0.365946
225,5.22729,0.541077,0.292054
225,5.056,0.883428,1.27775
225,5.30852,0.605434,0.872528
225,3.96318,1.38545,-0.518617
225,2.95754,2.14276,-0.750231
225,4.9428,0.546404,-0.886037
225,3.89951,1.44158,-0.57548
225,5.02923,0.718174,0.236917
225,3.62449,1.94226,0.736791
225,3.74031,1.56776,-0.649212
225,5.02252,0.929572,1.15441
225,4.91009,0.694327,-0.422455
225,3.96881,1.41145,-0.569328
225,5.26175,0.521884,0.0514114
225,5.1106,0.922946,1.28798
225,4.00067,1.42144,-0.543837
225,5.32468,0.545155,0.27168
225,4.12762,1.32528,-0.537255
225,5.02767,0.748638,0.103178
225,5.00713,0.938694,0.934838
225,5.36428,0.561169,0.473654
225,5.01788,0.940703,0.898567
225,5.29182,0.585239,0.211141
225,5.01031,0.738432,-0.151031
225,4.05434,1.42252,-0.539332
225,3.87603,1.55921,-0.62743
225,3.97442,1.47603,-0.656649
225,5.05989,0.980976,1.09035
225,5.15798,1.00249,1.53581
225,4.01547,1.46325,-0.603653
225,4.06599,1.43427,-0.554299
225,4.97043,1.15067,1.516
225,3.94947,1.51441,-0.61881
225,3.98657,1.4845,-0.666758
225,3.88471,1.57492,-0.632313
225,5.04586,1.13687,1.64587
225,4.0011,1.49306,-0.679331
225,4.17282,1.38279,-0.578974
225,5.09113,0.881378,0.435404
225,5.04871,0.809123,-0.086863
225,5.33436,0.609823,0.0119079
225,5.06237,0.967501,0.663175
225,5.07608,0.961955,0.676901
225,4.01342,1.52009,-0.683955
225,4.19417,1.40139,-0.583514
225,5.01515,0.923631,0.231643
225,3.88711,1.6412,-0.616243
225,5.16609,1.00525,1.15749
225,5.37881,0.677552,0.367582
225,4.12015,1.49509,-0.581699
225,4.20982,1.42156,-0.597581
225,4.11976,1.50473,-0.621562
225,4.80386,1.2817,0.884266
225,5.39858,0.619056,-0.135038
225,5.24382,1.03776,1.2903
225,5.06171,1.23078,1.50675
225,5.10019,1.21599,1.54175
225,4.22904,1.45674,-0.643713
225,4.97958,0.963858,-0.173598
225,5.24347,0.979257,0.862892
225,5.2037,0.929223,0.435587
225,5.17277,1.01754,0.675696
225,4.76854,1.18696,-0.0914337
225,5.48201,0.722642,0.357801
225,5.21371,0.935264,0.359435
225,4.77544,1.19775,-0.0920096
225,5.28938,1.17436,1.73913
225,5.51804,0.536075,-0.519365
225,5.15515,0.987799,0.217028
225,4.49989,1.34497,-0.589031
225,4.82471,1.35525,0.596395
225,5.33203,1.19521,1.74365
225,5.24617,1.01647,0.468965
225,5.52281,0.669075,-0.180561
225,5.5935,0.55757,-0.49144
225,5.24872,0.882827,-0.319721
225,5.13682,1.17093,0.585994
225,4.75463,1.27657,-0.362215
225,5.20244,1.02303,0.0605722
225,5.01007,1.47529,1.4079
225,5.3082,1.03997,0.446332
225,4.88768,1.41661,0.582661
225,5.33375,1.05276,0.453522
225,4.23926,2.0019,0.830016
225,5.20156,1.01003,-0.341764
225,5.12485,1.49421,1.63234
225,5.20817,1.00637,-0.444686
225,5.37645,1.06583,0.457367
225,5.68468,0.798091,0.335369
225,4.47917,1.62903,-0.384548
225,5.33402,1.26874,1.11843
225,3.73087,2.51862,1.01712
225,5.68637,0.811294,0.211786
225,5.04037,1.45952,0.865614
225,4.55513,1.58126,-0.39942
225,3.72859,2.53753,1.01476
225,5.26373,1.33067,1.02965
225,5.03272,1.66345,1.74902
225,5.75163,0.814569,0.337559
225,4.95318,1.59507,1.03004
225,4.96792,1.41541,0.207067
225,4.96025,1.59412,1.01772
225,5.3465,1.01829,-0.299475
225,5.48814,0.919208,-0.337248
225,5.38634,1.31595,1.14172
225,5.39895,1.03469,-0.175644
225,3.77805,2.72585,1.77577
225,5.29488,1.55175,1.82728
225,3.7616,2.62248,1.13524
225,5.24612,1.57732,1.66745
225,5.41692,1.14552,0.18321
225,3.94466,2.46288,0.916916
225,5.00723,1.65405,1.06287
225,5.25684,1.35942,0.580187
225,3.74107,2.57496,0.647063
225,5.32183,1.11339,-0.386354
225,3.77323,2.66074,1.15759
225,3.78941,2.65683,1.15442
225,3.77725,2.67041,1.16108
225,3.78094,2.67133,1.15251
225,3.67034,2.65205,0.604753
225,5.41599,1.18379,0.178295
225,3.74074,2.61014,0.636178
225,5.04871,1.66256,1.03906
225,3.77435,2.65291,0.877504
225,5.46551,1.07318,-0.325918
225,4.71258,1.68686,-0.466173
225,5.10192,1.39888,-0.386504
225,4.70054,1.70051,-0.46765
225,3.69729,2.70957,0.558114
225,5.07074,1.67111,0.776987
225,5.36048,1.66347,1.70574
225,5.00167,1.74117,0.613248
225,5.0436,1.50435,-0.386199
225,3.78809,2.70442,0.5777
225,4.01764,2.56898,0.750365
225,4.96913,1.52038,-0.784706
225,3.61793,2.80579,0.0756887
225,3.26333,2.96667,-0.509293
225,3.81707,2.80331,0.573474
225,5.07192,1.82227,0.620969
225,5.14585,1.62288,-0.0837076
225,4.45189,2.45158,1.17485
225,3.68784,2.82955,0.0821519
225,4.5273,2.51126,1.49895
225,5.32187,1.55491,-0.108471
225,5.04081,1.8624,0.179432
225,3.77687,2.99632,0.681159
225,5.85183,1.51156,1.38483
225,6.10322,0.953256,-0.556661
225,5.24354,1.91695,0.529724
225,5.42453,1.74433,0.339432
225,5.43742,1.75215,0.322997
225,4.6313,2.56549,1.14427
225,4.62571,2.66812,1.55178
225,5.31832,1.8353,0.146937
225,4.61869,2.61365,1.21724
225,5.0832,1.96016,-0.198407
225,4.62845,2.65057,1.34385
225,5.30833,1.9479,0.507469
225,4.64451,2.69837,1.5628
225,4.99564,2.21256,0.498883
225,4.65207,2.67215,1.35451
225,4.67753,2.69403,1.48206
225,4.66795,2.70976,1.47467
225,4.66393,2.73625,1.57776
225,4.66594,2.6947,1.35598
225,5.2419,1.84649,-0.622911
225,3.8675,2.99521,-0.377141
225,4.93431,2.28073,0.236465
225,3.84853,2.99909,-0.437392
225,3.85492,3.00204,-0.425539
225,5.01509,2.36506,0.222277
225,4.43745,2.96852,0.900944
225,4.41475,2.99992,0.907229
225,4.4347,2.9893,0.896888
225,3.91506,3.08191,-0.662803
225,4.74459,2.50106,-0.354227
225,4.70381,2.5271,-0.396709
225,4.44216,3.00669,0.913231
225,4.48475,3.0408,1.19657
225,3.98447,3.07091,-0.649068
225,4.85906,2.76246,1.18094
225,3.97832,3.08771,-0.658334
225,4.77027,2.55402,-0.235893
225,4.43859,3.06219,0.90172
225,4.49827,3.09029,1.20634
225,4.72101,2.57695,-0.426528
225,4.83593,2.69639,0.583291
225,3.94366,3.14003,-0.683815
225,3.94993,3.15313,-0.700022
225,4.47004,3.01721,0.617823
225,6.19958,1.85657,1.43893
225,4.47469,3.06513,0.65831
225,4.83232,2.59161,-0.389506
225,4.48652,3.14747,0.885057
225,5.54428,1.97974,-0.750313
225,6.17596,1.88648,1.12319
225,4.8129,2.65226,-0.480334
225,4.88207,2.66253,-0.288702
225,4.52678,3.14547,0.652647
225,4.89543,2.66966,-0.28385
225,4.9828,2.96963,1.4924
225,5.15559,2.91323,1.66235
225,4.60733,3.27569,1.23381
225,4.92125,2.71532,-0.443632
225,5.15216,2.94969,1.29243
225,5.25347,3.12941,1.31771
225,5.35275,3.16143,1.74331
225,5.29616,3.14415,1.3445
225,5.40879,3.27269,1.78429
225,7.42112,1.59461,-0.542474
225,8.02193,5.67876,3.05018
225,2.80477,1.21418,-0.478026
211,2.80477,1.21418,-0.478026
225,3.68107,1.52783,-0.596136
211,3.68107,1.52783,-0.596136
225,4.42796,2.41547,0.0998941
211,4.42796,2.41547,0.0998941
225,4.30331,0.61226,-0.642443
211,4.30331,0.61226,-0.642443
225,5.30434,1.8142,-0.13453
211,5.30434,1.8142,-0.13453
225,4.37204,2.89315,0.898359
211,4.37204,2.89315,0.898359
225,4.16916,0.397475,-0.573324
211,4.16916,0.397475,-0.573324
225,3.99895,1.48562,-0.544338
211,3.99895,1.48562,-0.544338
225,5.20964,0.483965,1.51191
211,5.20964,0.483965,1.51191
225,5.22189,1.25008,0.770423
211,5.22189,1.25008,0.770423
225,4.8974,2.18446,0.0827084
211,4.8974,2.18446,0.0827084
225,5.03351,1.6325,0.441094
221,5.03351,1.6325,0.441094
225,3.71559,2.84757,1.19291
221,3.71559,2.84757,1.19291
225,2.84509,1.67066,-0.414189
221,2.84509,1.67066,-0.414189
225,4.23141,3.61814,-0.168726
221,4.23141,3.61814,-0.168726
225,3.77654,3.05259,-0.0189071
221,3.77654,3.05259,-0.0189071
225,3.5121,1.57749,-0.608628
221,3.5121,1.57749,-0.608628
225,5.00281,2.14516,0.534326
221,5.00281,2.14516,0.534326
225,5.08261,2.89073,-0.512171
221,5.08261,2.89073,-0.512171
225,3.47771,2.93887,-0.505222
221,3.47771,2.93887,-0.505222
225,5.23299,0.509235,0.806276
221,5.23299,0.509235,0.806276
225,5.23204,0.472831,0.855534
221,5.23204,0.472831,0.855534
225,5.152,1.04714,0.219182
221,5.152,1.04714,0.219182
225,4.99234,0.436924,0.70665
221,4.99234,0.436924,0.70665
225,5.19997,0.489807,0.842114
221,5.19997,0.489807,0.842114
225,3.62393,3.03264,-0.560939
214,3.62393,3.03264,-0.560939
225,4.8519,2.04568,-0.562375
214,4.8519,2.04568,-0.562375
225,5.62596,4.20614,0.15499
214,5.62596,4.20614,0.15499
225,5.0087,0.181904,-0.362043
214,5.0087,0.181904,-0.362043
225,2.78897,1.86,0.877302
214,2.78897,1.86,0.877302
225,5.03962,1.63393,0.0878918
213,5.03962,1.63393,0.0878918
225,4.98122,1.51046,-0.193491
213,4.98122,1.51046,-0.193491
225,5.07621,1.66147,0.0721681
213,5.07621,1.66147,0.0721681
225,5.14829,1.16778,1.41024
213,5.14829,1.16778,1.41024
225,5.08717,1.33273,1.4911
213,5.08717,1.33273,1.4911
225,5.2133,0.842855,0.299065
213,5.2133,0.842855,0.299065
225,5.23405,0.578062,0.0364468
213,5.23405,0.578062,0.0364468
225,4.92261,2.87033,1.09971
212,4.92261,2.87033,1.09971
225,5.19845,1.02267,-0.15845
212,5.19845,1.02267,-0.15845
225,4.75726,2.14551,1.7282
212,4.75726,2.14551,1.7282
225,5.14287,1.35128,0.701553
212,5.14287,1.35128,0.701553
225,5.13518,0.346511,-0.0987659
212,5.13518,0.346511,-0.0987659
225,4.21954,0.948086,-0.602992
210,4.21954,0.948086,-0.602992
225,5.79577,3.16181,-1.04512
210,5.79577,3.16181,-1.04512
225,2.81724,1.66163,-0.498397
210,2.81724,1.66163,-0.498397
225,5.12102,1.62573,-0.224268
210,5.12102,1.62573,-0.224268
225,5.11853,1.70421,0.0649078
210,5.11853,1.70421,0.0649078
225,5.0149,2.21036,-0.633477
210,5.0149,2.21036,-0.633477
225,3.67534,1.76384,-0.771603
210,3.67534,1.76384,-0.771603
225,5.20887,1.60758,0.489333
210,5.20887,1.60758,0.489333
225,2.72301,2.09431,-0.675905
166,2.72301,2.09431,-0.675905
225,3.66129,2.60272,-0.50481
166,3.66129,2.60272,-0.50481
225,2.48044,-0.0818579,0.514583
224,2.48044,-0.0818579,0.514583
225,3.72684,2.61059,-1.07129
224,3.72684,2.61059,-1.07129
225,3.24223,1.71226,-0.617716
224,3.24223,1.71226,-0.617716
225,5.08523,0.900032,-0.396589
217,5.08523,0.900032,-0.396589
225,3.21283,1.58523,-0.677789
222,3.21283,1.58523,-0.677789
225,4.31028,2.28468,-0.216119
222,4.31028,2.28468,-0.216119
225,3.81234,1.43945,-0.733544
222,3.81234,1.43945,-0.733544
225,3.59735,1.12048,-0.568078
222,3.59735,1.12048,-0.568078
225,3.29636,1.66427,-0.663303
222,3.29636,1.66427,-0.663303
225,5.17236,1.00272,0.0789358
222,5.17236,1.00272,0.0789358
225,2.91501,1.5088,-0.659211
223,2.91501,1.5088,-0.659211
225,3.65769,1.50993,-0.567822
223,3.65769,1.50993,-0.567822
226,3.19935,1.14744,0.604139
226,3.29475,1.38844,0.599905
226,2.8965,1.85678,-0.186144
226,2.91134,1.928,0.242814
226,5.2092,0.380459,0.84737
226,5.19351,0.481773,1.4165
226,5.19959,0.485232,1.48385
226,5.22604,0.448952,0.82424
226,5.14697,0.507296,0.707784
226,5.25238,0.391285,-0.129731
226,5.20495,0.498775,1.48843
226,5.20482,0.497407,1.43331
226,5.26573,0.389326,-0.124724
226,5.17264,0.529553,1.40398
226,5.17483,0.532921,1.40853
226,5.19869,0.469845,0.366544
226,5.17175,0.496081,0.310014
226,5.1736,0.518414,0.714078
226,5.21235,0.476578,0.373502
226,5.28548,0.401006,-0.13511
226,5.19433,0.509465,0.651674
226,5.18629,0.54374,1.09353
226,5.21501,0.491358,0.358529
226,5.19423,0.496434,0.0258225
226,5.19555,0.496511,0.0114354
226,5.21088,0.506302,0.473225
226,5.15482,0.608522,1.6597
226,5.20436,0.497571,-0.0612354
226,5.23609,0.540155,1.50548
226,5.2155,0.507199,0.30785
226,5.22354,0.554867,1.42607
226,5.2203,0.52684,0.71011
226,5.17776,0.54122,0.23607
226,5.22976,0.52839,0.720168
226,5.28477,0.48918,0.779636
226,5.22742,0.491083,-0.345804
226,5.24557,0.52117,0.637469
226,5.24928,0.525627,0.631519
226,3.92956,1.51432,-0.595758
226,5.2062,0.616076,1.67444
226,5.25425,0.519596,0.281081
226,5.25681,0.519415,0.239433
226,5.19191,0.579363,0.392117
226,3.40569,1.93567,-0.572146
226,5.21491,0.543998,-0.318495
226,3.45763,1.91465,-0.62786
226,5.22703,0.549654,-0.312684
226,5.18082,0.663261,1.47441
226,5.16979,0.675845,1.4056
226,5.15592,0.675753,1.02707
226,5.26237,0.533816,-0.3689
226,3.46409,1.94172,-0.622273
226,4.1285,1.43172,-0.607894
226,4.04783,1.49628,-0.605312
226,5.41073,0.569872,1.83147
226,4.12519,1.47476,-0.613357
226,4.21851,1.44189,-0.597177
226,4.22921,1.44054,-0.595989
226,4.10844,1.54328,-0.599647
226,4.11078,1.54568,-0.604843
226,4.29399,1.42165,-0.641654
226,5.27102,0.789322,1.78437
226,5.28113,0.791299,1.78334
226,4.40468,1.39056,-0.630232
226,4.51617,1.32499,-0.656361
226,5.19975,0.83233,0.0695172
226,4.48423,1.36409,-0.613393
226,4.49199,1.36582,-0.614278
226,4.48686,1.3721,-0.608251
226,5.20259,0.824458,-0.423261
226,5.21584,0.832958,-0.216464
226,4.38008,1.4848,-0.594688
226,5.09813,0.981863,0.658775
226,5.14246,1.00281,1.52998
226,5.19955,0.932408,0.81563
226,5.16676,0.997676,1.62734
226,5.23464,0.853138,-0.541215
226,5.21066,0.933878,0.814316
226,5.21433,0.932538,0.812878
226,5.25241,0.948179,1.82056
226,5.09597,1.01704,0.563688
226,5.16853,1.00599,1.53255
226,5.12878,0.998804,0.595504
226,5.12995,1.00071,0.659056
226,5.16325,0.967405,0.455874
226,5.19368,0.963297,0.871876
226,5.16316,1.01698,1.54482
226,5.39375,0.851015,1.8224
226,5.14367,1.04656,1.60911
226,5.16786,1.01432,1.27153
226,3.47216,2.2673,-0.543981
226,5.17537,1.01562,1.15868
226,5.15718,1.00586,0.584102
226,5.15276,1.01113,0.584045
226,5.15282,0.996053,0.216795
226,5.1448,1.05932,1.29064
226,5.18088,1.01754,0.962267
226,5.20869,1.02333,1.5188
226,4.61135,1.39927,-0.625013
226,5.20694,0.9806,0.461095
226,5.17238,1.01839,0.5809
226,5.15622,1.05857,1.2041
226,5.20826,1.02332,1.28249
226,5.17373,1.00484,0.211271
226,5.22241,1.02747,1.52485
226,4.63718,1.3955,-0.617335
226,5.1824,1.06324,1.55653
226,5.19725,1.02657,0.958696
226,5.16478,0.99699,-0.343265
226,5.19639,1.05431,1.54936
226,5.2248,0.964753,-0.0341217
226,5.17603,1.0092,0.0536285
226,5.19082,1.02357,0.581943
226,5.22089,1.0311,1.2703
226,5.1896,1.01201,0.0568277
226,4.65428,1.40363,-0.628535
226,5.17929,1.07614,1.29903
226,3.49199,2.31818,-0.567178
226,5.18494,1.07494,1.29571
226,5.19467,1.01267,-0.334146
226,4.72175,1.3698,-0.656695
226,5.21966,1.0222,0.226295
226,5.16209,1.05916,-0.405026
226,5.21706,1.02055,-0.448974
226,5.19136,1.08383,-0.139583
226,5.1468,1.17551,0.592776
226,5.12565,1.246,1.01358
226,5.16068,1.22203,0.761305
226,5.33668,1.02844,-0.574495
226,5.1922,1.20851,0.580203
226,5.14481,1.25781,0.86388
226,5.17005,1.2146,0.152588
226,5.22773,1.24002,1.70487
226,5.38088,1.1289,1.83221
226,5.18845,1.21159,0.213326
226,5.17647,1.26575,1.01539
226,5.16194,1.26887,0.787588
226,5.15486,1.3139,1.5549
226,5.1776,1.2758,1.00848
226,5.23946,1.19856,0.255034
226,5.1967,1.29332,1.5647
226,5.11818,1.29577,-0.222741
226,5.13134,1.31244,0.159252
226,5.1566,1.36962,1.67614
226,5.16032,1.28031,-0.367301
226,5.24492,1.22762,-0.19492
226,5.24927,1.23548,-0.188772
226,5.11852,1.34094,-0.360412
226,5.22541,1.26174,-0.553378
226,5.21849,1.38321,1.80177
226,5.1765,1.3509,-0.533243
226,5.12061,1.49302,1.62986
226,5.22242,1.42623,1.69475
226,5.0785,1.48589,0.42746
226,5.11438,1.49719,1.30733
226,5.107,1.49917,1.16508
226,5.09371,1.49295,0.427222
226,5.11007,1.54397,1.56423
226,5.10209,1.50659,0.42967
226,5.30267,1.32219,-0.312023
226,5.19121,1.52854,1.78572
226,5.13935,1.53208,0.899931
226,5.17525,1.46884,-0.0561941
226,5.13483,1.55261,0.813573
226,5.14652,1.50464,-0.250861
226,5.14476,1.53774,0.343317
226,5.15163,1.50658,-0.333784
226,5.11663,1.58044,0.606065
226,5.11478,1.58149,0.586948
226,5.1642,1.58628,1.29984
226,5.13934,1.55823,-0.152451
226,5.15523,1.62883,1.69506
226,5.13854,1.55815,-0.283475
226,5.09581,1.65312,0.912464
226,3.78909,2.66893,0.708534
226,3.80052,2.69932,1.4799
226,3.36048,2.95866,-0.529006
226,3.68333,2.78063,1.1723
226,3.80215,2.69255,1.15506
226,5.16693,1.5554,-0.514406
226,5.271,1.58531,1.80742
226,5.17305,1.57382,-0.347147
226,4.9603,1.84034,1.73442
226,3.75889,2.73984,0.675373
226,5.03795,1.74177,0.547457
226,3.82424,2.70444,0.703424
226,3.79811,2.77552,1.78666
226,5.13687,1.71442,1.46369
226,3.81722,2.74407,1.16329
226,3.7359,2.79465,0.607467
226,3.83388,2.73792,1.0553
226,5.09312,1.77286,1.49135
226,5.11652,1.74155,1.06499
226,3.81506,2.74363,0.6715
226,5.14528,1.75573,1.76112
226,3.65946,2.94476,2.26496
226,3.68981,2.92122,2.25618
226,5.07469,1.76623,0.569413
226,5.07789,1.77055,0.567777
226,5.16014,1.76059,1.77584
226,3.62698,2.89047,0.0616077
226,5.02582,1.87136,1.75501
226,5.11339,1.79412,1.50304
226,5.11189,1.72799,-0.0932769
226,5.16028,1.77281,1.78654
226,3.81288,2.77872,0.589506
226,5.04891,1.81192,0.430287
226,5.1679,1.69664,-0.147755
226,5.06283,1.8138,0.577897
226,5.09308,1.74438,-0.534285
226,5.24719,1.67254,0.569458
226,5.1395,1.81093,1.79633
226,5.12849,1.74241,-0.0884677
226,5.09778,1.7931,0.513206
226,5.12985,1.74305,-0.112068
226,5.1314,1.72334,-0.589709
226,5.01857,1.91413,1.75644
226,3.82201,2.80461,0.576531
226,5.10926,1.752,-0.564805
226,3.548,2.97616,-0.508581
226,3.83464,2.85267,1.80754
226,5.28496,1.71901,1.73565
226,3.69091,2.8975,0.109445
226,3.50988,3.01242,-0.551235
226,3.65519,2.93316,0.0597467
226,5.0992,1.83479,0.574186
226,3.71402,2.91114,0.252568
226,3.55823,3.01362,-0.545593
226,3.82995,2.90322,1.81952
226,5.05032,1.87923,0.18225
226,3.77023,2.90157,0.419165
226,4.99462,1.92771,-0.579862
226,3.70544,2.99706,0.0383432
226,4.08149,2.78679,1.74582
226,3.82125,2.89997,-0.389465
226,3.85971,2.86231,-0.582363
226,3.8645,2.86059,-0.566029
226,3.82165,2.95513,0.604944
226,5.01782,2.01722,0.313311
226,3.88067,2.88096,-0.563748
226,3.87039,2.88872,-0.584469
226,3.84484,2.9193,-0.636694
226,3.73947,3.02216,-0.528743
226,3.93558,2.89506,-0.607843
226,3.89594,2.93112,-0.601225
226,4.12921,2.86943,1.77436
226,3.83207,3.0183,-0.396543
226,4.10589,2.8385,-0.570706
226,5.0433,2.1584,-0.157038
226,4.9812,2.34428,1.79581
226,4.34986,2.87242,1.16631
226,5.00915,2.31101,0.0461836
226,5.18948,2.22416,0.868347
226,4.3832,2.86099,0.606986
226,4.36016,2.88715,0.647441
226,4.37878,2.89269,0.904485
226,4.37722,2.88978,0.706098
226,4.41893,2.96365,1.18191
226,4.41279,2.95292,0.69829
226,4.41667,2.95944,0.898565
226,4.4291,2.9445,0.625549
226,4.41573,2.96308,0.707552
226,4.42654,2.95165,0.616389
226,4.4197,2.96972,0.905276
226,4.43264,3.04987,1.0592
226,4.75644,2.83758,1.59474
226,4.45586,3.03574,0.631947
226,4.76752,2.84579,1.60155
226,4.78533,2.83152,1.51261
226,4.94424,2.71139,1.37664
226,4.7925,2.83868,1.24637
226,4.93943,2.73579,1.51755
226,4.79863,2.84748,1.38262
226,4.79701,2.86397,1.55875
226,4.95787,2.73803,1.415
226,4.79417,2.88447,1.60677
226,4.97591,2.73346,1.37303
226,4.99547,2.68772,0.548559
226,4.99566,2.75841,1.61554
226,4.98283,2.76159,1.38637
226,4.84945,2.88998,1.40342
226,4.87249,2.89246,1.41191
226,4.99202,2.803,1.40766
226,5.02047,2.79577,1.62972
226,5.00124,2.81579,1.63051
226,5.00778,2.81761,1.76908
226,4.94043,2.82003,0.55116
226,4.9773,2.82714,1.27165
226,4.92497,2.80696,-0.495782
226,4.87047,2.94405,1.48535
226,4.96848,2.85409,0.573002
226,4.97289,2.86751,-0.542351
226,5.00078,2.89991,0.579018
226,4.80926,3.10853,1.91706
226,5.02556,2.91302,0.548725
226,5.05284,2.86821,-0.358626
226,5.51871,2.63209,1.31237
226,5.16968,2.9341,1.83158
226,4.87679,3.18318,1.94227
226,4.9794,3.17574,2.29926
226,5.01799,3.19309,2.00072
226,5.05007,3.1928,2.31471
226,5.10265,3.11897,1.52654
226,5.03131,3.21101,2.33108
226,5.02861,3.22122,2.31791
226,5.04263,3.22628,2.19018
226,5.11661,3.13507,1.39177
226,5.4325,3.04311,0.617372
226,2.86449,1.39489,0.280988
225,2.86449,1.39489,0.280988
226,5.29843,1.52967,-0.463374
225,5.29843,1.52967,-0.463374
226,5.1019,1.53866,0.32799
225,5.1019,1.53866,0.32799
226,3.77257,2.65407,0.875827
225,3.77257,2.65407,0.875827
226,2.86165,1.76102,-0.158602
225,2.86165,1.76102,-0.158602
226,4.95808,1.59499,1.01717
225,4.95808,1.59499,1.01717
226,2.83448,2.09748,1.03492
225,2.83448,2.09748,1.03492
226,5.13371,0.957466,0.470016
225,5.13371,0.957466,0.470016
226,3.84773,2.99982,-0.439129
225,3.84773,2.99982,-0.439129
226,5.2227,1.28221,1.32067
213,5.2227,1.28221,1.32067
226,5.07988,1.51191,-0.150391
213,5.07988,1.51191,-0.150391
226,5.15296,1.03505,0.221336
213,5.15296,1.03505,0.221336
226,5.18637,3.40508,2.34178
213,5.18637,3.40508,2.34178
226,5.3077,1.02901,1.3067
213,5.3077,1.02901,1.3067
226,5.13643,1.63456,1.53665
213,5.13643,1.63456,1.53665
226,3.79389,3.09539,-0.0420203
213,3.79389,3.09539,-0.0420203
226,3.83268,2.88414,0.555629
213,3.83268,2.88414,0.555629
226,3.8075,2.83496,0.673915
213,3.8075,2.83496,0.673915
226,3.81521,2.80799,0.538941
213,3.81521,2.80799,0.538941
226,4.97368,2.08582,0.509033
212,4.97368,2.08582,0.509033
226,4.79176,1.8483,1.02184
212,4.79176,1.8483,1.02184
226,5.07958,1.48569,1.36564
212,5.07958,1.48569,1.36564
226,3.64305,2.87521,0.0747959
212,3.64305,2.87521,0.0747959
226,5.20853,1.23974,0.745499
212,5.20853,1.23974,0.745499
226,5.28196,0.531066,0.411687
212,5.28196,0.531066,0.411687
226,5.30682,0.497613,0.850314
212,5.30682,0.497613,0.850314
226,5.17483,0.59018,1.76814
212,5.17483,0.59018,1.76814
226,5.26872,0.393581,1.14033
212,5.26872,0.393581,1.14033
226,3.88182,3.17004,1.90202
212,3.88182,3.17004,1.90202
226,4.98791,1.21572,-0.0845425
212,4.98791,1.21572,-0.0845425
226,5.0489,1.88164,0.194432
212,5.0489,1.88164,0.194432
226,5.18826,1.23037,0.757203
212,5.18826,1.23037,0.757203
226,5.14896,0.966174,0.471385
212,5.14896,0.966174,0.471385
226,5.57169,3.08704,0.636444
211,5.57169,3.08704,0.636444
226,5.06665,1.65304,-0.0722111
211,5.06665,1.65304,-0.0722111
226,2.87932,1.78954,-0.152869
211,2.87932,1.78954,-0.152869
226,5.06044,1.59398,1.11026
221,5.06044,1.59398,1.11026
226,4.01253,2.9433,-0.599757
221,4.01253,2.9433,-0.599757
226,5.06223,2.18137,-0.515497
221,5.06223,2.18137,-0.515497
226,2.79915,1.80372,1.25489
221,2.79915,1.80372,1.25489
226,5.09813,1.3244,0.303468
221,5.09813,1.3244,0.303468
226,3.89289,3.14984,0.402947
221,3.89289,3.14984,0.402947
226,3.87452,3.18941,0.504252
221,3.87452,3.18941,0.504252
226,5.05477,2.0939,0.504362
217,5.05477,2.0939,0.504362
226,3.76688,3.12281,-0.217772
217,3.76688,3.12281,-0.217772
226,3.81073,3.31995,-0.16521
217,3.81073,3.31995,-0.16521
226,5.02928,1.5987,-0.123436
217,5.02928,1.5987,-0.123436
226,5.29301,1.23496,1.77703
217,5.29301,1.23496,1.77703
226,5.25649,1.23067,1.82846
217,5.25649,1.23067,1.82846
226,5.11533,1.54901,1.55735
218,5.11533,1.54901,1.55735
226,5.11514,1.21422,1.18797
218,5.11514,1.21422,1.18797
226,5.13028,1.22888,1.23218
218,5.13028,1.22888,1.23218
226,5.08372,1.55048,0.360027
218,5.08372,1.55048,0.360027
226,5.15099,1.07083,1.49369
218,5.15099,1.07083,1.49369
226,5.08061,1.41153,1.14168
218,5.08061,1.41153,1.14168
226,4.90299,3.20795,2.26906
218,4.90299,3.20795,2.26906
226,5.02803,3.23057,2.32053
218,5.02803,3.23057,2.32053
226,5.16833,1.29139,1.80099
218,5.16833,1.29139,1.80099
226,5.15107,1.35719,0.281417
214,5.15107,1.35719,0.281417
226,3.80574,2.91309,0.398069
214,3.80574,2.91309,0.398069
226,4.23799,1.90977,-0.688866
214,4.23799,1.90977,-0.688866
226,5.19862,0.501373,0.0995339
214,5.19862,0.501373,0.0995339
226,5.13273,2.06465,-0.0160099
214,5.13273,2.06465,-0.0160099
226,4.86167,2.14576,0.827152
166,4.86167,2.14576,0.827152
226,5.14438,1.23946,1.47219
166,5.14438,1.23946,1.47219
226,5.11109,1.71035,1.30097
166,5.11109,1.71035,1.30097
226,5.07884,2.05075,-0.617131
166,5.07884,2.05075,-0.617131
226,5.16619,1.6637,0.29328
31,5.16619,1.6637,0.29328
226,5.42102,1.96579,0.101177
224,5.42102,1.96579,0.101177
226,5.24525,0.506787,0.0111035
224,5.24525,0.506787,0.0111035
227,3.28191,0.415425,0.0655062
227,3.85026,1.12337,0.569216
227,2.90911,1.92387,0.232917
227,2.91591,1.95351,0.219663
227,3.00985,1.98786,0.154673
227,5.17538,0.23242,0.0867905
227,5.19276,0.236828,0.185285
227,3.06416,1.98862,-0.163314
227,3.07527,2.00685,-0.199881
227,5.25799,0.299458,0.407698
227,5.28808,0.314801,0.365849
227,5.32068,0.308298,0.791447
227,5.25988,0.338006,-0.217849
227,5.27728,0.366588,-0.447304
227,5.22756,0.448636,1.08175
227,5.26453,0.39701,-0.243991
227,5.30324,0.375137,0.111808
227,5.30146,0.418659,0.866163
227,5.18297,0.506405,0.490412
227,5.27988,0.418993,0.0381911
227,5.16142,0.540622,0.858654
227,5.31284,0.421841,0.846901
227,5.16822,0.544723,0.865216
227,5.27021,0.469598,0.828258
227,5.19265,0.553333,1.10859
227,5.23158,0.511395,0.441805
227,5.223,0.518994,0.239935
227,5.21648,0.550535,1.11058
227,5.27201,0.518891,1.49876
227,5.2751,0.519902,1.51355
227,5.24495,0.515336,0.233141
227,5.29688,0.467094,-0.0323702
227,5.24946,0.511636,0.0183036
227,5.26762,0.531904,0.865643
227,5.27237,0.550522,1.76659
227,5.20757,0.558,-0.0945528
227,5.21913,0.554202,-0.155967
227,5.31208,0.510889,0.357654
227,5.23962,0.605552,1.77624
227,5.28823,0.540682,0.228234
227,5.29,0.541326,0.27101
227,5.22995,0.572851,-0.439822
227,5.30707,0.527456,0.00856292
227,5.31929,0.531252,-0.0482274
227,5.27155,0.579358,-0.103725
227,5.28974,0.620428,1.79362
227,5.20507,0.691967,0.612347
227,5.2107,0.694237,0.867555
227,5.23669,0.687906,1.08847
227,5.25875,0.763224,0.665614
227,5.19971,0.834026,1.06743
227,5.23175,0.786715,0.1283
227,5.20338,0.835665,0.967805
227,5.18772,0.846873,0.465501
227,5.21736,0.868085,1.51329
227,5.3263,0.80607,1.7811
227,5.19866,0.883077,0.559436
227,5.20108,0.871292,-0.307956
227,4.11014,1.753,-0.616918
227,5.20212,0.889625,0.071418
227,5.23325,0.861221,-0.170183
227,5.21002,0.888792,-0.132571
227,5.35421,0.836127,1.80261
227,5.122,1.00303,0.66815
227,5.13292,1.00807,1.22315
227,5.36446,0.840345,1.80307
227,5.13452,1.00885,0.895943
227,5.14476,1.01002,1.22478
227,5.14561,1.01105,0.912863
227,5.14832,1.01233,0.952208
227,5.1862,1.00528,1.64943
227,5.17867,1.01584,1.26709
227,5.17016,1.00197,0.217719
227,5.19652,1.01627,1.63887
227,4.72309,1.34685,-0.672432
227,5.19385,1.02003,1.50364
227,5.17368,1.00465,0.0503723
227,5.1856,1.01754,0.953577
227,5.17475,1.00511,0.090051
227,5.19896,1.02357,1.27078
227,5.18692,1.03175,1.18841
227,5.18721,1.02716,0.97576
227,5.18677,1.00381,-0.409023
227,4.69962,1.40601,-0.661407
227,4.74154,1.38049,-0.648649
227,5.42818,0.830989,-0.599598
227,5.2131,1.0281,0.0860706
227,4.7556,1.38162,-0.68872
227,5.21475,1.12719,1.67666
227,5.1078,1.24019,1.0107
227,5.19775,1.1666,0.671806
227,5.28585,1.13176,2.15391
227,5.16512,1.19276,0.582461
227,5.18477,1.20188,1.17081
227,5.14657,1.24236,1.24727
227,5.16442,1.21478,0.50578
227,5.19797,1.2087,1.34749
227,5.21673,1.17691,0.671827
227,5.13535,1.22401,-0.502283
227,5.17558,1.27459,1.01818
227,5.53832,1.05362,1.91199
227,5.21237,1.36348,1.80468
227,5.10728,1.41487,-0.0702755
227,5.19153,1.34842,-0.136803
227,5.18271,1.40867,1.42249
227,5.11124,1.43152,-0.0483912
227,5.10673,1.43325,-0.504204
227,5.10811,1.43584,-0.512548
227,5.13943,1.45688,1.0111
227,5.13696,1.43547,-0.370246
227,5.16619,1.47053,1.76737
227,5.12915,1.4986,1.35135
227,5.16277,1.48237,1.76307
227,5.09269,1.51212,0.362293
227,5.0848,1.51043,-0.060097
227,5.09911,1.50235,0.072219
227,5.15821,1.45453,-0.076524
227,5.11958,1.5064,0.299093
227,5.12925,1.53124,1.39143
227,5.09711,1.51273,-0.500763
227,5.11574,1.5451,1.09812
227,5.16096,1.5191,1.50638
227,5.12737,1.52156,0.347162
227,5.11534,1.56557,1.50147
227,5.11737,1.54782,0.821752
227,5.10598,1.57428,1.11902
227,5.14634,1.5254,0.434528
227,5.14296,1.50569,-0.528204
227,5.17281,1.52801,1.32889
227,3.7859,2.6432,0.71064
227,5.29844,1.44486,1.84212
227,5.15103,1.53068,0.426884
227,5.13916,1.55811,1.13336
227,5.18741,1.53609,1.64467
227,3.6211,2.77882,0.146921
227,5.15528,1.5342,0.307791
227,3.73948,2.70574,0.681776
227,5.14929,1.5663,0.828501
227,5.161,1.571,1.14017
227,5.12459,1.57614,-0.0628183
227,5.22148,1.54758,1.77368
227,3.80645,2.68722,1.01794
227,5.11588,1.58686,-0.401214
227,3.59857,2.83762,0.092833
227,4.99153,1.71656,0.61979
227,3.80515,2.68914,0.877299
227,4.99119,1.72532,0.657445
227,3.83221,2.67467,0.877321
227,5.16739,1.59977,1.31795
227,3.64219,2.82738,0.12775
227,5.11371,1.64602,0.225718
227,5.01035,1.74063,0.61944
227,3.66216,2.82741,0.125574
227,5.10303,1.67718,0.853339
227,5.10583,1.67558,0.851809
227,5.07755,1.70723,1.02468
227,3.74834,2.77868,0.568193
227,5.0283,1.73923,0.669376
227,5.04894,1.72414,0.56176
227,3.81705,2.74296,1.17749
227,3.68179,2.88222,2.24726
227,5.14404,1.64084,-0.22038
227,5.09063,1.72957,1.06624
227,4.87364,1.8665,-0.541698
227,5.1173,1.72386,1.32793
227,3.64886,2.89068,0.0682796
227,5.09005,1.71494,-0.099674
227,3.47929,3.01635,-0.542596
227,3.76086,2.8184,0.594712
227,5.03662,1.78032,0.61432
227,5.06081,1.79052,1.74957
227,5.12881,1.74075,1.75002
227,5.09174,1.72527,-0.103445
227,5.06481,1.76851,0.558366
227,5.17392,1.66787,-0.213375
227,5.09385,1.78773,1.75502
227,3.77441,2.8129,-0.362325
227,5.16124,1.73715,1.76239
227,5.14052,1.71935,0.149363
227,5.19913,1.71312,1.5448
227,5.15371,1.77223,1.79201
227,3.79215,2.8282,-0.350363
227,5.11344,1.76163,-0.515083
227,5.0548,1.82695,0.0120392
227,5.12186,1.76502,-0.55788
227,3.54191,3.05503,-0.518775
227,3.78501,2.93248,1.75042
227,5.03478,1.8768,0.199041
227,5.07435,1.84058,0.0157497
227,3.8503,2.82659,-0.503595
227,5.14155,1.80558,0.519804
227,3.75799,2.96207,0.234425
227,3.78469,2.95398,0.515846
227,3.82496,2.90386,-0.603948
227,3.83804,2.9006,-0.349784
227,3.73022,2.99124,-0.50455
227,5.22788,1.77218,-0.622896
227,3.88531,2.88135,-0.578387
227,3.82952,2.9588,0.59151
227,3.84904,2.92155,-0.61908
227,3.74376,3.01413,-0.513052
227,5.05873,1.98721,-0.0213231
227,4.97279,2.05087,-0.49
227,3.85951,2.96083,-0.623852
227,3.8775,2.96873,-0.639299
227,3.82056,3.07055,0.689252
227,4.97108,2.1153,-0.496486
227,5.03881,2.09416,0.0281239
227,5.01804,2.129,-0.13428
227,5.02475,2.12776,-0.166677
227,4.22833,2.85349,0.76556
227,4.211,2.87827,0.948155
227,5.03278,2.19968,0.159908
227,4.21812,2.90314,0.94995
227,5.10541,2.15999,0.0429619
227,5.09045,2.1655,-0.654029
227,5.00722,2.289,0.0265746
227,4.26967,2.91142,0.763866
227,4.35076,2.86086,0.90067
227,4.38973,2.86388,0.633464
227,5.14315,2.21805,-0.677601
227,4.39682,2.87518,0.610726
227,4.39142,2.8854,0.631676
227,4.4038,2.91114,1.16688
227,4.39879,2.94938,0.907693
227,4.42398,2.9446,0.623888
227,4.43616,2.95792,0.652063
227,4.73818,2.81354,1.30345
227,4.74524,2.81724,1.60362
227,4.7641,2.79893,1.25152
227,4.78772,2.79128,1.32004
227,4.79326,2.79212,1.3244
227,4.82981,2.77139,1.6816
227,4.57576,2.99351,1.89448
227,4.77998,2.81593,1.4353
227,4.76616,2.83623,1.36906
227,4.74517,2.85568,1.21776
227,4.74866,2.85417,1.23401
227,4.76626,2.84362,1.24899
227,4.76565,2.86935,1.6158
227,4.7779,2.85722,1.49443
227,4.48262,3.09582,1.21039
227,4.9464,2.73083,1.50881
227,4.79899,2.84845,1.38759
227,4.8032,2.85283,1.44331
227,4.79719,2.85334,1.26171
227,4.77989,2.88439,1.63099
227,4.98157,2.73197,1.61983
227,4.80159,2.87062,1.24787
227,4.84283,2.85379,1.72244
227,4.9447,2.76806,1.26248
227,4.99629,2.73823,1.61144
227,4.97643,2.75466,1.25735
227,4.91848,2.79104,0.562942
227,4.95844,2.7822,1.39426
227,4.83234,2.8961,1.61331
227,4.82495,2.89816,1.38635
227,4.90292,2.78946,-0.492457
227,4.94303,2.80919,1.25786
227,4.85654,2.87939,1.24791
227,4.93371,2.80226,0.548516
227,4.83952,2.90942,1.38343
227,4.84224,2.91111,1.484
227,5.33841,2.53609,2.59162
227,4.81292,2.93214,1.25043
227,4.93578,2.8156,-0.503817
227,5.04519,2.78058,1.621
227,5.01561,2.81381,1.7557
227,4.96388,2.82711,0.550612
227,4.96189,2.81575,-0.469293
227,4.99797,2.78872,-0.450348
227,4.87335,2.94603,1.76219
227,5.02967,2.82405,1.76768
227,5.05213,2.79715,0.521928
227,5.05578,2.81931,1.23472
227,4.96274,2.85419,-0.562031
227,4.80201,3.04675,1.88812
227,4.98907,2.86748,0.565824
227,5.01209,2.86783,0.542646
227,4.98051,2.87496,-0.535244
227,5.0407,2.89025,1.26339
227,5.16582,2.9211,1.80137
227,5.1667,2.88839,0.503152
227,4.77947,3.28266,1.97883
227,4.97927,3.13539,1.99283
227,5.04303,3.19929,2.27592
227,5.02521,3.20765,1.96152
227,4.95933,3.27762,2.51352
227,4.99108,3.31415,2.52931
227,5.07259,3.42095,2.58258
227,5.11022,3.40859,2.97511
227,5.09664,3.52697,2.53681
227,6.76497,3.41818,0.430746
227,5.18006,1.80608,-0.603887
225,5.18006,1.80608,-0.603887
227,5.2404,1.03225,1.29619
225,5.2404,1.03225,1.29619
227,3.81258,2.7456,0.642101
225,3.81258,2.7456,0.642101
227,5.16393,3.00057,1.45562
225,5.16393,3.00057,1.45562
227,5.32371,0.520709,1.26733
225,5.32371,0.520709,1.26733
227,3.8458,2.99863,-0.438918
225,3.8458,2.99863,-0.438918
227,5.15833,1.0425,0.238884
213,5.15833,1.0425,0.238884
227,5.11955,0.931927,0.500367
213,5.11955,0.931927,0.500367
227,5.15551,1.20356,0.73798
213,5.15551,1.20356,0.73798
227,5.19655,1.32715,1.50545
213,5.19655,1.32715,1.50545
227,5.21358,0.908081,0.663912
213,5.21358,0.908081,0.663912
227,5.1961,0.97285,1.29553
213,5.1961,0.97285,1.29553
227,5.23972,0.406193,1.23891
213,5.23972,0.406193,1.23891
227,5.15353,1.67176,-0.0170343
213,5.15353,1.67176,-0.0170343
227,5.29402,1.08329,1.77291
213,5.29402,1.08329,1.77291
227,3.82836,2.87394,0.662196
213,3.82836,2.87394,0.662196
227,3.81017,2.82505,0.539731
213,3.81017,2.82505,0.539731
227,3.79143,2.77279,0.546555
213,3.79143,2.77279,0.546555
227,5.14717,1.07427,0.60153
212,5.14717,1.07427,0.60153
227,4.97642,3.89957,-0.647877
212,4.97642,3.89957,-0.647877
227,4.39137,2.681,-0.603723
212,4.39137,2.681,-0.603723
227,6.19307,3.33687,0.920235
212,6.19307,3.33687,0.920235
227,5.6642,2.85403,1.06374
212,5.6642,2.85403,1.06374
227,4.98437,1.90105,-0.49203
212,4.98437,1.90105,-0.49203
227,5.09172,1.4953,-0.130001
212,5.09172,1.4953,-0.130001
227,5.20472,1.23022,1.27636
212,5.20472,1.23022,1.27636
227,5.23278,1.25555,1.35226
212,5.23278,1.25555,1.35226
227,4.9759,1.89294,-0.486245
212,4.9759,1.89294,-0.486245
227,5.65332,2.84113,1.06277
212,5.65332,2.84113,1.06277
227,3.75315,2.88819,2.21488
212,3.75315,2.88819,2.21488
227,3.60256,3.01997,2.36253
212,3.60256,3.01997,2.36253
227,3.72395,2.93729,0.00547421
212,3.72395,2.93729,0.00547421
227,5.23803,0.978161,0.721922
212,5.23803,0.978161,0.721922
227,3.48698,3.26261,-0.10847
212,3.48698,3.26261,-0.10847
227,5.31565,0.485708,1.18962
212,5.31565,0.485708,1.18962
227,4.97957,1.57089,1.11933
212,4.97957,1.57089,1.11933
227,5.16725,1.02193,1.74023
212,5.16725,1.02193,1.74023
227,5.19338,1.14935,1.4402
211,5.19338,1.14935,1.4402
227,5.14773,1.17789,1.15806
211,5.14773,1.17789,1.15806
227,5.13387,2.36939,0.643696
211,5.13387,2.36939,0.643696
227,5.14794,1.31715,1.54
211,5.14794,1.31715,1.54
227,2.97109,1.98384,-0.173558
211,2.97109,1.98384,-0.173558
227,5.20988,0.802242,1.62029
211,5.20988,0.802242,1.62029
227,2.87639,1.77846,-0.152484
211,2.87639,1.77846,-0.152484
227,4.97824,1.59013,1.13705
221,4.97824,1.59013,1.13705
227,5.11714,0.935338,0.432506
221,5.11714,0.935338,0.432506
227,4.93266,2.90582,1.12326
221,4.93266,2.90582,1.12326
227,3.72726,2.94066,0.023886
221,3.72726,2.94066,0.023886
227,5.07814,2.09137,0.512705
221,5.07814,2.09137,0.512705
227,5.11706,1.66174,-0.280112
221,5.11706,1.66174,-0.280112
227,5.24593,0.431151,-0.275548
221,5.24593,0.431151,-0.275548
227,5.07565,3.02469,1.13028
221,5.07565,3.02469,1.13028
227,4.98946,2.94502,1.21498
221,4.98946,2.94502,1.21498
227,5.20402,0.925744,0.433121
221,5.20402,0.925744,0.433121
227,3.27657,3.06017,-0.070144
221,3.27657,3.06017,-0.070144
227,5.13963,1.45957,-0.491367
221,5.13963,1.45957,-0.491367
227,4.96239,0.601214,0.631439
221,4.96239,0.601214,0.631439
227,5.21226,0.382108,1.07121
221,5.21226,0.382108,1.07121
227,4.67182,1.33065,1.32464
218,4.67182,1.33065,1.32464
227,5.14411,1.65635,1.48589
218,5.14411,1.65635,1.48589
227,5.18989,1.33463,1.21021
218,5.18989,1.33463,1.21021
227,5.10757,1.56121,0.974234
218,5.10757,1.56121,0.974234
227,5.09359,1.15733,0.89477
218,5.09359,1.15733,0.89477
227,5.05058,1.58029,0.98045
218,5.05058,1.58029,0.98045
227,4.85263,2.92071,1.5356
218,4.85263,2.92071,1.5356
227,5.04882,1.4557,1.1079
218,5.04882,1.4557,1.1079
227,5.35556,2.51691,2.62736
218,5.35556,2.51691,2.62736
227,4.89443,3.26305,2.21965
218,4.89443,3.26305,2.21965
227,5.12772,1.43687,1.18215
217,5.12772,1.43687,1.18215
227,5.02322,1.1853,0.873436
217,5.02322,1.1853,0.873436
227,3.83157,2.86757,1.79911
217,3.83157,2.86757,1.79911
227,5.24662,0.917987,1.78347
217,5.24662,0.917987,1.78347
227,5.29575,1.24119,1.76818
217,5.29575,1.24119,1.76818
227,4.36405,2.76441,0.715635
214,4.36405,2.76441,0.715635
227,3.58653,1.2108,0.886369
214,3.58653,1.2108,0.886369
227,4.04833,1.58902,-0.590045
214,4.04833,1.58902,-0.590045
227,5.17684,0.820521,0.0360264
214,5.17684,0.820521,0.0360264
227,5.14361,1.7476,0.239061
214,5.14361,1.7476,0.239061
227,5.0785,1.69313,0.261111
214,5.0785,1.69313,0.261111
227,5.09391,1.51621,0.487577
214,5.09391,1.51621,0.487577
227,5.25615,0.454883,-0.126882
166,5.25615,0.454883,-0.126882
227,3.9816,3.64233,-0.684796
224,3.9816,3.64233,-0.684796
228,2.80377,0.443006,-0.606399
228,2.80857,0.438818,-0.608533
228,3.11882,0.208801,-0.622463
228,3.12185,0.21251,-0.622277
228,3.11916,0.263801,-0.605683
228,3.12338,0.263498,-0.614066
228,2.41011,0.765328,-0.643452
228,3.12343,0.268555,-0.619123
228,2.55857,0.660634,-0.665275
228,2.27565,0.900233,-0.641198
228,3.25525,0.225104,-0.609282
228,3.0731,0.360982,-0.631285
228,3.2666,0.234989,-0.614794
228,3.08817,0.370332,-0.636342
228,3.09875,0.371786,-0.628502
228,3.54035,0.0383397,-0.660703
228,3.64567,-0.0200257,-0.628738
228,3.05092,0.427316,-0.62773
228,3.31949,0.248079,-0.607633
228,3.05592,0.43453,-0.620517
228,3.05684,0.432481,-0.636975
228,3.12776,0.401558,-0.61692
228,3.07489,0.453294,-0.607408
228,3.18611,0.406992,-0.616129
228,3.64744,0.0763107,-0.645846
228,3.22958,0.396823,-0.611774
228,2.52949,0.902629,-0.628003
228,2.53016,0.902633,-0.628703
228,3.23594,0.40256,-0.616568
228,2.52227,0.907622,-0.641814
228,3.12652,0.489695,-0.624638
228,3.12788,0.494868,-0.616431
228,3.08052,0.947605,0.211412
228,3.25312,0.41225,-0.626716
228,2.97285,0.609569,-0.64002
228,3.13296,0.523237,-0.619729
228,3.8179,0.0402579,-0.606394
228,3.13592,0.526445,-0.62559
228,3.02802,0.607202,-0.632321
228,3.49043,0.286994,-0.614089
228,3.25992,0.448419,-0.629677
228,3.03281,0.610355,-0.635472
228,3.03262,0.614181,-0.636318
228,3.1155,0.56498,-0.63249
228,3.21316,0.511883,-0.602554
228,3.8513,0.0498233,-0.610447
228,3.43122,0.353597,-0.614738
228,2.37938,1.13789,-0.579192
228,3.82208,0.0782496,-0.615931
228,3.26651,0.494541,-0.588989
228,3.28286,0.465569,-0.624713
228,3.43808,0.357719,-0.618904
228,3.8207,0.0908579,-0.600198
228,3.23003,0.524859,-0.589266
228,3.12296,0.589231,-0.616237
228,3.82105,0.0904869,-0.606645
228,3.27274,0.494444,-0.599409
228,3.2218,0.520885,-0.628205
228,3.1211,0.598383,-0.621085
228,2.36777,1.1582,-0.597531
228,3.13248,0.60371,-0.618548
228,3.12992,0.60674,-0.627123
228,3.23924,0.533571,-0.619034
228,3.1303,0.630823,-0.610394
228,3.13704,0.634988,-0.623748
228,2.99554,0.736278,-0.648468
228,2.37899,1.19689,-0.620684
228,3.10482,0.666328,-0.633306
228,3.48868,0.393759,-0.624471
228,2.06023,1.37103,-0.737625
228,2.60204,1.0367,-0.635275
228,2.38254,1.20299,-0.623687
228,3.76006,0.205659,-0.632353
228,2.97661,0.76814,-0.64026
228,3.00874,0.752988,-0.628478
228,3.00962,0.754114,-0.627362
228,2.36862,1.2342,-0.602163
228,3.11671,0.698278,-0.611233
228,2.98186,0.785347,-0.647192
228,3.72889,0.250334,-0.641042
228,3.81996,0.205669,-0.608384
228,3.10072,0.726459,-0.617482
228,3.05706,0.753868,-0.629381
228,3.61652,0.360604,-0.611057
228,3.4019,0.529049,-0.592763
228,3.06729,0.752194,-0.63346
228,3.01689,0.779127,-0.653136
228,3.13721,0.71167,-0.630737
228,3.22835,0.682732,-0.585584
228,3.78345,0.26111,-0.628992
228,3.41428,0.539769,-0.607085
228,3.62081,0.390343,-0.613308
228,3.17211,0.725122,-0.6003
228,3.79127,0.270247,-0.626826
228,2.9178,0.901773,-0.631542
228,3.18855,0.722929,-0.606855
228,3.85999,0.227627,-0.633029
228,3.7964,0.280483,-0.623251
228,3.23661,0.700632,-0.596249
228,3.02548,0.839184,-0.648121
228,2.27182,1.35016,-0.722181
228,3.01189,0.869538,-0.638303
228,2.36484,1.35626,-0.60509
228,2.98531,0.899784,-0.622599
228,2.9814,0.903389,-0.627014
228,2.27103,1.37115,-0.730421
228,3.01659,0.876588,-0.648645
228,2.9839,0.908519,-0.639639
228,3.01504,0.879184,-0.655279
228,3.77644,0.350412,-0.617482
228,3.01852,0.886452,-0.653562
228,3.83247,0.303242,-0.649686
228,3.05347,0.888261,-0.624964
228,2.36235,1.40216,-0.600863
228,3.78379,0.361189,-0.632877
228,2.7198,1.13201,-0.630609
228,2.72179,1.13501,-0.626221
228,2.90796,0.992732,-0.642212
228,2.8502,1.04243,-0.633254
228,2.98883,0.951742,-0.616181
228,2.99262,0.949332,-0.61941
228,2.85599,1.04197,-0.631584
228,2.35505,1.41174,-0.618742
228,2.72169,1.14234,-0.637531
228,2.93217,0.997843,-0.626011
228,2.96039,0.989837,-0.610163
228,2.99852,0.959916,-0.625326
228,2.89801,1.03946,-0.623409
228,2.89617,1.04291,-0.622455
228,3.93939,0.290565,-0.62221
228,2.9601,0.99941,-0.621182
228,2.96104,0.997468,-0.625988
228,3.85864,0.375657,-0.617248
228,2.3386,1.47318,-0.618013
228,3.62271,0.544087,-0.642263
228,2.82933,1.12665,-0.631534
228,2.82973,1.1294,-0.630866
228,2.34126,1.50137,-0.635038
228,2.34188,1.50393,-0.635325
228,2.3356,1.52723,-0.602008
228,2.29594,1.53075,-0.655313
228,3.89529,0.39126,-0.64176
228,3.6949,0.55141,-0.62257
228,2.84542,1.17279,-0.63309
228,2.84662,1.18331,-0.640633
228,2.90351,1.16655,-0.641246
228,2.90894,1.17398,-0.641793
228,3.95697,0.434631,-0.613805
228,2.30166,1.59194,-0.700798
228,2.30651,1.60316,-0.690041
228,3.9709,0.43968,-0.613375
228,2.92951,1.18116,-0.645926
228,3.97487,0.443098,-0.62187
228,2.93364,1.18407,-0.649328
228,4.03174,0.415994,-0.603864
228,2.93923,1.18382,-0.651685
228,2.31281,1.66112,-0.620008
228,2.85262,1.28927,-0.596859
228,2.85094,1.28692,-0.611287
228,2.31336,1.66827,-0.625569
228,2.95841,1.21049,-0.645099
228,2.8654,1.31447,-0.615081
228,4.11984,0.432548,-0.580947
228,4.11463,0.434887,-0.591076
228,4.06845,0.488459,-0.5871
228,2.36231,1.73643,-0.571292
228,2.36846,1.73484,-0.570643
228,2.38175,1.7196,-0.587385
228,2.87213,1.37261,-0.577826
228,2.33142,1.76182,-0.583198
228,3.79218,0.697968,-0.615756
228,4.2014,0.418995,-0.596149
228,4.00423,0.54694,-0.628202
228,3.90686,0.636376,-0.614826
228,4.0378,0.563831,-0.610436
228,3.94284,0.658395,-0.618721
228,2.8613,1.86643,0.191774
228,2.89408,1.87636,0.245551
228,4.06755,0.609949,-0.602869
228,3.88265,0.73563,-0.621065
228,4.07491,0.60831,-0.608266
228,4.19224,0.537267,-0.591925
228,4.07961,0.612528,-0.627494
228,3.90052,0.752443,-0.630343
228,2.98697,1.48671,-0.606712
228,2.99616,1.48797,-0.606896
228,2.65662,1.77661,-0.536913
228,3.53628,1.09258,-0.63454
228,2.99837,1.50263,-0.610675
228,3.35503,1.24605,-0.621347
228,2.65564,1.79466,-0.553889
228,4.26139,0.611043,-0.61033
228,2.93997,1.99212,0.221387
228,4.28912,0.60534,-0.623781
228,4.27099,0.622722,-0.618796
228,3.57473,1.1211,-0.632536
228,3.58502,1.11157,-0.64026
228,2.95304,2.00023,0.201131
228,4.25118,0.678997,-0.618514
228,4.25217,0.682728,-0.610996
228,3.18788,1.44906,-0.617274
228,5.20563,0.151072,-0.307386
228,4.19915,0.754158,-0.575574
228,5.17397,0.736574,0.783338
228,2.81571,1.81096,-0.491405
228,4.22029,0.74876,-0.593018
228,3.62652,1.18047,-0.587713
228,5.14116,0.586348,0.391774
228,2.92566,1.91533,-0.200459
228,5.24128,0.508686,0.242823
228,3.24777,1.50773,-0.637261
228,5.20853,0.606611,0.384082
228,2.93867,1.96332,-0.185247
228,4.1432,0.900601,-0.578214
228,5.22286,0.226842,-0.385789
228,2.94878,1.97451,-0.198597
228,4.06288,0.972112,-0.605454
228,4.15795,0.911648,-0.610207
228,2.95309,1.99882,-0.199607
228,5.20715,0.499916,0.00866228
228,5.24779,0.274998,-0.381759
228,5.13291,0.525223,-0.0590519
228,5.27149,0.274487,-0.394409
228,5.30824,0.376113,-0.152474
228,4.33302,0.876099,-0.565861
228,5.28734,0.220972,-0.511784
228,5.18878,0.838159,0.568391
228,3.45664,1.5322,-0.543108
228,5.3283,0.20148,-0.520205
228,5.17288,0.546813,-0.0835367
228,5.28138,0.406231,-0.245317
228,3.88743,1.23566,-0.612934
228,5.17495,0.432379,-0.364013
228,3.26085,1.70836,-0.591454
228,3.26488,1.71065,-0.585384
228,5.31101,0.403463,-0.246621
228,3.42969,1.56962,-0.632722
228,5.12238,1.15319,0.940891
228,3.43321,1.58536,-0.643153
228,4.19053,1.06845,-0.591281
228,3.35345,1.67907,-0.589122
228,5.16687,1.01299,0.686247
228,5.19765,1.00587,0.69825
228,3.35337,1.6883,-0.606217
228,3.47992,1.61546,-0.582337
228,5.23434,0.456167,-0.384584
228,5.20436,0.938748,0.517184
228,2.95173,2.01815,-0.574247
228,2.96264,2.01144,-0.575275
228,3.31329,1.76793,-0.568538
228,3.59568,1.54578,-0.608971
228,5.23728,0.790812,0.211895
228,5.1824,0.904659,0.320055
228,3.39061,1.73286,-0.612698
228,3.37739,1.77792,-0.560739
228,3.69845,1.54422,-0.595669
228,5.20942,0.852141,0.19776
228,5.25198,0.48004,-0.499703
228,5.1852,1.21861,0.860628
228,3.70785,1.549,-0.614148
228,3.41869,1.75682,-0.61976
228,3.83324,1.48896,-0.571813
228,3.82797,1.49153,-0.580345
228,3.79235,1.51062,-0.616245
228,5.17534,1.05893,0.44263
228,3.77434,1.54618,-0.619322
228,3.84029,1.51455,-0.598503
228,3.74483,1.59098,-0.587045
228,5.26974,0.800924,0.0135607
228,3.88376,1.51532,-0.603201
228,3.87942,1.52293,-0.604552
228,3.81508,1.57848,-0.597775
228,5.23725,0.99206,0.250651
228,5.18167,1.00811,0.196148
228,5.21115,1.01886,0.252832
228,5.21017,1.22767,0.596834
228,5.11787,1.34692,0.685922
228,5.13524,1.25904,0.524673
228,5.13955,1.29144,0.581127
228,4.09109,1.47519,-0.592694
228,5.14041,1.35974,0.685512
228,5.15429,1.29803,0.574047
228,5.26539,0.786048,-0.294542
228,3.14492,2.09866,-0.749918
228,5.10211,1.51015,0.888133
228,5.17484,1.06856,0.0862384
228,3.16385,2.11784,-0.744897
228,5.11611,1.52837,0.856722
228,5.24243,0.892974,-0.527045
228,4.5787,1.3445,-0.600366
228,5.07067,1.49299,0.362968
228,5.07581,1.49232,0.362566
228,5.08813,1.50489,0.396538
228,5.25203,1.02956,-0.35039
228,5.1451,1.59752,0.588564
228,5.23425,1.02771,-0.429491
228,3.8572,2.78188,1.02626
228,3.85368,2.78361,1.02308
228,5.15577,1.55445,0.361203
228,3.84584,2.76239,0.872417
228,5.04746,1.73678,0.535583
228,5.16147,1.50264,0.226443
228,5.20297,1.26636,-0.276703
228,3.86667,2.81,0.873674
228,3.79566,2.74853,0.640361
228,5.13147,1.78497,0.571238
228,5.1024,1.84043,0.620879
228,3.84716,2.7581,0.60595
228,5.28878,1.70812,0.586109
228,3.54797,2.76669,0.105039
228,5.08096,1.84341,0.468938
228,5.12919,1.53945,-0.0746868
228,5.10758,1.52649,-0.144086
228,3.78088,2.85541,0.586854
228,3.7747,2.87033,0.599985
228,3.58456,2.82662,0.0925804
228,5.18371,1.45962,-0.426931
228,5.14227,1.54698,-0.339359
228,3.81573,2.77871,0.15484
228,4.36958,2.87584,1.02736
228,3.82008,2.81531,0.105118
228,3.82475,2.80698,0.0856009
228,5.17314,1.56977,-0.51316
228,3.83825,2.84564,0.103263
228,4.34629,2.85407,0.849382
228,3.71371,2.91661,-0.0105353
228,4.31611,2.84123,0.658475
228,5.01164,2.05721,0.0970597
228,4.3427,2.82271,0.635033
228,3.87446,2.90685,0.118961
228,5.17647,1.7147,-0.395454
228,3.8771,2.92954,0.12039
228,3.53722,2.95621,-0.460763
228,3.80997,2.85603,-0.331548
228,5.21556,1.75031,-0.584412
228,4.36595,3.16929,0.99391
228,3.80599,2.89751,-0.367583
228,5.17391,1.7993,-0.620615
228,3.84545,2.83129,-0.482554
228,3.86537,2.81439,-0.519059
228,5.05528,2.16678,-0.115336
228,3.78895,2.85927,-0.563283
228,3.83861,2.92716,-0.365049
228,3.83422,2.93475,-0.381118
228,4.04593,2.73393,-0.559123
228,3.87887,2.87405,-0.545894
228,3.83214,2.91934,-0.602975
228,4.9795,2.29297,-0.644219
228,5.12934,2.20286,-0.664242
228,5.04206,2.90873,0.57142
228,5.03168,2.90407,0.541753
228,5.07127,2.96663,0.613247
228,5.07158,2.95327,0.549722
228,5.07994,3.05188,0.667901
228,5.11033,3.03652,0.560204
228,5.29162,3.0295,0.517165
228,4.99149,2.86919,-0.508833
228,5.01242,2.94385,-0.530093
228,5.03225,2.94584,-0.539465
228,3.8983,1.46025,-0.582612
214,3.8983,1.46025,-0.582612
228,3.02404,1.33954,-0.583524
214,3.02404,1.33954,-0.583524
228,3.77981,2.79706,-0.567784
214,3.77981,2.79706,-0.567784
228,5.02729,1.576,-0.000619722
214,5.02729,1.576,-0.000619722
228,5.09184,1.48786,0.929777
214,5.09184,1.48786,0.929777
228,5.22344,0.274171,-0.473497
214,5.22344,0.274171,-0.473497
228,5.09292,1.6739,-0.0590657
214,5.09292,1.6739,-0.0590657
228,5.14376,1.65737,-0.0503089
224,5.14376,1.65737,-0.0503089
228,2.80968,1.31961,-0.652548
224,2.80968,1.31961,-0.652548
228,2.94059,1.54489,-0.693719
224,2.94059,1.54489,-0.693719
228,4.01575,1.49146,-0.606377
224,4.01575,1.49146,-0.606377
228,2.87172,1.54471,-0.801197
224,2.87172,1.54471,-0.801197
228,2.87687,1.56035,-0.809033
224,2.87687,1.56035,-0.809033
228,3.23307,0.494327,-0.744258
224,3.23307,0.494327,-0.744258
228,3.29721,2.70816,-1.60128
224,3.29721,2.70816,-1.60128
228,2.81807,1.38825,-0.679941
224,2.81807,1.38825,-0.679941
228,4.40575,1.4664,-0.666717
222,4.40575,1.4664,-0.666717
228,3.60376,2.74081,-0.410986
222,3.60376,2.74081,-0.410986
228,5.96724,2.14694,-0.372211
222,5.96724,2.14694,-0.372211
228,4.11083,0.515898,-0.720511
222,4.11083,0.515898,-0.720511
228,5.47558,1.34571,-0.631014
210,5.47558,1.34571,-0.631014
228,3.73129,1.52571,-0.561724
210,3.73129,1.52571,-0.561724
228,3.38662,0.299048,-0.676799
210,3.38662,0.299048,-0.676799
228,5.10813,3.13341,1.11879
225,5.10813,3.13341,1.11879
228,5.19696,0.493541,0.0675225
225,5.19696,0.493541,0.0675225
228,3.96782,2.8427,-0.482658
216,3.96782,2.8427,-0.482658
228,2.72995,1.10112,-0.664606
216,2.72995,1.10112,-0.664606
228,5.39705,1.48223,-0.319955
216,5.39705,1.48223,-0.319955
228,4.64141,2.36464,-0.594689
216,4.64141,2.36464,-0.594689
228,3.29804,0.516882,-0.635814
216,3.29804,0.516882,-0.635814
228,4.26036,0.720108,-0.598407
216,4.26036,0.720108,-0.598407
228,4.01784,0.611939,-0.626096
216,4.01784,0.611939,-0.626096
228,3.13199,2.5329,-0.614878
221,3.13199,2.5329,-0.614878
228,2.93542,1.03364,-0.615941
221,2.93542,1.03364,-0.615941
228,3.99907,3.2756,-0.555796
221,3.99907,3.2756,-0.555796
228,4.45723,1.29733,-0.609033
221,4.45723,1.29733,-0.609033
228,4.78626,2.71219,0.796415
221,4.78626,2.71219,0.796415
228,3.46121,3.76684,0.319786
221,3.46121,3.76684,0.319786
228,4.81249,4.60793,0.855337
221,4.81249,4.60793,0.855337
228,5.08873,1.44549,0.712406
221,5.08873,1.44549,0.712406
228,3.28846,0.724511,-0.609746
221,3.28846,0.724511,-0.609746
228,3.29612,0.630676,-0.567463
221,3.29612,0.630676,-0.567463
228,5.12135,1.50591,0.448667
221,5.12135,1.50591,0.448667
228,3.62096,0.341382,-0.574011
221,3.62096,0.341382,-0.574011
228,4.98062,2.88163,-0.583803
221,4.98062,2.88163,-0.583803
228,3.90278,3.2266,0.495684
221,3.90278,3.2266,0.495684
228,3.85655,0.342272,-0.444571
221,3.85655,0.342272,-0.444571
228,5.58655,3.88509,-0.709235
215,5.58655,3.88509,-0.709235
228,2.93774,0.561427,-0.589337
215,2.93774,0.561427,-0.589337
228,5.08839,0.454013,0.111682
215,5.08839,0.454013,0.111682
228,5.12785,1.01707,0.605312
227,5.12785,1.01707,0.605312
228,5.2606,0.521875,-0.42822
227,5.2606,0.521875,-0.42822
228,5.16603,0.681094,0.214139
227,5.16603,0.681094,0.214139
228,5.01627,1.89712,0.626152
226,5.01627,1.89712,0.626152
228,5.42934,1.09397,0.444564
226,5.42934,1.09397,0.444564
228,5.23839,1.04587,0.577241
226,5.23839,1.04587,0.577241
229,1.67051,0.251845,-0.213256
229,1.67763,0.254767,-0.220565
229,1.67683,0.256234,-0.219452
229,1.63294,0.282345,-0.450705
229,1.65525,0.28069,-0.48119
229,1.67421,0.294298,-0.45787
229,3.29637,-0.522509,-0.485316
229,2.07034,0.051321,-0.654035
229,2.51772,-0.162056,-0.636503
229,3.04739,-0.431498,-0.620088
229,2.518,-0.159056,-0.645327
229,2.53528,-0.145779,-0.629542
229,2.6291,-0.189416,-0.636906
229,1.723,0.324992,-0.642929
229,2.61435,-0.155084,-0.635915
229,1.74979,0.333041,-0.630064
229,2.61861,-0.152408,-0.644069
229,2.06193,0.220846,-0.617915
229,2.44011,0.0102006,-0.638205
229,2.43993,0.00734293,-0.64845
229,2.06263,0.225105,-0.638322
229,2.43852,0.0133217,-0.648662
229,2.02798,0.243461,-0.65206
229,2.06006,0.235494,-0.647949
229,1.76042,0.41724,-0.631763
229,1.79817,0.401051,-0.629645
229,1.768,0.42379,-0.623678
229,1.74948,0.423891,-0.637699
229,1.79863,0.404446,-0.633919
229,1.75476,0.42571,-0.641129
229,1.77049,0.427907,-0.627832
229,1.77792,0.425839,-0.6273
229,1.78329,0.42487,-0.625692
229,2.66234,-0.0485646,-0.634286
229,2.58382,0.0167342,-0.63989
229,2.48774,0.0768867,-0.643297
229,2.42193,0.128815,-0.638891
229,2.50378,0.0827684,-0.642114
229,1.80663,0.474648,-0.633799
229,2.42983,0.132435,-0.637621
229,3.17658,-0.253094,-0.629526
229,1.91838,0.460119,-0.63416
229,1.87218,0.495742,-0.625729
229,1.87787,0.505686,-0.631317
229,2.55539,0.143165,-0.628115
229,1.8877,0.5089,-0.637205
229,1.87655,0.511419,-0.642336
229,1.93159,0.471206,-0.664948
229,2.56338,0.148149,-0.636222
229,2.57258,0.145612,-0.633629
229,3.43462,-0.31206,-0.635183
229,1.99526,0.474573,-0.647438
229,1.99408,0.483457,-0.651422
229,1.99535,0.510071,-0.639835
229,2.0055,0.511321,-0.634499
229,1.949,0.532021,-0.648553
229,2.00522,0.517035,-0.642673
229,2.00529,0.517478,-0.64254
229,2.03171,0.490611,-0.675436
229,2.33318,0.384847,-0.661566
229,2.03907,0.585582,-0.61557
229,2.32022,0.428008,-0.628102
229,2.31168,0.430444,-0.63816
229,2.04244,0.58996,-0.628316
229,2.04167,0.594342,-0.634268
229,2.11276,0.556004,-0.636474
229,2.03803,0.598292,-0.638917
229,3.01992,0.0697384,-0.632822
229,2.76813,0.244623,-0.622203
229,2.63841,0.32568,-0.635449
229,2.16593,0.598029,-0.633251
229,2.2319,0.560402,-0.64125
229,2.03603,0.681246,-0.638456
229,2.46981,0.466231,-0.630943
229,2.76694,0.346896,-0.582218
229,2.48181,0.470248,-0.628383
229,2.82854,0.251492,-0.664492
229,2.34346,0.540312,-0.639243
229,2.83588,0.284552,-0.63284
229,2.57103,0.460001,-0.598183
229,2.85665,0.287714,-0.616991
229,2.82064,0.29609,-0.632628
229,2.65747,0.405984,-0.613578
229,2.47464,0.511454,-0.607979
229,2.80264,0.326585,-0.617871
229,2.81612,0.319404,-0.618796
229,2.311,0.600383,-0.620161
229,2.47226,0.517548,-0.614072
229,2.68123,0.394322,-0.624332
229,2.62638,0.423055,-0.626318
229,2.80728,0.328235,-0.622215
229,2.65975,0.41599,-0.61981
229,2.49511,0.51687,-0.607944
229,2.31282,0.606349,-0.624699
229,2.47297,0.5261,-0.615968
229,2.33543,0.602007,-0.620327
229,2.24585,0.651451,-0.621827
229,2.74903,0.401738,-0.591485
229,2.52137,0.49903,-0.629466
229,2.53209,0.496627,-0.629723
229,1.98808,0.787856,-0.64043
229,1.98424,0.790321,-0.640517
229,2.2526,0.658099,-0.624467
229,1.6321,1.00242,-0.622599
229,1.8374,0.881721,-0.639735
229,1.92052,0.840982,-0.635484
229,1.94912,0.823644,-0.64286
229,1.72053,0.958669,-0.635512
229,2.72346,0.421319,-0.625447
229,2.04767,0.792701,-0.628662
229,1.44592,1.11763,-0.638226
229,1.84605,0.925374,-0.603191
229,2.04938,0.791921,-0.63157
229,1.6387,1.00226,-0.651399
229,1.83408,0.904907,-0.63974
229,1.48425,1.14423,-0.587448
229,3.75156,-0.13822,-0.630687
229,1.63595,1.01928,-0.64264
229,1.99996,0.84332,-0.613186
229,2.02724,0.834891,-0.607123
229,3.09969,0.237127,-0.618656
229,2.11865,0.779843,-0.617924
229,1.54776,1.11416,-0.5945
229,1.55485,1.09421,-0.620264
229,1.99644,0.84723,-0.629345
229,2.12023,0.786972,-0.620737
229,1.80029,0.956679,-0.631026
229,1.80383,0.959957,-0.624722
229,1.81966,0.927517,-0.660814
229,1.99339,0.85547,-0.63438
229,3.8192,-0.149842,-0.635123
229,1.54782,1.12404,-0.608542
229,1.85253,0.943978,-0.625142
229,2.11687,0.791731,-0.633729
229,1.85863,0.946387,-0.622892
229,1.66543,1.04908,-0.627831
229,3.67142,-0.0498917,-0.620486
229,2.11264,0.793909,-0.639558
229,1.67278,1.0532,-0.619717
229,1.80507,0.968078,-0.636212
229,1.64009,1.07165,-0.622662
229,1.68036,1.05865,-0.619957
229,2.2139,0.799328,-0.581285
229,1.96907,0.88896,-0.638309
229,1.6671,1.10482,-0.57885
229,1.97101,0.888374,-0.640574
229,3.70764,-0.0695686,-0.643491
229,1.68072,1.06446,-0.627737
229,3.64888,-0.0177169,-0.636788
229,3.03838,0.338176,-0.617217
229,1.98048,0.895499,-0.649268
229,3.04213,0.342893,-0.616267
229,3.75362,-0.0239285,-0.600159
229,3.7575,-0.0199638,-0.609747
229,3.59984,0.0510667,-0.642801
229,3.77479,-0.0180888,-0.611169
229,1.6745,1.15279,-0.619314
229,2.26093,0.821765,-0.638377
229,3.12619,0.382524,-0.622752
229,3.18701,0.356652,-0.616233
229,2.39354,0.787328,-0.626316
229,2.35746,0.823588,-0.618255
229,2.3488,0.822662,-0.627748
229,2.38583,0.819505,-0.610595
229,3.09182,0.43334,-0.610487
229,2.3909,0.825278,-0.613078
229,2.43644,0.794875,-0.621561
229,3.22914,0.375411,-0.602487
229,2.44039,0.796964,-0.622238
229,2.42872,0.793874,-0.643242
229,3.44775,0.272987,-0.59836
229,3.41757,0.276641,-0.632635
229,3.81548,0.0805688,-0.620823
229,3.77305,0.100774,-0.632117
229,3.13916,0.475708,-0.626895
229,3.7349,0.151523,-0.625239
229,3.79238,0.144542,-0.59879
229,2.48922,0.849574,-0.616643
229,3.42974,0.326897,-0.622599
229,3.75222,0.154077,-0.6267
229,2.51119,0.884615,-0.61433
229,3.12006,0.560574,-0.618959
229,3.29103,0.476284,-0.60685
229,2.53536,0.88489,-0.616677
229,3.60473,0.305523,-0.611573
229,2.46022,0.930137,-0.628342
229,2.54036,0.892448,-0.622319
229,3.05069,0.622719,-0.61061
229,2.46339,0.930827,-0.631368
229,3.83698,0.186142,-0.617199
229,3.82643,0.200041,-0.620584
229,3.03518,0.638617,-0.619565
229,3.03714,0.641603,-0.616117
229,3.83499,0.201656,-0.616887
229,3.84008,0.204051,-0.617275
229,1.94537,1.2694,-0.625833
229,2.59443,0.920977,-0.615976
229,2.60288,0.92396,-0.613454
229,2.99634,0.712453,-0.607522
229,3.67309,0.343517,-0.61534
229,3.78813,0.26235,-0.639649
229,2.60225,0.934519,-0.623646
229,2.57927,0.949598,-0.637019
229,2.59088,0.952597,-0.63593
229,2.02894,1.23408,-0.67621
229,3.75745,0.350031,-0.604873
229,2.03075,1.24783,-0.676502
229,2.54859,1.01087,-0.626415
229,3.90559,0.277164,-0.611462
229,3.77409,0.3359,-0.628671
229,3.78175,0.336153,-0.626001
229,2.99871,0.783931,-0.60598
229,3.23119,0.653719,-0.614669
229,2.25625,1.17088,-0.642495
229,3.91536,0.276159,-0.619546
229,1.94857,1.3315,-0.659323
229,3.78165,0.346912,-0.632381
229,2.2503,1.18804,-0.644311
229,2.16793,1.22849,-0.652413
229,3.04878,0.782997,-0.60456
229,3.01499,0.82271,-0.61527
229,2.2835,1.20573,-0.648311
229,2.99311,0.845819,-0.612862
229,2.28309,1.20907,-0.650207
229,2.60839,1.05045,-0.63648
229,3.8608,0.38599,-0.615974
229,2.66147,1.09287,-0.594442
229,2.68426,1.0493,-0.639137
229,2.37266,1.21903,-0.648684
229,2.65006,1.07892,-0.637218
229,3.86608,0.420757,-0.626727
229,3.92866,0.391373,-0.622413
229,2.79194,1.02404,-0.61891
229,3.97693,0.368816,-0.623666
229,3.99083,0.377648,-0.626754
229,3.95474,0.40875,-0.614164
229,3.91308,0.485534,-0.612064
229,2.1196,1.44801,-0.657706
229,3.95946,0.484873,-0.60733
229,3.96981,0.48651,-0.612926
229,2.2062,1.42846,-0.651451
229,3.93258,0.501711,-0.624451
229,2.11784,1.48392,-0.671104
229,4.19576,0.413274,-0.597687
229,4.0138,0.515831,-0.610414
229,4.26645,0.421569,-0.607033
229,4.03854,0.547587,-0.617422
229,4.25356,0.434318,-0.615453
229,3.93489,0.60789,-0.623436
229,3.79428,0.712416,-0.590231
229,2.93397,1.17003,-0.618052
229,2.36506,1.46784,-0.645768
229,2.9209,1.1878,-0.618986
229,4.16289,0.570421,-0.627905
229,4.16849,0.570212,-0.629547
229,1.98998,1.74223,-0.69553
229,2.91476,1.30464,-0.617044
229,4.10347,0.680643,-0.607123
229,1.96668,1.8229,-0.653588
229,4.36172,0.539737,-0.641117
229,4.3037,0.609579,-0.634029
229,2.34717,1.72654,-0.596194
229,1.61292,2.03529,-0.717243
229,4.08399,0.793762,-0.608655
229,4.08713,0.796957,-0.613822
229,2.35468,1.76604,-0.613719
229,4.20641,0.810062,-0.535242
229,5.11957,0.930727,0.21506
229,4.11291,0.861701,-0.564581
229,2.95885,1.46235,-0.611311
229,2.96783,1.4676,-0.608133
229,4.11593,0.829158,-0.623616
229,4.18731,0.807713,-0.612093
229,4.22599,0.808922,-0.594047
229,2.88394,1.88813,-0.185505
229,2.9004,1.90258,-0.177012
229,5.2729,0.82891,0.111073
229,2.91176,1.90026,-0.188654
229,2.89966,1.90241,-0.203799
229,3.99507,0.966682,-0.627271
229,4.28695,0.845994,-0.58228
229,5.24861,0.839846,0.0603634
229,4.09722,0.941387,-0.606099
229,5.10512,0.957221,0.0906296
229,5.12775,0.970679,0.0941288
229,4.09606,1.00967,-0.602783
229,5.31679,0.875337,0.0478384
229,2.67301,1.87259,-0.571971
229,4.14953,1.07766,-0.586078
229,2.6766,1.89776,-0.596582
229,2.68046,1.91829,-0.608044
229,4.22911,1.0822,-0.629839
229,2.88318,1.90615,-0.574104
229,2.86703,1.8837,-0.617703
229,3.02316,1.84506,-0.622719
229,3.02353,1.88338,-0.636384
229,3.36541,1.71488,-0.612378
229,3.82813,1.5087,-0.596575
229,1.59885,2.76618,-0.611369
229,5.22583,1.01952,-0.345091
229,5.16565,0.959873,-0.468689
229,4.02135,1.53929,-0.569901
229,1.61498,2.87194,-0.568321
229,1.59976,2.8615,-0.591963
229,4.01939,1.55713,-0.571082
229,1.60202,2.86406,-0.633287
229,1.60513,2.91723,-0.568748
229,5.16637,1.54892,0.132588
229,4.05891,1.70725,-0.580872
229,5.1354,1.5463,-0.0919414
229,5.14333,1.55261,-0.0926824
229,5.09054,1.6892,0.0216597
229,5.12331,1.40652,-0.310663
229,5.16658,1.56859,-0.103638
229,5.14778,1.42507,-0.320742
229,5.13319,1.60409,-0.251129
229,5.10656,1.88087,0.0251923
229,3.87839,2.283,-0.566049
229,5.17193,1.72137,-0.384022
229,5.02398,1.72211,-0.513242
229,3.53327,2.45847,-0.625707
229,5.10338,1.70307,-0.583274
229,5.30225,1.54852,-0.646687
229,3.77015,2.61762,-0.458603
229,3.6395,2.80082,-0.424811
229,3.78104,2.83347,-0.3269
229,3.79624,2.71007,-0.513394
229,3.72795,2.75451,-0.51629
229,3.80049,2.87479,-0.364922
229,3.81624,2.75047,-0.522466
229,3.80918,2.75627,-0.525327
229,5.06262,2.8936,-0.341422
229,5.05933,2.9778,-0.563143
229,5.10371,3.04229,-0.575619
229,4.79682,3.60557,-0.861847
229,5.21107,3.83635,-0.933829
229,2.38915,0.689566,-0.690974
222,2.38915,0.689566,-0.690974
229,4.91792,1.52967,-0.108001
222,4.91792,1.52967,-0.108001
229,3.14483,0.679821,-0.650777
222,3.14483,0.679821,-0.650777
229,3.04339,0.990594,-0.690244
222,3.04339,0.990594,-0.690244
229,5.44812,1.76369,-0.502641
222,5.44812,1.76369,-0.502641
229,4.1195,0.874895,-0.542873
222,4.1195,0.874895,-0.542873
229,4.96845,1.49777,-0.156698
222,4.96845,1.49777,-0.156698
229,4.28164,1.66615,-0.688365
222,4.28164,1.66615,-0.688365
229,3.95905,0.96973,-0.704795
222,3.95905,0.96973,-0.704795
229,2.80007,1.31548,-0.661429
222,2.80007,1.31548,-0.661429
229,2.64548,-0.0713531,-0.753219
222,2.64548,-0.0713531,-0.753219
229,2.51912,0.560277,-0.731449
222,2.51912,0.560277,-0.731449
229,2.39759,0.787947,-0.632075
222,2.39759,0.787947,-0.632075
229,4.36747,0.754453,-0.875041
222,4.36747,0.754453,-0.875041
229,5.43206,1.13159,-0.519241
222,5.43206,1.13159,-0.519241
229,2.39006,2.0212,-0.742146
222,2.39006,2.0212,-0.742146
229,3.80814,-0.11868,-0.667319
222,3.80814,-0.11868,-0.667319
229,5.32551,1.07358,-0.47286
222,5.32551,1.07358,-0.47286
229,2.65977,-0.0853969,-0.758901
222,2.65977,-0.0853969,-0.758901
229,3.00696,1.325,-0.734459
222,3.00696,1.325,-0.734459
229,4.89677,1.88919,-0.535614
222,4.89677,1.88919,-0.535614
229,2.68309,0.259591,-0.532205
223,2.68309,0.259591,-0.532205
229,2.8779,1.86916,-0.18104
223,2.8779,1.86916,-0.18104
229,2.38806,0.535317,-0.640921
223,2.38806,0.535317,-0.640921
229,2.56142,-0.140135,-0.63159
223,2.56142,-0.140135,-0.63159
229,3.01475,0.817042,-0.632256
223,3.01475,0.817042,-0.632256
229,4.01806,0.520809,-0.61228
223,4.01806,0.520809,-0.61228
229,2.57192,-0.141149,-0.61583
223,2.57192,-0.141149,-0.61583
229,1.7044,0.362309,-0.569194
223,1.7044,0.362309,-0.569194
229,3.02696,0.409964,-0.611863
223,3.02696,0.409964,-0.611863
229,2.64828,0.599182,-0.801362
223,2.64828,0.599182,-0.801362
229,2.66596,-0.0498762,-0.61826
223,2.66596,-0.0498762,-0.61826
229,1.63618,0.295153,-0.455789
223,1.63618,0.295153,-0.455789
229,1.7025,0.395623,-0.603527
223,1.7025,0.395623,-0.603527
229,3.35403,-0.511206,-0.535426
223,3.35403,-0.511206,-0.535426
229,5.16391,0.979805,-0.38876
223,5.16391,0.979805,-0.38876
229,1.85362,0.422835,-0.641716
223,1.85362,0.422835,-0.641716
229,3.08866,0.453989,-0.612178
223,3.08866,0.453989,-0.612178
229,1.85429,0.435843,-0.654993
223,1.85429,0.435843,-0.654993
229,2.06731,0.565316,-0.65186
215,2.06731,0.565316,-0.65186
229,2.803,1.34185,-0.634616
215,2.803,1.34185,-0.634616
229,2.92307,1.24321,-0.602711
215,2.92307,1.24321,-0.602711
229,4.22408,2.3423,-0.628664
215,4.22408,2.3423,-0.628664
229,2.36612,1.07367,-0.637561
215,2.36612,1.07367,-0.637561
229,3.10685,0.642308,-0.61501
215,3.10685,0.642308,-0.61501
229,1.95737,0.917403,-0.65919
215,1.95737,0.917403,-0.65919
229,5.21852,1.88391,-0.60336
215,5.21852,1.88391,-0.60336
229,2.394,0.903624,-0.623435
215,2.394,0.903624,-0.623435
229,2.79978,1.57838,-0.215132
228,2.79978,1.57838,-0.215132
229,2.98698,1.49179,-0.610298
228,2.98698,1.49179,-0.610298
229,3.8269,2.91647,-0.364435
228,3.8269,2.91647,-0.364435
229,2.92408,1.57288,-0.64025
210,2.92408,1.57288,-0.64025
229,2.44668,0.155436,-0.665037
210,2.44668,0.155436,-0.665037
229,2.44916,0.171698,-0.684953
210,2.44916,0.171698,-0.684953
229,4.53123,1.56633,-0.382044
209,4.53123,1.56633,-0.382044
229,4.83502,2.90979,-0.541677
209,4.83502,2.90979,-0.541677
229,4.00215,0.321363,-0.68449
209,4.00215,0.321363,-0.68449
229,4.03147,1.93246,-0.0837596
166,4.03147,1.93246,-0.0837596
229,2.55158,0.418311,-0.611357
166,2.55158,0.418311,-0.611357
229,5.15702,1.73963,0.0497068
166,5.15702,1.73963,0.0497068
229,2.96044,1.47178,-0.616791
166,2.96044,1.47178,-0.616791
229,4.28782,1.37513,-0.544107
214,4.28782,1.37513,-0.544107
230,1.35561,0.068226,-0.248516
230,1.4473,0.143367,-0.265602
230,1.44193,0.14849,-0.264165
230,1.44663,0.151907,-0.308922
230,1.54505,0.199784,-0.243073
230,1.55029,0.21215,-0.254386
230,1.46839,0.15882,-0.437629
230,1.47737,0.165122,-0.430396
230,1.46983,0.168466,-0.444988
230,1.46793,0.168142,-0.453169
230,1.31355,0.371967,-0.278034
230,1.30134,0.402767,-0.272595
230,1.66066,0.292794,-0.264115
230,2.07802,-0.162612,-0.63621
230,1.66176,0.296248,-0.2683
230,1.66548,0.297064,-0.271826
230,2.00832,-0.131936,-0.639194
230,2.00862,-0.130888,-0.647787
230,2.1189,-0.177904,-0.658808
230,2.0292,-0.124019,-0.633568
230,1.81612,-0.0572741,-0.65645
230,1.68457,0.312823,-0.277803
230,1.82257,-0.0395737,-0.657694
230,1.71928,0.010454,-0.646086
230,1.41806,0.450257,-0.255706
230,1.71809,0.0153812,-0.652333
230,1.72104,0.0161206,-0.653836
230,1.77035,0.0136065,-0.640022
230,1.66345,0.0450289,-0.657466
230,1.6646,0.0606297,-0.645495
230,1.66126,0.0638924,-0.644812
230,1.76761,0.0229377,-0.650415
230,3.04661,-0.412529,-0.63669
230,1.62658,0.264306,-0.437601
230,1.61049,0.416569,-0.268475
230,2.55,-0.227902,-0.641799
230,1.39516,0.482838,-0.282416
230,2.51699,-0.179473,-0.600551
230,1.60211,0.423399,-0.273862
230,1.80671,0.0516216,-0.637963
230,1.60201,0.432755,-0.275467
230,2.60094,-0.225437,-0.648814
230,1.81099,0.0536132,-0.649222
230,1.62805,0.279532,-0.457878
230,2.60246,-0.225097,-0.651527
230,1.62481,0.27838,-0.463216
230,1.8106,0.0568249,-0.650681
230,1.49897,0.171118,-0.648869
230,1.49443,0.176056,-0.647012
230,1.50069,0.177286,-0.644031
230,1.49564,0.171457,-0.654139
230,2.60596,-0.220172,-0.655785
230,1.81373,0.0608125,-0.653743
230,1.80136,0.0872869,-0.628494
230,1.49933,0.179243,-0.646208
230,2.52572,-0.162545,-0.627243
230,1.50496,0.511394,-0.2563
230,1.66738,0.288484,-0.461243
230,1.49617,0.517616,-0.265026
230,1.53881,0.197811,-0.630051
230,2.53321,-0.14132,-0.631147
230,1.53809,0.206158,-0.637438
230,1.534,0.20871,-0.655136
230,1.54679,0.211071,-0.653744
230,2.09197,0.030216,-0.646739
230,2.62155,-0.168949,-0.662054
230,2.58586,-0.136487,-0.641493
230,2.06259,0.0443541,-0.646299
230,2.09397,0.0316578,-0.651504
230,2.09379,0.0337132,-0.65304
230,2.09049,0.0342454,-0.655238
230,2.07969,0.0448673,-0.654576
230,2.06291,0.0526975,-0.655644
230,2.0756,0.0545284,-0.668347
230,2.23176,0.0492983,-0.621539
230,1.87168,0.148681,-0.663806
230,1.67073,0.28527,-0.619805
230,3.42525,-0.32296,-0.611809
230,1.66455,0.282741,-0.628761
230,1.67126,0.283108,-0.632094
230,1.6744,0.3014,-0.612599
230,1.67042,0.286797,-0.632073
230,3.22059,-0.274186,-0.653129
230,2.6594,-0.0538444,-0.629832
230,1.68036,0.284337,-0.641752
230,1.66824,0.285981,-0.646092
230,1.68026,0.288705,-0.642573
230,1.71082,0.29819,-0.62818
230,1.73125,0.316245,-0.623948
230,2.01949,0.226346,-0.630598
230,1.74767,0.323528,-0.6391
230,1.73061,0.329694,-0.639507
230,1.72956,0.330863,-0.64497
230,2.48654,0.071125,-0.640012
230,1.72674,0.3331,-0.649006
230,2.06767,0.223073,-0.65149
230,2.49058,0.0863059,-0.649166
230,2.52903,0.0650597,-0.660477
230,2.53034,0.0705513,-0.666086
230,2.42666,0.132748,-0.641626
230,1.71244,0.39126,-0.633056
230,2.55482,0.132481,-0.622586
230,1.75423,0.418383,-0.636669
230,1.73804,0.414733,-0.654255
230,1.85374,0.424245,-0.641283
230,3.36268,-0.121443,-0.659641
230,1.85153,0.424359,-0.650266
230,1.85113,0.428495,-0.652106
230,1.80624,0.470205,-0.638408
230,1.81312,0.474354,-0.635929
230,1.85603,0.440249,-0.664549
230,1.91019,0.4557,-0.641715
230,3.02695,0.0678133,-0.646723
230,1.90544,0.467637,-0.646235
230,1.87742,0.499557,-0.6347
230,2.6666,0.219961,-0.64208
230,2.66537,0.230079,-0.639097
230,1.95684,0.46479,-0.659752
230,2.67021,0.227271,-0.645873
230,2.01291,0.482939,-0.635335
230,2.82011,0.206536,-0.632009
230,2.82242,0.207207,-0.631137
230,2.66849,0.24656,-0.653342
230,1.95511,0.51874,-0.637619
230,2.34189,0.375159,-0.649475
230,2.00094,0.507853,-0.635202
230,1.99591,0.506279,-0.646869
230,2.80377,0.233871,-0.633716
230,2.6145,0.450686,-0.460423
230,2.77645,0.246466,-0.641758
230,1.98913,0.542087,-0.625678
230,1.99375,0.544917,-0.629072
230,2.64258,0.316852,-0.630344
230,1.98342,0.557449,-0.625773
230,2.6075,0.340075,-0.630121
230,2.61008,0.34081,-0.634335
230,1.98658,0.563331,-0.6389
230,2.74835,0.341276,-0.606586
230,2.64929,0.362304,-0.643764
230,3.06383,0.21982,-0.639883
230,2.0265,0.589728,-0.63446
230,2.83115,0.311008,-0.637022
230,3.05776,0.232371,-0.639601
230,2.87384,0.291094,-0.64684
230,2.13602,0.56127,-0.635743
230,2.13175,0.566056,-0.635871
230,3.07005,0.229849,-0.647529
230,2.5714,0.408714,-0.648106
230,2.48094,0.458889,-0.634662
230,2.46443,0.500503,-0.607147
230,3.67866,0.07083,-0.620691
230,2.38276,0.522349,-0.637319
230,2.54553,0.472997,-0.632896
230,2.7271,0.414986,-0.630623
230,2.09355,0.647933,-0.630494
230,2.72979,0.420539,-0.638876
230,3.7506,0.0858673,-0.618696
230,2.33849,0.590793,-0.618633
230,2.25882,0.675333,-0.633701
230,2.25395,0.678306,-0.634367
230,3.06542,0.397085,-0.633276
230,2.26481,0.67708,-0.640428
230,3.03489,0.42334,-0.63228
230,3.19569,0.386316,-0.632742
230,3.04163,0.440188,-0.636391
230,1.91276,0.837906,-0.640223
230,3.18646,0.390248,-0.640169
230,1.87796,0.855013,-0.635077
230,3.42676,0.335212,-0.625199
230,3.10174,0.450705,-0.625411
230,1.80076,0.899762,-0.643652
230,3.22308,0.387817,-0.6588
230,1.81621,0.909146,-0.654821
230,2.40717,0.704605,-0.651333
230,3.88079,0.260457,-0.594135
230,1.78591,0.976307,-0.647438
230,2.21044,0.850944,-0.62517
230,3.09635,0.541292,-0.627123
230,1.80604,0.950658,-0.681165
230,2.20971,0.854435,-0.629122
230,2.47605,0.758722,-0.639387
230,3.19439,0.521246,-0.625369
230,3.10699,0.554759,-0.636431
230,1.101,1.27261,-0.624599
230,1.08924,1.27728,-0.62414
230,3.15988,0.547814,-0.626723
230,1.09268,1.28789,-0.629042
230,1.93435,0.974399,-0.658028
230,3.07915,0.605266,-0.622105
230,1.42561,1.16823,-0.651933
230,1.52896,1.13404,-0.655524
230,1.95913,0.991956,-0.647945
230,1.53176,1.13389,-0.658004
230,2.9678,0.673292,-0.606231
230,1.66636,1.09171,-0.655895
230,1.48703,1.17742,-0.63581
230,1.0894,1.30446,-0.652279
230,1.48485,1.17709,-0.642847
230,1.93182,1.01715,-0.646482
230,3.19441,0.633205,-0.580141
230,1.64801,1.15105,-0.614233
230,1.6618,1.13076,-0.640599
230,3.84616,0.386962,-0.616903
230,3.30874,0.587724,-0.603671
230,3.05801,0.684259,-0.595422
230,1.49109,1.19595,-0.644664
230,1.66048,1.13577,-0.647135
230,1.42442,1.23094,-0.635658
230,2.4326,0.890336,-0.622634
230,1.4461,1.231,-0.63816
230,3.35013,0.58561,-0.610328
230,3.1068,0.651319,-0.634458
230,1.93137,1.03888,-0.668448
230,2.5016,0.868488,-0.635861
230,2.40872,0.927309,-0.61325
230,3.35538,0.592638,-0.615241
230,2.40356,0.932317,-0.616391
230,3.97779,0.387459,-0.608027
230,2.97394,0.721936,-0.630562
230,1.38101,1.27555,-0.639223
230,3.10297,0.678856,-0.629441
230,3.2195,0.661972,-0.612765
230,3.08446,0.707443,-0.616622
230,1.22144,1.34587,-0.647468
230,3.092,0.711959,-0.625643
230,3.09415,0.714007,-0.625454
230,3.24074,0.662962,-0.626978
230,3.22253,0.674072,-0.622217
230,3.24989,0.657108,-0.632359
230,2.97622,0.763306,-0.624552
230,4.00995,0.405328,-0.633084
230,3.31089,0.65064,-0.646526
230,3.26087,0.669065,-0.646205
230,3.08115,0.749701,-0.637179
230,1.11179,1.43429,-0.652688
230,1.84793,1.23874,-0.599164
230,1.11084,1.45709,-0.654735
230,1.56637,1.37192,-0.61583
230,1.56586,1.37127,-0.621763
230,3.92568,0.542065,-0.625282
230,2.94913,0.882559,-0.629314
230,2.99579,0.900758,-0.620808
230,2.0451,1.22274,-0.669053
230,4.15348,0.545411,-0.610842
230,3.91874,0.62202,-0.624551
230,1.95192,1.30263,-0.645285
230,3.93948,0.623089,-0.642773
230,2.69142,1.10122,-0.61658
230,2.69559,1.09918,-0.623305
230,3.93014,0.650986,-0.644899
230,2.86961,1.04324,-0.624684
230,2.79864,1.06261,-0.635071
230,2.86982,1.04624,-0.625174
230,1.04019,1.66889,-0.652521
230,3.94503,0.658822,-0.644959
230,2.79718,1.07346,-0.641225
230,2.92453,1.04967,-0.617832
230,2.31185,1.27579,-0.607266
230,2.90617,1.05873,-0.618122
230,2.73582,1.13196,-0.614463
230,2.92332,1.06329,-0.622866
230,2.85275,1.13879,-0.609082
230,4.3214,0.61968,-0.65095
230,2.90935,1.16003,-0.611397
230,2.9231,1.15825,-0.610847
230,2.78003,1.20771,-0.613682
230,1.8182,1.54009,-0.629328
230,2.01378,1.50016,-0.641305
230,2.01195,1.51874,-0.648903
230,3.86574,0.889859,-0.62343
230,4.21594,0.782555,-0.611419
230,4.21911,0.810917,-0.582321
230,3.87562,0.887687,-0.642716
230,2.33078,1.45189,-0.639439
230,2.89754,1.29639,-0.612749
230,2.38812,1.50584,-0.636514
230,4.1134,0.930695,-0.608834
230,2.38587,1.54301,-0.633199
230,1.82442,1.72158,-0.65757
230,2.39147,1.54942,-0.633775
230,2.91233,1.41469,-0.590334
230,3.08516,1.39831,-0.608916
230,1.64371,1.87433,-0.645873
230,1.62,1.88663,-0.657141
230,2.96994,1.46152,-0.607591
230,2.33119,1.71568,-0.583348
230,4.1338,1.04836,-0.627971
230,2.2873,1.74605,-0.584908
230,1.86628,1.88258,-0.599297
230,3.12974,1.44735,-0.591561
230,2.89615,1.88561,-0.170504
230,3.14046,1.44818,-0.590295
230,2.89871,1.88786,-0.184425
230,3.13834,1.44759,-0.60862
230,2.9071,1.89496,-0.175014
230,2.25637,1.74115,-0.631478
230,2.23861,1.74826,-0.636666
230,3.1121,1.46686,-0.611786
230,3.14835,1.45832,-0.613202
230,2.29754,1.77801,-0.593856
230,2.29707,1.7804,-0.604097
230,2.30131,1.78697,-0.600584
230,3.16082,1.48366,-0.602028
230,2.34882,1.76825,-0.610368
230,2.33144,1.78102,-0.604771
230,3.26367,1.54582,-0.592562
230,1.87845,1.97531,-0.661322
230,3.27081,1.56087,-0.603845
230,3.54995,1.51058,-0.621842
230,3.88898,1.42011,-0.605497
230,3.57224,1.53483,-0.63783
230,2.672,1.9012,-0.59116
230,2.67639,1.92113,-0.59543
230,3.71041,1.53663,-0.622844
230,2.80587,1.95555,-0.524103
230,3.62901,1.60079,-0.60138
230,3.36425,1.69343,-0.602301
230,3.93075,1.50679,-0.593292
230,3.78679,1.58017,-0.568078
230,3.02021,1.81282,-0.613028
230,2.87146,1.87192,-0.615955
230,3.94062,1.51598,-0.600577
230,2.83632,1.94638,-0.55334
230,3.30138,1.75317,-0.596993
230,3.99021,1.51722,-0.600693
230,4.19376,1.42655,-0.632008
230,4.22416,1.44441,-0.599104
230,4.64435,1.30827,-0.610324
230,4.50624,1.33373,-0.649306
230,3.52231,1.69434,-0.635982
230,4.34959,1.42616,-0.633148
230,4.33006,1.45275,-0.639054
230,4.6628,1.36056,-0.618315
230,4.05298,1.60793,-0.581027
230,4.062,1.59623,-0.591869
230,5.19592,1.59776,-0.145123
230,4.39791,1.50024,-0.597341
230,5.18969,1.45635,-0.347881
230,5.26766,1.57839,-0.185718
230,4.42886,1.53426,-0.620685
230,4.443,1.53643,-0.625202
230,5.40661,1.60301,-0.246314
230,4.16606,1.8277,-0.640522
230,5.02999,1.61347,-0.546018
230,1.59902,2.84048,-0.564681
230,5.0673,1.66584,-0.562891
230,4.99311,2.13361,-0.130424
230,1.59758,2.95243,-0.58509
230,3.82874,2.30134,-0.778533
230,3.75939,2.81681,-0.369598
230,3.82299,2.75696,-0.535866
230,3.80795,2.76794,-0.533025
230,3.84214,2.77033,-0.519893
230,3.743,2.78438,-0.549353
230,3.79751,2.78867,-0.522785
230,3.80698,2.90583,-0.39095
230,3.75766,2.78892,-0.552991
230,3.84407,2.82501,-0.560254
230,3.85329,2.83579,-0.550604
230,3.79614,2.83655,-0.582166
230,3.80358,2.83327,-0.592716
230,5.11083,3.04744,-0.592407
230,5.36348,3.58068,-0.918689
230,5.53262,4.43999,-1.16986
230,4.44297,1.50217,-0.690856
222,4.44297,1.50217,-0.690856
230,4.46017,2.36732,-0.565283
222,4.46017,2.36732,-0.565283
230,2.5996,0.1627,-0.818022
222,2.5996,0.1627,-0.818022
230,3.90069,0.918858,-0.655459
222,3.90069,0.918858,-0.655459
230,2.83163,0.53547,-0.425815
222,2.83163,0.53547,-0.425815
230,4.38294,2.94051,-0.634489
222,4.38294,2.94051,-0.634489
230,4.86079,1.48658,-0.727168
222,4.86079,1.48658,-0.727168
230,3.18367,0.833416,-0.731809
222,3.18367,0.833416,-0.731809
230,4.82455,1.46962,-0.712398
222,4.82455,1.46962,-0.712398
230,3.83875,1.51408,-0.601304
222,3.83875,1.51408,-0.601304
230,5.09572,2.06668,-0.638178
222,5.09572,2.06668,-0.638178
230,3.77993,1.38939,-0.704268
215,3.77993,1.38939,-0.704268
230,3.34265,1.64625,-0.567456
215,3.34265,1.64625,-0.567456
230,1.98548,0.620548,-0.702602
215,1.98548,0.620548,-0.702602
230,3.90146,0.808672,-0.670244
215,3.90146,0.808672,-0.670244
230,3.80636,-0.000433027,-0.585129
215,3.80636,-0.000433027,-0.585129
230,4.2113,0.476454,-0.654306
215,4.2113,0.476454,-0.654306
230,2.62209,1.01411,-0.499025
224,2.62209,1.01411,-0.499025
230,2.62324,0.955784,-0.632482
224,2.62324,0.955784,-0.632482
230,2.76151,0.419868,-0.61686
224,2.76151,0.419868,-0.61686
230,2.84885,1.87589,-0.592552
224,2.84885,1.87589,-0.592552
230,3.17306,0.0186939,0.0189465
228,3.17306,0.0186939,0.0189465
230,2.44318,0.140695,-0.650347
210,2.44318,0.140695,-0.650347
230,2.24341,1.76713,-0.696831
210,2.24341,1.76713,-0.696831
230,2.72445,0.174814,-0.469302
210,2.72445,0.174814,-0.469302
230,4.28887,0.506654,-0.599805
209,4.28887,0.506654,-0.599805
230,3.97057,0.381988,-0.606458
209,3.97057,0.381988,-0.606458
230,4.327,2.94011,-0.625698
166,4.327,2.94011,-0.625698
231,1.62188,0.388651,-0.250615
231,1.61771,0.391891,-0.251262
231,1.53984,0.478184,-0.216655
231,1.38459,0.481544,-0.307349
231,2.75281,0.453659,-0.597128
231,2.03481,0.603409,-0.62853
231,2.03296,0.610504,-0.624791
231,2.26463,0.58824,-0.637753
231,2.27377,0.590076,-0.647227
231,2.41366,0.566731,-0.647562
231,3.04988,0.427718,-0.635873
231,2.48633,0.563114,-0.626593
231,3.11874,0.430641,-0.640534
231,3.18057,0.442521,-0.622498
231,3.56233,0.368056,-0.602969
231,2.09585,0.687444,-0.639124
231,2.35148,0.636584,-0.624733
231,2.0948,0.694143,-0.638074
231,2.42675,0.618364,-0.643205
231,2.34081,0.645589,-0.630201
231,2.09389,0.697891,-0.641835
231,2.09492,0.69605,-0.645671
231,3.23839,0.469265,-0.612474
231,3.13066,0.490459,-0.631113
231,2.0418,0.741818,-0.648894
231,2.00703,0.753358,-0.653964
231,2.93923,0.54773,-0.64027
231,3.20804,0.489381,-0.638574
231,3.16632,0.517649,-0.624603
231,3.17224,0.520323,-0.625588
231,2.0473,0.776587,-0.62847
231,2.26143,0.73805,-0.6198
231,3.13275,0.545635,-0.607797
231,3.13444,0.548864,-0.606414
231,2.08738,0.781272,-0.625452
231,3.17372,0.530103,-0.633876
231,3.13417,0.550212,-0.610817
231,2.27108,0.733582,-0.640746
231,2.29856,0.735819,-0.62361
231,2.14518,0.767769,-0.630273
231,2.09232,0.787228,-0.628538
231,3.15228,0.560383,-0.595712
231,2.06635,0.797193,-0.627734
231,2.29396,0.747935,-0.634283
231,1.96588,0.813349,-0.656442
231,1.88262,0.847546,-0.624485
231,3.23653,0.544512,-0.611548
231,2.30305,0.747576,-0.635399
231,1.9973,0.820022,-0.638954
231,1.9131,0.831605,-0.655619
231,1.99658,0.820014,-0.645249
231,2.29999,0.754699,-0.640727
231,1.89622,0.847308,-0.640844
231,3.85982,0.410669,-0.617821
231,1.89919,0.846462,-0.644773
231,3.01513,0.602746,-0.620837
231,3.01811,0.599265,-0.629606
231,1.50384,0.945662,-0.631143
231,1.99754,0.829583,-0.64658
231,3.02161,0.603717,-0.633915
231,1.80462,0.88023,-0.643637
231,2.41559,0.747469,-0.629123
231,1.45237,0.989212,-0.59331
231,2.34386,0.773168,-0.622652
231,2.01669,0.841685,-0.637212
231,2.44171,0.738386,-0.654806
231,2.0327,0.848938,-0.631388
231,1.99995,0.862652,-0.620158
231,2.18353,0.812375,-0.63863
231,2.30131,0.79532,-0.619954
231,2.30134,0.803579,-0.615356
231,3.09876,0.613872,-0.631194
231,2.30129,0.801504,-0.625807
231,3.9336,0.445796,-0.591921
231,2.41752,0.775794,-0.629716
231,2.00386,0.869871,-0.634457
231,1.49651,0.9821,-0.657026
231,3.12,0.632345,-0.617385
231,2.26556,0.829198,-0.615246
231,2.39743,0.796975,-0.620284
231,1.71128,0.940152,-0.649917
231,3.10809,0.632155,-0.633563
231,2.39808,0.808196,-0.606385
231,2.39903,0.80819,-0.606522
231,3.07497,0.645431,-0.628995
231,2.44277,0.788506,-0.63526
231,1.62932,0.980055,-0.62892
231,2.26385,0.83626,-0.626751
231,1.76442,0.944406,-0.644294
231,2.35485,0.831585,-0.599547
231,3.1005,0.645656,-0.633242
231,1.62581,0.984301,-0.631981
231,1.96813,0.909699,-0.624578
231,1.67655,0.96822,-0.646688
231,1.62214,0.985387,-0.639914
231,1.67808,0.972874,-0.645161
231,1.62826,0.988209,-0.639794
231,1.80062,0.950508,-0.656089
231,1.51899,1.02748,-0.630066
231,3.10931,0.666995,-0.640417
231,1.79916,0.957233,-0.66088
231,1.74383,0.971641,-0.660363
231,2.3806,0.854286,-0.608181
231,3.07097,0.684041,-0.63469
231,3.07767,0.690472,-0.640085
231,2.45554,0.842711,-0.628325
231,1.80014,0.994353,-0.62767
231,1.87002,0.975477,-0.643702
231,1.87215,0.975436,-0.64544
231,3.8528,0.54421,-0.604308
231,1.51325,1.05795,-0.66123
231,1.51604,1.06708,-0.652817
231,1.91363,0.968459,-0.669761
231,1.9158,0.971103,-0.664086
231,1.48101,1.08707,-0.634855
231,3.1197,0.716812,-0.626423
231,1.77992,1.01863,-0.640198
231,1.91547,0.973042,-0.671746
231,2.40144,0.890438,-0.617037
231,1.79415,1.01338,-0.650877
231,1.47972,1.0906,-0.640679
231,2.99986,0.744992,-0.637574
231,1.47933,1.09098,-0.643309
231,1.45245,1.09861,-0.640954
231,2.98619,0.770867,-0.629301
231,1.45083,1.11624,-0.650721
231,1.45869,1.11979,-0.640961
231,1.4299,1.12713,-0.643365
231,1.06983,1.23175,-0.599602
231,2.50489,0.896033,-0.627586
231,3.03017,0.775548,-0.632387
231,2.48498,0.911209,-0.61268
231,2.55361,0.890063,-0.629505
231,2.47405,0.911925,-0.635021
231,2.44455,0.925916,-0.622921
231,2.51294,0.905711,-0.637223
231,2.49065,0.927864,-0.617429
231,1.66691,1.10496,-0.645058
231,1.67094,1.1096,-0.648443
231,1.31659,1.20827,-0.618711
231,1.05265,1.2734,-0.609144
231,2.99087,0.825137,-0.620444
231,2.51674,0.919095,-0.655842
231,1.67037,1.11651,-0.647893
231,1.09449,1.26228,-0.619704
231,1.12666,1.26446,-0.602029
231,2.98468,0.820572,-0.662015
231,1.6349,1.14118,-0.641572
231,2.53408,0.95654,-0.603511
231,2.55345,0.942253,-0.636791
231,2.55276,0.941884,-0.642714
231,1.30291,1.23254,-0.643256
231,1.4694,1.19536,-0.644805
231,1.5083,1.18288,-0.656094
231,2.39777,0.99895,-0.633729
231,1.20253,1.2894,-0.618124
231,1.30453,1.26819,-0.639766
231,1.1937,1.30524,-0.624326
231,1.29317,1.27513,-0.640151
231,2.97502,0.886785,-0.649913
231,1.48541,1.22685,-0.651433
231,1.48257,1.23692,-0.653145
231,1.29336,1.29721,-0.650615
231,1.41614,1.27568,-0.648502
231,1.67272,1.22061,-0.646814
231,1.41355,1.28462,-0.64608
231,1.41291,1.28477,-0.650729
231,4.09274,0.694717,-0.613522
231,1.33349,1.3112,-0.646618
231,2.87722,0.967697,-0.628448
231,1.88369,1.8951,0.841563
231,1.29636,1.32334,-0.65619
231,1.28891,1.32416,-0.660384
231,1.4114,1.30068,-0.652225
231,2.88429,0.974658,-0.630376
231,2.65318,1.0517,-0.6006
231,2.96324,0.964242,-0.638401
231,3.79358,0.802467,-0.593426
231,2.65201,1.07658,-0.598707
231,2.8737,1.00491,-0.645237
231,2.69366,1.06933,-0.611184
231,2.69091,1.06877,-0.620943
231,2.65617,1.08505,-0.60445
231,2.88537,1.02093,-0.636901
231,2.96182,1.01219,-0.627946
231,2.69917,1.07718,-0.630914
231,2.67897,1.09413,-0.606312
231,2.80576,1.0528,-0.652613
231,2.87889,1.04629,-0.633493
231,2.88505,1.052,-0.620296
231,2.72829,1.09166,-0.616801
231,4.18532,0.773887,-0.588014
231,2.90693,1.04729,-0.628469
231,4.19569,0.779526,-0.577704
231,1.57403,1.37658,-0.583926
231,2.93734,1.05258,-0.611177
231,1.81116,1.91151,0.660165
231,1.00923,1.50499,-0.599421
231,3.83115,0.847803,-0.631607
231,1.00888,1.52349,-0.57223
231,1.80638,1.91851,0.648928
231,3.83192,0.864369,-0.616778
231,2.73819,1.11219,-0.631919
231,0.992089,1.52586,-0.621424
231,2.7785,1.12863,-0.612434
231,4.08342,0.845919,-0.584093
231,0.981883,1.56023,-0.613821
231,2.92362,1.12691,-0.604369
231,1.45048,1.50391,-0.529895
231,4.12134,0.874791,-0.570429
231,4.10365,0.87328,-0.584015
231,1.05129,1.54341,-0.644724
231,4.11009,0.865615,-0.612561
231,1.04843,1.54755,-0.65428
231,2.81247,1.16624,-0.613865
231,1.05155,1.55283,-0.652033
231,4.11146,0.895391,-0.584814
231,4.1139,0.892026,-0.599453
231,1.01697,1.60871,-0.617868
231,2.75112,1.23462,-0.583696
231,1.16746,1.56309,-0.671591
231,2.77966,1.83391,0.665723
231,1.02839,1.61104,-0.674906
231,0.949606,1.64854,-0.64444
231,0.988459,1.64197,-0.643795
231,2.93402,1.22152,-0.618083
231,2.82369,1.2886,-0.608691
231,2.84348,1.33963,-0.50497
231,2.82534,1.2987,-0.615795
231,1.12577,1.64652,-0.710115
231,2.84318,1.33893,-0.56224
231,2.33543,1.41697,-0.666544
231,2.9154,1.33743,-0.609693
231,2.19127,1.54422,-0.675938
231,2.34133,1.52725,-0.650297
231,2.01065,1.60142,-0.653831
231,3.6814,1.22059,-0.652727
231,2.9602,1.42095,-0.61683
231,2.96469,1.42112,-0.621673
231,2.89293,1.87545,0.284688
231,2.85718,1.87715,0.248394
231,2.88593,1.88539,0.262333
231,2.38959,1.56801,-0.653303
231,3.07262,1.42682,-0.62365
231,2.91234,1.88904,0.268617
231,2.89088,1.90183,0.281616
231,1.67506,1.76296,-0.63608
231,4.19583,1.18475,-0.660873
231,1.67171,1.77842,-0.647132
231,1.65907,1.81898,-0.593823
231,2.91331,1.94112,0.269254
231,2.34033,1.69491,-0.571676
231,2.11935,1.72268,-0.624523
231,2.87069,1.80177,-0.130962
231,2.87931,1.81598,-0.132773
231,2.83073,1.83788,-0.117367
231,2.34641,1.7254,-0.601125
231,2.861,1.84733,-0.102444
231,2.35743,1.71962,-0.622605
231,1.61204,1.868,-0.674318
231,1.82695,1.91294,-0.477312
231,1.62928,1.8774,-0.649266
231,2.11928,1.77623,-0.634835
231,1.63639,1.87036,-0.674225
231,2.86934,1.82785,-0.17601
231,1.61878,1.89529,-0.643093
231,2.87282,1.86295,-0.108699
231,3.53274,1.46449,-0.63401
231,3.15009,1.56574,-0.615076
231,1.90411,1.89591,-0.522188
231,3.52988,1.47726,-0.628912
231,4.59064,1.24693,-0.611844
231,2.11344,1.78445,-0.673236
231,3.14328,1.58607,-0.604339
231,3.18973,1.59932,-0.560431
231,1.60236,1.92342,-0.649478
231,2.35535,1.767,-0.617206
231,2.11088,1.79531,-0.679698
231,2.94067,1.88053,-0.109344
231,3.57233,1.5215,-0.567256
231,3.54135,1.50747,-0.612287
231,2.91243,1.86986,-0.162497
231,1.91874,1.92186,-0.539724
231,2.80793,1.83071,-0.315093
231,3.5947,1.53485,-0.569386
231,1.84632,1.90489,-0.639801
231,4.18804,1.40634,-0.578405
231,1.91042,1.93889,-0.555782
231,2.26378,1.80674,-0.665048
231,2.10188,1.83655,-0.690579
231,4.4467,1.34422,-0.600164
231,3.56766,1.51695,-0.660529
231,3.41457,1.57115,-0.622178
231,3.68735,1.50579,-0.629377
231,3.39178,1.5816,-0.615563
231,3.31908,1.61213,-0.592989
231,2.89707,1.87161,-0.255773
231,2.78488,1.80377,-0.455084
231,2.89291,1.87437,-0.255038
231,2.8984,1.87465,-0.259988
231,2.80057,1.77665,-0.520741
231,4.09399,1.45894,-0.571783
231,1.88267,1.93332,-0.646031
231,4.31547,1.37769,-0.646005
231,3.93617,1.47101,-0.641635
231,2.81445,1.81095,-0.468017
231,2.79867,1.78735,-0.527885
231,3.70591,1.53088,-0.632957
231,3.98596,1.43411,-0.705204
231,3.84622,1.51229,-0.61411
231,3.81644,1.50735,-0.643885
231,3.77316,1.51313,-0.658409
231,3.90581,1.49758,-0.627499
231,3.52849,1.59741,-0.602888
231,3.78145,1.54224,-0.597984
231,3.86412,1.51763,-0.621989
231,3.87786,1.50823,-0.644684
231,2.80168,1.83243,-0.491739
231,4.10027,1.49088,-0.592881
231,3.8745,1.55006,-0.577905
231,3.94966,1.50148,-0.646597
231,3.79152,1.54071,-0.64606
231,3.92033,1.54569,-0.592268
231,3.92722,1.55583,-0.5853
231,3.65745,1.6042,-0.626085
231,4.12846,1.50967,-0.604413
231,2.84791,1.82614,-0.577098
231,3.93799,1.56506,-0.609633
231,3.88176,1.57036,-0.626154
231,4.01837,1.57692,-0.578905
231,3.82744,1.61403,-0.602222
231,0.574771,2.49008,-0.390864
231,2.69715,1.90379,-0.625368
231,0.649184,2.60951,-0.148674
231,0.4935,2.46089,-0.578212
231,0.496672,2.49154,-0.51306
231,0.59142,2.59409,-0.290481
231,0.612206,2.48492,-0.58594
231,0.51178,2.57764,-0.546885
231,0.711146,2.62222,-0.364855
231,2.99111,1.9766,-0.676074
231,0.699583,2.72444,-0.264682
231,0.713445,2.62254,-0.476735
231,0.578395,2.58436,-0.62432
231,3.43735,1.95743,-0.605681
231,5.07662,1.64295,-0.533751
231,4.14826,1.82505,-0.599695
231,0.690521,2.59808,-0.637279
231,0.635318,2.60379,-0.666235
231,0.760153,2.63283,-0.598855
231,3.83672,2.75235,1.04296
231,5.06241,1.73147,-0.557943
231,3.82287,2.71437,0.860384
231,3.83834,2.75846,0.853396
231,4.32246,2.78612,1.14081
231,3.82709,2.73343,0.674222
231,3.8492,2.75632,0.619672
231,4.14583,2.13662,-0.645746
231,4.35315,2.932,1.11284
231,1.60602,2.84338,-0.5607
231,5.05462,2.03438,-0.654268
231,4.35155,2.80016,0.596037
231,4.35157,2.81214,0.600465
231,4.35919,2.88007,0.700023
231,4.37286,2.83999,0.606789
231,3.62869,2.73574,-0.00603426
231,4.14424,3.09851,0.990021
231,3.79837,2.7621,-0.0490919
231,5.10804,2.16715,-0.691224
231,5.06578,2.22809,-0.678303
231,3.67327,2.86822,-0.0159413
231,3.63047,2.90088,0.0204335
231,3.68275,2.85782,-0.0482826
231,3.63228,2.92255,0.0152499
231,3.7088,2.94099,0.0609775
231,3.72482,2.95194,0.0655069
231,3.56425,2.82693,-0.277307
231,3.66298,2.96824,0.0299606
231,3.74484,3.00822,0.0775728
231,3.77191,2.97967,0.0264291
231,3.74444,2.80009,-0.379223
231,3.75044,3.01917,0.0467051
231,3.7798,2.82614,-0.382752
231,3.74896,2.74467,-0.571018
231,4.26044,3.30197,0.782995
231,5.07157,3.01073,0.549374
231,3.77469,2.77872,-0.596452
231,3.79777,2.87521,-0.38307
231,3.79839,2.78776,-0.614691
231,3.78862,2.80129,-0.603299
231,3.85572,2.82095,-0.537575
231,3.77552,2.81911,-0.592137
231,5.13396,3.07191,0.52207
231,3.8287,2.96511,-0.437813
231,3.89823,2.91663,-0.563901
231,3.83366,2.92108,-0.599033
231,3.37331,2.95038,-0.800957
231,5.03259,2.81701,-0.503852
231,4.99901,2.86375,-0.533861
231,5.03265,2.9261,-0.521239
231,4.9895,2.95762,-0.5162
231,5.0905,2.96819,-0.563159
231,5.06147,2.96216,-0.608711
231,5.14074,3.27929,-0.81699
231,5.14434,3.28283,-0.835307
231,1.9151,1.53979,-0.382655
230,1.9151,1.53979,-0.382655
231,3.94423,1.52345,-0.603473
230,3.94423,1.52345,-0.603473
231,1.48113,0.950764,-0.438174
230,1.48113,0.950764,-0.438174
231,3.05503,1.45623,-0.798428
230,3.05503,1.45623,-0.798428
231,3.10842,0.657659,-0.634462
230,3.10842,0.657659,-0.634462
231,3.82751,0.960942,-0.28124
230,3.82751,0.960942,-0.28124
231,3.68123,1.30321,-0.467951
230,3.68123,1.30321,-0.467951
231,2.83528,1.66299,-0.243604
229,2.83528,1.66299,-0.243604
231,3.79465,0.632573,-0.385524
229,3.79465,0.632573,-0.385524
231,3.78897,0.695323,-0.564466
229,3.78897,0.695323,-0.564466
231,1.84287,0.919838,-0.583742
229,1.84287,0.919838,-0.583742
231,3.03364,2.20548,-0.503582
222,3.03364,2.20548,-0.503582
231,2.2844,1.50142,-0.412046
222,2.2844,1.50142,-0.412046
231,2.26162,1.36972,-0.327408
222,2.26162,1.36972,-0.327408
231,2.57882,0.90372,-0.63201
222,2.57882,0.90372,-0.63201
231,3.93687,1.89941,-0.241074
228,3.93687,1.89941,-0.241074
231,3.20102,0.502013,-0.599207
228,3.20102,0.502013,-0.599207
231,3.00114,0.752119,-0.634516
228,3.00114,0.752119,-0.634516
231,2.38318,1.38912,-0.59568
224,2.38318,1.38912,-0.59568
231,3.10233,0.496512,-0.589838
224,3.10233,0.496512,-0.589838
231,4.01833,0.791833,-0.478869
224,4.01833,0.791833,-0.478869
231,4.48091,2.63949,-0.541513
224,4.48091,2.63949,-0.541513
231,4.47956,2.76627,-0.634526
224,4.47956,2.76627,-0.634526
231,2.34054,1.53219,-0.646231
216,2.34054,1.53219,-0.646231
231,2.26107,0.881324,-0.732702
216,2.26107,0.881324,-0.732702
231,3.91094,2.96669,-0.126408
216,3.91094,2.96669,-0.126408
231,2.70585,2.10251,-0.771293
216,2.70585,2.10251,-0.771293
231,3.23594,0.68388,-0.614574
216,3.23594,0.68388,-0.614574
231,7.73734,7.79872,-1.10963
210,7.73734,7.79872,-1.10963
231,3.12318,0.521659,-0.613536
210,3.12318,0.521659,-0.613536
231,4.12019,1.08373,-0.606003
210,4.12019,1.08373,-0.606003
231,4.20969,1.18131,-0.649569
210,4.20969,1.18131,-0.649569
231,2.21515,1.59918,-0.724806
214,2.21515,1.59918,-0.724806
231,2.21456,1.5977,-0.721781
214,2.21456,1.5977,-0.721781
231,4.3954,2.34471,-0.50238
214,4.3954,2.34471,-0.50238
232,2.84711,1.38799,0.365796
232,1.82611,1.87214,1.23673
232,1.845,1.88377,1.23542
232,1.83239,1.89443,1.23309
232,1.86909,1.86676,0.955829
232,1.82699,1.92506,1.23502
232,1.87064,1.91844,0.950542
232,1.87601,1.89522,0.669371
232,2.78723,1.82757,1.17433
232,2.77552,1.82719,1.15546
232,2.81448,1.84445,1.26089
232,2.81791,1.85481,1.26104
232,2.80625,1.85973,1.26005
232,1.8111,2.02917,1.24547
232,2.82354,1.88237,1.24206
232,2.80998,1.88889,1.25417
232,1.8118,2.05779,1.24557
232,2.8203,1.797,-0.519386
232,1.89538,1.94711,-0.577068
232,2.88792,1.8447,-0.233125
232,2.89595,1.89756,0.086675
232,2.83957,1.82835,-0.513853
232,2.90886,1.93946,0.292785
232,2.87384,1.93988,0.254249
232,2.90659,1.94654,0.326867
232,2.89186,1.89499,-0.0653418
232,2.91677,1.95461,0.296037
232,2.90366,1.8726,-0.278123
232,3.1412,1.95699,-0.0879306
232,3.14069,1.95834,-0.0807869
232,3.18055,1.96637,-0.0672255
232,0.711142,2.47104,-0.250504
232,0.617407,2.44891,-0.580642
232,0.607273,2.44898,-0.592804
232,0.678445,2.44844,-0.554953
232,0.70443,2.49427,-0.263876
232,0.680548,2.50738,-0.209434
232,0.704196,2.4879,-0.330196
232,0.738595,2.4514,-0.578504
232,0.611463,2.52451,-0.2725
232,0.733932,2.46167,-0.559934
232,0.701569,2.49461,-0.382042
232,0.689539,2.46908,-0.56494
232,0.758812,2.5081,-0.262692
232,0.568908,2.54932,-0.236872
232,0.612479,2.54403,-0.232786
232,0.677508,2.51572,-0.348679
232,0.625404,2.53874,-0.277362
232,0.744773,2.52449,-0.273794
232,0.746978,2.54444,-0.148373
232,0.679029,2.50191,-0.52767
232,0.740523,2.51484,-0.405294
232,0.689213,2.51441,-0.46691
232,0.613567,2.58137,-0.168125
232,0.748821,2.53361,-0.347227
232,0.755871,2.49843,-0.575713
232,0.659643,2.57619,-0.17102
232,0.599033,2.56055,-0.361032
232,0.73692,2.51452,-0.513751
232,0.746142,2.54785,-0.287231
232,0.732169,2.52456,-0.468514
232,0.72078,2.51037,-0.600201
232,0.736121,2.56147,-0.283422
232,0.731497,2.57105,-0.229814
232,0.727467,2.55379,-0.352785
232,0.634029,2.81584,1.27816
232,0.660247,2.53809,-0.536919
232,0.662217,2.55981,-0.401392
232,0.733184,2.54758,-0.407791
232,0.743619,2.54718,-0.40303
232,0.753006,2.55779,-0.338883
232,0.716945,2.58902,-0.17245
232,0.726574,2.55654,-0.382902
232,0.753579,2.55705,-0.362672
232,0.735121,2.5446,-0.476168
232,0.723235,2.53821,-0.534914
232,0.723405,2.53799,-0.543585
232,0.747769,2.54845,-0.468221
232,0.785275,2.55776,-0.583784
232,0.745757,2.62276,-0.218978
232,2.34562,2.69941,1.94398
232,2.38059,2.61691,1.3514
232,2.38277,2.62754,1.34172
232,2.34021,2.65011,1.36378
232,2.35161,2.74201,1.95905
232,2.35482,2.7442,1.96951
232,2.23825,2.67995,1.36559
232,2.3839,2.65836,1.34066
232,2.36215,2.66653,1.35903
232,2.38681,2.66149,1.34857
232,2.35713,2.74996,1.8586
232,2.39291,2.66935,1.34685
232,2.3353,2.68176,1.35817
232,2.35035,2.75158,1.78803
232,2.36004,2.78109,1.97917
232,2.3536,2.74886,1.75204
232,2.39371,2.68383,1.34577
232,2.3537,2.75422,1.75722
232,2.35801,2.76398,1.79593
232,2.34184,2.78953,1.94405
232,2.14085,2.80799,1.76239
232,2.33968,2.77842,1.77558
232,2.2041,2.74248,1.37239
232,2.20688,2.74782,1.37605
232,2.34785,2.72974,1.36845
232,2.1536,2.8164,1.72067
232,2.13988,2.82759,1.76804
232,2.15823,2.83311,1.81755
232,2.10601,2.84286,1.81681
232,1.55975,2.85118,1.24855
232,2.15654,2.83149,1.75642
232,2.14071,2.82985,1.66327
232,2.16304,2.85818,1.85799
232,4.94613,2.17014,0.372972
232,2.1804,2.82299,1.59372
232,2.19667,2.81909,1.58041
232,2.19784,2.82064,1.58739
232,2.1829,2.83825,1.67059
232,2.16452,2.82848,1.58438
232,2.18292,2.85184,1.74934
232,2.18941,2.84497,1.69735
232,2.18646,2.83682,1.62981
232,2.16179,2.84335,1.62363
232,2.18582,2.87403,1.85164
232,2.21129,2.83581,1.62196
232,2.14177,2.86159,1.69974
232,2.15965,2.85464,1.65424
232,2.20202,2.83677,1.57817
232,2.10579,2.82926,1.40974
232,2.22157,2.85119,1.59851
232,2.18748,2.88497,1.72023
232,2.35298,2.89437,1.80686
232,1.54873,2.9611,1.34502
232,1.55765,2.96481,1.36076
232,5.04267,2.15086,-0.180058
232,1.55089,2.96384,1.33445
232,2.08697,2.90251,1.41884
232,2.20749,2.91313,1.59658
232,1.53952,2.98982,1.33505
232,2.36353,2.94318,1.84443
232,4.97097,2.25841,0.0326102
232,1.53047,3.04776,1.3531
232,4.96966,2.31699,0.212143
232,4.83895,2.55997,1.58079
232,4.84409,2.56929,1.56515
232,1.58776,2.79974,-0.584346
232,4.86146,2.59034,1.58092
232,4.8291,2.58411,1.4898
232,1.61157,2.81361,-0.554259
232,4.81018,2.58031,1.37021
232,3.81947,2.81627,1.78997
232,4.79368,2.57623,1.23763
232,4.82946,2.59266,1.36641
232,1.61468,2.83367,-0.598486
232,3.82875,2.82405,1.77775
232,1.61214,2.83539,-0.600016
232,3.83299,2.7384,1.15558
232,3.8159,2.74415,1.15377
232,4.85954,2.63121,1.49346
232,3.83298,2.75104,1.14795
232,3.82651,2.75531,1.16742
232,3.70011,2.94515,2.26714
232,3.83132,2.84766,1.76047
232,3.70022,2.78657,1.20147
232,3.8272,2.75781,1.14982
232,1.57672,2.8724,-0.598988
232,3.71161,2.94898,2.26999
232,3.80346,2.76579,1.15096
232,3.83434,2.76448,1.17612
232,4.86112,2.6022,1.21926
232,4.86186,2.62515,1.3716
232,3.77511,2.87911,1.84263
232,3.83548,2.75127,1.06088
232,3.82738,2.7666,1.15344
232,3.82922,2.76722,1.14844
232,3.82702,2.77258,1.17871
232,3.84315,2.75193,1.05845
232,3.67942,2.96927,2.28867
232,3.85774,2.75476,1.063
232,3.81852,2.77545,1.13962
232,3.82996,2.75925,1.04362
232,4.86285,2.61256,1.20691
232,3.82896,2.76765,1.07644
232,3.75686,2.78876,1.13063
232,4.89792,2.65123,1.47278
232,4.82609,2.67364,1.51718
232,4.87965,2.6203,1.21952
232,3.7812,2.80162,1.19692
232,4.89299,2.61856,1.20985
232,3.84132,2.75231,0.930294
232,3.68,2.98551,2.27603
232,3.86054,2.7789,1.0682
232,3.85008,2.79823,1.14017
232,4.85564,2.67278,1.38371
232,3.78495,2.82246,1.18978
232,3.83024,2.81518,1.14901
232,3.59912,2.70533,0.153525
232,3.84381,2.78666,0.925051
232,4.90385,2.665,1.23464
232,3.85006,2.79107,0.901808
232,3.78263,2.85073,1.19758
232,3.50677,2.73782,0.0997786
232,3.81981,2.76472,0.61399
232,3.8299,2.76888,0.650889
232,3.8654,2.82919,1.07168
232,3.86774,2.82518,1.04498
232,3.83511,2.77258,0.63094
232,3.77563,2.79127,0.655853
232,4.32072,2.77654,1.13795
232,3.87307,2.81344,0.886441
232,3.7838,2.78189,0.555825
232,3.81548,2.78035,0.565022
232,3.82871,2.78393,0.599214
232,3.79857,2.88667,1.20726
232,3.80003,2.8044,0.643247
232,3.68434,2.80302,0.50282
232,3.80654,2.794,0.562012
232,3.8725,2.80376,0.662158
232,3.87847,2.80603,0.633461
232,3.76229,2.81984,0.596081
232,3.84717,2.81469,0.603775
232,3.79237,2.75079,0.105648
232,3.76914,2.83001,0.599706
232,3.80067,2.7729,0.255149
232,4.3406,2.81739,1.1335
232,3.69378,2.67574,-0.522543
232,3.80869,2.83361,0.625721
232,4.34519,2.82176,1.13844
232,4.33008,2.82412,1.13262
232,4.30353,2.83081,1.12977
232,3.73076,2.86641,0.712605
232,3.89107,2.8286,0.621549
232,4.29055,2.76811,0.643884
232,4.36643,2.83948,1.17978
232,4.36919,2.8473,1.13833
232,3.79195,2.69761,-0.499263
232,4.3763,2.85307,1.1774
232,3.81014,2.77697,0.0138312
232,4.94027,2.85998,1.7881
232,4.36003,2.84667,0.904473
232,4.32717,2.82385,0.642994
232,3.80563,2.9973,1.1965
232,4.35613,2.8836,1.03278
232,3.77254,2.78962,-0.317671
232,3.75135,2.79289,-0.358446
232,3.76918,2.75679,-0.588015
232,3.78764,2.9048,0.412084
232,3.58819,2.88388,0.0513076
232,3.72044,2.87344,0.10891
232,3.81565,2.93469,0.589193
232,3.72358,2.89355,0.206261
232,3.62304,2.88763,0.0547428
232,4.38567,2.84138,0.579921
232,3.36477,2.92228,-0.0288465
232,4.37543,2.85027,0.60774
232,3.84567,2.7777,-0.510894
232,3.36521,2.93566,0.00126696
232,3.72612,2.89617,0.138164
232,3.66737,2.90051,0.0978968
232,3.79585,2.9483,0.555309
232,3.76848,2.80806,-0.43155
232,3.40099,2.93635,-0.00541282
232,3.41284,2.93566,-0.0302813
232,3.77174,2.7941,-0.575778
232,4.37359,2.87557,0.628209
232,3.41313,2.93941,-0.0228366
232,3.77255,2.95918,0.496526
232,4.84302,2.95279,1.63711
232,3.72841,2.91151,0.12815
232,4.39511,2.87505,0.612566
232,4.3692,2.87968,0.604391
232,3.85822,2.79044,-0.55295
232,3.29579,2.91473,-0.35972
232,3.46938,2.91607,-0.174415
232,3.83792,3.06028,1.18849
232,3.83936,3.05788,1.17217
232,3.82769,2.80233,-0.55303
232,3.82283,3.06798,1.19516
232,3.79048,2.97352,0.530488
232,3.53863,2.93109,-0.0302575
232,3.82863,2.80358,-0.560191
232,3.78707,2.80537,-0.595409
232,3.80837,2.95423,0.413363
232,3.49686,2.94494,0.00446361
232,3.78266,2.97128,0.49165
232,3.79872,2.84245,-0.348405
232,3.42881,2.91962,-0.250793
232,3.47808,2.95,0.00181717
232,3.64443,2.93013,0.0383871
232,3.50183,2.95334,0.00392449
232,3.60973,2.9374,0.00647658
232,3.29281,2.91472,-0.496765
232,3.54432,2.95068,0.00723433
232,3.83319,2.81668,-0.584858
232,4.90622,2.96063,1.54514
232,3.83492,2.81919,-0.578497
232,3.42455,2.9049,-0.487404
232,3.25689,2.93064,-0.505162
232,3.58908,2.95297,0.00917149
232,3.70098,2.94637,0.0868533
232,3.79765,2.99669,0.520345
232,3.68809,2.95003,0.0870907
232,3.79432,2.82878,-0.60976
232,3.81313,3.00028,0.546514
232,3.8027,3.01874,0.656693
232,3.46565,2.90289,-0.484948
232,3.64774,2.95224,0.0302292
232,3.72617,2.95419,0.129858
232,3.81816,2.82314,-0.641957
232,3.67918,2.93978,-0.024978
232,3.70056,2.95404,0.0867135
232,3.50691,2.90106,-0.482561
232,4.87329,2.99419,1.64445
232,3.46908,2.90417,-0.506668
232,3.64052,2.94773,-0.0296972
232,3.64899,2.95804,0.0428234
232,4.87874,2.99161,1.6094
232,3.65763,2.95966,0.0443681
232,3.72247,2.95552,0.0876441
232,3.63812,2.95304,-0.022791
232,3.6548,2.95932,0.00238901
232,3.68146,2.95403,-0.0118802
232,3.68304,2.95464,-0.0207137
232,3.76277,2.97676,0.19485
232,3.699,2.96198,0.0128974
232,3.63448,2.89908,-0.487513
232,3.63388,2.90114,-0.477745
232,3.70536,2.96365,0.011016
232,3.85314,2.84137,-0.640992
232,3.4773,2.92614,-0.523323
232,4.89103,2.99853,1.51614
232,3.6926,2.98185,0.0761875
232,3.7298,2.97926,0.079223
232,4.95232,2.97826,1.40279
232,3.60515,2.91484,-0.513515
232,3.74474,2.96547,-0.0247974
232,3.68071,2.91013,-0.47992
232,3.47317,2.93765,-0.528641
232,3.7676,2.9896,0.116465
232,3.73716,2.98961,0.0770679
232,3.70575,2.98998,0.0114624
232,3.7453,2.98389,-0.00972426
232,4.91897,3.03349,1.61115
232,3.74145,2.98689,-0.0186417
232,3.74227,2.98584,-0.0270967
232,3.82808,2.91711,-0.391701
232,3.64864,2.93212,-0.51966
232,3.75261,2.99145,-0.0194191
232,3.75389,2.99136,-0.0281614
232,3.6941,2.93345,-0.518573
232,3.83413,2.93295,-0.384635
232,4.93971,3.04458,1.52967
232,4.889,3.16085,2.2257
232,4.12714,2.86529,-0.626317
232,3.7883,3.02324,0.017318
232,3.7996,2.96254,-0.400321
232,4.94096,3.08683,1.6306
232,4.9522,3.07862,1.54717
232,4.85378,3.1951,2.18332
232,5.04709,3.18659,2.29647
232,5.00865,3.21148,2.37569
232,4.97705,3.07184,1.4001
232,5.09113,3.10175,1.70447
232,5.08239,3.02704,1.13334
232,4.96761,3.12985,1.65005
232,4.93506,3.1865,1.903
232,5.05526,2.96243,0.548021
232,4.90343,3.19264,1.87545
232,4.93119,3.09605,1.23132
232,5.10032,3.06108,1.18401
232,4.97629,3.09381,1.25103
232,5.01854,3.19653,1.94386
232,4.99414,3.212,1.9226
232,5.08355,3.0783,1.13127
232,5.07422,2.99377,0.543516
232,5.09324,3.08341,1.10664
232,4.93848,3.12739,1.22495
232,4.98376,3.12919,1.25142
232,4.97966,2.87378,-0.556107
232,5.10259,3.17558,1.57044
232,5.06924,3.26068,1.9602
232,5.04347,3.16546,1.29691
232,5.13704,3.04436,0.538698
232,5.07116,3.17365,1.27536
232,5.06271,3.18246,1.27232
232,5.03022,3.20898,1.24199
232,5.04761,2.93949,-0.578093
232,4.51623,3.40902,0.95367
232,4.53885,3.42069,0.950504
232,4.5401,3.43676,0.964643
232,4.5461,3.43217,0.74492
232,4.59474,3.51929,0.729715
232,4.46019,3.61806,0.717943
232,4.23601,5.05802,-0.596296
232,4.30622,5.06721,-0.594972
232,4.25415,5.11278,-0.609141
232,4.227,5.15138,-0.622487
232,3.34319,2.87026,-0.00553118
226,3.34319,2.87026,-0.00553118
232,3.44967,2.81944,0.00798065
226,3.44967,2.81944,0.00798065
232,3.29356,2.78681,-0.467726
226,3.29356,2.78681,-0.467726
232,3.85605,3.09697,1.86656
226,3.85605,3.09697,1.86656
232,4.88984,2.98609,2.22158
226,4.88984,2.98609,2.22158
232,3.57439,2.38238,0.668826
226,3.57439,2.38238,0.668826
232,3.74531,2.71273,0.652708
226,3.74531,2.71273,0.652708
232,3.68262,2.55058,0.544042
226,3.68262,2.55058,0.544042
232,3.24135,2.53402,-0.355507
227,3.24135,2.53402,-0.355507
232,3.70669,2.64768,0.596298
227,3.70669,2.64768,0.596298
232,3.72739,2.69939,0.593866
227,3.72739,2.69939,0.593866
232,3.59288,2.67059,0.0485754
227,3.59288,2.67059,0.0485754
232,3.94791,3.15276,0.517823
227,3.94791,3.15276,0.517823
232,3.69945,2.82957,0.518603
227,3.69945,2.82957,0.518603
232,2.74854,1.61308,-0.395729
225,2.74854,1.61308,-0.395729
232,3.36886,3.07425,-0.0763248
231,3.36886,3.07425,-0.0763248
232,3.09166,2.34627,0.163247
231,3.09166,2.34627,0.163247
232,1.60634,2.76298,-0.528388
231,1.60634,2.76298,-0.528388
232,1.91074,1.81408,-0.531891
231,1.91074,1.81408,-0.531891
232,3.02459,2.28591,-0.258719
231,3.02459,2.28591,-0.258719
232,3.49933,3.04009,-0.0573391
52,3.49933,3.04009,-0.0573391
232,4.15296,3.34693,-0.898183
52,4.15296,3.34693,-0.898183
232,2.88213,1.88234,0.300068
212,2.88213,1.88234,0.300068
232,1.55899,2.93793,1.34464
164,1.55899,2.93793,1.34464
232,3.7536,2.7295,0.547752
164,3.7536,2.7295,0.547752
232,2.18157,2.21712,1.34478
164,2.18157,2.21712,1.34478
232,4.32633,3.41916,0.953418
213,4.32633,3.41916,0.953418
232,3.68837,2.71343,0.594833
213,3.68837,2.71343,0.594833
232,3.78347,3.04196,0.106724
213,3.78347,3.04196,0.106724
232,1.75098,2.42424,0.809862
53,1.75098,2.42424,0.809862
232,1.53568,3.27265,-0.615041
53,1.53568,3.27265,-0.615041
232,3.95581,2.96767,0.63506
49,3.95581,2.96767,0.63506
232,4.40975,1.89572,-0.457507
230,4.40975,1.89572,-0.457507
233,2.43031,0.982224,1.69053
233,2.71363,1.38966,1.88476
233,1.88304,1.89913,0.52592
233,1.87621,1.9034,0.528694
233,1.87165,1.9266,0.516127
233,1.87082,1.93329,0.517477
233,2.89495,1.81045,1.98566
233,2.81427,1.85006,1.26494
233,2.81953,1.86667,1.26734
233,2.82046,1.87479,1.2585
233,2.80448,1.89426,1.26014
233,2.82411,1.92089,1.25633
233,2.83282,1.94024,0.943412
233,2.89402,1.95028,0.372825
233,2.88057,1.96184,0.382755
233,2.89915,1.96929,0.36722
233,3.14837,2.00194,0.308432
233,3.13931,2.00549,0.293237
233,3.17345,2.00727,0.246496
233,3.16741,2.00713,0.307594
233,2.05102,2.29773,2.08301
233,0.745383,2.6218,-0.140373
233,0.723279,2.6902,-0.177912
233,2.04626,2.47267,1.27433
233,2.04135,2.50461,1.2775
233,0.663002,2.7608,1.28427
233,0.642522,2.8094,1.34272
233,0.631266,2.82389,1.29334
233,3.05642,2.44471,2.33889
233,4.96156,2.19483,0.381479
233,2.1304,2.64248,1.73904
233,2.34067,2.63191,1.79465
233,2.75695,2.55875,2.34515
233,2.13389,2.6744,1.81598
233,2.1907,2.64843,2.61581
233,2.19777,2.64989,2.61275
233,2.3401,2.64744,1.91792
233,1.56719,2.81218,0.172505
233,2.09722,2.69639,1.79602
233,2.13655,2.69568,1.76607
233,2.63941,2.60365,2.35023
233,0.572797,2.95478,1.34675
233,2.33765,2.66213,2.18109
233,2.35382,2.66487,1.94971
233,2.34291,2.6708,1.92069
233,2.62233,2.62136,2.29398
233,2.34382,2.66866,2.17448
233,2.522,2.64103,2.41703
233,2.52956,2.64419,2.45004
233,2.15641,2.72108,1.71796
233,1.5791,2.85796,-0.262981
233,2.23837,2.74152,0.354633
233,2.34767,2.68758,2.1933
233,2.63427,2.63924,2.33375
233,2.62896,2.64138,2.29216
233,1.58071,2.86548,-0.266194
233,2.64674,2.64185,2.37608
233,2.52199,2.66238,2.35427
233,2.34695,2.69976,2.20753
233,2.6303,2.65536,2.3097
233,2.15579,2.74562,1.66611
233,2.4973,2.67244,2.51786
233,2.15247,2.74599,1.7637
233,2.52316,2.67542,2.32956
233,1.57986,2.8835,-0.27915
233,2.15499,2.76423,1.74735
233,2.52522,2.70312,2.33532
233,2.52209,2.7057,2.32958
233,1.58475,2.91449,-0.261549
233,2.78312,2.67155,2.38814
233,2.47488,2.72158,2.37149
233,2.15781,2.79203,1.7327
233,2.17422,2.79315,1.56962
233,4.92875,2.38916,0.375267
233,2.53372,2.73019,2.34574
233,2.15834,2.80657,1.63184
233,2.35322,2.765,2.19961
233,2.3601,2.7706,1.9926
233,2.65983,2.71432,2.39854
233,2.64582,2.71965,2.33069
233,5.00205,2.39033,0.482443
233,2.17639,2.81619,1.70904
233,2.27006,2.79533,2.26613
233,0.609996,3.11374,0.136568
233,3.10048,2.6723,2.40575
233,3.28274,2.6503,2.32121
233,2.54278,2.76736,2.35373
233,2.97869,2.7018,2.29983
233,2.1853,2.84773,1.49119
233,3.1063,2.68584,2.41316
233,3.59442,2.66566,0.0582358
233,2.2636,2.82816,2.28742
233,3.25477,2.68553,2.30375
233,2.17932,2.86977,1.7797
233,3.17534,2.69912,2.38473
233,2.18137,2.87472,1.70541
233,3.25331,2.69213,2.33085
233,3.5347,2.69839,0.10952
233,2.3401,2.84025,2.26691
233,3.57515,2.6953,0.156001
233,2.28044,2.85294,2.29585
233,2.49206,2.81769,2.43945
233,3.06836,2.72717,2.40762
233,2.28335,2.8561,2.30051
233,1.52621,3.00146,1.33548
233,3.77279,2.64337,1.47648
233,3.29473,2.70151,2.35972
233,3.58404,2.70601,0.161817
233,3.25658,2.7164,2.33659
233,2.18212,2.90422,1.62369
233,3.99423,2.64268,0.567051
233,2.18326,2.90888,1.64122
233,2.27398,2.88158,2.31236
233,3.07515,2.75343,2.43327
233,2.98201,2.76997,2.4171
233,3.77961,2.6647,1.48016
233,2.17903,2.91277,1.79149
233,2.27916,2.88672,2.29962
233,2.26923,2.88866,2.2953
233,3.7883,2.68311,0.743724
233,2.3557,2.88277,1.97492
233,3.79725,2.68931,0.742465
233,2.28487,2.89256,2.36663
233,2.37321,2.90372,1.34136
233,2.17686,2.91777,2.20101
233,3.80312,2.69326,0.908858
233,3.27065,2.74755,2.3884
233,3.7468,2.71553,0.668
233,3.8169,2.70559,0.630263
233,3.79881,2.71198,0.646392
233,2.1698,2.93516,2.21738
233,3.76656,2.69344,1.76746
233,3.65163,2.75229,0.119589
233,3.72978,2.70324,1.7619
233,2.18548,2.94838,1.85399
233,3.74739,2.73031,0.658129
233,3.42651,2.74301,2.38299
233,3.71496,2.7372,0.617376
233,3.7994,2.72448,0.621051
233,3.8009,2.72458,0.606172
233,2.18931,2.95473,1.80153
233,3.80729,2.71863,0.922166
233,3.81128,2.72402,0.744838
233,2.20944,2.95892,1.72882
233,3.77008,2.7112,1.76432
233,3.68178,2.75262,0.545075
233,3.80788,2.72565,0.920588
233,3.764,2.71476,1.72272
233,3.00552,2.82063,2.42431
233,2.99217,2.82491,2.36595
233,2.50859,2.89878,2.54028
233,2.28276,2.93771,2.49819
233,2.35516,2.92774,2.52802
233,3.07124,2.82128,2.37697
233,3.41687,2.76662,2.38955
233,3.441,2.76432,2.33562
233,2.20372,2.97501,1.68732
233,3.78681,2.75014,0.563902
233,3.82499,2.741,0.743189
233,3.81843,2.74532,0.6326
233,0.560935,3.27651,-0.03098
233,3.74154,2.73257,1.76399
233,2.34954,2.94049,2.32968
233,3.62947,2.74182,2.41474
233,3.82101,2.75325,0.605279
233,3.82565,2.75394,0.605475
233,3.79761,2.75904,0.57689
233,3.76794,2.73784,1.73017
233,3.28256,2.80168,2.43058
233,2.41236,2.96428,1.33886
233,3.25087,2.80745,2.45216
233,2.21899,2.96217,2.86922
233,3.03258,2.84412,2.46779
233,3.6078,2.75476,2.40662
233,2.36153,2.95161,2.49473
233,2.35936,2.95157,2.51645
233,2.27857,2.96928,2.34251
233,1.5306,3.11013,1.35344
233,3.80261,2.76809,0.573981
233,3.82309,2.75903,0.877148
233,3.79036,2.77321,0.525682
233,3.83344,2.75445,1.0881
233,3.76893,2.77659,0.663948
233,3.00192,2.86012,2.38589
233,3.74471,2.76963,1.20545
233,3.78884,2.74969,1.78403
233,3.83244,2.76251,0.921343
233,3.80032,2.74935,1.7854
233,3.79139,2.75248,1.77375
233,3.8315,2.76258,1.05279
233,3.78603,2.77888,0.655863
233,3.81121,2.7775,0.563353
233,3.03962,2.85804,2.44333
233,3.80333,2.75298,1.77531
233,3.78861,2.78185,0.63058
233,3.68492,2.81029,0.12269
233,3.69122,2.80189,0.534638
233,3.44513,2.80099,2.36412
233,3.79785,2.75824,1.78094
233,3.81911,2.79603,-0.0512228
233,3.29415,2.82457,2.47444
233,3.62126,2.77733,2.38857
233,3.82363,2.8029,-0.162867
233,3.76811,2.76896,1.74201
233,4.05106,2.7259,1.73364
233,3.7428,2.80413,0.425124
233,3.77532,2.76918,1.77058
233,3.82321,2.8054,-0.145662
233,3.04434,2.87284,2.3645
233,3.74998,2.80053,0.617954
233,3.62015,2.78498,2.23814
233,3.04435,2.87441,2.36967
233,3.79252,2.81272,-0.0949347
233,3.78001,2.77359,1.76412
233,3.79179,2.79991,0.621035
233,3.77732,2.77632,1.78135
233,3.29008,2.83792,2.50654
233,3.46014,2.81124,2.50512
233,3.7045,2.81916,0.539064
233,3.86716,2.78526,0.914763
233,3.80561,2.82075,-0.188897
233,3.44813,2.81907,2.41869
233,3.75672,2.81113,0.603326
233,3.29525,2.84193,2.53677
233,2.48004,2.97189,2.54176
233,3.50272,2.81596,2.39256
233,4.05649,2.74578,1.73998
233,3.47836,2.82568,2.34734
233,3.81875,2.8121,0.554467
233,3.83095,2.8287,-0.156064
233,3.44145,2.82963,2.58359
233,3.78705,2.83626,-0.122399
233,3.81224,2.83412,-0.189471
233,3.46573,2.83267,2.51701
233,3.66781,2.85561,0.136743
233,3.72233,2.82476,1.20264
233,3.09173,2.90017,2.36706
233,3.2717,2.92713,-0.0571015
233,3.47379,2.84168,2.34954
233,3.74543,2.84328,0.427734
233,3.46366,2.89955,-0.0391335
233,3.77721,2.82338,1.18928
233,3.6405,2.82244,2.24714
233,2.36419,3.02284,2.37514
233,3.775,2.81622,1.62818
233,3.63578,2.87436,0.116059
233,2.51738,2.99787,2.58651
233,3.79488,2.85936,-0.138643
233,3.49092,2.85389,2.39399
233,3.65794,2.84053,2.24543
233,3.46665,2.92206,0.0181268
233,3.69806,2.88712,0.00273216
233,3.49119,2.86508,2.44489
233,3.75805,2.86951,0.422725
233,3.72703,2.87335,0.473942
233,3.49562,2.86907,2.41862
233,4.31272,2.78359,0.646612
233,3.34258,2.95346,0.00197327
233,3.79227,2.84827,1.62734
233,3.73552,2.88497,0.443963
233,3.49122,2.93408,0.0152794
233,3.76773,2.88255,0.409136
233,3.76117,2.88006,0.56676
233,2.3768,3.07286,2.02646
233,3.75767,2.86313,1.63274
233,3.73705,2.87986,1.18446
233,4.94054,2.69555,1.25786
233,4.92913,2.69646,1.38736
233,3.70294,2.92202,0.0121818
233,4.31619,2.80743,0.87798
233,3.81841,2.89726,0.410469
233,3.63777,2.89115,2.30454
233,4.93313,2.71277,1.25757
233,4.31838,2.81515,1.05398
233,4.97209,2.7088,1.21584
233,4.8789,2.74001,0.581382
233,4.32347,2.82782,0.621172
233,3.7195,2.9382,-0.00834835
233,3.76042,2.92215,0.4405
233,3.11417,2.97225,2.89309
233,3.76032,2.88655,2.16799
233,4.66599,2.75684,1.57703
233,4.36178,2.83158,0.623142
233,3.79214,2.9276,0.401828
233,4.68764,2.77452,1.22365
233,4.36266,2.83981,0.623979
233,4.80311,2.74799,1.63915
233,4.99157,2.72795,1.22876
233,2.52248,3.07943,3.01375
233,3.79515,2.93704,0.405097
233,4.9011,2.76279,0.554314
233,2.94605,3.02723,2.6188
233,4.34417,2.84469,0.899449
233,4.91568,2.74636,1.26513
233,3.65176,2.92684,2.27539
233,4.35438,2.84241,1.09199
233,4.36707,2.84803,0.909247
233,4.36195,2.85337,0.873139
233,4.38404,2.85686,0.602547
233,4.37227,2.84911,1.04526
233,4.80091,2.77144,1.64076
233,4.37193,2.85799,0.911772
233,4.19416,2.88522,0.963085
233,4.81022,2.77721,1.64226
233,3.07759,3.02581,2.88673
233,4.73025,2.79528,1.5146
233,5.01769,2.75819,1.2134
233,4.81274,2.7818,1.65733
233,5.03425,2.75784,1.20107
233,4.34129,2.88075,0.733463
233,4.98981,2.76624,1.26047
233,3.11442,3.02881,2.89065
233,3.77368,2.98197,0.698575
233,5.00956,2.7763,1.24439
233,4.39319,2.87822,1.05632
233,4.69149,2.82009,1.57194
233,4.35677,2.88879,0.875585
233,5.03404,2.79063,0.520987
233,4.98908,2.78003,1.40067
233,4.72215,2.8191,1.58811
233,2.95477,3.08,2.51891
233,4.35936,2.89596,0.899069
233,4.98509,2.78822,1.52135
233,3.09274,3.05945,2.91098
233,4.40646,2.89283,1.16781
233,4.77055,2.8336,1.36954
233,2.48721,3.17061,2.57932
233,5.04419,2.79715,1.2243
233,4.7635,2.83956,1.49544
233,4.93577,2.83583,0.564792
233,3.11851,3.07029,2.94735
233,5.04642,2.79544,1.60818
233,4.73074,2.8466,1.59793
233,4.77131,2.84144,1.59501
233,4.38385,2.913,1.15169
233,5.0775,2.79488,1.61155
233,4.94618,2.83968,0.569705
233,4.41655,2.91188,1.13704
233,4.78688,2.84658,1.50949
233,4.757,2.86128,1.23562
233,2.40044,3.19626,3.05235
233,4.42047,2.92139,1.16521
233,4.43165,2.93296,1.16422
233,4.78713,2.87411,1.38091
233,4.79238,2.87711,1.23851
233,4.77777,2.8726,1.6049
233,4.75971,2.88554,1.21245
233,4.95195,2.87061,0.591864
233,4.35413,2.95738,1.07708
233,4.40494,2.9476,1.16511
233,4.9616,2.88049,0.578675
233,5.12343,2.85891,0.483878
233,2.56743,3.21488,3.05453
233,4.81131,2.90342,1.24049
233,4.86898,2.88966,1.45957
233,2.88094,3.17191,2.99297
233,4.38669,3.01009,0.707024
233,3.16913,3.15612,2.8415
233,2.49505,3.26909,2.65575
233,4.90555,2.9194,1.3394
233,4.85256,2.926,1.42405
233,4.8594,2.93018,1.38869
233,5.16587,2.90689,0.502579
233,5.04805,2.92988,0.538166
233,3.2578,3.16569,2.98963
233,3.77885,3.08863,2.8713
233,4.59016,2.96914,2.98932
233,3.81749,3.10031,2.87248
233,3.84669,3.09644,2.88597
233,3.28584,3.22362,3.01548
233,4.97767,2.98664,1.77986
233,4.59373,3.05348,1.89597
233,3.56639,3.20282,2.51054
233,3.8584,3.14627,2.97128
233,3.86846,3.15193,2.97548
233,3.64285,3.1921,2.98078
233,5.00413,2.97563,3.02459
233,3.88759,3.15946,2.98448
233,4.60459,3.07229,1.87853
233,3.88093,3.16422,2.98544
233,4.69933,3.03907,3.00036
233,3.88442,3.17879,2.98581
233,4.59984,3.07442,2.9377
233,3.60878,3.23196,2.99798
233,3.31804,3.29513,3.05663
233,5.04992,3.0227,3.04555
233,4.79529,3.08284,2.46946
233,4.65334,3.12017,1.90564
233,4.75308,3.1115,1.87064
233,4.7722,3.11535,1.88307
233,4.77254,3.10914,2.16648
233,4.72616,3.12032,2.99933
233,3.5865,3.31244,2.61527
233,5.0941,3.07084,3.08428
233,4.91704,3.13389,1.88097
233,4.81653,3.13019,3.03322
233,4.82473,3.13581,2.86614
233,4.87912,3.13487,3.0642
233,4.70084,3.19495,1.901
233,3.52544,3.37123,3.02253
233,4.85594,3.16431,3.01444
233,4.81533,3.19787,1.88688
233,5.01727,3.16785,1.90108
233,4.94456,3.16394,3.06857
233,4.87359,3.17676,3.0877
233,4.89021,3.17905,2.89652
233,5.01649,3.15543,3.11463
233,4.8525,3.20592,2.19391
233,5.19833,3.14738,3.14778
233,3.64085,3.42834,2.66176
233,5.01219,3.20134,3.13343
233,5.05231,3.23367,2.33168
233,5.04013,3.24323,2.32077
233,5.06853,3.2625,2.34049
233,5.0946,3.27266,1.90632
233,3.16753,3.67734,1.23677
233,5.07117,3.34857,2.97421
233,3.69518,3.59182,2.76646
233,3.72386,3.642,2.78287
233,4.29583,5.01873,-0.743658
233,4.31043,5.04741,-0.78321
233,4.17642,5.14824,-0.839954
233,5.29213,9.43471,5.1946
233,3.75363,2.99693,-0.0149891
232,3.75363,2.99693,-0.0149891
233,3.40198,2.94201,-0.00111938
232,3.40198,2.94201,-0.00111938
233,3.48197,2.97188,0.00308514
232,3.48197,2.97188,0.00308514
233,2.71794,0.986695,0.488449
232,2.71794,0.986695,0.488449
233,3.46346,2.62086,0.10101
232,3.46346,2.62086,0.10101
233,3.18166,2.75106,0.0702952
232,3.18166,2.75106,0.0702952
233,3.75363,2.99693,-0.0149891
232,3.75363,2.99693,-0.0149891
233,3.55838,2.31092,0.155585
232,3.55838,2.31092,0.155585
233,3.55309,2.29271,0.0923257
232,3.55309,2.29271,0.0923257
233,3.09489,2.57068,0.151901
232,3.09489,2.57068,0.151901
233,1.78879,1.96972,1.07789
232,1.78879,1.96972,1.07789
233,2.97972,2.16244,0.234527
232,2.97972,2.16244,0.234527
233,2.91,2.15003,0.591467
232,2.91,2.15003,0.591467
233,3.45536,2.34573,0.249378
232,3.45536,2.34573,0.249378
233,3.42042,2.28538,0.288734
232,3.42042,2.28538,0.288734
233,1.7844,1.9733,1.07304
232,1.7844,1.9733,1.07304
233,2.98657,2.38669,0.55648
232,2.98657,2.38669,0.55648
233,1.78862,1.95324,1.13086
232,1.78862,1.95324,1.13086
233,1.82281,1.65312,1.05925
232,1.82281,1.65312,1.05925
233,1.82491,1.75572,1.09737
232,1.82491,1.75572,1.09737
233,1.79439,1.83552,1.13834
232,1.79439,1.83552,1.13834
233,3.68028,2.76216,1.20125
232,3.68028,2.76216,1.20125
233,2.91186,1.94887,0.304268
232,2.91186,1.94887,0.304268
233,3.73764,3.04289,-0.204334
226,3.73764,3.04289,-0.204334
233,2.75782,1.79458,0.859984
226,2.75782,1.79458,0.859984
233,4.87549,2.67489,1.37538
226,4.87549,2.67489,1.37538
233,3.69903,2.77735,1.5171
227,3.69903,2.77735,1.5171
233,3.92611,3.2382,1.84899
227,3.92611,3.2382,1.84899
233,2.78288,1.7837,0.681698
227,2.78288,1.7837,0.681698
233,2.76206,1.79999,0.693371
227,2.76206,1.79999,0.693371
233,2.89256,1.94388,0.340896
212,2.89256,1.94388,0.340896
233,2.8877,1.91744,0.339987
212,2.8877,1.91744,0.339987
233,2.89422,1.96457,0.331256
212,2.89422,1.96457,0.331256
233,3.77645,3.01039,0.0427218
212,3.77645,3.01039,0.0427218
233,2.87697,1.86786,0.310391
212,2.87697,1.86786,0.310391
233,3.16508,2.37771,2.19092
218,3.16508,2.37771,2.19092
233,2.93798,1.612,0.434357
213,2.93798,1.612,0.434357
233,2.89946,1.95532,0.329676
213,2.89946,1.95532,0.329676
233,3.47168,3.05257,-0.0233478
49,3.47168,3.05257,-0.0233478
233,2.79344,1.84081,1.16585
49,2.79344,1.84081,1.16585
233,2.78011,1.82691,0.868609
49,2.78011,1.82691,0.868609
233,2.77554,1.82991,0.98609
49,2.77554,1.82991,0.98609
233,1.80064,2.04602,0.631315
231,1.80064,2.04602,0.631315
233,2.62853,1.32675,0.7597
231,2.62853,1.32675,0.7597
233,2.98271,2.34665,0.34656
231,2.98271,2.34665,0.34656
234,2.75589,1.39102,0.41536
234,2.72362,1.38167,0.236121
234,2.1141,1.84934,1.51227
234,1.82384,1.85222,1.23654
234,2.11477,1.86357,1.48434
234,2.10098,1.86775,1.46701
234,1.80322,1.8655,1.2314
234,1.80723,1.86922,1.2075
234,1.80424,1.87635,1.2309
234,1.83285,1.88816,1.23254
234,2.80804,1.82863,1.24115
234,1.87115,1.90041,0.839935
234,2.80598,1.84718,1.25369
234,1.882,1.86583,0.677229
234,2.81278,1.84879,1.25318
234,2.80723,1.85205,1.25306
234,1.79935,1.91046,0.654209
234,1.80089,1.91675,0.664376
234,2.79151,1.8731,1.16166
234,2.82304,1.91269,1.24623
234,2.83299,1.52923,-0.380118
234,1.6652,1.76946,-0.548058
234,2.86187,1.60574,-0.435527
234,2.75572,1.65787,-0.450632
234,2.86537,1.84542,0.375919
234,2.6109,1.69383,-0.457193
234,1.64529,1.825,-0.607107
234,2.87233,1.86253,0.382552
234,2.87626,1.7796,-0.029213
234,2.32382,1.75531,-0.558445
234,2.30079,1.75507,-0.583196
234,2.29454,1.76024,-0.58458
234,1.85454,1.8421,-0.576628
234,2.34291,1.7521,-0.624927
234,2.32934,1.76891,-0.572723
234,2.33007,1.77031,-0.594858
234,2.33842,1.76741,-0.608843
234,1.82573,1.8794,-0.515867
234,2.33789,1.77289,-0.608775
234,1.85301,1.86565,-0.596126
234,2.62811,1.75903,-0.500027
234,1.82459,1.90851,-0.479624
234,1.84942,1.87815,-0.604823
234,3.62742,1.58756,-0.610558
234,3.6224,1.59799,-0.574706
234,3.63518,1.5863,-0.624052
234,2.96323,1.92863,0.321091
234,2.79467,1.76334,-0.485458
234,3.51135,1.61841,-0.600349
234,2.94605,1.94011,0.318932
234,3.63639,1.6009,-0.614384
234,2.92075,1.94586,0.297231
234,2.89506,1.76262,-0.492262
234,2.93405,1.95178,0.314098
234,1.85609,1.91427,-0.601509
234,3.526,1.63255,-0.628694
234,3.78588,1.59594,-0.62329
234,3.76979,1.60621,-0.629595
234,3.8133,1.59948,-0.628242
234,3.86213,1.59898,-0.631983
234,2.9059,1.78008,-0.560131
234,1.8994,1.94544,-0.581782
234,1.89681,1.94529,-0.598163
234,3.76911,1.62569,-0.64407
234,1.89716,1.96542,-0.590343
234,3.17964,1.97397,0.322309
234,3.28556,1.73726,-0.598026
234,3.36782,1.71809,-0.629491
234,1.90204,1.97594,-0.589852
234,2.92303,1.85372,-0.55904
234,2.90056,1.86482,-0.606611
234,3.85991,1.7001,-0.668811
234,2.12695,2.56176,1.6879
234,2.8666,1.88095,-0.656208
234,2.91191,1.89324,-0.588638
234,3.20128,1.98118,-0.0323315
234,2.87494,1.8829,-0.672756
234,2.28382,1.97322,-0.770803
234,2.91965,1.89263,-0.69786
234,2.9219,1.89436,-0.721343
234,0.667412,2.76938,1.28223
234,2.13138,2.64075,1.72495
234,2.1314,2.63632,1.69509
234,2.33545,2.63195,1.80706
234,2.14707,2.64348,1.71916
234,2.96232,1.94754,-0.763248
234,2.15126,2.71301,1.78648
234,0.422992,2.5019,-0.33267
234,0.420628,2.52024,-0.27913
234,0.524474,2.51954,-0.215748
234,0.418431,2.54105,-0.214099
234,2.15215,2.73643,1.80886
234,0.488558,2.45198,-0.587771
234,0.683166,2.47135,-0.375185
234,0.515517,2.49498,-0.398975
234,0.484275,2.45349,-0.597701
234,0.581663,2.49241,-0.385638
234,0.580343,2.46521,-0.508437
234,0.678753,2.43527,-0.566691
234,0.579661,2.51007,-0.333793
234,0.578993,2.48145,-0.456012
234,0.558473,2.45187,-0.5961
234,0.634347,2.53203,-0.210624
234,0.438478,2.51364,-0.427925
234,0.558433,2.5039,-0.386117
234,0.436992,2.54717,-0.30541
234,0.470466,2.53524,-0.338943
234,0.47668,2.56084,-0.232849
234,0.547776,2.55396,-0.217323
234,0.560963,2.56982,-0.149623
234,0.468701,2.5667,-0.227683
234,0.476715,2.51239,-0.452209
234,0.642438,2.49908,-0.392056
234,0.613924,2.4585,-0.583838
234,0.604899,2.46009,-0.590468
234,3.06501,2.01141,-0.733146
234,0.503576,2.49592,-0.530945
234,0.619531,2.46864,-0.582999
234,0.600847,2.51736,-0.399583
234,0.467817,2.55074,-0.355235
234,0.495548,2.55748,-0.31292
234,0.692174,2.54696,-0.219546
234,0.549932,2.53966,-0.353384
234,0.49044,2.53992,-0.431723
234,0.771113,2.524,-0.303295
234,0.672246,2.48204,-0.55439
234,0.62707,2.52785,-0.406325
234,0.539016,2.49542,-0.607666
234,0.521963,2.5327,-0.468179
234,0.537661,2.57634,-0.293579
234,0.596741,2.49116,-0.608624
234,0.835673,2.46463,-0.553733
234,0.656264,2.52,-0.459417
234,0.596619,2.60394,-0.154448
234,0.587684,2.56262,-0.348092
234,0.551176,2.5335,-0.496115
234,0.718579,2.48786,-0.595096
234,0.67182,2.52491,-0.474119
234,0.582641,2.52705,-0.533369
234,0.529795,2.60302,-0.261575
234,0.581832,2.54303,-0.476906
234,0.67086,2.57144,-0.296708
234,0.649611,2.56231,-0.358113
234,0.511267,2.62614,-0.192382
234,0.716528,2.57082,-0.283468
234,0.544722,2.57858,-0.37685
234,0.527352,2.62796,-0.18434
234,2.135,2.76561,1.51201
234,0.744258,2.49743,-0.580275
234,0.544147,2.59406,-0.319885
234,0.60726,2.60264,-0.242214
234,2.15612,2.79778,1.65657
234,0.714012,2.51928,-0.518413
234,0.666495,2.52246,-0.540263
234,4.02576,2.0384,-0.20285
234,0.603836,2.59558,-0.305446
234,0.610409,2.54912,-0.494799
234,3.07388,2.06071,-0.80724
234,2.17351,2.80393,1.65101
234,0.643147,2.59539,-0.292089
234,3.10164,2.06544,-0.773514
234,0.601242,2.54207,-0.547765
234,3.11565,2.06107,-0.787205
234,0.607636,2.56964,-0.440249
234,0.741741,2.51628,-0.575151
234,0.641853,2.54359,-0.532845
234,0.708156,2.6202,-0.176029
234,0.656926,2.64911,-0.181522
234,0.724531,2.58154,-0.461865
234,0.724071,2.60678,-0.365439
234,0.673864,2.66763,-0.164043
234,0.725717,2.64349,-0.242608
234,0.721378,2.64367,-0.247037
234,2.18656,2.87576,1.74555
234,4.96919,1.86702,-0.605146
234,0.782768,2.5803,-0.602983
234,4.95676,1.89826,-0.596626
234,1.5392,2.93503,1.25617
234,4.17491,2.12513,-0.27039
234,2.10059,2.87943,1.32516
234,2.07802,2.99741,1.76627
234,4.95973,2.06741,-0.145437
234,3.76957,2.74078,1.75597
234,3.78375,2.74588,1.78403
234,4.97393,2.08706,-0.122247
234,4.95307,1.97827,-0.604284
234,3.79168,2.75824,1.81241
234,3.79308,2.75754,1.79875
234,3.78916,2.75201,1.76896
234,3.80118,2.76613,1.77768
234,3.77211,2.77941,1.79857
234,2.22545,3.04976,1.7364
234,3.78259,2.81093,1.77773
234,5.01969,2.03052,-0.629039
234,2.3772,2.94852,1.30465
234,2.40967,2.9429,1.29861
234,2.41853,2.99344,1.29949
234,3.73259,2.75675,1.22911
234,3.84153,2.72976,1.18719
234,4.95123,2.1084,-0.623232
234,3.86496,2.73336,1.17914
234,3.69373,2.77565,1.21252
234,3.81258,2.74893,1.172
234,1.50351,3.17988,1.33442
234,3.79608,2.69321,0.909109
234,3.8197,2.74856,1.14551
234,3.80766,2.69217,0.893767
234,3.82879,2.74957,1.14042
234,3.8181,2.75158,1.14004
234,3.83095,2.70509,0.94279
234,3.82436,2.74722,1.0976
234,3.81043,2.7071,0.919573
234,3.84209,2.7026,0.909322
234,3.83491,2.77372,1.14016
234,2.1418,3.10715,1.33829
234,4.88462,2.6657,1.3789
234,1.51526,3.23632,1.36067
234,3.83099,2.75785,0.939969
234,4.72764,2.77118,1.6228
234,3.74076,2.71766,0.687547
234,3.72258,2.71553,0.664328
234,3.79988,2.84092,1.21005
234,3.73568,2.85872,1.20112
234,3.80436,2.85299,1.22537
234,3.82677,2.75942,0.847172
234,2.43013,3.10743,1.30971
234,4.99565,2.75341,1.62595
234,2.38591,3.12236,1.32405
234,3.50245,2.65608,0.158518
234,3.80807,2.72532,0.659072
234,3.84809,2.7784,0.892406
234,3.82565,2.75494,0.769691
234,3.85512,2.77882,0.889784
234,1.58905,2.81695,-0.552507
234,3.84336,2.79001,0.915424
234,3.81973,2.75236,0.738557
234,3.76814,2.92669,1.35435
234,1.51302,3.3175,1.39279
234,3.82125,2.74018,0.605925
234,1.48477,3.32414,1.39194
234,2.14683,3.20129,1.3418
234,4.75059,2.82085,1.58436
234,4.70591,2.8251,1.56012
234,5.06904,2.78841,1.65886
234,3.68105,2.75397,0.539355
234,3.81929,2.89394,1.21077
234,3.72893,2.75457,0.56345
234,3.80321,2.75907,0.626577
234,3.82266,2.76151,0.616779
234,4.91023,2.74611,1.26986
234,3.82819,2.77444,0.61703
234,3.78772,2.75936,0.514856
234,4.80032,2.83871,1.54322
234,4.76125,2.86499,1.60392
234,3.75783,2.93754,1.20087
234,3.72292,2.77048,0.463988
234,2.15192,3.25662,1.34666
234,4.71952,2.79902,1.24009
234,4.98378,2.75603,1.24476
234,3.59991,2.70881,0.0215855
234,4.37494,2.85763,1.14239
234,4.73378,2.82153,1.23345
234,4.71121,2.82203,1.21641
234,5.01096,2.78256,1.24646
234,4.97429,2.79683,1.26469
234,4.76421,2.84065,1.2372
234,2.39263,3.26998,1.34639
234,4.38886,2.88606,1.13945
234,4.75127,2.84875,1.23728
234,4.85365,2.79978,1.09024
234,2.14739,3.32118,1.34976
234,3.75121,2.84779,0.44776
234,3.59361,2.79048,0.0866153
234,2.46332,3.27694,1.31462
234,4.41901,2.91308,1.13332
234,4.85032,2.71089,0.583708
234,4.4182,2.92084,1.14464
234,2.15,3.35535,1.35706
234,4.43332,2.93276,1.18463
234,4.92644,2.84581,1.1601
234,4.42931,2.93698,1.17163
234,3.74544,2.89615,0.518981
234,4.84941,2.89052,1.25395
234,4.83042,2.89526,1.25992
234,1.56891,2.98667,-0.747605
234,3.81797,2.9268,0.579708
234,4.91856,3.05805,1.87767
234,3.70956,2.86014,0.193583
234,4.87877,2.95951,1.40249
234,3.75524,2.93458,0.497991
234,3.61323,2.86774,0.0612754
234,3.35132,2.89788,0.00165844
234,3.61787,2.87313,0.0385747
234,3.68503,2.85465,-0.0128229
234,3.68575,2.88975,0.113607
234,3.7168,2.89009,0.113147
234,3.6072,2.89386,0.0216643
234,3.69121,2.89769,0.0960871
234,3.63197,2.9019,0.0652553
234,4.40065,2.90816,0.622603
234,3.65151,2.90313,0.0554895
234,3.72405,2.90146,0.0945699
234,4.39769,2.91802,0.615545
234,3.80317,2.75206,-0.505596
234,3.67118,2.91056,0.0468302
234,3.81544,3.04624,0.708773
234,4.42252,2.92219,0.607331
234,3.67276,2.90724,0.0172596
234,3.71293,2.91453,0.0511388
234,3.6828,2.92178,0.0329823
234,4.69713,3.21059,1.93463
234,3.71763,2.91213,-0.00343931
234,3.83563,3.10134,0.847136
234,3.32318,2.87369,-0.472688
234,3.68852,2.92908,0.00924456
234,3.74993,2.94193,0.1006
234,3.66788,2.93016,-0.0139896
234,3.69079,2.93565,0.0157043
234,3.72211,2.93561,0.0281072
234,3.71659,2.93325,0.00834823
234,4.71056,3.22255,1.90717
234,4.15595,3.09465,0.973332
234,3.72316,2.93955,0.0179238
234,3.72538,2.93996,0.0159712
234,3.74531,2.79455,-0.584324
234,4.98888,2.86307,0.552565
234,3.84808,3.13415,0.878479
234,3.36785,2.88351,-0.505479
234,3.82772,2.79698,-0.548954
234,3.85457,3.13616,0.878455
234,3.78347,2.79984,-0.57641
234,5.10856,2.83532,0.501135
234,3.82032,2.79446,-0.575366
234,3.82246,2.79648,-0.585782
234,3.83602,2.81022,-0.52991
234,3.73508,2.95511,-0.0105324
234,3.49996,2.88367,-0.481651
234,3.8386,2.81217,-0.544371
234,3.76902,2.97986,0.103667
234,3.77338,2.81441,-0.590632
234,3.79194,2.80926,-0.608348
234,3.78454,2.86405,-0.396105
234,5.02094,2.89434,0.563205
234,3.78823,2.82424,-0.600768
234,5.01509,2.89525,0.555737
234,5.02196,3.22761,1.92931
234,3.68045,2.88721,-0.501289
234,3.81559,2.90016,-0.398748
234,3.86521,2.85044,-0.572962
234,3.86352,2.8633,-0.571192
234,3.83995,2.92897,-0.369744
234,3.8668,2.87308,-0.599669
234,4.88806,2.7629,-0.493846
234,4.89905,2.77084,-0.497905
234,4.9317,2.794,-0.519379
234,4.41967,3.21756,0.777005
234,5.03843,2.83024,-0.481859
234,5.04966,2.86394,-0.490724
234,4.98638,2.88722,-0.527206
234,1.69607,7.84727,1.64394
234,2.21464,-0.260932,0.991571
232,2.21464,-0.260932,0.991571
234,1.63177,2.4026,1.22312
232,1.63177,2.4026,1.22312
234,3.56884,2.54116,0.587921
232,3.56884,2.54116,0.587921
234,2.7499,1.42865,0.334269
232,2.7499,1.42865,0.334269
234,2.83841,1.68592,0.247696
232,2.83841,1.68592,0.247696
234,2.14133,2.87991,1.70592
232,2.14133,2.87991,1.70592
234,2.14736,2.55741,1.75184
232,2.14736,2.55741,1.75184
234,2.16349,2.98384,1.85673
232,2.16349,2.98384,1.85673
234,4.87016,3.09782,1.88631
232,4.87016,3.09782,1.88631
234,4.8887,2.87701,0.654703
232,4.8887,2.87701,0.654703
234,2.15313,3.39796,1.77825
232,2.15313,3.39796,1.77825
234,2.86866,1.83005,-0.0739603
232,2.86866,1.83005,-0.0739603
234,2.18993,2.89862,1.50588
232,2.18993,2.89862,1.50588
234,4.77683,2.87394,1.60562
232,4.77683,2.87394,1.60562
234,2.68991,1.60354,1.15486
232,2.68991,1.60354,1.15486
234,4.83116,2.6121,1.50594
232,4.83116,2.6121,1.50594
234,0.67971,2.51098,0.0738672
232,0.67971,2.51098,0.0738672
234,4.32047,2.86667,1.13722
232,4.32047,2.86667,1.13722
234,0.645062,2.61387,-0.304403
232,0.645062,2.61387,-0.304403
234,1.78919,2.00755,1.1285
233,1.78919,2.00755,1.1285
234,2.10842,1.56956,1.49848
233,2.10842,1.56956,1.49848
234,2.15137,2.71109,1.7276
233,2.15137,2.71109,1.7276
234,2.14007,2.9122,1.77692
233,2.14007,2.9122,1.77692
234,1.77531,2.15783,1.24131
233,1.77531,2.15783,1.24131
234,2.15185,2.033,1.41391
233,2.15185,2.033,1.41391
234,2.18982,2.95999,1.72801
233,2.18982,2.95999,1.72801
234,4.07277,3.54859,2.02531
226,4.07277,3.54859,2.02531
234,3.82786,2.95032,1.58177
227,3.82786,2.95032,1.58177
234,3.26909,2.64801,0.0169466
227,3.26909,2.64801,0.0169466
234,3.47947,2.33899,1.28803
225,3.47947,2.33899,1.28803
234,3.45528,1.93152,-0.653753
49,3.45528,1.93152,-0.653753
234,3.68622,3.68836,-0.266766
49,3.68622,3.68836,-0.266766
234,3.62197,3.08721,-0.552367
49,3.62197,3.08721,-0.552367
234,4.95915,2.82305,-0.34507
49,4.95915,2.82305,-0.34507
234,1.51857,3.37557,-0.96109
53,1.51857,3.37557,-0.96109
234,2.67857,1.9325,-0.613425
53,2.67857,1.9325,-0.613425
234,0.349002,2.75881,-0.609545
53,0.349002,2.75881,-0.609545
234,1.83616,1.89488,1.24668
164,1.83616,1.89488,1.24668
234,2.5182,1.59306,1.24242
164,2.5182,1.59306,1.24242
234,3.35875,2.70293,0.0440749
212,3.35875,2.70293,0.0440749
234,4.32813,2.79308,1.13804
221,4.32813,2.79308,1.13804
234,3.65731,3.26291,-0.648025
221,3.65731,3.26291,-0.648025
234,2.69168,1.4819,-0.286047
231,2.69168,1.4819,-0.286047
234,0.52702,2.29189,-0.410051
231,0.52702,2.29189,-0.410051
235,1.52981,0.516772,-0.23957
235,1.52232,0.528797,-0.244315
235,1.4921,0.558122,-0.299866
235,1.47529,0.557445,-0.321303
235,2.27112,0.598338,-0.627881
235,2.08614,0.629767,-0.634589
235,2.33337,0.5997,-0.624483
235,2.33769,0.603539,-0.619048
235,2.36234,0.602037,-0.6245
235,3.10828,0.489035,-0.619856
235,2.36294,0.62783,-0.646371
235,3.13952,0.503214,-0.629964
235,3.23154,0.512116,-0.634034
235,3.2825,0.512794,-0.618995
235,3.22611,0.512395,-0.643497
235,3.22838,0.520857,-0.631888
235,2.09554,0.717131,-0.642448
235,0.783321,0.961702,-0.617039
235,2.09697,0.721145,-0.643438
235,2.09226,0.724381,-0.648375
235,0.778248,0.96951,-0.631322
235,3.04809,0.589953,-0.608
235,2.05095,0.74944,-0.63181
235,2.02674,0.750234,-0.64289
235,3.05459,0.586143,-0.619609
235,2.29398,0.711062,-0.639713
235,2.3291,0.711697,-0.629378
235,3.05574,0.592892,-0.618083
235,1.95143,0.773282,-0.639515
235,3.05408,0.595991,-0.617295
235,3.12497,0.584011,-0.618148
235,2.33557,0.726583,-0.617101
235,2.33413,0.726385,-0.620615
235,2.03922,0.777771,-0.625619
235,2.33813,0.727457,-0.624303
235,2.03946,0.780181,-0.624266
235,3.06221,0.611351,-0.610922
235,2.36243,0.698445,-0.673705
235,2.03975,0.782693,-0.636437
235,2.28925,0.75579,-0.609122
235,1.83923,0.832703,-0.61299
235,2.28934,0.751782,-0.622895
235,2.29519,0.750224,-0.62718
235,1.9151,0.820835,-0.621813
235,1.88253,0.821238,-0.631292
235,1.91974,0.820542,-0.622235
235,1.95418,0.812277,-0.626765
235,2.34341,0.774444,-0.580769
235,0.796097,1.02556,-0.62053
235,0.783902,1.02384,-0.638685
235,2.38783,0.760828,-0.618956
235,3.10447,0.631442,-0.629971
235,2.30052,0.77183,-0.629274
235,2.4401,0.734856,-0.652002
235,2.25449,0.789893,-0.618661
235,1.92088,0.840255,-0.639871
235,3.14082,0.637334,-0.634433
235,2.10246,0.811793,-0.644238
235,2.25588,0.796597,-0.632228
235,1.73295,0.899922,-0.617683
235,2.01969,0.843629,-0.630404
235,1.50359,0.943801,-0.612823
235,1.50105,0.944569,-0.613781
235,1.94008,0.862263,-0.625595
235,2.02562,0.846309,-0.627941
235,2.1068,0.824304,-0.647129
235,2.02194,0.850666,-0.630922
235,2.9576,0.699441,-0.61555
235,1.50284,0.950175,-0.618502
235,3.23039,0.653639,-0.614265
235,3.87123,0.558616,-0.588144
235,1.90254,0.87341,-0.639315
235,3.33106,0.624182,-0.645404
235,3.00046,0.699124,-0.615564
235,1.82431,0.892182,-0.638174
235,2.99701,0.701916,-0.618224
235,2.38875,0.827368,-0.593429
235,1.90385,0.8839,-0.641429
235,1.90301,0.893037,-0.641281
235,3.00367,0.711248,-0.628586
235,2.96804,0.714828,-0.635727
235,3.0016,0.71335,-0.632423
235,2.96596,0.719506,-0.633769
235,2.43498,0.833321,-0.598511
235,3.10133,0.690666,-0.646959
235,3.25315,0.660593,-0.654365
235,1.98318,0.887406,-0.646459
235,1.71457,0.943471,-0.631097
235,1.97574,0.885907,-0.655244
235,1.63553,0.958683,-0.631441
235,3.24023,0.685835,-0.622734
235,1.50986,0.993685,-0.609259
235,1.5107,0.983748,-0.626123
235,1.86304,0.916673,-0.63731
235,1.50274,0.97938,-0.645971
235,1.86077,0.923208,-0.637314
235,3.23753,0.692272,-0.627119
235,1.60059,0.981161,-0.619694
235,1.86761,0.927646,-0.634127
235,1.59958,0.983513,-0.618653
235,1.59504,0.986731,-0.614558
235,3.08384,0.714784,-0.639678
235,1.79083,0.952053,-0.639382
235,1.78839,0.954054,-0.639474
235,1.68224,0.976962,-0.632738
235,1.65084,0.979123,-0.646912
235,1.62116,0.99622,-0.62674
235,1.65157,0.988869,-0.638399
235,1.45222,1.03572,-0.622124
235,1.59587,1.00143,-0.640574
235,1.78889,0.962051,-0.652626
235,1.89221,0.943812,-0.655957
235,2.49877,0.8697,-0.636806
235,1.78083,0.993938,-0.639892
235,3.79849,0.686522,-0.572836
235,3.71751,0.740822,-0.511174
235,1.5596,1.07059,-0.59665
235,3.85501,0.670641,-0.600628
235,1.68967,1.06089,-0.579185
235,2.39913,0.926365,-0.606428
235,3.83669,0.679143,-0.616281
235,1.65876,1.04853,-0.642074
235,1.65904,1.05158,-0.648298
235,2.51092,0.92759,-0.621819
235,3.84381,0.692499,-0.631873
235,1.66251,1.06911,-0.635934
235,1.38461,1.13064,-0.620705
235,1.405,1.1244,-0.627733
235,1.88693,1.89265,0.832217
235,1.55277,1.10175,-0.632137
235,3.85403,0.698041,-0.641602
235,1.66789,1.07673,-0.643434
235,2.52937,0.955659,-0.595048
235,1.44813,1.11424,-0.644561
235,1.44407,1.1141,-0.647376
235,2.51437,0.94391,-0.6309
235,1.39574,1.27463,-0.398522
235,2.52857,0.940041,-0.639597
235,1.87722,1.91973,0.838761
235,1.43548,1.14142,-0.63295
235,1.43607,1.13997,-0.637464
235,2.95554,0.884103,-0.627816
235,2.63871,1.73682,0.7412
235,2.90094,0.898851,-0.623416
235,3.85358,0.74961,-0.599377
235,3.98127,0.728027,-0.606221
235,2.8951,0.906954,-0.625609
235,2.96218,0.893544,-0.635623
235,1.54748,1.13082,-0.660136
235,1.06138,1.24645,-0.608655
235,1.51678,1.15259,-0.634797
235,1.11174,1.24285,-0.603336
235,1.53066,1.15678,-0.642061
235,1.53949,1.15405,-0.648391
235,1.52138,1.16563,-0.636816
235,3.78052,0.818125,-0.562273
235,1.53648,1.14592,-0.671624
235,1.20639,1.23461,-0.620859
235,2.84765,0.962748,-0.600535
235,1.64574,1.16022,-0.626785
235,1.481,1.17217,-0.655613
235,1.21024,1.25264,-0.603801
235,1.65663,1.17244,-0.611233
235,1.53099,1.17321,-0.652172
235,1.45294,1.20016,-0.630957
235,2.99658,0.916389,-0.660967
235,1.04111,1.27094,-0.635997
235,2.96281,0.946608,-0.627053
235,1.0959,1.27367,-0.62823
235,1.08949,1.26988,-0.639748
235,1.20137,1.26121,-0.623659
235,1.08915,1.27488,-0.635646
235,2.97534,0.935042,-0.658336
235,1.3289,1.23023,-0.641858
235,1.20648,1.25976,-0.627555
235,1.15046,1.28022,-0.609661
235,1.08767,1.27645,-0.63626
235,1.3274,1.23288,-0.640679
235,3.86304,0.83443,-0.574233
235,1.46703,1.20853,-0.646249
235,0.658006,1.42946,-0.510757
235,1.50579,1.18916,-0.673853
235,1.10881,1.29297,-0.61641
235,1.37842,1.23091,-0.649177
235,1.49438,1.3636,-0.391438
235,2.66148,1.81996,0.726619
235,1.37731,1.23944,-0.655899
235,0.655877,1.44395,-0.528736
235,2.69022,1.02504,-0.644005
235,2.69031,1.02875,-0.644672
235,2.7225,1.04603,-0.622325
235,2.67115,1.08467,-0.576806
235,1.11065,1.32718,-0.625784
235,2.87587,1.02649,-0.622843
235,2.72581,1.05301,-0.623165
235,0.689402,1.45151,-0.54638
235,4.12983,0.831885,-0.620309
235,1.70215,1.23176,-0.656659
235,4.12086,0.872819,-0.562236
235,2.82385,1.87553,0.774764
235,4.0549,0.886417,-0.566588
235,2.804,1.06202,-0.644609
235,4.03322,0.877557,-0.596321
235,1.31143,1.31579,-0.667999
235,2.76449,1.08894,-0.630694
235,2.38703,1.15234,-0.636141
235,2.92729,1.06146,-0.644314
235,1.56943,1.34173,-0.576464
235,1.56848,1.33901,-0.586882
235,2.92977,1.06781,-0.648514
235,2.89926,1.08141,-0.640909
235,1.27774,1.34378,-0.676941
235,1.18671,1.3721,-0.667149
235,4.19854,0.890513,-0.605942
235,1.57651,1.99446,0.511863
235,1.28022,1.3511,-0.688039
235,1.56109,1.35422,-0.599477
235,2.81234,1.12338,-0.632389
235,4.05998,0.946578,-0.565777
235,1.29387,1.35111,-0.69569
235,1.89445,1.95152,0.510274
235,1.19515,1.39108,-0.665058
235,4.03649,0.956852,-0.567449
235,2.85005,1.13294,-0.618279
235,0.61249,1.55606,-0.560868
235,1.28571,1.36081,-0.70118
235,4.05709,0.957226,-0.575024
235,2.85171,1.14214,-0.623834
235,2.84742,1.14651,-0.620775
235,3.48877,1.03973,-0.616416
235,1.28375,1.37549,-0.698685
235,0.649247,1.54664,-0.608883
235,2.79651,1.85992,0.559803
235,2.7861,1.19697,-0.594527
235,2.02364,1.255,-0.725933
235,2.79176,1.20298,-0.600484
235,1.48941,1.50124,-0.477202
235,2.79141,1.20454,-0.60336
235,2.91161,1.16636,-0.637792
235,2.02664,1.26582,-0.73201
235,2.92906,1.16357,-0.643676
235,1.9412,1.31523,-0.677735
235,1.08424,1.47236,-0.664248
235,1.16447,1.44552,-0.688958
235,0.953117,1.52235,-0.636089
235,2.0557,1.3357,-0.630628
235,1.48211,1.51333,-0.496506
235,0.949512,1.53329,-0.639819
235,3.53018,1.08669,-0.641058
235,0.986796,1.54892,-0.609533
235,1.07557,1.4944,-0.677285
235,3.5773,1.12854,-0.571388
235,1.48125,1.52921,-0.508772
235,3.58568,1.12913,-0.599672
235,2.92927,1.24699,-0.598944
235,2.264,1.27556,-0.749173
235,0.97474,1.57756,-0.63677
235,2.95303,1.21559,-0.674137
235,2.82813,1.27546,-0.613938
235,3.06687,1.20566,-0.665772
235,3.6138,1.15692,-0.590397
235,2.84771,1.30457,-0.582335
235,1.04019,1.57225,-0.667587
235,2.896,1.87643,0.402755
235,3.119,1.20496,-0.686604
235,0.930101,1.62705,-0.655235
235,2.34007,1.4005,-0.625071
235,2.99965,1.29206,-0.61689
235,2.10475,1.42019,-0.664325
235,1.0318,1.59433,-0.689591
235,2.88231,1.89363,0.374383
235,0.856796,1.64359,-0.661051
235,2.84606,1.35218,-0.574349
235,1.01995,1.60735,-0.696017
235,3.66829,1.20396,-0.617365
235,2.86853,1.35144,-0.603824
235,3.02348,1.33903,-0.601496
235,0.772238,2.26008,0.310697
235,3.09341,1.25612,-0.727683
235,3.1277,1.25311,-0.729128
235,1.02221,1.63317,-0.714387
235,3.02849,1.35039,-0.604946
235,3.11617,1.26067,-0.734544
235,2.58058,1.56646,-0.369042
235,1.01812,1.64853,-0.711733
235,2.93423,1.40968,-0.578759
235,1.03626,1.69928,-0.657516
235,3.03723,1.37281,-0.624748
235,2.00064,1.52356,-0.68395
235,1.03936,1.70836,-0.662493
235,2.95298,1.4195,-0.593348
235,2.2129,1.50554,-0.669589
235,2.58987,1.59527,-0.404607
235,3.03673,1.46283,-0.590725
235,3.05775,1.46229,-0.593375
235,3.1373,1.44875,-0.610006
235,3.85964,1.33778,-0.589458
235,3.11986,1.45859,-0.61197
235,2.60933,1.6583,-0.441606
235,2.3311,1.66177,-0.539038
235,2.25934,1.65041,-0.581589
235,2.23929,1.67898,-0.542951
235,4.1256,1.32646,-0.598039
235,3.89239,1.37562,-0.612532
235,3.1673,1.49222,-0.629686
235,0.531179,1.94462,-0.649031
235,0.523816,1.94737,-0.650372
235,3.19252,1.51473,-0.601604
235,0.515895,1.95607,-0.641443
235,3.87021,1.38911,-0.629612
235,4.14994,1.35771,-0.607347
235,4.30213,1.38455,-0.520853
235,3.2361,1.53736,-0.602972
235,3.42539,1.53224,-0.558493
235,2.33422,1.72558,-0.569953
235,3.59008,1.48059,-0.617993
235,2.11515,1.73384,-0.623321
235,3.28025,1.53258,-0.626948
235,3.48127,1.52363,-0.589733
235,2.12105,1.74065,-0.627225
235,4.19626,1.40036,-0.603943
235,3.83766,1.48878,-0.589152
235,3.44804,1.56132,-0.580943
235,3.82026,1.47778,-0.614654
235,3.92161,1.43029,-0.66662
235,3.60597,1.53546,-0.584267
235,3.49917,1.54341,-0.602555
235,3.42642,1.55235,-0.622256
235,3.79624,1.4925,-0.6384
235,2.33616,1.77095,-0.599366
235,3.22329,1.61007,-0.625353
235,3.86093,1.49951,-0.628594
235,2.09914,1.70914,-0.793662
235,3.45838,1.58963,-0.596208
235,3.46934,1.59154,-0.59266
235,3.78476,1.4818,-0.692666
235,3.31699,1.59582,-0.660183
235,3.20647,1.65418,-0.608604
235,3.78428,1.53636,-0.644462
235,3.52031,1.60909,-0.601661
235,3.89889,1.53431,-0.61983
235,3.43954,1.58921,-0.663701
235,3.51576,1.61904,-0.598209
235,3.71972,1.55667,-0.645142
235,3.74761,1.56806,-0.621762
235,3.63958,1.58929,-0.618627
235,3.94999,2.207,0.53351
235,3.95762,1.53289,-0.627659
235,4.74353,1.36322,-0.688158
235,3.79116,1.55206,-0.648504
235,3.87112,1.54022,-0.647364
235,3.72139,1.58264,-0.621909
235,4.40101,1.4752,-0.607182
235,1.62112,1.91344,-0.684259
235,3.79982,1.55722,-0.653114
235,3.78913,1.586,-0.619794
235,3.78414,1.59181,-0.615334
235,1.9157,1.94043,-0.578674
235,2.25163,1.81314,-0.703057
235,2.09676,1.76717,-0.83199
235,3.36357,1.69245,-0.615891
235,3.28445,1.72043,-0.595291
235,2.79571,1.86928,-0.5136
235,3.30259,1.7335,-0.598095
235,3.77017,1.62108,-0.666911
235,2.95771,1.95654,-0.332166
235,3.38146,1.71489,-0.633158
235,2.89511,1.82708,-0.585078
235,3.91081,1.60168,-0.6711
235,3.4022,1.7189,-0.637805
235,2.23403,1.87694,-0.716939
235,4.11651,1.60126,-0.632665
235,4.04164,1.66948,-0.544841
235,1.87968,1.96751,-0.682184
235,3.39018,1.72489,-0.654625
235,3.40476,1.82317,-0.594779
235,3.64392,1.9292,-0.38141
235,3.4192,1.84555,-0.608581
235,3.42759,1.85412,-0.611372
235,1.86634,2.0828,-0.732489
235,4.13254,1.76633,-0.638451
235,0.380714,2.68199,-0.208518
235,0.296784,2.65593,-0.279958
235,0.300185,2.69815,-0.211797
235,3.69047,2.00982,-0.41204
235,0.490812,2.35623,-0.774231
235,0.619615,2.45796,-0.568099
235,0.322671,2.5549,-0.500022
235,0.505802,2.61569,-0.390877
235,0.249011,2.52185,-0.631635
235,0.488809,2.50147,-0.60528
235,3.07566,2.02066,-0.721642
235,0.585277,2.52711,-0.595562
235,0.708075,2.53805,-0.610523
235,4.96133,2.0828,-0.129704
235,0.791067,2.55071,-0.583893
235,2.13079,2.13338,-0.92536
235,4.98479,2.32593,0.242471
235,4.19061,2.72385,0.683795
235,4.99766,2.34661,0.219688
235,3.83622,2.79493,0.630294
235,3.76062,2.82117,0.613347
235,3.90952,2.25622,-0.319586
235,1.63721,2.55347,-0.487717
235,4.97808,1.92599,-0.591965
235,4.94156,1.95715,-0.569147
235,3.25073,2.28659,-0.526273
235,5.00567,1.96105,-0.602003
235,3.5246,2.67441,0.148786
235,4.37973,2.83996,0.647941
235,3.97332,2.33852,-0.359505
235,4.97389,2.03185,-0.60878
235,4.36102,2.87679,0.612861
235,4.39158,2.87802,0.620475
235,4.39671,2.87455,0.613117
235,1.57867,2.884,-0.273208
235,3.81383,2.9546,0.438961
235,3.82344,2.98967,0.428478
235,5.09776,3.04286,0.883951
235,3.60779,2.87836,0.0961334
235,5.04848,2.93111,0.568311
235,3.73353,2.91911,0.145996
235,1.61505,2.85577,-0.596655
235,3.7501,2.95892,0.213352
235,5.05417,2.94566,0.562411
235,1.90205,2.38378,-1.37293
235,5.06136,2.95977,0.559963
235,1.59446,2.93922,-0.625059
235,3.708,2.98903,0.0331564
235,3.81896,2.85493,-0.299966
235,3.73289,2.73757,-0.546456
235,3.75151,2.73504,-0.546242
235,3.82872,2.86955,-0.296591
235,3.82105,2.76703,-0.523704
235,3.81884,2.78075,-0.521706
235,3.39392,2.9356,-0.421729
235,3.84218,2.80706,-0.522628
235,3.60191,2.95923,-0.342424
235,3.774,2.79779,-0.577395
235,3.87498,2.84274,-0.543257
235,3.84199,2.83455,-0.576195
235,3.86972,2.87473,-0.563866
235,4.80199,2.76785,-0.474211
235,4.92738,2.81418,-0.5269
235,4.95907,2.8201,-0.51929
235,7.81926,13.9711,-5.67895
235,2.67339,1.9405,-0.692419
231,2.67339,1.9405,-0.692419
235,2.70898,1.00238,-0.594282
231,2.70898,1.00238,-0.594282
235,4.41103,2.95626,0.70227
231,4.41103,2.95626,0.70227
235,2.83828,0.609538,-0.392464
231,2.83828,0.609538,-0.392464
235,4.64075,1.35401,-0.656417
231,4.64075,1.35401,-0.656417
235,1.04033,1.41808,-0.509172
231,1.04033,1.41808,-0.509172
235,3.77195,1.2159,-0.416556
231,3.77195,1.2159,-0.416556
235,3.295,1.78719,-0.663871
231,3.295,1.78719,-0.663871
235,1.18444,1.48198,-0.586449
231,1.18444,1.48198,-0.586449
235,0.57667,3.10428,-0.807096
231,0.57667,3.10428,-0.807096
235,2.22925,1.06302,-0.54583
229,2.22925,1.06302,-0.54583
235,2.33779,1.74755,-0.58817
229,2.33779,1.74755,-0.58817
235,2.97173,0.812121,-0.569288
229,2.97173,0.812121,-0.569288
235,3.04687,0.564113,-0.536135
229,3.04687,0.564113,-0.536135
235,2.965,0.66487,-0.554297
229,2.965,0.66487,-0.554297
235,2.96081,0.976124,-0.630227
229,2.96081,0.976124,-0.630227
235,2.04963,0.603163,-0.551832
230,2.04963,0.603163,-0.551832
235,1.87753,0.797617,-0.571728
230,1.87753,0.797617,-0.571728
235,0.952918,1.4737,-0.578904
230,0.952918,1.4737,-0.578904
235,3.40937,2.82928,-0.0802496
222,3.40937,2.82928,-0.0802496
235,3.15895,1.94245,-0.307054
222,3.15895,1.94245,-0.307054
235,2.42134,0.812279,-0.506718
228,2.42134,0.812279,-0.506718
235,2.86436,0.835548,-0.487746
228,2.86436,0.835548,-0.487746
235,2.87728,1.89413,0.369826
234,2.87728,1.89413,0.369826
235,3.80952,2.75007,0.624912
234,3.80952,2.75007,0.624912
235,3.69353,2.94383,0.0115725
234,3.69353,2.94383,0.0115725
235,3.33712,2.91084,-0.491444
234,3.33712,2.91084,-0.491444
235,1.79106,2.07541,1.06515
234,1.79106,2.07541,1.06515
235,5.05458,2.87778,-0.488521
234,5.05458,2.87778,-0.488521
235,4.28259,5.62029,-1.19369
224,4.28259,5.62029,-1.19369
235,3.97362,3.70556,-0.450785
224,3.97362,3.70556,-0.450785
235,4.30535,6.13818,-0.29268
224,4.30535,6.13818,-0.29268
235,2.9949,2.02133,0.0185221
214,2.9949,2.02133,0.0185221
235,3.79372,2.70239,0.748708
233,3.79372,2.70239,0.748708
236,1.44308,0.171437,-0.260997
236,1.19713,0.221696,-0.261137
236,1.20755,0.214671,-0.269794
236,1.54105,0.223665,-0.234826
236,1.54973,0.219701,-0.239883
236,1.5423,0.224563,-0.245435
236,1.54781,0.221623,-0.261395
236,1.42872,0.24456,-0.27008
236,1.42672,0.263852,-0.284031
236,1.4252,0.266506,-0.291463
236,1.66076,0.29861,-0.265835
236,1.20088,0.347306,-0.282064
236,1.20118,0.352908,-0.282512
236,1.20435,0.360486,-0.288669
236,1.19659,0.36144,-0.298862
236,1.19676,0.368007,-0.307795
236,1.20041,0.368315,-0.30849
236,1.29475,0.400651,-0.286294
236,1.29399,0.402452,-0.293635
236,1.63642,0.277711,-0.436471
236,1.29616,0.424945,-0.287205
236,1.29891,0.424541,-0.288397
236,1.60543,0.422735,-0.263753
236,1.58551,0.42874,-0.258655
236,1.29867,0.424714,-0.292791
236,1.60867,0.42412,-0.272434
236,1.29509,0.429486,-0.295109
236,1.58638,0.436345,-0.26902
236,1.40281,0.464706,-0.257695
236,1.29862,0.442962,-0.304887
236,1.40512,0.478898,-0.271191
236,1.40275,0.476217,-0.277033
236,1.29684,0.454193,-0.325186
236,1.39565,0.502609,-0.299416
236,1.51652,0.543089,-0.246487
236,1.52854,0.54092,-0.250355
236,1.50857,0.545879,-0.269122
236,1.51758,0.55662,-0.255516
236,1.52237,0.558195,-0.25465
236,1.5083,0.55894,-0.2579
236,1.49451,0.564388,-0.287429
236,1.78852,0.394284,-0.638841
236,2.66094,0.342785,-0.628248
236,1.7523,0.413712,-0.636148
236,1.7495,0.412567,-0.638969
236,2.76711,0.362094,-0.63277
236,3.22769,0.366685,-0.601283
236,2.64818,0.39557,-0.619006
236,2.4817,0.425211,-0.614073
236,2.62715,0.40927,-0.628127
236,2.5615,0.417815,-0.627482
236,2.5601,0.421414,-0.626497
236,1.91033,0.455287,-0.642298
236,2.70215,0.410313,-0.635213
236,3.24085,0.391287,-0.611409
236,3.03411,0.39652,-0.626364
236,3.17854,0.394303,-0.631023
236,1.90548,0.466266,-0.65787
236,1.97644,0.478334,-0.642762
236,2.43632,0.470424,-0.613618
236,3.03836,0.418023,-0.635559
236,1.87145,0.500205,-0.639146
236,1.89195,0.524522,-0.627206
236,3.53787,0.459027,-0.566922
236,2.02038,0.511553,-0.649828
236,3.10268,0.454845,-0.626402
236,1.92935,0.545269,-0.616928
236,3.08989,0.460517,-0.622425
236,2.37622,0.498066,-0.643027
236,1.9425,0.548695,-0.616337
236,3.26264,0.489568,-0.578064
236,2.05715,0.535396,-0.629839
236,2.33495,0.523326,-0.621312
236,1.93195,0.546481,-0.628692
236,2.33666,0.503208,-0.65516
236,2.35988,0.528419,-0.622693
236,2.05894,0.539791,-0.636602
236,3.09717,0.467943,-0.640221
236,2.13614,0.556312,-0.617118
236,2.47455,0.534322,-0.625782
236,2.50566,0.540956,-0.630234
236,2.03201,0.578023,-0.626246
236,2.24303,0.578388,-0.60716
236,2.10347,0.581056,-0.622016
236,2.23645,0.560797,-0.638636
236,3.15861,0.524316,-0.604159
236,2.14351,0.568326,-0.641218
236,2.14521,0.567549,-0.647017
236,3.1649,0.511734,-0.628362
236,3.22085,0.529942,-0.61756
236,2.16051,0.60518,-0.621039
236,3.2292,0.543527,-0.620543
236,2.02897,0.654902,-0.602217
236,2.09234,0.638178,-0.624489
236,2.30095,0.629452,-0.617896
236,2.15491,0.626581,-0.645422
236,2.24596,0.669434,-0.604663
236,2.45563,0.631425,-0.636136
236,3.09754,0.584421,-0.639366
236,3.15408,0.590296,-0.629139
236,2.45741,0.632541,-0.645713
236,3.02455,0.594216,-0.65109
236,2.28963,0.680826,-0.61426
236,2.29441,0.688472,-0.626391
236,0.546405,0.943912,-0.45728
236,2.11601,0.726284,-0.600196
236,3.04908,0.645841,-0.630401
236,2.97029,0.672455,-0.607433
236,3.08251,0.658385,-0.624154
236,2.43702,0.720456,-0.621505
236,3.05512,0.677893,-0.624196
236,0.558174,0.938358,-0.518847
236,2.26344,0.794658,-0.553525
236,2.15692,0.739708,-0.637609
236,1.9977,0.772024,-0.628605
236,2.43257,0.771337,-0.590207
236,2.09662,0.771005,-0.62424
236,0.729264,0.899228,-0.586074
236,3.12543,0.706736,-0.632869
236,0.72545,0.910142,-0.598878
236,2.19392,0.786972,-0.633105
236,2.9607,0.742793,-0.624341
236,2.18669,0.795484,-0.633958
236,1.95184,0.801401,-0.649125
236,3.09036,0.751474,-0.632013
236,1.997,0.837775,-0.621156
236,1.82772,0.850673,-0.620592
236,0.531237,0.979111,-0.575165
236,2.21372,0.841926,-0.603722
236,2.02695,0.848727,-0.619867
236,1.99389,0.848197,-0.626082
236,2.21478,0.842295,-0.61542
236,1.19672,0.939316,-0.583801
236,1.81959,0.875806,-0.620399
236,1.0975,0.907231,-0.647733
236,1.82774,0.864242,-0.640361
236,1.77189,0.894041,-0.615642
236,0.725647,0.974724,-0.609455
236,2.02511,0.865332,-0.641297
236,2.99919,0.820764,-0.612527
236,1.76211,0.917246,-0.618225
236,1.18645,0.960464,-0.615629
236,1.83536,0.887385,-0.667834
236,1.7776,0.908929,-0.646423
236,0.781261,1.00183,-0.617679
236,0.753865,1.00631,-0.61963
236,0.748935,1.01545,-0.613634
236,1.95825,0.914188,-0.643939
236,1.87241,0.925812,-0.638808
236,0.742676,1.03185,-0.617301
236,1.67873,0.973476,-0.617902
236,1.80893,1.93947,0.67402
236,1.79811,1.9572,0.694328
236,1.65152,0.975949,-0.62421
236,2.49002,0.935992,-0.604249
236,1.64465,0.977987,-0.628179
236,2.08282,0.953165,-0.622351
236,1.82334,0.964193,-0.634545
236,1.92944,0.983149,-0.609051
236,2.44916,0.966485,-0.600739
236,0.457269,1.07426,-0.659006
236,2.452,0.970478,-0.615081
236,2.63146,0.962588,-0.626762
236,2.92446,0.955241,-0.610495
236,2.59477,0.996344,-0.601951
236,2.94121,0.957997,-0.63483
236,2.93513,0.961881,-0.644681
236,0.426312,1.1042,-0.711463
236,2.68603,1.01042,-0.639173
236,1.66623,1.08838,-0.638995
236,2.72627,1.06947,-0.614355
236,2.75574,1.06733,-0.623191
236,2.27343,1.12534,-0.62526
236,1.33634,1.18141,-0.641056
236,1.49025,1.17949,-0.633183
236,2.81708,1.06855,-0.658834
236,1.32101,1.20358,-0.641887
236,1.50821,1.19617,-0.639276
236,1.38773,1.21569,-0.632668
236,1.50275,1.20186,-0.643177
236,1.30797,1.21903,-0.640771
236,2.76902,1.16289,-0.602825
236,2.91335,1.93517,0.418889
236,1.41786,1.24414,-0.638194
236,1.29142,1.24485,-0.66615
236,2.92405,1.16217,-0.626521
236,1.38855,1.27636,-0.64005
236,2.93706,1.1694,-0.641677
236,1.09162,1.29901,-0.644297
236,1.03094,1.31747,-0.645145
236,1.08482,1.31515,-0.644736
236,1.0233,1.32599,-0.638129
236,1.35864,1.2987,-0.65353
236,2.80339,1.22784,-0.619055
236,2.20408,1.23473,-0.667969
236,1.08146,1.3363,-0.639961
236,3.33077,1.20546,-0.618725
236,3.33791,1.21043,-0.624437
236,3.33878,1.21013,-0.627562
236,1.26221,1.33513,-0.657127
236,1.27667,1.3294,-0.665004
236,1.25936,1.33674,-0.658565
236,2.77677,1.26026,-0.626289
236,3.21198,1.29368,-0.547754
236,1.27465,1.34936,-0.658831
236,2.97157,1.28511,-0.588392
236,1.27416,1.35039,-0.685152
236,1.56201,1.39382,-0.600794
236,2.98189,1.31171,-0.622448
236,3.27056,1.31544,-0.602471
236,2.86416,1.36146,-0.584851
236,3.04944,1.36927,-0.581954
236,3.03627,1.343,-0.62598
236,3.04118,1.34914,-0.621916
236,1.94432,1.42353,-0.625604
236,3.06088,1.37967,-0.59985
236,0.582594,1.5564,-0.598701
236,0.871525,1.50687,-0.6487
236,2.93133,1.42827,-0.581322
236,1.41744,1.5708,-0.538707
236,3.07848,1.42189,-0.609265
236,2.38632,1.4728,-0.622486
236,2.20589,1.48368,-0.626756
236,2.98483,1.43247,-0.626872
236,0.629407,1.59201,-0.636223
236,0.917855,1.56974,-0.655904
236,3.13547,1.45138,-0.608203
236,2.28087,1.51263,-0.619591
236,1.04153,1.57267,-0.66194
236,3.07209,1.47682,-0.611066
236,3.04773,1.49502,-0.600122
236,3.08728,1.51675,-0.598808
236,1.00393,1.64795,-0.620695
236,1.42363,1.6442,-0.588661
236,3.75188,1.46816,-0.636973
236,3.58995,1.49686,-0.616378
236,3.14025,1.58279,-0.623562
236,4.09455,1.55188,-0.584976
236,3.5428,1.62616,-0.558608
236,3.66085,1.55151,-0.679083
236,3.72817,1.5796,-0.640424
236,2.16928,1.69931,-0.630142
236,2.22215,1.72696,-0.60711
236,0.116973,1.91797,-0.577378
236,3.90753,1.5941,-0.654515
236,3.48974,1.65707,-0.61842
236,3.49231,1.66177,-0.6243
236,3.56782,1.68082,-0.596358
236,1.63376,1.82798,-0.591398
236,3.58983,1.68086,-0.628922
236,3.28036,1.69312,-0.641742
236,3.51756,1.67713,-0.645026
236,3.29903,1.74338,-0.594015
236,0.0972279,1.96703,-0.603845
236,3.28822,1.74682,-0.598386
236,0.0276079,2.00733,-0.579578
236,1.84514,1.89311,-0.561757
236,1.91072,1.92908,-0.514964
236,1.8701,1.881,-0.586844
236,1.85896,1.89191,-0.580605
236,0.0113789,2.02767,-0.578032
236,1.83212,1.94027,-0.525531
236,1.85518,1.92152,-0.593918
236,1.8735,1.91088,-0.610014
236,0.146408,2.015,-0.634138
236,4.11775,1.7694,-0.59834
236,3.40457,1.8381,-0.605195
236,2.81458,1.9346,-0.535381
236,2.82302,1.92419,-0.549253
236,4.28132,2.74497,0.652298
236,2.67816,1.91371,-0.601898
236,4.30194,2.72519,0.624234
236,2.6871,1.92397,-0.611549
236,1.4696,2.5117,0.00210941
236,0.225141,2.12265,-0.680303
236,0.496128,2.14055,-0.632487
236,0.449994,2.10772,-0.706901
236,0.482279,2.17154,-0.622012
236,0.55557,2.18089,-0.638572
236,0.22762,2.19031,-0.657014
236,0.205698,2.22472,-0.665644
236,-0.153853,2.33193,-0.582013
236,0.231554,2.24588,-0.667492
236,0.50437,2.65158,-0.151523
236,0.507677,2.651,-0.162754
236,-0.18404,2.38029,-0.598299
236,3.51478,2.71379,0.160379
236,0.741885,2.6247,-0.245429
236,3.80466,2.94374,0.453804
236,-0.22027,2.42603,-0.621737
236,3.81654,2.96907,0.443494
236,3.66325,2.80784,0.194998
236,0.516482,2.4565,-0.571793
236,0.686452,2.9744,0.0889288
236,0.675256,2.97394,0.0840549
236,0.510666,2.48383,-0.587949
236,3.64357,2.92208,0.0862893
236,1.62496,2.66972,-0.445208
236,3.49228,2.43549,-0.590229
236,3.5466,2.45329,-0.624526
236,3.56894,2.46911,-0.64595
236,3.76662,2.78984,-0.221323
236,3.7772,2.80777,-0.225526
236,3.93708,2.90762,-0.132335
236,3.76706,2.81309,-0.274585
236,1.6208,2.77056,-0.532234
236,1.60723,2.74915,-0.575647
236,3.8014,2.69647,-0.444809
236,3.80749,2.75138,-0.501276
236,3.80911,2.76819,-0.515734
236,3.8209,2.77333,-0.510432
236,3.80137,2.82975,-0.579519
236,3.81397,2.82029,-0.598633
236,3.78449,2.9611,-0.502604
236,5.04039,2.99287,-0.576478
236,5.10093,3.07111,-0.607461
236,1.18626,1.5517,-0.818258
235,1.18626,1.5517,-0.818258
236,3.36782,1.70714,-0.613788
235,3.36782,1.70714,-0.613788
236,2.53418,0.896089,-0.630504
235,2.53418,0.896089,-0.630504
236,3.32125,1.61043,-0.657943
235,3.32125,1.61043,-0.657943
236,3.32125,1.61043,-0.657943
235,3.32125,1.61043,-0.657943
236,3.06652,0.626027,-0.607244
235,3.06652,0.626027,-0.607244
236,0.742397,1.24579,-0.824413
235,0.742397,1.24579,-0.824413
236,1.94823,1.00257,-0.641101
235,1.94823,1.00257,-0.641101
236,4.13265,1.62045,-0.641681
235,4.13265,1.62045,-0.641681
236,0.524713,3.19592,-0.460975
235,0.524713,3.19592,-0.460975
236,2.60024,0.328822,-0.604278
230,2.60024,0.328822,-0.604278
236,1.73063,1.49472,-0.673492
230,1.73063,1.49472,-0.673492
236,2.96051,0.733316,-0.587678
230,2.96051,0.733316,-0.587678
236,2.37231,1.42985,-0.565432
230,2.37231,1.42985,-0.565432
236,3.06104,0.677023,-0.579385
230,3.06104,0.677023,-0.579385
236,3.29509,1.59057,-0.54096
230,3.29509,1.59057,-0.54096
236,2.31851,1.59078,-0.600969
229,2.31851,1.59078,-0.600969
236,1.80306,0.50162,-0.648218
229,1.80306,0.50162,-0.648218
236,2.10282,1.37741,-0.597996
229,2.10282,1.37741,-0.597996
236,2.98332,0.91721,-0.612738
222,2.98332,0.91721,-0.612738
236,1.78506,0.8139,-0.539334
222,1.78506,0.8139,-0.539334
236,2.77679,1.20521,-0.436784
222,2.77679,1.20521,-0.436784
236,2.26481,1.82777,-0.634797
231,2.26481,1.82777,-0.634797
236,1.81246,1.97012,0.509834
231,1.81246,1.97012,0.509834
236,3.10966,0.896921,-0.74235
231,3.10966,0.896921,-0.74235
236,1.81038,2.00286,0.504834
231,1.81038,2.00286,0.504834
236,2.23154,1.37228,-0.512356
231,2.23154,1.37228,-0.512356
236,2.05848,-0.301834,0.60704
223,2.05848,-0.301834,0.60704
236,2.05344,1.49016,-0.662241
215,2.05344,1.49016,-0.662241
236,2.37829,1.49123,-0.617385
215,2.37829,1.49123,-0.617385
236,1.83588,0.725895,-0.372409
215,1.83588,0.725895,-0.372409
236,3.80463,2.74652,-0.499252
216,3.80463,2.74652,-0.499252
236,2.25935,0.791227,-0.556262
216,2.25935,0.791227,-0.556262
236,3.04948,0.637661,-0.674322
228,3.04948,0.637661,-0.674322
236,2.80927,1.6912,0.462876
234,2.80927,1.6912,0.462876
237,1.24103,0.929274,0.465827
237,2.74207,1.44228,0.648411
237,2.80762,1.86588,1.25307
237,1.825,1.89463,1.24779
237,1.81214,1.90273,1.26945
237,1.80235,1.90443,1.26409
237,1.82442,1.91355,1.25373
237,1.83111,1.91125,1.24243
237,1.79696,1.89608,1.17123
237,1.86441,1.93098,1.26015
237,1.79908,1.92948,1.25278
237,2.84933,1.94768,1.25602
237,2.8335,1.95328,1.25489
237,1.84237,1.9839,1.24364
237,1.82714,1.99657,1.24213
237,1.80215,1.93526,0.872224
237,0.262705,1.47286,-0.436235
237,2.89723,1.9348,0.472911
237,2.90022,1.92857,0.44481
237,2.88164,1.94515,0.478228
237,0.837264,1.54131,-0.612541
237,2.9069,1.93903,0.442007
237,2.90643,1.95174,0.466024
237,2.90995,1.946,0.436225
237,2.93039,1.95184,0.445579
237,2.91233,1.95296,0.436425
237,1.42832,1.58955,-0.53731
237,1.45226,1.59771,-0.535467
237,2.91794,1.94963,0.402452
237,2.97947,1.97546,0.436536
237,1.05177,1.57508,-0.640207
237,2.95257,1.98005,0.434596
237,2.85237,1.86013,0.104797
237,2.86066,1.85492,0.0885012
237,3.01335,1.98793,0.439309
237,0.743964,1.59931,-0.602117
237,0.937927,1.57827,-0.664791
237,0.973242,1.58558,-0.647402
237,2.86658,1.86595,0.0893048
237,2.97478,1.99711,0.42856
237,0.979702,1.60356,-0.626851
237,2.868,1.87597,0.0830343
237,0.833729,1.60215,-0.644331
237,0.734242,1.62391,-0.604056
237,2.97163,2.01903,0.417994
237,0.901149,1.62373,-0.642887
237,0.86771,1.62207,-0.648654
237,0.753452,1.63999,-0.60698
237,0.926109,1.61567,-0.679104
237,0.864158,1.62357,-0.659939
237,0.77914,1.63391,-0.632294
237,0.72966,1.64057,-0.614245
237,0.881849,1.6228,-0.665754
237,1.00756,1.64007,-0.634082
237,0.880152,1.62608,-0.673525
237,0.85511,1.63773,-0.667814
237,0.834081,1.64449,-0.649901
237,0.895961,1.6457,-0.663896
237,1.00208,1.66059,-0.626246
237,0.892489,1.64816,-0.66094
237,1.05389,1.66836,-0.615937
237,3.21618,1.68278,-0.593889
237,0.73822,1.66657,-0.64672
237,1.05,1.68728,-0.598941
237,0.824391,1.66407,-0.666923
237,1.01308,1.69374,-0.597669
237,3.25339,1.72967,-0.512965
237,1.00282,1.69702,-0.607732
237,1.01402,1.68721,-0.642466
237,0.863416,1.67562,-0.675498
237,0.744189,1.69257,-0.633618
237,0.81933,1.68537,-0.655773
237,0.863536,1.68067,-0.670987
237,1.042,1.71749,-0.594915
237,0.799695,1.69629,-0.652199
237,0.814989,1.69424,-0.66787
237,2.97446,1.972,0.0604484
237,2.22826,1.70588,-0.653894
237,0.8413,1.70067,-0.663067
237,0.862003,1.69941,-0.669974
237,1.05168,1.71401,-0.644891
237,2.97001,1.96614,0.00773621
237,0.808992,1.71128,-0.66845
237,0.775963,1.72222,-0.649417
237,2.24706,1.73353,-0.646166
237,1.0315,1.74087,-0.632156
237,3.30829,1.78442,-0.527067
237,3.30062,1.75747,-0.603873
237,-0.061975,2.40605,1.13436
237,3.29823,1.77018,-0.597805
237,0.71343,1.7563,-0.627726
237,2.6328,1.7994,-0.522979
237,2.3027,1.77785,-0.59371
237,2.89064,1.82537,-0.473706
237,2.26812,1.76877,-0.622847
237,-0.0818329,2.39633,1.07346
237,2.78771,1.82671,-0.480512
237,2.3537,1.77714,-0.619351
237,2.24844,1.76596,-0.660234
237,0.737303,1.76355,-0.664432
237,2.82771,1.81983,-0.52402
237,2.11524,1.781,-0.626906
237,-0.157729,2.51498,1.33567
237,2.80268,1.83491,-0.510578
237,2.82904,1.84932,-0.475552
237,2.26479,1.79369,-0.623504
237,2.80181,1.83776,-0.510812
237,2.79312,1.85374,-0.471341
237,2.11382,1.79198,-0.634988
237,2.83678,1.8293,-0.541843
237,2.3346,1.80359,-0.611308
237,2.79707,1.85621,-0.473153
237,2.80211,1.853,-0.483533
237,2.25828,1.80474,-0.615675
237,2.34269,1.8079,-0.609982
237,-0.0946525,2.45421,1.13267
237,2.90637,1.85157,-0.511328
237,2.8487,1.829,-0.572015
237,2.2679,1.80581,-0.632761
237,2.34311,1.81252,-0.618782
237,2.838,1.8413,-0.547631
237,2.26812,1.81026,-0.628858
237,2.84839,1.83221,-0.57297
237,2.3279,1.8287,-0.582053
237,2.27986,1.8204,-0.605716
237,2.84157,1.83285,-0.585221
237,2.89899,1.84002,-0.566567
237,2.07997,1.80725,-0.650646
237,2.2879,1.83577,-0.577996
237,2.89998,1.83334,-0.590255
237,2.86999,1.82886,-0.608477
237,2.33866,1.8297,-0.610608
237,2.84821,1.83729,-0.598225
237,-0.181339,2.55558,1.33884
237,2.34484,1.83141,-0.623147
237,1.76909,1.83067,-0.631966
237,1.77683,1.83052,-0.642791
237,2.33638,1.84455,-0.610124
237,2.33697,1.8508,-0.606427
237,1.94168,1.8966,-0.486063
237,1.77686,1.8393,-0.640988
237,0.717503,1.81752,-0.701651
237,1.91092,1.89727,-0.503732
237,1.63051,1.85065,-0.636771
237,1.82389,1.91187,-0.477623
237,0.585793,1.84162,-0.661852
237,1.61428,1.85593,-0.642248
237,1.81451,1.85394,-0.655774
237,2.34714,2.76859,1.79791
237,0.217967,1.89718,-0.533914
237,3.77194,2.74897,1.73634
237,1.6478,1.85063,-0.667718
237,1.61894,1.87339,-0.606472
237,1.92535,1.9098,-0.510818
237,1.62137,1.85458,-0.658863
237,1.5828,1.85413,-0.66228
237,0.610084,1.86724,-0.625211
237,1.64865,1.85984,-0.652724
237,0.127144,1.88605,-0.576508
237,1.81095,1.85619,-0.67734
237,0.604918,1.87795,-0.634406
237,1.62718,1.89095,-0.617422
237,1.61214,1.88764,-0.629814
237,1.83291,1.94419,-0.483485
237,1.62078,1.87168,-0.679703
237,1.61182,1.89135,-0.628181
237,1.82631,1.94182,-0.494177
237,2.12175,2.7872,1.75925
237,1.83279,1.94456,-0.505703
237,0.589371,1.8999,-0.624817
237,1.86375,1.92706,-0.56627
237,1.92932,1.94291,-0.526152
237,0.679701,1.87842,-0.723934
237,1.62509,1.89967,-0.67285
237,1.62303,1.91861,-0.638907
237,2.12747,2.79628,1.70936
237,0.502548,1.90563,-0.682401
237,0.185039,1.94509,-0.578981
237,1.89039,1.92978,-0.653123
237,0.494511,1.92942,-0.663919
237,1.90087,1.94718,-0.667349
237,2.21131,2.84008,1.72047
237,2.18778,2.85827,1.75869
237,2.15673,2.83585,1.69307
237,2.20888,2.84766,1.72392
237,1.88748,1.9523,-0.684267
237,2.12517,2.81771,1.63814
237,-0.163569,2.32222,0.314401
237,1.6802,2.69983,1.30547
237,1.69244,2.70931,1.3077
237,2.2123,2.85987,1.70769
237,0.497955,1.9864,-0.632134
237,2.19463,2.86334,1.69676
237,1.91224,1.97479,-0.69221
237,2.16014,2.81584,1.55575
237,2.20623,2.83368,1.60291
237,0.506342,2.01241,-0.603411
237,1.88894,1.97758,-0.707488
237,2.13179,2.86113,1.64295
237,2.16345,2.84915,1.60819
237,2.19041,2.85942,1.62222
237,1.68037,2.74254,1.30922
237,2.19854,2.8879,1.6918
237,2.16502,2.87953,1.66503
237,2.20631,2.86413,1.6045
237,2.16231,2.88786,1.66373
237,2.2153,2.8613,1.58377
237,2.12655,2.87212,1.6077
237,2.19148,2.84029,1.51532
237,-0.200458,2.38442,0.280522
237,0.669177,2.77874,1.32562
237,2.16014,2.88567,1.60076
237,2.20741,2.88827,1.60279
237,3.73356,2.76235,1.24294
237,2.22656,2.90502,1.63155
237,2.19464,2.91289,1.64698
237,0.666073,2.78374,1.30611
237,2.16962,2.90625,1.61126
237,-0.191588,2.40333,0.261545
237,2.23324,2.92106,1.62117
237,2.21196,2.91427,1.59337
237,2.1677,2.906,1.5473
237,1.66995,2.8256,1.31255
237,2.19935,2.89528,1.4929
237,2.37332,2.80747,1.23872
237,2.38509,2.80062,1.21076
237,2.19857,2.91982,1.49333
237,0.653424,2.8355,1.27161
237,2.37623,2.82721,1.23231
237,0.511851,2.13772,-0.619152
237,2.42308,2.82564,1.19949
237,2.43401,2.82998,1.2108
237,2.37051,2.83777,1.22852
237,2.23501,2.84446,1.21724
237,1.56975,2.88235,1.32168
237,0.545582,2.15624,-0.631107
237,-0.132831,2.18903,-0.550795
237,2.24005,2.85713,1.22961
237,2.37582,2.85835,1.22606
237,2.718,2.85814,1.22043
237,1.56821,2.90096,1.34116
237,2.43496,2.85143,1.20084
237,1.57521,2.89232,1.30832
237,1.56593,2.89948,1.32378
237,2.42664,2.85705,1.19454
237,1.56482,2.91182,1.33949
237,3.72956,2.88043,1.24101
237,2.24145,2.86965,1.2159
237,3.88678,2.85402,1.14764
237,2.70341,2.87539,1.20225
237,0.529783,2.20171,-0.614705
237,2.24564,2.89047,1.21999
237,2.44673,2.88629,1.2069
237,2.69765,2.88857,1.20762
237,2.45162,2.89192,1.2108
237,4.23178,2.68945,0.654401
237,4.24542,2.68141,0.631778
237,2.69189,2.89515,1.20295
237,3.73711,2.91443,1.24563
237,2.70049,2.89963,1.20299
237,3.71069,2.90593,1.20945
237,3.74361,2.91178,1.2223
237,2.44296,2.9045,1.2089
237,3.75188,2.93226,1.27352
237,0.539233,2.21258,-0.652764
237,2.37844,2.92369,1.23028
237,3.75145,2.92787,1.21934
237,2.71671,2.92714,1.19761
237,2.12716,2.95982,1.27183
237,3.76012,2.94649,1.2154
237,2.26212,2.95749,1.2237
237,2.74444,2.95257,1.20388
237,3.82379,2.75698,0.669185
237,2.17342,2.98575,1.2726
237,3.91444,2.86216,0.923538
237,2.14938,2.98444,1.24665
237,3.66829,2.82694,0.788162
237,2.15258,3.00723,1.23859
237,-0.199145,2.58783,0.0784616
237,3.87396,2.82765,0.653868
237,3.74301,2.81876,0.627478
237,0.526582,2.31244,-0.769662
237,3.78124,2.84487,0.610209
237,3.86436,2.84291,0.595844
237,3.81272,2.82357,0.537258
237,3.72422,2.92817,0.760012
237,0.366148,2.58971,-0.137911
237,3.84214,2.89755,0.671521
237,3.80648,2.87493,0.595715
237,3.82954,2.85076,0.530115
237,0.606741,2.61221,-0.136864
237,0.410167,2.61592,-0.138276
237,3.77919,2.76318,0.23902
237,0.489459,2.61909,-0.145918
237,3.72926,2.90741,0.574839
237,0.318373,2.61877,-0.196413
237,0.455592,2.63844,-0.146757
237,3.80202,2.77629,0.187271
237,0.348035,2.48316,-0.583156
237,0.327593,2.63882,-0.171122
237,0.346141,2.4928,-0.563792
237,0.324959,2.65017,-0.152269
237,3.80629,2.93789,0.601576
237,3.74471,2.90703,0.509842
237,0.57674,2.64283,-0.195502
237,3.72583,2.91643,0.520568
237,0.713354,2.65615,-0.164576
237,0.574952,2.65398,-0.170337
237,0.351739,2.50182,-0.58208
237,0.584315,2.66266,-0.151959
237,0.411885,2.49679,-0.599331
237,0.350675,2.50691,-0.572514
237,0.708561,2.66022,-0.162686
237,0.708847,2.65697,-0.173379
237,0.415759,2.65924,-0.170477
237,0.640422,2.66633,-0.156702
237,0.470874,2.51103,-0.57749
237,0.31601,2.62729,-0.264398
237,0.361558,2.4963,-0.616724
237,3.60894,2.79801,0.176185
237,3.66182,2.81841,0.230123
237,0.662557,2.66195,-0.17807
237,0.629737,2.65756,-0.189859
237,0.414053,2.65876,-0.190809
237,0.313288,2.63993,-0.241214
237,0.6564,2.51068,-0.595599
237,3.78249,3.00509,0.70894
237,0.60014,2.51226,-0.599545
237,0.587016,2.67166,-0.178273
237,0.721774,2.52945,-0.567605
237,0.465878,2.52186,-0.588967
237,0.721959,2.52648,-0.578637
237,0.604202,2.52961,-0.571638
237,3.78096,2.96939,0.592159
237,0.611005,2.51828,-0.605059
237,0.540359,2.63418,-0.29416
237,0.722254,2.52074,-0.600865
237,0.745471,2.66014,-0.226656
237,0.541649,2.51916,-0.607055
237,0.542818,2.5231,-0.59873
237,0.376903,2.50885,-0.63712
237,0.487349,2.51604,-0.623041
237,0.493291,2.51301,-0.631606
237,3.81425,2.82078,0.176867
237,3.88296,2.93868,0.492523
237,0.540421,2.5344,-0.580138
237,0.716752,2.66364,-0.238075
237,0.735671,2.66582,-0.238295
237,0.688422,2.72334,-0.094949
237,3.82821,2.98296,0.583825
237,0.72771,2.54509,-0.577222
237,0.628809,2.52819,-0.623591
237,0.758509,2.53711,-0.600883
237,3.7907,2.98704,0.581041
237,3.83778,2.84487,0.190411
237,0.707728,2.5525,-0.591648
237,0.59532,2.54621,-0.631826
237,0.473555,2.54461,-0.637128
237,0.755389,2.54578,-0.637585
237,0.622931,2.53865,-0.658091
237,0.755836,2.54108,-0.652753
237,3.77795,2.99962,0.549216
237,0.735227,2.60402,-0.504192
237,0.783447,2.55974,-0.626953
237,0.610959,2.55321,-0.649986
237,0.701168,2.56455,-0.661901
237,3.54772,2.8647,0.0853431
237,3.68738,2.73081,-0.315156
237,3.67282,2.69337,-0.457064
237,3.6796,2.90522,0.110882
237,3.76326,2.70238,-0.457956
237,3.74497,2.79108,-0.224251
237,1.60543,2.71769,-0.456653
237,3.62819,2.95759,0.0907823
237,3.70535,2.96561,0.0760255
237,1.60785,2.75439,-0.485157
237,3.65612,2.9471,0.00511694
237,3.4258,2.94111,-0.0331063
237,3.69752,2.98951,0.0351001
237,3.83642,2.79231,-0.498203
237,3.77756,2.7943,-0.559299
237,3.58304,3.01458,0.0323169
237,1.59011,2.80855,-0.524708
237,3.67134,3.02119,0.0356019
237,1.60994,2.80923,-0.524091
237,3.5823,3.02449,0.0407121
237,3.72194,3.05561,0.0863578
237,3.76002,3.04995,0.0646378
237,1.61461,2.82205,-0.540809
237,1.60689,2.83087,-0.532282
237,3.85699,2.83523,-0.542518
237,1.63345,2.81187,-0.600591
237,3.71258,3.04985,0.016703
237,3.6182,3.05402,0.0266167
237,3.75877,3.05855,0.0351057
237,3.80135,2.82528,-0.595886
237,3.81643,2.82538,-0.609142
237,3.6385,2.89735,-0.415304
237,3.85454,2.85317,-0.553721
237,1.61206,2.82109,-0.634256
237,3.80045,2.85714,-0.583112
237,3.65355,2.91315,-0.434476
237,3.80211,2.85105,-0.603436
237,3.61482,2.92413,-0.419697
237,3.67937,2.89777,-0.508837
237,3.40002,2.89118,-0.526934
237,3.62013,2.92519,-0.443015
237,3.82942,3.10376,0.0329812
237,3.62661,2.94823,-0.434556
237,3.62824,2.94028,-0.458896
237,3.57991,2.94423,-0.4636
237,3.52426,2.92842,-0.515462
237,3.56811,2.93171,-0.515159
237,3.5872,2.93223,-0.524235
237,3.59656,2.9266,-0.539938
237,3.54821,2.9606,-0.48427
237,3.66106,2.96946,-0.473882
237,3.51332,2.94917,-0.547819
237,3.62434,2.95411,-0.535259
237,3.67018,2.9566,-0.544213
237,2.81275,1.83567,-0.512015
234,2.81275,1.83567,-0.512015
237,2.81904,1.87479,1.25779
234,2.81904,1.87479,1.25779
237,3.85686,2.82876,0.617666
234,3.85686,2.82876,0.617666
237,2.19963,2.9595,1.75849
234,2.19963,2.9595,1.75849
237,3.78747,2.71459,0.62934
234,3.78747,2.71459,0.62934
237,2.3309,1.77795,-0.548285
234,2.3309,1.77795,-0.548285
237,3.83742,2.97652,-0.433641
234,3.83742,2.97652,-0.433641
237,0.454934,1.88381,-0.558778
54,0.454934,1.88381,-0.558778
237,2.81822,1.80958,0.533354
54,2.81822,1.80958,0.533354
237,1.41573,1.78718,-0.701378
54,1.41573,1.78718,-0.701378
237,-0.297107,2.6057,0.203998
54,-0.297107,2.6057,0.203998
237,-0.269465,2.6698,0.310486
54,-0.269465,2.6698,0.310486
237,-0.235302,2.51689,0.244902
54,-0.235302,2.51689,0.244902
237,0.569645,2.18777,-0.667268
54,0.569645,2.18777,-0.667268
237,-0.372563,2.69158,0.174592
54,-0.372563,2.69158,0.174592
237,-0.423731,2.73905,0.187443
54,-0.423731,2.73905,0.187443
237,-0.124873,2.40105,0.301455
54,-0.124873,2.40105,0.301455
237,-0.266534,2.71076,0.388362
54,-0.266534,2.71076,0.388362
237,-0.294791,2.72893,0.117168
54,-0.294791,2.72893,0.117168
237,-0.279508,2.73407,0.703685
54,-0.279508,2.73407,0.703685
237,-0.211302,2.63483,0.868234
54,-0.211302,2.63483,0.868234
237,-0.255613,2.70278,0.997516
54,-0.255613,2.70278,0.997516
237,-0.32926,2.81221,0.54014
54,-0.32926,2.81221,0.54014
237,1.6298,2.73347,-0.546822
56,1.6298,2.73347,-0.546822
237,-0.287386,2.74999,0.31316
56,-0.287386,2.74999,0.31316
237,-0.363087,2.61663,0.202553
56,-0.363087,2.61663,0.202553
237,-0.40757,2.66489,0.18274
56,-0.40757,2.66489,0.18274
237,-0.446301,2.69844,0.18166
56,-0.446301,2.69844,0.18166
237,-0.17404,2.42524,0.34102
56,-0.17404,2.42524,0.34102
237,-0.21251,2.62369,0.228459
56,-0.21251,2.62369,0.228459
237,-0.24659,2.68804,0.424913
236,-0.24659,2.68804,0.424913
237,4.34149,3.72208,-1.02265
236,4.34149,3.72208,-1.02265
237,-0.216405,2.63872,0.437623
236,-0.216405,2.63872,0.437623
237,3.94547,3.2153,0.379037
236,3.94547,3.2153,0.379037
237,2.17455,2.67874,1.56574
232,2.17455,2.67874,1.56574
237,1.81034,1.93085,0.848961
232,1.81034,1.93085,0.848961
237,1.80417,1.88326,1.07911
232,1.80417,1.88326,1.07911
237,1.80498,1.87659,1.07899
232,1.80498,1.87659,1.07899
237,3.8025,2.81856,0.649535
232,3.8025,2.81856,0.649535
237,3.75441,2.9436,0.502623
232,3.75441,2.9436,0.502623
237,2.80049,1.84233,0.974159
235,2.80049,1.84233,0.974159
237,0.73287,1.61429,-0.628221
235,0.73287,1.61429,-0.628221
237,1.91676,1.82417,-0.491663
235,1.91676,1.82417,-0.491663
237,1.92403,1.86235,-0.51175
235,1.92403,1.86235,-0.51175
237,1.77927,1.91666,1.14164
164,1.77927,1.91666,1.14164
237,2.57232,1.84962,1.28593
164,2.57232,1.84962,1.28593
237,3.9102,3.13398,1.2181
164,3.9102,3.13398,1.2181
237,3.69954,2.97839,0.031673
233,3.69954,2.97839,0.031673
237,1.81498,2.0379,1.25155
233,1.81498,2.0379,1.25155
237,-0.423012,2.94811,1.33359
57,-0.423012,2.94811,1.33359
237,-0.273362,2.71834,0.184046
57,-0.273362,2.71834,0.184046
237,-0.333555,2.81275,0.367697
57,-0.333555,2.81275,0.367697
237,1.42922,1.73163,-0.659177
231,1.42922,1.73163,-0.659177
238,1.36909,0.62923,0.949457
238,1.36425,0.636603,0.967292
238,2.17707,1.15275,1.68863
238,1.16102,1.09405,0.662716
238,1.18716,1.09893,0.657071
238,1.1475,1.09795,0.659592
238,1.17287,1.10677,0.685833
238,1.17009,1.09818,0.629915
238,1.12848,1.10744,0.689288
238,2.77414,1.82338,1.24271
238,2.77452,1.83531,1.29009
238,2.80405,1.84819,1.28775
238,2.79822,1.84922,1.28741
238,2.78311,1.8452,1.26048
238,2.79436,1.85084,1.283
238,2.79814,1.85189,1.28681
238,1.79668,1.89583,1.15056
238,1.78769,1.89773,1.14017
238,1.79446,1.90031,1.15362
238,1.79359,1.90202,1.12014
238,1.80419,1.90398,1.10062
238,1.8048,1.90666,1.09031
238,1.80246,1.93716,1.27618
238,1.80544,1.909,1.09972
238,1.79322,1.91143,1.11648
238,1.80603,1.90961,1.08782
238,1.7899,1.91422,1.11584
238,1.80487,1.91053,1.08878
238,1.80522,1.94778,1.27028
238,1.79836,1.93425,1.16251
238,2.86417,1.91114,0.583173
238,2.87286,1.92171,0.567981
238,2.89315,1.93056,0.606385
238,1.80252,1.98233,1.1646
238,1.79032,1.99462,1.05272
238,-0.183154,2.371,2.00661
238,-0.211578,2.4143,2.00389
238,-0.216406,2.41788,2.01322
238,-0.215538,2.43155,2.01796
238,0.15531,2.35093,1.34764
238,-0.228642,2.4204,1.83754
238,-0.205924,2.46266,2.02456
238,1.71547,2.43503,1.29154
238,-0.236157,2.4422,1.81865
238,-0.236266,2.44108,1.80664
238,-0.0946512,2.41484,1.59309
238,-0.208297,2.49002,2.04293
238,-0.203527,2.49088,2.04021
238,-0.217786,2.50497,2.05607
238,-0.112957,2.43875,1.60205
238,1.71707,2.46761,1.2902
238,-0.138676,2.5217,2.09199
238,1.70405,2.47372,1.28806
238,2.79689,2.51707,1.26648
238,-0.118692,2.45146,1.59673
238,-0.139445,2.53116,2.07378
238,2.79326,2.52296,1.26923
238,-0.218446,2.48211,1.78588
238,-0.119604,2.48579,1.73074
238,-0.159153,2.53279,2.02604
238,-0.0450041,2.45027,1.45986
238,2.79931,2.53678,1.24882
238,-0.161072,2.56545,2.09038
238,-0.108182,2.50302,1.68374
238,2.80052,2.55617,1.24069
238,-0.164339,2.53828,1.82053
238,-0.146746,2.53178,1.73874
238,1.68582,2.53641,1.2947
238,-0.0639668,2.4924,1.46302
238,-0.170657,2.54386,1.73515
238,-0.0734663,2.50565,1.4446
238,-0.224831,2.55867,1.78
238,2.7974,2.61214,1.26057
238,2.79913,2.61108,1.2392
238,-0.354275,2.66151,2.33108
238,-0.147597,2.52639,1.43305
238,-0.00156462,2.51335,1.16765
238,3.75397,2.78792,1.80266
238,3.75666,2.78488,1.77058
238,3.01769,2.85144,2.3432
238,2.37963,2.81048,2.2524
238,-0.175107,2.56066,1.3542
238,2.58606,2.83226,2.31204
238,2.76199,2.68049,1.27095
238,2.53281,2.83624,2.29406
238,-0.153461,2.57109,1.29163
238,-0.405426,2.73172,2.34877
238,2.76742,2.69724,1.27724
238,-0.169314,2.55662,1.10399
238,2.36771,2.85852,2.31448
238,-0.148375,2.55944,1.10443
238,3.72027,2.74348,1.24738
238,-0.139964,2.61673,1.4486
238,2.58553,2.86873,2.30621
238,-0.15893,2.55437,1.03761
238,2.40844,2.865,2.29876
238,-0.159417,2.55354,1.02156
238,2.75569,2.71539,1.2707
238,2.53989,2.87432,2.30671
238,-0.172825,2.59931,1.3001
238,2.54468,2.87382,2.29087
238,3.02462,2.89235,2.2813
238,2.41464,2.87119,2.30521
238,2.3498,2.86717,2.286
238,2.49323,2.87692,2.30644
238,3.15592,2.90152,2.28342
238,2.38939,2.8694,2.27085
238,3.77726,2.75922,1.22532
238,2.41224,2.88028,2.29511
238,2.59408,2.88957,2.30453
238,2.35464,2.87924,2.30124
238,2.52475,2.83435,1.97651
238,2.59032,2.89137,2.31196
238,3.79489,2.75959,1.18097
238,2.76546,2.73282,1.26991
238,2.31848,2.87674,2.25762
238,2.52593,2.82917,1.90744
238,2.54688,2.88951,2.27511
238,2.55275,2.89342,2.2946
238,3.03195,2.91534,2.28077
238,2.40313,2.89274,2.29332
238,2.9993,2.92083,2.31207
238,3.72428,2.77415,1.21032
238,2.98593,2.92154,2.27927
238,2.39868,2.89972,2.2869
238,2.55488,2.90614,2.28417
238,2.51779,2.84317,1.89955
238,2.5623,2.90978,2.30002
238,2.56309,2.908,2.28479
238,2.50731,2.91066,2.31514
238,2.42196,2.90546,2.30358
238,2.45499,2.91364,2.30378
238,3.74152,2.79537,1.23336
238,2.60311,2.92474,2.32678
238,2.28393,2.90526,2.28594
238,2.55101,2.92058,2.30565
238,2.74273,2.76177,1.26645
238,3.81136,2.80184,1.23518
238,2.37581,2.91449,2.30067
238,2.78128,2.76483,1.26981
238,2.53476,2.87353,1.99596
238,2.20905,2.74185,1.25341
238,2.97336,2.89626,2.01221
238,2.2599,2.91046,2.26734
238,2.5338,2.87963,2.00593
238,2.60718,2.9343,2.32301
238,3.02443,2.94923,2.2965
238,3.69969,2.96915,2.24505
238,3.15305,2.95485,2.28736
238,2.41889,2.92721,2.30465
238,3.02502,2.95455,2.31273
238,2.28509,2.91608,2.26057
238,2.53093,2.86669,1.88558
238,3.05822,2.95436,2.29093
238,2.45782,2.93294,2.31257
238,3.8101,2.80446,1.16641
238,2.53675,2.88486,1.98859
238,2.54297,2.89144,2.01099
238,3.03525,2.92387,2.08133
238,2.26122,2.9281,2.29851
238,3.65781,2.97825,2.24612
238,2.96385,2.89263,1.89087
238,3.03627,2.92812,2.08935
238,3.0732,2.97476,2.36814
238,3.06222,2.96343,2.30046
238,2.45995,2.94047,2.31088
238,2.46225,2.94421,2.31395
238,3.07596,2.97444,2.34226
238,2.53561,2.88386,1.88767
238,3.04375,2.93621,2.06811
238,3.01725,2.90349,1.87191
238,2.53657,2.88503,1.88015
238,2.26691,2.94209,2.30205
238,3.03272,2.92869,2.00903
238,3.13571,2.93397,2.00128
238,3.04512,2.94423,2.07405
238,3.0119,2.90554,1.84001
238,2.53809,2.89503,1.89566
238,2.80002,2.91277,1.92096
238,3.05433,2.95348,2.08903
238,3.00271,2.9382,2.00598
238,2.21749,2.81291,1.40791
238,2.2121,2.81367,1.41166
238,2.22322,2.78332,1.22072
238,2.66517,2.9117,1.89164
238,2.67179,2.91755,1.91182
238,3.0477,2.95248,2.02247
238,2.54957,2.9155,1.91866
238,3.12671,2.93087,1.86196
238,2.37056,2.79322,1.19945
238,3.12357,2.94288,1.91361
238,2.38682,2.80051,1.21532
238,3.7487,2.8537,1.17135
238,2.54957,2.93684,1.99073
238,2.39735,2.80661,1.19897
238,3.13693,2.96494,1.97842
238,3.58592,3.03532,2.28862
238,3.77787,2.76915,0.581643
238,2.74805,2.8323,1.22541
238,3.75771,2.74626,0.429298
238,2.41638,2.81489,1.1826
238,3.15304,2.97894,2.00817
238,3.13899,2.95684,1.87426
238,0.682752,2.76311,1.29301
238,2.21249,2.84812,1.40643
238,3.13185,2.96287,1.87844
238,3.13379,2.96389,1.86544
238,2.68048,2.9535,1.91504
238,2.8479,2.96936,1.96815
238,2.22399,2.84981,1.38211
238,3.82833,2.79851,0.646782
238,2.22403,2.85532,1.39575
238,3.76731,2.88576,1.1866
238,0.669572,2.77958,1.31784
238,3.71103,3.03054,2.08176
238,2.3967,2.83444,1.20271
238,3.15699,2.9964,1.99579
238,2.68043,2.96446,1.91949
238,3.76476,2.80119,0.628516
238,3.16673,3.00004,2.00554
238,3.58806,3.06486,2.29148
238,3.04537,2.96683,1.81611
238,2.82817,2.98453,1.96968
238,2.71387,2.8559,1.19699
238,2.42041,2.84371,1.1822
238,3.63076,3.0166,1.93528
238,3.54274,3.00909,1.8998
238,3.6619,2.99703,1.79269
238,0.662643,2.79654,1.3208
238,3.60621,3.02572,1.98274
238,0.669467,2.7961,1.30756
238,3.61182,3.01362,1.88735
238,0.392593,2.54085,-0.233384
238,0.666392,2.80685,1.34069
238,2.82678,2.99945,1.97165
238,-0.18804,2.58938,0.206547
238,3.40812,3.02838,1.99325
238,-0.188852,2.58923,0.191706
238,2.41339,2.86296,1.19839
238,3.05334,2.99027,1.81168
238,2.85756,3.01919,1.97824
238,3.63074,3.03682,1.88557
238,3.6627,3.07474,2.082
238,3.54991,3.10654,2.30391
238,3.69375,3.08208,2.11235
238,2.88236,3.08764,2.35511
238,3.61382,3.05811,1.9832
238,0.37765,2.58192,-0.135735
238,3.16787,3.0284,1.9088
238,3.05387,3.01217,1.82978
238,1.5771,2.86159,1.27333
238,3.18674,3.04575,1.99059
238,3.60123,3.06443,1.99341
238,2.98272,3.09205,2.31266
238,1.57634,2.87105,1.28634
238,3.67797,3.09149,2.10215
238,3.64254,3.0849,2.06409
238,0.39982,2.5991,-0.113276
238,3.68898,3.06108,1.89953
238,3.65125,3.06251,1.91406
238,2.92898,3.10477,2.36025
238,3.67589,3.08816,2.04631
238,2.94521,3.10493,2.33451
238,3.65146,3.06549,1.88564
238,2.2338,2.89736,1.19707
238,3.66516,3.07386,1.9195
238,1.57344,2.88412,1.27708
238,3.66802,3.07426,1.90033
238,3.78479,3.06062,1.77842
238,3.67918,3.09972,2.04617
238,3.71458,3.10348,2.05909
238,3.6999,3.07474,1.88191
238,3.79649,3.06605,1.80243
238,0.483543,2.5975,-0.261574
238,0.402674,2.57363,-0.390358
238,0.401055,2.58025,-0.349494
238,3.70372,3.07446,1.85294
238,3.66758,3.07678,1.85798
238,3.6657,3.07775,1.86189
238,0.328354,2.60631,-0.202132
238,3.69758,3.07368,1.82357
238,0.32931,2.60199,-0.231879
238,0.560417,2.5866,-0.396568
238,0.705374,2.59415,-0.392542
238,3.77132,3.07068,1.76867
238,1.56604,2.91139,1.34551
238,3.71124,3.08874,1.84855
238,0.647187,2.59985,-0.392194
238,0.702343,2.6037,-0.383713
238,0.370295,2.58895,-0.402133
238,0.558651,2.61668,-0.279572
238,1.56591,2.92394,1.35676
238,0.57982,2.61554,-0.300231
238,0.456546,2.61429,-0.276644
238,0.456284,2.61377,-0.294436
238,0.524305,2.61834,-0.284096
238,2.9187,3.0822,1.97159
238,2.10699,2.92352,1.19677
238,0.636479,2.61213,-0.355184
238,0.614102,2.61681,-0.329165
238,0.48117,2.62794,-0.227204
238,0.545509,2.6126,-0.344602
238,0.520845,2.63073,-0.226506
238,0.485018,2.61077,-0.347108
238,0.457837,2.63868,-0.173325
238,0.393487,2.62523,-0.241578
238,0.337111,2.6136,-0.301391
238,0.542221,2.6246,-0.286775
238,1.53615,2.93429,1.36969
238,0.694383,2.63154,-0.295522
238,0.613879,2.64269,-0.223749
238,0.419981,2.6235,-0.293338
238,0.547889,2.6531,-0.143101
238,0.518048,2.63025,-0.28249
238,0.636289,2.63699,-0.271959
238,0.599938,2.63393,-0.288924
238,0.484544,2.64849,-0.173623
238,0.642173,2.62699,-0.347698
238,0.548384,2.64935,-0.186099
238,2.12281,2.93801,1.19587
238,0.633305,2.66305,-0.129847
238,0.614212,2.63917,-0.274547
238,0.611759,2.64923,-0.212525
238,0.669937,2.64214,-0.273023
238,0.633887,2.64512,-0.246629
238,0.634033,2.65949,-0.160333
238,0.575415,2.65298,-0.186579
238,0.578745,2.65657,-0.167291
238,0.335288,2.64608,-0.175383
238,0.569338,2.6249,-0.367209
238,0.718968,2.64416,-0.287998
238,0.634816,2.64002,-0.296564
238,0.320005,2.63766,-0.234887
238,0.673482,2.65507,-0.219829
238,2.13822,2.94284,1.18187
238,0.671939,2.66118,-0.185624
238,0.510924,2.65432,-0.188002
238,0.674013,2.65254,-0.24103
238,0.544613,2.64828,-0.235204
238,0.577811,2.65811,-0.186281
238,0.670697,2.63629,-0.352953
238,0.731076,2.64975,-0.289095
238,1.56439,2.95358,1.36984
238,0.651571,2.6673,-0.174486
238,0.663867,2.65851,-0.234158
238,0.603031,2.65655,-0.236565
238,0.63408,2.66868,-0.170812
238,0.634683,2.66614,-0.187499
238,0.577393,2.65638,-0.239775
238,0.626619,2.66898,-0.185003
238,0.359956,2.63907,-0.30617
238,0.418772,2.64207,-0.304483
238,0.693516,2.66749,-0.221209
238,0.565207,2.65793,-0.250477
238,1.53278,2.95885,1.36374
238,0.474792,2.65571,-0.24535
238,0.5233,2.6663,-0.193961
238,0.378547,2.66553,-0.165468
238,0.522476,2.67332,-0.156841
238,0.590535,2.6456,-0.346906
238,0.704881,2.67981,-0.170947
238,0.389847,2.66259,-0.197715
238,0.657275,2.63936,-0.416856
238,0.475155,2.65154,-0.297654
238,0.418866,2.67229,-0.157787
238,0.597571,2.63842,-0.419903
238,0.72399,2.64479,-0.416255
238,0.58277,2.67516,-0.19367
238,0.352068,2.66454,-0.202779
238,0.657266,2.67171,-0.239932
238,0.474851,2.65063,-0.324596
238,0.729148,2.658,-0.350624
238,0.670117,2.65459,-0.361253
238,0.349554,2.67133,-0.188474
238,0.599883,2.66092,-0.323377
238,0.669413,2.69148,-0.154014
238,0.666369,2.66863,-0.296527
238,0.657993,2.6676,-0.30558
238,0.728681,2.67938,-0.253364
238,0.658451,2.66547,-0.322641
238,0.595542,2.67774,-0.2327
238,0.630558,2.6773,-0.244689
238,0.652003,2.69172,-0.164236
238,0.659453,2.66097,-0.356627
238,0.716579,2.67229,-0.304915
238,0.597716,2.66772,-0.309214
238,3.84872,3.03639,1.13376
238,0.660917,2.68922,-0.198847
238,0.659222,2.66082,-0.37498
238,3.80299,2.96705,0.684426
238,3.74112,2.97028,0.680762
238,3.75003,2.97984,0.731234
238,3.74621,2.97067,0.630092
238,3.73932,2.97051,0.59157
238,3.79185,2.97427,0.597611
238,3.76675,2.98367,0.625002
238,3.8185,2.99114,0.646416
238,3.81583,2.99411,0.664587
238,3.80764,2.99422,0.666317
238,2.9401,3.16664,1.94161
238,0.710547,2.72363,-0.268229
238,3.7672,3.00487,0.60928
238,0.667359,2.74774,-0.207226
238,3.75357,3.00214,0.542561
238,0.686182,2.74273,-0.280609
238,3.77335,3.01608,0.613606
238,2.95413,3.20019,1.94312
238,3.53327,2.94674,0.213875
238,3.79095,3.04375,0.736516
238,3.54806,2.94986,0.200077
238,3.54341,2.95218,0.212049
238,3.7839,3.02475,0.574128
238,3.76851,3.02015,0.53742
238,3.62109,2.97325,0.206951
238,3.57228,2.96311,0.139878
238,2.96487,3.24388,1.95021
238,3.62548,2.97302,0.073566
238,3.62572,2.99638,0.19721
238,3.67741,2.99701,0.130021
238,3.63632,2.98492,0.0635332
238,3.66876,2.99866,0.121056
238,3.6299,3.00935,0.191829
238,3.65622,2.99514,0.0636408
238,3.6644,3.02503,0.21944
238,3.65721,3.03286,0.196613
238,3.66089,3.03813,0.213483
238,3.66478,3.04121,0.196142
238,3.71316,3.04085,0.0515912
238,1.82915,2.36654,1.23011
237,1.82915,2.36654,1.23011
238,0.412744,1.66684,1.17869
237,0.412744,1.66684,1.17869
238,3.80539,3.17268,-0.0317959
237,3.80539,3.17268,-0.0317959
238,-0.408267,2.97252,1.04652
237,-0.408267,2.97252,1.04652
238,0.333294,1.79461,1.16537
237,0.333294,1.79461,1.16537
238,-0.143625,2.50762,1.0539
237,-0.143625,2.50762,1.0539
238,3.83097,3.11451,0.720521
237,3.83097,3.11451,0.720521
238,0.339846,3.14931,-0.799088
56,0.339846,3.14931,-0.799088
238,0.457761,2.7674,-0.393957
56,0.457761,2.7674,-0.393957
238,-0.261109,2.91057,1.67869
56,-0.261109,2.91057,1.67869
238,0.655607,2.53822,-0.11876
57,0.655607,2.53822,-0.11876
238,0.446911,2.72513,-0.373197
57,0.446911,2.72513,-0.373197
238,0.437639,2.64979,-0.386196
54,0.437639,2.64979,-0.386196
238,3.06623,2.26935,0.369999
54,3.06623,2.26935,0.369999
238,1.87315,3.51274,0.602861
54,1.87315,3.51274,0.602861
238,0.38346,2.55777,-0.19228
54,0.38346,2.55777,-0.19228
238,-0.265043,2.63988,0.282803
54,-0.265043,2.63988,0.282803
238,3.90524,3.11094,0.580606
232,3.90524,3.11094,0.580606
238,2.07549,1.91186,1.30157
232,2.07549,1.91186,1.30157
238,3.87234,2.93246,0.623208
164,3.87234,2.93246,0.623208
238,3.88317,2.90608,0.53208
164,3.88317,2.90608,0.53208
238,3.53536,3.06453,0.0474772
164,3.53536,3.06453,0.0474772
238,3.6571,3.31899,0.0419358
164,3.6571,3.31899,0.0419358
238,3.63372,3.22212,0.0793712
164,3.63372,3.22212,0.0793712
238,3.98226,2.99988,0.611439
164,3.98226,2.99988,0.611439
238,3.8394,2.86182,0.538087
164,3.8394,2.86182,0.538087
238,3.80908,2.96073,0.689652
164,3.80908,2.96073,0.689652
238,4.01105,3.17321,0.641873
164,4.01105,3.17321,0.641873
238,2.13516,2.40111,1.38828
164,2.13516,2.40111,1.38828
238,3.85128,3.04809,0.686029
164,3.85128,3.04809,0.686029
238,0.683598,2.69735,1.05927
233,0.683598,2.69735,1.05927
238,2.25116,2.78605,1.76509
163,2.25116,2.78605,1.76509
238,2.24945,2.77919,1.76308
163,2.24945,2.77919,1.76308
238,3.83933,2.85453,0.398392
163,3.83933,2.85453,0.398392
238,3.34841,2.71645,0.281255
163,3.34841,2.71645,0.281255
238,3.38364,2.78056,0.280124
163,3.38364,2.78056,0.280124
239,2.13521,1.3827,1.96021
239,2.77476,1.81986,1.25785
239,2.77663,1.8248,1.28227
239,2.7884,1.84473,1.28196
239,1.8012,1.93297,1.24982
239,2.87141,2.46781,1.26851
239,2.8463,2.49903,1.28172
239,2.85391,2.51508,1.27011
239,2.87238,2.51945,1.26188
239,2.86472,2.53518,1.26792
239,-0.241541,2.48102,2.03461
239,-0.243577,2.4838,2.04524
239,-0.29704,2.47966,1.78759
239,-0.109989,2.48437,1.4246
239,-0.232959,2.45545,0.387402
239,-0.208931,2.45753,0.375157
239,-0.247199,2.45879,0.472069
239,-0.265966,2.45905,0.506997
239,-0.252775,2.46447,0.470113
239,-0.238977,2.50176,1.76643
239,-0.240002,2.50338,1.75423
239,-0.25316,2.5163,1.74268
239,-0.283381,2.48872,0.522285
239,2.26178,2.62855,1.30659
239,-0.287512,2.52642,1.76862
239,-0.346078,2.53014,1.80358
239,-0.292739,2.53389,1.76201
239,-0.2903,2.53462,1.77829
239,-0.117538,2.5362,1.37241
239,-0.289901,2.50553,0.470275
239,-0.496022,2.58007,2.57557
239,-0.283042,2.5692,1.73627
239,-0.263667,2.58249,2.05656
239,-0.253673,2.60125,2.2519
239,-0.311226,2.60609,2.3982
239,-0.280603,2.59893,2.05647
239,-0.261304,2.61164,2.32025
239,-0.284329,2.60422,2.06801
239,-0.309125,2.61388,2.40795
239,-0.356507,2.61669,2.38634
239,-0.300409,2.61854,2.34733
239,-0.26292,2.61979,2.31155
239,-0.266122,2.62328,2.40408
239,-0.47272,2.61898,2.5524
239,-0.524054,2.62516,2.57964
239,2.28579,2.7198,1.31609
239,-0.257866,2.63925,2.4165
239,-0.179597,2.62347,1.30116
239,-0.329184,2.65071,2.37796
239,-0.510365,2.65118,2.56808
239,-0.18465,2.63148,1.28956
239,2.63577,2.7659,1.17281
239,2.28066,2.75535,1.3634
239,2.32474,2.75246,1.17217
239,2.62608,2.76861,1.16078
239,2.64487,2.7715,1.17984
239,2.30287,2.77444,1.79871
239,2.70176,2.77749,1.19971
239,-0.358808,2.67097,2.32147
239,2.32734,2.76034,1.15223
239,2.67334,2.78836,1.16603
239,2.31109,2.77254,1.16885
239,2.3834,2.80074,2.00256
239,2.89313,2.82579,2.03859
239,2.38795,2.78111,1.17011
239,2.32777,2.7786,1.16091
239,2.37564,2.80205,1.91206
239,2.64099,2.7934,1.15755
239,2.64899,2.79353,1.14612
239,2.70204,2.80035,1.25365
239,2.68866,2.81215,1.15968
239,2.71301,2.81784,1.2608
239,2.69167,2.81872,1.26003
239,2.43294,2.82357,1.8358
239,2.38708,2.82646,2.00632
239,2.65923,2.81551,1.13896
239,2.39251,2.82236,1.81577
239,3.01338,2.86292,2.25175
239,2.69092,2.82197,1.26333
239,2.31786,2.82231,1.8063
239,2.72497,2.82792,1.18426
239,3.06677,2.87703,2.20999
239,2.45183,2.84481,2.01021
239,2.22545,2.81264,1.17957
239,2.21224,2.81927,1.38805
239,2.73206,2.84004,1.26331
239,2.25816,2.84772,2.24606
239,2.86215,2.87476,2.22908
239,2.40447,2.84379,1.83762
239,2.21838,2.82157,1.33629
239,3.00011,2.88268,2.25591
239,2.70849,2.84271,1.26567
239,2.70685,2.84263,1.26224
239,2.22454,2.81915,1.17847
239,2.70927,2.86445,1.97201
239,3.01189,2.88593,2.25044
239,2.40092,2.85184,2.00484
239,2.22416,2.82307,1.18776
239,2.72992,2.84804,1.2528
239,2.39713,2.84937,1.82867
239,2.96184,2.88188,2.0714
239,2.53286,2.86043,1.99483
239,2.20554,2.83454,1.58743
239,2.53353,2.8604,1.97565
239,3.01023,2.8849,2.02673
239,2.71684,2.85131,1.26238
239,2.53976,2.8645,2.01473
239,2.40472,2.85804,1.99653
239,3.06915,2.89655,2.20253
239,2.51791,2.8744,2.27208
239,2.22527,2.83784,1.38721
239,2.70346,2.85631,1.2614
239,2.3531,2.83823,1.15754
239,3.07001,2.90153,2.24198
239,2.33818,2.87009,2.26413
239,2.48919,2.87808,2.26848
239,2.53566,2.88062,2.27378
239,2.34378,2.87169,2.26201
239,2.786,2.88257,1.92961
239,2.59872,2.87596,1.9944
239,2.58407,2.88323,2.27512
239,2.40886,2.86484,1.839
239,2.21527,2.84885,1.57475
239,2.20714,2.85048,1.59788
239,2.40807,2.87887,2.27855
239,2.40288,2.87992,2.31892
239,2.40763,2.87958,2.29727
239,2.40252,2.84893,1.15135
239,3.00653,2.89639,1.87393
239,2.76597,2.88468,1.83973
239,3.01586,2.90859,2.26189
239,3.07283,2.91233,2.22506
239,2.52632,2.8772,1.83382
239,2.51282,2.88862,2.26382
239,2.5492,2.89141,2.3022
239,2.41041,2.85284,1.13798
239,2.22465,2.85119,1.37694
239,2.94429,2.90767,2.23742
239,3.07282,2.91366,2.24141
239,-0.210983,2.7421,1.40372
239,2.9802,2.91023,2.22311
239,0.674565,2.78028,1.28998
239,2.51514,2.89107,2.27185
239,2.53015,2.88478,2.01746
239,0.677707,2.78131,1.2993
239,2.1976,2.85463,1.4416
239,2.46625,2.88238,1.99976
239,2.5266,2.88199,1.86786
239,0.677324,2.78296,1.29164
239,2.21774,2.86097,1.57479
239,2.41353,2.87817,1.84543
239,2.52976,2.8831,1.83022
239,2.53003,2.88324,1.82374
239,2.21499,2.86035,1.45747
239,2.41947,2.89407,2.32264
239,3.02367,2.92125,2.27538
239,2.98555,2.91294,2.02669
239,3.0024,2.92095,2.25259
239,2.42268,2.88842,1.99746
239,2.58608,2.89222,1.85796
239,3.15482,2.91866,1.84032
239,2.22521,2.87005,1.60107
239,2.48536,2.89288,1.99835
239,2.48631,2.89383,1.97908
239,2.47378,2.89103,1.85541
239,2.39705,2.89905,2.26516
239,2.34226,2.88422,1.81682
239,2.98353,2.92466,2.22617
239,2.3307,2.88405,1.82589
239,2.96786,2.91908,2.02535
239,3.05658,2.91754,1.82247
239,2.53375,2.89494,1.85734
239,2.85971,2.91532,2.0282
239,2.98391,2.92693,2.24282
239,2.44116,2.89713,2.00266
239,2.42876,2.90629,2.33877
239,2.5488,2.89833,1.85484
239,2.21749,2.87618,1.58261
239,2.47565,2.8961,1.85681
239,3.16496,2.93907,2.27035
239,2.97455,2.92484,2.05124
239,3.15488,2.93913,2.24772
239,2.3324,2.89025,1.8199
239,3.17618,2.92946,1.84165
239,2.55901,2.91709,2.39535
239,3.00832,2.93538,2.31954
239,2.59706,2.9082,1.99597
239,2.58215,2.91593,2.27835
239,2.6058,2.90952,2.00299
239,2.41706,2.87748,1.14031
239,2.50374,2.91907,2.46033
239,2.40723,2.90987,2.27948
239,2.56099,2.91898,2.35685
239,2.41202,2.89885,1.84663
239,2.33342,2.89467,1.82158
239,2.44966,2.90483,1.97004
239,2.6075,2.91256,1.98394
239,2.54762,2.91228,2.05544
239,2.60125,2.92315,2.35197
239,2.51018,2.91748,2.28281
239,3.68256,2.95515,1.71877
239,2.42693,2.91597,2.2825
239,2.50311,2.91941,2.28002
239,3.16605,2.95109,2.25986
239,2.56205,2.92836,2.40969
239,3.14955,2.9397,1.84141
239,2.6611,2.9224,2.01203
239,2.4233,2.91172,2.01112
239,2.80923,2.9248,1.84399
239,2.99021,2.93333,1.81563
239,3.04414,2.94977,2.28587
239,3.13976,2.95318,2.25093
239,2.42802,2.9102,1.86158
239,2.23312,2.89297,1.54356
239,2.59908,2.93176,2.31256
239,3.14088,2.9541,2.23487
239,3.02192,2.93886,1.82261
239,2.56749,2.93184,2.28875
239,2.24474,2.89741,1.57542
239,2.49368,2.9213,2.00024
239,2.65902,2.92576,1.88806
239,2.97423,2.93829,1.80513
239,2.60838,2.92755,2.00878
239,2.65662,2.93179,2.01167
239,3.00404,2.94818,2.03018
239,2.61929,2.94089,2.37635
239,3.07679,2.95833,2.22111
239,3.02081,2.95758,2.27444
239,2.54028,2.92448,1.85167
239,2.65149,2.94177,2.28961
239,3.07427,2.94799,1.82445
239,3.12424,2.95029,1.77339
239,2.54062,2.92717,1.86557
239,3.07759,2.96231,2.24916
239,3.80358,2.96413,1.12922
239,2.6644,2.93963,2.01581
239,3.18669,2.96438,2.02517
239,3.69718,2.98007,1.71767
239,2.23493,2.90951,1.54499
239,3.15952,2.95972,1.8451
239,3.1813,2.97217,2.25566
239,3.64229,2.97909,1.74142
239,3.06181,2.97094,2.32881
239,2.7354,2.94688,1.99097
239,2.61277,2.94036,1.85463
239,3.01461,2.97104,2.25
239,2.6551,2.94805,2.00249
239,2.79888,2.95167,1.84174
239,2.79943,2.95476,1.91761
239,2.24589,2.92133,1.57381
239,3.14432,2.97744,2.04261
239,2.65964,2.95086,1.85237
239,2.66193,2.95152,1.83869
239,2.8015,2.95782,1.83566
239,2.62562,2.95481,2.0074
239,3.11551,2.98543,2.25469
239,3.66823,3.00038,1.77279
239,2.96571,2.98353,2.2656
239,3.73544,2.97087,0.551044
239,3.19804,2.98357,1.85742
239,2.47122,2.9644,2.34067
239,3.15354,2.9844,1.94868
239,3.61458,3.00112,1.78536
239,2.68522,2.96389,1.93271
239,3.16033,2.99554,2.2713
239,2.99508,2.98881,2.26721
239,2.80961,2.97482,1.99995
239,3.21978,2.9962,2.01366
239,3.21303,3.00282,2.26271
239,2.8868,2.99009,2.25409
239,3.51215,3.01759,2.21282
239,2.84882,2.98334,2.01106
239,3.66236,3.01566,1.82882
239,3.13024,2.99986,2.0649
239,3.11062,2.99267,1.83701
239,3.16117,3.0012,2.04266
239,3.01563,2.99015,1.82507
239,3.07998,2.99301,1.82192
239,3.14616,2.99783,1.84636
239,3.808,2.9954,0.680069
239,3.8108,2.99487,0.610267
239,3.63453,3.01955,1.75446
239,2.69108,2.99431,2.35122
239,3.15648,3.00679,2.04144
239,2.96977,3.00583,2.27604
239,3.23429,3.01122,2.02525
239,2.50024,2.9744,1.86901
239,3.15498,3.0045,1.84431
239,2.46725,2.98051,2.01634
239,3.23326,3.0171,2.03003
239,3.11684,3.00998,1.84388
239,3.15771,3.01345,1.88683
239,3.01053,3.01829,2.28157
239,3.60702,3.03257,1.80086
239,3.6259,2.99153,0.26557
239,2.8156,3.00331,1.99571
239,2.82722,3.00387,1.98099
239,3.23726,3.02327,2.01092
239,2.68831,3.00628,2.28991
239,2.81763,3.00353,1.93987
239,2.15867,3.00437,2.95218
239,2.71268,3.01202,2.2956
239,2.82961,3.01132,1.99541
239,2.81466,3.01133,2.00254
239,2.68588,3.00551,1.95411
239,2.68684,3.00475,1.92053
239,3.01822,3.03061,2.27666
239,2.87293,3.02482,2.30095
239,2.85909,3.02457,2.30068
239,3.65642,3.00455,0.273019
239,3.08753,3.02294,1.82908
239,3.59073,3.05754,2.22193
239,2.68869,3.00982,1.91831
239,3.58949,3.04892,1.81544
239,2.71915,3.02704,2.30314
239,3.6565,3.05618,1.79172
239,2.47511,3.00994,2.02869
239,3.54009,3.06387,2.22231
239,2.68851,3.01968,2.01748
239,2.68378,3.02961,2.30609
239,2.85449,3.02668,1.84904
239,2.94077,3.04458,2.27062
239,2.69735,3.03481,2.30049
239,3.87092,3.04403,0.634326
239,3.62238,3.07871,2.11702
239,2.69457,3.04347,2.30162
239,3.60909,3.08426,2.23916
239,2.7246,3.04662,2.3028
239,2.94346,3.06096,2.29614
239,3.86886,3.0587,0.653359
239,2.84329,3.0582,2.30128
239,3.55848,3.08916,2.21909
239,2.84565,3.06457,2.30547
239,2.84728,3.06494,2.30884
239,3.53376,3.09668,2.23843
239,2.88174,3.07414,2.30658
239,3,3.08072,2.28529
239,2.99455,3.08068,2.27537
239,3.65783,3.10811,2.11216
239,2.80298,3.07091,1.99828
239,3.65239,3.10367,1.79429
239,2.88581,3.08896,2.31487
239,2.89229,3.09021,2.3113
239,2.80847,3.07936,1.99946
239,2.95784,3.09455,2.29528
239,2.87976,3.0956,2.32162
239,3.47621,3.12354,2.28988
239,2.88112,3.09944,2.32662
239,3.30403,3.12088,2.31337
239,2.96369,3.1054,2.26349
239,3.0258,3.12533,2.29703
239,2.97129,3.12422,2.25437
239,3.40078,3.14654,2.28398
239,2.98102,3.1303,2.27376
239,2.97323,3.13067,2.27571
239,3.37626,3.15278,2.29689
239,3.64778,3.16378,2.22872
239,3.64938,3.1699,2.2798
239,3.49235,3.16329,2.28898
239,3.32646,3.1797,2.32674
239,3.54028,3.26599,2.3242
239,3.54252,3.26858,2.30692
239,3.54309,3.26959,2.30714
239,22.2673,65.8842,18.0843
239,2.43552,3.25958,2.1564
238,2.43552,3.25958,2.1564
239,2.40078,3.23476,2.13951
238,2.40078,3.23476,2.13951
239,2.48834,3.59903,2.31479
238,2.48834,3.59903,2.31479
239,0.487352,1.55477,1.42794
238,0.487352,1.55477,1.42794
239,2.49012,3.64853,2.21232
238,2.49012,3.64853,2.21232
239,2.32333,2.98705,1.6988
238,2.32333,2.98705,1.6988
239,2.43573,3.57685,1.72983
238,2.43573,3.57685,1.72983
239,2.36087,2.99273,2.26306
238,2.36087,2.99273,2.26306
239,2.29111,2.97058,2.09588
238,2.29111,2.97058,2.09588
239,2.48834,3.59903,2.31479
238,2.48834,3.59903,2.31479
239,2.24587,2.77429,2.18781
238,2.24587,2.77429,2.18781
239,0.467926,1.6034,0.817871
238,0.467926,1.6034,0.817871
239,2.48279,3.62806,2.30338
238,2.48279,3.62806,2.30338
239,2.30861,3.09409,2.2683
238,2.30861,3.09409,2.2683
239,-0.865578,3.68531,0.103803
237,-0.865578,3.68531,0.103803
239,2.87111,3.02801,2.30046
220,2.87111,3.02801,2.30046
239,2.85492,3.19406,1.86788
220,2.85492,3.19406,1.86788
239,3.69934,3.23664,2.09877
220,3.69934,3.23664,2.09877
239,3.68469,3.19775,2.09912
220,3.68469,3.19775,2.09912
239,3.08128,2.99538,1.83297
219,3.08128,2.99538,1.83297
239,2.15638,1.86158,1.29787
232,2.15638,1.86158,1.29787
239,3.44628,2.85067,2.41152
233,3.44628,2.85067,2.41152
240,1.04879,1.03785,0.759494
240,2.80484,1.87657,1.27262
240,2.80673,1.8861,1.29618
240,1.81559,1.90351,1.28082
240,1.80178,1.90838,1.26596
240,1.85506,1.91884,1.25591
240,1.8042,1.92956,1.28545
240,1.85747,1.93365,1.25625
240,1.86088,1.95759,1.26356
240,1.84517,1.95534,1.23231
240,2.84215,1.86827,0.593943
240,2.87818,1.8976,0.56018
240,2.88046,1.92387,0.525387
240,-0.237602,2.41953,2.04683
240,-0.239091,2.4475,1.79609
240,-0.276086,2.45433,1.79761
240,-0.230019,2.45517,1.75526
240,-0.217187,2.40025,1.54566
240,-0.33821,2.50036,1.8167
240,-0.313202,2.49704,1.80135
240,-0.345765,2.51354,1.82069
240,-0.401803,2.51369,1.82236
240,-0.374656,2.53111,1.82622
240,-0.226443,2.40234,1.3709
240,-0.232963,2.38819,1.29606
240,-0.504095,2.55401,1.82927
240,-0.496987,2.54255,1.77739
240,-0.513774,2.57052,1.82659
240,-0.476234,2.58919,1.81189
240,2.49377,2.49571,1.2211
240,-0.419359,2.2063,0.407567
240,-0.397014,2.21548,0.413051
240,-0.146353,2.55873,1.39549
240,2.59232,2.9,2.04683
240,2.80201,2.84936,1.83808
240,-0.450086,2.32222,0.361153
240,2.54462,2.91136,2.05866
240,2.51974,2.84688,1.82748
240,2.59321,2.91807,2.05253
240,2.65123,2.92027,2.05459
240,2.59768,2.6674,1.20449
240,2.52982,2.85526,1.83544
240,3.01505,2.95136,2.08586
240,2.53363,2.87268,1.85954
240,2.79645,2.93111,2.03043
240,2.57507,2.87468,1.86035
240,2.55341,2.68888,1.19876
240,2.81116,2.95396,2.05572
240,2.22899,2.70503,1.26457
240,2.49683,2.94746,2.05117
240,2.59318,2.90048,1.87387
240,3.0207,2.9842,2.08521
240,2.9919,2.98497,2.08625
240,2.53339,2.90817,1.85439
240,2.52135,2.91142,1.85823
240,2.84654,2.98244,2.05905
240,2.69549,2.97835,2.05146
240,3.15876,2.93264,1.8352
240,2.85344,2.99696,2.06561
240,3.20045,3.01674,2.09393
240,3.20051,3.02133,2.0965
240,2.24311,2.7476,1.25771
240,2.69656,2.94354,1.86346
240,2.54617,2.93925,1.86016
240,2.8309,2.9462,1.84638
240,-0.250546,2.41372,0.331761
240,3.00603,2.9541,1.84553
240,2.7138,3.01332,2.05441
240,2.48105,3.01267,2.06765
240,2.62961,2.75667,1.18946
240,2.60214,2.96042,1.86761
240,-0.257067,2.43368,0.354195
240,3.051,2.98087,1.86979
240,3.18167,3.04391,2.05723
240,2.66603,2.97157,1.85748
240,3.75304,2.82803,1.27085
240,-0.483935,2.43322,0.312185
240,3.15074,2.99164,1.84476
240,2.21838,2.83791,1.40391
240,3.14181,2.97683,1.77815
240,3.62827,2.95827,1.66621
240,3.6442,2.9822,1.74474
240,2.28832,2.95111,1.764
240,3.14328,2.98474,1.79753
240,3.62531,2.98879,1.76463
240,2.28952,2.96207,1.79303
240,3.14758,2.98275,1.78157
240,2.73565,3.05613,2.0587
240,2.70583,3.00245,1.86861
240,-0.545974,2.45072,0.300339
240,3.0427,2.97727,1.73572
240,3.12599,3.01236,1.84373
240,3.05154,3.00732,1.82805
240,-0.294997,2.47412,0.341303
240,3.17164,3.02449,1.8706
240,2.67448,3.00711,1.85686
240,3.05118,2.99891,1.792
240,3.06301,3.01973,1.85951
240,3.1318,3.01816,1.84787
240,2.24243,2.81634,1.25157
240,3.05168,2.99762,1.78243
240,3.1321,3.01476,1.83184
240,3.17434,3.03184,1.87804
240,3.60233,3.02648,1.80615
240,-0.277966,2.52159,0.456926
240,2.23314,2.8275,1.25248
240,3.16515,3.02606,1.83251
240,3.06083,3.01129,1.78637
240,-0.290657,2.47783,0.297898
240,3.07091,3.02308,1.81867
240,2.71738,3.02919,1.86901
240,3.0531,3.00066,1.73821
240,3.60483,3.03558,1.79821
240,-0.292279,2.49745,0.34641
240,3.06493,3.02276,1.79196
240,-0.265257,2.52246,0.411215
240,3.13526,3.0394,1.83463
240,3.07547,3.04685,1.8599
240,3.61236,3.04687,1.80954
240,3.60222,3.05009,1.81013
240,3.67825,3.03196,1.71649
240,3.30768,3.07801,1.86738
240,0.668463,2.84412,1.29233
240,2.6913,3.07582,1.86562
240,3.22771,3.09163,1.85093
240,2.43096,2.88502,1.21207
240,2.4124,2.87976,1.18981
240,3.33401,3.11614,1.87507
240,2.25327,2.89636,1.21858
240,2.45237,2.89535,1.18711
240,3.27179,3.13157,1.85676
240,3.76205,2.76425,0.563809
240,2.36258,2.91212,1.18558
240,3.75959,2.96842,1.24128
240,3.21616,3.14125,1.85601
240,3.09077,2.96116,1.24743
240,3.75234,2.80502,0.630879
240,3.80566,2.82117,0.537945
240,3.32422,3.2173,1.88813
240,3.7916,2.80398,0.427825
240,3.82084,2.88788,0.702717
240,3.75957,2.89988,0.724096
240,2.1532,3.00899,1.19557
240,2.15554,3.01448,1.20085
240,3.79671,2.9389,0.712141
240,3.80615,2.80719,0.245948
240,0.490945,2.6327,-0.114321
240,0.711994,2.65814,-0.132289
240,0.541696,2.66641,-0.0913548
240,0.481548,2.51478,-0.61335
240,-0.682725,2.72193,0.181283
240,-1.00137,2.72433,0.20958
240,0.743836,2.61985,-0.303227
240,-0.97215,2.7232,0.192245
240,0.423633,2.66305,-0.140819
240,0.423558,2.67099,-0.120536
240,0.421075,2.67025,-0.128301
240,0.703014,2.69066,-0.121503
240,0.326877,2.56624,-0.506465
240,3.85409,3.02029,0.694377
240,0.326488,2.5718,-0.494916
240,0.638419,2.6923,-0.121212
240,0.435446,2.68259,-0.135317
240,0.743484,2.60802,-0.415516
240,0.545137,2.67214,-0.183143
240,-0.994258,2.73887,0.165398
240,0.553108,2.68319,-0.168772
240,0.651687,2.70273,-0.127095
240,3.84285,3.04198,0.606621
240,0.719091,2.71478,-0.216424
240,3.59814,2.94528,0.286602
240,0.740546,2.65328,-0.479016
240,0.73924,2.66889,-0.45814
240,3.66924,2.95063,0.0516264
240,3.84304,2.82464,-0.489851
240,3.83969,2.83824,-0.519422
240,3.85579,2.86724,-0.530022
240,2.99998,2.92592,2.04542
239,2.99998,2.92592,2.04542
240,1.80685,1.9211,1.28267
239,1.80685,1.9211,1.28267
240,-0.216438,2.43131,0.430331
239,-0.216438,2.43131,0.430331
240,3.75387,2.98657,0.544814
239,3.75387,2.98657,0.544814
240,3.30357,2.45528,0.499
239,3.30357,2.45528,0.499
240,2.67003,2.64629,1.29534
239,2.67003,2.64629,1.29534
240,2.87742,1.92551,0.554569
238,2.87742,1.92551,0.554569
240,3.7009,2.74031,1.22829
238,3.7009,2.74031,1.22829
240,3.78975,2.95796,0.602268
238,3.78975,2.95796,0.602268
240,-0.370366,2.88411,0.177273
237,-0.370366,2.88411,0.177273
240,3.8052,2.87386,1.15834
164,3.8052,2.87386,1.15834
240,3.82352,2.88824,1.1643
164,3.82352,2.88824,1.1643
240,-0.272155,2.76493,0.272776
164,-0.272155,2.76493,0.272776
240,-0.314123,2.55621,0.290703
161,-0.314123,2.55621,0.290703
240,3.50915,2.97937,0.239064
163,3.50915,2.97937,0.239064
240,3.59587,3.12955,0.21675
163,3.59587,3.12955,0.21675
240,3.87091,3.14893,0.512394
163,3.87091,3.14893,0.512394
241,2.41381,0.766684,-0.626632
241,2.04109,0.778652,-0.62842
241,2.38663,0.802844,-0.61143
241,2.38746,0.804824,-0.612159
241,2.39036,0.807793,-0.611377
241,2.43724,0.828564,-0.600011
241,2.03587,0.806331,-0.618192
241,2.34308,0.837129,-0.588845
241,2.35935,0.824245,-0.632982
241,1.85378,1.9037,1.24471
241,2.35844,0.841637,-0.624158
241,1.94919,0.838589,-0.610116
241,1.80085,1.92284,1.25711
241,2.21874,0.868277,-0.615457
241,2.96397,0.921459,-0.623747
241,2.52752,0.919681,-0.613776
241,2.52854,0.91417,-0.628782
241,-0.111729,0.823001,-0.628175
241,2.95582,0.960975,-0.598348
241,-0.153982,0.867223,-0.584556
241,-0.155355,0.866669,-0.600465
241,2.94081,0.988951,-0.60959
241,2.97269,0.989607,-0.62854
241,2.95335,1.0016,-0.619832
241,1.82434,0.985501,-0.632787
241,1.5025,0.983022,-0.620575
241,1.65414,1.00242,-0.613783
241,1.60446,1.01153,-0.621182
241,1.62117,1.02207,-0.619861
241,1.50135,1.00344,-0.654039
241,1.50548,1.0156,-0.645852
241,-0.0929737,0.991395,-0.630621
241,-0.149393,1.00611,-0.642824
241,-0.115326,1.01584,-0.64566
241,2.90551,1.15705,-0.598282
241,-0.117334,1.01714,-0.665155
241,0.719636,1.0661,-0.647983
241,1.67257,1.1053,-0.644085
241,1.67373,1.12366,-0.636086
241,2.72396,1.16603,-0.647634
241,-0.211929,1.06649,-0.640857
241,1.55639,1.13637,-0.629937
241,2.76025,1.19141,-0.612936
241,2.93328,1.19288,-0.635991
241,1.51473,1.15563,-0.613857
241,2.76665,1.19931,-0.618895
241,2.92648,1.19482,-0.638026
241,2.93437,1.22917,-0.613476
241,1.52138,1.17763,-0.623155
241,-0.208519,1.10701,-0.657681
241,1.49739,1.19625,-0.608642
241,2.94465,1.2269,-0.650958
241,1.46067,1.19871,-0.611099
241,2.7939,1.25143,-0.604816
241,-0.221297,1.11614,-0.656223
241,2.94906,1.27208,-0.584141
241,-0.140346,1.11056,-0.697915
241,1.45316,1.21574,-0.635744
241,-0.174702,1.14073,-0.666092
241,-0.178399,1.14257,-0.66812
241,0.81176,1.15987,-0.72928
241,2.99534,1.3327,-0.56511
241,-0.253652,1.14886,-0.685587
241,-0.195877,1.1525,-0.689719
241,2.82983,1.30513,-0.616361
241,2.87345,1.31899,-0.601861
241,-0.25452,1.15504,-0.696733
241,-0.270481,1.16013,-0.692103
241,3.0346,1.36461,-0.561881
241,-0.210768,1.17731,-0.69578
241,-0.217804,1.18675,-0.690696
241,-0.25663,1.21024,-0.667892
241,1.09436,1.28166,-0.631793
241,1.20722,1.29412,-0.626269
241,1.20221,1.29773,-0.623154
241,2.85693,1.37672,-0.600596
241,-0.277201,1.22352,-0.681445
241,-0.194852,1.21146,-0.707369
241,2.8696,1.38005,-0.603815
241,2.85705,1.39535,-0.576742
241,3.02668,1.38665,-0.6061
241,3.05407,1.38827,-0.607774
241,3.02217,1.38832,-0.612417
241,-0.195791,1.22457,-0.700842
241,-0.272802,1.24336,-0.663927
241,-0.264492,1.24865,-0.664371
241,1.14832,1.3251,-0.619897
241,-0.277746,1.24525,-0.675308
241,3.06016,1.41135,-0.609145
241,1.14831,1.33195,-0.630027
241,2.87899,1.4212,-0.596751
241,-0.284243,1.26531,-0.682621
241,3.09328,1.45886,-0.592437
241,3.09421,1.461,-0.592
241,2.94091,1.4627,-0.580705
241,2.94115,1.45867,-0.588989
241,2.98651,1.4379,-0.630146
241,3.1336,1.46605,-0.596809
241,3.09853,1.47126,-0.589361
241,3.13727,1.47974,-0.585283
241,1.1283,1.37339,-0.647236
241,3.13445,1.48163,-0.584568
241,1.2022,1.39117,-0.637776
241,3.21765,1.47967,-0.61091
241,3.20637,1.50042,-0.588007
241,3.59333,1.51997,-0.578486
241,3.58449,1.5059,-0.609046
241,3.54349,1.50273,-0.620398
241,3.2491,1.52298,-0.587511
241,3.58665,1.54669,-0.573044
241,3.59041,1.55616,-0.566891
241,1.06838,1.42678,-0.639139
241,3.39349,1.55416,-0.594933
241,1.0734,1.4535,-0.652517
241,3.41523,1.56395,-0.615843
241,3.43418,1.60622,-0.565049
241,3.43188,1.59888,-0.619974
241,1.39567,1.59448,-0.539093
241,1.0593,1.5213,-0.647302
241,3.52347,1.64591,-0.598951
241,3.56322,1.66041,-0.58493
241,-0.562162,1.48159,-0.664752
241,-0.150931,2.54519,1.10801
241,3.23751,1.7061,-0.552763
241,3.34394,1.70056,-0.591507
241,3.2636,1.72754,-0.548913
241,3.36187,1.71011,-0.588769
241,0.580546,1.60304,-0.631583
241,0.623278,1.63262,-0.642378
241,3.30384,1.7849,-0.599056
241,0.617794,1.68369,-0.65555
241,2.36215,1.77677,-0.602944
241,0.538974,1.69829,-0.633835
241,2.80037,1.8594,-0.53942
241,0.525669,1.71629,-0.651509
241,1.62675,1.83223,-0.581
241,2.85963,1.88305,-0.575833
241,0.511336,1.74887,-0.667295
241,-0.293552,1.69079,-0.721502
241,2.83499,1.91043,-0.58637
241,3.43419,1.91574,-0.631558
241,2.93623,1.91528,-0.604537
241,2.85866,1.9158,-0.620255
241,1.91614,1.93834,-0.532516
241,1.86902,1.90601,-0.587882
241,-0.511976,2.36244,0.328208
241,-0.274575,2.48514,0.501742
241,-0.275155,2.50456,0.451622
241,3.84947,2.8242,0.640654
241,3.88226,2.84577,0.626507
241,0.0803367,1.99116,-0.628929
241,3.82841,2.82706,0.570818
241,0.139763,2.01316,-0.629792
241,0.0347346,2.053,-0.580488
241,0.0723065,2.02267,-0.636273
241,0.121572,2.04605,-0.634576
241,3.78936,2.78545,0.399778
241,3.84187,3.02068,0.606902
241,3.81034,2.81054,0.157396
241,0.752792,2.58007,-0.167301
241,0.334196,2.60128,-0.246494
241,0.323556,2.61384,-0.230518
241,0.718623,2.58274,-0.309111
241,0.338998,2.635,-0.204409
241,0.33987,2.55052,-0.354113
241,0.589027,2.63191,-0.232277
241,0.610708,2.66229,-0.184952
241,0.658829,2.67431,-0.167996
241,0.650658,2.60567,-0.286549
241,0.518033,2.63059,-0.24165
241,0.458078,2.64115,-0.223858
241,0.72387,2.53824,-0.420553
241,0.451348,2.65741,-0.198554
241,0.606531,2.647,-0.228896
241,0.525862,2.6061,-0.296179
241,0.536967,2.6754,-0.179816
241,0.641574,2.68132,-0.176127
241,0.340714,2.60174,-0.298795
241,0.465121,2.60471,-0.302079
241,0.465119,2.6083,-0.296459
241,0.614749,2.62155,-0.282993
241,0.613722,2.61475,-0.301883
241,0.464327,2.62169,-0.280928
241,0.580577,2.62813,-0.278406
241,0.463453,2.59242,-0.333115
241,0.314843,2.63952,-0.243138
241,0.588348,2.62135,-0.293709
241,0.543391,2.6206,-0.292686
241,3.62784,2.94378,0.0770675
241,0.338731,2.61654,-0.287711
241,0.42337,2.6404,-0.256279
241,0.48312,2.64223,-0.25806
241,0.471388,2.56724,-0.387701
241,0.651515,2.59697,-0.349425
241,0.671115,2.66128,-0.240537
241,0.721715,2.70079,-0.177302
241,0.421714,2.61894,-0.30134
241,0.410065,2.55964,-0.405533
241,0.481324,2.62686,-0.29502
241,0.32692,2.58668,-0.356486
241,0.409898,2.59233,-0.354977
241,0.67026,2.6081,-0.344272
241,0.420053,2.68247,-0.200889
241,0.352909,2.67341,-0.21401
241,0.58773,2.55049,-0.448693
241,0.488518,2.60437,-0.35113
241,0.537127,2.5512,-0.448442
241,0.59766,2.5783,-0.406918
241,0.708165,2.59542,-0.385368
241,0.427113,2.59103,-0.377282
241,0.596428,2.5612,-0.443349
241,0.415529,2.55269,-0.447717
241,0.589492,2.56289,-0.442291
241,0.424311,2.51381,-0.5182
241,0.43519,2.57062,-0.423483
241,0.656539,2.5904,-0.402909
241,0.423401,2.49513,-0.553869
241,0.555697,2.57878,-0.418115
241,0.345847,2.57412,-0.416578
241,0.463194,2.58086,-0.412293
241,0.615439,2.5822,-0.420808
241,0.43436,2.5841,-0.407953
241,0.663895,2.53577,-0.510832
241,3.66084,3.04476,0.184919
241,0.675146,2.60264,-0.398395
241,0.363162,2.60119,-0.381932
241,0.502689,2.55473,-0.473209
241,0.442131,2.54849,-0.480469
241,0.683346,2.54456,-0.504564
241,0.562088,2.53792,-0.510831
241,0.441025,2.53042,-0.516601
241,0.419874,2.63861,-0.328466
241,0.562089,2.55975,-0.476866
241,0.534448,2.52918,-0.528759
241,0.500918,2.53364,-0.519256
241,0.593305,2.54851,-0.501851
241,0.600847,2.51179,-0.566217
241,0.600637,2.51167,-0.568113
241,0.621338,2.54392,-0.515121
241,0.600252,2.50399,-0.583136
241,0.718241,2.51922,-0.56429
241,0.539801,2.51782,-0.557334
241,0.599986,2.52326,-0.555465
241,0.717957,2.54822,-0.522792
241,0.478094,2.50947,-0.575169
241,0.472596,2.51536,-0.568835
241,0.537802,2.51395,-0.578649
241,0.47249,2.55196,-0.512137
241,0.37215,2.58787,-0.443915
241,0.344527,2.49519,-0.604406
241,0.553959,2.55051,-0.522884
241,0.614684,2.55181,-0.524411
241,0.608291,2.63852,-0.378617
241,0.457507,2.61142,-0.416428
241,0.66416,2.62225,-0.411271
241,0.725918,2.63413,-0.39703
241,0.421126,2.6077,-0.426625
241,0.36175,2.60721,-0.425569
241,0.624473,2.51496,-0.601754
241,0.67438,2.62754,-0.411988
241,0.665287,2.62544,-0.42036
241,0.588706,2.59072,-0.476328
241,0.732835,2.62736,-0.422319
241,0.732915,2.63167,-0.415029
241,0.487257,2.61864,-0.423896
241,0.427572,2.60528,-0.44473
241,0.672375,2.59898,-0.473543
241,0.375193,2.55481,-0.532262
241,0.380934,2.52096,-0.59303
241,0.526553,2.53414,-0.581009
241,0.545128,2.61566,-0.442381
241,0.432183,2.56333,-0.538045
241,0.744893,2.61078,-0.475732
241,0.55887,2.5635,-0.549603
241,0.737013,2.58181,-0.533059
241,0.490628,2.59067,-0.505587
241,0.438671,2.56084,-0.556437
241,0.684838,2.55798,-0.577589
241,0.751489,2.5704,-0.575974
241,0.626037,2.56459,-0.631077
241,3.82839,2.89946,-0.265083
241,0.584555,2.58542,-0.618904
241,3.75444,2.75905,-0.541784
241,3.84741,2.80691,-0.498644
241,3.83322,2.80352,-0.517041
241,3.77114,2.7999,-0.555331
241,3.7738,2.82309,-0.549014
241,3.79432,2.83405,-0.577849
241,2.99894,1.44998,-0.659536
236,2.99894,1.44998,-0.659536
241,2.79354,1.78483,1.07445
237,2.79354,1.78483,1.07445
241,2.81657,1.82758,0.925762
237,2.81657,1.82758,0.925762
241,-0.326006,2.52397,0.255001
237,-0.326006,2.52397,0.255001
241,3.61369,2.74017,0.800208
237,3.61369,2.74017,0.800208
241,0.599375,2.33736,-0.217463
56,0.599375,2.33736,-0.217463
241,-0.253421,2.72048,1.01429
56,-0.253421,2.72048,1.01429
241,0.41907,3.244,-0.744537
238,0.41907,3.244,-0.744537
241,-0.230422,2.7017,1.07122
238,-0.230422,2.7017,1.07122
241,3.41281,2.61101,0.365432
238,3.41281,2.61101,0.365432
241,3.34718,2.15643,0.82259
238,3.34718,2.15643,0.82259
241,3.27801,2.61638,0.310831
238,3.27801,2.61638,0.310831
241,3.09197,2.28429,0.449058
238,3.09197,2.28429,0.449058
241,3.60256,2.63154,0.690726
238,3.60256,2.63154,0.690726
241,-0.246585,2.69514,1.00886
238,-0.246585,2.69514,1.00886
241,3.23231,2.53669,0.343234
238,3.23231,2.53669,0.343234
241,2.84411,1.82488,0.634906
238,2.84411,1.82488,0.634906
241,3.09658,2.1412,0.4719
238,3.09658,2.1412,0.4719
241,3.23187,2.28178,0.496187
238,3.23187,2.28178,0.496187
241,3.26122,2.33019,0.477304
238,3.26122,2.33019,0.477304
241,-0.912242,2.52034,0.572145
240,-0.912242,2.52034,0.572145
241,-0.37387,2.73892,0.226178
240,-0.37387,2.73892,0.226178
241,-0.369513,2.68334,0.390184
240,-0.369513,2.68334,0.390184
241,-0.849095,2.54977,0.243303
240,-0.849095,2.54977,0.243303
241,-0.945311,2.64857,0.20891
240,-0.945311,2.64857,0.20891
241,-0.78149,2.42505,0.317131
240,-0.78149,2.42505,0.317131
241,-0.945313,2.64858,0.208909
240,-0.945313,2.64858,0.208909
241,-0.918561,2.61594,0.221519
240,-0.918561,2.61594,0.221519
241,-0.354778,2.71188,0.434574
240,-0.354778,2.71188,0.434574
241,4.11338,3.35445,0.618404
164,4.11338,3.35445,0.618404
241,4.15375,3.47853,0.58047
164,4.15375,3.47853,0.58047
241,3.74,3.45588,0.0546806
164,3.74,3.45588,0.0546806
241,0.543798,2.52469,-0.499456
57,0.543798,2.52469,-0.499456
241,-0.945377,2.52385,0.441759
161,-0.945377,2.52385,0.441759
241,-0.203311,2.42332,0.364582
161,-0.203311,2.42332,0.364582
241,-1.00398,2.51776,0.288019
161,-1.00398,2.51776,0.288019
241,-0.216648,2.44859,0.396855
161,-0.216648,2.44859,0.396855
241,2.81576,1.83093,1.04312
239,2.81576,1.83093,1.04312
241,2.8828,1.94284,0.929979
239,2.8828,1.94284,0.929979
242,1.74116,-0.237177,1.13086
242,0.764038,-0.246861,0.177545
242,0.763048,-0.243229,0.179775
242,0.848845,-0.214762,0.15524
242,0.844371,-0.211615,0.149828
242,0.87332,-0.195156,0.159065
242,0.873969,-0.19754,0.154447
242,0.942545,-0.146307,0.193958
242,0.782862,-0.133599,0.16721
242,0.845194,-0.052578,0.201894
242,0.847389,-0.0485696,0.206548
242,0.839727,-0.0415226,0.195689
242,0.840515,-0.0351836,0.201212
242,0.832984,-0.0444313,0.176844
242,0.982825,-0.12146,0.0194492
242,0.885788,0.100849,0.0978838
242,0.883847,0.0987546,0.0921056
242,1.13188,-0.0411876,-0.263847
242,1.13057,-0.0416474,-0.269921
242,1.22266,0.0269373,-0.268344
242,1.22187,0.0263483,-0.270103
242,1.00808,0.0058288,-0.287232
242,0.991607,0.0105357,-0.289606
242,1.21514,0.0336138,-0.272722
242,0.969517,0.0181398,-0.289035
242,0.964879,0.0265934,-0.298811
242,0.949715,0.0317245,-0.305221
242,1.3399,0.0942147,-0.259019
242,1.08722,0.0991775,-0.246611
242,1.07733,0.0853144,-0.265208
242,1.07965,0.0936002,-0.25765
242,1.05549,0.0981522,-0.252391
242,1.08089,0.0954252,-0.257657
242,1.08037,0.088289,-0.267031
242,1.07613,0.0901188,-0.268558
242,1.05537,0.0976155,-0.267082
242,1.06766,0.112185,-0.25685
242,1.10893,0.148407,-0.245293
242,1.10498,0.152679,-0.25309
242,1.11989,0.158403,-0.259315
242,1.11871,0.159155,-0.261808
242,1.20672,0.179717,-0.249163
242,1.02826,0.203687,-0.23102
242,1.21374,0.19461,-0.278816
242,1.20953,0.199997,-0.273368
242,1.20563,0.210096,-0.266728
242,1.20684,0.209513,-0.270436
242,1.20963,0.213069,-0.270697
242,1.22084,0.20364,-0.295309
242,1.55,0.237292,-0.268721
242,1.54642,0.243991,-0.272792
242,1.54636,0.246434,-0.270428
242,1.54876,0.244906,-0.274042
242,1.49681,0.176755,-0.379223
242,1.49328,0.176743,-0.379419
242,1.46906,0.154131,-0.432784
242,1.47115,0.167247,-0.421154
242,1.47632,0.171649,-0.435397
242,1.46705,0.155044,-0.462552
242,1.46391,0.155679,-0.477539
242,1.67208,0.326,-0.276634
242,1.21665,0.34688,-0.267539
242,1.21184,0.348568,-0.273198
242,1.62728,0.266383,-0.421175
242,1.63429,0.275015,-0.427301
242,1.2096,0.372172,-0.29154
242,1.30895,0.407655,-0.254374
242,1.31151,0.405724,-0.257654
242,1.31351,0.406129,-0.259632
242,1.30816,0.406738,-0.261928
242,1.31663,0.418303,-0.273588
242,1.31296,0.419313,-0.272197
242,1.31528,0.422099,-0.275415
242,1.60148,0.447299,-0.28432
242,1.40917,0.470679,-0.25293
242,2.70158,0.27584,-0.620982
242,2.8122,0.296886,-0.602007
242,2.83596,0.290412,-0.627474
242,1.70543,0.348736,-0.499641
242,1.63935,0.271081,-0.601314
242,1.73934,0.34857,-0.515815
242,1.6468,0.273092,-0.613579
242,1.66835,0.284575,-0.601822
242,1.6485,0.274375,-0.621519
242,2.74767,0.341204,-0.59655
242,1.65137,0.284199,-0.616111
242,1.64735,0.277114,-0.629438
242,1.67138,0.288525,-0.623582
242,2.62745,0.340424,-0.609761
242,1.67084,0.291324,-0.626551
242,2.62739,0.348304,-0.615338
242,2.67249,0.337887,-0.642718
242,1.73382,0.326202,-0.611435
242,1.50454,0.574527,-0.295882
242,1.49647,0.581117,-0.307479
242,2.65471,0.368202,-0.648093
242,3.03938,0.424686,-0.620915
242,2.62819,0.426752,-0.631166
242,1.75377,0.403552,-0.624643
242,1.75348,0.403749,-0.631514
242,1.85968,0.419129,-0.617262
242,1.76369,0.422388,-0.611242
242,2.43045,0.464121,-0.623331
242,2.47281,0.471644,-0.622109
242,2.53605,0.488503,-0.608773
242,1.85981,0.432375,-0.649821
242,1.86047,0.436924,-0.647953
242,2.54096,0.483022,-0.62498
242,2.54788,0.484596,-0.626867
242,1.97447,0.455646,-0.636554
242,2.57331,0.488002,-0.630367
242,1.99382,0.486843,-0.602394
242,1.91241,0.460278,-0.636502
242,1.90611,0.467847,-0.62849
242,3.10523,0.574864,-0.592428
242,1.87277,0.495435,-0.632212
242,1.93792,0.533568,-0.586166
242,1.92623,0.526624,-0.597338
242,1.99997,0.509019,-0.624453
242,2.41209,0.566502,-0.616461
242,2.42102,0.550706,-0.638515
242,2.15274,0.554461,-0.619857
242,2.39661,0.56094,-0.62437
242,2.97136,0.578207,-0.632209
242,1.99423,0.552466,-0.624063
242,2.02963,0.57832,-0.610405
242,2.23569,0.572884,-0.639099
242,2.4445,0.587763,-0.638488
242,2.41003,0.589568,-0.647493
242,2.15478,0.568702,-0.662127
242,2.16243,0.570172,-0.668705
242,2.34562,0.611613,-0.626124
242,2.39338,0.58233,-0.6732
242,2.95386,0.682959,-0.595915
242,2.34536,0.627587,-0.645079
242,2.01343,0.650393,-0.600303
242,2.09468,0.642388,-0.619687
242,2.39273,0.691937,-0.604893
242,2.97543,0.714828,-0.620054
242,2.06514,0.673343,-0.630814
242,3.01536,0.726339,-0.624748
242,2.36013,0.694208,-0.642757
242,2.30025,0.714878,-0.631851
242,2.10309,0.733369,-0.613975
242,0.808784,0.65129,-0.65358
242,2.10577,0.726903,-0.626152
242,2.33655,0.746508,-0.621154
242,2.01638,0.742184,-0.611604
242,2.26207,0.800018,-0.56583
242,2.44906,0.802176,-0.621353
242,2.97863,0.832202,-0.6119
242,2.19587,0.790049,-0.62833
242,2.1456,0.792977,-0.627432
242,2.45176,0.815274,-0.616794
242,1.93232,0.800585,-0.616893
242,2.11319,0.809727,-0.61552
242,2.45328,0.809808,-0.633289
242,2.25976,0.812424,-0.620786
242,1.91739,0.819297,-0.60368
242,2.45637,0.825759,-0.626985
242,2.09985,0.818977,-0.61882
242,1.95855,0.823696,-0.613672
242,2.53767,0.911699,-0.632832
242,2.37611,0.94355,-0.592483
242,2.53655,0.917127,-0.635501
242,2.5431,0.922385,-0.646699
242,1.51257,0.94199,-0.576851
242,1.8722,0.923947,-0.624262
242,1.90128,0.932381,-0.632084
242,0.0137804,0.848619,-0.648789
242,2.41494,0.959904,-0.635346
242,2.52808,0.967302,-0.633857
242,2.94994,0.981884,-0.636977
242,1.87099,0.946176,-0.628575
242,1.79999,0.951331,-0.626586
242,2.53158,0.974136,-0.639319
242,2.57272,0.988037,-0.624238
242,2.96098,0.996118,-0.634482
242,2.93533,1.0004,-0.628612
242,1.93298,0.984772,-0.604213
242,2.94434,1.01108,-0.627545
242,1.81254,1.95369,0.654564
242,2.9314,1.00266,-0.642583
242,1.50801,0.967453,-0.615491
242,0.713496,0.932411,-0.620505
242,1.68175,0.978588,-0.620128
242,1.93077,0.997086,-0.612911
242,1.80722,1.97872,0.66827
242,0.700172,0.94019,-0.632028
242,1.80836,0.987646,-0.637348
242,1.8139,1.98583,0.658978
242,0.703239,0.946326,-0.637314
242,2.32866,1.03668,-0.604838
242,1.78796,0.998643,-0.628325
242,2.92106,1.05501,-0.626179
242,1.95374,1.01223,-0.631516
242,0.136394,0.951248,-0.627712
242,1.50798,1.01886,-0.618386
242,1.51033,1.01896,-0.618398
242,1.50758,1.01939,-0.620912
242,2.81046,1.06846,-0.629313
242,0.514534,0.97381,-0.636033
242,1.7019,1.04814,-0.61701
242,0.751139,1.00513,-0.623639
242,0.69294,0.973579,-0.666248
242,0.745032,1.01653,-0.621861
242,0.857975,1.03946,-0.605919
242,0.212676,1.03837,-0.577409
242,0.74848,1.01549,-0.635753
242,2.74444,1.09539,-0.639495
242,0.746485,1.0215,-0.640168
242,2.26153,1.12496,-0.595328
242,2.66245,1.11445,-0.63258
242,0.0780907,0.985522,-0.67748
242,0.864021,1.07596,-0.624217
242,1.43742,1.1222,-0.604721
242,1.4023,1.0929,-0.645821
242,0.529473,1.07382,-0.626114
242,2.94344,1.16913,-0.630573
242,0.713135,1.06865,-0.645593
242,2.70584,1.16201,-0.631157
242,2.93828,1.95414,0.381403
242,1.39253,1.13232,-0.606812
242,2.74671,1.18647,-0.61964
242,1.43723,1.1376,-0.617276
242,1.44077,1.14277,-0.617021
242,0.816768,1.08729,-0.659947
242,0.426955,1.10526,-0.631185
242,1.34086,1.16608,-0.617378
242,1.34201,1.16743,-0.618594
242,2.74591,1.2342,-0.609265
242,0.424533,1.11691,-0.654396
242,1.39896,1.17192,-0.650822
242,2.81703,1.24675,-0.63
242,0.0557698,1.11634,-0.65703
242,1.45031,1.21376,-0.607235
242,3.3893,1.26602,-0.643425
242,0.417437,1.13618,-0.666875
242,1.29837,1.21097,-0.623439
242,1.42663,1.22251,-0.615971
242,0.418545,1.1452,-0.665556
242,0.0500182,1.20891,-0.570517
242,1.10853,1.25475,-0.594099
242,1.29429,1.28189,-0.61169
242,1.31704,1.28236,-0.62755
242,2.0973,1.37715,-0.593999
242,2.84126,1.4191,-0.58104
242,2.06625,1.34998,-0.631537
242,-0.515118,1.30035,-0.577436
242,2.10021,1.37113,-0.623214
242,1.09058,1.32327,-0.650461
242,1.21621,1.35383,-0.620142
242,1.25381,1.34987,-0.63256
242,1.5694,1.38701,-0.604654
242,2.89221,1.88337,-0.0351006
242,1.90868,1.43368,-0.571901
242,-0.542412,1.3338,-0.605967
242,-0.00204694,1.32279,-0.671031
242,3.54767,1.50237,-0.625914
242,2.28908,1.49128,-0.615422
242,1.10278,1.4414,-0.619986
242,0.992596,1.42923,-0.635757
242,1.00844,1.43917,-0.638289
242,2.28429,1.50795,-0.622941
242,2.29657,1.50827,-0.637641
242,3.30882,1.61619,-0.551065
242,0.944287,1.45958,-0.648431
242,0.941712,1.49314,-0.652215
242,2.06337,1.56221,-0.627613
242,1.92553,1.63969,-0.528295
242,1.82766,1.62678,-0.580894
242,1.8145,1.6195,-0.592956
242,1.81313,1.62363,-0.589238
242,1.81201,1.62607,-0.59318
242,-0.541227,1.47244,-0.683584
242,1.86577,1.61596,-0.6321
242,0.783028,1.57055,-0.6374
242,3.35945,1.69926,-0.607451
242,2.84065,1.88557,-0.34821
242,0.63917,1.60165,-0.621809
242,0.670384,1.6216,-0.618558
242,2.17851,1.68518,-0.63227
242,0.805806,1.6498,-0.61838
242,0.77733,1.65034,-0.619589
242,0.135268,1.64971,-0.593384
242,2.26953,1.71586,-0.624842
242,-0.175268,1.60853,-0.641772
242,0.800354,1.66069,-0.62491
242,0.120719,1.67018,-0.603256
242,2.3345,1.77943,-0.591598
242,0.546381,1.66314,-0.665944
242,-0.324264,1.63481,-0.66943
242,0.565066,1.67363,-0.668008
242,2.84251,1.84066,-0.574023
242,1.90557,1.85957,-0.520907
242,-0.279264,1.6454,-0.693223
242,2.35847,1.79971,-0.631376
242,1.92221,1.88498,-0.503585
242,-0.262747,1.66025,-0.686961
242,2.93111,1.88273,-0.569611
242,-0.431886,1.74735,-0.582028
242,0.0564691,1.7133,-0.65842
242,0.0647725,1.72449,-0.653003
242,2.84113,1.90119,-0.578786
242,-0.444204,1.77468,-0.59519
242,-0.437835,1.78057,-0.595421
242,-0.445148,1.79508,-0.596781
242,0.31149,1.79673,-0.643098
242,0.01669,1.75644,-0.685843
242,1.62672,1.88054,-0.633011
242,-0.482768,1.83532,-0.625399
242,-0.955878,1.90071,-0.54729
242,-0.226367,1.90954,-0.607008
242,0.54789,1.94723,-0.631502
242,2.73676,2.0332,-0.681474
242,-0.181467,2.56202,0.0467539
242,0.0148714,2.12951,-0.571952
242,0.236072,2.18089,-0.632022
242,-0.163254,2.3165,-0.481367
242,-0.156672,2.33792,-0.498641
242,-0.177362,2.33757,-0.506779
242,3.72026,2.73451,-0.213907
242,0.535864,2.58345,-0.351874
242,3.74418,2.64604,-0.458488
242,0.552821,2.50155,-0.508054
242,2.5473,3.1361,0.186462
242,0.545577,2.5151,-0.517213
242,3.72744,3.08946,0.0360662
242,1.60242,2.82341,-0.220331
242,0.765226,2.53573,-0.555891
242,0.473442,2.52158,-0.599966
242,3.78513,2.74104,-0.527324
242,0.803836,2.59065,-0.58791
242,3.84416,2.77861,-0.535461
242,3.8318,2.78714,-0.529745
242,1.60561,2.7419,-0.473521
242,1.63246,2.76338,-0.542666
242,1.46815,3.03138,-0.21048
242,-0.277382,2.90154,-0.374407
242,1.92748,0.871057,-0.583832
236,1.92748,0.871057,-0.583832
242,1.20362,0.236143,-0.300653
236,1.20362,0.236143,-0.300653
242,2.18827,1.14381,-0.575224
236,2.18827,1.14381,-0.575224
242,1.78375,0.875363,-0.608744
236,1.78375,0.875363,-0.608744
242,1.36922,1.28068,-0.639237
236,1.36922,1.28068,-0.639237
242,1.65591,1.15088,-0.599958
236,1.65591,1.15088,-0.599958
242,3.02214,2.18698,0.315888
236,3.02214,2.18698,0.315888
242,2.96904,2.06121,0.362007
236,2.96904,2.06121,0.362007
242,0.521144,2.54156,-0.150172
241,0.521144,2.54156,-0.150172
242,1.5314,1.27191,-0.732603
241,1.5314,1.27191,-0.732603
242,-0.341094,1.24831,-0.808224
241,-0.341094,1.24831,-0.808224
242,2.28592,1.08875,-0.622835
235,2.28592,1.08875,-0.622835
242,2.39528,0.849711,-0.595429
235,2.39528,0.849711,-0.595429
242,1.54527,1.17506,-0.648558
235,1.54527,1.17506,-0.648558
242,2.2965,0.752057,-0.603772
235,2.2965,0.752057,-0.603772
242,1.60369,1.38432,-0.628025
235,1.60369,1.38432,-0.628025
242,1.23596,1.57286,-0.841752
235,1.23596,1.57286,-0.841752
242,0.971292,1.6232,-0.650101
235,0.971292,1.6232,-0.650101
242,3.46668,1.50816,-0.558978
235,3.46668,1.50816,-0.558978
242,2.52122,0.492486,-0.605268
230,2.52122,0.492486,-0.605268
242,2.01589,1.47587,-0.613863
230,2.01589,1.47587,-0.613863
242,2.1499,1.68813,-0.585995
230,2.1499,1.68813,-0.585995
242,2.02606,0.473676,-0.580322
230,2.02606,0.473676,-0.580322
242,2.33958,0.778289,-0.571587
229,2.33958,0.778289,-0.571587
242,1.94269,0.507901,-0.615751
229,1.94269,0.507901,-0.615751
242,2.77478,1.07101,-0.561959
222,2.77478,1.07101,-0.561959
242,2.65178,0.310078,-0.614692
222,2.65178,0.310078,-0.614692
242,2.41577,0.553468,-0.592739
222,2.41577,0.553468,-0.592739
242,3.4996,1.65303,-0.623583
222,3.4996,1.65303,-0.623583
242,1.75908,1.08033,-0.694385
222,1.75908,1.08033,-0.694385
242,1.77548,1.73428,-0.554335
237,1.77548,1.73428,-0.554335
242,2.38792,0.829488,-0.590152
223,2.38792,0.829488,-0.590152
242,2.00569,1.22483,-0.634845
223,2.00569,1.22483,-0.634845
242,2.18335,0.526196,-0.604293
223,2.18335,0.526196,-0.604293
242,2.77135,1.20291,-0.623545
164,2.77135,1.20291,-0.623545
243,1.71078,0.0672016,1.01194
243,0.845025,-0.0525745,0.195374
243,0.844729,-0.052268,0.194752
243,0.990996,-0.108098,0.0623457
243,0.987934,-0.100872,0.0530689
243,0.983931,-0.0980343,0.0473957
243,0.87255,0.0339529,0.181484
243,0.868496,0.0499397,0.191824
243,0.87235,0.0747007,0.153842
243,0.865877,0.0846895,0.149718
243,0.861846,0.0886135,0.138137
243,0.864973,0.112468,0.1463
243,0.861854,0.119724,0.1446
243,0.856068,0.101352,0.113019
243,0.878072,0.118096,0.0450598
243,0.877712,0.120064,0.0403492
243,1.0427,0.112823,-0.269831
243,0.994518,0.175829,-0.217187
243,1.43626,0.153033,-0.288105
243,1.11738,0.164414,-0.250516
243,1.1156,0.174207,-0.266082
243,1.02797,0.185223,-0.248059
243,1.17229,0.213626,-0.242147
243,0.967109,0.180602,-0.275458
243,1.66686,0.302333,-0.285997
243,1.66881,0.303997,-0.289215
243,1.31229,0.359999,-0.258156
243,1.04412,0.814318,0.414455
243,1.65742,0.258035,-0.474627
243,1.64496,0.262061,-0.4726
243,1.6586,0.280522,-0.451761
243,1.29028,0.382521,-0.271302
243,1.65916,0.276509,-0.461501
243,1.40619,0.446978,-0.257089
243,1.33887,0.449892,-0.247769
243,1.32364,0.454836,-0.268429
243,1.49575,0.513189,-0.269237
243,1.53483,0.546192,-0.290263
243,1.79005,0.379398,-0.630833
243,1.79213,0.378942,-0.63433
243,1.76061,0.418788,-0.623929
243,1.83587,0.469668,-0.591339
243,1.80177,0.470659,-0.594611
243,2.39547,0.507486,-0.62787
243,2.00201,0.474409,-0.648073
243,1.88135,0.479432,-0.643103
243,1.98535,0.485231,-0.642861
243,1.87868,0.481167,-0.641382
243,1.89161,0.502523,-0.610751
243,1.98298,0.49666,-0.637203
243,2.37128,0.531775,-0.619739
243,2.47915,0.541553,-0.616227
243,2.37717,0.528286,-0.632201
243,1.9708,0.519075,-0.625461
243,1.97458,0.519582,-0.625858
243,2.07977,0.528905,-0.621607
243,2.37364,0.535806,-0.635192
243,2.13847,0.538885,-0.617617
243,2.21107,0.532095,-0.642985
243,1.95964,0.539526,-0.61773
243,2.39663,0.562041,-0.621474
243,2.13844,0.551821,-0.621884
243,2.31266,0.56277,-0.63189
243,2.30985,0.5651,-0.632325
243,2.05872,0.580826,-0.600087
243,2.034,0.564805,-0.623942
243,2.00156,0.576486,-0.605406
243,2.3568,0.599831,-0.609159
243,2.3679,0.608349,-0.616884
243,2.30608,0.585952,-0.649803
243,2.31241,0.585922,-0.65234
243,2.17003,0.614383,-0.624297
243,2.30785,0.63106,-0.616718
243,2.30888,0.632786,-0.61884
243,2.45559,0.635502,-0.63538
243,2.17394,0.622055,-0.633881
243,2.46249,0.63941,-0.642388
243,1.99053,0.65149,-0.607963
243,2.97254,0.706661,-0.606729
243,2.40006,0.676934,-0.618913
243,2.25425,0.676549,-0.611912
243,2.29593,0.679057,-0.625197
243,2.03371,0.676678,-0.639631
243,2.96916,0.780268,-0.607884
243,2.36548,0.736019,-0.627792
243,3.02485,0.791135,-0.598657
243,2.14204,0.753542,-0.61431
243,2.39722,0.769336,-0.625043
243,2.1472,0.757304,-0.636722
243,2.40409,0.775143,-0.631487
243,2.0461,0.772081,-0.622363
243,2.17401,0.794132,-0.603921
243,2.32723,0.807561,-0.60297
243,2.19502,0.787758,-0.630481
243,2.46233,0.801539,-0.631514
243,2.33203,0.815783,-0.608987
243,2.00072,0.799236,-0.619328
243,2.21194,0.826096,-0.596275
243,2.33495,0.82175,-0.614015
243,2.19425,0.801893,-0.636335
243,2.00242,0.804146,-0.624747
243,2.82155,1.83094,0.836615
243,1.99914,0.815649,-0.621853
243,2.274,0.825907,-0.631544
243,2.27122,0.831945,-0.622449
243,2.27474,0.831159,-0.62847
243,1.15572,0.811505,-0.568296
243,1.95551,0.827365,-0.609244
243,2.04339,0.84127,-0.6282
243,2.04096,0.862297,-0.620516
243,2.91858,0.924497,-0.607878
243,2.98131,0.915538,-0.634589
243,2.98588,0.927076,-0.631342
243,1.94985,0.889466,-0.624534
243,2.94581,0.953366,-0.631031
243,2.61928,0.968596,-0.5906
243,1.71532,0.907287,-0.613235
243,2.95426,0.965649,-0.649899
243,2.49408,0.953,-0.632007
243,2.50578,0.958913,-0.635698
243,2.52809,0.955638,-0.643577
243,0.683162,0.87927,-0.632297
243,0.716973,0.901255,-0.605203
243,2.78483,1.02255,-0.603561
243,0.666332,0.876371,-0.659707
243,0.0330888,0.849882,-0.658469
243,2.54865,1.00528,-0.628566
243,1.60508,0.989641,-0.593955
243,0.707833,0.918586,-0.63235
243,1.6249,0.980283,-0.624998
243,1.79477,1.88499,0.702412
243,1.18506,0.993024,-0.633381
243,3.0249,1.12393,-0.586827
243,0.578208,0.970517,-0.621056
243,0.707896,1.00095,-0.625574
243,0.502161,1.00353,-0.605504
243,2.6621,1.11595,-0.6114
243,1.55404,1.08798,-0.593197
243,0.747026,1.02669,-0.629707
243,2.71183,1.14006,-0.620525
243,1.63824,1.09851,-0.598392
243,0.86905,1.03811,-0.633804
243,0.846738,1.04799,-0.619906
243,1.48179,1.08242,-0.626585
243,0.776606,1.03744,-0.646004
243,2.72398,1.16649,-0.617787
243,-0.109944,0.990174,-0.661228
243,0.476563,1.02179,-0.661716
243,1.48205,1.09397,-0.637485
243,1.58064,1.11659,-0.616398
243,1.58371,1.11452,-0.623504
243,0.475902,1.03203,-0.665389
243,0.471478,1.0439,-0.65335
243,1.58432,1.12494,-0.630085
243,0.77293,1.08381,-0.65203
243,2.38513,1.18957,-0.631126
243,2.90119,1.89204,0.362425
243,1.501,1.17986,-0.604398
243,0.166516,1.08465,-0.640857
243,2.38397,1.21231,-0.628775
243,2.14202,1.19524,-0.640084
243,0.0859971,1.03992,-0.710684
243,1.35952,1.16009,-0.635773
243,1.49146,1.19029,-0.612673
243,1.49855,1.19522,-0.614457
243,1.65229,1.19424,-0.64397
243,1.36515,1.17728,-0.650168
243,1.3223,1.19936,-0.61858
243,1.31837,1.20612,-0.618531
243,1.31171,1.2225,-0.625774
243,1.30989,1.22445,-0.625329
243,3.04633,1.34874,-0.579856
243,1.30657,1.24496,-0.621741
243,1.10428,1.27903,-0.612273
243,1.2036,1.28431,-0.616774
243,-0.24298,1.19234,-0.638402
243,1.20318,1.29221,-0.618474
243,1.08716,1.28381,-0.625261
243,2.82457,1.41302,-0.577204
243,1.21123,1.29264,-0.632877
243,2.13754,1.41651,-0.534977
243,2.89282,1.41558,-0.615743
243,1.25289,1.32094,-0.626171
243,1.27409,1.33346,-0.616579
243,1.27155,1.33368,-0.626364
243,1.14483,1.33938,-0.631548
243,0.541415,1.3332,-0.594736
243,0.538691,1.34172,-0.612738
243,2.90554,1.87914,-0.0205346
243,2.39794,1.45715,-0.625494
243,3.27499,1.57147,-0.545169
243,2.25558,1.4983,-0.593058
243,2.892,1.87733,-0.0869076
243,2.4061,1.47973,-0.651104
243,3.42987,1.5683,-0.62956
243,2.91376,1.89964,-0.0928442
243,2.39376,1.5225,-0.61855
243,2.40007,1.51634,-0.64151
243,2.39656,1.53133,-0.636427
243,0.968436,1.44558,-0.659565
243,2.00898,1.60423,-0.510887
243,0.941469,1.45531,-0.653879
243,2.35591,1.5423,-0.646944
243,1.17993,1.53054,-0.602634
243,1.18598,1.53405,-0.612499
243,0.988098,1.5409,-0.63462
243,0.98168,1.5552,-0.640777
243,1.16777,1.58868,-0.613268
243,-0.565437,1.46303,-0.675266
243,0.871204,1.60704,-0.614944
243,-0.572821,1.48275,-0.687277
243,-0.211723,1.55895,-0.628285
243,1.05483,1.64005,-0.61118
243,-0.214916,1.56496,-0.629356
243,1.23704,1.62732,-0.655267
243,2.11858,1.72283,-0.595576
243,-0.21548,1.6069,-0.630781
243,2.80365,1.84073,-0.526116
243,-0.168759,1.60752,-0.639883
243,3.41064,1.83908,-0.593529
243,1.44412,1.73295,-0.661242
243,1.91749,1.8623,-0.508716
243,2.35994,1.81369,-0.63132
243,1.34643,1.73465,-0.670007
243,1.43309,1.74668,-0.666659
243,-0.170564,2.30291,0.280356
243,1.75851,1.81634,-0.608725
243,2.86734,1.87059,-0.62075
243,1.57442,1.80735,-0.615569
243,1.64579,1.83825,-0.592457
243,-0.151339,2.32844,0.2875
243,1.87014,1.87006,-0.573202
243,1.82111,1.92723,-0.486339
243,1.81106,1.9459,-0.473611
243,1.86358,1.8799,-0.58003
243,1.82758,1.9502,-0.492842
243,1.82789,1.9566,-0.517187
243,1.83492,1.9614,-0.515884
243,1.63191,1.87405,-0.649372
243,2.76066,1.97581,-0.641774
243,0.0260869,1.86266,-0.612821
243,0.560038,1.90533,-0.630093
243,2.72361,2.03774,-0.667039
243,0.136507,1.97579,-0.620326
243,0.521744,1.9823,-0.653459
243,0.0769109,1.99091,-0.610228
243,0.0142061,2.02247,-0.584093
243,0.529387,2.00711,-0.668995
243,-1.01855,1.99091,-0.584968
243,0.474048,2.06852,-0.66371
243,0.585196,2.13503,-0.613269
243,-0.196018,2.56288,0.0152683
243,0.509307,2.18618,-0.656304
243,0.368415,2.50687,-0.182507
243,-0.160178,2.20804,-0.596836
243,-0.204865,2.60512,0.0010916
243,0.755929,2.54607,-0.188501
243,3.74149,2.74522,-0.181967
243,3.70639,2.72133,-0.245033
243,3.72986,2.98652,0.140559
243,0.588056,2.61645,-0.216974
243,3.66584,2.63116,-0.485659
243,0.745554,2.44981,-0.548514
243,3.69279,3.00875,0.0504322
243,3.7936,2.70094,-0.484035
243,3.80265,2.72572,-0.495146
243,3.81357,2.75666,-0.529073
243,3.82597,2.77667,-0.52205
243,0.455895,2.55009,-0.605304
243,3.78267,2.78891,-0.569272
243,1.61943,2.74794,-0.493441
243,3.69417,2.93323,-0.479359
243,3.68859,2.92882,-0.504527
243,0.820146,-0.0882144,0.30052
242,0.820146,-0.0882144,0.30052
243,1.75855,1.57514,0.755038
242,1.75855,1.57514,0.755038
243,-0.157462,2.52697,0.472921
242,-0.157462,2.52697,0.472921
243,2.9159,1.1515,-0.602116
242,2.9159,1.1515,-0.602116
243,1.50538,0.924666,-0.565685
242,1.50538,0.924666,-0.565685
243,0.598783,0.166662,0.0791426
242,0.598783,0.166662,0.0791426
243,1.92203,1.88935,-0.506415
242,1.92203,1.88935,-0.506415
243,0.343214,2.58154,-0.428094
241,0.343214,2.58154,-0.428094
243,0.711273,2.73534,-0.479189
241,0.711273,2.73534,-0.479189
243,0.459189,2.598,-0.477739
241,0.459189,2.598,-0.477739
243,0.647529,2.73923,-0.205852
241,0.647529,2.73923,-0.205852
243,3.0176,1.72431,-0.798144
241,3.0176,1.72431,-0.798144
243,-0.355248,1.21198,-0.814352
241,-0.355248,1.21198,-0.814352
243,2.81764,1.79494,-0.52438
241,2.81764,1.79494,-0.52438
243,2.49748,0.949051,-0.620425
236,2.49748,0.949051,-0.620425
243,0.644426,1.35753,-0.664825
236,0.644426,1.35753,-0.664825
243,1.24016,3.75609,-2.22456
236,1.24016,3.75609,-2.22456
243,1.80666,1.91317,0.683074
236,1.80666,1.91317,0.683074
243,2.85197,1.06198,-0.505146
236,2.85197,1.06198,-0.505146
243,0.598982,1.8179,-0.649167
235,0.598982,1.8179,-0.649167
243,0.67835,0.976537,-0.689724
235,0.67835,0.976537,-0.689724
243,2.39249,0.796667,-0.592296
231,2.39249,0.796667,-0.592296
243,2.33727,1.51109,-0.61556
231,2.33727,1.51109,-0.61556
243,2.17223,1.38354,-0.530466
231,2.17223,1.38354,-0.530466
243,2.17707,1.38751,-0.547104
231,2.17707,1.38751,-0.547104
243,1.96547,0.76395,-0.59026
231,1.96547,0.76395,-0.59026
243,2.06838,0.73602,-0.560693
231,2.06838,0.73602,-0.560693
243,2.09498,1.68176,-0.580975
231,2.09498,1.68176,-0.580975
243,-0.270224,2.59013,0.241164
237,-0.270224,2.59013,0.241164
243,-0.215649,2.64699,0.431535
237,-0.215649,2.64699,0.431535
243,-0.205384,2.61169,0.275871
237,-0.205384,2.61169,0.275871
243,3.24581,1.68976,-0.627585
223,3.24581,1.68976,-0.627585
244,1.45229,-0.377675,0.982509
244,1.49343,-0.360306,0.949047
244,1.49365,-0.359512,0.948291
244,1.49924,0.0870825,0.612017
244,1.19005,0.466767,0.256758
244,0.828044,0.818756,1.22521
244,1.03472,0.883805,0.342996
244,1.03481,0.946932,0.465667
244,0.997466,0.923165,0.385351
244,1.01219,0.90519,0.327812
244,1.02074,0.951501,0.467959
244,1.00918,0.921413,0.348324
244,1.04632,0.971091,0.488213
244,1.02727,0.90844,0.292687
244,1.02358,0.919815,0.287173
244,1.0757,0.932681,0.269822
244,1.7582,1.55736,1.24875
244,0.195912,1.03514,-0.192984
244,0.396154,1.52552,1.23306
244,2.54714,1.29107,0.228781
244,1.78107,1.59174,1.23172
244,0.375054,1.49802,1.09135
244,0.360291,1.52503,1.0995
244,0.375178,1.58123,1.23896
244,1.77599,1.63869,1.25022
244,0.3496,1.59595,1.26974
244,0.372921,1.59056,1.23956
244,0.367844,1.59935,1.24153
244,0.307702,1.61369,1.26774
244,1.57825,1.20734,-0.160685
244,1.78181,1.72598,1.19923
244,1.89548,1.75386,1.26855
244,0.255682,1.71035,1.26783
244,1.81675,1.75686,1.23538
244,1.7891,1.75201,1.20351
244,0.0698293,1.20574,-0.308351
244,2.64172,1.45583,0.153069
244,1.81927,1.78456,1.24056
244,1.77473,1.75389,1.106
244,1.78048,1.77111,1.13903
244,1.78743,1.76462,1.11168
244,2.8283,1.86054,1.2665
244,1.8194,1.83037,1.24981
244,1.77956,1.78583,1.11063
244,1.91663,1.86411,1.27434
244,1.78071,1.7727,0.987749
244,1.84773,1.85766,1.24111
244,0.889088,1.2827,-0.432966
244,0.698839,1.29985,-0.38594
244,1.78266,1.79261,0.980056
244,1.83747,1.91517,1.24646
244,2.86787,1.96393,1.26459
244,1.78873,1.74636,0.694771
244,0.678677,1.35579,-0.389054
244,0.678361,1.36288,-0.386148
244,1.79016,1.7557,0.694119
244,2.58115,1.47477,-0.278269
244,3.06396,1.46862,-0.389977
244,2.34737,1.4339,-0.551261
244,0.757346,1.39457,-0.508822
244,1.08987,1.36921,-0.631994
244,2.30912,1.4319,-0.576954
244,1.88386,1.83488,0.696285
244,1.89236,1.92877,0.970872
244,1.21907,1.38577,-0.646201
244,2.19412,1.52594,-0.380753
244,1.6289,1.50559,-0.4178
244,1.72358,1.52194,-0.381423
244,1.62876,1.52312,-0.393013
244,2.22664,1.54305,-0.399252
244,2.26094,1.52185,-0.518774
244,0.862823,1.46067,-0.571298
244,1.20894,1.48704,-0.561089
244,0.313154,1.54132,-0.316822
244,2.65887,1.6155,-0.378589
244,2.21736,1.57808,-0.448521
244,0.765424,1.50593,-0.530548
244,0.837776,2.1064,1.30503
244,2.26473,1.59484,-0.457738
244,2.26038,1.59809,-0.455142
244,2.26747,1.60217,-0.476567
244,2.27413,1.60717,-0.480003
244,2.2806,1.60614,-0.484333
244,1.8157,1.62375,-0.384357
244,1.91633,1.97588,0.679106
244,2.27115,1.61689,-0.474858
244,0.664503,1.53473,-0.564429
244,2.27066,1.62047,-0.479268
244,1.81894,1.6297,-0.402544
244,2.92535,1.9242,0.368548
244,2.2989,1.64597,-0.519144
244,0.945603,1.57802,-0.661883
244,1.0816,1.56309,-0.728605
244,3.03004,1.9979,0.348443
244,-0.240323,1.57711,-0.60256
244,0.974942,1.61684,-0.63472
244,3.07864,2.02592,0.384314
244,3.07792,2.00744,0.326641
244,1.61811,1.68878,-0.502431
244,3.12183,2.03794,0.403552
244,3.13347,2.02991,0.345095
244,1.61548,1.7083,-0.508136
244,3.0619,2.03115,0.327395
244,1.1276,1.60104,-0.801063
244,3.34501,2.32763,1.19429
244,0.213216,1.7096,-0.371247
244,1.07725,1.62122,-0.775751
244,3.15521,2.08112,0.384707
244,1.0387,1.65753,-0.718768
244,1.01226,1.70384,-0.662301
244,-0.324477,1.6474,-0.709066
244,1.03911,1.69203,-0.733934
244,0.2725,1.75312,-0.466893
244,0.273902,1.76183,-0.468579
244,3.14881,2.13799,0.342924
244,0.179486,1.78544,-0.420359
244,0.17738,1.79325,-0.423369
244,0.67341,1.83228,-0.399395
244,3.18005,2.15847,0.321894
244,0.168822,1.81202,-0.437187
244,1.00763,1.75845,-0.70159
244,0.818115,1.74616,-0.727516
244,3.15443,2.16784,0.29439
244,3.46976,1.85596,-0.729173
244,1.02492,1.78703,-0.722779
244,1.03223,1.75595,-0.841101
244,-0.0734333,2.1089,0.358458
244,0.615972,1.87855,-0.447705
244,0.00471008,2.1936,0.590411
244,2.56993,2.51868,1.30362
244,-0.0659193,2.11762,0.349983
244,1.03588,1.8162,-0.735151
244,0.585131,1.85058,-0.5991
244,0.663357,1.89782,-0.470016
244,3.22558,2.26343,0.307262
244,-0.0955632,2.38375,1.02401
244,3.23405,2.2783,0.291587
244,-0.0299438,2.2851,0.607967
244,-0.0573504,2.20041,0.310976
244,0.0169013,2.00384,-0.309165
244,-0.122847,2.44888,1.01287
244,0.567887,1.91987,-0.727701
244,-0.134581,2.46925,1.0165
244,1.01767,1.93057,-0.787468
244,3.31216,2.36419,0.287188
244,1.88996,2.02064,-0.631608
244,3.33698,2.39494,0.298428
244,2.97337,2.06078,-0.70636
244,-0.133433,2.51344,1.00972
244,-0.467518,1.91046,-0.827079
244,3.37018,2.40084,0.248138
244,0.527809,2.06343,-0.575379
244,1.90737,2.07028,-0.714691
244,-0.080089,2.39,0.488631
244,3.00495,2.11011,-0.740384
244,-0.0557271,2.31749,0.204246
244,1.64425,2.05943,-0.788869
244,3.49795,2.57141,0.572182
244,0.525552,2.02027,-0.806142
244,3.02125,2.12753,-0.785036
244,1.91135,2.11309,-0.752734
244,0.689469,2.74021,1.29082
244,-0.18373,2.39818,0.289245
244,3.70281,2.65999,0.658544
244,0.494704,2.09346,-0.76316
244,1.64236,2.13356,-0.810503
244,-0.0961642,2.39053,0.155409
244,0.673594,2.72512,1.07533
244,0.464558,2.12326,-0.762341
244,1.91162,2.17217,-0.777875
244,3.05004,2.20161,-0.814233
244,0.80269,2.29893,-0.311363
244,3.57744,2.67839,0.547094
244,0.676377,2.83842,1.28823
244,0.716445,2.31536,-0.491368
244,-0.15833,2.51539,0.222727
244,0.435505,2.20952,-0.792861
244,3.40896,2.20301,-1.17727
244,0.743007,2.47852,-0.0348579
244,0.755977,2.41395,-0.256075
244,0.429329,2.4191,-0.284668
244,-0.17466,2.55544,0.182836
244,0.77763,2.37367,-0.491723
244,0.625388,2.43848,-0.350088
244,0.561529,2.46636,-0.309405
244,0.692065,2.40647,-0.509409
244,0.514421,2.41515,-0.471942
244,0.763749,2.46794,-0.347025
244,0.673437,2.51582,-0.191632
244,-0.19848,2.60175,0.161396
244,0.692629,2.50847,-0.248191
244,0.690597,2.52919,-0.185662
244,0.7713,2.56156,-0.0954307
244,0.613294,2.51049,-0.239193
244,0.776538,2.49705,-0.315664
244,0.4992,2.43696,-0.479214
244,0.759261,2.54239,-0.186743
244,-0.198569,2.59025,0.0582387
244,0.777201,2.4753,-0.427094
244,0.49929,2.45283,-0.478894
244,0.727648,2.57386,-0.131101
244,0.693731,2.46326,-0.468888
244,0.47407,2.45094,-0.483837
244,0.674188,2.57405,-0.12821
244,0.768365,2.48964,-0.413895
244,0.541594,2.55403,-0.20236
244,0.517196,2.5184,-0.326702
244,0.455973,2.53094,-0.285803
244,0.630004,2.45463,-0.540984
244,0.751368,2.45966,-0.543028
244,0.454814,2.44567,-0.557603
244,0.407609,2.4359,-0.583018
244,0.643068,2.52325,-0.34065
244,0.451445,2.56939,-0.181191
244,0.729419,2.48617,-0.481996
244,0.556778,2.46121,-0.540709
244,0.706447,2.47831,-0.505578
244,0.691898,2.55191,-0.278522
244,0.575541,2.51326,-0.387547
244,0.686711,2.5401,-0.318631
244,0.570682,2.51614,-0.383028
244,0.633038,2.53603,-0.330541
244,0.750518,2.56208,-0.264641
244,0.75341,2.52812,-0.37982
244,0.746152,2.49318,-0.498743
244,0.716473,2.60774,-0.144612
244,0.628362,2.54751,-0.32747
244,0.400458,2.46315,-0.568011
244,0.719275,2.61289,-0.141718
244,0.597946,2.56937,-0.265014
244,0.730896,2.5029,-0.490518
244,0.690969,2.53684,-0.38625
244,0.471535,2.60678,-0.152408
244,-0.223785,2.63789,0.0190901
244,0.424059,2.4956,-0.505816
244,0.474457,2.61318,-0.149977
244,0.731349,2.4871,-0.569047
244,0.56377,2.62367,-0.132738
244,0.775825,2.5054,-0.525398
244,3.765,2.82134,0.0956345
244,0.735403,2.52281,-0.495728
244,0.712904,2.61246,-0.217054
244,0.496399,2.54801,-0.394695
244,0.417816,2.52906,-0.450746
244,0.420808,2.49382,-0.565515
244,3.82045,3.03812,0.730387
244,0.612617,2.49895,-0.580173
244,1.63279,3.13924,1.28314
244,0.756013,2.58417,-0.334783
244,0.60953,2.49678,-0.589662
244,0.465536,2.59007,-0.286428
244,0.658103,2.55844,-0.40601
244,0.771111,2.5192,-0.542942
244,0.461655,2.62591,-0.183635
244,1.08255,2.31185,-1.22207
244,0.413867,2.55077,-0.413395
244,0.531296,2.63679,-0.162055
244,0.502727,2.53528,-0.474712
244,0.614441,2.57863,-0.359225
244,0.532935,2.61258,-0.249741
244,0.498193,2.57571,-0.3621
244,0.60161,2.56394,-0.410718
244,0.480825,2.52545,-0.519005
244,0.654971,2.57477,-0.393867
244,0.65708,2.57472,-0.397237
244,0.429205,2.59809,-0.303045
244,0.667834,2.62872,-0.236596
244,0.360155,2.63408,-0.186989
244,0.492675,2.61958,-0.250669
244,0.650539,2.61524,-0.282863
244,0.525979,2.61261,-0.282139
244,0.531365,2.55554,-0.459505
244,0.524309,2.62969,-0.230105
244,0.649312,2.58325,-0.396052
244,0.479916,2.51228,-0.597563
244,0.650996,2.564,-0.459158
244,0.537302,2.54296,-0.513658
244,0.530638,2.60705,-0.321347
244,0.574675,2.61898,-0.300246
244,0.735276,2.52665,-0.605052
244,0.622764,2.60007,-0.366739
244,0.596106,2.55122,-0.515618
244,0.682624,2.5495,-0.531748
244,0.542742,2.5504,-0.515102
244,0.534066,2.55778,-0.49811
244,0.674277,2.53556,-0.586039
244,0.619008,2.53362,-0.591285
244,0.40883,2.54379,-0.537994
244,0.672381,2.66886,-0.181687
244,0.589631,2.60828,-0.361659
244,0.592536,2.57562,-0.467079
244,0.493703,2.58641,-0.425413
244,0.612433,2.59551,-0.415257
244,0.677881,2.58147,-0.476897
244,0.713815,2.58999,-0.459429
244,0.401267,2.67254,-0.17535
244,0.487899,2.62919,-0.324526
244,0.407065,2.64824,-0.269004
244,0.371789,2.53877,-0.603853
244,0.532433,2.61829,-0.38036
244,0.595198,2.60203,-0.44178
244,0.53103,2.57938,-0.537454
244,0.592959,2.60221,-0.475739
244,0.431923,2.58993,-0.510872
244,0.477364,2.69043,-0.220563
244,0.361825,2.59296,-0.508897
244,0.32424,2.65405,-0.336177
244,0.406052,2.59695,-0.522737
244,0.403267,2.62565,-0.434795
244,0.339278,2.55932,-0.63285
244,0.305181,2.67409,-0.283337
244,3.87155,3.13671,0.729273
244,0.64199,2.72396,-0.195632
244,1.62212,3.2522,1.32468
244,0.399507,2.57659,-0.646699
244,0.740752,2.74687,-0.167115
244,0.628731,2.68998,-0.332633
244,-0.723683,2.41482,-1.04033
244,0.319052,2.64172,-0.466804
244,0.574492,2.58791,-0.670555
244,0.530171,2.71413,-0.295576
244,0.628899,2.66592,-0.45828
244,0.454207,2.59955,-0.648405
244,0.666165,2.68415,-0.413903
244,0.653988,2.72532,-0.295975
244,0.409918,2.64284,-0.524364
244,0.588294,2.74659,-0.239211
244,0.40492,2.6857,-0.406925
244,0.316576,2.66938,-0.471486
244,0.528709,2.69604,-0.415757
244,0.329937,2.62091,-0.642023
244,0.318377,2.63899,-0.590755
244,0.586408,2.73158,-0.360786
244,0.285921,2.74398,-0.303291
244,0.461884,2.69525,-0.478427
244,0.535852,2.65166,-0.655691
244,0.560942,2.63843,-0.700868
244,0.32871,2.68049,-0.545908
244,1.58764,2.74424,-0.503802
244,0.431674,2.64388,-0.691217
244,0.279061,2.75488,-0.36439
244,0.32602,2.65789,-0.688689
244,0.273986,2.78244,-0.314219
244,-0.650134,2.53166,-1.03978
244,0.715751,2.86067,-0.217934
244,0.290664,2.73422,-0.569631
244,0.672107,2.71802,-0.713201
244,0.266137,2.74748,-0.582493
244,3.84393,2.9528,-0.387813
244,0.254416,2.8074,-0.483274
244,1.62302,3.54249,1.3737
244,3.98821,3.09407,-0.320981
244,3.91534,3.05234,-0.456504
244,3.91224,2.9857,-0.663908
244,1.62762,2.97223,-0.634563
244,3.96057,3.05335,-0.687798
244,1.63494,3.68897,1.39773
244,3.98336,3.10552,-0.714258
244,4.02332,3.15193,-0.751641
244,-1.03751,2.87496,-1.13661
244,4.14642,3.22174,-0.748215
244,4.18343,3.27431,-0.769872
244,4.21535,3.32149,-0.803185
244,2.75974,3.98729,1.3914
244,-1.08673,3.0319,-1.2145
244,1.62173,4.0093,1.42514
244,2.79469,4.08349,1.40448
244,-0.194373,3.22249,-1.29378
244,2.8374,4.22722,1.41365
244,-0.232702,3.30021,-1.35636
244,1.65471,3.56525,-1.00238
244,1.6462,4.39212,1.44854
244,1.726,4.50048,1.4093
244,1.65813,4.7422,1.47253
244,1.66649,4.71526,1.35676
244,0.518341,1.55981,-0.83073
243,0.518341,1.55981,-0.83073
244,3.80192,2.84665,-0.247381
243,3.80192,2.84665,-0.247381
244,1.88537,1.71088,-0.387828
243,1.88537,1.71088,-0.387828
244,0.43815,1.86124,-0.649289
237,0.43815,1.86124,-0.649289
244,1.90344,1.88199,-0.625842
237,1.90344,1.88199,-0.625842
244,0.984346,1.76559,-0.681358
237,0.984346,1.76559,-0.681358
244,2.24007,0.600933,0.51977
237,2.24007,0.600933,0.51977
244,0.790188,1.72032,-0.672106
237,0.790188,1.72032,-0.672106
244,-0.149395,2.51418,1.3274
237,-0.149395,2.51418,1.3274
244,-0.40662,1.99511,-0.562851
237,-0.40662,1.99511,-0.562851
244,-0.196563,2.63777,1.07856
237,-0.196563,2.63777,1.07856
244,3.27919,1.7319,-0.579311
237,3.27919,1.7319,-0.579311
244,0.677783,2.77513,-0.102688
237,0.677783,2.77513,-0.102688
244,1.83921,2.07255,1.22291
237,1.83921,2.07255,1.22291
244,-0.2554,2.69123,0.0199693
237,-0.2554,2.69123,0.0199693
244,1.85596,1.56486,-0.589805
242,1.85596,1.56486,-0.589805
244,2.71396,1.99004,-0.658049
242,2.71396,1.99004,-0.658049
244,0.941503,1.50133,-0.655836
242,0.941503,1.50133,-0.655836
244,1.78627,1.84263,0.705324
242,1.78627,1.84263,0.705324
244,-0.102879,1.7122,-0.469117
242,-0.102879,1.7122,-0.469117
244,0.661433,2.77829,1.3577
57,0.661433,2.77829,1.3577
244,3.76355,3.08725,0.0881171
238,3.76355,3.08725,0.0881171
244,1.73423,2.36265,1.2431
238,1.73423,2.36265,1.2431
244,1.31273,1.72348,-0.762201
236,1.31273,1.72348,-0.762201
244,1.4655,2.04987,-0.889412
236,1.4655,2.04987,-0.889412
244,1.46432,2.05884,-0.896418
236,1.46432,2.05884,-0.896418
244,1.31891,1.69408,-0.735352
236,1.31891,1.69408,-0.735352
244,0.0900279,1.73175,-0.660613
236,0.0900279,1.73175,-0.660613
244,2.70804,1.97564,-0.661903
236,2.70804,1.97564,-0.661903
244,3.49797,2.36024,-0.57826
236,3.49797,2.36024,-0.57826
244,0.113966,2.24964,-0.611752
236,0.113966,2.24964,-0.611752
244,0.125153,2.23178,-0.59039
236,0.125153,2.23178,-0.59039
244,0.239505,2.03504,-0.45362
236,0.239505,2.03504,-0.45362
244,-0.15688,2.35129,-0.480746
236,-0.15688,2.35129,-0.480746
244,1.58276,2.70496,1.35446
234,1.58276,2.70496,1.35446
244,1.84253,1.8716,-0.599307
234,1.84253,1.8716,-0.599307
244,3.32552,1.77014,-0.565935
234,3.32552,1.77014,-0.565935
244,2.37861,3.0239,1.32871
234,2.37861,3.0239,1.32871
244,2.1264,2.36575,1.30418
234,2.1264,2.36575,1.30418
244,2.35125,2.76037,1.32
234,2.35125,2.76037,1.32
244,2.35415,2.7589,1.3184
234,2.35415,2.7589,1.3184
244,1.57206,2.78041,1.32492
234,1.57206,2.78041,1.32492
244,1.85313,1.86656,1.24746
240,1.85313,1.86656,1.24746
245,1.70244,0.271447,1.2191
245,1.76382,0.393713,1.12012
245,1.83221,0.60656,1.14343
245,1.17591,0.572629,0.585482
245,1.15964,0.568399,0.544685
245,1.17603,0.581087,0.630673
245,1.16679,0.574568,0.582136
245,1.17574,0.591462,0.646255
245,1.86275,0.686567,1.15231
245,1.9848,0.833832,1.35626
245,0.851006,0.873458,1.15175
245,1.05458,0.998577,0.28164
245,1.05489,0.999658,0.27502
245,0.997362,1.01571,0.326507
245,1.01339,1.01387,0.295828
245,1.04875,1.03917,0.381285
245,1.00456,1.02655,0.292713
245,1.06627,1.02843,0.294018
245,1.00734,1.03797,0.36418
245,1.00674,1.03726,0.348286
245,0.992828,1.03755,0.350069
245,1.01917,1.05711,0.477077
245,0.988698,1.03111,0.297837
245,1.01807,1.04696,0.404189
245,1.04754,1.04384,0.376343
245,1.04687,1.04689,0.391775
245,1.0195,1.03699,0.322034
245,1.03375,1.04793,0.390825
245,1.00503,1.06206,0.482674
245,1.03326,1.04103,0.325376
245,1.04394,1.05988,0.446639
245,1.01685,1.03515,0.270742
245,1.01692,1.05207,0.387907
245,1.03432,1.05925,0.429713
245,0.987273,1.03751,0.28205
245,1.01967,1.05178,0.368182
245,1.04575,1.06812,0.445304
245,1.01215,1.04191,0.243348
245,0.975933,1.05686,0.350506
245,1.05781,1.0656,0.401997
245,1.01413,1.06026,0.367379
245,1.05973,1.06756,0.411824
245,1.0459,1.06648,0.401176
245,1.0321,1.05782,0.339064
245,1.01085,1.04422,0.241291
245,1.01152,1.07175,0.423552
245,1.04125,1.06931,0.394962
245,1.00025,1.07767,0.437701
245,1.03023,1.07454,0.409349
245,1.02747,1.07758,0.407921
245,1.0279,1.08468,0.449441
245,1.03466,1.09727,0.465888
245,1.02453,1.1057,0.458091
245,0.466748,1.53878,1.26485
245,0.390496,1.57685,1.27402
245,1.77402,1.71782,1.24245
245,2.67872,1.58391,0.129683
245,2.68681,1.59481,0.117796
245,1.79381,1.75298,1.25379
245,1.80843,1.80775,1.25221
245,1.78662,1.79317,1.13458
245,2.7931,1.8339,1.29201
245,1.7938,1.79213,1.09696
245,1.79268,1.79761,1.13492
245,1.77991,1.79579,1.1171
245,2.79809,1.83793,1.27325
245,1.77019,1.74258,0.710712
245,1.78201,1.80184,1.11135
245,2.81459,1.84252,1.28054
245,1.79514,1.81087,1.13553
245,1.79774,1.8196,1.13504
245,2.8248,1.85608,1.27119
245,2.82497,1.85849,1.28264
245,2.8125,1.86368,1.28237
245,0.0318687,1.96896,1.6631
245,1.87343,1.95209,1.26674
245,0.0216079,1.99988,1.66364
245,2.94009,1.95062,0.43725
245,3.0887,2.13178,1.63304
245,3.05743,2.14206,1.63466
245,2.95444,1.96985,0.43843
245,2.60276,2.11368,1.31563
245,0.110125,2.07443,1.23495
245,3.09146,2.1997,1.68998
245,2.99405,2.03225,0.465102
245,0.796889,2.00508,0.385332
245,3.01333,2.06533,0.430841
245,3.02601,2.07361,0.422403
245,0.0667967,2.13847,1.09627
245,0.0639343,2.14797,1.09655
245,0.0362226,2.21477,1.07569
245,-0.00153029,2.23982,1.05707
245,0.802595,2.4392,1.31745
245,0.795528,2.44986,1.32189
245,2.24188,2.51471,1.35317
245,-0.0649117,2.35414,0.452379
245,2.256,2.56666,1.3601
245,0.766098,2.57765,1.33489
245,3.32933,2.46072,0.204365
245,3.32487,2.48118,0.233215
245,-0.104765,2.46471,0.472866
245,2.27358,2.64151,1.36979
245,-0.147335,2.51479,0.585571
245,3.54632,2.66087,1.18377
245,0.722471,2.63968,1.32189
245,3.48179,2.58734,0.61434
245,0.712254,2.65199,1.33186
245,3.45683,2.57076,0.455575
245,-0.14187,2.51901,0.464351
245,2.28081,2.68709,1.36574
245,0.440246,2.38729,-0.537491
245,0.795421,2.4107,-0.544124
245,0.705313,2.68215,1.32939
245,0.555239,2.41132,-0.553637
245,0.80043,2.41749,-0.540869
245,0.572238,2.41602,-0.537652
245,0.802699,2.43104,-0.554023
245,2.28465,2.73445,1.3743
245,0.688786,2.66959,1.05692
245,0.719042,2.71228,1.31004
245,0.446797,2.44528,-0.53509
245,0.694061,2.72129,1.33534
245,0.68544,2.72333,1.34328
245,0.655254,2.45042,-0.565047
245,0.732513,2.7324,1.34541
245,3.62683,2.75319,1.16628
245,0.742841,2.53366,-0.067073
245,0.562398,2.48155,-0.417295
245,0.436595,2.48199,-0.422163
245,0.561941,2.48199,-0.445502
245,0.534084,2.46302,-0.58244
245,0.496612,2.47763,-0.480706
245,0.70555,2.74304,1.30619
245,0.768325,2.48091,-0.538977
245,0.434245,2.48705,-0.459883
245,0.648571,2.48029,-0.587889
245,0.778031,2.4903,-0.533325
245,0.466031,2.48826,-0.522756
245,0.473653,2.54712,-0.116004
245,0.494312,2.51148,-0.371619
245,0.525824,2.48752,-0.548401
245,0.493477,2.49565,-0.491768
245,0.492992,2.54855,-0.12976
245,0.612916,2.4965,-0.513199
245,0.468854,2.49713,-0.501954
245,0.489381,2.51317,-0.399334
245,0.43173,2.52092,-0.343312
245,0.69206,2.76567,1.31568
245,0.707067,2.50992,-0.482836
245,0.526636,2.51051,-0.468618
245,0.726603,2.51202,-0.483213
245,0.771949,2.51867,-0.449568
245,0.708251,2.56758,-0.115851
245,0.427512,2.53497,-0.319099
245,0.770068,2.50827,-0.547759
245,0.604641,2.53167,-0.37031
245,0.399473,2.55164,-0.226371
245,0.441442,2.52812,-0.399956
245,0.77292,2.53279,-0.42412
245,0.681341,2.52757,-0.457872
245,0.74783,2.52341,-0.49511
245,0.642545,2.52736,-0.465941
245,0.580487,2.53523,-0.408305
245,0.510183,2.52859,-0.44764
245,0.735399,2.51604,-0.565555
245,0.667684,2.53486,-0.437566
245,0.481038,2.55945,-0.260592
245,0.660118,2.53826,-0.435293
245,0.46073,2.55936,-0.269738
245,0.639262,2.54079,-0.43734
245,0.601466,2.57992,-0.163633
245,0.480304,2.56014,-0.296225
245,0.508537,2.52161,-0.567847
245,0.537814,2.57482,-0.201749
245,0.606524,2.53046,-0.518938
245,0.663414,2.55311,-0.373646
245,0.741083,2.55454,-0.378339
245,0.599417,2.56937,-0.260725
245,0.540737,2.55989,-0.322264
245,0.454088,2.54875,-0.392564
245,0.416121,2.57541,-0.206275
245,0.454571,2.54604,-0.416839
245,0.43451,2.55004,-0.387345
245,0.730403,2.53854,-0.503761
245,0.422341,2.54081,-0.457094
245,0.769248,2.56256,-0.343629
245,0.679276,2.59198,-0.136802
245,0.723349,2.53674,-0.53071
245,0.449272,2.5308,-0.546413
245,0.513594,2.55884,-0.358248
245,0.660131,2.56784,-0.317356
245,0.512163,2.56504,-0.325658
245,0.539754,2.5618,-0.358697
245,0.687272,2.54325,-0.507859
245,0.414804,2.57749,-0.24251
245,0.717517,2.56399,-0.381776
245,0.568467,2.5396,-0.538068
245,0.6967,2.54703,-0.502751
245,0.424225,2.59389,-0.148512
245,0.472454,2.59109,-0.175464
245,0.594613,2.54523,-0.529752
245,0.513897,2.58549,-0.24243
245,0.508497,2.53724,-0.5805
245,0.687283,2.81113,1.3035
245,0.762915,2.59241,-0.229483
245,0.693171,2.56955,-0.385342
245,0.53323,2.53901,-0.590935
245,0.7527,2.55033,-0.536923
245,0.575011,2.58289,-0.303075
245,0.418337,2.59279,-0.217686
245,0.482342,2.55712,-0.478055
245,0.427166,2.5744,-0.351882
245,3.58443,2.74396,0.484755
245,0.542353,2.55024,-0.534393
245,0.428877,2.54149,-0.58586
245,0.48788,2.55244,-0.520167
245,0.477357,2.54287,-0.586527
245,0.436756,2.5498,-0.538115
245,0.351711,2.54598,-0.558299
245,0.732644,2.59297,-0.278352
245,0.720089,2.58557,-0.334643
245,0.53853,2.59983,-0.216396
245,0.729715,2.57966,-0.396828
245,0.755007,2.56465,-0.509851
245,0.539009,2.5567,-0.548374
245,0.752201,2.57804,-0.423161
245,0.66741,2.58607,-0.359332
245,0.660714,2.55995,-0.545558
245,0.471054,2.5689,-0.463758
245,0.714281,2.59667,-0.297141
245,0.441654,2.57731,-0.415143
245,0.411538,2.57908,-0.400196
245,0.723955,2.57721,-0.466938
245,0.517145,2.62213,-0.138727
245,0.381571,2.56361,-0.531922
245,0.3459,2.56443,-0.525
245,0.75352,2.57124,-0.52785
245,0.71517,2.60777,-0.270679
245,0.715008,2.56328,-0.584986
245,0.500596,2.56454,-0.554041
245,0.40526,2.56629,-0.532451
245,0.807214,2.59773,-0.359751
245,0.657721,2.56451,-0.579464
245,0.488782,2.59379,-0.358699
245,0.725194,2.60016,-0.342394
245,0.710841,2.61193,-0.268239
245,0.748455,2.59522,-0.395697
245,0.718726,2.63086,-0.150727
245,0.370788,2.57062,-0.54126
245,0.745735,2.58506,-0.482632
245,0.617148,2.56905,-0.583486
245,0.666349,2.56911,-0.590047
245,0.340036,2.58632,-0.435147
245,0.649314,2.60354,-0.349646
245,0.585236,2.62749,-0.176527
245,0.686729,2.62863,-0.183153
245,0.483307,2.59575,-0.403881
245,0.563551,2.62803,-0.194362
245,0.373314,2.59419,-0.417544
245,0.590692,2.59993,-0.401981
245,0.604935,2.5875,-0.491509
245,0.683773,2.60262,-0.401621
245,0.645918,2.61838,-0.294337
245,0.661762,2.57599,-0.59553
245,0.463696,2.59202,-0.473988
245,0.747765,2.57464,-0.62788
245,0.604913,2.58624,-0.534266
245,0.757994,2.60132,-0.448658
245,0.432628,2.59814,-0.438148
245,0.325501,2.59061,-0.48012
245,0.70722,2.60788,-0.40156
245,0.47027,2.64209,-0.138136
245,-0.225873,2.6562,0.0357752
245,0.743759,2.60781,-0.409957
245,0.524839,2.62919,-0.241203
245,0.715112,2.61707,-0.361872
245,0.598839,2.60531,-0.435583
245,0.740554,2.63201,-0.268724
245,0.399323,2.58772,-0.54256
245,0.479499,2.59543,-0.500241
245,0.40013,2.58347,-0.576769
245,0.708253,2.60223,-0.482347
245,0.337736,2.61869,-0.327688
245,0.533222,2.61627,-0.367574
245,0.582402,2.6358,-0.241962
245,2.4114,2.96406,1.84426
245,0.415068,2.60791,-0.422
245,0.362832,2.59598,-0.502426
245,0.584115,2.6035,-0.475348
245,0.462441,2.63275,-0.258729
245,0.458905,2.59656,-0.515787
245,0.495095,2.63415,-0.258172
245,0.740762,2.63073,-0.31144
245,0.471029,2.6339,-0.263362
245,0.42322,2.6264,-0.313514
245,0.524366,2.61446,-0.408168
245,0.39906,2.64845,-0.16245
245,0.373913,2.60638,-0.458321
245,0.476143,2.64083,-0.236702
245,0.411375,2.64541,-0.198058
245,0.325004,2.60233,-0.494474
245,0.534712,2.62249,-0.381254
245,0.415275,2.60293,-0.506473
245,0.738762,2.63998,-0.286693
245,0.399927,2.61149,-0.452612
245,0.676702,2.60951,-0.497738
245,0.672135,2.63127,-0.351228
245,0.51475,2.61854,-0.423513
245,0.320764,2.64276,-0.239982
245,0.332433,2.6161,-0.429654
245,0.499044,2.59776,-0.580781
245,0.420235,2.65663,-0.164917
245,0.582883,2.64568,-0.259983
245,0.469928,2.63471,-0.324205
245,0.745169,2.61429,-0.497658
245,0.750408,2.61777,-0.473971
245,2.39743,2.91226,1.39769
245,0.397801,2.61925,-0.427342
245,0.336003,2.64974,-0.218361
245,0.45822,2.62676,-0.39232
245,0.648734,2.63344,-0.371408
245,0.594232,2.63096,-0.383083
245,0.465959,2.65244,-0.219613
245,0.556631,2.61163,-0.515579
245,0.4569,2.63259,-0.358715
245,0.616113,2.60471,-0.571322
245,0.526686,2.64136,-0.307094
245,0.610097,2.64144,-0.316267
245,2.36007,2.91604,1.40643
245,0.64108,2.61071,-0.538344
245,0.556619,2.61794,-0.479274
245,0.335485,2.62087,-0.44237
245,0.452941,2.63056,-0.388477
245,0.517193,2.64057,-0.329656
245,0.607565,2.65279,-0.258665
245,0.653364,2.61046,-0.559889
245,0.52638,2.65987,-0.201961
245,0.641357,2.60871,-0.574001
245,0.452961,2.64935,-0.271939
245,0.406015,2.64047,-0.329074
245,0.324823,2.6333,-0.37217
245,0.613932,2.65377,-0.262333
245,0.539099,2.6555,-0.247626
245,0.600381,2.6484,-0.305066
245,0.469581,2.66519,-0.175033
245,2.39795,2.92106,1.39629
245,0.485453,2.66317,-0.204724
245,0.494272,2.61488,-0.553373
245,0.679573,2.62365,-0.514291
245,0.615358,2.63217,-0.454932
245,0.366303,2.6627,-0.215355
245,0.340799,2.62778,-0.456093
245,0.513938,2.65295,-0.300373
245,0.405747,2.63799,-0.393212
245,0.39062,2.64571,-0.337959
245,0.551265,2.64014,-0.395261
245,0.589459,2.65059,-0.327042
245,0.36562,2.63214,-0.43476
245,0.463424,2.65843,-0.269789
245,0.74435,2.64606,-0.386963
245,0.429508,2.65752,-0.27627
245,0.426268,2.63978,-0.399627
245,0.588489,2.65444,-0.320094
245,0.701891,2.61576,-0.605046
245,0.363678,2.6688,-0.200818
245,0.513857,2.65177,-0.336272
245,0.654549,2.67379,-0.201025
245,0.486169,2.65637,-0.30636
245,0.388108,2.65502,-0.305758
245,0.412161,2.66383,-0.252183
245,0.482814,2.63967,-0.435593
245,0.356471,2.66331,-0.257343
245,0.316404,2.664,-0.255629
245,0.609393,2.67203,-0.235335
245,0.616102,2.62648,-0.554955
245,0.487705,2.67471,-0.215995
245,0.446912,2.67012,-0.244614
245,3.73236,2.84759,0.627143
245,0.706214,2.68546,-0.174803
245,0.675328,2.64182,-0.486931
245,2.42139,2.9406,1.40473
245,0.425027,2.67311,-0.24663
245,0.3116,2.6159,-0.633197
245,0.502452,2.66482,-0.31833
245,0.397455,2.66943,-0.276812
245,0.406795,2.68401,-0.182463
245,0.671002,2.67944,-0.246739
245,0.582138,2.68112,-0.227316
245,0.518167,2.68837,-0.171631
245,0.673926,2.64126,-0.517685
245,0.670184,2.65917,-0.394059
245,0.388219,2.68719,-0.170659
245,0.570893,2.64031,-0.519536
245,0.508821,2.67023,-0.308125
245,0.560938,2.66213,-0.376991
245,0.701071,2.63101,-0.6179
245,0.486764,2.67384,-0.310493
245,0.483144,2.67046,-0.344314
245,0.727855,2.68043,-0.313541
245,0.697404,2.68795,-0.273954
245,0.544003,2.63125,-0.664212
245,0.327779,2.6943,-0.20233
245,0.477272,2.69534,-0.223283
245,0.326804,2.69779,-0.190661
245,0.695513,2.69658,-0.242491
245,0.695939,2.67436,-0.398793
245,0.328741,2.68795,-0.265235
245,0.307296,2.67144,-0.401468
245,0.47777,2.6896,-0.317714
245,0.307772,2.6959,-0.264645
245,0.668288,2.70472,-0.255641
245,0.300649,2.6826,-0.427365
245,0.631401,2.70381,-0.330966
245,0.326675,2.71823,-0.200731
245,0.669823,2.66125,-0.668806
245,0.289102,2.65129,-0.698765
245,0.295604,2.70233,-0.405165
245,0.681942,2.66945,-0.688056
245,0.737052,2.74622,-0.176218
245,0.735007,2.74783,-0.173366
245,0.688555,2.73861,-0.279492
245,2.3735,3.11995,2.0838
245,-0.319862,2.68483,-0.783733
245,2.46392,3.065,1.4171
245,2.38931,3.15438,1.86487
245,2.52836,3.15575,1.41948
245,2.38318,3.22238,1.87868
245,2.41234,3.15831,1.4235
245,2.39625,3.28307,2.15912
245,2.48518,3.25242,1.92802
245,2.35766,3.23661,1.65773
245,2.31126,3.25785,1.77099
245,2.55357,3.2334,1.42799
245,2.35353,3.27158,1.6415
245,3.94949,2.99014,-0.672872
245,3.93937,2.99208,-0.68108
245,1.64901,2.98852,-0.670007
245,1.6444,2.9902,-0.667765
245,1.64038,3.01971,-0.724627
245,2.45078,3.34797,1.45354
245,1.63867,3.08456,-0.705905
245,1.64832,3.38253,1.36335
245,2.39183,3.44154,1.6683
245,2.42702,3.41448,1.44766
245,2.61943,3.4193,1.45566
245,1.68221,3.39628,1.36539
245,1.62951,3.09122,-0.758436
245,1.62217,3.11578,-0.788083
245,2.41664,3.49259,1.71295
245,2.47183,3.48016,1.46676
245,2.42518,3.56673,1.68467
245,3.26042,3.60264,1.48316
245,1.65576,3.59294,1.37824
245,3.31629,3.70342,1.49479
245,1.70276,3.66277,1.38538
245,2.47569,3.7381,1.51644
245,2.47193,3.77705,1.53757
245,2.53796,3.79933,1.49528
245,2.64581,4.39627,1.59787
245,3.2977,5.01032,1.62691
245,4.99156,6.39998,1.81033
245,5.23939,8.04556,1.98348
245,2.29922,1.46238,1.23967
244,2.29922,1.46238,1.23967
245,1.65355,3.56591,-1.00269
244,1.65355,3.56591,-1.00269
245,2.24248,1.33357,1.23189
244,2.24248,1.33357,1.23189
245,-0.0995111,2.6822,1.22853
244,-0.0995111,2.6822,1.22853
245,0.532237,2.61279,-0.249917
244,0.532237,2.61279,-0.249917
245,0.529947,2.60725,-0.321523
244,0.529947,2.60725,-0.321523
245,1.64982,2.76621,1.30221
244,1.64982,2.76621,1.30221
245,-0.0705969,2.3946,0.477623
244,-0.0705969,2.3946,0.477623
245,0.515121,2.53992,-0.417572
56,0.515121,2.53992,-0.417572
245,0.358236,2.83856,-0.454026
56,0.358236,2.83856,-0.454026
245,0.563081,2.67643,-0.467404
56,0.563081,2.67643,-0.467404
245,0.616269,2.51917,-0.457719
56,0.616269,2.51917,-0.457719
245,1.82485,1.87568,1.26004
56,1.82485,1.87568,1.26004
245,-0.237977,2.78118,1.39258
56,-0.237977,2.78118,1.39258
245,-0.0370843,2.51679,1.38862
56,-0.0370843,2.51679,1.38862
245,1.60076,2.80223,-0.604835
56,1.60076,2.80223,-0.604835
245,0.390789,2.83177,-0.391655
56,0.390789,2.83177,-0.391655
245,0.130696,3.54915,-1.07339
57,0.130696,3.54915,-1.07339
245,0.648324,2.33257,-0.130374
57,0.648324,2.33257,-0.130374
245,-0.235852,2.76337,1.31518
57,-0.235852,2.76337,1.31518
245,-0.16444,2.68251,1.38029
57,-0.16444,2.68251,1.38029
245,0.0377916,3.75952,-1.11316
57,0.0377916,3.75952,-1.11316
245,0.540568,2.58493,-0.233664
238,0.540568,2.58493,-0.233664
245,0.519574,2.86636,-0.576652
238,0.519574,2.86636,-0.576652
245,0.733533,2.29332,-0.137333
238,0.733533,2.29332,-0.137333
245,0.661487,2.56512,-0.385132
238,0.661487,2.56512,-0.385132
245,2.48349,2.66284,1.84348
238,2.48349,2.66284,1.84348
245,2.34316,2.85786,1.80479
238,2.34316,2.85786,1.80479
245,-0.199206,2.71304,1.3981
238,-0.199206,2.71304,1.3981
245,0.653812,2.62382,-0.229564
238,0.653812,2.62382,-0.229564
245,1.81053,1.87934,1.08258
238,1.81053,1.87934,1.08258
245,1.95891,2.0477,1.67124
238,1.95891,2.0477,1.67124
245,-0.271931,2.74995,1.69647
238,-0.271931,2.74995,1.69647
245,2.12305,1.84952,1.29022
238,2.12305,1.84952,1.29022
245,2.16415,2.80947,1.71411
237,2.16415,2.80947,1.71411
245,1.61154,2.61491,-0.521989
237,1.61154,2.61491,-0.521989
245,0.623549,2.56046,-0.111148
237,0.623549,2.56046,-0.111148
245,2.26727,1.84068,1.27165
234,2.26727,1.84068,1.27165
245,2.47726,1.41693,1.24065
234,2.47726,1.41693,1.24065
245,-0.172402,2.78268,1.38535
240,-0.172402,2.78268,1.38535
245,1.58846,2.78992,1.25875
232,1.58846,2.78992,1.25875
245,2.07505,1.97945,1.30787
232,2.07505,1.97945,1.30787
245,2.07425,1.88241,1.29806
232,2.07425,1.88241,1.29806
246,1.39462,0.115682,0.998116
246,1.14633,0.651606,0.537472
246,1.15588,0.66025,0.55779
246,1.13621,0.665481,0.598177
246,1.00203,1.0955,0.265709
246,1.0022,1.10371,0.291732
246,1.003,1.10616,0.308705
246,1.00139,1.1088,0.321986
246,1.00223,1.10892,0.320961
246,0.985259,1.10564,0.276336
246,0.984514,1.10824,0.306845
246,0.983978,1.11011,0.319564
246,1.04106,1.11448,0.306459
246,1.01691,1.11814,0.330963
246,0.986541,1.11681,0.334767
246,1.0035,1.12048,0.365761
246,0.998279,1.13111,0.434832
246,0.983375,1.13937,0.412594
246,1.99063,1.28794,1.19433
246,2.37608,1.81128,1.27508
246,2.37628,1.81423,1.27673
246,1.80093,1.89099,1.25378
246,1.84062,1.9169,1.25646
246,1.81584,1.92676,1.25762
246,0.201455,2.07823,1.32827
246,-0.327594,2.28888,1.72583
246,-0.170579,2.33543,1.89803
246,-0.183533,2.31231,1.33852
246,-0.218147,2.38344,1.77383
246,-0.204973,2.38723,1.77192
246,2.67372,2.60547,1.82747
246,-0.293679,2.42275,1.76221
246,-0.428238,2.43224,1.76562
246,-0.240061,2.44466,1.76961
246,2.67837,2.63712,1.83022
246,2.71917,2.66133,1.93778
246,-0.216043,2.37317,0.300585
246,-0.3475,2.48552,1.80571
246,-0.249722,2.5209,2.02377
246,-0.197435,2.40716,0.305798
246,2.73147,2.71318,1.95039
246,-0.24939,2.51237,1.73849
246,-0.263061,2.51742,1.75024
246,-0.261828,2.42669,0.289016
246,2.84626,2.74765,1.98794
246,2.60218,2.75347,2.17729
246,-0.249521,2.44209,0.274537
246,-0.230707,2.44432,0.272782
246,-0.234241,2.45372,0.283013
246,-0.25471,2.45425,0.287672
246,-0.235631,2.46197,0.281446
246,-0.225823,2.4756,0.372395
246,-0.202024,2.47375,0.266542
246,-0.210898,2.47417,0.279302
246,2.83693,2.80133,2.00663
246,2.78241,2.80405,1.97769
246,2.39824,2.79589,2.02635
246,-0.189659,2.52119,0.268797
246,2.89573,2.84157,2.02321
246,-0.147178,2.53862,0.457161
246,2.46938,2.81196,1.98253
246,2.85644,2.85284,2.01206
246,2.46637,2.82837,2.00038
246,2.45219,2.81495,1.79264
246,3.01664,2.86548,1.99057
246,2.3329,2.82681,2.01749
246,0.421839,2.53468,-0.444706
246,0.346652,2.53547,-0.448645
246,0.347169,2.53364,-0.476138
246,3.36502,2.91112,2.17257
246,0.722519,2.55891,-0.470948
246,2.96464,2.85943,1.77122
246,0.602874,2.55309,-0.473732
246,0.418075,2.54605,-0.412575
246,2.34269,2.83973,2.03432
246,2.95907,2.88058,2.02913
246,2.40673,2.84629,2.0286
246,2.70008,2.8657,1.99652
246,0.479652,2.5586,-0.387276
246,3.31921,2.92024,2.18949
246,2.58995,2.86135,2.01072
246,0.350195,2.54319,-0.522342
246,2.34321,2.85009,2.04419
246,0.763372,2.57802,-0.440802
246,0.540983,2.57311,-0.324736
246,0.555114,2.56961,-0.394735
246,2.49046,2.86033,2.00695
246,3.36954,2.93041,2.20158
246,0.422461,2.56069,-0.419433
246,0.661962,2.57684,-0.416119
246,2.96418,2.89367,2.03002
246,0.476283,2.56939,-0.354443
246,0.475488,2.57208,-0.327167
246,0.59509,2.58091,-0.325845
246,0.330505,2.55308,-0.486763
246,0.329424,2.55642,-0.459838
246,2.3728,2.81882,1.4219
246,0.504712,2.568,-0.485967
246,2.53811,2.87188,2.01469
246,0.713184,2.59602,-0.289298
246,0.481785,2.58216,-0.293283
246,0.437888,2.5709,-0.423639
246,0.418091,2.57426,-0.357377
246,0.438899,2.56723,-0.48873
246,2.95773,2.90408,2.04448
246,0.67392,2.58884,-0.398409
246,2.40723,2.8683,2.02904
246,3.37786,2.94136,2.18425
246,0.436822,2.57437,-0.396678
246,0.472684,2.58065,-0.357857
246,0.549839,2.58778,-0.334746
246,0.662008,2.6084,-0.14229
246,0.750313,2.59917,-0.365377
246,0.414728,2.58514,-0.268858
246,0.481642,2.58854,-0.303702
246,0.335665,2.56511,-0.507786
246,2.88392,2.90474,2.03225
246,0.710566,2.60682,-0.265465
246,0.476315,2.60044,-0.148653
246,2.55098,2.88392,2.01887
246,0.498765,2.58788,-0.361917
246,2.4174,2.88924,2.20822
246,2.40535,2.87654,2.03416
246,2.41185,2.87711,2.03431
246,0.46637,2.57987,-0.464995
246,0.618818,2.59765,-0.361018
246,2.55008,2.887,2.02536
246,2.40743,2.83749,1.43849
246,0.747944,2.60919,-0.331788
246,3.04333,2.92331,2.08183
246,0.717526,2.61672,-0.221558
246,2.41917,2.88177,2.02998
246,2.40889,2.84044,1.42791
246,0.561573,2.59948,-0.345244
246,3.16774,2.932,2.03081
246,2.48459,2.88779,2.00543
246,0.487537,2.60653,-0.219299
246,0.661037,2.61626,-0.242855
246,3.01519,2.9288,2.08404
246,0.67036,2.61708,-0.271546
246,3.33452,2.96082,2.22493
246,2.41731,2.88914,2.03465
246,2.41662,2.84734,1.43082
246,0.706755,2.6226,-0.233987
246,0.7436,2.62655,-0.21683
246,2.45628,2.84981,1.41849
246,0.710543,2.60988,-0.468341
246,0.370006,2.60516,-0.221688
246,2.56522,2.90184,2.02123
246,2.41679,2.85383,1.43794
246,2.48896,2.89895,2.01482
246,2.43835,2.89695,2.022
246,0.651315,2.6238,-0.276817
246,0.471882,2.61376,-0.256167
246,2.42385,2.85692,1.44615
246,3.17386,2.94556,2.03174
246,0.662642,2.63194,-0.176283
246,0.693007,2.73898,1.34089
246,2.89551,2.92895,2.04268
246,0.378095,2.60885,-0.258069
246,3.11241,2.94403,2.05405
246,0.666553,2.63183,-0.210635
246,0.676589,2.63003,-0.247926
246,2.5841,2.91174,2.01278
246,2.9389,2.93747,2.0431
246,2.42089,2.8643,1.42667
246,2.56311,2.91537,2.02511
246,0.557196,2.62029,-0.383832
246,3.02138,2.94727,2.05902
246,0.434696,2.62926,-0.149788
246,2.43451,2.8661,1.42057
246,2.428,2.86712,1.43228
246,0.592865,2.63536,-0.2285
246,0.686705,2.74999,1.3363
246,0.367235,2.61636,-0.302312
246,3.02168,2.95157,2.07634
246,2.44063,2.91107,2.02678
246,0.703977,2.63604,-0.344165
246,2.4413,2.91051,2.00674
246,0.554656,2.62918,-0.323492
246,0.419961,2.62372,-0.30322
246,2.44229,2.91498,2.02046
246,0.590077,2.64539,-0.165939
246,0.325443,2.622,-0.265778
246,3.11944,2.9754,2.21343
246,0.521375,2.6462,-0.152767
246,0.324287,2.61932,-0.375222
246,0.742006,2.65497,-0.247021
246,0.36056,2.63685,-0.185749
246,0.740913,2.65941,-0.220996
246,2.39239,2.88293,1.43189
246,3.17338,2.97376,2.01369
246,3.18809,2.98983,2.23087
246,3.16395,2.97606,2.04217
246,3.04652,2.97036,2.06687
246,3.07987,2.9711,2.03187
246,0.611707,2.65947,-0.1949
246,3.09863,2.97505,2.06073
246,3.21566,2.96671,1.82547
246,3.0395,2.95349,1.79567
246,0.412282,2.64793,-0.187976
246,0.344688,2.64186,-0.230241
246,3.07232,2.97423,2.03482
246,0.590554,2.65421,-0.295028
246,3.05568,2.95926,1.79715
246,0.410164,2.65455,-0.162661
246,3.01035,2.97668,2.06934
246,3.18156,2.97155,1.82241
246,0.532189,2.66432,-0.23157
246,3.06008,2.96757,1.79931
246,3.08324,2.9858,2.03198
246,3.18346,2.99822,2.05326
246,2.58064,2.96246,2.02984
246,2.69903,2.98415,2.04979
246,3.14799,3.01331,2.05493
246,3.19495,3.01512,2.02536
246,3.19871,3.00536,1.86522
246,2.70254,2.99173,2.04455
246,3.26383,3.03057,2.05383
246,3.25811,3.03069,2.04421
246,2.59249,2.9795,1.91898
246,3.19978,3.03186,2.07091
246,3.18346,3.04379,2.23976
246,3.18304,3.04638,2.2535
246,3.20465,3.03713,2.04023
246,3.27379,3.04228,2.0496
246,3.21905,3.03843,2.03515
246,3.21238,3.05315,2.06725
246,3.21286,3.05242,2.05178
246,2.70569,3.02169,2.0515
246,3.20999,3.04853,1.83389
246,2.66197,3.03019,2.05466
246,3.17291,3.05431,1.83322
246,3.27614,3.07992,1.86281
246,2.73238,3.08686,2.07518
246,1.61691,2.97459,1.30921
246,1.61397,2.97848,1.31862
246,1.63451,2.98857,1.31988
246,1.60065,2.85478,-0.637715
246,3.33507,3.16391,2.0923
246,1.63544,2.87007,-0.60811
246,2.36777,3.13413,2.13103
246,2.54591,3.15063,2.10067
246,3.09763,3.21941,2.31007
246,3.10747,3.22873,2.32711
246,2.39492,3.19691,2.14937
246,3.13124,3.28752,2.34629
246,2.41472,3.2673,2.16943
246,2.361,3.24574,1.53038
246,2.5777,4.39546,1.65218
246,4.19103,4.87922,1.73978
246,0.707347,2.61418,-0.273113
245,0.707347,2.61418,-0.273113
246,0.694587,2.75299,1.33648
245,0.694587,2.75299,1.33648
246,1.27694,0.0923201,0.828487
245,1.27694,0.0923201,0.828487
246,2.22753,2.53938,1.91492
245,2.22753,2.53938,1.91492
246,2.30749,3.25774,1.76708
245,2.30749,3.25774,1.76708
246,0.142078,2.01389,1.221
244,0.142078,2.01389,1.221
246,2.44635,1.685,1.26157
244,2.44635,1.685,1.26157
246,2.40169,1.53691,1.24533
244,2.40169,1.53691,1.24533
246,0.657171,2.70633,-0.417659
57,0.657171,2.70633,-0.417659
246,-0.19626,2.62473,0.46331
57,-0.19626,2.62473,0.46331
246,0.590205,2.65079,-0.165636
57,0.590205,2.65079,-0.165636
246,2.68361,2.97835,1.83319
240,2.68361,2.97835,1.83319
246,-0.187363,2.75561,1.37883
240,-0.187363,2.75561,1.37883
246,-0.603011,2.6383,2.05412
240,-0.603011,2.6383,2.05412
246,2.2835,2.74602,1.73471
240,2.2835,2.74602,1.73471
246,-0.23691,2.79194,1.40677
240,-0.23691,2.79194,1.40677
246,-0.602395,2.65,2.06093
240,-0.602395,2.65,2.06093
246,-0.309374,2.50837,1.26121
240,-0.309374,2.50837,1.26121
246,-0.273322,2.51132,0.38446
240,-0.273322,2.51132,0.38446
246,2.27844,2.69421,2.12944
239,2.27844,2.69421,2.12944
246,2.75441,2.94211,1.88551
239,2.75441,2.94211,1.88551
246,2.29452,2.7426,2.14826
239,2.29452,2.7426,2.14826
246,-0.287749,2.75038,1.39854
239,-0.287749,2.75038,1.39854
246,2.90664,2.94132,2.231
239,2.90664,2.94132,2.231
246,-0.234646,2.59406,0.897599
239,-0.234646,2.59406,0.897599
246,-0.184429,2.60512,0.379599
239,-0.184429,2.60512,0.379599
246,-0.2241,2.64469,0.520752
239,-0.2241,2.64469,0.520752
246,2.55075,1.78286,1.28004
237,2.55075,1.78286,1.28004
246,0.368977,2.58701,-0.286612
160,0.368977,2.58701,-0.286612
247,1.97039,1.11188,1.14703
247,0.981588,1.07327,0.281156
247,1.02769,1.06439,0.213081
247,0.999265,1.06489,0.193149
247,0.993228,1.09618,0.323388
247,1.02087,1.10735,0.348929
247,0.994093,1.07402,0.187968
247,1.86451,1.94107,1.25284
247,1.79888,1.92055,1.16062
247,2.3374,2.07812,1.30985
247,0.161723,2.17244,1.30457
247,-0.0820365,2.36315,1.48111
247,0.182931,1.94335,-0.590878
247,0.0911165,1.9574,-0.52867
247,-0.29868,2.47868,1.12618
247,-0.303287,2.48393,1.13167
247,-0.211812,2.31255,0.310827
247,-0.204979,2.31333,0.303412
247,0.230248,2.16131,-0.672451
247,-0.217865,2.34429,0.286804
247,-0.199157,2.40004,0.304803
247,-0.157864,2.56246,0.497629
247,1.62012,3.04957,1.33053
247,0.687684,2.49476,-0.566712
247,0.487523,2.4837,-0.594623
247,0.752483,2.58566,-0.34476
247,0.601039,2.55772,-0.373965
247,0.757527,2.60139,-0.33339
247,0.755965,2.60881,-0.327785
247,0.70546,2.63261,-0.216067
247,0.747144,2.57924,-0.466444
247,0.556702,2.62816,-0.163805
247,0.527608,2.61306,-0.210742
247,0.567149,2.54094,-0.538835
247,0.548757,2.63124,-0.165426
247,0.474134,2.58434,-0.328779
247,0.342668,2.52666,-0.497298
247,0.753745,2.59576,-0.452063
247,0.465952,2.61363,-0.21525
247,0.341151,2.53177,-0.489056
247,0.611353,2.61571,-0.311466
247,0.593444,2.53699,-0.639554
247,0.330846,2.58854,-0.282069
247,0.439028,2.63962,-0.142095
247,0.329257,2.5936,-0.27678
247,0.601425,2.66032,-0.163764
247,0.436308,2.64971,-0.124653
247,0.676257,2.59571,-0.490896
247,0.426245,2.63998,-0.169415
247,0.64616,2.5644,-0.608879
247,0.331903,2.60259,-0.277131
247,0.523143,2.56601,-0.541937
247,0.431044,2.59542,-0.368107
247,0.732078,2.68154,-0.189951
247,0.658506,2.5635,-0.633604
247,0.330429,2.61308,-0.254622
247,0.321548,2.60643,-0.288278
247,0.360197,2.57826,-0.430956
247,0.338929,2.5636,-0.484251
247,0.454355,2.59678,-0.418611
247,0.417881,2.65208,-0.173155
247,0.405028,2.65317,-0.174398
247,0.329235,2.5655,-0.495013
247,0.354635,2.65177,-0.202861
247,0.317141,2.61074,-0.380128
247,0.688022,2.59874,-0.6727
247,0.361932,2.6787,-0.160522
247,1.66851,3.24729,1.37013
247,-0.779721,2.73497,0.198205
247,-1.08171,2.82932,0.15571
247,-0.127176,2.6207,1.35438
245,-0.127176,2.6207,1.35438
247,-0.086358,2.59388,1.35727
245,-0.086358,2.59388,1.35727
247,-0.293463,2.86345,1.32236
245,-0.293463,2.86345,1.32236
247,-0.184978,2.61517,1.06405
245,-0.184978,2.61517,1.06405
247,-0.139503,2.51791,0.464616
245,-0.139503,2.51791,0.464616
247,-0.218286,2.70187,1.30648
245,-0.218286,2.70187,1.30648
247,-0.0433192,2.34862,1.06067
245,-0.0433192,2.34862,1.06067
247,-0.13038,2.24554,0.328115
245,-0.13038,2.24554,0.328115
247,0.116979,2.05035,1.20692
244,0.116979,2.05035,1.20692
247,-0.291886,2.7805,0.111287
244,-0.291886,2.7805,0.111287
247,1.5898,3.1636,1.27328
244,1.5898,3.1636,1.27328
247,0.201954,1.63774,0.485956
244,0.201954,1.63774,0.485956
247,-0.614122,2.53462,0.225691
57,-0.614122,2.53462,0.225691
247,-0.595492,2.51284,0.239464
57,-0.595492,2.51284,0.239464
247,-0.56373,2.49599,0.242858
57,-0.56373,2.49599,0.242858
247,-0.550833,2.48454,0.252712
57,-0.550833,2.48454,0.252712
247,-0.240655,2.77179,1.31266
57,-0.240655,2.77179,1.31266
247,-0.578726,2.5661,0.218103
57,-0.578726,2.5661,0.218103
247,-0.609687,2.5267,0.231685
57,-0.609687,2.5267,0.231685
247,-0.549666,2.48077,0.252043
57,-0.549666,2.48077,0.252043
247,-0.415657,3.13919,1.40073
57,-0.415657,3.13919,1.40073
247,-0.60075,2.51626,0.238281
57,-0.60075,2.51626,0.238281
247,-0.14322,2.51625,1.31287
161,-0.14322,2.51625,1.31287
247,-1.07071,2.49772,0.260594
161,-1.07071,2.49772,0.260594
247,-0.948855,2.52462,0.444209
161,-0.948855,2.52462,0.444209
247,-1.06994,2.4952,0.267103
161,-1.06994,2.4952,0.267103
247,-0.111252,2.5544,1.3055
161,-0.111252,2.5544,1.3055
247,-0.111859,2.57707,1.31966
161,-0.111859,2.57707,1.31966
247,-1.11016,2.57637,0.245069
161,-1.11016,2.57637,0.245069
247,-1.05703,2.50082,0.302292
161,-1.05703,2.50082,0.302292
247,-1.05503,2.49493,0.306841
161,-1.05503,2.49493,0.306841
247,-0.253505,2.68573,1.33388
161,-0.253505,2.68573,1.33388
247,-0.107288,2.52767,1.30867
161,-0.107288,2.52767,1.30867
247,-0.137748,2.49595,1.31715
161,-0.137748,2.49595,1.31715
247,-0.22155,2.50707,0.354948
161,-0.22155,2.50707,0.354948
247,-0.194915,2.62471,1.29181
238,-0.194915,2.62471,1.29181
247,0.59126,2.61658,-0.226677
238,0.59126,2.61658,-0.226677
247,-0.237806,2.68225,1.00584
238,-0.237806,2.68225,1.00584
247,-0.188242,2.37807,0.309207
238,-0.188242,2.37807,0.309207
247,-0.241809,2.69964,0.408123
238,-0.241809,2.69964,0.408123
247,-0.392988,2.15721,0.318606
243,-0.392988,2.15721,0.318606
247,-0.402454,2.17092,0.313219
243,-0.402454,2.17092,0.313219
247,-0.0962045,2.43583,0.387263
237,-0.0962045,2.43583,0.387263
247,0.679122,2.61581,-0.298154
160,0.679122,2.61581,-0.298154
247,-0.997375,2.50512,0.297744
160,-0.997375,2.50512,0.297744
247,-0.333714,2.61254,0.260674
240,-0.333714,2.61254,0.260674
247,-0.311917,2.49364,0.257751
240,-0.311917,2.49364,0.257751
248,1.20849,0.370565,0.61765
248,1.2066,0.346645,0.554831
248,1.14791,0.57288,0.465575
248,0.97667,0.654009,0.0823293
248,0.748081,0.682294,0.118149
248,0.787131,0.627282,-0.158351
248,0.91519,0.765423,0.0139617
248,1.52437,0.914334,0.0251212
248,1.04838,0.944045,0.217512
248,0.986469,0.965336,0.264648
248,1.00518,1.01985,0.334499
248,1.01595,1.03306,0.349473
248,1.00478,1.00533,0.285356
248,0.983338,1.0406,0.320583
248,0.988473,1.02004,0.264736
248,0.965829,1.12177,0.315777
248,0.96619,1.10288,0.260161
248,0.987327,1.14774,0.339817
248,0.97201,1.07983,0.206315
248,0.978345,1.11188,0.266195
248,0.993299,1.11018,0.226553
248,1.47559,0.924888,-0.456703
248,1.56246,1.16799,-0.145765
248,1.53674,1.1663,-0.147428
248,0.144792,0.668479,-0.566392
248,1.62759,0.98188,-0.575284
248,1.63119,1.00363,-0.59817
248,1.68417,1.04414,-0.603532
248,-0.00584948,0.730149,-0.520507
248,0.00527382,0.743792,-0.532209
248,1.39297,1.05802,-0.500077
248,-0.0184317,0.779512,-0.479932
248,1.47482,1.06004,-0.561676
248,1.62654,1.05755,-0.650955
248,-0.0277488,0.756269,-0.552453
248,-0.0311887,0.755871,-0.552117
248,1.42828,1.07965,-0.542954
248,-0.0360723,0.764758,-0.555306
248,-0.0369741,0.791201,-0.506791
248,1.49049,1.08842,-0.572867
248,1.43098,1.09397,-0.567367
248,1.16332,1.10979,-0.427026
248,1.47726,1.10248,-0.60189
248,2.14575,1.38837,-0.324759
248,0.0831763,0.785448,-0.651961
248,1.67088,1.12188,-0.688716
248,1.67961,1.13019,-0.68984
248,1.22533,1.1382,-0.49949
248,0.758257,1.16574,-0.253999
248,0.443438,1.12192,-0.210144
248,1.43468,1.14362,-0.603006
248,1.68219,1.14682,-0.706792
248,1.51265,1.16473,-0.612525
248,0.415014,1.14457,-0.229055
248,1.56068,1.17783,-0.677407
248,0.023206,0.844462,-0.717494
248,1.34848,1.22901,-0.613149
248,1.5566,1.23886,-0.717994
248,1.12787,1.2455,-0.524038
248,1.54725,1.23626,-0.734777
248,0.736412,1.2825,-0.32811
248,1.54683,1.2518,-0.746172
248,1.09939,1.28544,-0.549578
248,0.584457,1.34406,-0.22318
248,1.5602,1.28593,-0.75328
248,1.10277,1.27447,-0.599206
248,1.57232,1.2908,-0.793299
248,0.221874,1.6465,0.431363
248,-0.0461968,0.951135,-0.834198
248,1.33089,1.33378,-0.701776
248,0.728242,1.35122,-0.435907
248,-0.133226,0.998592,-0.80995
248,1.23045,1.37228,-0.659975
248,1.08928,1.36438,-0.632688
248,0.383592,1.42983,-0.213308
248,1.5494,1.37865,-0.818306
248,-0.169832,1.02051,-0.848484
248,1.3869,1.39258,-0.771628
248,-0.0989242,1.03388,-0.861192
248,0.398954,1.18906,-0.782853
248,1.39156,1.41262,-0.794872
248,1.21419,1.43323,-0.684705
248,1.4312,1.43406,-0.80101
248,0.701073,1.45205,-0.496356
248,0.696208,1.44952,-0.507634
248,1.06617,1.42461,-0.740308
248,1.00516,1.50145,-0.571275
248,1.05827,1.43893,-0.741338
248,0.330413,1.52373,-0.269073
248,1.06512,1.4377,-0.754632
248,1.06065,1.45216,-0.73257
248,-0.163241,1.10388,-0.950713
248,0.13814,1.85547,0.391297
248,1.15124,1.50331,-0.744504
248,1.14482,1.52054,-0.753791
248,0.30042,1.59401,-0.306355
248,0.100758,1.90682,0.388703
248,0.106743,1.91155,0.388182
248,-0.366478,1.21053,-0.865564
248,0.0666803,1.97621,0.397239
248,-0.392842,1.22823,-0.894052
248,0.952409,1.62788,-0.697792
248,0.262408,1.66462,-0.354051
248,-0.415544,1.24883,-0.912683
248,1.46225,1.61741,-1.00038
248,-0.390331,1.25431,-0.955112
248,-0.426927,1.30033,-0.97892
248,0.872784,1.73316,-0.732782
248,-0.450338,1.31649,-1.02442
248,1.39281,1.70229,-1.0651
248,1.31968,1.72721,-1.00565
248,1.44472,1.73558,-1.08127
248,-0.00791061,2.27669,0.605964
248,-0.507111,1.42467,-0.895296
248,-0.0282907,2.29075,0.594026
248,1.31792,1.76139,-1.04352
248,0.993197,1.84394,-0.760968
248,1.01706,1.81439,-0.837736
248,-0.481697,1.42056,-0.990231
248,-0.0100596,2.27533,0.490566
248,-0.485505,1.43268,-0.993852
248,-0.0416265,2.31633,0.561504
248,-0.0419775,2.3318,0.591433
248,-0.0250864,2.29901,0.518878
248,-0.471339,1.43057,-1.03874
248,0.98775,1.8762,-0.78291
248,1.00768,1.84492,-0.8717
248,1.01972,1.89513,-0.790881
248,1.64844,2.06231,-0.768355
248,-0.0398452,2.33169,0.480203
248,-0.546376,1.45755,-1.05606
248,0.776434,2.09193,-0.374511
248,0.817844,2.16736,-0.274965
248,-0.565354,1.5179,-1.06177
248,-0.609844,1.56378,-0.976858
248,0.818071,2.32173,-0.12922
248,0.805076,2.33003,-0.123578
248,-0.626113,1.58521,-1.0096
248,0.806824,2.26365,-0.317666
248,0.712709,2.35642,-0.124359
248,0.790853,2.3295,-0.225816
248,0.739495,2.40809,-0.0652286
248,0.813273,2.24284,-0.430407
248,0.630556,2.211,-0.420912
248,0.597684,2.36516,-0.131136
248,0.778781,2.38107,-0.189034
248,0.777322,2.28903,-0.389522
248,0.726624,2.4364,-0.088932
248,-0.690109,1.6472,-1.07004
248,0.723554,2.31739,-0.358076
248,0.499048,2.05863,-0.787129
248,0.783994,2.37362,-0.306655
248,0.769407,2.32446,-0.399192
248,0.500784,2.07476,-0.781488
248,0.697393,2.4779,-0.0710942
248,0.784517,2.32757,-0.411032
248,0.57076,2.35824,-0.270141
248,0.721819,2.2989,-0.454233
248,0.539847,2.34008,-0.301703
248,0.725051,2.42023,-0.221808
248,0.588987,2.45724,-0.0972726
248,0.793238,2.34023,-0.421019
248,0.736341,2.37654,-0.331568
248,0.774147,2.44278,-0.218313
248,0.6247,2.35897,-0.329082
248,0.681449,2.35092,-0.384594
248,0.609903,2.41674,-0.22469
248,0.73672,2.35007,-0.436503
248,-0.754444,1.70021,-1.12354
248,0.678691,2.52075,-0.114021
248,0.783067,2.38829,-0.441114
248,1.67159,2.34985,-0.974285
248,0.669045,2.55733,-0.139063
248,0.667563,2.37867,-0.510464
248,0.747473,2.43705,-0.461347
248,0.495999,2.55076,-0.139526
248,0.414579,2.1752,-0.854584
248,0.71108,2.44866,-0.479962
248,0.945624,2.16875,-1.16235
248,-0.235077,2.67649,0.116104
248,0.565725,2.55308,-0.538691
248,0.460285,2.57348,-0.630765
248,0.387043,2.61873,-0.555669
248,0.503459,2.81739,-0.214914
248,0.363086,2.83614,-0.238431
248,0.636338,2.77162,-0.566392
248,0.601007,2.79598,-0.503937
248,0.483046,2.73077,-0.623098
248,0.494509,2.87277,-0.346774
248,0.456449,2.72819,-0.63691
248,0.397727,2.81527,-0.441582
248,0.411784,2.90327,-0.281992
248,0.542778,2.74392,-0.707822
248,0.472299,2.92554,-0.359164
248,0.298229,2.81379,-0.543529
248,-1.22011,2.0848,-1.39262
248,0.26484,2.77742,-0.660696
248,0.425993,2.8152,-0.676572
248,0.257719,2.79678,-0.678981
248,0.510006,2.83598,-0.764648
248,0.258275,2.825,-0.682817
248,0.213402,3.01832,-0.329098
248,0.23348,2.8338,-0.770239
248,0.887466,2.72698,-1.68447
248,0.907683,2.81261,-1.75095
248,-0.59955,3.91637,-1.74013
248,-0.695681,4.09126,-1.81921
248,0.861628,1.4621,-0.5759
244,0.861628,1.4621,-0.5759
248,0.887922,1.28401,-0.437731
244,0.887922,1.28401,-0.437731
248,0.317324,1.98386,-0.591107
244,0.317324,1.98386,-0.591107
248,0.861628,1.4621,-0.5759
244,0.861628,1.4621,-0.5759
248,0.268109,2.01437,-0.590987
244,0.268109,2.01437,-0.590987
248,0.271123,1.75417,-0.471446
244,0.271123,1.75417,-0.471446
248,0.548469,1.97985,-0.745351
244,0.548469,1.97985,-0.745351
248,0.478724,2.52952,-0.61403
244,0.478724,2.52952,-0.61403
248,-0.165348,2.54164,0.194551
244,-0.165348,2.54164,0.194551
248,0.43321,2.47798,-0.498371
244,0.43321,2.47798,-0.498371
248,0.457956,1.49163,-0.424927
244,0.457956,1.49163,-0.424927
248,0.271123,1.75417,-0.471446
244,0.271123,1.75417,-0.471446
248,0.756157,1.39589,-0.51353
244,0.756157,1.39589,-0.51353
248,1.61702,2.84369,-0.572652
244,1.61702,2.84369,-0.572652
248,0.686614,2.49287,-0.489927
244,0.686614,2.49287,-0.489927
248,2.30393,1.90213,-0.691356
244,2.30393,1.90213,-0.691356
248,0.697646,1.30102,-0.390765
244,0.697646,1.30102,-0.390765
248,0.590971,2.36915,-0.430179
244,0.590971,2.36915,-0.430179
248,0.0427095,2.13929,0.543021
244,0.0427095,2.13929,0.543021
248,2.3252,1.95646,-0.734153
244,2.3252,1.95646,-0.734153
248,-0.758047,2.2818,0.299928
244,-0.758047,2.2818,0.299928
248,-0.139762,2.47164,0.0937864
244,-0.139762,2.47164,0.0937864
248,0.43051,2.33507,-0.138363
244,0.43051,2.33507,-0.138363
248,-0.792044,2.31043,0.283564
244,-0.792044,2.31043,0.283564
248,1.88288,2.28876,-0.720611
244,1.88288,2.28876,-0.720611
248,1.02992,1.80881,-0.737208
244,1.02992,1.80881,-0.737208
248,1.02533,1.83681,-0.762643
244,1.02533,1.83681,-0.762643
248,0.775247,2.40014,-0.38865
244,0.775247,2.40014,-0.38865
248,-0.388708,1.77791,0.430148
244,-0.388708,1.77791,0.430148
248,0.375344,2.74452,-0.207474
244,0.375344,2.74452,-0.207474
248,1.57701,1.20871,-0.165247
244,1.57701,1.20871,-0.165247
248,0.711243,2.4785,-0.313108
245,0.711243,2.4785,-0.313108
248,0.477546,2.44827,-0.497688
245,0.477546,2.44827,-0.497688
248,0.733107,2.27628,-0.432437
245,0.733107,2.27628,-0.432437
248,0.70572,2.69473,-0.184911
245,0.70572,2.69473,-0.184911
248,0.445263,2.67225,-0.455137
245,0.445263,2.67225,-0.455137
248,0.361732,2.58402,-0.162382
245,0.361732,2.58402,-0.162382
248,0.419158,2.3976,-0.144163
245,0.419158,2.3976,-0.144163
248,0.756912,0.807953,-0.509781
243,0.756912,0.807953,-0.509781
248,0.720055,0.925825,-0.612748
243,0.720055,0.925825,-0.612748
248,0.846473,0.887641,-0.460258
243,0.846473,0.887641,-0.460258
248,1.25454,1.33584,-0.633008
243,1.25454,1.33584,-0.633008
248,0.835885,0.919421,-0.491026
243,0.835885,0.919421,-0.491026
248,-0.0874218,2.38456,0.501364
243,-0.0874218,2.38456,0.501364
248,-0.227326,1.57699,-0.672935
243,-0.227326,1.57699,-0.672935
248,-0.556929,2.42592,0.241212
243,-0.556929,2.42592,0.241212
248,0.701145,1.26263,-0.861035
243,0.701145,1.26263,-0.861035
248,-1.09891,1.96335,-0.629374
243,-1.09891,1.96335,-0.629374
248,-0.0889913,1.75257,-0.701785
243,-0.0889913,1.75257,-0.701785
248,1.44501,1.74255,-0.66517
243,1.44501,1.74255,-0.66517
248,-0.835967,2.38209,0.285124
243,-0.835967,2.38209,0.285124
248,0.671235,1.63005,-0.622007
242,0.671235,1.63005,-0.622007
248,0.78028,1.66417,-0.610468
242,0.78028,1.66417,-0.610468
248,1.21729,1.36275,-0.623708
242,1.21729,1.36275,-0.623708
248,0.027242,2.29917,-0.637982
242,0.027242,2.29917,-0.637982
248,-0.00261172,2.17725,-0.597964
242,-0.00261172,2.17725,-0.597964
248,0.675566,1.22052,-0.837073
242,0.675566,1.22052,-0.837073
248,-0.0999661,1.52211,-0.573653
242,-0.0999661,1.52211,-0.573653
248,0.0396973,2.03694,-0.601137
242,0.0396973,2.03694,-0.601137
248,1.68549,1.28344,-0.725927
242,1.68549,1.28344,-0.725927
248,1.90919,1.89174,-0.53717
242,1.90919,1.89174,-0.53717
248,-1.07127,1.93922,-0.606658
242,-1.07127,1.93922,-0.606658
248,-1.036,1.89923,-0.580807
242,-1.036,1.89923,-0.580807
248,0.490857,2.85415,-0.472207
57,0.490857,2.85415,-0.472207
248,-0.624339,2.54267,0.221946
57,-0.624339,2.54267,0.221946
248,-0.878941,2.4324,0.28141
57,-0.878941,2.4324,0.28141
248,0.321044,2.47783,-0.603842
5,0.321044,2.47783,-0.603842
248,0.25796,2.02775,-0.607212
5,0.25796,2.02775,-0.607212
248,0.232634,2.05615,-0.653259
5,0.232634,2.05615,-0.653259
248,1.04631,1.73761,-0.674686
237,1.04631,1.73761,-0.674686
248,0.689419,1.72075,-0.703491
237,0.689419,1.72075,-0.703491
248,0.367825,2.05699,-0.671625
237,0.367825,2.05699,-0.671625
248,0.757021,1.57518,-0.612381
237,0.757021,1.57518,-0.612381
248,0.211995,1.76329,-0.482365
237,0.211995,1.76329,-0.482365
248,0.860784,1.58639,-0.601759
237,0.860784,1.58639,-0.601759
248,1.04166,1.72953,-0.636185
237,1.04166,1.72953,-0.636185
248,0.0243809,1.9592,-0.668363
237,0.0243809,1.9592,-0.668363
248,0.380578,1.67612,-0.551411
237,0.380578,1.67612,-0.551411
248,2.23322,1.72555,-0.619745
237,2.23322,1.72555,-0.619745
248,2.2366,1.74108,-0.633981
237,2.2366,1.74108,-0.633981
248,0.503522,2.40157,-0.228057
3,0.503522,2.40157,-0.228057
248,0.534345,2.94871,-0.588761
3,0.534345,2.94871,-0.588761
248,-1.02831,2.75222,0.208768
3,-1.02831,2.75222,0.208768
249,0.840532,-0.0267881,0.183097
249,1.08888,0.287868,-0.284033
249,0.320369,0.286547,0.0385111
249,0.320017,0.28934,0.036253
249,1.19722,0.353332,-0.280688
249,1.19747,0.35479,-0.280503
249,1.67567,0.528129,-0.266913
249,1.39528,0.434009,-0.286475
249,1.43524,0.468393,-0.292517
249,1.32153,0.447198,-0.28202
249,1.32355,0.449086,-0.280828
249,1.32281,0.449214,-0.282912
249,1.38585,0.487734,-0.275165
249,1.40829,0.505315,-0.287197
249,1.52571,0.557984,-0.278958
249,1.47517,0.547073,-0.279117
249,1.5299,0.561753,-0.284097
249,1.53077,0.561061,-0.285531
249,1.52563,0.562337,-0.283302
249,1.4773,0.550997,-0.283179
249,1.79531,0.800091,-0.638638
249,0.865482,0.503716,-0.633671
249,1.97042,0.882424,-0.631771
249,0.862256,0.511707,-0.643684
249,1.8715,0.859478,-0.630331
249,1.91682,0.924352,-0.653866
249,1.14443,0.674191,-0.649654
249,2.08709,0.996056,-0.63978
249,2.09639,0.998289,-0.647574
249,2.10083,1.00318,-0.64785
249,1.83695,0.916122,-0.659706
249,1.80423,0.91361,-0.650727
249,1.83947,0.920307,-0.664139
249,1.83734,0.920551,-0.665473
249,1.86576,0.953107,-0.640736
249,1.87931,0.951122,-0.657247
249,1.87441,0.951791,-0.654557
249,1.85846,0.974748,-0.634315
249,1.76186,0.952093,-0.63618
249,1.96131,1.01026,-0.655699
249,0.489788,0.724441,-0.393584
249,1.78486,0.978547,-0.642651
249,0.797574,0.650971,-0.658298
249,0.797948,0.652153,-0.657174
249,1.71083,0.968402,-0.641146
249,0.796754,0.654469,-0.662958
249,1.72566,0.958569,-0.665332
249,1.70968,0.968994,-0.646602
249,1.70989,0.973088,-0.650311
249,2.26291,1.15971,-0.643262
249,1.13953,0.792001,-0.654147
249,1.72086,0.983554,-0.658867
249,0.79041,0.666966,-0.675796
249,1.67403,0.997095,-0.639846
249,1.14452,0.823653,-0.643744
249,1.69106,0.985647,-0.67429
249,1.14509,0.826048,-0.648727
249,1.4236,0.9072,-0.664541
249,1.38951,0.907201,-0.649906
249,1.65548,0.996736,-0.652594
249,1.08977,0.856291,-0.630899
249,1.63152,1.02151,-0.655472
249,1.5586,1.00929,-0.641997
249,0.396211,0.643463,-0.642354
249,1.80107,1.94743,0.539469
249,0.393325,0.653531,-0.64404
249,1.50541,1.00997,-0.666089
249,1.50128,1.01492,-0.658642
249,1.80446,1.9834,0.546495
249,1.50056,1.04392,-0.637723
249,1.10352,0.909289,-0.648504
249,1.69833,1.09712,-0.665797
249,1.17179,0.943314,-0.645973
249,1.51466,1.05357,-0.655808
249,1.51501,1.05549,-0.654087
249,2.01253,1.22972,-0.646697
249,1.50664,1.05996,-0.657013
249,1.50476,1.06263,-0.660632
249,2.00526,1.23334,-0.653431
249,1.76787,1.16371,-0.649608
249,1.65455,1.14992,-0.618051
249,1.17975,0.979328,-0.64172
249,1.65889,1.13516,-0.644402
249,1.65603,1.14153,-0.649778
249,1.46551,1.09673,-0.632412
249,1.36006,1.05826,-0.641887
249,1.52915,1.1196,-0.643245
249,0.683908,0.847508,-0.643486
249,1.56489,1.15175,-0.644845
249,1.58363,1.17114,-0.628927
249,1.56064,1.15694,-0.645523
249,1.53647,1.14992,-0.667439
249,1.47345,1.13737,-0.662032
249,1.58609,1.17725,-0.661893
249,1.8462,1.29655,-0.635084
249,1.39731,1.15153,-0.634854
249,1.85198,1.30137,-0.640784
249,1.4971,1.18814,-0.639604
249,1.84486,1.30299,-0.64117
249,1.42536,1.1645,-0.644542
249,1.49658,1.18972,-0.651684
249,1.37058,1.15921,-0.639646
249,0.694751,0.934239,-0.656117
249,1.37181,1.16367,-0.646905
249,1.37289,1.17343,-0.652633
249,2.10281,1.41469,-0.652504
249,1.36691,1.19087,-0.641518
249,1.35574,1.1905,-0.637485
249,1.45765,1.22568,-0.65235
249,0.757759,1.00299,-0.644302
249,0.0822637,0.778111,-0.655539
249,0.754324,1.00905,-0.646121
249,-0.100521,0.713905,-0.675101
249,0.071389,0.778547,-0.665871
249,0.862388,1.06332,-0.639728
249,0.0844694,0.799572,-0.65259
249,0.847588,1.0627,-0.635119
249,-0.106678,0.715074,-0.690817
249,0.0758349,0.80211,-0.661258
249,0.0822514,0.808571,-0.660069
249,0.869324,1.07385,-0.653129
249,0.517265,0.966431,-0.646092
249,0.865368,1.07693,-0.652236
249,1.69167,1.35535,-0.643265
249,0.516856,0.968595,-0.649434
249,1.33432,1.26272,-0.630272
249,1.34569,1.26785,-0.637172
249,0.131162,0.875267,-0.629328
249,0.506427,0.977545,-0.65942
249,0.840834,1.08264,-0.668062
249,0.0313678,0.846619,-0.642962
249,-0.0889246,0.811167,-0.649614
249,-0.118547,0.822299,-0.647643
249,-0.105464,0.824379,-0.663314
249,1.22482,1.27684,-0.6426
249,1.56138,1.40106,-0.627843
249,1.18695,1.28315,-0.640087
249,1.18753,1.29212,-0.640018
249,1.18357,1.28828,-0.64428
249,0.450851,1.07758,-0.615739
249,1.56934,1.4235,-0.660916
249,1.27184,1.33532,-0.651148
249,1.26532,1.34258,-0.646556
249,-0.176733,0.849771,-0.676513
249,1.21613,1.35096,-0.614517
249,1.55568,1.44269,-0.643177
249,0.503896,1.08759,-0.658022
249,1.27071,1.34063,-0.656045
249,1.16887,1.31454,-0.648322
249,1.56876,1.44768,-0.64655
249,1.03427,1.28739,-0.626419
249,1.49437,1.42048,-0.655799
249,1.49446,1.42151,-0.656656
249,1.2551,1.35522,-0.64244
249,1.22436,1.35042,-0.635274
249,0.445132,1.09919,-0.632482
249,2.03096,1.61139,-0.645357
249,0.458634,1.0811,-0.666273
249,0.437169,1.09218,-0.641042
249,1.09202,1.30576,-0.648117
249,1.04412,1.30177,-0.640653
249,0.437225,1.1042,-0.64154
249,1.2285,1.36092,-0.650758
249,1.58161,1.47212,-0.657695
249,-0.182528,0.90018,-0.651897
249,-0.0592194,0.940918,-0.659415
249,0.43879,1.12608,-0.632007
249,0.445316,1.13538,-0.639427
249,2.22686,1.73366,-0.630617
249,0.117114,1.00215,-0.700452
249,0.11421,1.0036,-0.69863
249,0.439764,1.14807,-0.653824
249,0.108965,1.00509,-0.706198
249,0.106274,1.00374,-0.707759
249,1.15656,1.4052,-0.627968
249,1.17403,1.41097,-0.634865
249,1.22767,1.44043,-0.627473
249,1.17904,1.41526,-0.642006
249,1.88453,1.64482,-0.655089
249,0.0875874,1.02062,-0.713979
249,0.0705383,1.01983,-0.729479
249,1.11552,1.42877,-0.638384
249,0.301731,1.09902,-0.73308
249,2.14391,1.77294,-0.647785
249,1.07006,1.42763,-0.641055
249,1.61751,1.59726,-0.656164
249,1.1156,1.43929,-0.650496
249,0.656567,1.30207,-0.641057
249,1.0087,1.4235,-0.638127
249,1.82771,1.69704,-0.641037
249,-0.261137,1.0344,-0.610276
249,0.656061,1.31129,-0.649575
249,1.82929,1.70097,-0.646283
249,1.00418,1.43639,-0.647968
249,1.00447,1.43961,-0.645631
249,0.970714,1.44859,-0.634973
249,0.361502,1.26723,-0.615208
249,1.32134,1.55176,-0.661109
249,1.06044,1.51564,-0.612642
249,1.3003,1.57681,-0.641915
249,1.16847,1.54813,-0.631256
249,0.268361,1.14667,-0.780948
249,0.0222957,1.07496,-0.78041
249,0.988262,1.49682,-0.634609
249,0.147943,1.21185,-0.653652
249,1.05299,1.52641,-0.637841
249,0.235051,1.26389,-0.63178
249,1.92127,1.89658,-0.52167
249,0.228954,1.27883,-0.641457
249,1.38205,1.66422,-0.637031
249,0.967703,1.57526,-0.584824
249,0.0200344,1.25622,-0.610272
249,-0.364393,1.14588,-0.617896
249,-0.341316,1.14343,-0.637315
249,1.83953,1.89461,-0.595873
249,-0.340624,1.15091,-0.643718
249,0.918375,1.56794,-0.642885
249,1.87824,1.90593,-0.621599
249,0.922076,1.57995,-0.646093
249,-0.372027,1.15969,-0.659033
249,1.8453,1.92059,-0.612221
249,-0.363986,1.16924,-0.6558
249,1.88456,1.91753,-0.642084
249,0.87645,1.59616,-0.63013
249,1.18918,1.68956,-0.645883
249,1.20803,1.69586,-0.648214
249,-0.00902915,1.29778,-0.648608
249,1.78804,1.88034,-0.668149
249,1.87912,1.92844,-0.642696
249,0.00481546,1.31387,-0.653489
249,1.85166,1.95588,-0.643542
249,1.65258,1.87657,-0.666004
249,0.250492,1.45354,-0.629208
249,0.684959,1.58615,-0.646196
249,0.566598,1.59714,-0.63782
249,0.568256,1.59711,-0.640689
249,0.103133,1.42598,-0.680705
249,0.553234,1.60476,-0.642402
249,0.134232,1.47943,-0.702011
249,0.0942584,1.526,-0.657764
249,-0.589431,1.32566,-0.631848
249,-0.550952,1.34225,-0.633371
249,0.58538,1.73141,-0.622447
249,-0.508979,1.33829,-0.673522
249,0.411622,1.67353,-0.632592
249,0.582105,1.7405,-0.624552
249,0.287984,1.66107,-0.64257
249,-0.463294,1.38961,-0.681751
249,0.277796,1.68028,-0.659944
249,0.281495,1.68043,-0.662051
249,0.151774,1.6687,-0.631331
249,-0.224186,1.52972,-0.654555
249,0.140905,1.67237,-0.641141
249,0.145918,1.67349,-0.642757
249,-0.152917,1.59187,-0.622606
249,0.117243,1.6844,-0.62278
249,-0.622234,1.45328,-0.642165
249,-0.172605,1.60525,-0.637473
249,0.112813,1.70436,-0.63502
249,-0.569421,1.46334,-0.66474
249,0.167206,1.7225,-0.642438
249,0.113993,1.7096,-0.63638
249,0.476847,1.83557,-0.633573
249,0.124187,1.70767,-0.651393
249,0.46506,1.8324,-0.634249
249,0.470497,1.83519,-0.633283
249,-0.575108,1.47157,-0.667385
249,-0.180866,1.62235,-0.658554
249,0.239829,1.78839,-0.627964
249,1.55352,2.80297,0.174963
249,0.311172,1.82506,-0.643891
249,-0.0568008,1.69565,-0.662212
249,-0.24211,1.62887,-0.674609
249,1.55923,2.82488,0.173611
249,-0.214116,1.64559,-0.670857
249,-0.603921,1.5058,-0.693739
249,1.56031,2.83221,0.174532
249,-0.585571,1.51517,-0.694886
249,0.54934,1.9305,-0.644094
249,-0.284288,2.2711,0.221352
249,-0.220256,1.65857,-0.677941
249,-0.229373,1.67005,-0.688005
249,0.275967,1.88545,-0.649255
249,0.39307,1.97717,-0.639062
249,-0.417129,1.76289,-0.575119
249,0.722384,2.76543,0.310523
249,0.186984,1.95794,-0.607925
249,0.00825655,1.88816,-0.627904
249,0.732739,2.73709,0.23317
249,0.986517,2.2084,-0.631125
249,0.377191,2.00548,-0.640109
249,0.380009,2.00523,-0.642369
249,0.47708,2.05043,-0.629637
249,0.98413,2.21601,-0.63748
249,0.318779,2.00958,-0.626631
249,0.724186,2.76246,0.226303
249,0.101569,1.98901,-0.591978
249,-0.455882,1.78979,-0.620852
249,-0.451749,1.79627,-0.614392
249,1.54545,2.89006,-0.0135676
249,-1.36687,2.1351,0.254298
249,0.26582,2.05944,-0.630823
249,-0.248726,1.905,-0.615219
249,0.06563,2.00703,-0.627089
249,0.534699,2.16295,-0.625311
249,0.609515,2.16947,-0.651835
249,0.222234,2.08269,-0.615057
249,0.208643,2.08961,-0.62709
249,0.644647,2.75154,0.103759
249,-0.258703,1.93158,-0.634974
249,0.618719,2.79208,0.159075
249,0.0311215,2.0562,-0.608528
249,-0.2474,1.94767,-0.638533
249,1.5974,2.84968,-0.235697
249,0.636806,2.78546,0.0995788
249,-0.991565,1.86393,-0.560797
249,-1.0049,1.8499,-0.575477
249,-0.181697,2.56385,0.0457713
249,-1.00429,1.86583,-0.569786
249,1.59679,2.72031,-0.569194
249,-1.00655,1.87247,-0.561389
249,0.529299,2.59256,-0.278571
249,-1.72656,1.95285,-0.165575
249,0.417039,2.32068,-0.641928
249,0.744226,2.64132,-0.346155
249,0.223657,2.28988,-0.615138
249,-0.219371,2.63127,0.0571216
249,-0.207599,2.61237,0.0153896
249,0.754437,2.60278,-0.463087
249,0.565488,2.53587,-0.474052
249,0.606632,2.49277,-0.558852
249,1.61049,2.81752,-0.56562
249,0.298651,2.39199,-0.558754
249,0.684952,2.57624,-0.490206
249,1.59927,2.79627,-0.604222
249,0.473746,2.55048,-0.467832
249,1.4674,3.06142,-0.210446
249,-0.108972,2.60644,-0.132022
249,0.396286,2.48424,-0.608937
249,0.779057,2.60617,-0.614991
249,0.407352,2.52223,-0.579711
249,-0.136174,2.56766,-0.322841
249,-0.167213,2.36813,-0.592007
249,-0.216994,2.42277,-0.514238
249,-1.03404,2.07722,-0.676666
249,-0.184241,2.40062,-0.616939
249,-1.02734,2.09193,-0.676538
249,-0.169669,2.42093,-0.630072
249,-0.189787,2.43709,-0.633601
249,-0.191339,2.44902,-0.642539
249,-1.80315,3.56756,0.0101992
249,-5.42876e-05,2.12771,-0.646145
244,-5.42876e-05,2.12771,-0.646145
249,0.531615,1.93457,-0.606776
244,0.531615,1.93457,-0.606776
249,1.63945,3.04394,0.254935
244,1.63945,3.04394,0.254935
249,1.15745,1.67813,-0.712107
244,1.15745,1.67813,-0.712107
249,-1.01165,2.4487,0.235061
244,-1.01165,2.4487,0.235061
249,0.0251988,2.0869,-0.618049
244,0.0251988,2.0869,-0.618049
249,-0.366145,2.01999,-0.707339
244,-0.366145,2.01999,-0.707339
249,-0.993448,2.42563,0.241522
244,-0.993448,2.42563,0.241522
249,2.17099,1.99979,-0.755303
244,2.17099,1.99979,-0.755303
249,0.212958,1.52189,-0.505686
244,0.212958,1.52189,-0.505686
249,0.64198,1.58417,-0.624241
244,0.64198,1.58417,-0.624241
249,-1.0435,2.48752,0.223536
244,-1.0435,2.48752,0.223536
249,1.64854,2.08035,-0.77619
244,1.64854,2.08035,-0.77619
249,0.401163,2.41269,-0.289662
244,0.401163,2.41269,-0.289662
249,0.663782,2.13279,-0.109977
244,0.663782,2.13279,-0.109977
249,-0.904479,2.45498,0.243311
242,-0.904479,2.45498,0.243311
249,1.42032,1.24494,-0.64149
242,1.42032,1.24494,-0.64149
249,1.94534,1.62715,-0.722928
242,1.94534,1.62715,-0.722928
249,1.41908,1.25568,-0.648258
242,1.41908,1.25568,-0.648258
249,1.90596,1.3088,-0.997202
242,1.90596,1.3088,-0.997202
249,0.0474246,1.70142,-0.648486
242,0.0474246,1.70142,-0.648486
249,0.36589,2.50962,-0.201413
242,0.36589,2.50962,-0.201413
249,0.350345,1.56286,-0.7339
243,0.350345,1.56286,-0.7339
249,-0.261694,2.68874,0.324446
243,-0.261694,2.68874,0.324446
249,0.542508,1.34232,-0.597177
243,0.542508,1.34232,-0.597177
249,0.849191,-0.046266,0.197152
243,0.849191,-0.046266,0.197152
249,1.21328,0.301825,-0.142323
243,1.21328,0.301825,-0.142323
249,0.639308,2.73852,-0.182681
243,0.639308,2.73852,-0.182681
249,1.54758,0.316226,0.113676
243,1.54758,0.316226,0.113676
249,1.50551,1.73199,-0.627842
236,1.50551,1.73199,-0.627842
249,1.55533,1.62487,-0.608119
236,1.55533,1.62487,-0.608119
249,1.77709,0.924278,-0.660008
236,1.77709,0.924278,-0.660008
249,1.95555,1.08412,-0.676619
236,1.95555,1.08412,-0.676619
249,1.31141,1.23215,-0.660922
236,1.31141,1.23215,-0.660922
249,-0.375131,1.15187,-0.570825
3,-0.375131,1.15187,-0.570825
249,0.586795,2.59392,-0.340277
245,0.586795,2.59392,-0.340277
249,0.572788,2.78492,-0.281934
245,0.572788,2.78492,-0.281934
249,0.13066,1.09234,-0.143035
5,0.13066,1.09234,-0.143035
249,-0.412155,2.44039,0.180362
5,-0.412155,2.44039,0.180362
250,0.311314,0.294787,0.0253479
250,0.327587,0.265525,-0.0988876
250,0.277425,0.322614,-0.0819612
250,0.293281,0.322268,-0.187344
250,0.364904,0.307146,-0.387159
250,0.339937,0.33949,-0.395315
250,0.374672,0.520176,-0.667742
250,0.37317,0.520925,-0.666336
250,0.368521,0.516974,-0.669779
250,0.355056,0.543643,-0.678381
250,0.331356,0.569561,-0.677232
250,0.323564,0.58057,-0.681182
250,0.205864,0.557171,-0.645646
250,1.1685,0.984642,-0.650706
250,0.197294,0.556445,-0.6621
250,0.197868,0.55966,-0.658597
250,0.312309,0.59232,-0.697349
250,0.191802,0.565385,-0.666999
250,0.211068,0.586932,-0.65368
250,0.379063,0.669487,-0.661722
250,0.215263,0.604842,-0.653176
250,0.207593,0.607769,-0.659735
250,0.196083,0.6046,-0.673126
250,0.240369,0.633694,-0.659711
250,0.184619,0.607821,-0.683849
250,0.254024,0.638819,-0.686627
250,0.239164,0.651379,-0.707703
250,1.33954,1.19191,-0.654479
250,1.39916,1.21439,-0.665343
250,0.230871,0.670444,-0.706096
250,0.191785,0.685774,-0.671069
250,1.42748,1.24342,-0.663581
250,0.142918,0.665657,-0.676274
250,1.37975,1.23813,-0.647967
250,0.186864,0.682634,-0.685144
250,0.12455,0.667723,-0.668335
250,0.184763,0.689706,-0.6812
250,1.38621,1.23782,-0.661059
250,0.121578,0.665789,-0.679644
250,0.207417,0.672523,-0.726828
250,0.104596,0.691506,-0.636992
250,0.177218,0.691234,-0.693652
250,1.38347,1.25249,-0.661149
250,0.773768,0.984315,-0.661158
250,0.707145,0.967385,-0.646107
250,0.0863241,0.695289,-0.641873
250,0.770495,0.988478,-0.661675
250,0.777418,0.975927,-0.688824
250,0.0879147,0.693561,-0.658812
250,0.0903137,0.702949,-0.652182
250,0.0819974,0.706876,-0.649989
250,0.0826752,0.707512,-0.649504
250,0.0839028,0.698828,-0.665955
250,0.697509,0.972339,-0.667352
250,0.772386,1.02078,-0.646758
250,0.0782114,0.712429,-0.653692
250,0.134889,0.7445,-0.686288
250,0.130479,0.756405,-0.669954
250,0.849332,1.08228,-0.666054
250,0.844115,1.0871,-0.661013
250,1.35391,1.31301,-0.663953
250,-0.0699283,0.695775,-0.650159
250,1.21398,1.28042,-0.651812
250,0.832225,1.11035,-0.654085
250,1.21627,1.29529,-0.641569
250,0.0839182,0.777085,-0.665274
250,0.552543,1.03894,-0.586931
250,0.698064,1.10337,-0.594469
250,1.17571,1.28817,-0.64603
250,0.77493,1.0929,-0.672067
250,1.275,1.32254,-0.6616
250,0.825388,1.12431,-0.659158
250,1.19222,1.30213,-0.644145
250,0.0800611,0.792507,-0.667005
250,1.19569,1.29472,-0.659489
250,1.29585,1.3349,-0.667742
250,0.538766,1.04303,-0.601401
250,1.27133,1.32821,-0.662627
250,0.544654,1.04925,-0.597535
250,1.23317,1.32384,-0.651484
250,-0.0945063,0.710876,-0.685249
250,0.772837,1.10105,-0.681027
250,0.722148,1.12184,-0.626302
250,-0.00539124,0.788013,-0.653517
250,0.596505,1.01026,-0.726106
250,-9.64403e-05,0.787246,-0.66836
250,-0.0151707,0.79295,-0.650951
250,1.09753,1.29365,-0.648918
250,0.0274112,0.821099,-0.655391
250,0.492321,1.01036,-0.682976
250,0.486501,0.98962,-0.710546
250,1.37042,1.42668,-0.647932
250,0.0510731,0.815019,-0.691598
250,1.16828,1.34501,-0.651058
250,1.24237,1.37536,-0.657737
250,1.08261,1.31993,-0.648569
250,1.07574,1.32227,-0.641476
250,1.07093,1.33017,-0.634841
250,0.450529,0.996768,-0.725797
250,0.0186797,0.858648,-0.647588
250,0.434104,1.03405,-0.675465
250,0.527055,1.04244,-0.727742
250,0.448612,1.0878,-0.615293
250,0.466282,1.05515,-0.676878
250,0.0565388,0.875143,-0.673901
250,1.1385,1.36604,-0.661748
250,0.450297,1.0923,-0.614634
250,0.52743,1.04713,-0.733075
250,0.0611691,0.873728,-0.683935
250,0.060189,0.876098,-0.682771
250,0.00663435,0.862665,-0.668719
250,0.517204,1.05451,-0.736972
250,0.0494235,0.882208,-0.689143
250,0.444663,1.09516,-0.641359
250,-0.150319,0.856296,-0.615764
250,0.451849,1.07015,-0.697744
250,0.432517,1.05377,-0.712382
250,0.474482,1.22299,-0.508002
250,0.441226,1.1286,-0.627551
250,0.57196,1.14182,-0.703674
250,0.43333,1.11849,-0.649989
250,0.673895,1.26773,-0.607282
250,1.13855,1.44988,-0.659115
250,1.32926,1.54665,-0.642365
250,0.0403104,0.952727,-0.674911
250,0.434992,1.14914,-0.645396
250,-0.0608927,0.927392,-0.667642
250,1.55817,1.612,-0.731122
250,1.42454,1.61681,-0.648507
250,-0.128419,0.915638,-0.666148
250,0.427002,1.15663,-0.675267
250,0.127048,0.99713,-0.718071
250,-0.129757,0.915934,-0.672871
250,-0.181564,0.912452,-0.644633
250,-0.187973,0.914642,-0.650709
250,0.953918,1.43826,-0.638997
250,-0.0810387,0.955899,-0.672387
250,1.17292,1.55125,-0.617208
250,1.07223,1.49571,-0.639699
250,1.55652,1.71719,-0.636763
250,1.0695,1.49834,-0.648397
250,0.173374,1.01369,-0.802807
250,0.0897051,1.03319,-0.721852
250,1.4296,1.69473,-0.629001
250,0.958164,1.47912,-0.652891
250,0.439584,1.29503,-0.586224
250,1.77091,1.84666,-0.656056
250,1.74049,1.84094,-0.647529
250,0.155201,1.13004,-0.667388
250,0.257553,1.20463,-0.633968
250,1.88825,1.91912,-0.653085
250,1.06092,1.5627,-0.655364
250,1.90584,1.92153,-0.682449
250,0.236274,1.20194,-0.648476
250,1.18426,1.6301,-0.661511
250,0.876575,1.51149,-0.636754
250,0.879238,1.51337,-0.638112
250,1.3557,1.71626,-0.659903
250,1.33826,1.71605,-0.649192
250,0.226777,1.21502,-0.663561
250,1.82339,1.99958,-0.562237
250,0.976997,1.58449,-0.624635
250,-0.264022,1.0251,-0.647619
250,-0.260813,1.02045,-0.658138
250,-0.268866,1.0246,-0.65734
250,-0.299094,1.02058,-0.645997
250,0.973731,1.59176,-0.64804
250,1.60589,1.87813,-0.648011
250,1.04576,1.66064,-0.602727
250,0.0578052,1.19148,-0.649584
250,0.93868,1.58177,-0.651811
250,1.63482,1.88789,-0.663726
250,0.856899,1.55933,-0.644416
250,-0.123504,1.09172,-0.700798
250,0.934102,1.5958,-0.657978
250,1.61099,1.895,-0.662155
250,-0.130785,1.09933,-0.705889
250,-0.240562,1.11248,-0.642582
250,0.0999013,1.27013,-0.63716
250,-0.284604,1.07137,-0.681302
250,-0.242994,1.11258,-0.648227
250,-0.139937,1.12088,-0.718772
250,-0.294505,1.08278,-0.679343
250,-0.146759,1.12876,-0.726026
250,0.636431,1.54134,-0.633536
250,0.402956,1.45566,-0.63293
250,0.644818,1.57349,-0.629667
250,0.637977,1.57612,-0.628279
250,0.642722,1.57652,-0.632647
250,0.47929,1.46128,-0.726573
250,0.395713,1.47969,-0.649373
250,0.392235,1.49088,-0.656911
250,0.238431,1.42437,-0.656336
250,-0.177618,1.2007,-0.717675
250,0.691727,1.6521,-0.628733
250,-0.0470312,1.21383,-0.810284
250,-0.452022,1.16847,-0.611998
250,-0.501732,1.17947,-0.584129
250,-0.203514,1.21653,-0.729591
250,-0.335015,1.2127,-0.665572
250,-0.336218,1.22147,-0.672813
250,0.559564,1.68643,-0.644967
250,-0.466111,1.23919,-0.634182
250,-0.412394,1.24744,-0.662876
250,0.533949,1.68337,-0.644122
250,-0.0572789,1.45211,-0.604648
250,0.554393,1.69605,-0.649141
250,-0.484891,1.26249,-0.638373
250,-0.406266,1.29608,-0.657262
250,-0.404588,1.30021,-0.666827
250,0.276328,1.58031,-0.732236
250,-0.550424,1.34483,-0.629484
250,0.117011,1.68759,-0.613158
250,0.571147,1.89486,-0.617199
250,0.227993,1.75172,-0.623045
250,0.517782,1.93306,-0.630327
250,-0.552181,1.45233,-0.649284
250,-0.499872,1.44839,-0.701266
250,-0.556693,1.45447,-0.668508
250,-0.0467739,1.736,-0.589936
250,-0.613671,1.42869,-0.676766
250,-0.0048815,1.72824,-0.639692
250,-0.281272,1.60415,-0.649611
250,-0.0420704,1.74801,-0.5996
250,-0.520955,1.46398,-0.707748
250,-0.00801647,1.72542,-0.659018
250,-0.52765,1.4678,-0.722782
250,-0.104338,1.63919,-0.758272
250,-0.20581,1.63893,-0.697916
250,-0.532526,1.48242,-0.723811
250,-0.0727283,1.71475,-0.686689
250,-0.270869,1.62204,-0.696741
250,-0.0803826,1.73205,-0.698717
250,0.0187839,1.83411,-0.619709
250,0.298976,1.96357,-0.638726
250,-0.330518,1.66277,-0.684581
250,0.264113,1.96439,-0.637888
250,0.0301079,1.89132,-0.616268
250,0.503437,2.13606,-0.616467
250,-0.00268996,1.90454,-0.629704
250,0.102833,1.95049,-0.63285
250,0.568194,2.15945,-0.630196
250,0.593008,2.16788,-0.647199
250,0.579329,2.16729,-0.643124
250,0.295156,2.10194,-0.59758
250,-0.425183,1.78267,-0.599419
250,0.508032,2.19145,-0.645945
250,0.506525,2.18756,-0.650952
250,0.126209,2.03592,-0.6349
250,0.601865,2.781,0.154415
250,-0.460346,1.80568,-0.612408
250,-0.457186,1.79615,-0.641134
250,-0.21224,2.50005,0.235091
250,-0.220721,2.51108,0.241003
250,-0.223262,2.48507,0.202486
250,0.71469,2.65247,-0.177424
250,-0.221181,2.51537,0.235552
250,0.597789,2.8239,0.145895
250,0.594484,2.82141,0.143488
250,-0.205003,2.55644,0.273349
250,0.190488,2.14391,-0.609553
250,0.736561,2.63738,-0.249602
250,0.640461,2.65325,-0.163796
250,0.224033,2.16192,-0.623855
250,0.679907,2.72261,-0.0939465
250,0.69332,2.66612,-0.192736
250,0.0147561,2.07448,-0.627119
250,-0.242629,2.54419,0.235725
250,1.60995,2.82309,-0.57539
250,0.674946,2.74367,-0.110817
250,-0.307016,1.94607,-0.667664
250,0.399176,2.61127,-0.166274
250,0.465442,2.62687,-0.19199
250,0.676071,2.7716,-0.123674
250,-0.317044,1.95973,-0.674834
250,0.751795,2.56405,-0.497079
250,0.479584,2.57964,-0.307581
250,0.617021,2.57696,-0.403995
250,0.762168,2.51655,-0.598893
250,-0.110599,2.16116,-0.550387
250,0.329878,2.59083,-0.208552
250,-0.183457,2.54752,0.0653041
250,0.739769,2.59496,-0.488584
250,0.479802,2.60661,-0.299844
250,0.488012,2.57597,-0.361393
250,0.744687,2.6609,-0.405824
250,0.693791,2.52332,-0.580014
250,0.688753,2.5226,-0.581418
250,-0.196093,2.59432,0.106741
250,0.761808,2.53286,-0.632391
250,0.351334,2.57751,-0.301389
250,0.55259,2.51668,-0.524594
250,0.494306,2.53156,-0.464365
250,0.719534,2.52098,-0.631292
250,0.551977,2.52421,-0.520402
250,-0.325558,2.10129,-0.606089
250,-0.193117,2.59336,0.0363744
250,0.0911111,2.29635,-0.594015
250,0.435328,2.55107,-0.472004
250,-0.998174,1.88644,-0.559493
250,0.449238,2.51232,-0.58865
250,-1.01428,1.88468,-0.559636
250,0.357148,2.46049,-0.620362
250,-0.643862,2.03073,-0.599325
250,-0.344324,2.15205,-0.62111
250,0.472096,2.51309,-0.632201
250,0.446263,2.52935,-0.594059
250,-0.478166,2.623,0.15491
250,0.394471,2.49396,-0.614511
250,-1.02464,1.89699,-0.577681
250,-0.103369,2.56077,-0.216597
250,-0.186341,2.36712,-0.533446
250,-0.115239,2.54421,-0.322098
250,-0.195089,2.39412,-0.609501
250,-0.171071,2.57271,-0.497966
250,-1.85916,2.04014,-0.204675
250,-1.03218,2.77476,0.151678
250,-1.04177,2.78073,0.153037
250,-1.14818,2.82681,0.149253
250,-2.09004,2.0641,-0.452679
250,-2.25228,2.07623,-0.521698
250,-2.22932,2.08983,-0.536723
250,-2.45566,2.4362,-0.0197561
250,-2.4291,2.6284,0.160592
250,-3.21388,2.80565,-0.0649351
250,-3.20895,2.44424,-0.729931
250,-3.30335,2.50912,-0.754397
250,-9.77059,13.5117,-14.026
250,0.376819,1.11563,-0.637309
249,0.376819,1.11563,-0.637309
250,-0.0837848,1.03085,-0.589518
249,-0.0837848,1.03085,-0.589518
250,0.298647,1.96467,-0.640849
249,0.298647,1.96467,-0.640849
250,-0.120311,0.973497,-0.626574
249,-0.120311,0.973497,-0.626574
250,0.389029,1.0829,-0.639101
249,0.389029,1.0829,-0.639101
250,-0.0509221,0.907169,-0.562213
249,-0.0509221,0.907169,-0.562213
250,0.353581,0.903412,-0.540108
249,0.353581,0.903412,-0.540108
250,0.119283,1.6826,-0.61857
249,0.119283,1.6826,-0.61857
250,-0.0247906,0.890858,-0.474695
249,-0.0247906,0.890858,-0.474695
250,1.24989,1.55954,-0.583319
249,1.24989,1.55954,-0.583319
250,-0.0334807,1.01649,-0.597003
249,-0.0334807,1.01649,-0.597003
250,0.281211,0.303683,0.206951
249,0.281211,0.303683,0.206951
250,-0.178238,0.959402,-0.699894
249,-0.178238,0.959402,-0.699894
250,0.289812,0.302182,0.0162478
249,0.289812,0.302182,0.0162478
250,0.300163,0.294436,0.0240045
249,0.300163,0.294436,0.0240045
250,1.01475,0.787815,0.350485
248,1.01475,0.787815,0.350485
250,0.479355,1.68867,-0.498531
248,0.479355,1.68867,-0.498531
250,-0.00757658,2.26614,0.494955
248,-0.00757658,2.26614,0.494955
250,-0.424333,1.29053,-0.97416
248,-0.424333,1.29053,-0.97416
250,-0.387729,1.24452,-0.950337
248,-0.387729,1.24452,-0.950337
250,0.788104,0.914823,-0.247946
244,0.788104,0.914823,-0.247946
250,1.45502,1.58806,-0.547146
244,1.45502,1.58806,-0.547146
250,0.284485,2.73491,-0.573754
244,0.284485,2.73491,-0.573754
250,-0.378495,2.96685,0.358814
244,-0.378495,2.96685,0.358814
250,0.519632,1.04981,-0.650267
243,0.519632,1.04981,-0.650267
250,0.521394,1.04839,-0.649403
243,0.521394,1.04839,-0.649403
250,0.677428,0.886655,-0.702736
243,0.677428,0.886655,-0.702736
250,0.528143,1.03378,-0.634927
243,0.528143,1.03378,-0.634927
250,-0.137268,1.07915,-0.63267
243,-0.137268,1.07915,-0.63267
250,0.572047,2.66888,-0.542067
245,0.572047,2.66888,-0.542067
250,0.357165,3.32469,-0.682106
245,0.357165,3.32469,-0.682106
250,1.33711,1.19156,-0.64231
242,1.33711,1.19156,-0.64231
250,-1.81494,2.37621,0.248876
5,-1.81494,2.37621,0.248876
251,0.942518,0.317368,0.706879
251,0.901385,0.997166,0.435251
251,0.903549,0.991427,0.411379
251,0.902947,0.993148,0.413831
251,0.904398,0.983253,0.367921
251,0.296466,1.9814,1.16951
251,0.163458,1.45266,-0.318565
251,0.164482,1.49658,-0.204439
251,0.147674,1.47874,-0.335101
251,0.133648,1.46549,-0.366287
251,-0.00404549,1.38626,-0.402053
251,0.126279,1.55487,-0.247296
251,0.16995,1.59744,-0.300523
251,0.252313,2.1232,1.19719
251,0.127853,1.53148,-0.466106
251,0.165422,1.60718,-0.304496
251,0.16118,1.61479,-0.309566
251,0.233975,2.13956,1.20279
251,-0.44624,1.19625,-0.602702
251,-0.0916067,1.43041,-0.534593
251,-0.0983238,1.4368,-0.524908
251,-0.106137,1.44607,-0.523492
251,-0.443448,1.22536,-0.620102
251,-0.0948918,1.57347,-0.259854
251,-0.14586,1.44093,-0.596384
251,-0.458216,1.2769,-0.601174
251,0.16785,1.66316,-0.505819
251,-0.173249,1.46421,-0.584545
251,0.103724,1.61921,-0.595303
251,0.149064,1.69379,-0.451492
251,-0.170487,1.47058,-0.592471
251,-0.17481,1.47191,-0.590027
251,-0.124596,1.6225,-0.290115
251,-0.105579,1.6403,-0.294214
251,0.122774,1.73051,-0.488045
251,0.362397,1.82278,-0.624592
251,0.0907448,1.74224,-0.408339
251,0.0843504,1.74727,-0.412448
251,0.101761,1.73046,-0.496424
251,-0.142187,1.6547,-0.311236
251,-0.0601403,1.67388,-0.430266
251,0.151632,1.79349,-0.482582
251,-0.0594978,1.68388,-0.465336
251,0.152537,1.80217,-0.486958
251,0.100183,2.33607,1.2361
251,0.100667,2.34024,1.23363
251,0.0849603,1.76393,-0.542712
251,0.0862553,2.34626,1.24037
251,-0.553074,1.3574,-0.75126
251,0.0856493,2.36047,1.23623
251,-0.525527,1.43185,-0.601465
251,-0.109712,1.73628,-0.399637
251,0.158262,1.84324,-0.559141
251,-0.0948471,1.72461,-0.487742
251,0.669386,2.74023,1.31823
251,0.677755,2.74646,1.31154
251,0.155535,1.86477,-0.52618
251,0.682604,2.74284,1.27775
251,0.682207,2.75269,1.29814
251,0.667087,2.75262,1.31262
251,-0.111403,1.74494,-0.471792
251,0.119646,1.86065,-0.525253
251,-0.181267,1.73031,-0.403286
251,0.123053,1.8601,-0.535617
251,-0.303911,1.63754,-0.500468
251,0.149167,1.87748,-0.553233
251,-0.116406,1.75201,-0.477411
251,0.67239,2.73223,1.16097
251,0.700936,2.79942,1.29737
251,0.676326,2.78287,1.28659
251,0.421802,2.01165,-0.69559
251,-0.146618,1.9492,0.110334
251,-0.617323,1.44086,-0.667911
251,-0.134656,1.7749,-0.487957
251,0.675972,2.7185,1.03107
251,0.403206,2.01296,-0.702466
251,-0.327792,1.66026,-0.525288
251,-0.139416,1.79653,-0.440062
251,0.676215,2.72567,1.02469
251,0.180135,1.93815,-0.591363
251,0.394115,2.02238,-0.706967
251,-0.609243,1.46321,-0.693293
251,0.636167,2.49712,0.334285
251,0.132353,1.92818,-0.556708
251,0.647159,2.43222,0.0900226
251,-0.0272694,2.42423,1.24412
251,0.664733,2.75473,1.04686
251,0.503554,2.13575,-0.607559
251,0.123884,1.93541,-0.576763
251,-0.0242416,2.4412,1.25058
251,-0.00132275,1.92272,-0.414431
251,-0.0351242,2.44425,1.26289
251,0.674405,2.75725,0.986836
251,0.0823583,1.94276,-0.52317
251,-0.217599,1.70836,-0.729245
251,-0.32515,1.66411,-0.688483
251,0.679334,2.76535,0.98063
251,0.676326,2.76502,0.978657
251,0.167313,1.97272,-0.61816
251,0.160947,1.97493,-0.62712
251,-0.135931,1.87726,-0.413244
251,-0.0634838,2.44771,1.23807
251,0.0730178,1.96271,-0.550013
251,0.450153,2.13959,-0.70012
251,0.0746497,1.97962,-0.577692
251,0.00821984,2.48798,1.12409
251,0.053809,1.9895,-0.518881
251,0.0646349,1.99459,-0.548908
251,0.103049,2.00868,-0.581306
251,-0.198191,1.85546,-0.535726
251,-0.629912,1.56095,-0.69689
251,-0.00513434,2.48074,1.06144
251,-0.720327,1.54243,-0.620597
251,-0.19469,1.87718,-0.511884
251,0.110499,2.0406,-0.568253
251,0.0550286,2.01058,-0.566467
251,-0.643917,1.57869,-0.711451
251,-0.0388716,2.48886,1.06078
251,-0.727555,1.66203,-0.328253
251,0.0474917,2.02263,-0.583579
251,-0.0546917,2.48607,1.02991
251,-0.15316,2.51457,1.29282
251,0.0638729,2.05672,-0.559587
251,0.0383612,1.95056,-0.86161
251,-0.778735,1.65485,-0.347433
251,-0.773589,1.66237,-0.343349
251,-0.0936658,2.0241,-0.453238
251,0.0391531,2.07719,-0.525291
251,-0.307674,1.78827,-0.836698
251,-0.0907444,2.52134,1.01245
251,0.75574,2.50324,-0.562087
251,-0.0830113,2.48871,0.858968
251,-0.312322,1.81858,-0.845443
251,0.744465,2.61425,-0.225292
251,0.771216,2.50375,-0.621529
251,0.0396303,2.10297,-0.590066
251,0.741437,2.61351,-0.253141
251,0.752197,2.51459,-0.589016
251,0.0234053,2.11813,-0.543725
251,0.0181584,2.12145,-0.549949
251,0.758183,2.62484,-0.28313
251,0.739835,2.66619,-0.149436
251,0.758181,2.5299,-0.611709
251,0.74048,2.63729,-0.245445
251,-0.103363,2.5068,0.831772
251,-0.341006,1.83341,-0.88122
251,0.678039,2.65098,-0.135413
251,0.731011,2.6617,-0.197562
251,0.747661,2.64715,-0.280913
251,-0.423726,1.82593,-0.785667
251,0.65028,2.48669,-0.61691
251,0.708405,2.65043,-0.208163
251,0.713529,2.62057,-0.316057
251,0.755734,2.65016,-0.298382
251,0.743308,2.65089,-0.277039
251,0.674441,2.64816,-0.165434
251,0.654243,2.59676,-0.291489
251,-0.170566,2.54177,0.993515
251,0.654209,2.49091,-0.626747
251,0.73059,2.63551,-0.316301
251,0.76453,2.54843,-0.651107
251,0.725867,2.63507,-0.315004
251,0.742642,2.55036,-0.611976
251,0.750166,2.5864,-0.514144
251,0.744314,2.54921,-0.62016
251,0.667384,2.53457,-0.530861
251,0.652971,2.58464,-0.350301
251,0.707268,2.65681,-0.222203
251,0.734463,2.66753,-0.237248
251,0.730971,2.60308,-0.43289
251,0.673546,2.6144,-0.299281
251,0.744511,2.66071,-0.286017
251,0.644612,2.50184,-0.607605
251,0.671844,2.62673,-0.27296
251,0.664942,2.55213,-0.496369
251,0.669408,2.65511,-0.184477
251,0.665931,2.52355,-0.591125
251,0.675891,2.59514,-0.386368
251,0.713335,2.67762,-0.195426
251,0.73288,2.63083,-0.383163
251,0.716677,2.56388,-0.565287
251,0.726976,2.68445,-0.207147
251,0.667877,2.65642,-0.190457
251,0.747666,2.63379,-0.40425
251,0.598732,2.57051,-0.347442
251,0.74471,2.63967,-0.394533
251,0.669474,2.65304,-0.221566
251,0.676965,2.58514,-0.452664
251,-0.446934,1.8407,-0.797203
251,0.599678,2.62865,-0.18169
251,0.717858,2.57403,-0.563169
251,0.0494635,2.17662,-0.626382
251,0.648858,2.63153,-0.262534
251,0.748794,2.60827,-0.513396
251,0.691775,2.70682,-0.107775
251,0.640796,2.65609,-0.178577
251,0.712848,2.61317,-0.440618
251,-0.442063,1.84692,-0.799464
251,0.591832,2.62308,-0.202366
251,0.5929,2.63071,-0.18576
251,0.629118,2.51776,-0.603881
251,0.668856,2.61823,-0.361098
251,0.612861,2.62286,-0.25144
251,-0.316533,1.96244,-0.686277
251,0.676319,2.59623,-0.45803
251,0.730126,2.57296,-0.626193
251,0.595672,2.56692,-0.411226
251,0.675818,2.59134,-0.482114
251,0.731078,2.72235,-0.170805
251,0.561858,2.55292,-0.402569
251,0.648653,2.60827,-0.384504
251,0.530862,2.46937,-0.611103
251,0.592739,2.60356,-0.303443
251,0.65241,2.6224,-0.354723
251,-0.0803189,2.19334,-0.403075
251,0.64201,2.66943,-0.190468
251,0.642047,2.67036,-0.189258
251,0.561323,2.56347,-0.381349
251,0.660312,2.56111,-0.565724
251,-0.16672,2.55027,0.861661
251,0.563468,2.52331,-0.513932
251,0.565549,2.53041,-0.495471
251,-0.186,2.58658,1.00802
251,0.559535,2.56322,-0.38447
251,0.65714,2.64557,-0.307294
251,0.681365,2.56179,-0.613037
251,0.643733,2.67155,-0.203392
251,0.711354,2.59852,-0.551835
251,0.582031,2.64252,-0.188919
251,0.67351,2.58154,-0.542056
251,0.67188,2.60576,-0.468824
251,0.593569,2.62637,-0.26671
251,0.661142,2.61389,-0.42707
251,0.64806,2.61122,-0.417109
251,0.658571,2.57242,-0.558834
251,0.607864,2.54897,-0.545179
251,0.60372,2.60751,-0.363781
251,0.499546,2.59992,-0.210201
251,0.539102,2.55933,-0.412104
251,0.66435,2.63698,-0.391049
251,0.428221,2.43284,-0.614163
251,0.701379,2.64455,-0.435685
251,0.715331,2.68608,-0.331564
251,0.653582,2.67008,-0.272615
251,0.556891,2.59532,-0.336437
251,0.474947,2.59751,-0.186317
251,0.587281,2.62867,-0.288948
251,0.425818,2.43535,-0.612415
251,0.607139,2.57851,-0.485534
251,-0.203272,2.60562,1.02653
251,0.515745,2.49062,-0.604216
251,0.727908,2.67853,-0.394045
251,0.567145,2.52282,-0.598045
251,0.556233,2.59954,-0.339661
251,0.719283,2.71513,-0.272113
251,-0.324685,1.98107,-0.724257
251,0.667926,2.57283,-0.628086
251,0.608629,2.56517,-0.547326
251,0.527786,2.63587,-0.183348
251,0.558844,2.5694,-0.450142
251,0.648273,2.65926,-0.328115
251,0.612803,2.57658,-0.525181
251,0.548737,2.57507,-0.423626
251,0.476661,2.57565,-0.297739
251,0.531895,2.59752,-0.327095
251,0.543932,2.61152,-0.305017
251,0.540955,2.63254,-0.246874
251,0.641559,2.68439,-0.262677
251,0.414498,2.44813,-0.600693
251,0.552691,2.60353,-0.359952
251,0.524673,2.64429,-0.185881
251,-0.204386,2.62369,1.02948
251,0.548986,2.5505,-0.535815
251,0.648822,2.60167,-0.558316
251,0.442247,2.57153,-0.288816
251,0.648019,2.60274,-0.55516
251,0.486953,2.59249,-0.30305
251,0.532659,2.60405,-0.349523
251,0.475252,2.60352,-0.25457
251,0.656988,2.62335,-0.513725
251,0.586138,2.68307,-0.202651
251,0.592775,2.63185,-0.375021
251,0.494268,2.56511,-0.41154
251,0.488298,2.56226,-0.412443
251,0.483664,2.61455,-0.245101
251,-0.19017,2.62668,0.976323
251,-0.157627,2.54519,0.65782
251,0.493551,2.51175,-0.599685
251,0.489448,2.54939,-0.474969
251,0.587559,2.61905,-0.430458
251,0.494654,2.61429,-0.281376
251,0.580735,2.67131,-0.258054
251,0.605485,2.60532,-0.516918
251,0.416774,2.58041,-0.261346
251,0.587983,2.6395,-0.379872
251,0.4289,2.55923,-0.350007
251,0.564177,2.55116,-0.615524
251,0.481955,2.60042,-0.318567
251,0.430715,2.54329,-0.411067
251,0.615622,2.57618,-0.639351
251,0.421617,2.53134,-0.441972
251,0.544612,2.61879,-0.38637
251,0.477385,2.56959,-0.422184
251,0.436141,2.55203,-0.407507
251,0.490058,2.62266,-0.283381
251,0.600229,2.5927,-0.573069
251,0.530404,2.57999,-0.490234
251,0.407104,2.61564,-0.161765
251,-0.192626,2.60869,0.872368
251,0.427118,2.52487,-0.491949
251,0.357801,2.536,-0.337481
251,0.544349,2.69283,-0.180158
251,0.594303,2.61596,-0.510155
251,0.602767,2.58099,-0.634947
251,-0.1765,2.42753,0.260036
251,0.471801,2.62617,-0.267038
251,0.532068,2.6599,-0.269423
251,0.474889,2.58447,-0.407533
251,0.41707,2.56185,-0.385131
251,-0.201784,2.61871,0.880448
251,0.413957,2.59957,-0.26788
251,0.524808,2.63066,-0.374419
251,0.3464,2.54474,-0.330616
251,0.477502,2.63971,-0.269664
251,0.540849,2.56491,-0.627446
251,-0.0984521,2.24136,-0.51142
251,0.475393,2.60638,-0.385459
251,0.479409,2.62599,-0.332599
251,0.519911,2.69508,-0.188244
251,0.48986,2.59494,-0.45518
251,0.522133,2.58476,-0.547128
251,0.51421,2.67564,-0.253447
251,0.527127,2.58601,-0.557947
251,0.486605,2.56221,-0.56557
251,0.462162,2.61533,-0.365826
251,0.471422,2.63517,-0.32299
251,0.416492,2.58983,-0.369122
251,0.347669,2.60788,-0.194506
251,0.394157,2.6411,-0.178608
251,0.479232,2.60299,-0.450486
251,0.359816,2.54496,-0.424616
251,0.460123,2.56561,-0.537464
251,0.433913,2.57158,-0.476771
251,-0.21912,2.43248,0.240204
251,0.417996,2.57716,-0.433154
251,0.42208,2.59667,-0.379901
251,0.468867,2.5877,-0.495794
251,0.486936,2.55106,-0.644919
251,0.09001,2.30698,-0.707646
251,0.345594,2.62126,-0.176752
251,0.410961,2.65465,-0.187859
251,-0.106991,2.27164,-0.472273
251,0.478189,2.57104,-0.569674
251,0.417823,2.63429,-0.270226
251,0.460427,2.68098,-0.201375
251,0.413273,2.56189,-0.491877
251,0.335344,2.59999,-0.235262
251,0.405437,2.64018,-0.233783
251,0.431015,2.56916,-0.501408
251,0.460222,2.68187,-0.201732
251,0.409684,2.63541,-0.260051
251,0.476394,2.55664,-0.624621
251,0.427291,2.55042,-0.559061
251,0.372294,2.60184,-0.303035
251,0.40502,2.61805,-0.314438
251,0.398579,2.60084,-0.357624
251,0.408035,2.62017,-0.314256
251,0.370633,2.59931,-0.318556
251,0.331932,2.60926,-0.21929
251,0.342179,2.57049,-0.364576
251,0.414971,2.53276,-0.612515
251,0.375239,2.5333,-0.550455
251,0.408281,2.58279,-0.457135
251,0.345159,2.54275,-0.472476
251,0.367959,2.55082,-0.492041
251,0.332618,2.54367,-0.453793
251,-0.153072,2.52039,0.328761
251,0.373481,2.5153,-0.624381
251,-0.158396,2.53329,0.352122
251,0.331983,2.61516,-0.259552
251,0.341096,2.64371,-0.198396
251,0.328763,2.61847,-0.263029
251,0.343399,2.55217,-0.497008
251,0.364611,2.54614,-0.553605
251,0.327198,2.61897,-0.260088
251,0.352397,2.61682,-0.317699
251,0.334308,2.55778,-0.4849
251,0.0430374,2.31968,-0.71677
251,-0.185992,2.47543,0.172363
251,-0.190135,2.50729,0.279244
251,-0.148902,2.4985,0.175917
251,-0.0800745,2.31056,-0.544345
251,-0.59315,1.95422,-0.777579
251,-0.1997,2.71449,0.904975
251,-0.221361,2.50473,0.244971
251,-0.378718,2.0765,-0.822493
251,0.0259334,2.34369,-0.745216
251,-0.465042,2.10041,-0.668313
251,0.718229,3.00448,0.069203
251,-0.213742,2.73232,0.837808
251,-0.164916,2.54334,0.154454
251,-0.174429,2.55746,0.198176
251,-0.217348,2.74655,0.815634
251,-0.167787,2.53807,0.074029
251,-0.191799,2.59031,0.0525965
251,-0.228638,2.7949,0.717104
251,-0.198583,2.59175,0.0120777
251,-0.232429,2.81239,0.721246
251,-0.199931,2.60676,0.00849056
251,-0.203572,2.61374,-0.0153871
251,-0.99974,1.97635,-0.605617
251,-0.236169,2.81999,0.67959
251,-0.396613,2.15634,-1.1265
251,-0.561278,2.17937,-0.788794
251,-0.207372,2.48178,-0.646138
251,-0.271878,2.90743,0.669933
251,-0.488862,2.42082,-0.838351
251,-0.303041,2.56994,-0.797085
251,-1.15759,2.15659,-0.737654
251,-0.638374,2.38266,-0.985638
251,-1.17221,2.15765,-0.747062
251,-0.654897,2.40515,-1.00547
251,-1.19452,2.23848,-0.750928
251,-2.55201,2.13085,1.28481
251,-0.352527,2.6846,-0.885588
251,-1.24359,2.24617,-0.738044
251,-2.61545,2.15709,1.2627
251,-1.216,2.32504,-0.831718
251,-1.23034,2.33307,-0.841504
251,-0.35993,3.07305,-0.294028
251,-2.09875,2.05774,-0.505367
251,-0.352795,3.09842,-0.470696
251,-2.27536,2.61428,1.33779
251,-0.360331,3.12147,-0.482783
251,-2.33636,2.65066,1.3801
251,-1.18234,2.95682,0.0739242
251,-2.66916,2.18984,0.206005
251,-2.44461,2.75036,1.4002
251,-2.37066,2.18374,-0.594902
251,-2.54825,2.81318,1.44017
251,-1.41862,3.09017,0.0626506
251,-1.42176,3.09438,0.0553021
251,-0.429517,3.29035,-1.23229
251,-2.5616,2.26968,-0.66707
251,-2.46826,2.85599,0.131425
251,-2.82412,2.42203,-0.637049
251,-2.85729,2.43043,-0.642961
251,-2.38639,2.9658,0.0603712
251,-3.06456,2.51585,-0.742535
251,-2.7306,2.98834,0.119177
251,-1.81002,3.59888,-0.0628189
251,-2.63542,3.18638,0.00378132
251,-1.93428,3.65839,-0.101996
251,-2.73653,3.27823,-0.0700153
251,-3.01307,3.27932,0.0394281
251,-3.20739,3.10626,-0.302203
251,-2.94661,3.40836,-0.0380226
251,-4.02377,2.88189,-1.00414
251,-4.29448,3.11419,-0.173299
251,-3.905,3.52438,-0.274868
251,-0.337196,2.11632,0.280317
250,-0.337196,2.11632,0.280317
251,0.621975,2.80723,0.124169
250,0.621975,2.80723,0.124169
251,0.0851025,1.87068,-0.632647
250,0.0851025,1.87068,-0.632647
251,0.623678,1.95896,-0.546892
250,0.623678,1.95896,-0.546892
251,-0.0687198,1.77836,-0.615469
250,-0.0687198,1.77836,-0.615469
251,-0.105368,1.98898,-0.621031
250,-0.105368,1.98898,-0.621031
251,0.511583,1.977,-0.598948
250,0.511583,1.977,-0.598948
251,-0.021504,2.28778,0.525662
248,-0.021504,2.28778,0.525662
251,-0.144816,2.50348,0.163889
248,-0.144816,2.50348,0.163889
251,0.132122,1.96101,0.560174
248,0.132122,1.96101,0.560174
251,0.612396,1.99102,-0.574041
248,0.612396,1.99102,-0.574041
251,0.464625,2.19506,-0.56552
249,0.464625,2.19506,-0.56552
251,0.458231,2.04129,-0.602367
249,0.458231,2.04129,-0.602367
251,-0.0855016,1.95933,-0.594277
5,-0.0855016,1.95933,-0.594277
251,-0.115737,1.93034,-0.595289
0,-0.115737,1.93034,-0.595289
251,-0.300847,2.13175,-0.589548
243,-0.300847,2.13175,-0.589548
251,-0.342327,2.01131,-0.74361
243,-0.342327,2.01131,-0.74361
251,0.058602,1.91636,-0.302331
243,0.058602,1.91636,-0.302331
251,0.157456,1.83195,-0.554383
243,0.157456,1.83195,-0.554383
251,-0.316972,2.15739,-0.604181
243,-0.316972,2.15739,-0.604181
251,0.598148,2.13507,-0.625532
242,0.598148,2.13507,-0.625532
252,0.293981,1.94328,1.1542
252,0.664639,2.70865,1.16772
252,0.655856,2.72246,1.31071
252,0.724571,2.77039,1.34037
252,0.663501,2.72153,1.1682
252,0.663331,2.7312,1.28986
252,0.699301,2.75341,1.28771
252,0.698461,2.75801,1.28157
252,0.675078,2.73118,1.06347
252,0.675846,2.7316,1.05351
252,0.720183,2.78604,1.34885
252,0.677606,2.73634,1.02992
252,0.698016,2.65403,-0.168939
252,0.702513,2.6583,-0.164276
252,0.678146,2.74108,1.03138
252,0.675779,2.76403,1.3219
252,0.686002,2.65615,-0.156482
252,0.676103,2.76956,1.32781
252,0.685342,2.7778,1.34086
252,0.664434,2.76676,1.33976
252,0.685191,2.75314,0.997251
252,0.678677,2.74981,1.0027
252,0.672211,2.7512,1.00253
252,0.682466,2.66811,-0.164555
252,0.675462,2.76165,1.03249
252,0.714418,2.81213,1.35774
252,0.67477,2.79527,1.32643
252,0.68115,2.77907,0.999237
252,0.633565,2.65847,-0.165664
252,0.621206,2.65491,-0.178277
252,0.513981,2.7126,1.31096
252,0.563651,2.62533,-0.157419
252,0.619115,2.65421,-0.209382
252,0.521037,2.60851,-0.148432
252,0.574518,2.64222,-0.213408
252,0.561431,2.63891,-0.159458
252,0.583806,2.65263,-0.173579
252,0.514933,2.73752,1.31306
252,0.516602,2.62695,-0.230619
252,0.514539,2.635,-0.161842
252,0.500618,2.62372,-0.20313
252,0.507448,2.76102,1.32316
252,0.460674,2.61401,-0.164628
252,0.446873,2.60655,-0.155421
252,0.458014,2.61717,-0.203287
252,0.513076,2.65397,-0.165647
252,0.444201,2.6136,-0.206119
252,0.446064,2.61408,-0.231972
252,0.442703,2.62286,-0.162009
252,0.459321,2.6322,-0.173287
252,0.441468,2.62588,-0.233101
252,0.389273,2.599,-0.227768
252,0.402215,2.60956,-0.233379
252,-0.0441674,2.43585,0.813059
252,0.382509,2.61163,-0.20748
252,0.33596,2.58735,-0.222184
252,0.342398,2.6024,-0.164886
252,0.397926,2.63567,-0.167654
252,0.382141,2.62779,-0.175691
252,0.393814,2.63938,-0.154995
252,0.376148,2.62555,-0.210771
252,0.325279,2.60595,-0.148204
252,0.329319,2.61057,-0.152619
252,0.39233,2.65203,-0.173495
252,0.37448,2.64343,-0.180835
252,0.341011,2.6226,-0.199344
252,0.336432,2.61916,-0.2096
252,0.339415,2.62359,-0.181643
252,0.328712,2.61378,-0.225933
252,0.328499,2.60982,-0.278195
252,0.336903,2.62049,-0.220744
252,0.325435,2.62568,-0.156216
252,0.335984,2.6309,-0.17665
252,0.368694,2.652,-0.19326
252,-0.0697271,2.48347,0.800407
252,0.0172789,2.59871,1.29869
252,-0.102383,2.53045,1.25353
252,-0.258434,2.49254,1.79061
252,-0.26454,2.50341,1.9445
252,-0.00402051,2.61024,1.30335
252,-0.127068,2.51962,1.08218
252,0.00598472,2.62058,1.29835
252,-0.126986,2.48425,0.454534
252,-0.111689,2.55943,1.25804
252,-0.273959,2.50709,1.80488
252,-0.06692,2.58875,1.28035
252,-0.0466459,2.61474,1.30546
252,-0.108234,2.58624,1.2939
252,-0.179508,2.58502,1.68483
252,-0.181915,2.58731,1.70488
252,-0.0403793,2.63479,1.20529
252,-0.105656,2.59584,1.13762
252,-0.0325671,2.65386,1.3077
252,-0.145414,2.58319,1.25969
252,-0.192289,2.60215,1.81215
252,-0.144539,2.58647,1.22653
252,-0.154413,2.58277,1.21496
252,-0.0990603,2.62377,1.30862
252,-0.10468,2.61278,1.19573
252,-0.143827,2.59014,1.1933
252,-0.106053,2.60975,1.1466
252,-0.141425,2.59004,1.1595
252,-0.106133,2.62629,1.31446
252,-0.0746537,2.6285,1.09534
252,-0.194062,2.60959,1.69742
252,-0.00988668,2.69434,1.38102
252,-0.171089,2.56874,1.01031
252,-0.126215,2.60761,1.15579
252,-0.194867,2.61712,1.75388
252,-0.123969,2.61296,1.16423
252,-0.186422,2.56057,0.962045
252,-0.116048,2.63065,1.30925
252,-0.059894,2.65982,1.25541
252,-0.0923412,2.62904,1.10307
252,-0.184967,2.56836,1.03265
252,-0.136427,2.60608,1.13991
252,-0.14384,2.60077,1.12675
252,-0.12167,2.61402,1.12503
252,-0.115559,2.61583,1.10005
252,-0.136711,2.6137,1.21942
252,-0.117197,2.63352,1.30862
252,-0.143903,2.60514,1.1503
252,-0.18473,2.58206,1.16093
252,-0.120665,2.61552,1.10155
252,-0.128759,2.61724,1.16253
252,-0.0857319,2.6516,1.25478
252,-0.128976,2.62002,1.11928
252,-0.15395,2.62487,1.33408
252,-0.0613894,2.67087,1.21617
252,-0.166674,2.60471,1.17002
252,-0.0889137,2.64716,1.118
252,-0.124202,2.64165,1.30184
252,-0.185201,2.60834,1.32991
252,-0.0386565,2.68713,1.21798
252,-0.0931392,2.65036,1.15933
252,-0.192249,2.60803,1.34625
252,-0.165141,2.61505,1.22317
252,-0.151449,2.61804,1.15699
252,-0.176962,2.59552,1.04365
252,-0.180999,2.61534,1.30772
252,-0.164791,2.61861,1.22048
252,-0.142086,2.63328,1.22525
252,-0.164529,2.62628,1.29273
252,-0.185173,2.59187,0.996785
252,-0.164886,2.62036,1.18584
252,-0.182876,2.61944,1.3001
252,-0.164192,2.62219,1.18923
252,-0.194275,2.6171,1.32857
252,-0.191586,2.61921,1.33067
252,-0.160017,2.63662,1.30499
252,-0.191782,2.62144,1.33655
252,-0.164332,2.62504,1.14824
252,-0.170052,2.63142,1.2218
252,-0.163901,2.6376,1.23358
252,-0.202513,2.60517,1.06945
252,-0.176482,2.63392,1.21115
252,-0.15425,2.64486,1.17914
252,-0.170874,2.64489,1.28785
252,-0.170015,2.64608,1.26809
252,-0.200833,2.60865,1.02165
252,-0.15931,2.65954,1.34017
252,-0.164202,2.65845,1.31636
252,-0.148874,2.65314,1.05104
252,-0.178757,2.65934,1.31031
252,-0.175834,2.6648,1.33912
252,-0.170646,2.65005,0.927817
252,-0.186492,2.57776,0.131602
252,-0.171665,2.66801,1.13345
252,-0.167397,2.66026,1.00128
252,-0.182754,2.68414,1.3357
252,-0.18937,2.58041,0.0521711
252,-0.186538,2.68897,1.34226
252,-0.17406,2.67953,1.09555
252,-0.198227,2.69821,0.93348
252,-0.194203,2.70592,0.916592
252,-0.197378,2.70255,0.893211
252,-1.53009,1.89124,0.0189306
252,-0.184333,2.75447,0.741549
252,-0.19833,2.79468,0.689466
252,-0.900238,2.49903,1.97224
252,-0.211647,2.80569,0.681519
252,-0.901434,2.50177,1.95651
252,-0.900715,2.51017,1.83466
252,-0.905144,2.50896,1.84787
252,-0.909116,2.50838,1.86473
252,-0.910815,2.52369,1.98275
252,-0.914591,2.51895,1.87609
252,-0.924911,2.5214,1.95988
252,-0.23853,2.8328,0.730861
252,-1.65301,1.96912,-0.0741485
252,-1.77303,2.01575,-0.160391
252,-1.77875,2.03561,-0.117626
252,-1.7614,2.05439,-0.0758665
252,-1.82295,2.02842,-0.164753
252,-1.85595,2.06117,-0.14564
252,-1.88186,2.05508,-0.217482
252,-1.93328,2.08544,-0.248782
252,-1.96776,2.14933,-0.182908
252,-2.11592,2.07182,-0.466827
252,-2.14525,2.08703,-0.486804
252,-2.02788,2.19896,-0.157916
252,-2.22375,2.07685,-0.541683
252,-1.87097,2.4952,1.8146
252,-1.87685,2.49942,1.83039
252,-2.01553,2.47635,2.14348
252,-1.91658,2.51915,1.87108
252,-1.91732,2.52049,1.85121
252,-2.05726,2.5097,2.11076
252,-1.98976,2.53367,1.84225
252,-2.01404,2.52933,1.82369
252,-1.23304,2.85956,0.122971
252,-2.0733,2.52109,1.82747
252,-1.99335,2.5888,2.02536
252,-2.08152,2.52634,1.85989
252,-1.99696,2.58409,1.88245
252,-2.02826,2.56883,1.85489
252,-2.04409,2.5704,1.85337
252,-1.26179,2.89819,0.122886
252,-2.0205,2.61154,2.06954
252,-2.18338,2.35736,-0.029027
252,-2.04178,2.62289,1.90472
252,-2.05018,2.49139,0.205626
252,-2.04499,2.63409,1.9194
252,-2.08958,2.49328,0.277384
252,-2.10506,2.63667,2.11961
252,-2.08436,2.49975,0.214599
252,-2.0701,2.64582,1.90835
252,-2.12918,2.4835,0.317674
252,-2.28693,2.37758,-0.050895
252,-2.29803,2.37276,-0.0596983
252,-2.13447,2.66848,2.13995
252,-2.01062,2.58827,0.145955
252,-2.35453,2.35884,-0.179883
252,-2.38408,2.34642,-0.262363
252,-2.12529,2.69508,2.12966
252,-2.09871,2.56617,0.212108
252,-2.24305,2.49773,0.183058
252,-2.16853,2.70288,2.02195
252,-1.41195,3.00536,0.0813749
252,-2.39945,2.39729,-0.194483
252,-2.18108,2.56204,0.223188
252,-2.27426,2.51518,0.188435
252,-2.07635,2.63082,0.138735
252,-2.20579,2.57082,0.238716
252,-2.18763,2.74282,2.15621
252,-2.31082,2.51606,0.177638
252,-2.0925,2.64863,0.178698
252,-2.34888,2.50429,0.185361
252,-2.33436,2.61978,1.37679
252,-2.42935,2.46849,0.0524939
252,-2.10118,2.67531,0.174143
252,-2.07367,2.69696,0.141782
252,-2.49314,2.43514,-0.0249013
252,-2.26149,2.60089,0.23782
252,-2.08178,2.70079,0.140099
252,-2.36793,2.53001,0.101255
252,-2.53855,2.39953,-0.264067
252,-2.11336,2.69065,0.18934
252,-2.3387,2.5563,0.164206
252,-2.35114,2.5496,0.163306
252,-2.14666,2.68507,0.167964
252,-2.91606,2.33341,1.3476
252,-2.1289,2.70895,0.184997
252,-2.54965,2.44675,-0.0851342
252,-2.91124,2.34822,1.35369
252,-2.98961,2.29684,-0.378412
252,-2.76084,2.57749,-0.0150024
252,-3.20845,2.40189,-0.725966
252,-2.96905,2.6433,-0.0480083
252,-3.1913,2.70864,-0.138614
252,-3.2187,2.69695,-0.121572
252,-3.27911,2.73153,-0.0768614
252,-2.94916,2.99338,0.23499
252,-3.77804,3.08058,0.0046882
252,-4.20476,3.00431,1.57557
252,-3.83554,3.62236,0.178037
252,-3.87494,3.66288,0.0626775
252,-4.0966,3.79767,0.133185
252,-0.112571,2.44896,0.497177
251,-0.112571,2.44896,0.497177
252,-0.0795036,2.36195,0.199267
251,-0.0795036,2.36195,0.199267
252,-0.0722031,2.36634,0.509202
251,-0.0722031,2.36634,0.509202
252,-1.22286,2.85598,0.129686
251,-1.22286,2.85598,0.129686
252,-0.101079,2.42343,0.494514
251,-0.101079,2.42343,0.494514
252,-0.0980139,2.4,0.188651
251,-0.0980139,2.4,0.188651
252,-0.137572,2.35125,0.28819
251,-0.137572,2.35125,0.28819
252,-0.202056,2.48115,0.258313
251,-0.202056,2.48115,0.258313
252,-0.0855111,2.64405,1.29429
251,-0.0855111,2.64405,1.29429
252,0.0162739,2.16965,0.409143
251,0.0162739,2.16965,0.409143
252,-0.223919,2.67266,0.303596
58,-0.223919,2.67266,0.303596
252,-0.157342,2.5904,0.805768
58,-0.157342,2.5904,0.805768
252,-1.89948,2.49498,0.242273
58,-1.89948,2.49498,0.242273
252,-0.194031,2.60632,0.191998
58,-0.194031,2.60632,0.191998
252,-0.191581,2.63714,1.00446
58,-0.191581,2.63714,1.00446
252,-0.241295,2.69873,0.323969
58,-0.241295,2.69873,0.323969
252,-2.12095,2.3892,0.226274
58,-2.12095,2.3892,0.226274
252,-0.234619,2.66931,0.175082
58,-0.234619,2.66931,0.175082
252,-0.298379,2.73277,0.238166
58,-0.298379,2.73277,0.238166
252,-0.221987,2.6512,0.34382
58,-0.221987,2.6512,0.34382
252,-2.2015,2.29775,-0.128081
58,-2.2015,2.29775,-0.128081
252,-0.210705,2.63493,0.35312
58,-0.210705,2.63493,0.35312
252,-0.297291,2.57278,0.226964
58,-0.297291,2.57278,0.226964
252,0.412016,2.57115,-0.211871
245,0.412016,2.57115,-0.211871
252,-0.239201,2.60559,0.259043
245,-0.239201,2.60559,0.259043
252,-0.20453,2.62043,0.126746
246,-0.20453,2.62043,0.126746
252,0.073731,1.97785,0.389011
246,0.073731,1.97785,0.389011
252,-0.0606285,2.35468,1.01387
244,-0.0606285,2.35468,1.01387
252,-0.195222,2.66762,1.30219
244,-0.195222,2.66762,1.30219
252,-0.182622,2.56395,1.05085
244,-0.182622,2.56395,1.05085
252,-0.0981945,2.3912,1.05521
244,-0.0981945,2.3912,1.05521
252,-0.189317,2.6752,1.30059
244,-0.189317,2.6752,1.30059
252,0.0212977,2.14535,1.11607
244,0.0212977,2.14535,1.11607
252,-0.0336946,2.57328,1.15138
238,-0.0336946,2.57328,1.15138
252,-0.170742,2.5463,0.109437
248,-0.170742,2.5463,0.109437
252,-0.297702,2.67126,0.168601
237,-0.297702,2.67126,0.168601
252,-1.74,1.96081,-0.162402
249,-1.74,1.96081,-0.162402
253,0.692208,2.73496,1.33611
253,0.678058,2.73308,1.32239
253,0.718589,2.79024,1.36427
253,0.701946,2.78669,1.3111
253,0.686483,2.78062,1.3355
253,-0.190263,2.45481,0.260128
253,-0.153764,2.48199,0.406747
253,-0.137508,2.49991,1.07629
253,-0.18686,2.46792,0.385294
253,-0.203185,2.47078,0.247932
253,-0.158178,2.51012,1.00196
253,-0.218015,2.48246,1.78349
253,-0.229066,2.46269,0.268602
253,-0.20793,2.47825,0.25647
253,-0.191656,2.49576,0.228867
253,-0.256894,2.47178,1.74351
253,-0.25456,2.4765,1.76567
253,-0.268567,2.47264,1.95738
253,-0.225817,2.49877,1.79
253,-0.251852,2.48777,1.97929
253,-0.225197,2.50783,1.80873
253,-0.224482,2.50815,1.79293
253,-0.263737,2.48472,1.76411
253,-0.262441,2.48639,1.76265
253,-0.226879,2.5098,1.97676
253,-0.264831,2.4859,1.77375
253,-0.254527,2.49461,1.96986
253,-0.270613,2.48512,1.96265
253,-0.226755,2.51025,1.78741
253,-0.239474,2.50552,1.98415
253,-0.242693,2.50477,1.97303
253,-0.240808,2.50973,1.97339
253,-0.169803,2.53819,0.507712
253,-0.177764,2.54734,1.82056
253,-0.195622,2.53056,0.381912
253,-0.170207,2.54738,0.43835
253,-0.271106,2.50397,1.94568
253,-0.163435,2.56332,1.28926
253,-0.171713,2.56401,1.25277
253,-0.168854,2.57572,1.29131
253,-0.170951,2.57503,1.33567
253,-0.174922,2.57035,1.00205
253,-0.14364,2.5993,1.30517
253,-0.185363,2.57329,1.05949
253,-0.209645,2.56647,1.78877
253,-0.174234,2.58344,1.32978
253,-0.183611,2.57501,1.01319
253,-0.0729797,2.64343,1.14049
253,-0.177112,2.57917,0.869723
253,-0.178754,2.58131,0.882572
253,-0.254124,2.54603,1.81194
253,-0.179831,2.58298,1.01836
253,-0.0810441,2.64312,1.16631
253,-0.176051,2.58632,1.05098
253,-0.175555,2.58678,1.03808
253,-0.180965,2.58395,0.9019
253,-0.183332,2.58457,1.07015
253,-0.179259,2.58741,1.0497
253,-0.18939,2.58238,0.940356
253,-0.190516,2.58255,0.959761
253,-0.210108,2.58013,1.79698
253,-0.122779,2.62962,1.06906
253,-0.134148,2.6229,1.02167
253,-0.202872,2.59239,1.78005
253,-0.153412,2.61819,1.34212
253,-0.188491,2.58998,0.192559
253,-0.183229,2.60417,1.30076
253,-0.196381,2.6016,1.59616
253,-0.191503,2.6065,1.67465
253,-0.145802,2.62783,1.04513
253,-0.186434,2.60667,1.34034
253,-0.148545,2.62736,1.09983
253,-0.192878,2.60494,1.31685
253,-0.151329,2.62899,1.1391
253,-0.202067,2.61008,1.84215
253,-0.192367,2.61649,1.72108
253,-0.197989,2.6133,1.72155
253,-0.194134,2.61651,1.71891
253,-0.196609,2.61552,1.58953
253,-0.14554,2.64232,1.08536
253,-0.197621,2.61701,1.59654
253,-0.197508,2.61809,1.5859
253,-0.198081,2.60399,0.0984256
253,-0.147843,2.64381,1.11692
253,-0.198733,2.62089,1.80496
253,-0.20426,2.62116,2.02792
253,-0.199765,2.62189,1.81633
253,-0.149532,2.64783,1.27479
253,-0.172201,2.6384,1.29773
253,-0.204466,2.62785,1.96659
253,-0.198526,2.62088,0.265152
253,-0.194166,2.6238,0.27084
253,-0.175961,2.64522,1.31468
253,-0.185654,2.64042,0.969649
253,-0.205154,2.62506,0.130511
253,-0.205901,2.6254,0.141331
253,-0.182983,2.65977,1.31896
253,-0.175841,2.665,1.31775
253,-0.180079,2.6653,1.36255
253,-0.133008,2.69543,1.37707
253,-0.18422,2.67208,1.73161
253,-0.214046,2.65663,1.67889
253,-0.190647,2.67456,1.35979
253,-0.218071,2.64939,-0.0627411
253,-0.149633,2.71978,1.37371
253,-0.227845,2.65963,-0.0615602
253,-0.197023,2.69755,1.78351
253,-0.153412,2.72403,1.38107
253,-0.16193,2.73297,1.37246
253,-0.163789,2.73856,1.82443
253,-0.522778,2.5295,1.8758
253,-0.164967,2.74165,1.36502
253,-0.522106,2.5511,1.991
253,-0.522014,2.55214,1.97888
253,-0.189411,2.75022,1.41879
253,-0.525449,2.55657,1.99477
253,-0.532423,2.56286,1.99833
253,-0.199831,2.76775,1.79733
253,-0.174828,2.78344,1.73956
253,-0.197676,2.7701,1.65256
253,-0.255697,2.72635,-0.0859162
253,-0.206465,2.77517,1.80043
253,-0.174804,2.79651,1.80301
253,-0.20521,2.78115,1.7324
253,-0.204809,2.78276,1.71288
253,-0.949714,2.38181,1.93905
253,-0.9502,2.40537,1.96331
253,-0.900768,2.45305,1.81642
253,-0.916992,2.46425,1.81611
253,-0.945972,2.47934,1.84867
253,-0.950528,2.48583,1.83929
253,-0.905702,2.5119,1.76921
253,-0.91008,2.51237,1.83634
253,-0.907014,2.51432,1.7604
253,-0.909991,2.51318,1.8245
253,-0.912471,2.51401,1.85531
253,-0.925329,2.52812,1.85702
253,-0.92343,2.53344,2.0458
253,-0.921703,2.53516,2.04616
253,-0.936702,2.53248,1.99122
253,-0.984961,2.51798,1.98896
253,-0.941068,2.55391,2.02165
253,-0.987798,2.52719,0.230474
253,-0.960694,2.57793,2.04599
253,-1.00268,2.55472,0.229439
253,-1.06316,2.57737,0.219363
253,-1.02265,2.60853,0.253646
253,-1.0784,2.68201,0.178936
253,-1.0074,2.74022,0.149544
253,-1.11872,2.7225,0.189688
253,-1.12406,2.73848,0.167737
253,-1.16625,2.71533,0.183319
253,-1.17554,2.7314,0.162561
253,-1.18654,2.7936,0.221173
253,-1.81128,2.44256,1.71056
253,-1.8154,2.44436,1.73913
253,-1.83489,2.45818,1.77959
253,-1.83059,2.47195,2.47585
253,-1.83508,2.46679,1.7204
253,-1.83888,2.479,2.43888
253,-1.86029,2.47714,1.81557
253,-1.83,2.50358,2.46489
253,-1.30489,2.79361,0.130407
253,-1.85225,2.49475,2.39801
253,-1.86692,2.48144,1.74411
253,-1.83423,2.5085,2.44263
253,-1.87863,2.48357,2.4323
253,-1.867,2.4875,1.82203
253,-1.87179,2.48443,1.76233
253,-1.84039,2.5155,2.4131
253,-1.14016,2.91057,0.103463
253,-1.85324,2.52202,2.4325
253,-1.85625,2.52458,1.84265
253,-1.89361,2.52515,2.44211
253,-1.9287,2.49928,1.77198
253,-1.89882,2.53078,2.4209
253,-1.33966,2.84298,0.12425
253,-1.8917,2.54716,2.06618
253,-1.95491,2.51156,1.78306
253,-1.92651,2.53409,2.05813
253,-1.95855,2.5133,1.80468
253,-1.96188,2.51246,1.77776
253,-1.90342,2.55299,2.04385
253,-1.89977,2.55757,2.06654
253,-1.90803,2.5588,2.01023
253,-1.90512,2.56127,1.92372
253,-1.91131,2.57162,1.92903
253,-1.96232,2.55413,2.10354
253,-1.98707,2.53984,2.08624
253,-1.38703,2.88248,0.109643
253,-1.96555,2.56223,2.13458
253,-1.97575,2.56332,2.13798
253,-1.97899,2.56346,2.11948
253,-1.99826,2.55778,2.08812
253,-2.03386,2.5593,1.79175
253,-2.12052,2.51433,0.235552
253,-1.96769,2.60522,0.184961
253,-1.96892,2.60551,0.197636
253,-2.05178,2.574,1.7863
253,-2.17385,2.50682,1.38006
253,-2.03368,2.60126,1.83993
253,-2.06986,2.5858,1.8358
253,-1.96454,2.65052,1.92335
253,-2.05095,2.61304,1.88232
253,-1.97717,2.66061,1.93678
253,-1.94757,2.68208,2.0704
253,-2.24427,2.49196,0.187982
253,-1.4879,2.96145,0.0794456
253,-2.1906,2.5531,0.232425
253,-1.50283,2.96501,0.0676246
253,-2.25847,2.5586,1.38694
253,-1.51325,2.99106,0.0624534
253,-2.4235,2.45344,0.048672
253,-1.51607,2.99375,0.069208
253,-2.3025,2.54156,0.132858
253,-2.49073,2.45034,-0.076157
253,-2.40408,2.50814,0.136482
253,-2.03533,2.75882,2.11215
253,-2.1053,2.72015,2.16642
253,-2.45123,2.49992,0.0764227
253,-1.90919,2.83293,0.104439
253,-2.49221,2.48707,0.0332997
253,-2.12578,2.72893,2.17565
253,-2.9107,2.35154,1.36117
253,-2.96208,2.35234,1.36308
253,-2.1849,2.89268,2.16919
253,-2.26964,2.96371,2.23298
253,-2.52092,3.14695,2.35503
253,-2.61019,3.21275,2.36238
253,-3.1072,3.6072,2.55274
253,-3.17693,3.65378,2.6014
253,-3.31687,3.78048,2.6836
253,-0.128128,2.75535,1.10076
251,-0.128128,2.75535,1.10076
253,0.665412,2.76002,1.0652
251,0.665412,2.76002,1.0652
253,-0.217497,2.64951,0.421939
58,-0.217497,2.64951,0.421939
253,-0.217497,2.64951,0.421939
58,-0.217497,2.64951,0.421939
253,-0.210051,2.65368,0.432698
58,-0.210051,2.65368,0.432698
253,-0.209814,2.64609,0.419175
58,-0.209814,2.64609,0.419175
253,-0.150122,2.46552,0.361766
244,-0.150122,2.46552,0.361766
253,-0.225233,2.65047,0.00662853
250,-0.225233,2.65047,0.00662853
254,0.184874,1.28258,1.34713
254,-0.145808,1.85868,1.54997
254,-0.180428,1.86053,1.59198
254,-0.2093,1.89672,1.58543
254,-0.212277,1.90052,1.60165
254,-0.513272,1.94088,0.557189
254,0.714496,2.75654,1.35984
254,0.698066,2.77303,1.31327
254,-0.088909,2.45019,1.30162
254,-0.197726,2.44117,0.271596
254,-0.0529593,2.50409,1.34498
254,-0.176035,2.45866,0.52969
254,-0.179717,2.47232,0.425373
254,-0.516906,2.2284,1.87372
254,-0.255146,2.42783,0.425458
254,-0.217638,2.46845,0.254065
254,-0.174897,2.4759,0.908274
254,-0.262618,2.45072,0.342665
254,-0.214151,2.48261,0.251397
254,-0.161513,2.50932,0.447165
254,-0.144534,2.49472,1.32632
254,-0.215113,2.48393,0.259883
254,-0.173146,2.49372,0.87817
254,-0.158696,2.51907,0.49348
254,-0.150954,2.49463,1.55396
254,-0.245807,2.43318,1.75218
254,-0.273834,2.42227,1.72093
254,-0.146904,2.50331,1.70731
254,-0.2204,2.46102,1.66387
254,-0.261611,2.47657,0.261911
254,-0.166962,2.52823,0.490967
254,-0.15576,2.50475,1.57265
254,-0.542405,2.26421,1.88891
254,-0.160358,2.5228,0.904347
254,-0.160704,2.52275,0.91345
254,-0.272195,2.47283,0.315171
254,-0.184322,2.50998,0.903184
254,-0.184645,2.50986,0.912293
254,-0.18468,2.51434,0.86661
254,-0.169853,2.49906,1.7462
254,-0.154175,2.52172,1.32826
254,-0.267334,2.48487,0.263494
254,-0.154672,2.52501,1.34154
254,-0.154545,2.52564,1.33205
254,-0.172845,2.53948,0.463141
254,-0.16132,2.52378,1.28286
254,-0.27977,2.47705,0.489724
254,-0.287224,2.43734,1.7601
254,-0.164565,2.52506,1.30572
254,-0.156671,2.53116,1.32975
254,-0.158128,2.52324,1.58792
254,-0.157371,2.53256,1.29925
254,-0.235158,2.5169,0.255046
254,-0.282879,2.48875,0.318382
254,-0.322234,2.47026,0.281146
254,-0.143604,2.55343,1.15371
254,-0.21842,2.53032,0.40002
254,-0.118351,2.57288,1.06293
254,-0.21074,2.48903,2.05057
254,-0.258921,2.47206,1.76126
254,-0.160823,2.5445,1.29971
254,-0.284317,2.499,0.302989
254,-0.259057,2.47336,1.7505
254,-0.14497,2.56054,1.1173
254,-0.176132,2.56196,0.446336
254,-0.114786,2.58428,1.10989
254,-0.109001,2.58615,1.19348
254,-0.306884,2.45129,1.76585
254,-0.309804,2.44944,1.77214
254,-0.289056,2.50078,0.491002
254,-0.131979,2.57824,1.10935
254,-0.193929,2.51467,2.06606
254,-0.294036,2.5007,0.508294
254,-0.284033,2.50923,0.445559
254,-0.242858,2.50254,1.67872
254,-0.136333,2.58193,1.18403
254,-0.171749,2.55853,1.28903
254,-0.144521,2.5824,1.1375
254,-0.293842,2.51916,0.286996
254,-0.12922,2.59457,1.12914
254,-0.32072,2.50487,0.268521
254,-0.29341,2.47425,1.97899
254,-0.288829,2.52242,0.410519
254,-0.177136,2.55243,1.80225
254,-0.294999,2.52294,0.409494
254,-0.286054,2.48351,1.99438
254,-0.301063,2.52581,0.241302
254,-0.133873,2.59906,1.20436
254,-0.304518,2.52566,0.239616
254,-0.576645,2.31672,1.91017
254,-0.289801,2.48842,1.97501
254,-0.503125,2.36285,1.91219
254,-0.347841,2.46014,1.79035
254,-0.191754,2.59307,0.429269
254,-0.291559,2.49763,1.74853
254,-0.316026,2.48822,1.77828
254,-0.304189,2.49709,1.75209
254,-0.295097,2.49618,1.9828
254,-0.377308,2.45296,1.80201
254,-0.2983,2.50602,1.74922
254,-0.519062,2.36912,1.90609
254,-0.480573,2.39881,1.75911
254,-0.292628,2.50776,2.00259
254,-0.202641,2.6128,0.348234
254,-0.163779,2.60926,1.31783
254,-0.500144,2.39066,1.90599
254,-0.345863,2.53081,0.258258
254,-0.297351,2.51151,1.98939
254,-0.586937,2.34212,1.91957
254,-0.208351,2.62047,0.264066
254,-0.208281,2.62084,0.258552
254,-0.303969,2.52136,1.75597
254,-0.307681,2.51242,2.01851
254,-0.524328,2.38549,1.92041
254,-0.504917,2.3983,1.91403
254,-0.176328,2.6215,1.06053
254,-0.346511,2.54635,0.239616
254,-0.511394,2.41492,1.84874
254,-0.339097,2.56722,0.23021
254,-0.534089,2.40286,1.91574
254,-0.247675,2.57113,2.09968
254,-0.420187,2.47682,1.9958
254,-0.796715,2.31323,0.449413
254,-0.615408,2.38358,1.94124
254,-0.530501,2.4396,1.78234
254,-0.839038,2.29283,0.433283
254,-0.843797,2.29444,0.42789
254,-0.361521,2.59843,0.218958
254,-0.524063,2.45161,1.95465
254,-0.542981,2.46088,1.78582
254,-0.541677,2.46017,1.93895
254,-0.543931,2.46316,1.95023
254,-0.520791,2.47643,1.98666
254,-0.821303,2.34045,0.434239
254,-0.498343,2.495,1.97536
254,-0.520297,2.48216,1.97614
254,-0.543114,2.47335,1.96856
254,-0.467943,2.52503,2.00967
254,-0.573271,2.47075,1.80422
254,-0.530511,2.49193,1.97725
254,-0.571597,2.47111,1.95758
254,-0.454133,2.54064,2.01878
254,-0.531598,2.49782,1.99034
254,-0.528754,2.49978,1.98554
254,-0.535969,2.5013,1.98153
254,-0.556249,2.49572,1.97598
254,-0.484173,2.53589,2.31951
254,-0.557929,2.50521,1.98081
254,-0.210169,2.73398,1.36871
254,-0.597541,2.49715,1.81822
254,-0.509737,2.54368,2.04486
254,-0.675639,2.44945,1.95391
254,-0.54322,2.52922,2.00978
254,-0.517327,2.54874,2.05697
254,-0.500663,2.56209,2.03261
254,-0.504109,2.56359,2.00105
254,-0.523109,2.55213,2.01876
254,-0.517545,2.5558,2.06138
254,-0.529349,2.55026,2.02151
254,-0.517669,2.55741,2.04511
254,-0.540044,2.54997,1.87076
254,-0.597481,2.51287,1.9608
254,-0.545305,2.54656,1.89668
254,-0.52487,2.56693,2.05708
254,-0.504538,2.58212,2.03471
254,-0.602337,2.52581,1.97175
254,-0.901484,2.38334,0.720083
254,-0.556996,2.56418,1.85123
254,-0.505999,2.59387,2.03111
254,-0.954366,2.32745,1.93375
254,-0.229272,2.78084,1.39065
254,-0.517195,2.59546,2.036
254,-0.953416,2.3383,1.95271
254,-0.515721,2.60518,2.03693
254,-0.516488,2.6088,2.04698
254,-0.976579,2.35636,1.94568
254,-0.930357,2.43452,0.269166
254,-0.984099,2.4126,0.272231
254,-0.579917,2.62104,1.83604
254,-0.992175,2.37191,1.98394
254,-0.987299,2.37636,1.95781
254,-0.959567,2.40819,1.76777
254,-0.997557,2.38339,1.9828
254,-0.969474,2.40649,1.96814
254,-0.967715,2.40922,1.97972
254,-1.00844,2.38987,2.0014
254,-1.0443,2.41858,0.288332
254,-1.02278,2.39178,1.74163
254,-0.964378,2.47198,0.258899
254,-1.02505,2.40485,1.75642
254,-0.972533,2.48238,0.255603
254,-0.987171,2.43722,1.99069
254,-0.602393,2.67437,1.85521
254,-0.927656,2.5314,0.755812
254,-0.612405,2.69093,1.87432
254,-0.972319,2.48342,1.77185
254,-0.970359,2.51365,1.77974
254,-0.971107,2.51421,2.0844
254,-0.986462,2.51966,1.7863
254,-0.987419,2.52218,1.76895
254,-0.995649,2.53413,1.78832
254,-0.967343,2.5328,2.49243
254,-0.918917,2.57508,2.09396
254,-0.934961,2.58322,2.07792
254,-0.896155,2.61055,2.06481
254,-0.990503,2.55514,2.03872
254,-0.996595,2.55853,2.05813
254,-0.996453,2.55914,2.04723
254,-0.942902,2.59348,2.09064
254,-0.996798,2.56242,2.05512
254,-1.0358,2.55475,1.78327
254,-0.971173,2.58662,2.04946
254,-0.968582,2.59003,2.04254
254,-0.951437,2.6053,2.1007
254,-0.956206,2.61502,1.8254
254,-0.993924,2.58754,2.02257
254,-1.1564,2.54786,0.234852
254,-0.902519,2.65284,2.07699
254,-1.24352,2.45117,2.01207
254,-1.01936,2.58452,2.07104
254,-1.03586,2.63091,0.2175
254,-0.998296,2.60231,2.04961
254,-0.779272,2.79196,0.163647
254,-1.01764,2.63919,0.495298
254,-0.969692,2.6269,2.10489
254,-1.0271,2.64642,0.509394
254,-1.00942,2.61805,1.89495
254,-1.01024,2.62082,1.87249
254,-1.03542,2.65427,0.186437
254,-1.14037,2.59146,0.207651
254,-1.04329,2.65914,0.187377
254,-0.999764,2.69866,0.2008
254,-1.0377,2.67446,0.559308
254,-0.996625,2.71167,0.180086
254,-1.43178,2.39739,2.01517
254,-0.934278,2.69558,2.08263
254,-1.28773,2.49469,2.03369
254,-1.01599,2.71715,0.219545
254,-1.05086,2.697,0.487827
254,-0.854932,2.8426,0.139957
254,-1.01599,2.75274,0.185353
254,-1.02535,2.74998,0.169229
254,-1.34783,2.54644,2.05275
254,-1.03065,2.81647,0.14651
254,-1.2203,2.67084,1.37644
254,-1.48915,2.5147,2.45331
254,-1.49201,2.51937,2.46268
254,-1.20313,2.7736,0.757316
254,-1.51188,2.54604,2.51435
254,-1.55026,2.52517,2.54724
254,-1.52077,2.54547,2.52116
254,-1.41729,2.63336,2.09573
254,-1.42059,2.63864,2.09743
254,-1.53053,2.56373,2.61335
254,-1.5318,2.57149,2.6242
254,-1.63106,2.53881,2.62552
254,-1.63979,2.54686,2.59218
254,-1.65908,2.53723,2.61251
254,-1.71129,2.5077,2.61086
254,-1.66309,2.54204,2.63475
254,-1.64377,2.5555,2.63485
254,-1.67696,2.54491,2.58575
254,-1.67841,2.5455,2.59849
254,-1.66294,2.56617,2.58371
254,-1.66374,2.56802,2.56737
254,-1.74353,2.52392,2.47833
254,-1.67568,2.57013,2.53621
254,-1.69729,2.55805,2.50944
254,-1.67764,2.57363,2.51206
254,-1.74092,2.53461,2.62892
254,-1.68684,2.57286,2.51896
254,-1.69612,2.56732,2.61494
254,-1.78174,2.52054,2.55002
254,-1.69576,2.58257,2.50419
254,-1.76994,2.54047,2.42839
254,-1.69698,2.58321,2.4767
254,-1.72238,2.57333,2.46902
254,-1.7178,2.57453,2.52646
254,-1.80108,2.52646,2.48119
254,-1.774,2.55339,2.43463
254,-1.80063,2.53334,2.62342
254,-1.73271,2.58972,2.51527
254,-1.81755,2.54332,2.45381
254,-1.79459,2.568,2.4659
254,-1.79391,2.56731,2.5101
254,-1.82478,2.55131,2.45886
254,-1.79792,2.56836,2.50929
254,-1.80674,2.56661,2.44867
254,-1.83044,2.55767,2.44051
254,-1.75553,2.60256,2.45148
254,-1.88427,2.54456,1.77266
254,-1.8927,2.54628,1.71492
254,-1.59593,2.70154,2.69517
254,-1.89633,2.55121,1.68685
254,-1.92592,2.5313,1.82522
254,-1.54309,2.75418,2.15226
254,-1.84691,2.56517,2.40982
254,-1.93508,2.53811,1.84276
254,-1.83837,2.58351,2.39028
254,-1.85042,2.5835,2.60251
254,-1.9159,2.57069,1.70916
254,-1.89567,2.58304,1.76824
254,-1.85425,2.58541,2.59165
254,-1.73379,2.72949,0.155783
254,-1.98124,2.53685,1.7251
254,-1.89812,2.58748,1.73225
254,-1.91048,2.56377,2.43675
254,-1.92344,2.57828,1.6936
254,-1.93115,2.55416,2.4294
254,-1.93367,2.57889,1.72617
254,-1.88046,2.59088,2.48253
254,-1.7647,2.72965,0.151067
254,-1.72662,2.75323,0.145386
254,-1.76697,2.72985,0.150689
254,-1.88335,2.59476,2.46307
254,-1.78763,2.65896,2.49221
254,-1.91681,2.60561,1.70807
254,-1.8084,2.65012,2.49274
254,-1.92076,2.60163,1.82768
254,-1.2917,3.01096,0.763859
254,-1.72208,2.77032,0.141267
254,-1.92319,2.58284,2.5641
254,-1.7314,2.76832,0.140546
254,-1.89198,2.60663,2.43709
254,-1.95117,2.58988,1.79522
254,-1.88226,2.60766,2.6861
254,-1.87679,2.61116,2.6992
254,-2.01119,2.55776,1.79582
254,-1.92558,2.61103,1.74616
254,-1.85436,2.64506,2.17872
254,-1.9311,2.58631,2.62194
254,-1.76753,2.7617,0.148709
254,-1.943,2.59106,2.49543
254,-1.74129,2.78059,0.138689
254,-2.0207,2.56451,1.81655
254,-1.8613,2.65823,1.919
254,-1.96029,2.58338,2.49574
254,-1.76863,2.76792,0.14389
254,-1.79939,2.683,2.48651
254,-1.93949,2.61941,1.77296
254,-1.88881,2.63239,2.39224
254,-1.94172,2.61892,1.84937
254,-1.81809,2.75459,0.147689
254,-1.91823,2.63084,2.39717
254,-1.97806,2.59177,2.61296
254,-1.959,2.61153,2.39724
254,-1.95697,2.6333,1.83639
254,-1.95952,2.63345,1.83303
254,-1.93476,2.64829,1.83788
254,-1.82353,2.77236,0.138423
254,-1.90422,2.65791,2.53761
254,-1.79825,2.79196,0.138889
254,-1.96775,2.64059,1.87298
254,-1.83683,2.76916,0.133335
254,-2.02398,2.65698,0.178657
254,-1.99038,2.60907,2.5703
254,-1.951,2.6458,2.40924
254,-2.00144,2.61522,2.62868
254,-2.00538,2.6158,2.54088
254,-2.0059,2.61489,2.56282
254,-1.76274,2.77731,2.20326
254,-2.00989,2.62098,2.52177
254,-2.01125,2.6235,2.50083
254,-2.08364,2.59889,1.84385
254,-2.01406,2.62725,2.48066
254,-1.96636,2.66063,2.39569
254,-2.02741,2.642,2.43334
254,-1.9795,2.67717,2.39894
254,-1.91552,2.73184,1.94078
254,-2.01797,2.65731,2.46233
254,-2.00493,2.68115,1.91086
254,-2.07302,2.69978,0.187134
254,-2.05048,2.64768,2.53233
254,-2.00746,2.68592,2.41493
254,-2.24875,2.57066,1.38125
254,-1.93702,2.74977,1.93876
254,-1.97104,2.75807,1.94443
254,-1.95411,2.77778,1.9862
254,-1.97888,2.75935,2.24976
254,-2.10141,2.69662,2.46679
254,-2.02695,2.75465,2.24618
254,-2.31619,2.62065,1.41687
254,-2.32182,2.67444,0.204239
254,-1.86319,2.93533,2.25455
254,-2.19292,2.77122,2.48249
254,-2.0828,2.86735,2.34527
254,-1.6561,3.31637,0.732214
254,-2.05047,3.05788,2.33258
254,-2.26243,2.97156,2.24294
254,-2.35514,2.92042,2.37631
254,-2.17898,3.1951,2.40227
254,-2.36713,3.122,2.51569
254,-2.63326,3.24059,2.53695
254,-2.39199,3.3892,2.49733
254,-2.68287,3.40589,2.61155
254,-2.75783,3.46037,2.61859
254,-2.80576,3.5256,2.65343
254,-2.98145,3.55608,2.68194
254,-3.61262,4.15387,2.81797
254,-4.49216,4.77161,3.10984
254,-1.76612,2.52065,2.12787
59,-1.76612,2.52065,2.12787
254,-1.682,2.44638,2.03207
59,-1.682,2.44638,2.03207
254,-1.48933,2.36536,1.79598
59,-1.48933,2.36536,1.79598
254,-1.03487,2.60071,1.83964
59,-1.03487,2.60071,1.83964
254,-1.02427,2.55448,0.437939
59,-1.02427,2.55448,0.437939
254,-0.954605,2.51237,0.565943
59,-0.954605,2.51237,0.565943
254,-1.75715,2.43702,0.263913
59,-1.75715,2.43702,0.263913
254,-1.72625,2.40233,0.282779
59,-1.72625,2.40233,0.282779
254,-0.955124,2.51314,0.56206
59,-0.955124,2.51314,0.56206
254,-0.9578,2.50994,0.566346
59,-0.9578,2.50994,0.566346
254,-0.162549,2.60722,1.38321
59,-0.162549,2.60722,1.38321
254,-1.02528,2.58069,0.524403
59,-1.02528,2.58069,0.524403
254,-1.08137,2.54709,1.70941
59,-1.08137,2.54709,1.70941
254,-0.930335,2.53737,0.722209
59,-0.930335,2.53737,0.722209
254,-0.605347,2.63284,1.83697
60,-0.605347,2.63284,1.83697
254,-0.990057,2.54518,0.627891
60,-0.990057,2.54518,0.627891
254,-2.2788,2.88545,2.30713
61,-2.2788,2.88545,2.30713
254,-0.98833,2.48549,0.273038
80,-0.98833,2.48549,0.273038
254,-1.05597,2.44596,0.266712
80,-1.05597,2.44596,0.266712
254,-1.10423,4.66591,0.857321
17,-1.10423,4.66591,0.857321
254,-0.761966,1.67022,1.56118
160,-0.761966,1.67022,1.56118
254,-0.165262,3.00239,1.35358
160,-0.165262,3.00239,1.35358
255,0.761657,0.772796,0.671028
255,0.709932,2.61483,-0.218992
255,0.706075,2.62738,-0.179969
255,0.702193,2.62156,-0.224634
255,0.701194,2.63747,-0.165704
255,0.70374,2.64088,-0.223469
255,0.650962,2.61009,-0.284012
255,0.625525,2.59397,-0.290952
255,0.678688,2.63881,-0.240267
255,0.69967,2.66062,-0.188508
255,0.636904,2.63302,-0.123701
255,0.618181,2.6205,-0.167809
255,0.636076,2.63889,-0.119954
255,0.641399,2.64646,-0.131446
255,0.616309,2.61807,-0.229818
255,0.591408,2.59528,-0.28319
255,0.557753,2.59458,-0.221413
255,0.528026,2.58653,-0.171751
255,0.586513,2.60857,-0.289064
255,0.585021,2.62465,-0.179503
255,0.583594,2.62849,-0.165873
255,0.5639,2.61584,-0.170076
255,0.504979,2.58129,-0.159207
255,0.577389,2.62985,-0.176175
255,0.527608,2.60633,-0.22498
255,0.519824,2.61822,-0.137252
255,0.521631,2.60838,-0.222967
255,0.501181,2.59069,-0.292984
255,0.560657,2.64389,-0.186616
255,0.51964,2.6229,-0.167879
255,0.561779,2.64001,-0.23179
255,0.552531,2.63477,-0.232232
255,0.546503,2.64776,-0.17078
255,0.518335,2.62198,-0.22836
255,0.523027,2.62605,-0.234343
255,0.556933,2.66128,-0.154382
255,0.554966,2.6618,-0.174366
255,0.446624,2.57772,-0.297123
255,0.466588,2.59211,-0.285425
255,0.465991,2.6069,-0.186182
255,0.464427,2.60911,-0.16835
255,0.471284,2.61266,-0.177505
255,0.474839,2.60889,-0.221048
255,0.493864,2.62293,-0.233197
255,-0.21833,2.48354,1.77631
255,-0.223206,2.46341,1.60491
255,0.406703,2.56447,-0.337382
255,0.46432,2.61711,-0.228216
255,0.389895,2.55262,-0.354021
255,0.446334,2.60776,-0.22136
255,0.407864,2.59165,-0.17719
255,0.406179,2.59452,-0.159534
255,0.416791,2.5821,-0.286736
255,0.403688,2.5836,-0.223372
255,0.49148,2.63448,-0.248861
255,0.405299,2.57751,-0.276378
255,0.397794,2.5974,-0.17283
255,0.409022,2.60688,-0.15809
255,0.395435,2.60056,-0.145698
255,0.403162,2.59525,-0.217433
255,0.427535,2.62004,-0.158361
255,0.400539,2.59181,-0.244898
255,0.457455,2.63599,-0.189939
255,0.360413,2.56586,-0.259651
255,0.403296,2.599,-0.23034
255,0.435096,2.60806,-0.306244
255,0.435079,2.63398,-0.177654
255,0.37435,2.5789,-0.2986
255,0.381636,2.59847,-0.20824
255,0.396933,2.61255,-0.181117
255,0.403827,2.60148,-0.29255
255,0.386537,2.58388,-0.351242
255,0.344304,2.57653,-0.27784
255,0.350189,2.58539,-0.289473
255,0.374021,2.61696,-0.181349
255,0.343155,2.58378,-0.290911
255,0.330614,2.58417,-0.251206
255,-0.266654,2.47742,1.42441
255,0.339921,2.61817,-0.18307
255,-0.279838,2.50309,1.45292
255,-0.180022,2.59124,1.61234
255,-0.179193,2.59092,1.597
255,-0.16674,2.56493,1.36229
255,-0.280857,2.50672,1.43829
255,-0.292992,2.55863,1.80796
255,-0.284077,2.50747,1.42484
255,-0.266231,2.56523,1.73647
255,-0.250642,2.40412,0.540723
255,-0.156806,2.54209,1.06371
255,-0.289778,2.52027,1.40377
255,-0.167498,2.54921,1.08362
255,-0.269244,2.60263,1.78593
255,-0.253218,2.44227,0.542017
255,-0.175688,2.6274,1.4025
255,-0.260564,2.44539,0.534727
255,-0.262359,2.44839,0.545466
255,-0.265629,2.46128,0.539889
255,-0.260325,2.46106,0.503033
255,-0.26193,2.46564,0.490243
255,-0.509377,2.51799,1.78537
255,-0.51317,2.52559,1.77702
255,-0.56326,2.50609,1.84132
255,-0.566391,2.50615,1.81834
255,-0.551613,2.53217,1.82321
255,-0.523657,2.55114,1.82427
255,-0.260462,2.48633,0.263009
255,-0.579553,2.52648,1.84677
255,-0.284029,2.48974,0.26856
255,-0.262787,2.509,0.28991
255,-0.607095,2.53366,1.83297
255,-0.306677,2.49065,0.274935
255,-0.329985,2.48053,0.277301
255,-0.629259,2.54708,1.83848
255,-0.628272,2.55339,1.84003
255,-0.630433,2.55708,1.84134
255,-1.00609,2.38313,1.77979
255,-1.01848,2.40792,1.78723
255,-0.621192,2.52653,0.255128
255,-0.897743,2.59809,1.862
255,-1.21841,2.4246,2.00404
255,-0.910191,2.41055,0.485075
255,-0.908354,2.46058,0.608388
255,-0.59537,2.59658,0.211705
255,-0.595488,2.59711,0.205049
255,-1.02308,2.3495,0.311464
255,-0.670612,2.55625,0.233085
255,-0.647119,2.57393,0.234834
255,-0.621099,2.59528,0.223027
255,-0.620216,2.59743,0.222699
255,-0.613865,2.60482,0.222094
255,-0.68282,2.56932,0.230255
255,-0.590095,2.62599,0.21258
255,-0.592461,2.63095,0.19795
255,-0.630915,2.62576,0.217122
255,-0.66826,2.60948,0.233422
255,-0.607389,2.64989,0.213302
255,-1.27295,2.5162,2.04329
255,-0.589584,2.66583,0.190594
255,-0.713106,2.6068,0.208279
255,-0.971039,2.46355,0.294406
255,-0.695663,2.64802,0.229063
255,-0.749823,2.63257,0.195774
255,-1.30628,2.57629,2.06244
255,-1.04025,2.47345,0.265367
255,-0.904863,2.57796,0.284965
255,-0.912656,2.5903,0.23256
255,-0.911487,2.60933,0.221782
255,-1.1023,2.49663,0.240071
255,-0.80004,2.68241,0.205921
255,-0.980331,2.58211,0.211775
255,-1.56342,2.5089,2.11218
255,-1.52147,2.53844,1.82713
255,-0.954126,2.6505,0.201651
255,-1.59981,2.54339,2.12896
255,-1.5641,2.57611,2.14241
255,-1.61796,2.50337,1.87697
255,-1.62137,2.50652,1.86498
255,-1.62628,2.50119,1.81803
255,-1.54445,2.56637,1.84311
255,-1.77014,2.42049,1.78885
255,-1.76491,2.42688,1.71271
255,-1.7563,2.45737,1.79681
255,-1.75913,2.46025,1.8112
255,-1.75943,2.45919,1.75053
255,-1.78453,2.45639,1.82677
255,-1.57076,2.59392,1.86251
255,-1.78822,2.46003,1.8415
255,-1.8563,2.41971,1.80838
255,-1.82887,2.44556,1.83366
255,-1.78198,2.44924,1.61533
255,-1.83743,2.44128,1.79154
255,-1.78235,2.45314,1.61223
255,-1.84556,2.44941,1.83332
255,-1.79533,2.4614,1.69348
255,-1.77066,2.46958,1.64361
255,-1.85895,2.43304,1.7433
255,-1.78831,2.45867,1.62028
255,-1.85823,2.43191,1.72339
255,-1.88212,2.43177,1.81412
255,-1.79266,2.45708,1.60987
255,-1.86277,2.43687,1.76411
255,-1.78014,2.4788,1.67178
255,-1.5482,2.65669,1.89198
255,-1.61171,2.63372,1.87513
255,-1.7852,2.4811,1.56779
255,-1.8864,2.44967,1.77141
255,-1.88134,2.44343,1.69848
255,-1.87332,2.47131,1.84565
255,-1.88612,2.44881,1.74751
255,-1.8844,2.4467,1.72317
255,-1.80109,2.50266,1.58757
255,-1.62603,2.70331,2.16635
255,-1.53117,2.48028,0.249398
255,-1.81678,2.50818,1.61485
255,-1.58585,2.69532,1.91166
255,-1.80749,2.50816,1.57228
255,-1.54047,2.48613,0.250631
255,-1.54148,2.48701,0.239737
255,-1.51031,2.50916,0.239646
255,-1.83178,2.53069,1.59193
255,-1.57972,2.48724,0.250517
255,-1.58288,2.48537,0.234428
255,-1.82277,2.57266,1.77722
255,-1.87207,2.5634,1.88524
255,-1.84201,2.53975,1.58013
255,-1.9053,2.53514,1.7992
255,-1.80968,2.62144,1.95388
255,-1.57166,2.52046,0.231736
255,-1.52592,2.55614,0.221528
255,-1.69427,2.71261,1.90658
255,-1.84088,2.62032,1.87375
255,-1.90931,2.56449,1.70004
255,-1.85111,2.64761,1.87703
255,-1.64415,2.54052,0.231431
255,-1.54948,2.60185,0.202324
255,-1.59532,2.59826,0.214477
255,-1.59484,2.63425,0.18135
255,-2.1877,2.45188,1.40402
255,-2.14323,2.50406,1.36765
255,-1.64437,2.64178,0.216125
255,-1.73483,2.59108,0.205913
255,-1.73428,2.59036,0.19489
255,-1.6085,2.6712,0.183325
255,-1.88949,2.54211,0.256291
255,-1.8866,2.55558,0.297238
255,-1.89726,2.55103,0.292771
255,-1.90204,2.54121,0.245441
255,-1.90796,2.55048,0.241584
255,-1.91967,2.55636,0.212182
255,-1.91534,2.56679,0.22207
255,-1.94141,2.57976,0.200515
255,-1.94302,2.59224,0.281023
255,-2.10512,2.49597,0.275105
255,-1.9435,2.5914,0.223739
255,-1.88683,2.65039,0.221046
255,-1.95893,2.60913,0.219303
255,-2.9522,2.34242,1.3526
255,-3.09681,2.43226,1.36735
255,-0.20738,2.47877,0.26193
254,-0.20738,2.47877,0.26193
255,-0.254838,2.4455,0.344715
254,-0.254838,2.4455,0.344715
255,-0.254838,2.4455,0.344715
254,-0.254838,2.4455,0.344715
255,-0.211786,2.45494,1.66403
254,-0.211786,2.45494,1.66403
255,-0.199647,2.64133,1.07004
245,-0.199647,2.64133,1.07004
255,-0.992245,2.55621,0.584419
59,-0.992245,2.55621,0.584419
255,0.386377,2.57699,-0.24161
252,0.386377,2.57699,-0.24161
255,-0.252804,2.58235,0.685937
60,-0.252804,2.58235,0.685937
256,0.769603,0.840482,0.486746
256,-0.324992,1.09757,-0.624928
256,-0.331512,1.10514,-0.62155
256,-0.313817,1.16608,-0.634403
256,-0.373648,1.20963,-0.60376
256,-0.383325,1.21223,-0.615896
256,-0.389262,1.22324,-0.614609
256,-0.438439,1.274,-0.624157
256,-0.439169,1.2791,-0.626344
256,-0.51735,1.40807,-0.633146
256,0.29971,2.00049,-0.600023
256,0.282493,2.01463,-0.568665
256,-1.51833,0.91072,-0.604379
256,0.647318,2.58914,-0.154004
256,0.718906,2.56156,-0.325515
256,0.6953,2.55738,-0.311177
256,0.642878,2.61648,-0.120405
256,0.641102,2.6215,-0.115249
256,0.633546,2.55442,-0.251921
256,0.722401,2.47135,-0.546121
256,0.70194,2.46706,-0.535637
256,0.69361,2.55878,-0.336263
256,0.758172,2.59997,-0.341519
256,0.598031,2.56226,-0.206836
256,0.633385,2.56618,-0.255956
256,0.611105,2.41099,-0.54914
256,0.641921,2.61719,-0.168732
256,0.629828,2.56023,-0.271517
256,0.572309,2.55633,-0.201943
256,0.761533,2.55811,-0.455925
256,0.658353,2.5266,-0.381015
256,0.699274,2.52067,-0.450369
256,0.710779,2.66141,-0.178815
256,0.130343,2.04258,-0.663048
256,0.534822,2.56287,-0.146083
256,0.536876,2.5662,-0.142948
256,0.698699,2.53341,-0.430213
256,0.694851,2.52467,-0.447418
256,0.572433,2.56872,-0.191536
256,0.762337,2.57617,-0.440808
256,0.598796,2.52634,-0.321827
256,0.759494,2.60819,-0.372388
256,-0.201815,2.74196,1.19539
256,0.528724,2.56612,-0.15824
256,-0.169437,2.7554,1.17676
256,0.714491,2.57707,-0.392498
256,0.718109,2.52556,-0.50516
256,0.651288,2.5932,-0.277843
256,0.720714,2.50748,-0.551298
256,0.59643,2.58899,-0.216021
256,-0.218062,2.75571,1.2321
256,0.578424,2.52463,-0.328048
256,0.739146,2.53491,-0.525807
256,0.696459,2.49547,-0.552738
256,0.772452,2.5176,-0.610893
256,0.536636,2.53575,-0.26072
256,0.745654,2.60115,-0.41283
256,0.749407,2.55531,-0.515214
256,0.639058,2.49255,-0.501133
256,0.667993,2.48718,-0.551711
256,-0.202279,2.77734,1.22417
256,0.627366,2.62576,-0.21434
256,0.769051,2.53016,-0.603068
256,0.610779,2.45216,-0.55091
256,0.616585,2.6389,-0.175914
256,0.664769,2.51068,-0.506266
256,0.63088,2.55298,-0.381515
256,0.677274,2.6809,-0.182729
256,0.600697,2.50821,-0.433574
256,0.534639,2.54445,-0.271886
256,0.659346,2.5167,-0.499775
256,0.665205,2.67986,-0.173169
256,0.75793,2.52594,-0.615485
256,0.758272,2.54354,-0.583195
256,0.468967,2.54119,-0.198619
256,0.606857,2.46335,-0.547759
256,0.660998,2.51781,-0.509718
256,0.693906,2.53493,-0.519445
256,0.538367,2.55494,-0.26737
256,0.644768,2.67022,-0.175353
256,0.690284,2.59163,-0.398933
256,0.60601,2.46243,-0.55094
256,0.673678,2.68492,-0.187044
256,0.625178,2.62952,-0.240415
256,0.651846,2.5188,-0.503898
256,-0.216232,2.77573,1.20148
256,0.475737,2.54628,-0.211845
256,0.584684,2.46003,-0.538136
256,0.585653,2.46075,-0.538147
256,0.684044,2.58805,-0.410868
256,0.557864,2.6039,-0.207616
256,0.756986,2.55021,-0.58971
256,0.684137,2.56388,-0.46587
256,0.641702,2.65036,-0.23093
256,0.0600372,2.03489,-0.704764
256,0.653442,2.5206,-0.514271
256,0.625623,2.64365,-0.226463
256,0.53817,2.51539,-0.371346
256,0.52934,2.58871,-0.210001
256,0.690379,2.54371,-0.522414
256,0.590512,2.59355,-0.28848
256,0.602102,2.52649,-0.442547
256,0.470432,2.56095,-0.199767
256,0.67405,2.71218,-0.169635
256,0.453203,2.54644,-0.21221
256,0.572196,2.51233,-0.446395
256,0.0585491,2.06188,-0.677749
256,0.64828,2.66362,-0.247882
256,0.630375,2.60954,-0.336941
256,0.469753,2.55848,-0.225447
256,0.458029,2.50581,-0.319893
256,0.539798,2.53049,-0.383332
256,0.58021,2.47719,-0.549644
256,0.63188,2.60083,-0.366258
256,0.501631,2.61149,-0.170595
256,0.473338,2.57116,-0.223026
256,0.631033,2.61639,-0.346742
256,0.545454,2.51443,-0.442535
256,0.636733,2.57052,-0.452452
256,0.564742,2.5745,-0.346693
256,0.541712,2.52958,-0.408528
256,0.680251,2.73729,-0.17314
256,0.369177,2.35482,-0.545677
256,-0.272243,2.46071,0.542434
256,0.628743,2.52236,-0.555494
256,0.533521,2.56591,-0.343511
256,0.496888,2.60333,-0.226076
256,0.653782,2.63803,-0.369694
256,-0.267771,2.45145,0.499199
256,0.58838,2.63225,-0.293654
256,0.474995,2.53363,-0.343385
256,0.394421,2.56881,-0.165888
256,0.657246,2.59055,-0.480278
256,0.567563,2.61499,-0.308989
256,0.633334,2.57638,-0.481892
256,-1.44591,1.15761,-0.570912
256,0.538075,2.60724,-0.292354
256,0.612194,2.5165,-0.589416
256,0.653943,2.59754,-0.481022
256,0.485549,2.45618,-0.545392
256,0.522376,2.50542,-0.496467
256,0.544732,2.48816,-0.56612
256,0.452019,2.53888,-0.337174
256,0.479354,2.50425,-0.451761
256,0.4198,2.49719,-0.390442
256,0.660589,2.55626,-0.597437
256,0.461985,2.5064,-0.434087
256,0.597883,2.6013,-0.424054
256,0.39535,2.54876,-0.261902
256,0.462506,2.45229,-0.552405
256,0.533645,2.51624,-0.518522
256,0.419966,2.51052,-0.376048
256,0.489024,2.47609,-0.54478
256,0.529407,2.64857,-0.246392
256,0.465028,2.45838,-0.551354
256,0.46012,2.45775,-0.546113
256,0.410749,2.61137,-0.165553
256,0.516517,2.51172,-0.51762
256,0.401893,2.49837,-0.390342
256,0.58941,2.6086,-0.42237
256,0.497039,2.63674,-0.243268
256,0.509008,2.51312,-0.516168
256,0.572751,2.5972,-0.431074
256,0.400594,2.51398,-0.370514
256,0.423018,2.4655,-0.506201
256,0.47377,2.54867,-0.405601
256,0.538363,2.56255,-0.468226
256,0.373638,2.40846,-0.563485
256,0.352945,2.58261,-0.183301
256,0.571467,2.60399,-0.437731
256,0.417905,2.52853,-0.395355
256,0.424752,2.47953,-0.510124
256,0.342447,2.5617,-0.232041
256,-0.27616,2.49662,0.474523
256,0.589391,2.56705,-0.560605
256,0.455146,2.48015,-0.56041
256,0.531891,2.57494,-0.472743
256,0.512002,2.51009,-0.579236
256,0.52457,2.6183,-0.384237
256,0.435903,2.65612,-0.188179
256,0.348001,2.52078,-0.349825
256,0.513432,2.56423,-0.486857
256,0.553848,2.74616,-0.175886
256,0.461314,2.62652,-0.297904
256,0.402525,2.48389,-0.512313
256,0.537664,2.536,-0.591416
256,0.461484,2.61779,-0.321638
256,0.463491,2.62389,-0.314006
256,-0.322327,2.42024,0.326773
256,0.453572,2.51784,-0.528001
256,0.426238,2.47969,-0.571588
256,0.338777,2.5521,-0.314157
256,-0.255099,2.55176,0.490803
256,0.47059,2.58469,-0.42763
256,0.455464,2.52156,-0.537884
256,0.411207,2.57864,-0.360836
256,0.517194,2.54236,-0.582867
256,0.449226,2.57199,-0.430393
256,0.392554,2.56842,-0.362374
256,0.474091,2.53319,-0.545582
256,0.465326,2.58423,-0.43776
256,0.472672,2.53383,-0.552253
256,0.351551,2.49987,-0.461643
256,0.416621,2.54061,-0.467723
256,0.366904,2.4851,-0.517803
256,0.409344,2.59172,-0.361849
256,0.50997,2.53952,-0.606023
256,0.399541,2.63587,-0.259062
256,0.517817,2.53956,-0.617492
256,0.354931,2.53356,-0.416539
256,0.409347,2.46959,-0.623402
256,-0.252045,2.51333,0.353335
256,-0.23057,2.56533,0.425596
256,0.394012,2.54895,-0.460045
256,0.337926,2.52644,-0.432383
256,0.394126,2.54009,-0.484232
256,-0.270605,2.47293,0.279216
256,0.410682,2.54996,-0.490359
256,-0.257962,2.4937,0.299732
256,-0.263284,2.50112,0.320083
256,-0.252608,2.48961,0.263453
256,0.425739,2.74483,-0.167816
256,0.377503,2.50547,-0.594444
256,-0.312481,2.48954,0.271907
256,0.387928,2.53221,-0.594313
256,-0.279481,2.51151,0.263786
256,-0.294225,2.5212,0.277587
256,-0.197278,2.60054,0.183281
256,-0.192253,2.58654,0.127526
256,-0.530715,2.4499,0.267642
256,-0.583024,2.44343,0.277025
256,-0.557531,2.48147,0.265648
256,-0.896985,2.43951,0.619577
256,-0.560622,2.4915,0.259267
256,-0.596307,2.48049,0.271246
256,-0.602947,2.48905,0.262675
256,-0.613274,2.50457,0.287157
256,-0.642189,2.4703,0.254328
256,-0.645909,2.47196,0.25574
256,-0.901358,2.45005,0.551042
256,-0.641641,2.49938,0.254452
256,-0.643154,2.50828,0.248329
256,-0.963191,2.49365,0.472848
256,-0.851815,2.50437,0.240381
256,-0.829278,2.52779,0.249511
256,-1.00872,2.49316,0.306718
256,-0.872991,2.55654,0.251332
256,-0.901264,2.5596,0.289185
256,-1.04498,2.48105,0.277168
256,-1.04712,2.48054,0.274886
256,-1.00947,2.53286,0.283442
256,-1.02172,2.52889,0.282388
256,-0.979573,2.56238,0.277444
256,-0.971285,2.55148,0.237422
256,-1.07703,2.52537,0.267571
256,-1.12101,2.5145,0.269223
256,-1.10335,2.55101,0.265328
256,-1.17486,2.52342,0.278288
256,-1.15187,2.5253,0.244558
256,-1.52808,2.43252,0.279607
256,-1.54778,2.43467,0.276614
256,-1.58945,2.44092,0.270005
256,-1.75142,2.41213,0.322141
256,-1.77441,2.43382,0.305255
256,-1.77078,2.44058,0.286418
256,-1.78921,2.44228,0.310824
256,-0.255104,2.4946,0.286308
255,-0.255104,2.4946,0.286308
256,-1.58025,2.58375,0.221351
255,-1.58025,2.58375,0.221351
256,-1.53015,2.53501,0.232384
255,-1.53015,2.53501,0.232384
256,-0.260551,2.46493,0.497112
255,-0.260551,2.46493,0.497112
256,-0.298814,2.52476,0.266759
255,-0.298814,2.52476,0.266759
256,-0.254452,2.49708,0.286991
255,-0.254452,2.49708,0.286991
256,-0.939459,2.48872,0.592031
255,-0.939459,2.48872,0.592031
256,0.251798,1.3507,0.662604
255,0.251798,1.3507,0.662604
256,-0.199796,2.47876,0.711909
255,-0.199796,2.47876,0.711909
256,0.774705,2.47816,-0.596651
251,0.774705,2.47816,-0.596651
256,0.499174,2.54998,-0.202245
251,0.499174,2.54998,-0.202245
256,-0.226375,2.6823,0.44108
248,-0.226375,2.6823,0.44108
256,-0.491104,1.25745,-0.638554
248,-0.491104,1.25745,-0.638554
256,0.512796,2.57015,-0.266883
245,0.512796,2.57015,-0.266883
256,0.531891,2.37872,-0.273388
245,0.531891,2.37872,-0.273388
256,0.517529,2.52898,-0.31275
245,0.517529,2.52898,-0.31275
256,0.647703,2.278,-0.168395
245,0.647703,2.278,-0.168395
256,0.394738,2.47093,-0.571305
244,0.394738,2.47093,-0.571305
256,-0.612072,1.40044,-0.67009
250,-0.612072,1.40044,-0.67009
256,-0.204626,2.62773,0.440802
246,-0.204626,2.62773,0.440802
256,-0.250768,2.5117,0.343419
246,-0.250768,2.5117,0.343419
256,-0.310584,2.56224,0.409117
254,-0.310584,2.56224,0.409117
256,-0.152557,2.52089,0.902162
254,-0.152557,2.52089,0.902162
256,-0.180257,2.44065,0.415808
254,-0.180257,2.44065,0.415808
256,-0.29139,2.47639,0.285537
161,-0.29139,2.47639,0.285537
256,-1.00137,2.46267,0.307868
161,-1.00137,2.46267,0.307868
257,0.890598,-0.175629,0.929098
257,0.890817,-0.17551,0.928723
257,0.784806,-0.139484,0.912288
257,0.842097,-0.0906336,0.884913
257,0.774196,-0.0178868,0.873122
257,0.761122,0.0797833,0.791456
257,0.463765,0.0342979,0.329184
257,0.453091,0.0413266,0.310635
257,0.44438,0.0475077,0.295495
257,0.832002,0.489625,0.398202
257,0.358985,0.184687,0.383963
257,0.347475,0.193612,0.378696
257,0.769901,0.71732,0.612402
257,0.803892,0.705758,0.528729
257,0.164186,0.0884252,0.357737
257,0.30318,0.22432,0.325533
257,0.301038,0.223389,0.326187
257,0.125635,0.110145,0.32827
257,0.522452,0.553189,0.477513
257,0.785382,0.930203,0.500859
257,0.741822,0.779295,0.0753722
257,0.978665,1.1953,-0.415309
257,0.201672,0.718415,-0.328319
257,0.653625,1.18075,-0.265601
257,0.174382,0.611041,-0.570914
257,0.951402,1.27469,-0.475971
257,0.16706,0.599621,-0.591541
257,0.171963,0.616713,-0.575384
257,0.127207,0.620893,-0.538577
257,0.130662,0.629924,-0.539973
257,0.123654,0.63521,-0.545343
257,0.127455,0.971609,-0.137743
257,0.123473,0.635673,-0.5827
257,0.117076,0.64631,-0.568307
257,-0.0120685,0.670183,-0.439094
257,0.835937,1.32261,-0.433612
257,0.195903,0.664744,-0.657984
257,0.616347,1.27115,-0.297664
257,0.970559,1.34882,-0.544041
257,0.346822,1.25238,-0.0767269
257,0.187179,0.656256,-0.689961
257,-0.040024,0.702956,-0.422001
257,0.127014,0.637359,-0.667333
257,-0.0202532,0.689723,-0.469324
257,0.0746738,0.699207,-0.548802
257,0.373012,1.28153,-0.118848
257,0.633167,1.3078,-0.333743
257,0.0745323,0.70711,-0.570901
257,0.623463,1.31845,-0.333543
257,0.129283,0.758144,-0.586812
257,0.176782,0.703079,-0.715436
257,0.173368,0.700792,-0.717528
257,0.874652,1.4008,-0.527907
257,0.103458,0.737545,-0.641874
257,0.325204,1.31594,-0.12534
257,0.0992046,0.748522,-0.626944
257,-0.0398008,0.723593,-0.527862
257,-0.0422987,0.725862,-0.532531
257,-0.0367473,0.729822,-0.534311
257,0.930325,1.42696,-0.57365
257,-0.0422899,0.730135,-0.533641
257,-0.0387039,0.730647,-0.537705
257,0.0934187,0.750455,-0.63877
257,-0.0340878,0.841024,-0.459535
257,0.0420337,0.790071,-0.604473
257,0.0348344,0.802263,-0.621225
257,0.0780756,0.797227,-0.673068
257,0.866024,1.47378,-0.572388
257,1.1451,1.54764,-0.755924
257,-0.109068,0.80537,-0.511575
257,-1.54831,0.579471,0.564471
257,-0.113022,0.81259,-0.516221
257,-0.0565101,0.870436,-0.500409
257,1.18139,1.58363,-0.795787
257,-0.068327,0.843813,-0.551805
257,0.730689,1.51085,-0.475094
257,0.995193,1.56058,-0.685958
257,0.791571,1.55072,-0.5463
257,0.99926,1.61548,-0.675143
257,0.866067,1.57242,-0.657926
257,0.861183,1.57159,-0.65923
257,-0.174257,0.938147,-0.491816
257,0.0703663,1.86705,0.427551
257,-0.130357,0.952946,-0.533243
257,-0.184856,0.955784,-0.512574
257,-0.183971,0.954666,-0.515155
257,0.502447,1.55731,-0.414652
257,0.0237105,0.987597,-0.715147
257,-0.153372,0.966176,-0.576548
257,0.501732,1.58709,-0.437892
257,0.901656,1.69795,-0.738779
257,0.420024,1.6126,-0.401438
257,0.514104,1.63864,-0.472634
257,0.902032,1.72097,-0.762281
257,0.419338,1.64013,-0.420714
257,0.350327,1.63744,-0.367747
257,-0.0361872,1.97302,0.410145
257,0.883677,1.74353,-0.75479
257,1.07208,1.86169,-0.795081
257,0.742378,1.71743,-0.665061
257,-0.124216,0.989179,-0.760957
257,0.743106,1.73271,-0.681129
257,-0.181486,1.02827,-0.708169
257,0.090021,1.69499,-0.14218
257,-0.159387,1.04322,-0.73267
257,-0.144515,1.02075,-0.78395
257,0.0791181,1.71655,-0.14067
257,0.877855,1.80531,-0.796637
257,-1.89678,0.735599,0.479937
257,-0.0354776,1.51439,-0.322892
257,0.659037,1.83461,-0.586053
257,-0.0937272,2.3255,0.728002
257,-0.179043,1.07333,-0.765678
257,-0.282596,1.07801,-0.664114
257,-0.165123,1.0927,-0.764643
257,-0.0778738,1.57454,-0.266781
257,-0.175874,1.11049,-0.787489
257,-0.228707,1.09128,-0.772937
257,0.736331,2.39415,-0.0675905
257,-0.200747,1.11034,-0.801943
257,-0.0861968,2.30238,0.565373
257,0.732897,2.38364,-0.108145
257,0.878978,1.892,-0.872535
257,0.142333,1.7383,-0.380305
257,-0.248818,1.15706,-0.771896
257,-0.244094,1.16609,-0.774182
257,-0.220325,1.13212,-0.857295
257,-0.0692033,2.24633,0.378574
257,-0.269285,1.17278,-0.796421
257,-0.399971,1.22843,-0.653233
257,0.0356088,1.63803,-0.557173
257,0.739755,2.45472,-0.206659
257,-0.104285,2.35542,0.358262
257,0.583126,2.43415,-0.200198
257,-0.339791,1.28629,-0.78859
257,0.417454,2.40173,-0.155429
257,0.881243,2.06897,-1.01658
257,-1.89581,0.88383,0.103294
257,0.549635,2.5527,-0.11776
257,0.714753,2.62322,-0.229328
257,-0.37309,1.33744,-0.816466
257,0.723957,2.52091,-0.370577
257,0.667726,2.48823,-0.364268
257,0.60202,2.49115,-0.305694
257,0.472655,2.39009,-0.313638
257,0.686056,2.47499,-0.419179
257,-1.35149,0.898311,-0.474237
257,0.435643,2.54032,-0.123406
257,0.595553,2.58844,-0.21682
257,0.564613,2.54136,-0.249262
257,0.481554,2.34877,-0.417367
257,0.612815,2.45102,-0.416316
257,-1.95519,0.910371,0.075605
257,0.408544,2.40677,-0.288161
257,0.640211,2.46819,-0.433971
257,0.663456,2.58135,-0.333625
257,0.502955,2.08206,-0.813235
257,-0.399825,1.38581,-0.851436
257,0.59689,2.55436,-0.327847
257,0.416609,2.36731,-0.393987
257,0.414778,2.38404,-0.402542
257,0.688789,2.48539,-0.547012
257,0.413898,2.39189,-0.413785
257,-0.414712,1.38054,-0.902105
257,0.426819,2.58244,-0.211124
257,0.660142,2.59949,-0.425092
257,0.485459,2.58263,-0.287125
257,0.556969,2.47796,-0.486402
257,0.427055,2.52028,-0.319343
257,0.608773,2.58186,-0.414352
257,0.607695,2.54365,-0.462126
257,0.543394,2.55825,-0.402265
257,0.427027,2.66841,-0.157464
257,-0.25065,1.4244,-1.08914
257,0.399059,2.4726,-0.38843
257,0.610009,2.57488,-0.476497
257,0.475884,2.20231,-0.824736
257,0.42553,2.17004,-0.820225
257,0.439953,2.46515,-0.489133
257,0.505214,2.50669,-0.502839
257,0.427387,2.61091,-0.313443
257,0.366934,2.6567,-0.208838
257,0.240489,2.16682,-0.708991
257,-0.466354,1.47803,-0.949902
257,-1.52385,0.98626,-0.607704
257,0.486608,2.56043,-0.53661
257,0.599497,2.32495,-0.990453
257,0.463406,2.31274,-0.894227
257,0.335691,2.66307,-0.333197
257,0.602342,2.66123,-0.591267
257,0.646649,2.68392,-0.61345
257,0.488418,2.75665,-0.374669
257,0.360032,2.6117,-0.440189
257,0.358285,2.66043,-0.383708
257,-2.29313,1.03666,0.0562797
257,-2.27183,1.03497,0.0308158
257,0.552833,2.70989,-0.54121
257,0.605095,2.36638,-1.03169
257,-0.512761,1.54522,-1.00668
257,0.522307,2.65385,-0.601181
257,0.427981,2.62113,-0.571715
257,0.443461,2.75454,-0.448257
257,0.320661,2.81925,-0.257346
257,0.708092,2.75085,-0.747089
257,0.703672,2.76426,-0.742128
257,0.443919,2.73401,-0.580196
257,0.417705,2.73771,-0.559782
257,0.42678,2.69757,-0.683157
257,0.251798,2.40215,-0.900658
257,-2.46031,1.11175,-0.00759983
257,0.301801,2.4891,-1.00487
257,0.303925,2.8155,-0.78093
257,0.272431,2.61376,-1.10146
257,-0.273238,2.6325,-0.759787
257,0.035642,3.02521,-1.21333
257,-0.0166578,3.14979,-1.28631
257,0.591809,2.06951,-0.613717
250,0.591809,2.06951,-0.613717
257,0.130029,0.983051,-0.698695
250,0.130029,0.983051,-0.698695
257,0.457019,1.10785,-0.592121
250,0.457019,1.10785,-0.592121
257,0.548566,1.00104,-0.669271
250,0.548566,1.00104,-0.669271
257,0.465579,1.337,-0.938588
250,0.465579,1.337,-0.938588
257,0.0454272,1.52116,-0.645764
250,0.0454272,1.52116,-0.645764
257,0.43115,1.11125,-0.642747
250,0.43115,1.11125,-0.642747
257,0.483419,1.85977,-0.586471
250,0.483419,1.85977,-0.586471
257,-0.0698006,1.03551,-0.622447
250,-0.0698006,1.03551,-0.622447
257,-2.39258,2.25014,-0.568867
250,-2.39258,2.25014,-0.568867
257,-2.54677,2.23813,-0.528626
250,-2.54677,2.23813,-0.528626
257,0.144995,0.717583,-0.637159
250,0.144995,0.717583,-0.637159
257,-0.462567,1.79546,-0.599855
250,-0.462567,1.79546,-0.599855
257,-0.113421,1.12355,-0.634246
250,-0.113421,1.12355,-0.634246
257,-0.423227,1.31724,-0.714739
250,-0.423227,1.31724,-0.714739
257,-0.371466,1.32079,-0.562934
250,-0.371466,1.32079,-0.562934
257,0.575338,1.87982,-0.59912
250,0.575338,1.87982,-0.59912
257,-2.57568,2.30292,-0.652253
250,-2.57568,2.30292,-0.652253
257,-0.382662,1.28074,-0.676929
250,-0.382662,1.28074,-0.676929
257,-0.366461,1.31101,-0.561876
250,-0.366461,1.31101,-0.561876
257,-0.249304,3.43525,-1.38885
250,-0.249304,3.43525,-1.38885
257,-0.377882,1.32845,-0.570675
250,-0.377882,1.32845,-0.570675
257,-0.361297,2.16295,-0.624762
250,-0.361297,2.16295,-0.624762
257,0.0160606,0.843472,-0.711313
250,0.0160606,0.843472,-0.711313
257,-0.93387,1.82602,-0.494722
250,-0.93387,1.82602,-0.494722
257,0.745932,2.38742,-0.428279
256,0.745932,2.38742,-0.428279
257,-2.35482,3.01236,0.104701
256,-2.35482,3.01236,0.104701
257,-0.00212538,2.04091,0.520818
256,-0.00212538,2.04091,0.520818
257,-0.329436,2.11188,-0.604978
248,-0.329436,2.11188,-0.604978
257,0.173018,0.946155,-0.619052
248,0.173018,0.946155,-0.619052
257,0.132388,1.92901,-0.621847
248,0.132388,1.92901,-0.621847
257,0.590831,2.05637,-0.610244
248,0.590831,2.05637,-0.610244
257,-0.183681,2.40662,0.30962
248,-0.183681,2.40662,0.30962
257,1.10697,1.42115,-0.600072
248,1.10697,1.42115,-0.600072
257,1.05601,1.65378,-0.595108
248,1.05601,1.65378,-0.595108
257,-0.120693,1.05766,-0.614977
248,-0.120693,1.05766,-0.614977
257,0.51531,0.97549,-0.639214
248,0.51531,0.97549,-0.639214
257,-0.231753,1.92077,-0.61024
249,-0.231753,1.92077,-0.61024
257,-0.25047,1.18729,-0.640488
249,-0.25047,1.18729,-0.640488
257,-0.23249,1.90952,-0.614331
249,-0.23249,1.90952,-0.614331
257,0.472826,1.05379,-0.631067
249,0.472826,1.05379,-0.631067
257,-2.38992,2.52384,-0.0594002
249,-2.38992,2.52384,-0.0594002
257,0.672076,1.13602,-0.64919
249,0.672076,1.13602,-0.64919
257,-2.18554,2.40878,0.23885
249,-2.18554,2.40878,0.23885
257,-0.0116212,2.19376,-0.610465
249,-0.0116212,2.19376,-0.610465
257,0.0613844,1.70863,-0.391154
251,0.0613844,1.70863,-0.391154
257,-2.08656,2.48897,0.259233
251,-2.08656,2.48897,0.259233
257,-0.220276,2.64194,0.0130936
251,-0.220276,2.64194,0.0130936
257,0.559488,1.987,-0.501065
251,0.559488,1.987,-0.501065
257,-1.95385,2.59927,0.185723
251,-1.95385,2.59927,0.185723
257,-0.378179,1.96739,-0.573277
251,-0.378179,1.96739,-0.573277
257,-0.202099,2.5921,0.0562394
251,-0.202099,2.5921,0.0562394
257,-1.78066,2.25141,0.332324
251,-1.78066,2.25141,0.332324
257,-2.96174,1.90929,-0.779972
251,-2.96174,1.90929,-0.779972
257,-1.97865,2.4586,0.262826
251,-1.97865,2.4586,0.262826
257,1.26335,1.54665,-0.581426
244,1.26335,1.54665,-0.581426
257,-0.39778,1.35695,-0.600699
244,-0.39778,1.35695,-0.600699
257,0.730186,1.61415,-0.624938
244,0.730186,1.61415,-0.624938
257,0.48922,2.27969,-0.413176
3,0.48922,2.27969,-0.413176
257,-0.377509,1.19147,-0.620621
3,-0.377509,1.19147,-0.620621
257,-0.486254,1.242,-0.625075
3,-0.486254,1.242,-0.625075
257,0.955903,1.54089,-0.679925
3,0.955903,1.54089,-0.679925
257,0.51922,2.49207,-0.600394
245,0.51922,2.49207,-0.600394
257,0.504997,2.54455,-0.484622
245,0.504997,2.54455,-0.484622
257,0.542453,2.50408,-0.512333
245,0.542453,2.50408,-0.512333
257,0.021964,0.846506,-0.571495
243,0.021964,0.846506,-0.571495
257,0.952455,1.50403,-0.619835
243,0.952455,1.50403,-0.619835
258,0.488799,-0.0300349,0.274712
258,0.350707,-0.0777494,0.281404
258,0.349088,-0.079761,0.277316
258,0.346362,-0.0750643,0.273558
258,0.44799,0.0424702,0.276764
258,0.219922,-0.0853444,0.285589
258,0.219679,-0.100371,0.270595
258,0.00337905,-0.205244,0.278153
258,0.0671963,-0.117588,0.28403
258,0.469661,0.0307164,0.0683627
258,0.468589,0.0319199,0.0701834
258,0.469418,0.0314206,0.0683993
258,0.469091,0.0339545,0.0666258
258,0.0414251,-0.112224,0.255468
258,0.0362925,-0.114254,0.249442
258,0.164421,0.0507952,0.285072
258,-0.0890455,-0.185938,0.265384
258,0.155634,0.038815,0.269131
258,0.0118354,-0.0464584,0.277424
258,0.00827795,-0.044169,0.277201
258,0.261228,0.256626,0.289631
258,0.259562,0.260416,0.281061
258,0.269448,0.269286,0.279233
258,0.177729,0.251488,0.256855
258,-0.152282,-0.00714532,0.268231
258,0.144753,0.241124,0.251306
258,0.125946,0.211431,0.235066
258,-0.155399,0.0254294,0.264912
258,-0.0337382,0.105883,0.238329
258,-0.0863856,0.0768444,0.238768
258,-0.0853652,0.0797398,0.239762
258,-0.0378933,0.134668,0.239552
258,-0.0422153,0.135608,0.235737
258,-0.0944294,0.104475,0.232658
258,-0.434418,-0.130289,0.26294
258,-0.453101,-0.153547,0.251344
258,-0.441241,-0.125504,0.250733
258,0.426557,0.409431,-0.605778
258,0.425657,0.41064,-0.605578
258,0.390852,0.452961,-0.614848
258,0.394757,0.455714,-0.625735
258,0.329321,0.416527,-0.616274
258,0.396526,0.469122,-0.623387
258,0.330212,0.414396,-0.619876
258,0.385553,0.46202,-0.626803
258,0.387592,0.464956,-0.62613
258,1.23275,1.23691,-0.603063
258,0.322292,0.431181,-0.606216
258,1.22958,1.26527,-0.579183
258,1.2077,1.23125,-0.598614
258,0.310482,0.427556,-0.614828
258,0.384058,0.478301,-0.637131
258,0.695392,0.807175,-0.596236
258,0.318869,0.439541,-0.630715
258,0.712367,0.805461,-0.61482
258,0.682675,0.809611,-0.594473
258,0.686785,0.815237,-0.596835
258,1.19353,1.25528,-0.603299
258,0.691286,0.815749,-0.600972
258,0.279566,0.453585,-0.600634
258,1.18264,1.25885,-0.596695
258,0.40616,0.604208,-0.600364
258,1.14907,1.27384,-0.592858
258,0.867415,1.02331,-0.59653
258,0.404736,0.606951,-0.607053
258,0.854385,1.01524,-0.596396
258,0.406331,0.613056,-0.605294
258,0.341161,0.537832,-0.636021
258,1.08533,1.25592,-0.581704
258,1.05252,1.23123,-0.57783
258,1.03432,1.23619,-0.580551
258,0.759217,0.971284,-0.602056
258,0.871729,1.04749,-0.624641
258,0.865817,1.04379,-0.624329
258,1.06061,1.25026,-0.601918
258,1.0847,1.27343,-0.601835
258,1.03822,1.23855,-0.59655
258,0.693041,0.893575,-0.635419
258,0.761463,0.984561,-0.622677
258,1.13609,1.37118,-0.585847
258,0.26403,0.575928,-0.612358
258,1.16089,1.39825,-0.619807
258,0.748412,1.01288,-0.648306
258,0.28046,0.602704,-0.659482
258,1.12996,1.40038,-0.615597
258,0.214095,0.633962,-0.629056
258,0.206999,0.631381,-0.62699
258,0.20923,0.639592,-0.621343
258,0.207051,0.635762,-0.629391
258,0.201172,0.636388,-0.634799
258,0.202926,0.639516,-0.645144
258,0.611987,1.04951,-0.618649
258,0.515843,0.963937,-0.646731
258,0.938598,1.40201,-0.591776
258,0.989318,1.44945,-0.594017
258,0.149854,0.699489,-0.626063
258,0.159973,0.708923,-0.627937
258,0.666494,1.22088,-0.566498
258,0.620857,1.15303,-0.599039
258,0.986717,1.53236,-0.577302
258,0.921224,1.44095,-0.610732
258,1.01275,1.57658,-0.574992
258,1.06483,1.62481,-0.576694
258,0.447523,1.07121,-0.600496
258,0.662942,1.25866,-0.603312
258,0.446358,1.08855,-0.586392
258,0.134057,0.782764,-0.632232
258,1.05272,1.65091,-0.587287
258,0.657509,1.27411,-0.61982
258,0.0403478,0.749149,-0.619224
258,0.10755,0.811501,-0.625885
258,0.112206,0.86445,-0.599472
258,0.928353,1.55237,-0.630051
258,0.931019,1.55621,-0.631858
258,0.0358482,0.80217,-0.60528
258,0.870042,1.52528,-0.619233
258,0.0331944,0.808985,-0.613116
258,0.0982999,0.892223,-0.600676
258,0.0756662,0.882115,-0.598917
258,0.876062,1.58424,-0.605327
258,0.0761283,0.890546,-0.605589
258,-0.0417868,0.814347,-0.612046
258,-0.0574226,0.816158,-0.606218
258,0.361783,1.23245,-0.584875
258,0.769225,1.57522,-0.60643
258,0.246754,1.0839,-0.640252
258,0.784341,1.62488,-0.60048
258,0.358651,1.25307,-0.60088
258,-0.042363,0.885294,-0.615095
258,0.406602,1.31804,-0.583907
258,0.468492,1.36079,-0.598757
258,0.374521,1.29219,-0.585968
258,0.355989,1.26135,-0.603483
258,0.16851,1.07437,-0.636725
258,0.371235,1.30355,-0.596969
258,-0.131065,0.866545,-0.604442
258,0.778777,1.65945,-0.616516
258,0.771581,1.67934,-0.613915
258,0.747958,1.65702,-0.623381
258,0.743822,1.65949,-0.617638
258,0.742952,1.67425,-0.608333
258,0.16331,1.1658,-0.607056
258,0.732612,1.67395,-0.602116
258,0.239472,1.24621,-0.599274
258,0.763749,1.68676,-0.622895
258,0.591954,1.55333,-0.620562
258,-0.0520784,1.00462,-0.612571
258,0.732665,1.70451,-0.625163
258,-0.17108,0.987903,-0.583633
258,0.397878,1.47267,-0.610261
258,-0.0738559,1.04646,-0.631811
258,0.184644,1.335,-0.57639
258,0.361164,1.46954,-0.601496
258,-0.0750892,1.05766,-0.637939
258,0.0191769,1.23857,-0.592646
258,0.0149207,1.23837,-0.592604
258,0.644369,1.76795,-0.620838
258,0.617251,1.77571,-0.596057
258,0.350831,1.5121,-0.633472
258,0.644948,1.82129,-0.59529
258,0.34877,1.51604,-0.637588
258,0.65134,1.822,-0.604516
258,0.635863,1.83632,-0.60619
258,0.296815,1.5704,-0.603607
258,-0.224317,1.14347,-0.598702
258,0.628938,2.81367,0.174709
258,0.552358,1.94209,-0.614184
258,-0.364385,1.16655,-0.604652
258,0.130401,1.65669,-0.590554
258,0.1577,1.65597,-0.616758
258,0.644527,2.62037,-0.126338
258,0.150571,1.67357,-0.616023
258,0.520714,1.98458,-0.638522
258,0.316613,1.81562,-0.628072
258,-0.385419,1.23732,-0.592333
258,0.431241,1.94548,-0.621313
258,0.618009,2.57624,-0.196223
258,0.402728,1.95023,-0.617933
258,-0.446589,1.23801,-0.587709
258,-0.518114,1.20177,-0.575973
258,-0.403452,1.29288,-0.588944
258,-0.393195,1.30485,-0.587003
258,0.560301,2.63435,-0.135097
258,0.645947,2.69631,-0.157402
258,-0.461322,1.25657,-0.597826
258,0.60849,2.15792,-0.639367
258,0.616774,2.57113,-0.258572
258,0.684804,2.52374,-0.391604
258,0.609938,2.18793,-0.648844
258,0.530209,2.15983,-0.616135
258,0.541607,2.66158,-0.159467
258,0.717934,2.63366,-0.346342
258,0.530718,2.17942,-0.626233
258,-0.0685869,1.7077,-0.573601
258,0.309217,2.01823,-0.595453
258,0.351211,2.02339,-0.63384
258,0.537864,2.68445,-0.165089
258,-0.542567,1.28782,-0.605211
258,0.609756,2.58387,-0.341977
258,-0.549556,1.29437,-0.599
258,0.53511,2.59659,-0.27642
258,0.0705495,1.84974,-0.598811
258,0.652367,2.57681,-0.397504
258,0.363864,2.54176,-0.193533
258,0.411002,2.62226,-0.159912
258,-0.243874,2.51248,0.263539
258,0.355503,2.47182,-0.290897
258,-0.522467,1.38533,-0.588443
258,-0.586738,1.36904,-0.556673
258,0.472116,2.54398,-0.327492
258,0.221257,2.05799,-0.593867
258,0.371619,2.48747,-0.312141
258,0.219936,2.06741,-0.599641
258,0.34441,2.57015,-0.230757
258,0.178358,2.0476,-0.590578
258,0.48121,2.4886,-0.42718
258,0.0808836,1.94768,-0.609613
258,0.143776,2.00356,-0.616633
258,-0.540483,1.4089,-0.613733
258,0.172682,2.05788,-0.601919
258,0.369879,2.43325,-0.416877
258,0.206734,2.0909,-0.611402
258,-0.602778,1.40073,-0.589295
258,-0.603124,1.39747,-0.595411
258,-0.528625,1.44836,-0.626339
258,0.475977,2.53893,-0.443638
258,0.561225,2.52968,-0.531879
258,0.0625269,2.0016,-0.616732
258,-1.57437,0.577113,-0.619545
258,-1.06268,1.07658,-0.584192
258,-0.412618,1.71865,-0.531023
258,-1.07997,1.08697,-0.601195
258,-1.08557,1.10206,-0.588151
258,0.0911253,2.11377,-0.620494
258,0.345283,2.52903,-0.445573
258,0.0167867,2.07794,-0.604304
258,-1.60781,0.677514,-0.585561
258,-0.252775,1.85877,-0.611072
258,-0.446015,1.77312,-0.565685
258,0.0794243,2.20388,-0.604476
258,-1.10273,1.14041,-0.639186
258,0.0608678,2.23389,-0.591443
258,0.0485755,2.23446,-0.591825
258,-0.714431,1.5919,-0.58879
258,-0.0959013,2.48963,-0.284612
258,-0.71847,1.61821,-0.595341
258,-0.832902,1.6259,-0.587902
258,-0.174238,2.34342,-0.500081
258,-1.55794,1.12059,-0.574263
258,-0.897274,1.69354,-0.596295
258,-0.855557,1.75481,-0.58725
258,-0.871152,1.77569,-0.594554
258,-1.52127,1.18728,-0.628591
258,-1.49357,1.21029,-0.647662
258,-1.53393,1.19859,-0.642177
258,-1.0129,1.79004,-0.575566
258,-1.02778,1.79928,-0.575218
258,-0.915482,1.91714,-0.590888
258,-1.61596,1.24701,-0.716808
258,-1.06199,1.89752,-0.570581
258,-0.93894,1.98206,-0.593531
258,-0.953196,2.00061,-0.601438
258,-1.023,2.78579,0.166249
258,-1.03348,2.0007,-0.578985
258,-1.06422,1.98639,-0.578524
258,-1.04566,2.81712,0.156725
258,-1.87749,2.15013,0.00831616
258,-1.58157,1.78742,-0.60608
258,-1.9014,2.16995,-0.00496829
258,-2.94059,1.2695,-0.21902
258,-2.47964,1.48274,-0.528544
258,-2.10441,2.19623,-0.210706
258,-2.0377,2.17205,-0.292547
258,-2.23752,2.20114,-0.124736
258,-2.07706,2.20417,-0.259208
258,-2.24588,2.20981,-0.133284
258,-2.54491,1.5086,-0.556041
258,-2.12066,2.29662,-0.172497
258,-2.12358,2.30203,-0.169315
258,-1.87586,2.08692,-0.603989
258,-2.11308,2.28516,-0.244385
258,-1.90538,2.11104,-0.621037
258,-1.9177,2.12227,-0.628544
258,-2.16985,2.0674,-0.471371
258,-2.20297,2.10213,-0.490792
258,-2.97757,1.27354,-0.754458
258,-2.75133,2.42092,0.0597117
258,-3.04186,1.31086,-0.778635
258,-3.06758,1.31395,-0.79935
258,-2.79264,2.50337,0.0378524
258,-2.75424,1.77526,-0.692351
258,-2.78547,1.76235,-0.689339
258,-2.90595,2.45058,0.00957167
258,-3.1937,1.31745,-0.855862
258,-3.34884,1.39286,-0.919954
258,-2.97566,1.87808,-0.774978
258,-0.292188,1.70372,-0.475776
257,-0.292188,1.70372,-0.475776
258,-0.354064,1.30752,-0.557924
257,-0.354064,1.30752,-0.557924
258,-0.280154,1.1485,-0.699823
257,-0.280154,1.1485,-0.699823
258,-0.389721,1.34947,-0.599303
257,-0.389721,1.34947,-0.599303
258,-1.01918,1.04464,-0.54803
257,-1.01918,1.04464,-0.54803
258,0.67023,2.56828,-0.126132
257,0.67023,2.56828,-0.126132
258,0.678008,2.42398,-0.14344
257,0.678008,2.42398,-0.14344
258,0.347411,0.545862,-0.634108
250,0.347411,0.545862,-0.634108
258,-2.04747,2.55596,0.221385
250,-2.04747,2.55596,0.221385
258,0.336778,0.553282,-0.653652
250,0.336778,0.553282,-0.653652
258,-0.630974,2.54467,0.191815
250,-0.630974,2.54467,0.191815
258,0.33863,0.550487,-0.652765
250,0.33863,0.550487,-0.652765
258,0.988961,1.50797,-0.574745
250,0.988961,1.50797,-0.574745
258,0.33467,2.58832,-0.204214
250,0.33467,2.58832,-0.204214
258,1.1418,1.47876,-0.7639
250,1.1418,1.47876,-0.7639
258,1.13217,1.44962,-0.743412
250,1.13217,1.44962,-0.743412
258,0.623291,1.5822,-0.652847
250,0.623291,1.5822,-0.652847
258,1.01537,1.39838,-0.612299
249,1.01537,1.39838,-0.612299
258,-0.18626,2.68128,-0.131992
251,-0.18626,2.68128,-0.131992
258,0.528569,1.38132,-0.605099
244,0.528569,1.38132,-0.605099
258,0.731918,1.61488,-0.620658
244,0.731918,1.61488,-0.620658
258,1.12631,2.74369,-1.83861
243,1.12631,2.74369,-1.83861
259,0.436659,0.0389596,0.273883
259,0.70536,0.322768,0.276999
259,0.0181234,0.173425,0.689762
259,0.220949,0.214471,0.272102
259,0.21232,0.221328,0.267593
259,0.135443,0.187016,0.259861
259,0.11061,0.214982,0.2473
259,-0.38428,-0.250316,0.266304
259,0.0620976,0.196791,0.245314
259,0.0540127,0.195668,0.240748
259,-0.0757929,0.072699,0.234171
259,-0.0793368,0.0720322,0.228274
259,-0.0533851,0.125206,0.23501
259,-0.499609,-0.242523,0.206169
259,-0.0394547,0.201534,0.169546
259,-0.0543525,0.218703,0.152805
259,-0.526076,-0.136116,0.226002
259,-0.556664,-0.138153,0.211684
259,-0.583198,-0.11067,0.169624
259,-0.473648,0.296968,0.246471
259,0.695038,0.834068,-0.615457
259,0.752432,0.96836,-0.592514
259,0.69136,0.917325,-0.660321
259,0.264644,0.581026,-0.613554
259,0.250383,0.581734,-0.610739
259,0.2728,0.587385,-0.641657
259,0.246844,0.58775,-0.617969
259,0.56825,0.978544,-0.623567
259,0.232459,0.633549,-0.6331
259,0.595445,1.04635,-0.60473
259,0.203203,0.634035,-0.609837
259,0.592345,1.05916,-0.624037
259,0.441805,1.01455,-0.529159
259,0.677307,1.22264,-0.561903
259,0.44081,1.01763,-0.531549
259,0.436385,1.02288,-0.533857
259,0.445367,1.01834,-0.550361
259,0.510166,1.0252,-0.620983
259,0.451834,1.04569,-0.568623
259,0.490092,1.03135,-0.620069
259,0.477921,1.03169,-0.610577
259,0.429104,1.17504,-0.446195
259,0.44073,1.04663,-0.572193
259,0.16101,0.706183,-0.642673
259,0.86845,1.49249,-0.599252
259,0.567002,1.1339,-0.644645
259,0.439984,1.09523,-0.586936
259,0.6039,1.29466,-0.594511
259,0.434121,1.12146,-0.620863
259,0.0569804,0.772975,-0.602087
259,0.11223,0.815408,-0.625552
259,0.0491049,0.78241,-0.608854
259,0.0850275,0.827407,-0.617177
259,0.0216722,0.824726,-0.602815
259,0.138824,0.94989,-0.664336
259,0.631105,1.5533,-0.621703
259,0.561407,1.5516,-0.586618
259,0.566344,1.56794,-0.608045
259,0.554525,1.57452,-0.601434
259,0.579789,1.59315,-0.616149
259,-0.0340486,0.977698,-0.645353
259,0.225851,1.41147,-0.514322
259,-0.0917205,0.966199,-0.623942
259,0.393285,1.4691,-0.628457
259,-0.0708995,1.02398,-0.629867
259,-0.0617751,1.35585,-0.348147
259,0.60578,1.7562,-0.614728
259,0.0950083,1.25289,-0.612681
259,0.0186898,1.28936,-0.512851
259,0.647972,1.83981,-0.618373
259,0.0310019,1.24159,-0.601454
259,-0.120852,1.08625,-0.606438
259,0.648355,1.85663,-0.634758
259,0.0843001,1.27674,-0.640223
259,-0.00293475,1.31469,-0.535258
259,-0.157204,1.04506,-0.635608
259,0.605138,1.89499,-0.599359
259,-0.10188,1.13133,-0.639576
259,0.288656,1.58339,-0.603946
259,0.2874,1.58038,-0.607857
259,-0.117487,1.13088,-0.644932
259,0.142574,1.4758,-0.579906
259,0.562704,1.89785,-0.599931
259,0.54043,1.90373,-0.588378
259,0.129744,1.4993,-0.604273
259,0.329467,1.7399,-0.577434
259,-0.13494,1.16579,-0.678805
259,0.468131,1.88799,-0.595332
259,0.234351,1.69434,-0.564389
259,0.3283,1.77147,-0.604798
259,-0.293895,1.15897,-0.603153
259,0.395547,1.86798,-0.613882
259,-0.0941746,1.53063,-0.482595
259,0.178293,1.68893,-0.60833
259,0.189367,1.69608,-0.619102
259,0.594614,2.12948,-0.610838
259,0.222759,1.75176,-0.608035
259,0.174157,1.69344,-0.616441
259,0.231054,1.7721,-0.630167
259,-0.432322,1.1713,-0.55871
259,0.607197,2.16655,-0.641396
259,-0.0742263,1.56734,-0.558525
259,-0.0861594,1.55214,-0.564058
259,0.041798,1.57171,-0.66854
259,0.598544,2.18327,-0.642341
259,0.220398,1.79318,-0.646001
259,0.248482,1.81625,-0.658095
259,0.592441,2.18906,-0.651361
259,0.546229,2.57214,-0.272987
259,0.507428,2.1471,-0.622167
259,0.536143,2.56114,-0.284095
259,0.608691,2.53598,-0.380805
259,-0.0892844,1.58436,-0.581256
259,-0.211457,2.43546,0.280913
259,-0.457242,1.20655,-0.579061
259,-0.187794,1.49874,-0.579774
259,0.48681,2.55612,-0.268342
259,0.634218,2.52186,-0.433988
259,-0.18914,1.48124,-0.597336
259,0.612794,2.50989,-0.438719
259,-0.38773,1.26602,-0.620501
259,0.293788,1.96942,-0.63256
259,-0.480966,1.21624,-0.586437
259,0.49,2.53044,-0.32584
259,-0.254957,2.44031,0.275186
259,0.356082,2.53851,-0.19962
259,-0.482012,1.22047,-0.594991
259,0.353756,2.04211,-0.639751
259,0.614252,2.53465,-0.445489
259,0.377158,2.52347,-0.242387
259,0.553348,2.49168,-0.434656
259,-0.0407026,1.65891,-0.634513
259,0.484966,2.55759,-0.328266
259,0.427476,2.56456,-0.271148
259,-0.0447006,1.66141,-0.635242
259,-0.0407645,1.66426,-0.639911
259,-0.210713,2.29635,0.0647835
259,-0.203681,2.30764,0.0656255
259,0.372802,2.54346,-0.256908
259,-0.153679,1.58751,-0.61951
259,-0.247796,2.51643,0.280679
259,0.352453,2.48934,-0.296617
259,-0.0612531,1.66878,-0.641332
259,0.358655,2.49704,-0.299629
259,-0.260405,1.51876,-0.604369
259,0.00848746,1.82824,-0.579102
259,-0.258966,1.52365,-0.608567
259,0.143539,1.98034,-0.597323
259,0.435423,2.2795,-0.606132
259,0.348426,2.53406,-0.330725
259,0.0624362,1.94867,-0.595021
259,-0.547458,1.30778,-0.6088
259,0.429759,2.55488,-0.405242
259,-0.552435,1.31766,-0.600081
259,0.0614293,1.96189,-0.601375
259,0.504275,2.5164,-0.525142
259,0.526984,2.47141,-0.590753
259,0.527438,2.47345,-0.589413
259,0.36129,2.48554,-0.430492
259,0.359291,2.49006,-0.4292
259,0.440633,2.53239,-0.467417
259,0.425275,2.53074,-0.460846
259,0.501437,2.48083,-0.575602
259,0.373075,2.45267,-0.487806
259,0.344442,2.49665,-0.424776
259,0.427958,2.49332,-0.507417
259,0.430751,2.46755,-0.546721
259,0.365248,2.40686,-0.552684
259,-0.193438,2.583,0.0995389
259,-0.522084,1.4289,-0.645293
259,0.351284,2.4657,-0.558251
259,0.356346,2.47936,-0.565254
259,-0.423957,1.70964,-0.529198
259,-1.65281,0.391223,-0.617784
259,-1.55506,0.500903,-0.616269
259,-1.64465,0.376875,-0.65384
259,-0.0119293,2.12964,-0.609202
259,-0.450136,1.74334,-0.549143
259,-0.0028913,2.16897,-0.596496
259,-2.62861,0.486566,0.321042
259,-1.63956,0.452671,-0.620905
259,-0.00919694,2.17447,-0.597778
259,-0.10509,2.04691,-0.628793
259,0.0804398,2.23388,-0.634367
259,-0.347783,1.76595,-0.656406
259,-0.278603,1.88886,-0.612968
259,-0.658246,1.51022,-0.613285
259,-0.105599,2.05832,-0.639781
259,-0.456512,2.62306,0.172743
259,-1.62239,0.510697,-0.631904
259,0.024965,2.26378,-0.609875
259,-0.474284,1.78003,-0.580827
259,-1.48647,0.672975,-0.635096
259,-1.49342,0.666038,-0.646713
259,-1.51207,0.650406,-0.648291
259,-1.60524,0.563632,-0.651632
259,-0.150686,2.6796,-0.137451
259,-0.47793,2.68125,0.162926
259,-0.410765,1.8721,-0.614026
259,-1.52636,0.689283,-0.637683
259,-1.49046,0.84751,-0.554967
259,-0.200789,2.18609,-0.569353
259,-0.143298,2.55917,-0.300225
259,-0.50733,2.6714,0.132107
259,-0.176551,2.32348,-0.483433
259,-0.399337,1.95199,-0.609326
259,-0.170126,2.32877,-0.516945
259,-0.268022,2.13554,-0.605828
259,-0.279181,2.13449,-0.601007
259,-1.59312,0.73616,-0.629501
259,-1.59073,0.765572,-0.618101
259,-0.820918,1.61569,-0.582139
259,-1.5506,0.814295,-0.629382
259,-1.58037,0.818683,-0.606696
259,-1.5359,0.875203,-0.604007
259,-1.57181,0.827387,-0.614893
259,-0.301911,2.14267,-0.630286
259,-0.141403,2.51124,-0.457653
259,-1.52289,0.885539,-0.635763
259,-1.57239,0.829227,-0.640265
259,-0.179762,2.37059,-0.583727
259,-0.177814,2.38583,-0.593644
259,-0.584722,2.77291,0.119954
259,-1.51106,1.09066,-0.524105
259,-0.417841,2.15024,-0.624561
259,-0.437731,2.1372,-0.62605
259,-1.47792,1.05671,-0.630224
259,-0.16143,2.42811,-0.63495
259,-1.5364,1.04854,-0.612081
259,-1.41499,1.15386,-0.654721
259,-1.5458,1.1984,-0.625632
259,-1.06804,1.80592,-0.549308
259,-1.02336,1.80207,-0.595339
259,-1.55374,1.21108,-0.69443
259,-0.982473,2.03373,-0.575119
259,-1.03627,2.01344,-0.593355
259,-0.984438,2.0615,-0.602285
259,-2.80562,-0.0641525,-0.840892
259,-2.90716,1.16453,0.229577
259,-1.79812,2.28335,0.0301918
259,-1.81046,2.28242,0.0355235
259,-1.99553,2.1978,0.0531493
259,-1.99443,2.21019,0.0600686
259,-2.94086,1.20981,0.0215425
259,-2.04518,2.4652,0.26871
259,-1.36452,2.99711,0.0887406
259,-2.73519,1.23428,-0.23877
259,-1.97362,2.13475,-0.218765
259,-2.90225,1.29504,-0.14072
259,-2.24112,2.36696,0.191681
259,-2.2362,2.4184,0.230197
259,-2.03121,2.12879,-0.217462
259,-2.25461,2.42252,0.245208
259,-1.96249,2.11579,-0.318133
259,-2.73455,1.2073,-0.433501
259,-2.15006,2.33912,0.0150806
259,-2.84655,1.28642,-0.275806
259,-2.88829,1.29835,-0.239385
259,-2.92774,1.30469,-0.20854
259,-1.99671,2.1193,-0.34904
259,-2.83549,1.29075,-0.325679
259,-2.74301,1.20373,-0.517318
259,-2.20408,2.19485,-0.139856
259,-2.04979,2.07624,-0.397041
259,-2.25515,2.2197,-0.106344
259,-2.02248,2.0214,-0.534001
259,-2.03475,2.05057,-0.499537
259,-2.1219,2.04561,-0.445725
259,-2.8931,1.3152,-0.388267
259,-2.04866,2.03281,-0.545795
259,-2.22084,2.22068,-0.243887
259,-2.87403,1.28942,-0.542556
259,-2.64619,1.52833,-0.601853
259,-2.4757,2.40932,-0.0373489
259,-2.65883,2.44035,0.0644675
259,-2.60175,2.43252,-0.0489448
259,-2.78707,2.52866,0.162769
259,-2.9815,1.30059,-0.781707
259,-2.68336,2.4517,-0.0557494
259,-2.79914,2.57521,0.139685
259,-2.89609,1.52043,-0.715042
259,-3.04988,1.35664,-0.743776
259,-3.06741,1.36389,-0.743237
259,-3.12494,1.45462,-0.706243
259,-3.13585,1.48003,-0.819546
259,-2.83612,2.19712,-0.534043
259,-3.18033,1.49724,-0.837522
259,-2.87037,2.22519,-0.557431
259,-2.54581,1.51689,-0.563656
258,-2.54581,1.51689,-0.563656
259,-2.54581,1.51689,-0.563656
258,-2.54581,1.51689,-0.563656
259,0.0446438,2.00367,-0.486258
258,0.0446438,2.00367,-0.486258
259,0.0164201,0.186517,0.224611
258,0.0164201,0.186517,0.224611
259,-2.25465,2.07597,-0.522419
258,-2.25465,2.07597,-0.522419
259,-0.556113,1.18841,-0.585971
258,-0.556113,1.18841,-0.585971
259,0.195172,0.714833,-0.548285
258,0.195172,0.714833,-0.548285
259,0.286153,0.380833,-0.024079
258,0.286153,0.380833,-0.024079
259,0.132765,0.70307,-0.549582
258,0.132765,0.70307,-0.549582
259,0.25995,0.417903,-0.0721184
258,0.25995,0.417903,-0.0721184
259,0.311349,0.425145,-0.158773
258,0.311349,0.425145,-0.158773
259,-0.0879299,0.963432,-0.629495
258,-0.0879299,0.963432,-0.629495
259,0.00413304,1.30585,-0.352467
258,0.00413304,1.30585,-0.352467
259,0.481399,0.112844,0.265802
258,0.481399,0.112844,0.265802
259,-0.0028048,0.7671,-0.59699
258,-0.0028048,0.7671,-0.59699
259,-2.50813,2.57,-0.447574
257,-2.50813,2.57,-0.447574
259,0.0531133,1.52528,-0.653184
257,0.0531133,1.52528,-0.653184
259,-0.349321,1.77209,-0.732926
257,-0.349321,1.77209,-0.732926
259,0.073381,1.48177,-0.609557
257,0.073381,1.48177,-0.609557
259,-2.25718,2.108,0.17833
257,-2.25718,2.108,0.17833
259,-3.119,1.32536,0.0164001
257,-3.119,1.32536,0.0164001
259,-3.41728,1.39447,0.0530937
257,-3.41728,1.39447,0.0530937
259,0.657159,1.23083,-0.754543
257,0.657159,1.23083,-0.754543
259,-0.36405,1.79687,-0.753495
257,-0.36405,1.79687,-0.753495
259,0.659736,1.2139,-0.735334
257,0.659736,1.2139,-0.735334
259,0.156416,0.679102,-0.419615
257,0.156416,0.679102,-0.419615
259,0.2781,1.64401,-0.669004
250,0.2781,1.64401,-0.669004
259,0.384277,1.07924,-0.636142
250,0.384277,1.07924,-0.636142
259,-2.29757,2.22218,-0.0468623
250,-2.29757,2.22218,-0.0468623
259,0.275077,1.64987,-0.673585
250,0.275077,1.64987,-0.673585
259,-3.23993,2.79285,-0.32999
250,-3.23993,2.79285,-0.32999
259,0.523557,1.03269,-0.632031
250,0.523557,1.03269,-0.632031
259,-2.55507,2.54469,0.0247868
250,-2.55507,2.54469,0.0247868
259,0.125229,0.669067,-0.587507
250,0.125229,0.669067,-0.587507
259,-0.110434,2.54676,-0.420344
249,-0.110434,2.54676,-0.420344
259,-0.115078,2.55505,-0.424801
249,-0.115078,2.55505,-0.424801
259,-0.0665444,2.43249,-0.268205
251,-0.0665444,2.43249,-0.268205
259,-2.66044,2.29068,-0.788886
251,-2.66044,2.29068,-0.788886
259,-1.05675,1.88351,-0.501186
251,-1.05675,1.88351,-0.501186
259,-0.347921,2.08269,-0.648248
251,-0.347921,2.08269,-0.648248
259,-0.0120281,1.78083,-0.617343
251,-0.0120281,1.78083,-0.617343
259,-1.17796,1.98551,-0.583668
251,-1.17796,1.98551,-0.583668
259,0.361947,2.56477,-0.154263
251,0.361947,2.56477,-0.154263
259,0.599167,1.53405,-0.612492
248,0.599167,1.53405,-0.612492
259,1.00398,1.35396,-0.583061
248,1.00398,1.35396,-0.583061
259,-0.29365,1.59135,-0.654846
248,-0.29365,1.59135,-0.654846
259,0.0835714,0.412456,0.227143
5,0.0835714,0.412456,0.227143
259,-0.297993,1.92446,-0.632051
0,-0.297993,1.92446,-0.632051
259,-0.381232,1.18509,-0.604652
0,-0.381232,1.18509,-0.604652
260,0.500826,-0.164337,1.15835
260,0.483929,-0.155396,1.10171
260,0.482778,-0.153544,1.09948
260,0.44152,-0.158141,1.06546
260,0.413994,-0.11789,1.04235
260,0.402916,-0.108828,1.03016
260,0.398464,-0.092125,1.02236
260,0.388577,-0.080022,1.0159
260,0.378311,-0.06731,1.00669
260,-0.809605,0.207221,0.0670074
260,-0.636439,0.564513,0.0691111
260,-0.755323,0.432249,0.0770538
260,-1.56203,0.567828,1.48012
260,-0.0260993,1.93868,0.417736
260,-1.63199,0.0089699,0.593739
260,-1.6363,0.0124677,0.608389
260,-1.66,0.0201944,0.5935
260,-1.61142,0.589037,1.46233
260,-1.79318,-0.161189,0.542154
260,-1.68068,0.0151034,0.589509
260,-1.68256,0.0153685,0.588986
260,-1.68571,0.015375,0.576475
260,-0.467287,1.60807,0.563848
260,-0.103182,2.03471,0.410012
260,-1.76106,-0.00199762,0.553335
260,-0.120107,2.0477,0.401598
260,-1.60291,0.675053,1.28156
260,-0.491425,1.30579,-0.482553
260,-0.609943,1.72268,0.493207
260,-1.3334,0.455315,-0.352552
260,-1.94212,0.188611,0.514802
260,-0.595304,1.34999,-0.496139
260,-0.635156,1.37144,-0.460826
260,-0.664037,1.38532,-0.376302
260,-0.611076,1.37969,-0.526792
260,-0.614127,1.38719,-0.559329
260,-0.645646,1.41133,-0.461176
260,-1.44683,0.414962,-0.447668
260,-0.629319,1.40635,-0.554346
260,-1.50705,0.332805,-0.548111
260,-0.699915,1.46421,-0.415454
260,-0.679857,1.45771,-0.503279
260,-1.25515,0.824606,-0.34245
260,-0.710904,1.46875,-0.442313
260,-1.25646,0.825076,-0.349925
260,-0.724105,1.50873,-0.462466
260,-0.743091,1.50142,-0.462213
260,-0.791181,1.5387,-0.298541
260,-0.678554,1.48856,-0.64142
260,-0.741568,1.51977,-0.454321
260,-0.733549,1.52429,-0.477336
260,-1.56254,0.426826,-0.542049
260,-2.15401,0.255517,0.440108
260,-0.809769,1.5496,-0.324525
260,-1.91078,0.644176,0.553129
260,-1.57674,0.428693,-0.579929
260,-1.87915,0.668513,0.51306
260,-1.99811,0.748937,0.882317
260,-1.39231,0.774244,-0.443951
260,-1.33766,0.867356,-0.450453
260,-1.31297,0.927975,-0.431076
260,-0.828118,1.59226,-0.364812
260,-2.21256,0.280391,0.41542
260,-1.96547,0.678125,0.540366
260,-2.22296,0.291363,0.436879
260,-1.4706,0.710344,-0.52614
260,-1.67877,0.383437,-0.690755
260,-2.26698,0.306251,0.405597
260,-1.44065,0.823984,-0.553108
260,-0.835455,1.66791,-0.438535
260,-1.6812,0.45656,-0.737225
260,-1.80065,0.295345,-0.772366
260,-1.51897,0.794871,-0.556585
260,-2.32828,0.326862,0.426597
260,-1.42891,0.922109,-0.566242
260,-2.34234,0.330954,0.418913
260,-2.08621,0.735806,0.49718
260,-0.877628,1.73335,-0.483925
260,-1.3699,1.37525,-0.00664628
260,-1.84568,0.302928,-0.838772
260,-1.6941,0.591198,-0.692955
260,-2.38201,0.335927,0.402649
260,-1.38265,1.37794,-0.028507
260,-1.56077,0.815536,-0.61293
260,-2.40518,0.323271,0.399455
260,-1.47173,1.01017,-0.57552
260,-2.40901,0.364975,0.38994
260,-1.83001,0.460524,-0.756305
260,-1.8902,0.356526,-0.824433
260,-0.847759,1.77272,-0.723516
260,-2.13428,0.802611,0.436299
260,-1.57587,0.900788,-0.671978
260,-1.61143,0.847796,-0.725626
260,-2.18165,0.840318,0.507037
260,-0.927917,1.81913,-0.628428
260,-2.18143,0.844253,0.468145
260,-2.24314,0.858659,0.582954
260,-2.46454,0.466822,0.38027
260,-1.77436,0.656185,-0.849773
260,-0.905388,1.84955,-0.724477
260,-0.906748,1.85956,-0.73027
260,-1.83136,0.61941,-0.859385
260,-1.79323,0.663209,-0.874163
260,-2.55139,0.406679,0.359477
260,-1.67513,0.880665,-0.797607
260,-0.466747,2.34669,-0.982455
260,-2.27763,0.858204,0.415577
260,-2.58401,0.422862,0.336765
260,-1.87082,0.633053,-0.909223
260,-2.3242,0.829344,0.430876
260,-2.28872,0.894792,0.43516
260,-2.3603,0.84663,0.44654
260,-2.36288,0.856946,0.438211
260,-2.1237,1.69906,1.34841
260,-2.37094,0.852115,0.41181
260,-1.61626,1.16871,-0.734646
260,-1.63702,1.12273,-0.789315
260,-1.73762,1.03708,-0.749517
260,-2.11531,0.41219,-1.00513
260,-1.0406,1.97488,-0.705535
260,-0.518677,2.46671,-1.07801
260,-1.63647,1.18836,-0.813187
260,-2.42445,0.91236,0.416395
260,-2.5355,0.952489,0.660897
260,-2.57373,0.968379,0.656903
260,-1.79852,1.07416,-0.912375
260,-1.79634,1.08868,-0.926971
260,-2.57696,0.976882,0.591055
260,-2.52406,0.954728,0.406636
260,-2.28771,1.84133,1.32719
260,-2.32431,1.80578,1.31671
260,-2.30075,1.8489,1.32427
260,-2.32097,1.83542,1.34015
260,-2.34469,1.88233,1.33159
260,-2.36233,1.88264,1.3541
260,-1.93053,1.11643,-1.03224
260,-2.3908,1.8929,1.34346
260,-2.38384,1.90038,1.3232
260,-2.3912,1.90556,1.31342
260,-1.27658,2.90107,0.082776
260,-2.70202,1.15579,0.229617
260,-2.55585,2.01213,1.38901
260,-2.72333,1.1716,0.215166
260,-2.59671,1.11922,-0.2091
260,-0.936637,3.3666,-0.0755023
260,-0.915768,3.41894,-0.102078
260,-1.29955,2.44181,-0.95628
260,-2.00015,1.48833,-1.11831
260,-2.70482,1.14384,-0.184558
260,-2.00989,1.50405,-1.16068
260,-2.81351,1.21865,0.108861
260,-2.83396,1.22204,0.15788
260,-2.83429,1.22495,0.159683
260,-2.01289,1.54774,-1.14447
260,-2.82724,1.23052,0.0731045
260,-2.83955,1.24582,0.0321237
260,-2.83838,1.24308,0.011204
260,-2.04994,1.57591,-1.21263
260,-2.72515,2.17798,1.35104
260,-2.81025,1.25115,-0.145279
260,-2.84704,1.25862,-0.0643983
260,-2.7664,1.24574,-0.285353
260,-2.84224,1.26202,-0.154597
260,-2.854,1.26505,-0.129993
260,-2.89594,1.27812,-0.0802506
260,-2.92835,1.28377,0.000307083
260,-2.91573,1.28349,-0.0324563
260,-2.86977,1.27625,-0.154378
260,-2.12645,2.0627,-0.456392
260,-2.93307,1.28623,-0.0502421
260,-2.89,1.28671,-0.170087
260,-2.8276,1.28059,-0.329436
260,-2.83874,1.28766,-0.315638
260,-2.89009,1.29035,-0.209779
260,-2.90875,1.30675,-0.317131
260,-2.94616,1.32025,-0.290721
260,-2.97352,1.34471,-0.382872
260,-1.34461,3.63219,-0.170904
260,-3.00438,1.36327,-0.457136
260,-2.26922,1.75127,-1.4664
260,-1.57467,3.42582,-0.0962201
260,-2.32933,2.76449,0.175237
260,-1.52332,3.69605,-0.171811
260,-1.582,3.72105,-0.176654
260,-1.62032,3.92732,-0.277443
260,-2.60304,2.46272,-0.775181
260,-1.71871,4.03675,-0.28777
260,-2.1913,3.59426,-0.185699
260,-1.94375,3.97373,-0.30064
260,-3.25184,3.61539,1.45424
260,-3.28104,3.70075,1.42611
260,-2.4752,3.9153,-0.29665
260,-2.62843,4.0157,-0.332814
260,-2.21479,4.7435,-0.551317
260,-3.03605,3.92525,-0.293492
260,-3.11692,4.03435,-0.326817
260,-3.33093,4.12073,-0.227078
260,-2.40256,5.11355,-0.654225
260,-4.00947,4.43372,1.55647
260,-3.61673,4.41773,-0.313368
260,-0.940979,2.45479,0.25529
259,-0.940979,2.45479,0.25529
260,-1.42084,1.11122,-0.534092
259,-1.42084,1.11122,-0.534092
260,-0.287387,1.8467,-0.661363
259,-0.287387,1.8467,-0.661363
260,-0.916316,2.41614,0.268182
259,-0.916316,2.41614,0.268182
260,-2.01471,1.59997,-0.16189
259,-2.01471,1.59997,-0.16189
260,-2.83094,1.24695,-0.638579
259,-2.83094,1.24695,-0.638579
260,-1.6361,0.669623,-0.618592
259,-1.6361,0.669623,-0.618592
260,-1.08883,2.80272,0.149293
259,-1.08883,2.80272,0.149293
260,-1.16133,2.93318,0.112803
259,-1.16133,2.93318,0.112803
260,-2.47167,1.16329,-0.491461
259,-2.47167,1.16329,-0.491461
260,-0.918817,1.82782,-0.621377
259,-0.918817,1.82782,-0.621377
260,-1.17604,2.0376,-0.598945
259,-1.17604,2.0376,-0.598945
260,-2.56031,1.99563,-0.4113
259,-2.56031,1.99563,-0.4113
260,-1.13349,1.98583,-0.619054
259,-1.13349,1.98583,-0.619054
260,-1.17593,2.03117,-0.598604
259,-1.17593,2.03117,-0.598604
260,-0.353202,2.04888,-0.737749
259,-0.353202,2.04888,-0.737749
260,-2.35103,1.04912,-0.0435787
259,-2.35103,1.04912,-0.0435787
260,-0.920415,1.90836,-0.479774
259,-0.920415,1.90836,-0.479774
260,-2.1589,1.91403,-0.521937
259,-2.1589,1.91403,-0.521937
260,-1.53355,0.813585,-0.616515
259,-1.53355,0.813585,-0.616515
260,-2.44954,1.90944,-0.360697
259,-2.44954,1.90944,-0.360697
260,-3.35445,2.5717,-0.774313
259,-3.35445,2.5717,-0.774313
260,-2.30296,1.03195,-0.0922447
259,-2.30296,1.03195,-0.0922447
260,-2.92044,1.31156,-0.253786
259,-2.92044,1.31156,-0.253786
260,-0.86233,1.66411,-0.6248
259,-0.86233,1.66411,-0.6248
260,-3.55274,2.70938,-0.865009
259,-3.55274,2.70938,-0.865009
260,-1.58033,0.453104,-0.60184
157,-1.58033,0.453104,-0.60184
260,-2.90804,1.11942,0.795164
157,-2.90804,1.11942,0.795164
260,-1.53092,1.11315,-0.616338
157,-1.53092,1.11315,-0.616338
260,-1.52227,0.342346,-0.527538
157,-1.52227,0.342346,-0.527538
260,-2.0788,1.44556,-1.20748
157,-2.0788,1.44556,-1.20748
260,-1.52128,0.339735,-0.524907
157,-1.52128,0.339735,-0.524907
260,-2.97901,1.17608,0.244105
157,-2.97901,1.17608,0.244105
260,-1.68793,1.27819,-0.866092
157,-1.68793,1.27819,-0.866092
260,-2.01581,2.41724,0.299891
157,-2.01581,2.41724,0.299891
260,-2.6485,1.17286,-0.41307
62,-2.6485,1.17286,-0.41307
260,-1.30781,0.863753,-0.497904
258,-1.30781,0.863753,-0.497904
260,-0.903608,2.36771,0.284602
258,-0.903608,2.36771,0.284602
260,-1.42573,2.32552,0.267996
160,-1.42573,2.32552,0.267996
260,-1.40382,2.26453,0.285745
160,-1.40382,2.26453,0.285745
260,-1.93952,2.2958,0.291732
160,-1.93952,2.2958,0.291732
260,-1.80228,2.2804,0.294552
160,-1.80228,2.2804,0.294552
260,-1.85043,2.37448,0.279316
160,-1.85043,2.37448,0.279316
260,-0.457672,2.27173,0.302945
160,-0.457672,2.27173,0.302945
260,-2.6194,1.17463,-0.548663
160,-2.6194,1.17463,-0.548663
260,-0.898926,2.433,0.273296
257,-0.898926,2.433,0.273296
260,-0.862541,2.37213,0.285904
257,-0.862541,2.37213,0.285904
260,-2.15362,2.29834,0.143964
257,-2.15362,2.29834,0.143964
260,-1.71977,2.37507,0.254726
257,-1.71977,2.37507,0.254726
260,-0.916108,2.45839,0.265667
257,-0.916108,2.45839,0.265667
260,-2.04048,2.33883,0.216627
257,-2.04048,2.33883,0.216627
260,-1.03713,2.40749,0.252152
257,-1.03713,2.40749,0.252152
260,-1.92792,2.40003,0.288584
257,-1.92792,2.40003,0.288584
260,-1.42425,0.597636,0.57022
257,-1.42425,0.597636,0.57022
260,-1.22987,1.21987,-0.728477
257,-1.22987,1.21987,-0.728477
260,-2.00046,2.49052,0.249271
257,-2.00046,2.49052,0.249271
260,-1.56757,0.538805,-0.600701
88,-1.56757,0.538805,-0.600701
260,-3.1821,1.39847,1.34668
88,-3.1821,1.39847,1.34668
260,-1.71704,2.76433,0.116947
255,-1.71704,2.76433,0.116947
260,-1.34999,2.34787,0.271597
255,-1.34999,2.34787,0.271597
260,-1.5285,2.47996,0.223258
255,-1.5285,2.47996,0.223258
260,-1.33665,2.33407,0.275876
255,-1.33665,2.33407,0.275876
260,-1.43919,2.38966,0.251535
255,-1.43919,2.38966,0.251535
260,-0.878435,2.3307,0.302319
255,-0.878435,2.3307,0.302319
261,0.277591,-0.0855132,1.29736
261,-0.0382283,-0.0653852,1.34246
261,-0.479168,0.033374,1.44079
261,-1.18155,-0.0374435,1.54371
261,-0.390549,1.28615,1.61645
261,-1.28985,-0.0442867,1.58177
261,-1.38554,-0.0363047,1.59826
261,-1.3926,-0.0405711,1.5991
261,-1.50709,0.419523,1.52995
261,-1.57323,0.440934,1.53973
261,-1.64,0.464491,1.57779
261,-1.6472,0.466824,1.57887
261,-1.58662,0.57663,1.48593
261,-1.67287,0.60195,1.56716
261,-1.67101,0.604909,1.5635
261,-1.68844,0.590562,1.50507
261,-1.68641,0.610333,1.55657
261,-1.66809,0.622947,1.49966
261,-1.84303,0.470043,1.65813
261,-1.92888,0.0706315,0.555369
261,-2.00617,0.316054,1.72855
261,-1.89482,0.470397,1.68154
261,-2.19113,-0.190181,0.462961
261,-2.25876,-0.242512,0.440959
261,-2.20527,0.249928,1.83774
261,-1.79462,0.772122,1.32322
261,-2.13521,0.0615167,0.488225
261,-2.40817,-0.283585,0.391131
261,-2.45779,-0.261178,0.388544
261,-1.9757,0.731098,1.00988
261,-2.04978,0.764648,1.17805
261,-2.14529,0.800785,1.28617
261,-2.11867,0.788414,1.01641
261,-2.22416,0.82833,1.2882
261,-1.07528,2.89295,1.93379
261,-1.08376,2.88771,1.92307
261,-2.07201,1.25971,1.37536
261,-2.73085,0.426737,1.8626
261,-2.63571,0.602064,1.92788
261,-2.50624,0.366229,0.395871
261,-2.43713,0.909115,1.40547
261,-2.46179,0.92087,1.51284
261,-2.47024,0.926741,1.44543
261,-2.37627,0.894935,0.854897
261,-2.33807,0.887672,0.562428
261,-2.60511,0.462432,0.391963
261,-2.39651,0.91526,0.762943
261,-2.61102,0.485729,0.385879
261,-2.51262,0.945015,1.40746
261,-2.37683,0.922211,0.539473
261,-2.40904,0.929802,0.677008
261,-2.49497,0.938273,1.13398
261,-2.5493,0.955458,1.41168
261,-2.44635,0.909101,0.701464
261,-2.48196,0.931626,0.693051
261,-2.52403,0.962611,0.749323
261,-2.37682,0.983782,0.0469157
261,-2.50578,0.908119,0.403483
261,-2.52146,0.955868,0.614969
261,-2.56219,0.955906,0.737975
261,-2.52166,0.977502,0.598503
261,-2.53371,0.965107,0.598145
261,-2.56612,0.960216,0.735537
261,-2.53276,0.92793,0.410499
261,-2.54933,0.985988,0.596593
261,-2.5619,0.976932,0.602713
261,-2.90736,0.469172,0.468364
261,-2.6135,0.972744,0.660042
261,-2.61722,0.989494,0.683933
261,-2.62841,0.971562,0.677407
261,-3.35409,-0.267737,0.0888432
261,-2.6439,0.976718,0.66013
261,-2.94188,0.491882,0.457161
261,-2.49193,1.09076,-0.314987
261,-2.57365,1.12031,-0.331081
261,-2.42307,1.92693,1.37285
261,-3.68673,0.367114,2.03202
261,-3.16313,0.603459,0.1616
261,-2.11698,2.79488,1.8407
261,-2.84042,1.22685,0.188828
261,-2.79787,1.2046,-0.188026
261,-3.78116,0.398133,2.05697
261,-2.81612,1.20645,-0.177599
261,-2.77113,1.18701,-0.503029
261,-2.81942,1.2518,-0.147002
261,-2.86839,1.19616,-0.147705
261,-2.89192,1.24849,0.109923
261,-2.90829,1.25471,0.159512
261,-2.91491,1.26426,0.0643039
261,-2.88004,1.23987,-0.198969
261,-2.91478,1.2692,0.0632994
261,-2.91935,1.22228,-0.0867116
261,-2.90633,1.27312,-0.0322466
261,-3.36512,0.636536,0.132954
261,-2.90982,1.24474,-0.124411
261,-2.91561,1.27451,-0.040231
261,-2.94371,1.27517,0.070608
261,-2.22864,2.88419,1.89104
261,-2.94212,1.28236,0.0526102
261,-2.91447,1.28706,-0.12757
261,-3.96605,0.402738,2.08172
261,-2.98393,1.27498,-0.155661
261,-2.99984,1.2895,-0.155568
261,-2.30286,2.97063,1.94695
261,-3.01301,1.25365,-0.294304
261,-2.20681,2.66116,0.159027
261,-2.97502,1.3459,-0.44495
261,-2.99057,1.35218,-0.470785
261,-1.55752,3.65963,-0.184542
261,-3.16914,1.31438,-0.290848
261,-2.20544,2.92702,0.0747663
261,-3.21324,1.33448,-0.284081
261,-2.24722,3.00578,0.0221118
261,-2.52037,3.21028,1.93676
261,-2.27717,3.04281,-0.00177205
261,-2.34373,3.10505,-0.0123004
261,-2.35528,3.09787,0.0138648
261,-2.67493,3.39368,2.06104
261,-2.42657,3.20043,-0.0195075
261,-2.72158,3.22323,1.41332
261,-2.81811,3.3377,1.43438
261,-2.97405,3.51384,1.45191
261,-4.97511,0.912403,2.29229
261,-3.07416,3.626,1.41946
261,-3.21559,4.02559,2.61427
261,-3.48654,3.98099,1.42249
261,-3.55413,4.52749,3.0994
261,-3.70849,4.63768,3.14809
261,-3.54847,4.08847,-0.39505
261,-3.56985,4.1108,-0.364518
261,-6.70725,0.829539,2.57859
261,-3.94075,4.52641,-0.528451
261,-1.92495,0.801046,1.14977
260,-1.92495,0.801046,1.14977
261,-1.63801,2.28239,0.289823
260,-1.63801,2.28239,0.289823
261,-2.10385,0.883214,1.14633
260,-2.10385,0.883214,1.14633
261,-1.21046,2.77505,0.1346
260,-1.21046,2.77505,0.1346
261,-1.81373,2.90451,0.0620139
260,-1.81373,2.90451,0.0620139
261,-1.29441,2.92846,0.082531
260,-1.29441,2.92846,0.082531
261,-2.46907,1.9554,1.37337
260,-2.46907,1.9554,1.37337
261,-2.08019,1.98442,-0.455595
260,-2.08019,1.98442,-0.455595
261,-1.10967,2.75157,0.140793
260,-1.10967,2.75157,0.140793
261,-2.86914,1.1176,0.271894
61,-2.86914,1.1176,0.271894
261,-2.81743,1.07233,0.300746
61,-2.81743,1.07233,0.300746
261,-2.66401,1.04884,0.333557
61,-2.66401,1.04884,0.333557
261,-1.93684,2.35963,1.378
60,-1.93684,2.35963,1.378
261,-1.97798,2.38378,1.37469
60,-1.97798,2.38378,1.37469
261,-1.98184,2.38597,1.37471
60,-1.98184,2.38597,1.37471
261,-0.716379,2.6141,0.189634
60,-0.716379,2.6141,0.189634
261,-2.02439,2.39605,1.37816
60,-2.02439,2.39605,1.37816
261,-2.86015,2.29433,1.38125
60,-2.86015,2.29433,1.38125
261,-2.68772,1.03129,0.301647
88,-2.68772,1.03129,0.301647
261,-2.81609,1.22335,0.204561
259,-2.81609,1.22335,0.204561
261,-2.36875,1.02647,0.297504
259,-2.36875,1.02647,0.297504
261,-2.61592,1.04251,0.298832
259,-2.61592,1.04251,0.298832
261,-2.78162,0.458327,0.493246
157,-2.78162,0.458327,0.493246
261,-2.01987,2.43823,0.284585
157,-2.01987,2.43823,0.284585
262,0.177306,-0.00123321,1.33144
262,0.17735,-0.00127198,1.33071
262,0.136979,0.0463398,1.32782
262,0.130467,0.053939,1.31267
262,0.130053,0.0543,1.31228
262,0.131182,0.0528164,1.28158
262,0.100172,0.0763603,1.30972
262,-0.0172685,0.464292,1.40654
262,-0.337502,-0.0407547,1.40539
262,-0.34981,-0.0410837,1.43024
262,-0.360673,-0.0423311,1.40749
262,-0.365121,-0.0429696,1.41348
262,-0.371073,-0.0435672,1.41437
262,-0.363956,0.078152,1.3932
262,-0.533193,0.183962,1.18843
262,-0.628582,0.0893957,1.4702
262,-0.769597,0.266719,1.15393
262,-0.77797,0.274041,1.15493
262,-1.29562,0.0406368,1.52381
262,-1.37952,0.0240439,1.60264
262,-1.38236,0.023384,1.58781
262,-1.40902,-0.0157388,1.57584
262,-1.39639,0.0218199,1.62581
262,-1.45983,-0.0334506,1.6193
262,-1.32893,0.0462817,0.805589
262,-0.657559,1.78677,1.84563
262,-1.80222,-0.0439428,1.67496
262,-1.64436,0.217136,1.63668
262,-1.66795,0.0592831,0.691218
262,-1.52902,0.4504,1.52247
262,-0.706823,1.9105,1.88692
262,-1.61525,0.48236,1.54469
262,-1.65634,0.49004,1.54958
262,-0.764094,2.03853,1.91636
262,-1.83233,0.0772314,0.633737
262,-0.743567,1.85735,0.501867
262,-1.66431,0.59774,1.43295
262,-1.90847,0.070171,0.603522
262,-1.77504,0.499482,1.56291
262,-1.77797,0.500434,1.56537
262,-1.79833,0.504063,1.5757
262,-2.17824,-0.0639801,1.75405
262,-2.10849,-0.146709,0.506101
262,-1.8291,0.50965,1.58857
262,-1.76453,0.610127,1.5478
262,-2.12753,0.0470837,1.71346
262,-2.00735,0.0756613,0.560933
262,-1.86175,0.497451,1.59265
262,-1.78966,0.619814,1.54897
262,-2.04916,0.256842,1.7151
262,-1.84304,0.633331,1.5457
262,-2.20091,-0.13143,0.48406
262,-2.29385,-0.210392,0.454831
262,-1.82199,0.692393,1.0159
262,-2.14783,0.119953,0.518718
262,-2.14948,0.119053,0.506898
262,-2.3379,-0.176054,0.422514
262,-2.33358,-0.164175,0.446489
262,-2.39934,-0.275036,0.41797
262,-2.407,-0.2836,0.399721
262,-2.06223,0.511759,1.69971
262,-2.4051,-0.261481,0.412737
262,-2.42692,-0.259257,0.393842
262,-2.22589,0.0938676,0.46329
262,-2.45938,-0.28679,0.388861
262,-1.88723,0.813362,1.31063
262,-1.91411,0.737432,1.03936
262,-2.18352,0.421096,1.74721
262,-2.3952,-0.138609,0.421789
262,-1.91374,0.824348,1.30187
262,-0.941305,2.5622,2.08615
262,-0.975198,2.25417,0.330692
262,-2.00223,0.749104,1.32128
262,-0.971775,2.26161,0.327067
262,-0.951601,2.60371,2.08887
262,-1.98788,0.769719,0.945487
262,-2.0168,0.752226,0.924383
262,-2.04243,0.675063,0.551294
262,-2.21833,0.617902,1.70066
262,-2.22964,0.623812,1.70388
262,-2.08667,0.66994,0.538163
262,-2.27279,0.576787,1.73778
262,-1.01242,2.71347,2.11301
262,-2.09952,0.677351,0.529999
262,-2.32428,0.542944,1.76005
262,-2.12551,0.78549,1.27642
262,-2.1088,0.782365,0.905172
262,-1.02798,2.77372,1.89316
262,-1.01867,2.80166,1.87174
262,-2.33251,0.634168,1.70176
262,-2.34972,0.625322,1.75883
262,-2.38811,0.57564,1.78225
262,-2.37711,0.652116,1.70614
262,-2.88212,-0.0648905,1.88163
262,-2.59897,0.393564,1.81491
262,-1.13566,2.52053,0.224345
262,-2.80845,-0.187758,0.260778
262,-2.52993,0.6084,1.80152
262,-2.55342,0.616193,1.80915
262,-2.54448,0.385813,0.372578
262,-2.54458,0.392557,0.371173
262,-2.56705,0.383304,0.373706
262,-2.60333,0.628882,1.818
262,-1.04197,2.88898,0.104638
262,-2.63215,0.628845,1.82501
262,-2.66402,0.398364,0.345412
262,-2.41849,0.902798,0.643878
262,-2.40716,0.897362,0.434396
262,-2.41927,0.883974,0.461355
262,-2.80005,0.526129,1.85528
262,-3.23965,-0.11987,1.93751
262,-2.90962,0.474736,1.81434
262,-2.53574,0.971917,0.627061
262,-2.90591,0.707531,1.87033
262,-3.45079,-0.12523,1.98462
262,-2.94594,0.49553,0.471695
262,-3.38779,-0.217653,0.0780296
262,-3.53559,-0.280589,0.0192825
262,-3.47006,0.353791,1.96194
262,-2.44535,1.94889,1.36746
262,-3.17282,0.61299,0.165249
262,-2.51887,1.94903,1.32459
262,-2.50487,1.98455,1.36129
262,-2.82764,1.26002,-0.124183
262,-3.91105,-0.130479,2.07315
262,-1.79973,2.96814,0.0139332
262,-2.84653,1.2598,-0.102261
262,-3.51376,0.54575,1.97225
262,-2.87517,1.24085,-0.203467
262,-2.89546,1.26373,0.0801862
262,-1.80393,3.03545,-0.0267885
262,-2.89812,1.27266,0.0617651
262,-3.30534,0.634173,0.164058
262,-3.70821,0.315519,1.98988
262,-1.83982,3.02593,-0.0164167
262,-2.92491,1.25077,-0.127717
262,-1.47239,3.61683,-0.192264
262,-2.92996,1.25247,-0.14374
262,-2.17595,2.83512,1.74058
262,-2.90984,1.30294,-0.264671
262,-2.93539,1.27729,-0.215484
262,-2.1845,2.84487,1.76974
262,-1.91702,2.98885,0.000112057
262,-2.19608,2.85827,1.79965
262,-2.17921,2.62827,0.153472
262,-2.18597,2.63561,0.16646
262,-2.22144,2.8787,1.74804
262,-2.9624,1.33325,-0.387611
262,-1.93517,3.09117,-0.0263304
262,-1.97315,3.12528,-0.0589046
262,-2.35769,3.04314,1.83289
262,-2.30914,3.07274,-0.016737
262,-2.39328,3.43284,2.86348
262,-2.47346,3.18105,1.9158
262,-2.40481,3.46619,2.9218
262,-2.4309,3.4246,2.87701
262,-2.45135,3.45012,2.93481
262,-2.37669,3.16993,-0.0725813
262,-2.39431,3.18319,-0.0544782
262,-2.51669,3.51692,2.93315
262,-3.43966,1.43699,-0.431225
262,-2.40399,3.21183,-0.0847938
262,-2.59846,3.45804,2.34077
262,-2.63305,3.66645,2.92829
262,-2.53819,3.36393,-0.107387
262,-2.75104,3.69508,3.05944
262,-2.75958,3.70394,2.99971
262,-4.44776,0.804008,2.13844
262,-4.35,0.97559,2.14173
262,-2.90325,3.39768,1.4202
262,-2.6806,3.57106,-0.154372
262,-3.09834,3.52543,1.39614
262,-5.48499,-0.133398,2.34584
262,-5.5857,-0.163398,2.35598
262,-5.04076,1.10025,2.25774
262,-3.84175,4.9964,3.22746
262,-4.02449,5.22268,3.42135
262,-4.04315,5.22136,3.39389
262,-4.1371,5.1971,3.4396
262,-4.08655,5.2198,2.94764
262,-2.93592,7.29036,3.29001
262,-7.60445,-0.234745,2.64917
262,-7.8257,-0.248811,2.67212
262,-1.32576,0.481137,1.07421
261,-1.32576,0.481137,1.07421
262,-1.96102,-0.137297,1.71808
261,-1.96102,-0.137297,1.71808
262,-1.10653,1.54931,0.789721
261,-1.10653,1.54931,0.789721
262,-1.9725,-0.136928,1.71832
261,-1.9725,-0.136928,1.71832
262,-2.68884,0.449022,0.320379
261,-2.68884,0.449022,0.320379
262,-1.58155,-0.00768257,1.6244
261,-1.58155,-0.00768257,1.6244
262,-1.99695,0.0660573,1.63422
261,-1.99695,0.0660573,1.63422
262,-6.49646,4.84301,1.39104
261,-6.49646,4.84301,1.39104
262,-1.42855,0.519822,1.22685
260,-1.42855,0.519822,1.22685
262,-1.54565,0.565498,1.22932
260,-1.54565,0.565498,1.22932
262,-1.53835,0.562164,1.22943
260,-1.53835,0.562164,1.22943
262,-0.279436,0.589933,1.49895
61,-0.279436,0.589933,1.49895
262,-0.297761,0.622792,1.51224
61,-0.297761,0.622792,1.51224
262,-2.07805,2.48921,0.222135
61,-2.07805,2.48921,0.222135
262,-2.80323,0.0176465,1.85811
61,-2.80323,0.0176465,1.85811
262,-2.21563,2.9118,1.2833
62,-2.21563,2.9118,1.2833
262,-0.990403,2.46738,1.76579
60,-0.990403,2.46738,1.76579
262,-3.56025,1.38312,0.683314
88,-3.56025,1.38312,0.683314
262,-3.55749,1.35254,0.795889
89,-3.55749,1.35254,0.795889
262,-2.82384,0.494219,0.644598
89,-2.82384,0.494219,0.644598
262,-2.62783,0.442131,0.649623
89,-2.62783,0.442131,0.649623
262,-2.64437,1.00945,0.912257
63,-2.64437,1.00945,0.912257
262,-1.98179,2.39097,1.3524
254,-1.98179,2.39097,1.3524
262,-1.73393,2.4507,2.04316
254,-1.73393,2.4507,2.04316
262,-1.73979,2.45645,2.06207
254,-1.73979,2.45645,2.06207
262,-1.76319,2.49889,2.09618
254,-1.76319,2.49889,2.09618
262,-1.97074,2.38074,1.34794
254,-1.97074,2.38074,1.34794
262,-1.84272,2.42928,1.67627
254,-1.84272,2.42928,1.67627
262,-1.86249,2.44921,1.68772
254,-1.86249,2.44921,1.68772
262,-1.72513,2.44423,2.0414
254,-1.72513,2.44423,2.0414
262,-1.7258,2.44438,2.05611
254,-1.7258,2.44438,2.05611
262,-1.71536,2.38873,2.35652
254,-1.71536,2.38873,2.35652
262,-1.94545,2.64809,2.39241
254,-1.94545,2.64809,2.39241
262,-1.75418,2.47264,2.07475
254,-1.75418,2.47264,2.07475
262,-0.973595,2.54612,0.225351
254,-0.973595,2.54612,0.225351
262,-0.980884,2.48797,0.259585
254,-0.980884,2.48797,0.259585
262,-1.81191,2.46993,2.4597
254,-1.81191,2.46993,2.4597
262,-1.69705,2.36637,2.43632
254,-1.69705,2.36637,2.43632
262,-1.76998,2.4566,2.39655
254,-1.76998,2.4566,2.39655
262,-1.03596,2.42749,0.263027
254,-1.03596,2.42749,0.263027
262,-2.04854,2.47652,0.238775
254,-2.04854,2.47652,0.238775
262,-0.935893,2.50569,0.475425
254,-0.935893,2.50569,0.475425
262,-0.975161,2.5454,2.06372
254,-0.975161,2.5454,2.06372
262,-0.967797,2.53522,2.05821
254,-0.967797,2.53522,2.05821
262,-0.958084,2.5116,2.03634
254,-0.958084,2.5116,2.03634
262,-0.963809,2.59562,2.04758
254,-0.963809,2.59562,2.04758
263,-0.977795,2.38295,2.49257
263,-0.987628,2.38744,2.50491
263,-1.02428,2.38174,1.81417
263,-1.02253,2.38955,1.81867
263,-1.03183,2.40522,1.81756
263,-1.0345,2.40439,1.80001
263,-1.01523,2.41173,2.54057
263,-1.01704,2.42053,2.54351
263,-1.03726,2.41477,2.03236
263,-1.057,2.38527,2.02096
263,-1.04117,2.42726,1.82415
263,-1.06793,2.38006,2.02102
263,-1.04386,2.43651,2.0344
263,-1.04996,2.45073,2.04038
263,-1.05493,2.44856,2.0343
263,-1.07466,2.41392,2.02404
263,-1.05893,2.44578,2.03495
263,-1.09075,2.4528,2.04038
263,-1.07572,2.48258,2.59436
263,-1.0984,2.47906,2.04935
263,-2.5822,-0.256258,1.80544
263,-1.11474,2.48828,2.0456
263,-2.60089,-0.264961,1.76213
263,-1.11685,2.47857,2.55719
263,-2.60983,-0.265765,1.77429
263,-1.12168,2.48794,2.57071
263,-1.14987,2.44749,2.58495
263,-2.62095,-0.257754,1.82059
263,-1.2388,2.43962,2.03309
263,-2.68427,-0.235251,1.85704
263,-1.23765,2.463,2.04318
263,-2.69243,-0.235371,1.80927
263,-2.72272,-0.276653,1.79432
263,-2.5979,-0.0411091,1.8153
263,-2.72689,-0.277231,1.82228
263,-1.24275,2.47479,2.57534
263,-1.24283,2.47838,2.58388
263,-2.59178,-0.001948,1.7985
263,-2.6182,-0.0484402,1.80943
263,-2.70728,-0.148154,0.520887
263,-2.73483,-0.246676,1.82147
263,-2.72849,-0.230831,1.82614
263,-2.63709,-0.0482901,1.78458
263,-2.72845,-0.137059,0.526456
263,-1.26666,2.50394,2.59211
263,-2.6604,-0.0485674,1.81856
263,-2.64701,-0.0155639,1.83451
263,-2.77334,-0.229853,1.84723
263,-2.68184,-0.0483806,1.78806
263,-2.78308,-0.230465,1.84874
263,-2.77558,-0.200176,1.87355
263,-2.82239,-0.213201,0.483208
263,-2.82697,-0.213697,0.50991
263,-2.83626,-0.288251,1.82704
263,-2.79884,-0.206438,1.87297
263,-2.84144,-0.212291,0.481958
263,-1.3982,2.43042,2.37738
263,-2.80942,-0.181265,1.84694
263,-1.4011,2.43041,2.37837
263,-1.39614,2.43366,2.6072
263,-1.40417,2.44025,2.4091
263,-2.66836,0.129735,1.72918
263,-1.4056,2.44869,2.62469
263,-1.41694,2.44203,2.41953
263,-2.7039,0.0796298,1.67255
263,-2.74228,0.0121336,1.83144
263,-2.70353,0.0923037,1.79126
263,-2.74028,0.0931094,0.437655
263,-2.72997,0.0485535,1.71114
263,-1.4374,2.42628,2.50989
263,-1.42309,2.45053,2.5739
263,-1.43157,2.43228,2.64298
263,-1.42658,2.47286,2.04761
263,-1.43947,2.4284,2.47579
263,-1.44212,2.4231,2.4944
263,-1.43935,2.42859,2.48991
263,-1.42556,2.45596,2.45901
263,-1.41795,2.46226,2.61839
263,-2.73103,0.0561333,1.7083
263,-1.43922,2.43029,2.56087
263,-1.44489,2.42664,2.47576
263,-1.45187,2.4224,2.50609
263,-2.86602,-0.145908,1.04074
263,-2.7184,0.093083,1.803
263,-2.8648,-0.184838,1.88829
263,-2.9753,-0.35811,1.27013
263,-1.44665,2.43962,2.58111
263,-2.72389,0.0928768,1.79204
263,-1.42813,2.48068,2.55771
263,-1.39312,2.54506,2.59195
263,-1.45234,2.44344,2.50052
263,-1.40321,2.53278,2.56782
263,-1.45345,2.44463,2.4841
263,-1.45213,2.47036,2.0552
263,-2.9828,-0.350087,1.23924
263,-2.7357,0.08446,1.81753
263,-1.39735,2.5513,2.57789
263,-2.96534,-0.345906,1.88087
263,-1.46022,2.44081,2.46877
263,-2.74192,0.0856104,1.67367
263,-2.83631,-0.0561092,1.03335
263,-2.74508,0.0853829,1.73314
263,-2.7465,0.0857435,1.68432
263,-2.78358,0.0112949,1.84779
263,-2.74977,0.0858827,1.68466
263,-2.76478,0.127131,0.310743
263,-2.8404,-0.0497085,1.03734
263,-2.73071,0.130873,1.72586
263,-2.76545,0.146582,0.296955
263,-2.73601,0.132811,1.71289
263,-1.45393,2.49336,2.46137
263,-2.78514,0.100336,0.588118
263,-1.45901,2.50872,2.06122
263,-2.77808,0.143419,0.303021
263,-2.78981,0.128513,0.306036
263,-1.49881,2.42871,2.59873
263,-3.00414,-0.346929,1.86584
263,-2.74137,0.191695,1.02861
263,-1.5104,2.42601,2.5028
263,-2.78627,0.151647,0.315625
263,-1.51394,2.42524,2.49408
263,-2.65721,0.323133,1.8092
263,-1.47186,2.52783,2.0556
263,-2.74691,0.201598,1.03144
263,-1.56822,2.45016,0.245739
263,-1.51936,2.44372,2.48653
263,-3.0538,-0.396099,1.90374
263,-1.46955,2.53854,2.57195
263,-1.52473,2.44526,2.46936
263,-1.53626,2.43041,2.52078
263,-1.5806,2.46192,0.244941
263,-2.68415,0.326525,1.81493
263,-2.81043,0.159206,0.641731
263,-2.81172,0.162585,0.676952
263,-1.54496,2.44193,2.49989
263,-2.55223,0.631368,1.06883
263,-1.53923,2.45046,2.60983
263,-1.53658,2.46689,2.44584
263,-1.54997,2.45099,2.40604
263,-2.73281,0.270447,1.79554
263,-1.53802,2.46844,2.56614
263,-1.54189,2.46835,2.43082
263,-1.51383,2.51697,2.5117
263,-2.95567,-0.0673978,0.360872
263,-2.83299,0.152729,0.633805
263,-2.93648,-0.0592553,1.02214
263,-1.55126,2.45602,2.53601
263,-1.5474,2.47019,2.42076
263,-1.55376,2.46013,2.56232
263,-1.54923,2.47797,2.40432
263,-1.56047,2.46448,2.36272
263,-1.55411,2.48456,2.39476
263,-2.85145,0.140975,0.872156
263,-1.58289,2.45746,2.09892
263,-2.85596,0.141461,0.83352
263,-1.56913,2.47598,2.34268
263,-1.57328,2.49833,2.10006
263,-1.56817,2.50338,2.35917
263,-1.62138,2.4082,2.40382
263,-2.87072,0.163031,0.653496
263,-1.62089,2.41314,2.40574
263,-1.58335,2.48065,2.46752
263,-1.57376,2.51098,2.34973
263,-2.87066,0.171141,0.651014
263,-1.62065,2.41839,2.48617
263,-1.57222,2.51504,2.3698
263,-1.57879,2.50823,2.33841
263,-2.88054,0.165293,0.652754
263,-1.58712,2.51787,2.10708
263,-1.60115,2.47719,2.44012
263,-1.58218,2.51727,2.35834
263,-1.60264,2.47887,2.42592
263,-1.66923,2.37755,1.98088
263,-1.5995,2.48684,2.46375
263,-1.60071,2.48478,2.4663
263,-1.60675,2.48269,2.43045
263,-1.60706,2.50164,2.10617
263,-1.60758,2.48413,2.4435
263,-1.61153,2.4888,2.41429
263,-1.61593,2.48408,2.36349
263,-2.6326,0.652294,1.05524
263,-2.77916,0.419525,0.298837
263,-1.62043,2.49057,2.37977
263,-2.82423,0.280017,1.81829
263,-1.64806,2.44756,2.46863
263,-1.63476,2.4918,2.09843
263,-2.78136,0.362315,1.84923
263,-2.82759,0.280224,1.85
263,-2.79141,0.428593,0.285673
263,-2.92185,0.156957,0.857645
263,-2.74758,0.439427,1.76359
263,-2.80137,0.430035,0.311949
263,-2.80862,0.420285,0.291608
263,-1.65498,2.49252,2.10563
263,-1.57046,2.66289,1.86076
263,-1.66734,2.4557,2.39167
263,-1.63801,2.52772,2.1154
263,-1.68071,2.43913,2.42215
263,-1.66521,2.46923,2.4328
263,-2.66372,0.708413,0.376915
263,-2.80374,0.383269,1.69339
263,-1.57805,2.6672,1.8668
263,-2.66753,0.705555,0.366172
263,-1.64298,2.51986,2.42197
263,-2.80589,0.381015,1.7123
263,-1.64416,2.52058,2.3858
263,-1.67584,2.4934,1.77263
263,-2.81455,0.363457,1.78981
263,-2.5912,0.832925,0.861875
263,-2.82181,0.432627,0.306642
263,-1.66743,2.50152,2.10697
263,-1.66711,2.50401,2.13314
263,-1.58379,2.67555,1.85918
263,-1.68392,2.49402,1.74954
263,-1.70258,2.44459,2.08541
263,-1.74159,2.4613,0.350642
263,-1.68812,2.45684,2.45055
263,-2.67422,0.719044,0.377155
263,-1.69451,2.45222,2.38283
263,-2.82107,0.386172,1.70081
263,-1.67368,2.51125,2.12931
263,-1.63739,2.56691,2.38199
263,-1.71181,2.4586,1.77955
263,-1.68298,2.48215,2.39285
263,-1.59332,2.67816,1.85897
263,-1.70815,2.45193,2.09512
263,-1.69845,2.45697,2.36945
263,-1.72032,2.45417,1.66868
263,-2.78702,0.491901,1.04055
263,-2.82593,0.434762,0.865991
263,-1.7252,2.4521,1.72005
263,-2.83064,0.427756,0.875731
263,-1.70495,2.4537,2.46622
263,-1.72626,2.45289,1.69468
263,-1.70454,2.48997,1.77138
263,-2.88296,0.282459,1.86544
263,-2.88028,0.28908,1.85081
263,-1.69661,2.46533,2.6074
263,-2.69406,0.713925,0.359642
263,-1.70354,2.49564,1.7762
263,-1.57325,2.73611,1.90302
263,-1.6982,2.47225,2.55688
263,-2.89191,0.274799,1.87541
263,-1.70295,2.46482,2.56184
263,-1.73004,2.45904,1.66978
263,-2.85849,0.34284,1.81125
263,-2.82612,0.46309,0.653336
263,-1.57218,2.74674,1.89969
263,-2.90953,0.330454,0.263631
263,-1.57823,2.7384,1.89445
263,-1.70152,2.47233,2.63739
263,-1.69707,2.4992,2.33325
263,-2.70288,0.719894,0.359586
263,-2.84568,0.37802,1.86328
263,-1.60255,2.70298,1.88218
263,-1.72289,2.4863,1.77033
263,-2.84527,0.434078,0.912604
263,-2.85155,0.389916,1.7094
263,-2.90013,0.295616,1.78965
263,-1.69617,2.54885,1.80168
263,-1.77928,2.46609,0.382649
263,-1.71867,2.51094,1.74813
263,-2.9218,0.30714,0.836317
263,-1.66506,2.59232,2.13697
263,-1.74529,2.47458,1.58179
263,-1.65895,2.6235,1.84029
263,-1.71943,2.51565,1.77883
263,-1.74475,2.47694,1.63328
263,-2.95221,0.248782,1.04511
263,-1.6596,2.627,1.84836
263,-1.61611,2.709,1.88851
263,-1.61333,2.71482,1.88211
263,-1.76322,2.40327,2.50673
263,-1.77352,2.49261,0.348251
263,-1.76235,2.41279,2.36804
263,-1.74687,2.47471,1.71993
263,-2.84711,0.472684,0.660369
263,-1.59013,2.76242,1.89828
263,-2.68315,0.798685,0.3622
263,-1.70682,2.55046,1.85898
263,-1.76609,2.4164,2.32302
263,-1.73563,2.4878,2.12862
263,-1.67709,2.61301,1.83437
263,-1.61388,2.7362,1.89031
263,-1.79306,2.47917,0.344565
263,-1.75413,2.48856,1.61895
263,-1.76766,2.52346,0.424511
263,-1.73413,2.48924,2.38891
263,-1.75654,2.48598,1.67493
263,-1.79271,2.48907,0.381462
263,-1.77943,2.52179,0.238406
263,-1.78199,2.50747,0.468306
263,-2.6696,0.82506,0.919248
263,-2.63911,0.88453,0.878695
263,-1.77171,2.52937,0.454397
263,-1.63036,2.7238,1.88028
263,-2.7415,0.723328,0.337891
263,-1.79596,2.5028,0.383435
263,-1.76488,2.50193,1.60463
263,-2.96364,0.329009,0.238707
263,-1.7761,2.4737,1.76824
263,-1.72772,2.56691,1.78298
263,-1.76891,2.5009,1.63923
263,-2.68021,0.831661,0.974683
263,-2.6858,0.82564,0.910979
263,-1.78101,2.47582,1.75982
263,-1.8224,2.47689,0.243422
263,-1.78691,2.47507,1.73828
263,-1.82531,2.47998,0.219613
263,-1.78808,2.47467,1.741
263,-2.85951,0.464642,1.86804
263,-2.88624,0.475557,0.688381
263,-2.87806,0.430253,1.89444
263,-1.78797,2.44482,2.40285
263,-1.7921,2.47025,1.74773
263,-1.68855,2.65904,1.84923
263,-2.86694,0.466402,1.70648
263,-1.79136,2.47806,1.70887
263,-2.68479,0.84531,0.980991
263,-1.79019,2.48576,1.68951
263,-2.69146,0.836634,1.00421
263,-1.79145,2.48706,1.67661
263,-1.73044,2.57754,2.15043
263,-2.70799,0.811157,0.924088
263,-2.87868,0.487213,1.04033
263,-1.73055,2.5786,2.1898
263,-2.67414,0.903741,0.45493
263,-1.78477,2.4736,2.32745
263,-1.79711,2.49032,1.55815
263,-1.79467,2.49323,1.59859
263,-2.69013,0.851976,0.968347
263,-1.83446,2.49008,0.226457
263,-1.79457,2.44874,2.54544
263,-2.71331,0.812698,0.925136
263,-1.78172,2.52305,1.59078
263,-1.83333,2.49811,0.218877
263,-1.79718,2.45139,2.51946
263,-2.89722,0.431821,1.85333
263,-2.65712,0.914838,1.34805
263,-1.78935,2.52585,1.59452
263,-2.99349,0.316499,0.831612
263,-2.66371,0.913749,1.348
263,-2.88627,0.515821,1.03601
263,-2.71346,0.841631,1.00775
263,-2.89258,0.468652,1.88059
263,-1.81334,2.55084,0.617306
263,-2.72884,0.82364,0.922234
263,-2.71333,0.852073,0.965548
263,-1.80491,2.49731,2.09887
263,-1.80421,2.50231,2.10323
263,-2.91675,0.437423,1.84147
263,-2.69075,0.922346,0.679494
263,-2.90222,0.4746,1.77337
263,-2.6958,0.923967,0.587553
263,-1.79873,2.60234,0.614209
263,-1.75326,2.61493,2.19992
263,-2.91542,0.505652,1.00633
263,-1.81195,2.58574,0.684016
263,-2.72701,0.89214,0.346501
263,-1.84683,2.43162,2.50526
263,-2.92019,0.499815,1.02214
263,-2.69252,0.944411,0.852039
263,-2.81582,0.702296,1.10064
263,-2.70678,0.934795,0.713614
263,-2.71931,0.926798,0.669063
263,-2.84469,0.709785,0.341427
263,-2.7176,0.931215,0.695909
263,-1.82656,2.6063,0.636764
263,-1.81493,2.55241,2.18312
263,-2.73939,0.916655,0.332165
263,-1.82408,2.62509,0.590688
263,-2.9336,0.533571,1.03213
263,-2.93429,0.533752,1.01286
263,-2.7393,0.89402,1.11414
263,-2.72403,0.940597,0.831014
263,-2.77165,0.818549,1.4969
263,-2.75811,0.848536,1.49683
263,-2.94202,0.53365,0.996036
263,-2.72945,0.955134,0.655758
263,-1.83495,2.55486,2.11879
263,-2.72831,0.942098,0.971336
263,-2.72868,0.945688,0.971383
263,-2.9483,0.534741,1.01133
263,-1.83329,2.64711,0.589206
263,-2.75353,0.896495,1.18632
263,-1.84381,2.62848,0.629181
263,-1.84246,2.63088,0.668943
263,-2.77274,0.913513,0.342687
263,-2.76639,0.868108,1.54206
263,-2.75496,0.963788,0.749028
263,-2.76987,0.947606,0.653668
263,-2.78052,0.950963,0.334309
263,-2.86773,0.769238,0.74254
263,-1.86777,2.64729,0.625142
263,-2.75459,0.980015,0.867543
263,-2.97164,0.528407,1.91632
263,-2.98857,0.547597,0.90469
263,-2.79009,0.905189,1.19488
263,-2.77951,0.950919,0.928839
263,-2.78672,0.953167,0.66312
263,-3.11333,0.336454,0.798441
263,-2.7626,0.96673,1.31723
263,-2.77132,0.973942,0.854376
263,-2.78473,0.910568,1.62347
263,-2.79747,0.92855,0.962179
263,-2.77078,0.976419,1.05727
263,-2.9963,0.564362,0.896651
263,-2.76197,0.975156,1.4858
263,-2.7735,0.98648,0.854882
263,-2.83557,0.836835,1.55038
263,-2.7902,0.955304,0.949121
263,-2.77909,0.972098,1.02949
263,-2.79659,0.914317,1.63812
263,-2.8019,0.90894,1.67262
263,-3.01249,0.547705,1.09226
263,-2.77598,0.975902,1.41383
263,-3.01317,0.551581,1.07862
263,-2.84095,0.84701,1.63055
263,-2.82635,0.885497,1.54446
263,-2.7976,0.968684,0.969993
263,-2.80423,0.959931,0.9412
263,-2.77047,0.998088,1.4877
263,-2.53554,1.36756,2.95339
263,-2.8102,0.965325,0.933508
263,-2.79087,0.997613,1.09555
263,-2.80266,0.980031,1.013
263,-2.81259,0.970121,0.968189
263,-2.84595,0.881264,1.53536
263,-2.79091,1.00758,1.13073
263,-2.04717,2.44578,0.255968
263,-2.81704,0.98876,0.622586
263,-2.7881,0.997075,1.60573
263,-2.86727,0.851167,1.58581
263,-2.82264,0.972326,0.949381
263,-2.86897,0.857593,1.53594
263,-2.82496,0.970217,0.939601
263,-2.79435,1.02383,1.1728
263,-2.57622,1.33759,3.07253
263,-2.81876,0.989632,1.0507
263,-2.81935,0.99284,0.97599
263,-2.80272,0.994857,1.59272
263,-2.83065,0.981151,1.03811
263,-2.92766,0.810866,0.827828
263,-2.80994,1.01725,1.12915
263,-2.56645,1.38083,3.01655
263,-2.55227,1.40906,2.99454
263,-2.83034,0.989369,1.03569
263,-2.56444,1.39089,2.98562
263,-2.81394,1.03051,0.955412
263,-2.88693,0.863924,1.56639
263,-2.80475,1.02177,1.50074
263,-2.82814,1.04032,0.301617
263,-2.89137,0.862387,1.5387
263,-2.89549,0.859326,1.53185
263,-2.89492,0.863426,1.51376
263,-2.81932,1.00341,1.55486
263,-2.89375,0.865914,1.54585
263,-2.57003,1.3994,2.99186
263,-2.82171,1.00422,1.54662
263,-2.89494,0.86622,1.63675
263,-2.83457,1.00758,1.09643
263,-2.81767,1.03605,1.16825
263,-2.57506,1.39863,3.0004
263,-2.84516,1.04636,0.312268
263,-2.8455,1.01125,1.01092
263,-2.83087,1.03659,1.06881
263,-2.59071,1.39288,2.9694
263,-2.8445,1.03508,0.855845
263,-2.60086,1.38656,2.93973
263,-2.59403,1.40216,2.97781
263,-2.82519,1.03921,1.64452
263,-2.85766,1.04029,0.427011
263,-2.83075,1.032,1.60836
263,-2.84399,1.05693,0.667304
263,-2.85317,1.02004,1.11721
263,-2.84139,1.06667,0.686896
263,-2.93397,0.796591,2.85331
263,-2.8535,1.03945,1.06108
263,-2.61463,1.39127,2.95502
263,-2.84243,1.03609,1.60516
263,-2.83899,1.04407,1.63157
263,-2.84504,1.03696,1.55854
263,-2.85502,1.03906,1.16883
263,-2.8573,1.04077,1.05664
263,-2.61719,1.39482,2.95215
263,-2.85612,1.06554,0.66604
263,-2.84623,1.03919,1.59655
263,-2.84903,1.03836,1.55673
263,-2.85234,1.05958,1.12434
263,-2.84429,1.08724,0.889599
263,-2.86006,1.0546,1.10449
263,-2.84922,1.04918,1.63387
263,-2.97138,0.877261,0.702789
263,-2.86028,1.04408,1.54923
263,-2.85921,1.09256,0.772334
263,-2.86402,1.0454,1.55512
263,-2.87816,1.06568,1.11347
263,-2.88917,1.05092,1.06021
263,-2.97463,0.803764,2.8894
263,-2.66985,1.39134,2.96671
263,-2.88497,1.09711,0.890581
263,-3.04765,0.821307,0.704901
263,-3.01037,0.892834,0.689209
263,-2.68246,1.39869,2.96408
263,-2.83226,1.24167,1.34755
263,-3.06815,0.811482,1.72406
263,-2.86125,1.25375,1.32201
263,-2.74522,1.40263,2.99741
263,-2.78557,1.37715,2.9387
263,-3.13513,0.837918,0.698035
263,-3.12763,0.804619,1.84331
263,-2.89613,1.27316,1.34697
263,-2.77452,1.42024,3.01099
263,-2.89898,1.27117,1.3514
263,-3.14059,0.871438,0.790199
263,-2.79361,1.41249,3.03306
263,-3.14319,0.878085,0.858518
263,-2.79186,1.43288,3.01904
263,-3.13802,0.899242,0.850171
263,-2.93195,1.26401,1.31702
263,-3.16124,0.814409,1.84826
263,-3.17626,0.86292,0.850777
263,-2.82884,1.42653,3.04377
263,-3.18669,0.882396,0.792452
263,-3.17856,0.910574,0.828766
263,-3.21235,0.859209,0.858232
263,-3.19064,0.913969,0.796698
263,-3.20903,0.889963,0.789974
263,-2.86931,1.41415,3.08236
263,-2.85711,1.44249,3.05306
263,-3.21384,0.891277,0.77647
263,-3.23403,0.863567,0.851984
263,-2.86308,1.44736,3.05306
263,-3.22676,0.894778,0.769838
263,-2.88368,1.41746,3.23069
263,-2.90231,1.3949,3.12443
263,-2.90516,1.39296,3.16257
263,-3.24982,0.874321,0.846874
263,-2.90516,1.41687,3.09033
263,-2.91511,1.39737,3.12362
263,-2.80718,1.71525,1.40377
263,-2.94712,1.40972,3.18582
263,-2.94112,1.43604,3.10823
263,-2.95455,1.41298,3.14941
263,-6.34868,1.70507,0.390703
263,-6.14319,8.93273,-2.50001
263,-1.8372,2.42136,1.78954
261,-1.8372,2.42136,1.78954
263,-1.83401,2.41926,1.77983
261,-1.83401,2.41926,1.77983
263,-1.77198,2.4201,0.254181
261,-1.77198,2.4201,0.254181
263,-2.5753,0.544128,1.88017
261,-2.5753,0.544128,1.88017
263,-1.86403,2.26989,0.323781
261,-1.86403,2.26989,0.323781
263,-2.8558,1.03462,0.310544
261,-2.8558,1.03462,0.310544
263,-2.72166,1.00766,0.697886
89,-2.72166,1.00766,0.697886
263,-6.06511,1.6186,0.354624
89,-6.06511,1.6186,0.354624
263,-2.48125,0.917951,1.10418
89,-2.48125,0.917951,1.10418
263,-2.74729,0.452903,0.713321
89,-2.74729,0.452903,0.713321
263,-2.85628,0.474092,0.662198
89,-2.85628,0.474092,0.662198
263,-2.79705,0.0919155,0.304346
89,-2.79705,0.0919155,0.304346
263,-2.8384,0.465885,0.666202
89,-2.8384,0.465885,0.666202
263,-2.82247,0.14328,0.812139
89,-2.82247,0.14328,0.812139
263,-2.61645,0.953197,0.704913
89,-2.61645,0.953197,0.704913
263,-2.75039,1.02231,0.69617
89,-2.75039,1.02231,0.69617
263,-2.9894,1.10467,0.711876
88,-2.9894,1.10467,0.711876
263,-2.6631,0.101963,0.671924
88,-2.6631,0.101963,0.671924
263,-2.64423,0.100011,0.672659
88,-2.64423,0.100011,0.672659
263,-2.72962,0.960143,0.745777
88,-2.72962,0.960143,0.745777
263,-1.71318,2.45733,2.26663
254,-1.71318,2.45733,2.26663
263,-1.68314,2.42956,2.30668
254,-1.68314,2.42956,2.30668
263,-1.68577,2.46251,2.3044
254,-1.68577,2.46251,2.3044
263,-1.69422,2.43935,2.31284
254,-1.69422,2.43935,2.31284
263,-1.68542,2.40283,1.73471
254,-1.68542,2.40283,1.73471
263,-1.6896,2.44302,2.41295
254,-1.6896,2.44302,2.41295
263,-1.69708,2.44343,2.31683
254,-1.69708,2.44343,2.31683
263,-1.60154,2.49685,2.55373
254,-1.60154,2.49685,2.55373
263,-2.5114,0.520325,1.81136
61,-2.5114,0.520325,1.81136
263,-2.85144,1.07183,0.534176
61,-2.85144,1.07183,0.534176
263,-2.99932,1.14611,0.585585
61,-2.99932,1.14611,0.585585
263,-1.94671,0.363234,1.7137
61,-1.94671,0.363234,1.7137
263,-2.84451,0.591103,1.82308
61,-2.84451,0.591103,1.82308
263,-3.01171,-0.361873,1.89657
61,-3.01171,-0.361873,1.89657
263,-3.18092,0.518186,1.89135
61,-3.18092,0.518186,1.89135
263,-2.83872,0.855156,0.937939
61,-2.83872,0.855156,0.937939
263,-1.68939,2.6606,1.83609
60,-1.68939,2.6606,1.83609
263,-2.52275,0.924894,0.977893
60,-2.52275,0.924894,0.977893
263,-3.06027,0.922998,1.67101
60,-3.06027,0.922998,1.67101
263,-5.53339,0.979728,0.80595
90,-5.53339,0.979728,0.80595
264,0.0174713,0.0247499,1.39335
264,-0.109527,0.0411924,1.48233
264,-0.670606,0.145232,1.56418
264,-0.81497,0.264728,1.27359
264,-0.82003,0.320808,1.21527
264,-0.924018,0.392482,1.52016
264,-1.2423,-0.110187,1.64589
264,-1.06764,0.426464,1.47981
264,-1.34302,0.0387606,1.64935
264,-1.37118,0.0194376,1.60343
264,-1.52889,-0.0151266,1.68821
264,-1.5429,-7.57501e-05,1.675
264,-1.62237,-0.151239,1.67152
264,-1.62922,-0.15222,1.69083
264,-1.44941,0.374808,1.14582
264,-0.753154,1.67447,1.84569
264,-0.717465,2.04374,1.69882
264,-1.50591,0.569844,1.47518
264,-1.61533,0.410362,1.12621
264,-1.53046,0.52854,1.52186
264,-0.775892,1.94063,2.34737
264,-0.800724,1.98878,1.93935
264,-0.800544,1.97615,2.36247
264,-1.55817,0.627465,1.56307
264,-0.815618,2.01514,2.38445
264,-1.65983,0.553093,1.15853
264,-0.83958,2.06271,2.39473
264,-0.833637,2.10774,2.37747
264,-0.832859,2.11303,2.37272
264,-0.836603,2.1105,2.37099
264,-1.70081,0.58043,1.57118
264,-0.857918,2.15624,2.39258
264,-0.908893,2.20258,1.78084
264,-0.8475,2.29135,2.03712
264,-1.94206,0.321839,0.842881
264,-1.75547,0.690022,1.24632
264,-0.959909,2.22529,1.79181
264,-1.848,0.548421,1.5638
264,-1.85034,0.707228,1.0959
264,-1.85032,0.736066,1.05597
264,-1.9152,0.566519,1.57791
264,-1.94879,0.648439,0.632561
264,-1.91041,0.729108,0.963071
264,-1.96842,0.602964,1.60344
264,-2.02607,0.635635,0.610951
264,-1.9606,0.75638,1.08236
264,-2.42529,-0.207515,1.76019
264,-2.45369,-0.201756,1.77325
264,-2.05135,0.782615,0.657092
264,-2.03731,0.69631,1.61566
264,-2.54956,-0.255556,1.80625
264,-0.989097,2.75833,2.12892
264,-2.14827,0.737467,0.540858
264,-2.14501,0.812398,0.669973
264,-2.301,0.542659,0.48653
264,-2.1501,0.822391,0.65652
264,-1.03137,2.7755,2.53207
264,-2.1535,0.723845,1.58663
264,-1.04008,2.86147,1.87201
264,-1.15875,2.55393,2.63917
264,-2.23582,0.627669,1.61552
264,-2.34527,0.52379,1.07047
264,-2.25373,0.627227,1.67435
264,-2.29252,0.630493,1.66741
264,-1.47075,2.08512,2.88258
264,-1.08088,2.89531,2.54537
264,-1.48424,2.10385,2.90121
264,-1.11265,2.8493,2.7545
264,-1.45355,2.18755,2.86093
264,-1.4949,2.12045,2.90662
264,-2.48305,0.436727,1.08503
264,-1.12559,2.86988,2.74897
264,-1.12844,2.88303,2.79056
264,-1.4744,2.20483,2.87349
264,-2.3081,0.867185,0.792547
264,-1.15177,2.93027,2.8105
264,-2.4031,0.630927,1.75737
264,-2.35136,0.895125,0.788014
264,-1.57821,2.12193,2.89292
264,-2.44093,0.63302,1.78696
264,-1.48957,2.39166,2.80066
264,-1.6057,2.15637,2.915
264,-2.47623,0.672443,1.64141
264,-2.65459,0.456421,0.929611
264,-2.4955,0.655943,1.76008
264,-2.93819,-0.19191,1.81929
264,-2.43561,0.938637,0.715522
264,-1.21888,3.0436,2.85042
264,-1.46681,2.57041,2.92128
264,-2.44777,0.92768,1.12909
264,-1.60267,2.36063,2.97227
264,-2.5347,0.944573,0.412444
264,-2.53649,0.951994,0.398274
264,-1.50251,2.63255,2.95683
264,-2.55626,0.962343,0.738531
264,-2.76421,0.460862,1.69101
264,-2.63299,0.730848,1.68225
264,-2.53042,0.904047,2.66316
264,-2.63306,1.02601,0.345248
264,-2.82478,0.470794,1.86551
264,-2.70839,0.731147,1.68797
264,-2.70556,0.752998,1.69023
264,-1.81581,2.35779,3.05624
264,-1.67213,2.68814,3.0285
264,-2.40299,1.32395,2.92058
264,-2.41346,1.30099,2.96127
264,-2.78303,0.756608,1.70451
264,-1.67723,2.7391,3.02299
264,-2.42291,1.31004,2.96761
264,-2.4266,1.31113,2.96443
264,-2.44321,1.29167,2.98298
264,-2.42913,1.33086,2.93438
264,-2.45303,1.35177,2.92895
264,-3.40485,-0.367252,1.91584
264,-2.45519,1.35322,2.94394
264,-2.46182,1.35499,2.94866
264,-1.93223,2.46822,3.15286
264,-2.52907,1.32368,3.02898
264,-1.94754,2.43106,3.25249
264,-1.95932,2.43688,3.2619
264,-1.94919,2.47684,3.16331
264,-2.53436,1.37005,2.94581
264,-1.95042,2.48101,3.16284
264,-3.16303,0.328742,1.84916
264,-1.97183,2.51449,3.17989
264,-2.58486,1.34811,3.06204
264,-2.00017,2.47951,3.22976
264,-1.62829,3.27667,2.9537
264,-2.58943,1.39724,3.02355
264,-2.0144,2.49786,3.23942
264,-2.59523,1.40017,2.98201
264,-2.015,2.50861,3.1598
264,-2.02737,2.52842,3.21447
264,-3.6311,-0.395604,1.96711
264,-2.63359,1.41915,3.00253
264,-3.28363,0.496189,0.779909
264,-2.07344,2.57296,3.24594
264,-2.70092,1.37752,3.11401
264,-2.70348,1.39386,2.99921
264,-2.70957,1.37334,3.11694
264,-2.72623,1.40308,3.14473
264,-2.74777,1.39115,3.15126
264,-2.78387,1.37143,3.05617
264,-2.80116,1.37427,3.06416
264,-3.37626,0.433832,1.91301
264,-2.2129,3.01887,0.232022
264,-2.83183,1.43144,3.191
264,-3.88905,-0.467055,2.01905
264,-2.85388,1.44799,3.20676
264,-2.89087,1.40293,3.12217
264,-2.88988,1.40237,3.15403
264,-2.89165,1.40316,3.15499
264,-2.03536,3.15304,2.92464
264,-2.91987,1.41607,3.11139
264,-2.92355,1.41775,3.10677
264,-3.55373,0.348289,1.92944
264,-2.91304,1.43196,3.21889
264,-2.90969,1.47243,3.23608
264,-2.96522,1.43753,3.19774
264,-2.97035,1.4512,3.10769
264,-2.97502,1.44196,3.19728
264,-3.2378,1.06454,2.97106
264,-3.03521,1.45803,3.17811
264,-2.19691,3.09152,3.22187
264,-3.03549,1.45792,3.24136
264,-2.13014,3.27932,2.92379
264,-2.22734,3.12945,3.24192
264,-2.42324,3.26119,0.0794904
264,-2.18608,3.36123,2.95295
264,-3.1577,1.46652,3.25376
264,-3.53346,0.963639,3.11172
264,-2.58783,4.90783,3.71348
264,-3.55706,4.73545,1.76415
264,-3.75172,4.86728,2.00289
264,-3.57235,5.60063,2.83201
264,-4.06808,5.24382,1.89753
264,-4.20586,5.51035,1.84402
264,-2.90911,0.967776,1.7
262,-2.90911,0.967776,1.7
264,-2.21416,0.826857,1.51836
262,-2.21416,0.826857,1.51836
264,-1.83032,2.54435,1.84039
262,-1.83032,2.54435,1.84039
264,-2.96165,0.982553,1.69178
262,-2.96165,0.982553,1.69178
264,-1.63754,2.27013,2.04303
262,-1.63754,2.27013,2.04303
264,-2.4212,0.895303,0.458346
262,-2.4212,0.895303,0.458346
264,-2.23891,0.851421,1.61621
262,-2.23891,0.851421,1.61621
264,-0.259332,0.100364,1.23524
262,-0.259332,0.100364,1.23524
264,-2.31257,2.70855,1.37226
262,-2.31257,2.70855,1.37226
264,-2.90748,1.1089,1.67291
262,-2.90748,1.1089,1.67291
264,-3.1272,0.136102,1.89593
262,-3.1272,0.136102,1.89593
264,-3.09257,0.116029,1.87814
262,-3.09257,0.116029,1.87814
264,-2.49613,0.0795728,1.77215
262,-2.49613,0.0795728,1.77215
264,-2.22724,2.60745,1.37536
261,-2.22724,2.60745,1.37536
264,-2.8065,1.0451,0.696528
89,-2.8065,1.0451,0.696528
264,-2.90367,0.960102,0.284587
89,-2.90367,0.960102,0.284587
264,-2.71648,1.01509,1.03853
89,-2.71648,1.01509,1.03853
264,-2.82279,0.924518,0.298312
89,-2.82279,0.924518,0.298312
264,-2.68487,0.990108,0.698932
89,-2.68487,0.990108,0.698932
264,-4.61054,1.12754,0.921608
89,-4.61054,1.12754,0.921608
264,-2.89507,0.952953,0.289739
89,-2.89507,0.952953,0.289739
264,-2.67505,1.01146,1.15367
89,-2.67505,1.01146,1.15367
264,-2.55396,0.957447,1.19153
89,-2.55396,0.957447,1.19153
264,-2.43301,0.883679,1.12985
89,-2.43301,0.883679,1.12985
264,-2.78579,1.04268,1.00789
89,-2.78579,1.04268,1.00789
264,-2.63361,0.938392,0.771469
89,-2.63361,0.938392,0.771469
264,-2.62039,0.985326,1.14612
89,-2.62039,0.985326,1.14612
264,-2.80511,0.522326,1.05927
61,-2.80511,0.522326,1.05927
264,-3.03513,0.913029,1.63223
61,-3.03513,0.913029,1.63223
264,-2.92341,0.722118,1.86361
61,-2.92341,0.722118,1.86361
264,-2.74997,0.972686,0.846682
61,-2.74997,0.972686,0.846682
264,-2.75298,0.945989,0.754753
61,-2.75298,0.945989,0.754753
264,-2.62525,0.931587,0.772313
61,-2.62525,0.931587,0.772313
264,-2.90926,0.980495,0.833237
61,-2.90926,0.980495,0.833237
264,-2.57165,0.98631,0.594072
61,-2.57165,0.98631,0.594072
264,-2.76457,0.745135,0.989197
61,-2.76457,0.745135,0.989197
264,-2.85148,0.167308,0.901347
61,-2.85148,0.167308,0.901347
264,-1.48734,2.13754,1.63822
254,-1.48734,2.13754,1.63822
264,-2.00244,2.71153,2.48674
254,-2.00244,2.71153,2.48674
264,-1.39619,2.43693,2.4244
254,-1.39619,2.43693,2.4244
264,-1.49981,2.41702,2.41979
254,-1.49981,2.41702,2.41979
264,-1.70163,2.39406,1.62513
254,-1.70163,2.39406,1.62513
264,-1.7413,2.41799,1.76153
254,-1.7413,2.41799,1.76153
264,-1.47515,2.31293,2.06046
254,-1.47515,2.31293,2.06046
264,-3.05242,0.918389,1.59681
60,-3.05242,0.918389,1.59681
264,-2.6517,0.984649,0.809752
60,-2.6517,0.984649,0.809752
264,-3.13523,1.101,0.985304
62,-3.13523,1.101,0.985304
264,-2.87899,0.91209,0.951476
62,-2.87899,0.91209,0.951476
264,-4.20781,0.53348,2.02845
62,-4.20781,0.53348,2.02845
264,-2.98088,0.930022,0.970526
62,-2.98088,0.930022,0.970526
264,-2.98376,0.534436,1.02157
63,-2.98376,0.534436,1.02157
264,-3.08312,0.936494,1.68345
63,-3.08312,0.936494,1.68345
264,-2.94762,0.927571,0.286156
63,-2.94762,0.927571,0.286156
264,-3.08029,1.07921,0.976486
63,-3.08029,1.07921,0.976486
264,-3.04968,0.940131,0.26414
63,-3.04968,0.940131,0.26414
264,-2.658,0.984886,0.87841
63,-2.658,0.984886,0.87841
264,-3.29066,1.19506,1.00171
63,-3.29066,1.19506,1.00171
264,-2.86832,0.210156,1.0092
63,-2.86832,0.210156,1.0092
265,0.425308,0.0274113,1.463
265,0.421951,0.0283767,1.46312
265,0.420824,0.0283576,1.46324
265,0.420264,0.0280707,1.46318
265,0.400031,0.0450946,1.45425
265,0.115424,-0.0397788,1.47386
265,0.102067,-0.0413879,1.47295
265,0.0696284,-0.0152557,1.49661
265,0.0591906,-0.0267105,1.48838
265,-0.411635,-0.0868476,1.55668
265,-0.479194,-0.103574,1.56833
265,-1.32797,0.00738313,1.66368
265,-1.27152,0.433923,1.49058
265,-1.38521,0.040267,0.818964
265,-1.37679,0.0599222,0.779757
265,-1.39275,0.0389637,0.790778
265,-1.40252,0.0375447,0.790403
265,-1.4149,0.0406935,0.81739
265,-1.43444,0.0712299,0.765367
265,-1.44517,0.233573,1.03073
265,-1.49617,-0.00162446,0.763073
265,-1.42941,0.545561,1.48575
265,-1.56397,0.0102687,0.743637
265,-0.833421,2.07776,1.7509
265,-1.59065,0.038666,0.715692
265,-1.51886,0.591046,1.47142
265,-0.879726,2.17802,1.77398
265,-1.50862,0.39078,0.764825
265,-0.996984,2.06095,1.95729
265,-0.936721,2.131,1.78323
265,-0.916891,2.18658,1.77467
265,-1.00225,2.12466,1.98294
265,-0.916782,2.22617,1.78502
265,-0.947993,2.17842,1.77943
265,-1.69154,0.0905717,0.666785
265,-1.92782,0.0439745,1.55568
265,-1.95703,0.0436967,1.54562
265,-1.00683,2.24757,1.79726
265,-1.0606,2.2433,2.00846
265,-2.06716,0.0283451,1.61419
265,-0.787399,2.15278,0.429164
265,-0.796532,2.1458,0.432065
265,-0.810076,2.1914,0.403676
265,-2.28852,-0.22062,1.68589
265,-2.46783,-0.430142,1.77971
265,-2.26136,0.00120172,1.77939
265,-2.33107,-0.211786,1.62951
265,-1.71033,0.63952,0.697868
265,-1.21218,2.35178,2.03029
265,-2.49071,-0.433678,1.7734
265,-1.94265,0.454643,1.21822
265,-0.913437,2.19848,0.386388
265,-2.05466,0.509204,1.74699
265,-0.893272,2.2418,0.366134
265,-1.13915,2.45308,1.81255
265,-2.29532,0.0417139,1.79813
265,-0.91942,2.2072,0.386193
265,-2.30262,0.0431202,1.81147
265,-0.911792,2.26182,0.351768
265,-0.934201,2.22803,0.376953
265,-0.927953,2.23402,0.361424
265,-0.936022,2.23821,0.375617
265,-0.945187,2.23121,0.380263
265,-1.76682,0.671846,0.673758
265,-1.8724,0.446676,0.655225
265,-2.10033,0.522249,1.75351
265,-0.950871,2.25314,0.366514
265,-0.969966,2.27557,0.335362
265,-2.20307,-0.193048,0.507302
265,-0.999599,2.28576,0.339859
265,-2.00686,0.61982,1.14784
265,-2.0529,0.469139,0.986852
265,-1.23214,2.6172,1.83668
265,-2.07521,0.474324,0.988503
265,-2.09265,0.47739,0.968518
265,-2.11831,0.482254,0.94672
265,-2.51829,-0.243423,1.12937
265,-2.30948,-0.131426,0.4601
265,-2.46481,-0.102808,1.05607
265,-2.03813,0.766235,0.577057
265,-2.52397,0.417152,1.83842
265,-2.51708,-0.263612,0.378019
265,-1.34532,3.09723,2.21327
265,-2.58449,-0.10442,0.931942
265,-2.57118,-0.309959,0.376187
265,-2.82983,-0.0580951,1.83713
265,-2.34576,0.533636,0.931508
265,-1.03401,2.86128,0.102198
265,-2.63597,-0.296037,0.338997
265,-2.63025,-0.256835,0.328039
265,-1.05851,2.92441,0.0369258
265,-2.32856,0.540207,0.515358
265,-2.72215,0.412031,1.85545
265,-2.94456,-0.0938234,1.76565
265,-2.71639,0.415551,1.82381
265,-1.08232,2.97261,0.0350523
265,-1.10324,2.99057,0.0514901
265,-2.25652,0.83041,0.524679
265,-2.72545,0.522457,1.86232
265,-2.51169,0.513943,0.897121
265,-1.10646,3.00579,0.0107163
265,-3.05819,-0.301788,1.36831
265,-2.28953,0.861128,0.480578
265,-1.13079,3.05433,0.0255197
265,-1.13056,3.06507,-0.0207114
265,-2.55772,0.560838,0.895573
265,-3.09685,-0.0952197,1.78417
265,-2.58989,0.311972,0.437197
265,-3.26808,-0.353447,1.90337
265,-3.12194,-0.108708,1.78351
265,-2.80751,0.637835,1.82853
265,-3.2565,-0.258377,1.76497
265,-2.82415,0.734583,1.80026
265,-3.25693,-0.107257,1.90388
265,-2.68748,0.336012,0.386313
265,-3.24447,-0.0974656,1.79543
265,-3.3088,-0.116281,1.93313
265,-3.32742,-0.1171,1.94723
265,-2.92994,0.684474,1.85743
265,-2.69459,0.446986,0.33164
265,-3.23329,-0.285687,1.03321
265,-3.15577,-0.107038,1.03024
265,-2.74608,0.404131,0.31245
265,-1.66256,2.63435,0.200292
265,-3.06276,0.653078,1.88694
265,-1.68919,2.66891,0.175494
265,-3.07303,0.6901,1.87478
265,-3.16923,0.5219,1.91917
265,-3.17748,0.522549,1.90785
265,-1.71647,2.70125,0.15699
265,-1.70902,2.7389,0.129196
265,-3.18706,0.677344,1.8963
265,-3.08452,0.393529,0.865695
265,-1.80747,2.78919,0.21131
265,-2.02485,3.20958,1.86985
265,-1.82569,2.80895,0.221902
265,-3.6356,-0.365312,1.39875
265,-1.96962,3.57838,2.31989
265,-3.24843,0.728528,1.89393
265,-1.81462,2.85563,0.0785428
265,-1.83504,2.81739,0.0776807
265,-3.44438,0.369459,1.88504
265,-3.08651,0.632719,0.816631
265,-2.97886,0.579563,0.235862
265,-3.22875,0.414278,0.840976
265,-3.35542,-0.0928737,0.107057
265,-3.07547,0.600844,0.253421
265,-3.83189,-0.37805,1.39383
265,-3.44336,0.730583,1.88112
265,-3.54615,0.599309,1.96837
265,-1.90731,3.04144,-0.0262536
265,-3.57736,-0.366578,0.0780376
265,-2.25029,3.62428,2.36093
265,-3.58883,0.654739,1.97122
265,-2.27021,3.39016,1.87207
265,-3.21525,0.635959,0.166535
265,-2.38487,3.16775,1.74819
265,-3.2299,0.631315,0.180537
265,-2.29532,3.71145,2.3751
265,-2.40933,3.19208,1.77436
265,-3.76504,0.402827,1.78977
265,-3.23208,0.733963,0.213992
265,-1.9947,3.15881,-0.111503
265,-2.43797,3.22105,1.80135
265,-3.53767,0.447968,0.813006
265,-2.01802,3.17652,-0.0694076
265,-2.3906,3.32546,1.6988
265,-3.75232,0.681896,1.94207
265,-2.38887,3.52278,1.8943
265,-3.47354,0.422347,0.0994767
265,-3.83333,-0.380657,-0.0298533
265,-3.48485,0.425817,0.094637
265,-2.44785,3.89153,2.41223
265,-3.58026,0.728956,0.730848
265,-2.4955,3.95454,2.43253
265,-2.15085,3.4338,-0.183694
265,-3.77637,0.765941,0.964224
265,-2.67087,3.50112,1.77895
265,-2.29018,3.62514,-0.27308
265,-4.41696,-0.575811,-0.232363
265,-2.61619,3.36576,-0.216661
265,-2.48021,3.68831,-0.291165
265,-2.64475,3.9884,-0.401901
265,-4.55928,0.545776,0.651898
265,-2.92773,3.69914,-0.297959
265,-2.84956,3.88852,-0.388763
265,-3.00293,3.79588,-0.313275
265,-3.02014,3.8105,-0.363869
265,-3.10575,4.06651,-0.17653
265,-3.21677,4.15774,-0.333407
265,-3.16639,4.21213,-0.488996
265,-5.44899,1.21288,2.10747
265,-3.31381,4.39875,-0.568428
265,-4.08772,5.05563,2.09173
265,-6.00207,1.264,2.24533
265,-3.69472,4.91285,-0.81657
265,-3.74141,5.01454,-0.840181
265,-1.8839,2.56627,0.191634
263,-1.8839,2.56627,0.191634
265,-1.88067,2.61146,1.78956
263,-1.88067,2.61146,1.78956
265,-2.95167,0.0702439,1.69946
263,-2.95167,0.0702439,1.69946
265,-2.84579,0.444224,0.91202
263,-2.84579,0.444224,0.91202
265,-3.08072,0.654869,1.89191
263,-3.08072,0.654869,1.89191
265,-2.77851,0.153275,0.302586
263,-2.77851,0.153275,0.302586
265,-1.22232,1.90636,1.98085
263,-1.22232,1.90636,1.98085
265,-2.75508,0.140902,0.341613
263,-2.75508,0.140902,0.341613
265,-1.11799,1.77509,1.9309
263,-1.11799,1.77509,1.9309
265,-3.14735,0.519761,1.89065
263,-3.14735,0.519761,1.89065
265,-3.64153,0.378358,1.9177
263,-3.64153,0.378358,1.9177
265,-2.48416,3.46636,0.45963
263,-2.48416,3.46636,0.45963
265,-2.73803,0.860329,1.52248
263,-2.73803,0.860329,1.52248
265,-2.04755,2.79809,1.82498
264,-2.04755,2.79809,1.82498
265,-1.97195,2.70763,1.81088
264,-1.97195,2.70763,1.81088
265,-4.29908,5.61682,2.34171
264,-4.29908,5.61682,2.34171
265,-2.82529,-0.450625,0.57621
264,-2.82529,-0.450625,0.57621
265,-0.350917,1.05472,1.57306
262,-0.350917,1.05472,1.57306
265,-2.84431,0.182236,1.82119
262,-2.84431,0.182236,1.82119
265,-3.51783,0.23695,1.93246
262,-3.51783,0.23695,1.93246
265,-1.71738,0.666738,1.22904
262,-1.71738,0.666738,1.22904
265,-2.1376,0.775296,0.56961
262,-2.1376,0.775296,0.56961
265,-1.77593,2.36197,1.75418
262,-1.77593,2.36197,1.75418
265,-2.62102,3.50572,-0.195874
262,-2.62102,3.50572,-0.195874
265,-1.73749,2.49416,0.254023
61,-1.73749,2.49416,0.254023
265,-1.7108,2.53244,1.67473
61,-1.7108,2.53244,1.67473
265,-2.97841,1.14349,0.59201
61,-2.97841,1.14349,0.59201
265,-1.71014,2.53214,1.67213
61,-1.71014,2.53214,1.67213
265,-1.44161,2.48417,0.247344
61,-1.44161,2.48417,0.247344
265,-1.67268,2.72282,2.19604
61,-1.67268,2.72282,2.19604
265,-2.87189,0.449201,0.876545
61,-2.87189,0.449201,0.876545
265,-2.70475,0.0821841,0.364911
61,-2.70475,0.0821841,0.364911
265,-3.23145,0.591474,1.86976
61,-3.23145,0.591474,1.86976
265,-1.79977,2.64485,2.16556
61,-1.79977,2.64485,2.16556
265,-2.93979,0.161363,0.802013
61,-2.93979,0.161363,0.802013
265,-2.77899,0.0207876,1.84825
61,-2.77899,0.0207876,1.84825
265,-2.92455,0.46943,1.07067
61,-2.92455,0.46943,1.07067
265,-2.86301,0.444471,0.975033
61,-2.86301,0.444471,0.975033
265,-1.47527,2.35925,0.335434
61,-1.47527,2.35925,0.335434
265,-2.818,-0.210651,0.300103
61,-2.818,-0.210651,0.300103
265,-1.47527,2.35925,0.335434
61,-1.47527,2.35925,0.335434
265,-2.86781,0.0212077,1.63538
61,-2.86781,0.0212077,1.63538
265,-2.97576,0.368954,0.899152
61,-2.97576,0.368954,0.899152
265,-0.0995533,0.647606,1.39431
61,-0.0995533,0.647606,1.39431
265,-2.92133,0.327551,0.28902
62,-2.92133,0.327551,0.28902
265,-1.80291,2.4728,0.254608
62,-1.80291,2.4728,0.254608
265,-2.83272,0.02378,1.84463
62,-2.83272,0.02378,1.84463
265,-1.46697,2.47518,0.318664
62,-1.46697,2.47518,0.318664
265,-2.94007,1.07957,1.13779
62,-2.94007,1.07957,1.13779
265,-2.79888,0.0840137,0.306963
62,-2.79888,0.0840137,0.306963
265,-2.89186,-0.319979,1.83095
62,-2.89186,-0.319979,1.83095
265,-2.75827,0.131196,0.915715
62,-2.75827,0.131196,0.915715
265,-1.87032,2.75094,1.29057
62,-1.87032,2.75094,1.29057
265,-2.81588,-0.235402,1.72337
62,-2.81588,-0.235402,1.72337
265,-2.44664,0.931739,1.59316
62,-2.44664,0.931739,1.59316
265,-3.06015,1.01548,0.256772
89,-3.06015,1.01548,0.256772
265,-2.61899,0.988838,1.10504
89,-2.61899,0.988838,1.10504
265,-2.99896,0.97845,0.279549
89,-2.99896,0.97845,0.279549
265,-3.03758,0.993608,0.27524
89,-3.03758,0.993608,0.27524
265,-2.66207,-0.218248,1.048
89,-2.66207,-0.218248,1.048
265,-2.69352,-0.216207,1.04992
89,-2.69352,-0.216207,1.04992
265,-2.97872,-0.431017,0.256624
89,-2.97872,-0.431017,0.256624
265,-2.67602,0.181535,0.350221
63,-2.67602,0.181535,0.350221
265,-1.57935,2.36359,0.324684
60,-1.57935,2.36359,0.324684
265,-1.80126,2.55213,1.81255
60,-1.80126,2.55213,1.81255
265,-1.80341,2.55473,1.80369
60,-1.80341,2.55473,1.80369
265,-1.72761,2.41395,2.05506
60,-1.72761,2.41395,2.05506
265,-2.69863,-0.128878,0.289523
90,-2.69863,-0.128878,0.289523
265,-0.0994072,0.101622,1.23779
260,-0.0994072,0.101622,1.23779
265,-0.101793,0.1026,1.23813
260,-0.101793,0.1026,1.23813
265,-2.29044,1.02312,0.168639
260,-2.29044,1.02312,0.168639
266,-1.53937,-0.740359,0.208236
266,-1.51813,-0.717944,0.140188
266,-0.411418,1.26834,-0.637508
266,-0.471522,1.28103,-0.641388
266,-0.637943,2.48902,0.495018
266,-0.642973,2.49572,0.508686
266,-0.634586,2.48204,0.477498
266,-0.638842,2.49761,0.480952
266,-0.54233,1.41965,-0.635101
266,-0.545911,1.42022,-0.64657
266,-0.515221,1.43005,-0.703511
266,-0.574996,2.50689,0.250179
266,-0.925578,2.46363,0.820854
266,-0.58885,2.51587,0.274105
266,-0.5466,1.43295,-0.664608
266,-1.23446,2.41583,1.28554
266,-1.23019,2.40288,1.26777
266,-0.588694,2.52132,0.236175
266,-0.597813,2.52646,0.25341
266,-0.6284,2.47605,0.26121
266,-1.24472,2.43546,1.28297
266,-0.607096,2.54764,0.251786
266,-0.639532,2.49883,0.260778
266,-0.637001,2.50063,0.252555
266,-0.623342,2.51362,0.237223
266,-0.620227,2.51284,0.229375
266,-0.950951,2.49141,0.778484
266,-0.664022,2.57284,0.343376
266,-0.624367,2.52608,0.234999
266,-0.613263,2.58141,0.227646
266,-0.650977,2.56307,0.214598
266,-0.657585,2.57126,0.217958
266,-0.685127,2.54538,0.242797
266,-0.700774,2.55376,0.250313
266,-0.94994,2.49603,0.579665
266,-0.895065,2.41226,0.293217
266,-0.845044,2.51816,0.269733
266,-0.945973,2.40067,0.324014
266,-0.864207,2.54889,0.214433
266,-0.876473,2.54536,0.230051
266,-1.634,2.48972,1.2941
266,-1.63493,2.50711,1.28956
266,-1.66366,2.48613,1.31884
266,-1.66543,2.48889,1.31734
266,-1.66195,2.48931,1.3032
266,-2.77298,-0.0975414,1.07743
266,-2.72346,0.123215,1.14212
266,-2.73622,0.118448,1.12846
266,-1.64832,0.260856,-0.678528
266,-2.75411,0.124545,1.1323
266,-1.14463,2.5156,0.230342
266,-1.63709,0.407454,-0.616336
266,-1.56679,0.728353,-0.597602
266,-1.58546,0.615932,-0.661724
266,-2.69923,0.110753,0.859218
266,-2.77313,0.125401,0.946124
266,-1.5011,0.995888,-0.575126
266,-2.74839,0.112401,0.875984
266,-2.75021,0.131115,0.890681
266,-2.76033,0.134616,0.905199
266,-2.76264,0.116223,0.889876
266,-1.52824,0.936422,-0.606645
266,-2.48528,-0.872893,-0.391331
266,-1.54689,0.898526,-0.618192
266,-2.66468,0.686042,1.12008
266,-2.66978,0.686036,1.11838
266,-2.87709,0.4899,1.3096
266,-2.68655,0.693224,1.11818
266,-2.69199,0.675708,1.1025
266,-2.77684,0.162927,0.813928
266,-2.7204,0.694166,1.12134
266,-2.84415,0.433466,1.10704
266,-1.49382,1.16472,-0.674332
266,-1.46252,2.4733,0.307316
266,-2.80238,0.172729,0.805761
266,-2.82626,-0.570124,0.251155
266,-2.77765,-0.417536,0.286847
266,-2.82287,0.460546,1.06364
266,-2.83331,0.163077,0.835197
266,-2.86526,0.438963,1.09848
266,-2.83478,0.160993,0.821104
266,-2.85463,0.439523,1.07369
266,-2.82912,0.173152,0.814103
266,-2.85969,0.0576017,0.771759
266,-2.83795,0.159057,0.80667
266,-2.86097,0.441843,1.0717
266,-2.84372,0.434969,1.02757
266,-2.86398,0.497713,1.11002
266,-2.85741,0.500367,1.08336
266,-2.81365,-0.308987,0.346628
266,-2.76334,-0.261969,0.286957
266,-2.79692,0.169608,0.687375
266,-2.85099,0.661701,1.15989
266,-2.84599,0.468112,0.990142
266,-1.4768,2.51249,0.233717
266,-2.8311,0.659625,1.11384
266,-2.85988,0.670097,1.16317
266,-1.47427,2.51808,0.222408
266,-2.80685,0.16855,0.668107
266,-2.80711,-0.318679,0.277985
266,-1.77179,2.585,0.787002
266,-1.47358,2.52357,0.217471
266,-2.73965,-0.0892693,0.33885
266,-1.51273,2.52818,0.288921
266,-1.7417,2.60551,0.74776
266,-2.82465,0.681831,1.09828
266,-2.80896,0.167629,0.660478
266,-2.87022,0.520401,1.04724
266,-2.8163,-0.316822,0.285942
266,-1.75695,2.57372,0.740396
266,-1.51335,2.52681,0.275522
266,-2.88157,0.524215,1.05985
266,-2.87542,0.6685,1.16389
266,-2.85793,0.660421,1.12605
266,-2.78479,-0.193877,0.3166
266,-1.48252,2.53077,0.218013
266,-2.86307,0.474116,0.980663
266,-2.82477,0.722362,1.1103
266,-2.85057,-0.311275,0.331259
266,-1.76741,2.57491,0.738455
266,-1.77675,2.58298,0.748986
266,-1.49973,2.54406,0.234672
266,-2.78888,0.649314,0.966148
266,-1.49182,2.54127,0.215115
266,-2.85361,0.1722,0.697291
266,-2.79238,-0.20221,0.290459
266,-2.93084,-0.574809,0.232288
266,-2.7985,0.704462,1.02014
266,-2.75562,-0.0692449,0.326704
266,-1.79081,2.6107,0.782337
266,-2.84515,0.582309,1.001
266,-1.53542,2.49282,0.241875
266,-2.82954,-0.300419,0.268135
266,-2.88658,0.477875,0.986336
266,-2.83314,-0.288716,0.276539
266,-2.84518,0.176694,0.666865
266,-1.57554,2.49026,0.29698
266,-2.85231,0.478138,0.911337
266,-1.52206,2.50231,0.20897
266,-1.78188,2.60302,0.73219
266,-2.85455,0.583102,0.989519
266,-1.51773,2.53207,0.215341
266,-2.85832,0.586182,0.996807
266,-1.51687,2.53377,0.205867
266,-2.78694,-0.137371,0.284758
266,-2.77043,0.847901,1.03677
266,-2.80265,0.577256,0.872524
266,-2.88347,0.454189,0.908757
266,-1.81064,2.62016,0.75917
266,-1.5389,2.55682,0.23112
266,-2.88172,0.587149,0.996879
266,-2.76999,0.925946,1.06431
266,-1.81506,2.63565,0.761039
266,-2.83785,0.716041,1.00846
266,-2.94822,0.534626,1.05594
266,-2.72221,0.0783994,0.298852
266,-1.81068,2.61396,0.727981
266,-2.84201,-0.21197,0.266444
266,-1.58921,2.5015,0.24665
266,-2.83696,0.467316,0.795643
266,-1.52295,2.6189,0.217231
266,-2.90185,0.600021,1.00704
266,-2.97232,0.552331,1.09128
266,-2.88779,0.598722,0.979376
266,-2.89029,0.484673,0.891779
266,-1.58412,2.50336,0.224222
266,-2.97688,0.562405,1.09225
266,-1.58231,2.51339,0.21565
266,-1.61228,2.53579,0.283671
266,-2.97977,0.561974,1.08361
266,-2.87605,0.307609,0.698732
266,-1.6139,2.50106,0.245466
266,-2.81764,-0.0877375,0.275361
266,-2.84624,0.592655,0.865613
266,-2.95956,0.553433,1.03148
266,-2.80548,0.0423935,0.352979
266,-2.9705,0.557969,1.0507
266,-2.81113,-0.0798244,0.264837
266,-2.89185,0.325952,0.720064
266,-2.86269,0.632498,0.906175
266,-2.93851,0.54893,0.968778
266,-2.83289,0.478967,0.72338
266,-1.63753,2.5057,0.252569
266,-2.82947,0.476514,0.708742
266,-2.86756,0.638606,0.900228
266,-2.82064,0.652792,0.829085
266,-1.63199,2.51765,0.241075
266,-2.83944,0.480189,0.715193
266,-2.86434,0.599607,0.830615
266,-2.77947,0.112622,0.28455
266,-2.81161,0.464385,0.617908
266,-2.8438,1.03635,1.12783
266,-2.79888,0.0936432,0.289281
266,-2.80077,0.970114,0.93687
266,-2.83671,1.00685,1.02745
266,-2.93246,0.600983,0.860996
266,-2.87409,1.0841,1.13388
266,-2.88314,0.488024,0.669308
266,-2.82981,1.0117,0.982557
266,-2.8735,1.07926,1.10966
266,-2.85321,1.05283,1.0502
266,-2.86505,1.06759,1.06604
266,-2.83686,1.00104,0.961212
266,-2.91916,1.07757,1.15632
266,-1.78178,2.44851,0.263788
266,-2.85451,1.01939,0.972588
266,-2.84981,0.994202,0.934418
266,-1.73581,2.55155,0.229001
266,-1.80989,2.451,0.254888
266,-2.86698,1.01707,0.946185
266,-2.79948,0.435369,0.314536
266,-2.84078,0.346382,0.314769
266,-1.78517,2.54525,0.228782
266,-2.83765,0.338975,0.299626
266,-2.785,0.467357,0.303569
266,-1.83115,2.49406,0.250478
266,-2.81288,0.444129,0.307244
266,-2.78003,0.554387,0.323237
266,-1.84904,2.52153,0.227646
266,-1.86296,2.50391,0.229865
266,-2.83316,0.622277,0.349854
266,-2.82533,0.649202,0.306955
266,-2.84536,0.654555,0.309171
266,-2.83798,0.675656,0.305194
266,-2.86822,1.09454,0.69049
266,-2.86414,1.07685,0.66491
266,-2.82942,0.725398,0.304712
266,-2.83552,0.714935,0.300958
266,-2.85363,0.681293,0.303569
266,-2.84347,0.711429,0.294121
266,-2.90178,0.568909,0.280629
266,-2.85514,1.08607,0.609985
266,-2.90339,0.583052,0.278378
266,-2.80296,0.871357,0.331168
266,-2.82125,0.843951,0.326228
266,-2.79487,0.920404,0.327404
266,-2.83224,0.849002,0.326097
266,-2.95603,0.605753,0.302069
266,-2.82547,0.941439,0.33728
266,-2.94688,0.67763,0.302475
266,-2.92601,1.12435,0.61469
266,-2.84202,0.94613,0.325558
266,-2.88184,1.09058,0.504373
266,-2.99443,0.688689,0.335789
266,-2.97938,0.681209,0.297627
266,-2.92631,1.08681,0.421465
266,-2.78219,1.25068,-0.156215
266,-1.45049,0.233983,1.0347
265,-1.45049,0.233983,1.0347
266,-2.91725,1.10743,0.593981
265,-2.91725,1.10743,0.593981
266,-1.4149,2.94033,0.0425462
265,-1.4149,2.94033,0.0425462
266,-2.56524,0.948009,0.396414
265,-2.56524,0.948009,0.396414
266,-1.74407,2.68936,0.149148
265,-1.74407,2.68936,0.149148
266,-1.52845,2.43236,0.278223
265,-1.52845,2.43236,0.278223
266,-1.23041,2.19621,0.370644
265,-1.23041,2.19621,0.370644
266,-2.77232,0.114703,0.645659
265,-2.77232,0.114703,0.645659
266,-1.96419,2.81023,0.136213
265,-1.96419,2.81023,0.136213
266,-2.80881,0.170321,0.689285
62,-2.80881,0.170321,0.689285
266,-2.84752,0.157608,0.274073
62,-2.84752,0.157608,0.274073
266,-1.49144,0.965454,-0.634974
62,-1.49144,0.965454,-0.634974
266,-3.13298,0.980348,0.703759
62,-3.13298,0.980348,0.703759
266,-1.58476,0.905005,-0.6664
62,-1.58476,0.905005,-0.6664
266,-1.54432,2.30678,0.354092
62,-1.54432,2.30678,0.354092
266,-2.88366,0.478811,0.898668
61,-2.88366,0.478811,0.898668
266,-2.95081,0.37296,0.898588
61,-2.95081,0.37296,0.898588
266,-3.15865,0.984836,0.666576
61,-3.15865,0.984836,0.666576
266,-2.89907,0.955367,0.289294
89,-2.89907,0.955367,0.289294
266,-2.46601,0.892442,1.10968
89,-2.46601,0.892442,1.10968
266,-2.68266,0.989595,0.697362
89,-2.68266,0.989595,0.697362
266,-2.60207,0.977267,1.18349
89,-2.60207,0.977267,1.18349
266,-2.96187,0.367297,1.03144
84,-2.96187,0.367297,1.03144
266,-3.23625,0.402934,1.06807
84,-3.23625,0.402934,1.06807
266,-2.9764,0.368395,1.03283
84,-2.9764,0.368395,1.03283
266,-3.04464,0.420015,1.02586
84,-3.04464,0.420015,1.02586
266,-2.63363,1.15941,-0.102893
63,-2.63363,1.15941,-0.102893
266,-3.23625,0.876573,0.850561
263,-3.23625,0.876573,0.850561
267,0.0920026,0.675689,-0.621116
267,0.102223,0.756198,-0.655738
267,0.0930523,0.775687,-0.643549
267,0.045346,0.792286,-0.63725
267,0.0342931,0.819384,-0.61246
267,0.0143666,0.752853,-0.624568
267,0.0279852,0.764349,-0.640682
267,0.0885019,0.847666,-0.676243
267,0.010506,0.758155,-0.63316
267,0.00911856,0.759519,-0.635925
267,-0.754074,0.284547,0.0175054
267,-1.36148,-0.861978,0.14891
267,-1.37756,-0.872768,0.144373
267,-1.42603,-0.868703,0.201271
267,-1.48916,-0.793462,0.314343
267,-0.0451796,0.905389,-0.635973
267,-0.0382849,0.906703,-0.645941
267,-1.4951,-0.787779,0.314325
267,-0.0510471,0.914095,-0.636881
267,-0.0520363,0.914509,-0.641691
267,-1.42342,-0.802123,0.199469
267,-1.37668,-0.844055,0.115158
267,-0.0983348,0.878982,-0.608533
267,-1.36562,-0.883834,0.0772864
267,-0.101491,0.888438,-0.641235
267,-0.106779,0.887557,-0.636198
267,-0.0989209,0.891157,-0.646061
267,-0.109579,0.887963,-0.637554
267,-0.118667,0.900714,-0.638535
267,0.327173,1.99452,-0.634296
267,-1.4739,-0.813447,0.177843
267,-0.160433,0.882944,-0.609215
267,-1.46268,-0.778699,0.17588
267,-1.41511,-0.893487,0.049626
267,-0.165044,0.861563,-0.632799
267,-0.0816929,0.94428,-0.696984
267,-0.149489,0.922579,-0.626054
267,-0.0760181,1.01007,-0.674772
267,-0.199604,0.964043,-0.554691
267,-0.125954,0.970158,-0.656671
267,-0.10738,0.989486,-0.674148
267,-0.102276,0.976391,-0.690057
267,0.0644833,1.75751,-0.492418
267,-0.0870563,1.02904,-0.684226
267,-0.136646,0.979814,-0.650218
267,-0.159068,0.935116,-0.645662
267,-0.10967,0.99288,-0.68287
267,-0.104788,0.993737,-0.69236
267,-0.138981,0.985545,-0.655509
267,-1.46282,-0.745596,0.115641
267,0.273989,2.04438,-0.629769
267,-0.125369,1.00256,-0.6742
267,-0.100913,1.0593,-0.691801
267,0.226623,2.04077,-0.592235
267,-0.151458,0.988793,-0.669299
267,-0.190811,1.00272,-0.617856
267,0.223959,2.05747,-0.591942
267,-0.221202,0.968858,-0.598837
267,-0.165723,1.00736,-0.653373
267,-0.187019,1.01539,-0.62472
267,-1.53795,-0.781226,0.146928
267,-0.230394,0.975972,-0.603185
267,-0.190927,1.02657,-0.62992
267,-0.195724,1.00946,-0.635016
267,-0.222694,1.07518,-0.617922
267,-0.239044,1.03061,-0.624956
267,-1.5084,-0.700152,0.0798051
267,-0.246544,1.02758,-0.621983
267,-1.57236,-0.738305,0.130046
267,-0.172014,1.11091,-0.682301
267,-0.252452,1.04001,-0.624452
267,-0.242542,1.03793,-0.643906
267,-1.58588,-0.733028,0.121864
267,-0.261002,1.04968,-0.636726
267,-0.204432,1.0803,-0.693969
267,-1.60227,-0.732407,0.115407
267,-0.294259,1.07887,-0.614407
267,-0.297181,1.07913,-0.621581
267,0.0410765,2.02658,-0.570361
267,-0.304106,1.08638,-0.633876
267,0.0420502,2.03975,-0.591802
267,0.0276465,2.04568,-0.594741
267,-0.331793,1.12965,-0.630218
267,-0.339698,1.13569,-0.63163
267,-0.314505,1.19519,-0.651736
267,-0.328731,1.20331,-0.639882
267,-0.374064,1.18801,-0.612307
267,-0.369282,1.19096,-0.635669
267,-0.341827,1.21912,-0.671179
267,-0.428929,1.20211,-0.569026
267,-0.384838,1.21092,-0.652956
267,-0.392382,1.21943,-0.643726
267,-0.445187,1.2057,-0.598063
267,-0.38504,1.28156,-0.649389
267,-0.394392,1.27786,-0.646924
267,-0.580555,2.5183,0.242329
267,-0.59213,2.51501,0.249114
267,-0.473543,1.23763,-0.615829
267,-0.618858,2.512,0.239063
267,-0.466928,1.27392,-0.612661
267,-0.614678,2.51192,0.229811
267,-0.423121,1.34295,-0.67248
267,-0.42667,1.34962,-0.671251
267,-0.654763,2.51643,0.235144
267,-0.429221,1.33296,-0.690085
267,-0.43502,1.4042,-0.655597
267,-0.431926,1.40449,-0.661627
267,-0.651628,2.57224,0.207739
267,-0.44131,1.35449,-0.70558
267,-0.530463,1.33801,-0.603769
267,-0.446836,1.41419,-0.67962
267,-0.691642,2.57113,0.22442
267,-0.451962,1.42676,-0.693464
267,-0.458495,1.43647,-0.712238
267,-0.5145,1.42605,-0.673857
267,-0.522347,1.44289,-0.687536
267,-0.871401,2.56374,0.209063
267,-0.888203,2.59364,0.204301
267,-0.649536,1.56804,-0.649255
267,-0.903345,2.58832,0.213657
267,-1.002,2.50534,0.269942
267,-1.10291,2.47719,0.267282
267,-1.07042,2.52608,0.235222
267,-1.10828,2.52925,0.236269
267,-1.10857,2.5717,0.212629
267,-2.37639,-0.836227,-0.191275
267,-1.62127,0.252248,-0.608746
267,-1.58812,0.407604,-0.591279
267,-1.61374,0.259873,-0.636798
267,-2.40815,-0.832837,-0.21106
267,-1.5784,0.445196,-0.605034
267,-1.58551,0.460529,-0.594114
267,-1.63831,0.260206,-0.646642
267,-1.5942,0.424968,-0.622001
267,-1.59765,0.446475,-0.639379
267,-1.62851,0.415609,-0.624615
267,-1.55467,0.556701,-0.644406
267,-1.57141,0.559664,-0.62839
267,-1.05311,1.91783,-0.573176
267,-1.6392,0.427069,-0.617063
267,-1.62292,0.467628,-0.617778
267,-1.06541,1.92462,-0.560797
267,-1.58604,0.498948,-0.65633
267,-1.57477,0.559258,-0.656819
267,-1.43716,1.01035,-0.594555
267,-1.57679,0.616403,-0.648533
267,-1.52011,0.916643,-0.586163
267,-1.56129,0.776495,-0.613814
267,-2.60676,0.0779765,0.347203
267,-2.75281,0.119334,0.554721
267,-1.75803,2.55312,0.559247
267,-1.57106,0.774476,-0.624041
267,-1.50295,1.00347,-0.595385
267,-1.55982,0.769415,-0.654789
267,-1.60181,0.744798,-0.618493
267,-2.68349,-0.0659945,0.331176
267,-1.50565,1.03434,-0.594681
267,-1.52054,1.00959,-0.590875
267,-1.56377,0.841017,-0.62475
267,-1.53231,0.900061,-0.635477
267,-1.52921,0.978316,-0.600953
267,-1.50863,1.12588,-0.550082
267,-1.05574,2.03125,-0.651743
267,-1.5537,0.824957,-0.653293
267,-1.61263,0.756058,-0.632921
267,-1.48692,1.06664,-0.637608
267,-2.66352,0.0850765,0.343906
267,-1.52784,2.58072,0.191031
267,-2.65806,0.103008,0.319832
267,-2.71848,-0.0391342,0.318475
267,-2.67623,0.0878544,0.329208
267,-2.50143,0.637982,0.394684
267,-1.48208,1.16923,-0.638808
267,-2.67282,0.111936,0.318348
267,-1.55943,2.57138,0.191363
267,-1.8428,2.64766,0.589626
267,-1.81995,2.61588,0.537204
267,-1.56646,2.59458,0.201952
267,-1.56498,2.58151,0.188676
267,-2.90936,-0.57626,0.213972
267,-1.60723,2.5696,0.208858
267,-2.74327,0.133465,0.371925
267,-2.71749,0.121188,0.326532
267,-2.81799,-0.137736,0.303286
267,-1.62619,2.55187,0.201703
267,-1.6256,2.55435,0.192328
267,-1.85797,2.65725,0.542577
267,-1.84884,2.63893,0.521126
267,-2.95786,-0.5635,0.234887
267,-2.76996,0.105722,0.30812
267,-2.78607,0.151947,0.29841
267,-1.69335,2.60456,0.186812
267,-2.71621,0.387976,0.294584
267,-2.709,0.477627,0.314873
267,-1.90206,2.6051,0.39809
267,-2.74104,0.422877,0.310728
267,-2.76612,0.430963,0.330087
267,-2.61604,0.927598,0.398506
267,-2.7241,0.540736,0.331539
267,-2.58639,0.914806,0.352141
267,-2.62454,0.874115,0.365803
267,-1.88864,2.56671,0.312868
267,-1.87261,2.58112,0.275023
267,-1.88425,2.54264,0.262899
267,-2.63907,0.96489,0.389381
267,-2.66679,0.896294,0.368833
267,-2.85988,1.06835,0.651399
267,-2.87143,1.06093,0.632303
267,-2.89798,0.585265,0.270082
267,-2.08281,2.48974,0.22402
267,-2.77862,1.03009,0.33144
267,-2.8666,1.09857,0.453911
267,-2.79773,1.03513,0.325423
267,-2.799,1.0508,0.331243
267,-2.79619,1.04672,0.312921
267,-2.81908,1.05558,0.329957
267,-2.87388,1.10876,0.427738
267,-2.26777,2.49334,0.177841
267,-2.90471,0.57123,0.281116
266,-2.90471,0.57123,0.281116
267,-2.80944,-0.316294,0.278577
266,-2.80944,-0.316294,0.278577
267,-2.82076,-0.312158,0.284766
266,-2.82076,-0.312158,0.284766
267,-1.85726,2.51581,0.239309
266,-1.85726,2.51581,0.239309
267,-2.78708,-0.395863,0.561571
266,-2.78708,-0.395863,0.561571
267,-2.87338,0.20745,0.27414
266,-2.87338,0.20745,0.27414
267,-1.93481,0.278399,0.566545
266,-1.93481,0.278399,0.566545
267,-1.78359,2.70799,0.14818
266,-1.78359,2.70799,0.14818
267,-1.81232,2.45795,0.259685
266,-1.81232,2.45795,0.259685
267,-2.09571,2.88745,0.124661
266,-2.09571,2.88745,0.124661
267,-2.81292,0.424298,0.293958
266,-2.81292,0.424298,0.293958
267,-2.76571,-0.259553,0.287556
266,-2.76571,-0.259553,0.287556
267,-2.85292,-0.308914,0.33184
266,-2.85292,-0.308914,0.33184
267,-2.63592,-0.401053,0.330628
266,-2.63592,-0.401053,0.330628
267,-2.62311,-0.301251,0.400507
266,-2.62311,-0.301251,0.400507
267,-2.50715,-0.391157,0.370654
266,-2.50715,-0.391157,0.370654
267,-2.9289,0.11767,0.25307
62,-2.9289,0.11767,0.25307
267,-2.87503,0.558093,0.270019
62,-2.87503,0.558093,0.270019
267,-1.53654,2.28575,0.330811
62,-1.53654,2.28575,0.330811
267,-2.35773,-0.129764,0.39591
62,-2.35773,-0.129764,0.39591
267,-2.83309,0.152663,0.296159
62,-2.83309,0.152663,0.296159
267,-2.75979,0.157499,0.307401
62,-2.75979,0.157499,0.307401
267,-2.82216,0.335987,0.303066
62,-2.82216,0.335987,0.303066
267,-2.7427,0.486162,0.294347
62,-2.7427,0.486162,0.294347
267,-2.81475,0.863782,0.344609
62,-2.81475,0.863782,0.344609
267,-0.253717,1.14359,-0.500949
257,-0.253717,1.14359,-0.500949
267,-2.53613,0.498023,0.361314
265,-2.53613,0.498023,0.361314
267,-2.46276,-0.0994387,0.367146
265,-2.46276,-0.0994387,0.367146
267,-2.59697,-0.102222,0.320609
265,-2.59697,-0.102222,0.320609
267,-2.82813,0.407576,0.320871
265,-2.82813,0.407576,0.320871
267,-2.87687,0.561851,0.298591
63,-2.87687,0.561851,0.298591
267,-2.77074,0.567494,0.294718
63,-2.77074,0.567494,0.294718
267,-2.7547,-0.205182,0.293508
63,-2.7547,-0.205182,0.293508
267,-2.76189,-0.078825,0.296652
63,-2.76189,-0.078825,0.296652
267,-2.93619,0.216679,0.259274
63,-2.93619,0.216679,0.259274
267,-2.74904,0.176019,0.334921
63,-2.74904,0.176019,0.334921
267,-2.91212,0.158943,0.276796
63,-2.91212,0.158943,0.276796
267,-0.282842,1.06351,-0.590963
258,-0.282842,1.06351,-0.590963
267,0.353564,1.81898,-0.533938
258,0.353564,1.81898,-0.533938
267,-0.086452,0.991417,-0.41051
258,-0.086452,0.991417,-0.41051
267,-1.53275,2.42132,0.266492
84,-1.53275,2.42132,0.266492
267,-1.49694,2.31948,0.296693
84,-1.49694,2.31948,0.296693
267,-2.88769,-0.0914521,0.257949
89,-2.88769,-0.0914521,0.257949
267,-3.28347,-0.447338,0.134847
89,-3.28347,-0.447338,0.134847
267,-1.71344,-0.856281,0.582128
89,-1.71344,-0.856281,0.582128
267,-2.78123,0.76649,0.760502
264,-2.78123,0.76649,0.760502
267,-3.03663,0.185693,0.579539
264,-3.03663,0.185693,0.579539
267,-1.93053,0.318569,0.845157
264,-1.93053,0.318569,0.845157
268,0.305395,0.285422,0.249178
268,0.308121,0.291961,0.247007
268,0.305319,0.289782,0.245638
268,0.305509,0.292512,0.246174
268,0.259888,0.294898,0.235274
268,0.262347,0.300967,0.234657
268,0.259252,0.296158,0.235503
268,0.250518,0.288837,0.237915
268,0.249515,0.296781,0.231847
268,0.323226,0.280857,0.0311586
268,-0.399573,-0.116229,0.258199
268,-0.415215,-0.110757,0.239129
268,-0.417964,-0.112928,0.240126
268,-0.425666,-0.109473,0.235813
268,-0.427763,-0.115621,0.234104
268,-0.42871,-0.112279,0.232698
268,0.32333,0.449855,-0.6377
268,0.405686,0.648231,-0.662112
268,0.340174,0.449966,-0.662332
268,0.329199,0.462953,-0.646332
268,0.316623,0.44966,-0.643916
268,0.327189,0.437012,-0.661044
268,0.583655,1.56267,-0.605706
268,0.598708,1.56418,-0.634604
268,0.581447,1.5754,-0.631672
268,0.303799,0.610557,-0.676374
268,0.27034,0.600256,-0.645311
268,0.26556,0.588578,-0.646924
268,0.298198,0.608626,-0.676325
268,0.236967,0.557104,-0.627612
268,0.230792,0.524832,-0.632541
268,0.236542,0.556665,-0.638613
268,0.239281,0.563,-0.644696
268,0.272429,0.606021,-0.666768
268,0.268616,0.61605,-0.6596
268,0.265133,0.60575,-0.659739
268,0.262167,0.604917,-0.657302
268,0.275116,0.61404,-0.668501
268,0.222756,0.64233,-0.64088
268,0.230397,0.652277,-0.649645
268,0.221389,0.645831,-0.643515
268,0.207762,0.654563,-0.671138
268,0.155009,0.654043,-0.658705
268,0.153569,0.655016,-0.659726
268,0.149222,0.649873,-0.657586
268,0.149419,0.654758,-0.65981
268,0.107199,0.673504,-0.634165
268,0.107647,0.681319,-0.632423
268,0.112766,0.679645,-0.641233
268,0.101926,0.678453,-0.631091
268,0.110886,0.68252,-0.645475
268,0.10391,0.673208,-0.648817
268,0.110007,0.749149,-0.630111
268,0.104999,0.68248,-0.651782
268,0.110571,0.772014,-0.628076
268,0.0923837,0.688646,-0.651512
268,0.0550091,0.799331,-0.617266
268,0.0537505,0.832234,-0.628059
268,0.0378199,0.80883,-0.637899
268,0.138131,0.96337,-0.696416
268,0.0346028,0.775224,-0.663827
268,-1.46293,-0.874041,0.355182
268,-0.0597402,0.788949,-0.634969
268,-0.0819637,0.798107,-0.612954
268,-0.0855205,0.782466,-0.634822
268,-0.0732758,0.801092,-0.647359
268,0.134981,1.65115,-0.60062
268,0.0211694,1.26085,-0.628237
268,-1.06299,-1.14238,-0.306984
268,-1.06336,-1.14254,-0.307261
268,-1.06909,-1.14686,-0.305039
268,-1.20563,-1.10738,-0.14408
268,-1.02521,-1.14892,-0.358866
268,0.130863,1.89948,-0.578993
268,-1.08463,-1.1513,-0.317101
268,-0.133747,0.889352,-0.660626
268,0.157628,1.97867,-0.605563
268,0.0839652,1.82211,-0.595758
268,0.0893691,1.83335,-0.600686
268,-0.171908,0.937804,-0.641136
268,-0.154862,0.943927,-0.659852
268,0.0423616,1.82874,-0.57273
268,0.0546867,1.86958,-0.577595
268,0.0740989,1.84276,-0.621197
268,-0.0961868,1.50846,-0.563003
268,0.0913116,1.94324,-0.618665
268,0.037841,1.86066,-0.593806
268,-1.03277,-0.754208,-0.33199
268,0.106741,2.07397,-0.611804
268,0.049888,2.00833,-0.58461
268,-0.236433,1.00569,-0.635599
268,-1.25119,-0.784709,-0.151088
268,0.0322974,2.02721,-0.585177
268,-0.282692,1.07445,-0.606572
268,0.0243253,2.07936,-0.615435
268,0.0208771,2.13253,-0.594571
268,-0.190045,1.48124,-0.630373
268,-0.195225,1.48577,-0.635615
268,-0.313698,1.10276,-0.65699
268,-0.210079,1.49854,-0.642827
268,-0.222283,1.51909,-0.624509
268,-0.226805,1.52411,-0.632409
268,-0.336054,1.1372,-0.648338
268,-0.359682,1.18736,-0.636146
268,-0.376818,1.16138,-0.632705
268,-0.210685,1.88674,-0.612636
268,-0.435849,1.21725,-0.600072
268,-0.256857,1.91367,-0.633898
268,-0.41829,1.34287,-0.682013
268,-0.175148,2.38201,-0.631534
268,-0.4224,1.76373,-0.587844
268,-0.527037,1.33771,-0.629121
268,-0.524399,1.4194,-0.63503
268,-0.550783,1.32798,-0.649323
268,-0.515084,1.42584,-0.670291
268,-0.523416,1.43556,-0.685076
268,-1.02038,2.53974,0.250963
268,-1.06833,2.45042,0.265741
268,-0.55504,1.45443,-0.676147
268,-0.600016,1.44055,-0.636722
268,-1.08704,2.49985,0.242404
268,-1.08891,2.49504,0.233262
268,-0.660636,1.48359,-0.646896
268,-0.718866,1.62993,-0.627234
268,-0.718036,1.58582,-0.650421
268,-0.768247,1.70775,-0.630626
268,-0.789407,1.6308,-0.637341
268,-0.803872,1.62844,-0.627109
268,-0.825414,1.6468,-0.606724
268,-0.804132,1.63815,-0.660996
268,-0.806278,1.64658,-0.657859
268,-0.785492,1.72543,-0.653559
268,-0.835585,1.6571,-0.652249
268,-0.869433,1.70805,-0.600921
268,-0.86175,1.78974,-0.615276
268,-0.845054,1.69926,-0.665949
268,-0.876307,1.7048,-0.638197
268,-0.880826,1.69766,-0.646029
268,-0.864403,1.80018,-0.635611
268,-0.885458,1.7456,-0.646279
268,-0.876359,1.79481,-0.643009
268,-0.915191,1.7435,-0.623724
268,-0.927291,1.75661,-0.618831
268,-0.892515,1.81594,-0.656029
268,-0.925592,1.83938,-0.624857
268,-0.920081,1.84512,-0.630707
268,-0.943324,1.77545,-0.637238
268,-0.929713,1.87771,-0.624286
268,-0.937669,1.8928,-0.631672
268,-1.04046,1.82602,-0.587749
268,-1.59627,2.51127,0.225863
268,-0.964854,2.02594,-0.650491
268,-1.0674,1.93573,-0.592299
268,-1.0731,1.85105,-0.617865
268,-1.60749,0.257297,-0.589224
268,-1.57471,0.240121,-0.635006
268,-1.57064,0.256888,-0.636092
268,-1.54567,0.526434,-0.578037
268,-1.51031,0.567383,-0.609492
268,-0.982217,2.05551,-0.670605
268,-1.55909,0.451043,-0.600475
268,-1.52801,0.493661,-0.619969
268,-1.5933,0.289866,-0.626926
268,-1.51769,0.543011,-0.624211
268,-1.58821,0.407766,-0.596837
268,-0.993179,2.06272,-0.673359
268,-1.63434,0.256567,-0.604133
268,-1.48381,0.717844,-0.610302
268,-1.58976,0.380094,-0.612912
268,-1.6022,0.391853,-0.597152
268,-1.58416,0.346946,-0.637295
268,-1.53628,0.630338,-0.590883
268,-1.60308,0.259966,-0.648123
268,-1.52564,0.580354,-0.625944
268,-1.57665,0.36713,-0.645778
268,-1.58851,0.409704,-0.618688
268,-1.58677,0.433851,-0.612267
268,-1.57936,0.398667,-0.63686
268,-1.53202,0.554519,-0.635072
268,-1.63641,0.247852,-0.627571
268,-1.5517,0.508231,-0.629792
268,-1.62933,0.264597,-0.631067
268,-1.53285,0.573341,-0.629156
268,-1.02106,2.07408,-0.669112
268,-1.61541,0.256437,-0.652562
268,-1.57816,0.459881,-0.623049
268,-1.54731,0.635431,-0.597339
268,-1.60143,0.465606,-0.607545
268,-1.567,0.471078,-0.644961
268,-1.59154,0.540226,-0.596587
268,-1.58947,0.517332,-0.60759
268,-1.37584,1.12538,-0.629925
268,-1.53372,0.721728,-0.597693
268,-1.59683,0.366658,-0.655314
268,-1.62476,0.389099,-0.616537
268,-1.48592,0.872386,-0.600976
268,-1.06653,2.04848,-0.653471
268,-1.60025,0.492647,-0.612711
268,-1.55672,0.625131,-0.614725
268,-1.48849,0.95097,-0.575621
268,-1.51909,0.812665,-0.591192
268,-1.57367,0.539734,-0.627157
268,-1.60103,0.41243,-0.642577
268,-1.48324,0.816246,-0.630988
268,-1.53629,0.763973,-0.591645
268,-1.45941,0.933284,-0.623438
268,-1.56917,0.637203,-0.607177
268,-1.6065,0.458658,-0.630696
268,-1.49528,0.937694,-0.585274
268,-1.61984,0.463124,-0.614658
268,-1.55758,0.610801,-0.632364
268,-1.44229,1.01385,-0.6211
268,-1.49945,0.926484,-0.589462
268,-1.60715,0.522381,-0.613001
268,-1.58297,0.540514,-0.633424
268,-1.45263,0.970605,-0.627237
268,-1.48874,0.95949,-0.594638
268,-1.61439,0.371805,-0.66319
268,-1.61626,0.495171,-0.619354
268,-1.43367,1.07433,-0.619836
268,-1.5144,0.890141,-0.596007
268,-1.48242,0.879415,-0.635488
268,-1.4824,1.00467,-0.591448
268,-1.44451,1.06259,-0.615338
268,-1.60821,0.541392,-0.618603
268,-1.52326,0.728772,-0.646811
268,-1.49339,0.851919,-0.636578
268,-1.46356,0.990755,-0.620866
268,-1.57074,0.558558,-0.655273
268,-1.48746,0.998903,-0.5934
268,-1.58106,0.532192,-0.654646
268,-1.07608,2.09143,-0.664866
268,-1.09102,2.0751,-0.656969
268,-1.58677,0.507119,-0.667397
268,-1.6486,0.408003,-0.634089
268,-1.59732,0.47669,-0.667574
268,-1.5196,0.897408,-0.606182
268,-1.49185,1.03303,-0.594553
268,-1.41803,1.14576,-0.639054
268,-1.50642,0.971563,-0.60348
268,-1.48395,0.964192,-0.633871
268,-1.46058,1.06529,-0.625361
268,-1.57068,0.740278,-0.619202
268,-1.51323,0.82975,-0.651848
268,-1.45143,1.17754,-0.600498
268,-1.42927,1.11393,-0.648986
268,-1.42379,1.1878,-0.629232
268,-1.47623,1.003,-0.637369
268,-1.45535,1.08692,-0.63187
268,-1.54251,0.798163,-0.637983
268,-1.43356,1.11397,-0.649622
268,-1.47869,1.03144,-0.629619
268,-1.60107,0.701502,-0.611632
268,-1.52872,0.958647,-0.603639
268,-1.81376,2.47696,0.24534
268,-1.10394,2.0757,-0.683501
268,-1.51799,0.903136,-0.639387
268,-1.45735,1.17374,-0.611725
268,-1.49233,0.965685,-0.646531
268,-1.47644,1.07255,-0.629327
268,-1.52254,0.862137,-0.65424
268,-1.51291,1.13178,-0.573734
268,-1.44696,1.10894,-0.657239
268,-1.44301,1.19951,-0.635431
268,-1.51844,1.01366,-0.619612
268,-1.52426,1.01564,-0.612942
268,-1.48519,1.04062,-0.647465
268,-1.53357,0.979011,-0.619599
268,-1.53983,0.977461,-0.613387
268,-1.51228,1.00134,-0.638363
268,-1.51906,0.940058,-0.653875
268,-1.51233,0.972537,-0.656635
268,-1.53257,1.02519,-0.615866
268,-1.50968,1.01805,-0.651787
268,-1.48476,1.18613,-0.624396
268,-1.49594,1.18764,-0.627391
268,-1.55157,1.15079,-0.602196
268,-2.09219,2.50324,0.21021
268,-2.09312,2.52151,0.177423
268,-2.75667,1.17387,-0.139168
268,-2.7649,1.21199,-0.190103
268,-2.8083,1.19628,-0.158832
268,-2.83961,1.23924,-0.203125
268,-2.30621,2.10007,-0.527107
268,-2.58588,1.08334,-0.58343
268,-2.90019,1.22706,-0.190593
268,-2.61018,1.17901,-0.550351
268,-2.60535,1.20665,-0.552414
268,-2.9176,1.27646,-0.228493
268,-2.91861,1.27713,-0.242213
268,-2.96064,1.24708,-0.323555
268,-3.0495,1.34978,-0.230398
268,-2.57017,0.815473,0.387067
267,-2.57017,0.815473,0.387067
268,-0.128808,0.807274,-0.672695
267,-0.128808,0.807274,-0.672695
268,-2.80643,-0.563552,0.264807
267,-2.80643,-0.563552,0.264807
268,-0.198131,0.865697,-0.796703
267,-0.198131,0.865697,-0.796703
268,-0.880036,2.55924,0.226551
267,-0.880036,2.55924,0.226551
268,-1.69349,2.60339,0.1911
267,-1.69349,2.60339,0.1911
268,-0.151763,1.05299,-0.641316
267,-0.151763,1.05299,-0.641316
268,-3.0124,0.176573,0.22409
266,-3.0124,0.176573,0.22409
268,-1.74546,0.419446,-0.698822
266,-1.74546,0.419446,-0.698822
268,-2.99106,-0.303124,0.215537
266,-2.99106,-0.303124,0.215537
268,-3.04048,-0.271235,0.186163
266,-3.04048,-0.271235,0.186163
268,-2.68745,-0.120755,0.315219
266,-2.68745,-0.120755,0.315219
268,-3.12177,-0.315095,0.176071
266,-3.12177,-0.315095,0.176071
268,-4.39855,-0.375567,-0.118573
266,-4.39855,-0.375567,-0.118573
268,-3.99653,0.255587,-0.0521751
266,-3.99653,0.255587,-0.0521751
268,0.619017,1.49327,-0.564202
250,0.619017,1.49327,-0.564202
268,0.289299,0.478159,-0.509945
250,0.289299,0.478159,-0.509945
268,0.178166,0.695728,-0.512113
250,0.178166,0.695728,-0.512113
268,-2.78843,0.162845,0.286938
84,-2.78843,0.162845,0.286938
268,-1.11174,2.5551,0.243948
84,-1.11174,2.5551,0.243948
268,-0.98967,2.51107,0.249785
84,-0.98967,2.51107,0.249785
268,-1.5218,2.36385,0.279223
84,-1.5218,2.36385,0.279223
268,-1.97854,2.39265,0.266339
84,-1.97854,2.39265,0.266339
268,-0.223924,1.01082,-0.427172
249,-0.223924,1.01082,-0.427172
268,-0.106497,1.52067,-0.561463
249,-0.106497,1.52067,-0.561463
268,-2.82924,-0.217541,0.261838
63,-2.82924,-0.217541,0.261838
268,-2.63985,-0.403035,0.30667
63,-2.63985,-0.403035,0.30667
268,-2.44045,-0.133284,0.370656
63,-2.44045,-0.133284,0.370656
268,-3.27171,0.980052,0.187812
265,-3.27171,0.980052,0.187812
269,0.664811,0.00112151,1.01157
269,0.567294,0.0566697,0.94224
269,0.575958,0.0868315,0.928308
269,0.33845,-0.287652,0.817316
269,0.292889,-0.192078,0.756827
269,0.582684,0.587355,0.536881
269,0.556598,-0.085217,0.308872
269,0.554766,-0.0849478,0.306083
269,0.467546,0.0655625,0.309913
269,0.464449,0.0662745,0.303911
269,0.455614,0.0753804,0.30871
269,0.458688,0.0702395,0.302845
269,0.443448,0.0860017,0.286654
269,0.439232,0.0884437,0.28835
269,0.439541,0.0875531,0.28011
269,0.324523,0.141747,0.303598
269,0.364503,0.162764,0.263827
269,0.367397,0.162992,0.259087
269,0.363106,0.199516,0.26954
269,0.319557,0.14248,0.298854
269,0.358295,0.166648,0.245363
269,0.310936,0.27975,0.293977
269,0.299719,0.297639,0.27761
269,0.45307,0.0659762,0.0230286
269,0.451118,0.0684702,0.0256622
269,0.456012,0.0585194,0.0154934
269,0.441063,0.095443,0.0334846
269,0.276859,0.291864,0.269431
269,0.271845,0.287344,0.268034
269,0.276636,0.296524,0.263529
269,0.240577,0.288981,0.254506
269,0.215611,0.2778,0.269171
269,0.183795,0.248567,0.26306
269,0.20192,0.278169,0.240189
269,-0.00448787,-0.189157,0.298827
269,0.149097,0.237265,0.250572
269,0.149253,0.246874,0.242056
269,0.14919,0.249661,0.238072
269,0.150981,0.252599,0.235675
269,0.314329,0.259615,0.0407965
269,0.0701582,0.184667,0.284245
269,0.105658,0.220063,0.240117
269,0.310022,0.292799,0.0187289
269,0.303272,0.279844,0.0126659
269,0.295337,0.267006,0.0143251
269,0.304086,0.293639,0.0107117
269,0.0318708,0.168858,0.249323
269,0.290116,0.302966,-0.00564909
269,0.0289015,0.166357,0.245368
269,0.272153,0.31701,0.00392127
269,0.0802998,0.230989,0.178537
269,0.0780801,0.233458,0.176786
269,0.0732546,0.229119,0.171627
269,0.0261929,0.195371,0.202296
269,-0.0185553,0.157635,0.220821
269,0.0124384,0.179746,0.185909
269,0.292017,0.321199,-0.0882094
269,-0.026793,0.156441,0.215099
269,-0.00232935,0.178836,0.181038
269,-0.0475243,0.156785,0.164778
269,-0.075294,0.135317,0.181688
269,-0.299423,-0.222693,0.313301
269,-0.180874,0.0383952,0.251864
269,-0.0847201,0.130542,0.168083
269,-0.0849985,0.137059,0.167506
269,0.273401,0.346935,-0.176555
269,-0.0846707,0.140002,0.163316
269,-0.20067,0.0341038,0.238697
269,-0.134953,0.107099,0.171934
269,-0.142748,0.103173,0.167539
269,-0.218534,0.0317667,0.228181
269,-0.17067,0.0804325,0.181953
269,-0.392534,-0.264872,0.24148
269,-0.250638,0.0431097,0.165744
269,-0.255758,0.038036,0.16566
269,-0.398555,-0.261585,0.158812
269,0.351379,1.0484,-0.345869
269,-0.481421,-0.257676,0.194322
269,-0.477117,-0.106939,0.215849
269,-0.361887,-0.0143285,0.0984163
269,0.317389,1.34137,-0.286726
269,-0.533065,-0.119928,0.200827
269,-0.535881,-0.128728,0.199186
269,0.15397,1.21058,-0.179621
269,-0.538118,-0.128462,0.200003
269,-0.546605,-0.124339,0.186868
269,-0.53803,-0.113762,0.179067
269,-0.54611,-0.119165,0.17919
269,0.251886,1.03252,-0.391513
269,0.141383,1.27494,-0.222306
269,0.134192,1.2641,-0.230515
269,0.122573,1.29923,-0.24847
269,0.152455,1.31349,-0.282139
269,0.232576,0.577386,-0.599811
269,0.225168,0.537518,-0.607792
269,0.214363,0.571104,-0.618211
269,0.142582,1.35437,-0.30643
269,0.228819,1.65672,-0.370858
269,0.0879597,0.679498,-0.530887
269,0.0772406,0.676436,-0.573596
269,0.111187,0.770123,-0.601517
269,0.154976,0.735544,-0.670956
269,0.150397,0.733971,-0.667755
269,0.0662367,0.700777,-0.583203
269,0.173314,1.75687,-0.428571
269,0.105077,0.763982,-0.651451
269,0.0966149,0.769448,-0.657252
269,0.0938885,0.774164,-0.667192
269,-0.820027,-1.08463,-0.198031
269,0.00871897,1.29884,-0.434636
269,-0.0337801,1.57852,-0.310632
269,-0.836859,-1.08024,-0.205783
269,-0.0039227,0.781454,-0.59405
269,0.000218749,1.32087,-0.459008
269,0.0702888,0.866655,-0.674159
269,-1.35033,-0.863761,0.405787
269,0.0670399,0.874045,-0.69136
269,-1.55468,-0.876051,0.608394
269,-1.57021,-0.871715,0.602452
269,-0.0301483,0.813857,-0.639051
269,-0.140328,1.65616,-0.278732
269,-1.41288,-0.861852,0.387386
269,-0.0943617,0.798217,-0.60596
269,0.0321441,0.967358,-0.705252
269,-0.0404673,0.921413,-0.649562
269,-0.102372,0.801455,-0.618271
269,0.0284998,0.906087,-0.737733
269,-0.0470328,0.922315,-0.652598
269,-1.40165,-0.825776,0.347381
269,-0.0829533,1.66535,-0.401619
269,-1.26837,-1.06349,0.106775
269,-0.0643045,0.920494,-0.659986
269,0.0259293,0.982276,-0.746758
269,-0.0477859,0.893425,-0.691455
269,-1.41427,-0.762802,0.350533
269,-0.190775,0.959667,-0.515296
269,-1.28281,-1.0995,0.0990111
269,-1.51457,-0.796581,0.44774
269,-1.6556,-0.845036,0.586447
269,-1.32719,-0.854756,0.21267
269,-0.119384,0.936751,-0.614962
269,-0.160727,0.883151,-0.586082
269,-1.42735,-0.773685,0.343444
269,-1.1258,-1.06486,-0.0829209
269,-0.19232,1.67154,-0.323976
269,0.0643839,1.03395,-0.814092
269,-1.47889,-0.797267,0.370384
269,-1.14685,-1.05613,-0.0979519
269,0.0162132,1.00779,-0.793777
269,-1.50115,-0.869089,0.347519
269,-1.49371,-0.801831,0.352658
269,-1.19383,-1.17895,-0.101783
269,-0.145595,0.832666,-0.686815
269,-0.135691,0.959908,-0.661107
269,-1.47838,-0.74615,0.339651
269,-1.38525,-0.860669,0.195279
269,-1.35704,-0.763189,0.190836
269,-0.986041,-1.08231,-0.32101
269,-0.182681,1.0216,-0.605085
269,-1.51827,-0.818079,0.345045
269,-1.51511,-0.824269,0.339387
269,-0.217475,0.974631,-0.593082
269,-0.159562,1.00471,-0.660849
269,-1.40481,-0.724957,0.224967
269,-0.192508,1.0314,-0.618372
269,-0.135849,0.999313,-0.693819
269,-0.129974,1.02061,-0.69724
269,-1.4999,-0.786528,0.306445
269,-1.39182,-0.777877,0.185434
269,-1.47946,-0.773495,0.275261
269,-1.02314,-1.14132,-0.347285
269,-0.22423,1.083,-0.601855
269,-1.01201,-1.10216,-0.365496
269,-1.35745,-0.847562,0.0950804
269,-0.237633,1.00397,-0.617808
269,-1.18806,-0.801863,-0.0908687
269,-1.34079,-0.847973,0.0561352
269,-0.180086,1.73991,-0.48144
269,-1.5389,-0.798216,0.291478
269,-1.11555,-0.782147,-0.181704
269,-1.18019,-0.759642,-0.104487
269,-0.350827,1.11678,-0.482907
269,-0.184698,1.0878,-0.687602
269,-1.35825,-0.883734,0.0418557
269,-1.014,-0.737733,-0.301833
269,-1.21066,-0.813182,-0.10734
269,-1.08905,-1.12114,-0.340908
269,-0.216671,1.89255,-0.437905
269,-1.19966,-0.795762,-0.131006
269,-1.02583,-0.732423,-0.314827
269,-1.55806,-0.762789,0.273568
269,-0.188183,1.13918,-0.70553
269,-0.961163,1.4028,0.240272
269,-1.57287,-0.769073,0.283839
269,0.131395,1.59575,-0.933357
269,-1.44857,-0.666607,0.167008
269,-1.03539,-0.737404,-0.321288
269,-1.03559,-0.73746,-0.321442
269,-1.03676,-0.723051,-0.322903
269,-0.181195,1.13176,-0.738841
269,-1.18375,-0.799606,-0.185034
269,-1.16476,-0.797408,-0.207147
269,-0.379671,1.15155,-0.511996
269,-0.190715,1.13748,-0.7288
269,-0.198226,1.52097,-0.608959
269,-1.46939,-0.704819,0.15643
269,-0.329485,1.62561,-0.435177
269,-0.299408,1.0981,-0.633546
269,-1.18905,-0.804688,-0.201871
269,-0.225691,1.10726,-0.719571
269,-1.07173,-0.481493,-0.240332
269,-1.07975,-1.12175,-0.422189
269,-0.198414,1.14765,-0.748492
269,-0.229487,1.97679,-0.468936
269,-0.186251,1.20536,-0.748409
269,-1.18368,-0.801333,-0.223559
269,-1.20651,-0.805392,-0.202539
269,-1.43481,-0.66943,0.0930325
269,-1.31961,-0.595662,-0.0156134
269,-1.44242,-0.681067,0.0885129
269,-1.49944,-0.701764,0.142792
269,-0.302099,1.16751,-0.649289
269,-1.09079,-0.494424,-0.256795
269,-1.10357,-1.13687,-0.446821
269,-1.51365,-0.699039,0.138844
269,-0.269898,1.21467,-0.692861
269,-1.11636,-1.13957,-0.442265
269,-0.416388,1.18991,-0.543411
269,-0.322951,1.20989,-0.651988
269,-0.363022,1.1577,-0.638178
269,-0.286693,1.23447,-0.704601
269,-1.47522,-0.735265,0.0470604
269,-1.45101,-0.699092,-0.0112185
269,-1.24912,-0.602879,-0.211698
269,-1.60478,-0.691803,0.153218
269,-1.2449,-0.599215,-0.225622
269,-1.14767,-0.513268,-0.327941
269,-0.385553,1.69524,-0.534331
269,-1.07618,1.471,0.174393
269,-0.401416,1.70895,-0.518044
269,-0.373289,1.29193,-0.678745
269,-1.15588,-0.522903,-0.337749
269,-0.405168,1.30341,-0.66913
269,-1.28457,-0.60452,-0.248106
269,-0.45074,1.24781,-0.641457
269,-1.92105,-0.697469,0.433676
269,-0.474487,1.28758,-0.60518
269,-1.28719,-0.606033,-0.254535
269,-0.460809,1.31684,-0.647281
269,-1.23168,-1.14811,-0.518335
269,-0.438384,1.32991,-0.703619
269,-0.487228,1.31386,-0.664566
269,-0.416105,1.32389,-0.753864
269,-0.538461,1.34895,-0.611119
269,-1.83929,-0.777098,0.145639
269,-0.533296,1.3527,-0.697571
269,-0.482645,1.39843,-0.755337
269,-1.16027,1.53364,0.0375494
269,-0.605714,1.43676,-0.636241
269,-0.634793,1.45045,-0.626085
269,-0.641271,1.45636,-0.636855
269,-0.646505,1.49847,-0.626073
269,-0.646959,1.53061,-0.622441
269,-1.19454,1.50198,-0.0334609
269,-0.684807,1.55244,-0.619181
269,-0.593503,1.51811,-0.733329
269,-0.551591,1.51052,-0.78519
269,-0.701618,1.56587,-0.628581
269,-1.96321,-0.772876,0.0943536
269,-1.22774,1.46081,-0.0705578
269,-2.19769,-0.741435,0.364515
269,-1.32405,1.62395,0.0788983
269,-0.436924,1.75135,-0.894438
269,-0.450524,2.13892,-0.850697
269,-2.28371,-0.643742,0.379588
269,-2.0443,-0.776928,0.0645462
269,-1.40235,1.69502,0.0543141
269,-1.23659,2.74891,0.127451
269,-1.40456,1.68922,-0.00431287
269,-1.93425,-1.12077,-0.251586
269,-1.3297,1.51768,-0.172137
269,-1.3802,1.64724,-0.0827349
269,-1.41138,1.69932,-0.0508523
269,-2.00098,-1.19412,-0.24704
269,-0.991745,1.83838,-0.493307
269,-0.602969,2.18453,-0.855264
269,-1.40482,1.65273,-0.113085
269,-1.54399,1.80924,0.0380206
269,-1.04426,1.89886,-0.546043
269,-1.57509,1.80406,-0.00528634
269,-2.31029,0.370794,0.39265
269,-1.59362,1.82109,-0.0146928
269,-1.92229,-0.468857,-0.334398
269,-0.736278,2.15344,-0.940616
269,-0.387446,1.68373,-1.50239
269,-1.42171,1.75306,-0.339426
269,-1.57914,0.407807,-0.578246
269,-1.61048,0.251673,-0.589354
269,-1.4553,1.06232,-0.604313
269,-1.47986,1.78863,-0.362622
269,-1.60294,0.572795,-0.61401
269,-1.49402,1.16548,-0.629514
269,-1.53305,0.945637,-0.665574
269,-2.38345,-0.837965,-0.252109
269,-1.54705,1.84236,-0.406863
269,-1.68923,1.80654,-0.266316
269,-0.450093,1.74265,-1.70938
269,-1.57705,1.86775,-0.428478
269,-1.65356,0.861812,-0.69936
269,-2.59643,0.995188,0.339124
269,-1.61506,1.25254,-0.692455
269,-1.74631,0.549354,-0.755568
269,-1.90668,1.97616,-0.282903
269,-2.23222,2.59726,0.200243
269,-3.06598,-0.596195,0.172691
269,-3.07666,-0.59472,0.169697
269,-2.77599,1.04168,0.292476
269,-2.00523,2.0315,-0.355202
269,-2.12031,2.16403,-0.271681
269,-2.87532,1.12551,0.255808
269,-2.09833,2.09909,-0.371332
269,-2.63524,1.20076,-0.0648597
269,-2.6456,1.13984,-0.0984741
269,-2.50234,1.11787,-0.33655
269,-2.50845,2.50748,-0.0377709
269,-2.56506,2.75293,0.0707927
269,-2.53988,2.51482,-0.0315577
269,-2.20139,2.09207,-0.545157
269,-2.80928,1.2646,-0.135921
269,-2.81712,1.27831,-0.13214
269,-2.40262,2.3622,-0.365378
269,-2.42987,2.37467,-0.377954
269,-2.3376,2.14575,-0.584954
269,-2.67542,2.08402,-0.224663
269,-2.92615,1.23288,-0.197345
269,-2.72786,1.17779,-0.461775
269,-2.37975,2.17349,-0.568584
269,-2.45016,2.36221,-0.440614
269,-2.66044,2.57004,-0.202418
269,-3.45067,0.68585,0.0913192
269,-2.81971,1.24165,-0.477606
269,-2.87698,2.95857,-0.0147183
269,-3.00983,1.35136,-0.573145
269,-2.88206,2.6722,-0.409687
269,-2.92308,2.24854,-0.599123
269,-3.07488,2.81072,-0.276579
269,-3.14765,1.45869,-0.759221
269,-3.02335,2.31952,-0.644273
269,-3.04566,2.33539,-0.669836
269,-3.19543,1.37922,-0.81193
269,-3.4642,2.95679,-0.371535
269,-3.41712,1.49213,-0.931008
269,-3.57162,3.02388,-0.388989
269,-3.40727,3.3387,-0.535663
269,-3.56478,1.65745,-1.06608
269,-3.80924,3.13203,-0.381673
269,-3.87013,3.24829,-0.343835
269,-3.94128,3.29446,-0.299986
269,-3.81776,3.2122,-0.485234
269,-3.87377,3.24296,-0.509331
269,-1.51553,1.22307,-0.661084
259,-1.51553,1.22307,-0.661084
269,-2.27673,2.25463,-0.130541
259,-2.27673,2.25463,-0.130541
269,-2.19324,2.17357,0.0570855
259,-2.19324,2.17357,0.0570855
269,-2.23631,2.21338,0.0378914
259,-2.23631,2.21338,0.0378914
269,-0.0568733,1.46982,-0.680023
259,-0.0568733,1.46982,-0.680023
269,-1.13817,1.16368,-0.681021
259,-1.13817,1.16368,-0.681021
269,-2.29487,2.33598,-0.363534
259,-2.29487,2.33598,-0.363534
269,0.0375079,1.23175,-0.58212
259,0.0375079,1.23175,-0.58212
269,-2.24159,1.3121,-0.40673
259,-2.24159,1.3121,-0.40673
269,-2.31429,2.357,-0.379911
259,-2.31429,2.357,-0.379911
269,-0.801725,1.60824,-0.571405
259,-0.801725,1.60824,-0.571405
269,-1.56272,0.613557,-0.629172
259,-1.56272,0.613557,-0.629172
269,0.153403,0.798089,-0.656536
259,0.153403,0.798089,-0.656536
269,-2.14402,2.33202,0.204308
257,-2.14402,2.33202,0.204308
269,0.0592126,0.241132,0.187026
257,0.0592126,0.241132,0.187026
269,0.0953807,1.26686,-0.626953
257,0.0953807,1.26686,-0.626953
269,-0.153681,1.05715,-0.643872
257,-0.153681,1.05715,-0.643872
269,-1.99284,1.84506,-0.472249
257,-1.99284,1.84506,-0.472249
269,0.0846406,1.28757,-0.648958
257,0.0846406,1.28757,-0.648958
269,-1.86317,2.1802,-0.187342
257,-1.86317,2.1802,-0.187342
269,-0.116003,0.826628,-0.671115
257,-0.116003,0.826628,-0.671115
269,-2.28449,2.36294,-0.0636718
257,-2.28449,2.36294,-0.0636718
269,-2.3496,2.26102,0.232428
257,-2.3496,2.26102,0.232428
269,-1.33449,0.904566,-0.49771
257,-1.33449,0.904566,-0.49771
269,0.0207755,0.782523,-0.65121
257,0.0207755,0.782523,-0.65121
269,0.0946244,1.26423,-0.62718
250,0.0946244,1.26423,-0.62718
269,0.286993,1.65384,-0.637984
249,0.286993,1.65384,-0.637984
269,-0.344244,1.13286,-0.621668
249,-0.344244,1.13286,-0.621668
269,-0.391762,1.15855,-0.624708
249,-0.391762,1.15855,-0.624708
269,-1.5868,0.40128,-0.587149
64,-1.5868,0.40128,-0.587149
269,-1.1605,-1.24479,-0.114263
64,-1.1605,-1.24479,-0.114263
269,-1.55973,0.90986,-0.642183
64,-1.55973,0.90986,-0.642183
269,-1.58838,0.29217,-0.606762
84,-1.58838,0.29217,-0.606762
269,-2.59585,1.44053,-0.582405
156,-2.59585,1.44053,-0.582405
270,-0.320322,0.157598,0.383605
270,-0.431088,-0.100239,0.283124
270,-0.427821,-0.0967882,0.235009
270,-0.437842,-0.104283,0.234504
270,-0.460711,-0.115736,0.27465
270,-0.468865,-0.118481,0.269248
270,-0.463734,-0.120363,0.237424
270,-0.485381,-0.12261,0.261543
270,-0.500187,-0.122034,0.249621
270,-0.501973,-0.121456,0.247374
270,-0.490552,-0.124635,0.214043
270,-0.505486,-0.12937,0.209795
270,-0.633111,0.259207,0.143767
270,-0.720628,0.524843,0.0679693
270,-0.729747,0.52593,0.0712886
270,-1.0467,-0.747886,-0.366364
270,-1.08792,-0.754422,-0.287868
270,-1.31396,-0.771827,0.115032
270,-1.58885,-0.887057,0.611573
270,-1.46855,-0.855077,0.380814
270,-1.39287,-0.830279,0.238696
270,-1.72605,-0.879272,0.892476
270,-1.09583,-0.750174,-0.353646
270,-1.46521,-0.848459,0.348326
270,-1.47522,-0.85899,0.35782
270,-1.49295,-0.863973,0.375881
270,-1.71457,-0.877015,0.801564
270,-1.34779,-0.78452,0.094223
270,-1.48955,-0.808373,0.355784
270,-1.62543,-0.873504,0.595354
270,-1.49584,-0.812128,0.357213
270,-1.73129,-0.888216,0.795421
270,-1.77783,-0.888155,0.881536
270,-1.86209,-0.89788,1.03984
270,-1.49993,-0.815467,0.340388
270,-1.74325,-0.890073,0.793508
270,-1.83574,-1.09456,0.871446
270,-1.08178,-0.510549,-0.361915
270,-1.52779,-0.81557,0.365946
270,-1.79088,-0.92979,0.835898
270,-1.78973,-0.916005,0.840882
270,-1.86274,-1.06655,0.90307
270,-1.65184,-0.831032,0.59225
270,-1.55107,-0.814031,0.3937
270,-1.68717,-0.927168,0.591721
270,-1.85133,-1.04747,0.860094
270,-1.54403,-0.797836,0.36288
270,-1.11422,-0.489662,-0.35259
270,-1.11918,-0.481544,-0.340833
270,-1.89743,-1.0501,0.932434
270,-1.88928,-1.0792,0.893118
270,-1.86504,-1.05465,0.852729
270,-1.88188,-1.05869,0.882602
270,-1.84573,-0.916671,0.877264
270,-1.68957,-0.840436,0.596848
270,-1.52948,-0.748684,0.317374
270,-1.84999,-1.07073,0.78811
270,-1.90198,-1.05024,0.890723
270,-1.47105,-0.696747,0.184823
270,-1.47504,-0.699294,0.190283
270,-1.86452,-1.09593,0.771937
270,-1.49573,-0.761825,0.195646
270,-1.48645,-0.702022,0.207575
270,-1.90132,-1.02772,0.87895
270,-1.90184,-1.02979,0.878514
270,-1.88901,-1.02519,0.85127
270,-1.56262,-0.730202,0.307572
270,-1.9085,-1.03263,0.844812
270,-1.2798,-0.602129,-0.213514
270,-1.87561,-1.05774,0.761008
270,-1.84752,-0.922596,0.773861
270,-1.30712,-0.615273,-0.198268
270,-1.90165,-1.06482,0.753072
270,-1.89742,-1.0142,0.75065
270,-1.90979,-1.09189,0.685601
270,-1.85153,-1.00579,0.594984
270,-1.8534,-1.00865,0.596674
270,-1.93712,-1.05961,0.718546
270,-1.94393,-1.05703,0.674335
270,-1.93375,-1.05752,0.613705
270,-0.775031,1.57545,-0.597489
270,-0.807175,1.61842,-0.612292
270,-0.85415,1.68371,-0.627348
270,-0.895454,1.69594,-0.610565
270,-0.865786,1.74276,-0.657255
270,-0.900777,1.70888,-0.607478
270,-0.902277,1.70111,-0.613601
270,-0.91336,1.72581,-0.60215
270,-0.922305,1.741,-0.612067
270,-0.925887,1.73827,-0.61088
270,-0.94417,1.73934,-0.600977
270,-0.931798,1.81563,-0.624619
270,-0.956366,1.95992,-0.610239
270,-0.982192,1.89119,-0.597982
270,-0.959286,1.9635,-0.61752
270,-0.964345,1.97053,-0.626335
270,-0.977855,2.00412,-0.604978
270,-1.01029,1.87091,-0.611687
270,-1.00289,1.95666,-0.583887
270,-0.993939,1.98989,-0.597424
270,-0.986518,2.00864,-0.605902
270,-1.00633,1.8917,-0.630403
270,-0.993092,2.00044,-0.601018
270,-1.03773,1.94053,-0.650674
270,-1.92651,2.29447,1.34762
270,-1.90168,2.43419,1.3537
270,-1.92401,2.44399,1.39435
270,-1.06736,2.02445,-0.594143
270,-1.96113,2.34268,1.35181
270,-1.10644,1.91284,-0.642408
270,-1.99167,2.36079,1.41286
270,-1.96887,2.36204,1.35261
270,-2.28944,-0.737772,0.330895
270,-1.5167,0.491616,-0.635082
270,-1.56899,0.270838,-0.652542
270,-1.57395,0.270436,-0.648523
270,-1.60086,0.267313,-0.5957
270,-1.12726,1.99851,-0.635876
270,-1.52675,0.497713,-0.626778
270,-1.56879,0.363276,-0.621613
270,-1.53931,0.473339,-0.630729
270,-1.5457,0.448833,-0.637714
270,-1.54054,0.498214,-0.621904
270,-1.51204,0.571208,-0.642608
270,-1.56088,0.526579,-0.586126
270,-1.55249,0.544269,-0.598462
270,-1.52403,0.584249,-0.638241
270,-1.61315,0.276913,-0.621309
270,-1.6123,0.280867,-0.62198
270,-1.6197,0.279707,-0.611667
270,-2.35831,-0.676867,0.377404
270,-1.56081,0.524975,-0.612272
270,-1.56255,0.55908,-0.600626
270,-1.5554,0.546149,-0.622915
270,-1.62964,0.284264,-0.614394
270,-2.35244,-0.744873,0.308517
270,-1.5614,0.54623,-0.61962
270,-1.17828,2.00183,-0.621408
270,-1.55641,0.566143,-0.62243
270,-1.59247,0.527264,-0.570821
270,-1.56459,0.566815,-0.620895
270,-1.42458,1.11379,-0.62607
270,-1.57474,0.591528,-0.602679
270,-1.43272,1.08824,-0.62629
270,-1.19441,2.02132,-0.626414
270,-1.43716,1.0919,-0.630061
270,-1.44253,1.06982,-0.636115
270,-1.19807,2.01707,-0.628138
270,-2.38712,-0.758817,0.306844
270,-1.49251,0.89951,-0.63915
270,-1.60336,0.582875,-0.610043
270,-1.52802,0.900211,-0.608592
270,-1.43656,1.20571,-0.64378
270,-1.67402,0.380083,-0.606215
270,-1.44542,1.19652,-0.635262
270,-1.44485,1.20643,-0.649147
270,-1.45981,1.17288,-0.640512
270,-1.46413,1.21223,-0.656111
270,-1.56029,1.0278,-0.586459
270,-1.48695,1.20818,-0.641804
270,-1.24806,2.09864,-0.652515
270,-1.57545,1.01857,-0.591103
270,-1.62588,0.79377,-0.613705
270,-2.48644,-0.697293,0.346124
270,-1.51706,1.21381,-0.616389
270,-1.5823,1.00263,-0.606464
270,-2.49821,-0.694199,0.345621
270,-2.4956,-0.78657,0.281599
270,-1.59575,0.973281,-0.619624
270,-1.58365,1.07401,-0.602816
270,-2.52573,-0.699953,0.357704
270,-2.51719,-0.789666,0.265196
270,-1.55359,1.21823,-0.629158
270,-2.53135,-0.795962,0.283958
270,-1.29603,2.12032,-0.691985
270,-2.54123,-0.705855,0.329477
270,-1.29887,2.12142,-0.699383
270,-1.57704,1.22736,-0.642783
270,-1.87141,2.15738,0.315531
270,-1.87205,2.16758,0.308658
270,-1.77124,2.44856,0.217173
270,-1.80175,2.48398,0.199424
270,-1.93043,2.20927,0.294003
270,-1.91548,2.25055,0.27927
270,-1.96645,2.2075,0.323291
270,-1.96797,2.20875,0.32276
270,-1.83233,2.49462,0.194211
270,-1.86219,2.50905,0.223875
270,-2.45368,-0.858757,-0.398664
270,-2.4667,-0.851143,-0.396137
270,-1.88764,2.53555,0.224251
270,-1.91514,2.5196,0.23943
270,-1.90342,2.53477,0.221469
270,-2.50946,-0.864188,-0.412824
270,-1.93195,2.54433,0.237442
270,-2.52214,-0.860994,-0.419542
270,-2.03277,2.4341,0.275583
270,-2.05424,2.45952,0.254665
270,-3.21881,-0.637382,0.958939
270,-3.2202,-0.642582,0.952762
270,-2.0702,2.47124,0.261313
270,-2.02895,2.48534,0.172196
270,-2.05701,2.48209,0.219814
270,-2.05252,2.48375,0.209857
270,-3.24513,-0.677626,0.944638
270,-2.05688,2.4867,0.210151
270,-3.24732,-0.676119,0.941399
270,-2.09487,2.46149,0.231669
270,-2.94229,1.14785,1.25212
270,-2.81986,-0.27624,0.23218
270,-2.94483,1.14442,1.25302
270,-2.09673,2.2279,0.0982445
270,-2.91382,-0.563118,0.248278
270,-2.73445,0.162124,0.269317
270,-2.06711,2.52348,0.15501
270,-2.74967,0.159848,0.260573
270,-2.8499,-0.256412,0.234851
270,-2.75638,0.157307,0.262055
270,-2.84212,-0.204901,0.231177
270,-2.93621,-0.574412,0.221636
270,-2.86751,-0.259979,0.222935
270,-2.98753,1.33589,1.31851
270,-2.78218,0.174109,0.256982
270,-2.85431,-0.111474,0.232174
270,-2.73243,0.440403,0.27376
270,-2.97705,-0.579172,0.218421
270,-2.86784,-0.11713,0.2297
270,-2.82717,0.129319,0.244572
270,-2.86429,2.24444,1.44019
270,-2.93169,-0.297348,0.206874
270,-2.96456,1.28694,1.12416
270,-2.775,0.453766,0.286511
270,-2.78055,0.44703,0.259943
270,-2.9702,1.28718,1.10079
270,-2.95003,-0.311333,0.192464
270,-2.85178,0.207516,0.258031
270,-2.95913,-0.329951,0.186192
270,-2.93644,-0.177227,0.208812
270,-3.02088,-0.583654,0.158268
270,-2.99753,1.29753,1.11494
270,-2.87068,0.505096,0.386102
270,-2.98538,-0.273826,0.188434
270,-2.9971,-0.310003,0.188078
270,-2.97356,-0.186692,0.200964
270,-2.9962,-0.261719,0.195936
270,-3.11832,-0.627796,0.210877
270,-2.97355,-0.0728476,0.187297
270,-2.85578,1.11859,0.574423
270,-3.11955,-0.599285,0.185456
270,-2.895,0.511848,0.316314
270,-3.09702,-0.511714,0.175487
270,-2.90105,0.508179,0.318061
270,-3.10479,-0.496408,0.189906
270,-2.93573,0.220603,0.228712
270,-2.89283,0.496425,0.270411
270,-2.78299,1.01586,0.322331
270,-2.96126,0.136683,0.197972
270,-2.87283,1.13121,0.543418
270,-3.04515,-0.2217,0.158669
270,-2.89679,1.14097,0.587621
270,-2.89628,0.507202,0.239406
270,-3.04304,-0.115118,0.188374
270,-2.96558,2.36702,1.35934
270,-2.96918,2.36733,1.35414
270,-2.77047,1.09407,0.244994
270,-3.04451,-0.073505,0.173792
270,-2.89548,1.14801,0.518467
270,-2.97533,2.3686,1.33482
270,-2.98726,2.36941,1.3543
270,-3.13097,-0.435621,0.136914
270,-3.08657,-0.182738,0.165445
270,-3.00464,2.37368,1.35672
270,-3.00947,0.220199,0.204857
270,-2.19855,2.04398,-0.485538
270,-3.02853,0.139896,0.178471
270,-2.69809,1.21578,0.0655276
270,-2.84809,1.0459,0.275004
270,-2.94334,0.628414,0.244534
270,-2.12424,2.0924,-0.660366
270,-3.00623,2.32538,1.26474
270,-2.84655,1.08231,0.264734
270,-3.15759,-0.288226,0.150411
270,-2.93966,1.17865,0.489613
270,-2.8538,1.12547,0.277682
270,-3.09022,2.18046,1.31675
270,-2.86648,1.13391,0.292567
270,-2.885,1.16214,0.344075
270,-2.84667,1.12445,0.241509
270,-2.89532,1.13732,0.34269
270,-2.97536,0.590337,0.211211
270,-2.97266,0.599862,0.204665
270,-2.87349,1.13323,0.285252
270,-2.8674,1.17189,0.287708
270,-2.21882,2.13788,-0.531122
270,-3.10011,2.19518,1.29532
270,-3.20385,-0.352057,0.127503
270,-3.20997,-0.379423,0.118446
270,-3.14355,-0.064193,0.149704
270,-3.22203,1.96795,1.40371
270,-3.00733,0.594025,0.218637
270,-3.0061,0.587554,0.211893
270,-2.69026,1.22297,-0.0956352
270,-3.24115,1.96934,1.42569
270,-3.17586,-0.124542,0.149291
270,-3.00365,0.616126,0.19136
270,-2.7055,1.16159,-0.126216
270,-3.09902,0.234321,0.175515
270,-2.9371,1.14836,0.32497
270,-3.11336,0.230405,0.186014
270,-2.90688,1.17473,0.264202
270,-2.75233,1.17076,-0.0795959
270,-2.60393,1.16179,-0.413853
270,-3.19665,-0.0606708,0.131276
270,-2.93213,1.14741,0.23609
270,-2.92577,1.12554,0.207798
270,-2.91381,1.19082,0.207872
270,-3.32458,-0.526454,0.118176
270,-2.94567,1.2635,0.295824
270,-2.92913,1.28703,0.259231
270,-3.32255,2.01544,1.4297
270,-2.64644,1.17346,-0.425211
270,-2.64506,1.17997,-0.426114
270,-3.19516,0.11716,0.12543
270,-3.33353,2.0273,1.43133
270,-3.08861,0.647091,0.182979
270,-3.26545,-0.122645,0.128707
270,-3.33904,-0.454963,0.0827104
270,-2.64966,1.18136,-0.454908
270,-3.34519,2.0344,1.42861
270,-2.7442,1.21236,-0.259656
270,-3.2242,0.111117,0.124605
270,-3.35648,-0.452023,0.0837641
270,-2.86676,1.28756,0.00698352
270,-2.91795,1.2877,0.105081
270,-2.37905,2.07248,-0.671822
270,-2.71928,1.23276,-0.435405
270,-2.91003,1.30275,-0.0182514
270,-2.70446,1.24051,-0.478235
270,-2.97164,1.30947,0.0788114
270,-2.97484,1.31284,0.0743881
270,-2.68263,1.20518,-0.595415
270,-3.47008,-0.546875,0.0687932
270,-2.91473,1.30487,-0.0726733
270,-2.8967,1.30728,-0.113112
270,-2.8922,1.3115,-0.160849
270,-2.72293,1.20755,-0.566196
270,-2.883,1.31552,-0.186056
270,-2.89045,1.31369,-0.198034
270,-2.86685,1.31583,-0.279004
270,-2.86591,1.3205,-0.298274
270,-2.8575,1.31554,-0.325385
270,-2.85397,1.31673,-0.333722
270,-2.84168,1.31283,-0.369088
270,-2.84199,1.3162,-0.366783
270,-2.8284,1.31795,-0.402942
270,-2.81299,1.31527,-0.438748
270,-2.81483,1.31357,-0.437833
270,-2.82339,1.31173,-0.421777
270,-2.79243,1.29033,-0.522471
270,-2.79459,1.32189,-0.548793
270,-3.99956,1.84247,-2.52772
270,-1.71222,0.549346,-0.729006
269,-1.71222,0.549346,-0.729006
270,-2.07908,1.41481,-0.968352
269,-2.07908,1.41481,-0.968352
270,-1.10199,0.989021,-0.402241
269,-1.10199,0.989021,-0.402241
270,-1.25969,-0.594686,-0.251094
269,-1.25969,-0.594686,-0.251094
270,-1.29751,1.09851,-0.466065
269,-1.29751,1.09851,-0.466065
270,-1.80213,1.36637,-0.844827
269,-1.80213,1.36637,-0.844827
270,-1.51432,0.891739,-0.605422
269,-1.51432,0.891739,-0.605422
270,-0.39954,-0.223846,0.267737
269,-0.39954,-0.223846,0.267737
270,-1.45038,0.446017,-0.550929
268,-1.45038,0.446017,-0.550929
270,-1.8483,-1.03642,0.611945
63,-1.8483,-1.03642,0.611945
270,-1.78984,-1.01619,0.691006
63,-1.78984,-1.01619,0.691006
270,-2.95198,1.28487,1.03323
157,-2.95198,1.28487,1.03323
270,-2.95386,1.2872,1.0333
157,-2.95386,1.2872,1.0333
270,-2.95078,1.28287,1.03595
157,-2.95078,1.28287,1.03595
270,-1.542,1.14297,-0.659974
157,-1.542,1.14297,-0.659974
270,-1.54297,1.1388,-0.651312
157,-1.54297,1.1388,-0.651312
270,-1.55083,0.8983,-0.622868
84,-1.55083,0.8983,-0.622868
270,-1.5338,0.291521,-0.596652
64,-1.5338,0.291521,-0.596652
270,-1.63286,0.859921,-0.645741
259,-1.63286,0.859921,-0.645741
270,-1.15961,1.92282,-0.631583
259,-1.15961,1.92282,-0.631583
270,-0.407756,-0.222464,0.265214
259,-0.407756,-0.222464,0.265214
270,-1.09338,2.57219,0.209927
259,-1.09338,2.57219,0.209927
271,-0.629372,0.0467178,1.51455
271,-0.980146,0.216119,1.59253
271,-1.41645,-0.729525,0.162356
271,-1.49706,-0.797683,0.336081
271,-1.59816,-0.857572,0.568821
271,-1.64034,-0.836201,0.59578
271,-1.64664,-0.832604,0.617171
271,-1.75398,-0.898953,0.850839
271,-1.88928,-0.90935,1.13407
271,-1.90853,-0.909079,1.12594
271,-2.02099,-0.928058,1.27036
271,-2.06119,-0.953494,1.31794
271,-2.0847,-0.911473,1.45358
271,-2.12013,-0.934899,1.50354
271,-2.13337,-0.941141,1.50293
271,-2.13322,-0.933367,1.5042
271,-2.13477,-0.943729,1.50042
271,-2.15175,-0.95917,1.51232
271,-2.16323,-0.939034,1.5902
271,-2.18643,-0.955919,1.61638
271,-2.19636,-0.967047,1.60817
271,-2.20144,-0.918832,1.54243
271,-2.25267,-0.951185,1.73435
271,-2.2418,-0.976004,1.62896
271,-2.23535,-0.929051,1.55312
271,-2.22077,-0.888979,1.43957
271,-2.30446,-0.96365,1.81715
271,-1.96365,2.35126,1.36095
271,-1.82976,2.49999,0.759699
271,-1.96492,2.3634,1.37495
271,-1.98554,2.37153,1.34612
271,-1.99024,2.37728,1.35745
271,-1.99712,2.38027,1.35973
271,-2.67771,-0.436611,1.82338
271,-1.88148,2.55005,0.814311
271,-2.68452,-0.439569,1.81434
271,-1.87991,2.54934,0.750707
271,-2.69029,-0.435733,1.80836
271,-1.84323,2.50428,0.223202
271,-1.85512,2.48849,0.247301
271,-1.85916,2.50574,0.234765
271,-2.46613,-0.857441,-0.383996
271,-2.76036,-0.441943,1.81719
271,-2.47701,-0.862553,-0.342656
271,-2.47556,-0.861643,-0.353707
271,-2.73381,-0.383705,1.63578
271,-2.73464,-0.149918,1.8508
271,-2.73063,-0.1311,1.81969
271,-2.70841,-0.00181945,1.8446
271,-2.74538,-0.151526,1.86484
271,-2.7494,-0.174622,1.85617
271,-2.77789,-0.309531,1.85353
271,-2.79997,-0.38997,1.87997
271,-2.74489,-0.179156,1.81023
271,-2.71816,-0.0234161,1.84269
271,-2.76742,-0.247805,1.85583
271,-2.79685,-0.394125,1.84041
271,-2.74344,-0.177414,1.7925
271,-2.80052,-0.492263,1.74007
271,-2.74331,-0.176572,1.78373
271,-2.76179,-0.200146,1.85761
271,-2.80885,-0.450422,1.81306
271,-2.72583,-0.0187354,1.85204
271,-2.76787,-0.202402,1.85496
271,-2.81308,-0.401384,1.84455
271,-2.77067,-0.175135,1.85754
271,-2.77643,-0.204243,1.85484
271,-2.77297,-0.174113,1.8594
271,-2.70917,0.104087,1.82338
271,-2.74053,-0.0151083,1.85468
271,-2.82988,-0.494375,1.75529
271,-2.7358,0.0322923,1.84481
271,-2.00569,2.44947,0.522953
271,-2.7671,-0.150655,1.79227
271,-2.77329,-0.153482,1.81981
271,-2.76636,-0.0761911,1.86977
271,-2.75211,-0.0129382,1.86097
271,-2.84068,-0.46939,1.81596
271,-2.75009,-0.00745192,1.84534
271,-2.8298,-0.501369,1.68961
271,-2.81903,-0.289116,1.87684
271,-2.84531,-0.525451,1.74223
271,-2.75304,0.0052579,1.84807
271,-2.7505,0.0249656,1.84474
271,-2.84331,-0.523161,1.71523
271,-2.83633,-0.498217,1.69569
271,-2.79181,-0.154884,1.84022
271,-2.85489,-0.52549,1.7243
271,-2.86184,-0.528769,1.75509
271,-2.85558,-0.524489,1.70948
271,-2.83219,-0.248094,1.88824
271,-2.81123,-0.173477,1.85589
271,-2.85752,-0.523676,1.69479
271,-2.78698,-0.185221,1.6896
271,-2.75616,0.0717284,1.80089
271,-2.87617,-0.548096,1.74375
271,-2.76279,0.0772107,1.8393
271,-2.76396,0.0755364,1.84073
271,-2.79054,-0.18422,1.67758
271,-2.76709,0.0784015,1.84753
271,-2.81212,-0.104315,1.87892
271,-2.77791,0.0364659,1.84413
271,-2.81773,-0.13645,1.86355
271,-2.88061,-0.547488,1.72642
271,-2.76968,0.0784259,1.83162
271,-2.80973,-0.134028,1.80251
271,-2.88511,-0.546203,1.74108
271,-2.72541,0.192024,1.70656
271,-2.74356,0.149508,1.75389
271,-2.8837,-0.544879,1.72586
271,-2.88444,-0.543894,1.71093
271,-2.85317,-0.256153,1.86592
271,-2.82274,-0.131876,1.8391
271,-2.02291,2.4119,0.266648
271,-2.88242,-0.541366,1.68051
271,-2.75723,0.198939,1.84781
271,-2.88398,-0.544721,1.68173
271,-2.76965,0.141177,1.84205
271,-2.77499,0.110885,1.82203
271,-2.85964,-0.255571,1.86983
271,-2.74772,0.158216,1.70837
271,-2.75255,0.16037,1.71577
271,-2.88381,-0.331059,1.88276
271,-2.78272,0.114408,1.8214
271,-2.04914,2.34281,0.25096
271,-2.80096,0.0699992,1.85656
271,-2.89244,-0.352646,1.86685
271,-2.79081,0.110125,1.82843
271,-2.79518,0.077071,1.79056
271,-2.03959,2.44283,0.264173
271,-2.75928,0.21252,1.73591
271,-2.75956,0.233385,1.76241
271,-2.84987,-0.0952452,1.88056
271,-2.79419,0.152395,1.85619
271,-2.8583,-0.131859,1.88349
271,-2.04457,2.44303,0.270171
271,-2.9011,-0.328201,1.88607
271,-2.04234,2.44479,0.256524
271,-2.80084,0.127565,1.83309
271,-2.80557,0.115177,1.82526
271,-2.81271,0.107047,1.85321
271,-2.91594,-0.355547,1.87769
271,-2.77569,0.20601,1.74225
271,-2.79185,0.150557,1.73097
271,-2.76237,0.24112,1.65238
271,-2.87108,-0.0863484,1.88621
271,-2.79574,0.202724,1.78486
271,-2.8244,0.110622,1.82803
271,-2.06121,2.47251,0.236485
271,-2.88855,-0.108646,1.88573
271,-2.73023,0.623105,1.84458
271,-2.09272,2.40015,0.22852
271,-2.8072,0.244759,1.73715
271,-2.81559,0.248897,1.76841
271,-2.83879,0.255031,1.85445
271,-2.11353,2.39496,0.229133
271,-2.78065,0.548968,1.84594
271,-2.8393,0.243264,1.74077
271,-2.78211,-0.439784,0.582541
271,-2.78507,0.598489,1.84883
271,-2.78437,-0.440077,0.582065
271,-2.13506,2.39014,0.229569
271,-2.79436,0.576401,1.84658
271,-2.81589,-0.21484,1.01116
271,-2.14942,2.35101,0.241855
271,-2.14467,2.37387,0.234877
271,-2.78574,0.63874,1.8537
271,-2.93626,-0.567171,1.26723
271,-2.80722,0.551962,1.85316
271,-2.93194,-0.55106,1.24134
271,-2.86023,0.300765,1.85209
271,-2.15604,2.35916,0.239514
271,-2.81401,0.612212,1.93949
271,-2.87283,0.294018,1.89569
271,-2.69164,-0.144661,0.300615
271,-2.87971,0.251687,1.84704
271,-2.82763,0.51349,1.85498
271,-2.82133,0.544358,1.85302
271,-2.96491,-0.603591,1.28235
271,-2.82605,0.546237,1.84639
271,-2.97221,-0.604397,1.27593
271,-2.87749,0.242579,1.74912
271,-2.87012,0.381073,1.84302
271,-2.86714,0.40581,1.85244
271,-2.83629,0.552929,1.83777
271,-2.81761,-0.453661,0.505942
271,-2.90896,0.25789,1.89593
271,-2.83957,0.654821,1.97045
271,-2.83886,0.486748,1.75357
271,-2.81307,-0.450659,0.455846
271,-2.81537,-0.457565,0.454653
271,-2.82829,-0.44964,0.538257
271,-2.86254,0.483958,1.8571
271,-2.88346,0.388745,1.85122
271,-2.90029,0.32188,1.86221
271,-2.88822,0.389337,1.85207
271,-2.89017,0.384792,1.85258
271,-2.88225,0.448044,1.86653
271,-2.87486,0.472782,1.85045
271,-2.85704,0.490625,1.7592
271,-2.99598,-0.579136,1.26705
271,-2.88998,0.420816,1.85857
271,-2.86901,0.488552,1.80261
271,-2.7404,-0.133699,0.293939
271,-2.20861,2.26176,0.0903566
271,-2.85456,-0.46084,0.53635
271,-2.89497,0.453182,1.86865
271,-2.8812,0.535985,1.86869
271,-2.88548,0.523773,1.86921
271,-2.89149,0.494823,1.86183
271,-2.90985,0.419138,1.86723
271,-2.21157,2.33689,0.135101
271,-2.90682,0.447303,1.86566
271,-2.90365,0.46687,1.86746
271,-2.91468,0.416799,1.86896
271,-2.888,0.522063,1.84008
271,-2.89734,0.486758,1.8192
271,-2.89756,0.490168,1.81274
271,-2.90108,0.526791,1.86891
271,-3.0387,-0.58318,1.25889
271,-2.87364,-0.531702,0.346429
271,-2.83582,-0.251449,0.381339
271,-2.79559,-0.13164,0.278907
271,-2.80957,-0.205137,0.2593
271,-2.80749,-0.118984,0.315569
271,-2.9541,0.490517,1.86516
271,-2.80588,-0.112693,0.26949
271,-2.83831,0.880792,1.64518
271,-2.81034,-0.113909,0.258006
271,-2.79632,1.02216,1.52896
271,-2.93901,-0.455957,0.551315
271,-2.8473,-0.250139,0.253592
271,-2.84883,0.913731,1.6566
271,-2.76101,0.481701,0.607726
271,-2.85526,-0.258672,0.242574
271,-2.95221,-0.469101,0.519581
271,-2.86601,0.894697,1.66631
271,-2.86315,-0.23609,0.267993
271,-2.82545,1.03499,1.566
271,-2.86463,-0.255529,0.231371
271,-2.89465,0.908207,1.80612
271,-2.71014,1.00796,0.855597
271,-2.79257,0.526885,0.746277
271,-2.86822,-0.22883,0.256256
271,-2.95361,-0.483383,0.42924
271,-2.89751,0.91166,1.79017
271,-2.8921,0.8815,1.68341
271,-2.87615,-0.19146,0.240122
271,-2.96744,-0.587364,0.255644
271,-2.89986,0.909695,1.67019
271,-2.80755,0.204434,0.278535
271,-2.91014,0.892727,1.70375
271,-2.90056,-0.240181,0.259606
271,-2.82372,0.525647,0.734664
271,-2.98865,-0.528911,0.407793
271,-2.92937,0.919926,1.77102
271,-2.95134,-0.437787,0.243421
271,-2.83147,0.529266,0.715718
271,-2.93139,0.891753,1.71392
271,-2.93225,0.921826,1.73599
271,-2.88994,1.05515,1.63254
271,-2.86653,1.07915,1.52535
271,-3.00843,0.72563,1.88792
271,-2.89813,1.11946,1.72048
271,-2.89576,1.05695,1.62454
271,-3.01952,-0.48727,0.458816
271,-2.95352,0.867123,1.71235
271,-2.87292,1.1234,1.55367
271,-2.89551,1.1182,1.67695
271,-2.89049,1.12132,1.64824
271,-2.89333,1.11988,1.66264
271,-2.89373,1.10203,1.6398
271,-2.81801,1.06312,1.15144
271,-2.91045,1.03075,1.63021
271,-2.86236,1.12028,1.4585
271,-2.90437,1.10101,1.6549
271,-2.9812,-0.44011,0.216097
271,-2.86016,1.12163,1.40022
271,-2.89302,1.07222,1.52677
271,-2.86002,1.1228,1.39305
271,-2.89548,1.08908,1.5474
271,-2.99054,-0.433401,0.243185
271,-2.81508,0.436414,0.271403
271,-2.85905,1.12214,1.3489
271,-2.8839,0.205792,0.365185
271,-2.93016,1.06836,1.64757
271,-2.90794,1.09326,1.54849
271,-2.88737,0.208442,0.342247
271,-2.83123,0.431619,0.282014
271,-2.86424,0.508397,0.564681
271,-2.82598,0.458014,0.280848
271,-2.87957,1.12555,1.38001
271,-3.04952,0.754612,1.91592
271,-2.86478,1.12628,1.29017
271,-2.86039,0.506038,0.514066
271,-2.85579,0.506396,0.476974
271,-2.96662,-0.23539,0.217232
271,-2.87434,0.521102,0.594278
271,-2.92829,1.106,1.61192
271,-2.89204,0.211186,0.31887
271,-2.9976,-0.370221,0.217034
271,-2.86468,0.504315,0.503298
271,-2.83573,0.463153,0.28314
271,-3.04633,0.782187,1.88133
271,-2.87659,0.516909,0.570374
271,-2.94262,1.1151,1.66595
271,-2.85466,0.39574,0.278176
271,-3.03219,-0.507838,0.205588
271,-2.88962,1.13331,1.35533
271,-2.86889,0.512207,0.468529
271,-2.96729,1.12593,1.76928
271,-2.8522,0.50083,0.33871
271,-2.89079,0.516852,0.569339
271,-2.82202,1.07052,0.837846
271,-2.81325,1.08136,0.793116
271,-2.89949,1.13395,1.35417
271,-2.83062,1.05314,0.856554
271,-2.90793,1.13878,1.39937
271,-3.0191,0.910926,1.75566
271,-2.87811,0.508587,0.449086
271,-2.87995,0.510225,0.451887
271,-2.84707,0.516721,0.267646
271,-2.85055,0.509298,0.269863
271,-2.84649,0.511561,0.247895
271,-2.88609,1.08774,1.17081
271,-2.8804,0.512324,0.435834
271,-2.95195,1.09475,1.54155
271,-2.89017,1.08274,1.16773
271,-2.8395,1.07624,0.857637
271,-2.88404,1.10673,1.14435
271,-3.04639,0.854461,1.7807
271,-2.83948,1.0708,0.834978
271,-3.00099,-0.216567,0.200529
271,-2.88425,0.507424,0.353298
271,-2.86588,0.576868,0.293991
271,-2.86975,1.09898,0.94576
271,-2.85832,1.07802,0.849503
271,-2.86122,1.13528,0.898526
271,-2.86328,1.1226,0.8922
271,-2.90867,1.11196,1.13945
271,-2.86609,1.09434,0.866027
271,-2.92488,0.513419,0.492914
271,-2.86816,0.583358,0.246527
271,-2.87722,1.1054,0.921552
271,-2.85888,1.08442,0.788652
271,-3.10845,0.803164,1.88039
271,-3.12455,0.772155,1.91646
271,-2.91248,0.430321,0.263056
271,-2.82003,1.08653,0.519177
271,-2.82421,1.11289,0.56947
271,-2.88081,1.1295,0.883633
271,-2.87059,1.09503,0.76882
271,-2.8877,1.1471,0.909858
271,-2.91621,0.516567,0.240187
271,-2.84046,1.07517,0.452495
271,-2.91585,0.592138,0.303728
271,-2.90866,1.13866,0.866891
271,-2.91648,0.599668,0.24666
271,-2.96039,1.12644,1.1283
271,-2.92239,0.584511,0.251124
271,-2.93073,0.564919,0.266257
271,-2.84305,1.05586,0.334891
271,-2.96394,1.32425,1.35095
271,-2.93624,0.574373,0.260742
271,-2.96223,1.28674,1.2574
271,-2.87699,1.13834,0.518365
271,-3.17853,0.85105,1.91234
271,-2.97783,1.34178,1.3338
271,-2.85201,1.07961,0.27857
271,-2.87152,1.11965,0.421636
271,-2.88672,1.10965,0.484521
271,-2.86414,1.07988,0.299065
271,-2.95314,0.612018,0.241646
271,-2.87223,1.15125,0.403728
271,-2.89812,1.14657,0.540587
271,-2.9976,1.3452,1.34009
271,-2.77805,1.2178,-0.163707
271,-2.89481,1.14494,0.360069
271,-3.23691,0.823584,1.92675
271,-3.02517,1.36429,1.33323
271,-2.88452,1.16519,0.266384
271,-3.02956,1.31319,1.26876
271,-2.82054,1.23156,-0.0602531
271,-2.82086,1.20449,-0.140445
271,-2.81533,1.28674,-0.195096
271,-2.88384,1.28849,0.0752587
271,-2.86799,1.2948,-0.0451297
271,-2.85484,1.26447,-0.194841
271,-2.84624,1.30073,-0.235667
271,-3.33586,0.82777,1.95731
271,-2.92019,1.29896,0.0653927
271,-2.79857,1.32164,-0.652846
271,-2.89503,1.31454,-0.202192
271,-3.04504,2.40276,1.36818
271,-3.08349,2.19197,1.33349
271,-3.17713,2.24858,1.30536
271,-3.20984,2.26136,1.34075
271,-3.38782,0.85387,0.103316
271,-2.89248,0.50192,0.247198
270,-2.89248,0.50192,0.247198
271,-4.40001,0.764597,0.105587
264,-4.40001,0.764597,0.105587
271,-1.69041,0.386529,1.64446
264,-1.69041,0.386529,1.64446
271,-2.90474,-0.0974122,1.92798
265,-2.90474,-0.0974122,1.92798
271,-2.31707,-0.0977205,1.80732
265,-2.31707,-0.0977205,1.80732
271,-2.72753,0.0716956,1.86358
265,-2.72753,0.0716956,1.86358
271,-2.84975,0.192836,1.8205
265,-2.84975,0.192836,1.8205
271,-2.52102,0.166967,1.78433
265,-2.52102,0.166967,1.78433
271,-0.622215,-0.16253,1.015
89,-0.622215,-0.16253,1.015
271,-3.20604,1.02589,1.79151
261,-3.20604,1.02589,1.79151
271,-2.96221,0.674898,1.89404
261,-2.96221,0.674898,1.89404
271,-0.511202,-0.0694153,1.39858
261,-0.511202,-0.0694153,1.39858
271,-3.21054,0.996819,1.96828
261,-3.21054,0.996819,1.96828
271,-3.09596,0.221741,1.82597
261,-3.09596,0.221741,1.82597
271,-1.87028,0.908158,0.151709
267,-1.87028,0.908158,0.151709
271,-2.91125,1.30848,-0.106524
269,-2.91125,1.30848,-0.106524
271,-2.03207,2.18255,0.0476303
269,-2.03207,2.18255,0.0476303
271,-1.85047,2.04554,0.122923
269,-1.85047,2.04554,0.122923
272,-1.73224,-0.879323,0.812841
272,-2.08384,-0.962019,1.3042
272,-2.08525,-0.918667,1.42512
272,-2.10093,-0.910953,1.31571
272,-2.20936,-0.906708,1.38043
272,-2.26825,-0.961036,1.72596
272,-2.34652,-0.965067,1.94241
272,-2.35034,-0.976195,1.94248
272,-2.41869,-1.28986,1.9755
272,-2.45344,-1.28946,1.98712
272,-2.43283,-0.982663,2.04769
272,-2.4431,-0.981347,2.03839
272,-2.45184,-0.980663,2.0377
272,-2.53009,-1.36255,2.24071
272,-2.52982,-1.36317,2.25376
272,-2.4756,-0.996529,2.05016
272,-2.68548,-1.35758,2.51946
272,-2.6322,-0.393734,1.0946
272,-2.74777,-1.01199,2.51818
272,-2.68575,-0.443242,1.72693
272,-2.77821,-1.0232,2.52703
272,-2.79774,-1.02688,2.52729
272,-2.72526,-0.445043,1.81814
272,-2.72707,-0.449947,1.79333
272,-2.67904,-0.222697,2.01668
272,-2.72545,-0.445679,1.83052
272,-2.63731,0.157714,1.60344
272,-2.63295,0.193946,1.53962
272,-2.69927,-0.209009,1.81337
272,-2.64436,0.161557,1.59481
272,-2.70495,-0.204063,1.83368
272,-2.71145,-0.203998,1.82878
272,-2.78084,-0.296248,0.272933
272,-2.78984,-0.47189,1.07465
272,-2.79861,-0.43815,0.586872
272,-2.78461,-0.423076,1.05547
272,-2.78794,-0.288224,0.270483
272,-2.7365,-0.258577,1.82909
272,-2.79392,-0.295168,0.25376
272,-2.77153,-0.150531,0.288442
272,-2.68883,0.0936684,1.70618
272,-2.70062,0.0231442,1.79349
272,-2.8515,-0.458991,0.520875
272,-2.82766,-0.268197,0.249647
272,-2.89704,-1.00968,2.49658
272,-2.71296,0.141976,1.61459
272,-2.85601,-0.460434,0.537976
272,-2.82646,-0.487091,1.70303
272,-2.72495,0.0616645,1.86613
272,-2.72255,0.101069,1.76556
272,-2.78337,-0.195151,1.58387
272,-2.73272,0.0648114,1.74548
272,-2.8682,-0.467772,0.476856
272,-2.81217,-0.12341,0.256789
272,-2.72508,0.138152,1.63963
272,-2.77511,0.099619,0.280808
272,-2.84241,-0.258379,0.240079
272,-2.74465,0.0198138,1.8147
272,-2.83066,-0.245237,0.573241
272,-2.84138,-0.490543,1.73604
272,-2.6889,0.342334,1.79806
272,-2.84519,-0.381425,1.00577
272,-2.84032,-0.252194,0.483253
272,-2.78806,-0.165512,1.71581
272,-2.84755,-0.257979,0.371653
272,-2.72624,0.243559,1.36702
272,-2.84801,-0.256388,0.375164
272,-2.77707,0.151071,0.287007
272,-2.75554,0.02649,1.81426
272,-2.82556,-0.226472,1.02776
272,-2.87514,-0.497825,1.05803
272,-2.85227,-0.48957,1.83863
272,-2.82703,-0.219126,1.03171
272,-2.82443,-0.335114,1.83927
272,-2.82798,-0.0972282,0.269473
272,-2.78097,0.152968,0.309457
272,-2.82912,-0.224189,1.03091
272,-2.82766,-0.219119,1.11423
272,-2.83653,-0.118479,0.236518
272,-2.8572,-0.491242,1.83565
272,-2.75257,0.216829,1.00663
272,-2.83448,-0.22352,1.01209
272,-2.86525,-0.513554,1.82385
272,-2.75083,0.141471,1.64386
272,-2.75627,0.213027,1.03087
272,-2.75709,0.214364,1.00311
272,-2.84185,-0.118877,0.242411
272,-2.8626,-0.492258,1.84317
272,-2.75758,0.215636,1.04473
272,-2.84357,-0.118948,0.243123
272,-2.88849,-0.361719,0.231261
272,-2.88633,-0.490508,1.09545
272,-2.83546,-0.331413,1.84031
272,-2.86636,-0.493387,1.85684
272,-2.79549,0.151422,0.307605
272,-2.87239,-0.511423,1.83067
272,-2.89438,-0.493511,1.04446
272,-2.74947,0.422643,0.315481
272,-2.83014,-0.265254,1.855
272,-2.8379,-0.277314,1.83611
272,-2.90277,-0.492569,1.0285
272,-2.77936,0.0727396,1.70277
272,-2.78044,0.0728278,1.67434
272,-2.88475,-0.51492,1.81991
272,-2.85357,-0.348223,1.8505
272,-2.90621,-0.494055,1.02436
272,-2.82049,-0.13886,1.72307
272,-2.76732,0.383886,0.297688
272,-2.84534,-0.287002,1.84597
272,-2.78522,0.0716765,1.70621
272,-2.84624,-0.284729,1.85026
272,-2.66399,0.880357,0.824365
272,-2.78012,0.0986574,1.75271
272,-2.78378,0.066749,1.84523
272,-2.8909,-0.516532,1.83668
272,-2.90834,-0.349061,0.238654
272,-2.78246,0.0996708,1.7344
272,-2.79833,-0.00394344,1.85149
272,-2.79514,0.0285428,1.81734
272,-2.8534,-0.295823,1.86261
272,-2.91098,-0.341415,0.231238
272,-2.86561,-0.0975588,0.265116
272,-2.83036,-0.133192,1.66712
272,-2.83516,-0.166048,1.72836
272,-2.78474,0.0999364,1.82312
272,-2.86855,-0.0968197,0.248708
272,-2.83317,-0.137245,1.68762
272,-2.90265,-0.541062,1.84758
272,-2.74747,0.491125,0.737269
272,-2.67151,0.912807,0.835216
272,-2.91046,-0.541262,1.83084
272,-2.87764,-0.0880122,0.22236
272,-2.91949,-0.574325,1.81866
272,-2.92527,-0.343793,0.226619
272,-2.67639,0.92361,0.837489
272,-2.70073,0.873411,0.372642
272,-2.93447,-0.528718,1.21396
272,-2.8238,-0.0256344,1.83915
272,-2.82632,-0.0384496,1.84532
272,-2.80574,0.102228,1.75102
272,-2.92405,-0.543992,1.84921
272,-2.89059,-0.0724948,0.217795
272,-2.6914,0.925882,0.830642
272,-2.95951,-0.43666,0.217005
272,-2.96035,-0.435971,0.201118
272,-2.76635,0.396557,1.73115
272,-2.80263,0.436204,0.292614
272,-2.73637,0.549946,1.82817
272,-2.84814,-0.0602748,1.86442
272,-2.73886,0.542376,1.82937
272,-2.80285,0.452267,0.292313
272,-2.77884,0.493691,0.902015
272,-2.74354,0.54676,1.82767
272,-2.98043,-0.618504,1.30593
272,-2.87031,0.199474,0.270083
272,-2.8063,0.544529,0.326122
272,-2.82742,0.237866,1.6287
272,-2.87351,0.192586,0.477648
272,-2.95188,-0.342174,1.18542
272,-2.89533,-0.139584,1.87905
272,-2.83182,0.495916,0.255967
272,-2.80761,0.520878,0.931097
272,-2.88958,0.194302,0.46984
272,-2.89795,0.203399,0.25912
272,-2.83873,0.492354,0.554575
272,-2.91498,-0.137044,1.87424
272,-2.84313,0.473255,0.604744
272,-2.91291,-0.106995,1.88543
272,-2.91536,-0.106366,1.8725
272,-2.83082,0.398644,1.72739
272,-2.92646,-0.146651,1.87583
272,-2.76988,0.968115,0.67799
272,-2.84182,0.404478,1.72753
272,-2.76779,0.884859,1.58951
272,-2.81309,0.600744,1.83416
272,-2.76865,1.01925,0.86003
272,-2.78771,0.962087,0.618684
272,-2.77107,0.971311,1.34931
272,-2.79201,0.993112,0.61793
272,-2.77916,1.00016,1.06881
272,-2.78902,0.890481,1.59334
272,-2.79329,1.01819,0.744134
272,-2.80347,0.958104,0.954152
272,-2.80623,0.950399,0.970836
272,-2.80206,0.895822,1.57028
272,-2.80462,1.05062,0.785017
272,-2.80083,0.993755,1.297
272,-2.88531,0.477314,1.68413
272,-2.91547,0.293552,1.84985
272,-2.91316,0.307354,1.8436
272,-2.80518,1.02365,1.09618
272,-2.82114,0.861145,1.55894
272,-2.89771,0.397597,1.83983
272,-2.88801,0.485789,1.64569
272,-2.80443,0.993182,1.34506
272,-2.89018,0.48561,1.65973
272,-2.80702,1.00099,1.30871
272,-2.84081,0.985559,0.30541
272,-2.83027,0.985997,0.671056
272,-2.92331,0.287333,1.85776
272,-2.83874,1.00716,0.310542
272,-2.8335,0.988526,0.636251
272,-2.81815,1.02287,1.08034
272,-2.93012,0.289105,1.83841
272,-2.82025,1.02444,1.06044
272,-2.82848,1.00114,1.00077
272,-2.82056,0.999607,1.29597
272,-2.93325,0.297202,1.85349
272,-2.82004,1.00614,1.34597
272,-2.82188,1.04666,1.05306
272,-2.82684,1.02925,1.00058
272,-2.8202,1.01453,1.31873
272,-2.848,0.983581,0.608528
272,-2.8314,1.01895,1.03962
272,-2.83369,1.01014,1.01932
272,-2.83546,1.01957,0.966156
272,-2.82586,1.01637,1.31832
272,-2.83246,1.03888,1.00145
272,-2.83932,1.06906,0.651197
272,-2.84037,1.00898,1.02205
272,-2.8296,1.02039,1.44401
272,-2.83704,1.03965,1.09961
272,-2.9256,0.488765,1.68253
272,-2.93864,0.407854,1.76468
272,-2.84503,1.04633,1.00609
272,-2.83095,1.04871,1.48038
272,-2.85963,1.02381,0.714193
272,-2.84232,1.02443,1.31385
272,-2.85147,1.03254,0.971843
272,-2.86125,0.877859,1.64726
272,-2.85121,1.03005,1.05044
272,-2.86822,1.02379,0.608713
272,-2.8774,1.00564,0.412821
272,-2.84455,1.02431,1.48686
272,-2.85115,1.06374,1.15982
272,-2.85922,0.951544,1.60974
272,-2.84793,1.04796,1.44077
272,-2.87523,0.877757,1.59848
272,-2.89009,1.00632,0.407654
272,-2.86853,1.0733,0.760904
272,-2.86028,0.785851,2.81646
272,-2.85694,1.02661,1.51361
272,-2.91191,0.856385,0.779844
272,-2.83927,0.916051,2.86041
272,-2.89059,1.05662,0.281084
272,-2.86941,0.962494,1.57209
272,-2.89559,1.01821,0.405111
272,-2.86316,1.0259,1.47407
272,-2.87161,0.961918,1.60602
272,-2.89169,1.07461,0.283293
272,-2.86897,1.07971,1.06237
272,-2.86693,1.03547,1.4917
272,-2.89951,1.05932,0.295034
272,-2.9227,0.870151,0.80924
272,-2.90584,0.831275,1.63525
272,-2.87923,1.08363,1.06319
272,-2.90737,1.06695,0.31807
272,-2.91074,0.83568,1.63607
272,-2.8737,1.06497,1.48528
272,-2.96161,0.532051,1.86552
272,-2.87676,1.04804,1.56797
272,-2.87382,1.1088,1.31654
272,-2.8745,1.11569,1.33805
272,-2.90062,1.10803,0.51323
272,-2.87744,1.06982,1.53504
272,-2.87997,1.04787,1.60366
272,-2.91898,0.844041,1.63751
272,-2.88049,1.10989,1.31806
272,-2.86837,0.928056,2.8743
272,-2.94367,0.864776,0.810386
272,-2.868,0.952723,2.84224
272,-2.94438,0.867762,0.81457
272,-2.88584,1.07489,1.54193
272,-2.99932,0.416447,1.80466
272,-2.88672,1.07098,1.59721
272,-2.90308,0.972154,1.66527
272,-2.97558,0.560192,1.86674
272,-2.88645,1.10765,1.66785
272,-2.98206,0.562457,1.84675
272,-2.97406,0.609009,1.87127
272,-2.91701,0.976148,1.6886
272,-2.91017,1.06525,1.43365
272,-2.90405,1.08825,1.57272
272,-2.94816,0.851539,1.6756
272,-2.9014,0.947882,2.90021
272,-3.10167,0.307309,0.192205
272,-2.95795,0.855945,1.67852
272,-2.92408,0.958431,2.84728
272,-2.98538,0.827327,1.66983
272,-2.99211,0.823701,1.67561
272,-3.00152,0.83974,1.66818
272,-2.93993,1.04336,2.82939
272,-3.01284,0.835555,1.66923
272,-3.00908,0.861009,1.75812
272,-3.02838,0.839212,1.69329
272,-3.16248,0.367151,0.187594
272,-3.03459,0.848313,1.70202
272,-3.03646,0.841577,1.69445
272,-2.96489,1.31955,1.3283
272,-3.18717,0.306727,0.168683
272,-2.96956,1.06642,2.93198
272,-2.97715,1.28944,1.31823
272,-3.19181,0.305927,0.19745
272,-3.04748,0.851514,1.71862
272,-3.05096,0.853884,1.72367
272,-3.10177,0.592423,1.86142
272,-3.05817,0.860498,1.76511
272,-2.99937,1.29799,1.30987
272,-2.99816,1.07295,2.93601
272,-3.21321,0.307842,0.918394
272,-3.2286,0.373148,0.169975
272,-3.16022,0.741938,1.91022
272,-3.31141,0.332011,0.894859
272,-3.36543,0.336648,0.885071
272,-3.2988,0.817863,1.91057
272,-3.35133,0.823349,1.95031
272,-3.49983,0.380052,0.900343
272,-3.4001,2.06022,1.41725
272,-16.2388,-0.267239,0.103952
272,-1.71152,-0.34318,1.59064
271,-1.71152,-0.34318,1.59064
272,-2.7749,-0.160543,1.81503
271,-2.7749,-0.160543,1.81503
272,-0.027099,-0.056798,1.21835
271,-0.027099,-0.056798,1.21835
272,-2.98319,0.390241,1.8545
271,-2.98319,0.390241,1.8545
272,-3.4619,2.70633,1.3911
271,-3.4619,2.70633,1.3911
272,-2.95055,-0.627063,1.31546
271,-2.95055,-0.627063,1.31546
272,-3.44123,2.6912,1.39303
271,-3.44123,2.6912,1.39303
272,-2.79657,0.281626,1.81225
271,-2.79657,0.281626,1.81225
272,-2.8353,0.450554,0.282173
271,-2.8353,0.450554,0.282173
272,-3.25847,-0.372912,1.25808
263,-3.25847,-0.372912,1.25808
272,-2.4703,-0.364986,0.647674
263,-2.4703,-0.364986,0.647674
272,-2.70168,-0.386122,0.577091
263,-2.70168,-0.386122,0.577091
272,-2.91594,0.488987,1.85291
263,-2.91594,0.488987,1.85291
272,-3.65562,0.506781,1.97195
263,-3.65562,0.506781,1.97195
272,-2.45663,0.345498,1.65835
264,-2.45663,0.345498,1.65835
272,-2.61209,0.438775,1.67391
264,-2.61209,0.438775,1.67391
272,-2.69008,0.931713,0.788591
264,-2.69008,0.931713,0.788591
272,-2.92438,-0.415393,0.54179
264,-2.92438,-0.415393,0.54179
272,-3.24859,1.24094,0.496099
264,-3.24859,1.24094,0.496099
272,-2.56024,0.395417,1.7776
264,-2.56024,0.395417,1.7776
272,-3.01811,1.04397,0.793368
89,-3.01811,1.04397,0.793368
272,-2.83335,0.519274,0.713893
89,-2.83335,0.519274,0.713893
272,-2.77846,0.505967,0.748248
89,-2.77846,0.505967,0.748248
272,-2.79617,0.441149,0.867618
89,-2.79617,0.441149,0.867618
272,-2.78853,0.436784,0.86096
89,-2.78853,0.436784,0.86096
272,-2.72005,-0.132692,0.395106
89,-2.72005,-0.132692,0.395106
272,-2.9549,0.560013,0.925694
90,-2.9549,0.560013,0.925694
272,-1.79451,-0.903271,0.889805
90,-1.79451,-0.903271,0.889805
272,-2.9826,0.188492,1.64722
63,-2.9826,0.188492,1.64722
272,-2.69693,-0.412858,0.306636
63,-2.69693,-0.412858,0.306636
272,-2.86225,0.535273,0.91601
63,-2.86225,0.535273,0.91601
272,-1.7343,-0.822421,1.25339
63,-1.7343,-0.822421,1.25339
272,-3.27587,-1.67835,0.619661
270,-3.27587,-1.67835,0.619661
272,-2.94478,1.31815,-0.0733304
261,-2.94478,1.31815,-0.0733304
272,-2.94478,1.31815,-0.0733304
261,-2.94478,1.31815,-0.0733304
273,-0.254296,-0.078893,1.19926
273,-1.81019,-0.870645,0.803922
273,-1.88508,-1.05742,1.11349
273,-1.91092,-1.07963,1.01803
273,-1.91288,-1.0582,0.93803
273,-1.90849,-1.0334,1.05151
273,-1.91053,-1.03413,1.04929
273,-2.08869,-0.982606,1.31612
273,-2.08995,-0.957509,1.36417
273,-2.10395,-1.00403,1.31549
273,-2.10061,-0.881016,1.35746
273,-2.19978,-1.26049,1.60241
273,-2.16286,-0.974004,1.38704
273,-2.1544,-0.892426,1.36957
273,-2.24905,-1.25874,1.74569
273,-2.28473,-1.25128,1.85238
273,-2.29772,-1.28948,1.78964
273,-2.28934,-1.25004,1.85042
273,-2.242,-0.930578,1.55604
273,-2.26206,-0.991113,1.52976
273,-2.44559,-1.28489,2.08493
273,-2.44581,-1.00434,2.0478
273,-2.46911,-0.993697,2.04429
273,-2.53255,-1.37242,2.25246
273,-2.56185,-1.38007,2.2587
273,-2.6504,-1.03049,2.32826
273,-2.67295,-1.03918,2.33893
273,-2.5598,-0.312131,1.81176
273,-2.58058,-0.318119,1.79809
273,-2.58284,-0.306258,1.78755
273,-2.74901,-1.01487,2.53161
273,-2.7637,-1.02044,2.53951
273,-2.70299,-0.478403,1.36079
273,-2.71055,-0.491384,1.37281
273,-2.67276,-0.315182,1.82573
273,-2.6911,-0.320068,1.27949
273,-2.7236,-0.399317,0.614416
273,-2.70158,-0.33014,1.30579
273,-2.70013,-0.310861,1.25355
273,-2.73983,-0.479998,1.05319
273,-2.7395,-0.480956,1.07859
273,-2.6803,-0.234947,1.80058
273,-2.73032,-0.493817,1.68756
273,-2.70861,-0.308107,1.24785
273,-2.72825,-0.477483,1.73147
273,-2.68609,-0.233383,1.75755
273,-2.71942,-0.33941,1.29993
273,-2.71769,-0.329114,1.30454
273,-2.75702,-0.437322,0.60013
273,-2.75789,-0.4362,0.599939
273,-2.74536,-0.519184,1.68845
273,-2.719,-0.308663,1.25162
273,-2.72696,-0.313846,1.22062
273,-2.70953,-0.270499,1.80589
273,-2.76074,-0.378331,0.554729
273,-2.77517,-0.452281,0.510093
273,-2.75398,-0.268393,0.337751
273,-2.81863,-0.574188,0.253239
273,-2.78079,-0.393429,0.569553
273,-2.71109,0.0387864,0.344464
273,-2.7533,-0.347449,1.46666
273,-2.72314,-0.225294,1.81185
273,-2.82692,-0.574048,0.250505
273,-2.72293,0.0660194,0.336574
273,-2.8129,-0.429501,0.279165
273,-2.79242,-0.314236,0.349282
273,-2.80463,-0.3677,0.264876
273,-2.76134,-0.22214,1.06294
273,-2.67365,0.312105,0.877187
273,-2.82445,-0.415223,0.275134
273,-2.84577,-0.523621,0.384186
273,-2.8172,-0.325268,0.334723
273,-2.79639,-0.202953,0.323464
273,-2.69127,0.31268,0.874995
273,-2.83595,-0.412466,0.265754
273,-2.86398,-0.534899,0.346605
273,-2.79519,-0.135902,0.32244
273,-2.82672,-0.308267,0.34242
273,-2.74046,-0.0274994,1.84012
273,-2.83144,-0.305551,0.264969
273,-2.74036,-0.0112634,1.84637
273,-2.84486,-0.370033,0.250979
273,-2.79464,-0.176363,0.911259
273,-2.84729,-0.370512,0.258926
273,-2.83375,-0.299168,0.329244
273,-2.7486,-0.0204735,1.83591
273,-2.74458,0.0173732,1.74722
273,-2.74445,0.016683,1.76627
273,-2.75466,0.179144,0.328268
273,-2.78907,-0.221226,1.83624
273,-2.7668,0.134641,0.325488
273,-2.80607,-0.296499,1.82823
273,-2.80992,-0.296875,1.83543
273,-2.74387,0.293112,0.329196
273,-2.81632,-0.177851,0.903413
273,-2.75926,0.240849,0.340791
273,-2.74106,0.255337,1.05241
273,-2.76922,0.204942,0.300468
273,-2.73924,0.233652,1.33546
273,-2.78102,0.14448,0.323485
273,-2.74088,0.286847,0.951518
273,-2.79936,-0.045092,1.06045
273,-2.8272,-0.0897932,0.311724
273,-2.81912,-0.0444605,0.313247
273,-2.74522,0.170655,1.86813
273,-2.83027,-0.299045,1.87837
273,-2.81236,-0.160568,1.84302
273,-2.76659,0.316075,0.309507
273,-2.75914,0.256316,1.04944
273,-2.81764,-0.164429,1.84644
273,-2.85042,-0.123545,0.331862
273,-2.81946,-0.044788,1.02907
273,-2.81984,-0.0395152,1.06149
273,-2.84192,-0.138331,1.0286
273,-2.87392,-0.202944,0.273017
273,-2.81917,0.104422,0.290076
273,-2.82738,-0.0455403,1.02464
273,-2.82054,-0.119407,1.84372
273,-2.78316,0.312346,0.316711
273,-2.81903,0.120284,0.282041
273,-2.82879,-0.0388658,1.05581
273,-2.80132,0.0147269,1.85577
273,-2.82626,0.105222,0.28527
273,-2.80103,0.0608978,1.7404
273,-2.82318,0.122048,0.538014
273,-2.86846,-0.173395,0.904583
273,-2.83139,0.1245,0.284277
273,-2.8178,0.0190731,1.75231
273,-2.80466,0.201756,1.00936
273,-2.81126,0.0652568,1.75416
273,-2.79337,0.303189,0.833989
273,-2.80243,0.134743,1.75714
273,-2.89484,-0.162979,0.265562
273,-2.88951,-0.122384,0.252855
273,-2.82624,0.0163116,1.84794
273,-2.82827,0.0238575,1.84224
273,-2.844,0.166136,0.278384
273,-2.82488,0.0997087,1.72389
273,-2.84427,0.19886,0.28689
273,-2.79146,0.276152,1.87229
273,-2.85596,0.147498,0.28159
273,-2.82774,0.0869057,1.8532
273,-2.81416,0.197312,1.67007
273,-2.8616,0.146741,0.27436
273,-2.86126,0.155902,0.283691
273,-2.87215,0.122883,0.579772
273,-2.79916,0.479888,1.1015
273,-2.87852,0.157562,0.287804
273,-2.80186,0.480765,1.09344
273,-2.85419,0.108125,1.84666
273,-2.81968,0.442627,0.884336
273,-2.82464,0.428981,0.86313
273,-2.80475,0.530012,1.1105
273,-2.84138,0.292594,1.83271
273,-2.80864,0.512641,1.83091
273,-2.84702,0.43683,0.867109
273,-2.83099,0.513972,1.0365
273,-2.86129,0.244846,1.8026
273,-2.81792,0.484521,1.84128
273,-2.82271,0.468836,1.84923
273,-2.83221,0.529478,1.07702
273,-2.9,0.176299,0.922672
273,-2.83825,0.527923,0.91545
273,-2.83889,0.532936,1.02024
273,-2.83998,0.532673,1.03629
273,-2.87645,0.450066,0.272684
273,-2.88226,0.249275,1.76614
273,-2.84274,0.470426,1.85595
273,-2.85717,0.540011,0.937923
273,-2.87135,0.52138,0.732211
273,-2.85118,0.487065,1.83145
273,-2.91006,0.168113,1.75225
273,-2.89071,0.490196,0.280336
273,-2.88205,0.488721,0.642023
273,-2.91859,0.176765,1.57955
273,-2.88757,0.455666,0.919978
273,-2.90864,0.448574,0.271694
273,-2.86373,0.496428,1.84811
273,-2.91539,0.438584,0.251154
273,-2.87543,0.479994,1.6215
273,-2.86783,0.508047,1.84979
273,-2.87392,0.632551,0.806812
273,-2.89936,0.564808,0.282682
273,-2.9319,0.188269,1.67799
273,-2.87253,0.638798,0.86431
273,-2.92029,0.45935,0.258939
273,-2.86763,0.641565,1.08868
273,-2.90421,0.365596,1.85896
273,-2.8817,0.727723,0.289618
273,-2.91252,0.5712,0.274719
273,-2.91273,0.569445,0.300131
273,-2.95017,0.179198,1.60829
273,-2.89135,0.478572,1.87853
273,-2.86984,0.617755,1.85061
273,-2.95295,0.191728,1.65626
273,-2.97612,0.190144,0.789987
273,-2.91451,0.510003,1.0096
273,-2.97955,0.182435,0.823782
273,-2.87633,0.616605,1.85313
273,-2.97963,0.181723,0.844378
273,-2.91712,0.50864,1.06885
273,-2.89403,0.649286,1.09136
273,-2.91405,0.544576,1.06988
273,-2.90991,0.684979,0.273749
273,-2.97191,0.160424,1.66528
273,-2.96833,0.187593,1.63167
273,-2.91587,0.711942,0.287888
273,-2.90423,0.589436,1.86494
273,-2.91324,0.583146,1.86623
273,-2.90093,0.654546,1.86594
273,-3.01405,0.178846,0.799854
273,-2.99106,0.18862,1.64431
273,-2.9164,0.593317,1.86484
273,-2.90544,0.658585,1.86987
273,-3.01804,0.187135,0.816084
273,-3.02956,0.1842,0.841357
273,-3.03299,0.185662,0.810773
273,-2.95803,0.566367,1.87094
273,-2.94813,0.626495,1.87314
273,-2.90198,1.11902,0.250444
273,-2.9715,1.04726,0.941963
273,-2.96404,1.11425,1.04908
273,-2.99812,1.03419,0.960916
273,-3.00506,1.11758,0.260206
273,-3.01346,1.12268,0.255007
273,-3.01229,0.934782,1.64222
273,-3.0149,0.928519,1.62754
273,-2.98682,1.14331,1.27714
273,-3.00591,1.11578,0.958732
273,-3.0133,1.16513,0.38498
273,-3.00231,1.15053,1.2554
273,-3.02681,1.06911,0.938428
273,-3.02804,1.14747,0.40327
273,-3.01736,1.14887,0.997889
273,-3.05308,0.940651,1.67676
273,-3.05225,1.11718,0.972282
273,-3.05578,1.15131,0.661633
273,-3.05215,1.12235,1.06127
273,-3.06764,1.14121,0.371193
273,-3.0599,1.09914,0.997971
273,-3.02166,1.30566,1.07475
273,-3.04573,1.11756,1.45319
273,-3.06068,1.11864,1.03839
273,-3.06589,1.11227,0.953192
273,-3.07038,1.11184,0.965267
273,-3.07815,1.10421,0.945138
273,-3.07643,1.13603,0.997404
273,-3.03309,1.35311,1.33681
273,-3.1562,0.603776,1.87541
273,-3.08663,1.12219,1.0068
273,-3.13722,0.716371,1.91527
273,-3.09606,1.11173,1.02388
273,-3.11217,0.961034,1.60719
273,-2.88792,2.26329,1.35449
273,-3.10463,1.11488,0.940688
273,-3.05971,1.32761,1.32728
273,-3.12019,0.965522,1.55381
273,-3.10779,1.11422,1.00534
273,-3.107,1.13578,1.04018
273,-3.1216,1.10163,0.928011
273,-3.11427,1.13666,0.985584
273,-3.12817,0.965349,1.65264
273,-3.12448,1.12545,0.94379
273,-3.1376,0.980774,1.50679
273,-3.12271,1.1373,1.07905
273,-3.12924,1.14966,0.875367
273,-3.12679,1.17888,1.07983
273,-3.12519,1.14861,1.45268
273,-3.10742,1.34331,1.08678
273,-3.14065,1.16348,1.11664
273,-3.16925,1.15218,1.00885
273,-3.19473,1.03461,0.919814
273,-3.21367,1.09971,0.195882
273,-3.24901,1.05635,0.914906
273,-3.243,1.19755,0.213837
273,-3.2555,1.06157,0.888123
273,-3.25925,1.1458,0.182206
273,-3.26079,0.941277,1.66607
273,-3.24813,1.06676,1.59202
273,-3.26702,1.01917,1.50955
273,-3.27799,1.13541,0.766738
273,-3.28772,1.02739,1.76396
273,-3.30745,0.967259,1.71857
273,-3.32678,1.16844,0.445902
273,-3.32964,1.09778,0.850306
273,-3.46042,1.12724,0.874977
273,-3.49578,0.979314,1.76668
273,-3.52619,0.831271,1.99232
273,-3.52539,0.949482,1.81747
273,-3.59897,1.0529,0.113312
273,-3.61097,0.905185,1.9923
273,-4.38267,1.39079,0.510305
273,-4.55384,1.45114,0.461171
273,-4.33,2.6518,1.48348
273,-4.64744,1.45793,0.582288
273,-4.68237,1.46924,0.531431
273,-5.4125,1.60871,0.473978
273,-5.43532,1.61472,0.514698
273,-5.46719,1.62461,0.523868
273,-2.65614,-0.53853,0.317684
271,-2.65614,-0.53853,0.317684
273,-3.19845,0.491846,1.9218
271,-3.19845,0.491846,1.9218
273,-2.93361,0.419448,1.86942
271,-2.93361,0.419448,1.86942
273,-2.96987,-0.189381,1.8886
271,-2.96987,-0.189381,1.8886
273,-2.61937,0.381208,1.80235
271,-2.61937,0.381208,1.80235
273,-3.2937,2.58991,1.39464
271,-3.2937,2.58991,1.39464
273,-2.82782,0.101039,1.82809
271,-2.82782,0.101039,1.82809
273,-2.5967,-0.309584,1.81329
271,-2.5967,-0.309584,1.81329
273,-2.75768,-0.450575,1.82828
271,-2.75768,-0.450575,1.82828
273,-3.02312,0.999007,0.243905
263,-3.02312,0.999007,0.243905
273,-3.01739,1.00435,0.259529
263,-3.01739,1.00435,0.259529
273,-2.83636,0.437676,1.88795
263,-2.83636,0.437676,1.88795
273,-2.94006,0.130632,0.548116
263,-2.94006,0.130632,0.548116
273,-2.82025,0.17628,0.894561
263,-2.82025,0.17628,0.894561
273,-2.83854,0.863453,1.57521
263,-2.83854,0.863453,1.57521
273,-2.84447,0.869457,1.53796
263,-2.84447,0.869457,1.53796
273,-2.49769,0.937954,1.13957
263,-2.49769,0.937954,1.13957
273,-2.66808,0.814676,1.53336
263,-2.66808,0.814676,1.53336
273,-2.51248,0.882539,0.983081
263,-2.51248,0.882539,0.983081
273,-2.99544,0.915819,1.54242
263,-2.99544,0.915819,1.54242
273,-2.5918,0.958956,1.54512
263,-2.5918,0.958956,1.54512
273,-2.91285,0.130259,0.601164
263,-2.91285,0.130259,0.601164
273,-2.5917,0.926306,1.53072
263,-2.5917,0.926306,1.53072
273,-2.6395,0.755319,0.870967
263,-2.6395,0.755319,0.870967
273,-3.13461,0.499829,0.859088
263,-3.13461,0.499829,0.859088
273,-2.90698,0.180837,0.648383
263,-2.90698,0.180837,0.648383
273,-2.93404,0.207466,0.327139
263,-2.93404,0.207466,0.327139
273,-2.75933,1.05353,1.32341
263,-2.75933,1.05353,1.32341
273,-2.81968,1.08202,1.35695
263,-2.81968,1.08202,1.35695
273,-2.91309,0.180427,0.648102
263,-2.91309,0.180427,0.648102
273,-2.78566,1.23306,1.32561
263,-2.78566,1.23306,1.32561
273,-2.6622,0.947401,0.764026
263,-2.6622,0.947401,0.764026
273,-3.34362,1.21625,1.05682
263,-3.34362,1.21625,1.05682
273,-2.3637,0.835282,1.02942
263,-2.3637,0.835282,1.02942
273,-3.11501,1.093,0.609421
263,-3.11501,1.093,0.609421
273,-2.72497,0.017684,1.75674
263,-2.72497,0.017684,1.75674
273,-2.51766,0.902046,0.791064
263,-2.51766,0.902046,0.791064
273,-3.06887,1.10577,0.797169
263,-3.06887,1.10577,0.797169
273,-2.64144,0.978826,0.889694
263,-2.64144,0.978826,0.889694
273,-2.71487,0.840675,0.360731
264,-2.71487,0.840675,0.360731
273,-2.77478,0.886915,1.50666
264,-2.77478,0.886915,1.50666
273,-2.63923,0.841694,1.50799
264,-2.63923,0.841694,1.50799
273,-2.78434,0.889335,1.54156
264,-2.78434,0.889335,1.54156
273,-2.88513,0.924275,1.58169
264,-2.88513,0.924275,1.58169
273,-2.60018,0.810342,0.397842
264,-2.60018,0.810342,0.397842
273,-2.7372,0.835155,1.57651
264,-2.7372,0.835155,1.57651
273,-2.85131,0.871692,1.57802
264,-2.85131,0.871692,1.57802
273,-2.70813,0.860788,1.49502
264,-2.70813,0.860788,1.49502
273,-2.65408,0.848725,1.5058
264,-2.65408,0.848725,1.5058
273,-2.85687,0.82572,1.65275
264,-2.85687,0.82572,1.65275
273,-3.17806,1.22228,1.38406
264,-3.17806,1.22228,1.38406
273,-2.76544,-0.299125,1.83099
264,-2.76544,-0.299125,1.83099
273,-2.71882,0.949641,1.34279
264,-2.71882,0.949641,1.34279
273,-2.78452,0.999537,1.40455
264,-2.78452,0.999537,1.40455
273,-4.68083,1.56394,0.362034
264,-4.68083,1.56394,0.362034
273,-3.59252,1.28404,0.913474
265,-3.59252,1.28404,0.913474
273,-2.72138,1.00009,0.981182
265,-2.72138,1.00009,0.981182
273,-2.9784,0.186504,1.61844
265,-2.9784,0.186504,1.61844
273,-2.66177,0.823425,1.05948
265,-2.66177,0.823425,1.05948
273,-2.8033,0.307197,0.849292
265,-2.8033,0.307197,0.849292
273,-2.76099,-0.396863,0.329703
90,-2.76099,-0.396863,0.329703
273,-2.83631,0.178897,0.89305
63,-2.83631,0.178897,0.89305
273,-3.08231,0.131759,0.229261
63,-3.08231,0.131759,0.229261
273,-2.36565,-1.36613,1.57677
63,-2.36565,-1.36613,1.57677
273,-3.06917,0.157571,1.80337
61,-3.06917,0.157571,1.80337
274,-1.3394,-0.83263,0.326635
274,-1.40392,-0.853622,0.299465
274,-1.44551,-0.760475,0.224454
274,-1.46966,-0.775514,0.269115
274,-1.52966,-0.818742,0.331348
274,-1.54743,-0.835367,0.358858
274,-1.55094,-0.83195,0.359176
274,-1.57435,-0.905942,0.351378
274,-1.56238,-0.815273,0.377658
274,-1.56245,-0.833399,0.351686
274,-1.71939,-1.18651,0.810422
274,-1.56408,-0.818441,0.296388
274,-1.64214,-0.891036,0.618915
274,-1.58027,-0.812982,0.306183
274,-1.58147,-0.809208,0.312358
274,-1.58193,-0.820811,0.282984
274,-1.67429,-0.852548,0.604053
274,-1.58511,-0.731507,0.129106
274,-1.8348,-1.18949,1.05818
274,-1.59479,-0.740145,0.139796
274,-1.83543,-0.878291,0.840054
274,-2.04129,-1.21363,1.49943
274,-2.01882,-1.24126,1.28336
274,-1.93278,-0.93672,1.06163
274,-1.93151,-0.924677,1.04911
274,-1.92306,-1.05015,0.851969
274,-1.94756,-1.10498,0.934611
274,-2.07136,-1.22776,1.50909
274,-1.93408,-1.09006,0.849713
274,-1.90063,-1.05966,0.674066
274,-1.89826,-1.05935,0.632608
274,-1.92403,-1.08663,0.6993
274,-2.07046,-1.24125,1.3688
274,-1.94864,-1.11286,0.782987
274,-1.97463,-0.929915,1.12666
274,-1.92657,-1.10472,0.624543
274,-1.94425,-1.11529,0.702835
274,-2.09964,-1.27781,1.34074
274,-2.11445,-1.28636,1.34772
274,-2.1123,-1.28619,1.31817
274,-2.12002,-1.26061,1.37453
274,-2.04554,-0.870145,1.34685
274,-2.12481,-1.29791,1.31385
274,-2.17897,-1.25664,1.62605
274,-2.07325,-0.91353,1.37243
274,-2.06187,-0.898797,1.31981
274,-2.0891,-0.926654,1.35463
274,-2.09491,-0.973302,1.32945
274,-2.21803,-1.25133,1.74173
274,-2.24669,-0.985676,1.50905
274,-2.25397,-0.986743,1.534
274,-2.26584,-1.00205,1.52266
274,-2.32436,-1.01468,1.61599
274,-2.32862,-0.999444,1.63008
274,-2.65387,-0.491571,1.81017
274,-2.69552,-0.493556,1.8221
274,-2.69215,-0.441597,1.8103
274,-2.70248,-0.488045,1.74068
274,-2.70161,-0.487986,1.72656
274,-2.70476,-0.494101,1.71384
274,-2.71201,-0.480069,1.76821
274,-2.72471,-0.446634,1.86688
274,-2.68747,-0.18731,1.90781
274,-2.72227,-0.446249,1.77559
274,-2.69066,-0.272241,1.76321
274,-2.72252,-0.446153,1.74047
274,-2.72244,-0.446064,1.71222
274,-2.71256,-0.207749,1.88388
274,-2.74984,-0.397702,1.86229
274,-2.71841,-0.185492,1.88702
274,-2.71864,-0.211733,1.84377
274,-2.7158,-0.184815,1.84415
274,-2.74517,-0.353418,1.81063
274,-2.76138,-0.447982,1.78017
274,-2.76177,-0.447895,1.74603
274,-2.7626,-0.447854,1.72043
274,-2.76238,-0.447713,1.6773
274,-2.76187,-0.26148,1.80334
274,-2.77588,-0.448297,1.67418
274,-2.77886,-0.235277,1.81948
274,-2.77129,-0.234798,1.77484
274,-2.72032,-0.470919,1.08816
274,-2.79769,-0.167823,1.87198
274,-2.76895,-0.163239,1.70064
274,-2.83124,-0.316743,1.86507
274,-2.76583,-0.149877,1.6582
274,-2.81274,-0.114553,1.86334
274,-2.85558,-0.278738,1.87328
274,-2.77185,0.100189,1.79654
274,-2.70653,-0.179527,1.08501
274,-2.81321,-0.135651,1.72205
274,-2.77099,-0.459463,1.11003
274,-2.87596,-0.286655,1.91389
274,-2.78483,0.075169,1.74495
274,-2.78184,0.0756208,1.71961
274,-2.7948,0.106591,1.82352
274,-2.78628,0.0985214,1.75738
274,-2.80081,0.106969,1.8371
274,-2.78702,0.101602,1.74722
274,-2.78718,0.102058,1.73481
274,-2.78676,0.099704,1.72524
274,-2.82953,-0.0243753,1.83625
274,-2.78935,0.0710545,1.68923
274,-2.74012,-0.223451,1.05996
274,-2.84053,-0.0159376,1.854
274,-2.82983,-0.00932658,1.78029
274,-2.81653,0.109598,1.83362
274,-2.8552,-0.071306,1.84743
274,-2.75147,-0.223079,1.05682
274,-2.75387,-0.223131,1.06451
274,-2.81044,0.102065,1.75242
274,-2.76607,0.212265,1.60228
274,-2.80257,0.0737342,1.65988
274,-2.85358,-0.0409953,1.82895
274,-2.81097,0.102658,1.73747
274,-2.84151,0.0392567,1.84058
274,-2.75064,-0.144541,1.0519
274,-2.87495,-0.0272215,1.87055
274,-2.82657,0.0947063,1.71966
274,-2.88079,-0.0394778,1.86563
274,-2.77139,-0.219054,1.02389
274,-2.80273,0.212781,1.68196
274,-2.80776,0.212595,1.70808
274,-2.79331,0.214306,1.60439
274,-2.88053,-0.00663275,1.86816
274,-2.83364,0.0784457,1.63898
274,-2.75433,-0.451744,0.563195
274,-2.86443,0.16778,1.84519
274,-2.67995,0.294049,0.830191
274,-2.82431,0.514522,1.86164
274,-2.86625,0.155504,1.68716
274,-2.7612,0.282532,0.998046
274,-2.86837,0.513674,1.86868
274,-2.72953,0.304279,0.821226
274,-2.89446,0.416121,1.88151
274,-2.85972,-0.134286,1.05605
274,-2.89539,0.416818,1.87239
274,-2.786,-0.252127,0.487132
274,-2.87808,0.417559,1.74603
274,-2.88219,0.523988,1.88746
274,-2.76934,-0.264465,0.345912
274,-2.77898,-0.33304,0.320297
274,-2.79533,-0.414605,0.313616
274,-2.78355,-0.364279,0.298903
274,-2.88734,0.419012,1.76069
274,-2.90641,0.44913,1.88639
274,-2.90157,0.470883,1.87556
274,-2.86791,0.477757,1.67898
274,-2.75585,0.286501,0.810292
274,-2.90828,0.45008,1.87743
274,-2.8317,-0.554976,0.294301
274,-2.77344,-0.217598,0.307595
274,-2.80831,-0.421556,0.274563
274,-2.83756,-0.566329,0.285318
274,-2.88239,-0.130289,1.01515
274,-2.77506,-0.223811,0.271576
274,-2.83777,-0.562195,0.264117
274,-2.81682,-0.421948,0.293318
274,-2.91893,0.482608,1.89143
274,-2.9309,0.414493,1.88471
274,-2.80165,-0.314321,0.310749
274,-2.89698,0.590841,1.86716
274,-2.92022,0.483448,1.88229
274,-2.77363,0.288598,0.801302
274,-2.84947,-0.583982,0.264241
274,-2.80324,-0.332162,0.268738
274,-2.80299,-0.291688,0.292637
274,-2.82267,-0.42664,0.257208
274,-2.90994,0.581356,1.88215
274,-2.78298,0.310775,0.837216
274,-2.88515,0.482666,1.61903
274,-2.88455,0.485432,1.6178
274,-2.81208,-0.341029,0.272428
274,-2.80568,-0.304967,0.263349
274,-2.81573,-0.332476,0.290787
274,-2.88678,0.486875,1.60209
274,-2.81136,-0.30518,0.28316
274,-2.86973,-0.389486,0.525057
274,-2.7143,0.302261,0.341449
274,-2.83885,-0.422344,0.250501
274,-2.79464,0.439387,0.941231
274,-2.81151,0.479139,1.07873
274,-2.92674,0.600886,1.87984
274,-2.81218,-0.221122,0.299203
274,-2.86312,-0.350583,0.430992
274,-2.83089,-0.320798,0.26653
274,-2.8282,-0.307702,0.260883
274,-2.94032,0.565654,1.87525
274,-2.82617,-0.259529,0.280131
274,-2.80581,0.442831,0.926329
274,-2.81024,0.525254,1.01893
274,-2.81259,0.445208,0.911718
274,-2.98858,0.197073,1.64683
274,-2.83507,0.494793,1.0597
274,-2.82644,0.628901,1.08296
274,-2.96151,0.634857,1.87286
274,-2.85179,-0.18469,0.297835
274,-2.83755,0.442841,0.904645
274,-2.82497,0.117865,0.470469
274,-2.80527,0.494582,0.765078
274,-2.85984,0.489475,1.0747
274,-2.8218,0.195576,0.523685
274,-2.80436,0.0918583,0.298086
274,-2.76921,0.30055,0.320988
274,-2.84602,0.131103,0.566398
274,-2.84081,0.634576,1.0892
274,-2.83081,0.123914,0.465612
274,-2.82126,0.509822,0.827299
274,-2.84165,0.52484,0.95725
274,-2.83413,0.530388,0.9116
274,-2.85273,0.520073,1.00037
274,-2.82298,0.517895,0.805539
274,-2.84735,0.637605,1.07208
274,-2.80066,0.188716,0.287539
274,-2.82662,0.524035,0.806885
274,-2.78678,0.310794,0.326817
274,-2.83194,0.0538438,0.30549
274,-2.82574,0.475997,0.696989
274,-2.82343,0.154095,0.306722
274,-2.8149,0.203018,0.29594
274,-2.87183,0.445754,0.891518
274,-2.85453,0.197524,0.508232
274,-2.84959,0.19808,0.472822
274,-2.878,-0.13251,0.263304
274,-2.87094,0.537018,0.953005
274,-2.87152,-0.0694506,0.273321
274,-2.87228,-0.0570282,0.290635
274,-2.85593,0.0882619,0.31855
274,-2.85499,0.478854,0.729846
274,-2.84458,0.124841,0.275643
274,-2.83787,0.191663,0.291959
274,-2.84832,0.162651,0.304642
274,-2.85369,0.0976419,0.258401
274,-2.90341,-0.131244,0.264666
274,-2.90044,-0.130981,0.243294
274,-2.85846,0.15911,0.303077
274,-2.86518,0.149562,0.315419
274,-2.95691,0.178634,0.861319
274,-2.79361,0.543358,0.305281
274,-2.86653,0.162163,0.30565
274,-2.93387,0.510325,1.08166
274,-2.79063,0.552475,0.288125
274,-2.8601,0.198158,0.288554
274,-2.82469,0.401704,0.259374
274,-2.87064,0.517665,0.651991
274,-2.93762,0.55934,1.05322
274,-2.88361,0.159064,0.278808
274,-2.88648,0.158971,0.293009
274,-2.95677,0.518603,1.03582
274,-2.85282,0.452591,0.331827
274,-2.88564,0.511095,0.578554
274,-2.83949,0.550111,0.317702
274,-2.87989,0.33507,0.31154
274,-2.89916,0.206579,0.280207
274,-2.86243,0.441819,0.27958
274,-2.85151,0.496439,0.272832
274,-2.86615,0.417354,0.265651
274,-2.84865,0.496892,0.250994
274,-2.92907,0.104959,0.272643
274,-3.00469,0.195178,0.775672
274,-2.88026,0.445166,0.292806
274,-2.86669,0.506204,0.264473
274,-3.02502,0.177427,0.815492
274,-2.8853,0.459857,0.261366
274,-2.89542,0.459557,0.313524
274,-2.89502,0.451721,0.286188
274,-2.8969,0.466031,0.300213
274,-2.90647,0.456291,0.319677
274,-2.9107,0.50037,0.38386
274,-2.88922,0.502054,0.252539
274,-2.98941,0.0841872,0.310688
274,-3.04068,1.17742,1.72252
274,-2.91075,0.587433,0.300712
274,-3.08931,0.162529,0.83095
274,-2.96412,1.13439,1.13156
274,-3.06073,1.18794,1.70831
274,-3.06378,1.15859,1.61922
274,-3.11581,0.980858,1.70175
274,-3.07936,1.17043,1.67434
274,-3.07458,1.15093,1.54016
274,-3.01744,1.14537,1.08895
274,-3.15652,0.994235,1.73415
274,-3.02639,1.15751,1.10721
274,-3.03575,1.12253,1.1056
274,-3.03245,1.15861,1.12527
274,-3.03753,1.32245,1.31825
274,-3.10864,1.16722,1.54903
274,-3.12235,1.13697,1.55918
274,-3.04901,1.17338,1.15266
274,-3.1425,1.16412,1.60174
274,-3.06551,1.33496,1.31459
274,-3.14804,1.16585,1.60986
274,-3.08198,1.17972,1.13334
274,-2.94078,1.14943,0.267874
274,-2.97988,1.12721,0.294275
274,-2.98493,1.11533,0.269608
274,-2.97984,1.11892,0.232639
274,-2.98374,1.11368,0.234817
274,-3.10791,1.11727,0.947828
274,-3.13063,1.16069,1.09707
274,-3.23224,1.06793,1.58004
274,-3.13809,1.17609,1.12439
274,-3.2412,1.0969,1.6375
274,-3.00211,1.1253,0.266979
274,-3.00402,1.13319,0.282708
274,-3.13431,1.13901,1.02822
274,-3.14218,1.20691,1.12531
274,-3.01923,1.12301,0.278595
274,-3.01565,1.11585,0.245223
274,-3.02023,1.12553,0.273381
274,-3.02973,1.13096,0.304204
274,-3.03692,1.12384,0.278649
274,-3.27683,1.09434,1.59923
274,-3.17217,1.1505,0.95315
274,-3.17668,1.13555,0.928476
274,-3.34348,1.04046,1.64892
274,-3.23575,1.21364,1.03074
274,-3.18304,1.13571,0.629323
274,-3.26283,1.24359,1.07071
274,-3.23049,1.1886,0.785523
274,-3.29515,1.06562,1.0225
274,-3.41955,1.07724,1.49005
274,-3.32208,1.16108,0.773391
274,-3.33482,1.18848,0.772297
274,-3.62367,0.901581,1.98877
274,-3.49198,1.15042,1.47737
274,-3.61426,0.943424,1.9297
274,-3.33052,1.15776,0.183535
274,-3.69323,0.913728,2.02259
274,-3.45148,1.15973,0.865433
274,-3.47777,1.57913,1.37892
274,-3.74925,0.91547,2.06208
274,-3.38715,1.21673,0.181808
274,-3.39647,1.18795,0.168574
274,-3.42603,1.16713,0.149571
274,-3.60243,1.62639,1.3767
274,-3.48728,1.24922,0.148484
274,-3.52777,1.2174,0.143214
274,-3.6349,1.31941,0.488958
274,-3.68874,1.27251,0.126761
274,-3.82656,1.20371,0.0755495
274,-2.74989,-0.497377,1.74533
273,-2.74989,-0.497377,1.74533
274,-2.78075,0.235101,1.65048
273,-2.78075,0.235101,1.65048
274,-3.03757,1.0858,0.927781
273,-3.03757,1.0858,0.927781
274,-2.69043,-0.475794,1.78632
273,-2.69043,-0.475794,1.78632
274,-2.12148,0.551527,0.96687
273,-2.12148,0.551527,0.96687
274,-2.95688,0.200838,1.67254
273,-2.95688,0.200838,1.67254
274,-2.83339,0.293574,1.83037
273,-2.83339,0.293574,1.83037
274,-3.07155,0.958672,1.64289
273,-3.07155,0.958672,1.64289
274,-2.78953,-0.347896,0.478526
273,-2.78953,-0.347896,0.478526
274,-2.68205,-0.166837,1.58326
273,-2.68205,-0.166837,1.58326
274,-2.91723,-0.351823,0.439792
273,-2.91723,-0.351823,0.439792
274,-2.74784,-0.346613,0.491091
273,-2.74784,-0.346613,0.491091
274,-2.83339,0.293574,1.83037
273,-2.83339,0.293574,1.83037
274,-3.62196,0.941695,1.93508
273,-3.62196,0.941695,1.93508
274,-2.64575,0.383517,1.81049
273,-2.64575,0.383517,1.81049
274,-2.90304,0.547017,1.00841
273,-2.90304,0.547017,1.00841
274,-3.09327,0.937962,0.805104
273,-3.09327,0.937962,0.805104
274,-2.87468,0.178666,1.57633
273,-2.87468,0.178666,1.57633
274,-2.91117,0.302498,1.85672
273,-2.91117,0.302498,1.85672
274,-2.77226,-0.49824,1.80982
272,-2.77226,-0.49824,1.80982
274,-3.00268,0.513344,1.74732
272,-3.00268,0.513344,1.74732
274,-2.8005,-0.499924,1.77215
272,-2.8005,-0.499924,1.77215
274,-2.72748,-0.475076,1.6951
272,-2.72748,-0.475076,1.6951
274,-3.08584,1.16875,1.05573
272,-3.08584,1.16875,1.05573
274,-2.79536,-0.502302,1.69692
272,-2.79536,-0.502302,1.69692
274,-2.81575,-0.262364,0.353622
272,-2.81575,-0.262364,0.353622
274,-2.82192,0.391188,1.76101
272,-2.82192,0.391188,1.76101
274,-2.75689,-0.108539,1.90013
271,-2.75689,-0.108539,1.90013
274,-3.04046,0.420729,1.89223
271,-3.04046,0.420729,1.89223
274,-2.85034,-0.50635,1.74338
271,-2.85034,-0.50635,1.74338
274,-1.86236,-1.02021,0.873459
271,-1.86236,-1.02021,0.873459
274,-2.77043,0.972063,0.939311
263,-2.77043,0.972063,0.939311
274,-2.84468,0.941955,0.30722
263,-2.84468,0.941955,0.30722
274,-2.89665,1.10601,1.71038
263,-2.89665,1.10601,1.71038
274,-2.92694,0.303961,1.86826
263,-2.92694,0.303961,1.86826
274,-2.76673,0.285162,1.84873
263,-2.76673,0.285162,1.84873
274,-2.69285,0.105364,0.45492
263,-2.69285,0.105364,0.45492
274,-2.77925,0.15643,0.876665
263,-2.77925,0.15643,0.876665
274,-2.75123,0.291181,1.83048
263,-2.75123,0.291181,1.83048
274,-3.2396,0.181341,0.80332
263,-3.2396,0.181341,0.80332
274,-3.03455,0.546884,1.05331
264,-3.03455,0.546884,1.05331
274,-2.96343,0.826441,0.837257
264,-2.96343,0.826441,0.837257
274,-2.69348,-0.211867,1.81946
264,-2.69348,-0.211867,1.81946
274,-2.5616,-0.378312,1.81638
265,-2.5616,-0.378312,1.81638
274,-2.83739,-0.318698,0.296567
265,-2.83739,-0.318698,0.296567
274,-2.89618,0.331305,0.826258
265,-2.89618,0.331305,0.826258
274,-2.73192,0.942243,0.857385
63,-2.73192,0.942243,0.857385
274,-3.48035,0.981547,1.73729
63,-3.48035,0.981547,1.73729
274,-1.82517,-0.911374,0.813432
63,-1.82517,-0.911374,0.813432
274,-2.84921,0.502066,0.620989
63,-2.84921,0.502066,0.620989
274,-1.76425,-1.07071,0.874226
270,-1.76425,-1.07071,0.874226
274,-1.72975,-0.870886,0.580476
270,-1.72975,-0.870886,0.580476
275,-0.09639,-0.0637745,0.669329
275,-0.447916,0.165445,0.370543
275,-0.510535,-0.0592395,0.349464
275,-0.735076,0.371875,0.0744884
275,-1.09667,-1.16369,-0.077951
275,-1.25027,-1.1684,0.207569
275,-1.17674,-1.27951,-0.116759
275,-1.18633,-1.29034,-0.12334
275,-1.17262,-1.14299,-0.0928351
275,-1.3823,-1.20914,0.241629
275,-1.40231,-1.29932,0.232378
275,-1.35414,-0.843616,0.277761
275,-1.45607,-1.1618,0.370997
275,-1.45253,-1.28892,0.294692
275,-1.46151,-1.17088,0.355002
275,-1.43169,-1.23633,0.251037
275,-1.39408,-1.23728,0.147644
275,-1.36942,-0.852493,0.264935
275,-1.37295,-1.16008,0.124009
275,-1.47343,-1.17576,0.354884
275,-1.47658,-1.30406,0.294052
275,-1.42778,-1.1717,0.222139
275,-1.50028,-1.23861,0.350735
275,-1.40631,-1.17045,0.157047
275,-1.43488,-1.17209,0.223472
275,-1.43048,-1.17577,0.204038
275,-1.43132,-1.17441,0.205164
275,-1.23646,-0.817757,-0.134492
275,-1.38608,-0.862556,0.190903
275,-1.2381,-0.825128,-0.146
275,-1.25312,-0.81745,-0.114006
275,-1.62866,-1.19317,0.605104
275,-1.24262,-0.823179,-0.145191
275,-1.25025,-0.81014,-0.129581
275,-1.58391,-0.880834,0.616582
275,-1.37919,-0.753864,0.175915
275,-1.26914,-0.812315,-0.137512
275,-1.27465,-0.812014,-0.144043
275,-1.85975,-1.21329,1.04291
275,-1.89417,-1.23491,1.07637
275,-1.90244,-1.24083,1.06712
275,-1.90343,-1.24262,1.05965
275,-1.81727,-1.2376,0.848518
275,-1.55838,-0.816186,0.363737
275,-1.67623,-0.908044,0.597829
275,-2.02444,-1.32068,1.23396
275,-1.78379,-0.910084,0.847749
275,-1.67361,-0.86029,0.599886
275,-1.78748,-0.917151,0.839669
275,-1.88303,-0.930479,1.05705
275,-1.50784,-0.829313,0.199702
275,-1.9256,-1.1228,1.04336
275,-1.93717,-1.12464,1.05061
275,-1.91341,-0.932204,1.07875
275,-1.93503,-1.09283,1.05076
275,-1.49838,-0.826352,0.125796
275,-1.59445,-0.822665,0.349291
275,-1.82416,-0.935838,0.842301
275,-1.58255,-0.813745,0.302124
275,-1.58894,-0.830915,0.296827
275,-2.08488,-1.34647,1.23359
275,-1.71273,-0.904513,0.550375
275,-1.8218,-0.922883,0.80004
275,-1.61124,-0.84763,0.333394
275,-1.59154,-0.811806,0.300529
275,-1.59466,-0.834662,0.294581
275,-1.71973,-0.897574,0.559891
275,-1.72354,-0.901672,0.55726
275,-1.5988,-0.821403,0.273026
275,-1.63255,-0.851798,0.313097
275,-1.56896,-0.789534,0.177862
275,-1.63926,-0.853835,0.314905
275,-1.62718,-0.848071,0.283503
275,-1.96736,-0.896221,1.06895
275,-1.94872,-1.1096,0.914696
275,-1.78955,-0.910488,0.609335
275,-1.89088,-1.04406,0.776778
275,-1.65088,-0.850957,0.273306
275,-1.64868,-0.832734,0.261917
275,-1.98438,-1.07119,0.864032
275,-2.00602,-1.17614,0.862591
275,-1.97074,-1.15817,0.773442
275,-1.93782,-1.09904,0.698113
275,-1.94163,-1.0707,0.715017
275,-1.90832,-1.07201,0.618173
275,-1.69353,-0.86249,0.101698
275,-1.72908,-0.871659,0.0876157
275,-1.5271,0.816148,-0.607055
275,-1.61857,0.457529,-0.585637
275,-1.62645,0.412295,-0.591537
275,-1.53553,0.825552,-0.627976
275,-1.58355,0.723885,-0.595912
275,-1.66905,0.256048,-0.621156
275,-1.55083,0.9413,-0.591754
275,-1.56047,0.72037,-0.675362
275,-1.62401,0.558901,-0.649875
275,-1.54035,1.00509,-0.656667
275,-1.65765,0.390964,-0.664601
275,-1.56371,1.05404,-0.608991
275,-1.58473,1.03816,-0.633463
275,-1.58616,1.03682,-0.632205
275,-2.76468,-0.449968,1.09146
275,-1.92401,2.2685,0.328786
275,-2.75288,-0.22842,1.08247
275,-2.76746,-0.224893,1.11327
275,-2.74145,-0.230804,1.03997
275,-2.74016,-0.231702,1.01844
275,-2.75743,-0.22278,1.04144
275,-2.77311,-0.222721,1.04401
275,-2.78506,-0.226598,1.03497
275,-1.98348,2.36104,0.309443
275,-2.78167,-0.137986,1.02747
275,-1.99512,2.37598,0.300382
275,-2.81453,-0.0533168,1.04279
275,-2.7317,-0.454939,0.584316
275,-2.74797,-0.450679,0.574415
275,-2.80685,-0.138243,0.835493
275,-2.83202,0.221106,1.05238
275,-2.75085,-0.453132,0.533864
275,-2.84409,-0.132963,0.899417
275,-2.84331,-0.128091,0.896254
275,-2.73322,-0.507444,0.458232
275,-2.8541,-0.132016,0.898563
275,-2.8644,0.225625,1.04728
275,-2.86077,0.225263,1.02453
275,-2.85846,0.224982,1.01316
275,-2.81866,0.436834,0.955508
275,-2.82987,-0.403171,0.591284
275,-2.84407,-0.43556,0.606981
275,-2.79591,-0.13446,0.629205
275,-2.81156,-0.129076,0.645095
275,-2.80959,-0.131297,0.618717
275,-2.87839,-0.375026,0.61005
275,-2.85804,-0.400537,0.541637
275,-2.85733,-0.405025,0.53759
275,-2.78827,-0.575476,0.290782
275,-2.76689,-0.428138,0.29927
275,-2.75513,-0.306981,0.31013
275,-2.78354,-0.456347,0.308377
275,-2.8499,-0.360444,0.499049
275,-2.75531,-0.273696,0.305203
275,-2.80295,0.51205,0.767952
275,-2.7784,-0.429593,0.269294
275,-2.76016,-0.274495,0.276985
275,-2.79742,-0.427779,0.293964
275,-2.81195,-0.578442,0.256406
275,-2.78177,-0.298344,0.299064
275,-2.78228,-0.298701,0.289931
275,-2.80808,-0.415698,0.289399
275,-2.89313,0.452921,0.892562
275,-2.80153,-0.42946,0.26282
275,-2.89919,0.467695,0.908216
275,-2.81404,-0.41005,0.294791
275,-2.80713,-0.427288,0.268419
275,-2.91525,0.188136,0.794899
275,-2.72007,0.242391,0.348688
275,-2.72163,0.23987,0.340878
275,-2.79559,-0.198417,0.307484
275,-2.81778,-0.340377,0.292555
275,-2.80238,-0.26433,0.285671
275,-2.82968,0.509782,0.702875
275,-2.82842,-0.341165,0.302759
275,-2.83104,-0.366918,0.289541
275,-2.80945,-0.163998,0.329295
275,-2.82692,-0.414737,0.245301
275,-2.83471,-0.339897,0.286473
275,-2.74798,0.296246,0.342717
275,-2.85455,-0.362533,0.274694
275,-2.74071,0.389541,0.341176
275,-2.82573,-0.262728,0.239253
275,-2.87945,-0.418147,0.293804
275,-2.84636,-0.197122,0.310532
275,-2.81273,-0.0933064,0.273471
275,-2.81765,-0.0635256,0.296475
275,-3.00399,0.193096,0.853492
275,-2.87423,-0.339163,0.292143
275,-2.84403,-0.170407,0.29205
275,-2.99377,0.195816,0.815963
275,-2.91373,0.652321,0.834961
275,-2.8527,-0.213121,0.277683
275,-2.86073,-0.261247,0.265149
275,-2.76433,0.338906,0.31166
275,-2.76928,0.336079,0.316855
275,-2.83985,0.143471,0.374805
275,-2.84594,-0.127941,0.256547
275,-2.74782,0.469983,0.298231
275,-2.86252,-0.180323,0.265287
275,-2.85781,-0.093427,0.28544
275,-3.01371,0.211963,0.793397
275,-2.83529,0.082734,0.302896
275,-2.83234,0.100313,0.297727
275,-2.82579,0.117611,0.289491
275,-2.83572,0.257317,0.371983
275,-2.82566,0.256127,0.324625
275,-3.04634,0.201149,0.818046
275,-2.84367,0.0929837,0.276387
275,-2.78396,0.473129,0.301538
275,-2.86081,0.127274,0.287414
275,-2.86217,0.160923,0.297051
275,-2.81417,0.473517,0.304882
275,-2.82383,0.402226,0.293871
275,-2.85494,0.159968,0.251912
275,-2.88617,0.095216,0.27288
275,-2.89994,0.0986149,0.296784
275,-3.04183,1.13355,1.11152
275,-2.82444,0.560652,0.32722
275,-3.0992,0.177176,0.802172
275,-2.91665,0.157353,0.31865
275,-3.07505,1.18507,1.13712
275,-2.92016,0.126125,0.276539
275,-3.08493,1.14866,1.12972
275,-2.86729,0.423317,0.274493
275,-3.07531,1.13725,1.08812
275,-3.1012,1.16545,1.15042
275,-3.10889,1.19414,1.14011
275,-3.1534,1.16419,1.09025
275,-3.16458,1.18611,1.12086
275,-3.1639,1.15853,1.05121
275,-3.1671,1.20263,1.06425
275,-3.26678,1.23817,1.18807
275,-3.27556,1.22489,1.15036
275,-3.21926,1.16984,0.918148
275,-3.00563,1.13858,0.248166
275,-3.0161,1.14,0.249919
275,-3.09815,0.696981,0.228196
275,-3.09985,0.723726,0.22678
275,-3.04139,1.12455,0.244146
275,-3.03578,1.13282,0.228078
275,-3.06867,1.13936,0.296973
275,-3.05262,1.1443,0.260918
275,-3.06032,1.13742,0.23446
275,-3.48814,0.244033,0.73938
275,-3.33429,1.26929,0.792867
275,-3.34454,1.23054,0.771522
275,-3.47428,1.15032,0.897727
275,-3.46845,1.19731,0.883664
275,-3.42387,1.19571,0.763558
275,-3.39522,1.21704,0.552574
275,-3.33665,1.1187,0.233541
275,-3.55025,1.28545,0.756029
275,-5.43344,1.82367,0.570461
275,-5.70508,1.78412,0.619652
275,-4.6605,2.78081,-3.33768
275,-2.46568,-0.554666,0.362472
274,-2.46568,-0.554666,0.362472
275,-1.99679,-0.93637,1.12055
274,-1.99679,-0.93637,1.12055
275,-2.4161,0.0826185,0.439615
274,-2.4161,0.0826185,0.439615
275,-1.83757,-0.882927,0.822853
274,-1.83757,-0.882927,0.822853
275,-3.40195,-0.504671,1.04606
274,-3.40195,-0.504671,1.04606
275,-2.81298,0.145523,0.320046
274,-2.81298,0.145523,0.320046
275,-2.82325,0.477337,0.69076
274,-2.82325,0.477337,0.69076
275,-2.82325,0.477337,0.69076
274,-2.82325,0.477337,0.69076
275,-2.93001,0.553553,0.925645
274,-2.93001,0.553553,0.925645
275,-3.26032,1.245,1.06435
274,-3.26032,1.245,1.06435
275,-3.18005,1.13473,0.610856
274,-3.18005,1.13473,0.610856
275,-3.26032,1.245,1.06435
274,-3.26032,1.245,1.06435
275,-2.80168,0.162019,0.86493
273,-2.80168,0.162019,0.86493
275,-2.94299,-0.399905,0.51893
273,-2.94299,-0.399905,0.51893
275,-2.788,1.0104,1.05651
273,-2.788,1.0104,1.05651
275,-2.7379,-0.327566,1.29266
273,-2.7379,-0.327566,1.29266
275,-2.6819,-0.138522,0.379822
273,-2.6819,-0.138522,0.379822
275,-1.02121,-0.0356299,0.932752
273,-1.02121,-0.0356299,0.932752
275,-2.69822,0.969773,1.01814
273,-2.69822,0.969773,1.01814
275,-3.13109,1.16588,1.11143
273,-3.13109,1.16588,1.11143
275,-2.75744,0.110141,0.851992
63,-2.75744,0.110141,0.851992
275,-2.93831,0.537595,0.935692
63,-2.93831,0.537595,0.935692
275,-2.6497,0.935521,0.849836
63,-2.6497,0.935521,0.849836
275,-1.94668,-0.92479,1.13209
63,-1.94668,-0.92479,1.13209
275,-2.85473,-0.275153,0.26415
63,-2.85473,-0.275153,0.26415
275,-2.42353,0.806044,0.760631
91,-2.42353,0.806044,0.760631
275,-2.9486,1.3244,-0.0839962
91,-2.9486,1.3244,-0.0839962
275,-2.76519,-0.55497,0.292307
271,-2.76519,-0.55497,0.292307
275,-2.98362,-0.59201,0.207767
268,-2.98362,-0.59201,0.207767
275,-1.84277,-1.11304,0.610413
64,-1.84277,-1.11304,0.610413
276,0.265423,-0.255324,0.977711
276,0.154019,-0.289373,0.780789
276,0.152806,-0.286196,0.780225
276,0.00254631,-0.59152,0.719099
276,-0.0931485,-0.0873283,0.54767
276,-0.108286,-0.0800938,0.563695
276,0.0665545,0.130593,0.284323
276,0.0651968,0.140105,0.281841
276,0.064748,0.140124,0.273847
276,0.0579257,0.151587,0.262772
276,0.0409365,0.179757,0.228948
276,0.0316693,0.176663,0.227592
276,-0.210841,-0.101906,0.480157
276,-0.592651,-0.580676,0.820444
276,-0.352679,-0.569711,0.315361
276,-0.370063,-0.231631,0.314348
276,-0.394431,-0.232943,0.287725
276,-0.405528,-0.238823,0.271996
276,-0.394862,-0.632179,0.0929947
276,-0.410037,-0.0270376,0.304522
276,-0.417923,-0.370921,0.178955
276,-0.42907,-0.37842,0.163213
276,-0.443531,-0.282124,0.202328
276,-0.445948,-0.282186,0.201172
276,-0.489635,-0.0745764,0.188292
276,-0.515008,-0.284617,0.128503
276,-0.537024,-0.300831,0.0989214
276,-0.627778,-1.021,0.0118247
276,-0.670435,-1.03086,-0.0171627
276,-1.30834,-1.018,0.871521
276,-0.596582,0.311512,0.15397
276,-0.662154,-1.02904,-0.335403
276,-0.706664,-1.3007,-0.38167
276,-0.708992,-1.29919,-0.379874
276,-0.709105,-1.05049,-0.34054
276,-0.754228,0.0730201,0.0657039
276,-0.842888,-1.08697,-0.175705
276,-0.742529,-1.31785,-0.426394
276,-0.736339,-1.02706,-0.350733
276,-0.97871,-0.320541,0.217793
276,-1.45075,-1.12529,0.68662
276,-1.60378,-1.18368,0.865279
276,-1.49293,-1.1472,0.681624
276,-0.791787,-1.04447,-0.402057
276,-1.48116,-1.16152,0.636569
276,-1.59669,-1.1562,0.817405
276,-0.822079,0.144705,-0.0011425
276,-0.921965,-1.11924,-0.248951
276,-1.48383,-1.16072,0.62087
276,-1.66314,-1.18321,0.895367
276,-1.59813,-0.913411,0.869222
276,-0.889994,-0.757493,-0.196709
276,-0.924289,-1.11962,-0.258294
276,-0.929673,-1.1137,-0.250317
276,-1.32493,-0.886387,0.441017
276,-1.67188,-1.22599,0.880252
276,-1.63793,-1.17328,0.819315
276,-0.921073,-0.788873,-0.197761
276,-0.940477,-0.604797,-0.140605
276,-0.323114,1.10391,-0.585592
276,-1.32323,-1.31102,0.222769
276,-1.2948,-1.3197,0.166048
276,-1.67959,-0.890774,0.895265
276,-1.37445,-1.13637,0.337628
276,-1.53569,-0.867946,0.67567
276,-1.13337,-1.25837,-0.0927572
276,-1.33066,-1.22113,0.227376
276,-1.39133,-1.20665,0.322503
276,-1.32333,-1.14992,0.230409
276,-1.32389,-1.12558,0.238828
276,-0.452895,1.05261,-0.447857
276,-1.35721,-0.854619,0.374865
276,-1.27105,-1.23752,0.113801
276,-0.961973,-0.794628,-0.23435
276,-1.43005,-1.15523,0.388332
276,-0.955362,-0.796146,-0.24623
276,-1.26679,-1.13046,0.135007
276,-1.26674,-1.13285,0.129015
276,-1.68296,-0.911951,0.851648
276,-1.09187,-1.14552,-0.152369
276,-1.42082,-1.19508,0.34337
276,-1.3393,-1.17918,0.218494
276,-1.44581,-1.2153,0.367657
276,-1.28676,-1.24875,0.105453
276,-0.447927,1.10204,-0.476976
276,-1.33097,-1.30812,0.152889
276,-1.36602,-1.30128,0.20869
276,-1.30036,-1.31995,0.0988032
276,-1.40798,-0.879837,0.402964
276,-1.45707,-1.22749,0.366182
276,-1.29274,-1.25984,0.0958959
276,-0.357336,1.17773,-0.611296
276,-1.2888,-1.12954,0.128337
276,-1.29626,-1.25431,0.0983032
276,-1.39791,-0.818968,0.393108
276,-1.33091,-1.25634,0.146923
276,-1.13967,-1.1972,-0.140148
276,-1.17055,-1.29049,-0.124971
276,-1.17612,-1.27051,-0.114908
276,-0.337853,1.25744,-0.64415
276,-1.11846,-1.15748,-0.175466
276,-0.994615,-0.590035,-0.193625
276,-1.43293,-1.22308,0.296882
276,-1.17625,-1.29594,-0.131861
276,-1.37995,-1.25753,0.196806
276,-1.33798,-1.15576,0.158874
276,-1.48334,-1.23441,0.362481
276,-1.34861,-1.23943,0.148786
276,-1.4706,-1.2376,0.339477
276,-1.40209,-0.796517,0.369254
276,-1.31168,-1.2212,0.0877781
276,-0.383118,1.24343,-0.600125
276,-1.43816,-0.885172,0.386887
276,-1.31165,-1.20703,0.0833552
276,-1.16495,-1.35687,-0.197667
276,-1.6008,-0.9269,0.62011
276,-1.12038,-1.37151,-0.27672
276,-1.35539,-1.21693,0.138005
276,-1.12682,-1.15353,-0.202707
276,-1.32776,-1.21966,0.0889157
276,-1.13371,-1.15787,-0.199248
276,-1.37366,-0.840123,0.277535
276,-1.58148,-0.872455,0.591938
276,-1.36235,-1.22019,0.136394
276,-1.15414,-0.773379,-0.0552773
276,-1.43398,-1.29151,0.21984
276,-1.40527,-1.21561,0.198375
276,-1.46502,-1.15079,0.302425
276,-1.13681,-1.15728,-0.21758
276,-1.14523,-1.16162,-0.208057
276,-1.59526,-0.875924,0.589374
276,-1.59889,-0.850307,0.602781
276,-1.7782,-1.10113,0.804392
276,-1.10859,-1.38551,-0.33927
276,-0.391802,1.29065,-0.635463
276,-1.45952,-0.817199,0.379931
276,-1.35991,-0.999716,0.163519
276,-1.51288,-1.18989,0.341481
276,-1.51577,-1.19333,0.344778
276,-1.11622,-1.39247,-0.347329
276,-1.83891,-1.12662,0.872534
276,-0.453591,1.18827,-0.582129
276,-1.46013,-0.854697,0.358795
276,-1.35511,-1.22495,0.0735577
276,-1.7899,-0.914473,0.854181
276,-1.02197,1.17609,0.299828
276,-1.62376,-0.850045,0.610044
276,-0.493476,1.1713,-0.53759
276,-1.47104,-0.82197,0.373951
276,-1.23171,-1.19609,-0.121577
276,-0.461529,1.20649,-0.581347
276,-0.46149,1.1972,-0.58636
276,-1.47862,-0.821665,0.378495
276,-1.8001,-0.92132,0.853007
276,-1.18739,-0.789981,-0.0824455
276,-1.61994,-0.890957,0.562755
276,-1.48611,-0.828152,0.370598
276,-1.38953,-0.814349,0.219146
276,-1.26002,-0.60928,0.0763543
276,-1.3936,-0.812999,0.21707
276,-0.510698,1.17421,-0.550776
276,-1.36674,-0.809491,0.159432
276,-0.512628,1.25042,-0.548456
276,-1.27283,-0.637999,0.0486009
276,-1.27143,-0.644535,0.0396501
276,-1.26705,-1.20633,-0.144525
276,-1.84392,-1.09492,0.797442
276,-1.41692,-0.816334,0.209289
276,-1.22489,-0.819857,-0.0957285
276,-1.51584,-0.878722,0.338743
276,-0.519953,1.20337,-0.574934
276,-1.67669,-0.898147,0.583285
276,-1.28195,-0.649025,0.0396402
276,-1.85483,-1.09763,0.79881
276,-1.57169,-1.20096,0.320162
276,-1.17663,-0.819866,-0.186157
276,-1.38124,-0.855068,0.124118
276,-0.525834,1.25768,-0.558953
276,-1.43422,-0.869267,0.198909
276,-1.33667,-0.831215,0.0456432
276,-1.92471,-1.08746,0.889734
276,-1.91869,-1.10755,0.872868
276,-1.72981,-0.904078,0.637696
276,-0.508,1.37325,-0.571313
276,-1.95406,-1.08122,0.928865
276,-1.93973,-1.07701,0.90463
276,-1.95821,-1.08375,0.930628
276,-1.30588,-0.640148,0.0429342
276,-1.20735,-0.801819,-0.16357
276,-0.48034,1.30901,-0.648333
276,-1.19063,-0.810122,-0.199874
276,-1.91562,-1.08501,0.852144
276,-1.70934,-0.856646,0.594409
276,-1.54428,-0.881208,0.325603
276,-1.5512,-0.880408,0.333228
276,-1.17454,-0.603617,-0.187244
276,-1.21676,-0.798617,-0.188653
276,-1.3205,-0.665588,0.0132114
276,-1.96272,-1.08014,0.891595
276,-1.90343,-1.10472,0.789981
276,-1.9009,-1.10547,0.784868
276,-1.33218,-0.66898,0.0240498
276,-1.44248,-0.904864,0.116636
276,-1.20811,-0.815419,-0.227219
276,-1.20942,-0.817308,-0.226673
276,-1.21226,-0.817816,-0.227024
276,-1.91445,-1.11947,0.783197
276,-1.41694,-0.870598,0.0758263
276,-1.22292,-0.814214,-0.216186
276,-1.22563,-0.815942,-0.214218
276,-1.95859,-1.06699,0.847028
276,-1.20295,-0.607203,-0.203324
276,-1.2227,-0.622085,-0.177168
276,-1.20199,-0.604376,-0.204291
276,-0.56922,1.37843,-0.580451
276,-1.24302,-0.633556,-0.153143
276,-1.89917,-1.10676,0.729035
276,-1.16711,-1.15605,-0.438993
276,-1.36163,-0.728628,-0.00232232
276,-1.14375,-1.16237,-0.484309
276,-1.16758,-1.15817,-0.44883
276,-1.60553,-0.819531,0.344127
276,-1.46123,-0.801822,0.119959
276,-1.35981,-0.638998,0.00875568
276,-1.50333,-0.798517,0.168663
276,-1.03702,-0.509364,-0.486882
276,-1.38224,-0.732335,-0.0150939
276,-1.61425,-0.823802,0.319915
276,-1.00514,-1.11512,-0.733759
276,-1.84712,-1.08741,0.599543
276,-2.00925,-1.06955,0.858649
276,-1.91536,-1.11098,0.697427
276,-1.51548,-0.797365,0.162777
276,-1.87243,-1.09894,0.622693
276,-1.31239,-0.6461,-0.121
276,-1.86848,-1.09361,0.612649
276,-2.02314,-1.06971,0.858859
276,-1.39404,-0.722214,-0.0252283
276,-1.63441,-0.831335,0.31819
276,-1.39931,-0.73448,-0.0238708
276,-1.93947,-1.1262,0.689495
276,-1.89067,-1.10241,0.620125
276,-1.38731,-0.520509,0.0104131
276,-1.89272,-1.06659,0.617532
276,-1.3456,-0.254319,-0.00178969
276,-1.95688,-1.07479,0.696046
276,-1.94678,-1.07046,0.676556
276,-2.01537,-1.10465,0.772275
276,-1.9779,-1.07967,0.720559
276,-1.0775,-1.13616,-0.718929
276,-1.59021,-0.77938,0.142947
276,-0.638142,1.31839,-0.703381
276,-1.95172,-1.07549,0.606617
276,-1.45695,-0.71868,-0.0671179
276,-1.95519,-1.08174,0.591824
276,-1.61197,-0.791545,0.13397
276,-1.4904,-0.753787,-0.0578772
276,-1.95601,-1.06244,0.572939
276,-1.9786,-1.0478,0.587178
276,-1.41159,-0.668902,-0.215811
276,-1.64332,-0.796261,0.107959
276,-1.87741,-0.786263,0.446481
276,-1.28397,1.39538,0.158167
276,-0.744997,1.47195,-0.871327
276,-1.92339,-0.00744152,0.511435
276,-1.79433,-0.801429,-0.0529559
276,-1.47689,-0.600745,-0.594631
276,-1.33001,0.873068,-0.459637
276,-1.45766,0.189982,-0.476639
276,-2.19035,-0.800788,0.352899
276,-2.24792,-0.809334,0.350587
276,-1.53582,0.232964,-0.5258
276,-1.54324,0.212796,-0.528129
276,-1.52179,0.223879,-0.565508
276,-1.40045,0.932261,-0.537161
276,-1.52729,0.228633,-0.570311
276,-2.31173,-0.814727,0.331225
276,-1.56263,0.215294,-0.533423
276,-2.21616,-1.37543,-0.020141
276,-1.54866,0.364736,-0.540498
276,-1.57538,0.228176,-0.550119
276,-2.35992,-0.814381,0.304326
276,-1.52808,0.451346,-0.616301
276,-1.55379,0.506017,-0.575881
276,-1.54551,0.615703,-0.557425
276,-1.53791,0.458706,-0.62476
276,-1.56826,0.367073,-0.606008
276,-1.58018,0.475234,-0.561362
276,-1.55625,0.490424,-0.60427
276,-1.49641,0.697747,-0.638707
276,-1.47113,0.952639,-0.599167
276,-1.548,0.630276,-0.585351
276,-1.4889,1.00522,-0.562846
276,-1.59337,0.366754,-0.599895
276,-1.489,0.984952,-0.571499
276,-1.55122,0.550006,-0.62128
276,-1.54008,0.60536,-0.621509
276,-1.61005,0.41178,-0.573173
276,-1.59267,0.480418,-0.580582
276,-1.46184,1.05115,-0.608323
276,-1.59814,0.481919,-0.575017
276,-1.60243,0.410764,-0.591784
276,-1.61123,0.380633,-0.588764
276,-1.51843,0.761131,-0.615908
276,-1.54083,0.751359,-0.58554
276,-1.50078,0.882399,-0.610113
276,-1.49861,0.991894,-0.5793
276,-1.53325,0.756944,-0.604713
276,-1.53958,0.760528,-0.593754
276,-1.46878,1.036,-0.622801
276,-1.51152,0.829166,-0.621126
276,-1.51335,0.802748,-0.626629
276,-1.62455,0.392859,-0.580636
276,-1.56719,0.614245,-0.601572
276,-1.61117,0.462638,-0.581396
276,-1.48644,0.957595,-0.626197
276,-1.54865,0.730685,-0.600688
276,-1.47977,1.03268,-0.618544
276,-1.49073,0.95449,-0.626509
276,-1.50736,1.0227,-0.580265
276,-1.50583,0.891106,-0.626321
276,-1.55447,0.734768,-0.600573
276,-1.51927,0.955333,-0.588536
276,-1.54369,0.839462,-0.588834
276,-1.54111,0.826165,-0.601289
276,-1.52372,0.821832,-0.630554
276,-1.52697,0.970366,-0.581209
276,-1.52991,0.884897,-0.603906
276,-1.54454,0.831546,-0.598012
276,-1.54964,0.833033,-0.592092
276,-1.54998,0.81573,-0.597925
276,-1.59845,0.683241,-0.569445
276,-1.51941,1.11084,-0.559859
276,-2.13032,-1.12387,-0.315626
276,-1.53154,0.82505,-0.646624
276,-1.55926,0.82329,-0.607249
276,-1.53558,1.04133,-0.579963
276,-1.55079,0.8954,-0.602021
276,-1.58093,0.747191,-0.60163
276,-1.56728,0.826584,-0.6036
276,-1.55045,0.893878,-0.613333
276,-1.55482,0.884846,-0.611501
276,-1.55821,0.900308,-0.607974
276,-1.54596,0.947383,-0.616038
276,-1.55769,0.953447,-0.615369
276,-1.60793,0.758487,-0.627096
276,-1.57784,0.947257,-0.618762
276,-1.57973,0.974584,-0.63401
276,-2.38727,0.30438,0.384273
276,-2.46086,-0.168718,0.350634
276,-2.27047,-1.18409,-0.275155
276,-1.59952,1.16536,-0.634269
276,-1.55917,1.24179,-0.683908
276,-2.42604,0.318164,0.369388
276,-1.58339,1.24926,-0.685244
276,-2.51525,-0.140798,0.335095
276,-2.25694,-1.22584,-0.421532
276,-2.53566,0.968494,0.701993
276,-2.27543,-1.23851,-0.442291
276,-2.48393,0.339314,0.347059
276,-1.5976,1.27904,-0.772755
276,-2.538,0.362121,0.363678
276,-2.44669,-1.21287,-0.37099
276,-1.6759,1.35669,-0.785634
276,-2.11688,2.53327,0.243363
276,-2.54532,0.918892,0.387432
276,-2.5869,1.01222,0.409288
276,-2.63954,1.10713,0.493309
276,-2.67005,0.514422,0.347695
276,-2.64855,1.0364,0.449434
276,-2.63038,0.951054,0.340083
276,-2.63139,0.988022,0.328351
276,-2.6955,1.03885,0.400701
276,-2.67456,0.98988,0.336852
276,-2.69294,0.984678,0.32545
276,-2.75127,1.16348,0.460273
276,-2.70577,1.00612,0.328918
276,-2.74261,1.06155,0.400192
276,-2.71733,1.00266,0.335452
276,-2.69248,1.0449,0.288668
276,-2.75635,1.06017,0.301864
276,-3.03551,-0.571871,0.194067
276,-2.82354,1.20752,0.399676
276,-3.05114,-0.48042,0.189104
276,-2.83681,1.21677,0.381374
276,-3.07316,-0.587477,0.184958
276,-2.80663,1.08494,0.283373
276,-3.1034,-0.607517,0.175935
276,-2.45273,1.05255,-0.368577
276,-2.49667,1.07808,-0.408486
276,-2.50594,1.09049,-0.404868
276,-3.25283,-0.56768,0.150617
276,-2.52122,2.57141,-0.0290999
276,-2.53998,2.68564,0.016323
276,-2.3075,2.23046,-0.515769
276,-2.93206,1.2877,0.155186
276,-2.30555,2.20363,-0.563245
276,-2.95606,1.30031,0.158383
276,-2.99869,-2.2444,-0.88983
276,-2.3195,2.22428,-0.569475
276,-2.60263,1.14492,-0.466411
276,-2.33764,2.15148,-0.568283
276,-2.62972,2.70608,0.0329545
276,-2.80859,1.21828,-0.186795
276,-2.73791,1.21806,-0.43542
276,-2.87507,1.26219,-0.205777
276,-2.90503,1.30948,-0.154601
276,-2.44151,2.23426,-0.608084
276,-2.94983,1.29058,-0.152058
276,-3.02637,1.34384,-0.0552088
276,-3.02657,1.35713,-0.0668408
276,-2.96008,1.27409,-0.199911
276,-2.83644,1.24923,-0.490931
276,-2.90895,1.34527,-0.441315
276,-2.82942,1.27577,-0.607459
276,-2.7773,2.86282,-0.274362
276,-3.66074,-0.388754,0.0245887
276,-2.91406,2.91582,-0.176229
276,-2.89367,2.84167,-0.236078
276,-3.07436,2.98625,-0.305803
276,-3.07674,1.37999,-0.839424
276,-3.08855,1.43321,-0.8067
276,-3.02234,2.95315,-0.499882
276,-3.19552,1.43848,-0.909861
276,-3.25549,1.48315,-0.94364
276,-3.26437,1.46005,-0.940083
276,-3.53357,1.77756,-1.03806
276,-4.60653,-3.25121,-1.09279
276,-3.81304,3.40555,-0.309278
276,-3.8171,3.41146,-0.317299
276,-3.92534,3.54807,-0.210382
276,-3.83063,3.44368,-0.489918
276,-3.73017,3.5778,-0.612944
276,-3.93692,3.51229,-0.354221
276,-3.79917,1.7046,-1.20259
276,-4.11204,3.68686,-0.602663
276,-5.77762,-1.49582,0.274973
276,-4.17102,3.77535,-0.627032
276,-4.35781,4.02185,-0.52685
276,-4.52392,4.89011,-0.546349
276,-5.10406,4.79174,-0.611281
276,-2.11066,-0.960104,0.782967
275,-2.11066,-0.960104,0.782967
276,-1.75485,0.587787,-0.767458
275,-1.75485,0.587787,-0.767458
276,-1.84244,1.01917,-0.89513
275,-1.84244,1.01917,-0.89513
276,-1.67444,0.906947,-0.711217
275,-1.67444,0.906947,-0.711217
276,-1.60382,0.255334,-0.630133
275,-1.60382,0.255334,-0.630133
276,-1.55573,-0.890948,0.341365
275,-1.55573,-0.890948,0.341365
276,-2.64861,0.976883,0.361539
275,-2.64861,0.976883,0.361539
276,-2.2776,-0.970426,0.0102064
275,-2.2776,-0.970426,0.0102064
276,-1.41502,1.15579,-0.657479
270,-1.41502,1.15579,-0.657479
276,-1.34937,1.13716,-0.633046
270,-1.34937,1.13716,-0.633046
276,-2.91318,0.507933,0.312153
270,-2.91318,0.507933,0.312153
276,-3.11412,0.221761,0.195
270,-3.11412,0.221761,0.195
276,-1.94305,-1.09413,0.87796
270,-1.94305,-1.09413,0.87796
276,-1.56329,0.508407,-0.599658
270,-1.56329,0.508407,-0.599658
276,-3.13089,2.4293,0.0462862
270,-3.13089,2.4293,0.0462862
276,-1.72081,1.1055,-0.754421
268,-1.72081,1.1055,-0.754421
276,-1.38267,0.665577,-0.475679
268,-1.38267,0.665577,-0.475679
276,-0.860657,1.67523,-0.62827
268,-0.860657,1.67523,-0.62827
276,-2.49127,-0.53566,-0.638518
269,-2.49127,-0.53566,-0.638518
276,-1.07805,1.1245,-0.62789
269,-1.07805,1.1245,-0.62789
276,-1.11199,1.14249,-0.644354
269,-1.11199,1.14249,-0.644354
276,-2.31453,2.3163,-0.0622983
269,-2.31453,2.3163,-0.0622983
276,-2.15968,2.27233,-0.00607299
269,-2.15968,2.27233,-0.00607299
276,-2.64972,1.27159,-0.591256
64,-2.64972,1.27159,-0.591256
276,-2.10502,2.32201,0.00844857
157,-2.10502,2.32201,0.00844857
276,-1.62707,-0.859864,-0.218041
156,-1.62707,-0.859864,-0.218041
276,-2.67338,2.47011,0.042882
156,-2.67338,2.47011,0.042882
276,-1.65441,-1.07193,0.90211
156,-1.65441,-1.07193,0.90211
276,-3.04217,-2.21172,-0.816583
91,-3.04217,-2.21172,-0.816583
276,-2.34953,-2.10421,-0.237358
91,-2.34953,-2.10421,-0.237358
276,-1.64662,-0.914813,0.860379
91,-1.64662,-0.914813,0.860379
276,-2.10928,-1.15144,0.652865
274,-2.10928,-1.15144,0.652865
276,-1.65912,-0.884351,0.57101
274,-1.65912,-0.884351,0.57101
277,0.221221,-0.846971,0.279401
277,0.313779,-0.313079,0.253312
277,0.228737,-0.715423,0.273572
277,0.225763,-0.716262,0.272488
277,0.327454,-0.0382589,0.273962
277,0.326015,-0.0376326,0.275848
277,0.327249,-0.0385906,0.271516
277,0.220107,-0.696498,0.278142
277,0.217325,-0.763014,0.267049
277,0.218897,-0.695637,0.276018
277,0.157758,-0.987331,0.294984
277,0.199179,-0.710571,0.288136
277,0.15358,-0.986256,0.292033
277,0.198138,-0.711658,0.286803
277,0.200229,-0.76565,0.270589
277,0.153445,-0.986937,0.286233
277,0.148626,-0.845937,0.306488
277,0.190882,-0.759311,0.268325
277,0.198188,-0.630404,0.279777
277,0.185817,-0.691348,0.278864
277,0.118763,-1.01907,0.290114
277,0.176351,-0.73278,0.272364
277,0.159373,-0.740518,0.289213
277,0.158248,-0.741324,0.288276
277,0.173272,-0.733329,0.270999
277,0.113003,-1.02243,0.288914
277,0.173127,-0.734225,0.268175
277,0.130779,-0.867013,0.294563
277,0.215807,-0.376758,0.26963
277,0.229578,-0.279564,0.257003
277,0.0886445,-1.1231,0.250243
277,0.12999,-0.654169,0.285699
277,0.103107,-0.89685,0.26914
277,0.0767329,-1.02699,0.274967
277,0.0748578,-1.10499,0.248412
277,0.0866746,-0.924288,0.267204
277,0.0332829,-0.947703,0.264612
277,0.0324619,-0.948224,0.262803
277,0.0202668,-0.978453,0.267887
277,0.0366669,-0.812011,0.277467
277,0.0245948,-0.767216,0.267501
277,0.101004,-0.246009,0.269029
277,0.0906101,-0.246508,0.26416
277,0.00625366,-0.719001,0.27404
277,-0.0119224,-0.919432,0.253696
277,-0.0177919,-0.923927,0.257907
277,-0.0166229,-0.919212,0.255548
277,-0.00619864,-0.746241,0.265544
277,0.149773,0.216796,0.249058
277,0.120412,0.19062,0.250303
277,-0.00549042,-0.566998,0.261741
277,0.118484,0.220384,0.251286
277,0.00892943,-0.20926,0.277661
277,0.0985444,0.213484,0.243308
277,0.0953797,0.212027,0.244698
277,0.010807,-0.199107,0.270154
277,0.0018478,-0.188006,0.26439
277,0.0536913,0.183304,0.235414
277,0.0400214,0.180943,0.243177
277,0.0424092,0.167791,0.216332
277,-0.0550864,-0.194464,0.268138
277,0.0199337,0.189592,0.230217
277,-0.0287421,0.039932,0.260897
277,-0.00154114,0.172094,0.235774
277,-0.0511837,-0.078239,0.24855
277,-0.0337009,0.0545224,0.246268
277,-0.0169641,0.154311,0.232997
277,-0.0131483,0.16873,0.230511
277,-0.0586436,-0.0712152,0.240557
277,-0.152582,-0.519192,0.272197
277,-0.0438963,0.0552197,0.24181
277,-0.144818,-0.415825,0.276485
277,-0.0688668,-0.0603052,0.229671
277,-0.056396,0.156184,0.220068
277,-0.210243,-0.449388,0.282843
277,-0.137127,-0.0484545,0.26321
277,-0.217258,-0.499084,0.268589
277,-0.223767,-0.499344,0.26464
277,-0.103083,0.0849574,0.2252
277,-0.0936529,0.131024,0.214906
277,-0.0880433,0.146106,0.206873
277,-0.232921,-0.450378,0.266818
277,-0.242585,-0.572452,0.255402
277,-0.142021,0.0831383,0.232385
277,-0.110804,0.138404,0.202095
277,-0.137821,0.116972,0.211868
277,-0.152844,0.101017,0.216766
277,-0.203548,-0.0563747,0.242502
277,-0.168634,0.0854124,0.221058
277,-0.196781,0.0419855,0.240156
277,-0.207055,0.0302994,0.244106
277,-0.220331,0.0120266,0.251503
277,-0.198451,0.0494687,0.231405
277,-0.273005,-0.174132,0.274261
277,-0.237461,-0.0503063,0.250485
277,-0.212147,0.0400589,0.232079
277,-0.274637,-0.170657,0.269352
277,-0.27813,-0.170903,0.265802
277,-0.24679,-0.0229737,0.244253
277,-0.249788,-0.0194103,0.243534
277,-0.29282,-0.0655703,0.282194
277,-0.325972,-0.393231,0.256778
277,-0.329778,-0.383147,0.259017
277,-0.339683,-0.380273,0.253809
277,-0.341815,-0.375182,0.255344
277,-0.296691,-0.0838982,0.253846
277,-0.296775,-0.0723255,0.248169
277,-0.305061,-0.0385049,0.258732
277,-0.350384,-0.378422,0.247416
277,-0.364577,-0.316933,0.264341
277,-0.373025,-0.301451,0.269015
277,-0.379393,-0.302689,0.263015
277,-0.386359,-0.0892599,0.305335
277,-0.342092,-0.0804965,0.248942
277,-0.375566,-0.201267,0.266352
277,-0.352179,-0.0648269,0.257243
277,-0.384885,-0.35494,0.224315
277,-0.410228,-0.214894,0.278395
277,-0.40639,-0.250768,0.262955
277,-0.372361,-0.0875053,0.245691
277,-0.423712,-0.233285,0.261957
277,-0.484079,-0.746148,-0.0727936
277,-1.53632,-1.175,0.60658
277,-1.54134,-1.17136,0.606329
277,-1.58267,-1.16612,0.656238
277,-1.5993,-0.909221,0.612016
277,-1.60951,-0.89963,0.61401
277,-1.45725,-1.16859,0.3541
277,-1.4795,-1.18011,0.369193
277,-1.46774,-1.17066,0.351289
277,-1.61569,-0.882018,0.582583
277,-1.47412,-1.17301,0.350432
277,-1.47596,-1.22598,0.326217
277,-1.51329,-0.867454,0.413033
277,-1.18748,-1.18173,-0.0732251
277,-1.43704,-1.29532,0.208848
277,-1.49907,-0.871677,0.358684
277,-1.19151,-1.1866,-0.0897384
277,-1.16126,-1.17898,-0.132649
277,-1.18541,-1.28582,-0.127713
277,-1.20883,-1.18871,-0.0843859
277,-0.864058,-1.38597,-0.566893
277,-1.79021,-1.11058,0.618468
277,-0.872522,-1.38755,-0.573004
277,-0.875396,-1.39371,-0.574737
277,-1.35053,-0.859575,0.106301
277,-0.470844,1.22347,-0.591612
277,-0.879408,-1.39285,-0.57985
277,-1.08947,-1.37459,-0.317797
277,-1.24799,-1.21199,-0.101329
277,-0.879119,-1.11331,-0.542713
277,-0.936262,-1.38008,-0.552435
277,-1.06723,-1.37107,-0.392556
277,-1.12982,-1.38502,-0.321148
277,-0.899856,-1.39177,-0.606887
277,-1.07404,-1.35466,-0.386008
277,-0.878874,-1.06248,-0.588277
277,-1.06929,-1.10797,-0.362942
277,-1.07868,-1.35019,-0.417095
277,-1.08811,-1.35232,-0.420542
277,-1.28672,-1.31911,-0.2025
277,-1.36632,-0.711664,-0.0115063
277,-1.61824,-0.815303,0.27859
277,-1.38692,-0.71684,-0.0241698
277,-1.39057,-0.725796,-0.02481
277,-1.25006,-0.611185,-0.188697
277,-1.13196,-0.575987,-0.375423
277,-1.16827,-0.55884,-0.416001
277,-1.19368,-0.56965,-0.391643
277,-1.12428,-1.15749,-0.589915
277,-1.18114,-0.563591,-0.425624
277,-1.50409,1.70694,0.244843
277,-1.04013,1.06064,-0.564184
277,-1.58295,1.74907,0.176031
277,-1.09513,1.11711,-0.621982
277,-2.37051,-0.496308,0.375067
277,-1.81502,1.9838,0.142056
277,-2.38527,-0.490889,0.367079
277,-1.43648,0.958634,-0.548863
277,-1.97172,2.04723,0.283023
277,-1.22634,-0.600675,-1.1412
277,-1.41519,1.09172,-0.619514
277,-1.24256,-0.603735,-1.1642
277,-1.46487,0.957766,-0.601679
277,-1.46116,0.96324,-0.612752
277,-1.53328,0.52926,-0.611517
277,-1.41256,1.15834,-0.643934
277,-1.43864,1.11728,-0.626257
277,-1.49841,0.705589,-0.630929
277,-1.54718,0.722748,-0.570459
277,-1.51276,0.655554,-0.626234
277,-1.9896,2.1398,0.241471
277,-1.50678,0.872666,-0.594451
277,-1.46427,1.08402,-0.620602
277,-1.43223,1.16377,-0.647241
277,-1.50976,0.81088,-0.618084
277,-1.56796,0.516303,-0.604828
277,-1.55611,0.584782,-0.60923
277,-1.5963,0.524397,-0.574873
277,-1.5183,1.11281,-0.572572
277,-1.96893,2.16723,0.178331
277,-1.60584,0.489433,-0.585676
277,-1.46365,1.17432,-0.634407
277,-1.50316,0.971113,-0.629405
277,-2.12802,-2.3219,-0.520515
277,-1.58483,0.748935,-0.615834
277,-1.59865,0.678244,-0.613086
277,-1.58518,0.781705,-0.612483
277,-1.48238,1.1398,-0.675263
277,-1.58242,0.852993,-0.61156
277,-1.55524,1.02726,-0.612855
277,-1.96388,2.06614,0.0821748
277,-1.47615,1.2038,-0.682712
277,-1.56535,1.08088,-0.597122
277,-2.06157,2.21068,0.216883
277,-1.53077,1.16523,-0.663039
277,-1.54624,1.22321,-0.65351
277,-1.54757,1.24191,-0.66305
277,-1.60275,1.17235,-0.612351
277,-2.20507,-2.373,-0.570958
277,-2.02969,2.14462,-0.0467457
277,-2.1072,2.08789,-0.065762
277,-2.09951,2.10043,-0.0771549
277,-2.7778,-0.831613,0.1825
277,-2.80341,-0.573902,0.260251
277,-2.83016,-0.598226,0.255783
277,-2.36607,2.22019,0.141294
277,-2.14445,2.18014,-0.150118
277,-2.15226,2.23061,-0.141861
277,-2.1559,2.18873,-0.149026
277,-2.31928,2.19888,0.0465888
277,-2.73181,0.988047,0.324826
277,-2.13966,2.1478,-0.223376
277,-2.41235,2.26001,0.126045
277,-1.86244,2.09696,-0.613277
277,-2.16064,2.17555,-0.234522
277,-2.14839,2.12865,-0.262932
277,-2.16278,2.17265,-0.237643
277,-2.81011,-2.36073,-0.308967
277,-1.88403,2.09585,-0.619578
277,-2.4651,2.25907,0.123579
277,-2.48177,-2.09109,-0.685424
277,-2.16663,2.13819,-0.30279
277,-2.43503,2.20904,0.035188
277,-1.90496,2.11989,-0.639242
277,-2.53037,-2.20766,-0.707842
277,-2.84651,1.10218,0.291012
277,-2.88043,-2.34136,-0.33735
277,-2.89246,-2.30505,-0.322427
277,-2.83833,-2.42334,-0.420453
277,-2.60478,-2.03831,-0.639776
277,-2.62642,-1.94317,-0.623142
277,-2.63223,-2.07991,-0.661612
277,-2.87601,-2.43604,-0.438221
277,-2.60373,-1.29938,-0.600101
277,-2.88316,-2.33681,-0.469445
277,-2.87341,-2.33813,-0.488784
277,-2.30482,2.51871,-0.361177
277,-3.1057,0.632685,0.215407
277,-2.3537,2.56957,-0.371384
277,-2.84705,1.25864,-0.123599
277,-2.4284,2.68197,-0.416754
277,-2.51722,1.47586,-0.538345
277,-2.54209,1.65697,-0.57383
277,-2.75587,1.21961,-0.408416
277,-2.95729,1.32482,-0.17472
277,-2.98166,1.34505,-0.171722
277,-2.94393,1.28753,-0.23165
277,-2.95635,1.28536,-0.272978
277,-2.70231,1.16176,-0.627683
277,-2.73481,1.09936,-0.625131
277,-2.94763,1.34635,-0.329844
277,-2.75472,1.26,-0.593767
277,-2.91188,1.34844,-0.407928
277,-2.75197,1.33348,-0.636479
277,-2.8897,1.33788,-0.475182
277,-2.7627,2.14253,-0.52945
277,-2.77976,2.16415,-0.547526
277,-2.78596,2.15608,-0.546678
277,-1.12789,-1.15291,-0.258206
276,-1.12789,-1.15291,-0.258206
277,-0.944955,-1.12971,-0.618339
276,-0.944955,-1.12971,-0.618339
277,-1.12317,-0.647508,-0.046829
276,-1.12317,-0.647508,-0.046829
277,-1.10277,-1.14459,-0.23865
276,-1.10277,-1.14459,-0.23865
277,-0.982791,-1.14291,-0.660907
276,-0.982791,-1.14291,-0.660907
277,-1.18991,-0.651145,-0.0906613
276,-1.18991,-0.651145,-0.0906613
277,-1.85898,-1.07035,0.631011
276,-1.85898,-1.07035,0.631011
277,-1.54936,0.836418,-0.598332
276,-1.54936,0.836418,-0.598332
277,-1.31184,-1.31975,0.103168
276,-1.31184,-1.31975,0.103168
277,-2.25045,2.39285,-0.308671
276,-2.25045,2.39285,-0.308671
277,-1.40637,-1.27719,0.10688
276,-1.40637,-1.27719,0.10688
277,-1.542,0.976849,-0.607002
276,-1.542,0.976849,-0.607002
277,-1.53215,0.233512,-0.570477
276,-1.53215,0.233512,-0.570477
277,-1.39766,-0.745626,-0.868963
276,-1.39766,-0.745626,-0.868963
277,-1.2671,-0.734796,-0.737782
276,-1.2671,-0.734796,-0.737782
277,-0.910087,-0.773156,-0.50952
276,-0.910087,-0.773156,-0.50952
277,-0.618408,-0.166893,0.100596
276,-0.618408,-0.166893,0.100596
277,-1.34779,-1.24567,0.15086
276,-1.34779,-1.24567,0.15086
277,-1.71441,0.438871,-0.696101
268,-1.71441,0.438871,-0.696101
277,-1.30627,-0.626006,-0.173852
270,-1.30627,-0.626006,-0.173852
277,-2.18777,2.19554,-0.251874
269,-2.18777,2.19554,-0.251874
277,-2.52816,2.33921,-0.145796
269,-2.52816,2.33921,-0.145796
277,-1.96611,2.10035,-0.199469
269,-1.96611,2.10035,-0.199469
277,0.454978,-0.353815,0.987805
269,0.454978,-0.353815,0.987805
277,-1.62052,0.539901,-0.607422
64,-1.62052,0.539901,-0.607422
277,-1.92871,1.07224,-0.892735
64,-1.92871,1.07224,-0.892735
278,0.163452,-0.306792,0.775707
278,0.141167,-0.634767,0.658367
278,0.0807943,-0.662986,0.739392
278,0.135199,-0.638166,0.652827
278,0.09372,-0.212437,0.722937
278,0.0536111,0.146086,0.24734
278,0.0440586,0.154911,0.239908
278,0.0172707,0.149479,0.247834
278,-0.0351245,0.123227,0.239506
278,-0.0356857,0.133124,0.23559
278,-0.0337989,0.136599,0.230361
278,-0.135823,0.0840076,0.223153
278,-0.144255,0.0841866,0.219811
278,-0.12343,0.12311,0.168417
278,-0.188151,0.0772365,0.203601
278,-0.186369,0.0869536,0.197764
278,-0.311684,-0.294526,0.329222
278,-0.330161,-0.266285,0.327117
278,-0.330218,-0.274651,0.322477
278,-0.343845,-0.232333,0.337179
278,-0.33593,-0.269226,0.317059
278,-0.373924,-0.208451,0.334839
278,-0.394922,-0.161294,0.337628
278,-0.401907,-0.170889,0.333489
278,-0.397351,-0.178961,0.325521
278,-0.404482,-0.17355,0.306879
278,-0.40339,-0.131075,0.298743
278,-0.38833,-0.36415,0.189352
278,-0.417189,-0.302888,0.201657
278,-0.404329,-0.57371,0.105772
278,-0.470681,-0.0674846,0.197149
278,-0.487397,-0.093284,0.214486
278,-0.498273,-0.107696,0.188968
278,-0.458903,-0.567114,0.0617915
278,-0.515271,-0.0890326,0.168
278,-0.506749,-0.343915,0.11193
278,-0.521325,-0.341038,0.098595
278,-0.537296,-0.314891,0.104743
278,-0.557958,-0.324569,0.0726883
278,-0.602575,-0.310018,0.0367421
278,-0.661744,-0.0100737,0.108038
278,-0.678429,-0.00386411,0.10951
278,-0.785841,-0.256072,-0.131977
278,-0.739181,-1.31323,-0.400229
278,-0.740461,-1.06838,-0.430477
278,-1.63099,-1.17294,0.818895
278,-0.783451,-1.08991,-0.454155
278,-1.5477,-1.17805,0.628054
278,-0.786011,-1.07442,-0.475578
278,-1.57,-0.876917,0.672516
278,-0.809993,-0.770249,-0.431076
278,-1.60298,-1.15982,0.667302
278,-1.52183,-0.878229,0.585875
278,-0.807088,-1.0949,-0.488767
278,-0.829614,-1.09436,-0.458818
278,-0.947091,-0.798158,-0.248814
278,-0.80384,-1.0821,-0.498429
278,-0.958479,-0.803923,-0.239988
278,-0.838873,-1.1364,-0.46271
278,-1.58075,-0.911185,0.648926
278,-1.59266,-0.885673,0.667419
278,-1.71239,-1.18835,0.801017
278,-0.838168,-1.07083,-0.460224
278,-0.973791,-1.14906,-0.273942
278,-0.956568,-0.797723,-0.259004
278,-1.58567,-0.900508,0.643153
278,-0.814807,-1.06072,-0.507865
278,-0.860558,-1.36762,-0.493487
278,-0.846407,-1.09155,-0.484012
278,-0.967282,-1.14144,-0.314631
278,-0.967792,-1.15199,-0.320271
278,-0.844157,-1.0939,-0.493883
278,-1.46018,-1.22814,0.383607
278,-1.45804,-1.17214,0.384979
278,-1.72541,-0.893758,0.811321
278,-1.36208,-1.19923,0.235883
278,-1.45372,-1.22139,0.364487
278,-1.36679,-1.30615,0.225991
278,-0.978113,-0.77167,-0.271123
278,-1.35843,-1.14322,0.232814
278,-1.36147,-1.15587,0.228512
278,-1.47308,-1.2272,0.374707
278,-1.37969,-1.16111,0.243169
278,-1.3444,-1.2542,0.176491
278,-1.62707,-0.907196,0.634448
278,-1.33126,-1.20533,0.160927
278,-1.33589,-1.31743,0.152552
278,-1.3341,-1.20515,0.16379
278,-1.46625,-1.21969,0.354375
278,-1.58662,-0.874256,0.574365
278,-1.48324,-1.23379,0.374615
278,-1.3792,-1.29998,0.210064
278,-1.61279,-0.894006,0.604494
278,-1.48715,-1.23467,0.375656
278,-1.34121,-1.31214,0.152041
278,-1.34588,-1.15274,0.174733
278,-1.63218,-0.892018,0.625352
278,-1.37959,-1.16261,0.219974
278,-1.39955,-1.25678,0.233865
278,-0.8607,-0.782453,-0.488997
278,-1.63537,-0.889462,0.626657
278,-1.40277,-1.31359,0.229383
278,-0.919779,-1.3546,-0.481018
278,-1.47775,-1.23118,0.349385
278,-1.39802,-1.25499,0.228213
278,-1.40182,-1.25257,0.233678
278,-1.47877,-1.22197,0.348235
278,-1.64008,-0.900445,0.62609
278,-1.17007,-1.12983,-0.0926261
278,-1.625,-0.895215,0.599845
278,-1.84293,-1.12733,0.881313
278,-1.18053,-1.15946,-0.089606
278,-1.50063,-1.17674,0.373908
278,-1.39898,-1.30755,0.204958
278,-1.35816,-1.2576,0.151025
278,-1.3717,-1.25931,0.169313
278,-0.890456,-0.77969,-0.46894
278,-1.11256,-1.14667,-0.194204
278,-1.00611,-0.798783,-0.305154
278,-1.63013,-0.845222,0.596744
278,-1.17867,-1.13012,-0.10013
278,-1.18318,-1.3108,-0.11846
278,-1.63225,-0.848755,0.596046
278,-1.36339,-1.25532,0.149292
278,-1.26129,-1.17275,0.00977385
278,-1.49811,-1.18047,0.353588
278,-1.4189,-1.22143,0.229081
278,-1.34677,-1.15047,0.130862
278,-0.875526,-0.773343,-0.5099
278,-1.19524,-1.14028,-0.0926764
278,-1.35011,-1.21223,0.11625
278,-0.903917,-0.769955,-0.481973
278,-1.1963,-1.31819,-0.128744
278,-1.51003,-0.833463,0.392816
278,-1.1076,-1.36302,-0.269991
278,-1.37051,-0.863933,0.173443
278,-0.966852,-1.40396,-0.492794
278,-0.913082,-0.774734,-0.503547
278,-1.44568,-1.35553,0.192787
278,-1.0866,-1.37955,-0.334501
278,-1.52464,-0.818309,0.377081
278,-1.36796,-1.11351,0.108478
278,-1.45698,-1.21156,0.214535
278,-1.06296,-1.39193,-0.389949
278,-0.922506,-0.769732,-0.517378
278,-1.54187,-0.889882,0.367659
278,-0.904794,-0.776922,-0.548026
278,-1.03029,-1.39958,-0.449004
278,-1.08112,-1.3674,-0.372079
278,-0.907419,-0.775571,-0.547629
278,-1.53908,-0.815105,0.368234
278,-1.5352,-0.811122,0.362246
278,-1.53823,-0.812035,0.363254
278,-1.45306,-1.16212,0.192172
278,-0.931387,-0.779531,-0.51822
278,-1.03966,-1.40247,-0.443837
278,-0.930492,-0.772482,-0.520662
278,-0.934442,-0.773444,-0.519534
278,-1.10809,-1.38522,-0.350933
278,-1.46031,-0.869325,0.225459
278,-1.04486,-1.4055,-0.45283
278,-1.07067,-1.12863,-0.381234
278,-1.69879,-0.815576,0.575801
278,-1.1383,-1.38597,-0.323064
278,-1.54452,-0.81071,0.342768
278,-1.22051,-0.81933,-0.14808
278,-1.22181,-0.820117,-0.147923
278,-1.01857,-1.41802,-0.527942
278,-1.20462,-0.619071,-0.160139
278,-1.4787,-0.910434,0.1983
278,-0.998777,-0.71904,-0.49043
278,-1.00291,-0.722415,-0.488929
278,-1.90974,-1.14214,0.765972
278,-1.21147,-0.803136,-0.207943
278,-1.27705,-0.638739,-0.0954316
278,-1.74027,-0.814294,0.555932
278,-1.9207,-1.1561,0.767083
278,-1.92153,-1.13457,0.76943
278,-1.23924,-0.818664,-0.185064
278,-1.22189,-0.607011,-0.191543
278,-1.92292,-1.0489,0.77091
278,-1.2348,-0.819257,-0.20865
278,-1.22298,-0.604762,-0.198826
278,-1.93213,-1.13731,0.762607
278,-1.23363,-0.82029,-0.218968
278,-1.04632,-0.727548,-0.489856
278,-1.13501,-0.575114,-0.340935
278,-1.93941,-1.09439,0.759052
278,-1.91416,-1.1114,0.718976
278,-1.8939,-1.06534,0.69436
278,-1.91583,-1.10876,0.715307
278,-1.91271,-1.11019,0.705509
278,-1.0568,-0.728588,-0.494811
278,-1.91227,-1.10584,0.700986
278,-1.04069,-0.726174,-0.530906
278,-1.05908,-0.725996,-0.50474
278,-1.91407,-1.10797,0.690739
278,-1.91572,-1.10846,0.692101
278,-1.96984,-1.05116,0.768275
278,-1.84849,-1.09419,0.58341
278,-1.88429,-1.10268,0.631365
278,-1.94521,-1.07145,0.720932
278,-1.92254,-1.08813,0.684954
278,-1.91396,-1.06462,0.675055
278,-1.85604,-1.09432,0.581449
278,-1.96695,-1.0252,0.751855
278,-1.94465,-1.06874,0.705341
278,-1.98449,-1.04618,0.763717
278,-1.93898,-1.0653,0.690671
278,-1.96517,-1.0941,0.716113
278,-1.89505,-1.09578,0.602707
278,-1.93566,-1.06612,0.663366
278,-1.91014,-1.09997,0.617905
278,-1.91166,-1.10522,0.617844
278,-1.92317,-1.06328,0.630552
278,-1.97338,-1.07369,0.688154
278,-1.90957,-1.04292,0.569466
278,-1.93426,-1.06808,0.601851
278,-2.03643,-1.0558,0.750782
278,-1.92708,-1.04443,0.579048
278,-1.96254,-1.07019,0.626069
278,-1.9635,-1.03694,0.58447
278,-1.59252,1.39613,-0.171178
278,-1.30171,-1.48135,-0.986262
278,-1.61436,1.44906,-0.199181
278,-1.58012,1.54067,-0.251032
278,-1.64044,1.398,-0.190748
278,-1.42513,0.678607,-0.626438
278,-1.43549,0.979668,-0.596906
278,-1.38097,1.16852,-0.65706
278,-1.50069,0.860054,-0.569807
278,-1.45502,1.02511,-0.617132
278,-1.49179,1.10932,-0.590722
278,-1.54258,0.80173,-0.576331
278,-1.53556,0.961504,-0.575439
278,-1.40598,-1.51925,-1.09681
278,-2.35798,-0.748081,0.394016
278,-1.54707,0.443275,-0.631166
278,-1.50303,0.838916,-0.642838
278,-1.47755,1.08892,-0.647703
278,-1.50044,0.939765,-0.641827
278,-1.51169,0.904659,-0.634468
278,-1.51249,0.867841,-0.64261
278,-1.50659,0.948401,-0.643575
278,-1.56311,0.79265,-0.589342
278,-1.46305,1.20431,-0.681757
278,-2.33428,-0.448637,0.363335
278,-1.61047,0.481667,-0.569972
278,-1.55562,0.595536,-0.639727
278,-1.54975,0.623876,-0.645171
278,-1.52922,0.906095,-0.643173
278,-1.55975,0.979827,-0.589285
278,-1.52593,0.877027,-0.657287
278,-1.55175,0.901507,-0.616863
278,-1.58288,0.768309,-0.596302
278,-1.60854,0.272236,-0.632401
278,-1.57544,0.899116,-0.597286
278,-1.5895,0.426838,-0.647434
278,-1.5791,0.630551,-0.641725
278,-1.5697,0.63914,-0.665557
278,-1.51466,1.2162,-0.679926
278,-2.04421,-1.24456,-0.26428
278,-2.41097,-0.344153,0.352381
278,-2.04555,-2.25905,-0.451282
278,-1.65456,0.77525,-0.629919
278,-2.51208,-0.729977,0.417407
278,-1.6546,0.77423,-0.634645
278,-2.44705,-0.827546,0.288997
278,-2.44895,-0.827311,0.291219
278,-2.0804,-1.208,-0.325913
278,-2.0915,-2.26885,-0.460596
278,-2.61801,-2.49667,0.234733
278,-2.27648,-2.29495,-0.279356
278,-2.18814,-2.32119,-0.435783
278,-2.60986,-0.724469,0.389647
278,-2.36593,-2.36369,-0.185033
278,-2.33481,-2.33827,-0.238242
278,-2.52957,-0.155799,0.32615
278,-2.37211,-2.36163,-0.208686
278,-2.37074,-2.35442,-0.246374
278,-2.56119,-0.228566,0.304183
278,-2.56176,0.34835,0.326962
278,-2.56927,0.370999,0.333694
278,-2.59622,-0.113251,0.305694
278,-2.58287,0.421061,0.345225
278,-2.58369,0.500958,0.34032
278,-1.64665,-1.67941,-1.32407
278,-2.26918,-1.2935,-0.369084
278,-2.75931,-0.704554,0.316929
278,-2.63867,0.94483,0.336038
278,-2.64067,0.959723,0.321929
278,-2.72672,0.468902,0.306779
278,-2.76874,1.07288,0.326831
278,-2.77049,1.04343,0.306998
278,-2.83746,1.17905,0.410749
278,-2.82984,0.50395,0.298352
278,-2.17485,2.15289,-0.439026
278,-2.84161,0.503244,0.289287
278,-2.80698,1.08962,0.274259
278,-2.2019,2.12802,-0.54039
278,-2.59053,-2.18755,-0.552136
278,-2.58031,-1.25367,-0.45838
278,-2.25601,2.21398,-0.487402
278,-2.25593,2.2022,-0.538155
278,-2.43851,1.87607,-0.32694
278,-3.02042,-0.545403,0.197693
278,-2.90176,1.1744,0.246465
278,-3.06172,-0.459896,0.184409
278,-2.81184,1.24352,0.0147805
278,-2.55382,1.09786,-0.389623
278,-3.1586,-0.375404,0.129018
278,-3.02872,1.29473,0.139469
278,-3.028,1.28906,0.123662
278,-2.6615,1.15653,-0.435622
278,-3.18875,-0.371397,0.127229
278,-2.43814,2.25423,-0.629263
278,-3.21304,-0.453799,0.139359
278,-3.14256,0.684786,0.170008
278,-3.00618,1.29521,0.00463116
278,-2.80417,-2.08585,-0.757965
278,-2.89745,1.31638,-0.200137
278,-2.8361,-2.11808,-0.75967
278,-3.05023,2.36257,0.115171
278,-2.8611,1.30258,-0.315855
278,-2.85881,1.31129,-0.326889
278,-2.75527,1.25581,-0.504766
278,-3.15892,2.45783,0.14611
278,-3.18896,2.48716,0.150106
278,-2.8743,1.34693,-0.580402
278,-2.84729,2.21289,-0.512091
278,-2.92945,1.38432,-0.725291
278,-2.949,1.35768,-0.702642
278,-3.44583,-2.58868,-0.743846
278,-3.00644,2.63709,-0.754908
278,-3.10719,2.69657,-0.774122
278,-3.51388,-2.42734,-1.01851
278,-2.42361,-0.16963,0.356228
276,-2.42361,-0.16963,0.356228
278,-3.23792,-0.759478,0.261833
276,-3.23792,-0.759478,0.261833
278,-1.90291,-1.05799,0.704643
276,-1.90291,-1.05799,0.704643
278,-2.31777,-0.338775,0.37717
276,-2.31777,-0.338775,0.37717
278,-1.99731,-1.26034,0.860652
276,-1.99731,-1.26034,0.860652
278,-0.604548,-0.945671,-0.270925
276,-0.604548,-0.945671,-0.270925
278,-0.778079,-0.998545,-0.475934
276,-0.778079,-0.998545,-0.475934
278,-2.48208,0.384664,0.374624
276,-2.48208,0.384664,0.374624
278,-1.033,1.05458,-0.540389
276,-1.033,1.05458,-0.540389
278,-1.90702,-1.11015,-0.114613
276,-1.90702,-1.11015,-0.114613
278,-0.953296,0.980699,-0.467701
276,-0.953296,0.980699,-0.467701
278,-1.45141,0.490796,-0.519758
270,-1.45141,0.490796,-0.519758
278,-1.91637,-1.08435,0.650412
270,-1.91637,-1.08435,0.650412
278,-2.97902,1.28991,0.2743
270,-2.97902,1.28991,0.2743
278,-1.96045,-1.11695,0.648021
270,-1.96045,-1.11695,0.648021
278,-1.53828,0.827427,-0.598221
270,-1.53828,0.827427,-0.598221
278,-1.22246,0.426758,-0.324169
270,-1.22246,0.426758,-0.324169
278,-3.19356,0.544318,0.161683
270,-3.19356,0.544318,0.161683
278,-1.3993,1.16458,-0.652985
64,-1.3993,1.16458,-0.652985
278,-1.73497,0.588424,-0.710336
268,-1.73497,0.588424,-0.710336
278,-1.42993,0.971917,-0.582778
268,-1.42993,0.971917,-0.582778
278,-0.850271,0.314227,-0.0462562
267,-0.850271,0.314227,-0.0462562
278,-0.97338,0.432466,-0.138047
267,-0.97338,0.432466,-0.138047
278,-1.64036,1.19703,-0.632473
267,-1.64036,1.19703,-0.632473
278,-3.06236,1.37789,-0.101556
259,-3.06236,1.37789,-0.101556
278,-2.33918,1.10671,-0.433229
259,-2.33918,1.10671,-0.433229
278,-2.63061,1.56128,-0.612446
259,-2.63061,1.56128,-0.612446
278,-1.72528,-1.45576,-0.373741
63,-1.72528,-1.45576,-0.373741
278,-1.96228,-1.11808,0.698029
274,-1.96228,-1.11808,0.698029
279,-0.919196,-0.460649,0.821262
279,-0.946461,-0.439442,0.818685
279,-0.728683,-0.00523967,0.10656
279,-0.948488,-1.23702,0.379676
279,-0.859539,0.0821062,0.0609746
279,-1.00336,-1.25844,0.346612
279,-1.1125,-1.04005,0.331371
279,-1.17461,-1.06966,0.313406
279,-1.18193,-1.06966,0.306447
279,-1.19158,-1.15606,-0.029094
279,-1.13534,-1.15148,-0.199579
279,-1.17501,-1.15531,-0.0877759
279,-1.18683,-1.1565,-0.0658165
279,-1.20184,-1.15803,-0.0383747
279,-1.14417,-1.15383,-0.207359
279,-1.16522,-1.34022,-0.153521
279,-1.17617,-1.33418,-0.122778
279,-1.20545,-1.16337,-0.0489556
279,-1.19196,-1.32987,-0.0958637
279,-1.21331,-1.15873,-0.0457002
279,-1.20546,-1.32538,-0.0748125
279,-1.20916,-1.32601,-0.0697968
279,-1.21483,-1.16533,-0.0561466
279,-1.28329,-1.18775,0.100679
279,-1.33584,-1.19237,0.211261
279,-1.34614,-1.19759,0.237819
279,-1.22146,-0.814913,-0.126268
279,-1.32681,-1.09745,0.168371
279,-1.35048,-1.20988,0.235279
279,-1.25,-0.81626,-0.0882725
279,-1.34357,-1.12245,0.177265
279,-1.3394,-1.14766,0.14899
279,-1.37634,-1.30696,0.253204
279,-1.26877,-0.821417,-0.0628908
279,-1.26736,-0.822723,-0.0680066
279,-1.34635,-1.20828,0.160853
279,-1.26803,-0.811508,-0.068343
279,-1.25588,-0.822335,-0.106283
279,-1.26017,-0.815785,-0.101393
279,-1.38259,-1.20005,0.253752
279,-1.26229,-0.822595,-0.0982
279,-1.26822,-0.815094,-0.0932848
279,-1.38848,-1.2916,0.244132
279,-1.27892,-0.82345,-0.075266
279,-1.37639,-1.16172,0.20482
279,-1.39909,-1.19381,0.260966
279,-1.2905,-0.824,-0.0582581
279,-1.35748,-1.38006,0.13052
279,-1.29263,-0.826022,-0.0587245
279,-1.40837,-1.2776,0.268296
279,-1.36984,-1.26605,0.127636
279,-1.39029,-1.16323,0.18633
279,-1.41597,-1.21203,0.257256
279,-1.40823,-1.28329,0.233758
279,-1.36907,-1.26219,0.115106
279,-1.2795,-0.631706,-0.146321
279,-1.28062,-0.632822,-0.157132
279,-1.37952,-1.26381,0.128431
279,-1.42831,-1.21452,0.261507
279,-1.45637,-1.2159,0.3377
279,-1.42483,-1.24705,0.241685
279,-1.44925,-1.20653,0.309567
279,-1.4266,-1.1639,0.241881
279,-1.39619,-0.863201,0.148994
279,-1.47269,-1.17221,0.364423
279,-1.42076,-0.845954,0.211531
279,-1.47985,-0.872227,0.37881
279,-1.46813,-1.17242,0.344692
279,-1.41358,-0.864012,0.186034
279,-1.41565,-0.841004,0.191701
279,-1.44142,-0.809707,0.249527
279,-1.47616,-1.24002,0.346236
279,-1.44279,-1.17514,0.249261
279,-1.40802,-0.858341,0.143504
279,-1.40736,-0.861337,0.140951
279,-1.47864,-0.872577,0.345655
279,-1.48892,-0.853695,0.369774
279,-1.43142,-0.866109,0.200056
279,-1.4348,-0.866244,0.209077
279,-1.486,-1.23552,0.357606
279,-1.49288,-0.873234,0.377245
279,-1.44797,-1.24901,0.245602
279,-1.45378,-0.782394,0.25903
279,-1.43599,-0.865399,0.206276
279,-1.42884,-0.866108,0.18515
279,-1.43606,-0.872396,0.204838
279,-1.43258,-0.845783,0.193002
279,-1.43242,-0.879282,0.191062
279,-1.48294,-1.22614,0.33716
279,-1.49649,-0.85608,0.37588
279,-1.48515,-0.874273,0.342641
279,-1.48047,-0.853585,0.325953
279,-1.45402,-1.25028,0.247871
279,-1.57803,-1.17249,0.606227
279,-1.4332,-0.871077,0.182892
279,-1.42508,-0.861362,0.154497
279,-1.48443,-0.855816,0.324064
279,-1.45606,-0.873429,0.241096
279,-1.49793,-1.2354,0.350406
279,-1.58522,-1.18113,0.599788
279,-1.4355,-0.908367,0.162235
279,-1.50239,-1.24588,0.350101
279,-1.51114,-0.882947,0.36754
279,-1.50111,-0.882623,0.3352
279,-1.59164,-1.18556,0.596689
279,-1.46575,-0.881335,0.231276
279,-1.46664,-0.813842,0.231724
279,-1.56024,-1.2403,0.502414
279,-1.51902,-0.836075,0.377935
279,-1.47681,-0.873428,0.253904
279,-1.47583,-0.814951,0.244751
279,-1.61478,-1.19726,0.645719
279,-1.39942,-0.659025,0.0180321
279,-1.48061,-0.818726,0.244877
279,-1.51521,-1.18816,0.345102
279,-1.69543,-0.926458,0.855176
279,-1.55392,-1.2323,0.422952
279,-1.60533,-0.874234,0.570463
279,-1.56686,-1.23286,0.459156
279,-1.53326,-0.827213,0.355761
279,-1.61122,-0.894885,0.580323
279,-1.63371,-0.890209,0.644096
279,-1.51733,-0.858794,0.299999
279,-1.52848,-1.25069,0.325403
279,-1.63925,-0.880771,0.642614
279,-1.57344,-1.23519,0.445991
279,-1.63548,-0.856009,0.61823
279,-1.69843,-0.893062,0.800689
279,-1.63529,-0.846118,0.613234
279,-1.5698,-1.23601,0.420775
279,-1.55005,-0.813209,0.359338
279,-1.70158,-0.902968,0.796588
279,-1.71013,-0.893883,0.808314
279,-1.53439,-0.796307,0.296546
279,-1.63663,-0.846376,0.592019
279,-1.63595,-0.836444,0.581909
279,-1.5561,-0.808568,0.345894
279,-1.71254,-0.891948,0.797424
279,-1.54565,-0.828165,0.312176
279,-1.65677,-1.19683,0.633593
279,-1.74776,-0.908222,0.895672
279,-1.54093,-0.800049,0.289617
279,-1.55524,-0.803609,0.319057
279,-1.74974,-0.894429,0.876881
279,-1.55387,-0.803576,0.308712
279,-1.55244,-0.823639,0.292601
279,-1.75511,-0.887828,0.861514
279,-1.81227,-1.19725,1.02579
279,-1.77669,-1.26041,0.917694
279,-1.74632,-0.924697,0.805221
279,-1.7879,-1.27153,0.910832
279,-1.81493,-1.28795,0.942035
279,-1.84605,-1.21716,1.0315
279,-1.84964,-1.21106,1.02777
279,-1.88423,-1.08199,1.1273
279,-1.85643,-0.912478,1.04303
279,-1.87488,-1.22455,1.09085
279,-1.88341,-1.07733,1.11259
279,-1.88306,-0.909045,1.10505
279,-1.88642,-1.23685,1.11055
279,-1.86261,-1.2074,1.02651
279,-1.90309,-1.20897,1.14252
279,-1.8852,-1.22405,1.08415
279,-1.89134,-1.07301,1.09541
279,-1.96926,-1.2308,1.31448
279,-1.91593,-0.933815,1.14504
279,-1.95801,-1.29241,1.26114
279,-1.84508,-1.29575,0.932667
279,-1.89967,-1.07482,1.08035
279,-1.92027,-0.929198,1.13743
279,-1.88825,-0.917385,1.03785
279,-1.90729,-1.07657,1.09101
279,-1.99053,-1.25324,1.32633
279,-1.90619,-1.06329,1.08119
279,-1.8699,-0.85226,0.975619
279,-1.98751,-1.24634,1.30977
279,-1.8389,-1.1366,0.877964
279,-1.90211,-1.08334,1.05438
279,-1.99242,-1.23667,1.31485
279,-1.99592,-1.23682,1.32469
279,-1.91648,-0.895751,1.09244
279,-2.00229,-1.2477,1.33936
279,-1.86477,-1.08258,0.930331
279,-1.93503,-0.935857,1.12905
279,-1.92174,-1.06347,1.07999
279,-2.01155,-1.27058,1.33936
279,-2.01582,-1.25096,1.35047
279,-1.98122,-0.937814,1.24972
279,-2.00559,-1.24031,1.3003
279,-1.95144,-1.21891,1.13994
279,-1.99396,-1.30322,1.25995
279,-1.9504,-1.23353,1.1318
279,-1.91533,-1.22713,1.02765
279,-1.93194,-1.08819,1.07206
279,-2.02956,-1.27362,1.35459
279,-1.91552,-1.12426,1.02217
279,-2.03484,-1.25868,1.35985
279,-1.9452,-1.224,1.09674
279,-2.04862,-0.960162,1.39195
279,-1.95289,-1.22501,1.10639
279,-1.92928,-1.0472,1.03709
279,-1.92141,-1.06055,1.01356
279,-2.0097,-0.937344,1.26904
279,-1.93445,-1.08958,1.04635
279,-1.92582,-1.06206,1.01825
279,-1.93315,-1.11617,1.03335
279,-1.92372,-1.07997,0.998645
279,-2.04789,-1.27647,1.35716
279,-2.04833,-1.24636,1.33574
279,-1.8523,-1.01427,0.766504
279,-2.05873,-0.948452,1.36482
279,-2.05867,-1.26573,1.3636
279,-1.94929,-1.04584,1.02854
279,-2.07239,-1.24229,1.37749
279,-2.07595,-1.24914,1.38233
279,-2.07385,-1.2665,1.36297
279,-2.06393,-1.2466,1.33317
279,-2.08621,-1.23189,1.3907
279,-1.82314,-1.012,0.613863
279,-1.93433,-1.07929,0.929117
279,-2.04879,-1.23189,1.25797
279,-1.8651,-1.06545,0.714432
279,-2.15728,-1.25563,1.55977
279,-2.05969,-0.944157,1.27219
279,-2.05959,-1.24019,1.26797
279,-1.86507,-1.07234,0.701245
279,-1.86393,-1.11405,0.697718
279,-1.86686,-1.11119,0.700344
279,-2.12093,-0.93134,1.42638
279,-2.10834,-0.955172,1.37282
279,-2.0775,-1.00927,1.27637
279,-2.083,-0.996592,1.28879
279,-2.11968,-0.888173,1.39215
279,-2.1595,-0.973607,1.50398
279,-2.16272,-1.26605,1.51297
279,-1.90536,-1.04868,0.766223
279,-2.16284,-1.26407,1.51181
279,-1.90302,-1.08781,0.753063
279,-2.18444,-1.2702,1.56375
279,-1.89705,-1.06208,0.721606
279,-2.14736,-0.895501,1.44402
279,-2.14561,-0.917647,1.43522
279,-2.20274,-1.26275,1.60024
279,-2.17572,-1.26359,1.51298
279,-1.92069,-1.05069,0.767011
279,-2.17584,-0.962147,1.50552
279,-2.13706,-0.886233,1.3915
279,-2.15063,-0.902451,1.42844
279,-1.92474,-1.10794,0.767032
279,-1.9097,-1.11426,0.704757
279,-2.22094,-1.25331,1.60255
279,-2.23388,-1.26072,1.63379
279,-2.18954,-0.967448,1.50304
279,-2.20512,-1.27634,1.51343
279,-1.90027,-1.09992,0.598905
279,-1.52875,0.579986,-0.629775
279,-1.55001,0.845783,-0.580177
279,-1.56601,0.583697,-0.610387
279,-1.57354,0.596869,-0.607093
279,-1.55816,0.478736,-0.658713
279,-1.5674,0.547884,-0.637712
279,-1.56801,0.527723,-0.638581
279,-1.57679,0.53059,-0.646596
279,-1.58809,0.520141,-0.622784
279,-1.58992,0.382221,-0.61797
279,-1.58291,0.281371,-0.655992
279,-1.58985,0.385286,-0.639266
279,-1.59866,0.37992,-0.618714
279,-1.5882,0.444059,-0.651199
279,-1.59991,0.565894,-0.624164
279,-1.58875,0.285052,-0.668499
279,-1.60816,0.541419,-0.614758
279,-1.60489,0.522695,-0.62929
279,-1.59363,0.413451,-0.663825
279,-1.62453,0.348393,-0.580701
279,-1.60197,0.466682,-0.649036
279,-1.618,0.457853,-0.612038
279,-1.6156,0.462391,-0.622568
279,-1.62618,0.49046,-0.606387
279,-1.61408,0.417654,-0.644312
279,-1.61565,0.279312,-0.64262
279,-1.6303,0.430475,-0.603044
279,-1.62265,0.682236,-0.625527
279,-1.63419,0.270505,-0.616028
279,-1.63714,0.436086,-0.616822
279,-1.64553,0.527488,-0.618657
279,-1.64541,0.443194,-0.619821
279,-1.64627,0.502634,-0.619682
279,-1.64893,0.46035,-0.612249
279,-1.64603,0.685705,-0.633387
279,-1.65909,0.523381,-0.609731
279,-1.65175,0.720571,-0.642105
279,-2.44653,-2.70973,0.981353
279,-2.48324,-2.72698,0.972624
279,-2.26749,-2.73206,0.338165
279,-2.50423,-2.72234,1.0231
279,-2.52194,-2.73669,1.04554
279,-2.77603,-0.37369,1.75041
279,-2.28843,-2.74719,0.33118
279,-2.39209,-2.70842,0.589217
279,-2.40279,-2.70887,0.620002
279,-2.78479,0.878368,1.67992
279,-2.40451,-2.72445,0.580661
279,-2.55203,-2.75138,0.992692
279,-2.42152,-2.69461,0.612007
279,-2.41669,-2.72076,0.591888
279,-2.80201,0.883938,1.69638
279,-2.43437,-2.73792,0.62958
279,-2.79387,0.87192,1.66221
279,-2.80115,0.881699,1.68044
279,-2.81381,0.894827,1.71232
279,-2.81732,0.894136,1.70844
279,-2.45945,-2.73257,0.666232
279,-2.82535,0.89465,1.67156
279,-2.50574,-2.7273,0.699372
279,-2.40737,-2.75243,0.409504
279,-2.45596,-2.71732,0.526417
279,-2.458,-2.73047,0.522902
279,-2.51672,-2.71521,0.584084
279,-2.4936,-2.74913,0.507098
279,-2.42891,-2.77497,0.297668
279,-2.1456,-2.32553,-0.525779
279,-2.43846,-2.7793,0.289279
279,-2.45265,-2.74207,0.322856
279,-2.51677,-2.76392,0.506308
279,-2.92664,1.03942,1.63911
279,-2.92207,1.13118,1.62514
279,-2.909,1.08869,1.58342
279,-2.90159,1.12328,1.55944
279,-2.91677,1.12397,1.59726
279,-2.91849,1.13837,1.54064
279,-2.83055,-0.579686,1.28583
279,-2.84707,-0.593699,1.32414
279,-2.85296,-0.586566,1.31484
279,-2.83982,-0.565024,1.27284
279,-2.64991,-2.76483,0.704366
279,-2.85755,-0.572222,1.28654
279,-2.51108,-2.79322,0.283845
279,-2.84865,-0.550266,1.25974
279,-2.86187,-0.568809,1.29137
279,-2.86463,-0.612621,1.29566
279,-2.22624,-2.35309,-0.557805
279,-2.79916,-0.687691,1.09544
279,-2.87385,-0.622703,1.30515
279,-2.51083,-2.435,0.250212
279,-2.87609,-0.624673,1.30515
279,-2.53974,-2.6992,0.323955
279,-2.86344,-0.540798,1.25818
279,-2.96952,1.15947,1.5607
279,-2.89843,1.19057,1.34879
279,-2.89044,-0.587983,1.31719
279,-2.8889,-0.610317,1.29904
279,-2.89118,-0.575158,1.29432
279,-2.88474,-0.542733,1.26231
279,-2.88819,-0.550184,1.27148
279,-2.27392,-2.37195,-0.509032
279,-2.54895,-2.76526,0.283535
279,-2.53881,-2.46496,0.253537
279,-2.88293,-0.524898,1.23696
279,-2.90826,-0.619716,1.29907
279,-2.90583,-0.592006,1.26711
279,-2.30541,-2.39739,-0.478111
279,-2.9418,1.30359,1.3372
279,-2.60038,-2.72783,0.349925
279,-2.5611,-2.46234,0.231371
279,-2.68083,-2.78883,0.570395
279,-2.94694,1.30864,1.3276
279,-2.95017,-0.589078,1.32633
279,-2.92552,-0.575192,1.25232
279,-2.40747,-2.37725,-0.250451
279,-2.94009,-0.5969,1.27923
279,-2.97367,1.31579,1.36697
279,-2.87137,-0.692929,1.07142
279,-2.96069,-0.551671,1.28293
279,-2.95877,-0.551565,1.27613
279,-2.98995,1.32602,1.36351
279,-2.98894,1.37098,1.32632
279,-2.96184,-0.532405,1.24219
279,-2.62372,-0.829676,0.237789
279,-2.72052,-2.80137,0.517803
279,-2.90197,1.26042,1.01777
279,-2.66486,0.125028,0.298655
279,-2.67489,-0.294541,0.274276
279,-2.6781,-0.160407,0.278051
279,-2.69578,0.145828,0.289401
279,-2.70134,0.144515,0.287056
279,-2.96828,1.30198,1.02037
279,-2.71352,-0.249548,0.265442
279,-2.71416,-0.144726,0.257644
279,-2.72337,-0.219266,0.262817
279,-2.727,-0.211457,0.269893
279,-2.73338,0.403542,0.281513
279,-2.73482,-0.0682984,0.279011
279,-2.7337,-0.243017,0.273262
279,-2.73879,0.161342,0.287173
279,-2.73559,-0.28539,0.258548
279,-2.74134,0.411902,0.273319
279,-2.75483,0.200621,0.302672
279,-2.75506,0.428282,0.301835
279,-2.74471,-0.196669,0.27046
279,-2.76896,1.01943,0.321364
279,-2.74979,-0.301491,0.261703
279,-2.77207,-0.442385,0.318351
279,-2.75125,0.448502,0.253471
279,-3.12792,1.44169,1.34408
279,-2.7547,-0.346635,0.261281
279,-2.7493,-0.346362,0.244039
279,-2.75927,0.432107,0.260224
279,-2.7625,-0.11432,0.265589
279,-2.77461,-0.551054,0.299987
279,-2.75308,-0.113708,0.2344
279,-2.76723,0.418802,0.270856
279,-2.77497,1.03142,0.287116
279,-2.77188,-0.245406,0.266743
279,-2.76348,-0.245012,0.24086
279,-2.77774,0.442802,0.279315
279,-2.78816,0.210445,0.286525
279,-2.78117,-0.241973,0.258234
279,-2.77224,-0.241329,0.22669
279,-2.79001,-0.553583,0.275736
279,-2.78183,1.09659,0.239739
279,-2.7848,-0.34919,0.247176
279,-2.78554,-0.157401,0.244207
279,-2.79198,-0.121169,0.256871
279,-2.61831,-2.30754,-0.25703
279,-2.81298,-0.518077,0.305553
279,-2.79219,1.08919,0.237178
279,-2.61889,-2.2875,-0.269142
279,-2.81288,-0.549242,0.288737
279,-2.84404,0.510393,0.375291
279,-2.80936,0.512259,0.270109
279,-2.85595,0.520557,0.385031
279,-2.81567,-0.529549,0.268327
279,-2.85672,0.51007,0.382799
279,-2.80932,-0.246527,0.243979
279,-2.81949,0.504201,0.270639
279,-2.80578,-0.0645625,0.229829
279,-2.81011,-0.0644166,0.238104
279,-2.83135,-0.546648,0.285169
279,-2.81856,1.11606,0.240727
279,-2.82072,-0.314584,0.236465
279,-2.53119,-1.28779,-0.604095
279,-2.8359,0.592712,0.266777
279,-2.83396,-0.458873,0.254714
279,-2.82748,-0.545298,0.228553
279,-2.83797,0.600011,0.251815
279,-2.83187,-0.056505,0.231032
279,-2.54009,-1.28209,-0.617206
279,-2.83301,-0.189526,0.229386
279,-2.85232,-0.439997,0.278411
279,-2.85076,0.237474,0.270774
279,-2.53915,-1.99103,-0.631434
279,-2.85148,-0.466836,0.261704
279,-2.86726,0.543582,0.305682
279,-2.83823,-0.197421,0.21794
279,-2.84326,-0.401073,0.213784
279,-2.84765,-0.39928,0.22412
279,-2.84822,-0.40101,0.221972
279,-2.69267,-2.21761,-0.268199
279,-2.87171,0.600006,0.240987
279,-2.86025,-0.436895,0.207985
279,-2.65531,-2.2856,-0.385615
279,-2.87605,0.245923,0.249263
279,-2.87698,0.578089,0.250821
279,-2.86431,-0.547942,0.214709
279,-2.58405,-1.94342,-0.617544
279,-2.88211,-0.466879,0.238449
279,-2.87485,-0.344971,0.213985
279,-2.59523,-1.95372,-0.62655
279,-2.89387,0.611244,0.225447
279,-2.65043,-1.26441,-0.486757
279,-2.90248,0.597785,0.230831
279,-2.6986,-2.23867,-0.407202
279,-2.67162,-1.25897,-0.507232
279,-2.7572,-2.16511,-0.269265
279,-2.70652,-2.31617,-0.417383
279,-2.76173,-2.143,-0.260646
279,-2.69506,-1.27714,-0.475775
279,-2.69168,-1.26137,-0.491544
279,-2.65089,-1.40347,-0.623004
279,-2.77333,-2.1725,-0.278916
279,-2.77692,-2.19861,-0.293514
279,-2.68093,-1.35126,-0.585534
279,-2.87829,1.2875,-0.0564485
279,-2.79622,-2.15751,-0.291851
279,-2.74562,1.27216,-0.517397
279,-2.75105,1.25136,-0.520686
279,-2.9064,1.33491,-0.29404
279,-3.07488,0.365676,0.18344
279,-4.75761,3.041,-3.38308
279,-5.2964,2.25017,-3.76877
279,-1.73282,-1.07332,0.65529
278,-1.73282,-1.07332,0.65529
279,-2.26625,-1.36252,-0.371562
278,-2.26625,-1.36252,-0.371562
279,-2.45371,-1.6586,-0.518543
278,-2.45371,-1.6586,-0.518543
279,-1.8219,-0.798015,-0.204817
278,-1.8219,-0.798015,-0.204817
279,-2.19645,-1.71677,-0.410295
278,-2.19645,-1.71677,-0.410295
279,-2.53893,-1.68355,-0.565817
278,-2.53893,-1.68355,-0.565817
279,-1.76954,-0.796219,-0.168002
278,-1.76954,-0.796219,-0.168002
279,-1.45856,0.655853,-0.48818
278,-1.45856,0.655853,-0.48818
279,-2.81594,0.212809,0.276298
278,-2.81594,0.212809,0.276298
279,-2.4763,0.923425,0.35653
278,-2.4763,0.923425,0.35653
279,-1.8727,-1.05825,0.629822
278,-1.8727,-1.05825,0.629822
279,-1.92088,-1.15195,0.766023
278,-1.92088,-1.15195,0.766023
279,-1.32584,-1.22945,0.226319
276,-1.32584,-1.22945,0.226319
279,-1.74386,-0.630835,-0.467956
276,-1.74386,-0.630835,-0.467956
279,-1.93957,-1.0467,0.8684
276,-1.93957,-1.0467,0.8684
279,-1.90147,-1.28784,-0.115375
276,-1.90147,-1.28784,-0.115375
279,-1.35792,-1.24162,0.139379
276,-1.35792,-1.24162,0.139379
279,-1.77251,-1.47945,-0.142507
276,-1.77251,-1.47945,-0.142507
279,-1.45973,-1.27264,0.0899116
276,-1.45973,-1.27264,0.0899116
279,-1.5866,-1.34374,0.177197
91,-1.5866,-1.34374,0.177197
279,-2.05412,-1.27566,1.11652
91,-2.05412,-1.27566,1.11652
279,-3.93154,-2.16116,-1.36368
91,-3.93154,-2.16116,-1.36368
279,-1.52065,-0.866631,0.226239
91,-1.52065,-0.866631,0.226239
279,-1.52807,-0.873919,0.221226
91,-1.52807,-0.873919,0.221226
279,-2.32354,-0.860037,-0.309202
277,-2.32354,-0.860037,-0.309202
279,-2.70456,-0.882792,-0.493876
277,-2.70456,-0.882792,-0.493876
279,-1.4172,-0.850677,0.427615
277,-1.4172,-0.850677,0.427615
279,-2.29632,-0.854941,-0.294936
277,-2.29632,-0.854941,-0.294936
279,-2.02824,-1.51924,-0.199517
277,-2.02824,-1.51924,-0.199517
279,-1.66672,-1.18717,0.635139
277,-1.66672,-1.18717,0.635139
279,-2.6205,-2.49052,-0.543063
277,-2.6205,-2.49052,-0.543063
279,-3.11367,1.36815,-0.30543
277,-3.11367,1.36815,-0.30543
279,-2.04414,-1.99046,-0.439037
277,-2.04414,-1.99046,-0.439037
279,-1.24486,-0.841153,0.67318
277,-1.24486,-0.841153,0.67318
279,-1.65972,-1.19939,0.548243
274,-1.65972,-1.19939,0.548243
279,-1.93427,-0.882187,1.06616
274,-1.93427,-0.882187,1.06616
279,-2.45838,0.996859,1.05414
63,-2.45838,0.996859,1.05414
279,-2.28102,-2.7469,-0.617373
64,-2.28102,-2.7469,-0.617373
279,-2.87569,-2.97421,0.668298
64,-2.87569,-2.97421,0.668298
279,-2.62164,-2.77764,0.66111
64,-2.62164,-2.77764,0.66111
279,-1.56494,-1.16699,0.830672
93,-1.56494,-1.16699,0.830672
279,-1.84444,-1.22765,1.09074
93,-1.84444,-1.22765,1.09074
279,-2.71038,-2.84573,0.657018
93,-2.71038,-2.84573,0.657018
279,-2.37815,-2.6849,0.623352
93,-2.37815,-2.6849,0.623352
279,-5.27822,-2.24648,-2.12538
271,-5.27822,-2.24648,-2.12538
279,-2.66527,0.902436,1.61526
271,-2.66527,0.902436,1.61526
279,-1.91393,-1.06246,0.593068
273,-1.91393,-1.06246,0.593068
280,-1.30295,-1.18613,0.157546
280,-1.35556,-1.19625,0.201673
280,-1.37698,-1.15283,0.196275
280,-1.38075,-1.24592,0.187002
280,-1.39658,-1.14949,0.179838
280,-1.38326,-1.32037,0.169496
280,-1.41356,-1.29085,0.238192
280,-1.48023,-0.821621,0.288884
280,-1.49976,-0.830548,0.367796
280,-1.50258,-0.831537,0.375749
280,-1.50438,-0.826836,0.370798
280,-1.50754,-0.821787,0.36044
280,-1.46804,-1.16929,0.347339
280,-1.50389,-0.819304,0.295578
280,-1.51118,-0.793626,0.301416
280,-1.45766,-1.23164,0.283249
280,-1.46019,-1.21685,0.275015
280,-1.45422,-1.28247,0.273905
280,-1.48316,-1.17367,0.350785
280,-1.50588,-0.867571,0.26765
280,-1.46459,-1.22178,0.267743
280,-1.5273,-0.829054,0.354815
280,-1.46669,-1.23881,0.275188
280,-1.48799,-1.17528,0.336619
280,-1.47035,-1.24341,0.277225
280,-1.52854,-0.818312,0.3175
280,-1.53791,-0.825993,0.373576
280,-1.52446,-0.821317,0.284192
280,-1.49581,-1.17802,0.346305
280,-1.49028,-1.21919,0.334781
280,-1.49047,-1.22263,0.335341
280,-1.49389,-1.23125,0.331225
280,-1.50929,-1.17641,0.369382
280,-1.50439,-1.17953,0.341746
280,-1.50359,-1.18101,0.337888
280,-1.50195,-1.22856,0.331652
280,-1.50799,-1.23241,0.342711
280,-1.50863,-1.23067,0.341682
280,-1.60187,-0.89172,0.60504
280,-1.6059,-0.873511,0.574255
280,-1.6116,-0.889896,0.596075
280,-1.52409,-1.26932,0.357378
280,-1.53236,-1.27702,0.349562
280,-1.59898,-1.18852,0.608436
280,-1.68895,-0.904837,0.897695
280,-1.71175,-0.88833,0.88409
280,-1.72545,-0.907905,0.887303
280,-1.73179,-0.889128,0.870253
280,-1.7352,-0.919811,0.846961
280,-1.7439,-0.884226,0.809426
280,-1.74634,-0.891302,0.80805
280,-1.7159,-1.20336,0.834031
280,-1.71615,-1.2132,0.832893
280,-1.7161,-1.21715,0.817674
280,-1.72459,-1.20336,0.831231
280,-1.729,-1.20588,0.853757
280,-1.72671,-1.21601,0.835328
280,-1.73948,-1.19935,0.804642
280,-1.86804,-0.909702,1.1185
280,-1.86771,-0.916878,1.12123
280,-1.79458,-1.2094,0.862718
280,-1.88542,-0.922182,1.07071
280,-1.8813,-0.913738,1.03669
280,-1.84307,-1.23573,1.00958
280,-1.88874,-0.915272,1.04578
280,-1.89538,-0.929963,1.07419
280,-1.8847,-1.10384,1.04541
280,-1.89916,-1.10507,1.05083
280,-1.90091,-1.07596,1.00297
280,-1.87286,-1.11442,0.835232
280,-1.9093,-1.07863,1.00959
280,-1.87463,-1.11695,0.836702
280,-1.99291,-0.974281,1.31831
280,-1.89206,-1.10925,0.828829
280,-1.92033,-1.07787,0.928183
280,-1.91479,-1.14411,0.843208
280,-1.94809,-1.09273,0.922315
280,-1.94722,-1.05498,0.846665
280,-2.0866,-0.954667,1.30844
280,-2.08451,-0.982672,1.27558
280,-2.08856,-0.999845,1.29114
280,-2.08953,-1.02152,1.28934
280,-2.05965,-1.32473,1.31762
280,-2.09369,-0.982892,1.27653
280,-2.06042,-1.3277,1.31612
280,-2.09433,-0.985026,1.27528
280,-2.13541,-0.972548,1.49423
280,-2.06364,-1.32463,1.3177
280,-2.10068,-1.00791,1.30537
280,-2.13914,-0.913372,1.44774
280,-2.10904,-0.981429,1.30329
280,-2.10838,-1.00284,1.29681
280,-2.14496,-0.899116,1.43003
280,-2.15836,-0.969787,1.51198
280,-2.15726,-1.24729,1.51128
280,-2.17319,-1.27393,1.58459
280,-2.17373,-1.26621,1.55306
280,-2.1731,-1.2657,1.54766
280,-2.21957,-0.971069,1.60534
280,-2.18944,-1.2539,1.60699
280,-2.22565,-0.975135,1.61378
280,-2.21108,-1.26071,1.6414
280,-2.24804,-0.963914,1.60229
280,-2.22823,-1.26788,1.61358
280,-2.27559,-0.965032,1.60399
280,-2.24782,-1.25404,1.63705
280,-2.2827,-0.990933,1.61945
280,-2.28943,-1.27569,1.75808
280,-2.3214,-1.26827,1.76387
280,-2.35028,-0.997895,1.74359
280,-2.362,-0.971359,1.74769
280,-2.36065,-0.988504,1.75043
280,-2.36635,-0.978342,1.74395
280,-2.36847,-0.986461,1.75449
280,-2.35469,-1.28396,1.85799
280,-2.37493,-0.980613,1.76124
280,-2.34749,-1.2847,1.80267
280,-2.37565,-0.984943,1.75686
280,-2.34263,-1.29145,1.76776
280,-2.36078,-1.34371,1.87397
280,-2.36192,-1.33346,1.86678
280,-2.40203,-0.996103,1.8557
280,-2.3642,-1.30919,1.85302
280,-2.37141,-1.28327,1.86028
280,-2.36422,-1.35344,1.85497
280,-2.36541,-1.32159,1.83771
280,-2.35912,-1.27826,1.76755
280,-2.40801,-0.989849,1.84606
280,-2.3606,-1.28157,1.76157
280,-2.38028,-1.27849,1.86558
280,-2.37527,-1.33655,1.87053
280,-2.39336,-1.01312,1.75292
280,-2.38034,-1.29503,1.85666
280,-2.38309,-1.29618,1.8652
280,-2.37926,-1.34794,1.87768
280,-2.37704,-1.30149,1.8121
280,-2.20132,-2.90707,1.90098
280,-2.38232,-1.34892,1.85455
280,-2.42524,-0.97927,1.84436
280,-2.38505,-1.32981,1.84764
280,-2.40574,-1.34287,1.9723
280,-2.40921,-1.33628,1.9708
280,-2.468,-0.984817,2.06143
280,-2.43165,-0.994159,1.85938
280,-2.47493,-0.982071,2.06338
280,-2.42618,-1.29537,1.99037
280,-2.42916,-1.28399,1.99167
280,-2.47805,-0.99908,2.07496
280,-2.42995,-1.29855,1.99115
280,-2.40166,-1.31285,1.83457
280,-2.43287,-1.30958,2.00253
280,-2.4349,-1.27874,1.98775
280,-2.43103,-1.3595,2.00996
280,-2.41663,-1.32352,1.84029
280,-2.44823,-1.28678,1.99356
280,-2.44637,-1.34644,2.0064
280,-2.24405,-2.93202,1.91107
280,-2.45258,-1.35656,2.01086
280,-2.52221,-1.00862,2.09632
280,-2.47813,-1.29295,2.00259
280,-2.28452,-2.9778,1.91721
280,-2.55486,-1.01422,2.0948
280,-2.33505,-2.85348,1.9147
280,-2.69064,0.0235833,1.84654
280,-2.79573,0.878976,1.85992
280,-2.62514,-1.31545,2.23717
280,-2.43561,-2.81632,2.0286
280,-2.38415,-2.82033,1.65373
280,-2.43189,-2.92955,1.94326
280,-2.4006,-2.82563,1.65824
280,-2.75922,-0.143602,1.85429
280,-2.73564,-0.380897,1.8567
280,-2.3378,-2.7724,1.21849
280,-2.78442,1.05108,1.14659
280,-2.75065,-0.370214,1.86422
280,-2.34871,-2.77833,1.21388
280,-2.77842,-0.131668,1.85064
280,-2.44325,-2.816,1.70651
280,-2.75411,-0.421797,1.83945
280,-2.77167,-0.316312,1.8576
280,-2.73248,-0.37344,1.63471
280,-2.86386,0.320967,1.8693
280,-2.78398,-0.336461,1.85836
280,-2.40214,-2.71962,1.30791
280,-2.78924,-0.337642,1.85914
280,-2.75815,-0.369906,1.68284
280,-2.76595,0.979674,0.794942
280,-2.78911,-0.417281,1.84131
280,-2.78446,-0.43745,1.82843
280,-2.81654,-0.310603,1.86519
280,-2.81857,-0.308599,1.86866
280,-2.84985,0.186203,1.69103
280,-2.15248,-2.34488,-0.55001
280,-2.85676,0.184274,1.71705
280,-2.86436,0.187833,1.71679
280,-2.90494,0.302227,1.86409
280,-2.87023,0.186955,1.69429
280,-2.45122,-2.75238,1.31675
280,-2.42321,-2.71287,1.10817
280,-2.37865,-2.78013,0.881257
280,-2.82217,0.990256,0.780493
280,-2.46177,-2.76126,1.222
280,-2.91782,0.207291,1.74018
280,-2.73332,-0.360525,1.01505
280,-2.74281,-0.352388,1.03426
280,-2.74054,-0.351292,1.01027
280,-2.74072,-0.353878,1.01
280,-2.74424,-0.348844,1.02199
280,-2.56075,-0.817036,0.258973
280,-2.49159,-2.72394,1.08755
280,-2.57819,-0.832357,0.264962
280,-2.81623,1.00739,0.335288
280,-2.97786,0.237377,1.73308
280,-2.82097,1.01739,0.298101
280,-2.82922,1.02082,0.29631
280,-2.72527,0.140031,0.30227
280,-2.83882,1.05091,0.283108
280,-2.8246,-0.537387,1.20427
280,-3.04077,0.228456,1.88524
280,-2.83993,0.50984,0.549016
280,-2.84913,0.523177,0.583728
280,-2.82294,0.500269,0.448681
280,-2.78805,0.436184,0.283176
280,-2.78697,0.438007,0.269296
280,-2.84304,-0.50384,1.21743
280,-2.84162,-0.594948,1.27044
280,-2.84967,0.516942,0.525558
280,-2.85458,-0.500018,1.21897
280,-3.07564,0.288989,1.87019
280,-2.80779,0.213661,0.394035
280,-3.05268,0.229703,1.77124
280,-2.85763,0.516084,0.46532
280,-2.87243,-0.500551,1.21624
280,-2.56538,-2.74835,0.993461
280,-2.57615,-2.75535,1.04232
280,-2.43498,-2.86437,0.303816
280,-2.8838,0.514994,0.536757
280,-2.46746,-2.79221,0.394331
280,-3.10085,0.294363,1.88013
280,-2.49988,-2.77425,0.550487
280,-3.12598,0.418784,1.90966
280,-2.83882,0.426382,0.267405
280,-2.52759,-2.7665,0.657443
280,-2.4525,-2.85519,0.289295
280,-2.77894,-0.246622,0.318805
280,-2.85972,0.509121,0.252608
280,-2.77046,-0.252489,0.257535
280,-2.91498,0.539318,0.534383
280,-2.77895,-0.210213,0.266891
280,-2.89506,0.519974,0.424933
280,-2.46631,-2.89745,0.29136
280,-2.51277,-2.47039,0.248857
280,-2.8659,0.425203,0.263005
280,-2.55922,-2.74679,0.679331
280,-2.55072,-3.14784,0.848748
280,-2.79351,-0.245157,0.25173
280,-2.56885,-2.75565,0.676991
280,-2.90174,0.568411,0.265363
280,-2.51703,-2.82533,0.366823
280,-2.91428,0.530568,0.334994
280,-2.51703,-2.83321,0.35129
280,-2.90029,0.517653,0.237746
280,-2.83528,-0.440135,0.509817
280,-3.16829,0.329986,1.87342
280,-2.869,0.218285,0.249201
280,-2.90026,0.520531,0.21942
280,-2.91591,0.576609,0.240185
280,-2.8233,-0.196431,0.237343
280,-2.55106,-2.45701,0.230171
280,-2.56783,-2.75625,0.526797
280,-2.87952,0.233028,0.247264
280,-2.93561,0.53395,0.332465
280,-2.85468,-0.439662,0.515437
280,-2.56356,-2.47557,0.245628
280,-2.93922,0.587091,0.288644
280,-2.49792,-2.40717,-0.182094
280,-2.46879,-2.01624,-0.642918
280,-2.94143,0.595065,0.243711
280,-2.92977,0.524414,0.22513
280,-2.95001,0.600332,0.254779
280,-2.49662,-2.02139,-0.603098
280,-2.5313,-2.42015,-0.194189
280,-2.84073,-0.557654,0.242771
280,-2.51548,-2.03143,-0.617575
280,-2.52226,-2.03472,-0.61419
280,-2.98858,0.637852,0.207337
280,-2.61638,-1.31345,-0.577026
280,-2.52188,-2.04211,-0.617712
280,-2.90055,-0.144907,0.216211
280,-2.89196,-0.502868,0.346942
280,-2.61014,-2.79514,0.29087
280,-2.60241,-2.80998,0.234455
280,-2.56849,-2.44567,-0.214127
280,-2.93148,-0.434813,0.465202
280,-2.89292,-0.416721,0.230893
280,-2.54988,-2.06373,-0.59517
280,-2.89155,-0.431172,0.229507
280,-2.62087,-2.80586,0.289932
280,-2.90239,-0.414124,0.212473
280,-2.94059,-0.439856,0.385861
280,-2.57942,-1.95225,-0.634802
280,-2.94715,-0.441867,0.406691
280,-3.01584,0.348864,0.224845
280,-2.59497,-1.94459,-0.60228
280,-2.6396,-2.80607,0.227482
280,-2.66786,-1.34678,-0.605364
280,-2.6679,-2.53727,0.187404
280,-2.91689,-0.55051,0.226927
280,-2.65004,-2.8131,0.245944
280,-2.95091,-0.511221,0.360274
280,-2.65562,-2.12339,-0.24339
280,-2.61091,-1.98203,-0.625707
280,-2.665,-2.11207,-0.245999
280,-2.67159,-2.7915,0.213992
280,-2.96626,-0.471841,0.248451
280,-3.05799,0.324536,0.204872
280,-2.62697,-2.0366,-0.64387
280,-3.0266,-0.0173317,0.18742
280,-3.01867,-0.433632,0.405984
280,-2.71342,-2.17185,-0.23907
280,-2.69523,-2.35268,-0.39374
280,-2.70296,-2.33733,-0.395204
280,-2.76491,-2.23088,-0.307983
280,-2.73366,-2.37251,-0.455139
280,-2.73576,-2.08381,-0.653966
280,-2.78914,-2.22065,-0.269674
280,-2.77153,-2.31,-0.319945
280,-2.82234,-1.4146,-0.640983
280,-2.77856,-2.28982,-0.324224
280,-2.77534,-2.32782,-0.318213
280,-2.80111,-2.17886,-0.310397
280,-2.78038,-2.3898,-0.329307
280,-2.80121,-2.29784,-0.333909
280,-2.80186,-2.37397,-0.294429
280,-2.78408,-2.31083,-0.487752
280,-2.80885,-2.34396,-0.484909
280,-2.83735,-2.38759,-0.314245
280,-2.87768,-2.31499,-0.536114
280,-1.72745,-0.888579,0.803141
279,-1.72745,-0.888579,0.803141
280,-2.31738,-0.853177,-0.182199
279,-2.31738,-0.853177,-0.182199
280,-2.81714,-0.57517,1.29645
279,-2.81714,-0.57517,1.29645
280,-2.68289,-1.7029,-0.540307
279,-2.68289,-1.7029,-0.540307
280,-2.83,-0.578332,1.29331
279,-2.83,-0.578332,1.29331
280,-2.99519,-0.889765,-0.674583
279,-2.99519,-0.889765,-0.674583
280,-2.19639,-0.963304,1.59635
279,-2.19639,-0.963304,1.59635
280,-2.41544,-2.75086,0.411896
279,-2.41544,-2.75086,0.411896
280,-2.25244,-0.391565,0.422858
279,-2.25244,-0.391565,0.422858
280,-1.92989,-0.92719,1.13978
279,-1.92989,-0.92719,1.13978
280,-1.47811,-0.878085,0.93365
279,-1.47811,-0.878085,0.93365
280,-3.02192,-0.0795704,0.194803
279,-3.02192,-0.0795704,0.194803
280,-1.21267,-0.974895,0.819097
279,-1.21267,-0.974895,0.819097
280,-2.06249,-1.25972,1.31067
274,-2.06249,-1.25972,1.31067
280,-2.70584,-0.451122,0.439701
271,-2.70584,-0.451122,0.439701
280,-2.72168,-0.454088,0.427885
271,-2.72168,-0.454088,0.427885
280,-2.69772,-0.498239,0.441062
271,-2.69772,-0.498239,0.441062
280,-2.6991,-0.367039,1.40267
271,-2.6991,-0.367039,1.40267
280,-2.71712,-0.453378,0.429932
271,-2.71712,-0.453378,0.429932
280,-2.71852,-0.450061,0.472371
271,-2.71852,-0.450061,0.472371
280,-2.81514,0.501546,0.574386
271,-2.81514,0.501546,0.574386
280,-2.69358,-0.427642,1.84724
273,-2.69358,-0.427642,1.84724
280,-2.70308,0.100968,1.80754
273,-2.70308,0.100968,1.80754
280,-2.43158,-1.355,1.97812
273,-2.43158,-1.355,1.97812
280,-2.21809,-1.26483,1.60928
273,-2.21809,-1.26483,1.60928
280,-1.9539,-1.10233,0.587644
273,-1.9539,-1.10233,0.587644
280,-1.99755,-1.11812,0.570204
273,-1.99755,-1.11812,0.570204
280,-1.59668,-1.18286,0.632128
93,-1.59668,-1.18286,0.632128
280,-5.43542,-5.13467,1.28748
93,-5.43542,-5.13467,1.28748
280,-1.6499,-1.02685,0.688604
93,-1.6499,-1.02685,0.688604
280,-2.4215,-2.75343,0.39745
93,-2.4215,-2.75343,0.39745
280,-1.63026,-1.38286,0.091043
276,-1.63026,-1.38286,0.091043
280,-2.54997,-2.72493,0.728541
64,-2.54997,-2.72493,0.728541
281,-1.4828,-1.18124,0.365629
281,-1.60352,-0.864222,0.627169
281,-1.73329,-0.889543,0.878334
281,-1.7493,-0.883663,0.859049
281,-1.86694,-0.91331,1.02504
281,-1.87518,-0.914719,1.03057
281,-1.8639,-1.07188,1.1054
281,-1.88909,-1.06388,1.07356
281,-1.84774,-1.21004,1.0401
281,-1.89671,-1.05492,1.07068
281,-1.88895,-1.08232,1.06204
281,-1.89037,-1.0699,0.998253
281,-1.89808,-1.05212,0.986512
281,-1.89848,-1.05168,0.981742
281,-1.90134,-1.06293,1.02743
281,-1.90361,-1.08363,1.0601
281,-1.90316,-1.07192,0.99706
281,-1.915,-1.05105,1.06308
281,-1.91468,-1.0464,1.04224
281,-1.88171,-1.10411,0.827046
281,-1.9014,-1.09932,1.02341
281,-1.90216,-1.0707,0.930451
281,-1.91903,-1.05023,1.00278
281,-1.89107,-1.07358,0.748313
281,-1.88452,-1.12299,0.829408
281,-1.91553,-1.0538,0.947684
281,-1.92669,-1.04074,1.0256
281,-1.89204,-1.11259,0.819744
281,-1.91445,-1.07932,0.954168
281,-1.89474,-1.1233,0.838017
281,-1.90295,-1.08243,0.764051
281,-1.91418,-1.09856,0.946358
281,-1.89447,-1.20411,1.02502
281,-1.89131,-1.08407,0.589264
281,-1.90459,-1.04943,0.590996
281,-1.89949,-1.10647,0.709899
281,-2.00243,-0.910557,1.25891
281,-1.90651,-1.04864,0.580255
281,-1.90131,-1.10573,0.699319
281,-2.00433,-0.910161,1.26289
281,-2.00163,-0.935982,1.2752
281,-2.00956,-0.931657,1.27489
281,-2.01125,-0.932442,1.2803
281,-2.01044,-0.93728,1.27981
281,-2.2698,-0.152458,1.77624
281,-1.91828,-1.10193,0.667919
281,-1.91913,-1.08041,0.569955
281,-2.0221,-0.93236,1.27998
281,-2.02394,-0.933955,1.27125
281,-2.03539,-0.942063,1.30294
281,-2.0705,-0.971396,1.26186
281,-2.08042,-0.993433,1.28413
281,-2.09274,-0.973795,1.2629
281,-2.13963,-0.87904,1.44471
281,-2.0383,-1.24439,1.36141
281,-2.02424,-1.31377,1.3336
281,-2.0376,-1.31326,1.34959
281,-2.18928,-0.954763,1.59108
281,-2.13422,-1.23663,1.50426
281,-2.1343,-1.25254,1.5084
281,-2.45807,0.0630155,0.882042
281,-2.18706,-1.24912,1.60346
281,-2.27303,-1.25289,1.72941
281,-2.27843,-1.26296,1.74986
281,-2.38191,-0.984352,1.8311
281,-2.38544,-0.987258,1.85501
281,-2.3459,-1.35018,1.8598
281,-2.47361,-0.973225,2.05405
281,-2.48111,-0.97258,2.06516
281,-2.76348,0.423,0.834656
281,-2.74471,0.296129,0.932827
281,-2.49021,-0.999078,2.08987
281,-2.7466,0.296321,0.935956
281,-2.38599,-1.34993,1.95889
281,-2.50085,-0.97707,2.07464
281,-2.73789,0.425782,0.278155
281,-2.68875,-0.253714,1.87282
281,-2.74237,0.403228,0.28893
281,-2.69678,-0.255511,1.82306
281,-2.83498,0.509163,0.991365
281,-2.73811,-0.142993,1.84992
281,-2.82824,0.515285,0.656263
281,-2.83009,0.51434,0.668342
281,-2.66799,-0.212356,1.01977
281,-2.83852,0.511324,0.639558
281,-2.75288,-0.196176,1.83051
281,-2.55517,-1.02643,2.1184
281,-2.7695,-0.148387,1.79269
281,-2.77737,-0.139843,1.85583
281,-2.76639,-0.202816,1.88792
281,-2.77573,-0.144445,1.78053
281,-2.86442,0.528639,0.656429
281,-2.77914,-0.139065,1.78729
281,-2.84819,0.57449,0.271977
281,-2.69864,-0.209861,1.01894
281,-2.76715,0.192608,0.504708
281,-2.77288,0.190124,0.511334
281,-2.70919,-0.200799,1.01424
281,-2.71359,-0.200972,1.01235
281,-2.77323,-0.246147,1.83396
281,-2.76314,0.149732,0.3124
281,-2.87321,0.56583,0.267808
281,-2.89416,0.616962,0.247885
281,-2.78213,0.159217,0.274773
281,-2.74928,-0.198878,1.01002
281,-2.90427,0.590562,0.237412
281,-2.7637,-0.204774,1.00714
281,-2.79114,-0.363652,1.70017
281,-2.72314,-0.200916,0.292318
281,-2.89706,-0.0662605,1.87328
281,-2.6794,-1.01768,2.32103
281,-2.8064,-0.415189,1.82853
281,-2.96753,0.645883,0.210284
281,-2.85576,0.222002,0.257609
281,-2.58818,-1.39421,2.29035
281,-2.97781,0.233749,1.63498
281,-2.58991,-1.39357,2.29337
281,-2.69299,-1.03283,2.33762
281,-2.86137,-0.28549,1.89846
281,-2.77721,-0.217859,0.668751
281,-2.79052,-0.125421,0.512719
281,-2.70183,-1.0307,2.34582
281,-2.74325,-0.25518,0.296497
281,-2.60373,-1.40554,2.29324
281,-2.85484,-0.371753,1.8849
281,-2.6268,-1.35114,2.30309
281,-2.62824,-1.34783,2.30606
281,-2.6169,-1.37683,2.26198
281,-2.61862,-1.37814,2.27144
281,-2.80455,-0.0850967,0.304344
281,-2.6152,-1.40274,2.29871
281,-2.74113,-1.01735,2.52848
281,-2.6229,-1.38094,2.29141
281,-2.80614,-0.0799996,0.265369
281,-2.95072,0.259066,0.843928
281,-2.74754,-1.00692,2.51302
281,-2.7731,-0.242269,0.360633
281,-2.75274,-0.386529,0.55958
281,-2.74964,-1.0051,2.49595
281,-2.63192,-1.37614,2.28581
281,-2.75226,-0.997504,2.47544
281,-2.77288,-0.246983,0.314112
281,-2.63453,-1.38542,2.28262
281,-2.22922,-2.77739,1.98862
281,-2.81011,-0.113567,0.256645
281,-2.64344,-1.37828,2.34811
281,-2.64469,-1.38105,2.34252
281,-2.64701,-1.37879,2.3468
281,-2.6532,-1.36129,2.31845
281,-2.80575,-0.163468,0.254794
281,-2.77178,-1.00265,2.50558
281,-2.79953,-0.192583,0.234786
281,-2.87945,-0.405421,1.77705
281,-2.65847,-1.38579,2.29532
281,-2.79576,-0.342969,0.54186
281,-2.7908,-0.289693,0.252345
281,-2.67267,-1.39566,2.38796
281,-2.8036,-0.345501,0.559058
281,-2.83905,-0.151958,0.253072
281,-2.68715,-1.3957,2.43838
281,-2.67141,-1.41871,2.32527
281,-2.8242,-0.218303,0.260061
281,-2.93983,-0.305576,1.8759
281,-2.2621,-2.82178,1.99237
281,-2.80581,-0.299188,0.256102
281,-2.82995,-0.519078,1.2251
281,-2.29837,-2.71405,2.00463
281,-2.83717,-0.496802,1.2065
281,-2.83502,-0.516742,1.22321
281,-2.22246,-2.9175,1.68663
281,-2.82159,-0.309833,0.279142
281,-2.23212,-2.92383,1.69166
281,-2.31181,-2.73362,2.01149
281,-3.0011,0.330441,0.220363
281,-2.27898,-2.76737,1.65168
281,-2.27921,-2.78712,1.66621
281,-2.90684,-0.0365201,0.184173
281,-2.25383,-2.94771,1.69715
281,-2.25017,-2.97829,1.71121
281,-2.26346,-2.98884,1.69669
281,-2.36264,-2.75895,2.02036
281,-2.34469,-2.83478,2.00659
281,-2.30681,-2.77308,0.934043
281,-2.36805,-2.91671,2.02327
281,-2.34141,-2.76379,1.10973
281,-2.40464,-2.89394,2.02387
281,-2.94557,-0.400764,0.192917
281,-2.42157,-2.90996,2.03758
281,-2.96336,-0.453025,0.501413
281,-2.37495,-2.79198,1.0966
281,-2.44149,-2.79266,1.86294
281,-2.37975,-2.79797,1.09586
281,-2.3704,-2.77482,0.909111
281,-2.21152,-3.58592,1.60312
281,-2.44042,-2.78005,1.66696
281,-2.37888,-2.80447,0.904816
281,-2.44333,-2.92925,2.03111
281,-2.3236,-3.39129,2.02794
281,-2.44777,-2.94393,2.03801
281,-2.39324,-2.79438,0.902877
281,-2.29153,-3.38686,1.60284
281,-2.41839,-2.77737,0.946809
281,-2.47031,-2.81947,1.67796
281,-2.49177,-2.85369,2.03385
281,-2.47758,-2.80854,1.72118
281,-2.47468,-2.8246,1.70326
281,-2.42006,-2.83366,1.09511
281,-2.47693,-2.8232,1.66212
281,-2.39925,-2.85033,0.826249
281,-2.41488,-2.7734,0.742577
281,-2.47942,-2.82321,1.63748
281,-2.41317,-2.80073,0.778025
281,-2.4124,-3.11929,1.71555
281,-2.43754,-2.78745,0.924706
281,-2.42954,-2.82571,0.884315
281,-2.43115,-2.78427,0.753406
281,-2.43096,-2.78233,0.72898
281,-2.33175,-3.50916,1.69876
281,-2.40105,-2.82703,0.312484
281,-2.41218,-2.82144,0.279046
281,-2.44204,-2.76881,0.396124
281,-2.54951,-2.89592,2.04991
281,-2.46174,-2.85002,0.875024
281,-2.47463,-2.82268,0.934673
281,-2.44689,-2.76971,0.390637
281,-2.42659,-2.85828,0.307265
281,-2.48139,-2.77067,0.643609
281,-2.45221,-2.77987,0.275601
281,-2.46604,-3.18619,1.71285
281,-2.36754,-3.55111,1.70348
281,-2.48616,-2.77343,0.600512
281,-2.37071,-3.54575,1.70784
281,-2.49783,-2.77091,0.671202
281,-2.50243,-2.77795,0.665663
281,-2.50138,-2.75804,0.578284
281,-2.55184,-2.47337,0.236433
281,-2.49371,-2.83676,0.699634
281,-2.50183,-2.82721,0.71445
281,-2.50488,-2.77849,0.592943
281,-2.48693,-2.8105,0.480664
281,-2.38913,-3.5541,1.70643
281,-2.4516,-2.88446,0.293281
281,-2.45557,-2.86523,0.277115
281,-2.51616,-2.77516,0.661189
281,-2.51733,-2.78631,0.663832
281,-2.51411,-2.77815,0.586281
281,-2.46115,-2.88269,0.280024
281,-2.44447,-3.16416,0.899242
281,-2.52025,-2.76065,0.482453
281,-2.53169,-2.76659,0.590138
281,-2.45733,-3.39684,1.70907
281,-2.46166,-3.39659,1.70983
281,-2.53217,-2.90343,0.858013
281,-2.56043,-2.7733,0.471581
281,-2.4963,-3.41293,1.73004
281,-2.60673,-3.1309,2.0914
281,-2.5162,-3.3651,1.73895
281,-2.49632,-3.43634,1.73117
281,-2.51986,-3.37319,1.74283
281,-2.5515,-2.79399,0.250171
281,-2.43135,-3.25138,0.292016
281,-2.40604,-3.5745,1.01743
281,-2.54293,-2.99852,0.764848
281,-2.52041,-2.94475,0.262935
281,-2.39641,-3.57672,0.831883
281,-2.43606,-3.26461,0.288668
281,-2.41923,-3.54272,0.976707
281,-2.59615,-2.80661,0.671203
281,-2.40558,-3.58656,0.833765
281,-2.55254,-3.10728,0.925549
281,-2.694,-2.21514,-0.274616
281,-2.57643,-2.8097,0.245475
281,-2.70888,-2.18347,-0.268703
281,-2.62196,-2.79942,0.65761
281,-2.43922,-3.60113,1.05062
281,-2.60386,-2.75777,0.224074
281,-2.6323,-2.79348,0.645977
281,-2.49304,-3.23045,0.274719
281,-2.48055,-3.30519,0.264755
281,-2.44381,-3.62698,0.830699
281,-2.48914,-3.30414,0.264645
281,-2.61613,-3.10009,0.908872
281,-2.52862,-3.74474,1.93699
281,-2.59875,-3.14435,0.822412
281,-2.50346,-3.54413,0.908655
281,-2.549,-3.70649,1.92752
281,-2.5585,-3.17733,0.297108
281,-2.51297,-3.33439,0.241183
281,-2.53372,-3.27874,0.272512
281,-2.55945,-3.19467,0.270662
281,-2.62033,-3.15713,0.823578
281,-2.52826,-3.31389,0.240886
281,-2.66616,-2.79817,0.194354
281,-2.5294,-3.31673,0.226572
281,-2.55119,-3.28944,0.239378
281,-2.61746,-3.26143,0.862034
281,-2.58828,-3.19957,0.239319
281,-2.6511,-3.17908,0.899703
281,-2.61675,-3.24562,0.230667
281,-2.62626,-3.24268,0.223291
281,-2.62714,-3.25989,0.225707
281,-2.5258,-3.69888,0.315535
281,-2.05117,-1.26482,1.37549
279,-2.05117,-1.26482,1.37549
281,-1.34992,-1.93597,0.96096
279,-1.34992,-1.93597,0.96096
281,-2.91584,-2.43776,-0.402819
279,-2.91584,-2.43776,-0.402819
281,-2.21577,-1.27268,1.51789
279,-2.21577,-1.27268,1.51789
281,-2.58802,-0.435774,1.70963
274,-2.58802,-0.435774,1.70963
281,-2.76177,-0.310652,1.84023
274,-2.76177,-0.310652,1.84023
281,-2.61242,-0.322308,1.81479
274,-2.61242,-0.322308,1.81479
281,-2.98082,0.318256,1.85661
274,-2.98082,0.318256,1.85661
281,-2.63028,-0.434516,1.69036
273,-2.63028,-0.434516,1.69036
281,-2.87044,-0.294701,1.86225
273,-2.87044,-0.294701,1.86225
281,-2.81369,-0.405487,0.265998
273,-2.81369,-0.405487,0.265998
281,-1.73164,-0.1389,1.54938
271,-1.73164,-0.1389,1.54938
281,-2.2708,-2.59211,0.718382
93,-2.2708,-2.59211,0.718382
281,-1.84491,-2.38428,1.14849
93,-1.84491,-2.38428,1.14849
281,-2.72587,-0.425213,1.04292
93,-2.72587,-0.425213,1.04292
281,-2.35437,-2.6751,0.673857
93,-2.35437,-2.6751,0.673857
281,-2.16069,-3.32921,0.891364
93,-2.16069,-3.32921,0.891364
281,-2.26472,-3.2058,1.31721
93,-2.26472,-3.2058,1.31721
281,-2.38138,-3.43302,0.347561
93,-2.38138,-3.43302,0.347561
281,-2.37807,-3.4132,0.935501
93,-2.37807,-3.4132,0.935501
281,-2.37951,-3.4363,0.349507
93,-2.37951,-3.4363,0.349507
281,-2.31519,-3.35086,0.956187
93,-2.31519,-3.35086,0.956187
281,-2.31197,-2.69304,0.967883
93,-2.31197,-2.69304,0.967883
281,-1.79072,-2.92556,0.611173
93,-1.79072,-2.92556,0.611173
281,-2.49999,-2.69817,0.552112
65,-2.49999,-2.69817,0.552112
281,-3.16804,0.347186,1.87079
265,-3.16804,0.347186,1.87079
282,-1.77245,-0.901849,0.824823
282,-1.89228,-1.03969,0.832982
282,-1.90479,-1.0365,1.03758
282,-1.88862,-1.11994,0.7715
282,-1.90244,-1.07436,1.09302
282,-1.89129,-1.11922,0.757209
282,-1.90959,-1.07413,0.821831
282,-1.90194,-1.09714,1.04127
282,-1.91999,-1.06259,0.919794
282,-1.91455,-1.07092,1.02976
282,-1.9208,-1.08313,0.568144
282,-1.91155,-1.10267,0.762105
282,-1.91912,-1.06944,1.09211
282,-1.91639,-1.1028,0.584051
282,-1.92312,-1.06946,1.02402
282,-1.92141,-1.0737,1.02129
282,-1.87931,-1.21996,1.06687
282,-1.88322,-1.21738,1.10874
282,-1.95757,-1.0483,1.02804
282,-1.88372,-1.23487,1.06398
282,-2.02555,-0.935611,1.26972
282,-2.0382,-0.943507,1.26796
282,-2.05554,-0.932847,1.25927
282,-2.01379,-1.23164,1.27898
282,-2.01667,-1.2314,1.28383
282,-2.02458,-1.24473,1.33302
282,-2.17751,-0.894693,1.47625
282,-2.18601,-0.88049,1.47768
282,-2.1845,-1.24762,1.5889
282,-2.18461,-1.25358,1.59406
282,-2.18529,-1.25296,1.6008
282,-2.68028,-0.218827,1.02329
282,-2.68028,-0.223429,1.09247
282,-2.74019,-0.137119,0.847755
282,-2.70392,-0.209054,1.84016
282,-2.8009,-0.0896731,1.88103
282,-2.79616,-0.221896,0.667293
282,-2.7567,-0.354469,0.548753
282,-2.23218,-1.4968,2.75677
282,-2.2334,-1.49495,2.75203
282,-2.7502,-0.354215,1.006
282,-2.23655,-1.4956,2.75075
282,-2.86836,-0.112095,0.821288
282,-2.7977,-0.240172,1.83738
282,-2.75276,-0.40714,0.624081
282,-2.74961,-0.414817,0.628689
282,-2.77753,-0.330971,1.28152
282,-2.25719,-1.49915,2.76287
282,-2.78431,-0.293596,1.84562
282,-2.75511,-0.427861,0.563
282,-2.73535,-0.416529,1.82163
282,-2.25932,-1.50613,2.80892
282,-2.78961,-0.338565,1.00802
282,-2.2626,-1.50913,2.81435
282,-2.38248,-1.27427,1.86307
282,-2.27324,-1.50811,2.82161
282,-2.28701,-1.49854,2.86721
282,-2.51953,-0.995573,2.0943
282,-2.29365,-1.50201,2.86926
282,-2.52198,-0.998884,2.08228
282,-2.38239,-1.34432,1.88525
282,-2.29559,-1.50487,2.89689
282,-2.30364,-1.50735,2.78858
282,-2.54272,-0.982907,2.08092
282,-2.53796,-0.994933,2.09197
282,-2.54385,-0.9808,2.09698
282,-2.54385,-0.996839,2.11158
282,-2.54558,-0.998523,2.09857
282,-2.32207,-1.51268,2.88207
282,-2.80923,-0.4195,1.6662
282,-2.85983,-0.292483,1.85329
282,-2.32952,-1.50793,2.89271
282,-2.92448,-0.186571,0.98964
282,-2.32357,-1.54182,2.8714
282,-2.42698,-1.34415,1.98002
282,-2.3524,-1.50483,2.73471
282,-2.82596,-0.501517,1.19614
282,-2.38322,-1.51234,2.7209
282,-2.38591,-1.51072,2.71313
282,-2.40056,-1.51463,2.72433
282,-2.29272,-1.77577,2.75174
282,-2.84288,-0.544436,1.25599
282,-2.40669,-1.52649,2.73003
282,-2.42017,-1.51959,2.73476
282,-2.34709,-1.69474,2.88549
282,-2.91141,-0.461161,1.02233
282,-2.43312,-1.52078,2.73513
282,-2.83988,-0.548998,2.9285
282,-2.68513,-0.960241,2.37352
282,-2.90066,-0.520999,0.983036
282,-2.37474,-1.70881,2.8978
282,-2.94328,-0.451773,1.0227
282,-2.95301,-0.451817,1.01215
282,-2.71793,-0.959225,2.36195
282,-2.7266,-0.961938,2.39252
282,-2.40047,-1.71431,2.87392
282,-2.44447,-1.62509,2.71053
282,-2.40019,-1.7216,2.90856
282,-2.41512,-1.70584,2.87391
282,-2.41287,-1.72038,2.87873
282,-2.73007,-0.992456,2.47766
282,-2.42394,-1.70185,2.8934
282,-2.73876,-0.976618,2.43978
282,-2.48056,-1.59228,2.72335
282,-2.48148,-1.59226,2.7205
282,-2.43884,-1.69909,2.9004
282,-2.472,-1.62943,2.96577
282,-2.74427,-1.0054,2.4947
282,-2.51255,-1.56046,2.74016
282,-2.44199,-1.72708,2.86179
282,-2.45925,-1.71068,2.87745
282,-2.4662,-1.70682,2.89878
282,-2.7679,-1.01572,2.53272
282,-2.47,-1.71593,2.87933
282,-2.4774,-1.69631,2.92694
282,-2.52353,-1.60153,2.73661
282,-2.77788,-1.00692,2.54618
282,-2.63357,-1.36194,2.32183
282,-2.78709,-0.992327,2.4834
282,-2.48834,-1.69113,2.95823
282,-2.78714,-1.00933,2.53682
282,-3.06873,-0.416797,0.944255
282,-2.48669,-1.71347,2.75991
282,-2.48201,-1.72943,2.88109
282,-2.49872,-1.69203,2.95777
282,-2.50253,-1.68953,2.95459
282,-2.47181,-1.77958,2.83982
282,-2.65441,-1.37804,2.37254
282,-2.51504,-1.68948,2.96215
282,-2.54072,-1.64206,2.73347
282,-2.53379,-1.66274,2.96231
282,-2.53426,-1.66663,2.96782
282,-2.67943,-1.34593,2.52051
282,-2.68213,-1.34712,2.52956
282,-2.66863,-1.40362,2.3064
282,-2.67314,-1.38928,2.40757
282,-2.69269,-1.35633,2.52313
282,-2.55885,-1.67511,2.74385
282,-2.70455,-1.34487,2.5267
282,-2.70758,-1.35168,2.53468
282,-2.54576,-1.7263,2.79862
282,-2.59758,-1.62328,2.75781
282,-2.55251,-1.73079,2.79626
282,-2.5524,-1.73675,2.79684
282,-2.72142,-1.35601,2.54056
282,-2.57116,-1.70297,2.77956
282,-2.58684,-1.67633,2.75584
282,-2.57583,-1.70247,2.77952
282,-2.52946,-1.82416,2.86394
282,-2.57123,-1.73657,2.8037
282,-2.58055,-1.72947,2.81883
282,-2.59716,-1.71061,2.78806
282,-2.54478,-1.84423,2.87294
282,-2.59157,-1.73967,2.81562
282,-2.59266,-1.74317,2.85085
282,-3.19833,-0.39664,0.926649
282,-2.64547,-1.68822,2.78346
282,-2.6533,-1.69721,2.78819
282,-2.65839,-1.69246,2.79209
282,-2.6788,-1.67266,2.79638
282,-2.68939,-1.67978,2.79724
282,-3.30275,-0.38097,0.907327
282,-2.33595,-2.8316,1.91677
282,-2.38632,-2.79823,1.09418
282,-2.35903,-2.84622,1.92387
282,-2.37547,-2.86735,1.93256
282,-2.37092,-2.901,1.9244
282,-2.43663,-2.80903,0.622098
282,-2.38284,-2.84513,2.84997
282,-2.42599,-2.75164,2.81874
282,-2.4559,-2.75156,1.36551
282,-2.42677,-2.80762,1.67222
282,-2.43069,-2.81155,1.83796
282,-2.3994,-2.88745,1.92837
282,-2.43614,-2.81894,1.6728
282,-2.46564,-2.76625,1.30848
282,-2.44317,-2.75644,2.83779
282,-2.4513,-2.86257,0.284493
282,-2.44186,-2.84492,1.18678
282,-2.48282,-2.77462,0.642159
282,-2.47357,-2.76581,1.41824
282,-2.46714,-2.80481,0.923334
282,-2.48479,-2.79151,0.392254
282,-2.46045,-2.85997,0.277236
282,-2.48028,-2.76843,1.23443
282,-2.44393,-2.86147,1.09509
282,-2.45131,-2.88315,0.296365
282,-2.44963,-2.85435,1.21776
282,-2.47249,-2.72074,2.93143
282,-2.48657,-2.81267,0.3091
282,-2.45806,-2.85382,1.2142
282,-2.5035,-2.77804,0.680352
282,-2.47286,-2.87038,0.294375
282,-2.51077,-2.77082,0.569575
282,-2.51085,-2.78392,0.540899
282,-2.49686,-2.78429,1.30146
282,-2.37734,-3.03937,1.94101
282,-2.45562,-2.87001,1.65678
282,-2.44036,-2.89623,1.89309
282,-2.51519,-2.78599,0.530785
282,-2.4818,-2.8553,0.77621
282,-2.42423,-2.94806,1.70256
282,-2.46906,-2.8365,1.8467
282,-2.38083,-3.04208,1.93986
282,-2.47306,-2.83595,1.81628
282,-2.5084,-2.79617,1.23763
282,-2.51775,-2.77744,1.20349
282,-2.42323,-2.96871,1.93158
282,-2.48673,-2.77716,2.86506
282,-2.53604,-2.7704,0.656573
282,-2.53349,-2.77833,0.66316
282,-2.51609,-2.79522,1.1801
282,-2.48259,-2.84559,1.84089
282,-2.44742,-2.92611,1.94996
282,-2.5245,-2.78232,1.12727
282,-2.4893,-2.90868,0.282405
282,-2.50649,-2.83671,0.938691
282,-2.18994,-3.55804,1.62733
282,-2.52684,-2.77995,1.32219
282,-2.53324,-2.80177,0.55148
282,-2.53092,-2.7834,1.28553
282,-2.59489,-2.68373,0.233653
282,-2.53212,-2.79049,1.2671
282,-2.20776,-3.57561,1.00087
282,-2.31699,-3.23044,2.84024
282,-2.5672,-2.75908,0.299631
282,-2.55283,-2.7834,0.551069
282,-2.56303,-2.77785,0.243465
282,-2.5292,-2.81179,1.24334
282,-2.54031,-2.78491,1.32023
282,-2.54168,-2.79158,1.27432
282,-2.49761,-2.87018,1.84702
282,-2.21001,-3.56762,1.61054
282,-2.56051,-2.79447,0.502502
282,-2.28564,-3.33785,2.81908
282,-2.42321,-3.05506,1.94801
282,-2.55737,-2.80172,0.587238
282,-2.4166,-3.06713,2.05208
282,-2.58084,-2.76564,0.309858
282,-2.55755,-2.80473,0.664695
282,-2.51889,-2.79076,2.88318
282,-2.35194,-3.18394,2.9632
282,-2.51977,-2.79318,2.88379
282,-2.54911,-2.71356,3.09313
282,-2.31998,-3.27083,2.83752
282,-2.50682,-2.87482,1.84841
282,-2.56741,-2.79519,0.502827
282,-2.41786,-3.0863,1.94174
282,-2.62657,-2.67385,0.236218
282,-2.55354,-2.8258,0.708955
282,-2.46833,-2.96971,2.06489
282,-2.55433,-2.83114,0.694931
282,-2.51941,-2.86662,1.69414
282,-2.46485,-2.98868,2.04733
282,-2.04864,-3.9353,2.93763
282,-2.58834,-2.78312,0.261023
282,-2.36027,-3.19584,3.00521
282,-2.37949,-3.16264,2.97412
282,-2.36762,-3.19475,2.98283
282,-2.35557,-3.23806,2.86577
282,-2.38375,-3.16639,2.97653
282,-2.57396,-2.72289,2.86693
282,-2.61904,-2.74482,0.221773
282,-2.24117,-3.52012,2.82465
282,-2.63267,-2.71456,0.22602
282,-2.39216,-3.16011,2.96138
282,-2.3668,-3.22503,2.99
282,-2.55864,-2.77512,2.88091
282,-2.25042,-3.50926,2.85554
282,-2.56777,-2.74811,3.13251
282,-2.40943,-3.13405,3.00634
282,-2.42417,-3.22871,0.301092
282,-2.40294,-3.15096,3.00261
282,-2.37068,-3.35618,0.311474
282,-2.53537,-2.89648,1.85712
282,-2.37788,-3.21837,2.99462
282,-2.2432,-3.6057,1.64456
282,-2.20765,-3.68971,1.70007
282,-2.37759,-3.22543,3.00056
282,-2.39525,-3.24513,1.74421
282,-2.4095,-3.20528,1.9383
282,-2.51637,-2.95496,1.91013
282,-2.25553,-3.53424,2.82297
282,-2.62072,-2.7825,0.516664
282,-2.41458,-3.15461,3.01229
282,-2.44662,-3.13077,1.9582
282,-2.3638,-3.41418,0.34753
282,-2.4197,-3.22442,1.69014
282,-2.4074,-3.2604,1.74331
282,-2.42444,-3.1596,3.01084
282,-2.44267,-3.26655,0.266364
282,-2.59932,-2.75774,3.16076
282,-2.27651,-3.64168,0.988294
282,-2.433,-3.23742,1.70095
282,-2.44204,-3.16049,2.89743
282,-2.4188,-3.29511,1.36368
282,-2.49487,-3.13785,0.888576
282,-2.29477,-3.57709,1.68974
282,-2.24167,-3.65615,2.83689
282,-2.46094,-3.26615,0.275846
282,-2.28672,-3.65643,0.988063
282,-2.50734,-3.14058,0.822064
282,-2.33932,-3.50775,1.69861
282,-2.25605,-3.74678,0.895155
282,-2.47854,-3.25016,0.302533
282,-2.41219,-3.28157,3.02629
282,-2.28715,-3.65533,1.69648
282,-2.25966,-3.77344,0.859327
282,-2.45663,-3.259,1.93315
282,-2.37226,-3.53089,0.467619
282,-2.22825,-3.80696,2.03664
282,-2.54869,-3.13294,0.281156
282,-2.36494,-3.44649,2.99611
282,-2.27102,-3.77449,0.863017
282,-2.51491,-3.22795,0.249578
282,-2.43345,-3.33667,2.07013
282,-2.46718,-3.28062,1.70593
282,-2.26494,-3.77865,1.66974
282,-2.37657,-3.51561,1.70683
282,-2.30907,-3.68021,1.66608
282,-2.4171,-3.4303,1.70714
282,-2.4678,-3.31438,1.74324
282,-2.44385,-3.37074,1.95616
282,-2.38532,-3.52879,1.74169
282,-2.4564,-3.36038,1.84929
282,-2.44796,-3.3967,1.71795
282,-2.28993,-3.72164,2.85448
282,-2.43892,-3.49709,0.320506
282,-2.49612,-3.29887,1.69302
282,-2.30162,-3.81765,0.85843
282,-2.41399,-3.45212,3.03152
282,-2.34923,-3.70715,1.09185
282,-2.30837,-3.8152,0.876338
282,-2.33818,-3.65005,2.8887
282,-2.47494,-3.37836,1.83861
282,-2.3495,-3.71399,1.12164
282,-2.40302,-3.5683,1.72451
282,-2.3537,-3.71559,1.09854
282,-2.45769,-3.50989,0.316311
282,-2.64742,-2.9753,2.08497
282,-2.4798,-3.39385,1.82941
282,-2.30787,-3.84287,1.62364
282,-2.2782,-3.89351,2.05788
282,-2.59419,-3.23552,0.220767
282,-2.61902,-3.12158,2.08226
282,-2.41772,-3.61056,1.97386
282,-2.60309,-3.23816,0.763458
282,-2.48559,-3.54254,0.286849
282,-2.11761,-4.31106,2.61933
282,-2.35473,-3.86308,0.292127
282,-2.35521,-3.86629,0.283115
282,-2.57203,-3.2833,1.75075
282,-2.45743,-3.49929,3.04777
282,-2.4847,-3.53702,0.906274
282,-2.51025,-3.43933,1.97311
282,-2.49276,-3.51021,1.71147
282,-2.50254,-3.51969,1.71241
282,-2.38345,-3.91276,0.312238
282,-2.39483,-3.88953,0.27032
282,-2.54653,-3.44725,2.08027
282,-2.46795,-3.68676,1.44522
282,-2.54117,-3.59958,0.222622
282,-2.69001,-3.21814,0.881408
282,-2.5468,-3.59771,0.223644
282,-2.54189,-3.61838,0.220774
282,-2.55107,-3.58677,0.89571
282,-2.19674,-4.3939,2.46685
282,-2.51266,-3.70223,1.98211
282,-2.51921,-3.6933,1.98355
282,-2.34139,-4.08894,3.09055
282,-2.22804,-4.39779,2.67271
282,-2.56387,-3.61106,3.11272
282,-2.24597,-4.42419,2.64581
282,-2.23991,-4.44376,2.62973
282,-2.4885,-3.83733,2.9622
282,-2.25874,-4.42197,2.7151
282,-2.25842,-4.42609,2.71173
282,-2.37384,-4.17233,3.12349
282,-2.81628,-3.25311,0.826306
282,-2.46259,-4.14702,0.288987
282,-2.60693,-3.67147,3.13942
282,-2.27882,-4.47942,2.68068
282,-2.5545,-3.95038,3.00142
282,-2.53327,-4.21797,0.209455
282,-2.39993,-4.51098,3.08252
282,-2.63189,-3.95872,3.2071
282,-2.40669,-4.51601,3.09355
282,-2.4198,-4.54759,3.1059
282,-2.57832,-4.53565,0.176146
282,-2.65111,-4.56826,1.69974
282,-2.36522,-5.21457,3.13014
282,-2.37038,-5.21704,3.12626
282,-2.72756,-4.68462,0.135887
282,-2.43677,-5.31562,3.1786
282,-2.49118,-5.2399,3.24485
282,-2.47704,-5.27828,3.24204
282,-2.50548,-5.27213,3.25159
282,-2.28297,-2.78929,1.80539
280,-2.28297,-2.78929,1.80539
282,-2.0659,-2.68075,1.77304
280,-2.0659,-2.68075,1.77304
282,-1.85176,-2.59374,1.66974
280,-1.85176,-2.59374,1.66974
282,-2.26376,-2.77704,1.80125
280,-2.26376,-2.77704,1.80125
282,-2.27412,-2.85337,1.81042
280,-2.27412,-2.85337,1.81042
282,-0.889525,-1.70473,1.55546
280,-0.889525,-1.70473,1.55546
282,-2.36059,-2.9103,1.82734
280,-2.36059,-2.9103,1.82734
282,-2.13103,-2.70882,1.77461
280,-2.13103,-2.70882,1.77461
282,-1.65819,-1.17917,0.887532
93,-1.65819,-1.17917,0.887532
282,-2.36011,-2.65859,0.59694
93,-2.36011,-2.65859,0.59694
282,-2.65531,-3.53232,0.39141
93,-2.65531,-3.53232,0.39141
282,-2.33301,-2.7501,0.942853
93,-2.33301,-2.7501,0.942853
282,-2.44248,-2.74957,0.713528
93,-2.44248,-2.74957,0.713528
282,-1.91009,-3.05237,0.579738
93,-1.91009,-3.05237,0.579738
282,-2.39566,-3.44938,0.659615
93,-2.39566,-3.44938,0.659615
282,-3.23872,-0.464258,1.73132
274,-3.23872,-0.464258,1.73132
282,-1.92552,-0.913019,1.11723
274,-1.92552,-0.913019,1.11723
282,-2.73132,-0.48647,1.6832
271,-2.73132,-0.48647,1.6832
282,-2.57304,-0.170123,1.75966
271,-2.57304,-0.170123,1.75966
282,-2.76738,-0.0830139,1.85645
271,-2.76738,-0.0830139,1.85645
283,-1.48073,-0.875495,0.300277
283,-1.52321,-0.851623,0.387698
283,-1.541,-0.829942,0.392751
283,-1.55745,-0.808772,0.32148
283,-1.567,-0.828532,0.376778
283,-1.57955,-0.831894,0.375012
283,-1.31711,-1.30506,0.211782
283,-1.63123,-0.885019,0.60974
283,-1.39138,-1.23385,0.229785
283,-1.34015,-1.28867,0.13477
283,-1.40261,-1.2224,0.235561
283,-1.34524,-1.28689,0.138397
283,-1.37249,-1.29675,0.228643
283,-1.4887,-1.1676,0.400053
283,-1.48865,-1.16701,0.393445
283,-1.42602,-1.22309,0.256042
283,-1.44088,-1.20727,0.275177
283,-1.45543,-1.19369,0.292468
283,-1.46181,-1.19811,0.294865
283,-1.5015,-1.17116,0.390543
283,-1.50994,-1.17177,0.388127
283,-1.50549,-1.17452,0.372276
283,-1.47102,-1.19977,0.278214
283,-1.41588,-1.29309,0.238046
283,-1.50362,-1.2026,0.39759
283,-1.76313,-0.894605,0.796624
283,-1.76284,-0.891164,0.784344
283,-1.52124,-1.22559,0.488947
283,-1.53349,-1.22691,0.52905
283,-1.52172,-1.22476,0.477602
283,-1.46901,-1.23571,0.294209
283,-1.77189,-0.892671,0.789441
283,-1.48239,-1.21361,0.280043
283,-1.49031,-1.22515,0.328568
283,-1.45271,-1.28546,0.2739
283,-1.50537,-1.22511,0.356214
283,-1.44858,-1.29227,0.265571
283,-1.50473,-1.22953,0.360689
283,-1.4923,-1.25819,0.362952
283,-1.50274,-1.25282,0.379294
283,-1.49934,-1.21055,0.284243
283,-1.47189,-1.27067,0.292541
283,-1.48353,-1.24065,0.273256
283,-1.50262,-1.25664,0.355841
283,-1.50558,-1.20927,0.271401
283,-1.47232,-1.29203,0.270643
283,-1.48082,-1.28959,0.288077
283,-1.48449,-1.28872,0.282535
283,-1.49155,-1.28687,0.282434
283,-1.88467,-0.903961,1.04063
283,-1.70938,-1.22484,0.805932
283,-1.71185,-1.22596,0.811928
283,-1.92771,-0.909699,1.03141
283,-1.93691,-0.907255,1.04685
283,-1.93208,-0.922021,1.04584
283,-1.93109,-0.921303,1.04051
283,-1.96531,-0.885506,1.10051
283,-1.95729,-0.920464,1.1348
283,-1.94693,-0.924526,1.09882
283,-1.77414,-1.23385,0.921278
283,-1.91084,-1.03751,1.02947
283,-1.91219,-1.03828,1.0348
283,-1.79866,-1.25962,1.02098
283,-2.02448,-0.938886,1.26563
283,-1.91039,-1.07355,1.07111
283,-1.90943,-1.06469,0.986383
283,-1.8007,-1.20957,0.81715
283,-1.91569,-1.06126,0.945387
283,-1.86321,-1.12453,0.85922
283,-2.08826,-0.928668,1.34746
283,-1.91789,-1.07523,0.971897
283,-1.83727,-1.26724,1.01915
283,-1.92606,-1.08373,0.999235
283,-1.91472,-1.06282,0.910605
283,-1.94468,-1.07787,1.03788
283,-1.85346,-1.27379,1.05017
283,-1.94853,-1.09975,1.05568
283,-1.86611,-1.09543,0.702078
283,-1.92998,-1.08997,0.928002
283,-1.92297,-1.09019,0.898995
283,-1.90584,-1.11317,0.828644
283,-1.92377,-1.08605,0.804891
283,-2.19065,-0.914023,1.4996
283,-1.94972,-1.13263,0.988552
283,-1.91887,-1.1194,0.812593
283,-2.18825,-0.94786,1.50479
283,-1.98562,-1.26211,1.27064
283,-1.95597,-1.21026,1.01287
283,-2.01183,-1.23253,1.26395
283,-2.0468,-1.23833,1.32373
283,-2.05846,-1.30217,1.40989
283,-2.05954,-1.30406,1.40279
283,-2.08744,-1.23952,1.36908
283,-2.08504,-1.24576,1.37138
283,-2.72983,-0.245461,1.91535
283,-2.09001,-1.2422,1.34915
283,-2.15995,-1.25859,1.52239
283,-2.686,-0.417048,1.84306
283,-2.17471,-1.29537,1.52009
283,-2.68652,-0.422039,1.80731
283,-2.1997,-1.26949,1.55775
283,-2.22302,-1.26445,1.62058
283,-2.22705,-1.26263,1.59535
283,-2.22267,-1.27247,1.55691
283,-2.71828,-0.430983,1.79435
283,-2.28746,-1.25729,1.63558
283,-2.78509,-0.411976,1.85462
283,-2.30554,-1.28232,1.63174
283,-2.36793,-1.27934,1.84467
283,-2.38301,-1.28937,1.85831
283,-2.42404,-1.34384,1.96018
283,-2.4596,-1.294,1.99219
283,-2.46908,-1.29795,2.01526
283,-2.82758,-0.482247,1.78177
283,-2.44604,-1.34817,1.96328
283,-2.82606,-0.115035,0.879301
283,-2.51161,-1.3609,2.0338
283,-2.74463,-0.351161,0.992903
283,-2.69684,-0.158742,0.314756
283,-2.78312,-0.341569,0.982152
283,-2.68021,-0.207652,0.326317
283,-2.59688,-1.32211,2.1287
283,-2.71157,-0.170236,0.295981
283,-2.74906,-0.131195,0.294099
283,-2.75524,-0.127409,0.274688
283,-2.78145,-0.085228,0.292268
283,-2.78928,-0.0810223,0.272248
283,-2.75362,-0.171001,0.282795
283,-2.75608,-0.194103,0.287128
283,-2.74766,-0.215687,0.292523
283,-2.81649,-0.444417,0.986738
283,-2.79308,-0.11427,0.256167
283,-2.83474,-0.464728,1.03277
283,-2.81165,-0.101524,0.24126
283,-2.76218,-0.255027,0.283416
283,-2.83565,-0.111865,0.253533
283,-2.79443,-0.296285,0.273789
283,-2.78913,-0.330422,0.295603
283,-2.85045,-0.346484,0.53692
283,-2.8069,-0.292796,0.259004
283,-2.79426,-0.448862,0.497967
283,-2.8498,-0.289277,0.272887
283,-2.86377,-0.236016,0.204961
283,-2.88398,-0.243467,0.225335
283,-2.86537,-0.44365,0.458571
283,-2.89495,-0.459266,0.551505
283,-2.91057,-0.285102,0.273661
283,-2.86888,-0.417553,0.252388
283,-2.91596,-0.445199,0.456078
283,-2.88164,-0.413864,0.257782
283,-2.93349,-0.295849,0.207419
283,-2.85853,-0.517212,0.309666
283,-2.92945,-0.342464,0.230528
283,-2.91894,-0.392379,0.246237
283,-2.84071,-0.546326,0.240414
283,-2.93111,-0.37812,0.260409
283,-2.93124,-0.391247,0.241925
283,-2.86833,-0.543026,0.237174
283,-2.86486,-0.548317,0.218484
283,-2.93574,-0.499408,0.356354
283,-2.87718,-0.55028,0.222061
283,-2.88712,-0.554941,0.256418
283,-2.4703,-2.83583,2.10102
283,-2.45672,-2.87031,2.00762
283,-2.39553,-3.03657,2.07565
283,-2.48497,-2.85622,2.02972
283,-2.46714,-2.84323,1.87668
283,-2.45273,-2.81166,1.64498
283,-2.37414,-3.08179,1.85974
283,-2.43902,-3.07484,2.0889
283,-2.54775,-2.90126,2.09851
283,-2.40915,-3.05843,1.84525
283,-2.1868,-3.65632,2.04755
283,-2.36818,-3.32376,2.06968
283,-2.44895,-3.08618,1.85249
283,-2.46279,-3.20318,2.09039
283,-2.55924,-2.78262,1.6472
283,-2.45822,-3.10267,1.85731
283,-2.50451,-2.95379,1.73704
283,-2.44995,-2.85277,1.28599
283,-2.51307,-2.78839,1.35733
283,-2.45452,-2.85571,1.2614
283,-2.46176,-2.85878,1.28847
283,-2.46303,-2.85946,1.2592
283,-2.45583,-3.14051,1.76923
283,-2.45938,-2.86151,1.22214
283,-2.24985,-3.74824,2.11399
283,-2.25519,-3.75231,2.09457
283,-2.26083,-3.72802,2.06096
283,-2.25677,-3.75649,2.09684
283,-2.24363,-3.77634,2.03778
283,-2.39257,-3.5181,2.09208
283,-2.44601,-2.82837,0.959729
283,-2.457,-2.82994,0.985111
283,-2.28285,-3.7798,2.11898
283,-2.45547,-2.82863,0.945217
283,-2.28301,-3.74082,2.02359
283,-2.45112,-2.83154,0.925293
283,-2.5001,-3.17836,1.77594
283,-2.45237,-2.82634,0.91557
283,-2.26165,-3.81067,2.05054
283,-2.44956,-2.82418,0.875696
283,-2.28923,-3.7873,2.10465
283,-2.49623,-3.2403,1.84117
283,-2.26986,-3.8012,2.03476
283,-2.45568,-2.83434,0.890726
283,-2.27013,-2.43134,-0.604388
283,-2.3962,-3.59358,2.07675
283,-2.41853,-2.74363,0.512
283,-2.48133,-2.82139,0.888745
283,-2.5123,-2.42876,0.252213
283,-2.45265,-2.82556,0.783346
283,-2.44798,-2.82216,0.74341
283,-2.44318,-2.82483,0.72329
283,-2.32222,-3.77745,2.07773
283,-2.462,-2.83802,0.812974
283,-2.45152,-2.83056,0.746957
283,-2.41087,-2.37996,-0.274652
283,-2.46606,-2.73993,0.626833
283,-2.46087,-2.83703,0.779019
283,-2.37847,-3.44883,1.61051
283,-2.3868,-3.45227,1.64803
283,-2.48213,-2.82118,0.803331
283,-2.5031,-2.79917,0.840436
283,-2.52559,-2.43808,0.232219
283,-2.37735,-3.44824,1.59872
283,-2.47895,-2.78494,0.711471
283,-2.42397,-2.78009,0.483582
283,-2.36346,-3.5551,1.73373
283,-2.43238,-2.71541,0.387793
283,-2.47063,-2.76365,0.612185
283,-2.61095,-3.17082,1.92617
283,-2.50778,-2.80196,0.81888
283,-2.48382,-2.73587,0.59252
283,-2.47501,-2.76448,0.61295
283,-2.42278,-3.57791,1.96558
283,-2.29474,-3.86893,2.03089
283,-2.41637,-3.58377,1.94889
283,-2.47994,-2.76784,0.628938
283,-2.38295,-3.55019,1.75139
283,-2.51461,-2.81258,0.833917
283,-2.392,-3.54739,1.75207
283,-2.39614,-3.46853,1.60572
283,-2.40415,-3.47475,1.63063
283,-2.44579,-2.79445,0.483418
283,-2.48851,-2.77511,0.607088
283,-2.29225,-3.76061,1.73819
283,-2.51437,-2.7706,0.691859
283,-2.40999,-3.47933,1.64729
283,-2.50002,-2.75338,0.595211
283,-2.51354,-2.79046,0.715607
283,-2.29492,-3.76981,1.74493
283,-2.54141,-2.80993,0.847698
283,-2.29268,-3.76853,1.72841
283,-2.5153,-2.76387,0.653842
283,-2.40771,-2.81882,0.338162
283,-2.54651,-2.71975,0.676766
283,-2.59969,-2.77833,0.981431
283,-2.42517,-2.78208,0.314697
283,-2.59853,-2.77734,0.96448
283,-2.59554,-2.77522,0.947821
283,-2.61016,-2.78549,1.02259
283,-2.56293,-2.47479,0.244039
283,-2.53583,-2.78477,0.729983
283,-2.61512,-2.78884,1.03896
283,-2.3504,-3.30245,0.992227
283,-2.57009,-2.48286,0.247937
283,-2.5722,-2.74762,0.754705
283,-2.40999,-2.84066,0.306947
283,-2.53553,-2.79167,0.684409
283,-2.46783,-3.47571,1.73337
283,-2.45909,-3.46964,1.68534
283,-2.42643,-3.48875,1.58809
283,-2.46683,-3.6798,2.10343
283,-2.40709,-2.88012,0.334646
283,-2.45877,-3.45646,1.63348
283,-2.56542,-2.76283,0.710228
283,-2.53351,-2.76115,0.584259
283,-2.45264,-3.10942,0.940834
283,-2.34192,-3.7174,1.67657
283,-2.3437,-3.71884,1.68262
283,-2.56422,-2.75141,0.671817
283,-2.33946,-3.94442,2.08538
283,-2.40251,-3.28708,1.04237
283,-2.46357,-3.11758,0.947518
283,-2.48171,-3.49455,1.71998
283,-2.5828,-2.76811,0.663279
283,-2.41293,-3.30624,1.03576
283,-2.36463,-3.9514,2.07253
283,-2.60938,-3.30906,1.77951
283,-2.57333,-2.80436,0.660305
283,-2.40862,-3.30412,0.973831
283,-2.56635,-2.83407,0.676147
283,-2.50512,-3.71527,2.11375
283,-2.54604,-3.63006,2.09995
283,-2.56703,-2.91268,0.798774
283,-2.59216,-3.3673,1.75862
283,-2.33827,-3.91432,1.83164
283,-2.56511,-3.61886,2.10641
283,-2.58433,-2.76182,0.536322
283,-2.34258,-3.92017,1.81213
283,-2.50799,-2.82257,0.336351
283,-2.59311,-2.81414,0.575905
283,-2.38513,-3.50099,1.04403
283,-1.48301,-4.50753,-0.541628
283,-2.54599,-2.84313,0.337595
283,-1.64566,-5.05023,1.09541
283,-2.30745,-3.68516,0.995812
283,-2.40747,-3.46452,0.946897
283,-1.42181,-4.79633,-0.31853
283,-2.41635,-3.52695,1.03231
283,-2.36979,-4.22008,2.08277
283,-1.73323,-4.96051,1.04492
283,-1.85039,-4.71149,0.981053
283,-2.41266,-3.23163,0.288049
283,-2.39348,-4.22055,2.09833
283,-2.44864,-3.50371,0.931153
283,-2.41497,-3.24741,0.28867
283,-2.37429,-3.3678,0.344942
283,-2.45766,-3.51153,0.933098
283,-2.42799,-3.23451,0.287491
283,-2.39182,-4.23557,2.05599
283,-2.46064,-3.52498,0.95506
283,-2.34763,-4.19331,1.80108
283,-1.63391,-5.18176,0.942806
283,-1.66979,-5.09482,0.909451
283,-2.06855,-5.0148,2.28211
283,-2.39394,-3.3372,0.314949
283,-2.40123,-3.34323,0.315899
283,-1.75507,-5.02078,1.04652
283,-2.40023,-3.34263,0.306846
283,-2.40546,-4.26361,2.08942
283,-2.47225,-3.19704,0.284583
283,-2.38119,-3.76787,1.01372
283,-2.3687,-4.21773,1.77506
283,-1.87117,-4.77991,0.936169
283,-1.68326,-5.0452,0.712352
283,-2.48869,-3.2098,0.278209
283,-2.51926,-3.14707,0.274798
283,-2.44526,-3.28801,0.254357
283,-2.37248,-4.22379,1.75448
283,-2.49628,-3.19347,0.25053
283,-2.65031,-3.19188,0.832242
283,-2.3843,-4.24145,1.81404
283,-2.54953,-3.13587,0.321862
283,-2.51895,-3.17679,0.266476
283,-2.10671,-5.07323,2.29552
283,-2.53221,-3.17549,0.272801
283,-2.41409,-3.77792,0.964885
283,-2.46911,-3.52927,0.696954
283,-2.46548,-3.52412,0.670946
283,-2.41459,-3.77888,0.955589
283,-2.39378,-4.23906,1.75189
283,-2.49125,-3.55693,0.802133
283,-2.06366,-5.05421,2.00623
283,-2.42133,-3.79026,0.9558
283,-2.51941,-3.24443,0.278271
283,-2.52541,-3.21678,0.240007
283,-2.4283,-3.79899,0.951729
283,-2.53162,-4.19066,2.09452
283,-2.12065,-5.09395,2.24667
283,-2.53804,-3.21009,0.23783
283,-2.49219,-3.3268,0.267219
283,-2.5344,-4.20731,2.1163
283,-2.49425,-3.31725,0.249076
283,-2.42049,-4.27243,1.78588
283,-2.49495,-4.04272,1.62745
283,-2.49224,-3.32284,0.235173
283,-2.41259,-4.26356,1.71508
283,-2.50732,-3.33409,0.280254
283,-2.49628,-3.33087,0.226949
283,-2.44471,-3.82203,0.950835
283,-2.58302,-3.19129,0.228055
283,-2.5317,-3.54669,0.698405
283,-2.42302,-3.58708,0.302627
283,-2.55564,-3.34541,0.286188
283,-2.09795,-5.11607,1.90535
283,-2.53225,-4.21056,1.83108
283,-2.32963,-3.86586,0.304606
283,-2.33827,-3.86325,0.3011
283,-2.33071,-3.86899,0.270076
283,-2.46319,-3.6583,0.34005
283,-1.8707,-5.03777,0.67257
283,-2.0582,-4.95968,1.11544
283,-1.99332,-5.12667,1.13639
283,-2.28701,-4.53463,1.11122
283,-2.37769,-4.02967,0.31349
283,-2.40468,-4.6178,1.39988
283,-2.0472,-5.18174,1.10763
283,-2.11972,-5.11397,1.11235
283,-2.42791,-4.08018,0.294382
283,-2.22478,-5.33597,1.90656
283,-2.13898,-5.1646,1.10088
283,-2.64258,-4.54234,1.76907
283,-2.23425,-5.32862,1.70489
283,-2.19345,-4.78877,0.473394
283,-2.1907,-5.18144,1.15387
283,-2.16067,-4.66702,-0.102397
283,-2.20535,-5.23198,1.14495
283,-2.20702,-4.52057,-0.220206
283,-2.5132,-4.18849,0.278898
283,-2.21858,-5.24471,1.15746
283,-2.487,-4.49599,0.201973
283,-2.74999,-4.9029,1.8364
283,-2.55198,-4.46297,0.223274
283,-2.51734,-3.03169,1.84524
282,-2.51734,-3.03169,1.84524
283,-2.05577,-0.945026,1.30528
282,-2.05577,-0.945026,1.30528
283,-2.48614,-3.38225,1.75606
282,-2.48614,-3.38225,1.75606
283,-3.85835,-3.64654,-0.192569
282,-3.85835,-3.64654,-0.192569
283,-2.4629,-3.11223,1.84804
282,-2.4629,-3.11223,1.84804
283,-2.51554,-3.56272,0.645323
282,-2.51554,-3.56272,0.645323
283,-3.03443,-3.89699,0.192489
282,-3.03443,-3.89699,0.192489
283,-3.51819,-3.92118,1.85122
282,-3.51819,-3.92118,1.85122
283,-3.43817,-3.95865,2.25715
282,-3.43817,-3.95865,2.25715
283,-2.40728,-2.9378,1.8284
282,-2.40728,-2.9378,1.8284
283,-2.47516,-3.85413,1.11066
282,-2.47516,-3.85413,1.11066
283,-1.6124,-0.868326,0.637727
281,-1.6124,-0.868326,0.637727
283,-2.6657,-2.95797,1.90591
281,-2.6657,-2.95797,1.90591
283,-2.97407,-3.5493,1.8517
281,-2.97407,-3.5493,1.8517
283,-2.672,-3.30351,1.79186
281,-2.672,-3.30351,1.79186
283,-2.31824,-1.32637,1.38309
281,-2.31824,-1.32637,1.38309
283,-2.84839,-0.218044,0.262626
281,-2.84839,-0.218044,0.262626
283,-2.72925,-0.162994,0.282455
281,-2.72925,-0.162994,0.282455
283,-2.75142,-0.20311,1.01786
281,-2.75142,-0.20311,1.01786
283,-2.31272,-3.83798,1.6738
281,-2.31272,-3.83798,1.6738
283,-2.30198,-3.33052,1.71115
281,-2.30198,-3.33052,1.71115
283,-3.04055,-3.04315,0.655961
280,-3.04055,-3.04315,0.655961
283,-2.53093,-2.91376,1.31313
280,-2.53093,-2.91376,1.31313
283,-1.6577,-1.19438,0.589563
280,-1.6577,-1.19438,0.589563
283,-1.88814,-0.939629,1.49857
280,-1.88814,-0.939629,1.49857
283,-2.08489,-2.48283,0.452695
279,-2.08489,-2.48283,0.452695
283,-1.83846,-4.2819,0.66479
65,-1.83846,-4.2819,0.66479
283,-2.38441,-3.45187,0.345122
65,-2.38441,-3.45187,0.345122
283,-2.45339,-2.39361,-0.260611
93,-2.45339,-2.39361,-0.260611
284,-0.928167,-0.7583,-0.540299
284,-1.72776,-0.892195,0.902243
284,-1.47548,-0.845095,0.330341
284,-1.38342,-0.848062,0.152801
284,-2.01445,-0.940282,1.32512
284,-1.48738,-0.847634,0.321763
284,-1.08378,-1.13073,-0.146987
284,-1.87134,-0.907679,1.0375
284,-1.09963,-1.12862,-0.123928
284,-1.39033,-0.847713,0.14376
284,-1.39528,-0.850192,0.153965
284,-2.02633,-0.93691,1.32993
284,-1.119,-1.13035,-0.0930368
284,-1.41171,-0.858881,0.185703
284,-1.67683,-0.845047,0.63526
284,-2.03972,-0.922778,1.3351
284,-1.49357,-0.821474,0.292938
284,-1.39798,-0.854281,0.15139
284,-1.53333,0.227718,-0.536917
284,-2.04114,-0.935833,1.34522
284,-1.12886,-1.13419,-0.0836885
284,-1.64865,-0.889437,0.613853
284,-1.7495,-0.896092,0.793153
284,-1.1272,-1.13382,-0.0939348
284,-2.02949,-0.950028,1.32272
284,-2.06856,-0.935818,1.37685
284,-2.03516,-0.946109,1.3241
284,-1.12304,-1.13377,-0.112448
284,-1.53674,-0.855708,0.371064
284,-1.63818,-0.866297,0.551479
284,-1.13334,-1.13808,-0.100041
284,-1.89305,-0.906819,1.03026
284,-1.49939,-0.851708,0.294327
284,-1.43359,-0.856751,0.180799
284,-1.5144,-0.851143,0.31608
284,-2.06207,-0.927782,1.33884
284,-2.02388,-0.926832,1.2711
284,-1.5156,-0.816605,0.287375
284,-1.56774,-0.828089,0.382779
284,-1.53759,-0.793199,0.290805
284,-2.18733,-0.885536,1.50369
284,-1.444,-0.854903,0.175932
284,-2.20297,-0.885518,1.50491
284,-1.29734,-1.18106,0.172397
284,-1.78083,-0.906322,0.780047
284,-1.58168,0.249257,-0.555922
284,-1.2877,-1.19,0.149066
284,-2.0404,-0.943778,1.25442
284,-1.98444,-0.930459,1.12725
284,-1.25643,-1.30832,0.175925
284,-1.93496,-0.923951,1.03218
284,-2.06543,-0.949108,1.26873
284,-1.33625,-1.14052,0.149056
284,-1.33396,-1.19977,0.194055
284,-1.3256,-1.20617,0.182618
284,-0.995085,-1.33289,-0.302028
284,-1.27017,-1.30262,0.145673
284,-1.36158,-1.19263,0.207736
284,-1.35144,-1.19686,0.191916
284,-1.49073,-1.16164,0.399084
284,-1.44541,-1.15717,0.31393
284,-1.0263,-1.34747,-0.260124
284,-1.40903,-1.18571,0.265388
284,-1.43637,-1.1508,0.280718
284,-1.52248,-1.21003,0.466654
284,-1.33639,-1.23347,0.160144
284,-1.39886,-1.19823,0.238271
284,-1.30377,-1.29921,0.154362
284,-1.18237,-1.15218,-0.184391
284,-1.42188,-1.1882,0.257289
284,-1.95306,-1.06477,1.0806
284,-1.38595,-1.19392,0.198881
284,-1.34152,-1.2278,0.148479
284,-1.38107,-1.19361,0.18616
284,-1.61138,-1.23819,0.621987
284,-1.95232,-1.07045,1.07327
284,-1.32984,-1.24634,0.12998
284,-1.78489,-0.899818,0.624963
284,-1.45577,-1.16206,0.272616
284,-1.35231,-1.29677,0.205813
284,-1.62487,-1.24199,0.635081
284,-1.01636,-1.34771,-0.341396
284,-1.49141,-1.20117,0.361815
284,-1.6239,-1.23995,0.620481
284,-1.018,-1.34965,-0.350152
284,-0.296214,-2.54054,-0.595799
284,-0.270706,-2.54876,-0.634403
284,-1.35185,-1.24235,0.139386
284,-1.71959,-1.2592,0.796326
284,-1.34879,-1.30091,0.181561
284,-1.35886,-1.29769,0.194144
284,-1.46268,-1.16212,0.258576
284,-1.42922,-1.20232,0.234105
284,-1.3525,-1.29695,0.180755
284,-2.01487,-1.2234,1.27409
284,-1.36455,-1.29586,0.196026
284,-1.89104,-1.03039,0.888082
284,-1.42179,-1.24047,0.24649
284,-0.277849,-2.54991,-0.641672
284,-1.21466,-1.31982,-0.0558573
284,-1.36535,-1.24122,0.138455
284,-1.38803,-1.2265,0.165136
284,-1.41301,-1.28247,0.255332
284,-1.93935,-1.11496,1.0323
284,-1.6256,-1.18658,0.54424
284,-1.38855,-1.14527,0.0928798
284,-1.85731,-1.12411,0.888035
284,-1.44716,-1.2909,0.312136
284,-1.9696,-1.04633,1.016
284,-1.42138,-1.26757,0.245451
284,-2.02597,-1.23461,1.2721
284,-1.42258,-1.26923,0.245884
284,-1.40113,-1.24955,0.190056
284,-1.92202,-1.23045,1.08166
284,-1.45902,-1.15488,0.206863
284,-1.50876,-1.23208,0.35783
284,-0.279988,-2.56312,-0.654853
284,-1.43821,-1.15024,0.150159
284,-1.3447,-1.32548,0.133788
284,-1.4669,-1.22744,0.258916
284,-0.310499,-2.55801,-0.6295
284,-1.37654,-1.32321,0.171241
284,-1.43592,-1.14569,0.117277
284,-1.96119,-1.1238,1.00745
284,-2.11798,-1.25118,1.38069
284,-1.66966,-1.18044,0.53085
284,-2.00168,-1.21093,1.13662
284,-0.32291,-2.57557,-0.642368
284,-0.329294,-2.5744,-0.640376
284,-2.12348,-1.24971,1.36422
284,-0.335095,-2.57927,-0.635764
284,-1.90403,-1.1205,0.858551
284,-1.89037,-1.17234,0.876159
284,-1.8423,-1.04539,0.677728
284,-2.08014,-1.24976,1.26757
284,-2.00975,-1.23719,1.13305
284,-1.81654,-1.08116,0.656415
284,-0.919676,-1.40935,-0.639418
284,-1.83585,-1.05227,0.63602
284,-1.8605,-1.09437,0.688907
284,-1.89779,-1.05436,0.696436
284,-2.18649,-1.26595,1.38102
284,-1.87713,-1.23485,0.811844
284,-1.90861,-1.2399,0.820326
284,-1.90307,-1.23671,0.805998
284,-1.81076,-1.20368,0.477614
284,-2.76795,0.163529,0.307442
284,-2.82738,0.217208,0.280167
284,-2.72312,-0.203664,0.287179
284,-2.76773,-0.253943,0.362128
284,-2.79983,-0.115496,0.276782
284,-2.8195,-0.112004,0.303956
284,-2.73402,-0.306824,0.304482
284,-2.81476,-0.110743,0.27247
284,-2.8546,-0.0743458,0.298853
284,-2.82271,-0.111183,0.265595
284,-2.81639,-0.153959,0.28073
284,-2.82842,-0.111,0.259265
284,-2.81875,-0.436438,0.513465
284,-2.84623,-0.0584026,0.237521
284,-2.74626,-0.317041,0.278429
284,-2.81946,-0.145069,0.256074
284,-2.82143,-0.246287,0.335144
284,-2.81545,-0.246011,0.31486
284,-2.87164,-0.0821122,0.268311
284,-2.80105,-0.244155,0.282649
284,-2.81293,-0.248651,0.30498
284,-2.87062,-0.0762707,0.246234
284,-2.84632,-0.169571,0.280742
284,-2.88614,-0.0696408,0.246746
284,-2.80946,-0.247084,0.25954
284,-2.7825,-0.313667,0.266644
284,-2.79854,-0.288566,0.267511
284,-2.78616,-0.318055,0.266387
284,-2.84151,-0.221117,0.276875
284,-2.89304,-0.109941,0.246225
284,-2.73135,-0.553968,0.338709
284,-2.84778,-0.214653,0.252268
284,-2.77093,-0.507771,0.36549
284,-2.87846,-0.440138,0.48636
284,-2.86881,-0.216086,0.268544
284,-2.85852,-0.452393,0.432734
284,-2.87637,-0.182165,0.229273
284,-2.834,-0.403409,0.331702
284,-2.83608,-0.464865,0.379382
284,-2.85442,-0.309298,0.252781
284,-2.77083,-0.545577,0.290761
284,-2.87732,-0.345636,0.259725
284,-2.86422,-0.40963,0.271554
284,-2.82028,-0.477149,0.249139
284,-2.80261,-0.556816,0.28193
284,-2.85401,-0.464564,0.263836
284,-2.87824,-0.435574,0.264419
284,-2.85936,-0.457074,0.246653
284,-2.82591,-0.563335,0.238208
284,-2.88636,-0.467099,0.245707
284,-2.87544,-0.534445,0.278587
284,-2.50833,-2.7855,1.43314
284,-2.49164,-2.77521,1.3886
284,-2.50351,-2.78375,1.39804
284,-2.48615,-2.77514,1.34547
284,-2.48972,-2.77567,1.33749
284,-2.40845,-2.81394,1.19449
284,-2.4998,-2.76637,1.2986
284,-2.45908,-2.86376,1.21212
284,-2.4977,-2.78177,1.16685
284,-2.49661,-2.78209,1.13569
284,-0.804303,-4.46446,-0.452226
284,-2.42926,-2.81914,0.97627
284,-0.801553,-4.46785,-0.468646
284,-2.41807,-2.8141,0.931363
284,-2.48482,-2.82501,0.973169
284,-0.82688,-4.52107,-0.478904
284,-0.835932,-4.54582,-0.477766
284,-2.59756,-2.77376,1.06388
284,-2.59895,-2.77529,1.03106
284,-2.61592,-2.78345,1.0646
284,-2.403,-3.11163,0.947387
284,-2.60701,-2.7803,1.01354
284,-2.51847,-2.81794,0.865323
284,-2.61833,-2.78834,1.01114
284,-2.42258,-2.4086,0.289451
284,-2.48688,-2.84788,0.762748
284,-2.6382,-2.79955,0.950677
284,-1.04149,-4.6564,-0.256325
284,-2.65372,-2.80001,0.96237
284,-1.05945,-4.63727,-0.25772
284,-2.53638,-2.73165,0.690845
284,-2.15738,-3.46751,0.648764
284,-2.64682,-2.82081,0.951621
284,-2.51827,-2.79367,0.686291
284,-2.53947,-2.81311,0.738663
284,-2.47963,-2.41634,0.292349
284,-2.53601,-2.79119,0.687087
284,-2.32807,-2.82059,0.345924
284,-2.47219,-2.44429,0.270343
284,-2.56463,-2.76461,0.702927
284,-2.57967,-2.77246,0.735928
284,-1.74695,-4.91152,1.10691
284,-1.99423,-4.41295,1.113
284,-2.51643,-2.76066,0.602408
284,-1.71224,-4.96907,1.05471
284,-2.42103,-3.52081,1.05235
284,-2.49597,-3.13416,0.849913
284,-1.8147,-4.67608,0.974679
284,-2.52833,-3.10461,0.877946
284,-1.62597,-5.16246,1.04805
284,-2.42149,-3.63343,1.12711
284,-2.37655,-2.14034,-0.23788
284,-2.51012,-3.14359,0.852489
284,-1.68844,-5.12512,1.10781
284,-2.42607,-3.52753,1.03124
284,-1.9727,-4.48618,1.0501
284,-1.64183,-5.01142,0.918197
284,-2.40185,-3.46531,0.923324
284,-1.69946,-5.01118,1.00793
284,-1.97098,-4.4424,0.99469
284,-1.72187,-5.05757,1.08424
284,-2.55569,-2.78352,0.595486
284,-2.50755,-2.76697,0.491817
284,-2.35082,-3.62703,0.950731
284,-1.61637,-5.15147,0.965087
284,-1.64676,-5.19547,1.04804
284,-1.78006,-4.83307,0.968384
284,-1.74322,-5.09455,1.09542
284,-1.75237,-5.02864,1.05405
284,-1.65148,-5.06936,0.898214
284,-1.65747,-5.06589,0.901963
284,-1.6663,-5.06087,0.912093
284,-1.80072,-4.85457,0.969237
284,-2.41771,-2.84563,0.311973
284,-2.41574,-2.84478,0.303229
284,-2.55295,-2.78468,0.486203
284,-2.311,-3.58247,0.739167
284,-2.47745,-2.81103,0.355636
284,-2.50856,-2.76587,0.354036
284,-2.40139,-3.72126,0.980861
284,-1.65153,-5.22102,0.948175
284,-2.38403,-3.75416,0.975356
284,-1.7464,-5.19017,1.08356
284,-2.41108,-3.30383,0.630414
284,-2.40275,-3.29963,0.610586
284,-2.27951,-3.2208,0.326014
284,-2.04934,-4.52472,1.01659
284,-2.39157,-3.76458,0.964112
284,-1.73437,-4.96104,0.834837
284,-2.2958,-3.24804,0.34167
284,-2.44036,-3.49864,0.802145
284,-2.34446,-3.72588,0.82017
284,-1.701,-5.15789,0.908187
284,-2.32208,-3.25175,0.36289
284,-2.6367,-3.16911,0.8402
284,-2.33502,-3.17759,0.31796
284,-2.05641,-4.52578,0.978253
284,-2.29544,-3.3141,0.356411
284,-2.36803,-3.2043,0.358074
284,-2.34933,-3.21038,0.317767
284,-2.60212,-2.7449,0.357435
284,-2.34656,-4.10161,1.0518
284,-2.40748,-3.1286,0.301666
284,-2.37368,-3.22452,0.309752
284,-2.4531,-3.09078,0.324021
284,-2.6539,-2.82828,0.441475
284,-1.9681,-5.12259,1.20114
284,-2.39641,-3.76439,0.764909
284,-2.41892,-3.1885,0.30612
284,-2.39696,-3.76659,0.753694
284,-2.55873,-2.85606,0.254754
284,-2.285,-2.40208,-0.619297
284,-2.53432,-2.95885,0.281384
284,-1.8664,-5.21588,1.04171
284,-2.43097,-3.17597,0.281611
284,-2.62884,-2.85541,0.341193
284,-2.57563,-3.57132,0.84347
284,-1.97729,-5.12291,1.10931
284,-1.36765,-4.44212,-0.545272
284,-2.4827,-3.1529,0.300881
284,-2.41936,-3.79952,0.741035
284,-2.47536,-3.19365,0.280431
284,-2.32359,-2.44798,-0.6243
284,-2.43165,-4.19045,1.04261
284,-2.45355,-3.25655,0.276495
284,-2.32703,-2.43419,-0.654137
284,-2.41489,-3.4469,0.349882
284,-2.23949,-3.82937,0.348723
284,-2.51876,-3.1679,0.270251
284,-1.83576,-5.21451,0.818358
284,-2.51336,-3.20557,0.277407
284,-2.38591,-3.55373,0.342981
284,-2.53223,-3.15406,0.254142
284,-2.49304,-3.26681,0.263161
284,-1.98614,-5.11449,0.939956
284,-2.43362,-4.14704,0.885317
284,-2.54003,-3.1855,0.222684
284,-2.38518,-2.44699,-0.683714
284,-2.43462,-4.15342,0.858103
284,-2.51048,-3.30337,0.253744
284,-2.50825,-4.20939,0.987873
284,-2.44563,-3.63925,0.389113
284,-2.32606,-3.81897,0.329962
284,-2.46269,-3.51407,0.306934
284,-2.45174,-3.51979,0.288913
284,-1.48396,-4.51406,-0.55605
284,-1.80188,-5.33331,0.679113
284,-2.44717,-3.56556,0.283967
284,-2.45141,-4.16476,0.787722
284,-2.31235,-3.89847,0.308668
284,-2.49659,-3.9155,0.629015
284,-2.48948,-4.15903,0.810519
284,-2.35815,-3.87925,0.300383
284,-2.3621,-3.88136,0.293139
284,-2.33085,-3.98878,0.328978
284,-2.32954,-3.98971,0.3171
284,-2.36294,-3.94617,0.2947
284,-2.35129,-4.011,0.309407
284,-2.18327,-4.73768,0.496814
284,-2.06513,-4.80879,0.279476
284,-2.44579,-4.16737,0.28047
284,-2.29223,-4.48977,0.237323
284,-2.48149,-4.19818,0.234627
284,-2.49752,-4.22419,0.248843
284,-2.46616,-4.34226,0.273108
284,-2.49504,-4.38873,0.270932
284,-2.55975,-4.33045,0.263683
284,-2.22009,-4.52042,-0.206745
284,-2.23274,-4.73512,-0.129135
284,-2.23474,-4.7552,-0.140863
284,-2.23658,-4.74439,-0.14822
284,-2.61899,-4.5125,0.231295
284,-2.18628,-4.61754,-0.669716
284,-2.2929,-4.69946,-0.544152
284,-2.27087,-5.35238,-0.0264241
284,-9.39628,-3.30478,-3.95406
284,-2.57934,-2.68234,0.281232
283,-2.57934,-2.68234,0.281232
284,-2.58557,-2.76886,0.983901
283,-2.58557,-2.76886,0.983901
284,-2.68434,-2.82986,1.01058
283,-2.68434,-2.82986,1.01058
284,-2.44575,-2.84616,1.28087
283,-2.44575,-2.84616,1.28087
284,-2.69564,-2.88195,0.547551
283,-2.69564,-2.88195,0.547551
284,-2.97721,-3.0625,0.470263
283,-2.97721,-3.0625,0.470263
284,-2.48098,-4.13803,0.27124
283,-2.48098,-4.13803,0.27124
284,-2.38827,-2.68889,0.682153
283,-2.38827,-2.68889,0.682153
284,-2.78826,-2.95368,0.622828
283,-2.78826,-2.95368,0.622828
284,-2.12309,-2.51868,0.710203
283,-2.12309,-2.51868,0.710203
284,-2.39784,-2.70619,0.725042
283,-2.39784,-2.70619,0.725042
284,-2.4963,-2.77669,1.35515
283,-2.4963,-2.77669,1.35515
284,-2.63765,-2.09696,-0.205334
283,-2.63765,-2.09696,-0.205334
284,-2.29566,-2.74661,1.21852
283,-2.29566,-2.74661,1.21852
284,-2.90304,-4.46654,0.0935004
283,-2.90304,-4.46654,0.0935004
284,-2.43399,-2.81938,0.971822
283,-2.43399,-2.81938,0.971822
284,-1.93174,-4.41771,0.569954
283,-1.93174,-4.41771,0.569954
284,-2.32637,-3.69969,0.977654
283,-2.32637,-3.69969,0.977654
284,-2.83684,-0.465151,1.03303
283,-2.83684,-0.465151,1.03303
284,-2.15656,-2.50976,0.674186
282,-2.15656,-2.50976,0.674186
284,-2.40347,-2.81164,1.12715
282,-2.40347,-2.81164,1.12715
284,-2.37031,-2.78798,1.1977
282,-2.37031,-2.78798,1.1977
284,-2.16706,-2.53017,0.786429
282,-2.16706,-2.53017,0.786429
284,-2.50439,-2.63392,0.293828
282,-2.50439,-2.63392,0.293828
284,-2.42115,-2.70575,0.641039
282,-2.42115,-2.70575,0.641039
284,-2.75752,-2.92309,0.546741
281,-2.75752,-2.92309,0.546741
284,-2.51402,-2.8855,1.11946
281,-2.51402,-2.8855,1.11946
284,-2.57797,-2.73285,0.244429
281,-2.57797,-2.73285,0.244429
284,-1.20201,-1.23175,0.357719
279,-1.20201,-1.23175,0.357719
284,-1.51934,-1.03639,1.00019
279,-1.51934,-1.03639,1.00019
284,-1.7216,-1.18028,0.798931
279,-1.7216,-1.18028,0.798931
284,-2.88094,-2.95,1.0167
279,-2.88094,-2.95,1.0167
284,-2.50113,-3.14126,0.824917
280,-2.50113,-3.14126,0.824917
284,-2.40196,-3.33669,0.317241
65,-2.40196,-3.33669,0.317241
284,-2.35325,-3.86986,0.323597
65,-2.35325,-3.86986,0.323597
284,-0.796857,-4.45193,-0.416289
65,-0.796857,-4.45193,-0.416289
284,-1.39987,-1.19533,0.368903
93,-1.39987,-1.19533,0.368903
285,0.706167,-0.698376,1.10119
285,0.776931,-0.684224,1.00317
285,0.591983,-1.70234,0.311445
285,0.51884,-1.71683,0.320311
285,0.518389,-1.72302,0.31647
285,0.403782,-1.51063,0.30198
285,0.508729,-1.7399,0.300156
285,0.549396,-1.83654,0.267731
285,0.552649,-1.86054,0.243045
285,0.375851,-1.54172,0.263088
285,0.372415,-1.54682,0.262568
285,0.525953,-1.8581,0.2532
285,0.526776,-1.87035,0.256556
285,-0.370319,-0.0356605,0.251863
285,0.505294,-1.84923,0.248697
285,0.330657,-1.53463,0.244807
285,-0.398067,-0.01413,0.218547
285,0.276232,-1.49571,0.218715
285,0.268342,-1.50118,0.215265
285,0.268519,-2.6986,-0.409196
285,-1.5803,-0.874605,0.583608
285,-1.66385,-0.880755,0.648192
285,-1.67113,-0.850037,0.639019
285,-1.5178,-0.857985,0.396517
285,-1.47015,-0.853449,0.335772
285,-1.58461,-1.18475,0.619562
285,-1.49437,-0.851212,0.345896
285,-1.47876,-0.850365,0.327275
285,-1.52902,-0.819895,0.362617
285,-1.47621,-0.850409,0.30332
285,-1.39472,-1.21586,0.392571
285,-0.652247,-1.30541,-0.366569
285,-1.43327,-1.13812,0.390811
285,-1.55501,-0.808776,0.348593
285,-1.62211,-1.17143,0.607838
285,-1.42823,-0.847694,0.226693
285,-1.5254,-0.826732,0.319475
285,-1.40909,-1.21681,0.388743
285,-1.44053,-0.843437,0.223768
285,-1.41509,-0.857209,0.202592
285,-1.4483,-0.845086,0.220128
285,-1.54997,-0.79379,0.302941
285,-1.63583,-1.19156,0.601969
285,-1.35124,-0.845472,0.105668
285,-1.42867,-0.866391,0.194855
285,-1.36456,-0.852113,0.0977809
285,-1.36646,-0.860274,0.0951082
285,-1.33071,-0.723861,-0.0154505
285,-1.12505,-0.810269,-0.198631
285,-1.25124,-1.17875,0.131579
285,-1.25026,-1.18479,0.122695
285,-1.4566,-1.23587,0.363749
285,-1.88141,-1.09508,0.747151
285,-1.26808,-1.19232,0.116008
285,-0.710901,-1.32451,-0.420166
285,-1.06868,-0.770254,-0.333394
285,-1.08223,-0.770911,-0.337064
285,-0.973007,-1.13213,-0.278809
285,-0.975381,-1.1312,-0.281712
285,-1.29106,-1.19762,0.0922322
285,-1.02361,-0.764093,-0.426971
285,-1.33938,-1.23558,0.157572
285,-1.16586,-1.18678,-0.0613418
285,-1.29337,-1.25047,0.100671
285,-1.38483,-1.22913,0.187422
285,-1.39113,-1.21157,0.183726
285,-1.43098,-1.13884,0.179955
285,-1.33889,-1.14247,0.081131
285,-1.44006,-1.12822,0.182768
285,-1.29748,-1.25036,0.0901651
285,-1.40455,-1.21561,0.18696
285,-0.97024,-1.12355,-0.33274
285,-1.31403,-1.32649,0.144332
285,-1.05342,-1.1306,-0.251333
285,-1.38472,-1.30112,0.194078
285,-1.36185,-1.1376,0.0833371
285,-1.05582,-1.13469,-0.254112
285,-1.36318,-1.34309,0.187512
285,-1.25658,-1.30563,0.0496881
285,-1.3603,-1.13556,0.0724343
285,-1.33321,-1.32015,0.139278
285,-1.06064,-0.767675,-0.446784
285,-1.30076,-1.26502,0.0735217
285,-1.30724,-1.26794,0.0819321
285,-1.40312,-1.30259,0.194232
285,-1.39469,-1.3054,0.18371
285,-1.39331,-1.31742,0.188474
285,-1.3155,-1.26638,0.0750211
285,-1.20318,-1.3153,-0.0243417
285,-1.2767,-1.30671,0.0445756
285,-1.35841,-1.31527,0.135974
285,-1.42969,-1.29551,0.20075
285,-1.35172,-1.31854,0.124493
285,-1.93851,-1.06233,0.618793
285,-1.44269,-1.26252,0.180252
285,-1.15004,-1.32407,-0.112132
285,-1.21905,-1.31876,-0.0461386
285,-1.06843,-1.34478,-0.227873
285,-1.99605,-1.06343,0.627898
285,-1.97694,-1.06879,0.606782
285,-0.931406,-1.1054,-0.508711
285,-0.930576,-1.09814,-0.513709
285,-0.820917,-1.37111,-0.535595
285,-1.05635,-1.35735,-0.298701
285,-0.238992,-2.51155,-0.580968
285,-1.02495,-1.35001,-0.340651
285,-1.01467,-1.35193,-0.358857
285,-1.04002,-1.34675,-0.343208
285,-1.04258,-1.35418,-0.34519
285,-1.02946,-1.34959,-0.366536
285,-0.86326,-1.37591,-0.535926
285,-0.845115,-1.37495,-0.556362
285,-0.985154,-1.37997,-0.405258
285,-0.992751,-1.38371,-0.411768
285,-0.260001,-2.53573,-0.606048
285,-1.0416,-1.3818,-0.376639
285,-0.994344,-1.38288,-0.432867
285,-0.931514,-1.36235,-0.524487
285,-1.01585,-1.38977,-0.421753
285,0.0822153,-3.04661,-0.744614
285,-0.292077,-2.57103,-0.638481
285,-0.289323,-2.57274,-0.652778
285,-0.34271,-2.60765,-0.675216
285,-0.406788,-2.38656,-0.740407
285,-0.477548,-2.37872,-0.788747
285,-0.497746,-2.39559,-0.810804
285,-0.401457,-2.69099,-0.763385
285,-2.65672,-0.16592,0.319612
285,-0.458734,-2.73943,-0.819347
285,-2.77214,-0.194663,0.305005
285,-2.72334,-0.315142,0.297697
285,-0.541187,-2.52435,-0.911139
285,-2.80179,-0.153145,0.282165
285,-2.80774,-0.256075,0.338002
285,-2.83128,-0.247711,0.342132
285,-2.83029,-0.244067,0.336134
285,-2.80475,-0.194274,0.273537
285,-2.82849,-0.250381,0.321602
285,-2.85593,-0.107635,0.269247
285,-2.81288,-0.248385,0.286437
285,-2.97112,-0.422723,0.536271
285,-0.521637,-2.80043,-0.875919
285,-2.82235,-0.284194,0.287863
285,-2.86603,-0.163451,0.248817
285,-2.85089,-0.249988,0.271407
285,-2.85943,-0.239819,0.273887
285,-2.82882,-0.301666,0.271455
285,-0.324999,-3.09574,-0.973818
285,-2.9358,-0.0652581,0.249071
285,-2.9298,-0.103354,0.247773
285,-2.87008,-0.247406,0.249957
285,-2.94867,-0.0557643,0.22462
285,-2.97325,-0.0484989,0.241764
285,-3.0169,-0.0986738,0.222407
285,-3.04469,-0.0990902,0.237144
285,-2.95215,-0.295737,0.239844
285,-3.0273,-0.297729,0.21762
285,-3.00783,-0.408398,0.243157
285,-3.01866,-0.383011,0.237745
285,-2.96636,-0.539594,0.233786
285,-2.98812,-0.462964,0.215053
285,-3.25873,0.186168,0.153385
285,-3.03555,-0.459138,0.223729
285,-3.0909,-0.411916,0.205305
285,-3.08253,-0.46431,0.204888
285,-3.07021,-0.545452,0.210613
285,-3.153,-0.328195,0.183687
285,-3.10485,-0.453406,0.185073
285,-3.08301,-0.556329,0.212359
285,-3.16972,-0.373427,0.176069
285,-3.16411,-0.462004,0.17362
285,-2.34832,-2.58966,0.386759
285,-0.650034,-3.0845,-1.25279
285,-0.779813,-4.63432,-0.333563
285,-2.31777,-2.79003,0.352305
285,-2.35711,-2.73133,0.331814
285,-0.769566,-4.55729,-0.431022
285,-0.846527,-4.63058,-0.339849
285,-0.812987,-4.62285,-0.466572
285,-0.84715,-4.5326,-0.480037
285,-0.851918,-4.56031,-0.472073
285,-0.934695,-4.72085,-0.302081
285,-2.57358,-2.47503,0.270088
285,-2.57437,-2.48355,0.268996
285,-2.48809,-2.72125,0.283303
285,-2.03749,-2.36218,-0.436753
285,-0.897196,-4.66516,-0.487085
285,-2.08025,-2.28522,-0.479662
285,-2.09777,-2.30183,-0.482985
285,-2.58446,-1.2883,-0.567248
285,-1.1341,-4.80763,-0.296474
285,-2.4313,-3.28249,0.293583
285,-2.40044,-2.36888,-0.237276
285,-2.14916,-2.34073,-0.540802
285,-2.32099,-2.33785,-0.368759
285,-2.23508,-2.35191,-0.45494
285,-2.25178,-3.79873,0.303696
285,-2.26532,-2.36958,-0.45733
285,-2.23259,-2.32318,-0.519702
285,-2.25788,-2.36628,-0.473613
285,-0.965078,-4.70877,-0.685311
285,-2.122,-2.68228,-0.507918
285,-2.01411,-4.74606,0.285648
285,-2.58011,-2.00052,-0.595569
285,-2.04907,-4.79978,0.282947
285,-1.05154,-4.87604,-0.762377
285,-2.09216,-4.86158,0.298945
285,-1.51845,-4.55027,-0.56177
285,-2.74958,-2.36285,-0.430035
285,-1.5521,-4.58953,-0.570682
285,-2.95553,-2.36023,-0.509747
285,-3.04141,-2.46689,-0.419761
285,-3.02849,-2.39879,-0.536161
285,-2.62375,-4.84107,0.135635
285,-2.83459,-4.81099,0.142143
285,-2.20866,-4.60925,-0.65193
285,-2.24507,-4.56807,-0.688688
285,-2.31715,-4.67192,-0.59663
285,-2.34566,-4.75087,-0.582368
285,-2.3576,-4.70782,-0.604257
285,-2.55409,-5.00664,-0.288646
285,-2.67215,-5.05026,-0.417057
285,-2.76242,-5.12343,-0.460587
285,-2.71344,-5.11764,-0.608703
285,-4.25892,-2.67476,-0.869986
285,-2.2558,-4.01846,0.352077
284,-2.2558,-4.01846,0.352077
285,-2.35126,-3.83991,0.320139
284,-2.35126,-3.83991,0.320139
285,-2.70758,-4.17032,0.195073
284,-2.70758,-4.17032,0.195073
285,-2.5938,-3.93434,0.268566
284,-2.5938,-3.93434,0.268566
285,-1.01724,-4.73529,0.208926
284,-1.01724,-4.73529,0.208926
285,-2.7515,-0.553779,0.333469
284,-2.7515,-0.553779,0.333469
285,-2.3119,-4.72264,-0.551404
284,-2.3119,-4.72264,-0.551404
285,-1.54779,-1.16547,0.605957
278,-1.54779,-1.16547,0.605957
285,-1.24838,-1.16507,-0.019258
279,-1.24838,-1.16507,-0.019258
285,-1.83007,-0.837285,0.0867002
279,-1.83007,-0.837285,0.0867002
285,-1.40699,-0.864513,0.428901
279,-1.40699,-0.864513,0.428901
285,-2.33665,-1.99024,-0.078776
279,-2.33665,-1.99024,-0.078776
285,-2.36099,-2.67855,0.370791
279,-2.36099,-2.67855,0.370791
285,-2.1009,-1.46426,-0.0792263
279,-2.1009,-1.46426,-0.0792263
285,-1.51041,-1.2019,0.529542
283,-1.51041,-1.2019,0.529542
285,-1.45529,-1.31928,0.173099
276,-1.45529,-1.31928,0.173099
285,-1.53442,-1.17956,0.261068
276,-1.53442,-1.17956,0.261068
285,-1.47784,-4.5073,-0.559581
103,-1.47784,-4.5073,-0.559581
285,-2.32477,-3.31089,0.338388
104,-2.32477,-3.31089,0.338388
285,-2.15003,-3.76636,0.368691
93,-2.15003,-3.76636,0.368691
286,1.10671,-0.6742,1.11579
286,1.2301,-0.813893,0.91919
286,1.19603,-0.775161,0.931425
286,1.20565,-0.874323,0.822737
286,0.938531,-0.573676,0.568652
286,0.903221,-1.08119,0.798183
286,0.980701,-0.946706,0.630556
286,1.06308,-1.15864,0.495073
286,0.813845,-0.461297,0.419767
286,0.642622,-0.756463,0.695038
286,0.810851,-0.459661,0.408028
286,0.882673,-0.594855,0.389978
286,0.923412,-1.16287,0.588942
286,0.939371,-1.12108,0.554621
286,0.811122,-0.674981,0.476979
286,1.17961,-1.30521,0.411284
286,1.06297,-1.18352,0.461521
286,1.09765,-1.17171,0.417928
286,0.877667,-0.781436,0.440517
286,0.884657,-1.10798,0.561138
286,0.890984,-1.16818,0.574616
286,1.02226,-1.09737,0.420228
286,0.881643,-0.630103,0.344459
286,0.878757,-1.10963,0.551134
286,0.984285,-1.2243,0.489118
286,1.08077,-1.22108,0.398659
286,0.813031,-0.63224,0.382227
286,1.15519,-1.36794,0.384799
286,1.01347,-0.933487,0.318965
286,1.01155,-1.1136,0.388597
286,1.07241,-1.23262,0.381048
286,0.953083,-1.23425,0.49033
286,1.07592,-1.23054,0.376057
286,0.920865,-0.728507,0.296444
286,0.973212,-0.866983,0.291333
286,0.915918,-0.72955,0.283113
286,0.97426,-0.867608,0.283337
286,0.931567,-0.805268,0.290956
286,1.10184,-1.21655,0.31243
286,1.11301,-1.21389,0.297922
286,0.798455,-1.03632,0.506073
286,0.868542,-1.03898,0.436115
286,0.841729,-1.0127,0.445341
286,0.89094,-0.849281,0.327298
286,1.06434,-1.25398,0.340982
286,1.02658,-1.1077,0.309968
286,0.748103,-1.23922,0.620543
286,0.646373,-1.09318,0.650118
286,0.999123,-1.04388,0.301025
286,1.07117,-1.22203,0.310797
286,1.07107,-1.15013,0.276795
286,1.14094,-1.27786,0.267476
286,1.08707,-1.22524,0.291919
286,0.826537,-0.791541,0.342072
286,0.738208,-0.66799,0.363124
286,1.07915,-1.18387,0.273416
286,0.913247,-1.25758,0.455088
286,0.946005,-0.936502,0.28332
286,0.942886,-0.909794,0.271734
286,1.04467,-1.12313,0.265705
286,1.02028,-1.11531,0.281522
286,0.963653,-1.30593,0.414766
286,0.91422,-0.885245,0.27637
286,0.908872,-1.17801,0.404276
286,0.877762,-0.851933,0.289981
286,0.877408,-0.854681,0.290275
286,0.996322,-1.25693,0.354779
286,0.914261,-0.887655,0.268345
286,0.931947,-0.995518,0.297424
286,0.912255,-0.889791,0.265124
286,0.929467,-0.994792,0.292499
286,0.69443,-0.95444,0.490254
286,0.759538,-0.627047,0.287602
286,1.03503,-1.20065,0.281288
286,0.960244,-1.31483,0.39919
286,0.808424,-1.0753,0.428657
286,0.832884,-0.844836,0.30442
286,1.07644,-1.28892,0.267421
286,0.983727,-1.15923,0.29562
286,0.899818,-1.28822,0.428015
286,0.975832,-1.14746,0.293038
286,1.07587,-1.29113,0.261632
286,0.980902,-1.15825,0.289611
286,0.886398,-1.30387,0.436396
286,0.825781,-0.849607,0.293625
286,1.10137,-1.33231,0.250511
286,0.996162,-1.09095,0.235692
286,0.63675,-0.874318,0.467093
286,0.599351,-0.966232,0.539939
286,1.15471,-1.48394,0.2513
286,0.942887,-1.1245,0.280087
286,0.640201,-0.799333,0.404943
286,0.551753,-0.893245,0.525606
286,0.972468,-1.28664,0.304546
286,0.833258,-0.976091,0.295927
286,1.02175,-1.46803,0.335786
286,1.02433,-1.46882,0.332179
286,0.890069,-1.20194,0.33484
286,0.941558,-1.35909,0.34078
286,1.14323,-1.51738,0.222598
286,0.875005,-1.35646,0.397611
286,0.758039,-0.917728,0.313764
286,0.966758,-1.41073,0.336124
286,0.927825,-1.21378,0.279673
286,0.826375,-1.48441,0.483018
286,0.845003,-1.13068,0.310063
286,1.0741,-1.52852,0.270845
286,0.805555,-1.07727,0.320206
286,0.859631,-1.34535,0.381131
286,1.0118,-1.49371,0.304357
286,1.0087,-1.51097,0.313945
286,1.07041,-1.5339,0.267121
286,0.789173,-1.06718,0.314187
286,0.83606,-1.13985,0.298312
286,0.723835,-0.779227,0.244129
286,0.898296,-1.24922,0.286004
286,0.852906,-1.35609,0.371541
286,0.484673,-0.574888,0.363674
286,0.705984,-0.938794,0.305866
286,0.898731,-1.33594,0.299812
286,0.911556,-1.52141,0.363183
286,0.715154,-0.980488,0.301239
286,0.680929,-0.940892,0.313272
286,0.810126,-1.1493,0.282852
286,0.947937,-1.44201,0.283169
286,0.466589,-0.702537,0.398709
286,0.854352,-1.28381,0.294244
286,0.889114,-1.34044,0.28283
286,0.851369,-1.48194,0.375135
286,0.902045,-1.53774,0.346839
286,0.9126,-1.53683,0.330425
286,0.897005,-1.54162,0.334211
286,0.905946,-1.54393,0.322488
286,0.889219,-1.40824,0.268435
286,0.313748,-0.656777,0.456191
286,0.833473,-1.4374,0.317169
286,0.672293,-1.10799,0.315755
286,0.714526,-1.17856,0.30316
286,0.733092,-1.17966,0.286068
286,0.355021,-0.56833,0.357994
286,0.922526,-1.48695,0.235444
286,0.821495,-1.44966,0.299221
286,0.92054,-1.61362,0.279073
286,0.888076,-1.42826,0.227631
286,0.841023,-1.59103,0.340126
286,0.886147,-1.49686,0.236036
286,0.541955,-0.951071,0.305868
286,0.741661,-1.33755,0.288999
286,0.7397,-1.33641,0.28492
286,0.737488,-1.33992,0.285724
286,0.552413,-1.00557,0.309616
286,0.553283,-1.00756,0.309544
286,0.686865,-1.34018,0.326227
286,0.595604,-1.09377,0.294421
286,0.678964,-1.34629,0.320752
286,0.627451,-1.24636,0.302756
286,0.485976,-0.915931,0.288958
286,0.596327,-1.32038,0.358755
286,0.482521,-0.917008,0.28081
286,0.637874,-1.3438,0.321714
286,0.693319,-1.42224,0.304422
286,0.69575,-1.42286,0.300763
286,0.793144,-1.48263,0.236704
286,0.692384,-1.44135,0.305944
286,0.413758,-0.837173,0.295575
286,0.809559,-1.64457,0.281121
286,0.605234,-1.26032,0.292657
286,0.589952,-1.20506,0.279839
286,0.742794,-1.56458,0.295623
286,0.82374,-1.68171,0.266097
286,0.509581,-1.19325,0.333402
286,0.805224,-1.66633,0.265541
286,0.361855,-1.16991,0.447566
286,0.395081,-0.974917,0.326359
286,0.444897,-1.00224,0.289232
286,0.254819,-0.553388,0.267176
286,0.505731,-1.15239,0.291912
286,0.566606,-1.34829,0.318558
286,0.501621,-1.15187,0.288085
286,0.484871,-1.16746,0.30969
286,0.355572,-0.937309,0.323809
286,0.678844,-1.52373,0.279644
286,0.90307,-1.49724,0.0619158
286,0.710856,-1.67139,0.311471
286,0.705516,-1.56239,0.263175
286,0.379196,-0.976497,0.306323
286,0.35073,-0.939871,0.313604
286,0.35594,-1.0053,0.337173
286,0.552037,-1.35568,0.301627
286,0.707989,-1.55246,0.243909
286,0.434066,-1.14182,0.305845
286,0.608601,-1.47162,0.287364
286,0.529364,-1.34985,0.306526
286,0.228094,-0.549506,0.235029
286,0.694917,-1.57244,0.245452
286,0.555557,-1.40393,0.294807
286,0.405811,-1.01626,0.242149
286,0.547186,-1.44305,0.293142
286,-0.156512,-0.301087,0.43437
286,0.344235,-1.03162,0.291844
286,0.257636,-0.610151,0.165764
286,0.468699,-1.35506,0.291089
286,0.534615,-1.52278,0.299646
286,0.630066,-1.66027,0.265086
286,0.384044,-1.22378,0.30029
286,0.378272,-1.23112,0.29783
286,0.598704,-1.70361,0.296567
286,0.5485,-1.59949,0.292028
286,0.367342,-1.394,0.351055
286,0.38517,-1.3121,0.291952
286,-0.224057,-0.276941,0.399726
286,0.381505,-1.30854,0.289135
286,0.625117,-1.31915,0.0681283
286,0.300051,-1.23562,0.307388
286,-0.263573,-0.26656,0.3758
286,0.233498,-1.22721,0.331979
286,0.232841,-1.19885,0.314672
286,0.492596,-1.7567,0.302723
286,0.403834,-1.58285,0.307055
286,0.492987,-1.7305,0.288862
286,0.46457,-1.69738,0.300442
286,0.39565,-1.57194,0.304124
286,0.463196,-1.70395,0.295849
286,0.407045,-1.59368,0.295762
286,0.381116,-1.55201,0.301307
286,0.409671,-1.60067,0.295256
286,0.489546,-1.76083,0.290311
286,0.456373,-1.70363,0.293755
286,0.517198,-1.83431,0.293602
286,0.387113,-1.571,0.297934
286,0.547354,-1.85232,0.26733
286,0.389792,-1.58988,0.28883
286,0.308238,-1.43277,0.293005
286,0.158319,-1.16585,0.303171
286,0.153104,-1.17015,0.296858
286,0.531788,-1.87355,0.246848
286,-0.412226,-0.117108,0.28187
286,0.0648013,-1.19959,0.224887
286,-0.449439,-0.353185,0.203211
286,0.638823,-2.18572,-0.173651
286,-1.10232,-0.276277,0.0460062
286,-1.14762,-0.242407,0.0255716
286,-1.17453,-0.301646,0.0388309
286,-1.31963,-0.282059,-0.0455339
286,-1.45215,-0.865584,0.27495
286,-1.31394,-0.855621,0.137334
286,-1.31576,-0.856252,0.138518
286,-1.06565,-0.530433,-0.263587
286,-1.34661,-0.853742,0.127078
286,-1.07913,-0.524907,-0.278438
286,-1.07016,-0.527363,-0.295079
286,-1.1,-0.525885,-0.285831
286,-0.955283,-1.11829,-0.176066
286,0.201519,-2.79871,-0.509369
286,-1.1036,-0.523018,-0.324404
286,-1.53341,-1.16424,0.347015
286,-1.32851,-0.763217,-0.0208588
286,-1.12793,-0.539333,-0.319914
286,-1.1773,-0.814575,-0.168826
286,-0.988473,-1.12639,-0.20728
286,-1.24921,-0.606887,-0.19626
286,-1.40809,-0.619283,-0.0511857
286,-1.05696,-0.765162,-0.31848
286,-1.13827,-0.524806,-0.349475
286,-0.785936,-1.74802,-0.144433
286,-1.17012,-1.17846,-0.0541612
286,-1.35537,-1.28734,0.156968
286,-1.08635,-0.800336,-0.301794
286,-1.21467,-1.31643,0.0273457
286,-1.28734,-1.26845,0.0678844
286,-1.13176,-0.803702,-0.278728
286,-1.24717,-1.3168,0.0398642
286,-1.14417,-1.32796,-0.0616124
286,-1.21761,-1.21445,-0.0473183
286,-0.450796,-2.46228,-0.20871
286,-1.06608,-0.771246,-0.389554
286,-1.00489,-1.14011,-0.301662
286,-1.1154,-0.773525,-0.361169
286,-1.22522,-1.20455,-0.085884
286,-1.08888,-0.775926,-0.401585
286,-1.40614,-1.36909,0.144091
286,-1.09921,-0.772261,-0.403104
286,-1.48499,-1.3523,0.185188
286,-1.03679,-1.1465,-0.315596
286,-1.03368,-1.34861,-0.231765
286,-1.03861,-1.14829,-0.319516
286,-1.0243,-1.13968,-0.347562
286,-1.02679,-1.138,-0.35092
286,0.125417,-2.9319,-0.630416
286,-1.05733,-1.1547,-0.328152
286,-0.975504,-1.11313,-0.439821
286,-0.972756,-1.11041,-0.455724
286,-1.03861,-1.35721,-0.350876
286,-0.914234,-1.38087,-0.502777
286,-0.900965,-1.38751,-0.526024
286,-0.915864,-1.38716,-0.520576
286,-1.08485,-1.36758,-0.376537
286,-0.973697,-1.40542,-0.467083
286,-0.932074,-1.38823,-0.530201
286,-1.18951,-2.56644,-0.403205
286,-0.833616,-4.57616,-0.300923
286,-1.14381,-4.35516,-0.113313
286,-0.889984,-4.58052,-0.489551
286,-2.09946,-2.29027,-0.47831
286,-2.11247,-2.3128,-0.472866
286,-1.13067,-4.80615,-0.291208
286,-2.18953,-2.33229,-0.410171
286,-1.85998,-3.43429,-0.296044
286,-2.23601,-2.35838,-0.434322
286,-2.15734,-2.34322,-0.530295
286,-2.26944,-2.11871,-0.565235
286,-0.980401,-4.65436,-0.646953
286,-2.29739,-2.10586,-0.563067
286,-1.70691,-2.99622,-0.788508
286,-1.43694,-4.44028,-0.501976
286,-1.167,-4.85547,-0.772878
286,-2.71954,-2.47835,-0.439829
286,-2.83648,-2.38925,-0.407952
286,-2.77549,-2.07755,-0.631093
286,-2.20296,-3.66688,-0.579838
286,-3.11362,-2.44002,-0.560177
286,-2.11831,-4.50511,-0.592783
286,-3.11427,-2.44378,-0.579107
286,-2.17828,-4.57553,-0.630482
286,-2.52506,-3.95506,-0.763404
286,-2.33661,-4.75942,-0.730808
286,-2.6545,-4.46088,-0.843608
286,-3.05771,-4.31058,-0.997966
286,-1.22325,-2.76363,-5.95554
286,-2.23518,-2.38641,-0.579363
277,-2.23518,-2.38641,-0.579363
286,-2.52257,-2.21829,-0.181564
277,-2.52257,-2.21829,-0.181564
286,-2.36435,-2.33813,-0.410624
277,-2.36435,-2.33813,-0.410624
286,-1.3078,-0.82421,-0.048168
278,-1.3078,-0.82421,-0.048168
286,-2.44623,-2.36527,-0.432462
278,-2.44623,-2.36527,-0.432462
286,-1.9862,-1.74574,-0.28613
276,-1.9862,-1.74574,-0.28613
286,-0.344225,-4.41273,-0.566936
102,-0.344225,-4.41273,-0.566936
286,-2.3603,-2.32045,-0.417251
102,-2.3603,-2.32045,-0.417251
286,-1.96752,-2.714,-0.439713
104,-1.96752,-2.714,-0.439713
287,1.06677,-0.898953,1.16971
287,0.94327,-1.02914,1.00157
287,0.859765,-1.02155,0.887644
287,0.853836,-1.02262,0.883852
287,0.849652,-1.0267,0.876456
287,0.658869,-0.84845,0.971376
287,0.658037,-0.849811,0.972976
287,0.809992,-1.15297,0.835265
287,0.803854,-1.29788,0.787017
287,0.736109,-1.15164,0.775033
287,0.739038,-1.1732,0.780073
287,0.729669,-1.15635,0.769768
287,0.675436,-1.30482,0.655971
287,0.666898,-1.31093,0.647458
287,0.666764,-1.31066,0.645788
287,0.494326,-0.901722,0.592525
287,0.669691,-1.33608,0.618311
287,0.271514,-0.973593,0.791835
287,0.258035,-0.982613,0.801264
287,0.534594,-1.31312,0.532529
287,0.589481,-1.27579,0.417656
287,0.577039,-1.26975,0.288913
287,0.681583,-1.51367,0.291977
287,0.601223,-1.39116,0.316105
287,0.648803,-1.62386,0.36187
287,0.603226,-1.56147,0.379084
287,0.55135,-1.4468,0.369839
287,0.605876,-1.5246,0.326147
287,0.480746,-1.26883,0.277194
287,0.651986,-1.56458,0.22773
287,0.473856,-1.27259,0.268463
287,0.60313,-1.67467,0.371332
287,0.477383,-1.50359,0.413413
287,0.567944,-1.54815,0.30665
287,0.512655,-1.52077,0.33632
287,0.577755,-1.60592,0.260509
287,0.557931,-1.57284,0.254085
287,0.505651,-1.46415,0.251258
287,0.0691079,-0.812733,0.427699
287,0.571332,-1.68192,0.307544
287,0.424612,-1.52855,0.372055
287,0.573699,-1.66522,0.242122
287,0.558619,-1.63096,0.230351
287,0.159595,-1.02401,0.360541
287,0.410827,-1.54442,0.357333
287,0.38015,-1.48663,0.342285
287,0.427071,-1.57726,0.316132
287,0.376281,-1.52646,0.325496
287,0.490007,-1.76901,0.309244
287,0.351587,-1.54148,0.294971
287,0.348832,-1.54345,0.276978
287,0.415865,-1.68815,0.225522
287,0.493772,-1.89761,0.240905
287,0.323342,-1.57878,0.258538
287,0.272261,-1.5677,0.237168
287,0.289391,-1.62022,0.234333
287,0.0598311,-1.20047,0.187967
287,0.210142,-1.52356,0.18272
287,-0.788541,-0.553832,-0.0855365
287,-0.837587,-0.562791,-0.10737
287,-0.0210022,-2.03979,-0.260386
287,-0.617523,-1.30058,-0.184901
287,-1.47066,-1.17553,0.932315
287,-0.612898,-1.32369,-0.288495
287,-1.47773,-1.1515,0.860357
287,-1.51161,-1.16066,0.84981
287,-0.167775,-2.19561,-0.436139
287,-0.929686,-0.801617,-0.330316
287,-0.662081,-1.32188,-0.355077
287,-0.989554,-0.805387,-0.241673
287,-1.00987,-0.775322,-0.241347
287,-0.65523,-1.32677,-0.388088
287,-0.805018,-1.08808,-0.340815
287,-0.948496,-0.802362,-0.343736
287,-0.901422,-1.14033,-0.184635
287,-0.959548,-0.801487,-0.349912
287,-1.46416,-1.17364,0.684937
287,-1.3205,-0.619327,0.033975
287,-0.705418,-1.34532,-0.372602
287,-1.85625,-0.924861,1.06479
287,-1.62479,-1.20614,0.918933
287,-1.72987,-0.905762,0.826044
287,-0.999987,-0.76587,-0.398376
287,-1.25757,-0.783376,0.00648212
287,-1.53845,-1.16362,0.711413
287,-1.28717,-0.764903,0.0242989
287,-0.221381,-2.27467,-0.478648
287,-1.20435,-0.811088,-0.0748789
287,-1.65369,-0.887755,0.665409
287,-1.53222,-0.866217,0.463007
287,-1.75448,-0.905311,0.828769
287,-1.89533,-0.919328,1.05341
287,-1.75424,-0.903053,0.819675
287,-1.61271,-0.878652,0.585013
287,-1.50984,-0.871226,0.420457
287,-1.53148,-0.865868,0.435104
287,-1.28411,-0.778292,-0.00947475
287,-1.35649,-0.616095,-0.0253454
287,-1.65179,-1.14985,0.822447
287,-1.35373,-0.620401,-0.0333967
287,-1.77805,-0.903906,0.825079
287,-1.79874,-0.941712,0.871034
287,-1.82929,-0.905398,0.885878
287,-1.24102,-0.815936,-0.0803932
287,-1.51433,-0.890025,0.385724
287,-1.25085,-0.814751,-0.0905589
287,-0.227779,-2.30011,-0.549789
287,-1.84833,-1.12488,1.04543
287,-1.28816,-0.625282,-0.187558
287,-1.29419,-0.607891,-0.192335
287,-0.763021,-1.34952,-0.45084
287,-1.15026,-0.804042,-0.267932
287,-1.86315,-0.902987,0.891373
287,-1.47336,-0.773818,0.188444
287,-1.16047,-0.805849,-0.275456
287,-1.86995,-1.11733,1.04187
287,-1.75497,-1.2039,0.924376
287,-1.37722,-0.711556,-0.0320948
287,-1.53651,-0.860344,0.321447
287,-1.88948,-0.904921,0.893963
287,-1.35979,-0.73297,-0.0450449
287,-0.20737,-2.45959,-0.521976
287,-1.83087,-0.909636,0.796826
287,-0.919702,-1.32273,-0.287155
287,-1.55235,-0.859744,0.326619
287,-1.54497,-0.865244,0.319233
287,-1.63188,-1.18626,0.691248
287,-1.08997,-1.2773,-0.0719037
287,-1.36008,-0.773009,-0.0403533
287,-1.44164,-1.22558,0.420464
287,-1.43046,-1.2196,0.398718
287,-1.47426,-1.16663,0.419741
287,-0.250695,-2.4798,-0.472669
287,-1.50632,-0.761662,0.156516
287,-1.34229,-0.8594,-0.0227451
287,-1.15072,-1.15255,-0.100358
287,-0.243205,-2.49617,-0.487764
287,-1.94801,-1.08341,1.05949
287,-1.93568,-0.92633,0.918966
287,-1.95754,-1.08186,1.06837
287,-1.94748,-1.07885,1.03981
287,-1.79183,-0.893999,0.663176
287,-1.96207,-1.05277,1.0401
287,-0.353344,-2.22493,-0.549116
287,-1.57196,-0.869153,0.296337
287,-1.48834,-0.895685,0.18559
287,-1.37954,-0.866427,-0.00981855
287,-1.76057,-0.940932,0.622244
287,-1.85287,-1.12622,0.89898
287,-1.59358,-0.922262,0.34616
287,-1.86124,-1.1189,0.896568
287,-1.44694,-0.827501,0.0349661
287,-1.79175,-1.15466,0.802683
287,-1.01448,-1.34265,-0.248086
287,-1.80228,-1.1377,0.798375
287,-1.39456,-1.20102,0.211763
287,-0.278808,-2.50702,-0.519775
287,-1.93564,-0.969698,0.855442
287,-1.46437,-0.686588,-0.0969913
287,-1.45875,-0.689344,-0.111644
287,-1.04233,-1.34813,-0.261467
287,-0.40909,-2.19267,-0.597732
287,-1.10561,-1.12391,-0.335896
287,-1.1129,-1.12177,-0.337019
287,-1.97942,-1.08149,0.945082
287,-1.92006,-1.09658,0.863286
287,-0.300968,-2.53187,-0.537924
287,-1.39304,-1.28943,0.18382
287,-1.35419,-1.21562,0.0668488
287,-1.92836,-1.01431,0.790781
287,-1.51831,-0.866932,0.0526398
287,-1.93912,-1.14269,0.901585
287,-1.23819,-1.3212,-0.0371312
287,-1.04918,-1.36759,-0.304205
287,-1.87579,-1.14083,0.78445
287,-1.37195,-1.30603,0.137747
287,-2.01248,-1.09259,0.950401
287,-1.88638,-1.14543,0.783963
287,-1.42076,-1.30032,0.174753
287,-1.89433,-1.11225,0.737011
287,-2.03347,-1.04806,0.897262
287,-1.90372,-1.15747,0.772624
287,-1.91409,-1.10905,0.731486
287,-2.04963,-1.05216,0.886009
287,-1.32626,-1.20449,-0.118597
287,-1.40544,-1.34591,0.0960888
287,-1.38287,-1.3749,0.0779362
287,-2.00918,-1.05372,0.779848
287,-2.01832,-1.04808,0.772013
287,-1.99705,-1.0927,0.769392
287,-2.09493,-1.05616,0.883612
287,-1.41114,-1.36284,0.0665058
287,-2.01789,-1.05376,0.761122
287,-0.539191,-2.16744,-0.675986
287,-1.90567,-1.12524,0.626214
287,-2.04124,-1.03389,0.756122
287,-1.9763,-1.08009,0.689881
287,-2.04852,-1.03852,0.760499
287,-1.48967,-1.34565,0.127843
287,-2.14001,-1.06086,0.877562
287,-2.0012,-1.02525,0.624465
287,-1.99265,-1.12358,0.682004
287,-0.435987,-2.4706,-0.732307
287,-2.02341,-1.03534,0.611045
287,-2.03841,-1.03033,0.604916
287,-0.446782,-2.72114,-0.812879
287,-0.424561,-3.98596,-0.0847608
287,-0.500153,-2.78859,-0.891774
287,-0.543477,-2.82949,-0.906489
287,-0.687528,-2.51264,-0.998231
287,-1.16409,-3.9038,0.761497
287,-1.18577,-4.01084,0.764301
287,-1.22081,-3.99348,0.78811
287,-0.769028,-2.64767,-1.07305
287,-0.832362,-4.03967,0.0529709
287,-1.30687,-4.21439,0.824958
287,-2.70981,-0.725039,0.35125
287,-0.85698,-4.50076,0.225336
287,-1.94383,-2.56072,0.430751
287,-1.44981,-4.38064,0.780163
287,-1.00843,-4.66107,0.250103
287,-0.942536,-2.81619,-1.27051
287,-1.22642,-4.87841,0.703779
287,-1.84579,-2.28214,-0.30652
287,-1.87715,-2.28552,-0.327134
287,-1.91266,-2.19741,-0.345515
287,-1.03494,-4.73214,0.207369
287,-1.27793,-4.91594,0.694528
287,-1.056,-4.78008,0.212123
287,-1.09848,-4.7742,0.22426
287,-1.74145,-4.29553,0.835592
287,-1.75743,-4.35609,0.884006
287,-3.33943,-0.156543,0.13939
287,-3.20589,-0.556086,0.202191
287,-0.815978,-4.59745,-0.446112
287,-0.808582,-4.62032,-0.448241
287,-1.22083,-4.23427,-0.111525
287,-3.23923,-0.511891,0.162414
287,-1.62903,-4.5223,0.681911
287,-3.37167,-0.21335,0.106101
287,-1.83108,-4.41628,0.850511
287,-2.50754,-2.70417,0.59864
287,-1.31434,-5.11304,0.576611
287,-1.57436,-4.75129,0.700582
287,-1.37429,-5.08079,0.639012
287,-0.839037,-4.6767,-0.491982
287,-1.07186,-2.93303,-1.44959
287,-3.3086,-0.525865,0.164014
287,-1.44245,-5.06271,0.70511
287,-1.3259,-5.12519,0.5596
287,-0.923095,-4.71014,-0.374104
287,-2.0445,-2.29078,-0.480571
287,-1.81547,-4.3843,0.695728
287,-2.65232,-2.76727,0.761773
287,-2.11091,-2.28066,-0.457547
287,-0.925514,-4.64716,-0.505374
287,-1.50296,-5.1358,0.721308
287,-1.09805,-4.6676,-0.251669
287,-1.87328,-4.72198,0.952109
287,-2.69985,-2.8052,0.769765
287,-1.5115,-5.16532,0.714203
287,-2.39873,-2.82025,0.307739
287,-2.13515,-2.32055,-0.480156
287,-2.31025,-2.33536,-0.216403
287,-3.44754,-0.514389,0.131753
287,-1.64335,-5.22756,0.87262
287,-1.71469,-5.09112,0.87459
287,-1.6708,-5.29082,0.923937
287,-0.931721,-4.7411,-0.634484
287,-2.2659,-2.37385,-0.385792
287,-2.44473,-1.81127,-0.533978
287,-0.948859,-4.77615,-0.646748
287,-1.73534,-4.88994,0.640284
287,-2.13752,-3.66573,0.337801
287,-2.41398,-2.37271,-0.234446
287,-1.72236,-4.97828,0.655761
287,-1.6514,-5.18622,0.701684
287,-1.67919,-5.23128,0.769008
287,-2.54677,-2.83372,0.29299
287,-1.62072,-5.1516,0.604343
287,-1.65069,-5.205,0.685703
287,-3.6081,-0.379564,0.0611405
287,-3.63952,-0.30529,0.0509198
287,-2.51417,-1.84085,-0.551091
287,-0.973725,-4.80744,-0.695391
287,-1.60517,-5.24489,0.595823
287,-2.58061,-2.83849,0.276369
287,-2.08772,-4.53391,0.78936
287,-1.28313,-4.94783,-0.145457
287,-2.82669,-2.86916,0.655887
287,-0.987576,-4.85619,-0.673808
287,-2.20798,-3.70881,0.329973
287,-1.20459,-4.93059,-0.306366
287,-2.71941,-2.46838,0.156474
287,-3.68886,-0.370642,0.0469017
287,-2.1997,-4.66628,0.981058
287,-2.76028,-2.52148,0.214574
287,-2.82437,-2.82223,0.508965
287,-2.6429,-2.8723,0.257243
287,-2.15503,-4.60088,0.779101
287,-2.17765,-4.63081,0.825181
287,-1.75423,-5.22437,0.604757
287,-2.67096,-2.90016,0.240176
287,-2.91077,-2.87532,0.5388
287,-1.47059,-4.46977,-0.50174
287,-1.06295,-5.01155,-0.746271
287,-1.13139,-4.89533,-0.764426
287,-2.89108,-2.57596,0.12973
287,-2.66606,-2.05111,-0.64519
287,-1.51256,-4.5408,-0.570629
287,-1.16924,-4.97757,-0.825178
287,-1.59012,-4.6079,-0.553399
287,-3.02118,-2.58269,0.0841359
287,-1.23028,-5.05979,-0.878017
287,-1.98459,-5.58584,0.588523
287,-2.88589,-2.53544,-0.360765
287,-1.67405,-2.98991,-1.89301
287,-3.13084,-2.72317,0.112069
287,-3.1803,-2.70532,0.0922627
287,-2.43815,-5.01779,0.43191
287,-3.17854,-2.51639,-0.415552
287,-3.20286,-2.52928,-0.41923
287,-2.38227,-4.97075,-0.0854934
287,-2.61488,-4.88132,0.105511
287,-3.46367,-2.47858,-0.410019
287,-2.81193,-5.06211,0.421155
287,-3.55572,-2.50217,-0.4368
287,-2.86054,-5.14624,0.454196
287,-2.83405,-5.04978,0.139188
287,-2.51103,-4.93418,-0.648068
287,-2.05983,-3.04939,-2.81098
287,-2.99088,-5.32332,-0.554718
287,-3.4555,-5.6227,0.0135467
287,-3.41023,-5.6163,-0.0984265
287,-3.04718,-5.5611,-0.857485
287,-3.56458,-6.5789,0.325563
287,-0.942239,-1.09853,-0.511121
285,-0.942239,-1.09853,-0.511121
287,-4.15549,-0.429194,-0.0943364
285,-4.15549,-0.429194,-0.0943364
287,-0.333525,-3.0951,-0.974663
285,-0.333525,-3.0951,-0.974663
287,-1.45684,-1.16075,0.60961
284,-1.45684,-1.16075,0.60961
287,-1.71014,-1.20353,0.0798789
284,-1.71014,-1.20353,0.0798789
287,-1.94102,-4.29653,-0.454575
65,-1.94102,-4.29653,-0.454575
287,-1.4407,-0.62811,-0.0391101
278,-1.4407,-0.62811,-0.0391101
287,-2.05438,-4.51714,-0.611489
102,-2.05438,-4.51714,-0.611489
287,-0.910494,-4.43255,-0.491032
102,-0.910494,-4.43255,-0.491032
287,-1.90734,-3.8674,0.405973
104,-1.90734,-3.8674,0.405973
287,-2.9375,-0.0401227,0.226016
279,-2.9375,-0.0401227,0.226016
288,0.0528459,-1.11582,0.795415
288,-0.181076,-1.13523,0.726452
288,-0.191738,-1.13832,0.723366
288,-1.32865,-0.848603,0.178644
288,-1.346,-0.836439,0.174012
288,-1.07134,-1.33091,0.233988
288,-1.27599,-1.13834,0.149577
288,-1.51327,-0.859846,0.412528
288,-1.53426,-0.824964,0.388968
288,-1.29911,-1.17141,0.183593
288,-1.30595,-1.17287,0.190418
288,-1.30248,-1.17233,0.150315
288,-1.3141,-1.18591,0.15097
288,-1.60261,-0.886049,0.597767
288,-1.38084,-1.22732,0.435506
288,-1.4616,-1.22132,0.677607
288,-1.65962,-0.893821,0.670389
288,-1.67545,-0.894795,0.666417
288,-1.40814,-1.20525,0.306548
288,-1.40999,-1.18637,0.210222
288,-1.72005,-0.911918,0.820482
288,-1.2868,-1.37108,0.117675
288,-1.41929,-1.18583,0.205299
288,-1.36999,-1.24272,0.10637
288,-1.30991,-1.34488,0.0910218
288,-1.38591,-1.28263,0.240236
288,-1.46278,-1.21105,0.348841
288,-1.40272,-1.25854,0.212892
288,-1.33065,-1.34623,0.0784758
288,-1.32982,-1.35284,0.0767338
288,-1.3901,-1.29048,0.13175
288,-1.38191,-1.28974,0.091256
288,-1.37211,-1.30403,0.0723263
288,-1.37659,-1.30182,0.0776112
288,-1.58071,-1.19383,0.666391
288,-1.43116,-1.25389,0.180128
288,-1.38021,-1.30229,0.0768623
288,-1.61648,-1.24041,0.899079
288,-1.81557,-0.907973,0.895839
288,-1.43348,-1.28485,0.217863
288,-1.48102,-1.19973,0.191354
288,-1.65635,-1.2003,0.891819
288,-1.65769,-1.19729,0.888855
288,-1.43498,-1.29691,0.112863
288,-1.66346,-1.22688,0.894266
288,-1.43935,-1.30038,0.112091
288,-1.68138,-1.21413,0.896617
288,-1.89172,-0.927072,1.05889
288,-1.46866,-1.29719,0.179565
288,-1.75177,-1.21613,1.11287
288,-1.74755,-1.15949,0.922379
288,-1.4819,-1.315,0.106933
288,-1.73406,-1.22656,0.942955
288,-1.55724,-1.22668,0.145459
288,-1.56077,-1.22939,0.166247
288,-1.47487,-1.34665,0.0760945
288,-1.47708,-1.34655,0.0716323
288,-2.02285,-0.953623,1.2929
288,-1.8278,-1.22722,1.13128
288,-1.52465,-1.34954,0.0846245
288,-2.06454,-0.961386,1.30165
288,-1.58811,-1.31516,0.142104
288,-2.07759,-0.952132,1.29774
288,-1.58831,-1.31892,0.129082
288,-2.13044,-0.969548,1.52635
288,-1.87715,-1.30952,1.29763
288,-1.8989,-1.126,0.887181
288,-1.5987,-1.3426,0.0939363
288,-1.94403,-1.10144,0.944603
288,-2.18745,-0.960207,1.60918
288,-1.60659,-1.3536,0.0873643
288,-1.97622,-1.08694,0.959914
288,-2.24431,-0.989761,1.75637
288,-1.63668,-1.3542,0.0780445
288,-2.23637,-0.978269,1.64121
288,-2.27191,-0.992848,1.7597
288,-1.93577,-1.32149,1.13021
288,-1.67922,-1.34861,0.0838847
288,-2.3319,-0.989391,1.86769
288,-2.31719,-0.998052,1.77014
288,-1.72526,-1.35397,0.068192
288,-2.39546,-1.00205,1.98272
288,-2.48968,-1.00939,2.12806
288,-2.24502,-1.26458,1.64991
288,-2.2272,-1.26059,1.54156
288,-2.31319,-1.27038,1.76501
288,-2.36066,-1.27658,1.89504
288,-2.31345,-1.34432,1.86422
288,-2.35262,-1.26631,1.77056
288,-2.35353,-1.27448,1.77115
288,-2.4004,-1.27015,1.91766
288,-2.36226,-1.35585,1.96935
288,-2.42521,-1.35987,1.99409
288,-0.573633,-4.36592,0.161666
288,-0.37139,-4.48429,-0.498768
288,-2.04919,-2.40769,0.449114
288,-1.94709,-3.46335,2.00585
288,-0.889994,-4.55341,0.199524
288,-2.03183,-3.45139,2.0027
288,-1.99513,-3.51071,1.99636
288,-2.13491,-2.3072,-0.492808
288,-2.13023,-2.32204,-0.495234
288,-2.25438,-3.04879,1.84294
288,-0.923664,-4.63188,0.187214
288,-0.849604,-4.57457,-0.294954
288,-2.24927,-2.51244,0.375883
288,-0.766126,-4.9725,0.27984
288,-2.3393,-3.02724,1.94652
288,-2.37232,-2.64724,1.08152
288,-2.09132,-3.50762,2.03618
288,-2.09675,-3.50455,2.02426
288,-2.29715,-3.22147,2.05171
288,-2.30015,-3.22384,2.06765
288,-2.12184,-3.51954,2.03367
288,-2.13161,-3.52932,2.03776
288,-0.995853,-4.63801,0.0331172
288,-1.00188,-4.6452,0.0554451
288,-2.43997,-2.94958,1.8214
288,-2.10413,-3.51841,1.83028
288,-2.08969,-3.68093,2.00326
288,-2.44843,-3.09241,1.97843
288,-2.10747,-3.60727,1.7575
288,-2.53754,-2.90733,1.79893
288,-2.44615,-3.03268,1.70898
288,-2.4208,-3.14856,1.86592
288,-2.55999,-2.88228,1.77376
288,-2.54739,-2.92483,1.8071
288,-2.12561,-3.62859,1.76221
288,-2.40598,-2.72589,0.639822
288,-2.31691,-2.77424,0.355469
288,-2.48235,-3.05572,1.77131
288,-2.41289,-2.71664,0.609472
288,-2.48315,-3.05536,1.75062
288,-2.42644,-2.72633,0.667616
288,-2.58682,-2.90409,1.78908
288,-2.32518,-2.7751,0.34439
288,-2.19156,-3.594,1.84415
288,-2.59377,-2.90845,1.80613
288,-2.58652,-2.93448,1.83833
288,-2.59015,-2.93488,1.84683
288,-2.55906,-3.04565,1.99368
288,-2.4969,-3.06389,1.76859
288,-2.57429,-2.97429,1.86808
288,-2.14954,-3.6522,1.77225
288,-2.50843,-3.07185,1.80403
288,-2.44649,-2.72964,0.64773
288,-2.40425,-2.73818,0.454066
288,-2.45551,-2.73488,0.663071
288,-2.42337,-3.27098,1.88304
288,-2.45725,-2.74593,0.678734
288,-2.61322,-2.94923,1.85869
288,-2.51631,-3.08245,1.78231
288,-2.2266,-3.55239,1.73528
288,-2.43207,-3.35203,2.09753
288,-2.47519,-2.72662,0.678631
288,-2.52894,-3.08388,1.81362
288,-2.41967,-3.29669,1.88165
288,-2.57505,-3.0418,1.85968
288,-2.57913,-3.04319,1.87231
288,-2.44316,-3.28369,1.88272
288,-2.5131,-2.72031,0.743384
288,-2.58453,-3.04559,1.85924
288,-2.62245,-3.091,2.13059
288,-2.47117,-3.25822,1.88926
288,-2.44835,-3.28416,1.85277
288,-2.44583,-3.28208,1.83613
288,-2.61657,-2.03413,-0.637732
288,-2.45605,-3.28982,1.87843
288,-2.52615,-2.72557,0.724321
288,-2.24874,-3.63177,1.85408
288,-2.48135,-3.25866,1.88375
288,-2.49882,-2.74131,0.634443
288,-2.44613,-3.33444,1.8875
288,-2.24753,-3.62066,1.73751
288,-2.61259,-3.06453,1.86436
288,-2.61656,-3.06709,1.87319
288,-2.61242,-3.07857,1.87881
288,-2.56256,-3.16443,1.87064
288,-2.62132,-3.07497,1.87752
288,-2.25557,-3.63605,1.74582
288,-2.23581,-3.66008,1.71646
288,-2.38063,-3.57417,2.08567
288,-2.38829,-3.56379,2.07417
288,-2.26641,-3.64692,1.74635
288,-2.47843,-2.74692,0.340427
288,-2.39687,-3.57021,2.08108
288,-2.60423,-3.13331,1.82938
288,-2.57532,-3.21244,1.88309
288,-2.65302,-3.08035,1.87436
288,-2.51599,-3.40284,2.10932
288,-2.70397,-1.99228,-0.694076
288,-2.50617,-3.32656,1.8625
288,-2.64211,-2.46458,0.238104
288,-2.24742,-3.72666,1.77574
288,-2.59137,-3.19378,1.87156
288,-2.6044,-3.17685,1.88276
288,-2.50109,-3.4559,2.15323
288,-2.6863,-2.04792,-0.660222
288,-2.69049,-3.03922,1.87061
288,-2.49529,-2.78523,0.317685
288,-2.5551,-3.30643,1.90004
288,-2.52031,-3.46492,2.15186
288,-2.44364,-3.57288,2.08128
288,-2.57752,-3.28078,1.89392
288,-2.56446,-3.41461,2.13089
288,-2.44653,-3.57285,2.01915
288,-2.53997,-2.76594,0.34064
288,-2.21749,-4.00757,2.10761
288,-2.75106,-3.14916,2.14742
288,-2.43389,-3.5786,1.88925
288,-2.59589,-3.41414,2.14242
288,-2.44029,-3.57379,1.88026
288,-2.44525,-3.58693,1.88929
288,-2.48352,-3.60853,2.10557
288,-2.44667,-3.58802,1.8929
288,-2.5675,-3.41495,1.91774
288,-2.70258,-3.23973,2.03587
288,-2.52893,-3.57603,2.15453
288,-2.48709,-3.60652,2.03767
288,-2.504,-3.60665,2.10078
288,-2.51039,-3.61572,2.10598
288,-2.62425,-3.44654,2.13322
288,-2.50103,-3.61383,2.02241
288,-2.6789,-2.73982,0.535644
288,-2.68743,-3.25581,1.87951
288,-2.29542,-3.61153,1.09639
288,-2.56808,-3.4775,1.90786
288,-2.52758,-3.63732,2.12759
288,-2.66538,-3.33822,1.9176
288,-1.73035,-3.99477,-0.386586
288,-2.70168,-3.36667,2.14105
288,-2.61226,-2.80467,0.319097
288,-2.3555,-3.93658,2.10187
288,-1.45156,-4.54827,-0.183756
288,-2.58802,-3.47741,1.90235
288,-2.65012,-3.47906,2.12023
288,-2.38062,-3.95603,2.17629
288,-2.37814,-3.95424,2.12499
288,-1.46516,-4.57444,-0.191051
288,-2.78943,-2.53591,0.199446
288,-2.56484,-3.51661,1.74293
288,-2.62681,-3.50372,1.9135
288,-2.57971,-3.65362,2.01896
288,-2.65227,-3.4968,1.92094
288,-2.38607,-3.32008,0.322522
288,-1.54221,-5.06815,1.14966
288,-2.39906,-3.31781,0.320454
288,-2.407,-3.5919,1.00129
288,-2.41072,-3.95022,1.84997
288,-2.41484,-4.05307,2.10794
288,-2.42532,-3.33306,0.3115
288,-1.44479,-4.75383,-0.267231
288,-2.63058,-3.60359,1.83661
288,-2.68723,-3.55221,1.93646
288,-2.42754,-3.61843,0.980726
288,-1.71051,-4.71371,0.715632
288,-1.54075,-4.54686,-0.52999
288,-1.88426,-4.59415,0.993976
288,-2.45794,-3.63892,0.981955
288,-1.7378,-4.73753,0.719201
288,-1.53625,-4.57292,-0.565976
288,-1.59714,-5.17199,1.16289
288,-2.50337,-4.04063,2.11259
288,-2.34401,-3.75474,0.689295
288,-2.48175,-3.37608,0.299387
288,-1.61107,-5.17545,1.14532
288,-2.02895,-4.51127,1.17781
288,-2.01184,-4.52412,1.12754
288,-2.39842,-3.80614,0.924276
288,-2.40012,-3.81954,0.9626
288,-2.0181,-4.50151,1.07282
288,-1.62223,-5.18847,1.13854
288,-1.77679,-4.92529,1.1074
288,-2.43026,-3.83218,1.08955
288,-2.03949,-4.51113,1.15012
288,-2.5261,-3.35621,0.266281
288,-2.02284,-4.53438,1.12154
288,-1.57748,-4.60899,-0.590576
288,-2.27703,-3.803,0.320712
288,-2.04637,-4.5282,1.18292
288,-2.43012,-3.84407,1.07041
288,-2.43125,-3.84499,1.0722
288,-2.04969,-4.53454,1.18646
288,-1.74073,-4.88057,0.714813
288,-2.29792,-3.79615,0.318017
288,-2.03236,-4.53451,1.06666
288,-2.30887,-3.78093,0.318228
288,-1.71918,-5.02792,0.983072
288,-2.57699,-3.31057,0.251741
288,-1.64193,-5.2272,1.1507
288,-1.96332,-4.56392,0.822207
288,-2.03808,-4.55297,1.10207
288,-2.06375,-4.53331,1.14933
288,-1.71627,-5.01469,0.853724
288,-1.70749,-5.04639,0.885274
288,-1.89508,-4.78453,1.00664
288,-2.17573,-4.30697,0.979495
288,-1.72609,-5.02962,0.846689
288,-1.59328,-5.20211,0.719268
288,-3.00866,-2.36118,-0.507897
288,-2.82313,-3.641,1.95839
288,-1.71291,-5.17846,1.15248
288,-1.98475,-4.60288,0.827484
288,-2.08339,-4.58691,1.18585
288,-2.50962,-4.28865,2.20303
288,-2.05179,-4.62397,1.10855
288,-1.65211,-5.24148,0.974009
288,-1.72495,-5.09066,0.883881
288,-2.0783,-4.61138,1.13719
288,-3.00362,-2.84077,0.547919
288,-2.07402,-4.64076,1.10239
288,-2.10109,-4.5654,1.02297
288,-2.56067,-3.71332,0.754663
288,-2.13619,-5.08946,2.45597
288,-2.13792,-4.57834,1.15911
288,-2.14063,-4.57404,1.14556
288,-2.60546,-4.21009,2.16546
288,-2.1577,-4.55406,1.127
288,-1.80636,-4.96259,0.665821
288,-2.14881,-5.10149,2.4603
288,-1.74341,-5.09145,0.702214
288,-1.8072,-4.98333,0.691974
288,-2.14399,-4.57765,1.07893
288,-2.13171,-5.07134,2.2841
288,-1.70576,-5.25953,0.943715
288,-2.68624,-3.34359,0.223393
288,-2.1674,-5.12563,2.4652
288,-2.5117,-4.32237,1.86684
288,-2.14187,-5.07113,2.18083
288,-2.51746,-4.32023,1.84883
288,-1.91032,-5.06426,1.15067
288,-2.15676,-5.11653,2.32562
288,-2.21933,-4.46989,0.940966
288,-1.70241,-5.25507,0.734262
288,-2.64431,-4.31409,2.29389
288,-2.09408,-5.0848,1.91677
288,-2.53832,-4.34668,1.89947
288,-3.04556,-2.87711,0.305607
288,-2.575,-4.37694,2.1212
288,-2.07469,-5.07273,1.74577
288,-2.57895,-4.40665,2.16936
288,-2.59722,-4.39661,2.18231
288,-2.20522,-4.64497,1.14356
288,-2.65956,-4.33445,2.26326
288,-2.17652,-5.11186,2.1826
288,-1.71096,-5.28003,0.620966
288,-2.17829,-5.12354,2.19672
288,-2.346,-4.52737,1.38513
288,-2.10358,-5.09597,1.77331
288,-2.31304,-4.43153,0.965328
288,-1.79504,-5.21015,0.699301
288,-1.9983,-5.07446,1.21297
288,-2.13473,-5.14893,1.90243
288,-2.11001,-5.09211,1.65029
288,-2.2065,-5.14399,2.1876
288,-1.76049,-5.32266,0.73424
288,-2.58474,-4.41646,1.91853
288,-2.61874,-3.72893,0.261087
288,-2.39858,-4.57318,1.43344
288,-2.05624,-4.60037,0.0427116
288,-2.38543,-4.56291,1.33536
288,-2.63633,-3.71687,0.239126
288,-2.06284,-4.60698,0.0609492
288,-2.65692,-3.69477,0.238571
288,-2.4171,-4.58804,1.47927
288,-2.59115,-3.96214,0.621101
288,-2.15117,-5.15815,1.78105
288,-2.1736,-5.19324,1.94677
288,-2.74718,-4.33892,2.1946
288,-2.07345,-4.60785,-0.00386751
288,-2.17529,-5.18148,1.88889
288,-2.05529,-4.76824,0.309823
288,-2.67377,-4.49179,2.22266
288,-2.67334,-4.49428,2.21328
288,-3.32298,-2.36629,-0.455272
288,-2.6743,-4.49013,2.1798
288,-2.12642,-5.13096,1.47517
288,-2.0579,-5.12189,1.15309
288,-2.02005,-5.11782,0.970915
288,-2.19704,-5.2171,1.96702
288,-2.42198,-4.59798,1.33806
288,-2.17514,-5.1946,1.77675
288,-2.17182,-5.20056,1.75506
288,-2.17602,-5.1781,1.65838
288,-2.19179,-5.2064,1.76895
288,-2.18872,-5.2215,1.77318
288,-1.9636,-5.23641,0.804323
288,-1.97112,-5.22411,0.799835
288,-2.6795,-4.46766,1.87591
288,-2.23361,-5.25642,1.97187
288,-2.1759,-5.17542,1.48101
288,-2.82779,-4.4052,2.20958
288,-2.83137,-4.42419,2.24659
288,-2.83939,-4.43155,2.21834
288,-2.71453,-4.50528,1.86486
288,-2.18424,-5.21151,1.36714
288,-2.15739,-5.21468,1.22633
288,-2.8114,-4.40692,1.93892
288,-2.18756,-5.17851,1.21007
288,-2.04956,-4.99323,0.128631
288,-2.19778,-5.1886,1.25228
288,-2.20247,-5.19459,1.20053
288,-2.13542,-4.58969,-0.646129
288,-2.16828,-4.56223,-0.604617
288,-2.65288,-4.70128,1.73778
288,-2.22904,-5.23585,1.21215
288,-2.86843,-4.45993,1.94709
288,-2.67855,-4.1779,0.246304
288,-2.83228,-4.63992,1.87632
288,-2.92489,-4.49807,1.908
288,-2.86316,-4.66167,1.88093
288,-2.31378,-4.65274,-0.508397
288,-2.3969,-4.83352,-0.173054
288,-2.68766,-4.69817,0.251502
288,-2.85772,-4.43606,0.142362
288,-2.71724,-4.71656,0.236372
288,-2.66655,-4.90083,0.469381
288,-2.68041,-4.94956,0.572642
288,-2.69867,-4.96902,0.566398
288,-2.58155,-4.87922,-0.34394
288,-2.86029,-4.67,0.177925
288,-2.78808,-5.00274,0.627366
288,-2.98787,-4.62069,0.120714
288,-6.28572,-5.57598,2.54492
288,-2.39985,-2.3696,-0.264822
287,-2.39985,-2.3696,-0.264822
288,-2.83988,-0.57654,0.294503
287,-2.83988,-0.57654,0.294503
288,-1.67556,-4.69412,0.740691
287,-1.67556,-4.69412,0.740691
288,-1.19554,-5.03245,-0.855603
287,-1.19554,-5.03245,-0.855603
288,-2.41077,-3.13703,2.07703
283,-2.41077,-3.13703,2.07703
288,-2.47686,-2.68703,0.777137
283,-2.47686,-2.68703,0.777137
288,-2.50807,-3.12006,2.09629
283,-2.50807,-3.12006,2.09629
288,-2.47044,-3.00744,2.09281
283,-2.47044,-3.00744,2.09281
288,-2.40173,-3.1318,2.07822
283,-2.40173,-3.1318,2.07822
288,-2.48826,-2.71457,0.731895
283,-2.48826,-2.71457,0.731895
288,-2.25265,-4.07947,1.73848
283,-2.25265,-4.07947,1.73848
288,-2.25737,-3.9094,1.80105
283,-2.25737,-3.9094,1.80105
288,-2.46097,-3.08839,2.0893
283,-2.46097,-3.08839,2.0893
288,-1.90153,-4.33316,1.01835
283,-1.90153,-4.33316,1.01835
288,-2.24472,-2.28436,0.340608
283,-2.24472,-2.28436,0.340608
288,-2.72212,-0.571576,0.323101
283,-2.72212,-0.571576,0.323101
288,-1.71369,-1.02356,0.927841
283,-1.71369,-1.02356,0.927841
288,-2.59289,-3.29759,2.10389
283,-2.59289,-3.29759,2.10389
288,-2.07393,-4.29623,0.767376
284,-2.07393,-4.29623,0.767376
288,-1.52659,-4.74836,1.12892
284,-1.52659,-4.74836,1.12892
288,-1.93155,-4.04784,0.446069
284,-1.93155,-4.04784,0.446069
288,-2.39841,-3.8061,0.681984
103,-2.39841,-3.8061,0.681984
288,-2.40425,-3.81056,0.734346
103,-2.40425,-3.81056,0.734346
288,-1.92768,-4.996,0.644433
103,-1.92768,-4.996,0.644433
288,-2.03601,-3.47787,0.815757
103,-2.03601,-3.47787,0.815757
288,-2.63899,-2.87479,0.268854
103,-2.63899,-2.87479,0.268854
288,-2.40757,-2.83158,0.342339
103,-2.40757,-2.83158,0.342339
288,-2.24613,-2.11026,-0.539493
103,-2.24613,-2.11026,-0.539493
288,-2.07344,-1.71792,-0.2936
104,-2.07344,-1.71792,-0.2936
288,-1.94463,-3.43809,0.685305
102,-1.94463,-3.43809,0.685305
288,-2.71648,-2.10181,-0.218839
102,-2.71648,-2.10181,-0.218839
288,-2.56133,-3.8725,0.481798
282,-2.56133,-3.8725,0.481798
288,-3.89053,-4.13728,2.37414
282,-3.89053,-4.13728,2.37414
288,-1.47715,-1.3586,0.0677763
285,-1.47715,-1.3586,0.0677763
288,-0.19531,-3.39146,0.137702
285,-0.19531,-3.39146,0.137702
288,-1.91593,-4.73825,0.658112
106,-1.91593,-4.73825,0.658112
289,-0.471222,-1.96496,1.10951
289,-1.43044,-1.2269,0.529684
289,-1.53911,-1.20132,0.654356
289,-1.85134,-1.13779,0.894596
289,-1.84175,-1.23763,1.102
289,-1.79943,-1.28613,0.869164
289,-1.96654,-1.22383,1.14507
289,-1.92356,-1.29623,1.26779
289,-0.22521,-3.77477,0.671313
289,-2.19928,-1.25598,1.519
289,-2.33319,-1.35931,1.92682
289,-2.46504,-1.3829,2.24596
289,-2.48758,-1.36664,2.23776
289,-2.49835,-1.3629,2.2406
289,-2.51623,-1.36541,2.2533
289,-2.52522,-1.37008,2.2449
289,-2.57521,-1.35519,2.30554
289,-1.26653,-3.23695,2.30315
289,-2.64311,-1.35218,2.5111
289,-2.61584,-1.3854,2.34958
289,-0.35524,-4.42561,0.0625587
289,-0.364159,-4.42753,0.171366
289,-0.414138,-4.36442,0.136378
289,-0.371169,-4.46935,0.157678
289,-0.426456,-4.39765,0.183777
289,-0.367679,-4.47555,0.0622239
289,-0.372777,-4.48,0.118982
289,-0.425751,-4.42499,0.171158
289,-0.384082,-4.49127,0.149439
289,-0.358615,-4.50518,-0.220947
289,-0.445629,-4.46074,0.100297
289,-0.525277,-4.43917,0.408336
289,-0.425574,-4.58305,0.302841
289,-0.472636,-4.53171,0.146732
289,-0.590825,-4.51822,0.453503
289,-0.48106,-4.67981,0.210671
289,-0.64397,-4.66601,0.406308
289,-2.18336,-2.74553,2.73694
289,-0.883954,-4.4256,0.313978
289,-0.664385,-4.74322,0.151866
289,-0.664111,-4.75983,0.142523
289,-1.774,-3.39742,1.89784
289,-0.837286,-4.55478,-0.297311
289,-0.815927,-4.60786,-0.32686
289,-2.14107,-2.94795,1.74152
289,-2.30438,-2.71838,1.61858
289,-2.08071,-3.07457,1.99739
289,-0.754948,-4.74132,-0.140435
289,-2.09367,-3.16152,2.82208
289,-2.07173,-3.20945,2.70531
289,-2.1936,-3.05761,2.76131
289,-2.31463,-2.82831,1.92419
289,-2.36379,-2.74134,1.61711
289,-2.31579,-2.81684,1.7248
289,-2.18421,-3.08516,2.75121
289,-2.33509,-2.78395,1.45548
289,-2.05439,-3.2889,2.83573
289,-2.1399,-3.16441,2.74258
289,-2.3047,-2.74814,0.345046
289,-2.30618,-2.87556,1.73666
289,-2.27396,-2.93679,1.75761
289,-2.2587,-2.97671,1.80632
289,-2.14194,-3.21798,2.74391
289,-1.98303,-3.44491,2.7328
289,-2.4082,-2.7022,0.62958
289,-2.40493,-2.7193,0.731382
289,-2.15436,-3.22868,2.75261
289,-1.99389,-3.45324,2.73423
289,-2.0423,-3.3931,2.75481
289,-2.34362,-2.78457,0.338858
289,-2.35864,-2.79719,0.342802
289,-2.34945,-2.81278,0.321891
289,-2.31575,-3.00296,2.03994
289,-0.769935,-4.99005,0.0547868
289,-2.44079,-2.72372,0.664705
289,-2.30582,-3.00991,1.80844
289,-2.32398,-3.0067,2.02653
289,-2.40959,-2.8899,1.94705
289,-2.33112,-3.00982,2.01276
289,-2.32138,-3.01621,1.76244
289,-2.34174,-3.01423,2.01842
289,-2.55562,-2.79891,2.90367
289,-2.427,-2.91101,1.95193
289,-2.11148,-3.4288,2.78833
289,-2.25936,-3.18145,1.92697
289,-2.09389,-3.47755,2.73609
289,-2.4819,-2.85287,1.47443
289,-2.48456,-2.92054,2.0486
289,-2.31581,-3.14453,1.92411
289,-2.60917,-2.82913,2.91461
289,-2.38767,-3.14798,2.9168
289,-2.09524,-3.48645,1.97571
289,-2.43307,-3.03305,1.76999
289,-2.37585,-3.11791,1.80895
289,-2.40539,-3.03779,1.27481
289,-1.89289,-3.87357,2.82645
289,-2.74191,-2.50154,0.18915
289,-2.67831,-2.8235,2.94026
289,-2.74559,-2.52247,0.233465
289,-2.43021,-3.05703,1.27025
289,-2.34914,-3.21374,1.75663
289,-1.48268,-4.48073,2.49173
289,-2.19794,-3.51426,2.77166
289,-1.92601,-3.92984,2.87211
289,-1.93336,-3.92625,2.87607
289,-1.83212,-4.05746,2.6901
289,-2.36025,-3.27938,2.05589
289,-2.21775,-3.54394,2.82361
289,-2.1228,-3.6715,2.75128
289,-2.79964,-2.54032,0.215772
289,-2.38521,-3.23949,1.74982
289,-2.81362,-2.53343,0.184199
289,-2.17714,-3.57096,2.02027
289,-2.80612,-2.55946,0.218667
289,-2.22869,-3.55956,2.01035
289,-2.15666,-3.63642,1.71842
289,-2.18585,-3.70679,2.75694
289,-2.49989,-3.1386,0.94578
289,-2.49684,-3.21254,1.79773
289,-2.40242,-3.38854,2.07756
289,-2.42186,-3.28185,1.07706
289,-2.40406,-3.39121,2.09086
289,-2.53572,-3.15166,0.928824
289,-2.39388,-3.41562,1.71921
289,-2.53664,-3.15086,0.863101
289,-2.16194,-3.83101,2.79692
289,-2.17419,-3.8241,2.7758
289,-1.56372,-4.49782,0.594497
289,-2.45557,-3.30122,1.0416
289,-2.43653,-3.4163,2.11555
289,-2.55452,-3.14779,0.802475
289,-2.42398,-3.30093,0.41698
289,-2.54763,-3.16136,0.76714
289,-1.20648,-4.93372,-0.325562
289,-2.46174,-3.30412,1.02421
289,-2.47928,-3.37681,2.06689
289,-2.5657,-3.17264,0.945768
289,-2.22647,-3.63612,0.814085
289,-2.44823,-3.31274,0.557327
289,-2.47071,-3.31477,0.97
289,-2.26055,-3.66228,1.59779
289,-2.27356,-3.65972,1.71675
289,-2.49017,-3.32876,0.961529
289,-2.2535,-3.64775,0.789815
289,-2.04795,-4.10783,2.91955
289,-1.53651,-4.55328,-0.538095
289,-2.40573,-3.56615,2.06009
289,-2.54665,-3.37988,2.09976
289,-1.61167,-4.56683,0.583883
289,-2.38007,-3.70717,2.91749
289,-2.51544,-3.31605,0.295829
289,-2.05814,-4.14694,2.72668
289,-2.30858,-3.67969,0.999029
289,-1.66209,-4.58146,0.745524
289,-2.42584,-3.51111,0.498666
289,-2.52854,-3.49357,2.03099
289,-2.39149,-3.6796,1.72878
289,-2.57375,-3.3526,0.27993
289,-1.5633,-4.83295,1.16202
289,-1.75755,-4.70705,2.62641
289,-1.7489,-4.72542,2.6341
289,-2.51784,-3.62068,2.00733
289,-2.07827,-4.32937,2.89397
289,-2.07066,-4.34349,2.82474
289,-2.11341,-4.28159,2.62933
289,-1.34507,-5.1247,-0.164343
289,-2.32462,-3.80511,0.304694
289,-1.45118,-5.05315,0.740988
289,-2.12574,-4.27418,2.65033
289,-2.08026,-4.36379,2.92294
289,-1.36437,-5.36318,2.93393
289,-2.18479,-4.21881,2.79807
289,-1.6717,-4.92889,2.73317
289,-2.1749,-4.23833,2.78237
289,-2.48688,-3.63689,0.564954
289,-2.42509,-3.76137,0.966376
289,-2.32943,-3.84469,0.306555
289,-2.49205,-3.64223,0.591192
289,-2.49536,-3.6628,0.668984
289,-2.50195,-3.65314,0.653083
289,-2.50316,-3.65561,0.680197
289,-2.14006,-4.31154,2.58676
289,-1.60145,-4.94213,1.12798
289,-2.50753,-3.66894,0.854447
289,-2.09122,-4.41217,2.91329
289,-2.13596,-4.32868,2.60656
289,-2.14817,-4.34067,2.96618
289,-1.85274,-4.74005,2.73484
289,-2.16221,-4.31605,2.67392
289,-2.69337,-3.38626,0.210176
289,-2.50796,-3.68017,0.64943
289,-2.53568,-3.6864,1.18997
289,-2.53717,-3.69015,1.23565
289,-2.15002,-4.34251,2.59685
289,-2.17335,-4.32299,2.68941
289,-1.64224,-4.93704,1.13232
289,-1.63106,-4.95691,1.12023
289,-1.62548,-4.96722,1.11174
289,-2.18775,-4.31796,2.70935
289,-2.17528,-4.33806,2.60025
289,-1.4078,-5.44232,3.01932
289,-1.87264,-4.77793,2.75187
289,-1.39103,-5.2118,-0.197036
289,-2.42789,-3.94472,1.85759
289,-2.18195,-4.34396,2.585
289,-2.76554,-3.47996,1.86191
289,-2.18757,-4.34877,2.5692
289,-1.69108,-5.0613,2.83181
289,-2.57294,-3.71191,1.23792
289,-2.57449,-3.72395,1.34674
289,-1.4356,-5.44303,3.01716
289,-2.40168,-3.89362,0.293069
289,-1.5782,-5.24784,2.92689
289,-2.59024,-3.73104,1.34931
289,-1.66241,-4.9972,0.974193
289,-1.65643,-5.01893,0.981417
289,-2.84583,-3.44302,1.86906
289,-3.38316,-2.51624,-0.525685
289,-1.71788,-5.09567,2.85155
289,-1.71303,-4.96804,1.08066
289,-1.68545,-4.98451,0.783824
289,-1.92066,-4.64768,0.64606
289,-2.21712,-4.43019,2.9913
289,-1.90679,-4.84979,2.77424
289,-1.89473,-4.7031,0.664472
289,-1.59685,-5.15545,1.15639
289,-1.50281,-5.4379,3.00218
289,-2.23823,-4.43015,3.01491
289,-1.94371,-4.82584,2.76553
289,-2.2384,-4.41478,2.59442
289,-1.91016,-4.7222,0.650081
289,-1.57052,-5.1919,0.612279
289,-1.73347,-5.14702,2.86691
289,-1.73709,-4.99919,0.994637
289,-1.63914,-5.11573,0.726016
289,-1.94718,-4.85672,2.78881
289,-2.62687,-3.72302,0.263548
289,-1.56729,-5.42275,3.11
289,-2.64807,-3.78502,1.35597
289,-1.58769,-5.21351,0.596382
289,-1.91559,-4.94275,2.75632
289,-2.52022,-4.03391,1.76371
289,-1.94613,-4.92067,2.80004
289,-1.63713,-5.19941,0.813633
289,-1.92287,-4.96637,2.82396
289,-1.636,-5.38868,2.98338
289,-1.64455,-5.38745,3.08744
289,-1.56853,-5.49477,3.03918
289,-2.30079,-4.48776,3.06257
289,-1.64367,-5.21131,0.669008
289,-1.52528,-5.57874,3.07251
289,-1.73395,-5.28152,2.9293
289,-1.8537,-4.98121,1.12471
289,-2.69762,-3.75052,0.248205
289,-2.31486,-4.51708,3.04221
289,-1.71955,-5.19029,1.13613
289,-2.36358,-4.45137,3.04916
289,-1.96146,-4.98954,2.77026
289,-1.70366,-5.38176,3.08623
289,-2.16225,-4.59427,1.08601
289,-1.69394,-5.23407,0.941847
289,-3.55981,-2.52629,-0.586561
289,-1.61548,-5.53623,3.05211
289,-1.63759,-5.52295,3.04383
289,-1.984,-5.05441,2.95585
289,-1.83171,-5.11482,1.05974
289,-1.84377,-5.25744,2.91283
289,-1.87832,-5.06487,1.08874
289,-2.18031,-4.63636,0.935642
289,-1.84247,-5.11346,0.636475
289,-1.94566,-5.01994,1.18038
289,-1.72359,-5.28546,0.59218
289,-1.77658,-5.41667,3.09848
289,-1.72567,-5.32189,0.976987
289,-1.88218,-5.09679,0.653533
289,-1.74088,-5.30339,0.588382
289,-1.81338,-5.21391,0.661737
289,-1.74915,-5.31066,0.710721
289,-1.75975,-5.32705,1.06573
289,-1.87201,-5.13551,0.608459
289,-1.7411,-5.51853,3.03949
289,-2.12617,-5.01221,2.92663
289,-1.76571,-5.36131,0.960977
289,-2.22175,-4.72135,0.83406
289,-1.76674,-5.34614,0.720452
289,-2.08056,-5.09026,2.81748
289,-2.1248,-5.04329,2.94215
289,-1.74713,-5.58619,3.18249
289,-2.05447,-5.1503,2.99941
289,-1.76891,-5.37009,0.71096
289,-1.7891,-5.38099,1.13103
289,-2.14858,-5.03237,2.94649
289,-2.6384,-4.39144,3.27584
289,-1.7912,-5.39522,0.925595
289,-2.21776,-4.83225,1.12677
289,-1.80497,-5.40259,1.05819
289,-2.08178,-5.17609,3.01064
289,-2.16491,-5.05689,2.95429
289,-2.66688,-4.42781,3.30457
289,-2.03221,-5.1246,0.9775
289,-2.08359,-5.10378,1.35492
289,-2.14823,-5.08848,2.19467
289,-2.23274,-4.79827,-0.0624385
289,-2.62429,-4.45277,2.16653
289,-2.16533,-5.11714,2.29166
289,-2.17513,-5.1275,2.31114
289,-3.85076,-2.56611,-0.709279
289,-2.17671,-5.12923,2.27711
289,-2.27485,-4.76788,-0.735433
289,-2.14218,-5.141,1.47112
289,-1.98019,-5.49923,3.12559
289,-2.15457,-5.15912,1.88255
289,-3.86782,-2.57669,-0.712379
289,-2.19511,-5.12936,2.16524
289,-2.63111,-4.4398,1.06876
289,-2.16613,-5.15843,1.95386
289,-2.1947,-5.14664,2.28421
289,-2.11498,-5.16736,1.16072
289,-2.15312,-5.16765,1.77018
289,-2.15251,-5.16172,1.47303
289,-2.16864,-5.1773,1.90888
289,-2.20717,-5.16326,2.29751
289,-3.89686,-2.58131,-0.73082
289,-2.15933,-5.17891,1.43312
289,-2.16742,-5.17097,1.47332
289,-2.18253,-5.19524,1.90495
289,-2.16426,-5.18334,1.34875
289,-2.15377,-5.1856,1.15087
289,-2.14734,-5.19595,1.16819
289,-2.15041,-5.19748,1.21066
289,-2.82567,-4.31577,1.83496
289,-2.22582,-5.20432,2.51083
289,-2.1961,-5.20185,1.964
289,-2.68026,-4.47021,1.04667
289,-2.17941,-5.19676,1.34953
289,-2.12166,-5.27084,1.21023
289,-2.25018,-5.19431,2.37663
289,-2.16549,-5.22154,1.22309
289,-2.25106,-5.18672,2.21054
289,-2.68606,-4.48563,0.972483
289,-2.18936,-5.352,3.10056
289,-2.68527,-4.50551,1.08672
289,-2.19693,-5.21855,1.35035
289,-2.69151,-4.52291,1.0375
289,-2.14888,-5.44439,3.03886
289,-2.71516,-4.50717,0.975094
289,-2.27131,-5.22704,2.17661
289,-2.66672,-4.77322,3.22631
289,-2.88466,-4.49359,3.39454
289,-4.0866,-2.50014,-0.790267
289,-2.22235,-5.2434,1.1842
289,-2.72815,-4.53669,0.926341
289,-4.10899,-2.50177,-0.800282
289,-2.84888,-4.48976,2.07745
289,-2.74101,-4.56372,0.93497
289,-2.75672,-4.57722,0.91236
289,-3.4211,-3.76852,2.31391
289,-2.27803,-5.44297,3.14383
289,-4.12833,-2.61443,-0.826815
289,-4.12757,-2.61822,-0.811793
289,-2.89893,-4.47863,0.982053
289,-2.30861,-5.34104,1.18224
289,-2.52404,-4.97114,-0.27497
289,-2.43083,-5.36362,2.85729
289,-2.91589,-4.68775,2.23296
289,-2.53094,-5.11525,0.435237
289,-2.24895,-5.73945,3.16079
289,-4.33454,-2.5501,-0.891562
289,-2.84473,-4.8673,1.90683
289,-2.32732,-5.69987,3.20306
289,-2.91278,-4.70247,0.800147
289,-2.87086,-4.71933,0.172147
289,-2.51816,-5.45188,2.92039
289,-2.49117,-5.48203,2.69781
289,-2.42517,-5.62518,3.22899
289,-2.53311,-5.45086,2.88871
289,-4.35139,-2.62867,-0.896006
289,-2.53513,-5.452,2.86294
289,-2.53571,-5.4722,2.83962
289,-2.90405,-4.74944,0.140289
289,-2.55006,-5.50497,2.72806
289,-2.98148,-4.76328,0.792885
289,-2.3867,-5.79173,3.24193
289,-2.98444,-4.77297,0.783768
289,-2.63029,-5.47516,3.30651
289,-4.4779,-2.57749,-0.950291
289,-3.13889,-4.68746,1.87626
289,-2.67646,-5.47942,3.28872
289,-2.61666,-5.56705,2.96341
289,-2.69601,-5.57219,3.2278
289,-3.16461,-4.81757,1.90206
289,-2.83176,-5.41843,3.44125
289,-2.69244,-5.59263,3.19622
289,-2.46226,-6.01725,3.27207
289,-2.72041,-5.6571,3.21262
289,-2.68801,-5.57386,1.12838
289,-2.48699,-6.04807,3.27812
289,-3.06337,-5.04776,0.0955802
289,-3.01408,-5.1812,0.112066
289,-2.94525,-5.60322,3.52403
289,-3.07081,-5.19759,0.114466
289,-2.89848,-5.71662,3.43653
289,-4.87456,-2.67144,-1.10483
289,-3.03366,-5.81387,3.57523
289,-3.07848,-5.86241,3.61592
289,-3.37768,-5.5213,0.0267919
289,-3.60489,-5.40277,-0.024581
289,-4.09266,-5.53638,1.50785
289,-4.37167,-5.75853,1.47987
289,-2.85345,-4.66685,0.165265
288,-2.85345,-4.66685,0.165265
289,-1.87436,-3.26463,0.674203
288,-1.87436,-3.26463,0.674203
289,-2.49697,-2.71839,0.707278
288,-2.49697,-2.71839,0.707278
289,0.0716748,-2.0337,1.17894
288,0.0716748,-2.0337,1.17894
289,-2.85345,-4.66685,0.165265
288,-2.85345,-4.66685,0.165265
289,-0.82247,-4.43013,0.253874
288,-0.82247,-4.43013,0.253874
289,-2.87599,-2.5653,0.161869
288,-2.87599,-2.5653,0.161869
289,-3.2605,-2.26622,-0.432417
288,-3.2605,-2.26622,-0.432417
289,-2.18846,-3.75757,2.0156
283,-2.18846,-3.75757,2.0156
289,-2.05835,-4.49219,0.945974
283,-2.05835,-4.49219,0.945974
289,-2.0499,-4.54963,0.543736
104,-2.0499,-4.54963,0.543736
289,-2.56404,-2.15129,-0.167391
104,-2.56404,-2.15129,-0.167391
289,-2.42313,-3.76566,0.300298
104,-2.42313,-3.76566,0.300298
289,-1.82401,-4.99767,0.656814
104,-1.82401,-4.99767,0.656814
289,-2.42755,-3.75804,0.319791
104,-2.42755,-3.75804,0.319791
289,-2.33069,-3.70011,0.778473
284,-2.33069,-3.70011,0.778473
289,-2.14449,-4.31965,0.298192
284,-2.14449,-4.31965,0.298192
289,-2.05215,-3.80447,1.09371
284,-2.05215,-3.80447,1.09371
289,-2.2124,-4.4,0.921715
284,-2.2124,-4.4,0.921715
289,-2.3016,-4.12233,0.992872
284,-2.3016,-4.12233,0.992872
289,-2.14708,-4.28119,2.61628
282,-2.14708,-4.28119,2.61628
289,-3.2525,-3.80276,1.09969
65,-3.2525,-3.80276,1.09969
289,-2.03537,-3.82307,0.955425
65,-2.03537,-3.82307,0.955425
289,-2.82419,-5.04383,0.126447
287,-2.82419,-5.04383,0.126447
289,-2.24952,-2.31075,-0.21618
287,-2.24952,-2.31075,-0.21618
290,-0.372613,-4.51314,0.14393
290,-0.462631,-4.50377,0.138334
290,-2.75465,-1.74817,2.89813
290,-0.512811,-4.52779,0.262391
290,-2.82286,-1.74686,2.90995
290,-0.5402,-4.58018,0.241269
290,-2.85555,-1.75254,2.92423
290,-0.361293,-4.84172,0.0404637
290,-0.376113,-4.89168,0.0179747
290,-0.852412,-4.4494,0.263435
290,-0.858918,-4.45478,0.261307
290,-2.45313,-2.50069,2.98586
290,-0.824734,-4.57312,0.333574
290,-2.38412,-2.79492,0.917849
290,-2.39214,-2.79409,0.891936
290,-2.41965,-2.77332,0.955172
290,-2.43402,-2.76827,0.958847
290,-2.43565,-2.78164,0.946967
290,-2.52601,-2.72748,0.293657
290,-0.82809,-4.70167,-0.00983262
290,-2.46523,-2.63913,2.72896
290,-2.41093,-2.82236,1.26857
290,-0.720625,-4.8587,0.140782
290,-2.48238,-2.79063,0.973886
290,-2.43674,-2.83433,1.09111
290,-2.48695,-2.66055,2.9119
290,-2.44966,-2.83985,1.06908
290,-2.36798,-2.79895,2.95221
290,-2.52803,-2.7814,0.716247
290,-2.65453,-2.67985,0.266138
290,-0.835263,-4.7787,-0.0146275
290,-2.34564,-2.93805,1.68159
290,-2.65262,-2.69457,0.263472
290,-0.986379,-4.59816,0.257452
290,-2.58193,-2.80062,0.299202
290,-2.42519,-2.88011,1.69145
290,-2.40434,-2.90643,1.70655
290,-2.42158,-2.88874,1.71007
290,-2.59586,-2.76956,0.699161
290,-2.49633,-2.81509,1.68591
290,-2.52389,-2.82773,1.69033
290,-2.5479,-2.72562,3.11347
290,-2.4266,-2.9818,1.70775
290,-2.44451,-2.98681,1.70482
290,-2.43863,-2.97696,2.03683
290,-0.782792,-4.99674,0.277752
290,-2.58584,-2.73945,3.13712
290,-2.584,-2.74282,3.13123
290,-2.39645,-3.12112,0.930037
290,-2.45344,-2.98568,1.93471
290,-2.51131,-2.91904,1.96291
290,-2.41085,-3.12757,0.930737
290,-2.531,-2.85262,2.92002
290,-2.59273,-2.7865,2.89412
290,-2.40989,-3.07214,1.82081
290,-2.47009,-2.99335,2.05019
290,-0.841066,-4.97894,0.321993
290,-2.41271,-3.14751,0.921775
290,-2.30003,-3.29143,0.935814
290,-2.50012,-3.05901,1.08303
290,-2.52359,-3.09434,0.323127
290,-0.36968,-5.37154,3.02513
290,-2.36178,-3.1807,2.02085
290,-2.32364,-3.30602,0.919778
290,-2.56902,-2.94748,2.05165
290,-2.50664,-3.10249,0.884241
290,-2.34469,-3.32134,0.451098
290,-2.53038,-3.06987,1.08584
290,-2.57091,-2.95772,2.07776
290,-2.35742,-3.3255,0.415492
290,-2.46416,-3.09329,1.96723
290,-1.22682,-4.66779,-0.231923
290,-2.46887,-3.17783,0.8539
290,-2.38589,-3.18959,2.0244
290,-2.37968,-3.13246,2.97698
290,-2.49705,-3.14439,0.948425
290,-2.3863,-3.32446,0.32877
290,-2.39544,-3.19849,2.03172
290,-2.46804,-3.19755,0.898091
290,-2.47761,-3.10502,2.05551
290,-2.34798,-3.33524,0.914995
290,-2.40648,-3.26977,1.08887
290,-2.36029,-3.19067,2.98637
290,-2.40751,-3.13756,2.99461
290,-0.430924,-5.39235,3.00112
290,-2.40693,-3.26606,1.24362
290,-2.42535,-3.2622,1.08119
290,-2.35969,-3.27064,2.02914
290,-2.37012,-3.27411,1.94602
290,-2.58138,-3.15215,0.294203
290,-2.4062,-3.17332,2.93271
290,-2.57771,-3.11542,1.04464
290,-2.33041,-3.26049,2.9619
290,-2.61639,-3.00015,2.09109
290,-2.44422,-3.27381,1.08567
290,-2.39324,-3.20666,2.98935
290,-2.429,-3.3539,0.382504
290,-2.45566,-3.27938,1.04606
290,-2.62573,-3.11179,0.798021
290,-2.4027,-3.21036,3.0043
290,-2.44577,-3.23207,2.04593
290,-2.63241,-3.10903,0.805814
290,-2.60179,-3.05942,2.09579
290,-2.3838,-3.31829,2.02535
290,-2.43315,-3.19921,2.95219
290,-2.60962,-3.19973,0.287822
290,-2.31178,-3.35029,2.95874
290,-2.28658,-3.3805,2.94748
290,-2.55876,-3.26496,0.283571
290,-2.42808,-3.29439,1.95953
290,-2.42183,-3.23036,3.01394
290,-2.61891,-3.20413,0.261961
290,-2.55037,-3.15233,2.07377
290,-2.29086,-3.38814,2.95132
290,-2.29166,-3.38981,2.95041
290,-2.42209,-3.37555,1.08888
290,-2.63321,-3.15104,0.87324
290,-2.44103,-3.30714,1.96729
290,-2.42667,-3.33613,1.96587
290,-2.41308,-3.34822,2.03956
290,-2.32524,-3.38279,2.97044
290,-2.28489,-3.46503,2.95208
290,-2.5623,-3.2169,2.07756
290,-2.38904,-3.50407,0.953624
290,-2.49327,-3.44205,0.30408
290,-2.40549,-3.5422,0.394414
290,-2.40415,-3.51884,0.959149
290,-2.57898,-3.24014,2.08384
290,-2.3317,-3.52988,1.97765
290,-2.34519,-3.5293,1.98522
290,-2.40641,-3.45317,2.10837
290,-2.41766,-3.56329,0.395591
290,-2.42142,-3.55976,0.396361
290,-2.49975,-3.28929,3.06958
290,-0.597594,-5.46274,3.02228
290,-0.60744,-5.48221,3.03234
290,-2.23338,-3.70206,2.01825
290,-1.83189,-4.09645,3.24284
290,-2.32495,-3.57181,2.87419
290,-0.677782,-5.45781,3.05377
290,-2.44314,-3.44743,3.04995
290,-2.47673,-3.6025,0.372683
290,-2.35177,-3.70367,1.14543
290,-2.26915,-3.73827,2.02053
290,-2.32499,-3.61938,2.99216
290,-2.35194,-3.6975,1.83734
290,-0.75812,-5.44192,2.99273
290,-2.59752,-3.36831,3.13656
290,-2.51183,-3.49711,3.09116
290,-2.20737,-3.87004,3.0127
290,-2.64546,-3.51865,1.07581
290,-2.38816,-3.87467,0.303589
290,-2.40927,-3.66416,3.04286
290,-2.38187,-3.89591,0.355828
290,-2.51115,-3.62948,2.08775
290,-2.571,-3.64827,1.04956
290,-1.33051,-5.14211,0.0809757
290,-2.46066,-3.80721,0.753004
290,-2.38056,-3.94029,0.296755
290,-1.99694,-4.17064,3.29194
290,-2.19109,-3.97255,3.01224
290,-2.19672,-3.96738,3.00911
290,-2.02051,-4.1495,3.27927
290,-2.22753,-3.93562,3.00798
290,-2.42622,-3.91951,0.287408
290,-2.23189,-3.94886,3.01138
290,-2.59733,-3.62149,2.10368
290,-2.22808,-4.02012,3.02198
290,-2.06987,-4.18924,3.26993
290,-2.0911,-4.16472,3.27541
290,-2.08658,-4.17221,3.33091
290,-2.23725,-4.02605,3.04882
290,-2.07126,-4.21219,3.2431
290,-2.22743,-4.07101,2.83874
290,-2.10353,-4.18533,3.27736
290,-2.11442,-4.17927,3.25604
290,-2.51417,-3.74166,3.11611
290,-2.08312,-4.24551,2.97327
290,-2.01345,-4.47844,0.997242
290,-2.21803,-4.09963,3.2688
290,-2.14944,-4.18454,3.30627
290,-2.12873,-4.20981,3.28734
290,-2.28382,-4.07227,2.85788
290,-2.0679,-4.47816,0.726337
290,-2.06152,-4.48309,0.783481
290,-2.66182,-3.62907,3.18321
290,-2.23604,-4.14119,2.84904
290,-2.26892,-4.0697,3.35446
290,-2.06377,-4.49037,0.77168
290,-2.05523,-4.50726,0.752042
290,-2.2292,-4.17252,2.84475
290,-2.14693,-4.24434,3.26435
290,-2.23549,-4.13751,3.36702
290,-2.23455,-4.172,3.0595
290,-2.4774,-4.04008,1.1109
290,-2.22486,-4.19809,3.04314
290,-2.27159,-4.17331,2.84937
290,-2.08846,-4.35943,3.24768
290,-2.35693,-4.16712,1.7535
290,-1.25492,-5.35434,3.06749
290,-2.51963,-4.06021,1.05418
290,-2.04384,-4.63629,0.64653
290,-2.13463,-4.35011,3.27488
290,-2.25321,-4.23116,3.05
290,-2.33412,-4.13541,3.11519
290,-1.23464,-5.39945,3.00269
290,-1.56815,-5.19509,0.58006
290,-2.52326,-4.13363,0.264892
290,-2.29405,-4.21863,2.83843
290,-2.38054,-4.19723,1.81782
290,-2.26568,-4.25873,2.8676
290,-2.22473,-4.29433,3.02733
290,-1.94305,-4.77619,0.982215
290,-2.17188,-4.37877,2.94696
290,-2.10706,-4.62697,0.528998
290,-2.44349,-4.17206,1.67244
290,-2.47413,-4.01048,3.48153
290,-2.42193,-4.11791,2.89547
290,-2.30472,-4.25488,2.85028
290,-2.17266,-4.38823,3.0953
290,-2.53164,-4.08441,1.67825
290,-2.09937,-4.50928,2.95454
290,-2.18252,-4.38956,3.31379
290,-2.63959,-3.88641,3.19016
290,-2.14701,-4.47128,2.87351
290,-2.14034,-4.44662,3.33764
290,-2.32065,-4.26074,3.10944
290,-2.13602,-4.47763,3.16486
290,-2.1913,-4.40495,3.31729
290,-2.27924,-4.33176,3.00736
290,-2.0968,-4.55669,3.08345
290,-2.27719,-4.35703,3.0131
290,-2.0428,-4.5972,3.41536
290,-2.54304,-4.2021,0.980215
290,-2.51648,-4.05145,3.51347
290,-1.41216,-5.34371,3.07386
290,-2.05755,-4.81,0.327834
290,-2.49178,-4.1009,3.46158
290,-1.74242,-5.14218,1.12672
290,-2.25105,-4.42703,3.01774
290,-2.60426,-4.22283,0.285249
290,-2.07773,-4.80863,0.629746
290,-1.7424,-5.16835,0.962336
290,-2.20817,-4.49368,3.01371
290,-1.69812,-5.24702,0.663214
290,-2.22559,-4.49607,2.99037
290,-2.25552,-4.46844,2.97216
290,-1.80293,-5.12621,1.07976
290,-2.20663,-4.53227,2.98284
290,-1.37291,-5.48894,2.98483
290,-1.79025,-5.14913,1.09053
290,-2.64165,-4.23833,0.270239
290,-1.81508,-5.14869,0.745018
290,-2.23364,-4.51693,2.96819
290,-2.22539,-4.52781,2.96204
290,-1.87705,-5.09485,0.639327
290,-2.62469,-4.23208,0.854258
290,-2.17359,-4.5905,3.03218
290,-1.80739,-5.14963,1.07907
290,-1.76411,-5.21531,0.886743
290,-1.85756,-5.13652,0.512651
290,-1.77707,-5.19647,0.958587
290,-1.82414,-5.13773,1.05022
290,-1.75666,-5.22837,0.888001
290,-1.79089,-5.1939,0.889713
290,-2.5485,-4.37968,0.235662
290,-1.7768,-5.23671,0.640666
290,-2.31361,-4.50324,2.55733
290,-1.89981,-5.10772,0.804657
290,-2.29008,-4.50537,2.99453
290,-2.09822,-4.72698,3.0083
290,-2.25951,-4.55995,2.92119
290,-1.74431,-5.31108,0.654976
290,-2.20947,-4.61025,3.04361
290,-1.93323,-5.09633,0.705467
290,-2.22818,-4.59562,3.06655
290,-2.29923,-4.52028,2.99723
290,-2.19911,-4.63017,3.07552
290,-2.12623,-4.722,3.00224
290,-2.61914,-4.12129,3.57823
290,-1.85188,-5.21276,0.658932
290,-1.74419,-5.3182,0.922519
290,-1.71181,-5.34132,1.1406
290,-2.30379,-4.53193,3.03034
290,-2.58998,-4.41094,0.220664
290,-2.32903,-4.5057,3.05876
290,-1.78464,-5.27724,0.990425
290,-2.22193,-4.63234,3.0474
290,-2.37652,-4.46335,2.97275
290,-2.24466,-4.59673,3.26434
290,-2.21566,-4.64551,3.0853
290,-1.74745,-5.32413,1.12209
290,-1.75514,-5.3306,1.06195
290,-2.38224,-4.48313,2.97938
290,-2.46276,-4.48018,1.85
290,-1.78769,-5.31662,0.942474
290,-2.50831,-4.54756,0.238808
290,-1.5581,-5.4292,3.11643
290,-2.31924,-4.55672,3.1889
290,-2.35527,-4.52887,3.01213
290,-2.21156,-4.69144,3.04637
290,-1.76624,-5.35206,0.950707
290,-2.4634,-4.49624,1.82691
290,-2.23489,-4.66815,3.15144
290,-2.2271,-4.67972,3.14457
290,-2.23411,-4.68295,3.07672
290,-2.26926,-4.63103,3.27161
290,-2.17589,-4.76064,3.00641
290,-2.80824,-4.02812,3.29997
290,-1.89751,-5.24203,1.06694
290,-2.64789,-4.45514,0.235673
290,-2.40784,-4.53007,3.07366
290,-1.6322,-5.42766,2.99756
290,-2.3956,-4.78864,-0.204331
290,-1.66462,-5.43542,3.11492
290,-2.70839,-4.21149,3.61404
290,-2.41264,-4.83026,-0.220848
290,-1.71876,-5.42495,2.99682
290,-1.67841,-5.46853,3.05184
290,-2.17889,-4.90437,3.00206
290,-2.18481,-4.90359,3.0093
290,-2.2329,-4.86193,3.0881
290,-2.15361,-4.97403,3.02083
290,-1.82319,-5.37484,3.11315
290,-2.16517,-5.01662,2.88163
290,-2.17446,-5.01297,3.03708
290,-2.15971,-5.1395,1.95665
290,-2.16469,-5.1223,2.44724
290,-2.20207,-5.04263,2.98882
290,-2.13545,-5.25801,1.1951
290,-2.18064,-5.18477,1.66724
290,-1.84309,-5.46841,3.12085
290,-2.18012,-5.13809,2.39966
290,-2.21607,-5.0601,3.07255
290,-2.18004,-5.11766,3.03147
290,-2.18223,-5.15032,2.58364
290,-2.19159,-5.11148,2.97964
290,-2.21657,-5.08777,2.91725
290,-1.88817,-5.44925,3.22544
290,-2.17541,-5.20464,2.12454
290,-1.86072,-5.50091,3.24801
290,-2.88383,-4.52624,0.78439
290,-2.24512,-5.13258,2.59665
290,-1.90626,-5.48,3.16236
290,-2.21564,-5.21795,1.96361
290,-1.96491,-5.42299,3.09489
290,-2.24132,-5.11179,3.0987
290,-2.19411,-5.20088,2.73655
290,-2.20404,-5.24897,2.11632
290,-2.19955,-5.19733,2.92628
290,-1.79864,-5.7218,2.11968
290,-2.23906,-5.21862,2.30241
290,-2.22768,-5.21829,2.49015
290,-2.06659,-5.43717,3.01383
290,-2.23307,-5.34353,3.10183
290,-2.26771,-5.40719,3.12125
290,-2.2658,-5.44758,3.11632
290,-2.00056,-6.07867,2.20092
290,-2.02401,-6.11931,2.21791
290,-2.12192,-3.89386,1.68738
288,-2.12192,-3.89386,1.68738
290,0.443953,-1.77967,1.2666
288,0.443953,-1.77967,1.2666
290,-1.89292,-5.09345,0.639792
288,-1.89292,-5.09345,0.639792
290,-1.76794,-5.31573,0.720431
288,-1.76794,-5.31573,0.720431
290,-1.99479,-4.44414,1.01157
288,-1.99479,-4.44414,1.01157
290,-2.27687,-3.44086,1.74502
283,-2.27687,-3.44086,1.74502
290,-2.3594,-4.10366,1.70248
283,-2.3594,-4.10366,1.70248
290,-2.18468,-4.0035,1.64508
283,-2.18468,-4.0035,1.64508
290,-2.34938,-3.24173,1.04567
283,-2.34938,-3.24173,1.04567
290,-1.84574,-4.70821,1.8919
283,-1.84574,-4.70821,1.8919
290,-2.37649,-3.73816,1.12868
283,-2.37649,-3.73816,1.12868
290,-2.23808,-4.27772,1.78719
283,-2.23808,-4.27772,1.78719
290,-2.99996,-3.09713,1.53402
283,-2.99996,-3.09713,1.53402
290,-2.13929,-3.17408,0.452988
283,-2.13929,-3.17408,0.452988
290,-2.3061,-3.67922,0.997359
283,-2.3061,-3.67922,0.997359
290,-2.08912,-3.58754,1.66469
283,-2.08912,-3.58754,1.66469
290,-2.49538,-2.79158,0.707188
283,-2.49538,-2.79158,0.707188
290,-2.23746,-3.62493,1.15016
283,-2.23746,-3.62493,1.15016
290,-2.08063,-3.78712,0.375994
284,-2.08063,-3.78712,0.375994
290,-2.1947,-3.48732,0.976783
284,-2.1947,-3.48732,0.976783
290,-2.27168,-4.02778,0.345321
284,-2.27168,-4.02778,0.345321
290,-1.47093,-4.66874,0.759334
284,-1.47093,-4.66874,0.759334
290,-2.19386,-3.39132,0.44397
284,-2.19386,-3.39132,0.44397
290,-1.90504,-4.95024,0.984261
103,-1.90504,-4.95024,0.984261
290,-2.26866,-3.69072,2.84335
282,-2.26866,-3.69072,2.84335
290,-3.38855,-4.37276,3.58723
282,-3.38855,-4.37276,3.58723
290,-2.51106,-2.44125,0.273264
282,-2.51106,-2.44125,0.273264
290,-2.17154,-4.41868,2.87248
282,-2.17154,-4.41868,2.87248
290,-2.1971,-4.33171,2.69827
282,-2.1971,-4.33171,2.69827
290,-2.88015,-3.95475,3.30323
282,-2.88015,-3.95475,3.30323
290,-3.31912,-4.34101,3.55828
282,-3.31912,-4.34101,3.55828
290,-2.29782,-4.02787,3.06486
282,-2.29782,-4.02787,3.06486
290,-2.57079,-2.83019,2.89839
282,-2.57079,-2.83019,2.89839
290,-2.37237,-3.90989,0.893857
66,-2.37237,-3.90989,0.893857
290,-1.73162,-5.24606,1.06109
66,-1.73162,-5.24606,1.06109
290,-2.45989,-3.97117,0.946151
66,-2.45989,-3.97117,0.946151
290,-1.94802,-4.36931,1.14093
65,-1.94802,-4.36931,1.14093
290,-2.00473,-4.30706,-0.124709
65,-2.00473,-4.30706,-0.124709
291,-0.667338,-3.21794,0.839646
291,0.118545,-4.47837,-0.0936798
291,-2.4967,-2.44066,0.255606
291,-2.54394,-2.47674,0.270491
291,-0.429342,-4.46294,0.327127
291,-0.378926,-4.50922,0.110284
291,-0.381426,-4.51283,0.0556055
291,-0.452105,-4.44851,0.0719121
291,-0.378186,-4.50759,-0.371078
291,-0.414869,-4.51669,0.311727
291,-0.392291,-4.5054,-0.364704
291,-0.382641,-4.55234,0.061833
291,-0.386928,-4.52383,-0.377016
291,-0.432298,-4.51627,0.131969
291,-0.474481,-4.47762,0.086955
291,-0.421563,-4.50508,-0.381245
291,-2.35521,-2.81159,1.22072
291,-0.426566,-4.50111,-0.384273
291,-0.42524,-4.51758,-0.446308
291,-0.396402,-4.57346,0.013249
291,-2.38738,-2.8121,1.30209
291,-0.445328,-4.51331,-0.3683
291,-0.445565,-4.54951,0.224131
291,-0.400006,-4.58369,0.0781598
291,-0.433674,-4.56495,0.23582
291,-0.482379,-4.51166,0.074515
291,-0.39479,-4.59395,0.0410794
291,-0.452949,-4.54593,0.135748
291,-0.45816,-4.54902,0.234226
291,-2.42311,-2.7807,0.896443
291,-0.389799,-4.61417,0.0662104
291,-0.442692,-4.58182,0.308571
291,-2.43143,-2.78469,0.93304
291,-2.43959,-2.7885,0.954941
291,-0.38371,-4.61484,-0.368652
291,-0.386732,-4.61869,-0.367902
291,-0.500126,-4.55348,0.0629637
291,-0.502434,-4.55534,0.0996745
291,-0.443561,-4.59455,-0.262302
291,-0.462363,-4.60581,0.210399
291,-2.45434,-2.85172,1.6944
291,-2.45521,-2.80151,0.744328
291,-2.41148,-2.89969,1.69974
291,-0.405245,-4.65973,0.0508044
291,-2.47957,-2.78657,0.682224
291,-0.396574,-4.65264,-0.378045
291,-2.47299,-2.86216,1.69078
291,-2.44959,-2.88425,1.65892
291,-0.400856,-4.66206,-0.360268
291,-2.50077,-2.80556,0.961584
291,-0.471319,-4.63237,0.121784
291,-0.538376,-4.58557,0.237909
291,-2.5429,-2.76985,0.605432
291,-0.415399,-4.7023,0.0364182
291,-0.543632,-4.59633,0.254081
291,-2.43518,-2.86224,0.322775
291,-2.5479,-2.7818,0.731071
291,-2.53404,-2.79448,0.678813
291,-0.564946,-4.58586,0.194854
291,-2.46114,-2.84594,0.364123
291,-2.54747,-2.78585,0.691151
291,-2.55569,-2.78228,0.710898
291,-2.52827,-2.80428,0.618008
291,-0.420349,-4.69788,-0.310415
291,-2.55993,-2.7822,0.699556
291,-0.542874,-4.60764,0.0570364
291,-0.534324,-4.62126,0.0949497
291,-0.421106,-4.70912,-0.313977
291,-2.5544,-2.85044,1.56006
291,-2.56767,-2.78657,0.599148
291,-2.52651,-2.83351,0.708878
291,-2.55345,-2.86576,1.68934
291,-0.574615,-4.60729,0.189011
291,-2.5797,-2.78088,0.609537
291,-2.57879,-2.78733,0.705314
291,-2.58122,-2.78142,0.596411
291,-2.45429,-2.88482,0.324288
291,-2.56759,-2.79581,0.598077
291,-2.56298,-2.80065,0.550231
291,-2.5188,-2.85315,0.720836
291,-2.55862,-2.81398,0.6663
291,-2.58317,-2.79118,0.56751
291,-2.64371,-2.75059,0.709216
291,-2.64404,-2.75058,0.693183
291,-2.536,-2.86698,0.899575
291,-2.53432,-2.86564,0.816776
291,-2.56163,-2.85147,1.0095
291,-2.59187,-2.80132,0.584151
291,-2.65024,-2.75217,0.580161
291,-2.58892,-2.81312,0.556491
291,-2.60211,-2.87465,1.70154
291,-2.55263,-2.86916,0.80252
291,-2.59388,-2.8056,0.338924
291,-0.299848,-4.88186,-0.576258
291,-2.56737,-2.87675,0.925696
291,-2.56675,-2.8762,0.886887
291,-2.6161,-2.87996,1.56558
291,-2.52898,-3.00124,1.71418
291,-2.5939,-2.97611,2.08101
291,-2.37908,-3.11948,0.907827
291,-2.64676,-2.84103,0.312441
291,-2.52753,-3.03184,1.71511
291,-0.384578,-4.92017,-0.0100527
291,-2.3666,-3.14336,0.888688
291,-0.41354,-4.89684,-0.00165188
291,-0.369885,-4.92959,-0.478483
291,-2.50269,-3.11132,2.06819
291,-2.51852,-3.10763,2.09659
291,-2.48107,-3.07053,0.321773
291,-0.61417,-4.81453,0.375108
291,-2.43805,-3.15905,0.851234
291,-2.44223,-3.17009,0.834453
291,-0.333293,-5.08028,-0.316011
291,-0.843805,-4.63672,-0.117407
291,-2.34491,-3.2781,0.341111
291,-2.52493,-3.14775,0.969417
291,-2.50644,-3.13809,0.320035
291,-0.921033,-4.56979,-0.333698
291,-0.697738,-4.8051,0.162307
291,-2.5522,-3.18663,1.76145
291,-0.348867,-5.1086,-0.322259
291,-2.48519,-3.17465,0.299581
291,-0.749016,-4.77492,0.00108695
291,-0.923816,-4.59771,-0.330308
291,-0.352013,-5.1289,-0.322794
291,-0.980197,-4.54191,-0.534298
291,-2.58007,-3.22442,2.09315
291,-0.70406,-4.85533,0.30434
291,-0.93583,-4.6415,0.2684
291,-2.46172,-3.30252,1.39646
291,-2.61677,-3.12604,0.793696
291,-2.48314,-3.32281,2.07353
291,-2.61153,-3.13903,0.921939
291,-2.554,-3.16072,0.2646
291,-2.54809,-3.16826,0.284352
291,-2.55234,-3.167,0.282225
291,-2.40833,-3.3032,0.310714
291,-0.402351,-5.1219,-0.290203
291,-2.59809,-3.21532,1.7691
291,-2.55876,-3.17193,0.288186
291,-2.56007,-3.17273,0.311909
291,-2.52968,-3.21203,0.28372
291,-2.63225,-3.14958,0.849137
291,-2.44549,-3.32981,0.939028
291,-0.728069,-4.87157,0.132667
291,-0.784188,-4.8117,-0.014135
291,-2.63947,-3.15402,0.916168
291,-0.722552,-4.8815,0.12944
291,-2.50785,-3.24765,0.296763
291,-2.47886,-3.28163,0.298154
291,-2.41206,-3.35364,0.287523
291,-0.745765,-4.88837,0.132071
291,-0.727174,-4.9171,0.25839
291,-2.49582,-3.29906,0.304933
291,-2.45619,-3.33762,0.291358
291,-2.50118,-3.29696,0.29057
291,-2.49896,-3.30085,0.278822
291,-2.47745,-3.34832,0.276332
291,-0.746017,-4.95716,0.273638
291,-0.746787,-4.95897,0.271193
291,-2.34655,-3.52107,0.948558
291,-2.42643,-3.48683,1.61103
291,-2.56676,-3.38547,2.08103
291,-0.741555,-4.96727,0.263904
291,-2.48962,-3.35967,0.276361
291,-2.60763,-3.26479,0.272564
291,-2.35655,-3.53997,0.942771
291,-2.38087,-3.52638,0.984882
291,-2.3588,-3.54168,0.835141
291,-2.50236,-3.52837,2.91989
291,-2.28714,-3.66906,1.78195
291,-1.05784,-4.69204,-0.260404
291,-1.05304,-4.69759,-0.274488
291,-1.05394,-4.70227,-0.270701
291,-2.58896,-3.42269,2.0779
291,-2.37547,-3.55314,0.838972
291,-0.787883,-4.98973,0.270442
291,-2.37078,-3.55021,0.633093
291,-1.10861,-4.69395,-0.229789
291,-2.59536,-3.45065,2.02066
291,-2.50747,-3.51006,1.63743
291,-1.1161,-4.70301,-0.228551
291,-1.05231,-4.80113,0.237196
291,-2.3158,-3.73878,1.8233
291,-0.816193,-5.03744,0.290409
291,-2.36399,-3.70835,1.82461
291,-0.876994,-5.00162,0.307667
291,-0.8488,-5.036,0.296332
291,-2.36575,-3.72383,1.80904
291,-1.1612,-4.73875,-0.258761
291,-2.3534,-3.71567,1.00236
291,-2.4594,-3.58759,0.423725
291,-2.36131,-3.72693,0.993315
291,-2.36194,-3.72748,0.971348
291,-2.45982,-3.60524,0.333272
291,-2.3767,-3.74294,0.974407
291,-2.63001,-3.55876,1.64458
291,-0.889189,-5.09591,0.314064
291,-1.27385,-4.71437,-0.229478
291,-2.64312,-3.52196,0.97114
291,-0.849169,-5.15524,0.300777
291,-2.5055,-3.63466,0.439609
291,-2.65661,-3.57578,1.6309
291,-2.51601,-3.64193,0.383752
291,-2.64726,-3.59038,1.59604
291,-2.42045,-3.76426,0.963139
291,-2.42132,-3.76496,0.945158
291,-2.22958,-4.0618,2.95798
291,-2.42576,-3.77926,0.944758
291,-2.52966,-3.65136,0.326809
291,-2.67992,-3.5907,1.60752
291,-1.51119,-4.5496,-0.593093
291,-2.56142,-3.66672,0.32057
291,-2.36096,-3.86705,0.316825
291,-2.35562,-3.87424,0.325778
291,-2.34815,-3.87999,0.289362
291,-2.39587,-3.93805,2.03736
291,-2.32753,-3.90941,0.330438
291,-2.54125,-3.86608,3.00797
291,-2.53731,-3.86863,2.97332
291,-2.27155,-4.07516,2.06647
291,-2.34249,-4.08821,3.00016
291,-2.35512,-4.09867,2.98179
291,-2.38677,-3.94312,0.316517
291,-2.78382,-3.62289,0.9438
291,-2.29465,-4.13807,2.03345
291,-1.10137,-5.30162,3.0515
291,-1.9545,-4.40364,1.08873
291,-2.29906,-4.12327,1.72957
291,-2.56605,-3.95025,3.01771
291,-2.36006,-4.08228,1.83906
291,-1.9741,-4.41567,1.0925
291,-1.15744,-5.11752,0.152642
291,-1.83733,-4.52169,0.65982
291,-2.34186,-4.13874,1.81303
291,-1.99359,-4.41992,0.946497
291,-2.35722,-4.15185,1.85372
291,-2.0089,-4.42665,0.955666
291,-2.36296,-4.18767,2.06229
291,-2.36275,-4.1876,2.04876
291,-2.37018,-4.17814,1.80499
291,-2.87154,-3.66957,0.961235
291,-1.23455,-5.30569,3.0388
291,-2.42924,-4.13903,1.86039
291,-2.47914,-4.1084,1.729
291,-2.42892,-4.16752,1.76001
291,-2.52019,-4.09154,1.75476
291,-1.98926,-4.53471,0.527602
291,-2.45277,-4.17791,1.75859
291,-1.2713,-5.18567,0.15828
291,-1.28491,-5.34274,3.06549
291,-2.32272,-4.35839,1.80922
291,-2.07029,-4.54078,0.611155
291,-1.86974,-4.74034,0.613028
291,-1.88616,-4.72968,0.61246
291,-2.97368,-3.74488,0.937957
291,-2.5862,-4.11439,0.941446
291,-2.06365,-4.60611,0.606923
291,-1.36126,-5.39753,3.09164
291,-2.09423,-4.59371,0.830639
291,-2.5501,-4.14909,0.28044
291,-2.08927,-4.60495,0.614798
291,-2.39734,-4.46365,2.88324
291,-2.6255,-4.14621,0.915978
291,-2.04979,-4.67968,0.60268
291,-2.41051,-4.34039,0.267426
291,-2.38604,-4.51085,2.82318
291,-1.94963,-4.81445,1.02048
291,-2.57153,-4.24003,0.820092
291,-1.96236,-4.81453,1.01027
291,-2.58384,-4.23455,0.867644
291,-2.4648,-4.31247,0.263812
291,-2.28871,-4.61799,2.64859
291,-2.39086,-4.5416,2.75433
291,-2.09923,-4.69003,0.627998
291,-2.37834,-4.54743,2.64658
291,-1.42314,-5.47566,3.12302
291,-2.45445,-4.52471,2.96011
291,-1.96472,-4.87495,0.966276
291,-1.48413,-5.30345,0.60351
291,-1.97515,-4.88737,0.990977
291,-2.37647,-4.48128,0.313075
291,-2.11076,-4.87628,2.92819
291,-1.81409,-5.04641,1.08257
291,-1.8641,-5.01149,1.12238
291,-1.71081,-5.14927,0.891478
291,-1.68769,-5.16971,0.861367
291,-2.44892,-4.44092,0.306037
291,-1.81644,-5.06758,1.05219
291,-1.9443,-4.92888,0.613519
291,-2.40399,-4.63109,2.78494
291,-1.50436,-5.33721,0.59938
291,-1.50437,-5.33768,0.587096
291,-1.72416,-5.1522,0.850146
291,-1.77049,-5.12617,1.00194
291,-1.71815,-5.17084,0.888586
291,-1.76611,-5.13608,1.05291
291,-1.68801,-5.20539,0.890889
291,-2.61588,-4.32327,0.289891
291,-1.88824,-5.04694,1.13082
291,-1.73818,-5.15988,0.675235
291,-1.73513,-5.17532,0.850946
291,-1.76258,-5.16556,1.08363
291,-1.79574,-5.12801,0.960431
291,-1.68459,-5.2374,0.869659
291,-2.14349,-4.93249,2.87243
291,-1.70405,-5.23455,0.961437
291,-1.68084,-5.2349,0.589997
291,-1.69875,-5.23852,0.930714
291,-1.70384,-5.24524,0.961283
291,-1.72254,-5.23803,1.03499
291,-1.71616,-5.24446,0.991848
291,-2.43959,-4.60387,1.44556
291,-1.74266,-5.20163,0.565894
291,-1.85447,-5.12675,1.06271
291,-1.73352,-5.23652,1.00966
291,-1.70906,-5.2387,0.608854
291,-2.20696,-4.92057,3.0182
291,-1.67626,-5.28798,0.825566
291,-1.84412,-5.14317,0.859849
291,-2.44689,-4.62461,1.36699
291,-2.59064,-4.43097,0.29262
291,-2.45959,-4.61849,1.45445
291,-1.82184,-5.18427,1.0036
291,-1.61033,-5.50998,3.144
291,-1.64433,-5.33369,0.585746
291,-1.80682,-5.19703,0.704836
291,-1.71304,-5.30889,1.14701
291,-1.8669,-5.16889,1.08178
291,-1.74574,-5.28044,1.03564
291,-1.82488,-5.2127,1.06322
291,-1.62362,-5.37978,0.694075
291,-1.74827,-5.28534,1.03438
291,-2.18905,-4.99857,3.05819
291,-2.12043,-5.03355,2.4543
291,-1.791,-5.23828,0.649405
291,-2.125,-5.05239,2.76819
291,-1.77941,-5.27667,1.09394
291,-1.88444,-5.179,1.07679
291,-1.74178,-5.29168,0.685813
291,-1.85589,-5.21292,1.07723
291,-1.89165,-5.1823,1.09837
291,-1.61676,-5.40887,0.604241
291,-1.73078,-5.32958,0.966363
291,-1.86204,-5.20671,0.808112
291,-1.754,-5.33,1.08241
291,-2.11724,-5.07105,2.38719
291,-2.15795,-5.07202,2.83042
291,-1.73893,-5.34707,0.846729
291,-1.76578,-5.33706,1.07929
291,-1.94913,-5.16948,1.09781
291,-1.99291,-5.24218,2.95144
291,-1.7315,-5.36847,0.84637
291,-1.74692,-5.38279,1.13736
291,-1.67702,-5.42172,0.68639
291,-2.03461,-5.09494,0.584164
291,-1.87933,-5.26886,1.0684
291,-1.76748,-5.38075,1.15553
291,-1.85893,-5.28742,0.989771
291,-1.95013,-5.18388,0.586228
291,-2.1751,-5.09393,2.48767
291,-1.9951,-5.18976,1.13725
291,-2.02175,-5.28131,2.96978
291,-2.15082,-5.1321,2.41744
291,-2.15978,-5.11954,2.16196
291,-2.00968,-5.20178,0.617272
291,-2.01674,-5.22902,1.13462
291,-2.171,-5.18044,2.72338
291,-2.11338,-5.25558,3.02896
291,-2.18583,-5.15611,2.43149
291,-2.17989,-5.17962,2.73988
291,-2.15189,-5.17074,2.07762
291,-2.07317,-5.16436,0.577729
291,-2.19042,-5.17976,2.74261
291,-2.03511,-5.23494,1.14205
291,-2.17487,-5.19788,2.69925
291,-2.18966,-5.19093,2.78718
291,-2.17389,-5.22026,2.8522
291,-2.05743,-5.21326,0.519685
291,-2.16728,-5.17261,1.56498
291,-2.19378,-5.22075,2.75296
291,-2.13276,-5.21488,1.18651
291,-2.16435,-5.21872,1.67639
291,-2.19903,-5.20535,1.89373
291,-2.20211,-5.27806,2.73701
291,-2.07623,-5.31227,1.14752
291,-2.2111,-5.20063,1.21024
291,-2.11109,-5.4025,3.0266
291,-2.22824,-5.21036,1.23163
291,-2.24096,-5.3122,3.06008
291,-2.11479,-5.28723,0.574985
291,-2.23575,-5.3429,2.9866
291,-2.28228,-5.30445,2.95656
291,-2.10223,-5.34383,0.560915
291,-2.26117,-5.37809,2.89337
291,-2.14,-5.35794,0.534479
291,-2.06302,-5.58621,3.15713
291,-2.26947,-5.40388,3.02811
291,-2.27242,-5.33679,1.39326
291,-2.30994,-5.40377,2.93877
291,-2.28898,-5.43856,3.01697
291,-2.24891,-5.59917,3.11141
291,-2.37576,-5.51556,2.9593
291,-2.47648,-5.64447,3.02547
291,-2.48751,-3.1219,1.75474
290,-2.48751,-3.1219,1.75474
291,-1.86326,-5.09156,0.638322
290,-1.86326,-5.09156,0.638322
291,-2.48751,-3.1219,1.75474
290,-2.48751,-3.1219,1.75474
291,-2.62952,-4.40773,0.225365
290,-2.62952,-4.40773,0.225365
291,-2.35355,-3.86272,0.302493
290,-2.35355,-3.86272,0.302493
291,-2.51613,-2.87362,1.65834
290,-2.51613,-2.87362,1.65834
291,-2.27959,-4.00956,2.82983
290,-2.27959,-4.00956,2.82983
291,-1.71802,-5.27979,0.950213
290,-1.71802,-5.27979,0.950213
291,-1.42604,-2.73214,0.572467
290,-1.42604,-2.73214,0.572467
291,-1.81211,-5.36651,0.698214
290,-1.81211,-5.36651,0.698214
291,-1.62923,-5.14443,0.972975
290,-1.62923,-5.14443,0.972975
291,-0.827673,-3.87881,1.02305
290,-0.827673,-3.87881,1.02305
291,-1.77743,-4.63208,2.29435
289,-1.77743,-4.63208,2.29435
291,-2.38183,-4.55901,2.65366
289,-2.38183,-4.55901,2.65366
291,-2.66256,-3.94684,1.76218
289,-2.66256,-3.94684,1.76218
291,-2.35468,-4.06124,0.290709
289,-2.35468,-4.06124,0.290709
291,-1.58423,-4.45584,1.1631
289,-1.58423,-4.45584,1.1631
291,-2.74173,-3.53185,1.89259
289,-2.74173,-3.53185,1.89259
291,-1.77792,-5.28874,1.07838
289,-1.77792,-5.28874,1.07838
291,-1.34103,-2.2189,0.631784
289,-1.34103,-2.2189,0.631784
291,-2.48223,-3.73151,1.74543
289,-2.48223,-3.73151,1.74543
291,-1.89492,-3.28987,1.65127
289,-1.89492,-3.28987,1.65127
291,-1.51055,-2.7992,0.570906
289,-1.51055,-2.7992,0.570906
291,-1.83829,-3.32875,1.70688
289,-1.83829,-3.32875,1.70688
291,-0.706891,-2.33042,1.24
288,-0.706891,-2.33042,1.24
291,-5.05131,-3.7657,0.174842
288,-5.05131,-3.7657,0.174842
291,-2.47953,-4.30534,2.11249
288,-2.47953,-4.30534,2.11249
291,-1.95092,-4.86359,1.93319
283,-1.95092,-4.86359,1.93319
291,-2.27979,-3.30381,0.915941
283,-2.27979,-3.30381,0.915941
291,-2.28575,-3.75762,1.71202
283,-2.28575,-3.75762,1.71202
291,-2.47843,-2.69052,0.679933
283,-2.47843,-2.69052,0.679933
291,-2.25579,-4.08262,1.10867
284,-2.25579,-4.08262,1.10867
291,-1.80188,-5.16785,0.989546
284,-1.80188,-5.16785,0.989546
291,-2.01743,-3.01375,0.41877
284,-2.01743,-3.01375,0.41877
291,-1.46876,-4.77437,0.950646
66,-1.46876,-4.77437,0.950646
291,-1.52884,-4.57227,-0.602881
66,-1.52884,-4.57227,-0.602881
291,-1.53797,-4.56148,0.660203
66,-1.53797,-4.56148,0.660203
291,-2.41301,-3.31947,0.361795
66,-2.41301,-3.31947,0.361795
291,-2.81088,-2.9978,1.11154
65,-2.81088,-2.9978,1.11154
291,-1.52193,-4.81348,0.654878
65,-1.52193,-4.81348,0.654878
291,-2.23515,-4.43896,2.47912
282,-2.23515,-4.43896,2.47912
291,-2.60601,-3.08238,0.87461
282,-2.60601,-3.08238,0.87461
291,-2.14785,-2.9874,1.6767
282,-2.14785,-2.9874,1.6767
291,-2.23169,-4.43676,2.48475
282,-2.23169,-4.43676,2.48475
291,-2.32046,-3.49189,1.95253
282,-2.32046,-3.49189,1.95253
291,-2.44334,-3.28343,1.73737
282,-2.44334,-3.28343,1.73737
291,-2.44187,-3.24652,1.69496
282,-2.44187,-3.24652,1.69496
291,-2.17319,-2.52632,0.414159
282,-2.17319,-2.52632,0.414159
291,-2.28831,-3.65724,1.00254
282,-2.28831,-3.65724,1.00254
292,1.11077,-3.43227,0.00723124
292,1.07519,-3.39784,-0.0779918
292,1.08965,-3.43948,0.00252509
292,1.07124,-3.40301,-0.0782188
292,1.10993,-3.45611,-0.0127559
292,1.0636,-3.43205,-0.00414574
292,1.06238,-3.43627,-0.00872207
292,1.07675,-3.45894,-0.0224602
292,1.07378,-3.47996,0.000638962
292,1.02502,-3.44104,-0.0693557
292,1.02709,-3.44659,-0.0713853
292,1.01091,-3.43803,-0.0692512
292,1.03678,-3.4736,-0.0165426
292,1.01439,-3.45523,-0.0700958
292,1.03439,-3.61113,-0.0288305
292,1.0347,-3.61766,-0.0341678
292,0.872313,-3.5434,-0.00607061
292,0.861725,-3.5429,-0.0103726
292,0.848511,-3.55235,-0.01355
292,1.03542,-3.68376,-0.0593491
292,0.861695,-3.58341,-0.0263475
292,0.840083,-3.5738,-0.0271389
292,0.838276,-3.57338,-0.0290903
292,0.874061,-3.60239,-0.0218453
292,0.869555,-3.56091,-0.182883
292,0.869332,-3.56306,-0.183976
292,0.849464,-3.57807,-0.181013
292,0.883832,-3.5757,-0.335238
292,0.86395,-3.58315,-0.328747
292,0.743359,-3.62068,-0.0191838
292,0.851825,-3.61093,-0.340438
292,0.732785,-3.62287,-0.0298693
292,0.735945,-3.64213,-0.0148997
292,0.737809,-3.64206,-0.0242345
292,0.742569,-3.64999,-0.0150907
292,0.748834,-3.67171,-0.00824845
292,0.750306,-3.677,-0.0217708
292,0.74219,-3.70138,-0.00918949
292,0.624861,-3.61369,-0.0739324
292,0.746293,-3.72547,-0.030565
292,0.628668,-3.62661,-0.0938152
292,0.822923,-3.78895,-0.0331923
292,0.681844,-3.61347,-0.311043
292,0.676588,-3.61335,-0.310523
292,0.751181,-3.7495,-0.037235
292,0.628421,-3.64781,-0.110663
292,0.62121,-3.64716,-0.106096
292,0.591364,-3.64259,-0.0604732
292,0.5935,-3.64671,-0.0631931
292,0.814312,-3.82311,-0.049018
292,0.952346,-3.91947,-0.0589602
292,0.746135,-3.80507,-0.0591666
292,0.8551,-3.8892,-0.0565962
292,0.569908,-3.71889,-0.00907552
292,0.792738,-3.86642,-0.0604497
292,0.74314,-3.83025,-0.0723751
292,0.538379,-3.72435,-0.0227181
292,0.509089,-3.71049,-0.00566578
292,0.526731,-3.6958,-0.104127
292,0.537503,-3.73102,-0.028827
292,0.526696,-3.70353,-0.101122
292,0.806678,-3.9203,-0.0402715
292,0.517488,-3.71507,-0.10705
292,0.780985,-3.92799,-0.052937
292,0.801966,-3.94493,-0.059615
292,0.811805,-3.95685,-0.0604106
292,0.812418,-3.96476,-0.0532908
292,0.805128,-3.96199,-0.0500407
292,0.478858,-3.72665,-0.0823395
292,0.784517,-3.95975,-0.0572695
292,0.460596,-3.74227,-0.0854479
292,0.349777,-3.7566,-0.295162
292,0.348897,-3.81043,-0.316459
292,0.331056,-3.81125,-0.321889
292,0.300547,-3.83318,-0.177344
292,0.295974,-3.87134,-0.045066
292,0.312912,-3.88514,-0.0421053
292,0.293538,-3.84339,-0.181489
292,0.288712,-3.88157,-0.0478804
292,0.302307,-3.83187,-0.269536
292,0.26818,-3.91783,-0.0614988
292,0.272987,-3.92353,-0.0573432
292,0.251982,-3.9126,-0.0993929
292,0.256733,-3.93219,-0.0654954
292,0.246532,-3.94306,-0.0693926
292,0.243724,-3.95378,-0.0661858
292,0.229223,-3.96653,-0.0765337
292,0.233174,-3.99176,-0.0733703
292,0.214943,-3.98073,-0.0736353
292,0.259607,-3.87345,-0.606116
292,0.259988,-4.20407,0.482783
292,0.254453,-4.20807,0.505524
292,0.241105,-4.21023,0.49152
292,0.37326,-4.16082,0.00348842
292,0.187531,-4.01417,-0.0873492
292,0.189873,-3.88687,-0.560645
292,0.184071,-3.89138,-0.555878
292,0.168348,-3.90829,-0.507755
292,0.172121,-3.91263,-0.523462
292,0.190552,-3.90882,-0.587981
292,0.228686,-4.25961,0.477768
292,0.181218,-3.93233,-0.542677
292,0.197837,-4.25865,0.512981
292,0.211391,-4.27181,0.490738
292,0.186943,-3.93291,-0.618487
292,0.199907,-4.28352,0.502381
292,0.177475,-3.95058,-0.608535
292,0.162144,-3.96932,-0.525966
292,0.161057,-3.97613,-0.516389
292,-2.35459,-2.80354,1.29324
292,-2.36787,-2.81034,1.31719
292,-2.55598,-2.85798,1.61721
292,-2.50305,-2.82299,0.960162
292,-2.51084,-2.82319,0.937609
292,-2.44955,-2.82908,0.785792
292,-2.40783,-2.4445,-0.647168
292,-2.52346,-2.78654,0.703938
292,-2.55645,-2.8353,0.948971
292,-2.50065,-2.79647,0.670094
292,-2.53358,-2.86553,0.981508
292,-2.54841,-2.85008,0.916544
292,-2.54391,-2.86982,0.96043
292,-2.54161,-2.79814,0.702415
292,-2.52405,-3.09163,1.63839
292,-2.52616,-3.09243,1.60971
292,-2.53846,-2.80771,0.660828
292,-2.35735,-2.84744,0.335011
292,-2.56971,-2.80195,0.689373
292,-2.58385,-2.79823,0.698459
292,-2.40588,-2.85554,0.33252
292,-2.58978,-2.80843,0.585312
292,-2.44184,-2.86587,0.358694
292,-2.47315,-2.88769,0.316415
292,-2.46868,-2.88499,0.290163
292,-2.40033,-3.16058,0.897629
292,-0.404137,-4.40599,0.337811
292,-2.39988,-3.17216,0.876339
292,-2.67227,-2.84732,0.307365
292,-2.41489,-3.04729,0.354547
292,-2.48241,-3.17111,0.914276
292,-2.70999,-2.8426,0.312833
292,-2.4017,-3.28175,1.06304
292,-2.69417,-2.85933,0.307701
292,-2.39251,-3.12344,0.325448
292,-0.422156,-4.44138,0.0442328
292,-0.382072,-4.46884,0.0234511
292,-2.34106,-3.18526,0.360299
292,-0.360015,-4.50433,0.084557
292,-0.448647,-4.47524,0.0995446
292,-0.483499,-4.49114,0.194148
292,-0.381876,-4.5289,0.0619149
292,-0.383985,-4.53854,0.0987453
292,-0.430432,-4.51476,0.121632
292,-2.30417,-3.25704,0.333397
292,-0.405568,-4.50256,0.00680339
292,-0.379295,-4.52772,0.0143865
292,-0.384331,-4.54662,0.0767645
292,-0.341296,-4.57603,0.0632213
292,-0.38445,-4.54366,0.053188
292,-0.464596,-4.50331,0.108088
292,-0.382658,-4.55019,0.0559623
292,-0.481609,-4.53395,0.23831
292,-0.463483,-4.49602,0.0442928
292,-0.373755,-4.55459,0.0109322
292,-0.377831,-4.55021,-0.00667489
292,-0.378568,-4.5468,-0.0253143
292,-0.410429,-4.52384,-0.0296481
292,-2.45483,-3.17059,0.274901
292,-0.418897,-4.53336,0.0106697
292,-2.51621,-3.14561,0.309021
292,-2.51816,-3.1464,0.265149
292,-0.485663,-4.52888,0.0474317
292,-2.46472,-3.39128,0.916678
292,-2.41259,-3.48842,1.06457
292,-0.489888,-4.56789,0.115185
292,-0.35124,-4.65048,0.0619421
292,-2.49708,-3.21447,0.318396
292,-0.342685,-4.52862,-0.392145
292,-0.497388,-4.56449,0.0887643
292,-2.51736,-3.21338,0.339394
292,-0.36466,-4.65011,0.0538298
292,-2.44349,-3.30638,0.450998
292,-0.377477,-4.52971,-0.400585
292,-2.53456,-3.2103,0.287765
292,-0.44734,-4.60257,-0.0058676
292,-2.45431,-3.27648,0.297957
292,-0.379605,-4.47375,-0.618196
292,-2.57548,-3.19538,0.306094
292,-2.56797,-3.19101,0.258458
292,-2.57362,-3.19423,0.281901
292,-0.477937,-4.62442,0.114179
292,-0.532973,-4.56605,0.0466635
292,-0.369703,-4.4831,-0.63968
292,-0.430678,-4.51855,-0.375431
292,-0.356982,-4.56432,-0.403246
292,-0.432653,-4.52009,-0.38013
292,-2.47144,-3.28054,0.294766
292,-0.355216,-4.70347,0.0518926
292,-2.55714,-3.21888,0.286336
292,-2.59617,-3.1941,0.29034
292,-2.60912,-3.18158,0.276464
292,-0.425346,-4.5299,-0.398549
292,-0.372221,-4.49836,-0.64574
292,-0.416587,-4.53663,-0.4157
292,-2.49371,-3.28592,0.307831
292,-2.6157,-3.20035,0.291516
292,-0.428256,-4.74882,0.292316
292,-2.49251,-3.30163,0.289941
292,-0.334114,-4.64471,-0.326007
292,-2.43973,-3.54228,0.979407
292,-2.26326,-3.55965,0.605289
292,-2.43781,-3.36931,0.373341
292,-0.404517,-4.52317,-0.604136
292,-2.59737,-3.25997,0.348883
292,-0.445682,-4.76828,0.29583
292,-2.5425,-3.46222,0.885737
292,-2.55329,-3.47921,0.968236
292,-2.45801,-3.55444,0.981122
292,-2.47695,-3.34414,0.286057
292,-0.452541,-4.57809,-0.389316
292,-2.59396,-3.27655,0.312855
292,-0.323551,-4.68744,-0.342764
292,-2.60155,-3.26213,0.258224
292,-2.46017,-3.40285,0.350851
292,-2.45139,-3.39786,0.309191
292,-2.64849,-3.28481,0.259622
292,-0.382321,-4.92116,0.352938
292,-2.32896,-3.61886,0.57616
292,-0.499798,-4.6283,-0.408499
292,-0.36353,-4.74117,-0.3547
292,-0.461423,-4.85555,0.264041
292,-0.633277,-4.75421,0.159785
292,-0.405411,-4.7575,-0.382537
292,-2.429,-3.5351,0.313658
292,-2.41092,-3.56529,0.353821
292,-0.38896,-4.97793,0.302397
292,-0.676868,-4.70945,0.0192676
292,-2.41867,-3.57115,0.326505
292,-2.4913,-3.51878,0.316873
292,-2.40925,-3.77412,0.989771
292,-2.49954,-3.5237,0.34112
292,-2.41801,-3.77978,1.01112
292,-2.45539,-3.58436,0.352941
292,-0.684517,-4.8227,0.310906
292,-0.341972,-4.83778,-0.468503
292,-2.52269,-3.54743,0.33371
292,-0.354907,-5.07085,0.288496
292,-2.46952,-3.59891,0.355831
292,-2.47956,-3.81697,1.11196
292,-0.356187,-5.08254,0.268407
292,-0.944609,-4.53022,-0.207599
292,-0.338329,-4.88477,-0.466672
292,-2.48937,-3.63172,0.390594
292,-0.351101,-5.10517,0.252022
292,-2.47721,-3.82034,0.976425
292,-2.48448,-3.6297,0.337022
292,-0.353793,-5.10913,0.247236
292,-0.925921,-4.70929,0.26052
292,-0.343024,-5.11419,0.236669
292,-2.27439,-3.7839,0.341987
292,-2.48367,-3.81758,0.956672
292,-2.26598,-3.80018,0.342614
292,-0.318403,-5.17095,0.30769
292,-2.27429,-3.80995,0.267303
292,-2.25574,-3.84955,0.348354
292,-2.29495,-3.82314,0.327075
292,-2.38653,-4.19691,1.80755
292,-2.57123,-3.66755,0.431797
292,-2.31216,-3.83505,0.356336
292,-0.721652,-4.93329,0.253712
292,-2.32878,-3.84545,0.325351
292,-2.36333,-3.83101,0.338965
292,-0.71158,-4.92256,0.0754757
292,-1.92449,-4.36564,1.09072
292,-0.365923,-5.07568,-0.277771
292,-0.329034,-5.00189,-0.633715
292,-2.32972,-3.87243,0.323832
292,-1.9666,-4.37811,1.12641
292,-2.36751,-3.86682,0.345889
292,-2.50049,-4.00968,1.11893
292,-1.91458,-4.38291,0.954558
292,-0.484727,-5.19182,0.269945
292,-2.47387,-3.80443,0.314205
292,-1.08957,-4.64654,-0.229995
292,-2.36538,-3.92054,0.296481
292,-1.94353,-4.41359,0.953801
292,-0.620211,-4.99044,-0.272241
292,-1.94163,-4.42441,0.956821
292,-2.38453,-3.93476,0.311647
292,-0.419828,-5.30855,0.236277
292,-1.40525,-4.40651,-0.523896
292,-1.0497,-4.85893,0.135656
292,-1.04581,-4.85826,0.112124
292,-0.426976,-5.22319,-0.142911
292,-0.42113,-5.32814,0.19858
292,-1.90532,-4.42896,0.54803
292,-2.39597,-4.02897,0.3223
292,-1.1349,-4.90853,0.209108
292,-1.10413,-4.94735,0.217335
292,-2.47624,-4.17038,0.840103
292,-2.48704,-4.01384,0.329931
292,-2.47166,-4.07651,0.437419
292,-1.13506,-4.9594,0.218534
292,-2.52258,-4.19626,0.861275
292,-2.51573,-4.19281,0.823175
292,-0.795388,-5.2557,0.306296
292,-2.46151,-4.09036,0.32296
292,-1.1616,-4.97869,0.202623
292,-2.47856,-4.09106,0.33803
292,-2.46952,-4.09701,0.319373
292,-1.17128,-4.98366,0.208906
292,-2.47532,-4.10121,0.3282
292,-1.18391,-4.9896,0.197032
292,-1.09222,-4.98292,-0.0605409
292,-2.03762,-4.51226,0.572331
292,-2.03699,-4.52916,0.542419
292,-2.04205,-4.53009,0.529712
292,-1.1929,-5.02935,0.187125
292,-1.86855,-4.78802,0.942284
292,-2.46499,-4.18362,0.306259
292,-2.4963,-4.16821,0.322004
292,-2.49337,-4.16258,0.290387
292,-1.56033,-4.64422,-0.324032
292,-2.24055,-4.37639,0.304109
292,-2.25006,-4.38376,0.322526
292,-1.90962,-4.81987,0.932953
292,-1.90863,-4.82038,0.921149
292,-2.2664,-4.39765,0.339601
292,-1.57246,-4.71972,-0.287202
292,-2.28722,-4.40289,0.346209
292,-1.15541,-5.15689,0.169917
292,-1.56199,-4.74076,-0.325023
292,-2.45082,-4.31152,0.338544
292,-1.30353,-5.07571,0.182451
292,-1.20123,-5.12002,0.0515407
292,-1.31526,-5.08052,0.18326
292,-1.93613,-4.8695,0.94308
292,-1.26534,-5.19204,0.181872
292,-2.07533,-4.96241,1.26115
292,-1.84651,-5.09691,1.0759
292,-1.84299,-5.09644,1.05166
292,-1.7841,-5.08226,0.855032
292,-1.67431,-5.15938,0.848947
292,-1.67189,-5.19982,0.962098
292,-1.72696,-5.15252,0.929865
292,-1.76001,-5.13198,0.938057
292,-1.67557,-5.20272,0.974231
292,-1.68221,-5.18054,0.910791
292,-1.81731,-5.14455,1.1128
292,-1.73901,-5.20403,1.09194
292,-2.10713,-5.11777,1.67534
292,-1.63653,-5.1572,0.610874
292,-1.6905,-5.22839,0.966669
292,-1.71533,-5.20119,0.933165
292,-1.78374,-5.12958,0.845604
292,-2.12348,-5.13056,1.66152
292,-1.70488,-5.20609,0.907439
292,-1.67623,-5.28731,1.11512
292,-1.65449,-5.23015,0.836441
292,-2.66416,-4.36297,0.302292
292,-1.75341,-5.23932,1.09122
292,-1.67166,-5.23518,0.861043
292,-1.65573,-5.19925,0.699157
292,-1.72294,-5.15252,0.690335
292,-1.79169,-5.19977,1.00269
292,-1.70002,-5.22559,0.866968
292,-1.88808,-5.15921,1.05262
292,-1.75693,-5.22816,0.960351
292,-1.65248,-5.20171,0.60821
292,-1.74747,-5.22079,0.895931
292,-1.72177,-5.24263,0.904243
292,-1.69335,-5.25058,0.862211
292,-1.73672,-5.22016,0.853542
292,-1.65213,-5.20421,0.59292
292,-1.74145,-5.17842,0.712254
292,-1.6811,-5.26835,0.861071
292,-1.75178,-5.24858,0.935866
292,-1.74561,-5.23219,0.855996
292,-1.77227,-5.21693,0.852637
292,-1.67266,-5.24391,0.669968
292,-1.77663,-5.24093,0.89857
292,-1.67895,-5.25223,0.681101
292,-2.15207,-5.09763,1.28737
292,-1.68565,-5.30421,0.852931
292,-1.73562,-5.30442,0.966119
292,-1.91961,-5.22671,1.1198
292,-2.15343,-5.10548,1.24511
292,-2.15182,-5.11511,1.24617
292,-1.68566,-5.33408,0.862654
292,-2.12762,-5.06327,0.982918
292,-1.76292,-5.38638,1.16613
292,-2.14787,-5.08383,1.00875
292,-1.75769,-5.39891,1.14069
292,-2.02181,-5.21029,1.13281
292,-2.10397,-5.18695,1.20807
292,-2.01352,-5.22994,1.13559
292,-1.78097,-5.40972,1.18192
292,-2.17045,-5.1354,1.18185
292,-2.14886,-5.15132,1.17739
292,-2.12783,-5.18617,1.21106
292,-1.99964,-5.26045,1.15428
292,-1.7796,-5.32528,0.708788
292,-2.23477,-5.19627,1.24965
292,-1.68685,-5.43046,0.721305
292,-2.07483,-5.32328,1.13807
292,-2.20155,-5.29343,1.20762
292,-1.74392,-5.5273,0.715033
292,-1.73807,-5.49294,0.548218
292,-2.18843,-5.28702,0.636484
292,-2.19357,-5.34662,0.647633
292,-2.80508,-5.47925,0.541595
292,-1.22537,-4.15465,0.735164
291,-1.22537,-4.15465,0.735164
292,-1.48138,-4.50286,0.697719
291,-1.48138,-4.50286,0.697719
292,-1.68752,-5.2354,0.961699
291,-1.68752,-5.2354,0.961699
292,-2.4628,-4.09838,1.72916
291,-2.4628,-4.09838,1.72916
292,-2.4628,-4.09838,1.72916
291,-2.4628,-4.09838,1.72916
292,0.0496699,-1.80394,1.16463
291,0.0496699,-1.80394,1.16463
292,-2.30631,-4.34829,1.80944
291,-2.30631,-4.34829,1.80944
292,-0.515882,-2.13712,0.995608
291,-0.515882,-2.13712,0.995608
292,-2.62382,-2.81812,0.329796
291,-2.62382,-2.81812,0.329796
292,-2.63453,-2.74268,0.579781
291,-2.63453,-2.74268,0.579781
292,-2.63453,-2.74268,0.579781
291,-2.63453,-2.74268,0.579781
292,-2.36067,-3.73323,0.974375
291,-2.36067,-3.73323,0.974375
292,-2.25734,-5.48866,0.56441
290,-2.25734,-5.48866,0.56441
292,-2.26416,-3.92791,0.315614
290,-2.26416,-3.92791,0.315614
292,-1.97171,-3.29789,1.42529
290,-1.97171,-3.29789,1.42529
292,-2.4665,-4.50569,1.82225
290,-2.4665,-4.50569,1.82225
292,-1.78537,-2.96215,0.475872
290,-1.78537,-2.96215,0.475872
292,-2.3489,-3.62703,1.70872
290,-2.3489,-3.62703,1.70872
292,-3.13545,-2.66774,0.116555
289,-3.13545,-2.66774,0.116555
292,-2.18902,-4.54142,-0.464539
288,-2.18902,-4.54142,-0.464539
292,0.623707,-3.68102,-0.0180854
66,0.623707,-3.68102,-0.0180854
292,-1.54321,-5.03032,0.620657
284,-1.54321,-5.03032,0.620657
292,-2.50117,-3.07227,0.864548
284,-2.50117,-3.07227,0.864548
292,-2.48385,-2.43621,0.287693
283,-2.48385,-2.43621,0.287693
292,-1.95555,-4.40989,0.816441
65,-1.95555,-4.40989,0.816441
292,-2.39785,-4.12623,0.334045
65,-2.39785,-4.12623,0.334045
293,0.351215,-1.50845,0.282483
293,0.465653,-1.69851,0.280735
293,0.487638,-1.74248,0.291689
293,0.483914,-1.75802,0.283645
293,0.476771,-1.76395,0.277294
293,0.512405,-1.80692,0.292629
293,0.548484,-1.82377,0.28106
293,0.536723,-1.82846,0.287647
293,0.544879,-1.8324,0.283574
293,0.51204,-1.82697,0.291052
293,1.32133,-3.32363,-0.0581599
293,1.31584,-3.34903,-0.0469859
293,1.31395,-3.35432,-0.0418151
293,1.14762,-3.35032,-0.0598622
293,1.17168,-3.36247,-0.104429
293,1.24895,-3.31542,-0.310781
293,1.24115,-3.32045,-0.305211
293,1.55618,-3.36647,-0.598756
293,1.25833,-3.33085,-0.333509
293,1.52974,-3.42174,-0.533652
293,1.55927,-3.40317,-0.613339
293,1.71068,-3.5258,-0.547266
293,1.52127,-3.4304,-0.523024
293,1.05015,-3.42045,-0.0862935
293,1.51052,-3.41205,-0.627639
293,1.13809,-3.31325,-0.417646
293,1.02024,-3.42443,-0.0687955
293,1.45076,-3.68493,-0.0667879
293,1.42937,-3.69046,-0.0635388
293,1.43597,-3.70673,-0.0721259
293,1.11005,-3.41958,-0.319454
293,1.03492,-3.44212,-0.289667
293,1.57514,-3.70454,-0.384889
293,1.42381,-4.08875,0.474354
293,1.00798,-3.4671,-0.319804
293,1.05107,-3.48852,-0.3535
293,1.07917,-3.42217,-0.572322
293,1.06194,-3.52072,-0.371011
293,1.0674,-3.43164,-0.554579
293,1.03935,-3.51498,-0.38752
293,0.859887,-3.54948,-0.15719
293,1.03725,-3.53537,-0.391976
293,0.998628,-3.49218,-0.475175
293,1.68586,-3.90711,-0.448571
293,1.67072,-3.90166,-0.48886
293,0.991828,-3.51707,-0.491246
293,0.854584,-3.59432,-0.18782
293,1.71222,-3.92836,-0.531013
293,0.980736,-3.58956,-0.378627
293,1.7216,-3.93874,-0.536458
293,1.00182,-3.55674,-0.522566
293,0.982279,-3.55585,-0.512971
293,0.880669,-3.60395,-0.34086
293,0.99519,-3.57378,-0.5346
293,0.840722,-3.67181,-0.22668
293,0.626663,-3.62807,-0.0839066
293,0.851556,-3.64142,-0.313094
293,0.848578,-3.53782,-0.55462
293,0.852327,-3.64174,-0.359516
293,0.690263,-3.5887,-0.299931
293,0.785457,-3.60993,-0.395318
293,0.77721,-3.61568,-0.400946
293,0.780252,-3.62621,-0.40113
293,0.78236,-3.6301,-0.408359
293,0.784913,-3.61566,-0.443905
293,0.744495,-3.55659,-0.540576
293,0.47814,-3.69857,-0.0744804
293,0.759321,-3.60302,-0.596275
293,0.756632,-3.61057,-0.594711
293,0.756646,-3.617,-0.608411
293,0.74784,-3.62698,-0.600156
293,0.593081,-3.61836,-0.455404
293,0.59032,-3.61748,-0.460312
293,0.946903,-4.02664,-0.0861046
293,0.932594,-4.03635,-0.0730836
293,0.809939,-4.05937,-0.0926929
293,0.824627,-4.05155,-0.151934
293,0.522782,-3.67881,-0.552763
293,0.517771,-3.76101,-0.396921
293,0.50964,-3.70346,-0.560868
293,0.78505,-4.09637,-0.110812
293,0.445105,-3.7391,-0.474413
293,0.793708,-4.11045,-0.134983
293,0.821162,-4.11356,-0.162229
293,0.790868,-4.13791,-0.151826
293,0.436628,-3.7775,-0.491612
293,-2.40085,-2.8056,0.758335
293,0.325275,-4.01587,0.0141437
293,0.32266,-4.02187,0.0163448
293,0.295504,-3.87893,-0.294852
293,0.333467,-3.87343,-0.358454
293,-2.50849,-2.78635,0.675816
293,-2.51547,-2.7929,0.675315
293,0.280151,-3.9148,-0.311494
293,0.218027,-4.30576,0.475866
293,0.768999,-4.27995,-0.232417
293,0.282905,-3.93783,-0.390482
293,0.215825,-4.33119,0.458365
293,-2.34442,-2.82362,0.343382
293,0.193442,-4.33886,0.483027
293,-2.36095,-2.81963,0.330793
293,0.219525,-3.85873,-0.53628
293,-2.43079,-2.77984,0.31364
293,-2.36997,-2.82812,0.330231
293,0.197059,-4.36265,0.46909
293,-2.4219,-2.79473,0.306522
293,0.207008,-3.873,-0.526818
293,0.759711,-4.3319,-0.253377
293,0.202148,-3.87835,-0.533311
293,0.202166,-3.89331,-0.505405
293,0.204025,-3.89362,-0.519269
293,-2.45968,-2.80107,0.303637
293,-2.46757,-2.80347,0.305479
293,0.198336,-3.90655,-0.53798
293,-2.55521,-2.80039,0.311348
293,-2.58413,-2.80382,0.304625
293,0.146277,-3.96011,-0.593987
293,-2.41703,-3.295,0.965219
293,-2.67005,-3.16487,0.954514
293,0.126875,-3.99777,-0.623213
293,0.124904,-4.01186,-0.594532
293,-2.42308,-3.50301,1.07454
293,-2.5219,-3.11217,0.353673
293,-2.42961,-3.51191,1.03223
293,-2.38965,-3.21009,0.364418
293,-2.44855,-3.18058,0.32639
293,1.21183,-5.30092,0.356133
293,-2.53737,-3.17013,0.299487
293,-2.50375,-3.19722,0.295153
293,-2.53059,-3.19516,0.290646
293,1.19175,-5.3774,0.355009
293,-2.55142,-3.23004,0.276548
293,-2.60721,-3.21038,0.291871
293,-2.65335,-3.20394,0.281525
293,-0.366554,-4.45825,0.124118
293,-0.430651,-4.50373,0.255109
293,-2.67938,-3.23905,0.280213
293,-2.62246,-3.29427,0.29613
293,-0.379773,-4.59295,0.328973
293,-0.418273,-4.56812,0.320043
293,-0.375025,-4.59495,0.321165
293,-0.765676,-4.36004,0.280149
293,-1.29622,-4.08403,0.330605
293,-0.519689,-4.5868,0.444965
293,-0.340582,-4.4985,0.0490105
293,-0.445757,-4.5488,0.245043
293,-0.429455,-4.45849,0.0385844
293,-2.67177,-3.29565,0.251733
293,-0.450862,-4.63482,0.389244
293,-0.453535,-4.49262,0.109605
293,-0.738225,-4.3648,0.0832746
293,-2.38133,-3.77248,0.757401
293,-0.739197,-4.36992,0.0570954
293,-0.532628,-4.69122,0.426662
293,-0.548492,-4.68328,0.392063
293,-0.459935,-4.62064,0.132689
293,-0.582806,-4.66501,0.346045
293,-0.540392,-4.69272,0.284869
293,-0.598484,-4.69171,0.323163
293,-0.344799,-4.42018,-0.577295
293,-0.581939,-4.66385,0.127138
293,-0.362513,-4.5008,-0.466085
293,-0.442884,-4.51048,-0.366109
293,-0.347922,-4.57033,-0.361999
293,-0.650706,-4.71478,0.265327
293,-0.370076,-4.5976,-0.295347
293,-0.610688,-4.70522,0.183859
293,-0.386392,-4.91724,0.320123
293,-0.372277,-4.6115,-0.305811
293,-0.338898,-4.60309,-0.364272
293,-0.366256,-4.58319,-0.379836
293,-0.360136,-4.63045,-0.304889
293,-0.666501,-4.62813,0.0297236
293,-0.676241,-4.42014,-0.376649
293,-1.94586,-4.46473,1.13919
293,-2.37368,-3.82813,0.333875
293,-0.399191,-4.5443,-0.478074
293,-0.681342,-4.63841,0.0194229
293,-0.767295,-4.39647,-0.392922
293,-0.68395,-4.65444,0.0249661
293,-2.34855,-3.85203,0.312025
293,-0.774357,-4.43934,-0.309247
293,-2.36797,-3.84743,0.312199
293,-1.94386,-4.49328,1.10219
293,-0.505105,-4.69227,-0.140265
293,-1.96654,-4.50896,1.14413
293,-2.34234,-3.87672,0.305065
293,-2.35862,-3.87062,0.303355
293,-2.49263,-3.80916,0.325761
293,-0.281667,-5.07222,0.333073
293,-0.7219,-4.52494,-0.280948
293,-0.500185,-4.59451,-0.397149
293,-0.799268,-4.42129,-0.428644
293,-0.398929,-4.54236,-0.651405
293,-2.03596,-4.49465,1.09484
293,-0.290263,-5.10648,0.32463
293,-0.306931,-4.92553,-0.0472646
293,-0.651626,-4.81571,0.0871394
293,-2.02305,-4.50131,0.993926
293,-1.08119,-4.67002,0.261691
293,-3.03946,-3.86235,0.866164
293,-0.90967,-4.40666,-0.470202
293,-0.39678,-4.94275,-0.00444162
293,-2.03339,-4.48776,0.933508
293,-0.834359,-4.48984,-0.460747
293,-0.989707,-4.72668,0.164841
293,-0.554507,-4.80272,-0.183792
293,-2.46262,-3.9635,0.297592
293,-3.09556,-3.89721,0.866806
293,-0.362217,-4.82385,-0.389589
293,-0.34913,-5.00567,-0.067915
293,-2.10285,-4.55347,0.957626
293,-2.55451,-4.3691,1.08576
293,-0.37119,-4.86955,-0.397883
293,-1.05712,-4.82145,0.256693
293,-0.334642,-4.89561,-0.456547
293,-0.262644,-5.04342,-0.256144
293,-0.287684,-4.93533,-0.484814
293,-1.86262,-4.77472,0.957326
293,-1.0452,-4.65964,-0.23029
293,-0.457816,-4.90692,-0.442355
293,-1.10977,-4.64466,-0.240042
293,-0.361443,-4.95988,-0.467622
293,-0.319406,-5.0894,-0.278325
293,-1.43729,-4.40998,-0.487195
293,-0.326543,-5.1364,-0.30299
293,-2.66797,-4.46036,0.985704
293,-1.67245,-5.09628,1.10191
293,-0.773396,-5.06345,0.0149485
293,-1.45125,-4.56087,-0.24496
293,-0.79083,-5.07406,0.0183468
293,-1.69103,-5.11679,1.1176
293,-1.72323,-5.10168,1.09332
293,-1.82816,-4.78303,0.563736
293,-2.71191,-4.15032,0.30003
293,-0.81924,-5.08534,0.013724
293,-1.62096,-5.19488,1.13718
293,-1.74693,-5.0949,1.06987
293,-1.69636,-5.14618,1.09756
293,-0.385498,-5.18315,-0.319956
293,-1.30512,-5.11595,0.576263
293,-1.67423,-5.12285,0.998384
293,-2.10649,-4.63815,0.521671
293,-1.42616,-5.12059,0.706503
293,-0.39006,-5.19993,-0.313751
293,-1.77463,-5.0945,1.02437
293,-1.69033,-5.19419,1.12084
293,-1.76739,-4.9266,0.67606
293,-1.47703,-5.13678,0.758589
293,-1.71169,-5.18818,1.0996
293,-1.67769,-5.11436,0.897436
293,-1.79788,-5.10661,1.00149
293,-1.46856,-5.16156,0.713935
293,-1.66274,-5.22203,1.04855
293,-1.57299,-5.17242,0.841792
293,-1.88921,-4.93889,0.730202
293,-1.9612,-4.71058,0.358036
293,-1.33031,-5.16949,0.554672
293,-1.52397,-4.51807,-0.527026
293,-1.46432,-5.12008,0.593608
293,-1.44775,-5.14843,0.614097
293,-2.17296,-4.69864,0.5298
293,-1.86049,-4.88611,0.548396
293,-1.70771,-5.06358,0.7254
293,-1.65112,-5.2138,0.951835
293,-2.79536,-4.58678,0.989907
293,-1.4122,-5.2002,0.624874
293,-1.71306,-5.23741,1.03564
293,-1.83744,-5.01407,0.727111
293,-1.71425,-5.281,1.09889
293,-1.53943,-5.13874,0.595269
293,-1.74947,-5.05435,0.648236
293,-1.70949,-5.27512,1.03792
293,-1.91901,-4.9847,0.690897
293,-1.55092,-4.56467,-0.568071
293,-1.53828,-4.56099,-0.590549
293,-1.783,-5.04887,0.641152
293,-1.77213,-5.0521,0.632376
293,-1.61511,-5.13548,0.601763
293,-2.07557,-5.16427,1.16866
293,-1.82416,-5.14371,0.822143
293,-1.79479,-5.06922,0.638958
293,-1.967,-4.99688,0.686681
293,-1.95115,-5.00131,0.674012
293,-2.76004,-4.33684,0.260676
293,-1.39595,-5.26118,0.552619
293,-1.52259,-5.20874,0.585246
293,-1.48874,-5.2384,0.605177
293,-1.69024,-5.17871,0.711527
293,-2.71898,-4.35887,0.245864
293,-1.55132,-5.19767,0.582541
293,-1.76461,-5.1492,0.718864
293,-2.02857,-4.39476,-0.482173
293,-2.11372,-5.18731,1.18256
293,-1.51207,-5.24419,0.614129
293,-1.77399,-5.24208,0.905243
293,-1.56103,-5.21036,0.59842
293,-2.05426,-4.80107,0.341439
293,-1.74488,-5.33047,1.03213
293,-1.69252,-5.28115,0.858624
293,-1.91336,-5.05051,0.648982
293,-1.84151,-5.0752,0.615595
293,-1.62102,-5.22506,0.660822
293,-2.07417,-4.38874,-0.490915
293,-1.66986,-5.25622,0.772242
293,-1.5857,-5.27079,0.680908
293,-1.50086,-5.27412,0.59085
293,-1.71527,-5.18508,0.64037
293,-1.78094,-5.19047,0.721582
293,-1.59111,-5.2294,0.577741
293,-1.66879,-5.28775,0.75905
293,-2.10705,-4.82955,0.343508
293,-1.85231,-5.20812,0.805785
293,-1.89507,-5.10091,0.63606
293,-3.024,-4.69925,1.05229
293,-1.99971,-5.12892,0.737775
293,-1.70689,-5.283,0.704274
293,-1.65558,-5.28865,0.657062
293,-1.7394,-5.30204,0.697537
293,-1.72536,-5.35365,0.752015
293,-1.67171,-5.33193,0.648202
293,-2.07826,-4.47931,-0.592968
293,-2.14824,-4.49118,-0.493246
293,-2.14056,-4.49761,-0.51524
293,-1.7653,-5.32185,0.690017
293,-1.73431,-5.3541,0.70406
293,-1.83821,-5.28583,0.683515
293,-1.64388,-5.34581,0.574672
293,-1.75646,-5.3479,0.705742
293,-1.75342,-5.34478,0.69141
293,-2.16732,-4.4941,-0.542805
293,-2.9262,-4.47516,0.207549
293,-2.87186,-4.54905,0.24637
293,-2.80456,-4.60983,0.251243
293,-2.25332,-4.54302,-0.676447
293,-2.68189,-4.81949,0.268614
293,-2.92051,-4.71099,0.245255
293,-3.09275,-4.75078,0.298784
293,-2.41967,-4.72029,-0.771216
293,-3.18312,-4.79421,0.208336
293,-2.49196,-4.77836,-0.808928
293,-3.32854,-4.91092,0.19555
293,-0.609642,-4.07148,0.343115
292,-0.609642,-4.07148,0.343115
293,0.121434,-4.10961,-0.685165
292,0.121434,-4.10961,-0.685165
293,-0.803752,-4.40154,0.266197
292,-0.803752,-4.40154,0.266197
293,-0.215312,-4.10437,0.02733
292,-0.215312,-4.10437,0.02733
293,0.31253,-3.80406,-0.0157789
292,0.31253,-3.80406,-0.0157789
293,-0.692678,-4.28905,-0.280717
292,-0.692678,-4.28905,-0.280717
293,0.395424,-3.52202,0.0919175
292,0.395424,-3.52202,0.0919175
293,-1.77072,-5.23633,0.898333
292,-1.77072,-5.23633,0.898333
293,-2.44567,-3.60056,0.326768
292,-2.44567,-3.60056,0.326768
293,-1.76716,-3.12221,0.478666
292,-1.76716,-3.12221,0.478666
293,0.332279,-3.73216,0.0100931
292,0.332279,-3.73216,0.0100931
293,0.667769,-4.95284,-0.449092
292,0.667769,-4.95284,-0.449092
293,-0.695629,-4.24058,0.301023
292,-0.695629,-4.24058,0.301023
293,-0.633207,-4.12641,0.325309
292,-0.633207,-4.12641,0.325309
293,-1.99064,-2.9932,0.396907
292,-1.99064,-2.9932,0.396907
293,-2.53242,-2.80308,0.660371
292,-2.53242,-2.80308,0.660371
293,-2.60212,-2.79912,0.59143
292,-2.60212,-2.79912,0.59143
293,0.819754,-3.94165,-0.516269
292,0.819754,-3.94165,-0.516269
293,0.314751,-3.80709,-0.0135076
292,0.314751,-3.80709,-0.0135076
293,-1.86175,-3.01911,0.432252
292,-1.86175,-3.01911,0.432252
293,-2.2981,-3.25244,0.332994
292,-2.2981,-3.25244,0.332994
293,-2.2981,-3.25244,0.332994
292,-2.2981,-3.25244,0.332994
293,0.227213,-4.09796,-0.127198
292,0.227213,-4.09796,-0.127198
293,-1.2712,-2.79478,0.572576
292,-1.2712,-2.79478,0.572576
293,-2.87553,-4.55055,0.223152
291,-2.87553,-4.55055,0.223152
293,-0.911331,-5.17343,0.296805
291,-0.911331,-5.17343,0.296805
293,-1.88944,-3.71737,1.06009
291,-1.88944,-3.71737,1.06009
293,-0.955266,-4.51413,-0.539305
291,-0.955266,-4.51413,-0.539305
293,-1.45284,-5.0414,0.616475
291,-1.45284,-5.0414,0.616475
293,-2.87155,-3.67421,0.274312
291,-2.87155,-3.67421,0.274312
293,0.772409,-3.56448,-0.0235386
66,0.772409,-3.56448,-0.0235386
293,-0.681911,-4.40464,-0.368872
66,-0.681911,-4.40464,-0.368872
293,-2.24064,-3.34417,0.376455
66,-2.24064,-3.34417,0.376455
293,-2.36328,-3.41241,0.362271
66,-2.36328,-3.41241,0.362271
293,-2.41755,-3.23197,0.338955
66,-2.41755,-3.23197,0.338955
293,-2.62609,-4.25249,0.854169
290,-2.62609,-4.25249,0.854169
293,-2.64036,-4.46566,0.834167
290,-2.64036,-4.46566,0.834167
293,-1.89912,-4.9294,0.693431
289,-1.89912,-4.9294,0.693431
293,-2.3379,-4.17592,1.0732
289,-2.3379,-4.17592,1.0732
293,-0.430236,-4.53926,-0.383689
288,-0.430236,-4.53926,-0.383689
293,-2.8692,-3.34988,0.872191
104,-2.8692,-3.34988,0.872191
293,-2.40729,-2.80546,0.689586
103,-2.40729,-2.80546,0.689586
293,-1.69011,-5.05902,0.931116
65,-1.69011,-5.05902,0.931116
293,-2.09769,-3.817,1.03238
65,-2.09769,-3.817,1.03238
293,-0.907981,-4.61211,-0.607148
65,-0.907981,-4.61211,-0.607148
293,-2.54718,-4.24906,0.833948
284,-2.54718,-4.24906,0.833948
293,-2.5299,-3.15791,0.828291
284,-2.5299,-3.15791,0.828291
293,-2.46419,-4.15757,0.994323
284,-2.46419,-4.15757,0.994323
293,-2.33435,-3.29457,0.341143
284,-2.33435,-3.29457,0.341143
293,-0.828444,-4.29337,-0.427887
287,-0.828444,-4.29337,-0.427887
294,1.19463,-1.23459,0.246693
294,1.19305,-1.25727,0.266095
294,1.18902,-1.24879,0.256095
294,1.18831,-1.24942,0.254344
294,1.18322,-1.25593,0.265407
294,1.19518,-1.25817,0.258928
294,1.19007,-1.25875,0.262477
294,1.18514,-1.24693,0.247983
294,1.187,-1.25358,0.255806
294,1.1924,-1.25845,0.258102
294,1.18751,-1.25358,0.253884
294,1.18084,-1.25011,0.252537
294,1.1771,-1.25219,0.255117
294,1.1929,-1.26157,0.257212
294,1.19007,-1.26082,0.257382
294,1.17911,-1.25131,0.251474
294,1.28591,-1.37406,0.238602
294,1.26634,-1.37449,0.251968
294,1.28313,-1.37475,0.238122
294,1.26568,-1.37561,0.250403
294,1.27633,-1.37237,0.236968
294,1.27376,-1.37342,0.238696
294,1.27355,-1.3727,0.23783
294,1.27424,-1.37276,0.235822
294,1.27575,-1.37097,0.231499
294,1.26531,-1.37997,0.246152
294,1.26664,-1.39988,0.241885
294,1.26486,-1.40283,0.242507
294,1.25507,-1.40767,0.246354
294,1.25686,-1.40836,0.241919
294,0.46567,-1.53885,0.295012
294,0.39564,-1.50385,0.282022
294,0.39436,-1.50485,0.284106
294,0.429715,-1.54298,0.289265
294,0.423113,-1.55109,0.28564
294,0.427794,-1.55224,0.280901
294,0.419187,-1.55594,0.27891
294,0.497157,-1.66308,0.29434
294,0.572298,-1.70404,0.293506
294,0.496054,-1.66542,0.291427
294,0.539639,-1.70066,0.310688
294,0.485174,-1.67035,0.291997
294,0.495311,-1.67032,0.284093
294,0.560808,-1.71069,0.285268
294,0.508908,-1.71369,0.302472
294,0.547734,-1.72444,0.277545
294,0.533423,-1.79548,0.30326
294,0.531801,-1.79988,0.301979
294,0.550864,-1.7982,0.278202
294,0.552543,-1.80725,0.287313
294,0.554447,-1.80768,0.279642
294,0.550212,-1.81062,0.284641
294,0.555507,-1.81157,0.27816
294,0.538537,-1.81647,0.291573
294,0.54547,-1.80654,0.272265
294,0.539302,-1.81778,0.289244
294,0.544135,-1.82281,0.281852
294,1.48674,-2.22154,-0.590435
294,1.47655,-2.22276,-0.582994
294,1.48393,-2.22939,-0.59202
294,1.49112,-2.23975,-0.608263
294,1.49458,-2.24795,-0.62077
294,1.51151,-2.26615,-0.614422
294,1.49849,-2.25668,-0.624053
294,1.5097,-2.24557,-0.648819
294,1.5127,-2.25323,-0.643036
294,1.48564,-2.25812,-0.61993
294,1.49571,-2.25922,-0.628451
294,1.50029,-2.25848,-0.634313
294,1.51496,-2.25293,-0.657856
294,1.50982,-2.25454,-0.653968
294,1.51545,-2.26386,-0.648349
294,1.51126,-2.28221,-0.628121
294,1.531,-2.27503,-0.652147
294,1.51115,-2.28534,-0.629847
294,1.53163,-2.3074,-0.688462
294,1.53387,-2.30993,-0.700897
294,1.36082,-2.42413,-0.621448
294,1.36537,-2.41531,-0.637101
294,1.35853,-2.42924,-0.61429
294,1.37104,-2.41896,-0.65036
294,1.37133,-2.41832,-0.654217
294,1.36756,-2.42087,-0.650842
294,1.35884,-2.43119,-0.631283
294,1.3737,-2.42102,-0.65568
294,1.36791,-2.42608,-0.655119
294,1.36406,-2.43456,-0.643005
294,1.37303,-2.44358,-0.666553
294,1.26149,-2.54227,-0.593426
294,1.26034,-2.5475,-0.5996
294,1.85771,-3.2503,-0.0408306
294,1.27196,-2.5559,-0.648295
294,1.25929,-2.57843,-0.623024
294,1.28071,-2.58732,-0.625724
294,1.27491,-2.60118,-0.623009
294,1.25644,-2.58967,-0.629938
294,1.27729,-2.60119,-0.630756
294,1.26586,-2.59071,-0.63809
294,1.29419,-2.60135,-0.655772
294,1.2726,-2.60563,-0.644645
294,1.2925,-2.60921,-0.669617
294,1.27514,-2.62426,-0.6435
294,1.85905,-3.3779,0.00507843
294,1.28081,-2.63081,-0.666376
294,1.29085,-2.63394,-0.691625
294,1.26843,-3.04417,-0.168239
294,1.26761,-3.09776,-0.207566
294,1.2751,-3.16719,-0.125563
294,1.32552,-3.2451,-0.0875115
294,1.27212,-3.18221,-0.13957
294,1.32864,-3.27418,-0.0730847
294,1.18498,-3.25923,-0.039471
294,1.33286,-3.32339,-0.0605058
294,1.176,-3.26221,-0.0399566
294,1.11808,-3.24752,-0.0441793
294,1.32782,-3.34302,-0.0572984
294,1.09495,-3.25533,-0.0286415
294,1.11733,-3.26537,-0.053228
294,1.10224,-3.28898,-0.0303075
294,1.16353,-3.31767,-0.0595857
294,1.34439,-3.40068,-0.0807304
294,1.2579,-3.23577,-0.268563
294,1.26175,-3.23906,-0.279458
294,1.04508,-3.32316,-0.0391386
294,1.73054,-3.35323,-0.652487
294,1.45002,-4.02119,0.464058
294,1.71835,-3.36508,-0.649583
294,1.50431,-3.70998,-0.0531248
294,1.32912,-3.24076,-0.590291
294,1.18114,-3.37853,-0.298511
294,0.821704,-3.42105,-0.0461769
294,0.816976,-3.4257,-0.0365393
294,1.44974,-4.08551,0.447876
294,1.45412,-3.72712,-0.0560905
294,1.44532,-3.71714,-0.080895
294,1.74126,-3.42052,-0.703786
294,1.45338,-3.73872,-0.071851
294,1.43901,-4.10153,0.444773
294,1.50814,-3.77156,-0.0702409
294,1.7413,-3.44014,-0.694828
294,1.44397,-3.73842,-0.0888945
294,1.58448,-3.49922,-0.525585
294,0.993726,-3.46826,-0.167561
294,0.987502,-3.46526,-0.16892
294,1.56432,-3.41149,-0.639637
294,1.50273,-3.7979,-0.0800968
294,1.53512,-3.52236,-0.570299
294,1.09847,-3.33409,-0.53535
294,0.731108,-3.46698,-0.124137
294,1.05759,-3.47228,-0.347831
294,1.13106,-3.49259,-0.369979
294,0.668324,-3.50671,-0.0359254
294,1.32659,-3.37402,-0.67334
294,0.671,-3.50321,-0.0501062
294,1.70167,-3.74183,-0.44172
294,1.08507,-3.37164,-0.549035
294,0.735297,-3.49793,-0.143725
294,1.07561,-3.37962,-0.547266
294,1.06381,-3.51422,-0.365065
294,0.643966,-3.53751,-0.0497512
294,1.05999,-3.38985,-0.557021
294,1.0669,-3.51681,-0.386282
294,1.08688,-3.39594,-0.570359
294,0.652528,-3.54655,-0.0696431
294,0.692309,-3.47751,-0.217743
294,1.76417,-3.78575,-0.524271
294,1.07363,-3.52638,-0.415649
294,0.730524,-3.54172,-0.167455
294,1.71654,-3.80438,-0.477114
294,0.554196,-3.5594,-0.038206
294,1.04923,-3.54251,-0.406796
294,1.03834,-3.54655,-0.401003
294,0.73118,-3.50403,-0.288087
294,0.730627,-3.50681,-0.290677
294,1.77315,-3.8399,-0.549133
294,1.76967,-3.8412,-0.547054
294,0.721931,-3.52428,-0.289387
294,0.651718,-3.43678,-0.387703
294,1.77448,-3.87951,-0.558923
294,1.8096,-3.91466,-0.541956
294,1.69356,-3.88918,-0.50258
294,1.77206,-3.90238,-0.566099
294,0.834748,-3.70853,-0.236831
294,0.829795,-3.71242,-0.229698
294,0.831035,-3.7111,-0.235944
294,0.889191,-3.65216,-0.360475
294,0.689196,-3.60888,-0.303502
294,0.691717,-3.6083,-0.323995
294,0.863252,-3.69787,-0.335033
294,0.497281,-3.81446,0.0619497
294,0.665415,-3.62047,-0.325946
294,0.589304,-3.61795,-0.294229
294,0.58034,-3.50668,-0.467545
294,0.841312,-3.73484,-0.340834
294,0.830572,-3.57417,-0.58065
294,0.572071,-3.66533,-0.310931
294,0.814617,-3.57769,-0.619884
294,0.810616,-3.58004,-0.626775
294,0.57905,-3.68685,-0.339548
294,0.577298,-3.70002,-0.337521
294,0.573666,-3.56345,-0.527204
294,0.523906,-3.58179,-0.513709
294,0.551599,-3.5948,-0.525803
294,0.474225,-3.7809,-0.217099
294,0.530242,-3.59202,-0.521733
294,0.521964,-3.59899,-0.523632
294,0.510244,-3.73061,-0.354658
294,-2.07468,-2.3429,-0.530179
294,0.499563,-3.72266,-0.36874
294,0.559184,-3.76719,-0.381482
294,0.36189,-3.98559,0.039102
294,0.490342,-3.7518,-0.381604
294,0.351357,-4.0025,0.0477529
294,0.262406,-3.87227,-0.0773084
294,0.439381,-3.78774,-0.359227
294,0.3394,-4.01659,0.0261579
294,0.324828,-4.0886,0.0502809
294,0.268928,-3.97005,-0.0826581
294,0.386226,-3.87055,-0.383946
294,0.841294,-4.2758,-0.132368
294,0.835327,-4.27599,-0.140752
294,0.303837,-3.73782,-0.546233
294,0.284502,-4.10975,-0.0236481
294,0.261767,-3.95981,-0.226777
294,0.302241,-3.76076,-0.548339
294,0.370574,-3.90686,-0.396842
294,0.15462,-4.00918,-0.176586
294,0.399708,-3.88645,-0.547888
294,0.214267,-3.85057,-0.515215
294,0.20838,-3.86228,-0.496408
294,0.24374,-4.22834,-0.0587737
294,0.215796,-3.85849,-0.571103
294,0.212537,-3.86518,-0.562428
294,0.230427,-4.26231,-0.0487397
294,-2.51114,-3.18057,0.297612
294,-2.41456,-3.23769,0.309579
294,-2.33184,-3.29574,0.328674
294,0.150128,-4.37808,0.109413
294,-2.39089,-3.28814,0.304716
294,-2.47597,-3.29815,0.29718
294,0.0726297,-4.31941,-0.087225
294,0.0249687,-4.29204,-0.143738
294,1.16382,-5.32076,0.427564
294,1.17534,-5.34858,0.371451
294,1.1614,-5.35672,0.387741
294,-0.0143861,-4.45813,-0.101533
294,1.16839,-5.33333,0.29046
294,-0.335891,-4.42381,0.0305958
294,-0.345158,-4.44941,0.0697017
294,-0.357217,-4.45466,0.0835253
294,-0.396621,-4.41029,0.0365528
294,-0.340996,-4.44183,0.0314292
294,-0.503113,-4.39702,0.0745516
294,-0.43635,-4.55495,0.242098
294,-0.429284,-4.45218,0.0737528
294,1.13945,-5.38639,0.288799
294,-0.43171,-4.47038,0.0683036
294,-0.723381,-4.34306,0.0860189
294,-0.0200379,-4.5346,-0.136387
294,1.16953,-5.42788,0.285576
294,-0.416248,-4.67226,0.309016
294,-2.26529,-3.77319,0.309008
294,-2.25904,-3.79199,0.3072
294,-2.27706,-3.79742,0.314755
294,-2.30315,-3.79315,0.324805
294,-0.389832,-4.56539,0.0191579
294,-2.57119,-3.68853,0.273747
294,-2.63746,-3.67765,0.291154
294,-0.537586,-4.66455,0.233489
294,-2.33662,-3.84222,0.305602
294,-2.43159,-3.83981,0.29683
294,-0.783868,-4.46412,0.0301792
294,-0.153884,-4.6822,-0.170016
294,-0.404921,-4.43779,-0.346715
294,-0.928005,-4.60783,0.222192
294,-0.110962,-4.71866,-0.194265
294,-0.367282,-4.54423,-0.295854
294,-0.474518,-4.61556,-0.123656
294,-0.327867,-4.4513,-0.463505
294,-0.76868,-4.52059,-0.0824684
294,-0.354132,-4.54422,-0.370095
294,-0.345047,-4.55044,-0.370489
294,-0.624615,-4.74502,0.0874548
294,-0.225021,-4.58747,-0.412418
294,-0.17541,-4.6027,-0.438745
294,-0.354924,-4.49997,-0.474104
294,-0.348166,-4.4898,-0.494033
294,-0.364639,-4.42188,-0.580827
294,-0.351022,-4.57336,-0.379861
294,-0.371817,-4.60276,-0.329965
294,-0.38741,-5.02061,0.263258
294,-0.36792,-4.4329,-0.58087
294,-0.669899,-4.7493,0.0469678
294,-0.291229,-4.88566,-0.0310807
294,-0.36865,-4.58075,-0.41114
294,-0.327288,-5.07579,0.25132
294,-0.244381,-4.64415,-0.414792
294,-0.655066,-4.88042,0.194314
294,-1.01545,-4.74667,0.253385
294,-0.719562,-4.88781,0.235527
294,-0.300874,-4.92469,-0.0363458
294,-0.684291,-4.79651,0.0254952
294,-1.0892,-4.76327,0.242685
294,-0.209337,-4.73434,-0.399889
294,-0.657099,-4.73677,-0.103866
294,-0.790902,-4.41888,-0.466516
294,-2.56394,-4.08244,0.272823
294,-0.802284,-4.43968,-0.445744
294,-0.778501,-4.97383,0.264528
294,-0.22685,-4.73425,-0.481079
294,-0.983624,-4.5606,-0.215862
294,-0.761745,-4.98182,0.217553
294,-0.44006,-4.9983,-0.0173345
294,-0.786662,-4.47801,-0.534469
294,-0.229517,-4.98162,-0.239249
294,-0.225858,-4.98057,-0.243948
294,-0.427739,-5.05397,-0.0125719
294,-1.16903,-4.86928,0.231809
294,-1.17829,-4.88558,0.230441
294,-0.854423,-4.47756,-0.574342
294,-0.477708,-5.05016,-0.0348979
294,-0.495104,-5.26207,0.246813
294,-0.254106,-4.82689,-0.533729
294,-0.498009,-5.06096,-0.0446789
294,-0.370314,-4.87204,-0.400371
294,-0.503765,-5.06172,-0.0486887
294,-0.545524,-5.03785,-0.0650433
294,-0.528356,-5.06123,-0.06098
294,-0.78353,-4.64817,-0.478175
294,-0.306855,-5.03076,-0.30111
294,-0.435852,-4.88718,-0.423134
294,-1.42811,-4.36781,-0.48265
294,-0.302491,-5.04399,-0.317571
294,-0.34535,-4.90517,-0.486914
294,-1.42981,-4.55821,-0.239959
294,-1.26977,-4.97317,0.222765
294,-0.280137,-4.91242,-0.551817
294,-0.822788,-5.13309,0.122461
294,-0.275074,-4.9471,-0.521051
294,-0.308851,-4.94839,-0.496496
294,-0.293982,-4.96381,-0.498622
294,-0.284225,-5.11842,-0.290974
294,-0.295023,-5.10092,-0.311519
294,-0.340757,-5.08658,-0.302196
294,-0.309322,-4.97293,-0.483453
294,-0.923995,-4.68177,-0.472326
294,-1.45947,-4.59456,-0.232833
294,-0.295339,-5.10327,-0.323793
294,-0.32729,-5.08906,-0.336165
294,-1.93007,-4.1986,-0.538857
294,-1.41801,-4.44597,-0.557351
294,-1.86381,-4.25923,-0.515929
294,-1.51993,-4.63676,-0.237167
294,-1.51048,-4.59153,-0.308093
294,-1.52822,-4.59916,-0.288435
294,-1.50029,-4.62946,-0.292959
294,-0.898222,-4.69723,-0.617837
294,-1.47338,-4.49501,-0.55102
294,-1.36046,-4.75503,-0.281922
294,-1.50883,-4.68707,-0.300951
294,-2.09853,-4.8465,0.324572
294,-1.51374,-4.52564,-0.552299
294,-1.48825,-4.71927,-0.305681
294,-2.73739,-4.53524,0.287825
294,-2.82156,-4.45735,0.23545
294,-2.85356,-4.43022,0.202959
294,-1.24694,-4.966,-0.152907
294,-2.75195,-4.56025,0.273313
294,-2.86151,-4.49844,0.221625
294,-2.92181,-4.4796,0.215364
294,-2.82716,-4.57438,0.244834
294,-2.90245,-4.57811,0.237545
294,-2.11617,-4.51767,-0.483058
294,-2.17991,-4.505,-0.53291
294,-2.9111,-4.71389,0.250389
294,-2.16329,-4.54627,-0.515645
294,-2.20792,-4.55861,-0.518748
294,-3.05307,-4.66403,0.196554
294,-2.64041,-4.96058,-0.36584
294,-2.72515,-5.04287,-0.292238
294,0.680245,-4.04761,-0.209869
293,0.680245,-4.04761,-0.209869
294,1.12811,-4.81883,0.36554
293,1.12811,-4.81883,0.36554
294,-2.54733,-3.65608,0.313346
293,-2.54733,-3.65608,0.313346
294,0.896923,-3.96711,-0.0413948
293,0.896923,-3.96711,-0.0413948
294,-0.274479,-5.06499,0.334622
293,-0.274479,-5.06499,0.334622
294,-2.54047,-3.64833,0.318479
293,-2.54047,-3.64833,0.318479
294,1.13013,-4.78506,0.371533
293,1.13013,-4.78506,0.371533
294,-0.187366,-4.85245,-0.294789
293,-0.187366,-4.85245,-0.294789
294,1.17209,-3.32416,-0.0621703
293,1.17209,-3.32416,-0.0621703
294,-0.991528,-4.64461,0.231196
292,-0.991528,-4.64461,0.231196
294,-0.827878,-4.38207,0.285224
292,-0.827878,-4.38207,0.285224
294,-0.872586,-4.62072,-0.332433
292,-0.872586,-4.62072,-0.332433
294,-0.264389,-4.24413,-0.504471
292,-0.264389,-4.24413,-0.504471
294,-0.964101,-4.66189,0.271804
292,-0.964101,-4.66189,0.271804
294,-0.969529,-4.71291,0.276275
292,-0.969529,-4.71291,0.276275
294,1.02737,-3.30504,-0.00879971
292,1.02737,-3.30504,-0.00879971
294,1.265,-3.17485,-0.115249
67,1.265,-3.17485,-0.115249
294,1.2861,-1.36971,0.260658
67,1.2861,-1.36971,0.260658
294,1.48813,-3.54872,-0.577971
67,1.48813,-3.54872,-0.577971
294,1.27663,-1.35214,0.195982
67,1.27663,-1.35214,0.195982
294,-0.562806,-4.71357,0.0347235
67,-0.562806,-4.71357,0.0347235
294,1.28214,-1.37807,0.253513
67,1.28214,-1.37807,0.253513
294,0.55023,-1.35809,0.384332
67,0.55023,-1.35809,0.384332
294,0.532993,-1.38664,0.371163
67,0.532993,-1.38664,0.371163
294,1.63129,-3.30733,-0.59283
67,1.63129,-3.30733,-0.59283
294,0.548363,-1.36222,0.380269
67,0.548363,-1.36222,0.380269
294,0.488297,-1.46201,0.333772
67,0.488297,-1.46201,0.333772
294,-2.99139,-5.33701,-0.756778
289,-2.99139,-5.33701,-0.756778
294,-2.78523,-5.12482,-0.652225
289,-2.78523,-5.12482,-0.652225
294,-2.64513,-4.95116,-0.469157
287,-2.64513,-4.95116,-0.469157
294,-0.778345,-4.40839,-0.412753
287,-0.778345,-4.40839,-0.412753
295,1.3024,-0.881322,0.696072
295,1.12106,-1.04423,0.4745
295,0.903033,-0.872884,0.256672
295,0.984795,-0.917743,0.243446
295,1.02033,-0.934435,0.240493
295,1.02336,-0.93734,0.241708
295,0.987674,-0.930426,0.247887
295,0.985028,-0.93043,0.247925
295,0.946246,-0.92436,0.259106
295,1.02639,-0.953655,0.244057
295,1.03086,-0.956569,0.243018
295,1.04494,-0.96533,0.240041
295,0.916401,-0.928383,0.250163
295,1.06002,-0.997946,0.24462
295,1.06128,-0.99869,0.243648
295,1.0671,-1.00615,0.246465
295,1.06746,-1.00649,0.246183
295,1.06662,-1.00742,0.244799
295,1.004,-0.989022,0.253486
295,1.06668,-1.00838,0.244176
295,1.06585,-1.00928,0.245266
295,1.00456,-0.990397,0.250004
295,1.07344,-1.01995,0.246181
295,1.07548,-1.02128,0.246134
295,1.02884,-1.00388,0.248727
295,1.07388,-1.02084,0.245149
295,1.06427,-1.02012,0.245396
295,1.06547,-1.02049,0.244244
295,1.06851,-1.01777,0.238517
295,0.875041,-0.94204,0.248674
295,1.07271,-1.02161,0.240337
295,1.08128,-1.0338,0.246918
295,1.08145,-1.03278,0.244778
295,1.07817,-1.04268,0.24729
295,1.02199,-1.03384,0.257255
295,0.919594,-0.993533,0.25509
295,1.10229,-1.06679,0.245666
295,1.00635,-1.03131,0.249889
295,1.10619,-1.07136,0.244379
295,1.0894,-1.07342,0.250274
295,0.986766,-1.035,0.257567
295,1.09383,-1.07668,0.250113
295,1.09561,-1.07714,0.249431
295,1.08987,-1.07515,0.248274
295,1.03694,-1.0592,0.248225
295,0.83164,-0.973752,0.251887
295,1.12147,-1.09806,0.244353
295,1.12232,-1.09804,0.241128
295,1.12844,-1.09605,0.23549
295,1.12721,-1.09548,0.234264
295,1.11148,-1.12435,0.251452
295,1.14814,-1.13902,0.244314
295,1.14726,-1.1412,0.242413
295,1.14558,-1.1415,0.243478
295,0.905941,-1.05042,0.257111
295,1.06563,-1.11974,0.254165
295,0.904387,-1.05259,0.252065
295,1.01365,-1.10464,0.253032
295,1.07034,-1.13148,0.250161
295,0.780761,-1.00952,0.254846
295,0.830264,-1.02537,0.247712
295,1.06755,-1.13191,0.249917
295,0.829526,-1.02624,0.248174
295,1.00756,-1.10508,0.248539
295,1.1188,-1.16422,0.258931
295,1.15573,-1.18212,0.251374
295,1.0636,-1.14026,0.248383
295,0.751041,-1.00979,0.255771
295,1.1532,-1.18576,0.253396
295,0.748388,-1.01103,0.254262
295,1.14565,-1.18887,0.253036
295,1.07824,-1.16358,0.25576
295,1.1445,-1.18963,0.252218
295,1.07444,-1.16127,0.25344
295,1.07777,-1.16435,0.253242
295,1.17211,-1.20595,0.252336
295,1.1706,-1.20461,0.25103
295,1.16923,-1.20514,0.25192
295,0.878205,-1.0935,0.255184
295,1.03236,-1.1555,0.246963
295,0.851278,-1.08131,0.249706
295,0.961314,-1.1275,0.246124
295,0.835236,-1.06683,0.239397
295,0.963787,-1.12862,0.242759
295,0.846703,-1.08624,0.250124
295,0.848269,-1.0843,0.245214
295,0.870551,-1.09695,0.247111
295,0.843583,-1.08591,0.246385
295,0.769495,-1.06457,0.257699
295,0.960216,-1.14268,0.247014
295,1.03019,-1.18717,0.261154
295,0.958585,-1.1432,0.24665
295,0.959226,-1.14382,0.246924
295,0.957658,-1.14335,0.245573
295,0.979267,-1.16454,0.2532
295,1.02244,-1.19114,0.255892
295,0.868333,-1.12917,0.260222
295,1.20541,-1.27586,0.255
295,0.722708,-1.06002,0.25089
295,1.01852,-1.19425,0.254988
295,1.22492,-1.28019,0.248703
295,1.2236,-1.27963,0.248711
295,1.02293,-1.20411,0.260269
295,1.01929,-1.19486,0.25096
295,1.13869,-1.25248,0.256357
295,1.22749,-1.29254,0.255952
295,1.13819,-1.25276,0.253296
295,0.759152,-1.08536,0.252158
295,1.21748,-1.28463,0.247596
295,0.756454,-1.08788,0.254036
295,0.835565,-1.11927,0.250091
295,1.04625,-1.2253,0.254975
295,1.1538,-1.10428,0.0633754
295,1.17606,-1.18439,0.138723
295,1.16289,-1.11654,0.0669935
295,1.16404,-1.11902,0.0668341
295,1.164,-1.11935,0.0648473
295,1.16426,-1.11913,0.0644178
295,0.775474,-1.12903,0.257534
295,0.867808,-1.1581,0.244145
295,0.761194,-1.13562,0.247144
295,1.144,-1.31722,0.258907
295,0.972731,-1.23999,0.256096
295,0.943693,-1.2714,0.30257
295,1.15773,-1.35123,0.2782
295,0.953577,-1.23495,0.248679
295,1.1556,-1.34705,0.273875
295,0.898627,-1.21356,0.251245
295,0.82998,-1.22001,0.286636
295,1.28308,-1.36637,0.22838
295,1.10582,-1.31656,0.25785
295,1.28505,-1.36814,0.22425
295,0.894297,-1.23507,0.259486
295,1.00065,-1.28056,0.254562
295,1.10164,-1.32299,0.252164
295,1.25739,-1.39388,0.252078
295,1.2317,-1.24596,0.101884
295,1.22402,-1.21445,0.0690385
295,0.998539,-1.28395,0.252861
295,1.23263,-1.24231,0.0943475
295,1.26182,-1.39571,0.247357
295,1.23215,-1.24459,0.0967206
295,1.22202,-1.21383,0.0678014
295,1.23129,-1.24032,0.0913097
295,0.728769,-1.17216,0.25759
295,1.09856,-1.3266,0.248169
295,1.09865,-1.32631,0.247527
295,0.817563,-1.23138,0.278205
295,1.22217,-1.21716,0.0679573
295,0.997594,-1.28654,0.250345
295,1.21396,-1.18952,0.0396066
295,1.12447,-1.35152,0.258212
295,0.959945,-1.27932,0.255201
295,0.957492,-1.28089,0.256446
295,1.21189,-1.18879,0.033619
295,1.18492,-1.38254,0.257838
295,0.956629,-1.28239,0.257954
295,1.21252,-1.19047,0.0326827
295,1.03145,-1.31616,0.256417
295,0.719431,-1.1757,0.250504
295,1.03265,-1.31705,0.254192
295,0.715484,-1.176,0.252419
295,0.956129,-1.28258,0.253065
295,1.03209,-1.31713,0.253938
295,1.28655,-1.36204,0.178228
295,0.716823,-1.17737,0.248971
295,0.718052,-1.17973,0.250195
295,1.28592,-1.36201,0.175982
295,0.71425,-1.18113,0.251447
295,0.995144,-1.31041,0.253584
295,0.802958,-1.23832,0.264116
295,1.07577,-1.36239,0.26116
295,0.795215,-1.24289,0.26346
295,0.91154,-1.29921,0.267929
295,1.27633,-1.35981,0.158834
295,1.27971,-1.36116,0.157854
295,1.2788,-1.36126,0.157369
295,0.914927,-1.29813,0.262733
295,0.913041,-1.29866,0.262479
295,1.2749,-1.36207,0.157609
295,1.27608,-1.36319,0.156245
295,0.933604,-1.31846,0.271044
295,1.27554,-1.36361,0.154969
295,1.12614,-1.40656,0.269488
295,0.785968,-1.24858,0.252811
295,0.996847,-1.35573,0.268075
295,0.784342,-1.24879,0.25319
295,1.22001,-1.43336,0.237777
295,0.707639,-1.23075,0.25919
295,0.988132,-1.35224,0.257026
295,0.835786,-1.27828,0.248884
295,0.589941,-1.18457,0.257367
295,1.0723,-1.408,0.267795
295,0.85301,-1.32906,0.283538
295,1.07132,-1.40861,0.265343
295,0.974572,-1.36028,0.25736
295,0.69885,-1.2347,0.246666
295,1.23949,-1.20587,-0.0475266
295,1.23968,-1.20745,-0.0476094
295,1.14072,-1.45158,0.253895
295,1.13931,-1.45336,0.250006
295,0.836997,-1.34264,0.273846
295,1.13814,-1.45808,0.246181
295,0.607102,-1.24775,0.26435
295,0.826306,-1.35372,0.264972
295,0.59801,-1.25242,0.257059
295,0.598194,-1.25313,0.256612
295,0.735091,-1.32374,0.257892
295,0.532778,-1.23564,0.254552
295,1.29364,-1.38555,0.0508803
295,1.30263,-1.37375,0.0329904
295,0.531697,-1.23641,0.252906
295,0.812565,-1.36473,0.256605
295,1.29964,-1.36638,0.0238426
295,1.30331,-1.38848,0.032627
295,0.946442,-1.44402,0.260358
295,1.00483,-1.48133,0.271543
295,1.11793,-1.50157,0.23681
295,0.862994,-1.40967,0.257837
295,1.00496,-1.4857,0.266517
295,0.446313,-1.23194,0.255663
295,1.06494,-1.51196,0.253603
295,0.640707,-1.34193,0.268257
295,1.06202,-1.51518,0.252025
295,0.899114,-1.45951,0.251958
295,0.895527,-1.45908,0.251289
295,1.06687,-1.51958,0.233271
295,0.615343,-1.35053,0.26459
295,1.03763,-1.5274,0.254402
295,0.892928,-1.4702,0.246882
295,0.996283,-1.53736,0.257764
295,0.789668,-1.44793,0.255223
295,0.549415,-1.3475,0.259865
295,0.540943,-1.33574,0.250156
295,0.594905,-1.35818,0.248576
295,0.849141,-1.49135,0.271254
295,0.992818,-1.54321,0.254956
295,0.798241,-1.45598,0.252336
295,0.534389,-1.35192,0.258373
295,0.834496,-1.48476,0.25786
295,0.842546,-1.49831,0.260086
295,0.524103,-1.36154,0.255541
295,0.88957,-1.54627,0.277642
295,0.671142,-1.42871,0.254051
295,0.838482,-1.50874,0.259284
295,0.889977,-1.54618,0.273943
295,0.88874,-1.54783,0.272717
295,0.738042,-1.47291,0.255417
295,0.737537,-1.47384,0.254174
295,0.884379,-1.55128,0.267707
295,0.95402,-1.55928,0.242092
295,0.7392,-1.47636,0.254445
295,0.745862,-1.48658,0.257765
295,0.808821,-1.53254,0.267764
295,1.3,-1.38961,-0.131197
295,0.679431,-1.47426,0.256195
295,1.29291,-1.39329,-0.127058
295,1.29743,-1.39325,-0.131449
295,0.678269,-1.475,0.254155
295,1.29074,-1.3947,-0.130308
295,0.913861,-1.58229,0.25476
295,0.676724,-1.476,0.252056
295,1.2899,-1.39705,-0.130385
295,0.717878,-1.51146,0.259751
295,0.716939,-1.50589,0.252328
295,1.30285,-1.39833,-0.14624
295,0.774341,-1.54831,0.269193
295,0.908429,-1.59001,0.248221
295,0.9056,-1.60379,0.256551
295,1.31815,-1.39339,-0.175731
295,1.30767,-1.40238,-0.161347
295,0.905055,-1.61105,0.253061
295,0.713478,-1.53207,0.258361
295,0.666383,-1.5108,0.256651
295,0.901077,-1.61032,0.245684
295,0.898522,-1.61203,0.248503
295,0.901473,-1.61502,0.247499
295,0.301001,-1.3626,0.247638
295,0.803976,-1.61428,0.280553
295,0.803894,-1.61757,0.278853
295,0.814383,-1.61562,0.268227
295,0.800264,-1.62158,0.278806
295,0.508367,-1.4894,0.251134
295,0.350672,-1.42323,0.251814
295,0.800892,-1.63201,0.258789
295,0.292266,-1.42677,0.251065
295,0.404477,-1.51158,0.270568
295,0.807008,-1.67906,0.243892
295,0.778394,-1.66467,0.238189
295,0.414704,-1.54273,0.278703
295,1.32472,-1.38823,-0.33887
295,1.32609,-1.39026,-0.338808
295,0.736244,-1.70917,0.255226
295,0.733727,-1.71485,0.253468
295,0.359828,-1.55796,0.251957
295,0.423844,-1.6042,0.263661
295,0.518521,-1.69618,0.281717
295,0.470078,-1.6717,0.270898
295,0.46978,-1.6731,0.271458
295,0.506906,-1.70844,0.270631
295,0.501233,-1.71151,0.265513
295,0.511642,-1.73259,0.279596
295,0.48936,-1.71533,0.266086
295,0.496465,-1.7309,0.274308
295,0.500554,-1.73237,0.273659
295,0.550574,-1.7921,0.281812
295,0.554022,-1.79316,0.281313
295,1.40934,-1.55589,-0.494964
295,1.40988,-1.56413,-0.50825
295,1.86119,-1.76878,-0.605938
295,1.75855,-1.91506,-0.64348
295,1.75309,-1.93646,-0.644551
295,1.75598,-1.93794,-0.644931
295,1.76725,-1.95678,-0.637905
295,1.76255,-1.92785,-0.667351
295,1.76442,-1.93988,-0.655686
295,1.79084,-1.95134,-0.659493
295,1.78901,-1.95627,-0.664958
295,1.79283,-1.96271,-0.676527
295,1.77638,-1.96503,-0.668728
295,1.79646,-1.96935,-0.691363
295,1.79674,-1.97725,-0.691287
295,1.64639,-2.08786,-0.620618
295,1.63498,-2.10183,-0.649842
295,1.6571,-2.11542,-0.651778
295,1.63345,-2.10458,-0.659254
295,1.66841,-2.13578,-0.685863
295,1.6735,-2.14513,-0.701869
295,1.36645,-2.42821,-0.649646
295,1.38066,-2.45364,-0.662564
295,1.84754,-3.33487,0.0394656
295,1.87488,-3.4102,-0.0120401
295,1.32823,-3.17962,-0.0309026
295,1.19476,-3.22668,-0.0492089
295,1.0801,-2.71341,-0.564446
295,1.98879,-3.40345,-0.276128
295,2.00011,-3.44314,-0.28443
295,1.07475,-3.30296,-0.051738
295,1.06308,-2.78278,-0.61854
295,1.59033,-3.44375,-0.252785
295,2.01038,-3.4555,-0.452019
295,2.02087,-3.46407,-0.466973
295,0.833786,-3.37216,-0.00158405
295,1.18774,-3.37213,-0.188347
295,1.19159,-3.37725,-0.192523
295,1.19601,-3.37861,-0.193544
295,1.2585,-3.29918,-0.311079
295,1.57086,-3.48859,-0.257526
295,1.2616,-3.30093,-0.323704
295,1.7243,-3.34647,-0.521373
295,1.50535,-3.69617,-0.059275
295,0.624202,-2.88336,-0.531752
295,0.938779,-3.39802,-0.143082
295,1.50231,-3.7244,-0.0625691
295,1.46877,-3.70909,-0.0677748
295,1.47208,-3.7269,-0.0788984
295,2.04927,-3.58118,-0.519363
295,1.57744,-3.32045,-0.618523
295,0.675348,-3.46265,-0.0346121
295,0.668709,-3.47182,-0.0346444
295,1.5742,-3.35385,-0.632415
295,1.53313,-3.41977,-0.550521
295,1.71542,-3.41001,-0.696135
295,-1.00065,-2.31553,-0.590799
295,1.32274,-3.29617,-0.644934
295,2.07589,-3.57766,-0.702836
295,0.725316,-3.5279,-0.163727
295,1.01529,-3.05751,-0.81768
295,1.57199,-3.44723,-0.659898
295,0.549948,-3.68901,0.0871606
295,1.13143,-3.83646,-0.0336404
295,2.09835,-3.62349,-0.731188
295,0.865484,-3.60157,-0.212317
295,0.872186,-3.60679,-0.357459
295,0.969446,-3.97312,-0.0453467
295,0.629673,-3.50849,-0.407109
295,1.00812,-3.59442,-0.553546
295,0.650332,-3.67809,-0.353935
295,0.99777,-3.64056,-0.577032
295,0.32963,-3.78877,-0.18307
295,0.312057,-3.82982,-0.200361
295,0.335298,-3.82896,-0.347418
295,-2.23199,-2.73327,-0.589931
295,-0.822892,-4.56565,-0.312316
295,-0.390693,-4.48191,-0.612757
295,-0.458229,-4.61598,-0.661957
295,-0.895074,-4.50616,-0.596506
295,-2.32786,-3.85582,-0.645274
295,-1.88224,-4.17431,-0.535342
295,-0.970442,-4.52281,-0.599691
295,-1.41802,-4.39911,-0.523526
295,-1.92767,-4.19443,-0.548763
295,-0.979149,-4.55255,-0.613646
295,-1.91351,-4.21141,-0.542939
295,-1.4433,-4.45091,-0.563545
295,-1.45495,-4.46215,-0.552102
295,-0.628339,-4.72743,-0.686176
295,-2.37039,-4.16564,-0.651764
295,-2.37075,-4.1733,-0.66
295,0.315269,-3.61054,-0.390127
293,0.315269,-3.61054,-0.390127
295,0.693558,-3.83523,-0.704762
293,0.693558,-3.83523,-0.704762
295,-0.319736,-4.76814,-0.378835
67,-0.319736,-4.76814,-0.378835
295,1.93037,-3.10324,-0.14306
67,1.93037,-3.10324,-0.14306
295,1.73359,-3.54802,-0.565053
68,1.73359,-3.54802,-0.565053
295,-1.44473,-4.51257,-0.513992
102,-1.44473,-4.51257,-0.513992
295,-0.846729,-4.50034,-0.458107
102,-0.846729,-4.50034,-0.458107
296,1.27593,-1.03355,0.691356
296,1.17624,-1.192,0.49959
296,1.24185,-1.33619,0.257743
296,1.24734,-1.33753,0.254213
296,1.24569,-1.33887,0.252805
296,1.2783,-1.3528,0.238814
296,1.24473,-1.35225,0.255182
296,1.24421,-1.3613,0.256019
296,1.24633,-1.36234,0.255614
296,1.26391,-1.36853,0.253178
296,1.25441,-1.36773,0.255297
296,1.26498,-1.37506,0.250684
296,1.26596,-1.3773,0.248974
296,1.28307,-1.38119,0.235367
296,1.282,-1.36965,0.208148
296,1.2876,-1.3853,0.221832
296,1.25164,-1.39036,0.246145
296,1.25956,-1.39491,0.247332
296,1.27778,-1.40448,0.240958
296,1.27712,-1.40537,0.240682
296,1.24693,-1.39946,0.233451
296,1.2463,-1.39962,0.231887
296,1.24585,-1.39983,0.231984
296,1.19818,-1.42064,0.247148
296,1.12947,-1.42966,0.256734
296,1.20018,-1.43704,0.216814
296,1.17961,-1.45223,0.249035
296,1.18079,-1.45418,0.249016
296,1.17455,-1.46418,0.237248
296,1.13245,-1.47068,0.227836
296,1.1345,-1.4745,0.227938
296,1.10997,-1.49277,0.243077
296,1.11034,-1.49291,0.243059
296,1.07206,-1.49065,0.249722
296,1.06264,-1.49653,0.240701
296,1.06055,-1.49916,0.241452
296,0.926441,-1.48029,0.255805
296,1.0372,-1.51201,0.241334
296,1.04982,-1.52804,0.242816
296,0.940807,-1.5044,0.232557
296,0.931964,-1.51414,0.221691
296,0.743379,-1.46558,0.247537
296,0.654438,-1.44661,0.238636
296,0.651193,-1.45055,0.232096
296,0.64492,-1.4558,0.232085
296,0.894352,-1.6028,0.258291
296,0.58197,-1.50866,0.252513
296,0.625613,-1.55485,0.279197
296,0.519111,-1.51382,0.250052
296,0.838247,-1.61451,0.226909
296,0.81507,-1.65806,0.25832
296,0.812841,-1.66342,0.255015
296,0.715912,-1.70054,0.259232
296,0.569215,-1.70103,0.331867
296,0.611307,-1.67562,0.253389
296,0.396026,-1.59111,0.236294
296,0.612719,-1.68998,0.264176
296,0.574714,-1.67886,0.266681
296,0.436583,-1.62933,0.25298
296,0.587101,-1.6934,0.245364
296,0.555607,-1.69803,0.257106
296,0.551671,-1.70232,0.259145
296,0.5453,-1.70506,0.250118
296,0.501561,-1.70108,0.250563
296,0.502253,-1.74181,0.287554
296,0.490848,-1.73405,0.263812
296,0.501133,-1.74766,0.277994
296,0.521563,-1.75809,0.2534
296,0.519912,-1.76181,0.251977
296,0.51607,-1.76218,0.252227
296,0.531332,-1.77373,0.259347
296,0.527886,-1.77526,0.257916
296,0.574697,-1.79787,0.263412
296,0.52599,-1.77812,0.258739
296,0.572,-1.79566,0.254391
296,0.566728,-1.79722,0.255355
296,0.570239,-1.79744,0.253116
296,0.540891,-1.79303,0.258648
296,0.53588,-1.7924,0.259495
296,0.531655,-1.79354,0.262444
296,0.565192,-1.80112,0.2529
296,0.564099,-1.80131,0.251954
296,0.524474,-1.8008,0.256038
296,0.512099,-1.79105,0.245938
296,0.504029,-1.79638,0.248309
296,0.538179,-1.83401,0.28583
296,1.51084,-2.21771,-0.655714
296,1.51157,-2.22341,-0.659838
296,1.52172,-2.30577,-0.649753
296,1.53482,-2.28205,-0.698321
296,1.52241,-2.31664,-0.662891
296,1.37744,-2.3846,-0.660589
296,1.37931,-2.3878,-0.666995
296,1.36224,-2.39267,-0.659477
296,1.37948,-2.40066,-0.661851
296,1.3708,-2.43295,-0.620082
296,1.37698,-2.39912,-0.678748
296,1.36672,-2.4531,-0.640987
296,1.27612,-2.64959,-0.687863
296,2.16916,-3.18419,-0.354248
296,2.09578,-3.18994,-0.351252
296,0.842661,-3.29442,0.533444
296,2.11068,-3.20644,-0.336949
296,0.841222,-3.30018,0.531633
296,2.18532,-3.22279,-0.378738
296,2.1405,-3.10623,-0.545343
296,2.13541,-3.87396,0.678692
296,1.88766,-3.28557,-0.13486
296,1.70052,-3.60153,0.461337
296,1.70416,-3.62516,0.450544
296,1.70199,-3.63469,0.455691
296,1.89875,-3.3403,-0.163308
296,1.87925,-3.45133,0.00379753
296,1.20544,-3.19224,-0.0333092
296,1.90572,-3.36147,-0.163998
296,1.71138,-3.66404,0.428463
296,1.85305,-3.44122,-0.0230333
296,2.16266,-3.18765,-0.61755
296,1.71515,-3.67845,0.426148
296,1.90436,-3.39845,-0.152814
296,1.3278,-3.2557,-0.0897344
296,1.3315,-3.2496,-0.115629
296,1.92522,-3.41275,-0.194469
296,1.33931,-3.28283,-0.0994315
296,1.33822,-3.29739,-0.0987809
296,1.33245,-3.29584,-0.102393
296,1.19017,-3.28222,-0.0738797
296,1.14632,-3.30024,-0.0714983
296,1.0874,-3.30435,-0.0628002
296,2.00581,-3.39119,-0.456949
296,1.17699,-3.32433,-0.0938743
296,1.17313,-3.35831,-0.0932266
296,1.16505,-3.36563,-0.103079
296,1.08477,-3.34556,-0.0963131
296,1.25645,-3.29866,-0.279414
296,1.0828,-3.35711,-0.097992
296,1.25161,-3.31328,-0.280127
296,1.17255,-3.21778,-0.406198
296,1.86495,-3.50945,-0.339348
296,1.7016,-3.61366,-0.0782531
296,1.70059,-3.61259,-0.107299
296,1.98458,-3.32707,-0.735366
296,1.75924,-3.37031,-0.551583
296,1.14135,-3.25226,-0.416779
296,1.03757,-3.22515,-0.4139
296,1.75124,-3.35674,-0.611934
296,1.58126,-3.29808,-0.63066
296,1.7354,-3.3448,-0.651465
296,1.74508,-3.35761,-0.666743
296,1.01289,-3.26282,-0.424426
296,1.50149,-3.66451,-0.0739583
296,1.56651,-3.3541,-0.618293
296,1.71885,-3.38654,-0.681965
296,1.47562,-3.70727,-0.0417814
296,0.571746,-3.01899,-0.650623
296,1.71904,-3.39946,-0.690834
296,0.815368,-3.47162,-0.0650595
296,1.88557,-3.58579,-0.496007
296,1.45295,-3.65976,-0.131945
296,1.46659,-3.67822,-0.120589
296,1.5342,-3.42752,-0.568164
296,1.47262,-3.72708,-0.0519768
296,1.53896,-3.40615,-0.611319
296,1.88772,-3.5991,-0.502901
296,1.53707,-3.42734,-0.582905
296,1.45149,-3.6674,-0.156871
296,1.72472,-3.39927,-0.763601
296,0.815452,-3.48936,-0.110656
296,0.79811,-3.51053,-0.0788227
296,1.54078,-3.4744,-0.56502
296,0.798658,-3.51337,-0.0797502
296,1.72756,-3.55681,-0.562549
296,1.51371,-3.65063,-0.294264
296,1.57164,-3.44384,-0.663671
296,1.01029,-3.36209,-0.494868
296,1.54015,-3.5057,-0.567266
296,1.02885,-3.45034,-0.378121
296,1.35836,-3.43095,-0.61549
296,1.45969,-3.50391,-0.606918
296,1.36698,-3.46996,-0.630735
296,1.36117,-3.4767,-0.626547
296,1.45604,-3.50562,-0.635047
296,1.36734,-3.48516,-0.621116
296,1.54571,-3.4535,-0.775312
296,1.42551,-4.13577,0.397222
296,1.35599,-3.47438,-0.635384
296,0.604865,-3.56591,-0.0643633
296,0.572557,-3.56084,-0.0718639
296,0.701243,-3.47993,-0.286641
296,0.637177,-3.57916,-0.0921696
296,1.08596,-3.43862,-0.582624
296,1.05959,-3.44346,-0.56231
296,1.08735,-3.46589,-0.544358
296,1.05464,-3.4499,-0.562442
296,0.903646,-3.55443,-0.317713
296,0.702036,-3.50533,-0.288552
296,0.625076,-3.59778,-0.102881
296,1.10093,-3.45618,-0.606419
296,0.627143,-3.61284,-0.0983726
296,1.07841,-3.4981,-0.58132
296,1.07574,-3.44222,-0.67084
296,0.55886,-3.61183,-0.101365
296,0.70289,-3.55906,-0.275831
296,0.812611,-3.53505,-0.392089
296,1.07704,-3.51738,-0.575538
296,0.888282,-3.61259,-0.332893
296,0.762398,-3.48564,-0.477394
296,0.523011,-3.6436,-0.0978779
296,1.44063,-4.26779,0.374965
296,0.806104,-3.57019,-0.399921
296,1.44863,-4.29066,0.39897
296,1.77163,-3.8092,-0.580012
296,0.799978,-3.58578,-0.407805
296,0.824753,-3.51399,-0.601389
296,1.77581,-3.84883,-0.612351
296,1.84012,-3.95251,-0.540905
296,0.819998,-3.56089,-0.614753
296,0.805984,-3.5443,-0.635988
296,1.83989,-3.96351,-0.553927
296,1.41678,-4.43786,0.437864
296,0.484631,-3.90527,0.100124
296,1.41913,-4.44797,0.432967
296,0.802883,-3.56636,-0.646483
296,1.70515,-3.9368,-0.570071
296,0.789779,-3.5608,-0.664957
296,1.41697,-4.48377,0.42982
296,1.83232,-4.01054,-0.586865
296,0.489454,-3.72782,-0.355009
296,1.83682,-4.05079,-0.603826
296,1.39206,-4.58854,0.401748
296,0.521789,-3.69453,-0.617327
296,0.328232,-3.81637,-0.31615
296,0.313089,-3.8501,-0.325926
296,0.222288,-3.96409,-0.121942
296,0.251951,-4.31676,0.39883
296,0.311058,-3.8823,-0.339875
296,0.210785,-4.35543,0.411042
296,0.205192,-4.40888,0.389298
296,1.31145,-4.83263,0.424263
296,0.156114,-4.01713,-0.243296
296,1.30904,-4.84696,0.415436
296,1.23077,-5.09824,0.498071
296,-2.26827,-3.7468,0.276343
296,1.24517,-5.12858,0.483078
296,-2.36053,-3.75903,0.310557
296,1.20219,-5.12847,0.485869
296,1.19902,-5.14756,0.485071
296,1.22418,-5.18614,0.481855
296,-0.341568,-4.44911,0.128139
296,-0.411893,-4.5182,0.187635
296,-2.4871,-3.85587,0.270043
296,-2.52124,-3.87735,0.277279
296,1.71292,-5.31316,0.180011
296,-0.375468,-4.45551,-0.0430493
296,-0.354401,-4.4759,-0.0504354
296,-0.45729,-4.48507,-0.030708
296,-0.381845,-4.53055,-0.10277
296,-0.37486,-4.54192,-0.105029
296,-0.393239,-4.54643,-0.107354
296,-0.469893,-4.58037,-0.142619
296,-0.554215,-4.57873,-0.108412
296,-0.339788,-4.51926,-0.335419
296,-0.297972,-4.56269,-0.325702
296,-0.326525,-4.55387,-0.325562
296,-0.51047,-4.61091,-0.149221
296,-0.699618,-4.34086,-0.485063
296,-0.694775,-4.3624,-0.484043
296,-0.361622,-4.42357,-0.58831
296,-0.336398,-4.58019,-0.351599
296,-0.299558,-4.52304,-0.474855
296,-0.324409,-4.50162,-0.504898
296,-0.370477,-4.42533,-0.622113
296,-0.342314,-4.94957,0.202841
296,-0.374186,-4.43283,-0.623388
296,-0.771424,-4.42332,-0.417739
296,-0.385795,-4.49359,-0.531219
296,-0.340681,-4.5304,-0.511712
296,-0.380194,-4.98527,0.238908
296,-0.304765,-5.01627,0.240013
296,-0.794919,-4.51977,-0.28473
296,-2.04471,-4.58261,0.524932
296,-0.766514,-4.40092,-0.530924
296,-0.301337,-4.99834,0.16808
296,-0.397775,-4.47692,-0.623689
296,-2.06249,-4.65495,0.614337
296,-0.635602,-4.69331,-0.140106
296,-2.08917,-4.61092,0.537536
296,-0.762394,-4.42802,-0.539772
296,-2.06742,-4.67224,0.56308
296,-0.833928,-4.58693,-0.287448
296,-0.347168,-5.08922,0.235614
296,-1.89499,-4.622,0.34367
296,-1.01233,-4.63015,-0.201434
296,-1.01443,-4.64719,-0.210749
296,-0.241449,-4.92827,-0.198141
296,-0.359123,-4.91534,-0.154897
296,-0.40444,-5.11232,0.179293
296,-0.368761,-4.94132,-0.184268
296,-1.14239,-4.92683,0.220942
296,-0.879578,-4.65734,-0.379752
296,-0.339353,-4.93713,-0.235262
296,-0.354581,-4.84538,-0.375564
296,-0.424469,-4.80462,-0.418815
296,-2.03301,-4.16494,-0.588071
296,-1.97803,-4.89671,0.559417
296,-0.373113,-4.96984,-0.251494
296,-0.380688,-5.00183,-0.196635
296,-1.2283,-5.03643,0.310872
296,-1.46981,-4.45005,-0.510788
296,-0.344897,-5.00761,-0.262775
296,-2.01534,-4.93274,0.554241
296,-0.303038,-4.89903,-0.514937
296,-1.42403,-5.19344,0.594039
296,-1.53578,-4.65189,-0.283865
296,-2.55401,-4.69107,0.321781
296,-1.43254,-4.54671,-0.558015
296,-0.341259,-5.0511,-0.368192
296,-1.51505,-4.53106,-0.540818
296,-1.52479,-4.49339,-0.598459
296,-1.24379,-5.0825,0.189366
296,-2.00544,-5.04356,0.556813
296,-1.55554,-4.70603,-0.249593
296,-1.51083,-4.49335,-0.628445
296,-1.27918,-5.10478,0.215254
296,-2.12789,-4.84617,0.268189
296,-1.38177,-5.25446,0.500275
296,-1.66226,-5.25328,0.620773
296,-1.56031,-4.56523,-0.563781
296,-1.55384,-4.5836,-0.544873
296,-1.69217,-5.21294,0.547629
296,-1.5619,-4.71589,-0.343901
296,-2.10502,-4.44114,-0.486899
296,-2.06278,-4.41785,-0.568807
296,-1.37187,-4.811,-0.336498
296,-2.17818,-4.91646,0.284959
296,-1.3733,-5.19648,0.244941
296,-1.37502,-5.20893,0.241439
296,-2.08377,-5.20922,0.543994
296,-1.41427,-4.94404,-0.348499
296,-2.33003,-4.69268,-0.297114
296,-2.41927,-4.67511,-0.275093
296,-1.50752,-5.06636,-0.39398
296,1.18362,-6.58299,0.0395129
296,1.0547,-6.61921,-0.562204
296,-1.00638,-4.76945,-0.578863
293,-1.00638,-4.76945,-0.578863
296,-1.10961,-4.99206,-0.0720046
293,-1.10961,-4.99206,-0.0720046
296,1.35496,-3.43958,-0.631968
295,1.35496,-3.43958,-0.631968
296,0.821226,-3.1474,-0.475619
295,0.821226,-3.1474,-0.475619
296,0.832061,-3.10212,-0.449998
295,0.832061,-3.10212,-0.449998
296,1.3539,-3.41064,-0.616205
295,1.3539,-3.41064,-0.616205
296,1.31306,-2.83811,-0.33051
295,1.31306,-2.83811,-0.33051
296,1.27951,-1.40059,0.248112
295,1.27951,-1.40059,0.248112
296,1.38732,-2.75872,0.0462527
295,1.38732,-2.75872,0.0462527
296,1.92748,-3.44451,-0.688172
295,1.92748,-3.44451,-0.688172
296,1.86349,-3.45198,-0.450202
66,1.86349,-3.45198,-0.450202
296,1.89527,-3.61759,-0.513582
66,1.89527,-3.61759,-0.513582
296,-1.17197,-5.10291,-0.217152
66,-1.17197,-5.10291,-0.217152
296,-0.394174,-4.88374,0.00942189
291,-0.394174,-4.88374,0.00942189
296,-2.50816,-3.92811,0.257917
102,-2.50816,-3.92811,0.257917
297,1.33089,-3.31501,-0.0583779
297,1.33117,-3.32858,-0.0852371
297,1.3422,-3.34515,-0.0707508
297,1.33997,-3.34998,-0.063163
297,1.23554,-3.33656,-0.171632
297,1.22906,-3.37313,-0.198154
297,1.16984,-3.37298,-0.0843346
297,1.17199,-3.39175,-0.125887
297,1.39481,-3.44053,-0.289688
297,1.71077,-3.63074,0.452499
297,1.17853,-3.39021,-0.3321
297,1.15672,-3.40616,-0.317262
297,1.14408,-3.42908,-0.354244
297,1.52222,-3.58601,-0.0516688
297,1.06127,-3.43008,-0.255564
297,1.10196,-3.43557,-0.336215
297,1.07007,-3.44157,-0.260573
297,1.11161,-3.4413,-0.365992
297,1.0891,-3.45437,-0.331915
297,1.07863,-3.45309,-0.37756
297,1.47009,-3.6119,-0.0421075
297,1.4657,-3.62089,-0.0422496
297,1.45692,-3.62,-0.042733
297,1.05081,-3.46258,-0.375721
297,1.02881,-3.46753,-0.353278
297,0.986278,-3.50216,-0.212342
297,1.00133,-3.5042,-0.354716
297,0.968176,-3.49858,-0.374571
297,0.919767,-3.50209,-0.289236
297,0.950761,-3.51104,-0.342118
297,0.939358,-3.51547,-0.287998
297,0.946045,-3.51286,-0.336762
297,0.976471,-3.51956,-0.395764
297,0.942674,-3.52492,-0.339097
297,0.908715,-3.53457,-0.304188
297,0.801147,-3.54493,-0.0506669
297,1.59602,-3.73583,-0.410753
297,0.876292,-3.5458,-0.365056
297,0.88004,-3.55622,-0.346436
297,0.879965,-3.57612,-0.293806
297,0.792119,-3.57612,-0.141138
297,1.70966,-3.81682,-0.415971
297,0.79493,-3.60123,-0.320635
297,0.79511,-3.59547,-0.396692
297,0.795044,-3.59497,-0.408634
297,0.668184,-3.60347,-0.296741
297,0.666448,-3.60712,-0.328292
297,0.641193,-3.62501,-0.190913
297,1.72816,-3.91096,-0.480227
297,0.625871,-3.64397,-0.344371
297,0.625534,-3.64618,-0.330471
297,1.70966,-3.93921,-0.518172
297,1.74074,-3.94655,-0.551548
297,0.552861,-3.6697,-0.195196
297,0.976882,-3.81586,-0.00208169
297,0.551644,-3.67232,-0.209062
297,1.70819,-3.96034,-0.533328
297,0.582094,-3.6523,-0.498888
297,0.578969,-3.67479,-0.342638
297,0.581164,-3.65504,-0.501825
297,0.584319,-3.67753,-0.347179
297,0.967791,-3.84932,-0.010965
297,0.525066,-3.69766,-0.368088
297,0.525145,-3.70609,-0.310285
297,0.527377,-3.70607,-0.351823
297,0.523912,-3.7061,-0.355606
297,0.499571,-3.70105,-0.362446
297,0.960585,-3.87909,-0.0266485
297,0.916856,-3.87158,-0.0271643
297,0.911448,-3.87586,-0.0358564
297,0.91104,-3.87816,-0.0367285
297,0.508037,-3.69576,-0.587089
297,0.520374,-3.71783,-0.58484
297,1.30302,-4.07083,0.421021
297,0.465682,-3.72555,-0.475978
297,1.30222,-4.0899,0.440181
297,0.915264,-3.91749,-0.0529388
297,1.31286,-4.09887,0.442661
297,1.30372,-4.09706,0.414414
297,1.30229,-4.13619,0.434645
297,0.435938,-3.77796,-0.502133
297,1.38182,-4.19859,0.398828
297,1.30081,-4.18682,0.425206
297,2.25336,-4.46303,0.314517
297,2.26911,-4.4845,0.318484
297,2.32493,-4.50746,0.328556
297,2.27085,-4.48971,0.307162
297,2.33306,-4.51419,0.323301
297,0.249914,-3.87605,-0.081702
297,1.47489,-4.28897,0.37699
297,0.242921,-3.82499,-0.565492
297,2.30044,-4.52467,0.30312
297,2.34616,-4.55055,0.319543
297,0.229315,-3.84785,-0.486553
297,0.228231,-3.84887,-0.50403
297,1.50101,-4.32491,0.365201
297,0.215107,-3.8628,-0.470384
297,1.38897,-4.33824,0.396568
297,2.58043,-4.77302,1.04681
297,1.4909,-4.39789,0.340005
297,1.29317,-4.36741,0.398676
297,2.59462,-4.82357,1.05059
297,1.39052,-4.39803,0.388806
297,1.39832,-4.40767,0.375186
297,2.6087,-4.85751,1.04594
297,0.419071,-4.1404,-0.0342895
297,2.60837,-4.85941,0.686159
297,0.412003,-4.14852,-0.0359443
297,0.401544,-4.14868,-0.0381765
297,2.55157,-4.87269,0.831383
297,0.428896,-4.16356,-0.0203841
297,0.271571,-4.18389,0.4677
297,0.263089,-4.18396,0.484627
297,0.418543,-4.16844,-0.0475224
297,1.48613,-4.54017,0.380186
297,2.57117,-4.91522,0.857893
297,0.404377,-4.18742,-0.0210614
297,2.54906,-4.8855,0.671587
297,2.43798,-4.84538,0.575925
297,2.4034,-4.83458,0.551979
297,0.258411,-4.21496,0.460861
297,2.36897,-4.8332,0.576549
297,2.23436,-4.86623,1.04459
297,1.51256,-4.57362,0.322739
297,2.2146,-4.87069,1.00836
297,2.57786,-4.94318,0.663744
297,2.47697,-4.97373,1.05524
297,2.36559,-4.94675,0.998145
297,2.47517,-4.9322,0.620811
297,2.41939,-4.93972,0.619689
297,2.12619,-4.85106,0.560563
297,2.3159,-4.96149,0.984427
297,2.17579,-4.87161,0.582726
297,2.04722,-4.79439,0.25751
297,2.00441,-4.78936,0.309017
297,2.37008,-4.92905,0.572708
297,2.28535,-4.91418,0.555043
297,2.27853,-4.91321,0.555076
297,2.24401,-4.96305,1.01029
297,2.04333,-4.80896,0.250591
297,2.01532,-4.90665,1.03338
297,2.0004,-4.81067,0.292805
297,1.28627,-4.61666,0.355894
297,1.61822,-4.70372,0.300766
297,2.0197,-4.91417,1.04067
297,2.40369,-4.96389,0.572224
297,2.07445,-4.89928,0.758287
297,2.00334,-4.81897,0.277756
297,1.99668,-4.82073,0.274559
297,2.1854,-4.91544,0.572277
297,2.00628,-4.88587,0.711342
297,2.46092,-5.00159,0.596016
297,2.02177,-4.94882,1.03957
297,1.65106,-4.74861,0.274912
297,2.00995,-4.90621,0.702398
297,2.1932,-4.95243,0.571318
297,2.0248,-4.96563,1.02827
297,1.71609,-4.78589,0.315278
297,2.0493,-4.87163,0.229236
297,2.0162,-4.87098,0.265575
297,2.15909,-4.9543,0.551568
297,2.01734,-4.98339,1.04895
297,1.71475,-4.81092,0.314327
297,2.08562,-4.97701,0.778018
297,1.67433,-4.80704,0.36495
297,2.29878,-5.01896,0.565607
297,1.66183,-4.80176,0.276076
297,2.02033,-4.96758,0.694599
297,1.72974,-4.84203,0.305112
297,2.0934,-4.98482,0.594748
297,2.01945,-4.97862,0.67968
297,2.01123,-4.96648,0.568667
297,1.72532,-4.85766,0.289771
297,1.66535,-4.84514,0.257875
297,1.98778,-4.97797,0.567142
297,1.66848,-4.85362,0.256731
297,1.67445,-4.86224,0.251447
297,1.72307,-4.88953,0.274073
297,1.64704,-4.95098,0.87314
297,1.64351,-4.95589,0.888259
297,1.64037,-4.95716,0.882057
297,1.71185,-4.89838,0.264404
297,1.71199,-4.90534,0.281979
297,1.6696,-4.8957,0.250834
297,1.64307,-4.95626,0.759446
297,1.64307,-4.95747,0.763106
297,1.67341,-4.91451,0.233201
297,1.72535,-4.93613,0.258194
297,1.64076,-5.00532,0.874861
297,-0.340251,-4.37239,0.276839
297,1.64318,-4.99932,0.749659
297,1.62643,-5.02194,0.898144
297,1.65596,-5.02341,0.766793
297,-0.319588,-4.40516,0.301541
297,-2.20319,-3.96849,1.05119
297,-0.331542,-4.41159,0.338559
297,-0.332355,-4.41265,0.33351
297,-0.319063,-4.42143,0.340354
297,-0.390683,-4.3933,0.034586
297,1.21819,-4.92847,0.593436
297,-2.33388,-3.98038,1.01256
297,-2.2858,-4.09365,1.76035
297,-2.3094,-4.00187,0.998019
297,-0.305889,-4.50637,0.339687
297,1.18603,-5.06807,1.38149
297,-0.319531,-4.50941,0.311028
297,-0.291033,-4.48835,0.0703535
297,-0.352718,-4.39752,-0.593446
297,-0.746531,-4.31166,-0.508845
297,1.3086,-5.03974,0.612564
297,-0.336272,-4.44214,-0.465266
297,1.24704,-5.01782,0.470696
297,1.22265,-5.04262,0.571966
297,1.29936,-5.06078,0.540819
297,1.24307,-5.03695,0.473079
297,1.31738,-5.07803,0.610922
297,1.3008,-5.068,0.54001
297,1.30017,-5.05981,0.470976
297,1.21524,-5.02628,0.393891
297,1.3197,-5.062,0.440945
297,-0.358692,-4.46486,-0.499123
297,1.23811,-5.05178,0.529171
297,1.27028,-5.06463,0.55006
297,-2.34073,-4.18945,1.68474
297,1.22034,-5.05644,0.582137
297,1.24496,-5.05717,0.532291
297,1.24167,-5.05927,0.530338
297,1.3016,-5.06993,0.464641
297,1.21104,-5.07057,0.649026
297,1.22799,-5.0465,0.385026
297,1.20178,-5.06953,0.599027
297,1.21434,-5.04629,0.390814
297,1.20372,-5.06747,0.572498
297,1.20339,-5.07155,0.588804
297,-0.40358,-4.49647,-0.411505
297,1.22375,-5.10201,0.595966
297,-0.955205,-4.44769,0.261695
297,1.21095,-5.11594,0.643098
297,-0.945005,-4.45731,0.255021
297,-0.359952,-4.5417,-0.405929
297,-0.362677,-4.55755,-0.298623
297,-0.364763,-4.56274,-0.287984
297,-0.803952,-4.42059,-0.480076
297,-0.805409,-4.42379,-0.470895
297,-0.824699,-4.4982,0.0180816
297,-0.813913,-4.44827,-0.44755
297,-0.813836,-4.44739,-0.472339
297,-1.49995,-4.35436,0.262226
297,-2.41408,-4.20587,1.10467
297,-0.304953,-4.6731,0.0346931
297,-0.824113,-4.52122,-0.040377
297,-0.821931,-4.52617,-0.0415984
297,-0.798561,-4.50541,-0.313488
297,-0.469743,-4.58715,-0.40649
297,-0.800046,-4.50894,-0.302011
297,-0.984769,-4.54177,0.273635
297,-0.299299,-4.7084,0.0395767
297,-0.377131,-4.64185,-0.352081
297,-1.54942,-4.42443,0.24674
297,-2.35046,-4.39291,1.71319
297,-0.926142,-4.60252,0.202415
297,-0.309742,-4.75913,0.0309072
297,-1.98648,-4.42517,1.10744
297,-1.9659,-4.42713,0.982899
297,-0.760723,-4.58437,-0.469913
297,-1.98071,-4.4193,0.920586
297,-1.96148,-4.45339,1.12038
297,-2.39311,-4.23013,0.31159
297,-2.46018,-4.28145,0.845186
297,-2.02151,-4.44217,1.11573
297,-2.54164,-4.18495,0.259891
297,-2.28066,-4.27511,0.325292
297,-1.00411,-4.62725,0.23717
297,-1.8896,-4.48661,1.08415
297,-2.41201,-4.24574,0.311868
297,-2.57092,-4.19501,0.256906
297,-1.01604,-4.63544,0.233387
297,-1.84387,-4.52725,1.12703
297,-0.336069,-4.76868,-0.377819
297,-2.04698,-4.47804,1.12295
297,-1.89007,-4.53601,1.11378
297,-2.00726,-4.46348,0.801458
297,-0.322345,-4.7925,-0.388126
297,-2.02089,-4.50812,1.12276
297,-2.02335,-4.49514,0.985229
297,-1.63183,-4.51164,0.247672
297,-1.44518,-4.46627,-0.534182
297,-0.321261,-4.80529,-0.380235
297,-2.00237,-4.51573,1.04596
297,-1.99183,-4.52814,1.10959
297,-1.4553,-4.46611,-0.55046
297,-0.297852,-4.8103,-0.446929
297,-1.99289,-4.50313,0.799021
297,-1.9645,-4.47645,0.525172
297,-2.319,-4.50612,1.34644
297,-2.0243,-4.35918,-0.442137
297,-2.06193,-4.51,0.783918
297,-0.732639,-4.78831,0.0171134
297,-2.04545,-4.35486,-0.490427
297,-2.1773,-4.4956,0.876744
297,-2.02684,-4.53707,0.803438
297,-1.49952,-4.51337,-0.566352
297,-2.22597,-4.53635,1.11922
297,-2.01138,-4.39356,-0.499331
297,-2.01638,-4.53074,0.514467
297,-2.38094,-4.55777,1.44772
297,-0.292692,-4.90515,-0.487342
297,-0.322364,-4.96519,0.0136932
297,-2.30205,-4.4458,0.301872
297,-0.293838,-4.92042,-0.449107
297,-1.23266,-4.67721,-0.274754
297,-0.290515,-5.02333,0.2497
297,-2.06212,-4.43601,-0.569305
297,-1.57038,-4.58345,-0.56083
297,-0.295699,-4.98725,-0.270793
297,-2.04251,-4.60001,0.500533
297,-1.5381,-4.64156,-0.325896
297,-1.95095,-4.69186,0.962622
297,-0.27429,-5.08241,0.286825
297,-0.870378,-4.86862,-0.0797108
297,-1.08726,-4.85043,0.211948
297,-0.279338,-5.09679,0.312648
297,-0.725459,-4.96301,0.250972
297,-1.70579,-4.77517,0.944003
297,-0.773281,-4.94604,0.137772
297,-2.15029,-4.47667,-0.601143
297,-0.872831,-4.90809,-0.0803765
297,-1.2853,-4.76826,-0.271668
297,-0.311107,-5.03777,-0.343961
297,-0.250458,-5.06433,-0.297872
297,-0.266972,-5.08855,-0.303479
297,-0.771962,-5.01914,0.207511
297,-0.870618,-4.96166,-0.0779769
297,-1.90495,-4.81149,0.969591
297,-2.21397,-4.56334,-0.382488
297,-0.845626,-4.99889,-0.0720035
297,-0.789582,-5.05813,0.240572
297,-1.93112,-4.84075,0.975296
297,-0.799788,-5.07225,0.235845
297,-0.763332,-5.08172,0.21571
297,-0.817373,-5.03859,-0.032032
297,-0.824391,-5.04649,-0.0401481
297,-2.07127,-4.85302,0.958983
297,-0.913531,-5.08583,-0.107769
297,-1.76977,-4.96729,0.803956
297,-2.10433,-5.06136,2.25482
297,-2.1577,-5.15089,2.74041
297,-2.16149,-5.1577,2.76571
297,-1.61058,-5.03896,0.626123
297,-1.83653,-5.03683,1.09778
297,-1.85504,-5.04264,1.07857
297,-2.06538,-5.09539,1.88849
297,-1.83023,-5.07286,1.10787
297,-1.63259,-5.08004,0.675326
297,-1.63649,-5.08123,0.639107
297,-1.64325,-5.10577,0.649088
297,-1.61403,-5.11997,0.613582
297,-1.53751,-5.13699,0.551591
297,-1.58708,-5.20031,1.12439
297,-1.7788,-5.12252,0.937092
297,-2.12023,-5.12821,1.7105
297,-1.9194,-5.11022,1.13051
297,-1.54369,-5.14639,0.560737
297,-1.70607,-5.13899,0.85311
297,-1.7547,-5.11264,0.709186
297,-1.7578,-5.12257,0.765316
297,-1.80689,-5.09835,0.66558
297,-1.75478,-5.14353,0.85542
297,-1.67545,-5.17698,0.887781
297,-1.34915,-5.18729,0.252406
297,-1.77926,-5.13765,0.795028
297,-1.88626,-5.09054,0.649766
297,-1.77067,-5.13909,0.768467
297,-1.83998,-5.10203,0.624418
297,-1.82245,-5.12175,0.704536
297,-1.82496,-5.161,1.01189
297,-2.11064,-5.13502,1.42597
297,-2.15705,-5.1807,1.86852
297,-1.84922,-5.16324,1.05891
297,-1.79064,-5.14201,0.703055
297,-2.18585,-5.10069,1.24678
297,-2.25141,-5.2232,2.32844
297,-1.90646,-5.16476,1.11082
297,-1.83353,-5.15657,0.839602
297,-1.65976,-5.18249,0.580364
297,-1.78377,-5.15916,0.66074
297,-1.98018,-5.16816,1.13705
297,-1.78652,-5.18624,0.851967
297,-1.63248,-5.23041,0.834621
297,-1.81141,-5.17579,0.803473
297,-1.71449,-5.18147,0.615883
297,-2.13266,-5.15976,1.3241
297,-1.91346,-5.14369,0.703042
297,-1.65142,-5.21747,0.676903
297,-1.6786,-5.24013,0.91035
297,-1.67089,-5.20406,0.596183
297,-1.55769,-5.24098,0.625602
297,-1.94916,-5.1391,0.672435
297,-2.26893,-5.25145,2.23979
297,-1.75379,-5.2277,0.909554
297,-1.79763,-5.18457,0.651068
297,-2.27647,-5.26787,2.31547
297,-2.12366,-5.17111,1.21444
297,-2.00604,-5.19273,1.12275
297,-1.97146,-5.14946,0.674509
297,-1.67826,-5.23646,0.700326
297,-2.01214,-5.1238,0.555961
297,-1.67608,-5.29747,1.11909
297,-2.21918,-5.26269,1.98444
297,-2.19158,-5.09338,0.604407
297,-1.67179,-5.25087,0.674361
297,-2.1277,-5.18858,1.17819
297,-2.19083,-5.20712,1.45787
297,-2.2002,-5.212,1.4516
297,-1.95972,-5.18336,0.691905
297,-1.8674,-5.26152,1.08628
297,-2.18976,-5.19221,1.19237
297,-1.70209,-5.27053,0.722985
297,-1.89113,-5.25623,1.01714
297,-1.97329,-5.26385,1.11859
297,-1.83095,-5.30969,1.13061
297,-1.85367,-5.24208,0.652309
297,-1.90805,-5.24806,0.806113
297,-1.71774,-5.34547,1.1395
297,-1.74154,-5.2931,0.711416
297,-1.76846,-5.31608,0.874216
297,-2.13857,-5.18409,0.658211
297,-2.1349,-5.26418,1.20973
297,-2.24448,-5.24532,1.20229
297,-1.47677,-5.38211,0.511812
297,-1.6281,-5.36199,0.653205
297,-2.23654,-5.26383,1.21573
297,-2.20008,-5.28156,1.18498
297,-2.12711,-5.23283,0.637288
297,-2.17209,-5.28955,1.13982
297,-1.73935,-5.36442,0.767954
297,-2.07332,-5.26169,0.660621
297,-1.49183,-5.41036,0.534359
297,-2.18409,-5.23074,0.662937
297,-1.63421,-5.38948,0.65309
297,-1.49555,-5.41249,0.501978
297,-1.74602,-5.3903,0.874424
297,-2.15546,-5.25133,0.695536
297,-1.65715,-5.39441,0.64207
297,-1.75966,-5.39701,0.855945
297,-2.13244,-5.28017,0.699731
297,-2.10933,-5.34116,1.10889
297,-1.57372,-5.42233,0.557764
297,-2.18766,-5.32736,1.15525
297,-1.76,-5.42806,0.916414
297,-1.78047,-5.45422,1.13162
297,-2.07837,-5.31696,0.643436
297,-1.78483,-5.42243,0.777889
297,-1.5274,-5.45969,0.495296
297,-1.6791,-5.43718,0.652437
297,-2.19496,-5.30011,0.631501
297,-2.25072,-5.36075,1.20571
297,-1.52573,-5.47316,0.47534
297,-2.16061,-5.39998,1.15083
297,-2.25438,-5.35341,0.690055
297,-1.58238,-5.54532,0.466696
297,-2.26405,-5.38617,0.687726
297,-2.47618,-5.62825,2.91446
297,0.892955,-2.43912,0.532809
293,0.892955,-2.43912,0.532809
297,-1.70991,-4.71026,1.14602
293,-1.70991,-4.71026,1.14602
297,0.167015,-4.34779,0.173206
293,0.167015,-4.34779,0.173206
297,-0.240958,-4.2414,0.135641
293,-0.240958,-4.2414,0.135641
297,-0.323194,-4.26629,0.0860529
293,-0.323194,-4.26629,0.0860529
297,0.375589,-3.67783,-0.118726
293,0.375589,-3.67783,-0.118726
297,-1.51584,-4.48985,0.729296
293,-1.51584,-4.48985,0.729296
297,0.523244,-3.624,-0.0462026
293,0.523244,-3.624,-0.0462026
297,0.745862,-3.44235,-0.237081
293,0.745862,-3.44235,-0.237081
297,-0.323985,-4.26656,0.453652
293,-0.323985,-4.26656,0.453652
297,-1.25799,-5.10377,0.177274
293,-1.25799,-5.10377,0.177274
297,-1.78357,-5.35352,0.694266
293,-1.78357,-5.35352,0.694266
297,1.47387,-4.54774,0.395721
293,1.47387,-4.54774,0.395721
297,-1.5774,-5.29683,0.73676
293,-1.5774,-5.29683,0.73676
297,-1.46873,-5.16885,0.72374
293,-1.46873,-5.16885,0.72374
297,-0.170243,-4.11553,0.207339
296,-0.170243,-4.11553,0.207339
297,1.49993,-3.33025,-0.133213
296,1.49993,-3.33025,-0.133213
297,-0.342188,-4.42559,0.0209446
296,-0.342188,-4.42559,0.0209446
297,1.51567,-3.824,-0.480336
296,1.51567,-3.824,-0.480336
297,1.5011,-3.34963,-0.141233
296,1.5011,-3.34963,-0.141233
297,1.50022,-3.30557,-0.122308
296,1.50022,-3.30557,-0.122308
297,-0.117608,-4.64252,-0.269853
296,-0.117608,-4.64252,-0.269853
297,0.683571,-3.38048,-0.344757
294,0.683571,-3.38048,-0.344757
297,1.34648,-3.14854,0.024084
294,1.34648,-3.14854,0.024084
297,-0.577201,-4.1442,-0.176815
294,-0.577201,-4.1442,-0.176815
297,1.22776,-3.52821,0.561279
294,1.22776,-3.52821,0.561279
297,0.267547,-3.89337,-0.0724477
294,0.267547,-3.89337,-0.0724477
297,0.0601122,-3.49582,0.373118
294,0.0601122,-3.49582,0.373118
297,-3.43626,-5.31528,2.01818
291,-3.43626,-5.31528,2.01818
297,-2.06263,-5.109,1.23221
289,-2.06263,-5.109,1.23221
297,-2.0636,-4.10815,2.0265
289,-2.0636,-4.10815,2.0265
297,-1.90263,-4.8226,2.40974
289,-1.90263,-4.8226,2.40974
297,1.2075,-5.11273,0.529016
66,1.2075,-5.11273,0.529016
297,-2.09166,-5.11548,1.33825
66,-2.09166,-5.11548,1.33825
297,-0.436719,-5.14581,0.254794
66,-0.436719,-5.14581,0.254794
297,-4.53931,-6.16784,2.12948
290,-4.53931,-6.16784,2.12948
297,-1.91475,-4.6631,0.969638
104,-1.91475,-4.6631,0.969638
297,-1.67253,-5.28934,0.891422
103,-1.67253,-5.28934,0.891422
298,1.7414,-3.70304,0.47372
298,0.937703,-3.89519,-0.0273366
298,0.924285,-3.90538,-0.037982
298,1.43336,-4.15896,0.416849
298,1.44341,-4.16682,0.415339
298,1.33443,-4.13723,0.428055
298,1.33448,-4.13894,0.429395
298,1.28709,-4.13563,0.416004
298,1.3425,-4.15158,0.430948
298,1.44863,-4.18282,0.403121
298,1.44857,-4.18287,0.401916
298,1.3279,-4.15554,0.424438
298,1.47199,-4.20431,0.392867
298,2.31565,-4.49995,0.307899
298,2.32978,-4.52013,0.315388
298,0.425578,-4.10712,-0.0127978
298,0.338033,-4.11239,-0.0738989
298,0.230218,-4.23771,-0.0403845
298,1.99676,-4.74807,0.316115
298,2.56153,-4.89843,0.882857
298,2.52725,-4.88963,0.884168
298,2.58305,-4.91697,0.977399
298,2.00446,-4.81675,0.296738
298,2.47134,-4.95904,1.05786
298,2.46683,-4.96606,1.05109
298,1.64239,-4.7791,0.239345
298,2.08135,-4.881,0.93457
298,2.04979,-4.88055,0.985121
298,2.08799,-4.89629,0.8535
298,2.27502,-4.91337,1.99354
298,1.96032,-4.85959,1.39413
298,2.23729,-4.97611,1.0177
298,2.07938,-4.96341,0.947347
298,2.28571,-4.9871,2.0154
298,2.08915,-4.9765,0.752235
298,2.01522,-4.94888,1.05928
298,2.26272,-5.03289,1.02124
298,1.67787,-4.90432,0.228661
298,2.30281,-5.03275,2.03296
298,2.32507,-5.08207,1.07228
298,-0.40748,-4.38986,0.0702732
298,-0.355078,-4.404,0.285816
298,-0.388764,-4.40398,0.0229393
298,-0.303748,-4.42784,0.0485566
298,-0.356914,-4.40676,0.276197
298,-0.393624,-4.41466,0.0378495
298,-0.343179,-4.44148,0.0524854
298,1.65859,-4.96432,0.773489
298,-0.396489,-4.42925,0.124006
298,-0.411614,-4.43805,0.0596818
298,-0.415778,-4.44274,0.0129946
298,-0.347313,-4.45323,0.318428
298,-0.419814,-4.44572,0.0643595
298,-0.308463,-4.48658,0.0550885
298,1.63918,-4.99058,0.889892
298,-0.363304,-4.47893,0.00132763
298,1.24127,-4.9059,0.394547
298,-0.261152,-4.51338,0.0764535
298,1.66305,-5.01547,0.770387
298,1.64672,-5.01208,0.893432
298,1.64717,-5.01342,0.901035
298,-0.389577,-4.4871,0.308818
298,1.41918,-4.97593,0.461899
298,1.62659,-5.03117,0.900993
298,-0.396121,-4.49986,0.321801
298,-0.360093,-4.53642,-0.261361
298,-0.496195,-4.49544,0.0725203
298,1.65605,-5.06046,0.769833
298,1.42935,-5.00919,0.513431
298,1.44229,-5.01922,0.517578
298,1.42854,-5.01944,0.450604
298,1.43942,-5.02753,0.449368
298,1.43569,-5.02927,0.445348
298,1.42085,-5.02568,0.51667
298,2.22322,-5.22019,1.42352
298,-0.901705,-4.41688,0.283609
298,1.43853,-5.04887,0.498403
298,1.64723,-5.0798,1.43993
298,-0.274459,-4.60202,0.0789112
298,1.34779,-5.03407,0.500469
298,1.34817,-5.03878,0.50919
298,1.31458,-5.03459,0.61034
298,1.32522,-5.04183,0.507178
298,1.30412,-5.03642,0.547252
298,1.32997,-5.04946,0.443152
298,1.27385,-5.035,0.555396
298,1.22545,-5.02854,0.501159
298,1.71119,-5.13489,1.44317
298,1.64758,-5.12558,1.44654
298,1.21049,-5.04078,0.523134
298,-0.922692,-4.46795,0.276292
298,1.20735,-5.03814,0.626557
298,1.19333,-5.01208,1.37791
298,1.20511,-5.04171,0.578538
298,1.27556,-5.06171,0.607475
298,-0.798387,-4.52924,-0.304967
298,1.15875,-5.01333,1.37793
298,1.18809,-5.03622,1.39476
298,-0.381134,-4.64412,0.320004
298,1.208,-5.04883,1.37004
298,-2.20717,-4.07072,2.98248
298,1.19367,-5.0495,1.40327
298,1.22339,-5.05976,1.36117
298,-2.29206,-4.08165,2.0829
298,1.19051,-5.05446,1.41303
298,-0.866789,-4.53365,0.225944
298,-0.861105,-4.53879,0.22488
298,1.19774,-5.06637,1.40529
298,-0.47637,-4.66035,0.276465
298,-2.29431,-4.13972,1.07967
298,-2.30029,-4.14414,1.06571
298,1.20773,-5.09179,1.37533
298,1.19206,-5.08759,1.40529
298,-0.915189,-4.55229,0.218718
298,1.22458,-5.10421,1.38122
298,-0.909424,-4.59232,0.209445
298,-0.97484,-4.57797,0.262064
298,1.66125,-5.26408,1.46289
298,-0.625831,-4.60535,2.95526
298,-0.927051,-4.62445,0.205381
298,1.19775,-5.16473,1.40585
298,-0.985904,-4.61261,0.25412
298,-0.328251,-4.82929,0.0171665
298,-0.954054,-4.65715,0.187919
298,-0.983099,-4.64751,0.244027
298,-1.03739,-4.64408,0.243585
298,-1.46982,-4.55522,-0.295191
298,-2.27712,-4.23687,3.08898
298,-0.993598,-4.68227,0.236449
298,-1.05255,-4.6841,-0.25887
298,-0.623248,-4.78861,0.315965
298,-1.06786,-4.68743,-0.248808
298,-2.44062,-4.30016,0.310035
298,-2.12435,-4.29675,3.09177
298,-0.334744,-4.90121,-0.404643
298,-1.12489,-4.68857,-0.281255
298,-2.2752,-4.27174,3.08758
298,-1.1063,-4.70047,-0.279634
298,-2.5211,-4.31598,0.283764
298,-2.21464,-4.31494,3.05585
298,-0.653774,-4.83953,0.293442
298,-2.01153,-4.46023,1.0794
298,1.09584,-5.24174,3.16084
298,-1.08203,-4.746,0.219873
298,1.05945,-5.25341,3.0572
298,-2.0545,-4.47644,1.13494
298,-2.23502,-4.37351,2.99254
298,-2.05885,-4.49035,1.10785
298,-0.303047,-4.99598,0.287489
298,-2.05894,-4.49106,1.13797
298,-2.01851,-4.5055,1.11526
298,0.926281,-5.2525,3.15685
298,-0.300986,-5.013,0.292862
298,-0.248752,-5.02903,0.277963
298,-2.21488,-4.51752,-0.32848
298,-0.237155,-5.03883,0.338983
298,0.894157,-5.26167,3.05983
298,-1.09673,-4.81342,0.209727
298,0.839733,-5.25487,3.04737
298,-0.367512,-5.01934,0.305369
298,1.09396,-5.32843,3.10126
298,1.04859,-5.32516,3.09209
298,-2.31071,-4.4138,3.03145
298,-2.307,-4.41474,3.03871
298,0.975426,-5.30511,3.18371
298,-0.309322,-5.05277,0.277884
298,-2.0614,-4.48915,3.06787
298,-0.298091,-5.08079,-0.290637
298,-2.265,-4.44564,2.75505
298,-0.316163,-5.06455,0.231605
298,-2.25732,-4.46044,2.60308
298,-0.278959,-5.08206,0.300047
298,-0.851175,-4.84249,2.94853
298,-2.49788,-4.48487,0.283293
298,-0.270107,-5.09604,0.251594
298,-2.09032,-4.51544,3.05858
298,-0.850493,-4.85565,2.99348
298,-0.332322,-5.09036,0.260411
298,-0.857192,-4.85997,2.9615
298,-2.37097,-4.4497,3.0693
298,0.77275,-5.31075,3.07016
298,0.772672,-5.31127,3.07043
298,-2.29045,-4.47674,3.05636
298,-2.16597,-4.61758,-0.144663
298,-2.11288,-4.52743,3.06924
298,-2.10216,-4.53063,3.08026
298,-0.858501,-4.87552,3.01122
298,-0.72878,-5.01643,0.300979
298,-2.08524,-4.56556,3.02501
298,-0.2919,-5.14652,0.293842
298,-1.15012,-4.91654,0.227424
298,-2.42056,-4.57273,0.244275
298,-2.32682,-4.5208,2.62836
298,0.774769,-5.35815,3.05507
298,-2.33101,-4.51177,3.07224
298,0.631437,-5.32953,3.18299
298,0.628815,-5.32938,3.18337
298,0.54591,-5.31808,3.07078
298,-0.786007,-5.05531,0.223118
298,-2.27162,-4.56411,3.07322
298,-2.26727,-4.56712,3.0777
298,-2.37703,-4.54821,2.74366
298,-2.15524,-4.60194,3.0521
298,-1.85811,-4.75183,0.973416
298,-2.35096,-4.54973,3.08341
298,0.086624,-5.21763,3.08127
298,-2.22143,-4.59042,3.07363
298,-0.911785,-4.9516,3.00777
298,-0.847893,-5.06037,0.293819
298,-0.913383,-4.95415,3.00914
298,0.664543,-5.3984,3.06928
298,-1.90398,-4.76739,0.954874
298,-0.8387,-5.1046,0.289169
298,0.470288,-5.37723,3.09175
298,-0.895751,-5.01113,2.98435
298,-2.41583,-4.61595,2.63885
298,-2.22779,-4.65705,3.07694
298,-1.91914,-4.82535,0.973885
298,-0.908529,-5.04586,3.0031
298,-2.37024,-4.64924,3.12347
298,-2.04514,-4.74478,3.00728
298,-2.35047,-4.66198,3.12594
298,0.367665,-5.40498,3.09803
298,-0.77432,-5.10048,2.9579
298,-0.785342,-5.10093,2.95024
298,-0.939927,-5.08211,2.9986
298,-2.18427,-4.75896,3.03456
298,-2.09018,-4.78875,2.97509
298,-0.942941,-5.10079,3.00311
298,-0.880711,-5.12868,2.93966
298,-0.864257,-5.13914,3.07767
298,-0.967321,-5.1313,3.02828
298,-0.897484,-5.16613,2.9621
298,-1.02751,-5.14034,3.04576
298,0.222235,-5.48348,3.08511
298,-0.992016,-5.16655,3.04704
298,0.0602512,-5.46221,3.11071
298,-0.880689,-5.20999,2.98061
298,-2.05227,-4.89346,3.01184
298,-1.83154,-5.03395,0.623119
298,-0.892691,-5.21346,3.02319
298,-0.853011,-5.2258,3.02226
298,-0.933352,-5.2036,3.03948
298,-0.966535,-5.19415,3.06582
298,-2.17057,-4.86936,3.00804
298,-0.947196,-5.20205,3.06933
298,-0.943909,-5.22466,2.98625
298,-0.935315,-5.23588,3.09621
298,-1.66745,-5.10873,0.876416
298,-1.7512,-5.0853,1.01419
298,-0.964928,-5.23208,3.08968
298,-1.67109,-5.11397,0.895736
298,-1.04664,-5.21439,3.07028
298,-1.65609,-5.12947,0.640012
298,-1.75323,-5.10043,0.787951
298,-0.869603,-5.26375,3.19249
298,-1.74198,-5.10608,0.759115
298,-1.65779,-5.12548,0.875177
298,-1.67082,-5.13319,0.629932
298,-1.69137,-5.12632,0.674767
298,-1.73722,-5.11731,0.659275
298,-0.982953,-5.24681,3.10722
298,-0.981511,-5.25633,3.10464
298,-0.0165256,-5.52042,3.24514
298,-1.00872,-5.26006,3.02038
298,-1.53594,-5.19558,0.592286
298,-2.11376,-5.02994,1.19578
298,-0.836785,-5.3186,3.15184
298,-1.6614,-5.17779,0.728116
298,-1.68258,-5.17655,0.605325
298,-1.8176,-5.14338,0.669476
298,-0.460985,-5.43244,3.16928
298,-1.66801,-5.18758,0.60393
298,-1.04381,-5.27967,3.04497
298,-2.20437,-4.96387,3.03059
298,-1.66984,-5.18749,0.697746
298,-1.11567,-5.26009,3.11631
298,-1.7017,-5.18494,0.57474
298,-0.965738,-5.30642,3.04647
298,-0.953863,-5.31092,3.06743
298,-0.844323,-5.34342,3.10032
298,-1.04433,-5.29403,3.0558
298,-1.76551,-5.17347,0.894535
298,-1.82076,-5.15804,0.996373
298,-1.82138,-5.15846,0.986401
298,-1.76618,-5.17601,0.944258
298,-1.75645,-5.1792,0.963808
298,-0.971775,-5.32227,3.1547
298,-1.80452,-5.16849,0.95559
298,-1.64799,-5.22397,0.659292
298,-0.833114,-5.36849,3.11248
298,-0.959637,-5.34507,3.08675
298,-1.71329,-5.20436,1.12184
298,-1.75418,-5.19557,1.11177
298,-1.82383,-5.18896,0.741625
298,-1.81398,-5.18116,1.07554
298,-1.70879,-5.21355,1.12159
298,-1.10538,-5.31582,3.07151
298,-1.76269,-5.20681,1.11356
298,-1.77937,-5.22156,0.670729
298,-1.61507,-5.27028,0.564021
298,-0.999933,-5.35357,3.15575
298,-0.897886,-5.38595,3.02246
298,-0.904182,-5.38473,3.01474
298,-2.01328,-5.14929,1.21634
298,-1.75271,-5.23416,0.981567
298,-1.67892,-5.25832,0.911904
298,-2.08577,-5.14066,1.19508
298,-0.930957,-5.39623,3.01922
298,-0.8753,-5.40956,3.13192
298,-1.69242,-5.26853,0.715589
298,-1.68011,-5.26535,1.0593
298,-0.8838,-5.41567,3.14323
298,-0.913153,-5.41338,3.03575
298,-1.68751,-5.27081,0.947924
298,-1.02732,-5.38368,3.01122
298,-0.890663,-5.41986,3.13867
298,-1.87026,-5.22904,0.821983
298,-0.93232,-5.40789,3.18452
298,-2.10505,-5.10352,2.73075
298,-1.75344,-5.25201,1.12087
298,-1.83377,-5.17871,2.89519
298,-2.10174,-5.14838,1.59804
298,-1.56394,-5.32508,0.701146
298,-1.45658,-5.36185,0.511052
298,-0.978222,-5.40508,3.19944
298,-1.79565,-5.25108,1.12241
298,-1.69074,-5.28103,1.11018
298,-1.91344,-5.23063,0.823706
298,-2.16234,-5.10998,2.45619
298,-2.15353,-5.11506,2.40726
298,-2.17386,-5.10716,2.48139
298,-2.1732,-5.10777,2.53082
298,-0.883559,-5.44244,3.14714
298,-1.82444,-5.26048,0.886348
298,-1.67643,-5.29372,1.11973
298,-2.18886,-5.11002,2.58271
298,-2.15335,-5.12848,2.32423
298,-1.72039,-5.2886,1.11117
298,-0.933935,-5.43572,3.20926
298,-1.7021,-5.29563,1.10635
298,-2.07817,-5.19231,1.19697
298,-0.917682,-5.44878,3.05483
298,-1.15377,-5.38366,3.10936
298,-2.17483,-5.13402,2.26595
298,-2.1695,-5.15772,1.59081
298,-1.72913,-5.29399,1.1196
298,-1.71148,-5.30533,0.960778
298,-1.01773,-5.43011,3.09907
298,-0.933607,-5.45584,3.05287
298,-2.11991,-5.17483,1.82355
298,-1.68733,-5.31507,1.14249
298,-0.862682,-5.47588,3.17819
298,-2.17047,-5.16461,1.80127
298,-0.929567,-5.45805,3.2148
298,-2.1632,-5.18843,1.20036
298,-0.878314,-5.47709,3.17182
298,-1.88463,-5.27518,0.950627
298,-1.91659,-5.20443,2.88482
298,-1.903,-5.26909,1.01518
298,-2.17116,-5.13218,3.05014
298,-2.02079,-5.25802,0.61849
298,-2.27837,-5.11642,2.9725
298,-1.97969,-5.26594,1.08047
298,-1.77918,-5.33468,0.684619
298,-2.15742,-5.15823,3.0412
298,-2.06412,-5.25316,1.1276
298,-2.25514,-5.14235,2.96078
298,-1.18347,-5.43061,3.12435
298,-2.27519,-5.14443,2.96434
298,-2.21678,-5.16036,3.00733
298,-2.15004,-5.2402,1.17021
298,-0.993214,-5.4967,3.32103
298,-2.17868,-5.22096,1.88922
298,-2.17458,-5.1939,2.76867
298,-1.74074,-5.37572,0.856239
298,-2.14876,-5.21131,2.95329
298,-1.21233,-5.46268,3.14448
298,-2.24652,-5.19372,3.01865
298,-2.19949,-5.22079,3.07776
298,-1.01228,-5.54809,3.37384
298,-1.01488,-5.55012,3.35122
298,-2.13312,-5.25828,3.06557
298,-0.926184,-5.58888,3.12357
298,-2.1564,-5.26684,2.85993
298,-2.21152,-5.25663,2.76296
298,-1.03291,-5.5984,3.09341
298,-2.04462,-5.32898,3.02836
298,-0.647827,-5.7534,3.17579
298,-2.07924,-5.39515,3.06056
298,-2.11664,-5.40987,3.07235
298,-2.12014,-5.42165,3.07624
298,-1.84834,-5.56208,1.14827
298,-2.16245,-5.43484,3.03651
298,-2.24611,-5.48124,3.18533
298,-2.27229,-5.50212,3.19048
298,-2.3265,-5.52227,3.20044
298,-2.08675,-5.61239,3.07636
298,-1.99363,-5.63729,3.20456
298,-2.41627,-5.55011,2.90281
298,-2.01615,-5.67856,3.22376
298,-2.41143,-5.61257,3.04022
298,-2.47152,-5.62852,2.86564
298,-2.16293,-5.71719,3.12004
298,-4.05514,-8.79484,2.86704
298,-2.1888,-5.20949,2.77559
297,-2.1888,-5.20949,2.77559
298,-2.34252,-4.47454,0.315625
297,-2.34252,-4.47454,0.315625
298,1.60798,-4.7666,0.253899
297,1.60798,-4.7666,0.253899
298,-1.66668,-5.08017,0.973996
293,-1.66668,-5.08017,0.973996
298,-2.1927,-4.06818,0.852737
293,-2.1927,-4.06818,0.852737
298,-1.502,-4.84689,0.947772
291,-1.502,-4.84689,0.947772
298,-1.9507,-4.94692,2.54859
291,-1.9507,-4.94692,2.54859
298,-0.842845,-5.19874,3.00829
291,-0.842845,-5.19874,3.00829
298,-2.15842,-5.21054,1.56441
291,-2.15842,-5.21054,1.56441
298,-0.368209,-4.38362,0.16851
291,-0.368209,-4.38362,0.16851
298,-2.21457,-5.16396,2.50304
291,-2.21457,-5.16396,2.50304
298,-1.86922,-5.08857,1.09081
291,-1.86922,-5.08857,1.09081
298,-0.454583,-4.47775,0.127424
291,-0.454583,-4.47775,0.127424
298,-1.69037,-5.26985,0.967664
291,-1.69037,-5.26985,0.967664
298,-1.73069,-5.48849,0.547558
289,-1.73069,-5.48849,0.547558
298,-2.17727,-5.16013,2.29328
289,-2.17727,-5.16013,2.29328
298,-2.36009,-4.19172,0.975588
289,-2.36009,-4.19172,0.975588
298,-1.58127,-5.39499,2.0526
290,-1.58127,-5.39499,2.0526
298,-1.67482,-5.18817,1.05512
290,-1.67482,-5.18817,1.05512
298,-1.33621,-4.97049,2.79196
290,-1.33621,-4.97049,2.79196
298,-2.03278,-4.85722,2.9857
290,-2.03278,-4.85722,2.9857
298,-2.20589,-4.4361,2.95986
290,-2.20589,-4.4361,2.95986
298,1.88508,-4.01958,0.93156
67,1.88508,-4.01958,0.93156
298,-0.614013,-4.17379,0.365397
294,-0.614013,-4.17379,0.365397
299,1.70524,-3.59079,0.472094
299,1.70451,-3.60206,0.470261
299,1.68913,-3.60347,0.48694
299,1.72351,-3.6179,0.514526
299,0.817538,-3.58701,0.0263091
299,0.836197,-3.67421,-0.00987148
299,0.852347,-3.76419,-0.0428807
299,0.865918,-3.79342,-0.0245312
299,0.849126,-3.78889,-0.00199604
299,0.490724,-3.69387,-0.0684386
299,0.858364,-3.80145,-0.00073874
299,0.868716,-3.80756,-0.057968
299,0.865845,-3.80952,-0.0613326
299,0.856748,-3.80889,-0.00388491
299,0.533725,-3.72423,-0.0193286
299,0.853716,-3.82142,-0.00976706
299,0.85398,-3.82876,-0.00938666
299,0.861242,-3.83477,-0.011336
299,1.33204,-4.11011,0.42158
299,1.37463,-4.15646,0.426618
299,1.28017,-4.13254,0.400496
299,1.3253,-4.14615,0.450449
299,0.257116,-3.85195,-0.0626132
299,1.30421,-4.14534,0.465245
299,1.28322,-4.14169,0.394663
299,1.28417,-4.14941,0.4241
299,2.25748,-4.42339,0.302915
299,0.268983,-3.87177,-0.0623708
299,1.38059,-4.19205,0.428752
299,1.28416,-4.17095,0.424764
299,1.37994,-4.20116,0.419658
299,1.42463,-4.23913,0.40124
299,1.4471,-4.24604,0.411522
299,1.41443,-4.239,0.402609
299,0.262877,-3.9246,-0.0765584
299,0.268941,-3.93425,-0.0738964
299,1.38165,-4.27636,0.430716
299,2.32496,-4.55278,0.319887
299,1.26775,-4.25909,0.396919
299,1.36117,-4.3135,0.405827
299,0.249723,-4.01596,-0.103735
299,0.257675,-4.19705,0.499134
299,2.6041,-4.85978,0.783119
299,0.259035,-4.20929,0.468853
299,2.64208,-4.88255,1.32422
299,0.256968,-4.21713,0.501208
299,2.61059,-4.87933,1.072
299,2.54743,-4.87454,0.844117
299,2.54788,-4.8789,0.819515
299,2.56951,-4.88835,0.745227
299,2.52719,-4.88277,0.807616
299,2.3814,-4.84893,0.642491
299,2.43659,-4.87111,1.0803
299,2.00425,-4.76297,0.263458
299,2.40571,-4.88113,1.05727
299,2.48154,-4.90552,0.560524
299,2.26448,-4.84737,1.05131
299,2.16582,-4.85469,1.06824
299,2.22996,-4.88818,1.07794
299,2.41393,-4.94111,1.05715
299,2.00079,-4.82707,0.299397
299,2.48142,-4.98376,1.06584
299,1.62722,-4.78864,0.239077
299,2.08286,-4.94564,0.794181
299,2.01663,-4.94759,1.05687
299,2.0129,-4.94809,1.05194
299,2.01805,-4.9519,1.07548
299,2.01411,-4.9513,1.0699
299,2.08264,-4.97811,0.799568
299,2.01112,-4.96227,1.07585
299,2.08213,-4.98471,0.755673
299,2.31019,-5.05632,1.07446
299,2.05643,-4.98807,1.10435
299,1.63763,-4.92478,0.802717
299,-0.309551,-4.39547,0.0783355
299,1.65275,-4.94544,0.785445
299,-0.387507,-4.37608,0.0811534
299,-0.385941,-4.3788,0.144421
299,1.64467,-4.94883,0.804573
299,1.64411,-4.95027,0.788461
299,1.73712,-4.97682,0.296337
299,1.73828,-4.98002,0.317954
299,1.65642,-4.96355,0.882593
299,1.71426,-4.98014,0.284149
299,-0.34608,-4.42057,0.0096122
299,-0.350924,-4.44441,0.0301316
299,-0.411071,-4.44271,0.112071
299,-0.46384,-4.45236,0.137639
299,-0.400428,-4.48535,-0.394882
299,-0.348363,-4.5364,-0.384273
299,1.29814,-5.01631,0.567154
299,1.29504,-5.01859,0.494172
299,1.2973,-5.02173,0.55025
299,1.31689,-5.02897,0.460169
299,1.23429,-5.01754,0.543869
299,1.19971,-5.01851,0.478052
299,1.27076,-5.0493,1.34984
299,1.22653,-5.04824,0.39146
299,-0.84241,-4.48939,-0.457447
299,1.23985,-5.07303,0.543294
299,1.24045,-5.07481,0.559492
299,1.23577,-5.07582,0.870442
299,-0.310279,-4.64384,0.0595533
299,-0.551324,-4.60028,0.286377
299,1.1795,-5.08949,1.38292
299,1.18991,-5.10106,1.40719
299,-0.330556,-4.67658,0.0454998
299,-0.296778,-4.69381,0.0590284
299,1.23345,-5.1272,0.869944
299,-2.4223,-4.11236,0.829999
299,-0.824568,-4.55796,-0.291239
299,1.2085,-5.12729,0.834574
299,-2.34875,-4.14904,2.05531
299,-0.916275,-4.59738,0.204979
299,-1.03096,-4.64755,-0.25932
299,-1.02016,-4.65614,-0.211791
299,-2.45578,-4.27879,0.299977
299,-0.380062,-4.86368,-0.390141
299,-2.02164,-4.44024,0.648942
299,-1.9918,-4.45983,0.989238
299,-2.02343,-4.45724,0.930202
299,-2.02538,-4.45812,0.911846
299,-2.01807,-4.4651,0.929486
299,-2.5787,-4.31141,0.259301
299,-2.0144,-4.47087,1.1054
299,-1.97398,-4.48224,1.05947
299,-1.01704,-4.74749,0.229578
299,-2.04294,-4.46458,1.13237
299,-2.01756,-4.47711,1.00222
299,-2.05773,-4.48986,0.660081
299,-2.0511,-4.49653,0.906317
299,-0.300679,-4.98427,0.270558
299,-2.05859,-4.49793,0.798145
299,-0.305131,-4.99169,0.246624
299,-2.04796,-4.51502,0.966821
299,-2.29381,-4.45378,2.69294
299,-2.30779,-4.45419,2.74678
299,-0.303822,-5.01372,-0.311266
299,-1.0493,-4.81206,0.214071
299,-0.895971,-4.86318,2.91263
299,-2.12366,-4.53404,3.12305
299,-2.02393,-4.56154,0.524663
299,-2.11579,-4.54666,3.08966
299,-2.03086,-4.56993,0.554651
299,-2.04843,-4.58226,0.523788
299,-2.16664,-4.57104,3.08634
299,-2.32958,-4.53115,2.62507
299,-2.17937,-4.57662,3.08814
299,-1.06102,-4.88539,0.212388
299,-1.80669,-4.70062,0.975678
299,-1.15191,-4.88402,0.264665
299,-0.96863,-4.95441,2.96458
299,-1.14593,-4.91109,0.24289
299,-2.25966,-4.6174,3.06489
299,-2.30561,-4.62865,3.07683
299,-1.17432,-4.95527,0.264625
299,-1.87927,-4.79809,0.861089
299,-0.866853,-5.09896,3.0352
299,-1.63414,-5.08199,0.891633
299,-2.11418,-4.96104,0.625526
299,-1.2969,-5.20815,0.233266
299,-1.71507,-5.14476,0.695342
299,-0.988651,-5.3606,3.08883
299,-1.75216,-5.1475,0.853479
299,-1.75242,-5.14978,0.883737
299,-1.75512,-5.15377,0.89367
299,-2.17564,-5.05415,2.70351
299,-1.64109,-5.20053,0.860449
299,-1.002,-5.40897,3.17006
299,-2.16167,-5.09081,2.83568
299,-1.87645,-5.16933,0.831693
299,-2.1927,-5.09482,2.77713
299,-2.20411,-5.09262,2.72765
299,-2.09396,-5.12311,1.32003
299,-2.154,-5.11145,2.46387
299,-2.18134,-5.10412,2.55048
299,-2.15115,-5.11458,2.57101
299,-2.10326,-5.12718,1.49355
299,-1.50482,-5.29267,0.599027
299,-1.84296,-5.19992,0.819187
299,-2.14887,-5.11865,2.60386
299,-1.67593,-5.24794,0.930402
299,-2.18332,-5.11165,3.08024
299,-1.84622,-5.20137,0.827684
299,-2.03398,-5.15342,0.600418
299,-1.68032,-5.2553,0.954855
299,-1.7306,-5.24212,0.907511
299,-1.70728,-5.25,0.70922
299,-1.94028,-5.19422,2.95638
299,-0.896156,-5.48658,3.24914
299,-1.68499,-5.26274,0.69394
299,-2.11573,-5.14486,1.32764
299,-1.93962,-5.19874,2.96482
299,-1.723,-5.26608,1.03466
299,-1.70223,-5.27607,0.692742
299,-2.12521,-5.16287,1.97013
299,-2.06978,-5.18221,3.05235
299,-1.27546,-5.4052,3.11693
299,-2.1171,-5.17152,2.73658
299,-2.20016,-5.15455,3.08735
299,-2.18289,-5.16114,2.30691
299,-1.8654,-5.25869,0.949608
299,-2.23991,-5.15875,2.18251
299,-2.0699,-5.21338,3.01368
299,-2.2274,-5.1715,2.88101
299,-2.23112,-5.17947,2.88414
299,-0.97393,-5.53565,3.30406
299,-1.88965,-5.28328,1.1111
299,-2.17298,-5.20596,1.35797
299,-2.24176,-5.19891,3.02829
299,-1.79174,-5.3274,0.966783
299,-2.21572,-5.21995,1.4821
299,-2.24572,-5.22446,1.24731
299,-2.01037,-5.30043,2.96699
299,-2.15949,-5.25954,2.8826
299,-1.06621,-5.57547,3.40205
299,-2.16242,-5.27209,0.630044
299,-2.12164,-5.2884,3.02241
299,-1.74473,-5.39456,1.14079
299,-2.20277,-5.27621,3.02973
299,-2.2851,-5.28194,2.98693
299,-2.15393,-5.3267,3.06113
299,-2.27974,-5.29469,2.95959
299,-2.21953,-5.31514,3.03551
299,-2.21669,-5.33154,2.89445
299,-1.10534,-5.78604,0.263696
299,-2.38032,-5.5005,2.95882
299,-2.41044,-5.57133,2.98545
299,-2.16389,-5.71445,3.23057
299,-2.81071,-6.20325,3.63596
299,-2.87488,-6.26816,3.67058
299,-0.372547,-4.07643,0.175429
293,-0.372547,-4.07643,0.175429
299,-0.619755,-4.53863,0.0500943
293,-0.619755,-4.53863,0.0500943
299,-1.47472,-4.84049,0.907694
293,-1.47472,-4.84049,0.907694
299,-1.58585,-4.60606,0.683562
293,-1.58585,-4.60606,0.683562
299,-1.90446,-5.36043,0.906712
293,-1.90446,-5.36043,0.906712
299,-1.62332,-5.44673,0.598511
293,-1.62332,-5.44673,0.598511
299,-3.22744,-6.47436,0.589068
293,-3.22744,-6.47436,0.589068
299,-0.683924,-4.08507,0.373508
293,-0.683924,-4.08507,0.373508
299,-1.33339,-4.8385,-0.276366
291,-1.33339,-4.8385,-0.276366
299,-0.422268,-4.28899,0.426203
291,-0.422268,-4.28899,0.426203
299,-1.83166,-5.44912,0.963627
291,-1.83166,-5.44912,0.963627
299,-2.18708,-4.25423,1.74341
291,-2.18708,-4.25423,1.74341
299,-1.90882,-4.89177,1.86352
289,-1.90882,-4.89177,1.86352
299,-2.25667,-4.71623,0.744585
290,-2.25667,-4.71623,0.744585
299,-1.8989,-4.38098,0.766493
290,-1.8989,-4.38098,0.766493
299,-1.71399,-5.18713,0.918762
290,-1.71399,-5.18713,0.918762
299,1.98083,-4.34775,0.893937
67,1.98083,-4.34775,0.893937
299,2.43069,-4.31755,1.03963
67,2.43069,-4.31755,1.03963
299,2.58097,-4.88893,0.952891
67,2.58097,-4.88893,0.952891
299,2.53336,-4.63929,1.05534
67,2.53336,-4.63929,1.05534
299,-0.567523,-4.49995,0.0697582
294,-0.567523,-4.49995,0.0697582
299,-0.378841,-4.52683,0.104941
294,-0.378841,-4.52683,0.104941
299,-1.15908,-4.72048,-0.317387
296,-1.15908,-4.72048,-0.317387
300,2.20989,-2.99808,0.0271884
300,2.22633,-3.05172,-0.00132501
300,1.89404,-3.3152,-0.0673325
300,1.17938,-3.16046,0.135884
300,1.15678,-3.21524,0.0933015
300,1.19959,-3.22141,0.0203866
300,1.15313,-3.22656,0.0731367
300,1.14946,-3.22787,0.0760591
300,1.15271,-3.23034,0.0811672
300,1.90132,-3.4368,0.00279677
300,1.12392,-3.23376,0.106872
300,1.14944,-3.23736,0.0875986
300,1.12489,-3.23689,0.105542
300,1.88667,-3.45756,-0.00658214
300,1.18803,-3.25725,-0.00375545
300,1.8787,-3.47419,0.0248383
300,1.88753,-3.47683,0.0243014
300,1.87893,-3.47225,0.0157855
300,1.09811,-3.26262,0.106618
300,1.34152,-3.29416,-0.0617844
300,1.18593,-3.26168,-0.0173063
300,1.89296,-3.48197,-0.0115796
300,1.72506,-3.58572,0.488263
300,0.970344,-3.26754,0.130906
300,1.17663,-3.2895,-0.0348086
300,0.961344,-3.27122,0.125934
300,0.968606,-3.27471,0.127731
300,0.956845,-3.27573,0.122535
300,0.980013,-3.28569,0.123007
300,1.34287,-3.37694,-0.0842718
300,1.32587,-3.38737,-0.0608121
300,1.32019,-3.39077,-0.0508925
300,1.34195,-3.38973,-0.0847827
300,1.34196,-3.39245,-0.0774189
300,1.33319,-3.40535,-0.0671272
300,1.34744,-3.40717,-0.0828346
300,1.0935,-3.3758,-0.259851
300,0.721086,-3.38904,0.134144
300,0.713927,-3.38856,0.133909
300,0.835206,-3.39847,0.0180116
300,0.825739,-3.42048,0.090512
300,0.822988,-3.42761,0.0893575
300,0.836996,-3.41378,-0.0114425
300,0.821361,-3.43755,0.0693437
300,1.32414,-3.5568,-0.0868969
300,1.08081,-3.43802,-0.291013
300,1.4513,-3.67879,-0.0685374
300,1.42369,-3.68244,-0.0624936
300,1.40631,-3.69334,-0.068589
300,1.42113,-3.70362,-0.0752512
300,1.41874,-3.70411,-0.0756426
300,1.45994,-3.73482,-0.0306515
300,1.46693,-3.73791,-0.0275409
300,1.40394,-3.71793,-0.0828724
300,1.4024,-3.72651,-0.0868042
300,2.56157,-4.21555,0.418349
300,2.57793,-4.27716,0.399387
300,1.85016,-3.85645,-0.50704
300,2.38162,-4.42013,0.667268
300,0.535541,-3.66367,-0.269187
300,0.396003,-3.72001,0.0246592
300,2.70834,-4.52639,0.278055
300,0.347581,-3.77427,0.000818253
300,0.316642,-3.76431,-0.0187781
300,0.329685,-3.76994,-0.0128874
300,1.44227,-4.23777,0.477793
300,0.336022,-3.7913,-0.0134566
300,0.288857,-3.77356,-0.0387905
300,1.92776,-4.40295,0.399801
300,0.2898,-3.79613,-0.0321871
300,2.40515,-4.73502,1.09329
300,0.274624,-3.79922,-0.0468155
300,0.277635,-3.82276,-0.047646
300,0.263951,-3.82132,-0.0608882
300,1.96409,-4.46777,0.368833
300,1.94339,-4.46752,0.390398
300,2.54591,-4.79588,0.759072
300,2.5639,-4.82092,0.809535
300,2.55277,-4.78046,0.635781
300,0.223028,-3.83707,-0.459414
300,0.211919,-3.85561,-0.499398
300,2.00957,-4.61008,0.274917
300,1.99131,-4.62769,0.352742
300,0.17448,-3.98061,-0.0199058
300,2.32549,-4.70856,0.22413
300,2.36989,-4.74487,0.301191
300,1.98714,-4.64772,0.320953
300,0.206538,-3.89003,-0.523598
300,1.42764,-4.54468,0.477617
300,0.793193,-4.19034,-0.178628
300,0.180049,-3.93908,-0.542204
300,0.182625,-4.12766,-0.0447769
300,2.07805,-4.9388,0.724001
300,1.28049,-4.6752,0.37741
300,1.63849,-4.96908,0.938779
300,1.64815,-4.96177,0.893879
300,1.63911,-4.96501,0.911864
300,1.64983,-4.94162,0.810477
300,1.63677,-4.97977,0.887343
300,1.64296,-4.96669,0.774757
300,1.33982,-4.80874,0.521287
300,1.3784,-4.83032,0.541888
300,1.64223,-5.00593,0.885633
300,1.31002,-4.84695,0.614603
300,1.30995,-4.85438,0.557043
300,1.3137,-4.8823,0.606999
300,1.31367,-4.88699,0.572191
300,1.30317,-4.89313,0.605728
300,1.31377,-4.8871,0.555025
300,-0.618433,-4.28178,0.359563
300,1.35249,-4.93769,0.507566
300,1.32719,-4.95788,0.504653
300,1.39999,-5.00159,0.526535
300,2.21809,-5.2698,0.603703
300,-0.328688,-4.41445,0.148072
300,-0.500198,-4.42377,0.348824
300,-0.390835,-4.40077,0.137625
300,1.73823,-5.07133,0.233209
300,-0.39583,-4.41498,0.15911
300,1.70426,-5.05866,0.185325
300,-0.704564,-4.38204,0.330641
300,1.28928,-5.07429,0.573128
300,1.68278,-5.15207,0.304296
300,-0.351378,-4.48659,0.0730928
300,-2.55479,-4.32031,1.82816
300,1.23053,-5.12467,0.539501
300,0.583822,-4.69059,-0.371049
300,0.578222,-4.69299,-0.366904
300,-0.325409,-4.41097,-0.457501
300,-0.755471,-4.49942,0.325629
300,1.70358,-5.25279,0.293445
300,-0.366994,-4.40933,-0.565593
300,-0.809045,-4.51699,0.335267
300,-0.348974,-4.43839,-0.484725
300,1.21594,-5.1138,0.275681
300,1.69734,-5.26393,0.291259
300,-0.566647,-4.58247,0.232737
300,-0.309233,-4.47882,-0.47166
300,-0.346403,-4.51964,-0.310562
300,-0.407604,-4.47908,-0.40177
300,-0.858442,-4.51475,0.228972
300,-0.4111,-4.49712,-0.351481
300,-0.361082,-4.53176,-0.281478
300,-0.874078,-4.52107,0.211121
300,-0.32301,-4.51499,-0.437633
300,-0.419243,-4.50894,-0.352739
300,-0.42144,-4.50305,-0.39882
300,-0.422705,-4.51123,-0.373147
300,-0.43594,-4.53343,-0.2846
300,-0.850594,-4.61167,0.299742
300,1.4166,-5.33399,0.426277
300,-0.639885,-4.67881,0.278842
300,-0.813898,-4.44631,-0.43912
300,-0.815542,-4.45078,-0.431206
300,-0.813774,-4.46263,-0.3965
300,-0.799255,-4.51483,-0.258692
300,-0.876303,-4.64226,0.284847
300,1.77788,-5.41963,0.181076
300,-2.07416,-4.50887,1.11934
300,-2.06252,-4.51807,1.06419
300,-0.978179,-4.67438,0.271888
300,-2.1209,-4.55636,1.10112
300,-0.942982,-4.7017,0.282163
300,-2.12799,-4.56702,1.1168
300,-2.03507,-4.51625,0.715527
300,-2.17618,-4.60546,1.16523
300,-1.40682,-4.40823,-0.486273
300,-0.928015,-4.75738,0.271071
300,-2.10361,-4.54295,0.754356
300,-1.03803,-4.73884,0.239192
300,-0.297999,-4.99189,0.284019
300,-1.08594,-4.6183,-0.279206
300,-1.8459,-4.73613,0.991773
300,-0.674268,-4.80426,-0.18423
300,-0.260939,-5.06704,0.326926
300,-0.238936,-4.90169,-0.32251
300,-1.88622,-4.77503,0.946016
300,-0.374873,-4.98096,-0.172967
300,-1.9304,-4.8357,0.945675
300,-0.386654,-5.00054,-0.204397
300,-1.94986,-4.86442,1.03308
300,-1.947,-4.85684,0.970772
300,-1.9732,-4.87955,1.03312
300,-1.95743,-4.78672,0.649408
300,-1.47815,-5.06126,1.12814
300,-1.17089,-4.93535,0.28139
300,-1.86481,-4.85869,0.739383
300,-2.70488,-4.5254,0.303157
300,-2.22526,-5.19603,2.27238
300,-2.21217,-5.18883,2.20528
300,-2.20477,-4.74396,0.477409
300,-1.91902,-4.8828,0.576526
300,-1.9018,-4.91464,0.606116
300,-1.78431,-5.0865,1.10448
300,-1.74981,-5.07674,1.01316
300,-1.77461,-5.09358,1.09298
300,-2.20272,-4.54511,-0.483643
300,-1.56018,-5.10096,0.867571
300,-2.18703,-5.21434,1.97448
300,-1.35172,-5.10888,0.605062
300,-2.14249,-5.13165,1.58342
300,-2.234,-5.24408,2.052
300,-1.70431,-5.11404,0.862442
300,-2.24993,-4.60714,-0.431321
300,-2.22247,-5.25576,1.95542
300,-1.82833,-5.04536,0.70122
300,-1.78283,-5.10706,0.873919
300,-2.20962,-5.25245,1.89995
300,-2.21311,-5.25698,1.86969
300,-2.17369,-5.17914,1.495
300,-2.22944,-5.28326,1.94307
300,-1.66703,-5.21551,1.04728
300,-2.21124,-5.25393,1.79829
300,-1.93424,-5.04542,0.691989
300,-1.88161,-5.16309,1.05869
300,-1.93774,-5.02431,0.590798
300,-1.30558,-5.12693,0.240337
300,-1.85962,-5.05929,0.597342
300,-3.12619,-4.58886,0.221997
300,-1.90806,-5.066,0.609798
300,-1.70154,-5.25048,1.05059
300,-1.87368,-5.19803,1.04833
300,-1.70207,-5.25533,1.06825
300,-1.64408,-5.29884,1.15389
300,-1.8924,-5.21281,1.10801
300,-1.84227,-5.10972,0.648529
300,-1.84527,-5.12035,0.677698
300,-1.7373,-5.21151,0.890612
300,-1.49006,-5.23915,0.668719
300,-1.78575,-5.21428,0.909148
300,-1.46522,-5.2313,0.605586
300,-1.66026,-5.3147,1.12849
300,-1.77655,-5.22776,0.921704
300,-1.68516,-5.27079,0.976272
300,-1.7059,-5.27188,0.995766
300,-1.47103,-5.23661,0.592188
300,-1.77578,-5.22978,0.910655
300,-1.69111,-5.29743,1.06592
300,-1.65433,-5.26392,0.885855
300,-1.84305,-5.19756,0.830328
300,-1.80473,-5.22781,0.863238
300,-1.97743,-5.10869,0.592057
300,-1.56202,-5.2766,0.69901
300,-1.79959,-5.20558,0.697071
300,-1.71332,-5.29756,0.939982
300,-1.60328,-5.26992,0.638927
300,-1.75214,-5.21667,0.601998
300,-1.96896,-5.15258,0.551925
300,-1.70365,-5.2659,0.672401
300,-1.83979,-5.32147,1.03176
300,-1.7223,-5.25588,0.62738
300,-1.75681,-5.26032,0.658608
300,-1.99192,-5.17117,0.544223
300,-2.27845,-5.2752,1.23733
300,-1.80428,-5.34203,0.860834
300,-3.15139,-4.83938,0.233815
300,-3.12712,-4.85356,0.216193
300,-3.28573,-4.82256,0.2364
300,-3.43055,-4.95102,0.191423
300,2.17772,-9.05662,-0.864055
300,-1.8868,-5.09214,0.661421
297,-1.8868,-5.09214,0.661421
300,-1.57951,-5.18701,0.580476
297,-1.57951,-5.18701,0.580476
300,-1.23276,-5.02074,0.261038
297,-1.23276,-5.02074,0.261038
300,-2.21841,-4.05574,1.69017
297,-2.21841,-4.05574,1.69017
300,1.91277,-3.57242,-0.0729095
297,1.91277,-3.57242,-0.0729095
300,-2.94269,-4.67503,0.233318
297,-2.94269,-4.67503,0.233318
300,-1.53863,-4.64157,-0.313506
297,-1.53863,-4.64157,-0.313506
300,1.91827,-3.59437,-0.0853193
297,1.91827,-3.59437,-0.0853193
300,-1.92273,-4.44545,1.05833
299,-1.92273,-4.44545,1.05833
300,1.63929,-4.92592,0.803421
299,1.63929,-4.92592,0.803421
300,1.18123,-5.09065,1.38368
299,1.18123,-5.09065,1.38368
300,1.18123,-5.09065,1.38368
299,1.18123,-5.09065,1.38368
300,2.59274,-4.80673,1.06444
299,2.59274,-4.80673,1.06444
300,-2.21954,-5.27715,1.38015
299,-2.21954,-5.27715,1.38015
300,-2.56546,-4.33128,1.78446
298,-2.56546,-4.33128,1.78446
300,1.33346,-3.33649,-0.0852147
293,1.33346,-3.33649,-0.0852147
300,0.770772,-4.31002,-0.203271
293,0.770772,-4.31002,-0.203271
300,-0.283536,-4.18176,0.473209
293,-0.283536,-4.18176,0.473209
300,-1.16214,-3.95921,0.784749
293,-1.16214,-3.95921,0.784749
300,0.833034,-3.99909,-0.0956093
293,0.833034,-3.99909,-0.0956093
300,-0.451008,-5.51819,0.277278
293,-0.451008,-5.51819,0.277278
300,0.208845,-4.03852,-0.00717442
293,0.208845,-4.03852,-0.00717442
300,-2.3985,-3.91322,0.313475
293,-2.3985,-3.91322,0.313475
300,-2.09497,-5.47177,1.04874
291,-2.09497,-5.47177,1.04874
300,-3.93776,-8.56615,0.422655
291,-3.93776,-8.56615,0.422655
300,-2.09923,-3.7278,0.377728
291,-2.09923,-3.7278,0.377728
300,-0.86198,-4.55816,0.311537
294,-0.86198,-4.55816,0.311537
300,-0.501564,-5.22306,-0.0316788
294,-0.501564,-5.22306,-0.0316788
300,1.88159,-3.44803,-0.00494826
294,1.88159,-3.44803,-0.00494826
300,-0.146398,-4.65972,-0.180582
294,-0.146398,-4.65972,-0.180582
300,1.3478,-3.3147,-0.028133
294,1.3478,-3.3147,-0.028133
300,-2.90801,-4.31372,0.219669
294,-2.90801,-4.31372,0.219669
300,-0.218866,-4.9882,-0.233464
294,-0.218866,-4.9882,-0.233464
300,0.998459,-3.42281,-0.261845
296,0.998459,-3.42281,-0.261845
300,1.19933,-5.32028,0.605218
67,1.19933,-5.32028,0.605218
300,0.844727,-3.79591,-0.0401935
67,0.844727,-3.79591,-0.0401935
300,1.89504,-3.2994,-0.0449062
67,1.89504,-3.2994,-0.0449062
300,-2.04575,-4.96876,2.11851
289,-2.04575,-4.96876,2.11851
300,-2.08797,-3.66142,0.414145
290,-2.08797,-3.66142,0.414145
300,-2.04168,-3.62748,0.42943
290,-2.04168,-3.62748,0.42943
301,1.2896,-1.36675,0.259428
301,1.28546,-1.37456,0.267385
301,1.28512,-1.36514,0.25376
301,1.27907,-1.39159,0.255852
301,1.2606,-1.4002,0.255341
301,1.25008,-1.41178,0.258266
301,1.24294,-1.41673,0.245704
301,1.24365,-1.42045,0.243238
301,1.24149,-1.42188,0.239043
301,1.29376,-1.38609,0.0923165
301,0.778908,-1.51549,0.502753
301,0.442541,-1.92619,0.21523
301,2.3253,-2.68814,0.207411
301,2.33885,-2.2238,-0.501046
301,2.35332,-2.24529,-0.517474
301,2.36206,-2.25544,-0.538548
301,2.16364,-2.71221,0.16914
301,2.36255,-2.78741,0.173451
301,2.15799,-2.72474,0.161994
301,1.62966,-2.05631,-0.558487
301,1.63634,-2.04445,-0.593854
301,1.63109,-2.06525,-0.563317
301,2.35475,-2.38126,-0.481751
301,1.63762,-2.05459,-0.603113
301,1.63342,-2.08487,-0.592499
301,2.44722,-2.33634,-0.661854
301,1.64373,-2.07905,-0.629682
301,1.64602,-2.0812,-0.629802
301,2.18512,-2.79492,0.119729
301,1.62662,-2.09969,-0.602261
301,1.65353,-2.11361,-0.599774
301,1.64696,-2.0925,-0.629711
301,1.65359,-2.09665,-0.627223
301,1.6513,-2.10871,-0.609028
301,1.65191,-2.11574,-0.600678
301,1.66356,-2.10653,-0.628362
301,1.65287,-2.12209,-0.601003
301,1.66407,-2.10734,-0.636626
301,2.45877,-2.35446,-0.691906
301,1.66934,-2.12775,-0.664378
301,1.66642,-2.13343,-0.674728
301,2.37618,-2.54645,-0.460601
301,2.3924,-2.58015,-0.483937
301,2.39153,-2.9475,0.04108
301,1.51509,-2.21305,-0.602092
301,1.53023,-2.24798,-0.597635
301,1.51656,-2.24602,-0.59916
301,1.51047,-2.24083,-0.628458
301,1.50539,-2.25304,-0.609267
301,1.52215,-2.27013,-0.594971
301,1.51907,-2.26962,-0.598074
301,1.51877,-2.27384,-0.605025
301,1.5202,-2.27851,-0.599141
301,1.53465,-2.2637,-0.627911
301,1.52254,-2.27286,-0.628722
301,1.53346,-2.28325,-0.659894
301,1.53092,-2.29053,-0.667726
301,2.44522,-3.09582,0.0213794
301,2.52313,-2.60097,-0.743078
301,2.44746,-3.10518,0.00910556
301,2.30246,-2.96834,-0.185171
301,2.43624,-3.15245,0.00310111
301,2.3124,-2.97639,-0.189144
301,2.42137,-3.16444,0.0144572
301,2.41446,-3.16748,0.0179707
301,2.42872,-3.1706,0.00494862
301,1.37899,-2.39782,-0.619743
301,2.26155,-3.09921,-0.0531985
301,1.37082,-2.41286,-0.603649
301,1.37757,-2.4135,-0.607103
301,1.38086,-2.39649,-0.636424
301,1.36923,-2.42148,-0.598389
301,1.37827,-2.41026,-0.621172
301,1.37582,-2.41459,-0.615021
301,1.36298,-2.42724,-0.591265
301,2.32523,-3.03575,-0.213977
301,2.25074,-3.14043,-0.0868131
301,2.5057,-2.89475,-0.61916
301,2.51718,-2.90493,-0.626146
301,2.4959,-3.34821,0.0209073
301,2.50145,-3.35391,0.0166514
301,2.3432,-3.112,-0.264392
301,2.46682,-3.37197,0.0267761
301,1.2659,-2.54949,-0.574337
301,1.29068,-2.5631,-0.596516
301,2.47871,-3.41062,0.0114098
301,1.26891,-2.56572,-0.5976
301,2.48392,-3.41633,0.0136522
301,1.29038,-2.58395,-0.598209
301,1.28261,-2.56238,-0.627234
301,1.29093,-2.58796,-0.595902
301,1.29351,-2.58178,-0.613387
301,1.28883,-2.59184,-0.598137
301,1.28529,-2.56881,-0.630972
301,1.28342,-2.57016,-0.630496
301,1.30034,-2.58157,-0.624735
301,1.2822,-2.57646,-0.623771
301,1.29887,-2.58088,-0.62871
301,1.29836,-2.58348,-0.634875
301,2.46052,-3.45572,-0.00563824
301,2.11485,-3.1606,-0.297775
301,2.17312,-3.182,-0.306651
301,2.46767,-3.48411,-0.0205091
301,2.47777,-3.48795,-0.023689
301,2.14956,-3.16555,-0.331368
301,1.86963,-3.26541,-0.0499748
301,1.87676,-3.27911,-0.0352217
301,2.17645,-3.1894,-0.320181
301,1.87539,-3.28281,-0.0430614
301,2.18062,-3.18871,-0.342498
301,1.8686,-3.3008,-0.0372467
301,2.17955,-3.21891,-0.336603
301,1.89121,-3.32851,-0.0468659
301,1.89043,-3.36025,-0.0582339
301,1.90101,-3.42842,0.0174123
301,1.90126,-3.4417,0.0185323
301,1.90277,-3.45206,0.0104103
301,2.60056,-3.13721,-0.800843
301,1.98974,-3.29385,-0.347777
301,1.32434,-3.3181,-0.0199131
301,1.32546,-3.32594,-0.0256436
301,1.31178,-3.33458,-0.012427
301,1.18236,-3.29989,-0.023886
301,1.31378,-3.34749,-0.0219847
301,1.17505,-3.30622,-0.0272371
301,2.13129,-3.45652,-0.29492
301,1.26981,-3.2302,-0.200051
301,2.53273,-4.10588,0.42218
301,2.55765,-4.12955,0.416897
301,0.873696,-3.33017,0.0842682
301,1.99603,-3.38176,-0.409386
301,1.34032,-3.40047,-0.0600203
301,1.33883,-3.40324,-0.0574709
301,1.33764,-3.41683,-0.0474975
301,1.86603,-3.4671,-0.247864
301,1.23265,-3.2759,-0.219444
301,1.33721,-3.41635,-0.071687
301,1.87216,-3.47474,-0.293833
301,1.3533,-3.44749,-0.0805016
301,1.72752,-3.33481,-0.479452
301,1.34142,-3.48085,-0.0799334
301,1.50482,-3.94917,0.50976
301,1.86243,-3.50256,-0.327219
301,1.7487,-3.27823,-0.600816
301,1.14258,-3.20207,-0.410424
301,1.99387,-3.55683,-0.332387
301,2.00348,-3.47355,-0.475357
301,1.76364,-3.37484,-0.518529
301,1.21078,-3.35998,-0.266224
301,1.72174,-3.38898,-0.49021
301,1.51624,-3.9794,0.461405
301,1.75354,-3.43929,-0.465726
301,1.18037,-3.38414,-0.267101
301,1.73176,-3.32868,-0.62725
301,1.73785,-3.42656,-0.490357
301,1.76949,-3.39886,-0.546451
301,1.77198,-3.39967,-0.546665
301,1.57588,-3.31113,-0.575974
301,1.12164,-3.38172,-0.248918
301,1.76947,-3.43337,-0.531226
301,1.73644,-3.3673,-0.638494
301,1.63913,-3.59866,-0.258516
301,1.54069,-3.40259,-0.510889
301,1.53789,-3.41299,-0.520897
301,1.53471,-3.43669,-0.504525
301,1.54228,-3.43189,-0.525283
301,1.53865,-3.46237,-0.51041
301,1.56967,-3.3994,-0.618297
301,1.52953,-3.49604,-0.465553
301,1.72468,-3.60115,-0.417412
301,1.73883,-3.59944,-0.428983
301,1.13413,-3.45309,-0.337967
301,1.0692,-3.47181,-0.285059
301,1.73293,-3.61067,-0.437435
301,1.43151,-3.76388,-0.0652385
301,1.06938,-3.46855,-0.327529
301,0.750391,-3.45027,-0.194103
301,1.05248,-3.46802,-0.356542
301,1.75512,-3.64818,-0.472137
301,1.80662,-3.61108,-0.551812
301,1.09615,-3.49821,-0.37823
301,1.60413,-3.68101,-0.374115
301,0.574849,-3.53647,-0.0660994
301,1.07858,-3.50233,-0.372671
301,1.3495,-3.44447,-0.608904
301,1.54707,-3.70466,-0.333772
301,0.731162,-3.47602,-0.253509
301,1.35268,-3.44416,-0.619915
301,1.60559,-3.69693,-0.387009
301,2.02182,-4.36099,0.350851
301,1.75361,-3.70193,-0.470802
301,1.5017,-3.70407,-0.360477
301,1.08901,-3.43001,-0.551482
301,1.50227,-3.70328,-0.367846
301,1.97522,-4.39899,0.390347
301,1.54265,-4.26788,0.397365
301,1.0779,-3.45631,-0.549077
301,1.50463,-3.72101,-0.384654
301,0.688588,-3.54729,-0.23727
301,1.96534,-4.45765,0.416014
301,1.65188,-3.75005,-0.481081
301,0.517323,-3.80588,0.137993
301,0.95389,-3.60049,-0.378572
301,0.793573,-3.59296,-0.362414
301,2.02583,-4.49438,0.315605
301,0.859003,-3.62563,-0.351771
301,0.664291,-3.61016,-0.300804
301,1.74649,-3.84894,-0.503605
301,1.38712,-4.357,0.403692
301,1.63861,-3.87381,-0.422985
301,1.75249,-3.90976,-0.44494
301,0.535808,-3.86609,0.0792091
301,1.7931,-3.87392,-0.554048
301,0.814971,-3.53129,-0.572558
301,1.72382,-3.90136,-0.500564
301,2.01481,-4.56311,0.306032
301,1.73938,-3.90235,-0.516431
301,1.73259,-3.94232,-0.463256
301,1.7631,-3.9399,-0.484257
301,1.82719,-3.93587,-0.551664
301,1.79428,-3.91708,-0.569821
301,1.78571,-3.92441,-0.557719
301,1.76116,-3.95937,-0.496214
301,1.73408,-3.96662,-0.483901
301,1.78606,-3.93723,-0.562994
301,1.82353,-3.97797,-0.524017
301,1.73416,-3.9767,-0.48741
301,0.500889,-3.94144,0.0708728
301,1.64057,-3.98494,-0.487318
301,1.80411,-4.01298,-0.544199
301,0.560657,-3.60052,-0.514127
301,0.481055,-3.71255,-0.314295
301,1.72261,-3.98853,-0.545277
301,0.4552,-3.72291,-0.296128
301,0.551978,-3.62798,-0.509284
301,0.203045,-3.85731,-0.124197
301,1.35126,-4.70675,0.507981
301,0.876322,-4.13635,-0.10964
301,0.183394,-3.88826,-0.123638
301,0.869785,-4.16755,-0.088856
301,0.891519,-4.1775,-0.0916138
301,0.893623,-4.16566,-0.119693
301,0.314991,-3.71491,-0.492789
301,1.34208,-4.78239,0.518314
301,1.66847,-4.12821,-0.591996
301,0.201839,-4.34295,0.449152
301,1.23466,-4.63781,0.352142
301,0.200567,-4.36166,0.469214
301,0.199188,-4.35219,0.456251
301,0.204269,-4.36748,0.46209
301,0.186196,-4.38297,0.487538
301,1.23336,-4.67378,0.347277
301,0.174298,-4.41684,0.496203
301,0.15053,-3.96719,-0.167388
301,2.38124,-5.00873,0.205068
301,0.204288,-4.10429,-0.010868
301,1.02911,-3.97074,-0.618982
301,0.238554,-3.81287,-0.45927
301,0.876101,-4.2675,-0.133897
301,1.3071,-4.9199,0.577129
301,0.197963,-4.11914,-0.0337092
301,0.223218,-3.83004,-0.47827
301,0.240871,-3.81148,-0.514367
301,0.181322,-4.13704,-0.0225682
301,1.27159,-4.98549,0.58672
301,2.48033,-5.15326,0.200567
301,-0.334837,-4.38591,0.464702
301,1.24777,-5.03273,0.580953
301,1.24345,-5.01333,0.520359
301,0.156725,-3.92374,-0.513556
301,1.24701,-5.0518,0.56022
301,0.162635,-3.92351,-0.537125
301,1.24351,-5.02344,0.50046
301,0.132443,-3.97324,-0.545435
301,-2.25654,-3.78384,0.377848
301,-0.477924,-4.46385,0.460603
301,1.7005,-5.06481,0.22614
301,-0.396164,-4.50165,0.449563
301,-2.27581,-3.78503,0.348801
301,1.24362,-5.04866,0.320275
301,1.61266,-5.13179,0.190377
301,-0.472504,-4.61487,0.425539
301,-0.416189,-4.40742,0.088195
301,1.40447,-5.34023,0.451593
301,-0.353365,-4.4982,0.118048
301,-0.910303,-4.43652,0.290559
301,-0.386622,-4.45788,0.0559797
301,1.76093,-5.34518,0.252622
301,-0.871507,-4.4563,0.287967
301,-0.435315,-4.457,0.0677007
301,-0.388098,-4.67304,0.351221
301,-0.384651,-4.46925,0.0527288
301,-0.352501,-4.48742,0.0513241
301,-0.361516,-4.49388,0.0644102
301,1.22859,-5.20775,0.28582
301,1.66883,-5.27321,0.141871
301,-0.404283,-4.69044,0.339937
301,-0.36727,-4.6921,0.321649
301,-0.337335,-4.52716,0.0589981
301,-0.917934,-4.48743,0.288978
301,1.72623,-5.34612,0.189618
301,-0.465113,-4.66833,0.291716
301,1.16312,-5.21676,0.250931
301,-0.484101,-4.63829,0.226578
301,-0.862829,-4.57154,0.307562
301,1.78156,-5.44483,0.22428
301,-0.0198792,-4.57722,-0.130288
301,-0.31893,-4.62219,0.0772867
301,-0.490992,-4.66572,0.226101
301,-2.02935,-4.51484,0.78035
301,-0.373354,-4.61275,0.0846123
301,-0.889244,-4.54469,0.226515
301,-0.496567,-4.7273,0.268126
301,1.66938,-5.399,0.120641
301,-2.06281,-4.53723,0.754527
301,-0.921394,-4.62456,0.287047
301,-0.387496,-4.40067,-0.308356
301,1.73672,-5.48486,0.164721
301,1.66304,-5.43206,0.123874
301,-2.13154,-4.56815,0.776613
301,-0.585222,-4.77757,0.286237
301,1.69921,-5.58708,0.249636
301,-0.224979,-4.98031,0.335922
301,-0.32141,-4.37982,-0.509547
301,-1.04302,-4.68214,0.287143
301,-0.666334,-4.79863,0.263407
301,-0.443933,-4.47075,-0.325877
301,-0.344782,-4.49362,-0.355046
301,-0.334186,-4.49338,-0.366347
301,-1.04176,-4.74045,0.342155
301,-0.922362,-4.73929,0.277283
301,-0.338704,-4.38036,-0.541093
301,-0.84001,-4.56326,-0.0391827
301,1.7603,-5.59816,0.140806
301,-1.04652,-4.75364,0.334958
301,-0.241112,-5.03659,0.33562
301,1.13825,-5.44022,0.210959
301,-1.00636,-4.74853,0.275531
301,-0.364628,-4.5917,-0.276513
301,-0.77388,-4.42189,-0.351244
301,-0.371335,-4.42984,-0.54596
301,-0.737258,-4.88574,0.285385
301,-0.350489,-4.57914,-0.353546
301,-0.701192,-4.86965,0.24137
301,-0.646315,-4.91452,0.254003
301,-0.409051,-5.03935,0.301901
301,-0.318869,-5.04105,0.240815
301,1.10516,-5.49838,0.177407
301,-1.10466,-4.83781,0.313871
301,-2.11471,-4.66827,0.574123
301,-2.13077,-4.66655,0.535842
301,-0.361295,-5.13196,0.274036
301,-0.360818,-5.15423,0.283564
301,-0.835163,-4.47605,-0.464559
301,-0.842538,-4.50231,-0.43381
301,-0.79165,-4.45984,-0.535207
301,-1.02218,-4.73152,-0.033208
301,-0.322404,-5.22838,0.32558
301,-0.327793,-5.22853,0.322956
301,-0.865815,-4.58688,-0.332829
301,-0.857094,-4.59084,-0.333934
301,-0.869782,-4.58717,-0.339239
301,-0.779835,-4.97024,0.167289
301,-0.79569,-4.47125,-0.544468
301,-1.94806,-4.85501,0.565794
301,-2.2108,-4.74786,0.536262
301,-1.17279,-4.94073,0.284478
301,-0.865516,-4.60834,-0.364361
301,-1.4319,-4.55468,-0.192451
301,-0.857302,-4.60351,-0.411923
301,-1.4425,-4.52869,-0.228141
301,-0.389651,-4.8086,-0.357019
301,-0.804752,-5.08863,0.252806
301,-1.43313,-4.54421,-0.218379
301,-2.22349,-4.76784,0.500952
301,-1.43123,-4.5441,-0.226484
301,-0.418621,-5.26753,0.280895
301,-1.19999,-4.98774,0.25974
301,-1.0923,-4.6775,-0.252923
301,-0.475426,-4.63219,-0.632995
301,-2.26087,-4.80356,0.508154
301,-0.515581,-5.03971,-0.0380474
301,-0.84099,-5.05352,0.133723
301,-0.541986,-5.03484,-0.0489759
301,-1.11838,-4.68479,-0.271103
301,-0.509193,-5.06234,-0.0369735
301,-0.861008,-5.12499,0.228143
301,-0.798964,-5.00678,0.0180715
301,-0.846141,-4.59415,-0.560117
301,-0.298224,-5.00984,-0.243559
301,-1.44386,-4.4496,-0.487007
301,-0.242468,-5.04047,-0.256959
301,-0.238209,-5.0548,-0.24894
301,-0.319024,-5.03473,-0.239609
301,-1.09693,-4.76298,-0.245634
301,-0.251204,-5.05285,-0.256071
301,-0.249652,-5.05435,-0.25651
301,-0.937333,-4.59081,-0.602747
301,-0.314245,-5.03776,-0.29022
301,-1.48343,-4.47849,-0.518739
301,-1.67792,-5.21114,0.62043
301,-2.95558,-4.49601,0.221709
301,-1.49255,-4.49433,-0.525663
301,-1.60889,-5.24706,0.577189
301,-1.55152,-4.5206,-0.520318
301,-0.576265,-5.40224,0.244185
301,-2.96146,-4.54855,0.208765
301,-1.62415,-5.30418,0.596655
301,-3.04754,-4.55844,0.214839
301,-0.454517,-5.51026,0.280448
301,-1.72253,-5.30017,0.613708
301,-2.96727,-4.60643,0.238455
301,-2.9087,-4.68722,0.24871
301,-0.381177,-5.17687,-0.337352
301,-1.80107,-5.36974,0.634021
301,-2.93019,-4.71184,0.248911
301,-3.0593,-4.6828,0.220248
301,-0.508551,-5.63765,0.258981
301,-2.89561,-4.81772,0.263216
301,-2.15767,-4.52792,-0.55384
301,-2.21179,-4.52984,-0.529589
301,-2.21466,-4.53846,-0.541083
301,-3.23292,-4.80908,0.296439
301,-3.10002,-4.85181,0.22559
301,-2.54294,-4.82528,-0.242287
301,-3.2498,-4.971,0.234145
301,-3.30727,-5.01847,0.204152
301,-3.47709,-5.03281,0.168102
301,3.74506,-9.30379,-4.01721
301,0.394348,-5.30167,0.299719
297,0.394348,-5.30167,0.299719
301,-2.48492,-4.29815,0.355871
297,-2.48492,-4.29815,0.355871
301,-1.87752,-4.93295,0.672325
297,-1.87752,-4.93295,0.672325
301,0.3632,-3.64895,0.0399759
297,0.3632,-3.64895,0.0399759
301,0.0772666,-4.34126,-0.124568
294,0.0772666,-4.34126,-0.124568
301,-0.0563625,-4.65374,-0.232807
294,-0.0563625,-4.65374,-0.232807
301,1.75053,-3.47878,-0.654699
294,1.75053,-3.47878,-0.654699
301,0.898103,-3.52387,-0.238838
294,0.898103,-3.52387,-0.238838
301,0.712763,-3.56601,-0.242211
294,0.712763,-3.56601,-0.242211
301,1.27317,-1.40142,0.234106
294,1.27317,-1.40142,0.234106
301,0.494978,-1.6671,0.309613
294,0.494978,-1.6671,0.309613
301,1.51405,-3.75435,-0.0555156
294,1.51405,-3.75435,-0.0555156
301,-0.329427,-4.41573,0.142074
300,-0.329427,-4.41573,0.142074
301,-2.94235,-4.56646,0.22488
300,-2.94235,-4.56646,0.22488
301,-0.4973,-4.56396,0.203579
300,-0.4973,-4.56396,0.203579
301,2.12011,-3.16477,-0.0575554
300,2.12011,-3.16477,-0.0575554
301,-0.369528,-5.17326,-0.335858
300,-0.369528,-5.17326,-0.335858
301,1.01595,-3.718,-0.425554
293,1.01595,-3.718,-0.425554
301,1.51054,-3.70968,-0.288578
296,1.51054,-3.70968,-0.288578
301,1.38131,-3.16154,-0.41146
296,1.38131,-3.16154,-0.41146
301,-0.481357,-4.0482,-0.0768692
299,-0.481357,-4.0482,-0.0768692
301,-0.413459,-4.43835,0.0646828
298,-0.413459,-4.43835,0.0646828
301,1.95192,-3.19826,-0.173754
67,1.95192,-3.19826,-0.173754
301,2.41855,-2.50685,-0.610169
67,2.41855,-2.50685,-0.610169
302,1.50321,-0.852824,0.9728
302,1.33606,-0.899466,0.790772
302,1.27787,-0.925565,0.738954
302,1.57268,-1.02706,0.714687
302,1.39569,-1.08801,0.653348
302,0.962401,-1.10678,0.588727
302,0.901752,-1.00839,0.453671
302,0.991788,-0.885221,0.266912
302,0.987928,-0.889243,0.267044
302,0.849588,-0.921276,0.32132
302,1.01499,-0.979801,0.310066
302,0.971195,-0.934734,0.272498
302,1.03308,-0.962146,0.262275
302,1.06186,-1.00341,0.269584
302,1.06246,-1.00499,0.269338
302,1.07199,-1.01553,0.272301
302,1.0612,-1.01229,0.272235
302,1.07183,-1.01676,0.271223
302,1.06427,-1.01594,0.272536
302,1.0583,-1.01314,0.270398
302,1.07005,-1.02148,0.273835
302,1.07887,-1.02527,0.272733
302,1.02895,-1.02863,0.289602
302,0.860543,-1.01424,0.337987
302,1.06487,-1.02413,0.271416
302,1.02288,-1.03397,0.283486
302,1.0863,-1.0695,0.281475
302,1.09146,-1.07089,0.279781
302,1.09207,-1.07033,0.277505
302,1.08851,-1.07199,0.278464
302,1.03869,-0.964144,0.179246
302,1.10992,-1.08799,0.270154
302,0.918871,-1.09395,0.344886
302,0.973181,-1.06284,0.283179
302,1.01766,-1.0906,0.291524
302,0.768573,-1.06018,0.340676
302,1.10432,-1.12149,0.273712
302,1.09922,-1.12423,0.268472
302,1.13379,-1.14699,0.272182
302,1.09816,-1.12885,0.264287
302,1.07943,-1.1963,0.323831
302,0.886647,-1.18567,0.376674
302,0.997098,-1.11751,0.259875
302,1.10549,-1.20131,0.304777
302,1.14144,-1.18797,0.276949
302,1.13815,-1.18791,0.275265
302,1.17766,-1.20484,0.275486
302,1.13644,-1.18865,0.274098
302,1.14079,-1.18895,0.272528
302,1.11168,-1.19944,0.293537
302,1.0939,-0.998723,0.089654
302,1.10572,-1.17095,0.25663
302,1.10497,-1.01227,0.0904362
302,1.19861,-1.2434,0.283907
302,1.11492,-1.2031,0.273648
302,1.19959,-1.2118,0.244481
302,1.01612,-1.16138,0.256265
302,1.05616,-1.22388,0.30401
302,1.12894,-1.10269,0.142854
302,1.20043,-1.27121,0.286429
302,1.0506,-1.221,0.289857
302,0.935535,-1.14773,0.256051
302,1.20909,-1.28106,0.271432
302,1.12578,-1.03295,0.048383
302,1.20155,-1.28371,0.276902
302,1.21084,-1.2815,0.26988
302,1.14844,-1.08098,0.0840276
302,0.837396,-1.21396,0.330769
302,1.13305,-1.02697,0.0272285
302,1.15757,-1.09456,0.0872045
302,1.1579,-1.09322,0.0855662
302,1.17314,-1.13074,0.11691
302,1.16982,-1.1284,0.113077
302,1.14521,-1.0886,0.08148
302,1.16001,-1.10345,0.0892737
302,0.919202,-1.22191,0.300397
302,1.15626,-1.10544,0.0902379
302,0.985649,-1.26551,0.309738
302,0.735831,-1.16597,0.301252
302,1.16471,-1.34132,0.316587
302,1.03614,-1.26533,0.284426
302,1.16905,-1.10402,0.0665622
302,1.16295,-1.34277,0.31297
302,1.03507,-1.26778,0.283658
302,1.17126,-1.1047,0.064676
302,1.10452,-1.30125,0.289002
302,1.10331,-1.30097,0.286482
302,0.960311,-1.26702,0.304641
302,1.06031,-1.27404,0.273095
302,0.932995,-1.28119,0.318078
302,1.22786,-1.20252,0.101216
302,0.802265,-1.23843,0.295393
302,1.17319,-1.09017,0.00406659
302,1.22231,-1.20316,0.0995907
302,1.22459,-1.20593,0.10157
302,1.2328,-1.23487,0.124939
302,1.27931,-1.36897,0.244265
302,0.919173,-1.29044,0.298557
302,1.19306,-1.12987,0.0306411
302,1.22738,-1.20553,0.0947592
302,1.21551,-1.19312,0.0858986
302,1.25253,-1.39488,0.276692
302,1.22242,-1.20477,0.0928789
302,1.22063,-1.20416,0.09044
302,1.23445,-1.23469,0.114982
302,1.19247,-1.1296,0.0210762
302,1.19025,-1.13425,0.0229561
302,1.22774,-1.23324,0.109192
302,1.23272,-1.23374,0.107707
302,1.21876,-1.20876,0.0853156
302,0.729234,-1.24687,0.306555
302,0.794993,-1.25488,0.286322
302,1.21604,-1.17552,0.0440582
302,1.20302,-1.15894,0.0299864
302,1.06773,-1.37832,0.297645
302,1.23013,-1.19111,0.044242
302,1.10933,-1.38171,0.280733
302,1.05152,-1.42985,0.350526
302,0.740224,-1.2901,0.323336
302,1.22394,-1.19531,0.0436878
302,1.28263,-1.35934,0.187599
302,1.28506,-1.35973,0.1854
302,1.00332,-1.37279,0.303818
302,1.28352,-1.36108,0.186702
302,1.28858,-1.36305,0.184119
302,1.28601,-1.36321,0.1815
302,1.28284,-1.36348,0.182631
302,1.2121,-1.42196,0.267509
302,1.03927,-1.44436,0.337768
302,1.24565,-1.18544,-0.0108951
302,1.24404,-1.19208,-0.00460589
302,1.20793,-1.43118,0.25253
302,1.24496,-1.19344,-0.00651467
302,1.24408,-1.19365,-0.0100991
302,0.881219,-1.37204,0.303489
302,1.24697,-1.19429,-0.0168387
302,1.24268,-1.19525,-0.0157037
302,1.24134,-1.19661,-0.0156795
302,0.8801,-1.3754,0.30042
302,0.938338,-1.383,0.285438
302,0.956786,-1.40687,0.301425
302,1.14953,-1.45188,0.265358
302,0.816681,-1.35796,0.289979
302,0.813031,-1.35597,0.28595
302,0.941508,-1.40951,0.291541
302,1.14986,-1.45192,0.256772
302,0.943784,-1.41099,0.290766
302,0.651357,-1.33477,0.317874
302,0.866112,-1.39488,0.293603
302,0.634582,-1.33531,0.307501
302,0.86241,-1.39727,0.285311
302,0.802905,-1.36519,0.273557
302,0.958933,-1.44263,0.293236
302,0.862752,-1.4025,0.284252
302,0.637044,-1.3432,0.30663
302,0.956406,-1.44313,0.289193
302,1.30294,-1.36132,0.0715449
302,0.865902,-1.39961,0.263834
302,1.3076,-1.364,0.0613673
302,1.26153,-1.18131,-0.112055
302,0.583059,-1.31816,0.281285
302,0.572904,-1.3185,0.27826
302,1.26396,-1.1848,-0.126354
302,1.26136,-1.18793,-0.126676
302,1.259,-1.18719,-0.12821
302,1.30419,-1.36802,0.0358958
302,0.809712,-1.44593,0.289577
302,0.694775,-1.41859,0.304442
302,1.05229,-1.51658,0.27046
302,1.05485,-1.51794,0.269899
302,0.693589,-1.41987,0.304241
302,1.04945,-1.51813,0.269369
302,0.780791,-1.44683,0.271172
302,0.423251,-1.35843,0.30037
302,0.793263,-1.47762,0.282409
302,0.769262,-1.45873,0.252896
302,0.83109,-1.51314,0.279636
302,0.764355,-1.4676,0.254227
302,1.27834,-1.17747,-0.239375
302,1.31391,-1.37112,-0.0625021
302,0.717985,-1.48331,0.26811
302,1.75456,-1.35665,-0.27764
302,1.31087,-1.37961,-0.0906214
302,0.930303,-1.54667,0.221928
302,1.30809,-1.38263,-0.102406
302,1.30698,-1.39353,-0.109678
302,1.2919,-1.39151,-0.116247
302,0.687976,-1.54476,0.265202
302,0.886031,-1.61927,0.263858
302,0.319873,-1.44377,0.295228
302,0.886664,-1.61975,0.261912
302,1.31003,-1.39853,-0.128349
302,0.320153,-1.44848,0.289885
302,0.880362,-1.62759,0.260562
302,0.879027,-1.62438,0.257594
302,0.310956,-1.44654,0.282322
302,0.560094,-1.61142,0.356364
302,1.30411,-1.40439,-0.142427
302,1.3015,-1.40364,-0.142495
302,0.541602,-1.54847,0.290001
302,0.879206,-1.6352,0.243727
302,0.575543,-1.64247,0.360286
302,0.353397,-1.49426,0.284405
302,1.34565,-1.36036,-0.229279
302,0.443325,-1.56422,0.309984
302,0.53916,-1.62868,0.338634
302,0.569788,-1.59299,0.287704
302,0.416067,-1.56117,0.306875
302,0.416555,-1.56315,0.298526
302,1.67201,-1.39804,-0.352365
302,0.616736,-1.65526,0.305429
302,0.510847,-1.64675,0.326654
302,0.552759,-1.69037,0.341705
302,0.534824,-1.69652,0.332987
302,0.523435,-1.68261,0.322625
302,0.751295,-1.70699,0.256648
302,0.753785,-1.70806,0.256362
302,0.750125,-1.71122,0.258642
302,0.521489,-1.68965,0.311823
302,0.518997,-1.78984,0.303757
302,0.537287,-1.82533,0.297206
302,0.5445,-1.824,0.290433
302,1.35238,-1.36685,-0.490572
302,1.44726,-1.42482,-0.605358
302,1.45394,-1.48001,-0.597867
302,1.45507,-1.48537,-0.593284
302,2.0252,-1.65931,-0.629065
302,2.29728,-1.85749,-0.555761
302,1.46961,-1.48769,-0.628177
302,2.31271,-1.88065,-0.589606
302,2.32538,-1.88563,-0.599667
302,2.35289,-1.9013,-0.612213
302,1.87176,-1.7637,-0.579156
302,1.87314,-1.74738,-0.598331
302,1.86847,-1.7641,-0.579871
302,1.87564,-1.75182,-0.596371
302,1.88235,-1.75629,-0.620541
302,2.35845,-1.9202,-0.63684
302,1.88889,-1.77886,-0.60986
302,1.88293,-1.77446,-0.615281
302,1.88528,-1.77709,-0.618657
302,1.91093,-1.79815,-0.626523
302,1.8901,-1.79102,-0.63563
302,1.91187,-1.80598,-0.639238
302,2.32365,-2.05389,-0.553542
302,2.3215,-2.05498,-0.558266
302,1.91469,-1.82324,-0.646908
302,1.91393,-1.82068,-0.651455
302,2.32773,-2.0644,-0.561578
302,2.35107,-2.0964,-0.590964
302,2.39458,-2.11188,-0.629237
302,1.77266,-1.92343,-0.598285
302,1.75581,-1.90299,-0.615623
302,1.75351,-1.92063,-0.602802
302,1.7561,-1.90466,-0.621192
302,2.40959,-2.1231,-0.643865
302,2.41089,-2.12608,-0.647657
302,1.75546,-1.91923,-0.619413
302,1.75798,-1.92666,-0.618904
302,1.77805,-1.93992,-0.613242
302,1.13207,-1.86916,-0.444999
302,1.20544,-2.02002,-0.326061
302,1.78038,-1.96549,-0.630331
302,0.317081,-2.34367,0.28106
302,1.79289,-1.97031,-0.672948
302,1.79383,-1.98271,-0.68279
302,2.14597,-2.88425,0.0780046
302,2.23203,-2.91138,0.059636
302,1.89146,-3.01395,0.267986
302,2.14737,-2.9471,0.0430924
302,1.66473,-2.13413,-0.640433
302,2.14725,-2.99692,0.0221946
302,1.35698,-1.93384,-0.792062
302,1.88208,-3.12906,0.18306
302,1.13427,-2.18182,-0.510203
302,2.70176,-2.86988,-0.401802
302,2.47664,-2.53806,-0.671005
302,2.70902,-2.89499,-0.411355
302,2.47989,-2.56164,-0.676508
302,2.3184,-2.99062,-0.19184
302,1.86614,-3.19712,0.143177
302,2.45216,-2.69094,-0.601844
302,1.11268,-2.23533,-0.570532
302,0.362311,-2.62686,0.0646758
302,1.8897,-3.23833,0.0944964
302,1.87996,-3.15822,0.00950861
302,2.14136,-3.2355,-0.105309
302,2.62273,-3.31114,-0.248781
302,2.46228,-3.14267,-0.369255
302,2.46674,-3.14372,-0.373289
302,1.2942,-2.5789,-0.604085
302,2.63907,-3.38454,-0.283542
302,2.63578,-3.37912,-0.293392
302,0.743739,-2.66588,-0.320795
302,0.449064,-2.68055,-0.20429
302,1.97758,-3.16972,-0.277574
302,2.61583,-3.28981,-0.395238
302,2.09206,-3.19179,-0.301163
302,2.18101,-3.1966,-0.332871
302,2.48884,-3.10609,-0.545869
302,1.2677,-2.58525,-0.632927
302,2.413,-3.13971,-0.509853
302,2.15291,-3.06577,-0.488857
302,1.3325,-3.22586,-0.0202816
302,2.64957,-3.42462,-0.311507
302,2.61655,-3.31878,-0.409509
302,2.17717,-3.21658,-0.354073
302,2.62648,-3.32114,-0.418192
302,0.727572,-2.70017,-0.346687
302,1.20093,-3.22628,0.00993478
302,1.2801,-3.104,-0.150558
302,2.15127,-3.09343,-0.491501
302,1.85238,-3.19329,-0.27747
302,1.85023,-3.18993,-0.291666
302,1.70327,-3.63467,0.216705
302,1.20757,-3.24541,0.00216973
302,1.8452,-3.18905,-0.296707
302,2.15172,-3.10357,-0.50616
302,1.70376,-3.64413,0.209437
302,0.487107,-2.49466,-0.518051
302,1.8453,-3.20449,-0.317543
302,1.70389,-3.66335,0.199698
302,2.16514,-3.13436,-0.521759
302,1.1212,-3.28013,0.000458121
302,0.700607,-2.74701,-0.389285
302,2.43636,-3.19763,-0.589683
302,1.96486,-3.36427,-0.249683
302,1.85002,-3.36104,-0.210091
302,2.16248,-3.15336,-0.542348
302,1.27847,-3.26079,-0.115915
302,1.01034,-3.31512,0.0245215
302,1.27318,-3.27075,-0.128034
302,1.89451,-3.1437,-0.498086
302,1.89532,-3.15497,-0.487656
302,1.2737,-3.20137,-0.209703
302,1.36871,-3.32008,-0.170161
302,1.96941,-3.35248,-0.405934
302,1.97432,-3.37919,-0.41078
302,1.84623,-3.48515,-0.2762
302,1.04687,-3.4095,-0.0586824
302,0.707016,-3.40584,0.0469583
302,2.59442,-3.89935,-0.160693
302,1.48282,-3.64174,-0.021057
302,1.76487,-3.3217,-0.457141
302,1.98176,-3.43804,-0.440108
302,1.18111,-3.24281,-0.356376
302,1.34669,-3.29996,-0.37316
302,1.45763,-3.67065,-0.037022
302,1.17422,-3.2526,-0.370153
302,1.34603,-3.31522,-0.389536
302,0.689546,-3.47071,0.0123322
302,1.59144,-3.2943,-0.512515
302,0.928443,-3.4456,-0.112528
302,1.5242,-3.71041,-0.070994
302,-0.434682,-3.0518,-0.0268707
302,1.73144,-3.37282,-0.512449
302,1.33941,-3.22066,-0.527308
302,1.75122,-3.40468,-0.511277
302,1.73428,-3.39542,-0.518071
302,1.42462,-3.73995,-0.0680243
302,1.59693,-3.60002,-0.306413
302,0.577901,-3.54076,0.00769019
302,1.13624,-3.35083,-0.412544
302,1.01679,-3.75999,0.0490748
302,-0.264823,-3.10968,-0.139754
302,1.59248,-3.63526,-0.324849
302,1.51107,-3.65452,-0.28668
302,1.35933,-3.32784,-0.569799
302,2.21532,-3.45883,-0.757601
302,0.874495,-3.55181,-0.161967
302,0.559864,-3.75049,0.142567
302,1.57284,-3.37468,-0.624679
302,1.59908,-3.65469,-0.349057
302,0.937778,-3.80126,0.0462989
302,0.132657,-2.89268,-0.604744
302,1.63778,-3.40525,-0.652442
302,0.540287,-3.77218,0.131193
302,0.143231,-2.91745,-0.604925
302,1.5953,-3.03392,-1.03395
302,0.945425,-3.84285,0.0284163
302,0.872199,-3.60563,-0.192752
302,1.51074,-3.73555,-0.314253
302,1.63822,-3.45089,-0.677813
302,0.797791,-3.86916,0.0437357
302,1.56133,-3.46146,-0.661219
302,0.72361,-3.54932,-0.262108
302,0.694293,-3.59495,-0.274303
302,0.889135,-3.61706,-0.331113
302,0.797873,-3.57588,-0.364073
302,1.4809,-3.60022,-0.616966
302,1.34567,-3.51956,-0.650271
302,1.54855,-3.56427,-0.706309
302,1.76165,-3.81849,-0.548926
302,0.647404,-3.66035,-0.295892
302,0.79558,-3.61891,-0.414369
302,0.752135,-3.52876,-0.494686
302,0.231664,-3.11669,-0.729532
302,1.75132,-3.84142,-0.560255
302,0.390248,-3.74878,-0.145094
302,0.59893,-3.58057,-0.395715
302,0.880127,-3.70849,-0.376479
302,0.393424,-3.76433,-0.146476
302,1.33133,-3.5851,-0.693626
302,0.787957,-3.64053,-0.440866
302,1.7342,-3.93569,-0.499713
302,0.521731,-3.70058,-0.323063
302,1.7641,-3.92039,-0.592348
302,0.783047,-3.40753,-0.761201
302,0.448084,-3.73541,-0.322034
302,0.391251,-3.76877,-0.291925
302,0.287597,-3.88328,-0.192699
302,0.453309,-3.74095,-0.465013
302,0.305234,-3.7377,-0.536843
302,0.145004,-4.01574,-0.203293
302,0.128131,-4.05178,-0.226512
302,0.312289,-3.8539,-0.578365
302,-2.18419,-3.1187,-0.561482
302,-2.19229,-3.14391,-0.572204
302,-2.02553,-3.34291,-0.513992
302,-2.03933,-3.38101,-0.510483
302,-2.00226,-3.54834,-0.513512
302,-0.332461,-4.54344,-0.354388
302,-0.375148,-4.59619,-0.383136
302,-0.358791,-4.43339,-0.561131
302,-1.32205,-4.30004,-0.431917
302,-0.816133,-4.47797,-0.440947
302,-1.89497,-4.06995,-0.479899
302,-0.792791,-4.63557,-0.324661
302,-0.96289,-4.63317,-0.293616
302,-0.852411,-4.52488,-0.448146
302,-0.63034,-4.75753,-0.299411
302,-0.858916,-4.51642,-0.468331
302,-0.732504,-4.60825,-0.440208
302,-0.92653,-4.47,-0.51458
302,-1.42014,-4.4,-0.454456
302,-2.05615,-4.10696,-0.594538
302,-0.936378,-4.68237,-0.448209
302,-0.332663,-5.06633,-0.281357
302,-1.55213,-4.6478,-0.302007
302,-0.928734,-4.60247,-0.597376
302,-1.45812,-4.47077,-0.535877
302,-1.17842,-4.82813,-0.294984
302,-2.08276,-4.19237,-0.617554
302,-1.31272,-4.81273,-0.275258
302,-1.92855,-4.35605,-0.516524
302,-1.52595,-5.66649,-1.90991
302,2.19924,-3.30527,-0.400647
301,2.19924,-3.30527,-0.400647
302,1.19409,-1.39906,0.32143
296,1.19409,-1.39906,0.32143
302,1.25485,-1.40214,0.268771
296,1.25485,-1.40214,0.268771
302,1.19841,-1.39065,0.331659
296,1.19841,-1.39065,0.331659
302,1.20413,-1.24524,0.283608
295,1.20413,-1.24524,0.283608
302,1.47867,-3.66215,-0.0273578
295,1.47867,-3.66215,-0.0273578
302,0.706979,-3.60493,-0.162943
295,0.706979,-3.60493,-0.162943
302,1.1638,-1.16692,0.302293
295,1.1638,-1.16692,0.302293
302,1.16458,-1.16547,0.307497
295,1.16458,-1.16547,0.307497
302,0.704385,-3.61321,-0.165657
295,0.704385,-3.61321,-0.165657
302,0.33818,-3.77313,-0.151282
295,0.33818,-3.77313,-0.151282
302,0.844549,-1.08379,0.279435
295,0.844549,-1.08379,0.279435
302,0.315159,-3.84022,-0.176089
295,0.315159,-3.84022,-0.176089
302,1.00543,-1.10238,0.277816
295,1.00543,-1.10238,0.277816
302,0.532058,-1.55505,0.29922
295,0.532058,-1.55505,0.29922
302,0.352757,-1.59614,0.202883
295,0.352757,-1.59614,0.202883
302,0.504041,-1.46731,0.362903
295,0.504041,-1.46731,0.362903
302,1.10052,-1.12766,0.270818
295,1.10052,-1.12766,0.270818
302,0.589928,-3.62956,-0.445204
293,0.589928,-3.62956,-0.445204
302,1.51138,-3.65132,-0.287673
297,1.51138,-3.65132,-0.287673
302,0.220904,-3.93673,-0.038619
300,0.220904,-3.93673,-0.038619
302,1.23725,-3.41058,-0.279676
67,1.23725,-3.41058,-0.279676
302,2.37998,-3.20502,-0.181942
67,2.37998,-3.20502,-0.181942
302,-1.37833,-4.47553,-0.558618
102,-1.37833,-4.47553,-0.558618
303,1.86032,-1.41151,1.26678
303,1.25599,-1.41866,0.259911
303,1.56087,-1.80224,0.656347
303,0.873146,-1.57193,0.293262
303,0.86445,-1.62834,0.223079
303,0.73215,-1.71122,0.313199
303,0.596684,-1.75125,0.346154
303,0.575353,-1.77256,0.320297
303,0.599581,-1.77923,0.29706
303,0.61067,-1.81467,0.252338
303,0.522283,-1.85802,0.266245
303,0.487071,-1.88707,0.251093
303,2.41806,-2.61035,-0.552393
303,2.42859,-3.02775,0.0123737
303,2.49561,-2.59663,-0.710508
303,1.37901,-2.38045,-0.618726
303,1.36116,-2.38288,-0.630367
303,2.44296,-3.05908,-0.0459486
303,1.38085,-2.41838,-0.609765
303,1.37885,-2.42399,-0.60146
303,1.37256,-2.40327,-0.634243
303,1.37509,-2.43688,-0.603985
303,2.45693,-3.12808,-0.0306139
303,2.27199,-3.12262,-0.0427214
303,2.25493,-3.12152,-0.0443089
303,2.45713,-2.84014,-0.584731
303,2.26149,-3.12948,-0.0494449
303,2.53135,-2.80037,-0.703695
303,2.52887,-2.80375,-0.699582
303,2.34462,-3.05407,-0.248596
303,2.53275,-2.81662,-0.714942
303,2.4731,-2.87416,-0.626392
303,2.47725,-2.90232,-0.586056
303,2.79906,-3.16154,-0.343431
303,2.48022,-2.92033,-0.592093
303,2.79876,-3.17114,-0.363669
303,1.29289,-2.60628,-0.603182
303,1.27311,-2.56848,-0.657196
303,1.29093,-2.61208,-0.600111
303,1.29117,-2.6047,-0.619146
303,2.81701,-3.19757,-0.383071
303,2.53465,-2.9855,-0.663246
303,2.26595,-3.17009,-0.257468
303,2.54215,-2.99912,-0.682571
303,1.87201,-3.23004,-0.0576259
303,2.0528,-3.17773,-0.228703
303,2.48832,-3.11455,-0.526386
303,2.29063,-3.20424,-0.30214
303,2.48758,-3.12576,-0.524059
303,2.52118,-3.14693,-0.508358
303,2.59839,-3.24903,-0.389792
303,2.10061,-3.19346,-0.271456
303,2.60781,-3.2602,-0.40238
303,2.47841,-3.20346,-0.441279
303,2.25931,-3.22831,-0.309779
303,2.01329,-3.2017,-0.269069
303,2.19032,-3.22294,-0.352152
303,2.07687,-3.22969,-0.302553
303,1.89986,-3.41106,0.0637462
303,1.98893,-3.20425,-0.313729
303,2.51035,-3.5335,-0.0276771
303,2.56263,-3.09232,-0.766388
303,2.10004,-3.23792,-0.332622
303,2.27048,-3.98383,0.770785
303,1.34615,-3.231,-0.0344602
303,2.10111,-3.23515,-0.368317
303,2.18802,-3.25439,-0.39088
303,1.88564,-3.12412,-0.475871
303,1.2394,-3.59576,0.557463
303,1.99016,-3.25789,-0.320691
303,2.0001,-3.27254,-0.313208
303,1.34549,-3.25868,-0.0587609
303,1.3394,-3.26604,-0.0598837
303,1.34601,-3.28584,-0.0337571
303,2.45954,-3.2404,-0.602305
303,1.90799,-3.48024,0.0238014
303,2.17079,-3.19186,-0.568154
303,1.20825,-3.27345,-0.0358123
303,2.46135,-3.25502,-0.646547
303,2.06242,-3.29225,-0.427528
303,1.19148,-3.30349,-0.0393355
303,1.37523,-3.2801,-0.165979
303,1.97345,-3.33603,-0.355118
303,1.36001,-3.27308,-0.202147
303,1.27944,-3.25468,-0.205684
303,1.96128,-3.31516,-0.422061
303,1.27144,-3.26181,-0.209679
303,1.70776,-3.6096,0.148034
303,1.27006,-3.26879,-0.2185
303,1.3687,-3.31307,-0.199088
303,1.26432,-3.27518,-0.292078
303,1.70982,-3.60571,0.0103668
303,1.22451,-3.34648,-0.265245
303,1.19107,-3.28535,-0.361435
303,1.74858,-3.28531,-0.619256
303,1.31582,-3.22265,-0.527627
303,1.74584,-3.30303,-0.616675
303,1.52315,-3.61778,-0.0276691
303,1.34714,-3.3314,-0.411495
303,1.74958,-3.31994,-0.611595
303,1.76821,-3.4003,-0.50723
303,2.5856,-4.22512,0.421089
303,1.20732,-3.39191,-0.310855
303,1.77137,-3.42062,-0.519032
303,1.7173,-3.37332,-0.574709
303,1.75905,-3.44543,-0.480686
303,1.45774,-3.65928,-0.0113465
303,1.77421,-3.40269,-0.573126
303,1.75606,-3.46068,-0.478208
303,1.38787,-3.47872,-0.299353
303,1.1888,-3.41027,-0.325431
303,1.52095,-3.67173,-0.0623324
303,1.18596,-3.41718,-0.336485
303,1.53816,-3.41372,-0.49841
303,1.46159,-3.65734,-0.0763072
303,1.7424,-3.38164,-0.656265
303,1.08655,-3.43665,-0.281543
303,1.45714,-3.66625,-0.0878758
303,1.38333,-3.50635,-0.317744
303,1.53344,-3.41526,-0.53113
303,1.54158,-3.43418,-0.508184
303,0.96163,-3.46051,-0.215882
303,0.77105,-3.50127,-0.0686263
303,1.45876,-3.71579,-0.0363001
303,1.12716,-3.42919,-0.349403
303,1.14483,-3.35388,-0.47802
303,1.35635,-3.35325,-0.573599
303,1.01805,-3.44716,-0.277105
303,1.08624,-3.45773,-0.293266
303,1.09859,-3.42963,-0.36383
303,1.11957,-3.36877,-0.481324
303,1.50806,-3.48761,-0.483723
303,2.60377,-4.30746,0.338172
303,1.07854,-3.45476,-0.351512
303,0.656978,-3.5459,-0.0308342
303,1.0721,-3.45391,-0.362199
303,1.13822,-3.38682,-0.503547
303,1.53129,-3.5237,-0.484715
303,1.35866,-3.41192,-0.593533
303,1.09278,-3.47454,-0.3797
303,1.56383,-3.44369,-0.643586
303,3.1067,-4.51126,0.377476
303,1.54474,-4.07637,0.373831
303,1.43978,-4.10367,0.448521
303,0.712359,-3.49784,-0.204631
303,1.35449,-4.07535,0.425808
303,3.10778,-4.5277,0.367732
303,1.56969,-3.43869,-0.691502
303,1.01622,-3.49058,-0.365074
303,1.09481,-3.39942,-0.556113
303,1.07075,-3.41597,-0.520719
303,1.5308,-3.51926,-0.560405
303,1.09558,-3.39782,-0.56527
303,1.74591,-3.58129,-0.564023
303,1.81607,-3.61222,-0.548741
303,1.36942,-4.12391,0.44935
303,1.36326,-4.12597,0.454988
303,1.49653,-4.15075,0.432802
303,1.02252,-3.47608,-0.435653
303,1.36741,-4.12879,0.450663
303,1.48665,-4.12729,0.390311
303,1.09739,-3.45034,-0.519398
303,1.49607,-4.15742,0.429351
303,1.37179,-4.14813,0.469302
303,2.61559,-4.85734,1.04861
303,0.738288,-3.53951,-0.225808
303,1.02471,-3.48394,-0.444938
303,1.49408,-4.15946,0.421501
303,0.882167,-3.52712,-0.324823
303,0.876587,-3.52739,-0.32408
303,1.39061,-3.64929,-0.357831
303,1.36542,-4.14315,0.442759
303,0.9873,-3.52512,-0.380535
303,2.63644,-4.4246,0.317473
303,1.47978,-4.14161,0.371088
303,1.26504,-4.09954,0.397112
303,1.49262,-4.18277,0.418226
303,1.07982,-3.44184,-0.596417
303,1.08136,-3.45895,-0.57209
303,1.06212,-3.46979,-0.548453
303,0.973301,-3.54515,-0.389617
303,1.24901,-4.12042,0.403932
303,1.06515,-3.46199,-0.56902
303,1.5063,-4.19793,0.408657
303,0.868429,-3.55888,-0.334216
303,1.24328,-4.12849,0.408452
303,1.48034,-4.17239,0.373359
303,1.25805,-3.86589,-0.0209227
303,1.36233,-4.18222,0.437033
303,3.12908,-4.55661,0.251397
303,0.861429,-3.55704,-0.351343
303,0.816053,-3.55058,-0.357697
303,1.64104,-3.64979,-0.566977
303,1.44919,-4.20904,0.406719
303,2.59077,-4.77003,0.789087
303,1.30542,-4.19482,0.43803
303,2.55164,-4.82263,0.881144
303,1.24977,-4.1551,0.386057
303,3.09218,-4.72749,0.479937
303,1.36634,-4.23824,0.454037
303,1.23743,-4.15804,0.382703
303,1.33333,-4.19572,0.400285
303,0.802664,-3.57752,-0.355355
303,0.668647,-3.59304,-0.289909
303,3.14884,-4.6159,0.237104
303,1.2886,-4.19348,0.385264
303,2.60625,-4.82457,0.799615
303,2.55492,-4.85936,0.87698
303,2.66495,-4.5337,0.301502
303,3.10144,-4.76932,0.483308
303,2.76531,-4.5261,0.198964
303,0.641685,-3.533,-0.449503
303,1.2867,-4.26813,0.423154
303,2.34955,-4.91431,0.982076
303,0.915236,-3.6286,-0.439639
303,0.891161,-3.64702,-0.406062
303,2.74288,-4.62887,0.337702
303,2.84047,-4.60564,0.246937
303,0.631395,-3.64334,-0.313538
303,0.605506,-3.56457,-0.436796
303,0.763889,-3.56324,-0.512631
303,2.03916,-4.4346,0.280972
303,0.804928,-3.55229,-0.592012
303,0.803034,-3.54688,-0.599945
303,2.02478,-4.42574,0.262579
303,0.759791,-3.58095,-0.528491
303,2.3548,-4.96295,0.966235
303,2.75364,-4.67374,0.326229
303,0.712011,-3.48267,-0.672824
303,1.74482,-3.88135,-0.498257
303,2.83272,-4.65429,0.237572
303,2.84082,-4.70082,0.301385
303,2.8643,-4.68571,0.243571
303,2.01657,-4.94971,1.03804
303,0.580807,-3.61609,-0.46508
303,1.34718,-4.36006,0.384289
303,2.31002,-4.53676,0.227741
303,2.0157,-4.96087,1.03558
303,1.97745,-4.50344,0.311671
303,2.84639,-4.69913,0.218673
303,2.27646,-4.55959,0.244811
303,2.33468,-4.59332,0.270531
303,2.07829,-4.84685,0.787409
303,2.31365,-4.55069,0.208689
303,0.307691,-4.17286,0.483342
303,0.25952,-3.8215,-0.0588702
303,2.32324,-4.61574,0.294706
303,1.98773,-4.55755,0.349784
303,2.27981,-4.55195,0.207734
303,2.36093,-4.60637,0.250863
303,2.07318,-4.85605,0.771886
303,2.84143,-4.69983,0.179091
303,0.68398,-3.54512,-0.71428
303,2.07925,-4.87519,0.787159
303,2.33033,-4.64162,0.301459
303,0.893575,-4.02979,-0.0430144
303,2.34131,-4.62675,0.262121
303,2.85808,-4.783,0.276978
303,2.01249,-4.84727,0.753377
303,1.98194,-4.55627,0.300877
303,2.86127,-4.78807,0.27918
303,0.552378,-3.63717,-0.536366
303,0.285313,-4.19288,0.466225
303,2.85609,-4.75745,0.204295
303,1.69767,-4.43202,0.1815
303,0.529353,-3.67277,-0.515475
303,1.79788,-3.96963,-0.608462
303,1.99948,-4.62278,0.33585
303,1.79482,-3.97531,-0.609821
303,0.277486,-4.23239,0.468355
303,2.07293,-4.92067,0.77159
303,2.90791,-4.85716,0.28474
303,2.01937,-4.90116,0.742604
303,2.00194,-4.65533,0.331431
303,1.47487,-4.613,0.482846
303,2.09048,-4.98949,0.772884
303,2.01466,-4.92608,0.679756
303,2.01654,-4.95532,0.708753
303,1.6528,-4.92841,0.826198
303,1.6513,-4.97313,0.895732
303,2.02124,-4.96401,0.713288
303,2.29116,-5.0143,0.653188
303,1.64579,-4.92598,0.785162
303,2.02383,-4.99314,0.713584
303,0.313734,-3.76836,-0.5087
303,2.04362,-4.70294,0.216415
303,0.24122,-3.7922,-0.468323
303,1.64335,-5.03153,0.866337
303,0.223062,-4.36514,0.429597
303,0.206738,-3.86399,-0.487084
303,1.34278,-4.79475,0.480591
303,0.20599,-3.8492,-0.570707
303,0.203198,-3.88338,-0.52104
303,1.32346,-4.90096,0.589177
303,1.29028,-4.96552,0.538858
303,1.29774,-5.00191,0.550317
303,1.734,-5.07335,0.289982
303,1.70403,-5.04715,0.255094
303,1.74451,-5.08587,0.294201
303,1.24807,-5.1104,0.531721
303,1.72592,-5.08764,0.276557
303,-0.857908,-4.39159,0.288925
303,1.23473,-5.12592,0.533014
303,1.7293,-5.1122,0.278123
303,1.7352,-5.13118,0.260988
303,1.20404,-5.12577,0.470255
303,-0.461424,-4.44135,0.0811764
303,1.70451,-5.15368,0.252243
303,-0.400715,-4.43515,0.0331576
303,1.17626,-5.17167,0.485581
303,-0.410068,-4.46205,0.0301021
303,-0.364963,-4.48982,0.0277508
303,-0.358226,-4.49589,0.0308679
303,-0.392422,-4.68178,0.327299
303,-0.891862,-4.51713,0.280525
303,-0.512399,-4.50576,0.0619593
303,0.671054,-4.67081,-0.201219
303,-0.49305,-4.53041,0.0853276
303,-0.175207,-4.37264,-0.335923
303,0.665834,-4.68801,-0.207989
303,-0.447432,-4.47376,-0.0610458
303,-0.466973,-4.67546,0.26772
303,-0.532867,-4.60256,0.127188
303,-1.00102,-4.59758,0.296965
303,-0.937977,-4.60895,0.261438
303,-0.242948,-4.50249,-0.263064
303,-0.633457,-4.60021,0.0512844
303,1.18367,-5.28762,0.326082
303,-0.728651,-4.79993,0.345713
303,-0.34602,-4.54381,-0.271916
303,-0.290962,-4.53492,-0.323223
303,-0.399734,-4.57127,-0.22662
303,-0.324422,-4.52593,-0.343168
303,-0.401188,-4.57897,-0.233507
303,-2.06752,-4.61824,0.551999
303,-0.246292,-4.97099,0.299426
303,-0.353971,-4.9431,0.283523
303,-0.271301,-4.96852,0.286359
303,-1.0415,-4.7236,0.233526
303,-0.355665,-4.47206,-0.481596
303,-0.46228,-4.74413,-0.0130289
303,-0.706435,-4.80492,0.187435
303,-0.37716,-4.43334,-0.590489
303,-0.32471,-5.04443,0.243311
303,-1.09885,-4.87708,0.311512
303,-1.02318,-4.57416,-0.223527
303,-0.401821,-4.51865,-0.599222
303,-0.419271,-4.50823,-0.623107
303,-0.430932,-4.90894,0.0180632
303,-0.846789,-4.52279,-0.417748
303,-2.17983,-4.71585,0.47732
303,-0.857231,-4.48819,-0.480503
303,-0.852206,-4.52416,-0.455419
303,-0.872664,-4.50327,-0.486397
303,-1.76383,-5.09786,0.839402
303,-0.385694,-4.97569,0.0289721
303,-0.687526,-4.64647,-0.375726
303,-0.378597,-4.98942,0.0335451
303,-0.459275,-4.98728,-0.0111631
303,-2.54856,-4.64115,0.357315
303,-0.547188,-4.6546,-0.51159
303,-1.43765,-4.4478,-0.449979
303,-0.361805,-4.80166,-0.362014
303,-0.140126,-4.997,-0.15253
303,-0.518114,-4.78496,-0.323806
303,-1.78293,-5.13062,0.779404
303,-0.218925,-4.87523,-0.324506
303,-0.325649,-4.84652,-0.341248
303,-0.768293,-4.68433,-0.408922
303,-0.464244,-4.62509,-0.644035
303,-0.377066,-4.81851,-0.375066
303,-1.83081,-5.13516,0.776291
303,-1.04636,-4.73736,-0.214462
303,-0.350254,-4.84836,-0.355916
303,-1.78845,-5.10657,0.68112
303,-1.47151,-4.59867,-0.276417
303,-1.10099,-4.72534,-0.239447
303,-0.455979,-5.04982,-0.00906622
303,-1.4956,-4.61346,-0.253724
303,-0.961411,-4.53742,-0.630975
303,-1.44234,-5.23629,0.688863
303,-0.821255,-5.13672,0.245692
303,-1.80222,-5.18185,0.752193
303,-2.10861,-4.82922,0.290366
303,-1.13045,-4.76329,-0.259043
303,-1.62048,-5.19718,0.649411
303,-1.68814,-5.27266,0.796814
303,-0.298725,-5.00495,-0.258923
303,-1.50586,-4.50904,-0.516864
303,2.70426,-4.9941,-1.61107
303,-1.64303,-5.17196,0.593398
303,-2.02533,-4.30555,-0.626307
303,-1.53717,-4.69554,-0.219875
303,-1.18313,-4.75608,-0.303403
303,-2.08098,-4.43783,-0.420222
303,-1.26486,-5.07585,0.221351
303,-1.82566,-5.23291,0.69501
303,-1.22569,-5.12833,0.259605
303,-1.55875,-4.55623,-0.51353
303,-1.30312,-4.80372,-0.248103
303,-1.88716,-5.19501,0.635114
303,-1.84766,-5.23335,0.677103
303,-1.89883,-5.20149,0.643684
303,-1.29357,-4.80699,-0.258696
303,-1.60006,-5.27651,0.622565
303,-1.73295,-5.35835,0.810994
303,-1.7263,-5.3015,0.711711
303,-1.8625,-5.22256,0.642617
303,-1.98474,-5.20971,0.670612
303,-2.69463,-4.7775,0.291445
303,-1.70689,-5.22128,0.554458
303,-1.5738,-4.57178,-0.551846
303,-1.69433,-5.27136,0.620162
303,-1.68783,-5.28337,0.63276
303,-2.21569,-5.12285,0.600686
303,-2.00598,-5.22288,0.664751
303,-2.13495,-4.47691,-0.471251
303,-1.58755,-4.60415,-0.539493
303,-2.11911,-5.25742,0.724748
303,-1.64421,-5.32344,0.611995
303,-1.81008,-5.29114,0.63069
303,-1.2509,-5.19366,0.225855
303,-1.52794,-5.35124,0.598773
303,-2.10568,-5.19593,0.600536
303,-1.90156,-5.30137,0.66755
303,-1.90474,-5.33147,0.678668
303,-1.64131,-4.76921,-0.352964
303,-2.22591,-5.25528,0.679445
303,-2.1718,-5.25854,0.651029
303,-1.41619,-4.90587,-0.310909
303,-1.34535,-5.25608,0.205795
303,-2.1985,-5.32022,0.647143
303,-2.38103,-4.62766,-0.38596
303,2.45743,-6.93347,0.356554
303,0.600603,-3.49229,-0.497144
301,0.600603,-3.49229,-0.497144
303,-0.654361,-4.83142,0.105222
301,-0.654361,-4.83142,0.105222
303,-0.659027,-4.84588,-0.0139314
301,-0.659027,-4.84588,-0.0139314
303,-1.07634,-4.74494,0.25774
301,-1.07634,-4.74494,0.25774
303,-0.708943,-4.92905,0.0794557
301,-0.708943,-4.92905,0.0794557
303,-0.275981,-5.1569,-0.431006
301,-0.275981,-5.1569,-0.431006
303,0.858553,-4.32318,-0.159046
301,0.858553,-4.32318,-0.159046
303,-0.268771,-5.16345,-0.433923
301,-0.268771,-5.16345,-0.433923
303,2.03711,-3.24477,-0.203709
301,2.03711,-3.24477,-0.203709
303,1.70636,-3.56915,0.46618
301,1.70636,-3.56915,0.46618
303,2.53666,-3.61943,-0.0753881
301,2.53666,-3.61943,-0.0753881
303,1.38085,-4.07324,0.46208
301,1.38085,-4.07324,0.46208
303,1.38459,-4.0504,0.461434
301,1.38459,-4.0504,0.461434
303,-0.488519,-4.54357,-0.358792
301,-0.488519,-4.54357,-0.358792
303,1.72043,-4.30958,0.393965
301,1.72043,-4.30958,0.393965
303,-0.518176,-4.62579,0.093144
297,-0.518176,-4.62579,0.093144
303,-1.87404,-5.68253,0.597907
297,-1.87404,-5.68253,0.597907
303,-0.659449,-4.97047,-0.591736
297,-0.659449,-4.97047,-0.591736
303,1.64626,-5.07134,0.887071
297,1.64626,-5.07134,0.887071
303,1.64643,-4.9476,0.896467
297,1.64643,-4.9476,0.896467
303,-1.70781,-5.34847,0.669257
293,-1.70781,-5.34847,0.669257
303,-0.83906,-4.56904,-0.349715
293,-0.83906,-4.56904,-0.349715
303,0.895016,-3.89461,-0.545097
300,0.895016,-3.89461,-0.545097
303,-0.352221,-4.37996,-0.320784
300,-0.352221,-4.37996,-0.320784
303,-2.53791,-6.25466,0.547964
300,-2.53791,-6.25466,0.547964
303,1.01223,-3.75937,-0.48137
300,1.01223,-3.75937,-0.48137
303,1.19615,-3.43614,-0.611763
296,1.19615,-3.43614,-0.611763
303,0.330025,-3.81435,-0.28225
296,0.330025,-3.81435,-0.28225
303,1.78608,-3.28105,-0.636218
296,1.78608,-3.28105,-0.636218
303,0.798847,-3.53016,-0.618272
296,0.798847,-3.53016,-0.618272
303,1.23204,-4.5422,-0.834005
302,1.23204,-4.5422,-0.834005
304,1.99878,-2.0789,0.568591
304,2.03107,-2.29894,0.42035
304,2.7852,-2.90601,0.0824835
304,2.15057,-2.8956,0.126019
304,2.43155,-3.04829,0.0621138
304,2.4418,-3.0756,0.0558133
304,2.4633,-3.113,0.00746632
304,2.45574,-3.13447,0.00474787
304,2.4374,-3.13997,-0.00208735
304,2.45953,-3.15108,0.00187218
304,2.44048,-3.15464,-0.00364363
304,2.46463,-3.16046,-0.0125955
304,2.44884,-3.16397,-0.0175946
304,2.20025,-3.47618,0.882006
304,2.27946,-3.16729,-0.255793
304,2.24909,-3.16523,-0.259452
304,2.11659,-3.13698,-0.291669
304,2.16585,-3.15764,-0.268481
304,2.12004,-3.1594,-0.255697
304,2.29188,-3.20154,-0.336794
304,2.29371,-3.20325,-0.341882
304,2.49167,-3.34186,-0.034389
304,1.87584,-3.24166,-0.0386368
304,2.18486,-3.23261,-0.323076
304,2.50942,-3.42513,0.00767279
304,1.19865,-3.21035,0.0686568
304,1.36297,-3.21359,-0.0169375
304,1.22008,-3.20626,0.0205373
304,1.18915,-3.21833,0.0474991
304,2.53185,-3.45132,-0.034271
304,2.53282,-3.48643,-0.0339839
304,2.50672,-3.50947,-0.0378975
304,2.51618,-3.52158,-0.0456669
304,2.50998,-3.52532,-0.0393975
304,2.5593,-3.53233,-0.0464422
304,2.49184,-3.51828,-0.0552396
304,1.32673,-3.31324,-0.0379601
304,2.51305,-3.53496,-0.0481821
304,1.90629,-3.44586,0.00859976
304,2.50016,-3.53541,-0.0695254
304,1.89999,-3.45981,0.00147569
304,1.89669,-3.46102,-0.00420308
304,2.27952,-3.90679,1.10267
304,1.89612,-3.476,0.000289679
304,2.59498,-3.57569,-0.116009
304,1.90753,-3.4889,0.000956535
304,0.886572,-3.35375,0.0973828
304,2.5356,-3.63115,-0.0488008
304,2.49714,-3.61179,-0.0877202
304,2.25891,-3.9579,1.09604
304,2.55213,-3.61809,-0.108093
304,2.1943,-3.95549,1.12513
304,2.24594,-3.9635,1.09489
304,1.32232,-3.39972,-0.105066
304,2.25237,-3.97201,1.10848
304,2.22192,-3.97495,1.13437
304,2.20557,-3.97195,1.12219
304,2.23201,-3.97485,1.10739
304,2.23015,-3.97782,1.11654
304,1.33268,-3.4157,-0.091038
304,2.18549,-3.99079,1.16413
304,2.25269,-3.98171,1.09538
304,2.19563,-3.98521,1.12045
304,1.31685,-3.4239,-0.0928661
304,2.22543,-3.99613,1.12642
304,2.198,-4.0004,1.12497
304,1.97222,-3.4263,-0.505577
304,2.20456,-4.02285,1.15188
304,1.71581,-3.37029,-0.574317
304,2.65178,-3.69014,-0.194775
304,2.51798,-3.69036,-0.137122
304,2.19407,-4.05956,1.15546
304,1.53458,-3.41125,-0.527456
304,1.53498,-3.4099,-0.533835
304,1.22584,-3.74753,0.528299
304,1.97895,-3.59947,-0.411481
304,1.74869,-3.56082,-0.425199
304,1.20917,-3.78105,0.521303
304,1.75625,-3.57645,-0.434132
304,1.22716,-3.79826,0.525812
304,1.2149,-3.79607,0.518286
304,1.51439,-3.47999,-0.644445
304,1.09881,-3.79217,0.538204
304,1.52952,-3.52486,-0.575764
304,1.53044,-3.55882,-0.473464
304,1.50622,-3.49504,-0.662045
304,1.43999,-3.6838,-0.0763941
304,1.4283,-3.71479,-0.0798844
304,1.42045,-3.7308,-0.0879989
304,1.17578,-3.92388,0.547049
304,1.18528,-3.93087,0.537325
304,1.1664,-3.95298,0.529615
304,1.16617,-3.95412,0.522177
304,0.391345,-3.67285,0.0470548
304,0.384012,-3.69188,0.0390092
304,2.36408,-4.41843,1.11412
304,1.13115,-3.98413,0.474894
304,0.358572,-3.70396,0.0216082
304,0.351748,-3.71625,0.0151761
304,0.323214,-3.73324,-0.00500965
304,0.321658,-3.7417,-0.00757968
304,3.13992,-4.73361,1.40164
304,1.05876,-4.03964,0.461445
304,0.837917,-3.71757,-0.416405
304,2.62375,-4.28276,0.277529
304,2.98457,-4.43471,0.531979
304,2.62128,-4.29027,0.291979
304,2.62237,-4.3003,0.286575
304,3.0716,-4.451,0.399752
304,3.14633,-4.78934,1.38896
304,3.07665,-4.46129,0.408119
304,3.15606,-4.41336,0.19191
304,1.32163,-4.17533,0.455743
304,0.53761,-3.91777,0.111477
304,1.32213,-4.1781,0.415572
304,0.348154,-3.71469,-0.442328
304,3.01274,-4.53991,0.549399
304,0.517873,-3.9177,0.0746226
304,2.2636,-4.58706,1.11807
304,2.42373,-4.60756,1.05619
304,2.04803,-4.28454,0.270595
304,3.10852,-4.46482,0.213937
304,0.517094,-3.9355,0.0794791
304,2.65483,-4.39752,0.267306
304,1.31878,-4.19803,0.413644
304,0.288947,-3.87219,-0.00388539
304,3.15651,-4.46725,0.172396
304,1.24377,-4.18682,0.406933
304,1.25515,-4.19081,0.399011
304,3.11627,-4.47848,0.213314
304,1.28831,-4.19281,0.37968
304,-0.0257114,-4.04359,0.673193
304,2.65048,-4.42271,0.25126
304,3.17598,-4.50311,0.17697
304,0.272574,-3.77388,-0.393352
304,3.13635,-4.73798,0.892608
304,0.502861,-3.9758,0.0446975
304,3.13604,-4.74011,0.858795
304,3.13012,-4.53588,0.217224
304,2.51449,-4.62936,0.837193
304,0.259031,-3.79249,-0.439997
304,1.98447,-4.41202,0.447717
304,0.250521,-3.78167,-0.511554
304,2.58143,-4.70145,0.94111
304,0.244044,-3.79542,-0.503756
304,2.30284,-4.20064,-0.447258
304,0.228051,-3.81329,-0.483876
304,2.27407,-4.71193,1.08537
304,0.336234,-4.01242,0.0576648
304,2.37963,-4.74635,1.07861
304,2.41523,-4.7353,1.02258
304,2.60659,-4.78866,1.06575
304,2.53465,-4.69763,0.826613
304,2.55911,-4.76797,1.00643
304,0.220407,-3.82534,-0.541186
304,2.30035,-4.75481,1.08979
304,2.31367,-4.2527,-0.473337
304,2.95818,-4.93547,1.22423
304,2.37867,-4.63706,0.632406
304,1.99385,-4.48522,0.381269
304,2.50184,-4.73187,0.816755
304,2.96274,-4.95563,1.23097
304,2.27479,-4.7717,1.05867
304,2.98764,-4.98144,1.27416
304,2.51022,-4.79895,0.973442
304,2.98019,-4.98239,1.26105
304,2.62145,-4.86005,1.07431
304,2.61956,-4.87399,1.08555
304,2.00913,-4.54638,0.42064
304,2.51046,-4.80964,0.916602
304,2.45178,-4.8551,1.08441
304,-0.160914,-4.19902,0.575155
304,2.60975,-4.87729,1.06041
304,2.28095,-4.8167,1.06057
304,2.6183,-4.88837,1.07801
304,2.61906,-4.89209,1.07769
304,2.31019,-4.56074,0.213506
304,2.41932,-4.83617,0.986786
304,2.51689,-4.79652,0.808939
304,2.62607,-4.92338,1.07055
304,2.30597,-4.58244,0.202152
304,2.6346,-4.9432,1.1013
304,2.52508,-4.82834,0.812896
304,2.40989,-4.87867,0.989213
304,2.4078,-4.88975,1.01914
304,2.33245,-4.61511,0.212728
304,2.27344,-4.58806,0.147331
304,1.99839,-4.5624,0.220332
304,2.27479,-4.58666,0.13332
304,2.39005,-4.89152,0.979071
304,2.38758,-4.90666,1.01655
304,3.01881,-5.10609,1.25959
304,2.36634,-4.89808,0.993106
304,2.38201,-4.90141,0.993343
304,2.36032,-4.89633,0.977311
304,2.37609,-4.90017,0.977489
304,2.84695,-4.72005,0.134649
304,2.32825,-4.63992,0.177344
304,2.348,-4.68151,0.279046
304,2.02789,-4.89396,1.07928
304,2.06141,-4.87679,1.00032
304,-0.226965,-4.29943,0.544103
304,2.02415,-4.90969,1.08977
304,2.35048,-4.7026,0.259755
304,2.85714,-4.76085,0.127826
304,2.58281,-4.92171,0.741547
304,2.59826,-5.00788,0.989701
304,2.01863,-4.92826,1.07214
304,2.10177,-4.88122,0.86295
304,2.01826,-4.9385,1.08077
304,2.40385,-4.75163,0.288957
304,2.25934,-4.99114,1.09014
304,2.01934,-4.94295,1.07085
304,2.55552,-4.93494,0.725845
304,2.38088,-4.47639,-0.600352
304,2.8892,-4.87385,0.263002
304,2.0034,-4.68626,0.174535
304,2.01013,-4.69316,0.172726
304,-0.315471,-4.39765,0.516307
304,2.21593,-4.89895,0.593793
304,2.08278,-4.9451,0.799464
304,2.07272,-5.01636,1.01944
304,2.27995,-5.06572,1.03958
304,1.59063,-4.65217,0.162862
304,2.11073,-4.97902,0.851458
304,2.08087,-4.95245,0.782166
304,2.08488,-4.95978,0.802224
304,2.90064,-4.93276,0.247469
304,2.26892,-5.09154,1.07605
304,2.28669,-5.08971,1.03554
304,2.1173,-4.96564,0.75036
304,1.65559,-4.94443,0.943377
304,2.25466,-4.9622,0.643831
304,2.24783,-4.95536,0.626119
304,1.65048,-4.94223,0.920218
304,-0.727299,-4.32031,0.339339
304,2.23984,-4.98135,0.645966
304,2.23264,-4.9816,0.636962
304,-0.79625,-4.31246,0.319863
304,-0.470049,-4.31038,0.123761
304,0.762996,-4.40792,-0.289553
304,2.20776,-5.12418,1.06949
304,-0.470903,-4.32182,0.146625
304,-0.770422,-4.34132,0.32637
304,2.23152,-4.98954,0.587418
304,2.28753,-5.14514,1.02887
304,1.1897,-5.06629,1.41039
304,2.08624,-5.05552,0.860183
304,-0.28307,-4.39191,0.181726
304,1.65183,-4.95653,0.78506
304,2.20705,-5.15388,1.06855
304,-0.482634,-4.34657,0.137525
304,1.18187,-5.07442,1.39733
304,1.18252,-5.07509,1.39474
304,1.64173,-4.96176,0.786207
304,1.32524,-4.85102,0.62092
304,2.60185,-5.11059,0.664575
304,1.32479,-4.85663,0.611105
304,2.19549,-5.0033,0.554757
304,0.745388,-4.46548,-0.28097
304,1.64011,-4.97797,0.756398
304,1.18562,-5.1023,1.39477
304,1.60562,-4.76196,0.104102
304,1.30431,-4.87635,0.62338
304,-0.300223,-4.40557,0.0875256
304,2.11508,-5.11434,0.830929
304,2.20127,-5.1961,1.02927
304,-0.444279,-4.5192,0.467002
304,1.16932,-5.12833,1.39729
304,2.20806,-5.07551,0.625332
304,2.60241,-5.15423,0.624598
304,0.871699,-4.71125,0.242763
304,1.29077,-4.91321,0.606535
304,-0.330837,-4.43396,0.0476936
304,0.627819,-4.49187,-0.334231
304,1.17362,-5.16232,1.38497
304,1.37884,-4.91694,0.517312
304,-0.328767,-4.44597,0.0555067
304,-0.7721,-4.45664,0.31711
304,1.1777,-5.18971,1.3974
304,-0.35851,-4.45895,0.0180342
304,-0.779159,-4.48418,0.312877
304,-0.890911,-4.46246,0.284211
304,1.24966,-4.98439,0.651263
304,-0.419272,-4.47674,0.0557654
304,1.68228,-4.8856,0.10154
304,1.22158,-4.99185,0.68698
304,1.21958,-5.00094,0.706576
304,-0.786702,-4.49723,0.308869
304,1.22235,-4.99068,0.665917
304,-0.752973,-4.50865,0.32129
304,-0.501353,-4.50092,0.124517
304,0.848489,-4.79694,0.190345
304,0.686444,-4.59624,-0.350099
304,-0.842418,-4.53073,0.284264
304,0.839966,-4.81744,0.193123
304,-0.500402,-4.54302,0.116605
304,2.2569,-5.20251,0.530015
304,-0.807272,-4.55475,0.303288
304,0.687355,-4.61661,-0.371622
304,-0.529639,-4.64474,0.407317
304,1.63604,-4.95628,0.0890244
304,-0.347691,-4.59009,0.0230854
304,1.22238,-5.05977,0.541177
304,-1.75389,-4.65521,1.00379
304,1.6551,-4.99674,0.0847169
304,1.66134,-5.00558,0.100009
304,0.833235,-4.88042,0.163821
304,1.67597,-5.01735,0.0933557
304,1.72693,-5.08701,0.245119
304,1.63263,-5.01549,0.0766588
304,-1.80894,-4.68982,0.978734
304,2.34592,-5.31272,0.495112
304,-1.48764,-4.81995,1.17021
304,-1.33094,-4.33287,-0.405587
304,-1.84496,-4.70038,0.948041
304,0.627642,-4.71275,-0.432804
304,1.73375,-5.16047,0.259203
304,-1.67428,-4.82851,1.17698
304,0.827289,-4.9772,0.191993
304,1.70127,-5.17156,0.24223
304,-0.256286,-4.63977,-0.280229
304,1.18452,-5.17698,0.534234
304,-0.825184,-4.52839,-0.315597
304,0.855513,-5.0249,0.199656
304,1.76126,-5.21188,0.252043
304,-0.941135,-4.70738,0.252815
304,-1.5397,-4.90416,1.16748
304,1.25167,-5.17164,0.349441
304,0.847362,-5.05019,0.201597
304,1.15918,-5.21512,0.511834
304,-1.42458,-4.92628,1.09808
304,-1.91267,-4.78399,0.940679
304,-1.90729,-4.8036,0.979003
304,0.845436,-5.06588,0.198959
304,0.85569,-5.07143,0.209898
304,-1.59664,-4.91136,1.1133
304,-1.52488,-4.93487,1.14036
304,-1.54895,-4.91399,1.08286
304,-0.565871,-4.81868,0.225657
304,-1.6045,-4.79547,0.744699
304,-0.856782,-4.58696,-0.340899
304,-0.858311,-4.59171,-0.328278
304,-1.53867,-4.93922,1.08696
304,-0.566013,-4.84143,0.22358
304,2.35372,-5.47382,0.479933
304,-1.91093,-4.98189,1.34381
304,-1.72355,-4.81137,0.708914
304,-0.981335,-4.83867,0.357081
304,-1.65748,-4.97275,1.1084
304,-0.175067,-4.83768,-0.156092
304,-2.12904,-5.14397,1.88942
304,-1.29681,-4.94132,0.795144
304,1.68705,-5.33069,0.252454
304,-1.63546,-4.96924,1.02928
304,1.67234,-5.33201,0.242322
304,-0.227092,-5.01834,0.351897
304,-0.721528,-4.88406,0.201337
304,-1.69232,-4.98677,1.05818
304,-1.28862,-4.98236,0.801807
304,-1.0918,-4.85038,0.280066
304,-0.625395,-4.9206,0.193983
304,-0.928013,-4.64686,-0.486469
304,-1.54776,-5.00312,0.949549
304,-1.05368,-4.71679,-0.217656
304,-1.74863,-5.01012,1.07137
304,-0.67567,-4.93011,0.20953
304,-0.743413,-4.91122,0.186701
304,-1.31796,-4.97819,0.712347
304,-0.752027,-4.91681,0.187015
304,-1.74852,-5.02867,1.08875
304,1.7537,-5.38951,0.18413
304,-1.32934,-5.00716,0.775949
304,1.70397,-5.39982,0.235083
304,-2.05633,-5.07318,1.38288
304,-0.692673,-4.96311,0.207081
304,-1.51155,-4.99575,0.750395
304,-1.11414,-4.9238,0.275033
304,-1.79232,-4.94837,0.715429
304,-1.27531,-5.03033,0.621055
304,-1.65757,-5.05891,0.910587
304,-1.62346,-5.12646,1.06671
304,-2.12976,-5.16424,1.41634
304,-1.63975,-5.10423,0.949182
304,-0.814828,-5.01043,0.155308
304,-2.06832,-5.12147,1.1869
304,-1.67569,-5.08949,0.864681
304,-1.61778,-5.06803,0.67673
304,-1.67633,-5.13775,0.902517
304,-1.59916,-5.18323,0.990979
304,-1.81963,-5.10717,0.872174
304,-0.409454,-4.96172,-0.405859
304,1.71798,-5.5815,0.197846
304,-0.328719,-5.04632,-0.299479
304,-1.43853,-5.15809,0.657063
304,-0.532246,-5.09646,-0.0618299
304,-1.72453,-5.20388,0.94073
304,-0.852581,-5.14647,0.179696
304,2.19146,-5.81719,0.477683
304,-0.620489,-5.10293,-0.10972
304,-1.63117,-5.23977,0.880006
304,-1.64746,-5.23015,0.819116
304,-1.65192,-5.25826,0.900222
304,-1.65438,-5.28539,0.918697
304,-1.77784,-5.18926,0.695031
304,-0.546933,-5.2844,0.239511
304,-1.80792,-5.18864,0.640187
304,-1.80906,-5.22891,0.706262
304,-1.67585,-5.32706,0.929025
304,-1.78701,-5.31648,0.92618
304,-1.65403,-5.24971,0.638262
304,-2.31231,-5.29988,1.16294
304,-1.67555,-5.26223,0.642696
304,-1.84343,-5.27319,0.694632
304,-1.77695,-5.30766,0.697283
304,-1.29154,-5.18701,-0.0583109
304,-1.82349,-5.31874,0.627834
304,-1.83234,-5.442,0.959297
304,-1.79638,-5.36053,0.689508
304,-1.84898,-5.33851,0.632697
304,-1.83538,-5.43594,0.914397
304,-1.84315,-5.35007,0.614992
304,-2.45435,-5.42652,1.14217
304,2.49156,-6.79087,0.2477
304,2.46556,-6.84104,0.311228
304,2.38095,-6.82823,0.309078
304,2.45634,-6.84143,0.28553
304,1.5055,-3.67617,-0.0350161
303,1.5055,-3.67617,-0.0350161
304,1.29634,-3.65439,-0.813685
303,1.29634,-3.65439,-0.813685
304,-0.525679,-4.76496,-0.0624393
303,-0.525679,-4.76496,-0.0624393
304,-0.73681,-4.75982,0.0125683
303,-0.73681,-4.75982,0.0125683
304,-1.12192,-4.95164,-0.101747
297,-1.12192,-4.95164,-0.101747
304,-1.72065,-5.50974,0.657178
297,-1.72065,-5.50974,0.657178
304,2.10295,-4.98367,0.840664
297,2.10295,-4.98367,0.840664
304,-1.28477,-4.9816,0.621274
300,-1.28477,-4.9816,0.621274
304,-1.72421,-5.51416,0.710254
300,-1.72421,-5.51416,0.710254
304,2.05692,-5.06524,1.03009
300,2.05692,-5.06524,1.03009
304,-1.00256,-4.70999,-0.0371787
301,-1.00256,-4.70999,-0.0371787
304,1.72254,-3.66627,0.473016
301,1.72254,-3.66627,0.473016
304,-0.661716,-4.87753,0.128223
301,-0.661716,-4.87753,0.128223
304,2.50702,-3.19957,-0.0566784
301,2.50702,-3.19957,-0.0566784
304,2.49149,-3.15172,-0.0137545
301,2.49149,-3.15172,-0.0137545
304,-1.78246,-5.56206,0.541948
298,-1.78246,-5.56206,0.541948
304,-1.73743,-5.32305,1.11497
298,-1.73743,-5.32305,1.11497
304,-1.58835,-5.56344,0.483569
298,-1.58835,-5.56344,0.483569
304,1.01608,-3.42916,-0.29806
293,1.01608,-3.42916,-0.29806
304,2.28301,-3.21506,-0.104411
67,2.28301,-3.21506,-0.104411
304,1.94855,-3.13707,-0.128148
302,1.94855,-3.13707,-0.128148
305,1.75014,-1.67539,1.37227
305,1.79867,-1.71421,1.27821
305,1.79157,-1.7143,1.27925
305,1.79767,-1.71689,1.26919
305,1.79446,-1.71715,1.27133
305,0.75255,-3.37674,0.178995
305,0.755352,-3.38427,0.174621
305,1.72196,-3.61271,0.508212
305,0.6657,-3.47163,0.141559
305,0.664536,-3.48075,0.146
305,0.904764,-3.67799,0.0300124
305,0.3918,-3.76644,0.0177542
305,0.321619,-3.77929,-0.00368559
305,0.337715,-3.80142,-0.00313556
305,0.32991,-3.801,-0.00243807
305,0.295637,-3.79976,-0.0225646
305,0.31095,-3.80619,-0.0179855
305,1.50405,-4.08804,0.395712
305,1.51574,-4.09652,0.364393
305,1.39063,-4.1105,0.462139
305,1.51347,-4.11708,0.367221
305,1.52059,-4.12215,0.357084
305,0.485339,-3.98461,0.0312115
305,0.894237,-4.041,-0.130962
305,0.898285,-4.05944,-0.120092
305,0.849008,-4.06063,-0.122438
305,0.828733,-4.05854,-0.128325
305,2.61953,-4.31072,0.257419
305,0.461561,-4.04384,0.0126193
305,1.12012,-4.16902,0.399303
305,2.64333,-4.31946,0.226685
305,2.63571,-4.32068,0.234631
305,1.29173,-4.19658,0.383418
305,2.63953,-4.33544,0.237241
305,2.64997,-4.34497,0.233496
305,2.01182,-4.40375,1.1925
305,0.31882,-4.08367,0.0103493
305,2.66404,-4.37358,0.218698
305,2.65292,-4.3852,0.213141
305,0.761548,-4.1436,-0.175908
305,1.54853,-4.29682,0.254001
305,1.07037,-4.25663,0.34832
305,0.753033,-4.15838,-0.179005
305,0.736341,-4.1784,-0.205607
305,3.14509,-4.56175,0.120376
305,2.3663,-4.61097,1.11019
305,2.34847,-4.60963,1.11079
305,2.33315,-4.61504,1.13023
305,3.13559,-4.62082,0.373234
305,2.81654,-4.56181,0.137017
305,2.28034,-4.5156,0.163151
305,2.28888,-4.51557,0.154071
305,2.28411,-4.52207,0.15906
305,3.14636,-4.777,1.40329
305,2.24199,-4.52033,0.13111
305,3.08614,-4.65686,0.462332
305,3.14789,-4.79658,1.39131
305,2.2905,-4.55064,0.156597
305,3.15349,-4.8057,1.4215
305,3.15113,-4.80722,1.42159
305,-0.437736,-4.57125,2.69587
305,3.15772,-4.81654,1.41402
305,3.12603,-4.70581,0.485093
305,-0.370596,-4.59831,2.72922
305,3.08669,-4.71078,0.522781
305,2.41984,-4.71757,1.09792
305,2.69796,-4.62994,0.124329
305,3.07467,-4.72545,0.49981
305,1.60664,-4.52493,0.159879
305,1.98089,-4.56816,0.172789
305,2.67492,-4.6413,0.119673
305,2.3733,-4.72941,1.09478
305,2.84925,-4.67123,0.0996492
305,3.19516,-4.88011,1.38119
305,2.35314,-4.65647,0.292176
305,1.06413,-4.53055,0.268102
305,-0.79937,-4.33631,0.327136
305,-0.826455,-4.3385,0.314859
305,2.02743,-4.63303,0.105191
305,-0.818675,-4.34615,0.323477
305,1.99639,-4.63536,0.128166
305,2.54395,-4.79253,0.895663
305,2.56033,-4.78057,0.781592
305,-0.79108,-4.35658,0.336196
305,0.239199,-4.78679,2.82511
305,-0.442371,-4.71378,2.83926
305,2.39919,-4.76181,0.672271
305,1.62677,-4.60774,0.0955876
305,1.99962,-4.68444,0.356904
305,2.85428,-4.74165,0.0473526
305,2.86064,-4.74575,0.0592113
305,-0.821077,-4.37616,0.312467
305,2.40175,-4.77758,0.657365
305,2.28597,-4.81888,1.09366
305,1.2928,-4.61547,0.31698
305,-0.85186,-4.37636,0.298468
305,2.0251,-4.67001,0.0902958
305,2.01038,-4.67994,0.0862126
305,2.8587,-4.79809,0.267028
305,2.0085,-4.71735,0.314164
305,2.43497,-4.81335,0.620172
305,2.57207,-4.89677,1.13427
305,2.54893,-4.86747,0.899165
305,2.28372,-4.86089,1.08161
305,-0.381431,-4.4373,0.0253345
305,2.86021,-4.82876,0.272203
305,2.44624,-4.87589,0.989302
305,2.62438,-4.90639,1.03806
305,-0.445382,-4.45871,0.160045
305,2.87099,-4.84152,0.28156
305,2.45517,-4.89508,1.07968
305,2.62095,-4.91196,1.06771
305,2.54849,-4.88347,0.89101
305,2.62173,-4.91567,1.0752
305,2.55218,-4.86177,0.700058
305,2.44898,-4.8916,1.01892
305,2.32484,-4.88264,1.0546
305,2.54854,-4.88333,0.852869
305,-0.384422,-4.48305,0.238457
305,2.44259,-4.89863,1.06574
305,2.88386,-4.85096,0.282563
305,2.52039,-4.89012,0.92147
305,2.62758,-4.9216,1.06464
305,-0.436924,-4.47228,0.172341
305,2.52627,-4.89507,0.897633
305,-0.28363,-4.49314,0.161687
305,-0.354941,-4.47007,0.0378125
305,2.45991,-4.91002,1.07202
305,-0.368068,-4.47158,0.0172156
305,2.4612,-4.91739,1.07915
305,2.40453,-4.90188,1.00285
305,2.66918,-4.97533,1.32905
305,-0.291484,-4.49617,0.10145
305,2.46008,-4.9233,1.08812
305,2.07688,-4.86571,0.961964
305,2.56029,-4.91183,0.894388
305,-0.370259,-4.47953,0.0120186
305,2.3905,-4.91055,1.01805
305,2.45194,-4.86719,0.607294
305,-0.324679,-4.50087,0.0992489
305,-0.330865,-4.43294,-0.464907
305,-0.418938,-4.51077,0.235625
305,2.58341,-4.94077,0.995907
305,2.40549,-4.93008,1.0659
305,2.56799,-4.93541,0.950067
305,2.46796,-4.94715,1.09514
305,0.0550066,-4.59161,0.363939
305,2.02037,-4.90133,1.10173
305,2.27544,-4.9208,1.0276
305,2.67519,-5.00157,1.31893
305,2.01371,-4.90001,1.08252
305,-0.330456,-4.45337,-0.440612
305,2.01326,-4.90672,1.11099
305,2.58399,-4.97758,1.14612
305,2.06654,-4.90363,0.998708
305,-0.590827,-4.50125,0.0808765
305,2.57016,-4.96158,0.951304
305,-0.564983,-4.50851,0.0924648
305,-0.542089,-4.53155,0.244435
305,2.23945,-4.94367,1.08219
305,2.23931,-4.94306,1.07422
305,0.955137,-4.69942,0.24984
305,2.0141,-4.91627,1.05198
305,2.0211,-4.92153,1.07654
305,2.4469,-4.96977,1.08225
305,1.61805,-4.75905,0.0338759
305,2.05424,-4.92751,0.98196
305,2.07241,-4.89415,0.684174
305,2.07437,-4.9069,0.758507
305,-0.412677,-4.60841,0.523374
305,2.02465,-4.95048,1.0773
305,2.02841,-4.94812,1.04401
305,2.05517,-4.91811,0.699081
305,2.25269,-4.98619,1.06856
305,1.66642,-4.89918,0.887306
305,1.60492,-4.791,0.0371208
305,2.25275,-4.99518,1.01945
305,2.19784,-5.0003,1.06934
305,2.4816,-5.03031,1.05703
305,-0.34621,-4.53556,-0.421648
305,2.19817,-5.00271,1.07727
305,-0.611911,-4.56836,0.0707579
305,-0.466117,-4.62571,0.381566
305,0.922273,-4.76181,0.227836
305,0.919195,-4.76079,0.219436
305,-0.356748,-4.54754,-0.368005
305,1.64766,-4.91714,0.821943
305,2.07782,-4.95658,0.750539
305,0.0805889,-5.0032,2.9013
305,1.64685,-4.91706,0.793355
305,1.34472,-4.8526,0.497204
305,2.5748,-5.01282,0.641844
305,2.28219,-5.03696,1.06141
305,-1.41204,-4.46786,-0.252156
305,2.22466,-5.03133,1.0159
305,-0.374427,-4.57366,-0.397853
305,2.28291,-5.04478,1.03095
305,1.38776,-4.89636,0.562158
305,-0.436979,-4.68047,0.445134
305,1.62176,-4.86188,0.0518614
305,1.65531,-4.95474,0.745704
305,1.64805,-4.96176,0.776628
305,2.11031,-5.00614,0.720334
305,2.2056,-5.06338,1.0761
305,-0.811734,-4.56061,-0.299098
305,0.861669,-4.80814,0.172923
305,1.65143,-4.97398,0.805556
305,2.02114,-4.99989,0.682528
305,-1.45293,-4.88842,2.88554
305,1.64603,-4.97184,0.778144
305,1.40973,-4.91482,0.506835
305,1.62073,-4.8816,0.0458711
305,1.33648,-4.9192,0.597719
305,2.20694,-5.07613,1.07959
305,1.33526,-4.91651,0.557663
305,2.19525,-5.07812,1.06768
305,1.64407,-4.99661,0.897755
305,2.03923,-5.0027,0.569933
305,1.4086,-4.92683,0.509582
305,0.00672269,-5.08806,2.99506
305,1.64702,-4.90686,0.023972
305,1.65806,-5.00827,0.7951
305,2.08465,-5.05184,0.755201
305,1.63679,-4.91539,0.0305935
305,2.19742,-5.10294,1.04087
305,1.39552,-4.95627,0.559634
305,0.879855,-4.85365,0.157772
305,2.21014,-5.11147,1.04206
305,2.23341,-5.11066,1.0027
305,1.37118,-4.96005,0.536889
305,0.83183,-4.85175,0.142004
305,-0.507264,-4.72498,0.271429
305,1.40093,-4.9675,0.509743
305,1.61722,-5.04072,0.87498
305,1.26806,-4.96288,0.546785
305,2.24024,-5.12916,1.01012
305,2.71967,-5.21247,1.24443
305,-0.498498,-4.74006,0.274971
305,1.67129,-4.953,0.0527405
305,1.27773,-4.97838,0.586003
305,1.61417,-5.03946,0.768949
305,1.17846,-5.07667,1.41885
305,1.25099,-4.98377,0.576378
305,1.26659,-4.99379,0.5738
305,0.834789,-4.89367,0.143181
305,1.17773,-5.09243,1.39965
305,-0.606039,-4.75149,0.23745
305,1.21119,-5.11429,1.47511
305,0.865272,-4.91508,0.161976
305,1.2636,-5.00681,0.544595
305,2.09887,-5.15511,0.739362
305,-1.03033,-4.69119,-0.214074
305,1.6141,-5.03226,0.0219958
305,1.1766,-5.1547,1.38819
305,1.17513,-5.15813,1.38729
305,-1.07391,-4.70774,-0.250772
305,-0.584292,-4.82298,0.234695
305,-1.06786,-4.71362,-0.239943
305,-1.01132,-4.81635,0.304267
305,1.18583,-5.0953,0.536043
305,-1.1692,-4.74604,-0.325783
305,-0.356837,-4.85515,-0.3851
305,-0.397291,-4.90108,0.00221765
305,-0.437038,-4.91521,-0.0235862
305,1.43128,-5.17679,0.391845
305,1.41002,-5.18867,0.434865
305,-0.353565,-4.89959,-0.388576
305,-0.758332,-4.94692,0.311468
305,1.40206,-5.20046,0.387403
305,-0.444246,-4.94718,-0.0253056
305,-1.08724,-4.91226,0.262275
305,-0.234803,-5.02614,0.345642
305,-1.60833,-4.97905,1.17456
305,-0.422783,-4.99067,-0.0199686
305,-0.421594,-4.99887,-0.0194211
305,1.14491,-5.22739,0.398678
305,-0.738014,-5.00395,0.228806
305,1.42843,-5.26535,0.380614
305,-0.487409,-5.0039,-0.0428656
305,-0.337997,-5.06084,0.277561
305,1.15149,-5.23807,0.377104
305,-0.343595,-5.07087,0.238684
305,-1.69859,-5.02647,1.01198
305,-0.334931,-5.09026,0.265061
305,-1.46726,-5.07748,1.15706
305,1.15176,-5.27008,0.370199
305,1.17192,-5.27255,0.329852
305,1.38265,-5.3169,0.468671
305,-0.275137,-5.11648,0.321154
305,-0.436967,-5.09712,0.286143
305,-1.69259,-5.04621,0.974429
305,-0.307901,-5.05065,-0.259445
305,-0.285706,-5.1267,0.313604
305,-0.330381,-5.04698,-0.315958
305,-0.238355,-5.06199,-0.283065
305,1.16788,-5.29619,0.31749
305,-0.241431,-5.06925,-0.276708
305,-1.17756,-5.00061,0.00312686
305,-1.6624,-5.03882,0.713457
305,1.18714,-5.3161,0.311695
305,1.19043,-5.33017,0.303845
305,-0.304295,-5.17226,0.316127
305,-1.57653,-5.08339,0.729951
305,-1.55698,-5.11901,0.995905
305,-1.51906,-5.10868,0.832534
305,-1.66223,-5.07838,0.699166
305,-0.307148,-5.18386,0.306946
305,-1.21019,-5.05414,-0.0210614
305,-1.6799,-5.09296,0.701051
305,-1.45029,-5.15675,0.770334
305,-0.48853,-5.20224,0.265315
305,1.40333,-5.44264,0.437465
305,-1.60948,-5.15044,0.635929
305,-1.63461,-5.19272,0.730958
305,-1.68834,-5.24013,1.04262
305,-1.66285,-5.24213,0.974826
305,-1.69256,-5.26381,1.05092
305,-1.67061,-5.25638,0.93928
305,-1.67593,-5.26672,0.965988
305,-1.57414,-5.23893,0.615641
305,1.40566,-6.04155,1.34689
305,1.381,-6.47525,1.30806
305,2.49848,-6.66677,0.243551
305,6.83218,-17.9712,1.03247
305,1.37325,-4.1147,0.733687
304,1.37325,-4.1147,0.733687
305,0.182901,-3.6191,0.608662
304,0.182901,-3.6191,0.608662
305,2.86682,-4.77549,0.297194
304,2.86682,-4.77549,0.297194
305,1.25905,-4.81793,0.565335
298,1.25905,-4.81793,0.565335
305,1.34195,-5.15191,0.503612
298,1.34195,-5.15191,0.503612
305,1.20529,-5.0138,0.636614
298,1.20529,-5.0138,0.636614
305,-0.875941,-5.16543,3.01009
298,-0.875941,-5.16543,3.01009
305,-0.899585,-5.2141,3.03097
298,-0.899585,-5.2141,3.03097
305,-0.797062,-5.03979,2.94138
298,-0.797062,-5.03979,2.94138
305,-0.877494,-5.18054,3.00813
298,-0.877494,-5.18054,3.00813
305,1.41676,-5.10391,0.454179
300,1.41676,-5.10391,0.454179
305,2.26755,-5.11448,1.07762
300,2.26755,-5.11448,1.07762
305,-0.565757,-4.55623,0.296022
300,-0.565757,-4.55623,0.296022
305,-0.439299,-4.57786,-0.432038
297,-0.439299,-4.57786,-0.432038
305,-0.357774,-4.82785,0.0226779
297,-0.357774,-4.82785,0.0226779
305,-0.593376,-4.78507,0.319116
303,-0.593376,-4.78507,0.319116
305,1.67058,-4.36628,0.853654
303,1.67058,-4.36628,0.853654
305,-1.31947,-5.05331,0.639913
293,-1.31947,-5.05331,0.639913
305,-0.585431,-5.18509,-0.583506
291,-0.585431,-5.18509,-0.583506
305,2.0182,-5.01209,0.72324
68,2.0182,-5.01209,0.72324
306,2.32202,-4.51816,0.3485
306,2.33136,-4.54305,0.350534
306,2.32783,-4.55438,0.338109
306,1.86114,-4.38637,3.02092
306,1.83286,-4.43382,3.04632
306,1.87051,-4.44482,3.04979
306,1.85802,-4.49597,3.07478
306,3.15558,-4.71068,0.361874
306,3.98582,-4.66047,1.75611
306,1.83603,-4.51728,3.0881
306,2.8409,-4.72099,0.327128
306,4.05405,-4.67545,1.72737
306,1.83599,-4.55006,3.10087
306,1.73616,-4.57388,3.01841
306,4.03704,-4.73501,1.76445
306,3.16085,-4.79579,0.422748
306,4.03931,-4.73848,1.76473
306,1.73531,-4.60161,3.02934
306,3.83339,-4.67199,3.01711
306,3.80151,-4.68301,3.01111
306,4.01045,-4.77111,1.77319
306,1.73735,-4.63841,3.05927
306,3.15595,-4.84683,0.433883
306,1.92571,-4.64723,3.07231
306,4.0135,-4.78957,1.78685
306,1.91354,-4.65519,3.0806
306,1.73988,-4.65968,3.06921
306,1.75674,-4.67652,2.9888
306,3.1594,-4.87938,0.450792
306,1.92345,-4.67943,3.08467
306,2.53028,-4.83862,0.940945
306,3.1557,-4.88849,0.448329
306,2.55917,-4.83562,1.14076
306,3.17685,-4.84975,1.41178
306,1.75279,-4.71517,3.0032
306,2.57467,-4.86738,0.956202
306,1.94351,-4.72033,3.02875
306,2.36251,-4.85674,1.101
306,1.98655,-4.72854,2.97198
306,1.82999,-4.72475,3.02517
306,1.74209,-4.72062,3.09796
306,1.9184,-4.72647,3.08943
306,2.0647,-4.87341,0.910686
306,3.91685,-4.79013,3.09495
306,2.42443,-4.90622,0.642658
306,1.64675,-4.87651,0.808161
306,2.18585,-4.90602,0.603665
306,2.55706,-4.89528,0.961492
306,3.15488,-4.8915,1.30058
306,1.8107,-4.74673,3.02834
306,2.07464,-4.88419,0.971308
306,2.18688,-4.88153,1.07452
306,1.75027,-4.74719,3.01763
306,2.45933,-4.92446,0.591919
306,2.45727,-4.92358,0.606279
306,1.83041,-4.75242,3.04709
306,2.33418,-4.92173,0.594182
306,2.52512,-4.9055,0.939314
306,2.52518,-4.90881,0.927892
306,1.85008,-4.76172,2.97026
306,2.07448,-4.90518,0.80209
306,2.3972,-4.92836,0.586911
306,2.55694,-4.91405,0.885609
306,1.9383,-4.76103,3.04107
306,2.22073,-4.8957,1.03889
306,2.52184,-4.91191,0.922072
306,2.25574,-4.89503,1.08944
306,2.18598,-4.9246,0.59459
306,2.28776,-4.8977,1.08799
306,1.66108,-4.89849,0.807155
306,1.71548,-4.75902,3.0468
306,1.9809,-4.77004,2.99051
306,2.46824,-4.91373,0.941905
306,2.06192,-4.89807,1.01707
306,1.87845,-4.77039,2.96435
306,1.99325,-4.77305,2.99118
306,2.17621,-4.89992,1.07596
306,2.40014,-4.93497,0.62148
306,2.19952,-4.90329,1.03871
306,1.22886,-4.75568,2.95322
306,2.05554,-4.90264,0.994525
306,2.01703,-4.89707,1.08202
306,2.35865,-4.93873,0.589209
306,2.52249,-4.92422,0.933991
306,1.81046,-4.77399,3.03735
306,2.0006,-4.78238,2.99489
306,2.24619,-4.91043,1.08125
306,1.42507,-4.92099,0.553556
306,2.40983,-4.94786,0.587747
306,1.92295,-4.77951,3.05029
306,1.35718,-4.92351,0.53584
306,1.89718,-4.78531,2.96979
306,1.7338,-4.77738,3.04625
306,1.8832,-4.78682,2.968
306,2.39637,-4.94976,0.618091
306,2.5246,-4.93518,0.913827
306,2.10646,-4.91617,1.03075
306,1.9153,-4.78748,3.00402
306,1.9077,-4.78905,2.9994
306,2.34123,-4.95365,0.580918
306,1.3774,-4.93428,0.486944
306,1.79766,-4.78574,3.03234
306,1.41617,-4.93544,0.494856
306,1.74629,-4.78534,3.04587
306,1.81619,-4.78858,3.03262
306,1.83891,-4.78994,3.04348
306,1.90976,-4.79228,3.0484
306,1.63945,-4.92807,0.784831
306,1.85654,-4.79683,2.99566
306,1.9031,-4.80196,2.97664
306,2.19641,-4.96028,0.599149
306,1.41824,-4.94202,0.544642
306,1.81617,-4.79692,3.03635
306,1.8264,-4.79873,3.01367
306,1.79163,-4.80036,2.9841
306,1.65044,-4.92647,0.922553
306,1.92153,-4.80263,3.01127
306,2.2314,-4.93467,1.0623
306,1.84827,-4.80262,3.00275
306,1.98528,-4.80823,2.99383
306,1.99239,-4.81025,3.01379
306,2.31648,-4.94428,1.035
306,1.99813,-4.93396,1.05996
306,2.02674,-4.81333,2.98651
306,2.01064,-4.96407,0.596536
306,1.97226,-4.8129,2.97771
306,2.48392,-4.95567,0.942843
306,1.97186,-4.81266,3.01211
306,2.22198,-4.94505,1.03718
306,2.30427,-4.94538,1.07418
306,1.90826,-4.81256,3.00967
306,2.49882,-4.96152,0.910656
306,2.00096,-4.81765,2.99102
306,2.22179,-4.94919,1.02334
306,2.33272,-4.95264,1.02568
306,1.82469,-4.81352,3.02411
306,3.9673,-4.86848,3.12786
306,1.96447,-4.82033,3.01011
306,1.85495,-4.8196,2.99025
306,2.29144,-4.95473,1.06023
306,2.0166,-4.82609,2.98585
306,2.42433,-4.96668,0.95105
306,1.84263,-4.82093,3.0072
306,1.98264,-4.82584,2.99426
306,2.08106,-4.9571,0.956753
306,1.749,-4.81126,3.13574
306,0.860933,-4.97675,0.184385
306,-0.566256,-4.75973,3.00083
306,1.83533,-4.82942,2.96891
306,-0.622959,-4.75551,3.06186
306,2.13445,-4.98159,0.719045
306,1.71789,-4.99708,0.297715
306,2.27132,-4.90467,2.01876
306,2.14242,-4.98352,0.718375
306,1.97812,-4.83598,2.99214
306,1.75304,-4.82596,3.05267
306,1.82114,-4.82882,3.06423
306,1.80806,-4.82983,3.04665
306,1.23647,-4.97008,0.586303
306,1.84654,-4.83437,3.03054
306,1.37823,-4.98254,0.482779
306,1.66102,-4.82424,3.12635
306,3.9595,-4.9022,2.91513
306,1.83137,-4.83994,2.96778
306,1.93,-4.83714,3.07611
306,3.99258,-4.90039,2.99914
306,2.16582,-4.99561,0.691858
306,1.98573,-4.84665,2.98024
306,1.89966,-4.84561,2.99791
306,1.84601,-4.84463,3.01425
306,1.64495,-4.98256,0.783842
306,1.36315,-4.99005,0.545135
306,1.97041,-4.85477,2.98451
306,1.80238,-4.84963,3.00244
306,1.3516,-4.99425,0.509127
306,-0.579892,-4.78553,2.97224
306,-0.592913,-4.78352,3.01854
306,1.61705,-4.97816,0.915394
306,1.82196,-4.85511,2.97468
306,1.92819,-4.855,3.02839
306,1.68841,-4.84668,3.06862
306,1.82305,-4.8525,3.03977
306,1.83814,-4.85399,3.02345
306,1.29821,-4.99391,0.578265
306,1.34924,-5.0024,0.468467
306,-0.60417,-4.78986,3.01983
306,1.80465,-4.86437,3.01099
306,1.74221,-4.86313,3.01495
306,1.96482,-4.8685,3.03121
306,1.20664,-5.028,0.194347
306,1.8201,-4.87376,2.97614
306,1.98284,-4.87613,3.02072
306,-0.592678,-4.80715,2.98608
306,1.83082,-4.87554,2.98634
306,1.34035,-5.02258,0.472685
306,2.08118,-4.88791,2.95598
306,1.34463,-5.02744,0.51634
306,-0.598968,-4.81606,3.03209
306,1.20789,-5.02454,0.559813
306,1.7764,-4.89451,3.01133
306,1.63404,-4.98855,1.45784
306,4.02527,-4.94903,3.18108
306,1.31571,-5.04875,0.448804
306,1.30172,-5.04323,0.55201
306,1.66174,-4.99785,1.44134
306,-0.552125,-4.84052,2.97906
306,1.79743,-4.90381,3.02272
306,1.7971,-4.90447,3.01482
306,1.79433,-4.90741,3.02771
306,1.30132,-5.04924,0.564051
306,-0.288199,-5.02509,0.307788
306,1.33381,-5.05987,0.503229
306,1.27849,-4.89674,3.08331
306,1.31363,-5.06618,0.443568
306,1.31137,-5.06901,0.444717
306,1.30292,-5.06713,0.47386
306,1.78699,-4.92881,2.95419
306,1.77447,-4.92812,3.02776
306,1.2815,-5.07935,0.461643
306,-0.312204,-5.05461,0.303039
306,1.78674,-4.95309,2.96408
306,-0.730034,-4.88473,2.97574
306,1.78378,-4.96627,2.98341
306,2.03339,-4.98231,2.9872
306,1.66437,-5.07363,1.44394
306,-0.858212,-5.09139,0.288142
306,1.16621,-5.07889,1.39272
306,-0.845805,-5.09423,0.286807
306,1.36415,-4.97813,3.11454
306,1.17251,-5.09109,1.40976
306,1.16346,-5.09855,1.4158
306,-0.829071,-4.9381,3.09174
306,1.17423,-5.10303,1.40343
306,3.13291,-5.16501,1.36155
306,3.19421,-5.05381,3.16948
306,-0.58023,-4.97087,2.97064
306,-0.28686,-5.15891,0.325557
306,2.07418,-5.06807,3.02054
306,-0.752802,-5.00132,2.92963
306,3.03208,-5.09091,3.26034
306,-0.83663,-5.00464,3.01447
306,3.38758,-5.12268,3.07108
306,-0.850906,-5.00192,3.19067
306,-0.807307,-5.02316,2.92896
306,-0.772464,-5.02435,2.94739
306,2.54634,-5.11328,3.01871
306,-0.829979,-5.04103,2.9265
306,3.06554,-5.14212,3.0656
306,-0.847323,-5.03906,3.02087
306,-0.905497,-5.05,3.03515
306,3.44118,-5.16511,3.18049
306,3.45203,-5.18165,3.09358
306,3.17572,-5.16247,3.28753
306,2.43455,-5.16282,3.04507
306,2.90878,-5.16368,3.28137
306,3.88093,-5.19298,3.2641
306,-0.675339,-5.083,3.00695
306,2.80242,-5.16655,3.27832
306,0.0649201,-5.1085,3.0473
306,3.45946,-5.19857,3.25815
306,2.77097,-5.19409,3.05624
306,-0.674133,-5.1007,3.01345
306,0.0241494,-5.12085,3.03314
306,0.00921392,-5.13347,3.02114
306,3.77791,-5.24944,3.13791
306,-0.025425,-5.15133,3.04736
306,-1.05059,-5.12173,3.19832
306,-1.04959,-5.13496,3.20002
306,-0.00858533,-5.17447,3.04469
306,2.99608,-5.25398,3.14946
306,-0.748473,-5.16264,3.03281
306,-1.06454,-5.15224,3.20851
306,3.92459,-5.2965,3.15119
306,-1.07626,-5.15573,3.17651
306,-0.0395736,-5.19578,3.09734
306,3.17582,-5.39506,1.38017
306,3.14085,-5.30321,3.16344
306,-0.759523,-5.20669,3.04962
306,-0.78244,-5.21306,3.03443
306,3.22928,-5.30957,3.29684
306,3.12517,-5.43184,1.38161
306,-0.065347,-5.23944,3.08534
306,0.704469,-5.25414,3.20289
306,0.554868,-5.25921,3.14503
306,-1.11135,-5.21427,3.18932
306,-1.115,-5.21544,3.21384
306,-1.10662,-5.22062,3.16647
306,0.630466,-5.27369,3.14698
306,-1.11415,-5.23098,3.11428
306,-1.13311,-5.24609,3.11339
306,-0.800642,-5.26815,3.05541
306,-1.135,-5.26659,3.17962
306,-0.100617,-5.30061,3.12704
306,0.0178437,-5.31938,3.14203
306,-0.960551,-5.47872,0.305137
306,-0.833727,-5.31284,3.08615
306,-0.117285,-5.34133,3.14048
306,2.31137,-5.40489,3.28163
306,-0.124529,-5.34975,3.14733
306,2.2678,-5.48489,3.31968
306,-0.140921,-5.4337,3.18925
306,0.681226,-5.46829,3.22803
306,2.27286,-5.51137,3.33124
306,3.22218,-5.68292,1.20397
306,0.567344,-5.48136,3.23436
306,-0.961388,-5.45421,3.04532
306,0.43707,-5.62615,3.35909
306,0.62944,-5.64389,3.20216
306,1.2659,-5.69127,3.19356
306,-0.333336,-5.69525,3.21662
306,1.34886,-5.77258,3.34228
306,1.40582,-5.80375,3.41883
306,0.158873,-5.77933,3.34029
306,0.17757,-5.84389,3.21476
306,0.520301,-5.88217,3.2947
306,0.373119,-5.94309,3.35196
306,0.152429,-5.94593,3.25406
306,1.01439,-5.98382,3.30829
306,0.813107,-5.96882,3.47228
306,0.310295,-5.96896,3.25888
306,1.10264,-5.98825,3.31611
306,-0.102462,-5.9999,3.25358
306,0.430979,-6.02287,3.29931
306,0.358542,-6.05359,3.30536
306,0.736097,-6.06087,3.37903
306,1.10901,-6.17666,3.48791
306,0.543887,-6.17558,3.3502
306,0.532552,-6.23918,3.37436
306,0.596046,-6.26409,3.51594
306,3.47633,-6.49543,1.13695
306,0.668031,-6.35572,3.4969
306,0.801471,-6.3942,3.50498
306,0.760604,-6.44604,3.4687
306,0.802564,-6.55496,3.51354
306,1.17905,-9.71782,1.17044
306,1.27708,-4.69945,0.69087
304,1.27708,-4.69945,0.69087
306,1.30993,-5.04641,0.61831
298,1.30993,-5.04641,0.61831
306,-0.00932998,-5.13708,3.04939
298,-0.00932998,-5.13708,3.04939
306,-0.363841,-5.30504,0.274948
298,-0.363841,-5.30504,0.274948
306,-0.848387,-5.2107,3.0208
298,-0.848387,-5.2107,3.0208
306,-0.853854,-5.16991,3.08827
298,-0.853854,-5.16991,3.08827
306,2.28992,-4.98666,2.02942
298,2.28992,-4.98666,2.02942
306,-0.766773,-5.15382,3.09009
298,-0.766773,-5.15382,3.09009
306,-0.85447,-5.29978,2.98731
298,-0.85447,-5.29978,2.98731
306,2.04661,-4.80939,0.941909
298,2.04661,-4.80939,0.941909
306,2.28148,-4.96242,2.02605
298,2.28148,-4.96242,2.02605
306,1.17607,-5.09902,1.3903
300,1.17607,-5.09902,1.3903
307,3.27886,-3.30506,0.358248
307,3.26258,-3.31124,0.360638
307,3.25187,-3.31993,0.376623
307,3.25672,-3.33092,0.256448
307,3.24503,-3.34055,0.295592
307,3.25357,-3.33726,0.253185
307,3.26897,-3.34557,0.273373
307,3.53118,-3.45281,0.338262
307,3.50252,-3.46444,0.368065
307,0.320527,-4.12451,0.505326
307,0.452933,-4.08932,-0.00389719
307,0.298773,-4.16342,0.493503
307,1.27432,-4.05427,0.423551
307,1.25171,-4.07314,0.4323
307,1.30993,-4.06517,0.409338
307,1.3177,-4.0684,0.417807
307,1.30204,-4.08739,0.397748
307,1.34002,-4.08447,0.441277
307,1.35382,-4.09994,0.465061
307,1.1545,-4.12813,0.41324
307,1.33464,-4.10176,0.43318
307,1.35264,-4.10009,0.4337
307,1.29651,-4.12094,0.45702
307,1.32768,-4.11412,0.425032
307,1.30509,-4.12289,0.456624
307,1.34003,-4.11649,0.441594
307,1.2512,-4.13091,0.42413
307,1.26111,-4.13027,0.422186
307,1.14277,-4.14753,0.401846
307,1.28366,-4.13765,0.440279
307,1.14389,-4.15878,0.396845
307,1.24708,-4.14536,0.412961
307,1.29503,-4.142,0.445839
307,1.26848,-4.15011,0.442617
307,1.33885,-4.1681,0.459562
307,1.47847,-4.17049,0.385391
307,1.5046,-4.17582,0.384193
307,1.55116,-4.17964,0.306885
307,1.47542,-4.20587,0.373835
307,1.47825,-4.20841,0.372718
307,1.5146,-4.21025,0.312389
307,1.50859,-4.212,0.322732
307,1.47539,-4.23083,0.367161
307,1.48843,-4.24148,0.356653
307,1.47441,-4.24822,0.354084
307,1.3114,-4.28102,0.457314
307,1.31895,-4.29081,0.420486
307,1.30233,-4.32524,0.440507
307,1.27419,-4.50471,0.383105
307,1.62605,-4.47325,0.180917
307,2.62283,-4.38417,0.365948
307,2.62371,-4.39817,0.353636
307,2.62053,-4.40227,0.357769
307,2.65118,-4.40567,0.258858
307,2.65145,-4.4062,0.256813
307,2.30232,-4.47623,0.245868
307,2.29677,-4.47818,0.240395
307,2.3083,-4.48073,0.246284
307,2.34271,-4.48589,0.275876
307,-0.122476,-4.90263,0.317479
307,3.85848,-4.44647,2.81572
307,0.895459,-4.73879,0.218877
307,2.81666,-4.45159,0.240904
307,2.79023,-4.46179,0.246245
307,2.72201,-4.47874,0.200803
307,0.873859,-4.77511,0.240925
307,2.33122,-4.55145,0.318266
307,2.72195,-4.49257,0.200546
307,0.882009,-4.79882,0.181825
307,2.73667,-4.5138,0.196943
307,3.89394,-4.51303,2.8429
307,0.857178,-4.82797,0.226482
307,0.890939,-4.82644,0.260038
307,0.88566,-4.82834,0.259318
307,0.892258,-4.83298,0.250016
307,0.875578,-4.84394,0.254302
307,0.881375,-4.85775,0.240511
307,-0.240211,-5.04089,0.30958
307,-0.227533,-5.04996,0.3076
307,3.75438,-4.60953,2.97398
307,-0.263361,-5.07072,0.28683
307,1.98577,-4.72856,0.338014
307,2.00119,-4.72492,0.311185
307,2.83762,-4.5865,0.194765
307,3.91225,-4.60314,2.86999
307,2.00076,-4.78421,1.08216
307,1.4031,-4.8528,0.54542
307,3.93827,-4.60666,2.78613
307,3.8379,-4.63258,2.88438
307,3.90164,-4.63142,2.85089
307,2.84333,-4.61831,0.180085
307,3.86156,-4.64022,2.84886
307,2.09884,-4.79065,0.911492
307,2.00468,-4.77081,0.306765
307,1.98569,-4.7743,0.145234
307,2.83784,-4.64325,0.15949
307,3.91613,-4.65701,2.875
307,1.67613,-4.82683,0.156054
307,2.80717,-4.65399,0.155059
307,1.62776,-4.90145,0.927188
307,1.65543,-4.84508,0.124054
307,2.8448,-4.66192,0.1512
307,2.26691,-4.81811,1.06495
307,3.86946,-4.69411,2.9017
307,2.84998,-4.67509,0.152617
307,3.94614,-4.69384,2.90894
307,1.65336,-4.87234,0.124758
307,3.89131,-4.70951,2.90742
307,3.95825,-4.69932,2.90844
307,3.93472,-4.70553,2.88237
307,3.96823,-4.69773,2.83476
307,3.93932,-4.70808,2.85462
307,3.89205,-4.71989,2.91884
307,3.909,-4.7165,2.88285
307,1.66164,-4.8908,0.126776
307,4.07449,-4.61235,1.58799
307,3.94775,-4.72112,2.89114
307,1.634,-4.9519,0.893756
307,2.21008,-4.84196,0.587839
307,1.62223,-4.9572,0.922657
307,3.94163,-4.65048,1.77894
307,3.85393,-4.73518,2.81664
307,1.65099,-4.9443,0.774695
307,3.89068,-4.73353,2.84718
307,2.83324,-4.73104,0.287129
307,2.40814,-4.82678,0.708981
307,3.91977,-4.7375,2.8814
307,2.86239,-4.72934,0.288386
307,1.74601,-4.90967,0.321391
307,1.62765,-4.91676,0.11586
307,2.47563,-4.81868,0.601672
307,2.38078,-4.8423,0.69457
307,2.41666,-4.83041,0.596738
307,2.38269,-4.84053,0.664483
307,2.35823,-4.85163,0.742643
307,1.23087,-5.013,0.485814
307,2.36045,-4.85216,0.712107
307,3.89002,-4.75542,2.84375
307,1.65516,-4.96764,0.779165
307,1.62248,-4.98296,0.921459
307,1.29857,-5.01171,0.58888
307,1.64387,-4.9707,0.783543
307,1.65728,-4.96658,0.742837
307,1.64481,-4.97087,0.766614
307,2.35457,-4.85171,0.650793
307,2.19655,-4.87649,0.628889
307,2.04595,-4.91617,0.862709
307,1.21114,-5.02507,0.516343
307,3.16292,-4.70631,0.32656
307,2.17985,-4.87792,0.578542
307,2.14654,-4.88792,0.634635
307,2.83376,-4.76002,0.332232
307,2.4572,-4.83649,0.582608
307,2.4277,-4.87679,1.09814
307,2.34423,-4.8611,0.668831
307,3.14404,-4.71461,0.333776
307,1.99824,-4.9465,1.10186
307,2.07447,-4.91301,0.771604
307,2.34724,-4.86224,0.627815
307,3.18814,-4.69748,0.123901
307,4.10217,-4.65337,1.6017
307,2.04434,-4.92058,0.760039
307,3.14027,-4.79268,1.40189
307,1.29892,-5.02441,0.542049
307,2.47961,-4.84358,0.597894
307,2.11215,-4.91172,0.74907
307,2.52617,-4.85286,0.821518
307,1.7181,-4.94405,0.281027
307,2.30806,-4.87959,0.632757
307,3.21525,-4.70077,0.0678614
307,2.86272,-4.77187,0.292217
307,2.05217,-4.93243,0.754912
307,2.50167,-4.85768,0.690493
307,2.42298,-4.86412,0.599629
307,1.32492,-5.03197,0.493518
307,3.16872,-4.73131,0.315446
307,2.34141,-4.87861,0.567478
307,3.17658,-4.73039,0.310689
307,3.2017,-4.71485,0.137302
307,2.38424,-4.88048,0.6888
307,3.20538,-4.71067,0.0790516
307,2.85103,-4.78217,0.313535
307,2.05009,-4.92731,0.595647
307,2.43458,-4.90077,1.09798
307,2.15458,-4.9179,0.663643
307,2.16052,-4.91688,0.654844
307,2.17928,-4.91187,0.62236
307,2.40037,-4.87415,0.570745
307,2.36714,-4.88877,0.703561
307,3.15305,-4.74087,0.329334
307,3.26404,-4.70802,0.0959646
307,2.35996,-4.88978,0.685908
307,3.21882,-4.71432,0.0801078
307,2.29068,-4.89544,0.58746
307,3.20154,-4.72303,0.141833
307,2.31639,-4.89214,0.580607
307,2.15414,-4.92157,0.627864
307,3.15556,-4.81696,1.40393
307,2.4192,-4.91215,1.09601
307,3.14631,-4.81993,1.42018
307,2.34801,-4.89187,0.616295
307,4.00316,-4.70947,1.76913
307,3.16114,-4.81742,1.40668
307,2.35123,-4.89737,0.701195
307,3.2687,-4.70976,0.0503626
307,2.3869,-4.88766,0.630115
307,2.15795,-4.91957,0.56828
307,3.17428,-4.81568,1.3954
307,3.21906,-4.72127,0.0802777
307,3.2695,-4.71123,0.0473034
307,2.39775,-4.88987,0.654851
307,1.15501,-5.13824,1.44419
307,2.14873,-4.92438,0.584053
307,4.00576,-4.71202,1.75932
307,2.38434,-4.89443,0.678115
307,2.37095,-4.8993,0.701331
307,2.29334,-4.90393,0.585664
307,2.14847,-4.92854,0.591736
307,2.31442,-4.90556,0.629201
307,3.15208,-4.75427,0.332518
307,2.36935,-4.9069,0.736955
307,3.15499,-4.76074,0.382228
307,3.26996,-4.72384,0.0926664
307,1.29645,-5.06419,0.536851
307,1.29381,-5.06781,0.57888
307,2.53884,-4.88952,0.760187
307,2.6382,-4.90929,1.28046
307,3.17001,-4.76617,0.376891
307,3.15873,-4.77339,0.386965
307,1.16037,-5.15993,1.43171
307,3.16146,-4.77949,0.37865
307,3.17272,-4.78035,0.37028
307,2.29825,-4.96498,1.05178
307,3.18604,-4.78487,0.305278
307,1.34258,-5.09161,0.49303
307,3.16243,-4.79843,0.379776
307,4.20338,-4.62955,0.292976
307,3.12934,-4.80862,0.413677
307,4.19264,-4.66896,0.472454
307,3.92589,-4.71391,0.366648
307,3.91991,-4.7229,0.38144
307,3.94629,-4.72183,0.391335
307,3.14215,-4.8575,0.479254
307,4.21489,-4.69386,0.455803
307,3.15346,-4.87355,0.403808
307,4.23514,-4.70018,0.306737
307,4.26613,-4.71376,0.426387
307,4.27943,-4.70726,0.268279
307,3.9901,-4.76392,0.373348
307,3.98398,-4.77508,0.509122
307,4.26855,-4.73384,0.259158
307,4.26236,-4.75126,0.415261
307,4.01138,-4.79448,0.368465
307,4.01376,-4.80358,0.35577
307,4.00005,-4.80377,0.297668
307,5.30237,-4.7177,1.47654
307,1.12638,-5.38473,1.40191
307,5.34173,-4.74666,1.46835
307,4.03996,-4.88735,0.258283
307,4.01671,-4.89481,0.0255655
307,4.05747,-4.89157,0.00799596
307,1.18248,-5.06507,1.3951
305,1.18248,-5.06507,1.3951
307,1.18248,-5.06507,1.3951
305,1.18248,-5.06507,1.3951
307,1.6534,-5.0111,0.788008
305,1.6534,-5.0111,0.788008
307,1.61259,-5.04355,0.8679
305,1.61259,-5.04355,0.8679
307,3.09654,-5.38482,1.17686
306,3.09654,-5.38482,1.17686
307,3.17119,-5.61498,1.16183
306,3.17119,-5.61498,1.16183
307,3.05966,-4.59455,0.471784
306,3.05966,-4.59455,0.471784
307,1.16053,-5.10489,1.40919
306,1.16053,-5.10489,1.40919
307,1.47157,-4.47862,0.616997
306,1.47157,-4.47862,0.616997
307,2.39958,-4.80999,0.653746
298,2.39958,-4.80999,0.653746
307,2.0822,-4.89039,0.911576
68,2.0822,-4.89039,0.911576
307,2.10805,-4.82033,1.03476
68,2.10805,-4.82033,1.03476
307,2.60298,-4.97918,0.601328
300,2.60298,-4.97918,0.601328
307,2.47597,-4.91882,0.634516
297,2.47597,-4.91882,0.634516
307,2.01957,-4.98005,0.718601
297,2.01957,-4.98005,0.718601
307,2.18358,-4.91898,0.594203
297,2.18358,-4.91898,0.594203
308,1.72316,-0.74555,1.04135
308,1.75623,-0.758553,1.09062
308,1.80139,-0.925028,1.0075
308,1.6947,-1.07741,1.19069
308,1.6947,-1.07742,1.19069
308,1.81152,-0.977276,0.976126
308,1.66842,-1.34955,1.05034
308,1.95954,-2.08077,0.346197
308,2.84587,-2.50466,1.3966
308,3.65744,-1.74564,-0.0524956
308,1.36301,-2.39131,-0.619338
308,1.36665,-2.394,-0.61792
308,1.37632,-2.41097,-0.599816
308,1.25405,-2.90379,0.218271
308,2.34112,-2.20613,-0.549327
308,2.34293,-2.20721,-0.553291
308,2.34036,-2.22387,-0.519925
308,2.34348,-2.22816,-0.528538
308,1.2905,-2.57107,-0.589769
308,1.27137,-2.57466,-0.634747
308,1.29376,-2.57962,-0.608606
308,2.37964,-2.28818,-0.585019
308,0.999458,-3.09365,0.179873
308,0.987051,-3.10044,0.15294
308,1.00178,-3.11015,0.175884
308,0.99819,-3.1107,0.171516
308,1.00745,-3.13037,0.170795
308,1.02793,-3.13772,0.175113
308,2.36933,-2.37929,-0.553695
308,0.716263,-3.25866,0.172899
308,2.37188,-2.4086,-0.51649
308,2.3785,-2.40845,-0.531986
308,2.43501,-2.36305,-0.659932
308,2.3847,-2.43761,-0.544315
308,2.38887,-2.44745,-0.559722
308,2.39154,-2.42878,-0.603539
308,0.67335,-3.30697,0.0715491
308,0.895964,-3.24918,0.0947709
308,2.37522,-2.517,-0.503605
308,2.39841,-2.46527,-0.628805
308,2.39649,-2.48556,-0.587958
308,2.45682,-2.39372,-0.767007
308,2.38551,-2.52765,-0.513389
308,2.45859,-2.39589,-0.767966
308,2.46264,-2.42098,-0.72875
308,2.46376,-2.43009,-0.723222
308,0.64846,-3.47328,0.246289
308,2.42628,-2.50215,-0.605255
308,2.27034,-2.78154,-0.0984
308,2.39732,-2.55434,-0.535707
308,2.40053,-2.5615,-0.543519
308,2.40283,-2.58327,-0.510586
308,2.46263,-2.51635,-0.692445
308,1.94358,-3.35768,0.857928
308,2.48557,-2.57799,-0.74625
308,3.60111,-2.24709,-0.64554
308,2.3056,-2.90133,-0.175504
308,2.43948,-2.68592,-0.614853
308,3.64738,-2.22985,-0.717394
308,2.44631,-2.69293,-0.652734
308,1.86227,-3.16197,-0.0279715
308,1.86204,-3.16465,-0.0238706
308,1.92432,-3.1985,0.100459
308,1.88284,-3.2105,0.0927548
308,2.19566,-3.40378,0.797497
308,1.86781,-3.17323,-0.0244672
308,1.90292,-3.22224,0.112799
308,3.68478,-2.25482,-0.747382
308,1.8618,-3.19261,-0.0155547
308,2.51247,-2.67868,-0.772801
308,1.88845,-3.25489,0.0740592
308,2.51648,-2.65503,-0.832303
308,2.51663,-2.65751,-0.829863
308,2.43811,-2.79343,-0.577509
308,2.43316,-3.05491,-0.0405331
308,0.56202,-3.60109,-0.272322
308,1.28792,-3.44588,-0.0693648
308,2.86487,-2.88386,-0.160502
308,1.8844,-3.31633,0.0611622
308,2.46033,-2.84515,-0.61008
308,0.791292,-3.48147,-0.462162
308,2.86151,-2.90213,-0.160977
308,2.45281,-3.13002,-0.0115312
308,2.49122,-2.86822,-0.629433
308,1.06811,-3.47664,-0.347862
308,2.45962,-3.14419,-0.0231588
308,1.89166,-3.38173,0.0621605
308,2.10395,-3.14791,-0.317673
308,2.83172,-3.02169,-0.0290439
308,2.48418,-2.90373,-0.59811
308,2.15645,-3.14056,-0.308654
308,1.3208,-3.50483,-0.137323
308,2.45434,-3.16283,-0.0291325
308,2.45605,-3.16429,-0.0297763
308,2.15638,-3.16584,-0.287009
308,2.83983,-3.03621,-0.0451441
308,2.43996,-3.17456,-0.0427964
308,1.88103,-3.38866,0.00789285
308,2.08135,-3.18119,-0.322904
308,1.88485,-3.3901,0.00750351
308,2.50709,-2.91537,-0.607723
308,2.3507,-3.10877,-0.291631
308,1.87947,-3.41596,0.0387031
308,2.1078,-3.18004,-0.332282
308,2.90709,-2.95312,-0.245217
308,0.775045,-3.55863,-0.539349
308,2.54328,-2.86355,-0.761589
308,3.59213,-3.00399,0.389266
308,2.54535,-2.87291,-0.77125
308,1.29278,-3.57803,-0.135539
308,0.773249,-3.63394,-0.425996
308,2.54742,-2.8879,-0.764168
308,3.61944,-3.03296,0.395321
308,0.777757,-3.65045,-0.445054
308,1.83214,-3.36948,-0.256416
308,3.2429,-3.01975,0.0344014
308,2.45046,-3.13164,-0.383955
308,1.56133,-3.34387,-0.61398
308,3.25264,-3.0416,0.0367018
308,2.75077,-3.06274,-0.325984
308,1.73468,-3.34208,-0.489529
308,2.47405,-3.09091,-0.50494
308,2.75556,-3.09757,-0.27966
308,1.52765,-3.41621,-0.52024
308,2.70615,-3.11417,-0.282907
308,1.73294,-3.35181,-0.509105
308,2.46558,-3.14421,-0.414617
308,1.74093,-3.38203,-0.459595
308,3.50071,-3.00599,0.0649769
308,1.52261,-3.40898,-0.598726
308,1.73143,-3.39768,-0.458228
308,2.71911,-3.13525,-0.292101
308,2.48755,-3.35186,0.00854945
308,3.67559,-3.10254,0.374667
308,1.5124,-3.88826,0.467962
308,2.48435,-3.13041,-0.543154
308,2.77573,-3.11479,-0.358157
308,2.5695,-3.19045,-0.347419
308,1.55141,-3.41877,-0.63485
308,2.77707,-3.12552,-0.348807
308,3.30583,-3.06508,-0.0718778
308,3.35714,-3.16137,0.188296
308,3.34808,-3.18272,0.231097
308,4.30021,-3.43962,1.59988
308,3.60757,-3.01057,0.0152646
308,3.31908,-3.07165,-0.0749692
308,2.96482,-3.09896,-0.325534
308,3.36534,-3.18061,0.187996
308,2.52031,-3.38763,-0.0203712
308,1.83262,-3.50821,-0.297583
308,1.28441,-3.74386,-0.200036
308,2.47712,-3.42464,-0.00790429
308,2.48515,-3.42278,-0.00661552
308,1.45961,-3.96752,0.444488
308,1.44163,-3.97911,0.44794
308,1.33187,-3.53865,-0.68544
308,1.41388,-4.00759,0.482455
308,3.53569,-3.07926,0.00505292
308,1.48266,-3.54138,-0.564522
308,3.10229,-3.19243,-0.0850939
308,1.46856,-3.97385,0.43571
308,2.22622,-3.8584,0.762092
308,2.48142,-3.451,-0.0131927
308,2.78729,-3.2874,-0.154064
308,1.41966,-4.01728,0.460096
308,3.63486,-3.11857,0.130251
308,2.49467,-3.44528,-0.0212277
308,2.76394,-3.12104,-0.567155
308,1.46837,-3.99199,0.428857
308,2.21837,-3.90152,0.804179
308,0.791135,-3.8597,-0.459897
308,3.11121,-3.22363,-0.0903726
308,4.37394,-3.52026,1.62404
308,3.09651,-3.24129,-0.0770984
308,3.36508,-3.16325,-0.0446304
308,3.66794,-3.1195,0.0936431
308,3.67092,-3.11543,0.0860946
308,2.77555,-3.12848,-0.604602
308,2.77624,-3.14399,-0.584932
308,3.57892,-3.15101,0.0776749
308,1.39535,-4.06244,0.454889
308,1.83324,-3.57395,-0.356406
308,2.58037,-3.44609,-0.0580266
308,2.98677,-3.19124,-0.341486
308,3.11741,-3.26513,-0.0952075
308,3.60566,-3.16423,0.0595281
308,3.24152,-3.35201,0.19653
308,4.75275,-3.28984,1.24201
308,3.25057,-3.35936,0.18859
308,4.44102,-3.53897,1.56885
308,2.61792,-3.3079,-0.443711
308,1.48287,-3.62927,-0.623988
308,2.8193,-3.35712,-0.195537
308,1.40255,-3.86919,-0.13568
308,3.48101,-3.39458,0.368977
308,3.72326,-3.14792,-0.0236616
308,4.76236,-3.33248,1.23722
308,2.52848,-3.54197,-0.0728563
308,3.26583,-3.39765,0.175683
308,2.63728,-3.364,-0.422075
308,3.489,-3.40556,0.361143
308,1.39773,-3.91288,-0.143248
308,2.64593,-3.41983,-0.297581
308,3.77823,-3.15838,-0.0784729
308,3.77559,-3.16526,-0.0785319
308,3.49146,-3.42814,0.306409
308,4.51317,-3.62046,1.57131
308,3.80487,-3.17355,-0.073494
308,3.79201,-3.17695,-0.0857821
308,1.38951,-4.22375,0.426261
308,2.83282,-3.26699,-0.685188
308,3.5006,-3.47163,0.322997
308,3.4953,-3.47897,0.331051
308,3.21856,-3.17881,-0.606058
308,0.8656,-3.99088,-0.596685
308,4.4547,-3.7217,1.59713
308,1.25974,-4.29451,0.367961
308,2.28008,-4.26216,1.10852
308,3.22171,-3.20405,-0.63256
308,3.23558,-3.21185,-0.635374
308,1.3809,-4.31014,0.393854
308,1.73595,-3.83665,-0.570079
308,1.23047,-4.43024,0.373116
308,1.24989,-4.43874,0.362514
308,1.83908,-3.86208,-0.522977
308,1.71962,-3.90388,-0.542178
308,1.82911,-3.86709,-0.56142
308,1.83367,-3.8694,-0.562522
308,4.75016,-3.35026,0.48033
308,4.76829,-3.82029,1.58908
308,1.80239,-3.95982,-0.501086
308,2.72539,-3.67141,-0.440625
308,1.83116,-3.95535,-0.527521
308,4.8315,-3.73325,1.36218
308,2.23088,-4.50341,1.06881
308,2.89807,-4.07629,0.567828
308,1.4021,-4.60337,0.567078
308,1.95819,-4.3451,0.398197
308,1.36473,-4.62459,0.553001
308,1.33174,-4.68619,0.608175
308,2.92139,-4.08202,0.451351
308,1.27985,-4.62264,0.352027
308,2.13279,-4.6432,1.03665
308,1.42071,-4.6792,0.546221
308,2.00623,-4.39885,0.293454
308,2.00812,-4.40528,0.293754
308,3.03957,-4.10765,0.365978
308,2.62487,-4.25179,0.346796
308,2.40218,-4.50411,0.672033
308,2.36222,-4.55922,0.641013
308,1.26539,-4.90569,0.529028
308,2.06257,-4.72788,0.694419
308,4.8198,-3.35078,-0.368855
308,1.99999,-4.59593,0.270292
308,1.98896,-4.60404,0.263561
308,2.01668,-4.6047,0.278874
308,1.63156,-5.00049,0.892404
308,1.9871,-4.64081,0.307667
308,2.27197,-4.54789,0.267693
308,1.65477,-4.99236,0.787817
308,1.64777,-5.01001,0.816573
308,1.65,-4.99742,0.774364
308,2.2873,-4.5625,0.253056
308,2.31759,-4.56445,0.268458
308,2.49574,-4.83331,0.961763
308,3.06452,-4.39228,0.381771
308,2.32325,-4.60375,0.257307
308,2.72809,-4.48572,0.295078
308,2.29015,-4.64261,0.273133
308,2.58107,-4.75831,0.7312
308,2.28618,-4.66967,0.269694
308,2.3534,-4.6579,0.285531
308,2.50752,-4.87961,0.92975
308,2.32164,-4.70056,0.290053
308,2.34815,-4.69064,0.286185
308,2.32318,-4.72371,0.282813
308,2.55318,-4.90993,0.887984
308,2.60331,-4.83795,0.755033
308,2.33368,-4.73869,0.302692
308,5.6115,-4.1287,1.48492
308,2.34798,-4.90861,0.655885
308,2.57355,-4.89239,0.797252
308,2.30846,-4.76956,0.232677
308,2.3641,-4.7734,0.27539
308,1.6515,-4.98425,0.193833
308,3.10915,-4.53673,0.314207
308,1.17436,-5.29386,0.525523
308,3.12602,-4.56113,0.350687
308,5.45163,-3.44589,-0.420214
308,3.1243,-4.56421,0.308554
308,3.12574,-4.558,0.291214
308,1.58579,-5.04685,0.197946
308,2.34943,-4.96568,0.60365
308,1.69346,-5.02901,0.216781
308,2.77528,-4.6939,0.27992
308,1.62292,-5.04866,0.185254
308,1.16887,-5.34004,0.502815
308,4.02244,-4.38914,0.545978
308,3.13135,-4.59521,0.301118
308,2.80566,-4.66887,0.20869
308,2.58531,-4.96108,0.713709
308,2.80414,-4.68587,0.242589
308,1.65681,-5.08265,0.200542
308,2.84123,-4.73529,0.262707
308,2.40335,-4.90186,0.272984
308,2.30358,-4.91377,0.207834
308,1.1208,-5.30941,0.171436
308,4.79395,-3.964,-0.113801
308,2.28784,-5.12978,0.575206
308,4.90228,-3.92349,-0.180893
308,1.72113,-5.21648,0.195399
308,4.11807,-4.53636,0.491158
308,4.12616,-4.51695,0.4354
308,4.13708,-4.55431,0.476347
308,2.4294,-5.07395,0.230464
308,2.88554,-4.94255,0.275017
308,4.16978,-4.60779,0.463538
308,5.4438,-3.65725,-0.75667
308,2.91314,-4.97678,0.279894
308,1.74014,-5.35665,0.219115
308,1.08865,-5.54809,0.136671
308,2.89676,-4.99231,0.274305
308,2.12053,-5.52589,0.845572
308,5.02617,-4.04214,-0.37497
308,5.05,-4.06668,-0.380719
308,2.33738,-5.40041,0.509139
308,1.11248,-5.68793,0.163483
308,5.64903,-3.83285,-0.596445
308,2.38201,-5.44532,0.483175
308,2.49221,-5.28079,0.17611
308,2.396,-5.52505,0.454934
308,5.16593,-4.23612,-0.442906
308,4.09815,-4.94394,0.311286
308,2.40654,-5.62492,0.460531
308,5.20281,-4.25405,-0.512408
308,4.12875,-5.02258,0.293764
308,5.2575,-4.34051,-0.525702
308,4.22864,-5.23898,0.213461
308,2.48062,-6.22498,0.393867
308,6.21816,-5.3432,1.17428
308,6.29393,-5.45382,1.28004
308,6.27506,-5.42204,1.16288
308,2.48087,-6.46088,0.40464
308,2.56297,-5.74545,-1.84703
308,6.58069,-5.24841,0.0698498
308,4.12521,-6.14197,-2.07319
308,2.20094,-4.67797,1.03011
307,2.20094,-4.67797,1.03011
308,2.9215,-4.82575,1.27699
307,2.9215,-4.82575,1.27699
308,3.2655,-3.44185,0.468983
307,3.2655,-3.44185,0.468983
308,2.16722,-5.00381,1.08021
307,2.16722,-5.00381,1.08021
308,3.25375,-3.42453,0.475357
307,3.25375,-3.42453,0.475357
308,2.92361,-4.79001,1.21225
307,2.92361,-4.79001,1.21225
308,2.92466,-4.84383,1.27029
307,2.92466,-4.84383,1.27029
308,3.07965,-4.60221,1.39551
307,3.07965,-4.60221,1.39551
308,2.24178,-4.94231,1.08365
307,2.24178,-4.94231,1.08365
308,2.29205,-5.4313,0.993667
307,2.29205,-5.4313,0.993667
308,2.86602,-4.03824,0.618125
307,2.86602,-4.03824,0.618125
308,2.94524,-4.87361,1.24211
307,2.94524,-4.87361,1.24211
308,2.07638,-4.34079,1.07128
307,2.07638,-4.34079,1.07128
308,3.8867,-3.39744,0.321515
68,3.8867,-3.39744,0.321515
308,2.00189,-4.74784,1.06518
68,2.00189,-4.74784,1.06518
308,2.01697,-5.14278,1.07065
68,2.01697,-5.14278,1.07065
308,5.59426,-5.0804,1.3899
68,5.59426,-5.0804,1.3899
308,2.54337,-3.39486,-0.0215116
68,2.54337,-3.39486,-0.0215116
308,0.9752,-3.71832,0.0125753
68,0.9752,-3.71832,0.0125753
308,0.832493,-3.94404,-0.0702323
68,0.832493,-3.94404,-0.0702323
308,2.44479,-3.08703,0.0147295
304,2.44479,-3.08703,0.0147295
308,2.24829,-4.76881,0.678097
304,2.24829,-4.76881,0.678097
308,1.23237,-5.09199,0.545908
304,1.23237,-5.09199,0.545908
308,2.40645,-3.07332,0.0404934
304,2.40645,-3.07332,0.0404934
308,2.25726,-3.14696,-0.0654892
304,2.25726,-3.14696,-0.0654892
308,1.33799,-3.21543,0.0184893
304,1.33799,-3.21543,0.0184893
308,2.46009,-3.15961,-0.0101236
304,2.46009,-3.15961,-0.0101236
308,1.62544,-5.20529,0.903347
304,1.62544,-5.20529,0.903347
308,2.16382,-3.19953,-0.306813
304,2.16382,-3.19953,-0.306813
308,3.38582,-5.48326,0.917625
304,3.38582,-5.48326,0.917625
308,2.5385,-3.4402,-0.0457747
304,2.5385,-3.4402,-0.0457747
308,2.70967,-3.92498,-0.348642
304,2.70967,-3.92498,-0.348642
308,2.20659,-4.84289,1.02422
305,2.20659,-4.84289,1.02422
308,2.05548,-4.73585,0.782573
305,2.05548,-4.73585,0.782573
308,2.00142,-4.76387,0.721377
305,2.00142,-4.76387,0.721377
308,2.64098,-5.3272,0.992713
67,2.64098,-5.3272,0.992713
308,2.33185,-3.05466,-0.125942
67,2.33185,-3.05466,-0.125942
308,2.39384,-3.11136,0.0462014
67,2.39384,-3.11136,0.0462014
308,2.53118,-5.16171,0.606715
67,2.53118,-5.16171,0.606715
308,2.26224,-4.64488,0.613288
306,2.26224,-4.64488,0.613288
308,1.991,-4.81284,1.06162
306,1.991,-4.81284,1.06162
308,1.51932,-3.81302,0.486026
301,1.51932,-3.81302,0.486026
308,2.56057,-4.16752,0.395811
301,2.56057,-4.16752,0.395811
308,2.45921,-3.29348,-0.0602944
301,2.45921,-3.29348,-0.0602944
308,2.45785,-3.09293,0.0248043
301,2.45785,-3.09293,0.0248043
308,2.4459,-3.26885,-0.0436029
301,2.4459,-3.26885,-0.0436029
308,2.4204,-3.18851,-0.00793375
301,2.4204,-3.18851,-0.00793375
308,2.36647,-3.02276,0.0756894
301,2.36647,-3.02276,0.0756894
308,2.17438,-3.42706,-0.0310716
300,2.17438,-3.42706,-0.0310716
308,2.60488,-4.98266,0.595277
300,2.60488,-4.98266,0.595277
308,2.17173,-3.41774,-0.0268624
300,2.17173,-3.41774,-0.0268624
308,1.32232,-3.39608,-0.045668
300,1.32232,-3.39608,-0.045668
308,0.999193,-4.16989,-0.30146
300,0.999193,-4.16989,-0.30146
308,2.19728,-3.51589,-0.067512
300,2.19728,-3.51589,-0.067512
308,2.18824,-3.48344,-0.0517823
300,2.18824,-3.48344,-0.0517823
308,0.727233,-3.78093,-0.0631898
300,0.727233,-3.78093,-0.0631898
308,1.99289,-4.75483,0.342411
297,1.99289,-4.75483,0.342411
308,1.56549,-3.38513,-0.633643
302,1.56549,-3.38513,-0.633643
308,1.97439,-3.44844,-0.449029
302,1.97439,-3.44844,-0.449029
309,1.53741,-0.446026,0.910883
309,1.56974,-0.451209,0.833429
309,1.61691,-0.748689,0.778101
309,1.80786,-0.654324,0.301389
309,1.69803,-1.0479,0.642031
309,1.16103,-1.10871,0.0881917
309,1.1574,-1.10442,0.0797927
309,1.15828,-1.11157,0.0832968
309,1.15821,-1.06712,0.0220875
309,1.17198,-1.12578,0.0789692
309,1.1727,-1.13043,0.0794662
309,1.17621,-1.12298,0.0526877
309,1.16391,-1.14091,0.0633733
309,1.17173,-1.1272,0.0445089
309,1.22008,-1.20273,0.088185
309,1.21609,-1.20561,0.0850617
309,1.21704,-1.20846,0.0892348
309,1.22063,-1.20625,0.0877018
309,1.22078,-1.20727,0.0847938
309,1.21594,-1.20754,0.0775334
309,1.22907,-1.24386,0.114275
309,1.22952,-1.24517,0.116163
309,1.22932,-1.23783,0.106245
309,1.22859,-1.24308,0.109232
309,1.21163,-1.16886,-0.00448841
309,1.21183,-1.1714,-0.00296271
309,1.22166,-1.202,0.0407246
309,1.23241,-1.19606,0.00981367
309,1.28448,-1.36243,0.252125
309,1.21952,-1.17324,-0.0432514
309,1.27713,-1.36959,0.241203
309,1.23873,-1.18667,-0.019531
309,1.27669,-1.37208,0.240434
309,1.27716,-1.3739,0.239715
309,1.24005,-1.19117,-0.0228128
309,1.23742,-1.18863,-0.0287461
309,1.24364,-1.19564,-0.029914
309,1.28697,-1.35819,0.200949
309,1.25153,-1.19131,-0.113734
309,1.2511,-1.19671,-0.109596
309,1.80691,-1.42363,0.466153
309,1.25614,-1.19105,-0.13496
309,1.25652,-1.18634,-0.143325
309,1.30236,-1.36811,0.0608691
309,1.29918,-1.36839,0.0040971
309,1.27291,-1.18789,-0.250747
309,1.29861,-1.36346,-0.115524
309,1.3222,-1.3505,-0.137838
309,1.29377,-1.3682,-0.132457
309,1.28489,-1.36871,-0.145912
309,1.832,-1.6234,0.469431
309,1.30796,-1.40947,-0.175253
309,1.31938,-1.89964,0.426196
309,1.31007,-1.90978,0.430598
309,1.31436,-1.35821,-0.325552
309,1.31533,-1.36663,-0.331745
309,1.31314,-1.3668,-0.337204
309,1.29628,-1.47056,-0.219962
309,1.85621,-1.69005,0.346484
309,1.32253,-1.37962,-0.38373
309,1.82633,-1.71416,0.308512
309,1.3276,-1.4117,-0.374191
309,2.16257,-1.70667,0.340771
309,2.02646,-1.11071,-0.552167
309,1.78501,-1.2546,-0.561422
309,2.0582,-1.1326,-0.595895
309,1.7861,-1.26236,-0.582614
309,1.78979,-1.26048,-0.58313
309,1.78611,-1.2566,-0.59899
309,2.07615,-1.16594,-0.588869
309,2.18718,-1.11669,-0.61547
309,2.18961,-1.11129,-0.62481
309,2.49914,-0.97329,-0.644634
309,2.51065,-1.007,-0.613594
309,2.08704,-1.17985,-0.611439
309,2.51664,-0.99687,-0.627585
309,2.08641,-1.18435,-0.609552
309,2.50974,-0.978646,-0.657472
309,2.51485,-1.00832,-0.620229
309,1.43856,-1.43376,-0.634616
309,2.5241,-1.02036,-0.610161
309,2.08871,-1.16537,-0.661631
309,1.9249,-1.25889,-0.636888
309,1.44882,-1.45603,-0.631554
309,1.44393,-1.44679,-0.646666
309,1.93375,-1.26035,-0.636851
309,1.92992,-1.26235,-0.64569
309,1.45217,-1.45911,-0.64422
309,1.93409,-1.26635,-0.642895
309,1.45451,-1.47421,-0.626466
309,1.93782,-1.27237,-0.635855
309,1.45198,-1.46434,-0.641829
309,3.32161,-1.37609,0.233289
309,1.44441,-1.46115,-0.652393
309,1.93735,-1.27002,-0.64494
309,1.46021,-1.48722,-0.614146
309,1.46241,-1.47564,-0.62904
309,1.63699,-1.40659,-0.632264
309,1.64243,-1.41133,-0.626849
309,1.64695,-1.40778,-0.630869
309,1.64924,-1.40526,-0.633981
309,2.25374,-1.164,-0.633101
309,2.49592,-1.09381,-0.597717
309,1.64867,-1.40864,-0.634501
309,1.66346,-1.42415,-0.608407
309,1.94371,-1.28588,-0.646445
309,1.66076,-1.42929,-0.61105
309,2.49593,-1.0994,-0.602616
309,2.50211,-1.10501,-0.591983
309,2.50291,-1.10697,-0.589703
309,1.64434,-1.4179,-0.637329
309,1.66372,-1.42849,-0.614287
309,1.66359,-1.43326,-0.609758
309,1.65641,-1.42287,-0.629431
309,2.50104,-1.1039,-0.601071
309,2.25448,-1.17321,-0.641301
309,2.25598,-1.17362,-0.642074
309,2.12099,-1.2133,-0.66388
309,2.25646,-1.17887,-0.639612
309,2.23376,-1.14763,-0.700012
309,2.37466,-1.13352,-0.644718
309,1.864,-1.38394,-0.587858
309,1.84366,-1.36824,-0.620581
309,1.84591,-1.36911,-0.622818
309,2.37585,-1.14028,-0.647663
309,1.85967,-1.38514,-0.601023
309,2.12419,-1.21293,-0.688468
309,2.51792,-1.11543,-0.608342
309,2.38701,-1.16173,-0.619461
309,2.38487,-1.16251,-0.620112
309,2.52137,-1.11847,-0.605751
309,1.84927,-1.37647,-0.625889
309,2.3871,-1.16639,-0.619942
309,2.38705,-1.16725,-0.619904
309,2.38716,-1.16512,-0.628226
309,1.84199,-1.37258,-0.64534
309,2.38726,-1.16764,-0.628111
309,1.84982,-1.37979,-0.635914
309,1.85278,-1.39277,-0.623673
309,1.84208,-1.37928,-0.64762
309,1.85013,-1.38178,-0.642549
309,1.85549,-1.40131,-0.616084
309,2.5286,-1.12546,-0.62676
309,1.85335,-1.39877,-0.63039
309,2.29935,-1.30946,-0.511301
309,1.85554,-1.40567,-0.624352
309,2.26451,-1.1725,-0.722013
309,2.51206,-1.19175,-0.5718
309,2.51486,-1.19463,-0.576548
309,2.50789,-1.19789,-0.579226
309,2.5214,-1.1929,-0.590361
309,2.53744,-1.19804,-0.577008
309,2.04394,-1.35068,-0.638282
309,2.04781,-1.35247,-0.636187
309,2.51407,-1.20603,-0.589253
309,2.0538,-1.36939,-0.620354
309,2.52296,-1.20141,-0.59521
309,2.54827,-1.20179,-0.585887
309,2.05166,-1.3593,-0.642759
309,2.05609,-1.37454,-0.620408
309,2.31568,-1.33627,-0.535683
309,2.05133,-1.36021,-0.646871
309,2.53376,-1.2058,-0.595854
309,2.54843,-1.20133,-0.594885
309,2.06125,-1.38647,-0.610839
309,2.06256,-1.37409,-0.630135
309,2.06127,-1.37728,-0.630298
309,2.5527,-1.20753,-0.594764
309,2.57061,-1.22898,-0.5603
309,2.06512,-1.37457,-0.668289
309,2.60635,-1.23984,-0.564917
309,2.609,-1.22996,-0.586493
309,3.35917,-1.0444,-0.443611
309,2.61641,-1.23556,-0.586981
309,2.13568,-1.43555,-0.580426
309,2.61449,-1.23324,-0.594529
309,2.45052,-1.27111,-0.635389
309,2.45338,-1.26816,-0.645266
309,2.6299,-1.24452,-0.587795
309,2.63098,-1.19738,-0.652568
309,2.21769,-1.4607,-0.531467
309,2.46552,-1.27706,-0.648753
309,2.46001,-1.2784,-0.650051
309,2.46425,-1.27791,-0.65131
309,2.61609,-1.32744,-0.508468
309,2.46808,-1.3033,-0.631733
309,2.58933,-1.2408,-0.650983
309,2.63715,-1.25463,-0.614441
309,2.14429,-1.46105,-0.608832
309,2.71442,-1.13413,-0.74131
309,2.14431,-1.46699,-0.608919
309,2.12738,-1.44695,-0.644575
309,2.4727,-1.3077,-0.644534
309,2.47715,-1.28615,-0.671772
309,2.36794,-1.41351,-0.563983
309,2.1425,-1.47238,-0.608727
309,2.14549,-1.47097,-0.615251
309,2.22247,-1.45482,-0.601102
309,2.14177,-1.4735,-0.620399
309,2.14511,-1.47503,-0.616788
309,2.70344,-1.17821,-0.711342
309,2.14634,-1.47848,-0.613129
309,2.47348,-1.31448,-0.656307
309,2.6486,-1.26601,-0.631015
309,2.71138,-1.17284,-0.722903
309,2.70881,-1.17503,-0.727584
309,2.71004,-1.17399,-0.731113
309,2.37685,-1.42371,-0.589173
309,2.81855,-1.25051,-0.586468
309,2.70293,-1.24217,-0.659012
309,2.6882,-1.23378,-0.683463
309,2.7152,-1.18802,-0.736701
309,2.69979,-1.23785,-0.681311
309,2.71895,-1.18154,-0.748382
309,2.71972,-1.19283,-0.740782
309,2.74075,-1.16806,-0.770926
309,2.69181,-1.27063,-0.668601
309,2.00153,-1.59641,-0.612069
309,2.24509,-1.48512,-0.635788
309,1.99275,-1.60611,-0.61354
309,2.84766,-1.23929,-0.642473
309,2.00692,-1.61851,-0.59053
309,2.83982,-1.27653,-0.604621
309,1.99616,-1.60684,-0.621023
309,2.39547,-1.43978,-0.630852
309,1.99614,-1.60698,-0.625037
309,2.39778,-1.44576,-0.624206
309,1.99931,-1.61205,-0.617899
309,2.84266,-1.28252,-0.605172
309,2.00921,-1.62512,-0.597089
309,2.00985,-1.62295,-0.600816
309,2.85759,-1.23668,-0.659559
309,2.40835,-1.41955,-0.663194
309,1.99876,-1.61184,-0.628974
309,2.24962,-1.50752,-0.633892
309,2.84999,-1.26817,-0.630588
309,2.0002,-1.61347,-0.63127
309,2.01099,-1.63107,-0.605522
309,2.26551,-1.50177,-0.641706
309,2.41417,-1.42804,-0.659876
309,3.03317,-1.20653,-0.624584
309,3.03529,-1.21197,-0.617184
309,2.01189,-1.6341,-0.610343
309,2.4134,-1.42277,-0.67605
309,2.26952,-1.49687,-0.658351
309,2.73597,-1.29101,-0.682373
309,2.25065,-1.51215,-0.650648
309,2.41348,-1.45366,-0.650203
309,2.41277,-1.44944,-0.658315
309,2.29603,-1.51763,-0.634339
309,2.4174,-1.42888,-0.691104
309,2.27951,-1.51733,-0.655848
309,2.72087,-1.3135,-0.691797
309,3.04769,-1.22759,-0.633192
309,2.42477,-1.43407,-0.698289
309,3.05279,-1.21894,-0.648191
309,3.04451,-1.24667,-0.618261
309,1.99652,-2.24453,0.121954
309,1.86283,-1.73691,-0.621236
309,2.43122,-1.44153,-0.715336
309,1.88254,-1.75252,-0.599368
309,1.8872,-1.77193,-0.604048
309,1.87795,-1.76542,-0.623921
309,1.89269,-1.7783,-0.599786
309,1.88229,-1.76746,-0.627481
309,1.87508,-1.76915,-0.631309
309,1.89658,-1.78127,-0.603999
309,1.89538,-1.78752,-0.603829
309,2.31948,-1.56263,-0.676627
309,1.87508,-1.77103,-0.639085
309,1.8998,-1.79147,-0.605921
309,2.31405,-1.56283,-0.689648
309,2.32186,-1.56917,-0.685267
309,3.09186,-1.27253,-0.670452
309,3.09439,-1.26899,-0.676073
309,2.30988,-1.54625,-0.734083
309,2.27167,-1.66628,-0.620067
309,2.55045,-1.57583,-0.60324
309,2.55124,-1.57133,-0.610589
309,2.64443,-1.61086,-0.52209
309,2.55239,-1.578,-0.619754
309,2.55567,-1.57629,-0.62255
309,2.56664,-1.54452,-0.661311
309,2.566,-1.54413,-0.667149
309,2.56921,-1.54472,-0.664847
309,2.29954,-1.68944,-0.620361
309,1.74889,-1.91528,-0.625779
309,2.29937,-1.69623,-0.622646
309,2.30219,-1.69405,-0.632478
309,1.74784,-1.91492,-0.639831
309,2.31499,-1.71172,-0.607797
309,1.76893,-1.93138,-0.609543
309,2.30229,-1.70386,-0.638997
309,2.3179,-1.71762,-0.614215
309,1.75819,-1.92671,-0.636689
309,1.77365,-1.94496,-0.607644
309,3.64926,-1.61934,-0.0549511
309,1.76206,-1.95245,-0.648147
309,1.08463,-2.81981,0.130157
309,2.59157,-1.5906,-0.695734
309,1.7673,-1.96379,-0.647873
309,2.33822,-1.7451,-0.633961
309,2.26815,-1.81965,-0.579617
309,2.64775,-1.57104,-0.70895
309,1.61967,-2.05507,-0.637454
309,1.25408,-2.77701,0.11666
309,2.16543,-2.41716,0.111243
309,2.09351,-2.38375,0.0235055
309,3.50305,-1.41472,-0.506918
309,2.35373,-1.7662,-0.665473
309,2.71529,-1.67416,-0.60064
309,2.71727,-1.67832,-0.609682
309,2.3516,-1.75382,-0.717611
309,1.65774,-2.1136,-0.613931
309,1.64742,-2.10356,-0.63535
309,3.62473,-1.51034,-0.366437
309,2.32599,-1.85641,-0.602075
309,3.56601,-1.53193,-0.372425
309,1.63768,-2.10572,-0.642586
309,2.30384,-1.86275,-0.616021
309,2.73235,-1.66584,-0.656806
309,3.50314,-1.43175,-0.56584
309,2.31157,-1.89882,-0.58566
309,2.32421,-1.86618,-0.622356
309,2.30817,-1.87594,-0.63271
309,2.33003,-1.88116,-0.615992
309,3.71558,-1.74679,-0.0584064
309,3.58183,-1.55558,-0.380847
309,2.75195,-1.66368,-0.680915
309,3.50696,-1.45395,-0.5606
309,2.28517,-1.96993,-0.536728
309,1.52149,-2.23415,-0.608535
309,1.4985,-2.2301,-0.6335
309,2.32977,-1.89123,-0.645518
309,2.75594,-1.67806,-0.700282
309,1.15245,-2.92166,0.0823674
309,2.75471,-1.70147,-0.673846
309,2.76149,-1.68221,-0.700911
309,1.49907,-2.23885,-0.640929
309,1.52091,-2.25549,-0.609072
309,2.75964,-1.68296,-0.704506
309,2.35525,-1.91655,-0.612898
309,2.36463,-1.91862,-0.624617
309,1.50443,-2.2531,-0.647257
309,2.77136,-1.70026,-0.703314
309,1.50487,-2.26948,-0.636755
309,1.30738,-2.43671,-0.527638
309,2.31544,-2.02912,-0.530343
309,2.77308,-1.71957,-0.695731
309,1.52185,-2.28747,-0.62382
309,3.75549,-1.81115,-0.0747552
309,2.3696,-1.94089,-0.64044
309,2.3723,-1.95248,-0.655988
309,1.36737,-2.39279,-0.617557
309,2.32192,-2.04693,-0.591055
309,1.36647,-2.42381,-0.61796
309,2.89728,-1.80009,-0.627601
309,2.38486,-1.97541,-0.671401
309,2.90251,-1.798,-0.644627
309,2.92044,-1.79417,-0.682201
309,2.92616,-1.80504,-0.67602
309,2.93148,-1.80896,-0.689971
309,2.39798,-2.09807,-0.635502
309,2.34038,-2.21237,-0.524377
309,1.26523,-2.55985,-0.644153
309,2.3945,-2.12773,-0.634591
309,2.96659,-1.84214,-0.725625
309,2.33865,-2.20484,-0.582432
309,1.3578,-2.522,-0.688216
309,1.19472,-3.1296,-0.000472665
309,3.59681,-1.42324,-0.97099
309,1.28689,-2.98948,-0.169361
309,3.94655,-1.93542,-0.171281
309,2.35785,-2.24755,-0.612117
309,0.796484,-3.22564,-0.174748
309,3.58242,-1.7895,-0.58718
309,2.2636,-2.74462,-0.0346638
309,2.36379,-2.26298,-0.62658
309,2.35695,-2.36131,-0.505845
309,3.10586,-1.9094,-0.703054
309,2.39581,-2.27753,-0.616365
309,3.57038,-1.79252,-0.637701
309,1.19208,-3.21889,-0.0300208
309,3.11808,-1.93171,-0.7125
309,3.13407,-1.94218,-0.729246
309,3.13347,-1.95515,-0.720302
309,3.14305,-1.94677,-0.74626
309,2.3806,-2.414,-0.539382
309,1.26959,-3.10974,-0.218946
309,3.15451,-1.97293,-0.715407
309,3.33232,-2.04649,-0.535272
309,0.747123,-3.35077,-0.206933
309,2.13383,-2.91155,-0.0507811
309,3.16972,-1.96333,-0.769411
309,2.24611,-2.82857,-0.136589
309,2.40033,-2.44828,-0.598354
309,3.18741,-2.00173,-0.773959
309,3.18988,-2.01411,-0.780084
309,1.23067,-3.22434,-0.231234
309,3.68936,-1.85558,-0.737361
309,1.37918,-3.21882,-0.184543
309,2.28291,-2.88577,-0.164326
309,2.00271,-3.05166,-0.100562
309,3.33192,-2.0784,-0.750284
309,3.42548,-2.13467,-0.627592
309,3.33747,-2.11323,-0.702466
309,1.22153,-3.29229,-0.292073
309,2.31714,-3.01113,-0.0945548
309,2.29846,-2.92236,-0.238317
309,2.30172,-2.95632,-0.194846
309,2.26997,-2.94619,-0.234577
309,1.32001,-3.43527,-0.123525
309,1.89356,-3.27558,-0.0515052
309,2.30623,-2.96949,-0.241027
309,3.46582,-2.17161,-0.675936
309,3.54812,-2.17483,-0.64813
309,2.292,-2.9967,-0.238136
309,1.88268,-3.29412,-0.066606
309,1.3221,-3.47639,-0.13808
309,3.71348,-2.03907,-0.779294
309,3.1858,-2.89588,0.0544362
309,2.31562,-3.02698,-0.237801
309,1.88619,-3.38733,0.00293899
309,2.28358,-3.02019,-0.269143
309,3.48627,-2.23019,-0.66989
309,2.4292,-2.78389,-0.514953
309,3.72373,-2.05262,-0.793255
309,2.43035,-2.78761,-0.532434
309,3.46663,-2.83951,0.0833153
309,1.88195,-3.42232,-0.00485605
309,2.47686,-3.15364,-0.0455666
309,3.10621,-2.67496,-0.357841
309,3.62568,-3.04211,0.398473
309,2.19993,-3.13989,-0.247437
309,1.31317,-3.58626,-0.136123
309,1.31796,-3.58692,-0.138852
309,2.4612,-3.17368,-0.0780873
309,2.05141,-3.16258,-0.315625
309,3.54215,-2.80625,-0.000880063
309,2.02457,-3.20269,-0.293937
309,2.85363,-2.93232,-0.211489
309,3.44048,-2.87763,0.0203721
309,2.16499,-3.13977,-0.314539
309,3.63674,-3.06488,0.366645
309,2.05773,-3.19904,-0.296753
309,3.44825,-2.91563,0.0628172
309,2.02273,-3.21778,-0.299952
309,2.21461,-3.15326,-0.283637
309,2.29929,-3.10509,-0.303968
309,2.15846,-3.14995,-0.326452
309,2.28793,-3.26002,-0.114799
309,3.06045,-2.72138,-0.414252
309,2.28654,-3.26753,-0.109944
309,2.47179,-2.84571,-0.568648
309,1.31429,-3.63606,-0.155859
309,2.22736,-3.17283,-0.281572
309,2.48113,-2.85782,-0.563595
309,3.57677,-2.83982,-0.0143507
309,0.776128,-3.66062,-0.425882
309,2.16126,-3.15695,-0.359243
309,3.24901,-3.27602,0.371672
309,2.04602,-3.33075,-0.199077
309,2.7311,-3.00061,-0.280018
309,3.55487,-2.91904,0.0495191
309,2.1677,-3.18147,-0.348308
309,2.16391,-3.21368,-0.309271
309,3.57597,-2.91959,0.0476075
309,3.58666,-2.86372,-0.0266868
309,3.25717,-3.29682,0.362937
309,3.59675,-2.87224,-0.0206145
309,2.17158,-3.19408,-0.354241
309,2.20931,-3.18465,-0.352442
309,2.74112,-3.01177,-0.313722
309,2.30984,-3.32747,-0.131519
309,2.14613,-3.07831,-0.545901
309,1.57159,-3.30178,-0.561617
309,2.71075,-3.03438,-0.331794
309,1.45576,-3.73743,-0.0871195
309,2.19815,-3.26212,-0.323134
309,0.800393,-3.60422,-0.617921
309,2.50631,-2.92737,-0.60518
309,1.45648,-3.74509,-0.0909925
309,1.43755,-3.76315,-0.0846478
309,2.27878,-3.33566,-0.200647
309,1.54141,-3.58721,-0.26162
309,1.06841,-3.51681,-0.62176
309,3.63468,-2.33397,-0.81863
309,3.61755,-3.03415,0.0898604
309,1.43601,-3.7781,-0.0908428
309,2.7312,-3.08886,-0.311636
309,2.14926,-3.14754,-0.5539
309,2.53974,-2.84856,-0.740015
309,0.829055,-3.82771,-0.369498
309,2.71084,-3.10656,-0.325352
309,0.83167,-3.81303,-0.396723
309,3.39951,-3.24513,0.215008
309,1.53641,-3.4266,-0.537897
309,2.44406,-3.0604,-0.55845
309,1.977,-3.3577,-0.416512
309,2.46709,-3.08021,-0.531802
309,2.44131,-3.06312,-0.577226
309,2.46877,-3.17523,-0.417661
309,3.63504,-3.09974,0.100246
309,2.47128,-3.09868,-0.541466
309,1.55857,-3.41287,-0.627329
309,2.15342,-3.19606,-0.606663
309,3.34647,-3.10548,-0.0951022
309,2.78991,-3.17258,-0.303559
309,1.42387,-3.86926,-0.114073
309,2.94096,-3.24685,-0.134484
309,1.52633,-3.58323,-0.44907
309,2.94728,-3.2501,-0.140456
309,3.30175,-3.23417,0.0223879
309,1.96964,-3.41819,-0.446518
309,1.50312,-3.85227,-0.124734
309,3.36106,-3.13722,-0.097428
309,1.74084,-3.66198,-0.282954
309,1.50617,-3.68066,-0.400722
309,2.61293,-3.28626,-0.35782
309,1.40178,-3.95294,-0.146823
309,3.25523,-3.36893,0.0658354
309,3.2542,-3.34244,0.0292765
309,1.55688,-3.4999,-0.664056
309,3.27015,-3.36544,0.0656824
309,2.59473,-2.95505,-0.840343
309,3.14906,-3.28713,-0.120771
309,3.14241,-3.31517,-0.102178
309,3.73435,-3.15665,-0.000793695
309,2.79033,-3.10832,-0.571603
309,3.46675,-3.20961,-0.083179
309,3.47096,-3.21385,-0.0780997
309,3.27334,-3.38684,0.0276892
309,2.61376,-3.31284,-0.4246
309,3.48942,-3.22867,-0.0912068
309,1.629,-3.76696,-0.388537
309,0.788999,-4.03946,-0.502573
309,3.30219,-3.42884,0.0204596
309,1.46381,-3.65124,-0.663896
309,3.14905,-3.13238,-0.480536
309,3.16554,-3.08739,-0.536035
309,1.64687,-3.74058,-0.525514
309,5.21203,-2.95638,0.322096
309,1.60634,-3.85562,-0.426906
309,3.16524,-3.1712,-0.504684
309,1.76403,-3.74187,-0.506998
309,2.00995,-3.75605,-0.359442
309,1.58299,-3.91473,-0.414121
309,3.08396,-3.35443,-0.398033
309,3.18656,-3.26557,-0.519578
309,2.92975,-4.08573,0.401505
309,3.92184,-3.29387,-0.141495
309,2.90783,-3.60133,-0.285525
309,3.19687,-3.29209,-0.546112
309,2.99565,-4.12701,0.402574
309,2.25369,-3.9179,-0.34822
309,1.78651,-3.98908,-0.586571
309,1.83461,-4.02728,-0.513146
309,1.78088,-4.01017,-0.587958
309,2.76048,-3.77163,-0.400298
309,1.71,-4.09033,-0.575851
309,1.7145,-4.09051,-0.578284
309,0.958967,-4.23902,-0.835009
309,3.25154,-3.38752,-0.76029
309,1.75105,-4.17722,-0.57953
309,4.79301,-3.32661,-0.459619
309,3.14453,-4.05678,-0.430714
309,4.7383,-3.72364,-0.177231
309,1.70633,-5.28847,0.251693
309,5.42758,-3.1039,-0.762438
309,4.18338,-4.58354,0.266514
309,4.98469,-3.99373,-0.286441
309,1.77937,-5.64969,0.17741
309,5.03122,-4.04964,-0.266806
309,5.32588,-3.77012,-0.67964
309,5.75898,-3.70764,-0.542028
309,5.06788,-4.09627,-0.517703
309,5.86386,-3.78889,-0.650537
309,5.83985,-4.00745,-0.492204
309,5.82909,-4.17734,-0.894046
309,5.87811,-4.97609,0.100174
309,3.77441,-4.95163,-1.09505
309,5.93008,-5.04294,0.100451
309,5.94136,-5.20456,-0.80421
309,6.12936,-5.47864,-0.956334
309,3.42337,-2.17225,-0.629226
308,3.42337,-2.17225,-0.629226
309,1.7284,-3.47055,-0.586702
308,1.7284,-3.47055,-0.586702
309,3.12238,-3.16862,-0.447609
308,3.12238,-3.16862,-0.447609
309,3.13269,-3.18573,-0.461391
308,3.13269,-3.18573,-0.461391
309,2.97784,-2.89436,-0.27306
308,2.97784,-2.89436,-0.27306
309,2.48771,-3.29273,0.0294011
308,2.48771,-3.29273,0.0294011
309,2.49371,-3.272,-0.0784144
308,2.49371,-3.272,-0.0784144
309,2.48102,-3.39178,0.00739957
308,2.48102,-3.39178,0.00739957
309,5.55284,-4.6029,-0.632666
68,5.55284,-4.6029,-0.632666
309,5.40102,-4.66604,-0.604772
68,5.40102,-4.66604,-0.604772
309,1.72556,-3.52592,-0.422713
68,1.72556,-3.52592,-0.422713
309,2.76317,-2.53537,-0.246455
68,2.76317,-2.53537,-0.246455
309,2.59964,-3.2107,-0.339966
68,2.59964,-3.2107,-0.339966
309,5.11606,-3.56137,-0.565901
68,5.11606,-3.56137,-0.565901
309,1.3269,-3.43577,-0.432057
301,1.3269,-3.43577,-0.432057
309,1.32927,-3.38312,-0.399636
301,1.32927,-3.38312,-0.399636
309,1.49535,-3.94249,-0.520512
301,1.49535,-3.94249,-0.520512
309,2.42558,-3.13514,-0.542005
302,2.42558,-3.13514,-0.542005
309,2.49865,-3.16225,-0.584585
302,2.49865,-3.16225,-0.584585
309,2.64139,-3.4034,-0.462904
302,2.64139,-3.4034,-0.462904
309,0.735038,-5.18827,-0.357999
67,0.735038,-5.18827,-0.357999
309,5.52014,-4.78189,-0.652456
69,5.52014,-4.78189,-0.652456
309,3.5949,-1.56071,0.0434734
69,3.5949,-1.56071,0.0434734
309,3.06269,-1.26779,-0.623843
198,3.06269,-1.26779,-0.623843
309,5.48603,-4.60361,-0.621608
200,5.48603,-4.60361,-0.621608
309,1.47735,-3.68654,-0.031832
295,1.47735,-3.68654,-0.031832
309,1.8978,-3.72552,-0.394176
296,1.8978,-3.72552,-0.394176
309,1.54314,-3.56109,-0.575976
296,1.54314,-3.56109,-0.575976
310,1.59493,-0.285012,0.674511
310,1.49901,-0.213168,0.536046
310,1.49905,-0.213588,0.535886
310,1.476,-0.289197,0.570583
310,1.47476,-0.290263,0.570339
310,1.47419,-0.290079,0.569676
310,1.67536,-0.376255,0.397847
310,1.02853,-0.81078,-0.15995
310,1.06744,-0.900135,-0.0634295
310,1.06959,-0.916949,-0.0498258
310,1.10753,-1.01183,0.0452449
310,1.09189,-0.974662,-0.00774521
310,1.0896,-0.926544,-0.0756148
310,1.11197,-0.995952,-0.0190586
310,1.08272,-0.918806,-0.133782
310,1.11047,-0.980094,-0.065571
310,1.13075,-1.03329,-0.0041362
310,1.10961,-0.975194,-0.0712752
310,1.13167,-1.03776,-0.00333154
310,1.49825,-1.2002,0.332276
310,1.13231,-1.04187,-0.000864744
310,1.15044,-1.0929,0.0435398
310,1.15607,-1.11479,0.0675464
310,1.14896,-1.09442,0.041778
310,1.06843,-0.857289,-0.227875
310,1.08471,-0.887362,-0.253797
310,1.11778,-0.950657,-0.195879
310,1.14546,-1.01771,-0.118075
310,1.14276,-1.01596,-0.130243
310,1.14144,-1.01565,-0.133965
310,1.14201,-1.02284,-0.134714
310,1.18845,-1.13965,0.000838935
310,1.19044,-1.13911,-0.000910819
310,1.19055,-1.13746,-0.00353557
310,1.19155,-1.13812,-0.00260383
310,1.18334,-1.12538,-0.0228633
310,1.10252,-0.906991,-0.275747
310,1.26165,-1.38278,0.26032
310,1.19462,-1.2067,0.048542
310,1.21454,-1.21987,0.0707746
310,1.21789,-1.21909,0.0704476
310,1.08239,-0.858991,-0.346025
310,1.2135,-1.22092,0.0689085
310,1.25327,-1.40382,0.256245
310,1.29991,-1.35772,0.211179
310,1.28749,-1.34808,0.194242
310,1.27967,-1.34151,0.174531
310,1.10202,-0.878651,-0.366958
310,1.27896,-1.3502,0.16518
310,1.27604,-1.35169,0.16459
310,1.1452,-0.987486,-0.253204
310,1.27683,-1.35336,0.164907
310,1.2284,-1.19521,-0.0182047
310,1.1862,-1.09524,-0.137796
310,1.18106,-1.08037,-0.158867
310,1.16007,-1.0154,-0.23768
310,1.20423,-1.11746,-0.119812
310,1.18426,-1.05949,-0.189311
310,1.18216,-1.07183,-0.181482
310,1.19953,-1.11458,-0.133317
310,1.23813,-1.19911,-0.0385274
310,1.22604,-1.17547,-0.073395
310,1.22316,-1.18136,-0.0712746
310,1.1664,-1.03795,-0.23925
310,1.22455,-1.18453,-0.0746308
310,1.16094,-0.984613,-0.306029
310,1.23772,-1.21119,-0.0498751
310,1.18046,-1.07001,-0.224544
310,1.13665,-0.902046,-0.416241
310,1.16215,-0.979106,-0.34794
310,1.20223,-1.0855,-0.232666
310,1.17536,-1.00416,-0.357798
310,1.19329,-1.04845,-0.316849
310,1.25277,-1.19197,-0.157133
310,1.20263,-1.06101,-0.314188
310,1.25302,-1.20059,-0.154254
310,1.2435,-1.17461,-0.186404
310,1.20247,-1.06432,-0.315537
310,1.22066,-1.0827,-0.300975
310,1.29167,-1.34717,-0.0301623
310,1.28608,-1.36129,-0.0415338
310,1.28752,-1.36455,-0.038063
310,1.17736,-0.969326,-0.476253
310,1.17967,-0.970614,-0.475959
310,1.26047,-1.179,-0.246035
310,1.26413,-1.18064,-0.243301
310,1.61418,-0.877766,-0.368093
310,1.2989,-1.32751,-0.0973042
310,1.19727,-1.0038,-0.461529
310,1.22333,-1.07037,-0.385306
310,1.2697,-1.186,-0.264433
310,1.23908,-1.11283,-0.350459
310,1.16967,-0.929843,-0.566571
310,1.7654,-0.652744,-0.545779
310,1.26071,-1.16103,-0.298637
310,1.26246,-1.15948,-0.299806
310,1.26771,-1.19199,-0.268565
310,1.19352,-0.988931,-0.503417
310,1.19273,-0.968298,-0.524425
310,1.27481,-1.19041,-0.271672
310,1.19351,-0.991245,-0.506138
310,1.86242,-0.627925,-0.532586
310,1.25847,-1.17045,-0.30065
310,1.80395,-0.64402,-0.546333
310,1.85252,-0.633313,-0.533427
310,1.90632,-0.617907,-0.522915
310,1.25794,-1.17303,-0.303198
310,1.26945,-1.19653,-0.275101
310,1.23539,-1.10118,-0.393409
310,1.85961,-0.645227,-0.561213
310,1.19643,-0.963482,-0.586119
310,1.69831,-0.682868,-0.614181
310,1.23726,-1.06785,-0.467989
310,1.23667,-1.06708,-0.469642
310,1.70028,-0.684433,-0.616522
310,1.27736,-1.17031,-0.35869
310,1.27815,-1.17142,-0.358461
310,1.20734,-0.987868,-0.576325
310,1.28212,-1.16556,-0.377661
310,1.2855,-1.17436,-0.377554
310,1.28898,-1.17438,-0.37614
310,1.23755,-1.04674,-0.525585
310,1.23086,-1.03635,-0.539123
310,1.28837,-1.17781,-0.374032
310,1.28103,-1.17004,-0.38531
310,1.28057,-1.14796,-0.409635
310,1.27999,-1.15332,-0.405466
310,1.28736,-1.17839,-0.377704
310,1.27907,-1.15146,-0.409446
310,1.28929,-1.17659,-0.382334
310,1.1924,-0.955454,-0.645976
310,1.21361,-0.976095,-0.624212
310,1.28105,-1.15161,-0.423772
310,1.27159,-1.14631,-0.440436
310,1.61055,-0.791305,-0.620104
310,1.61554,-0.794289,-0.620126
310,1.61416,-0.793248,-0.630761
310,1.6319,-0.797088,-0.62065
310,1.636,-0.765439,-0.657779
310,1.30318,-1.42034,-0.185233
310,2.14077,-0.540132,-0.632934
310,1.30142,-1.42362,-0.185074
310,1.32294,-1.31419,-0.281207
310,1.63706,-0.768666,-0.660948
310,1.30812,-1.24361,-0.36111
310,1.63536,-0.768973,-0.663251
310,2.14262,-0.543786,-0.639997
310,2.15188,-0.545759,-0.633635
310,2.14522,-0.541475,-0.641694
310,1.25537,-1.057,-0.578183
310,2.14563,-0.543077,-0.643034
310,1.63853,-0.768277,-0.671886
310,1.25553,-1.05807,-0.578232
310,2.14383,-0.518511,-0.674941
310,1.27256,-1.09738,-0.545938
310,1.2694,-1.07894,-0.578901
310,1.29702,-1.13327,-0.51908
310,1.27289,-1.09745,-0.567599
310,1.30325,-1.1665,-0.487559
310,1.29458,-1.13777,-0.525911
310,1.30817,-1.16397,-0.496658
310,1.3079,-1.17197,-0.493637
310,1.26957,-1.09698,-0.586246
310,1.32939,-1.3522,-0.33264
310,2.04823,-0.65813,-0.656376
310,1.29619,-1.14964,-0.555288
310,1.29642,-1.15292,-0.556428
310,2.04951,-0.667623,-0.665099
310,2.04937,-0.665203,-0.668988
310,1.32889,-1.36191,-0.346394
310,2.05041,-0.666644,-0.669599
310,2.04875,-0.667427,-0.672474
310,2.04909,-0.667307,-0.673482
310,2.0516,-0.667822,-0.672579
310,1.75932,-0.904608,-0.593135
310,1.75604,-0.905765,-0.598344
310,1.80736,-0.695024,-0.780911
310,1.75581,-0.910369,-0.598652
310,1.30852,-1.1351,-0.602206
310,1.85689,-0.68806,-0.770696
310,2.07803,-0.648956,-0.702099
310,1.30872,-1.13069,-0.610476
310,2.07675,-0.650249,-0.703229
310,2.39129,-0.71712,-0.492272
310,1.86234,-0.690259,-0.78039
310,2.38736,-0.726327,-0.492932
310,1.76716,-0.913339,-0.61482
310,1.78676,-0.892434,-0.62716
310,2.13713,-0.73957,-0.607749
310,1.78118,-0.899857,-0.626447
310,1.78813,-0.895933,-0.633291
310,1.32214,-1.39917,-0.372443
310,1.32018,-1.16387,-0.605496
310,1.32108,-1.16841,-0.602587
310,2.16839,-0.735079,-0.621232
310,1.88783,-0.698742,-0.806678
310,2.40613,-0.739952,-0.519614
310,1.33034,-1.18461,-0.631222
310,1.80378,-0.909116,-0.668085
310,1.80722,-0.916286,-0.681155
310,1.80856,-0.917806,-0.685685
310,1.96432,-0.695512,-0.827492
310,1.34078,-1.33635,-0.523137
310,2.18912,-0.816243,-0.616033
310,2.20164,-0.744516,-0.684988
310,2.19059,-0.818899,-0.619162
310,2.20359,-0.745351,-0.687582
310,1.34844,-1.34353,-0.540871
310,2.21064,-0.75261,-0.696738
310,2.21881,-0.822493,-0.628541
310,2.21978,-0.820598,-0.633141
310,2.2881,-0.722327,-0.698585
310,2.20301,-0.828128,-0.637473
310,2.21636,-0.815186,-0.646431
310,2.28901,-0.714355,-0.71741
310,2.28977,-0.717689,-0.717433
310,2.21987,-0.813876,-0.659527
310,1.34837,-1.35528,-0.559542
310,2.28699,-0.720524,-0.720499
310,2.2895,-0.722447,-0.719289
310,2.22925,-0.829146,-0.645745
310,1.49917,-1.21675,-0.628065
310,1.5017,-1.21724,-0.626683
310,1.49246,-1.22096,-0.628798
310,1.49619,-1.21913,-0.630056
310,1.51076,-1.21777,-0.632155
310,1.90799,-1.04391,-0.609846
310,1.50121,-1.22433,-0.634382
310,1.91721,-1.04567,-0.622388
310,1.53124,-1.22558,-0.644513
310,2.48901,-0.776806,-0.615262
310,2.89949,-0.538218,-0.648682
310,1.93823,-1.03598,-0.643631
310,2.20419,-0.929419,-0.622922
310,1.75956,-1.14515,-0.632218
310,1.53218,-1.23513,-0.657967
310,1.76183,-1.14712,-0.633398
310,2.91689,-0.548433,-0.655017
310,1.9246,-1.06149,-0.642467
310,1.76398,-1.15192,-0.633896
310,1.77117,-1.1566,-0.637159
310,1.93701,-1.05105,-0.659612
310,1.76999,-1.15815,-0.638283
310,1.77906,-1.16212,-0.631632
310,2.21145,-0.944454,-0.63277
310,2.21375,-0.945252,-0.63256
310,1.95163,-1.04234,-0.667999
310,2.2162,-0.943542,-0.634929
310,1.9545,-1.04967,-0.678624
310,1.95616,-1.04887,-0.678647
310,2.76213,-0.702632,-0.629647
310,2.77832,-0.694927,-0.653498
310,2.77397,-0.706669,-0.64587
310,1.51592,-1.31016,-0.696773
310,1.51172,-1.31231,-0.696848
310,2.05159,-1.15201,-0.590291
310,1.44096,-1.46276,-0.599238
310,2.80689,-0.705232,-0.670112
310,1.91972,-1.15952,-0.67552
310,2.62897,-0.854543,-0.62763
310,2.57424,-0.795339,-0.71249
310,2.6329,-0.852903,-0.632618
310,2.63796,-0.849968,-0.634275
310,2.64468,-0.841,-0.641802
310,2.6359,-0.855329,-0.634976
310,1.92355,-1.17059,-0.68755
310,1.84344,-1.33546,-0.5855
310,1.92559,-1.17732,-0.700829
310,2.09589,-1.16215,-0.636201
310,1.92866,-1.18724,-0.698616
310,2.09767,-1.17945,-0.645572
310,2.10251,-1.1781,-0.646641
310,1.46026,-1.47019,-0.677703
310,1.93399,-1.19986,-0.712922
310,1.93441,-1.21323,-0.70817
310,1.84744,-1.38156,-0.595429
310,2.24383,-1.16194,-0.63548
310,1.66174,-1.42198,-0.668711
310,2.52247,-0.99291,-0.665486
310,2.24498,-1.1482,-0.652855
310,1.66622,-1.46249,-0.636986
310,2.36761,-1.13341,-0.6377
310,2.3755,-1.16679,-0.621487
310,2.3754,-1.1378,-0.65044
310,2.04977,-1.35016,-0.622689
310,1.86912,-1.39636,-0.670048
310,2.06146,-1.3427,-0.640005
310,2.05678,-1.38225,-0.613977
310,2.05031,-1.38341,-0.616043
310,2.0567,-1.35634,-0.645018
310,2.67277,-0.844024,-0.844657
310,2.49568,-1.21076,-0.582978
310,2.26982,-1.20181,-0.70817
310,2.06216,-1.37684,-0.641277
310,2.06795,-1.35894,-0.657789
310,2.07125,-1.36395,-0.665106
310,2.43623,-1.29309,-0.607602
310,2.44064,-1.29497,-0.615758
310,2.21657,-1.47672,-0.589493
310,1.32325,-2.17014,-0.397914
310,2.6426,-1.34497,-0.560462
310,2.01051,-1.63422,-0.608327
310,2.80158,-1.25775,-0.595252
310,2.66112,-1.3655,-0.578544
310,2.70773,-1.26626,-0.657903
310,2.2466,-1.41551,-0.749995
310,3.01255,-1.23655,-0.606592
310,2.63793,-1.44311,-0.604426
310,1.89818,-1.80203,-0.624243
310,2.88879,-1.2466,-0.681628
310,3.02675,-1.24188,-0.619925
310,2.89297,-1.24921,-0.684003
310,2.27364,-1.68504,-0.590343
310,3.49516,-1.13596,-0.539379
310,1.90858,-1.81072,-0.664326
310,1.61603,-2.04581,-0.594058
310,2.66743,-1.48456,-0.647138
310,2.68003,-1.47952,-0.649495
310,1.91911,-1.83438,-0.680565
310,1.76542,-1.96187,-0.647599
310,2.26303,-1.81631,-0.5484
310,1.75834,-2.32286,-0.306312
310,2.65262,-1.61721,-0.568344
310,2.58063,-1.55669,-0.665405
310,2.62057,-1.55593,-0.662665
310,2.59232,-1.56969,-0.673635
310,2.62232,-1.56566,-0.668355
310,1.63119,-2.08784,-0.64997
310,1.79283,-2.0001,-0.682904
310,2.31571,-1.53638,-0.890126
310,2.66824,-1.57922,-0.700193
310,2.91554,-2.00876,-0.164251
310,2.32206,-1.54982,-0.90316
310,3.58565,-1.22534,-0.60315
310,2.27805,-1.97849,-0.528746
310,2.27882,-1.98294,-0.531483
310,1.38047,-2.37316,-0.605328
310,1.36153,-2.39438,-0.606178
310,3.4656,-1.42667,-0.535802
310,2.81068,-1.72995,-0.567512
310,1.98823,-2.21183,-0.506185
310,3.57123,-1.53582,-0.401278
310,2.01058,-2.4775,-0.268859
310,1.99442,-2.23301,-0.51916
310,1.26538,-2.95354,-0.180395
310,3.58465,-1.53616,-0.430135
310,3.09366,-1.55253,-0.698184
310,3.43723,-1.32401,-0.783657
310,1.10143,-3.26178,-0.0496455
310,1.27926,-3.10511,-0.118178
310,3.62329,-1.58713,-0.463397
310,2.88483,-2.15002,-0.305362
310,1.38069,-2.50583,-0.706074
310,1.291,-2.63065,-0.661466
310,1.2731,-3.08698,-0.238852
310,2.03768,-2.61493,-0.333335
310,2.95841,-1.83186,-0.699791
310,3.13926,-1.73772,-0.72689
310,1.27086,-3.15672,-0.268534
310,2.3538,-2.54233,-0.441679
310,3.56045,-1.77796,-0.596502
310,2.3029,-2.9407,-0.112996
310,3.58851,-1.78611,-0.610712
310,2.30992,-2.96424,-0.118887
310,2.4701,-2.2522,-0.739184
310,3.15357,-1.96195,-0.704899
310,3.56421,-1.81928,-0.65716
310,3.57486,-1.80204,-0.688922
310,3.55935,-1.923,-0.594018
310,3.32253,-2.05966,-0.583686
310,3.64717,-1.84791,-0.642627
310,3.6524,-1.84967,-0.641376
310,3.58978,-1.94762,-0.604721
310,3.70535,-1.8604,-0.663799
310,3.24247,-2.40295,-0.368698
310,0.809194,-3.538,-0.485597
310,2.31497,-3.0104,-0.27122
310,2.31423,-3.02422,-0.270301
310,2.4399,-2.86312,-0.441591
310,2.70805,-2.82643,-0.354824
310,2.85647,-2.8835,-0.242234
310,2.11859,-2.80637,-0.724379
310,2.13232,-3.02771,-0.513115
310,1.58046,-3.24702,-0.579756
310,3.50225,-2.69598,-0.202745
310,3.50942,-2.70481,-0.207547
310,1.69029,-3.32506,-0.494024
310,2.73816,-2.90371,-0.39597
310,3.62662,-2.1432,-0.745601
310,1.56088,-3.3515,-0.58532
310,1.53857,-3.43079,-0.53916
310,1.73872,-3.28364,-0.59328
310,2.54579,-2.70919,-0.761962
310,1.9953,-3.50945,-0.263845
310,3.07878,-2.75004,-0.474055
310,3.66667,-2.17636,-0.771981
310,1.56865,-3.7272,-0.338757
310,1.53967,-3.44987,-0.656288
310,3.71686,-2.21924,-0.799473
310,2.16212,-2.99012,-0.825102
310,1.76886,-3.52247,-0.538456
310,2.41971,-3.17031,-0.578746
310,2.03858,-3.5197,-0.456565
310,1.35721,-3.63959,-0.685192
310,2.18092,-3.31077,-0.629319
310,1.35757,-3.67592,-0.695109
310,1.70923,-3.70335,-0.500322
310,1.45885,-3.67929,-0.671549
310,2.03244,-3.61432,-0.462504
310,2.19182,-3.3441,-0.648912
310,2.81538,-2.5981,-1.0706
310,2.69006,-3.48268,-0.2782
310,1.86253,-3.70566,-0.465901
310,1.78158,-3.86898,-0.537835
310,1.77737,-3.87004,-0.541084
310,1.78376,-3.87084,-0.538802
310,2.80535,-3.39885,-0.588121
310,2.81888,-3.42801,-0.604031
310,1.93927,-3.66086,-0.820921
310,3.19473,-3.29253,-0.645183
310,3.20741,-3.29812,-0.647387
310,3.20959,-3.38486,-0.657649
310,1.96467,-3.86247,-0.913681
310,5.024,-2.68178,-0.613424
310,5.26563,-3.38299,-0.669362
310,5.3466,-3.42865,-0.703688
310,4.00063,-3.41335,-0.855335
309,4.00063,-3.41335,-0.855335
310,1.76043,-1.9541,-0.663344
309,1.76043,-1.9541,-0.663344
310,2.48608,-2.59214,-0.686982
309,2.48608,-2.59214,-0.686982
310,1.12184,-3.47942,-0.511403
302,1.12184,-3.47942,-0.511403
310,2.42805,-2.30986,-0.641046
301,2.42805,-2.30986,-0.641046
310,1.97441,-3.26367,-0.342004
68,1.97441,-3.26367,-0.342004
310,3.038,-2.97737,-0.499746
68,3.038,-2.97737,-0.499746
310,1.32195,-3.46446,-0.107808
295,1.32195,-3.46446,-0.107808
310,2.68849,-1.48869,-0.655742
207,2.68849,-1.48869,-0.655742
311,1.49899,-0.42927,0.234589
311,2.11206,-1.18096,-0.640097
311,2.7784,-0.704053,-0.636343
311,1.87426,-1.41959,-0.628029
311,1.85478,-1.43344,-0.642854
311,2.22586,-1.14589,-0.65284
311,2.21128,-1.15869,-0.649212
311,2.2335,-1.14805,-0.655983
311,2.21849,-1.16542,-0.652333
311,2.21482,-1.17327,-0.644683
311,2.65722,-0.841072,-0.65191
311,2.66233,-0.843277,-0.653082
311,2.64237,-0.868901,-0.63834
311,2.64754,-0.868904,-0.641692
311,2.23374,-1.19133,-0.640586
311,2.32914,-1.12367,-0.638624
311,2.5132,-1.00087,-0.647232
311,2.0497,-1.368,-0.650106
311,2.53012,-1.00654,-0.638301
311,2.07121,-1.36434,-0.646889
311,2.53403,-1.00951,-0.64277
311,2.5181,-1.02667,-0.637264
311,2.51856,-1.02817,-0.635468
311,2.52431,-1.03196,-0.638863
311,2.06441,-1.39368,-0.62957
311,2.07056,-1.39478,-0.632154
311,2.97638,-0.689659,-0.652781
311,2.37187,-1.17651,-0.648519
311,2.23345,-1.3039,-0.644697
311,2.23458,-1.30449,-0.644599
311,2.26017,-1.29137,-0.639701
311,2.27276,-1.28503,-0.641223
311,2.23788,-1.31044,-0.652974
311,2.20425,-1.33781,-0.653741
311,2.26406,-1.29657,-0.642022
311,2.20328,-1.34013,-0.653762
311,3.02032,-0.705495,-0.684826
311,2.26023,-1.32194,-0.61995
311,2.23265,-1.34025,-0.643907
311,2.23422,-1.33997,-0.643672
311,2.24388,-1.3481,-0.626513
311,2.26255,-1.32974,-0.637275
311,2.25231,-1.3471,-0.633373
311,2.24855,-1.35869,-0.634435
311,2.53176,-1.14694,-0.651713
311,2.54106,-1.14692,-0.656044
311,2.12862,-1.48993,-0.646577
311,3.22433,-0.703017,-0.510541
311,3.23638,-0.71226,-0.526258
311,2.45107,-1.30028,-0.624473
311,2.4367,-1.30452,-0.64732
311,2.01125,-1.63967,-0.650949
311,2.4545,-1.30648,-0.629093
311,2.4629,-1.29298,-0.648029
311,2.4733,-1.28816,-0.643876
311,2.67624,-1.12936,-0.64905
311,2.02722,-1.64381,-0.634011
311,2.66213,-1.14138,-0.657714
311,2.45108,-1.31494,-0.633044
311,2.00347,-1.65755,-0.648058
311,2.53404,-1.25905,-0.639312
311,2.96916,-0.931736,-0.636276
311,2.56726,-1.24364,-0.644855
311,2.62137,-1.20108,-0.647012
311,2.6332,-1.20762,-0.641373
311,2.25433,-1.51713,-0.63871
311,1.90433,-1.7948,-0.633482
311,2.55875,-1.28831,-0.629052
311,2.63859,-1.21801,-0.653991
311,2.61004,-1.24166,-0.668189
311,1.90936,-1.80146,-0.631499
311,2.56291,-1.29355,-0.637822
311,2.62279,-1.23935,-0.665578
311,2.29171,-1.51036,-0.635049
311,1.8875,-1.81975,-0.653441
311,2.40709,-1.41889,-0.646461
311,2.40678,-1.42097,-0.645557
311,1.89022,-1.82122,-0.652313
311,1.91306,-1.80803,-0.64262
311,2.2625,-1.5342,-0.650519
311,2.4209,-1.41686,-0.637863
311,2.61875,-1.26651,-0.634769
311,2.41891,-1.42074,-0.639808
311,3.23801,-0.830495,-0.524194
311,2.29331,-1.52071,-0.644226
311,2.38356,-1.45264,-0.644025
311,1.89153,-1.8314,-0.660699
311,2.41984,-1.43033,-0.644732
311,2.38827,-1.45886,-0.64545
311,2.6268,-1.27619,-0.64099
311,2.40155,-1.45182,-0.645215
311,2.68677,-1.24193,-0.633216
311,1.78768,-1.95566,-0.636809
311,1.78305,-1.96458,-0.635028
311,1.76398,-1.98058,-0.662461
311,1.66657,-2.09011,-0.622264
311,1.64335,-2.11641,-0.64452
311,2.59903,-1.44103,-0.649652
311,2.86149,-1.25622,-0.639868
311,1.52843,-2.30219,-0.654957
311,2.68663,-1.42278,-0.628472
311,2.70748,-1.41505,-0.635531
311,3.45773,-1.20523,0.3543
311,2.30723,-1.72964,-0.64472
311,3.45196,-1.22178,0.358724
311,2.3026,-1.74045,-0.651746
311,2.6384,-1.4923,-0.652504
311,2.54199,-1.58157,-0.638876
311,2.57276,-1.55597,-0.645363
311,2.64234,-1.50297,-0.643952
311,2.58954,-1.5485,-0.63673
311,2.66684,-1.49072,-0.63957
311,2.64958,-1.50574,-0.644539
311,2.54743,-1.58717,-0.644329
311,3.03532,-1.25572,-0.631085
311,3.03646,-1.25546,-0.63139
311,2.71438,-1.50999,-0.620418
311,2.71631,-1.53077,-0.628389
311,3.41636,-1.05976,-0.471928
311,3.41593,-1.09363,-0.492896
311,3.41994,-1.09351,-0.498049
311,2.31876,-1.92736,-0.646964
311,2.33197,-1.9376,-0.649621
311,3.00072,-1.43629,-0.624083
311,3.85333,-1.07005,0.158827
311,3.24823,-1.24555,-0.640475
311,3.27327,-1.23114,-0.649748
311,3.87067,-1.07112,0.157493
311,3.26193,-1.24956,-0.646666
311,2.73796,-1.66452,-0.637736
311,2.71279,-1.6937,-0.640375
311,3.57624,-1.56131,0.702003
311,3.31061,-1.25587,-0.666381
311,3.57445,-1.58078,0.715133
311,3.58941,-1.58177,0.72012
311,3.59858,-1.59368,0.723939
311,3.80529,-0.962723,-0.540407
311,3.81273,-0.969943,-0.535976
311,3.80599,-0.974728,-0.539226
311,3.44126,-1.28116,-0.522707
311,3.44962,-1.28866,-0.523511
311,2.38768,-2.09079,-0.626929
311,2.3893,-2.09148,-0.625511
311,4.06881,-1.19709,0.344118
311,3.49111,-1.46391,-0.152073
311,3.89893,-1.49565,0.737447
311,3.89292,-1.50936,0.753533
311,3.53121,-1.52869,0.0557021
311,3.4486,-1.39583,-0.484535
311,3.90484,-1.49897,0.731072
311,3.4204,-1.36549,-0.634529
311,3.87735,-1.52975,0.734954
311,3.53745,-1.53991,0.0572071
311,3.5198,-1.50846,-0.107552
311,3.54225,-1.49708,-0.156709
311,3.50103,-1.435,-0.418217
311,3.50771,-1.43952,-0.415609
311,3.51954,-1.44243,-0.42999
311,3.53935,-1.45233,-0.424569
311,3.48412,-1.44115,-0.570292
311,3.57333,-1.50823,-0.208306
311,3.53667,-1.47556,-0.395927
311,4.14156,-1.29991,0.365894
311,2.41286,-2.28425,-0.621672
311,3.55022,-1.4757,-0.427031
311,3.5032,-1.4665,-0.583439
311,3.57486,-1.48102,-0.434046
311,3.63709,-1.62329,0.0674235
311,3.56279,-1.50123,-0.424843
311,2.38937,-2.33532,-0.651309
311,3.55567,-1.59743,-0.220328
311,3.63227,-1.61659,-0.0381151
311,3.5337,-1.48713,-0.594652
311,3.56943,-1.60085,-0.232569
311,3.57744,-1.59867,-0.230081
311,3.57727,-1.54435,-0.473408
311,3.61748,-1.55667,-0.450273
311,3.6064,-1.57053,-0.470953
311,3.62751,-1.58174,-0.564389
311,2.44814,-2.48126,-0.626832
311,2.45017,-2.48124,-0.626412
311,2.38874,-2.82896,0.167169
311,2.42713,-2.52612,-0.652883
311,2.41823,-2.53873,-0.654075
311,1.95236,-3.10273,-0.161479
311,3.64343,-1.64339,-0.546922
311,3.64018,-1.64781,-0.548526
311,1.69859,-3.49319,0.320982
311,3.51277,-1.74887,-0.636903
311,1.95419,-3.13838,-0.174572
311,3.66817,-1.66538,-0.554038
311,3.51113,-1.758,-0.638631
311,1.70795,-3.53606,0.314965
311,3.52243,-1.789,-0.623646
311,3.71078,-1.7127,-0.59538
311,3.25235,-2.05712,-0.656596
311,2.13208,-3.16562,-0.103201
311,2.12702,-3.18552,-0.109808
311,2.46253,-2.72436,-0.645729
311,2.45219,-2.73713,-0.653686
311,1.69871,-3.34759,-0.597946
311,2.45627,-2.73784,-0.655007
311,1.70028,-3.35288,-0.60179
311,1.98977,-3.16827,-0.496197
311,1.54846,-3.49409,-0.556759
311,1.54747,-3.49658,-0.552927
311,1.99406,-3.17356,-0.498528
311,2.08483,-3.22286,-0.193184
311,2.00122,-3.1892,-0.49779
311,1.59317,-3.5761,-0.315097
311,1.7497,-3.34599,-0.633763
311,3.52357,-1.98254,-0.631222
311,1.76243,-3.36082,-0.63221
311,3.4504,-2.09898,-0.571693
311,2.18065,-3.26184,-0.106884
311,1.91567,-3.48287,-0.0900901
311,1.58016,-3.66979,-0.325017
311,3.60925,-1.97884,-0.628272
311,2.20742,-3.26542,-0.117293
311,1.92123,-3.50476,-0.0787149
311,2.28978,-3.21674,-0.0996519
311,2.18207,-3.20689,-0.358966
311,2.27939,-3.22135,-0.122911
311,2.21645,-3.2795,-0.115113
311,2.18134,-3.24734,-0.375682
311,2.21223,-3.26872,-0.29121
311,1.91722,-3.58553,-0.0673613
311,2.30995,-3.24348,-0.199207
311,2.53862,-3.07562,-0.175064
311,1.87587,-3.54465,-0.315391
311,2.17042,-3.21323,-0.598476
311,1.87249,-3.58349,-0.324247
311,2.3131,-3.23977,-0.329705
311,3.03755,-2.5676,-0.634473
311,2.53972,-3.12454,-0.185455
311,2.562,-3.11613,-0.182119
311,2.55006,-3.13612,-0.183138
311,1.86238,-3.53247,-0.56069
311,2.39521,-3.25774,-0.202527
311,2.40381,-3.2564,-0.203627
311,1.86259,-3.54382,-0.558699
311,1.85748,-3.63704,-0.328131
311,2.53961,-2.98688,-0.665187
311,2.3598,-3.26855,-0.296236
311,2.40656,-3.26994,-0.200996
311,2.71129,-3.09425,-0.0979713
311,2.46522,-3.17759,-0.415949
311,2.55129,-3.01819,-0.680863
311,2.55699,-3.15675,-0.340116
311,1.89439,-3.61222,-0.514536
311,2.40171,-3.2792,-0.362582
311,2.47635,-3.20934,-0.421364
311,2.47919,-3.20867,-0.418943
311,2.38551,-3.30267,-0.363089
311,2.59233,-3.17331,-0.326235
311,2.48824,-3.2173,-0.430386
311,2.85802,-3.06479,-0.084687
311,2.66202,-3.18783,-0.192372
311,2.62328,-3.19048,-0.285386
311,2.66526,-3.20739,-0.198239
311,2.87735,-3.11372,-0.0925718
311,2.86797,-3.11429,-0.112574
311,2.813,-3.17225,-0.105033
311,2.75006,-3.14356,-0.356173
311,2.76908,-3.13595,-0.358159
311,1.72572,-3.89034,-0.550981
311,2.82847,-3.17599,-0.192863
311,1.70633,-3.92861,-0.519507
311,2.90495,-3.1346,-0.188053
311,2.77743,-3.12773,-0.490297
311,2.73547,-3.15791,-0.49702
311,2.97288,-3.09844,-0.175441
311,1.71718,-3.92996,-0.567694
311,2.76224,-3.11622,-0.583178
311,2.78758,-3.14179,-0.502667
311,3.27079,-3.03613,0.215226
311,2.78532,-3.11053,-0.605029
311,2.72253,-3.20508,-0.517697
311,2.83746,-3.18109,-0.355489
311,2.82724,-3.13771,-0.493428
311,2.98848,-3.13629,-0.185226
311,2.98934,-3.13831,-0.18769
311,2.83753,-3.14302,-0.494558
311,3.3152,-2.97474,0.00344703
311,2.99898,-3.15263,-0.19131
311,2.83665,-3.17063,-0.502584
311,2.84411,-3.16642,-0.506353
311,2.94872,-3.24575,-0.103539
311,2.94616,-3.16901,-0.326759
311,2.86196,-3.17585,-0.506015
311,2.86134,-3.18059,-0.510207
311,2.85847,-3.20485,-0.513202
311,3.07897,-3.08594,-0.474922
311,2.55905,-3.65121,-0.0606821
311,3.10205,-3.2391,-0.0538138
311,3.30222,-3.14943,0.0802211
311,3.21572,-3.27469,0.213686
311,3.36346,-3.18117,0.211319
311,3.38661,-3.09054,-0.00332448
311,3.03556,-3.23472,-0.366795
311,3.44642,-3.20236,0.374116
311,3.03951,-3.25506,-0.369119
311,3.03199,-3.26584,-0.366777
311,3.23735,-3.26738,0.0373109
311,3.04657,-3.276,-0.37021
311,3.16704,-3.11342,-0.584243
311,3.18241,-3.14538,-0.545726
311,3.55167,-3.06367,-0.00647008
311,3.20816,-3.28372,-0.137579
311,3.18422,-3.14708,-0.563761
311,3.52634,-3.09845,0.0107113
311,3.24369,-3.3213,0.01512
311,3.26095,-3.29876,-0.0310049
311,3.37567,-3.21191,-0.0371205
311,3.25305,-3.09679,-0.598215
311,3.26948,-3.31983,-0.0349613
311,3.55857,-3.1484,0.0840028
311,3.26036,-3.30548,-0.141665
311,3.61124,-3.1048,0.0189739
311,3.7125,-3.16252,0.354095
311,3.72673,-3.1663,0.352756
311,3.38948,-3.29528,-0.0431719
311,1.66463,-4.94101,0.7553
311,3.74342,-3.18777,0.360172
311,3.67447,-3.13737,0.0569837
311,3.61812,-3.1984,0.0853956
311,3.58162,-3.23554,0.0705405
311,3.31071,-3.17735,-0.656765
311,3.73103,-3.16081,0.146958
311,3.53664,-3.43009,0.407508
311,3.72756,-3.13239,-0.00907779
311,3.7154,-3.20038,0.0487167
311,2.01082,-4.78173,0.728073
311,3.76037,-3.20577,0.141108
311,3.40082,-3.66485,0.481849
311,2.02478,-4.97602,1.04832
311,3.72177,-3.04938,-0.662511
311,2.02748,-5.02633,1.04849
311,2.03664,-5.06687,1.05304
311,3.44279,-3.77105,0.477311
311,2.04321,-5.11653,1.06318
311,2.10049,-4.98916,0.756394
311,3.8042,-3.14968,-0.671117
311,2.09839,-5.02416,0.755631
311,3.81316,-3.16196,-0.697668
311,2.1011,-5.04033,0.745657
311,2.04879,-5.10105,0.747432
311,2.56105,-4.85327,0.860149
311,2.55769,-4.85586,0.856836
311,2.56842,-4.93801,0.864919
311,2.65163,-4.98503,1.04815
311,2.40803,-5.03573,0.574301
311,4.98045,-2.65965,-0.62504
311,5.26227,-2.91546,0.55351
311,5.02201,-2.67948,-0.593311
311,5.3482,-2.92931,0.708748
311,4.1568,-3.4891,-0.274324
311,2.43804,-5.19175,0.576123
311,5.20879,-2.99642,0.337295
311,5.29897,-3.0856,0.274593
311,5.31157,-3.0835,0.27987
311,2.36492,-5.49793,0.5889
311,3.17148,-4.85453,0.516295
311,3.16423,-4.86202,0.516624
311,5.38476,-3.10005,0.340582
311,3.21294,-4.86345,0.531313
311,5.32987,-3.23217,0.524262
311,2.57171,-5.40442,0.584031
311,4.96107,-3.28275,-0.321814
311,5.34532,-2.87818,-0.673975
311,5.63864,-3.23652,0.759345
311,5.67872,-3.40236,1.25357
311,5.5664,-3.28663,0.705785
311,5.33067,-3.2613,-0.011034
311,5.20444,-3.23555,-0.365415
311,5.721,-3.28228,0.781751
311,5.06934,-3.36662,-0.345254
311,5.11461,-3.3547,-0.288799
311,5.10966,-3.25215,-0.609185
311,5.12695,-3.23903,-0.60991
311,5.77605,-3.40941,1.16068
311,5.17674,-3.21689,-0.595868
311,5.15638,-3.35827,-0.293554
311,5.14549,-3.25909,-0.615553
311,5.13472,-3.26887,-0.627632
311,5.01152,-3.42397,-0.552196
311,5.82966,-3.44021,1.16768
311,5.81958,-3.44483,1.15089
311,5.21424,-3.25898,-0.607276
311,5.18817,-3.40171,-0.289086
311,5.43868,-3.33393,0.0332154
311,5.23146,-3.4286,-0.297031
311,5.00845,-3.50996,-0.563073
311,5.02098,-3.53255,-0.569699
311,5.50945,-3.88179,1.31418
311,5.44287,-3.28271,-0.468466
311,5.36529,-3.38258,-0.405376
311,5.43397,-3.30191,-0.480398
311,5.07148,-3.59766,-0.593419
311,4.21888,-4.63639,0.393311
311,5.39,-3.41103,-0.462018
311,4.22192,-4.66697,0.435053
311,5.4036,-3.42781,-0.490793
311,4.23926,-4.7095,0.440836
311,5.44705,-3.44983,-0.425228
311,5.43241,-3.45177,-0.490456
311,5.17679,-3.68033,-0.537855
311,5.27596,-3.95509,0.313579
311,5.36569,-4.29916,1.36726
311,5.29354,-4.02013,0.335646
311,5.38959,-3.95025,0.327617
311,5.41982,-3.9792,0.327227
311,5.46505,-4.0144,0.332928
311,5.31556,-4.48749,1.19752
311,5.38087,-4.47815,1.17999
311,5.34492,-4.5432,0.980742
311,5.44202,-4.5426,1.10665
311,5.44357,-4.61682,1.28654
311,5.3728,-4.55905,0.838203
311,5.53653,-4.60035,1.12157
311,5.69824,-4.24621,0.347043
311,5.46989,-4.54537,-0.613337
311,5.51535,-4.60322,-0.427396
311,5.53966,-4.61922,-0.433035
311,5.53804,-4.64236,-0.592841
311,5.56612,-4.64093,-0.635257
311,6.09618,-4.67151,0.352572
311,5.78091,-4.83276,-0.493216
311,2.2407,-1.50739,-0.627907
309,2.2407,-1.50739,-0.627907
311,5.28554,-4.52861,-0.588229
309,5.28554,-4.52861,-0.588229
311,3.30278,-3.38535,0.355404
309,3.30278,-3.38535,0.355404
311,3.87642,-3.38427,0.355189
309,3.87642,-3.38427,0.355189
311,3.30787,-3.38823,0.354002
309,3.30787,-3.38823,0.354002
311,3.31964,-3.16693,-0.652047
309,3.31964,-3.16693,-0.652047
311,2.59575,-1.07907,-0.710885
309,2.59575,-1.07907,-0.710885
311,5.11517,-3.16823,-0.35365
309,5.11517,-3.16823,-0.35365
311,2.39384,-2.24302,-0.701793
310,2.39384,-2.24302,-0.701793
311,2.40767,-3.3051,-0.374143
310,2.40767,-3.3051,-0.374143
311,3.19628,-3.26857,-0.627164
310,3.19628,-3.26857,-0.627164
311,3.02135,-1.15618,-0.657267
310,3.02135,-1.15618,-0.657267
311,2.56018,-1.2833,-0.659282
310,2.56018,-1.2833,-0.659282
311,2.51125,-1.02485,-0.649673
310,2.51125,-1.02485,-0.649673
311,1.90789,-3.37975,-0.688092
310,1.90789,-3.37975,-0.688092
311,2.68324,-1.13102,-0.653766
310,2.68324,-1.13102,-0.653766
311,3.22317,-2.97949,-0.19534
310,3.22317,-2.97949,-0.19534
311,2.60065,-1.18748,-0.621757
310,2.60065,-1.18748,-0.621757
311,1.54828,-3.61299,-0.575485
310,1.54828,-3.61299,-0.575485
311,2.92762,-1.85729,-0.671105
68,2.92762,-1.85729,-0.671105
311,3.00226,-3.19522,-0.287593
68,3.00226,-3.19522,-0.287593
311,5.52829,-3.62352,-0.653501
68,5.52829,-3.62352,-0.653501
311,5.51412,-3.13979,0.741439
68,5.51412,-3.13979,0.741439
311,5.31844,-3.51524,-0.292449
68,5.31844,-3.51524,-0.292449
311,5.53665,-4.61148,1.35245
308,5.53665,-4.61148,1.35245
311,5.35914,-3.12313,0.452608
198,5.35914,-3.12313,0.452608
312,1.5178,-0.357331,0.109783
312,1.59023,-0.468021,0.17734
312,1.79311,-0.480019,-0.0717851
312,1.79563,-0.480879,-0.0720572
312,1.95866,-0.406753,-0.113969
312,1.61527,-0.806449,-0.1027
312,2.17368,-0.704351,-0.56229
312,2.21376,-0.729393,-0.582475
312,1.89109,-1.0247,-0.593761
312,2.2186,-0.722745,-0.608268
312,1.76711,-1.14945,-0.611005
312,1.90102,-1.03333,-0.603132
312,1.91218,-1.03444,-0.600836
312,1.91206,-1.03678,-0.603708
312,1.91991,-1.03991,-0.594057
312,2.17292,-0.811267,-0.590965
312,1.91582,-1.0423,-0.602768
312,2.17193,-0.80685,-0.607863
312,2.18051,-0.81093,-0.600233
312,1.92441,-1.04893,-0.596766
312,1.77223,-1.20722,-0.559676
312,1.92667,-1.04909,-0.596755
312,1.76988,-1.20979,-0.568696
312,2.18954,-0.811343,-0.62462
312,1.7738,-1.21957,-0.57782
312,2.20087,-0.817906,-0.630645
312,2.20278,-0.818641,-0.632273
312,1.77629,-1.2332,-0.586417
312,1.77978,-1.23298,-0.588336
312,2.20631,-0.820552,-0.633796
312,1.7802,-1.24308,-0.596305
312,1.77428,-1.24918,-0.599608
312,2.22508,-0.832031,-0.635644
312,1.63729,-1.38249,-0.615336
312,1.64588,-1.40332,-0.601809
312,1.64439,-1.39706,-0.619813
312,2.17971,-0.924885,-0.606661
312,2.17966,-0.925639,-0.612907
312,1.64767,-1.41053,-0.627947
312,1.48496,-1.55093,-0.66007
312,1.65784,-1.42432,-0.610682
312,2.02205,-1.11477,-0.56802
312,1.65106,-1.42944,-0.635504
312,2.34238,-0.788027,-0.721622
312,2.21724,-0.948759,-0.63432
312,2.05303,-1.1382,-0.571225
312,2.05143,-1.14086,-0.589108
312,1.99178,-1.13831,-0.72396
312,2.05413,-1.14374,-0.592012
312,2.23179,-0.961004,-0.664982
312,1.83463,-1.36543,-0.588175
312,1.83814,-1.36767,-0.578391
312,1.94508,-1.22133,-0.687127
312,2.06038,-1.15369,-0.604355
312,1.67782,-1.47773,-0.672073
312,1.94432,-1.22694,-0.688614
312,1.95583,-1.21939,-0.686707
312,1.83938,-1.3645,-0.621801
312,1.84311,-1.37396,-0.604663
312,2.25023,-0.968699,-0.674581
312,1.84352,-1.37572,-0.603044
312,1.69414,-1.50158,-0.659398
312,1.96755,-1.26089,-0.703971
312,2.08518,-1.18866,-0.62828
312,1.95538,-1.30314,-0.658431
312,2.2041,-1.11019,-0.582464
312,2.54146,-0.805897,-0.580448
312,1.95485,-1.30705,-0.667404
312,1.95593,-1.30953,-0.66071
312,1.86339,-1.40491,-0.645957
312,2.54666,-0.804637,-0.592785
312,1.95909,-1.31188,-0.664929
312,2.5542,-0.816998,-0.562142
312,2.21174,-1.11727,-0.597564
312,1.95895,-1.31663,-0.671068
312,1.86953,-1.41837,-0.63359
312,2.56144,-0.815023,-0.589816
312,2.70285,-0.689551,-0.584201
312,2.10306,-1.21611,-0.654774
312,2.19938,-1.14555,-0.631853
312,2.20075,-1.16284,-0.601655
312,2.2274,-1.13793,-0.613308
312,2.12498,-1.21446,-0.662281
312,1.87984,-1.44606,-0.649717
312,2.1283,-1.21288,-0.666223
312,2.13192,-1.22287,-0.671512
312,2.33038,-1.09882,-0.571992
312,2.8945,-0.57223,-0.604788
312,2.13789,-1.2314,-0.691963
312,2.04488,-1.36076,-0.605546
312,1.8954,-1.46446,-0.682939
312,2.14293,-1.23663,-0.685772
312,2.13917,-1.23489,-0.697183
312,2.04742,-1.36384,-0.612595
312,2.14969,-1.24012,-0.683566
312,2.14966,-1.24444,-0.674481
312,2.0506,-1.36811,-0.607205
312,2.15354,-1.24387,-0.684912
312,1.90085,-1.48569,-0.666578
312,2.05333,-1.37152,-0.617181
312,1.81222,-1.84893,-0.0910073
312,2.08972,-1.38203,-0.562647
312,2.05951,-1.37678,-0.638764
312,2.33646,-1.13719,-0.608289
312,2.1661,-1.25745,-0.693297
312,2.0625,-1.38672,-0.627492
312,2.64485,-0.856188,-0.627836
312,2.49646,-1.00636,-0.611638
312,1.81736,-1.87136,-0.0893916
312,2.07437,-1.39256,-0.641065
312,2.8055,-0.717408,-0.660354
312,2.07217,-1.39718,-0.653607
312,2.2589,-1.21152,-0.684922
312,2.42711,-1.17539,-0.450864
312,2.26618,-1.29325,-0.516537
312,2.43078,-1.17885,-0.442368
312,2.26557,-1.29391,-0.534456
312,2.44905,-1.13108,-0.542627
312,2.52868,-1.01391,-0.644671
312,2.52688,-1.02166,-0.631342
312,2.44578,-1.14594,-0.553132
312,2.45338,-1.14591,-0.551963
312,2.4521,-1.19038,-0.464501
312,2.43751,-1.16136,-0.567292
312,2.45274,-1.1524,-0.558421
312,2.45605,-1.15409,-0.553021
312,2.2891,-1.32,-0.544683
312,2.46163,-1.15954,-0.561976
312,2.49747,-1.15379,-0.513371
312,2.55117,-1.02576,-0.68719
312,2.3969,-1.21882,-0.578932
312,2.18871,-1.41918,-0.580395
312,2.50646,-1.15296,-0.527506
312,2.12748,-1.45903,-0.622617
312,2.50449,-1.16002,-0.522154
312,2.72814,-0.888749,-0.694408
312,2.42308,-1.19324,-0.656579
312,2.73281,-0.88913,-0.703993
312,2.1437,-1.47549,-0.618799
312,1.87051,-1.73534,-0.604683
312,2.73987,-0.892888,-0.701639
312,2.52927,-1.16845,-0.541637
312,2.42721,-1.19582,-0.687771
312,2.51995,-1.17902,-0.564099
312,2.4413,-1.20942,-0.671795
312,3.0757,-0.605654,-0.728521
312,2.335,-1.36225,-0.567337
312,2.15346,-1.49312,-0.647155
312,2.15436,-1.49717,-0.641126
312,2.76769,-0.9165,-0.707896
312,1.50819,-2.13699,-0.582908
312,2.43532,-1.26812,-0.62081
312,2.77771,-0.903716,-0.739665
312,1.51021,-2.13875,-0.588646
312,2.4453,-1.27231,-0.617923
312,2.78194,-0.907952,-0.744802
312,2.7873,-0.917309,-0.718172
312,2.57098,-1.1637,-0.622185
312,2.34736,-1.39147,-0.593201
312,1.62751,-2.04064,-0.622014
312,2.56904,-1.20199,-0.579776
312,1.52391,-2.16188,-0.58213
312,2.59147,-1.17188,-0.608982
312,2.53027,-1.27918,-0.523044
312,2.59988,-1.17904,-0.606783
312,2.60141,-1.18221,-0.609408
312,2.5811,-1.21114,-0.590077
312,2.82298,-0.947961,-0.755297
312,2.64399,-1.19579,-0.617973
312,2.6247,-1.21189,-0.643351
312,2.2292,-1.61076,-0.579595
312,2.24046,-1.62556,-0.585632
312,2.25359,-1.64086,-0.572171
312,2.75461,-1.20921,-0.564543
312,1.5466,-2.2928,-0.636753
312,2.67549,-1.24457,-0.678273
312,2.20035,-1.94012,-0.111744
312,2.1725,-1.83175,-0.442713
312,2.22782,-1.74144,-0.553382
312,2.33671,-1.5943,-0.675716
312,2.67764,-1.29667,-0.714116
312,2.35213,-1.61172,-0.697968
312,2.26359,-1.76661,-0.55128
312,2.36263,-1.62947,-0.705092
312,1.67437,-2.28549,-0.715654
312,2.71266,-1.32603,-0.740914
312,3.40439,-1.23089,0.343922
312,2.81993,-1.32441,-0.712366
312,2.84103,-1.2929,-0.768661
312,3.09904,-1.16525,-0.549185
312,2.82733,-1.32989,-0.759429
312,2.85764,-1.29879,-0.783667
312,3.10965,-1.16552,-0.578672
312,2.86037,-1.30594,-0.781464
312,2.69329,-1.58729,-0.502521
312,2.8595,-1.30675,-0.784256
312,2.06836,-2.58444,0.421437
312,2.55707,-1.60436,-0.74631
312,2.31284,-1.89763,-0.620046
312,2.37999,-1.81338,-0.676875
312,2.87341,-1.32608,-0.785876
312,2.28548,-1.98352,-0.567918
312,2.90595,-1.31237,-0.802152
312,2.66459,-1.65902,-0.691536
312,3.39416,-1.08475,-0.496433
312,2.67802,-1.67597,-0.700626
312,2.66962,-1.70144,-0.694839
312,2.3102,-2.10226,-0.545583
312,3.554,-1.39095,0.379067
312,2.67517,-1.71006,-0.730235
312,3.05034,-1.51983,-0.39454
312,2.1301,-2.46277,-0.181905
312,2.83523,-1.68368,-0.504897
312,2.26382,-2.25722,-0.469498
312,3.28997,-1.325,-0.475776
312,3.31027,-1.30975,-0.503153
312,3.38888,-1.38606,-0.189454
312,2.82205,-1.7243,-0.603214
312,3.34325,-1.33216,-0.429203
312,2.05434,-2.60258,-0.240821
312,3.30488,-1.3408,-0.49833
312,2.2491,-2.33262,-0.457702
312,2.8783,-1.7249,-0.525999
312,3.35004,-1.32694,-0.466089
312,3.21037,-1.33988,-0.725645
312,2.02981,-2.97314,0.461631
312,3.09909,-1.42025,-0.797946
312,3.41309,-1.40503,-0.20963
312,2.73891,-1.77326,-0.767611
312,2.98613,-1.73447,-0.440797
312,2.95229,-1.75043,-0.483015
312,3.39417,-1.34308,-0.504695
312,3.45379,-1.45966,-0.1872
312,1.86432,-2.9973,-0.022909
312,2.3344,-2.49195,-0.206857
312,2.19316,-2.61667,-0.232503
312,2.98229,-1.77431,-0.502175
312,3.74571,-1.49991,0.416881
312,2.17017,-2.7058,-0.111638
312,2.47771,-2.1397,-0.737348
312,3.17157,-1.47406,-0.81719
312,2.48636,-2.14948,-0.741675
312,3.54705,-1.5657,0.104463
312,3.31333,-1.4013,-0.750877
312,1.84665,-3.08469,-0.019233
312,3.3979,-1.40252,-0.58321
312,3.1764,-1.49706,-0.827364
312,3.62441,-1.24961,-0.578695
312,3.45662,-1.33324,-0.741913
312,3.83209,-1.54551,0.425542
312,2.99866,-1.84772,-0.613579
312,3.88688,-1.48881,0.36976
312,2.92067,-1.87999,-0.735783
312,3.50019,-1.37654,-0.732322
312,1.88974,-3.17745,-0.0799344
312,3.89771,-1.57175,0.437564
312,3.89228,-1.57447,0.421173
312,1.71018,-3.13392,-0.574982
312,2.94976,-1.92814,-0.764909
312,3.60513,-1.57095,-0.235625
312,4.0074,-1.4794,0.36815
312,3.94122,-1.57138,0.429563
312,1.89135,-3.23486,-0.0855324
312,2.98268,-1.94378,-0.770819
312,3.16966,-1.89086,-0.512842
312,2.95951,-1.96161,-0.781592
312,2.80236,-2.32369,-0.392943
312,3.00492,-1.9599,-0.786488
312,3.60386,-1.57229,-0.471206
312,1.84939,-3.18194,-0.51938
312,1.85431,-3.20063,-0.526239
312,3.01724,-2.01052,-0.82127
312,3.23963,-1.96338,-0.543066
312,3.6832,-1.45589,-0.810604
312,3.12024,-2.01651,-0.775912
312,1.8545,-3.3278,-0.450794
312,3.12736,-2.02311,-0.748591
312,1.86201,-3.31934,-0.457025
312,2.24175,-3.04282,-0.308297
312,1.86308,-3.32721,-0.458716
312,4.0376,-1.821,0.514489
312,2.17839,-3.18228,-0.347945
312,4.33066,-1.54744,0.395029
312,2.40386,-2.92394,-0.538375
312,3.75547,-1.71011,-0.531674
312,3.21256,-2.11598,-0.798808
312,2.65754,-2.62193,-0.840543
312,2.66507,-2.6387,-0.855579
312,3.84676,-1.54801,-0.8842
312,3.64016,-1.84966,-0.65519
312,3.27376,-2.16187,-0.827001
312,2.42706,-3.06973,-0.598714
312,3.34362,-2.16488,-0.752664
312,2.46318,-3.16881,-0.413575
312,3.32198,-2.23017,-0.857888
312,4.30705,-2.00133,0.522554
312,1.81542,-3.81128,-0.54618
312,4.35936,-1.36393,-0.802014
312,2.5674,-3.06528,-0.698286
312,3.77569,-2.00597,-0.671174
312,2.80054,-2.76462,-1.04375
312,3.58647,-2.26871,-0.682535
312,3.63684,-2.28882,-0.635528
312,3.15343,-3.23148,0.452053
312,2.462,-3.57268,-0.228468
312,2.84943,-2.83377,-1.07424
312,3.49966,-2.89798,0.340767
312,2.70141,-3.32265,-0.365363
312,3.53404,-2.92679,0.344501
312,3.5406,-2.36803,-0.897322
312,3.51916,-2.80175,-0.0326137
312,3.45819,-2.90099,0.029714
312,4.56877,-2.09292,0.47995
312,3.56383,-2.97404,0.35386
312,3.32681,-3.13489,0.19086
312,2.82732,-3.27357,-0.610799
312,3.49793,-2.96449,0.0398255
312,4.59646,-2.14933,0.451657
312,3.60901,-3.02046,0.353685
312,3.48228,-3.13368,0.34157
312,3.49062,-3.15282,0.345132
312,3.61998,-3.03596,0.340834
312,3.30337,-3.35933,0.373866
312,2.72833,-3.55375,-0.402415
312,3.23077,-3.26089,-0.059547
312,3.25062,-3.35716,0.158877
312,3.16745,-3.1007,-0.578686
312,3.25705,-3.3655,0.172804
312,3.71484,-2.46438,-0.881872
312,3.34073,-3.39846,0.347161
312,3.32827,-3.4243,0.348808
312,3.50668,-3.26635,0.357282
312,3.33017,-3.4378,0.370379
312,3.34159,-3.46777,0.433153
312,3.2787,-3.40835,0.175233
312,3.28574,-3.40408,0.169859
312,3.24486,-3.29656,-0.150599
312,3.18721,-3.15713,-0.587814
312,3.64854,-3.09909,0.0654544
312,3.54381,-3.34166,0.375191
312,3.91789,-2.50129,-0.731714
312,3.18047,-3.28373,-0.525377
312,3.23377,-3.23065,-0.575789
312,3.21283,-3.2467,-0.634521
312,3.37111,-3.62038,0.468249
312,2.16359,-4.39878,-0.555445
312,3.27405,-3.3639,-0.66683
312,3.57848,-3.39202,-0.0268183
312,3.29092,-3.38977,-0.674384
312,3.29996,-3.46898,-0.581275
312,3.40162,-3.72962,-0.107282
312,3.41285,-3.77088,-0.0766175
312,2.5748,-5.01177,0.694088
312,4.21867,-2.81165,-0.854735
312,3.4517,-3.86817,-0.113644
312,3.40577,-3.73488,-0.746718
312,2.2293,-5.6965,0.810122
312,6.64005,-1.54905,0.554773
312,4.54537,-3.0932,-0.419525
312,5.16097,-2.96868,0.491723
312,6.73626,-1.5672,0.5547
312,3.59437,-4.17633,-0.120048
312,5.23283,-3.04222,0.683534
312,5.34292,-3.00739,0.739522
312,6.87945,-1.61978,0.541054
312,5.31959,-3.09788,0.492093
312,5.617,-3.12487,0.693189
312,5.48384,-3.2067,0.423508
312,5.65773,-3.26188,0.486964
312,5.84723,-3.26185,0.757344
312,5.47106,-3.34996,0.0233529
312,6.00571,-3.5261,0.489554
312,5.34426,-3.78754,-0.600422
312,5.46674,-3.90943,-0.506835
312,6.09928,-3.77239,0.317222
312,5.9754,-3.76277,-0.0249708
312,6.11782,-4.12476,-0.448094
312,6.29205,-4.12347,-0.538601
312,6.867,-4.60961,0.840097
312,6.00762,-5.13008,0.219295
312,6.12481,-5.25159,0.210226
312,6.49262,-4.57528,-0.84558
312,2.42583,-2.70084,-0.552548
311,2.42583,-2.70084,-0.552548
312,2.35748,-1.11658,-0.582643
311,2.35748,-1.11658,-0.582643
312,3.18508,-3.29394,-0.524627
311,3.18508,-3.29394,-0.524627
312,4.97957,-4.31197,0.581843
311,4.97957,-4.31197,0.581843
312,3.54966,-2.93238,0.371135
311,3.54966,-2.93238,0.371135
312,3.38967,-3.13571,0.380109
311,3.38967,-3.13571,0.380109
312,5.17078,-2.57702,0.706087
311,5.17078,-2.57702,0.706087
312,4.59435,-2.20283,0.656922
311,4.59435,-2.20283,0.656922
312,2.52301,-3.33783,-0.111839
311,2.52301,-3.33783,-0.111839
312,3.49581,-3.40474,-0.27634
311,3.49581,-3.40474,-0.27634
312,3.34783,-3.4366,0.0984137
311,3.34783,-3.4366,0.0984137
312,3.30908,-2.5227,-0.460692
311,3.30908,-2.5227,-0.460692
312,2.47353,-2.08692,-1.04196
309,2.47353,-2.08692,-1.04196
312,5.13393,-3.5538,-0.575242
309,5.13393,-3.5538,-0.575242
312,2.34518,-1.38776,-0.583083
309,2.34518,-1.38776,-0.583083
312,2.4799,-3.24292,-0.0559341
309,2.4799,-3.24292,-0.0559341
312,2.72179,-1.64565,-0.636628
309,2.72179,-1.64565,-0.636628
312,2.49629,-3.28715,-0.0724
309,2.49629,-3.28715,-0.0724
312,2.48296,-3.21822,-0.647464
309,2.48296,-3.21822,-0.647464
312,3.0689,-1.27183,-0.626821
309,3.0689,-1.27183,-0.626821
312,1.80052,-1.30207,-0.626748
309,1.80052,-1.30207,-0.626748
312,2.46467,-3.14747,-0.609074
309,2.46467,-3.14747,-0.609074
312,2.45203,-3.11693,-0.590888
309,2.45203,-3.11693,-0.590888
312,2.8713,-3.1716,-0.485185
310,2.8713,-3.1716,-0.485185
312,2.26523,-3.26879,-0.350612
310,2.26523,-3.26879,-0.350612
312,2.49863,-2.91638,-0.61633
310,2.49863,-2.91638,-0.61633
312,4.97103,-3.17546,-0.427945
68,4.97103,-3.17546,-0.427945
312,3.67018,-2.02296,-0.631117
68,3.67018,-2.02296,-0.631117
312,2.46469,-3.32234,-0.0638228
308,2.46469,-3.32234,-0.0638228
312,5.4293,-3.98444,0.329354
198,5.4293,-3.98444,0.329354
312,5.47608,-4.02028,0.305271
200,5.47608,-4.02028,0.305271
312,5.7752,-3.39648,0.531485
178,5.7752,-3.39648,0.531485
312,5.41378,-4.07557,0.398613
203,5.41378,-4.07557,0.398613
313,1.51403,-0.639375,-0.0728235
313,1.77179,-0.534975,-0.0681044
313,1.51069,-0.896936,-0.0895382
313,1.60596,-1.20715,-0.625239
313,1.60617,-1.21772,-0.620014
313,1.6443,-1.19998,-0.613335
313,1.81154,-1.0483,-0.636796
313,1.55018,-1.29477,-0.638636
313,1.85254,-1.01618,-0.634661
313,1.62055,-1.24468,-0.620122
313,2.14554,-0.745823,-0.641636
313,2.14224,-0.746299,-0.64617
313,2.14773,-0.759314,-0.626591
313,2.14882,-0.748384,-0.643724
313,2.15589,-0.752374,-0.648263
313,1.87774,-1.03082,-0.621456
313,1.88035,-1.03284,-0.620026
313,2.15915,-0.753032,-0.651979
313,1.61415,-1.28741,-0.618024
313,1.61592,-1.28864,-0.615292
313,2.32663,-0.708168,-0.496299
313,1.80415,-1.10927,-0.653514
313,2.27258,-0.743359,-0.540575
313,1.68007,-1.21667,-0.681647
313,1.90749,-1.05341,-0.617179
313,1.9109,-1.0497,-0.621304
313,1.76819,-1.17569,-0.644015
313,1.76887,-1.17869,-0.644835
313,1.46964,-1.4782,-0.619546
313,1.91488,-1.05688,-0.628493
313,1.47033,-1.47969,-0.626897
313,1.77604,-1.18113,-0.647575
313,1.77134,-1.1875,-0.64564
313,1.47105,-1.47215,-0.645029
313,2.03584,-0.975902,-0.59697
313,1.79667,-1.16767,-0.663507
313,1.79609,-1.17004,-0.66398
313,2.18933,-0.825515,-0.632073
313,2.20732,-0.822892,-0.631468
313,1.77643,-1.24542,-0.602794
313,1.78149,-1.24834,-0.601591
313,1.94783,-1.06242,-0.664226
313,1.96293,-1.05641,-0.656782
313,1.9637,-1.05729,-0.655749
313,2.21319,-0.828934,-0.649834
313,1.96761,-1.06353,-0.661422
313,2.2359,-0.830984,-0.638562
313,1.97093,-1.06916,-0.668176
313,1.96837,-1.07236,-0.669701
313,2.24518,-0.827987,-0.657758
313,2.17991,-0.936482,-0.629395
313,1.91954,-1.17277,-0.644015
313,1.9273,-1.17246,-0.653404
313,1.92587,-1.18075,-0.648396
313,1.66508,-1.42271,-0.654962
313,1.77957,-1.35716,-0.599656
313,2.20603,-0.940773,-0.629511
313,2.20562,-0.940561,-0.635531
313,1.67459,-1.44671,-0.624451
313,2.19889,-0.949661,-0.64678
313,1.67742,-1.45278,-0.629641
313,1.67423,-1.43794,-0.663028
313,2.22349,-0.939618,-0.640985
313,2.20902,-0.946226,-0.653952
313,1.7952,-1.39115,-0.622973
313,1.79578,-1.40555,-0.636324
313,2.05886,-1.1812,-0.625226
313,1.8408,-1.39134,-0.647433
313,2.10097,-1.18445,-0.643951
313,1.86947,-1.41522,-0.621382
313,2.21739,-1.16923,-0.621574
313,2.24343,-1.16415,-0.629423
313,2.2501,-1.1542,-0.642945
313,2.07087,-1.36972,-0.642033
313,2.07204,-1.37512,-0.646817
313,2.06733,-1.38699,-0.65116
313,2.0804,-1.37835,-0.653215
313,2.352,-1.15673,-0.628048
313,2.81255,-0.706705,-0.66424
313,2.82349,-0.711532,-0.675394
313,2.37121,-1.16857,-0.639369
313,2.10683,-1.45551,-0.620694
313,2.12395,-1.47566,-0.631148
313,2.2541,-1.35671,-0.633231
313,2.25504,-1.3634,-0.639341
313,2.15065,-1.47565,-0.626327
313,2.26178,-1.36184,-0.647396
313,2.51503,-1.13159,-0.639985
313,1.9938,-1.64458,-0.635762
313,2.00217,-1.65832,-0.645432
313,2.55673,-1.1584,-0.662128
313,2.53367,-1.22831,-0.624389
313,2.46495,-1.29014,-0.641613
313,1.91882,-1.82688,-0.645576
313,1.65816,-2.0904,-0.627549
313,1.92344,-1.82984,-0.648326
313,1.63856,-2.10439,-0.637536
313,1.7955,-1.97464,-0.643369
313,2.29135,-1.52028,-0.635347
313,2.38189,-1.44108,-0.625649
313,2.30531,-1.52395,-0.638409
313,2.72564,-1.15785,-0.669627
313,2.60333,-1.34902,-0.569578
313,2.46862,-1.47066,-0.668392
313,2.63711,-1.37523,-0.582364
313,2.6465,-1.37218,-0.585585
313,3.50163,-1.17625,0.342857
313,2.61483,-1.46128,-0.657521
313,2.64037,-1.46396,-0.616385
313,2.34274,-1.7408,-0.641909
313,2.64677,-1.49472,-0.6345
313,3.42789,-1.06089,-0.174268
313,2.67904,-1.49335,-0.641484
313,2.99642,-1.22961,-0.607106
313,3.37873,-0.973319,-0.47185
313,1.99646,-2.23466,-0.579106
313,2.66559,-1.64649,-0.610068
313,3.08737,-1.2802,-0.64379
313,3.1217,-1.27318,-0.662841
313,3.89894,-1.08803,0.154592
313,3.50005,-1.53039,0.0990628
313,3.50351,-1.49362,0.0418913
313,3.44033,-1.42135,-0.194617
313,3.51586,-1.51247,0.0656611
313,3.51722,-1.55289,0.0887502
313,3.64645,-1.08209,-0.544492
313,3.56601,-1.54896,0.0564905
313,3.50342,-1.4596,-0.210788
313,3.42987,-1.37654,-0.486
313,3.54725,-1.56571,-0.0187883
313,3.27913,-1.39459,-0.752188
313,3.43883,-1.37927,-0.526088
313,3.55569,-1.5741,-0.0149747
313,3.44711,-1.38276,-0.528927
313,3.45239,-1.39598,-0.505001
313,3.45419,-1.38499,-0.5312
313,3.73859,-1.11848,-0.579387
313,2.36148,-2.40238,-0.596563
313,3.56538,-1.50891,-0.207396
313,3.50771,-1.43947,-0.517293
313,3.50129,-1.42112,-0.564995
313,3.56348,-1.58783,-0.278587
313,3.58547,-1.59811,-0.280253
313,3.01491,-1.90633,-0.699003
313,3.0959,-1.90787,-0.573821
313,3.61158,-1.61652,-0.284394
313,2.09548,-2.90278,-0.521916
313,3.62462,-1.57103,-0.480594
313,3.62671,-1.43534,-0.79371
313,2.11451,-3.21627,-0.181479
313,1.97809,-3.34457,-0.198563
313,1.97588,-3.35131,-0.201688
313,2.12759,-3.01369,-0.542061
313,2.19238,-3.22308,-0.104342
313,1.97953,-3.37728,-0.195185
313,2.0452,-3.28977,-0.286195
313,1.97382,-3.3214,-0.347911
313,2.04609,-3.29648,-0.28892
313,2.28523,-3.14297,-0.169088
313,2.28706,-3.09591,-0.247881
313,2.20403,-3.26755,-0.0994476
313,2.17909,-3.15529,-0.340915
313,2.11998,-3.21624,-0.333093
313,1.98401,-3.34527,-0.349434
313,2.17143,-3.28477,-0.194338
313,2.16436,-3.30173,-0.197855
313,2.35365,-3.14387,-0.176356
313,2.18441,-3.21635,-0.354042
313,2.20295,-3.21279,-0.335817
313,2.21767,-3.33424,-0.118245
313,2.36909,-3.15819,-0.180444
313,2.33074,-3.11856,-0.31127
313,2.29492,-3.06722,-0.46977
313,2.17657,-3.39119,-0.11719
313,2.12631,-3.30574,-0.352071
313,3.56398,-1.8341,-0.600732
313,3.57933,-1.81457,-0.614802
313,3.57646,-1.84527,-0.603377
313,2.00947,-3.4591,-0.373134
313,3.60134,-1.80987,-0.666973
313,2.34561,-3.18649,-0.333757
313,3.60359,-1.81414,-0.668445
313,2.31045,-3.13576,-0.485331
313,2.47802,-3.21733,-0.0847592
313,1.88992,-3.54106,-0.478407
313,2.32029,-3.16663,-0.496053
313,2.5535,-2.84454,-0.676681
313,2.55574,-2.8469,-0.677834
313,2.51075,-2.91562,-0.633607
313,2.42148,-3.0416,-0.579306
313,2.48991,-3.27105,-0.0989815
313,2.32734,-3.19726,-0.501773
313,2.50416,-3.27253,-0.105842
313,2.47423,-3.05734,-0.521451
313,2.04532,-3.44871,-0.549013
313,2.19458,-3.29331,-0.610022
313,3.66544,-1.86053,-0.70235
313,3.68666,-1.87781,-0.661975
313,2.3014,-3.27443,-0.51857
313,2.47343,-3.09189,-0.565958
313,2.58025,-3.15704,-0.327336
313,3.58018,-2.08884,-0.673584
313,2.71691,-3.18922,-0.18213
313,2.60907,-3.28443,-0.197139
313,2.71085,-2.98464,-0.552472
313,2.70634,-2.99888,-0.540574
313,2.07982,-3.58127,-0.580305
313,2.72918,-3.20901,-0.185357
313,2.80886,-3.14188,-0.196942
313,2.76425,-3.10734,-0.333184
313,2.61011,-3.27161,-0.339645
313,2.71051,-3.18169,-0.346346
313,2.47067,-3.26577,-0.628963
313,2.84704,-3.17022,-0.196608
313,2.83731,-3.12174,-0.309009
313,2.90827,-3.12981,-0.182056
313,2.91042,-3.14981,-0.179901
313,2.74837,-3.07954,-0.577747
313,2.67442,-3.37418,-0.200992
313,2.94549,-3.07484,-0.318228
313,2.86381,-3.1623,-0.317604
313,3.37676,-2.61612,-0.499457
313,2.9397,-3.2137,-0.190959
313,3.4069,-3.06949,0.255565
313,2.88261,-3.35422,-0.110126
313,3.42921,-3.09265,0.258935
313,3.43314,-3.10648,0.262323
313,2.89664,-3.39564,-0.114569
313,3.43698,-2.69243,-0.542603
313,3.66396,-3.08945,0.356856
313,3.48977,-3.26599,0.376676
313,2.80688,-3.36982,-0.549731
313,3.22305,-3.20169,-0.181897
313,2.47356,-3.66372,-0.602858
313,2.15535,-3.93285,-0.666562
313,3.34963,-3.25512,0.0705477
313,3.23284,-3.24755,-0.140465
313,3.31303,-3.26265,-0.00690138
313,3.1927,-3.36444,-0.0644901
313,3.36746,-3.4666,0.372014
313,3.24906,-3.28946,-0.132836
313,3.13167,-3.20352,-0.489416
313,3.25432,-3.31593,-0.147148
313,3.62604,-3.05875,0.00390831
313,3.08262,-3.35138,-0.367672
313,3.67811,-2.99314,-0.0301651
313,3.70386,-3.12325,0.207676
313,3.63467,-2.8798,-0.319004
313,3.28393,-3.36167,-0.0833762
313,3.56103,-3.40891,0.391955
313,3.72575,-3.15172,0.206109
313,3.34417,-3.5217,0.222009
313,3.71618,-3.15294,0.153072
313,3.23984,-3.48702,-0.0637327
313,3.73348,-3.05719,-0.0536218
313,3.74066,-3.05962,-0.0406476
313,3.80621,-3.13296,-0.0390262
313,2.23647,-4.36566,-0.759823
313,5.25866,-3.06876,0.495913
313,5.25408,-3.12097,0.519668
313,5.02148,-2.68981,-0.615143
313,5.27077,-2.83479,-0.651867
313,5.12225,-3.26471,-0.606778
313,5.2078,-3.76642,0.327834
313,5.44392,-3.09152,-0.631242
313,5.26557,-3.82596,0.332902
313,5.55048,-3.40808,0.0233696
313,5.29478,-3.85649,0.327727
313,5.30552,-3.86317,0.327855
313,5.46302,-3.46481,-0.443648
313,5.59161,-3.54913,-0.425098
313,5.42435,-3.61654,-0.637212
313,5.45943,-4.54613,0.227103
313,5.47403,-4.56526,0.251456
313,5.50925,-4.58326,0.245746
313,5.35166,-4.48264,-0.331762
313,5.47528,-4.61618,-0.393687
313,2.8284,-3.26343,-0.343256
311,2.8284,-3.26343,-0.343256
313,3.47473,-3.35803,-0.397285
311,3.47473,-3.35803,-0.397285
313,2.2189,-1.35972,-0.669422
311,2.2189,-1.35972,-0.669422
313,2.61951,-1.82203,-0.635203
311,2.61951,-1.82203,-0.635203
313,2.85537,-3.99983,0.514505
311,2.85537,-3.99983,0.514505
313,4.59435,-4.07816,-0.540322
311,4.59435,-4.07816,-0.540322
313,3.83875,-1.70212,-0.546671
311,3.83875,-1.70212,-0.546671
313,2.47159,-1.34178,-0.677075
311,2.47159,-1.34178,-0.677075
313,3.26241,-3.07316,-0.611669
311,3.26241,-3.07316,-0.611669
313,1.86452,-3.68869,-0.589492
311,1.86452,-3.68869,-0.589492
313,3.41503,-0.753777,-0.594898
311,3.41503,-0.753777,-0.594898
313,3.35478,-3.21962,-0.640865
311,3.35478,-3.21962,-0.640865
313,2.41946,-3.32901,-0.206641
311,2.41946,-3.32901,-0.206641
313,3.34455,-1.37621,-0.370745
311,3.34455,-1.37621,-0.370745
313,3.41205,-3.27256,0.214349
311,3.41205,-3.27256,0.214349
313,3.56306,-1.76555,-0.605324
309,3.56306,-1.76555,-0.605324
313,2.1579,-1.47235,-0.628055
310,2.1579,-1.47235,-0.628055
313,1.83681,-1.36994,-0.628187
310,1.83681,-1.36994,-0.628187
313,2.89962,-1.33591,-0.668899
310,2.89962,-1.33591,-0.668899
313,2.19366,-0.736563,-0.643744
310,2.19366,-0.736563,-0.643744
313,3.27986,-1.22935,-0.641824
310,3.27986,-1.22935,-0.641824
313,2.11541,-3.31232,-0.350852
310,2.11541,-3.31232,-0.350852
313,5.12962,-3.30321,-0.492592
68,5.12962,-3.30321,-0.492592
313,5.37947,-4.48277,-0.606155
68,5.37947,-4.48277,-0.606155
313,5.08832,-3.62969,-0.598344
68,5.08832,-3.62969,-0.598344
313,5.04605,-3.35735,-0.312935
69,5.04605,-3.35735,-0.312935
313,5.77863,-2.78962,0.0602341
200,5.77863,-2.78962,0.0602341
314,2.13304,-1.62287,0.169394
314,2.04158,-1.36786,-0.614568
314,2.0405,-1.36973,-0.615185
314,2.25,-1.1626,-0.632306
314,2.05624,-1.38338,-0.617996
314,2.94782,-0.60556,-0.360114
314,2.6114,-0.834874,-0.607769
314,2.06827,-1.39185,-0.626324
314,2.07424,-1.39898,-0.63526
314,2.35966,-1.15484,-0.632245
314,2.51014,-1.00992,-0.618649
314,2.5219,-1.01378,-0.629779
314,2.52912,-1.01009,-0.665559
314,2.11642,-1.45449,-0.625624
314,2.68533,-0.858936,-0.679571
314,2.13791,-1.7412,0.0190459
314,2.54577,-1.01692,-0.661743
314,2.55777,-1.02309,-0.66604
314,2.41507,-1.17713,-0.65312
314,2.5614,-1.0255,-0.666378
314,2.13802,-1.47305,-0.652399
314,2.22631,-1.38544,-0.707072
314,2.39898,-1.26698,-0.612633
314,2.27137,-1.38633,-0.657877
314,2.02891,-1.64627,-0.634408
314,1.75506,-1.92527,-0.632562
314,2.17366,-1.50072,-0.65459
314,2.24013,-1.40363,-0.724577
314,1.90722,-1.78649,-0.627041
314,2.22962,-1.47527,-0.605497
314,2.50039,-1.21674,-0.607032
314,1.78476,-1.95115,-0.639511
314,2.51869,-1.23866,-0.58787
314,2.46966,-1.2946,-0.628481
314,2.37533,-1.41997,-0.609148
314,2.26359,-1.52156,-0.647832
314,2.59645,-1.2469,-0.586913
314,2.60018,-1.24624,-0.59168
314,2.39636,-1.44449,-0.643662
314,2.61802,-1.25947,-0.597939
314,2.70963,-1.17084,-0.703392
314,2.63396,-1.25346,-0.691198
314,2.73065,-1.16024,-0.689378
314,2.45084,-1.459,-0.66969
314,2.26159,-2.18993,0.464222
314,2.62684,-1.34401,-0.5525
314,2.74554,-1.21684,-0.568914
314,2.45233,-1.46776,-0.677907
314,3.28617,-1.12204,0.371778
314,2.63383,-1.34866,-0.568339
314,2.27591,-1.68825,-0.618574
314,2.77061,-1.21548,-0.571433
314,2.28172,-1.68962,-0.616296
314,2.63845,-1.35847,-0.5716
314,2.7115,-1.25836,-0.647932
314,2.69222,-1.28968,-0.657842
314,2.72151,-1.26297,-0.653388
314,2.50325,-1.52389,-0.597969
314,2.29825,-1.72087,-0.638382
314,2.80049,-1.23286,-0.594974
314,2.51187,-1.53883,-0.609668
314,2.61442,-1.45571,-0.612911
314,2.33277,-1.73004,-0.641179
314,2.63305,-1.47067,-0.627786
314,2.53731,-1.57261,-0.637284
314,2.63531,-1.47783,-0.630575
314,2.35222,-1.76135,-0.663209
314,2.35649,-1.76603,-0.667446
314,3.58598,-0.541862,-0.656899
314,2.63013,-1.49848,-0.70687
314,2.58842,-1.57523,-0.668093
314,2.59544,-1.58475,-0.668429
314,3.42231,-1.22903,0.351516
314,2.9015,-1.27652,-0.683746
314,3.62836,-0.548933,-0.685815
314,2.32176,-1.90409,-0.630655
314,3.46678,-1.25217,0.350993
314,2.35839,-1.92157,-0.631721
314,3.44521,-1.28463,0.341834
314,2.30614,-2.03217,-0.590104
314,3.52603,-1.28293,0.353471
314,2.32833,-2.05544,-0.596504
314,2.72545,-1.68323,-0.615965
314,3.40211,-1.07503,-0.485795
314,3.40868,-1.07654,-0.498559
314,3.5659,-1.53076,0.804269
314,2.35723,-2.1166,-0.629267
314,3.59726,-1.50087,0.731301
314,2.80384,-1.70965,-0.578239
314,3.58228,-1.54196,0.715152
314,3.59046,-1.56538,0.713078
314,2.34383,-2.22365,-0.593599
314,3.59925,-1.56827,0.712165
314,2.34334,-2.22703,-0.593705
314,3.61623,-1.56474,0.708769
314,3.61096,-1.57249,0.711217
314,3.60827,-1.41107,0.359054
314,3.55584,-1.59454,0.608977
314,3.41765,-1.24395,-0.481857
314,3.42517,-1.41861,-0.0977708
314,3.43333,-1.42574,-0.0954227
314,3.84176,-1.44465,0.822644
314,3.32878,-1.2635,-0.689983
314,3.32925,-1.26334,-0.69339
314,2.32864,-2.40393,-0.425432
314,3.81297,-1.44123,0.724421
314,3.8177,-1.45522,0.727435
314,3.83226,-1.45076,0.731734
314,3.46411,-1.4432,-0.102092
314,3.87889,-1.46661,0.825209
314,2.38854,-2.29747,-0.621018
314,2.44309,-2.2108,-0.688678
314,3.85384,-1.47674,0.751146
314,3.85988,-1.46478,0.738215
314,2.4494,-2.22239,-0.691068
314,3.86164,-1.46612,0.740669
314,3.99007,-1.1604,0.3419
314,2.3646,-2.3859,-0.582854
314,3.85305,-1.53766,0.819957
314,3.85905,-1.50316,0.736542
314,3.86627,-1.5078,0.740916
314,3.83519,-1.54622,0.713374
314,3.83443,-1.56008,0.726135
314,3.99541,-1.12132,0.13218
314,3.84537,-1.54794,0.713447
314,2.97622,-1.8268,-0.585197
314,3.79861,-1.51284,0.511099
314,2.93143,-1.84049,-0.662936
314,3.53864,-1.28979,-0.566571
314,2.38169,-2.47929,-0.544275
314,3.52457,-1.32468,-0.552869
314,2.44923,-2.38375,-0.665413
314,2.3761,-2.51744,-0.558218
314,3.57207,-1.50377,-0.168438
314,2.98779,-1.87128,-0.698509
314,2.39231,-2.54368,-0.563716
314,3.48104,-1.45368,-0.576323
314,2.47246,-2.42551,-0.686021
314,3.56788,-1.59207,-0.11633
314,2.46974,-2.43859,-0.696117
314,3.61161,-1.6197,-0.208259
314,3.63077,-1.51192,-0.453835
314,2.25596,-3.09882,-0.06986
314,3.61848,-1.56747,-0.455263
314,2.33309,-3.0211,-0.145209
314,3.11944,-1.97983,-0.671856
314,2.13366,-3.148,-0.34277
314,2.13347,-3.14815,-0.344451
314,3.13894,-1.96694,-0.700804
314,3.5965,-1.60683,-0.516417
314,2.29125,-3.05801,-0.279832
314,3.17067,-2.00251,-0.694767
314,3.62854,-1.63132,-0.534429
314,3.6433,-1.63374,-0.500468
314,2.52358,-2.67579,-0.706825
314,2.3543,-3.11158,-0.161244
314,2.18027,-3.20854,-0.353329
314,2.53123,-2.68458,-0.718538
314,2.30188,-3.1835,-0.178821
314,1.97939,-3.48297,-0.240434
314,2.42729,-3.20351,0.0114049
314,3.68061,-1.67119,-0.555204
314,3.53649,-1.7888,-0.630243
314,2.53069,-2.81855,-0.678636
314,2.22251,-3.3569,-0.30695
314,2.17725,-3.26187,-0.613031
314,2.7238,-2.86438,-0.404926
314,3.37997,-2.10285,-0.619538
314,3.40377,-2.09701,-0.623355
314,3.35653,-2.11231,-0.69511
314,3.35801,-2.11538,-0.701895
314,3.65345,-1.85356,-0.623513
314,2.7596,-3.03269,-0.073657
314,3.39919,-2.12543,-0.633263
314,2.57777,-2.92906,-0.722805
314,2.47547,-3.19064,-0.405894
314,2.74302,-2.92536,-0.414767
314,2.47918,-3.19506,-0.416794
314,2.47804,-3.12707,-0.587914
314,2.64006,-3.15622,-0.179789
314,3.24643,-2.42903,-0.425345
314,2.74773,-2.9334,-0.430943
314,5.11085,-0.997277,0.460945
314,2.25788,-3.61206,-0.162361
314,2.77535,-2.98186,-0.433315
314,2.76978,-3.05752,-0.301492
314,2.68507,-3.14471,-0.315132
314,2.89458,-2.95863,-0.287386
314,2.63141,-3.22982,-0.284907
314,2.70831,-3.20048,-0.19349
314,2.59512,-3.24094,-0.352883
314,2.57674,-3.09631,-0.700933
314,3.29279,-2.50391,-0.443609
314,2.89652,-2.9806,-0.283098
314,2.72327,-3.2098,-0.187021
314,2.90063,-2.98702,-0.290129
314,2.77424,-3.17149,-0.186756
314,2.72626,-3.15859,-0.329752
314,2.91213,-2.99764,-0.300254
314,2.61592,-3.33644,-0.218523
314,3.07413,-2.74424,-0.4969
314,2.60922,-3.29885,-0.355227
314,2.77914,-3.14213,-0.353226
314,2.89617,-3.16021,-0.102366
314,2.8977,-3.1269,-0.179173
314,3.0861,-2.79578,-0.496224
314,2.86559,-3.11651,-0.304709
314,2.6295,-3.36672,-0.319096
314,3.10313,-2.82243,-0.507273
314,2.84803,-3.26436,-0.117869
314,2.90393,-3.13561,-0.297881
314,2.75316,-3.26159,-0.357425
314,2.98673,-3.1236,-0.176603
314,3.1691,-3.25086,0.4619
314,3.17401,-3.24921,0.466791
314,2.92575,-3.1725,-0.31577
314,3.18298,-3.28253,0.458924
314,2.66792,-3.47688,-0.242388
314,3.597,-2.30859,-0.734767
314,3.2302,-3.23586,0.354762
314,3.30343,-3.10981,0.223134
314,3.23106,-3.25592,0.362357
314,3.20263,-3.32804,0.450717
314,3.21854,-2.95509,-0.342948
314,3.43501,-3.08399,0.360195
314,2.29957,-4.33459,0.565256
314,3.34244,-3.17436,0.19838
314,3.32144,-3.45188,0.705378
314,3.32926,-3.16257,0.0969427
314,4.14919,-2.77649,0.907583
314,2.81197,-3.43772,-0.578031
314,3.56267,-2.80021,-0.326222
314,3.45825,-3.05409,-0.0170657
314,3.33162,-3.2349,0.0696321
314,3.6461,-3.06965,0.357728
314,3.37897,-3.14929,-0.0613061
314,3.59015,-2.81706,-0.331268
314,3.37717,-3.17418,-0.0554254
314,3.66095,-3.08575,0.34972
314,2.94505,-3.57018,-0.165026
314,3.1376,-3.22628,-0.492601
314,3.65751,-3.10487,0.360652
314,3.42427,-3.17454,-0.00902569
314,3.65195,-2.95196,-0.0267933
314,3.26215,-3.31128,-0.134037
314,3.15461,-3.20758,-0.597836
314,3.5069,-3.12752,-0.0256684
314,3.44774,-3.20187,-0.0168293
314,3.28035,-3.38922,0.00280076
314,3.46197,-3.41471,0.434588
314,3.27382,-3.36996,-0.090171
314,3.19227,-3.21241,-0.602396
314,2.33235,-4.63799,0.577446
314,3.58892,-3.1405,0.0930482
314,3.28135,-3.42083,0.00661743
314,3.29015,-3.37938,-0.0809894
314,3.15856,-3.30286,-0.628954
314,3.16626,-3.31641,-0.617896
314,3.0134,-3.68242,-0.185912
314,2.96909,-3.69407,-0.288643
314,3.68894,-3.15332,0.0524325
314,3.75641,-3.02469,-0.164127
314,3.19302,-3.38662,-0.62527
314,3.20842,-3.40826,-0.676266
314,2.6012,-4.82328,0.724839
314,2.6104,-4.86993,0.734281
314,2.98845,-4.48939,0.525403
314,3.72061,-3.71331,0.426842
314,3.08753,-4.7175,0.529918
314,3.12739,-4.82739,0.522967
314,5.3483,-3.1081,1.14729
314,5.34863,-2.89568,0.68454
314,5.27785,-2.90761,0.536681
314,5.38632,-2.89608,0.739338
314,4.63529,-3.19172,-0.273038
314,5.28664,-2.91377,0.535215
314,4.64894,-3.19526,-0.279116
314,5.01897,-2.68142,-0.616342
314,5.42798,-3.13661,1.12767
314,5.40761,-2.97068,0.722615
314,4.68854,-3.23728,-0.286224
314,5.45661,-3.16928,1.10454
314,5.47014,-3.1778,1.1194
314,5.45007,-3.07623,0.772638
314,5.34126,-3.07696,0.52185
314,5.3865,-3.17181,0.714235
314,5.53442,-3.22906,1.12697
314,5.47452,-3.05498,0.478732
314,5.56404,-3.26821,1.09371
314,5.51886,-3.16751,0.743209
314,5.41769,-3.17955,0.49403
314,5.59205,-3.28374,1.08563
314,5.38536,-3.19075,0.33568
314,5.37246,-3.20186,0.297058
314,5.39276,-3.21252,0.316125
314,4.84342,-3.37583,-0.525903
314,4.15627,-4.52427,0.403562
314,4.15166,-4.55497,0.443047
314,4.81868,-3.81851,0.247663
314,5.48842,-3.35549,0.642956
314,4.18871,-4.63813,0.436271
314,5.52491,-3.29671,0.338744
314,4.17527,-4.69895,0.377617
314,5.55641,-3.32297,0.351917
314,5.37056,-3.24866,-0.444723
314,4.23427,-4.79657,0.378971
314,5.22803,-3.33829,-0.632898
314,5.40612,-3.27365,-0.458677
314,5.6404,-3.5957,0.660811
314,5.36339,-3.38233,-0.43837
314,5.08783,-4.12623,0.238695
314,5.31525,-3.59503,-0.408321
314,5.45936,-3.62857,-0.303975
314,5.34068,-3.81999,-0.641084
314,5.12576,-4.15007,-0.479954
314,5.55567,-3.79177,-0.345374
314,5.08221,-4.2891,-0.312437
314,5.61309,-3.79747,-0.355105
314,5.63411,-3.8043,-0.363064
314,5.23388,-4.26916,-0.527159
314,5.43437,-4.72411,0.760227
314,5.44576,-4.51942,0.232526
314,5.69297,-4.80857,1.20253
314,5.7811,-5.02443,1.37989
314,5.64704,-4.97298,-0.658661
314,3.17123,-2.87231,-0.39523
313,3.17123,-2.87231,-0.39523
314,3.27539,-0.699803,-0.54202
313,3.27539,-0.699803,-0.54202
314,3.42986,-1.67601,-0.550079
313,3.42986,-1.67601,-0.550079
314,2.40562,-3.06911,-0.562876
313,2.40562,-3.06911,-0.562876
314,3.5713,-1.31036,0.316104
313,3.5713,-1.31036,0.316104
314,2.74271,-3.13204,-0.343495
311,2.74271,-3.13204,-0.343495
314,2.49975,-1.30882,-0.669043
311,2.49975,-1.30882,-0.669043
314,2.14777,-1.45208,-0.614187
311,2.14777,-1.45208,-0.614187
314,2.61659,-1.23266,-0.660082
311,2.61659,-1.23266,-0.660082
314,3.25346,-3.2879,-0.0184262
311,3.25346,-3.2879,-0.0184262
314,3.19191,-3.26499,-0.621277
311,3.19191,-3.26499,-0.621277
314,2.31484,-1.9176,-0.637955
311,2.31484,-1.9176,-0.637955
314,2.99854,-1.48255,-0.614015
311,2.99854,-1.48255,-0.614015
314,2.37556,-2.27674,-0.614159
311,2.37556,-2.27674,-0.614159
314,3.55107,-1.58722,-0.209092
311,3.55107,-1.58722,-0.209092
314,3.2332,-0.70171,-0.515526
311,3.2332,-0.70171,-0.515526
314,2.53638,-1.34436,-0.522325
311,2.53638,-1.34436,-0.522325
314,3.80909,-0.960406,-0.525296
311,3.80909,-0.960406,-0.525296
314,3.58525,-3.19128,0.095272
311,3.58525,-3.19128,0.095272
314,3.53827,-1.29508,0.350124
311,3.53827,-1.29508,0.350124
314,2.3507,-3.14818,-0.31788
311,2.3507,-3.14818,-0.31788
314,3.06933,-2.94917,-0.529556
312,3.06933,-2.94917,-0.529556
314,4.77838,-3.00741,-0.388702
312,4.77838,-3.00741,-0.388702
314,5.39554,-3.96262,0.340066
312,5.39554,-3.96262,0.340066
314,2.80056,-1.19951,-0.593705
312,2.80056,-1.19951,-0.593705
314,2.676,-1.63731,-0.607927
309,2.676,-1.63731,-0.607927
314,3.63834,-3.64307,-0.604875
309,3.63834,-3.64307,-0.604875
314,3.63307,-1.84082,-0.61456
309,3.63307,-1.84082,-0.61456
314,2.54264,-3.11388,-0.713062
310,2.54264,-3.11388,-0.713062
314,3.91557,-3.335,-0.735002
310,3.91557,-3.335,-0.735002
314,3.60299,-1.5375,-0.680202
310,3.60299,-1.5375,-0.680202
314,5.40021,-3.53377,0.493762
200,5.40021,-3.53377,0.493762
314,3.41532,-0.95849,-0.547746
200,3.41532,-0.95849,-0.547746
314,2.47971,-3.22542,-0.428035
308,2.47971,-3.22542,-0.428035
315,1.70469,-0.464218,0.443634
315,1.71134,-0.475741,0.429716
315,1.96998,-2.12425,-0.174813
315,2.57978,-1.41337,-0.564495
315,2.63332,-1.43118,-0.539529
315,2.63306,-1.58067,-0.553847
315,2.64101,-1.58476,-0.55566
315,2.64335,-1.58836,-0.544837
315,2.61198,-1.59553,-0.667222
315,2.62053,-1.58667,-0.67106
315,2.6862,-1.63602,-0.581597
315,2.33068,-2.04663,-0.584811
315,3.42551,-1.23284,0.353888
315,3.10301,-1.27247,-0.674674
315,2.40443,-2.01182,-0.703101
315,2.33086,-2.16801,-0.552917
315,3.41107,-1.07787,-0.482612
315,3.47819,-1.4757,0.955858
315,3.47586,-1.47755,0.948879
315,2.76645,-1.7095,-0.663921
315,2.33867,-2.18964,-0.565212
315,3.48683,-1.48005,0.95294
315,2.31881,-2.24615,-0.504182
315,2.7629,-1.73806,-0.669589
315,3.50413,-1.49161,0.95678
315,3.44255,-1.36647,0.354174
315,3.44235,-1.09887,-0.492473
315,3.49773,-1.50701,0.970327
315,2.78508,-1.73649,-0.678135
315,2.83329,-1.73049,-0.580286
315,3.51917,-1.49689,0.93589
315,3.5171,-1.51487,0.984657
315,3.52147,-1.5153,0.984011
315,3.52769,-1.50586,0.964876
315,2.3491,-2.27152,-0.515693
315,2.37677,-2.22533,-0.578
315,3.52823,-1.5186,0.987972
315,3.49346,-1.56035,0.948104
315,2.80689,-1.75257,-0.71508
315,2.81224,-1.76008,-0.705526
315,3.51681,-1.61194,1.14003
315,3.5502,-1.53561,0.998384
315,2.81377,-1.77673,-0.714356
315,3.54928,-1.54038,0.913109
315,3.55162,-1.53952,0.911622
315,3.51142,-1.40643,0.335369
315,3.53186,-1.57713,0.930608
315,3.54894,-1.53631,0.852894
315,3.564,-1.61704,1.15005
315,3.56219,-1.54415,0.909271
315,3.57002,-1.59988,1.10748
315,3.46893,-1.19298,-0.511492
315,3.55503,-1.52489,0.817113
315,4.28207,-0.864849,1.13527
315,3.56991,-1.59526,1.06883
315,3.57989,-1.59904,1.11323
315,3.56215,-1.52186,0.799713
315,3.55729,-1.5448,0.849862
315,3.34976,-1.27196,-0.704342
315,3.47716,-1.20184,-0.514006
315,3.59082,-1.55322,0.964931
315,3.57283,-1.63529,1.143
315,3.55764,-1.58606,0.921681
315,3.55302,-1.52559,0.711862
315,3.35973,-1.2765,-0.71215
315,3.60854,-1.05737,-0.591864
315,3.59017,-1.49892,0.738087
315,3.42863,-1.43368,-0.0024718
315,3.58352,-1.53382,0.817726
315,3.53677,-1.15712,-0.531417
315,3.55816,-1.61452,0.980601
315,3.59802,-1.61683,1.11598
315,3.59689,-1.5265,0.82666
315,3.58563,-1.53685,0.818081
315,3.55194,-1.53847,0.711811
315,3.49663,-1.21135,-0.519832
315,3.56953,-1.59589,0.925224
315,3.49555,-1.21983,-0.553564
315,3.72405,-1.41265,0.733726
315,3.5961,-1.58283,0.82865
315,2.97013,-1.80925,-0.549414
315,3.75254,-1.40838,0.736231
315,2.46864,-2.28901,-0.739874
315,3.65481,-1.54321,0.823126
315,3.60332,-1.56585,0.71566
315,3.78511,-1.41304,0.819488
315,3.65818,-1.59838,0.979504
315,3.77442,-1.41683,0.761927
315,3.79552,-1.42234,0.837482
315,3.77379,-1.42272,0.757991
315,3.67036,-1.55461,0.827232
315,3.61816,-1.66005,0.987101
315,3.7258,-1.56169,1.03178
315,3.72721,-1.53571,0.952422
315,3.61578,-1.66738,0.989883
315,2.41971,-2.42184,-0.580502
315,3.79619,-1.42555,0.821109
315,3.79692,-1.42198,0.81164
315,3.62437,-1.69614,1.09857
315,3.80182,-1.46928,0.943859
315,3.80735,-1.45844,0.925707
315,3.74142,-1.55282,0.998862
315,3.8103,-1.55747,1.21948
315,3.44987,-1.30853,-0.757286
315,3.81293,-1.42952,0.821535
315,3.69094,-1.09655,-0.635193
315,3.81231,-1.42651,0.801554
315,3.63779,-1.70005,1.08719
315,3.81654,-1.43125,0.821166
315,3.63208,-1.67911,0.99357
315,3.64529,-1.57488,0.708439
315,3.70366,-1.56215,0.860083
315,3.75188,-1.62169,1.2053
315,3.81607,-1.43132,0.782705
315,3.63724,-1.61,0.75119
315,3.63921,-1.71156,1.06928
315,3.63824,-1.71316,1.07088
315,3.76318,-1.63173,1.21924
315,3.65086,-1.71326,1.10168
315,3.77498,-1.61811,1.19658
315,3.64135,-1.71842,1.06433
315,3.65031,-1.70238,1.03133
315,3.65524,-1.68896,0.998818
315,3.75419,-1.60716,1.06561
315,3.65123,-1.71928,1.07532
315,3.72556,-1.54972,0.785103
315,3.82373,-1.5168,1.00015
315,3.65813,-1.70054,0.997394
315,3.85483,-1.47966,0.949139
315,3.77221,-1.59747,1.03948
315,3.85894,-1.47974,0.95321
315,3.66617,-1.70746,1.03459
315,3.82673,-1.49278,0.880067
315,3.66575,-1.71326,1.0408
315,3.77035,-1.61792,1.07249
315,3.79418,-1.50797,0.803328
315,3.77836,-1.60046,1.03911
315,3.78369,-1.60158,1.04473
315,3.7763,-1.62048,1.07499
315,3.83347,-1.49889,0.877714
315,3.67616,-1.71483,1.03841
315,2.98762,-1.88425,-0.713097
315,3.78612,-1.59615,1.00825
315,3.81158,-1.51356,0.822969
315,3.67173,-1.733,1.03791
315,3.79017,-1.60278,0.994977
315,3.78901,-1.51333,0.707475
315,3.71446,-1.4915,0.3869
315,3.83202,-1.51245,0.827717
315,3.80201,-1.60092,1.00741
315,3.83327,-1.51349,0.830339
315,3.84641,-1.53711,0.948042
315,3.80317,-1.60321,1.00894
315,3.85491,-1.53912,0.952229
315,3.51395,-1.43518,-0.50115
315,2.40489,-2.60176,-0.494777
315,3.82368,-1.58489,0.980909
315,3.86121,-1.51163,0.85818
315,3.82643,-1.58593,0.976354
315,3.85893,-1.54971,0.948317
315,3.76994,-1.58598,0.759488
315,3.85458,-1.53041,0.863024
315,3.83082,-1.59302,0.976358
315,2.4853,-2.46939,-0.705147
315,2.48738,-2.48071,-0.73819
315,2.50744,-2.64055,-0.171622
315,3.88807,-1.52578,0.861954
315,3.50908,-1.471,-0.564098
315,3.57674,-1.54437,-0.114178
315,3.64747,-1.30759,-0.646443
315,3.5207,-1.47124,-0.567991
315,3.82997,-1.56126,0.729844
315,3.89284,-1.569,0.949495
315,3.57139,-1.48543,-0.384693
315,3.53774,-1.48308,-0.571395
315,3.91947,-1.53831,0.825636
315,3.66168,-1.56872,-0.140396
315,3.62915,-1.5233,-0.40538
315,3.61542,-1.55308,-0.419058
315,3.58985,-1.54018,-0.672161
315,3.60351,-1.61357,-0.506878
315,2.76343,-2.68254,-0.188549
315,2.92349,-2.48416,-0.362051
315,2.94637,-2.50854,-0.384284
315,3.59983,-1.81344,-0.645019
315,2.68674,-2.90049,-0.25031
315,3.72733,-1.71174,-0.589675
315,2.30656,-3.35656,-0.125024
315,2.59262,-2.86255,-0.81049
315,2.62056,-3.07858,-0.156389
315,2.56479,-3.1031,-0.308095
315,3.64348,-1.84704,-0.713956
315,2.74238,-2.96386,-0.286647
315,3.68608,-1.8738,-0.641111
315,3.69217,-1.87115,-0.652885
315,2.6294,-2.96941,-0.862191
315,2.63486,-3.17268,-0.319265
315,3.78285,-2.40602,0.887922
315,2.64388,-3.12341,-0.826581
315,2.41893,-3.96682,0.71725
315,2.64619,-3.44346,-0.417851
315,2.80485,-3.22013,-0.603198
315,2.65617,-3.45178,-0.404542
315,2.44617,-4.10194,0.707738
315,3.50517,-2.72824,-0.152512
315,2.96521,-3.31885,-0.125668
315,3.762,-2.2689,-0.816497
315,3.52597,-2.75839,-0.0966891
315,2.41567,-4.19365,0.746285
315,3.72648,-2.37631,-0.710705
315,3.25085,-3.27971,0.362412
315,3.24882,-3.28922,0.380161
315,3.33593,-3.1635,0.221962
315,3.32789,-3.16614,0.187881
315,3.17568,-3.11848,-0.581492
315,2.43293,-4.29868,0.669428
315,3.3468,-3.19323,0.194541
315,3.1856,-3.13594,-0.536233
315,3.18065,-3.13133,-0.591321
315,3.31512,-3.2109,0.0886123
315,3.60527,-3.0379,0.370015
315,3.29754,-3.36068,0.358097
315,3.61728,-3.03505,0.369762
315,3.62091,-2.91324,-0.0150027
315,3.8767,-2.37953,-0.883311
315,3.20816,-3.19929,-0.557647
315,2.46875,-4.382,0.726466
315,3.16205,-3.2716,-0.503769
315,3.16225,-3.28743,-0.507849
315,3.63398,-3.07991,0.361409
315,3.64455,-3.08213,0.36679
315,3.31723,-3.46192,0.424391
315,3.65757,-3.08545,0.356872
315,3.40726,-3.24154,-0.0799426
315,3.40645,-3.25151,-0.0829901
315,3.18299,-3.33144,-0.601014
315,3.19464,-3.3498,-0.595631
315,3.19833,-3.34641,-0.615992
315,3.23984,-3.33462,-0.676921
315,3.6706,-3.12333,0.0726056
315,3.23407,-3.52573,-0.109359
315,3.34854,-3.61454,0.462339
315,3.52287,-3.2846,-0.015402
315,4.36654,-2.76137,1.11163
315,3.23697,-3.55544,-0.11433
315,3.23773,-3.3936,-0.677108
315,3.25105,-3.45718,-0.570669
315,3.52992,-3.33692,-0.0573202
315,2.6032,-4.74338,1.028
315,2.51134,-4.82894,0.779603
315,2.5981,-4.87954,1.05765
315,2.62604,-4.94535,1.05119
315,4.80506,-2.70008,1.1144
315,4.8127,-2.70601,1.11578
315,2.90808,-4.78114,1.23083
315,2.92065,-4.79066,1.22597
315,2.64353,-5.03792,1.08058
315,2.92807,-4.85168,1.25162
315,4.51525,-2.95276,-0.14567
315,3.14215,-4.7842,1.07375
315,6.26717,-1.47001,0.436471
315,4.7762,-3.32836,1.17203
315,5.16885,-2.98197,1.13258
315,5.12639,-3.13264,1.26174
315,5.30264,-3.04585,1.11676
315,5.20643,-3.25286,1.262
315,5.38262,-2.92813,0.780046
315,4.70928,-3.24644,-0.469481
315,5.35255,-2.99096,0.777184
315,5.2058,-3.02107,0.30729
315,5.32365,-2.9794,0.461829
315,4.03675,-4.30595,0.346386
315,5.42433,-3.09426,0.724638
315,5.48513,-3.21492,1.09467
315,5.47333,-3.13327,0.746612
315,5.2875,-2.88522,-0.706963
315,5.48267,-3.14491,0.743093
315,4.05313,-4.52093,0.35406
315,5.46299,-3.48552,1.47809
315,5.46939,-3.49071,1.47731
315,5.0242,-4.0227,1.43956
315,5.85393,-2.86636,0.488626
315,3.51529,-4.96029,-1.13973
315,5.46317,-3.34382,0.055653
315,4.21116,-4.76439,0.311688
315,5.31326,-4.05978,1.53879
315,5.29302,-4.07347,1.41782
315,5.31128,-3.41262,-0.656011
315,5.3465,-4.06014,1.44605
315,5.52858,-4.1294,1.46579
315,5.75608,-3.63696,0.654473
315,5.78094,-3.72115,0.676452
315,5.66122,-4.18468,1.65845
315,5.3717,-4.40873,1.33634
315,5.84921,-3.69883,0.657468
315,5.39933,-4.47948,1.56617
315,5.71266,-4.27318,1.68806
315,5.13218,-4.21608,-0.553481
315,5.70471,-4.36418,1.68448
315,5.82637,-4.32837,1.69475
315,5.84105,-4.3583,1.71328
315,5.82062,-3.73129,-0.457843
315,5.93424,-4.47432,1.74166
315,5.82476,-3.95182,-0.436073
315,5.90001,-4.51256,1.56003
315,6.14956,-4.22769,1.30734
315,5.89617,-4.03789,-0.425811
315,4.50876,-5.80124,0.490412
315,5.87393,-4.07074,-0.5218
315,5.86655,-4.05969,-0.807738
315,5.74857,-4.20939,-0.791847
315,5.79773,-4.89743,1.42482
315,6.30787,-4.40992,1.42051
315,5.81328,-4.9792,1.34276
315,5.79563,-5.07262,1.57393
315,5.95859,-4.17378,-0.871866
315,5.59047,-4.75878,-0.403512
315,5.84595,-5.12669,1.58109
315,5.87178,-5.15255,1.71362
315,5.90845,-5.10966,1.69037
315,6.05786,-4.24965,-0.879261
315,5.92405,-5.10498,1.36706
315,5.96224,-4.39253,-0.78232
315,5.96791,-5.15062,1.31279
315,5.95587,-5.22419,1.39244
315,6.03834,-5.30143,1.78511
315,6.05743,-5.34831,1.41652
315,6.11514,-5.38949,1.415
315,6.21974,-5.38138,1.50427
315,3.53318,-1.76361,-0.608484
314,3.53318,-1.76361,-0.608484
315,3.48024,-3.28366,0.382439
314,3.48024,-3.28366,0.382439
315,3.62437,-1.47634,0.801294
314,3.62437,-1.47634,0.801294
315,3.1743,-2.90769,-0.554578
314,3.1743,-2.90769,-0.554578
315,3.52056,-1.20444,0.326966
314,3.52056,-1.20444,0.326966
315,2.75971,-3.02186,-0.156059
314,2.75971,-3.02186,-0.156059
315,3.67925,-1.51474,0.796888
314,3.67925,-1.51474,0.796888
315,3.69867,-1.52815,0.753457
314,3.69867,-1.52815,0.753457
315,3.58895,-2.87919,-0.601227
314,3.58895,-2.87919,-0.601227
315,5.02788,-2.77038,0.448167
314,5.02788,-2.77038,0.448167
315,5.07651,-3.25352,-0.543055
314,5.07651,-3.25352,-0.543055
315,2.90144,-2.80709,-0.467973
314,2.90144,-2.80709,-0.467973
315,4.07497,-1.75913,0.867809
314,4.07497,-1.75913,0.867809
315,3.17594,-2.3214,-0.359041
314,3.17594,-2.3214,-0.359041
315,3.0744,-2.74626,-0.49435
314,3.0744,-2.74626,-0.49435
315,3.19194,-3.21438,-0.600686
314,3.19194,-3.21438,-0.600686
315,4.82948,-3.86822,1.07622
311,4.82948,-3.86822,1.07622
315,4.37508,-4.40594,0.386772
311,4.37508,-4.40594,0.386772
315,3.70186,-3.04014,-0.643395
311,3.70186,-3.04014,-0.643395
315,3.72938,-1.56472,0.773712
311,3.72938,-1.56472,0.773712
315,3.98984,-1.16274,0.355768
311,3.98984,-1.16274,0.355768
315,5.29611,-3.86323,0.348333
311,5.29611,-3.86323,0.348333
315,2.95409,-3.06775,-0.163197
311,2.95409,-3.06775,-0.163197
315,2.99012,-3.1537,-0.173292
311,2.99012,-3.1537,-0.173292
315,3.4366,-1.94676,-0.603572
311,3.4366,-1.94676,-0.603572
315,5.43387,-4.47029,-0.41285
311,5.43387,-4.47029,-0.41285
315,3.47259,-1.73867,-0.564394
313,3.47259,-1.73867,-0.564394
315,3.34656,-3.20429,0.0916632
313,3.34656,-3.20429,0.0916632
315,3.2481,-2.96861,-0.0215116
313,3.2481,-2.96861,-0.0215116
315,2.09874,-3.12764,-0.306083
313,2.09874,-3.12764,-0.306083
315,2.97022,-3.09793,-0.164797
313,2.97022,-3.09793,-0.164797
315,5.10851,-4.16968,1.03469
312,5.10851,-4.16968,1.03469
315,4.74289,-3.76409,0.949861
312,4.74289,-3.76409,0.949861
315,3.81535,-1.62534,-0.509065
312,3.81535,-1.62534,-0.509065
315,2.27237,-3.70013,0.572993
312,2.27237,-3.70013,0.572993
315,3.39448,-3.1706,-0.0222079
69,3.39448,-3.1706,-0.0222079
315,5.30756,-4.0271,1.58467
69,5.30756,-4.0271,1.58467
315,5.98651,-1.14938,0.4795
69,5.98651,-1.14938,0.4795
315,5.49774,-4.61446,1.2705
69,5.49774,-4.61446,1.2705
315,5.68022,-4.92443,-0.470164
68,5.68022,-4.92443,-0.470164
315,3.65896,-3.13691,0.38155
68,3.65896,-3.13691,0.38155
315,3.92775,-1.53924,0.963638
68,3.92775,-1.53924,0.963638
315,8.71124,-8.82817,1.73936
308,8.71124,-8.82817,1.73936
315,2.49744,-3.4432,-0.0171834
308,2.49744,-3.4432,-0.0171834
315,3.18844,-3.38584,-0.702881
310,3.18844,-3.38584,-0.702881
316,2.14794,-1.47991,-0.620684
316,2.51273,-1.12367,-0.608018
316,2.01955,-1.64712,-0.626143
316,2.02276,-1.65071,-0.624494
316,2.02692,-1.6513,-0.617921
316,2.0298,-1.65724,-0.620204
316,2.17611,-1.50155,-0.638815
316,1.90835,-1.79586,-0.617477
316,1.7891,-1.93831,-0.591158
316,2.50074,-1.20442,-0.591383
316,2.50192,-1.20945,-0.595928
316,2.49685,-1.21255,-0.600803
316,2.50793,-1.21338,-0.599069
316,2.45013,-1.27417,-0.631627
316,2.52336,-1.21952,-0.599888
316,2.52485,-1.22112,-0.601828
316,2.46123,-1.2983,-0.608084
316,2.36125,-1.41351,-0.606278
316,2.47119,-1.30487,-0.605345
316,2.5902,-1.1734,-0.623927
316,2.47326,-1.30759,-0.610509
316,2.28842,-1.49873,-0.61243
316,2.59584,-1.1747,-0.624709
316,2.59553,-1.21399,-0.578354
316,2.57318,-1.24105,-0.581195
316,2.57641,-1.23047,-0.599172
316,2.5761,-1.24297,-0.583466
316,2.60262,-1.22983,-0.557844
316,2.60943,-1.22577,-0.585197
316,2.60857,-1.23985,-0.570197
316,2.60836,-1.24546,-0.560465
316,2.29874,-1.52628,-0.634877
316,2.61134,-1.23377,-0.592294
316,2.30318,-1.53565,-0.642151
316,2.61676,-1.24802,-0.575685
316,2.31272,-1.53554,-0.634041
316,2.63094,-1.20594,-0.642018
316,2.62288,-1.25407,-0.576028
316,2.64334,-1.23927,-0.587337
316,2.64784,-1.23483,-0.587503
316,2.6103,-1.31416,-0.519186
316,2.60679,-1.32718,-0.524031
316,2.681,-1.17658,-0.67199
316,2.68163,-1.16617,-0.695942
316,2.6574,-1.24949,-0.60062
316,2.72043,-1.15601,-0.667258
316,2.69768,-1.17268,-0.690665
316,2.70211,-1.173,-0.6819
316,2.70543,-1.18103,-0.68407
316,2.66953,-1.26117,-0.607518
316,3.31954,-1.14142,0.403286
316,2.70813,-1.18442,-0.685909
316,2.74989,-1.2169,-0.558526
316,2.74762,-1.22011,-0.558956
316,2.27841,-1.6947,-0.614836
316,2.72491,-1.18684,-0.702444
316,2.70111,-1.24523,-0.64908
316,2.46763,-1.47861,-0.672872
316,2.70592,-1.25981,-0.656303
316,2.7144,-1.25831,-0.643614
316,2.70893,-1.25947,-0.657921
316,2.71137,-1.26963,-0.636931
316,3.37028,-1.16589,0.397339
316,2.2935,-1.71949,-0.636576
316,2.50091,-1.52974,-0.594663
316,2.79719,-1.24753,-0.562015
316,2.30216,-1.72823,-0.638066
316,2.80553,-1.24611,-0.567703
316,2.30523,-1.72976,-0.638246
316,2.32452,-1.72038,-0.619718
316,2.81233,-1.24397,-0.58194
316,2.31337,-1.73482,-0.642315
316,2.53328,-1.55515,-0.583514
316,3.37884,-1.18951,0.347844
316,2.33836,-1.75027,-0.644688
316,2.83664,-1.27021,-0.593181
316,2.84965,-1.2696,-0.612286
316,2.55476,-1.58003,-0.637029
316,2.86405,-1.25357,-0.649501
316,2.29158,-1.87265,-0.608233
316,2.96401,-1.21013,-0.543852
316,2.96153,-1.20062,-0.570884
316,2.29238,-1.87271,-0.61414
316,2.29891,-1.87352,-0.605341
316,2.87151,-1.26405,-0.661352
316,2.57625,-1.57017,-0.668532
316,2.98648,-1.21516,-0.550389
316,3.57862,-0.542628,-0.679783
316,2.88457,-1.26998,-0.687046
316,2.60004,-1.58695,-0.652114
316,2.88805,-1.27398,-0.68805
316,2.3257,-1.91445,-0.60377
316,2.89736,-1.31005,-0.642396
316,2.32561,-1.91083,-0.631815
316,3.40067,-1.34126,0.359534
316,2.90991,-1.27946,-0.701229
316,2.7183,-1.5313,-0.613097
316,2.32806,-1.92525,-0.635179
316,3.47166,-1.267,0.332256
316,3.02631,-1.21793,-0.621276
316,3.49607,-1.28114,0.377459
316,3.03013,-1.23466,-0.596563
316,2.36272,-1.91329,-0.626675
316,2.65093,-1.58533,-0.67984
316,2.35189,-1.92217,-0.633729
316,2.35877,-1.93094,-0.638531
316,2.94665,-1.29288,-0.697039
316,2.31096,-2.03396,-0.578144
316,2.68769,-1.65428,-0.609266
316,3.57634,-1.49224,0.74671
316,3.06941,-1.25014,-0.666198
316,3.58166,-1.50198,0.768796
316,3.47634,-1.396,0.339409
316,3.62374,-1.52751,0.811075
316,2.7726,-1.68251,-0.544421
316,2.74275,-1.68088,-0.617744
316,3.63663,-1.53831,0.812784
316,3.40245,-1.07923,-0.47461
316,3.23299,-1.22425,-0.59423
316,3.6142,-1.5709,0.742823
316,3.59805,-1.58948,0.716399
316,2.36199,-2.13573,-0.640979
316,2.82423,-1.72953,-0.554542
316,3.58837,-1.61226,0.671971
316,2.40585,-2.13634,-0.631845
316,3.60448,-1.61392,0.654652
316,2.40934,-2.14358,-0.650611
316,3.60957,-1.62602,0.669477
316,2.36014,-2.23801,-0.585884
316,3.6089,-1.62921,0.672218
316,3.43732,-1.43811,-0.00574934
316,3.28406,-1.25373,-0.63518
316,3.85224,-1.46094,0.822241
316,3.82304,-1.45159,0.719258
316,3.83091,-1.45128,0.719564
316,2.42091,-2.17034,-0.647028
316,3.8289,-1.45619,0.72077
316,2.41387,-2.16488,-0.676463
316,2.43007,-2.17976,-0.652146
316,2.80951,-1.76946,-0.713614
316,3.81826,-1.5011,0.708291
316,3.51381,-1.1504,-0.523264
316,3.33114,-1.27886,-0.652003
316,3.76993,-1.56951,0.709375
316,2.37074,-2.29924,-0.621
316,3.81367,-1.5315,0.712757
316,3.81772,-1.52687,0.706844
316,3.81795,-1.5334,0.713391
316,3.82721,-1.51879,0.698066
316,3.34132,-1.2903,-0.669463
316,2.37395,-2.3569,-0.556337
316,3.89641,-1.52905,0.814279
316,2.89531,-1.80329,-0.61396
316,2.36555,-2.39298,-0.576027
316,2.01013,-3.02936,-0.13035
316,3.81418,-1.52454,0.512189
316,2.37172,-2.41772,-0.59499
316,3.55255,-1.21849,-0.558343
316,3.47048,-1.40992,-0.390577
316,2.949,-1.82764,-0.657463
316,3.4877,-1.41663,-0.395601
316,3.88344,-1.45007,0.390335
316,2.94342,-1.84606,-0.680347
316,2.38376,-2.51225,-0.532846
316,3.56309,-1.57095,-0.0338709
316,2.40202,-2.51823,-0.531494
316,3.4849,-1.40617,-0.510143
316,3.49663,-1.42317,-0.502107
316,2.14669,-2.96553,-0.256016
316,2.2613,-2.86621,-0.221562
316,2.17894,-2.94863,-0.240272
316,2.39259,-2.56052,-0.564551
316,2.25495,-2.89405,-0.216169
316,3.48942,-1.43261,-0.548663
316,2.24759,-2.90217,-0.237315
316,3.49744,-1.43644,-0.570878
316,3.59174,-1.6047,-0.12268
316,3.10802,-1.90273,-0.520468
316,2.09215,-3.08567,-0.299326
316,2.48013,-2.47268,-0.706589
316,2.10006,-3.09515,-0.304026
316,3.5609,-1.53321,-0.389474
316,2.40449,-3.0067,0.0717059
316,2.11813,-3.10839,-0.329495
316,3.09073,-1.92547,-0.663773
316,2.40177,-3.03282,0.052484
316,3.53628,-1.49849,-0.619255
316,2.25075,-3.06281,-0.277465
316,2.49344,-2.61182,-0.673401
316,2.49764,-2.62234,-0.676894
316,3.61061,-1.61156,-0.446954
316,3.16454,-1.98718,-0.67861
316,2.49053,-2.71937,-0.632567
316,2.13808,-3.23136,-0.36492
316,2.41961,-3.17022,0.0382486
316,2.19714,-3.22732,-0.330211
316,2.33447,-3.10918,-0.321233
316,2.69465,-2.76841,-0.330576
316,3.31555,-2.04264,-0.583361
316,3.55239,-1.80568,-0.661005
316,3.5691,-1.79536,-0.683711
316,3.30372,-2.09022,-0.671909
316,2.73654,-2.97034,-0.145474
316,3.31235,-2.08641,-0.696981
316,2.73624,-2.98222,-0.157645
316,2.23348,-3.4372,-0.31779
316,3.61426,-1.81813,-0.665138
316,3.63621,-1.84398,-0.629223
316,2.23799,-3.55355,-0.170323
316,3.36426,-2.1231,-0.687587
316,2.64,-3.08313,-0.308375
316,2.43585,-3.13802,-0.604825
316,3.35156,-2.12059,-0.744415
316,2.88651,-2.94522,-0.139686
316,2.67401,-3.13951,-0.193814
316,2.70461,-3.05395,-0.341224
316,2.25411,-3.52141,-0.342513
316,2.90188,-2.97101,-0.123889
316,2.71578,-3.07327,-0.340443
316,3.50744,-2.1587,-0.553355
316,2.64714,-3.22559,-0.297654
316,2.64112,-3.23221,-0.311136
316,2.67777,-3.17938,-0.341885
316,2.90641,-2.99937,-0.248197
316,2.56906,-3.45254,-0.0981897
316,3.48611,-2.18931,-0.687747
316,3.14787,-3.19768,0.472996
316,3.58994,-2.09657,-0.72364
316,2.58974,-3.31933,-0.398999
316,2.6174,-3.32495,-0.340869
316,3.60799,-2.11171,-0.730603
316,2.89838,-3.08161,-0.303919
316,3.52035,-2.22118,-0.7112
316,3.61202,-2.13552,-0.751583
316,3.62684,-2.1272,-0.744047
316,3.62716,-2.14062,-0.721837
316,2.9381,-3.19611,-0.132834
316,3.64536,-2.15778,-0.732138
316,2.93086,-3.14571,-0.299383
316,2.87696,-3.19658,-0.309132
316,3.20506,-3.26101,0.432711
316,3.19278,-3.31272,0.471618
316,3.63327,-2.25749,-0.627784
316,2.79149,-3.1545,-0.598551
316,2.82305,-3.26785,-0.333019
316,3.59089,-2.27404,-0.715107
316,2.2299,-3.71606,-0.676735
316,3.24009,-3.28386,0.351255
316,3.65792,-2.2831,-0.710074
316,2.80894,-3.23909,-0.611291
316,3.2644,-3.30385,0.361806
316,3.25676,-3.31154,0.341113
316,3.30501,-3.07347,-0.0583341
316,3.28363,-3.33982,0.358523
316,3.50207,-2.97011,0.0697418
316,3.36203,-3.21155,0.234484
316,3.3202,-3.09854,-0.0600304
316,3.13074,-3.28982,-0.0831752
316,3.28597,-3.162,-0.0261711
316,3.12985,-3.31604,-0.0795779
316,3.35018,-3.11885,-0.0722525
316,3.34622,-3.12103,-0.0762434
316,3.15108,-3.35174,-0.0503128
316,3.15431,-3.37092,-0.054732
316,3.39925,-3.14805,-0.0186359
316,3.66014,-3.09665,0.3703
316,3.65827,-3.09528,0.360509
316,3.65827,-3.0984,0.361672
316,3.14265,-3.11717,-0.588291
316,3.63159,-2.89568,-0.094302
316,3.16671,-3.12885,-0.564854
316,3.28462,-3.34879,0.0252812
316,3.62001,-3.06344,0.11811
316,5.62307,-1.24591,0.551465
316,3.6414,-3.07507,0.124227
316,3.63313,-3.10487,0.148276
316,3.20487,-3.18674,-0.517621
316,3.17132,-3.45666,-0.0935599
316,2.89751,-3.45523,-0.621659
316,3.06631,-3.52836,-0.174388
316,3.0601,-3.55324,-0.172708
316,3.28093,-3.39773,-0.039333
316,3.68316,-2.99629,-0.0294243
316,3.17794,-3.21,-0.616785
316,5.69992,-1.26367,0.531622
316,3.21304,-3.56173,-0.11675
316,2.50644,-4.80149,0.770115
316,3.75101,-3.09608,-0.0672078
316,3.18073,-3.39033,-0.68392
316,3.03441,-4.26528,0.518599
316,3.27858,-3.7385,-0.0496637
316,3.06549,-4.27684,0.523553
316,3.12685,-4.51653,0.516155
316,3.09345,-4.59855,0.48761
316,3.70743,-3.92418,0.398375
316,3.16936,-4.85405,1.0368
316,3.12706,-4.61678,0.511824
316,3.16666,-4.84424,0.980976
316,3.17153,-4.65341,0.494974
316,3.16433,-4.68738,0.523019
316,3.12917,-4.74178,0.494748
316,3.13579,-4.7443,0.482365
316,3.1645,-4.73186,0.498391
316,3.41171,-4.16264,-0.103616
316,3.14408,-4.8741,0.511642
316,3.43068,-4.23309,-0.127585
316,3.14273,-4.87833,0.497188
316,5.05404,-2.61863,-0.517441
316,5.39178,-2.95156,0.678219
316,5.36437,-3.00627,0.457861
316,4.07914,-4.30297,0.374516
316,3.99358,-4.78862,1.07909
316,4.11253,-4.32594,0.372681
316,3.98904,-4.63968,0.654908
316,5.53031,-1.78578,-1.71986
316,4.06248,-4.81883,0.933796
316,5.58567,-1.80271,-1.76212
316,4.07493,-4.57625,0.348241
316,5.0433,-3.61003,0.392395
316,4.07235,-4.95688,1.00033
316,5.63201,-3.23951,0.760181
316,4.85181,-3.3909,-0.493028
316,4.19123,-4.66724,0.425181
316,4.20666,-4.68571,0.480341
316,5.12809,-3.69496,0.348971
316,5.1331,-3.71025,0.348352
316,4.2592,-4.67635,0.455692
316,5.12893,-3.70661,0.313383
316,4.17964,-4.7098,0.335071
316,4.17799,-4.71772,0.285627
316,4.21232,-4.71175,0.293702
316,4.19647,-4.76662,0.326761
316,5.14499,-3.28363,-0.644039
316,5.00182,-3.50461,-0.524692
316,5.45955,-3.34818,0.045514
316,5.15666,-3.83045,0.345783
316,4.15668,-5.09945,0.676745
316,4.23955,-4.82521,0.320248
316,4.18729,-5.21686,0.509977
316,5.4091,-3.57743,-0.289086
316,5.00947,-4.02015,-0.29816
316,5.0101,-4.0272,-0.437247
316,5.25742,-3.70568,-0.563173
316,5.38055,-4.47064,1.04682
316,5.44092,-3.54858,-0.529005
316,4.24674,-5.35359,0.502275
316,5.51507,-3.62437,-0.316855
316,5.49315,-3.64139,-0.371866
316,5.22237,-4.29975,0.240787
316,5.55921,-3.56243,-0.49526
316,5.60062,-3.55477,-0.432202
316,4.28439,-5.43318,0.498621
316,5.07638,-4.08634,-0.477379
316,5.46709,-3.73286,-0.446062
316,5.06186,-4.26044,-0.262271
316,5.43101,-3.84027,-0.652068
316,5.65785,-3.78698,-0.330947
316,5.58793,-4.71675,1.23653
316,5.16062,-4.2211,-0.494627
316,5.62507,-3.80359,-0.398282
316,5.16611,-4.38491,-0.276313
316,5.201,-4.28992,-0.519224
316,5.24221,-4.35693,-0.544743
316,5.4477,-4.55052,0.17518
316,5.48665,-4.56981,0.261259
316,5.53106,-4.60087,0.38197
316,5.32734,-4.4124,-0.479331
316,5.36849,-4.45449,-0.404506
316,5.48074,-4.61895,-0.0797414
316,5.84695,-4.54177,0.250673
316,5.53457,-4.68408,-0.0965608
316,5.44156,-4.66268,-0.383008
316,5.49965,-4.6585,-0.359365
316,5.47604,-4.68731,-0.395036
316,5.47374,-4.70769,-0.460719
316,5.88699,-5.17775,1.1444
316,5.50879,-4.69945,-0.502909
316,5.53755,-4.79609,-0.359913
316,5.58355,-4.76877,-0.365732
316,5.58372,-4.77242,-0.430776
316,5.59508,-4.78331,-0.394483
316,6.00211,-5.29182,1.13234
316,5.58453,-4.8623,-0.599891
316,5.61507,-4.95973,-0.617081
316,5.68855,-4.98732,-0.667653
316,6.25234,-4.99747,0.36482
316,6.303,-5.00468,0.236888
316,6.35142,-5.05319,0.265519
316,6.5926,-5.34135,0.349442
316,2.95922,-3.11088,-0.32392
314,2.95922,-3.11088,-0.32392
316,3.59139,-1.81385,-0.63759
314,3.59139,-1.81385,-0.63759
316,5.1897,-4.21875,-0.51749
314,5.1897,-4.21875,-0.51749
316,2.2117,-1.44562,-0.571941
314,2.2117,-1.44562,-0.571941
316,4.46167,-2.91799,-0.391954
314,4.46167,-2.91799,-0.391954
316,5.0059,-2.59232,0.648905
314,5.0059,-2.59232,0.648905
316,2.35261,-3.3115,-0.336862
314,2.35261,-3.3115,-0.336862
316,3.77199,-1.56146,0.799012
314,3.77199,-1.56146,0.799012
316,2.07744,-3.18419,-0.170721
314,2.07744,-3.18419,-0.170721
316,5.20447,-2.74564,0.668376
314,5.20447,-2.74564,0.668376
316,2.72939,-1.14058,-0.53036
314,2.72939,-1.14058,-0.53036
316,3.49508,-1.44619,0.401147
314,3.49508,-1.44619,0.401147
316,4.32383,-1.98847,0.61259
314,4.32383,-1.98847,0.61259
316,4.60426,-2.16973,0.632184
314,4.60426,-2.16973,0.632184
316,3.75279,-1.48747,0.807136
311,3.75279,-1.48747,0.807136
316,5.18811,-4.5184,0.940758
311,5.18811,-4.5184,0.940758
316,3.97867,-1.72964,-0.633605
311,3.97867,-1.72964,-0.633605
316,5.87112,-3.06915,0.776577
311,5.87112,-3.06915,0.776577
316,2.69177,-3.16152,-0.156875
312,2.69177,-3.16152,-0.156875
316,2.69143,-3.22195,-0.3832
312,2.69143,-3.22195,-0.3832
316,2.42919,-3.19523,-0.0441105
312,2.42919,-3.19523,-0.0441105
316,5.55117,-4.13765,0.384424
312,5.55117,-4.13765,0.384424
316,5.58455,-4.17012,0.385887
312,5.58455,-4.17012,0.385887
316,2.76405,-3.83198,0.553178
312,2.76405,-3.83198,0.553178
316,2.81395,-4.00797,0.572599
312,2.81395,-4.00797,0.572599
316,2.51875,-3.0281,-0.285299
313,2.51875,-3.0281,-0.285299
316,3.92829,-4.21934,0.447071
69,3.92829,-4.21934,0.447071
316,5.11601,-3.38687,-0.622419
69,5.11601,-3.38687,-0.622419
316,2.89994,-3.15482,-0.290618
310,2.89994,-3.15482,-0.290618
316,2.4688,-3.09887,-0.558775
310,2.4688,-3.09887,-0.558775
316,2.93886,-1.09388,-0.0494084
310,2.93886,-1.09388,-0.0494084
316,2.74716,-3.18576,-0.0867374
308,2.74716,-3.18576,-0.0867374
316,2.72883,-3.16548,-0.291648
308,2.72883,-3.16548,-0.291648
316,3.25962,-3.44588,0.482141
308,3.25962,-3.44588,0.482141
316,3.29292,-3.48986,0.469631
308,3.29292,-3.48986,0.469631
317,1.66672,-0.883715,0.155979
317,2.3819,-0.72743,-0.458673
317,2.25507,-0.739388,-0.600333
317,1.93025,-1.0614,-0.610303
317,1.93496,-1.0629,-0.608841
317,1.7831,-1.25623,-0.577313
317,2.19841,-0.808298,-0.630911
317,2.19875,-0.811011,-0.628114
317,2.2064,-0.812226,-0.633172
317,1.78629,-1.26794,-0.591
317,1.78173,-1.2749,-0.59727
317,1.95949,-1.0467,-0.656956
317,2.41317,-0.750614,-0.508324
317,1.96292,-1.05239,-0.656789
317,2.17344,-0.921474,-0.599064
317,2.17353,-0.921589,-0.599277
317,2.18205,-0.927771,-0.608086
317,1.92188,-1.15566,-0.64574
317,1.92237,-1.15474,-0.647399
317,2.31246,-0.733168,-0.711888
317,2.20112,-0.923667,-0.642835
317,2.20166,-0.921959,-0.644063
317,2.21336,-0.942541,-0.620665
317,2.47878,-0.749647,-0.567237
317,1.78751,-1.38593,-0.615276
317,1.93066,-1.25193,-0.613181
317,2.33177,-0.740811,-0.742849
317,1.93991,-1.25636,-0.616279
317,1.79314,-1.40532,-0.633017
317,1.94125,-1.26992,-0.624664
317,1.94253,-1.27267,-0.626376
317,1.84169,-1.3823,-0.634754
317,1.85218,-1.39662,-0.635702
317,1.86503,-1.39117,-0.632357
317,1.87308,-1.41394,-0.613693
317,2.09438,-1.17743,-0.642851
317,2.10003,-1.18424,-0.638183
317,2.2062,-1.14424,-0.627119
317,2.20911,-1.14981,-0.631291
317,2.23092,-1.12114,-0.654517
317,2.21708,-1.16232,-0.639546
317,2.24506,-1.15815,-0.618813
317,2.04178,-1.35118,-0.630157
317,2.06124,-1.36925,-0.604996
317,2.04798,-1.36744,-0.637459
317,2.90076,-0.56157,-0.613537
317,3.05249,-0.644653,-0.375829
317,2.06607,-1.35921,-0.640928
317,2.24828,-1.17605,-0.657737
317,2.0726,-1.36749,-0.650827
317,2.07451,-1.36937,-0.647597
317,2.50188,-1.00512,-0.602125
317,3.05582,-0.687643,-0.370313
317,2.24593,-1.22509,-0.637367
317,2.92625,-0.542083,-0.656295
317,2.78658,-0.687783,-0.647099
317,3.07019,-0.4036,-0.655591
317,2.64884,-0.849944,-0.625105
317,2.79024,-0.689118,-0.649401
317,2.79324,-0.705459,-0.633002
317,3.07221,-0.422428,-0.645411
317,2.79808,-0.691149,-0.657406
317,2.01269,-1.71966,-0.405111
317,2.66656,-0.833369,-0.661721
317,2.80361,-0.704292,-0.658988
317,3.02861,-0.806272,-0.325112
317,2.37073,-1.16582,-0.634142
317,2.11287,-1.45311,-0.603163
317,2.25968,-1.29145,-0.631849
317,2.3867,-1.16594,-0.634328
317,2.63431,-0.813161,-0.771698
317,2.20267,-1.34537,-0.658228
317,3.13314,-0.410387,-0.703698
317,3.08251,-0.772909,-0.386511
317,2.13113,-1.47919,-0.624739
317,2.64746,-0.826018,-0.787375
317,2.15255,-1.48156,-0.609659
317,1.98388,-1.71742,-0.540743
317,2.25278,-1.37654,-0.642743
317,2.22054,-1.3644,-0.689316
317,1.99963,-1.64237,-0.625002
317,2.53138,-1.13556,-0.627506
317,2.54399,-1.138,-0.635078
317,1.88106,-1.79838,-0.625869
317,1.90395,-1.78726,-0.615139
317,1.88734,-1.80196,-0.626244
317,2.6835,-0.838454,-0.842654
317,2.23935,-1.49631,-0.618
317,2.59931,-1.22613,-0.540496
317,1.78328,-1.94712,-0.621474
317,3.0802,-0.911797,-0.38067
317,2.59048,-1.18056,-0.600246
317,2.46927,-1.27967,-0.629666
317,2.46674,-1.28344,-0.631061
317,2.25269,-1.40958,-0.739805
317,1.79936,-1.95603,-0.638926
317,2.60415,-1.1866,-0.626411
317,2.6149,-1.1964,-0.617569
317,2.47724,-1.30957,-0.642199
317,2.61602,-1.19524,-0.624228
317,2.2692,-1.52733,-0.637268
317,2.27595,-1.41859,-0.747789
317,2.70092,-1.16275,-0.682943
317,3.41797,-1.31754,0.202065
317,3.44098,-1.14355,0.0333899
317,3.35997,-1.06473,-0.134793
317,2.45241,-1.46035,-0.668406
317,3.45457,-1.32298,0.202616
317,2.66815,-1.37299,-0.571577
317,2.67346,-1.37472,-0.577254
317,2.57287,-1.43109,-0.635023
317,2.57973,-1.44142,-0.639229
317,2.61093,-1.46851,-0.592631
317,2.46142,-1.50305,-0.7125
317,2.59346,-1.45676,-0.642749
317,2.60146,-1.46063,-0.647438
317,2.64208,-1.46892,-0.606792
317,2.62825,-1.48071,-0.613018
317,3.51784,-1.50255,0.311397
317,2.07847,-2.10343,-0.539292
317,3.56106,-0.53778,-0.661412
317,2.34355,-1.74944,-0.644915
317,3.07148,-0.976908,-0.714661
317,2.3463,-1.74983,-0.658151
317,3.44012,-1.44902,0.132849
317,3.08299,-0.981743,-0.723559
317,3.45364,-1.45627,0.125268
317,3.47144,-1.5021,0.142969
317,3.42921,-1.44889,0.0446311
317,3.43575,-1.44817,0.037912
317,3.48335,-1.52276,0.131928
317,3.42018,-1.0044,-0.494978
317,3.14935,-1.00783,-0.783352
317,3.09182,-1.24835,-0.654531
317,3.43529,-1.09976,-0.476283
317,3.43391,-1.08629,-0.492425
317,3.45937,-0.894802,-0.681358
317,3.4617,-0.8956,-0.688625
317,2.0784,-2.1094,-0.854626
317,3.47763,-0.90036,-0.691824
317,2.75146,-1.6838,-0.633683
317,3.58682,-1.58786,0.0904445
317,3.59338,-1.53557,-0.0454995
317,3.60932,-1.05744,-0.570127
317,3.47949,-1.22638,-0.535773
317,2.15973,-2.37211,-0.696682
317,3.06316,-1.53863,-0.652224
317,2.87942,-1.79208,-0.611346
317,3.49731,-1.25142,-0.549897
317,3.64711,-1.07493,-0.593544
317,3.50351,-1.2737,-0.55382
317,3.60487,-1.61263,-0.103903
317,2.09278,-2.81084,-0.427618
317,3.51405,-1.31969,-0.541149
317,2.92612,-1.80758,-0.650173
317,2.62914,-2.0005,-0.754969
317,3.54024,-1.45301,-0.406273
317,2.31083,-2.95443,-0.101242
317,3.53744,-1.46913,-0.398389
317,3.46869,-1.42091,-0.524664
317,2.96969,-1.84062,-0.687936
317,2.31914,-3.02753,-0.12448
317,2.18667,-3.19455,-0.0871025
317,2.97865,-1.85092,-0.69523
317,2.09279,-3.22331,-0.172637
317,2.39326,-2.58625,-0.560182
317,2.27268,-3.1637,-0.0860517
317,2.97544,-1.88168,-0.707182
317,2.3077,-2.97666,-0.251865
317,2.05671,-3.16081,-0.331653
317,2.39993,-2.60732,-0.568194
317,2.31396,-3.0042,-0.250044
317,2.15894,-3.10324,-0.305658
317,3.12751,-1.93026,-0.548064
317,2.27847,-3.17577,-0.161189
317,3.53209,-1.42839,-0.703843
317,2.32531,-3.0488,-0.264103
317,3.54992,-1.43234,-0.706354
317,2.27031,-2.98147,-0.398391
317,2.2735,-2.99301,-0.407001
317,3.55972,-1.44104,-0.724977
317,2.17289,-3.19845,-0.338062
317,2.04738,-3.3731,-0.303766
317,2.44156,-3.3062,0.0265481
317,2.49479,-2.5939,-0.67394
317,3.16515,-2.32482,-0.309604
317,3.20916,-2.00795,-0.60849
317,3.62209,-1.48556,-0.770652
317,3.23545,-2.03008,-0.617355
317,3.27642,-2.03842,-0.636126
317,3.54473,-1.76807,-0.646033
317,3.56373,-1.78275,-0.660713
317,2.45861,-3.13326,-0.3898
317,2.53159,-2.81765,-0.677767
317,2.79599,-3.13843,-0.0823836
317,2.46779,-3.17435,-0.386068
317,2.18094,-3.32673,-0.529685
317,3.25971,-2.44109,-0.361224
317,2.47318,-3.19055,-0.390724
317,2.47273,-3.19241,-0.398002
317,3.61241,-1.80153,-0.686044
317,3.57306,-1.94008,-0.587817
317,2.46383,-3.07321,-0.545228
317,3.63215,-1.83471,-0.650526
317,2.46964,-3.07319,-0.554211
317,2.4604,-3.07989,-0.563444
317,2.87695,-3.13337,-0.095177
317,2.03619,-3.492,-0.577904
317,3.61037,-1.86312,-0.671979
317,2.74439,-3.06864,-0.308395
317,2.53772,-3.4258,-0.148761
317,2.58435,-3.21377,-0.337076
317,2.1883,-3.33664,-0.629067
317,2.77975,-3.09019,-0.298867
317,3.20187,-3.01181,0.0268561
317,2.5988,-3.26122,-0.342384
317,2.91599,-3.01216,-0.279714
317,2.77125,-3.146,-0.295222
317,2.63257,-3.35284,-0.221605
317,2.77452,-3.12468,-0.331446
317,2.44175,-3.2127,-0.594415
317,3.32693,-2.52472,-0.411423
317,2.93522,-3.08499,-0.244207
317,2.46525,-3.19967,-0.609364
317,2.94346,-3.08233,-0.245655
317,2.45153,-3.22426,-0.606305
317,2.92958,-3.16791,-0.180501
317,2.6303,-3.34593,-0.309986
317,2.45707,-3.23593,-0.609904
317,3.54149,-2.19253,-0.593542
317,2.20596,-3.50982,-0.587708
317,2.92035,-3.20304,-0.181656
317,2.62979,-3.35819,-0.316227
317,2.61913,-3.33043,-0.360022
317,3.56787,-2.09242,-0.682792
317,2.45996,-3.25131,-0.620786
317,3.30504,-3.08147,0.0260278
317,2.81671,-3.09802,-0.457773
317,2.97237,-3.13316,-0.308801
317,3.2588,-3.15856,0.00621301
317,2.84786,-3.39912,-0.232263
317,3.94717,-2.55052,-0.00366616
317,3.4023,-2.64806,-0.461422
317,3.34031,-3.24778,0.0785454
317,3.21119,-3.20348,-0.101707
317,2.75192,-3.16567,-0.607474
317,3.21216,-3.21055,-0.115658
317,2.77775,-3.45841,-0.346306
317,3.60092,-2.8604,-0.135777
317,2.89264,-3.53502,-0.177846
317,3.65025,-2.89065,-0.0792625
317,3.61112,-2.87906,-0.140395
317,3.46072,-3.18326,-0.00364554
317,2.7835,-3.35054,-0.556273
317,3.67828,-2.99017,-0.0224578
317,3.25491,-3.31804,-0.136495
317,3.70049,-3.00966,-0.0242875
317,3.21583,-3.44067,-0.0909768
317,3.50335,-3.21566,-0.043238
317,2.91557,-3.31892,-0.542879
317,3.15017,-3.08051,-0.552808
317,3.17842,-3.53488,-0.0579629
317,3.13101,-3.21572,-0.461214
317,3.8109,-2.26996,-0.812148
317,3.14443,-3.4722,-0.249495
317,3.20594,-3.60422,-0.0699009
317,3.15164,-3.27164,-0.622085
317,3.22703,-3.34059,-0.563724
317,3.16835,-3.35886,-0.637668
317,2.89899,-3.6558,-0.672018
317,4.65383,-3.21329,-0.193594
317,5.05056,-2.70838,-0.625654
317,5.06998,-2.72247,-0.635727
317,5.15746,-2.77887,-0.64219
317,5.11903,-3.26043,-0.601375
317,5.37245,-3.03164,-0.626332
317,5.41177,-3.28495,-0.458282
317,5.30344,-3.4089,-0.654612
317,5.46282,-3.48014,-0.466543
317,5.63597,-3.78345,-0.373658
317,5.16893,-4.23052,-0.523169
317,5.42083,-3.88328,-0.684046
317,5.29404,-4.35106,-0.360859
317,5.65791,-3.9306,-0.478069
317,5.7081,-3.95717,-0.481343
317,5.71332,-3.98964,-0.494069
317,5.62035,-4.96073,-0.659595
317,5.80748,-5.11897,-0.496835
317,5.88444,-5.23315,-0.734575
317,3.60319,-3.59141,-0.614196
314,3.60319,-3.59141,-0.614196
317,3.44766,-3.33912,-0.446289
314,3.44766,-3.33912,-0.446289
317,2.01867,-1.67701,-0.675662
314,2.01867,-1.67701,-0.675662
317,4.51082,-2.56453,-0.700237
314,4.51082,-2.56453,-0.700237
317,3.52754,-3.468,-0.482452
314,3.52754,-3.468,-0.482452
317,5.3023,-3.84382,-0.427055
314,5.3023,-3.84382,-0.427055
317,3.35971,-3.24619,-0.672348
314,3.35971,-3.24619,-0.672348
317,3.06018,-1.62557,-0.638754
311,3.06018,-1.62557,-0.638754
317,2.67808,-3.22941,-0.0816017
311,2.67808,-3.22941,-0.0816017
317,1.86863,-0.48205,0.459015
311,1.86863,-0.48205,0.459015
317,5.17398,-1.49261,-1.38328
313,5.17398,-1.49261,-1.38328
317,3.3579,-1.24957,-0.0232977
313,3.3579,-1.24957,-0.0232977
317,2.59911,-1.55881,-0.626841
313,2.59911,-1.55881,-0.626841
317,3.3042,-0.796155,-0.548406
313,3.3042,-0.796155,-0.548406
317,5.0909,-1.47066,-1.348
313,5.0909,-1.47066,-1.348
317,2.60102,-1.55635,-0.627235
313,2.60102,-1.55635,-0.627235
317,1.78316,-1.90128,-0.59654
313,1.78316,-1.90128,-0.59654
317,2.66145,-1.10817,-0.616045
313,2.66145,-1.10817,-0.616045
317,3.06416,-0.426475,-0.632402
313,3.06416,-0.426475,-0.632402
317,2.48584,-3.05825,-0.516047
313,2.48584,-3.05825,-0.516047
317,5.0622,-3.25234,-0.539338
312,5.0622,-3.25234,-0.539338
317,1.85063,-1.41304,-0.614578
312,1.85063,-1.41304,-0.614578
317,2.17695,-1.12317,-0.520667
310,2.17695,-1.12317,-0.520667
317,4.18352,-2.73955,-0.11056
69,4.18352,-2.73955,-0.11056
317,3.31426,-3.47724,0.0129443
308,3.31426,-3.47724,0.0129443
318,2.33553,-1.72154,-0.60002
318,2.3458,-1.71549,-0.593602
318,2.34146,-1.72521,-0.592055
318,2.86419,-1.25171,-0.625768
318,2.58129,-1.54902,-0.592134
318,2.67664,-1.44695,-0.619903
318,2.58494,-1.55129,-0.595051
318,2.55964,-1.58918,-0.60168
318,2.56206,-1.59342,-0.601012
318,3.45267,-1.24341,0.356049
318,2.30903,-1.90476,-0.637052
318,3.43074,-1.35566,0.362801
318,2.36916,-1.91494,-0.600187
318,3.42377,-0.953225,-0.478267
318,3.05808,-1.25691,-0.594776
318,3.05918,-1.2357,-0.650123
318,3.06645,-1.25985,-0.601794
318,3.41248,-0.996155,-0.478759
318,3.58351,-1.55394,0.91388
318,2.71279,-1.63854,-0.615756
318,2.71406,-1.6369,-0.623986
318,2.7162,-1.6463,-0.614671
318,3.5856,-1.53971,0.815297
318,3.59102,-1.54127,0.817841
318,2.73647,-1.65765,-0.578238
318,2.73723,-1.65974,-0.582969
318,3.63642,-1.53506,0.837207
318,2.73554,-1.68008,-0.590833
318,3.66633,-1.53145,0.866134
318,3.63127,-1.52051,0.767065
318,3.63313,-1.52276,0.769588
318,3.64786,-1.52109,0.788815
318,3.58575,-1.58197,0.753088
318,3.56706,-1.59354,0.739077
318,3.43582,-1.08319,-0.508326
318,3.25295,-1.21599,-0.642755
318,3.45092,-1.09929,-0.498996
318,3.25887,-1.24261,-0.596017
318,3.27031,-1.20609,-0.647688
318,3.90281,-1.12568,0.361412
318,3.43081,-1.43348,0.047248
318,3.27649,-1.24353,-0.611228
318,2.34416,-2.13412,-0.651585
318,2.41387,-2.11915,-0.597254
318,3.8629,-1.46081,0.84479
318,3.48487,-1.47626,0.103043
318,3.92341,-1.21299,0.390715
318,3.87426,-1.48765,0.817852
318,3.84162,-1.52981,0.818943
318,3.85373,-1.53806,0.856156
318,3.85466,-1.5036,0.780589
318,3.86741,-1.30311,0.376778
318,2.37791,-2.28521,-0.613782
318,3.46843,-1.29349,-0.48265
318,3.91675,-1.49109,0.730867
318,3.47381,-1.29176,-0.488984
318,3.85355,-1.54653,0.71126
318,3.46676,-1.41696,-0.273278
318,3.91014,-1.53035,0.773622
318,3.40401,-1.35757,-0.525964
318,2.91051,-1.8005,-0.602274
318,3.40315,-1.36773,-0.529986
318,2.42719,-2.29688,-0.583565
318,3.96993,-1.31983,0.403552
318,2.3793,-2.33204,-0.656018
318,2.39787,-2.32808,-0.640989
318,3.56141,-1.58429,-0.0271928
318,3.56631,-1.58336,-0.0217832
318,3.57055,-1.58714,-0.0268226
318,3.60579,-1.58249,-0.00358266
318,3.02143,-1.84922,-0.59679
318,3.02378,-1.84373,-0.612471
318,3.58428,-1.59765,-0.0345578
318,4.04393,-1.37754,0.400231
318,3.03643,-1.87293,-0.619972
318,2.409,-2.48551,-0.621323
318,3.59487,-1.62166,-0.0631935
318,3.05539,-1.88466,-0.585477
318,2.40089,-2.51668,-0.651429
318,2.41422,-2.51077,-0.63887
318,2.03747,-3.17494,-0.126218
318,3.55496,-1.48272,-0.55094
318,2.046,-3.15234,-0.230068
318,4.14241,-1.42639,0.382972
318,3.19305,-1.96776,-0.583108
318,2.46214,-2.70213,-0.61534
318,2.28074,-3.16773,-0.0730017
318,2.42888,-2.72344,-0.657118
318,2.43988,-2.72853,-0.662185
318,3.53099,-1.74532,-0.594902
318,3.26481,-2.04831,-0.61185
318,2.45461,-3.15735,-0.0362476
318,2.16821,-3.20779,-0.572403
318,2.46439,-3.17205,-0.0850851
318,2.1991,-3.18354,-0.565204
318,3.35088,-2.04699,-0.601893
318,3.35933,-2.05199,-0.599515
318,2.15665,-3.22264,-0.620547
318,2.25216,-3.28042,-0.362804
318,3.53755,-1.91699,-0.617905
318,2.6346,-3.09105,-0.0682764
318,2.32912,-3.24837,-0.347002
318,3.5452,-1.92348,-0.622214
318,2.63353,-3.10891,-0.0617843
318,2.47956,-2.95921,-0.672984
318,2.48205,-2.96612,-0.674205
318,2.6951,-3.09143,-0.0463656
318,2.7002,-3.09427,-0.0506334
318,2.55933,-3.13623,-0.269327
318,2.46872,-3.16755,-0.403487
318,2.77109,-3.07647,-0.0616141
318,2.46977,-3.19198,-0.419312
318,2.46862,-3.20056,-0.405609
318,2.67637,-3.13749,-0.173531
318,2.52187,-3.03981,-0.655343
318,3.45054,-2.18662,-0.632949
318,2.86057,-3.08143,-0.073784
318,2.6938,-3.16174,-0.262627
318,2.86382,-3.09652,-0.0735834
318,2.87769,-3.12364,-0.0740379
318,3.56631,-2.20783,-0.566482
318,3.22036,-2.92021,-0.00321013
318,3.37068,-2.99027,0.408994
318,3.21989,-2.9182,-0.0167316
318,3.27046,-2.9128,0.03347
318,3.02951,-3.11318,-0.0386063
318,3.03975,-3.12747,-0.0384245
318,3.2799,-2.94732,0.0521953
318,2.54212,-3.62751,-0.0365596
318,2.76163,-3.12822,-0.58706
318,2.76036,-3.13449,-0.610365
318,3.30002,-2.95432,0.0546273
318,2.79287,-3.1384,-0.551582
318,3.047,-3.16051,-0.0320734
318,3.30364,-2.98431,0.0230495
318,3.08055,-3.19723,0.00647676
318,3.0215,-3.30443,0.0722163
318,3.01923,-3.30796,0.0654245
318,5.3696,-1.24308,0.464871
318,3.01571,-3.34268,0.0544947
318,3.00567,-3.35433,0.0534042
318,3.26064,-3.29337,0.341718
318,2.88262,-3.23672,-0.484568
318,3.57786,-2.87496,0.0757686
318,3.35772,-3.1855,0.254818
318,3.34353,-3.06736,-0.00517666
318,3.04436,-3.06795,-0.577968
318,3.01139,-3.25037,-0.305926
318,3.02932,-3.2471,-0.303084
318,3.58417,-2.90124,0.0708166
318,3.36499,-3.20923,0.247865
318,3.03762,-3.42799,0.0314547
318,3.48331,-3.17997,0.373278
318,3.38077,-3.15369,0.075848
318,3.274,-3.05214,-0.326523
318,3.1135,-3.16569,-0.413552
318,3.27383,-3.49649,0.455339
318,3.38862,-3.18456,0.0621903
318,3.33869,-3.22861,0.0505942
318,3.26802,-3.32212,0.0935186
318,3.31986,-3.29295,0.0923021
318,3.13049,-3.1272,-0.594387
318,3.29774,-3.08383,-0.372581
318,3.13959,-3.22999,-0.404531
318,3.13417,-3.14162,-0.604616
318,3.27264,-3.30984,-0.0256921
318,3.17462,-3.13457,-0.555197
318,3.31396,-3.11863,-0.329049
318,3.15311,-3.15329,-0.586767
318,3.27538,-3.42139,0.148938
318,3.33139,-3.30262,-3.21865e-05
318,3.3069,-3.10242,-0.43781
318,3.20641,-3.15268,-0.548718
318,3.55015,-3.09985,-0.0130264
318,3.66945,-2.97507,-0.0394708
318,3.67237,-2.99188,-0.0361683
318,3.70122,-2.97331,-0.033645
318,3.1901,-3.17417,-0.614997
318,3.71241,-3.17368,0.358202
318,3.71809,-3.16833,0.349474
318,3.63801,-3.1258,0.0220255
318,3.77083,-3.23517,0.391521
318,3.71578,-3.05448,-0.0846288
318,3.69455,-3.19205,0.0966866
318,3.70889,-3.19634,0.116142
318,2.60184,-4.8006,1.02785
318,3.73638,-3.23236,0.107577
318,3.74856,-3.23906,0.0876142
318,3.3462,-3.24163,-0.68075
318,3.74664,-3.23459,0.0471151
318,3.78328,-3.13467,-0.101978
318,2.60058,-4.80511,0.889739
318,5.45526,-1.8372,0.374022
318,5.43475,-1.83074,0.298901
318,2.60526,-4.84041,0.74777
318,5.56532,-1.87983,0.362348
318,3.18444,-4.8987,0.696879
318,3.18599,-4.91791,0.688436
318,3.18051,-4.90725,0.514896
318,3.20666,-4.84272,0.408344
318,3.145,-4.94797,0.481126
318,3.20578,-4.8707,0.443075
318,5.45029,-3.11731,0.708286
318,4.79819,-3.15753,-0.51552
318,5.50249,-3.15507,0.72822
318,5.57625,-3.16864,0.801146
318,4.82819,-3.29296,-0.427226
318,4.90029,-3.30082,-0.321204
318,5.42924,-3.1316,0.314466
318,3.99929,-4.81621,0.861795
318,4.88274,-3.28777,-0.443584
318,4.03292,-4.78189,0.795264
318,4.87858,-3.32145,-0.433871
318,4.94507,-3.31807,-0.331881
318,5.65629,-3.22641,0.797665
318,5.40877,-2.97538,-0.158081
318,5.70272,-3.42584,1.23945
318,4.04211,-4.79246,0.740678
318,4.9793,-3.26267,-0.489192
318,4.10762,-4.67869,0.570612
318,5.7597,-3.3976,1.17598
318,5.74085,-3.40009,1.13694
318,4.17007,-4.59447,0.437695
318,5.08729,-3.39746,-0.204445
318,5.30382,-4.04196,1.32236
318,5.48598,-3.86716,1.3143
318,5.21281,-3.26411,-0.36664
318,5.81953,-3.46265,1.13778
318,5.15701,-3.40757,-0.232406
318,5.17605,-3.40947,-0.229507
318,4.22972,-4.72622,0.494801
318,4.21354,-4.71295,0.437958
318,5.30906,-4.11754,1.32001
318,5.22972,-3.43789,-0.32577
318,5.5073,-4.01659,1.27645
318,5.2258,-3.51376,-0.253693
318,5.28087,-3.46386,-0.257017
318,5.50466,-3.40046,0.0165945
318,5.33737,-3.37109,-0.403017
318,5.3338,-3.36995,-0.454122
318,5.26411,-4.41482,1.3606
318,5.37816,-3.39545,-0.400008
318,5.28497,-4.3867,1.30227
318,5.38809,-3.41036,-0.424742
318,5.11699,-3.62273,-0.564772
318,5.06148,-4.40981,0.629375
318,5.16088,-3.70859,-0.566444
318,5.36662,-4.46423,1.2586
318,5.51211,-4.13253,0.727294
318,5.14057,-4.56378,0.788083
318,5.21822,-4.54706,0.858112
318,5.50368,-4.1261,0.486902
318,5.24872,-4.58627,0.865716
318,5.34554,-3.89593,-0.440283
318,5.28251,-4.47497,0.467277
318,5.22721,-4.5331,0.315875
318,5.22844,-4.56579,0.294317
318,5.19332,-4.36279,-0.183871
318,5.44495,-4.52972,0.580035
318,5.18978,-4.38414,-0.47893
318,5.35055,-4.55122,-0.34608
318,5.51137,-4.58773,-0.604761
318,5.58541,-4.70591,-0.460878
318,5.79741,-5.07855,-0.547279
316,5.79741,-5.07855,-0.547279
318,4.56029,-3.09962,-0.394354
316,4.56029,-3.09962,-0.394354
318,3.35043,-2.08107,-0.6063
316,3.35043,-2.08107,-0.6063
318,3.64774,-1.36421,0.360542
316,3.64774,-1.36421,0.360542
318,5.4825,-4.17187,0.294914
316,5.4825,-4.17187,0.294914
318,3.36363,-3.51201,0.333593
316,3.36363,-3.51201,0.333593
318,3.48286,-1.99195,-0.645591
316,3.48286,-1.99195,-0.645591
318,5.42859,-4.65079,1.08113
316,5.42859,-4.65079,1.08113
318,3.92011,-1.77822,0.87169
316,3.92011,-1.77822,0.87169
318,4.2353,-2.60346,-0.26889
316,4.2353,-2.60346,-0.26889
318,3.38136,-3.53962,-0.00739119
316,3.38136,-3.53962,-0.00739119
318,2.3976,-3.05242,-0.0155761
316,2.3976,-3.05242,-0.0155761
318,5.1662,-3.59247,-0.633686
316,5.1662,-3.59247,-0.633686
318,3.61875,-1.49071,-0.594357
316,3.61875,-1.49071,-0.594357
318,2.61973,-1.67768,-0.69039
316,2.61973,-1.67768,-0.69039
318,2.25329,-3.41339,-0.325901
316,2.25329,-3.41339,-0.325901
318,3.4618,-3.682,-0.0335925
316,3.4618,-3.682,-0.0335925
318,5.02706,-4.17867,1.02753
316,5.02706,-4.17867,1.02753
318,3.18957,-3.23093,0.513016
316,3.18957,-3.23093,0.513016
318,3.67382,-3.83153,0.376749
316,3.67382,-3.83153,0.376749
318,3.51164,-3.78394,-0.0506265
316,3.51164,-3.78394,-0.0506265
318,3.35567,-3.49814,0.0617392
316,3.35567,-3.49814,0.0617392
318,3.46878,-3.77984,0.502653
316,3.46878,-3.77984,0.502653
318,5.57864,-4.66315,0.377558
316,5.57864,-4.66315,0.377558
318,3.57976,-3.60271,0.362223
316,3.57976,-3.60271,0.362223
318,3.43134,-3.76541,0.454884
316,3.43134,-3.76541,0.454884
318,3.8296,-3.97312,0.474846
316,3.8296,-3.97312,0.474846
318,4.17858,-5.15123,0.0818876
316,4.17858,-5.15123,0.0818876
318,4.03873,-1.63652,0.709051
316,4.03873,-1.63652,0.709051
318,3.87665,-3.9974,0.393399
316,3.87665,-3.9974,0.393399
318,4.75954,-2.99918,-0.12955
316,4.75954,-2.99918,-0.12955
318,3.80159,-3.81133,0.397144
316,3.80159,-3.81133,0.397144
318,5.2224,-4.33061,-0.583704
315,5.2224,-4.33061,-0.583704
318,3.44131,-3.64924,0.36057
315,3.44131,-3.64924,0.36057
318,3.87479,-1.80223,0.983961
315,3.87479,-1.80223,0.983961
318,3.71875,-1.14639,0.388853
315,3.71875,-1.14639,0.388853
318,4.1306,-4.54709,0.449954
315,4.1306,-4.54709,0.449954
318,3.35636,-3.54524,-0.759041
315,3.35636,-3.54524,-0.759041
318,3.68557,-4.10288,0.313515
315,3.68557,-4.10288,0.313515
318,2.61931,-3.90362,-0.0959232
315,2.61931,-3.90362,-0.0959232
318,2.89354,-4.20537,0.510702
315,2.89354,-4.20537,0.510702
318,4.19482,-3.82994,0.332684
314,4.19482,-3.82994,0.332684
318,2.80241,-1.2448,-0.587915
314,2.80241,-1.2448,-0.587915
318,3.3022,-3.37721,0.401355
314,3.3022,-3.37721,0.401355
318,3.51381,-1.50568,0.165304
314,3.51381,-1.50568,0.165304
318,3.84107,-1.61158,0.841682
314,3.84107,-1.61158,0.841682
318,3.3067,-3.84659,-0.0629955
314,3.3067,-3.84659,-0.0629955
318,3.9141,-4.64275,0.84761
314,3.9141,-4.64275,0.84761
318,2.14541,-3.52379,-0.412125
314,2.14541,-3.52379,-0.412125
318,6.1819,-5.68845,1.09133
311,6.1819,-5.68845,1.09133
318,5.2771,-4.48165,0.986083
311,5.2771,-4.48165,0.986083
318,6.61104,-6.14446,1.16606
311,6.61104,-6.14446,1.16606
318,4.75772,-4.07045,0.577574
311,4.75772,-4.07045,0.577574
318,6.02401,-3.50778,0.79843
311,6.02401,-3.50778,0.79843
318,3.46147,-3.37812,-0.261009
311,3.46147,-3.37812,-0.261009
318,3.76527,-3.24137,-0.0247639
311,3.76527,-3.24137,-0.0247639
318,2.60051,-3.64005,-0.543021
317,2.60051,-3.64005,-0.543021
318,3.42313,-0.999698,-0.467261
317,3.42313,-0.999698,-0.467261
318,5.12498,-4.25184,-0.333487
313,5.12498,-4.25184,-0.333487
318,3.32194,-3.12429,-0.0217033
312,3.32194,-3.12429,-0.0217033
318,3.72445,-3.73168,0.434712
69,3.72445,-3.73168,0.434712
319,1.98812,-1.19556,0.881557
319,3.43001,-1.15792,0.341163
319,3.45239,-1.16232,0.360739
319,3.44128,-1.22476,0.356059
319,3.44163,-1.22601,0.357919
319,3.47807,-1.21007,0.363761
319,3.44124,-1.24671,0.359151
319,3.42736,-1.27236,0.344379
319,3.43477,-1.26669,0.357294
319,3.51144,-1.2012,0.365693
319,3.49882,-1.49125,0.936657
319,3.50574,-1.49365,0.930744
319,3.50533,-1.49731,0.945982
319,3.47274,-1.54701,0.964113
319,3.51806,-1.50531,0.976155
319,3.4754,-1.55345,0.966412
319,3.49455,-1.57337,1.13458
319,3.534,-1.51441,0.977673
319,3.48412,-1.59486,1.17278
319,3.48727,-1.58775,1.13996
319,3.48486,-1.59548,1.16495
319,3.47793,-1.60972,1.20253
319,3.4931,-1.59539,1.17289
319,3.48569,-1.61011,1.20775
319,3.50219,-1.59267,1.15528
319,3.48645,-1.61661,1.20083
319,3.48578,-1.61631,1.19101
319,3.49804,-1.59609,1.13109
319,3.49534,-1.6055,1.1662
319,3.51226,-1.58793,1.13627
319,3.87571,-1.12244,0.370632
319,3.54485,-1.53513,0.915282
319,3.50474,-1.61646,1.21748
319,3.55329,-1.53535,0.955418
319,3.54675,-1.53746,0.912533
319,3.83977,-1.17366,0.388504
319,3.55698,-1.54185,0.993267
319,3.55845,-1.5439,0.992562
319,3.52872,-1.61307,1.13469
319,3.57398,-1.55329,1.00928
319,3.56256,-1.5476,0.868663
319,3.56901,-1.55116,0.912399
319,3.51909,-1.4989,0.135613
319,3.58011,-1.55451,1.01018
319,3.59187,-1.58123,1.26223
319,3.52346,-1.50151,0.136476
319,3.57166,-1.55318,0.870726
319,3.58499,-1.56503,0.997778
319,3.57426,-1.5598,0.854249
319,3.57541,-1.49248,0.340518
319,3.5764,-1.60055,1.11505
319,3.61186,-1.58854,1.29154
319,3.5764,-1.60174,1.11522
319,3.54038,-1.51164,0.135003
319,3.58729,-1.49744,0.336742
319,3.60563,-1.55086,0.838662
319,3.62859,-1.52673,0.827836
319,3.635,-1.58547,1.30166
319,3.62469,-1.54102,0.840209
319,3.60693,-1.55762,0.823556
319,3.64853,-1.52191,0.848555
319,3.63483,-1.53339,0.823369
319,3.89404,-1.21988,0.39128
319,3.6368,-1.54816,0.838725
319,3.57605,-1.63262,0.99228
319,3.56961,-1.53123,0.0494336
319,3.66033,-1.60845,1.32022
319,3.67528,-1.53909,0.85376
319,3.61579,-1.63244,1.07693
319,3.62393,-1.64019,1.07542
319,4.02085,-1.15089,0.388299
319,3.60482,-1.66407,1.02929
319,3.59098,-1.55299,0.0141664
319,3.59349,-1.55645,0.0125332
319,3.60921,-1.67572,1.02898
319,3.61423,-1.68395,1.1076
319,3.61114,-1.67776,1.02786
319,3.56072,-1.60019,0.0379105
319,3.61598,-1.68382,1.08669
319,3.61124,-1.68735,1.07584
319,3.72623,-1.56825,1.03425
319,3.61263,-1.69244,1.10506
319,3.61946,-1.68452,1.09413
319,3.61395,-1.69441,1.10455
319,3.63125,-1.66793,1.03513
319,3.60888,-1.69688,1.06493
319,3.61159,-1.69835,1.08993
319,3.61733,-1.68409,1.02538
319,3.7299,-1.57232,1.02874
319,3.62328,-1.67579,0.997564
319,3.73517,-1.56555,0.997495
319,3.6242,-1.67665,0.980016
319,3.62209,-1.69885,1.10778
319,3.614,-1.7008,1.03928
319,3.62955,-1.67995,0.999165
319,3.6271,-1.68806,1.03063
319,3.74059,-1.57539,1.03771
319,3.74229,-1.5763,1.04854
319,3.62434,-1.70068,1.08916
319,3.72462,-1.5996,1.08494
319,3.62319,-1.70038,1.0572
319,3.7453,-1.57567,1.03912
319,3.73086,-1.59275,1.05755
319,3.72856,-1.60126,1.09378
319,3.58533,-1.59848,-0.0224786
319,3.73161,-1.59429,1.04448
319,3.79283,-1.56537,1.27772
319,3.72867,-1.60445,1.08268
319,3.73885,-1.59234,1.06075
319,3.64281,-1.69064,1.05111
319,3.63147,-1.71005,1.09857
319,3.75425,-1.58078,1.03899
319,3.76286,-1.57018,1.00656
319,3.63835,-1.70579,1.07557
319,3.75794,-1.5795,0.996461
319,3.59943,-1.61413,0.0500151
319,3.80331,-1.57253,1.27918
319,3.80825,-1.56671,1.2726
319,3.80453,-1.57421,1.2779
319,3.7651,-1.58265,0.978266
319,3.77826,-1.62049,1.20225
319,3.77937,-1.6201,1.20412
319,3.77914,-1.59163,0.982414
319,3.78843,-1.57044,0.873591
319,3.88571,-1.47516,0.85177
319,3.79623,-1.61262,1.20961
319,3.82717,-1.58685,1.2459
319,3.88987,-1.47134,0.840645
319,3.80417,-1.57924,0.984311
319,3.82332,-1.59681,1.2633
319,3.84319,-1.54319,1.00166
319,3.77576,-1.638,1.15598
319,3.79317,-1.62871,1.20404
319,3.8995,-1.47585,0.80773
319,3.90317,-1.47663,0.805872
319,3.9043,-1.48027,0.816914
319,3.90676,-1.49816,0.898651
319,3.89516,-1.49225,0.746331
319,3.9035,-1.49681,0.841535
319,3.86306,-1.54559,0.854956
319,3.80617,-1.5778,0.610686
319,3.89491,-1.5268,0.826689
319,3.89803,-1.52837,0.826286
319,3.88519,-1.5468,0.84548
319,3.86111,-1.55794,0.73199
319,3.91778,-1.52024,0.848408
319,3.85922,-1.5631,0.715125
319,3.92812,-1.52849,0.976355
319,3.92851,-1.50343,0.759414
319,3.93256,-1.52767,0.961531
319,3.89947,-1.54829,0.820969
319,3.88006,-1.55418,0.713796
319,3.92929,-1.52896,0.854493
319,3.91665,-1.54505,0.878951
319,3.94044,-1.5352,0.973724
319,3.91248,-1.53563,0.758461
319,3.92104,-1.54606,0.872263
319,3.94454,-1.53431,0.949442
319,3.94751,-1.53581,0.98221
319,3.93473,-1.54181,0.907177
319,3.91218,-1.5609,0.874839
319,3.9252,-1.54715,0.869525
319,3.93753,-1.54098,0.906239
319,3.93637,-1.54771,0.920265
319,3.92616,-1.53642,0.746678
319,3.89118,-1.56887,0.721593
319,3.85888,-1.7055,0.724751
319,3.91884,-1.6237,0.319167
319,2.30674,-3.20355,-0.298189
319,2.32409,-3.2,-0.30372
319,3.9754,-1.63777,0.318393
319,2.56106,-3.16382,-0.326834
319,2.56364,-3.18435,-0.334479
319,2.62664,-3.16373,-0.277238
319,2.73948,-3.18876,-0.337156
319,2.81166,-3.15582,-0.0818141
319,2.74017,-3.19849,-0.345149
319,2.80816,-3.16716,-0.0976287
319,2.88468,-3.11709,-0.0688887
319,2.78819,-3.18177,-0.363041
319,2.886,-3.1324,-0.0696068
319,2.8904,-3.12914,-0.0700608
319,2.8203,-3.16854,-0.316177
319,2.82371,-3.18605,-0.202096
319,2.83229,-3.17664,-0.352927
319,2.82857,-3.20545,-0.206274
319,2.86558,-3.18868,-0.331433
319,2.93031,-3.15449,-0.331102
319,2.95001,-3.16103,-0.311259
319,3.05623,-3.11754,-0.0441092
319,2.9825,-3.16352,-0.338769
319,3.05464,-3.12965,-0.0524182
319,3.03935,-3.15519,-0.0208297
319,3.03665,-3.1678,-0.0246811
319,3.05078,-3.15959,-0.0155451
319,3.06296,-3.15641,-0.0226157
319,3.04965,-3.17875,-0.0298721
319,3.06705,-3.20815,-0.0391697
319,3.08845,-3.12935,-0.483967
319,3.083,-3.20405,-0.0106685
319,3.05631,-3.31874,0.00582755
319,5.34473,-1.1286,0.531073
319,5.03241,-1.43884,0.377848
319,3.35179,-3.1914,0.22842
319,3.4859,-3.03896,0.0197495
319,5.41632,-1.19528,0.751281
319,5.45217,-1.19856,0.75756
319,3.52817,-3.04284,0.0318028
319,3.58589,-3.01704,0.0128602
319,3.5451,-3.05867,0.00275195
319,3.5613,-3.08025,0.0312498
319,3.56048,-3.08297,0.0250399
319,3.30264,-3.39044,0.335741
319,3.64858,-3.01327,0.0240887
319,3.57858,-3.09749,0.0134085
319,3.28789,-3.4344,0.105522
319,3.29607,-3.44755,0.130038
319,3.65928,-3.18077,0.0935317
319,3.70012,-3.17987,0.0645502
319,3.73441,-3.20497,0.361234
319,3.73594,-3.2067,0.366881
319,3.70176,-3.20821,0.05713
319,3.72945,-3.2465,0.0768877
319,3.73841,-3.23764,0.0415507
319,3.71696,-3.50962,1.47941
319,2.52531,-4.73963,0.681784
319,2.53006,-4.81886,0.693368
319,2.59525,-4.79246,0.756034
319,2.54485,-4.89946,0.885141
319,2.52714,-4.93838,0.91863
319,2.89596,-4.64985,1.2268
319,2.92402,-4.8034,1.22081
319,5.67263,-1.9311,0.297153
319,5.68314,-1.93537,0.325465
319,5.64164,-1.96651,0.218926
319,3.12654,-4.70166,1.36019
319,5.62777,-2.06739,0.226776
319,5.62712,-2.0691,0.222687
319,2.94943,-4.89895,1.22795
319,2.95114,-4.90066,1.24592
319,3.1756,-4.86875,0.988455
319,3.18436,-4.92225,1.40454
319,3.1959,-4.91998,1.4094
319,3.19383,-4.93389,1.40849
319,3.18456,-4.94761,1.41533
319,5.29165,-2.95985,0.456241
319,5.27144,-3.03456,0.473807
319,3.26644,-5.10072,0.374971
319,3.26931,-5.11054,0.355584
319,5.30564,-3.07557,0.272705
319,5.10271,-3.16965,-0.565387
319,3.85779,-4.55789,0.346466
319,3.27072,-5.15431,0.348567
319,4.94344,-3.39707,-0.507948
319,3.86503,-4.62149,0.52496
319,3.88024,-4.64697,0.529952
319,5.12256,-3.25745,-0.608233
319,3.88627,-4.65565,0.55684
319,3.91544,-4.64698,0.624116
319,3.92221,-4.64033,0.554787
319,3.91218,-4.64502,0.38975
319,3.9227,-4.66129,0.401108
319,3.92995,-4.68122,0.541629
319,3.92895,-4.69473,0.580114
319,4.10224,-4.66025,1.57622
319,3.95728,-4.74816,0.608602
319,4.02292,-4.86425,1.7632
319,4.14028,-4.73096,1.58949
319,5.02304,-3.56056,-0.588135
319,4.15193,-4.75598,1.60605
319,4.0832,-4.84812,1.77719
319,5.22287,-3.42964,-0.309411
319,4.07768,-4.86213,1.7788
319,4.08512,-4.87264,1.78142
319,5.23541,-3.45281,-0.284972
319,5.18607,-3.75247,1.52764
319,4.16914,-4.78918,1.60253
319,4.18154,-4.64348,0.464946
319,4.10565,-4.91843,1.77346
319,5.13615,-3.87252,1.5171
319,5.46963,-3.36732,0.043457
319,4.1295,-4.9497,1.80499
319,5.4722,-3.36967,0.0305974
319,4.22664,-4.89948,1.61375
319,5.71223,-3.3112,0.745209
319,5.46455,-3.65609,1.28976
319,5.24208,-3.89828,1.36241
319,5.23571,-3.91426,1.33434
319,5.45943,-3.68545,1.26654
319,5.25985,-3.99162,1.59545
319,5.35886,-3.91088,1.31131
319,5.58363,-3.73151,1.29465
319,5.844,-3.68287,2.76557
319,5.43605,-3.97271,1.29162
319,5.86273,-3.56001,1.32401
319,5.02896,-4.44048,1.55253
319,5.88726,-3.57616,1.33868
319,5.22501,-4.25947,1.2304
319,5.31212,-4.06137,0.370398
319,5.06818,-4.49209,1.5193
319,5.07931,-4.47819,1.45915
319,5.96197,-3.55894,1.16389
319,5.9401,-3.60792,1.32864
319,5.99498,-3.55004,1.21835
319,5.43717,-3.99886,0.34489
319,5.09586,-4.51069,1.46389
319,5.8017,-3.82141,1.56889
319,5.11409,-4.52072,1.43646
319,5.12394,-4.53184,1.4546
319,5.14387,-4.53073,1.57342
319,5.14329,-4.51881,1.47376
319,5.29056,-4.38045,1.54513
319,5.15024,-4.53716,1.59658
319,5.25856,-4.42796,1.54834
319,5.15539,-4.53085,1.51975
319,5.30054,-4.39355,1.51469
319,5.13597,-4.55875,1.47989
319,6.03624,-3.62395,1.10526
319,5.31847,-4.37547,1.29397
319,5.89835,-3.85703,1.61896
319,5.49677,-4.09668,0.36723
319,5.3117,-4.41842,1.29741
319,5.27184,-4.49535,1.54657
319,5.29931,-4.4769,1.5859
319,5.28385,-4.49087,1.5691
319,6.10334,-3.63042,1.20729
319,5.93072,-3.88089,1.63367
319,5.28331,-4.53095,1.62331
319,5.24575,-4.59184,1.75624
319,5.29891,-4.52447,1.59673
319,5.36527,-4.46456,1.25889
319,5.72555,-4.32105,2.76972
319,5.74571,-4.34509,2.79391
319,5.18559,-4.46752,-0.549341
319,5.35552,-4.58384,1.60679
319,5.34311,-4.61009,1.63619
319,5.72291,-4.31643,2.29653
319,5.20357,-4.46675,-0.538866
319,5.22867,-4.45376,-0.541954
319,5.23428,-4.45714,-0.487143
319,5.35279,-4.62165,1.63628
319,5.24722,-4.44851,-0.527806
319,5.22084,-4.48313,-0.547943
319,5.83178,-4.41472,2.82089
319,5.22895,-4.57333,-0.628548
319,5.36503,-4.51792,-0.0342125
319,5.32992,-4.50117,-0.455551
319,5.41195,-4.51631,0.188057
319,5.39516,-4.75302,1.81195
319,5.3999,-4.76403,1.8141
319,5.25383,-4.60199,-0.6147
319,5.28943,-4.5853,-0.546964
319,5.33615,-4.56467,-0.504774
319,5.40927,-4.5688,-0.0471398
319,5.44522,-4.56203,0.165089
319,5.41025,-4.56842,-0.34937
319,5.42766,-4.59189,-0.0879874
319,5.40698,-4.59499,-0.242801
319,5.39061,-4.60037,-0.350107
319,5.8885,-4.45966,2.3621
319,5.39569,-4.57856,-0.506402
319,5.45095,-4.55615,-0.545698
319,5.49518,-4.60208,-0.554187
319,5.9097,-4.67369,3.07671
319,3.87011,-1.61041,0.863023
318,3.87011,-1.61041,0.863023
319,4.82942,-3.23426,-0.193076
318,4.82942,-3.23426,-0.193076
319,2.71769,-1.48049,0.622981
318,2.71769,-1.48049,0.622981
319,4.00388,-1.68788,0.714956
318,4.00388,-1.68788,0.714956
319,3.96453,-1.66342,0.873204
318,3.96453,-1.66342,0.873204
319,3.55264,-1.41537,0.413394
318,3.55264,-1.41537,0.413394
319,3.40183,-2.72231,0.448137
318,3.40183,-2.72231,0.448137
319,2.5499,-3.54135,-0.14073
318,2.5499,-3.54135,-0.14073
319,4.18904,-1.83434,0.87554
318,4.18904,-1.83434,0.87554
319,4.02182,-1.79203,0.703369
318,4.02182,-1.79203,0.703369
319,4.61047,-2.29009,0.751269
318,4.61047,-2.29009,0.751269
319,3.52931,-1.51234,0.811437
315,3.52931,-1.51234,0.811437
319,4.94017,-4.13857,0.878927
315,4.94017,-4.13857,0.878927
319,5.98388,-5.17052,1.15496
315,5.98388,-5.17052,1.15496
319,3.87362,-1.56043,0.949467
315,3.87362,-1.56043,0.949467
319,3.7679,-1.73174,0.96343
315,3.7679,-1.73174,0.96343
319,3.87084,-4.4626,0.728391
315,3.87084,-4.4626,0.728391
319,6.55505,-5.07714,1.90781
315,6.55505,-5.07714,1.90781
319,4.83584,-3.34933,-0.50062
315,4.83584,-3.34933,-0.50062
319,3.80221,-1.60301,1.00545
315,3.80221,-1.60301,1.00545
319,3.69312,-1.68226,0.948032
315,3.69312,-1.68226,0.948032
319,3.23547,-3.32101,0.428077
315,3.23547,-3.32101,0.428077
319,3.77306,-1.58563,1.00063
315,3.77306,-1.58563,1.00063
319,3.94622,-1.59266,0.968192
315,3.94622,-1.59266,0.968192
319,5.7594,-4.25045,-0.803585
315,5.7594,-4.25045,-0.803585
319,3.65495,-1.6041,1.0219
315,3.65495,-1.6041,1.0219
319,3.63215,-1.64114,1.12347
315,3.63215,-1.64114,1.12347
319,3.70816,-1.69568,1.1034
315,3.70816,-1.69568,1.1034
319,3.47192,-1.41274,0.969993
315,3.47192,-1.41274,0.969993
319,3.78035,-1.59643,1.0428
315,3.78035,-1.59643,1.0428
319,3.7779,-1.57216,0.896852
315,3.7779,-1.57216,0.896852
319,5.75816,-3.65081,1.38918
315,5.75816,-3.65081,1.38918
319,3.86586,-1.54425,1.00695
315,3.86586,-1.54425,1.00695
319,5.55338,-4.67536,0.220432
316,5.55338,-4.67536,0.220432
319,2.79652,-3.28597,-0.417298
316,2.79652,-3.28597,-0.417298
319,7.41814,-6.76875,0.132691
316,7.41814,-6.76875,0.132691
319,5.21307,-3.93706,0.40902
316,5.21307,-3.93706,0.40902
319,4.03668,-1.26046,0.362057
316,4.03668,-1.26046,0.362057
319,2.93505,-3.15126,-0.327361
316,2.93505,-3.15126,-0.327361
319,2.34757,-3.14092,-0.258792
316,2.34757,-3.14092,-0.258792
319,5.69353,-4.83668,0.193949
316,5.69353,-4.83668,0.193949
319,5.65106,-1.24942,0.536014
316,5.65106,-1.24942,0.536014
319,4.72443,-2.96249,0.474545
314,4.72443,-2.96249,0.474545
319,3.99347,-1.54323,0.738986
69,3.99347,-1.54323,0.738986
319,3.92303,-4.01742,0.480643
69,3.92303,-4.01742,0.480643
319,3.62576,-1.59868,1.29541
69,3.62576,-1.59868,1.29541
319,4.98267,-3.64308,1.54918
69,4.98267,-3.64308,1.54918
319,3.13432,-3.10067,-0.559342
69,3.13432,-3.10067,-0.559342
319,3.7995,-1.63105,1.07101
69,3.7995,-1.63105,1.07101
319,3.66318,-1.60368,1.26583
69,3.66318,-1.60368,1.26583
319,3.65407,-1.50529,0.865072
69,3.65407,-1.50529,0.865072
319,3.95025,-1.67946,1.30215
69,3.95025,-1.67946,1.30215
319,3.8325,-1.50036,0.959955
69,3.8325,-1.50036,0.959955
319,3.79402,-1.61013,1.21559
69,3.79402,-1.61013,1.21559
319,5.02373,-4.17902,1.60101
69,5.02373,-4.17902,1.60101
319,5.72887,-3.46237,1.30323
69,5.72887,-3.46237,1.30323
319,3.55871,-1.52837,1.27815
69,3.55871,-1.52837,1.27815
319,5.73416,-3.4738,1.2986
69,5.73416,-3.4738,1.2986
319,3.63626,-1.49159,1.18256
69,3.63626,-1.49159,1.18256
319,3.75832,-1.54122,1.18965
69,3.75832,-1.54122,1.18965
319,3.83402,-1.81641,1.12036
69,3.83402,-1.81641,1.12036
319,3.75417,-1.5691,0.763931
311,3.75417,-1.5691,0.763931
319,2.86584,-3.11209,-0.100117
311,2.86584,-3.11209,-0.100117
319,5.17028,-3.70656,-0.546359
308,5.17028,-3.70656,-0.546359
319,5.16033,-3.21951,-0.32326
312,5.16033,-3.21951,-0.32326
319,5.29337,-4.40241,-0.546959
312,5.29337,-4.40241,-0.546959
319,3.84157,-1.59479,0.600073
202,3.84157,-1.59479,0.600073
319,5.738,-3.89215,-0.830295
317,5.738,-3.89215,-0.830295
320,2.58937,-0.958181,0.938118
320,3.43697,-1.24979,0.357906
320,3.42331,-1.2778,0.354429
320,3.45753,-1.34432,0.36281
320,3.48358,-1.59638,1.1806
320,3.45033,-1.37146,0.373924
320,3.48779,-1.61122,1.21009
320,3.51075,-1.50878,0.957856
320,3.49443,-1.60171,1.18399
320,3.45785,-1.3735,0.381497
320,3.48854,-1.60582,1.16542
320,3.52313,-1.51135,0.972083
320,3.49219,-1.60701,1.16804
320,3.49148,-1.60647,1.16243
320,3.49018,-1.61988,1.19692
320,3.49242,-1.62155,1.20829
320,3.49712,-1.62498,1.22013
320,3.52419,-1.51517,0.961019
320,3.49984,-1.61048,1.17293
320,3.49642,-1.61212,1.16378
320,3.53724,-1.51951,0.965818
320,3.53443,-1.51443,0.938291
320,3.51098,-1.62077,1.17123
320,3.54623,-1.52857,0.969065
320,3.5578,-1.54658,1.00317
320,3.58323,-1.61113,1.1193
320,3.59481,-1.57338,1.011
320,3.59881,-1.62272,1.11459
320,3.50703,-1.46172,0.344503
320,3.59754,-1.61989,1.07805
320,3.55012,-1.59051,0.805212
320,3.59291,-1.64321,1.08697
320,3.60126,-1.64605,1.0935
320,3.62065,-1.5526,0.84107
320,3.61546,-1.65071,1.08567
320,3.661,-1.53492,0.853581
320,3.59702,-1.67499,1.03703
320,3.59573,-1.674,1.02686
320,3.59484,-1.68628,1.05791
320,3.59252,-1.69102,1.06323
320,3.60154,-1.69432,1.09195
320,3.55986,-1.48856,0.337989
320,3.60053,-1.69569,1.06557
320,3.61476,-1.69083,1.08875
320,3.72176,-1.57201,1.04809
320,3.71651,-1.58752,1.07439
320,3.71423,-1.58573,1.05902
320,3.72147,-1.57156,1.03793
320,3.72612,-1.57173,1.05158
320,3.7137,-1.58527,1.05391
320,3.71301,-1.5846,1.04372
320,3.61856,-1.69347,1.08392
320,3.82236,-1.572,1.26627
320,3.82224,-1.57103,1.24024
320,3.73857,-1.60209,1.07141
320,3.76511,-1.63547,1.23304
320,3.80622,-1.60369,1.26062
320,3.53091,-1.51643,0.160273
320,3.91211,-1.23115,0.388633
320,3.77022,-1.58695,1.00056
320,3.83194,-1.61872,1.20688
320,3.80002,-1.57678,0.969802
320,3.96455,-1.23439,0.407172
320,3.81756,-1.58723,0.970664
320,3.8621,-1.55158,0.982123
320,3.88931,-1.48531,0.833304
320,3.58813,-1.55204,0.0923327
320,3.84682,-1.54627,0.836326
320,3.89421,-1.50258,0.832137
320,3.87826,-1.54,0.846739
320,3.93012,-1.54693,0.972324
320,3.60222,-1.55289,-0.00773764
320,3.56443,-1.60995,0.0494561
320,3.56752,-1.61213,0.0539374
320,3.92127,-1.56368,0.9713
320,3.93693,-1.54454,0.960554
320,3.95021,-1.54567,0.985011
320,3.59018,-1.58011,-0.00275332
320,3.92694,-1.57071,0.97828
320,3.95545,-1.35087,0.386646
320,3.58537,-1.50229,-0.294455
320,3.94154,-1.5437,0.88311
320,3.87342,-1.56931,0.722085
320,3.97455,-1.36323,0.381444
320,3.58139,-1.49607,-0.556799
320,4.01382,-1.39797,0.396766
320,3.59892,-1.69073,0.0140622
320,3.58015,-1.71332,-0.01033
320,3.59064,-1.52251,-0.598832
320,3.59415,-1.60313,-0.354967
320,3.6135,-1.5145,-0.579129
320,3.59948,-1.54008,-0.578451
320,3.61429,-1.61897,-0.368346
320,3.63455,-1.58776,-0.406637
320,4.0818,-1.42877,0.399099
320,3.62776,-1.74828,-0.00768787
320,3.24912,-1.9929,-0.572129
320,3.64204,-1.65887,-0.495366
320,2.17291,-3.1942,-0.327289
320,2.51648,-2.88847,-0.573186
320,2.42847,-3.17845,0.00939763
320,2.43022,-3.19327,0.00693524
320,2.43601,-3.19457,0.00444418
320,3.62756,-1.81749,-0.59098
320,3.41058,-2.09265,-0.561621
320,4.09822,-1.70927,0.268596
320,3.58176,-1.95571,-0.56765
320,2.69551,-3.04345,0.050817
320,2.50295,-3.21514,-0.0133741
320,3.39532,-2.12653,-0.632155
320,3.40912,-2.12715,-0.594023
320,3.41329,-2.11058,-0.635824
320,2.50578,-3.22744,-0.0174626
320,2.48709,-3.08763,-0.51163
320,3.421,-2.13901,-0.586921
320,3.40438,-2.14372,-0.646426
320,2.53729,-3.27645,-0.0256976
320,2.52724,-3.2952,-0.0243939
320,2.5608,-3.16876,-0.31615
320,2.5719,-3.18022,-0.334902
320,2.5296,-3.35009,-0.0268255
320,2.78963,-3.13876,0.0149962
320,2.8613,-3.07803,-0.0708537
320,2.73784,-3.23586,-0.0166871
320,2.71959,-3.20116,-0.308205
320,4.79378,-1.38475,0.403401
320,2.89347,-3.13179,-0.065583
320,2.89517,-3.14041,-0.0811585
320,2.81274,-3.24522,-0.0179705
320,2.81489,-3.17308,-0.314955
320,3.01493,-3.15111,0.00238532
320,2.98647,-3.18774,-0.00648713
320,3.01795,-3.16267,-0.0104101
320,3.03615,-3.12912,-0.0576324
320,3.25254,-2.9609,0.0239005
320,3.05388,-3.14203,-0.0491015
320,3.28226,-2.97085,0.03284
320,3.31555,-2.95351,0.0260302
320,4.9936,-1.42368,0.408134
320,3.3253,-2.98568,0.0519312
320,3.03811,-3.26508,0.0284024
320,3.32277,-2.98226,0.02026
320,3.32852,-2.97957,0.0207046
320,3.27101,-3.04949,-0.0197823
320,3.04824,-3.29994,0.00519812
320,3.27943,-3.06371,-0.0181857
320,3.33733,-3.02772,0.0360063
320,3.04731,-3.33507,-0.0151564
320,3.27628,-3.3339,0.346272
320,3.06946,-3.42416,-0.0364498
320,3.34879,-3.17128,-0.0234897
320,3.59566,-2.95195,0.0513324
320,3.62384,-2.93457,0.0621539
320,3.51737,-3.03165,0.0336424
320,3.53702,-3.04787,0.040265
320,5.19755,-1.49419,0.3361
320,3.34435,-3.22077,-0.0468451
320,3.56969,-3.017,0.00255913
320,3.56817,-3.0183,-0.00594169
320,3.33282,-3.24248,-0.0556152
320,3.28666,-3.48281,0.466708
320,3.52727,-3.1105,0.0531209
320,3.34602,-3.26878,-0.0703502
320,3.55844,-3.08771,0.00508392
320,3.59428,-3.16776,0.056776
320,3.63776,-3.10384,-0.00823027
320,3.58972,-3.2138,0.0424098
320,3.72868,-3.19949,0.371505
320,3.60161,-3.24041,0.0726413
320,3.60043,-3.23639,0.0526093
320,3.63039,-3.20914,0.0566936
320,3.73445,-3.20818,0.349309
320,3.73948,-3.20391,0.341646
320,3.60752,-3.24501,0.0676168
320,3.739,-3.21294,0.362852
320,4.78544,-2.2607,0.58527
320,3.71153,-3.20266,0.0801293
320,3.71954,-3.20726,0.0954689
320,3.77673,-3.25953,0.360852
320,3.77759,-3.28346,0.349085
320,3.76879,-3.3089,0.354254
320,5.50651,-1.59379,0.326711
320,3.79947,-3.30759,0.349958
320,2.55638,-4.95878,0.926985
320,2.54492,-5.04406,0.914884
320,2.91084,-4.79898,1.23027
320,5.38402,-2.01746,0.110304
320,5.47483,-2.05884,0.109885
320,3.17941,-4.87964,1.38642
320,3.20126,-4.96528,0.915986
320,3.14857,-4.89544,0.461477
320,3.20292,-4.96775,0.808121
320,3.23126,-4.86003,0.411784
320,3.90504,-4.63496,1.72404
320,3.95779,-4.60936,1.74657
320,3.18821,-4.95769,0.439783
320,3.17843,-4.97915,0.409369
320,3.27561,-4.9469,0.374743
320,3.94979,-4.72318,1.72964
320,3.93084,-4.65798,1.44865
320,3.83246,-4.49156,0.422055
320,3.95971,-4.72251,1.45687
320,3.84,-4.5048,0.429692
320,4.02475,-4.76428,1.71165
320,3.93599,-4.69382,1.19536
320,3.83619,-4.58227,0.491124
320,3.85477,-4.57547,0.508417
320,4.0465,-4.79989,1.75043
320,3.8435,-4.59291,0.508641
320,3.8538,-4.55132,0.349491
320,3.87781,-4.56431,0.412258
320,4.93988,-3.27855,-0.318182
320,4.02181,-4.52305,0.634247
320,3.27857,-5.17826,0.331342
320,5.02501,-3.17938,-0.540284
320,4.14683,-4.73603,1.52122
320,5.08958,-3.82515,1.57374
320,5.1215,-3.80846,1.57418
320,4.97776,-3.36366,-0.217765
320,5.09581,-3.83991,1.57787
320,5.18313,-3.80624,1.5568
320,5.11423,-3.89926,1.6233
320,5.18845,-3.86176,1.56389
320,5.25584,-3.82299,1.57915
320,5.15304,-3.95591,1.61536
320,5.1326,-3.97796,1.60719
320,5.14095,-3.36287,-0.287267
320,4.21661,-4.97352,1.72793
320,5.1212,-4.02589,1.5842
320,5.17692,-3.43447,-0.227928
320,4.19427,-4.66794,0.471103
320,4.17303,-4.64115,0.313565
320,4.24177,-5.05241,1.73862
320,5.1989,-3.42791,-0.296174
320,5.18846,-3.45633,-0.242289
320,5.0276,-3.52261,-0.531015
320,5.4226,-3.33308,0.0861421
320,5.03327,-3.52622,-0.538823
320,4.20544,-4.68855,0.466987
320,4.20329,-4.68705,0.455147
320,5.42774,-3.33759,0.0541015
320,5.03616,-3.5428,-0.54176
320,5.2384,-3.94973,1.27756
320,4.29682,-5.02033,1.60729
320,5.27713,-4.05334,1.47354
320,5.29194,-4.05227,1.50353
320,5.49652,-3.91533,1.63831
320,5.35116,-3.38925,-0.407296
320,5.33399,-3.3918,-0.455366
320,5.35669,-3.39346,-0.383542
320,5.27743,-4.03998,1.29957
320,5.38096,-3.96145,1.3127
320,5.71637,-3.44509,0.760264
320,5.10909,-4.36999,1.71633
320,5.37591,-3.40744,-0.420462
320,5.30872,-4.06664,1.34713
320,5.29085,-4.10866,1.30543
320,5.56457,-3.96887,1.61467
320,5.43502,-3.44254,-0.385931
320,5.32637,-4.13893,1.3366
320,5.0718,-4.4716,1.51173
320,5.29951,-4.19058,1.33647
320,5.74767,-3.84745,1.64268
320,5.07269,-4.47443,1.49472
320,5.47338,-3.99156,1.24152
320,5.71559,-3.88083,1.61555
320,5.47904,-4.02211,1.31018
320,5.28742,-4.23388,1.33958
320,5.57147,-3.95605,1.31905
320,5.14922,-4.34555,1.20993
320,5.31036,-4.25752,1.36687
320,5.31843,-4.26232,1.33487
320,5.72636,-3.95229,1.62508
320,5.2686,-4.36608,1.4948
320,5.13458,-4.56398,1.49751
320,5.33928,-4.37197,1.48953
320,5.31093,-3.78739,-0.402632
320,5.64771,-4.02886,1.30688
320,5.33044,-4.03761,0.369465
320,5.30765,-4.37534,1.31452
320,5.21359,-4.59377,1.68064
320,5.27126,-4.48352,1.50692
320,5.89996,-3.82904,1.42118
320,5.28762,-4.39459,1.282
320,5.28576,-4.36956,1.19218
320,5.15358,-4.59302,1.44968
320,5.30733,-4.4941,1.58305
320,5.35425,-4.36751,1.33423
320,5.34676,-4.44388,1.52834
320,5.30866,-4.49553,1.54618
320,5.28862,-4.45834,1.33922
320,5.93305,-3.84924,1.43303
320,5.36796,-4.38243,1.34218
320,5.93209,-3.9255,1.63761
320,5.31565,-4.42917,1.25573
320,5.95339,-3.92319,1.62401
320,5.30238,-4.51829,1.42887
320,5.32726,-4.53706,1.55786
320,5.97105,-3.91796,1.59468
320,5.35077,-4.54474,1.59579
320,5.38531,-4.43987,1.37281
320,5.33084,-4.57363,1.58302
320,5.46076,-4.03342,0.287637
320,5.35216,-4.57998,1.60614
320,5.37506,-4.58718,1.64011
320,5.48518,-4.05551,0.331894
320,5.33232,-4.6924,1.64935
320,5.38428,-4.64903,1.65863
320,5.47266,-4.75248,1.69911
320,5.49486,-4.75137,1.72461
320,5.13449,-4.37757,-0.496749
320,5.48487,-4.75409,1.69789
320,5.16004,-4.39784,-0.505907
320,5.16116,-4.38639,-0.538865
320,5.52108,-4.80694,1.71336
320,5.24212,-4.44014,-0.28666
320,5.16872,-4.44234,-0.538838
320,5.54142,-4.93588,1.83066
320,5.26611,-4.48081,-0.525939
320,5.34577,-4.50224,-0.350483
320,5.34868,-4.51005,-0.411478
320,5.379,-4.53331,-0.30935
320,5.39175,-4.55182,-0.364009
320,5.34755,-4.60871,-0.326325
320,5.3407,-4.60454,-0.374262
320,5.3573,-4.61301,-0.325561
320,5.4445,-4.59322,-0.364486
320,5.44331,-4.61473,-0.312864
320,5.47766,-4.62427,-0.349622
320,5.45976,-4.59516,-0.673262
320,5.47953,-4.61309,-0.613822
320,5.50845,-4.63123,-0.642112
320,5.55619,-4.71891,-0.341659
320,3.57737,-1.61222,1.21626
319,3.57737,-1.61222,1.21626
320,3.50609,-1.57938,1.22055
319,3.50609,-1.57938,1.22055
320,5.0795,-3.2361,-0.603237
319,5.0795,-3.2361,-0.603237
320,3.67364,-1.69165,1.10572
319,3.67364,-1.69165,1.10572
320,4.62629,-3.79039,-0.309734
319,4.62629,-3.79039,-0.309734
320,3.52215,-3.76977,0.952963
319,3.52215,-3.76977,0.952963
320,3.59062,-1.63598,1.25593
319,3.59062,-1.63598,1.25593
320,3.58666,-1.61051,0.917532
319,3.58666,-1.61051,0.917532
320,3.92123,-1.59377,0.955649
319,3.92123,-1.59377,0.955649
320,3.49298,-1.57868,1.21465
319,3.49298,-1.57868,1.21465
320,3.51225,-1.58492,1.23494
319,3.51225,-1.58492,1.23494
320,3.6508,-1.66063,1.07757
319,3.6508,-1.66063,1.07757
320,3.89649,-1.72025,1.25685
319,3.89649,-1.72025,1.25685
320,3.63682,-1.70599,1.13587
319,3.63682,-1.70599,1.13587
320,3.74212,-1.64498,1.1208
319,3.74212,-1.64498,1.1208
320,3.51418,-1.50184,1.15222
319,3.51418,-1.50184,1.15222
320,3.64236,-1.61722,1.26686
319,3.64236,-1.61722,1.26686
320,3.61275,-1.68967,1.13336
319,3.61275,-1.68967,1.13336
320,3.81162,-1.68554,1.13224
319,3.81162,-1.68554,1.13224
320,3.90553,-1.72042,1.25783
319,3.90553,-1.72042,1.25783
320,3.63514,-1.6484,0.941999
319,3.63514,-1.6484,0.941999
320,3.60692,-1.5786,0.867518
319,3.60692,-1.5786,0.867518
320,3.58066,-1.55713,1.24602
319,3.58066,-1.55713,1.24602
320,3.55711,-1.60068,1.21616
319,3.55711,-1.60068,1.21616
320,3.62677,-1.6611,1.25352
319,3.62677,-1.6611,1.25352
320,5.10857,-3.62268,-0.536656
319,5.10857,-3.62268,-0.536656
320,3.62194,-1.69678,1.13557
319,3.62194,-1.69678,1.13557
320,3.51271,-1.57198,1.20852
319,3.51271,-1.57198,1.20852
320,3.95374,-1.66652,0.873314
319,3.95374,-1.66652,0.873314
320,3.54931,-1.61818,1.23507
319,3.54931,-1.61818,1.23507
320,3.38094,-1.23983,0.379526
319,3.38094,-1.23983,0.379526
320,3.65597,-1.58718,0.977659
319,3.65597,-1.58718,0.977659
320,3.49995,-1.50238,1.00113
319,3.49995,-1.50238,1.00113
320,3.84798,-1.79079,1.12891
319,3.84798,-1.79079,1.12891
320,3.77104,-1.66687,1.28522
319,3.77104,-1.66687,1.28522
320,3.87023,-1.72894,1.35896
319,3.87023,-1.72894,1.35896
320,4.21412,-1.69445,0.987985
319,4.21412,-1.69445,0.987985
320,4.26804,-1.74757,0.29021
319,4.26804,-1.74757,0.29021
320,3.57983,-1.23557,0.348948
319,3.57983,-1.23557,0.348948
320,4.37413,-2.18837,1.08691
319,4.37413,-2.18837,1.08691
320,3.75203,-1.55294,0.774524
319,3.75203,-1.55294,0.774524
320,3.82738,-1.66835,1.21011
319,3.82738,-1.66835,1.21011
320,3.45907,-1.50073,1.19753
319,3.45907,-1.50073,1.19753
320,4.06301,-1.63095,0.843609
319,4.06301,-1.63095,0.843609
320,4.03223,-1.65601,0.971916
315,4.03223,-1.65601,0.971916
320,5.37868,-3.68526,1.31887
315,5.37868,-3.68526,1.31887
320,2.80518,-3.21431,-0.597284
315,2.80518,-3.21431,-0.597284
320,3.5033,-3.25019,-0.00836358
315,3.5033,-3.25019,-0.00836358
320,3.77869,-1.64941,1.22012
315,3.77869,-1.64941,1.22012
320,3.79911,-1.61606,1.0406
315,3.79911,-1.61606,1.0406
320,3.53737,-1.2204,0.359293
315,3.53737,-1.2204,0.359293
320,4.0208,-1.64206,0.977366
315,4.0208,-1.64206,0.977366
320,3.58777,-3.60993,0.45738
315,3.58777,-3.60993,0.45738
320,5.07567,-3.36528,-0.562818
315,5.07567,-3.36528,-0.562818
320,3.00709,-3.17518,-0.181335
315,3.00709,-3.17518,-0.181335
320,3.95262,-1.58267,0.710047
315,3.95262,-1.58267,0.710047
320,3.53068,-3.3249,-0.0308683
318,3.53068,-3.3249,-0.0308683
320,3.24146,-3.31391,-0.0906928
318,3.24146,-3.31391,-0.0906928
320,4.93906,-3.45534,-0.503576
318,4.93906,-3.45534,-0.503576
320,3.66633,-2.30357,-0.717724
318,3.66633,-2.30357,-0.717724
320,3.75999,-1.51901,0.396048
318,3.75999,-1.51901,0.396048
320,3.16339,-3.32492,-0.0577741
316,3.16339,-3.32492,-0.0577741
320,3.62002,-1.56651,1.10015
69,3.62002,-1.56651,1.10015
320,3.39125,-1.54782,1.20296
69,3.39125,-1.54782,1.20296
320,5.43041,-4.42862,1.54569
69,5.43041,-4.42862,1.54569
320,3.45221,-1.46698,0.36525
69,3.45221,-1.46698,0.36525
320,3.81296,-1.59137,0.976953
69,3.81296,-1.59137,0.976953
320,3.37843,-1.53671,1.21282
69,3.37843,-1.53671,1.21282
320,3.68693,-1.55155,1.0305
69,3.68693,-1.55155,1.0305
320,3.65012,-1.65497,1.23815
69,3.65012,-1.65497,1.23815
320,3.71751,-1.6094,1.2193
69,3.71751,-1.6094,1.2193
320,3.61708,-1.61563,1.23961
69,3.61708,-1.61563,1.23961
320,3.55735,-1.54897,1.27485
69,3.55735,-1.54897,1.27485
320,3.65333,-1.63879,1.2426
69,3.65333,-1.63879,1.2426
320,3.5936,-1.46868,0.90011
69,3.5936,-1.46868,0.90011
320,3.9948,-1.69645,0.865275
69,3.9948,-1.69645,0.865275
320,3.27072,-1.17612,0.898348
69,3.27072,-1.17612,0.898348
320,5.38561,-4.47532,0.21963
314,5.38561,-4.47532,0.21963
321,2.32805,-1.32814,-0.630324
321,2.17577,-1.49473,-0.626834
321,2.03314,-1.64832,-0.617042
321,2.03202,-1.66143,-0.606446
321,2.03929,-1.65314,-0.611706
321,2.44854,-1.27721,-0.618945
321,2.52772,-1.2394,-0.596754
321,2.4562,-1.30816,-0.594119
321,1.88701,-1.80158,-0.624755
321,2.46307,-1.28671,-0.616198
321,2.45835,-1.30935,-0.603518
321,2.46898,-1.28906,-0.619214
321,1.91848,-1.80983,-0.60945
321,1.91467,-1.81192,-0.614366
321,2.47149,-1.31628,-0.606739
321,2.25332,-1.52327,-0.599464
321,2.25637,-1.51253,-0.61222
321,2.25508,-1.51486,-0.611956
321,3.42244,-1.27483,0.365462
321,2.48266,-1.31642,-0.608306
321,2.55954,-1.27002,-0.588359
321,2.26015,-1.51753,-0.61882
321,2.55557,-1.27934,-0.5861
321,2.62424,-1.20038,-0.608987
321,2.60283,-1.21291,-0.620164
321,2.55598,-1.28343,-0.588391
321,2.67115,-1.13581,-0.64103
321,2.29848,-1.50903,-0.603512
321,2.60665,-1.213,-0.626014
321,2.39244,-1.44241,-0.591336
321,2.63151,-1.20578,-0.614223
321,2.67393,-1.13722,-0.651398
321,2.62885,-1.20565,-0.61945
321,2.39682,-1.44746,-0.59368
321,3.49394,-1.2435,0.352237
321,2.30139,-1.52193,-0.618256
321,3.42824,-0.522401,-0.592669
321,2.61781,-1.26367,-0.590534
321,3.43144,-0.523007,-0.592377
321,2.41274,-1.42709,-0.627403
321,2.60201,-1.23325,-0.661626
321,2.62156,-1.26818,-0.603248
321,2.61019,-1.22999,-0.666313
321,2.43143,-1.43554,-0.628281
321,2.61668,-1.23663,-0.665848
321,2.66019,-1.27979,-0.57597
321,2.62311,-1.24108,-0.672218
321,2.69434,-1.24361,-0.600296
321,2.68012,-1.26833,-0.613274
321,2.70024,-1.25588,-0.61817
321,2.31082,-1.72111,-0.613971
321,2.3203,-1.72149,-0.613754
321,3.51655,-1.46539,0.369296
321,2.32894,-1.7285,-0.606123
321,2.85422,-1.24126,-0.619266
321,2.33207,-1.72607,-0.612294
321,2.8565,-1.24088,-0.622083
321,3.51804,-1.47067,0.36671
321,2.84385,-1.27731,-0.596203
321,2.85801,-1.24819,-0.617332
321,2.86731,-1.23227,-0.643236
321,2.55001,-1.57446,-0.601371
321,2.56772,-1.55309,-0.609985
321,2.55584,-1.57457,-0.599412
321,2.55789,-1.57493,-0.603958
321,2.56985,-1.55575,-0.614406
321,2.65829,-1.48779,-0.615149
321,2.57653,-1.559,-0.619515
321,2.67297,-1.49267,-0.623311
321,3.91385,-1.23929,0.383085
321,2.32315,-1.9148,-0.589633
321,2.32129,-1.90888,-0.602096
321,2.31917,-1.9069,-0.606854
321,2.32007,-1.90695,-0.607565
321,2.32294,-1.91153,-0.615998
321,3.0572,-1.25673,-0.608806
321,3.05635,-1.24672,-0.626803
321,3.45071,-1.01285,-0.516004
321,3.93295,-1.34007,0.389625
321,2.69444,-1.66939,-0.59908
321,3.43831,-1.10011,-0.47758
321,2.73066,-1.66172,-0.593799
321,2.73179,-1.65684,-0.61676
321,2.73424,-1.66724,-0.603213
321,3.51585,-1.03458,-0.522926
321,2.7429,-1.67943,-0.622351
321,3.25677,-1.23998,-0.611081
321,3.26248,-1.22867,-0.623314
321,3.26251,-1.24278,-0.610427
321,2.35489,-2.12261,-0.593287
321,3.02731,-1.49934,-0.607317
321,2.33896,-2.12525,-0.616441
321,2.34973,-2.12166,-0.613315
321,2.34867,-2.12214,-0.614259
321,3.02624,-1.51201,-0.608144
321,3.59183,-1.56338,0.0616366
321,2.39446,-2.10744,-0.590404
321,3.61616,-1.58083,0.0892437
321,3.29936,-1.25797,-0.653887
321,3.60833,-1.567,0.042991
321,3.62217,-1.58346,0.0707311
321,3.57915,-1.57734,0.0157518
321,3.59628,-1.62235,0.0650648
321,3.58546,-1.62151,0.0452545
321,3.59649,-1.59085,0.0111819
321,2.39589,-2.14417,-0.636218
321,3.61125,-1.59945,0.0147115
321,2.85697,-1.7935,-0.57399
321,2.85332,-1.78222,-0.597032
321,3.59058,-1.65759,0.0439138
321,3.41143,-1.37891,-0.509173
321,2.88083,-1.79425,-0.597335
321,2.89672,-1.77698,-0.604893
321,3.44172,-1.38286,-0.509389
321,3.43281,-1.38197,-0.526617
321,2.8955,-1.80558,-0.611293
321,2.91844,-1.77763,-0.631232
321,3.57736,-1.72499,0.0148688
321,3.58222,-1.72767,0.0159671
321,2.9108,-1.81077,-0.635965
321,2.38587,-2.33047,-0.622216
321,2.40926,-2.32425,-0.613915
321,4.26107,-1.47176,0.374729
321,3.22661,-2.53827,0.512697
321,2.42591,-2.32338,-0.612681
321,2.43055,-2.32444,-0.610032
321,2.42814,-2.32822,-0.613591
321,2.42233,-2.32135,-0.63807
321,2.40872,-2.34688,-0.627193
321,3.51102,-1.44915,-0.515307
321,3.50399,-1.45755,-0.515849
321,2.39065,-2.43761,-0.565255
321,3.53402,-1.4601,-0.49144
321,3.51361,-1.45791,-0.529491
321,2.40926,-2.45132,-0.571301
321,2.41934,-2.46929,-0.578771
321,1.94845,-3.24086,-0.172044
321,3.06123,-1.87623,-0.591659
321,2.40782,-2.48048,-0.599327
321,2.40515,-2.50148,-0.612928
321,3.54965,-1.53323,-0.552734
321,1.96626,-3.19884,-0.297427
321,2.41952,-2.52274,-0.612046
321,2.41388,-2.52069,-0.623088
321,2.19028,-3.24083,-0.0851611
321,1.99758,-3.27867,-0.34424
321,3.19048,-1.99884,-0.576157
321,3.19233,-1.99946,-0.58027
321,2.19411,-3.30808,-0.117128
321,2.28955,-3.24886,-0.092721
321,2.10522,-3.22604,-0.322227
321,2.16956,-3.18433,-0.308168
321,4.73678,-1.43121,0.386667
321,3.23635,-1.98333,-0.588694
321,3.20781,-2.01226,-0.588244
321,2.43902,-2.70764,-0.613282
321,2.4506,-2.71186,-0.599706
321,2.4446,-2.71167,-0.607018
321,3.21323,-2.02134,-0.595491
321,3.24401,-1.99211,-0.596947
321,2.1741,-3.21201,-0.313057
321,3.5008,-1.75214,-0.617403
321,3.49614,-1.74745,-0.635935
321,2.44784,-2.71924,-0.618149
321,3.23739,-2.00157,-0.62788
321,3.25377,-2.00804,-0.616219
321,2.18477,-3.23203,-0.324172
321,2.09665,-3.29697,-0.345489
321,2.10798,-3.29322,-0.357088
321,2.35567,-3.13179,-0.28211
321,3.26771,-2.03583,-0.641975
321,2.47327,-3.23784,-0.0829277
321,2.48189,-2.83775,-0.565554
321,2.3872,-3.24738,-0.18497
321,3.60838,-1.80416,-0.584614
321,3.59594,-1.81138,-0.591269
321,3.61439,-1.81264,-0.594915
321,3.57598,-1.78413,-0.676918
321,2.39688,-3.27372,-0.200243
321,3.62902,-1.82811,-0.590908
321,3.29324,-2.09165,-0.655713
321,3.63542,-1.82079,-0.609023
321,2.50323,-2.88548,-0.5876
321,3.59714,-1.92291,-0.56538
321,2.33034,-3.18082,-0.45879
321,3.47839,-2.00295,-0.615058
321,2.32583,-3.18204,-0.474827
321,3.4794,-2.00925,-0.619934
321,2.56489,-3.12496,-0.290514
321,2.57273,-3.2259,-0.188004
321,2.59149,-3.16324,-0.2507
321,2.58278,-3.24308,-0.176063
321,3.5978,-1.97353,-0.585589
321,3.51528,-2.02496,-0.625801
321,3.59918,-1.9735,-0.596563
321,2.17463,-3.27008,-0.608292
321,2.18005,-3.27668,-0.603039
321,3.61118,-1.98458,-0.591838
321,3.49827,-2.13922,-0.533365
321,2.47681,-3.1931,-0.39418
321,2.66201,-3.21522,-0.17996
321,3.44109,-2.13567,-0.619664
321,2.71047,-3.18884,-0.168182
321,2.56699,-3.19324,-0.321349
321,2.56689,-3.19682,-0.326684
321,2.82779,-3.19587,-0.0894731
321,2.47994,-3.23947,-0.416027
321,2.79442,-3.22651,-0.105228
321,2.88837,-3.16281,-0.0850419
321,2.82769,-3.21355,-0.0926962
321,2.58259,-3.23561,-0.333602
321,2.72219,-3.14527,-0.304587
321,2.89412,-3.17349,-0.0935857
321,2.82075,-3.1833,-0.173659
321,2.72052,-3.18049,-0.320682
321,2.45339,-3.21349,-0.58219
321,3.57828,-2.19416,-0.591139
321,3.55903,-2.2196,-0.58703
321,2.91484,-3.16267,-0.165345
321,3.56069,-2.22163,-0.594761
321,2.45092,-3.23154,-0.598232
321,2.83977,-3.28062,-0.123428
321,2.9878,-3.12691,-0.15371
321,2.45077,-3.25603,-0.583136
321,3.2606,-3.03714,0.00310975
321,2.99025,-3.14803,-0.164131
321,3.60296,-2.21806,-0.613446
321,5.25639,-1.52642,0.340709
321,3.2865,-3.04422,-0.029887
321,3.29447,-3.36437,0.356144
321,3.27728,-3.09817,0.01743
321,5.60161,-1.32512,0.404179
321,3.36546,-3.21185,0.219878
321,3.38373,-3.21268,0.23764
321,2.96734,-3.13959,-0.302551
321,3.27696,-3.12528,0.0118161
321,3.29448,-3.09137,-0.0122725
321,2.97649,-3.13857,-0.303274
321,3.30763,-3.06821,-0.0468061
321,3.43289,-3.01009,0.0114774
321,3.42785,-3.014,0.00497442
321,3.40724,-3.04258,0.0110353
321,3.35721,-3.19413,0.136237
321,3.30771,-3.14548,0.00307524
321,3.68215,-3.13578,0.389231
321,3.24646,-3.29065,0.0761725
321,3.53067,-2.98077,0.0148695
321,5.44396,-1.51695,0.341594
321,3.36708,-3.22692,0.113792
321,3.38835,-3.12585,0.0125223
321,3.27694,-3.23641,0.0172731
321,3.53214,-3.00797,0.00902838
321,3.53902,-3.01063,0.0153164
321,3.36517,-3.11831,-0.0532312
321,3.11242,-3.33836,-0.0711902
321,2.7952,-3.19355,-0.587534
321,3.57268,-3.00346,0.0291203
321,3.41176,-3.13964,-0.00543797
321,2.75208,-3.29278,-0.538664
321,3.73417,-3.18262,0.394129
321,3.38449,-3.25968,0.102247
321,3.36495,-3.13713,-0.0659264
321,3.28961,-3.27411,-0.0082128
321,3.28941,-3.31103,0.0287511
321,3.26458,-3.29184,-0.0224717
321,3.28273,-3.35595,0.0706927
321,3.27591,-3.41852,0.129853
321,3.09461,-3.46302,-0.0141858
321,3.30346,-3.28442,-0.000784576
321,3.10511,-3.46,-0.0146983
321,3.32075,-3.30094,0.029009
321,3.29681,-3.33798,0.0416203
321,3.6255,-3.04001,0.0405694
321,3.11559,-3.4595,-0.0216814
321,3.28488,-3.43542,0.129156
321,3.74912,-3.22488,0.369947
321,3.29418,-3.45137,0.140751
321,3.1036,-3.49777,-0.0222466
321,3.27677,-3.33893,-0.0298156
321,3.50971,-3.47455,0.372387
321,2.77534,-3.3586,-0.564403
321,3.27923,-3.35216,-0.0261883
321,3.13304,-3.48295,-0.0375025
321,3.31561,-3.36206,0.0155946
321,3.11205,-3.17651,-0.428637
321,3.57208,-3.17282,0.0587343
321,3.21549,-2.99137,-0.549825
321,3.30978,-3.42286,0.0621938
321,3.32711,-3.37371,0.0133158
321,3.2509,-2.98083,-0.540307
321,3.5903,-3.17967,0.0597161
321,3.33016,-3.42617,0.064859
321,3.26986,-3.37002,-0.0716978
321,3.13063,-3.20723,-0.445224
321,3.70785,-3.06507,0.00466591
321,3.54934,-2.77815,-0.510127
321,3.16638,-3.12788,-0.545791
321,3.72378,-3.05094,-0.0379725
321,3.12709,-3.1631,-0.564097
321,3.56512,-2.81951,-0.515807
321,3.10829,-3.19202,-0.575459
321,3.17422,-3.19691,-0.511359
321,3.73434,-3.10984,-0.00780433
321,3.09216,-3.19111,-0.610468
321,3.18721,-3.19152,-0.51432
321,3.2994,-3.40192,-0.1461
321,3.14574,-3.26199,-0.481913
321,3.15254,-3.26012,-0.483739
321,3.18794,-3.62883,-0.0203291
321,3.56611,-2.86469,-0.531303
321,3.73749,-3.22349,0.0773959
321,3.19902,-3.1731,-0.576709
321,3.11487,-3.23398,-0.626537
321,3.0245,-4.22884,0.397557
321,3.60843,-2.91271,-0.555576
321,3.61029,-2.91668,-0.568702
321,3.61876,-2.93932,-0.564136
321,3.03061,-4.29565,0.407546
321,3.62935,-2.94099,-0.566835
321,2.55786,-4.9037,0.548997
321,2.63038,-4.95599,0.633284
321,5.72425,-1.9541,0.302679
321,5.78478,-1.96808,0.297194
321,3.08358,-4.59214,0.362249
321,3.1043,-4.61244,0.375804
321,3.0983,-4.63311,0.346469
321,5.75361,-2.13767,0.182255
321,3.15643,-4.80327,0.426557
321,3.16611,-4.88632,0.423118
321,3.78265,-4.39133,0.385227
321,5.30281,-3.04388,0.326648
321,5.36431,-3.12493,0.298967
321,3.83084,-4.62181,0.357303
321,3.89831,-4.61512,0.415854
321,3.83596,-4.63747,0.355379
321,3.83966,-4.63878,0.351405
321,4.15705,-4.43285,0.434444
321,4.16044,-4.43072,0.434051
321,4.17875,-4.47788,0.420103
321,3.90721,-4.68743,0.354835
321,4.21758,-4.5396,0.429056
321,4.19444,-4.52018,0.370678
321,4.16074,-4.61145,0.306739
321,5.09102,-3.45062,-0.249374
321,4.2188,-4.70907,0.270696
321,5.09611,-3.29191,-0.540036
321,5.15528,-3.50483,-0.276663
321,5.52507,-3.428,0.0134885
321,5.12941,-3.28859,-0.599907
321,5.21479,-3.50466,-0.272813
321,5.36944,-3.26378,-0.431856
321,4.99093,-3.53767,-0.548997
321,5.00573,-3.52377,-0.549726
321,5.18767,-3.3145,-0.610714
321,5.37419,-3.37936,-0.338738
321,5.04952,-3.57992,-0.480974
321,5.13779,-3.43123,-0.576739
321,5.32905,-3.5234,-0.298959
321,5.29621,-3.555,-0.316263
321,5.23838,-3.34838,-0.63484
321,5.33433,-3.40899,-0.464391
321,5.44741,-3.31192,-0.457735
321,5.3434,-3.56976,-0.30968
321,5.0724,-3.61147,-0.573899
321,5.28043,-3.58192,-0.390016
321,5.15275,-3.6281,-0.579175
321,5.19769,-3.65974,-0.588147
321,5.23878,-4.50271,-0.32131
321,5.41707,-4.58336,-0.0449595
321,5.47559,-4.62699,0.0183272
321,5.35415,-4.4259,-0.356917
321,2.63336,-1.21147,-0.664379
316,2.63336,-1.21147,-0.664379
321,2.24736,-1.51012,-0.625492
316,2.24736,-1.51012,-0.625492
321,4.60168,-3.59101,0.351009
316,4.60168,-3.59101,0.351009
321,5.96731,-5.2982,-0.596994
316,5.96731,-5.2982,-0.596994
321,3.46306,-3.22614,-0.0446838
316,3.46306,-3.22614,-0.0446838
321,2.48142,-3.27717,-0.660936
316,2.48142,-3.27717,-0.660936
321,3.45361,-2.1453,-0.633686
316,3.45361,-2.1453,-0.633686
321,3.37174,-3.5294,0.32393
316,3.37174,-3.5294,0.32393
321,3.51516,-3.78031,0.302702
316,3.51516,-3.78031,0.302702
321,3.58469,-3.18921,-0.0262548
316,3.58469,-3.18921,-0.0262548
321,2.38158,-1.9743,-0.667528
316,2.38158,-1.9743,-0.667528
321,3.39454,-0.527569,-0.543325
316,3.39454,-0.527569,-0.543325
321,3.25278,-3.08362,-0.592737
314,3.25278,-3.08362,-0.592737
321,3.02158,-3.24166,-0.284164
314,3.02158,-3.24166,-0.284164
321,3.44185,-3.34284,-0.529162
314,3.44185,-3.34284,-0.529162
321,3.26284,-3.1054,-0.599585
314,3.26284,-3.1054,-0.599585
321,3.30947,-3.47372,0.363088
314,3.30947,-3.47372,0.363088
321,5.17807,-3.47849,-0.605229
314,5.17807,-3.47849,-0.605229
321,3.35221,-0.723369,-0.569081
314,3.35221,-0.723369,-0.569081
321,3.37864,-3.22753,-0.420096
314,3.37864,-3.22753,-0.420096
321,2.60488,-3.22941,-0.27722
314,2.60488,-3.22941,-0.27722
321,3.50091,-2.21361,-0.676234
314,3.50091,-2.21361,-0.676234
321,3.45468,-3.21394,0.387357
311,3.45468,-3.21394,0.387357
321,1.89956,-3.30413,-0.652927
311,1.89956,-3.30413,-0.652927
321,1.89789,-3.31011,-0.653102
311,1.89789,-3.31011,-0.653102
321,3.56544,-1.81326,-0.636443
317,3.56544,-1.81326,-0.636443
321,2.59696,-3.25366,-0.283697
317,2.59696,-3.25366,-0.283697
321,1.92043,-3.37198,-0.681219
317,1.92043,-3.37198,-0.681219
321,2.19489,-3.33876,-0.646251
317,2.19489,-3.33876,-0.646251
321,3.44596,-1.19113,-0.487387
315,3.44596,-1.19113,-0.487387
321,2.24106,-3.34724,-0.542723
315,2.24106,-3.34724,-0.542723
321,3.39881,-3.63718,0.415447
315,3.39881,-3.63718,0.415447
321,3.30614,-3.40329,-0.14825
315,3.30614,-3.40329,-0.14825
321,3.29056,-3.15845,0.0629406
318,3.29056,-3.15845,0.0629406
321,3.2708,-3.40845,0.127339
318,3.2708,-3.40845,0.127339
321,3.18799,-3.0402,0.0826803
318,3.18799,-3.0402,0.0826803
321,3.34284,-3.17098,-0.354423
318,3.34284,-3.17098,-0.354423
321,3.42511,-3.71875,0.0751195
318,3.42511,-3.71875,0.0751195
321,4.6464,-3.03289,-0.087361
318,4.6464,-3.03289,-0.087361
321,3.46891,-3.80994,0.0587201
318,3.46891,-3.80994,0.0587201
321,2.40534,-3.09489,-0.500188
318,2.40534,-3.09489,-0.500188
321,5.46433,-3.91564,-0.498465
312,5.46433,-3.91564,-0.498465
321,5.35218,-3.81672,-0.478113
312,5.35218,-3.81672,-0.478113
321,3.42836,-1.00288,-0.50137
312,3.42836,-1.00288,-0.50137
321,3.24681,-3.47995,0.522001
312,3.24681,-3.47995,0.522001
321,3.39321,-3.09989,0.0026468
319,3.39321,-3.09989,0.0026468
321,1.96973,-0.706617,0.785553
319,1.96973,-0.706617,0.785553
321,3.09011,-3.13392,-0.491667
319,3.09011,-3.13392,-0.491667
321,5.67108,-2.08484,0.21135
319,5.67108,-2.08484,0.21135
322,2.40184,-1.18049,-0.61064
322,2.12094,-1.45034,-0.597706
322,2.51139,-1.11919,-0.60925
322,2.49971,-1.21071,-0.568343
322,2.13355,-1.46589,-0.642675
322,2.16515,-1.49064,-0.607352
322,3.44645,-1.25576,0.355706
322,2.36232,-1.39649,-0.557439
322,3.45233,-1.25633,0.346929
322,2.52767,-1.24402,-0.581975
322,2.04113,-1.64608,-0.601005
322,1.88819,-1.78742,-0.594709
322,2.23942,-1.48659,-0.595184
322,2.61325,-1.23655,-0.522043
322,2.61136,-1.18472,-0.596746
322,2.62152,-1.20485,-0.629665
322,2.62781,-1.27883,-0.549953
322,2.29326,-1.51682,-0.607555
322,2.38871,-1.43958,-0.608337
322,1.79438,-1.95547,-0.605797
322,1.63167,-2.08407,-0.632407
322,2.30342,-1.52931,-0.621948
322,2.64419,-1.28314,-0.575953
322,1.66749,-2.10202,-0.602053
322,1.53709,-2.23919,-0.581703
322,2.71253,-1.15464,-0.712221
322,2.72275,-1.16456,-0.69169
322,2.28408,-1.67593,-0.546189
322,2.81137,-1.26427,-0.535107
322,2.82138,-1.2543,-0.558335
322,2.51468,-1.52638,-0.573264
322,3.82894,-1.52902,0.705794
322,3.81982,-1.56396,0.730622
322,2.73391,-1.27602,-0.664552
322,2.83334,-1.22941,-0.629702
322,2.70951,-1.31021,-0.669951
322,2.99125,-1.2294,-0.529137
322,2.86237,-1.24407,-0.643949
322,2.8608,-1.28714,-0.599482
322,2.33485,-1.73198,-0.616544
322,2.86191,-1.24608,-0.653829
322,3.94795,-1.22697,0.341198
322,2.87479,-1.25903,-0.679148
322,2.57275,-1.57574,-0.64745
322,2.31064,-1.89159,-0.612777
322,2.3517,-1.77927,-0.71378
322,2.59096,-1.60986,-0.67803
322,3.46037,-1.12065,-0.451495
322,3.4969,-1.02441,-0.529155
322,3.82752,-1.55317,0.351158
322,3.4713,-1.12485,-0.491499
322,2.7281,-1.67598,-0.605159
322,2.37889,-1.95413,-0.641447
322,3.48514,-1.12758,-0.509544
322,2.32851,-2.06343,-0.583359
322,4.10347,-1.30494,0.284278
322,2.73812,-1.67142,-0.642794
322,2.75533,-1.69467,-0.626331
322,3.5768,-1.61604,0.0605747
322,4.14104,-1.34751,0.303402
322,4.26286,-1.25384,0.314528
322,3.28674,-1.2414,-0.662448
322,2.75093,-1.7125,-0.658322
322,3.60302,-1.55269,-0.0150056
322,3.30055,-1.26784,-0.668184
322,2.85575,-1.75998,-0.545739
322,3.31145,-1.25086,-0.700946
322,3.51273,-1.46729,-0.293439
322,3.59871,-1.62343,-0.0399668
322,3.61201,-1.61874,-0.0484449
322,2.36905,-2.25771,-0.549772
322,1.88027,-3.16413,-0.0258398
322,3.51483,-1.45126,-0.451312
322,3.47022,-1.40438,-0.558216
322,2.38024,-2.30466,-0.628129
322,2.28135,-2.83155,-0.138296
322,2.92563,-1.82858,-0.661449
322,3.70416,-1.11984,-0.705507
322,3.51469,-1.45581,-0.525515
322,3.60203,-1.55602,-0.330184
322,2.30042,-2.83404,-0.151817
322,3.52036,-1.4688,-0.524681
322,3.51892,-1.47228,-0.536759
322,2.42093,-2.53114,-0.496336
322,2.31378,-2.91243,-0.178393
322,2.16082,-3.00105,-0.230979
322,3.75405,-1.8207,-0.0662423
322,3.55057,-1.52298,-0.657413
322,3.64066,-1.63997,-0.43829
322,3.62191,-1.63992,-0.4712
322,2.10564,-3.11455,-0.28497
322,1.96155,-3.24555,-0.320838
322,1.83433,-3.39896,-0.273723
322,1.73575,-3.34548,-0.497214
322,2.44286,-2.73209,-0.51391
322,2.48251,-2.58733,-0.657215
322,2.28513,-3.28143,-0.102085
322,2.29839,-3.27213,-0.10373
322,1.83242,-3.50109,-0.313256
322,2.43698,-2.78349,-0.551596
322,2.26256,-3.35918,-0.116627
322,2.29647,-3.31839,-0.135471
322,2.29959,-3.33272,-0.132856
322,1.96549,-3.49293,-0.278243
322,3.75222,-1.75925,-0.527676
322,3.57436,-1.80303,-0.65445
322,2.21516,-3.40547,-0.16696
322,2.30383,-3.34865,-0.148097
322,3.62688,-1.81814,-0.609512
322,3.58029,-1.79623,-0.696926
322,3.64437,-1.83757,-0.602096
322,3.60343,-1.82358,-0.666381
322,2.21653,-3.45697,-0.173463
322,3.65421,-1.83744,-0.614485
322,2.20754,-3.46515,-0.186862
322,2.87298,-2.89073,-0.195984
322,3.60393,-1.9226,-0.586247
322,2.17701,-3.49019,-0.201694
322,4.81978,-1.62592,0.256545
322,3.39614,-2.11295,-0.600361
322,3.56996,-1.92076,-0.651451
322,3.31425,-2.4763,-0.273025
322,3.40267,-2.13676,-0.614871
322,2.88704,-2.92276,-0.228965
322,2.48843,-3.04104,-0.500958
322,3.58537,-1.96159,-0.655819
322,3.59878,-1.97026,-0.64505
322,3.59175,-1.97596,-0.652173
322,2.94435,-3.0358,-0.10836
322,2.48203,-3.07575,-0.526881
322,3.20292,-2.9736,0.0564401
322,2.48334,-3.09558,-0.536421
322,2.51802,-3.39492,-0.169151
322,2.48,-3.1092,-0.533484
322,2.56442,-3.20852,-0.353774
322,2.58368,-3.20577,-0.345387
322,3.54507,-2.07344,-0.716315
322,2.52371,-3.42565,-0.184812
322,2.57357,-3.23663,-0.35492
322,3.54936,-2.07784,-0.719034
322,3.55998,-2.09828,-0.727927
322,2.58068,-3.26677,-0.371098
322,3.65795,-3.07604,0.433416
322,3.50626,-2.20841,-0.738414
322,3.28867,-3.46807,0.473133
322,2.92385,-3.26408,-0.117037
322,3.60009,-2.12303,-0.75895
322,3.65901,-3.09217,0.396765
322,2.61391,-3.33921,-0.35545
322,2.93578,-3.27003,-0.12231
322,2.85795,-3.32779,-0.142204
322,2.45435,-3.28085,-0.592256
322,3.27895,-3.0775,-0.0278689
322,3.54357,-2.91484,0.0449765
322,2.94807,-3.2819,-0.129315
322,3.30406,-3.39109,0.338838
322,3.3705,-3.21513,0.20081
322,3.69427,-3.11828,0.395937
322,3.19965,-2.83245,-0.429829
322,3.24091,-3.34257,0.178189
322,3.31863,-3.4226,0.3334
322,2.46558,-3.31453,-0.628741
322,3.32271,-3.22641,0.10428
322,3.3092,-3.46733,0.325114
322,3.45623,-3.05317,-0.0078975
322,3.45319,-3.05741,-0.0183945
322,3.51107,-3.05326,0.0278808
322,3.55657,-3.1052,0.0912268
322,3.20085,-3.24797,-0.094671
322,3.52837,-3.07467,0.014744
322,3.58015,-3.09113,0.0757679
322,3.41507,-3.15365,-0.0342209
322,3.63386,-3.09985,0.116927
322,3.40522,-3.25346,0.033511
322,3.43318,-3.20417,-0.00395262
322,2.85964,-3.51612,-0.232521
322,3.31245,-3.41125,0.045432
322,3.70173,-3.03268,-0.0598308
322,3.47719,-3.24787,-0.0369953
322,3.47759,-3.22815,-0.0638007
322,3.70811,-3.04141,-0.0604135
322,3.2811,-3.38953,-0.102815
322,3.17794,-3.11081,-0.522296
322,3.2908,-3.39902,-0.0857537
322,2.59633,-3.76204,-0.355036
322,2.83194,-3.32039,-0.659817
322,5.5216,-1.87003,0.32193
322,3.00843,-4.10402,0.391915
322,3.17148,-3.1447,-0.550447
322,5.55493,-1.87828,0.336133
322,3.20354,-3.18852,-0.528284
322,3.02723,-4.14933,0.389413
322,3.19283,-3.17763,-0.579386
322,3.17215,-3.32428,-0.488799
322,2.86387,-3.42001,-0.711385
322,3.0409,-4.21822,0.369628
322,3.63096,-3.69402,0.325451
322,3.06039,-4.29753,0.351756
322,3.84593,-3.26861,-0.110731
322,3.07143,-4.33751,0.340699
322,3.24187,-3.81759,-0.125117
322,5.61314,-2.06391,0.0631246
322,3.07036,-4.65104,0.474506
322,3.66235,-4.02994,0.256459
322,5.91364,-2.2125,-0.0592009
322,5.97427,-2.27287,-0.0445695
322,2.43148,-5.63225,0.155581
322,6.08468,-2.34889,-0.0598369
322,5.38075,-3.29425,0.0780571
322,4.86753,-3.39617,-0.408265
322,4.95222,-3.43991,-0.276607
322,4.18201,-4.6452,0.296256
322,5.18559,-1.67269,-2.11656
322,5.10441,-3.25239,-0.582562
322,4.95553,-3.46324,-0.515581
322,3.04015,-5.72265,0.137507
322,3.83398,-3.91813,-1.15812
322,5.3212,-3.35138,-0.618431
322,5.38158,-3.4313,-0.479972
322,5.25723,-3.37366,-0.669306
322,5.44572,-3.46859,-0.45533
322,5.4461,-3.47757,-0.482769
322,5.08694,-4.08958,-0.242121
322,5.25431,-3.72455,-0.640589
322,5.05049,-4.25413,-0.240701
322,5.57267,-3.72455,-0.364175
322,5.55954,-3.73306,-0.39105
322,5.50173,-3.58243,-0.62603
322,5.55579,-3.72885,-0.426833
322,5.57372,-3.74596,-0.438407
322,5.57714,-3.75272,-0.4391
322,5.34288,-3.82909,-0.664453
322,5.51243,-3.61382,-0.797748
322,5.37965,-3.87294,-0.707599
322,5.36296,-4.41799,-0.31253
322,5.35783,-4.43602,-0.358141
322,5.60534,-3.85461,-0.792149
322,5.51778,-4.82826,-0.407261
322,5.37311,-4.75258,-0.652393
322,5.70854,-4.94571,-0.417019
322,6.05742,-5.46898,-0.876837
322,3.35028,-3.18165,-0.479428
314,3.35028,-3.18165,-0.479428
322,3.72038,-3.21764,0.048684
314,3.72038,-3.21764,0.048684
322,3.31836,-3.18324,-0.642141
314,3.31836,-3.18324,-0.642141
322,3.26567,-3.36823,-0.152765
314,3.26567,-3.36823,-0.152765
322,3.79408,-0.960352,-0.515454
314,3.79408,-0.960352,-0.515454
322,3.02979,-3.08774,-0.515285
314,3.02979,-3.08774,-0.515285
322,3.08722,-3.45476,0.0219997
316,3.08722,-3.45476,0.0219997
322,2.88933,-1.30706,-0.624597
316,2.88933,-1.30706,-0.624597
322,5.01008,-4.20125,-0.429267
316,5.01008,-4.20125,-0.429267
322,3.31747,-3.42914,0.333867
316,3.31747,-3.42914,0.333867
322,3.09318,-3.20489,-0.595048
316,3.09318,-3.20489,-0.595048
322,3.46619,-0.332,-0.636789
316,3.46619,-0.332,-0.636789
322,3.3054,-3.49885,0.462925
316,3.3054,-3.49885,0.462925
322,2.58846,-1.31774,-0.650462
311,2.58846,-1.31774,-0.650462
322,3.47789,-1.69625,-0.595797
317,3.47789,-1.69625,-0.595797
322,3.03916,-1.52297,-0.628688
315,3.03916,-1.52297,-0.628688
322,3.59563,-2.22201,-0.628684
315,3.59563,-2.22201,-0.628684
322,2.41772,-2.2768,-0.570337
318,2.41772,-2.2768,-0.570337
322,2.85479,-1.30278,-0.591945
318,2.85479,-1.30278,-0.591945
322,3.07696,-3.16731,-0.578181
318,3.07696,-3.16731,-0.578181
322,3.06489,-3.49343,0.016433
318,3.06489,-3.49343,0.016433
322,4.66492,-4.32569,-0.457884
318,4.66492,-4.32569,-0.457884
322,2.11555,-1.54317,0.256997
313,2.11555,-1.54317,0.256997
322,5.38426,-3.95537,0.34102
313,5.38426,-3.95537,0.34102
322,5.39442,-4.47466,0.251583
313,5.39442,-4.47466,0.251583
322,3.29479,-3.09337,-0.0359746
320,3.29479,-3.09337,-0.0359746
323,2.67773,-0.934032,1.14565
323,3.32456,-1.14286,0.413522
323,3.36428,-1.17401,0.389942
323,3.41603,-1.23766,0.355273
323,3.40574,-1.53215,1.15423
323,3.35641,-1.34557,0.426395
323,3.4478,-1.25247,0.360104
323,3.36892,-1.35248,0.415341
323,3.36773,-1.36203,0.406694
323,3.47932,-1.54945,1.14766
323,3.38759,-1.37462,0.398268
323,3.47485,-1.60225,1.20682
323,3.51149,-1.56887,1.19406
323,3.51343,-1.48946,0.960567
323,3.52238,-1.57419,1.19912
323,3.52742,-1.49467,0.947062
323,3.53286,-1.49415,0.951909
323,3.53579,-1.58595,1.20355
323,3.54368,-1.59772,1.22514
323,3.54715,-1.59662,1.20745
323,3.55396,-1.52432,0.978585
323,3.60163,-1.24024,0.286941
323,3.59891,-1.58569,1.254
323,3.56736,-1.51532,0.954253
323,3.55935,-1.54186,0.994588
323,3.55441,-1.53923,0.974703
323,3.60599,-1.59471,1.25167
323,3.56459,-1.54777,0.987512
323,3.62215,-1.25039,0.274808
323,3.62541,-1.60063,1.26755
323,3.57773,-1.54948,1.00004
323,3.63764,-1.2602,0.277399
323,3.62653,-1.61544,1.23866
323,3.68508,-1.61296,1.29974
323,3.59815,-1.61827,1.101
323,3.64516,-1.6328,1.24256
323,3.51984,-1.44571,0.3445
323,3.60942,-1.63084,1.06653
323,3.68354,-1.2781,0.244759
323,3.61588,-1.63479,1.06796
323,3.40996,-1.39647,-0.143805
323,3.73904,-1.59419,1.20296
323,3.7246,-1.63508,1.25824
323,3.75166,-1.60278,1.18991
323,3.71401,-1.59974,1.08685
323,3.81753,-1.56793,1.24654
323,3.74775,-1.61601,1.19926
323,3.82049,-1.57307,1.25121
323,3.737,-1.58419,1.07261
323,3.75919,-1.60803,1.18845
323,3.72527,-1.59127,1.04746
323,3.77696,-1.55993,1.063
323,3.74451,-1.58842,1.02021
323,3.83539,-1.46694,0.898408
323,3.82633,-1.45936,0.844077
323,3.75877,-1.59933,1.0719
323,3.6348,-1.46805,0.391843
323,3.81782,-1.61099,1.24289
323,3.7918,-1.57085,1.06159
323,3.74919,-1.62058,1.08736
323,3.77466,-1.64505,1.21648
323,3.81099,-1.57847,1.10561
323,3.80923,-1.58233,1.09704
323,3.6115,-1.61386,0.688281
323,3.8642,-1.4915,0.960292
323,3.84686,-1.48328,0.893205
323,3.85552,-1.30396,0.390645
323,3.81584,-1.49987,0.845575
323,3.7777,-1.66445,1.20216
323,3.77481,-1.62318,1.06331
323,3.8784,-1.50475,0.954602
323,3.88394,-1.50076,0.949711
323,3.8214,-1.52144,0.850471
323,3.78487,-1.62905,1.06313
323,3.84903,-1.6277,1.20807
323,3.85415,-1.62917,1.21518
323,3.78967,-1.6038,0.982599
323,3.81737,-1.52204,0.818753
323,3.86372,-1.54643,0.972475
323,3.80968,-1.66256,1.15938
323,2.59602,-2.35018,0.114766
323,3.83256,-1.59215,0.966356
323,3.82416,-1.66956,1.16212
323,3.87287,-1.55609,0.951887
323,3.68953,-1.52434,0.366329
323,3.88139,-1.56132,0.939459
323,3.84533,-1.6029,0.955445
323,3.84109,-1.60454,0.945582
323,3.85881,-1.53085,0.779859
323,3.85526,-1.60678,0.95902
323,3.85199,-1.6092,0.949188
323,3.83612,-1.54281,0.716626
323,3.73037,-1.52436,0.365764
323,3.871,-1.60818,0.947635
323,3.83317,-1.56692,0.723273
323,3.83146,-1.56554,0.71405
323,3.91552,-1.50443,0.738171
323,2.14894,-2.8537,0.212668
323,3.77854,-1.5178,0.361342
323,3.75431,-1.54149,0.350168
323,3.96985,-1.59347,0.979814
323,3.59507,-1.56755,-0.0184405
323,3.77025,-1.54867,0.341958
323,2.6597,-2.41066,0.0568361
323,3.57688,-1.51239,-0.240778
323,4.0035,-1.61105,0.94732
323,3.84702,-1.54842,0.341661
323,3.6222,-1.54927,-0.289808
323,4.04136,-1.6353,0.968534
323,3.66213,-1.63964,-0.0310202
323,3.65171,-1.66085,-0.0967814
323,3.67462,-1.67224,-0.099429
323,3.65772,-1.77706,-0.0340056
323,3.68849,-1.77537,-0.027709
323,3.65643,-1.79707,-0.0818574
323,2.80083,-2.63914,-0.0349365
323,3.77205,-1.84633,-0.108693
323,2.65747,-2.805,-0.137593
323,3.90844,-2.357,1.36139
323,3.48155,-2.11383,-0.47891
323,2.33624,-3.62101,0.76536
323,2.6896,-2.98531,-0.19557
323,2.46336,-3.13306,-0.389186
323,2.30705,-3.72612,0.765807
323,3.55943,-2.18617,-0.56244
323,2.53375,-3.67536,0.498888
323,3.57355,-2.30635,-0.855623
323,3.43868,-2.84097,0.0680168
323,2.76993,-3.27769,-0.349058
323,3.43087,-2.86542,0.100642
323,2.65062,-3.38986,-0.406088
323,2.3405,-3.72994,-0.291484
323,2.63641,-3.45603,-0.427132
323,3.4604,-2.95001,0.160922
323,3.14538,-3.01869,-0.422799
323,3.73723,-2.37617,-0.827427
323,3.51162,-2.89658,0.0310436
323,3.76447,-2.34187,-0.934446
323,3.28154,-3.11872,0.076817
323,3.49308,-2.97262,0.115437
323,3.2323,-3.3552,0.489359
323,3.45244,-2.99763,0.00412619
323,3.57174,-2.92123,0.0623287
323,2.55338,-3.69878,-0.261664
323,3.63328,-3.05062,0.400565
323,3.57905,-3.00673,0.127371
323,3.27331,-3.36131,0.336161
323,3.59879,-3.0188,0.143278
323,3.60676,-3.02517,0.139878
323,3.27522,-3.39293,0.352458
323,3.28682,-3.37723,0.316292
323,3.27592,-3.40051,0.354002
323,3.67332,-3.09207,0.400526
323,2.51995,-4.25096,0.833615
323,3.16198,-3.38139,-0.105389
323,3.15452,-3.39349,-0.111109
323,3.14709,-3.38548,-0.171673
323,3.21535,-3.20766,-0.515582
323,3.31595,-3.40422,0.28397
323,3.14663,-3.40001,-0.162753
323,2.99662,-3.43588,-0.43421
323,3.15648,-3.28128,-0.4799
323,3.20138,-3.2039,-0.603807
323,3.22792,-3.21315,-0.513303
323,3.39613,-3.2032,-0.128948
323,3.24098,-3.24328,-0.532181
323,3.45955,-3.24491,-0.101588
323,3.33908,-3.51517,0.354528
323,2.50015,-4.54206,0.979935
323,2.96513,-3.97108,0.474549
323,3.2419,-3.34729,-0.709692
323,2.94468,-4.01705,0.453655
323,2.9494,-4.04924,0.514569
323,3.03476,-3.96305,0.43496
323,3.22336,-3.46,-0.551186
323,3.0333,-3.9801,0.418786
323,3.17879,-3.6695,-0.130664
323,3.23899,-3.48597,-0.612367
323,4.4194,-3.13044,1.26521
323,2.99427,-3.80684,-0.379212
323,2.57894,-4.67526,1.05247
323,2.53231,-4.62361,0.782635
323,3.24344,-3.67222,-0.226247
323,3.20133,-3.75107,-0.144444
323,3.04136,-4.13033,0.379862
323,2.5171,-4.86073,0.908858
323,2.59468,-4.84454,1.04998
323,3.06139,-4.2246,0.349678
323,6.21302,-1.45924,0.242477
323,2.54451,-4.87148,0.883424
323,3.03639,-4.28324,0.401224
323,2.61125,-4.90155,1.061
323,3.0386,-4.28718,0.349796
323,3.0275,-4.31778,0.398188
323,3.05054,-4.3194,0.324016
323,3.08733,-4.30705,0.378375
323,3.10276,-4.36164,0.36798
323,3.30679,-3.74209,-0.931474
323,2.93519,-4.83989,1.24483
323,2.95212,-4.90107,1.24968
323,3.16144,-4.84097,1.36587
323,3.13512,-4.75565,0.933275
323,3.14924,-4.81091,1.04547
323,3.1403,-4.77751,0.869582
323,3.59276,-4.2247,0.305522
323,5.27578,-3.32013,1.5106
323,5.25883,-3.32731,1.48523
323,2.94591,-4.48865,-0.932077
323,5.26054,-3.01848,0.322126
323,5.27295,-3.03845,0.326297
323,5.28265,-3.04671,0.257229
323,5.39797,-3.03161,0.42206
323,4.78075,-3.29044,-0.439451
323,4.83312,-3.33251,-0.434737
323,5.47175,-3.48691,1.53493
323,5.47099,-3.44601,1.35213
323,5.48106,-3.49586,1.50978
323,5.48159,-3.46194,1.29629
323,2.89227,-5.37443,0.229131
323,5.51693,-3.4928,1.31673
323,4.90223,-3.40181,-0.465605
323,5.5999,-3.59877,1.53134
323,5.16592,-3.91116,1.32722
323,2.88984,-5.48017,0.142528
323,5.56263,-3.22358,0.285732
323,4.13909,-4.58309,0.492895
323,5.69358,-3.55382,1.37303
323,4.1558,-4.57775,0.481248
323,4.14411,-4.58409,0.434792
323,4.13514,-4.54653,0.291955
323,5.4466,-3.34892,0.0820252
323,3.01179,-5.5119,0.170275
323,5.4838,-3.37454,0.0691382
323,2.95672,-5.5812,0.081331
323,5.5138,-3.39298,0.0303985
323,2.99253,-5.65051,0.196616
323,4.21181,-4.68795,0.421915
323,4.20502,-4.70134,0.420647
323,5.5476,-3.41753,-0.000327229
323,5.28726,-3.47355,-0.70197
323,4.22313,-4.73894,0.237672
323,3.05587,-5.7886,0.128686
323,5.47711,-3.51589,-0.518734
323,4.96126,-4.00178,-0.419385
323,4.16882,-5.19176,0.98011
323,5.74855,-3.73249,0.597847
323,4.18278,-5.22383,0.950129
323,5.56829,-3.54743,-0.415656
323,4.18309,-5.24046,0.978679
323,5.01067,-4.0485,-0.405084
323,5.45866,-3.55668,-0.80537
323,5.60656,-3.55971,-0.436878
323,5.02407,-4.07539,-0.4164
323,5.74349,-3.62932,-0.114332
323,5.83616,-4.12056,1.36351
323,5.60084,-3.72386,-0.404445
323,5.97398,-3.75488,0.578518
323,5.85653,-4.14167,1.33366
323,5.60043,-3.7676,-0.393053
323,5.61732,-3.74049,-0.45924
323,5.63605,-3.75923,-0.515724
323,5.67878,-3.87931,-0.51945
323,5.69048,-3.91572,-0.473631
323,4.32957,-5.57255,0.701734
323,5.52155,-4.04827,-0.781658
323,4.33071,-5.5997,0.486091
323,4.40443,-5.53861,0.466576
323,5.83128,-4.05393,-0.537597
323,4.56788,-5.61537,0.553451
323,5.82322,-4.11058,-0.731188
323,5.96683,-4.72578,1.355
323,4.42283,-5.79691,0.50632
323,5.84488,-4.14201,-0.741335
323,5.7915,-5.10329,1.63746
323,5.89267,-4.18772,-0.737566
323,4.42774,-5.79838,0.220547
323,5.92156,-4.18823,-0.739336
323,5.42426,-4.702,-0.634969
323,4.48281,-5.94254,0.471875
323,5.91502,-5.21669,1.62554
323,4.69934,-5.92481,0.512529
323,5.87447,-5.0579,0.290587
323,6.08073,-4.49636,-0.885919
323,4.58128,-6.23623,0.0352904
323,5.67169,-5.08236,-0.80475
323,6.15593,-4.58937,-1.14316
323,4.78432,-6.55463,0.106336
323,5.6315,-4.86934,-0.313051
319,5.6315,-4.86934,-0.313051
323,3.97142,-1.55394,0.974124
319,3.97142,-1.55394,0.974124
323,5.36579,-3.71942,-0.379418
319,5.36579,-3.71942,-0.379418
323,5.16431,-3.91346,1.49838
319,5.16431,-3.91346,1.49838
323,5.09781,-3.67908,1.56155
319,5.09781,-3.67908,1.56155
323,5.5316,-4.73897,-0.535136
319,5.5316,-4.73897,-0.535136
323,5.43518,-4.00946,0.331238
319,5.43518,-4.00946,0.331238
323,5.72749,-4.89174,0.109939
319,5.72749,-4.89174,0.109939
323,5.43044,-4.54342,1.56896
319,5.43044,-4.54342,1.56896
323,3.42015,-1.27182,0.339797
319,3.42015,-1.27182,0.339797
323,5.23282,-4.32348,1.49465
319,5.23282,-4.32348,1.49465
323,3.974,-1.51725,0.837508
319,3.974,-1.51725,0.837508
323,5.63432,-2.0774,0.176553
319,5.63432,-2.0774,0.176553
323,4.9046,-3.43519,-0.545409
319,4.9046,-3.43519,-0.545409
323,5.49294,-4.64197,0.0490317
319,5.49294,-4.64197,0.0490317
323,3.38887,-1.25525,0.356172
319,3.38887,-1.25525,0.356172
323,3.42127,-1.27354,0.347869
319,3.42127,-1.27354,0.347869
323,4.01195,-4.8338,0.538122
319,4.01195,-4.8338,0.538122
323,4.8723,-2.87913,0.153359
319,4.8723,-2.87913,0.153359
323,3.61654,-1.57661,1.2516
319,3.61654,-1.57661,1.2516
323,2.57666,-5.12233,0.6669
319,2.57666,-5.12233,0.6669
323,3.96566,-4.76095,0.613782
319,3.96566,-4.76095,0.613782
323,3.5869,-1.57732,1.25341
319,3.5869,-1.57732,1.25341
323,2.56041,-5.03411,0.680789
319,2.56041,-5.03411,0.680789
323,3.949,-4.74061,0.617999
319,3.949,-4.74061,0.617999
323,3.53604,-3.61017,1.05912
319,3.53604,-3.61017,1.05912
323,3.34807,-3.40132,1.0517
319,3.34807,-3.40132,1.0517
323,3.87535,-1.50191,0.874172
320,3.87535,-1.50191,0.874172
323,3.73376,-1.63508,1.10308
320,3.73376,-1.63508,1.10308
323,3.76714,-1.61731,1.05536
320,3.76714,-1.61731,1.05536
323,3.75941,-1.63557,1.21782
320,3.75941,-1.63557,1.21782
323,5.35217,-4.44195,1.19226
320,5.35217,-4.44195,1.19226
323,5.28911,-3.77703,-0.655609
320,5.28911,-3.77703,-0.655609
323,3.45211,-1.48339,0.0745358
321,3.45211,-1.48339,0.0745358
323,5.35919,-4.5189,-0.112193
321,5.35919,-4.5189,-0.112193
323,3.2651,-3.48656,-0.544409
321,3.2651,-3.48656,-0.544409
323,3.71854,-2.33921,-0.722196
321,3.71854,-2.33921,-0.722196
323,3.25042,-3.45243,-0.525533
321,3.25042,-3.45243,-0.525533
323,3.14609,-3.01872,0.109895
321,3.14609,-3.01872,0.109895
323,3.18948,-3.2078,0.418821
321,3.18948,-3.2078,0.418821
323,3.84676,-1.14587,0.433155
321,3.84676,-1.14587,0.433155
323,5.84505,-1.99768,0.274501
321,5.84505,-1.99768,0.274501
323,3.31653,-3.21351,0.105972
322,3.31653,-3.21351,0.105972
323,5.10469,-4.45634,1.12365
315,5.10469,-4.45634,1.12365
323,3.15618,-3.27193,-0.497129
315,3.15618,-3.27193,-0.497129
323,5.37044,-4.58935,1.58386
315,5.37044,-4.58935,1.58386
323,5.39706,-4.89641,1.53171
315,5.39706,-4.89641,1.53171
323,2.75828,-3.10538,-0.327375
315,2.75828,-3.10538,-0.327375
323,3.22584,-5.04969,1.10496
315,3.22584,-5.04969,1.10496
323,5.03527,-4.41468,1.41884
315,5.03527,-4.41468,1.41884
323,4.98108,-4.34615,1.40439
315,4.98108,-4.34615,1.40439
323,3.64089,-1.61585,-0.0207418
318,3.64089,-1.61585,-0.0207418
323,5.39581,-4.48443,0.321537
318,5.39581,-4.48443,0.321537
323,5.28997,-3.96146,0.45838
318,5.28997,-3.96146,0.45838
323,2.99878,-3.17306,0.0823484
318,2.99878,-3.17306,0.0823484
323,2.23327,-3.1451,-0.104691
318,2.23327,-3.1451,-0.104691
323,3.21772,-2.86402,-0.458939
318,3.21772,-2.86402,-0.458939
323,5.43871,-5.18036,1.23485
316,5.43871,-5.18036,1.23485
323,5.29846,-3.87647,0.299514
316,5.29846,-3.87647,0.299514
323,3.09434,-4.61728,0.830708
316,3.09434,-4.61728,0.830708
323,5.32233,-3.96529,0.274671
316,5.32233,-3.96529,0.274671
323,3.11142,-4.66632,0.83331
316,3.11142,-4.66632,0.83331
323,2.67536,-3.25092,-0.191573
316,2.67536,-3.25092,-0.191573
323,4.06458,-4.89945,0.774564
316,4.06458,-4.89945,0.774564
323,4.77392,-3.78499,0.258537
314,4.77392,-3.78499,0.258537
323,5.39131,-4.03759,1.14084
314,5.39131,-4.03759,1.14084
323,3.89249,-1.57028,0.850496
314,3.89249,-1.57028,0.850496
323,5.49791,-4.59619,0.213665
314,5.49791,-4.59619,0.213665
323,2.77354,-3.08386,-0.295401
317,2.77354,-3.08386,-0.295401
324,2.59734,-0.78636,1.10845
324,2.71939,-0.864971,1.11661
324,2.72553,-0.869405,1.11699
324,3.19748,-1.14827,1.04965
324,3.47911,-1.56989,1.14113
324,3.48467,-1.5727,1.14765
324,3.52708,-1.56638,1.19952
324,3.51631,-1.58359,1.20014
324,3.49091,-1.62561,1.20983
324,3.56807,-1.57293,1.22805
324,3.91896,-1.26235,0.417985
324,3.5916,-1.57582,1.2393
324,3.51352,-1.64376,1.2112
324,3.61694,-1.57383,1.26819
324,3.62119,-1.56898,0.98468
324,3.62373,-1.57281,1.28749
324,3.60408,-1.59581,1.21522
324,3.61609,-1.5846,0.994303
324,3.636,-1.57955,0.984119
324,3.63487,-1.58622,1.28814
324,3.64497,-1.57762,1.28984
324,3.63784,-1.58404,1.28659
324,3.63807,-1.58872,1.28928
324,3.64534,-1.58328,1.28802
324,3.6426,-1.59336,1.29021
324,3.56386,-1.68756,1.21001
324,3.69408,-1.57588,1.09639
324,3.68657,-1.58498,1.1225
324,3.58235,-1.6773,1.19958
324,3.64698,-1.63097,1.21232
324,3.67468,-1.61071,1.28898
324,3.65418,-1.63553,1.24345
324,3.58049,-1.70001,1.2261
324,3.6347,-1.65806,1.27582
324,3.71014,-1.60135,1.15262
324,3.7731,-1.55698,1.07268
324,3.60818,-1.70222,1.15182
324,3.74461,-1.58537,1.03861
324,3.82748,-1.51149,0.856541
324,3.75339,-1.58003,0.986012
324,3.738,-1.60161,1.04733
324,3.73897,-1.60586,1.19344
324,3.78323,-1.56924,1.08488
324,3.74888,-1.60241,1.09531
324,3.80565,-1.55552,1.2701
324,3.74557,-1.60921,1.23398
324,3.79028,-1.57294,1.28736
324,3.75417,-1.60433,1.06751
324,3.78997,-1.57967,1.11011
324,3.81082,-1.56516,1.27512
324,3.80004,-1.57701,1.28602
324,3.76632,-1.60437,1.06663
324,3.84721,-1.53325,0.962777
324,3.79962,-1.59428,1.25489
324,3.74096,-1.64678,1.21018
324,3.82677,-1.57309,1.22158
324,3.82931,-1.57181,1.27607
324,3.81597,-1.58058,0.971107
324,3.81064,-1.59006,1.29047
324,3.81673,-1.58692,1.0994
324,3.92332,-1.49254,0.809655
324,3.77145,-1.6306,1.22437
324,3.76731,-1.63718,1.22012
324,3.78988,-1.61649,1.0623
324,3.81809,-1.5939,1.26342
324,3.92724,-1.49752,0.805188
324,3.7701,-1.64087,1.22015
324,3.8293,-1.59486,1.24374
324,3.75712,-1.6593,1.21184
324,3.8172,-1.6089,1.26406
324,3.8995,-1.53505,0.908079
324,3.81317,-1.61948,1.21035
324,3.8269,-1.60918,1.26818
324,3.88435,-1.55989,0.850868
324,3.92463,-1.52455,0.759421
324,3.92228,-1.52683,0.758398
324,3.90073,-1.54804,0.968505
324,3.83058,-1.61159,1.20087
324,3.657,-1.76495,1.23149
324,3.79196,-1.64963,1.13743
324,3.84729,-1.60316,1.2357
324,3.78245,-1.66041,1.11034
324,3.84609,-1.60741,1.24503
324,3.78763,-1.65798,1.12843
324,3.78824,-1.65807,1.13758
324,3.79187,-1.6552,1.13741
324,3.94537,-1.52194,0.74878
324,3.95324,-1.52164,0.748415
324,3.91986,-1.5582,0.886709
324,3.96213,-1.53428,0.722823
324,3.71521,-1.80655,1.23252
324,3.80877,-1.88418,1.23273
324,3.68253,-2.00496,1.39178
324,3.77843,-2.16342,2.24705
324,5.01039,-1.59302,0.244943
324,5.47256,-1.22127,1.76479
324,5.07976,-1.56968,0.252338
324,3.5341,-2.95795,0.0271765
324,3.54836,-2.94594,0.0356258
324,3.53014,-2.9901,0.00575936
324,2.53818,-3.87982,0.464365
324,3.53487,-3.00951,0.0310228
324,3.53817,-3.00747,0.0332268
324,3.384,-3.14607,-0.0155345
324,3.35966,-3.18725,0.220871
324,3.40665,-3.1503,-0.0238174
324,3.33303,-3.23691,0.0754176
324,3.42398,-3.15749,-0.0313494
324,3.40149,-3.17778,-0.030525
324,3.41445,-3.16979,-0.0321162
324,3.24731,-3.32787,0.196353
324,2.55574,-3.95475,0.439851
324,3.26784,-3.34904,0.335063
324,2.56339,-3.97528,0.445377
324,3.26457,-3.41156,0.495317
324,5.24594,-1.69016,0.169588
324,3.55861,-3.18616,0.0479602
324,2.58626,-4.03963,0.418232
324,3.69125,-3.11027,0.377078
324,3.68659,-3.14322,0.361551
324,3.7388,-3.10354,-0.0457186
324,4.96868,-2.06343,-0.0861038
324,3.35261,-3.51341,0.35346
324,5.86291,-1.34891,0.293515
324,3.6959,-3.25473,0.00499809
324,3.52712,-3.51272,0.326676
324,3.35899,-3.66647,0.433448
324,3.51982,-3.53232,0.302529
324,3.16041,-4.06824,0.379501
324,3.03835,-4.25615,2.82276
324,4.67004,-2.84257,2.7555
324,4.17514,-3.285,3.04147
324,2.98318,-4.32476,2.90599
324,4.47208,-2.99946,-0.00885344
324,3.0305,-4.26002,0.391147
324,3.05515,-4.24423,0.473233
324,3.04899,-4.30671,2.89772
324,3.12358,-4.24828,2.87712
324,5.7019,-1.97702,-0.0588888
324,3.06531,-4.30859,2.84398
324,4.7778,-2.8307,2.37334
324,3.12852,-4.27476,2.82877
324,2.55532,-4.76741,1.0063
324,2.9103,-4.51661,2.82735
324,2.60529,-4.81171,1.04877
324,4.70677,-2.99767,2.46225
324,3.0518,-4.45206,2.90029
324,3.10005,-4.41236,2.79819
324,2.50855,-4.91416,0.931216
324,2.98161,-4.55124,2.88294
324,2.74749,-4.75616,2.91763
324,4.68356,-3.07225,2.73319
324,2.52812,-4.95885,3.07735
324,2.56359,-4.92935,2.97459
324,2.73094,-4.75857,0.232542
324,2.54569,-4.93541,0.695179
324,3.47898,-4.16333,2.85869
324,4.60111,-3.1935,3.01614
324,2.8362,-4.73055,2.90756
324,2.6714,-4.87609,3.04344
324,4.69304,-3.11383,2.73481
324,3.58235,-4.09546,2.78331
324,2.58733,-4.9687,2.9914
324,3.15727,-4.45179,0.285433
324,3.12851,-4.50632,2.83012
324,2.83612,-4.76445,2.92257
324,3.0294,-4.5767,0.45781
324,3.37796,-4.29759,2.76412
324,2.90984,-4.72608,2.90731
324,3.51169,-4.20271,2.8179
324,4.64608,-3.18836,-0.107877
324,2.76446,-4.86045,2.99965
324,3.13758,-4.54256,2.84414
324,2.68779,-4.93719,3.02749
324,3.12151,-4.53416,0.327383
324,2.9189,-4.73625,1.242
324,3.12532,-4.55207,0.306138
324,3.44734,-4.29595,2.76499
324,5.15818,-2.8119,2.80804
324,5.64466,-2.39099,2.94841
324,3.70942,-4.07757,2.83764
324,2.84394,-4.80782,0.241211
324,3.93845,-3.88592,2.76934
324,5.6016,-2.44295,2.97593
324,5.61092,-2.4474,3.01062
324,2.59151,-5.08374,2.99538
324,5.66841,-2.41389,3.01425
324,4.97227,-3.01641,2.45819
324,5.65432,-2.4302,2.95528
324,5.6363,-2.45895,2.99356
324,2.83928,-4.90722,3.06405
324,4.91027,-3.10916,2.61239
324,3.64432,-4.21853,2.83338
324,4.92412,-3.11825,2.62032
324,2.94234,-4.84932,2.9571
324,3.53355,-4.3367,2.88048
324,5.23744,-2.86454,2.84187
324,2.92998,-4.86111,1.2235
324,5.23242,-2.87117,2.84837
324,4.94338,-3.12598,2.64
324,3.10829,-4.72835,2.95751
324,3.02585,-4.80154,2.90591
324,4.53567,-3.4942,3.19653
324,3.12592,-4.72086,2.95507
324,4.95338,-3.13595,2.63906
324,2.68973,-5.11296,3.00491
324,2.93028,-4.89345,1.26128
324,3.14797,-4.73642,2.92685
324,5.27311,-2.89125,2.86018
324,4.9683,-3.15854,2.63708
324,4.78187,-3.30177,0.496709
324,4.89807,-3.22812,2.55257
324,5.97859,-2.31204,3.18976
324,3.14675,-4.79772,3.03108
324,2.95649,-4.95139,1.24595
324,5.75275,-2.53622,3.05725
324,2.96996,-4.96594,3.0517
324,5.85255,-2.45833,3.11702
324,4.80421,-3.34114,-0.264954
324,4.87666,-3.31824,3.08894
324,5.02073,-3.19096,2.67173
324,3.05222,-4.91382,3.02831
324,5.00216,-3.21198,2.60422
324,3.33255,-4.67331,2.90291
324,2.72634,-5.20886,3.04332
324,6.02049,-2.33563,-0.253965
324,3.70924,-4.38613,2.90703
324,5.33632,-2.98788,2.88755
324,4.07471,-4.09154,2.7142
324,4.01166,-4.14895,2.87492
324,5.92147,-2.49918,3.15043
324,3.20977,-4.86594,3.05784
324,5.82638,-2.58688,3.09663
324,6.063,-2.35045,-0.26527
324,3.16528,-4.91836,1.41101
324,5.36842,-3.01554,2.89766
324,3.68685,-4.50901,2.92926
324,3.84148,-4.36235,1.69944
324,5.25901,-3.13796,2.60835
324,4.03588,-4.21254,2.84407
324,4.03894,-4.19059,0.467982
324,5.83825,-2.6569,3.09929
324,3.74416,-4.4861,2.93919
324,3.70956,-4.51671,2.89352
324,5.13632,-3.27169,2.66973
324,5.45707,-2.9957,2.9027
324,4.15366,-4.13695,2.87548
324,5.13732,-3.26545,-0.627047
324,4.62011,-3.7437,1.67409
324,5.15662,-3.26552,-0.566392
324,5.84916,-2.71412,3.10115
324,5.15312,-3.3253,2.73893
324,3.73031,-4.57793,2.91515
324,3.83147,-4.49825,2.93175
324,5.08395,-3.41828,2.63583
324,5.14635,-3.33306,-0.594506
324,5.34295,-3.20471,2.63194
324,5.20165,-3.33479,2.68743
324,5.2092,-3.33251,2.69278
324,5.56007,-3.03283,2.94343
324,5.89965,-2.75079,3.12952
324,5.26467,-3.3076,3.12741
324,5.26113,-3.3084,2.85749
324,3.799,-4.58272,2.88583
324,5.81049,-2.83202,3.07728
324,5.89531,-2.76367,3.12492
324,4.65917,-3.82879,1.66025
324,3.80244,-4.59062,2.95425
324,5.26124,-3.28668,-0.593114
324,5.85849,-2.80287,3.10212
324,5.92137,-2.7489,3.14014
324,3.76251,-4.63357,2.96806
324,4.26775,-4.19355,2.75865
324,5.27708,-3.32272,2.8768
324,5.82235,-2.85226,3.08031
324,5.30237,-3.30542,2.76443
324,3.11354,-5.21727,3.06881
324,5.28511,-3.3372,3.15435
324,3.53874,-4.85739,2.94368
324,3.7925,-4.63768,2.96682
324,4.40999,-4.10868,2.87565
324,4.11916,-4.34037,0.435824
324,5.27217,-3.37074,3.18345
324,5.59719,-3.09296,2.96508
324,3.80034,-4.67217,3.02905
324,3.81891,-4.66431,3.01395
324,4.70697,-3.87935,1.66973
324,3.80282,-4.68351,3.0314
324,4.40008,-4.16151,2.78777
324,4.34683,-4.21952,2.77056
324,3.81832,-4.68332,3.02544
324,5.34786,-3.35618,2.76024
324,4.23126,-4.34807,2.88951
324,4.97812,-3.70708,2.6367
324,4.13029,-4.43183,0.462178
324,5.3204,-3.41726,2.73907
324,5.43027,-3.3275,3.25689
324,3.18742,-5.28318,3.08488
324,5.41765,-3.30707,-0.625017
324,5.1289,-3.58345,1.28066
324,3.87942,-4.6941,2.89722
324,5.97748,-2.88045,3.16766
324,5.68604,-3.13307,2.99986
324,5.39349,-3.39024,3.21181
324,5.11517,-3.61681,1.27499
324,5.01274,-3.73281,2.64009
324,3.93924,-4.67661,2.81803
324,5.38476,-3.42357,3.20431
324,5.38504,-3.42383,3.20447
324,3.94266,-4.68112,2.859
324,5.45085,-3.37429,3.33847
324,5.51802,-3.31582,2.77776
324,4.24077,-4.44194,2.88921
324,5.47026,-3.37607,3.20389
324,5.708,-3.16726,3.01048
324,4.14869,-4.50154,0.431457
324,5.65389,-3.21664,3.05581
324,4.37136,-4.33464,2.90208
324,5.49386,-3.37325,3.32216
324,5.49837,-3.37078,3.32721
324,3.4864,-5.13311,3.04182
324,3.54826,-5.09701,3.11821
324,5.85971,-3.08776,3.09778
324,4.65683,-4.13668,2.84821
324,5.54882,-3.35994,2.81812
324,3.94618,-4.76021,2.8925
324,4.16961,-4.54747,0.428888
324,5.56599,-3.36399,3.28204
324,5.73292,-3.21977,3.02696
324,3.91131,-4.81233,2.9392
324,5.87144,-3.10612,3.09902
324,3.95539,-4.77738,2.89743
324,3.92317,-4.81676,2.91412
324,4.1389,-4.60868,0.460239
324,4.46655,-4.35726,2.90334
324,3.71009,-5.0199,3.00761
324,4.41463,-4.40486,2.84617
324,5.66977,-3.31352,3.05516
324,3.94021,-4.81932,2.90846
324,5.91131,-3.11501,3.12716
324,4.42879,-4.40679,2.84958
324,5.55601,-3.4325,3.35339
324,3.99875,-4.78571,2.91365
324,4.60545,-4.26474,2.87533
324,4.16803,-4.62374,0.464456
324,4.19606,-4.62589,2.92374
324,4.17827,-4.62009,0.451005
324,5.88461,-3.16493,3.10216
324,5.58917,-3.42113,2.89454
324,6.14652,-2.94136,3.2596
324,5.53049,-3.48228,3.3061
324,4.84263,-4.06603,1.69113
324,4.17754,-4.63253,0.275384
324,5.9411,-3.12382,3.14113
324,4.5078,-4.37406,2.83886
324,4.85393,-4.06381,1.70143
324,5.56188,-3.47003,3.42129
324,4.37413,-4.50508,2.881
324,5.58779,-3.46447,2.97963
324,4.02036,-4.83271,2.88817
324,5.53674,-3.51611,2.85025
324,5.5524,-3.52477,3.33442
324,3.96233,-4.91133,2.95731
324,5.65621,-3.43476,2.84631
324,6.03641,-3.11096,3.19531
324,3.94253,-4.93469,2.98732
324,5.54281,-3.54033,1.57127
324,5.99532,-3.16766,3.17401
324,5.67943,-3.47282,2.88837
324,4.53964,-4.47221,2.95462
324,5.66522,-3.50366,3.0178
324,5.73982,-3.44836,3.16564
324,5.65993,-3.51944,2.99064
324,5.67204,-3.51511,3.02292
324,5.66325,-3.53218,3.42451
324,4.76364,-4.3187,2.91005
324,5.71512,-3.4957,3.36118
324,4.43146,-4.63289,3.01896
324,4.3673,-4.69217,2.95777
324,5.50543,-3.6837,0.274022
324,4.9975,-4.14265,1.5795
324,5.78959,-3.48842,3.1768
324,4.00999,-5.05349,3.04345
324,5.71757,-3.57077,2.95015
324,5.75184,-3.54293,3.07062
324,5.39944,-3.83909,1.59617
324,4.07555,-4.99471,1.80394
324,5.68724,-3.60447,3.09199
324,5.70284,-3.59101,3.05743
324,5.71984,-3.57529,2.95826
324,5.70335,-3.59708,2.93416
324,5.94728,-3.38768,3.14325
324,4.52778,-4.62519,3.02239
324,5.53255,-3.73576,1.58059
324,5.76918,-3.54464,3.02039
324,5.66639,-3.64725,2.90185
324,5.00726,-4.22603,2.95146
324,4.49886,-4.67297,2.91395
324,5.77366,-3.56449,3.08665
324,5.65359,-3.67528,2.86837
324,5.20975,-4.07218,2.78795
324,5.72049,-3.6313,3.10316
324,5.2343,-4.04858,1.32267
324,5.7474,-3.62457,3.08771
324,5.89644,-3.49771,3.1743
324,4.87615,-4.38884,2.93488
324,5.26849,-4.03275,1.44924
324,5.75639,-3.62483,3.06357
324,4.61613,-4.62858,3.04664
324,5.78468,-3.61247,3.12136
324,5.766,-3.63596,3.10289
324,4.59248,-4.65839,2.99468
324,5.34982,-3.9955,1.39827
324,5.87516,-3.56516,3.18708
324,5.71981,-3.7022,2.91009
324,5.57185,-3.8279,1.59538
324,5.76557,-3.68118,3.12812
324,5.30624,-4.07879,2.81015
324,4.18682,-5.05679,3.04406
324,5.81425,-3.63875,3.00374
324,5.55793,-3.85063,1.59043
324,5.57784,-3.83972,1.60079
324,5.84811,-3.62216,3.12973
324,4.69997,-4.62681,2.98553
324,5.37972,-4.02087,1.55457
324,5.38354,-4.01989,1.40586
324,5.85309,-3.6439,3.01152
324,4.43207,-4.88889,2.98735
324,4.11347,-5.1537,0.446606
324,5.81965,-3.69215,2.9461
324,5.84714,-3.6839,3.12465
324,4.1176,-5.16838,0.390072
324,5.83497,-3.6998,3.16089
324,5.88583,-3.66448,3.21442
324,4.67612,-4.72034,2.93991
324,5.4658,-4.03982,2.89723
324,5.18138,-4.25975,-0.513507
324,5.32489,-4.15773,1.58764
324,5.97104,-3.62021,3.28313
324,6.02604,-3.61677,3.28856
324,5.65078,-3.92624,1.32359
324,5.93839,-3.69992,3.24618
324,4.16089,-5.24607,0.352885
324,4.93671,-4.59877,3.0183
324,5.43665,-4.15076,1.62268
324,4.97852,-4.57983,2.93283
324,6.06042,-3.65129,3.29975
324,5.2345,-4.33751,-0.546007
324,4.9479,-4.62308,3.03198
324,5.31715,-4.28936,1.53088
324,5.46467,-4.17266,1.62074
324,5.37116,-4.26426,1.58567
324,5.28787,-4.3385,1.58962
324,5.92153,-3.80044,2.99484
324,4.17021,-5.30655,0.34
324,5.01463,-4.61592,3.02789
324,5.57147,-4.13303,2.94716
324,5.01597,-4.63607,3.0612
324,5.32933,-4.35609,1.55801
324,4.3019,-5.26744,3.13002
324,5.38046,-4.32726,1.60188
324,5.59248,-4.16556,2.96475
324,5.98124,-3.86135,3.02449
324,5.96265,-3.88159,3.01291
324,5.99628,-3.85336,3.03207
324,5.35262,-4.41675,1.3121
324,6.07612,-3.82469,3.30685
324,4.74536,-5.03562,3.0527
324,5.39915,-4.45649,1.57308
324,5.66778,-4.2391,3.0026
324,5.34737,-4.5418,1.60613
324,5.20178,-4.66976,1.36954
324,5.42086,-4.50328,-0.388551
324,5.37223,-4.57812,1.5866
324,5.4514,-4.53666,3.04693
324,4.97844,-4.9513,3.03882
324,5.38733,-4.59853,1.58304
324,5.76872,-4.36967,3.05654
324,5.77922,-4.3706,3.05064
324,5.21233,-4.89319,3.25403
324,5.41633,-4.69873,1.44018
324,5.44164,-4.7107,1.46475
324,5.80345,-4.4149,3.07586
324,5.40654,-4.81092,1.79923
324,5.4965,-4.77014,1.46558
324,5.64693,-4.66187,3.10524
324,5.84039,-4.50104,3.11907
324,5.18836,-5.17141,3.28792
324,5.68677,-4.74314,3.14396
324,6.0074,-4.46461,3.09905
324,5.25018,-5.14639,3.11886
324,5.55729,-4.86311,1.47658
324,5.69058,-4.74847,1.56725
324,5.8009,-4.71737,3.06429
324,5.62741,-4.85887,-0.484
324,5.6298,-4.86048,-0.459701
324,5.69471,-4.84214,0.296182
324,5.87317,-5.00567,3.12957
324,5.78217,-5.08577,1.74762
324,5.81276,-5.13299,1.61047
324,5.61433,-5.39922,3.39643
324,3.5784,-7.14886,0.80922
324,6.3528,-4.7582,3.22315
324,6.3445,-4.79626,3.22222
324,6.01433,-5.09483,3.16518
324,6.31008,-4.95881,3.06352
324,4.63793,-6.40836,0.261712
324,6.3799,-5.04835,3.12285
324,6.38475,-5.04855,3.09532
324,6.55104,-4.99256,3.2916
324,5.33524,-3.91412,-0.757769
323,5.33524,-3.91412,-0.757769
324,5.10461,-3.65917,-0.630977
323,5.10461,-3.65917,-0.630977
324,5.29288,-3.45958,0.403572
319,5.29288,-3.45958,0.403572
324,5.24078,-4.03297,1.33934
319,5.24078,-4.03297,1.33934
324,4.69661,-3.98346,1.34973
319,4.69661,-3.98346,1.34973
324,4.73603,-4.0374,1.35992
319,4.73603,-4.0374,1.35992
324,3.50825,-3.26076,0.355742
320,3.50825,-3.26076,0.355742
324,5.21577,-3.39476,0.329187
320,5.21577,-3.39476,0.329187
324,5.51486,-1.2352,0.550907
320,5.51486,-1.2352,0.550907
324,3.8712,-4.05127,0.466205
320,3.8712,-4.05127,0.466205
324,3.35178,-3.17974,0.216785
321,3.35178,-3.17974,0.216785
324,5.57398,-4.10771,-0.712177
322,5.57398,-4.10771,-0.712177
324,5.42569,-4.52902,-0.531641
322,5.42569,-4.52902,-0.531641
324,5.56857,-4.66075,-0.649311
308,5.56857,-4.66075,-0.649311
324,5.05922,-4.46908,1.34619
308,5.05922,-4.46908,1.34619
325,3.37152,-1.33077,0.442998
325,3.36627,-1.34264,0.440156
325,3.38866,-1.34032,0.433744
325,3.3855,-1.34266,0.426461
325,3.44965,-1.30949,0.36597
325,3.45076,-1.31344,0.378529
325,3.40469,-1.36756,0.412636
325,3.4239,-1.34423,0.37394
325,3.45169,-1.33249,0.370551
325,3.46497,-1.4159,0.385543
325,3.85106,-1.16386,0.369823
325,3.85991,-1.17485,0.36143
325,3.85235,-1.18292,0.360803
325,3.87704,-1.19243,0.381406
325,3.87914,-1.19375,0.382214
325,3.68194,-1.54062,1.0671
325,3.8911,-1.20298,0.377511
325,3.89237,-1.22823,0.388191
325,3.89992,-1.23822,0.389279
325,3.92286,-1.23717,0.376863
325,3.8056,-1.55002,1.27067
325,3.8159,-1.53854,1.24331
325,3.92093,-1.2516,0.379498
325,3.79254,-1.54813,1.13072
325,3.81166,-1.55007,1.20068
325,3.95351,-1.2389,0.39117
325,3.80294,-1.57721,1.22299
325,3.97998,-1.22142,0.377461
325,3.79703,-1.58303,1.19904
325,3.81304,-1.58794,1.28839
325,3.81358,-1.58118,1.24553
325,3.79568,-1.56113,1.06723
325,3.81419,-1.58129,1.23984
325,3.79655,-1.59441,1.21076
325,3.81751,-1.59237,1.28508
325,3.83101,-1.57736,1.27593
325,3.81605,-1.59561,1.28823
325,3.81782,-1.57543,1.19926
325,3.80651,-1.56337,1.06161
325,4.00212,-1.22541,0.383649
325,3.82777,-1.57529,1.20585
325,3.80115,-1.57894,1.08809
325,3.83442,-1.57543,1.20693
325,3.98143,-1.25828,0.388815
325,3.82017,-1.60527,1.2551
325,3.84281,-1.58655,1.19826
325,3.81823,-1.61328,1.20499
325,3.8588,-1.58603,1.2385
325,3.86212,-1.59095,1.27281
325,3.99395,-1.2815,0.39177
325,3.56943,-1.62712,0.0494877
325,3.62834,-1.65645,0.409269
325,3.94042,-1.34451,0.369222
325,3.89139,-1.5653,1.00289
325,3.89981,-1.57081,0.989138
325,3.57076,-1.68802,0.0210276
325,3.9027,-1.58116,0.990143
325,3.95166,-1.51008,0.812027
325,3.92718,-1.57869,1.00678
325,3.95947,-1.54573,0.962347
325,3.95324,-1.54847,0.940498
325,3.96352,-1.54966,0.934493
325,3.97097,-1.55414,0.920832
325,4.01028,-1.59126,0.943338
325,3.93835,-1.57103,0.326123
325,4.01335,-1.59297,0.705786
325,3.9523,-1.58117,0.316102
325,2.44637,-3.20674,-0.0119953
325,2.50926,-3.15879,0.000765681
325,2.47719,-3.20109,-0.0453428
325,2.47561,-3.21966,-0.0395932
325,2.45973,-3.24104,-0.034252
325,2.49675,-3.21313,-0.0251474
325,2.505,-3.21163,-0.0209702
325,2.45438,-3.26671,-0.0256277
325,2.72406,-3.08951,0.0337448
325,2.51758,-3.27827,-0.0361567
325,2.72843,-3.08971,0.0305169
325,2.75403,-3.06735,0.0217861
325,2.77492,-3.07513,0.0340692
325,2.46031,-3.38821,-0.0250982
325,2.53731,-3.31223,-0.0481977
325,2.50449,-3.35788,-0.00762928
325,2.46872,-3.40382,-0.01344
325,2.48807,-3.41438,-0.00132418
325,2.49525,-3.40792,-0.0213472
325,2.49025,-3.42102,-0.0150549
325,2.52386,-3.39876,-0.0173223
325,2.87673,-3.11962,-0.0815647
325,5.3928,-1.0532,1.69127
325,2.87825,-3.1271,-0.0963409
325,2.88759,-3.12565,-0.098853
325,5.37874,-1.09267,1.63785
325,5.43277,-1.03739,1.5855
325,5.43205,-1.06299,1.69291
325,5.43851,-1.04403,1.63186
325,5.46217,-1.04499,1.7101
325,4.67672,-1.52567,0.289215
325,5.39034,-1.12737,1.62216
325,5.37415,-1.17591,1.73355
325,5.39844,-1.12603,1.61152
325,5.42732,-1.11336,1.63914
325,5.4229,-1.13533,1.68904
325,5.42911,-1.13284,1.70449
325,5.39006,-1.19102,1.73639
325,5.41481,-1.17875,1.74448
325,3.02931,-3.13992,0.00404322
325,3.04635,-3.12561,0.00405347
325,5.4016,-1.20099,1.74456
325,3.03865,-3.13674,-0.00974131
325,3.05636,-3.12935,-0.02518
325,4.68348,-1.61661,0.220247
325,5.47192,-1.20195,1.79184
325,5.47686,-1.19905,1.75298
325,3.05538,-3.18323,-0.0309514
325,5.46629,-1.22343,1.77977
325,3.06697,-3.17992,-0.0248863
325,5.21213,-1.20494,0.487971
325,3.30111,-3.12363,0.00380611
325,3.05774,-3.36261,-0.00826836
325,3.29758,-3.14746,0.0267544
325,5.42112,-1.1892,0.529434
325,3.06603,-3.38244,-0.00208771
325,3.06861,-3.38882,0.0101143
325,5.55527,-1.08092,0.527961
325,3.31952,-3.14836,-0.0273712
325,5.59837,-1.08052,0.528003
325,3.09188,-3.42425,-0.0251696
325,3.62111,-2.92252,0.0374409
325,5.4791,-1.21738,0.546548
325,5.48257,-1.21768,0.538802
325,3.64529,-2.90637,0.0151123
325,4.96275,-1.67514,0.179263
325,3.62236,-2.96842,0.0282543
325,3.41728,-3.29028,0.376078
325,3.60583,-3.03081,0.0132837
325,3.64202,-3.01779,0.0226635
325,3.53895,-3.13015,-0.0316316
325,3.30269,-3.50793,0.457501
325,3.30216,-3.53015,0.477149
325,3.3039,-3.53828,0.439413
325,3.67587,-3.0934,0.0058856
325,3.68424,-3.08453,-0.0279815
325,3.64774,-3.12329,-0.0307044
325,3.7112,-3.1765,0.345241
325,3.34456,-3.54015,0.341796
325,3.62994,-3.1963,0.029873
325,3.69468,-3.20924,0.354242
325,3.68784,-3.1678,0.0939034
325,3.71102,-3.20521,0.332977
325,3.72971,-3.19434,0.355105
325,3.73662,-3.2051,0.368034
325,3.72479,-3.21982,0.348314
325,3.73521,-3.22477,0.332455
325,3.63384,-3.27097,0.0289315
325,3.73853,-3.23672,0.340373
325,3.40495,-3.60138,0.319986
325,3.38386,-3.7152,0.393287
325,3.41335,-3.8317,0.375129
325,5.09048,-2.14035,-0.147006
325,5.32943,-1.95021,0.0044744
325,5.55844,-1.8471,0.0773917
325,5.48887,-1.92242,0.0708348
325,5.56983,-1.91828,0.0761993
325,5.61006,-1.90554,0.0604454
325,5.59484,-1.92679,0.0649823
325,5.56937,-1.95859,0.0443757
325,5.61544,-1.93422,0.0598948
325,5.58795,-1.97067,0.0433053
325,5.65168,-1.91846,0.0460539
325,5.49145,-2.06243,-0.0554122
325,5.48728,-2.06939,-0.0564516
325,5.31936,-2.21868,-0.249845
325,5.62232,-2.09806,0.0495468
325,3.15593,-4.86238,1.41081
325,3.16822,-4.91165,1.39699
325,3.20153,-5.05602,1.41501
325,3.24062,-4.78039,0.200197
325,3.19424,-4.85642,0.250829
325,3.20457,-4.89137,0.282195
325,3.8839,-4.55704,1.75446
325,3.29508,-4.79649,0.188784
325,3.93293,-4.57211,1.74917
325,3.27327,-4.90149,0.19985
325,3.93434,-4.61089,1.72873
325,3.91896,-4.62614,1.70565
325,3.27958,-5.27312,1.38238
325,4.93008,-3.39189,-0.467089
325,4.95313,-3.37365,-0.467349
325,4.0028,-4.81572,1.76429
325,5.54602,-3.57557,2.82339
325,3.8716,-4.68894,0.365342
325,4.04117,-4.82977,1.77463
325,3.91901,-4.65828,0.364995
325,3.9294,-4.66053,0.343063
325,4.07586,-4.82951,1.73142
325,4.06808,-4.86131,1.75583
325,4.12208,-4.79103,1.61126
325,4.11994,-4.78901,1.56198
325,3.90694,-4.78648,0.561548
325,5.60596,-3.63368,2.84291
325,5.0389,-3.49647,-0.509796
325,5.6557,-3.648,2.85782
325,5.06903,-3.50914,-0.551651
325,5.21061,-3.43262,-0.30111
325,4.17248,-4.60684,0.410381
325,5.2174,-3.46612,-0.293323
325,4.17708,-4.61984,0.332703
325,4.17057,-4.65591,0.463348
325,5.23387,-3.80317,1.32417
325,4.18381,-4.63078,0.40557
325,4.17035,-4.67806,0.470709
325,5.79649,-3.61819,2.86465
325,4.19333,-4.65501,0.306067
325,5.30752,-4.18776,2.88336
325,4.22211,-4.68984,0.272862
325,4.22154,-4.68943,0.254439
325,6.03199,-3.45896,2.73822
325,5.22775,-4.00949,1.53963
325,5.31293,-3.87647,1.29384
325,5.24699,-4.01289,1.54082
325,5.80549,-3.74577,2.80602
325,5.80567,-3.77114,2.80736
325,5.15219,-3.75792,-0.357482
325,5.29197,-3.6256,-0.352011
325,5.38034,-3.9042,1.28425
325,5.44038,-3.9067,1.28554
325,5.17192,-4.25813,1.66221
325,5.62135,-3.81628,1.62895
325,5.13753,-4.40819,1.74131
325,5.67581,-3.85168,1.58713
325,5.0553,-4.43755,1.45807
325,5.72975,-3.84397,1.59946
325,5.79781,-3.77903,1.57822
325,5.30229,-4.00506,0.380102
325,5.67715,-3.92977,1.6043
325,5.84055,-3.84669,1.64478
325,5.85545,-3.83219,1.6075
325,4.4158,-5.31832,1.73446
325,5.25719,-4.41412,1.34788
325,5.65694,-4.37837,2.93182
325,5.19344,-4.57679,1.6183
325,5.87245,-3.91493,1.58986
325,5.92062,-3.83444,1.39566
325,5.50429,-3.93297,-0.497702
325,5.83666,-4.41731,3.01825
325,5.75409,-4.50565,3.01306
325,5.56142,-3.9545,-0.501774
325,5.26765,-4.74361,1.69881
325,6.10553,-3.99368,1.35572
325,5.43915,-4.86503,1.76488
325,5.36939,-4.50472,-0.625784
325,5.41006,-4.53158,-0.650951
325,5.53832,-4.95302,1.80577
325,5.50679,-4.98484,1.80441
325,5.4203,-4.54542,-0.634706
325,5.50975,-4.59133,-0.644339
325,3.87142,-4.56817,0.427523
324,3.87142,-4.56817,0.427523
325,4.14909,-5.21591,0.447194
324,4.14909,-5.21591,0.447194
325,4.21257,-4.72903,0.443406
324,4.21257,-4.72903,0.443406
325,3.88808,-1.49326,0.946105
324,3.88808,-1.49326,0.946105
325,3.75192,-1.41108,0.976258
324,3.75192,-1.41108,0.976258
325,4.00875,-1.58521,0.888073
324,4.00875,-1.58521,0.888073
325,3.88835,-1.49678,0.953965
324,3.88835,-1.49678,0.953965
325,3.04608,-3.30701,0.0310282
323,3.04608,-3.30701,0.0310282
325,4.01781,-1.5866,0.945387
323,4.01781,-1.5866,0.945387
325,3.61787,-3.0675,-0.00479523
319,3.61787,-3.0675,-0.00479523
325,4.92145,-4.24654,1.4596
319,4.92145,-4.24654,1.4596
325,5.34685,-4.80194,1.48692
319,5.34685,-4.80194,1.48692
325,3.85785,-1.54853,0.991802
319,3.85785,-1.54853,0.991802
325,5.70275,-3.83125,-0.784465
319,5.70275,-3.83125,-0.784465
325,5.47843,-1.19969,1.04675
319,5.47843,-1.19969,1.04675
325,3.8054,-1.56529,1.19047
319,3.8054,-1.56529,1.19047
325,5.31066,-3.32499,-0.35075
315,5.31066,-3.32499,-0.35075
325,5.15417,-4.18369,-0.288458
321,5.15417,-4.18369,-0.288458
325,5.32499,-3.90259,0.357338
321,5.32499,-3.90259,0.357338
325,5.32008,-3.84366,1.2436
308,5.32008,-3.84366,1.2436
326,2.04673,-0.176782,1.2214
326,2.36173,-0.36356,1.126
326,3.39668,-1.16677,0.384018
326,3.4085,-1.16275,0.386145
326,3.39509,-1.2708,0.457596
326,3.41568,-1.16267,0.332797
326,3.41489,-1.19394,0.361516
326,3.43818,-1.14098,0.333544
326,3.42072,-1.16308,0.329839
326,3.42424,-1.18995,0.363411
326,3.44412,-1.14957,0.32889
326,3.42633,-1.21932,0.374104
326,3.62229,-1.62783,1.20447
326,3.42157,-1.22023,0.364488
326,3.45096,-1.17596,0.352983
326,3.44868,-1.18013,0.353257
326,3.44849,-1.17105,0.332482
326,3.39579,-1.29079,0.386447
326,3.45219,-1.17246,0.329342
326,3.46775,-1.17856,0.327612
326,3.42804,-1.26473,0.349451
326,3.4474,-1.25975,0.366218
326,3.48983,-1.18107,0.338307
326,3.4372,-1.27854,0.361678
326,3.49879,-1.18472,0.333878
326,3.44598,-1.2826,0.352979
326,3.81735,-1.58204,1.23267
326,3.10167,-2.1455,0.707389
326,3.81391,-1.58315,1.21384
326,2.36255,-2.09239,-0.604812
326,3.81895,-1.57971,1.20512
326,4.43387,-0.0047933,0.279616
326,3.77931,-1.57992,1.10692
326,3.46414,-1.42958,0.387306
326,3.47369,-1.43355,0.38547
326,2.7217,-1.67374,-0.628103
326,3.81914,-1.59184,1.11101
326,2.75054,-1.68333,-0.620363
326,3.06402,-1.25977,-0.616285
326,2.74982,-1.67246,-0.652508
326,2.41536,-2.14741,-0.648147
326,2.73782,-1.7024,-0.656662
326,2.74081,-1.71703,-0.648119
326,2.76863,-1.70318,-0.644571
326,2.76939,-1.7053,-0.649707
326,2.76691,-1.70223,-0.659904
326,2.38527,-2.28482,-0.596491
326,2.42276,-2.17063,-0.683499
326,2.76967,-1.70045,-0.682532
326,2.77546,-1.70835,-0.664019
326,3.52471,-1.52208,0.347264
326,3.72046,-1.7475,0.927487
326,3.88203,-1.10685,0.410919
326,2.39511,-2.30175,-0.626858
326,2.79012,-1.72248,-0.676066
326,3.8914,-1.58902,1.00251
326,3.89081,-1.59019,1.00232
326,4.52269,-0.345165,0.494696
326,3.55265,-1.54503,0.3341
326,3.59663,-1.56061,0.409185
326,3.59752,-1.55957,0.407937
326,3.59841,-1.56507,0.403709
326,3.42892,-1.1026,-0.466722
326,3.43979,-1.11532,-0.4641
326,3.70649,-1.45435,0.38852
326,3.26169,-1.22031,-0.652377
326,3.26391,-1.22302,-0.648639
326,3.6943,-1.47753,0.388357
326,3.44557,-1.11478,-0.476252
326,3.9162,-1.15379,0.362679
326,3.71131,-1.46018,0.381825
326,3.27249,-1.23687,-0.646171
326,3.70535,-1.48425,0.377069
326,2.89838,-1.7954,-0.605525
326,3.92574,-1.22441,0.410114
326,3.45866,-1.11359,-0.515844
326,3.45827,-1.13147,-0.499048
326,3.51494,-1.52246,0.0713741
326,3.71483,-1.50048,0.380433
326,2.90525,-1.78575,-0.631632
326,3.45884,-1.13056,-0.511019
326,2.90692,-1.79094,-0.652641
326,2.4525,-2.46056,-0.59441
326,3.76318,-1.46793,0.390797
326,3.73959,-1.49345,0.362992
326,3.73549,-1.50842,0.365949
326,3.73168,-1.51394,0.364907
326,3.746,-1.49713,0.356445
326,4.70996,-0.0163909,0.148297
326,3.53421,-1.57795,0.0795864
326,3.91577,-1.33456,0.384135
326,3.388,-1.33649,-0.503708
326,3.94206,-1.29406,0.374926
326,3.79895,-1.50689,0.370414
326,4.01031,-1.55158,0.763052
326,3.39963,-1.34963,-0.517052
326,4.01398,-1.23368,0.370887
326,2.93903,-1.85963,-0.682546
326,3.4234,-1.35578,-0.509221
326,3.42823,-1.36143,-0.523556
326,3.4257,-1.37849,-0.507818
326,4.03626,-1.24686,0.35598
326,2.48272,-2.56824,-0.686307
326,3.48812,-1.42309,-0.449341
326,3.49462,-1.42625,-0.453538
326,4.01231,-1.39877,0.364863
326,3.48488,-1.42914,-0.542393
326,2.49541,-2.78959,-0.535354
326,3.59618,-1.73126,0.00423324
326,4.9447,0.0323989,0.100391
326,4.00062,-1.45729,0.327696
326,4.64532,-0.154527,-0.191197
326,3.08686,-1.90969,-0.661088
326,3.0836,-1.91016,-0.668754
326,3.09926,-1.91327,-0.648642
326,3.51475,-1.45053,-0.51882
326,3.5684,-1.53644,-0.325755
326,3.60301,-1.75791,0.00299907
326,2.49686,-2.82313,-0.565446
326,3.62601,-1.73762,-0.00767612
326,4.11588,-1.64897,0.704767
326,3.50481,-1.43115,-0.615849
326,3.52591,-1.45409,-0.559977
326,4.69712,-0.139294,-0.236863
326,5.00903,0.0216556,0.0858231
326,3.50849,-1.49751,-0.57626
326,4.74046,-0.0705669,-0.264831
326,2.52245,-2.80857,-0.702104
326,3.59223,-1.61105,-0.388272
326,3.12724,-1.98289,-0.72036
326,4.74118,-0.375237,-0.0495826
326,5.2342,-0.0174719,0.328407
326,3.61797,-1.63571,-0.407381
326,3.23556,-2.01477,-0.599245
326,5.41496,-0.49128,1.14462
326,3.2595,-2.01233,-0.636241
326,2.90943,-2.94575,-0.0836028
326,3.25299,-2.01282,-0.653819
326,4.85548,-0.0996655,-0.318187
326,5.4543,-0.49792,1.12923
326,4.89456,-0.0757579,-0.34181
326,5.14749,-0.368806,0.437069
326,2.82063,-3.02134,-0.253779
326,3.53783,-1.77511,-0.636827
326,2.89841,-3.00133,-0.249412
326,3.56162,-1.90597,-0.529101
326,4.97212,-0.102421,-0.38862
326,5.45728,-0.500355,0.870333
326,5.50195,-1.05752,1.57707
326,3.42424,-2.14051,-0.628556
326,3.42505,-2.12583,-0.663572
326,5.489,0.0209738,0.161111
326,5.55631,-1.06378,1.58727
326,5.54014,0.0127866,0.199903
326,3.44632,-2.18431,-0.665455
326,5.10648,-0.853052,0.470166
326,5.10674,-0.857119,0.462509
326,3.26749,-3.39941,0.491752
326,3.27206,-3.42887,0.504838
326,3.56632,-2.19431,-0.596495
326,5.66117,-0.523248,0.862064
326,5.16802,-0.911473,0.498221
326,3.56652,-2.21478,-0.600224
326,3.28631,-3.39229,0.370431
326,3.57904,-2.20047,-0.605669
326,3.17949,-2.84879,-0.486467
326,2.80634,-3.23737,-0.64105
326,5.872,-0.845196,1.55952
326,5.6992,-0.542713,0.896413
326,3.30838,-3.40024,0.366136
326,5.2064,-0.922815,0.494529
326,3.30818,-3.39616,0.317151
326,5.42258,-0.968272,0.880563
326,3.30865,-3.40059,0.30588
326,3.19489,-2.91297,-0.496587
326,3.31803,-3.47156,0.362813
326,3.5146,-2.94213,0.0398771
326,3.49072,-2.97245,0.0215406
326,3.28754,-3.26538,0.0372667
326,5.19562,-0.996499,0.448039
326,3.33675,-3.15962,-0.0249343
326,3.32775,-3.55656,0.444482
326,5.22935,-0.973497,0.456551
326,4.47301,-1.78754,0.180751
326,3.13151,-3.38246,-0.129611
326,3.27584,-3.33305,0.0501145
326,5.19242,-1.05478,0.470605
326,5.27105,-0.947605,0.469222
326,5.47628,-0.994192,0.871044
326,3.52495,-2.98342,0.0252304
326,3.34745,-3.14187,-0.0962006
326,2.99656,-3.50212,-0.251228
326,3.12435,-3.43457,-0.129721
326,3.39597,-3.13708,-0.0420114
326,3.34084,-3.20474,-0.0527194
326,3.54137,-2.99687,0.023012
326,3.57104,-2.96607,0.0306965
326,3.4946,-3.03609,-0.0178301
326,5.82992,-0.551525,0.856836
326,3.15296,-3.41804,-0.13062
326,5.28987,-0.960036,0.434321
326,3.51797,-3.03566,0.000198603
326,3.54711,-3.04737,0.0529459
326,3.51468,-3.05559,0.00675392
326,5.26063,-1.01297,0.415628
326,3.43758,-3.16934,-0.0223835
326,3.62804,-2.96326,0.0370924
326,3.5551,-3.07031,0.0380057
326,3.13368,-3.55211,-0.0855709
326,3.70945,-3.14207,0.375259
326,3.13602,-3.55855,-0.0918682
326,3.70973,-3.14902,0.364017
326,3.44819,-3.15485,-0.0714023
326,3.70532,-3.1632,0.370504
326,3.71618,-3.14193,0.359431
326,3.38299,-3.24486,-0.0803684
326,3.44105,-3.18357,-0.0598054
326,3.4508,-3.19713,-0.0295422
326,3.45665,-3.19713,-0.0250082
326,3.72076,-3.16922,0.384005
326,3.7085,-3.16205,0.353367
326,3.50907,-3.42229,0.335703
326,3.57094,-3.09862,0.0346839
326,3.60786,-3.0289,4.06504e-05
326,3.59754,-3.03922,-0.00518286
326,3.72139,-3.1727,0.364887
326,3.14217,-3.58027,-0.111697
326,3.59464,-3.1086,0.0685353
326,3.72343,-3.17648,0.363366
326,3.51421,-3.45137,0.337166
326,3.15215,-3.19933,-0.588271
326,3.6577,-3.00968,0.016035
326,3.38808,-3.57362,0.244174
326,3.66605,-3.10133,0.128997
326,3.45392,-3.2241,-0.0798255
326,3.58842,-3.15651,0.0627996
326,3.21579,-3.15173,-0.577229
326,3.58581,-3.15934,0.0517466
326,3.20141,-3.1706,-0.582619
326,3.58086,-3.1732,0.0590466
326,3.21399,-3.15374,-0.582538
326,3.61954,-3.11754,0.0488038
326,3.66546,-3.02976,0.0176072
326,3.5895,-3.18283,0.0572566
326,3.62829,-3.06992,-0.0168371
326,3.2171,-3.19655,-0.560188
326,3.15857,-3.24944,-0.603053
326,3.14179,-3.25704,-0.623757
326,3.71647,-2.26369,-0.879439
326,3.16427,-3.24257,-0.605653
326,3.63351,-3.13893,0.0510937
326,3.6296,-3.15344,0.0453901
326,3.14437,-3.26203,-0.640328
326,3.40151,-3.75355,0.387353
326,3.21118,-3.25331,-0.558195
326,3.14835,-3.27882,-0.64657
326,5.55826,-1.18636,0.833858
326,5.77403,-0.346111,0.150165
326,5.7862,-0.749827,0.627544
326,3.13318,-3.31813,-0.680921
326,5.53418,-1.18306,0.724249
326,3.13449,-3.31827,-0.690849
326,3.70693,-3.18234,0.0829746
326,5.71257,-1.06558,0.856132
326,3.71254,-3.10237,-0.0352548
326,3.74432,-3.10669,-0.0244683
326,3.68573,-3.23961,0.028049
326,3.7232,-3.21489,0.051442
326,3.73618,-3.12387,-0.051952
326,3.46662,-3.80371,0.290887
326,5.01071,-2.02287,0.549025
326,5.85756,-1.10771,0.823327
326,5.07223,-1.67339,0.178539
326,4.82329,-2.05699,0.0152217
326,3.60264,-3.91487,0.240368
326,5.40333,-1.65221,0.28513
326,5.6719,-1.3394,0.346779
326,5.67325,-1.35287,0.360382
326,5.23831,-1.77248,0.119091
326,5.70615,-1.32166,0.292676
326,5.72267,-1.32556,0.286838
326,5.74482,-1.35352,0.329047
326,3.59637,-4.25299,0.265261
326,5.94842,-1.20734,0.45312
326,5.49234,-1.7034,0.197156
326,5.543,-1.67127,0.214548
326,5.82972,-1.40468,0.32864
326,5.59468,-1.69669,0.200213
326,5.88082,-1.43758,0.329762
326,5.90054,-1.43813,0.298625
326,5.72936,-1.66724,0.183396
326,5.63565,-1.93345,0.332925
326,5.6493,-1.94281,0.338023
326,4.96866,-3.75611,1.30297
326,5.10443,-3.59759,1.26961
326,5.51686,-2.02656,-0.0293487
326,5.18086,-3.68139,1.26591
326,4.15714,-4.59843,0.457456
326,4.15264,-4.54398,0.331281
326,4.16787,-4.63265,0.4599
326,4.17393,-4.61528,0.425532
326,3.99818,-4.9409,0.505568
326,4.16753,-4.56402,0.320773
326,5.28671,-3.8421,1.30253
326,6.10649,-1.80069,0.127982
326,4.02488,-4.94845,0.476598
326,4.2119,-4.72146,0.44057
326,5.33394,-3.91668,1.32187
326,4.04961,-5.02354,0.471476
326,4.22059,-4.70074,0.267143
326,5.09831,-3.62879,0.418154
326,4.22684,-4.70462,0.261206
326,4.22854,-4.715,0.267667
326,4.23772,-4.7254,0.265064
326,4.08782,-5.10014,0.472708
326,4.24748,-4.79085,0.293254
326,4.07635,-5.0444,0.314443
326,4.05528,-5.03616,0.238669
326,4.10837,-5.14639,0.208799
326,4.118,-5.20754,0.239321
326,4.94657,-3.46504,-0.513204
326,5.08179,-3.23256,-0.595085
326,5.0938,-3.41865,-0.353982
326,5.09273,-3.2863,-0.540246
326,5.04586,-3.53818,-0.436987
326,5.22342,-3.45584,-0.26748
326,5.02935,-3.53053,-0.535296
326,5.04836,-3.53218,-0.504897
326,5.03384,-3.51839,-0.555565
326,5.0216,-3.51942,-0.576602
326,5.18241,-3.39822,-0.500857
326,5.16702,-3.40539,-0.570534
326,5.59753,-4.34515,1.28563
326,4.19729,-5.43646,0.178022
326,5.29458,-3.58148,-0.309989
326,5.28253,-3.63587,-0.324154
326,5.34478,-3.53841,-0.366398
326,5.3575,-3.54865,-0.363331
326,5.37316,-3.61817,-0.30182
326,5.38123,-3.61232,-0.359836
326,5.19758,-3.63989,-0.645988
326,5.39458,-3.59127,-0.3917
326,5.05783,-4.22365,-0.211663
326,5.091,-4.08926,-0.391188
326,5.31996,-3.76696,-0.490406
326,5.6233,-4.82034,1.25941
326,5.49669,-4.27058,0.338023
326,5.18802,-4.20741,-0.274891
326,5.71483,-4.89212,1.18084
326,5.29863,-4.29618,-0.507366
326,5.68365,-4.45251,0.250397
326,5.61577,-4.74884,0.331721
326,5.41959,-4.49866,-0.398384
326,5.41505,-4.51265,-0.401577
326,5.41978,-4.67223,-0.617897
326,5.63433,-4.91008,-0.598254
326,5.61784,-4.96733,-0.720683
326,4.06794,-1.34079,0.307205
325,4.06794,-1.34079,0.307205
326,3.53499,-2.96804,0.0281855
325,3.53499,-2.96804,0.0281855
326,3.64333,-1.58535,0.311379
325,3.64333,-1.58535,0.311379
326,3.85147,-1.6199,1.27858
325,3.85147,-1.6199,1.27858
326,3.29996,-3.11192,0.00540268
325,3.29996,-3.11192,0.00540268
326,4.35651,-2.06662,1.20031
325,4.35651,-2.06662,1.20031
326,3.9763,-1.75211,1.21158
325,3.9763,-1.75211,1.21158
326,3.75161,-1.50808,1.20467
325,3.75161,-1.50808,1.20467
326,6.158,-2.39178,-0.145608
325,6.158,-2.39178,-0.145608
326,3.62846,-1.74226,1.1821
325,3.62846,-1.74226,1.1821
326,2.90337,-1.84777,-0.681703
321,2.90337,-1.84777,-0.681703
326,5.99062,-2.32474,-0.1694
321,5.99062,-2.32474,-0.1694
326,3.209,-3.18222,-0.590104
321,3.209,-3.18222,-0.590104
326,3.71258,-1.89609,-0.668582
321,3.71258,-1.89609,-0.668582
326,5.51047,-4.76869,1.07076
319,5.51047,-4.76869,1.07076
326,3.91288,-1.13823,0.357462
319,3.91288,-1.13823,0.357462
326,6.04064,-3.16787,0.079463
323,6.04064,-3.16787,0.079463
326,3.70716,-1.58431,1.14999
323,3.70716,-1.58431,1.14999
326,3.53118,-1.73626,-0.588264
315,3.53118,-1.73626,-0.588264
326,3.41896,-1.19214,-0.472857
322,3.41896,-1.19214,-0.472857
326,3.24729,-2.00102,-0.620896
314,3.24729,-2.00102,-0.620896
327,3.4142,-1.11296,0.142775
327,3.57854,-1.58454,1.22034
327,3.44593,-1.25888,0.324156
327,3.48024,-1.22689,0.336909
327,4.28188,-0.742695,1.32262
327,3.77912,-1.56862,1.29326
327,3.78717,-1.55982,1.26902
327,3.39178,-1.07209,-0.435957
327,3.76071,-1.55473,1.07065
327,3.53277,-1.50033,0.393013
327,2.89543,-1.79562,-0.608255
327,4.6067,0.337416,-0.142816
327,4.63894,0.341766,-0.147081
327,2.93939,-1.82655,-0.667624
327,3.50595,-1.5391,0.148736
327,3.91105,-1.53582,0.967003
327,3.46685,-1.19971,-0.565339
327,5.16812,0.0840103,1.16162
327,3.0258,-1.87752,-0.601325
327,5.27765,0.0284069,1.42358
327,5.29864,0.0265533,1.42055
327,3.53719,-1.58176,-0.0145271
327,4.86953,-0.043715,0.4885
327,3.07137,-1.92089,-0.61976
327,3.09269,-1.92795,-0.648278
327,5.30846,0.0244654,1.25497
327,3.14874,-1.93005,-0.555942
327,4.92523,-0.0538409,0.469978
327,5.1439,-0.0186906,0.888496
327,4.69416,-0.00718883,-0.147383
327,4.53109,-0.20435,-0.220679
327,3.16713,-1.9469,-0.568305
327,4.86775,0.231494,-0.190965
327,3.60293,-1.72248,0.00293756
327,3.93716,-1.68071,0.66741
327,3.57893,-1.55065,-0.340395
327,4.01812,-1.40083,0.370011
327,4.74189,-0.121503,-0.0165756
327,5.11174,0.0305305,0.495167
327,3.62969,-1.76921,-0.0253233
327,4.87321,-0.0174343,-0.0404633
327,5.32588,0.0607642,0.836849
327,5.22437,0.0209884,0.645151
327,5.35041,0.0540767,0.844148
327,3.25296,-2.02554,-0.626145
327,2.70205,-3.07059,-0.288695
327,3.26863,-2.03924,-0.646345
327,5.3319,-0.584039,1.68383
327,4.72478,-0.343231,-0.0755856
327,5.29485,-0.579146,1.50905
327,4.9448,0.0137442,-0.195507
327,5.40673,0.05651,0.735066
327,3.52778,-1.76969,-0.628467
327,5.06273,0.0968745,-0.129974
327,3.53342,-1.86605,-0.511078
327,3.52788,-1.83801,-0.629626
327,4.81191,-0.19861,-0.327577
327,3.5448,-1.78914,-0.698159
327,4.8207,-0.197903,-0.324268
327,5.27618,-0.618769,1.34616
327,3.56193,-1.80293,-0.656608
327,4.90786,-0.0516723,-0.382969
327,5.28739,-0.808305,1.62024
327,2.92712,-3.01937,-0.2543
327,5.32142,-0.148511,0.589816
327,2.82678,-3.27922,-0.138618
327,5.35738,-0.493983,1.16992
327,3.62327,-1.82766,-0.65233
327,5.365,-0.490398,1.1572
327,3.63582,-1.83678,-0.655555
327,3.56191,-1.93862,-0.664119
327,5.11796,-0.037915,-0.156458
327,5.48455,-0.698683,1.67568
327,5.4294,-0.617859,1.42594
327,3.433,-2.15623,-0.654671
327,5.41362,-0.850131,1.73804
327,4.89843,-0.268815,-0.334833
327,5.5221,-0.740758,1.74201
327,4.91629,-0.272039,-0.3399
327,3.61828,-1.97054,-0.616857
327,3.67146,-1.87525,-0.653135
327,4.21007,-1.90148,0.586833
327,5.49248,-0.504241,1.25502
327,5.08428,-0.215149,-0.119303
327,2.92952,-3.28998,-0.156855
327,3.68633,-1.90257,-0.658243
327,2.94387,-3.30939,-0.144781
327,4.94084,-0.265726,-0.419414
327,4.93982,-0.264922,-0.423317
327,2.97621,-3.16236,-0.327406
327,3.47013,-2.22196,-0.694486
327,3.54075,-2.19631,-0.606544
327,4.12852,-2.08605,0.514923
327,3.56126,-2.19836,-0.600272
327,5.15547,-0.63416,0.523787
327,3.55673,-2.19919,-0.618625
327,5.21309,-1.02287,1.23541
327,5.2864,-0.500464,0.579654
327,5.07589,-0.369929,-0.0939444
327,5.53875,-0.782866,1.55246
327,3.57464,-2.21708,-0.618529
327,5.39937,-1.0753,1.68151
327,3.27907,-3.05457,0.00556517
327,3.27275,-3.05105,-0.0185432
327,5.4186,-1.06428,1.68259
327,5.56723,-0.516852,1.16226
327,5.20927,-0.450379,0.247204
327,5.10154,-0.382299,-0.142654
327,5.12806,-0.376347,-0.133893
327,3.11131,-3.30131,-0.0935059
327,5.17202,-0.383843,-0.0506235
327,5.38582,-1.13148,1.58798
327,5.39173,-1.08327,1.51268
327,5.25344,-0.691937,0.560254
327,5.25804,-0.694026,0.566346
327,5.1382,-0.738528,0.366035
327,5.41829,-0.978642,1.30618
327,3.10376,-3.45085,-0.0455078
327,3.12545,-3.38352,-0.11977
327,5.5488,-0.903524,1.40944
327,3.28226,-3.30692,0.0776825
327,5.4061,-1.12421,1.42511
327,3.30977,-3.39945,0.278413
327,5.24253,-0.393158,-0.0815979
327,3.48311,-3.00661,0.02469
327,5.51783,-1.20822,1.74173
327,5.48423,-0.599299,0.714678
327,5.4088,-1.14317,1.37644
327,3.38917,-3.13882,-0.0338361
327,5.57534,0.0740509,-0.154711
327,5.35077,-0.663169,0.472575
327,5.346,-1.11785,1.16174
327,3.12259,-3.52374,-0.0663584
327,5.14593,-0.434482,-0.357544
327,5.41718,-0.974856,1.0854
327,5.42832,-1.12938,1.34132
327,5.53485,-1.0855,1.50592
327,5.48497,-1.06131,1.30612
327,3.58498,-2.97488,0.0237867
327,3.50543,-3.08416,-0.000412703
327,3.55634,-3.07196,0.0845233
327,5.40966,-0.683355,0.505063
327,3.10273,-3.27193,-0.623823
327,3.36572,-3.5297,0.360696
327,5.50444,-1.06578,1.30416
327,5.51205,-1.0706,1.30763
327,3.69037,-3.10528,0.375567
327,3.68756,-3.12492,0.389595
327,3.60584,-3.00213,0.0159689
327,3.68634,-3.1236,0.378845
327,3.69617,-3.11756,0.385606
327,4.75216,-1.59873,0.275838
327,5.52204,-0.680099,0.552905
327,3.72674,-3.15959,0.372537
327,5.72227,-0.350346,0.453009
327,3.71253,-3.1823,0.365579
327,3.37237,-3.7087,0.423339
327,5.43395,-0.494386,0.0210962
327,3.67643,-3.22602,0.335933
327,5.26544,-0.980595,0.38568
327,5.4879,-1.00251,0.899534
327,5.47433,-1.00575,0.867226
327,5.27696,-0.989561,0.378439
327,3.41606,-3.6521,0.325062
327,5.30603,-1.05153,0.477255
327,5.30016,-0.998299,0.365579
327,5.4913,-1.25976,1.18571
327,5.51982,-1.01556,0.859977
327,5.49269,-1.24904,1.15559
327,5.51534,-1.22182,0.977731
327,5.58361,-0.276336,-0.340165
327,3.72451,-3.21012,0.0637972
327,4.91676,-1.64048,0.286034
327,5.38313,-1.13882,0.533187
327,5.54248,-1.22284,0.981185
327,5.55865,-1.24381,1.03074
327,5.36651,-1.12961,0.421931
327,5.46022,-1.20388,0.736456
327,5.40761,-1.14507,0.520661
327,5.49143,-1.18321,0.750837
327,3.73612,-3.26827,0.0224108
327,5.50893,-1.18725,0.723924
327,5.48512,-1.17698,0.64377
327,5.4865,-1.17769,0.64549
327,5.59139,-1.12076,0.789521
327,5.62672,-1.3138,1.15797
327,5.40953,-1.11754,0.321766
327,5.4151,-1.11801,0.322213
327,3.51716,-4.12154,0.323124
327,5.25359,-1.64963,0.263123
327,5.87607,-1.1304,0.837531
327,5.62376,-1.32646,0.404885
327,5.64775,-1.34589,0.358582
327,5.47943,-1.56035,0.25606
327,5.48159,-1.56568,0.260349
327,3.89778,-4.33567,1.00981
327,6.21056,0.243421,-1.00089
327,5.70164,-1.37407,0.358704
327,3.91189,-4.62102,1.38919
327,6.24091,0.25444,-1.03481
327,5.56036,-1.57062,0.265621
327,5.2382,-2.18844,0.476616
327,5.57074,-1.60613,0.267622
327,5.59199,-1.58667,0.27563
327,3.97475,-4.51319,1.19728
327,5.58417,-1.61314,0.273316
327,3.98418,-4.53365,1.19684
327,3.91601,-4.65583,1.21407
327,4.66065,-3.16026,0.540891
327,3.97657,-4.68548,1.35889
327,3.96996,-4.70729,1.22158
327,3.95877,-4.74378,1.24943
327,5.35793,-2.26671,0.475118
327,3.96848,-4.76881,1.14296
327,4.90834,-2.82876,0.197471
327,5.40446,-2.29854,0.435375
327,3.96942,-4.76558,0.949399
327,3.98955,-4.81401,0.954194
327,4.08454,-4.89306,1.21318
327,3.99759,-4.83345,0.884379
327,5.1628,-3.69196,1.29005
327,4.17436,-4.62861,0.418399
327,6.82654,0.178567,-1.14234
327,7.1056,-1.25352,1.62794
327,5.21006,-3.94679,1.57676
327,5.54744,-3.55034,1.50393
327,5.40983,-3.84339,1.58356
327,5.45096,-3.80064,1.54923
327,5.09126,-3.61107,0.420476
327,4.0796,-5.08878,0.458322
327,5.5219,-3.76367,1.58206
327,5.61011,-3.51825,1.36388
327,5.07476,-3.70719,0.439252
327,4.10373,-5.09664,0.377449
327,5.12492,-3.66387,0.389607
327,5.56191,-3.8211,1.5903
327,5.56584,-3.82839,1.5907
327,5.07852,-3.20181,-0.576021
327,5.7155,-3.70585,1.57234
327,5.47693,-4.02601,1.51051
327,5.08894,-3.26516,-0.609592
327,5.40092,-4.24041,1.58201
327,5.56571,-3.85307,1.32751
327,5.31634,-4.3461,1.49121
327,5.15432,-3.2816,-0.636605
327,5.34069,-4.52214,1.57624
327,5.48409,-4.28791,1.52513
327,5.07664,-3.58979,-0.535936
327,5.21231,-4.65486,1.33546
327,5.84661,-3.75871,1.35535
327,5.09285,-3.60761,-0.566448
327,5.41379,-4.54318,1.5539
327,5.19397,-3.48757,-0.59321
327,5.11521,-3.63398,-0.584377
327,5.41394,-4.62564,1.51975
327,5.3277,-3.96859,0.295858
327,5.49913,-4.54199,1.52122
327,5.36973,-3.53716,-0.346811
327,5.39195,-3.55824,-0.332194
327,5.41877,-4.68804,1.4659
327,5.35317,-3.48534,-0.725881
327,5.38377,-3.68189,-0.364146
327,5.14235,-4.12173,-0.26525
327,5.33907,-4.69566,0.736711
327,5.45615,-4.99694,1.45491
327,5.51892,-4.66839,1.04294
327,5.1908,-4.20519,-0.427693
327,5.49667,-4.90143,1.18895
327,5.39979,-4.81238,0.761
327,5.55849,-5.16254,1.45957
327,5.58566,-5.15388,1.45324
327,5.48005,-4.58656,0.200083
327,5.37208,-4.46019,-0.36421
327,5.46095,-4.80731,-0.664274
327,3.79507,-1.57575,1.11117
326,3.79507,-1.57575,1.11117
327,3.56301,-1.28502,0.230331
326,3.56301,-1.28502,0.230331
327,3.75801,-1.51607,0.720488
326,3.75801,-1.51607,0.720488
327,4.11079,-1.64932,0.707908
326,4.11079,-1.64932,0.707908
327,3.36155,-1.10507,0.391371
326,3.36155,-1.10507,0.391371
327,3.49372,-1.62869,1.20141
326,3.49372,-1.62869,1.20141
327,3.70634,-1.60459,1.13451
326,3.70634,-1.60459,1.13451
327,3.6902,-1.50619,1.21732
326,3.6902,-1.50619,1.21732
327,3.57709,-1.71831,1.19543
326,3.57709,-1.71831,1.19543
327,4.8647,-1.66623,0.246914
326,4.8647,-1.66623,0.246914
327,4.01948,-1.60903,0.94963
326,4.01948,-1.60903,0.94963
327,5.7262,-0.500429,0.368307
326,5.7262,-0.500429,0.368307
327,3.627,-1.75358,-0.0197738
326,3.627,-1.75358,-0.0197738
327,3.33301,-1.42918,1.17241
326,3.33301,-1.42918,1.17241
327,3.51337,-1.6387,1.19715
326,3.51337,-1.6387,1.19715
327,3.55025,-1.60636,0.935695
326,3.55025,-1.60636,0.935695
327,3.83455,-1.60779,1.08363
326,3.83455,-1.60779,1.08363
327,3.75678,-1.51827,1.05364
326,3.75678,-1.51827,1.05364
327,4.01948,-1.60903,0.94963
326,4.01948,-1.60903,0.94963
327,3.18884,-3.14889,-0.566891
326,3.18884,-3.14889,-0.566891
327,5.81247,-0.267037,-0.779489
326,5.81247,-0.267037,-0.779489
327,3.6618,-3.10173,0.13162
326,3.6618,-3.10173,0.13162
327,3.83306,-1.8371,0.682605
326,3.83306,-1.8371,0.682605
327,3.46438,-1.50273,0.942645
326,3.46438,-1.50273,0.942645
327,3.46289,-1.26244,1.21968
326,3.46289,-1.26244,1.21968
327,3.11429,-3.15809,-0.436844
326,3.11429,-3.15809,-0.436844
327,2.9301,-0.845373,1.24432
326,2.9301,-0.845373,1.24432
327,3.76636,-1.76767,0.706928
326,3.76636,-1.76767,0.706928
327,3.24495,-1.2795,1.00263
326,3.24495,-1.2795,1.00263
327,5.93134,-5.20411,-0.84937
325,5.93134,-5.20411,-0.84937
327,3.82329,-1.63188,1.21961
325,3.82329,-1.63188,1.21961
327,2.6134,-0.985837,0.846455
319,2.6134,-0.985837,0.846455
327,5.25311,-4.34824,1.49932
319,5.25311,-4.34824,1.49932
327,2.62175,-0.993081,0.848858
319,2.62175,-0.993081,0.848858
327,3.19246,-3.24131,0.547462
319,3.19246,-3.24131,0.547462
327,4.15871,-4.57207,0.31849
319,4.15871,-4.57207,0.31849
327,3.5507,-1.53045,-0.366558
320,3.5507,-1.53045,-0.366558
327,3.89654,-1.13673,0.362403
323,3.89654,-1.13673,0.362403
327,5.2215,-3.85484,1.13747
323,5.2215,-3.85484,1.13747
327,4.48691,-5.47571,1.31141
323,4.48691,-5.47571,1.31141
327,5.46846,-1.20857,1.04032
323,5.46846,-1.20857,1.04032
327,3.2864,-3.19839,0.902787
323,3.2864,-3.19839,0.902787
327,4.02039,-4.50523,1.0675
323,4.02039,-4.50523,1.0675
327,3.99862,-4.82023,0.962508
323,3.99862,-4.82023,0.962508
327,4.03619,-4.19297,0.467741
324,4.03619,-4.19297,0.467741
327,5.09788,-4.34836,1.0733
315,5.09788,-4.34836,1.0733
327,5.38015,-4.49005,1.03123
315,5.38015,-4.49005,1.03123
327,5.64612,-3.64551,1.51598
315,5.64612,-3.64551,1.51598
327,3.57958,-1.77249,-0.618729
315,3.57958,-1.77249,-0.618729
327,3.47355,-1.72624,-0.627289
321,3.47355,-1.72624,-0.627289
327,5.37816,-4.67865,-0.37553
321,5.37816,-4.67865,-0.37553
327,3.414,-2.98815,0.00477066
321,3.414,-2.98815,0.00477066
327,3.92855,-4.56709,1.0209
316,3.92855,-4.56709,1.0209
327,3.87991,-4.571,1.05324
316,3.87991,-4.571,1.05324
327,5.10257,-4.4145,0.298866
318,5.10257,-4.4145,0.298866
327,5.22007,-3.84094,0.426152
318,5.22007,-3.84094,0.426152
328,2.80817,-2.0013,1.34399
328,3.44729,-1.15532,0.34175
328,3.49408,-1.19864,0.347554
328,3.44778,-1.33007,0.368383
328,3.44623,-1.45976,0.354867
328,3.46405,-1.46964,0.358356
328,3.57009,-1.56812,1.22839
328,3.50824,-1.49131,0.36634
328,3.6072,-1.49694,0.722504
328,4.58336,0.0323598,-0.0480987
328,3.67041,-1.58441,1.18026
328,3.59616,-1.57647,0.699054
328,3.66046,-1.45133,0.384342
328,3.63766,-1.69361,0.993488
328,3.7566,-1.54595,1.07293
328,3.70737,-1.46962,0.368171
328,3.69692,-1.59135,0.802181
328,3.77049,-1.56545,1.07875
328,3.81052,-1.56026,1.22109
328,3.79951,-1.58582,1.2621
328,3.80431,-1.5813,1.24852
328,3.79487,-1.59976,1.26909
328,4.38809,-0.783864,1.30425
328,3.7701,-1.447,0.391016
328,3.57388,-1.65121,0.0301926
328,3.88458,-1.30919,0.391375
328,3.79488,-1.56774,0.938027
328,3.58002,-1.6576,0.0237108
328,3.81756,-1.61802,1.26855
328,3.86316,-1.49581,0.969406
328,3.77644,-1.49759,0.368365
328,3.88516,-1.50589,0.980765
328,3.8899,-1.50239,0.968825
328,3.62567,-1.64845,-0.00952768
328,4.0237,-1.17719,0.366218
328,3.89267,-1.50758,0.96958
328,3.5916,-1.73627,-0.00520897
328,3.91664,-1.54051,0.944361
328,3.70086,-1.72752,0.0127988
328,3.9652,-1.54266,0.765576
328,4.75559,-0.252223,0.00708044
328,4.99233,-0.061271,0.446832
328,4.0229,-1.58872,0.722381
328,2.92345,-3.00837,-0.259272
328,4.89951,-0.702865,1.63382
328,4.93897,-0.713952,1.63943
328,4.0058,-1.85587,0.804337
328,4.98666,-0.568859,1.11124
328,2.85271,-3.34006,-0.15185
328,5.02942,-0.736611,1.64076
328,4.97315,-0.464458,0.156717
328,2.93255,-3.29159,-0.140525
328,5.0352,-0.31368,-0.114637
328,3.41928,-2.56538,-0.373288
328,2.95782,-3.28027,-0.354093
328,5.08271,-0.318986,-0.133358
328,5.14161,-0.619127,1.41324
328,2.96235,-3.34959,-0.181962
328,3.46424,-2.62911,-0.420604
328,5.05643,-0.424857,-0.294507
328,5.14661,-0.383221,-0.0350622
328,5.10293,-0.496507,0.128333
328,3.27376,-3.07261,0.0167329
328,5.36813,-0.49001,1.6271
328,3.11999,-3.29219,-0.0937881
328,5.00613,-0.949923,1.23849
328,3.11941,-3.33178,-0.0824186
328,5.13831,-0.430044,-0.251183
328,5.296,-0.591092,1.29967
328,5.01735,-1.00539,1.25355
328,5.42581,-0.495537,1.53834
328,3.31568,-3.12231,-0.0136364
328,3.23247,-3.29099,0.166289
328,3.14243,-3.24957,-0.624213
328,5.21302,-0.462109,-0.00735033
328,5.27485,-0.825694,1.83251
328,3.1094,-3.45027,-0.0491985
328,3.15865,-3.27999,-0.492022
328,3.10947,-3.46345,-0.0434557
328,3.14462,-3.40992,-0.123242
328,5.21692,-0.629732,0.505853
328,3.38589,-3.108,-0.0217013
328,5.2174,-0.448465,-0.294401
328,3.36018,-3.21878,0.210153
328,3.37418,-3.13761,-0.0881579
328,3.10117,-3.53567,-0.0691847
328,3.49571,-2.99075,-0.00615788
328,3.37833,-3.21313,0.212767
328,3.14775,-3.46445,-0.114302
328,3.1245,-3.5138,-0.0628159
328,5.31825,-0.81958,1.68202
328,3.35693,-3.19914,-0.0413368
328,5.32383,-0.856763,1.83923
328,5.31397,-0.468449,0.0898176
328,3.39325,-3.17174,-0.0232822
328,3.5277,-3.00118,0.035489
328,5.39514,-0.513502,0.712272
328,5.43098,-0.61955,1.30659
328,3.4438,-3.1364,-0.0501974
328,5.33668,-0.658977,0.745589
328,3.53307,-3.04019,-0.00931442
328,3.5565,-3.03847,0.0175072
328,3.33147,-3.42998,0.299167
328,5.31482,-0.468727,-0.323776
328,5.16374,-0.889758,0.446606
328,3.52569,-3.10956,-0.0195998
328,3.56036,-3.08502,0.0685353
328,3.3163,-3.53124,0.46354
328,3.59603,-3.03311,-0.00177908
328,5.17913,-0.898076,0.452373
328,5.18786,-0.895211,0.440459
328,5.55344,-0.585227,1.29095
328,3.62116,-3.02714,-0.00340009
328,5.50045,-0.514367,0.641323
328,3.34893,-3.50667,0.353549
328,3.57504,-3.1101,0.0202533
328,3.56708,-3.13288,0.0581164
328,5.25389,-1.08629,1.38635
328,5.60129,-0.344435,0.312733
328,3.37305,-3.50581,0.28767
328,5.38867,-0.963481,1.6224
328,5.48727,-0.892237,1.8494
328,3.65551,-3.07863,0.114163
328,3.58639,-3.16644,0.0517329
328,5.38959,-1.02985,1.60573
328,3.59733,-3.20829,0.0294032
328,5.4106,-0.913248,1.14184
328,5.27422,-0.945396,0.462431
328,5.53255,-0.922153,1.83225
328,3.71419,-3.15755,0.376698
328,5.50029,-0.970319,1.82916
328,5.54136,-0.920267,1.85415
328,5.41846,-1.04913,1.63655
328,5.60554,-0.835381,1.8296
328,3.70864,-3.18124,0.347681
328,3.72537,-3.17389,0.373951
328,5.43474,-1.06448,1.68028
328,3.72098,-3.18757,0.352321
328,5.38409,-1.13358,1.59485
328,5.43914,-1.07048,1.64632
328,5.32274,-0.952657,0.450425
328,5.352,-1.12129,1.32211
328,5.42893,-1.1105,1.68345
328,5.41016,-1.15592,1.74512
328,3.73601,-3.20761,0.356108
328,5.45619,-1.07105,1.63268
328,5.53201,-1.00491,1.75027
328,5.46195,-1.09138,1.69463
328,5.34845,-0.961117,0.433466
328,5.45177,-1.12012,1.68512
328,5.61256,-0.961307,1.8454
328,3.43525,-3.69575,0.333539
328,5.62949,-0.960772,1.85143
328,5.43612,-1.21342,1.75814
328,5.34226,-1.04172,0.422672
328,5.44301,-1.21756,1.75468
328,5.37797,-1.11606,0.918471
328,4.39345,-2.77221,1.91151
328,5.38312,-1.12566,0.849854
328,5.5683,-1.10557,1.82488
328,5.62028,-1.03284,1.76817
328,5.50121,-1.21495,1.80015
328,3.42753,-3.84674,0.405958
328,5.5268,-1.01388,0.893186
328,5.54442,-1.17449,1.62491
328,5.51765,-1.01061,0.732752
328,5.55222,-1.21949,1.81169
328,5.5207,-1.12808,0.958827
328,5.46791,-1.17077,0.760991
328,5.52684,-1.09981,0.809799
328,5.5042,-1.20305,1.09049
328,5.47923,-1.17464,0.751284
328,6.14663,0.126222,-0.729831
328,5.66264,-1.12181,1.43479
328,5.78339,-0.570251,-0.198006
328,5.64607,-1.11115,0.952753
328,5.6291,-1.07134,0.475857
328,6.01614,-0.38538,-0.331697
328,5.58116,-1.26843,0.542934
328,5.5698,-1.26335,0.334235
328,4.5907,-2.88181,1.2005
328,5.67463,-1.3565,0.384282
328,6.10557,-1.02585,1.50056
328,5.70275,-1.3576,0.38028
328,5.69819,-1.36478,0.361762
328,5.9081,-1.15918,0.625094
328,4.84555,-3.14646,2.60905
328,4.9636,-3.14764,2.59733
328,4.96456,-3.14865,2.59776
328,3.69036,-4.49796,0.276892
328,5.92707,-1.48566,0.338399
328,3.99522,-4.65636,1.74148
328,5.66842,-1.94486,0.28229
328,4.00044,-4.70083,1.77565
328,5.18838,-3.28241,2.66727
328,5.1551,-3.40143,2.64661
328,5.18735,-2.97732,0.310154
328,5.00118,-3.53891,1.282
328,5.0471,-3.60241,1.26492
328,4.18643,-4.66372,0.446717
328,4.21796,-4.66075,0.458614
328,4.56553,-4.80345,2.96119
328,4.22158,-4.72504,0.434023
328,4.24971,-4.69313,0.417469
328,4.74638,-4.60297,2.89807
328,7.11589,-1.04966,2.09984
328,5.18832,-3.96915,2.76824
328,5.18655,-3.69762,1.277
328,5.14745,-3.29988,-0.626797
328,5.13366,-3.3398,-0.59252
328,5.66817,-3.43779,2.88684
328,4.94348,-4.20407,1.71591
328,5.68547,-3.47157,2.90026
328,5.69124,-3.4921,2.98031
328,5.19768,-3.35741,-0.659218
328,5.69274,-3.56443,3.02261
328,4.13641,-5.20771,0.476901
328,5.17759,-3.73583,0.380512
328,5.28939,-3.92073,1.54898
328,5.8103,-3.60118,3.11097
328,5.76974,-3.67335,3.1144
328,5.7896,-3.60522,2.90724
328,5.76378,-3.67588,2.93607
328,5.16555,-3.67793,-0.610736
328,5.35266,-3.9427,1.57542
328,5.47593,-3.78226,1.57478
328,5.49316,-3.7641,1.59048
328,5.31999,-3.48461,-0.735715
328,4.18956,-5.37651,0.45352
328,5.3375,-3.97958,1.40404
328,5.28054,-4.07369,1.44546
328,5.55112,-3.74792,1.57956
328,5.84178,-3.65788,2.84013
328,5.35443,-3.60059,-0.343387
328,5.59583,-3.72845,1.6014
328,5.36412,-3.60414,-0.343579
328,5.34848,-3.63012,-0.343362
328,5.404,-3.56753,-0.350263
328,5.50065,-4.20968,2.84859
328,5.38904,-4.10364,1.60753
328,4.24587,-5.45006,0.426682
328,5.36525,-4.14579,1.59681
328,5.5916,-4.15963,2.97274
328,7.59708,-1.13847,2.14601
328,5.53894,-4.25074,2.92869
328,5.29398,-4.25163,1.36879
328,5.3804,-4.21729,1.60103
328,5.65973,-3.82804,1.58693
328,5.12941,-4.15771,-0.289993
328,5.28704,-4.33406,1.33707
328,5.41462,-4.22101,1.55422
328,5.65189,-4.2422,2.99071
328,5.95322,-3.8427,3.01229
328,5.37177,-4.43913,1.57339
328,5.18012,-4.2333,-0.446826
328,5.26432,-4.64372,1.76854
328,5.59122,-4.61761,3.06899
328,5.61857,-4.61986,3.07245
328,6.09577,-3.9805,3.06805
328,6.09747,-3.97833,3.0625
328,5.24296,-4.34204,-0.547405
328,5.43603,-4.59452,1.537
328,5.46218,-4.62326,1.60926
328,5.29155,-4.36748,-0.491294
328,5.58613,-4.4632,1.56554
328,6.50315,-3.62323,3.28381
328,5.57088,-4.57654,1.6189
328,5.80941,-4.56894,2.98903
328,5.49216,-4.63626,1.2214
328,5.83623,-4.58798,3.03264
328,5.47807,-4.74193,1.45548
328,5.38807,-4.90874,1.47551
328,5.47588,-4.81575,1.52043
328,5.61534,-4.63694,1.57411
328,5.53911,-4.67869,1.2824
328,5.43533,-5.00567,1.48019
328,5.84257,-4.88382,3.17244
328,6.00007,-4.60833,2.92385
328,8.23414,-1.30099,2.26519
328,5.60988,-4.90623,1.72165
328,8.29673,-1.2945,2.26817
328,5.65419,-4.90226,1.58693
328,5.58205,-4.71385,0.314815
328,5.58956,-4.74105,0.351429
328,6.01764,-4.82807,3.08891
328,5.55433,-5.15615,1.48901
328,8.44649,-1.3409,2.28538
328,6.14298,-4.79489,2.99586
328,8.58772,-1.36441,2.31022
328,8.59672,-1.36086,2.32376
328,6.22937,-4.90142,3.03561
328,6.39735,-5.06485,3.07806
328,6.41254,-5.08425,3.0893
328,6.45698,-5.12053,3.1005
328,6.81431,-4.70773,3.25047
328,9.75189,0.211563,-2.21264
328,4.21465,-1.34579,0.339323
327,4.21465,-1.34579,0.339323
328,3.9937,-2.09819,1.01874
327,3.9937,-2.09819,1.01874
328,5.12091,-0.436354,-0.239274
327,5.12091,-0.436354,-0.239274
328,3.58738,-1.50792,0.278037
327,3.58738,-1.50792,0.278037
328,3.72428,-1.85309,1.24155
327,3.72428,-1.85309,1.24155
328,4.02422,-1.68777,0.289639
327,4.02422,-1.68777,0.289639
328,2.59024,-1.51755,1.25026
327,2.59024,-1.51755,1.25026
328,5.21025,0.0322645,0.849504
327,5.21025,0.0322645,0.849504
328,4.9531,-4.0219,1.10602
326,4.9531,-4.0219,1.10602
328,4.05272,-5.0396,0.276383
326,4.05272,-5.0396,0.276383
328,2.9664,-3.23491,-0.365397
326,2.9664,-3.23491,-0.365397
328,5.41969,-1.03673,0.579784
326,5.41969,-1.03673,0.579784
328,3.95862,-1.62623,1.00304
326,3.95862,-1.62623,1.00304
328,5.71148,-4.28844,2.28438
319,5.71148,-4.28844,2.28438
328,5.58842,-4.74547,1.12199
319,5.58842,-4.74547,1.12199
328,5.68666,-4.26048,2.2722
319,5.68666,-4.26048,2.2722
328,5.41242,-1.1505,1.11946
319,5.41242,-1.1505,1.11946
328,5.26901,-4.73544,1.46986
319,5.26901,-4.73544,1.46986
328,5.03263,-4.43152,-0.317014
324,5.03263,-4.43152,-0.317014
328,5.48225,-4.40884,2.93109
324,5.48225,-4.40884,2.93109
328,4.77049,-2.98449,1.25697
324,4.77049,-2.98449,1.25697
328,3.86293,-1.63878,1.29131
325,3.86293,-1.63878,1.29131
328,5.35871,-3.53949,-0.392485
325,5.35871,-3.53949,-0.392485
328,3.55372,-1.60821,1.21125
325,3.55372,-1.60821,1.21125
328,3.83047,-1.70515,1.19644
325,3.83047,-1.70515,1.19644
328,3.38517,-1.22881,1.28094
325,3.38517,-1.22881,1.28094
328,5.54633,-1.62062,0.262313
320,5.54633,-1.62062,0.262313
328,5.41454,-4.66944,1.23607
320,5.41454,-4.66944,1.23607
328,3.55966,-1.56773,0.0350487
323,3.55966,-1.56773,0.0350487
328,5.33779,-3.49465,-0.329059
315,5.33779,-3.49465,-0.329059
328,5.25567,-3.81151,1.2843
315,5.25567,-3.81151,1.2843
328,5.35807,-0.541619,1.20704
203,5.35807,-0.541619,1.20704
328,5.29167,0.0224014,0.855536
203,5.29167,0.0224014,0.855536
329,2.13647,0.135544,1.02196
329,3.45718,-1.18388,0.36158
329,3.42441,-1.24363,0.355403
329,3.43603,-1.26099,0.36818
329,3.44284,-1.25177,0.344595
329,3.49322,-1.17882,0.327627
329,3.42332,-1.28321,0.329936
329,3.43168,-1.29032,0.330625
329,3.43307,-1.29128,0.340636
329,3.44355,-1.36887,0.362052
329,3.44951,-1.37411,0.365082
329,3.44851,-1.37945,0.360097
329,3.54604,-1.54393,0.0319688
329,3.90551,-1.12684,0.330728
329,3.56985,-1.59925,-0.0242772
329,3.87544,-1.21476,0.379959
329,3.57902,-1.60816,-0.0339525
329,3.89862,-1.23127,0.377288
329,3.95817,-1.16558,0.318192
329,3.72898,-1.51633,0.368173
329,3.93066,-1.22935,0.371741
329,3.76612,-1.58693,1.20247
329,3.6031,-1.70402,0.00151277
329,3.60101,-1.70706,-0.00094521
329,3.91928,-1.30827,0.381498
329,3.77606,-1.62066,1.20682
329,3.83688,-1.51113,1.00896
329,3.80017,-1.60183,1.19486
329,3.9729,-1.26211,0.386317
329,3.80357,-1.60448,1.20717
329,3.78928,-1.6246,1.1892
329,3.93786,-1.31796,0.378669
329,3.8677,-1.49011,0.957301
329,3.79265,-1.62727,1.20152
329,3.60793,-1.74439,-0.00403607
329,3.87851,-1.47545,0.957111
329,3.87684,-1.46702,0.827955
329,3.88103,-1.49112,0.964074
329,3.78341,-1.55711,0.357503
329,3.88112,-1.49573,0.979073
329,3.87622,-1.49797,0.88342
329,3.889,-1.47673,0.801883
329,3.88509,-1.49941,0.941987
329,3.62746,-1.75459,-0.00912642
329,3.62211,-1.76823,0.0163133
329,3.87827,-1.53126,0.963918
329,5.03414,0.090841,1.08339
329,3.90559,-1.49747,0.881623
329,3.86305,-1.56289,0.874748
329,3.90125,-1.53239,0.964521
329,3.90539,-1.54969,0.960109
329,3.93958,-1.51031,0.826488
329,2.90526,-2.94793,-0.248031
329,3.97135,-1.54874,0.739939
329,5.2331,0.130655,1.66845
329,5.22058,0.109019,1.69552
329,5.2358,0.131937,1.6251
329,4.11858,-1.33014,0.33327
329,5.24962,0.0970557,1.70836
329,5.0993,0.0820482,-0.172619
329,5.23822,0.0236754,1.42613
329,4.87147,-0.420125,0.318139
329,5.28939,0.0236478,1.49388
329,5.35491,0.0839294,1.72822
329,2.93488,-3.27266,-0.126049
329,5.49081,0.0338318,2.37757
329,5.31036,-0.0177574,0.283885
329,5.09898,-0.37464,-0.0335455
329,5.38442,0.00899693,-0.114095
329,5.11236,-0.432595,0.276924
329,4.31518,-1.6038,0.292434
329,3.1103,-3.31056,-0.0707163
329,5.15333,-0.482334,0.261879
329,3.07543,-3.4209,-0.0386288
329,3.31432,-3.15687,-0.0236712
329,3.32646,-3.14319,-0.0158274
329,5.42192,-0.483509,2.35819
329,5.3391,-0.520627,1.53069
329,3.34559,-3.18206,-0.0284038
329,5.40245,-0.319672,0.537724
329,5.35653,-0.485396,1.26404
329,5.2589,-0.504077,0.236654
329,5.33787,-0.437212,0.466256
329,5.4052,-0.493729,1.6262
329,5.46753,-0.50076,2.37317
329,3.4105,-3.15104,-0.0133928
329,3.49463,-3.03505,0.0027982
329,5.35264,-0.439585,0.449397
329,3.29399,-3.33458,0.0680127
329,3.27164,-3.38194,0.124646
329,5.48079,-0.503257,2.37558
329,5.48108,-0.506675,2.37642
329,3.26678,-3.3951,0.112694
329,3.30708,-3.38373,0.314577
329,5.34941,-0.603379,1.30487
329,3.5528,-3.01285,-0.0160348
329,5.40907,-0.470586,0.855756
329,5.35622,-0.471808,0.213461
329,3.58696,-2.98827,0.00940943
329,3.61825,-2.95783,0.0296826
329,3.56372,-3.06671,0.0720297
329,3.59356,-3.02184,0.0200233
329,3.32175,-3.45654,0.37255
329,3.34899,-3.42621,0.319935
329,5.45587,-0.495348,0.936874
329,3.57243,-3.08183,0.0674279
329,5.15996,-0.875015,0.44244
329,3.62133,-3.02021,0.00890195
329,3.56484,-3.11316,0.0609713
329,3.62193,-3.03851,0.109224
329,5.33002,-0.717017,1.01406
329,5.58268,-0.348682,0.519777
329,5.49255,-0.512995,0.567647
329,3.65873,-3.10608,0.357146
329,3.65213,-3.11228,0.106019
329,3.58756,-3.22088,0.0114993
329,5.2496,-0.907589,0.42632
329,5.56695,-0.530857,0.914463
329,5.52262,-0.55519,0.537788
329,3.70516,-3.09481,-0.0218008
329,3.39756,-3.58487,0.349726
329,3.70253,-3.10453,-0.0227741
329,3.70762,-3.14638,0.365788
329,3.71016,-3.15996,0.365715
329,3.72013,-3.19005,0.340363
329,3.73272,-3.18246,0.376472
329,4.67947,-1.84575,0.193725
329,3.74243,-3.21323,0.357835
329,3.38345,-3.74176,0.379137
329,4.94432,-1.52643,0.348756
329,3.73569,-3.22304,0.060105
329,4.97666,-1.54106,0.337068
329,5.50059,-1.00055,1.63065
329,5.56288,-0.941633,1.83736
329,4.9479,-1.639,0.325745
329,5.41292,-1.14065,1.60976
329,5.41434,-1.14521,1.60241
329,5.47184,-1.09398,1.61907
329,5.57213,-0.97741,1.82674
329,5.41215,-1.14949,1.26417
329,5.4235,-1.05434,0.437253
329,5.46681,-1.11472,1.31188
329,3.44962,-3.8823,0.368925
329,5.50017,-1.0649,1.20206
329,5.08554,-1.58244,0.322889
329,5.52596,-1.02383,0.87922
329,5.55632,-1.08746,1.21804
329,4.9343,-1.85573,0.233045
329,4.87857,-1.9341,0.138799
329,5.54832,-1.18524,1.63368
329,5.74142,-1.06643,2.77143
329,5.61833,-1.10925,1.66871
329,5.59026,-1.09891,1.21723
329,5.59459,-1.1799,1.64692
329,3.52549,-4.04032,0.383592
329,5.65611,-1.28491,1.76868
329,3.57937,-4.14179,0.350591
329,5.58083,-1.31242,0.443403
329,5.63739,-1.33391,0.401568
329,5.64756,-1.34738,0.380489
329,5.66717,-1.36293,0.389479
329,5.51154,-1.60399,0.314351
329,5.56013,-1.56599,0.307926
329,5.54853,-1.59223,0.309834
329,5.53344,-1.61441,0.30738
329,5.57421,-1.60305,0.311726
329,3.85562,-4.66378,2.87608
329,3.90507,-4.59835,2.86281
329,5.38957,-2.29356,0.44475
329,3.95374,-4.50441,1.67653
329,5.22812,-2.54362,0.486012
329,4.04767,-4.57067,2.99818
329,5.58008,-2.39852,2.97736
329,5.42542,-2.31804,0.418498
329,5.60066,-2.44749,2.98169
329,5.64812,-2.42053,3.02603
329,4.19012,-4.50688,3.02695
329,5.63571,-2.44174,3.00346
329,5.62698,-2.46538,2.99445
329,5.63286,-2.46901,3.03273
329,5.66868,-2.44973,2.95661
329,5.67417,-2.44464,2.94763
329,4.21913,-4.53784,3.04617
329,4.06862,-4.58707,1.51079
329,4.96399,-3.30648,1.22764
329,4.26689,-4.5319,2.99113
329,4.14717,-4.70573,2.91051
329,4.33872,-4.44233,2.95154
329,4.03579,-4.74186,1.76293
329,4.03412,-4.78671,1.75146
329,5.82033,-2.47967,3.05742
329,4.0604,-4.86486,1.77111
329,5.80712,-2.54572,3.01562
329,5.79736,-2.57371,3.09007
329,4.04762,-4.9274,1.77514
329,4.47206,-4.46976,2.9814
329,5.04859,-3.21918,-0.585033
329,3.985,-4.87562,0.523066
329,4.1638,-4.6068,0.410836
329,4.44655,-4.49991,2.84413
329,3.98635,-4.86352,0.30158
329,4.16591,-4.63673,0.452192
329,5.35678,-2.97171,0.693915
329,5.21004,-3.45022,2.78637
329,5.00213,-3.56571,1.27303
329,4.17561,-4.62657,0.29555
329,5.30726,-3.36456,3.16453
329,4.00709,-4.87735,0.294329
329,5.21798,-3.46394,2.7841
329,4.19246,-4.636,0.282461
329,5.32096,-3.378,3.17488
329,4.00664,-4.90677,0.307412
329,5.37589,-3.03822,0.741948
329,5.09567,-3.27632,-0.612116
329,4.13772,-4.95625,1.78729
329,4.20596,-4.69759,0.281902
329,4.13203,-4.99892,1.79037
329,4.21154,-4.7237,0.402866
329,5.29064,-3.48256,2.76002
329,5.28124,-3.52272,2.83076
329,5.24862,-3.56013,2.7174
329,5.36075,-3.40366,2.60175
329,5.432,-3.39475,3.27957
329,4.73626,-4.34956,2.93147
329,4.05052,-5.03398,0.498398
329,4.9973,-3.55762,-0.548294
329,5.29495,-3.55049,2.80406
329,5.39418,-3.43079,2.80685
329,4.77122,-4.34228,2.9907
329,4.81925,-4.2812,2.91168
329,5.4582,-3.33576,2.61287
329,4.07238,-5.19374,1.44457
329,5.62639,-3.17784,3.05561
329,5.35718,-3.56287,2.70699
329,4.82783,-4.36531,2.9391
329,5.57322,-3.38097,3.28828
329,5.19947,-3.46566,-0.622074
329,5.6888,-3.24201,3.09444
329,5.4154,-3.60302,2.81496
329,5.71039,-3.22169,3.02826
329,5.24222,-3.495,-0.283469
329,4.91625,-4.38713,2.95298
329,5.59449,-3.40453,2.81598
329,4.88372,-4.43827,2.97078
329,5.26645,-3.50953,-0.297186
329,5.71352,-3.30002,3.07547
329,5.55735,-3.56944,2.86065
329,5.70238,-3.41582,3.16467
329,5.78039,-3.33191,3.1427
329,5.64268,-3.52922,3.04301
329,5.72054,-3.45107,3.16496
329,5.63093,-3.56112,2.90662
329,5.24667,-3.81569,0.363142
329,6.07258,-3.00315,3.2242
329,5.70722,-3.5146,3.13476
329,5.7584,-3.47039,3.21411
329,5.68001,-3.55392,2.60185
329,5.06869,-4.32327,1.73235
329,5.25693,-4.02965,1.51925
329,5.60828,-3.7004,2.867
329,5.28248,-4.03863,1.52594
329,5.71041,-3.62963,3.10113
329,5.71028,-3.63321,3.10735
329,5.81144,-3.51774,3.2654
329,5.18683,-4.3735,2.96315
329,5.28591,-4.06028,1.52732
329,5.52281,-3.88776,2.85725
329,5.65048,-3.71819,2.87155
329,5.73985,-3.62968,3.07013
329,5.30864,-4.0886,1.58194
329,5.73608,-3.6773,2.97566
329,5.33117,-4.09361,1.59086
329,5.13878,-4.413,1.75032
329,5.36475,-4.07919,1.60416
329,5.83701,-3.60169,3.06869
329,5.81702,-3.69437,3.11488
329,5.36887,-4.15606,1.59726
329,5.28693,-4.2457,1.3607
329,5.80123,-3.71746,2.96945
329,5.09991,-4.74008,2.95991
329,5.38508,-4.18999,1.55692
329,5.26405,-4.34945,1.39254
329,5.88181,-3.70534,2.8778
329,6.16103,-3.33681,2.99431
329,5.31953,-4.36907,1.51213
329,5.81357,-3.84034,2.94782
329,5.43289,-4.10312,0.283522
329,5.41535,-4.13551,0.332778
329,5.86369,-3.80457,2.85045
329,5.36418,-4.368,1.54733
329,5.4556,-4.43627,2.995
329,5.43253,-4.1575,0.279482
329,5.26257,-4.32871,-0.364878
329,5.628,-4.23422,2.98087
329,5.90956,-3.85335,2.87772
329,5.46004,-4.18743,0.326445
329,6.34388,-3.29154,3.06347
329,5.67333,-4.28505,3.00872
329,5.68053,-4.27941,3.0054
329,5.78961,-4.13228,2.97009
329,5.50675,-4.55438,3.04193
329,5.37698,-4.59742,1.57916
329,5.32399,-4.42725,-0.531531
329,5.70984,-4.31328,2.99507
329,5.40312,-4.55637,1.27024
329,5.6421,-4.42812,2.99163
329,5.79686,-4.21795,2.98836
329,5.53053,-4.27132,0.266475
329,5.36521,-4.4293,-0.554151
329,5.37119,-4.44606,-0.389413
329,5.48476,-4.53804,1.58268
329,5.33085,-4.79276,1.81714
329,5.41053,-4.50581,0.239081
329,5.37969,-4.49979,-0.332062
329,5.6048,-4.60961,3.06489
329,5.43343,-4.67777,1.58723
329,5.45973,-4.6054,1.21577
329,5.44077,-4.53801,0.363149
329,5.33819,-4.6067,-0.337246
329,5.474,-4.64849,1.56175
329,5.63326,-4.62116,3.07218
329,5.40007,-4.54813,-0.395097
329,5.44401,-4.57426,0.233765
329,5.42132,-4.56019,-0.335703
329,5.39696,-4.5792,-0.478074
329,5.44088,-4.72674,1.24442
329,5.46106,-4.5844,0.220412
329,5.36461,-4.64215,-0.540086
329,5.36479,-4.64517,-0.589845
329,5.76915,-4.50949,3.00218
329,5.48173,-4.60403,0.357651
329,5.81078,-4.48361,3.12905
329,5.42483,-4.61456,-0.375334
329,5.49368,-4.72853,1.29931
329,5.93778,-4.30711,3.03256
329,5.38908,-4.90158,1.46297
329,5.44173,-4.64205,-0.417157
329,5.9421,-4.40182,3.05172
329,5.44957,-4.67712,-0.517242
329,5.89514,-4.52075,2.88186
329,5.92417,-4.52698,2.88609
329,5.88235,-4.72487,3.27069
329,5.60118,-4.90459,-0.679676
329,6.19637,-5.01755,3.40185
329,3.97133,-1.37772,0.362541
328,3.97133,-1.37772,0.362541
329,3.95139,-1.70962,0.958505
328,3.95139,-1.70962,0.958505
329,3.89525,-1.74023,1.06436
328,3.89525,-1.74023,1.06436
329,5.49053,-1.09513,1.69794
328,5.49053,-1.09513,1.69794
329,3.55029,-1.45501,1.13679
328,3.55029,-1.45501,1.13679
329,3.99009,-1.86157,1.12253
328,3.99009,-1.86157,1.12253
329,3.80229,-1.58195,1.25048
328,3.80229,-1.58195,1.25048
329,3.52806,-1.64555,1.20294
328,3.52806,-1.64555,1.20294
329,5.58574,-1.85667,0.215839
328,5.58574,-1.85667,0.215839
329,4.06732,-1.88157,1.22152
328,4.06732,-1.88157,1.22152
329,3.36612,-0.928077,0.632708
328,3.36612,-0.928077,0.632708
329,4.36607,-2.34031,1.37342
328,4.36607,-2.34031,1.37342
329,4.65556,-2.81933,1.20561
328,4.65556,-2.81933,1.20561
329,3.49435,-1.59712,1.19864
328,3.49435,-1.59712,1.19864
329,4.2766,-2.01744,0.891289
328,4.2766,-2.01744,0.891289
329,3.98516,-1.97926,1.20151
328,3.98516,-1.97926,1.20151
329,5.56695,-1.23898,1.75492
328,5.56695,-1.23898,1.75492
329,5.31212,-1.01016,0.44845
327,5.31212,-1.01016,0.44845
329,5.46583,-3.70843,1.27291
327,5.46583,-3.70843,1.27291
329,3.46985,-1.2563,0.331885
327,3.46985,-1.2563,0.331885
329,5.32605,-1.00798,0.425168
327,5.32605,-1.00798,0.425168
329,8.40277,-5.02234,-0.023902
327,8.40277,-5.02234,-0.023902
329,3.29674,-3.53551,-0.574876
327,3.29674,-3.53551,-0.574876
329,5.35022,-1.01109,0.419364
327,5.35022,-1.01109,0.419364
329,5.39114,-0.248658,0.0279777
327,5.39114,-0.248658,0.0279777
329,3.75196,-1.61142,0.880805
326,3.75196,-1.61142,0.880805
329,5.0621,-3.5699,-0.570532
326,5.0621,-3.5699,-0.570532
329,3.8461,-1.73533,1.12481
326,3.8461,-1.73533,1.12481
329,3.91542,-1.64514,1.25555
326,3.91542,-1.64514,1.25555
329,3.76387,-1.78702,-0.147779
326,3.76387,-1.78702,-0.147779
329,4.70363,-2.33776,1.10818
326,4.70363,-2.33776,1.10818
329,4.18443,-1.96486,1.20224
326,4.18443,-1.96486,1.20224
329,3.77647,-1.54717,1.27359
319,3.77647,-1.54717,1.27359
329,3.43808,-1.17013,0.379068
320,3.43808,-1.17013,0.379068
329,3.57059,-1.70157,1.20978
324,3.57059,-1.70157,1.20978
329,3.84233,-1.62744,1.19974
324,3.84233,-1.62744,1.19974
329,6.77379,-3.14114,3.55752
324,6.77379,-3.14114,3.55752
329,3.60844,-1.73672,1.20985
324,3.60844,-1.73672,1.20985
329,3.7589,-1.64213,1.21051
324,3.7589,-1.64213,1.21051
329,5.43833,-2.5423,2.91251
324,5.43833,-2.5423,2.91251
329,5.03443,-3.07636,1.49192
324,5.03443,-3.07636,1.49192
329,5.18694,-3.21244,1.50991
324,5.18694,-3.21244,1.50991
329,5.24816,-3.94638,1.32565
323,5.24816,-3.94638,1.32565
329,3.53879,-1.43998,1.19977
323,3.53879,-1.43998,1.19977
329,5.7061,-3.20814,0.700888
325,5.7061,-3.20814,0.700888
329,4.41042,-2.39567,1.31405
325,4.41042,-2.39567,1.31405
329,4.29512,-1.97335,1.09281
325,4.29512,-1.97335,1.09281
329,4.3934,-2.03649,1.21943
325,4.3934,-2.03649,1.21943
330,2.16022,0.222501,0.830672
330,2.72179,0.187556,0.0505367
330,2.97606,0.260612,-0.485892
330,3.03092,0.249971,-0.48512
330,3.19309,0.49039,-0.525597
330,3.20648,0.48616,-0.530068
330,3.02686,0.205949,-0.506785
330,3.05507,0.244567,-0.522784
330,2.25801,-0.837312,-0.615433
330,2.2495,-0.953624,-0.614967
330,2.24103,-0.952636,-0.631253
330,3.21806,0.408655,-0.635546
330,2.25609,-0.963439,-0.627943
330,3.22944,0.403894,-0.619987
330,2.47956,-0.761514,-0.526915
330,2.48045,-0.763955,-0.531259
330,3.81021,0.340742,0.394795
330,3.26813,0.386869,-0.621689
330,3.26721,0.287177,-0.512718
330,2.19928,-1.15765,-0.628298
330,2.05693,-1.36275,-0.640496
330,2.15797,-1.22016,-0.645834
330,2.15465,-1.22423,-0.646793
330,3.2727,0.364832,-0.668268
330,2.2265,-1.15547,-0.668939
330,2.2404,-1.22085,-0.576423
330,2.22213,-1.17282,-0.682801
330,2.24821,-1.15621,-0.666087
330,2.2623,-1.16481,-0.660963
330,3.34164,0.281998,-0.567069
330,1.91721,-1.74508,-0.563228
330,1.91099,-1.75775,-0.586753
330,2.26425,-1.27171,-0.581889
330,2.02955,-1.61066,-0.583774
330,2.00707,-1.61331,-0.622143
330,1.87598,-1.77736,-0.649125
330,2.29818,-1.19667,-0.629739
330,2.15239,-1.43985,-0.586071
330,2.15092,-1.44422,-0.590869
330,1.88556,-1.78342,-0.647578
330,1.92035,-1.78134,-0.597607
330,2.13485,-1.43862,-0.649679
330,2.1346,-1.44047,-0.65549
330,2.00348,-1.63838,-0.655354
330,2.04343,-1.6501,-0.618327
330,2.04779,-1.65176,-0.61008
330,2.04745,-1.6515,-0.613187
330,2.49404,-0.998936,-0.642471
330,2.50379,-0.984818,-0.661465
330,2.50503,-0.99553,-0.648351
330,2.51278,-0.992992,-0.654136
330,2.38938,-1.16926,-0.667822
330,2.40089,-1.20993,-0.59937
330,2.66398,-0.865293,-0.585107
330,2.28102,-1.36729,-0.638959
330,2.67014,-0.852077,-0.602092
330,2.64342,-0.847454,-0.660716
330,2.4225,-1.18787,-0.627154
330,2.64267,-0.848169,-0.661771
330,2.67393,-0.851345,-0.617532
330,2.67541,-0.864116,-0.604166
330,2.87932,-0.5489,-0.655735
330,2.5626,-1.0266,-0.628099
330,2.41964,-1.19797,-0.667378
330,2.80697,-0.71915,-0.611554
330,2.34602,-1.38174,-0.603229
330,2.80893,-0.723278,-0.617554
330,2.51492,-1.12571,-0.636946
330,2.52818,-1.13132,-0.629687
330,2.91462,-0.556021,-0.666508
330,2.53519,-1.13711,-0.618612
330,2.62503,-0.857266,-0.807375
330,2.9404,-0.572706,-0.616652
330,2.80147,-0.705606,-0.696508
330,2.55628,-1.05028,-0.700176
330,2.92193,-0.55855,-0.668889
330,2.79946,-0.704479,-0.707357
330,2.52751,-1.17749,-0.607317
330,2.80941,-0.71863,-0.684152
330,2.5431,-1.14824,-0.632447
330,2.82973,-0.732468,-0.648581
330,2.53957,-1.18404,-0.60894
330,2.54043,-1.18471,-0.607322
330,2.54173,-1.19392,-0.597445
330,2.55323,-1.14486,-0.643073
330,2.5773,-1.07117,-0.723734
330,3.2049,-0.278524,-0.604479
330,2.29336,-1.53778,-0.653022
330,2.56042,-1.1629,-0.649209
330,3.19661,-0.252684,-0.677293
330,2.95096,-0.563718,-0.725025
330,3.07564,-0.418273,-0.686367
330,3.07526,-0.413593,-0.699083
330,3.21926,-0.279718,-0.619473
330,2.56137,-1.17621,-0.671108
330,3.22318,-0.283015,-0.622722
330,2.30093,-1.56054,-0.669925
330,2.84766,-0.751928,-0.718682
330,2.56546,-1.18661,-0.679293
330,3.35112,-0.1244,-0.620698
330,3.10855,-0.449559,-0.644303
330,3.11093,-0.448215,-0.656631
330,3.09703,-0.430871,-0.705849
330,2.86881,-0.766787,-0.69451
330,3.23919,-0.277907,-0.652346
330,3.11819,-0.444169,-0.662139
330,3.36018,-0.136256,-0.620772
330,2.63945,-1.2155,-0.557959
330,2.64677,-1.15488,-0.628252
330,2.51246,-1.34134,-0.633271
330,3.34833,-0.109697,-0.694197
330,2.51456,-1.33621,-0.644516
330,2.61551,-1.18098,-0.665783
330,2.61038,-1.23723,-0.613769
330,2.60542,-1.33384,-0.518112
330,2.28144,-1.69618,-0.641589
330,2.63707,-1.21055,-0.623934
330,2.64754,-1.23788,-0.584767
330,2.61923,-1.24631,-0.626637
330,2.47896,-1.48089,-0.585819
330,2.51725,-1.35943,-0.669368
330,3.25724,-0.259569,-0.741553
330,2.66175,-1.26486,-0.551987
330,3.83994,0.374633,-0.516038
330,3.37982,-0.118478,-0.721354
330,2.30794,-1.7136,-0.62999
330,2.67162,-1.21201,-0.62685
330,2.68059,-1.19281,-0.645629
330,2.67263,-1.21677,-0.631018
330,2.68343,-1.21596,-0.638298
330,3.85055,-0.15302,0.0924844
330,2.43442,-1.50748,-0.718311
330,2.75521,-1.18395,-0.563919
330,2.69534,-1.22618,-0.623307
330,2.32427,-1.72961,-0.675031
330,2.32659,-1.74681,-0.686346
330,3.42766,-0.262869,-0.592249
330,3.43625,-0.294438,-0.547357
330,3.80032,0.253151,-0.586414
330,2.46184,-1.5208,-0.75404
330,2.55668,-1.55514,-0.568893
330,2.55824,-1.56322,-0.571899
330,3.4306,-0.30338,-0.606943
330,2.65937,-1.42016,-0.583264
330,2.38075,-1.78054,-0.633623
330,2.33164,-1.87975,-0.599673
330,3.73497,0.0956974,-0.583516
330,3.81426,0.231767,-0.615535
330,2.55349,-1.56728,-0.610903
330,2.81476,-1.21392,-0.599045
330,3.99354,0.417045,-0.556835
330,3.73245,0.0594261,-0.586275
330,2.62352,-1.49081,-0.617459
330,2.32091,-1.91466,-0.658577
330,3.50174,-0.324185,-0.570409
330,3.77776,0.0927479,-0.610823
330,3.78259,0.13967,-0.662154
330,3.69409,-0.0291195,-0.615173
330,2.56819,-1.59088,-0.678536
330,3.77183,0.0604765,-0.611344
330,3.71681,-0.0379947,-0.58849
330,2.83787,-1.24062,-0.657033
330,3.83671,0.147932,-0.624275
330,2.86165,-1.2796,-0.569303
330,2.39323,-1.8454,-0.698682
330,3.83525,0.218347,-0.72364
330,2.84245,-1.25362,-0.662594
330,3.44776,-1.25387,0.363574
330,2.58869,-1.60824,-0.709654
330,2.64627,-1.55843,-0.67473
330,2.60751,-1.61485,-0.674115
330,3.83411,0.156949,-0.7331
330,3.42546,-1.33669,0.375158
330,3.88295,0.14168,-0.655033
330,2.89236,-1.29475,-0.631196
330,2.60367,-1.62492,-0.732673
330,2.81893,-1.04438,-1.0749
330,2.64386,-1.63405,-0.65463
330,3.45781,-1.35977,0.429741
330,3.7765,-0.0343708,-0.661917
330,2.64532,-1.6429,-0.660634
330,2.41714,-1.98429,-0.639093
330,3.84746,0.0505709,-0.670556
330,3.42881,-1.36422,0.342506
330,3.54033,-1.21587,0.348901
330,3.48661,-1.31374,0.375638
330,2.68412,-1.58863,-0.699949
330,3.77204,-0.0771136,-0.665577
330,3.63221,-1.50555,0.85171
330,3.49908,-1.32223,0.37474
330,2.68817,-1.65586,-0.635655
330,3.4305,-1.41179,0.336513
330,2.6935,-1.67568,-0.651096
330,3.05909,-1.25192,-0.581515
330,3.03167,-1.23558,-0.651752
330,3.76841,-1.56256,0.926062
330,3.83325,-1.05978,0.376617
330,2.36117,-2.3827,-0.595125
330,4.2303,-0.226149,-0.0031262
330,4.33203,0.508894,-0.742132
330,3.76714,-1.55783,0.818552
330,3.77084,-1.57069,0.837488
330,2.80631,-1.74318,-0.645141
330,2.47148,-2.21873,-0.658788
330,3.88648,-1.54217,0.976395
330,2.43351,-2.22897,-0.738857
330,2.43697,-2.33067,-0.620019
330,3.41005,-1.1043,-0.437312
330,3.79504,-1.57521,0.776885
330,3.4166,-1.1142,-0.460398
330,4.39013,0.515217,-0.777945
330,4.50249,0.0235636,0.0226239
330,3.88283,-1.49514,0.808259
330,3.93648,-1.10479,0.361955
330,3.90844,-1.13161,0.326141
330,2.42026,-2.65422,-0.483716
330,3.72768,-1.53357,0.406855
330,3.32348,-1.29063,-0.650127
330,2.43138,-2.6763,-0.503612
330,2.9197,-1.83984,-0.707313
330,4.69512,0.26046,-0.198392
330,4.72515,0.304885,-0.286917
330,3.88493,-1.55279,0.396616
330,4.82258,0.247766,-0.202566
330,4.05347,-1.3092,0.342257
330,3.89643,-1.57603,0.390065
330,3.52183,-1.35781,-0.538767
330,4.08047,-1.30253,0.36516
330,4.99909,0.0408628,0.309979
330,5.33149,0.0184183,0.878981
330,3.50569,-1.41651,-0.549802
330,4.78521,0.00105798,-0.0759107
330,4.88278,0.249634,-0.221937
330,5.33944,0.0168497,0.835689
330,2.5419,-2.77552,-0.619449
330,2.64976,-2.80482,-0.436504
330,3.10265,-1.9597,-0.713231
330,3.11079,-1.97022,-0.717737
330,2.68942,-2.99951,-0.284239
330,4.01787,-1.63682,0.352211
330,3.62121,-1.57295,-0.504391
330,4.80979,-0.22556,-0.11398
330,3.60296,-1.60178,-0.650025
330,2.45816,-3.28643,-0.589348
330,2.70945,-2.99024,-0.518638
330,4.92164,0.368275,-0.847822
330,5.02748,-0.6379,0.575438
330,4.94869,-0.187135,-0.145263
330,4.14394,-1.75331,0.361192
330,2.63437,-3.32351,-0.364236
330,5.213,0.0367615,-0.0333052
330,5.07564,-0.64387,0.562776
330,3.32221,-2.12518,-0.750709
330,5.26637,-0.0167366,0.0460086
330,4.20917,-1.77756,0.337253
330,5.29961,0.0104915,0.026538
330,2.84617,-3.30737,-0.174207
330,2.76724,-3.29312,-0.345321
330,3.63385,-1.82832,-0.683435
330,4.24176,-1.80063,0.342848
330,5.37351,0.00360003,0.0333821
330,3.65397,-1.88882,-0.658235
330,5.58293,-0.526814,0.88025
330,3.28888,-3.33287,0.32882
330,3.27915,-3.38073,0.34521
330,3.29809,-3.35883,0.317457
330,4.34747,-1.89881,0.337468
330,5.17358,-0.333235,-0.167363
330,3.32292,-3.39102,0.355579
330,3.3089,-3.38255,0.31815
330,3.31881,-3.36943,0.307087
330,3.34593,-3.08317,-0.00675982
330,3.12254,-3.00606,-0.497057
330,3.33098,-3.12073,-0.0380179
330,3.09807,-3.04054,-0.559004
330,3.11816,-3.39832,-0.0876269
330,3.36552,-3.11015,-0.0397584
330,3.48844,-2.97671,0.00978333
330,3.32779,-3.48884,0.356203
330,3.34506,-3.23245,0.0538741
330,3.47978,-2.97645,-0.0292908
330,3.46994,-3.02671,0.00222188
330,5.16756,-1.00529,0.475726
330,3.49569,-2.96265,-0.0392627
330,3.14373,-3.4099,-0.105897
330,3.33133,-3.27453,0.021658
330,3.19034,-3.42219,-0.0445598
330,3.29676,-3.3688,0.0757838
330,3.49559,-2.99924,-0.0363131
330,3.50397,-3.0165,-0.000905991
330,3.67207,-3.0958,0.384957
330,3.15066,-3.46669,-0.100003
330,3.49484,-3.05239,-0.0119562
330,3.44154,-3.17609,0.0307732
330,3.5342,-2.99316,-0.0444471
330,3.57419,-3.01268,0.0356131
330,3.50607,-3.07667,-0.0081163
330,3.6074,-2.97365,0.038581
330,5.33221,-0.287261,-0.262916
330,3.65898,-2.21529,-0.81914
330,3.15241,-3.51318,-0.10779
330,3.57129,-3.05902,0.0648572
330,3.51456,-3.10983,0.0138531
330,3.61765,-2.91673,-0.0457039
330,3.383,-3.20732,-0.12147
330,3.38318,-3.20901,-0.125196
330,5.2497,-0.967707,0.350806
330,3.14274,-3.1666,-0.62961
330,3.59027,-3.08679,0.0476235
330,3.46469,-3.21762,-0.0115921
330,5.49712,-1.02073,0.834254
330,3.587,-3.13691,0.0922231
330,3.72248,-3.17843,0.369619
330,3.64941,-3.10194,0.133697
330,3.49192,-3.15027,-0.0830807
330,3.16889,-3.18172,-0.616127
330,3.71004,-3.18192,0.327271
330,3.45111,-3.22073,-0.0794019
330,5.62858,-0.361313,0.192476
330,3.60864,-3.10192,0.0253037
330,3.62555,-3.06714,0.00901151
330,3.72752,-3.19809,0.347883
330,3.58951,-3.1948,0.098213
330,5.31567,-1.05841,0.479839
330,5.58964,-1.03833,0.933144
330,3.22662,-3.20964,-0.527147
330,3.45695,-3.24102,-0.0883213
330,3.19185,-3.20228,-0.602307
330,3.47633,-3.21053,-0.103888
330,3.59557,-3.2065,0.0905987
330,3.745,-3.21531,0.352306
330,3.7318,-3.20858,0.317096
330,3.48535,-3.22073,-0.109363
330,3.65443,-3.07562,-4.673e-05
330,3.65257,-3.13634,0.0454225
330,3.44526,-3.69372,0.347583
330,3.43124,-3.76101,0.393566
330,3.66901,-3.15661,0.0566514
330,3.69564,-3.03311,-0.0806701
330,3.16021,-3.29889,-0.692642
330,3.44147,-3.79791,0.399938
330,3.70782,-3.19527,0.112943
330,3.71458,-3.19898,0.110581
330,3.70894,-3.15107,0.0320712
330,3.72828,-3.2558,0.0891398
330,3.48131,-3.86365,0.379959
330,5.491,-1.07839,0.451451
330,3.75842,-3.11324,-0.0809781
330,5.85812,-0.391693,0.179463
330,3.79946,-3.15453,-0.0311102
330,3.49047,-3.94006,0.383544
330,5.71033,-0.564243,0.0936502
330,4.91794,-1.88451,0.262686
330,3.02315,-2.73427,-2.02482
330,3.83676,-3.26349,-0.0225642
330,4.98145,-1.89996,0.278618
330,4.92353,-1.96977,0.214405
330,4.94213,-1.96413,0.226438
330,5.66709,-1.13188,0.416898
330,4.98236,-1.98695,0.213092
330,5.00729,-2.01225,0.207244
330,5.64276,-1.31402,0.423454
330,3.61819,-4.1789,0.362691
330,5.68316,-1.37639,0.405246
330,3.79432,-4.07757,0.369059
330,5.74445,-1.397,0.402167
330,5.94392,-1.46557,0.457082
330,5.54647,-1.88529,0.274131
330,5.58913,-1.89824,0.281054
330,5.95878,-1.50303,0.386023
330,5.64479,-1.89851,0.276613
330,5.64995,-1.90909,0.298568
330,3.96356,-4.40026,0.339605
330,5.18331,-2.93217,0.504008
330,5.7551,-1.95865,0.283065
330,4.0339,-4.8868,0.877388
330,4.03335,-4.88794,0.828282
330,3.91687,-4.75094,0.418063
330,4.15066,-4.55219,0.40519
330,4.08579,-4.56538,0.279366
330,4.08393,-4.59234,0.264998
330,5.88173,-2.05903,0.282474
330,5.02228,-3.5623,0.462117
330,6.91225,0.176628,-0.890398
330,4.20691,-4.7119,0.386011
330,6.01561,-2.07847,0.262445
330,4.05419,-5.00939,0.437855
330,4.06732,-4.97114,0.410925
330,4.16402,-4.71665,0.232432
330,4.07352,-5.02421,0.433552
330,7.00543,0.195126,-1.02305
330,4.96839,-3.20968,-0.442416
330,4.29983,-4.84676,0.399957
330,5.17648,-3.75597,0.315898
330,4.98049,-3.45118,-0.481439
330,7.19226,0.0585376,-1.04343
330,4.9908,-3.51647,-0.484874
330,5.12971,-3.41448,-0.384049
330,5.11654,-3.35853,-0.538916
330,5.1458,-3.31342,-0.567904
330,5.03302,-3.56308,-0.506623
330,5.13925,-3.35092,-0.615688
330,5.00952,-3.55301,-0.602991
330,5.04225,-3.56444,-0.564511
330,5.32665,-3.51233,-0.286355
330,5.32927,-3.53571,-0.270605
330,5.33346,-3.51758,-0.292472
330,5.0778,-3.62715,-0.629804
330,5.34935,-3.53209,-0.399104
330,5.13252,-3.69242,-0.663217
330,5.42853,-3.47529,-0.446275
330,7.50221,0.112023,-1.33139
330,5.31548,-4.35649,0.291782
330,5.72944,-3.65356,-0.106073
330,5.48363,-4.58633,0.325443
330,5.22604,-4.47235,-0.287859
330,5.25175,-4.4767,-0.254578
330,5.28611,-4.52941,-0.257509
330,5.26648,-4.52942,-0.32747
330,5.3089,-4.40423,-0.454573
330,5.38599,-4.48067,-0.338939
330,5.38691,-4.56205,-0.269256
330,5.36566,-4.48139,-0.462141
330,5.4075,-4.57979,-0.354058
330,5.40301,-4.66132,-0.30502
330,5.44446,-4.5735,-0.486843
330,5.44716,-4.69927,-0.393776
330,5.48545,-4.73403,-0.327442
330,5.40621,-4.66393,-0.589191
330,5.38667,-4.70898,-0.685702
330,5.49259,-4.72214,-0.542814
330,5.51507,-4.73857,-0.49381
330,8.11803,-3.35578,-0.0836703
330,3.3697,-3.07395,0.00045977
321,3.3697,-3.07395,0.00045977
330,3.4111,-3.13082,-0.0194619
321,3.4111,-3.13082,-0.0194619
330,3.19353,-2.74534,0.114139
321,3.19353,-2.74534,0.114139
330,3.67107,-3.43682,-0.1629
322,3.67107,-3.43682,-0.1629
330,3.65267,-1.43421,0.30412
322,3.65267,-1.43421,0.30412
330,2.76128,-3.17888,-0.0894644
322,2.76128,-3.17888,-0.0894644
330,3.63736,-1.84832,-0.694901
322,3.63736,-1.84832,-0.694901
330,3.34781,-3.47541,0.0215866
322,3.34781,-3.47541,0.0215866
330,2.85543,-2.93322,-0.21487
314,2.85543,-2.93322,-0.21487
330,5.55267,-2.40787,0.436513
327,5.55267,-2.40787,0.436513
330,3.25157,-2.99942,0.00236568
327,3.25157,-2.99942,0.00236568
330,5.24861,-1.18615,0.498962
327,5.24861,-1.18615,0.498962
330,5.41627,-0.497112,0.0335868
327,5.41627,-0.497112,0.0335868
330,3.78233,-4.36794,1.07535
327,3.78233,-4.36794,1.07535
330,5.7349,-2.04348,0.278894
327,5.7349,-2.04348,0.278894
330,5.35547,0.0846726,-0.251952
327,5.35547,0.0846726,-0.251952
330,5.29707,-0.183836,-0.259508
327,5.29707,-0.183836,-0.259508
330,3.46674,-1.18697,0.322379
326,3.46674,-1.18697,0.322379
330,5.33269,-0.660792,0.718991
326,5.33269,-0.660792,0.718991
330,5.02511,-4.19276,-0.339138
316,5.02511,-4.19276,-0.339138
330,5.29538,-4.54411,-0.507303
316,5.29538,-4.54411,-0.507303
330,4.26829,-5.23259,1.09259
316,4.26829,-5.23259,1.09259
330,4.29019,-5.27086,1.09649
316,4.29019,-5.27086,1.09649
330,3.1118,-2.70111,0.0200581
316,3.1118,-2.70111,0.0200581
330,3.7893,-3.74996,0.395952
316,3.7893,-3.74996,0.395952
330,5.38781,-0.497892,0.952511
328,5.38781,-0.497892,0.952511
330,3.45944,-3.21977,-0.009026
311,3.45944,-3.21977,-0.009026
330,3.20109,-2.94546,-0.174956
311,3.20109,-2.94546,-0.174956
330,3.74011,-1.126,0.510515
329,3.74011,-1.126,0.510515
330,3.51674,-3.36229,-0.0875571
329,3.51674,-3.36229,-0.0875571
330,3.73079,-1.12275,0.51294
329,3.73079,-1.12275,0.51294
331,1.4331,-0.430507,0.302342
331,1.66106,-0.113391,-0.310548
331,1.77432,0.0258619,-0.611212
331,1.68427,-0.183534,-0.550691
331,1.63328,-0.221258,-0.604282
331,1.72179,-0.173382,-0.577461
331,1.75887,-0.188154,-0.539732
331,1.71568,-0.172368,-0.59386
331,2.34312,0.678314,-0.610808
331,2.34418,0.679403,-0.619251
331,1.2133,-1.02057,-0.475077
331,1.82284,0.0474669,-0.668609
331,1.77277,-0.192203,-0.547549
331,2.02139,0.230255,-0.62312
331,1.8135,-0.0530868,-0.619796
331,1.29192,-1.10512,-0.361035
331,1.81679,-0.0538298,-0.616468
331,1.81674,-0.0554191,-0.619561
331,1.84314,0.0462204,-0.676118
331,1.84742,0.0434107,-0.679383
331,1.21416,-0.928655,-0.58491
331,2.32912,0.623607,-0.640102
331,2.37517,0.597999,-0.579027
331,2.34093,0.609902,-0.621442
331,2.33976,0.610738,-0.623405
331,1.82224,-0.0583607,-0.639357
331,1.79437,-0.213633,-0.564932
331,2.04304,0.226595,-0.645288
331,1.79439,-0.212814,-0.567973
331,1.78755,-0.208452,-0.578018
331,1.25045,-1.02525,-0.505364
331,1.2201,-0.943709,-0.595818
331,2.06267,0.220099,-0.631673
331,2.04604,0.236114,-0.662624
331,2.07118,0.220406,-0.630621
331,2.07563,0.218864,-0.635909
331,2.07253,0.226495,-0.645138
331,1.76406,-0.159609,-0.662004
331,1.23762,-1.00314,-0.561811
331,1.23224,-1.00116,-0.569385
331,2.08005,0.21908,-0.640495
331,2.34573,0.556015,-0.62987
331,1.23759,-1.00717,-0.562333
331,1.83929,-0.0562254,-0.673036
331,1.23284,-1.01114,-0.570674
331,1.76574,-0.163958,-0.671906
331,2.34928,0.556716,-0.643394
331,2.35484,0.556184,-0.638166
331,1.47987,-0.65185,-0.614759
331,1.85385,-0.0493442,-0.692581
331,1.31139,-1.13332,-0.441318
331,1.48779,-0.661826,-0.613058
331,1.31331,-1.13198,-0.44485
331,1.30886,-1.10409,-0.476984
331,1.65393,-0.316698,-0.719242
331,1.49734,-0.66815,-0.627039
331,2.0534,0.0383287,-0.605909
331,1.51756,-0.658678,-0.625602
331,2.36285,0.487916,-0.64597
331,1.27121,-1.03327,-0.592829
331,1.27135,-1.03275,-0.596329
331,2.40142,0.524077,-0.640645
331,2.37031,0.483395,-0.644883
331,1.50923,-0.678858,-0.636204
331,1.30663,-1.12998,-0.509405
331,1.67519,-0.322961,-0.741251
331,2.46554,0.53385,-0.605697
331,2.41018,0.5249,-0.653112
331,1.30909,-1.13029,-0.515571
331,2.07204,0.0334856,-0.628945
331,2.07295,0.0321147,-0.632847
331,2.08205,0.0415867,-0.63442
331,2.42474,0.520348,-0.655711
331,2.08052,0.0386118,-0.641462
331,1.52781,-0.679519,-0.652132
331,1.29229,-1.10509,-0.57491
331,2.08213,0.0420521,-0.647293
331,2.0941,0.0374263,-0.633016
331,1.52931,-0.680729,-0.655337
331,2.08205,0.0361737,-0.645536
331,2.501,0.523954,-0.598462
331,2.0855,0.0379745,-0.653312
331,2.07964,0.0424387,-0.662282
331,2.10023,0.0278123,-0.638659
331,2.10437,0.0269847,-0.635532
331,1.32249,-1.09988,-0.574391
331,1.35141,-1.13949,-0.52768
331,1.3319,-1.13758,-0.563649
331,1.99742,-0.134658,-0.65392
331,1.32674,-1.12062,-0.586053
331,2.48743,0.468021,-0.644377
331,1.79926,-0.346444,-0.717745
331,1.6191,-0.771611,-0.584658
331,2.49145,0.469835,-0.649193
331,1.60907,-0.785215,-0.589873
331,1.62376,-0.775977,-0.588377
331,2.02723,-0.148003,-0.666664
331,1.80452,-0.354138,-0.737228
331,1.70867,-0.673048,-0.59969
331,1.63119,-0.783126,-0.600965
331,1.63155,-0.785631,-0.605157
331,1.72141,-0.678795,-0.597297
331,2.08572,-0.16664,-0.626469
331,2.05327,-0.186847,-0.648486
331,2.10128,-0.163663,-0.619489
331,1.63735,-0.799575,-0.609246
331,2.10308,-0.156669,-0.627655
331,1.73435,-0.671892,-0.609509
331,2.09185,-0.170986,-0.632893
331,1.64721,-0.782758,-0.617223
331,2.09113,-0.17166,-0.634119
331,2.09862,-0.168493,-0.629906
331,1.71496,-0.668522,-0.642271
331,1.7279,-0.685175,-0.623111
331,1.73267,-0.68186,-0.622833
331,2.10218,-0.171222,-0.642631
331,2.5665,0.401329,-0.615759
331,2.11245,-0.170205,-0.638798
331,2.11752,-0.178919,-0.633101
331,1.64192,-0.793773,-0.649867
331,1.65571,-0.792664,-0.638579
331,2.57262,0.399896,-0.622259
331,2.12604,-0.174897,-0.638824
331,1.65992,-0.79016,-0.641525
331,2.12293,-0.168677,-0.650815
331,1.73445,-0.680384,-0.654701
331,1.64286,-0.797731,-0.658868
331,1.66578,-0.800979,-0.642973
331,2.13536,-0.172217,-0.651833
331,2.59113,0.398113,-0.638509
331,1.66687,-0.803693,-0.660012
331,2.63015,0.431862,-0.646032
331,1.67165,-0.815775,-0.672946
331,2.04797,-0.308942,-0.684561
331,1.67677,-0.824161,-0.686955
331,2.67853,0.400712,-0.62145
331,1.67818,-0.825958,-0.695404
331,2.68783,0.401495,-0.629987
331,2.48444,-1.04826,0.208748
331,2.6298,0.364197,-0.669981
331,1.77233,-0.89616,-0.584298
331,2.67111,0.359489,-0.635416
331,1.77288,-0.901415,-0.585717
331,2.01677,-0.584474,-0.584874
331,3.00049,0.348935,-0.323724
331,2.07776,-0.330353,-0.723091
331,1.77704,-0.906902,-0.596374
331,2.68025,0.355896,-0.649701
331,2.6692,0.35077,-0.658909
331,2.64735,0.348075,-0.681969
331,2.50738,0.0684678,-0.615135
331,2.48649,0.127602,-0.683225
331,2.02679,-0.594144,-0.602561
331,2.51756,0.0842113,-0.62794
331,1.78452,-0.920126,-0.608584
331,1.80223,-0.907024,-0.604294
331,2.1073,-0.337573,-0.734538
331,2.91254,0.430002,-0.52047
331,2.52528,0.0773872,-0.638976
331,1.79684,-0.929975,-0.615858
331,1.81192,-0.922683,-0.612189
331,2.10689,-0.36031,-0.743223
331,2.11991,-0.34288,-0.745749
331,1.81727,-0.917273,-0.622227
331,2.52911,0.057547,-0.645557
331,2.12159,-0.343901,-0.745319
331,2.52018,0.0633752,-0.658977
331,2.11081,-0.357447,-0.749568
331,2.5378,0.0766713,-0.655081
331,2.70723,0.34964,-0.691474
331,2.53651,0.0494555,-0.644751
331,2.04116,-0.621716,-0.636786
331,2.1226,-0.36008,-0.756891
331,3.06759,0.347269,-0.371011
331,2.56962,0.0162029,-0.612768
331,2.83922,0.309151,-0.577463
331,2.13573,-0.357578,-0.7695
331,2.78004,0.304286,-0.636109
331,2.77924,0.3068,-0.641478
331,2.927,0.262895,-0.470865
331,2.55058,-0.120815,-0.558119
331,2.16323,-0.550656,-0.618727
331,1.52385,-1.32141,-0.681643
331,2.16929,-0.552776,-0.621637
331,1.51536,-1.33157,-0.692695
331,1.50925,-1.33894,-0.694249
331,2.17383,-0.555635,-0.624363
331,2.84775,0.301333,-0.598939
331,2.83074,0.306457,-0.623102
331,1.47768,-1.48769,-0.624549
331,2.55534,-0.126496,-0.576749
331,3.0771,0.629932,-0.624987
331,1.51076,-1.34691,-0.696515
331,1.48258,-1.47347,-0.636045
331,1.48149,-1.47989,-0.63357
331,1.83861,-0.958006,-0.670562
331,1.77523,-1.2087,-0.551945
331,3.08931,0.62952,-0.625124
331,2.11536,-0.640589,-0.641605
331,1.51427,-1.35017,-0.707684
331,1.48157,-1.48817,-0.644349
331,2.81979,0.286196,-0.649546
331,3.12138,0.518165,-0.531346
331,2.64319,0.128104,-0.709291
331,2.85123,0.308161,-0.641436
331,3.14084,0.501897,-0.509477
331,2.17074,-0.561859,-0.673879
331,2.65659,0.127229,-0.709161
331,2.17626,-0.56783,-0.668967
331,3.148,0.502229,-0.519068
331,1.77419,-1.17145,-0.627983
331,2.58185,-0.172591,-0.577467
331,1.91802,-1.03483,-0.591894
331,2.82378,0.223878,-0.634039
331,1.78833,-1.23091,-0.575241
331,1.91617,-1.03836,-0.593812
331,2.12693,-0.657606,-0.668937
331,1.49201,-1.50691,-0.665234
331,1.78489,-1.18106,-0.623911
331,1.79671,-1.1811,-0.615652
331,1.78946,-1.1804,-0.627602
331,1.92337,-1.04521,-0.600395
331,2.87188,0.31157,-0.674086
331,2.19264,-0.57651,-0.683809
331,1.78364,-1.18787,-0.640923
331,1.78829,-1.18656,-0.639585
331,2.15328,-0.742513,-0.611085
331,2.55829,-0.16622,-0.645989
331,2.84311,0.216261,-0.650382
331,1.78971,-1.18901,-0.644199
331,2.15895,-0.750597,-0.617731
331,2.16357,-0.751611,-0.616007
331,3.00885,0.226727,-0.516067
331,1.79281,-1.20966,-0.64434
331,2.85561,0.209581,-0.654883
331,2.21229,-0.592099,-0.697855
331,2.17674,-0.747588,-0.621438
331,1.6835,-1.42388,-0.608293
331,2.17943,-0.750215,-0.621907
331,1.66375,-1.44473,-0.614484
331,2.17217,-0.753307,-0.62786
331,3.14722,0.579609,-0.660127
331,1.62094,-1.3994,-0.697156
331,1.66873,-1.44222,-0.622793
331,1.96111,-1.063,-0.621088
331,1.8199,-1.1901,-0.666771
331,2.18281,-0.767419,-0.626538
331,1.79165,-1.35802,-0.578815
331,1.8211,-1.1934,-0.669784
331,2.60823,-0.21228,-0.62955
331,2.61704,-0.204136,-0.629205
331,2.25948,-0.733596,-0.59112
331,1.84675,-1.33421,-0.563792
331,1.79609,-1.36913,-0.588224
331,2.26454,-0.736669,-0.596677
331,1.69448,-1.46551,-0.621597
331,2.58022,-0.206116,-0.683211
331,2.21744,-0.804252,-0.600853
331,2.62568,-0.210375,-0.639376
331,1.85155,-1.33357,-0.570393
331,1.83257,-1.20633,-0.6811
331,2.62862,-0.206222,-0.644027
331,2.20588,-0.814363,-0.609991
331,1.92545,-1.14107,-0.643019
331,3.17356,0.582308,-0.693423
331,2.60187,-0.222175,-0.668187
331,1.97835,-1.07328,-0.651376
331,3.189,0.284329,-0.488543
331,3.05075,0.209296,-0.568432
331,2.21256,-0.827227,-0.621978
331,2.2081,-0.8243,-0.629087
331,2.27604,-0.74975,-0.621374
331,2.93421,0.183235,-0.666016
331,1.84186,-1.3809,-0.584372
331,2.59061,-0.238134,-0.692312
331,2.6022,-0.250448,-0.686067
331,3.18894,0.467843,-0.643715
331,1.94299,-1.19515,-0.661984
331,1.99571,-1.10521,-0.677829
331,2.29992,-0.740272,-0.653562
331,2.2545,-0.836888,-0.633293
331,1.85377,-1.38696,-0.625057
331,2.30051,-0.755484,-0.665239
331,2.00226,-1.11772,-0.689676
331,1.96308,-1.21566,-0.669688
331,2.32038,-0.747584,-0.666052
331,1.85596,-1.40043,-0.639619
331,2.44314,-0.752798,-0.553407
331,2.63638,-0.255863,-0.727003
331,2.45347,-0.750697,-0.555179
331,1.97245,-1.30163,-0.638526
331,2.32918,-0.766471,-0.686871
331,2.88547,0.213978,-0.86226
331,2.10401,-1.1903,-0.60093
331,2.33735,-0.768063,-0.690981
331,2.09763,-1.20256,-0.618867
331,2.32776,-0.786148,-0.703099
331,2.11643,-1.19221,-0.614258
331,2.23739,-1.18549,-0.542264
331,2.23186,-1.20104,-0.547424
331,1.90687,-1.46135,-0.684325
331,2.22834,-1.2157,-0.557724
331,2.14362,-1.21975,-0.650902
331,1.91889,-1.47088,-0.684824
331,2.21773,-1.17098,-0.635239
331,2.2315,-1.17171,-0.633431
331,2.22566,-1.18048,-0.641311
331,2.98017,-0.632623,-0.325487
331,3.80875,-0.13101,0.0981109
331,3.08821,-0.225558,-0.53779
331,2.15823,-1.27329,-0.692407
331,2.09801,-1.4237,-0.657445
331,1.64197,-2.10098,-0.609557
331,2.3606,-1.16103,-0.60984
331,3.41046,0.0698403,-0.510896
331,2.38213,-1.2292,-0.559522
331,2.37457,-1.17266,-0.620057
331,1.77442,-1.9665,-0.634978
331,2.41493,-1.17479,-0.618
331,2.58737,-0.864684,-0.688427
331,3.27356,-0.25743,-0.473921
331,2.5451,-1.02894,-0.615511
331,1.79796,-1.99423,-0.641605
331,2.67244,-0.864056,-0.622812
331,2.5318,-1.03239,-0.642287
331,2.59805,-0.870622,-0.698395
331,2.908,-0.569506,-0.621092
331,2.19619,-1.5286,-0.649237
331,2.20406,-1.36392,-0.769936
331,2.94358,-0.581566,-0.637458
331,2.38115,-1.43305,-0.599926
331,3.34328,-0.132997,-0.622107
331,2.30892,-1.44193,-0.673387
331,3.11749,-0.72195,-0.42124
331,3.89255,0.517502,-0.579841
331,3.83223,0.384495,-0.549052
331,3.5943,0.0822864,-0.559132
331,3.84734,0.377683,-0.536866
331,3.86991,0.40091,-0.536234
331,3.36809,-0.125596,-0.641991
331,4.03887,0.0520757,-0.140515
331,3.88668,0.39933,-0.534643
331,2.62606,-1.33389,-0.529601
331,2.75126,-1.19952,-0.532322
331,4.10231,0.0680423,-0.165125
331,2.27175,-2.22316,-0.390181
331,2.50295,-1.53282,-0.691784
331,3.77073,0.055806,-0.634669
331,3.47599,-0.344525,-0.628783
331,3.85987,0.181767,-0.64538
331,3.81847,0.117911,-0.639596
331,2.66772,-1.48771,-0.611118
331,3.83829,0.115164,-0.655917
331,2.31251,-2.04915,-0.57922
331,3.48142,-1.11154,-0.173608
331,3.92859,0.175847,-0.689445
331,3.55329,-0.36888,-0.678812
331,3.86054,-0.0346594,-0.659702
331,2.4106,-2.00045,-0.660351
331,3.36973,-1.06411,-0.432379
331,2.69418,-1.61393,-0.687824
331,2.36872,-2.22808,-0.560263
331,3.87462,0.0158009,-0.744175
331,2.26277,-2.86259,-0.212223
331,2.33884,-2.47504,-0.425271
331,2.27877,-2.9096,-0.220344
331,3.90505,-0.170768,-0.675726
331,2.35948,-2.55091,-0.451414
331,2.78561,-1.73219,-0.642891
331,3.84856,-0.0921361,-0.829817
331,4.77996,0.11767,-0.106542
331,3.93193,-0.0823674,-0.790108
331,2.8054,-1.76781,-0.688573
331,3.68054,-0.681427,-0.739107
331,3.53675,-1.4841,-0.407051
331,3.64372,-1.15435,-0.580281
331,3.15067,-2.2698,-0.282234
331,4.81141,-0.394078,-0.0774882
331,2.65341,-3.19158,-0.170117
331,3.83719,-0.736818,-0.813087
331,3.21728,-2.34486,-0.327492
331,2.93311,-3.02572,-0.134081
331,2.5609,-2.7219,-0.715784
331,3.88987,-0.780037,-0.8472
331,2.61776,-3.24162,-0.339246
331,3.25526,-2.41058,-0.358082
331,3.07414,-2.70165,-0.327584
331,2.63338,-3.32394,-0.354274
331,2.8898,-3.39544,-0.12828
331,2.96913,-3.3003,-0.121586
331,3.26802,-3.08826,0.00549698
331,3.31148,-2.4942,-0.402487
331,2.24294,-3.5299,-0.706499
331,5.01773,-0.382941,-0.344129
331,3.33077,-2.52282,-0.417525
331,3.55785,-2.7506,-0.101304
331,3.57956,-2.81207,-0.0534183
331,3.36676,-2.56796,-0.436329
331,3.21338,-3.2282,-0.110885
331,3.20896,-3.23419,-0.115816
331,3.59494,-2.84096,-0.0635573
331,3.68292,-1.91855,-0.721145
331,3.19803,-3.43606,-0.0989796
331,3.31155,-3.39185,-0.037066
331,5.26713,-0.437461,-0.310777
331,3.31627,-3.41725,-0.0390988
331,3.10649,-3.03327,-0.521967
331,3.47526,-3.22922,-0.0358652
331,3.05191,-3.35933,-0.362246
331,3.73916,-1.63116,-0.952888
331,3.45255,-2.28992,-0.759285
331,2.92979,-3.40687,-0.565206
331,3.18187,-3.13677,-0.52259
331,3.73556,-3.07995,-0.0400062
331,3.17356,-3.1364,-0.551472
331,3.1836,-3.14313,-0.575294
331,3.69503,-2.24014,-0.756789
331,5.37702,-0.341175,-0.554414
331,3.7307,-2.27322,-0.778443
331,4.42157,-1.3526,-0.858803
331,3.18803,-3.37708,-0.61954
331,5.42367,-0.45112,-0.690341
331,2.68922,-1.25724,-2.73437
331,3.22095,-3.45981,-0.674559
331,5.111,-3.21113,-0.557187
331,5.16579,-3.26744,-0.562511
331,5.46627,-3.99574,-0.703919
331,2.17291,-1.23087,-0.528409
330,2.17291,-1.23087,-0.528409
331,4.18484,0.487764,-0.635485
330,4.18484,0.487764,-0.635485
331,4.19695,0.489523,-0.641302
330,4.19695,0.489523,-0.641302
331,5.50411,-0.127561,-0.654296
330,5.50411,-0.127561,-0.654296
331,4.63115,-3.62523,-0.663767
317,4.63115,-3.62523,-0.663767
331,3.55766,-0.93482,-0.738695
317,3.55766,-0.93482,-0.738695
331,3.31208,-0.710939,-0.532214
317,3.31208,-0.710939,-0.532214
331,2.63789,-0.667756,-0.324967
317,2.63789,-0.667756,-0.324967
331,3.55557,-0.934444,-0.739056
317,3.55557,-0.934444,-0.739056
331,2.39887,-3.05203,-0.530453
317,2.39887,-3.05203,-0.530453
331,3.54287,-0.929652,-0.727824
317,3.54287,-0.929652,-0.727824
331,2.42707,-3.16053,-0.567949
317,2.42707,-3.16053,-0.567949
331,2.97555,-3.14262,-0.311007
317,2.97555,-3.14262,-0.311007
331,3.04818,-3.10728,-0.560073
321,3.04818,-3.10728,-0.560073
331,4.52099,-2.40914,-0.352531
321,4.52099,-2.40914,-0.352531
331,4.63203,-3.36257,-0.622674
322,4.63203,-3.36257,-0.622674
331,4.23977,-3.74862,-0.58152
322,4.23977,-3.74862,-0.58152
331,2.8184,-1.2029,-0.583841
322,2.8184,-1.2029,-0.583841
331,3.73883,-0.940997,-0.47263
322,3.73883,-0.940997,-0.47263
331,3.64705,-2.32335,-0.662046
314,3.64705,-2.32335,-0.662046
331,3.26272,-2.71057,-0.589161
314,3.26272,-2.71057,-0.589161
331,2.71503,-1.43444,-0.617988
314,2.71503,-1.43444,-0.617988
331,3.30168,-2.11538,-0.653679
314,3.30168,-2.11538,-0.653679
331,2.89794,-3.29813,-0.520142
314,2.89794,-3.29813,-0.520142
331,3.77332,-0.958416,-0.502222
314,3.77332,-0.958416,-0.502222
331,2.84882,-1.24004,-0.628477
312,2.84882,-1.24004,-0.628477
331,2.76768,-0.700127,-0.619279
312,2.76768,-0.700127,-0.619279
331,2.25971,-0.9826,-0.660962
312,2.25971,-0.9826,-0.660962
331,2.23784,-1.29789,-0.629818
311,2.23784,-1.29789,-0.629818
331,2.66307,-2.57442,-0.721743
311,2.66307,-2.57442,-0.721743
331,2.51158,-1.35967,-0.661645
311,2.51158,-1.35967,-0.661645
331,2.66875,-1.47988,-0.613173
313,2.66875,-1.47988,-0.613173
331,1.93958,-0.99303,-0.57356
310,1.93958,-0.99303,-0.57356
332,1.58702,0.282187,0.63523
332,2.76785,0.296892,-0.0212367
332,2.79764,0.21115,-0.063095
332,2.77537,0.300806,-0.577181
332,2.57863,0.0241268,-0.603654
332,2.55895,-0.125839,-0.574806
332,2.55347,-0.132545,-0.590462
332,2.56228,-0.127614,-0.581747
332,2.57938,-0.15336,-0.524101
332,2.57859,-0.153288,-0.527287
332,2.56824,-0.164069,-0.567865
332,2.72924,-0.393929,-0.149486
332,2.21713,-0.748396,-0.614054
332,2.21937,-0.748252,-0.614074
332,2.59279,-0.194779,-0.733321
332,2.61369,-0.225024,-0.678571
332,3.03033,0.215933,-0.55822
332,3.04613,0.207825,-0.568286
332,2.25458,-0.818502,-0.601337
332,2.23721,-1.29757,0.0186846
332,2.25893,-0.820863,-0.614268
332,2.32229,-0.742834,-0.664191
332,3.23986,0.403751,-0.639938
332,3.17683,0.355619,-0.695612
332,3.18416,0.362596,-0.692826
332,2.20532,-0.94176,-0.631104
332,3.26838,0.395463,-0.653177
332,1.90786,-1.40923,-0.602921
332,2.73555,-0.276685,-0.730964
332,1.90713,-1.41986,-0.617117
332,2.46997,-0.783273,-0.600449
332,2.25767,-1.13415,-0.594679
332,2.26713,-1.13367,-0.588188
332,2.27668,-1.14695,-0.600627
332,2.27724,-1.1482,-0.606738
332,2.52342,-0.80832,-0.64458
332,2.24135,-1.1781,-0.644905
332,2.28434,-1.1621,-0.616733
332,1.75303,-1.94134,-0.630994
332,2.13604,-1.48765,-0.634156
332,2.13598,-1.49181,-0.637488
332,2.63778,-0.851689,-0.639841
332,2.41989,-1.16593,-0.605648
332,2.63748,-0.827855,-0.692645
332,1.80929,-1.9434,-0.611808
332,2.0542,-1.64525,-0.610629
332,1.89184,-1.82541,-0.648213
332,2.89376,-0.560531,-0.638395
332,2.42722,-1.17451,-0.613543
332,1.80947,-1.95756,-0.625378
332,2.19024,-1.48219,-0.612271
332,2.68065,-0.854867,-0.619775
332,2.39507,-1.25486,-0.590378
332,2.92076,-0.565851,-0.654062
332,2.57178,-1.03225,-0.641533
332,2.93019,-0.567656,-0.659217
332,3.18128,-0.263527,-0.637599
332,2.97525,-0.570276,-0.639368
332,2.56382,-1.06981,-0.678832
332,3.76224,0.359169,-0.544375
332,2.25004,-1.52642,-0.635757
332,2.42791,-1.3212,-0.634198
332,3.12205,-0.432107,-0.646034
332,2.4288,-1.32862,-0.640558
332,3.26459,-0.281259,-0.625948
332,3.82628,0.414161,-0.610641
332,2.28039,-1.5493,-0.649305
332,3.00592,-0.603935,-0.686305
332,2.48914,-1.31168,-0.622119
332,3.28316,-0.290927,-0.7048
332,3.66846,0.0715261,-0.543205
332,2.32801,-1.56621,-0.654875
332,3.43794,-0.260957,-0.510816
332,2.40607,-1.47643,-0.657662
332,3.84377,-0.178358,0.0349095
332,2.6303,-1.34244,-0.527344
332,3.86354,-0.178352,0.02768
332,2.6388,-1.34875,-0.536287
332,3.92961,-0.0553348,-0.0513194
332,3.91597,-0.152694,0.031676
332,3.98632,-0.174629,0.173215
332,2.47186,-1.50485,-0.669328
332,2.30841,-1.74113,-0.643089
332,2.64824,-1.37286,-0.557935
332,3.97206,-0.311704,0.313233
332,2.47452,-1.51539,-0.674702
332,2.75827,-0.993532,-0.91406
332,2.35904,-1.73209,-0.604626
332,3.76977,0.0659423,-0.633509
332,4.04458,-0.304339,0.315279
332,3.51115,-0.316197,-0.61444
332,2.53279,-1.56817,-0.616307
332,3.45795,-1.26849,0.3537
332,4.12404,-0.222564,0.0797599
332,2.72756,-1.533,-0.601001
332,2.89007,-1.29894,-0.644904
332,3.44839,-1.34072,0.384134
332,2.33244,-2.11644,-0.626184
332,3.06796,-1.23543,-0.59004
332,3.079,-1.24065,-0.59384
332,3.37395,-1.06909,-0.427919
332,3.63484,-0.628899,-0.632323
332,3.07493,-1.81264,0.0137746
332,2.44821,-2.15633,-0.631825
332,3.39583,-1.09718,-0.437749
332,4.3415,-0.0634822,-0.276698
332,3.45028,-1.46523,0.0580111
332,2.84181,-1.76673,-0.607464
332,4.4462,-0.0341028,-0.229406
332,4.29896,-0.201746,-0.265815
332,4.44101,-0.0751848,-0.202781
332,3.90536,-1.5026,0.819671
332,3.90951,-1.50719,0.82273
332,3.91251,-1.51542,0.837537
332,3.91383,-1.51382,0.834141
332,3.48762,-1.51104,0.0740884
332,3.46456,-1.10245,-0.537615
332,4.45858,-0.0758348,-0.215113
332,4.47298,-0.0798077,-0.219745
332,3.72886,-1.51992,0.415684
332,2.89413,-1.82347,-0.642475
332,4.46056,-0.138024,-0.223131
332,3.92089,-1.10988,0.160408
332,3.75301,-1.51217,0.390272
332,4.53331,-0.494562,0.305552
332,4.40868,-0.216635,-0.316376
332,2.95356,-1.85912,-0.653421
332,2.27975,-3.15359,-0.0722147
332,2.46785,-2.60281,-0.571575
332,4.59831,-0.359966,0.0850583
332,3.60674,-1.15503,-0.601703
332,2.43666,-2.76119,-0.553208
332,2.47449,-2.77271,-0.545804
332,3.47128,-1.49694,-0.562279
332,3.55629,-1.49612,-0.42977
332,4.72201,-0.207745,-0.190001
332,2.49671,-2.83133,-0.578214
332,2.49574,-2.85008,-0.583186
332,4.77973,-0.405611,0.0138112
332,5.04724,-0.382931,0.441961
332,3.61558,-1.56584,-0.487063
332,5.30141,0.0186852,0.287258
332,4.8844,-0.25029,-0.11643
332,4.85297,-0.65258,0.34681
332,3.68854,-1.61047,-0.407656
332,4.89434,-0.62972,0.334526
332,4.89141,-0.791033,0.446605
332,4.93635,-0.428673,-0.0673296
332,5.20431,-0.492485,0.495306
332,4.96464,-0.349686,-0.148182
332,5.13743,-0.664542,0.521407
332,4.99719,-0.358356,-0.156478
332,2.60236,-3.28264,-0.349939
332,5.33926,-0.524664,0.668364
332,5.32485,-0.385208,0.443368
332,2.624,-3.27423,-0.331002
332,5.17958,-0.675165,0.52263
332,2.91117,-3.011,-0.268328
332,5.02972,-0.390873,-0.154964
332,2.70788,-3.22814,-0.33667
332,4.24137,-1.79792,0.388973
332,5.02259,-0.832843,0.432431
332,3.61844,-1.84432,-0.654127
332,5.06382,-0.422946,-0.0734838
332,5.20403,-0.491471,0.250341
332,2.85199,-3.2739,-0.0972075
332,3.11133,-2.6549,-0.531387
332,2.93636,-3.20983,-0.0931281
332,3.66542,-1.86732,-0.669995
332,5.12111,-0.862365,0.418491
332,2.93872,-3.27699,-0.113472
332,2.96267,-3.12853,-0.307352
332,3.7482,-1.91306,-0.717525
332,5.60911,-0.484283,0.587155
332,5.47002,-0.506711,0.246617
332,5.18445,-0.44231,-0.358321
332,3.10612,-2.98999,-0.503534
332,3.37128,-3.19322,0.234599
332,3.37507,-3.20783,0.232741
332,3.30848,-3.13177,-0.0187729
332,3.29398,-3.15842,-0.025389
332,3.54953,-2.92307,0.0396821
332,3.43238,-3.03607,-0.0121788
332,5.75555,-0.531127,0.625221
332,5.73036,-0.377809,0.350713
332,3.13612,-3.39214,-0.0752653
332,3.17278,-3.35419,-0.0670948
332,3.39102,-3.2137,0.0673062
332,3.35768,-3.4746,0.329232
332,3.15885,-3.10846,-0.549965
332,3.51263,-2.71905,-0.502658
332,5.62818,-0.546359,0.226841
332,3.07299,-3.38269,-0.368845
332,3.1987,-3.4288,-0.0832074
332,3.27435,-3.3563,-0.0706642
332,3.35429,-3.63658,0.437257
332,3.64905,-2.94395,-0.0237255
332,3.22096,-3.46661,-0.0895565
332,3.21252,-3.48193,-0.0870908
332,3.72466,-3.17633,0.39256
332,3.53526,-3.15945,0.0308577
332,3.33796,-3.63862,0.320204
332,3.70211,-3.20863,0.364586
332,3.39822,-3.64376,0.428727
332,3.21894,-3.1857,-0.527231
332,3.73089,-3.21006,0.370427
332,3.43193,-3.57123,0.323887
332,5.63384,-0.818499,0.403379
332,3.69105,-3.00568,-0.0178227
332,3.34206,-3.04859,-0.616295
332,3.67916,-2.95392,-0.159255
332,3.37245,-3.60434,0.0681537
332,3.79506,-3.07448,-0.122333
332,3.47806,-3.90876,0.452463
332,3.50902,-3.96784,0.441973
332,3.30415,-3.89383,-0.0739514
332,5.82132,-0.523682,-0.547807
332,5.69956,-1.38995,0.41089
332,5.83553,-1.45288,0.424229
332,3.94498,-4.19075,0.454959
332,3.98723,-4.39136,0.308291
332,5.28815,-2.96812,0.48129
332,5.15598,-3.67372,1.21407
332,4.19357,-4.65681,0.437655
332,4.19753,-4.66226,0.429606
332,4.20644,-4.68889,0.449146
332,4.23448,-4.74394,0.416867
332,5.13501,-3.4401,-0.370181
332,5.17111,-3.46055,-0.383376
332,5.20302,-3.5271,-0.393782
332,5.69885,-3.73251,0.680671
332,5.11601,-3.65843,-0.57239
332,5.10047,-3.6664,-0.595428
332,5.24547,-4.28517,0.213972
332,5.61945,-4.79297,1.29104
332,5.6429,-4.91612,1.34231
332,5.55287,-4.28311,0.29063
332,5.3849,-4.47851,0.251329
332,5.59402,-3.80069,-0.342006
332,5.40985,-4.50916,0.24811
332,5.46748,-4.57007,0.391262
332,5.45132,-4.54668,0.229563
332,5.50364,-4.6155,0.385495
332,5.24428,-4.33716,-0.502531
332,5.50732,-4.63794,0.209707
332,8.7466,0.104175,-1.70923
332,2.85597,-0.750248,-0.660818
330,2.85597,-0.750248,-0.660818
332,3.31591,-2.69796,0.0918944
330,3.31591,-2.69796,0.0918944
332,3.76187,-1.48226,0.418923
330,3.76187,-1.48226,0.418923
332,3.11454,-0.203715,-0.605609
330,3.11454,-0.203715,-0.605609
332,3.56357,-3.39274,-0.05275
330,3.56357,-3.39274,-0.05275
332,4.45113,-0.154724,0.00253401
330,4.45113,-0.154724,0.00253401
332,2.49737,-1.27703,-0.705626
330,2.49737,-1.27703,-0.705626
332,5.19607,-3.15122,1.04683
330,5.19607,-3.15122,1.04683
332,3.29517,-3.43015,-0.695441
330,3.29517,-3.43015,-0.695441
332,2.8704,-0.322064,-0.485057
330,2.8704,-0.322064,-0.485057
332,5.28538,0.240382,-0.40101
330,5.28538,0.240382,-0.40101
332,4.79935,-2.7647,0.128394
330,4.79935,-2.7647,0.128394
332,4.13966,-1.73177,0.385675
330,4.13966,-1.73177,0.385675
332,5.05071,-3.10454,-0.240884
330,5.05071,-3.10454,-0.240884
332,2.31413,-1.4831,-0.741345
331,2.31413,-1.4831,-0.741345
332,1.92545,0.160917,0.456591
331,1.92545,0.160917,0.456591
332,2.64556,-0.853104,-0.64068
331,2.64556,-0.853104,-0.64068
332,3.70154,-1.71099,-0.505121
331,3.70154,-1.71099,-0.505121
332,2.65974,-0.214183,-0.636783
331,2.65974,-0.214183,-0.636783
332,3.33228,-3.20962,-0.0339998
322,3.33228,-3.20962,-0.0339998
332,4.94113,-4.53108,-1.34997
314,4.94113,-4.53108,-1.34997
332,3.38203,-0.879243,-0.565085
314,3.38203,-0.879243,-0.565085
332,5.12858,-4.38755,-0.524306
314,5.12858,-4.38755,-0.524306
332,3.44632,-0.903924,-0.610471
314,3.44632,-0.903924,-0.610471
332,3.44404,-0.771933,-0.614191
314,3.44404,-0.771933,-0.614191
332,3.2571,-3.07918,0.439609
314,3.2571,-3.07918,0.439609
332,3.58897,-2.7503,-0.537589
317,3.58897,-2.7503,-0.537589
332,3.15931,-0.86936,-0.372552
317,3.15931,-0.86936,-0.372552
332,4.97686,-4.04459,-0.475209
317,4.97686,-4.04459,-0.475209
332,3.70133,-3.26166,0.0113322
316,3.70133,-3.26166,0.0113322
332,2.71951,-1.67399,-0.615782
316,2.71951,-1.67399,-0.615782
332,2.74054,-1.69074,-0.624179
312,2.74054,-1.69074,-0.624179
332,3.71499,-1.0195,0.420797
329,3.71499,-1.0195,0.420797
332,3.89855,-1.51692,0.416478
329,3.89855,-1.51692,0.416478
333,1.99227,0.098561,0.748195
333,3.3982,-1.0921,-0.448341
333,3.41597,-1.43502,-0.564454
333,3.5393,-1.6269,1.11776
333,3.46745,-1.41015,-0.533363
333,3.47242,-1.4127,-0.527681
333,3.59848,-1.58646,1.27246
333,3.48473,-1.40372,-0.502089
333,3.47593,-1.41842,-0.535652
333,3.48986,-1.40736,-0.508263
333,3.61558,-1.58041,1.27158
333,3.60663,-1.59541,1.2724
333,3.61199,-1.58944,1.27966
333,3.49402,-1.41044,-0.511681
333,3.62136,-1.55413,0.843741
333,3.86153,-1.06641,0.178988
333,3.86268,-1.11096,0.36901
333,3.23432,-1.95434,-0.576905
333,3.24473,-1.98009,-0.585629
333,3.74951,-1.63064,1.22615
333,3.80029,-1.55857,1.2127
333,3.77106,-1.60602,1.17555
333,3.76934,-1.63528,1.25025
333,3.4895,-1.74328,-0.60672
333,3.48896,-1.7453,-0.614803
333,4.99035,0.396319,-0.263151
333,3.60471,-1.6348,-0.469384
333,3.86508,-1.5119,0.829861
333,3.62462,-1.6319,-0.482146
333,3.51697,-1.78089,-0.557981
333,3.91017,-1.51048,0.993679
333,3.62458,-1.64766,-0.46996
333,3.91575,-1.53886,0.976451
333,3.38071,-2.1136,-0.601344
333,5.15105,0.449561,-0.343919
333,3.47616,-2.00631,-0.626185
333,3.40126,-2.12806,-0.592086
333,3.61998,-1.81628,-0.584609
333,5.07024,0.317203,-0.418085
333,5.27955,0.201244,1.71973
333,4.80188,-0.0830584,-0.448799
333,5.16943,0.33501,0.106833
333,5.32207,0.207651,1.74209
333,5.27661,0.144193,1.71809
333,5.29064,0.139058,1.72266
333,2.87501,-3.12282,-0.0662508
333,5.13168,0.252974,-0.313833
333,4.08777,-1.44989,0.377736
333,3.50962,-2.13433,-0.562184
333,5.25252,0.044126,1.46766
333,4.93415,-0.087972,-0.351745
333,5.28364,0.0312876,1.49878
333,5.30973,0.0202063,1.44619
333,5.31459,0.019001,1.48679
333,5.08168,0.0195981,-0.317858
333,3.03594,-3.11602,-0.00571638
333,3.05242,-3.10823,-0.00337112
333,5.03004,-0.0651601,-0.481127
333,5.24556,-0.136077,1.47707
333,3.58536,-2.21773,-0.59029
333,5.27307,-0.117508,1.47884
333,5.28215,0.21358,-0.158664
333,3.58071,-2.25715,-0.641008
333,3.07292,-3.15859,-0.0190881
333,2.99556,-3.21458,-0.328901
333,5.00547,-0.202198,-0.466535
333,5.32397,0.213416,-0.281686
333,5.33232,0.167764,-0.164442
333,5.38375,0.0218368,0.840395
333,5.3863,0.0150326,0.851331
333,5.23182,-0.00495189,-0.33741
333,4.99616,-0.379858,-0.248068
333,5.35354,0.135206,-0.250043
333,5.31572,-0.0118915,0.174978
333,5.35947,0.0188896,0.303506
333,5.27746,0.0255744,-0.364371
333,5.31891,0.0174167,-0.0597214
333,5.33929,0.0832237,-0.252997
333,5.42016,0.169313,-0.152323
333,3.33338,-2.99172,0.0226245
333,3.21816,-3.19518,0.125938
333,5.3122,0.0124463,-0.293915
333,5.17902,-0.208188,-0.222611
333,5.48506,-0.161487,1.79391
333,5.34969,-0.0423384,-0.126574
333,3.25973,-3.21427,0.0563409
333,5.35344,-0.0605241,-0.249688
333,5.33771,-0.476998,1.61724
333,5.50108,-0.270658,1.79427
333,3.33106,-3.15816,-0.0107639
333,5.3268,-0.480177,1.5032
333,5.22417,-0.316514,-0.183143
333,3.35023,-3.2174,0.206468
333,5.48025,0.106875,-0.541869
333,5.48314,0.101744,-0.52756
333,5.20808,-0.384454,-0.167954
333,5.29745,-0.233457,-0.258996
333,3.33604,-3.21428,-0.0182079
333,5.54757,-0.272481,1.80022
333,5.37492,-0.493924,1.60705
333,3.3668,-3.22701,0.229234
333,5.20751,-0.485144,0.235739
333,5.29989,-0.495592,0.822579
333,5.38875,-0.316665,0.558575
333,3.35102,-3.2449,-0.0359453
333,5.40212,-0.317618,0.550454
333,5.3666,-0.497566,1.18362
333,5.33341,-0.393135,0.365228
333,3.50445,-3.06067,0.017188
333,5.37743,-0.500324,1.18033
333,5.38255,-0.494524,1.18533
333,5.35825,-0.599833,1.51936
333,5.3353,-0.282657,-0.249004
333,5.29839,-0.350514,-0.199028
333,4.45136,-1.73651,0.348002
333,5.40606,-0.319237,0.39176
333,3.51318,-3.07844,0.00951195
333,5.4135,-0.284766,0.206122
333,5.36962,-0.490828,0.891825
333,5.36721,-0.393298,0.364449
333,5.38691,-0.387369,0.440701
333,5.37033,-0.399301,0.356517
333,5.29265,-0.406536,-0.19444
333,5.60263,-0.355288,1.80804
333,5.45671,-0.324552,0.553798
333,5.36879,-0.489058,0.690963
333,5.37249,-0.415726,0.318429
333,3.3015,-3.55075,0.495562
333,5.60761,-0.368666,1.82074
333,5.37414,-0.490401,0.672299
333,5.41488,-0.4846,0.937115
333,5.4007,-0.612085,1.46025
333,5.45659,-0.256998,0.0438658
333,3.64114,-2.96744,-0.0268886
333,5.42165,-0.318581,0.0331654
333,5.39936,-0.29524,-0.278166
333,5.37404,-0.517684,0.598258
333,5.44246,-0.334367,0.190035
333,5.36393,-0.390937,-0.133202
333,5.36705,-0.388048,-0.133608
333,3.55904,-3.13419,0.0487393
333,3.61622,-3.05159,0.0129924
333,5.37806,-0.367845,-0.240091
333,3.65435,-3.07111,0.389767
333,5.39006,-0.518171,0.597441
333,3.62249,-3.07793,0.0234185
333,5.4001,-0.531847,0.574886
333,5.37765,-0.462437,0.0197445
333,3.59599,-3.13868,0.0520853
333,5.38817,-0.484499,0.0615367
333,3.61707,-3.13202,0.0531688
333,5.39228,-0.774285,1.52847
333,3.60292,-3.16978,0.0580325
333,3.65351,-3.10302,0.0966123
333,5.35201,-0.46629,-0.414357
333,5.41803,-0.495127,0.191915
333,5.42322,-0.493333,0.194475
333,5.26379,-0.779345,0.387096
333,3.61467,-3.18018,0.0349766
333,5.40589,-0.645972,0.667283
333,5.42415,-0.521537,0.173528
333,5.32463,-0.782185,0.717523
333,5.49673,-0.736727,1.76644
333,5.42187,-0.849486,1.72819
333,3.7319,-3.0303,-0.137516
333,3.75239,-3.0122,-0.0866764
333,5.43512,-0.688862,0.76007
333,5.44662,-0.533041,0.0122685
333,5.36581,-0.802243,0.713707
333,5.46026,-0.530864,0.00991488
333,5.45559,-0.920022,1.83184
333,5.39638,-0.76514,0.560281
333,5.46208,-0.664368,0.419844
333,3.74866,-3.22518,0.362627
333,5.36437,-0.799814,0.30732
333,3.72259,-3.21455,0.0668479
333,3.76038,-3.24909,0.37887
333,5.48268,-0.704446,0.523804
333,3.48337,-3.67749,0.418098
333,5.38986,-0.831993,0.422725
333,5.45837,-0.780338,0.573343
333,3.73852,-3.26973,0.0346173
333,5.47887,-0.997065,1.64069
333,5.41883,-1.10469,1.71157
333,5.44227,-1.05248,1.61031
333,5.44271,-1.08199,1.75087
333,5.46775,-1.00071,1.52879
333,3.74676,-3.28052,0.0564522
333,3.75927,-3.26474,0.0655027
333,5.47184,-1.02854,1.64385
333,5.45094,-1.08898,1.74719
333,3.75487,-3.2932,0.0660335
333,5.39876,-1.14119,1.59743
333,3.76654,-3.29016,0.0762871
333,5.3852,-0.943058,0.432136
333,5.43795,-1.04506,1.31537
333,5.44831,-1.09733,1.61821
333,5.44817,-1.09906,1.61846
333,5.40491,-1.19499,1.74371
333,5.4646,-1.06315,1.50946
333,5.40803,-1.1968,1.72506
333,5.42978,-1.16976,1.74081
333,5.46981,-1.0987,1.6383
333,5.45204,-1.02864,1.14154
333,5.4535,-0.988065,0.894092
333,5.41481,-1.14195,1.36371
333,5.41607,-0.965079,0.437528
333,5.40812,-1.15929,1.35014
333,5.43848,-1.10971,1.30615
333,5.43805,-1.10145,1.25542
333,5.47125,-0.99178,0.928355
333,5.40867,-1.06352,0.786303
333,5.46385,-1.00258,0.868348
333,5.47231,-1.18731,1.8274
333,5.44808,-1.21411,1.75177
333,5.42248,-1.17198,1.33815
333,5.4393,-1.15432,1.36118
333,5.41214,-1.12743,0.931172
333,5.45784,-1.00401,0.612256
333,5.41859,-1.12654,0.929543
333,5.43864,-1.04839,0.601502
333,5.43777,-1.0829,0.766257
333,5.39975,-1.08179,0.460102
333,5.51211,-1.2255,1.75248
333,5.51007,-1.21112,1.47443
333,5.38604,-1.24397,0.469763
333,5.39114,-1.23876,0.454844
333,5.39201,-1.26511,0.441662
333,5.45516,-1.22366,0.586979
333,5.45333,-1.22322,0.569463
333,5.41421,-1.26571,0.455752
333,5.55724,-1.07669,0.562841
333,5.42361,-1.26028,0.447865
333,5.64201,-1.0487,0.927784
333,5.45368,-1.25016,0.467999
333,5.46092,-1.23718,0.452137
333,5.44559,-1.27956,0.463683
333,5.63376,-1.07472,0.823968
333,4.97992,-2.35902,0.260274
333,3.93169,-4.12107,0.417634
333,6.41037,-0.732184,2.00125
333,4.00133,-4.06664,0.376586
333,5.07122,-2.43808,0.224019
333,3.79166,-4.42618,0.363997
333,5.13306,-2.48452,0.233991
333,5.24469,-2.34573,0.260897
333,3.92457,-4.58645,1.16173
333,4.02482,-4.36864,0.473731
333,4.04056,-4.38492,0.435549
333,5.36391,-2.3922,0.185219
333,4.7453,-3.21624,-0.381163
333,3.98872,-4.4847,0.306384
333,4.76157,-3.18817,-0.433302
333,3.97586,-4.68397,1.07387
333,3.97017,-4.77541,1.02868
333,4.14633,-4.40217,0.315587
333,4.02778,-4.79504,1.19023
333,4.04802,-4.73369,1.03399
333,4.14135,-4.4999,0.298286
333,5.498,-2.46471,0.239346
333,4.84562,-3.32602,-0.457247
333,4.13989,-4.75752,1.27509
333,4.02844,-4.92143,1.21664
333,6.86894,-0.936417,2.25612
333,5.02531,-3.24621,-0.197826
333,4.12778,-4.86761,1.19803
333,4.16389,-4.81937,1.19227
333,5.06111,-3.27847,-0.188413
333,5.06029,-3.42841,-0.340991
333,5.00287,-3.49961,-0.453022
333,4.83618,-4.13171,1.39171
333,4.98533,-3.52329,-0.564302
333,7.10518,-0.995408,2.31959
333,5.7734,-2.60764,0.216001
333,5.0294,-3.57179,-0.535964
333,4.97786,-4.06529,1.4738
333,5.12747,-3.88212,1.50695
333,5.84097,-2.6242,0.366456
333,5.1,-4.03411,1.52022
333,7.3661,-1.06125,2.39374
333,5.17723,-4.17141,1.25269
333,5.30686,-4.10815,1.55229
333,5.23724,-3.98485,0.350787
333,5.34697,-4.13847,1.55225
333,5.41641,-4.01066,1.31276
333,5.13479,-4.59362,1.47279
333,5.5027,-4.12835,1.33643
333,5.34395,-4.43757,1.33966
333,5.54418,-4.4778,2.92889
333,5.45664,-4.11826,0.352537
333,5.36096,-4.58657,1.57832
333,5.25681,-4.73176,1.4786
333,5.38252,-4.53639,1.28637
333,5.55534,-4.16929,0.377229
333,5.85875,-4.28316,3.04001
333,5.37556,-4.60701,0.99477
333,5.43284,-4.5603,1.16652
333,5.24026,-4.53211,-0.563202
333,5.28207,-4.53245,-0.563777
333,5.92517,-4.30136,3.05416
333,5.43719,-4.53373,0.386297
333,5.79316,-4.60506,3.07287
333,5.45903,-4.58762,0.380604
333,5.97841,-4.48334,3.03623
333,5.45883,-4.58108,-0.377378
333,5.38082,-4.68528,-0.585726
333,6.27991,-4.09857,3.1011
333,5.58437,-4.71189,-0.445564
333,5.81806,-4.53891,0.299883
333,5.4783,-1.12517,1.12025
328,5.4783,-1.12517,1.12025
333,5.36365,-1.08121,1.12449
328,5.36365,-1.08121,1.12449
333,5.32391,-3.91222,0.348332
328,5.32391,-3.91222,0.348332
333,5.60783,-1.26469,1.05034
328,5.60783,-1.26469,1.05034
333,5.12511,-3.74355,1.39502
328,5.12511,-3.74355,1.39502
333,5.35152,-0.36316,-0.240206
328,5.35152,-0.36316,-0.240206
333,4.469,-2.60074,0.993171
328,4.469,-2.60074,0.993171
333,5.70148,-1.21908,1.48726
328,5.70148,-1.21908,1.48726
333,5.29581,-1.13265,1.77454
328,5.29581,-1.13265,1.77454
333,4.10609,-4.49905,0.473564
328,4.10609,-4.49905,0.473564
333,3.24664,-3.3936,0.499062
328,3.24664,-3.3936,0.499062
333,5.28857,0.0860911,1.61249
328,5.28857,0.0860911,1.61249
333,4.25041,-2.12787,0.859647
328,4.25041,-2.12787,0.859647
333,4.01399,-1.86009,0.79569
328,4.01399,-1.86009,0.79569
333,3.24786,-3.28897,0.407829
328,3.24786,-3.28897,0.407829
333,3.25087,-3.28276,0.429885
328,3.25087,-3.28276,0.429885
333,3.26847,-3.2657,0.351109
328,3.26847,-3.2657,0.351109
333,5.31458,-2.6711,0.785252
328,5.31458,-2.6711,0.785252
333,4.22936,-1.87968,0.861343
328,4.22936,-1.87968,0.861343
333,3.8519,-1.48697,0.957599
328,3.8519,-1.48697,0.957599
333,5.28555,-0.542031,1.45546
327,5.28555,-0.542031,1.45546
333,5.43655,-1.19186,0.992194
327,5.43655,-1.19186,0.992194
333,5.01569,-4.25484,1.20787
327,5.01569,-4.25484,1.20787
333,4.90075,-1.94993,0.596625
327,4.90075,-1.94993,0.596625
333,5.50999,-0.33922,-0.296067
327,5.50999,-0.33922,-0.296067
333,5.27689,-0.952409,0.276789
327,5.27689,-0.952409,0.276789
333,4.51188,-6.0284,1.24298
327,4.51188,-6.0284,1.24298
333,4.56234,-6.14799,1.41747
327,4.56234,-6.14799,1.41747
333,5.24796,-0.024838,0.857117
327,5.24796,-0.024838,0.857117
333,5.31095,-0.78554,0.326584
327,5.31095,-0.78554,0.326584
333,5.23639,-0.0360849,-0.407783
327,5.23639,-0.0360849,-0.407783
333,3.32954,-3.17701,0.0669498
327,3.32954,-3.17701,0.0669498
333,4.32793,-2.19922,0.854829
327,4.32793,-2.19922,0.854829
333,3.23499,-3.24716,0.438337
327,3.23499,-3.24716,0.438337
333,4.94556,-2.85996,0.868552
327,4.94556,-2.85996,0.868552
333,4.05922,-1.3317,0.427157
329,4.05922,-1.3317,0.427157
333,3.78801,-1.48932,0.967714
329,3.78801,-1.48932,0.967714
333,5.29993,-0.510488,1.53172
329,5.29993,-0.510488,1.53172
333,3.70498,-1.57279,1.15139
329,3.70498,-1.57279,1.15139
333,3.91229,-1.14054,0.358119
329,3.91229,-1.14054,0.358119
333,5.45069,-4.1395,1.40509
329,5.45069,-4.1395,1.40509
333,5.05255,-0.985027,1.57316
329,5.05255,-0.985027,1.57316
333,6.80057,-5.47037,-1.30203
326,6.80057,-5.47037,-1.30203
333,5.39501,-2.70126,0.634985
326,5.39501,-2.70126,0.634985
333,5.00138,-2.01903,0.268892
332,5.00138,-2.01903,0.268892
333,4.93107,-3.25544,-0.523745
315,4.93107,-3.25544,-0.523745
333,3.67736,-1.61007,1.18083
320,3.67736,-1.61007,1.18083
333,3.79755,-1.70192,1.17248
324,3.79755,-1.70192,1.17248
334,4.00453,0.407819,0.328366
334,3.43887,-1.24675,0.369439
334,3.46813,-1.47387,0.0575718
334,3.47248,-1.55947,1.22443
334,3.48415,-1.61781,1.23521
334,3.61175,-1.56238,1.29612
334,3.60485,-1.57429,1.28908
334,3.59457,-1.60133,0.734694
334,3.61547,-1.57612,1.26931
334,3.61944,-1.5733,1.29854
334,3.61251,-1.59045,1.29309
334,3.6163,-1.58826,1.29658
334,3.64306,-1.62865,1.17008
334,3.70765,-1.54665,1.00626
334,3.66175,-1.62225,1.3084
334,3.69941,-1.63276,1.23062
334,3.74637,-1.56467,1.31852
334,3.9931,-1.23748,0.393854
334,5.08223,0.45652,-0.0536802
334,5.12193,0.509419,-0.054014
334,3.88364,-1.46462,0.81138
334,3.97829,-1.36675,0.398492
334,3.89982,-1.51341,0.771761
334,3.99482,-1.37576,0.399
334,4.00581,-1.36522,0.39703
334,3.91664,-1.50428,0.762175
334,5.07173,0.304567,1.00487
334,3.92871,-1.5302,0.779348
334,3.99196,-1.44862,0.382425
334,5.2401,0.516237,0.280206
334,5.21702,0.448028,-0.222443
334,4.03958,-1.40376,0.390259
334,4.94497,0.0106438,-0.114014
334,5.25111,0.511587,1.44379
334,4.97153,0.00640196,-0.141405
334,5.31308,0.511908,-0.0781927
334,5.38809,0.614594,0.36373
334,3.91427,-1.71005,0.98778
334,5.34622,0.516627,0.0643142
334,4.00255,-1.61196,0.916886
334,3.80707,-1.95684,-0.0615656
334,5.11592,0.099948,-0.185997
334,5.09529,-0.0155607,-0.183871
334,5.46926,0.567515,-0.172593
334,5.39844,0.450175,-0.27234
334,3.8679,-2.08287,-0.103787
334,3.26974,-3.04925,0.0141096
334,5.2748,0.125145,1.64298
334,5.19794,-0.0101185,0.794608
334,5.33281,0.19649,1.64211
334,5.61616,0.584322,-0.0469413
334,5.32348,0.126566,1.64916
334,5.2773,0.0250672,0.238169
334,5.34832,0.15899,1.70887
334,5.10919,-0.255,-0.498491
334,5.24606,-0.0195138,1.09917
334,5.22159,-0.0700242,0.394413
334,5.11332,-0.25869,-0.502129
334,5.64985,0.588635,-0.0441337
334,5.2842,0.0285168,1.21111
334,5.2523,-0.0318537,1.23051
334,5.30706,0.0198238,0.285413
334,5.30264,0.0253237,1.24366
334,5.34951,0.104606,1.73011
334,5.31302,0.0347372,1.51079
334,5.67651,0.581899,-0.0684549
334,5.40942,0.177731,1.65832
334,5.42421,0.19208,1.64948
334,5.60588,0.445127,-0.34604
334,5.32103,0.0184564,1.20922
334,3.33047,-3.1472,0.224585
334,5.32837,0.0214524,1.50296
334,3.38262,-3.07914,0.00604904
334,5.36156,0.0267374,1.4607
334,5.3506,-0.00228661,0.719243
334,5.35774,0.00965166,1.43597
334,5.37695,0.010787,0.206736
334,5.40165,0.00548941,0.20253
334,5.54164,0.173725,0.0144657
334,5.20455,-0.371064,-0.0727016
334,5.44629,0.0226557,2.39468
334,5.21556,-0.426052,-0.300513
334,5.31003,-0.304602,-0.542392
334,5.49111,0.0194672,2.41406
334,5.44975,-0.066264,1.22845
334,5.26125,-0.389468,-0.0832011
334,3.63206,-2.96677,0.022828
334,5.51077,-0.0173925,0.618982
334,5.55365,0.0439336,0.824967
334,5.52545,-0.0164875,-0.147006
334,5.52059,0.0152531,2.42731
334,3.61015,-3.04907,-0.00636649
334,3.57374,-3.12399,0.0532577
334,3.57669,-3.11932,0.0555117
334,3.63696,-3.03461,0.347371
334,3.6384,-3.03855,0.369261
334,3.66152,-3.04969,0.381556
334,5.30673,-0.46453,0.587481
334,3.7004,-3.02233,-0.0304413
334,5.31541,-0.47297,1.2789
334,5.32639,-0.471663,0.580236
334,3.62141,-3.1906,0.049975
334,5.4582,-0.328287,0.275198
334,5.4548,-0.332133,0.558774
334,5.35902,-0.486282,0.962109
334,4.17071,-2.3828,-0.129542
334,5.36401,-0.480914,1.63521
334,5.36681,-0.490106,0.962526
334,5.30062,-0.591366,1.24524
334,5.34048,-0.532983,1.20836
334,5.25552,-0.68083,0.876995
334,5.48263,-0.338487,0.533902
334,5.38811,-0.48219,2.34348
334,5.40973,-0.495462,-0.348057
334,5.34179,-0.602635,1.12588
334,5.45361,-0.442594,0.524487
334,5.31978,-0.641584,1.39223
334,5.31102,-0.656976,1.34514
334,5.70903,-0.0116391,2.5093
334,5.4909,-0.39759,-0.156232
334,5.41534,-0.503051,1.54473
334,5.35574,-0.60246,1.30713
334,5.49068,-0.427828,0.817264
334,5.32904,-0.696587,0.78119
334,5.30429,-0.740599,0.551856
334,5.41883,-0.558613,1.30489
334,5.33628,-0.708943,0.867921
334,5.36889,-0.673544,0.483807
334,5.46722,-0.491395,2.37552
334,5.46793,-0.492145,2.37596
334,5.5065,-0.461153,0.874074
334,5.36253,-0.695177,0.504009
334,5.37361,-0.673852,1.36142
334,5.39819,-0.66034,0.607375
334,5.35891,-0.719414,0.995827
334,5.59656,-0.368072,-0.29351
334,5.30738,-0.802041,1.84772
334,5.49268,-0.503102,2.38375
334,5.47263,-0.577446,1.44126
334,5.32185,-0.815236,1.68449
334,5.50287,-0.592691,1.31937
334,5.35647,-0.888811,1.51226
334,5.12082,-1.27224,2.65526
334,4.97569,-1.55382,0.401865
334,5.1597,-1.28346,2.67858
334,5.6627,-0.545704,0.947237
334,5.17544,-1.30798,2.6856
334,5.56354,-0.709563,1.84715
334,5.33191,-1.08136,1.45786
334,5.20294,-1.28308,2.73963
334,5.42358,-0.979717,1.03974
334,5.47035,-0.895368,1.87106
334,5.43897,-0.990936,0.91116
334,5.48637,-0.907221,1.84207
334,5.4548,-0.982103,1.03979
334,5.49055,-0.91532,1.84413
334,5.4472,-1.00369,0.919915
334,5.39871,-1.10114,1.64178
334,5.53599,-0.895021,1.53549
334,5.47048,-1.00472,1.1882
334,5.47259,-0.99962,1.55058
334,5.42146,-1.09393,1.41334
334,5.42789,-1.10111,0.980725
334,5.51871,-0.959124,1.17883
334,5.50411,-1.00034,1.7724
334,4.96889,-1.86882,0.326945
334,5.73272,-0.677764,1.89665
334,5.44411,-1.1364,1.79933
334,5.48438,-1.07619,1.81366
334,5.44183,-1.14749,1.74828
334,5.51056,-1.0413,1.77506
334,5.71508,-0.723436,1.89447
334,5.48946,-1.08965,1.8144
334,5.54758,-1.02377,0.899263
334,5.50937,-1.0779,1.44241
334,5.38351,-1.2657,2.71509
334,5.44207,-1.1961,1.79738
334,5.4792,-1.14707,1.80861
334,4.83674,-2.20956,0.699003
334,5.49228,-1.20511,1.75002
334,5.52491,-1.17249,1.75333
334,5.44381,-1.29388,2.75517
334,5.45849,-1.27385,2.74423
334,5.17035,-1.85266,0.392238
334,5.5693,-1.20447,1.84208
334,5.55319,-1.25442,1.79085
334,4.64779,-2.72214,2.66162
334,5.59511,-1.27598,2.8991
334,5.59195,-1.28603,2.87838
334,5.60138,-1.27661,2.90203
334,5.58918,-1.30794,2.83883
334,5.65695,-1.36765,0.441221
334,5.80507,-1.1175,2.85055
334,5.22735,-2.15712,0.274153
334,4.72629,-2.91534,2.69114
334,5.14869,-2.48293,0.214639
334,4.78623,-3.02967,2.72133
334,5.58882,-1.86674,0.3237
334,5.58519,-1.89917,0.321655
334,3.82729,-4.64671,2.87901
334,3.88787,-4.66522,2.87134
334,5.24356,-2.58107,0.699326
334,3.90071,-4.69791,2.88105
334,5.66083,-1.94263,3.07524
334,4.11282,-4.47223,0.427729
334,3.98974,-4.66666,1.74383
334,4.02739,-4.68019,1.70003
334,4.06221,-4.70253,2.88501
334,5.73084,-2.09065,3.10873
334,5.7335,-2.10735,3.11157
334,5.69172,-2.18469,3.15022
334,5.7464,-2.10841,3.11988
334,4.19167,-4.57634,3.06604
334,4.15805,-4.64363,2.99635
334,4.19772,-4.58959,3.07196
334,4.04287,-4.8702,1.79852
334,4.16926,-4.74855,0.265926
334,4.19854,-4.70048,0.4509
334,4.25348,-4.58915,3.08074
334,4.33749,-4.50977,3.03908
334,5.66572,-2.42633,3.04742
334,5.6567,-2.46707,3.04061
334,4.38293,-4.51743,1.73346
334,4.37279,-4.52942,2.85933
334,5.81172,-2.25765,3.23151
334,4.41872,-4.47478,3.04612
334,4.36807,-4.63667,2.993
334,4.53767,-4.39407,3.00507
334,4.57057,-4.37255,3.01334
334,4.5526,-4.41653,2.90352
334,4.50565,-4.51104,1.73704
334,4.60969,-4.34709,3.00059
334,5.77662,-2.53356,3.03437
334,5.75362,-2.57628,3.08227
334,4.56597,-4.46135,2.88317
334,5.86991,-2.44246,3.18055
334,6.85731,-0.907764,2.25841
334,4.58054,-4.48959,3.04451
334,5.7794,-2.62873,3.11893
334,4.64161,-4.45128,3.06023
334,4.76655,-4.26508,2.95233
334,4.73703,-4.35493,2.98454
334,4.72813,-4.37668,2.86188
334,4.63668,-4.54499,1.74503
334,4.75101,-4.35587,2.91196
334,5.41587,-3.31119,3.29403
334,5.41096,-3.37953,3.31234
334,4.81187,-4.35691,1.72069
334,5.44801,-3.34962,3.31223
334,4.77546,-4.42039,3.0185
334,5.46319,-3.35323,3.32841
334,4.85112,-4.35639,2.81643
334,5.41191,-3.46671,3.24962
334,5.91415,-2.74368,3.20545
334,4.90204,-4.36641,2.94556
334,5.44992,-3.52572,3.28824
334,5.01486,-4.25788,2.92629
334,5.49708,-3.51777,3.39795
334,5.69439,-3.22427,3.09233
334,5.42146,-3.71383,2.83918
334,5.06037,-4.30682,2.94899
334,4.93346,-4.50907,3.07483
334,5.72037,-3.28817,3.10851
334,5.05796,-4.34067,2.95334
334,5.67216,-3.40325,3.14026
334,5.68606,-3.39664,3.10176
334,5.54016,-3.63141,3.46538
334,5.73969,-3.33364,3.10847
334,5.88188,-3.12761,3.03634
334,5.55853,-3.66633,2.85346
334,5.54891,-3.68937,2.84276
334,5.14531,-4.33305,2.96479
334,5.72065,-3.43796,3.18395
334,5.79515,-3.32316,3.15648
334,5.18548,-4.28984,3.06297
334,5.7094,-3.47983,3.11453
334,5.8132,-3.34673,3.17693
334,5.27528,-4.30334,-0.514782
334,5.7215,-3.56404,2.75026
334,5.77128,-3.54753,3.14544
334,5.80599,-3.51072,3.1854
334,5.77699,-3.5618,3.1603
334,5.20286,-4.49222,1.77388
334,5.20015,-4.51409,1.75497
334,5.32866,-4.37947,-0.52057
334,5.76092,-3.65697,3.10307
334,5.95303,-3.36015,3.21381
334,5.82352,-3.58436,2.97461
334,5.43405,-4.21556,2.85551
334,5.32702,-4.41913,1.33514
334,5.21706,-4.59866,1.76986
334,5.85932,-3.5677,3.29496
334,5.39491,-4.33929,2.96439
334,5.31559,-4.50188,1.33737
334,5.88805,-3.58043,3.11506
334,5.80155,-3.75153,3.16377
334,5.22983,-4.71323,-0.396828
334,5.41768,-4.39644,2.99849
334,5.34925,-4.58727,-0.552825
334,5.39666,-4.54386,1.27244
334,5.87252,-3.78139,3.17907
334,5.89826,-3.7594,3.09249
334,5.91354,-3.79317,3.15294
334,5.40216,-4.64114,1.58982
334,7.67001,-1.06125,2.45772
334,5.38392,-4.72923,-0.600199
334,5.94861,-3.79129,3.1093
334,5.472,-4.59286,0.244967
334,5.40012,-4.68828,1.60777
334,5.60012,-4.35399,2.97448
334,5.93369,-3.85929,3.2049
334,6.00276,-3.7513,3.56119
334,5.95341,-3.89559,2.9269
334,8.41201,-0.114435,-0.604534
334,5.74297,-4.27954,2.81071
334,5.46682,-4.74986,1.61007
334,5.48899,-4.72758,1.317
334,5.38963,-4.98136,1.5201
334,5.77799,-4.36999,3.05085
334,6.04522,-3.97187,3.09043
334,6.08283,-3.95668,3.23107
334,5.56789,-4.78586,3.22202
334,6.07941,-4.02452,2.99421
334,5.81216,-4.51698,3.11175
334,5.83201,-4.53218,2.9129
334,5.88476,-4.50405,2.88686
334,5.90524,-4.53035,2.91714
334,6.00509,-4.38732,3.0906
334,13.8778,0.161807,4.32622
334,3.58782,-1.76923,1.20653
333,3.58782,-1.76923,1.20653
334,3.60129,-1.6094,1.23607
333,3.60129,-1.6094,1.23607
334,5.3562,-2.17488,0.25654
333,5.3562,-2.17488,0.25654
334,5.70042,-3.87153,-0.0831193
333,5.70042,-3.87153,-0.0831193
334,5.66262,0.0465278,1.69908
333,5.66262,0.0465278,1.69908
334,3.6706,-1.48994,1.18814
333,3.6706,-1.48994,1.18814
334,3.21917,-3.11413,0.0533006
333,3.21917,-3.11413,0.0533006
334,5.1611,0.505724,0.237481
333,5.1611,0.505724,0.237481
334,5.12091,-0.383689,0.215989
333,5.12091,-0.383689,0.215989
334,3.56866,-2.7983,0.00874691
333,3.56866,-2.7983,0.00874691
334,5.85243,-1.45887,0.430531
333,5.85243,-1.45887,0.430531
334,5.36559,-0.95731,1.62626
328,5.36559,-0.95731,1.62626
334,5.75708,-3.58389,2.83317
328,5.75708,-3.58389,2.83317
334,5.41152,-0.503098,0.896941
328,5.41152,-0.503098,0.896941
334,5.38081,-4.62608,1.58065
328,5.38081,-4.62608,1.58065
334,5.70986,-3.77953,2.90658
328,5.70986,-3.77953,2.90658
334,5.28461,0.0236278,0.86633
328,5.28461,0.0236278,0.86633
334,5.56507,-3.64875,2.83764
328,5.56507,-3.64875,2.83764
334,5.05127,-4.45333,1.46227
328,5.05127,-4.45333,1.46227
334,4.16476,-4.9262,1.36575
328,4.16476,-4.9262,1.36575
334,5.28543,-4.56457,1.39566
329,5.28543,-4.56457,1.39566
334,5.74445,-3.55448,3.01229
329,5.74445,-3.55448,3.01229
334,3.74045,-1.64612,1.18248
329,3.74045,-1.64612,1.18248
334,5.25843,0.0856265,1.09322
329,5.25843,0.0856265,1.09322
334,5.47336,-1.01023,1.76525
329,5.47336,-1.01023,1.76525
334,4.16624,-4.88114,1.70582
329,4.16624,-4.88114,1.70582
334,3.67391,-3.04463,0.00162844
327,3.67391,-3.04463,0.00162844
334,5.24053,0.147641,0.067165
327,5.24053,0.147641,0.067165
334,5.28855,0.0797043,1.16608
327,5.28855,0.0797043,1.16608
334,5.30846,0.0569002,0.84627
327,5.30846,0.0569002,0.84627
334,5.447,-1.87703,0.35333
327,5.447,-1.87703,0.35333
334,5.72832,-3.37343,3.09732
324,5.72832,-3.37343,3.09732
334,3.78009,-1.60889,1.06361
324,3.78009,-1.60889,1.06361
334,6.386,-4.22049,1.48063
319,6.386,-4.22049,1.48063
334,3.74658,-1.5252,1.07976
326,3.74658,-1.5252,1.07976
334,5.14662,-2.49924,0.689085
326,5.14662,-2.49924,0.689085
334,3.53408,-1.58532,1.21581
320,3.53408,-1.58532,1.21581
334,5.33166,-4.31192,1.39159
325,5.33166,-4.31192,1.39159
334,7.14538,-11.6705,2.08998
325,7.14538,-11.6705,2.08998
335,2.1463,0.228044,0.30855
335,2.30674,0.377007,0.280273
335,2.55042,0.548904,0.263173
335,2.60503,0.622644,0.294987
335,2.6686,0.476993,0.678418
335,2.63538,0.553313,0.197132
335,2.81254,0.371182,0.0143233
335,2.82028,0.367324,0.00791436
335,2.93758,-0.567045,-0.609584
335,2.94568,-0.57664,-0.604471
335,3.06104,-0.414858,-0.604345
335,2.62188,-1.15813,-0.630365
335,2.64087,-1.21983,-0.568529
335,2.64007,-1.19336,-0.642397
335,2.64523,-1.23028,-0.578223
335,2.66859,-1.19448,-0.605925
335,2.67389,-1.17365,-0.631137
335,2.68639,-1.17839,-0.608341
335,2.6718,-1.18848,-0.637336
335,2.68194,-1.20568,-0.586897
335,3.32625,-0.117425,-0.597861
335,2.66324,-1.34014,-0.535185
335,3.35587,-0.112021,-0.624291
335,3.41603,-0.217211,-0.451319
335,2.80615,-1.20978,-0.590941
335,3.42904,-0.222642,-0.552477
335,3.42783,-0.23175,-0.54505
335,3.44091,-0.231121,-0.568391
335,3.43988,-0.257232,-0.546709
335,2.84635,-1.24163,-0.626343
335,2.85359,-1.25239,-0.601748
335,3.7425,0.240662,-0.53808
335,2.8607,-1.25703,-0.591259
335,3.81105,0.399744,-0.631066
335,3.42889,-0.299359,-0.576706
335,2.86905,-1.25812,-0.598143
335,3.47006,-0.273568,-0.543539
335,3.81166,0.297963,-0.567077
335,3.47582,-0.284101,-0.562133
335,3.76597,0.232232,-0.600929
335,3.6905,0.105473,-0.609052
335,4.00475,0.61628,-0.561161
335,3.85769,0.386434,-0.605121
335,3.85566,0.400386,-0.64559
335,4.00869,0.618594,-0.567049
335,3.84967,0.373507,-0.620569
335,2.87915,-1.29955,-0.624826
335,3.77292,0.204365,-0.562133
335,3.71486,0.119805,-0.63129
335,3.74179,0.126299,-0.574151
335,3.74102,0.155234,-0.652709
335,3.73975,0.113698,-0.591621
335,3.83106,0.262337,-0.584102
335,3.47489,-0.315624,-0.649461
335,3.73821,0.125856,-0.630313
335,3.7846,0.226746,-0.672806
335,3.80287,0.235036,-0.631315
335,3.75323,0.138809,-0.615262
335,3.7787,0.197434,-0.642665
335,3.82919,0.270086,-0.619419
335,3.73116,0.112407,-0.643224
335,3.73586,0.0794144,-0.570638
335,3.74892,0.116533,-0.600075
335,3.81507,0.258399,-0.660893
335,3.75648,0.148047,-0.647778
335,3.78979,0.171018,-0.592724
335,3.78297,0.198687,-0.666904
335,3.79432,0.221585,-0.67655
335,3.86039,0.284941,-0.598405
335,3.8004,0.220998,-0.679101
335,3.76312,0.149208,-0.672339
335,3.79402,0.19249,-0.655279
335,3.89818,0.364344,-0.64987
335,3.89633,0.37854,-0.684411
335,3.91823,0.366831,-0.593813
335,3.71899,0.0270834,-0.613598
335,3.81952,0.185728,-0.595397
335,3.66326,-0.0450279,-0.669162
335,3.78566,0.166884,-0.677079
335,3.81249,0.168374,-0.611378
335,3.86424,0.255132,-0.609062
335,3.50379,-0.334772,-0.667755
335,4.01061,0.499877,-0.618719
335,3.73733,0.0203626,-0.626941
335,4.02007,0.494653,-0.615299
335,4.02413,0.497618,-0.622916
335,3.0337,-1.21057,-0.620455
335,3.50077,-0.367663,-0.712377
335,3.71272,-0.0539329,-0.62412
335,3.68624,-0.0506672,-0.715165
335,3.03609,-1.2231,-0.631524
335,3.04367,-1.21585,-0.627346
335,4.49916,0.797718,0.274329
335,3.04878,-1.21474,-0.624463
335,3.04562,-1.22733,-0.620921
335,4.21929,0.784994,-0.646687
335,3.4664,-1.53995,1.22759
335,3.0684,-1.24779,-0.600484
335,3.54283,-0.390379,-0.685946
335,3.54638,-0.390039,-0.694266
335,3.07429,-1.25972,-0.600969
335,2.83918,-1.68645,-0.584087
335,3.55738,-0.392749,-0.693241
335,3.74911,-0.128988,-0.571341
335,3.08021,-1.25742,-0.668341
335,3.76647,-0.122008,-0.602062
335,4.17289,0.55228,-0.561715
335,3.42592,-1.2444,0.354625
335,3.45296,-1.53546,0.973879
335,3.42796,-1.2476,0.346805
335,4.1718,0.502382,-0.535023
335,3.44272,-1.55855,0.948961
335,3.76789,-0.138209,-0.656023
335,3.10315,-1.2917,-0.645036
335,4.16631,0.450957,-0.554864
335,4.20831,0.517133,-0.544282
335,4.19149,0.512235,-0.644064
335,3.46792,-1.29551,0.334755
335,4.2066,0.515785,-0.664148
335,3.43056,-1.36757,0.346662
335,4.2098,0.514404,-0.660496
335,3.49856,-1.60012,0.961887
335,4.42442,0.470833,0.0442311
335,3.44961,-1.38199,0.340508
335,3.6121,-1.56974,1.20317
335,4.41594,0.436134,0.0366688
335,2.90029,-1.79691,-0.661229
335,4.31288,0.600453,-0.645203
335,3.43834,-1.02127,-0.450704
335,4.83459,0.982818,0.248419
335,3.55213,-1.62139,0.95862
335,4.27472,0.421754,-0.531234
335,3.27135,-1.25178,-0.664511
335,3.42324,-1.11043,-0.456888
335,3.4211,-1.10676,-0.501284
335,3.58902,-1.6918,1.0944
335,3.29499,-1.27443,-0.624094
335,3.62563,-1.29703,0.463303
335,3.58731,-1.7151,1.09827
335,3.57221,-1.6033,0.829236
335,3.30238,-1.28255,-0.629086
335,3.50488,-1.45664,0.309031
335,3.32129,-1.30069,-0.632508
335,3.31154,-1.30205,-0.696461
335,3.69994,-1.26335,0.427315
335,3.36235,-1.34577,-0.504923
335,3.36941,-1.36406,-0.494613
335,3.70182,-1.31572,0.45463
335,3.61396,-1.62327,0.732178
335,3.75797,-1.63503,1.20759
335,3.76704,-1.65134,1.22985
335,5.00255,0.836512,0.562293
335,3.77256,-1.64507,1.20756
335,3.55709,-1.5289,0.290063
335,4.63995,0.496321,-0.0486016
335,3.79053,-1.66528,1.21645
335,4.63988,0.504264,-0.184118
335,3.88671,-1.11846,0.345297
335,3.86653,-1.07183,0.184364
335,4.52761,0.13047,0.015371
335,3.8733,-1.58515,1.09094
335,4.47548,0.394746,-0.651439
335,3.4714,-1.395,-0.54023
335,3.11053,-1.97107,-0.629928
335,3.91389,-1.12528,0.335888
335,4.4874,0.392135,-0.658304
335,3.47697,-1.43187,-0.50263
335,3.09996,-1.97781,-0.698028
335,3.92447,-1.16096,0.38202
335,3.20205,-1.92208,-0.53646
335,3.45139,-1.46975,-0.599251
335,4.49441,0.123445,-0.259338
335,3.12191,-2.00584,-0.693503
335,3.89372,-1.58267,0.976706
335,3.88463,-1.57504,0.867294
335,3.12931,-2.03743,-0.718999
335,3.48455,-1.46975,-0.654129
335,3.96518,-1.19926,0.370988
335,4.58288,0.358454,-0.666945
335,5.01727,-0.0249882,1.41426
335,4.7862,0.395143,-0.289976
335,3.64254,-1.69757,-0.0675276
335,5.16925,0.478088,0.750319
335,3.57289,-1.62873,-0.463078
335,5.14002,0.421461,0.685792
335,5.24811,0.506073,0.862751
335,3.66265,-1.72206,-0.0793386
335,3.60248,-1.63795,-0.453649
335,3.63001,-1.81329,-0.0524645
335,4.73815,0.321496,-0.754518
335,5.02363,0.537702,-0.294522
335,5.3373,0.0194727,1.51933
335,5.31388,0.0218003,1.41245
335,4.90826,0.160528,-0.152565
335,5.35964,0.80722,0.0650086
335,5.34306,0.0204462,1.45075
335,3.57952,-1.91834,-0.577829
335,4.77516,0.0207552,-0.359692
335,5.35044,1.02889,-0.472224
335,5.019,0.28799,-0.272969
335,5.14261,0.538985,-0.354843
335,3.58535,-1.97819,-0.674212
335,5.36205,0.00699478,1.30498
335,3.4466,-2.21279,-0.694172
335,3.64189,-1.91486,-0.684124
335,4.85076,0.00257927,-0.391222
335,3.59533,-1.99902,-0.689705
335,5.1505,0.0644238,0.289504
335,3.6867,-1.96565,-0.72474
335,5.3492,0.00994289,0.833815
335,5.08393,0.0200143,-0.049176
335,5.38351,0.0393944,0.863421
335,5.37135,0.00549996,0.876566
335,5.1107,-0.552982,1.06595
335,4.98068,-0.134604,-0.14348
335,5.10047,0.0111771,-0.0345403
335,5.27545,0.0373895,0.43437
335,5.75978,0.966544,0.257785
335,5.10824,0.0143821,-0.0627813
335,5.4131,0.468321,0.0286535
335,3.55026,-2.744,0.00584078
335,5.16775,0.0859804,-0.111927
335,5.24834,-0.055963,0.355033
335,3.47018,-2.9409,0.0189803
335,3.47416,-2.96383,0.0184533
335,5.1685,0.00161052,-0.079694
335,5.31176,-0.468496,1.24102
335,5.34464,0.119089,0.259788
335,5.45702,0.535634,-0.188504
335,5.40284,-0.501529,1.54528
335,5.40316,0.529199,-0.422213
335,5.36812,0.00898314,0.421595
335,3.61562,-2.99288,0.38739
335,5.5992,0.567882,0.112817
335,3.62229,-2.99126,0.395011
335,5.53141,0.0862676,0.75087
335,5.40741,0.00284106,0.499887
335,5.57956,0.540126,0.0121869
335,3.54161,-3.01166,0.0734735
335,3.59802,-2.87022,-0.0171797
335,5.36888,0.0104054,0.275041
335,5.37038,-0.493026,1.1407
335,5.23571,-0.429905,0.561593
335,5.31898,0.0251294,-0.0480637
335,3.6831,-2.36188,-0.842276
335,5.17047,-0.401393,0.26023
335,5.35013,0.0102102,0.0706949
335,3.56984,-3.06897,0.0855398
335,5.42744,-0.506257,1.25705
335,3.569,-3.07369,0.0757787
335,3.57758,-3.06175,0.063175
335,5.34418,-0.479106,0.910237
335,5.37198,0.00540394,0.0987247
335,5.1703,-0.446546,0.27911
335,5.35968,-0.486595,0.941916
335,5.37313,0.00582266,0.0565428
335,3.62217,-3.0491,0.127532
335,5.19532,-0.418961,0.227487
335,3.68395,-3.11557,0.385704
335,5.38625,-0.496921,0.901171
335,5.49292,-0.523656,1.25658
335,5.21638,-0.465498,0.254379
335,5.04,-0.848915,0.391552
335,5.39333,0.00872171,-0.0823773
335,3.68106,-2.98274,-0.0253587
335,5.7287,0.0622103,0.749884
335,5.37542,-0.478419,0.61837
335,5.57308,0.0775818,0.217824
335,5.35933,-0.654328,0.725448
335,5.4366,-0.508911,0.682475
335,5.62236,-0.569983,1.21585
335,5.2057,-0.856162,0.399838
335,5.42119,-1.14632,1.58978
335,5.18529,-0.939582,0.386616
335,5.49904,-0.341942,0.23385
335,5.2671,-0.428745,-0.396953
335,5.49155,-0.711852,0.797916
335,5.7464,0.0611232,0.123087
335,5.45577,-1.00155,1.13464
335,5.3864,-0.896389,0.710795
335,5.61469,-0.516859,0.675361
335,5.45856,-1.03579,1.1333
335,5.57278,-1.08352,1.52041
335,5.42501,-0.982737,0.858922
335,5.43296,-0.988897,0.875171
335,5.68031,0.0859182,-0.39324
335,5.43146,-1.09651,0.972621
335,5.6639,-0.521544,0.608433
335,5.72838,0.0253318,-0.346271
335,4.76514,-1.9821,0.26672
335,5.56284,-1.05345,0.943359
335,5.52395,-1.27361,1.13607
335,5.53098,-1.28121,1.14983
335,5.49766,-1.23625,0.528342
335,5.49362,-1.21223,0.449652
335,5.51485,-1.23241,0.513449
335,5.09404,-2.01218,0.470762
335,6.04391,0.0818021,-0.560435
335,4.92806,-2.29905,0.268637
335,5.56235,-1.33957,0.469247
335,5.06465,-2.39883,0.668004
335,6.47673,0.526649,-0.247149
335,5.03552,-2.37388,0.302045
335,5.66372,-1.3862,0.460388
335,6.21573,0.0591795,-0.599012
335,5.19863,-2.52005,0.695279
335,5.80837,-1.35128,0.445868
335,4.03611,-4.35028,0.29644
335,4.11537,-4.33538,0.392041
335,5.24579,-2.57165,0.695767
335,5.2347,-2.57026,0.637886
335,5.90594,-1.52804,0.456799
335,4.13945,-4.55992,0.424215
335,5.22199,-2.73187,0.190771
335,5.24298,-2.79261,0.231046
335,4.13513,-4.72194,0.259125
335,5.29058,-2.83271,0.22665
335,5.29787,-2.89657,0.175731
335,5.37077,-3.05605,0.344825
335,5.2956,-4.82224,1.54799
335,5.45257,-4.58806,1.21827
335,5.48458,-4.73728,1.5868
335,5.14994,-4.32675,-0.24933
335,5.50848,-4.66075,1.24418
335,5.75908,-3.62545,0.0948284
335,5.54754,-4.74934,1.25874
335,5.28318,-4.33731,-0.460184
335,5.30471,-4.37023,-0.531758
335,5.36524,-4.44855,-0.446927
335,5.68075,-4.8893,1.25213
335,5.61131,-4.96584,1.11398
335,5.35115,-4.49006,-0.598527
335,5.33525,-4.61222,-0.475677
335,5.41161,-4.54638,-0.570468
335,5.44842,-4.57769,-0.450515
335,5.34098,-4.66853,-0.631397
335,5.48121,-4.61668,-0.44946
335,5.4012,-4.71323,-0.539341
335,5.4335,-4.76184,-0.545794
335,5.44344,-4.77574,-0.516923
335,5.3727,-4.8253,-0.651189
335,5.4377,-4.77464,-0.567244
335,5.51188,-4.76965,-0.376321
335,5.41594,-4.79152,-0.663017
335,5.41568,-4.78438,-0.716036
335,5.45411,-4.82319,-0.669938
335,5.82965,-5.41082,-0.72068
335,3.51074,-1.19531,-0.538592
333,3.51074,-1.19531,-0.538592
335,5.42532,-0.508429,0.892085
333,5.42532,-0.508429,0.892085
335,3.44298,-1.14987,0.341055
333,3.44298,-1.14987,0.341055
335,2.14969,0.339587,0.708608
333,2.14969,0.339587,0.708608
335,3.69822,-1.57412,0.841017
333,3.69822,-1.57412,0.841017
335,5.34485,-4.73116,1.24729
333,5.34485,-4.73116,1.24729
335,5.29782,-1.08197,0.920664
333,5.29782,-1.08197,0.920664
335,5.55004,-1.2069,1.61398
333,5.55004,-1.2069,1.61398
335,5.55881,-1.2132,1.63082
333,5.55881,-1.2132,1.63082
335,5.44235,-0.301933,-0.296165
333,5.44235,-0.301933,-0.296165
335,5.26714,-4.45538,0.975298
333,5.26714,-4.45538,0.975298
335,5.54072,-1.06398,0.68522
333,5.54072,-1.06398,0.68522
335,5.21239,-0.949847,0.363627
333,5.21239,-0.949847,0.363627
335,4.03277,-1.6484,0.976377
333,4.03277,-1.6484,0.976377
335,3.48678,-1.51151,0.862785
334,3.48678,-1.51151,0.862785
335,3.40837,-1.42549,1.08983
334,3.40837,-1.42549,1.08983
335,4.30708,-1.71313,0.367644
334,4.30708,-1.71313,0.367644
335,3.50214,-1.40563,0.714257
334,3.50214,-1.40563,0.714257
335,3.6385,-3.03758,0.341851
334,3.6385,-3.03758,0.341851
335,3.6385,-3.03758,0.341851
334,3.6385,-3.03758,0.341851
335,3.60659,-1.53463,0.865302
334,3.60659,-1.53463,0.865302
335,5.44305,-1.15758,1.16452
327,5.44305,-1.15758,1.16452
335,5.39322,-0.0369095,0.834505
327,5.39322,-0.0369095,0.834505
335,5.29006,0.158407,0.889206
327,5.29006,0.158407,0.889206
335,5.23059,0.0279097,1.26858
327,5.23059,0.0279097,1.26858
335,5.34491,-4.58817,0.977268
327,5.34491,-4.58817,0.977268
335,5.27295,0.37401,-0.47428
327,5.27295,0.37401,-0.47428
335,5.34839,-0.464813,0.0858973
327,5.34839,-0.464813,0.0858973
335,5.07674,-0.185833,-0.387945
327,5.07674,-0.185833,-0.387945
335,3.92533,-1.76272,1.05512
328,3.92533,-1.76272,1.05512
335,5.24008,-1.0696,0.470026
326,5.24008,-1.0696,0.470026
335,5.43372,-0.454392,0.437409
326,5.43372,-0.454392,0.437409
335,4.97975,-2.59188,1.1111
326,4.97975,-2.59188,1.1111
335,5.33385,-0.715239,1.01236
326,5.33385,-0.715239,1.01236
335,3.74487,-1.62308,1.15456
329,3.74487,-1.62308,1.15456
335,4.52867,-2.23092,0.860891
329,4.52867,-2.23092,0.860891
335,5.52899,-5.06517,1.09953
330,5.52899,-5.06517,1.09953
335,3.94784,-1.23169,0.406259
330,3.94784,-1.23169,0.406259
335,5.46542,-0.335239,0.244406
332,5.46542,-0.335239,0.244406
335,5.7035,-2.00788,0.259484
316,5.7035,-2.00788,0.259484
336,2.13775,0.427177,0.310576
336,2.13818,0.427922,0.310218
336,2.139,0.426949,0.310242
336,2.19995,0.472388,0.288868
336,2.0591,0.0691913,-0.638183
336,2.0587,0.0663406,-0.640781
336,2.08837,0.058848,-0.62413
336,2.3183,0.405571,-0.579184
336,2.09257,0.0497311,-0.633625
336,2.01096,-0.260006,-0.627279
336,2.08514,-0.135989,-0.627218
336,2.01259,-0.270351,-0.628942
336,2.01105,-0.267779,-0.634502
336,2.08604,-0.143561,-0.626912
336,2.01151,-0.273023,-0.639885
336,2.08705,-0.14215,-0.633848
336,2.10375,-0.13933,-0.617264
336,2.08572,-0.146021,-0.641422
336,2.09782,-0.145919,-0.63033
336,2.11303,-0.136085,-0.618305
336,2.09254,-0.146836,-0.637152
336,2.04398,-0.259831,-0.624187
336,2.10644,-0.146193,-0.623778
336,2.02749,-0.277456,-0.634485
336,2.01595,-0.281251,-0.649453
336,2.04518,-0.269691,-0.632665
336,2.4824,0.546256,-0.633517
336,2.49838,0.570859,-0.635561
336,2.50265,0.573017,-0.64009
336,2.48337,0.488272,-0.62613
336,2.52736,0.526536,-0.639586
336,2.54673,0.505165,-0.623091
336,2.54295,0.510179,-0.63197
336,2.5524,0.502664,-0.626152
336,2.5415,0.49409,-0.633936
336,2.53259,0.450315,-0.623562
336,2.86634,1.06464,-0.627968
336,2.56087,0.449151,-0.632687
336,2.91609,1.09339,-0.623528
336,2.91878,1.09335,-0.620777
336,2.56428,0.421895,-0.619357
336,2.02921,-0.579191,-0.618485
336,2.56945,0.424389,-0.626211
336,2.56869,0.42086,-0.626615
336,2.56759,0.421254,-0.629886
336,2.03414,-0.586926,-0.628523
336,2.57974,0.436077,-0.635608
336,2.02984,-0.585929,-0.639441
336,2.92639,1.06504,-0.62751
336,2.89842,1.0145,-0.629014
336,2.90004,1.01509,-0.627832
336,2.08489,-0.566202,-0.592698
336,2.08805,-0.568046,-0.593917
336,2.43492,0.153666,-0.644229
336,2.13743,-0.489779,-0.592807
336,2.08555,-0.581756,-0.600069
336,2.13689,-0.495212,-0.599571
336,2.07115,-0.617772,-0.616465
336,2.06793,-0.626625,-0.618435
336,2.9208,0.981681,-0.635516
336,2.15563,-0.502703,-0.603506
336,2.92427,0.982668,-0.638742
336,2.42905,0.0429693,-0.631558
336,2.45435,0.138553,-0.668601
336,2.63388,0.388372,-0.615622
336,2.14036,-0.520231,-0.62965
336,2.93752,0.97893,-0.640422
336,2.14468,-0.522218,-0.627037
336,2.4435,0.0298108,-0.625756
336,2.92813,0.945161,-0.633708
336,2.62435,0.380669,-0.635862
336,2.15726,-0.526922,-0.617848
336,2.5386,0.1757,-0.61324
336,2.50092,0.114526,-0.620517
336,2.62854,0.379217,-0.640234
336,2.4942,0.0956996,-0.619461
336,2.14478,-0.530212,-0.640656
336,2.50202,0.0955805,-0.616716
336,2.96784,0.959391,-0.614205
336,2.49321,0.095471,-0.628868
336,2.67414,0.407206,-0.614599
336,2.50158,0.0906832,-0.61825
336,2.50733,0.106723,-0.622752
336,2.67041,0.432762,-0.637486
336,2.66961,0.428879,-0.638856
336,2.50628,0.0860384,-0.614196
336,2.5454,0.166824,-0.621582
336,2.48645,0.0894551,-0.645326
336,2.66074,0.380849,-0.623919
336,2.68386,0.421897,-0.622703
336,2.68514,0.423281,-0.622802
336,2.54447,0.16372,-0.625709
336,2.54343,0.16328,-0.628046
336,2.97401,0.961204,-0.624705
336,2.50836,0.0800027,-0.616844
336,2.65182,0.376495,-0.640457
336,2.55453,0.160772,-0.622541
336,2.5661,0.158206,-0.611118
336,2.97329,0.934858,-0.625625
336,2.56103,0.150943,-0.623523
336,2.75158,0.481158,-0.610061
336,2.9513,0.87037,-0.628999
336,2.95167,0.873262,-0.639885
336,2.75846,0.479786,-0.624114
336,2.97304,0.873118,-0.628543
336,2.99898,0.917943,-0.631608
336,3.00258,0.913581,-0.631226
336,3.00686,0.908057,-0.629263
336,2.56121,0.0439825,-0.61095
336,2.57596,0.036927,-0.607864
336,3.01621,0.878692,-0.62699
336,3.01685,0.878428,-0.631771
336,2.98511,0.837243,-0.6526
336,2.74882,0.331444,-0.627946
336,2.99635,0.801131,-0.642756
336,2.97304,0.739451,-0.631537
336,3.03814,0.838097,-0.627259
336,2.56546,-0.0967538,-0.594827
336,2.74527,0.30409,-0.637802
336,3.14437,1.16358,-0.713747
336,3.02857,0.823377,-0.634638
336,3.14341,1.16155,-0.720475
336,2.26308,-0.669767,-0.606271
336,3.04352,0.801776,-0.620003
336,2.99078,0.731526,-0.643678
336,2.74899,0.296689,-0.656281
336,2.22035,-0.783884,-0.595231
336,3.05288,0.799959,-0.620031
336,2.27175,-0.678447,-0.606999
336,3.01227,0.737154,-0.629851
336,2.26235,-0.691135,-0.611199
336,2.7976,0.323119,-0.621653
336,3.05269,0.798073,-0.621801
336,3.0469,0.80492,-0.63345
336,2.99567,0.740274,-0.657159
336,2.2289,-0.783295,-0.597009
336,3.05665,0.798665,-0.627717
336,2.22606,-0.799202,-0.59933
336,2.20552,-0.802343,-0.623674
336,2.81478,0.337115,-0.625823
336,2.26377,-0.721751,-0.609967
336,2.81869,0.337852,-0.633598
336,3.05842,0.737583,-0.604821
336,2.59464,-0.13748,-0.602432
336,3.01285,0.724458,-0.656571
336,2.52926,-0.202635,-0.644923
336,2.26915,-0.736345,-0.616304
336,2.58821,-0.154002,-0.608992
336,3.0327,0.702114,-0.633471
336,2.56245,-0.168679,-0.642177
336,2.60282,-0.161093,-0.599048
336,2.21795,-0.902345,-0.58861
336,2.81254,0.240757,-0.613399
336,2.20355,-0.910994,-0.610327
336,3.24907,0.936403,-0.546853
336,2.60796,-0.169124,-0.610615
336,2.86173,0.295252,-0.620938
336,3.06048,0.671371,-0.62484
336,2.22257,-0.918342,-0.608439
336,2.55745,-0.223905,-0.668507
336,3.06774,0.672156,-0.632026
336,2.58858,-0.232937,-0.64565
336,3.03346,0.593419,-0.643456
336,3.07232,0.654562,-0.636381
336,3.11045,0.666354,-0.614561
336,3.11027,0.668777,-0.620979
336,3.07773,0.607928,-0.621874
336,3.01239,0.460875,-0.606295
336,2.57895,-0.231098,-0.685069
336,3.08446,0.626317,-0.631238
336,3.0158,0.456632,-0.606819
336,2.6051,-0.227937,-0.672592
336,3.09374,0.625365,-0.636147
336,3.12656,0.665152,-0.626277
336,3.02263,0.436265,-0.611204
336,3.1374,0.643603,-0.62485
336,2.21343,-1.09929,-0.621317
336,3.09732,0.543788,-0.623554
336,3.13781,0.605683,-0.618833
336,3.02631,0.385542,-0.612828
336,3.11434,0.55523,-0.620117
336,3.02771,0.389431,-0.619945
336,2.24547,-1.12406,-0.593143
336,3.43605,1.10098,-0.600452
336,2.24704,-1.12675,-0.597339
336,3.32256,0.703494,-0.482081
336,3.10757,0.520626,-0.627092
336,3.04067,0.373318,-0.615895
336,3.03412,0.309279,-0.5828
336,3.09655,0.482421,-0.633119
336,3.11981,0.501957,-0.618369
336,3.11446,0.470535,-0.62378
336,3.13947,0.493338,-0.627613
336,3.22233,0.533461,-0.565994
336,2.52443,-0.734582,-0.599939
336,2.52918,-0.738572,-0.602103
336,3.21872,0.552371,-0.610143
336,3.21938,0.560934,-0.615487
336,3.08021,0.278397,-0.602824
336,3.21472,0.551751,-0.618343
336,3.04998,0.219586,-0.614463
336,3.22274,0.548223,-0.619172
336,2.53673,-0.752462,-0.606583
336,3.05311,0.222266,-0.616158
336,2.99953,0.0958824,-0.603674
336,2.99029,0.106312,-0.628018
336,3.04658,0.180477,-0.609745
336,3.14352,0.402078,-0.642436
336,3.14494,0.392531,-0.637134
336,3.25596,0.532238,-0.59502
336,3.0548,0.166355,-0.614111
336,3.20962,0.455386,-0.616275
336,3.52347,1.08215,-0.645912
336,3.17449,0.390514,-0.621541
336,3.17614,0.390908,-0.622469
336,3.30655,0.607344,-0.606894
336,3.27658,0.530595,-0.604686
336,3.27261,0.528794,-0.610611
336,3.18184,0.388324,-0.629865
336,3.27827,0.537298,-0.617562
336,3.21364,0.416939,-0.619178
336,3.26514,0.464088,-0.589455
336,3.21489,0.412013,-0.618102
336,2.38266,-1.29675,-0.538082
336,3.14124,0.239114,-0.619777
336,3.32983,0.608292,-0.632607
336,2.38241,-1.16959,-0.629509
336,3.33681,0.607767,-0.629033
336,2.38713,-1.16746,-0.628376
336,3.53816,1.29398,-0.845063
336,3.54516,1.0107,-0.66483
336,2.5226,-0.990921,-0.613346
336,3.56424,1.32554,-0.871442
336,3.35851,0.589046,-0.64797
336,2.53494,-1.01373,-0.616954
336,2.53394,-1.01998,-0.615622
336,2.7585,-0.67208,-0.583854
336,2.65716,-0.828839,-0.609611
336,2.52813,-1.02915,-0.642045
336,2.54071,-1.02626,-0.63207
336,2.63478,-0.848917,-0.638681
336,3.61027,1.0672,-0.71782
336,2.45124,-1.26568,-0.607573
336,2.54696,-1.0417,-0.648608
336,2.4622,-1.27483,-0.602292
336,2.38979,-1.42963,-0.61387
336,2.53189,-1.13729,-0.640124
336,2.90144,-0.532205,-0.596684
336,2.90273,-0.533844,-0.603331
336,2.52055,-1.25164,-0.602582
336,2.78173,-0.707389,-0.640087
336,3.71058,1.00046,-0.641531
336,3.03039,-0.389654,-0.593073
336,2.91732,-0.553287,-0.625065
336,2.64876,-1.09998,-0.597341
336,3.41437,0.297194,-0.611194
336,2.56871,-1.25516,-0.63641
336,3.42473,0.294356,-0.612524
336,3.43024,0.291689,-0.619028
336,3.45408,0.318029,-0.623475
336,3.79476,0.880663,-0.580744
336,3.80176,0.883313,-0.589907
336,3.68678,0.711297,-0.638547
336,2.58107,-1.44673,-0.579517
336,2.57981,-1.45888,-0.574912
336,3.52332,0.340614,-0.603618
336,2.58384,-1.43622,-0.611121
336,3.19575,-0.253415,-0.641818
336,3.53195,0.341046,-0.620512
336,2.58087,-1.48552,-0.586983
336,3.20541,-0.26529,-0.626235
336,2.80177,-1.16904,-0.54233
336,3.31754,-0.105109,-0.61075
336,3.56237,0.323869,-0.610686
336,3.876,0.883971,-0.594779
336,3.33214,-0.108159,-0.616856
336,3.56981,0.330561,-0.617016
336,3.89103,0.909315,-0.605107
336,3.90463,0.903932,-0.606539
336,3.89607,0.884061,-0.607379
336,4.15648,1.41412,-0.639504
336,3.92148,0.928025,-0.621551
336,3.4565,0.0500234,-0.622293
336,3.6671,0.37658,-0.596717
336,3.39983,-1.07184,-0.00587404
336,3.41366,-1.08432,-0.0167893
336,3.30413,-0.513133,-0.55149
336,3.78121,0.59923,-0.726227
336,3.78747,0.600807,-0.730733
336,4.1135,1.01811,-0.609935
336,4.11676,1.025,-0.612174
336,3.93111,0.699168,-0.629532
336,3.92918,0.717604,-0.643968
336,3.33018,-0.502893,-0.578204
336,3.89799,0.623409,-0.622817
336,4.12059,1.02307,-0.615656
336,3.90561,0.631527,-0.626183
336,4.12852,1.03003,-0.619385
336,4.16132,1.06689,-0.614501
336,3.90933,0.620559,-0.640087
336,4.14054,1.03042,-0.634127
336,3.96372,0.752778,-0.680351
336,3.79083,0.288281,-0.593598
336,4.10566,0.940974,-0.643006
336,3.30386,-0.69536,-0.561549
336,4.15449,0.969239,-0.625579
336,3.87038,0.429824,-0.624228
336,3.3121,-0.70578,-0.563466
336,3.3093,-0.705962,-0.57164
336,3.98012,0.713503,-0.682533
336,3.90358,0.50162,-0.638762
336,3.87807,0.427229,-0.629737
336,3.88244,0.420503,-0.623694
336,4.16671,0.967824,-0.635773
336,3.70408,0.0830104,-0.621981
336,3.90886,0.474271,-0.6293
336,3.91095,0.473901,-0.630624
336,4.04773,0.720912,-0.638945
336,3.96954,0.527965,-0.615386
336,3.93909,0.491645,-0.636097
336,3.70459,0.0577377,-0.64192
336,3.7811,0.12915,-0.602305
336,3.71533,0.0606577,-0.645754
336,3.68793,-0.0454202,-0.610326
336,4.05147,0.648005,-0.620159
336,4.16415,0.878457,-0.633771
336,3.84781,0.271236,-0.623291
336,3.98667,0.52791,-0.625961
336,3.71204,-0.0155585,-0.606781
336,4.05341,0.646159,-0.626594
336,4.11655,0.73244,-0.609235
336,3.77631,0.102166,-0.624244
336,4.15775,0.823382,-0.636329
336,4.0827,0.693022,-0.64588
336,3.32499,-0.835235,-0.571374
336,4.1701,0.824445,-0.629849
336,4.14008,0.733,-0.612845
336,3.84084,-1.04937,0.181204
336,4.07811,0.64726,-0.636743
336,3.95685,0.360535,-0.604184
336,3.72577,-0.106637,-0.587414
336,3.84975,-1.05939,0.183917
336,4.19394,0.832371,-0.639751
336,4.27259,0.910372,-0.600347
336,4.20018,0.822136,-0.642724
336,3.86721,-1.06689,0.182712
336,4.12565,0.604643,-0.61321
336,4.04226,0.438438,-0.606348
336,3.98577,0.358051,-0.625808
336,2.88867,-1.75347,-0.589377
336,3.51516,-1.52451,0.00730258
336,3.39044,-1.07438,-0.447116
336,4.04292,0.412803,-0.628259
336,4.12515,0.514076,-0.614527
336,4.26007,0.762682,-0.620502
336,4.29657,0.842782,-0.652989
336,4.21774,0.613126,-0.610642
336,4.1804,0.554814,-0.621821
336,4.18073,0.554154,-0.623815
336,4.22984,0.609089,-0.609842
336,4.14648,0.453123,-0.614177
336,3.25959,-1.22096,-0.608948
336,4.12013,0.429395,-0.648073
336,4.1874,0.462148,-0.610602
336,4.18799,0.509904,-0.641693
336,4.22813,0.515383,-0.603262
336,4.20989,0.450627,-0.595374
336,4.20452,0.464708,-0.613
336,4.68366,1.33727,-0.650981
336,3.039,-1.84264,-0.581082
336,4.24494,0.451074,-0.619224
336,3.0657,-1.86499,-0.596708
336,3.44751,-1.39714,-0.473525
336,5.26208,0.513642,0.312083
336,3.35425,-1.79257,-0.514647
336,3.21772,-1.97939,-0.599464
336,3.47156,-1.65887,-0.522133
336,5.27796,0.518285,0.218679
336,3.37009,-1.85503,-0.569427
336,3.26642,-2.02868,-0.622053
336,5.16156,0.352936,0.0740109
336,3.47027,-1.82821,-0.58537
336,3.51697,-1.75279,-0.580822
336,5.15864,1.01095,-0.419057
336,5.27531,1.01324,-0.354716
336,5.2452,1.01261,-0.410065
336,3.40578,-2.12191,-0.606615
336,5.3,0.0244579,0.28862
336,5.26053,1.00847,-0.405303
336,3.41811,-2.13514,-0.611769
336,5.30672,1.01765,-0.393718
336,5.28911,0.0313894,0.223984
336,5.17201,0.365105,-0.156432
336,5.0553,0.365091,-0.299078
336,5.14434,0.404121,-0.235409
336,5.23532,0.513762,-0.34104
336,5.20261,0.453862,-0.403959
336,3.59369,-2.25387,-0.621424
336,5.22073,0.457629,-0.415674
336,4.99376,-0.33248,-0.239543
336,5.35072,0.160641,-0.17879
336,5.31213,0.479329,-0.434556
336,5.03459,-0.342128,-0.269306
336,5.2765,0.081094,-0.264189
336,5.01023,-0.125356,-0.457598
336,5.37199,-0.308517,0.0783927
336,5.00554,-0.173101,-0.480063
336,5.39232,-0.252517,0.0384362
336,5.31799,0.0733666,-0.271124
336,5.08007,-0.052707,-0.488004
336,5.29754,-0.0459542,-0.241312
336,5.21382,0.100151,-0.443478
336,5.22818,0.0976492,-0.437238
336,5.29331,0.0230948,-0.314517
336,5.33305,0.164236,-0.374368
336,5.28623,0.00529975,-0.351565
336,5.25579,-0.255779,-0.231289
336,3.32637,-3.25306,-0.629533
336,5.29434,-0.284871,-0.189855
336,5.2818,-0.201898,-0.263315
336,5.25468,-0.210602,-0.309225
336,5.18563,-0.00361305,-0.538854
336,5.30913,-0.294101,-0.200342
336,5.32103,-0.235645,-0.239457
336,5.28323,-0.49331,-0.119083
336,5.31993,0.233771,-0.549272
336,5.30189,-0.342044,-0.205366
336,5.248,-0.46679,-0.20121
336,5.18098,-0.104291,-0.53338
336,5.36979,-0.255468,-0.206057
336,5.35422,0.232286,-0.551393
336,5.30563,-0.521369,-0.119174
336,5.31024,-0.497866,-0.139877
336,5.29739,-0.493805,-0.168887
336,5.36196,-0.484584,-0.145923
336,5.23941,-0.421332,-0.340737
336,5.25562,-0.436578,-0.314349
336,5.22877,-0.424048,-0.368254
336,5.40796,0.215485,-0.56748
336,5.4112,0.195249,-0.555642
336,5.46616,-0.525165,-0.0742192
336,5.46538,-0.529492,-0.0768721
336,5.32021,-0.306287,-0.517781
336,5.33428,-0.456046,-0.405709
336,5.37851,-0.487086,-0.346505
336,5.31474,-0.485319,-0.445008
336,4.08311,-3.79648,-0.867614
336,4.3262,0.783968,-0.711124
335,4.3262,0.783968,-0.711124
336,5.09269,0.0348665,0.3259
335,5.09269,0.0348665,0.3259
336,5.45197,-0.0144707,-0.344809
335,5.45197,-0.0144707,-0.344809
336,3.49643,-1.52971,0.0684057
335,3.49643,-1.52971,0.0684057
336,3.41792,-1.06225,-0.15196
331,3.41792,-1.06225,-0.15196
336,5.26804,-0.150155,-0.636306
331,5.26804,-0.150155,-0.636306
336,3.66764,-2.99717,-0.619578
331,3.66764,-2.99717,-0.619578
336,4.13113,0.638641,-0.662784
331,4.13113,0.638641,-0.662784
336,3.86393,0.189407,-0.652454
331,3.86393,0.189407,-0.652454
336,2.25259,-0.698593,-0.608807
331,2.25259,-0.698593,-0.608807
336,3.04122,0.799539,-0.677534
331,3.04122,0.799539,-0.677534
336,2.67194,-0.271422,-0.744122
332,2.67194,-0.271422,-0.744122
336,2.54791,-0.227013,-0.700904
332,2.54791,-0.227013,-0.700904
336,5.31496,-0.210368,-0.503473
332,5.31496,-0.210368,-0.503473
336,5.51534,-0.713744,0.0526498
332,5.51534,-0.713744,0.0526498
336,5.42762,-0.438891,-0.205212
332,5.42762,-0.438891,-0.205212
336,5.15612,-0.170399,-0.536907
332,5.15612,-0.170399,-0.536907
336,5.10434,-0.37442,-0.548506
332,5.10434,-0.37442,-0.548506
336,3.75902,0.277476,-0.655787
332,3.75902,0.277476,-0.655787
336,3.66993,0.440531,0.191238
224,3.66993,0.440531,0.191238
336,3.01805,0.60993,-0.620983
224,3.01805,0.60993,-0.620983
336,2.99852,0.579967,-0.589194
224,2.99852,0.579967,-0.589194
336,5.14183,0.341497,-0.470199
224,5.14183,0.341497,-0.470199
336,3.02162,0.774892,-0.646833
224,3.02162,0.774892,-0.646833
336,3.05172,0.94974,-0.70172
224,3.05172,0.94974,-0.70172
336,2.72609,0.300101,-0.626045
224,2.72609,0.300101,-0.626045
336,2.4895,0.0861895,-0.642819
229,2.4895,0.0861895,-0.642819
336,2.08835,0.051119,-0.64161
229,2.08835,0.051119,-0.64161
336,3.55669,-0.0385289,-0.616288
207,3.55669,-0.0385289,-0.616288
336,5.2446,0.512996,0.00848265
207,5.2446,0.512996,0.00848265
336,5.24295,0.472266,-0.384717
207,5.24295,0.472266,-0.384717
336,5.38047,-0.448388,-0.00127812
334,5.38047,-0.448388,-0.00127812
337,2.854,0.247451,-0.556625
337,3.06888,0.715026,-0.608027
337,3.07178,0.717878,-0.607119
337,3.08354,0.684795,-0.58597
337,2.86976,0.243078,-0.57621
337,3.06717,0.654837,-0.645509
337,2.95548,0.316582,-0.57439
337,3.07484,0.612647,-0.639627
337,3.07914,0.607367,-0.632551
337,3.0193,0.458258,-0.610638
337,3.11801,0.643172,-0.608371
337,3.02326,0.456611,-0.608804
337,3.11856,0.607202,-0.598285
337,3.12386,0.605159,-0.600057
337,3.12669,0.604052,-0.606584
337,3.10024,0.540897,-0.624248
337,3.13519,0.573247,-0.604957
337,3.22874,0.686749,-0.563917
337,3.09436,0.474852,-0.616917
337,2.92456,0.18367,-0.659211
337,3.13754,0.488053,-0.615466
337,3.16516,0.510351,-0.628752
337,3.20942,0.548181,-0.60694
337,3.05907,0.220868,-0.610021
337,3.19552,0.443355,-0.628013
337,3.19747,0.44216,-0.62556
337,3.05196,0.181543,-0.658234
337,3.23482,0.431608,-0.612933
337,2.49399,-0.981914,-0.634883
337,3.19974,0.383198,-0.64194
337,3.25809,0.462937,-0.62499
337,3.20165,0.382767,-0.650441
337,3.26279,0.409231,-0.619128
337,2.53974,-1.01602,-0.617822
337,2.65631,-0.829383,-0.595118
337,2.6244,-0.844363,-0.65283
337,2.5028,-1.10642,-0.633013
337,2.66025,-0.848629,-0.616222
337,2.41446,-1.37697,-0.572147
337,2.66338,-0.850243,-0.613725
337,2.67174,-0.843358,-0.607549
337,2.77064,-0.70792,-0.658612
337,2.65415,-1.06443,-0.555449
337,2.51411,-1.23407,-0.645233
337,2.88705,-0.533448,-0.639235
337,2.91523,-0.543736,-0.635411
337,3.01992,-0.392528,-0.632515
337,3.01903,-0.396563,-0.6402
337,3.02565,-0.393145,-0.632594
337,3.02371,-0.39731,-0.632745
337,3.42533,0.339389,-0.616881
337,3.1588,-0.237616,-0.633257
337,3.16306,-0.23901,-0.636338
337,3.16863,-0.240436,-0.638537
337,2.6888,-1.23389,-0.587547
337,3.18406,-0.265385,-0.608784
337,2.51662,-1.54315,-0.619393
337,2.52687,-1.54465,-0.62805
337,3.29613,-0.0937605,-0.615776
337,3.20649,-0.278065,-0.613965
337,3.30974,-0.0971382,-0.599123
337,2.53085,-1.55405,-0.638976
337,2.59237,-1.51609,-0.574708
337,3.30166,-0.0868428,-0.638125
337,2.68054,-1.32411,-0.635
337,3.38672,-1.18062,0.378672
337,2.84552,-1.19044,-0.571376
337,3.83359,0.755401,-0.616048
337,2.80948,-1.21724,-0.627977
337,3.84394,0.753828,-0.610428
337,3.9552,0.966752,-0.613946
337,2.81918,-1.23216,-0.624469
337,3.86729,0.747912,-0.605521
337,2.67684,-1.60958,-0.593068
337,3.30805,-0.523631,-0.489365
337,3.86912,0.709688,-0.629561
337,4.00453,0.969972,-0.635945
337,2.86643,-1.2828,-0.605224
337,4.04829,0.956039,-0.573653
337,3.87099,0.635327,-0.595299
337,4.07383,1.02615,-0.599395
337,3.42424,-1.37112,0.349894
337,4.04822,0.962981,-0.630558
337,4.05031,0.947172,-0.615133
337,2.73481,-1.65486,-0.576509
337,3.90865,0.630609,-0.625391
337,3.42456,-0.312184,-0.621255
337,3.44298,-0.305849,-0.60613
337,3.90556,0.620753,-0.637724
337,3.91674,0.627048,-0.635104
337,3.83267,0.405243,-0.624939
337,4.13388,0.979597,-0.621685
337,3.85961,0.451398,-0.629551
337,3.35923,-0.534773,-0.619396
337,3.82644,0.3733,-0.626103
337,3.99641,0.680415,-0.634522
337,3.27812,-0.807648,-0.549832
337,3.85059,0.397407,-0.639464
337,3.77607,0.253574,-0.642104
337,3.94426,0.528065,-0.623281
337,4.01181,0.674142,-0.643165
337,3.85659,0.368883,-0.648973
337,3.65015,-0.030452,-0.65101
337,3.86515,0.362886,-0.636286
337,3.95526,0.522518,-0.636888
337,4.21182,0.906527,-0.547221
337,3.05242,-1.24099,-0.629665
337,2.99456,-1.45477,-0.543206
337,4.04901,0.690655,-0.641913
337,2.8408,-1.71806,-0.606654
337,4.04063,0.603273,-0.633747
337,3.94822,0.393162,-0.624502
337,3.71226,-0.0568113,-0.629435
337,3.95504,0.393285,-0.625055
337,4.08201,0.648002,-0.642059
337,3.02061,-1.48679,-0.565793
337,3.38587,-0.957168,-0.416538
337,4.16019,0.770948,-0.64005
337,4.26624,0.906036,-0.585069
337,3.3928,-0.963468,-0.424999
337,4.14636,0.704506,-0.63844
337,4.13515,0.604295,-0.617069
337,4.03076,0.409168,-0.624063
337,3.37575,-1.08609,-0.438253
337,2.91012,-1.791,-0.604858
337,4.30842,0.905933,-0.614163
337,4.04176,0.408017,-0.637268
337,4.24276,0.765671,-0.620402
337,4.01147,0.354398,-0.652352
337,3.44822,-0.95876,-0.465991
337,3.24914,-1.21751,-0.589302
337,4.25363,0.771707,-0.636309
337,4.14299,0.525195,-0.633622
337,4.21357,0.608691,-0.59427
337,3.83238,-1.05823,0.206156
337,4.19049,0.617298,-0.646818
337,3.26676,-1.22683,-0.594492
337,3.27081,-1.23822,-0.615394
337,2.98786,-1.81696,-0.588563
337,4.29136,0.730337,-0.63401
337,4.2525,0.610887,-0.611071
337,4.31213,0.76879,-0.652772
337,3.91891,-1.2436,0.401576
337,5.18695,0.981797,0.442154
337,3.55798,-1.72784,-0.000112474
337,5.20923,0.534916,0.719288
337,5.17441,1.01777,0.215828
337,5.17416,1.01846,0.210741
337,3.45276,-1.45338,-0.519301
337,5.17613,0.404529,0.716476
337,5.19106,1.0229,0.206946
337,3.51481,-1.54516,-0.381092
337,5.12192,0.298276,0.690338
337,5.12628,0.293682,0.682017
337,5.22237,0.405206,0.739225
337,3.47324,-1.49462,-0.553068
337,5.2104,0.541903,0.529143
337,5.14529,0.293573,0.497712
337,5.21493,0.450133,0.477204
337,5.15023,0.297533,0.498193
337,5.2402,0.617426,0.366031
337,5.22366,0.449648,0.4745
337,5.25819,0.623093,0.375372
337,5.12847,0.516767,0.221204
337,5.171,0.513571,0.29443
337,3.48875,-1.71839,-0.583732
337,5.20044,0.286764,0.491861
337,3.52192,-1.73611,-0.589311
337,5.18538,0.514047,0.208875
337,5.24541,0.565525,0.2002
337,5.27057,0.521062,0.273486
337,4.41281,-1.28079,0.382737
337,5.17841,1.00821,-0.34251
337,5.16025,1.00353,-0.412286
337,5.22643,1.01965,-0.347642
337,3.46739,-2.01502,-0.658004
337,5.2581,1.06855,-0.384119
337,5.19628,0.551658,-0.12958
337,5.22832,0.561541,-0.114963
337,4.57146,-1.34438,0.408005
337,5.32158,0.0304476,0.435756
337,5.32092,0.0270264,0.4361
337,5.30619,0.512495,-0.0216766
337,3.58362,-2.19458,-0.580466
337,3.58989,-2.22346,-0.601606
337,5.30331,0.0292733,0.297575
337,5.0721,0.354297,-0.400989
337,5.3271,0.0131577,0.217417
337,5.36048,-0.479406,0.688032
337,5.35927,0.00683326,0.249358
337,5.13576,0.339551,-0.427219
337,5.3717,-0.476826,0.658455
337,5.27518,0.584192,-0.423564
337,5.35366,-0.511025,0.595572
337,5.30293,0.0299425,0.0112003
337,5.34788,-0.306752,0.370552
337,5.20174,0.38814,-0.479357
337,5.37452,-0.308528,0.383498
337,5.37354,-0.308924,0.369034
337,5.32089,-0.208736,0.188462
337,5.22863,0.255084,-0.368066
337,5.20313,-0.0231443,-0.175665
337,5.19142,-0.0338013,-0.20494
337,5.33168,0.0247121,-0.0704829
337,5.37294,-0.670019,0.533655
337,5.36281,-0.686512,0.499476
337,5.26768,0.293167,-0.508208
337,5.29647,0.290086,-0.522207
337,5.34827,-0.300586,0.0456191
337,5.32443,-0.343601,0.0370196
337,5.08886,-0.0965665,-0.569021
337,5.22,-0.306587,-0.177835
337,5.0029,-0.341994,-0.535332
337,5.01563,-0.341484,-0.536913
337,5.33893,-0.922805,0.476505
337,5.48341,0.605007,-0.628368
337,5.19158,-0.18208,-0.459395
337,5.05155,-0.362679,-0.558917
337,5.05349,-0.36151,-0.56398
337,5.26747,-1.18977,0.470266
337,5.23398,-0.193192,-0.494443
337,5.31625,-0.500852,-0.10537
337,5.32973,-0.521386,-0.0923685
337,5.39417,-0.517139,0.00637603
337,5.40084,0.1358,-0.571252
337,5.2255,-0.243822,-0.564514
337,5.3557,-0.418338,-0.254739
337,5.3629,-1.23623,0.42487
337,5.37652,-1.24968,0.434435
337,5.43402,-1.16596,0.430494
337,5.30062,-0.430068,-0.430019
337,5.3103,-0.453078,-0.397184
337,5.31855,-0.464491,-0.378273
337,5.31227,-0.492272,-0.38189
337,5.42915,-1.25182,0.459037
337,5.28872,-2.61162,0.690584
337,5.66529,-4.89926,1.11166
337,5.4843,-4.56536,0.399442
337,5.57157,-4.70798,0.269364
337,5.37672,-4.66034,-0.124439
337,5.38213,-4.67222,-0.115366
337,5.3238,-4.66264,-0.601126
337,5.62073,-4.83247,-0.663618
337,10.166,-0.602122,-1.93807
337,5.13964,0.326696,-0.223622
336,5.13964,0.326696,-0.223622
337,5.64093,-0.326397,-0.426112
336,5.64093,-0.326397,-0.426112
337,5.27077,0.329224,-0.0895827
336,5.27077,0.329224,-0.0895827
337,4.11165,0.640878,-0.655731
336,4.11165,0.640878,-0.655731
337,3.59552,0.318396,-0.636887
336,3.59552,0.318396,-0.636887
337,3.51618,0.338261,-0.580941
336,3.51618,0.338261,-0.580941
337,3.76939,0.104742,-0.616088
335,3.76939,0.104742,-0.616088
337,5.53083,-0.524126,-0.489642
335,5.53083,-0.524126,-0.489642
337,3.8798,-1.59725,0.383814
335,3.8798,-1.59725,0.383814
337,4.19269,0.609743,-0.588304
335,4.19269,0.609743,-0.588304
337,5.08902,-0.905786,0.393703
335,5.08902,-0.905786,0.393703
337,2.69274,-0.297804,0.957518
335,2.69274,-0.297804,0.957518
337,3.6421,-1.58144,0.703465
335,3.6421,-1.58144,0.703465
337,3.59585,-1.51577,0.847784
335,3.59585,-1.51577,0.847784
337,3.85536,-1.77272,0.80809
335,3.85536,-1.77272,0.80809
337,4.18566,-1.85026,0.681179
335,4.18566,-1.85026,0.681179
337,3.47239,-0.871351,-0.461757
332,3.47239,-0.871351,-0.461757
337,4.5891,-1.34996,0.408016
332,4.5891,-1.34996,0.408016
337,4.31381,-0.755057,-0.873931
332,4.31381,-0.755057,-0.873931
337,5.28495,-0.783891,0.713833
332,5.28495,-0.783891,0.713833
337,2.54301,-0.0456849,0.301495
332,2.54301,-0.0456849,0.301495
337,5.56856,-0.595455,0.148189
332,5.56856,-0.595455,0.148189
337,5.37476,0.237622,-0.425426
332,5.37476,0.237622,-0.425426
337,3.421,-1.39688,-0.38245
332,3.421,-1.39688,-0.38245
337,5.42886,-0.972394,0.393877
332,5.42886,-0.972394,0.393877
337,4.58575,-2.54012,0.158036
332,4.58575,-2.54012,0.158036
337,5.414,-0.966555,0.395774
332,5.414,-0.966555,0.395774
337,3.00392,-1.21318,-0.625058
330,3.00392,-1.21318,-0.625058
337,3.76015,0.131668,-0.651225
330,3.76015,0.131668,-0.651225
337,5.18003,-1.76493,0.236441
330,5.18003,-1.76493,0.236441
337,2.76614,-0.705917,-0.658978
330,2.76614,-0.705917,-0.658978
337,3.10635,-1.95889,-0.620643
330,3.10635,-1.95889,-0.620643
337,5.44393,-0.336101,0.181933
333,5.44393,-0.336101,0.181933
337,5.31367,-0.510967,0.219424
333,5.31367,-0.510967,0.219424
337,5.45262,0.582489,-0.501285
333,5.45262,0.582489,-0.501285
337,3.51549,-1.66314,0.0315761
333,3.51549,-1.66314,0.0315761
337,3.6193,-1.00145,-0.56643
331,3.6193,-1.00145,-0.56643
337,5.31373,-0.0838015,-0.596816
327,5.31373,-0.0838015,-0.596816
337,5.43355,-1.16182,0.658879
327,5.43355,-1.16182,0.658879
337,5.38309,-0.463391,0.240827
208,5.38309,-0.463391,0.240827
337,5.28787,0.195467,0.0418615
208,5.28787,0.195467,0.0418615
337,5.29178,0.195519,0.0540939
208,5.29178,0.195519,0.0540939
337,5.41053,-0.669147,0.571454
334,5.41053,-0.669147,0.571454
337,5.66794,-0.506849,0.501659
334,5.66794,-0.506849,0.501659
337,5.58008,-0.0372023,0.708099
334,5.58008,-0.0372023,0.708099
337,5.46779,0.103203,0.725487
334,5.46779,0.103203,0.725487
337,5.44299,0.104322,0.727461
334,5.44299,0.104322,0.727461
337,3.9334,-1.31399,0.404048
334,3.9334,-1.31399,0.404048
337,3.62891,-1.56935,0.841068
334,3.62891,-1.56935,0.841068
337,3.43839,-1.3974,0.3336
334,3.43839,-1.3974,0.3336
337,5.1945,0.563696,0.211656
334,5.1945,0.563696,0.211656
338,3.4329,-1.21503,0.349029
338,3.59245,-1.54947,0.817096
338,3.80078,-1.179,0.364955
338,3.85518,-1.20381,0.376682
338,3.86217,-1.20457,0.375608
338,3.86415,-1.20195,0.377672
338,4.18013,0.532653,-0.54168
338,3.91213,-1.26969,0.357447
338,3.90912,-1.3142,0.381716
338,4.24941,0.596743,-0.619587
338,4.47833,1.37907,-0.628026
338,3.98296,-1.23328,0.368314
338,4.26643,0.603011,-0.626573
338,4.00203,-1.17178,0.362909
338,4.29275,0.689678,-0.647302
338,4.50608,1.34641,-0.631649
338,4.005,-1.2871,0.371144
338,4.04767,-1.16546,0.366527
338,4.55062,1.37722,-0.574757
338,4.01441,-1.34892,0.366149
338,4.09311,-1.14982,0.371387
338,4.07831,-1.26081,0.384724
338,4.58791,1.38449,-0.612355
338,4.10291,-1.15975,0.366685
338,4.57928,1.31656,-0.688982
338,4.99535,1.48226,0.890335
338,4.1444,-1.16889,0.358451
338,5.02086,1.49341,0.884178
338,4.64072,1.31326,-0.650197
338,5.07116,1.52078,0.890384
338,4.21193,-1.1566,0.366776
338,4.66789,1.32351,-0.663002
338,4.21874,-1.14704,0.368521
338,4.23565,-1.13548,0.376248
338,5.03631,1.55181,0.576472
338,4.24153,-1.14553,0.371852
338,4.21731,-1.24737,0.387738
338,5.1654,1.0297,1.60355
338,4.25842,-1.23954,0.392205
338,4.28936,-1.12553,0.378416
338,5.15356,1.01855,1.49199
338,5.16238,1.01207,1.49491
338,4.31156,-1.11982,0.378468
338,5.05631,1.49582,0.318924
338,5.15354,1.0236,1.2611
338,4.34583,-1.12216,0.376652
338,4.35015,-1.12622,0.376703
338,5.12406,1.13174,0.962621
338,5.17413,0.850182,1.50054
338,5.03597,1.48459,0.127624
338,5.16868,0.972916,1.28142
338,4.98574,1.39468,-0.0379241
338,5.15613,1.02,1.13504
338,5.11479,1.51714,0.308846
338,4.36474,-1.24154,0.390322
338,4.36956,-1.23155,0.39146
338,4.94865,1.38525,-0.282533
338,5.06371,0.896598,0.794433
338,4.37882,-1.2227,0.393686
338,5.20298,0.648215,1.65802
338,5.14491,1.01695,0.942543
338,4.79476,0.802429,-0.300713
338,5.07937,0.903813,0.795556
338,5.13093,1.09,0.770747
338,5.21066,1.14209,0.956727
338,5.16346,0.51953,1.44281
338,4.83768,0.80566,-0.33601
338,5.09925,1.53905,-0.109572
338,5.17289,1.19499,0.575781
338,4.5059,-1.10436,0.380705
338,4.50438,-1.11102,0.376526
338,4.51149,-1.10857,0.377198
338,4.53789,-1.10955,0.378041
338,5.23077,0.50402,1.39989
338,4.54738,-1.09557,0.384719
338,5.16621,1.06223,0.437706
338,4.52006,-1.21363,0.396798
338,4.52248,-1.21117,0.39569
338,5.19071,0.569721,1.11632
338,5.20968,0.516791,1.23758
338,5.17801,1.06444,0.437499
338,4.55983,-1.09729,0.382746
338,5.19181,0.560389,1.07425
338,4.53177,-1.22574,0.392276
338,5.23819,0.452774,1.39894
338,5.1964,0.146975,1.57067
338,5.24926,0.361823,1.5373
338,5.21152,0.333193,1.40906
338,5.22533,0.333914,1.46623
338,5.25137,0.361548,1.53639
338,5.19842,0.123823,1.57596
338,5.23618,0.337937,1.47274
338,5.19663,0.546148,1.0252
338,5.17898,0.292511,1.24547
338,5.21382,0.555823,1.07196
338,5.16177,0.333431,1.09827
338,5.2737,0.197596,1.71698
338,5.16942,0.3244,1.09858
338,5.1712,0.328286,1.09914
338,5.26415,0.196015,1.64898
338,4.56055,-1.30343,0.427977
338,4.61979,-1.0819,0.388127
338,5.18841,1.57548,-0.389116
338,5.26508,0.195654,1.59683
338,5.28115,0.166726,1.68055
338,5.15503,0.848217,0.316595
338,5.18214,0.508508,0.839265
338,5.26029,0.119584,1.62041
338,5.19257,0.512632,0.855525
338,5.19303,0.515144,0.852794
338,5.23892,0.194024,1.41245
338,5.16128,0.310885,0.914637
338,5.25098,0.17399,1.44823
338,4.65337,-1.08379,0.385048
338,4.65859,-1.07525,0.391152
338,5.16962,0.825684,0.276249
338,5.29982,0.10151,1.68355
338,4.60887,-1.34133,0.450173
338,5.13055,0.821413,0.0531852
338,5.21034,0.428489,0.861784
338,5.22939,0.442007,0.918211
338,4.6813,-1.08064,0.388412
338,5.28219,0.681713,0.84015
338,5.22172,0.944398,0.256389
338,5.21055,0.31022,0.96889
338,5.16702,0.800819,0.174694
338,4.69057,-1.08853,0.385341
338,4.70113,-1.0843,0.38137
338,5.348,0.079337,1.71835
338,4.68145,-1.24609,0.399205
338,5.23132,0.236925,0.938813
338,5.18513,0.283445,0.670454
338,5.18996,0.506963,0.405744
338,5.20621,0.336942,0.673045
338,5.26986,0.015278,1.27621
338,5.21888,0.579954,0.362631
338,5.27313,0.137036,1.12557
338,5.35141,-0.109197,1.69887
338,5.30553,-0.0181094,1.38979
338,5.17916,0.506945,0.203272
338,5.24026,0.603995,0.330308
338,5.20704,0.51182,0.295942
338,5.29301,0.036851,1.23033
338,5.29941,0.0149962,1.2784
338,5.26247,-0.300221,1.49895
338,5.19635,0.891004,-0.21901
338,5.27039,-0.300576,1.50094
338,5.29863,0.0236962,1.22804
338,5.37412,-0.148143,1.75016
338,5.35443,1.09916,0.154738
338,5.26599,0.619964,0.346305
338,5.27829,-0.296465,1.49908
338,5.20099,0.506851,0.197096
338,5.26609,-0.0346264,1.06128
338,5.28023,-0.412779,1.57314
338,5.25678,0.0908366,0.817389
338,5.29209,0.172936,0.869028
338,5.25332,0.0647063,0.829042
338,5.22785,0.547842,0.133235
338,5.29599,-0.0333247,1.09045
338,5.30505,0.619695,0.341658
338,5.21416,0.238456,0.409414
338,5.26585,0.0663663,0.831696
338,5.21071,0.330781,0.267048
338,5.22252,0.236537,0.409229
338,5.25781,0.0322276,0.79389
338,5.25411,-0.520936,1.40593
338,5.26999,0.00653571,0.837612
338,5.11024,0.395726,-0.31608
338,5.27144,0.0308661,0.811328
338,5.28544,0.0255652,0.861923
338,5.2583,-0.00301886,0.768626
338,5.23926,1.01304,-0.54758
338,5.09244,0.360042,-0.411723
338,5.29569,1.08405,-0.422675
338,5.27314,0.10635,0.653042
338,5.31099,-0.428879,1.45628
338,5.24579,0.51002,0.035199
338,5.27227,-0.0140495,0.75202
338,5.25395,1.00711,-0.559209
338,5.27677,-0.0304424,0.777538
338,5.24244,-0.00271404,0.595931
338,5.29236,-0.419924,1.29573
338,5.274,-0.433641,1.224
338,5.14396,0.390646,-0.329004
338,5.28664,-0.0147772,0.766618
338,5.11384,0.35286,-0.428332
338,5.27781,-0.138008,0.860324
338,5.35453,-0.480839,1.58026
338,5.34744,-0.485715,1.54634
338,5.2864,-0.138036,0.857352
338,5.23306,0.547068,-0.213689
338,5.46868,-0.267153,1.76397
338,5.15856,0.289247,-0.248938
338,5.26504,0.56694,-0.139365
338,5.29734,-0.00782835,0.6841
338,5.26437,0.560006,-0.143978
338,5.28717,1.00192,-0.579499
338,5.29826,-0.149623,0.851958
338,5.27877,-0.479824,1.16289
338,5.31026,-0.0401835,0.767645
338,5.24801,0.433965,-0.0792178
338,5.48079,-0.279711,1.76303
338,5.25268,0.336158,0.0443258
338,5.24839,0.0923614,0.31521
338,5.2558,0.0565018,0.372011
338,5.30303,-0.472853,1.17508
338,5.18298,0.370293,-0.365892
338,5.26869,0.433408,-0.0867629
338,5.28797,-0.0550702,0.56717
338,5.30665,-0.522614,1.17828
338,5.2798,0.0544837,0.366452
338,5.28606,0.0995553,0.328831
338,5.28745,0.0438621,0.35081
338,5.42114,-0.500871,1.56481
338,5.32719,-0.528283,1.18301
338,5.31233,0.0199902,0.454264
338,5.28691,0.0504279,0.296796
338,5.29979,0.157743,0.19268
338,5.29021,-0.0343691,0.37549
338,5.41366,-0.572813,1.55185
338,5.3077,-0.442299,0.934254
338,5.28121,-0.0718889,0.36729
338,5.28857,-0.0560853,0.378714
338,5.27773,-0.0933176,0.370916
338,5.26785,-0.295356,0.552502
338,5.30117,-0.471521,0.895472
338,5.27086,-0.296318,0.538179
338,5.30024,-0.455689,0.84936
338,5.31116,0.120272,0.184558
338,5.26613,0.053233,0.065976
338,5.31706,-0.0531619,0.380653
338,5.3061,0.195347,0.034073
338,5.27951,-0.0319851,0.193169
338,5.04794,-0.264718,-0.538758
338,5.03575,-0.329232,-0.528377
338,5.28711,-0.0146928,0.165469
338,5.34975,-0.92395,1.51414
338,5.31853,-0.0783086,0.361372
338,5.29742,-0.41207,0.669944
338,5.33321,0.0156009,0.278729
338,5.27767,0.029619,0.00623178
338,5.35879,-1.0307,1.62321
338,5.22917,-0.901842,0.905523
338,5.21125,-0.0510489,-0.196064
338,5.05714,-0.334578,-0.535844
338,5.30852,-0.0114539,0.144415
338,5.2744,0.201917,-0.269
338,5.1236,-0.135449,-0.513614
338,5.3476,-0.495257,0.869551
338,5.27288,0.161415,-0.240687
338,5.35103,-0.494528,0.878112
338,5.373,-0.475307,0.93337
338,5.27507,0.254839,-0.370728
338,5.27237,0.249276,-0.377082
338,5.26462,0.0927365,-0.255419
338,5.11315,-1.00801,0.41233
338,5.11475,-1.01558,0.408694
338,5.08368,-0.347425,-0.554025
338,5.31293,-0.422435,0.514524
338,5.43626,-1.00394,1.72895
338,5.284,-0.394986,0.329716
338,5.31654,0.181536,-0.224249
338,5.31231,0.0825813,-0.135349
338,5.31143,-0.652914,0.738261
338,5.33385,-0.953144,1.16491
338,5.33049,-0.482205,0.575295
338,5.33803,-0.468159,0.588679
338,5.15776,-0.213463,-0.512007
338,5.33147,-0.427907,0.47622
338,5.32246,-0.678151,0.735851
338,5.29284,-0.0468739,-0.15455
338,5.30254,0.117347,-0.311057
338,5.33572,0.178287,-0.245607
338,5.31275,-0.38733,0.334558
338,5.41974,-1.21984,1.783
338,5.32042,-0.946088,1.02056
338,5.32303,-0.325495,0.281922
338,5.50084,-0.887906,1.71811
338,5.34676,-0.484326,0.570775
338,5.3391,-0.438825,0.463832
338,5.30986,-0.019592,-0.181618
338,5.35581,-0.702988,0.818419
338,5.52832,-0.937144,1.83696
338,5.28656,-0.0623575,-0.259172
338,5.34359,-0.450515,0.44914
338,5.28665,-0.432287,0.167936
338,5.35294,-0.529959,0.567291
338,5.31465,-0.054742,-0.169113
338,5.44399,-1.20933,1.73903
338,5.49649,-1.0247,1.74147
338,5.43003,-1.14704,1.59919
338,5.36621,0.171009,-0.271932
338,5.30182,-0.445317,0.171328
338,5.53748,-0.901825,1.71955
338,5.34754,-0.539092,0.4593
338,5.3252,0.272863,-0.618229
338,5.20076,-0.266126,-0.546112
338,5.38302,-0.448069,0.453468
338,5.27888,-1.07125,0.730609
338,5.43534,-0.742241,1.00368
338,5.45557,0.595596,-0.530766
338,5.43792,-0.744657,0.998561
338,5.50586,-1.19003,1.82062
338,5.28022,-0.323063,-0.201291
338,5.34743,0.214709,-0.563323
338,5.22008,-1.16975,0.50122
338,5.24326,-1.06848,0.453316
338,5.29517,-1.08422,0.686076
338,5.30831,-0.393179,-0.0982841
338,5.36742,0.196972,-0.572244
338,5.36169,-0.455362,0.164998
338,5.38925,-0.80945,0.699326
338,5.41713,-1.19216,1.27686
338,5.26372,-1.02921,0.421824
338,5.3689,-0.759693,0.548489
338,5.49375,-1.172,1.50466
338,5.39026,-1.1681,0.991407
338,5.37928,-0.552931,0.182947
338,5.34156,-0.431494,-0.145027
338,5.55723,0.713917,-0.70334
338,5.35043,-0.977824,0.425607
338,5.36636,-0.954773,0.401866
338,5.37693,-0.950103,0.440321
338,5.39076,-1.08065,0.593566
338,5.37784,-1.0453,0.482919
338,5.40383,-1.05147,0.580783
338,5.33684,-1.22332,0.49518
338,5.39843,-0.967368,0.440481
338,5.40717,-0.970001,0.398125
338,5.35207,-1.22659,0.452899
338,5.42415,-1.21687,0.739883
338,5.42192,-0.960233,0.401182
338,5.39988,-1.16886,0.472483
338,5.38639,-1.22684,0.456321
338,5.46761,-1.13793,0.56179
338,5.37405,-2.73209,0.679972
338,5.37885,-2.74062,0.656719
338,5.47335,-2.83441,0.649368
338,5.52052,-2.82887,0.671337
338,6.10145,-2.8849,0.271872
338,6.17585,-2.90574,0.268377
338,5.17861,-0.238356,0.23269
333,5.17861,-0.238356,0.23269
338,5.55651,-1.06753,1.7699
333,5.55651,-1.06753,1.7699
338,5.14993,0.0051094,-0.320496
333,5.14993,0.0051094,-0.320496
338,5.35233,-1.17432,0.580711
333,5.35233,-1.17432,0.580711
338,5.24443,-0.928605,0.811819
333,5.24443,-0.928605,0.811819
338,5.16669,-0.231214,0.183801
333,5.16669,-0.231214,0.183801
338,3.72276,-1.07035,0.426246
333,3.72276,-1.07035,0.426246
338,5.3238,-1.16638,1.71138
333,5.3238,-1.16638,1.71138
338,5.42042,0.186604,1.64588
333,5.42042,0.186604,1.64588
338,5.15627,-0.934735,0.395938
333,5.15627,-0.934735,0.395938
338,5.26906,-0.454435,-0.339431
333,5.26906,-0.454435,-0.339431
338,5.64814,-0.936574,0.352136
333,5.64814,-0.936574,0.352136
338,5.29269,-0.590489,1.29412
334,5.29269,-0.590489,1.29412
338,4.4399,-1.20422,0.462052
334,4.4399,-1.20422,0.462052
338,5.23434,0.191653,0.910042
334,5.23434,0.191653,0.910042
338,5.30208,-0.700236,0.873035
334,5.30208,-0.700236,0.873035
338,5.10646,0.214702,1.56434
334,5.10646,0.214702,1.56434
338,5.21259,0.0882327,0.81605
334,5.21259,0.0882327,0.81605
338,5.18612,0.176698,1.6614
334,5.18612,0.176698,1.6614
338,5.11919,-0.598653,0.500515
334,5.11919,-0.598653,0.500515
338,5.45631,-0.467452,1.81351
334,5.45631,-0.467452,1.81351
338,4.70784,-1.56712,0.319056
328,4.70784,-1.56712,0.319056
338,4.6035,-1.4914,0.352936
328,4.6035,-1.4914,0.352936
338,5.58971,-0.898009,0.240946
335,5.58971,-0.898009,0.240946
338,5.37833,-1.05864,0.387025
335,5.37833,-1.05864,0.387025
338,5.11914,-1.02123,1.01406
335,5.11914,-1.02123,1.01406
338,3.92124,-1.21459,0.400768
335,3.92124,-1.21459,0.400768
338,5.11034,0.534987,-0.330327
335,5.11034,0.534987,-0.330327
338,3.53366,-1.38407,0.825954
335,3.53366,-1.38407,0.825954
338,5.16195,-0.647333,1.00741
335,5.16195,-0.647333,1.00741
338,5.02778,-0.190751,-0.382473
335,5.02778,-0.190751,-0.382473
338,5.18161,-2.89499,0.859257
335,5.18161,-2.89499,0.859257
338,3.65969,-1.52391,0.3817
335,3.65969,-1.52391,0.3817
338,5.40166,0.0166704,1.52116
329,5.40166,0.0166704,1.52116
338,5.15121,-2.90484,0.383407
329,5.15121,-2.90484,0.383407
338,5.38629,-1.0584,1.68312
327,5.38629,-1.0584,1.68312
338,4.43604,-1.27595,0.376977
70,4.43604,-1.27595,0.376977
338,5.30814,-0.407306,0.865587
70,5.30814,-0.407306,0.865587
338,5.41916,-0.7162,0.723803
326,5.41916,-0.7162,0.723803
338,5.45966,-1.12824,1.72716
203,5.45966,-1.12824,1.72716
338,5.26063,0.38063,-0.271947
336,5.26063,0.38063,-0.271947
339,2.48468,0.51407,1.30294
339,2.71473,0.392845,1.25779
339,2.79935,0.578782,1.14732
339,4.51355,-1.13235,0.38131
339,4.55631,-1.12217,0.382904
339,4.65165,-1.13692,0.375074
339,4.71085,-1.11098,0.382682
339,4.80886,1.41867,1.72569
339,4.76258,-1.08784,0.395064
339,4.91963,1.45033,1.74805
339,4.90616,1.71019,1.47214
339,4.8794,-1.10439,0.385983
339,4.95591,1.73533,1.48252
339,4.97906,1.5395,1.47929
339,4.93415,-1.41105,0.393467
339,5.01216,1.16919,1.7325
339,4.99874,1.6976,1.56786
339,4.96373,1.69357,1.06879
339,4.99583,1.67115,1.31498
339,4.93862,1.71508,0.648676
339,4.97534,1.69134,1.05665
339,4.97814,-1.35587,0.411698
339,4.98501,1.69422,1.06747
339,4.96083,1.71461,0.640349
339,5.06995,1.17568,1.73205
339,5.06084,1.63481,1.47554
339,5.01973,-1.17524,0.409514
339,4.99629,1.74624,0.669122
339,5.0463,1.53869,1.18634
339,4.99418,1.72926,0.624941
339,5.10085,1.1156,1.65526
339,5.07419,1.55714,1.42885
339,5.03396,-1.26301,0.391163
339,5.08349,1.0128,1.23004
339,4.98877,0.799162,0.0877439
339,4.97617,2.34356,0.232739
339,5.11674,1.26123,1.54707
339,5.12104,1.46859,1.5818
339,5.01402,1.29901,0.332236
339,4.95863,2.38714,-0.100965
339,5.10187,1.5045,1.33042
339,5.0069,2.03023,0.310865
339,5.10034,1.57666,1.26654
339,5.1022,1.5776,1.28476
339,4.98121,2.28516,0.0516206
339,5.15772,0.592581,1.64589
339,5.0823,0.894619,0.803266
339,5.07028,1.00095,0.671575
339,5.13927,0.825193,1.35649
339,5.17476,0.425784,1.64743
339,5.10855,1.50923,1.09805
339,5.06412,1.76705,0.619858
339,5.18186,0.76398,1.75109
339,5.16102,1.28044,1.57004
339,5.18625,0.782816,1.75105
339,5.06933,1.77862,0.615027
339,5.13701,1.5212,1.31121
339,5.16591,0.50268,1.40831
339,5.1494,0.972744,1.29994
339,5.16732,1.27684,1.55936
339,5.17971,1.01103,1.64467
339,5.1892,0.629619,1.67714
339,5.15244,0.298924,1.18065
339,5.12665,1.51421,1.09692
339,5.15407,0.967032,1.29409
339,5.184,1.01869,1.63028
339,5.08085,0.777677,0.412869
339,5.20043,0.776213,1.75832
339,5.0357,2.38902,0.203683
339,5.19948,0.197308,1.61996
339,5.09728,0.822531,0.570727
339,5.18836,0.505725,1.5066
339,5.11968,0.901938,0.801701
339,5.20764,0.719882,1.75599
339,5.18282,1.54649,1.626
339,5.21307,0.200697,1.70924
339,5.1655,0.500563,1.20833
339,5.2027,0.685783,1.66129
339,5.12967,0.330131,0.754443
339,5.12328,-1.06079,0.396583
339,5.19587,0.501342,1.49826
339,5.12582,1.14776,0.788711
339,5.18637,1.59483,1.5549
339,5.1438,1.25614,1.00161
339,5.10164,1.5672,0.561438
339,5.19553,0.509946,1.41525
339,5.08294,0.987485,0.230093
339,5.22889,0.142862,1.64769
339,5.21027,0.512199,1.5053
339,5.10865,1.20982,0.491224
339,5.05547,1.83516,0.0104101
339,5.23386,0.150925,1.67009
339,5.19539,0.26918,1.25552
339,5.20836,1.03564,1.52778
339,5.17736,0.548271,1.08183
339,5.06247,1.84241,0.00912976
339,5.13002,0.824482,0.562415
339,5.09792,0.997356,0.222451
339,5.22108,0.504832,1.50645
339,5.12676,1.17934,0.560969
339,5.21635,0.508529,1.43065
339,5.06865,1.83987,0.0121802
339,5.2274,0.0375388,1.44819
339,5.24554,0.167102,1.67646
339,5.24926,0.200487,1.72182
339,5.12941,1.17861,0.557793
339,5.1545,1.54071,0.886329
339,5.24197,0.645617,1.67271
339,5.25637,0.265482,1.75719
339,5.06796,1.50385,-0.13302
339,5.12788,1.2761,0.471094
339,5.20832,0.225655,1.1742
339,5.14843,-0.0460276,0.418866
339,5.14654,1.19011,0.604499
339,5.23956,-0.0220454,1.41179
339,5.18245,1.01933,0.949471
339,5.18377,1.01709,0.95198
339,5.18605,0.50199,0.863163
339,5.16238,0.0470868,0.502697
339,5.26991,0.198019,1.72493
339,5.26195,0.0976095,1.6038
339,5.27295,0.0743056,1.71864
339,5.1902,0.500052,0.860599
339,5.27132,0.163651,1.68473
339,5.17088,1.26345,0.756675
339,5.20195,1.20274,1.08827
339,5.2422,1.14897,1.52393
339,5.20784,0.327096,0.96883
339,5.1955,0.496961,0.859432
339,5.10032,1.53889,-0.0366898
339,5.28575,0.0343518,1.74896
339,5.16917,-0.0541779,0.412737
339,5.2075,1.47336,1.12532
339,5.2776,0.110898,1.64743
339,5.26861,0.0268839,1.4979
339,5.28379,0.167368,1.68922
339,5.28157,0.12898,1.65148
339,5.30277,-0.805821,1.69322
339,5.28121,0.0819565,1.61429
339,5.23119,1.21405,1.26498
339,5.10247,2.03009,-0.0413076
339,5.26696,0.0219856,1.42151
339,5.20464,0.553735,0.819575
339,5.25691,1.33476,1.53587
339,5.24067,-0.0252096,1.08887
339,5.29361,-0.109221,1.66604
339,5.29304,0.148815,1.70079
339,5.20762,1.2001,0.938307
339,5.1061,2.03738,-0.0488148
339,5.12554,0.343818,-0.16118
339,5.28573,0.18675,1.61034
339,5.17496,0.943588,0.499625
339,5.15641,1.5303,0.400335
339,5.29067,0.152942,1.6472
339,5.29322,0.101252,1.6524
339,5.30767,-0.813515,1.63132
339,5.20924,0.540768,0.778323
339,5.17591,0.0319867,0.288683
339,5.2769,0.020202,1.42199
339,5.23761,1.687,1.29125
339,5.26466,1.62348,1.57149
339,5.16001,0.044915,0.0811837
339,5.30609,-0.096763,1.66702
339,5.16979,0.509297,0.230678
339,5.12851,0.822857,-0.189202
339,5.3761,-0.481388,2.35013
339,5.25968,-0.0278969,1.12185
339,5.17778,0.914497,0.349498
339,5.21815,0.77201,0.770856
339,5.2883,0.0107431,1.41468
339,5.17516,0.833389,0.28857
339,5.22411,0.540956,0.780931
339,5.16448,1.52846,0.28279
339,5.1773,1.53482,0.40373
339,5.2327,0.676011,0.858982
339,5.20616,0.0356243,0.429325
339,5.31328,-0.59109,1.51643
339,5.21345,0.0292227,0.489904
339,5.2029,1.02042,0.547536
339,5.32303,-0.721917,1.55854
339,5.22382,-0.405438,0.492368
339,5.12494,1.41509,-0.274169
339,5.30069,0.0144048,1.43426
339,5.24147,0.549544,0.850152
339,5.21866,-0.948778,0.27273
339,5.17291,0.82519,0.0705764
339,5.17342,-0.360029,-0.152905
339,5.33269,-0.476036,1.60356
339,5.23313,-0.398683,0.492636
339,5.30909,-0.595288,1.3057
339,5.36232,-0.853188,1.84278
339,5.2833,1.28624,1.31138
339,5.25512,1.28264,0.989838
339,5.18665,0.403282,0.047038
339,5.28211,1.22569,1.26599
339,5.19238,0.385204,0.0791187
339,5.2377,1.28379,0.752361
339,5.34485,0.372872,1.76678
339,5.31827,-0.430297,1.29646
339,5.3387,-0.489668,1.51178
339,5.3451,-0.433375,1.5869
339,5.36876,-0.803381,1.74252
339,5.35816,-0.495647,1.63371
339,5.35931,-1.0682,1.51753
339,5.30816,-0.701595,1.00907
339,5.36098,-1.06706,1.51943
339,5.3322,-0.488668,1.26935
339,5.36168,-0.732617,1.55285
339,5.30818,0.188359,1.12462
339,5.25301,-0.968119,0.277405
339,5.37231,-0.851309,1.63658
339,5.20276,-0.327803,-0.184792
339,5.37902,-0.949803,1.67304
339,5.22422,0.441905,0.191197
339,5.20123,1.01443,0.0394944
339,5.38061,-0.969887,1.67405
339,5.38618,-0.9481,1.73162
339,5.24967,0.504928,0.467278
339,5.30538,0.575483,1.10673
339,5.31055,-0.478694,0.962103
339,5.38238,-0.850948,1.69647
339,5.18362,0.822181,-0.224819
339,5.18509,0.82514,-0.220286
339,5.3123,-0.476222,0.957811
339,5.38273,-1.04547,1.62337
339,5.37857,-0.0252576,1.76604
339,5.38991,-1.09132,1.67244
339,5.38813,-0.944304,1.67701
339,5.24509,0.0348521,0.250415
339,5.18898,1.57214,-0.0912161
339,5.2483,0.0362926,0.28277
339,5.3752,-0.795199,1.55089
339,5.43719,0.016112,2.38027
339,5.39797,-0.972899,1.73801
339,5.37977,-0.745637,1.56766
339,5.43962,0.0223559,2.38698
339,5.23812,0.546986,0.194001
339,5.31985,-0.312923,0.946542
339,5.31911,-0.476116,0.906728
339,5.20589,0.330637,-0.216072
339,5.37625,-0.489803,1.52919
339,5.24644,1.84729,0.492728
339,5.2368,0.038514,0.0171348
339,5.23459,-0.44645,-0.114631
339,5.36132,-0.447745,1.30118
339,5.3981,-1.12719,1.56969
339,5.33554,-0.50304,0.956189
339,5.46177,-0.514779,2.36899
339,5.40675,-1.03896,1.63434
339,5.40808,-1.04554,1.64125
339,5.41673,-1.12465,1.72342
339,5.30262,-1.04648,0.432509
339,5.40794,-0.702628,1.68409
339,5.40022,-0.979488,1.53828
339,5.31535,0.044205,0.763637
339,5.2876,0.149273,0.462049
339,5.4142,-1.11093,1.6055
339,5.40561,-0.763839,1.56821
339,5.41668,-1.13571,1.60676
339,5.28381,0.0153226,0.299706
339,5.40775,-0.790972,1.53982
339,5.42815,-1.01083,1.676
339,5.42076,-0.0415975,1.77037
339,5.42031,-1.03564,1.57005
339,5.4404,-1.20579,1.75317
339,5.43042,-1.11502,1.65613
339,5.44589,-1.21224,1.76002
339,5.33717,-0.487018,0.67334
339,5.3602,1.25772,1.25701
339,5.29038,0.165038,0.253489
339,5.30368,1.3826,0.629654
339,5.37364,-0.735787,1.00003
339,5.34156,-0.48694,0.668149
339,5.24352,0.446094,-0.269991
339,5.28657,1.75245,0.452543
339,5.43997,-0.706609,1.68948
339,5.44446,-0.539291,1.76124
339,5.43395,-0.991779,1.54122
339,5.43622,-1.11081,1.53046
339,5.45238,-0.721348,1.75679
339,5.31123,0.1754,0.336419
339,5.46469,-0.918171,1.84048
339,5.2486,1.63074,-0.142717
339,5.37789,-0.502603,0.903062
339,5.25971,0.955148,-0.163811
339,5.28444,1.22387,0.148295
339,5.45542,-0.718578,1.69174
339,5.38753,-0.738368,0.876815
339,5.31695,1.3585,0.464316
339,5.26791,0.452924,-0.262297
339,5.36033,-0.494615,0.586437
339,5.4713,-0.746407,1.76486
339,5.2658,1.48208,-0.145092
339,5.28379,1.10162,-0.024099
339,5.42537,-0.936669,1.1773
339,5.52068,0.00832033,2.42923
339,5.42771,-0.470683,1.2805
339,5.4822,-0.741049,1.76485
339,5.26849,1.793,-0.175328
339,5.47399,-1.16672,1.57284
339,5.38141,-0.692293,0.505617
339,5.49037,-0.560252,1.75654
339,5.29349,1.77662,-0.0255321
339,5.3468,1.37182,0.472535
339,5.40559,-0.696724,0.734914
339,5.34321,-0.475765,0.0467782
339,5.32111,0.0110195,-0.109799
339,5.46628,-0.843734,1.35055
339,5.31985,0.0712608,-0.126595
339,5.35969,-0.480549,0.210163
339,5.32648,1.10162,0.0914465
339,5.3372,0.187105,0.0356641
339,5.33357,-0.359147,-0.129542
339,5.35765,0.613665,0.319165
339,5.39724,-0.694591,0.512534
339,5.34023,1.04764,0.145877
339,5.52267,-0.759693,1.76919
339,5.53201,-0.932144,1.8378
339,5.38214,-0.256338,0.259855
339,5.31198,1.70889,-0.178957
339,5.33886,0.163872,-0.200001
339,5.35242,-0.365931,-0.15399
339,5.33379,1.71719,-0.00315642
339,5.34979,0.12679,-0.165349
339,5.54964,1.14858,2.25718
339,5.35599,-0.300481,-0.263937
339,5.54323,-0.701109,1.76956
339,5.44664,-1.28256,0.409048
339,5.37373,0.123522,-0.175342
339,5.56551,-0.726836,1.76549
339,5.47832,-1.07266,0.546322
339,5.47596,-1.29154,0.414688
339,5.48784,-1.28493,0.452118
339,5.44524,0.615486,0.29143
339,5.4954,-0.541464,0.634962
339,5.50725,-1.24155,0.495848
339,5.52699,-1.10487,0.548285
339,5.58359,-1.27801,1.03934
339,5.56383,-0.941587,0.772871
339,5.60585,-1.29632,1.02079
339,5.71793,-0.0103393,2.49947
339,5.44432,0.692787,-0.45787
339,5.6373,1.54332,1.72273
339,5.60769,1.83743,1.23188
339,5.58236,1.80925,-0.310663
339,6.15544,2.12748,1.44118
339,6.7823,1.54824,-1.00344
339,8.56607,-1.90427,2.36138
339,8.90111,-1.20097,2.29501
339,5.395,0.505131,-0.178902
338,5.395,0.505131,-0.178902
339,5.2105,0.0275403,1.19686
338,5.2105,0.0275403,1.19686
339,5.22362,-0.0638294,0.390505
338,5.22362,-0.0638294,0.390505
339,5.18493,0.516543,0.712438
338,5.18493,0.516543,0.712438
339,5.26927,0.12493,0.72943
338,5.26927,0.12493,0.72943
339,5.30484,0.0970351,0.334031
338,5.30484,0.0970351,0.334031
339,5.0114,0.29151,0.704996
338,5.0114,0.29151,0.704996
339,5.30255,-0.701296,0.882992
338,5.30255,-0.701296,0.882992
339,5.28197,1.22164,1.39223
338,5.28197,1.22164,1.39223
339,5.00636,-1.40359,0.319365
338,5.00636,-1.40359,0.319365
339,4.62681,-1.21403,0.414537
338,4.62681,-1.21403,0.414537
339,4.5139,-1.09778,0.45802
338,4.5139,-1.09778,0.45802
339,5.18234,0.512801,0.231243
338,5.18234,0.512801,0.231243
339,5.50366,-1.13461,0.349318
338,5.50366,-1.13461,0.349318
339,5.19995,0.942425,-0.146469
227,5.19995,0.942425,-0.146469
339,5.13087,1.17899,0.890862
227,5.13087,1.17899,0.890862
339,5.22719,0.33018,0.302152
227,5.22719,0.33018,0.302152
339,5.20287,1.4963,1.78129
227,5.20287,1.4963,1.78129
339,5.02333,1.62567,-0.102114
227,5.02333,1.62567,-0.102114
339,4.97827,1.69329,1.72883
226,4.97827,1.69329,1.72883
339,5.00659,1.71458,1.74062
226,5.00659,1.71458,1.74062
339,5.18156,1.07699,-0.00176639
226,5.18156,1.07699,-0.00176639
339,5.12942,1.26095,0.222018
226,5.12942,1.26095,0.222018
339,5.15981,1.45633,1.25233
226,5.15981,1.45633,1.25233
339,5.12161,1.51618,1.24244
226,5.12161,1.51618,1.24244
339,5.17978,1.39572,1.67569
226,5.17978,1.39572,1.67569
339,5.11812,1.34164,0.285005
226,5.11812,1.34164,0.285005
339,5.13921,1.27027,0.236406
226,5.13921,1.27027,0.236406
339,4.20159,0.368598,0.485371
334,4.20159,0.368598,0.485371
339,5.26083,0.296188,0.354615
334,5.26083,0.296188,0.354615
339,5.24704,-0.461585,-0.131454
333,5.24704,-0.461585,-0.131454
339,5.26101,0.0208235,0.868866
333,5.26101,0.0208235,0.868866
339,5.18363,1.20848,0.458768
218,5.18363,1.20848,0.458768
339,5.21097,1.20799,1.40552
218,5.21097,1.20799,1.40552
339,5.20931,1.54318,1.58975
218,5.20931,1.54318,1.58975
339,5.16981,1.4058,0.662076
218,5.16981,1.4058,0.662076
339,5.20131,0.549095,0.868545
218,5.20131,0.549095,0.868545
339,5.2024,1.20368,1.4022
218,5.2024,1.20368,1.4022
339,5.24176,0.559672,1.20965
218,5.24176,0.559672,1.20965
339,5.20845,1.60487,1.63003
218,5.20845,1.60487,1.63003
339,5.20903,1.20753,1.40266
218,5.20903,1.20753,1.40266
339,5.20394,1.13533,1.68053
218,5.20394,1.13533,1.68053
339,5.92416,0.194075,-0.0703633
335,5.92416,0.194075,-0.0703633
339,5.35845,-0.491191,-0.0476143
328,5.35845,-0.491191,-0.0476143
339,5.24127,-0.222446,0.0711805
329,5.24127,-0.222446,0.0711805
339,5.22149,0.172465,0.559255
337,5.22149,0.172465,0.559255
339,5.075,-0.825318,0.515556
337,5.075,-0.825318,0.515556
339,5.18249,-0.57986,0.452491
337,5.18249,-0.57986,0.452491
339,5.1515,0.0474693,-0.0113303
337,5.1515,0.0474693,-0.0113303
340,2.60281,0.595469,1.0959
340,3.71066,0.630759,1.60439
340,5.10365,1.95471,1.79283
340,5.10253,1.73825,1.75044
340,5.11185,1.74008,1.76867
340,5.12505,1.66744,1.76768
340,5.14719,1.1769,1.7534
340,5.14887,1.1841,1.74736
340,5.13529,1.74307,1.75968
340,5.17472,1.03466,1.7385
340,5.1739,1.58729,1.79453
340,5.14126,1.51398,1.63969
340,5.22442,0.667821,1.75847
340,5.24485,0.74715,1.7977
340,5.22072,0.636424,1.68938
340,5.21943,1.03194,1.7414
340,5.15621,1.12936,1.52383
340,5.15073,1.31893,1.53112
340,5.11237,1.70996,1.4512
340,5.24682,0.777028,1.76261
340,5.22067,1.53087,1.7777
340,4.99071,-1.2566,0.469171
340,5.15754,1.16018,1.47461
340,5.28242,0.226307,1.75824
340,4.844,2.62379,0.580528
340,4.84679,2.6372,0.575501
340,5.11655,1.68879,1.3852
340,5.1078,1.63413,1.33222
340,5.12993,1.69123,1.41166
340,5.13774,0.955286,1.30683
340,5.10906,1.56659,1.30563
340,5.29215,0.132567,1.70409
340,5.10576,1.69452,1.26482
340,4.60455,1.34816,-0.619554
340,5.09085,1.53061,1.13037
340,5.09253,1.68436,1.15674
340,5.12052,1.63096,1.23712
340,5.33971,0.0520969,1.75056
340,5.29215,0.19028,1.60047
340,4.64016,1.36126,-0.606788
340,4.91398,2.82153,0.585264
340,5.28746,0.347215,1.50368
340,5.15143,1.13092,1.14236
340,5.21151,0.96923,1.25941
340,5.33478,0.00933552,1.52995
340,5.19289,1.02703,1.18512
340,5.28258,0.260613,1.37259
340,5.38406,-0.498201,1.60167
340,5.28869,0.263846,1.38707
340,5.40373,-0.500157,1.65811
340,5.36592,-0.450505,1.52589
340,5.17235,2.91027,1.39794
340,5.17879,1.13736,1.11872
340,5.40571,-0.496789,1.65826
340,5.3985,-0.504691,1.6253
340,5.34094,0.00931299,1.50234
340,5.12843,2.81622,1.21239
340,5.15431,1.70209,1.09779
340,5.40802,0.60786,1.81824
340,5.15709,0.739896,0.933512
340,5.15689,1.25028,1.01186
340,5.34265,0.00625765,1.46296
340,5.21781,0.384045,1.07294
340,5.14693,1.00923,0.876876
340,5.12859,1.51301,0.885356
340,5.288,0.300997,1.24994
340,5.31748,0.00833696,1.30046
340,5.20735,2.93746,1.39485
340,5.22238,0.213587,0.96317
340,5.20807,0.706953,0.983198
340,5.09219,1.73262,0.73125
340,5.20567,0.823896,0.982528
340,5.43208,-0.871586,1.50944
340,5.22751,0.305839,0.96719
340,5.31546,0.00960785,1.22619
340,5.30253,-0.294821,1.11697
340,5.18447,0.446302,0.805494
340,5.24178,0.321703,0.98181
340,5.17969,1.01589,0.866832
340,5.18981,2.86681,1.21288
340,5.21563,0.29289,0.865143
340,5.25136,0.196113,0.968085
340,5.19426,1.01821,0.896706
340,5.51439,-0.903613,1.72429
340,5.21719,0.504336,0.891028
340,5.14106,1.20096,0.734223
340,5.39087,-0.904805,1.24981
340,5.19551,0.73888,0.824282
340,5.36165,-0.892516,1.1444
340,5.3028,0.0688337,1.0937
340,5.20759,2.94733,1.23537
340,5.30941,-0.0441455,1.09099
340,5.1618,1.21202,0.752402
340,5.41956,-0.664183,1.35509
340,5.15999,1.20284,0.731474
340,5.20832,0.671444,0.814004
340,5.14233,0.820432,0.592859
340,5.20921,0.394133,0.758134
340,5.38914,-0.93795,1.17841
340,5.21932,0.394337,0.784836
340,5.11327,1.20474,0.529967
340,5.36338,-0.489317,1.14179
340,5.15068,1.39138,0.675542
340,5.12661,1.80672,0.652621
340,5.12949,0.961413,0.49718
340,5.27268,-0.0251032,0.833609
340,5.23999,2.90873,1.21293
340,5.32495,-0.225303,0.932034
340,5.0176,2.35701,0.261158
340,5.58036,-0.759338,1.75374
340,5.14354,0.958072,0.457213
340,5.32339,-0.234454,0.899574
340,5.14187,1.05616,0.459689
340,5.13166,0.906134,0.362582
340,5.14767,2.03768,0.609264
340,5.37559,-0.950505,0.920594
340,5.34543,-0.486346,0.885927
340,5.27591,2.93845,1.21053
340,5.62846,-0.759664,1.83896
340,5.13312,1.51233,0.433098
340,5.08194,2.28877,0.375166
340,5.2624,-0.151888,0.605507
340,5.44219,-0.513394,1.19179
340,5.26602,-0.153067,0.601014
340,4.86454,1.91536,-0.510688
340,5.15907,1.28489,0.43314
340,5.38653,-0.496279,0.940722
340,5.0519,2.20702,0.188978
340,4.85113,2.77507,-0.441825
340,5.28281,0.263201,0.677602
340,5.0483,2.21017,0.156063
340,5.16747,1.28044,0.426202
340,5.1424,0.996971,0.258935
340,5.19286,1.60553,0.540792
340,5.18994,1.81052,0.556544
340,4.85969,2.79675,-0.474118
340,4.8903,1.87844,-0.521046
340,5.35689,0.0180372,0.842999
340,5.24195,0.50145,0.49117
340,5.68351,-0.93535,1.83852
340,5.29989,-0.156541,0.581751
340,5.19642,0.507737,0.315545
340,5.33275,-0.232559,0.66647
340,5.18034,0.941219,0.309813
340,5.24625,0.500268,0.45194
340,5.24385,0.335396,0.407396
340,4.91366,1.89263,-0.52551
340,5.35649,-0.485499,0.66364
340,4.91802,1.86255,-0.540595
340,5.07202,2.10347,0.0415472
340,5.35798,-1.2082,0.501209
340,5.19825,0.850088,0.256818
340,5.40139,-0.0447214,0.828336
340,5.02996,2.151,-0.139716
340,5.3654,-1.05368,0.524196
340,5.37913,-0.489621,0.658404
340,5.71431,-0.851566,1.7992
340,5.35884,-1.21707,0.452881
340,5.36039,-1.14077,0.444216
340,5.29174,0.504013,0.465832
340,4.96319,1.82616,-0.509266
340,5.09345,2.33759,0.0391262
340,5.40047,-1.17567,0.516293
340,5.39349,-1.23299,0.465128
340,5.0815,-0.277721,-0.510275
340,5.24483,0.502932,0.208369
340,5.42766,-1.04728,0.59021
340,5.27377,0.502221,0.293008
340,5.19239,1.00323,0.0650451
340,5.34416,-0.311955,0.388089
340,5.18981,1.01254,0.0270797
340,5.37229,-0.40396,0.437445
340,5.00575,1.9102,-0.546963
340,5.32912,0.00525343,0.292459
340,5.01228,1.91314,-0.553366
340,5.27301,1.55582,0.313095
340,5.30497,0.524731,0.234998
340,5.24107,0.386305,-0.0386064
340,5.34767,-0.309272,0.224428
340,5.3452,0.00791037,0.259217
340,5.21479,-0.428635,-0.307184
340,5.22435,1.74591,0.0899613
340,5.27636,-0.467521,-0.109586
340,5.38433,-0.487743,0.256586
340,5.48043,-0.814705,0.547451
340,5.43258,-0.676506,0.396624
340,5.26394,-0.316408,-0.159998
340,5.29814,0.0221314,0.0140027
340,5.20083,0.0224867,-0.337624
340,5.41253,-0.82104,0.280712
340,5.27198,-0.488355,-0.176298
340,5.23451,-0.160683,-0.27483
340,5.24519,0.138073,-0.204303
340,5.16029,0.996607,-0.368364
340,5.19268,1.7555,-0.130759
340,5.3221,-0.539124,-0.0602078
340,5.26351,0.207744,-0.156593
340,5.2859,-0.294208,-0.164976
340,5.18192,1.00149,-0.327389
340,5.28686,-0.320934,-0.188131
340,5.21887,-0.21348,-0.417905
340,5.17631,1.00159,-0.377641
340,5.48623,-0.990379,0.396839
340,5.17186,0.998386,-0.405627
340,5.17236,0.998497,-0.410068
340,5.17109,0.99844,-0.415555
340,5.22542,-0.169744,-0.423059
340,5.36624,-0.512935,0.023389
340,5.23589,0.26904,-0.327675
340,5.20221,-0.0432988,-0.511692
340,5.27536,0.0153607,-0.280114
340,5.27195,-0.444222,-0.37209
340,5.25883,0.163443,-0.322822
340,5.25274,-0.190316,-0.440639
340,5.55458,-1.85532,0.362059
340,5.23326,0.444261,-0.409137
340,5.2567,-0.182578,-0.454088
340,5.28897,0.180624,-0.276298
340,5.24048,-0.14593,-0.525672
340,5.27441,0.169174,-0.356503
340,5.25033,0.0491309,-0.464584
340,5.34283,-0.422129,-0.219155
340,5.48586,-0.776754,0.209099
340,5.16953,1.55555,-0.554413
340,5.19841,1.70306,-0.441874
340,5.23354,1.00294,-0.440689
340,5.2049,1.70849,-0.437334
340,5.44011,-0.513204,0.0328665
340,5.32751,-0.469688,-0.393092
340,5.29552,-0.154778,-0.485732
340,5.29669,-0.0126444,-0.503198
340,5.3693,-0.252621,-0.282666
340,5.34211,-0.481055,-0.435689
340,5.29047,-0.0664572,-0.565156
340,5.31869,-0.162945,-0.501807
340,5.31801,-0.157315,-0.509737
340,5.19447,1.8041,-0.626824
340,5.19624,1.75195,-0.673325
340,5.28507,0.677234,-0.562278
340,5.32085,0.723134,-0.560003
340,9.1092,1.99345,-2.95891
340,5.79781,0.201543,0.835336
339,5.79781,0.201543,0.835336
340,5.0908,0.835593,1.74044
339,5.0908,0.835593,1.74044
340,5.10305,1.49016,-0.233888
339,5.10305,1.49016,-0.233888
340,5.19369,1.52268,-0.128339
339,5.19369,1.52268,-0.128339
340,5.33723,1.28779,0.423623
339,5.33723,1.28779,0.423623
340,5.19422,1.0171,0.951974
339,5.19422,1.0171,0.951974
340,5.54502,1.97135,0.524441
339,5.54502,1.97135,0.524441
340,4.80297,1.61254,1.07781
339,4.80297,1.61254,1.07781
340,5.01393,-0.161349,1.706
339,5.01393,-0.161349,1.706
340,5.01337,-0.163273,1.70599
339,5.01337,-0.163273,1.70599
340,5.20263,-1.06953,1.72605
339,5.20263,-1.06953,1.72605
340,4.70836,1.42906,0.12121
339,4.70836,1.42906,0.12121
340,5.60547,0.151722,1.66883
339,5.60547,0.151722,1.66883
340,5.81553,-1.34615,1.65227
339,5.81553,-1.34615,1.65227
340,5.33441,-1.07511,1.71469
339,5.33441,-1.07511,1.71469
340,4.75616,-0.749691,1.63929
339,4.75616,-0.749691,1.63929
340,5.5181,-0.0756549,1.07855
339,5.5181,-0.0756549,1.07855
340,5.01461,0.298132,-0.169589
338,5.01461,0.298132,-0.169589
340,4.81815,1.36076,-0.745671
338,4.81815,1.36076,-0.745671
340,5.10831,1.05143,0.466048
338,5.10831,1.05143,0.466048
340,5.30085,0.247945,-0.363786
338,5.30085,0.247945,-0.363786
340,5.66954,0.0293254,-0.404516
338,5.66954,0.0293254,-0.404516
340,5.41,-1.05561,1.62946
338,5.41,-1.05561,1.62946
340,5.43506,-1.19844,1.74752
338,5.43506,-1.19844,1.74752
340,5.22654,0.559435,0.465316
227,5.22654,0.559435,0.465316
340,5.17669,0.912843,0.369124
227,5.17669,0.912843,0.369124
340,5.13613,1.69882,-0.131833
227,5.13613,1.69882,-0.131833
340,5.24651,0.508704,0.234916
227,5.24651,0.508704,0.234916
340,4.33881,2.30648,1.35637
227,4.33881,2.30648,1.35637
340,5.12192,1.53402,0.475247
227,5.12192,1.53402,0.475247
340,5.19212,1.03444,1.57046
227,5.19212,1.03444,1.57046
340,5.36576,-0.0438488,0.853905
333,5.36576,-0.0438488,0.853905
340,5.34259,0.115828,-0.500256
333,5.34259,0.115828,-0.500256
340,5.36235,0.300485,1.07268
333,5.36235,0.300485,1.07268
340,5.32028,-1.12857,1.31043
333,5.32028,-1.12857,1.31043
340,5.25794,-0.0526125,-0.222359
333,5.25794,-0.0526125,-0.222359
340,5.37395,-0.49998,0.86688
334,5.37395,-0.49998,0.86688
340,5.24089,-0.286869,-0.196213
334,5.24089,-0.286869,-0.196213
340,5.31729,-0.306435,-0.218007
334,5.31729,-0.306435,-0.218007
340,5.3307,0.0198335,1.51386
334,5.3307,0.0198335,1.51386
340,5.30062,0.186973,-0.325787
335,5.30062,0.186973,-0.325787
340,5.40597,0.390547,0.678131
335,5.40597,0.390547,0.678131
340,5.38547,0.171108,-0.352939
335,5.38547,0.171108,-0.352939
340,5.36968,0.799321,0.0630211
335,5.36968,0.799321,0.0630211
340,5.16281,0.575555,-0.111978
335,5.16281,0.575555,-0.111978
340,5.27316,0.332369,-0.465843
335,5.27316,0.332369,-0.465843
340,5.3887,-0.0689683,-0.228158
335,5.3887,-0.0689683,-0.228158
340,5.22602,0.577477,-0.430145
166,5.22602,0.577477,-0.430145
340,5.17004,1.05394,0.206737
166,5.17004,1.05394,0.206737
340,5.31347,0.030193,-0.0341909
166,5.31347,0.030193,-0.0341909
340,5.11248,1.70182,-0.0841958
166,5.11248,1.70182,-0.0841958
340,4.91204,-0.328953,-0.482728
328,4.91204,-0.328953,-0.482728
340,5.3886,-0.911241,1.15317
328,5.3886,-0.911241,1.15317
340,5.47153,-1.16916,0.742425
328,5.47153,-1.16916,0.742425
340,5.19335,1.13572,1.54778
218,5.19335,1.13572,1.54778
340,5.12322,1.51259,0.871836
218,5.12322,1.51259,0.871836
340,5.17986,1.70103,1.35743
218,5.17986,1.70103,1.35743
340,5.17977,1.01085,1.27273
218,5.17977,1.01085,1.27273
340,5.19655,0.965824,1.5216
218,5.19655,0.965824,1.5216
340,5.28036,0.797638,1.75455
218,5.28036,0.797638,1.75455
340,5.18549,0.327181,1.04833
217,5.18549,0.327181,1.04833
340,5.09222,1.64254,1.75607
217,5.09222,1.64254,1.75607
340,2.6695,0.375735,1.06547
217,2.6695,0.375735,1.06547
340,2.66942,0.374663,1.06727
217,2.66942,0.374663,1.06727
340,5.10817,1.64825,1.77955
217,5.10817,1.64825,1.77955
340,5.3773,-0.339298,0.25617
337,5.3773,-0.339298,0.25617
340,5.4185,0.0491486,-0.520561
337,5.4185,0.0491486,-0.520561
341,2.62616,1.12599,0.854503
341,2.62663,1.12501,0.855301
341,3.82317,-1.05029,0.209372
341,3.73034,-0.959686,-0.480054
341,3.73805,-0.133294,-0.590366
341,4.11998,-1.15271,0.390813
341,3.73969,-0.133745,-0.606378
341,3.78148,0.122201,-0.609506
341,3.83118,1.08888,-0.490032
341,3.83323,0.750333,-0.612918
341,3.85532,0.283627,-0.60687
341,3.86133,0.278834,-0.617054
341,3.84545,1.0887,-0.607371
341,3.86998,0.397971,-0.62648
341,3.84262,1.55264,-0.612099
341,3.85278,1.21827,-0.615324
341,3.88273,0.748092,-0.590168
341,3.90685,0.494288,-0.615334
341,3.88022,1.50523,-0.604957
341,3.92256,0.699681,-0.635976
341,4.34967,-1.12172,0.392133
341,3.9135,1.51656,-0.62004
341,4.39431,-1.25848,0.47639
341,4.39816,-1.25561,0.478098
341,3.93656,0.700957,-0.650044
341,3.94198,1.48078,-0.598682
341,3.95517,0.889492,-0.657335
341,3.96773,0.962206,-0.624187
341,4.00755,0.251707,-0.647801
341,4.01816,1.75149,-0.531412
341,4.01397,0.967447,-0.648806
341,4.03364,1.74791,-0.537809
341,4.04584,0.712992,-0.60991
341,4.0458,0.717397,-0.613942
341,4.02844,0.967359,-0.65956
341,4.04868,1.5417,-0.560889
341,4.06795,0.58047,-0.628585
341,4.08429,0.509535,-0.588988
341,4.07303,0.614847,-0.613921
341,4.10962,0.769731,-0.505338
341,4.06048,1.7695,-0.562275
341,4.06624,0.953676,-0.622851
341,4.1092,0.751725,-0.53406
341,4.07823,1.5659,-0.570617
341,4.06923,0.904008,-0.65996
341,4.08198,1.4608,-0.579074
341,4.12418,0.757937,-0.533772
341,4.1014,0.972368,-0.587322
341,4.09325,1.38095,-0.575907
341,4.11417,0.699138,-0.611237
341,4.13737,0.655027,-0.560764
341,4.15172,0.910862,-0.502444
341,4.11523,0.968718,-0.600447
341,4.11116,1.03296,-0.613121
341,4.15333,0.463744,-0.555125
341,4.10837,0.95736,-0.654588
341,4.14021,0.82603,-0.58263
341,4.148,0.820531,-0.582489
341,4.15056,0.730441,-0.63181
341,4.62365,-1.25084,0.515603
341,4.97477,1.91872,1.76747
341,4.19477,0.611106,-0.560558
341,4.17355,0.575238,-0.625849
341,4.16635,0.897213,-0.61987
341,4.20233,0.443521,-0.577692
341,4.19608,0.852496,-0.573299
341,4.1614,0.928649,-0.689675
341,4.2175,0.698805,-0.572821
341,4.21132,1.52497,-0.545777
341,4.24983,0.609881,-0.60233
341,4.69314,-1.24266,0.467138
341,4.66778,-1.10123,0.403116
341,4.27486,0.503208,-0.584142
341,4.98591,2.73209,1.59904
341,4.28523,0.892846,-0.567883
341,4.28973,0.884079,-0.585656
341,4.30848,0.901441,-0.588963
341,4.2946,1.52379,-0.590612
341,5.14346,1.02705,1.74614
341,4.31154,1.50447,-0.572531
341,5.15619,1.0263,1.74612
341,4.3807,0.374221,-0.569116
341,4.3457,1.52603,-0.570981
341,4.34201,1.43127,-0.597091
341,4.38756,0.384089,-0.5683
341,5.12518,1.37735,1.59923
341,5.13518,1.51262,1.63154
341,5.08264,-0.355162,1.31423
341,5.10766,1.56851,1.5545
341,5.15171,1.52549,1.64086
341,5.17228,1.64303,1.69015
341,5.128,1.30876,1.53144
341,4.36408,1.43863,-0.613453
341,5.1347,1.31725,1.53114
341,5.14885,1.26197,1.56291
341,5.15327,1.27919,1.56409
341,5.15235,1.02117,1.52543
341,5.1501,1.28577,1.53865
341,5.15436,0.675323,1.49412
341,5.14098,1.38238,1.5022
341,4.55616,0.727509,-0.2161
341,5.23773,1.27542,1.74111
341,5.21739,1.02297,1.64362
341,5.32411,-0.480255,1.75704
341,5.23637,1.02884,1.64041
341,5.14159,-0.404637,1.2116
341,5.27989,0.193131,1.62623
341,5.22975,1.03578,1.55626
341,5.28734,0.424359,1.66083
341,5.21549,0.976334,1.50535
341,5.13502,1.0163,1.27609
341,5.30466,-0.9785,1.57539
341,5.35825,-0.249792,1.76533
341,5.3004,-0.704802,1.55852
341,5.26762,0.42204,1.5628
341,5.26118,0.196357,1.52403
341,5.33781,0.187373,1.73934
341,5.2854,-0.458074,1.53064
341,4.47799,-0.305204,-0.754574
341,5.11433,0.567468,1.11862
341,5.21614,-0.396762,1.30198
341,5.21058,0.500459,1.3638
341,5.32199,-0.710196,1.56936
341,5.19927,0.69194,1.34261
341,5.34582,0.788901,1.75142
341,4.48938,1.36447,-0.614875
341,5.32287,-0.474547,1.55482
341,5.20694,0.515386,1.31082
341,5.26426,0.197761,1.44309
341,5.31639,-0.10517,1.55127
341,5.35843,0.332356,1.70369
341,5.31653,-0.308487,1.52112
341,5.2145,0.517343,1.30462
341,5.17633,0.454824,1.18037
341,5.35583,-0.723016,1.57318
341,5.15439,0.566268,1.11269
341,5.35891,-0.71982,1.56624
341,5.20763,1.02223,1.27938
341,5.34036,-0.103425,1.5476
341,5.10806,1.74206,1.05654
341,5.3015,0.0241151,1.44594
341,4.51372,1.30901,-0.66335
341,5.3923,-0.498645,1.64637
341,5.35513,-0.433836,1.53325
341,5.34949,-0.309989,1.5256
341,4.56001,1.30497,-0.564285
341,5.37873,-0.965748,1.54022
341,5.16325,-0.424512,0.977871
341,5.19251,1.01917,1.17904
341,5.34109,0.0173242,1.50186
341,4.56611,1.31508,-0.581159
341,5.36432,0.429683,1.58811
341,5.42404,0.798336,1.78472
341,5.23564,0.50828,1.21479
341,5.32575,0.0159147,1.42473
341,5.32189,0.330538,1.44179
341,5.13592,-0.423169,0.848452
341,5.14203,1.25774,1.01493
341,5.0953,1.51929,0.904568
341,5.33483,0.0144168,1.44349
341,5.33546,0.0177612,1.4433
341,4.58625,1.3087,-0.584375
341,5.4008,-0.538095,1.53803
341,5.00424,2.02444,0.646369
341,5.24241,0.146322,1.1493
341,5.46075,0.364197,1.78423
341,5.34372,-0.956654,1.32612
341,5.15616,1.01834,0.968197
341,5.2629,0.224874,1.19662
341,5.18432,-0.896367,0.868047
341,5.11804,1.25696,0.870434
341,5.21393,-0.874593,0.946206
341,5.4069,-1.17333,1.46213
341,5.31858,-0.988318,1.22911
341,5.41032,-0.500762,1.52714
341,4.96583,2.88771,0.573734
341,5.1718,1.25917,1.00775
341,5.16539,1.01437,0.967254
341,5.27837,-0.462359,1.14684
341,5.33632,-0.43695,1.30181
341,4.98061,2.89617,0.574679
341,5.16301,0.501569,0.874554
341,5.01344,0.619821,0.462663
341,5.26224,0.38098,1.14119
341,4.94728,1.01864,0.307006
341,5.43818,-0.547681,1.55021
341,5.13579,1.51792,0.873421
341,5.15858,0.494359,0.844119
341,5.24077,-0.444787,0.969287
341,4.99457,2.89429,0.563786
341,5.27491,1.0258,1.18575
341,5.02963,1.5092,0.52506
341,5.25922,0.390712,1.06779
341,4.62842,2.16595,-0.555309
341,5.30862,0.0716015,1.1763
341,5.31286,0.0678593,1.18622
341,5.15801,-0.411539,0.690745
341,5.29647,0.383383,1.14192
341,5.01053,2.25903,0.502088
341,5.31743,-1.12657,1.06051
341,5.13479,0.510117,0.672035
341,5.39031,-0.561314,1.29523
341,5.55616,-0.911613,1.72667
341,5.26295,0.330344,1.00918
341,5.17311,1.0487,0.818636
341,4.65069,2.14687,-0.560669
341,5.12692,1.00878,0.669718
341,5.09569,0.536718,0.523744
341,5.31959,0.383575,1.14033
341,5.34283,-1.14174,1.06912
341,5.11171,-1.02546,0.42541
341,5.22232,1.0162,0.919746
341,5.07005,0.624334,0.4493
341,5.0246,0.548255,0.31325
341,5.07737,0.984343,0.496557
341,5.14447,1.01031,0.66597
341,5.43828,-0.989726,1.31173
341,5.12015,0.827612,0.574115
341,5.17344,0.518543,0.65712
341,5.10179,1.79679,0.565062
341,5.15828,1.00552,0.649994
341,5.20408,0.528934,0.729477
341,5.25506,0.504262,0.86361
341,5.14488,-1.02659,0.410137
341,5.23068,0.204666,0.761077
341,5.34569,0.125442,1.07083
341,5.45317,-0.636385,1.30344
341,5.14016,1.18181,0.581399
341,5.31878,0.327753,1.00632
341,5.1342,0.943537,0.538632
341,5.26642,0.387342,0.852126
341,5.1591,-1.01652,0.420685
341,5.25714,0.443826,0.825504
341,5.14015,0.239033,0.473279
341,5.32732,0.182554,0.996393
341,5.15334,0.233192,0.491761
341,5.21385,-0.968551,0.553342
341,5.23543,-0.607674,0.636586
341,5.35789,-0.49611,0.966481
341,5.21207,-1.16511,0.494452
341,5.10541,1.51207,0.431729
341,5.2194,-1.14316,0.513331
341,5.00811,2.36271,0.221013
341,5.35477,0.164279,0.992205
341,5.18895,-1.02715,0.414441
341,5.06152,2.06084,0.299663
341,5.10895,1.51165,0.370209
341,5.27256,-0.611603,0.625768
341,5.09709,1.51163,0.315057
341,5.07414,2.0607,0.295396
341,5.12139,0.557437,0.273864
341,5.22032,0.261091,0.505013
341,5.34532,-0.668167,0.755078
341,5.13545,1.52931,0.347767
341,5.42174,-0.998448,0.911685
341,5.28135,-0.296695,0.575758
341,5.27605,-1.18234,0.471858
341,5.13515,1.52322,0.312492
341,5.25037,0.0264359,0.496695
341,5.13752,1.52015,0.309502
341,5.15311,0.559088,0.257762
341,5.25886,0.262236,0.50609
341,5.237,-0.279432,0.381458
341,5.24604,0.308984,0.435108
341,5.33785,-0.731423,0.59953
341,4.90079,1.38455,-0.44913
341,5.18292,0.515228,0.260354
341,5.12019,1.92571,0.153926
341,5.29721,0.0204201,0.478104
341,5.19662,0.555122,0.237935
341,5.29852,0.0282863,0.473262
341,5.20056,0.554955,0.236629
341,5.23276,0.0385157,0.27915
341,5.0082,0.98095,-0.274955
341,5.39732,-0.49997,0.671305
341,5.34702,-1.21498,0.462953
341,5.29529,0.312219,0.434787
341,5.08869,2.34753,0.0199541
341,5.29571,0.294167,0.413731
341,5.25778,0.509588,0.309211
341,5.44562,-1.16957,0.675744
341,5.3984,-0.666833,0.582142
341,5.24481,0.500203,0.24855
341,5.3328,-0.391885,0.410411
341,5.06573,2.4427,-0.149544
341,5.25724,0.511051,0.215546
341,5.25933,0.225025,0.195781
341,5.38323,-0.938699,0.427857
341,5.25635,0.541615,0.190137
341,5.08101,2.17899,-0.171317
341,5.19983,1.95403,0.137177
341,5.17113,0.567271,-0.0700614
341,5.13094,1.69542,-0.0997064
341,5.17695,0.568078,-0.087622
341,5.27302,-0.288974,0.101824
341,5.16865,0.219133,-0.148544
341,5.61412,-0.0836769,1.07795
341,5.22894,0.451335,-0.0128947
341,5.20064,0.886345,-0.0647031
341,5.24672,0.826278,0.055343
341,5.12378,1.96428,-0.229951
341,5.13266,0.570753,-0.374224
341,5.41637,-0.110087,0.358504
341,5.44426,-0.41372,0.406885
341,5.16503,0.550918,-0.298877
341,5.22095,0.33088,-0.205698
341,5.34883,-0.480826,0.0757179
341,5.53716,-1.25747,0.53667
341,5.31668,0.321475,0.0534844
341,5.19139,0.223866,-0.340392
341,5.02887,2.89045,-0.567135
341,5.039,1.98556,-0.622922
341,5.20051,1.44937,-0.223396
341,5.40557,-0.47043,0.161215
341,5.17175,0.245917,-0.471414
341,5.51479,-1.02486,0.377341
341,5.4872,-0.854292,0.300149
341,5.2655,0.0212491,-0.277092
341,5.10707,1.73571,-0.590139
341,5.24133,0.227398,-0.358774
341,5.35309,-0.0421502,-0.104172
341,5.13689,1.66782,-0.581409
341,5.09292,2.9551,-0.599869
341,5.37419,-0.0517457,-0.120654
341,5.23068,1.47421,-0.391906
341,5.25748,1.01684,-0.374238
341,5.32926,0.325007,-0.245115
341,5.39599,-0.434324,-0.127822
341,5.42438,0.313355,0.00783741
341,5.26001,-0.310223,-0.518399
341,5.43342,-0.0114949,-0.0276401
341,5.48482,-0.707203,0.0537652
341,5.24382,1.5729,-0.462203
341,5.31227,0.429221,-0.388064
341,5.31467,0.442991,-0.416904
341,5.57329,-0.549248,0.166139
341,5.36719,-0.784652,-0.460216
341,5.56163,-0.74132,0.0452249
341,5.38021,-0.795638,-0.476391
341,5.38851,-0.801815,-0.470785
341,5.39821,-0.0132046,-0.399985
341,5.42018,-0.757423,-0.434485
341,5.598,-0.525203,0.0848534
341,5.55319,-0.388136,-0.293287
341,5.74168,-0.648597,0.119793
341,5.49736,-0.153542,-0.685779
341,5.92606,-0.680585,0.0632169
341,5.78203,-0.136723,-0.300083
341,5.66356,-0.259878,-0.752357
341,5.75131,-0.138341,-0.832293
341,5.13664,1.89582,-0.634326
340,5.13664,1.89582,-0.634326
341,5.4747,-0.595867,-0.172726
340,5.4747,-0.595867,-0.172726
341,5.34922,0.505179,-0.138862
340,5.34922,0.505179,-0.138862
341,5.26788,0.781259,1.77088
340,5.26788,0.781259,1.77088
341,5.14409,-0.258242,0.446729
340,5.14409,-0.258242,0.446729
341,5.25375,1.94225,-0.710516
340,5.25375,1.94225,-0.710516
341,5.28188,-0.774219,0.325871
340,5.28188,-0.774219,0.325871
341,5.09149,0.459503,-0.305708
340,5.09149,0.459503,-0.305708
341,4.64228,1.78015,-0.349253
340,4.64228,1.78015,-0.349253
341,5.36808,1.7127,0.242122
340,5.36808,1.7127,0.242122
341,5.59702,-0.88407,-0.571332
340,5.59702,-0.88407,-0.571332
341,4.14624,2.25601,0.0257108
340,4.14624,2.25601,0.0257108
341,5.31248,0.833911,1.1628
339,5.31248,0.833911,1.1628
341,5.11929,1.80236,0.88372
339,5.11929,1.80236,0.88372
341,5.61249,-0.0885608,1.43181
339,5.61249,-0.0885608,1.43181
341,5.0974,1.79281,0.884598
339,5.0974,1.79281,0.884598
341,5.05273,1.2373,0.794751
339,5.05273,1.2373,0.794751
341,5.27047,1.72894,-0.210886
339,5.27047,1.72894,-0.210886
341,5.05234,1.76129,0.562126
339,5.05234,1.76129,0.562126
341,5.10753,1.26317,0.236521
339,5.10753,1.26317,0.236521
341,5.36672,0.508038,1.51
339,5.36672,0.508038,1.51
341,5.17166,-0.0527179,0.415449
339,5.17166,-0.0527179,0.415449
341,5.28109,-0.687211,1.01616
339,5.28109,-0.687211,1.01616
341,5.53792,-1.03543,0.895279
339,5.53792,-1.03543,0.895279
341,5.18045,1.21862,0.499158
227,5.18045,1.21862,0.499158
341,5.23737,0.887408,-0.142571
227,5.23737,0.887408,-0.142571
341,5.16986,1.5632,-0.0834991
227,5.16986,1.5632,-0.0834991
341,5.15034,1.65454,-0.0143226
227,5.15034,1.65454,-0.0143226
341,5.22572,0.84522,0.54552
227,5.22572,0.84522,0.54552
341,5.08718,2.07518,0.297951
227,5.08718,2.07518,0.297951
341,4.98135,2.81013,1.39889
227,4.98135,2.81013,1.39889
341,5.33571,-0.358073,0.0512493
166,5.33571,-0.358073,0.0512493
341,5.29826,0.0151933,0.872455
166,5.29826,0.0151933,0.872455
341,4.34638,2.83406,0.619446
166,4.34638,2.83406,0.619446
341,5.42461,0.16803,-0.35084
335,5.42461,0.16803,-0.35084
341,5.39105,0.437788,-0.314974
337,5.39105,0.437788,-0.314974
341,5.28196,-0.51816,0.193648
337,5.28196,-0.51816,0.193648
341,4.27201,0.603187,-0.611254
337,4.27201,0.603187,-0.611254
341,5.37941,-0.328712,0.453287
334,5.37941,-0.328712,0.453287
341,5.27912,0.164988,1.68848
334,5.27912,0.164988,1.68848
341,5.35549,-0.478205,-0.344907
334,5.35549,-0.478205,-0.344907
341,5.45779,-0.294988,0.14019
333,5.45779,-0.294988,0.14019
341,5.23586,0.480674,-0.404465
336,5.23586,0.480674,-0.404465
342,3.38146,-1.09162,0.374487
342,3.39233,-1.10665,0.374364
342,3.39425,-1.10341,0.377806
342,2.94068,1.03494,-0.612568
342,3.41445,-1.11514,0.357083
342,2.97646,0.667395,-0.606635
342,2.98087,0.925791,-0.59674
342,3.43286,-1.19483,0.359404
342,3.01006,-1.2116,-0.590176
342,2.9996,0.881419,-0.61503
342,3.00093,1.45059,-0.624793
342,2.99968,0.822326,-0.634614
342,3.0035,1.51851,-0.629902
342,3.03262,0.804556,-0.611353
342,3.03951,0.375486,-0.628993
342,3.04507,0.715584,-0.616267
342,3.04262,0.44341,-0.640549
342,3.04983,0.660265,-0.633
342,3.05952,0.260474,-0.623381
342,3.06602,1.5282,-0.621365
342,3.06672,0.244053,-0.635608
342,3.058,1.41225,-0.655334
342,3.08573,1.53323,-0.629755
342,3.09827,1.22062,-0.648577
342,3.11212,0.207966,-0.638987
342,3.09369,1.16151,-0.676091
342,3.16501,-1.14759,-0.545903
342,3.11733,0.622618,-0.643932
342,3.11189,1.22361,-0.654944
342,3.13479,0.40246,-0.633219
342,3.13623,0.397283,-0.636834
342,3.1135,1.1747,-0.682333
342,3.11544,1.1675,-0.689447
342,3.16445,0.398215,-0.598052
342,3.15095,1.61038,-0.627244
342,3.19263,-1.1561,-0.565727
342,3.15446,1.61206,-0.630721
342,3.16949,1.19972,-0.673922
342,3.67319,-1.41691,0.419643
342,3.21556,0.421206,-0.60702
342,3.20802,1.70223,-0.617895
342,3.21587,0.539449,-0.61431
342,3.23035,0.414002,-0.618818
342,3.20381,1.51053,-0.681295
342,3.29765,-1.25885,-0.497399
342,3.69428,-1.24739,0.375543
342,3.22103,1.53998,-0.656832
342,3.29136,-0.685893,-0.530236
342,3.28918,-0.685887,-0.537083
342,3.23605,0.407305,-0.6468
342,3.26648,0.528665,-0.59192
342,3.35925,-1.05507,-0.408345
342,3.25129,1.01097,-0.631659
342,3.27287,1.78616,-0.578985
342,3.25966,0.476176,-0.625085
342,3.23732,1.54987,-0.672482
342,3.2626,1.00778,-0.626991
342,3.29799,-0.0889331,-0.585632
342,3.28496,0.462606,-0.613768
342,3.3158,-0.703036,-0.555609
342,3.29821,0.635055,-0.59449
342,3.28642,0.534091,-0.626204
342,3.27663,0.469572,-0.648838
342,3.29094,0.692466,-0.618661
342,3.27638,1.66259,-0.646789
342,3.27933,1.70609,-0.646409
342,3.28174,1.7125,-0.656313
342,3.29653,1.56955,-0.64087
342,3.27763,1.49628,-0.684582
342,3.76561,-1.25043,0.37402
342,3.3254,-0.0911983,-0.606834
342,3.32036,-0.0980213,-0.621563
342,3.34245,1.71296,-0.574153
342,3.3327,-0.104235,-0.639084
342,3.33818,1.62959,-0.639702
342,3.34299,-0.10287,-0.645959
342,3.3397,1.62503,-0.646329
342,3.4284,-1.32589,-0.494793
342,3.34576,1.59011,-0.68341
342,3.8397,-1.20893,0.387155
342,3.45372,-1.38757,-0.48645
342,3.41524,0.336042,-0.59706
342,3.44342,-1.42772,-0.551655
342,3.39556,1.7521,-0.63704
342,3.39927,1.75438,-0.631842
342,3.46727,-1.43005,-0.515415
342,3.42046,0.346683,-0.605511
342,3.42269,-0.295924,-0.606352
342,3.87403,-1.21059,0.389182
342,3.4328,1.63021,-0.57064
342,3.42267,1.56102,-0.600505
342,3.44119,-0.280763,-0.577951
342,3.43737,1.62741,-0.58289
342,3.44838,-0.28325,-0.579271
342,3.44597,1.66002,-0.594164
342,3.44588,1.66224,-0.596268
342,3.90055,-1.23011,0.385111
342,3.39729,1.26969,-0.722516
342,3.45478,1.0875,-0.605259
342,3.44626,1.6029,-0.633931
342,3.45832,1.60369,-0.620998
342,3.93888,-1.14383,0.419466
342,3.4432,1.75516,-0.659536
342,3.48654,-0.279451,-0.582992
342,3.51602,1.67999,-0.562624
342,3.49383,1.11739,-0.628443
342,3.48538,1.58643,-0.643661
342,3.49486,1.5809,-0.635851
342,3.50328,1.10687,-0.644646
342,3.49262,1.5717,-0.670187
342,3.50402,1.59205,-0.656446
342,3.5484,1.38686,-0.635375
342,4.02052,-1.21929,0.390944
342,3.55421,1.51932,-0.630726
342,3.58696,0.63589,-0.56661
342,3.54249,1.3795,-0.66002
342,3.59326,0.407044,-0.598193
342,3.57125,1.52984,-0.637541
342,3.5926,-0.0216743,-0.611117
342,3.60633,-0.010755,-0.604013
342,3.6165,1.52795,-0.679678
342,3.63761,1.63167,-0.645139
342,3.63579,1.53951,-0.667393
342,3.65106,1.54402,-0.670607
342,3.68025,1.61226,-0.630344
342,3.69088,0.262593,-0.624306
342,3.69672,1.62158,-0.644815
342,3.71306,1.64866,-0.614721
342,3.71214,1.65505,-0.623847
342,3.74115,1.54891,-0.623465
342,3.76503,0.138581,-0.618567
342,3.77765,0.212002,-0.596168
342,3.79323,0.270141,-0.588232
342,3.76719,1.4947,-0.658849
342,3.78435,0.285539,-0.658967
342,3.8082,0.188404,-0.65258
342,3.83025,0.277767,-0.640971
342,4.39578,2.89702,0.607394
342,4.6808,2.83947,1.21712
342,4.40081,2.88022,0.592176
342,3.86455,0.363168,-0.638377
342,3.87828,0.475684,-0.61467
342,4.45352,2.92705,0.593305
342,3.94853,1.65854,-0.557552
342,3.96932,1.72502,-0.53062
342,3.94033,1.48056,-0.612382
342,3.96605,0.392674,-0.60838
342,3.942,1.43112,-0.664932
342,3.9514,1.40729,-0.645383
342,3.94568,1.42848,-0.667861
342,3.97575,0.396657,-0.616115
342,3.95865,1.42761,-0.653635
342,3.96512,0.614866,-0.649154
342,3.98182,0.605893,-0.616948
342,3.99133,0.394918,-0.625757
342,4.0001,0.576568,-0.61029
342,3.99803,0.97076,-0.62908
342,4.0073,0.501727,-0.629434
342,3.98286,1.42746,-0.680445
342,3.98497,1.41255,-0.683047
342,4.02473,0.419878,-0.614784
342,4.02725,0.548452,-0.6257
342,3.99146,1.44951,-0.700513
342,4.03361,0.585023,-0.622338
342,4.04045,0.553917,-0.627008
342,4.0599,1.55377,-0.582138
342,4.07325,1.56427,-0.592445
342,4.06152,0.745147,-0.628246
342,4.06672,0.876767,-0.630044
342,4.09223,0.60309,-0.595457
342,4.08983,0.70275,-0.600097
342,4.1011,1.01127,-0.578741
342,4.09206,0.436547,-0.644938
342,4.11925,0.460604,-0.595876
342,4.65409,2.67996,0.610527
342,4.1056,0.812025,-0.639099
342,4.11432,0.594401,-0.623192
342,4.67235,2.5535,0.598357
342,4.12913,1.47259,-0.628068
342,4.20479,0.653191,-0.559556
342,5.15419,0.973478,1.52319
342,5.16787,1.58471,1.55883
342,4.19102,1.41486,-0.645866
342,5.03243,1.01687,1.22186
342,4.95895,1.69679,1.04715
342,4.2765,1.49625,-0.533959
342,4.26252,0.905758,-0.57873
342,5.21703,0.97844,1.52769
342,4.86057,1.74204,0.735646
342,5.10284,1.01902,1.17402
342,4.31943,1.51741,-0.566173
342,4.79187,-1.29264,0.455245
342,4.78786,-1.43816,0.423735
342,4.85956,2.82842,0.562368
342,5.14209,1.52192,1.1696
342,5.19668,1.02654,1.27306
342,5.08614,1.01123,0.961163
342,5.22522,1.01799,1.26628
342,4.4017,0.374887,-0.590782
342,5.25119,0.510197,1.29246
342,5.18978,1.01724,1.14764
342,5.08238,1.50637,0.90586
342,5.15161,1.2594,1.00392
342,5.14562,1.01249,0.961717
342,5.09791,1.39948,0.787192
342,5.4362,-0.86528,1.51155
342,5.4034,-1.14063,1.4172
342,5.19403,1.01923,0.941514
342,5.30744,2.92377,1.20325
342,5.4227,-0.673006,1.39911
342,5.29523,-0.0291581,1.10949
342,5.24503,0.334448,0.994686
342,5.07204,1.79611,0.577606
342,5.19997,0.518116,0.843596
342,4.55495,1.38119,-0.59996
342,5.16858,1.502,0.756772
342,5.09825,0.831029,0.564053
342,4.5825,1.40237,-0.581368
342,5.35453,-0.959268,1.11237
342,5.44435,-1.16603,1.27133
342,5.12564,0.829836,0.558345
342,4.61163,1.39837,-0.598754
342,5.37589,-0.047393,1.08543
342,5.17917,1.01148,0.648226
342,5.38967,-0.04958,1.0913
342,5.1568,1.18852,0.579425
342,5.23614,0.14096,0.745823
342,5.2037,1.02131,0.659258
342,5.15954,1.79103,0.562091
342,5.09611,1.51223,0.415974
342,5.35071,-0.487607,0.963212
342,5.27577,0.123351,0.745243
342,5.0651,2.05921,0.290985
342,5.32002,0.0394145,0.831303
342,5.1474,1.52143,0.422615
342,5.18328,0.512652,0.472618
342,5.14657,1.53526,0.353536
342,5.43333,-0.505951,0.95516
342,5.21048,0.979747,0.457179
342,5.14839,1.56426,0.315802
342,5.32312,-0.470991,0.663609
342,5.18137,1.53154,0.349525
342,5.44414,-0.994428,0.897194
342,5.14502,1.01495,0.240864
342,5.16238,0.503959,0.270335
342,5.17839,0.520421,0.305305
342,5.17743,1.53767,0.309646
342,5.39053,-0.677004,0.757036
342,5.38904,-0.684731,0.751762
342,5.46407,-1.01086,0.885025
342,5.47545,-1.0129,0.906267
342,5.07149,2.11537,0.0221618
342,5.13122,1.92395,0.152729
342,5.24344,0.609607,0.386332
342,5.29341,-0.423681,0.483463
342,4.85353,2.82934,-0.474294
342,5.55749,-1.24961,1.05277
342,5.30054,-1.22955,0.478607
342,5.42639,-1.16711,0.757194
342,5.25503,0.941278,0.377741
342,5.30602,-1.2183,0.456664
342,5.23452,0.511527,0.312478
342,5.45355,-1.21735,0.759547
342,5.33418,-0.442541,0.471768
342,5.36727,-0.316426,0.546214
342,5.34201,-0.954008,0.455844
342,5.25098,0.510823,0.263802
342,5.2554,0.510432,0.268221
342,5.28624,0.0199471,0.325926
342,5.36195,-1.15737,0.471352
342,5.16905,0.524447,0.0381974
342,5.07034,2.17096,-0.188961
342,5.28672,-0.463409,0.256897
342,4.93858,2.85479,-0.4972
342,5.1391,0.559035,-0.0761037
342,5.38185,-1.24972,0.433766
342,5.16293,0.581014,-0.0779668
342,5.19849,0.506053,-0.0411383
342,5.09513,0.454132,-0.30967
342,5.0529,2.82439,-0.444777
342,5.24765,0.51655,-0.0863401
342,5.11734,1.4347,-0.387574
342,5.35046,-0.487435,0.0770838
342,5.14369,-0.74188,-0.390706
342,5.16188,1.00048,-0.354812
342,5.18685,1.00333,-0.357474
342,5.26664,1.20994,-0.204355
342,5.34303,0.52039,-0.0433372
342,5.29262,1.21351,-0.214254
342,5.49198,-0.478788,0.103782
342,5.60336,-1.63358,0.309554
342,5.28039,0.445433,-0.392685
342,5.43056,-0.818373,-0.140672
342,5.44004,-0.82041,-0.15436
342,5.3638,-0.491455,-0.327995
342,5.31013,-0.374381,-0.449217
342,5.32086,0.610683,-0.443308
342,5.35726,0.42763,-0.392567
342,5.32994,1.90588,-0.684106
342,9.17699,4.00455,-0.680958
342,5.23901,1.57502,-0.401217
341,5.23901,1.57502,-0.401217
342,5.12223,1.94905,-0.635203
341,5.12223,1.94905,-0.635203
342,5.31447,-1.09423,0.376006
341,5.31447,-1.09423,0.376006
342,5.36037,-0.320075,0.299034
341,5.36037,-0.320075,0.299034
342,4.26989,0.822893,-0.684118
341,4.26989,0.822893,-0.684118
342,5.19355,0.557164,0.240497
341,5.19355,0.557164,0.240497
342,5.38133,0.551564,0.177939
341,5.38133,0.551564,0.177939
342,5.18088,1.2169,0.748425
341,5.18088,1.2169,0.748425
342,5.10712,1.74138,1.05279
341,5.10712,1.74138,1.05279
342,5.33252,-0.941268,0.424018
341,5.33252,-0.941268,0.424018
342,5.06914,2.85932,1.39829
341,5.06914,2.85932,1.39829
342,4.96605,2.06849,0.0587594
340,4.96605,2.06849,0.0587594
342,5.21277,1.24817,-0.540895
340,5.21277,1.24817,-0.540895
342,5.51118,0.845204,0.933838
340,5.51118,0.845204,0.933838
342,5.10625,0.574734,-0.349921
340,5.10625,0.574734,-0.349921
342,5.00103,2.80587,1.25505
340,5.00103,2.80587,1.25505
342,5.4882,-0.382658,-0.28049
340,5.4882,-0.382658,-0.28049
342,5.363,-0.315989,-0.223103
339,5.363,-0.315989,-0.223103
342,5.33333,-0.35874,-0.236117
339,5.33333,-0.35874,-0.236117
342,5.18487,0.200662,0.378607
339,5.18487,0.200662,0.378607
342,5.49618,-1.08591,0.584098
339,5.49618,-1.08591,0.584098
342,5.48619,-0.0152401,-0.160741
339,5.48619,-0.0152401,-0.160741
342,5.18627,1.48509,1.58152
339,5.18627,1.48509,1.58152
342,5.20898,0.52595,0.715768
339,5.20898,0.52595,0.715768
342,5.36841,-0.312399,-0.421897
336,5.36841,-0.312399,-0.421897
342,2.97461,0.77024,-0.595478
336,2.97461,0.77024,-0.595478
342,3.6588,0.3747,-0.65163
336,3.6588,0.3747,-0.65163
342,3.12173,0.647315,-0.695064
337,3.12173,0.647315,-0.695064
342,4.16562,0.767686,-0.630635
337,4.16562,0.767686,-0.630635
342,4.19588,0.614044,-0.637717
337,4.19588,0.614044,-0.637717
342,5.25017,-0.323912,-0.184858
337,5.25017,-0.323912,-0.184858
342,5.22624,-0.00309919,-0.556868
166,5.22624,-0.00309919,-0.556868
342,5.24579,0.470552,0.843075
166,5.24579,0.470552,0.843075
342,3.87572,0.39456,-0.642282
166,3.87572,0.39456,-0.642282
342,5.03766,2.85427,1.33641
166,5.03766,2.85427,1.33641
342,5.08549,3.0472,1.42542
166,5.08549,3.0472,1.42542
342,4.73887,2.83242,1.229
166,4.73887,2.83242,1.229
342,5.2481,0.447487,1.1682
338,5.2481,0.447487,1.1682
342,5.27662,0.163182,-0.224473
338,5.27662,0.163182,-0.224473
342,5.32044,-2.0879,0.14787
338,5.32044,-2.0879,0.14787
342,5.67129,-0.842824,0.157156
335,5.67129,-0.842824,0.157156
342,4.27544,0.388259,-0.510769
335,4.27544,0.388259,-0.510769
342,4.1836,-1.46601,0.359254
335,4.1836,-1.46601,0.359254
342,5.18613,0.194717,-0.170968
334,5.18613,0.194717,-0.170968
342,5.37647,0.0426455,0.844909
334,5.37647,0.0426455,0.844909
343,2.46904,0.683586,-0.582495
343,2.5169,-1.12044,-0.6336
343,2.49563,0.565314,-0.622869
343,2.50063,0.0908921,-0.65183
343,2.59167,-1.06514,-0.550536
343,2.52925,-0.142728,-0.648964
343,2.54181,-0.202363,-0.637761
343,2.54418,-0.193543,-0.637013
343,2.60161,-1.05696,-0.557016
343,2.56609,-0.111756,-0.605538
343,2.56276,0.0420719,-0.616977
343,2.6126,-1.06549,-0.55723
343,2.6134,-1.06431,-0.565495
343,2.62799,-0.808259,-0.609807
343,2.62887,0.384863,-0.61991
343,2.62691,0.380478,-0.633292
343,2.66346,0.432047,-0.616266
343,2.65432,0.261417,-0.644308
343,2.71616,-0.65056,-0.56271
343,2.66766,0.432254,-0.628571
343,2.66281,0.334209,-0.644666
343,2.67117,0.26043,-0.662221
343,2.6806,1.17948,-0.627091
343,2.73698,-0.66635,-0.589245
343,2.69767,1.1822,-0.644667
343,2.74619,1.21494,-0.607852
343,2.73161,1.10101,-0.640548
343,2.75758,0.470295,-0.616123
343,2.73443,1.18301,-0.638536
343,2.75737,0.469779,-0.63272
343,2.79446,1.8557,-0.541716
343,2.78928,0.239607,-0.607683
343,2.75577,1.17807,-0.644503
343,2.79398,0.239702,-0.613739
343,2.79184,-0.697593,-0.650408
343,2.8039,0.236358,-0.613031
343,3.70363,-1.56447,1.09109
343,2.84275,-1.2773,-0.616728
343,2.79592,1.25752,-0.62475
343,2.84288,-1.26114,-0.617128
343,2.83302,0.324953,-0.592917
343,2.80236,1.25553,-0.630144
343,3.72402,-1.57866,1.08175
343,2.8147,1.21924,-0.618461
343,2.81116,1.39331,-0.647038
343,2.85348,1.12194,-0.600719
343,2.85458,1.1282,-0.608301
343,2.85919,1.13185,-0.617554
343,2.86559,1.12904,-0.608022
343,2.85518,1.18964,-0.628057
343,2.90583,-0.544143,-0.61595
343,3.43159,-1.21362,0.361825
343,2.91371,0.908177,-0.623919
343,2.90522,1.42651,-0.629874
343,2.9105,1.43188,-0.639573
343,2.94527,-0.564106,-0.64862
343,2.92932,1.21143,-0.63006
343,3.00488,-1.20437,-0.5773
343,2.94386,0.981751,-0.631442
343,2.95334,1.48976,-0.603115
343,3.01974,-1.20975,-0.581188
343,3.83168,-1.48149,0.974948
343,2.95069,1.20882,-0.665804
343,2.99868,0.839174,-0.594315
343,2.99179,0.772317,-0.617734
343,2.95603,1.52079,-0.667663
343,2.99518,0.819677,-0.621302
343,2.98943,0.798609,-0.636603
343,2.99824,0.823264,-0.628861
343,2.96521,1.52489,-0.672708
343,3.03331,-0.406531,-0.605527
343,3.02685,-0.398481,-0.618422
343,3.53665,-1.35097,0.350463
343,2.9957,1.44193,-0.622846
343,3.02085,0.379176,-0.612314
343,3.02506,0.475938,-0.611858
343,3.01875,0.0962709,-0.638912
343,3.54743,-1.49143,0.338967
343,2.99021,1.51698,-0.661584
343,3.03692,0.490391,-0.607391
343,2.99997,1.52166,-0.647811
343,3.88581,-1.51261,0.963292
343,3.04978,0.364476,-0.617109
343,3.0393,0.444051,-0.63679
343,3.05616,-0.400618,-0.637043
343,3.0432,0.0914369,-0.657943
343,3.05251,1.16752,-0.619574
343,3.60184,-1.55389,0.361785
343,3.92027,-1.5495,0.968851
343,3.03277,1.34657,-0.681055
343,3.08285,0.261329,-0.619015
343,3.08694,0.66762,-0.598061
343,3.86083,-1.52637,0.847824
343,3.08587,0.267068,-0.615499
343,3.05189,1.41103,-0.649018
343,3.07239,0.358218,-0.646269
343,3.47714,-1.49212,0.0791487
343,3.07127,1.4193,-0.662978
343,3.08499,1.53827,-0.632489
343,3.14177,0.415893,-0.573908
343,3.16158,-0.24794,-0.608955
343,3.17228,0.41568,-0.58776
343,3.09408,1.92508,-0.693082
343,3.18428,0.544146,-0.590254
343,3.20092,0.462382,-0.568185
343,3.32997,-1.06008,-0.391827
343,3.19563,-0.243282,-0.634887
343,3.20169,0.539445,-0.605167
343,3.20855,0.745553,-0.610634
343,3.45577,-1.41963,-0.243667
343,3.26931,0.617532,-0.563714
343,3.25065,1.76775,-0.570613
343,3.30382,-0.828838,-0.563154
343,3.22797,1.58683,-0.645619
343,3.38432,-1.07026,-0.42842
343,3.26913,0.529001,-0.614246
343,3.25945,0.72288,-0.628337
343,3.38418,-1.06948,-0.450387
343,3.30445,-0.103274,-0.603886
343,3.38248,-1.4148,-0.506072
343,3.4003,-1.07604,-0.462291
343,3.50525,-1.47155,-0.280176
343,3.3166,-0.116642,-0.615631
343,3.50308,-1.47566,-0.298517
343,3.42264,-1.08902,-0.47847
343,3.30579,1.81157,-0.619321
343,3.33023,0.62006,-0.622383
343,3.40969,-1.66736,-0.564427
343,3.41604,-1.66535,-0.564076
343,3.42429,-1.43202,-0.544767
343,3.39911,-0.548888,-0.565601
343,3.32969,1.817,-0.627224
343,3.336,1.81418,-0.630224
343,3.45178,-1.42578,-0.512236
343,3.43427,-1.42894,-0.56795
343,3.91671,-1.22809,0.37497
343,3.44476,-1.3939,-0.561339
343,3.92329,-1.24154,0.372277
343,3.34719,1.59024,-0.679185
343,3.38555,1.74445,-0.608778
343,3.85305,-1.07388,0.186881
343,3.46086,-1.03544,-0.585401
343,3.4265,1.12532,-0.634657
343,3.88292,-1.08298,0.186369
343,3.58916,-1.62157,-0.408506
343,3.44914,0.36175,-0.632853
343,3.61589,-1.65196,-0.510415
343,3.53293,-0.322917,-0.642983
343,3.63162,-1.65655,-0.50854
343,3.53745,-0.335207,-0.677004
343,3.5952,-0.0110215,-0.599432
343,4.13376,-1.15554,0.378666
343,3.57652,1.53819,-0.654751
343,3.63225,-0.0122674,-0.626254
343,3.58946,1.55096,-0.664
343,3.71889,-0.954467,-0.494141
343,3.63668,1.5319,-0.632821
343,3.69974,-0.122029,-0.602278
343,3.66084,1.57588,-0.660089
343,3.69941,-0.0217599,-0.647533
343,3.69742,1.61862,-0.640406
343,4.33059,-1.31834,0.449175
343,4.36503,-1.36817,0.405153
343,4.40255,-1.16949,0.360986
343,3.91216,0.422321,-0.604144
343,4.44735,-1.49525,0.376435
343,3.90692,0.881464,-0.611519
343,4.00559,0.355032,-0.631147
343,4.05495,1.56095,-0.577394
343,4.57663,-1.55893,0.335138
343,4.11329,0.509996,-0.516318
343,4.89005,1.65844,1.03618
343,4.87092,1.43908,0.915219
343,4.12314,1.05857,-0.583922
343,4.11792,1.01281,-0.610744
343,4.70914,2.5894,0.585549
343,4.14538,1.04386,-0.590574
343,4.12981,0.434814,-0.656516
343,4.15375,1.09101,-0.59909
343,4.2187,0.459331,-0.611094
343,4.24346,0.888164,-0.571785
343,4.80919,2.63178,0.549295
343,5.14974,1.02013,1.14736
343,5.03641,1.48667,0.901606
343,5.1129,1.75773,1.04198
343,5.133,1.73918,1.05032
343,5.1418,1.74627,1.04989
343,5.2728,0.0199561,1.23151
343,5.11802,1.02139,0.950572
343,4.89265,2.83952,0.563219
343,5.22428,1.02724,1.13407
343,5.24221,-0.013567,1.09917
343,5.17861,1.26349,1.00172
343,5.14961,1.01212,0.907934
343,5.26097,0.56238,1.09333
343,5.13855,1.52506,0.870328
343,5.21234,1.27183,1.00059
343,5.21067,1.03328,0.951384
343,5.22126,-0.483252,0.841376
343,5.282,-0.471684,0.954622
343,5.21771,0.568927,0.834207
343,5.12832,1.01118,0.666036
343,5.18239,1.22114,0.766707
343,5.07404,1.77762,0.56804
343,5.25992,0.508912,0.8621
343,5.18113,1.21499,0.727476
343,5.26099,0.456073,0.823383
343,5.13651,1.19415,0.598067
343,5.19354,1.02429,0.662367
343,5.40286,-0.735093,1.00984
343,5.34691,-0.957372,0.891205
343,5.30266,0.516171,0.842429
343,5.34439,-0.487783,0.884616
343,5.24816,-0.457679,0.674485
343,5.05603,1.51535,0.361965
343,5.37572,-0.979432,0.886604
343,5.25812,-0.438476,0.666697
343,5.15788,0.509035,0.49418
343,5.4022,-0.992148,0.912853
343,5.06166,1.51035,0.316425
343,5.11673,1.51711,0.423762
343,5.13761,0.600769,0.387682
343,5.479,-0.758099,1.00978
343,5.09069,1.51235,0.308597
343,5.42927,-0.98153,0.889982
343,5.24466,1.21377,0.583765
343,5.24481,0.841031,0.53729
343,5.46944,-0.478818,0.928503
343,5.40868,0.535922,0.830749
343,5.18944,1.54381,0.399702
343,5.24055,0.0219987,0.445196
343,5.20548,0.607618,0.38583
343,5.14955,1.5383,0.300114
343,5.27697,0.0305349,0.485635
343,5.30078,-1.04433,0.442697
343,5.17957,0.509389,0.247632
343,5.31157,0.0267919,0.480378
343,5.12021,1.33732,0.136637
343,5.16591,1.06939,0.213919
343,5.19896,0.507483,0.244776
343,5.32638,-0.939286,0.425441
343,5.31739,0.525532,0.451035
343,5.20732,0.511232,0.223014
343,5.2584,0.0349306,0.278031
343,5.31949,-0.0882052,0.38875
343,5.30115,0.945543,0.37483
343,5.32423,-0.0840751,0.37925
343,5.18766,0.515914,0.107409
343,5.55855,0.0194498,0.81812
343,5.03796,2.44026,-0.135023
343,5.38464,1.6731,0.499006
343,5.14261,1.87204,-0.00938594
343,5.4285,-1.23084,0.425419
343,5.44248,-1.26327,0.438259
343,5.45748,-1.26437,0.463657
343,5.24031,0.191241,0.0717373
343,5.1743,2.16742,0.00675225
343,5.17853,1.58951,-0.0289642
343,5.53549,-0.785987,0.578383
343,4.9478,2.85212,-0.499605
343,5.43538,-0.837518,0.311644
343,5.48022,-1.85065,0.343545
343,5.4717,-0.429462,0.367397
343,5.50635,0.0298109,0.420223
343,5.26506,-0.359258,-0.0928407
343,5.25669,0.569546,-0.122387
343,5.2904,-0.361476,-0.0969748
343,5.18718,1.01327,-0.356605
343,5.49319,-0.00221682,0.206541
343,5.03455,2.0494,-0.628483
343,5.20929,1.47233,-0.371745
343,5.22856,1.01563,-0.377746
343,5.19048,-0.193963,-0.518011
343,5.42109,-0.398151,-0.0936166
343,5.25421,1.47035,-0.398286
343,5.28817,0.4586,-0.39619
343,5.47092,-0.444124,-0.111683
343,5.41623,-0.0746284,-0.248332
343,5.20954,2.50935,-0.5944
343,5.2054,1.74203,-0.635848
343,5.30052,-0.124736,-0.585067
343,5.31772,-0.0966525,-0.590499
343,5.33849,-0.09244,-0.598886
343,5.25567,0.195801,0.990535
342,5.25567,0.195801,0.990535
343,5.1848,0.471377,0.859465
342,5.1848,0.471377,0.859465
343,5.34662,-1.64564,0.265733
342,5.34662,-1.64564,0.265733
343,3.22656,1.7132,-0.637026
342,3.22656,1.7132,-0.637026
343,3.30446,0.527964,-0.636087
342,3.30446,0.527964,-0.636087
343,3.98078,2.67601,-0.539861
342,3.98078,2.67601,-0.539861
343,4.39527,2.89501,0.608941
342,4.39527,2.89501,0.608941
343,3.93985,2.64563,-0.511581
342,3.93985,2.64563,-0.511581
343,5.14712,2.84891,1.20731
342,5.14712,2.84891,1.20731
343,5.17682,-1.15138,0.515319
342,5.17682,-1.15138,0.515319
343,4.04498,2.71058,-0.575214
342,4.04498,2.71058,-0.575214
343,4.14641,2.77535,-0.635359
342,4.14641,2.77535,-0.635359
343,3.88113,1.5549,-0.496426
342,3.88113,1.5549,-0.496426
343,5.18177,0.883897,-0.0592768
341,5.18177,0.883897,-0.0592768
343,5.07246,1.62547,0.10965
341,5.07246,1.62547,0.10965
343,5.33769,-0.801303,0.302942
341,5.33769,-0.801303,0.302942
343,5.21721,0.196315,0.995374
341,5.21721,0.196315,0.995374
343,5.31336,-0.302539,0.560484
341,5.31336,-0.302539,0.560484
343,5.17808,2.16753,0.46394
341,5.17808,2.16753,0.46394
343,5.19205,1.66266,0.296143
341,5.19205,1.66266,0.296143
343,5.32365,-0.304811,0.556449
341,5.32365,-0.304811,0.556449
343,5.2306,0.317704,-0.43308
341,5.2306,0.317704,-0.43308
343,2.94925,0.864492,-0.616536
336,2.94925,0.864492,-0.616536
343,4.06453,0.641941,-0.622451
336,4.06453,0.641941,-0.622451
343,3.01135,0.820351,-0.620716
336,3.01135,0.820351,-0.620716
343,3.71152,0.290299,-0.609066
336,3.71152,0.290299,-0.609066
343,4.22596,0.823063,-0.649765
337,4.22596,0.823063,-0.649765
343,5.24459,0.581128,-0.412572
337,5.24459,0.581128,-0.412572
343,5.062,0.451947,0.851788
340,5.062,0.451947,0.851788
343,5.40515,-0.804796,-0.475122
340,5.40515,-0.804796,-0.475122
343,5.24901,0.0253957,1.2645
340,5.24901,0.0253957,1.2645
343,5.25796,0.205605,-0.50006
166,5.25796,0.205605,-0.50006
343,5.17132,1.01227,0.926834
166,5.17132,1.01227,0.926834
343,5.07253,2.01325,-0.0160394
339,5.07253,2.01325,-0.0160394
343,5.11987,1.69956,1.32656
339,5.11987,1.69956,1.32656
343,4.12517,0.702735,-0.620512
229,4.12517,0.702735,-0.620512
343,5.1417,0.996444,-0.431057
338,5.1417,0.996444,-0.431057
344,1.3596,0.0705543,1.25734
344,1.67669,0.0409158,1.13849
344,2.21715,0.106491,1.28922
344,2.18018,-0.4416,1.08214
344,3.50462,-1.60612,1.2192
344,3.50548,-1.61599,1.21411
344,3.51852,-1.63321,1.09609
344,2.76237,0.26408,-0.603779
344,2.77462,0.348139,-0.587264
344,3.55414,-1.65343,1.09505
344,2.81736,0.325659,-0.613548
344,3.59129,-1.68458,1.07187
344,3.57621,-1.61275,0.979985
344,2.86987,1.06539,-0.625741
344,2.90087,1.06282,-0.593264
344,2.91024,0.965395,-0.595726
344,2.92327,0.957277,-0.582077
344,2.91254,1.53526,-0.616127
344,2.94326,0.902192,-0.566972
344,2.91766,1.50164,-0.629968
344,3.03234,0.67565,-0.434319
344,2.93604,1.20994,-0.651839
344,2.94469,0.982919,-0.641458
344,3.80192,-1.61349,1.21884
344,2.94533,0.986191,-0.646749
344,2.94571,1.21434,-0.648285
344,2.94906,1.2483,-0.652507
344,2.95598,1.21211,-0.643082
344,2.97508,0.741042,-0.628749
344,2.98775,0.815947,-0.599023
344,3.82537,-1.57406,1.20945
344,2.98674,0.721593,-0.623866
344,2.98175,0.804687,-0.65079
344,2.99304,0.735887,-0.629857
344,3.02353,-0.391553,-0.596578
344,3.4665,-1.34531,0.373867
344,3.47234,-1.25023,0.353483
344,3.47575,-1.18393,0.349874
344,3.50139,-1.28087,0.325761
344,3.07147,0.681405,-0.591892
344,3.40103,-1.1071,0.0982454
344,3.41031,-1.10969,0.1133
344,3.05614,1.36697,-0.657035
344,3.7265,-1.55876,0.758695
344,3.83364,-1.49918,0.977538
344,3.10128,0.617101,-0.620235
344,3.57003,-1.48584,0.345597
344,3.08937,1.42343,-0.678056
344,3.13671,0.220897,-0.61996
344,3.13198,1.5003,-0.636768
344,3.84895,-1.51549,0.856434
344,3.12739,-1.01376,-0.764819
344,3.403,-1.07406,-0.145276
344,3.85371,-1.53383,0.855502
344,3.18836,0.431664,-0.592976
344,3.56109,-1.53516,0.157824
344,3.51898,-1.54208,0.059375
344,3.83554,-1.61155,0.73555
344,3.84495,-1.57122,0.742851
344,3.27495,0.3335,-0.493896
344,3.8302,-1.63572,0.701276
344,3.24045,0.532964,-0.58056
344,3.14892,1.95218,-0.755584
344,3.84477,-1.63513,0.703415
344,3.25586,0.528186,-0.598204
344,3.29733,0.346021,-0.516128
344,3.30155,-0.721527,-0.558492
344,3.28281,0.508098,-0.600954
344,3.28669,-1.23481,-0.648858
344,3.31174,-0.106285,-0.612029
344,3.37739,-1.39564,-0.531021
344,3.94446,-1.51717,0.751084
344,3.41004,-1.09278,-0.450569
344,3.4048,-1.08665,-0.46405
344,3.40895,-1.08813,-0.463861
344,3.24742,1.24587,-0.764327
344,3.41289,-1.08644,-0.464158
344,3.29661,1.58366,-0.651582
344,3.3841,-0.517463,-0.521227
344,3.37812,-2.12669,-0.598568
344,3.31038,1.56555,-0.667898
344,3.25432,1.24491,-0.809206
344,3.31351,1.58627,-0.667781
344,3.39393,-0.320057,-0.575154
344,3.28081,1.26238,-0.788708
344,3.33556,0.680804,-0.701493
344,3.85369,-1.18529,0.379542
344,3.46974,-1.39896,-0.533157
344,3.46281,-1.70034,-0.577742
344,3.89334,-1.20682,0.384839
344,3.88536,-1.19765,0.36401
344,3.89956,-1.21664,0.381326
344,3.48498,-0.308999,-0.589958
344,3.92217,-1.15357,0.365598
344,3.96636,-1.26143,0.357804
344,3.55583,-1.76648,-0.668175
344,3.56474,-2.06316,-0.683956
344,3.57356,-2.05395,-0.682008
344,3.5049,1.071,-0.754886
344,3.576,1.60087,-0.595174
344,3.56967,1.56763,-0.663866
344,3.61316,-0.0258817,-0.620438
344,3.60091,1.5368,-0.666291
344,3.72887,-0.954137,-0.477543
344,3.67293,1.5414,-0.674796
344,3.76061,0.719615,-0.549089
344,3.80669,0.724362,-0.574508
344,3.75175,1.16615,-0.800433
344,3.81329,1.54776,-0.65717
344,3.85316,0.201518,-0.639401
344,3.82385,1.50395,-0.670951
344,3.86994,0.756866,-0.642161
344,3.84866,1.5253,-0.713988
344,3.88059,1.5058,-0.688776
344,3.93257,0.624625,-0.639738
344,3.9669,0.389024,-0.608605
344,3.98978,0.394671,-0.616928
344,4.89614,1.62891,1.44199
344,3.97924,0.801865,-0.681554
344,4.04024,1.75025,-0.57111
344,4.04715,0.932369,-0.603206
344,4.06252,0.947351,-0.580084
344,4.0814,1.7593,-0.589628
344,4.10825,0.545201,-0.576334
344,4.088,0.67332,-0.629373
344,4.08219,0.584945,-0.645692
344,4.78451,1.41064,0.947302
344,4.62608,2.48315,0.595207
344,4.10801,0.961853,-0.649503
344,4.1128,0.935528,-0.640994
344,4.12581,0.96393,-0.618951
344,5.08688,1.25662,1.55343
344,4.61625,-1.13155,0.376268
344,4.162,0.426006,-0.6796
344,4.23486,0.634237,-0.581951
344,4.20719,1.44658,-0.631569
344,5.02172,0.998189,1.19902
344,4.8166,1.70594,0.702289
344,4.24713,0.768947,-0.636944
344,4.26412,1.41352,-0.636242
344,5.02698,1.69091,1.05823
344,4.81394,2.76932,0.588882
344,4.88679,1.7136,0.69023
344,4.3306,1.4207,-0.605623
344,5.29671,0.518996,1.43826
344,5.05036,1.49702,0.899015
344,4.94465,1.75058,0.650292
344,5.30977,0.523488,1.43295
344,5.22975,1.60944,1.28407
344,4.99281,0.984027,0.687153
344,5.10755,1.00994,0.933909
344,5.43629,-0.750517,1.57062
344,5.2345,0.393262,1.14598
344,5.36749,0.0177039,1.43245
344,5.46848,-1.17143,1.61821
344,5.26485,0.227665,1.18088
344,4.62182,-0.0448531,-0.292957
344,5.24472,-0.0308024,1.10582
344,5.04814,0.998004,0.687103
344,4.57445,1.76569,-0.390701
344,5.1518,1.5256,0.894232
344,5.1909,1.02071,0.946678
344,5.49118,-0.763765,1.56526
344,5.4617,-1.19478,1.45987
344,5.22421,1.27926,0.997173
344,5.18464,0.0383041,0.86243
344,5.4684,1.75645,1.54557
344,4.54671,1.38568,-0.567561
344,4.69588,-0.0749652,-0.306208
344,5.42687,-1.10965,1.31415
344,5.12504,1.01704,0.674225
344,5.49776,-1.19709,1.44922
344,5.22072,0.505699,0.861214
344,5.22453,0.0229806,0.846223
344,4.65737,2.65064,-0.361235
344,5.24423,-0.152767,0.879987
344,4.89342,-0.023352,0.0563407
344,4.88943,-0.0279693,0.0384694
344,5.24526,0.508878,0.861527
344,5.41569,-0.495422,1.20578
344,5.3348,-0.723252,1.01398
344,5.25871,0.684499,0.85806
344,5.37092,-0.969672,1.03723
344,4.75715,-0.0395205,-0.345085
344,5.07967,-1.56062,0.332628
344,5.3498,-0.495549,0.957623
344,5.123,-1.02306,0.424318
344,5.07978,1.52167,0.372564
344,5.48851,-0.483228,1.19814
344,5.45029,-1.01268,1.09218
344,5.17194,0.277719,0.499736
344,5.17786,0.0190368,0.500055
344,5.48048,-1.23261,1.14744
344,5.342,0.702542,0.853797
344,5.42037,-0.499792,0.951154
344,5.35911,0.527416,0.833739
344,5.23872,-0.434427,0.512764
344,5.42059,-0.981379,0.900736
344,5.20731,-1.04545,0.408246
344,5.48376,-0.993992,1.03247
344,4.84941,-0.0831845,-0.386244
344,4.713,1.3292,-0.65597
344,5.52466,-1.0542,1.09192
344,4.91787,0.441076,-0.241439
344,4.86217,-0.100937,-0.391974
344,5.28955,-0.304906,0.566809
344,5.47605,-1.00503,0.902833
344,4.96245,0.424458,-0.25078
344,5.3128,-1.23712,0.483397
344,5.33282,-0.309175,0.55512
344,5.21382,0.509019,0.306703
344,5.2952,-0.923745,0.42695
344,5.29322,-0.949131,0.420542
344,5.32328,-0.956996,0.466955
344,4.97068,1.36285,-0.264863
344,5.21344,0.502358,0.23015
344,5.40191,-1.0456,0.598839
344,5.21573,-0.641291,0.155974
344,5.28692,0.620392,0.348596
344,5.35856,-0.9602,0.457019
344,5.30534,0.621526,0.363993
344,5.13435,-0.0250318,-0.0486999
344,5.36858,-1.10385,0.415077
344,5.6005,-0.511491,0.932464
344,5.16974,-0.393422,-0.0476271
344,5.21945,0.029863,0.0275172
344,5.37335,-0.814041,0.329425
344,5.37667,-0.818991,0.324643
344,5.45628,-1.26187,0.466576
344,5.12661,0.386434,-0.299793
344,5.28843,0.0156481,0.000657558
344,5.23456,2.08312,-0.073509
344,5.29369,0.0757282,-0.0320562
344,5.77736,-1.28642,1.01337
344,5.284,-0.412058,-0.0905377
344,5.22214,1.20657,-0.192668
344,5.31474,-0.299919,-0.0937424
344,5.14459,-3.31497,-0.613313
344,5.2048,0.973179,-0.349731
344,5.85262,0.634217,1.0578
344,5.24306,-0.470121,-0.400461
344,5.4931,-3.39808,0.0484008
344,5.40566,-0.301626,-0.104245
344,5.58134,-2.06018,0.221415
344,5.26915,-2.71232,-0.5263
344,5.63059,-1.63143,0.306869
344,5.5967,-2.07596,0.215499
344,5.45731,0.549304,-0.0655128
344,5.30009,-2.71711,-0.551424
344,5.63552,-2.07272,0.213246
344,5.52484,0.208539,-0.00314212
344,5.35533,1.04974,-0.419906
344,5.67249,1.87171,-0.833167
344,2.89282,1.02062,-0.626821
343,2.89282,1.02062,-0.626821
344,3.11339,0.688628,-0.630934
343,3.11339,0.688628,-0.630934
344,3.39811,1.6185,-0.560039
343,3.39811,1.6185,-0.560039
344,2.86613,1.00985,-0.601104
343,2.86613,1.00985,-0.601104
344,5.14849,0.838106,0.314267
343,5.14849,0.838106,0.314267
344,2.85677,1.00636,-0.587201
343,2.85677,1.00636,-0.587201
344,5.11784,1.52121,0.307388
343,5.11784,1.52121,0.307388
344,3.4333,1.89248,-0.6239
343,3.4333,1.89248,-0.6239
344,3.97838,1.58683,-0.561789
343,3.97838,1.58683,-0.561789
344,5.16537,1.80974,-0.556113
343,5.16537,1.80974,-0.556113
344,4.13295,0.755215,-0.55462
343,4.13295,0.755215,-0.55462
344,3.2445,1.53635,-0.603394
343,3.2445,1.53635,-0.603394
344,3.86946,-1.47562,0.913996
343,3.86946,-1.47562,0.913996
344,5.07306,1.54303,0.337655
342,5.07306,1.54303,0.337655
344,5.15801,1.13735,1.24142
342,5.15801,1.13735,1.24142
344,3.96574,1.4822,-0.625625
342,3.96574,1.4822,-0.625625
344,3.63564,-0.932741,-0.82168
342,3.63564,-0.932741,-0.82168
344,4.54311,0.774315,-0.88733
342,4.54311,0.774315,-0.88733
344,3.6896,1.62805,-0.583737
342,3.6896,1.62805,-0.583737
344,4.38608,0.634502,-0.834495
342,4.38608,0.634502,-0.834495
344,5.12019,1.51643,0.307221
342,5.12019,1.51643,0.307221
344,3.49802,-1.45876,-0.537585
342,3.49802,-1.45876,-0.537585
344,5.24594,-0.0284891,1.10633
342,5.24594,-0.0284891,1.10633
344,3.4075,0.331669,-0.373868
342,3.4075,0.331669,-0.373868
344,5.11939,1.26624,0.237121
341,5.11939,1.26624,0.237121
344,5.1567,0.828332,0.55976
341,5.1567,0.828332,0.55976
344,5.13432,1.25883,0.862758
341,5.13432,1.25883,0.862758
344,5.14587,0.83213,0.569572
341,5.14587,0.83213,0.569572
344,4.206,0.570543,-0.74655
341,4.206,0.570543,-0.74655
344,5.48816,-1.21366,1.05107
341,5.48816,-1.21366,1.05107
344,5.34529,0.0186782,1.51644
340,5.34529,0.0186782,1.51644
344,3.71769,0.0930542,-0.628499
337,3.71769,0.0930542,-0.628499
344,5.32808,0.322989,0.0460655
336,5.32808,0.322989,0.0460655
344,3.93679,0.953605,-0.596251
336,3.93679,0.953605,-0.596251
344,3.62795,0.37872,-0.637503
336,3.62795,0.37872,-0.637503
344,5.11351,1.31592,0.278928
339,5.11351,1.31592,0.278928
344,5.04081,2.10317,0.0401547
339,5.04081,2.10317,0.0401547
344,4.80538,1.62724,1.15677
339,4.80538,1.62724,1.15677
344,5.28936,0.0682215,-0.2518
338,5.28936,0.0682215,-0.2518
344,5.05917,1.49733,0.336824
338,5.05917,1.49733,0.336824
344,4.48125,1.37197,-0.617811
338,4.48125,1.37197,-0.617811
344,5.47467,-0.675458,0.881854
338,5.47467,-0.675458,0.881854
344,5.21805,0.515925,0.299644
338,5.21805,0.515925,0.299644
344,5.28775,0.0883645,-0.235545
338,5.28775,0.0883645,-0.235545
344,5.22656,0.502795,8.64032e-05
166,5.22656,0.502795,8.64032e-05
344,5.33322,-0.307141,0.311373
166,5.33322,-0.307141,0.311373
344,5.42699,-1.10176,0.970419
335,5.42699,-1.10176,0.970419
344,5.18505,0.190161,-0.177911
334,5.18505,0.190161,-0.177911
345,1.74769,-0.0932391,1.24641
345,3.50862,-1.62464,1.21771
345,3.52353,-1.62043,1.21706
345,3.57628,-1.67724,1.09496
345,2.8987,-0.545885,-0.608182
345,3.5932,-1.62013,1.0975
345,3.60865,-1.66785,1.00818
345,3.02685,0.662371,-0.436482
345,3.0011,0.809104,-0.606332
345,3.01937,0.215812,-0.598771
345,3.02729,0.700433,-0.563677
345,3.80145,-1.5643,1.28651
345,3.03495,-0.42101,-0.602727
345,3.03712,-0.407852,-0.613786
345,3.0469,-0.40823,-0.600776
345,3.83905,-1.60545,1.29494
345,3.0774,0.622876,-0.556951
345,3.05523,0.644706,-0.618964
345,3.49494,-1.36151,0.368289
345,3.64371,-1.59135,0.72208
345,3.09141,-1.55654,-0.678869
345,3.08578,0.375725,-0.655497
345,3.66482,-1.59236,0.710315
345,3.1137,-1.5719,-0.702064
345,3.81648,-1.53802,1.0274
345,3.15921,-0.265393,-0.584807
345,3.39426,-1.07041,-0.0407279
345,3.58377,-1.24391,0.341522
345,3.25362,-0.693308,-0.476284
345,3.24933,-0.697176,-0.489249
345,3.85041,-1.5094,0.969709
345,3.50517,-1.49543,0.08918
345,3.21411,0.397548,-0.610592
345,3.26584,-2.05591,-0.646235
345,3.23334,1.74588,-0.561607
345,3.54337,-1.54274,0.0457585
345,3.8675,-1.56203,0.861101
345,3.41897,-1.39545,-0.277836
345,3.2742,-0.099761,-0.585837
345,3.28975,-1.23323,-0.638698
345,3.32976,0.334463,-0.528862
345,3.88391,-1.50737,0.767175
345,3.91224,-1.5019,0.838281
345,3.2914,0.465851,-0.640908
345,3.31286,0.582551,-0.603533
345,3.40764,-1.0903,-0.445621
345,3.41361,-1.09661,-0.45727
345,3.41439,-1.09584,-0.459386
345,3.41686,-1.41924,-0.474784
345,3.42949,-1.11054,-0.457345
345,3.38909,-2.1293,-0.614317
345,3.43186,-1.16127,-0.497883
345,3.44906,-1.20342,-0.482085
345,3.43851,-1.38313,-0.525546
345,3.4161,-0.314867,-0.536834
345,3.40435,-0.315022,-0.567036
345,3.34989,1.59983,-0.659977
345,3.42885,-0.542574,-0.594084
345,3.49011,-1.46147,-0.536009
345,3.46499,-0.303554,-0.560618
345,3.50157,-2.1647,-0.561066
345,3.4984,-1.74273,-0.622471
345,3.91141,-1.34053,0.393643
345,3.54108,-1.48255,-0.561988
345,3.50794,-0.319584,-0.596789
345,3.52667,-1.74817,-0.625094
345,3.55735,-1.48394,-0.576267
345,3.57458,-1.8001,-0.572452
345,3.5613,-2.05762,-0.672951
345,3.58584,-2.24328,-0.62705
345,3.89619,-1.09089,0.182248
345,3.59943,-1.53456,-0.615115
345,3.51841,0.651152,-0.736764
345,4.02795,-1.45993,0.38873
345,4.22307,1.14754,0.996048
345,3.61459,-0.0247289,-0.620053
345,3.61284,1.55141,-0.674953
345,3.71171,0.818038,-0.481616
345,3.62752,1.5857,-0.689047
345,3.67345,-0.0133562,-0.650176
345,3.64436,1.538,-0.653846
345,3.72214,-1.90012,-0.639046
345,4.1536,-1.36763,0.459083
345,4.12048,-1.18644,0.363332
345,3.71352,1.58716,-0.603106
345,3.7557,0.163006,-0.627071
345,3.76958,-0.00419447,-0.617743
345,3.77681,0.354804,-0.586784
345,3.80198,0.206052,-0.602405
345,4.41343,1.23455,0.98076
345,3.84405,0.370246,-0.62496
345,3.85939,0.210369,-0.633765
345,3.86222,1.51939,-0.625414
345,3.90041,0.493658,-0.614592
345,3.81017,1.22539,-0.849384
345,3.94529,1.41093,-0.638023
345,3.99381,1.52339,-0.540193
345,4.48394,-1.22969,0.41534
345,4.08192,0.804121,-0.615828
345,4.09466,0.438743,-0.628848
345,4.10652,0.815957,-0.627482
345,3.99187,1.31397,-0.970795
345,4.21016,0.361931,-0.493393
345,4.19964,0.594054,-0.577903
345,4.63151,2.49396,0.597182
345,4.2251,1.46347,-0.544418
345,4.34216,1.64269,-0.274987
345,4.68033,-1.25206,0.432545
345,5.14996,0.328676,1.67966
345,4.91983,1.63664,1.06212
345,5.0165,1.52601,1.29777
345,4.3076,0.386854,-0.553803
345,4.28419,0.67635,-0.614234
345,4.29166,0.785553,-0.64605
345,5.15372,1.0086,1.52958
345,5.22582,0.117168,1.64321
345,5.21443,1.54395,1.64103
345,5.25417,0.646179,1.68942
345,5.27288,0.170105,1.69292
345,5.2049,1.5906,1.57288
345,5.2458,0.436562,1.60878
345,4.96965,1.45318,0.914352
345,4.37507,0.90116,-0.620018
345,5.3168,-0.11147,1.69186
345,4.79728,-1.73088,0.279582
345,4.94568,1.66187,0.776458
345,4.51578,2.5039,-0.293733
345,5.22496,1.02352,1.27521
345,5.09514,0.997771,0.936776
345,4.48911,0.371053,-0.628645
345,4.97693,1.75027,0.661197
345,5.32981,0.0211381,1.43036
345,4.63124,-2.39971,-0.454218
345,5.36226,0.19131,1.50972
345,5.32932,0.529191,1.43868
345,5.33983,0.53306,1.45303
345,5.45811,-1.14614,1.66538
345,5.45338,-0.110999,1.69397
345,5.14494,1.00433,0.95534
345,5.36145,0.01689,1.42942
345,5.0613,0.994009,0.680757
345,5.15259,0.381154,0.865556
345,5.01664,-1.42453,0.414155
345,5.44168,-0.320225,1.53114
345,5.17061,0.495727,0.851628
345,5.41872,-0.556748,1.42923
345,5.19456,0.505086,0.881596
345,5.43413,-0.639358,1.42361
345,5.19288,1.19933,0.887541
345,5.2164,0.0273087,0.868233
345,4.99406,1.46657,0.368278
345,4.76998,-2.43604,-0.391799
345,5.21426,0.506339,0.86753
345,5.22331,-2.86888,0.713399
345,4.76035,-0.0818522,-0.341686
345,4.83661,-0.433851,-0.165809
345,5.50766,-1.19261,1.47393
345,5.33223,-0.71906,1.0161
345,5.11691,0.0271243,0.503992
345,5.34536,0.458428,1.09284
345,5.03482,1.30556,0.345888
345,5.1047,-0.0848782,0.439865
345,5.26971,0.519671,0.870033
345,5.35351,-0.723756,1.02123
345,5.3479,-0.493317,0.95773
345,5.5386,-1.18777,1.40749
345,5.073,1.49639,0.331239
345,5.10127,0.322493,0.345881
345,5.15674,-1.47459,0.401934
345,4.86104,-0.229757,-0.288687
345,4.96658,1.45125,0.0413226
345,5.31857,0.066881,0.829018
345,4.8372,-2.57797,-0.512931
345,5.3757,-0.979283,0.892973
345,5.50022,0.0440398,1.25217
345,5.38953,-0.991416,0.913234
345,5.13745,0.32658,0.332719
345,4.91339,-0.716845,-0.293809
345,5.2131,-0.946109,0.447305
345,5.35085,-2.94248,0.683923
345,5.42227,-0.990333,0.913628
345,5.16907,0.00736678,0.305832
345,5.17348,0.500326,0.323761
345,5.26007,-0.448357,0.489237
345,5.2673,0.0215358,0.485314
345,5.404,-1.16926,0.773017
345,4.97509,-0.724642,-0.293698
345,5.15421,0.380585,0.193535
345,5.42737,-1.17001,0.759672
345,5.3881,-0.49934,0.670681
345,5.29464,0.524472,0.448869
345,5.24208,1.58382,0.343026
345,5.49941,-3.21691,0.745267
345,5.25603,-0.47627,0.254447
345,5.27458,0.0219843,0.31939
345,5.48019,0.0474922,0.833044
345,5.24828,0.505265,0.256994
345,5.17295,1.01368,0.0876853
345,5.32955,-0.816689,0.34825
345,5.35498,0.533249,0.442408
345,5.5751,-0.507145,0.92383
345,5.02209,-2.70201,-0.590067
345,5.41938,-1.26294,0.465844
345,5.14638,0.0639711,-0.178582
345,5.31511,0.53792,0.239381
345,5.28033,-0.053178,0.0491226
345,5.78031,-3.48032,1.14144
345,5.21914,-3.43799,-0.283521
345,5.38406,-0.486956,0.225201
345,5.13259,-2.75828,-0.542106
345,5.27262,-0.051007,-0.124532
345,5.82688,-3.5014,1.09404
345,5.3006,-0.0385517,-0.108708
345,5.35981,0.20241,0.0476424
345,5.37886,-2.04611,-0.0260264
345,5.15799,1.40364,-0.462265
345,5.18814,-3.32836,-0.614586
345,5.38577,0.213423,0.0455546
345,5.75305,-1.02883,0.872991
345,5.51129,0.672126,0.323712
345,5.57367,-1.90483,0.326075
345,5.25871,-0.478799,-0.406867
345,5.59584,-1.61959,0.320746
345,5.54192,-3.4482,0.0294869
345,5.7252,-1.95467,0.294328
345,5.44607,-3.31669,-0.480718
345,5.55385,2.14649,0.0473553
345,5.30851,1.94355,-0.649103
345,5.72275,-1.96715,0.186986
345,5.6416,1.18093,0.107826
345,5.41926,-0.320356,0.213241
344,5.41926,-0.320356,0.213241
345,5.2018,-1.0405,0.410352
344,5.2018,-1.0405,0.410352
345,5.38501,-0.315925,0.553349
344,5.38501,-0.315925,0.553349
345,5.48516,-1.23548,1.14932
344,5.48516,-1.23548,1.14932
345,2.89082,0.955479,-0.584381
344,2.89082,0.955479,-0.584381
345,3.82117,-1.69626,-0.540575
344,3.82117,-1.69626,-0.540575
345,3.04274,1.39632,-0.626771
344,3.04274,1.39632,-0.626771
345,3.98253,-1.79356,-0.636326
344,3.98253,-1.79356,-0.636326
345,3.87469,-1.54682,0.853681
344,3.87469,-1.54682,0.853681
345,3.32094,1.79136,-0.627617
344,3.32094,1.79136,-0.627617
345,5.27364,-0.419929,-0.0813941
343,5.27364,-0.419929,-0.0813941
345,4.20708,1.04981,-0.621241
343,4.20708,1.04981,-0.621241
345,5.15706,0.876133,-0.0482412
343,5.15706,0.876133,-0.0482412
345,4.28561,-1.11834,0.402392
343,4.28561,-1.11834,0.402392
345,5.20556,0.381921,1.08436
343,5.20556,0.381921,1.08436
345,5.18874,1.08211,1.29279
343,5.18874,1.08211,1.29279
345,5.1504,1.55182,-0.528649
342,5.1504,1.55182,-0.528649
345,5.39228,-0.803174,-0.127561
342,5.39228,-0.803174,-0.127561
345,5.22067,-0.326954,-0.491048
342,5.22067,-0.326954,-0.491048
345,5.42559,-0.987683,1.32055
342,5.42559,-0.987683,1.32055
345,3.86166,1.22213,-0.624065
342,3.86166,1.22213,-0.624065
345,4.63176,1.30879,-0.616338
342,4.63176,1.30879,-0.616338
345,5.25411,0.385358,1.14223
341,5.25411,0.385358,1.14223
345,5.31469,-0.472664,1.54918
341,5.31469,-0.472664,1.54918
345,5.13801,1.13206,1.12259
340,5.13801,1.13206,1.12259
345,5.20156,1.20373,1.1027
340,5.20156,1.20373,1.1027
345,5.305,0.0721301,0.82772
340,5.305,0.0721301,0.82772
345,5.262,0.275909,0.492849
337,5.262,0.275909,0.492849
345,5.43037,-0.0320941,0.581403
338,5.43037,-0.0320941,0.581403
345,5.22364,1.55227,0.30029
338,5.22364,1.55227,0.30029
345,3.65339,0.609041,-0.627928
336,3.65339,0.609041,-0.627928
345,5.18443,0.836208,0.542876
166,5.18443,0.836208,0.542876
345,5.18694,0.948931,0.529901
166,5.18694,0.948931,0.529901
346,1.3154,-0.543792,1.19708
346,1.54439,-0.310938,1.12963
346,1.81209,-0.916229,0.967735
346,3.57805,-1.6413,1.224
346,3.51902,-1.5151,0.940791
346,3.51575,-1.52578,0.908372
346,3.59939,-1.68045,1.08327
346,3.6095,-1.70244,1.09073
346,3.61193,-1.69687,1.08756
346,3.6196,-1.6473,1.08624
346,3.55568,-1.54611,0.905668
346,3.62055,-1.67976,1.00866
346,3.0179,0.583946,-0.422977
346,3.04858,0.607698,-0.447125
346,3.63047,-1.5434,0.828837
346,3.45697,-1.35854,0.376934
346,3.05528,0.65836,-0.567431
346,3.47747,-1.49754,0.303581
346,3.49812,-1.21211,0.36113
346,3.47655,-1.49234,0.198863
346,3.1009,0.403172,-0.658521
346,3.15756,-0.281444,-0.591349
346,3.4963,-1.49246,0.099027
346,3.59071,-1.23705,0.337664
346,3.75738,-1.57423,0.751448
346,3.19781,0.419708,-0.599892
346,3.28041,-0.856248,-0.508075
346,3.52327,-1.50556,0.0780381
346,3.25587,-1.24057,-0.622148
346,3.24812,0.563366,-0.522348
346,3.2665,-1.22618,-0.632165
346,3.27051,-1.22094,-0.635929
346,3.88515,-1.52813,0.977705
346,3.34869,-0.818247,-0.413841
346,3.79295,-1.58049,0.698911
346,3.89907,-1.54109,0.972993
346,3.56371,-1.53175,0.0603447
346,3.86826,-1.56924,0.863115
346,3.63962,-1.58442,0.228216
346,3.38194,-1.09607,-0.426695
346,3.29502,-0.111918,-0.592841
346,3.57705,-1.56428,0.0292679
346,3.56806,-1.52568,-0.00155783
346,3.88953,-1.48706,0.851122
346,3.90143,-1.49431,0.831621
346,3.40536,-1.09505,-0.462714
346,3.23715,0.142097,-0.838
346,3.41832,-1.10715,-0.459388
346,3.61473,-1.7478,0.0119038
346,3.37281,-0.318852,-0.533493
346,3.60065,-1.65017,-0.0349903
346,3.9161,-1.4941,0.812595
346,3.92413,-1.52788,0.769283
346,3.77412,-1.17322,0.372042
346,3.46244,-1.459,-0.504438
346,3.54321,-1.54857,-0.33045
346,3.67001,-1.75893,-0.0302163
346,3.46654,-1.73753,-0.600299
346,3.69127,-1.75335,-0.0212048
346,3.4711,-1.74014,-0.611456
346,3.73261,-1.68361,0.061514
346,3.4924,-1.99976,-0.614048
346,3.50805,-1.73726,-0.587601
346,3.85574,-1.18369,0.38365
346,3.49676,-1.7445,-0.620597
346,3.51561,-2.04727,-0.656769
346,3.5197,-2.02763,-0.651068
346,3.44659,1.61926,-0.580124
346,3.83128,-1.66797,0.150836
346,3.64172,-1.55252,-0.360514
346,3.84688,-1.08399,0.189526
346,3.58472,-1.9764,-0.591251
346,3.61744,-1.63524,-0.512754
346,3.61682,-1.63823,-0.51681
346,3.60376,-1.81601,-0.596355
346,3.98222,-1.48044,0.385385
346,4.04064,-1.50555,0.478094
346,3.62274,0.330419,-0.562378
346,3.63582,-0.0210273,-0.637641
346,3.68893,0.0791861,-0.636043
346,3.69205,0.0757593,-0.635823
346,3.67141,1.55648,-0.575491
346,3.75061,-0.135089,-0.630418
346,3.92037,-1.60611,-0.38212
346,3.72982,1.55896,-0.649546
346,3.76868,0.254486,-0.669537
346,4.23924,-1.43505,0.4177
346,3.82409,0.0399868,-0.608965
346,3.9137,-1.64405,-0.567609
346,3.81581,1.50884,-0.576586
346,3.84328,0.389776,-0.61388
346,3.84218,0.212315,-0.642751
346,4.28814,-1.43621,0.401796
346,3.91774,1.4631,-0.494764
346,3.87189,1.55122,-0.726218
346,4.41145,-1.41363,0.398058
346,3.96332,1.54897,-0.555166
346,4.01136,0.393883,-0.579608
346,3.9795,0.644095,-0.659489
346,4.45349,-1.41212,0.391496
346,4.024,1.70082,-0.548805
346,4.05998,0.420613,-0.650235
346,4.07521,0.434692,-0.645658
346,4.1156,0.545249,-0.576983
346,4.7044,1.50129,1.05619
346,4.16987,0.47651,-0.537326
346,4.7462,1.52765,1.05823
346,4.13141,0.686526,-0.654929
346,4.87654,0.907189,1.1913
346,4.22696,1.41529,-0.505407
346,4.2983,0.702211,-0.632996
346,4.29449,0.804672,-0.665281
346,4.91318,0.914525,0.966214
346,4.33944,1.41776,-0.601649
346,4.93397,1.42373,0.91384
346,5.283,0.192042,1.73386
346,5.17819,0.496688,1.42101
346,4.92308,0.965563,0.749192
346,5.29868,0.64928,1.69584
346,5.20847,0.506399,1.43601
346,5.14617,1.06312,1.28972
346,5.26488,-0.15136,1.50355
346,4.93951,0.928273,0.696399
346,5.32547,0.119794,1.65969
346,5.31952,0.205154,1.62545
346,5.27115,-0.023893,1.43113
346,5.27107,0.0160208,1.43332
346,4.287,1.61696,-1.07862
346,5.37564,-0.745219,1.57117
346,5.30531,0.0224858,1.44566
346,5.25924,0.00853086,1.29865
346,5.40006,-1.04344,1.57348
346,5.3465,-0.662996,1.40569
346,5.34317,-0.667693,1.39312
346,5.37655,-0.670188,1.41663
346,5.37161,-0.658615,1.40096
346,5.38518,-1.10002,1.34517
346,5.18104,1.02943,0.957765
346,5.03863,1.74549,0.636314
346,5.08039,0.99344,0.6756
346,5.24981,0.564954,1.08871
346,5.17079,0.496747,0.869794
346,5.05818,1.76369,0.641718
346,5.18724,0.496743,0.872362
346,5.24433,-2.60542,0.697176
346,5.24817,-2.61472,0.696208
346,5.25061,-2.59282,0.703276
346,5.07695,-0.108291,0.442692
346,5.48772,-1.17461,1.41648
346,5.23205,0.509837,0.862008
346,5.03448,1.47599,0.357004
346,5.29097,-2.63822,0.68519
346,5.1409,-1.04506,0.413911
346,4.87164,0.322957,-0.1953
346,5.25124,0.507586,0.820085
346,5.24034,-3.06932,0.493722
346,5.32899,-2.95545,0.70945
346,5.14025,-0.103065,0.426637
346,5.37988,-0.723041,1.01488
346,5.17085,0.0108268,0.515044
346,5.38939,-0.73237,1.02114
346,5.3655,-0.49138,0.967429
346,5.16741,-0.000134021,0.471113
346,5.19071,-1.06561,0.435253
346,5.31961,0.0189882,0.867849
346,5.19606,-0.00194213,0.492764
346,5.37823,-0.480591,0.936741
346,5.43313,-0.977862,1.03952
346,5.22478,-3.0158,0.314723
346,5.3756,-2.96726,0.718555
346,5.30838,0.0553295,0.780657
346,5.09464,1.50833,0.325457
346,4.9132,0.389724,-0.25293
346,5.1325,-0.00144252,0.296843
346,5.37133,-0.499102,0.892317
346,5.49236,-1.0026,1.17347
346,5.35192,0.140675,0.871812
346,5.09044,0.977364,0.240789
346,5.32972,-0.424787,0.750676
346,5.39415,-3.36578,0.651621
346,5.43063,-0.991766,0.916039
346,5.43543,-0.492918,0.963041
346,5.13322,1.52629,0.321834
346,5.21887,-0.0952751,0.411371
346,5.43179,-0.984686,0.894647
346,5.17857,1.54631,0.418379
346,5.22665,-0.103801,0.40811
346,5.52466,-1.23607,1.07472
346,5.26261,-0.407213,0.433202
346,5.30954,-0.309777,0.563995
346,5.24165,-0.0933379,0.395576
346,5.34517,-2.98602,0.433486
346,5.32074,-0.309341,0.569481
346,5.27797,0.020058,0.478857
346,5.18106,0.495168,0.228639
346,5.2745,0.516012,0.47307
346,5.44232,1.37728,0.986012
346,5.24086,-0.738006,0.274041
346,5.22629,0.00378007,0.293437
346,5.36727,-3.03791,0.376008
346,5.73253,-3.49546,1.30811
346,5.72771,-3.48616,1.29597
346,5.3744,-0.492509,0.594397
346,5.35667,-1.26531,0.467006
346,5.22265,0.504442,0.245449
346,4.84083,1.40661,-0.714289
346,5.02484,-2.7228,-0.622163
346,5.13043,0.362074,-0.0898137
346,5.18369,0.817855,0.071329
346,5.31084,-0.0124578,0.299899
346,5.53194,-1.2219,0.771542
346,5.08866,-3.25995,-0.582744
346,5.33523,0.642795,0.361798
346,5.23918,0.515255,0.0879277
346,5.34118,-0.488961,0.233299
346,5.56439,1.42787,0.973153
346,5.11782,-3.29037,-0.605558
346,5.11392,2.48939,-0.152935
346,5.36069,-3.0448,0.0439278
346,5.45643,-1.28013,0.432462
346,5.32599,0.528983,0.230629
346,5.4623,-1.28126,0.431354
346,5.50152,-1.29825,0.466785
346,5.21885,0.0676503,-0.216366
346,5.34051,1.06646,0.178188
346,5.29735,-0.425359,-0.0870986
346,5.23787,-2.63639,-0.436367
346,5.24007,-2.63755,-0.437267
346,5.69244,-0.460956,0.937011
346,5.45153,-3.37467,0.0459328
346,5.27738,-3.38519,-0.450792
346,5.73609,-3.36187,0.742335
346,5.28115,-2.65743,-0.451155
346,5.29032,-2.6694,-0.450296
346,5.33678,-3.24949,-0.431903
346,5.20997,1.00993,-0.447404
346,5.57488,-2.05857,0.235412
346,5.60005,-1.91635,0.307816
346,5.2386,1.02077,-0.424265
346,5.26413,1.03387,-0.370798
346,5.37791,-3.27935,-0.459337
346,5.5453,0.704757,0.311062
346,5.64992,-1.93439,0.299377
346,5.58838,-1.93607,0.0665185
346,5.37246,1.06447,-0.422941
346,5.41994,1.07996,-0.468226
346,5.5008,1.92476,-0.773145
346,5.58294,1.93017,-0.809858
346,9.06168,5.0188,-0.503187
346,5.28957,0.908188,-0.094811
345,5.28957,0.908188,-0.094811
346,5.33156,0.719578,-0.33959
345,5.33156,0.719578,-0.33959
346,5.33094,0.134604,0.201978
345,5.33094,0.134604,0.201978
346,5.25174,0.0682839,1.18073
345,5.25174,0.0682839,1.18073
346,5.3708,-1.20767,1.15471
345,5.3708,-1.20767,1.15471
346,3.12619,0.663438,-0.624611
345,3.12619,0.663438,-0.624611
346,3.53207,-0.305615,-0.61581
345,3.53207,-0.305615,-0.61581
346,5.18161,1.52954,1.09175
345,5.18161,1.52954,1.09175
346,5.21143,0.837059,0.219705
345,5.21143,0.837059,0.219705
346,3.85927,0.694264,-0.593022
345,3.85927,0.694264,-0.593022
346,5.28238,-0.952124,0.431968
345,5.28238,-0.952124,0.431968
346,5.72693,-1.95433,0.291095
345,5.72693,-1.95433,0.291095
346,3.30545,-0.707151,-0.528651
345,3.30545,-0.707151,-0.528651
346,3.7871,1.60503,-0.567594
345,3.7871,1.60503,-0.567594
346,4.03376,0.712848,-0.609183
344,4.03376,0.712848,-0.609183
346,3.83688,0.699215,-0.614907
344,3.83688,0.699215,-0.614907
346,5.17516,1.45846,0.0324628
344,5.17516,1.45846,0.0324628
346,3.55018,0.36741,-0.571953
344,3.55018,0.36741,-0.571953
346,3.35286,-0.513126,-0.504702
344,3.35286,-0.513126,-0.504702
346,5.21816,0.549575,0.223481
342,5.21816,0.549575,0.223481
346,5.26052,0.018823,0.472983
342,5.26052,0.018823,0.472983
346,5.519,-1.00653,0.893863
342,5.519,-1.00653,0.893863
346,5.30732,-0.171164,1.03694
343,5.30732,-0.171164,1.03694
346,5.13809,1.51532,-0.0797876
343,5.13809,1.51532,-0.0797876
346,5.38462,-0.819964,0.715724
343,5.38462,-0.819964,0.715724
346,3.43017,-1.4363,-0.544385
343,3.43017,-1.4363,-0.544385
346,5.2736,0.0753679,-0.0988567
341,5.2736,0.0753679,-0.0988567
346,5.25217,0.223717,1.19524
341,5.25217,0.223717,1.19524
346,5.16942,0.823567,-0.187678
341,5.16942,0.823567,-0.187678
346,5.1493,1.58769,0.0776413
340,5.1493,1.58769,0.0776413
346,5.1711,0.879482,0.0637688
337,5.1711,0.879482,0.0637688
346,5.20238,0.823381,-0.0726916
337,5.20238,0.823381,-0.0726916
346,5.21705,-0.326336,-0.510781
338,5.21705,-0.326336,-0.510781
346,5.17081,0.914337,0.810604
338,5.17081,0.914337,0.810604
346,5.34049,-0.61113,1.31569
338,5.34049,-0.61113,1.31569
346,5.03259,1.40546,-0.0243979
338,5.03259,1.40546,-0.0243979
346,5.25282,0.164584,-0.208376
338,5.25282,0.164584,-0.208376
346,5.20632,0.321949,0.747461
339,5.20632,0.321949,0.747461
346,5.34632,-0.600354,1.52826
339,5.34632,-0.600354,1.52826
346,5.27787,1.04738,1.53309
339,5.27787,1.04738,1.53309
346,5.20599,1.28446,0.987115
339,5.20599,1.28446,0.987115
346,5.21032,0.504766,0.83341
335,5.21032,0.504766,0.83341
346,3.50653,-1.79503,-0.560531
336,3.50653,-1.79503,-0.560531
347,1.4602,-0.687287,1.1759
347,1.49773,-0.694021,1.23931
347,1.66881,-0.675617,1.14622
347,1.79784,-0.698345,1.1711
347,2.33827,-0.420284,1.34379
347,2.27167,-0.604181,0.971285
347,2.27677,-1.00808,0.824071
347,2.28557,-1.01005,0.821716
347,2.29061,-1.01021,0.820958
347,2.97007,-0.493982,0.457152
347,3.2788,-1.37456,0.581144
347,3.51841,-1.63359,1.1848
347,3.52822,-1.6157,1.17904
347,3.55307,-1.64234,1.23374
347,3.62007,-1.61035,1.24511
347,3.63885,-1.58848,1.27166
347,3.64511,-1.58439,1.27518
347,3.59656,-1.57906,1.11358
347,3.60556,-1.63114,1.07565
347,3.63276,-1.58876,1.10601
347,3.6285,-1.64272,1.07907
347,3.67856,-1.67241,1.20868
347,3.64586,-1.58692,1.1097
347,3.60534,-1.62595,0.970321
347,3.07861,0.141472,-0.408023
347,3.6625,-1.71324,1.08564
347,3.67425,-1.72556,1.0919
347,3.63669,-1.63044,0.97142
347,3.7152,-1.60973,1.20584
347,3.59244,-1.55452,0.835258
347,3.64694,-1.63719,0.971529
347,3.6916,-1.73264,1.09198
347,3.68221,-1.7371,1.05131
347,3.5078,-1.35316,0.573876
347,3.69307,-1.58296,1.05997
347,3.63766,-1.56696,0.893509
347,3.68319,-1.69566,1.00986
347,3.74845,-1.61865,1.20159
347,3.69314,-1.70111,1.01212
347,3.64388,-1.55326,0.840295
347,3.52158,-1.40291,0.482809
347,3.7395,-1.74235,1.07122
347,3.46613,-1.25682,0.300292
347,3.76442,-1.56423,1.1456
347,3.62364,-1.55235,0.72116
347,3.64024,-1.58205,0.757453
347,3.70252,-1.60771,0.936139
347,3.67636,-1.56014,0.843835
347,3.43733,-0.444815,0.271414
347,3.49765,-1.26387,0.308855
347,3.6647,-1.49806,0.767532
347,3.67431,-1.49914,0.765621
347,3.67445,-1.48918,0.765497
347,3.48911,-1.49145,0.196184
347,3.5298,-1.26815,0.284097
347,3.72217,-1.45735,0.780178
347,3.29135,0.0734078,-0.333176
347,3.30421,0.173717,-0.283278
347,3.36254,0.564635,-0.134269
347,3.60882,-0.533635,0.460737
347,3.60398,-1.42622,0.299698
347,3.54218,0.55778,0.286829
347,3.73186,-1.52368,0.569543
347,3.37979,-1.09325,-0.431483
347,3.68874,-1.45776,0.427145
347,3.83345,-1.54295,0.831707
347,3.65163,-1.62799,0.262629
347,3.84929,-1.54717,0.82817
347,3.70946,-1.45699,0.415428
347,3.83603,-1.49696,0.786894
347,3.76546,-1.52495,0.565057
347,3.67384,-1.382,0.30398
347,3.88279,-1.49259,0.8534
347,3.60561,0.589316,0.273935
347,3.31255,0.437158,-0.669098
347,3.73323,-1.66673,0.317519
347,3.38788,-0.315568,-0.574327
347,3.48623,0.416343,-0.332985
347,3.49,-1.17705,-0.533002
347,4.01025,-0.246726,1.13792
347,3.78155,-0.534326,0.405875
347,3.71512,-1.69953,-0.0210162
347,3.55142,0.584487,-0.226843
347,3.54011,-1.48862,-0.57176
347,3.81468,-1.41548,0.250639
347,3.77143,-1.60773,0.0710562
347,3.55839,-1.78672,-0.62209
347,3.5565,-1.75244,-0.623896
347,3.85695,-1.58791,0.250746
347,3.58715,0.646852,-0.276524
347,3.54741,0.248855,-0.455479
347,3.93609,-1.28263,0.413705
347,3.90411,-1.60107,0.241896
347,3.92925,-1.1927,0.350541
347,3.93643,-1.20239,0.348803
347,3.61361,0.553118,-0.418465
347,3.60703,0.577548,-0.443038
347,3.97251,-1.28891,0.405324
347,3.95259,-1.19683,0.329428
347,3.59246,-0.329012,-0.659168
347,4.05919,-1.60994,0.503089
347,4.20407,-0.133753,1.03534
347,4.3521,-0.149395,1.40051
347,3.70065,0.0382216,-0.540255
347,3.789,-1.5382,-0.48245
347,4.11096,-0.263056,0.634284
347,4.43105,-2.67422,1.27987
347,3.80305,-1.54935,-0.49485
347,3.80808,-1.54892,-0.501419
347,3.74324,1.31515,-0.387947
347,3.71079,-0.000794768,-0.698962
347,3.8,0.402997,-0.385572
347,3.72103,-0.0249661,-0.685779
347,4.16951,-0.18655,0.529601
347,4.06008,-0.4375,0.000586867
347,4.24792,1.23333,0.771901
347,4.20819,-1.18359,0.330094
347,4.43566,-0.727299,1.06086
347,4.24067,-0.177991,0.517247
347,3.88305,0.229311,-0.673306
347,4.33147,-1.44802,0.366658
347,4.64242,0.794831,1.50353
347,4.65319,-0.6277,1.28964
347,4.34174,-1.96133,0.0790232
347,4.44321,1.3496,0.722378
347,4.05044,0.419923,-0.656306
347,4.4722,-1.47277,0.342388
347,4.30425,1.05896,0.148933
347,4.34833,-3.06826,-0.256647
347,4.04989,0.442561,-0.698223
347,4.5384,-1.48687,0.32588
347,4.52999,-0.111636,0.447954
347,4.14085,0.468221,-0.684326
347,4.56785,1.24496,0.658406
347,4.89212,-0.0975412,1.4041
347,4.58887,-1.50088,0.310486
347,4.17184,0.580906,-0.743822
347,4.93054,-0.094168,1.40903
347,4.59553,0.644559,0.327355
347,4.25426,0.505545,-0.744792
347,4.63138,1.22559,0.459906
347,4.52748,1.19397,0.0874848
347,4.31539,0.638449,-0.631556
347,4.49388,1.74198,0.0440179
347,5.09163,0.0518512,1.59497
347,4.88261,-0.72868,0.84262
347,4.8662,0.396566,0.897858
347,5.01698,-2.94606,0.834676
347,5.2403,-1.13902,1.71388
347,4.31825,0.163842,-0.936404
347,4.70915,-2.39399,-0.2132
347,4.91711,-0.960389,0.531916
347,5.06226,-2.52313,0.728358
347,4.89699,-1.07595,0.397288
347,4.87102,-0.103487,0.333846
347,5.30449,0.129537,1.64142
347,4.9172,-0.054905,0.320024
347,4.97116,-0.0829715,0.298847
347,5.0822,-0.945903,0.470638
347,4.58976,0.946908,-0.84878
347,5.16856,1.02074,0.88838
347,5.16619,-0.0141504,0.6607
347,5.5674,-1.10272,1.71762
347,4.93486,-3.16018,-0.513577
347,5.25853,-3.02688,0.34028
347,5.62676,-1.06094,1.64621
347,5.26459,-1.06927,0.444285
347,4.73111,1.08389,-0.907876
347,5.04925,-3.25835,-0.545433
347,5.43311,0.618766,1.0981
347,5.21927,-2.76431,-0.000618577
347,5.16242,0.487866,0.241868
347,5.53784,-0.48527,1.17228
347,5.63926,0.0822267,1.54013
347,5.40688,-2.7959,0.418179
347,5.07347,-2.72448,-0.637623
347,5.51563,-0.479317,0.946289
347,5.09698,-2.76033,-0.648808
347,5.73452,0.652932,1.54653
347,5.5151,1.16564,0.921658
347,5.34112,-2.72679,-0.11544
347,5.87283,-1.0208,1.68322
347,4.92165,1.1699,-1.00496
347,5.25354,-2.84275,-0.593781
347,5.82454,0.110572,1.4529
347,5.71579,-3.15782,0.673328
347,5.35379,-3.24665,-0.451739
347,5.32511,-2.67624,-0.471166
347,5.34474,-2.68429,-0.481475
347,5.33429,-3.78576,-0.716243
347,5.6916,0.117495,0.807478
347,5.04504,1.27,-1.0375
347,5.63318,-3.49489,-0.00652683
347,5.60874,-1.94178,0.0678517
347,5.11344,1.29855,-1.07749
347,5.13472,1.22142,-1.16326
347,5.62793,0.626841,0.213844
347,5.6796,0.6342,0.145297
347,5.72706,0.0919683,0.109524
347,5.79824,-1.96559,0.015987
347,5.73522,-3.77052,-0.497632
347,6.22564,0.821266,1.4933
347,6.17575,0.786794,0.737842
347,5.98864,-3.97784,-0.59791
347,6.09485,0.768249,0.117265
347,6.10343,-4.19651,-0.661368
347,6.0042,0.79619,-0.369515
347,5.98795,2.80247,-0.247848
347,6.795,0.98911,1.55086
347,6.49573,-1.41428,0.2218
347,6.68204,-1.45157,0.203346
347,6.97472,-1.4133,1.01505
347,6.71039,-1.44906,0.180883
347,7.38011,1.17551,0.688214
347,7.22627,3.38391,-0.40013
347,7.99282,-1.49635,0.947051
347,5.24312,0.336167,0.296759
346,5.24312,0.336167,0.296759
347,5.27834,0.714718,0.0970838
346,5.27834,0.714718,0.0970838
347,5.24249,0.333706,1.43274
346,5.24249,0.333706,1.43274
347,5.25617,0.839275,-0.0996391
346,5.25617,0.839275,-0.0996391
347,3.2668,-0.730276,-0.497896
346,3.2668,-0.730276,-0.497896
347,6.57878,-2.78277,-0.265595
346,6.57878,-2.78277,-0.265595
347,5.26603,0.340344,0.293393
346,5.26603,0.340344,0.293393
347,5.28036,-0.00413033,0.720186
346,5.28036,-0.00413033,0.720186
347,3.43662,0.353719,-0.617779
346,3.43662,0.353719,-0.617779
347,5.35665,-0.0832189,0.379097
346,5.35665,-0.0832189,0.379097
347,5.52411,-0.73118,1.00548
346,5.52411,-0.73118,1.00548
347,5.16433,1.00769,1.62872
346,5.16433,1.00769,1.62872
347,5.21834,-0.486365,0.262315
346,5.21834,-0.486365,0.262315
347,5.20393,-0.841736,1.68562
346,5.20393,-0.841736,1.68562
347,5.46512,-0.682856,1.69941
346,5.46512,-0.682856,1.69941
347,5.20299,-3.28802,-0.581275
346,5.20299,-3.28802,-0.581275
347,3.6155,-0.0246496,-0.620933
346,3.6155,-0.0246496,-0.620933
347,5.24535,-3.35873,-0.441889
346,5.24535,-3.35873,-0.441889
347,4.48992,1.56755,-0.657229
346,4.48992,1.56755,-0.657229
347,3.44468,-1.5904,1.22844
346,3.44468,-1.5904,1.22844
347,5.38782,-0.480283,0.942132
346,5.38782,-0.480283,0.942132
347,5.62069,-3.59902,-0.508215
346,5.62069,-3.59902,-0.508215
347,5.36326,-0.486676,-0.453091
345,5.36326,-0.486676,-0.453091
347,3.24738,0.455184,-0.609659
345,3.24738,0.455184,-0.609659
347,5.38983,-0.686198,0.7532
345,5.38983,-0.686198,0.7532
347,5.42346,-0.609841,1.5399
345,5.42346,-0.609841,1.5399
347,5.29868,-0.113143,1.68343
345,5.29868,-0.113143,1.68343
347,5.2242,0.621223,0.383495
345,5.2242,0.621223,0.383495
347,5.09927,1.50378,0.907444
345,5.09927,1.50378,0.907444
347,4.0428,-1.67821,1.28951
345,4.0428,-1.67821,1.28951
347,10.978,1.02267,-1.80258
344,10.978,1.02267,-1.80258
347,5.20349,0.673621,0.86472
344,5.20349,0.673621,0.86472
347,5.26978,0.0637737,-0.235626
344,5.26978,0.0637737,-0.235626
347,4.25404,0.554724,0.852781
341,4.25404,0.554724,0.852781
347,5.37575,-0.615349,1.25085
341,5.37575,-0.615349,1.25085
347,5.3645,-0.495001,1.17742
341,5.3645,-0.495001,1.17742
347,5.32695,-0.31038,0.560128
341,5.32695,-0.31038,0.560128
347,5.14663,1.70331,-0.106104
341,5.14663,1.70331,-0.106104
347,5.0665,1.94697,-0.210909
341,5.0665,1.94697,-0.210909
347,5.54902,-0.246641,-0.689531
342,5.54902,-0.246641,-0.689531
347,3.56463,-0.885637,-0.752688
342,3.56463,-0.885637,-0.752688
347,5.26722,-0.0337678,1.10972
342,5.26722,-0.0337678,1.10972
347,5.17792,0.771755,0.635703
343,5.17792,0.771755,0.635703
347,5.33304,-0.301479,-0.0685106
343,5.33304,-0.301479,-0.0685106
347,3.36519,-0.985487,-0.505762
343,3.36519,-0.985487,-0.505762
347,5.41749,-0.979321,0.889964
343,5.41749,-0.979321,0.889964
347,5.20489,0.357094,-0.440633
338,5.20489,0.357094,-0.440633
347,5.26223,0.326395,1.11503
338,5.26223,0.326395,1.11503
347,5.46502,-1.23561,0.57771
338,5.46502,-1.23561,0.57771
347,5.30956,0.167193,-0.179338
340,5.30956,0.167193,-0.179338
347,5.23091,0.478655,-0.506593
340,5.23091,0.478655,-0.506593
347,5.15046,1.44915,-0.208852
340,5.15046,1.44915,-0.208852
347,5.3154,0.0174333,-0.0932732
339,5.3154,0.0174333,-0.0932732
347,5.36608,-0.0993974,-0.615454
337,5.36608,-0.0993974,-0.615454
348,1.59352,-1.02948,1.21638
348,2.21214,-0.938463,1.26681
348,3.04323,0.268486,-0.00137603
348,3.59682,-1.64572,1.07359
348,3.59814,-1.63079,1.07276
348,3.60401,-1.6255,1.06766
348,3.59145,-1.61156,0.970122
348,3.62187,-1.66933,1.00542
348,3.6215,-1.65934,0.994568
348,3.6242,-1.68794,0.997785
348,3.63506,-1.69282,1.00027
348,3.5757,-1.57146,0.715404
348,3.44367,-1.15979,0.35665
348,3.781,-1.59361,1.19557
348,3.73576,-1.57931,1.03903
348,3.47155,-1.21829,0.363424
348,3.14227,0.16083,-0.344031
348,3.47665,-1.22105,0.357665
348,3.82255,-1.59212,1.2387
348,3.79205,0.637474,1.43421
348,3.49688,-1.34991,0.35766
348,3.49841,-1.35312,0.360926
348,3.50697,-1.1734,0.333379
348,3.45782,-1.44318,0.111671
348,3.46351,-1.47155,0.0933577
348,3.80587,-1.54995,0.996715
348,3.80582,-1.55009,0.995737
348,3.80756,-1.51864,0.968719
348,3.22577,0.221473,-0.42532
348,3.76578,-1.51087,0.745142
348,3.76649,-1.55642,0.726774
348,3.81451,-1.48452,0.837844
348,3.24863,0.239605,-0.461346
348,3.79431,-1.48871,0.763769
348,3.56779,-1.55701,0.0691062
348,3.51797,-1.38594,-0.04772
348,3.86174,-1.48196,0.833366
348,3.93,-1.53392,0.968503
348,3.82143,-1.5522,0.635694
348,3.59655,-1.61681,0.0182016
348,3.60625,-1.56472,0.0501626
348,3.82323,-1.55146,0.636269
348,3.60331,-1.72214,-0.000837684
348,3.31108,-0.13982,-0.592848
348,3.61186,-1.52113,0.0293196
348,3.71589,-1.48066,0.313043
348,3.41423,-1.10352,-0.455859
348,3.41298,-1.15635,-0.476526
348,3.62353,-1.62529,0.0153794
348,3.63453,-1.73813,0.0204129
348,3.43971,-1.28096,-0.494527
348,3.68436,-1.53267,-0.027374
348,3.42229,-0.314685,-0.608739
348,3.49374,0.483344,-0.330866
348,3.75963,-1.66788,0.0709231
348,3.86561,-1.32285,0.389293
348,3.45085,0.253833,-0.579244
348,3.57648,-2.23174,-0.627693
348,3.59214,-1.58938,-0.562109
348,3.58539,-1.82408,-0.614009
348,3.50409,-0.475326,-0.664311
348,3.64936,-1.46629,-0.408402
348,3.59023,-1.83418,-0.617358
348,3.5798,-1.51854,-0.608745
348,3.84899,-1.08499,0.169411
348,3.57829,-1.51992,-0.621786
348,3.60921,-2.2148,-0.638642
348,3.62837,-2.22772,-0.656725
348,3.70932,-1.58152,-0.41828
348,3.56734,-0.331555,-0.647787
348,3.65175,-2.00476,-0.646819
348,3.6258,0.522272,-0.416155
348,4.15276,0.878719,0.992749
348,3.79974,-1.54627,-0.492737
348,3.68501,0.0781212,-0.63481
348,3.70563,0.30851,-0.565245
348,3.82227,-1.72268,-0.554745
348,3.84498,-1.73186,-0.557955
348,3.73713,0.266948,-0.65336
348,3.76985,-0.133794,-0.641427
348,3.82597,0.571166,-0.552483
348,3.86046,0.182275,-0.662009
348,3.9165,0.616921,-0.620082
348,4.592,0.717429,0.971164
348,4.79533,0.650814,1.48125
348,4.03496,-2.13832,-0.950543
348,4.27499,-0.328262,-0.0842496
348,4.03851,0.408334,-0.631439
348,4.63518,-2.10452,0.593245
348,4.52423,-1.11023,0.384205
348,4.53555,-0.608403,0.446431
348,4.56183,-1.09771,0.380218
348,4.15497,0.542206,-0.547103
348,4.12261,0.470926,-0.707453
348,4.82825,1.32034,0.914162
348,5.07082,0.955773,1.51349
348,5.0564,0.440417,1.40391
348,5.00672,0.877353,1.25979
348,4.54195,-0.276677,-0.231709
348,4.84406,-1.04866,0.431278
348,5.25898,0.0957149,1.64886
348,5.05098,-2.52228,0.719002
348,5.19805,0.00958061,1.44736
348,5.06779,0.0257161,1.09602
348,5.26925,0.117853,1.63254
348,5.29817,-1.09969,1.52233
348,5.33902,-0.486652,1.62656
348,5.07003,-0.204469,0.886144
348,5.40353,-1.13719,1.65523
348,5.16612,-0.0603563,1.098
348,5.34504,-0.48871,1.51373
348,5.35242,0.221615,1.61392
348,5.44848,-1.11884,1.65696
348,4.99633,-1.16539,0.430276
348,4.93466,1.66999,0.642787
348,5.46992,-1.08868,1.71199
348,5.00434,-1.15606,0.432745
348,5.25437,-0.733123,1.01554
348,5.02998,-0.0473915,0.496369
348,5.46025,-0.737511,1.55639
348,5.31896,-0.493839,1.17658
348,5.51387,-3.34072,1.29413
348,5.08819,-0.0201352,0.524572
348,5.52949,-0.778276,1.53711
348,5.30048,-0.736351,0.873822
348,5.02243,1.44151,0.41474
348,5.24043,0.511621,0.86136
348,5.38119,-0.981271,1.03434
348,5.38424,-0.9749,1.03069
348,5.34857,-0.495709,0.956993
348,5.26575,0.52298,0.85012
348,5.3116,0.0248527,0.858282
348,5.57452,-3.33401,1.09376
348,5.18168,-0.118968,0.411907
348,5.34066,-2.97024,0.430216
348,5.38431,-0.487403,0.879545
348,4.72607,0.469793,-0.781877
348,5.23863,1.05248,0.642299
348,5.42264,-1.07359,0.836498
348,5.34294,-0.65011,0.640909
348,5.01899,-2.70469,-0.563215
348,5.50841,-3.00339,0.6689
348,5.3637,-3.10793,0.254219
348,5.3967,0.577332,0.82514
348,5.31508,-2.67731,0.163397
348,5.11082,-0.0858641,-0.0472832
348,5.11203,-0.0838019,-0.0496542
348,5.35074,-0.304233,0.561959
348,5.62964,-1.04233,1.21079
348,5.08471,-3.6136,-0.607528
348,5.34457,-2.76713,0.196157
348,5.04965,-2.74054,-0.596666
348,5.206,-0.500203,0.105536
348,5.41891,-0.494862,0.659547
348,5.42245,-1.04867,0.588377
348,5.40156,-3.13058,0.247365
348,5.15341,-2.25918,-0.306991
348,5.09852,-3.27344,-0.60127
348,5.32356,-2.68296,0.0696255
348,5.30851,-2.72986,0.0221635
348,5.55977,-0.97918,0.879419
348,5.18803,-0.441941,-0.0510103
348,5.52614,-1.17497,0.751351
348,5.14202,-2.76618,-0.547211
348,5.23011,-3.16946,-0.398183
348,5.57974,-0.461425,0.899889
348,5.4994,-1.0471,0.584984
348,5.39893,0.0431702,0.456154
348,5.20023,-3.484,-0.648832
348,5.33014,-3.50882,-0.33898
348,5.73494,-1.23234,1.0563
348,5.30582,-2.36443,-0.267043
348,5.67761,-0.969596,0.893696
348,5.51879,-1.28813,0.414277
348,5.2872,-0.427526,-0.0968159
348,5.28138,-2.34411,-0.375815
348,5.34988,0.553235,0.189831
348,5.23312,-2.87355,-0.597021
348,5.39376,0.0388726,0.192917
348,5.54012,-1.29098,0.398991
348,5.53638,-0.28115,0.513356
348,5.34751,-3.24458,-0.451987
348,5.33433,-2.37779,-0.387084
348,5.87551,-0.358814,1.30448
348,5.59338,-1.29291,0.379447
348,5.64993,-1.05024,0.540162
348,5.53282,0.610539,0.408904
348,5.32819,-0.481101,-0.32184
348,5.34837,-3.68906,-0.723845
348,5.31388,-0.485521,-0.438202
348,5.54131,0.730855,0.302802
348,5.43262,0.0459582,-0.136247
348,5.44655,-2.50556,-0.450654
348,5.47058,-2.53111,-0.447229
348,5.50773,0.254254,0.0018822
348,5.91424,-0.419076,0.874935
348,5.51983,0.133771,-0.113968
348,5.53799,0.138353,-0.115965
348,5.5282,0.673119,-0.220825
348,5.62053,-2.63818,-0.560577
348,5.47474,2.05223,-0.714197
348,6.22257,-0.971225,0.840631
348,5.95265,1.35428,0.300422
348,5.86095,-2.37466,-0.682527
348,6.08487,0.958425,0.182382
348,6.01557,0.860756,-0.386624
348,6.15365,1.50665,-0.753643
348,5.28752,0.00603883,0.0995707
347,5.28752,0.00603883,0.0995707
348,5.26992,-0.164436,-0.319925
347,5.26992,-0.164436,-0.319925
348,3.43988,-1.99688,-0.604575
347,3.43988,-1.99688,-0.604575
348,5.26388,0.183749,0.520656
347,5.26388,0.183749,0.520656
348,3.74022,0.0549881,-0.603021
347,3.74022,0.0549881,-0.603021
348,3.4254,-1.5678,1.15227
347,3.4254,-1.5678,1.15227
348,3.65209,-1.54612,0.119142
347,3.65209,-1.54612,0.119142
348,5.27758,0.0135273,1.20475
347,5.27758,0.0135273,1.20475
348,4.81902,-1.16907,1.13338
347,4.81902,-1.16907,1.13338
348,3.33308,-0.578939,-0.51649
347,3.33308,-0.578939,-0.51649
348,5.30316,0.00853956,0.635406
347,5.30316,0.00853956,0.635406
348,3.30856,-0.862174,-0.519966
347,3.30856,-0.862174,-0.519966
348,5.45753,-1.59121,0.336452
347,5.45753,-1.59121,0.336452
348,5.22971,-2.96894,0.311322
347,5.22971,-2.96894,0.311322
348,4.9314,-3.31369,-0.526444
347,4.9314,-3.31369,-0.526444
348,3.77012,-1.57969,1.22101
347,3.77012,-1.57969,1.22101
348,3.60191,-1.52114,1.22173
347,3.60191,-1.52114,1.22173
348,3.59615,-0.0315244,-0.604226
347,3.59615,-0.0315244,-0.604226
348,3.65579,-1.569,0.822771
347,3.65579,-1.569,0.822771
348,4.1509,1.52448,-0.624143
347,4.1509,1.52448,-0.624143
348,4.97035,1.58936,1.38206
347,4.97035,1.58936,1.38206
348,3.79085,-1.61608,1.21178
347,3.79085,-1.61608,1.21178
348,3.72395,-1.61042,1.28586
347,3.72395,-1.61042,1.28586
348,5.17176,1.54399,0.901633
347,5.17176,1.54399,0.901633
348,5.30188,0.0741095,1.17354
346,5.30188,0.0741095,1.17354
348,5.20182,1.46535,-0.368226
346,5.20182,1.46535,-0.368226
348,5.04977,1.21521,0.998402
346,5.04977,1.21521,0.998402
348,5.3453,-0.447544,1.29756
345,5.3453,-0.447544,1.29756
348,5.30386,-0.0350082,0.589146
345,5.30386,-0.0350082,0.589146
348,5.26581,0.0821781,0.59368
345,5.26581,0.0821781,0.59368
348,5.2329,0.442805,1.09253
345,5.2329,0.442805,1.09253
348,3.54174,-1.93016,-0.608447
345,3.54174,-1.93016,-0.608447
348,4.379,1.53512,-0.641302
345,4.379,1.53512,-0.641302
348,3.28587,-0.719398,-0.509484
344,3.28587,-0.719398,-0.509484
348,5.25557,0.185627,-0.210401
344,5.25557,0.185627,-0.210401
348,5.36941,-0.304497,0.553138
344,5.36941,-0.304497,0.553138
348,5.00359,1.67812,1.05598
344,5.00359,1.67812,1.05598
348,5.18067,-1.05377,0.447313
344,5.18067,-1.05377,0.447313
348,5.3906,-0.685488,0.744831
341,5.3906,-0.685488,0.744831
348,5.25632,0.513591,0.0853522
341,5.25632,0.513591,0.0853522
348,5.28404,0.0100853,0.311221
341,5.28404,0.0100853,0.311221
348,5.32264,-0.102398,1.5414
341,5.32264,-0.102398,1.5414
348,5.39272,-0.0314998,-0.632863
342,5.39272,-0.0314998,-0.632863
348,5.16519,1.01699,0.672232
342,5.16519,1.01699,0.672232
348,5.39562,-0.806871,-0.135074
342,5.39562,-0.806871,-0.135074
348,5.10248,1.56191,1.55673
342,5.10248,1.56191,1.55673
348,5.35373,-0.512272,0.730162
343,5.35373,-0.512272,0.730162
348,5.1465,1.43842,-0.351022
343,5.1465,1.43842,-0.351022
348,5.36914,-0.514872,0.735462
343,5.36914,-0.514872,0.735462
348,5.26001,0.514073,0.293178
338,5.26001,0.514073,0.293178
348,5.27183,0.20831,-0.512751
338,5.27183,0.20831,-0.512751
348,5.32055,0.0197134,0.280526
338,5.32055,0.0197134,0.280526
348,5.30794,-0.169331,1.41569
340,5.30794,-0.169331,1.41569
348,5.19416,1.01802,0.0472134
340,5.19416,1.01802,0.0472134
348,5.31945,0.188579,0.329692
339,5.31945,0.188579,0.329692
348,5.26063,0.0861994,1.61123
339,5.26063,0.0861994,1.61123
349,3.49296,-1.62074,1.2161
349,3.60178,-1.68996,1.07375
349,3.56844,-1.57148,0.966587
349,3.60559,-1.64901,1.06254
349,3.59711,-1.676,0.994317
349,3.42749,-1.23865,0.36597
349,3.57217,-1.56894,0.723373
349,3.44801,-1.15708,0.347981
349,3.80705,-1.58365,1.28204
349,3.49107,-1.34809,0.35438
349,3.7641,-1.58385,1.02766
349,3.79874,-1.54128,1.00459
349,3.57084,-1.6044,0.168036
349,3.57727,-1.5698,0.138587
349,3.59029,-1.53124,0.171553
349,3.80301,-1.488,0.732452
349,3.851,-1.55121,0.820271
349,3.68753,0.455077,0.548131
349,3.56677,-1.72128,-0.00313938
349,3.3925,-1.10046,-0.435427
349,3.56588,-1.57762,-0.00656378
349,3.62507,-1.62634,0.144933
349,3.9067,-1.535,0.92684
349,3.90324,-1.54818,0.915831
349,3.73794,-1.52262,0.432847
349,3.59537,-1.69542,0.0178484
349,3.75506,-1.58174,0.470047
349,3.86246,-1.50813,0.77468
349,3.69095,-1.57974,0.288802
349,3.75742,-1.58391,0.472636
349,3.64216,-1.56032,0.139177
349,3.60573,-1.52399,0.0155029
349,3.71722,-1.15102,0.361862
349,3.60118,-1.72553,-0.0233574
349,3.61152,-1.70924,0.00534952
349,3.87759,-1.50016,0.757215
349,3.8811,-1.51565,0.762729
349,3.62149,-1.58657,0.0325722
349,3.41817,-1.15917,-0.494406
349,3.60471,-1.61159,-0.0215948
349,3.78345,-1.52871,0.48315
349,3.44219,-1.37165,-0.508795
349,3.52317,-1.44696,-0.296117
349,3.44336,-1.28183,-0.505689
349,3.6272,-1.61574,-0.0340164
349,3.77764,-1.28292,0.392693
349,3.63539,-1.61651,-0.050339
349,3.478,0.578302,-0.315775
349,3.75401,-1.53574,0.241547
349,3.796,0.578065,0.556238
349,3.84123,0.511037,0.646488
349,3.72369,-1.67236,0.0935273
349,3.7708,-1.5883,0.22129
349,3.81251,-1.17004,0.368664
349,3.75565,-1.67205,0.0797696
349,3.88949,-1.34548,0.390019
349,3.51805,-0.322504,-0.588812
349,3.91506,-1.35302,0.385276
349,3.92324,-1.38876,0.373118
349,3.53696,-0.31744,-0.612421
349,3.55014,-0.332793,-0.622802
349,3.57267,-0.332392,-0.655921
349,3.98676,-1.19315,0.369659
349,4.02221,-1.30595,0.378996
349,3.74967,-1.57708,-0.441747
349,3.63541,-0.0196328,-0.640226
349,3.63547,-0.0194525,-0.642384
349,3.78268,-1.58751,-0.472236
349,3.66775,-0.0403275,-0.655522
349,3.71252,0.303888,-0.56751
349,3.80584,-1.5896,-0.497817
349,3.70829,0.104621,-0.618901
349,3.81385,-1.55011,-0.507947
349,3.7734,-0.139656,-0.63647
349,3.77559,0.232124,-0.610448
349,3.79062,0.344984,-0.596899
349,3.81381,0.363469,-0.589506
349,3.81565,-0.00241065,-0.637059
349,3.81281,-0.119833,-0.672253
349,3.8601,0.574704,-0.576906
349,3.85183,0.179173,-0.654462
349,3.92492,0.831968,-0.514161
349,3.90648,0.0613551,-0.666504
349,3.9122,0.0819361,-0.688917
349,3.96007,0.906368,-0.509736
349,3.9743,0.91484,-0.50411
349,4.04465,0.433255,-0.659269
349,4.14761,0.425815,-0.609692
349,4.13207,0.469753,-0.700557
349,4.93966,1.14566,1.53894
349,4.21932,0.653203,-0.574699
349,4.27344,0.797986,-0.667913
349,4.30547,1.37325,-0.591233
349,5.08778,0.959279,1.51248
349,5.10191,-0.0246118,1.41981
349,4.31806,0.828255,-0.687731
349,5.14474,0.293138,1.48272
349,5.16291,0.28487,1.47754
349,5.33946,-0.859641,1.69802
349,4.64031,-0.353766,-0.259161
349,5.32505,-0.489483,1.62972
349,5.21911,0.49851,1.42344
349,5.31301,-0.748998,1.55149
349,4.65166,-0.262179,-0.263188
349,5.31593,-0.493226,1.51795
349,5.32704,-0.5361,1.53097
349,5.29923,0.0179601,1.50258
349,5.35356,-0.80258,1.55407
349,5.38212,-1.16147,1.59879
349,5.34458,-0.493863,1.51305
349,5.37142,-0.988123,1.53756
349,5.20755,-0.0619337,1.10949
349,5.02211,0.931076,0.675902
349,5.40116,-0.80025,1.55309
349,5.42531,-1.04289,1.55915
349,5.46765,-0.669666,1.68898
349,5.34397,-0.672726,1.32544
349,5.43054,-0.751316,1.55284
349,5.30041,0.265382,1.27727
349,4.75106,-0.232341,-0.315042
349,5.24878,-0.0469422,1.08442
349,5.24632,0.55514,1.07814
349,5.31748,-0.500852,1.17026
349,5.3372,-0.549951,1.20695
349,5.36712,-1.04091,1.21397
349,5.28698,-0.740263,1.00827
349,5.42646,-0.981915,1.3077
349,5.31813,-0.30527,1.05691
349,4.86955,0.242579,-0.194622
349,5.29742,-2.61902,0.692829
349,5.3567,-0.735302,1.00313
349,5.26336,0.523593,0.858493
349,4.88614,0.193468,-0.250998
349,5.34777,-0.489646,0.961744
349,4.89968,-0.162201,-0.291137
349,5.33364,0.0296847,0.855485
349,5.60666,-3.41311,1.2814
349,5.37659,-2.78733,0.692639
349,4.89545,-2.31995,-0.627954
349,5.36486,-0.422743,0.861873
349,5.41629,-0.9921,0.905289
349,5.20854,-0.110696,0.411092
349,5.31425,0.00283623,0.714209
349,5.41908,-0.98173,0.886901
349,5.41125,-0.4777,0.909811
349,5.429,-3.37436,0.625503
349,5.44782,-3.16832,0.679918
349,5.40291,-0.682051,0.740721
349,5.441,-3.37201,0.578134
349,5.05837,-3.5903,-0.522757
349,5.00352,-0.0112162,-0.350747
349,5.29595,-2.94818,0.175429
349,5.31776,-2.81089,0.248199
349,5.38889,-1.0447,0.604398
349,5.51893,-3.24105,0.752692
349,5.30183,-2.80211,0.181345
349,5.35889,-0.685309,0.536679
349,5.38326,-1.0373,0.563993
349,5.1931,1.00345,0.206619
349,5.5164,-0.979924,0.894199
349,5.37402,-0.296796,0.549188
349,5.51092,-0.464195,0.896733
349,5.08636,-3.6026,-0.595999
349,5.32725,-0.824942,0.335309
349,5.25194,0.514718,0.223285
349,5.10348,-3.62263,-0.60667
349,5.44118,-3.59774,0.316418
349,5.44155,-2.41418,0.429192
349,5.78961,-3.51918,1.28603
349,5.31009,-0.4854,0.234987
349,5.22116,-3.43829,-0.306607
349,5.34022,0.0193492,0.29727
349,5.32755,0.0410115,0.252618
349,5.22079,-3.53841,-0.402089
349,5.24721,-0.43336,-0.0536913
349,5.62896,-3.31233,0.729086
349,5.31586,0.532104,0.227435
349,5.34768,-3.1166,-0.0444069
349,5.25309,-0.428964,-0.0675931
349,5.31776,0.546667,0.204241
349,5.35106,-2.76857,-0.0247418
349,5.38941,-0.304326,0.277403
349,5.16334,-3.32424,-0.663002
349,5.1695,-3.30925,-0.650488
349,5.27776,-3.34703,-0.372678
349,5.26782,-3.21273,-0.40257
349,5.19249,-2.65658,-0.578228
349,5.23738,-2.67394,-0.457672
349,5.4519,0.591731,0.421553
349,5.32357,-3.51914,-0.342567
349,5.27676,0.51834,-0.102142
349,5.27615,-2.67039,-0.455765
349,5.32413,-0.415154,-0.116449
349,5.69944,-0.976821,0.874002
349,5.44923,0.708396,0.325692
349,5.28531,1.85901,-0.159577
349,5.49692,-1.70076,0.0615969
349,5.29357,-0.790328,-0.443807
349,5.30371,1.87359,-0.169985
349,5.47873,0.61783,0.195555
349,5.42873,0.241986,0.0174185
349,5.38586,0.0322196,-0.136346
349,5.33397,0.0862306,-0.276655
349,5.61456,-1.63088,0.325936
349,5.31467,-0.781713,-0.452016
349,5.39195,-2.19944,-0.454584
349,5.37764,-0.485948,-0.351362
349,5.39841,-0.470743,-0.354654
349,5.41641,-2.23314,-0.485737
349,5.38643,-0.0360013,-0.448688
349,5.508,-3.33038,-0.519665
349,5.48561,-2.2202,-0.497223
349,5.74039,1.31113,-0.618809
349,6.06814,0.440287,-0.902369
349,7.37591,1.66064,-1.57256
349,9.04639,-0.24141,2.25287
349,3.55179,-1.55482,0.0373365
348,3.55179,-1.55482,0.0373365
349,3.96387,-1.24232,0.359947
348,3.96387,-1.24232,0.359947
349,3.86762,-1.36955,-0.503279
348,3.86762,-1.36955,-0.503279
349,3.48539,-1.53237,0.847395
348,3.48539,-1.53237,0.847395
349,4.05392,0.465866,-0.569868
348,4.05392,0.465866,-0.569868
349,3.38516,-0.356281,-0.475243
348,3.38516,-0.356281,-0.475243
349,3.33078,-1.23232,0.123382
348,3.33078,-1.23232,0.123382
349,5.52477,-1.17599,0.753001
348,5.52477,-1.17599,0.753001
349,5.42613,-1.27097,0.410759
348,5.42613,-1.27097,0.410759
349,3.66845,-0.00747895,-0.654237
348,3.66845,-0.00747895,-0.654237
349,3.56337,-0.0807352,-0.396796
348,3.56337,-0.0807352,-0.396796
349,4.57834,0.224315,-0.0990249
348,4.57834,0.224315,-0.0990249
349,5.28211,0.376404,-0.478081
347,5.28211,0.376404,-0.478081
349,5.32273,-0.0270394,1.42601
347,5.32273,-0.0270394,1.42601
349,5.39695,-2.47292,-0.298776
347,5.39695,-2.47292,-0.298776
349,3.94066,-1.63547,1.25997
347,3.94066,-1.63547,1.25997
349,5.19813,-2.65492,-0.0702924
347,5.19813,-2.65492,-0.0702924
349,5.24859,-2.89918,-0.0991985
347,5.24859,-2.89918,-0.0991985
349,5.11227,1.52321,-0.137793
347,5.11227,1.52321,-0.137793
349,5.50555,-2.81507,-0.724659
347,5.50555,-2.81507,-0.724659
349,5.47802,-3.32325,0.748453
347,5.47802,-3.32325,0.748453
349,5.1963,1.46884,-0.21677
347,5.1963,1.46884,-0.21677
349,5.24913,0.903675,0.0357433
346,5.24913,0.903675,0.0357433
349,5.19804,0.830257,0.221607
346,5.19804,0.830257,0.221607
349,5.24937,0.938748,0.794829
346,5.24937,0.938748,0.794829
349,5.27897,0.391384,-0.140045
346,5.27897,0.391384,-0.140045
349,5.28545,-0.0801267,0.421001
346,5.28545,-0.0801267,0.421001
349,5.33814,-0.303259,0.966442
346,5.33814,-0.303259,0.966442
349,3.60703,-1.69778,1.08454
346,3.60703,-1.69778,1.08454
349,5.07936,1.22423,1.00249
346,5.07936,1.22423,1.00249
349,5.1177,1.24037,0.99743
346,5.1177,1.24037,0.99743
349,5.22407,0.504619,1.24305
345,5.22407,0.504619,1.24305
349,5.69512,-3.41578,1.12849
345,5.69512,-3.41578,1.12849
349,5.1976,1.02358,0.646862
344,5.1976,1.02358,0.646862
349,5.26795,1.67573,-0.036039
341,5.26795,1.67573,-0.036039
349,5.24224,0.506814,-0.32379
342,5.24224,0.506814,-0.32379
349,5.21534,0.690583,1.0309
342,5.21534,0.690583,1.0309
349,5.16817,1.53068,0.307425
342,5.16817,1.53068,0.307425
349,5.07095,1.84623,0.0139053
339,5.07095,1.84623,0.0139053
349,5.37176,-0.237436,0.776738
340,5.37176,-0.237436,0.776738
349,5.25107,0.500975,0.0143589
340,5.25107,0.500975,0.0143589
350,2.432,-0.832515,0.98355
350,3.53954,-1.61556,1.15433
350,3.60061,-1.6082,1.23638
350,3.58382,-1.62479,1.08641
350,3.59861,-1.68483,1.0754
350,3.60109,-1.6244,1.06426
350,3.58488,-1.60599,0.970185
350,3.6392,-1.67985,1.08442
350,3.59828,-1.61949,0.971056
350,3.43728,-1.26897,0.353673
350,3.43101,-1.1605,0.355426
350,3.8159,-1.5969,1.26417
350,3.46408,-1.35721,0.361193
350,3.51327,-1.45448,0.391639
350,3.81624,-1.59459,1.09707
350,3.48789,-1.16025,0.332811
350,3.71957,-1.48772,0.721021
350,3.55524,-1.52161,0.204923
350,3.56878,-1.54206,0.225536
350,3.59456,-1.47872,0.303258
350,3.57214,-1.71352,0.00633407
350,3.84647,-1.48012,0.837071
350,3.86595,-1.56441,0.850186
350,3.86199,-1.53637,0.838873
350,3.58095,-1.60482,0.0249087
350,3.87326,-1.56401,0.851267
350,3.86223,-1.54265,0.826342
350,3.92333,-1.53692,0.950774
350,3.62034,-1.70887,-0.00286734
350,3.7066,-1.50956,0.295547
350,3.93735,-1.53435,0.922626
350,3.93474,-1.56239,0.892069
350,3.89404,-1.48367,0.801375
350,3.91754,-1.54002,0.845231
350,3.88166,-1.50046,0.755163
350,3.88289,-1.49422,0.754166
350,3.63201,-1.72232,-0.0348344
350,3.90905,-1.51563,0.767088
350,3.84747,-1.54488,0.564861
350,3.58561,-1.59327,-0.296891
350,3.75405,-1.67284,0.0852488
350,3.60131,-1.56428,-0.308427
350,3.81679,-1.18771,0.374226
350,3.82788,-1.17257,0.38321
350,3.36727,0.557126,-0.289621
350,3.8851,-1.32819,0.389569
350,3.90168,-1.38142,0.377971
350,3.88921,-1.3051,0.370227
350,3.90723,-1.35041,0.388298
350,3.91871,-1.38501,0.373103
350,3.92952,-1.34721,0.375358
350,3.93735,-1.34586,0.377632
350,3.83807,-1.07885,0.18574
350,3.86413,-1.60422,0.0281906
350,3.84883,-1.08453,0.17354
350,3.98902,-1.19388,0.367326
350,4.00018,-1.19047,0.374748
350,4.03058,-1.30178,0.376084
350,4.02127,-1.17108,0.38219
350,4.0468,-1.28341,0.385756
350,4.06182,-1.43165,0.337023
350,4.06552,-1.44368,0.330994
350,3.59005,0.650033,-0.376898
350,4.09945,-1.15755,0.373798
350,3.59938,-0.0253755,-0.606129
350,3.67583,-0.036006,-0.658659
350,3.75408,-0.144592,-0.611843
350,3.70692,0.612899,-0.4722
350,3.72365,0.31075,-0.574488
350,3.73076,0.10578,-0.640322
350,3.75391,0.324419,-0.594522
350,3.76949,0.637976,-0.544828
350,3.86516,0.0331039,-0.637249
350,3.83704,0.37996,-0.599677
350,3.86159,0.184439,-0.664392
350,3.89011,0.600368,-0.587616
350,3.91839,0.618661,-0.620429
350,3.99708,0.398818,-0.63257
350,3.98989,0.619073,-0.609472
350,3.99378,0.473771,-0.652689
350,3.99197,0.920116,-0.50404
350,4.02285,0.523656,-0.644984
350,4.06354,0.504317,-0.538593
350,4.07903,0.507072,-0.547639
350,4.05012,0.442202,-0.65805
350,4.03917,0.884768,-0.545371
350,4.0783,0.439523,-0.611968
350,4.06026,0.895398,-0.512281
350,4.06354,0.849815,-0.539471
350,4.08128,0.448046,-0.64987
350,4.1006,0.531167,-0.566198
350,4.12629,0.502961,-0.504934
350,4.1438,0.520913,-0.586132
350,4.19124,0.634462,-0.554504
350,4.17868,0.754369,-0.644066
350,4.249,0.417385,-0.600023
350,4.22903,0.664961,-0.589341
350,4.12877,1.4728,-0.626309
350,4.24643,0.785998,-0.646419
350,5.24426,-3.03218,0.719872
350,4.25721,0.799392,-0.657661
350,5.06332,0.95364,1.5181
350,5.25341,-2.61052,0.703189
350,4.97798,-1.63058,0.252444
350,5.31366,-0.549279,1.56023
350,4.32392,0.848283,-0.688307
350,4.33728,0.831267,-0.697775
350,5.27303,-3.03242,0.481332
350,5.30739,-0.494141,1.50934
350,5.23673,-2.94218,0.405365
350,4.34227,0.898101,-0.676048
350,5.27501,-3.02526,0.479989
350,5.33305,-0.529701,1.53381
350,5.16432,1.00408,1.62694
350,5.32801,-0.492491,1.51971
350,4.27483,1.48667,-0.691367
350,5.40093,-0.983038,1.53372
350,5.03827,-1.14768,0.445631
350,5.4445,-0.992338,1.63336
350,5.38885,-0.735662,1.56145
350,5.28885,0.203175,1.60816
350,4.91616,1.58728,1.07526
350,5.29572,-2.95214,0.44989
350,5.39789,-0.483587,1.63931
350,5.28549,0.0172521,1.50903
350,5.43618,-0.985199,1.5415
350,5.17317,1.009,1.51811
350,5.3853,-0.524841,1.54107
350,5.56892,-0.952781,1.82542
350,5.25786,-0.743019,1.0143
350,5.25573,0.525225,1.46219
350,5.3832,-0.551392,1.41856
350,5.32712,0.0255438,1.43801
350,5.42752,-1.05572,1.29856
350,5.33118,0.0301901,1.42261
350,5.32815,-0.488349,1.22014
350,5.18,1.60775,1.57265
350,5.32112,-0.497757,1.1771
350,5.15043,-0.0208709,0.873596
350,5.36646,-0.44568,1.30445
350,5.38346,0.192028,1.58593
350,5.33182,-0.499196,1.17654
350,5.17303,1.01879,1.26327
350,5.35823,-2.82782,0.362102
350,5.25409,-0.0387505,1.08971
350,4.71323,1.12865,-0.0114418
350,5.07373,0.956438,0.919016
350,5.33338,-0.729118,1.01255
350,5.28798,-0.497681,0.96466
350,5.33909,-0.737601,1.01273
350,5.36015,-2.37657,0.457738
350,5.31878,-2.74495,0.181353
350,5.33454,-2.88245,0.162993
350,4.59151,0.419755,-0.705435
350,5.36277,-0.733248,1.01241
350,5.24698,-0.173989,0.873737
350,5.32943,-0.739737,0.878349
350,5.09223,-2.74525,-0.533454
350,4.60903,0.441918,-0.7162
350,4.84145,0.272354,-0.158815
350,5.38694,-0.995542,0.882748
350,5.39779,-0.991979,0.913822
350,5.18182,0.482706,0.850348
350,5.34725,-0.48913,0.947177
350,5.13053,0.994171,0.888202
350,5.26137,-1.20371,0.432962
350,5.40233,-0.981666,0.904144
350,5.20491,0.49771,0.865669
350,5.41662,-0.986917,0.907923
350,4.97703,1.73184,0.681785
350,5.15099,1.01323,0.887365
350,5.18972,1.03026,0.950062
350,5.16837,1.01192,0.874885
350,5.3168,-1.2903,0.436105
350,5.30144,0.0186375,0.868667
350,5.1985,1.02299,0.950031
350,5.43913,-1.17145,0.757696
350,5.41447,-0.458433,0.918479
350,5.18867,-0.115376,0.414664
350,5.47491,-0.97671,0.895802
350,5.02363,1.72762,0.625521
350,5.32637,-0.668099,0.587242
350,5.18918,-0.682914,0.171696
350,5.56387,-1.1927,1.01703
350,5.3366,-0.686541,0.54598
350,5.31175,0.00225937,0.716059
350,5.33872,-0.494757,0.588807
350,5.38014,-0.493325,0.669886
350,4.91101,0.689761,-0.24342
350,5.24849,-0.105552,0.401818
350,5.43766,-0.334467,0.843593
350,5.33696,-0.305476,0.568723
350,5.40623,-1.27079,0.404155
350,5.33342,-0.663884,0.419701
350,5.38875,-0.995228,0.439127
350,5.39029,-0.995578,0.435423
350,5.38676,-0.69189,0.517942
350,5.34753,0.563925,0.827529
350,4.85407,1.97638,-0.0748402
350,5.38179,-0.295156,0.546659
350,5.27796,0.287584,0.458939
350,5.50303,-1.21597,0.510315
350,5.21129,-0.439947,-0.0491865
350,5.32204,-0.478343,0.236422
350,5.4321,0.2442,0.722332
350,5.36048,-0.483462,0.225712
350,5.09927,-0.339927,-0.458881
350,5.48305,-1.69136,0.067048
350,5.25045,0.00403106,0.037796
350,5.33528,-0.496532,0.0747787
350,5.50897,-1.76427,0.0080502
350,5.41892,0.230729,0.373875
350,5.10364,1.51089,-0.122851
350,5.23992,-0.026258,-0.322789
350,5.31085,-0.483197,-0.424131
350,5.32107,0.0774395,-0.327767
350,5.39606,0.0376235,-0.140405
350,5.23402,2.04208,0.125176
350,5.37544,-0.314764,-0.398664
350,5.46978,0.631121,0.177586
350,5.47226,0.269672,-0.00986075
350,5.4243,0.599783,-0.0453789
350,5.38182,0.622622,-0.180497
350,5.34397,0.487769,-0.432616
350,5.30192,1.06055,-0.399964
350,5.72898,1.6374,0.947774
350,5.44658,1.14675,-0.489899
350,5.54623,0.207517,-0.60912
350,5.60618,0.220608,-0.644737
350,5.62406,0.87233,-0.531835
350,5.64123,0.325644,-0.699651
350,5.87522,0.837596,-0.340509
350,6.01467,1.12835,-0.927586
350,8.92311,-0.222113,2.24329
350,5.28433,-0.309996,0.087065
348,5.28433,-0.309996,0.087065
350,5.15018,0.494079,-0.325509
348,5.15018,0.494079,-0.325509
350,5.19771,-0.0143388,0.132796
348,5.19771,-0.0143388,0.132796
350,3.52167,-1.51025,0.837678
348,3.52167,-1.51025,0.837678
350,5.30725,0.119252,0.686086
348,5.30725,0.119252,0.686086
350,5.54089,-1.91581,0.0811567
348,5.54089,-1.91581,0.0811567
350,5.18059,0.831023,1.51288
348,5.18059,0.831023,1.51288
350,5.28374,0.00939653,0.31272
348,5.28374,0.00939653,0.31272
350,5.5078,-2.21681,-0.316486
348,5.5078,-2.21681,-0.316486
350,5.41835,0.116097,1.61466
348,5.41835,0.116097,1.61466
350,3.52771,-1.58912,0.065199
348,3.52771,-1.58912,0.065199
350,3.82486,-1.5814,1.21555
348,3.82486,-1.5814,1.21555
350,3.78185,-1.59354,1.19877
348,3.78185,-1.59354,1.19877
350,3.65588,-0.0593982,-0.592623
348,3.65588,-0.0593982,-0.592623
350,5.3047,0.0289045,0.45533
348,5.3047,0.0289045,0.45533
350,3.30247,-1.47256,1.01555
348,3.30247,-1.47256,1.01555
350,3.5435,-1.60184,0.0699038
348,3.5435,-1.60184,0.0699038
350,3.5118,-1.5202,0.992677
348,3.5118,-1.5202,0.992677
350,5.72447,-2.46754,-0.540885
348,5.72447,-2.46754,-0.540885
350,4.58974,0.567717,0.260967
349,4.58974,0.567717,0.260967
350,3.80989,-1.58177,1.28364
349,3.80989,-1.58177,1.28364
350,3.73188,0.575786,-0.484804
349,3.73188,0.575786,-0.484804
350,4.86566,1.38189,0.11553
349,4.86566,1.38189,0.11553
350,5.47077,-0.668202,1.69036
349,5.47077,-0.668202,1.69036
350,3.53692,-1.55128,0.973879
349,3.53692,-1.55128,0.973879
350,3.49845,-1.51439,0.901669
349,3.49845,-1.51439,0.901669
350,3.6117,-1.62826,0.959569
349,3.6117,-1.62826,0.959569
350,3.87062,0.59664,-0.584094
349,3.87062,0.59664,-0.584094
350,3.65206,-1.58953,1.20133
347,3.65206,-1.58953,1.20133
350,5.20961,1.18904,-0.34732
347,5.20961,1.18904,-0.34732
350,5.08133,1.95604,-0.219231
347,5.08133,1.95604,-0.219231
350,5.07168,2.01383,-0.624486
347,5.07168,2.01383,-0.624486
350,5.21108,0.62656,1.53682
346,5.21108,0.62656,1.53682
350,5.25273,-0.0528484,0.055458
345,5.25273,-0.0528484,0.055458
350,5.28087,-0.00479289,1.75326
345,5.28087,-0.00479289,1.75326
350,3.84007,0.365913,-0.627486
345,3.84007,0.365913,-0.627486
350,5.37931,1.48247,-0.718887
341,5.37931,1.48247,-0.718887
350,5.30324,-0.0268471,1.42301
341,5.30324,-0.0268471,1.42301
350,5.30296,-0.026769,1.42403
341,5.30296,-0.026769,1.42403
350,5.10714,1.62599,1.53608
341,5.10714,1.62599,1.53608
350,4.06377,0.427677,-0.60377
341,4.06377,0.427677,-0.60377
350,5.20959,0.970759,1.52038
342,5.20959,0.970759,1.52038
350,5.34837,-0.415995,-0.093348
342,5.34837,-0.415995,-0.093348
350,5.30863,-0.116236,-0.5877
338,5.30863,-0.116236,-0.5877
350,5.28196,0.0839038,0.594752
339,5.28196,0.0839038,0.594752
350,5.16846,0.847546,0.32749
339,5.16846,0.847546,0.32749
350,5.27769,0.0190443,0.476669
339,5.27769,0.0190443,0.476669
351,2.0223,-0.8594,1.27949
351,2.05987,-0.858836,1.24775
351,2.28476,-0.836177,1.2256
351,2.3962,-0.558367,1.20885
351,2.58347,-0.659053,1.19089
351,2.64221,-0.654509,0.952993
351,2.82232,-0.584813,1.26759
351,2.84476,-0.744796,0.918576
351,3.17781,-0.472686,1.15053
351,3.58888,-1.56865,1.28283
351,3.58815,-1.6258,1.076
351,3.56608,-1.60723,0.983866
351,3.57687,-1.60968,0.971819
351,3.41189,-1.44071,0.397702
351,3.69735,-1.57529,1.0564
351,3.57722,-1.5594,0.730838
351,3.80465,-1.59503,1.26791
351,3.8032,-1.59214,1.25095
351,3.71962,-1.56806,1.03209
351,3.72854,-1.5786,1.03187
351,3.80034,-1.60267,1.20767
351,3.80292,-1.60532,1.20618
351,3.40162,-1.22878,0.360333
351,3.73845,-1.57124,1.03068
351,3.81594,-1.60977,1.20665
351,3.44447,-1.34085,0.379981
351,3.77779,-1.58837,1.10924
351,3.77584,-1.58244,1.10765
351,3.41702,-1.23603,0.36413
351,3.7981,-1.57261,1.08914
351,3.45204,-1.23241,0.365246
351,3.45279,-1.22157,0.368598
351,3.66232,-1.51402,0.732717
351,3.78654,-1.53131,1.01532
351,3.68799,-1.49467,0.763059
351,3.62445,-1.43632,0.598124
351,3.70472,-1.50575,0.760294
351,3.55455,-1.46945,0.330884
351,3.72771,-1.50768,0.756881
351,3.54856,-1.51149,0.231428
351,3.55118,-1.51925,0.221717
351,3.72713,-1.48965,0.643837
351,3.79384,-1.4844,0.775898
351,3.84989,-1.52947,0.839823
351,3.58355,-1.58356,0.0720998
351,3.86619,-1.55149,0.858932
351,3.84411,-1.47345,0.83589
351,3.83433,-1.48056,0.794761
351,3.51971,-1.38883,-0.0567971
351,3.84648,-1.46337,0.640084
351,3.81642,-1.53657,0.293417
351,3.82344,-1.17006,0.384236
351,3.8072,-1.15893,0.341606
351,3.75917,-1.06148,0.22776
351,3.84463,-1.17804,0.380006
351,3.87658,-1.27063,0.390389
351,3.90038,-1.37239,0.362387
351,3.90187,-1.26186,0.38561
351,3.91858,-1.26552,0.384483
351,3.92737,-1.2677,0.379399
351,3.93384,-1.14633,0.36478
351,3.86584,-1.08275,0.171752
351,3.36881,0.457564,-0.152018
351,4.01833,-1.17313,0.37066
351,4.12387,-1.29806,0.367975
351,4.16742,-1.45409,0.299316
351,4.05452,0.752824,1.14925
351,3.57898,0.600089,-0.284439
351,3.76922,-0.141198,-0.630047
351,3.78735,-0.112364,-0.663626
351,3.73068,0.318211,-0.568741
351,4.50432,-0.227946,1.15169
351,3.78778,0.243474,-0.615906
351,3.80194,0.351507,-0.593667
351,4.1189,0.80001,0.529079
351,3.84642,0.382863,-0.606066
351,3.8487,0.384422,-0.611265
351,3.87289,0.197148,-0.67725
351,4.93699,-1.13313,1.27236
351,4.18351,0.845459,0.500388
351,3.8861,0.839001,-0.368565
351,3.87497,0.589392,-0.579062
351,5.04227,-1.14425,1.26969
351,3.9116,0.604904,-0.609538
351,4.00134,0.377576,-0.551633
351,4.71949,0.127168,1.21089
351,3.96281,0.416992,-0.649708
351,4.01224,0.390557,-0.557204
351,4.73442,-1.09344,0.386362
351,3.71128,1.5739,-0.608677
351,3.83213,0.847405,-0.791603
351,4.72225,0.190634,1.16743
351,3.9552,0.688734,-0.581577
351,4.71291,0.10217,1.06983
351,3.98992,0.434984,-0.669468
351,4.01363,0.320088,-0.688295
351,4.09012,0.377545,-0.506514
351,4.42283,-0.310172,-0.101561
351,4.0198,0.53002,-0.650797
351,4.78578,0.218407,1.16631
351,3.99016,0.93353,-0.50962
351,3.79033,1.55187,-0.643289
351,4.073,0.437236,-0.645693
351,3.80492,1.57235,-0.655744
351,4.51537,-0.363473,-0.137626
351,4.08497,0.56141,-0.677503
351,4.0704,0.910028,-0.552105
351,4.8455,-0.765378,0.405348
351,4.07287,0.910438,-0.557616
351,4.0716,0.911852,-0.562863
351,4.97705,-1.23103,0.401294
351,3.96858,1.45122,-0.506815
351,5.44257,-1.11364,1.6423
351,3.9865,1.50207,-0.537152
351,5.49341,-1.09115,1.71163
351,3.90186,1.6276,-0.784593
351,5.27385,-0.918778,1.18325
351,4.97878,0.895013,1.61048
351,5.44375,-0.730832,1.74683
351,4.20471,0.661681,-0.688547
351,4.03508,1.51202,-0.621996
351,5.09177,-0.0890825,1.13146
351,4.22049,0.684743,-0.705052
351,5.23803,0.110942,1.64364
351,5.0758,-1.03355,0.408283
351,4.83673,1.49967,1.43419
351,4.91476,-0.179793,0.494265
351,4.6573,0.130756,-0.00132215
351,4.2904,0.6833,-0.625185
351,4.20056,1.3252,-0.443275
351,5.14571,-1.13164,0.430926
351,4.20706,1.32706,-0.461375
351,5.03765,-0.741434,0.370205
351,5.27569,-0.737282,1.00805
351,5.04005,-0.759072,0.341704
351,4.87326,0.85701,0.976527
351,4.97058,0.856562,1.2153
351,4.96986,0.222084,0.765247
351,4.90423,1.52105,1.46123
351,5.17663,-0.0709131,1.09171
351,4.97003,0.900043,1.17718
351,5.63146,-1.05798,1.62799
351,5.29865,0.0242324,1.4336
351,4.0826,1.61142,-0.798402
351,5.33107,0.215185,1.61529
351,5.35261,-0.492706,1.17092
351,5.60481,-1.20643,1.36739
351,4.32674,0.848218,-0.697932
351,5.31511,-0.743725,0.878175
351,5.29513,-0.49929,0.974796
351,5.38821,-1.18329,0.758188
351,4.33467,0.898437,-0.689016
351,5.03472,-0.140593,0.462885
351,4.35394,0.91879,-0.690968
351,4.84334,-0.0451617,-0.0368735
351,5.41801,-0.4866,1.17168
351,5.07792,-0.040603,0.534142
351,5.07999,0.205452,0.70784
351,5.00352,-0.530279,-0.00391221
351,4.98675,0.912454,0.934188
351,5.45908,-0.98823,0.903699
351,5.26548,-0.503443,0.697562
351,5.1284,-0.512173,0.2967
351,5.73123,-1.23695,1.42724
351,5.22365,0.00941318,0.882293
351,4.96862,-0.0625156,0.126255
351,5.4772,-1.17499,0.74437
351,5.23059,0.00581712,0.878298
351,5.10569,-0.133512,0.440707
351,5.47827,-1.16811,0.740826
351,5.34631,-1.84225,-0.101778
351,4.93886,-0.0144257,0.0337809
351,4.28678,1.50482,-0.70822
351,5.10082,-0.496703,0.10613
351,4.8033,1.54277,0.677878
351,4.4402,0.979262,-0.700656
351,5.41811,-1.68033,0.0969321
351,5.07845,-0.456049,0.00385356
351,5.45976,-1.05478,0.591286
351,5.71907,-1.24434,1.13928
351,4.39446,1.44572,-0.643466
351,5.46956,-0.47698,0.947276
351,5.39172,0.588039,1.45501
351,5.15589,-0.474463,0.0865721
351,5.11692,-0.430023,-0.040543
351,4.87665,1.6175,0.685413
351,5.79338,-1.00341,1.29731
351,5.63624,-0.988354,0.879317
351,4.95496,0.14287,-0.210225
351,5.40377,0.296053,1.10658
351,5.5659,-1.84671,0.0566
351,4.91975,1.36517,0.489778
351,5.02928,0.372336,0.0836579
351,4.46789,2.2015,-0.205489
351,5.11546,-0.244088,-0.122895
351,5.87451,-1.02676,1.35896
351,5.58035,-1.29516,0.370854
351,4.70353,0.475349,-0.801173
351,5.16097,-0.0166351,0.071577
351,5.16822,-0.0123659,0.0684971
351,5.41748,0.637103,1.08243
351,5.86567,-1.01019,1.15921
351,4.76165,0.510378,-0.836195
351,5.00529,1.72403,0.627178
351,5.55224,0.214368,1.06752
351,5.37519,0.0354969,0.456385
351,5.38137,0.578609,0.842825
351,5.45526,0.659601,1.09649
351,4.8808,1.35842,-0.00730979
351,5.69178,-0.441042,0.884794
351,5.33119,1.10263,0.941062
351,5.55725,0.14883,0.78946
351,4.66233,1.46324,-0.781111
351,5.75641,-1.64084,0.0653032
351,5.48861,0.627388,0.809619
351,5.91868,-0.994317,0.850618
351,5.5112,0.245286,0.533223
351,5.65985,0.253982,0.800185
351,5.5576,0.265681,0.461241
351,5.88877,-1.67359,0.0263889
351,5.25311,1.89628,0.530536
351,6.11846,-0.999836,0.827691
351,6.00497,-1.69053,-0.00600958
351,5.47795,0.578237,-0.017387
351,5.52555,0.538905,-0.0263757
351,5.50757,0.610577,-0.0792924
351,5.33024,1.85992,0.118822
351,5.44315,1.75763,0.266013
351,5.56382,1.22911,0.0948131
351,5.39509,1.10944,-0.497994
351,5.33563,1.58829,-0.442801
351,5.47206,1.8912,0.129747
351,5.86868,0.907149,0.217812
351,5.7104,0.766207,-0.319258
351,5.90974,0.915632,0.189535
351,5.68024,1.9465,0.210211
351,5.94902,1.43017,0.210806
351,5.45531,1.98192,-0.78699
351,5.46188,2.13205,-0.776473
351,5.50538,2.00392,-0.812906
351,6.20608,1.93795,0.89937
351,6.03903,0.753718,-0.438564
351,5.66781,2.12384,-0.90725
351,5.94901,2.2269,-0.861422
351,6.4072,1.08867,-1.01491
351,6.25375,2.92925,-0.24186
351,6.35278,1.6783,-0.936501
351,9.03565,-0.190691,2.27342
351,5.10789,-0.345435,0.142723
350,5.10789,-0.345435,0.142723
351,5.27759,0.287265,0.458092
350,5.27759,0.287265,0.458092
351,5.26214,-1.21958,0.474683
350,5.26214,-1.21958,0.474683
351,3.43806,-1.1629,0.356632
350,3.43806,-1.1629,0.356632
351,5.00126,-1.25036,0.262869
350,5.00126,-1.25036,0.262869
351,5.3952,-1.67644,0.0978488
350,5.3952,-1.67644,0.0978488
351,4.05317,0.442945,-0.659034
350,4.05317,0.442945,-0.659034
351,3.86729,0.805765,-0.392246
350,3.86729,0.805765,-0.392246
351,5.40588,0.22862,-0.273992
348,5.40588,0.22862,-0.273992
351,5.22797,-0.047521,0.59926
348,5.22797,-0.047521,0.59926
351,5.2437,-0.491768,-0.40387
348,5.2437,-0.491768,-0.40387
351,5.9491,-1.6706,0.235992
348,5.9491,-1.6706,0.235992
351,5.38568,-0.973381,1.03376
348,5.38568,-0.973381,1.03376
351,3.95618,0.368614,-0.599959
348,3.95618,0.368614,-0.599959
351,4.84299,-1.08018,0.390929
348,4.84299,-1.08018,0.390929
351,5.57104,0.0880909,-0.165057
348,5.57104,0.0880909,-0.165057
351,5.4343,-0.482428,1.17292
348,5.4343,-0.482428,1.17292
351,5.17641,0.971525,0.473828
348,5.17641,0.971525,0.473828
351,4.14445,1.5227,-0.612226
348,4.14445,1.5227,-0.612226
351,5.36435,-1.10342,1.54109
349,5.36435,-1.10342,1.54109
351,5.4925,-1.22036,1.77534
349,5.4925,-1.22036,1.77534
351,4.84031,1.3659,0.129513
349,4.84031,1.3659,0.129513
351,3.9937,-1.34389,0.353203
349,3.9937,-1.34389,0.353203
351,5.53188,-2.24153,-0.509437
349,5.53188,-2.24153,-0.509437
351,3.91887,0.286896,-0.606659
349,3.91887,0.286896,-0.606659
351,5.38806,0.0779518,0.724016
347,5.38806,0.0779518,0.724016
351,5.35068,-0.36356,0.174118
347,5.35068,-0.36356,0.174118
351,5.34549,-1.14824,1.46464
347,5.34549,-1.14824,1.46464
351,5.30439,-0.499467,0.691787
347,5.30439,-0.499467,0.691787
351,3.5151,-1.54158,0.982026
347,3.5151,-1.54158,0.982026
351,5.22322,0.435849,1.09138
341,5.22322,0.435849,1.09138
351,5.13957,1.25604,0.863956
341,5.13957,1.25604,0.863956
351,5.25566,0.730788,-0.611607
341,5.25566,0.730788,-0.611607
351,4.28382,0.497459,-0.59232
341,4.28382,0.497459,-0.59232
351,5.13245,1.25497,0.864053
341,5.13245,1.25497,0.864053
351,5.31101,0.0186117,1.49752
341,5.31101,0.0186117,1.49752
351,5.24096,0.222387,0.438923
341,5.24096,0.222387,0.438923
351,5.17515,1.04487,0.811047
341,5.17515,1.04487,0.811047
351,5.14319,1.06087,1.28708
346,5.14319,1.06087,1.28708
351,4.04217,-1.68049,0.949624
346,4.04217,-1.68049,0.949624
351,4.93856,2.70256,1.217
344,4.93856,2.70256,1.217
351,5.13695,1.19812,0.739051
343,5.13695,1.19812,0.739051
352,2.35624,-0.73251,1.20053
352,2.36161,-0.692251,1.12396
352,2.86193,-0.513314,1.21024
352,3.73116,-0.651673,0.862188
352,3.78841,-1.16159,0.390048
352,3.8577,-1.26671,0.406367
352,3.8726,-1.2741,0.396941
352,3.80864,-1.06044,0.214631
352,3.99337,-1.28487,0.392749
352,4.52765,-1.11633,0.387358
352,4.53283,-1.11,0.38168
352,5.39075,-1.15647,1.62925
352,3.63775,0.805776,-0.451728
352,3.22461,1.65133,-0.504353
352,5.30397,-0.846457,1.6994
352,3.23137,1.66063,-0.52526
352,3.83083,0.378721,-0.604228
352,5.35342,-1.11876,1.41467
352,3.96084,0.0529907,-0.709012
352,4.95971,-0.202366,1.48517
352,5.42958,-1.06662,1.63221
352,3.85293,0.385662,-0.618533
352,5.42495,-0.996693,1.68286
352,3.76947,0.653415,-0.516787
352,3.762,0.781927,-0.458117
352,5.0385,-1.15091,0.423785
352,5.1008,-0.741936,1.03571
352,3.28618,1.66132,-0.672266
352,5.04269,-0.176069,1.52406
352,3.80803,0.670724,-0.583589
352,3.81107,0.674487,-0.585724
352,3.29924,1.67362,-0.686585
352,5.03846,-1.01859,0.430027
352,5.37217,-1.1834,1.04841
352,3.43418,1.58856,-0.57391
352,3.91231,0.554486,-0.607607
352,4.90372,-0.237075,0.921028
352,5.13918,-1.13876,0.432868
352,5.40321,-0.739593,1.5701
352,3.36786,1.71686,-0.623857
352,5.43131,-1.20101,1.04771
352,5.51929,-1.05857,1.43271
352,4.0309,0.399373,-0.582126
352,5.41963,-1.19427,0.993558
352,3.92036,0.631406,-0.613112
352,3.92491,0.623757,-0.636615
352,5.17923,-1.12761,0.427525
352,5.34557,-0.504078,1.57926
352,3.9748,0.580111,-0.597373
352,4.04826,0.426552,-0.61692
352,5.15821,-1.03084,0.415181
352,3.47402,1.62779,-0.657874
352,5.20209,-0.744927,0.812608
352,5.24323,-0.781827,0.870922
352,5.40254,-1.16594,0.762732
352,4.08627,0.523013,-0.554357
352,4.87998,-0.579547,0.113622
352,3.55996,1.56728,-0.661691
352,4.97266,-0.0170859,0.994174
352,5.28643,-0.751171,0.88758
352,3.99633,0.752918,-0.600365
352,5.28895,-0.72809,0.88159
352,3.6071,1.53648,-0.647144
352,3.5094,1.70845,-0.720627
352,4.0772,0.573846,-0.658355
352,3.6253,1.54302,-0.64771
352,5.05986,-0.520179,0.498211
352,5.0119,-0.0163353,0.962678
352,4.13339,0.550968,-0.602646
352,3.52544,1.71654,-0.741793
352,5.47063,-1.00645,0.896317
352,5.39552,-0.746599,0.991996
352,5.35981,-0.498843,1.16992
352,5.10733,-0.516892,0.486045
352,5.29758,-0.510459,0.969979
352,4.01999,0.92873,-0.533196
352,3.69938,1.56238,-0.58436
352,5.06839,-0.554651,0.319661
352,4.98542,-0.571949,0.0818776
352,5.58703,-0.91792,1.16849
352,4.10816,0.683373,-0.651278
352,4.95973,0.241531,0.948712
352,4.04978,0.961843,-0.488694
352,5.26939,-0.000836492,1.43354
352,5.39809,-0.491085,1.1669
352,5.51307,-0.966431,0.882919
352,4.05888,0.951355,-0.49012
352,5.52228,-0.98172,0.883771
352,3.74433,1.56975,-0.546696
352,5.00345,-0.565356,0.0680492
352,3.66905,1.59662,-0.713928
352,4.85109,0.790234,1.29228
352,4.09805,0.775626,-0.634393
352,3.71275,1.59624,-0.626829
352,4.0368,0.974218,-0.55628
352,3.76231,1.53598,-0.577836
352,5.42478,-0.486997,1.16755
352,3.7285,1.59629,-0.620492
352,5.34769,-0.493001,0.958835
352,4.49818,0.92767,0.514837
352,5.32784,0.0246231,1.49135
352,5.00241,-0.135761,0.475718
352,5.32598,0.0273188,1.48556
352,4.97349,0.274711,0.882497
352,5.3262,-0.00144702,1.43178
352,5.34801,-0.494247,0.894896
352,5.37663,-0.496709,0.961313
352,5.09248,-0.0918984,0.714109
352,3.79258,1.56769,-0.606994
352,5.02673,-0.126106,0.468032
352,5.12874,-0.0643454,0.796362
352,5.6811,-0.921601,1.16095
352,4.82598,1.15513,1.49259
352,3.83752,1.49895,-0.591322
352,3.84512,1.50603,-0.581195
352,5.49564,-0.440371,1.24829
352,4.83175,1.1588,1.49037
352,4.12499,0.932879,-0.571435
352,5.29411,-0.540356,0.606399
352,5.17756,-0.0329018,0.88462
352,5.52272,-0.443618,1.2469
352,5.37772,-0.665593,0.607973
352,5.60743,-1.15684,0.59787
352,4.24652,0.674324,-0.662897
352,4.64858,1.18897,0.965621
352,5.55536,-1.0658,0.533995
352,3.83703,1.64043,-0.593908
352,5.11581,-0.475286,0.0958222
352,3.86827,1.60172,-0.568132
352,4.95954,0.921,1.32784
352,4.98747,0.848203,1.30545
352,5.11344,-0.135704,0.434446
352,5.05807,0.277282,0.781424
352,3.847,1.56685,-0.738402
352,5.60183,-1.0661,0.527165
352,4.25195,0.796136,-0.660936
352,4.73925,0.192496,-0.193404
352,5.50254,-0.475735,0.931187
352,5.05721,-0.0402011,0.325555
352,5.22537,0.533848,1.43701
352,5.25368,0.0196649,0.883355
352,4.86504,0.178199,0.0859149
352,5.32903,-0.424709,0.532589
352,5.11768,-0.442259,-0.0223024
352,5.12666,-0.440458,-0.00654614
352,4.91567,0.25542,0.287092
352,5.22798,-0.48811,0.147032
352,5.49074,-0.700341,0.553739
352,5.08643,0.41552,0.844489
352,5.51095,-0.412617,0.917552
352,5.28711,0.536021,1.48184
352,5.44519,-0.483271,0.64566
352,3.98209,1.48794,-0.687616
352,5.06594,0.416347,0.762241
352,5.11036,-0.495192,-0.227969
352,5.49883,-0.410938,0.852705
352,5.20989,-0.463438,0.0602986
352,4.01101,1.54036,-0.564124
352,5.71662,-0.284167,1.54455
352,5.23107,-0.517494,0.0375718
352,5.41715,-0.542601,0.447747
352,5.19424,-0.00486475,0.513871
352,5.15783,-0.00231391,0.40728
352,4.75982,0.606179,0.117406
352,4.31459,0.890769,-0.672087
352,5.31642,-0.37115,0.337827
352,4.78414,1.26768,0.945521
352,3.74101,1.74423,-1.11941
352,5.33089,-0.464743,0.237461
352,4.67996,0.633177,-0.0928068
352,5.32308,0.566408,1.43101
352,4.00057,1.5443,-0.744449
352,5.03106,0.231401,0.260721
352,5.50925,0.271049,1.50337
352,5.03839,0.23147,0.266606
352,5.38561,0.0512121,0.867936
352,5.20102,-0.00897259,0.317873
352,4.73913,0.668747,-0.126255
352,5.8336,-0.230953,1.55639
352,5.41857,-0.467888,0.2123
352,4.90361,0.284137,-0.187941
352,5.49138,-0.359638,0.519574
352,5.38322,-0.320683,0.286167
352,4.44463,2.45494,1.23182
352,4.26067,1.3956,-0.504014
352,4.88489,0.326723,-0.214677
352,4.26155,1.39877,-0.505431
352,5.26175,0.038384,0.382988
352,5.47789,-0.299665,0.521178
352,4.90526,1.56599,1.31087
352,5.62463,-0.819365,0.258189
352,5.11018,-0.325028,-0.471606
352,4.22404,1.40094,-0.661672
352,4.20543,1.45007,-0.651267
352,5.30791,0.602883,1.11472
352,4.92105,0.328345,-0.196104
352,4.20961,1.45614,-0.649131
352,5.28463,0.0471617,0.369128
352,4.23087,1.42241,-0.657817
352,4.22729,1.42395,-0.671188
352,4.10434,1.76219,-0.605816
352,5.20457,-0.004444,0.0494424
352,4.94829,1.59408,1.30571
352,4.81537,1.33503,0.623471
352,5.29042,0.529546,0.830561
352,4.59235,2.66241,1.58023
352,4.57095,2.54857,1.38954
352,5.60566,-0.340526,0.53505
352,5.11989,-0.155481,-0.485703
352,5.48663,-0.28298,0.25069
352,4.58648,2.56833,1.38563
352,5.51494,0.127597,0.791379
352,5.38415,-0.359831,-0.13973
352,4.57388,2.53491,1.27652
352,5.5419,-0.274438,0.234091
352,4.59547,2.58532,1.26772
352,4.59052,2.59404,1.26399
352,5.18866,-0.128136,-0.518217
352,5.31513,0.21186,0.187706
352,5.23764,0.505383,0.290095
352,5.05909,1.45147,0.897465
352,5.2427,-0.130111,-0.548863
352,5.2515,-0.12826,-0.551965
352,4.92629,1.36894,0.405495
352,5.41971,0.61947,0.740639
352,4.96635,1.47275,0.610517
352,4.83088,1.23468,-0.0285127
352,5.04173,1.65379,0.993797
352,5.27495,-0.0744794,-0.571297
352,4.80177,1.83196,0.383683
352,4.53433,3.10305,1.14496
352,5.0026,1.70448,0.643094
352,5.25231,1.10658,0.554182
352,4.59712,1.41043,-0.748453
352,5.50408,0.217258,0.0996941
352,3.92431,2.95661,-0.606159
352,5.3887,0.570384,0.189452
352,5.36739,1.75716,1.55109
352,4.90669,1.26284,-0.221557
352,5.40691,0.690079,0.332942
352,3.93906,3.01921,-0.668633
352,5.37114,0.545809,-0.0378169
352,5.61507,1.38154,1.56607
352,4.70301,2.53356,0.6318
352,5.46155,0.706599,0.329433
352,5.74121,0.615143,0.918271
352,4.72005,2.54735,0.628419
352,4.52016,3.19322,0.87995
352,5.5517,1.37964,1.23911
352,5.77996,0.6299,0.907394
352,3.99116,3.07285,-0.679358
352,3.93992,3.13143,-0.741901
352,5.1183,1.82134,0.609612
352,5.33617,0.551243,-0.388682
352,5.76754,-0.228684,-0.24434
352,5.44486,0.590775,-0.0807233
352,5.66749,1.69765,1.76934
352,5.13977,1.86208,0.630895
352,5.14312,1.85185,0.616029
352,4.781,2.6548,0.625195
352,4.54334,3.13993,0.579295
352,4.83258,1.43769,-0.750169
352,4.80568,2.66592,0.61891
352,5.42078,0.500698,-0.477765
352,5.41647,0.650067,-0.317975
352,5.00361,1.50205,-0.369866
352,5.51198,0.648555,-0.135884
352,5.37506,0.504113,-0.663229
352,5.48329,0.658869,-0.213946
352,5.71385,1.55141,1.40977
352,5.68563,1.84349,1.67033
352,5.31856,1.72125,0.531142
352,5.51653,0.68,-0.232826
352,4.91281,2.6222,0.561973
352,5.45371,1.14548,0.133556
352,4.62218,3.25417,0.548538
352,4.90894,1.51451,-0.822726
352,4.89476,1.57017,-0.81232
352,5.15379,3.00344,1.53671
352,5.42915,1.0886,-0.0906197
352,4.90372,1.85541,-0.521028
352,4.93229,1.53776,-0.832637
352,5.44696,1.1066,-0.0916671
352,5.53649,0.568789,-0.564597
352,4.97408,2.6923,0.529945
352,5.165,3.03869,1.41036
352,5.21326,3.04088,1.53461
352,5.16702,3.03555,1.40197
352,5.20975,3.06869,1.53349
352,5.2626,3.03708,1.6178
352,5.20346,3.05095,1.39667
352,5.1904,2.98645,1.21567
352,5.69694,0.595213,-0.456125
352,5.43956,1.15369,-0.589714
352,5.49184,1.15775,-0.610954
352,5.46236,1.9389,0.148586
352,5.31777,1.83269,-0.352741
352,5.74648,0.685974,-0.684261
352,5.70198,0.880679,-0.587636
352,5.34296,3.17188,1.24908
352,5.36053,2.16418,0.0650033
352,5.34645,3.19316,1.24817
352,5.95937,2.21959,1.59169
352,5.34196,3.21729,1.22352
352,5.80362,1.36364,0.0209535
352,5.35758,2.56807,0.282217
352,5.31528,1.84743,-0.698574
352,4.94815,2.79301,-0.499533
352,5.65364,1.25631,-0.618573
352,5.8427,0.944929,-0.643566
352,5.85899,0.954601,-0.658868
352,5.71853,2.06693,0.147012
352,5.72939,2.05346,0.152309
352,6.1347,1.7147,-0.827631
352,8.79905,2.99838,2.32053
352,5.20244,0.0327226,1.56812
351,5.20244,0.0327226,1.56812
352,5.15756,-0.567704,0.518455
351,5.15756,-0.567704,0.518455
352,5.39385,-0.655683,0.326174
351,5.39385,-0.655683,0.326174
352,5.17388,0.219064,1.11647
351,5.17388,0.219064,1.11647
352,5.30975,1.83809,-0.693967
351,5.30975,1.83809,-0.693967
352,4.01445,1.50915,-0.543824
351,4.01445,1.50915,-0.543824
352,4.93238,0.67769,0.273291
350,4.93238,0.67769,0.273291
352,3.86658,1.22733,-0.641275
342,3.86658,1.22733,-0.641275
352,3.92706,0.461161,-0.650043
342,3.92706,0.461161,-0.650043
352,5.07949,2.9521,-0.583849
344,5.07949,2.9521,-0.583849
352,5.38841,-0.300202,-0.0890743
344,5.38841,-0.300202,-0.0890743
352,5.00675,0.878473,1.26456
348,5.00675,0.878473,1.26456
352,5.13048,0.676357,-0.486046
345,5.13048,0.676357,-0.486046
352,5.31197,0.0155439,0.0101557
345,5.31197,0.0155439,0.0101557
352,5.31279,-0.487782,1.53021
345,5.31279,-0.487782,1.53021
352,4.9831,1.97406,-0.585815
345,4.9831,1.97406,-0.585815
352,3.34194,1.00384,-0.60994
346,3.34194,1.00384,-0.60994
352,5.10835,0.482674,1.43123
346,5.10835,0.482674,1.43123
352,5.16328,-0.514727,-0.252018
349,5.16328,-0.514727,-0.252018
353,2.87686,2.08347,1.26939
353,2.82139,1.80434,0.385459
353,2.83261,1.74914,0.0594586
353,3.34231,0.89005,-0.302143
353,2.84465,1.75723,0.055838
353,2.88755,1.95589,0.39705
353,2.92138,1.98293,0.389001
353,3.45384,0.847415,-0.41117
353,5.27379,-0.316761,1.52694
353,4.81046,0.00397748,1.0312
353,5.27914,-0.506924,0.95064
353,5.27773,-0.136072,1.5401
353,3.12046,1.4665,-0.673653
353,5.09997,-0.572486,0.122963
353,5.17845,-0.0129117,1.24925
353,3.75413,0.81374,-0.51738
353,3.76126,0.81919,-0.525955
353,5.30391,-0.435918,0.745885
353,3.89968,0.607013,-0.611565
353,5.19695,0.0326662,1.29651
353,5.31584,0.0500157,1.57207
353,3.15644,1.60431,-0.582046
353,5.30847,0.0215937,1.47747
353,5.27404,0.170135,1.65041
353,5.29137,0.141148,1.63663
353,3.19748,1.53287,-0.650273
353,5.36862,-0.548236,0.573871
353,3.19014,1.55869,-0.693581
353,3.19307,1.63601,-0.592158
353,3.21168,1.56479,-0.673084
353,5.24939,-0.416741,0.431778
353,5.35083,0.0418038,1.44578
353,3.2133,1.57545,-0.690983
353,4.88115,0.687839,1.50042
353,5.36981,0.0142257,1.43296
353,5.28268,0.179483,1.49125
353,4.72175,0.845856,1.3822
353,4.88769,0.701266,1.49424
353,4.04351,0.562135,-0.64802
353,4.80733,-0.0296586,0.0148187
353,5.09128,-0.518637,-0.200168
353,3.43034,1.49943,-0.462412
353,5.24361,-0.458121,0.220199
353,4.11613,0.541011,-0.583827
353,5.18818,0.00227243,0.856921
353,2.97912,1.9844,-0.688659
353,3.04126,1.94292,-0.66959
353,3.64422,2.40995,1.47837
353,3.95325,0.886756,-0.472241
353,5.36154,-0.536092,0.222844
353,3.0476,1.97997,-0.682009
353,5.02758,-0.105531,0.141974
353,4.13004,0.620155,-0.634616
353,5.1384,-0.0142666,0.508981
353,3.04835,1.99693,-0.704367
353,5.04047,0.285484,0.77656
353,5.18689,-0.112968,0.415961
353,5.06742,-0.230619,-0.0546408
353,5.15081,-0.0113115,0.506436
353,5.14983,-0.00790536,0.50925
353,5.00213,-0.088079,0.0255535
353,3.44307,1.59326,-0.572824
353,5.01733,-0.0353839,0.119328
353,4.00717,0.961462,-0.452912
353,5.37113,0.253879,1.3636
353,4.85023,0.216211,0.12985
353,4.14015,0.69615,-0.649396
353,4.00365,0.948882,-0.533703
353,5.25683,-0.377296,-0.0335499
353,5.26908,0.518094,1.48833
353,5.05748,-0.0795792,-0.0157495
353,5.27406,0.51609,1.47719
353,5.41807,0.263934,1.36333
353,4.85682,0.263021,0.106942
353,5.06066,-0.321513,-0.446497
353,4.04725,0.970058,-0.500322
353,5.07427,0.29753,0.63535
353,5.09448,0.343043,0.748718
353,4.68841,1.23522,1.36137
353,3.38409,1.80128,-0.583338
353,4.14037,0.803144,-0.641139
353,5.43942,0.27809,1.35506
353,5.09706,0.290451,0.60821
353,5.38992,0.263853,1.21049
353,5.06973,-0.282403,-0.446278
353,5.10132,0.424133,0.835602
353,5.10248,0.295305,0.61054
353,4.202,0.755857,-0.610935
353,5.4994,-0.455706,0.182449
353,5.41131,0.264021,1.21008
353,4.12731,0.89826,-0.578326
353,3.41227,1.78891,-0.669864
353,3.69022,1.31488,-0.897051
353,4.23065,0.765567,-0.64024
353,4.22686,0.772162,-0.640402
353,5.31851,0.563359,1.43546
353,5.13813,0.449431,0.828231
353,4.23604,0.832229,-0.599623
353,3.71197,1.56038,-0.528472
353,3.45084,1.80994,-0.695057
353,5.19807,0.24193,0.502118
353,5.20124,0.237409,0.499054
353,5.06417,0.887678,1.30586
353,3.49494,1.71628,-0.783034
353,4.77633,1.20076,1.18413
353,4.25809,0.80296,-0.661803
353,3.78256,1.48089,-0.566013
353,5.37216,0.582794,1.43451
353,4.80266,0.67437,0.3034
353,4.80779,0.679015,0.311675
353,5.30354,-0.00874001,0.231721
353,5.3062,0.013747,0.271375
353,5.48074,0.273935,1.10793
353,4.96106,0.830408,0.894279
353,5.1197,0.051212,-0.16398
353,5.42149,0.60258,1.44694
353,3.90686,1.42109,-0.533182
353,3.89951,1.39089,-0.618501
353,5.17743,-0.0611112,-0.265468
353,3.75035,2.59521,1.11372
353,5.11785,-0.105584,-0.475718
353,3.89435,1.52887,-0.423404
353,5.3529,0.00172299,0.206735
353,5.15169,0.34712,0.351111
353,5.01572,0.32331,0.00495541
353,5.42355,0.21326,0.714125
353,5.41527,0.226941,0.7186
353,4.81181,0.656351,0.0949291
353,4.9542,0.303967,-0.208886
353,5.5219,0.174955,0.809785
353,5.47243,0.171097,0.680837
353,5.03513,0.908546,0.965814
353,3.43907,2.54265,0.196325
353,5.28298,0.543277,0.864883
353,3.93025,1.45323,-0.661572
353,5.56394,0.235964,0.886212
353,4.96491,0.706518,0.357062
353,3.70794,2.84251,1.22195
353,4.66487,0.43939,-0.77693
353,5.56235,0.207528,0.800636
353,4.96469,1.02852,0.87583
353,3.66695,1.61164,-1.03481
353,3.6583,1.62818,-1.03755
353,3.49181,2.59257,0.241324
353,3.49762,2.60533,0.233356
353,3.46917,2.65589,0.246479
353,4.02359,1.48338,-0.545392
353,5.44212,0.164161,0.33966
353,5.45562,0.66527,1.20106
353,5.6195,0.260692,0.868123
353,3.76539,2.61786,0.779705
353,5.22709,1.03555,1.29592
353,3.98386,1.61651,-0.505131
353,5.27309,-0.0984955,-0.574944
353,3.76762,2.6508,0.768188
353,4.23111,1.349,-0.463322
353,4.10061,1.47952,-0.55313
353,5.36003,-0.183381,-0.615408
353,4.18987,1.40504,-0.506211
353,4.0834,1.50703,-0.585419
353,4.66333,1.21465,0.181159
353,4.76964,0.475881,-0.852544
353,3.80286,2.68198,0.774246
353,5.33125,-0.0984305,-0.598602
353,3.67315,2.84027,0.736206
353,4.17637,1.38152,-0.65406
353,5.34954,-0.116014,-0.61359
353,5.17034,1.00822,0.90478
353,4.26428,1.37143,-0.502855
353,5.54623,0.698184,1.20147
353,3.74364,2.73004,0.66684
353,3.79098,2.68058,0.658296
353,4.27355,1.38823,-0.499325
353,4.7822,0.506088,-0.880391
353,4.02832,1.68609,-0.550177
353,5.20159,1.00126,0.89106
353,5.25143,1.10779,1.17988
353,5.36155,0.562885,0.443411
353,3.56231,2.75306,0.169018
353,5.22312,1.0243,0.905024
353,5.31106,0.535189,0.246129
353,5.29254,1.23536,1.40415
353,3.70823,2.81414,0.573398
353,4.29046,1.4296,-0.567376
353,3.76554,2.76491,0.547017
353,4.9546,1.41616,0.856567
353,4.87973,1.33181,0.496926
353,5.5514,0.0497018,-0.232511
353,5.36828,0.554324,0.211818
353,5.04734,1.68724,1.42245
353,4.91821,1.35439,0.483065
353,5.00568,1.65251,1.14683
353,4.91121,1.41018,0.512499
353,4.80883,1.27474,-0.044912
353,3.7584,2.93649,0.454944
353,3.78697,2.75331,0.199014
353,5.3894,0.219933,-0.583512
353,5.4366,0.698739,0.320628
353,5.42834,0.625563,0.152645
353,5.44328,0.711304,0.318492
353,4.53548,1.34221,-0.672628
353,5.31354,1.01365,0.456593
353,5.47148,0.641697,0.134739
353,5.9419,-0.225667,-0.33289
353,4.57498,1.35834,-0.692389
353,5.89637,0.927415,1.49706
353,5.2138,1.30307,0.590177
353,4.59795,1.38099,-0.680724
353,5.30192,0.746968,-0.253924
353,3.86461,2.8856,0.149503
353,5.43037,0.654397,-0.256092
353,5.1535,0.96181,-0.369256
353,3.87163,2.92895,0.147173
353,5.02909,1.7092,0.626637
353,5.66756,0.294311,-0.401513
353,5.03809,1.72012,0.624042
353,5.0242,1.74836,0.629654
353,5.29402,0.724771,-0.570867
353,3.90503,2.9598,0.110632
353,4.71743,2.79421,1.58345
353,5.07848,1.77569,0.613872
353,4.72709,2.82478,1.59597
353,5.35055,0.747528,-0.593622
353,3.7999,2.88782,-0.386778
353,5.23091,0.941475,-0.552249
353,5.15964,1.5689,0.353168
353,5.36421,1.0607,-0.0814182
353,5.24015,0.973068,-0.552522
353,5.17944,1.58234,0.355316
353,4.45098,3.00138,1.16033
353,5.13032,1.78249,0.554548
353,4.75601,2.82561,1.50945
353,4.8222,1.42856,-0.747667
353,5.12075,1.8426,0.630347
353,5.617,0.748922,-0.165668
353,5.15491,1.83154,0.53105
353,3.85752,2.98933,-0.391279
353,4.42403,3.01621,0.910454
353,4.51004,3.05739,1.15459
353,4.45464,3.01282,0.907492
353,4.79375,2.8545,1.3908
353,5.19272,1.85739,0.522474
353,5.29407,1.64138,0.326425
353,4.818,1.83166,-0.491897
353,5.1896,1.76575,0.146326
353,4.45273,2.98941,0.600873
353,4.453,2.98436,0.590267
353,5.41734,1.11485,-0.483701
353,4.73003,2.64433,0.604562
353,4.75509,2.63194,0.631269
353,3.93421,2.98849,-0.662729
353,5.43653,1.13255,-0.503136
353,4.4849,3.00668,0.573543
353,4.9754,2.07704,0.0681627
353,4.78909,2.64639,0.615602
353,3.90369,3.04939,-0.715987
353,4.48674,2.53718,-0.335359
353,3.9536,3.02745,-0.683256
353,4.50998,3.04931,0.569862
353,5.14763,1.73982,-0.277979
353,5.16642,1.73291,-0.279176
353,4.95289,1.86437,-0.552766
353,3.9248,3.13309,-0.717545
353,5.06097,2.82835,1.21119
353,4.85644,2.75516,0.610248
353,5.09937,1.80976,-0.558205
353,5.03377,2.13154,-0.155421
353,5.35512,1.80521,-0.0144842
353,5.08955,2.8758,1.22323
353,5.2059,2.97828,1.62881
353,6.01629,0.708482,-0.593135
353,4.72438,2.61073,-0.380596
353,5.00404,2.43719,-0.134134
353,5.45476,1.72928,-0.370061
353,5.22691,1.93712,-0.636833
353,5.24987,1.08447,1.21242
352,5.24987,1.08447,1.21242
353,3.64286,1.16986,-0.588569
352,3.64286,1.16986,-0.588569
353,4.82278,0.326463,1.32006
352,4.82278,0.326463,1.32006
353,4.93643,1.10376,1.20471
352,4.93643,1.10376,1.20471
353,5.36185,0.314126,-0.642388
352,5.36185,0.314126,-0.642388
353,4.36918,0.913998,-0.717445
352,4.36918,0.913998,-0.717445
353,5.19949,1.59858,0.3396
352,5.19949,1.59858,0.3396
353,3.66009,1.38339,-0.557218
352,3.66009,1.38339,-0.557218
353,5.30345,0.590202,-0.143184
352,5.30345,0.590202,-0.143184
353,5.29004,-0.3735,0.601098
352,5.29004,-0.3735,0.601098
353,5.17472,-0.00989809,0.055089
352,5.17472,-0.00989809,0.055089
353,4.68816,1.41924,-0.685401
352,4.68816,1.41924,-0.685401
353,5.39468,0.0350561,0.223968
352,5.39468,0.0350561,0.223968
353,3.88408,0.369526,-0.57648
351,3.88408,0.369526,-0.57648
353,5.15532,0.295893,0.324434
351,5.15532,0.295893,0.324434
353,4.05624,1.28436,-0.526663
351,4.05624,1.28436,-0.526663
353,4.2854,0.425582,-0.579813
351,4.2854,0.425582,-0.579813
353,4.55877,1.28352,-0.569194
341,4.55877,1.28352,-0.569194
353,4.74823,2.14536,1.77059
341,4.74823,2.14536,1.77059
353,4.27242,0.71861,-0.063973
341,4.27242,0.71861,-0.063973
353,5.04052,2.28005,1.8143
341,5.04052,2.28005,1.8143
353,5.13952,1.54552,-0.396014
341,5.13952,1.54552,-0.396014
353,5.29545,0.13407,1.1381
341,5.29545,0.13407,1.1381
353,5.21655,0.977445,0.463622
341,5.21655,0.977445,0.463622
353,4.91039,2.68433,1.5966
341,4.91039,2.68433,1.5966
353,5.22294,0.502201,1.49831
341,5.22294,0.502201,1.49831
353,3.62837,1.01677,-0.614438
342,3.62837,1.01677,-0.614438
353,5.3737,-0.0290634,-0.620491
342,5.3737,-0.0290634,-0.620491
353,4.89563,2.68453,1.22104
342,4.89563,2.68453,1.22104
353,5.3015,-0.423107,0.537112
344,5.3015,-0.423107,0.537112
353,5.28153,-0.481466,-0.313726
344,5.28153,-0.481466,-0.313726
353,5.19865,0.550914,0.792563
166,5.19865,0.550914,0.792563
353,5.1454,1.66846,1.54154
166,5.1454,1.66846,1.54154
353,5.29826,0.398972,-0.615259
166,5.29826,0.398972,-0.615259
353,5.25124,1.04932,-0.437466
166,5.25124,1.04932,-0.437466
353,5.05385,3.09848,0.139801
166,5.05385,3.09848,0.139801
353,3.52474,-0.194963,1.06662
166,3.52474,-0.194963,1.06662
353,3.65723,2.59597,-0.33142
166,3.65723,2.59597,-0.33142
353,5.19341,0.886884,0.30809
166,5.19341,0.886884,0.30809
353,5.20449,0.537746,0.76984
166,5.20449,0.537746,0.76984
353,3.52277,-0.194078,1.06345
166,3.52277,-0.194078,1.06345
353,5.0352,1.72308,0.534832
166,5.0352,1.72308,0.534832
353,5.22514,0.567288,1.09159
166,5.22514,0.567288,1.09159
353,5.16304,0.166522,-0.460023
350,5.16304,0.166522,-0.460023
354,2.4867,-0.201724,1.28938
354,2.89993,0.107906,1.34083
354,3.02683,0.104509,0.991946
354,2.54181,1.46365,-0.248458
354,4.55538,-0.0554166,0.0912793
354,3.14576,1.03266,-0.212711
354,4.18556,0.934889,1.44164
354,2.85638,2.00331,1.27239
354,2.8543,2.01565,1.27312
354,2.86032,2.02415,1.27194
354,4.67712,-0.02202,0.0438871
354,4.32089,0.435606,0.365796
354,4.84973,0.268825,0.97611
354,4.37721,0.452575,0.339754
354,2.59665,1.65353,-0.397102
354,2.85501,2.00968,0.926631
354,2.85601,2.01733,0.929139
354,4.59825,0.688697,1.16879
354,2.83108,1.72821,0.0910909
354,2.82151,1.74015,0.0949063
354,4.74778,0.184135,0.245287
354,2.86884,2.07113,0.92126
354,2.86779,1.8741,0.452145
354,2.90286,2.19874,1.25287
354,2.83365,1.7613,0.0789384
354,4.68296,0.231898,0.144618
354,4.69688,0.191179,0.0529859
354,2.88048,2.24517,1.26762
354,2.84852,1.76752,0.0700314
354,2.84929,1.76935,0.0748892
354,4.67862,0.216045,0.0450133
354,2.96062,1.44505,-0.577972
354,4.74883,0.200242,0.0198479
354,2.91041,1.94747,0.402321
354,4.66426,0.681326,0.882446
354,3.04761,1.40392,-0.651305
354,3.01586,1.46051,-0.58212
354,4.45802,1.12149,1.43858
354,4.71793,0.24395,-0.0979649
354,4.35708,1.02418,0.998912
354,2.91198,2.00978,0.424653
354,4.16779,0.548761,-0.536988
354,4.55273,1.1856,1.66781
354,3.05956,1.48623,-0.601143
354,4.69223,1.03681,1.51737
354,3.06311,1.49589,-0.607737
354,3.07303,1.50029,-0.622039
354,4.90503,0.864775,1.48704
354,4.83679,0.248158,-0.0808898
354,4.60784,0.563368,0.178036
354,3.93018,0.900897,-0.461649
354,4.82631,0.284806,-0.141056
354,4.61695,0.891428,0.842314
354,4.64677,0.574589,0.160049
354,3.13577,1.5148,-0.661389
354,4.79803,1.05268,1.51587
354,3.13013,1.5699,-0.565523
354,4.71932,0.910163,0.915564
354,3.9903,0.898978,-0.555605
354,3.15028,1.59301,-0.589808
354,3.97073,0.942669,-0.501673
354,3.18135,1.5893,-0.556907
354,4.74074,0.914002,0.911015
354,4.56189,1.20971,1.22704
354,4.77673,0.647889,0.333227
354,4.91642,0.281385,-0.289983
354,4.81268,0.871938,0.87174
354,4.2131,0.73883,-0.625532
354,4.88481,0.86433,0.976591
354,3.20397,1.6089,-0.595259
354,4.714,1.2924,1.61649
354,4.13187,0.846384,-0.616673
354,4.22096,0.771077,-0.625557
354,4.04199,0.93378,-0.607015
354,5.45304,0.630052,1.4311
354,4.77864,0.876737,0.650906
354,3.4008,1.54399,-0.525928
354,4.38808,1.06939,0.302312
354,4.77512,0.662303,0.107352
354,5.41533,0.258119,0.375075
354,3.47077,1.51982,-0.550465
354,4.62607,1.20485,0.956596
354,3.42592,1.57139,-0.550322
354,3.27896,1.66555,-0.649268
354,4.84627,1.24263,1.40556
354,3.51962,1.48933,-0.622543
354,3.28936,1.66713,-0.661998
354,4.77443,0.671103,-0.0712012
354,4.98686,0.856489,0.765984
354,5.05795,0.356607,-0.268346
354,3.31953,1.71952,-0.509653
354,5.38332,0.561474,0.828319
354,3.49246,1.5779,-0.524572
354,4.81865,0.682251,-0.028798
354,5.0325,0.926461,0.956699
354,4.94062,0.802459,0.472849
354,4.23716,0.922748,-0.625665
354,4.24528,0.922047,-0.6356
354,5.02409,0.867428,0.759122
354,2.96408,1.98108,-0.710239
354,2.95058,1.98931,-0.71919
354,3.33816,1.70719,-0.630621
354,5.54055,0.216181,0.20821
354,4.14354,1.0087,-0.699341
354,2.969,2.02687,-0.637115
354,4.81845,1.01216,0.609868
354,3.32517,1.72703,-0.65901
354,3.50853,1.60132,-0.598062
354,4.31949,0.888701,-0.669997
354,3.81005,1.43491,-0.399766
354,5.0756,0.943447,0.93182
354,2.98334,2.02865,-0.645256
354,4.89361,0.933818,0.504667
354,3.46916,1.63896,-0.685558
354,5.02498,0.931688,0.694516
354,3.61443,1.57212,-0.579348
354,4.54637,1.08295,0.0753748
354,5.17232,0.385452,-0.325852
354,4.56166,1.09507,0.0739452
354,4.07189,1.25373,-0.528553
354,3.62766,1.60124,-0.598684
354,5.54008,0.600098,0.805406
354,3.18866,2.19661,-0.0918007
354,4.99885,1.32268,1.41312
354,5.35712,0.145062,-0.628407
354,5.45742,0.446409,0.256459
354,4.95847,1.4576,1.62325
354,3.41672,1.77191,-0.674576
354,3.82385,1.48366,-0.564997
354,4.85889,0.802711,-0.180815
354,3.74243,1.5507,-0.640004
354,5.31539,0.233702,-0.622579
354,3.77627,1.54398,-0.595583
354,3.74705,1.54929,-0.644123
354,3.88312,1.47485,-0.556758
354,5.00886,0.889821,0.274943
354,4.86968,1.5423,1.46915
354,5.47883,0.583251,0.412234
354,5.01037,1.14822,0.807002
354,5.24726,0.362911,-0.580517
354,5.24513,0.365174,-0.581149
354,4.13161,1.31002,-0.571732
354,5.33824,0.268792,-0.637766
354,4.31546,1.20928,-0.532463
354,3.86774,1.53119,-0.664232
354,4.16766,1.36483,-0.465115
354,4.26019,1.30397,-0.451867
354,3.96325,1.47975,-0.62986
354,4.14177,1.39695,-0.49449
354,3.95235,1.38998,-0.90221
354,5.29026,0.392049,-0.60702
354,5.45086,0.590287,0.147572
354,4.91591,1.56781,1.35382
354,4.97391,1.58628,1.48986
354,5.01974,1.67411,1.7551
354,4.94576,1.57326,1.34236
354,4.97583,0.872022,-0.268162
354,3.9877,1.42034,-0.939793
354,4.05468,1.48972,-0.663195
354,4.56992,1.00187,-0.807294
354,4.99182,1.41135,0.921428
354,4.11752,1.46797,-0.662839
354,5.66622,0.690458,0.554245
354,3.8577,2.41894,1.02893
354,4.10271,1.52103,-0.596208
354,4.12732,1.50387,-0.596303
354,4.20223,1.4257,-0.650857
354,4.12686,1.47997,-0.673624
354,5.29189,0.534983,-0.612125
354,4.29679,1.41595,-0.519733
354,5.30043,0.532504,-0.623318
354,4.28981,1.42513,-0.555425
354,5.40265,1.13769,0.939871
354,5.30732,0.543911,-0.638215
354,4.26577,2.14396,0.983532
354,4.04262,1.6749,-0.543287
354,3.75758,2.63772,1.1263
354,3.76447,2.65319,1.16787
354,4.12928,1.54136,-0.703433
354,5.59883,0.726983,0.27057
354,5.43783,1.12824,0.885739
354,3.79735,2.88804,1.74694
354,5.28516,0.618295,-0.623731
354,5.59359,0.747131,0.277978
354,5.4563,1.15816,0.933365
354,3.78816,2.66654,1.1555
354,5.28479,0.641494,-0.623349
354,3.74649,2.6529,1.01711
354,5.3022,0.641691,-0.628994
354,5.29564,0.649472,-0.637479
354,5.51184,0.52586,-0.529109
354,5.18593,0.825246,-0.482784
354,4.08159,1.71374,-0.580914
354,3.78225,2.63804,0.949834
354,3.77354,2.64067,0.931696
354,5.50144,1.18704,0.925812
354,3.77713,2.68883,1.02308
354,5.32914,0.660352,-0.654423
354,3.75135,2.64841,0.863832
354,3.74087,2.81981,1.21704
354,5.5969,1.25739,1.1691
354,3.70888,2.86926,1.2001
354,3.70828,2.86849,1.19602
354,5.30732,0.738111,-0.634874
354,5.25798,0.789489,-0.618384
354,4.8936,1.27118,-0.21886
354,5.31041,0.752136,-0.644664
354,5.66173,1.38777,1.48077
354,5.35566,0.757078,-0.588981
354,3.8732,3.02956,1.76424
354,3.80733,2.71214,0.895248
354,3.82718,2.74372,0.95122
354,3.78367,2.6594,0.660944
354,3.73622,2.70546,0.669978
354,5.24359,0.902182,-0.616454
354,3.74663,2.72436,0.672766
354,5.5712,1.64995,1.74249
354,5.3229,1.36311,0.577617
354,3.79478,2.69116,0.657991
354,5.46837,1.43193,0.977783
354,4.61924,1.40616,-0.752384
354,5.92599,0.288902,-0.809173
354,4.99628,1.69641,0.631048
354,5.42175,1.13411,0.138931
354,3.78128,2.7465,0.655836
354,3.7717,2.75684,0.654205
354,4.99445,1.73689,0.668468
354,3.54791,2.74947,0.177786
354,6.25418,0.229449,-0.412167
354,4.70552,1.43526,-0.680751
354,3.73707,2.81955,0.628996
354,5.01299,1.75171,0.644973
354,5.59882,1.17734,0.445613
354,3.7686,2.78956,0.570441
354,5.27574,1.00483,-0.641686
354,3.6931,2.85566,0.5603
354,5.76239,0.733958,-0.341119
354,5.32615,1.07532,-0.416584
354,6.14093,0.334946,-0.562132
354,5.06605,1.76325,0.618266
354,4.47394,2.53964,1.2602
354,5.65288,1.24489,0.554227
354,5.65353,1.18771,0.411471
354,5.26944,1.10645,-0.645806
354,5.83557,0.621869,-0.676597
354,5.30363,1.07741,-0.664226
354,3.75296,3.00854,0.709363
354,4.83495,1.48571,-0.779518
354,5.61474,1.5155,0.807389
354,3.72084,2.80507,0.0824081
354,6.11702,0.410502,-0.794999
354,5.60713,1.09648,-0.20063
354,3.75558,2.94548,0.454366
354,5.23734,1.23697,-0.628584
354,5.25642,1.22636,-0.642024
354,6.19998,0.289474,-0.974974
354,6.22079,1.01053,0.732819
354,5.85732,0.776743,-0.52478
354,5.22413,1.26954,-0.622204
354,5.21675,1.27873,-0.626017
354,5.23968,1.26531,-0.64132
354,3.78503,3.06984,0.694044
354,5.17195,1.84452,0.544463
354,5.55998,1.54559,0.608881
354,5.18579,1.44421,-0.364398
354,4.6607,2.73962,1.58425
354,5.09535,1.87619,0.416035
354,3.81324,2.96362,0.412815
354,5.92928,0.700183,-0.714371
354,5.30483,1.25087,-0.679679
354,3.83563,2.92768,0.310204
354,4.68596,2.76521,1.5898
354,5.69526,1.26379,0.0463953
354,5.67556,1.19879,-0.190212
354,5.69548,2.02109,1.75225
354,4.69937,2.66382,1.26709
354,4.72078,2.78812,1.58976
354,3.85502,2.96219,0.296605
354,5.65782,1.17687,-0.323038
354,5.99455,1.57639,1.24245
354,5.20803,1.43362,-0.637071
354,5.71299,1.21523,-0.189402
354,5.93494,1.63098,1.17904
354,5.27231,1.91044,0.496968
354,6.03024,1.58981,1.23521
354,5.0803,1.86694,0.015515
354,4.79273,2.76664,1.53467
354,4.84056,1.85207,-0.503749
354,4.85123,1.85067,-0.500949
354,4.72474,2.78414,1.39056
354,5.66894,1.58621,0.386478
354,5.78607,1.23232,-0.224209
354,5.1197,1.96071,0.15559
354,6.07295,0.755082,-0.786619
354,6.52956,0.464798,-0.595695
354,5.04185,1.5877,-0.917165
354,5.79584,1.24997,-0.228102
354,6.6276,0.393073,-0.612555
354,5.98639,1.71537,1.18371
354,5.35889,1.93965,0.450158
354,5.3475,1.95528,0.441741
354,4.78701,2.84631,1.39799
354,4.67925,2.60496,0.61285
354,4.79779,2.8442,1.39866
354,4.82904,2.82408,1.39783
354,5.34234,1.68882,-0.246944
354,4.72905,2.58974,0.627517
354,6.15669,1.66626,1.24894
354,6.52832,0.388113,-1.01486
354,5.0907,2.03302,-0.022122
354,4.75359,2.60771,0.609781
354,3.96004,3.02192,0.00380874
354,5.54921,1.78485,0.234983
354,4.8278,2.54085,0.575984
354,6.2081,1.746,1.42723
354,4.83074,2.86229,1.27229
354,5.44087,1.59449,-0.504638
354,3.82547,2.99064,-0.445292
354,4.41928,3.07617,0.877515
354,3.87103,3.01373,-0.380706
354,6.0984,0.965276,-0.784091
354,4.43267,2.98593,0.614119
354,4.80827,2.678,0.608281
354,4.44081,2.99069,0.61122
354,4.44053,2.9896,0.607292
354,4.44362,2.99039,0.57788
354,5.6188,1.8496,0.225519
354,4.61661,2.46813,-0.30352
354,5.19389,1.85301,-0.624337
354,5.06173,2.19112,-0.161906
354,6.4482,0.813011,-0.651692
354,3.91497,2.9635,-0.670103
354,5.03642,2.40298,0.218994
354,5.28795,1.80329,-0.692759
354,3.9224,2.96961,-0.666256
354,3.90238,2.97561,-0.714064
354,5.53582,1.70268,-0.556405
354,4.98724,2.37309,-0.109925
354,4.99044,2.37029,-0.11349
354,5.2661,1.90631,-0.655553
354,3.91065,3.1246,-0.503322
354,3.96568,3.01329,-0.675217
354,5.19128,2.97639,1.62351
354,5.09059,2.90747,1.26594
354,3.98416,3.04106,-0.620881
354,3.92682,3.04231,-0.734818
354,3.92195,3.05098,-0.725372
354,3.99743,3.02341,-0.675968
354,3.97831,3.03402,-0.700326
354,5.95536,1.35383,-0.763361
354,5.37989,1.8518,-0.735766
354,6.0818,2.28681,1.62245
354,5.24838,3.04226,1.63508
354,3.96025,3.20046,-0.773752
354,5.34004,3.14966,1.64861
354,5.2997,3.17777,1.58174
354,4.86302,2.67094,-0.495198
354,4.83853,2.72507,-0.463616
354,5.29222,3.11048,1.24278
354,5.41976,3.26585,1.66176
354,6.88753,2.05497,1.31352
354,7.12403,2.25806,2.10195
354,8.93064,2.55217,2.36777
354,9.77244,3.77946,2.50882
354,4.88869,1.03937,1.01695
353,4.88869,1.03937,1.01695
354,3.40505,1.44874,-0.706681
353,3.40505,1.44874,-0.706681
354,4.8751,1.88482,0.362484
353,4.8751,1.88482,0.362484
354,5.05164,1.0787,0.613457
353,5.05164,1.0787,0.613457
354,3.39364,1.43324,-0.691601
353,3.39364,1.43324,-0.691601
354,5.35837,1.0201,1.30874
353,5.35837,1.0201,1.30874
354,5.3101,0.395701,0.1237
353,5.3101,0.395701,0.1237
354,5.37592,0.393696,0.130047
353,5.37592,0.393696,0.130047
354,5.26594,0.395729,0.377342
353,5.26594,0.395729,0.377342
354,4.7504,1.4573,1.10492
353,4.7504,1.4573,1.10492
354,4.6936,1.30508,-0.197199
353,4.6936,1.30508,-0.197199
354,5.13603,1.03938,-0.354293
353,5.13603,1.03938,-0.354293
354,5.38653,1.77016,-0.565915
353,5.38653,1.77016,-0.565915
354,4.87555,1.41598,0.638631
353,4.87555,1.41598,0.638631
354,5.00266,1.06667,1.37288
352,5.00266,1.06667,1.37288
354,5.14346,1.6273,0.326357
352,5.14346,1.6273,0.326357
354,4.41164,1.83487,-0.369941
352,4.41164,1.83487,-0.369941
354,5.14335,1.67405,1.39099
352,5.14335,1.67405,1.39099
354,3.84406,1.20351,-0.618109
352,3.84406,1.20351,-0.618109
354,5.33871,0.583374,-0.0677511
352,5.33871,0.583374,-0.0677511
354,3.8523,1.21217,-0.627005
352,3.8523,1.21217,-0.627005
354,4.96332,2.77547,1.52545
352,4.96332,2.77547,1.52545
354,5.3934,0.927644,-0.376423
352,5.3934,0.927644,-0.376423
354,5.22792,1.19083,-0.372013
352,5.22792,1.19083,-0.372013
354,3.67697,1.55006,-0.588891
352,3.67697,1.55006,-0.588891
354,5.42826,0.943632,-0.389833
352,5.42826,0.943632,-0.389833
354,3.74152,1.6181,-0.631493
352,3.74152,1.6181,-0.631493
354,4.05437,3.35107,-0.543371
352,4.05437,3.35107,-0.543371
354,4.85151,1.87749,-0.513986
342,4.85151,1.87749,-0.513986
354,3.79097,1.14728,-0.636251
342,3.79097,1.14728,-0.636251
354,5.29441,0.525533,0.702452
342,5.29441,0.525533,0.702452
354,5.1621,1.43748,-0.603477
341,5.1621,1.43748,-0.603477
354,5.14467,1.57889,1.43234
341,5.14467,1.57889,1.43234
354,5.18133,0.951033,0.491469
166,5.18133,0.951033,0.491469
354,4.84834,2.13879,0.820448
166,4.84834,2.13879,0.820448
354,5.05741,1.11305,0.89819
351,5.05741,1.11305,0.89819
354,4.03303,1.60418,-0.694445
217,4.03303,1.60418,-0.694445
354,4.0686,1.52667,-0.678128
217,4.0686,1.52667,-0.678128
354,5.25099,1.7321,-0.125291
343,5.25099,1.7321,-0.125291
354,5.03246,0.439529,0.74462
350,5.03246,0.439529,0.74462
355,2.15681,0.36182,1.07095
355,2.98945,0.217492,0.98982
355,1.89752,1.94985,0.9556
355,1.8947,1.96287,0.946165
355,1.89058,1.98488,0.944592
355,1.9007,1.97856,0.828101
355,2.69058,1.64484,1.00389
355,1.90668,1.96219,0.652907
355,2.67985,1.59756,0.753453
355,1.90769,1.9361,0.535109
355,1.90255,1.9484,0.528899
355,2.81076,1.89135,1.27496
355,2.81752,1.89164,1.27538
355,2.80587,1.86994,1.19148
355,2.81582,1.89647,1.27207
355,2.80047,1.95114,1.2648
355,2.83113,1.92735,0.954208
355,2.80638,1.72892,0.126169
355,2.5966,1.6635,-0.390932
355,2.86042,1.87368,0.496777
355,2.87573,1.87157,0.46809
355,2.83013,1.75131,0.0392438
355,2.60641,1.71394,-0.43714
355,2.86767,1.89957,0.492234
355,2.87543,1.90051,0.489174
355,2.34465,1.80655,-0.604237
355,2.87989,1.89919,0.455122
355,2.85023,1.78469,0.0679147
355,2.84684,1.80206,0.0879236
355,2.85712,1.80143,0.0947106
355,2.61337,1.76251,-0.463318
355,1.66453,2.87212,1.28013
355,2.87677,1.82829,0.0688224
355,2.33425,2.52979,1.2684
355,2.61547,1.77412,-0.489001
355,2.6258,1.77079,-0.48839
355,4.28269,1.66959,1.65126
355,2.83314,1.82446,-0.525883
355,3.16435,1.63016,-0.593552
355,3.16763,1.62205,-0.618936
355,3.17015,1.63401,-0.600981
355,2.84483,1.83834,-0.583371
355,3.19469,1.65595,-0.60477
355,3.21634,1.65539,-0.651464
355,3.22486,1.67591,-0.628197
355,3.22368,1.68089,-0.623309
355,3.43418,1.57948,-0.627973
355,3.43334,1.5821,-0.630036
355,3.59602,1.50312,-0.628591
355,3.57486,1.51798,-0.621719
355,3.45254,1.5835,-0.635556
355,2.91379,1.87347,-0.628872
355,3.2587,1.69299,-0.632147
355,5.07582,0.972117,0.0338159
355,2.91343,1.88133,-0.635135
355,3.26327,1.69925,-0.639858
355,5.08839,0.947708,-0.0698953
355,3.31242,1.67367,-0.673891
355,5.01797,1.27473,0.730457
355,3.62351,1.54048,-0.618984
355,3.70375,1.51153,-0.621204
355,5.01834,1.28723,0.723166
355,3.60548,1.56953,-0.612459
355,3.60932,1.57197,-0.615339
355,3.70949,1.5173,-0.621346
355,3.62863,1.56366,-0.612542
355,3.32873,1.71838,-0.623116
355,5.13012,1.17111,0.522247
355,3.30037,1.76074,-0.592089
355,3.30146,1.7611,-0.596921
355,5.14375,1.18499,0.529648
355,3.6194,1.59745,-0.593264
355,5.17263,1.06362,0.215603
355,5.06702,1.29489,0.704897
355,3.67265,1.56038,-0.657532
355,3.62217,1.60747,-0.602089
355,3.78322,1.51439,-0.632169
355,3.55654,1.6367,-0.639911
355,3.55124,1.64855,-0.63945
355,3.6997,1.58751,-0.61103
355,5.13703,1.21531,0.464828
355,3.83839,1.516,-0.655076
355,5.11526,1.26688,0.551562
355,3.73661,1.59048,-0.608274
355,3.57439,1.6731,-0.61836
355,3.79639,1.56307,-0.609298
355,3.57553,1.67929,-0.614374
355,3.76742,1.58642,-0.615806
355,5.17067,1.2223,0.454404
355,3.83724,1.53922,-0.655902
355,3.80305,1.5736,-0.611941
355,5.20243,1.63866,1.69598
355,3.82984,1.55141,-0.653655
355,3.78657,1.58461,-0.626892
355,3.88377,1.5286,-0.643987
355,3.44078,1.75552,-0.662753
355,5.11169,1.62519,1.49363
355,3.86291,1.55949,-0.609076
355,5.1547,1.28373,0.543434
355,3.39005,1.824,-0.587371
355,3.76579,1.61195,-0.635727
355,3.96066,1.50724,-0.642729
355,3.94516,1.53171,-0.603358
355,3.78472,1.60817,-0.627183
355,3.98621,1.51291,-0.600955
355,3.42734,1.78696,-0.658508
355,3.97226,1.50463,-0.653131
355,3.98388,1.52098,-0.602596
355,5.06228,1.2844,0.339404
355,3.87277,1.57479,-0.627462
355,5.14242,1.48107,1.01764
355,5.12825,1.70983,1.64934
355,3.87882,1.57721,-0.63072
355,3.97954,1.5188,-0.660376
355,3.99158,1.51793,-0.652755
355,5.0625,1.30049,0.331423
355,4.03174,1.5177,-0.609855
355,4.03697,1.51644,-0.614451
355,4.02179,1.50613,-0.668446
355,4.16646,1.44202,-0.6348
355,3.19116,2.2999,0.348484
355,5.11899,1.48109,0.900431
355,5.17756,1.76017,1.77372
355,4.07837,1.49931,-0.655913
355,5.26917,1.59007,1.37077
355,5.1876,1.77617,1.7816
355,5.09956,1.31877,0.320286
355,5.21647,1.03444,-0.361336
355,5.101,1.33385,0.321333
355,5.15797,1.50425,0.895303
355,5.27067,0.992473,-0.426724
355,5.24369,1.77891,1.79091
355,5.22301,1.79279,1.78724
355,4.27762,1.46327,-0.62091
355,5.12465,1.34339,0.308007
355,5.03485,1.52062,0.673134
355,5.12508,1.53013,0.829035
355,4.31649,1.4432,-0.652223
355,4.14346,1.53753,-0.645163
355,5.17619,1.83971,1.7831
355,5.17071,1.84662,1.7777
355,4.29196,1.47708,-0.630592
355,4.61791,2.12919,1.74712
355,5.12689,1.60006,0.98198
355,5.27357,1.65096,1.34883
355,5.22346,1.72085,1.47136
355,5.19573,1.84811,1.79506
355,5.21211,1.71171,1.39346
355,5.20097,1.75129,1.43785
355,5.11696,1.65373,1.00673
355,5.13144,1.46973,0.490162
355,4.17352,1.5787,-0.652232
355,5.07123,1.50211,0.482927
355,5.23938,1.73337,1.40305
355,1.62286,2.92666,-0.636185
355,5.0369,1.45519,0.290024
355,5.1374,1.4745,0.493124
355,4.37886,1.50143,-0.58504
355,5.17285,1.57686,0.807621
355,4.18009,1.59818,-0.659075
355,5.02717,1.45701,0.212088
355,4.71321,1.31986,-0.662683
355,5.05433,1.46662,0.275773
355,5.09973,1.47011,0.342228
355,5.23618,1.90021,1.79103
355,5.12542,1.48713,0.426691
355,5.21825,1.75963,1.35295
355,5.09161,1.48811,0.365394
355,4.36994,1.52563,-0.624101
355,1.5943,2.95952,-0.702067
355,4.38852,1.5186,-0.636748
355,5.18019,1.74397,1.21217
355,5.16149,1.46576,0.375535
355,4.59292,1.41912,-0.624518
355,4.72257,1.33966,-0.667388
355,5.12404,1.49681,0.38453
355,5.07072,1.48733,0.266411
355,5.14795,1.50526,0.423342
355,5.14062,1.52415,0.454303
355,5.20592,1.78591,1.30655
355,5.17222,1.49038,0.396638
355,5.14379,1.52878,0.451759
355,5.07359,1.41972,0.0210859
355,4.41575,1.5414,-0.629049
355,5.20852,1.76349,1.21087
355,5.19943,1.78443,1.25643
355,1.59777,3.00398,-0.690686
355,5.14456,1.50892,0.369684
355,4.44608,1.53143,-0.640451
355,5.12742,1.54273,0.418541
355,1.59834,3.02598,-0.653469
355,4.66917,1.41802,-0.65077
355,5.10812,1.40956,-0.0185686
355,5.22763,1.77452,1.20862
355,5.1086,1.67515,0.733248
355,5.14287,1.52477,0.340446
355,1.60454,3.02604,-0.697057
355,4.10246,1.75682,-0.600454
355,5.12925,1.55552,0.349248
355,5.16516,1.74332,0.915221
355,5.23338,1.18483,-0.6233
355,1.57597,3.06072,-0.763554
355,4.14656,1.75796,-0.629172
355,5.12317,1.72698,0.759758
355,5.1236,1.5717,0.295352
355,1.58135,3.06632,-0.767718
355,3.76409,2.80874,1.77606
355,4.14022,1.77907,-0.635512
355,5.21531,1.22554,-0.620922
355,5.11151,1.61362,0.323724
355,5.19316,1.2542,-0.6099
355,5.17725,1.27154,-0.605772
355,1.58891,3.09869,-0.784044
355,3.846,2.80763,1.77606
355,3.84068,2.81507,1.77021
355,5.12619,1.74015,0.603881
355,5.19228,1.70374,0.590525
355,5.09894,1.76249,0.611151
355,5.17147,1.30847,-0.604273
355,5.18415,1.64182,0.324904
355,5.11759,1.75785,0.542068
355,5.15185,1.48,-0.21783
355,5.14973,1.77694,0.602461
355,5.20996,1.32478,-0.619806
355,5.16133,1.76576,0.548611
355,3.85894,2.88789,1.80281
355,5.1348,1.80947,0.61026
355,5.13934,1.8033,0.592951
355,5.18454,1.44579,-0.377058
355,3.86335,2.88236,1.76945
355,5.13652,1.81419,0.60866
355,5.1819,1.65485,0.199346
355,5.15315,1.5127,-0.26417
355,5.13282,1.80158,0.535395
355,3.47259,2.30462,-0.559131
355,5.16936,1.79049,0.526544
355,3.80251,2.73247,1.17141
355,5.15833,1.82967,0.610132
355,3.89367,2.89927,1.78171
355,3.46649,2.32592,-0.535113
355,3.83688,2.72486,1.17395
355,3.46651,2.32725,-0.541074
355,5.1842,1.83933,0.652181
355,3.58639,2.72198,0.775713
355,3.82414,2.71284,1.10125
355,3.85147,2.72495,1.16847
355,3.8197,2.72553,1.11596
355,5.21816,1.67256,0.189043
355,5.20693,1.70523,0.262282
355,5.17262,1.8493,0.620586
355,5.15524,1.87368,0.640258
355,5.18176,1.8281,0.54327
355,5.18565,1.81249,0.492039
355,3.85343,2.75741,1.17541
355,3.8275,2.75174,1.11191
355,3.80939,2.72519,1.00594
355,3.82856,2.77501,1.17042
355,3.84682,2.76665,1.1716
355,3.39787,2.67313,0.217772
355,4.94136,2.41525,1.80408
355,5.21827,1.5936,-0.168843
355,5.00736,1.78548,0.062722
355,3.79951,2.68964,0.835227
355,3.84286,2.78225,1.16585
355,3.77485,2.65648,0.676821
355,3.85103,2.76781,1.10982
355,5.23465,1.52135,-0.408884
355,5.19425,1.73713,0.151146
355,3.67874,2.71135,0.657624
355,3.73149,2.70062,0.690467
355,3.82909,2.74286,0.948975
355,3.84748,2.77552,1.07075
355,3.73081,2.89402,1.21635
355,3.76917,2.87659,1.21377
355,5.01667,1.82343,0.0430183
355,5.2009,1.73829,0.074813
355,3.83049,2.74274,0.894296
355,5.24075,1.46836,-0.650355
355,3.82905,2.74571,0.899134
355,3.78739,2.88174,1.2055
355,5.19653,1.73479,0.0241288
355,3.70126,2.74119,0.645229
355,3.78448,2.88624,1.18975
355,5.06537,1.86476,0.177826
355,3.52208,2.70213,0.246741
355,3.86007,2.76143,0.927423
355,3.84173,2.72543,0.766646
355,5.16014,1.7362,-0.0984255
355,5.21367,1.76476,0.0636373
355,3.80934,2.70402,0.64002
355,5.04036,1.90502,0.180548
355,3.8025,2.71671,0.645937
355,5.05882,1.91394,0.175811
355,3.83378,2.73441,0.679585
355,3.82015,2.73205,0.649519
355,5.06064,1.86621,0.0267063
355,5.23281,1.72879,-0.118533
355,3.78948,2.77593,0.695348
355,5.06683,1.67364,-0.559458
355,5.07078,1.67904,-0.566062
355,5.31418,1.7049,-0.148704
355,3.8054,2.75322,0.588988
355,5.04251,1.70973,-0.554719
355,3.81271,2.75472,0.579313
355,5.05002,1.72519,-0.521687
355,3.80532,2.77755,0.6294
355,5.10129,1.72201,-0.462834
355,5.00746,2.04878,0.314162
355,5.1633,1.6533,-0.61583
355,5.04625,1.76067,-0.513931
355,5.02207,1.89854,-0.176426
355,3.78041,2.80817,0.563583
355,4.99425,1.91724,-0.175919
355,3.75833,2.84294,0.623708
355,5.06199,1.76075,-0.540054
355,3.67563,2.84063,0.470117
355,3.68849,2.87385,0.583884
355,5.30721,1.7705,-0.157611
355,3.72441,2.86536,0.604477
355,3.80278,2.82155,0.585753
355,3.7902,2.82003,0.560968
355,3.73226,2.86655,0.603013
355,5.04775,2.07331,0.298354
355,4.2719,2.79937,1.15968
355,3.74495,2.88594,0.600575
355,3.70204,2.90576,0.583301
355,3.78778,2.88835,0.614339
355,4.98274,2.19033,0.390533
355,4.98599,2.08399,0.0556198
355,3.7996,2.91103,0.617435
355,4.19925,2.80824,0.921858
355,3.72715,2.90356,0.463683
355,4.96328,2.71065,1.74845
355,4.23869,2.81413,0.924334
355,5.07996,2.04263,-0.0309405
355,5.01706,2.22325,0.378591
355,3.8067,2.84499,0.337761
355,4.92412,2.76906,1.80793
355,4.98797,2.25138,0.397337
355,5.02937,2.11688,0.0461619
355,4.9842,2.08295,-0.123502
355,3.8159,2.85509,0.330674
355,5.02816,2.23569,0.378251
355,5.05103,2.12989,0.0348876
355,5.09017,2.10962,0.0209986
355,4.92403,2.74334,1.59119
355,3.78621,2.94099,0.427001
355,4.97853,2.77077,1.74
355,4.4006,2.87728,1.16895
355,4.34846,2.86923,1.0664
355,4.33303,2.87705,1.05378
355,3.84637,2.82175,0.146633
355,5.01183,2.22462,0.177007
355,4.97557,2.81381,1.81491
355,4.41627,2.87933,1.15486
355,4.33344,2.85222,0.939049
355,3.62997,2.93789,0.111735
355,3.81443,2.95063,0.42535
355,4.38851,2.90376,1.16033
355,4.35718,2.88658,1.05982
355,5.06757,2.20402,0.163392
355,3.7763,2.98041,0.444198
355,4.39802,2.89797,1.14237
355,3.7667,2.99983,0.475493
355,3.84989,2.82246,0.0841062
355,4.38173,2.91653,1.15852
355,5.00616,2.14344,-0.136869
355,4.34513,2.86445,0.929595
355,3.65831,2.92962,0.0680695
355,3.65817,2.94889,0.107807
355,4.30094,2.80408,0.661802
355,4.99141,2.777,1.60181
355,3.66444,2.95775,0.108854
355,4.3157,2.80454,0.64391
355,3.76305,2.80134,-0.211973
355,4.32695,2.79287,0.616539
355,5.02125,2.77148,1.60084
355,3.70587,2.72879,-0.524955
355,4.95103,2.68588,1.21696
355,4.97259,2.79033,1.52862
355,4.57974,3.11252,1.857
355,5.01851,2.79834,1.60888
355,3.75183,2.63774,-0.780352
355,3.71787,2.80573,-0.356223
355,4.93741,2.71514,1.22153
355,4.57731,3.12655,1.86072
355,4.96631,2.70072,1.21669
355,3.87451,2.84527,-0.0241438
355,3.77197,2.81175,-0.281928
355,3.6231,2.83966,-0.435046
355,5.09689,1.99553,-0.644312
355,4.34615,2.8281,0.612661
355,4.95859,2.71555,1.21551
355,4.99411,2.80863,1.53064
355,4.94318,2.72943,1.22231
355,4.92792,2.80438,1.41435
355,4.9657,2.7824,1.39865
355,4.94723,2.73176,1.21764
355,3.76498,2.8106,-0.350134
355,5.00845,2.80853,1.52717
355,5.00557,2.81659,1.53466
355,5.05642,2.81517,1.60328
355,3.76748,2.82436,-0.363899
355,4.98704,2.73583,1.23031
355,5.1204,2.01907,-0.650173
355,3.77479,2.8252,-0.363612
355,3.63886,2.88276,-0.412788
355,3.62845,2.98562,-0.13277
355,3.64403,2.97911,-0.130368
355,5.01298,2.3853,0.218843
355,5.00245,2.44521,0.36706
355,4.96108,2.77994,1.26636
355,4.96742,2.76242,1.22463
355,4.98703,2.75412,1.22794
355,5.00609,2.85425,1.53247
355,5.01328,2.86025,1.54549
355,4.97594,2.78401,1.26763
355,5.0269,2.33493,0.0420305
355,5.06366,2.37225,0.205525
355,5.0198,2.45654,0.358935
355,4.35682,2.89472,0.610375
355,4.99332,2.7976,1.27293
355,5.07165,2.38727,0.204312
355,3.74833,2.85277,-0.461669
355,4.92435,2.93549,1.55287
355,5.03524,2.35307,0.0375433
355,4.65671,3.19341,1.8891
355,5.12805,2.06436,-0.676174
355,4.97905,2.81664,1.26134
355,4.89716,2.9539,1.5237
355,3.81129,2.89182,-0.303559
355,5.00647,2.49825,0.355171
355,3.78671,2.88257,-0.392824
355,3.8134,2.90097,-0.303261
355,3.80619,2.89642,-0.329214
355,5.00264,2.86476,1.39411
355,4.77238,3.14858,1.86284
355,4.94527,2.38092,-0.094577
355,3.8154,2.89531,-0.329139
355,4.78223,3.1487,1.86661
355,4.86824,3.11017,1.86792
355,4.90645,2.97544,1.53187
355,4.98075,2.85422,1.27832
355,3.82035,2.8235,-0.574693
355,4.75659,3.20297,1.9082
355,4.92039,3.03732,1.62278
355,5.03648,3.18318,2.21959
355,3.84995,2.84449,-0.570757
355,3.82697,2.84515,-0.62244
355,5.0241,2.87642,1.26807
355,3.79748,2.87817,-0.597259
355,4.95256,3.03976,1.61903
355,4.96257,3.05065,1.62019
355,4.96704,3.02416,1.53422
355,4.90928,2.96062,1.25946
355,4.96809,3.02654,1.53777
355,3.8801,2.87007,-0.582221
355,4.95293,3.03643,1.52555
355,4.98409,3.14204,1.86571
355,3.93355,2.8484,-0.604421
355,4.99323,2.69068,0.538805
355,4.9451,3.01745,1.40717
355,5.04538,3.09688,1.77706
355,4.9732,3.09683,1.61331
355,4.88192,3.01134,1.22645
355,4.95044,3.00075,1.25773
355,5.06102,3.16833,1.86778
355,5.00124,3.05037,1.40333
355,5.00628,3.23108,1.88691
355,5.10632,3.1612,1.80768
355,5.09605,3.20112,1.86949
355,5.12235,3.17639,1.81728
355,5.0784,3.26765,1.90577
355,4.99426,2.89121,0.552385
355,5.01277,2.91175,0.552392
355,5.04867,2.91553,0.543012
355,5.04784,2.9271,0.539786
355,5.01088,2.95821,0.570954
355,5.16676,2.89188,0.483257
355,5.08037,2.97424,0.544775
355,4.94685,2.68691,-0.558744
355,4.95078,2.68452,-0.562036
355,4.91686,2.80496,-0.499454
355,4.97698,2.8265,-0.513047
355,5.00079,2.80088,-0.572142
355,4.95618,2.83797,-0.533314
355,5.21698,3.20421,0.828451
355,5.01445,2.89339,-0.56872
355,3.72969,2.77894,0.143075
354,3.72969,2.77894,0.143075
355,2.84525,2.03097,0.952831
354,2.84525,2.03097,0.952831
355,2.76139,1.80496,0.88694
354,2.76139,1.80496,0.88694
355,3.76004,2.81504,1.77557
354,3.76004,2.81504,1.77557
355,5.42725,1.63233,-0.405739
354,5.42725,1.63233,-0.405739
355,5.11735,1.44358,1.3597
354,5.11735,1.44358,1.3597
355,2.80011,1.93045,0.860474
354,2.80011,1.93045,0.860474
355,3.84282,2.9247,0.534207
354,3.84282,2.9247,0.534207
355,5.01148,1.40562,1.03663
354,5.01148,1.40562,1.03663
355,2.8592,2.02097,0.927749
354,2.8592,2.02097,0.927749
355,4.80918,1.473,-0.400607
354,4.80918,1.473,-0.400607
355,4.19058,2.18356,0.0504215
353,4.19058,2.18356,0.0504215
355,3.97343,1.36078,1.16945
353,3.97343,1.36078,1.16945
355,3.30612,1.80848,-0.459654
353,3.30612,1.80848,-0.459654
355,5.02157,1.66564,1.15064
353,5.02157,1.66564,1.15064
355,5.30771,1.87579,1.14018
353,5.30771,1.87579,1.14018
355,3.75057,2.79794,-0.34645
353,3.75057,2.79794,-0.34645
355,2.90295,1.84928,-0.58755
353,2.90295,1.84928,-0.58755
355,3.53775,2.3541,0.648203
353,3.53775,2.3541,0.648203
355,3.69322,2.64377,0.575329
353,3.69322,2.64377,0.575329
355,3.26665,2.58344,0.0777343
233,3.26665,2.58344,0.0777343
355,2.82814,1.9025,0.65094
233,2.82814,1.9025,0.65094
355,4.1209,3.67548,0.746398
233,4.1209,3.67548,0.746398
355,4.04097,3.5323,0.954163
233,4.04097,3.5323,0.954163
355,2.18783,2.69553,1.60001
233,2.18783,2.69553,1.60001
355,2.81125,1.86421,0.65863
233,2.81125,1.86421,0.65863
355,3.87184,2.98935,0.49968
233,3.87184,2.98935,0.49968
355,2.80174,1.86129,0.958751
233,2.80174,1.86129,0.958751
355,1.80884,1.98236,1.09823
233,1.80884,1.98236,1.09823
355,4.36822,3.98197,2.04348
233,4.36822,3.98197,2.04348
355,4.1748,3.69918,0.264685
233,4.1748,3.69918,0.264685
355,3.67179,2.47315,0.804132
352,3.67179,2.47315,0.804132
355,5.10941,1.54329,0.563163
352,5.10941,1.54329,0.563163
355,3.76947,3.55991,-0.353828
217,3.76947,3.55991,-0.353828
355,5.02673,2.87247,1.77195
218,5.02673,2.87247,1.77195
355,4.71011,2.4324,0.64683
218,4.71011,2.4324,0.64683
355,3.84292,3.02504,0.412248
218,3.84292,3.02504,0.412248
355,3.85095,3.0474,0.404629
218,3.85095,3.0474,0.404629
355,3.86367,3.18203,0.482028
218,3.86367,3.18203,0.482028
355,4.772,2.86546,1.59831
166,4.772,2.86546,1.59831
355,4.98673,2.14436,0.639024
166,4.98673,2.14436,0.639024
355,4.0862,2.47189,-0.585713
166,4.0862,2.47189,-0.585713
355,3.83706,2.73119,0.189573
166,3.83706,2.73119,0.189573
355,4.08108,2.46336,-0.583433
166,4.08108,2.46336,-0.583433
355,2.77734,1.79422,0.908732
166,2.77734,1.79422,0.908732
355,2.77874,1.8067,0.913874
166,2.77874,1.8067,0.913874
355,2.78515,1.80198,0.675841
166,2.78515,1.80198,0.675841
355,4.24543,2.75188,0.65081
166,4.24543,2.75188,0.65081
355,5.27961,3.70764,-1.18956
31,5.27961,3.70764,-1.18956
355,5.56027,2.95848,1.17518
31,5.56027,2.95848,1.17518
355,4.6705,1.36558,-0.649073
31,4.6705,1.36558,-0.649073
355,3.14524,1.14276,0.561536
31,3.14524,1.14276,0.561536
355,4.13383,1.58728,-0.626345
343,4.13383,1.58728,-0.626345
355,4.38743,2.26409,-0.587896
341,4.38743,2.26409,-0.587896
355,4.69696,2.23306,-0.609132
341,4.69696,2.23306,-0.609132
355,5.00011,1.84232,-0.560194
341,5.00011,1.84232,-0.560194
355,5.56458,1.85577,-0.28489
351,5.56458,1.85577,-0.28489
355,5.22249,1.7347,0.256003
351,5.22249,1.7347,0.256003
356,1.82807,1.87518,1.2542
356,1.8176,1.86577,1.14384
356,1.81689,1.86207,1.12776
356,1.82005,1.86657,1.12541
356,1.82372,1.87489,1.12704
356,1.82529,1.87533,1.10804
356,1.82428,1.87828,1.10992
356,1.86359,1.96107,1.25188
356,1.89212,1.92748,1.15426
356,1.89193,1.94167,1.15103
356,1.86753,1.98435,1.25052
356,1.90531,1.93973,0.841082
356,2.77288,1.8297,1.17735
356,2.81116,1.8596,1.27111
356,1.91104,1.96732,0.834032
356,2.78028,1.85877,1.17654
356,2.81279,1.87868,1.2662
356,2.80772,1.86539,1.19717
356,1.90192,1.94705,0.647593
356,1.90298,1.95789,0.646395
356,1.90727,1.96883,0.643215
356,1.9015,1.98288,0.65172
356,1.57965,1.94931,0.276903
356,1.90111,1.94905,0.531978
356,1.90659,1.95266,0.540721
356,2.79825,1.86113,0.970241
356,1.9041,1.95188,0.524001
356,1.90706,1.9541,0.530482
356,1.90882,1.95419,0.531465
356,2.81,1.86469,0.970344
356,2.81084,1.86294,0.961438
356,2.81335,1.77157,0.600191
356,2.82523,1.77896,0.527784
356,2.81179,1.80336,0.474798
356,2.82434,1.82002,0.467678
356,2.84915,1.81164,0.456577
356,2.84979,1.84194,0.505701
356,2.83316,1.74092,0.164498
356,2.85394,1.85473,0.499074
356,2.83135,1.75671,0.155182
356,2.84981,1.87367,0.498349
356,2.85579,1.77644,0.143071
356,2.84434,1.80686,0.147785
356,2.82528,1.80834,0.136083
356,2.83595,1.81152,0.145281
356,2.85141,1.82155,0.144756
356,1.55634,2.29403,0.300561
356,0.784683,2.44488,-0.521251
356,0.805555,2.55011,-0.168812
356,0.76412,2.48057,-0.463135
356,1.56174,2.49709,0.207042
356,0.735411,2.52618,-0.386828
356,0.788668,2.54433,-0.298405
356,0.76375,2.56152,-0.29231
356,0.742729,2.54519,-0.363007
356,0.762537,2.58823,-0.211417
356,0.746182,2.50412,-0.500912
356,0.785537,2.55979,-0.291918
356,0.763096,2.55772,-0.317095
356,0.723043,2.59674,-0.226563
356,0.745908,2.55658,-0.338493
356,0.741491,2.5991,-0.20593
356,1.56863,2.5403,0.279477
356,0.726003,2.56228,-0.34137
356,0.728874,2.54773,-0.391495
356,0.72416,2.58644,-0.279028
356,2.37161,2.38039,0.405356
356,0.744176,2.50354,-0.591741
356,0.794479,2.63064,-0.358961
356,1.5579,3.07411,1.34376
356,1.58288,3.0709,1.34413
356,1.55324,2.70072,0.128002
356,1.58809,3.0816,1.3334
356,1.58512,3.08962,1.33333
356,1.63131,3.06665,1.28481
356,1.62964,3.07371,1.28829
356,3.35346,2.11676,-0.402677
356,1.54324,3.1289,1.35123
356,1.6211,3.10682,1.2978
356,3.36182,2.13653,-0.39094
356,3.35828,2.13028,-0.414512
356,3.38034,2.12546,-0.428223
356,1.60942,3.12064,1.29501
356,1.62728,3.12187,1.30593
356,1.67075,3.10647,1.28648
356,1.57585,3.15369,1.34731
356,2.24854,3.10246,1.71461
356,3.32942,2.15655,-0.433115
356,1.56738,3.17321,1.34534
356,3.33726,2.16685,-0.43805
356,3.39345,2.15181,-0.448254
356,1.54911,3.19229,1.35323
356,3.40523,2.16429,-0.452651
356,1.5576,3.20017,1.35149
356,3.85513,2.75084,1.78188
356,3.81051,2.78073,1.78759
356,3.80854,2.78371,1.77572
356,3.8265,2.78189,1.77606
356,3.82658,2.78396,1.78145
356,3.83198,2.78845,1.77751
356,3.76035,2.80131,1.75335
356,3.81561,2.82024,1.79713
356,3.78538,2.83783,1.78246
356,3.85771,2.82725,1.77793
356,3.7957,2.8434,1.75897
356,1.57763,2.86758,-0.246846
356,4.01499,2.3475,0.0488145
356,3.82053,2.7494,1.16531
356,3.77091,2.92079,1.65746
356,3.84163,2.73695,1.11274
356,3.77349,2.92888,1.65695
356,3.82658,2.77679,1.15955
356,3.83977,2.77606,1.16746
356,3.83926,2.78385,1.15943
356,3.84329,2.79578,1.16839
356,3.85618,2.79326,1.1632
356,0.532459,3.29508,0.050903
356,3.89808,2.78824,1.16395
356,3.85138,2.77544,1.05963
356,3.84629,2.79488,1.10991
356,3.8674,2.79296,1.11181
356,3.86405,2.77977,1.05317
356,3.86493,2.79123,1.07223
356,1.57861,2.95241,-0.281919
356,3.87232,2.80435,1.11493
356,3.88562,2.79797,1.09244
356,3.77451,2.8648,1.20758
356,3.87558,2.79845,1.06554
356,3.83131,2.77764,0.941475
356,3.87528,2.81055,1.0667
356,1.5713,2.97711,-0.303243
356,3.85258,2.77386,0.892792
356,3.87401,2.80446,0.946242
356,3.79636,2.71662,0.591244
356,3.73396,2.92664,1.19933
356,3.80873,2.7256,0.596408
356,4.98393,2.74315,1.61086
356,3.79173,2.91894,1.19299
356,3.81743,2.72906,0.589972
356,3.80343,2.75252,0.650787
356,3.83488,2.75018,0.635278
356,4.93524,2.75503,1.53515
356,1.6049,2.9269,-0.642867
356,3.74767,2.95654,1.19626
356,3.84869,2.76248,0.653688
356,3.86663,2.76753,0.64053
356,3.91245,2.86444,0.980732
356,1.63874,2.93479,-0.657435
356,3.86043,2.79112,0.646602
356,3.90376,2.86736,0.925816
356,3.76555,2.9835,1.18474
356,3.78593,2.7903,0.57938
356,3.82704,2.80737,0.65943
356,3.79242,2.81562,0.655671
356,1.63687,2.96098,-0.6493
356,1.63588,2.97244,-0.631648
356,1.63084,2.95816,-0.713835
356,3.89718,2.80664,0.649747
356,3.52186,2.74793,0.144728
356,1.57402,2.97502,-0.722549
356,4.93212,2.72546,1.22142
356,1.57916,2.97988,-0.722601
356,3.94755,2.886,0.901731
356,4.94772,2.73599,1.2196
356,3.55201,2.77353,0.181836
356,1.63487,2.9893,-0.6975
356,1.64676,2.9936,-0.700729
356,3.82534,2.83144,0.55956
356,4.97622,2.74392,1.21809
356,3.87169,2.82436,0.563531
356,3.76868,2.86557,0.610945
356,3.8098,2.85791,0.619236
356,3.82206,2.84464,0.574051
356,3.58509,2.7722,0.135789
356,3.58534,2.78829,0.17665
356,1.60646,3.00604,-0.745784
356,3.53088,2.79309,0.145493
356,1.59685,3.01526,-0.730311
356,3.87077,2.83756,0.559895
356,4.7995,2.92702,1.6046
356,3.83226,2.85466,0.566332
356,4.99505,2.78617,1.29079
356,3.8794,2.83746,0.541235
356,3.83939,2.85705,0.569098
356,3.80487,2.86141,0.550494
356,1.64742,2.99807,-0.776983
356,1.62479,3.03075,-0.706195
356,3.83674,2.86591,0.569038
356,4.8489,2.91564,1.52416
356,3.81802,2.87284,0.538642
356,3.82299,2.8779,0.546804
356,4.76757,2.87938,1.31788
356,4.86645,2.94614,1.61145
356,4.35059,2.93614,1.15734
356,4.77942,2.88176,1.32963
356,3.72257,2.92218,0.580336
356,4.83252,2.95934,1.6064
356,3.78821,2.91624,0.609014
356,4.85508,2.95638,1.60878
356,3.79902,2.91707,0.615487
356,3.75231,2.9214,0.573618
356,3.84653,2.90799,0.604691
356,3.59031,2.82192,0.1177
356,3.83785,2.89012,0.53475
356,3.82275,2.88816,0.516
356,4.40753,2.92715,1.11886
356,3.80403,2.92389,0.613421
356,3.77789,2.92454,0.587918
356,4.80392,2.88096,1.28464
356,3.7127,2.90588,0.468623
356,3.84945,2.91472,0.603127
356,3.82487,2.89155,0.500178
356,4.80293,2.87492,1.24483
356,3.81135,2.85014,0.346799
356,4.79532,2.88182,1.24723
356,4.76185,2.88644,1.22562
356,4.85042,2.91462,1.38724
356,3.66558,2.85841,0.237272
356,3.82022,2.90155,0.501461
356,3.82798,2.93273,0.605279
356,4.90299,2.97588,1.61862
356,3.73261,2.92019,0.473051
356,4.85693,2.8892,1.28861
356,3.81907,2.85347,0.322079
356,4.42438,2.96252,1.15019
356,3.74511,2.94339,0.525532
356,4.31538,2.83208,0.631627
356,4.36661,2.91261,0.927653
356,3.75028,2.95709,0.564239
356,4.36061,2.82394,0.635866
356,4.47355,2.96179,1.16972
356,4.748,3.11194,1.87446
356,4.47338,2.96125,1.16375
356,4.92354,2.99345,1.63019
356,3.75166,3.01077,0.722077
356,4.3262,2.83568,0.619544
356,3.6332,2.85187,0.0949206
356,3.83676,2.87146,0.322855
356,3.82804,2.87359,0.321879
356,4.88843,2.93745,1.39216
356,3.77003,3.04804,0.831196
356,4.8793,3.09132,1.87652
356,3.77178,3.03463,0.787826
356,4.87383,3.08901,1.86162
356,3.82911,2.87579,0.323086
356,4.93563,2.9779,1.55372
356,3.77825,3.03963,0.802631
356,3.75701,2.93961,0.461855
356,3.77822,3.0493,0.828443
356,4.8067,2.91472,1.23289
356,3.85043,2.93282,0.500395
356,4.84423,2.94226,1.33589
356,4.77664,2.92301,1.21409
356,4.79766,2.92172,1.22675
356,4.80745,3.11735,1.85772
356,3.82487,2.89907,0.349806
356,4.42927,2.99035,1.13581
356,4.86308,2.92007,1.25267
356,3.76104,2.97254,0.517511
356,4.83588,2.92453,1.24048
356,3.79784,3.04373,0.772271
356,3.8007,2.94155,0.430035
356,4.34647,2.86911,0.642479
356,4.36667,2.8548,0.609895
356,4.34836,2.86001,0.610861
356,4.35288,2.85782,0.604066
356,4.39924,2.85538,0.627631
356,4.79661,2.94313,1.2138
356,4.86405,2.94086,1.24571
356,4.30455,2.99619,0.960292
356,4.72805,3.17883,1.88979
356,1.6063,3.1206,-0.854844
356,3.77746,3.05401,0.698953
356,4.69534,3.19412,1.88704
356,3.79392,3.06064,0.696888
356,4.36529,2.88652,0.603427
356,3.63054,2.92644,0.124209
356,3.77336,3.00621,0.476939
356,4.37138,2.90414,0.631032
356,4.37266,2.90033,0.616122
356,4.37569,2.9044,0.63041
356,4.38076,2.90112,0.6039
356,3.79157,2.99951,0.433224
356,3.60321,2.94945,0.111076
356,4.44869,2.90752,0.605388
356,3.78704,3.04087,0.463529
356,3.84082,3.09693,0.685346
356,5.05796,2.74166,0.517262
356,3.80791,3.03805,0.440783
356,5.02791,2.7569,0.511491
356,3.71256,2.77652,-0.510193
356,5.05279,2.75581,0.516821
356,5.05232,2.76477,0.543509
356,3.72084,2.77383,-0.540527
356,3.7179,2.77875,-0.530224
356,3.7681,2.83983,-0.298016
356,3.78249,2.84758,-0.268114
356,5.0424,2.77888,0.523447
356,5.04635,2.77961,0.525751
356,3.76818,2.83364,-0.361391
356,3.78915,2.85187,-0.287947
356,3.74259,2.79408,-0.521695
356,3.75067,2.79445,-0.559541
356,3.75744,2.80415,-0.581423
356,4.37431,3.14105,0.950822
356,3.7615,2.83799,-0.586694
356,3.77381,2.8535,-0.58074
356,3.78588,2.84393,-0.601748
356,3.88202,2.84115,-0.581013
356,5.02369,2.90386,0.546604
356,5.03932,2.90201,0.541466
356,4.99315,2.93016,0.566656
356,3.89947,2.85874,-0.565451
356,3.89284,2.85065,-0.605723
356,3.89592,2.76696,-0.892911
356,3.91145,2.8799,-0.605664
356,5.04977,2.95674,0.536885
356,4.6956,2.74455,-0.446148
356,3.91805,2.90708,-0.610821
356,4.89512,2.84043,-0.523329
356,5.04006,2.80312,-0.606605
356,4.99053,2.86394,-0.553521
356,5.02396,2.87788,-0.548682
356,5.06264,2.87984,-0.55496
356,4.56853,3.07342,-0.995494
355,4.56853,3.07342,-0.995494
356,4.56868,3.06988,-0.984949
355,4.56868,3.06988,-0.984949
356,4.94142,3.53886,-1.30588
355,4.94142,3.53886,-1.30588
356,5.12998,3.49456,-1.19327
355,5.12998,3.49456,-1.19327
356,3.79072,2.9423,0.419055
355,3.79072,2.9423,0.419055
356,3.66708,2.70232,1.61224
355,3.66708,2.70232,1.61224
356,4.68588,3.15927,-0.78839
355,4.68588,3.15927,-0.78839
356,3.92892,3.16323,0.369262
355,3.92892,3.16323,0.369262
356,5.3363,3.06551,-0.792975
355,5.3363,3.06551,-0.792975
356,1.81595,2.02876,1.09636
355,1.81595,2.02876,1.09636
356,1.81284,2.08695,1.09176
355,1.81284,2.08695,1.09176
356,3.78915,2.65585,0.77951
355,3.78915,2.65585,0.77951
356,3.69471,2.52931,0.93071
355,3.69471,2.52931,0.93071
356,3.74535,2.62082,1.11018
355,3.74535,2.62082,1.11018
356,3.88099,2.80123,0.756739
355,3.88099,2.80123,0.756739
356,2.77687,1.83501,0.987159
354,2.77687,1.83501,0.987159
356,4.59726,2.78618,1.80635
354,4.59726,2.78618,1.80635
356,4.10169,2.92839,-0.620742
353,4.10169,2.92839,-0.620742
356,4.10214,2.8412,-0.559865
353,4.10214,2.8412,-0.559865
356,3.68032,2.72478,0.487514
236,3.68032,2.72478,0.487514
356,1.80718,1.92062,0.703312
236,1.80718,1.92062,0.703312
356,1.57755,2.79234,1.33885
238,1.57755,2.79234,1.33885
356,1.81625,1.9259,1.25495
238,1.81625,1.9259,1.25495
356,1.81069,2.05067,1.11757
238,1.81069,2.05067,1.11757
356,1.58449,2.73595,1.26753
238,1.58449,2.73595,1.26753
356,1.81861,1.98513,1.25699
238,1.81861,1.98513,1.25699
356,1.80775,2.01261,1.12333
238,1.80775,2.01261,1.12333
356,1.81099,1.85594,1.09858
238,1.81099,1.85594,1.09858
356,1.81261,1.90826,1.15938
238,1.81261,1.90826,1.15938
356,0.684371,2.81793,1.29914
240,0.684371,2.81793,1.29914
357,1.34346,0.865569,0.770107
357,1.34755,0.854837,0.726087
357,1.11059,1.22355,0.450385
357,1.17104,1.21668,0.377374
357,1.12285,1.25338,0.470325
357,1.12946,1.23754,0.414192
357,1.15353,1.26693,0.51086
357,1.15483,1.28096,0.54974
357,1.15734,1.26128,0.482183
357,1.16251,1.23405,0.389326
357,1.13064,1.24946,0.439843
357,1.15464,1.25499,0.456635
357,1.15565,1.24757,0.427977
357,1.15038,1.27913,0.534153
357,1.18449,1.25862,0.453434
357,1.18708,1.24055,0.385122
357,1.16361,1.25116,0.408959
357,1.17532,1.26404,0.449432
357,1.16015,1.24862,0.394276
357,1.18555,1.26631,0.416022
357,1.80607,1.78793,1.25729
357,1.8037,1.78705,1.25392
357,1.80784,1.79213,1.2528
357,1.81275,1.79276,1.2544
357,1.81603,1.80297,1.25327
357,1.81508,1.80595,1.25967
357,2.79162,1.82465,1.27758
357,1.81568,1.85429,1.25734
357,2.79174,1.85402,1.27391
357,1.80121,1.83342,1.13186
357,1.80319,1.83948,1.11266
357,1.79755,1.84112,1.11318
357,1.81924,1.84569,1.12854
357,1.80205,1.83835,1.09791
357,1.80131,1.84323,1.11336
357,1.81722,1.88989,1.25954
357,1.82407,1.85345,1.12461
357,1.79797,1.82231,0.985006
357,1.81103,1.86042,1.08555
357,1.79414,1.86124,1.08466
357,2.76855,1.72551,0.56849
357,1.79548,1.87415,0.969428
357,2.75512,1.67244,0.241839
357,1.80805,1.83215,0.751031
357,1.79705,1.85572,0.818599
357,1.80909,1.83373,0.7383
357,2.72283,1.68628,0.229125
357,2.80499,1.78402,0.548018
357,1.84894,1.88361,0.833809
357,1.80104,1.84336,0.693417
357,1.80796,1.82495,0.576766
357,1.90213,1.96506,0.952567
357,1.90167,1.97152,0.952194
357,2.87399,1.87147,0.512979
357,2.82071,1.77678,0.177202
357,1.9184,1.98226,0.631753
357,1.91999,1.98386,0.629994
357,1.92327,2.00753,0.620432
357,1.92655,2.01807,0.623006
357,0.837904,2.27303,1.29026
357,0.881615,2.34129,1.32668
357,0.819463,2.33251,1.29278
357,0.809774,2.30958,1.20845
357,0.864147,2.3754,1.33146
357,0.865623,2.39052,1.33398
357,0.793524,2.39442,1.29865
357,0.824001,2.41862,1.32303
357,0.821929,2.42471,1.32458
357,0.789636,2.43717,1.33322
357,0.811473,2.4302,1.29676
357,0.794602,2.4434,1.32852
357,0.816194,2.44742,1.32427
357,1.78817,2.44135,1.2615
357,0.807701,2.46852,1.32319
357,1.57818,2.24136,0.399868
357,2.71486,2.29625,0.369317
357,0.701679,2.62913,1.32307
357,0.788481,2.36601,0.323402
357,0.781364,2.3711,0.323379
357,-0.0301142,2.23256,-0.482587
357,1.01549,2.82982,1.41118
357,0.579075,2.40759,-0.520616
357,3.64493,2.74121,0.652209
357,3.57742,2.74407,0.607636
357,0.814267,2.42839,-0.536125
357,0.808087,2.46383,-0.422608
357,0.803141,2.4355,-0.546184
357,0.801021,2.4436,-0.535417
357,0.790146,2.44537,-0.549964
357,0.792983,2.53111,-0.281183
357,0.791676,2.46753,-0.507706
357,0.532746,2.45221,-0.571104
357,0.783392,2.53251,-0.296214
357,0.391594,2.55939,-0.229049
357,0.70022,2.59139,-0.113975
357,0.68487,2.46284,-0.555652
357,0.781639,2.51077,-0.40692
357,0.654696,2.46282,-0.574261
357,0.76676,2.54719,-0.301057
357,0.420071,2.57748,-0.208387
357,0.734501,2.60169,-0.133784
357,0.774995,2.47426,-0.56786
357,0.783321,2.47303,-0.573356
357,3.47445,2.67382,0.167877
357,0.518568,2.47271,-0.588753
357,0.748543,2.4897,-0.525825
357,0.665305,2.60866,-0.138072
357,0.551694,2.48842,-0.547163
357,0.471296,2.56829,-0.280579
357,0.764145,2.56118,-0.300833
357,0.473562,2.57258,-0.274751
357,0.606139,2.50863,-0.490467
357,0.434197,2.54102,-0.387138
357,0.429102,2.57045,-0.290314
357,0.41724,2.55636,-0.338135
357,0.475185,2.53652,-0.405899
357,0.47852,2.53788,-0.402425
357,0.438444,2.53674,-0.407951
357,0.480142,2.50585,-0.511268
357,0.767737,2.4978,-0.532606
357,0.752853,2.58678,-0.233719
357,0.483351,2.50747,-0.507998
357,0.481074,2.52036,-0.466264
357,0.772275,2.48827,-0.567889
357,0.421584,2.52342,-0.463003
357,0.421248,2.57655,-0.291451
357,0.432658,2.50747,-0.525492
357,0.411512,2.57825,-0.289516
357,0.415628,2.60805,-0.189811
357,0.427547,2.56646,-0.331093
357,0.497151,2.52833,-0.462951
357,0.66758,2.57782,-0.292594
357,0.559088,2.4936,-0.579687
357,0.421896,2.56662,-0.337249
357,0.528291,2.62103,-0.151578
357,0.744604,2.49425,-0.573727
357,0.755628,2.56943,-0.320155
357,0.435676,2.49063,-0.594325
357,0.731263,2.52061,-0.487107
357,0.422095,2.61821,-0.167736
357,0.671922,2.54875,-0.399398
357,0.488914,2.57157,-0.331025
357,0.675593,2.52499,-0.484639
357,0.426089,2.53219,-0.472189
357,0.410697,2.62388,-0.164526
357,0.480106,2.62075,-0.173483
357,0.544918,2.56789,-0.355217
357,0.402645,2.57018,-0.35153
357,0.605598,2.49942,-0.585425
357,0.538236,2.57238,-0.341699
357,0.4184,2.51927,-0.523875
357,0.745801,2.61306,-0.200707
357,0.4267,2.6302,-0.152867
357,0.536049,2.56051,-0.388791
357,0.601238,2.52236,-0.516478
357,0.42558,2.5343,-0.481733
357,0.359381,2.53708,-0.475433
357,0.414607,2.60925,-0.232275
357,0.722836,2.56295,-0.380772
357,0.487625,2.53886,-0.469948
357,0.613208,2.50325,-0.587236
357,0.475295,2.61237,-0.223275
357,0.337608,2.55483,-0.420673
357,0.331233,2.59269,-0.293837
357,0.756644,2.51565,-0.543964
357,0.633767,2.63286,-0.152409
357,0.419008,2.56932,-0.372714
357,0.721646,2.53117,-0.494321
357,0.416645,2.5931,-0.294711
357,0.480719,2.5772,-0.347625
357,0.548142,2.50427,-0.592
357,0.431521,2.50126,-0.60584
357,0.478752,2.58814,-0.312635
357,0.326484,2.61461,-0.23215
357,0.420297,2.55666,-0.425425
357,0.473975,2.62903,-0.180592
357,0.429678,2.51047,-0.582221
357,0.42596,2.52175,-0.544966
357,0.667193,2.6384,-0.148344
357,0.417604,2.58113,-0.347778
357,0.473342,2.60911,-0.253069
357,0.331938,2.57846,-0.360276
357,0.748052,2.55296,-0.436543
357,0.537001,2.56531,-0.400205
357,0.478938,2.57437,-0.372758
357,0.748213,2.51756,-0.558195
357,0.47645,2.63793,-0.163117
357,0.629227,2.55173,-0.450426
357,0.433275,2.61087,-0.256125
357,0.337231,2.54258,-0.488789
357,0.737472,2.62313,-0.207515
357,0.542243,2.53054,-0.525279
357,0.483459,2.53209,-0.522301
357,0.724068,2.59588,-0.302582
357,0.48015,2.58461,-0.346671
357,0.424674,2.53261,-0.523754
357,0.729452,2.57237,-0.38218
357,0.478042,2.61099,-0.258886
357,0.545571,2.54429,-0.482244
357,0.598121,2.63695,-0.168675
357,0.623028,2.58687,-0.337634
357,0.731057,2.56224,-0.417997
357,0.60191,2.63535,-0.175046
357,0.741278,2.58968,-0.326224
357,0.559882,2.53313,-0.521884
357,0.473937,2.61941,-0.234902
357,0.47799,2.5951,-0.316822
357,0.536629,2.59605,-0.312349
357,0.746537,2.55713,-0.439375
357,0.482182,2.56853,-0.409503
357,0.474454,2.61441,-0.256015
357,0.721738,2.62413,-0.217158
357,0.47797,2.62258,-0.228803
357,0.481153,2.5436,-0.495413
357,0.65255,2.63968,-0.16734
357,0.543578,2.52016,-0.573295
357,0.592807,2.59848,-0.308738
357,0.644355,2.55497,-0.455587
357,0.536014,2.61444,-0.25787
357,0.735664,2.53123,-0.533733
357,0.337307,2.53304,-0.53774
357,0.647446,2.53621,-0.51945
357,0.546982,2.53,-0.544458
357,0.588093,2.62493,-0.224455
357,0.425255,2.53578,-0.530763
357,0.319673,2.63624,-0.194873
357,0.336428,2.53541,-0.535152
357,0.733709,2.58566,-0.356459
357,0.549621,2.58777,-0.354744
357,3.52294,2.7166,0.152903
357,0.486239,2.5383,-0.52449
357,0.731296,2.53258,-0.537787
357,0.422679,2.54935,-0.488909
357,0.599338,2.62148,-0.242657
357,0.488489,2.53836,-0.525797
357,0.46885,2.60837,-0.290357
357,0.5968,2.56994,-0.416968
357,0.599885,2.55117,-0.480907
357,0.54001,2.56785,-0.426461
357,0.366654,2.54737,-0.499835
357,0.616347,2.61823,-0.2559
357,0.665841,2.55439,-0.471109
357,0.345654,2.60444,-0.311782
357,0.672906,2.51899,-0.59231
357,0.724982,2.56802,-0.426333
357,0.527991,2.63773,-0.196381
357,0.55429,2.54255,-0.516653
357,0.539716,2.58501,-0.374554
357,0.639368,2.57843,-0.394812
357,0.602476,2.54397,-0.51243
357,0.720899,2.61412,-0.273245
357,0.609841,2.55523,-0.474593
357,0.719438,2.63758,-0.194786
357,0.739148,2.55674,-0.46887
357,0.537967,2.55905,-0.466677
357,0.607259,2.53534,-0.545083
357,0.543798,2.52398,-0.585037
357,0.356428,2.536,-0.549546
357,0.658818,2.59347,-0.34839
357,0.54464,2.55276,-0.489752
357,0.470088,2.59443,-0.351726
357,0.550133,2.51923,-0.604158
357,0.539748,2.59514,-0.350019
357,0.732161,2.63335,-0.216754
357,0.541715,2.6132,-0.290318
357,0.367544,2.53322,-0.564436
357,0.471625,2.63028,-0.236746
357,0.715994,2.61752,-0.274069
357,0.461912,2.64018,-0.204835
357,0.595515,2.58038,-0.403851
357,0.530919,2.59685,-0.35006
357,0.612345,2.63433,-0.223439
357,0.731693,2.5972,-0.34691
357,0.653987,2.62562,-0.253152
357,0.589581,2.61439,-0.293448
357,0.483322,2.60081,-0.344896
357,0.474783,2.60718,-0.32385
357,0.534368,2.60766,-0.321065
357,0.720624,2.60911,-0.312317
357,0.665837,2.54522,-0.52907
357,0.721132,2.53262,-0.570472
357,0.468905,2.64159,-0.2098
357,0.468135,2.60131,-0.345984
357,0.597443,2.5327,-0.574923
357,0.33525,2.52234,-0.616451
357,0.596122,2.59404,-0.368776
357,0.552554,2.53275,-0.577314
357,0.658579,2.5949,-0.366072
357,0.405449,2.63455,-0.239166
357,0.659182,2.58341,-0.405425
357,0.607754,2.56752,-0.462035
357,0.616542,2.60398,-0.339936
357,0.726596,2.56119,-0.484255
357,0.603803,2.57917,-0.42681
357,0.526563,2.61491,-0.308627
357,0.732821,2.58552,-0.402947
357,0.521266,2.64609,-0.204992
357,0.667081,2.6483,-0.194967
357,0.334554,2.64978,-0.199296
357,0.550166,2.56426,-0.483772
357,0.596002,2.56814,-0.469719
357,0.522875,2.63422,-0.250287
357,0.596651,2.56364,-0.486484
357,0.651718,2.62369,-0.282885
357,0.364894,2.57601,-0.451114
357,0.648584,2.64968,-0.19666
357,0.706254,2.64927,-0.197243
357,0.594681,2.63969,-0.235665
357,3.65139,2.84466,0.530292
357,0.341889,2.60335,-0.365259
357,0.353109,2.58833,-0.418617
357,0.588697,2.60767,-0.347814
357,0.333017,2.64981,-0.21665
357,0.739225,2.53988,-0.578767
357,0.340621,2.61869,-0.323361
357,0.606315,2.61065,-0.344508
357,0.59089,2.59092,-0.413758
357,0.751276,2.55629,-0.528023
357,0.595543,2.62708,-0.293274
357,0.516814,2.6617,-0.179064
357,0.596533,2.55618,-0.533154
357,0.707224,2.6176,-0.323714
357,0.384444,2.66334,-0.177521
357,0.348429,2.55536,-0.54355
357,0.603935,2.57568,-0.469372
357,0.335916,2.56487,-0.513336
357,0.657627,2.587,-0.432767
357,0.703,2.66056,-0.186204
357,0.335346,2.53435,-0.621626
357,0.651702,2.62121,-0.321396
357,0.548925,2.53606,-0.611324
357,0.656687,2.58033,-0.459791
357,0.312953,2.63406,-0.287579
357,0.352114,2.54156,-0.598777
357,0.597532,2.61247,-0.354556
357,0.540495,2.63925,-0.26672
357,0.671901,2.56342,-0.519168
357,0.584155,2.6256,-0.311962
357,0.592221,2.57707,-0.475875
357,0.661079,2.56348,-0.520349
357,0.73825,2.63005,-0.294711
357,0.658483,2.64485,-0.249296
357,0.654786,2.65254,-0.227982
357,0.712791,2.59768,-0.411752
357,0.659938,2.55646,-0.553068
357,0.723849,2.61617,-0.350282
357,0.606182,2.56537,-0.524526
357,0.585302,2.61488,-0.358251
357,0.661415,2.54703,-0.586504
357,0.659039,2.59904,-0.41128
357,0.521921,2.56458,-0.533587
357,0.665642,2.55765,-0.556056
357,0.577127,2.66105,-0.210231
357,0.704863,2.6194,-0.348127
357,0.648743,2.61961,-0.351972
357,0.662198,2.57625,-0.499546
357,0.654933,2.61934,-0.355776
357,0.741049,2.6052,-0.406541
357,0.602602,2.56954,-0.532807
357,0.645617,2.63395,-0.316644
357,0.66664,2.54522,-0.617131
357,0.665849,2.59229,-0.466808
357,0.653949,2.66205,-0.236634
357,0.32233,2.58313,-0.511935
357,0.316109,2.61923,-0.392543
357,0.306281,2.57761,-0.536071
357,0.635542,2.67129,-0.212785
357,0.593923,2.67361,-0.212382
357,0.709714,2.65471,-0.274694
357,0.715278,2.62101,-0.389329
357,0.581311,2.68238,-0.192526
357,0.64081,2.63227,-0.365991
357,0.719508,2.59092,-0.506507
357,0.29585,2.62786,-0.398914
357,0.655378,2.63882,-0.359047
357,0.662821,2.63036,-0.387829
357,0.64157,2.62003,-0.42971
357,0.293613,2.69424,-0.188284
357,1.5677,3.14032,1.34237
357,0.635088,2.65708,-0.310167
357,0.646127,2.58781,-0.552571
357,0.708709,2.56483,-0.634656
357,1.56688,3.15291,1.35483
357,0.571573,2.57856,-0.61106
357,0.465482,2.66003,-0.355835
357,0.527594,2.65225,-0.382421
357,0.588703,2.69644,-0.233461
357,0.699843,2.60872,-0.526925
357,0.577479,2.57462,-0.661259
357,1.55446,3.16211,1.34256
357,0.704742,2.589,-0.611595
357,1.57273,3.15647,1.30571
357,0.684443,2.68903,-0.295578
357,1.57519,3.1582,1.30709
357,1.55343,3.18068,1.35534
357,0.685046,2.63817,-0.496123
357,0.487335,2.72672,-0.203798
357,3.76832,3.01362,0.828394
357,0.695584,2.60694,-0.622013
357,1.59771,3.19093,1.36394
357,1.56384,3.1642,1.27006
357,0.678379,2.66908,-0.421215
357,0.698823,2.59865,-0.663699
357,0.675868,2.68185,-0.385529
357,1.58789,3.1759,1.30203
357,0.692264,2.6086,-0.675909
357,1.58975,3.17982,1.25917
357,1.60692,3.19428,1.30337
357,2.31148,3.36022,1.87723
357,0.674754,2.66347,-0.52822
357,3.8487,2.89061,0.312172
357,1.61389,3.20064,1.2915
357,1.58454,3.22315,1.3598
357,3.85995,2.90902,0.353651
357,1.62185,3.19792,1.26087
357,3.86913,2.90672,0.312041
357,1.61545,3.22244,1.29897
357,1.55829,3.24007,1.35215
357,1.5239,3.24576,1.36144
357,1.538,3.25456,1.36387
357,3.87407,2.91593,0.265528
357,0.536301,3.26233,1.32682
357,0.176775,2.68824,-0.729841
357,1.5557,3.30444,1.35413
357,3.79998,2.87259,-0.377836
357,3.8464,2.92233,-0.33815
357,3.82904,2.91663,-0.414064
357,0.463968,3.46087,1.32866
357,3.87504,2.95615,-0.315859
357,3.89714,2.97736,-0.299711
357,1.61986,3.57624,1.33027
357,3.87512,2.97269,-0.654982
357,3.91558,2.96998,-0.710508
357,1.67743,3.60952,1.31314
357,4.04948,3.05334,-0.707239
357,4.04454,3.05251,-0.71981
357,0.543162,3.29148,-0.0903563
357,0.501797,3.39752,0.0862497
357,0.532004,3.42289,0.0909592
357,0.522276,3.36611,-0.11772
357,0.485485,3.49894,0.191011
357,0.505625,3.40492,-0.125921
357,0.48068,3.64291,0.150875
357,1.65522,3.98229,1.31651
357,0.469774,3.57933,-0.186243
357,0.428232,3.61992,-0.188894
357,1.65473,4.06833,1.33412
357,4.13175,3.63455,-0.162728
357,1.60866,3.49863,-0.96357
357,1.68762,4.80474,1.3358
357,1.7843,1.92212,0.830951
356,1.7843,1.92212,0.830951
357,2.13001,1.77032,1.16521
356,2.13001,1.77032,1.16521
357,1.61957,3.14213,-0.74396
356,1.61957,3.14213,-0.74396
357,2.17855,2.71504,1.71486
356,2.17855,2.71504,1.71486
357,2.04582,1.6143,1.25832
356,2.04582,1.6143,1.25832
357,1.79631,1.83773,0.723754
356,1.79631,1.83773,0.723754
357,1.79809,2.00373,0.860514
356,1.79809,2.00373,0.860514
357,1.79745,1.895,0.875073
356,1.79745,1.895,0.875073
357,-0.0770399,2.65332,1.14793
238,-0.0770399,2.65332,1.14793
357,-0.0573691,2.62143,1.15212
238,-0.0573691,2.62143,1.15212
357,0.683222,2.59032,-0.372135
246,0.683222,2.59032,-0.372135
357,0.113979,3.73524,-1.06347
246,0.113979,3.73524,-1.06347
357,0.663769,2.62041,-0.280388
246,0.663769,2.62041,-0.280388
357,1.60636,2.93568,-0.257537
249,1.60636,2.93568,-0.257537
357,1.78875,1.80177,0.725429
243,1.78875,1.80177,0.725429
357,1.80766,1.95532,0.679472
243,1.80766,1.95532,0.679472
358,1.20892,0.472372,1.03002
358,1.20826,0.472289,1.03024
358,1.77991,1.79874,1.24809
358,1.78846,1.80326,1.25139
358,1.76189,1.79416,1.24634
358,1.79853,1.81862,1.24491
358,1.79907,1.82744,1.08432
358,1.8016,1.84075,1.08315
358,0.311357,2.021,1.32244
358,0.31141,2.06991,1.28785
358,-0.098527,1.8215,-0.309353
358,-0.0138786,2.43,1.30692
358,-0.478765,2.00184,0.47453
358,0.134336,1.90542,-0.437173
358,-0.0692451,2.45706,1.02118
358,1.60112,3.14483,1.30327
358,1.63188,3.21691,1.27013
358,-0.0554922,2.41946,0.51222
358,-0.0881213,2.47286,0.68535
358,1.65877,3.27429,1.30692
358,-0.0842962,2.46562,0.615081
358,-0.115469,2.50817,0.743003
358,-0.117879,2.5143,0.689787
358,-0.107234,2.49257,0.595289
358,-0.104207,2.5026,0.586706
358,-0.0865045,2.48619,0.49925
358,-0.0891083,2.48994,0.48353
358,-0.182944,2.40495,0.291995
358,-0.177729,2.40928,0.291614
358,-0.187676,2.41777,0.287967
358,0.720362,2.58995,-0.147072
358,0.725637,2.6101,-0.158392
358,0.748855,2.5271,-0.444801
358,0.167686,2.22511,-0.769051
358,0.168373,2.22849,-0.767119
358,1.58619,3.42247,1.35909
358,0.750508,2.53736,-0.452983
358,-0.175312,2.46471,0.236429
358,0.722984,2.55612,-0.412555
358,-0.137387,2.6327,0.682297
358,0.129704,2.24674,-0.74683
358,-0.17532,2.48164,0.231101
358,0.485858,2.58682,-0.148466
358,0.735375,2.60232,-0.361463
358,0.722961,2.63672,-0.247376
358,0.616263,2.55583,-0.400093
358,0.606001,2.57302,-0.340431
358,0.543382,2.61789,-0.146894
358,0.727605,2.63391,-0.29428
358,1.6108,3.48685,1.36322
358,-1.01665,1.88584,-0.769581
358,0.547831,2.57691,-0.300635
358,0.609149,2.54839,-0.456316
358,0.545922,2.61751,-0.18552
358,0.595995,2.60075,-0.294584
358,0.48825,2.6052,-0.173124
358,0.596984,2.62098,-0.265956
358,0.603288,2.56189,-0.461625
358,0.592779,2.60933,-0.309034
358,0.465452,2.61335,-0.169094
358,0.542644,2.54414,-0.458454
358,0.66687,2.55796,-0.543519
358,0.655803,2.60632,-0.387441
358,0.437234,2.55052,-0.344853
358,0.475192,2.59926,-0.242229
358,0.492966,2.53152,-0.465153
358,0.603561,2.56501,-0.484189
358,0.607432,2.56192,-0.501807
358,0.407165,2.60851,-0.160381
358,0.65664,2.62068,-0.380502
358,0.533087,2.6221,-0.256691
358,0.537123,2.60579,-0.309875
358,0.48135,2.59176,-0.299316
358,0.47435,2.59572,-0.282539
358,0.467101,2.62534,-0.188383
358,0.413926,2.61633,-0.162532
358,0.465557,2.62407,-0.192932
358,0.537612,2.58651,-0.384423
358,0.542199,2.55231,-0.494389
358,0.533024,2.59649,-0.365429
358,0.425343,2.52677,-0.467093
358,0.593095,2.55819,-0.549703
358,0.548339,2.54498,-0.550494
358,0.421139,2.60311,-0.249722
358,0.486249,2.5297,-0.538422
358,0.472086,2.58345,-0.374735
358,0.536931,2.61931,-0.340188
358,0.626167,2.54773,-0.646404
358,0.48768,2.53259,-0.552487
358,0.421683,2.63849,-0.171389
358,0.593702,2.54096,-0.639306
358,0.483103,2.52344,-0.58438
358,0.424371,2.51591,-0.548214
358,0.418843,2.5564,-0.427274
358,0.42134,2.5232,-0.532166
358,0.36907,2.55701,-0.379171
358,0.421327,2.54213,-0.477786
358,0.423642,2.57312,-0.387711
358,0.430972,2.50754,-0.591809
358,0.360861,2.59479,-0.267025
358,0.42221,2.52111,-0.552273
358,-0.145345,2.54529,0.0882841
358,0.415452,2.5675,-0.422658
358,0.472844,2.53035,-0.61254
358,0.542493,2.54662,-0.63473
358,0.614232,2.56771,-0.648933
358,0.368253,2.53374,-0.502764
358,0.353088,2.61179,-0.254746
358,-0.163767,2.56281,0.1122
358,0.346222,2.61066,-0.276916
358,0.422932,2.52597,-0.619047
358,0.34524,2.63774,-0.215352
358,-0.163776,2.57152,0.101036
358,0.326549,2.61653,-0.263909
358,0.334844,2.60369,-0.323275
358,0.335921,2.59149,-0.363129
358,0.343975,2.5715,-0.439349
358,0.346668,2.64663,-0.226208
358,0.347551,2.57122,-0.453802
358,0.307071,2.60914,-0.316305
358,0.299283,2.63145,-0.244055
358,0.342917,2.52754,-0.602297
358,-0.178185,2.58414,0.081501
358,0.357475,2.54567,-0.58442
358,0.310371,2.61273,-0.369449
358,0.335919,2.54013,-0.614284
358,0.300337,2.6501,-0.259846
358,0.323413,2.61713,-0.3835
358,0.326782,2.53859,-0.657686
358,0.32054,2.55491,-0.619733
358,0.349962,2.55169,-0.659315
358,-0.247371,2.6363,0.07848
358,-0.23911,2.66299,0.0611076
358,-0.245257,2.67216,0.0542707
358,1.60277,3.02355,-0.768548
358,-0.306428,2.73072,0.0333846
358,-1.24975,2.16406,-0.755863
358,-1.2394,2.17376,-0.750361
358,-0.119265,2.52257,-0.869126
358,-1.27458,2.22932,-0.79546
358,-0.198389,2.57974,-0.901346
358,-0.157757,2.58635,-0.925058
358,-0.190752,2.61914,-0.94382
358,-0.207446,2.6503,-0.974022
358,-1.2406,2.88231,0.0978274
358,-1.24437,2.88083,0.0936188
358,-1.26407,2.90258,0.07686
358,-1.26823,2.92162,0.0823509
358,-1.24937,2.94865,0.0545861
358,-1.31269,2.97592,0.0911164
358,-2.42053,2.86725,0.0646825
358,1.80615,1.92847,1.10535
357,1.80615,1.92847,1.10535
358,0.752921,2.60893,-0.257949
357,0.752921,2.60893,-0.257949
358,-0.279275,2.74936,0.440618
246,-0.279275,2.74936,0.440618
358,0.68784,2.68336,1.3325
246,0.68784,2.68336,1.3325
358,-0.912058,2.51221,0.238848
250,-0.912058,2.51221,0.238848
358,-0.496229,3.08614,1.37271
238,-0.496229,3.08614,1.37271
358,-0.247327,2.73103,1.07141
238,-0.247327,2.73103,1.07141
358,-0.95522,2.54607,0.234217
161,-0.95522,2.54607,0.234217
358,-0.935212,2.50807,0.264071
161,-0.935212,2.50807,0.264071
358,-0.914379,2.4312,0.290816
161,-0.914379,2.4312,0.290816
358,-0.938446,2.52522,0.253357
161,-0.938446,2.52522,0.253357
358,1.65855,3.22383,1.29447
356,1.65855,3.22383,1.29447
359,0.68934,2.62422,-0.203628
359,0.747764,2.68363,-0.150595
359,0.758159,2.69534,-0.158331
359,0.73556,2.68359,-0.149831
359,0.736263,2.69786,-0.15799
359,0.701859,2.66787,-0.202307
359,0.651905,2.63194,-0.209875
359,0.719758,2.68443,-0.213574
359,0.615429,2.63003,-0.150042
359,0.629702,2.64424,-0.137922
359,0.638862,2.6512,-0.142706
359,0.647602,2.66032,-0.148793
359,0.610728,2.63444,-0.190732
359,0.610613,2.61809,-0.248767
359,0.662372,2.69334,-0.169881
359,0.53125,2.61446,-0.191288
359,0.517141,2.62736,-0.137815
359,0.525853,2.63676,-0.144094
359,0.491547,2.60811,-0.177235
359,0.57316,2.67402,-0.175231
359,0.547826,2.62772,-0.281651
359,0.567933,2.6836,-0.164168
359,0.4933,2.62455,-0.186208
359,0.527768,2.63837,-0.228771
359,0.473208,2.62389,-0.162288
359,0.526653,2.63541,-0.272222
359,0.485601,2.61238,-0.255206
359,0.486997,2.63166,-0.197822
359,0.483869,2.60125,-0.308101
359,0.437883,2.59927,-0.201676
359,0.489984,2.62245,-0.259874
359,0.542215,2.68535,-0.177876
359,0.540546,2.68807,-0.17385
359,0.470429,2.60952,-0.282153
359,0.437002,2.60814,-0.217674
359,0.416008,2.58591,-0.268904
359,-0.474835,2.53139,1.8182
359,0.46324,2.65127,-0.169625
359,0.41186,2.62186,-0.143609
359,0.409034,2.60761,-0.187889
359,0.461196,2.60729,-0.323592
359,-0.480176,2.53543,1.83705
359,0.456617,2.63975,-0.204683
359,0.43154,2.60249,-0.273867
359,0.428013,2.62192,-0.197829
359,0.412582,2.59126,-0.271684
359,0.380603,2.59595,-0.183889
359,0.416263,2.60468,-0.257793
359,0.38136,2.57836,-0.262424
359,0.408917,2.60474,-0.24903
359,0.399176,2.6285,-0.146568
359,0.409874,2.58248,-0.337917
359,-0.202273,2.61968,1.36163
359,0.406107,2.60271,-0.262027
359,0.36313,2.60546,-0.153236
359,-0.206133,2.62438,1.36953
359,-0.187288,2.64091,1.36434
359,0.374592,2.60781,-0.192492
359,-0.191513,2.64633,1.37231
359,0.42414,2.66252,-0.169054
359,0.36918,2.61662,-0.218252
359,0.379777,2.62384,-0.229112
359,-0.184376,2.64858,1.29742
359,0.319822,2.62101,-0.142029
359,0.328286,2.62905,-0.149211
359,0.33048,2.63245,-0.149707
359,-0.284231,2.76242,1.70126
359,-0.275163,2.80176,1.72648
359,-0.282726,2.81109,1.72311
359,-0.291936,2.77675,1.53524
359,-0.174668,2.50672,0.236185
359,-0.183793,2.50986,0.238332
359,-0.324948,2.80766,1.63916
359,-0.868287,2.50421,1.81362
359,-0.91211,2.49885,1.80278
359,-0.287109,2.5267,0.264945
359,-0.274191,2.53951,0.265854
359,-0.95146,2.48962,1.8024
359,-0.988507,2.47038,1.81143
359,-0.973449,2.48767,1.8029
359,-0.923557,1.84792,-0.612744
359,-0.979053,2.50439,1.80133
359,-1.00268,2.48556,1.71582
359,-0.206228,2.62428,0.0861455
359,-0.206823,2.63204,0.0546578
359,-0.209137,2.6406,0.0317323
359,-1.02838,1.8935,-0.627819
359,-1.41114,2.35521,1.79222
359,-1.06331,1.94256,-0.594826
359,-1.08181,1.95493,-0.572142
359,-0.91252,2.52378,0.735646
359,-0.653169,2.57515,0.219141
359,-0.923584,2.54135,0.733798
359,-0.903124,2.52017,0.589881
359,-0.914028,2.4685,0.375
359,-0.918476,2.52859,0.589848
359,-0.970139,2.53196,0.644091
359,-0.443713,3.14519,1.43593
359,-0.934585,2.48804,0.36788
359,-0.972311,2.57812,0.717655
359,-1.70888,2.35629,1.81793
359,-0.991746,2.56971,0.724614
359,-0.966167,2.55514,0.607504
359,-1.72372,2.32106,1.71941
359,-0.965541,2.50251,0.363231
359,-1.00285,2.56176,0.551879
359,-1.74296,2.38224,1.78068
359,-0.903303,2.55869,0.233864
359,-0.893657,2.56503,0.228073
359,-0.896235,2.56261,0.220614
359,-1.78198,2.36064,1.76456
359,-0.953797,2.53859,0.240833
359,-0.904361,2.57408,0.226686
359,-0.902546,2.57323,0.216923
359,-1.78941,2.368,1.76009
359,-1.05252,2.49293,0.298502
359,-1.03103,2.58037,0.535316
359,-0.914786,2.57774,0.214618
359,-1.77456,2.38654,1.73117
359,-1.79381,2.37975,1.74787
359,-1.05948,2.5012,0.280177
359,-1.07823,2.49818,0.287213
359,-1.02945,2.5374,0.253834
359,-1.09892,2.53845,0.247622
359,-1.12669,2.54011,0.266979
359,-1.92702,2.35877,1.37059
359,-2.00039,2.35089,1.37439
359,-1.95841,2.39037,1.37244
359,-1.97279,2.39381,1.37911
359,-1.99545,2.39856,1.36779
359,-2.01357,2.39683,1.37801
359,-2.07473,2.3694,1.3611
359,-2.0377,2.40505,1.3666
359,-1.96521,2.31692,0.346851
359,-1.78631,2.44973,0.312812
359,-1.77773,2.44548,0.257947
359,-1.68497,2.50787,0.220211
359,-1.99116,2.30364,0.28555
359,-1.78913,2.45028,0.281244
359,-2.01792,2.18937,-0.0521761
359,-2.02169,2.19355,-0.0462792
359,-1.63093,2.55065,0.202879
359,-1.80487,2.46417,0.238567
359,-1.67716,2.54864,0.199784
359,-1.8376,2.46887,0.246385
359,-1.82896,2.47242,0.231595
359,-1.84091,2.49783,0.256943
359,-1.83183,2.50738,0.257726
359,-2.05834,2.40899,0.394586
359,-0.945851,2.50511,0.574016
255,-0.945851,2.50511,0.574016
359,0.460936,2.50152,-0.182225
255,0.460936,2.50152,-0.182225
359,-0.244921,2.74571,0.431972
255,-0.244921,2.74571,0.431972
359,-0.888893,2.57567,0.222858
255,-0.888893,2.57567,0.222858
359,-0.244772,2.7545,1.3009
255,-0.244772,2.7545,1.3009
359,-0.614111,2.52524,0.245769
255,-0.614111,2.52524,0.245769
359,-0.969429,2.58332,0.501684
254,-0.969429,2.58332,0.501684
359,-1.03574,2.66708,0.487608
254,-1.03574,2.66708,0.487608
359,-0.969429,2.58332,0.501684
254,-0.969429,2.58332,0.501684
359,-0.205054,2.93039,1.41096
254,-0.205054,2.93039,1.41096
359,-0.313413,2.57601,0.352544
59,-0.313413,2.57601,0.352544
359,-0.839266,2.45115,0.51856
59,-0.839266,2.45115,0.51856
359,-0.944612,2.48172,0.487049
59,-0.944612,2.48172,0.487049
359,-0.99697,2.55093,0.523578
59,-0.99697,2.55093,0.523578
359,-0.168398,2.58947,1.66498
59,-0.168398,2.58947,1.66498
359,-0.970006,2.58267,0.536481
59,-0.970006,2.58267,0.536481
359,-0.915269,2.52798,0.56584
59,-0.915269,2.52798,0.56584
359,-0.949436,2.53813,0.317583
59,-0.949436,2.53813,0.317583
359,-0.970975,2.45935,0.773628
59,-0.970975,2.45935,0.773628
359,-0.959527,2.54429,0.632895
59,-0.959527,2.54429,0.632895
359,-0.960107,2.44911,0.778216
59,-0.960107,2.44911,0.778216
359,-1.02496,2.56053,1.82507
59,-1.02496,2.56053,1.82507
359,-0.126089,2.61419,0.764224
59,-0.126089,2.61419,0.764224
359,0.37511,3.42045,-0.725954
357,0.37511,3.42045,-0.725954
359,0.0563472,4.25516,-1.22076
357,0.0563472,4.25516,-1.22076
359,0.0950423,4.08252,-1.26325
357,0.0950423,4.08252,-1.26325
359,0.58746,2.63859,-0.164988
246,0.58746,2.63859,-0.164988
359,-1.33014,4.70922,1.59316
246,-1.33014,4.70922,1.59316
359,-0.990097,2.47866,0.768821
160,-0.990097,2.47866,0.768821
360,-0.232811,2.42801,1.38456
360,-0.230479,2.40857,1.27757
360,-0.253661,2.45282,1.32872
360,-0.164105,2.5893,1.34896
360,-0.161803,2.59534,1.3497
360,-0.230003,2.52416,1.31325
360,-0.276067,2.48624,1.32848
360,-0.177949,2.58517,1.31083
360,0.362062,2.61801,-0.148107
360,0.372579,2.63631,-0.162781
360,-0.156371,2.63732,1.32659
360,-0.153062,2.64277,1.31783
360,-0.166803,2.64488,1.35664
360,-0.162922,2.64515,1.33877
360,-0.162681,2.67665,1.32911
360,-0.272616,2.56967,1.26129
360,-0.490004,2.57994,1.81442
360,-0.337273,2.57594,1.26751
360,-0.334968,2.58967,1.26652
360,-0.229019,2.49897,0.401721
360,-0.231256,2.50502,0.424692
360,-0.232919,2.49888,0.389577
360,-0.274641,2.50949,0.365843
360,-0.235593,2.52832,0.243617
360,-0.288031,2.53353,0.253008
360,-0.308977,2.54485,0.259341
360,-0.8921,1.73644,-0.576642
360,-1.04307,2.41833,1.80119
360,-1.01625,2.45776,1.78025
360,-1.02018,2.46201,1.78596
360,-1.02742,2.45913,1.78657
360,-0.888852,2.61763,1.83633
360,-1.06674,2.49124,1.78792
360,-1.0754,2.48155,1.77208
360,-0.939092,2.63441,1.83279
360,-0.978112,2.60107,1.8388
360,-1.05287,2.53256,1.79909
360,-0.993981,2.63032,1.79839
360,-0.954993,2.55794,1.34039
360,-1.01763,1.8998,-0.500666
360,-0.949742,2.57354,1.28641
360,-0.960593,2.58583,1.28779
360,-1.0454,2.68037,1.78357
360,-1.03579,1.93351,-0.554318
360,-1.10044,2.72308,1.84008
360,-0.949557,2.54854,0.726344
360,-1.05119,2.45702,0.312864
360,-0.988486,2.51333,0.263207
360,-0.907963,2.58984,0.216707
360,-1.04342,2.63304,0.714748
360,-0.916493,2.60164,0.211527
360,-2.69684,1.28638,1.33178
360,-1.0582,2.49391,0.275213
360,-1.06863,2.65562,0.771856
360,-1.08216,2.66927,0.845465
360,-1.00019,2.54993,0.246015
360,-2.76815,1.25461,1.33888
360,-1.01501,2.56292,0.231985
360,-1.10027,2.51251,0.264753
360,-2.78246,1.30813,1.3197
360,-2.78831,1.30548,1.32606
360,-1.10929,2.54077,0.24609
360,-2.80784,1.30815,1.33777
360,-1.65931,2.5862,1.82685
360,-1.69206,2.60024,1.83482
360,-1.7736,2.56439,1.8231
360,-1.81531,2.60343,1.82151
360,-1.92896,2.50504,1.83473
360,-1.93862,2.51835,1.85179
360,-1.95166,2.53276,1.81573
360,-2.03484,2.35194,1.35765
360,-1.95826,2.59763,1.71502
360,-2.04059,2.413,1.36516
360,-2.04299,2.43613,1.37796
360,-2.07644,2.42286,1.36928
360,-2.06326,2.4484,1.37004
360,-2.82665,1.21066,-0.154868
360,-2.89959,1.23002,-0.162358
360,-1.78527,2.50154,0.250412
360,-1.91428,2.5565,0.214425
360,-1.93442,2.54145,0.210241
360,-2.18262,2.45062,0.175923
360,-2.16067,2.49569,0.22842
360,-2.238,2.42903,0.206386
360,-2.23258,2.45197,0.200182
360,-2.17636,2.51369,0.222654
360,-2.21879,2.467,0.154058
360,-2.27493,2.45002,0.201704
360,-2.25728,2.47128,0.189211
360,-2.20371,2.57802,0.196809
360,-2.22948,2.57836,0.155875
360,-2.34527,2.49266,0.179141
360,-1.57531,2.55427,0.196134
359,-1.57531,2.55427,0.196134
360,0.322248,2.90238,-0.312044
359,0.322248,2.90238,-0.312044
360,-1.7978,2.45716,0.273769
359,-1.7978,2.45716,0.273769
360,-0.983463,2.66352,0.210694
359,-0.983463,2.66352,0.210694
360,-1.9739,2.32378,0.339262
359,-1.9739,2.32378,0.339262
360,-1.99983,2.31053,0.277947
359,-1.99983,2.31053,0.277947
360,-0.999116,2.56215,0.227727
359,-0.999116,2.56215,0.227727
360,-0.278757,1.70951,0.637359
359,-0.278757,1.70951,0.637359
360,-0.997716,2.58315,0.76721
255,-0.997716,2.58315,0.76721
360,-0.339152,2.67422,1.80503
255,-0.339152,2.67422,1.80503
360,-0.365104,2.71573,1.77458
255,-0.365104,2.71573,1.77458
360,-0.397689,2.77989,1.8113
255,-0.397689,2.77989,1.8113
360,-0.242835,2.42611,0.491301
255,-0.242835,2.42611,0.491301
360,-1.03264,2.61328,0.770355
255,-1.03264,2.61328,0.770355
360,-1.06095,2.6651,0.397306
255,-1.06095,2.6651,0.397306
360,-0.263144,2.60161,0.69837
255,-0.263144,2.60161,0.69837
360,-0.237744,2.95218,1.40927
255,-0.237744,2.95218,1.40927
360,-2.1156,2.65606,1.82054
255,-2.1156,2.65606,1.82054
360,-0.906493,2.47502,0.627627
59,-0.906493,2.47502,0.627627
360,-2.76643,1.09724,0.2692
59,-2.76643,1.09724,0.2692
360,-0.388988,2.72246,1.81594
254,-0.388988,2.72246,1.81594
360,-0.247762,2.43255,0.498494
254,-0.247762,2.43255,0.498494
360,-0.282962,2.5123,0.441275
254,-0.282962,2.5123,0.441275
360,-1.06916,2.59918,0.224669
254,-1.06916,2.59918,0.224669
360,-0.813274,2.38253,0.44436
254,-0.813274,2.38253,0.44436
360,-0.309519,2.52597,1.26355
161,-0.309519,2.52597,1.26355
360,-3.09202,1.2384,0.261609
161,-3.09202,1.2384,0.261609
360,-1.53749,2.49259,0.235531
160,-1.53749,2.49259,0.235531
360,-0.276174,2.49518,0.439946
80,-0.276174,2.49518,0.439946
360,-1.13827,1.91212,-0.638782
358,-1.13827,1.91212,-0.638782
360,-1.008,2.53637,0.25808
17,-1.008,2.53637,0.25808
361,-0.397797,2.3555,1.75926
361,-0.414483,2.40737,1.77075
361,-0.180882,2.54843,1.35761
361,-0.16914,2.56099,1.35201
361,-0.260666,2.46469,1.31175
361,-0.18506,2.59349,1.3514
361,-0.174485,2.61152,1.35409
361,-0.324933,2.60713,1.79937
361,-0.273335,2.48447,1.32601
361,-0.330379,2.61307,1.79955
361,-0.288967,2.52647,1.43354
361,-0.307292,2.54184,1.27668
361,-0.235121,2.49073,0.460381
361,-0.245178,2.51462,0.450695
361,-0.286597,2.48613,0.505588
361,-0.27828,2.49111,0.36065
361,-0.251163,2.51709,0.265925
361,-0.297635,2.52847,0.283636
361,-0.307004,2.53068,0.254213
361,-0.306464,2.54171,0.250807
361,-1.0259,2.46799,1.78545
361,-1.0407,2.45634,1.78212
361,-1.04062,2.46572,1.77734
361,-1.02851,2.49971,1.82088
361,-1.04105,2.47819,1.78916
361,-1.03211,2.5026,1.81607
361,-1.04386,2.48586,1.79237
361,-0.945397,2.6364,1.83505
361,-1.48379,1.00061,-0.552265
361,-0.959368,2.64611,1.83796
361,-0.946367,2.47991,1.33059
361,-1.02406,2.64965,1.84181
361,-1.05334,2.59376,1.77998
361,-1.06273,2.63377,1.83271
361,-1.05931,2.70657,1.86651
361,-1.05744,2.69699,1.79997
361,-0.990251,2.55991,1.23489
361,-0.984594,2.61135,1.27725
361,-0.927531,2.5178,0.811493
361,-0.961946,2.54034,0.893717
361,-0.927137,2.53646,0.744942
361,-0.950501,2.56498,0.830337
361,-1.03237,1.9097,-0.533181
361,-1.02136,2.65342,1.19139
361,-1.04,1.92029,-0.567082
361,-0.988093,2.56215,0.806647
361,-1.17231,2.78267,1.8543
361,-0.991453,2.56569,0.75887
361,-1.05147,1.94435,-0.583061
361,-0.994803,2.56903,0.740937
361,-1.00164,2.56955,0.737273
361,-1.0011,2.6192,0.70808
361,-0.890585,2.56531,0.221054
361,-0.900788,2.56435,0.230988
361,-0.902336,2.57565,0.217507
361,-1.03423,2.46772,0.288348
361,-1.06792,2.48199,0.273739
361,-2.7107,0.907487,1.37998
361,-3.03029,0.666254,1.69846
361,-2.53355,0.976795,0.915125
361,-1.6275,2.55648,1.82879
361,-2.59174,0.986289,0.906487
361,-2.89602,0.597333,0.870381
361,-2.54076,0.85521,0.397177
361,-2.93677,0.600784,0.952535
361,-2.93905,0.603254,0.964178
361,-2.91612,0.596758,0.861022
361,-2.67455,0.894967,0.842512
361,-2.70358,0.864451,0.84255
361,-2.88462,0.653463,0.833876
361,-1.65627,2.5908,1.83296
361,-2.98632,0.59512,0.964763
361,-2.62956,1.02218,0.906987
361,-2.65625,1.00989,0.924208
361,-1.17267,2.5653,0.208039
361,-2.64529,1.04428,0.934184
361,-1.67596,2.62592,1.84729
361,-2.65609,1.03213,0.902151
361,-2.99491,0.592634,0.844422
361,-2.64484,1.03042,0.843533
361,-2.9019,0.652057,0.687706
361,-1.75399,2.53891,1.80468
361,-2.78026,0.869409,0.814657
361,-3.02437,0.597367,0.82397
361,-2.89803,0.525479,0.259827
361,-2.67516,1.26211,1.33176
361,-2.68061,1.07123,0.877874
361,-2.68013,1.27355,1.32351
361,-3.00913,0.667222,0.813542
361,-2.71591,1.06756,0.870667
361,-2.99406,0.592181,0.250713
361,-2.81883,1.25278,1.33121
361,-3.01656,0.604378,0.2539
361,-3.20075,0.685848,0.809238
361,-2.74782,1.05811,0.339864
361,-2.77089,1.04837,0.352701
361,-1.79998,2.46725,0.277921
361,-1.82727,2.51009,0.235551
361,-1.87633,2.50145,0.230448
361,-2.12241,2.38936,0.227543
361,-2.15147,2.54285,0.167352
361,-2.28644,2.42712,-0.0693668
361,-6.04425,1.00663,1.85226
361,-0.96955,2.59544,1.71921
360,-0.96955,2.59544,1.71921
361,-1.02921,2.58269,1.80874
360,-1.02921,2.58269,1.80874
361,-0.309844,2.54907,1.23568
59,-0.309844,2.54907,1.23568
361,-0.302621,2.53698,1.2391
59,-0.302621,2.53698,1.2391
361,-0.927422,2.3628,1.79313
59,-0.927422,2.3628,1.79313
361,-1.11544,2.70583,1.83741
254,-1.11544,2.70583,1.83741
361,-1.41846,3.15963,0.385434
254,-1.41846,3.15963,0.385434
361,-0.279143,2.53612,1.2141
160,-0.279143,2.53612,1.2141
361,-2.8798,0.436838,0.272899
160,-2.8798,0.436838,0.272899
362,0.316732,0.285825,1.26863
362,-0.227184,2.08007,0.81194
362,-0.254712,2.13792,0.800529
362,-0.263344,2.17729,0.760971
362,-0.276668,2.20696,0.754992
362,-0.291477,2.51264,1.3362
362,-0.312081,2.4764,1.22997
362,-0.320434,2.48616,1.26801
362,-0.303159,2.50952,1.23328
362,-0.306268,2.50557,1.21543
362,-0.306333,2.52336,1.25211
362,-0.309758,2.51779,1.24936
362,-0.322802,2.48851,1.22718
362,-0.30559,2.28694,0.736731
362,-0.298028,2.47132,1.06329
362,-0.320035,2.54713,1.24648
362,-0.306513,2.4864,1.06714
362,-0.303813,2.54911,1.16899
362,-0.30872,2.49708,1.05611
362,-0.304986,2.48493,0.984018
362,-0.303985,2.52202,1.0332
362,-0.48501,2.49685,1.61367
362,-0.30553,2.53207,1.02107
362,-0.311839,2.5569,1.09027
362,-0.306027,2.54107,1.03277
362,-0.314372,2.50587,0.983211
362,-0.490536,2.51041,1.61812
362,-0.322227,2.60535,1.20935
362,-0.316191,2.55919,1.08928
362,-0.314141,2.56598,1.08826
362,-0.352281,2.34305,0.747417
362,-0.281316,2.42237,0.581966
362,-0.358359,2.37499,0.735758
362,-0.291226,2.43267,0.585624
362,-0.321143,2.56266,0.944659
362,-0.318902,2.43094,0.655432
362,-0.242645,2.48422,0.475611
362,-0.310895,2.45122,0.648727
362,-0.257707,2.48895,0.520956
362,-0.299473,2.45055,0.569626
362,-0.310863,2.46216,0.62669
362,-0.299192,2.4707,0.567307
362,-0.320271,2.46879,0.626218
362,-0.284779,2.5145,0.569338
362,-0.225094,2.48104,0.278293
362,-0.294319,2.51427,0.569232
362,-0.311081,2.50741,0.601019
362,-0.326993,2.50881,0.65112
362,-0.330567,2.51328,0.667062
362,-0.344328,2.59857,0.868704
362,-0.312767,2.56362,0.681176
362,-0.347077,2.59282,0.8617
362,-0.247795,2.48819,0.274346
362,-0.316668,2.53655,0.606536
362,-0.249743,2.48792,0.263832
362,-0.336118,2.52701,0.652931
362,-0.330515,2.55844,0.685041
362,-0.33762,2.56204,0.675422
362,-0.322589,2.54595,0.586702
362,-0.358792,2.62206,0.872101
362,-0.264105,2.49911,0.262457
362,-0.332173,2.50762,0.277887
362,-0.350325,2.53356,0.282231
362,-0.342719,2.54467,0.264514
362,-0.567464,2.50726,0.72345
362,-0.871658,2.59369,1.8303
362,-0.895829,2.60798,1.83741
362,-0.907795,2.58612,1.8237
362,-0.910963,2.58353,1.82691
362,-1.01178,2.39057,1.77474
362,-0.904869,2.60786,1.84842
362,-1.02079,2.44216,1.83006
362,-1.0127,2.46032,1.83289
362,-1.04618,2.41263,1.80252
362,-1.03186,2.44349,1.78839
362,-0.996043,2.51298,1.79565
362,-0.932105,2.64811,1.84703
362,-1.04961,2.44745,1.79198
362,-0.582218,2.52782,0.256357
362,-0.918166,2.45435,1.29598
362,-0.546552,2.76597,0.627075
362,-0.915667,2.44532,1.23916
362,-1.02963,2.53196,1.81966
362,-0.63022,2.52021,0.355277
362,-0.930792,2.46697,1.30218
362,-0.946818,2.48764,1.39681
362,-0.539559,2.811,0.618389
362,-0.955366,2.49115,1.3897
362,-1.01968,2.55257,1.69092
362,-0.617712,2.56256,0.263201
362,-0.621518,2.55287,0.251413
362,-0.964375,2.50504,1.31709
362,-0.627279,2.56958,0.240357
362,-0.641853,2.54674,0.241596
362,-0.640053,2.55354,0.235881
362,-0.651477,2.56483,0.28952
362,-0.654537,2.56528,0.286978
362,-0.957192,2.50684,1.23688
362,-0.65841,2.55009,0.259353
362,-0.575654,2.85699,0.60118
362,-0.63283,2.59,0.235812
362,-0.6605,2.56933,0.286542
362,-0.662841,2.54752,0.24845
362,-0.647053,2.56861,0.231325
362,-0.666676,2.55838,0.244991
362,-0.676181,2.57014,0.243904
362,-0.692656,2.55142,0.250793
362,-0.736757,2.58831,0.238721
362,-0.94453,2.53936,0.739406
362,-2.61979,0.11667,1.51268
362,-1.53773,0.982546,-0.606473
362,-0.869959,2.54295,0.239441
362,-0.864394,2.55788,0.228971
362,-2.77295,0.0175356,1.65881
362,-0.876714,2.57304,0.221147
362,-0.881168,2.57483,0.22036
362,-2.79834,0.0156326,1.63773
362,-0.904455,2.5652,0.230251
362,-0.912431,2.57594,0.232431
362,-0.90157,2.59436,0.212523
362,-2.57498,0.0899177,0.86807
362,-0.926517,2.59454,0.234089
362,-2.45864,0.0923333,0.409597
362,-2.57734,0.135744,0.88214
362,-2.4834,0.0918313,0.434928
362,-1.06466,2.44311,0.31286
362,-2.50039,0.0914077,0.446514
362,-2.61342,0.106774,0.853778
362,-1.57932,2.51561,2.14594
362,-1.58739,2.51588,2.15276
362,-2.65819,0.0916906,0.861237
362,-1.59424,2.5266,2.14207
362,-1.08748,2.50585,0.256985
362,-2.56291,0.0904799,0.417037
362,-1.09604,2.49975,0.255746
362,-2.5725,0.0904431,0.438187
362,-2.55695,0.441723,1.1186
362,-1.10079,2.49549,0.252043
362,-2.65553,0.162253,0.863702
362,-1.10558,2.50689,0.245475
362,-2.53244,0.157324,0.372402
362,-2.66354,0.171704,0.863447
362,-2.58993,0.436926,1.14144
362,-2.70875,0.215626,1.02542
362,-1.64721,2.5544,2.13148
362,-1.59059,2.51679,1.82745
362,-2.57255,0.159312,0.358292
362,-1.58976,2.52085,1.81032
362,-1.55595,2.55918,1.74547
362,-1.62895,2.62492,2.14293
362,-1.56847,2.56529,1.79549
362,-1.62734,2.64754,2.15936
362,-2.59595,0.168779,0.363396
362,-1.59303,2.5564,1.78873
362,-1.60654,2.55783,1.83557
362,-1.58663,2.58835,1.79644
362,-1.61296,2.56163,1.83058
362,-2.76754,0.603219,1.82119
362,-1.60961,2.56246,1.81554
362,-1.64516,2.69163,2.19362
362,-1.64175,2.73375,2.19529
362,-1.61124,2.62642,1.83435
362,-1.6308,2.57384,1.77595
362,-1.61852,2.62647,1.83015
362,-1.65547,2.73197,2.17189
362,-1.61001,2.66437,1.85619
362,-1.63761,2.62765,1.84959
362,-1.64395,2.5815,1.75006
362,-1.61563,2.67682,1.84851
362,-1.63691,2.63729,1.81452
362,-1.61355,2.68794,1.82992
362,-2.84586,0.614593,1.73506
362,-1.66074,2.6582,1.77434
362,-1.65925,2.65985,1.76333
362,-2.94294,0.0225162,0.752376
362,-1.66388,2.72078,1.86751
362,-1.66278,2.72234,1.85838
362,-2.84748,0.374146,1.11036
362,-2.87691,0.377178,1.11488
362,-1.66337,2.79266,1.87132
362,-1.66174,2.80439,1.86015
362,-1.63876,2.88303,1.91238
362,-1.67501,2.88952,1.91721
362,-1.80999,2.6032,1.79481
362,-1.69656,2.83924,1.8749
362,-1.45422,2.48643,0.248908
362,-2.73795,0.899706,1.46597
362,-2.85785,0.507466,1.03596
362,-1.47532,2.50263,0.261134
362,-2.74024,0.399457,0.322134
362,-2.73231,0.421137,0.311498
362,-2.78598,0.907149,1.50727
362,-2.7742,0.907231,1.45995
362,-2.734,0.430441,0.310963
362,-1.50504,2.4913,0.250163
362,-2.92646,0.371231,0.759718
362,-2.89352,0.570074,1.05998
362,-1.95235,2.47506,1.69663
362,-2.84932,0.575072,0.861526
362,-2.88485,0.576256,0.960776
362,-2.85454,0.502724,0.653681
362,-2.88902,0.883619,1.57602
362,-2.91248,0.574012,0.966397
362,-1.97755,2.3608,1.37273
362,-2.88271,0.497739,0.670819
362,-3.11892,-0.120822,0.205739
362,-2.82861,0.417767,0.287462
362,-1.98665,2.34576,1.34286
362,-2.8907,0.574808,0.827564
362,-2.9057,0.575932,0.852593
362,-2.89635,0.365304,0.329405
362,-2.63796,0.832587,0.376694
362,-2.92861,0.367735,0.320217
362,-1.63786,2.53623,0.26315
362,-2.95145,0.341526,0.272558
362,-2.96525,0.582789,0.80259
362,-2.96367,0.35563,0.278789
362,-2.81374,0.653298,0.33548
362,-1.69132,2.5189,0.232515
362,-2.95164,0.41969,0.287021
362,-2.91471,0.490527,0.269021
362,-3.002,0.373487,0.329351
362,-1.69395,2.54735,0.24139
362,-2.95696,0.58788,0.541945
362,-2.99638,0.445999,0.331313
362,-2.87184,0.65558,0.304806
362,-1.80172,2.46365,0.26515
362,-1.75438,2.54145,0.242208
362,-1.82449,2.4686,0.228303
362,-2.91495,0.662984,0.301561
362,-2.98119,0.569233,0.336102
362,-1.83094,2.49019,0.275414
362,-2.96952,0.569312,0.282003
362,-1.83129,2.4822,0.244763
362,-1.83648,2.47481,0.243251
362,-2.97366,0.613823,0.369321
362,-3.09792,0.346599,0.222602
362,-2.96315,0.667767,0.328644
362,-2.77433,1.01003,0.363747
362,-1.85946,2.49964,0.230344
362,-3.01428,0.583533,0.244888
362,-2.98644,0.681943,0.306467
362,-3.02261,0.596801,0.242504
362,-2.80132,1.03265,0.31437
362,-2.00764,2.4064,0.22518
362,-3.04278,0.705858,0.321172
362,-3.18084,0.85842,1.11456
362,-3.20121,0.845473,1.12534
362,-2.85488,1.0691,0.291147
362,-3.24109,0.844941,1.13725
362,-3.31037,0.72224,1.07552
362,-3.24962,0.84316,1.10838
362,-2.10031,2.37481,0.235069
362,-3.24601,0.736886,0.867783
362,-2.89053,1.09218,0.299039
362,-3.27423,0.850489,1.12803
362,-2.12797,2.36976,0.23611
362,-3.27401,0.733434,0.858343
362,-3.27803,0.736836,0.859316
362,-3.29028,0.731696,0.862117
362,-2.13125,2.40922,0.22112
362,-2.16183,2.37166,0.231457
362,-2.91392,1.12331,0.255735
362,-2.18471,2.36684,0.232592
362,-2.11364,2.48729,0.187845
362,-2.19417,2.38488,0.227717
362,-2.20838,2.42176,0.212468
362,-2.18512,2.53308,0.216204
362,-2.2029,2.56915,0.208838
362,-3.50057,0.86534,1.11887
362,-3.51489,0.890712,0.823737
362,-1.48433,2.02036,0.416918
361,-1.48433,2.02036,0.416918
362,-1.02732,2.56052,1.81095
361,-1.02732,2.56052,1.81095
362,-1.04,2.57528,1.78934
361,-1.04,2.57528,1.78934
362,-1.93804,2.50473,1.77672
360,-1.93804,2.50473,1.77672
362,-1.05958,2.6222,1.81033
254,-1.05958,2.6222,1.81033
362,-2.79123,0.510072,0.730998
273,-2.79123,0.510072,0.730998
363,-0.60378,2.5012,0.38072
363,-0.610813,2.51437,0.364293
363,-1.00236,2.39043,1.78441
363,-1.19276,2.40726,2.04503
363,-1.20315,2.40803,2.04678
363,-1.21608,2.4346,2.0519
363,-1.2574,2.44102,2.05293
363,-0.847315,2.52735,0.259919
363,-1.35035,2.52667,2.08168
363,-1.43916,2.53337,2.11859
363,-1.489,2.58792,2.13712
363,-1.09711,2.52681,0.264034
363,-1.10391,2.50997,0.248833
363,-1.47131,2.54285,1.77666
363,-1.47265,2.56176,1.80933
363,-1.49545,2.52638,1.80103
363,-1.51362,2.47294,1.76979
363,-1.49157,2.58368,1.82172
363,-1.1319,2.56086,0.237894
363,-1.5096,2.53373,1.7789
363,-1.51758,2.53799,1.74362
363,-1.52442,2.53941,1.72781
363,-1.56066,2.50998,1.80375
363,-1.54758,2.51363,1.74162
363,-1.5592,2.52107,1.7669
363,-1.5508,2.57849,1.80219
363,-1.57306,2.53297,1.80797
363,-1.58188,2.4761,1.73645
363,-1.56571,2.53467,1.74873
363,-1.55798,2.58444,1.79757
363,-1.54536,2.56223,1.69743
363,-1.52303,2.77101,1.87802
363,-1.58052,2.54676,1.71999
363,-1.56535,2.58398,1.66607
363,-1.58888,2.55462,1.6883
363,-1.56063,2.80182,1.88967
363,-1.58692,2.61024,1.275
363,-2.7377,-0.0909571,1.50438
363,-2.73005,-0.0903363,1.4377
363,-1.41581,2.48194,0.271465
363,-2.74416,-0.0844629,1.50226
363,-2.76208,-0.0872982,1.56573
363,-2.7297,-0.254017,1.13319
363,-1.66218,2.83029,1.8467
363,-1.52227,2.52589,0.707933
363,-1.4281,2.49855,0.256731
363,-2.73636,-0.253892,1.07743
363,-2.74468,-0.260673,1.09178
363,-2.77017,-0.0857677,1.49619
363,-2.75703,-0.0834986,1.44299
363,-1.5277,2.54012,0.715601
363,-1.52952,2.54122,0.720175
363,-1.5361,2.53294,0.712084
363,-1.53285,2.54791,0.719336
363,-1.52723,2.55282,0.698809
363,-2.78239,0.0317145,1.65228
363,-1.69299,2.55163,1.31399
363,-2.74599,-0.193315,1.04998
363,-1.71631,2.57725,1.32403
363,-1.70248,2.59767,1.26776
363,-1.71586,2.62048,1.26828
363,-1.68292,2.7198,1.27577
363,-2.8151,-0.20763,1.02796
363,-1.73247,2.64139,1.27669
363,-2.82268,-0.0951554,1.09298
363,-1.78609,2.61522,1.25948
363,-2.84683,-0.0875497,1.09013
363,-2.76105,-0.304587,0.324862
363,-2.822,-0.0896895,0.894568
363,-2.75818,0.571648,1.71376
363,-2.84132,-0.0907125,0.888218
363,-2.83325,0.412759,1.63617
363,-1.98833,2.35595,1.36872
363,-1.81614,2.73483,1.27087
363,-2.85835,-0.295344,0.47876
363,-2.81492,-0.297947,0.279307
363,-2.9227,-0.0931564,1.08459
363,-2.81385,-0.303952,0.251633
363,-2.82184,-0.305213,0.274533
363,-2.94676,-0.112351,1.10178
363,-2.79709,-0.173759,0.287406
363,-1.84471,2.76134,1.27407
363,-2.87814,0.535493,1.83911
363,-2.82838,-0.251471,0.261202
363,-2.85597,-0.3082,0.279137
363,-2.82586,-0.25101,0.249186
363,-2.81563,-0.195525,0.27921
363,-1.7904,2.59884,0.719967
363,-2.83253,-0.219142,0.27358
363,-2.81877,-0.184246,0.25288
363,-2.73853,0.461153,1.0225
363,-2.75894,0.459253,1.08015
363,-1.71015,2.56841,0.230102
363,-2.81688,-0.117433,0.267931
363,-2.9216,0.423281,1.64202
363,-2.76325,0.46388,1.01751
363,-2.82017,-0.117338,0.253987
363,-2.81983,0.387103,1.11898
363,-2.78793,0.467656,1.12156
363,-2.94791,-0.43301,0.236371
363,-2.88339,-0.266133,0.244291
363,-1.78145,2.46416,0.253078
363,-2.96597,-0.444006,0.272339
363,-1.83454,2.62205,0.737003
363,-2.89128,-0.264452,0.251317
363,-1.73051,2.60428,0.251182
363,-2.79126,0.462913,1.07222
363,-2.96004,-0.435385,0.233961
363,-2.87505,-0.198875,0.276552
363,-2.8335,0.39415,1.11171
363,-1.74422,2.58467,0.227267
363,-1.80592,2.47458,0.268368
363,-1.80701,2.46693,0.248758
363,-2.82515,0.463945,1.10566
363,-2.88702,-0.172597,0.26121
363,-2.82799,0.467538,1.1128
363,-1.83043,2.67071,0.649779
363,-2.82984,0.470956,1.11331
363,-3.06202,0.343735,1.8581
363,-2.87994,-0.117061,0.248964
363,-1.88328,2.93951,1.27796
363,-1.82162,2.50522,0.251681
363,-1.82411,2.49627,0.239097
363,-2.98376,-0.332015,0.297972
363,-1.83124,2.48981,0.236243
363,-2.94089,-0.141535,0.247336
363,-2.8008,0.629092,0.971232
363,-2.83492,0.164797,0.285453
363,-2.93253,-0.0806416,0.251408
363,-2.82791,0.63831,0.977979
363,-3.04827,0.556011,1.74537
363,-2.85776,0.690648,1.16001
363,-2.83809,0.634973,0.971129
363,-2.81362,0.678056,0.93687
363,-2.85379,0.209211,0.282315
363,-2.9522,0.376625,0.884862
363,-2.8436,0.679841,0.934819
363,-2.87254,0.224209,0.26932
363,-2.96455,0.360193,0.881831
363,-3.14005,0.522635,1.86981
363,-2.97467,0.388642,0.90659
363,-2.88412,0.685734,0.928858
363,-2.92239,0.59709,0.923715
363,-2.83711,0.44039,0.278128
363,-2.84874,0.417671,0.287495
363,-2.88966,0.516922,0.622965
363,-2.84369,0.439118,0.278039
363,-2.87655,0.427434,0.270806
363,-2.97222,0.343007,0.254836
363,-2.99648,0.354042,0.239657
363,-2.91763,0.67727,0.285843
363,-3.09795,0.723928,1.1067
363,-3.09568,0.731463,1.10769
363,-3.11233,0.732896,1.12258
363,-3.11509,0.736408,1.11421
363,-3.12253,0.726622,1.12117
363,-3.15244,0.74217,1.1079
363,-2.92159,1.08013,0.273758
363,-2.93283,1.10123,0.262188
363,-3.53842,0.957487,1.0925
363,-3.67858,0.951055,1.09238
363,-19.0012,1.79087,3.97244
363,-1.62632,2.44627,0.275649
362,-1.62632,2.44627,0.275649
363,-2.56518,0.548504,1.14042
362,-2.56518,0.548504,1.14042
363,-3.35133,0.86524,1.02606
362,-3.35133,0.86524,1.02606
363,-2.38894,0.320741,1.63406
362,-2.38894,0.320741,1.63406
363,-2.96676,0.512286,0.758579
362,-2.96676,0.512286,0.758579
363,-2.85557,0.335559,1.6833
362,-2.85557,0.335559,1.6833
363,-1.85196,2.54687,2.11077
362,-1.85196,2.54687,2.11077
363,-1.73038,2.43874,2.08539
362,-1.73038,2.43874,2.08539
363,-3.28237,0.359883,1.71294
362,-3.28237,0.359883,1.71294
363,-3.939,1.36086,1.73098
273,-3.939,1.36086,1.73098
363,-1.78391,2.66735,1.82125
263,-1.78391,2.66735,1.82125
363,-2.82338,-0.0818562,1.85806
263,-2.82338,-0.0818562,1.85806
363,-2.71008,-0.555119,0.280643
267,-2.71008,-0.555119,0.280643
363,-2.39968,3.24178,1.8058
264,-2.39968,3.24178,1.8058
363,-3.43118,0.371207,1.83201
264,-3.43118,0.371207,1.83201
363,-1.31025,2.17422,1.71015
361,-1.31025,2.17422,1.71015
363,-1.90731,2.31227,1.36511
359,-1.90731,2.31227,1.36511
364,-1.33717,-0.850152,0.130745
364,-1.46091,-1.15442,0.372785
364,-1.39011,-0.867207,0.187161
364,-1.39284,-0.871683,0.179326
364,-1.48907,-1.13802,0.408366
364,-1.51167,-1.14753,0.401889
364,-1.59804,-1.17434,0.616258
364,-1.45494,-0.788857,0.146442
364,-1.48335,-0.803674,0.265545
364,-1.62324,-1.1854,0.628149
364,-1.50049,-0.816355,0.256952
364,-1.51446,-0.81017,0.250018
364,-1.5572,-0.836798,0.352656
364,-1.55817,-0.830135,0.35679
364,-1.57121,-0.836053,0.350485
364,-1.57454,-0.842804,0.356921
364,-1.57274,-0.83098,0.345909
364,-1.53108,-0.788084,0.170688
364,-1.58421,-0.834947,0.353054
364,-1.54237,-0.716347,0.171052
364,-1.67411,-0.911328,0.592056
364,-1.55654,-0.715897,0.151104
364,-1.67937,-0.894237,0.576096
364,-1.78546,-1.21749,0.84106
364,-1.6009,-0.749423,0.212724
364,-1.60646,-0.749033,0.205475
364,-1.7684,-0.917596,0.848806
364,-1.81051,-1.22736,0.837805
364,-1.80669,-0.931303,0.843333
364,-1.80842,-0.939649,0.840154
364,-1.81008,-0.916599,0.816814
364,-1.83809,-0.985632,0.893372
364,-1.82531,-0.910682,0.877501
364,-1.83032,-0.920256,0.882037
364,-1.81719,-0.930739,0.814127
364,-1.90503,-1.0871,1.08326
364,-1.8367,-0.902604,0.872136
364,-1.90962,-1.07748,1.0857
364,-1.9135,-1.04955,1.0884
364,-1.91384,-1.01998,1.06034
364,-1.9128,-1.04064,0.939072
364,-1.91271,-1.13259,0.867572
364,-2.07494,-1.20168,1.52579
364,-1.97843,-0.96452,1.13914
364,-1.9746,-0.928146,1.14325
364,-2.0744,-1.27137,1.35472
364,-2.15588,-1.21119,1.62778
364,-2.13572,-1.2182,1.51988
364,-2.15959,-1.22995,1.61354
364,-2.01621,-0.97484,1.0787
364,-2.02176,-0.978763,1.07789
364,-2.08641,-0.975657,1.31785
364,-2.188,-1.28418,1.56318
364,-2.18847,-1.2754,1.56739
364,-2.25728,-0.972947,1.53294
364,-2.32294,-1.00574,1.62563
364,-2.41874,-1.01032,1.77754
364,-2.44928,-1.03331,1.78017
364,-1.84458,2.21321,0.353693
364,-1.91802,2.33532,0.299068
364,-2.60962,-0.388089,1.76258
364,-2.61821,-0.390646,1.78969
364,-2.6406,-0.386897,1.8104
364,-2.59045,0.0329617,1.77802
364,-2.60693,0.0254994,1.78023
364,-2.65018,-0.2892,1.47111
364,-2.68678,-0.287364,1.47486
364,-2.67916,-0.285466,1.41371
364,-2.68829,-0.330909,1.26571
364,-2.69842,-0.0828817,1.44707
364,-2.71823,-0.112563,1.47742
364,-2.72093,-0.0984629,1.47254
364,-2.72086,-0.273353,1.28504
364,-2.74048,-0.1055,1.4739
364,-2.75072,-0.0807647,1.50922
364,-2.76291,0.07289,1.6118
364,-2.69994,-0.248056,1.09294
364,-2.85228,-0.11859,1.86578
364,-2.77266,-0.0847161,1.5125
364,-2.73691,-0.253693,1.14
364,-2.73698,-0.278725,1.07732
364,-2.72912,-0.248827,1.05372
364,-2.73615,-0.258904,1.07946
364,-2.82031,0.332444,1.84592
364,-2.73422,-0.258056,1.06965
364,-2.7412,-0.25143,1.08041
364,-2.75843,-0.250661,1.13235
364,-2.51708,-0.893689,-0.410037
364,-2.7411,-0.109624,1.09469
364,-2.76129,-0.255152,1.08127
364,-2.74905,-0.193516,1.05069
364,-2.76689,-0.319984,1.04873
364,-2.76638,-0.321222,1.03409
364,-2.75298,-0.193245,1.04613
364,-2.91149,-0.0473368,1.87078
364,-2.75725,-0.111687,1.07966
364,-2.75457,-0.0865203,1.0825
364,-2.75438,-0.0767182,1.08353
364,-2.75911,-0.0780404,1.08301
364,-2.73357,-0.119822,0.927846
364,-2.76911,-0.0831372,1.09528
364,-2.74419,-0.150251,0.881222
364,-2.74962,-0.142506,0.885366
364,-2.78233,-0.26541,0.872264
364,-2.78493,-0.264193,0.854566
364,-2.77354,-0.14529,0.875027
364,-2.69768,0.194403,0.705948
364,-2.74786,0.449117,1.08692
364,-2.80569,-0.261682,0.901475
364,-2.70526,0.196733,0.689746
364,-2.77308,-0.449367,0.58227
364,-2.76168,0.452664,1.07722
364,-2.82144,-0.265536,0.847675
364,-2.80295,-0.489974,0.584972
364,-2.78551,0.496099,1.11877
364,-2.6699,-0.912516,-0.317547
364,-2.76996,0.614748,1.10319
364,-2.81152,0.242623,1.03319
364,-2.77569,0.629881,1.11151
364,-2.80243,0.432892,1.11074
364,-2.8032,0.371211,1.06769
364,-2.84267,-0.164394,0.909378
364,-2.78058,0.59786,1.07839
364,-2.81176,0.436287,1.09557
364,-2.74459,0.495247,0.776118
364,-2.82593,-0.464446,0.529823
364,-2.86261,0.0350399,1.01562
364,-2.82824,0.431333,1.09147
364,-2.80973,0.607824,1.10602
364,-2.83472,0.435562,1.09485
364,-2.84843,0.329989,1.08864
364,-2.82895,0.103727,0.844367
364,-2.79461,-0.283664,0.430225
364,-2.80559,-0.560505,0.283973
364,-2.84992,0.239999,0.994942
364,-2.89947,-0.0569207,1.03613
364,-2.81056,0.695683,1.07778
364,-2.80005,-0.239532,0.409709
364,-2.7623,0.684519,0.805294
364,-2.81782,-0.293766,0.440448
364,-2.85899,0.533148,1.14739
364,-2.86782,0.328629,1.05692
364,-2.83932,0.617425,1.1042
364,-2.77566,0.670599,0.816742
364,-2.86846,-0.471021,0.516582
364,-2.86684,-0.514258,0.481278
364,-2.8135,-0.239813,0.399211
364,-2.87302,0.529786,1.1513
364,-2.82762,0.463841,0.894835
364,-2.83222,-0.288088,0.4367
364,-2.88561,0.32886,1.06118
364,-2.88559,0.329893,1.05229
364,-2.84049,-0.568203,0.264765
364,-2.89563,0.336127,1.088
364,-2.75664,0.135037,0.30692
364,-2.84022,0.587176,0.965668
364,-2.82792,-0.243102,0.369208
364,-2.80443,0.508403,0.732458
364,-2.85904,-0.588846,0.257367
364,-2.76798,0.15464,0.304763
364,-2.88196,0.533048,1.07144
364,-2.87623,0.618329,1.07359
364,-2.89512,0.539687,1.10725
364,-2.91897,0.335908,1.08407
364,-2.8649,0.542882,0.939684
364,-2.84373,0.59505,0.865159
364,-2.84709,0.5874,0.843558
364,-2.82921,0.512601,0.69165
364,-2.87997,-0.398641,0.325152
364,-2.84177,0.536601,0.739485
364,-2.88779,-0.56165,0.23956
364,-2.85887,-0.135424,0.368969
364,-2.83639,-0.0556785,0.314139
364,-2.80338,0.140542,0.281024
364,-2.8982,-0.302381,0.43745
364,-2.84155,0.513633,0.689857
364,-2.83851,0.0688937,0.374905
364,-2.8952,-0.576991,0.228042
364,-2.85522,-0.213094,0.256209
364,-2.9026,0.602839,0.994223
364,-2.84685,-0.0698003,0.301841
364,-2.98728,0.943845,1.59178
364,-2.91344,0.422967,0.906367
364,-2.85065,0.496799,0.658959
364,-2.81463,0.215689,0.294376
364,-2.90005,-0.412522,0.268388
364,-2.91031,-0.427799,0.281208
364,-2.80924,0.392115,0.319338
364,-2.8802,-0.181048,0.281128
364,-2.94372,0.54664,1.03717
364,-2.80039,0.492282,0.286744
364,-2.89898,-0.0616326,0.331764
364,-2.89594,-0.0603042,0.316622
364,-2.93426,-0.43226,0.243131
364,-2.82855,0.438631,0.299557
364,-2.86686,0.106363,0.265793
364,-3.01153,0.999651,1.48593
364,-2.81922,0.647223,0.36357
364,-2.89293,-0.0289985,0.270463
364,-2.87781,0.0916755,0.261111
364,-2.91352,-0.126603,0.274993
364,-2.89917,-0.0576582,0.250199
364,-2.96876,0.743932,1.05438
364,-2.95273,-0.448063,0.219809
364,-2.96161,-0.417786,0.211147
364,-2.90597,1.07557,0.899638
364,-2.85181,0.556043,0.300999
364,-2.85089,0.557327,0.289554
364,-2.87766,0.333976,0.271578
364,-2.88317,0.28761,0.266222
364,-2.8571,0.515889,0.28412
364,-2.88452,0.316044,0.267964
364,-2.88967,0.372385,0.28051
364,-3.23171,0.492478,1.89911
364,-3.07809,1.1661,1.59828
364,-2.96329,-0.0578929,0.222337
364,-3.09428,0.9687,1.46333
364,-2.89952,0.580858,0.277751
364,-3.04282,0.722859,0.909917
364,-2.92066,1.08609,0.306761
364,-2.91508,1.11183,0.267702
364,-2.91986,1.10279,0.266628
364,-2.94504,1.09606,0.26493
364,-3.33482,0.883055,1.86602
364,-3.16566,0.778555,0.907346
364,-3.36409,0.896599,1.89932
364,-3.39346,0.898636,1.94109
364,-3.19406,0.761343,0.893171
364,-3.06502,0.731845,0.240849
364,-3.03214,1.09827,0.248179
364,-3.42746,0.899804,1.9517
364,-3.2249,1.45445,1.34227
364,-3.43944,0.884632,1.95926
364,-3.44763,0.882324,1.94353
364,-3.06759,1.05605,0.250798
364,-3.25795,0.798311,0.893319
364,-3.28715,0.810679,0.880444
364,-3.43837,0.952734,0.751548
364,-3.30488,1.02867,0.174961
364,-3.32555,1.03023,0.169214
364,-3.4776,0.977321,0.750676
364,-3.49899,1.02464,0.732069
364,-3.52037,0.983675,0.737335
364,-3.5346,1.02238,0.722216
364,-3.96276,1.10691,1.01175
364,-3.97891,1.07982,1.02183
364,-3.97515,1.11159,1.02255
364,-4.01047,1.07982,0.974826
364,-4.07151,1.0942,0.974576
364,-4.11149,1.10928,0.958406
364,-4.11408,1.10321,0.953907
364,-2.70796,-0.284274,1.82053
274,-2.70796,-0.284274,1.82053
364,-2.86132,-0.28829,1.85535
274,-2.86132,-0.28829,1.85535
364,-3.11671,-0.290318,1.90992
274,-3.11671,-0.290318,1.90992
364,-2.88031,0.414992,1.74339
274,-2.88031,0.414992,1.74339
364,-2.92598,-0.2891,1.86939
274,-2.92598,-0.2891,1.86939
364,-2.50766,0.0127263,1.76799
274,-2.50766,0.0127263,1.76799
364,-3.32581,0.811367,1.94123
274,-3.32581,0.811367,1.94123
364,-3.80877,0.97202,2.00251
274,-3.80877,0.97202,2.00251
364,-3.43101,0.84249,1.95224
274,-3.43101,0.84249,1.95224
364,-3.69137,0.930919,1.98467
274,-3.69137,0.930919,1.98467
364,-3.14507,0.754614,1.89573
274,-3.14507,0.754614,1.89573
364,-2.51801,-1.38506,1.55284
274,-2.51801,-1.38506,1.55284
364,-5.83622,2.13596,1.93622
274,-5.83622,2.13596,1.93622
364,-2.8577,1.06449,1.0851
274,-2.8577,1.06449,1.0851
364,-2.58429,-0.173148,1.82273
274,-2.58429,-0.173148,1.82273
364,-2.87709,0.955636,1.52899
274,-2.87709,0.955636,1.52899
364,-3.46251,0.864879,1.93573
274,-3.46251,0.864879,1.93573
364,-3.15024,1.03393,1.42676
274,-3.15024,1.03393,1.42676
364,-0.0382219,-0.0836424,1.23348
273,-0.0382219,-0.0836424,1.23348
364,-2.27922,-0.266872,1.73262
273,-2.27922,-0.266872,1.73262
364,-0.0296092,-0.0867725,1.23275
273,-0.0296092,-0.0867725,1.23275
364,-2.76654,0.912464,1.56095
273,-2.76654,0.912464,1.56095
364,-2.25931,-0.268225,1.72872
273,-2.25931,-0.268225,1.72872
364,-3.19834,1.06412,1.61733
273,-3.19834,1.06412,1.61733
364,-2.64706,-0.0729965,1.7962
363,-2.64706,-0.0729965,1.7962
364,-2.41412,0.909652,0.942055
363,-2.41412,0.909652,0.942055
364,-2.18132,2.57602,0.196567
363,-2.18132,2.57602,0.196567
364,-2.38317,-0.987623,1.55277
280,-2.38317,-0.987623,1.55277
364,-0.651593,0.13979,1.29741
263,-0.651593,0.13979,1.29741
364,-2.75148,0.112812,1.67766
263,-2.75148,0.112812,1.67766
364,-3.20308,-1.2672,0.84939
279,-3.20308,-1.2672,0.84939
364,-1.97166,0.621138,1.59498
264,-1.97166,0.621138,1.59498
364,-2.85867,0.518594,0.750771
362,-2.85867,0.518594,0.750771
364,-2.65721,0.0907989,0.85948
362,-2.65721,0.0907989,0.85948
364,-1.37076,-1.20663,0.241648
283,-1.37076,-1.20663,0.241648
365,-1.37353,-1.14153,0.187366
365,-1.35027,-1.24046,0.138742
365,-1.35005,-1.2415,0.136245
365,-1.35165,-1.24248,0.139066
365,-1.37521,-1.13925,0.185722
365,-1.38284,-1.14286,0.186678
365,-1.36094,-1.24637,0.135054
365,-1.40336,-1.14386,0.181221
365,-1.395,-1.24502,0.157635
365,-1.38465,-1.26873,0.117174
365,-1.39823,-1.24788,0.161364
365,-1.44435,-1.14798,0.289588
365,-1.47516,-0.799057,0.21532
365,-1.47333,-0.79178,0.198817
365,-1.44657,-1.156,0.29101
365,-1.48404,-0.799741,0.212431
365,-1.43576,-1.32935,0.217238
365,-1.4367,-1.33101,0.21775
365,-1.43651,-1.32969,0.215732
365,-1.44765,-1.24857,0.216676
365,-1.50585,-1.18993,0.379679
365,-1.45938,-1.3099,0.227676
365,-1.5038,-1.17228,0.350704
365,-1.50377,-1.17216,0.346213
365,-1.45533,-1.32497,0.202598
365,-1.51016,-1.1642,0.349787
365,-1.45961,-1.34464,0.197353
365,-1.47623,-1.31704,0.220298
365,-1.52913,-1.18153,0.331315
365,-1.54017,-1.19561,0.371869
365,-1.55369,-0.882443,0.203201
365,-1.56756,-0.907815,0.233168
365,-1.51358,-1.34105,0.239076
365,-1.5524,-1.23514,0.324047
365,-1.55947,-1.23403,0.323918
365,-1.53247,-1.34863,0.232823
365,-1.59303,-0.927396,0.133626
365,-1.6604,-1.18347,0.595149
365,-1.66411,-1.21544,0.59238
365,-1.56098,-1.37413,0.205906
365,-1.60423,-1.3125,0.324288
365,-1.64035,-0.834137,0.198301
365,-1.60848,-1.31421,0.316651
365,-1.64574,-0.838207,0.196145
365,-1.61841,-1.33141,0.315382
365,-1.69177,-1.21811,0.585367
365,-1.57008,-1.43021,0.134058
365,-1.69759,-1.21621,0.55456
365,-1.6419,-1.33359,0.304619
365,-1.64385,-1.33766,0.31029
365,-1.71252,-0.872587,0.271328
365,-1.70754,-0.947599,0.158059
365,-1.912,-1.07415,1.03227
365,-1.91583,-1.0756,1.04105
365,-1.94354,-1.0392,1.05711
365,-1.94567,-1.02609,1.0515
365,-2.00047,-0.950538,1.25757
365,-1.93026,-1.23929,1.08166
365,-1.93715,-1.24971,1.08016
365,-1.88926,-1.11876,0.609317
365,-1.90779,-1.08331,0.616359
365,-2.03725,-1.26668,1.31835
365,-2.04051,-1.25119,1.31947
365,-1.92166,-1.07262,0.598242
365,-1.99955,-1.26155,1.07095
365,-2.10363,-0.933069,1.32042
365,-1.93439,-1.07468,0.590782
365,-2.13127,-1.22346,1.52077
365,-2.16631,-0.913443,1.46174
365,-2.16482,-0.911875,1.44189
365,-2.12455,-1.26955,1.32691
365,-2.22833,-0.942757,1.55924
365,-2.19166,-1.26768,1.56566
365,-2.24998,-0.942712,1.56105
365,-2.26259,-0.949132,1.56172
365,-2.29212,-1.24094,1.75911
365,-2.29295,-1.25219,1.76256
365,-2.30788,-1.29952,1.84016
365,-2.30388,-1.29641,1.79322
365,-2.35235,-0.95546,1.79425
365,-2.31164,-1.30416,1.80116
365,-2.3239,-1.30966,1.845
365,-2.3898,-1.33153,2.01857
365,-2.41003,-1.00796,1.86039
365,-2.43333,-1.26544,1.99615
365,-2.52931,-1.02901,2.11505
365,-2.59148,-0.0868827,1.82624
365,-2.53234,-1.03269,2.10743
365,-2.59797,-0.094182,1.79592
365,-2.63008,-0.092812,1.79436
365,-2.5277,0.343108,0.910095
365,-2.67675,-0.068208,1.83542
365,-2.68543,-0.0718042,1.82434
365,-2.54719,0.358146,0.902272
365,-2.57679,-1.29533,2.02786
365,-2.5792,0.368881,0.923854
365,-2.67674,0.93361,0.837098
365,-2.63522,0.379878,0.836493
365,-2.70343,-0.160106,1.474
365,-2.82515,0.188779,1.75871
365,-2.64742,0.788095,0.392064
365,-2.92286,0.466488,1.86611
365,-2.65499,0.838679,0.378644
365,-2.69943,-0.278125,1.24949
365,-2.78807,1.01961,0.822236
365,-2.80333,-0.337906,1.71128
365,-2.66804,0.815969,0.370998
365,-2.69154,-0.257011,1.12488
365,-2.68822,-0.270477,1.10496
365,-2.80818,0.639963,1.09722
365,-2.70723,-0.332671,1.1876
365,-2.74548,-0.323844,1.25301
365,-2.84491,1.07905,0.837248
365,-2.75753,0.428931,0.780883
365,-2.73683,0.965057,0.355729
365,-2.8607,0.651093,1.091
365,-3.01822,0.511691,1.88127
365,-2.74063,0.866096,0.34107
365,-2.75409,0.965405,0.339894
365,-2.7371,-0.255625,0.998406
365,-2.76031,-0.171642,1.05191
365,-2.78762,-0.295141,1.25365
365,-2.73392,-0.335405,1.0265
365,-2.28578,-2.70081,0.365103
365,-2.74245,-0.333759,1.02572
365,-2.75258,0.852425,0.334915
365,-2.76822,-0.175349,1.02984
365,-2.77003,0.99302,0.324951
365,-2.77346,-0.17747,1.02768
365,-2.76316,-0.32886,1.04911
365,-2.9101,0.706644,1.0904
365,-2.78755,-0.170076,1.0436
365,-2.80758,-0.11558,1.07293
365,-2.79516,0.135747,0.837093
365,-2.80412,1.05657,0.309431
365,-2.91786,0.658564,1.02288
365,-2.79692,-0.275284,1.02494
365,-2.83548,0.497737,0.721707
365,-2.81713,1.02859,0.305728
365,-2.93656,0.725153,1.04862
365,-2.83349,0.500304,0.701532
365,-2.82538,0.494664,0.660962
365,-2.70414,0.124153,0.319112
365,-2.34513,-2.68498,0.350735
365,-2.82611,1.05566,0.307256
365,-2.7075,0.111184,0.316333
365,-2.8299,0.499092,0.639297
365,-2.83985,0.502058,0.679263
365,-2.71235,0.126564,0.309054
365,-2.75585,0.43353,0.302544
365,-2.83663,1.05357,0.301503
365,-2.96098,0.702081,1.09535
365,-2.83944,0.500472,0.63529
365,-2.75964,0.403976,0.308286
365,-2.84185,0.503792,0.617404
365,-2.76745,0.443923,0.294209
365,-2.76921,0.421324,0.298326
365,-2.37167,-2.7096,0.337706
365,-2.98162,0.763716,1.04652
365,-2.98565,0.702959,1.08681
365,-2.69931,-0.30834,0.36101
365,-2.8657,-0.427049,1.05474
365,-2.81365,0.411087,0.285435
365,-2.90843,0.163566,0.823933
365,-2.88904,0.837579,0.293518
365,-3.03989,0.780671,1.03325
365,-3.0205,0.69539,0.991557
365,-3.07054,0.836259,1.07099
365,-2.87765,0.509127,0.26186
365,-3.08382,0.824498,1.03167
365,-3.28146,0.925377,1.7517
365,-3.06616,0.716947,0.837984
365,-2.83076,-0.174874,0.278431
365,-2.87369,-0.346996,0.5807
365,-3.05984,0.563115,0.886838
365,-3.08464,0.916942,0.7757
365,-3.32115,0.789114,1.9185
365,-2.8779,0.0897566,0.261577
365,-2.95971,0.611294,0.265477
365,-2.89083,-0.359661,0.530781
365,-3.34538,0.818017,1.92316
365,-3.35343,0.866407,1.90537
365,-3.12571,0.800584,0.873519
365,-2.91793,0.215,0.25119
365,-3.13178,0.927446,0.783106
365,-2.98547,0.606404,0.284215
365,-3.36424,0.88676,1.86043
365,-2.99082,0.612983,0.250071
365,-3.15166,0.903054,0.792737
365,-3.14134,0.825979,0.787014
365,-2.90596,-0.185741,0.263412
365,-2.93102,-0.0212491,0.246195
365,-3.17937,0.838277,0.877663
365,-3.02132,0.640537,0.220202
365,-2.92755,-0.157432,0.25958
365,-3.18041,0.926761,0.7706
365,-2.59573,-2.74645,0.259286
365,-3.18453,0.901401,0.780737
365,-2.88202,-0.593523,0.219891
365,-3.01994,0.328601,0.233135
365,-2.90449,-0.549476,0.227391
365,-2.93983,-0.514438,0.359213
365,-2.97562,-0.0994961,0.250436
365,-3.2324,0.853256,0.86208
365,-3.03951,0.357308,0.213428
365,-2.94427,-0.52272,0.301076
365,-3.2399,0.833044,0.845217
365,-3.01208,-0.387387,0.47414
365,-2.98524,-0.476704,0.364291
365,-3.02423,-0.462495,0.197111
365,-3.32931,0.68951,0.838221
365,-3.09779,-0.388389,0.177189
365,-3.43048,0.424407,1.08839
365,-3.12946,-0.386253,0.149628
365,-3.4783,0.435048,1.085
365,-3.54577,0.482584,1.03042
365,-3.57015,0.474056,1.03124
365,-3.64266,0.445639,1.01719
365,-3.64567,0.431828,1.01984
365,-3.6518,0.462243,0.984275
365,-3.66226,0.447301,1.01949
365,-3.66253,0.45742,0.986496
365,-3.67424,0.443188,0.980086
365,-3.70091,0.483961,1.03287
365,-3.71469,0.486098,0.976803
365,-3.75661,0.497592,0.957652
365,-2.77841,-0.287492,1.83759
364,-2.77841,-0.287492,1.83759
365,-2.63806,0.541211,0.352767
364,-2.63806,0.541211,0.352767
365,-2.62402,-0.284532,1.77685
364,-2.62402,-0.284532,1.77685
365,-2.57324,-0.423318,1.74683
364,-2.57324,-0.423318,1.74683
365,-2.83668,-0.0531351,1.84584
364,-2.83668,-0.0531351,1.84584
365,-2.50749,0.862965,0.863038
364,-2.50749,0.862965,0.863038
365,-3.06486,1.04717,0.774273
364,-3.06486,1.04717,0.774273
365,-2.63464,-0.429035,1.75472
364,-2.63464,-0.429035,1.75472
365,-2.73363,-0.402019,0.31413
364,-2.73363,-0.402019,0.31413
365,-2.89378,-0.415341,0.261593
364,-2.89378,-0.415341,0.261593
365,-2.61575,0.89872,0.84531
364,-2.61575,0.89872,0.84531
365,-2.64967,-0.0766784,0.358163
364,-2.64967,-0.0766784,0.358163
365,-2.55493,0.716629,0.88183
364,-2.55493,0.716629,0.88183
365,-2.43542,-0.182274,1.78909
364,-2.43542,-0.182274,1.78909
365,-3.01145,0.325387,1.85621
274,-3.01145,0.325387,1.85621
365,-2.96182,0.282051,1.67313
274,-2.96182,0.282051,1.67313
365,-3.01043,0.290009,1.6937
274,-3.01043,0.290009,1.6937
365,-2.5892,-0.429029,1.64555
274,-2.5892,-0.429029,1.64555
365,-2.79596,0.250695,1.722
274,-2.79596,0.250695,1.722
365,-2.69277,0.268987,1.82451
274,-2.69277,0.268987,1.82451
365,-2.70425,0.278684,1.83096
274,-2.70425,0.278684,1.83096
365,-4.43253,0.502717,1.87698
274,-4.43253,0.502717,1.87698
365,-2.59026,-0.037194,1.8057
274,-2.59026,-0.037194,1.8057
365,-2.7023,-0.432615,1.65936
274,-2.7023,-0.432615,1.65936
365,-2.78172,-0.299558,1.83791
274,-2.78172,-0.299558,1.83791
365,-2.97513,0.550194,0.705456
274,-2.97513,0.550194,0.705456
365,-2.78553,0.949018,0.818097
274,-2.78553,0.949018,0.818097
365,-1.73022,-0.882591,0.891332
280,-1.73022,-0.882591,0.891332
365,-1.09605,-0.306069,1.57471
280,-1.09605,-0.306069,1.57471
365,-1.8463,-1.23768,0.814666
280,-1.8463,-1.23768,0.814666
365,-2.5307,-2.76216,0.669679
280,-2.5307,-2.76216,0.669679
365,-2.65772,-0.424195,1.80927
280,-2.65772,-0.424195,1.80927
365,-2.61268,-1.31202,2.0344
280,-2.61268,-1.31202,2.0344
365,-2.57988,-2.78775,0.265667
280,-2.57988,-2.78775,0.265667
365,-3.1247,0.270879,1.64802
273,-3.1247,0.270879,1.64802
365,-2.72814,0.180706,1.62863
273,-2.72814,0.180706,1.62863
365,-3.0128,0.190474,0.80705
273,-3.0128,0.190474,0.80705
365,-2.97144,-0.212588,1.86956
273,-2.97144,-0.212588,1.86956
365,-3.16412,1.19909,0.862752
273,-3.16412,1.19909,0.862752
365,-3.26188,0.058655,1.82777
273,-3.26188,0.058655,1.82777
365,-2.51924,-2.75361,0.610614
279,-2.51924,-2.75361,0.610614
365,-3.14207,-0.49829,0.207076
279,-3.14207,-0.49829,0.207076
365,-2.69738,-2.88658,0.620659
283,-2.69738,-2.88658,0.620659
365,-2.38375,-3.19372,0.312297
283,-2.38375,-3.19372,0.312297
365,-2.3914,-2.83653,0.322929
283,-2.3914,-2.83653,0.322929
365,-4.09572,-3.8517,-0.219226
283,-4.09572,-3.8517,-0.219226
365,-2.74986,-2.93993,0.555596
283,-2.74986,-2.93993,0.555596
365,-2.46054,-2.88302,0.306214
283,-2.46054,-2.88302,0.306214
365,-2.63301,-2.51913,0.220874
283,-2.63301,-2.51913,0.220874
365,-2.72187,-2.90667,0.545876
283,-2.72187,-2.90667,0.545876
365,-2.53946,-2.96531,0.301326
283,-2.53946,-2.96531,0.301326
365,-2.94001,-2.98277,0.590975
283,-2.94001,-2.98277,0.590975
365,-2.63338,-0.155304,1.82662
282,-2.63338,-0.155304,1.82662
365,-2.84451,0.412946,0.282496
363,-2.84451,0.412946,0.282496
365,-2.78431,-0.263981,0.881252
363,-2.78431,-0.263981,0.881252
365,-11.6802,2.05971,0.104921
263,-11.6802,2.05971,0.104921
366,-0.668593,-0.564016,1.25008
366,-1.35422,-0.882639,0.435988
366,-1.37839,-0.886423,0.420621
366,-1.26983,-1.28953,0.263303
366,-1.27078,-1.29589,0.228974
366,-1.30008,-1.29555,0.248869
366,-1.3273,-1.21105,0.20726
366,-1.48396,-0.870757,0.201331
366,-1.31549,-1.29899,0.234562
366,-1.35613,-1.2192,0.202947
366,-1.40652,-1.14585,0.242519
366,-1.40437,-1.17556,0.265803
366,-1.52258,-0.892342,0.19092
366,-1.64046,-1.15349,1.15892
366,-1.53394,-0.887745,0.184588
366,-1.54467,-0.878604,0.20926
366,-1.40704,-1.22645,0.235879
366,-1.71816,-0.875895,0.857087
366,-1.41595,-1.2371,0.228535
366,-1.40688,-1.29293,0.263363
366,-1.65435,-1.17644,1.03137
366,-1.44093,-1.24492,0.218307
366,-1.47087,-1.18902,0.227614
366,-1.44443,-1.24581,0.216229
366,-1.8146,-0.885895,1.08758
366,-1.43644,-1.30438,0.236559
366,-1.44246,-1.30114,0.234329
366,-1.41127,-1.27889,0.0397918
366,-1.46475,-1.27265,0.22399
366,-1.83266,-0.894211,1.09176
366,-1.49433,-1.15883,0.117032
366,-1.44094,-1.28054,0.0637896
366,-1.91954,-0.910579,1.32319
366,-1.69587,-0.844601,0.243325
366,-1.80672,-1.03013,0.974178
366,-1.80313,-1.03925,0.973785
366,-1.53929,-1.25886,0.228668
366,-1.8151,-1.02958,0.955664
366,-1.81822,-1.03014,0.957119
366,-1.8862,-1.1838,1.50595
366,-1.82497,-1.03689,0.956904
366,-1.5622,-1.2615,0.216621
366,-2.02072,-0.867298,1.43807
366,-1.81113,-1.04454,0.868606
366,-2.0362,-0.86962,1.45321
366,-1.93706,-0.894055,1.06558
366,-2.03764,-0.868617,1.44343
366,-1.55186,-1.34395,0.216804
366,-1.85467,-1.05951,0.953092
366,-1.90245,-0.921588,0.864337
366,-1.71927,-1.20698,0.550563
366,-1.92443,-1.06649,1.06256
366,-1.90249,-1.03347,0.870948
366,-1.75214,-1.23878,0.533865
366,-2.06877,-0.947898,1.28683
366,-1.8447,-0.857015,0.166972
366,-1.77997,-1.24458,0.538336
366,-1.85921,-1.22025,0.810955
366,-1.98715,-1.23044,1.37185
366,-1.94948,-1.08976,0.938467
366,-1.71099,-1.21424,0.137336
366,-1.85493,-0.923948,0.193095
366,-1.97727,-1.09232,1.00406
366,-1.96225,-1.09164,0.937504
366,-2.0596,-1.23189,1.60475
366,-1.92836,-1.08366,0.6922
366,-1.88433,-1.25142,0.808268
366,-1.93374,-1.08828,0.687996
366,-1.99575,-1.1042,0.925253
366,-1.89942,-1.26029,0.793273
366,-2.00695,-1.10627,0.92874
366,-1.74787,-1.32001,0.202658
366,-2.1529,-0.962777,1.26135
366,-2.63166,-0.168931,1.83702
366,-2.03096,-1.11499,0.994662
366,-1.7617,-1.31819,0.218119
366,-2.17894,-0.958966,1.25269
366,-2.23759,-0.976796,1.53066
366,-2.02051,-1.24547,1.06091
366,-1.97705,-0.887503,0.168428
366,-2.18677,-0.930888,1.09519
366,-2.50735,-0.215243,1.06482
366,-2.0549,-1.28242,1.0493
366,-2.70934,-0.159688,1.76137
366,-2.71203,-0.161016,1.74302
366,-2.28266,-0.952251,1.35631
366,-2.07218,-1.27502,1.05296
366,-2.69534,-0.298361,1.83023
366,-2.15941,-1.28044,1.2986
366,-2.06132,-0.874402,0.131871
366,-2.73254,-0.282019,1.8643
366,-2.76466,-0.144302,1.73992
366,-2.5412,-0.334046,1.09226
366,-2.48572,-1.02156,2.08593
366,-2.44736,-1.01207,1.87682
366,-2.20137,-1.31286,1.38189
366,-2.546,-0.979825,2.10499
366,-2.64592,-0.20064,1.03921
366,-2.64948,-0.19562,1.03963
366,-2.6437,-0.204862,0.979867
366,-2.54553,-1.03123,1.9943
366,-2.25798,-1.33698,1.31188
366,-2.77535,-0.362309,1.66241
366,-2.16611,-1.28759,0.745124
366,-2.64087,-0.354746,1.04117
366,-2.36695,-1.3301,1.54878
366,-2.75849,-0.174971,1.03041
366,-2.44222,-1.32763,1.80021
366,-2.6043,-1.0286,1.89191
366,-2.70976,-0.347325,1.02956
366,-2.76573,-0.182213,0.951947
366,-2.80152,-0.165267,1.02044
366,-2.4554,-1.34244,1.5849
366,-2.77254,-0.338176,1.02734
366,-2.77337,-0.33815,1.01597
366,-1.94499,-1.78797,0.126168
366,-2.77617,-0.376147,1.00786
366,-1.95464,-1.8,0.127612
366,-2.55554,-1.34331,1.84045
366,-2.57997,-0.567687,0.351038
366,-2.60491,-0.545769,0.346592
366,-2.92638,-0.150918,0.948429
366,-2.75701,-0.197885,0.299671
366,-2.74736,-0.266364,0.325383
366,-2.67094,-1.31598,1.92608
366,-2.77804,-0.2485,0.36736
366,-2.69138,-0.433806,0.313203
366,-2.78656,-0.251624,0.347488
366,-2.69988,-1.38949,2.06783
366,-2.7701,-0.266603,0.298792
366,-2.75486,-0.325217,0.311591
366,-2.65058,-0.568989,0.314249
366,-2.78896,-0.416606,0.616004
366,-2.71692,-0.423407,0.297939
366,-2.73191,-0.475262,0.45537
366,-2.81535,-0.413336,0.65708
366,-2.72429,-1.41313,2.06946
366,-2.68123,-0.564712,0.307926
366,-2.71114,-1.43802,2.03026
366,-2.79233,-0.312446,0.292526
366,-2.93767,-0.362844,0.992269
366,-2.7298,-0.49789,0.29348
366,-2.77653,-0.402708,0.295194
366,-2.77544,-0.41732,0.272781
366,-2.78688,-0.406459,0.273872
366,-2.72884,-0.56995,0.288723
366,-2.84162,-0.298775,0.267128
366,-2.10415,-1.92147,0.0380049
366,-2.78643,-1.46086,2.04604
366,-2.82486,-1.46435,2.06428
366,-2.1859,-1.99643,-0.0121331
366,-2.30326,-2.84248,1.82734
366,-3.02166,-1.36971,2.00719
366,-2.34306,-2.87562,1.83527
366,-2.27379,-2.06927,-0.0565617
366,-2.28685,-2.08331,-0.0728093
366,-2.3022,-2.09897,-0.0746853
366,-2.37185,-2.98013,1.81952
366,-2.41048,-2.91963,1.84275
366,-2.37792,-2.97369,1.73302
366,-2.4082,-2.92472,1.76595
366,-2.3963,-2.98567,1.81951
366,-2.40317,-2.9174,1.69993
366,-2.42884,-2.93856,1.84182
366,-2.40881,-2.92118,1.7111
366,-2.41927,-2.92373,1.75812
366,-2.42818,-2.92707,1.77332
366,-2.4237,-2.94298,1.76976
366,-2.30632,-2.23006,-0.0674337
366,-2.43001,-2.95308,1.77356
366,-2.44003,-2.94315,1.77631
366,-2.4621,-2.93219,1.84022
366,-1.78474,-4.14039,1.17628
366,-2.36723,-2.36456,0.319379
366,-2.40739,-3.17786,1.95181
366,-2.49743,-2.97784,1.96087
366,-2.44615,-2.98808,1.73664
366,-2.43611,-3.02401,1.7447
366,-2.47204,-2.95241,1.74775
366,-2.45823,-3.13572,1.97513
366,-2.50548,-2.97506,1.85556
366,-2.42903,-3.24006,1.94956
366,-2.46426,-3.0539,1.61346
366,-2.43362,-3.0529,1.45079
366,-2.47076,-3.05504,1.60468
366,-2.39401,-3.52515,2.05517
366,-2.60377,-2.9469,1.8687
366,-2.43165,-3.0547,1.33157
366,-2.43675,-3.0581,1.35334
366,-2.444,-3.37576,1.96552
366,-2.58521,-2.89081,1.62325
366,-2.41809,-2.99328,1.09798
366,-2.43023,-3.00073,1.0954
366,-2.37624,-3.49521,1.7503
366,-1.90054,-4.26292,1.09934
366,-2.49016,-3.41092,1.97887
366,-2.41084,-3.46009,1.72156
366,-2.39465,-3.51543,1.74917
366,-2.3576,-3.7717,2.041
366,-2.30418,-2.43794,-0.649574
366,-2.37865,-3.56585,1.73509
366,-2.64953,-2.91355,1.65541
366,-2.39455,-3.53276,1.706
366,-2.39777,-3.5308,1.70813
366,-2.32196,-2.43977,-0.640203
366,-2.4362,-3.46266,1.71399
366,-2.40107,-3.53508,1.69034
366,-2.37491,-3.79253,2.0516
366,-1.88538,-4.29451,0.85917
366,-2.31336,-3.43511,1.08485
366,-2.41425,-3.56716,1.69966
366,-2.42736,-3.55939,1.74049
366,-2.48571,-3.05114,0.945744
366,-2.39685,-3.22463,0.885156
366,-2.39666,-3.23808,0.907302
366,-2.33174,-3.44731,1.00931
366,-2.49424,-3.05488,0.9549
366,-2.54397,-3.34632,1.69386
366,-2.34025,-3.46204,1.02319
366,-2.39886,-3.25846,0.882265
366,-2.34817,-3.47151,1.04106
366,-2.36183,-3.4367,1.035
366,-2.40281,-3.25894,0.881833
366,-2.32929,-3.52792,1.00813
366,-2.49436,-2.39363,-0.376227
366,-2.31174,-3.53341,0.939288
366,-2.3723,-3.44101,1.02484
366,-2.43261,-3.23482,0.900279
366,-2.45045,-3.3489,1.17244
366,-2.359,-3.48282,1.02304
366,-2.21129,-3.72841,0.842672
366,-2.32754,-3.51906,0.949774
366,-2.50891,-2.73266,0.274609
366,-2.41796,-3.28236,0.886677
366,-2.33517,-3.51796,0.966502
366,-2.34405,-3.51527,0.971623
366,-2.34249,-3.54087,1.00644
366,-2.60117,-2.75249,0.64725
366,-2.39117,-3.46411,1.03351
366,-2.34661,-3.55027,1.00167
366,-2.38603,-3.50232,1.07619
366,-2.55646,-2.85548,0.60155
366,-2.42481,-3.34914,0.94321
366,-2.47464,-2.91224,0.322742
366,-2.32354,-3.55052,0.852387
366,-2.38562,-3.51126,1.04321
366,-2.31704,-3.64633,0.987247
366,-2.37838,-3.45935,0.903798
366,-2.64258,-2.77847,0.682213
366,-2.59234,-2.8851,0.664419
366,-2.37574,-3.54544,0.956821
366,-2.38606,-3.9953,1.82336
366,-2.39474,-3.46979,0.880149
366,-2.33849,-3.6477,0.966393
366,-2.38991,-3.98395,1.78302
366,-2.46202,-3.3708,0.958034
366,-2.38502,-3.54053,0.930759
366,-2.46733,-3.37347,0.955786
366,-2.61959,-2.84428,0.624586
366,-2.51086,-2.91468,0.281312
366,-2.27534,-3.79856,0.89149
366,-2.32633,-3.79858,1.10478
366,-2.51878,-2.92006,0.299142
366,-2.39097,-3.52333,0.847626
366,-2.25399,-3.9571,1.04253
366,-2.53153,-2.90542,0.287753
366,-2.6323,-2.86447,0.640562
366,-2.27514,-3.80251,0.841363
366,-2.30009,-3.8072,0.948453
366,-2.48399,-3.38593,0.947643
366,-2.53141,-2.93022,0.292513
366,-2.33374,-3.86799,1.14122
366,-2.43489,-3.49989,0.889575
366,-2.64534,-2.8811,0.645169
366,-2.64196,-2.88522,0.634758
366,-2.56625,-3.17411,0.842156
366,-2.51257,-3.40937,1.03966
366,-2.33365,-3.77608,0.948056
366,-2.67677,-2.83485,0.667125
366,-2.5673,-3.17368,0.813541
366,-2.40303,-3.57782,0.856458
366,-2.51791,-3.41605,1.04228
366,-2.66639,-2.85884,0.64587
366,-2.5084,-3.34239,0.860604
366,-2.57214,-2.87226,0.265574
366,-2.37875,-3.70629,0.973313
366,-2.34338,-3.88655,1.15384
366,-2.63257,-2.91463,0.593435
366,-2.39244,-3.32213,0.314935
366,-2.32084,-3.82301,0.929767
366,-2.5465,-2.95365,0.281706
366,-2.43031,-3.4423,0.683092
366,-2.36317,-3.81085,1.07373
366,-2.36074,-3.83289,1.10248
366,-2.61631,-3.149,0.927927
366,-2.57313,-3.17875,0.795579
366,-2.48302,-3.49136,0.962953
366,-2.43345,-3.44621,0.661846
366,-2.45261,-3.51487,0.868638
366,-2.37338,-3.75,0.956897
366,-2.52076,-3.41428,0.965412
366,-2.65993,-2.87162,0.558013
366,-2.70128,-2.83904,0.667019
366,-2.28996,-4.00213,1.0467
366,-2.45016,-3.5175,0.826182
366,-2.62471,-3.17596,0.925229
366,-2.43801,-3.56511,0.841817
366,-2.42664,-3.33451,0.366645
366,-2.37841,-3.85432,1.1047
366,-2.70706,-2.87134,0.675147
366,-2.47104,-3.53184,0.878722
366,-2.43197,-3.33997,0.347288
366,-2.4868,-3.49976,0.866507
366,-2.35785,-3.8489,0.947846
366,-2.54854,-3.37643,0.866518
366,-2.33118,-3.85956,0.824435
366,-2.42845,-3.34542,0.285056
366,-2.50819,-3.51628,0.924329
366,-2.70794,-2.99918,0.819669
366,-2.695,-2.90342,0.558841
366,-2.69853,-2.94032,0.631736
366,-2.4652,-3.29609,0.293011
366,-2.73713,-3.01814,0.937311
366,-2.60842,-3.29365,0.889257
366,-2.46504,-3.53452,0.718604
366,-2.70768,-2.93643,0.639305
366,-2.4793,-3.48726,0.671599
366,-2.47128,-3.29128,0.274587
366,-2.77413,-3.02552,1.05146
366,-2.47987,-3.2885,0.267922
366,-2.43458,-3.62928,0.68475
366,-2.47043,-3.54228,0.667432
366,-2.62684,-3.30223,0.890321
366,-2.40897,-3.67682,0.638009
366,-2.43804,-3.63778,0.687602
366,-2.41003,-3.51663,0.319383
366,-2.46221,-3.56919,0.615908
366,-2.44541,-3.62836,0.65209
366,-2.46476,-3.57273,0.626995
366,-2.47652,-3.5921,0.675563
366,-2.2905,-3.85403,0.359996
366,-2.47864,-3.59661,0.685968
366,-2.49819,-4.11641,1.71137
366,-2.81339,-3.06278,1.07272
366,-2.4273,-3.58674,0.333444
366,-2.33802,-3.79074,0.320923
366,-2.34681,-4.14809,0.982043
366,-2.73417,-2.96638,0.438888
366,-2.42979,-3.62977,0.327107
366,-2.80105,-3.04957,0.832806
366,-2.82585,-3.04,0.917953
366,-2.39945,-3.85993,0.297746
366,-3.3565,-3.96501,2.26191
366,-3.00945,-3.68362,2.19274
283,-3.00945,-3.68362,2.19274
366,-2.73845,-0.980511,1.36014
283,-2.73845,-0.980511,1.36014
366,-2.85598,-0.409107,1.84704
283,-2.85598,-0.409107,1.84704
366,-2.80655,-0.413494,0.270715
283,-2.80655,-0.413494,0.270715
366,-2.43333,-1.33035,1.30535
283,-2.43333,-1.33035,1.30535
366,-2.39672,-4.01922,2.09072
283,-2.39672,-4.01922,2.09072
366,-2.76792,-3.06596,0.870781
282,-2.76792,-3.06596,0.870781
366,-2.50303,-2.87355,0.92356
282,-2.50303,-2.87355,0.92356
366,-2.83685,-3.71159,1.78172
282,-2.83685,-3.71159,1.78172
366,-2.8482,-2.63213,0.134209
282,-2.8482,-2.63213,0.134209
366,-2.30873,-3.8212,1.68482
282,-2.30873,-3.8212,1.68482
366,-2.99947,-3.84311,1.03289
282,-2.99947,-3.84311,1.03289
366,-2.44422,-3.63686,2.0208
282,-2.44422,-3.63686,2.0208
366,-2.42487,-3.59568,1.97483
282,-2.42487,-3.59568,1.97483
366,-2.82499,-0.411369,1.80536
282,-2.82499,-0.411369,1.80536
366,-1.9189,-1.14428,0.846178
365,-1.9189,-1.14428,0.846178
366,-1.98094,-1.1626,0.834712
365,-1.98094,-1.1626,0.834712
366,-2.1227,-0.977342,1.30947
280,-2.1227,-0.977342,1.30947
366,-2.1227,-0.977342,1.30947
280,-2.1227,-0.977342,1.30947
366,-1.78485,-0.511602,1.6792
280,-1.78485,-0.511602,1.6792
366,-2.18887,-0.956258,1.51945
280,-2.18887,-0.956258,1.51945
366,-2.05564,-1.22177,1.37991
280,-2.05564,-1.22177,1.37991
366,-2.76697,-0.366322,1.86756
280,-2.76697,-0.366322,1.86756
366,-2.25508,-3.83408,1.69892
291,-2.25508,-3.83408,1.69892
366,-2.29885,-3.90975,1.71114
291,-2.29885,-3.90975,1.71114
366,-2.22057,-3.16212,1.04589
290,-2.22057,-3.16212,1.04589
366,-2.05813,-4.18309,0.390537
289,-2.05813,-4.18309,0.390537
366,-2.33469,-4.19396,2.08228
289,-2.33469,-4.19396,2.08228
366,-2.43184,-3.0129,0.948562
93,-2.43184,-3.0129,0.948562
366,-2.41372,-3.9605,0.990297
93,-2.41372,-3.9605,0.990297
366,-1.93797,-1.10281,1.07199
364,-1.93797,-1.10281,1.07199
367,-1.53632,-1.199,0.898461
367,-1.59212,-1.2087,0.877993
367,-1.6104,-1.21089,0.879126
367,-1.55212,-1.20252,0.633365
367,-1.61943,-1.22145,0.867875
367,-1.56824,-1.20778,0.609726
367,-1.63553,-1.21778,0.872689
367,-1.63489,-1.22026,0.868609
367,-1.58029,-1.20372,0.614712
367,-1.6339,-1.18182,0.587549
367,-1.69748,-1.19675,0.84822
367,-1.69902,-1.19952,0.85252
367,-1.64546,-1.17658,0.585203
367,-1.8432,-1.19282,1.04555
367,-1.93224,-1.23016,1.37775
367,-2.01089,-1.11198,0.979515
367,-1.94748,-1.14098,0.838278
367,-2.01329,-1.23408,1.32365
367,-2.02349,-1.11455,0.738931
367,-1.83256,-1.32479,0.201202
367,-1.8351,-1.32863,0.198698
367,-2.40659,-1.31015,1.81957
367,-1.91179,-1.34909,0.157934
367,-2.53682,-1.3403,1.89096
367,-2.08098,-1.41391,-0.0941592
367,-0.415815,-4.3704,0.297572
367,-2.00398,-3.12838,1.97135
367,-0.404881,-4.59744,0.298513
367,-0.41401,-4.60508,0.275798
367,-0.420589,-4.61889,0.293252
367,-0.481742,-4.59202,0.237902
367,-0.374747,-4.65762,0.0410905
367,-2.45057,-1.93717,-0.587341
367,-2.50885,-2.03029,-0.152545
367,-0.42344,-4.63748,0.106509
367,-2.01395,-3.04206,1.00269
367,-2.48946,-2.08127,-0.145291
367,-0.504233,-4.62447,0.233323
367,-2.47429,-2.13649,-0.118928
367,-2.51709,-2.07209,-0.166993
367,-0.490537,-4.59593,0.0527812
367,-2.47735,-2.13446,-0.160524
367,-2.47547,-2.13914,-0.155592
367,-2.49494,-2.11642,-0.155364
367,-2.18768,-2.36536,-0.565949
367,-2.51324,-2.14873,-0.132575
367,-2.2112,-2.39429,-0.582779
367,-2.5274,-2.15647,-0.167117
367,-0.520405,-4.66223,0.0511615
367,-2.08626,-3.11703,1.03584
367,-2.23242,-2.38757,-0.582821
367,-0.635986,-4.60665,0.1209
367,-0.336123,-4.81968,-0.36022
367,-2.54659,-2.16264,-0.337718
367,-2.46039,-2.33371,-0.150677
367,-2.49913,-2.2477,-0.317854
367,-2.54435,-2.25054,-0.158117
367,-2.13271,-3.1607,1.03102
367,-2.41353,-2.36073,-0.326024
367,-0.431174,-4.65585,-0.621744
367,-2.40775,-2.34939,-0.406101
367,-0.670749,-4.7104,0.341029
367,-2.54049,-2.22999,-0.332772
367,-0.803048,-4.56548,0.320805
367,-2.42287,-2.36362,-0.429416
367,-0.828477,-4.51865,0.224413
367,-2.53061,-2.27597,-0.327192
367,-2.16773,-3.19271,1.03556
367,-2.54779,-2.27477,-0.292596
367,-2.55036,-2.29858,-0.301556
367,-0.822053,-4.61705,0.319315
367,-2.51186,-3.16054,1.98206
367,-2.6982,-2.04794,-0.625716
367,-0.724245,-4.66394,0.0464436
367,-2.4518,-2.67778,0.309327
367,-0.709214,-4.7856,0.318738
367,-2.45568,-2.67095,0.297761
367,-2.4519,-3.05983,1.39524
367,-2.33268,-3.43231,2.05061
367,-0.693465,-4.82997,0.3704
367,-2.49296,-2.75427,0.639833
367,-2.64689,-2.92463,1.66961
367,-0.703831,-4.82324,0.36939
367,-2.58763,-2.31838,-0.32042
367,-2.48047,-2.7869,0.656706
367,-2.50675,-2.75484,0.655027
367,-2.48058,-2.8033,0.700205
367,-2.50473,-2.76228,0.656259
367,-2.41793,-2.75104,0.319485
367,-2.50054,-2.77926,0.685098
367,-2.52535,-2.74945,0.677887
367,-2.47596,-2.80133,0.653537
367,-2.49939,-2.75586,0.598347
367,-2.47454,-2.77089,0.54259
367,-2.51402,-2.74599,0.604276
367,-2.45852,-3.07185,1.34306
367,-2.49025,-2.79732,0.658288
367,-2.51918,-2.75987,0.650808
367,-2.49997,-2.78462,0.650453
367,-2.46146,-3.07401,1.3492
367,-0.829155,-4.42418,-0.448644
367,-2.5529,-2.72494,0.651706
367,-2.52373,-3.18445,1.86268
367,-2.44271,-3.35735,2.07482
367,-2.55534,-3.10369,1.72252
367,-2.56507,-2.75801,0.70376
367,-2.70244,-2.99856,1.86738
367,-0.739524,-4.83788,0.300168
367,-2.55889,-2.78244,0.70354
367,-2.56442,-3.18869,1.87705
367,-2.54431,-2.80376,0.672636
367,-2.56971,-2.77075,0.6591
367,-0.911351,-4.64372,0.258595
367,-2.54886,-2.67677,0.266302
367,-2.61103,-2.74844,0.683944
367,-2.541,-3.21698,1.78198
367,-2.50109,-3.37184,2.0848
367,-0.806353,-4.53495,-0.472192
367,-2.49504,-3.3789,2.06679
367,-0.838327,-4.51912,-0.449242
367,-2.56827,-2.68767,0.262254
367,-2.14324,-3.51312,1.15053
367,-2.55919,-2.85144,0.683139
367,-2.21177,-3.63214,1.72331
367,-2.4704,-2.83659,0.293909
367,-2.10777,-3.57446,1.15665
367,-2.57993,-3.22452,1.78576
367,-2.59886,-3.24046,1.88424
367,-2.57539,-2.86121,0.689433
367,-2.46991,-2.85897,0.299687
367,-2.58265,-2.91741,0.849488
367,-2.63315,-3.2641,2.01895
367,-2.11806,-3.57364,1.1001
367,-2.5227,-3.31702,1.75985
367,-2.23702,-3.6598,1.72978
367,-2.53502,-3.31133,1.75116
367,-0.761394,-4.96629,0.334047
367,-2.62515,-2.695,0.247015
367,-2.45122,-3.14075,0.926118
367,-0.796573,-4.81655,-0.0252453
367,-2.12489,-3.60228,1.09829
367,-2.30701,-3.60039,1.72603
367,-2.44974,-3.15794,0.939599
367,-2.44827,-3.15871,0.933121
367,-2.28579,-3.59916,1.63623
367,-2.46411,-3.14413,0.939427
367,-2.52742,-3.43233,1.99345
367,-2.44492,-3.16586,0.916455
367,-2.46551,-3.14453,0.9196
367,-2.13222,-3.61999,1.1295
367,-2.56322,-3.33246,1.78276
367,-2.49753,-2.90161,0.29913
367,-0.782198,-4.98164,0.326623
367,-2.41011,-3.57897,1.92345
367,-0.950767,-4.71865,0.120866
367,-2.33798,-3.61868,1.74439
367,-0.898149,-4.64998,-0.317778
367,-2.22844,-3.74852,1.70722
367,-2.21377,-3.53975,0.998208
367,-2.4236,-3.62735,1.97917
367,-2.72083,-3.21487,1.81685
367,-0.769967,-5.07062,0.366115
367,-2.1646,-3.66161,1.15073
367,-2.52673,-3.14247,0.910857
367,-2.88066,-3.06315,1.91546
367,-2.24933,-3.7679,1.74933
367,-2.53067,-3.14125,0.91392
367,-0.929454,-4.54361,-0.620751
367,-2.45601,-3.6071,1.99367
367,-2.25191,-3.76813,1.74637
367,-2.35339,-3.61913,1.66946
367,-2.51409,-3.13084,0.813132
367,-2.59098,-3.44969,2.00295
367,-2.48609,-3.11474,0.650346
367,-2.52006,-3.13098,0.815798
367,-2.27936,-3.77915,1.84438
367,-2.23789,-3.76978,1.66116
367,-2.2533,-3.77005,1.70842
367,-2.51956,-3.12937,0.775736
367,-2.259,-3.7752,1.72821
367,-2.52299,-3.13551,0.76962
367,-2.50993,-3.13268,0.70571
367,-2.4079,-3.6135,1.73022
367,-2.46972,-3.65152,2.03896
367,-2.1761,-3.64039,0.977567
367,-2.63134,-3.48859,2.12356
367,-2.51919,-3.14088,0.701802
367,-2.29445,-3.80959,1.85117
367,-2.1796,-3.65493,0.993014
367,-2.31664,-3.79608,1.85229
367,-2.442,-3.34427,0.957985
367,-2.20215,-3.64189,0.967066
367,-2.19681,-3.70404,1.12271
367,-2.56436,-3.18715,0.903758
367,-2.25788,-3.58484,0.979529
367,-2.64165,-3.51626,2.10548
367,-2.45402,-3.62638,1.75681
367,-2.19304,-3.65674,0.933041
367,-2.31388,-3.30443,0.33378
367,-2.2003,-3.70772,1.09734
367,-2.7905,-3.28381,1.91416
367,-0.968323,-4.7031,-0.347136
367,-2.19029,-3.66591,0.915667
367,-2.65549,-3.51927,2.11155
367,-2.32403,-3.30151,0.323394
367,-2.20775,-3.70793,1.09024
367,-2.40244,-3.42067,0.9333
367,-2.62372,-3.14135,0.870384
367,-2.48091,-3.36735,1.02222
367,-2.37197,-3.45426,0.882445
367,-2.61863,-3.14969,0.843984
367,-2.37833,-3.44828,0.856794
367,-2.6796,-3.52884,2.10165
367,-2.62916,-3.52717,1.88215
367,-2.43072,-3.48354,1.02864
367,-2.31873,-3.84996,1.69335
367,-2.22248,-3.70178,0.912706
367,-2.63572,-3.50605,1.78009
367,-2.34518,-3.89057,1.81549
367,-2.40347,-3.49986,0.8859
367,-2.24144,-3.73585,0.970366
367,-1.00888,-4.78251,-0.319711
367,-2.24064,-3.73543,0.945703
367,-2.70363,-3.59049,2.11976
367,-2.4108,-3.46218,0.713559
367,-2.6967,-3.59539,2.07883
367,-1.06429,-4.75634,-0.264533
367,-2.40684,-3.52703,0.864259
367,-1.02245,-4.79225,-0.315405
367,-2.42736,-3.33186,0.350665
367,-2.41245,-3.48589,0.72822
367,-2.63152,-3.62693,1.8981
367,-2.46309,-3.2779,0.297889
367,-2.42421,-3.33102,0.304796
367,-2.46385,-3.2864,0.286086
367,-2.42723,-3.33066,0.285795
367,-1.07418,-4.7701,-0.276287
367,-2.46816,-3.28123,0.278186
367,-2.35762,-3.9032,1.687
367,-2.4313,-3.3339,0.293653
367,-2.48487,-3.27175,0.267282
367,-2.73115,-3.54023,1.89314
367,-2.35961,-3.90743,1.65053
367,-1.21906,-4.65127,-0.246288
367,-1.09547,-4.78689,-0.28869
367,-2.41771,-4.00898,2.06845
367,-1.10568,-4.77858,-0.293656
367,-2.50362,-3.29768,0.284792
367,-2.43049,-4.03598,2.08773
367,-2.46409,-3.99934,2.09695
367,-1.10426,-4.81347,-0.302578
367,-2.46726,-3.57931,0.852102
367,-2.44857,-3.63862,0.943293
367,-2.48288,-3.66534,1.07145
367,-2.41872,-4.00501,1.78542
367,-2.25014,-3.72906,0.343597
367,-2.4021,-3.5557,0.334697
367,-2.50972,-3.63579,0.916609
367,-2.23664,-3.77501,0.351352
367,-1.95274,-4.40584,1.16117
367,-2.51822,-3.64293,0.924316
367,-2.46851,-3.63525,0.686772
367,-2.56523,-3.55294,0.783582
367,-2.45681,-3.64883,0.677656
367,-2.52824,-3.70115,1.06288
367,-2.47142,-3.62581,0.641965
367,-2.53726,-3.65896,0.948549
367,-2.26013,-3.78787,0.331577
367,-2.45992,-3.65615,0.639916
367,-2.51679,-3.69108,0.935289
367,-1.97539,-4.41099,1.08625
367,-2.54242,-3.69875,0.972472
367,-2.291,-4.54432,2.51027
367,-1.47563,-4.47926,-0.530595
367,-2.29003,-4.54973,2.51294
367,-1.97612,-4.45744,1.14921
367,-2.59244,-3.66985,0.996115
367,-1.49626,-4.47656,-0.517152
367,-2.49414,-4.08988,1.80378
367,-2.56382,-3.73126,0.99425
367,-2.42684,-4.19085,1.76079
367,-2.47826,-4.08852,1.64386
367,-1.99507,-4.47359,1.0605
367,-1.50087,-4.5157,-0.542833
367,-2.0221,-4.45418,1.08461
367,-2.02572,-4.47196,1.1468
367,-2.52642,-3.57473,0.267717
367,-2.03422,-4.42403,0.987088
367,-2.01722,-4.48353,1.07801
367,-1.98078,-4.43833,0.804068
367,-1.99405,-4.42901,0.819563
367,-2.01447,-4.46818,0.996702
367,-1.96053,-4.49085,0.815135
367,-2.01307,-4.42809,0.789218
367,-1.92566,-4.49975,0.678906
367,-2.51637,-3.69519,0.356593
367,-1.70582,-4.74181,0.540906
367,-1.54946,-4.58418,-0.571011
367,-2.48003,-4.0433,1.09243
367,-1.2202,-5.14863,-0.154065
367,-2.0466,-4.48194,0.785331
367,-2.09476,-4.57875,1.16146
367,-2.03027,-4.52577,0.78301
367,-1.89478,-4.77082,0.976341
367,-1.93494,-4.74916,0.96239
367,-1.93834,-4.75302,0.973254
367,-1.92711,-4.77654,0.961198
367,-1.41307,-5.25324,0.545506
367,-1.45031,-5.21159,0.545367
367,-2.1293,-5.033,2.33422
367,-1.44827,-5.25545,0.598116
367,-1.8868,-4.85736,0.974845
367,-1.77033,-5.0128,0.991357
367,-2.05719,-4.60931,0.823853
367,-2.13088,-5.05003,2.34521
367,-1.94476,-4.79841,0.960884
367,-2.53472,-4.14518,1.05789
367,-2.56348,-4.13263,1.08638
367,-1.46801,-5.26775,0.536203
367,-2.55935,-4.15257,1.09522
367,-1.69357,-5.17933,1.0371
367,-2.15299,-5.08243,2.35303
367,-1.79642,-5.05307,0.985445
367,-2.12562,-5.09925,2.26004
367,-2.03682,-4.65166,0.648513
367,-1.68423,-5.23417,1.09008
367,-1.67361,-5.20743,0.967639
367,-1.65974,-5.23611,0.96681
367,-2.12503,-5.08567,2.15392
367,-2.10526,-5.03782,1.8698
367,-2.59629,-4.19168,1.09186
367,-2.15295,-5.14981,2.26741
367,-1.74883,-5.16635,0.90127
367,-1.70905,-5.298,1.14193
367,-1.65408,-5.2896,0.907831
367,-1.77802,-5.1148,0.817476
367,-2.12225,-5.06451,1.87001
367,-1.7,-5.19019,0.716072
367,-1.75815,-5.1948,0.922932
367,-1.73335,-5.23696,0.945453
367,-1.75795,-5.2116,0.957104
367,-1.75048,-5.22077,0.957039
367,-1.70439,-5.34442,1.14046
367,-1.67933,-5.28594,0.877898
367,-2.47812,-4.12568,0.294288
367,-1.71501,-5.32392,1.04736
367,-1.74107,-5.23708,0.885943
367,-2.14036,-5.09145,1.81119
367,-1.5072,-5.45939,0.517912
367,-2.10775,-5.1379,1.65767
367,-1.878,-5.22291,1.04085
367,-1.84691,-5.19923,0.830179
367,-2.16401,-5.19946,1.92499
367,-1.79219,-5.3433,1.03941
367,-1.74599,-5.26075,0.63145
367,-1.76784,-5.41113,1.13872
367,-1.75517,-5.25417,0.631035
367,-2.16884,-5.19991,1.90191
367,-2.11497,-5.01846,1.17457
367,-1.72756,-5.38108,0.867062
367,-2.16435,-5.16344,1.75063
367,-1.73462,-5.38061,0.866526
367,-1.73159,-5.36529,0.775998
367,-2.16026,-5.23924,1.9038
367,-1.77736,-5.43859,1.14294
367,-2.12908,-5.1635,1.52071
367,-1.63815,-5.46836,0.682224
367,-2.16143,-4.57012,-0.0935906
367,-2.13463,-5.15647,1.50114
367,-2.15006,-4.58884,-0.0947562
367,-2.15144,-5.23206,1.75213
367,-2.16839,-5.2548,1.87664
367,-2.16329,-5.20955,1.71074
367,-2.12318,-5.194,1.4817
367,-1.76692,-5.37513,0.759072
367,-2.15002,-5.19344,1.50403
367,-1.76294,-5.39786,0.739788
367,-2.17957,-5.24381,1.73652
367,-1.75109,-5.4281,0.755991
367,-2.18202,-5.30809,1.83783
367,-1.97106,-5.14795,0.603637
367,-1.52702,-5.42928,-0.310007
367,-2.13213,-5.23439,1.16334
367,-2.62744,-4.33804,0.210826
367,-1.98081,-5.25282,0.591001
367,-2.58116,-4.41865,0.221907
367,-2.2675,-4.65776,-0.772242
367,-2.25435,-3.80309,0.939903
291,-2.25435,-3.80309,0.939903
367,-2.50358,-4.08914,1.81166
291,-2.50358,-4.08914,1.81166
367,-2.42801,-2.72444,0.701238
291,-2.42801,-2.72444,0.701238
367,-2.08418,-5.03924,2.25883
291,-2.08418,-5.03924,2.25883
367,-2.49077,-2.74791,0.610018
291,-2.49077,-2.74791,0.610018
367,-2.40453,-2.64378,0.71895
291,-2.40453,-2.64378,0.71895
367,-2.12885,-3.13229,1.94076
291,-2.12885,-3.13229,1.94076
367,-2.20948,-4.79293,0.483908
291,-2.20948,-4.79293,0.483908
367,-2.15014,-3.22519,0.434209
291,-2.15014,-3.22519,0.434209
367,-2.1872,-3.41829,1.70134
290,-2.1872,-3.41829,1.70134
367,-2.3861,-3.31447,2.08567
290,-2.3861,-3.31447,2.08567
367,-2.74402,-4.45964,0.204532
289,-2.74402,-4.45964,0.204532
367,-2.46676,-3.04762,1.75347
289,-2.46676,-3.04762,1.75347
367,-2.1587,-3.27629,0.461105
366,-2.1587,-3.27629,0.461105
367,-2.41179,-3.51628,0.377981
366,-2.41179,-3.51628,0.377981
367,-2.3257,-4.40104,0.269941
366,-2.3257,-4.40104,0.269941
367,-2.34975,-3.88783,0.982536
366,-2.34975,-3.88783,0.982536
367,-2.74149,-3.62717,1.90988
366,-2.74149,-3.62717,1.90988
367,-2.2836,-3.38865,0.332745
366,-2.2836,-3.38865,0.332745
367,-2.46429,-3.38196,1.856
366,-2.46429,-3.38196,1.856
367,-2.33948,-3.52213,1.9672
282,-2.33948,-3.52213,1.9672
367,-2.33033,-2.88968,1.83321
282,-2.33033,-2.88968,1.83321
367,-1.63263,-5.17977,1.04763
298,-1.63263,-5.17977,1.04763
367,-1.75836,-5.09689,1.00913
298,-1.75836,-5.09689,1.00913
367,-2.51987,-2.2713,-0.189656
103,-2.51987,-2.2713,-0.189656
367,-2.33947,-1.56888,-0.0682588
103,-2.33947,-1.56888,-0.0682588
367,-2.37142,-1.55769,-0.0801458
103,-2.37142,-1.55769,-0.0801458
368,0.909135,-3.8775,0.550471
368,0.901689,-3.88369,0.541444
368,0.879367,-3.8748,0.548601
368,0.838129,-3.9416,0.51844
368,0.555315,-3.64985,-0.0531759
368,0.509898,-3.68327,-0.0730809
368,0.492049,-3.68658,-0.0711135
368,0.535564,-3.76002,-0.0123049
368,0.575708,-3.7878,-0.0266715
368,0.525276,-3.77179,-0.0241899
368,0.851485,-3.97191,-0.117654
368,0.870216,-4.01093,-0.0921712
368,0.282808,-3.87223,-0.0366958
368,0.27138,-3.87141,-0.0399113
368,0.276445,-3.9314,-0.0666666
368,0.23512,-3.93244,-0.08018
368,0.408431,-4.0793,-0.019051
368,0.325169,-4.02895,-0.0697199
368,0.326183,-4.04937,-0.0711043
368,0.274503,-4.07651,-0.0303048
368,0.426691,-4.17821,-0.0404185
368,0.427224,-4.17921,-0.0486001
368,0.403438,-4.16697,-0.0422883
368,0.395969,-4.16898,-0.0177189
368,0.408568,-4.17057,-0.0502768
368,0.274061,-4.26455,0.459183
368,0.244069,-4.2591,0.501721
368,0.238762,-4.25888,0.502796
368,0.22834,-4.26835,0.498576
368,0.240666,-4.28577,0.465326
368,0.224893,-4.28189,0.488002
368,0.251553,-4.3021,0.459061
368,0.22505,-4.3027,0.468359
368,-2.51524,-2.91397,1.86797
368,-2.47651,-2.94842,1.84714
368,-2.45024,-2.96912,1.84762
368,-2.4049,-2.96396,1.65698
368,-2.41261,-2.97645,1.60396
368,-2.60517,-2.93797,1.87298
368,-2.49762,-2.63256,0.286505
368,0.163717,-4.37839,0.00111961
368,-2.49345,-3.062,1.75512
368,-2.50315,-2.93023,1.12232
368,-2.63969,-2.98823,1.65002
368,-2.45754,-3.13507,1.75056
368,-2.64467,-2.99296,1.67022
368,-2.52977,-2.94353,1.11624
368,-2.46256,-3.13928,1.74637
368,-2.51031,-2.95755,1.11621
368,-2.54259,-2.93549,1.09174
368,-2.55861,-2.93562,1.1277
368,-2.56866,-2.92347,1.07905
368,-2.60659,-2.92393,1.12637
368,-2.58992,-2.91818,1.04137
368,-2.42936,-2.856,0.319377
368,-2.61902,-2.91591,1.08734
368,-2.51482,-3.12793,1.67465
368,-2.59763,-2.91126,0.977523
368,-2.4933,-3.20154,1.83414
368,-2.58363,-2.97212,1.11945
368,-2.64953,-2.80624,0.576772
368,-2.5721,-2.9291,0.868479
368,-2.44062,-2.8846,0.315806
368,-2.54155,-3.01089,1.1114
368,-2.53529,-3.18542,1.75867
368,-2.54738,-3.20023,1.83563
368,-2.63507,-2.84009,0.571805
368,-2.4257,-3.31907,1.9675
368,-2.56937,-3.20088,1.84974
368,0.139661,-4.53217,-0.0860045
368,-2.55225,-3.04227,1.0869
368,-2.54453,-3.04761,1.08375
368,-2.58312,-2.98787,0.934351
368,-2.56263,-3.04737,1.10812
368,-2.25731,-3.21074,0.940383
368,-2.55755,-3.05994,1.13275
368,-2.59746,-2.98776,0.929631
368,-2.57662,-3.20235,1.75647
368,-2.59282,-3.21951,1.86408
368,-2.48572,-2.91641,0.303017
368,-2.65248,-2.8958,0.652825
368,-0.25145,-4.23541,-0.37332
368,-2.58901,-3.06403,1.10129
368,-2.58551,-3.02494,0.926452
368,-2.60536,-3.05493,1.09938
368,-2.51679,-2.92136,0.298929
368,-2.60566,-3.05867,1.11311
368,-2.29991,-3.43315,1.82522
368,-2.59563,-3.22945,1.76013
368,-2.50402,-3.17057,1.23303
368,-2.60024,-3.08817,1.12684
368,-2.52182,-2.94801,0.313864
368,-2.57997,-3.10502,1.09596
368,-2.62162,-3.08624,1.10728
368,-2.51295,-2.96296,0.288153
368,-2.3325,-3.46623,1.84535
368,-2.41898,-3.17529,0.846482
368,-2.53039,-2.97447,0.305171
368,-2.42758,-3.2158,0.985075
368,-2.40892,-3.18715,0.80886
368,-2.34969,-3.26423,0.96424
368,-2.40224,-3.19534,0.81215
368,-2.32346,-3.4749,1.72334
368,-2.42832,-3.22754,0.976412
368,-2.48969,-3.18111,0.922985
368,-2.46271,-3.22442,0.989457
368,-2.62594,-3.10265,0.925107
368,-2.50019,-3.23487,1.10776
368,-2.44696,-3.20624,0.835485
368,-2.43986,-3.2057,0.813641
368,-2.46575,-3.23669,1.00343
368,-2.44452,-3.23886,0.952184
368,-2.46034,-3.23335,0.96747
368,-2.45146,-3.20635,0.807397
368,-0.354271,-4.4782,0.336955
368,-2.47239,-3.23493,0.968065
368,-2.42806,-3.22166,0.788531
368,-2.48334,-3.2337,0.985798
368,-2.4662,-3.24032,0.962453
368,-2.5134,-3.2001,0.921798
368,-2.47832,-3.23821,0.983868
368,-2.37336,-3.51003,1.8197
368,-2.47506,-3.2379,0.964546
368,-2.38535,-3.51044,1.84678
368,-2.36829,-3.50325,1.75914
368,-2.42941,-3.21729,0.733589
368,-2.42455,-3.52559,1.98247
368,-0.3246,-4.51571,0.332531
368,-0.353881,-4.50089,0.329712
368,-2.65774,-3.33158,1.77315
368,-2.56664,-3.1562,0.786874
368,-2.36904,-3.51371,1.72838
368,-2.27873,-3.57565,1.73709
368,-2.48294,-3.25473,0.953293
368,-2.46193,-3.2154,0.730677
368,-2.48674,-3.25104,0.93942
368,-2.15975,-3.63537,1.64258
368,-0.411034,-4.46075,0.281966
368,-2.46575,-3.26912,0.955987
368,-2.1868,-3.62839,1.67878
368,-2.35022,-3.52656,1.70081
368,-2.37543,-3.5113,1.69663
368,-2.50433,-3.25632,0.978348
368,-2.36814,-3.51952,1.69733
368,-2.53202,-3.26077,1.05426
368,-2.40791,-3.53727,1.85131
368,-2.38168,-3.52007,1.69759
368,-2.19471,-3.63235,1.64824
368,-2.2824,-3.29419,0.445214
368,-0.331584,-4.55061,0.320689
368,-2.69059,-3.35309,1.79191
368,-0.30226,-4.38749,-0.457226
368,-2.41478,-3.36017,1.01884
368,-2.64091,-3.38928,1.75776
368,-2.56007,-3.27508,1.05641
368,-2.5457,-3.33574,1.18415
368,-2.23141,-3.67493,1.69765
368,-2.33696,-3.61839,1.72096
368,-2.46328,-3.61382,2.03386
368,-2.35056,-3.28054,0.332978
368,-2.36155,-3.28608,0.370341
368,-2.33612,-3.61216,1.65263
368,-2.43842,-3.63855,2.02625
368,-2.48542,-3.38212,1.08366
368,-2.43548,-3.40024,1.01907
368,-3.13095,-3.22722,2.19206
368,-2.42416,-3.61259,1.84274
368,-2.38038,-3.29121,0.382364
368,-2.57376,-3.13889,0.277429
368,-2.6374,-3.47434,1.838
368,-2.63336,-3.47818,1.81556
368,-2.39309,-3.50848,1.26947
368,-0.466749,-4.49543,0.0918242
368,-2.57811,-3.15327,0.278319
368,-0.454667,-4.50854,0.0902432
368,-2.39729,-3.51431,1.25993
368,-0.357234,-4.5846,0.11821
368,-2.50464,-3.64071,2.07834
368,-2.4,-3.52775,1.29407
368,-2.47674,-3.41042,1.01517
368,-2.59833,-3.16005,0.292155
368,-2.40497,-3.5295,1.28755
368,-0.361176,-4.59566,0.117367
368,-2.40086,-3.53799,1.29308
368,-2.36229,-3.51421,1.07078
368,-2.2398,-3.75556,1.72701
368,-2.22918,-3.75586,1.68981
368,-2.49726,-3.24497,0.293708
368,-2.23854,-3.75988,1.71965
368,-2.46283,-3.64897,1.85226
368,-2.1967,-3.77155,1.62979
368,-2.40085,-3.56373,1.31524
368,-2.42071,-3.53526,1.24767
368,-2.51127,-3.24623,0.281351
368,-2.50165,-3.26078,0.272122
368,-2.59803,-3.63928,2.10488
368,-2.41479,-3.51847,1.05398
368,-2.51691,-3.64998,1.88055
368,-2.54277,-3.44843,1.10066
368,-2.41579,-3.51782,1.03798
368,-2.42775,-3.53384,1.1243
368,-2.5012,-3.28189,0.265489
368,-0.354642,-4.50541,-0.531877
368,-2.44656,-3.55915,1.24652
368,-2.53014,-3.46525,1.08418
368,-2.44627,-3.55355,1.22
368,-2.56727,-3.458,1.1231
368,-2.52324,-3.28274,0.271498
368,-0.367745,-4.64938,0.0466907
368,-0.370396,-4.65843,0.0902847
368,-0.376184,-4.6425,0.035331
368,-2.52536,-3.66781,1.86623
368,-2.45311,-3.3399,0.27556
368,-0.374337,-4.67011,0.0859081
368,-0.49535,-4.58742,0.0641526
368,-2.27303,-3.79949,1.65748
368,-2.45245,-3.54405,1.05678
368,-2.45164,-3.54182,1.03757
368,-2.58444,-3.47495,1.10378
368,-2.46993,-3.56651,1.13492
368,-2.29122,-3.8172,1.65933
368,-2.47939,-3.56908,1.12201
368,-2.57846,-3.69869,1.88885
368,-0.412945,-4.57041,-0.568501
368,-2.31233,-3.84309,1.60452
368,-2.30205,-3.7042,0.94746
368,-0.388769,-4.60164,-0.575629
368,-0.329517,-4.79938,0.0404398
368,-0.434578,-4.60744,-0.605238
368,-0.301428,-4.94148,0.362337
368,-0.365244,-4.89174,0.325662
368,-0.353127,-4.84452,0.0136489
368,-0.736446,-4.49598,-0.395665
368,-0.300431,-4.98414,0.36324
368,-0.741475,-4.51504,-0.41041
368,-0.762356,-4.5201,-0.418275
368,-0.350078,-4.9026,-0.00379252
368,-0.467006,-4.67748,-0.650334
368,-0.348006,-5.00663,0.367247
368,-0.468129,-4.68584,-0.650164
368,-2.25412,-3.74818,0.334325
368,-0.47407,-4.7018,-0.664065
368,-0.282249,-4.8954,-0.404511
368,-0.314988,-5.03699,0.269154
368,-0.317155,-4.96375,-0.0345953
368,-0.339448,-5.04112,0.342441
368,-2.45879,-4.06184,2.07615
368,-2.25594,-3.78134,0.339289
368,-1.81975,-4.2702,1.17475
368,-2.37553,-3.9009,1.13874
368,-2.2613,-3.78583,0.337467
368,-0.352223,-5.04886,0.335058
368,-0.362146,-5.04072,0.326512
368,-0.309066,-5.07412,0.270065
368,-2.38681,-3.91839,1.13958
368,-1.85675,-4.30844,1.16377
368,-2.34691,-3.80388,0.337144
368,-2.3309,-3.81185,0.318997
368,-2.32782,-3.83193,0.314922
368,-1.86656,-4.3217,1.08464
368,-1.92821,-4.29286,1.09945
368,-1.90673,-4.32561,1.09847
368,-2.34897,-3.87852,0.320265
368,-2.35105,-3.88108,0.302417
368,-0.284109,-5.25691,0.276403
368,-0.302343,-5.23754,0.231712
368,-2.48316,-4.01872,1.12945
368,-1.95676,-4.4029,1.09658
368,-2.40564,-3.92037,0.297895
368,-0.34441,-5.13378,-0.332938
368,-0.85991,-4.86295,-0.0785947
368,-0.854478,-4.86819,-0.0771812
368,-0.363715,-5.13609,-0.3288
368,-0.32316,-5.21258,-0.235772
368,-0.367267,-5.17144,-0.303549
368,-0.31679,-5.19541,-0.348801
368,-2.54406,-4.07976,1.08994
368,-2.44251,-3.96747,0.315833
368,-0.362198,-5.19502,-0.289106
368,-0.27496,-5.21033,-0.5334
368,-0.23801,-5.2633,-0.462741
368,-1.47736,-4.44137,-0.505755
368,-0.267329,-5.26476,-0.441146
368,-0.280667,-5.25219,-0.463516
368,-0.343634,-5.26052,-0.313487
368,-0.284006,-5.26385,-0.464929
368,-1.14682,-4.75766,-0.296187
368,-1.65264,-4.66286,0.557302
368,-0.853458,-5.13125,0.269839
368,-1.5014,-4.79085,0.622964
368,-1.99664,-4.51968,0.851845
368,-1.6823,-4.66231,0.548421
368,-1.77422,-4.7142,0.99106
368,-0.859091,-5.14501,0.262067
368,-0.848032,-5.16741,0.267341
368,-0.841557,-5.20093,0.260917
368,-0.867996,-5.1944,0.25846
368,-1.75568,-4.799,0.666468
368,-1.73246,-4.85048,0.661681
368,-1.5885,-4.93403,0.594276
368,-1.6074,-4.94533,0.588748
368,-1.55035,-4.75896,-0.388695
368,-1.58833,-4.9702,0.588977
368,-1.97802,-4.80837,0.954277
368,-1.58477,-4.99754,0.607375
368,-1.6042,-4.98416,0.583344
368,-1.98879,-4.82252,0.962502
368,-1.59901,-5.02313,0.67072
368,-1.59272,-5.01415,0.582084
368,-2.03521,-4.9782,1.64233
368,-1.83283,-4.89696,0.646377
368,-1.46407,-5.12798,0.58824
368,-1.97481,-4.88341,0.960421
368,-1.45886,-5.13917,0.576983
368,-1.61332,-5.04317,0.573743
368,-1.49681,-5.1766,0.57798
368,-1.50111,-5.18408,0.574007
368,-1.52743,-5.1762,0.605883
368,-1.70163,-5.18153,1.06193
368,-1.66032,-5.22963,1.12146
368,-1.56875,-5.16724,0.56196
368,-1.71219,-5.1726,0.966868
368,-1.68008,-5.24205,1.14051
368,-1.66111,-5.19567,0.890405
368,-1.56406,-5.18182,0.559206
368,-1.66535,-5.25706,1.14033
368,-1.58122,-5.1762,0.557332
368,-1.74219,-5.1741,0.965272
368,-1.71728,-5.22096,1.05925
368,-1.79789,-5.12508,0.880218
368,-1.68389,-5.26419,1.12123
368,-1.74073,-5.18139,0.913569
368,-1.72253,-5.20344,0.89519
368,-1.86403,-5.16708,1.05572
368,-1.83954,-5.2137,1.00141
368,-1.67261,-5.30617,0.869927
368,-1.64523,-5.28069,0.646494
368,-1.59365,-5.30131,0.575338
368,-1.74872,-5.33793,1.14136
368,-1.97173,-5.19281,1.12466
368,-1.70805,-5.3246,0.859214
368,-1.68942,-5.37782,0.877571
368,-1.74963,-5.31055,0.744468
368,-1.71854,-5.36857,0.866284
368,-1.73562,-5.36999,0.84469
368,-1.7349,-5.37016,0.765027
368,-1.74762,-5.37729,0.737379
368,-2.24137,-5.34912,1.93334
368,-1.49065,-5.5062,0.517281
368,-1.97746,-5.59955,0.916111
367,-1.97746,-5.59955,0.916111
368,-2.05623,-3.63379,0.429998
367,-2.05623,-3.63379,0.429998
368,-2.38635,-3.46493,0.881013
367,-2.38635,-3.46493,0.881013
368,-1.74926,-5.19954,0.946123
367,-1.74926,-5.19954,0.946123
368,-2.35807,-3.84357,2.05886
367,-2.35807,-3.84357,2.05886
368,-2.28257,-3.79717,1.73474
367,-2.28257,-3.79717,1.73474
368,-2.3559,-3.79766,1.66302
367,-2.3559,-3.79766,1.66302
368,-2.28207,-3.77837,2.04048
367,-2.28207,-3.77837,2.04048
368,-2.49903,-3.11939,0.816744
367,-2.49903,-3.11939,0.816744
368,-1.731,-5.13477,0.898255
367,-1.731,-5.13477,0.898255
368,-0.0371888,-1.66623,1.27159
367,-0.0371888,-1.66623,1.27159
368,-2.60351,-2.76504,0.244887
367,-2.60351,-2.76504,0.244887
368,-1.97116,-2.37015,0.46531
367,-1.97116,-2.37015,0.46531
368,-2.70685,-2.77113,0.213061
367,-2.70685,-2.77113,0.213061
368,-1.05255,-4.01988,0.892676
367,-1.05255,-4.01988,0.892676
368,-2.43444,-3.56211,1.7473
367,-2.43444,-3.56211,1.7473
368,-1.99789,-2.97312,1.64736
290,-1.99789,-2.97312,1.64736
368,-1.64854,-5.00179,0.678057
290,-1.64854,-5.00179,0.678057
368,-1.2358,-2.72015,1.61297
289,-1.2358,-2.72015,1.61297
368,-1.77902,-5.12695,0.747844
298,-1.77902,-5.12695,0.747844
368,-2.29305,-3.84236,0.375439
300,-2.29305,-3.84236,0.375439
368,-3.0236,-4.48182,0.16751
300,-3.0236,-4.48182,0.16751
368,0.560851,-3.88199,-0.0758368
300,0.560851,-3.88199,-0.0758368
368,-2.40038,-3.53567,1.68994
366,-2.40038,-3.53567,1.68994
368,-2.29418,-3.82574,0.839994
366,-2.29418,-3.82574,0.839994
368,-2.27207,-3.80863,1.07667
366,-2.27207,-3.80863,1.07667
368,-2.45057,-3.07557,1.09913
366,-2.45057,-3.07557,1.09913
368,-2.27966,-3.81048,0.836796
366,-2.27966,-3.81048,0.836796
368,-2.3014,-3.84096,1.07345
366,-2.3014,-3.84096,1.07345
368,-2.26178,-3.59673,0.980527
366,-2.26178,-3.59673,0.980527
368,-2.50864,-3.11941,1.09202
366,-2.50864,-3.11941,1.09202
368,-2.446,-3.58301,1.71512
366,-2.446,-3.58301,1.71512
368,-1.44056,-4.78683,0.739286
304,-1.44056,-4.78683,0.739286
368,-0.943365,-4.55974,-0.623019
304,-0.943365,-4.55974,-0.623019
368,-2.49766,-2.95034,1.95669
282,-2.49766,-2.95034,1.95669
368,-1.50863,-5.16314,0.693847
103,-1.50863,-5.16314,0.693847
368,-2.14749,-4.52101,1.13039
103,-2.14749,-4.52101,1.13039
369,2.02501,-3.64455,0.491573
369,1.75437,-3.60146,0.515281
369,1.80436,-3.62978,0.50658
369,2.0064,-3.67187,0.475933
369,2.01318,-3.74417,0.457506
369,1.4809,-3.66832,0.514139
369,1.4867,-3.69111,0.507147
369,0.789725,-3.59954,-0.029482
369,0.774077,-3.60755,-0.0424542
369,0.825195,-3.62006,-0.0430257
369,0.786105,-3.6135,-0.0374753
369,0.771988,-3.61279,-0.0285532
369,0.842515,-3.62992,-0.0467103
369,2.06665,-3.95107,0.369399
369,0.771413,-3.62529,-0.0257962
369,0.765528,-3.63097,-0.0272657
369,0.772809,-3.63549,-0.0290083
369,0.813498,-3.72474,-0.0189697
369,1.31867,-3.93737,0.473561
369,0.869455,-3.77852,-0.0686992
369,0.871358,-3.78349,-0.0701653
369,0.843139,-3.79358,-0.00865686
369,0.847736,-3.78886,-0.0555596
369,0.851534,-3.80121,-0.0371062
369,0.851874,-3.80013,-0.0449772
369,0.867278,-3.80178,-0.0605203
369,0.851542,-3.80569,-0.0500256
369,0.875883,-3.86247,-0.0234294
369,0.955219,-3.8786,-0.0268528
369,0.886118,-3.86657,-0.016407
369,1.30337,-4.03037,0.443532
369,1.24097,-4.01706,0.4376
369,0.950393,-3.88504,-0.0298138
369,1.22924,-4.0179,0.438375
369,1.30033,-4.03735,0.450259
369,1.31001,-4.04082,0.449857
369,0.952897,-3.8926,-0.0322005
369,0.877971,-3.88004,-0.0256693
369,1.32598,-4.05548,0.439845
369,0.57574,-3.82685,-0.0452844
369,1.30335,-4.05819,0.428084
369,0.560519,-3.83129,-0.0497149
369,2.10196,-4.19988,0.275618
369,1.291,-4.06824,0.428691
369,0.563868,-3.84529,-0.0519847
369,1.27845,-4.07847,0.420876
369,1.26601,-4.0819,0.421034
369,1.27289,-4.09427,0.417142
369,1.24476,-4.09149,0.410315
369,2.13313,-4.25336,0.257067
369,1.23259,-4.12079,0.398534
369,2.20733,-4.32533,0.265941
369,2.20928,-4.33563,0.250582
369,0.569264,-3.95414,-0.13192
369,2.1975,-4.35442,0.241463
369,1.25319,-4.20082,0.380879
369,0.93434,-4.15445,0.475254
369,0.938153,-4.15989,0.466004
369,2.21831,-4.38537,0.241907
369,0.232066,-3.93899,-0.0922468
369,0.846069,-4.15586,0.444243
369,0.849764,-4.19428,0.437728
369,0.435152,-4.0953,0.00270474
369,0.435715,-4.10035,-0.00397587
369,2.29759,-4.54182,0.355726
369,0.40046,-4.10913,-0.012207
369,0.253019,-4.09235,-0.0207044
369,1.25899,-4.35652,0.312674
369,0.400795,-4.16053,-0.0468886
369,0.224087,-4.2151,0.488156
369,0.381321,-4.16183,-0.0497305
369,0.21591,-4.22443,0.487583
369,0.241004,-4.23473,0.476601
369,0.373286,-4.18235,-0.0589271
369,0.265589,-4.24659,0.465183
369,0.273481,-4.24839,0.462885
369,0.234777,-4.25716,0.472341
369,0.371403,-4.19905,-0.0690107
369,0.257443,-4.26247,0.462012
369,0.239584,-4.2622,0.470362
369,0.268281,-4.26835,0.460543
369,0.266216,-4.27095,0.456509
369,0.256909,-4.27956,0.46029
369,0.212865,-4.22786,-0.0833628
369,0.217611,-4.32,0.473958
369,1.9437,-4.69123,0.142393
369,2.45432,-4.88449,0.675884
369,1.98445,-4.71484,0.118206
369,2.25821,-4.93404,1.06515
369,1.11862,-4.58618,0.25203
369,2.4754,-4.93143,0.66043
369,1.11157,-4.58866,0.254276
369,2.2042,-4.95679,1.02491
369,2.32564,-4.93474,0.595096
369,1.15363,-4.65118,0.25018
369,-0.375251,-4.32848,0.154832
369,2.2978,-4.9549,0.572778
369,1.18242,-4.6859,0.290823
369,-0.382535,-4.34331,0.137563
369,1.17809,-4.68914,0.293957
369,2.03987,-4.98166,0.929467
369,2.59328,-5.04379,0.595868
369,2.03922,-4.99104,0.922463
369,2.07434,-4.9868,0.699715
369,1.24633,-4.92713,1.34836
369,2.11761,-5.04949,1.00238
369,2.02398,-4.90865,0.238857
369,-0.344064,-4.44635,0.339149
369,-0.343466,-4.44942,0.340115
369,2.05422,-5.05774,1.0581
369,2.0842,-4.99818,0.621728
369,1.17961,-4.94008,1.39522
369,2.01029,-4.93264,0.268369
369,1.17247,-4.95157,1.40255
369,2.2867,-5.13257,1.05347
369,1.65589,-4.99305,0.925178
369,1.62449,-4.98132,0.887442
369,1.22344,-4.99067,1.44055
369,1.6288,-4.96973,0.797829
369,1.6274,-4.98106,0.791979
369,2.03034,-5.10099,1.02065
369,2.07287,-5.0611,0.653677
369,1.18935,-4.82098,0.238361
369,-1.86312,-4.35117,1.157
369,1.65909,-5.02901,0.905283
369,1.65996,-5.03478,0.906377
369,1.63916,-5.0114,0.777631
369,1.62463,-5.01445,0.776381
369,1.63529,-5.03484,0.884867
369,-1.88293,-4.35277,1.08326
369,1.64285,-5.03746,0.875444
369,1.59258,-5.01414,0.793126
369,1.58929,-5.02964,0.885368
369,1.58922,-5.02831,0.874466
369,1.62799,-5.03575,0.865764
369,1.60948,-5.04109,0.892211
369,-0.344088,-4.51774,0.114306
369,1.64269,-5.02938,0.764431
369,1.688,-5.04248,0.773757
369,1.23042,-5.04419,1.35838
369,1.59259,-5.04115,0.882138
369,1.17436,-5.04604,1.40155
369,-0.308495,-4.441,-0.486668
369,2.10478,-5.10913,0.599669
369,1.1711,-5.04996,1.39786
369,1.41905,-4.96086,0.529541
369,1.18196,-4.8643,0.226529
369,1.16831,-5.0532,1.39631
369,1.41478,-4.98311,0.522659
369,1.58178,-5.08029,0.885512
369,1.41769,-4.97994,0.468237
369,1.19086,-5.0884,1.39821
369,-0.326204,-4.48493,-0.447614
369,1.20934,-5.09844,1.40218
369,1.62574,-5.10173,0.88206
369,2.72621,-5.38501,1.21689
369,1.40656,-4.99678,0.463093
369,1.42503,-5.01402,0.515264
369,1.40487,-5.01149,0.515055
369,1.36841,-5.00704,0.526261
369,1.37108,-5.00052,0.470151
369,-0.391194,-4.49841,-0.47807
369,-1.92898,-4.42088,0.840105
369,-0.308989,-4.63237,0.10279
369,-0.377497,-4.60903,0.0269278
369,1.25722,-5.00553,0.387997
369,1.3709,-5.04606,0.458369
369,1.3689,-5.05424,0.50509
369,1.19523,-5.02792,0.538174
369,1.32488,-5.04323,0.456051
369,-0.382704,-4.63243,0.0406822
369,-0.383125,-4.63286,0.028429
369,-0.362629,-4.65974,0.0816746
369,1.19625,-5.05146,0.534692
369,1.2076,-5.0546,0.534652
369,1.37985,-5.08896,0.497284
369,1.25659,-5.06155,0.479049
369,1.26573,-5.06669,0.464055
369,1.33513,-5.07721,0.437293
369,1.21088,-5.06027,0.474038
369,1.1971,-5.0674,0.529031
369,1.27978,-5.07446,0.449726
369,1.27742,-5.09633,0.529163
369,1.22221,-5.02982,0.157435
369,1.27199,-5.1049,0.538314
369,1.33837,-5.11404,0.426677
369,1.36352,-5.13558,0.483142
369,1.22496,-5.05446,0.152687
369,1.22647,-5.05677,0.162219
369,-0.634098,-4.68795,0.0905409
369,1.2383,-5.15022,0.562627
369,1.23671,-5.15024,0.562531
369,1.26589,-5.15292,0.516382
369,-0.713363,-4.69663,0.0137572
369,-0.327997,-4.78901,0.0413786
369,1.21525,-5.19117,0.577701
369,-0.320867,-4.7977,0.0388794
369,-0.331076,-4.89005,0.321539
369,-0.29921,-4.84154,-0.0342429
369,-0.331985,-4.8994,0.327258
369,-1.01818,-4.67794,-0.233225
369,-0.336135,-4.90789,0.316276
369,-0.32044,-4.9127,0.289823
369,-1.03406,-4.6847,-0.248459
369,-0.341968,-4.91872,0.321288
369,-0.315367,-4.80273,-0.441389
369,-1.04597,-4.68659,-0.23972
369,-0.343004,-4.81223,-0.36228
369,-0.30758,-4.92638,0.295651
369,-1.04818,-4.68932,-0.251877
369,-0.291064,-4.82904,-0.344951
369,-0.317795,-4.83082,-0.36166
369,-0.266819,-4.9612,0.365539
369,-0.29857,-4.95075,0.298283
369,-1.12162,-4.69719,-0.273561
369,-0.270329,-4.97407,0.364423
369,-0.306794,-4.85409,-0.365052
369,-0.291662,-5.00677,0.301078
369,-0.292132,-4.88396,-0.487605
369,-1.83634,-4.82681,0.972416
369,-0.879885,-4.85512,-0.0713888
369,-0.250257,-5.06236,0.327372
369,-0.281281,-5.05502,0.30667
369,-1.89979,-4.83426,0.95572
369,-0.851253,-4.88194,-0.0863534
369,-0.887923,-4.8889,-0.0830535
369,-0.840981,-4.90887,-0.0724695
369,-0.848827,-4.90895,-0.0693672
369,-1.11522,-4.90048,0.136532
369,-1.99737,-4.8543,0.943215
369,-0.296191,-5.09698,0.280309
369,-1.31742,-4.79178,-0.327293
369,-1.97377,-4.87333,0.968116
369,-0.351012,-5.09377,0.250043
369,-1.99725,-4.93559,1.17398
369,-0.279583,-5.18634,0.252504
369,-1.53066,-4.84883,-0.356986
369,-2.13534,-5.14951,1.89
369,-1.61635,-5.07794,0.666975
369,-0.885394,-5.17149,0.251316
369,-0.87996,-5.17677,0.252199
369,-1.62748,-5.10564,0.638186
369,-1.60591,-5.17939,0.964191
369,-1.65105,-5.1823,0.943691
369,-1.63593,-5.19244,0.962086
369,-1.70709,-5.17266,0.882344
369,-0.876844,-5.24771,0.242787
369,-1.73996,-5.17864,0.885362
369,-2.16338,-5.23442,1.74269
369,-1.87023,-5.18745,1.04998
369,-1.86414,-5.14031,0.662806
369,-1.72314,-5.2069,0.874903
369,-1.68106,-5.2333,0.961605
369,-2.04228,-5.10295,0.591199
369,-1.82482,-5.19268,0.864586
369,-1.66026,-5.24331,0.852612
369,-1.68281,-5.26354,0.973247
369,-1.7941,-5.23294,0.87514
369,-1.75422,-5.2834,1.10413
369,-1.87296,-5.25039,1.04827
369,-1.8286,-5.24004,0.900975
369,-1.86036,-5.25713,1.03157
369,-2.09639,-5.16036,0.691235
369,-1.87746,-5.2855,1.06248
369,-1.77529,-5.32333,1.04337
369,-1.72913,-5.33733,1.04631
369,-1.77526,-5.31381,0.937162
369,-1.68745,-5.32489,0.869071
369,-1.85494,-5.31175,0.932856
369,-1.8175,-5.32699,0.934615
369,-1.85829,-5.32256,0.93372
369,-1.87584,-5.3591,1.06767
369,-2.31886,-5.43986,1.92798
369,-1.98259,-5.37275,1.02876
369,-1.58524,-5.38505,0.593669
369,-2.02055,-5.3698,1.02793
369,-1.63269,-5.38477,0.59147
369,-1.55473,-5.41278,0.605042
369,-1.59897,-5.45226,0.589181
369,-1.59315,-5.4862,0.596188
369,-0.963586,-5.64297,0.218325
369,-0.213728,-4.91302,0.323832
368,-0.213728,-4.91302,0.323832
369,0.247544,-3.9527,-0.0905628
368,0.247544,-3.9527,-0.0905628
369,-0.244608,-4.93762,-0.233716
368,-0.244608,-4.93762,-0.233716
369,-2.06062,-4.45331,-0.0663696
368,-2.06062,-4.45331,-0.0663696
369,0.235497,-4.01136,-0.115316
368,0.235497,-4.01136,-0.115316
369,-1.58874,-4.9491,0.906811
298,-1.58874,-4.9491,0.906811
369,-0.234613,-5.0162,0.334951
298,-0.234613,-5.0162,0.334951
369,-1.63781,-5.19913,0.729568
298,-1.63781,-5.19913,0.729568
369,-1.90821,-5.40229,0.888025
298,-1.90821,-5.40229,0.888025
369,-1.50033,-5.01565,0.954711
298,-1.50033,-5.01565,0.954711
369,-1.41153,-4.91497,0.701225
298,-1.41153,-4.91497,0.701225
369,2.04674,-4.92481,0.986486
298,2.04674,-4.92481,0.986486
369,2.07556,-5.01361,0.901554
298,2.07556,-5.01361,0.901554
369,-1.31974,-3.62162,2.198
298,-1.31974,-3.62162,2.198
369,2.51286,-4.76903,0.892656
298,2.51286,-4.76903,0.892656
369,0.769737,-3.61607,-0.00358494
300,0.769737,-3.61607,-0.00358494
369,-1.32405,-4.19759,1.18821
300,-1.32405,-4.19759,1.18821
369,-1.18803,-4.80285,-0.32539
300,-1.18803,-4.80285,-0.32539
369,-1.83381,-5.21417,0.728056
290,-1.83381,-5.21417,0.728056
369,-1.38234,-4.84653,0.708315
301,-1.38234,-4.84653,0.708315
369,-2.35654,-5.01457,1.07541
289,-2.35654,-5.01457,1.07541
369,-1.29662,-4.64758,1.00817
289,-1.29662,-4.64758,1.00817
369,1.20305,-5.13331,0.44888
307,1.20305,-5.13331,0.44888
369,2.37714,-4.90038,0.616876
307,2.37714,-4.90038,0.616876
369,2.04007,-5.00251,0.739531
307,2.04007,-5.00251,0.739531
369,2.52656,-5.00194,0.901348
306,2.52656,-5.00194,0.901348
370,1.2707,-1.76572,1.23557
370,1.27189,-1.7655,1.23493
370,1.2728,-1.76623,1.23526
370,1.27437,-1.76764,1.23598
370,1.28058,-1.76877,1.23521
370,1.99679,-3.07375,0.249574
370,2.00465,-3.13656,0.220328
370,2.03603,-3.13886,0.201641
370,2.04158,-3.16649,0.181574
370,2.04128,-3.17484,0.18047
370,2.05924,-3.20402,0.15568
370,1.12847,-3.31414,0.10438
370,1.12882,-3.32574,0.0956969
370,1.1231,-3.3583,0.0811222
370,0.878523,-3.40717,0.0817426
370,0.935455,-3.42695,0.143278
370,0.932608,-3.47097,0.112914
370,0.675245,-3.51398,0.0027014
370,0.936753,-3.5081,0.0980436
370,0.586597,-3.52922,0.0182736
370,0.781602,-3.52137,0.0262511
370,0.962932,-3.52273,0.118017
370,0.912904,-3.5296,0.103354
370,0.919435,-3.52481,0.0811788
370,0.916587,-3.53259,0.096351
370,0.955585,-3.54795,0.105339
370,1.89337,-3.45355,0.00852191
370,0.927338,-3.56015,0.0658942
370,1.88188,-3.4675,0.0155662
370,1.88472,-3.46811,0.0117911
370,1.86437,-3.4716,0.0145108
370,1.88184,-3.47617,0.00119424
370,0.944586,-3.58386,0.0780369
370,1.88844,-3.48906,0.00504446
370,1.88461,-3.48922,0.00104594
370,1.87378,-3.49694,-0.00281727
370,1.87683,-3.5033,0.00572038
370,1.86189,-3.50635,0.005108
370,1.85725,-3.50893,0.0124061
370,1.8653,-3.51336,-0.00279713
370,1.37396,-3.56257,-0.0870078
370,1.38639,-3.56704,-0.0850354
370,1.37611,-3.5735,-0.090042
370,1.40165,-3.57625,-0.0767294
370,1.40959,-3.58066,-0.083902
370,1.40917,-3.58795,-0.0849676
370,1.70203,-3.71997,0.455145
370,2.53099,-3.56736,-0.0624093
370,2.52353,-3.56961,-0.0728815
370,1.68834,-3.75111,0.449267
370,0.695985,-3.87394,0.565886
370,1.49442,-3.683,-0.0634055
370,1.48325,-3.6857,-0.0641196
370,1.46972,-3.69678,-0.0697459
370,1.4677,-3.69944,-0.0586329
370,1.4693,-3.70157,-0.0682847
370,1.4551,-3.70207,-0.0826275
370,1.46339,-3.71145,-0.0529349
370,1.4339,-3.70945,-0.0832009
370,0.568039,-3.79356,-0.16753
370,0.273162,-3.8476,-0.0425797
370,0.70633,-3.92562,0.542595
370,2.54641,-3.64999,-0.10041
370,3.18968,-3.5886,-0.12538
370,0.631971,-3.97643,0.538391
370,2.55678,-3.66505,-0.141342
370,2.55852,-3.67338,-0.146567
370,3.21688,-3.62621,-0.141189
370,0.723586,-3.89231,-0.0740173
370,0.493676,-3.94247,0.0715243
370,1.04759,-3.84859,-0.222178
370,0.460461,-3.95947,0.0572668
370,0.360321,-4.06737,0.545414
370,1.71597,-3.90668,0.390784
370,0.488642,-3.96996,0.0541365
370,0.499169,-3.97057,0.0484537
370,0.388208,-3.97403,-0.0085851
370,0.393583,-3.97665,-0.00649786
370,0.349934,-3.97664,-0.0334581
370,0.374041,-3.98181,-0.0117995
370,0.419562,-4.08208,0.530978
370,1.78255,-3.92274,0.383728
370,0.353642,-3.98685,-0.0262532
370,0.353537,-3.98754,-0.0253055
370,0.463581,-3.99832,0.0451274
370,0.337512,-4.00201,-0.0268236
370,0.468635,-4.00395,0.0364722
370,0.390165,-4.0055,-0.0164491
370,0.340933,-4.01323,-0.0199833
370,1.45348,-4.01029,0.4096
370,0.46242,-4.04264,0.0151203
370,1.44442,-4.02559,0.410865
370,1.06475,-3.93551,-0.276031
370,0.800964,-3.99586,-0.141319
370,1.19052,-4.26402,1.43122
370,0.270773,-4.09431,-0.0121647
370,1.43837,-4.06149,0.403997
370,0.789557,-4.02063,-0.175701
370,0.549349,-4.06557,-0.13411
370,0.787954,-4.06322,-0.17713
370,0.543211,-4.09555,-0.150965
370,0.789744,-4.08276,-0.207419
370,0.773487,-4.13736,-0.230261
370,1.1807,-4.43533,1.43489
370,0.220297,-4.3514,0.466869
370,0.232088,-4.36597,0.433516
370,0.709426,-4.18584,-0.284105
370,0.204725,-4.37891,0.45876
370,1.17767,-4.47098,1.40765
370,0.204447,-4.39308,0.433024
370,0.194459,-4.40356,0.43009
370,2.70281,-4.3543,1.2758
370,0.936136,-4.35535,0.347744
370,1.21632,-4.52259,1.37328
370,1.89225,-4.42475,1.17638
370,0.206257,-4.36407,-0.0539173
370,-0.386922,-4.47469,0.187457
370,0.200846,-4.38023,-0.0616335
370,1.22432,-4.56892,1.37493
370,1.21747,-4.57041,1.37014
370,0.383311,-4.33389,-0.344487
370,0.187223,-4.49439,0.389421
370,0.185848,-4.49859,0.388084
370,-0.406364,-4.52002,0.173493
370,2.93344,-4.42867,1.38787
370,0.382882,-4.35975,-0.360023
370,-0.478104,-4.53172,0.0702626
370,-0.479549,-4.5307,0.0552191
370,2.74147,-4.44597,1.26622
370,-0.494576,-4.54935,0.090745
370,1.90095,-4.34355,0.211724
370,-0.488715,-4.57137,0.134902
370,1.94507,-4.53445,1.16622
370,-0.372985,-4.55517,0.0589528
370,-0.72648,-4.59872,0.0383909
370,-0.359829,-4.57657,0.105469
370,-0.510489,-4.59427,0.0506793
370,2.76409,-4.49891,1.2395
370,-0.681331,-4.61061,0.029905
370,-0.69513,-4.61434,0.029143
370,-0.373047,-4.58955,0.0435712
370,-0.565669,-4.64956,0.198519
370,-0.388618,-4.59848,0.0182258
370,-0.424894,-4.52955,-0.391703
370,-0.715031,-4.65387,0.0183973
370,2.31365,-4.49011,0.709347
370,-0.593101,-4.71811,0.403186
370,-0.558361,-4.71791,0.405152
370,1.89786,-4.47087,0.233123
370,1.94168,-4.46707,0.231947
370,1.96569,-4.55829,0.726345
370,-1.03184,-4.76571,0.254693
370,2.81126,-4.59004,1.21201
370,2.30165,-4.54601,0.699983
370,1.89055,-4.4999,0.2092
370,1.99786,-4.48466,0.165895
370,-0.633959,-4.77168,0.295451
370,1.94757,-4.51285,0.229246
370,1.98329,-4.60199,0.716954
370,1.92755,-4.51291,0.180637
370,2.30585,-4.57502,0.692099
370,1.21814,-4.81134,1.36911
370,2.27057,-4.5858,0.693232
370,2.91996,-4.49845,0.521095
370,2.94996,-4.50455,0.503846
370,2.94465,-4.50689,0.499023
370,2.31463,-4.60569,0.679334
370,-0.662079,-4.82865,0.296797
370,2.94431,-4.51518,0.501401
370,2.9634,-4.51777,0.490467
370,1.23219,-4.79268,1.02929
370,2.94842,-4.52537,0.489218
370,1.22458,-4.79832,1.03472
370,2.95335,-4.53551,0.49578
370,2.27043,-4.63786,0.680828
370,1.88941,-4.62515,0.393291
370,1.96737,-4.58056,0.1872
370,2.94104,-4.54835,0.493084
370,2.2718,-4.66722,0.676373
370,2.28016,-4.66834,0.667955
370,3.13968,-4.49,0.130239
370,2.38163,-4.68995,0.780689
370,2.40118,-4.69927,0.814039
370,3.01167,-4.56337,0.381701
370,3.13408,-4.50752,0.130922
370,3.08242,-4.52167,0.170596
370,2.95422,-4.59773,0.490585
370,3.14032,-4.5155,0.135476
370,3.07563,-4.76029,1.38816
370,3.06381,-4.53162,0.168172
370,3.05547,-4.53618,0.186472
370,3.16543,-4.51745,0.128452
370,-0.355018,-4.84161,0.0119524
370,1.19382,-4.74281,0.26186
370,1.22413,-4.73789,0.245561
370,3.09594,-4.53799,0.153953
370,2.41943,-4.72083,0.7626
370,2.40123,-4.72318,0.753413
370,-0.339328,-4.85588,0.00490081
370,2.36826,-4.74313,0.808268
370,2.38541,-4.73383,0.761676
370,2.43668,-4.74053,0.79819
370,2.34433,-4.62861,0.142987
370,2.37943,-4.74588,0.778884
370,2.43001,-4.74283,0.774271
370,3.10248,-4.55405,0.11588
370,1.26776,-4.82671,0.600008
370,2.41024,-4.75715,0.796498
370,3.0951,-4.60674,0.354405
370,1.64424,-4.85413,0.907485
370,3.13816,-4.56736,0.138688
370,2.41232,-4.76214,0.779674
370,2.02718,-4.7922,0.736808
370,3.11293,-4.57417,0.127817
370,2.39874,-4.77027,0.786827
370,2.02829,-4.79696,0.732697
370,3.04662,-4.62769,0.362584
370,2.05017,-4.78703,0.68555
370,2.42317,-4.76844,0.754203
370,3.05157,-4.63285,0.358896
370,2.32812,-4.66248,0.135051
370,2.36793,-4.77159,0.731768
370,2.40114,-4.77369,0.730069
370,1.95685,-4.88377,1.07759
370,0.803224,-4.83256,0.205013
370,2.16117,-4.77837,0.618124
370,2.43381,-4.77452,0.736665
370,2.39581,-4.78453,0.768552
370,2.31037,-4.67256,0.129136
370,2.48067,-4.78752,0.806563
370,1.28891,-4.86191,0.579601
370,3.09807,-4.6014,0.128936
370,2.3336,-4.67775,0.123919
370,3.11623,-4.60228,0.12718
370,1.26538,-4.87146,0.58432
370,2.00643,-4.82817,0.713658
370,-0.391541,-4.9392,-0.0217028
370,-0.378377,-4.93903,-0.0224797
370,2.03223,-4.84913,0.723029
370,1.32425,-4.87491,0.486418
370,2.33063,-4.70244,0.0788807
370,2.34325,-4.70525,0.0683184
370,2.39898,-4.74072,0.250409
370,1.33181,-4.8934,0.496595
370,2.50931,-4.82631,0.748967
370,1.63306,-4.9419,0.881696
370,1.62986,-4.9281,0.796436
370,1.34737,-4.90805,0.529453
370,2.37575,-4.75747,0.260852
370,1.33894,-4.90305,0.490493
370,2.12941,-4.91602,0.904266
370,1.63626,-4.94222,0.780847
370,2.05699,-4.89525,0.710995
370,1.2587,-4.9357,0.494062
370,1.36284,-4.93735,0.536106
370,2.09024,-4.95143,0.983848
370,1.40578,-4.93399,0.528717
370,0.86778,-4.92425,0.183853
370,2.1268,-4.93818,0.885112
370,1.36732,-4.95033,0.480631
370,0.836776,-4.95044,0.186895
370,1.38098,-4.95339,0.479222
370,2.79484,-4.78861,0.24352
370,0.863622,-4.96717,0.171094
370,2.7927,-4.79406,0.244002
370,0.855185,-4.97057,0.170407
370,1.16493,-5.17792,1.40185
370,1.63762,-5.01558,0.778235
370,-0.266674,-5.11559,0.308806
370,2.03479,-4.97051,0.734361
370,2.25796,-5.00935,1.05069
370,2.09279,-4.96709,0.732688
370,2.80914,-4.81424,0.226564
370,1.15115,-5.20437,1.41811
370,1.64272,-5.04115,0.785095
370,1.24972,-5.18517,1.31223
370,2.80781,-4.83321,0.254009
370,2.81478,-4.83926,0.23929
370,1.6431,-5.0516,0.741367
370,-0.468856,-5.1713,0.237921
370,-0.362793,-5.16246,0.241034
370,1.9931,-5.09043,1.06174
370,1.66091,-4.95004,0.0798043
370,2.11427,-5.03623,0.756703
370,1.3969,-5.06832,0.503545
370,2.82302,-4.8808,0.249857
370,1.61505,-5.11998,0.884912
370,1.62604,-5.09722,0.762588
370,1.13243,-5.27617,1.41884
370,2.12058,-5.04715,0.691993
370,2.35483,-5.00245,0.572166
370,-0.337726,-5.11253,-0.312865
370,2.84181,-4.90904,0.234574
370,1.13194,-5.30277,1.41927
370,1.61308,-5.13443,0.765582
370,2.27524,-5.02739,0.528576
370,1.22156,-5.12199,0.453474
370,1.14824,-5.3129,1.41061
370,2.06922,-5.10983,0.721389
370,2.57812,-5.11424,0.975746
370,2.93949,-4.94771,0.238165
370,2.60772,-5.10855,0.888961
370,-0.511942,-5.28821,0.215125
370,-0.487719,-5.29571,0.238232
370,2.07655,-5.14283,0.753281
370,3.06115,-5.13223,1.20226
370,-0.513856,-5.3066,0.263029
370,-0.477492,-5.30629,0.256732
370,-0.492425,-5.31369,0.259712
370,2.96398,-4.97448,0.254841
370,1.16279,-5.20097,0.517765
370,2.96932,-4.93229,0.00094378
370,1.16196,-5.20672,0.498715
370,1.1609,-5.20422,0.472642
370,2.1626,-5.14876,0.698479
370,2.97505,-4.98624,0.217874
370,2.96816,-4.94936,0.00218451
370,1.15435,-5.23458,0.528358
370,2.18133,-5.1511,0.617707
370,1.15916,-5.24219,0.436608
370,2.33635,-5.1543,0.562412
370,1.1943,-5.25547,0.499626
370,2.71284,-5.21094,1.0284
370,2.35099,-5.15769,0.509274
370,2.31498,-5.18013,0.552589
370,1.15816,-5.27909,0.418462
370,2.35174,-5.21296,0.535113
370,1.19573,-5.2906,0.342248
370,2.72485,-5.27339,1.02194
370,2.42793,-5.33986,1.15504
370,1.19578,-5.3075,0.342181
370,2.69333,-5.22295,0.61932
370,1.15455,-5.33433,0.340034
370,2.7644,-5.3164,1.01715
370,2.52172,-5.37465,1.05136
370,2.24068,-5.3126,0.518994
370,4.28545,-5.14433,0.238465
370,3.14517,-5.44843,1.19487
370,2.77039,-5.46194,1.02815
370,3.17775,-5.47176,1.23025
370,4.55883,-5.17198,0.31831
370,4.26266,-5.2076,0.256427
370,3.17258,-5.51205,1.24042
370,2.79984,-5.54146,1.03054
370,3.18646,-5.53746,1.19426
370,4.3543,-5.25897,0.255888
370,4.37747,-5.28105,0.368275
370,4.5929,-5.54041,1.84618
370,3.19823,-5.56886,1.25531
370,3.20449,-5.58287,1.26053
370,3.24752,-5.59636,1.23547
370,4.65223,-5.27559,0.0993546
370,3.24068,-5.63116,1.17095
370,3.24504,-5.64322,1.19819
370,4.33746,-5.34288,0.165977
370,3.51994,-5.64711,1.21079
370,3.24975,-5.6708,1.18312
370,4.41788,-5.39837,0.140065
370,3.54968,-5.69123,1.20308
370,3.51865,-5.71473,1.17468
370,3.54332,-5.75426,1.15533
370,3.55697,-5.75741,1.15773
370,3.58053,-5.81156,1.24198
370,4.59432,-5.56987,0.304599
370,4.49763,-5.56135,0.114134
370,3.37776,-5.93469,1.27354
370,3.62955,-5.94846,1.28474
370,3.06958,-6.20609,1.0159
370,4.79355,-5.86531,-0.038312
370,4.03562,-6.6511,1.28099
370,5.12667,-6.27997,-0.538851
370,5.301,-6.49266,-0.691723
370,3.92533,-8.69818,0.839855
370,1.94756,-4.61224,1.15327
369,1.94756,-4.61224,1.15327
370,1.08806,-3.8,0.526388
369,1.08806,-3.8,0.526388
370,1.10319,-4.40675,0.311058
369,1.10319,-4.40675,0.311058
370,2.14563,-5.29637,-0.108863
369,2.14563,-5.29637,-0.108863
370,0.790855,-3.47793,0.0536374
369,0.790855,-3.47793,0.0536374
370,1.98613,-4.53853,0.905835
369,1.98613,-4.53853,0.905835
370,2.04544,-4.86868,0.988717
304,2.04544,-4.86868,0.988717
370,-0.776824,-4.99629,0.317311
298,-0.776824,-4.99629,0.317311
370,2.77003,-5.58412,0.852432
298,2.77003,-5.58412,0.852432
370,2.13128,-4.98938,0.857388
307,2.13128,-4.98938,0.857388
370,3.13308,-4.5332,0.147692
307,3.13308,-4.5332,0.147692
370,2.08324,-4.99283,0.884196
307,2.08324,-4.99283,0.884196
370,4.00609,-4.65463,1.69838
307,4.00609,-4.65463,1.69838
370,2.39228,-4.99316,0.560661
306,2.39228,-4.99316,0.560661
371,1.24537,-2.33525,0.63653
371,0.681942,-3.42371,0.162107
371,1.17196,-3.32836,0.0748256
371,1.16115,-3.34814,0.0651548
371,1.10821,-3.47833,-0.00668681
371,2.14116,-3.0866,-0.0071429
371,2.12789,-3.09536,-0.0146952
371,2.14249,-3.09597,-0.0157652
371,2.22625,-3.07204,-0.0106375
371,2.13439,-3.10936,-0.021876
371,1.09447,-3.51857,-0.0214307
371,2.16259,-3.11342,-0.0301607
371,1.34237,-3.41741,-0.111333
371,1.33852,-3.43197,-0.107973
371,1.8677,-3.25535,-0.0528629
371,2.28774,-3.05668,-0.194419
371,1.87837,-3.25369,-0.048872
371,1.3229,-3.44507,-0.118181
371,1.3208,-3.44964,-0.112359
371,2.292,-3.05999,-0.202513
371,2.29379,-3.05909,-0.208581
371,1.32931,-3.44999,-0.12576
371,1.88176,-3.26786,-0.0564127
371,1.85557,-3.275,-0.067928
371,1.31366,-3.46591,-0.127105
371,2.64367,-3.02902,0.109263
371,1.87042,-3.27694,-0.0661857
371,2.31101,-3.07066,-0.220507
371,1.88907,-3.27572,-0.0620387
371,1.89348,-3.28253,-0.0528538
371,1.86115,-3.2913,-0.0653085
371,2.66109,-3.04584,0.101949
371,2.19081,-3.18518,-0.0784587
371,2.42871,-3.14171,0.0799801
371,0.868629,-3.71951,-0.0156564
371,1.35626,-3.5264,-0.0648627
371,2.43742,-3.15831,0.0750709
371,0.87097,-3.7302,-0.0229297
371,1.36633,-3.53039,-0.0724283
371,1.90154,-3.33099,-0.0984286
371,2.42795,-3.17958,0.066978
371,1.38937,-3.54449,-0.0794504
371,1.07584,-3.65994,-0.118736
371,1.86747,-3.40174,0.0296049
371,2.4359,-3.20229,0.0564377
371,2.72002,-3.0723,-0.0302931
371,2.43832,-3.24306,0.0677024
371,2.86173,-3.01719,-0.211307
371,1.68328,-3.66366,0.476276
371,2.43812,-3.26427,0.0384959
371,2.43646,-3.26508,0.0351896
371,1.88718,-3.46715,-0.0055331
371,1.90215,-3.47729,-0.00183046
371,2.17771,-3.39453,0.0294514
371,1.88317,-3.50054,-0.00984859
371,1.67633,-3.71159,0.460373
371,2.22605,-3.32485,-0.180789
371,2.17842,-3.40856,0.0264276
371,1.43475,-3.66986,-0.063297
371,2.15751,-3.42051,0.0206459
371,1.88792,-3.51358,-0.0127233
371,2.45422,-3.30627,0.00754547
371,2.32804,-3.31015,-0.181741
371,2.15685,-3.44266,-0.00660396
371,2.16256,-3.44193,-0.00608242
371,2.16442,-3.44828,0.00542378
371,2.47771,-3.3291,-0.0136788
371,2.47244,-3.33379,-0.0126053
371,2.31031,-3.34553,-0.205093
371,2.30802,-3.34917,-0.206709
371,3.19739,-3.08839,0.0507091
371,3.20759,-3.08572,0.0474646
371,2.4727,-3.3582,0.0225111
371,2.46857,-3.36824,0.024893
371,3.22729,-3.08545,0.0414451
371,2.35062,-3.34564,-0.215995
371,2.16534,-3.47144,-0.0203016
371,2.48199,-3.35068,-0.0230016
371,2.95905,-3.10259,-0.299925
371,3.49806,-2.9935,0.0329349
371,3.23088,-3.09625,0.0377135
371,3.51609,-2.98916,0.0308772
371,3.20374,-3.119,0.054631
371,2.48097,-3.39101,0.0115598
371,1.9485,-3.72406,0.453154
371,2.13994,-3.67321,0.461756
371,2.18554,-3.65754,0.465552
371,2.22918,-3.64315,0.47181
371,2.14094,-3.67665,0.460463
371,2.18959,-3.66223,0.464623
371,3.56902,-3.01537,0.0154113
371,2.56467,-3.35168,-0.14379
371,2.57133,-3.35142,-0.142687
371,2.22394,-3.45016,-0.27054
371,2.5723,-3.35325,-0.146706
371,3.55652,-3.04018,0.05314
371,3.27862,-3.13316,-0.00480938
371,1.93345,-3.77265,0.433235
371,1.9347,-3.77332,0.4315
371,3.62807,-3.01699,0.0108843
371,1.89532,-3.79219,0.425474
371,2.51301,-3.39598,-0.162298
371,1.66082,-3.64936,-0.411028
371,2.47702,-3.45459,-0.0078553
371,1.65462,-3.65675,-0.412851
371,3.32823,-3.13283,-0.05671
371,0.857518,-4.05497,-0.116392
371,2.48721,-3.46248,-0.0278789
371,2.5339,-3.40506,-0.171661
371,3.51959,-3.07294,-0.0234287
371,3.60476,-3.04656,-0.00605381
371,3.34766,-3.1453,-0.0062592
371,3.36141,-3.1987,0.200078
371,3.33313,-3.13809,-0.057181
371,2.52201,-3.41397,-0.173622
371,2.41665,-3.64115,0.487969
371,3.37005,-3.14069,-0.0080266
371,1.98931,-3.78967,0.425643
371,3.60489,-3.06234,0.0146308
371,3.60192,-3.05557,-0.021916
371,3.60426,-3.08175,0.0258856
371,2.48267,-3.4923,-0.0340936
371,3.37882,-3.14447,-0.0685465
371,3.3769,-3.15939,-0.0199056
371,3.40018,-3.14929,-0.028571
371,3.38189,-3.22053,0.195251
371,2.40935,-3.66437,0.458546
371,3.42363,-3.13467,-0.0600463
371,2.45176,-3.51017,-0.0357749
371,3.38871,-3.15856,-0.0295707
371,3.38567,-3.22174,0.190163
371,3.3874,-3.16015,-0.0286266
371,3.34515,-3.24255,0.203342
371,3.38898,-3.15433,-0.078854
371,3.45045,-3.13714,-0.0676632
371,3.5103,-3.15944,0.084198
371,3.69047,-3.06225,-0.018312
371,2.66443,-3.33224,-0.454219
371,3.36385,-3.2574,0.191841
371,3.50035,-3.17849,0.0815552
371,3.51045,-3.17598,0.0856208
371,2.67378,-3.34091,-0.460114
371,3.52087,-3.17479,0.0833672
371,2.53046,-3.49515,-0.120546
371,3.4964,-3.13867,-0.0913659
371,1.86397,-3.8957,0.388959
371,3.14127,-3.27105,-0.121758
371,3.51267,-3.18552,0.0738798
371,3.43368,-3.18027,-0.0532415
371,3.69296,-3.19718,0.3507
371,3.48359,-3.15711,-0.0835675
371,3.52627,-3.18488,0.0712726
371,2.53564,-3.50858,-0.126224
371,3.49251,-3.1577,-0.0879929
371,3.49059,-3.16132,-0.0893561
371,3.54912,-3.19004,0.0741656
371,1.47025,-4.06385,0.366517
371,1.46908,-4.06438,0.366538
371,1.4607,-4.07841,0.389063
371,1.48099,-4.06534,0.364054
371,1.75686,-3.72777,-0.503771
371,1.45761,-4.08721,0.360499
371,1.76505,-3.72964,-0.502347
371,3.15113,-3.30942,-0.129602
371,2.54369,-3.55475,-0.160119
371,1.44611,-4.11885,0.351336
371,1.65198,-3.81436,-0.493764
371,3.26899,-3.41193,0.243427
371,3.27353,-3.40695,0.230645
371,3.3288,-3.40078,0.277834
371,2.54155,-3.57163,-0.181661
371,3.78027,-3.13517,-0.0830015
371,3.27932,-3.42485,0.24511
371,2.90415,-3.43734,-0.297136
371,2.90204,-3.47259,-0.184011
371,2.89489,-3.47569,-0.183878
371,3.83205,-3.14685,-0.102984
371,2.55389,-3.62037,-0.168603
371,2.54126,-3.62456,-0.175015
371,2.90206,-3.48437,-0.190259
371,1.73452,-4.37583,1.40211
371,3.2591,-3.42365,0.0729084
371,3.26234,-3.42035,0.0522983
371,3.30303,-3.45881,0.214766
371,3.32478,-3.46384,0.195131
371,3.26955,-3.44419,0.0495358
371,3.32182,-3.47016,0.200169
371,3.2785,-3.44411,0.0400856
371,3.30764,-3.48213,0.208635
371,3.26672,-3.45418,0.0469056
371,3.31158,-3.48397,0.198679
371,3.24679,-3.46815,0.0440488
371,1.93404,-4.05577,0.337236
371,3.10607,-3.5026,-0.0713542
371,3.0969,-3.5168,-0.0671135
371,3.53996,-3.46098,0.313213
371,3.13141,-3.51154,-0.0769829
371,2.67233,-3.81804,0.392968
371,3.13255,-3.51486,-0.0890441
371,3.12019,-3.52189,-0.0835891
371,1.11403,-4.39838,0.318738
371,3.34064,-3.51709,0.181077
371,3.13519,-3.52826,-0.0805234
371,3.13584,-3.52997,-0.0909032
371,3.14222,-3.52536,-0.104349
371,3.49231,-3.50761,0.297593
371,1.08519,-4.43672,0.310376
371,3.15408,-3.55487,-0.116533
371,3.5598,-3.52539,0.310681
371,1.72218,-3.97678,-0.572362
371,3.57073,-3.52506,0.294819
371,3.55366,-3.53836,0.307606
371,2.46266,-3.9715,0.371019
371,3.57486,-3.52667,0.258537
371,2.73087,-3.88573,0.365837
371,1.72267,-4.00117,-0.586979
371,3.58211,-3.5564,0.291764
371,3.5981,-3.55022,0.284393
371,3.59437,-3.5724,0.282557
371,3.15462,-3.62469,-0.126685
371,3.15617,-3.62686,-0.128047
371,1.95427,-4.21816,0.269465
371,3.27345,-3.8022,0.382919
371,4.55007,-3.39136,0.551235
371,3.56361,-4.08154,1.65002
371,4.57493,-3.41429,0.54596
371,0.979489,-4.7079,0.210505
371,4.83609,-3.5774,1.27679
371,2.63782,-4.19815,0.28322
371,3.68475,-4.25678,1.66518
371,1.99194,-4.73517,1.0783
371,2.41609,-4.48887,0.611497
371,1.93149,-4.64059,0.380981
371,3.01821,-4.52363,1.40159
371,3.71503,-4.3357,1.67214
371,2.02237,-4.79375,0.993044
371,2.02869,-4.79787,0.992132
371,1.31646,-4.9362,0.520849
371,1.31307,-4.94679,0.494269
371,1.64616,-4.93471,0.894063
371,4.76339,-3.41152,-0.365836
371,1.28523,-4.97683,0.507175
371,1.26728,-4.99493,0.539754
371,1.32142,-4.97113,0.518462
371,2.98106,-4.28456,0.211145
371,1.2944,-5.00234,0.474958
371,1.97881,-4.90564,1.04988
371,1.33741,-4.98835,0.460684
371,1.62831,-4.97643,0.77794
371,1.24645,-5.03731,0.478369
371,2.03825,-4.86694,0.915494
371,2.32405,-4.56162,0.194448
371,2.28677,-4.5762,0.195974
371,2.74083,-4.41417,0.21491
371,2.29496,-4.82795,1.04537
371,1.35157,-5.02061,0.444864
371,1.6184,-5.04429,0.88174
371,1.3447,-5.02709,0.441767
371,2.77508,-4.42611,0.222873
371,2.86828,-4.68068,1.21586
371,3.05001,-4.67027,1.40298
371,2.27044,-4.86975,1.05932
371,2.06921,-4.94804,1.01064
371,1.61029,-5.09239,0.885224
371,2.25472,-4.90583,1.05535
371,2.77758,-4.46982,0.209507
371,1.20129,-5.15643,0.505466
371,2.26812,-4.91121,1.05634
371,1.60299,-5.12079,0.873991
371,4.73448,-4.17459,1.69981
371,3.06622,-4.37912,0.174399
371,2.36193,-4.75565,0.543738
371,4.74775,-4.18372,1.70612
371,2.40936,-4.89019,1.05978
371,1.39163,-5.11966,0.491891
371,1.59831,-5.14954,0.872377
371,2.44885,-4.89931,1.05637
371,1.60501,-5.17056,0.869059
371,1.18577,-5.22777,0.500905
371,2.09166,-5.0244,0.99212
371,3.07649,-4.44522,0.183421
371,2.28894,-4.99511,1.05877
371,2.06355,-4.96756,0.619433
371,2.25709,-5.02375,1.04858
371,3.09689,-4.45209,0.146942
371,3.9474,-4.23216,0.493513
371,2.07793,-5.00579,0.700371
371,2.53313,-4.88728,0.81048
371,1.1873,-5.29189,0.424113
371,2.61661,-4.92323,1.03195
371,1.64808,-5.0119,0.0308627
371,2.53164,-4.89436,0.747636
371,3.05601,-4.53796,0.177848
371,2.21957,-5.09703,1.03615
371,3.92619,-4.31679,0.543249
371,3.02977,-4.55392,0.177278
371,2.46704,-5.0157,1.04484
371,1.6018,-5.05673,0.0234945
371,2.54796,-4.90879,0.76477
371,2.23808,-5.10749,1.04356
371,2.84986,-4.67079,0.300714
371,2.62265,-4.96209,1.00818
371,2.10394,-5.07483,0.682628
371,2.74191,-4.73369,0.299826
371,2.55899,-4.99724,0.967395
371,3.98358,-4.32964,0.508957
371,2.23095,-5.14527,0.987441
371,3.1057,-4.63258,0.33927
371,3.07991,-4.65058,0.33842
371,1.62411,-5.12221,0.0301764
371,2.64482,-5.02657,1.02733
371,1.63708,-5.136,0.0533755
371,1.39982,-5.31939,0.373654
371,0.826312,-5.44104,0.0257553
371,1.63987,-5.13242,0.00464177
371,2.34681,-5.02439,0.552762
371,2.59682,-5.03415,0.923368
371,4.02397,-4.37846,0.487301
371,1.7271,-5.18245,0.229422
371,2.58685,-4.98008,0.665516
371,3.99262,-4.40563,0.515194
371,1.66025,-5.15485,0.0152127
371,1.38051,-5.35798,0.357191
371,4.04864,-4.38356,0.45217
371,4.03209,-4.40413,0.478411
371,4.02821,-4.40456,0.450426
371,4.05941,-4.39296,0.448298
371,2.59664,-5.0997,0.948873
371,4.0167,-4.43848,0.508247
371,3.11861,-4.74132,0.317288
371,2.99425,-5.06263,1.255
371,2.35159,-5.11518,0.536962
371,4.0361,-4.44934,0.440606
371,4.06096,-4.43309,0.412519
371,4.07807,-4.44237,0.436275
371,4.0473,-4.45645,0.400116
371,1.41992,-5.45622,0.404421
371,2.64939,-5.17073,1.03807
371,4.06139,-4.48066,0.325868
371,1.9461,-5.60985,1.40073
371,1.43246,-5.53059,0.385464
371,3.06977,-5.22753,1.24087
371,5.25273,-4.50801,1.62572
371,5.23693,-4.51525,1.61172
371,5.26287,-4.53372,1.63211
371,2.24351,-5.62895,1.40105
371,2.10936,-5.40344,0.401541
371,5.47129,-3.79612,-0.792205
371,2.27624,-5.67379,1.39458
371,5.54833,-3.80334,-0.846139
371,4.2112,-5.05439,1.76908
371,2.12951,-5.49705,0.387565
371,2.29465,-5.71903,1.39415
371,4.24087,-5.10328,1.76607
371,4.22749,-5.12786,1.796
371,4.25826,-5.1303,1.76307
371,4.24537,-4.72033,0.267876
371,4.23909,-4.7621,0.349671
371,4.23661,-4.74818,0.288051
371,2.2551,-5.81857,1.39629
371,5.87281,-4.48997,1.52516
371,3.17155,-5.45337,1.29569
371,4.02162,-4.85649,0.289987
371,4.29228,-5.18851,1.75497
371,4.0585,-4.87872,0.28678
371,2.7489,-5.62685,1.07476
371,4.33377,-5.2478,1.81198
371,5.93428,-4.58827,1.5301
371,2.17613,-5.80597,0.318749
371,4.11881,-5.10614,0.437534
371,4.19178,-5.08722,0.422345
371,5.64744,-4.86766,1.59314
371,4.1357,-5.11986,0.431253
371,4.1889,-5.11136,0.426966
371,1.48904,-6.44126,1.39926
371,4.39861,-4.99811,0.158765
371,4.18507,-5.11629,0.275127
371,5.70075,-4.93412,1.58653
371,4.25555,-5.19705,0.40769
371,4.46354,-5.10984,0.33241
371,4.19221,-5.17538,0.199305
371,5.81823,-4.91518,1.18785
371,5.83838,-4.99244,1.25283
371,4.55161,-5.21515,0.308454
371,5.87175,-5.0479,1.25188
371,4.32673,-5.32847,0.153089
371,4.36049,-5.37647,0.361626
371,4.33212,-5.33492,0.122527
371,5.93168,-5.04474,1.2406
371,2.04077,-6.63094,1.39257
371,2.02668,-6.64822,1.39056
371,1.70197,-6.90946,1.39078
371,2.00756,-6.83954,1.39185
371,3.47254,-6.28769,1.33181
371,1.75218,-7.2789,1.39579
371,3.61006,-6.59335,1.26921
371,2.17768,-4.21375,0.259514
370,2.17768,-4.21375,0.259514
371,3.1349,-4.55243,0.138872
370,3.1349,-4.55243,0.138872
371,1.19765,-5.09431,0.530591
370,1.19765,-5.09431,0.530591
371,3.10275,-4.90053,1.37515
370,3.10275,-4.90053,1.37515
371,0.569958,-3.67298,0.200794
370,0.569958,-3.67298,0.200794
371,1.63219,-5.01333,0.040142
304,1.63219,-5.01333,0.040142
371,2.69604,-4.7176,0.160097
304,2.69604,-4.7176,0.160097
371,3.87643,-4.69141,0.0821932
307,3.87643,-4.69141,0.0821932
371,3.68855,-4.35426,0.209644
307,3.68855,-4.35426,0.209644
371,2.05924,-4.98226,0.79408
307,2.05924,-4.98226,0.79408
371,4.08781,-4.98285,0.313508
307,4.08781,-4.98285,0.313508
371,4.22605,-4.74228,0.413863
307,4.22605,-4.74228,0.413863
371,1.64738,-4.88538,0.789683
298,1.64738,-4.88538,0.789683
371,2.59321,-4.85119,1.07258
298,2.59321,-4.85119,1.07258
371,2.58318,-4.79164,1.06981
298,2.58318,-4.79164,1.06981
371,2.02931,-4.59484,0.868234
298,2.02931,-4.59484,0.868234
371,5.37396,-3.72412,-0.357266
321,5.37396,-3.72412,-0.357266
371,5.35908,-3.71226,-0.354862
321,5.35908,-3.71226,-0.354862
371,5.51799,-4.65503,1.17441
329,5.51799,-4.65503,1.17441
372,2.7308,-1.97451,1.38523
372,3.53115,-1.60574,1.11158
372,3.52393,-1.65323,1.18015
372,3.5392,-1.62319,1.08651
372,3.54269,-1.66346,1.20577
372,3.53346,-1.64915,1.11347
372,3.54688,-1.60486,0.998224
372,3.59345,-1.65788,1.06599
372,3.59238,-1.66537,1.06806
372,3.60807,-1.67881,0.989198
372,3.61795,-1.70387,1.05796
372,3.61274,-1.70535,1.01726
372,3.62913,-1.71619,1.05466
372,3.62929,-1.70818,1.01648
372,3.63198,-1.69395,0.980691
372,3.63485,-1.72771,1.0526
372,3.63341,-1.56777,0.379943
372,3.66053,-1.57981,0.374407
372,3.53327,-1.68068,0.0678982
372,3.5922,-1.64289,0.0243986
372,3.60473,-1.63253,0.0150603
372,1.89631,-3.39514,-0.0246732
372,1.48017,-3.92235,0.456766
372,1.76868,-3.71067,0.463535
372,1.68375,-3.77033,0.44437
372,1.65132,-3.79572,0.437397
372,1.46532,-3.93644,0.434187
372,2.20693,-3.21037,-0.101152
372,1.89673,-3.48516,-0.0226529
372,2.14679,-3.28976,-0.145356
372,2.16784,-3.2788,-0.140072
372,2.16206,-3.28602,-0.141308
372,2.20679,-3.29363,-0.15178
372,2.16256,-3.32338,-0.162928
372,2.165,-3.322,-0.17011
372,2.46132,-3.19197,0.0487274
372,1.85898,-3.78952,0.437022
372,2.28966,-3.28914,-0.159162
372,2.294,-3.28727,-0.155096
372,2.19779,-3.4189,0.0125344
372,2.29161,-3.29255,-0.15395
372,2.3146,-3.28694,-0.152981
372,2.04287,-3.70961,0.457355
372,2.47254,-3.26257,0.0528194
372,1.86666,-3.84839,0.414215
372,2.46447,-3.29806,-0.0088383
372,2.46533,-3.30578,-0.00873375
372,2.44952,-3.30128,-0.0843188
372,2.47958,-3.32402,-0.000145912
372,2.35423,-3.30501,-0.342721
372,2.54477,-3.27941,-0.0567988
372,2.45695,-3.34954,-0.0940381
372,2.48877,-3.36219,-0.031659
372,2.49843,-3.37158,0.00913966
372,2.4944,-3.37395,-0.0270151
372,2.496,-3.38513,0.00416172
372,2.32042,-3.67849,0.458424
372,2.50451,-3.38571,0.00876796
372,2.49943,-3.39207,0.00796425
372,2.5408,-3.3649,0.00766098
372,2.51281,-3.3891,0.000814319
372,2.35617,-3.67769,0.456925
372,2.07997,-3.88075,0.409364
372,2.77212,-3.21669,-0.0210842
372,2.90183,-3.06152,-0.205508
372,2.78411,-3.22554,-0.0378705
372,2.46048,-3.48846,-0.0481637
372,2.51573,-3.62937,0.4692
372,2.78095,-3.2685,-0.040292
372,2.79591,-3.25885,-0.0418675
372,2.8039,-3.25502,-0.0432845
372,2.54647,-3.62545,0.469022
372,2.80747,-3.27856,-0.0609441
372,2.57841,-3.63658,0.46923
372,2.94035,-3.11342,-0.295777
372,2.62374,-3.33454,-0.441559
372,2.0069,-4.07566,0.334119
372,2.53321,-3.52712,-0.130006
372,2.52883,-3.55424,-0.14
372,3.2762,-3.07631,-0.0105428
372,3.56104,-3.01699,0.429625
372,3.28162,-3.08042,-0.0182472
372,2.6825,-3.39078,-0.429682
372,2.53162,-3.59615,-0.181497
372,3.57457,-3.03475,0.446998
372,3.08945,-3.23947,-0.0810589
372,3.12041,-3.2309,-0.0908058
372,3.58081,-3.07292,0.410978
372,3.38573,-3.08313,0.00655079
372,3.10314,-3.27732,-0.103634
372,3.40695,-3.08026,-0.0240862
372,3.59561,-3.09003,0.41393
372,3.53114,-3.00455,0.0131809
372,3.49547,-3.03243,-0.00559711
372,3.54403,-3.00655,0.00812399
372,3.37814,-3.1251,-0.015552
372,3.3994,-3.11255,-0.0151126
372,3.37177,-3.20677,0.196896
372,3.53384,-3.01936,0.00384867
372,2.97211,-3.60235,0.467283
372,3.36906,-3.13992,-0.0225207
372,3.55325,-3.02027,0.00445008
372,3.57451,-3.02311,-0.00369239
372,3.57504,-3.05274,0.0303856
372,3.5211,-3.0872,-0.028767
372,3.57746,-3.0653,0.029658
372,3.59217,-3.04092,-0.00978529
372,3.09857,-3.38708,-0.0916363
372,3.59622,-3.0613,0.0250022
372,3.54885,-3.08123,-0.0359222
372,3.54998,-3.11129,0.029736
372,2.77463,-3.82386,0.393822
372,3.28526,-3.4844,0.495152
372,3.62551,-3.06825,0.0130692
372,3.33301,-3.38931,0.296956
372,3.25342,-3.3764,0.0702479
372,3.0995,-3.45486,-0.0451086
372,3.09128,-3.4519,-0.0870091
372,3.62593,-3.07261,-0.0266818
372,3.67165,-3.0451,-0.0127655
372,3.20047,-3.19612,-0.604309
372,3.08266,-3.483,-0.049989
372,3.10047,-3.47235,-0.0591791
372,3.08539,-3.48625,-0.0592734
372,3.24818,-3.41204,0.0780767
372,3.24541,-3.41051,0.05195
372,3.12138,-3.47156,-0.0644637
372,2.19043,-4.30624,0.255434
372,3.12438,-3.49241,-0.0705473
372,3.1099,-3.51578,-0.0744355
372,3.09518,-3.52633,-0.0762593
372,2.05003,-4.73859,1.14719
372,1.63926,-4.92688,0.777037
372,3.73175,-3.06946,-0.049765
372,3.28071,-3.44661,0.0451627
372,1.6291,-4.97851,0.872073
372,3.50057,-3.39715,0.342091
372,3.14541,-3.52116,-0.0892147
372,3.27238,-3.47263,0.0389428
372,3.74736,-3.08507,-0.054875
372,1.65022,-4.95251,0.786341
372,3.71828,-3.25649,0.324153
372,2.01955,-4.7951,1.07004
372,1.61195,-5.04013,0.879182
372,2.0263,-4.82469,1.05792
372,2.20469,-4.44095,0.230289
372,2.22795,-4.43857,0.224558
372,2.29971,-4.42147,0.252725
372,2.27097,-4.49161,0.240696
372,2.37837,-4.70387,1.08384
372,1.99961,-4.72394,0.314632
372,2.05991,-4.92902,0.989412
372,1.6286,-4.94746,0.0782322
372,1.96779,-4.7789,0.324849
372,2.60956,-4.32025,0.28257
372,2.05758,-4.96634,0.94808
372,5.14467,-2.57122,0.718094
372,1.98068,-5.06804,1.05308
372,2.07477,-4.98512,0.993834
372,1.63414,-5.00524,0.0573058
372,2.4231,-4.75998,1.06002
372,2.61259,-4.34542,0.265095
372,5.15227,-2.59938,0.700176
372,1.66575,-5.01281,0.0938492
372,2.34672,-4.97957,1.40214
372,2.07084,-5.02113,0.885548
372,1.72608,-5.06997,0.268415
372,2.39267,-4.71511,0.676305
372,2.2905,-4.92221,1.05141
372,2.43573,-4.83912,1.06881
372,2.36908,-4.73389,0.618274
372,2.62195,-4.45291,0.267691
372,2.08218,-5.07162,0.828424
372,2.51103,-4.74331,0.806106
372,2.29539,-5.02301,1.0435
372,2.45192,-4.90976,1.05053
372,2.5162,-4.69322,0.560592
372,2.10658,-5.11806,0.858061
372,2.50335,-4.8105,0.735685
372,2.29265,-5.08091,1.03955
372,2.59564,-4.88266,1.05177
372,2.49438,-5.09295,1.3957
372,2.51935,-4.94248,0.9975
372,2.50674,-4.94035,0.909243
372,2.35905,-4.94795,0.575693
372,3.06183,-4.31253,0.224695
372,2.50754,-4.95991,0.883376
372,3.08805,-4.30988,0.245841
372,2.54695,-4.903,0.715876
372,3.03388,-4.39419,0.269638
372,2.58198,-4.9455,0.875108
372,5.17293,-3.14786,1.28802
372,5.22456,-3.15157,1.29807
372,2.27963,-5.27348,0.990621
372,5.21775,-2.98035,0.732734
372,5.23229,-3.16689,1.29796
372,5.23467,-2.9822,0.730325
372,5.24204,-2.98191,0.727344
372,3.12569,-4.39691,0.210398
372,2.27219,-5.32611,1.0238
372,2.35759,-5.09429,0.535252
372,2.26079,-5.33539,1.01217
372,5.2564,-2.98979,0.726691
372,2.66397,-5.06209,1.05243
372,2.26864,-5.34736,1.00796
372,2.68046,-5.06343,1.05069
372,5.25799,-3.20876,1.28558
372,5.35712,-2.9442,0.680932
372,2.58119,-5.11602,0.886644
372,2.85179,-4.71356,0.301485
372,2.62167,-5.11159,0.927642
372,3.06122,-4.5816,0.348793
372,5.29082,-3.23749,1.27896
372,5.30458,-3.23243,1.28664
372,2.68089,-5.16299,1.06042
372,2.6757,-5.16392,1.03711
372,5.29146,-3.08991,0.719016
372,2.36327,-5.225,0.514768
372,5.43981,-3.00729,0.670264
372,5.29206,-3.1371,0.714127
372,5.31523,-3.03747,0.456741
372,5.34516,-3.1261,0.774499
372,5.26785,-3.04781,0.282339
372,5.17182,-2.79148,-0.686408
372,2.87987,-4.85925,0.273288
372,3.14763,-4.67916,0.317251
372,5.18151,-2.79492,-0.712003
372,5.34387,-2.74374,-0.514898
372,3.11514,-4.71504,0.324698
372,2.86771,-4.88708,0.269847
372,5.36443,-3.185,0.766955
372,5.24369,-2.82499,-0.613364
372,3.12602,-4.76283,0.319348
372,4.75876,-3.37051,-0.180628
372,5.42882,-3.19354,0.761602
372,5.03849,-3.68616,1.28873
372,5.4076,-3.46178,1.29689
372,5.10997,-3.69694,1.2718
372,5.43596,-3.49491,1.3603
372,5.40752,-3.51357,1.28868
372,5.18489,-3.69063,1.29126
372,2.61781,-5.66616,1.39838
372,5.43227,-3.53188,1.31483
372,5.45128,-3.52919,1.3392
372,5.49769,-3.49256,1.3263
372,5.47666,-3.59879,1.5839
372,5.46824,-3.60547,1.57727
372,5.48568,-3.49948,1.30504
372,2.49694,-5.78315,1.39391
372,5.44812,-3.54366,1.33244
372,5.14386,-3.77245,1.28486
372,5.4855,-3.52905,1.29248
372,5.47549,-3.63971,1.55982
372,5.4815,-3.63945,1.55798
372,4.97626,-3.65742,0.451133
372,5.53921,-3.55203,1.30324
372,5.11228,-3.90224,1.34263
372,5.4756,-3.62171,1.30738
372,5.15735,-3.9396,1.51253
372,2.82296,-5.72775,1.4153
372,5.3683,-3.77305,1.28421
372,4.92509,-4.27232,1.7448
372,4.91803,-4.28096,1.72968
372,5.63058,-3.62644,1.3409
372,2.68485,-5.87572,1.41347
372,5.00057,-4.33262,1.74456
372,2.81504,-5.82768,1.19595
372,4.15928,-5.03414,1.79243
372,5.00558,-4.37949,1.7298
372,5.11438,-4.2523,1.50353
372,5.02634,-4.4005,1.73171
372,4.16358,-5.06478,1.75727
372,5.72612,-3.72489,1.23588
372,5.13572,-4.27519,1.5061
372,4.16097,-5.11244,1.79902
372,5.04543,-4.43402,1.73462
372,5.06902,-4.44352,1.75474
372,5.29898,-3.43031,-0.684899
372,4.15359,-4.63485,0.294846
372,5.08458,-4.439,1.73973
372,5.29807,-3.43958,-0.721177
372,5.31524,-3.44166,-0.732101
372,5.08599,-4.47506,1.75761
372,5.6038,-3.93942,1.30543
372,4.24482,-5.14691,1.84289
372,5.24681,-4.28061,1.51227
372,4.18016,-5.18396,1.79562
372,5.25752,-4.29037,1.50472
372,5.632,-3.94344,1.30636
372,4.21318,-5.21292,1.812
372,5.21246,-4.41202,1.62607
372,4.26483,-5.21669,1.81582
372,4.01153,-4.98937,0.466232
372,4.27948,-5.26308,1.78603
372,5.28534,-4.46595,1.65546
372,4.06296,-4.95228,0.321632
372,5.46576,-3.65572,-0.415493
372,5.5511,-4.19149,1.30124
372,4.04913,-4.9846,0.26655
372,5.319,-3.71126,-0.748045
372,5.32467,-3.71932,-0.733179
372,4.31436,-5.36583,1.82916
372,5.433,-3.71784,-0.516343
372,5.33149,-3.72324,-0.753936
372,4.10977,-5.04947,0.289384
372,4.07508,-5.12689,0.43577
372,2.61015,-6.59308,1.39183
372,5.40425,-4.56449,1.51452
372,5.38415,-4.61246,1.58817
372,5.49917,-4.57913,1.25116
372,5.59616,-4.78258,1.68338
372,5.20859,-4.31716,-0.522626
372,5.24055,-4.39428,-0.481784
372,5.78553,-5.14426,1.83236
372,5.98316,-4.64885,0.176348
372,4.96482,-11.3576,1.23814
372,3.18067,-4.68462,0.10677
371,3.18067,-4.68462,0.10677
372,3.17921,-4.68031,0.112985
371,3.17921,-4.68031,0.112985
372,3.04276,-4.27945,0.222794
371,3.04276,-4.27945,0.222794
372,2.15368,-3.26934,-0.135912
371,2.15368,-3.26934,-0.135912
372,2.47786,-4.82316,0.932224
371,2.47786,-4.82316,0.932224
372,2.40042,-3.12529,0.0232614
371,2.40042,-3.12529,0.0232614
372,2.54321,-3.10401,-0.26238
371,2.54321,-3.10401,-0.26238
372,4.39743,-4.88598,0.374919
371,4.39743,-4.88598,0.374919
372,2.43504,-3.24151,-0.0401766
371,2.43504,-3.24151,-0.0401766
372,2.97828,-4.97866,1.23621
371,2.97828,-4.97866,1.23621
372,2.47325,-4.8117,0.790065
370,2.47325,-4.8117,0.790065
372,1.89003,-3.47328,0.00380592
370,1.89003,-3.47328,0.00380592
372,2.05878,-4.88766,0.718424
370,2.05878,-4.88766,0.718424
372,2.11514,-5.32858,1.10232
370,2.11514,-5.32858,1.10232
372,2.17617,-4.72968,1.07656
370,2.17617,-4.72968,1.07656
372,2.53837,-5.15645,0.619655
307,2.53837,-5.15645,0.619655
372,2.52059,-5.18625,0.517772
307,2.52059,-5.18625,0.517772
372,2.93318,-4.02558,0.375099
307,2.93318,-4.02558,0.375099
372,2.43306,-5.25527,0.129058
307,2.43306,-5.25527,0.129058
372,3.85382,-1.65885,1.26366
329,3.85382,-1.65885,1.26366
372,2.64135,-4.41136,0.249603
304,2.64135,-4.41136,0.249603
372,2.79356,-3.14872,-0.0924857
321,2.79356,-3.14872,-0.0924857
372,3.64156,-3.12349,0.385117
203,3.64156,-3.12349,0.385117
372,3.60647,-3.10538,0.405319
203,3.60647,-3.10538,0.405319
372,5.31228,-3.47159,1.26953
203,5.31228,-3.47159,1.26953
372,5.39151,-2.23342,-0.450858
203,5.39151,-2.23342,-0.450858
372,2.28276,-4.52642,0.182079
369,2.28276,-4.52642,0.182079
372,2.32393,-4.44671,0.186849
369,2.32393,-4.44671,0.186849
373,3.45181,-1.46055,0.869688
373,3.47509,-1.21568,0.349483
373,3.47108,-1.61927,1.17632
373,3.47628,-1.62234,1.1743
373,3.43392,-1.32371,0.378623
373,3.47469,-1.53886,0.916442
373,3.49504,-1.61952,1.14509
373,3.5293,-1.64023,1.20771
373,3.51785,-1.62885,1.13675
373,3.52326,-1.62827,1.1448
373,3.54052,-1.63723,1.18961
373,3.43992,-1.39085,0.346499
373,3.5801,-1.56505,1.12485
373,3.55201,-1.64953,1.20636
373,3.52585,-1.5513,0.907295
373,3.59681,-1.5847,1.12749
373,3.41707,-1.459,0.321429
373,3.46015,-1.45117,0.370283
373,3.66971,-1.59842,1.27169
373,3.67231,-1.59974,1.27415
373,3.65357,-1.59899,1.15534
373,3.74317,-1.55416,1.27478
373,3.62247,-1.56577,0.935109
373,3.37138,-1.559,0.183813
373,3.44269,-1.445,0.136807
373,3.4731,-1.49056,0.281598
373,3.66384,-1.58633,1.04351
373,3.69493,-1.62533,1.21404
373,3.69209,-1.62885,1.21206
373,3.76412,-1.54707,1.21263
373,3.71084,-1.6137,1.19926
373,3.63094,-1.57445,0.880525
373,3.70048,-1.63535,1.2092
373,3.70812,-1.56549,1.06568
373,3.68221,-1.58349,1.02642
373,3.75639,-1.55844,1.1855
373,3.70442,-1.59442,1.10698
373,3.75695,-1.55864,1.1715
373,3.745,-1.59899,1.21371
373,3.74537,-1.56831,1.14462
373,3.72673,-1.62287,1.19732
373,3.64073,-1.59106,0.860661
373,3.66906,-1.59466,0.941512
373,3.79662,-1.55651,1.2182
373,3.7572,-1.62404,1.24085
373,3.64719,-1.59547,0.856593
373,3.69003,-1.53217,0.84085
373,3.71857,-1.59308,1.04963
373,3.79427,-1.56878,1.21853
373,3.71175,-1.60538,1.05325
373,3.72249,-1.58541,1.02635
373,3.80345,-1.57093,1.21759
373,3.73366,-1.59452,1.05953
373,3.49343,-1.47649,0.0984918
373,3.74017,-1.5828,1.04514
373,3.73095,-1.58351,1.01767
373,3.76762,-1.61726,1.19772
373,3.73112,-1.57311,0.994146
373,3.66784,-1.59446,0.853631
373,3.72191,-1.58431,0.990139
373,3.52196,-1.51928,0.251237
373,3.73948,-1.57824,1.01459
373,3.77426,-1.62057,1.19789
373,3.74892,-1.60206,1.0817
373,3.7375,-1.57725,0.991664
373,3.77623,-1.62154,1.1988
373,3.74331,-1.57502,0.990749
373,3.75881,-1.59235,1.06399
373,3.73821,-1.57651,0.968106
373,3.76422,-1.60595,1.10259
373,3.80794,-1.58392,1.18243
373,3.79123,-1.61922,1.20823
373,3.76413,-1.59276,1.06716
373,3.79687,-1.57814,1.12926
373,3.77561,-1.56799,1.04174
373,3.75923,-1.5688,0.988259
373,3.79607,-1.578,1.11493
373,3.80896,-1.59195,1.18212
373,3.7878,-1.63037,1.20014
373,3.79317,-1.56891,1.08091
373,3.79794,-1.61704,1.19657
373,3.81438,-1.58949,1.18273
373,3.79616,-1.5856,1.1146
373,3.81611,-1.62215,1.25088
373,3.7851,-1.5832,1.07047
373,3.81928,-1.59079,1.181
373,3.80772,-1.58765,1.13349
373,3.78583,-1.60342,1.1013
373,3.8014,-1.57659,1.0863
373,3.82567,-1.60307,1.21327
373,3.78959,-1.6027,1.09846
373,3.78868,-1.57565,1.03486
373,3.80779,-1.53896,1.00853
373,3.81614,-1.532,1.01776
373,3.8119,-1.587,1.11519
373,3.80751,-1.5756,1.07419
373,3.79859,-1.58965,1.07482
373,3.80956,-1.54195,1.00173
373,3.76256,-1.52763,0.833102
373,3.55261,-1.53343,0.226311
373,3.82437,-1.52768,1.00011
373,3.82145,-1.54082,1.01215
373,3.80939,-1.55236,1.00102
373,3.80281,-1.61015,1.09858
373,3.82067,-1.54475,1.00585
373,3.83777,-1.52941,1.01748
373,3.84561,-1.60952,1.21258
373,3.85079,-1.63262,1.23622
373,3.86188,-1.52037,0.960036
373,3.84871,-1.29279,0.418635
373,3.85753,-1.4757,0.835141
373,3.86957,-1.4679,0.84594
373,3.8247,-1.55436,0.897899
373,3.83562,-1.54612,0.908545
373,3.83322,-1.51772,0.836123
373,3.8623,-1.51836,0.918745
373,3.86002,-1.48997,0.845719
373,3.89924,-1.49666,0.973773
373,3.87629,-1.5231,0.95387
373,3.86908,-1.49419,0.86875
373,3.852,-1.49502,0.818322
373,3.87587,-1.49746,0.892443
373,3.84246,-1.53257,0.850222
373,3.88562,-1.53356,0.974712
373,3.88346,-1.53743,0.968508
373,3.84258,-1.49645,0.759716
373,3.8433,-1.6683,1.12995
373,3.88048,-1.48863,0.849307
373,3.83618,-1.56446,0.878778
373,3.91979,-1.19752,0.332302
373,3.9119,-1.50652,0.971916
373,3.8506,-1.49349,0.762976
373,3.88288,-1.50442,0.871004
373,3.90094,-1.52468,0.965212
373,3.89717,-1.51049,0.91176
373,3.90545,-1.52659,0.964222
373,3.85229,-1.54815,0.850025
373,3.84449,-1.56174,0.850885
373,3.87277,-1.54456,0.879888
373,3.87952,-1.48943,0.779616
373,3.90244,-1.52344,0.914657
373,3.81452,-1.56169,0.718202
373,3.88056,-1.55174,0.879263
373,3.90458,-1.53507,0.913167
373,2.46094,-3.10576,0.0700498
373,3.86671,-1.56088,0.845843
373,3.8377,-1.54511,0.721501
373,3.9091,-1.53138,0.896969
373,3.80176,-1.57907,0.680413
373,3.86788,-1.5548,0.819986
373,3.89945,-1.55099,0.902325
373,3.81491,-1.57433,0.704053
373,3.8003,-1.58912,0.684985
373,3.8907,-1.55775,0.874939
373,3.90738,-1.55242,0.905807
373,3.9106,-1.54274,0.890348
373,3.91825,-1.28863,0.362388
373,3.62843,-1.59824,0.180037
373,3.84062,-1.56434,0.724988
373,3.80998,-1.58517,0.678097
373,3.91126,-1.54273,0.869212
373,3.81486,-1.5848,0.676706
373,3.90976,-1.56431,0.898978
373,4.01468,-1.18446,0.361626
373,3.95731,-1.28239,0.398896
373,3.94113,-1.30111,0.356125
373,3.64357,-1.59986,0.128351
373,3.64904,-1.60797,0.125939
373,3.59921,-1.60954,-0.0268453
373,3.84857,-1.60037,0.669019
373,3.60646,-1.61184,-0.0389503
373,3.60743,-1.64739,0.00622487
373,3.94565,-1.35849,0.371575
373,3.60682,-1.64881,-0.000885248
373,3.85168,-1.62542,0.664227
373,3.61099,-1.65232,-0.00336051
373,3.85432,-1.63621,0.657643
373,3.58789,-1.70422,-0.0202303
373,3.6626,-1.63723,0.00138128
373,3.97913,-1.37767,0.350599
373,3.98701,-1.38025,0.349563
373,3.98779,-1.38172,0.346099
373,3.62456,-1.76915,-0.043581
373,3.63289,-1.77791,-0.0212895
373,3.66119,-1.77583,-0.0253344
373,4.09685,-1.45152,0.314476
373,4.10386,-1.46126,0.304517
373,4.10309,-1.47041,0.307651
373,2.76142,-3.2067,-0.127852
373,2.79811,-3.17292,-0.11014
373,2.73943,-3.30575,-0.0177796
373,2.76966,-3.25234,-0.0450633
373,2.75229,-3.30988,-0.0205361
373,2.81534,-3.1805,-0.114999
373,2.81789,-3.17975,-0.114602
373,2.86441,-3.16353,-0.107674
373,2.87185,-3.16172,-0.100445
373,2.87491,-3.15996,-0.107454
373,2.91422,-3.15641,-0.116934
373,5.13566,-1.10361,1.59063
373,5.14565,-1.12354,1.58237
373,5.15765,-1.11647,1.59246
373,5.15685,-1.1183,1.59258
373,3.08363,-3.20658,-0.0725849
373,3.0886,-3.2226,-0.0665598
373,3.20191,-3.24719,0.302411
373,3.1031,-3.24077,-0.0797774
373,3.26642,-3.08908,0.0176421
373,3.26953,-3.09721,0.0061295
373,3.2813,-3.08037,-0.00041306
373,3.26747,-3.11791,0.0191458
373,3.04567,-3.43521,-0.0176544
373,5.32717,-1.13784,1.67718
373,3.31047,-3.10725,-0.0375954
373,3.23271,-3.29515,0.101274
373,5.35037,-1.15347,1.67995
373,3.2227,-3.31405,0.100789
373,3.38379,-3.04768,-0.0160369
373,3.22236,-3.32595,0.0978639
373,3.39565,-3.06468,-0.0280623
373,3.09236,-3.4916,-0.0678476
373,3.25809,-3.32107,0.0242934
373,3.41833,-3.09055,-0.00875819
373,3.10823,-3.49431,-0.0677873
373,3.12915,-3.47,-0.0708718
373,3.13998,-3.21691,-0.588838
373,3.41453,-3.10923,-0.0196157
373,3.51781,-2.99763,0.0142413
373,3.10733,-3.51397,-0.0818431
373,3.1167,-3.5139,-0.0955422
373,3.15379,-3.23572,-0.602268
373,3.12065,-3.51012,-0.109146
373,3.5314,-3.00926,0.00653338
373,5.4525,-1.14578,1.61006
373,3.55391,-2.99499,0.0189263
373,3.24547,-3.42754,0.0389782
373,3.156,-3.24942,-0.611802
373,3.54003,-3.01275,-0.00340319
373,3.49512,-3.07056,-0.0184827
373,3.13118,-3.53723,-0.0784754
373,3.14491,-3.5299,-0.0940205
373,5.13698,-1.04412,0.378615
373,3.56099,-3.01496,-0.000708461
373,3.57273,-3.02106,0.00155044
373,5.57609,-1.07267,1.62804
373,3.67313,-3.09781,0.40834
373,3.35095,-3.55472,0.44569
373,5.5973,-1.10274,1.72913
373,3.59104,-3.02694,-0.00814021
373,3.67411,-3.1018,0.392634
373,3.34533,-3.59457,0.431894
373,3.67365,-3.13812,0.391099
373,5.20319,-1.05721,0.370332
373,3.67595,-3.13854,0.378246
373,3.49198,-3.37165,0.337381
373,3.68758,-3.13502,0.392964
373,3.68269,-3.14552,0.387367
373,5.22841,-1.06594,0.427757
373,5.67371,-1.08831,1.74622
373,3.46502,-3.43562,0.320764
373,3.48383,-3.41151,0.317671
373,3.46276,-3.44691,0.317229
373,3.6807,-3.17974,0.362007
373,3.68067,-3.19685,0.363137
373,3.68613,-3.19182,0.356609
373,5.27654,-1.04108,0.365727
373,3.38284,-3.68565,0.433716
373,3.49158,-3.48515,0.30873
373,3.7138,-3.20708,0.356933
373,3.58485,-3.23326,0.0314039
373,3.70294,-3.22954,0.341339
373,3.53756,-3.45371,0.314428
373,3.50873,-3.49732,0.323653
373,5.70225,-1.1764,1.73946
373,3.55009,-3.45642,0.308942
373,3.53198,-3.50746,0.314008
373,5.27979,-1.1635,0.378158
373,3.40914,-3.7243,0.41707
373,3.61177,-3.27321,0.00458467
373,3.58981,-3.30332,-0.00152266
373,5.00114,-1.57726,0.390757
373,3.53448,-3.53733,0.307692
373,5.33358,-1.17203,0.365158
373,3.02218,-4.28369,0.294647
373,5.06236,-1.61336,0.377781
373,5.81991,-1.26719,1.78133
373,3.11031,-4.28239,0.27634
373,3.48293,-3.87227,0.375511
373,3.47813,-3.8934,0.373533
373,3.12207,-4.8062,1.24873
373,3.49412,-3.93634,0.3616
373,5.18366,-1.6294,0.128829
373,3.09958,-4.57176,0.349975
373,5.55875,-1.2275,0.335555
373,3.11564,-4.57992,0.372535
373,5.61289,-1.21865,0.390231
373,5.28586,-1.64272,0.301617
373,5.92505,-1.07138,0.818308
373,3.18319,-5.06842,1.23948
373,5.34176,-1.65918,0.116579
373,3.24295,-5.35529,1.31705
373,5.49332,-1.8941,-0.15968
373,5.51136,-1.8829,-0.16848
373,5.50174,-1.91494,-0.166892
373,5.56101,-1.93913,-0.193038
373,5.58609,-2.08121,0.0467207
373,4.09934,-4.9215,1.76975
373,4.08256,-4.37233,0.339532
373,5.09869,-2.60679,-0.530389
373,5.03656,-2.70336,-0.634649
373,4.14007,-5.08505,1.78175
373,4.13116,-5.11786,1.79129
373,5.15663,-2.6412,-0.558556
373,4.12358,-5.13469,1.78488
373,5.28772,-3.09619,0.72188
373,5.34969,-3.04821,0.771816
373,5.31136,-3.08909,0.728095
373,5.12963,-2.7586,-0.564747
373,5.31405,-3.10272,0.716415
373,4.21026,-5.10111,1.78949
373,4.85466,-3.34249,-0.122893
373,5.14007,-2.77443,-0.555122
373,5.10008,-2.80021,-0.617011
373,5.11123,-2.79326,-0.684261
373,5.43901,-2.96825,0.646869
373,5.48354,-3.22588,1.30552
373,5.44231,-3.27769,1.29166
373,5.47761,-3.24529,1.30623
373,5.12232,-3.72834,1.28231
373,5.13355,-2.83408,-0.640757
373,5.37449,-3.18616,0.701777
373,4.89125,-3.4355,-0.240537
373,4.32265,-5.15309,1.79436
373,5.44805,-3.15258,0.743269
373,4.1917,-4.72918,0.42249
373,5.50073,-3.12819,0.768758
373,5.51969,-3.34856,1.28716
373,5.26222,-3.70921,1.2948
373,4.21075,-4.6752,0.277683
373,5.19856,-3.93686,1.51809
373,5.02525,-3.41681,-0.194714
373,5.37782,-3.1526,0.261297
373,5.29428,-3.77924,1.29738
373,4.10753,-4.97905,0.344461
373,5.50048,-3.26144,0.689913
373,4.10483,-5.01572,0.330295
373,4.08162,-5.04916,0.331997
373,4.24604,-4.86514,0.407962
373,4.09542,-5.0366,0.330105
373,4.09657,-5.02626,0.310083
373,4.10503,-5.06383,0.401322
373,4.10683,-5.04792,0.357461
373,4.12322,-5.08347,0.440239
373,4.1407,-5.0885,0.435794
373,4.26834,-4.92491,0.385849
373,4.1125,-5.13726,0.345739
373,5.61017,-3.57035,1.32584
373,4.118,-5.12385,0.284619
373,5.64473,-3.54763,1.33617
373,5.59482,-3.61236,1.32754
373,6.04613,-2.24726,-0.402456
373,4.16864,-5.18529,0.427436
373,5.02142,-3.56159,-0.5873
373,5.60968,-3.6559,1.26491
373,5.68647,-3.70969,1.60206
373,5.41953,-3.39593,0.0772486
373,5.20795,-3.35125,-0.663084
373,5.43785,-3.38962,0.0384399
373,4.1795,-5.26584,0.39248
373,5.3631,-4.1914,1.52639
373,4.19219,-5.26165,0.402992
373,5.09789,-3.59802,-0.559733
373,5.70829,-3.77453,1.58823
373,5.22707,-3.40297,-0.65036
373,5.46083,-3.41495,0.0476912
373,5.22259,-3.53293,-0.403087
373,5.60609,-3.46684,0.574206
373,5.50862,-3.35947,0.0423806
373,5.26428,-3.53532,-0.322594
373,5.22034,-3.55866,-0.407479
373,5.50549,-3.38421,0.0436548
373,4.19411,-5.33757,0.302874
373,5.13748,-3.62384,-0.632591
373,5.41467,-4.26047,1.52852
373,5.22539,-3.6198,-0.43226
373,5.23926,-3.49427,-0.710838
373,5.24296,-3.62098,-0.439802
373,5.16097,-3.65241,-0.657227
373,5.3491,-3.56419,-0.357261
373,5.32631,-4.51381,1.58466
373,5.37721,-4.55811,1.66144
373,5.26773,-3.63649,-0.705483
373,5.26723,-3.67821,-0.720884
373,5.31471,-3.72642,-0.487362
373,5.29577,-3.75357,-0.519261
373,5.39665,-4.6229,1.58818
373,5.38043,-4.57495,1.27411
373,5.44907,-4.64913,1.58354
373,5.38819,-4.6324,1.27446
373,5.15885,-4.24417,-0.497037
373,5.22657,-4.37266,-0.487409
373,5.36861,-4.61505,-0.583292
373,5.78855,-5.34157,1.34802
373,3.50916,-2.95711,0.0340975
372,3.50916,-2.95711,0.0340975
373,3.23641,-3.42374,-0.215259
372,3.23641,-3.42374,-0.215259
373,4.78085,-4.15246,1.71809
372,4.78085,-4.15246,1.71809
373,3.88419,-1.62827,1.26693
372,3.88419,-1.62827,1.26693
373,3.93111,-1.6427,1.2635
372,3.93111,-1.6427,1.2635
373,5.33783,-3.01386,0.38383
372,5.33783,-3.01386,0.38383
373,3.86698,-1.62309,1.26889
372,3.86698,-1.62309,1.26889
373,4.17114,-4.4836,0.427863
372,4.17114,-4.4836,0.427863
373,3.86937,-1.6241,1.27038
372,3.86937,-1.6241,1.27038
373,5.16431,-3.44642,-0.26729
372,5.16431,-3.44642,-0.26729
373,3.91024,-4.66532,0.533582
371,3.91024,-4.66532,0.533582
373,4.21231,-4.65302,0.456796
371,4.21231,-4.65302,0.456796
373,3.89236,-1.53711,0.903865
329,3.89236,-1.53711,0.903865
373,3.83353,-1.59859,1.27698
329,3.83353,-1.59859,1.27698
373,3.77445,-1.54988,1.27095
329,3.77445,-1.54988,1.27095
373,3.82568,-1.59069,1.2781
329,3.82568,-1.59069,1.2781
373,3.97583,-1.72547,1.2791
329,3.97583,-1.72547,1.2791
373,3.84583,-1.60873,1.27823
329,3.84583,-1.60873,1.27823
373,5.29291,-3.43725,-0.378939
203,5.29291,-3.43725,-0.378939
373,3.99906,-1.47512,0.631407
349,3.99906,-1.47512,0.631407
373,5.88687,-2.46709,-0.524397
202,5.88687,-2.46709,-0.524397
374,3.4423,-1.21326,0.367081
374,3.45747,-1.21474,0.364832
374,3.42364,-1.31369,0.349266
374,3.62652,-1.59707,1.27779
374,3.63509,-1.60015,1.27605
374,3.64286,-1.59639,1.27609
374,3.6474,-1.5992,1.27877
374,3.65859,-1.60007,1.27813
374,3.50697,-1.31935,0.381261
374,3.70868,-1.62184,1.28166
374,3.70925,-1.62297,1.25342
374,3.72449,-1.63178,1.28862
374,3.50981,-1.48802,0.338092
374,3.72387,-1.60279,1.13317
374,3.79245,-1.55677,1.29292
374,3.53438,-1.48215,0.331442
374,3.75634,-1.62774,1.22458
374,3.79086,-1.57826,1.27388
374,3.79092,-1.59189,1.28381
374,3.78528,-1.60373,1.25477
374,3.80895,-1.57013,1.28771
374,3.80397,-1.59812,1.27289
374,3.8054,-1.59746,1.27656
374,3.76068,-1.59375,1.11713
374,3.79213,-1.58061,1.19363
374,3.56332,-1.49149,0.317068
374,3.76776,-1.63759,1.18014
374,3.78162,-1.6268,1.20402
374,3.76459,-1.59593,1.10454
374,3.77201,-1.5971,1.11112
374,3.79467,-1.6216,1.21031
374,3.79681,-1.56605,1.14425
374,3.80016,-1.61597,1.21703
374,3.77791,-1.57722,1.08536
374,3.76351,-1.64301,1.12216
374,3.79351,-1.63317,1.20488
374,3.78573,-1.56899,1.09447
374,3.7862,-1.57539,1.09132
374,3.82027,-1.62795,1.25711
374,3.79837,-1.56567,1.09232
374,3.79785,-1.56915,1.08937
374,3.79607,-1.56918,1.08224
374,3.83084,-1.62594,1.23632
374,3.83635,-1.62831,1.24559
374,3.8365,-1.61415,1.22076
374,3.81937,-1.59348,1.11351
374,3.55561,-1.53546,0.0980809
374,3.52804,-1.59784,0.0692955
374,3.8345,-1.56411,0.882543
374,3.8573,-1.18382,0.368317
374,3.85955,-1.29574,0.410609
374,3.87398,-1.27437,0.39499
374,3.90835,-1.57831,0.882753
374,3.87446,-1.30165,0.405348
374,3.95375,-1.55916,0.95198
374,3.89226,-1.30977,0.403201
374,3.60609,-1.75174,0.00433719
374,3.8886,-1.33696,0.394617
374,3.61078,-1.72891,-0.0308092
374,3.60613,-1.76572,-0.00290573
374,3.9655,-1.53601,0.884318
374,3.92813,-1.59904,0.831519
374,3.95823,-1.57939,0.904778
374,3.61902,-1.74917,-0.0037744
374,3.6301,-1.74785,-0.00342381
374,3.98103,-1.57708,0.887906
374,4.01023,-1.55034,0.949132
374,3.65041,-1.71874,-0.0262085
374,3.9722,-1.59911,0.860395
374,3.97768,-1.59564,0.8524
374,3.98212,-1.59758,0.857963
374,4.7632,0.359552,0.902547
374,3.9878,-1.54255,0.783058
374,4.0079,-1.23177,0.36693
374,3.99896,-1.29362,0.378236
374,3.9991,-1.29376,0.37695
374,3.99458,-1.59534,0.731994
374,4.03247,-1.59619,0.771739
374,4.03352,-1.59853,0.726067
374,3.77492,-1.74394,-0.0122352
374,4.47906,-0.0689832,0.0640448
374,3.37334,-3.04147,-0.00146115
374,3.39097,-3.05718,0.0265775
374,3.3558,-3.12377,-0.0101887
374,3.39053,-3.06082,0.0145651
374,3.38157,-3.08405,0.0136065
374,4.84148,0.384121,0.376617
374,5.09872,0.0786729,1.59524
374,3.38676,-3.09068,-0.000155926
374,3.37506,-3.12248,-0.010355
374,4.79977,-0.627687,1.40652
374,3.48727,-3.03311,-0.00859797
374,5.24647,0.089577,1.68714
374,3.53446,-3.07246,0.0358382
374,4.62875,-0.0929437,-0.182387
374,5.24681,0.102481,1.59936
374,3.55027,-3.01789,0.00303638
374,4.83827,-0.119307,0.527986
374,3.60205,-2.93875,0.0439122
374,3.54075,-3.0926,0.033121
374,3.57945,-3.01102,0.0199804
374,3.57272,-3.03912,0.0217184
374,4.62112,-0.197004,-0.170421
374,4.63219,-0.221469,-0.104956
374,4.60818,-0.261096,-0.148208
374,5.33425,0.190153,1.64039
374,5.04354,-0.49882,1.55056
374,5.04241,-0.518098,1.55294
374,5.37822,0.195397,1.72458
374,3.61416,-3.29199,0.370376
374,3.58528,-3.12873,0.0265703
374,4.90095,-0.12329,0.507648
374,3.68461,-3.1511,0.368596
374,3.63101,-3.03877,0.0205159
374,3.71004,-3.13535,0.383567
374,5.08713,-0.502202,1.54723
374,3.66336,-2.9745,0.012503
374,5.39277,0.206353,1.63595
374,3.7152,-3.1403,0.38544
374,3.59955,-3.15344,0.0200306
374,3.64607,-3.06114,0.0209444
374,5.41847,0.209557,1.65396
374,3.60553,-3.19749,0.0401314
374,3.6713,-3.02587,-0.00263393
374,3.71411,-3.2,0.359621
374,4.99812,-0.0381788,0.53392
374,3.71373,-3.21667,0.34792
374,3.73463,-3.22345,0.355374
374,4.75005,-0.16047,-0.249678
374,4.76931,-0.0986475,-0.269003
374,4.4887,-1.41408,0.369705
374,4.76801,-0.236123,-0.2547
374,3.74693,-3.1835,0.0876105
374,5.22273,0.482787,0.237459
374,5.20779,-0.804548,1.68547
374,4.5744,-1.43049,0.362374
374,4.9104,-0.179303,-0.342331
374,4.63611,-1.45114,0.338091
374,4.94873,-0.105982,-0.37759
374,5.21818,-0.512995,0.979246
374,5.45312,0.0749047,0.790854
374,5.08687,-0.502039,0.317706
374,4.79719,-1.38643,0.363907
374,5.33476,-0.511021,0.950573
374,5.13684,-0.511555,0.296624
374,5.32248,-1.15859,1.60872
374,5.3673,-1.08658,1.64041
374,5.38802,-1.14343,1.6591
374,5.43436,-0.516579,0.944114
374,5.62736,0.641747,0.0677147
374,5.45376,0.0597235,0.180626
374,5.45534,-1.09067,1.61584
374,5.12327,-1.02475,0.399326
374,5.49212,-1.07987,1.6609
374,5.48749,-1.21133,1.76964
374,5.69808,0.664159,0.0523435
374,5.53691,-1.00796,1.65657
374,5.53888,-0.467867,0.934768
374,5.5359,-0.461051,0.914139
374,5.52084,-0.457862,0.853045
374,5.53896,-0.467416,0.92379
374,5.54073,-0.471662,0.855414
374,5.55997,-0.465006,0.843091
374,5.58197,-1.03946,1.64617
374,5.56884,-0.46319,0.83233
374,5.59955,-1.10491,1.74656
374,5.60138,-1.01986,1.62365
374,5.22413,-1.03376,0.389103
374,5.61196,-1.09188,1.73909
374,5.61173,-0.459414,0.909762
374,5.61278,-1.11021,1.74081
374,5.62014,-1.10606,1.74799
374,5.61987,-0.46189,0.910091
374,5.21213,-1.13528,0.419394
374,5.24557,-1.02228,0.384251
374,5.62336,-0.461302,0.908099
374,5.22355,-1.11987,0.417594
374,5.20743,-1.15274,0.400988
374,5.64303,-1.01932,1.66186
374,4.93989,-1.6733,0.158355
374,5.86136,-0.477849,1.61331
374,5.63856,-1.0582,1.61257
374,5.63706,-1.23584,1.45164
374,5.44546,-1.06525,0.485636
374,5.37172,-1.20424,0.393309
374,5.60951,-0.987503,0.876392
374,5.62657,-0.998071,0.875088
374,5.71197,-0.37508,0.321427
374,5.40829,-1.20658,0.382717
374,5.40436,-1.23826,0.371742
374,5.66078,-0.998215,0.871934
374,5.42956,-1.22762,0.368537
374,5.28752,-1.66292,0.316387
374,5.47411,-1.24514,0.393286
374,5.51073,-1.1915,0.423362
374,5.48959,-1.26616,0.386614
374,5.8371,-0.372584,0.301016
374,5.51025,-1.30005,0.374182
374,5.56168,-1.23194,0.44807
374,5.52361,-1.31436,0.38077
374,5.5971,-1.23327,0.442541
374,5.5717,-1.28972,0.405899
374,5.57415,-1.2941,0.401319
374,5.69593,-1.1021,0.489869
374,5.70282,-1.08528,0.487417
374,5.926,0.24589,-0.518159
374,5.72366,-1.067,0.483444
374,5.61551,-1.3268,0.411149
374,5.76297,-1.07172,0.473397
374,5.76336,-1.17741,0.55204
374,5.78117,-1.08157,0.470797
374,5.77211,-1.11688,0.474678
374,5.80794,-1.10862,0.466376
374,6.0383,0.267454,-0.583481
374,5.90772,-1.21738,0.516384
374,5.18164,-2.95475,0.327957
374,5.23982,-2.99441,0.436211
374,5.2142,-3.02303,0.302902
374,6.07766,-1.13169,0.711363
374,6.18821,0.363388,-0.892908
374,5.23766,-3.02441,0.302956
374,6.24463,0.330037,-0.680962
374,5.28174,-3.70514,1.2931
374,5.2975,-3.70156,1.30335
374,5.26766,-3.76825,1.26917
374,5.277,-3.76957,1.27219
374,6.2678,0.313518,-0.703607
374,5.3117,-3.71385,1.31038
374,4.90042,-3.43838,-0.429679
374,4.99539,-3.41562,-0.183681
374,6.24358,0.367267,-0.923656
374,5.70237,-1.97673,0.290123
374,5.10975,-2.76983,-0.677694
374,5.6339,-1.9523,-0.00803769
374,5.32917,-3.76652,1.2869
374,5.33569,-3.76907,1.29098
374,5.11848,-2.80337,-0.683885
374,5.22985,-4.50741,1.76552
374,6.36978,0.3707,-0.747532
374,5.45697,-2.31572,-0.317413
374,5.02216,-3.50278,-0.294001
374,5.2305,-4.5906,1.77049
374,5.00954,-3.52268,-0.34515
374,5.17768,-3.75621,0.409914
374,5.19279,-3.73951,0.401868
374,5.26857,-4.66449,1.78344
374,5.1989,-2.88686,-0.737253
374,5.63325,-3.40422,1.28871
374,5.09644,-3.305,-0.633941
374,5.50643,-3.74,1.22731
374,5.90981,-1.86922,0.113464
374,5.12877,-3.32056,-0.623298
374,5.64543,-3.72313,1.58979
374,5.13183,-3.33586,-0.626966
374,5.07454,-3.57518,-0.53045
374,5.38472,-4.40247,1.52635
374,5.13556,-3.55799,-0.387305
374,5.16296,-3.33154,-0.59802
374,5.20248,-3.26342,-0.571083
374,5.5516,-3.78834,1.25554
374,5.6909,-3.46383,1.27541
374,5.48305,-3.49923,0.59551
374,5.76782,-2.18335,-0.179968
374,5.34358,-4.80995,1.78917
374,5.2225,-3.28584,-0.583809
374,5.80267,-2.24294,-0.0264175
374,5.19488,-3.42019,-0.547971
374,5.20056,-3.41021,-0.549424
374,5.61214,-3.79511,1.29291
374,5.41019,-4.62708,1.67631
374,5.80709,-2.2587,-0.0611138
374,5.77945,-2.1625,-0.279573
374,5.34069,-2.97756,-0.697398
374,5.82462,-2.21293,-0.0850472
374,5.83651,-2.22648,-0.0367141
374,5.83278,-2.21525,-0.0666134
374,5.22285,-3.40541,-0.561117
374,5.18595,-3.45134,-0.626158
374,5.23622,-3.56746,-0.318976
374,5.83226,-2.23736,-0.068138
374,5.26479,-3.51073,-0.312375
374,5.14694,-3.54122,-0.662954
374,5.83699,-2.25292,-0.0387406
374,5.40127,-4.69887,1.66036
374,5.84017,-2.20638,-0.113651
374,5.73455,-3.61581,1.34499
374,5.27814,-3.50053,-0.319094
374,5.47048,-4.45644,1.53948
374,5.30314,-3.48476,-0.325715
374,5.2919,-3.52066,-0.324775
374,5.14662,-3.62623,-0.68854
374,5.84057,-2.26743,-0.210247
374,5.45043,-4.72954,1.64549
374,5.32165,-3.55848,-0.332478
374,5.32998,-3.54296,-0.325104
374,5.81215,-3.81042,1.60764
374,5.41504,-3.02357,-0.741754
374,5.79948,-3.71665,1.34579
374,5.20513,-3.67338,-0.687758
374,5.82073,-3.67109,1.34322
374,5.81788,-3.70517,1.31923
374,5.50689,-4.74987,1.57135
374,5.62751,-4.42773,1.53467
374,5.62239,-4.46507,1.5565
374,5.50422,-4.65547,1.26336
374,5.48943,-3.10203,-0.790642
374,5.96686,-2.33648,-0.268012
374,5.52853,-4.72023,1.26297
374,5.26251,-4.49193,-0.52461
374,5.32405,-4.35131,-0.542114
374,5.33897,-4.3481,-0.551815
374,5.38951,-4.43795,-0.357996
374,5.42779,-4.49788,-0.381972
374,5.38903,-4.47726,-0.612312
374,5.40609,-4.52242,-0.548166
374,5.35364,-4.6501,-0.592714
374,5.35846,-4.66074,-0.613893
374,5.35297,-4.70795,-0.616876
374,5.37941,-4.70324,-0.619162
374,5.44537,-4.5832,-0.570933
374,5.4691,-4.75722,-0.413574
374,12.5085,0.198088,2.49621
374,4.24199,-1.27809,0.555487
373,4.24199,-1.27809,0.555487
374,5.00277,-1.48043,0.305615
373,5.00277,-1.48043,0.305615
374,3.81569,-1.47978,0.83146
373,3.81569,-1.47978,0.83146
374,3.863,-1.46296,0.789724
329,3.863,-1.46296,0.789724
374,3.88819,-1.48522,0.784274
329,3.88819,-1.48522,0.784274
374,3.88102,-1.48123,0.788972
329,3.88102,-1.48123,0.788972
374,3.86316,-1.46489,0.793194
329,3.86316,-1.46489,0.793194
374,3.70627,-1.59419,1.1514
329,3.70627,-1.59419,1.1514
374,3.6283,-1.53872,1.20718
329,3.6283,-1.53872,1.20718
374,5.3395,-1.03318,1.62629
329,5.3395,-1.03318,1.62629
374,3.8379,-1.65546,1.24087
329,3.8379,-1.65546,1.24087
374,5.11593,-3.48052,-0.295036
349,5.11593,-3.48052,-0.295036
374,3.80062,-1.60689,1.09563
203,3.80062,-1.60689,1.09563
374,5.49403,-1.23189,1.77077
70,5.49403,-1.23189,1.77077
374,5.34777,-0.698828,1.39726
70,5.34777,-0.698828,1.39726
374,3.89573,-1.51397,0.745694
70,3.89573,-1.51397,0.745694
374,5.45514,-3.43581,1.31327
70,5.45514,-3.43581,1.31327
374,3.89673,-1.51681,0.751571
70,3.89673,-1.51681,0.751571
374,3.86102,-1.4969,0.756936
70,3.86102,-1.4969,0.756936
374,3.54394,-1.30337,0.867179
70,3.54394,-1.30337,0.867179
374,5.75946,-1.24787,0.997811
70,5.75946,-1.24787,0.997811
374,9.43806,1.5103,-0.774033
70,9.43806,1.5103,-0.774033
374,5.9865,-4.1724,1.25707
70,5.9865,-4.1724,1.25707
374,5.5508,-2.08352,0.00280436
202,5.5508,-2.08352,0.00280436
374,3.88564,-1.52281,0.84896
351,3.88564,-1.52281,0.84896
375,2.12626,-0.0460316,1.43827
375,2.16121,0.00689153,1.40282
375,2.2731,-0.0480814,1.33509
375,2.27668,-0.0393148,1.33792
375,2.51644,-0.0015655,1.23434
375,2.51998,-0.000544603,1.23609
375,2.55919,-0.183716,1.42464
375,2.54752,0.00982984,1.26114
375,2.55908,-0.000479813,1.16905
375,2.57305,0.0127995,1.20715
375,2.57552,-0.012498,1.15163
375,2.65217,-0.103327,1.22872
375,2.77855,0.0197869,1.3714
375,3.66852,-0.306962,1.49757
375,3.41225,-1.38322,0.413421
375,3.45796,-1.21649,0.359318
375,3.44866,-1.40734,0.394039
375,3.45306,-1.32965,0.373473
375,3.46393,-1.21313,0.362453
375,3.47369,-1.33592,0.362192
375,3.5057,-1.55612,0.513459
375,3.50723,-1.23258,0.342576
375,3.86086,0.919908,0.684125
375,3.78437,-1.54575,1.21277
375,3.78962,-1.60794,1.20616
375,3.82374,-1.59383,1.28807
375,3.8174,-1.58584,1.14117
375,3.69528,-1.30926,0.37966
375,4.27596,0.701078,1.58042
375,3.76401,-1.2507,0.371397
375,3.77356,-1.4725,0.400668
375,4.26417,1.10231,1.05022
375,3.80915,-1.17582,0.338899
375,4.24667,1.11657,0.979307
375,3.89179,-1.19489,0.384424
375,3.8916,-1.30022,0.403061
375,4.27362,0.772592,0.798367
375,4.13423,0.00848676,0.533632
375,4.23629,0.579301,0.557853
375,4.0824,-1.67125,0.810631
375,4.0265,-1.18708,0.362451
375,4.02155,-1.24366,0.364248
375,4.02939,-1.28398,0.347919
375,4.12469,-1.67469,0.838058
375,4.1155,-1.69392,0.797458
375,4.05656,-1.17358,0.368648
375,4.70788,1.04639,1.73888
375,4.48612,0.0408558,1.29134
375,4.2633,0.571062,0.274582
375,4.63992,0.827745,1.50468
375,4.48309,1.1937,0.543068
375,4.45243,0.759579,0.486234
375,4.65864,0.869807,0.916089
375,4.64198,0.313291,0.955991
375,4.44813,0.25221,0.260137
375,4.7567,0.902717,1.05933
375,4.79562,0.86728,1.20924
375,4.74079,0.257295,1.18269
375,4.71602,0.222284,1.08259
375,4.49371,0.263537,0.270264
375,4.71247,0.31845,1.01173
375,4.61521,0.277711,0.54935
375,4.53765,0.239238,0.253085
375,4.60245,0.255418,0.323541
375,4.93345,0.431895,1.42165
375,4.86836,0.479776,1.14965
375,4.76954,0.339747,0.82879
375,4.92544,-0.108741,1.53287
375,4.69354,0.283731,0.51919
375,4.62961,0.670399,0.090211
375,4.72795,0.70504,0.365052
375,4.84781,-0.546306,1.28167
375,4.5923,-0.083843,0.16669
375,4.91157,-0.00907291,1.26662
375,4.66946,0.243007,0.300527
375,4.57679,0.0231527,0.0270913
375,4.87601,0.416431,0.88386
375,4.53127,-1.43464,0.384192
375,4.97202,0.924848,0.987568
375,4.89235,-0.552825,1.28411
375,4.9675,0.362999,1.15871
375,4.87777,0.431647,0.771346
375,4.98495,-0.569768,1.53849
375,4.98032,0.935729,0.922356
375,4.71989,0.40124,0.194289
375,5.08719,0.0787081,1.60413
375,4.95747,0.100005,1.1196
375,5.00044,-0.571498,1.53515
375,4.93347,0.423682,0.872866
375,5.0118,0.944998,0.935638
375,4.6155,-1.3924,0.390721
375,4.62739,-1.38071,0.394551
375,4.69663,-0.0630771,0.112467
375,4.74754,-0.157044,0.24806
375,4.71366,0.390318,-0.0981609
375,5.10087,-0.515518,1.52201
375,4.71862,0.302155,-0.158509
375,5.21496,0.105741,1.67227
375,5.10484,-0.482451,1.51429
375,4.69298,-1.39336,0.394954
375,4.84846,0.238039,0.28343
375,5.14708,-0.00722177,1.43499
375,4.97886,-0.0333241,0.831977
375,5.24926,0.515,1.51723
375,5.26401,0.112374,1.6738
375,4.81358,-0.0236039,0.123575
375,4.7098,-0.0977385,-0.225341
375,4.95908,0.243973,0.513466
375,5.22159,0.0211769,1.5274
375,4.88187,0.427906,0.129074
375,5.03665,-0.00201466,0.836532
375,5.05846,-0.00136895,0.899484
375,5.05975,-0.00207203,0.893583
375,5.09883,0.46269,0.843288
375,4.73534,-0.211191,-0.17824
375,4.72994,-0.156027,-0.24095
375,5.0713,0.001427,0.897173
375,4.92273,-0.00059967,0.36601
375,5.06381,0.00151228,0.846342
375,4.94421,-0.121536,0.46775
375,5.31876,0.188756,1.65703
375,5.22549,-0.797599,1.69514
375,5.07411,-0.00244665,0.842405
375,5.06018,-0.698368,1.05731
375,4.98477,-0.05087,0.511387
375,5.33738,0.189847,1.65949
375,5.33697,0.120623,1.68107
375,4.98026,-0.0928709,0.491145
375,5.01578,0.246559,0.480819
375,5.33416,0.199217,1.62229
375,4.99866,-0.0551808,0.511561
375,4.98893,-0.088905,0.488397
375,4.78574,-0.149571,-0.215177
375,4.78754,-0.214888,-0.20845
375,5.08179,-0.480837,0.93381
375,5.37034,0.191805,1.6599
375,5.38683,0.209503,1.66979
375,5.1714,-0.495666,1.17621
375,4.90671,-0.423224,0.192942
375,4.85042,-1.41466,0.362275
375,5.0381,-0.411705,0.609492
375,5.30875,-0.510372,1.57087
375,5.41524,0.202591,1.66227
375,5.03284,-0.0143564,0.393255
375,5.2041,-0.535159,1.20268
375,4.82513,-0.180552,-0.291554
375,5.42901,0.138344,1.71365
375,5.27929,1.87772,0.490665
375,5.4225,0.190808,1.66326
375,5.40845,0.579473,1.42866
375,5.0563,-0.0100941,0.383751
375,5.09647,0.46354,0.328877
375,5.14283,0.00557086,0.657153
375,5.18224,-0.497601,0.97047
375,5.31144,1.89873,0.477296
375,5.29782,-0.847823,1.51081
375,5.12528,0.487009,0.350526
375,5.01701,-0.493672,0.345618
375,5.0622,-0.0150613,0.30981
375,4.94199,-0.290889,-0.0159482
375,5.49111,0.212344,1.6528
375,5.40485,-0.499546,1.61737
375,5.34259,-1.10174,1.61653
375,5.06094,-0.356291,0.310929
375,5.40394,-0.523272,1.5829
375,4.94245,1.43471,-0.848524
375,5.06794,-0.361667,0.303718
375,5.24232,0.250261,0.618573
375,5.25235,0.250686,0.64765
375,5.51801,0.590398,1.42046
375,5.13683,0.00335238,0.299745
375,5.27945,0.0237592,0.777666
375,5.08894,-0.777773,0.415085
375,5.47306,-0.580458,1.69434
375,5.47349,-0.470263,1.64727
375,5.40238,-1.14647,1.65622
375,5.58271,0.20381,1.7505
375,5.33393,1.65947,0.284701
375,5.40322,-0.894972,1.53499
375,5.59019,0.202502,1.75859
375,5.50954,-0.902242,1.88289
375,5.4297,-1.1343,1.6825
375,5.06793,-0.362803,0.0529989
375,5.44278,-1.0161,1.63036
375,5.07612,-0.355121,0.0581906
375,5.46844,-0.974692,1.68657
375,5.15631,0.468876,-0.000448227
375,5.26208,-0.674202,0.818997
375,5.62855,0.199061,1.7546
375,5.49509,-1.01461,1.76088
375,5.08965,-0.337613,0.0557168
375,5.24211,-0.457655,0.625083
375,5.07983,-0.338725,-0.000973821
375,5.46723,-1.07855,1.63396
375,5.27877,-0.690782,0.806319
375,5.48173,1.36766,0.705774
375,5.48557,-1.08849,1.66614
375,5.50464,-0.512385,1.49201
375,5.29747,-0.989941,0.924268
375,5.50961,-1.00328,1.67053
375,5.53366,-1.05802,1.76573
375,5.12516,0.967237,-0.482132
375,5.52682,-1.09979,1.74028
375,5.34982,0.259,0.569883
375,5.51684,-1.13657,1.70744
375,5.18166,-1.00465,0.466295
375,5.58098,-0.557558,1.69996
375,5.53959,-1.05019,1.74548
375,5.50613,-1.07362,1.6316
375,5.20992,-0.900167,0.492122
375,5.21518,-0.900973,0.498262
375,5.52426,-1.04501,1.63107
375,5.4177,0.0569761,0.807399
375,5.20464,-0.366089,0.2196
375,5.37571,0.254433,0.567895
375,5.54804,-1.28648,1.78295
375,5.49252,-0.48324,1.26135
375,5.54859,1.39938,0.694942
375,5.57011,-1.24439,1.81318
375,5.66762,1.21063,1.17888
375,5.23819,-0.90737,0.489294
375,5.45004,0.55562,0.650789
375,5.43794,0.0637273,0.800302
375,5.70978,0.617079,1.52351
375,5.43133,-0.483999,0.907007
375,5.64156,0.0524811,1.42883
375,5.65187,-0.491161,1.65529
375,5.25846,-0.483943,0.259338
375,5.61942,-0.487519,1.52178
375,5.60506,-0.807318,1.57189
375,5.66021,0.0558984,1.42558
375,5.61523,-1.2636,1.78121
375,5.62676,-1.27083,1.81865
375,5.26901,-0.501626,0.247306
375,5.37747,0.41113,0.26442
375,5.68519,-0.798486,1.83122
375,5.68652,-0.780663,1.81731
375,5.57992,-1.25055,1.59695
375,5.79452,0.766537,1.55386
375,5.80128,0.765479,1.55847
375,5.63713,-1.20612,1.75357
375,5.47747,-0.483701,0.867928
375,5.6627,-1.27487,1.82975
375,5.30862,-0.991729,0.460644
375,5.31283,-0.986185,0.462656
375,5.81949,0.77332,1.55627
375,5.32387,-1.05484,0.519438
375,5.88871,1.28416,1.57895
375,5.71627,-0.972604,1.8508
375,5.70929,-0.502825,1.61515
375,5.59998,0.59714,0.775877
375,5.61971,-0.489181,1.26368
375,5.67184,1.45074,0.673249
375,5.71531,-0.511278,1.59235
375,5.5938,-0.493295,1.1544
375,5.81629,0.458239,1.53466
375,5.69625,-0.784712,1.59611
375,5.63953,-1.22643,1.56505
375,5.70046,-1.28264,1.78839
375,5.62878,0.193881,0.942684
375,5.57795,0.0614801,0.769929
375,5.66798,-0.451945,1.29151
375,5.66057,0.61107,0.774372
375,5.64771,-0.502293,1.15777
375,5.66817,0.607565,0.787959
375,5.59008,0.179689,0.671446
375,5.53136,-1.19756,0.990477
375,5.80134,-1.0207,1.84953
375,5.63529,-1.05084,1.27176
375,5.88712,0.464914,1.5344
375,5.62388,0.0682088,0.757635
375,5.62925,-1.23981,1.28945
375,5.78344,1.24274,0.851069
375,5.5276,0.585609,0.110384
375,5.86938,-0.730146,1.80329
375,5.4371,1.88481,-0.797645
375,5.45553,-1.28065,0.454562
375,5.6065,-1.01563,0.882711
375,5.45173,1.86937,-0.811612
375,5.60715,-1.01153,0.875304
375,5.60144,-1.06855,0.877496
375,5.62147,-1.2381,0.987883
375,6.02525,0.81074,1.55645
375,5.57236,-0.389353,0.383931
375,5.77218,0.67743,0.667063
375,5.981,1.31597,1.14662
375,5.50871,-1.23367,0.459773
375,5.69251,0.628202,0.339568
375,5.67508,0.651596,0.267999
375,5.52715,-1.24827,0.475751
375,5.52341,-0.479359,0.15575
375,5.6849,1.20784,0.0124542
375,5.68218,-0.480571,0.660171
375,5.80569,-0.520745,1.1073
375,5.77761,-1.2857,1.2979
375,5.77005,0.162072,0.66832
375,5.66865,-1.06577,0.775417
375,5.66758,-1.08441,0.773919
375,5.85171,-1.16264,1.39096
375,6.02158,-0.794358,1.81379
375,5.67427,-1.26043,0.750735
375,5.75356,-1.30543,1.02882
375,5.70701,-1.07634,0.771006
375,5.72868,-0.546741,0.636304
375,5.75061,0.713097,0.21149
375,5.65345,-0.59386,0.380569
375,5.99155,0.547756,1.10745
375,5.76615,0.753154,0.202619
375,5.76319,-1.0564,0.85703
375,5.84895,0.171994,0.671513
375,5.68404,0.118667,0.0505863
375,5.82645,0.0548564,0.579357
375,5.82317,-1.16809,1.03125
375,5.68675,-1.07987,0.495161
375,6.13313,1.37039,1.05291
375,5.72323,0.13669,0.0516375
375,5.6234,-0.28591,-0.136165
375,5.82917,0.76942,0.174787
375,5.72855,0.128908,0.0433536
375,5.61305,0.583523,-0.571419
375,5.87805,-1.17866,1.01914
375,5.96426,0.160066,0.726393
375,5.60772,-1.73874,0.205359
375,5.86339,0.645844,0.0875763
375,5.8147,1.08467,-0.327111
375,5.93581,1.29354,-0.0751081
375,5.33217,-3.56728,-0.343921
375,5.80924,0.644834,-0.369215
375,5.87267,-0.322906,0.0278147
375,5.8933,0.691754,-0.331552
375,5.68023,-2.1145,0.0209954
375,5.82221,-0.359524,-0.287945
375,5.93443,0.702749,-0.351999
375,6.05869,0.585115,0.0796012
375,5.86399,0.208376,-0.504509
375,5.9247,0.2053,-0.363269
375,5.94915,0.0621682,-0.319864
375,6.67209,1.5809,1.55571
375,6.04244,0.218531,-0.406472
375,6.02575,0.257466,-0.593574
375,6.00745,0.190206,-0.665528
375,6.0329,0.624498,-0.797279
375,6.04802,0.668368,-0.820256
375,6.14351,0.731791,-0.560675
375,6.12189,0.143619,-0.438097
375,6.20162,-0.371372,-0.123582
375,6.74306,-0.964775,1.93331
375,6.7785,-0.931853,1.89557
375,6.20299,-0.384428,-0.467105
375,6.17876,0.15008,-0.980524
375,6.31265,1.40786,-1.03309
375,6.18702,0.256638,-1.03116
375,6.23577,0.305483,-0.918846
375,6.20551,0.279342,-1.07533
375,6.40328,-0.338189,-0.464658
375,6.31852,0.155395,-1.05539
375,7.06919,-1.03321,1.96269
375,7.59192,2.62707,2.03031
375,7.58916,1.96768,1.59755
375,7.94221,2.88244,2.07995
375,8.03091,2.93473,2.09699
375,8.09406,2.94718,2.10005
375,8.11375,2.96349,2.10634
375,6.94443,1.10308,-1.50813
375,7.81401,2.35917,0.625726
375,7.16136,0.959465,-1.38967
375,7.32629,-2.81333,-0.376631
375,13.2805,0.222671,2.55375
375,5.28851,-0.132782,-0.579823
351,5.28851,-0.132782,-0.579823
375,5.2337,0.617181,0.376623
351,5.2337,0.617181,0.376623
375,5.31938,-0.978271,0.918409
351,5.31938,-0.978271,0.918409
375,5.4149,-1.22539,1.78827
374,5.4149,-1.22539,1.78827
375,7.02628,-0.855057,1.91562
374,7.02628,-0.855057,1.91562
375,5.24774,-0.29564,-0.543886
374,5.24774,-0.29564,-0.543886
375,5.22384,-0.511735,1.55862
374,5.22384,-0.511735,1.55862
375,5.45114,-0.963526,1.60051
374,5.45114,-0.963526,1.60051
375,5.47699,-1.24097,1.79271
374,5.47699,-1.24097,1.79271
375,5.2449,0.178721,-0.198789
374,5.2449,0.178721,-0.198789
375,5.14118,-1.02919,0.406717
374,5.14118,-1.02919,0.406717
375,5.46066,-0.532214,1.56969
350,5.46066,-0.532214,1.56969
375,5.26293,0.491026,0.854041
350,5.26293,0.491026,0.854041
375,5.30323,-0.490129,-0.309927
350,5.30323,-0.490129,-0.309927
375,5.44354,-0.475257,0.932044
350,5.44354,-0.475257,0.932044
375,5.09963,1.50901,1.33842
349,5.09963,1.50901,1.33842
375,5.43821,-0.781063,0.850575
352,5.43821,-0.781063,0.850575
375,5.2551,0.52317,-0.385407
340,5.2551,0.52317,-0.385407
375,5.03202,1.5163,0.483848
340,5.03202,1.5163,0.483848
375,5.03761,1.51686,0.499644
340,5.03761,1.51686,0.499644
375,5.22604,-0.173201,-0.452781
340,5.22604,-0.173201,-0.452781
375,5.47177,0.00168675,1.76859
340,5.47177,0.00168675,1.76859
375,5.19704,0.119058,1.70671
340,5.19704,0.119058,1.70671
375,5.35399,0.0261966,1.78028
340,5.35399,0.0261966,1.78028
375,5.33182,0.321602,0.978975
342,5.33182,0.321602,0.978975
375,4.93143,1.71548,0.585174
342,4.93143,1.71548,0.585174
375,5.39642,-0.285739,1.76943
70,5.39642,-0.285739,1.76943
375,5.39455,-1.10273,0.630312
70,5.39455,-1.10273,0.630312
375,5.24536,0.47497,0.464398
70,5.24536,0.47497,0.464398
375,4.16883,-1.18428,0.45007
70,4.16883,-1.18428,0.45007
375,5.31902,-0.40839,1.58837
70,5.31902,-0.40839,1.58837
375,5.38259,-0.275223,-0.71413
70,5.38259,-0.275223,-0.71413
375,5.31549,0.518034,-0.0122406
353,5.31549,0.518034,-0.0122406
375,5.30287,0.370524,0.97298
353,5.30287,0.370524,0.97298
375,5.19624,-0.0064746,1.24916
353,5.19624,-0.0064746,1.24916
375,5.23069,1.0976,0.439859
353,5.23069,1.0976,0.439859
375,3.92924,-1.5424,0.947916
329,3.92924,-1.5424,0.947916
376,2.13619,0.255089,1.42406
376,2.35656,0.184094,1.35972
376,2.36183,0.181208,1.35739
376,2.3627,0.181037,1.35984
376,2.46876,0.215492,1.49414
376,2.41515,0.401235,1.29383
376,2.4721,0.448422,1.3331
376,2.53867,0.269125,1.34176
376,2.53964,0.256775,1.32568
376,2.57076,0.250066,1.32479
376,2.6125,0.246884,1.26234
376,2.59567,0.229229,1.12706
376,2.6027,0.230253,1.12286
376,2.94377,0.399356,1.54565
376,3.22058,0.559927,1.39123
376,4.23183,0.815002,1.43368
376,4.12568,1.14787,0.563503
376,4.48588,-1.20486,0.41043
376,4.16992,1.16642,0.557655
376,4.38397,1.29803,1.40749
376,4.45093,1.2989,1.31849
376,4.65522,-1.16831,0.38562
376,4.67336,-1.20723,0.403773
376,4.55266,1.33555,1.31602
376,4.7281,0.97783,1.72033
376,4.92432,-0.547237,1.39957
376,4.7528,-1.10144,0.373316
376,4.80898,-1.27553,0.384206
376,4.86626,0.0356826,1.26808
376,4.92149,0.372396,1.66139
376,4.84025,0.930345,1.57643
376,4.83992,-0.0959564,0.938323
376,4.55984,2.65572,1.57997
376,5.05878,-0.590936,1.39926
376,4.86707,0.977486,1.65775
376,5.01524,-0.529623,1.2579
376,4.50748,0.706198,0.142968
376,5.09994,-0.99004,1.23156
376,4.56618,2.67074,1.52057
376,4.87387,0.938707,1.57543
376,4.57453,2.6424,1.52163
376,4.87061,0.340631,1.16089
376,4.54964,2.63905,1.4004
376,4.50736,2.64297,1.24812
376,4.88759,0.325888,1.15889
376,4.54338,0.701476,0.11662
376,4.54126,2.64816,1.29298
376,4.98425,0.785128,1.74013
376,4.92966,-1.05616,0.394827
376,4.83818,1.70236,1.74873
376,4.49584,1.31942,0.266062
376,4.9639,-1.2303,0.399032
376,4.25267,1.46606,-0.531898
376,4.98504,0.076046,1.25843
376,5.09324,-0.551976,1.25894
376,4.74687,0.446933,0.597299
376,5.17712,-0.521384,1.55265
376,4.62957,0.350087,0.0952836
376,5.10232,-0.551243,1.25641
376,5.26945,-0.803721,1.70651
376,4.63622,-0.0127989,-0.115744
376,4.92823,0.343974,1.15843
376,5.20977,-0.528306,1.61322
376,5.06893,0.038296,1.43431
376,4.87278,0.365629,0.908452
376,4.6506,0.320811,0.0741184
376,4.31171,1.38639,-0.503662
376,5.02238,0.0703146,1.25595
376,4.31394,1.38293,-0.511717
376,5.04002,0.778534,1.74194
376,5.08647,-0.0226175,1.41569
376,4.90066,0.370026,0.980699
376,5.38446,-1.16653,1.75724
376,4.65696,1.39446,0.673395
376,4.32883,1.39093,-0.522626
376,5.41129,-1.2164,1.79104
376,4.9541,0.307879,1.04895
376,4.88422,0.384663,0.841272
376,4.90625,1.05074,1.30627
376,5.42017,-1.23852,1.75838
376,5.41319,-1.17115,1.7683
376,4.91205,1.04811,1.30486
376,5.04156,0.469164,1.41604
376,4.71919,0.347999,0.167669
376,5.38157,-1.12672,1.64779
376,5.19968,0.0718246,1.71923
376,4.90716,0.129014,0.675919
376,4.98667,0.0358423,0.883667
376,4.77778,0.763395,0.544621
376,4.92218,0.388642,0.83162
376,5.41517,-0.92513,1.80924
376,4.9824,-0.386584,0.56929
376,4.9533,0.952199,1.27551
376,4.68442,0.35866,-0.0634793
376,4.92878,0.360431,0.809354
376,5.10419,0.0613756,1.2509
376,4.39647,1.35394,-0.523415
376,5.39576,-0.937988,1.69528
376,5.42926,-1.07106,1.72785
376,5.39757,-1.03862,1.62938
376,4.41097,1.3527,-0.493617
376,5.41104,-1.08769,1.63114
376,4.88231,0.877656,0.914526
376,5.29836,-0.510939,1.56334
376,4.94394,0.36883,0.808837
376,4.68252,1.33044,0.449286
376,5.42747,-1.03772,1.69932
376,5.24215,0.102654,1.69209
376,4.56682,2.41188,0.632855
376,4.75446,0.327435,0.029039
376,5.46948,-0.923532,1.84853
376,5.44165,-1.17908,1.58789
376,5.45651,-0.974031,1.74575
376,4.92544,-0.381264,0.183349
376,4.89886,-0.34448,0.096849
376,5.46514,-1.05965,1.69252
376,4.90026,1.58678,1.25356
376,5.49607,-1.02914,1.77281
376,5.4593,-1.05355,1.62068
376,5.46914,-1.17964,1.56592
376,5.31831,-0.0846355,1.68772
376,5.13845,0.503619,1.39019
376,5.02948,0.0178602,0.680594
376,5.13961,-1.10792,0.389428
376,4.41644,1.44591,-0.678183
376,5.01499,1.07977,1.24612
376,4.61598,2.55541,0.664002
376,5.15481,-1.01777,0.411376
376,5.23221,0.628648,1.69482
376,5.26593,-0.00695217,1.42579
376,4.7899,0.403916,-0.110959
376,4.62802,2.61317,0.648515
376,5.23538,0.446981,1.50668
376,5.19291,-1.07015,0.417907
376,5.18779,-1.0106,0.402607
376,5.29321,-0.613899,0.977753
376,4.92777,0.297257,0.186048
376,5.03361,0.965952,0.975363
376,4.66614,2.63823,0.662814
376,5.02256,-0.385347,0.102603
376,4.93688,0.30304,0.166441
376,4.76582,0.845834,-0.128477
376,5.1042,0.474287,0.845232
376,5.30459,-0.503423,0.953
376,5.29185,0.921363,1.77734
376,4.98267,0.975914,0.686699
376,4.76382,0.773867,-0.241689
376,5.27077,0.544681,1.43555
376,5.05392,0.968646,0.901282
376,4.868,1.71212,0.679715
376,5.10084,-0.0382027,0.452837
376,4.90349,-0.167881,-0.344885
376,5.3018,-0.508584,0.877502
376,4.7059,2.63445,0.635968
376,4.89431,-0.0681126,-0.347594
376,5.17068,0.979982,1.26947
376,5.37441,0.425799,1.6625
376,5.02241,-0.0251465,0.0882053
376,5.24912,-0.671736,0.495239
376,5.43433,0.189738,1.65343
376,4.9546,0.467764,0.0792472
376,5.19463,1.02489,1.28758
376,5.30872,-0.913844,0.462189
376,5.41123,-0.64493,0.956892
376,5.55127,-0.49137,1.52742
376,4.94747,1.73168,0.664336
376,5.46304,-0.550484,1.13361
376,5.19832,0.254067,0.652375
376,5.20514,1.08889,1.17795
376,4.66172,1.78738,-0.377688
376,5.37717,-0.0149835,1.10699
376,5.4007,-0.690448,0.774941
376,4.95027,1.79099,0.659438
376,5.01259,-0.25233,-0.40582
376,5.42485,-1.16966,0.464493
376,5.41656,-1.07953,0.478418
376,5.44579,-0.478844,0.936355
376,5.35454,0.550702,1.22744
376,4.98984,1.78947,0.660381
376,5.36109,1.08677,1.56665
376,4.77209,1.99529,-0.0156369
376,5.3353,0.0558156,0.815704
376,5.60945,-1.08585,1.09383
376,5.54043,-0.563793,1.12993
376,5.44431,-1.07369,0.469217
376,5.15846,1.03218,0.704789
376,5.40826,1.10564,1.59941
376,5.49637,-1.30476,0.434066
376,4.93353,0.917365,-0.24834
376,5.40491,1.10429,1.56792
376,5.47561,0.683023,1.54536
376,5.59276,1.15956,2.2418
376,5.56595,-0.498775,1.12412
376,5.7208,-1.13958,1.2931
376,5.5141,-1.13931,0.531561
376,5.41957,0.185421,0.979289
376,5.26313,0.0226256,0.309316
376,5.60232,-1.23382,0.769625
376,5.4968,-1.09511,0.458476
376,5.68869,-0.560846,1.4705
376,5.41394,0.0426997,0.843091
376,5.43198,0.162856,0.949601
376,4.71871,1.43228,-0.862639
376,5.46359,0.18859,1.06968
376,4.75607,1.40748,-0.748992
376,5.62239,-1.28786,0.735641
376,5.46197,1.11723,1.56692
376,5.33724,0.544472,0.758028
376,5.45026,-0.683846,0.39352
376,5.22403,0.257049,0.143336
376,4.78469,1.40906,-0.757
376,5.74294,-0.568645,1.45997
376,5.553,-0.430869,0.825874
376,4.70401,2.66852,-0.371373
376,5.38563,0.541913,0.779945
376,5.49676,0.159281,0.948114
376,5.40702,1.10723,1.19429
376,5.47602,0.0408445,0.771316
376,5.27103,1.27691,0.748888
376,5.82422,-1.09145,1.2956
376,5.54146,-0.749699,0.418617
376,5.47229,0.155974,0.688989
376,4.75428,2.67229,-0.381342
376,5.57473,0.564054,1.21623
376,5.40047,0.042697,0.249394
376,4.88335,1.37544,-0.813093
376,5.88631,-1.10435,1.29805
376,4.89236,1.37049,-0.822327
376,5.56389,0.491223,1.05261
376,5.23558,0.548884,-0.123852
376,5.43303,1.10661,0.918961
376,5.43182,1.11756,0.91216
376,6.00448,-0.803197,1.81141
376,5.62117,0.504836,1.2159
376,5.53445,0.148208,0.66898
376,5.34373,0.0718347,-0.117936
376,5.57535,0.44644,0.936431
376,5.37576,1.32054,0.719802
376,5.23734,1.88331,0.480386
376,5.59874,0.11959,0.699549
376,5.29712,3.09915,1.38654
376,5.6149,0.0234675,0.627559
376,5.53833,-0.347693,0.119429
376,5.35454,3.15602,1.55311
376,5.67025,1.71773,1.79569
376,5.67914,-0.435726,0.509519
376,5.34131,3.08834,1.38338
376,5.84343,-1.25782,0.530726
376,5.29732,1.92194,0.467079
376,5.49371,0.62691,0.318088
376,5.83158,-1.14036,0.4474
376,5.7055,-0.409934,0.33547
376,5.58597,0.143937,0.237611
376,5.70691,-0.416909,0.332161
376,5.92126,-1.22489,0.550327
376,5.80027,1.676,1.84911
376,5.4222,3.18424,1.39429
376,5.53204,0.662693,0.217174
376,5.55355,0.0227155,-0.155261
376,5.73178,-0.334054,0.257888
376,5.40043,0.495369,-0.507729
376,5.30129,1.81248,-0.208233
376,5.5693,0.179706,-0.26537
376,5.85608,1.35379,1.46475
376,5.69696,1.45356,0.917822
376,5.81596,-0.355811,0.242325
376,6.29647,-0.430611,1.84515
376,5.50768,0.977246,-0.207419
376,5.24059,1.78803,-0.684334
376,5.3985,1.84461,-0.0929378
376,6.40884,-0.817009,1.90423
376,5.24432,1.90338,-0.68647
376,5.54345,3.24917,1.21766
376,5.54772,3.22935,1.17242
376,5.5483,1.10306,-0.165848
376,5.97745,-0.711841,0.277031
376,5.93102,1.93809,1.66038
376,5.56799,1.74514,0.210115
376,5.57046,1.74151,0.134432
376,5.31792,1.92801,-0.750292
376,5.83065,1.11851,0.585238
376,5.64165,0.223035,-0.738589
376,6.16677,1.74555,1.90509
376,5.79724,0.12709,-0.662601
376,5.98231,1.55596,0.874395
376,5.72975,1.88163,0.101217
376,5.67564,1.92557,-0.22545
376,5.82587,0.125907,-0.804475
376,5.80332,1.93352,0.0732298
376,5.81475,1.96554,0.0946691
376,5.71449,1.11572,-0.850588
376,5.90303,0.557185,-0.758132
376,6.51735,1.8676,1.9361
376,5.91412,2.02818,-0.334544
376,7.07654,-0.968848,1.9657
376,6.1338,0.834571,-1.05531
376,6.17277,0.826085,-1.08159
376,6.25539,0.669752,-0.88862
376,6.49123,4.09228,1.90585
376,6.18759,1.247,-1.23795
376,7.5733,-1.06725,2.00971
376,6.86842,4.31514,1.94443
376,6.76035,2.73446,-0.137456
376,8.36913,-1.24955,2.09624
376,8.47322,-1.27725,2.08943
376,8.67254,-1.33403,2.11192
376,8.91585,-1.38639,2.13049
376,9.21168,3.41833,2.19503
376,5.24947,0.0775672,0.322464
375,5.24947,0.0775672,0.322464
376,5.3387,0.494581,0.162988
375,5.3387,0.494581,0.162988
376,5.06539,0.459318,0.99448
375,5.06539,0.459318,0.99448
376,5.23748,0.11764,1.14192
375,5.23748,0.11764,1.14192
376,5.27686,0.546238,1.51297
375,5.27686,0.546238,1.51297
376,5.34171,1.03569,1.16094
375,5.34171,1.03569,1.16094
376,5.19186,0.137048,0.782278
375,5.19186,0.137048,0.782278
376,5.03427,0.288643,1.20156
375,5.03427,0.288643,1.20156
376,5.39012,-0.418938,0.481965
375,5.39012,-0.418938,0.481965
376,5.41453,1.26585,1.23832
375,5.41453,1.26585,1.23832
376,5.33736,-0.412708,0.497848
375,5.33736,-0.412708,0.497848
376,5.23325,-0.169844,-0.484679
375,5.23325,-0.169844,-0.484679
376,5.21506,0.172071,0.994419
375,5.21506,0.172071,0.994419
376,5.54959,-1.22024,0.420717
375,5.54959,-1.22024,0.420717
376,5.36625,-0.393605,0.408934
352,5.36625,-0.393605,0.408934
376,5.33029,0.327355,0.155106
352,5.33029,0.327355,0.155106
376,5.40612,-0.423277,1.26728
352,5.40612,-0.423277,1.26728
376,5.23103,1.19392,1.24469
352,5.23103,1.19392,1.24469
376,5.24901,1.57276,1.50823
352,5.24901,1.57276,1.50823
376,4.74525,1.38952,-0.73997
340,4.74525,1.38952,-0.73997
376,4.83195,1.89526,-0.495799
340,4.83195,1.89526,-0.495799
376,5.25498,2.94776,0.445791
340,5.25498,2.94776,0.445791
376,5.3864,-0.0303165,1.7564
340,5.3864,-0.0303165,1.7564
376,5.42095,0.180116,1.73537
340,5.42095,0.180116,1.73537
376,5.06113,1.50297,0.375945
340,5.06113,1.50297,0.375945
376,5.17604,1.85154,0.519594
353,5.17604,1.85154,0.519594
376,5.29547,-0.157623,1.75445
353,5.29547,-0.157623,1.75445
376,5.38389,-0.0267991,-0.160338
353,5.38389,-0.0267991,-0.160338
376,5.20578,0.484391,-0.0251632
353,5.20578,0.484391,-0.0251632
376,5.15229,0.951707,1.61402
353,5.15229,0.951707,1.61402
376,5.18802,1.59726,0.3394
353,5.18802,1.59726,0.3394
376,5.27497,0.0518496,1.5624
351,5.27497,0.0518496,1.5624
376,5.29922,-0.073835,0.608255
351,5.29922,-0.073835,0.608255
376,5.1814,0.98281,-0.522245
351,5.1814,0.98281,-0.522245
376,5.42598,-0.377444,0.395825
351,5.42598,-0.377444,0.395825
376,5.55011,0.502441,1.44071
342,5.55011,0.502441,1.44071
376,5.26238,0.375284,-0.478704
349,5.26238,0.375284,-0.478704
376,5.33153,-0.615913,1.31977
349,5.33153,-0.615913,1.31977
376,5.24955,1.32713,0.847918
354,5.24955,1.32713,0.847918
376,5.11097,0.539728,-0.0614442
354,5.11097,0.539728,-0.0614442
376,5.2465,1.32512,0.849918
354,5.2465,1.32512,0.849918
376,5.17478,0.891063,0.799159
354,5.17478,0.891063,0.799159
376,5.16117,1.24385,-0.591956
354,5.16117,1.24385,-0.591956
376,5.14565,1.44274,1.77324
354,5.14565,1.44274,1.77324
376,5.21166,0.158425,-0.345774
354,5.21166,0.158425,-0.345774
376,5.12727,1.75251,1.73989
354,5.12727,1.75251,1.73989
376,3.98639,0.39856,0.489492
166,3.98639,0.39856,0.489492
377,2.23775,0.567481,1.41713
377,2.3267,0.520525,1.24432
377,2.37812,0.673176,1.33585
377,2.40965,0.63314,1.37735
377,2.45755,0.620489,1.47988
377,2.44767,0.683545,1.50035
377,2.4491,0.688998,1.45641
377,2.50043,0.706103,1.49761
377,2.78177,0.714111,1.21848
377,2.94033,0.751146,1.27375
377,2.69433,1.72902,1.29353
377,2.717,1.7517,1.29344
377,2.73085,1.73903,1.29246
377,2.72835,1.76475,1.29477
377,2.75245,1.7616,1.292
377,2.74371,1.78307,1.29115
377,3.91269,0.547858,1.22562
377,3.99573,1.17695,1.17537
377,4.05547,1.24232,1.34999
377,4.60641,0.340041,1.27504
377,4.16252,1.26693,1.26551
377,3.63701,2.57863,1.73973
377,4.40523,0.377755,0.208225
377,4.4387,0.973891,1.41208
377,4.48907,0.421411,0.365259
377,4.80044,0.0389527,0.897317
377,4.48066,0.466604,0.372872
377,4.65237,0.105806,0.319049
377,3.55194,2.70974,1.22391
377,4.47803,0.437837,0.263978
377,4.36816,0.776341,0.501804
377,3.66205,2.72327,1.70951
377,4.50014,0.42137,0.26938
377,4.61148,0.117454,0.035302
377,4.91005,0.0737512,1.14709
377,4.52406,0.44347,0.228395
377,4.5483,0.397927,0.211144
377,4.51885,0.467393,0.225208
377,4.59611,0.97694,1.71008
377,4.59205,0.927964,1.53677
377,4.5503,0.415804,0.133287
377,4.17861,1.28519,0.41614
377,4.65679,0.406661,0.531075
377,4.64505,0.982924,1.71134
377,4.49482,0.763711,0.471187
377,4.27879,1.39782,0.929297
377,4.58757,0.969458,1.30925
377,3.79236,2.77368,1.78411
377,4.53337,0.842171,0.756555
377,5.07331,0.144905,1.60429
377,4.65953,0.949227,1.54856
377,4.78446,0.139007,0.25166
377,5.13608,0.0868304,1.72418
377,5.13862,0.0859835,1.72059
377,4.69684,0.999782,1.71853
377,4.4948,0.982568,0.754966
377,4.6523,0.875481,1.21519
377,4.71846,0.96638,1.69287
377,4.76735,0.49152,0.820496
377,4.64301,1.00589,1.40539
377,4.72219,0.428351,0.420682
377,4.8285,0.797688,1.73161
377,4.5877,0.847291,0.748164
377,4.67664,0.876558,1.21073
377,4.55301,0.785138,0.431145
377,4.2812,1.30858,0.377742
377,3.75697,2.71698,1.16335
377,4.74211,0.352332,0.268303
377,4.72169,0.934073,1.49532
377,4.43994,1.39785,1.18913
377,5.1899,0.121697,1.67818
377,4.6841,0.934318,1.18671
377,4.68589,0.937705,1.18639
377,4.94716,0.0591639,0.35273
377,4.48854,1.46005,1.42122
377,4.64164,0.882015,0.778141
377,4.81988,0.347699,0.369916
377,3.80359,2.71427,1.09977
377,4.97644,0.618705,1.66141
377,3.8678,2.90129,1.80215
377,4.97219,0.623251,1.64077
377,4.74937,1.11867,1.72909
377,4.4955,1.41854,1.18295
377,4.99606,0.0501403,0.332857
377,3.80705,2.74595,0.988004
377,4.60313,1.39711,1.5268
377,4.79919,0.501128,0.36842
377,4.70489,1.04547,1.17258
377,4.78365,0.427739,0.112967
377,4.77815,0.974026,1.32122
377,3.82605,2.73531,0.97831
377,3.8203,2.74884,0.978181
377,4.82227,1.04712,1.66162
377,4.60817,0.786368,0.089914
377,5.03542,0.0447446,0.33375
377,4.62249,1.4014,1.52603
377,4.80426,0.914928,1.2365
377,4.85518,0.973658,1.43117
377,4.76965,1.05664,1.16701
377,4.6912,1.452,1.65512
377,4.92277,0.463512,0.399103
377,5.243,0.0547657,0.879545
377,4.84958,1.05392,1.31494
377,4.59548,1.44804,1.04772
377,4.8632,0.939339,1.00713
377,3.83988,2.81432,0.5502
377,3.98589,3.08106,1.80692
377,4.70664,1.68748,1.72868
377,5.46832,0.172288,1.74359
377,4.61607,1.3667,0.53031
377,4.71531,1.57727,1.45473
377,3.87697,2.85106,0.536945
377,4.92511,0.960356,0.974177
377,4.62899,1.41811,0.597728
377,4.67764,1.58383,1.15832
377,4.76868,1.57635,1.50665
377,4.58587,1.26477,-0.0312818
377,4.95212,0.962443,0.926338
377,3.85127,2.89214,0.30283
377,4.86898,1.51618,1.76635
377,4.77427,1.57775,1.43914
377,4.72591,1.5959,1.24465
377,4.77439,1.58952,1.44989
377,4.70616,1.61382,1.19347
377,4.78021,1.70861,1.74145
377,4.79501,1.71734,1.75608
377,4.68329,1.54196,0.83489
377,5.02463,0.516087,-0.0151346
377,4.8259,1.61057,1.55919
377,4.73461,1.63222,1.1904
377,3.88611,2.93968,0.28702
377,5.36356,0.489987,1.43524
377,4.83632,1.62169,1.58351
377,4.71616,1.46103,0.672237
377,5.25325,0.484271,0.82579
377,4.87484,1.64571,1.73986
377,4.93483,1.54775,1.76903
377,5.09492,0.488439,0.0474241
377,4.73202,1.57247,0.722616
377,5.3097,0.992626,1.86725
377,4.7808,1.60419,0.829389
377,5.31255,1.15956,2.20233
377,4.71896,1.32433,-0.121539
377,3.86788,2.95519,-0.293746
377,5.21854,1.02846,1.29119
377,3.8985,2.99071,-0.295021
377,3.90626,3.00605,-0.252213
377,4.85124,1.52059,0.623265
377,5.49054,0.092006,0.26449
377,4.82404,1.66783,0.683932
377,5.55335,0.537268,1.42576
377,5.55461,0.550096,1.42302
377,5.25244,1.09349,1.17682
377,4.84468,1.73142,0.695243
377,4.55901,2.71581,1.59519
377,5.24596,1.05422,0.938103
377,4.56729,2.84328,1.82721
377,5.27346,1.16132,1.0895
377,4.93666,1.72338,0.644836
377,4.62157,2.77613,1.59838
377,5.79017,0.44833,1.58918
377,4.64208,2.75441,1.59864
377,4.6784,1.82675,-0.373704
377,5.69654,0.778379,1.79901
377,4.60126,2.73433,1.2539
377,4.65163,2.7436,1.4047
377,4.95518,1.44061,-0.176793
377,4.60833,2.78438,1.25279
377,4.61984,2.75582,1.23755
377,4.64584,2.71931,1.25171
377,4.70173,2.76112,1.54643
377,5.31977,1.50182,1.48279
377,5.92675,0.119327,1.06221
377,4.70697,2.79998,1.59827
377,4.6051,2.60569,0.678626
377,4.69182,2.75985,1.41859
377,4.6793,2.74259,1.29374
377,4.49826,3.03842,1.13203
377,5.70899,1.13106,2.25817
377,4.61046,2.63749,0.664931
377,5.44282,1.08286,0.912298
377,5.57766,1.11736,1.57785
377,5.61509,0.51471,0.35543
377,4.55144,2.99231,1.14144
377,4.52422,3.05086,1.14218
377,4.52958,3.04189,1.14132
377,4.7786,1.86143,-0.454415
377,5.25903,1.67763,1.27289
377,5.79461,-0.0607409,-0.35925
377,4.97038,1.84047,0.207124
377,5.65758,0.528874,0.264132
377,5.88152,0.664855,1.55822
377,5.89286,0.0380194,0.148907
377,4.51145,2.99601,0.586953
377,4.49235,3.03015,0.567669
377,4.50614,3.00741,0.552291
377,4.79694,2.80901,1.40627
377,5.65492,1.16006,1.5509
377,4.52671,2.99053,0.572423
377,5.83264,1.13816,2.28971
377,5.53896,0.496067,-0.5087
377,4.54953,2.59788,-0.233322
377,5.66771,1.15743,1.55112
377,5.67148,0.527554,0.0496348
377,5.6673,0.545384,0.0445722
377,5.67692,0.532559,0.0563183
377,5.84239,1.18639,2.29141
377,5.94399,0.67632,1.5653
377,5.04631,1.8727,0.181842
377,4.54098,3.05415,0.547774
377,4.56264,3.0184,0.529269
377,4.7335,2.74308,0.63436
377,5.88502,1.17769,2.30383
377,5.34052,0.989674,-0.597795
377,4.74924,2.72117,0.635615
377,4.74193,2.73311,0.621898
377,4.91543,2.07765,-0.107883
377,5.88176,0.524729,0.719871
377,5.93646,-0.0864071,-0.419989
377,5.98445,0.0915536,0.124303
377,5.55315,1.37128,0.964493
377,5.91279,0.0805939,-0.336551
377,5.51333,1.08984,0.0868551
377,4.81487,2.76136,0.603115
377,5.79495,0.538717,0.0073874
377,5.19233,1.92196,0.384276
377,6.09792,0.377888,0.984214
377,5.95117,0.0840588,-0.368348
377,5.75227,0.537056,-0.244473
377,4.82916,2.76213,0.603941
377,5.02877,2.18833,0.170174
377,5.82091,0.536462,-0.023472
377,4.65428,2.74087,-0.400113
377,4.91865,2.65103,0.566946
377,5.62326,0.633903,-0.835615
377,5.56239,0.828507,-0.807663
377,5.30496,1.95392,0.577737
377,5.04065,2.91867,1.40159
377,4.79589,2.59369,-0.452456
377,5.90124,0.566734,-0.0443372
377,5.76267,1.68142,1.81741
377,5.54116,0.983278,-0.802934
377,4.7972,2.72552,-0.253067
377,5.92389,0.646278,0.139603
377,4.74995,2.78282,-0.400029
377,5.05407,2.36827,0.0200493
377,5.58401,1.67259,0.815352
377,5.96623,1.22826,1.53831
377,5.35812,1.80428,0.0705022
377,4.81766,2.74207,-0.258227
377,5.98783,0.588979,0.126692
377,5.07566,2.44755,0.191697
377,5.37712,1.82049,0.0655502
377,6.01761,0.585036,0.117597
377,4.86074,2.69634,-0.355727
377,5.61691,0.986002,-0.853818
377,5.63399,1.69416,0.814696
377,5.16793,3.00225,1.61058
377,5.76873,1.41842,0.743184
377,5.66316,1.09633,-0.591395
377,5.18715,2.92316,1.39213
377,6.06437,0.523424,-0.0773212
377,4.89264,2.73586,-0.379059
377,5.98917,0.571871,-0.367345
377,5.83006,1.39823,0.692042
377,6.02859,1.31895,1.38717
377,5.31891,1.80817,-0.733879
377,5.97484,0.49579,-0.766356
377,6.01272,1.31088,1.19533
377,5.31328,1.88453,-0.712341
377,5.84209,0.989066,-0.366451
377,5.35901,1.80365,-0.754517
377,5.25585,3.0213,1.53862
377,4.91752,2.81019,-0.485807
377,5.98204,1.73195,1.76714
377,5.14905,2.53872,-0.192257
377,5.39602,1.82119,-0.777472
377,6.13093,1.53359,1.88456
377,6.09378,1.31953,1.19652
377,5.5549,1.50853,-0.850345
377,5.99857,0.744661,-0.635175
377,5.31641,3.07359,1.55391
377,6.07854,1.32767,1.02157
377,6.06787,1.71995,1.84297
377,6.19798,1.34244,1.46193
377,6.22553,1.3415,1.56475
377,5.39108,3.04776,1.61958
377,5.93041,1.10838,-0.343971
377,5.32597,2.99969,1.19024
377,6.50921,-0.128694,-0.571992
377,5.9628,1.55911,0.777404
377,5.33634,3.03633,1.23041
377,5.95888,1.11305,-0.336706
377,6.57271,0.782226,1.69263
377,5.49592,1.8444,-0.841021
377,6.2818,1.35576,1.55714
377,6.09794,0.699672,-0.814703
377,5.76612,1.31847,-0.968712
377,6.13247,0.677092,-0.83838
377,6.03853,1.07295,-0.385555
377,5.99324,1.11541,-0.503598
377,5.54726,3.13987,1.63556
377,6.27131,0.616241,-0.911157
377,5.43494,3.71919,2.31173
377,6.37657,1.44392,1.3688
377,6.95307,0.552874,1.91516
377,5.47823,3.77144,2.32756
377,6.46708,1.6686,0.685739
377,5.71198,3.74064,1.92327
377,6.78796,1.61699,1.08401
377,6.03302,2.94968,0.335641
377,7.43791,0.32966,0.673618
377,7.27441,1.84834,0.555812
377,7.96732,1.67041,1.46994
377,7.03597,4.32404,1.96147
377,7.39665,4.50484,1.9687
377,9.83041,0.149642,2.25917
377,5.12978,1.23633,0.776844
376,5.12978,1.23633,0.776844
377,5.10427,1.68624,1.43862
376,5.10427,1.68624,1.43862
377,4.95032,1.31013,0.803039
376,4.95032,1.31013,0.803039
377,4.98298,1.20825,0.910149
376,4.98298,1.20825,0.910149
377,5.30508,0.54629,0.0398596
376,5.30508,0.54629,0.0398596
377,5.27191,0.951969,0.848395
376,5.27191,0.951969,0.848395
377,5.51495,0.163559,-0.0317268
376,5.51495,0.163559,-0.0317268
377,5.47393,1.79247,0.195014
376,5.47393,1.79247,0.195014
377,5.07141,0.327782,-0.124655
376,5.07141,0.327782,-0.124655
377,5.06749,1.53503,1.29914
376,5.06749,1.53503,1.29914
377,4.8614,2.92734,1.27737
376,4.8614,2.92734,1.27737
377,5.06198,1.02429,0.255305
376,5.06198,1.02429,0.255305
377,5.07193,0.905367,0.660001
376,5.07193,0.905367,0.660001
377,5.10094,1.51574,1.06898
376,5.10094,1.51574,1.06898
377,5.21584,0.858065,-0.0780175
376,5.21584,0.858065,-0.0780175
377,5.28916,2.6321,1.08597
353,5.28916,2.6321,1.08597
377,5.14061,1.38381,1.4607
353,5.14061,1.38381,1.4607
377,5.1361,1.50346,1.26988
353,5.1361,1.50346,1.26988
377,5.16544,1.23501,1.20149
353,5.16544,1.23501,1.20149
377,5.08582,3.02461,0.556174
353,5.08582,3.02461,0.556174
377,5.20817,0.8322,1.52322
353,5.20817,0.8322,1.52322
377,5.26463,0.648334,0.368177
353,5.26463,0.648334,0.368177
377,4.95614,2.21446,1.68387
354,4.95614,2.21446,1.68387
377,5.18671,1.50811,1.01132
354,5.18671,1.50811,1.01132
377,5.19779,1.16011,0.791681
354,5.19779,1.16011,0.791681
377,5.17186,1.49583,1.01704
354,5.17186,1.49583,1.01704
377,3.86479,2.80444,1.49265
354,3.86479,2.80444,1.49265
377,5.07694,2.10886,0.0277238
354,5.07694,2.10886,0.0277238
377,5.25869,0.661515,1.50407
354,5.25869,0.661515,1.50407
377,5.18689,1.17559,1.24731
354,5.18689,1.17559,1.24731
377,5.19552,0.668958,0.868225
354,5.19552,0.668958,0.868225
377,5.25961,0.481252,0.820085
354,5.25961,0.481252,0.820085
377,5.27341,0.400341,-0.362165
354,5.27341,0.400341,-0.362165
377,5.25962,0.847412,-0.511778
354,5.25962,0.847412,-0.511778
377,5.08394,2.91787,1.82846
355,5.08394,2.91787,1.82846
377,3.80613,2.87321,0.537662
355,3.80613,2.87321,0.537662
377,5.22941,1.38832,0.276661
355,5.22941,1.38832,0.276661
377,5.12533,1.7121,1.6457
355,5.12533,1.7121,1.6457
377,5.12199,1.51326,1.3607
355,5.12199,1.51326,1.3607
377,5.22435,1.79241,1.14119
355,5.22435,1.79241,1.14119
377,3.83677,2.80372,0.139113
355,3.83677,2.80372,0.139113
377,5.24881,0.687983,-0.357064
352,5.24881,0.687983,-0.357064
377,2.34449,0.682295,1.40654
340,2.34449,0.682295,1.40654
377,5.15889,1.1362,1.1188
340,5.15889,1.1362,1.1188
377,5.13879,1.59251,1.7947
340,5.13879,1.59251,1.7947
377,5.34995,3.04827,1.3102
340,5.34995,3.04827,1.3102
377,5.2257,0.129072,0.854728
375,5.2257,0.129072,0.854728
377,5.13254,4.26198,-0.922138
166,5.13254,4.26198,-0.922138
377,5.18367,1.30006,0.503082
166,5.18367,1.30006,0.503082
377,5.18086,0.810062,0.0612032
166,5.18086,0.810062,0.0612032
377,5.1848,1.248,0.740453
166,5.1848,1.248,0.740453
377,5.45781,3.44145,1.45376
166,5.45781,3.44145,1.45376
377,5.0012,2.79816,1.33498
166,5.0012,2.79816,1.33498
377,5.16346,0.995972,0.947039
166,5.16346,0.995972,0.947039
377,5.18897,1.71294,-0.209313
217,5.18897,1.71294,-0.209313
377,5.21887,0.542442,-0.0755847
217,5.21887,0.542442,-0.0755847
377,5.09749,1.64254,1.78485
217,5.09749,1.64254,1.78485
378,2.51492,2.04272,1.31888
378,2.52293,2.05783,1.32059
378,2.51852,2.07451,1.31995
378,2.52419,2.0997,1.31824
378,2.5234,2.12682,1.31656
378,2.51125,2.16917,1.32379
378,2.51035,2.17932,1.32249
378,2.51378,2.21494,1.31997
378,2.5221,2.21294,1.31818
378,2.5165,2.22841,1.3202
378,2.51827,2.23813,1.31811
378,2.53034,2.24344,1.31664
378,2.51919,2.26377,1.3221
378,2.52014,2.26376,1.32104
378,2.51928,2.27216,1.31728
378,2.52334,2.26695,1.31383
378,2.52354,2.27094,1.31559
378,2.90218,2.74135,1.83674
378,2.92101,2.75574,1.94631
378,3.24597,2.6892,2.15944
378,4.48264,1.19258,1.53898
378,4.57232,1.15341,1.72004
378,3.27697,2.73382,2.17481
378,4.59645,1.16273,1.71768
378,4.60065,1.16439,1.72397
378,4.62978,1.17888,1.69604
378,4.57437,1.21023,1.54951
378,3.34052,2.72216,1.82109
378,3.33616,2.73004,1.79753
378,3.34402,2.74129,1.84416
378,4.68416,1.18958,1.7005
378,3.37613,2.76616,1.85028
378,3.37383,2.76505,1.82554
378,3.37807,2.76924,1.83859
378,4.55667,1.41768,1.63578
378,4.38789,1.39983,0.74806
378,3.49194,2.75685,2.00299
378,3.51621,2.78727,2.16398
378,4.79265,1.23545,1.69784
378,3.53896,2.80707,2.17617
378,4.52949,1.53016,1.41264
378,4.56943,1.39006,0.990022
378,3.57119,2.81472,2.16271
378,3.56035,2.83299,2.18042
378,3.59602,2.8662,2.03458
378,3.70445,2.67856,1.76049
378,3.60503,2.86251,2.01642
378,3.71302,2.69682,1.73687
378,3.72232,2.70558,1.73697
378,3.73566,2.70883,1.77856
378,3.54139,2.81367,1.16898
378,3.72825,2.71867,1.51043
378,3.74311,2.73907,1.56334
378,3.57084,2.84758,1.17096
378,3.58322,2.8485,1.16967
378,3.75407,2.74296,1.51201
378,3.75656,2.74133,1.51338
378,3.6077,2.8884,1.18469
378,3.75424,2.7283,1.20644
378,3.77998,2.77783,1.49832
378,3.75669,2.73565,1.20341
378,3.59422,2.91567,1.17477
378,3.60942,2.89722,1.16927
378,3.58803,2.92933,1.19276
378,3.78092,2.78536,1.49965
378,3.76201,2.73595,1.19318
378,3.75636,2.74732,1.19306
378,3.78779,2.81099,1.58289
378,3.79812,2.81534,1.59753
378,3.66271,2.88052,1.2253
378,3.78606,2.81252,1.49319
378,3.78621,2.81331,1.47514
378,3.84059,2.83196,1.79648
378,3.67457,2.89272,1.23111
378,3.66606,2.89881,1.19292
378,3.81099,2.83315,1.58707
378,3.67127,2.89887,1.19492
378,3.70024,2.88779,1.22928
378,3.64755,2.94701,1.18011
378,3.68354,2.91658,1.20951
378,3.81511,2.83651,1.48706
378,3.83722,2.87807,1.75222
378,3.69367,2.91365,1.1996
378,3.81981,2.86742,1.58303
378,3.74773,2.86273,1.21918
378,3.69129,2.92188,1.19218
378,3.82666,2.85719,1.49791
378,3.82348,2.87297,1.53021
378,3.8188,2.87,1.48753
378,3.87697,2.90228,1.76839
378,3.8698,2.91465,1.75861
378,4.90297,1.74162,1.74785
378,4.90507,1.747,1.76078
378,3.84086,2.8965,1.4895
378,3.86205,2.89506,1.56981
378,4.95992,1.70696,1.7611
378,3.8532,2.9002,1.48491
378,4.96347,1.7072,1.7489
378,3.86126,2.90691,1.51511
378,4.97465,1.7112,1.76777
378,3.89258,2.93879,1.76473
378,3.89588,2.9384,1.76614
378,4.94615,1.75179,1.76626
378,3.86917,2.91287,1.51394
378,3.86354,2.91724,1.48883
378,4.99725,1.69963,1.75937
378,3.87542,2.92623,1.55841
378,5.00291,1.70215,1.77786
378,5.25553,1.03811,0.173902
378,5.01197,1.6977,1.75867
378,5.01054,1.71202,1.76724
378,3.85391,2.9001,1.21476
378,3.84929,2.90532,1.19548
378,3.84069,2.92326,1.21476
378,5.03035,1.71814,1.78414
378,4.85776,1.70549,0.67778
378,3.96887,2.99845,1.81977
378,4.86181,1.73323,0.672424
378,4.93245,1.75447,0.647292
378,4.98412,1.79577,0.656566
378,5.43458,1.5895,1.68429
378,5.0275,1.80071,0.634154
378,4.55878,2.76966,1.60225
378,4.5499,2.71002,1.24809
378,4.52841,2.60549,0.704227
378,5.24233,1.78093,0.529424
378,4.56128,2.88631,1.8087
378,4.62578,2.76166,1.58778
378,4.63014,2.76284,1.59658
378,4.56413,2.89269,1.81798
378,4.5866,2.73962,1.24491
378,5.23432,1.83111,0.499904
378,5.39331,1.6144,0.269571
378,4.66767,2.7804,1.54492
378,4.6605,2.56548,0.619235
378,4.68798,2.54888,0.621753
378,4.45543,2.96058,1.14855
378,5.28188,1.87043,0.488881
378,4.68399,2.58351,0.617255
378,5.30158,1.85465,0.492101
378,4.46567,2.96943,1.14653
378,4.7,2.77888,1.41367
378,4.68957,2.79432,1.41849
378,4.47246,2.97688,1.14998
378,4.62862,2.70389,0.679494
378,4.50386,2.95922,1.14383
378,4.64837,2.71647,0.655181
378,5.94563,1.07489,-0.0653329
378,4.6632,2.70442,0.663514
378,4.52743,2.97776,1.14538
378,4.513,3.00294,1.14092
378,4.55108,2.99869,1.13793
378,4.47079,2.96331,0.567755
378,4.50034,2.94142,0.595463
378,4.70452,2.71963,0.634426
378,4.49228,2.95618,0.583613
378,4.4924,2.95966,0.594268
378,4.46823,2.99011,0.574549
378,4.49341,2.97138,0.561714
378,4.72668,2.73192,0.642805
378,4.48752,2.98227,0.556378
378,4.74457,2.72294,0.626203
378,4.52905,3.00436,0.57712
378,6.08403,1.64649,1.84353
378,4.80184,2.77768,-0.441702
378,4.83111,2.78216,-0.429284
378,4.84051,2.78826,-0.409085
378,4.84627,2.77935,-0.445052
378,6.03621,1.73868,0.736854
378,5.20393,2.86807,1.2197
378,5.21238,2.90285,1.24413
378,5.2321,2.91648,1.38926
378,5.2524,2.88609,1.1903
378,5.27969,2.93657,1.52605
378,5.24546,2.90185,1.19024
378,5.27849,2.95579,1.5265
378,5.25216,2.91175,1.1895
378,5.28971,2.87796,1.18817
378,5.26936,2.95861,1.38833
378,5.26713,2.96564,1.24852
378,5.32149,2.99221,1.57957
378,5.13363,3.39436,2.34147
378,5.39281,2.94397,1.62225
378,6.48061,1.784,1.91203
378,5.31191,2.97131,1.1838
378,5.35645,3.03318,1.53712
378,5.33537,3.03525,1.39913
378,5.38323,3.02574,1.53469
378,5.35772,3.06182,1.54161
378,5.43449,3.01273,1.61854
378,5.39832,3.08064,1.56354
378,5.3678,3.06489,1.2518
378,5.42369,3.03399,1.19309
378,5.52366,3.07269,1.62295
378,6.58473,1.93358,1.5915
378,5.74683,3.17322,1.19512
378,6.95988,2.02295,-0.267115
378,4.94522,1.89925,1.76445
377,4.94522,1.89925,1.76445
378,5.19415,1.62598,0.528317
377,5.19415,1.62598,0.528317
378,4.89917,1.53179,1.76592
377,4.89917,1.53179,1.76592
378,5.2809,1.65248,0.508857
377,5.2809,1.65248,0.508857
378,4.70679,1.63976,0.712021
377,4.70679,1.63976,0.712021
378,4.78758,2.89685,1.60442
377,4.78758,2.89685,1.60442
378,4.87429,2.95491,1.60849
355,4.87429,2.95491,1.60849
378,5.16072,1.6481,0.307953
355,5.16072,1.6481,0.307953
378,5.15496,1.50737,0.313763
355,5.15496,1.50737,0.313763
378,5.14994,1.6411,0.314693
355,5.14994,1.6411,0.314693
378,5.16053,1.49495,1.7561
354,5.16053,1.49495,1.7561
378,5.06376,1.73332,0.578906
353,5.06376,1.73332,0.578906
378,5.22057,1.84107,1.78973
219,5.22057,1.84107,1.78973
378,3.69572,3.03068,2.21864
220,3.69572,3.03068,2.21864
378,3.55245,2.84908,2.02324
220,3.55245,2.84908,2.02324
378,5.21715,1.62497,0.519691
375,5.21715,1.62497,0.519691
379,1.90874,1.33198,1.59585
379,1.97847,1.53636,1.61423
379,1.84699,1.8322,1.29212
379,1.85273,1.84436,1.26741
379,1.85255,1.84504,1.26625
379,1.84166,1.85771,1.28074
379,1.84084,1.86212,1.27609
379,1.84549,1.87249,1.27602
379,1.84118,1.88776,1.2569
379,1.83269,1.91015,1.27171
379,1.82608,1.91838,1.27845
379,1.83077,1.93415,1.27003
379,1.82934,1.9512,1.27072
379,1.83287,2.01856,1.2293
379,1.8374,2.02414,1.09769
379,1.84816,2.00787,1.06453
379,1.83431,2.03551,1.09167
379,1.85333,2.0198,1.08295
379,1.85036,2.02336,1.07882
379,1.84225,2.03023,1.07326
379,1.85411,2.03326,1.07277
379,1.84076,2.04033,1.04668
379,1.84421,2.04558,1.06779
379,1.84313,2.04532,1.04322
379,1.83901,2.04914,1.04328
379,1.82916,2.06157,1.03728
379,1.82368,2.11029,1.03499
379,2.06258,2.24699,1.205
379,2.09282,2.33607,1.19328
379,2.08811,2.38084,1.17577
379,2.12199,2.44658,1.41966
379,2.10957,2.46045,1.42917
379,2.11257,2.48053,1.43139
379,2.80922,1.82755,1.0584
379,2.07953,2.4754,1.16034
379,2.08828,2.47094,1.16788
379,2.19565,2.53626,1.73693
379,2.09155,2.49947,1.15204
379,2.09137,2.51324,1.16076
379,2.15563,2.48557,1.16862
379,2.16343,2.57225,1.44482
379,2.88351,1.88021,1.03448
379,2.17797,2.57479,1.43655
379,2.18218,2.57962,1.43794
379,2.8874,1.90524,1.04203
379,2.21699,2.67687,1.93001
379,2.90558,1.90302,1.04926
379,2.19824,2.59835,1.43527
379,2.92036,1.91721,1.04237
379,2.17321,2.67413,1.57578
379,2.12549,2.61769,1.12807
379,2.23053,2.72997,1.9878
379,2.24894,2.66159,1.745
379,2.17705,2.70263,1.59928
379,2.17686,2.71662,1.60425
379,2.13623,2.6545,1.11938
379,2.20955,2.6649,1.36708
379,2.25751,2.70549,1.11923
379,2.37534,2.82494,2.01785
379,2.36798,2.89676,2.04777
379,2.50282,2.78319,1.9528
379,2.34725,2.72858,1.10784
379,2.33059,2.89791,1.78497
379,2.37901,2.91824,2.05576
379,2.3847,2.93646,2.06082
379,2.51579,2.80401,1.94534
379,3.13996,2.11826,1.2352
379,3.14436,2.13515,1.23099
379,2.3949,2.96889,2.06986
379,2.38594,2.97678,2.06342
379,2.30768,2.83943,1.12188
379,2.39538,2.90902,1.64098
379,2.39883,3.00804,2.07367
379,2.41075,3.02724,2.07602
379,3.33042,2.28737,1.20216
379,2.46286,3.17942,1.84179
379,2.48826,3.3055,1.86027
379,3.43371,2.36073,1.18568
379,3.4047,2.58931,1.20612
379,3.53973,2.61491,1.70978
379,3.43837,2.60999,1.21581
379,3.43571,2.61605,1.20295
379,3.45569,2.64525,1.20764
379,3.47365,2.66426,1.19617
379,3.62359,2.65708,1.72461
379,3.50034,2.67357,1.18917
379,4.57943,1.66412,0.682585
379,3.57637,2.67302,1.21303
379,4.14137,2.27227,1.57666
379,3.56683,2.68439,1.21565
379,3.58392,2.67976,1.21083
379,4.61869,1.6783,0.669719
379,3.58328,2.68824,1.21565
379,4.66925,1.64577,0.683947
379,3.19432,3.16921,1.8519
379,3.57436,2.70956,1.22742
379,4.6814,1.64548,0.683446
379,4.64543,1.67872,0.669914
379,4.1643,2.29303,1.57472
379,4.69075,1.69827,0.676738
379,3.62899,2.72697,1.20983
379,3.64609,2.81895,1.17049
379,3.77515,2.78906,1.4827
379,4.32709,2.4021,1.57128
379,3.81683,2.82839,1.4777
379,3.81562,2.82746,1.44133
379,4.28965,2.43055,1.46435
379,3.75932,2.84011,1.20502
379,4.33537,2.36881,1.26961
379,3.97349,2.58923,0.732065
379,4.33033,2.40331,1.26376
379,3.78257,2.84884,1.14631
379,3.74081,2.88624,1.14773
379,4.02657,2.65277,1.18171
379,4.33584,2.44508,1.41915
379,4.35192,2.40937,1.2658
379,3.79165,2.86189,1.14453
379,3.99961,2.59287,0.720368
379,3.98178,2.61057,0.724335
379,3.99416,2.59981,0.720154
379,4.06882,2.6553,1.18935
379,3.82984,2.88241,1.13305
379,4.39462,2.44403,1.30801
379,4.1192,2.66241,1.19732
379,4.12488,2.6603,1.19698
379,4.07909,2.70048,1.18605
379,3.90364,2.85415,1.1923
379,4.38563,2.46874,1.30801
379,4.38206,2.49377,1.29997
379,3.82509,2.9533,1.15844
379,3.85245,2.9465,1.20324
379,3.93138,2.86863,1.11695
379,3.91891,2.97256,1.52461
379,4.07103,2.6767,0.72026
379,3.94662,2.87804,1.11344
379,3.89531,2.92949,1.12061
379,3.94851,2.90041,1.18607
379,3.98474,2.87673,1.14879
379,3.93667,2.93282,1.14511
379,3.96379,2.91292,1.13724
379,4.17389,2.74643,1.18069
379,4.18119,2.74592,1.18012
379,3.95491,2.93641,1.14053
379,3.98183,2.91784,1.11994
379,3.9273,2.96373,1.1104
379,5.147,1.80878,0.596073
379,3.99109,2.91322,1.11937
379,3.95638,2.95873,1.11469
379,3.99549,2.94681,1.17501
379,4.01224,2.92196,1.12373
379,4.00979,2.93067,1.12899
379,3.98479,2.95786,1.14613
379,3.96115,2.97557,1.11791
379,3.98538,2.98392,1.11008
379,4.03457,2.9749,1.17018
379,3.98234,3.00707,1.10379
379,3.95709,3.18125,1.15
379,3.9426,3.22902,1.133
379,4.01628,3.34149,1.10413
379,4.21538,3.52959,1.78515
379,6.12387,1.96684,1.85526
379,3.55285,4.07154,0.853853
379,6.24215,2.00904,1.88285
379,3.66595,4.0646,0.856444
379,4.35428,3.70856,1.89044
379,4.34308,3.92991,2.63532
379,5.18725,3.09756,1.38801
379,5.22513,3.15137,1.18055
379,3.82574,4.32518,0.8241
379,5.35845,2.9718,0.433295
379,4.48648,4.10894,2.02161
379,5.4466,2.97972,0.415445
379,5.36005,3.23235,1.1674
379,4.60725,4.30283,2.70412
379,5.40834,3.29973,1.17317
379,3.81761,4.75292,1.04913
379,3.83144,4.75005,1.04806
379,3.84138,4.75555,1.05508
379,6.68153,2.22917,0.250951
379,3.89851,4.79929,1.01911
379,5.72599,3.5387,1.12149
379,4.03975,4.97509,1.01559
379,5.64444,3.19168,-0.847852
379,5.57053,3.25981,-0.938145
379,7.05221,2.32532,0.132478
379,4.11591,5.05532,0.994322
379,6.01389,3.63569,1.63575
379,5.1546,4.67944,2.54104
379,4.36195,5.38837,0.950562
379,6.31022,3.67672,0.201239
379,6.31287,3.72589,0.197623
379,6.44462,3.71488,0.151763
379,4.56274,5.64834,0.913477
379,4.64778,5.74133,0.874937
379,5.70408,5.25259,2.70072
379,6.07338,5.69524,2.25446
379,5.20667,6.39133,0.801076
379,2.23487,2.81768,1.37056
378,2.23487,2.81768,1.37056
379,3.5964,2.67802,1.2173
378,3.5964,2.67802,1.2173
379,2.58937,2.33514,1.20591
378,2.58937,2.33514,1.20591
379,2.95821,2.94236,1.09246
378,2.95821,2.94236,1.09246
379,3.29603,3.69217,0.951306
378,3.29603,3.69217,0.951306
379,2.93551,3.03163,1.07283
378,2.93551,3.03163,1.07283
379,2.33096,1.86266,1.2966
378,2.33096,1.86266,1.2966
379,3.19325,3.24985,1.03686
378,3.19325,3.24985,1.03686
379,3.77401,2.84441,1.74218
355,3.77401,2.84441,1.74218
379,5.80718,6.49199,2.51399
355,5.80718,6.49199,2.51399
379,5.00429,2.7549,0.529285
356,5.00429,2.7549,0.529285
379,2.21323,2.80737,1.58521
239,2.21323,2.80737,1.58521
379,2.80063,2.91174,1.88558
239,2.80063,2.91174,1.88558
379,3.81127,3.07963,1.77203
239,3.81127,3.07963,1.77203
379,2.23896,2.92531,1.45214
239,2.23896,2.92531,1.45214
379,3.09904,2.99138,2.05074
220,3.09904,2.99138,2.05074
379,3.69638,3.31258,2.03083
220,3.69638,3.31258,2.03083
379,3.57487,3.09882,1.84463
219,3.57487,3.09882,1.84463
379,3.70278,3.10179,2.09961
219,3.70278,3.10179,2.09961
379,3.67531,3.03707,2.06972
219,3.67531,3.03707,2.06972
379,3.52424,3.07937,2.26609
219,3.52424,3.07937,2.26609
379,3.65573,3.07899,2.08825
219,3.65573,3.07899,2.08825
379,3.39076,3.25084,2.32298
219,3.39076,3.25084,2.32298
379,3.63328,3.11035,2.27836
219,3.63328,3.11035,2.27836
379,2.19005,2.67938,1.3832
240,2.19005,2.67938,1.3832
379,2.30587,2.85299,1.36044
240,2.30587,2.85299,1.36044
379,5.10159,2.86768,-0.539319
376,5.10159,2.86768,-0.539319
380,1.80115,1.90065,1.25286
380,1.818,1.90959,1.25016
380,1.81452,1.93963,1.24471
380,1.78367,1.94626,1.10095
380,1.82077,1.96538,1.26605
380,1.78793,1.94868,1.09561
380,1.79874,1.94401,1.09726
380,1.79668,1.9468,1.09735
380,1.79206,1.95346,1.09704
380,1.79999,1.94887,1.09648
380,1.80361,1.94644,1.09565
380,1.80871,1.9529,1.09563
380,1.80399,1.96623,1.07287
380,1.82785,1.96409,1.07163
380,1.82804,1.96437,1.07266
380,1.74994,2.40148,1.27158
380,1.74181,2.41912,1.27117
380,1.73871,2.43844,1.27234
380,1.74013,2.44617,1.27147
380,1.73696,2.44962,1.26984
380,1.73496,2.45534,1.27095
380,1.73217,2.46241,1.27113
380,1.73555,2.48312,1.26719
380,1.74819,2.48787,1.26492
380,1.71149,2.51433,1.2725
380,1.70686,2.53077,1.27466
380,1.70145,2.55167,1.27274
380,1.69918,2.55557,1.27549
380,1.69891,2.56226,1.27359
380,1.70901,2.56063,1.27209
380,1.69628,2.57148,1.27557
380,1.70011,2.57101,1.27481
380,1.69404,2.58243,1.27917
380,1.68403,2.60294,1.27796
380,1.68916,2.59863,1.27282
380,1.67213,2.66711,1.27567
380,1.67251,2.67673,1.278
380,2.30574,2.91633,2.00533
380,2.23768,2.88942,1.67037
380,2.23791,2.87878,1.56295
380,2.24102,2.88235,1.58376
380,2.31383,2.91106,1.79948
380,2.23652,2.87534,1.3991
380,2.25872,2.89189,1.4788
380,2.31702,2.93558,1.81038
380,2.30892,2.94253,1.80621
380,2.3203,2.93632,1.80779
380,2.26826,2.88838,1.4442
380,2.34871,2.91862,1.7952
380,2.25636,2.89554,1.43186
380,2.30322,2.82972,1.24388
380,2.26343,2.89947,1.43145
380,2.26273,2.90002,1.43148
380,2.30284,2.83082,1.2447
380,2.30686,2.81971,1.17479
380,2.30631,2.82819,1.18754
380,2.26171,2.90534,1.39244
380,2.28189,2.90902,1.40421
380,2.28468,2.91355,1.40395
380,2.27689,2.93111,1.43857
380,2.27995,2.9276,1.39069
380,2.2786,2.93227,1.39967
380,2.27634,2.93296,1.3775
380,2.5586,2.91135,1.96812
380,2.28074,2.95981,1.3731
380,2.56309,2.92153,1.96884
380,2.56029,2.91877,1.94761
380,2.56312,2.92275,1.95885
380,2.56331,2.92204,1.94027
380,2.5601,2.91473,1.87996
380,2.56152,2.91905,1.86519
380,2.30316,3.03246,1.40993
380,2.74262,2.74841,1.26829
380,2.3032,3.05705,1.36042
380,2.73411,2.76116,1.26346
380,2.73049,2.76423,1.26358
380,2.75106,2.76362,1.26655
380,2.76572,2.75661,1.26096
380,2.7536,2.76721,1.2661
380,2.75949,2.76449,1.25621
380,2.76651,2.78352,1.25557
380,2.76146,2.79123,1.24714
380,2.79661,2.74857,1.11807
380,2.80734,2.76075,1.16942
380,2.78672,2.79957,1.24853
380,2.8535,2.77252,1.24436
380,2.83642,2.76718,1.16556
380,3.01928,2.9397,1.81495
380,3.0586,2.96535,1.99704
380,3.02666,2.94881,1.82636
380,3.03114,2.94614,1.82719
380,3.04437,2.96228,1.90847
380,3.0659,2.97399,2.01689
380,3.03843,2.9546,1.85247
380,3.0424,2.95897,1.8731
380,3.03975,2.95628,1.85278
380,3.04189,2.96035,1.87249
380,3.04042,2.95899,1.85796
380,3.04941,2.96704,1.89948
380,3.07705,2.99299,2.01994
380,3.77111,2.82153,1.73064
380,3.81418,2.82504,1.73197
380,3.81821,2.82383,1.73587
380,3.81735,2.82275,1.72393
380,3.76475,2.82217,1.56503
380,3.84795,2.82115,1.79253
380,3.76403,2.81257,1.5068
380,3.76583,2.82023,1.53302
380,3.77425,2.82205,1.54757
380,3.80027,2.81935,1.5806
380,3.80418,2.82225,1.57439
380,3.80872,2.82614,1.49455
380,3.88248,2.8473,1.7761
380,3.82645,2.82665,1.48989
380,3.82306,2.83461,1.49447
380,3.74846,2.81817,1.19006
380,3.63982,3.06872,1.95053
380,3.74915,2.83054,1.22706
380,3.8418,2.83771,1.49412
380,3.85725,2.84495,1.56528
380,3.85408,2.84152,1.49394
380,3.64403,3.06924,1.88776
380,3.86706,2.83717,1.48059
380,3.93135,2.86804,1.78698
380,3.88423,2.85021,1.57242
380,3.65279,3.07611,1.89382
380,3.87904,2.84293,1.47899
380,3.65701,3.08007,1.88056
380,3.87942,2.84478,1.48144
380,3.6954,2.89103,1.16328
380,3.66236,3.09333,1.93969
380,3.87982,2.85348,1.51172
380,3.88415,2.84888,1.49346
380,3.68158,2.91771,1.22512
380,3.64103,3.09258,1.85627
380,3.66891,3.09985,1.96126
380,3.71156,2.88627,1.15847
380,3.66595,3.08681,1.89176
380,3.64358,3.09507,1.85319
380,3.66238,3.08681,1.86765
380,3.65096,3.10262,1.90017
380,3.66576,3.08841,1.86801
380,3.67034,3.09637,1.88969
380,3.84787,2.81711,1.17923
380,3.85471,2.81504,1.17877
380,3.85207,2.81171,1.14211
380,3.85627,2.8156,1.16004
380,3.73015,2.89761,1.15969
380,3.8515,2.8193,1.16022
380,3.88745,2.79869,1.15235
380,3.81076,3.14072,2.28258
380,3.81992,3.1036,2.11488
380,3.76268,3.13603,2.09197
380,3.88577,2.84833,1.19402
380,3.69707,3.11827,1.82308
380,3.68835,3.13243,1.83892
380,3.89604,2.84183,1.15016
380,3.89576,2.84124,1.13934
380,3.71254,3.13147,1.85706
380,3.83984,3.10423,2.09217
380,3.83057,3.15934,2.30347
380,3.82702,3.16723,2.30247
380,3.73848,2.97747,1.21015
380,3.75673,3.12806,1.89221
380,3.84445,3.1767,2.33906
380,3.72464,3.14293,1.83282
380,3.69712,3.01335,1.17368
380,3.67843,3.03145,1.19693
380,3.76852,3.13878,1.85639
380,3.74452,3.15372,1.82162
380,3.70645,3.02598,1.16253
380,3.76806,3.14764,1.85257
380,3.77159,3.1383,1.82069
380,3.77522,3.14182,1.82859
380,3.77913,3.15578,1.8267
380,3.78693,3.01126,1.18184
380,3.73693,3.05293,1.16119
380,3.73135,3.0624,1.14983
380,3.7431,3.06589,1.15042
380,3.75426,3.06382,1.14956
380,3.76402,3.064,1.15809
380,3.75993,3.06821,1.16043
380,3.77927,3.06068,1.15042
380,4.35279,2.88382,1.15796
380,4.85798,2.75164,1.53439
380,4.83031,2.74818,1.2721
380,4.85716,2.91913,1.56758
380,4.88408,2.94541,1.59485
380,4.92332,2.95043,1.55115
380,5.01873,2.84628,1.32284
380,4.93925,2.9687,1.51998
380,4.91857,2.9624,1.40088
380,4.99112,3.00491,1.20343
380,5.00856,3.01493,1.20134
380,5.01071,3.03735,1.22865
380,5.02654,3.0338,1.20024
380,4.98637,3.37325,2.21731
380,5.05491,3.41766,2.22739
380,5.16863,3.01324,0.488884
380,5.19973,3.0284,0.488243
380,5.22543,3.05646,0.503839
380,5.2554,3.11077,0.489026
380,5.12138,2.97441,-0.627115
380,5.29622,2.95925,-0.632404
380,5.2218,3.01818,-0.645493
380,5.30486,3.09616,-0.724998
380,5.34644,3.11428,-0.735031
380,2.70392,2.57366,1.27904
379,2.70392,2.57366,1.27904
380,2.28291,2.03405,1.25417
379,2.28291,2.03405,1.25417
380,2.32664,2.13403,1.23297
379,2.32664,2.13403,1.23297
380,2.24286,1.88263,1.29307
379,2.24286,1.88263,1.29307
380,2.55461,2.34672,1.30752
379,2.55461,2.34672,1.30752
380,2.16778,1.78229,1.30724
379,2.16778,1.78229,1.30724
380,2.41493,2.13509,1.32994
379,2.41493,2.13509,1.32994
380,2.34336,2.0568,1.24977
379,2.34336,2.0568,1.24977
380,2.33958,1.97912,1.27281
379,2.33958,1.97912,1.27281
380,2.39612,2.0618,1.25608
379,2.39612,2.0618,1.25608
380,2.21319,1.86355,1.29721
379,2.21319,1.86355,1.29721
380,2.23313,1.91651,1.28238
379,2.23313,1.91651,1.28238
380,2.43707,2.13664,1.24528
379,2.43707,2.13664,1.24528
380,2.52752,2.2706,1.21865
379,2.52752,2.2706,1.21865
380,2.37226,2.14138,1.23617
379,2.37226,2.14138,1.23617
380,2.36291,2.02681,1.26711
379,2.36291,2.02681,1.26711
380,2.35968,2.19219,1.22567
379,2.35968,2.19219,1.22567
380,2.36938,2.20561,1.22753
379,2.36938,2.20561,1.22753
380,3.31567,3.43691,0.998034
379,3.31567,3.43691,0.998034
380,2.3377,1.9893,1.27576
379,2.3377,1.9893,1.27576
380,3.22993,3.31101,1.01128
379,3.22993,3.31101,1.01128
380,2.36912,2.20822,1.22321
379,2.36912,2.20822,1.22321
380,3.8388,2.88642,1.21453
378,3.8388,2.88642,1.21453
380,3.73078,2.93162,1.15936
378,3.73078,2.93162,1.15936
380,2.58165,2.34424,1.20616
378,2.58165,2.34424,1.20616
380,3.88733,2.88823,1.5771
378,3.88733,2.88823,1.5771
380,3.84013,2.85629,1.58137
378,3.84013,2.85629,1.58137
380,3.85364,2.86792,1.58941
378,3.85364,2.86792,1.58941
380,2.13407,2.35097,1.65534
356,2.13407,2.35097,1.65534
380,1.57147,2.84049,1.33793
356,1.57147,2.84049,1.33793
380,1.5735,2.85553,1.34799
239,1.5735,2.85553,1.34799
380,1.57842,2.52771,1.36818
239,1.57842,2.52771,1.36818
380,2.54372,3.84845,1.79251
240,2.54372,3.84845,1.79251
381,1.84795,1.91551,1.25298
381,1.81823,1.93193,1.25104
381,1.86726,1.91251,1.24668
381,1.82425,1.93751,1.24742
381,1.78577,1.93679,1.10477
381,1.80328,1.95623,1.22764
381,1.75211,2.37183,1.27687
381,1.74495,2.37582,1.27961
381,1.74181,2.38704,1.27835
381,1.73955,2.39463,1.27882
381,1.73844,2.39781,1.27719
381,1.73104,2.43298,1.27832
381,1.72436,2.4643,1.27606
381,1.71944,2.47812,1.27738
381,1.71232,2.50712,1.27766
381,1.71247,2.51326,1.2775
381,1.71224,2.52047,1.27657
381,1.7076,2.5296,1.27583
381,1.70445,2.54397,1.27774
381,1.71057,2.54524,1.27741
381,1.6987,2.57732,1.27754
381,1.69135,2.62186,1.27927
381,2.14468,2.73534,1.90919
381,2.15138,2.75056,1.89764
381,2.21367,2.63937,1.27552
381,1.59616,2.94851,1.29909
381,1.61198,2.95982,1.3384
381,1.62993,2.95261,1.28384
381,1.6322,2.96537,1.28537
381,1.61353,2.98585,1.33508
381,2.26454,2.69312,1.18695
381,2.26552,2.69478,1.18922
381,2.2621,2.70566,1.20286
381,2.26431,2.71904,1.18779
381,2.30738,2.88644,1.97459
381,2.75644,2.54178,1.14345
381,2.36705,2.81725,1.62464
381,2.36437,2.81975,1.62139
381,2.32149,2.91824,1.97723
381,2.37658,2.84697,1.71797
381,2.78682,2.54369,1.14003
381,2.38591,2.85689,1.7517
381,2.38872,2.86615,1.78454
381,2.38353,2.86363,1.74733
381,2.39093,2.87542,1.78496
381,2.24666,2.93435,1.74348
381,2.39428,2.88136,1.78376
381,2.24645,2.93808,1.7439
381,2.29141,2.99029,2.07294
381,2.70126,2.61786,1.17158
381,2.36808,2.90206,1.79754
381,2.35821,2.91197,1.803
381,2.71034,2.62263,1.17027
381,2.301,2.93985,1.80211
381,2.30045,2.94569,1.8081
381,2.2214,2.95793,1.69611
381,2.2987,3.00669,2.07361
381,2.29777,3.01109,2.06973
381,2.22334,2.9687,1.72333
381,2.35461,2.80477,1.17422
381,2.34292,2.96923,1.837
381,2.36675,2.81956,1.16208
381,2.34576,2.97493,1.83354
381,2.36178,2.8205,1.15027
381,2.24995,3.01774,1.72485
381,2.37808,2.83934,1.15541
381,2.38273,2.84668,1.17956
381,2.25225,3.02348,1.71609
381,2.27046,3.02911,1.73279
381,2.26,3.0509,1.73302
381,2.26415,3.04456,1.70698
381,2.81026,2.71233,1.26525
381,2.81162,2.72058,1.26563
381,2.27751,3.06154,1.68639
381,2.29037,3.01216,1.4376
381,2.87465,2.72201,1.25385
381,2.29,3.01813,1.42025
381,2.29309,3.01877,1.42309
381,2.28944,3.0179,1.40649
381,2.2979,3.01849,1.41985
381,2.87898,2.73076,1.25279
381,2.8854,2.73683,1.24944
381,2.91766,2.7255,1.24185
381,2.92196,2.72977,1.23267
381,2.94522,2.73321,1.23291
381,3.05259,2.94767,2.01272
381,3.05245,2.95117,2.0169
381,3.03916,2.95286,1.90516
381,3.05097,2.95611,1.92022
381,3.06231,2.97492,1.91256
381,3.05471,2.97725,1.86133
381,3.05522,2.9775,1.85277
381,3.74654,2.809,1.77055
381,3.7549,2.80657,1.77038
381,3.78261,2.8025,1.78559
381,3.7506,2.81008,1.7478
381,3.7601,2.80847,1.74773
381,3.77175,2.82803,1.77633
381,3.79969,2.811,1.74075
381,3.76713,2.82245,1.7256
381,3.80676,2.81331,1.74504
381,3.79264,2.83067,1.74908
381,3.82376,2.82838,1.74917
381,3.78796,2.8146,1.56917
381,3.75978,2.82193,1.54258
381,3.79208,2.81647,1.55546
381,3.8568,2.83891,1.78839
381,3.77965,2.83097,1.47309
381,3.80178,2.83943,1.52158
381,3.81433,2.82573,1.47193
381,3.81205,2.84997,1.57829
381,3.82833,2.84164,1.56955
381,3.79529,2.84457,1.51221
381,3.82826,2.84617,1.49679
381,3.74487,2.81063,1.16316
381,3.84388,2.83969,1.49619
381,3.86174,2.83342,1.4792
381,3.8444,2.84632,1.48556
381,3.85778,2.85988,1.57323
381,3.74068,2.85057,1.20372
381,3.84291,2.79565,1.15395
381,3.78088,2.8239,1.15428
381,3.83747,2.80331,1.16384
381,3.84168,2.80803,1.1834
381,3.76272,2.85701,1.226
381,3.62109,3.06808,1.9119
381,3.78104,2.85299,1.23345
381,3.84301,2.82141,1.18054
381,3.79825,2.83672,1.14488
381,3.87432,2.81133,1.15292
381,3.89259,2.89153,1.46728
381,3.70661,2.91834,1.1672
381,3.7552,2.90291,1.16012
381,3.89935,2.85227,1.21421
381,3.7255,2.93833,1.16259
381,3.74622,2.93625,1.15792
381,3.76541,2.93652,1.17452
381,3.74149,2.97003,1.21721
381,3.78601,3.0688,1.75524
381,3.67014,3.03554,1.17366
381,3.70227,3.02805,1.17185
381,3.77459,3.00485,1.20525
381,3.78325,3.02416,1.17478
381,3.79633,3.02145,1.18709
381,3.73809,3.06263,1.17262
381,3.75159,3.05799,1.16155
381,4.3677,2.8677,1.08168
381,4.3796,2.87936,1.15562
381,4.35699,2.89144,1.15636
381,4.87078,3.27218,2.19954
381,4.9819,3.19604,1.8646
381,4.78381,3.32297,1.90416
381,5.11949,3.00558,0.518264
381,5.15506,3.03897,0.533136
381,5.07476,2.97462,-0.616451
381,2.40804,2.87512,1.04319
380,2.40804,2.87512,1.04319
381,3.07414,2.99584,1.86454
380,3.07414,2.99584,1.86454
381,1.73221,2.80158,1.2462
380,1.73221,2.80158,1.2462
381,2.24049,2.68165,1.26739
380,2.24049,2.68165,1.26739
381,2.84694,2.75724,1.25723
380,2.84694,2.75724,1.25723
381,3.55574,2.98893,2.00465
380,3.55574,2.98893,2.00465
381,2.43174,2.29156,1.19355
380,2.43174,2.29156,1.19355
381,2.48839,2.37076,1.17514
380,2.48839,2.37076,1.17514
381,2.3449,2.79947,1.97834
380,2.3449,2.79947,1.97834
381,3.58127,3.01338,2.01237
380,3.58127,3.01338,2.01237
381,3.81515,2.82555,1.14835
380,3.81515,2.82555,1.14835
381,1.70641,2.59955,1.27312
380,1.70641,2.59955,1.27312
381,2.3545,2.81325,1.72062
380,2.3545,2.81325,1.72062
381,2.45884,2.26421,1.19962
380,2.45884,2.26421,1.19962
381,2.50592,2.39535,1.16895
380,2.50592,2.39535,1.16895
381,1.72074,2.33491,1.28938
380,1.72074,2.33491,1.28938
381,1.8051,1.90624,1.25337
380,1.8051,1.90624,1.25337
381,1.80531,1.90655,1.25532
380,1.80531,1.90655,1.25532
381,2.51676,2.41015,1.16778
380,2.51676,2.41015,1.16778
381,2.80653,2.63504,1.11659
380,2.80653,2.63504,1.11659
381,3.09952,2.94175,1.0614
380,3.09952,2.94175,1.0614
381,2.99973,2.87839,1.06038
380,2.99973,2.87839,1.06038
381,1.7947,1.92805,1.09575
380,1.7947,1.92805,1.09575
381,3.5227,3.45886,0.940221
380,3.5227,3.45886,0.940221
381,3.87924,2.83532,1.20826
380,3.87924,2.83532,1.20826
381,1.76978,2.60095,1.25275
380,1.76978,2.60095,1.25275
381,1.60463,2.98345,1.33584
380,1.60463,2.98345,1.33584
381,2.37314,2.23793,1.20212
379,2.37314,2.23793,1.20212
381,2.31549,3.18369,1.72798
379,2.31549,3.18369,1.72798
381,3.01511,2.91876,1.90063
378,3.01511,2.91876,1.90063
381,3.75532,3.04789,2.25848
378,3.75532,3.04789,2.25848
381,2.27312,3.04997,1.06826
378,2.27312,3.04997,1.06826
381,3.62861,3.05911,1.88615
378,3.62861,3.05911,1.88615
381,1.81913,1.97205,1.2645
239,1.81913,1.97205,1.2645
381,1.72741,2.62141,1.26556
238,1.72741,2.62141,1.26556
381,2.44279,3.44358,1.77629
240,2.44279,3.44358,1.77629
382,1.86323,1.89273,1.25639
382,1.86488,1.89591,1.25553
382,1.85948,1.90344,1.24946
382,1.86744,1.90459,1.25518
382,1.85729,1.90951,1.25035
382,1.86121,1.91332,1.25031
382,1.81189,1.91387,1.12336
382,1.78495,1.92301,1.10998
382,1.79784,1.92675,1.14347
382,1.80296,1.92582,1.14306
382,1.79451,1.92291,1.10964
382,1.83451,1.94281,1.24232
382,1.79911,1.9295,1.11072
382,1.82912,1.95075,1.24112
382,1.85821,1.94126,1.2432
382,1.784,1.93855,1.10984
382,1.81981,1.96842,1.23837
382,2.39034,2.00002,1.25443
382,2.50833,2.1869,1.21911
382,2.52583,2.22786,1.21827
382,2.51188,2.23992,1.20666
382,1.97697,2.42448,1.20081
382,1.97646,2.43466,1.19907
382,1.9884,2.44874,1.19554
382,1.71655,2.56499,1.26849
382,1.72637,2.57432,1.26816
382,2.61867,2.27,1.28231
382,2.60905,2.27958,1.28928
382,1.71172,2.5914,1.27126
382,1.74152,2.59073,1.26534
382,2.57591,2.31227,1.29163
382,1.70926,2.61445,1.26839
382,1.70694,2.63539,1.27115
382,1.70738,2.63974,1.26979
382,1.72128,2.64041,1.27295
382,1.72819,2.6418,1.26907
382,1.70046,2.68218,1.26949
382,1.70107,2.6911,1.2702
382,2.57372,2.40881,1.2893
382,2.58788,2.43077,1.29418
382,2.56765,2.44689,1.30024
382,2.56894,2.45113,1.29918
382,2.57839,2.46184,1.30179
382,2.56657,2.46703,1.29081
382,2.23622,2.71799,1.9006
382,1.58667,2.92621,1.2549
382,2.35184,2.8368,2.02279
382,2.35729,2.83094,2.0009
382,1.58834,2.9346,1.25584
382,2.36036,2.83601,2.00338
382,2.35744,2.84382,2.02824
382,2.3554,2.83759,1.99283
382,2.36315,2.85651,2.05603
382,1.59656,2.98483,1.32364
382,1.60726,2.9713,1.27665
382,1.60949,2.97423,1.27441
382,2.35799,2.83456,1.79756
382,1.62394,2.97849,1.27744
382,2.35673,2.83054,1.74453
382,1.62108,2.9968,1.33716
382,1.62607,2.98998,1.27659
382,2.19739,2.87829,1.65839
382,1.64042,2.99216,1.27937
382,2.38191,2.86348,1.80734
382,1.59473,3.06721,1.321
382,2.24112,2.90923,1.6027
382,2.28006,2.9838,1.89021
382,2.29261,2.99102,1.92207
382,2.24117,2.96408,1.69602
382,1.62693,3.10461,1.32433
382,2.27205,2.97181,1.72285
382,2.27136,2.97038,1.71195
382,2.27437,2.9883,1.73098
382,2.2699,3.00037,1.76045
382,2.28059,2.99035,1.71906
382,2.29117,3.01036,1.70738
382,2.28505,3.0245,1.75427
382,2.25559,3.02248,1.69498
382,2.28537,3.02491,1.73154
382,2.27438,3.02917,1.72482
382,2.27996,3.04017,1.73976
382,2.25786,3.0491,1.72606
382,2.28932,3.08006,1.80639
382,2.27251,3.07474,1.73294
382,2.26303,3.08199,1.73898
382,2.2744,3.0759,1.72183
382,2.27606,3.07925,1.73341
382,2.28015,3.08302,1.71122
382,2.28001,3.10029,1.74684
382,3.38829,2.81455,1.93839
382,3.4155,2.87287,1.85186
382,3.44802,2.86261,1.84089
382,3.45101,2.8628,1.82039
382,3.4387,2.89031,1.86878
382,3.70718,2.78883,1.7698
382,3.71196,2.78856,1.73962
382,3.71666,2.78819,1.70924
382,3.78986,2.79,1.74358
382,3.75389,2.81298,1.77758
382,3.75682,2.75147,1.48685
382,3.81481,2.81948,1.78785
382,3.73141,2.79413,1.53921
382,3.76848,2.839,1.77663
382,3.77938,2.77237,1.48295
382,3.74786,2.79825,1.47556
382,3.74381,2.74754,1.21931
382,3.75809,2.74714,1.21814
382,3.76442,2.82079,1.53955
382,3.76641,2.81897,1.51281
382,3.77955,2.75978,1.19667
382,3.78803,2.76866,1.20108
382,3.74446,2.7876,1.15556
382,3.77993,2.7937,1.15451
382,3.75127,2.81609,1.15198
382,3.79536,2.85944,1.23973
382,3.7752,2.8614,1.21698
382,3.70501,2.97158,1.19124
382,3.71466,2.97134,1.19887
382,3.72946,2.97123,1.2103
382,3.66872,2.98515,1.17576
382,3.74817,2.99304,1.19748
382,3.69928,3.01546,1.16845
382,1.76782,2.49839,1.25969
380,1.76782,2.49839,1.25969
382,2.76895,2.62179,1.17913
380,2.76895,2.62179,1.17913
382,1.72862,2.43669,1.27696
380,1.72862,2.43669,1.27696
382,2.32264,2.01715,1.34235
380,2.32264,2.01715,1.34235
382,2.53019,2.20005,1.21537
380,2.53019,2.20005,1.21537
382,2.33883,1.87539,1.29149
379,2.33883,1.87539,1.29149
382,2.81714,4.57577,0.845446
378,2.81714,4.57577,0.845446
382,2.33969,3.2509,1.04794
378,2.33969,3.2509,1.04794
382,2.94383,4.62171,0.803608
378,2.94383,4.62171,0.803608
382,2.62638,2.53557,1.27835
239,2.62638,2.53557,1.27835
382,2.59719,2.50387,1.29221
239,2.59719,2.50387,1.29221
383,1.77763,1.92687,1.16658
383,1.78925,1.92514,1.15861
383,1.79543,1.92438,1.16151
383,1.79468,1.92572,1.16008
383,1.7928,1.94498,1.22664
383,1.79771,1.95253,1.25876
383,1.79576,1.94293,1.21688
383,1.80187,1.95249,1.2585
383,1.79224,1.92799,1.1445
383,1.79874,1.95524,1.25732
383,1.79923,1.94457,1.21565
383,1.80324,1.97813,1.28723
383,1.78825,1.93425,1.09235
383,1.83391,1.92614,1.0996
383,1.81196,1.97159,1.25535
383,1.82568,1.92972,1.10392
383,1.82578,1.92987,1.10386
383,1.83573,1.92785,1.10358
383,1.81578,1.97821,1.26031
383,1.82554,1.93463,1.09414
383,1.82795,1.97166,1.24089
383,1.80933,1.93907,1.08836
383,1.89232,1.95586,1.2335
383,1.84141,1.97863,1.2435
383,1.82714,1.98566,1.25257
383,1.84402,1.98277,1.24499
383,1.82791,1.98414,1.23331
383,1.83557,1.99954,1.25877
383,1.89948,1.98186,1.25341
383,1.9094,1.99538,1.25062
383,1.90577,2.00149,1.24066
383,1.85205,2.01834,1.22347
383,1.84081,2.04372,1.26923
383,1.91716,2.03336,1.24134
383,1.882,2.05606,1.25349
383,1.92798,2.04579,1.23759
383,0.723099,2.60707,1.33514
383,2.50184,2.1317,1.23024
383,0.735849,2.6464,1.32685
383,1.91855,2.3164,1.2314
383,0.734634,2.65157,1.32624
383,1.9281,2.33656,1.22964
383,0.715849,2.7149,1.35499
383,0.71683,2.72153,1.3618
383,0.720566,2.71286,1.32187
383,0.755984,2.72522,1.37182
383,0.712996,2.735,1.35295
383,0.71077,2.73854,1.35441
383,0.70663,2.73422,1.31511
383,1.94451,2.40396,1.21809
383,0.71821,2.75791,1.32826
383,1.95391,2.42222,1.2135
383,1.95675,2.42709,1.21525
383,2.49294,2.30089,1.2068
383,2.46127,2.30936,1.20697
383,1.75431,2.51468,1.2711
383,1.78934,2.53856,1.25948
383,1.75921,2.55047,1.26563
383,1.73738,2.57587,1.27208
383,1.7765,2.56612,1.26389
383,1.74266,2.58055,1.2686
383,1.98236,2.50775,1.20637
383,2.54724,2.39145,1.30311
383,1.73857,2.59461,1.27169
383,1.72776,2.60988,1.27002
383,1.72769,2.61668,1.27141
383,1.73547,2.61909,1.27018
383,2.07256,2.64788,1.70515
383,2.53396,2.42945,1.30719
383,2.53562,2.43718,1.30461
383,1.72583,2.63969,1.27303
383,1.9995,2.57075,1.21301
383,1.72221,2.66541,1.27048
383,2.08683,2.6871,1.70562
383,1.71655,2.67347,1.26962
383,1.74997,2.66529,1.26729
383,1.71838,2.67654,1.27315
383,2.09608,2.69846,1.70958
383,2.10075,2.71233,1.75748
383,2.09843,2.70283,1.71079
383,1.71572,2.69639,1.2706
383,2.1031,2.70964,1.69693
383,2.12743,2.74108,1.84315
383,2.1131,2.73376,1.67887
383,2.12008,2.77469,1.73709
383,2.02927,2.66345,1.20354
383,2.29115,2.78383,1.78882
383,2.17885,2.83402,1.86044
383,2.1748,2.85103,1.88038
383,1.70228,2.81908,1.26766
383,2.37078,2.85391,2.00475
383,2.18933,2.88595,1.88262
383,2.36303,2.84326,1.80961
383,2.18413,2.89325,1.74964
383,2.37229,2.8486,1.74885
383,2.37378,2.85303,1.76122
383,1.58464,2.93116,1.25646
383,2.37827,2.8564,1.73962
383,2.38959,2.87238,1.81362
383,2.19119,2.90519,1.74085
383,2.37912,2.85632,1.72944
383,1.59079,2.95123,1.25364
383,2.39472,2.88013,1.75427
383,1.60978,2.98444,1.32778
383,1.62181,2.9665,1.25991
383,1.61389,2.97902,1.2952
383,1.61973,2.97587,1.28224
383,1.62535,2.97233,1.25615
383,1.61112,2.99425,1.32648
383,1.61501,2.98452,1.28012
383,1.62692,2.99679,1.33977
383,1.61739,2.99684,1.32823
383,1.62799,2.9727,1.24147
383,1.60757,3.00279,1.33345
383,1.61374,3.00476,1.33856
383,1.63245,2.99071,1.29002
383,1.62802,3.00743,1.34449
383,1.63747,2.98847,1.27908
383,1.63179,3.00896,1.34316
383,2.28619,2.98535,1.90234
383,1.64473,2.99461,1.28365
383,2.24361,3.00343,1.89516
383,2.29062,2.99629,1.89998
383,2.3155,3.01961,1.94551
383,2.30259,3.0185,1.90626
383,1.62323,3.05132,1.33698
383,2.26143,3.0407,1.90524
383,2.24003,3.01001,1.76012
383,1.60506,3.10128,1.35448
383,2.28925,3.03115,1.76054
383,3.01875,2.91981,1.99328
383,2.35035,3.05273,1.81687
383,2.30747,3.05028,1.74517
383,2.3082,3.11013,1.93697
383,2.35874,3.06747,1.82072
383,1.63501,3.13118,1.33134
383,2.35372,3.06975,1.81868
383,2.26045,3.074,1.73779
383,2.2661,3.05712,1.66317
383,2.26736,3.06135,1.6802
383,2.2686,3.06428,1.686
383,3.37041,2.83038,1.82708
383,3.36199,2.84144,1.82826
383,2.28151,3.09067,1.70862
383,3.06132,2.96434,2.00379
383,2.27901,3.08129,1.66566
383,2.33471,3.19798,2.0105
383,3.61825,2.95717,1.19062
383,1.63189,2.38093,1.31182
381,1.63189,2.38093,1.31182
383,2.16859,2.83317,1.67033
381,2.16859,2.83317,1.67033
383,2.23211,2.92773,1.93899
381,2.23211,2.92773,1.93899
383,2.28141,3.04192,1.96326
381,2.28141,3.04192,1.96326
383,1.7575,1.51971,1.38539
381,1.7575,1.51971,1.38539
383,2.21332,2.94208,1.68693
380,2.21332,2.94208,1.68693
383,3.03078,4.26593,1.71628
380,3.03078,4.26593,1.71628
383,1.70514,2.69992,1.27065
380,1.70514,2.69992,1.27065
383,2.37149,3.26332,1.85888
238,2.37149,3.26332,1.85888
383,2.11645,1.97855,1.75691
379,2.11645,1.97855,1.75691
383,1.83357,1.99363,1.2597
379,1.83357,1.99363,1.2597
383,1.83315,1.99143,1.26019
379,1.83315,1.99143,1.26019
384,1.76365,1.90505,1.23228
384,1.78404,1.92414,1.2379
384,1.77343,1.90044,1.12456
384,1.80467,1.89462,1.11498
384,1.77441,1.89795,1.10571
384,1.77542,1.89932,1.10513
384,1.79366,1.93632,1.24169
384,1.78814,1.90194,1.1
384,1.8139,1.93923,1.24076
384,1.7439,1.89851,1.0196
384,1.83427,1.96453,1.24553
384,1.91812,1.96861,1.23835
384,1.88508,1.97185,1.21894
384,1.91504,1.98422,1.22455
384,2.14801,1.96343,1.27426
384,1.84681,2.0171,1.24996
384,1.92739,2.00239,1.24444
384,1.75265,1.90245,0.739656
384,1.75133,1.90506,0.744655
384,2.20017,2.01082,1.28063
384,1.89621,2.05548,1.23757
384,2.25211,2.09532,1.29444
384,0.711845,2.48222,1.36333
384,0.727123,2.48797,1.34588
384,0.727427,2.49611,1.34583
384,0.735493,2.52812,1.37264
384,0.717343,2.54402,1.33487
384,0.77956,2.55428,1.38615
384,0.739917,2.55512,1.34532
384,0.695675,2.55105,1.24739
384,0.736975,2.58727,1.34055
384,1.96918,2.53087,1.20957
384,1.99555,2.53823,1.20057
384,1.90051,2.58397,1.25317
384,1.90879,2.61615,1.23958
384,2.02185,2.66739,1.1934
384,2.01168,2.68313,1.1909
384,1.7635,2.74364,1.25847
384,2.37938,2.8661,1.8593
384,1.76029,2.87608,1.25794
384,2.44274,2.95931,1.86262
384,2.44255,2.95667,1.82721
384,2.44874,2.96201,1.81095
384,1.61981,3.03295,1.23351
384,1.63887,3.07007,1.33147
384,1.64405,3.07077,1.33133
384,1.65513,3.07407,1.32608
384,1.6617,3.08662,1.32483
384,1.66824,3.19513,1.32642
384,1.69262,3.30407,1.31504
384,1.83204,2.00419,1.13876
382,1.83204,2.00419,1.13876
384,2.24103,2.97898,1.92071
382,2.24103,2.97898,1.92071
384,1.81833,1.97452,1.26352
382,1.81833,1.97452,1.26352
384,1.81833,1.97452,1.26352
382,1.81833,1.97452,1.26352
384,1.81833,1.97452,1.26352
382,1.81833,1.97452,1.26352
384,1.7731,1.89534,1.13328
382,1.7731,1.89534,1.13328
384,1.79557,1.92786,1.11248
382,1.79557,1.92786,1.11248
384,1.78735,1.92458,1.15864
381,1.78735,1.92458,1.15864
384,1.81409,1.9774,1.13915
381,1.81409,1.9774,1.13915
384,1.76946,1.88964,1.17233
381,1.76946,1.88964,1.17233
384,1.81383,1.98582,1.21775
381,1.81383,1.98582,1.21775
384,1.82418,2.00638,1.21177
381,1.82418,2.00638,1.21177
384,1.77493,1.90926,1.24192
381,1.77493,1.90926,1.24192
384,1.56729,2.8508,1.26514
356,1.56729,2.8508,1.26514
384,1.79715,1.96027,0.69481
356,1.79715,1.96027,0.69481
384,1.79737,1.96005,0.695223
356,1.79737,1.96005,0.695223
384,1.79808,1.96502,0.695097
356,1.79808,1.96502,0.695097
384,1.80549,1.97529,0.960037
357,1.80549,1.97529,0.960037
384,1.80649,1.97731,0.961138
357,1.80649,1.97731,0.961138
385,1.76546,1.8874,1.22738
385,1.76681,1.88592,1.17393
385,1.76006,1.88177,1.13741
385,1.75414,1.89138,1.16128
385,1.75994,1.88537,1.09761
385,1.76812,1.8935,1.12307
385,1.72744,1.89095,1.02745
385,1.73469,1.89706,1.01754
385,0.260638,2.1306,1.39119
385,1.93471,2.27408,1.25129
385,1.93398,2.27759,1.24902
385,1.97838,2.3182,1.24198
385,2.02926,2.37075,1.2098
385,2.08378,2.39077,1.19141
385,0.73198,2.53566,1.34759
385,0.741922,2.54172,1.34663
385,2.10124,2.41761,1.18204
385,0.728063,2.55952,1.33399
385,2.12463,2.4419,1.20216
385,0.737369,2.572,1.33221
385,2.09227,2.45203,1.19001
385,2.09234,2.45161,1.18784
385,-0.0753405,2.49283,0.857764
385,2.13054,2.46873,1.19123
385,-0.0823143,2.49463,0.800846
385,2.09833,2.47825,1.1904
385,-0.0381458,2.50532,0.833824
385,-0.0504721,2.43231,0.539736
385,2.11917,2.49234,1.18224
385,-0.0746404,2.48143,0.679341
385,2.14816,2.49633,1.18056
385,2.1246,2.49803,1.18096
385,-0.0835893,2.46545,0.612761
385,-0.0771332,2.46784,0.619882
385,-0.0703681,2.46125,0.596649
385,2.14524,2.49841,1.17354
385,-0.0717207,2.46915,0.611605
385,-0.0498269,2.46281,0.592671
385,-0.0575583,2.46619,0.596208
385,-0.0795404,2.49266,0.67685
385,2.15317,2.51144,1.17295
385,-0.0896386,2.50692,0.663438
385,1.82445,2.57047,1.24617
385,-0.0705141,2.49006,0.576874
385,2.22518,2.7106,1.77894
385,0.680895,2.41496,0.433737
385,2.22764,2.71742,1.77608
385,0.685535,2.42252,0.430271
385,-0.0857245,2.52249,0.559387
385,2.20319,2.58145,1.16927
385,1.75468,2.63815,1.26021
385,1.77473,2.6974,1.25761
385,-0.118527,2.56042,0.32768
385,-0.136767,2.57216,0.337073
385,2.35367,2.81061,1.59602
385,2.38212,2.85669,1.75934
385,1.76726,2.76418,1.25735
385,2.39882,2.87969,1.78251
385,1.74765,2.79022,1.25734
385,2.35854,2.97411,1.83766
385,1.85336,2.84745,1.23154
385,2.38217,3.14015,1.92228
385,-0.353165,3.00612,0.618227
385,-0.359333,3.01932,0.558577
385,1.64788,3.11126,1.21189
385,2.43959,3.35267,1.96668
385,2.28591,3.1201,1.12415
385,1.74268,3.22219,1.25677
385,2.36364,3.25976,1.10141
385,2.39345,3.31093,1.13109
385,2.8183,3.90256,1.7553
385,3.27752,4.70371,2.16022
385,2.18418,2.78928,1.62821
383,2.18418,2.78928,1.62821
385,1.60994,2.4047,1.31149
383,1.60994,2.4047,1.31149
385,2.38978,2.86972,1.81224
383,2.38978,2.86972,1.81224
385,2.21157,3.23497,1.45026
383,2.21157,3.23497,1.45026
385,1.73032,2.61439,1.26376
382,1.73032,2.61439,1.26376
385,1.7435,2.68324,1.25757
382,1.7435,2.68324,1.25757
385,1.64406,2.49013,1.29688
382,1.64406,2.49013,1.29688
385,1.74541,2.63994,1.26124
382,1.74541,2.63994,1.26124
385,0.337074,1.93825,1.61451
238,0.337074,1.93825,1.61451
385,2.11835,2.48622,1.68168
357,2.11835,2.48622,1.68168
385,-0.508167,3.19678,0.400202
357,-0.508167,3.19678,0.400202
385,-0.415522,3.10947,0.440747
357,-0.415522,3.10947,0.440747
385,2.16183,2.54587,1.64405
356,2.16183,2.54587,1.64405
385,2.16238,2.54736,1.64568
356,2.16238,2.54736,1.64568
385,2.15995,2.54268,1.64549
356,2.15995,2.54268,1.64549
386,0.249121,2.15765,1.40743
386,0.022016,2.29832,1.67453
386,0.0159738,2.3092,1.67545
386,-0.177008,2.45067,1.79215
386,0.0910034,2.32881,1.2174
386,0.0881038,2.33747,1.20877
386,0.0608979,2.32775,1.16466
386,0.0582448,2.33447,1.16825
386,0.0579249,2.33521,1.16849
386,0.0571185,2.33599,1.16577
386,-0.000509024,2.40908,1.35877
386,-0.0456333,2.41804,1.39306
386,0.0403869,2.35833,1.15679
386,-0.00637162,2.4254,1.3553
386,-0.0248418,2.42368,1.35
386,-0.0512825,2.43198,1.38271
386,-0.0257736,2.42415,1.34724
386,-0.0593685,2.44241,1.38625
386,-0.0658684,2.44689,1.37164
386,-0.0673897,2.45099,1.38172
386,-0.0667993,2.45186,1.38161
386,-0.0273237,2.39258,1.13036
386,-0.0451471,2.399,1.10012
386,-0.031717,2.40954,1.12746
386,-0.0292403,2.39859,1.08049
386,-0.0632455,2.40626,1.0875
386,-0.0394091,2.42032,1.12606
386,-0.0694811,2.41072,1.09562
386,-0.0505496,2.41438,1.10094
386,-0.046653,2.41492,1.10205
386,-0.0720194,2.41515,1.09439
386,-0.0144663,2.40038,1.03174
386,0.707739,2.54032,1.37787
386,-0.0778564,2.42921,1.09043
386,-0.313226,2.65326,1.84087
386,-0.0312016,2.43016,0.997427
386,-0.038808,2.43916,1.00297
386,-0.0535468,2.42456,0.951398
386,0.705306,2.58276,1.37241
386,-0.0588446,2.44563,0.975503
386,-0.0707552,2.46409,0.967486
386,-0.0453764,2.46644,0.946918
386,-0.0754024,2.46627,0.947555
386,-0.0768594,2.47,0.857922
386,1.77865,2.67004,1.2543
386,0.658175,2.40865,0.423244
386,-0.0976478,2.50189,0.85715
386,-0.103418,2.50659,0.853785
386,1.77552,2.7048,1.25439
386,-0.0917038,2.46287,0.613162
386,-0.0786471,2.46823,0.60028
386,-0.0927574,2.46768,0.575892
386,1.80089,2.73687,1.24782
386,1.80529,2.74073,1.25007
386,-0.160057,2.42288,0.344802
386,-0.0930545,2.49211,0.575344
386,-0.094376,2.48873,0.556724
386,1.77672,2.76376,1.25326
386,-0.0945438,2.49517,0.548325
386,1.78454,2.78035,1.24955
386,-0.155508,2.4618,0.328836
386,1.80074,2.80678,1.25001
386,-0.149601,2.49079,0.333423
386,-0.160187,2.48964,0.283792
386,1.86452,2.93312,1.23528
386,-0.182931,2.61905,0.30362
386,-0.162551,2.59272,0.168606
386,-0.184596,2.63952,0.300595
386,-0.175612,2.62061,0.21931
386,-0.192923,2.64357,0.288769
386,1.64608,3.06181,1.33003
386,1.65832,3.06394,1.3295
386,1.66289,3.06184,1.32037
386,1.66511,3.07116,1.33329
386,-0.231716,2.67576,0.172739
386,2.328,3.17443,1.13571
386,3.90156,5.48059,1.87956
386,0.656239,2.64893,1.34478
384,0.656239,2.64893,1.34478
386,0.654255,2.65803,1.34381
384,0.654255,2.65803,1.34381
386,0.64193,2.71459,1.33779
384,0.64193,2.71459,1.33779
386,0.626155,2.78723,1.33068
384,0.626155,2.78723,1.33068
386,0.708316,2.701,1.31958
384,0.708316,2.701,1.31958
386,1.56246,2.84283,1.26854
383,1.56246,2.84283,1.26854
386,-0.112412,2.52325,0.8085
358,-0.112412,2.52325,0.8085
386,-0.150153,2.57545,0.734685
358,-0.150153,2.57545,0.734685
386,-0.175342,2.61899,0.727149
358,-0.175342,2.61899,0.727149
386,-0.0587463,2.42706,0.762815
358,-0.0587463,2.42706,0.762815
386,0.0297763,2.28634,0.790329
358,0.0297763,2.28634,0.790329
386,-0.392009,3.1427,1.14951
357,-0.392009,3.1427,1.14951
386,-0.0370623,2.45086,1.72561
238,-0.0370623,2.45086,1.72561
386,-0.0576797,2.48296,1.72931
238,-0.0576797,2.48296,1.72931
386,-0.0870667,2.66566,1.4225
59,-0.0870667,2.66566,1.4225
386,0.0618714,2.29027,0.982801
59,0.0618714,2.29027,0.982801
386,2.1963,2.95131,1.72563
382,2.1963,2.95131,1.72563
386,1.63925,2.50415,1.2981
381,1.63925,2.50415,1.2981
387,-0.0116669,1.85011,1.72077
387,0.142267,2.2287,1.37281
387,-0.170743,2.31219,1.79709
387,-0.175569,2.31264,1.79734
387,-0.167992,2.36544,1.80235
387,-0.140287,2.36764,1.73221
387,-0.185023,2.3922,1.80815
387,-0.177917,2.39185,1.76591
387,-0.158753,2.3993,1.73769
387,-0.216598,2.40667,1.78589
387,-0.227288,2.42872,1.79316
387,1.831,2.53524,1.25064
387,-0.234533,2.43806,1.79215
387,-0.21433,2.45728,1.77426
387,1.7712,2.56073,1.2598
387,-0.205086,2.46449,1.74832
387,-0.226264,2.47658,1.7708
387,-0.231801,2.48903,1.78264
387,1.75036,2.59343,1.26369
387,1.74888,2.64346,1.26186
387,-0.0964262,2.47014,1.38435
387,1.76932,2.67801,1.26106
387,-0.0967987,2.48051,1.37666
387,1.74641,2.68335,1.2618
387,-0.0964068,2.48758,1.3663
387,-0.103094,2.48514,1.35566
387,-0.101213,2.49153,1.3635
387,-0.0939423,2.48034,1.3079
387,-0.0835997,2.44579,1.08215
387,-0.0782797,2.44125,1.05696
387,-0.0925671,2.46004,1.0774
387,1.75094,2.73978,1.25961
387,-0.123776,2.53349,1.32378
387,-0.0981539,2.46826,1.07163
387,-0.139722,2.5246,1.28802
387,-0.146644,2.52922,1.27626
387,-0.14928,2.53888,1.29304
387,1.75681,2.76891,1.25667
387,-0.117805,2.52804,1.2214
387,-0.139534,2.5452,1.28497
387,-0.134584,2.54771,1.29168
387,-0.122924,2.53657,1.21984
387,-0.13156,2.54022,1.23635
387,-0.0850789,2.49194,0.879265
387,-0.118624,2.50686,0.857636
387,-0.124065,2.50699,0.846771
387,-0.0948454,2.53305,0.82092
387,-0.093976,2.53444,0.813279
387,-0.200763,2.39949,0.352173
387,-0.184507,2.41164,0.357303
387,-0.191186,2.41712,0.345874
387,-0.184827,2.42165,0.337987
387,-0.167221,2.451,0.426764
387,-0.174375,2.44723,0.409553
387,-0.174435,2.42778,0.332963
387,-0.179248,2.45191,0.398912
387,-0.140608,2.53623,0.635382
387,-0.154283,2.48086,0.35914
387,-0.167676,2.50279,0.328831
387,-0.173104,2.50964,0.308539
387,1.64273,3.03149,1.21996
387,1.64904,3.06855,1.32628
387,1.69239,3.10017,1.26149
387,1.70495,3.11182,1.26
387,1.69628,3.10411,1.2242
387,1.67891,3.16864,1.31588
387,1.71389,3.16318,1.26135
387,1.73623,3.18392,1.25876
387,1.74527,3.21172,1.27073
387,-0.143843,2.56649,0.892168
385,-0.143843,2.56649,0.892168
387,-0.127807,2.71221,1.66653
385,-0.127807,2.71221,1.66653
387,-0.183301,2.64909,0.999076
385,-0.183301,2.64909,0.999076
387,-0.182653,2.63797,0.861374
385,-0.182653,2.63797,0.861374
387,-0.303851,2.8826,0.784565
385,-0.303851,2.8826,0.784565
387,0.018283,2.30431,0.897379
385,0.018283,2.30431,0.897379
387,-0.147665,2.58618,1.36201
59,-0.147665,2.58618,1.36201
387,-0.193689,2.62156,0.513115
59,-0.193689,2.62156,0.513115
387,0.49426,1.20496,1.61923
59,0.49426,1.20496,1.61923
387,0.48986,1.20865,1.61944
59,0.48986,1.20865,1.61944
387,-0.203983,2.64013,0.509635
59,-0.203983,2.64013,0.509635
387,-0.775645,2.29521,0.430756
59,-0.775645,2.29521,0.430756
387,-0.254054,2.84124,1.39747
254,-0.254054,2.84124,1.39747
387,-0.235651,2.72217,1.32637
254,-0.235651,2.72217,1.32637
387,-0.209532,2.66432,1.32972
254,-0.209532,2.66432,1.32972
387,-1.03083,2.55526,0.230797
254,-1.03083,2.55526,0.230797
387,-0.614316,2.52605,0.241757
254,-0.614316,2.52605,0.241757
387,-0.208828,2.67381,1.32947
254,-0.208828,2.67381,1.32947
387,-1.0575,2.57489,0.226626
254,-1.0575,2.57489,0.226626
387,-0.221903,2.70409,0.774394
358,-0.221903,2.70409,0.774394
387,-1.7129,3.26915,0.0964533
358,-1.7129,3.26915,0.0964533
387,-0.282644,2.84751,1.2156
161,-0.282644,2.84751,1.2156
388,-0.0892951,2.3472,1.74307
388,-0.0408161,2.33379,1.52505
388,-0.388767,2.34808,1.78566
388,-0.237752,2.41318,1.79096
388,-0.19091,2.36492,1.58214
388,-0.164988,2.39562,1.66934
388,-0.236209,2.41887,1.79204
388,1.74406,2.63612,1.26026
388,-0.24233,2.42516,1.79077
388,-0.19049,2.36437,1.53245
388,1.74557,2.66477,1.2626
388,-0.0712249,2.38776,1.3955
388,-0.21141,2.40975,1.53764
388,-0.210541,2.36837,1.38197
388,-0.230801,2.44814,1.62085
388,-0.231968,2.45215,1.63029
388,-0.237626,2.46336,1.63263
388,1.75223,2.72923,1.25979
388,-0.214148,2.48072,1.65324
388,-0.212627,2.49289,1.65378
388,-0.0784434,2.45255,1.32822
388,-0.231193,2.51756,1.65749
388,-0.631234,2.15612,0.59819
388,-0.0813919,2.45097,1.27836
388,-0.0644298,2.44618,1.22466
388,-0.259723,2.45365,1.37511
388,-0.0575068,2.45535,1.21657
388,-0.113549,2.49087,1.36761
388,-0.111702,2.5015,1.38179
388,-0.0593241,2.50401,1.33513
388,-0.0755436,2.49254,1.27206
388,-0.0860333,2.49045,1.21909
388,-0.0872913,2.49644,1.22119
388,-0.102984,2.54037,1.35387
388,-0.107566,2.51255,1.23699
388,-0.0945073,2.52167,1.22668
388,-0.116411,2.53584,1.23306
388,-0.971299,2.54222,1.8052
388,-0.14594,2.442,0.905722
388,-0.160096,2.40373,0.756241
388,-0.149926,2.42499,0.777031
388,-0.157803,2.43113,0.792875
388,-0.76091,2.27058,0.44104
388,-1.0244,2.60582,1.80319
388,-0.838887,2.26148,0.447707
388,-0.831884,2.26826,0.465939
388,-1.03648,2.61128,1.82185
388,-0.0942495,2.51027,0.814836
388,-0.211842,2.37519,0.373649
388,-0.218007,2.38094,0.368326
388,-0.242559,2.42075,0.500054
388,-0.226041,2.41486,0.341207
388,-0.62741,2.76538,1.84126
388,-0.241094,2.4232,0.334321
388,-0.244706,2.44302,0.402036
388,-0.259115,2.461,0.475519
388,-0.218244,2.42614,0.321524
388,1.66041,3.04438,1.28258
388,-0.223129,2.43983,0.339298
388,-0.895451,2.33933,0.410579
388,1.67493,3.05811,1.28117
388,-0.913944,2.33904,0.382059
388,-0.249933,2.46103,0.368411
388,-0.257383,2.46838,0.374203
388,-0.276127,2.45116,0.298246
388,1.6852,3.0985,1.31659
388,-0.93781,2.34889,0.356773
388,-0.915366,2.36133,0.37998
388,-0.292734,2.48334,0.274811
388,-1.06381,2.78463,1.81871
388,-0.306555,2.49506,0.266949
388,-1.09501,2.8952,1.8742
388,-1.10832,2.77109,0.618362
388,-1.12097,2.77244,0.518382
388,-1.14746,2.80569,0.610111
388,-1.02425,2.74941,0.0831161
388,-1.06326,2.81423,0.0501122
388,-1.10217,2.8232,0.0576292
388,-0.334685,2.60428,0.41717
254,-0.334685,2.60428,0.41717
388,-0.0604109,2.47265,1.17584
254,-0.0604109,2.47265,1.17584
388,-0.27476,2.60626,1.72224
254,-0.27476,2.60626,1.72224
388,-0.0792894,2.52831,1.14498
254,-0.0792894,2.52831,1.14498
388,-0.294252,2.5097,0.484046
254,-0.294252,2.5097,0.484046
388,-0.213463,2.74627,1.42204
254,-0.213463,2.74627,1.42204
388,-0.24485,2.80089,1.4344
254,-0.24485,2.80089,1.4344
388,-0.149917,2.60146,1.14988
254,-0.149917,2.60146,1.14988
388,-0.14493,2.68048,1.10897
254,-0.14493,2.68048,1.10897
388,-0.229985,2.80099,1.38518
254,-0.229985,2.80099,1.38518
388,-0.157561,2.25761,1.38847
254,-0.157561,2.25761,1.38847
388,-0.0954553,2.59072,1.18565
254,-0.0954553,2.59072,1.18565
388,-0.62488,2.54469,0.230588
254,-0.62488,2.54469,0.230588
388,-0.177975,2.6821,1.138
254,-0.177975,2.6821,1.138
388,-0.10715,2.55827,1.19251
254,-0.10715,2.55827,1.19251
388,-0.961102,2.56011,0.404566
254,-0.961102,2.56011,0.404566
388,-0.204342,2.72178,1.16049
254,-0.204342,2.72178,1.16049
388,-0.294835,2.51834,0.475575
254,-0.294835,2.51834,0.475575
388,-1.15406,2.76279,0.518953
254,-1.15406,2.76279,0.518953
388,-0.805062,2.36947,0.7369
254,-0.805062,2.36947,0.7369
388,-1.06837,2.62439,0.40957
254,-1.06837,2.62439,0.40957
388,-0.305993,2.54068,1.35675
59,-0.305993,2.54068,1.35675
388,-0.306332,2.54127,1.35755
59,-0.306332,2.54127,1.35755
388,-0.551346,2.64519,1.81368
59,-0.551346,2.64519,1.81368
388,-0.548551,2.64321,1.82615
59,-0.548551,2.64321,1.82615
388,-0.16477,2.59367,1.58589
59,-0.16477,2.59367,1.58589
388,-1.0878,2.67902,0.399104
59,-1.0878,2.67902,0.399104
388,-0.914795,2.53117,1.83774
59,-0.914795,2.53117,1.83774
388,1.45652,2.53606,1.30458
386,1.45652,2.53606,1.30458
388,-0.219322,2.53828,0.702509
161,-0.219322,2.53828,0.702509
388,-0.154699,2.68728,1.38481
240,-0.154699,2.68728,1.38481
388,-0.317429,2.21322,1.77242
240,-0.317429,2.21322,1.77242
388,-0.11455,2.20858,1.48331
240,-0.11455,2.20858,1.48331
388,-0.281742,2.15801,1.76819
240,-0.281742,2.15801,1.76819
388,-0.0583133,2.19129,1.69266
240,-0.0583133,2.19129,1.69266
389,0.324129,1.2293,1.6476
389,-0.386024,2.20943,1.7929
389,-0.0641367,2.34704,1.60064
389,-0.11588,2.37899,1.74274
389,-0.462896,2.33027,1.81715
389,-0.404583,2.33662,1.79229
389,-0.102237,2.38766,1.73576
389,-0.86182,2.25012,1.81322
389,-0.399032,2.34786,1.78826
389,0.00668931,2.26795,1.15195
389,-0.0604652,2.34653,1.46737
389,-0.481958,2.35838,1.80778
389,-0.485675,2.36356,1.80398
389,-0.0673891,2.34384,1.39903
389,-0.870032,2.29457,1.77201
389,-0.0916865,2.42062,1.57494
389,-0.27144,2.45884,1.79459
389,-0.0990765,2.44142,1.57594
389,-0.900049,2.32699,1.77739
389,-0.427945,2.43975,1.79193
389,-0.0896572,2.45657,1.58514
389,-0.266249,2.48521,1.79373
389,-0.434396,2.4584,1.78737
389,-0.199052,2.50741,1.73944
389,-0.251858,2.4951,1.7229
389,-0.259525,2.5209,1.80983
389,-0.20528,2.52501,1.77451
389,-0.107301,2.4448,1.38652
389,-0.255614,2.51664,1.75715
389,-0.258188,2.52397,1.77406
389,-0.10408,2.45594,1.37837
389,-0.0430843,2.40204,1.12598
389,-0.114585,2.4775,1.40006
389,-0.0419866,2.45464,1.24771
389,-0.0498531,2.44647,1.19366
389,-0.102205,2.49321,1.39931
389,-0.239027,2.53341,1.64492
389,-0.0542271,2.46064,1.2279
389,-0.0150849,2.45551,1.17543
389,-0.0917814,2.45907,1.24471
389,-0.0892833,2.44993,1.20945
389,-0.0508741,2.44742,1.16567
389,-0.0374954,2.46703,1.2185
389,-0.274557,2.51784,1.58348
389,-0.0544871,2.43996,1.12499
389,-0.259018,2.46441,1.36757
389,-0.0229164,2.48183,1.24458
389,-0.255726,2.46226,1.34897
389,-0.244025,2.55105,1.65056
389,-0.246711,2.55954,1.67527
389,-0.0222141,2.47782,1.20825
389,-0.267482,2.45795,1.3226
389,-0.276973,2.53815,1.58631
389,-0.276396,2.54081,1.59499
389,-0.0822354,2.4841,1.23216
389,-0.0799046,2.47537,1.19636
389,-0.254426,2.58006,1.70477
389,-0.252504,2.59538,1.75064
389,-0.271187,2.48166,1.35722
389,-0.270445,2.48491,1.36403
389,-0.27551,2.53284,1.53926
389,-0.270501,2.60531,1.75774
389,-0.0650217,2.515,1.26736
389,-0.275317,2.61727,1.77111
389,-0.0990119,2.4844,1.10495
389,-0.0714043,2.50614,1.15023
389,-0.138313,2.39932,0.796141
389,-0.0815049,2.51595,1.16783
389,-0.0768641,2.52369,1.1421
389,-0.0852885,2.5325,1.16798
389,0.698674,2.74765,1.31759
389,-0.971585,2.52705,1.81754
389,-0.0872682,2.53768,1.16508
389,-0.148682,2.46886,0.894119
389,1.64093,2.97513,1.23795
389,-0.14404,2.48881,0.845379
389,-0.956284,2.59946,1.75524
389,-0.160913,2.44863,0.552381
389,1.69107,3.05045,1.26642
389,-0.155827,2.42887,0.467481
389,-0.151938,2.49443,0.673716
389,-0.152799,2.49979,0.675152
389,-0.181975,2.42849,0.425478
389,-0.161278,2.44319,0.444915
389,-0.155872,2.44073,0.428798
389,-1.00616,2.66283,1.82112
389,-0.27064,2.45704,0.502692
389,-1.07704,2.64748,1.79555
389,-0.224404,2.42531,0.330237
389,-0.229153,2.42561,0.324762
389,-0.237455,2.4296,0.325783
389,-0.231539,2.4304,0.318781
389,-0.237596,2.45762,0.301397
389,-0.23311,2.45968,0.301955
389,-0.219121,2.47925,0.352241
389,-0.239321,2.46088,0.294666
389,-0.284631,2.49707,0.443245
389,-0.243174,2.47142,0.312751
389,-0.160809,2.54662,0.477191
389,-0.162067,2.5363,0.402821
389,-0.646679,2.83341,1.83425
389,-0.273654,2.49593,0.311806
389,-0.169254,2.55006,0.387695
389,-0.27892,2.50654,0.300751
389,-0.339935,2.49617,0.308422
389,-0.886519,2.39483,0.347881
389,-0.290028,2.53244,0.312006
389,-0.293019,2.54071,0.327795
389,-0.339733,2.521,0.28367
389,-1.07025,2.79695,1.83049
389,-0.950962,2.41286,0.317106
389,-0.966586,2.4159,0.310846
389,-1.04849,2.86545,1.87179
389,-0.191212,2.61494,0.286033
389,-0.341527,2.5685,0.223812
389,-0.206304,2.62389,0.0882318
389,-1.18212,3.00617,1.87835
389,-0.766006,2.75176,0.0962659
389,-0.993973,2.70925,0.112558
389,-0.992143,2.71706,0.11963
389,-0.774169,2.79577,0.069612
389,-1.26107,2.90884,0.600993
389,-0.889718,2.96344,-0.0411291
389,-1.04532,3.13798,-0.164161
389,-1.01694,3.16994,-0.178605
389,-2.23501,4.81204,2.12478
389,-0.25781,2.87406,1.38288
254,-0.25781,2.87406,1.38288
389,-0.33249,2.85068,0.285119
254,-0.33249,2.85068,0.285119
389,-0.192552,2.7407,1.11254
254,-0.192552,2.7407,1.11254
389,-0.158924,2.71756,1.06244
254,-0.158924,2.71756,1.06244
389,-0.14992,2.63818,1.10638
254,-0.14992,2.63818,1.10638
389,-0.929197,2.50231,0.251559
254,-0.929197,2.50231,0.251559
389,-0.401997,2.7352,0.366834
254,-0.401997,2.7352,0.366834
389,-0.0779922,2.43864,1.28429
254,-0.0779922,2.43864,1.28429
389,-0.218454,2.87559,1.07461
254,-0.218454,2.87559,1.07461
389,-0.0620579,2.04049,1.37811
254,-0.0620579,2.04049,1.37811
389,-0.198933,2.72057,1.12095
254,-0.198933,2.72057,1.12095
389,-0.178013,2.50946,0.301196
387,-0.178013,2.50946,0.301196
389,-0.169954,2.6147,1.37106
59,-0.169954,2.6147,1.37106
389,-0.580881,2.58108,1.83062
59,-0.580881,2.58108,1.83062
389,-0.61726,2.43524,1.80607
59,-0.61726,2.43524,1.80607
389,0.088022,1.50862,1.77307
59,0.088022,1.50862,1.77307
389,-0.616543,2.61943,1.83778
59,-0.616543,2.61943,1.83778
389,-1.09336,2.28186,1.78858
59,-1.09336,2.28186,1.78858
389,-0.567428,2.59797,1.82847
59,-0.567428,2.59797,1.82847
389,-0.235935,2.67237,0.274784
386,-0.235935,2.67237,0.274784
389,0.656712,2.56757,1.34818
385,0.656712,2.56757,1.34818
389,-0.258613,2.658,1.21486
161,-0.258613,2.658,1.21486
389,-0.116062,2.47706,1.36634
240,-0.116062,2.47706,1.36634
389,-7.37791,12.215,4.27786
163,-7.37791,12.215,4.27786
390,-0.531659,2.2985,1.78995
390,-0.208453,2.4724,1.69646
390,-0.219537,2.49953,1.71149
390,-0.531666,2.47953,1.82939
390,-0.530712,2.49233,1.83127
390,-0.270422,2.53973,1.77452
390,-0.504771,2.50363,1.81665
390,-0.504366,2.50529,1.81207
390,-0.24458,2.40245,1.23581
390,-0.268652,2.54037,1.73592
390,-0.254011,2.41176,1.26616
390,-0.448742,2.48869,1.69102
390,-1.00395,2.40067,1.80572
390,-0.977634,2.40345,1.79187
390,-0.26394,2.41322,1.26442
390,-0.24978,2.41802,1.26577
390,-0.50253,2.51531,1.81057
390,-0.255404,2.44976,1.38195
390,-0.24757,2.41325,1.24046
390,-0.25219,2.41956,1.26466
390,-0.255579,2.42064,1.26605
390,-0.252515,2.47038,1.43551
390,-0.274055,2.55096,1.73848
390,-0.273711,2.50966,1.58767
390,-0.230547,2.56902,1.7638
390,-0.275986,2.55533,1.74909
390,-0.508507,2.5208,1.80864
390,-0.25965,2.45558,1.36519
390,-0.27763,2.51862,1.60084
390,-0.580089,2.5168,1.83167
390,-0.261357,2.44394,1.32065
390,-0.257682,2.47914,1.44124
390,-0.477263,2.53627,1.80724
390,-0.481693,2.5431,1.81481
390,-0.291226,2.52531,1.60133
390,-0.326306,2.56885,1.78136
390,-0.333223,2.57876,1.81158
390,-0.470408,2.51758,1.69675
390,-0.564955,2.53728,1.82235
390,-0.27046,2.47914,1.37452
390,-0.453207,2.5616,1.8005
390,-0.217952,2.46132,1.25759
390,-0.591896,2.5438,1.82634
390,-0.474672,2.53685,1.69821
390,-0.571859,2.55336,1.82298
390,-0.571551,2.55462,1.82316
390,-0.572007,2.55336,1.81781
390,-0.144793,2.54614,1.45301
390,-0.464596,2.58027,1.80975
390,-0.439079,2.58871,1.81938
390,-0.152937,2.55629,1.44525
390,-0.619003,2.56725,1.85102
390,-0.155081,2.56182,1.45148
390,-0.623612,2.57394,1.83031
390,-0.925356,2.49981,1.80218
390,-0.160113,2.56314,1.34462
390,-0.122829,2.52686,1.1583
390,-0.113311,2.54021,1.18576
390,-0.145294,2.58219,1.34421
390,-0.208771,2.47962,1.01881
390,-0.954664,2.52643,1.77099
390,-0.210334,2.48295,1.01332
390,-0.208391,2.48679,1.01106
390,-0.145154,2.56825,1.24974
390,-0.220503,2.47969,0.986637
390,-0.891019,2.56138,1.80477
390,-0.218228,2.4848,0.997758
390,-0.210681,2.49005,1.00806
390,-0.95342,2.5292,1.73042
390,-0.959976,2.52937,1.7324
390,-0.21578,2.49278,1.01328
390,-0.207951,2.47889,0.95744
390,-0.2252,2.4791,0.971328
390,-0.152933,2.56813,1.2225
390,-0.205149,2.49216,0.990306
390,-0.20543,2.49287,0.990101
390,-0.149333,2.5743,1.2336
390,-0.222886,2.49046,0.988705
390,-0.225301,2.4799,0.951134
390,-0.207865,2.48718,0.961304
390,-0.203993,2.49032,0.960947
390,-0.224923,2.4844,0.954014
390,-0.225992,2.49669,0.994027
390,-0.163776,2.62929,1.41478
390,-0.225106,2.47997,0.93106
390,-0.216786,2.48609,0.944124
390,-0.223625,2.48182,0.933153
390,-0.141764,2.54862,1.10327
390,-0.214235,2.49118,0.94482
390,-0.226483,2.48587,0.929297
390,-0.0703044,2.59204,1.18174
390,-0.234968,2.49808,0.94928
390,-0.976161,2.54722,1.70089
390,-0.1534,2.55767,1.08322
390,-0.234177,2.49685,0.923449
390,-0.910797,2.59701,1.79545
390,-0.911586,2.60671,1.82251
390,-0.119644,2.57812,1.0792
390,-0.0879214,2.65174,1.31569
390,-1.30878,2.52486,1.81931
390,-0.883852,2.46718,1.27715
390,-0.154971,2.65206,1.3414
390,-0.874279,2.63379,1.84218
390,-0.181615,2.52888,0.911499
390,-0.133463,2.63363,1.24509
390,-0.89103,2.62702,1.81626
390,-0.106061,2.59952,1.09722
390,-0.178234,2.67227,1.40346
390,-0.179396,2.52489,0.874443
390,-0.904778,2.46874,1.23984
390,-0.136786,2.60894,1.11849
390,-0.175843,2.53367,0.872909
390,-0.121285,2.61615,1.11873
390,-0.132638,2.60102,1.06805
390,-0.132739,2.62202,1.13399
390,-0.903689,2.4916,1.27345
390,-0.133498,2.63682,1.17404
390,-0.130876,2.61946,1.09971
390,-0.126223,2.64984,1.15474
390,-0.120902,2.64484,1.1183
390,-0.125084,2.64977,1.11825
390,-0.908022,2.67936,1.83825
390,-1.36293,2.60046,1.84084
390,-0.193934,2.73298,1.38937
390,-0.267264,2.46953,0.466015
390,-0.241147,2.49963,0.496341
390,-0.314689,2.50302,0.547735
390,-0.189964,2.7689,1.37856
390,-0.314499,2.50757,0.536817
390,-1.56291,2.59602,1.79928
390,-0.272405,2.48245,0.377277
390,-0.296633,2.50768,0.481022
390,-1.56766,2.60921,1.816
390,-0.907431,2.47747,0.813329
390,-0.270542,2.47917,0.296328
390,-0.29134,2.51512,0.427276
390,-0.224666,2.51364,0.352655
390,-0.3112,2.53157,0.480389
390,-0.275296,2.50478,0.354708
390,-0.310535,2.53014,0.471259
390,-1.55791,2.64233,1.83103
390,-0.247478,2.51858,0.33501
390,-0.205312,2.54929,0.394028
390,-0.185171,2.55695,0.399747
390,-1.57258,2.65438,1.83246
390,-0.252539,2.52419,0.325722
390,-0.20996,2.54871,0.378486
390,-0.200923,2.54893,0.370749
390,-0.286524,2.52129,0.333278
390,-0.286793,2.52207,0.320588
390,-0.260116,2.51557,0.2677
390,-0.342995,2.50533,0.289361
390,-0.260028,2.52863,0.299475
390,-1.62322,2.65821,1.81964
390,-0.331557,2.51768,0.284705
390,-0.302167,2.54121,0.309989
390,-0.180147,2.59206,0.304846
390,-0.332367,2.54501,0.249987
390,-0.933233,2.57381,0.776823
390,-0.9132,2.48511,0.424682
390,0.33505,2.60736,-0.126307
390,-0.906404,2.46771,0.339311
390,-0.941355,2.52502,0.565122
390,-0.985695,2.57406,0.766805
390,-0.937642,2.58314,0.714436
390,-0.962076,2.53915,0.571339
390,0.331228,2.62495,-0.147313
390,-0.930631,2.46936,0.284822
390,-0.636076,2.55485,0.343099
390,-1.00491,2.46205,0.269898
390,-0.636969,2.56269,0.311623
390,-0.646786,2.57027,0.322885
390,-0.962126,2.5534,0.491729
390,-0.193349,2.6131,0.097513
390,-1.09312,2.47455,0.278599
390,-0.936675,2.51443,0.248675
390,-0.955429,2.59116,0.522712
390,-1.07057,2.52092,0.256228
390,-0.678064,2.61734,0.186219
390,-1.00737,2.61892,0.448406
390,-0.667032,2.63106,0.180833
390,-0.987958,2.57972,0.203835
390,-0.704793,2.64925,0.173674
390,-0.669247,2.66801,0.170114
390,-0.685096,2.66275,0.160628
390,-0.683338,2.66284,0.159017
390,-0.728781,2.66879,0.174663
390,-0.670465,2.68447,0.176937
390,-0.660351,2.68589,0.13922
390,-0.698224,2.68507,0.157925
390,-0.93172,2.64914,0.160786
390,-0.668882,2.70997,0.120481
390,-0.677873,2.71188,0.117766
390,-0.677318,2.71905,0.129693
390,-0.68376,2.72535,0.11736
390,-1.62591,2.54999,0.197277
390,-1.60972,2.56916,0.190776
390,-1.60847,2.56587,0.175953
390,-1.59166,2.57384,0.180502
390,-1.57669,2.59629,0.17213
390,-1.61482,2.62505,0.145901
390,-1.61706,2.62934,0.160465
390,-1.58467,2.65054,0.138612
390,-0.24383,2.38711,0.339797
388,-0.24383,2.38711,0.339797
390,-0.041723,2.33519,1.39932
388,-0.041723,2.33519,1.39932
390,-0.0848862,2.51346,1.39553
388,-0.0848862,2.51346,1.39553
390,-0.0413154,2.33418,1.3986
388,-0.0413154,2.33418,1.3986
390,-0.161246,2.76052,1.40644
388,-0.161246,2.76052,1.40644
390,-0.106194,2.5081,1.1677
388,-0.106194,2.5081,1.1677
390,-0.172469,2.40024,1.70197
388,-0.172469,2.40024,1.70197
390,-0.137389,2.68932,1.32948
388,-0.137389,2.68932,1.32948
390,-0.178091,2.80385,1.4119
388,-0.178091,2.80385,1.4119
390,-0.984442,2.57351,0.382615
388,-0.984442,2.57351,0.382615
390,0.130044,1.96748,1.27874
388,0.130044,1.96748,1.27874
390,-0.912247,2.46695,1.77856
388,-0.912247,2.46695,1.77856
390,-0.210678,2.65314,0.332601
254,-0.210678,2.65314,0.332601
390,0.0123781,2.22424,1.1762
254,0.0123781,2.22424,1.1762
390,-0.120584,2.51785,1.33825
254,-0.120584,2.51785,1.33825
390,-0.195705,2.66162,1.31171
254,-0.195705,2.66162,1.31171
390,-1.91394,2.55939,0.203037
254,-1.91394,2.55939,0.203037
390,-1.85392,2.51947,0.21715
254,-1.85392,2.51947,0.21715
390,-1.37829,3.10627,0.335344
254,-1.37829,3.10627,0.335344
390,-1.02466,2.49251,0.327418
254,-1.02466,2.49251,0.327418
390,-0.257237,2.69004,0.301741
254,-0.257237,2.69004,0.301741
390,-0.0146138,2.28831,1.1829
254,-0.0146138,2.28831,1.1829
390,-0.128111,2.71544,1.41358
254,-0.128111,2.71544,1.41358
390,-0.178536,2.85952,1.44028
254,-0.178536,2.85952,1.44028
390,-0.0564685,2.71726,1.31148
254,-0.0564685,2.71726,1.31148
390,-0.151431,2.56991,1.37225
59,-0.151431,2.56991,1.37225
390,0.147205,1.46204,1.6771
59,0.147205,1.46204,1.6771
390,-0.25709,2.51535,1.68493
161,-0.25709,2.51535,1.68493
390,-0.225643,2.50624,1.29818
161,-0.225643,2.50624,1.29818
390,-0.260673,2.57868,0.411203
80,-0.260673,2.57868,0.411203
390,-0.263067,2.59022,0.408974
80,-0.263067,2.59022,0.408974
390,-0.231987,2.47074,0.361093
80,-0.231987,2.47074,0.361093
390,-0.186712,2.65487,1.06448
385,-0.186712,2.65487,1.06448
391,0.450009,0.603959,1.55463
391,0.303532,0.979205,1.27143
391,0.302007,0.984953,1.26324
391,0.194492,1.46185,1.64171
391,0.518645,1.48962,0.733088
391,0.0453199,1.73826,1.32892
391,0.0581681,1.73608,1.19734
391,0.0538682,1.73408,1.17923
391,0.0478331,1.6908,1.03016
391,0.0520472,1.74088,1.1582
391,0.0491965,1.71872,1.03826
391,0.0723511,1.7258,1.04094
391,0.048207,1.72129,1.03918
391,0.0450895,1.76355,1.16908
391,0.0356497,1.76947,1.19223
391,0.0443392,1.76747,1.1477
391,0.0381036,1.78141,1.16299
391,0.0229361,1.79387,1.16824
391,0.0217941,1.79613,1.15956
391,0.0330195,1.7976,1.13749
391,0.0207169,1.80858,1.15461
391,0.0219187,1.80663,1.13854
391,0.0169306,1.81159,1.14919
391,0.015527,1.81662,1.13368
391,0.0896747,2.01012,1.32059
391,0.0923977,2.00537,1.29415
391,-0.147725,2.09074,1.75445
391,-0.354966,2.08678,1.77087
391,-0.00479817,2.08579,1.41506
391,0.0211272,2.14852,1.39192
391,0.023458,2.13296,1.19393
391,-0.283361,2.24881,1.77935
391,0.0260759,2.17401,1.26272
391,-0.824628,2.15988,1.77167
391,-0.230379,2.29302,1.77548
391,-0.236802,2.29552,1.77555
391,0.0107652,2.2228,1.28514
391,-0.0321897,2.25242,1.3998
391,-0.361704,2.30988,1.76734
391,-0.461736,2.2992,1.79707
391,-0.367758,2.31477,1.73808
391,-0.0465146,2.29012,1.40518
391,-0.0660086,2.18068,1.02051
391,-0.201401,2.31742,1.5851
391,-0.0573019,2.30642,1.39113
391,-0.209258,2.33703,1.60003
391,-0.0495172,2.25273,1.17004
391,-0.0313825,2.27516,1.23133
391,-0.0703129,2.31591,1.39958
391,-0.258731,2.38203,1.75412
391,-0.277718,2.38689,1.78289
391,-0.884728,2.26145,1.79325
391,-0.471537,2.36138,1.81009
391,-0.501829,2.3742,1.80681
391,-0.325499,2.42147,1.80008
391,-0.0727932,2.32955,1.28201
391,-0.0726168,2.35915,1.36737
391,-0.0660691,2.33181,1.26329
391,-0.0519519,2.30369,1.14328
391,-0.0503857,2.31904,1.1795
391,-0.0633497,2.34364,1.2684
391,-0.0588261,2.32198,1.16901
391,-0.80946,2.33184,1.77013
391,-0.0948164,2.28228,0.98464
391,-0.0594352,2.34506,1.17139
391,-0.048857,2.3666,1.18965
391,-0.0641422,2.36459,1.16637
391,-0.107474,2.3252,0.929876
391,-0.695253,2.12505,0.510634
391,-0.148573,2.23881,0.48497
391,-0.178167,2.23761,0.495701
391,-0.475526,2.56221,1.8129
391,-0.727971,2.1492,0.492887
391,-0.139437,2.28441,0.511971
391,-0.14261,2.29426,0.495818
391,-0.738692,2.17394,0.463407
391,-0.246385,2.28834,0.430879
391,-0.19005,2.29663,0.403036
391,-0.270506,2.67173,1.71096
391,-0.97189,2.5461,1.78627
391,-0.270337,2.35556,0.367092
391,-0.23091,2.38195,0.33312
391,-0.232985,2.39021,0.328134
391,-0.531245,2.35033,0.350513
391,-0.888318,2.31316,0.452859
391,-0.261493,2.41006,0.311598
391,-0.927439,2.30112,0.401894
391,0.678364,2.51952,-0.0410689
391,-0.269608,2.42099,0.321667
391,-0.929635,2.3028,0.386346
391,0.570796,2.50678,-0.0452155
391,-0.281528,2.42684,0.316184
391,-0.28624,2.42851,0.324505
391,-0.557299,2.37708,0.331498
391,-0.952113,2.30826,0.354324
391,0.456421,2.49666,-0.0467176
391,-0.937959,2.33235,0.365123
391,0.472666,2.51402,-0.0686498
391,-0.146831,2.51248,0.348853
391,-1.17987,2.81423,1.85609
391,-1.21314,2.8601,1.84886
391,0.648909,2.72714,-0.204236
391,0.53006,2.70777,-0.204719
391,0.410143,2.68674,-0.197311
391,0.40413,2.69315,-0.203673
391,-1.25262,2.91416,1.8355
391,1.84654,3.40947,1.23205
391,-1.23631,2.92098,1.81606
391,-0.65507,3.07827,1.87295
391,-1.2051,3.06979,1.8321
391,1.90226,3.59735,1.2699
391,-1.30303,3.1055,1.83286
391,-1.20591,3.15064,1.88375
391,-1.34661,3.17396,1.89629
391,-0.77939,2.79047,0.0873289
391,-0.753219,2.79406,0.0716722
391,-0.75238,2.79515,0.0740883
391,-1.27009,3.21191,1.88988
391,-1.31133,3.21629,1.85174
391,-1.02389,2.78962,0.083612
391,-1.32416,3.24421,1.85262
391,-1.04289,2.82004,0.0542746
391,-1.35456,3.28612,1.85667
391,-0.811536,2.89855,0.0155524
391,-0.858447,2.90159,0.00518584
391,-1.3174,3.35191,1.92828
391,-1.31691,3.35054,1.9178
391,-1.23989,2.93922,0.379057
391,-1.4547,3.41708,1.9012
391,-1.17289,3.71199,-0.491708
391,-3.54641,4.02065,-0.743256
391,-4.02241,5.05845,-1.41225
391,-0.158742,2.48173,0.386048
389,-0.158742,2.48173,0.386048
391,-0.147785,2.45204,0.409395
389,-0.147785,2.45204,0.409395
391,-0.0785308,2.37657,1.40735
389,-0.0785308,2.37657,1.40735
391,-0.219695,2.81501,0.995497
389,-0.219695,2.81501,0.995497
391,-0.166985,2.53854,0.221403
389,-0.166985,2.53854,0.221403
391,-0.0649872,2.46049,1.18457
389,-0.0649872,2.46049,1.18457
391,-0.174738,2.68297,1.13972
389,-0.174738,2.68297,1.13972
391,-0.633037,2.42131,1.96012
389,-0.633037,2.42131,1.96012
391,-0.646437,2.4427,1.99311
389,-0.646437,2.4427,1.99311
391,-0.494139,2.47561,1.99396
389,-0.494139,2.47561,1.99396
391,-0.376296,2.70411,0.131254
389,-0.376296,2.70411,0.131254
391,-0.102928,2.58142,1.09442
389,-0.102928,2.58142,1.09442
391,-0.126674,2.53516,1.19122
389,-0.126674,2.53516,1.19122
391,-0.0953846,2.45525,1.20962
389,-0.0953846,2.45525,1.20962
391,-0.130982,2.49927,1.70047
389,-0.130982,2.49927,1.70047
391,-0.114498,2.54041,1.20975
389,-0.114498,2.54041,1.20975
391,-0.08859,2.46023,1.18509
389,-0.08859,2.46023,1.18509
391,-0.193839,2.73207,1.13127
389,-0.193839,2.73207,1.13127
391,-0.110562,2.49452,1.27418
388,-0.110562,2.49452,1.27418
391,-0.137483,2.51808,1.58005
388,-0.137483,2.51808,1.58005
391,-0.20642,2.72386,1.43081
388,-0.20642,2.72386,1.43081
391,-0.143639,2.57173,1.31738
388,-0.143639,2.57173,1.31738
391,-0.122851,2.5338,1.26958
388,-0.122851,2.5338,1.26958
391,-0.144864,2.55204,1.04923
254,-0.144864,2.55204,1.04923
391,-0.17771,2.64801,1.05579
254,-0.17771,2.64801,1.05579
391,-0.182021,2.66316,1.05543
254,-0.182021,2.66316,1.05543
391,-0.118822,2.51548,1.33778
254,-0.118822,2.51548,1.33778
391,-0.120131,2.50326,1.33923
254,-0.120131,2.50326,1.33923
391,-0.998768,2.51722,0.252763
254,-0.998768,2.51722,0.252763
391,-0.932804,2.46032,0.449418
254,-0.932804,2.46032,0.449418
391,-0.992788,2.62988,0.490653
254,-0.992788,2.62988,0.490653
391,-0.0978721,2.52114,1.37875
59,-0.0978721,2.52114,1.37875
391,-0.613358,2.43146,1.80305
59,-0.613358,2.43146,1.80305
391,-0.226215,2.42895,0.712268
161,-0.226215,2.42895,0.712268
391,-0.28221,2.56267,1.45652
161,-0.28221,2.56267,1.45652
391,-0.28855,2.5047,0.451064
161,-0.28855,2.5047,0.451064
391,-0.262101,2.43427,1.26282
161,-0.262101,2.43427,1.26282
391,-0.483994,3.10667,1.30023
17,-0.483994,3.10667,1.30023
391,-0.513843,3.11505,1.28864
17,-0.513843,3.11505,1.28864
391,-0.990992,2.59137,1.28937
17,-0.990992,2.59137,1.28937
391,-0.744487,2.23135,0.642598
267,-0.744487,2.23135,0.642598
392,0.488818,0.97941,0.982558
392,0.492162,0.982864,0.988609
392,0.498291,0.976874,0.961567
392,0.473272,0.972001,0.951559
392,0.520608,1.37665,0.72446
392,0.479765,1.37637,0.732509
392,0.522351,1.37989,0.719419
392,0.496124,1.36532,0.689557
392,0.512158,1.3572,0.653711
392,0.470629,1.34411,0.635066
392,0.495549,1.34845,0.635487
392,0.49754,1.37282,0.693999
392,0.54318,1.35969,0.63653
392,0.480897,1.37986,0.719487
392,0.464286,1.36777,0.692821
392,0.494409,1.36877,0.681371
392,0.477768,1.3849,0.732505
392,0.523965,1.37308,0.677425
392,0.511084,1.3764,0.690696
392,0.552794,1.34526,0.583861
392,0.506795,1.37447,0.683868
392,0.495912,1.34704,0.611661
392,0.492388,1.36236,0.655333
392,0.492957,1.38412,0.714514
392,0.5085,1.36857,0.663152
392,0.4843,1.38318,0.713924
392,0.479326,1.36439,0.661897
392,0.525632,1.35224,0.606873
392,0.514307,1.34628,0.594558
392,0.498824,1.35599,0.627924
392,0.509662,1.36639,0.649572
392,0.497144,1.35063,0.606032
392,0.494762,1.37072,0.657556
392,0.49276,1.36652,0.646256
392,0.512681,1.36511,0.631108
392,0.496345,1.35452,0.602423
392,-0.195743,2.05273,0.856555
392,-0.206656,2.08698,0.852503
392,-1.03273,2.39118,1.79338
392,-1.04274,2.41739,1.79125
392,-0.20996,2.51449,1.69307
392,-0.134429,2.48478,1.55918
392,-1.01874,2.43761,1.80725
392,-0.547238,2.50685,1.79216
392,-0.345099,2.55095,1.79611
392,-0.465378,2.50556,1.68879
392,-0.1145,2.45108,1.38004
392,-0.629778,2.52211,1.79298
392,-0.371682,2.56528,1.79802
392,-0.461442,2.51388,1.69084
392,-0.289148,2.51663,1.60907
392,-0.473697,2.53151,1.70657
392,-0.568526,2.55219,1.79311
392,-0.629,2.55361,1.79877
392,-0.111089,2.48824,1.37993
392,-0.0827474,2.52131,1.44676
392,-0.39158,2.59598,1.79071
392,-0.403999,2.59559,1.79419
392,-0.484807,2.55493,1.7146
392,-0.123125,2.47618,1.30473
392,-0.354567,2.60274,1.76169
392,-0.615956,2.57846,1.79846
392,-0.245664,2.47437,1.33825
392,-0.492756,2.56622,1.70426
392,-0.1203,2.49412,1.32807
392,-0.246137,2.46909,1.30872
392,-0.24595,2.47433,1.32078
392,-0.245741,2.4667,1.29215
392,-0.128023,2.48973,1.29452
392,-0.232555,2.44637,1.20466
392,-0.12149,2.49955,1.30213
392,-0.255637,2.40888,1.10332
392,-0.250932,2.49209,1.32576
392,-0.120715,2.49647,1.26851
392,-0.251036,2.49161,1.31169
392,-0.189896,2.30589,0.762847
392,-0.137513,2.51923,1.33132
392,-0.263724,2.42383,1.09981
392,-0.263893,2.46528,1.21357
392,-0.133131,2.52256,1.31147
392,-0.269871,2.46214,1.17654
392,-0.115702,2.51376,1.24925
392,-0.205749,2.32468,0.749088
392,-0.663567,2.62657,1.79935
392,-0.087525,2.55411,1.33861
392,-0.273125,2.45871,1.1454
392,-0.27612,2.47051,1.16955
392,-0.271009,2.47415,1.17652
392,-0.187812,2.34836,0.780912
392,-0.271367,2.46054,1.08668
392,-0.291969,2.45598,1.0809
392,-0.281072,2.47979,1.13819
392,-0.439885,2.69362,1.80183
392,-0.121692,2.51748,1.16428
392,-0.292389,2.46241,1.08134
392,-0.286058,2.46745,1.09065
392,-0.276098,2.4827,1.12348
392,-0.296637,2.47843,1.10781
392,-0.483777,2.68789,1.77839
392,-0.198988,2.37768,0.779379
392,-0.290105,2.47363,1.08812
392,-0.112348,2.52471,1.14211
392,-0.242187,2.33187,0.654082
392,-0.218025,2.36861,0.7435
392,-0.218603,2.37072,0.744579
392,-0.262504,2.36236,0.732479
392,-0.0988908,2.60007,1.32672
392,-0.895183,2.64928,1.80872
392,-0.239629,2.372,0.7351
392,-0.303755,2.4969,1.10985
392,-0.246699,2.37127,0.73051
392,-0.278217,2.38812,0.790519
392,-0.274938,2.3739,0.74628
392,-0.120584,2.53716,1.1304
392,-0.567723,2.53004,1.26897
392,-0.291594,2.40003,0.773872
392,-0.258265,2.39141,0.732998
392,-0.0934531,2.58914,1.17529
392,-0.176821,2.42167,0.741003
392,-0.283176,2.40585,0.734552
392,-0.584621,2.55935,1.27927
392,-0.103162,2.58399,1.13189
392,-0.584692,2.55861,1.27313
392,-0.103582,2.58596,1.13151
392,-0.5862,2.56254,1.27511
392,-0.305394,2.42628,0.753489
392,1.6208,2.94254,1.31679
392,1.66231,2.94204,1.28203
392,1.60303,2.95313,1.33143
392,1.6338,2.95722,1.32471
392,1.63562,2.97853,1.33943
392,-0.264469,2.42465,0.585136
392,-0.278875,2.42416,0.538996
392,-0.285048,2.44985,0.538685
392,-0.271785,2.44508,0.500326
392,-0.891341,2.62429,1.26328
392,-0.282672,2.45956,0.528832
392,-0.557783,2.48445,0.692275
392,-0.281647,2.46384,0.506649
392,-0.557506,2.48947,0.678536
392,-0.571927,2.52302,0.66143
392,-0.577137,2.5336,0.669448
392,-0.214635,2.47564,0.280883
392,-0.159764,2.5108,0.337699
392,-0.222615,2.47829,0.262969
392,-0.321003,2.49661,0.306285
392,-0.622196,2.52481,0.436065
392,-0.325138,2.52013,0.281624
392,-0.625447,2.53246,0.434813
392,-0.65243,2.56849,0.359572
392,-0.984251,2.49374,0.281892
392,-0.664429,2.549,0.23981
392,-0.975946,2.51216,0.273394
392,-0.663472,2.59526,0.361586
392,0.710865,2.64081,-0.155665
392,0.757418,2.6297,-0.213657
392,0.457352,2.61321,-0.134764
392,0.713879,2.6374,-0.187565
392,0.759279,2.63516,-0.214078
392,0.451876,2.6125,-0.142276
392,0.696012,2.63538,-0.188707
392,0.637306,2.61827,-0.219603
392,-1.45381,2.49019,0.345832
392,0.544859,2.56732,-0.326459
392,0.750174,2.6376,-0.220878
392,0.655553,2.57621,-0.354721
392,0.653682,2.61629,-0.242021
392,0.598725,2.62687,-0.188055
392,0.721406,2.61531,-0.275026
392,0.573742,2.63755,-0.147221
392,0.697649,2.61022,-0.279119
392,0.76373,2.59601,-0.350685
392,0.659365,2.58818,-0.32673
392,0.518245,2.60416,-0.220954
392,0.569675,2.62612,-0.185973
392,0.634992,2.61459,-0.247995
392,0.700172,2.61491,-0.278044
392,0.721286,2.62089,-0.270623
392,0.662423,2.5787,-0.363212
392,0.692933,2.6459,-0.188345
392,0.473419,2.61122,-0.189091
392,0.475647,2.61259,-0.186865
392,0.723671,2.58021,-0.388956
392,0.715784,2.6194,-0.276224
392,0.535999,2.61208,-0.217006
392,0.538341,2.60244,-0.245994
392,-0.65234,2.6028,0.28266
392,0.420085,2.5947,-0.216807
392,0.716537,2.61199,-0.299852
392,0.521254,2.56923,-0.333358
392,0.601439,2.62303,-0.219908
392,0.357583,2.60036,-0.176199
392,0.579764,2.56168,-0.384964
392,0.484154,2.54752,-0.382709
392,0.766637,2.67358,-0.155713
392,0.421814,2.55732,-0.32909
392,0.482462,2.58724,-0.272252
392,0.462431,2.58198,-0.27861
392,0.421225,2.5921,-0.232289
392,0.595115,2.60436,-0.275702
392,0.577664,2.63097,-0.194285
392,0.657308,2.62504,-0.246549
392,0.539879,2.56811,-0.354872
392,0.415102,2.59768,-0.216896
392,0.539051,2.57731,-0.329693
392,0.58225,2.55373,-0.415469
392,0.718714,2.5762,-0.413544
392,0.754902,2.61987,-0.307613
392,0.399337,2.58556,-0.246789
392,0.749059,2.62087,-0.303695
392,0.42237,2.58983,-0.248059
392,0.468164,2.50746,-0.50052
392,0.665434,2.54896,-0.471568
392,0.543328,2.58799,-0.307882
392,0.697559,2.5725,-0.419957
392,0.516564,2.60594,-0.246166
392,0.579611,2.59477,-0.307632
392,0.401794,2.55046,-0.353607
392,0.547343,2.54015,-0.447452
392,0.479314,2.54122,-0.414369
392,0.541162,2.59869,-0.281105
392,0.747481,2.64646,-0.238778
392,0.483041,2.55273,-0.385842
392,0.748893,2.58829,-0.406256
392,0.480237,2.59212,-0.276479
392,0.461463,2.58664,-0.283969
392,0.761668,2.59227,-0.402104
392,0.693655,2.62626,-0.279245
392,0.478212,2.61274,-0.221832
392,0.663611,2.5621,-0.447022
392,0.458439,2.57969,-0.307165
392,0.454217,2.61924,-0.195031
392,-0.655713,2.60902,0.26898
392,0.428212,2.60812,-0.215225
392,0.485969,2.51654,-0.498048
392,0.358876,2.57587,-0.275058
392,0.666813,2.59477,-0.360134
392,0.75474,2.62562,-0.313837
392,0.663761,2.56342,-0.448168
392,0.516633,2.60086,-0.277746
392,0.420184,2.60466,-0.224414
392,0.414574,2.62851,-0.15499
392,0.771451,2.68299,-0.160473
392,0.636327,2.64827,-0.198575
392,0.719137,2.64956,-0.232797
392,0.534793,2.63136,-0.202444
392,0.63768,2.64857,-0.200067
392,0.405012,2.51489,-0.47235
392,0.348586,2.59445,-0.224463
392,0.354825,2.59474,-0.226693
392,0.426405,2.54746,-0.392261
392,0.540423,2.5442,-0.452264
392,0.757238,2.58532,-0.433269
392,0.376147,2.50478,-0.491246
392,0.540251,2.63546,-0.197949
392,0.525928,2.54238,-0.453138
392,0.65947,2.61678,-0.303853
392,0.638374,2.6217,-0.282767
392,0.516423,2.58375,-0.335671
392,0.659373,2.61297,-0.317236
392,0.524308,2.54525,-0.448323
392,0.350404,2.58918,-0.249704
392,0.691386,2.65043,-0.22911
392,0.38464,2.60583,-0.220034
392,0.715475,2.64453,-0.259086
392,0.415636,2.63454,-0.156297
392,0.512576,2.63514,-0.19829
392,0.542616,2.5504,-0.449759
392,0.457645,2.61705,-0.225273
392,0.480699,2.61013,-0.254939
392,0.518806,2.57681,-0.365648
392,0.481363,2.62026,-0.227104
392,0.64103,2.61482,-0.314176
392,0.698663,2.58557,-0.42516
392,0.336212,2.62137,-0.164658
392,0.440952,2.62431,-0.204347
392,0.758819,2.66306,-0.237126
392,0.537583,2.60169,-0.312451
392,0.544024,2.58828,-0.353026
392,0.349657,2.60373,-0.22369
392,0.356424,2.56214,-0.343609
392,0.456688,2.61875,-0.229679
392,0.350325,2.60122,-0.232331
392,0.460536,2.60805,-0.262358
392,0.700633,2.6066,-0.373034
392,0.719318,2.60765,-0.37842
392,0.332806,2.62195,-0.167681
392,0.641832,2.58886,-0.397983
392,0.463421,2.54273,-0.448878
392,0.476422,2.62157,-0.233295
392,0.721901,2.61895,-0.3497
392,0.456188,2.59002,-0.314403
392,0.466251,2.53122,-0.484138
392,0.700195,2.61653,-0.351207
392,0.701913,2.60956,-0.372301
392,0.419933,2.59508,-0.288241
392,0.597556,2.63466,-0.256138
392,0.630031,2.65903,-0.202308
392,0.5943,2.63264,-0.261009
392,0.498381,2.63139,-0.222379
392,0.544917,2.56914,-0.418494
392,0.478851,2.614,-0.264201
392,0.460751,2.57295,-0.371906
392,0.351212,2.56632,-0.343377
392,0.545636,2.58667,-0.373178
392,0.364836,2.50862,-0.51218
392,0.484573,2.53689,-0.486075
392,0.6609,2.59331,-0.406239
392,0.719378,2.61354,-0.375823
392,0.459053,2.61352,-0.260908
392,0.520898,2.54428,-0.483346
392,0.481746,2.57639,-0.375903
392,0.483018,2.583,-0.358536
392,0.583753,2.59983,-0.356199
392,0.482254,2.54769,-0.457718
392,0.4607,2.5861,-0.342064
392,0.583334,2.60247,-0.350905
392,0.404653,2.5557,-0.402941
392,0.422826,2.5603,-0.40234
392,0.404563,2.55749,-0.402966
392,0.702002,2.58438,-0.460292
392,0.64535,2.55625,-0.514146
392,0.462589,2.53736,-0.487249
392,0.663646,2.58681,-0.438315
392,0.369458,2.5197,-0.498305
392,0.397319,2.58971,-0.314461
392,0.565083,2.61859,-0.30946
392,0.585809,2.56432,-0.471642
392,0.47955,2.59076,-0.350424
392,0.770089,2.63165,-0.365539
392,0.505438,2.64888,-0.202549
392,0.704741,2.57732,-0.492009
392,0.702474,2.58801,-0.463452
392,0.760636,2.62817,-0.377279
392,0.3574,2.53577,-0.457789
392,0.54158,2.57186,-0.438255
392,0.485006,2.58957,-0.363688
392,0.704863,2.57936,-0.492298
392,0.399051,2.55436,-0.430203
392,0.727662,2.59237,-0.470718
392,0.664849,2.56391,-0.525528
392,0.357666,2.57532,-0.359378
392,0.421827,2.58425,-0.36952
392,0.645374,2.59669,-0.434722
392,-0.664459,2.63953,0.267042
392,0.727493,2.61002,-0.43986
392,-0.611497,2.6352,0.20876
392,0.513816,2.59586,-0.419202
392,-0.700262,2.62828,0.202523
392,0.372949,2.57244,-0.43364
392,0.696785,2.60684,-0.486845
392,-0.667034,2.63521,0.19421
392,0.516176,2.59326,-0.449852
392,-0.656358,2.63814,0.184763
392,0.582153,2.59507,-0.49611
392,0.39953,2.58626,-0.441106
392,-1.51636,2.55303,0.308789
392,-0.631715,2.65974,0.193595
392,-0.61097,2.67068,0.181693
392,-1.51928,2.55607,0.202596
392,-1.53202,2.579,0.229994
392,-1.52654,2.57137,0.204694
392,-1.49402,2.58393,0.201877
392,-0.922847,2.66931,0.152259
392,-0.9196,2.67121,0.153064
392,-0.921099,2.67271,0.155573
392,-0.915143,2.67951,0.140494
392,-0.924533,2.70185,0.160588
392,-1.52741,2.61866,0.158664
392,-1.5023,2.63293,0.180725
392,-0.918166,2.72663,0.132623
392,-2.053,2.72655,0.103685
392,-2.12835,2.79475,0.0557152
392,-4.54063,5.68031,-0.557657
392,-3.6821,9.89667,0.267413
392,-0.140899,2.53589,1.08627
391,-0.140899,2.53589,1.08627
392,-0.125556,2.49255,1.10641
391,-0.125556,2.49255,1.10641
392,-0.170198,2.3834,1.69009
391,-0.170198,2.3834,1.69009
392,-0.652978,2.68042,0.152163
391,-0.652978,2.68042,0.152163
392,-0.300356,2.47287,0.284935
391,-0.300356,2.47287,0.284935
392,-0.198538,2.76579,1.36758
391,-0.198538,2.76579,1.36758
392,-0.128217,2.51902,1.32111
391,-0.128217,2.51902,1.32111
392,-0.921532,2.29363,0.37748
391,-0.921532,2.29363,0.37748
392,-0.147219,2.5462,1.57775
391,-0.147219,2.5462,1.57775
392,-0.882269,2.66005,1.83631
391,-0.882269,2.66005,1.83631
392,-0.0768022,2.40082,1.38751
391,-0.0768022,2.40082,1.38751
392,-0.117861,2.52525,1.20094
391,-0.117861,2.52525,1.20094
392,-0.608617,1.60416,1.7058
391,-0.608617,1.60416,1.7058
392,-0.142709,2.72812,1.4057
391,-0.142709,2.72812,1.4057
392,-0.158293,2.19442,0.468669
391,-0.158293,2.19442,0.468669
392,-0.237945,2.47324,0.350702
391,-0.237945,2.47324,0.350702
392,-0.255638,2.40422,0.495291
391,-0.255638,2.40422,0.495291
392,-0.0983967,2.58593,1.33081
391,-0.0983967,2.58593,1.33081
392,-0.137349,2.6446,1.17131
390,-0.137349,2.6446,1.17131
392,-0.454927,2.4833,1.69134
390,-0.454927,2.4833,1.69134
392,-0.317905,2.61095,1.60502
390,-0.317905,2.61095,1.60502
392,-0.481074,2.3089,0.394616
390,-0.481074,2.3089,0.394616
392,1.58489,2.83441,1.29743
390,1.58489,2.83441,1.29743
392,-3.46823,8.99292,-3.11375
389,-3.46823,8.99292,-3.11375
392,-0.142312,2.53815,1.57907
389,-0.142312,2.53815,1.57907
392,-0.0962831,2.45926,1.23792
389,-0.0962831,2.45926,1.23792
392,-0.118946,2.56898,1.21651
389,-0.118946,2.56898,1.21651
392,0.430944,2.95113,-0.687571
357,0.430944,2.95113,-0.687571
392,0.633652,2.57512,-0.286828
357,0.633652,2.57512,-0.286828
392,0.524703,2.81871,-0.446403
357,0.524703,2.81871,-0.446403
392,0.481016,2.7493,-0.424972
357,0.481016,2.7493,-0.424972
392,-2.05834,5.79333,-1.42718
388,-2.05834,5.79333,-1.42718
392,-0.142669,2.54003,1.58929
388,-0.142669,2.54003,1.58929
392,-0.364762,2.54685,1.80332
161,-0.364762,2.54685,1.80332
392,-0.267526,2.5235,1.38145
161,-0.267526,2.5235,1.38145
392,-0.978858,2.65227,1.26792
161,-0.978858,2.65227,1.26792
392,0.545483,2.64021,-0.305115
238,0.545483,2.64021,-0.305115
392,0.548674,2.60517,-0.420711
238,0.548674,2.60517,-0.420711
392,0.582878,2.72206,-0.3434
238,0.582878,2.72206,-0.3434
392,0.391772,2.54036,-0.198587
238,0.391772,2.54036,-0.198587
392,-0.940113,2.5248,1.59115
160,-0.940113,2.5248,1.59115
392,-0.991588,2.69767,1.62073
160,-0.991588,2.69767,1.62073
392,-1.00728,2.52712,1.68985
160,-1.00728,2.52712,1.68985
392,-0.662528,2.56958,0.222276
17,-0.662528,2.56958,0.222276
392,0.422807,2.58305,-0.380332
17,0.422807,2.58305,-0.380332
392,-0.668109,2.57897,0.225781
17,-0.668109,2.57897,0.225781
392,-1.55807,2.49814,0.225461
17,-1.55807,2.49814,0.225461
392,-1.6147,2.51101,0.239934
17,-1.6147,2.51101,0.239934
392,-1.50875,2.43806,0.296076
17,-1.50875,2.43806,0.296076
392,-1.6373,2.51297,0.248776
17,-1.6373,2.51297,0.248776
392,-1.51334,2.485,0.267
17,-1.51334,2.485,0.267
393,0.393235,1.21484,0.727334
393,0.367307,1.21291,0.696102
393,0.355993,1.21082,0.679043
393,0.36922,1.23158,0.716261
393,0.383389,1.2095,0.665333
393,0.371509,1.20096,0.638344
393,0.384885,1.2253,0.687437
393,0.396287,1.16935,0.562744
393,0.386905,1.19379,0.614562
393,0.399836,1.21134,0.649526
393,0.368818,1.21525,0.661576
393,0.341385,1.22429,0.683467
393,0.414487,1.18317,0.568725
393,0.35826,1.16656,0.543159
393,0.343836,1.20586,0.628827
393,0.372379,1.19903,0.606
393,0.387895,1.19071,0.577907
393,0.416951,1.25585,0.704304
393,0.375633,1.17222,0.518204
393,0.373126,1.189,0.544676
393,0.401672,1.20485,0.567539
393,1.32881,2.3668,1.37068
393,1.35485,2.42097,1.38187
393,1.3561,2.42179,1.3773
393,1.40935,2.44227,1.33268
393,-0.470701,2.51589,1.59679
393,-0.477239,2.52584,1.59498
393,-0.9882,2.39192,1.32549
393,-1.02169,2.52444,1.60418
393,-0.953945,2.5076,1.54483
393,-1.03234,2.54533,1.60801
393,-0.887701,2.49484,1.44181
393,-0.917941,2.46522,1.32559
393,0.49187,1.7853,-0.423657
393,-1.02471,2.59506,1.58358
393,0.64801,1.76076,-0.524936
393,0.50529,1.81411,-0.502719
393,-0.142414,2.63246,1.28571
393,-0.154062,2.65208,1.26877
393,0.473539,1.83624,-0.620907
393,-0.154316,2.69144,1.27705
393,0.402217,1.88901,-0.55501
393,-0.164128,2.7233,1.3215
393,-0.373737,2.66986,1.23973
393,-0.154305,2.67575,1.19483
393,0.422772,1.87306,-0.631524
393,-0.377503,2.68608,1.25027
393,0.457512,1.88939,-0.617655
393,-0.137729,2.72183,1.27297
393,-0.894021,2.43425,0.787355
393,-0.379088,2.69571,1.25186
393,-0.151984,2.67794,1.16377
393,-0.19926,2.87418,1.58701
393,0.398759,1.91526,-0.578933
393,-0.15425,2.67065,1.12591
393,-0.387434,2.70586,1.23783
393,-0.172125,2.78375,1.35473
393,-0.156726,2.66495,1.0875
393,-0.136112,2.68279,1.11318
393,-0.137486,2.66767,1.07615
393,-0.15569,2.70612,1.15391
393,0.404635,1.93454,-0.603621
393,-1.47952,2.23464,0.37959
393,0.368179,1.9417,-0.59612
393,-0.133344,2.70046,1.11809
393,-0.388976,2.72665,1.21621
393,-0.1866,2.81872,1.37584
393,-1.50299,2.2437,0.375424
393,0.319103,1.96151,-0.578189
393,0.366057,1.95762,-0.612625
393,-0.582535,2.51667,0.749547
393,-0.952945,1.85893,-0.601567
393,0.3257,1.95166,-0.642099
393,0.320418,1.97866,-0.589331
393,-0.580844,2.51302,0.713278
393,-0.951354,1.87195,-0.597332
393,-0.59425,2.50808,0.696641
393,-0.592137,2.53311,0.74637
393,-0.607235,2.53084,0.729688
393,0.319752,1.96651,-0.653648
393,-0.994271,1.88572,-0.587127
393,0.284707,1.97713,-0.630713
393,-0.960824,1.8784,-0.618472
393,-0.589247,2.53525,0.709393
393,-0.940506,1.89215,-0.603794
393,0.327963,1.99845,-0.615698
393,-0.59024,2.5364,0.704491
393,0.322514,2.0053,-0.621309
393,-1.52062,2.31083,0.367838
393,0.31716,2.01412,-0.624066
393,0.28019,2.01985,-0.607241
393,-1.68052,2.30167,0.335217
393,0.236367,2.01761,-0.634585
393,0.266798,2.03941,-0.607877
393,-1.53511,2.33021,0.34468
393,0.216586,2.05346,-0.582977
393,0.264801,2.04747,-0.609609
393,0.236842,2.02971,-0.64337
393,-1.6814,2.32209,0.330045
393,0.172474,2.05579,-0.595226
393,0.212599,2.06464,-0.584457
393,0.281959,2.02389,-0.68741
393,0.216737,2.06328,-0.60115
393,0.167453,2.06088,-0.607009
393,-0.128726,2.86275,1.15611
393,-1.55703,2.35487,0.326541
393,-1.53925,2.36423,0.328076
393,-0.315322,2.54692,0.486521
393,-1.72156,2.35432,0.322659
393,-1.73496,2.35712,0.321541
393,-1.72628,2.35044,0.300502
393,-1.73784,2.35583,0.310126
393,-0.946012,2.51705,0.504483
393,-0.148755,2.96586,1.30545
393,-1.51628,2.40316,0.319686
393,-0.620545,2.47088,0.284594
393,-0.833915,2.46,0.300505
393,-0.667811,2.4869,0.303178
393,-0.614547,2.49064,0.278587
393,-1.46403,2.43003,0.304235
393,-0.218529,2.71106,0.671844
393,0.0804916,2.13806,-0.617916
393,-1.52662,2.42141,0.276272
393,0.0800512,2.16752,-0.566178
393,-0.302884,2.64385,0.519858
393,-0.560605,2.51319,0.28687
393,-0.641189,2.54672,0.371112
393,-1.40284,2.43847,0.27813
393,-1.47595,2.44288,0.285006
393,-0.837082,2.49442,0.268824
393,-1.55546,2.4782,0.360622
393,-0.991696,2.56188,0.435347
393,-0.636944,2.54422,0.331517
393,-0.998481,2.50133,0.305667
393,-0.638943,2.54368,0.329789
393,-1.55547,2.47759,0.352707
393,-0.356017,2.54402,0.265436
393,-0.359419,2.55473,0.285867
393,-1.5717,2.44841,0.281072
393,-1.57333,2.44044,0.260271
393,-0.647089,2.56767,0.360369
393,-0.641289,2.55803,0.335292
393,-1.53147,2.44649,0.255884
393,0.0760816,2.19167,-0.589185
393,-1.55369,2.47121,0.306222
393,-1.5469,2.44962,0.258152
393,0.0745435,2.19377,-0.596244
393,-0.357095,2.68046,0.519959
393,-1.51535,2.46199,0.259767
393,-1.53628,2.4547,0.247405
393,-0.655267,2.53474,0.25418
393,-1.5108,2.46731,0.244158
393,-1.51435,2.47381,0.257676
393,-1.49643,2.47155,0.247834
393,-1.45933,2.47385,0.245588
393,-0.642787,2.5771,0.311406
393,-1.43513,2.47565,0.23762
393,-1.46971,2.48062,0.248611
393,-1.47053,2.47664,0.238058
393,-1.44229,2.49492,0.255518
393,-1.56679,2.50556,0.283936
393,-1.56928,2.49029,0.246212
393,-1.45167,2.50612,0.237051
393,-1.53822,2.5132,0.248586
393,-1.48534,2.51217,0.232275
393,0.608289,2.54243,-0.0948448
393,-1.13525,2.56974,0.238615
393,-1.14266,2.57332,0.236984
393,-1.10237,2.57074,0.221706
393,0.336091,2.51681,-0.198274
393,0.342543,2.46872,-0.308722
393,0.334437,2.43442,-0.380858
393,0.337243,2.47642,-0.30649
393,-1.04344,2.60932,0.23123
393,-1.02536,2.60685,0.206717
393,0.44165,2.55499,-0.187339
393,0.387803,2.54213,-0.248301
393,0.701902,2.43868,-0.533185
393,0.685211,2.44613,-0.524914
393,0.359444,2.41996,-0.52229
393,0.680766,2.60018,-0.196341
393,0.47401,2.42111,-0.542918
393,0.448164,2.53462,-0.309288
393,0.590565,2.54897,-0.305526
393,0.474395,2.54061,-0.314013
393,0.376983,2.42795,-0.550507
393,0.33218,2.61391,-0.149861
393,0.4198,2.50615,-0.403922
393,0.709038,2.47725,-0.520067
393,0.596829,2.62159,-0.192492
393,0.658583,2.5305,-0.400659
393,0.569509,2.5144,-0.420694
393,0.417256,2.46506,-0.506967
393,0.572312,2.52251,-0.431999
393,0.62581,2.62991,-0.214678
393,0.502071,2.56911,-0.324946
393,0.541955,2.48792,-0.51837
393,0.683868,2.59132,-0.32393
393,0.623678,2.58701,-0.324814
393,0.661644,2.66519,-0.169547
393,0.66301,2.6782,-0.153639
393,0.654921,2.51018,-0.515297
393,0.655605,2.63566,-0.259887
393,0.389988,2.52391,-0.450983
393,0.456003,2.47665,-0.568721
393,0.718086,2.55437,-0.454357
393,0.717164,2.62163,-0.317541
393,0.456945,2.48778,-0.557109
393,0.456441,2.51791,-0.507116
393,0.478835,2.56472,-0.411892
393,0.544267,2.55281,-0.454869
393,0.456122,2.50892,-0.543165
393,0.484124,2.51465,-0.537708
393,0.756218,2.65477,-0.299486
393,0.577966,2.54344,-0.520269
393,0.594003,2.69769,-0.200544
393,0.638263,2.52906,-0.570313
393,0.697969,2.71472,-0.188956
393,0.723553,2.55256,-0.546662
393,0.636278,2.53287,-0.575164
393,0.750078,2.66443,-0.31595
393,0.739508,2.65546,-0.333713
393,0.434959,2.51025,-0.596628
393,0.734104,2.55322,-0.5781
393,0.705687,2.57407,-0.528716
393,0.736144,2.57152,-0.555
393,0.730645,2.61202,-0.503689
393,-0.46645,3.21058,0.972225
393,0.787634,2.64308,-0.704503
393,-0.527721,3.34191,0.412117
393,-0.474214,3.35023,0.405204
393,0.811024,5.94773,-5.11782
393,0.409177,2.59369,-0.183342
392,0.409177,2.59369,-0.183342
393,-0.229299,2.49438,0.95249
392,-0.229299,2.49438,0.95249
393,-0.208652,2.46807,0.693319
392,-0.208652,2.46807,0.693319
393,-0.263762,2.51162,1.19947
392,-0.263762,2.51162,1.19947
393,-0.291318,2.52034,1.20695
392,-0.291318,2.52034,1.20695
393,-0.686261,2.76617,0.575723
392,-0.686261,2.76617,0.575723
393,-0.161176,2.70048,1.10494
392,-0.161176,2.70048,1.10494
393,-0.137284,2.56907,1.19087
392,-0.137284,2.56907,1.19087
393,-0.304974,2.55945,1.20066
392,-0.304974,2.55945,1.20066
393,-0.26401,2.51226,1.19964
392,-0.26401,2.51226,1.19964
393,-0.293207,2.51624,1.21328
392,-0.293207,2.51624,1.21328
393,-0.953582,6.26115,0.646985
392,-0.953582,6.26115,0.646985
393,-0.135414,2.58655,1.2199
392,-0.135414,2.58655,1.2199
393,-0.685186,5.075,0.828296
392,-0.685186,5.075,0.828296
393,0.544118,2.48732,-0.58025
357,0.544118,2.48732,-0.58025
393,0.3997,2.49352,-0.528288
357,0.3997,2.49352,-0.528288
393,0.650728,2.61826,-0.207078
357,0.650728,2.61826,-0.207078
393,0.48627,2.56211,-0.363821
357,0.48627,2.56211,-0.363821
393,0.507296,2.523,-0.432285
357,0.507296,2.523,-0.432285
393,0.627445,2.40545,-0.27447
357,0.627445,2.40545,-0.27447
393,-1.13311,2.58087,0.210472
391,-1.13311,2.58087,0.210472
393,0.360633,2.47341,-0.537396
250,0.360633,2.47341,-0.537396
393,0.399431,2.47195,-0.596814
250,0.399431,2.47195,-0.596814
393,0.502283,2.00457,-0.610664
250,0.502283,2.00457,-0.610664
393,0.7178,2.58939,-0.227968
250,0.7178,2.58939,-0.227968
393,0.479189,2.57749,-0.298312
250,0.479189,2.57749,-0.298312
393,0.438087,2.16738,-0.192211
3,0.438087,2.16738,-0.192211
393,-0.976925,2.48425,0.279496
390,-0.976925,2.48425,0.279496
393,0.472377,2.5823,-0.273262
238,0.472377,2.5823,-0.273262
393,0.567391,2.59255,-0.238576
238,0.567391,2.59255,-0.238576
393,0.471454,2.80627,-0.584447
238,0.471454,2.80627,-0.584447
393,0.75414,2.57959,-0.319365
238,0.75414,2.57959,-0.319365
393,0.521254,2.86681,-0.456947
238,0.521254,2.86681,-0.456947
393,0.533826,2.83564,-0.354968
238,0.533826,2.83564,-0.354968
393,0.35632,2.53172,-0.427748
5,0.35632,2.53172,-0.427748
393,0.525503,2.52605,-0.625723
5,0.525503,2.52605,-0.625723
394,-1.61874,2.42811,1.72875
394,-0.454214,2.48702,1.67984
394,-1.65233,2.41798,1.6785
394,-1.57761,2.46,1.74388
394,-0.458858,2.49654,1.66042
394,-1.62367,2.44352,1.70527
394,-1.58463,2.45785,1.71284
394,-1.56414,2.48411,1.7444
394,-1.03215,2.48101,1.64909
394,-0.467046,2.49288,1.5887
394,-0.457851,2.49316,1.58797
394,-0.457281,2.46525,1.50204
394,-1.68355,2.37005,1.45401
394,-0.938741,2.45864,1.5469
394,-0.979086,2.48181,1.58384
394,-0.475662,2.51729,1.58737
394,-0.952135,2.50432,1.58844
394,-0.953949,2.49445,1.56353
394,-0.161652,2.56559,1.60205
394,-0.164389,2.59245,1.60733
394,-0.122612,2.50269,1.32969
394,-0.161176,2.50607,1.32715
394,-1.0246,2.45184,1.30053
394,-0.582149,2.47089,1.27811
394,1.58195,1.84354,-0.596164
394,0.64033,1.78752,-0.633136
394,1.48953,2.64256,1.30574
394,-0.164913,2.52522,1.25616
394,-0.59813,2.53978,1.27175
394,0.585585,1.83695,-0.648567
394,0.662699,1.85007,-0.629589
394,0.514592,1.85575,-0.628025
394,1.7012,1.91325,-0.708355
394,-0.356831,2.59165,1.26624
394,0.437679,1.88309,-0.61596
394,0.520002,1.87863,-0.643957
394,0.587989,1.88652,-0.644243
394,0.421926,1.88644,-0.635973
394,0.42258,1.91024,-0.589442
394,0.373024,1.90942,-0.62881
394,0.362085,1.90756,-0.636343
394,0.368816,1.9177,-0.64225
394,-0.374471,2.64576,1.24879
394,-1.04202,2.50963,0.99974
394,-0.991586,1.85119,-0.628752
394,0.313865,1.94539,-0.622168
394,-0.37855,2.66089,1.23149
394,0.515049,1.97419,-0.626572
394,-0.955309,1.89467,-0.610065
394,-0.926786,2.47662,0.787504
394,-1.77107,2.47644,0.912271
394,0.275442,1.97788,-0.629071
394,-0.384914,2.71081,1.23506
394,-1.78944,2.49517,0.911128
394,0.396455,2.00563,-0.648451
394,0.366961,2.00251,-0.653394
394,-1.32586,2.31931,0.323194
394,-1.82577,2.53704,0.898684
394,-0.324809,2.5129,0.54301
394,0.215996,2.07968,-0.622689
394,-1.44254,2.36044,0.310995
394,-0.318906,2.50334,0.480269
394,0.262016,2.08202,-0.648607
394,-0.299313,2.53975,0.548813
394,-0.304235,2.51084,0.476524
394,0.23356,2.10397,-0.626467
394,-0.64328,2.52723,0.546618
394,-1.50613,2.38994,0.342644
394,-0.273132,2.52676,0.485275
394,-1.38985,2.39855,0.306706
394,-1.60041,2.39013,0.311173
394,-1.42598,2.39837,0.291673
394,-0.363254,2.58941,0.594877
394,-1.61651,2.38798,0.291534
394,-0.352026,2.47503,0.290399
394,-1.51599,2.42505,0.339552
394,-0.654416,2.56096,0.530045
394,-0.65058,2.55089,0.484793
394,-1.5188,2.41314,0.268014
394,-0.323837,2.48844,0.265161
394,-1.57215,2.4279,0.28697
394,-0.650059,2.55068,0.443731
394,-1.58882,2.42862,0.287709
394,-1.10684,2.45969,0.2558
394,-1.56445,2.43824,0.271099
394,-1.77512,2.43218,0.276678
394,-1.50271,2.4434,0.252159
394,-1.54183,2.44645,0.258184
394,0.109829,2.18638,-0.63659
394,-0.662687,2.50965,0.265229
394,-1.42355,2.4675,0.270232
394,-1.62806,2.45984,0.272247
394,0.111596,2.19699,-0.64433
394,-0.291008,2.54892,0.262634
394,-1.57028,2.46738,0.253864
394,-0.660582,2.52391,0.245875
394,-1.54918,2.46822,0.243365
394,-1.5267,2.47061,0.240741
394,-0.686662,2.52971,0.252754
394,-0.278451,2.55786,0.257883
394,-0.951355,2.51661,0.260361
394,-1.49542,2.47926,0.251968
394,-0.31481,2.71314,0.633651
394,-1.56545,2.49542,0.292388
394,-1.60023,2.48163,0.259938
394,-1.48018,2.49975,0.284787
394,-0.404522,2.70558,0.621112
394,-0.64047,2.53836,0.237946
394,-0.636179,2.54639,0.241852
394,-1.02298,2.53443,0.254687
394,-1.8058,2.48618,0.240665
394,-1.83596,2.49588,0.253132
394,-1.49344,2.51234,0.238197
394,0.335385,2.42585,-0.572078
394,0.652316,2.59728,-0.211969
394,0.443807,2.50499,-0.428371
394,0.640535,2.57577,-0.291346
394,0.588297,2.54945,-0.352302
394,0.339912,2.58824,-0.236203
394,0.621466,2.57983,-0.324956
394,0.678449,2.54559,-0.436893
394,0.614891,2.56252,-0.388123
394,0.68279,2.61368,-0.276726
394,0.590556,2.5345,-0.462868
394,0.741259,2.51104,-0.549771
394,0.740086,2.50234,-0.578254
394,0.383354,2.62006,-0.236326
394,0.609615,2.61301,-0.290572
394,0.537996,2.66571,-0.173804
394,0.719414,2.53173,-0.534577
394,0.66541,2.5833,-0.402336
394,0.537464,2.66194,-0.195551
394,0.759424,2.61556,-0.373731
394,0.689615,2.59852,-0.408136
394,0.745468,2.5844,-0.486615
394,0.739395,2.58408,-0.630493
394,1.55651,2.73913,-0.557221
394,0.516835,2.55729,-0.57106
393,0.516835,2.55729,-0.57106
394,0.509312,2.55819,-0.528349
393,0.509312,2.55819,-0.528349
394,0.532708,2.62067,-0.328978
393,0.532708,2.62067,-0.328978
394,0.583588,2.57431,-0.612655
393,0.583588,2.57431,-0.612655
394,0.361939,1.45591,0.324726
393,0.361939,1.45591,0.324726
394,0.431112,1.83091,0.0973589
393,0.431112,1.83091,0.0973589
394,0.384013,2.65562,-0.226385
393,0.384013,2.65562,-0.226385
394,0.395775,2.60523,-0.43476
393,0.395775,2.60523,-0.43476
394,0.447896,2.48723,-0.557512
393,0.447896,2.48723,-0.557512
394,0.402706,1.79388,0.250213
393,0.402706,1.79388,0.250213
394,0.564133,2.67659,-0.250692
393,0.564133,2.67659,-0.250692
394,0.62276,2.61687,-0.24429
393,0.62276,2.61687,-0.24429
394,0.753793,2.6525,-0.429955
393,0.753793,2.6525,-0.429955
394,0.438601,2.59541,-0.187514
393,0.438601,2.59541,-0.187514
394,0.348487,2.5268,-0.589548
393,0.348487,2.5268,-0.589548
394,-0.206963,2.61378,0.70232
393,-0.206963,2.61378,0.70232
394,-0.293573,2.82019,0.624837
393,-0.293573,2.82019,0.624837
394,-1.04922,2.46169,1.5951
393,-1.04922,2.46169,1.5951
394,-0.318977,2.3797,0.777059
393,-0.318977,2.3797,0.777059
394,0.693253,2.5884,-0.554049
393,0.693253,2.5884,-0.554049
394,-0.296893,2.48544,0.574634
393,-0.296893,2.48544,0.574634
394,-1.55743,2.52563,0.225997
393,-1.55743,2.52563,0.225997
394,-0.245144,2.47921,0.746306
393,-0.245144,2.47921,0.746306
394,-0.403497,2.78543,0.553629
393,-0.403497,2.78543,0.553629
394,-0.129104,2.54377,1.13198
393,-0.129104,2.54377,1.13198
394,-1.97541,2.94854,0.0331315
393,-1.97541,2.94854,0.0331315
394,-0.340456,2.68065,0.399405
393,-0.340456,2.68065,0.399405
394,-0.293072,2.64287,1.27422
393,-0.293072,2.64287,1.27422
394,-0.283726,2.44023,1.33064
393,-0.283726,2.44023,1.33064
394,-0.213014,3.10934,1.29719
393,-0.213014,3.10934,1.29719
394,-0.2793,2.42189,1.33078
393,-0.2793,2.42189,1.33078
394,-0.248394,2.49178,0.743704
393,-0.248394,2.49178,0.743704
394,-0.32439,2.44051,1.29988
393,-0.32439,2.44051,1.29988
394,-0.294165,2.48677,1.32926
393,-0.294165,2.48677,1.32926
394,-0.274106,2.51325,1.29006
393,-0.274106,2.51325,1.29006
394,0.685418,2.61256,-0.382446
392,0.685418,2.61256,-0.382446
394,0.45228,2.16062,-0.0769093
392,0.45228,2.16062,-0.0769093
394,0.480554,2.09913,0.00564497
392,0.480554,2.09913,0.00564497
394,0.400204,2.62649,-0.153446
392,0.400204,2.62649,-0.153446
394,0.341482,2.58996,-0.145891
392,0.341482,2.58996,-0.145891
394,-0.873481,2.55103,0.226411
392,-0.873481,2.55103,0.226411
394,-0.288454,2.46719,1.60266
392,-0.288454,2.46719,1.60266
394,0.565748,2.32122,-0.214356
357,0.565748,2.32122,-0.214356
394,0.547175,2.34851,-0.29669
357,0.547175,2.34851,-0.29669
394,0.583378,2.28781,-0.18236
357,0.583378,2.28781,-0.18236
394,0.439593,2.52346,-0.505181
357,0.439593,2.52346,-0.505181
394,0.496687,2.57658,-0.327457
357,0.496687,2.57658,-0.327457
394,0.537631,2.59779,-0.313359
357,0.537631,2.59779,-0.313359
394,-0.257914,3.14082,1.11682
390,-0.257914,3.14082,1.11682
394,0.700021,2.86726,-0.68623
17,0.700021,2.86726,-0.68623
394,-0.283547,2.89978,1.21862
161,-0.283547,2.89978,1.21862
394,-0.22788,2.53908,1.24365
161,-0.22788,2.53908,1.24365
394,-0.167052,2.78005,1.31492
161,-0.167052,2.78005,1.31492
394,0.707293,2.5789,-0.428088
3,0.707293,2.5789,-0.428088
394,0.626785,2.82054,-0.379588
3,0.626785,2.82054,-0.379588
394,0.650637,2.58736,-0.396345
3,0.650637,2.58736,-0.396345
394,0.398045,2.09864,-0.1803
3,0.398045,2.09864,-0.1803
395,-0.0120905,-0.0960908,1.19599
395,0.259976,1.08827,0.398306
395,1.30305,2.38202,1.3437
395,-1.7755,2.4215,1.69761
395,-1.64484,2.33454,1.43263
395,-1.65845,2.33946,1.43011
395,-1.77346,2.42628,1.68118
395,-1.7603,2.40834,1.61087
395,-0.523963,2.48474,1.67371
395,-1.7724,2.42587,1.64706
395,-1.66787,2.36694,1.42832
395,-1.77396,2.42952,1.61306
395,-0.532502,2.51563,1.70254
395,1.3565,2.46613,1.34055
395,-0.533466,2.51078,1.68065
395,-0.528879,2.50896,1.67458
395,-0.536023,2.4931,1.62756
395,-0.536339,2.50292,1.62976
395,-0.544773,2.5241,1.63362
395,1.41637,2.50843,1.30823
395,-0.585613,2.50796,1.47727
395,1.43959,2.54866,1.29714
395,-0.595264,2.50663,1.24221
395,-0.589796,2.51419,1.26267
395,-0.588712,2.49483,1.17899
395,-0.598699,2.52181,1.23689
395,0.443157,1.9092,-0.629394
395,-0.599569,2.54052,1.26834
395,-0.175145,2.5753,1.30477
395,-0.173336,2.5876,1.32097
395,0.426165,1.93212,-0.602851
395,-0.218813,2.57262,1.27341
395,-0.961316,1.88587,-0.626554
395,-0.171289,2.58241,1.24848
395,0.383152,1.97584,-0.609675
395,0.100698,1.97657,-0.644936
395,-0.40067,2.79027,1.69374
395,0.0924869,1.98342,-0.647423
395,-0.402707,2.81304,1.70589
395,-0.399881,2.82799,1.70992
395,-0.41455,2.83152,1.71745
395,0.315078,2.03458,-0.639117
395,0.261476,2.07119,-0.637662
395,0.0720869,2.04798,-0.700815
395,-0.322781,2.55495,0.770713
395,-1.00085,2.53581,0.768703
395,0.0707024,2.06409,-0.708002
395,-1.71797,2.41851,0.492091
395,-0.624302,2.54401,0.720014
395,-1.05272,2.05489,-0.617997
395,-1.08103,2.40917,0.315856
395,-1.70646,2.44554,0.472352
395,-0.351999,2.57454,0.675743
395,-0.933551,2.4943,0.506046
395,-1.74607,2.38916,0.286994
395,-1.82436,2.4543,0.47178
395,-1.47452,2.41735,0.303485
395,-1.08219,2.55746,0.619537
395,-1.51954,2.42201,0.281903
395,-1.07825,2.45275,0.306264
395,-1.52563,2.43655,0.30363
395,-1.53056,2.4279,0.255575
395,-1.77338,2.42561,0.260776
395,-1.6163,2.43867,0.275721
395,-0.393767,2.82921,1.2316
395,-1.85866,2.50232,0.456446
395,-1.5705,2.4448,0.25797
395,-1.6713,2.44647,0.271121
395,-1.59119,2.45455,0.263034
395,-1.53964,2.45534,0.247038
395,-1.80312,2.45264,0.258842
395,-0.647715,2.50661,0.269814
395,-1.46797,2.47168,0.260856
395,-1.79495,2.45363,0.246144
395,-0.57855,2.52236,0.287465
395,-0.350788,2.53526,0.295697
395,-1.46041,2.47285,0.244504
395,-0.859635,2.50826,0.273023
395,-0.368892,2.53194,0.279932
395,-1.50834,2.47275,0.233193
395,-0.665491,2.51332,0.248438
395,-0.661628,2.51845,0.260502
395,-1.50899,2.4781,0.243199
395,-0.37081,2.68958,0.707465
395,-1.0988,2.50246,0.25528
395,-1.10021,2.51655,0.278937
395,-0.336602,2.54716,0.273512
395,-0.640606,2.54066,0.28792
395,-1.55096,2.48769,0.239999
395,-0.35379,2.54656,0.256549
395,-1.10268,2.51126,0.241841
395,-1.44762,2.50668,0.245132
395,-0.683002,2.54062,0.247269
395,-1.51036,2.50226,0.233295
395,-0.36496,2.56657,0.266608
395,-0.643887,2.54518,0.23535
395,-0.996495,2.53692,0.244981
395,-0.643939,2.55091,0.2425
395,-0.339589,2.56311,0.241529
395,-0.643616,2.56666,0.280532
395,-0.704302,2.56661,0.251604
395,-0.389058,2.95374,1.27718
395,-1.02239,2.56401,0.244163
395,-0.342555,2.59266,0.231727
395,-0.380821,2.97216,1.28571
395,-1.51386,2.56404,0.253032
395,-1.50092,2.5509,0.213137
395,0.379085,2.56086,-0.141746
395,0.629365,2.59618,-0.125429
395,-0.866976,2.65238,0.185973
395,0.335991,2.57244,-0.210543
395,0.340086,2.45163,-0.582494
395,0.334856,2.53607,-0.347939
395,0.448458,2.47617,-0.548734
395,0.677509,2.47932,-0.569331
395,0.643343,2.61328,-0.188548
395,0.405646,2.60293,-0.190618
395,0.640162,2.62163,-0.173919
395,0.479064,2.58582,-0.276297
395,0.411184,2.53398,-0.416523
395,0.409538,2.59467,-0.246307
395,0.523628,2.60071,-0.247399
395,0.610335,2.59602,-0.272399
395,0.406437,2.59498,-0.252108
395,0.588832,2.56877,-0.347692
395,0.465781,2.60879,-0.222762
395,0.490951,2.61024,-0.222012
395,0.37924,2.58389,-0.285296
395,0.672339,2.62056,-0.218785
395,0.472384,2.49473,-0.553587
395,0.47417,2.48113,-0.59274
395,0.670051,2.56669,-0.381926
395,0.589082,2.55455,-0.408211
395,0.557224,2.52077,-0.502738
395,0.703849,2.62131,-0.242261
395,0.408484,2.55245,-0.404863
395,0.500258,2.60088,-0.285114
395,0.595169,2.49465,-0.597398
395,0.438029,2.53555,-0.464342
395,0.379836,2.57487,-0.348808
395,0.593573,2.61612,-0.256869
395,0.669295,2.61427,-0.275834
395,0.650906,2.58333,-0.36288
395,0.418152,2.53439,-0.475089
395,0.713358,2.64544,-0.198721
395,0.595519,2.62802,-0.249027
395,0.711608,2.52686,-0.555489
395,0.620242,2.61013,-0.311029
395,0.485563,2.60361,-0.316301
395,0.422875,2.53868,-0.497522
395,0.533618,2.59048,-0.36459
395,0.606048,2.57491,-0.425709
395,0.507807,2.53968,-0.518712
395,0.681225,2.61948,-0.31717
395,0.676001,2.67599,-0.159043
395,0.425215,2.66402,-0.180676
395,0.686364,2.53764,-0.568527
395,0.6252,2.65301,-0.239445
395,0.628562,2.55531,-0.520417
395,0.748953,2.67765,-0.200359
395,0.743038,2.67794,-0.216281
395,0.75408,2.60066,-0.474089
395,0.711646,2.70194,-0.188619
395,0.762739,2.5717,-0.582457
395,0.762903,2.56995,-0.591295
395,0.522351,2.54475,-0.64212
395,0.621398,2.57051,-0.625694
395,0.645994,2.5652,-0.647501
395,0.622476,2.57319,-0.63598
395,0.796019,2.63396,-0.665652
395,0.768205,2.67893,-0.535984
395,0.770412,2.68778,-0.528277
395,0.765677,2.65037,-0.648112
395,0.79857,2.70425,-0.564505
395,0.798301,2.67336,-0.672759
395,0.5596,3.02493,-0.728217
393,0.5596,3.02493,-0.728217
395,-0.328711,2.51451,0.593819
393,-0.328711,2.51451,0.593819
395,0.394533,2.52891,-0.519875
393,0.394533,2.52891,-0.519875
395,0.545028,2.55665,-0.640416
393,0.545028,2.55665,-0.640416
395,0.600284,2.55036,-0.558955
393,0.600284,2.55036,-0.558955
395,0.596283,2.59621,-0.448403
393,0.596283,2.59621,-0.448403
395,0.563048,2.96435,-0.850465
393,0.563048,2.96435,-0.850465
395,0.59832,2.52416,-0.615928
393,0.59832,2.52416,-0.615928
395,0.445028,1.76876,0.12299
393,0.445028,1.76876,0.12299
395,-0.162629,2.62817,1.31986
393,-0.162629,2.62817,1.31986
395,-0.566639,2.59013,0.215173
393,-0.566639,2.59013,0.215173
395,0.401701,1.75304,0.111023
393,0.401701,1.75304,0.111023
395,0.447543,2.0447,-0.089964
393,0.447543,2.0447,-0.089964
395,0.326813,1.35172,0.429437
393,0.326813,1.35172,0.429437
395,0.552159,2.59407,-0.525636
393,0.552159,2.59407,-0.525636
395,0.756902,2.57981,-0.487432
393,0.756902,2.57981,-0.487432
395,-0.637973,2.52603,0.448504
393,-0.637973,2.52603,0.448504
395,-0.288455,2.61136,1.27606
393,-0.288455,2.61136,1.27606
395,-1.79332,2.50293,0.839224
393,-1.79332,2.50293,0.839224
395,-0.324299,2.32923,0.75085
393,-0.324299,2.32923,0.75085
395,-0.626433,2.47778,0.36385
393,-0.626433,2.47778,0.36385
395,-1.83468,2.55651,0.824875
393,-1.83468,2.55651,0.824875
395,-0.351617,2.71255,0.472268
393,-0.351617,2.71255,0.472268
395,-0.258147,2.53436,0.731515
393,-0.258147,2.53436,0.731515
395,-1.86384,2.59524,0.813397
393,-1.86384,2.59524,0.813397
395,-0.33927,2.43313,0.710276
393,-0.33927,2.43313,0.710276
395,0.400035,2.49559,-0.393426
394,0.400035,2.49559,-0.393426
395,0.343458,2.62103,-0.276095
394,0.343458,2.62103,-0.276095
395,0.423992,2.55351,-0.510512
394,0.423992,2.55351,-0.510512
395,0.630675,2.58418,-0.534261
394,0.630675,2.58418,-0.534261
395,0.622888,2.53929,-0.478718
394,0.622888,2.53929,-0.478718
395,0.633941,2.45476,-0.518973
394,0.633941,2.45476,-0.518973
395,0.692906,2.60966,-0.211129
394,0.692906,2.60966,-0.211129
395,0.396476,2.42036,-0.446707
394,0.396476,2.42036,-0.446707
395,0.581794,2.53726,-0.617823
394,0.581794,2.53726,-0.617823
395,0.62636,2.63828,-0.296585
394,0.62636,2.63828,-0.296585
395,0.378525,2.57088,-0.271907
394,0.378525,2.57088,-0.271907
395,0.399891,2.58102,-0.520028
394,0.399891,2.58102,-0.520028
395,0.346633,2.62203,-0.170168
394,0.346633,2.62203,-0.170168
395,0.786021,2.77115,-0.506389
394,0.786021,2.77115,-0.506389
395,-0.310611,2.83037,1.27716
394,-0.310611,2.83037,1.27716
395,-0.72972,3.17796,1.14711
394,-0.72972,3.17796,1.14711
395,0.332747,2.05268,-0.725675
394,0.332747,2.05268,-0.725675
395,-0.237158,2.53864,1.24456
394,-0.237158,2.53864,1.24456
395,-0.416749,3.84478,1.21498
394,-0.416749,3.84478,1.21498
395,-1.10035,2.81944,0.642276
394,-1.10035,2.81944,0.642276
395,-0.248458,2.66152,1.23051
394,-0.248458,2.66152,1.23051
395,0.438463,2.3356,-0.30118
392,0.438463,2.3356,-0.30118
395,0.448714,2.55,-0.49809
392,0.448714,2.55,-0.49809
395,0.512868,2.28652,-0.15791
392,0.512868,2.28652,-0.15791
395,0.738709,2.98996,-0.850915
392,0.738709,2.98996,-0.850915
395,0.499861,2.64217,-0.205971
392,0.499861,2.64217,-0.205971
395,0.469371,1.90167,0.143202
392,0.469371,1.90167,0.143202
395,0.619934,2.64142,-0.193664
392,0.619934,2.64142,-0.193664
395,0.50784,2.57388,-0.441617
392,0.50784,2.57388,-0.441617
395,0.646098,2.62867,-0.291412
392,0.646098,2.62867,-0.291412
395,0.558679,2.20034,-0.166766
392,0.558679,2.20034,-0.166766
395,0.754354,2.6177,-0.370548
392,0.754354,2.6177,-0.370548
395,0.525152,2.63405,-0.197497
392,0.525152,2.63405,-0.197497
395,-0.312415,2.50609,0.460308
392,-0.312415,2.50609,0.460308
395,0.391174,2.54677,-0.529821
17,0.391174,2.54677,-0.529821
395,0.708065,2.92972,-0.567112
17,0.708065,2.92972,-0.567112
395,0.522789,2.824,-0.558455
5,0.522789,2.824,-0.558455
395,0.47515,2.52536,-0.47729
5,0.47515,2.52536,-0.47729
395,0.457668,2.28369,-0.288344
5,0.457668,2.28369,-0.288344
395,0.598333,2.53583,-0.507597
161,0.598333,2.53583,-0.507597
395,-0.378183,3.3211,1.79817
161,-0.378183,3.3211,1.79817
395,-0.360585,3.46678,1.28415
161,-0.360585,3.46678,1.28415
395,-1.15972,3.3437,0.17746
161,-1.15972,3.3437,0.17746
395,0.607592,2.46016,-0.390117
3,0.607592,2.46016,-0.390117
395,0.571269,2.78946,-0.534888
3,0.571269,2.78946,-0.534888
395,0.502406,2.55864,-0.392021
3,0.502406,2.55864,-0.392021
395,0.355413,2.0239,-0.182123
3,0.355413,2.0239,-0.182123
395,0.669091,2.58801,-0.464991
3,0.669091,2.58801,-0.464991
395,0.322349,2.58663,-0.124932
250,0.322349,2.58663,-0.124932
395,0.475943,2.5361,-0.491258
0,0.475943,2.5361,-0.491258
395,0.535093,2.3013,-0.294484
0,0.535093,2.3013,-0.294484
395,0.440743,2.60049,-0.256578
0,0.440743,2.60049,-0.256578
395,0.351945,2.54921,-0.395899
0,0.351945,2.54921,-0.395899
395,0.351558,2.57807,-0.269594
0,0.351558,2.57807,-0.269594
395,-0.485946,4.65017,0.029345
160,-0.485946,4.65017,0.029345
395,0.501711,2.70352,-0.40995
160,0.501711,2.70352,-0.40995
395,0.716215,2.57686,-0.422568
160,0.716215,2.57686,-0.422568
395,-0.262944,2.58651,1.70768
390,-0.262944,2.58651,1.70768
396,0.228492,1.09152,0.518053
396,0.284801,1.09899,0.51525
396,0.216624,1.07903,0.474105
396,0.254109,1.09125,0.499379
396,0.243837,1.10482,0.526996
396,0.226276,1.11505,0.552359
396,0.216806,1.09217,0.498219
396,0.245311,1.08474,0.471538
396,0.228118,1.09207,0.486812
396,0.228844,1.07508,0.445129
396,0.246973,1.07297,0.430855
396,0.231171,1.03689,0.344042
396,0.230418,1.07546,0.429078
396,0.248736,1.06608,0.398979
396,0.245783,1.06036,0.380943
396,0.249915,1.05221,0.35902
396,0.288455,1.0469,0.342896
396,0.235145,1.05416,0.358255
396,0.23308,1.05388,0.35757
396,0.266352,1.05745,0.343722
396,-0.54809,1.43897,-0.640483
396,-0.53221,1.45114,-0.652689
396,-0.628309,1.45185,-0.643239
396,-0.535485,1.45598,-0.657916
396,-0.609637,1.46321,-0.643263
396,-0.609742,1.4643,-0.64162
396,-0.216092,1.52685,-0.647917
396,0.866488,1.59929,-0.608158
396,0.932283,1.58836,-0.651575
396,-0.622461,1.52964,-0.649438
396,0.589828,1.58709,-0.640749
396,0.584054,1.5936,-0.636905
396,0.561757,1.6063,-0.625784
396,0.591608,1.60534,-0.650278
396,-0.739796,1.5687,-0.631158
396,-0.64655,1.57254,-0.641822
396,1.02596,1.65828,-0.594525
396,0.566834,1.6211,-0.649604
396,0.565525,1.62594,-0.650962
396,-0.922956,2.39455,1.26493
396,-0.909582,2.40796,1.29122
396,-0.772655,1.60863,-0.619456
396,-0.775961,1.6207,-0.636162
396,-0.741916,1.64182,-0.63767
396,-0.741827,1.64505,-0.640704
396,-0.824534,1.646,-0.635744
396,-0.616481,2.50261,1.27456
396,-0.609732,2.50903,1.26888
396,0.576002,1.75628,-0.629591
396,-0.611535,2.50394,1.2247
396,-0.616051,2.52231,1.2236
396,1.48519,2.69067,1.32438
396,1.61877,1.89991,-0.643678
396,-0.346327,2.45242,0.834296
396,-0.351053,2.45824,0.837169
396,1.52437,2.72653,1.29178
396,-0.341165,2.46185,0.832971
396,-0.489886,1.83102,-0.640646
396,-0.485454,1.83965,-0.625157
396,-0.341204,2.45813,0.816009
396,-0.347166,2.45642,0.810394
396,-0.336277,2.46407,0.785736
396,-0.939955,1.84877,-0.62852
396,-0.334697,2.4742,0.78413
396,1.67817,1.92662,-0.69147
396,-0.94248,1.85014,-0.631926
396,1.67849,1.93734,-0.696319
396,-0.337923,2.47385,0.745473
396,-0.337179,2.49225,0.786738
396,-0.335878,2.47698,0.733486
396,-0.301821,2.47706,0.730031
396,-0.308207,2.4849,0.746671
396,-0.241286,2.48547,0.740884
396,-0.241414,2.48884,0.746314
396,-0.332327,2.47607,0.724026
396,-0.204882,2.48878,0.734462
396,-0.332546,2.47602,0.711949
396,-0.241421,2.48687,0.728584
396,-0.26,2.49167,0.727634
396,-0.505806,1.88926,-0.681861
396,-0.963854,1.8927,-0.635121
396,-0.263917,2.49324,0.709128
396,-0.264181,2.50021,0.722446
396,-0.301296,2.50397,0.721582
396,-0.301609,2.50557,0.70665
396,-0.257195,2.50309,0.69266
396,-0.347864,2.5576,0.76882
396,-0.348204,2.55443,0.738832
396,-0.339885,2.3992,0.337035
396,-0.965358,2.44579,0.446472
396,-1.86021,2.59511,0.879794
396,-1.08845,2.38666,0.309365
396,-1.85129,2.58967,0.834707
396,-1.0493,2.03317,-0.610377
396,-1.50788,2.39091,0.274527
396,-1.83955,2.58927,0.741584
396,-1.53272,2.42493,0.313129
396,0.242287,2.1049,-0.640188
396,0.208781,2.10727,-0.635044
396,-1.48896,2.42292,0.260255
396,-0.245051,2.52118,0.372567
396,0.235635,2.11618,-0.639592
396,0.235635,2.11869,-0.635193
396,-1.53494,2.43569,0.255284
396,-0.642395,2.52496,0.378367
396,-1.11516,2.462,0.254871
396,-1.09398,2.47867,0.266052
396,-1.5413,2.45656,0.254263
396,-0.662215,2.4954,0.245496
396,-0.291687,2.52304,0.273428
396,-0.986074,2.49287,0.259308
396,-1.0804,2.48317,0.24494
396,-0.350026,2.53615,0.297915
396,-0.632811,2.5044,0.245228
396,-0.349917,2.52846,0.271828
396,-0.336344,2.52973,0.271552
396,-1.5577,2.49473,0.29853
396,-1.57163,2.49923,0.296918
396,-1.56693,2.50552,0.306868
396,-0.651086,2.51273,0.238666
396,-1.65535,2.48759,0.256715
396,-1.48379,2.49264,0.236074
396,-1.56596,2.51579,0.285707
396,-0.68184,2.53049,0.238536
396,-0.656053,2.58029,0.352412
396,-0.621412,2.53764,0.248125
396,-0.68248,2.5426,0.263419
396,-0.588901,2.54186,0.25021
396,-1.01605,2.53554,0.247567
396,-1.44648,2.52385,0.246718
396,-0.561696,2.5628,0.231732
396,-0.868028,2.55147,0.229163
396,-0.56386,2.56713,0.227382
396,-0.569889,2.58273,0.221354
396,-1.50978,2.562,0.218197
396,-0.877461,2.59786,0.205992
396,-1.80086,2.57863,0.238997
396,-1.75106,2.58683,0.243352
396,-1.44054,2.58142,0.201478
396,0.326565,2.49569,-0.172119
396,-1.44142,2.58579,0.19647
396,-0.575043,2.62681,0.203981
396,0.387469,2.55993,-0.117069
396,-1.76404,2.62718,0.226141
396,-1.49488,2.63315,0.182793
396,0.513401,2.59827,-0.13152
396,0.331764,2.54742,-0.235747
396,0.491594,2.58363,-0.165179
396,0.342076,2.43044,-0.528701
396,0.341484,2.53853,-0.294067
396,0.376295,2.55121,-0.268435
396,0.576878,2.57941,-0.224152
396,0.49681,2.55138,-0.290096
396,0.46091,2.57212,-0.23824
396,0.576936,2.60608,-0.171487
396,0.347616,2.57825,-0.216988
396,0.370371,2.55098,-0.284279
396,0.455471,2.53808,-0.32354
396,0.441437,2.53778,-0.323646
396,0.334559,2.53255,-0.327623
396,0.497205,2.56605,-0.266079
396,0.520086,2.55703,-0.289492
396,0.697201,2.6032,-0.205665
396,0.370548,2.48996,-0.446248
396,0.520002,2.59487,-0.214017
396,0.334287,2.48475,-0.45798
396,0.580425,2.568,-0.284646
396,0.476751,2.61029,-0.177822
396,0.406514,2.58064,-0.243558
396,0.520938,2.59157,-0.231277
396,0.605004,2.62213,-0.169357
396,0.639731,2.60034,-0.224145
396,0.339337,2.45438,-0.544794
396,0.537802,2.61475,-0.185743
396,0.436798,2.59167,-0.232802
396,0.43722,2.58609,-0.248972
396,0.642425,2.5658,-0.320668
396,0.438063,2.54386,-0.3592
396,0.496688,2.61951,-0.188744
396,0.466671,2.54633,-0.360016
396,0.438885,2.57538,-0.291155
396,0.702611,2.59676,-0.268809
396,0.610446,2.56501,-0.340146
396,0.381631,2.53474,-0.395664
396,0.447992,2.50999,-0.461488
396,0.499664,2.57972,-0.301941
396,0.56037,2.57128,-0.334861
396,0.647273,2.53175,-0.437469
396,0.605313,2.59309,-0.290142
396,0.381513,2.56201,-0.34289
396,0.746643,2.62952,-0.217863
396,0.357389,2.48008,-0.535891
396,0.606332,2.56993,-0.34719
396,0.589241,2.49841,-0.517353
396,0.558473,2.65106,-0.155596
396,0.412146,2.55621,-0.366601
396,0.50156,2.57328,-0.337071
396,0.531537,2.61776,-0.235158
396,0.748041,2.62317,-0.243272
396,0.472604,2.54397,-0.405389
396,0.393501,2.49116,-0.525451
396,0.382715,2.5571,-0.369297
396,0.468826,2.58642,-0.3093
396,0.748737,2.62184,-0.252154
396,0.356617,2.51446,-0.470118
396,0.503029,2.55312,-0.393963
396,0.351123,2.49173,-0.52675
396,0.595661,2.57615,-0.350819
396,0.350999,2.49771,-0.513868
396,0.674811,2.63283,-0.225509
396,0.502929,2.56816,-0.363375
396,0.67402,2.5783,-0.355938
396,0.562126,2.59425,-0.308517
396,-1.49424,2.71038,0.151492
396,0.504309,2.54753,-0.420141
396,0.467068,2.47288,-0.595646
396,0.582898,2.64858,-0.195077
396,0.734823,2.60989,-0.303952
396,0.65241,2.51341,-0.52534
396,0.507313,2.57227,-0.37371
396,0.473339,2.52745,-0.479726
396,0.506028,2.62129,-0.262567
396,0.64593,2.56792,-0.401497
396,0.530038,2.55313,-0.427794
396,0.68221,2.67155,-0.163227
396,0.651255,2.57207,-0.395244
396,0.446647,2.4804,-0.592641
396,0.50656,2.54255,-0.456653
396,0.529612,2.58346,-0.363204
396,0.473451,2.55412,-0.429522
396,0.68488,2.62107,-0.291398
396,0.678193,2.56735,-0.41823
396,0.708902,2.61652,-0.312786
396,0.504518,2.51466,-0.537746
396,0.448353,2.5022,-0.573064
396,0.453332,2.57022,-0.414544
396,0.681996,2.53969,-0.510963
396,0.752816,2.65885,-0.237103
396,0.712451,2.55993,-0.466647
396,0.686157,2.5142,-0.575364
396,0.747177,2.63571,-0.297906
396,0.736999,2.658,-0.246236
396,0.589396,2.62829,-0.304994
396,0.650142,2.54425,-0.511106
396,0.5428,2.67617,-0.192007
396,0.752776,2.65504,-0.261156
396,0.685816,2.56975,-0.459089
396,0.651215,2.53561,-0.539244
396,0.657933,2.55627,-0.493213
396,0.687951,2.52693,-0.566612
396,0.551567,2.6816,-0.193133
396,0.754135,2.66628,-0.250086
396,0.754727,2.53605,-0.557411
396,0.39157,2.55756,-0.47462
396,0.755058,2.53339,-0.565833
396,0.688108,2.56545,-0.489765
396,0.747217,2.58281,-0.455537
396,0.651773,2.57589,-0.463415
396,0.746965,2.5538,-0.528289
396,0.667034,2.5668,-0.491023
396,0.515691,2.56269,-0.491756
396,0.751219,2.54193,-0.575419
396,0.689305,2.60792,-0.414816
396,0.713014,2.56511,-0.522545
396,0.531657,2.57009,-0.49587
396,0.728789,2.67783,-0.260335
396,0.69043,2.59933,-0.443053
396,0.693435,2.57208,-0.52724
396,0.694101,2.56174,-0.554634
396,0.687504,2.57028,-0.54316
396,0.75259,2.61905,-0.444839
396,0.750576,2.65306,-0.378705
396,0.76213,2.60157,-0.501491
396,0.406752,2.52848,-0.642251
396,0.764023,2.56664,-0.590195
396,0.766542,2.6565,-0.38028
396,0.739149,2.60989,-0.494294
396,0.761963,2.7191,-0.280465
396,0.761542,2.59117,-0.604584
396,0.777853,2.58856,-0.620439
396,0.763423,2.64683,-0.507256
396,0.772296,2.64904,-0.516871
396,0.387994,2.59924,-0.32636
395,0.387994,2.59924,-0.32636
396,-1.10883,2.52849,0.235193
395,-1.10883,2.52849,0.235193
396,0.632697,2.50623,-0.324285
395,0.632697,2.50623,-0.324285
396,0.60946,2.42959,-0.276341
395,0.60946,2.42959,-0.276341
396,-0.604289,2.4647,0.275319
395,-0.604289,2.4647,0.275319
396,-0.645611,2.55911,0.229657
395,-0.645611,2.55911,0.229657
396,-0.292799,2.22887,0.792192
395,-0.292799,2.22887,0.792192
396,-1.58046,2.59739,0.200618
395,-1.58046,2.59739,0.200618
396,-1.59693,2.55605,0.207965
395,-1.59693,2.55605,0.207965
396,-1.43048,2.33634,0.298833
395,-1.43048,2.33634,0.298833
396,-1.44735,2.49688,0.240221
395,-1.44735,2.49688,0.240221
396,-0.926858,2.74844,0.17064
395,-0.926858,2.74844,0.17064
396,-1.5846,2.52392,0.215024
395,-1.5846,2.52392,0.215024
396,-0.362612,2.64665,0.230768
395,-0.362612,2.64665,0.230768
396,-0.238321,2.48654,1.25054
395,-0.238321,2.48654,1.25054
396,-0.314699,2.22606,0.771507
395,-0.314699,2.22606,0.771507
396,-1.62235,2.49836,0.250103
395,-1.62235,2.49836,0.250103
396,-1.28719,1.69405,0.555205
395,-1.28719,1.69405,0.555205
396,0.566122,1.90264,-0.138708
395,0.566122,1.90264,-0.138708
396,-1.55855,2.31957,0.32591
395,-1.55855,2.31957,0.32591
396,-0.903145,2.64325,0.223481
395,-0.903145,2.64325,0.223481
396,-1.7259,2.34394,0.311521
395,-1.7259,2.34394,0.311521
396,0.32616,1.54489,0.201517
394,0.32616,1.54489,0.201517
396,1.6013,6.13101,-2.83719
394,1.6013,6.13101,-2.83719
396,-1.07499,2.44087,0.278602
394,-1.07499,2.44087,0.278602
396,-0.314209,2.49437,0.512613
394,-0.314209,2.49437,0.512613
396,-0.731103,2.8195,0.134427
394,-0.731103,2.8195,0.134427
396,-1.60446,2.6486,0.18327
394,-1.60446,2.6486,0.18327
396,0.598991,2.36879,-0.372248
393,0.598991,2.36879,-0.372248
396,0.752684,2.56736,-0.556511
393,0.752684,2.56736,-0.556511
396,0.343931,2.5742,-0.385626
393,0.343931,2.5742,-0.385626
396,0.530374,3.19011,-0.683454
393,0.530374,3.19011,-0.683454
396,0.67983,2.63592,-0.25946
393,0.67983,2.63592,-0.25946
396,0.537837,2.52715,-0.546174
393,0.537837,2.52715,-0.546174
396,0.231513,2.04362,-0.65222
393,0.231513,2.04362,-0.65222
396,-0.196619,3.04764,1.05374
393,-0.196619,3.04764,1.05374
396,-1.56644,2.69203,0.153154
393,-1.56644,2.69203,0.153154
396,-0.341829,2.52069,0.266526
393,-0.341829,2.52069,0.266526
396,0.643118,3.21562,-0.804866
392,0.643118,3.21562,-0.804866
396,0.560383,2.62349,-0.260483
392,0.560383,2.62349,-0.260483
396,0.525064,2.60565,-0.284939
392,0.525064,2.60565,-0.284939
396,0.564015,2.60805,-0.317839
392,0.564015,2.60805,-0.317839
396,0.52621,2.5417,-0.450828
392,0.52621,2.5417,-0.450828
396,-0.134708,2.67825,1.31015
392,-0.134708,2.67825,1.31015
396,-0.583993,1.38837,-0.616737
5,-0.583993,1.38837,-0.616737
396,0.853759,1.53912,-0.627688
5,0.853759,1.53912,-0.627688
396,0.346729,2.62959,-0.205673
3,0.346729,2.62959,-0.205673
396,-1.0785,2.53041,0.601244
17,-1.0785,2.53041,0.601244
396,-1.45828,2.5182,0.226152
17,-1.45828,2.5182,0.226152
396,-1.1578,2.60084,0.202868
17,-1.1578,2.60084,0.202868
396,-1.74286,2.37316,1.31651
17,-1.74286,2.37316,1.31651
396,-1.62745,2.29771,0.327748
17,-1.62745,2.29771,0.327748
396,-1.74165,2.36821,1.31726
17,-1.74165,2.36821,1.31726
397,0.169314,1.09053,0.47249
397,0.228979,1.08663,0.435873
397,0.227548,1.0682,0.38379
397,-0.384531,1.21731,-0.6305
397,-0.495332,1.25034,-0.609766
397,1.18449,1.32591,-0.649189
397,1.07598,1.32929,-0.639151
397,-0.00742394,1.29172,-0.648776
397,1.10375,1.35772,-0.643247
397,1.24062,1.36328,-0.654086
397,1.26176,1.37267,-0.651656
397,1.18111,1.39122,-0.631542
397,1.21245,1.40375,-0.644173
397,1.11692,1.43112,-0.627864
397,1.18549,1.42828,-0.65087
397,-0.565521,1.35755,-0.674858
397,-0.425898,1.37132,-0.656384
397,-0.568497,1.36201,-0.679433
397,1.10343,1.4511,-0.631495
397,1.17123,1.44935,-0.662716
397,0.97123,1.46309,-0.652034
397,0.971814,1.47036,-0.653273
397,0.975756,1.47198,-0.651496
397,-0.627372,1.43401,-0.632492
397,0.922088,1.49221,-0.641088
397,0.922121,1.49531,-0.64082
397,0.915641,1.50463,-0.64369
397,-0.554871,1.44649,-0.644712
397,-0.545321,1.4498,-0.650735
397,-0.631001,1.4492,-0.646755
397,-0.634563,1.45909,-0.642997
397,0.934402,1.5126,-0.666168
397,-0.62721,1.47217,-0.654778
397,-0.67442,1.47719,-0.641237
397,-0.555693,1.46916,-0.673314
397,0.871846,1.54546,-0.649755
397,0.856471,1.54996,-0.641026
397,0.873919,1.55098,-0.649336
397,0.864,1.55805,-0.648085
397,0.876915,1.55966,-0.653896
397,1.0264,1.6118,-0.580258
397,0.867653,1.56984,-0.663535
397,-0.588089,1.52047,-0.657029
397,0.934311,1.58271,-0.654153
397,0.926396,1.58644,-0.652817
397,0.925982,1.58857,-0.652952
397,0.551142,1.59236,-0.625443
397,0.584719,1.59459,-0.62614
397,0.934195,1.5972,-0.657473
397,-0.675363,1.54052,-0.657474
397,-0.251831,1.5576,-0.656593
397,1.02431,1.63508,-0.596121
397,1.04092,1.63668,-0.596882
397,0.812746,1.60182,-0.656869
397,0.565812,1.60703,-0.62363
397,-0.584789,1.54196,-0.683111
397,0.59576,1.60067,-0.655879
397,0.829471,1.6209,-0.640317
397,0.900962,1.62165,-0.646493
397,0.792828,1.63944,-0.600928
397,0.824104,1.62557,-0.636409
397,0.766401,1.61878,-0.64902
397,0.876722,1.62363,-0.649146
397,-0.269128,1.58638,-0.634773
397,0.905779,1.62208,-0.663708
397,0.883155,1.62679,-0.654421
397,-0.720398,1.57442,-0.633574
397,0.56072,1.63739,-0.607598
397,0.63196,1.62581,-0.643761
397,0.624541,1.62642,-0.64457
397,-0.273826,1.60995,-0.604417
397,0.563182,1.64059,-0.619629
397,0.641093,1.62741,-0.661278
397,0.980042,1.64252,-0.661834
397,0.885276,1.64445,-0.649927
397,-0.270754,1.61958,-0.60847
397,-0.72063,1.58807,-0.641399
397,1.05545,1.66715,-0.624303
397,-0.626374,1.58381,-0.663936
397,1.03676,1.67065,-0.616125
397,0.630994,1.64113,-0.656492
397,-0.782226,1.59051,-0.647826
397,0.775453,1.66102,-0.629279
397,-0.270737,1.62637,-0.621116
397,0.700162,1.6557,-0.642337
397,-0.631491,1.5951,-0.66957
397,0.810797,1.66649,-0.6374
397,0.732903,1.67347,-0.629485
397,0.783947,1.66848,-0.646078
397,0.57546,1.66556,-0.637372
397,0.742007,1.67346,-0.64494
397,-0.80111,1.62143,-0.626418
397,0.786485,1.67615,-0.645609
397,0.741301,1.68096,-0.637494
397,0.740501,1.6868,-0.642465
397,-0.705883,1.63658,-0.639495
397,-0.660361,1.63121,-0.674044
397,0.72167,1.70987,-0.629127
397,-0.668483,1.63817,-0.672459
397,0.732139,1.71512,-0.623633
397,-0.669662,1.64267,-0.678372
397,-0.743158,1.66758,-0.642381
397,-0.837241,1.68407,-0.637768
397,0.607486,1.75151,-0.643377
397,-0.836092,1.69822,-0.645549
397,0.573878,1.76204,-0.640115
397,-0.225417,2.43451,0.974985
397,-0.892431,1.71237,-0.637274
397,-0.880999,1.72451,-0.629642
397,-0.226543,2.44175,0.96836
397,-0.232277,2.44209,0.968329
397,0.584466,1.77489,-0.658359
397,0.653218,1.78739,-0.644241
397,0.548376,1.79242,-0.649169
397,-0.769919,1.73949,-0.658288
397,0.653057,1.79852,-0.653197
397,0.5103,1.80145,-0.643316
397,0.650979,1.80419,-0.65508
397,-0.939063,1.75831,-0.632768
397,0.649506,1.81585,-0.649609
397,-0.939037,1.7596,-0.64093
397,0.600553,1.82593,-0.633879
397,-0.941454,1.76756,-0.631524
397,0.454345,1.82531,-0.629046
397,1.60572,1.87641,-0.620385
397,0.60655,1.8307,-0.640513
397,1.65341,1.88174,-0.652725
397,0.468946,1.84312,-0.636235
397,0.612727,1.84607,-0.644078
397,-0.493411,1.81201,-0.623515
397,-0.193947,2.49013,0.905096
397,-0.886004,1.79796,-0.636062
397,-0.257869,2.40988,0.72278
397,0.589707,1.85155,-0.649136
397,-0.192875,2.47637,0.849951
397,0.659783,1.86794,-0.638721
397,0.544978,1.86378,-0.643491
397,-0.487627,1.82811,-0.633453
397,0.662055,1.87474,-0.648254
397,0.580036,1.88218,-0.628962
397,0.568057,1.88166,-0.631459
397,0.518995,1.87713,-0.640049
397,-0.258182,2.42894,0.708992
397,-0.82076,1.81073,-0.675159
397,-0.824894,1.81366,-0.675496
397,-0.895536,1.82407,-0.648168
397,0.525283,1.87975,-0.652318
397,-0.257214,2.4385,0.708948
397,-1.07914,1.89326,-0.575215
397,-1.05424,2.28406,0.320949
397,-0.322742,2.46545,0.662931
397,0.295241,1.94706,-0.63448
397,-0.970221,1.89649,-0.643381
397,0.066688,1.94792,-0.621741
397,-0.315596,2.46965,0.619652
397,-0.319457,2.47425,0.620103
397,-0.32016,2.47365,0.614397
397,-0.435101,1.97525,-0.530499
397,-0.315657,2.47155,0.604984
397,0.254828,1.96539,-0.627077
397,0.0972917,1.95606,-0.635586
397,0.251447,1.96614,-0.629212
397,0.274242,1.97086,-0.631939
397,0.27431,1.9718,-0.631138
397,-0.317445,2.47044,0.573745
397,0.364164,1.98147,-0.63685
397,0.275562,1.981,-0.630386
397,-0.313336,2.47615,0.565585
397,-0.317653,2.4757,0.557721
397,-0.313263,2.47487,0.55364
397,-0.418895,1.99825,-0.541207
397,-1.11661,1.94773,-0.597849
397,-1.04432,1.9607,-0.57789
397,-0.259297,2.46538,0.509026
397,-0.308114,2.47117,0.525009
397,0.314918,2.00103,-0.625793
397,0.522007,2.00162,-0.648374
397,0.315387,2.00203,-0.629471
397,0.222607,2.00133,-0.624401
397,0.226629,2.00137,-0.628777
397,-0.39661,1.98257,-0.652621
397,-0.394959,1.983,-0.661543
397,-0.34529,2.40144,0.29804
397,0.132313,2.02007,-0.630727
397,-1.09254,2.37787,0.290825
397,-0.407406,2.04272,-0.570849
397,0.315031,2.04193,-0.64067
397,-0.256444,2.42936,0.291537
397,-0.313003,2.51937,0.502371
397,0.294979,2.06234,-0.633982
397,0.269055,2.06061,-0.642639
397,0.289408,2.06693,-0.635198
397,0.292141,2.08831,-0.646227
397,-0.27555,2.50923,0.376681
397,-0.330828,2.46989,0.279128
397,-1.05945,2.05944,-0.623272
397,0.20261,2.1116,-0.634537
397,0.241406,2.11478,-0.635571
397,0.600267,2.14378,-0.639644
397,0.233848,2.14634,-0.618944
397,0.221726,2.15077,-0.622279
397,0.229597,2.15096,-0.623716
397,0.0402322,2.23739,-0.61159
397,0.048171,2.24179,-0.604807
397,0.0667502,2.2403,-0.627791
397,0.0468343,2.25367,-0.617172
397,0.0389453,2.26245,-0.620195
397,0.334893,2.47444,-0.453083
397,0.531366,2.62229,-0.149143
397,0.357797,2.60383,-0.176199
397,0.338867,2.53585,-0.331984
397,0.338676,2.45003,-0.542689
397,0.696441,2.59811,-0.236615
397,0.524946,2.56853,-0.296998
397,0.409894,2.51652,-0.414735
397,0.369146,2.59837,-0.234396
397,0.558469,2.56438,-0.331661
397,0.500156,2.60999,-0.222073
397,0.412455,2.50025,-0.472748
397,0.371851,2.55295,-0.347427
397,0.411777,2.47897,-0.522563
397,0.702305,2.57141,-0.335699
397,0.639035,2.63495,-0.187435
397,0.336092,2.54956,-0.360098
397,0.433438,2.47151,-0.552618
397,0.610729,2.61818,-0.236098
397,0.584511,2.49488,-0.523352
397,0.375759,2.51348,-0.463862
397,0.496584,2.48311,-0.557682
397,0.557124,2.58093,-0.339638
397,0.471972,2.59812,-0.299174
397,0.473427,2.57546,-0.356172
397,0.674616,2.6509,-0.200859
397,0.502624,2.53667,-0.453296
397,0.429328,2.48463,-0.571966
397,0.539854,2.48981,-0.572152
397,0.618267,2.61699,-0.289467
397,0.418571,2.66211,-0.167535
397,0.619353,2.60916,-0.314018
397,0.602747,2.48664,-0.596926
397,0.68503,2.67341,-0.173105
397,0.504055,2.52105,-0.510789
397,0.407754,2.60945,-0.299253
397,0.743626,2.64996,-0.236239
397,0.419799,2.65959,-0.185619
397,0.351628,2.60112,-0.316078
397,0.621363,2.58893,-0.370522
397,0.343594,2.62534,-0.261091
397,0.621093,2.59976,-0.347311
397,0.644697,2.67769,-0.169707
397,0.564725,2.52709,-0.512638
397,0.710182,2.59822,-0.362098
397,0.528246,2.63999,-0.252257
397,0.666014,2.51214,-0.567708
397,0.566981,2.50788,-0.570116
397,0.424465,2.59667,-0.351659
397,0.423773,2.619,-0.303324
397,0.714797,2.56285,-0.468258
397,0.362817,2.55154,-0.471011
397,0.369975,2.67501,-0.192967
397,0.495297,2.68323,-0.19402
397,0.556486,2.51635,-0.587067
397,0.568483,2.54745,-0.522113
397,0.413841,2.53593,-0.54053
397,0.360315,2.53383,-0.540675
397,0.367201,2.51153,-0.594827
397,0.752409,2.58349,-0.466629
397,0.540013,2.69476,-0.194093
397,0.540326,2.54717,-0.543679
397,0.355277,2.52007,-0.590218
397,0.605909,2.70172,-0.199616
397,0.551942,2.70687,-0.18337
397,0.593708,2.58143,-0.479801
397,0.55257,2.70104,-0.200341
397,0.660018,2.71359,-0.184109
397,0.660387,2.70666,-0.200644
397,0.613322,2.64651,-0.371567
397,0.61841,2.55048,-0.601079
397,0.618956,2.54249,-0.621266
397,0.685556,2.67501,-0.323728
397,0.745266,2.71353,-0.268526
397,0.743797,2.6908,-0.329803
397,0.505748,2.55852,-0.618549
397,0.694137,2.62164,-0.498703
397,0.746501,2.67489,-0.382355
397,0.753388,2.61452,-0.55519
397,0.754741,2.58585,-0.622191
397,0.758782,2.57901,-0.639043
397,0.758476,2.58793,-0.619117
397,0.752842,2.63752,-0.505719
397,0.692519,2.78461,-0.228449
397,0.779575,2.6686,-0.523183
397,0.761916,2.75654,-0.418812
397,-0.632819,2.59708,0.229628
396,-0.632819,2.59708,0.229628
397,-0.670939,2.78488,0.167271
396,-0.670939,2.78488,0.167271
397,-0.912893,2.69236,0.192155
396,-0.912893,2.69236,0.192155
397,-0.881809,2.55723,0.241509
396,-0.881809,2.55723,0.241509
397,-0.683944,2.66022,0.222526
396,-0.683944,2.66022,0.222526
397,-0.86465,2.54452,0.227085
396,-0.86465,2.54452,0.227085
397,0.745706,2.6095,-0.404553
396,0.745706,2.6095,-0.404553
397,-1.82839,3.30798,-0.0165177
396,-1.82839,3.30798,-0.0165177
397,-0.894509,2.62775,0.213909
396,-0.894509,2.62775,0.213909
397,-1.05601,3.19314,0.043423
396,-1.05601,3.19314,0.043423
397,-0.912937,2.67059,0.219411
396,-0.912937,2.67059,0.219411
397,-0.660398,2.49304,0.247244
396,-0.660398,2.49304,0.247244
397,-1.00086,2.53988,0.244856
396,-1.00086,2.53988,0.244856
397,0.165138,0.902382,0.501133
396,0.165138,0.902382,0.501133
397,0.443412,2.29532,-0.268861
396,0.443412,2.29532,-0.268861
397,-0.292612,3.16339,0.360901
396,-0.292612,3.16339,0.360901
397,-1.14515,2.58148,0.214192
396,-1.14515,2.58148,0.214192
397,-0.960435,2.12509,0.38743
396,-0.960435,2.12509,0.38743
397,-0.274872,2.72296,0.474158
396,-0.274872,2.72296,0.474158
397,-0.287707,2.7202,0.303465
396,-0.287707,2.7202,0.303465
397,-1.88116,2.59181,0.231453
396,-1.88116,2.59181,0.231453
397,-1.59214,2.1421,0.411081
396,-1.59214,2.1421,0.411081
397,-0.921694,2.71059,0.202449
396,-0.921694,2.71059,0.202449
397,-1.80161,2.45654,0.279471
396,-1.80161,2.45654,0.279471
397,-1.44232,1.87903,0.474373
396,-1.44232,1.87903,0.474373
397,-1.44877,1.86614,0.485972
396,-1.44877,1.86614,0.485972
397,-0.352703,2.51417,0.283617
396,-0.352703,2.51417,0.283617
397,-1.60829,2.57641,0.20764
396,-1.60829,2.57641,0.20764
397,-0.844492,2.46132,0.281695
396,-0.844492,2.46132,0.281695
397,-1.94138,2.91982,0.133024
396,-1.94138,2.91982,0.133024
397,-1.98486,2.75318,0.178639
396,-1.98486,2.75318,0.178639
397,0.600051,3.3517,-0.628512
395,0.600051,3.3517,-0.628512
397,0.570435,2.53172,-0.57826
395,0.570435,2.53172,-0.57826
397,0.456008,2.59689,-0.4942
395,0.456008,2.59689,-0.4942
397,-0.713073,2.89043,0.160837
395,-0.713073,2.89043,0.160837
397,-0.24482,2.56977,1.23698
395,-0.24482,2.56977,1.23698
397,-1.76817,2.40742,0.273837
395,-1.76817,2.40742,0.273837
397,0.539347,2.60569,-0.141027
395,0.539347,2.60569,-0.141027
397,-0.265922,2.54114,0.270772
395,-0.265922,2.54114,0.270772
397,-1.50321,2.55033,0.216534
395,-1.50321,2.55033,0.216534
397,-1.69217,2.3319,0.419294
395,-1.69217,2.3319,0.419294
397,-0.180742,3.04991,1.04537
393,-0.180742,3.04991,1.04537
397,-0.994228,2.5339,0.241361
393,-0.994228,2.5339,0.241361
397,-0.178441,2.80305,1.08299
393,-0.178441,2.80305,1.08299
397,0.493959,2.71929,-0.373204
393,0.493959,2.71929,-0.373204
397,0.27139,2.07267,-0.648582
393,0.27139,2.07267,-0.648582
397,0.431589,2.66411,-0.263521
393,0.431589,2.66411,-0.263521
397,-1.05482,2.61468,0.250744
393,-1.05482,2.61468,0.250744
397,-0.705387,1.56894,-0.628502
3,-0.705387,1.56894,-0.628502
397,0.617601,1.8212,-0.628771
3,0.617601,1.8212,-0.628771
397,0.163963,2.21702,-0.593069
3,0.163963,2.21702,-0.593069
397,-0.634437,1.51157,-0.596757
5,-0.634437,1.51157,-0.596757
397,0.498652,1.82071,-0.605551
5,0.498652,1.82071,-0.605551
397,-0.416375,1.28552,-0.569181
5,-0.416375,1.28552,-0.569181
397,0.365846,2.0103,-0.689705
5,0.365846,2.0103,-0.689705
397,1.03916,1.49323,-0.687942
5,1.03916,1.49323,-0.687942
397,0.481679,2.56856,-0.348501
5,0.481679,2.56856,-0.348501
397,0.426572,2.6172,-0.306809
5,0.426572,2.6172,-0.306809
397,-0.190187,2.10716,0.873909
392,-0.190187,2.10716,0.873909
397,-0.190355,2.11169,0.870854
392,-0.190355,2.11169,0.870854
397,0.551992,2.57462,-0.350485
392,0.551992,2.57462,-0.350485
397,-0.267729,2.4626,0.523924
392,-0.267729,2.4626,0.523924
397,-1.04872,2.47534,0.25685
392,-1.04872,2.47534,0.25685
397,-1.00325,2.52679,0.257396
392,-1.00325,2.52679,0.257396
397,-1.15957,2.65966,0.180845
17,-1.15957,2.65966,0.180845
397,0.472815,2.61965,-0.262889
17,0.472815,2.61965,-0.262889
397,-0.208838,2.63556,0.724153
17,-0.208838,2.63556,0.724153
397,-0.368057,1.99398,-0.607573
17,-0.368057,1.99398,-0.607573
397,-1.24899,2.6786,0.175465
250,-1.24899,2.6786,0.175465
397,0.47735,2.59637,-0.231048
250,0.47735,2.59637,-0.231048
397,0.431774,2.54123,-0.465831
250,0.431774,2.54123,-0.465831
397,0.27093,2.15364,-0.625657
250,0.27093,2.15364,-0.625657
397,0.527327,2.6144,-0.252412
0,0.527327,2.6144,-0.252412
397,-0.392812,1.95341,-0.646059
0,-0.392812,1.95341,-0.646059
397,-0.192661,2.55204,0.900086
390,-0.192661,2.55204,0.900086
397,-0.191675,2.54993,0.900469
390,-0.191675,2.54993,0.900469
397,-0.969684,2.54,0.232497
390,-0.969684,2.54,0.232497
397,-0.937683,2.51481,0.252163
390,-0.937683,2.51481,0.252163
397,-1.55915,2.4821,0.239033
390,-1.55915,2.4821,0.239033
398,-0.212065,1.49653,-0.625448
398,1.1475,1.47318,-0.672294
398,-0.221077,1.50996,-0.630068
398,1.16487,1.47577,-0.684742
398,-0.270679,1.58208,-0.625592
398,0.612186,1.60535,-0.631247
398,0.557299,1.61098,-0.629984
398,0.587634,1.60486,-0.651826
398,0.55165,1.61533,-0.632699
398,0.554174,1.62033,-0.63632
398,0.817969,1.60778,-0.665065
398,0.811134,1.60903,-0.665274
398,0.632493,1.62913,-0.650461
398,-0.828709,1.67128,-0.620011
398,-0.7372,1.67573,-0.643904
398,1.06174,1.66423,-0.590582
398,0.564641,1.66451,-0.625339
398,0.564216,1.66269,-0.636662
398,0.697988,1.67213,-0.656655
398,0.776926,1.68208,-0.637062
398,0.676908,1.69896,-0.637028
398,1.04883,1.69657,-0.62901
398,-0.880364,1.72984,-0.627739
398,-0.795333,1.75016,-0.649656
398,0.569719,1.76206,-0.636395
398,-0.894007,1.81746,-0.643861
398,0.455458,1.82722,-0.623431
398,-0.932967,1.85716,-0.630727
398,-0.94319,1.86457,-0.639684
398,-0.305445,2.4211,1.23325
398,-0.299917,2.4309,1.23211
398,-0.943803,1.8807,-0.64866
398,-0.319936,2.46005,1.28915
398,-0.307743,2.43802,1.21235
398,-0.260475,2.4727,1.2736
398,0.669614,1.89053,-0.655882
398,-1.01276,1.92658,-0.635361
398,-1.01626,1.92761,-0.634396
398,-0.293899,2.46655,1.18721
398,-0.315265,2.48156,1.22458
398,0.59155,1.90402,-0.65669
398,-0.324506,2.48587,1.21332
398,0.449664,1.91657,-0.644712
398,0.451239,1.92164,-0.64564
398,1.67011,1.89306,-0.673009
398,-0.176816,2.52151,1.30174
398,-0.187592,2.52009,1.29314
398,0.0587355,1.94647,-0.617619
398,0.0894841,1.95429,-0.637774
398,0.0983689,1.95712,-0.641343
398,-0.242552,2.40859,0.740607
398,0.130164,2.00854,-0.631563
398,0.384501,2.00219,-0.638645
398,-0.279148,2.44117,0.709331
398,-0.312959,2.45596,0.747512
398,-0.311167,2.4633,0.742063
398,0.132578,2.04046,-0.6419
398,-0.297099,2.45989,0.707119
398,-0.278601,2.46423,0.703775
398,-1.5133,2.37528,0.316919
398,-0.29318,2.47719,0.703824
398,-0.38055,2.47824,0.702083
398,-0.37136,2.46749,0.665129
398,-0.333979,2.4695,0.661794
398,-1.05855,2.0928,-0.642058
398,-1.51801,2.38443,0.295952
398,-0.316534,2.44508,0.555683
398,-1.51793,2.39454,0.315791
398,-1.47035,2.38877,0.290397
398,-0.364544,2.51038,0.742849
398,-0.373282,2.5108,0.743536
398,-0.652593,2.50859,0.709121
398,-0.369975,2.49302,0.669021
398,-0.654164,2.51115,0.709002
398,-0.363437,2.49632,0.674187
398,-0.513917,2.39214,0.27799
398,-0.306163,2.45902,0.471654
398,-0.395177,2.52417,0.674011
398,-0.255358,2.47322,0.502069
398,0.236019,2.11969,-0.654567
398,-0.269649,2.474,0.465905
398,-0.650788,2.50431,0.537702
398,-0.646977,2.50293,0.517591
398,0.20948,2.14776,-0.657241
398,-0.35998,2.45554,0.333809
398,-0.364144,2.4494,0.289599
398,-0.70248,2.46824,0.291996
398,-1.57368,2.51466,0.288697
398,-1.57309,2.5203,0.302312
398,-1.57521,2.52055,0.29293
398,-1.48107,2.52095,0.285907
398,-1.48936,2.53348,0.291212
398,-1.49022,2.531,0.282406
398,-0.661327,2.56353,0.429487
398,1.58041,2.82845,1.29268
398,1.55095,2.85223,1.32113
398,0.332015,2.56343,-0.252896
398,0.35593,2.48593,-0.542507
398,0.405362,2.53509,-0.389363
398,0.402909,2.52768,-0.423367
398,0.45826,2.59508,-0.195953
398,0.412759,2.49181,-0.54354
398,0.380049,2.52124,-0.448325
398,0.460329,2.5567,-0.329208
398,0.378032,2.60152,-0.187822
398,0.411927,2.49005,-0.565489
398,0.375526,2.50757,-0.509583
398,0.533086,2.49965,-0.536572
398,0.522209,2.50983,-0.510004
398,0.505044,2.5223,-0.476278
398,0.443754,2.50467,-0.545474
398,0.583902,2.57518,-0.311379
398,0.623648,2.61381,-0.181472
398,0.346035,2.5008,-0.573634
398,0.439142,2.53587,-0.453391
398,0.585495,2.48912,-0.605463
398,0.564659,2.53533,-0.45787
398,0.592829,2.49028,-0.606806
398,0.344973,2.5027,-0.579685
398,0.414171,2.61508,-0.205099
398,0.566105,2.4944,-0.598558
398,0.551446,2.62946,-0.150752
398,0.640213,2.53086,-0.478411
398,0.61131,2.61946,-0.189718
398,0.645972,2.52675,-0.4999
398,0.503283,2.49538,-0.615917
398,0.383428,2.5718,-0.382341
398,0.65075,2.51932,-0.542692
398,0.616721,2.59156,-0.306171
398,0.556504,2.53235,-0.509036
398,0.548775,2.61724,-0.22752
398,0.437826,2.64038,-0.163149
398,0.647034,2.50705,-0.597767
398,0.706654,2.5412,-0.482147
398,0.643563,2.51857,-0.572391
398,0.704283,2.53277,-0.539217
398,0.672156,2.63497,-0.200998
398,0.657861,2.57718,-0.394921
398,0.702174,2.58927,-0.360708
398,0.684566,2.53715,-0.539397
398,0.606344,2.64785,-0.18406
398,0.702644,2.59582,-0.368948
398,0.740305,2.55683,-0.508113
398,0.744352,2.54688,-0.542325
398,0.595809,2.65393,-0.198127
398,0.707915,2.58486,-0.428724
398,0.624231,2.64475,-0.235921
398,0.622189,2.63809,-0.260284
398,0.74436,2.54598,-0.572873
398,0.75233,2.67398,-0.150581
398,0.66329,2.59441,-0.429333
398,0.681713,2.63786,-0.29301
398,0.753297,2.61988,-0.383918
398,0.644175,2.70807,-0.324543
397,0.644175,2.70807,-0.324543
398,-0.772062,1.60923,-0.627359
397,-0.772062,1.60923,-0.627359
398,-0.260627,2.31217,0.475754
397,-0.260627,2.31217,0.475754
398,-1.08668,2.56664,0.245792
397,-1.08668,2.56664,0.245792
398,-1.25456,3.08419,0.128878
397,-1.25456,3.08419,0.128878
398,-0.855754,2.50098,0.242092
397,-0.855754,2.50098,0.242092
398,-0.8622,2.4965,0.25219
397,-0.8622,2.4965,0.25219
398,-1.2483,1.85167,0.402168
397,-1.2483,1.85167,0.402168
398,-1.00736,2.16324,0.332749
397,-1.00736,2.16324,0.332749
398,-0.989286,2.10077,0.366013
397,-0.989286,2.10077,0.366013
398,-1.41944,2.36751,0.27083
397,-1.41944,2.36751,0.27083
398,-1.16175,1.78195,0.443011
397,-1.16175,1.78195,0.443011
398,0.642617,2.70439,-0.463704
397,0.642617,2.70439,-0.463704
398,0.651371,2.5826,-0.271467
397,0.651371,2.5826,-0.271467
398,-0.291964,2.37681,0.305382
397,-0.291964,2.37681,0.305382
398,-0.347728,2.47332,0.291309
397,-0.347728,2.47332,0.291309
398,-1.89871,2.64902,0.213167
397,-1.89871,2.64902,0.213167
398,-1.27772,2.04187,0.367426
397,-1.27772,2.04187,0.367426
398,-1.16175,1.78195,0.443011
397,-1.16175,1.78195,0.443011
398,-1.22869,1.82004,0.429382
397,-1.22869,1.82004,0.429382
398,-1.30856,1.85256,0.415545
397,-1.30856,1.85256,0.415545
398,-0.37531,2.91765,0.175934
397,-0.37531,2.91765,0.175934
398,0.712341,2.65898,-0.230651
396,0.712341,2.65898,-0.230651
398,-1.56871,2.51103,0.225904
396,-1.56871,2.51103,0.225904
398,0.762331,2.62583,-0.479637
396,0.762331,2.62583,-0.479637
398,-1.48283,2.45194,0.24638
396,-1.48283,2.45194,0.24638
398,-1.55504,2.47579,0.240383
396,-1.55504,2.47579,0.240383
398,-1.27942,1.62386,1.29142
396,-1.27942,1.62386,1.29142
398,-1.01515,2.55511,0.240861
396,-1.01515,2.55511,0.240861
398,-1.13939,2.6129,0.222358
396,-1.13939,2.6129,0.222358
398,-0.744905,2.86216,0.157387
396,-0.744905,2.86216,0.157387
398,-0.964049,1.02859,1.22872
396,-0.964049,1.02859,1.22872
398,-1.14634,2.62087,0.221526
396,-1.14634,2.62087,0.221526
398,-1.50816,2.38117,0.269239
396,-1.50816,2.38117,0.269239
398,-0.998278,2.71699,0.727446
396,-0.998278,2.71699,0.727446
398,-1.51557,2.67295,0.198189
396,-1.51557,2.67295,0.198189
398,-1.27942,1.62386,1.29142
396,-1.27942,1.62386,1.29142
398,-0.662851,2.40738,0.31626
396,-0.662851,2.40738,0.31626
398,-0.861621,2.4985,0.265655
396,-0.861621,2.4985,0.265655
398,-1.97204,2.74707,0.178805
396,-1.97204,2.74707,0.178805
398,-1.58327,2.40861,0.291272
396,-1.58327,2.40861,0.291272
398,0.664293,2.63427,-0.497404
395,0.664293,2.63427,-0.497404
398,0.67958,2.64059,-0.354036
395,0.67958,2.64059,-0.354036
398,0.589102,2.66119,-0.210607
395,0.589102,2.66119,-0.210607
398,0.634607,2.65139,-0.432386
395,0.634607,2.65139,-0.432386
398,0.37207,2.28987,-0.268944
395,0.37207,2.28987,-0.268944
398,0.65358,2.60337,-0.404648
395,0.65358,2.60337,-0.404648
398,-0.353924,2.58986,0.699957
395,-0.353924,2.58986,0.699957
398,0.688523,2.63495,-0.392735
395,0.688523,2.63495,-0.392735
398,0.396496,2.57827,-0.551978
395,0.396496,2.57827,-0.551978
398,0.57566,2.60509,-0.442362
395,0.57566,2.60509,-0.442362
398,-0.337458,2.54751,0.248758
395,-0.337458,2.54751,0.248758
398,-1.52355,2.63289,0.202897
395,-1.52355,2.63289,0.202897
398,0.609061,2.63256,-0.457012
395,0.609061,2.63256,-0.457012
398,0.31912,2.04392,-0.64978
395,0.31912,2.04392,-0.64978
398,-0.675342,2.69108,0.294277
395,-0.675342,2.69108,0.294277
398,-0.964107,2.56442,0.490376
395,-0.964107,2.56442,0.490376
398,-1.70807,2.43336,1.43115
395,-1.70807,2.43336,1.43115
398,0.629336,2.57132,-0.52964
393,0.629336,2.57132,-0.52964
398,0.686294,2.60751,-0.37282
393,0.686294,2.60751,-0.37282
398,0.817328,4.28809,-1.38196
393,0.817328,4.28809,-1.38196
398,0.559027,2.78671,-0.56488
393,0.559027,2.78671,-0.56488
398,0.475102,2.57295,-0.481354
393,0.475102,2.57295,-0.481354
398,0.557271,2.6479,-0.233016
393,0.557271,2.6479,-0.233016
398,0.49122,2.43128,-0.363487
393,0.49122,2.43128,-0.363487
398,-0.181624,2.7654,1.32634
393,-0.181624,2.7654,1.32634
398,0.708272,2.83509,-0.554758
392,0.708272,2.83509,-0.554758
398,0.592027,2.91791,-0.610502
392,0.592027,2.91791,-0.610502
398,0.436825,2.32862,-0.231717
392,0.436825,2.32862,-0.231717
398,-0.332537,3.28943,0.941257
392,-0.332537,3.28943,0.941257
398,0.436969,2.65995,-0.350668
392,0.436969,2.65995,-0.350668
398,-1.0109,2.52689,0.242059
392,-1.0109,2.52689,0.242059
398,-0.972555,2.56769,0.743391
392,-0.972555,2.56769,0.743391
398,-1.03435,2.56616,0.748134
392,-1.03435,2.56616,0.748134
398,0.292059,1.92135,-0.573246
5,0.292059,1.92135,-0.573246
398,-0.77848,1.70555,-0.618939
5,-0.77848,1.70555,-0.618939
398,0.563932,1.80171,-0.619222
5,0.563932,1.80171,-0.619222
398,0.695286,2.55931,-0.131342
5,0.695286,2.55931,-0.131342
398,0.675658,2.99453,-0.380406
3,0.675658,2.99453,-0.380406
398,0.321395,2.58933,-0.136314
3,0.321395,2.58933,-0.136314
398,0.965833,1.48575,-0.61073
3,0.965833,1.48575,-0.61073
398,0.646966,2.66261,-0.162293
17,0.646966,2.66261,-0.162293
398,-1.88066,2.83718,1.35496
17,-1.88066,2.83718,1.35496
398,-0.963082,2.51585,0.572041
17,-0.963082,2.51585,0.572041
398,-0.648278,2.51729,0.250258
17,-0.648278,2.51729,0.250258
398,-0.647569,2.49716,0.348249
17,-0.647569,2.49716,0.348249
398,-1.5758,2.26144,1.23672
17,-1.5758,2.26144,1.23672
398,-1.57298,2.25172,1.23834
17,-1.57298,2.25172,1.23834
398,0.81275,3.41822,-0.585908
0,0.81275,3.41822,-0.585908
398,0.606545,2.56175,-0.327506
0,0.606545,2.56175,-0.327506
398,-0.257044,2.52806,0.446124
390,-0.257044,2.52806,0.446124
398,-0.510854,2.32223,0.481989
390,-0.510854,2.32223,0.481989
398,-1.50124,2.47732,0.245638
390,-1.50124,2.47732,0.245638
399,1.33669,1.27123,-0.628943
399,-0.628126,1.45661,-0.641594
399,-0.608145,1.49347,-0.651774
399,1.24446,1.35399,-0.650739
399,1.11218,1.37442,-0.638131
399,1.24769,1.3653,-0.63877
399,1.20892,1.36061,-0.66922
399,1.28379,1.34846,-0.69134
399,1.2719,1.37102,-0.633759
399,1.29218,1.36149,-0.659751
399,1.25229,1.36658,-0.660045
399,1.12467,1.38066,-0.651267
399,1.15441,1.3764,-0.668573
399,1.2656,1.37558,-0.648685
399,1.18083,1.39145,-0.629438
399,1.15076,1.38098,-0.67196
399,1.21684,1.37299,-0.681803
399,1.21132,1.38965,-0.630884
399,1.12707,1.3885,-0.655819
399,-0.618473,1.53045,-0.640099
399,-0.624748,1.52855,-0.65129
399,-0.67415,1.53694,-0.640045
399,1.145,1.40451,-0.612497
399,-0.688937,1.54218,-0.642925
399,1.13909,1.40879,-0.618239
399,1.18397,1.39484,-0.656329
399,1.18268,1.40768,-0.637574
399,-0.677188,1.54878,-0.652873
399,1.16479,1.4101,-0.6366
399,1.15187,1.42026,-0.630119
399,-0.735798,1.58014,-0.635709
399,-0.740767,1.58598,-0.646733
399,-0.718775,1.59847,-0.643587
399,1.08758,1.47847,-0.636179
399,-0.663753,1.61876,-0.635154
399,-0.801231,1.64515,-0.636803
399,-0.654234,1.63082,-0.658321
399,-0.711191,1.64863,-0.634244
399,-0.803362,1.65525,-0.638279
399,0.985544,1.51997,-0.637997
399,-0.737434,1.66211,-0.627283
399,-0.801816,1.66522,-0.645505
399,0.991457,1.52751,-0.642974
399,0.942194,1.52657,-0.659393
399,0.936708,1.52934,-0.653781
399,0.870446,1.58132,-0.603796
399,0.924812,1.57125,-0.633186
399,0.882082,1.5699,-0.659913
399,0.593071,1.59812,-0.645121
399,0.889895,1.57396,-0.663647
399,0.884516,1.59982,-0.619987
399,0.922411,1.58844,-0.646738
399,-0.845225,1.72582,-0.653085
399,-0.881756,1.74185,-0.635024
399,0.893039,1.60765,-0.633618
399,-0.911295,1.75058,-0.651249
399,0.869168,1.6205,-0.624949
399,0.876881,1.61754,-0.6393
399,0.825391,1.61997,-0.662871
399,0.829126,1.61881,-0.666799
399,-0.787633,1.75071,-0.650178
399,0.605066,1.6529,-0.663392
399,0.594763,1.65531,-0.664235
399,-0.915306,1.78147,-0.647843
399,1.01433,1.64938,-0.593523
399,0.576783,1.65896,-0.67373
399,1.0287,1.6497,-0.59531
399,0.783678,1.64888,-0.662328
399,0.802604,1.66294,-0.625674
399,0.713898,1.68129,-0.602962
399,1.02542,1.66856,-0.598572
399,0.712975,1.6845,-0.659155
399,0.793635,1.68884,-0.646631
399,0.742679,1.69558,-0.63942
399,0.785581,1.69189,-0.64054
399,0.792583,1.68941,-0.646938
399,-0.315076,2.32597,1.08936
399,0.790075,1.70188,-0.646383
399,0.721307,1.71311,-0.630136
399,-0.896256,1.84531,-0.643833
399,0.599129,1.72084,-0.669997
399,0.70886,1.71988,-0.647123
399,-0.898918,1.85161,-0.654729
399,-0.287913,2.45887,1.32364
399,-1.11784,1.90921,-0.635316
399,-0.298491,2.40851,1.13199
399,-0.971307,1.90924,-0.640833
399,-0.291352,2.42788,1.16662
399,-0.297687,2.43152,1.15481
399,0.651946,1.79221,-0.640595
399,0.642072,1.7971,-0.636591
399,0.64913,1.79723,-0.635202
399,-0.490329,1.88389,-0.655594
399,0.649887,1.80162,-0.642855
399,-0.503085,1.88734,-0.67372
399,-0.972679,1.93241,-0.649671
399,-1.09733,1.96109,-0.614735
399,0.520598,1.82879,-0.654914
399,-1.11661,1.97794,-0.624482
399,0.589962,1.84266,-0.649563
399,-1.05915,2.00605,-0.608735
399,0.476932,1.87673,-0.654802
399,-0.951711,1.99412,-0.645613
399,-0.173587,2.52527,1.22606
399,-0.394083,1.95644,-0.635211
399,0.419122,1.89451,-0.643168
399,-0.394603,1.9734,-0.63675
399,-0.251598,2.40274,0.752095
399,0.450013,1.91711,-0.639057
399,0.374037,1.92376,-0.645142
399,-0.184023,2.50964,1.05917
399,-0.177631,2.51345,1.07016
399,1.58312,1.85259,-0.611963
399,0.421186,1.94348,-0.621468
399,0.400579,1.9464,-0.621653
399,0.371244,1.95502,-0.604509
399,0.401185,1.94938,-0.615553
399,1.59366,1.8681,-0.608391
399,-1.05167,2.06963,-0.626144
399,0.317804,1.96133,-0.637817
399,-0.242219,2.42873,0.673708
399,1.62189,1.88335,-0.633717
399,0.308973,1.99601,-0.613267
399,-0.278903,2.45738,0.697866
399,0.135069,2.01061,-0.62441
399,0.12863,2.0153,-0.626813
399,0.259976,2.04336,-0.616763
399,1.82507,1.92775,-0.608992
399,0.32294,2.03565,-0.64389
399,0.0749256,2.04603,-0.682964
399,-0.326015,2.49391,0.614794
399,1.6901,1.92961,-0.6815
399,-0.31161,2.47067,0.511687
399,0.0668594,2.07506,-0.668734
399,-0.20017,2.49614,0.592451
399,-0.379453,2.13035,-0.609475
399,-0.32161,2.49851,0.568827
399,0.233177,2.08541,-0.638123
399,0.0662696,2.08943,-0.676271
399,-0.516535,2.43288,0.260064
399,0.210222,2.10603,-0.630683
399,0.196904,2.11518,-0.618349
399,-0.353245,2.44956,0.293035
399,-0.646845,2.52297,0.438841
399,-0.699993,2.48219,0.282682
399,-0.279935,2.45803,0.291841
399,-0.257847,2.45781,0.290925
399,-0.634867,2.48396,0.27942
399,-0.643525,2.52708,0.400802
399,-0.280204,2.46354,0.286955
399,-0.648472,2.53323,0.408714
399,-0.352629,2.49371,0.271197
399,-0.550639,2.5058,0.249228
399,-0.636881,2.53121,0.243797
399,0.165972,2.20658,-0.587911
399,-0.681742,2.53642,0.241534
399,-0.335637,2.51665,0.26197
399,0.00581686,2.19624,-0.668727
399,-0.605486,2.53884,0.256779
399,-0.653378,2.5807,0.375731
399,-0.672045,2.55047,0.24917
399,-0.87333,2.57165,0.248049
399,-0.336076,2.54128,0.253899
399,-0.868466,2.60876,0.236989
399,1.51669,2.76736,1.31956
399,-0.882326,2.62484,0.220593
399,-0.882794,2.63957,0.218606
399,1.54132,2.80147,1.32165
399,-0.899274,2.64914,0.225207
399,1.84445,2.1246,-0.809
399,1.56858,2.81402,1.28304
399,0.361175,2.45481,-0.543537
399,0.540341,2.48981,-0.431587
399,0.479979,2.55453,-0.269871
399,0.365797,2.56156,-0.281116
399,0.412678,2.58178,-0.215102
399,0.587314,2.494,-0.498934
399,0.378032,2.52798,-0.466734
399,0.430344,2.62188,-0.159012
399,0.433799,2.52761,-0.45709
399,0.459757,2.61037,-0.192626
399,0.425543,2.56435,-0.347382
399,0.601819,2.4841,-0.574264
399,0.481323,2.54734,-0.406056
399,0.367673,2.60775,-0.252515
399,0.417024,2.51544,-0.538054
399,0.440109,2.59113,-0.299818
399,0.41372,2.55488,-0.424178
399,0.491545,2.59439,-0.282587
399,0.47085,2.59152,-0.301782
399,0.52242,2.59503,-0.28463
399,0.500558,2.52531,-0.515182
399,0.538267,2.5074,-0.564463
399,0.600898,2.55483,-0.401012
399,0.352908,2.51804,-0.57924
399,0.603832,2.53328,-0.470563
399,0.587068,2.55387,-0.412821
399,0.59134,2.51816,-0.528885
399,0.607811,2.55442,-0.414352
399,0.411935,2.64892,-0.167017
399,0.389023,2.62522,-0.25765
399,0.639747,2.59923,-0.280474
399,0.602148,2.57786,-0.358337
399,0.442947,2.54127,-0.516949
399,0.699618,2.61015,-0.235912
399,0.493216,2.54851,-0.48344
399,0.494355,2.62685,-0.240973
399,0.649284,2.54836,-0.469185
399,0.593357,2.62033,-0.258616
399,0.467324,2.63979,-0.242007
399,0.544486,2.62418,-0.294718
399,0.365255,2.53747,-0.613943
399,0.434256,2.65091,-0.244108
399,0.533196,2.60571,-0.364297
399,0.708786,2.58023,-0.422401
399,0.68735,2.59836,-0.401055
399,0.429104,2.61347,-0.437248
399,0.680753,2.55005,-0.57939
399,0.492398,2.66934,-0.254006
399,0.756683,2.59374,-0.462567
399,0.72573,2.64384,-0.312675
399,0.750229,2.56187,-0.586993
399,0.755426,2.59191,-0.492998
399,0.762139,2.55587,-0.61212
399,0.749635,2.67265,-0.250855
399,0.54746,2.70848,-0.191553
399,0.745622,2.70061,-0.308369
399,0.766701,2.70715,-0.458627
399,0.780548,2.65778,-0.658689
399,0.771922,2.75247,-0.410567
399,-0.280569,2.89228,0.285822
397,-0.280569,2.89228,0.285822
399,-0.204463,2.5451,0.70782
397,-0.204463,2.5451,0.70782
399,0.931867,1.51351,-0.65254
397,0.931867,1.51351,-0.65254
399,-0.998738,2.37571,0.284431
397,-0.998738,2.37571,0.284431
399,-0.204351,2.40201,0.725552
397,-0.204351,2.40201,0.725552
399,-0.205186,2.16042,0.755743
397,-0.205186,2.16042,0.755743
399,-0.294911,2.59451,0.249775
397,-0.294911,2.59451,0.249775
399,-0.840558,2.39244,0.283717
397,-0.840558,2.39244,0.283717
399,-1.03222,2.40291,0.280941
397,-1.03222,2.40291,0.280941
399,-0.204589,2.33307,0.734168
397,-0.204589,2.33307,0.734168
399,0.515464,1.98054,-0.627815
397,0.515464,1.98054,-0.627815
399,-0.239673,2.62264,0.721265
397,-0.239673,2.62264,0.721265
399,-1.06145,2.70147,0.233049
397,-1.06145,2.70147,0.233049
399,0.381406,1.88416,-0.572189
397,0.381406,1.88416,-0.572189
399,-1.88531,2.72674,0.195498
397,-1.88531,2.72674,0.195498
399,0.669567,2.66601,-0.24324
397,0.669567,2.66601,-0.24324
399,-0.290261,2.89078,0.262821
397,-0.290261,2.89078,0.262821
399,0.667095,2.5983,-0.342885
397,0.667095,2.5983,-0.342885
399,-1.4693,2.30612,0.290315
397,-1.4693,2.30612,0.290315
399,-1.93338,2.65427,0.210034
397,-1.93338,2.65427,0.210034
399,-1.79306,2.56491,0.241102
397,-1.79306,2.56491,0.241102
399,0.634047,1.88094,-0.666081
397,0.634047,1.88094,-0.666081
399,-0.635983,2.52006,0.245754
396,-0.635983,2.52006,0.245754
399,-0.664993,2.49952,0.245417
396,-0.664993,2.49952,0.245417
399,0.421943,2.20868,-0.103888
396,0.421943,2.20868,-0.103888
399,-0.255555,2.64036,0.356247
396,-0.255555,2.64036,0.356247
399,-1.59908,2.57904,0.273267
396,-1.59908,2.57904,0.273267
399,-0.965677,2.39488,0.297517
396,-0.965677,2.39488,0.297517
399,-0.638207,2.53427,0.239973
396,-0.638207,2.53427,0.239973
399,-0.978262,2.41683,0.291695
396,-0.978262,2.41683,0.291695
399,-1.91308,2.73495,0.716795
396,-1.91308,2.73495,0.716795
399,0.376059,2.78619,-0.316234
396,0.376059,2.78619,-0.316234
399,-0.315809,2.44618,0.560613
395,-0.315809,2.44618,0.560613
399,-0.992495,2.52789,0.249482
395,-0.992495,2.52789,0.249482
399,0.42559,2.52845,-0.412622
395,0.42559,2.52845,-0.412622
399,-1.78962,2.44906,0.24883
395,-1.78962,2.44906,0.24883
399,-1.08183,2.52939,1.2886
393,-1.08183,2.52939,1.2886
399,-1.05951,2.47451,1.29613
393,-1.05951,2.47451,1.29613
399,-0.264911,2.4838,1.28338
393,-0.264911,2.4838,1.28338
399,-0.259654,2.42814,1.29112
393,-0.259654,2.42814,1.29112
399,-0.929315,2.4551,0.52849
393,-0.929315,2.4551,0.52849
399,-0.846392,1.71135,-0.651561
3,-0.846392,1.71135,-0.651561
399,0.975701,1.46983,-0.643918
3,0.975701,1.46983,-0.643918
399,0.31942,1.8923,-0.107056
3,0.31942,1.8923,-0.107056
399,-0.68907,1.42223,-0.458853
3,-0.68907,1.42223,-0.458853
399,0.693349,2.62518,-0.549631
0,0.693349,2.62518,-0.549631
399,-1.0114,2.5189,0.252095
392,-1.0114,2.5189,0.252095
399,-1.64836,2.39491,0.273843
17,-1.64836,2.39491,0.273843
399,-0.969484,2.52869,0.765783
17,-0.969484,2.52869,0.765783
399,-0.954443,2.52954,0.394157
390,-0.954443,2.52954,0.394157
399,-0.957764,2.52448,0.800031
390,-0.957764,2.52448,0.800031
399,-1.52885,2.49515,0.23913
390,-1.52885,2.49515,0.23913
399,-0.895763,2.50316,0.806989
390,-0.895763,2.50316,0.806989
399,-0.912099,2.53312,0.733685
390,-0.912099,2.53312,0.733685
399,-0.916948,2.54615,0.776265
390,-0.916948,2.54615,0.776265
399,-0.931496,2.52447,0.2425
390,-0.931496,2.52447,0.2425
400,-0.261294,-0.104473,0.669814
400,0.00733164,0.163745,0.25285
400,-0.259313,1.0428,-0.624573
400,-0.258703,1.05192,-0.629968
400,-0.234292,1.08072,-0.620925
400,-0.226042,1.0821,-0.617307
400,-0.230248,1.08555,-0.627579
400,-0.316931,1.09619,-0.624339
400,-0.325272,1.09718,-0.631593
400,-0.313007,1.10066,-0.630027
400,-0.231229,1.09699,-0.629001
400,-0.314938,1.10467,-0.634612
400,-0.321258,1.1113,-0.637747
400,-0.316635,1.11369,-0.640111
400,-0.355745,1.13117,-0.624538
400,-0.343957,1.14253,-0.628653
400,-0.354543,1.15252,-0.635904
400,-0.35531,1.16438,-0.638789
400,-0.354292,1.16934,-0.652144
400,-0.386238,1.19558,-0.625014
400,-0.447579,1.21073,-0.611556
400,-0.38413,1.2061,-0.628362
400,-0.418585,1.20709,-0.645108
400,-0.41723,1.22348,-0.619045
400,-0.387062,1.21247,-0.641632
400,-0.388123,1.21424,-0.639145
400,-0.45091,1.22741,-0.623975
400,-0.387587,1.21665,-0.647347
400,-0.426339,1.23132,-0.625079
400,-0.326579,1.21807,-0.645628
400,-0.335405,1.22092,-0.644358
400,-0.409043,1.24854,-0.605006
400,-0.483967,1.25221,-0.621237
400,-0.322735,1.22877,-0.649302
400,-0.409162,1.25925,-0.612327
400,-0.506963,1.26517,-0.626876
400,-0.475787,1.28582,-0.62314
400,-0.386368,1.28683,-0.630096
400,-0.473016,1.29346,-0.635394
400,0.00763011,1.28448,-0.641306
400,0.0135493,1.29971,-0.631026
400,-0.512851,1.36834,-0.611849
400,-0.629748,1.43979,-0.628948
400,-0.631175,1.44577,-0.634478
400,-0.546754,1.44032,-0.63958
400,-0.672094,1.48494,-0.639044
400,-0.117933,1.46156,-0.612716
400,-0.616315,1.50072,-0.625846
400,-0.164362,1.4786,-0.624769
400,-0.166587,1.48355,-0.62681
400,-0.164851,1.49573,-0.638176
400,-0.736357,1.55393,-0.624015
400,-0.20933,1.51453,-0.638141
400,-0.249314,1.54279,-0.632673
400,-0.220422,1.53869,-0.652824
400,-0.271728,1.59872,-0.603509
400,-0.240999,1.59381,-0.614592
400,-0.27303,1.61017,-0.611931
400,-0.273667,1.6428,-0.620705
400,0.555407,1.59508,-0.624932
400,0.581121,1.59839,-0.617909
400,0.584799,1.60757,-0.624041
400,0.575443,1.64024,-0.61259
400,0.567159,1.64339,-0.614384
400,-1.1022,1.86585,-0.602923
400,0.619925,1.71801,-0.629728
400,-0.499379,1.81133,-0.626477
400,0.623262,1.72068,-0.631488
400,0.574404,1.7328,-0.618379
400,-0.486597,1.8308,-0.628856
400,-1.12138,1.88765,-0.622948
400,-0.496575,1.83558,-0.634866
400,-1.0827,1.89715,-0.640768
400,-1.10584,1.92866,-0.591408
400,-0.251046,2.43832,0.746178
400,0.65167,1.7928,-0.637494
400,-0.237616,1.882,-0.606669
400,0.662343,1.83476,-0.615157
400,0.624653,1.84096,-0.619245
400,-0.135194,1.92371,-0.609903
400,-0.398572,1.94394,-0.627376
400,-0.396778,1.94457,-0.629328
400,-0.430985,1.98406,-0.58009
400,-0.964472,2.00865,-0.623505
400,-0.398058,1.96005,-0.634719
400,0.335385,1.90907,-0.621953
400,0.312436,1.92405,-0.62032
400,0.0933803,1.95089,-0.621015
400,0.256942,1.97823,-0.629121
400,0.1346,1.99276,-0.619958
400,-0.308254,2.50247,0.491579
400,-0.315629,2.03918,-0.602922
400,1.65361,1.86532,-0.64636
400,0.307847,1.99585,-0.611508
400,1.63201,1.87948,-0.641415
400,-0.301942,2.51067,0.463429
400,-0.370593,2.44109,0.285314
400,1.61346,1.8902,-0.639905
400,1.93044,1.91593,-0.530862
400,0.22231,2.02823,-0.591432
400,1.86212,1.90146,-0.612986
400,0.319343,2.0187,-0.632351
400,-0.30074,2.51635,0.416376
400,1.63487,1.91357,-0.640269
400,1.87716,1.90998,-0.622692
400,0.270648,2.03962,-0.624795
400,0.201802,2.06092,-0.594165
400,0.264521,2.0492,-0.619875
400,-0.362309,2.11238,-0.599966
400,-0.262939,2.48804,0.300638
400,-0.216582,2.49601,0.324885
400,0.269354,2.0526,-0.629064
400,0.25925,2.06674,-0.629555
400,-0.218506,2.52217,0.339437
400,-0.288735,2.51846,0.261461
400,0.248884,2.11518,-0.594594
400,-0.273007,2.53454,0.2896
400,-0.668277,2.55363,0.248618
400,-0.00056088,2.12937,-0.631404
400,-0.0192679,2.17913,-0.608001
400,-0.875001,2.62114,0.240969
400,-0.888787,2.62823,0.229787
400,-0.899951,2.63454,0.239555
400,-0.882782,2.64271,0.250679
400,0.0392135,2.22304,-0.594192
400,0.620659,2.16154,-0.645916
400,0.206801,2.28229,-0.612458
400,0.344017,2.52334,-0.137584
400,0.344101,2.51913,-0.150719
400,0.319445,2.51817,-0.211228
400,0.359356,2.38369,-0.546721
400,0.340362,2.5615,-0.154542
400,0.409514,2.56234,-0.16371
400,0.409243,2.54666,-0.202941
400,0.396591,2.53048,-0.271663
400,0.334313,2.52549,-0.322459
400,0.345171,2.59935,-0.156852
400,0.400407,2.55104,-0.265053
400,0.340057,2.57817,-0.216074
400,0.370435,2.60077,-0.157317
400,0.529282,2.58291,-0.170118
400,0.585426,2.52121,-0.314571
400,0.343628,2.43592,-0.560686
400,0.350494,2.44975,-0.5274
400,0.401441,2.54428,-0.298952
400,0.530501,2.57286,-0.211535
400,0.340064,2.53707,-0.331856
400,0.376391,2.59076,-0.212914
400,0.406198,2.60382,-0.183987
400,0.338556,2.48979,-0.466037
400,0.474533,2.53678,-0.334486
400,0.458484,2.53059,-0.352899
400,0.432684,2.59257,-0.213673
400,0.376616,2.5593,-0.303972
400,0.362273,2.6084,-0.192124
400,0.337923,2.44314,-0.586803
400,0.515203,2.55462,-0.295882
400,0.33852,2.59859,-0.226341
400,0.646884,2.51219,-0.372517
400,0.345425,2.44543,-0.593431
400,0.465997,2.48975,-0.470652
400,0.423961,2.63033,-0.149175
400,0.434086,2.58007,-0.267574
400,0.383861,2.51131,-0.441136
400,0.366514,2.46224,-0.564463
400,0.473956,2.60439,-0.21199
400,0.374162,2.53078,-0.4054
400,0.609471,2.62075,-0.150709
400,0.48449,2.61644,-0.184518
400,0.46273,2.54806,-0.350719
400,0.634359,2.6103,-0.172709
400,0.440826,2.53601,-0.384255
400,0.53487,2.60451,-0.212233
400,0.462755,2.52749,-0.407048
400,0.545714,2.6316,-0.147678
400,0.376295,2.59131,-0.275375
400,0.523806,2.49801,-0.467127
400,0.497885,2.56047,-0.3271
400,0.635408,2.59278,-0.229813
400,0.374991,2.51457,-0.463534
400,0.363865,2.54408,-0.397519
400,0.483338,2.51823,-0.435855
400,0.534987,2.57359,-0.296606
400,0.534719,2.56206,-0.324361
400,0.535444,2.58587,-0.269102
400,0.377756,2.61834,-0.222928
400,0.434975,2.56685,-0.336007
400,0.463031,2.49065,-0.511021
400,0.467611,2.53205,-0.414197
400,0.377927,2.60795,-0.254551
400,0.373996,2.52576,-0.448559
400,0.534985,2.54212,-0.38105
400,0.434799,2.54545,-0.392194
400,0.414033,2.51606,-0.466695
400,0.43436,2.52286,-0.447995
400,0.496166,2.64048,-0.160487
400,0.528368,2.58975,-0.275611
400,0.612715,2.61049,-0.212596
400,0.438209,2.64964,-0.154367
400,0.37601,2.5764,-0.338993
400,0.484174,2.4904,-0.522067
400,0.636742,2.55841,-0.334356
400,0.556505,2.57823,-0.304182
400,0.556941,2.5921,-0.272135
400,0.438018,2.62305,-0.224604
400,0.535645,2.51311,-0.466749
400,0.59048,2.50884,-0.472217
400,0.589457,2.61896,-0.215126
400,0.640875,2.55534,-0.355799
400,0.699794,2.60293,-0.23326
400,0.497886,2.63621,-0.193934
400,0.50011,2.50666,-0.50059
400,0.697676,2.56956,-0.316776
400,0.583783,2.64479,-0.161561
400,0.638117,2.52396,-0.439567
400,0.58988,2.59992,-0.270463
400,0.607443,2.50296,-0.495998
400,0.497938,2.60451,-0.280347
400,0.529197,2.52,-0.473087
400,0.590037,2.5887,-0.302044
400,0.416502,2.57882,-0.359342
400,0.537272,2.49825,-0.526037
400,0.715625,2.54426,-0.384987
400,0.700018,2.60806,-0.23839
400,0.353518,2.48034,-0.6062
400,0.428823,2.66213,-0.166264
400,0.699177,2.56194,-0.351155
400,0.529541,2.50079,-0.528858
400,0.41677,2.55944,-0.416694
400,0.589761,2.53448,-0.443244
400,0.548926,2.5085,-0.515157
400,0.387248,2.49967,-0.568832
400,0.714139,2.6053,-0.265745
400,0.497839,2.52248,-0.501061
400,0.560708,2.64856,-0.197802
400,0.589007,2.58374,-0.349433
400,0.388003,2.48953,-0.608654
400,0.559705,2.59164,-0.338445
400,0.44921,2.55154,-0.457694
400,0.560472,2.60639,-0.307885
400,0.702127,2.47714,-0.585118
400,0.651121,2.521,-0.492981
400,0.610364,2.57063,-0.385026
400,0.371064,2.50381,-0.587632
400,0.620491,2.60587,-0.308045
400,0.560136,2.56078,-0.426037
400,0.508921,2.54145,-0.481567
400,0.560658,2.5746,-0.395116
400,0.737261,2.59135,-0.32516
400,0.737644,2.58165,-0.354001
400,0.681437,2.61997,-0.277476
400,0.715321,2.62173,-0.273234
400,0.533941,2.683,-0.165936
400,0.429368,2.50924,-0.594684
400,0.62098,2.53288,-0.50672
400,0.717589,2.52934,-0.497127
400,0.678498,2.56559,-0.419838
400,0.662961,2.67368,-0.170034
400,0.487508,2.68673,-0.173463
400,0.740065,2.59065,-0.352909
400,0.739214,2.55377,-0.441288
400,0.736878,2.64411,-0.233735
400,0.740939,2.54959,-0.468159
400,0.549298,2.69454,-0.164889
400,0.68386,2.54347,-0.502572
400,0.683503,2.53018,-0.533956
400,0.741207,2.51529,-0.560162
400,0.632629,2.50707,-0.606952
400,0.486064,2.52229,-0.601292
400,0.664659,2.58582,-0.4189
400,0.739945,2.61753,-0.331698
400,0.667944,2.58432,-0.456319
400,0.685602,2.5383,-0.562237
400,0.61774,2.57357,-0.528263
400,0.746488,2.68602,-0.247561
400,0.747219,2.54848,-0.579692
400,0.746744,2.6422,-0.364446
400,0.618951,2.54633,-0.613843
400,0.566274,2.55967,-0.599493
400,0.753151,2.60979,-0.474768
400,0.74951,2.58673,-0.535199
400,0.624754,2.56951,-0.615622
400,1.60723,2.81411,-0.61525
400,0.418377,1.92873,-0.612089
399,0.418377,1.92873,-0.612089
400,0.530382,1.89779,-0.657533
399,0.530382,1.89779,-0.657533
400,-0.257503,2.74827,0.330051
399,-0.257503,2.74827,0.330051
400,-0.658081,2.43464,0.264398
399,-0.658081,2.43464,0.264398
400,-0.956132,2.39493,0.276787
399,-0.956132,2.39493,0.276787
400,-0.715359,1.49385,0.59324
399,-0.715359,1.49385,0.59324
400,0.437143,1.95709,-0.629226
399,0.437143,1.95709,-0.629226
400,0.698922,2.01699,-0.758682
399,0.698922,2.01699,-0.758682
400,-1.1982,2.78402,0.21314
399,-1.1982,2.78402,0.21314
400,-0.623851,1.14056,0.64539
399,-0.623851,1.14056,0.64539
400,-1.47651,2.38579,0.258725
399,-1.47651,2.38579,0.258725
400,-1.59025,2.15133,0.324396
399,-1.59025,2.15133,0.324396
400,-1.61703,2.24151,0.309613
399,-1.61703,2.24151,0.309613
400,0.102245,1.99317,-0.654773
397,0.102245,1.99317,-0.654773
400,-0.709059,1.58023,-0.632336
397,-0.709059,1.58023,-0.632336
400,0.832287,1.64193,-0.644483
397,0.832287,1.64193,-0.644483
400,-0.239011,2.37501,0.745546
397,-0.239011,2.37501,0.745546
400,-1.0759,2.91975,0.502689
397,-1.0759,2.91975,0.502689
400,0.130453,2.25838,-0.634074
397,0.130453,2.25838,-0.634074
400,-1.04785,2.34529,0.290785
397,-1.04785,2.34529,0.290785
400,-1.35563,2.3919,0.260635
397,-1.35563,2.3919,0.260635
400,-0.867908,2.15558,0.347612
397,-0.867908,2.15558,0.347612
400,0.422018,2.59506,-0.290135
397,0.422018,2.59506,-0.290135
400,0.539217,2.51308,-0.542015
398,0.539217,2.51308,-0.542015
400,0.383294,1.78286,-0.124245
398,0.383294,1.78286,-0.124245
400,0.587501,2.47534,-0.348688
398,0.587501,2.47534,-0.348688
400,0.428968,2.43562,-0.507406
398,0.428968,2.43562,-0.507406
400,0.406767,2.56027,-0.646813
398,0.406767,2.56027,-0.646813
400,0.646229,2.50195,-0.271515
398,0.646229,2.50195,-0.271515
400,0.240119,2.12237,-0.657003
398,0.240119,2.12237,-0.657003
400,0.575996,2.54509,-0.314353
396,0.575996,2.54509,-0.314353
400,-1.18987,2.11557,-0.72793
396,-1.18987,2.11557,-0.72793
400,-0.825805,2.04125,0.457892
396,-0.825805,2.04125,0.457892
400,0.564737,2.5219,-0.538588
395,0.564737,2.5219,-0.538588
400,0.884952,3.76789,-0.891019
395,0.884952,3.76789,-0.891019
400,-0.669975,2.56055,0.245248
395,-0.669975,2.56055,0.245248
400,0.446785,2.30528,-0.116574
395,0.446785,2.30528,-0.116574
400,-0.282588,2.43977,0.282338
395,-0.282588,2.43977,0.282338
400,-1.74829,2.40669,0.278479
395,-1.74829,2.40669,0.278479
400,-0.216456,2.45873,0.693652
393,-0.216456,2.45873,0.693652
400,-1.83905,2.48204,0.256453
393,-1.83905,2.48204,0.256453
400,-0.127375,1.08081,-0.649409
3,-0.127375,1.08081,-0.649409
400,-0.0614357,1.04036,-0.639656
3,-0.0614357,1.04036,-0.639656
400,-0.0789631,1.06198,-0.62474
3,-0.0789631,1.06198,-0.62474
400,0.162415,1.67533,-0.641371
3,0.162415,1.67533,-0.641371
400,-0.492215,1.27885,-0.626301
3,-0.492215,1.27885,-0.626301
400,0.388323,1.97215,-0.620725
3,0.388323,1.97215,-0.620725
400,0.640479,2.60103,-0.604554
3,0.640479,2.60103,-0.604554
400,0.641338,2.57739,-0.282987
3,0.641338,2.57739,-0.282987
400,-0.00696234,2.18149,-0.604387
3,-0.00696234,2.18149,-0.604387
400,0.555662,2.52528,-0.440725
0,0.555662,2.52528,-0.440725
400,0.819341,1.59811,-0.649723
0,0.819341,1.59811,-0.649723
400,0.208668,2.01167,-0.632989
0,0.208668,2.01167,-0.632989
400,0.689165,2.75442,-0.130232
0,0.689165,2.75442,-0.130232
400,0.667904,2.6688,-0.319824
0,0.667904,2.6688,-0.319824
400,-0.641164,1.4982,-0.664738
0,-0.641164,1.4982,-0.664738
400,0.405246,2.2432,-0.598118
0,0.405246,2.2432,-0.598118
400,0.768997,1.59104,-0.592672
0,0.768997,1.59104,-0.592672
400,0.623531,2.68851,-0.309847
0,0.623531,2.68851,-0.309847
400,0.888438,1.59207,-0.636677
0,0.888438,1.59207,-0.636677
400,0.118982,2.23178,-0.609372
0,0.118982,2.23178,-0.609372
400,-0.352636,1.16537,-0.641926
0,-0.352636,1.16537,-0.641926
400,0.621948,2.6159,-0.316481
392,0.621948,2.6159,-0.316481
400,0.553676,2.73987,-0.482371
392,0.553676,2.73987,-0.482371
400,1.93142,1.93337,-0.546597
250,1.93142,1.93337,-0.546597
400,-0.356531,1.24624,-0.632551
250,-0.356531,1.24624,-0.632551
400,-0.936088,2.51157,0.50204
390,-0.936088,2.51157,0.50204
400,-0.243972,2.49726,0.338511
390,-0.243972,2.49726,0.338511
401,-0.147294,-0.256677,0.581015
401,-0.133434,-0.191619,0.546512
401,-0.133365,-0.18055,0.542056
401,-0.319703,0.0343769,0.602737
401,-0.319611,0.0349203,0.602406
401,-0.338077,0.102929,0.593633
401,-0.107683,0.0790995,0.261438
401,-0.073725,0.0982334,0.265394
401,-0.0796219,0.0982595,0.260636
401,-0.0666847,0.104382,0.263584
401,-0.0644465,0.0976238,0.222739
401,-0.0539682,0.114763,0.258345
401,-0.0398286,0.121526,0.262915
401,-0.0337008,0.123548,0.264631
401,-0.030255,0.120578,0.254375
401,-0.0300389,0.12248,0.254055
401,-0.0249478,0.123827,0.255007
401,-0.0154218,0.136708,0.264553
401,0.0814162,0.196239,0.261902
401,0.0957539,0.211417,0.257972
401,0.209462,0.241443,0.297261
401,0.218622,0.256717,0.288392
401,0.2203,0.257666,0.286891
401,0.227634,0.26265,0.28553
401,0.233868,0.269903,0.280643
401,0.219678,0.269423,0.274388
401,0.238171,0.273593,0.279597
401,0.24223,0.271985,0.273977
401,0.197649,0.326235,0.210806
401,-0.219424,0.430161,-0.0492003
401,-0.221621,0.429656,-0.0541515
401,-0.221661,0.432765,-0.0541421
401,-0.222257,0.4374,-0.0575176
401,0.0754084,0.563135,0.323552
401,0.0759375,0.567202,0.324492
401,0.132713,0.987572,0.0552162
401,0.190945,1.07149,0.235093
401,0.16078,1.06438,0.208871
401,0.155147,1.08593,0.265171
401,0.179717,1.04744,0.150492
401,0.16616,1.06132,0.177891
401,0.181509,1.0632,0.183637
401,0.183758,1.08621,0.24653
401,0.184708,1.07439,0.204162
401,0.194001,1.06425,0.17489
401,0.169509,1.03246,0.0614303
401,0.210655,1.05694,0.132661
401,0.221949,1.08095,0.197148
401,-0.357332,1.14064,-0.634133
401,-0.421083,1.16692,-0.604666
401,-0.482865,1.20761,-0.583629
401,-0.379449,1.1904,-0.61393
401,-0.486717,1.20821,-0.591516
401,-0.531877,1.21781,-0.580074
401,0.0351689,1.27077,-0.359163
401,-0.436655,1.21262,-0.613739
401,-0.441909,1.21428,-0.610728
401,-0.242709,1.26133,-0.441666
401,-0.469676,1.23222,-0.590144
401,-0.383698,1.21408,-0.626555
401,0.4859,1.2639,-0.415419
401,-0.473711,1.26374,-0.602138
401,-0.449868,1.26785,-0.593425
401,-0.553059,1.28151,-0.607741
401,-0.396575,1.2831,-0.622941
401,-0.402519,1.28587,-0.633658
401,-0.248687,1.26342,-0.701431
401,-0.555067,1.31948,-0.61442
401,-0.558067,1.31977,-0.630816
401,-0.24688,1.27711,-0.711497
401,-0.265074,1.37124,-0.462158
401,-0.363426,1.30939,-0.660513
401,-0.583967,1.34692,-0.5967
401,-0.420601,1.34465,-0.625305
401,0.240046,1.34857,-0.490433
401,-0.561167,1.34371,-0.655436
401,0.471096,1.35149,-0.453254
401,-0.430773,1.35227,-0.630795
401,-0.584397,1.37142,-0.607529
401,-0.42012,1.35198,-0.636347
401,-0.610618,1.39332,-0.590776
401,-0.586537,1.38672,-0.621703
401,-0.614028,1.40023,-0.595609
401,-0.431276,1.36955,-0.647731
401,-0.566631,1.37572,-0.67764
401,-0.598101,1.42436,-0.609202
401,-0.481013,1.40804,-0.639111
401,-0.627215,1.42722,-0.615743
401,-0.48181,1.41417,-0.640392
401,-0.629371,1.43411,-0.629786
401,-0.401334,1.39748,-0.693138
401,-0.670931,1.46085,-0.596473
401,-0.480755,1.42819,-0.654574
401,-0.617824,1.44822,-0.626768
401,-0.68309,1.46587,-0.598491
401,-0.551724,1.45856,-0.651782
401,-0.509766,1.45305,-0.665234
401,-0.480357,1.45124,-0.669123
401,-0.713584,1.50378,-0.58377
401,0.358504,1.75884,0.329092
401,-0.551048,1.48029,-0.667338
401,-0.554255,1.48775,-0.670268
401,-0.561113,1.493,-0.671609
401,-0.674108,1.52559,-0.635433
401,-0.700132,1.54394,-0.61081
401,-0.671443,1.53237,-0.644187
401,0.515017,1.49056,-0.558667
401,0.102143,1.50393,-0.609265
401,-1.01305,1.66233,-0.49216
401,-0.773488,1.6093,-0.625272
401,-0.468578,1.6379,-0.516783
401,0.536048,1.55537,-0.565977
401,-0.66287,1.61545,-0.673121
401,-0.82343,1.65064,-0.6093
401,-0.870817,1.66771,-0.584485
401,-0.744265,1.64887,-0.632993
401,-1.03986,1.71621,-0.525813
401,-0.576264,1.61788,-0.725341
401,-1.03257,1.74121,-0.480101
401,-0.739617,1.67446,-0.6442
401,-0.665996,1.5953,-0.896959
401,-0.762738,1.70114,-0.668688
401,0.112265,1.65802,-0.680869
401,0.0499445,1.73261,-0.487906
401,-1.06737,1.81172,-0.522002
401,0.493447,1.71366,-0.516286
401,1.59298,1.66224,-0.460756
401,0.126835,1.67315,-0.721789
401,-0.260398,1.76209,-0.558671
401,0.0609232,1.79997,-0.524485
401,-0.89468,1.82601,-0.63613
401,0.107939,1.81105,-0.516234
401,0.0637422,1.82434,-0.532617
401,0.320355,1.81435,-0.565357
401,0.557873,1.81728,-0.590577
401,-0.358121,1.91811,-0.507327
401,0.510435,1.87505,-0.484852
401,-0.918944,1.90792,-0.68598
401,0.272833,1.86516,-0.582271
401,0.589315,1.89416,-0.595319
401,-0.225051,2.29444,0.290559
401,-0.0348277,2.00444,-0.520736
401,-0.22312,2.30717,0.292799
401,-0.215247,2.33469,0.325122
401,0.310752,1.98606,-0.617442
401,-0.499816,2.02666,-0.723173
401,-0.975728,2.05452,-0.738249
401,-0.210733,2.38454,0.309151
401,0.158725,2.03219,-0.651026
401,-0.210784,2.40495,0.320728
401,0.268933,2.046,-0.629111
401,0.17103,2.08819,-0.750582
401,-1.03824,2.22799,-0.747634
401,-1.1182,2.25026,-0.718225
401,0.229364,2.21456,-0.6748
401,0.0696676,2.28196,-0.648064
401,0.05316,2.30076,-0.638441
401,-0.299487,2.3388,-0.713932
401,-0.30346,2.3796,-0.730049
401,-0.336228,2.38944,-0.761823
401,0.5594,2.55645,-0.138822
401,0.716236,2.56774,-0.110951
401,1.88568,2.23521,-0.827156
401,0.706679,2.55169,-0.199968
401,0.376663,2.49033,-0.437893
401,0.512076,2.56583,-0.20383
401,0.405954,2.45766,-0.549658
401,0.43972,2.507,-0.407558
401,0.413978,2.51471,-0.3979
401,0.302479,2.39798,-0.754556
401,0.728137,2.4661,-0.485805
401,0.703843,2.53621,-0.302437
401,0.339985,2.55094,-0.333174
401,0.455051,2.56061,-0.287359
401,0.706674,2.53672,-0.328539
401,0.467299,2.49316,-0.497668
401,0.636986,2.49827,-0.462483
401,0.733793,2.46596,-0.538371
401,0.348538,2.54484,-0.392459
401,0.708186,2.58434,-0.214377
401,0.40744,2.62876,-0.165311
401,0.702675,2.60735,-0.174212
401,0.350418,2.54247,-0.428328
401,0.557414,2.53321,-0.416931
401,0.478154,2.50341,-0.515654
401,0.374429,2.57394,-0.34083
401,0.692014,2.5956,-0.22053
401,0.736538,2.57744,-0.263749
401,0.585511,2.52623,-0.436388
401,0.607191,2.52194,-0.445762
401,0.471011,2.57297,-0.333033
401,0.696666,2.54375,-0.376147
401,0.738613,2.54093,-0.382258
401,0.530523,2.54361,-0.419383
401,0.348705,2.58673,-0.345296
401,0.471486,2.53265,-0.483646
401,0.636508,2.63108,-0.179361
401,0.440509,2.60752,-0.283233
401,0.44977,2.56143,-0.417313
401,0.388735,2.52792,-0.526149
401,0.465259,2.58759,-0.350637
401,0.5494,2.52823,-0.504523
401,0.701172,2.55177,-0.412996
401,0.230142,2.47804,-0.711619
401,0.431375,2.59284,-0.352583
401,0.486331,2.65467,-0.171809
401,0.345167,2.65911,-0.187145
401,0.341526,2.62228,-0.293369
401,0.443068,2.59869,-0.341849
401,0.628217,2.49374,-0.606001
401,0.739973,2.51819,-0.52254
401,0.472365,2.63523,-0.246485
401,0.718416,2.50088,-0.580732
401,0.602159,2.5456,-0.478923
401,0.727914,2.62518,-0.233631
401,0.547398,2.5972,-0.34987
401,0.530211,2.66182,-0.173419
401,0.548429,2.56622,-0.445274
401,0.474051,2.62146,-0.30542
401,0.567679,2.55027,-0.490421
401,0.486589,2.61004,-0.339795
401,0.486461,2.62782,-0.290623
401,0.594914,2.5107,-0.606095
401,0.373947,2.61558,-0.356929
401,0.533129,2.58588,-0.41244
401,0.567994,2.64932,-0.228076
401,0.457335,2.53124,-0.581033
401,0.539883,2.62368,-0.307293
401,0.539811,2.65391,-0.225355
401,0.533339,2.6087,-0.353849
401,0.65704,2.65971,-0.189345
401,0.65062,2.67251,-0.162342
401,0.537083,2.62873,-0.307414
401,0.724215,2.56258,-0.470377
401,0.744687,2.62534,-0.291968
401,0.555989,2.65833,-0.237468
401,0.350035,2.6693,-0.249502
401,0.426558,2.65985,-0.265135
401,0.558043,2.53417,-0.594962
401,0.685712,2.63782,-0.282513
401,0.351505,2.64908,-0.315097
401,0.426794,2.68767,-0.194494
401,0.709957,2.61264,-0.352418
401,0.212494,2.51074,-0.733314
401,0.398827,2.69346,-0.186552
401,0.663667,2.60344,-0.395963
401,0.637482,2.56336,-0.518197
401,0.519256,2.56829,-0.527906
401,0.711804,2.59749,-0.41169
401,0.688436,2.57342,-0.484163
401,0.713986,2.57251,-0.483764
401,0.345951,2.71461,-0.159221
401,0.433153,2.67249,-0.264548
401,0.601482,2.69134,-0.18098
401,0.750231,2.5989,-0.416435
401,0.695532,2.58769,-0.459347
401,0.433947,2.66138,-0.305288
401,0.690056,2.66725,-0.247231
401,0.60384,2.67075,-0.262872
401,0.381409,2.5641,-0.607735
401,0.718657,2.62467,-0.374738
401,0.436379,2.64302,-0.388379
401,0.32101,2.56755,-0.624541
401,0.700105,2.56077,-0.578286
401,0.628625,2.62371,-0.425836
401,0.629113,2.64767,-0.366677
401,0.489191,2.56103,-0.640109
401,0.462371,2.62621,-0.495399
401,0.751732,2.57811,-0.590769
401,0.378871,2.59452,-0.620827
401,0.619187,2.63882,-0.472381
401,0.31858,2.61187,-0.651655
401,0.215707,2.60229,-0.794179
401,0.828704,3.1165,-0.13264
401,1.73543,3.03235,-0.702622
401,-2.82723,4.10701,0.0219097
401,-3.12866,4.49244,-0.0136176
401,-3.27283,4.72937,-0.0378321
401,0.511197,2.5429,-0.517629
397,0.511197,2.5429,-0.517629
401,0.528982,2.56893,-0.331407
397,0.528982,2.56893,-0.331407
401,0.615695,2.59312,-0.303776
397,0.615695,2.59312,-0.303776
401,0.610935,1.97617,-0.64247
397,0.610935,1.97617,-0.64247
401,-0.759663,1.71003,-0.628666
397,-0.759663,1.71003,-0.628666
401,-0.811582,1.76856,-0.634361
397,-0.811582,1.76856,-0.634361
401,0.53488,1.75083,-0.610161
397,0.53488,1.75083,-0.610161
401,-0.793615,1.69496,-0.575811
397,-0.793615,1.69496,-0.575811
401,0.607888,1.75221,-0.637666
397,0.607888,1.75221,-0.637666
401,-1.54861,2.54864,0.222494
397,-1.54861,2.54864,0.222494
401,-1.49028,2.52427,0.227109
397,-1.49028,2.52427,0.227109
401,0.253862,1.58483,-0.0645751
399,0.253862,1.58483,-0.0645751
401,0.614468,1.82473,-0.62874
399,0.614468,1.82473,-0.62874
401,0.641767,1.89756,-0.679196
399,0.641767,1.89756,-0.679196
401,0.154255,1.34755,0.0902137
398,0.154255,1.34755,0.0902137
401,0.659197,2.52711,-0.342959
398,0.659197,2.52711,-0.342959
401,-0.993874,2.6352,0.23324
3,-0.993874,2.6352,0.23324
401,-0.163829,1.14874,-0.634258
3,-0.163829,1.14874,-0.634258
401,0.51296,2.67781,-0.269186
3,0.51296,2.67781,-0.269186
401,-0.1343,1.93168,-0.617269
3,-0.1343,1.93168,-0.617269
401,-0.0157227,1.73316,-0.621967
3,-0.0157227,1.73316,-0.621967
401,-0.742984,2.63344,0.21612
3,-0.742984,2.63344,0.21612
401,0.246446,1.44488,-0.533078
3,0.246446,1.44488,-0.533078
401,-0.0658303,1.63543,-0.605345
3,-0.0658303,1.63543,-0.605345
401,0.324294,1.837,-0.651268
3,0.324294,1.837,-0.651268
401,-0.979468,1.96674,-0.563635
3,-0.979468,1.96674,-0.563635
401,0.558657,2.61853,-0.25594
396,0.558657,2.61853,-0.25594
401,0.454415,2.51441,-0.611362
396,0.454415,2.51441,-0.611362
401,-0.0893077,1.11447,-0.632384
0,-0.0893077,1.11447,-0.632384
401,1.62807,2.96732,0.158246
0,1.62807,2.96732,0.158246
401,-0.0686494,1.6879,-0.641812
0,-0.0686494,1.6879,-0.641812
401,-0.740773,2.59067,0.22372
0,-0.740773,2.59067,0.22372
401,0.175335,1.71258,-0.632305
0,0.175335,1.71258,-0.632305
401,-0.849018,2.62014,0.212514
0,-0.849018,2.62014,0.212514
401,-0.248344,1.28705,-0.719259
0,-0.248344,1.28705,-0.719259
401,-0.871968,2.71083,0.211002
0,-0.871968,2.71083,0.211002
401,-0.539485,1.52084,-0.789261
0,-0.539485,1.52084,-0.789261
401,0.466885,2.60831,-0.221694
395,0.466885,2.60831,-0.221694
401,0.662318,3.19903,-0.742181
393,0.662318,3.19903,-0.742181
401,-0.0893444,1.87917,-0.557759
250,-0.0893444,1.87917,-0.557759
401,-0.200302,2.18174,-0.563909
250,-0.200302,2.18174,-0.563909
401,-0.192779,2.64807,-2.08134
250,-0.192779,2.64807,-2.08134
401,0.452209,2.27427,-0.148421
392,0.452209,2.27427,-0.148421
401,0.742145,2.59825,-0.355469
392,0.742145,2.59825,-0.355469
402,-0.133928,-0.19032,0.49543
402,-0.133599,-0.18483,0.491503
402,-0.134629,-0.171662,0.488807
402,-0.136236,-0.17149,0.487165
402,-0.135629,-0.169174,0.485479
402,0.184507,0.266487,0.258654
402,0.177966,0.266601,0.255364
402,0.195537,0.273746,0.258055
402,-0.29161,0.677306,-0.223463
402,0.150704,1.01834,0.0706723
402,0.148713,1.02778,0.0972149
402,0.177828,1.06926,0.220599
402,0.165388,1.04168,0.123096
402,0.149414,1.02256,0.0641122
402,0.162336,1.01478,0.0411599
402,0.184354,1.04897,0.139259
402,0.192262,1.017,0.0371813
402,0.166225,1.02866,0.0672112
402,0.191384,1.06679,0.180263
402,0.192167,1.07644,0.20542
402,0.204952,1.08204,0.220435
402,0.208465,1.01943,0.03589
402,0.205812,1.08263,0.219543
402,0.212183,1.0348,0.0644495
402,-0.896583,1.2108,0.406099
402,0.176363,1.03792,0.0121956
402,0.244515,1.04563,0.0076381
402,-0.904606,1.22586,0.401333
402,-0.245415,1.24668,-0.439033
402,-0.506799,1.21089,-0.59832
402,-0.459282,1.24052,-0.594565
402,-0.472576,1.24385,-0.606862
402,-0.469921,1.24869,-0.603312
402,-0.234662,1.35965,-0.331003
402,-0.388233,1.28174,-0.628716
402,-0.585139,1.34927,-0.600722
402,-0.282699,1.70035,0.35703
402,-0.625874,1.42642,-0.625921
402,-0.472923,1.4154,-0.648827
402,-0.630345,1.43802,-0.633621
402,-0.537188,1.449,-0.650059
402,-0.434326,1.45302,-0.707046
402,-0.733448,1.53829,-0.61931
402,-1.01415,1.69956,-0.48683
402,-0.474828,1.66031,-0.54075
402,-0.946269,1.97343,0.310079
402,-1.05001,1.70782,-0.531987
402,-1.01048,1.73666,-0.507793
402,-1.05596,1.75717,-0.549888
402,-1.05851,1.7852,-0.516473
402,-1.04831,1.7862,-0.517892
402,-0.419111,1.82043,-0.505934
402,-0.319167,2.12278,0.302308
402,-0.422721,1.84737,-0.519416
402,-0.895397,1.82479,-0.642545
402,-0.435798,1.83974,-0.550973
402,-0.887783,1.82795,-0.640134
402,0.042819,1.83181,-0.532682
402,0.0408888,1.83865,-0.538873
402,0.557882,1.81614,-0.555678
402,-0.937283,1.85846,-0.63504
402,-0.420262,1.87425,-0.533365
402,-0.946237,1.86037,-0.635721
402,-0.900439,1.85199,-0.65639
402,-0.959696,1.87453,-0.621154
402,0.0695668,1.86451,-0.565867
402,-0.967322,1.90582,-0.629265
402,0.0692235,1.88537,-0.585077
402,-0.595055,2.2599,0.280665
402,-0.280681,2.27414,0.286838
402,-0.301477,2.2811,0.287249
402,-0.49166,1.94775,-0.719109
402,-0.5886,2.31032,0.273594
402,-0.427873,1.98708,-0.694394
402,-0.251131,2.3442,0.288121
402,-0.424119,2.01645,-0.690823
402,-0.184211,2.4379,0.558007
402,-0.183942,2.4416,0.561305
402,-0.0245425,2.05504,-0.556039
402,-0.212849,2.36688,0.321369
402,-0.250975,2.37058,0.285941
402,-0.399506,2.05565,-0.685329
402,-0.398365,2.05672,-0.691791
402,-0.208367,2.41112,0.301405
402,0.138317,2.06505,-0.687019
402,0.117977,2.06767,-0.690447
402,0.144371,2.08242,-0.700271
402,-0.222275,2.45217,0.322978
402,-2.14205,1.99487,-1.2576
402,-0.201852,2.50313,0.391657
402,-0.220272,2.48993,0.349076
402,0.220549,2.15699,-0.656486
402,0.373188,2.38077,-0.563371
402,0.438754,2.52998,-0.135064
402,0.38647,2.51736,-0.200775
402,0.34752,2.40653,-0.572464
402,0.366685,2.54029,-0.238799
402,0.358134,2.45758,-0.503548
402,0.694571,2.43061,-0.549463
402,0.42908,2.45984,-0.494782
402,0.371688,2.56459,-0.208037
402,0.459179,2.46496,-0.494834
402,0.481249,2.5049,-0.38071
402,0.426803,2.44897,-0.550439
402,0.426445,2.59129,-0.139206
402,0.510254,2.59158,-0.129725
402,0.418623,2.51592,-0.382714
402,0.548892,2.595,-0.137206
402,0.378264,2.52018,-0.386036
402,0.441778,2.51007,-0.408781
402,0.72207,2.5674,-0.210956
402,0.409555,2.55117,-0.305362
402,0.521213,2.46482,-0.550214
402,0.49721,2.57579,-0.240697
402,0.410969,2.55786,-0.306019
402,0.575764,2.52593,-0.380696
402,0.46821,2.53668,-0.362067
402,0.704792,2.57817,-0.214505
402,0.734988,2.45414,-0.57985
402,0.407177,2.61691,-0.143962
402,0.35636,2.46502,-0.593873
402,0.342832,2.47912,-0.556252
402,0.556364,2.56248,-0.290607
402,0.705676,2.46608,-0.555252
402,0.341429,2.61849,-0.156687
402,0.52322,2.5041,-0.470362
402,0.577467,2.56393,-0.293923
402,0.635228,2.51244,-0.438082
402,0.416525,2.50712,-0.479495
402,0.484708,2.59488,-0.22122
402,0.356457,2.52896,-0.430523
402,0.46232,2.57369,-0.295478
402,0.521457,2.60999,-0.183633
402,0.636168,2.54687,-0.355782
402,0.433334,2.52207,-0.45501
402,0.335954,2.59437,-0.255806
402,0.497014,2.60502,-0.213121
402,0.425897,2.6293,-0.150922
402,0.644027,2.48587,-0.545609
402,0.643048,2.51318,-0.467882
402,0.478463,2.56522,-0.335255
402,0.500135,2.55521,-0.362998
402,0.38028,2.51207,-0.506296
402,0.435463,2.54105,-0.417802
402,0.417481,2.51149,-0.507404
402,0.715395,2.55514,-0.349033
402,0.461499,2.60017,-0.251901
402,0.588131,2.58292,-0.29084
402,0.439305,2.61278,-0.221085
402,0.737202,2.53003,-0.429717
402,0.731902,2.51912,-0.463392
402,0.443308,2.53101,-0.467253
402,0.386564,2.49918,-0.567424
402,0.410935,2.64012,-0.154427
402,0.550664,2.61237,-0.220109
402,0.346109,2.6172,-0.229802
402,0.442067,2.58698,-0.308198
402,0.678183,2.54383,-0.408244
402,0.383575,2.57806,-0.342751
402,0.587172,2.60387,-0.245945
402,0.349899,2.59733,-0.296058
402,0.656061,2.50473,-0.531568
402,0.548698,2.61818,-0.21296
402,0.422218,2.53239,-0.478464
402,0.394797,2.64554,-0.152681
402,0.48538,2.54049,-0.452648
402,0.583539,2.6184,-0.215398
402,0.499474,2.55946,-0.397206
402,0.627438,2.49986,-0.557024
402,0.406449,2.60204,-0.284255
402,0.391088,2.49257,-0.605663
402,0.711389,2.58678,-0.296102
402,0.733398,2.63639,-0.152146
402,0.483953,2.5336,-0.481697
402,0.733081,2.57539,-0.331517
402,0.616102,2.60776,-0.250402
402,0.359602,2.56274,-0.411721
402,0.368505,2.52385,-0.526133
402,0.702547,2.61894,-0.211734
402,0.391531,2.59747,-0.31058
402,0.37072,2.6212,-0.244878
402,0.587157,2.59419,-0.299828
402,0.713409,2.51804,-0.513182
402,0.702927,2.57316,-0.353599
402,0.420404,2.52392,-0.530062
402,0.368036,2.60907,-0.290793
402,0.41804,2.50624,-0.587529
402,0.379852,2.56165,-0.431123
402,0.641433,2.59442,-0.305706
402,0.6449,2.58204,-0.341768
402,0.717831,2.60173,-0.276667
402,0.378969,2.54829,-0.4728
402,0.505535,2.60982,-0.279033
402,0.339694,2.63188,-0.233756
402,0.642832,2.61866,-0.238303
402,0.444599,2.55322,-0.452572
402,0.648772,2.50625,-0.568768
402,0.429625,2.50412,-0.600421
402,0.451048,2.58312,-0.368198
402,0.676619,2.59514,-0.308379
402,0.592267,2.52315,-0.528305
402,0.719891,2.51752,-0.532242
402,0.654945,2.50157,-0.587123
402,0.714624,2.58532,-0.336127
402,0.703842,2.55929,-0.413656
402,0.481392,2.56544,-0.421467
402,0.353079,2.59614,-0.348196
402,0.353887,2.55338,-0.473554
402,0.607372,2.59259,-0.331863
402,0.555349,2.61392,-0.276469
402,0.660668,2.62401,-0.235992
402,0.377143,2.59611,-0.3499
402,0.363269,2.59708,-0.349269
402,0.375701,2.58951,-0.372812
402,0.730003,2.50996,-0.566512
402,0.473072,2.55559,-0.462808
402,0.660888,2.527,-0.530862
402,0.650135,2.65752,-0.152858
402,0.559995,2.55812,-0.453632
402,0.672149,2.65851,-0.147762
402,0.544705,2.56828,-0.42701
402,0.616364,2.53942,-0.504171
402,0.661191,2.51169,-0.580439
402,0.363749,2.5999,-0.358835
402,0.733684,2.57301,-0.39863
402,0.67492,2.57695,-0.394515
402,0.6703,2.64885,-0.186236
402,0.656072,2.59965,-0.336223
402,0.66068,2.62067,-0.277891
402,0.351912,2.51234,-0.630181
402,0.538947,2.54054,-0.526725
402,0.682266,2.58375,-0.384949
402,0.572615,2.52175,-0.579666
402,0.625171,2.61079,-0.316472
402,0.546272,2.54186,-0.52776
402,0.668062,2.54083,-0.518051
402,0.384293,2.518,-0.617504
402,-0.946534,2.85356,0.207088
402,0.572587,2.52857,-0.571268
402,0.678829,2.54535,-0.510937
402,0.67293,2.62105,-0.290597
402,0.741923,2.6038,-0.334236
402,0.74853,2.54057,-0.520261
402,0.628034,2.58972,-0.397526
402,0.608224,2.58479,-0.41882
402,0.609224,2.67024,-0.17296
402,0.70758,2.59944,-0.369745
402,0.683761,2.65153,-0.223533
402,0.75137,2.64389,-0.241998
402,0.62326,2.57201,-0.470564
402,0.614937,2.61402,-0.355676
402,0.732756,2.52416,-0.607137
402,0.506187,2.58038,-0.472207
402,0.635015,2.57977,-0.459413
402,0.492426,2.53276,-0.613065
402,0.622791,2.5354,-0.597883
402,0.621434,2.62605,-0.341572
402,0.397309,2.69271,-0.178401
402,0.503659,2.56775,-0.534098
402,0.50025,2.5682,-0.534009
402,0.625479,2.64366,-0.303422
402,0.666163,2.60291,-0.4289
402,0.698506,2.58163,-0.488406
402,0.66777,2.60987,-0.412903
402,0.442721,2.57823,-0.533395
402,0.533136,2.69993,-0.167727
402,0.669162,2.69724,-0.1655
402,0.660193,2.65483,-0.29809
402,0.446558,2.59595,-0.495437
402,0.695073,2.57625,-0.525016
402,0.735136,2.67475,-0.236251
402,0.439209,2.5617,-0.616766
402,0.726192,2.55696,-0.6195
402,0.757011,2.57231,-0.850848
402,-2.36764,3.40878,0.167514
402,-1.08398,3.52965,0.15889
402,1.8733,3.27857,-0.713068
402,1.90593,3.3541,-0.814349
402,2.19334,3.83807,-0.897866
402,2.2774,3.97853,-0.987256
402,0.555605,2.55444,-0.323803
397,0.555605,2.55444,-0.323803
402,0.606568,1.82158,-0.628413
397,0.606568,1.82158,-0.628413
402,-0.279343,1.82001,-0.775776
397,-0.279343,1.82001,-0.775776
402,0.540067,2.62454,-0.307255
397,0.540067,2.62454,-0.307255
402,0.611582,2.57873,-0.398764
397,0.611582,2.57873,-0.398764
402,-0.956475,2.48131,0.266197
397,-0.956475,2.48131,0.266197
402,-0.859249,2.55099,0.251967
397,-0.859249,2.55099,0.251967
402,-0.748907,1.48304,-0.548313
397,-0.748907,1.48304,-0.548313
402,-1.84176,2.47393,0.257927
397,-1.84176,2.47393,0.257927
402,-0.956042,2.50644,0.259411
397,-0.956042,2.50644,0.259411
402,0.415941,1.91963,-0.607656
399,0.415941,1.91963,-0.607656
402,0.651354,2.59236,-0.35625
399,0.651354,2.59236,-0.35625
402,0.250808,2.09538,-0.586385
399,0.250808,2.09538,-0.586385
402,0.563581,2.56976,-0.173752
398,0.563581,2.56976,-0.173752
402,0.643676,2.52947,-0.415887
398,0.643676,2.52947,-0.415887
402,0.469274,2.63567,-0.233425
398,0.469274,2.63567,-0.233425
402,0.491262,2.5284,-0.318819
398,0.491262,2.5284,-0.318819
402,0.564382,2.54664,-0.230603
398,0.564382,2.54664,-0.230603
402,0.400755,2.483,-0.468369
398,0.400755,2.483,-0.468369
402,0.427033,2.24728,-0.288168
398,0.427033,2.24728,-0.288168
402,0.70765,2.76944,-0.451879
3,0.70765,2.76944,-0.451879
402,0.642224,2.61865,-0.24959
3,0.642224,2.61865,-0.24959
402,-0.856854,1.83741,-0.674524
3,-0.856854,1.83741,-0.674524
402,0.360417,1.96765,-0.62843
3,0.360417,1.96765,-0.62843
402,0.710251,2.74195,-0.307954
3,0.710251,2.74195,-0.307954
402,0.241124,1.79959,-0.644652
3,0.241124,1.79959,-0.644652
402,-0.579323,2.80756,0.210232
3,-0.579323,2.80756,0.210232
402,-0.011828,1.74726,-0.631573
3,-0.011828,1.74726,-0.631573
402,-0.0486827,1.94232,-0.652532
3,-0.0486827,1.94232,-0.652532
402,-0.183941,1.65298,-0.648794
3,-0.183941,1.65298,-0.648794
402,-0.448281,1.23936,-0.634308
3,-0.448281,1.23936,-0.634308
402,0.445036,2.5686,-0.370028
396,0.445036,2.5686,-0.370028
402,0.500724,2.56594,-0.29458
396,0.500724,2.56594,-0.29458
402,0.803119,3.29307,-0.797944
396,0.803119,3.29307,-0.797944
402,0.51655,2.5214,-0.113827
396,0.51655,2.5214,-0.113827
402,0.513017,2.68155,-0.212083
0,0.513017,2.68155,-0.212083
402,-0.0635139,1.51859,-0.645288
0,-0.0635139,1.51859,-0.645288
402,0.59231,2.59628,-0.37471
0,0.59231,2.59628,-0.37471
402,0.337419,2.51773,-0.25552
0,0.337419,2.51773,-0.25552
402,0.493071,2.60229,-0.509846
0,0.493071,2.60229,-0.509846
402,-0.30393,1.99926,-0.67258
0,-0.30393,1.99926,-0.67258
402,0.290681,2.17548,-0.713883
0,0.290681,2.17548,-0.713883
402,0.417684,2.55384,-0.371167
395,0.417684,2.55384,-0.371167
402,0.535222,2.69224,-0.475391
395,0.535222,2.69224,-0.475391
402,0.416771,2.14541,-0.12044
393,0.416771,2.14541,-0.12044
402,0.442466,2.57277,-0.271614
393,0.442466,2.57277,-0.271614
402,0.746738,2.55329,-0.504235
393,0.746738,2.55329,-0.504235
402,0.697342,2.61326,-0.213287
393,0.697342,2.61326,-0.213287
402,-2.46093,3.34089,0.614777
393,-2.46093,3.34089,0.614777
402,0.558344,2.60586,-0.252383
392,0.558344,2.60586,-0.252383
402,0.511602,2.80542,-0.593361
392,0.511602,2.80542,-0.593361
402,0.404906,2.59509,-0.253616
392,0.404906,2.59509,-0.253616
403,-0.0998688,-0.201893,0.419658
403,-0.0466425,-0.0681508,0.267656
403,0.0553554,-0.0715851,0.259015
403,0.0559602,-0.0707421,0.25817
403,-0.0467371,-0.0566286,0.279135
403,0.0129704,-0.0672947,0.258103
403,-0.0471523,-0.0492158,0.252865
403,-0.175782,-0.0404449,0.242123
403,-0.17628,-0.031944,0.258612
403,-0.175152,-0.0368722,0.238126
403,-0.115631,-0.0228047,0.262566
403,-0.0696502,-0.0215834,0.252749
403,-0.0767383,-0.0160274,0.263086
403,-0.0701968,-0.0190615,0.250604
403,-0.075687,-0.0138848,0.259005
403,-0.0746478,-0.00270319,0.288586
403,-0.0776682,-0.0082275,0.249099
403,-0.07616,-0.00230584,0.244755
403,0.0380624,0.00548384,0.281927
403,-0.274565,0.0103342,0.233083
403,-0.0250731,0.00505269,0.248599
403,-0.0954046,0.0097298,0.239888
403,0.137282,0.00856754,0.268292
403,0.13735,0.00974843,0.265565
403,0.0171543,0.0343779,0.258998
403,0.0823102,0.0259489,0.245911
403,0.246922,0.0300611,0.272927
403,0.00509606,0.0392272,0.25673
403,0.0234383,0.0429133,0.251712
403,-0.0898087,0.0484925,0.246665
403,-0.0626806,0.0515871,0.256742
403,-0.0625727,0.0533504,0.255471
403,-0.13302,0.050656,0.220879
403,-0.144063,0.0575078,0.227211
403,-0.000988171,0.0582476,0.250358
403,-0.144746,0.0613539,0.224539
403,-0.132325,0.0573719,0.213856
403,-0.053438,0.0642297,0.242968
403,0.00159523,0.0654871,0.244337
403,-0.111024,0.0713125,0.239824
403,0.00809228,0.0623458,0.232039
403,0.00750409,0.0634812,0.232157
403,0.00283527,0.0680802,0.242706
403,-0.0684148,0.0808505,0.236331
403,-0.0886222,0.0904313,0.241321
403,0.0843611,0.11353,0.23682
403,0.052535,0.138336,0.261973
403,-0.0185494,0.137019,0.24114
403,-0.00294572,0.147485,0.25627
403,0.169021,0.202369,0.26982
403,0.107577,0.241107,0.238443
403,0.233299,0.250265,0.262497
403,0.145715,0.252556,0.247856
403,0.140738,0.255125,0.245545
403,0.146972,0.258382,0.245912
403,0.168213,0.263409,0.253788
403,0.158355,0.26637,0.246215
403,0.170468,0.268336,0.250079
403,0.182487,0.269914,0.253337
403,0.214795,0.271286,0.249561
403,0.192909,0.275613,0.255015
403,0.177909,0.274837,0.248626
403,0.193437,0.276773,0.25571
403,0.195072,0.27648,0.254886
403,0.192091,0.278185,0.252435
403,0.240971,0.289759,0.263845
403,0.147161,0.214944,0.0372939
403,0.255337,0.300142,0.261793
403,0.234544,0.307589,0.251445
403,0.324651,0.308782,0.225408
403,-0.270678,0.44475,0.479445
403,-0.707414,0.623564,0.450849
403,-0.168527,0.801564,-0.142833
403,0.180086,1.05652,0.166532
403,0.201744,1.07307,0.18417
403,0.235166,1.08929,0.227867
403,-0.17443,1.09186,-0.306
403,-0.108002,1.17298,-0.371642
403,-0.212398,1.2335,-0.462919
403,-0.1818,1.28477,-0.429592
403,-1.34898,1.6434,0.316309
403,-0.233653,1.30258,-0.446103
403,0.0552473,1.34564,-0.416287
403,-0.245571,1.38724,-0.532916
403,0.236843,1.70185,0.299354
403,-0.616603,1.43145,-0.620996
403,-0.626277,1.43747,-0.632228
403,-0.624725,1.44345,-0.628489
403,-0.63026,1.45053,-0.639751
403,0.128383,1.49588,-0.534133
403,-0.618344,1.519,-0.638994
403,-0.546207,1.50678,-0.683792
403,-0.785308,1.56782,-0.592408
403,-0.828927,1.57775,-0.579422
403,-0.776151,1.56301,-0.617967
403,-0.658147,1.92951,0.28364
403,-0.827702,1.60779,-0.601135
403,-0.700277,1.6177,-0.644956
403,-1.04921,1.71379,-0.4671
403,-0.701787,1.65113,-0.655206
403,-1.01186,1.74522,-0.505733
403,-0.747034,1.68194,-0.651951
403,-1.03605,1.76596,-0.522487
403,-1.09726,1.78206,-0.49329
403,0.294099,1.99624,0.260094
403,-0.479736,1.72784,-0.579851
403,-0.0369709,1.72154,-0.539821
403,-1.07696,1.784,-0.579474
403,-1.04944,1.8088,-0.524465
403,-0.028915,1.74573,-0.542365
403,-1.06126,1.81303,-0.5343
403,-0.482543,1.7757,-0.604277
403,-0.476797,1.77819,-0.597593
403,-1.03276,1.8544,-0.506769
403,-0.478493,1.79061,-0.604352
403,0.255038,1.76233,-0.575322
403,-0.475081,1.82891,-0.643677
403,-1.01889,1.89804,-0.556707
403,-0.0363843,1.86041,-0.510188
403,-0.944731,1.87147,-0.644102
403,-0.214879,2.00177,-0.214982
403,-0.866193,1.86905,-0.678314
403,0.0624993,1.86078,-0.569782
403,-0.164713,2.08436,-0.0300766
403,1.7135,1.79822,-0.545903
403,-0.971036,1.9197,-0.649018
403,0.359983,1.85944,-0.610717
403,0.0686682,1.87952,-0.610403
403,0.308336,1.89433,-0.61114
403,0.329705,1.92497,-0.589317
403,-0.00729224,1.96384,-0.548275
403,-0.162775,2.43083,0.651802
403,-0.162992,2.4485,0.655552
403,-0.0138887,1.9838,-0.561925
403,-0.16543,2.4595,0.651203
403,-1.04983,2.03546,-0.629267
403,1.8,1.89554,-0.590315
403,0.000663877,2.00752,-0.576416
403,0.363362,1.96999,-0.628963
403,-0.400192,2.01591,-0.672496
403,0.397928,2.03431,-0.648453
403,0.261626,2.05622,-0.624233
403,1.89377,1.95486,-0.642459
403,0.159681,2.05936,-0.654883
403,1.99572,1.99794,-0.588894
403,-1.00595,2.13958,-0.685107
403,-1.00708,2.1445,-0.699382
403,0.0912255,2.13141,-0.566126
403,-0.997742,2.14832,-0.699844
403,-0.384826,2.11184,-0.729339
403,0.106362,2.13341,-0.609003
403,0.114963,2.14488,-0.586159
403,-0.383877,2.13492,-0.692117
403,0.110877,2.15134,-0.618944
403,-1.04948,2.19551,-0.691949
403,-0.292752,2.13813,-0.752487
403,-1.10059,2.20856,-0.696252
403,0.0228409,2.19077,-0.586578
403,-1.06088,2.22035,-0.699887
403,-0.262585,2.17968,-0.758332
403,-0.281407,2.26539,-0.815387
403,0.600258,2.62091,0.175007
403,1.38926,2.53378,0.0541779
403,0.196274,2.3648,-0.675921
403,1.44135,2.62274,0.197355
403,-0.184359,2.26736,-1.03091
403,0.329782,2.58823,-0.240383
403,0.382841,2.50821,-0.445273
403,0.384242,2.5538,-0.400083
403,0.483231,2.58459,-0.340503
403,0.365121,2.51536,-0.552442
403,0.47493,2.49393,-0.603594
403,0.372283,2.55218,-0.469274
403,0.732912,2.66458,-0.127249
403,0.534605,2.66648,-0.172536
403,0.557809,2.64297,-0.243865
403,0.553922,2.59116,-0.410125
403,0.61506,2.60972,-0.356739
403,0.547251,2.68534,-0.173195
403,0.778812,2.89628,0.408667
403,0.374366,2.54313,-0.599132
403,0.427405,2.56788,-0.53001
403,0.547255,2.67279,-0.234225
403,0.683085,2.72151,-0.107395
403,0.438193,2.62295,-0.412009
403,0.665134,2.7053,-0.174298
403,0.355824,2.59628,-0.510895
403,0.480957,2.58035,-0.536626
403,0.726058,2.70476,-0.239328
403,0.764309,2.93225,0.216322
403,1.79772,3.11633,0.713866
403,0.789954,2.97625,0.0611458
403,1.62862,2.86948,-0.639828
403,1.68171,2.93924,-0.648924
403,1.7076,3.01861,-0.695674
403,-0.128584,3.4621,-0.590677
403,-1.21345,4.2413,0.0142052
403,-0.107398,4.13104,-0.796162
403,0.543317,2.05814,-0.674272
400,0.543317,2.05814,-0.674272
403,-0.901107,1.85618,-0.657906
400,-0.901107,1.85618,-0.657906
403,-0.473222,1.29582,-0.630658
400,-0.473222,1.29582,-0.630658
403,0.647532,2.66592,-0.192375
400,0.647532,2.66592,-0.192375
403,0.501859,1.75511,-0.608891
3,0.501859,1.75511,-0.608891
403,0.071765,1.92045,-0.626104
3,0.071765,1.92045,-0.626104
403,-0.210339,2.31802,-0.187813
3,-0.210339,2.31802,-0.187813
403,-0.924011,2.35264,-0.0943669
3,-0.924011,2.35264,-0.0943669
403,-1.33501,1.43081,-0.607641
3,-1.33501,1.43081,-0.607641
403,-1.57348,1.80427,-0.624682
3,-1.57348,1.80427,-0.624682
403,-0.109884,1.88924,-0.616875
3,-0.109884,1.88924,-0.616875
403,0.231508,1.80286,-0.647609
3,0.231508,1.80286,-0.647609
403,-0.760657,1.4806,-0.45372
3,-0.760657,1.4806,-0.45372
403,-0.672426,1.54456,-0.655157
397,-0.672426,1.54456,-0.655157
403,0.44843,1.9162,-0.637903
397,0.44843,1.9162,-0.637903
403,0.0749148,2.28721,-0.653865
397,0.0749148,2.28721,-0.653865
403,0.612305,1.98025,-0.645684
397,0.612305,1.98025,-0.645684
403,0.48249,2.0865,-0.641831
0,0.48249,2.0865,-0.641831
403,-0.217361,2.27612,-0.453493
0,-0.217361,2.27612,-0.453493
403,-0.134684,2.59327,-0.412374
0,-0.134684,2.59327,-0.412374
403,-0.135195,2.66865,-0.431062
0,-0.135195,2.66865,-0.431062
403,-0.94609,2.49654,0.236238
0,-0.94609,2.49654,0.236238
403,-0.138824,2.70607,0.0893971
0,-0.138824,2.70607,0.0893971
403,-0.551385,1.30961,-0.622388
0,-0.551385,1.30961,-0.622388
403,0.394855,1.71866,-0.564704
0,0.394855,1.71866,-0.564704
403,-0.0439278,8.69675,0.223521
399,-0.0439278,8.69675,0.223521
403,0.54757,2.31314,-0.302924
398,0.54757,2.31314,-0.302924
403,-0.894979,1.82834,-0.650483
398,-0.894979,1.82834,-0.650483
403,0.437928,2.61488,-0.202051
393,0.437928,2.61488,-0.202051
404,-0.0451161,-0.259996,0.460021
404,0.0712145,-0.0847719,0.259885
404,0.138887,-0.0710131,0.258776
404,0.19562,-0.0730137,0.258901
404,-0.0323046,-0.0603726,0.24832
404,0.131918,-0.0699461,0.251461
404,-0.0236752,-0.0559295,0.252186
404,0.17542,-0.0627094,0.268576
404,-0.0542799,-0.0518949,0.239154
404,0.0685602,-0.0507792,0.258327
404,0.00990666,-0.0488072,0.25134
404,-0.004682,-0.0470956,0.250131
404,-0.0447419,-0.043522,0.24707
404,-0.0886947,-0.0372463,0.248482
404,-0.0500025,-0.0392754,0.249622
404,0.0922804,-0.0393941,0.266536
404,-0.176987,-0.0234768,0.246686
404,0.210708,-0.0440912,0.255674
404,0.23614,-0.0383522,0.260012
404,0.238938,-0.038358,0.26022
404,0.0200138,-0.0238037,0.249677
404,0.0207817,-0.022097,0.250876
404,-0.00403302,-0.0211591,0.246389
404,0.171058,-0.0275788,0.243956
404,0.270936,-0.0298344,0.255417
404,-0.0144024,-0.00959322,0.245704
404,0.0290228,-0.00759482,0.257426
404,0.138068,-0.0138889,0.257467
404,0.0118001,-0.00547841,0.248074
404,0.0314613,0.000278085,0.250332
404,-0.0238305,0.00637954,0.247844
404,0.268281,-0.006441,0.266827
404,-0.0320831,0.00756618,0.245377
404,-0.103184,0.0119581,0.243248
404,-0.215638,0.0189018,0.239493
404,0.0771911,0.00961101,0.255032
404,-0.208369,0.0263846,0.241231
404,-0.0460037,0.0179598,0.244084
404,-0.047977,0.0186986,0.244747
404,0.0783905,0.0144166,0.256943
404,0.0801121,0.0175071,0.255647
404,-0.0520281,0.0268573,0.24891
404,-0.0648998,0.0258993,0.239992
404,0.143882,0.0180033,0.258686
404,0.0411792,0.0247772,0.256861
404,-0.0661789,0.0269711,0.240558
404,-0.0633336,0.0277694,0.242059
404,0.147225,0.0209049,0.259803
404,0.04079,0.0279373,0.253569
404,0.148628,0.0225059,0.255351
404,0.173407,0.021436,0.253707
404,-0.00761733,0.0326662,0.244973
404,0.174353,0.0241113,0.251673
404,0.176624,0.0279652,0.248694
404,0.0234586,0.0444994,0.252826
404,-0.128308,0.0536576,0.239039
404,-0.0529498,0.0557898,0.245817
404,-0.0246881,0.0545462,0.24391
404,-0.024553,0.0566593,0.240679
404,-0.0278135,0.0599571,0.244371
404,0.177794,0.0564664,0.269752
404,-0.0269759,0.0617843,0.243297
404,0.000933833,0.062329,0.248467
404,0.00149214,0.0639168,0.249065
404,0.0701275,0.0763377,0.25121
404,0.0694906,0.0774411,0.250794
404,0.0783,0.0777227,0.251664
404,0.153042,0.0731162,0.250644
404,0.149648,0.0772298,0.253216
404,0.0614104,0.0891213,0.250874
404,-0.264842,0.0850293,0.155642
404,0.0394562,0.10766,0.249031
404,0.0357147,0.110594,0.250363
404,0.0544217,0.112344,0.253371
404,0.152226,0.128124,0.256903
404,0.153284,0.12892,0.255753
404,0.0275082,0.13158,0.188634
404,0.259316,0.139796,0.253202
404,0.186134,0.149715,0.256362
404,0.313646,0.248964,0.263234
404,0.289188,0.259359,0.251172
404,0.28529,0.259196,0.249167
404,0.199558,0.266627,0.250774
404,0.301652,0.274156,0.258484
404,0.257876,0.300991,0.264107
404,0.0890719,1.24914,-0.857774
404,-0.627765,1.44353,-0.636879
404,1.70302,1.8285,0.662686
404,-0.6132,1.51113,-0.632723
404,-0.780958,1.55073,-0.585623
404,1.68004,1.81379,0.551144
404,1.69315,1.82779,0.550935
404,1.68795,1.8295,0.545221
404,-0.647367,1.58005,-0.645964
404,-1.05633,1.7155,-0.474695
404,-1.00763,1.75847,-0.519264
404,-0.75579,1.69893,-0.65255
404,-0.0857867,1.75512,-0.497497
404,-1.07646,1.79546,-0.582146
404,-1.06034,1.81738,-0.543387
404,-0.483584,1.7739,-0.604048
404,-1.0801,1.83826,-0.575957
404,-0.0313411,1.77149,-0.563035
404,-0.47868,1.79174,-0.605737
404,-0.486073,1.79672,-0.608177
404,-0.470029,1.80604,-0.613924
404,-0.78523,1.80454,-0.691666
404,-0.222696,1.96755,-0.179239
404,-0.476797,1.82339,-0.617076
404,-0.901543,1.86497,-0.659159
404,-0.872525,1.88822,-0.689947
404,-0.421636,1.91412,-0.558809
404,-0.468965,1.94957,-0.572067
404,-0.212986,2.07125,-0.235616
404,-0.424393,1.9517,-0.647426
404,-0.164314,2.17741,-0.0468458
404,-0.39749,2.00069,-0.664356
404,-0.17358,2.45002,0.562698
404,-0.173991,2.47627,0.565689
404,-0.243222,2.37469,0.266243
404,-0.381135,2.02748,-0.684455
404,0.140206,2.01293,-0.633741
404,-0.159412,2.09063,-0.491552
404,-0.225531,2.40353,0.267824
404,-0.383371,2.07299,-0.660241
404,-0.789985,2.45189,0.216086
404,-1.01018,2.1352,-0.68835
404,-0.222785,2.44315,0.261908
404,1.9754,1.98964,-0.586421
404,-0.344619,2.15552,-0.629981
404,-0.355912,2.15537,-0.637615
404,2.00558,2.02057,-0.586508
404,-0.266119,2.15625,-0.744016
404,0.109723,2.19172,-0.60238
404,-0.287313,2.19902,-0.778236
404,0.0442464,2.2828,-0.628922
404,1.41884,2.57159,0.200634
404,0.334027,2.51224,-0.211925
404,0.282846,2.39363,-0.554573
404,-0.0472789,2.30656,-0.850628
404,0.592751,2.73579,0.297319
404,0.362615,2.44331,-0.55077
404,0.34961,2.58541,-0.213852
404,0.34219,2.47791,-0.511425
404,0.637705,2.70326,0.121633
404,-0.305612,2.44235,-0.761663
404,0.384959,2.51488,-0.446226
404,0.349976,2.47948,-0.609372
404,0.316253,2.48743,-0.602704
404,0.672411,2.51391,-0.507365
404,0.745285,2.64874,-0.135414
404,0.533852,2.52298,-0.531839
404,0.673703,2.67642,-0.119395
404,0.679126,2.68791,-0.116392
404,0.666851,2.71612,-0.0484049
404,0.743542,2.5947,-0.360262
404,0.617912,2.52789,-0.564608
404,0.713082,2.61501,-0.357963
404,0.718338,2.68622,-0.169766
404,0.759352,2.5515,-0.523451
404,-0.0432112,2.4608,-0.925478
404,0.661167,2.70001,-0.178529
404,0.762919,2.93579,0.420805
404,0.768683,2.9488,0.421463
404,-0.948752,3.01144,0.161153
404,0.844755,3.07615,0.404048
404,0.852065,3.06689,0.222453
404,1.64193,2.88901,-0.640983
404,1.79596,3.18309,-0.749569
404,-0.131773,3.43224,-0.586257
404,1.90671,3.34769,-0.742931
404,-0.0900124,3.55017,-0.63456
404,-0.130053,3.6311,-0.759136
404,-1.38399,4.75291,-0.0377216
404,-0.141141,5.05454,-1.08077
404,0.655319,2.69749,-0.199545
401,0.655319,2.69749,-0.199545
404,1.43914,2.62326,0.203284
401,1.43914,2.62326,0.203284
404,-1.06659,1.12066,-0.62191
401,-1.06659,1.12066,-0.62191
404,-0.650836,1.84771,-0.867782
401,-0.650836,1.84771,-0.867782
404,0.735012,2.63675,-0.347495
401,0.735012,2.63675,-0.347495
404,0.219253,1.80389,-0.451143
401,0.219253,1.80389,-0.451143
404,0.10784,2.20683,-0.595485
401,0.10784,2.20683,-0.595485
404,0.620788,2.64557,-0.476549
401,0.620788,2.64557,-0.476549
404,0.317966,2.29069,-0.693616
401,0.317966,2.29069,-0.693616
404,-0.117604,1.47359,-0.624169
400,-0.117604,1.47359,-0.624169
404,0.343476,2.47969,-0.252508
400,0.343476,2.47969,-0.252508
404,-0.2363,1.82695,-0.57788
400,-0.2363,1.82695,-0.57788
404,-1.47646,3.00817,0.15037
400,-1.47646,3.00817,0.15037
404,0.51949,2.67064,-0.671423
400,0.51949,2.67064,-0.671423
404,0.079838,2.19006,-0.645008
3,0.079838,2.19006,-0.645008
404,-0.0183041,2.17051,-0.610637
3,-0.0183041,2.17051,-0.610637
404,-0.482718,1.73997,-0.587325
3,-0.482718,1.73997,-0.587325
404,-0.812599,2.68071,0.196396
3,-0.812599,2.68071,0.196396
404,0.097186,1.98929,-0.644814
3,0.097186,1.98929,-0.644814
404,-0.0658303,1.63543,-0.605345
3,-0.0658303,1.63543,-0.605345
404,-1.07161,1.08169,-0.586822
3,-1.07161,1.08169,-0.586822
404,-0.10593,1.87325,-0.605594
3,-0.10593,1.87325,-0.605594
404,0.716703,2.53119,-0.450761
3,0.716703,2.53119,-0.450761
404,-0.139919,6.99206,1.42293
397,-0.139919,6.99206,1.42293
404,-0.13717,2.38735,-0.26745
0,-0.13717,2.38735,-0.26745
404,0.344344,2.8051,-0.191796
0,0.344344,2.8051,-0.191796
404,0.231217,1.92653,-0.630369
0,0.231217,1.92653,-0.630369
404,0.158345,2.07605,-0.618594
0,0.158345,2.07605,-0.618594
404,-0.946245,2.49729,0.235854
0,-0.946245,2.49729,0.235854
404,-0.620091,1.42518,-0.619443
0,-0.620091,1.42518,-0.619443
404,-0.444544,2.57707,0.178222
0,-0.444544,2.57707,0.178222
404,0.740572,2.5382,-0.438325
399,0.740572,2.5382,-0.438325
404,0.636718,2.62527,-0.140337
395,0.636718,2.62527,-0.140337
404,0.327311,2.61815,-0.143437
395,0.327311,2.61815,-0.143437
405,-0.0920161,-0.080982,0.540779
405,-0.0916953,-0.0801215,0.540684
405,-0.0924019,-0.0788709,0.540117
405,-0.0420166,-0.0241573,0.288521
405,0.140597,-0.00890836,0.252308
405,-0.0238225,0.00596806,0.253361
405,0.0329831,0.00238189,0.250914
405,-0.059627,0.0112815,0.246222
405,-0.0318291,0.00963217,0.247785
405,-0.074182,0.010499,0.240205
405,-0.0403326,0.0115345,0.245073
405,-0.0315717,0.0124136,0.247165
405,-0.100676,0.0183986,0.238156
405,-0.0668408,0.0202803,0.249305
405,-0.0488034,0.0261884,0.245044
405,-0.0480051,0.0269749,0.244353
405,-0.0436353,0.0282094,0.245661
405,0.0779195,0.0221829,0.248678
405,-0.0581957,0.0310867,0.242926
405,0.113558,0.0332183,0.248755
405,0.113253,0.0455962,0.250678
405,0.114674,0.0458371,0.250057
405,0.0235642,0.0540753,0.242777
405,0.0231349,0.0542235,0.24268
405,0.101903,0.0494576,0.246281
405,0.000904817,0.0662479,0.243756
405,0.00126212,0.0679925,0.242695
405,-0.0694934,0.0735177,0.239745
405,-0.00064889,0.069592,0.241305
405,0.0942146,0.0686826,0.253161
405,0.26759,0.0570459,0.257439
405,0.267748,0.0585565,0.25579
405,0.26851,0.0587105,0.255276
405,0.15506,0.0699093,0.251621
405,0.0730864,0.0919004,0.252659
405,0.138601,0.086134,0.250138
405,0.0733811,0.0931268,0.251526
405,0.0727474,0.0958017,0.251052
405,0.131475,0.103706,0.251809
405,0.206568,0.115919,0.254113
405,0.205495,0.116199,0.253618
405,0.00720918,0.134735,0.244862
405,0.00673694,0.144946,0.239322
405,0.159282,0.140857,0.252556
405,0.152975,0.140433,0.24701
405,0.0714782,0.151683,0.245487
405,0.0724105,0.153799,0.244686
405,0.0170457,0.167087,0.242172
405,0.0160958,0.168636,0.241618
405,0.191024,0.161415,0.249768
405,-0.0701145,0.170237,0.190985
405,0.161498,0.174207,0.250809
405,0.159648,0.176463,0.252142
405,0.369752,0.1747,0.257019
405,0.236905,0.19254,0.252582
405,0.341023,0.188958,0.258352
405,0.16752,0.219121,0.251118
405,0.168289,0.222538,0.250248
405,0.350215,0.230505,0.249741
405,0.353839,0.239776,0.244952
405,0.32928,0.258119,0.252629
405,0.32991,0.2599,0.251725
405,0.3298,0.260124,0.2501
405,0.209312,0.289113,0.255306
405,0.22383,0.29756,0.257459
405,0.292897,0.30301,0.257494
405,0.258534,0.307389,0.261047
405,0.292402,0.304642,0.25602
405,0.261312,0.309147,0.258177
405,-0.168994,0.638173,-0.259202
405,-0.120835,0.739615,-0.259422
405,0.283296,1.09608,0.215125
405,-0.602164,1.46392,-0.637731
405,-0.686496,1.50095,-0.624427
405,-0.676227,1.51033,-0.628237
405,-0.766749,1.57919,-0.63149
405,-0.649685,1.57624,-0.644343
405,-0.769395,1.60325,-0.624725
405,-0.6534,1.59638,-0.657305
405,-0.824831,1.62976,-0.623522
405,-0.802607,1.62631,-0.630152
405,1.76907,1.91901,0.842364
405,1.7823,1.9318,0.845484
405,1.77436,1.93538,0.840388
405,-0.681338,1.64804,-0.654129
405,-0.745065,1.66712,-0.640587
405,1.75724,1.9074,0.667596
405,-0.932446,1.74023,-0.621455
405,-0.936867,1.75579,-0.622056
405,-0.943676,1.75873,-0.618275
405,-0.803999,1.74946,-0.648578
405,-0.797062,1.75447,-0.650044
405,-0.775076,1.76367,-0.661764
405,-1.04091,1.83751,-0.559945
405,-0.485232,1.80649,-0.622001
405,-0.483752,1.8147,-0.623462
405,-1.09449,1.86596,-0.618692
405,-1.10488,1.87239,-0.61907
405,-1.08262,1.89635,-0.568927
405,-1.08126,1.89359,-0.579776
405,-0.946053,1.86715,-0.640741
405,-0.908736,1.8657,-0.66785
405,-0.485585,1.84911,-0.639548
405,-0.955734,1.89523,-0.653114
405,-0.0757379,1.87264,-0.557172
405,-1.02754,1.944,-0.572824
405,1.84063,1.73302,-0.658713
405,-0.958454,2.03765,-0.670705
405,-0.401696,2.0001,-0.661788
405,-0.388297,2.00219,-0.684334
405,-0.965127,2.05067,-0.675196
405,1.74574,1.90219,-0.494764
405,0.202705,1.99177,-0.623399
405,-0.376386,2.06035,-0.593818
405,0.063033,2.01493,-0.63249
405,0.221287,2.00382,-0.633688
405,-1.05886,2.09861,-0.667779
405,-0.999911,2.09286,-0.671966
405,-0.977021,2.0963,-0.668424
405,0.132126,2.01943,-0.639634
405,-0.394173,2.05676,-0.666731
405,0.2029,2.02272,-0.635415
405,-0.366085,2.08379,-0.597957
405,1.6315,1.91085,-0.651118
405,-1.08255,2.13228,-0.653285
405,0.264923,2.03848,-0.61854
405,-1.03437,2.12876,-0.662651
405,0.00416733,2.0714,-0.607187
405,1.87855,1.91875,-0.638273
405,0.162758,2.07826,-0.620242
405,0.230874,2.08432,-0.626781
405,1.89633,1.95104,-0.640291
405,-1.05295,2.17324,-0.670964
405,-0.244109,2.4187,0.260538
405,0.229353,2.08898,-0.631292
405,0.207005,2.09664,-0.618647
405,0.151549,2.08675,-0.670697
405,0.209331,2.09792,-0.625749
405,-0.150044,2.17357,-0.493702
405,-0.0171635,2.15,-0.598549
405,2.21066,1.92418,-0.775994
405,0.250947,2.16161,-0.622915
405,-0.170546,2.38233,-0.0989475
405,0.160544,2.22928,-0.619076
405,0.123419,2.2423,-0.627076
405,0.676776,2.76997,1.06817
405,0.0450549,2.26592,-0.627156
405,0.0385566,2.27137,-0.613133
405,0.0308179,2.27556,-0.623442
405,0.188558,2.2767,-0.626796
405,0.677049,2.77915,1.00609
405,0.679675,2.80646,1.06137
405,0.686095,2.79229,1.00971
405,0.0394755,2.30574,-0.635802
405,0.200424,2.31253,-0.627629
405,0.462768,2.56261,-0.126995
405,0.404009,2.50897,-0.350737
405,0.404392,2.58191,-0.151241
405,0.34641,2.56538,-0.225679
405,0.447874,2.58458,-0.155728
405,0.338231,2.56802,-0.233263
405,0.307424,2.45618,-0.579618
405,0.346043,2.53285,-0.341161
405,0.395775,2.59071,-0.158175
405,0.600923,2.4531,-0.552606
405,0.337422,2.59006,-0.232347
405,0.338133,2.61056,-0.175332
405,0.336875,2.55604,-0.348376
405,0.3792,2.61536,-0.16312
405,0.336556,2.53864,-0.406385
405,0.294592,2.47855,-0.598793
405,0.336324,2.5219,-0.464702
405,0.467136,2.54072,-0.387019
405,0.423524,2.48057,-0.591227
405,0.336288,2.49169,-0.582955
405,0.466778,2.5543,-0.392911
405,0.385638,2.56063,-0.401441
405,0.384727,2.5249,-0.511602
405,0.361953,2.63743,-0.182153
405,0.524996,2.63457,-0.161009
405,0.505066,2.59251,-0.309424
405,0.570838,2.51689,-0.540085
405,0.641721,2.60076,-0.272787
405,0.653128,2.51244,-0.539443
405,0.641267,2.57233,-0.364338
405,0.636074,2.62916,-0.195407
405,0.483982,2.54597,-0.489369
405,0.560647,2.60931,-0.281881
405,0.728593,2.53891,-0.466047
405,0.613599,2.75833,0.166339
405,0.361345,2.52593,-0.597096
405,0.706723,2.62741,-0.21787
405,0.703505,2.54707,-0.471196
405,0.606986,2.63341,-0.235752
405,0.587842,2.65085,-0.191138
405,0.623133,2.55043,-0.487301
405,0.594082,2.51379,-0.605515
405,0.684526,2.52883,-0.538762
405,0.646972,2.61276,-0.304294
405,0.680583,2.60081,-0.337501
405,0.716907,2.61016,-0.303971
405,0.680023,2.57165,-0.429592
405,0.560762,2.64699,-0.230972
405,0.658266,2.63454,-0.248622
405,0.718795,2.65933,-0.16302
405,0.756406,2.51091,-0.60671
405,0.737049,2.61004,-0.311835
405,0.618666,2.61046,-0.344916
405,0.617465,2.56402,-0.486852
405,0.658273,2.65987,-0.193651
405,0.736989,2.55356,-0.504432
405,0.747393,2.67648,-0.139982
405,0.741201,2.57117,-0.467457
405,0.598382,2.58126,-0.48221
405,0.743328,2.60959,-0.366481
405,0.740736,2.63647,-0.315312
405,0.74055,2.61701,-0.379304
405,0.690929,2.63175,-0.348473
405,0.736309,2.66873,-0.229755
405,0.755269,2.63253,-0.34217
405,0.757997,2.55787,-0.57812
405,0.758184,2.56196,-0.566775
405,0.680673,2.55473,-0.613263
405,0.728774,2.65315,-0.359965
405,1.51327,2.7718,0.181586
405,0.756327,2.61338,-0.483476
405,0.743661,2.59159,-0.601743
405,0.759851,2.59208,-0.606691
405,0.744673,2.67169,-0.373146
405,0.75401,2.59706,-0.608578
405,0.873224,2.68018,-0.638369
405,1.5824,2.79678,-0.617201
405,1.61626,2.84132,-0.572748
405,0.508246,2.55669,-0.206981
401,0.508246,2.55669,-0.206981
405,-0.103259,0.0924536,0.236084
401,-0.103259,0.0924536,0.236084
405,0.0059376,1.87877,-0.584726
401,0.0059376,1.87877,-0.584726
405,-0.0286817,1.56722,-0.562622
401,-0.0286817,1.56722,-0.562622
405,-0.522226,1.41785,-0.622408
401,-0.522226,1.41785,-0.622408
405,-0.29404,2.2039,-0.649129
401,-0.29404,2.2039,-0.649129
405,-0.527561,1.43235,-0.636649
401,-0.527561,1.43235,-0.636649
405,0.354239,2.55092,-0.397774
401,0.354239,2.55092,-0.397774
405,0.52966,2.58704,-0.30602
401,0.52966,2.58704,-0.30602
405,-0.545406,1.42373,-0.622501
401,-0.545406,1.42373,-0.622501
405,-1.92464,3.25503,0.121887
401,-1.92464,3.25503,0.121887
405,-0.587349,1.40574,-0.634714
401,-0.587349,1.40574,-0.634714
405,0.161081,2.12767,-0.645518
401,0.161081,2.12767,-0.645518
405,-1.55262,2.47793,0.227828
401,-1.55262,2.47793,0.227828
405,-0.860494,2.58314,-1.38704
401,-0.860494,2.58314,-1.38704
405,0.322344,2.5543,-0.867708
401,0.322344,2.5543,-0.867708
405,0.084998,0.207261,0.265008
401,0.084998,0.207261,0.265008
405,0.539361,2.91571,-0.46547
401,0.539361,2.91571,-0.46547
405,0.0598714,0.201238,0.260395
401,0.0598714,0.201238,0.260395
405,0.44603,2.41151,-0.235741
401,0.44603,2.41151,-0.235741
405,-0.706422,1.91322,-0.904778
401,-0.706422,1.91322,-0.904778
405,0.543748,3.63664,-0.610302
401,0.543748,3.63664,-0.610302
405,0.651547,3.91641,-1.19544
401,0.651547,3.91641,-1.19544
405,0.532165,2.67057,-0.178077
401,0.532165,2.67057,-0.178077
405,1.80837,1.90588,-0.59726
401,1.80837,1.90588,-0.59726
405,-0.103852,1.67018,-0.609723
402,-0.103852,1.67018,-0.609723
405,-0.633927,1.46761,-0.652599
402,-0.633927,1.46761,-0.652599
405,-0.105594,1.69509,-0.622403
402,-0.105594,1.69509,-0.622403
405,-0.635606,1.47559,-0.65692
402,-0.635606,1.47559,-0.65692
405,0.784975,2.8033,-0.173127
402,0.784975,2.8033,-0.173127
405,0.397927,2.32765,-0.500925
402,0.397927,2.32765,-0.500925
405,0.371406,2.53056,-0.533652
402,0.371406,2.53056,-0.533652
405,0.617334,2.38034,-0.46311
402,0.617334,2.38034,-0.46311
405,0.876661,3.55932,-0.652
402,0.876661,3.55932,-0.652
405,0.531214,2.3095,-0.258085
402,0.531214,2.3095,-0.258085
405,-0.821553,1.72154,-0.727941
402,-0.821553,1.72154,-0.727941
405,0.687097,4.27783,-0.869947
402,0.687097,4.27783,-0.869947
405,-0.212798,1.55577,-0.66648
400,-0.212798,1.55577,-0.66648
405,0.370766,2.49951,-0.461305
400,0.370766,2.49951,-0.461305
405,0.652355,2.49681,-0.580121
400,0.652355,2.49681,-0.580121
405,0.348262,2.44351,-0.433221
400,0.348262,2.44351,-0.433221
405,0.650587,2.54868,-0.485709
403,0.650587,2.54868,-0.485709
405,0.373093,2.61635,-0.221979
403,0.373093,2.61635,-0.221979
405,0.32562,2.46898,-0.308382
403,0.32562,2.46898,-0.308382
405,0.745699,2.56224,-0.446596
403,0.745699,2.56224,-0.446596
405,-0.881622,2.26377,0.268242
403,-0.881622,2.26377,0.268242
405,0.621676,2.56617,-0.39071
397,0.621676,2.56617,-0.39071
405,0.742412,2.99015,-0.311993
397,0.742412,2.99015,-0.311993
405,0.69023,2.7983,0.134864
3,0.69023,2.7983,0.134864
405,-0.338953,2.07997,-0.636171
3,-0.338953,2.07997,-0.636171
405,0.686494,2.53183,-0.566357
3,0.686494,2.53183,-0.566357
405,-0.165926,2.48652,-0.131319
3,-0.165926,2.48652,-0.131319
405,-0.172163,2.44389,-0.0207408
3,-0.172163,2.44389,-0.0207408
405,0.672074,2.74088,0.14078
3,0.672074,2.74088,0.14078
405,-0.357038,2.26652,-0.728035
3,-0.357038,2.26652,-0.728035
405,0.368328,2.67363,-0.254307
3,0.368328,2.67363,-0.254307
405,0.360494,2.5756,-0.243151
399,0.360494,2.5756,-0.243151
405,-0.251541,1.55828,-0.643502
399,-0.251541,1.55828,-0.643502
405,-0.434608,2.04244,-0.62265
0,-0.434608,2.04244,-0.62265
405,0.367112,2.09428,-0.349378
0,0.367112,2.09428,-0.349378
405,-0.0272728,1.68611,-0.633767
0,-0.0272728,1.68611,-0.633767
405,0.464336,2.53885,-0.424354
398,0.464336,2.53885,-0.424354
405,0.748646,2.5496,-0.47944
398,0.748646,2.5496,-0.47944
405,0.751501,2.66589,-0.141222
396,0.751501,2.66589,-0.141222
405,0.667202,2.57389,-0.558606
396,0.667202,2.57389,-0.558606
405,0.769178,2.63609,-0.574444
396,0.769178,2.63609,-0.574444
405,0.645602,3.28627,-0.719883
396,0.645602,3.28627,-0.719883
405,0.620924,2.11255,-0.211257
396,0.620924,2.11255,-0.211257
406,0.0620714,-0.231525,0.449807
406,0.0939115,-0.213375,0.473412
406,0.0315862,0.00271773,0.25373
406,0.0309938,0.00297737,0.251538
406,0.117329,0.0182512,0.235793
406,0.250803,0.0317232,0.272167
406,-0.071087,0.0468178,0.226841
406,0.255501,0.0386803,0.268962
406,-0.0519643,0.0491837,0.226345
406,-0.00297501,0.0510032,0.241313
406,0.0136407,0.0543919,0.248397
406,0.174141,0.0380863,0.234894
406,0.262686,0.0485916,0.26064
406,0.263579,0.0506471,0.258925
406,-0.0787827,0.0751742,0.226757
406,-0.216963,0.108156,0.194166
406,-0.102375,0.117818,0.199439
406,0.259662,0.103143,0.235059
406,-0.0980794,0.11892,0.194234
406,0.307375,0.156964,0.288696
406,0.21112,0.163721,0.246922
406,0.329155,0.201471,0.265475
406,0.317033,0.215269,0.266753
406,0.312026,0.228411,0.266389
406,0.292617,0.25969,0.265005
406,0.297259,0.268212,0.260725
406,0.177907,0.331038,0.32097
406,-0.0713672,0.2893,0.0588855
406,0.210624,0.547177,0.188623
406,0.210675,0.590744,0.274251
406,0.27857,1.06721,0.212393
406,0.273596,1.0747,0.147108
406,0.274875,1.06028,0.0895237
406,0.292236,1.02901,-0.0128235
406,0.303636,1.05396,0.0626064
406,1.43381,1.49557,0.642801
406,1.40724,1.51404,0.661311
406,-0.381082,1.36057,-0.378433
406,-0.700383,1.37832,-0.484451
406,-0.395937,1.42412,-0.415182
406,-0.413852,1.47932,-0.450524
406,1.2295,1.38046,-0.397674
406,-0.410327,1.49528,-0.451346
406,1.40913,1.40929,-0.349864
406,0.0670596,1.5113,-0.389848
406,-0.676783,1.49844,-0.618359
406,-0.634999,1.50659,-0.658593
406,-0.699661,1.54378,-0.614739
406,-0.864139,1.58739,-0.52717
406,0.0667479,1.58912,-0.425888
406,-0.0178755,1.61095,-0.389828
406,-0.0320418,1.61913,-0.406182
406,1.49207,1.51266,-0.406199
406,-0.0172853,1.75378,-0.41401
406,-0.769262,1.76569,-0.691842
406,-0.672007,1.77986,-0.814843
406,-0.946235,1.86767,-0.638512
406,0.00308645,1.88466,-0.515207
406,0.098552,1.94032,-0.47534
406,-0.201333,2.21146,0.276625
406,-1.01912,2.04562,-0.70469
406,0.06522,2.01134,-0.565482
406,0.209635,2.09317,-0.630093
406,-1.02297,2.19363,-0.756764
406,0.112647,2.19972,-0.6408
406,-0.891844,2.04752,-1.36655
406,-0.455741,2.28861,-0.819661
406,0.684447,2.32911,-0.498442
406,-1.10663,2.38403,-0.817242
406,0.419906,2.53017,-0.130354
406,0.702312,2.45635,-0.308247
406,0.704372,2.42515,-0.417901
406,0.370264,2.52535,-0.20382
406,0.6914,2.46797,-0.305114
406,0.675406,2.50973,-0.191029
406,0.704481,2.51894,-0.198802
406,0.415338,2.48615,-0.389209
406,0.681079,2.54413,-0.156221
406,-0.466675,2.40189,-0.872251
406,0.697321,2.418,-0.555108
406,1.86445,2.23883,-0.82785
406,0.426792,2.56093,-0.185078
406,0.638066,2.42336,-0.561049
406,0.636159,2.49805,-0.335582
406,0.478666,2.47282,-0.58154
406,0.729954,2.49707,-0.454198
406,0.42075,2.61707,-0.167984
406,0.42358,2.52469,-0.454877
406,0.525443,2.60153,-0.217093
406,0.532049,2.49868,-0.59168
406,0.425208,2.62376,-0.238919
406,0.476393,2.55373,-0.455343
406,0.47952,2.58871,-0.351318
406,0.582756,2.59679,-0.303522
406,0.351668,2.65369,-0.195323
406,0.607032,2.51292,-0.570811
406,0.547644,2.57742,-0.406386
406,0.476266,2.63956,-0.248319
406,0.407981,2.62376,-0.32823
406,0.375562,2.64892,-0.259494
406,0.362751,2.59807,-0.42681
406,0.649909,2.65914,-0.174855
406,0.659343,2.53238,-0.572062
406,0.370539,2.55884,-0.573196
406,0.35693,2.62792,-0.379007
406,0.438309,2.6456,-0.306177
406,0.356463,2.60207,-0.481457
406,0.441635,2.59507,-0.497585
406,0.420594,2.61626,-0.439579
406,0.342371,2.62619,-0.430517
406,0.359876,2.62905,-0.44438
406,0.341861,2.68919,-0.268167
406,0.417891,2.63142,-0.431566
406,0.348657,2.69816,-0.259771
406,0.345042,2.66927,-0.392053
406,0.727799,2.58041,-0.588638
406,0.716943,2.69896,-0.239121
406,0.420226,2.72353,-0.250461
406,0.420459,2.74416,-0.203973
406,0.1505,2.63847,-0.798667
406,-0.418928,2.70113,-0.862759
406,0.209217,2.72498,-0.817607
406,0.240184,2.83215,-0.867341
406,-0.75661,2.67018,0.206575
401,-0.75661,2.67018,0.206575
406,-0.989352,3.3053,0.108668
401,-0.989352,3.3053,0.108668
406,0.157465,2.10199,-0.631532
401,0.157465,2.10199,-0.631532
406,1.56385,2.73342,-0.581008
401,1.56385,2.73342,-0.581008
406,0.468067,2.55051,-0.269174
401,0.468067,2.55051,-0.269174
406,1.54261,2.70692,-0.566751
401,1.54261,2.70692,-0.566751
406,0.44613,2.43536,-0.184422
401,0.44613,2.43536,-0.184422
406,-0.382528,1.9788,-0.636776
401,-0.382528,1.9788,-0.636776
406,0.525567,2.54342,-0.403947
402,0.525567,2.54342,-0.403947
406,-0.0246133,0.202915,0.352891
400,-0.0246133,0.202915,0.352891
406,0.241326,1.66653,-0.434929
400,0.241326,1.66653,-0.434929
406,0.135465,2.03084,-0.639456
400,0.135465,2.03084,-0.639456
406,1.83143,1.81228,-0.463479
400,1.83143,1.81228,-0.463479
406,0.707462,2.613,0.156449
404,0.707462,2.613,0.156449
406,0.0754764,0.0723666,0.253965
404,0.0754764,0.0723666,0.253965
406,-0.223177,2.34257,-0.326893
404,-0.223177,2.34257,-0.326893
406,0.147264,0.0226569,0.257353
404,0.147264,0.0226569,0.257353
406,-0.114639,2.27615,-0.392018
404,-0.114639,2.27615,-0.392018
406,1.34525,2.26218,0.673049
404,1.34525,2.26218,0.673049
406,0.759406,2.76864,0.419175
404,0.759406,2.76864,0.419175
406,1.25937,2.10284,0.673764
404,1.25937,2.10284,0.673764
406,-0.911829,2.37723,0.250733
403,-0.911829,2.37723,0.250733
406,0.6527,2.61436,-0.0896677
403,0.6527,2.61436,-0.0896677
406,0.231654,2.0477,-0.652843
397,0.231654,2.0477,-0.652843
406,0.277754,2.49459,-0.43715
0,0.277754,2.49459,-0.43715
406,-0.229421,1.90676,-0.622679
0,-0.229421,1.90676,-0.622679
406,-0.232952,1.90801,-0.624193
0,-0.232952,1.90801,-0.624193
407,0.097573,-0.263915,0.454497
407,0.120134,-0.200676,0.407131
407,-0.0427155,-0.0622276,0.369091
407,0.053765,-0.0575897,0.257857
407,0.171284,-0.0635301,0.261595
407,0.0737497,-0.0482348,0.258114
407,0.17422,-0.0564865,0.255303
407,0.0743678,-0.0457999,0.255265
407,0.18598,-0.0445624,0.259419
407,0.146099,-0.0346864,0.265226
407,0.0853588,-0.0266162,0.264388
407,0.084813,-0.0265876,0.263274
407,0.037184,-0.0259607,0.241886
407,0.0380072,-0.0160619,0.263413
407,0.0926429,-0.0201347,0.2559
407,-0.0349971,0.00688729,0.251924
407,0.119651,-0.00160325,0.249853
407,0.119092,-0.00153276,0.249805
407,0.317517,-0.0116358,0.260928
407,0.241299,0.00853088,0.287455
407,-0.0511175,0.0221506,0.263793
407,-0.0813243,0.0163998,0.230367
407,0.0820898,0.0180971,0.264467
407,0.271599,0.00587076,0.261012
407,0.258125,0.00029403,0.231207
407,0.203639,0.0144189,0.260585
407,0.0355505,0.0222606,0.235747
407,-0.0316347,0.0391918,0.249256
407,-0.0563622,0.0537307,0.216969
407,-0.00153387,0.0733643,0.22758
407,0.161054,0.0753529,0.246183
407,0.339175,0.0815968,0.297946
407,0.333619,0.069173,0.238416
407,0.104995,0.0986328,0.241084
407,0.261614,0.107528,0.235751
407,0.329952,0.158142,0.27508
407,0.347042,0.193411,0.25528
407,0.362502,0.195102,0.250269
407,0.313343,0.230989,0.264729
407,0.30207,0.281115,0.256946
407,0.154034,0.338325,0.214865
407,-0.142341,0.472678,-0.0453645
407,-0.143174,0.479156,-0.0504124
407,0.23731,0.568176,0.194938
407,0.227637,0.566873,0.187918
407,0.42361,0.830703,-0.312735
407,0.246606,1.00793,-0.0145267
407,0.294736,1.07443,0.130114
407,0.310655,1.08589,0.164409
407,0.312112,1.03207,-0.0173945
407,0.332483,1.06159,0.0436694
407,-0.773294,1.22464,-0.711681
407,1.57479,1.69442,0.529952
407,-1.00331,1.74606,-0.508729
407,-0.979218,1.76823,-0.470505
407,-1.02799,1.78247,-0.525063
407,-0.138571,2.03883,-0.0258343
407,-0.963091,1.89804,-0.653368
407,1.67958,1.75529,-0.526325
407,-0.921198,1.90719,-0.677925
407,-0.132982,2.00297,-0.455003
407,-1.09725,2.14357,-0.668344
407,-1.05239,2.16053,-0.690134
407,-0.408777,2.09846,-0.74028
407,-1.10871,2.19447,-0.683142
407,2.02223,2.04144,-0.581374
407,-1.12953,2.32102,-0.735661
407,0.700255,2.52691,-0.0998151
407,0.705576,2.48736,-0.25815
407,0.699639,2.49573,-0.260601
407,0.698287,2.53459,-0.149499
407,0.721928,2.56539,-0.115937
407,0.332993,2.58001,-0.167908
407,0.708505,2.44343,-0.491737
407,0.639368,2.60167,-0.0452254
407,0.33573,2.55234,-0.283071
407,0.524549,2.59175,-0.142328
407,0.772893,2.42999,-0.570623
407,0.646994,2.50921,-0.364276
407,0.696379,2.48683,-0.431526
407,0.336299,2.5792,-0.241028
407,0.448365,2.48709,-0.502987
407,0.343094,2.59199,-0.231902
407,0.651802,2.60345,-0.146407
407,0.339815,2.55826,-0.359432
407,0.712223,2.54186,-0.33218
407,0.367496,2.48299,-0.587478
407,0.342227,2.56876,-0.340305
407,0.720001,2.46792,-0.564677
407,0.700615,2.46928,-0.572604
407,0.704855,2.47709,-0.555489
407,0.412797,2.52588,-0.478012
407,0.437174,2.59316,-0.29266
407,0.442059,2.52638,-0.525566
407,0.414797,2.62864,-0.252539
407,0.522605,2.61843,-0.298185
407,0.592902,2.54908,-0.490285
407,0.36437,2.67476,-0.176785
407,0.61507,2.56193,-0.458246
407,0.752039,2.6586,-0.143081
407,0.68166,2.58431,-0.392754
407,0.605706,2.64716,-0.241087
407,0.788326,3.06495,0.184645
407,1.60974,2.83266,-0.624943
407,1.66347,2.93004,-0.65027
407,1.70024,2.99916,-0.672011
407,1.74174,3.10009,-0.719129
407,1.79656,3.18167,-0.703498
407,-0.202026,4.71896,-0.769436
407,0.589664,2.59196,-0.639213
401,0.589664,2.59196,-0.639213
407,-0.554412,2.79937,0.187908
401,-0.554412,2.79937,0.187908
407,-0.726826,2.50936,0.226939
401,-0.726826,2.50936,0.226939
407,0.531203,2.54434,-0.407985
401,0.531203,2.54434,-0.407985
407,0.544746,2.70773,-0.180491
401,0.544746,2.70773,-0.180491
407,0.271485,0.179718,0.245266
404,0.271485,0.179718,0.245266
407,-0.00211712,2.70079,-0.287199
404,-0.00211712,2.70079,-0.287199
407,-1.04201,3.71945,0.00581404
404,-1.04201,3.71945,0.00581404
407,0.200754,0.270262,0.247404
404,0.200754,0.270262,0.247404
407,0.186817,0.240897,0.261179
404,0.186817,0.240897,0.261179
407,0.345655,2.45438,-0.601093
404,0.345655,2.45438,-0.601093
407,-1.04201,3.71945,0.00581392
404,-1.04201,3.71945,0.00581392
407,-0.0163677,2.21721,-0.630381
404,-0.0163677,2.21721,-0.630381
407,-0.140923,2.56374,-0.191014
404,-0.140923,2.56374,-0.191014
407,0.138492,-0.0119161,0.254758
404,0.138492,-0.0119161,0.254758
407,-0.144745,2.83133,-0.266194
404,-0.144745,2.83133,-0.266194
407,1.69902,3.09239,0.903038
404,1.69902,3.09239,0.903038
407,-0.478547,1.79383,-0.609567
404,-0.478547,1.79383,-0.609567
407,1.32775,2.22727,0.676794
404,1.32775,2.22727,0.676794
407,1.69849,3.00869,-0.6886
404,1.69849,3.00869,-0.6886
407,1.36127,2.28433,0.683443
404,1.36127,2.28433,0.683443
407,0.740286,3.93331,-0.854833
404,0.740286,3.93331,-0.854833
407,1.90722,3.35033,-0.74328
404,1.90722,3.35033,-0.74328
407,0.0772437,0.235629,0.239687
402,0.0772437,0.235629,0.239687
407,0.222977,2.04649,-0.572059
400,0.222977,2.04649,-0.572059
407,0.612539,2.60368,-0.249039
400,0.612539,2.60368,-0.249039
407,0.708937,3.19069,-0.512234
400,0.708937,3.19069,-0.512234
407,-0.758847,1.70677,-0.667198
400,-0.758847,1.70677,-0.667198
407,-0.212492,2.42507,-0.215971
403,-0.212492,2.42507,-0.215971
407,-0.132936,2.32269,0.721139
403,-0.132936,2.32269,0.721139
407,1.67077,3.06175,-0.0417446
403,1.67077,3.06175,-0.0417446
407,1.69498,3.10726,-0.0511851
403,1.69498,3.10726,-0.0511851
407,-0.515877,2.38237,0.237596
403,-0.515877,2.38237,0.237596
407,0.491002,2.44236,-0.181735
403,0.491002,2.44236,-0.181735
407,-0.171723,2.43035,-0.02171
3,-0.171723,2.43035,-0.02171
407,-0.148785,2.16361,-0.487745
3,-0.148785,2.16361,-0.487745
407,-0.240857,1.95583,-0.646833
3,-0.240857,1.95583,-0.646833
407,0.702542,2.7182,0.363426
0,0.702542,2.7182,0.363426
407,0.371917,1.76559,-0.126585
0,0.371917,1.76559,-0.126585
407,0.672579,2.66817,-0.321579
0,0.672579,2.66817,-0.321579
407,-0.140313,2.60826,-0.320221
0,-0.140313,2.60826,-0.320221
408,0.00413566,-0.177377,0.367714
408,0.149463,-0.131414,0.353783
408,0.148128,-0.118052,0.359735
408,0.145295,-0.116362,0.360613
408,0.105028,-0.0915093,0.259833
408,0.106303,-0.0896811,0.25827
408,0.0677845,-0.0877047,0.254454
408,0.105586,-0.0894029,0.257252
408,0.000784848,-0.0714518,0.284001
408,0.0442943,-0.0775291,0.243338
408,0.0732644,-0.0741518,0.254965
408,0.0729987,-0.0739236,0.254391
408,0.0733621,-0.074129,0.25333
408,0.0745915,-0.0742695,0.253082
408,-0.0127878,-0.0690916,0.249111
408,0.0365775,-0.0664704,0.255446
408,0.0205703,-0.0672575,0.249463
408,-0.0145854,-0.0522805,0.284056
408,0.243678,-0.0732895,0.261016
408,0.0190797,-0.0622191,0.244947
408,0.0583104,-0.0616563,0.25397
408,-0.0175833,-0.0580472,0.246032
408,0.200243,-0.0668407,0.25841
408,0.0315341,-0.0528709,0.255929
408,0.26748,-0.0634498,0.264144
408,-0.0350286,-0.0348257,0.281747
408,0.0416703,-0.0497277,0.253551
408,0.0407009,-0.0496953,0.251907
408,0.00280729,-0.047435,0.249756
408,0.0425592,-0.0492738,0.252842
408,0.0421571,-0.0489601,0.253307
408,0.0417311,-0.0490533,0.251688
408,0.0424301,-0.048458,0.252026
408,0.03039,-0.0444927,0.24991
408,0.00190065,-0.0438167,0.245102
408,0.0634069,-0.0449373,0.253219
408,-0.000602189,-0.0409572,0.249268
408,0.091663,-0.0457202,0.254665
408,0.186646,-0.0366012,0.287433
408,0.0963339,-0.0402608,0.255889
408,0.0749851,-0.0391263,0.253879
408,0.095866,-0.0365426,0.259034
408,0.0955707,-0.0356899,0.258924
408,0.233154,-0.0474932,0.252847
408,0.235634,-0.0443828,0.25177
408,0.0375392,-0.0284954,0.250235
408,0.0375368,-0.0274451,0.25036
408,0.0367245,-0.0271747,0.249673
408,0.0375852,-0.0265269,0.249823
408,0.0225646,-0.0249363,0.251162
408,0.217044,-0.0369086,0.256245
408,0.186925,-0.0229585,0.285788
408,0.0408517,-0.0206075,0.255703
408,0.173738,-0.0276122,0.252169
408,0.0451967,-0.0144243,0.251887
408,0.00283471,-0.0103566,0.253143
408,0.044692,-0.0138099,0.251254
408,0.105085,-0.0114388,0.257067
408,0.00154593,-0.00412643,0.247405
408,0.14217,-0.0107814,0.255745
408,0.0563565,-0.0046159,0.253552
408,0.0571219,-0.00374928,0.25512
408,0.0587275,0.00134557,0.254096
408,-0.00974798,0.00835246,0.243701
408,0.319541,-0.00824735,0.259504
408,-0.0575038,0.00683418,0.222566
408,0.320078,-0.00783819,0.259552
408,0.0253203,0.0119644,0.252185
408,-0.0602909,0.014099,0.217363
408,0.0214548,0.0244359,0.257549
408,0.0122879,0.0246983,0.249331
408,0.0247361,0.0322636,0.255822
408,0.102518,0.0242134,0.248044
408,0.0857577,0.0455867,0.247765
408,0.145536,0.0543289,0.270934
408,0.105636,0.0506118,0.248448
408,-0.00440572,0.0546806,0.230961
408,0.0861876,0.0517896,0.236533
408,0.0144494,0.0678919,0.245822
408,-0.0441375,0.0680739,0.213391
408,0.0589375,0.0982717,0.253239
408,0.30165,0.0993123,0.251872
408,0.164158,0.127398,0.265201
408,0.312994,0.125587,0.266003
408,-0.00613862,0.130563,0.194964
408,-0.00558356,0.134154,0.198067
408,0.1901,0.153886,0.255316
408,0.328917,0.166891,0.266598
408,0.00709297,0.191715,0.236465
408,0.00675607,0.199546,0.232138
408,0.378392,0.183727,0.254376
408,0.233538,0.204666,0.252491
408,0.363186,0.196582,0.249135
408,-0.0246398,0.214653,0.206488
408,-0.0214859,0.22045,0.200912
408,-0.0237452,0.227045,0.200414
408,0.105245,0.238466,0.208996
408,-0.024261,0.243165,0.0214387
408,-0.378768,0.62162,-0.231766
408,-0.418324,0.702456,-0.284548
408,-0.186838,0.808598,-0.440913
408,0.320272,1.0514,0.033526
408,0.328928,1.05935,0.0579204
408,1.68752,1.81067,0.657402
408,-1.05302,1.75871,-0.500539
408,-1.00393,1.75827,-0.518841
408,-1.0303,1.75124,-0.548447
408,1.71968,1.96325,0.607466
408,1.85287,2.14215,0.61658
408,-0.193558,2.05951,-0.241719
408,-0.146564,2.17258,-0.0557106
408,-0.237875,2.35709,0.27027
408,1.28744,2.25818,0.231648
408,0.384347,2.34041,0.205075
408,0.525465,2.3659,0.300233
408,-0.21518,2.42951,0.265921
408,-1.07916,2.25503,-0.712453
408,0.562568,2.56056,0.301794
408,0.753278,2.67336,0.489054
408,-0.563387,2.67949,0.202881
408,0.564153,2.55331,0.0423249
408,0.329129,2.52383,-0.213255
408,0.706262,2.50417,-0.245089
408,0.333655,2.50287,-0.328277
408,0.709307,2.46706,-0.356239
408,0.345663,2.54435,-0.265208
408,0.354464,2.48549,-0.445565
408,0.402594,2.58508,-0.153349
408,0.350628,2.54615,-0.278808
408,0.695839,2.53181,-0.326524
408,0.710994,2.55336,-0.270239
408,0.727237,2.50039,-0.441603
408,0.714745,2.54383,-0.329468
408,0.35118,2.59624,-0.27705
408,0.714415,2.55395,-0.33935
408,0.7695,2.61987,-0.164247
408,0.382772,2.6528,-0.167394
408,0.736013,2.64223,-0.126752
408,1.87577,3.28033,0.765008
408,-0.164096,3.43727,-0.515313
408,1.81802,3.28921,-0.642391
408,-0.875527,3.74498,-2.9482
408,-0.276351,4.73378,-0.523242
408,-0.522325,2.49812,0.231826
401,-0.522325,2.49812,0.231826
408,-0.371824,2.1593,-0.631715
401,-0.371824,2.1593,-0.631715
408,-0.922968,2.98078,0.166181
401,-0.922968,2.98078,0.166181
408,0.434017,2.66145,-0.255694
401,0.434017,2.66145,-0.255694
408,0.402592,2.58008,-0.214982
400,0.402592,2.58008,-0.214982
408,0.078649,2.50963,0.123712
403,0.078649,2.50963,0.123712
408,0.0796479,2.51733,0.123246
403,0.0796479,2.51733,0.123246
408,-0.91864,2.40465,0.24763
403,-0.91864,2.40465,0.24763
408,1.94591,2.07612,-0.672242
403,1.94591,2.07612,-0.672242
408,1.91094,1.97551,-0.639887
403,1.91094,1.97551,-0.639887
408,-0.0759975,0.00824859,0.235494
404,-0.0759975,0.00824859,0.235494
408,-0.158691,2.14458,0.0625891
404,-0.158691,2.14458,0.0625891
408,-1.01022,1.82412,-0.495507
404,-1.01022,1.82412,-0.495507
408,-0.191077,2.26347,-0.338052
3,-0.191077,2.26347,-0.338052
408,0.699644,2.76401,0.377007
3,0.699644,2.76401,0.377007
408,0.715011,2.74724,0.409651
3,0.715011,2.74724,0.409651
408,-1.17897,2.63126,0.21986
3,-1.17897,2.63126,0.21986
409,-0.0072578,-0.164474,0.318536
409,0.217958,-0.173419,0.257256
409,0.178489,-0.166124,0.262974
409,0.177782,-0.165937,0.2614
409,0.17953,-0.164123,0.25958
409,0.00260579,-0.134529,0.289458
409,-0.00295729,-0.144396,0.252422
409,0.0543144,-0.133216,0.24919
409,-0.0469781,-0.108768,0.263234
409,-0.0390515,-0.0917035,0.250659
409,-0.0396042,-0.0915773,0.249193
409,-0.0789167,-0.0620303,0.257387
409,-0.0482951,-0.072457,0.234242
409,-0.00665017,-0.0666091,0.255646
409,0.162169,0.00193766,0.259793
409,0.204315,0.00315467,0.26302
409,-0.0168115,0.0403819,0.25155
409,0.149281,0.00405976,0.170343
409,-0.119894,0.0486954,0.221326
409,0.156273,0.0434674,0.2511
409,0.280507,0.0350474,0.225968
409,0.160811,0.0595642,0.243793
409,-0.0756039,0.0787145,0.244613
409,-0.0957549,0.078958,0.240465
409,-0.0956303,0.0799093,0.240457
409,-0.0569505,0.0746808,0.219724
409,-0.0921461,0.0870886,0.244014
409,-0.0946541,0.0968927,0.238993
409,-0.0921755,0.102051,0.238577
409,-0.0850041,0.108609,0.243066
409,-0.0879231,0.114068,0.241266
409,-0.0907928,0.11456,0.239836
409,-0.0876597,0.116062,0.239678
409,0.346064,0.174406,0.265684
409,0.353075,0.178588,0.259942
409,0.356204,0.184718,0.257188
409,0.341194,0.289694,0.244493
409,-0.0381461,0.323965,0.175809
409,-0.34479,0.368327,-0.00760704
409,-0.462789,0.501642,-0.0662682
409,0.448945,0.807726,-0.115656
409,0.26369,1.06556,0.0915482
409,0.291603,1.08973,0.145602
409,-0.633521,1.15889,-0.631379
409,-0.291454,1.28795,-0.448849
409,-0.629204,1.2114,-0.869773
409,-0.347267,2.29585,0.253813
409,-0.359618,2.38513,0.247928
409,-0.162751,2.54504,0.649459
409,-0.183151,2.53294,0.597325
409,-0.358919,2.43321,0.239717
409,-0.223825,2.52565,0.257202
409,-0.170451,2.44625,-0.118564
409,-0.1719,2.44615,-0.123054
409,-0.136711,2.49272,-0.284707
409,0.397396,2.51084,-0.13179
409,0.399884,2.48018,-0.217758
409,0.333518,2.51593,-0.204902
409,0.726263,2.7095,0.325189
409,0.721341,2.65486,0.149027
409,0.717067,2.74551,0.372564
409,0.523847,2.56603,-0.161737
409,0.334058,2.58738,-0.147297
409,1.62066,2.81429,0.686831
409,0.729347,2.69117,0.149494
409,1.63339,2.82609,0.68376
409,1.62454,2.82974,0.687883
409,0.576316,2.60567,-0.144119
409,-0.58807,2.8372,0.204552
409,0.520665,2.60802,-0.211571
409,0.728556,2.61239,-0.225966
409,0.656763,2.64722,-0.149444
409,0.738186,2.61737,-0.226762
409,0.729113,2.65597,-0.124232
409,0.655598,2.68676,-0.06022
409,0.785749,2.5902,-0.328235
409,0.702332,2.66647,-0.156202
409,0.743771,2.69036,-0.136154
409,0.0714288,2.55732,-0.671169
409,0.669503,2.70182,-0.172247
409,0.612734,2.83282,0.170395
409,0.752055,2.72036,-0.131616
409,0.656314,2.83137,0.0741677
409,0.741386,2.71657,-0.235275
409,1.56318,2.84389,0.179056
409,1.55055,2.86813,0.176602
409,-0.420862,2.84284,-1.35649
409,-1.60722,3.18806,-2.26814
409,-1.21544,4.05922,0.100777
409,-1.24626,4.18887,0.0895853
409,-1.7933,3.59842,-2.56163
409,-1.63261,3.61225,-2.88051
409,-0.00435688,3.90704,-2.11502
409,0.344106,4.25587,-1.21494
409,-1.51413,4.97199,0.0159521
409,3.06048,7.23781,-0.254315
409,0.687277,3.555,-0.501061
401,0.687277,3.555,-0.501061
409,0.350971,2.58519,-0.187011
401,0.350971,2.58519,-0.187011
409,0.709662,2.6367,-0.181574
401,0.709662,2.6367,-0.181574
409,-0.828468,2.53958,0.220862
401,-0.828468,2.53958,0.220862
409,-0.119424,2.5882,-0.129927
404,-0.119424,2.5882,-0.129927
409,-0.170609,2.77721,0.687917
404,-0.170609,2.77721,0.687917
409,-0.131796,1.98935,0.202385
404,-0.131796,1.98935,0.202385
409,0.715042,2.74194,0.168263
403,0.715042,2.74194,0.168263
409,-0.945687,2.4836,0.238178
403,-0.945687,2.4836,0.238178
409,0.345228,2.56077,-0.269541
402,0.345228,2.56077,-0.269541
409,-0.00848477,0.165478,0.295372
402,-0.00848477,0.165478,0.295372
409,0.283786,1.01988,0.0710746
405,0.283786,1.01988,0.0710746
409,-0.124926,2.0895,-0.0858703
3,-0.124926,2.0895,-0.0858703
409,0.439548,2.59296,-0.30808
3,0.439548,2.59296,-0.30808
409,-0.666043,2.29686,0.194265
3,-0.666043,2.29686,0.194265
409,0.461833,2.61049,-0.218364
0,0.461833,2.61049,-0.218364
409,0.735408,2.8192,0.365193
0,0.735408,2.8192,0.365193
409,0.839092,2.86202,0.439685
0,0.839092,2.86202,0.439685
409,0.751272,2.86637,0.0803732
0,0.751272,2.86637,0.0803732
410,0.134169,-0.224178,0.302156
410,0.0257401,-0.229813,0.254624
410,0.00973464,-0.207087,0.255669
410,-0.000706453,-0.189342,0.257697
410,-0.000721283,-0.188868,0.25768
410,-0.00137262,-0.188479,0.255755
410,-0.0109481,-0.155843,0.261117
410,-0.0233151,-0.142481,0.26127
410,-0.0313611,-0.127885,0.258247
410,0.0743768,-0.15296,0.196018
410,-0.0516523,-0.0847239,0.232479
410,-0.0434244,-0.0592288,0.252821
410,0.178056,-0.00779104,0.396567
410,0.190427,0.00331387,0.259857
410,-0.0433604,-0.0177315,0.157851
410,-0.0558529,0.0288826,0.110425
410,0.204425,0.063297,0.235667
410,-0.0901736,0.10127,0.241348
410,-0.0939697,0.101778,0.241075
410,-0.0848727,0.105647,0.238759
410,-0.0633895,0.106963,0.235785
410,-0.0460829,0.066074,0.0249823
410,0.260738,0.149184,0.264322
410,-0.144175,0.208547,0.0357479
410,-0.263361,0.207313,-0.0791228
410,-0.10232,0.312404,-0.0372374
410,0.320526,0.310274,-0.00485635
410,-0.24929,0.384709,-0.062546
410,0.109481,0.416378,0.0347124
410,-0.16665,0.482969,-0.153388
410,-0.410275,0.539201,-0.137708
410,-0.140243,0.514937,-0.176712
410,-0.217018,0.497391,-0.240877
410,-0.415534,0.556063,-0.153635
410,-0.0455168,0.570572,-0.0531037
410,-0.394692,0.566148,-0.146319
410,-0.290533,0.589347,-0.251725
410,-0.296189,0.594008,-0.254873
410,-0.0445243,0.728673,0.0728925
410,0.116334,0.810283,-0.0298719
410,0.267578,1.09043,0.128363
410,-0.404523,0.980092,-0.341131
410,-0.394127,1.04687,-0.398703
410,-0.0948394,1.12427,-0.221164
410,-0.479802,1.08483,-0.405262
410,-0.354269,1.23428,-0.233068
410,-0.434991,1.25043,-0.224725
410,-0.373319,1.63809,-0.380794
410,-0.0951863,1.8731,-0.243656
410,-0.0373816,2.27392,0.15373
410,-0.866069,2.11343,-0.666573
410,-0.225232,2.50779,0.258575
410,-0.208455,2.51961,0.286993
410,-0.230496,2.54463,0.276552
410,0.712062,2.71306,0.125793
410,0.439343,2.64723,-0.145074
410,0.709922,2.74952,0.127733
410,0.628683,2.77843,0.172423
410,0.684465,2.72002,-0.11614
410,1.58235,2.87202,0.153104
410,-0.536888,3.21736,-1.10927
410,-1.35214,3.16195,-1.51819
410,0.601718,3.79383,0.0466164
410,-0.8424,3.55997,-1.12398
410,-1.56112,4.2909,0.150041
410,-1.60011,3.76026,-1.85922
410,-1.96204,5.24468,0.12601
410,-2.17134,4.39203,-2.44392
410,-1.98925,4.60701,-2.58344
410,-1.98909,5.17815,-3.01348
410,-2.62099,6.05474,-3.50129
410,-3.24337,7.70265,-4.46322
410,-0.0413618,2.61861,0.118909
3,-0.0413618,2.61861,0.118909
410,-0.61902,3.09918,0.205056
3,-0.61902,3.09918,0.205056
410,-0.955937,2.50358,0.246515
405,-0.955937,2.50358,0.246515
410,-1.34594,3.67707,0.212076
0,-1.34594,3.67707,0.212076
410,-0.266652,0.0581599,0.161432
408,-0.266652,0.0581599,0.161432
410,-0.246565,0.0449886,0.220183
408,-0.246565,0.0449886,0.220183
410,1.43787,2.58277,0.0374391
407,1.43787,2.58277,0.0374391
410,-0.159517,2.44122,0.493933
407,-0.159517,2.44122,0.493933
410,0.153133,0.332255,0.416102
404,0.153133,0.332255,0.416102
410,0.677406,2.60502,0.43657
404,0.677406,2.60502,0.43657
411,0.0708841,-0.140425,0.326613
411,0.0451133,-0.11069,0.166466
411,-0.0443802,-0.0788164,0.188759
411,-0.0532324,-0.0697148,0.178932
411,-0.0525658,-0.067987,0.178461
411,-0.089994,-0.054639,0.189926
411,0.152053,0.00045678,0.301316
411,0.152672,0.00271964,0.300432
411,-0.0548985,-0.0110061,0.0619076
411,0.225458,0.0593554,0.248316
411,-0.056733,0.0982635,0.234552
411,-0.0986763,0.0650513,0.0804898
411,-0.0889702,0.128228,0.229066
411,0.232034,0.138724,0.234119
411,-0.172291,0.124237,0.0875562
411,-0.0867706,0.161537,0.104856
411,-0.0377093,0.128859,-0.120453
411,-0.041944,0.129296,-0.124314
411,0.235492,0.295902,0.262637
411,0.183671,0.337246,0.207276
411,-0.183289,0.322124,0.0314416
411,-0.186315,0.327599,0.0254089
411,-0.190482,0.344504,0.0174477
411,0.3575,0.438243,0.214003
411,0.042062,0.365809,-0.055699
411,-0.227944,0.424942,0.0138105
411,-0.3012,0.508308,0.00406957
411,-0.102525,0.464944,-0.11752
411,-0.0454903,0.547202,-0.0495786
411,-0.0458911,0.565441,-0.0570358
411,-0.424758,0.616709,-0.173364
411,-0.338441,1.01771,-0.106209
411,-0.339108,1.02085,-0.106286
411,-0.902677,1.11394,-0.710295
411,-0.203138,1.59246,-0.418428
411,-0.438546,1.61271,-1.02135
411,-0.444724,1.62663,-1.03816
411,-0.386019,2.01655,-0.757192
411,-0.452665,2.11602,-0.789273
411,-0.488835,2.29705,-0.671578
411,0.724301,2.73684,0.329632
411,0.645042,2.6471,-0.0196543
411,0.458309,2.84112,0.426433
411,-0.405695,2.38049,-1.0808
411,0.646787,2.83809,0.0909359
411,1.5529,2.8363,0.181182
411,1.55476,2.85884,0.176977
411,1.59666,2.89489,0.0172422
411,-0.59917,2.96622,-0.909782
411,-0.8783,3.53494,-1.235
411,-1.93216,3.42652,-1.80557
411,-2.44456,3.66857,-1.43586
411,-0.0513832,3.64112,-1.1011
411,-1.18158,4.73513,-1.95523
411,-1.98345,4.44711,-3.53957
411,-2.02831,4.53854,-3.60269
411,-1.47543,5.46973,-2.15421
411,-1.57199,5.84465,-2.35501
411,-0.84999,2.75563,0.207735
0,-0.84999,2.75563,0.207735
411,0.116279,0.65158,0.0568998
403,0.116279,0.65158,0.0568998
411,-0.904105,2.33902,0.252684
403,-0.904105,2.33902,0.252684
412,-0.0686627,-0.0973384,0.196154
412,-0.0752454,-0.0648685,0.211855
412,-0.0770145,-0.0643135,0.211609
412,-0.0881243,-0.0515611,0.207072
412,-0.0780377,-0.0609374,0.171572
412,-0.0919065,-0.0456124,0.210088
412,-0.101127,-0.0235635,0.19057
412,0.119577,0.0183438,0.29453
412,0.120754,0.0185447,0.293044
412,-0.131333,0.000668198,0.147504
412,0.118844,0.0132348,0.203551
412,0.123125,0.0191616,0.199887
412,-0.10319,0.0389862,0.169301
412,-0.160052,0.101265,0.170894
412,-0.0251805,0.033739,0.00470027
412,0.105121,0.140683,0.25781
412,0.0297114,0.21194,0.250034
412,0.113662,0.212721,0.247807
412,0.171508,0.248591,0.255976
412,-0.219261,0.219348,0.012959
412,0.19043,0.283311,0.262132
412,-0.301235,0.434797,-0.118335
412,-0.0324928,0.470736,0.0224918
412,-0.44944,0.677989,-0.0459897
412,-0.145524,0.810238,0.0135961
412,0.000181541,0.88484,0.0653675
412,-0.0118793,0.913562,0.00821504
412,-0.21823,1.01405,-0.154974
412,-0.0591398,1.2719,-0.0262791
412,-0.207499,1.44477,-0.177549
412,-0.486692,2.07378,-0.511286
412,0.406884,2.11136,-0.384146
412,-0.236835,2.42149,0.264037
412,-0.217737,2.4449,0.26436
412,-0.205208,2.46764,0.290732
412,-1.28841,2.37828,-0.69873
412,1.48166,2.25134,-1.09889
412,1.67471,3.02931,0.109061
412,1.69495,3.05393,0.107799
412,-1.66562,3.44134,-1.10817
412,-1.05097,5.41809,-1.46057
412,-3.40669,6.92883,-2.72464
412,-3.48967,7.48127,-2.69102
412,-0.917926,2.26775,0.246962
3,-0.917926,2.26775,0.246962
412,-0.965623,2.54716,0.243456
401,-0.965623,2.54716,0.243456
412,0.955931,2.69425,0.347204
403,0.955931,2.69425,0.347204
413,0.0755509,-0.0961956,0.256081
413,-0.111064,-0.0561001,0.228298
413,0.11011,0.0210442,0.294072
413,0.112643,0.0206944,0.292958
413,0.112592,0.0207238,0.292405
413,0.112704,0.0212474,0.292904
413,-0.147765,0.107183,0.192411
413,0.0948262,0.20385,0.242636
413,0.126702,0.133018,0.00559309
413,0.0964507,0.247309,0.236826
413,0.268132,0.249329,0.25978
413,0.175989,0.540657,0.122738
413,-0.522548,0.694214,0.0288491
413,0.04877,0.798943,0.0567914
413,0.627217,0.879059,-0.412764
413,0.626832,1.15696,0.187374
413,-0.308079,1.18776,-0.458877
413,1.0641,1.21649,-0.68748
413,0.0654402,1.77774,-0.166615
413,0.00213371,1.99796,-0.221591
413,-0.207354,2.50776,0.293654
413,-0.221881,2.50985,0.270431
413,-0.239791,2.546,0.278155
413,0.750696,2.80159,0.533741
413,0.636823,2.63936,0.0189843
413,0.729611,2.7484,0.254546
413,0.53962,2.57833,-0.539079
413,-0.926634,3.08179,0.207232
413,1.48154,3.24164,-0.00793955
413,0.845369,8.42014,-2.34759
413,3.62536,20.0395,-5.62334
413,-1.00328,2.16402,0.250518
3,-1.00328,2.16402,0.250518
413,0.65611,2.6802,0.712692
405,0.65611,2.6802,0.712692
413,0.000738208,0.231689,0.204951
405,0.000738208,0.231689,0.204951
413,0.688169,2.66609,0.432008
404,0.688169,2.66609,0.432008
414,-0.0339544,-0.216352,0.246758
414,0.0542189,-0.188898,0.195119
414,-0.0230931,-0.156127,0.17091
414,0.106029,-0.126673,0.259421
414,-0.0768749,-0.119928,0.214897
414,-0.113178,-0.0524604,0.224988
414,-0.0269456,-0.0765065,0.158831
414,0.17265,-0.0415653,0.241038
414,0.111641,0.0229635,0.296253
414,-0.118354,0.0327254,0.153383
414,0.158547,0.0352141,0.209297
414,0.165198,0.055456,0.255506
414,-0.0671913,0.0666581,0.0802794
414,-0.12907,0.119686,0.165774
414,-0.0870724,0.21762,0.220591
414,-0.154773,1.14948,-0.0775149
414,0.147244,2.06632,-0.379617
414,0.131859,2.07515,-0.388258
414,0.149084,2.08674,-0.3855
414,-0.220694,2.48167,0.261562
414,-0.231084,2.51415,0.290029
414,-0.83486,2.73085,0.212062
414,0.67768,2.79712,0.585585
414,0.689461,2.83429,0.582831
414,-0.933394,2.57942,-0.885874
414,0.215007,3.23193,-0.974591
414,1.7411,3.36964,-0.572464
414,0.148855,3.28817,-1.13198
414,-1.82213,3.57825,-0.876888
414,0.212319,3.41198,-1.04917
414,0.0202671,3.5112,-1.13705
414,0.00235832,3.7655,-1.23337
414,-2.07895,5.05845,-3.81252
414,0.62953,8.17668,-7.06555
414,-0.270606,2.36917,0.221036
3,-0.270606,2.36917,0.221036
414,-0.0928724,2.64481,0.504312
3,-0.0928724,2.64481,0.504312
414,-0.305318,2.48482,0.249624
401,-0.305318,2.48482,0.249624
414,-0.117586,0.439641,0.143954
405,-0.117586,0.439641,0.143954
415,0.0685457,-0.140358,0.194035
415,-0.0554541,-0.0971999,0.197189
415,-0.0726093,-0.0696617,0.189818
415,0.0800171,-0.0504633,0.201586
415,0.0803725,-0.049203,0.201791
415,0.0141035,0.0169368,0.276232
415,0.116944,0.0278965,0.289505
415,0.123769,0.0442843,0.287101
415,0.0604262,0.00102621,0.0546422
415,0.289066,0.0742316,0.0872483
415,0.136378,0.123547,0.178577
415,0.171619,0.0575265,-0.0301238
415,0.258572,0.156699,0.260771
415,0.275123,0.144208,0.0558501
415,-0.147834,0.145127,-0.0191711
415,-0.227593,0.206563,0.0901325
415,0.186685,0.269628,0.257919
415,-0.156725,0.486222,0.174167
415,-0.0469672,0.685569,-0.0729496
415,-0.170666,2.51142,0.640924
415,-0.169555,2.51819,0.640543
415,-0.178009,2.50569,0.326195
415,-0.222329,2.48655,0.26078
415,0.935618,1.93096,-1.14292
415,1.53773,2.815,0.177744
415,1.67125,2.35088,-1.17138
415,-1.20746,4.1696,0.169206
415,1.78887,6.14752,-2.08541
415,-0.091867,2.63461,0.502756
3,-0.091867,2.63461,0.502756
415,-0.511076,2.35921,0.237004
3,-0.511076,2.35921,0.237004
415,-0.0680231,2.84034,0.0822574
0,-0.0680231,2.84034,0.0822574
415,-0.527289,2.48418,0.223608
0,-0.527289,2.48418,0.223608
415,-0.952796,2.49673,0.246164
405,-0.952796,2.49673,0.246164
416,-0.0676517,-0.176572,0.251792
416,-0.0332703,-0.167954,0.180983
416,0.0727805,-0.126733,0.181324
416,-0.107518,-0.0922064,0.233714
416,-0.109144,-0.0904517,0.233148
416,-0.108552,-0.0898588,0.233218
416,-0.0985936,-0.0577468,0.188914
416,0.119096,-0.050398,0.249886
416,-0.0999627,-0.022366,0.180772
416,0.110199,0.0214756,0.29225
416,0.113548,0.0207678,0.284898
416,0.154552,0.0385555,0.25435
416,0.10914,0.065328,0.218526
416,0.177717,0.0746369,0.249295
416,0.178349,0.0911763,0.270758
416,-0.135546,0.111868,0.169804
416,0.213317,0.132994,0.240301
416,0.246352,0.16058,0.237415
416,0.260377,0.179938,0.25749
416,0.194852,0.268247,0.25749
416,-0.15795,0.355235,0.152012
416,0.250654,0.381731,0.147632
416,-0.410715,0.593767,-0.00829551
416,0.458095,0.832547,0.182648
416,-0.182688,1.34597,-0.111713
416,0.636691,1.8762,0.358339
416,-0.694346,2.198,0.23543
416,-0.163658,2.52748,0.603912
416,-0.224035,2.48583,0.257072
416,1.62248,2.9325,0.0962926
416,-0.700887,2.45423,0.229755
3,-0.700887,2.45423,0.229755
416,-0.963155,2.37999,0.252089
249,-0.963155,2.37999,0.252089
416,-0.137041,2.15252,0.483469
403,-0.137041,2.15252,0.483469
416,-0.913698,2.37466,0.248711
403,-0.913698,2.37466,0.248711
417,-0.0705796,-0.173776,0.257979
417,-0.0714918,-0.17337,0.255862
417,0.0752172,-0.174275,0.171614
417,-0.0827609,-0.112829,0.250988
417,-0.109199,-0.0899143,0.233986
417,0.222508,-0.0137979,0.210233
417,0.12659,-0.00931174,0.203606
417,0.160933,0.0423407,0.254691
417,-0.130308,0.0505667,0.190699
417,-0.10066,0.0434097,0.158881
417,0.146413,0.0439317,0.18667
417,0.0373966,0.0809446,0.228571
417,-0.102999,0.101984,0.235879
417,-0.0927326,0.0792179,0.146216
417,-0.0674672,0.0598088,0.0831382
417,-0.103484,0.121164,0.232443
417,-0.127565,0.115252,-0.0960729
417,0.112827,0.232685,0.250839
417,0.0761317,0.22218,0.0860425
417,0.217671,0.277951,0.259859
417,0.0783257,0.233321,0.080737
417,-0.202903,0.539566,0.283067
417,-0.388562,0.599217,0.000796199
417,-0.0565147,0.576685,-0.0206695
417,-0.142987,1.83767,-0.526343
417,-0.221512,2.45152,0.257092
417,0.289274,2.27179,-0.204129
417,0.72448,2.82596,0.431131
417,1.62208,2.93751,0.112098
417,1.63481,2.95469,0.106336
417,1.54905,3.30222,0.00624549
417,-1.86625,3.80518,-1.02823
417,1.72223,5.01804,-0.952412
417,-13.3313,27.7263,-9.44603
417,-0.527289,2.48418,0.223608
0,-0.527289,2.48418,0.223608
417,-0.306103,2.3381,0.232405
3,-0.306103,2.3381,0.232405
417,-0.873784,2.24031,0.254587
3,-0.873784,2.24031,0.254587
417,-0.170143,2.58663,0.601428
403,-0.170143,2.58663,0.601428
418,-0.106579,-0.0898671,0.237449
418,0.060415,-0.110868,0.138404
418,0.110021,-0.0517436,0.216401
418,-0.0822649,0.0582174,0.161596
418,-0.0660923,0.067609,0.0839775
418,0.182136,0.0590293,0.039629
418,0.137866,0.129828,0.134726
418,0.195046,0.192369,0.235912
418,0.145762,0.241558,0.257282
418,0.0733768,0.255094,0.250936
418,0.275405,0.386968,0.245266
418,-0.248757,0.399696,-0.0444888
418,-0.0547321,0.646054,-0.0424814
418,-0.0544696,0.66836,-0.0468783
418,-0.0976633,1.01989,0.0390211
418,-0.185885,1.40365,-0.122159
418,-0.390931,2.38777,0.2263
418,-0.750352,2.43343,0.232878
418,-0.762101,2.55211,0.230076
418,0.283894,2.72395,0.297148
418,-0.937353,3.10312,0.197003
418,1.61344,2.92383,0.110573
418,0.236614,3.12911,-0.687555
418,1.97677,3.8651,-0.703685
418,-0.724086,2.50978,0.23045
401,-0.724086,2.50978,0.23045
418,0.644719,2.95415,0.117537
0,0.644719,2.95415,0.117537
418,-0.0680231,2.84034,0.0822574
0,-0.0680231,2.84034,0.0822574
418,-0.527289,2.48418,0.223608
0,-0.527289,2.48418,0.223608
418,-0.14511,2.45413,0.447971
3,-0.14511,2.45413,0.447971
418,-0.93231,2.30636,0.244242
3,-0.93231,2.30636,0.244242
418,-1.06872,2.33466,0.239121
3,-1.06872,2.33466,0.239121
418,-0.897841,2.32068,0.241538
3,-0.897841,2.32068,0.241538
418,-0.938739,2.45944,0.239604
403,-0.938739,2.45944,0.239604
419,0.0301863,-0.210324,0.301677
419,0.0742999,-0.117044,0.184043
419,-0.106588,-0.0830253,0.236757
419,0.12846,-0.111368,0.197693
419,-0.107938,-0.0787437,0.235671
419,-0.0699764,-0.0678564,0.192038
419,-0.105027,-0.0178926,0.182907
419,0.129303,0.00228232,0.206629
419,0.105877,0.0159522,0.194638
419,-0.124099,0.0490028,0.195104
419,-0.0960058,0.111619,0.237533
419,0.167885,0.103884,0.25082
419,-0.0663024,0.0675642,0.0861608
419,-0.102166,0.133616,0.233688
419,0.129594,0.136073,0.216621
419,-0.0823156,0.314915,0.194797
419,0.635746,1.6853,-0.998873
419,-0.165771,2.50082,0.509181
419,-0.170774,2.51402,0.509935
419,1.52077,2.77777,0.169912
419,1.53338,2.80142,0.166233
419,1.62043,2.93904,0.107091
419,1.63842,2.96638,0.10064
419,0.636489,4.85009,-1.40687
419,-0.785917,2.58004,0.204567
3,-0.785917,2.58004,0.204567
419,-0.275905,2.46465,0.212966
3,-0.275905,2.46465,0.212966
419,-0.900824,2.33338,0.240895
3,-0.900824,2.33338,0.240895
419,-0.527289,2.48418,0.223608
0,-0.527289,2.48418,0.223608
419,-0.527289,2.48418,0.223608
0,-0.527289,2.48418,0.223608
419,-0.940732,2.46969,0.238787
403,-0.940732,2.46969,0.238787
420,0.0717702,-0.15257,0.261631
420,0.0851805,-0.108441,0.226405
420,0.0735556,-0.0652149,0.138973
420,0.163347,0.0522737,0.209309
420,0.0423272,0.105421,0.227115
420,0.118842,0.207055,0.238364
420,0.259315,0.238368,0.251165
420,0.109691,0.188471,-0.118188
420,-0.0531147,0.657817,-0.0448067
420,-0.0527642,0.68682,-0.0516215
420,-0.368555,2.19779,0.111962
420,-0.374282,2.24635,0.111272
420,-0.256739,2.12177,-0.268798
420,0.731887,2.8257,0.314476
420,1.60318,2.88054,0.0899615
420,1.42844,2.72542,-0.424725
420,1.59675,2.79277,-1.19102
420,-0.729705,2.58882,0.219455
401,-0.729705,2.58882,0.219455
420,-0.94621,2.49381,0.236438
403,-0.94621,2.49381,0.236438
421,0.044756,-0.138384,0.149947
421,-0.104799,-0.0765306,0.236082
421,0.0639381,-0.100729,0.137124
421,0.0811732,-0.0561422,0.264977
421,0.0841203,-0.0417321,0.203492
421,0.0841333,-0.0414969,0.203255
421,-0.101545,-0.0138924,0.183369
421,0.118162,0.0322823,0.286626
421,0.119259,0.0325745,0.287411
421,-0.0647803,-0.00337225,0.131282
421,0.114726,0.0161725,0.181001
421,0.135353,0.0669739,0.287333
421,0.181716,0.0853686,0.252331
421,0.197434,0.0877279,0.251795
421,-0.130728,0.122051,0.174107
421,0.217427,0.143918,0.243255
421,0.136029,0.174078,0.266139
421,0.120655,0.207501,0.238771
421,0.227097,0.276744,0.262556
421,-0.174553,0.501876,0.288376
421,-0.0511987,0.650585,-0.0400784
421,-0.0224946,0.934772,0.0394597
421,0.163532,1.02237,0.110627
421,-0.91065,1.92427,0.246719
421,-0.156649,2.5149,0.643496
421,-0.149959,2.52525,0.583322
421,-0.165284,2.5366,0.587578
421,0.290958,2.60772,0.722477
421,-0.217332,2.49569,0.258236
421,-1.08542,2.31152,-0.557396
421,0.682211,2.77652,0.700602
421,-0.615029,3.10035,0.214344
421,-1.6122,5.95432,0.127574
421,-0.527289,2.48418,0.223608
0,-0.527289,2.48418,0.223608
421,0.709872,2.72973,0.14043
3,0.709872,2.72973,0.14043
421,-0.920883,2.41367,0.245946
403,-0.920883,2.41367,0.245946
421,-0.927926,2.44613,0.242925
403,-0.927926,2.44613,0.242925
