1403638147795097088.000000 -2.645853758 2.268222332 7.661888599 -0.583722770 -0.601998389 -0.375390768 0.394901991
1403638148095097088.000000 -2.646287918 2.296684265 7.696840286 -0.575223804 -0.584700406 -0.395875692 0.412947416
1403638149845096960.000000 -2.766432047 2.602832556 8.100222588 -0.548541844 -0.608590901 -0.383047134 0.426607430
1403638152495097088.000000 -4.126259327 3.301929951 8.209700584 -0.394726515 -0.726104021 -0.288268417 0.483596087
1403638152945096960.000000 -4.535600662 3.403529167 8.220915794 -0.382378876 -0.728334606 -0.266912013 0.502068818
1403638153395097088.000000 -4.974249363 3.514080286 8.308010101 -0.345422566 -0.755366623 -0.234285608 0.505187929
1403638153645096960.000000 -5.233002663 3.582651615 8.350445747 -0.304864913 -0.775290728 -0.224589720 0.505510926
1403638153845096960.000000 -5.460671425 3.634910822 8.391304016 -0.277217239 -0.782401979 -0.204181507 0.518948734
1403638155345096960.000000 -7.142449379 3.633925200 8.474480629 -0.194886982 -0.786264181 -0.166552410 0.562199354
1403638155545096960.000000 -7.347094536 3.553313971 8.485673904 -0.173818931 -0.787034988 -0.154852286 0.571299911
1403638155745096960.000000 -7.539504528 3.447882891 8.474989891 -0.150985807 -0.786455989 -0.123663768 0.586001277
1403638156345096960.000000 -8.006641388 3.065376997 8.462032318 -0.046710227 -0.826043010 -0.021893475 0.561241269
1403638156545096960.000000 -8.154455185 2.948058367 8.471660614 -0.031204015 -0.830698311 -0.006013583 0.555815160
1403638156745096960.000000 -8.313505173 2.843487501 8.457481384 -0.026438819 -0.831279874 -0.002579206 0.555218995
1403638157145096960.000000 -8.673782349 2.668492317 8.417627335 -0.033153746 -0.835348189 -0.007474956 0.548669755
1403638158145096960.000000 -9.788880348 2.288976669 8.508025169 0.065270923 -0.819547772 0.051469184 0.566949785
1403638158595097088.000000 -10.285703659 2.117799282 8.510988235 0.086403780 -0.815926492 0.053168859 0.569184959
1403638158795097088.000000 -10.497120857 2.039489508 8.496318817 0.080310814 -0.817290843 0.057529200 0.567693830
1403638159195097088.000000 -10.915750504 1.885666609 8.528801918 0.069825672 -0.840289950 0.060798869 0.534172893
1403638159645096960.000000 -11.450393677 1.746388316 8.580219269 0.046453767 -0.797419250 0.088983156 0.595018208
1403638159845096960.000000 -11.665248871 1.728538990 8.636301994 0.045087129 -0.791264772 0.092429698 0.602763534
1403638160245096960.000000 -11.988584518 1.783811808 8.847629547 0.071249470 -0.809931576 0.061545961 0.578918457
1403638160445096960.000000 -12.123889923 1.822775960 8.995004654 0.074678496 -0.823954046 0.059050407 0.558601856
1403638160845096960.000000 -12.418162346 1.895545363 9.253044128 0.063846648 -0.817660928 0.066429690 0.568279266
1403638161245096960.000000 -12.695385933 2.013807535 9.452825546 0.001213487 -0.809050322 0.027634593 0.587088108
1403638162245096960.000000 -13.252560616 2.486126661 9.742318153 -0.102194361 -0.817797363 -0.036439586 0.565186799
1403638162495097088.000000 -13.390645981 2.650059223 9.803372383 -0.109276511 -0.815750480 -0.033902049 0.566974878
1403638163395097088.000000 -13.822157860 3.437590599 10.055685043 -0.146162853 -0.801249385 -0.080385827 0.574607730
1403638166145096960.000000 -13.447074890 6.414112568 10.357272148 -0.214177698 -0.788811028 -0.146054134 0.557291031
1403638166545096960.000000 -13.183039665 6.781055927 10.498538017 -0.204128712 -0.794823587 -0.146749422 0.552314818
1403638166945096960.000000 -12.947765350 7.110475540 10.611238480 -0.223179027 -0.804612160 -0.111515306 0.538845837
1403638167345096960.000000 -12.778816223 7.500243187 10.696107864 -0.213717565 -0.813401282 -0.124500826 0.526500404
1403638167545096960.000000 -12.741256714 7.722059250 10.760639191 -0.214705467 -0.806922853 -0.125827804 0.535671890
1403638169145096960.000000 -12.498000145 9.982307434 10.982134819 -0.314471096 -0.767760634 -0.218365774 0.513778150
1403638169345096960.000000 -12.521679878 10.279631615 10.948622704 -0.328321308 -0.750097334 -0.201087654 0.537701428
1403638169545096960.000000 -12.532377243 10.583029747 10.905953407 -0.354684919 -0.725030661 -0.203908235 0.554031372
1403638169945096960.000000 -12.440284729 11.179718971 10.897351265 -0.395919859 -0.703501344 -0.289132535 0.514524877
1403638170545096960.000000 -12.218700409 11.874191284 10.918154716 -0.511974692 -0.619096756 -0.345049530 0.485326767
1403638170945096960.000000 -11.971314430 12.212286949 10.953425407 -0.567396760 -0.563715756 -0.384590983 0.460842043
1403638171845096960.000000 -11.053632736 12.521628380 10.917727470 -0.621277273 -0.485541940 -0.426852345 0.442787319
1403638172045096960.000000 -10.770059586 12.477491379 10.920813560 -0.623975635 -0.474140197 -0.440045953 0.438411862
1403638172245096960.000000 -10.459320068 12.381309509 10.930197716 -0.625768661 -0.473980278 -0.445760846 0.430178493
1403638172645096960.000000 -9.792517662 12.069006920 10.834033966 -0.622033477 -0.471363902 -0.446645319 0.437491149
1403638172845096960.000000 -9.433485985 11.849575043 10.740246773 -0.621114671 -0.472638905 -0.441393614 0.442719728
1403638174295097088.000000 -6.398750305 9.474655151 9.549183846 -0.624221683 -0.520323634 -0.431429863 0.391763717
1403638174495097088.000000 -6.001156330 9.112083435 9.365546227 -0.628115356 -0.525915563 -0.424213678 0.385910243
1403638174945096960.000000 -5.138510704 8.373357773 9.029870987 -0.633541346 -0.541304052 -0.414915830 0.365321964
1403638175245096960.000000 -4.603574753 7.970036983 8.880723953 -0.633225739 -0.540795028 -0.419719696 0.361111253
1403638176795097088.000000 -2.562310457 7.503454208 8.631860733 -0.615326524 -0.546345115 -0.444028586 0.354568660
1403638177145096960.000000 -2.341830492 7.590309143 8.668629646 -0.617191315 -0.547396064 -0.442195535 0.351988167
1403638177495097088.000000 -2.200095892 7.702652931 8.629566193 -0.618962049 -0.546233177 -0.441443443 0.351629138
1403638178095097088.000000 -2.043400049 7.931587696 8.487581253 -0.631319344 -0.504057467 -0.442680925 0.389095992
1403638179645096960.000000 -1.193343282 7.911570549 8.270775795 -0.762236118 -0.311099797 -0.516825616 0.234742910
1403638180045096960.000000 -0.885357797 7.888247490 8.200799942 -0.791361153 -0.243161216 -0.529177129 0.185988605
1403638180395097088.000000 -0.593282580 7.866451263 8.171377182 -0.800823689 -0.224961370 -0.527939975 0.171328157
1403638180795097088.000000 -0.214801833 7.853758812 8.106173515 -0.803445756 -0.237832204 -0.521500826 0.161083058
1403638181745096960.000000 0.890196681 7.887773037 7.964157581 -0.794455290 -0.151504949 -0.566565216 0.157768548
1403638182195097088.000000 1.402048826 7.750161171 7.977269650 -0.822784185 -0.101621702 -0.551863253 0.090256199
1403638182395097088.000000 1.630368352 7.681207657 7.993308067 -0.830826342 -0.087894171 -0.541456223 0.093955070
1403638182595097088.000000 1.875207305 7.604562759 8.023603439 -0.833181143 -0.101162806 -0.538264155 0.076465368
1403638183695097088.000000 3.420902729 7.316946507 8.141275406 -0.826145053 -0.125002339 -0.544838309 0.070780732
1403638183945096960.000000 3.796410799 7.311245441 8.161149025 -0.811030924 -0.124125384 -0.567151606 0.071838245
1403638184195097088.000000 4.150679588 7.326997757 8.212261200 -0.821543157 -0.122358754 -0.552311540 0.071043827
1403638184895097088.000000 5.124584675 7.484679222 8.277013779 -0.816172838 -0.118835628 -0.561092317 0.070109822
1403638185145096960.000000 5.453855515 7.575201035 8.305530548 -0.815914035 -0.119114488 -0.561481476 0.069531225
1403638185345096960.000000 5.709526062 7.659247875 8.332181931 -0.814520895 -0.125027314 -0.563083589 0.062135141
1403638186095097088.000000 6.542006016 8.125650406 8.428536415 -0.809641480 -0.156033874 -0.551503658 0.126404285
1403638186345096960.000000 6.798618317 8.276572227 8.442001343 -0.808690250 -0.166836858 -0.552476525 0.113821559
1403638186595097088.000000 7.049510956 8.426253319 8.484921455 -0.807806015 -0.168696254 -0.554369807 0.108005673
1403638189395097088.000000 7.864615440 10.138053894 8.910075188 -0.721986830 -0.359150857 -0.528603554 0.265186846
1403638189995097088.000000 7.448207378 10.137634277 9.037225723 -0.738362849 -0.399544239 -0.473470122 0.266478390
1403638190445096960.000000 7.223261356 10.220939636 9.046944618 -0.694370508 -0.410563767 -0.527552307 0.266412675
1403638190895097088.000000 6.896289825 10.308400154 8.994088173 -0.693554342 -0.419431955 -0.507633328 0.292177439
1403638193495097088.000000 4.467082024 10.609264374 9.566121101 -0.666794300 -0.427323937 -0.511764169 0.332982212
1403638196295097088.000000 1.984461665 9.232482910 9.766339302 -0.697005570 -0.446179211 -0.470060945 0.306838989
1403638196895097088.000000 1.749008298 9.332339287 9.767224312 -0.707251012 -0.447332770 -0.457582712 0.300511897
1403638197545096960.000000 1.598825574 9.572285652 9.826517105 -0.681918323 -0.445944130 -0.494200587 0.303128928
1403638198345096960.000000 1.292878866 9.833480835 9.890107155 -0.679474473 -0.436626434 -0.495565832 0.319509655
1403638198795097088.000000 1.047882080 9.902730942 9.708446503 -0.655735433 -0.465437025 -0.525194168 0.278478920
1403638199795097088.000000 -0.319547057 10.039517403 9.820634842 -0.658514619 -0.472404271 -0.504315317 0.298091829
1403638199995097088.000000 -0.711365759 10.065628052 9.885722160 -0.661956429 -0.474323750 -0.486914814 0.315823674
1403638200195097088.000000 -1.111294150 10.090792656 9.935005188 -0.644391894 -0.492984116 -0.486478060 0.324137211
1403638200395097088.000000 -1.526853919 10.112686157 9.999149323 -0.616660833 -0.511675596 -0.487113535 0.347329825
1403638200595097088.000000 -1.963007689 10.123475075 10.087347984 -0.596292138 -0.537859440 -0.483313501 0.348641783
1403638200795097088.000000 -2.428745508 10.124101639 10.194942474 -0.578234017 -0.563075602 -0.476179868 0.349061728
1403638201195097088.000000 -3.443956852 10.104448318 10.348686218 -0.587987959 -0.558796406 -0.446385980 0.377831012
1403638201395097088.000000 -3.962897539 10.087713242 10.380261421 -0.590399861 -0.556580961 -0.446599662 0.377086669
1403638201595097088.000000 -4.482054710 10.066585541 10.383115768 -0.590250909 -0.553052068 -0.451675087 0.376466513
1403638201795097088.000000 -5.002131462 10.037986755 10.354411125 -0.591227114 -0.549980044 -0.454010755 0.376625329
1403638201995097088.000000 -5.525305271 9.997530937 10.304347038 -0.589780331 -0.552484155 -0.449743241 0.380330741
1403638202195097088.000000 -6.050667763 9.937070847 10.266752243 -0.591411412 -0.558141589 -0.430269897 0.391890883
1403638202595097088.000000 -7.059197903 9.806215286 10.228930473 -0.595325589 -0.565203011 -0.410487056 0.397030652
1403638202995097088.000000 -7.983871937 9.707691193 10.120160103 -0.594909430 -0.563389003 -0.412899733 0.397730231
1403638203395097088.000000 -8.827506065 9.611704826 10.065561295 -0.588732898 -0.558317125 -0.422069639 0.404391766
1403638203595097088.000000 -9.222787857 9.556013107 10.036228180 -0.591346085 -0.556224585 -0.418381274 0.407285064
1403638203795097088.000000 -9.597187042 9.493375778 10.017621994 -0.591222167 -0.557548583 -0.418415338 0.405616373
1403638203995097088.000000 -9.949717522 9.423308372 10.024922371 -0.590307534 -0.558389664 -0.417632490 0.406596929
1403638204395097088.000000 -10.593009949 9.269469261 10.113912582 -0.611584127 -0.556257367 -0.384592980 0.410646945
1403638204645096960.000000 -10.926081657 9.192946434 10.171734810 -0.613150954 -0.554181814 -0.380104870 0.415269643
1403638204895097088.000000 -11.204962730 9.134751320 10.189465523 -0.576531529 -0.586981058 -0.388466090 0.414920211
1403638205145096960.000000 -11.469338417 9.086658478 10.170874596 -0.513840973 -0.640214860 -0.365649223 0.438626379
1403638205395097088.000000 -11.742155075 9.037757874 10.174838066 -0.428396881 -0.694280744 -0.315257907 0.484832764
1403638205645096960.000000 -12.010746956 8.975669861 10.227260590 -0.348225951 -0.727917850 -0.300490797 0.508507252
1403638205895097088.000000 -12.290732384 8.863269806 10.316141129 -0.303759068 -0.743777573 -0.287139565 0.521609247
1403638206145096960.000000 -12.595213890 8.681816101 10.435138702 -0.264100045 -0.761176109 -0.244564623 0.539490640
1403638206395097088.000000 -12.901707649 8.447337151 10.552303314 -0.232661262 -0.768813372 -0.202994600 0.559989333
1403638207145096960.000000 -13.639782906 7.593087673 10.656065941 -0.200797781 -0.767109454 -0.159519657 0.588028073
1403638207395097088.000000 -13.799367905 7.274351120 10.604498863 -0.182473898 -0.766841233 -0.146337569 0.597698271
1403638207645096960.000000 -13.900348663 6.932707787 10.556218147 -0.147153124 -0.780094385 -0.113395289 0.597444713
1403638207895097088.000000 -13.943200111 6.590359211 10.552602768 -0.135571763 -0.798606396 -0.086456686 0.579977095
1403638208145096960.000000 -13.959300041 6.271348476 10.579790115 -0.134188250 -0.799622357 -0.081899814 0.579560101
1403638208395097088.000000 -13.952344894 5.973082542 10.570651054 -0.135622099 -0.798011839 -0.086064950 0.580841362
1403638208645096960.000000 -13.924826622 5.687597275 10.548402786 -0.121365651 -0.804828584 -0.075438976 0.576047242
1403638208895097088.000000 -13.882755280 5.421368122 10.562536240 -0.101851143 -0.805891573 -0.059979603 0.580144525
1403638209245096960.000000 -13.795349121 5.082796574 10.538545609 -0.090964496 -0.806471825 -0.052238923 0.581893265
1403638209595097088.000000 -13.684284210 4.781462193 10.430088043 -0.092621818 -0.803315103 -0.048062395 0.586341202
1403638209895097088.000000 -13.572491646 4.554316998 10.194267273 -0.090812676 -0.803050637 -0.054930452 0.586383283
1403638210145096960.000000 -13.460654259 4.378602982 9.947557449 -0.089066952 -0.792137861 -0.058408052 0.600976944
1403638210495097088.000000 -13.227826118 4.139322281 9.641860962 -0.090269908 -0.789866269 -0.057601202 0.603858292
1403638210745096960.000000 -13.009319305 3.974629641 9.405323982 -0.092238374 -0.787710011 -0.056919966 0.606436372
1403638210995097088.000000 -12.742256165 3.815927744 9.192022324 -0.095101789 -0.794250488 -0.052760888 0.597777545
1403638211245096960.000000 -12.444731712 3.670772314 9.028452873 -0.097103007 -0.800822556 -0.048488270 0.588984907
1403638211495097088.000000 -12.137569427 3.549591064 8.893689156 -0.113388531 -0.800295591 -0.059081316 0.585815251
1403638211745096960.000000 -11.811316490 3.449707985 8.729364395 -0.160881504 -0.791944742 -0.081763543 0.583314300
1403638211995097088.000000 -11.468381882 3.378980398 8.563655853 -0.224684164 -0.778669178 -0.113016844 0.574820518
1403638212245096960.000000 -11.107579231 3.344024181 8.445599556 -0.274756134 -0.762973130 -0.156962171 0.563687861
1403638212495097088.000000 -10.726112366 3.328511715 8.381645203 -0.322707057 -0.743706942 -0.198052928 0.550940275
1403638212745096960.000000 -10.324460030 3.321976662 8.363843918 -0.373659015 -0.722979903 -0.232609943 0.532514453
1403638212995097088.000000 -9.904568672 3.321125746 8.385435104 -0.428160697 -0.694118440 -0.268835932 0.512450337
1403638213245096960.000000 -9.470483780 3.329514742 8.424820900 -0.491653055 -0.660120666 -0.294815332 0.485388547
1403638213495097088.000000 -9.020029068 3.359661579 8.429073334 -0.561347663 -0.620062232 -0.302443415 0.457099229
1403638213695097088.000000 -8.634800911 3.415284634 8.419545174 -0.574189723 -0.593831778 -0.346198201 0.444765985
1403638213945096960.000000 -8.140560150 3.502060175 8.434396744 -0.567956269 -0.586558521 -0.382274091 0.432713926
1403638214195097088.000000 -7.654476643 3.586407185 8.478470802 -0.573947370 -0.598919451 -0.370766997 0.417626351
1403638216245096960.000000 -4.348509789 4.410336494 8.223366737 -0.550504804 -0.597553492 -0.392070860 0.431456536
1403638219095097088.000000 -2.718184233 4.103713989 8.126088142 -0.618370533 -0.538866401 -0.415188342 0.393521965
1403638220995097088.000000 -2.718458414 3.197749376 8.101757050 -0.616813958 -0.538631976 -0.434047043 0.375525415
1403638221395097088.000000 -2.729631424 2.995990276 8.069925308 -0.623817563 -0.538022399 -0.427160025 0.372717053
1403638221895097088.000000 -2.744852781 2.777822495 8.040185928 -0.623071969 -0.531252563 -0.428944349 0.381521761
1403638222395097088.000000 -2.749104500 2.583617449 8.064631462 -0.627782166 -0.542225897 -0.422380686 0.365342528
1403638222745096960.000000 -2.756365299 2.493256330 8.030384064 -0.622262776 -0.536297619 -0.430109710 0.374405622
1403638223045096960.000000 -2.766665459 2.431269646 7.984067917 -0.614321649 -0.529344916 -0.440292180 0.385416269
1403638223345096960.000000 -2.783841610 2.351090908 7.965973854 -0.631700516 -0.537994742 -0.416411459 0.371641845
1403638223645096960.000000 -2.784153461 2.288467407 7.943448067 -0.630046070 -0.527285159 -0.419200093 0.386372298
1403638223945096960.000000 -2.760543823 2.233726501 7.907299519 -0.618673801 -0.539852619 -0.435793281 0.368627280
1403638224245096960.000000 -2.753168583 2.189985991 7.857526302 -0.627372563 -0.547126710 -0.422706544 0.358294964
1403638224545096960.000000 -2.762799740 2.178677559 7.820636272 -0.619066238 -0.530835986 -0.435221225 0.381513506
1403638224845096960.000000 -2.778002739 2.168574095 7.785677433 -0.629252195 -0.542303503 -0.420346826 0.365044117
1403638225095097088.000000 -2.791448832 2.177474499 7.786527157 -0.624036610 -0.526758432 -0.426070243 0.389317393
1403638225345096960.000000 -2.791929245 2.183734655 7.796679020 -0.624652922 -0.541018188 -0.423452049 0.371209532
1403638225595097088.000000 -2.793013573 2.198642969 7.790810108 -0.608200431 -0.529253602 -0.446659744 0.387914836
1403638225895097088.000000 -2.804709911 2.190847635 7.713424683 -0.618043482 -0.540240526 -0.432569742 0.372888535
1403638226145096960.000000 -2.827952862 2.195239067 7.678984165 -0.637552261 -0.539748669 -0.398888946 0.378267258
1403638226395097088.000000 -2.839497089 2.206544399 7.676248074 -0.625457227 -0.551882803 -0.416226417 0.361917436
1403638226895097088.000000 -2.829122543 2.217790604 7.707307339 -0.626688659 -0.550852954 -0.415924788 0.361702859
1403638227395097088.000000 -2.820282698 2.228487253 7.731199265 -0.627223969 -0.551006675 -0.415019453 0.361580640
1403638227895097088.000000 -2.812784433 2.244387388 7.748882294 -0.627706826 -0.551096380 -0.414177120 0.361571878
1403638228395097088.000000 -2.805765629 2.270296335 7.759391785 -0.628047764 -0.551140189 -0.413648307 0.361518621
