1413393900005760512.000000 48.767890930 26.830682755 -28.753257751 -0.744175851 -0.404581100 -0.393453330 0.357366800
1413393900755760384.000000 49.122200012 26.530389786 -28.829681396 -0.624165058 -0.397061914 -0.586864054 0.329166442
1413393901255760384.000000 49.210700989 26.221996307 -29.007886887 -0.731583834 -0.432886273 -0.440149099 0.289246410
1413393901505760512.000000 49.286319733 26.075283051 -29.042736053 -0.751760125 -0.462988257 -0.407643676 0.233077973
1413393901755760384.000000 49.409019470 26.095388412 -29.037616730 -0.714247704 -0.471222728 -0.463899165 0.229340017
1413393902005760512.000000 49.512332916 26.233070374 -29.019643784 -0.691136539 -0.442941815 -0.502759755 0.270860583
1413393902255760384.000000 49.573970795 26.409620285 -29.000574112 -0.692973435 -0.440382302 -0.502517104 0.270791113
1413393904005760512.000000 49.605537415 28.073228836 -28.790571213 -0.767688990 -0.239603952 -0.530840635 0.267304629
1413393904405760512.000000 49.754756927 28.230504990 -28.798698425 -0.773386359 -0.246744752 -0.535882771 0.231992140
1413393904855760384.000000 50.026599884 28.260265350 -28.679676056 -0.812269986 -0.229683205 -0.524032712 0.113370702
1413393905005760512.000000 50.133079529 28.295518875 -28.662448883 -0.808176696 -0.196245983 -0.548547506 0.086217560
1413393907855760384.000000 51.195205688 28.439893723 -29.263113022 0.777872860 -0.213959381 0.573037863 0.144093275
1413393909855760384.000000 50.596321106 28.883270264 -29.547086716 0.804031193 -0.243920699 0.510599256 0.182551607
1413393910055760384.000000 50.556781769 28.941934586 -29.637269974 0.813785017 -0.256549418 0.488427699 0.182687849
1413393910505760512.000000 50.712333679 28.978294373 -29.680942535 0.823050261 -0.298295408 0.459850341 0.148814544
1413393910955760384.000000 51.158931732 28.743074417 -29.709651947 0.799644828 -0.263651758 0.520067096 0.143478423
1413393911955760384.000000 52.178775787 28.028877258 -29.834024429 0.784777403 -0.229898199 0.555381000 0.151073769
1413393912255760384.000000 52.413417816 27.882745743 -29.667701721 0.819536507 -0.275504142 0.490459263 0.109119803
1413393912405760512.000000 52.561676025 27.760484695 -29.568588257 0.814867735 -0.278895468 0.495101690 0.114377782
1413393912755760384.000000 52.958225250 27.373306274 -29.365188599 0.773024678 -0.254265189 0.561859310 0.148647964
1413393913005760512.000000 53.220779419 27.071847916 -29.310955048 0.758057892 -0.262719154 0.570655227 0.175155282
1413393913555760384.000000 53.593463898 26.421604156 -29.359886169 0.668355286 -0.425327748 0.564823627 0.231023550
1413393913705760512.000000 53.613113403 26.237737656 -29.367292404 0.632477164 -0.460192293 0.557742178 0.277703792
1413393914455760384.000000 53.209270477 25.635238647 -29.227209091 0.510880828 -0.621269047 0.384386301 0.453070283
1413393914605760512.000000 53.104133606 25.577396393 -29.183259964 0.474061340 -0.655014575 0.364799529 0.461674154
1413393917505760512.000000 51.980670929 24.021347046 -28.582159042 0.014513398 -0.826189101 0.078223199 0.557747304
1413393917655760384.000000 51.970706940 24.005270004 -28.576974869 -0.046943717 -0.833866477 0.026960960 0.549305141
1413393918105760512.000000 51.897636414 24.036157608 -28.601188660 -0.231396809 -0.786882102 -0.113608979 0.560682595
1413393919355760384.000000 52.177413940 24.792953491 -28.502140045 -0.658403754 -0.400369376 -0.492947996 0.403993934
1413393922305760512.000000 53.156845093 23.561536789 -29.837017059 -0.752514839 -0.360104293 -0.505400121 0.220492825
1413393922555760384.000000 53.153186798 23.618089676 -29.964248657 -0.775593162 -0.346379012 -0.475409269 0.229047850
1413393922855760384.000000 53.231674194 23.750797272 -30.076877594 -0.767992735 -0.326775163 -0.487277150 0.256838858
1413393923205760512.000000 53.436729431 23.949892044 -30.111438751 -0.771025479 -0.362067312 -0.483029097 0.202755600
1413393924105760512.000000 54.314773560 24.804872513 -29.971948624 -0.631911516 -0.545702398 -0.418568224 0.357347846
1413393924255760384.000000 54.476993561 24.956613541 -29.945381165 -0.580175459 -0.599427342 -0.421178937 0.355937630
1413393924555760384.000000 54.707904816 25.285434723 -29.880331039 -0.488293856 -0.666170955 -0.451277256 0.337837726
1413393924855760384.000000 54.660175323 25.598262787 -29.752904892 -0.450372487 -0.659527302 -0.487151980 0.353371590
1413393927405760512.000000 52.279277802 27.882009506 -28.753032684 -0.392699778 -0.742422700 -0.210128695 0.500441194
1413393927855760384.000000 52.062561035 28.302360535 -28.520423889 -0.262974381 -0.764413357 -0.288527101 0.513097346
1413393928005760512.000000 51.944858551 28.404172897 -28.431739807 -0.249140456 -0.760006070 -0.292535543 0.524159193
1413393929955760384.000000 50.424434662 27.547885895 -28.011371613 -0.567707062 -0.580380619 -0.378225803 0.444760889
1413393932555760384.000000 50.807186127 25.673435211 -28.903657913 -0.595281720 -0.571729958 -0.419194520 0.378206909
1413393935305760512.000000 52.156749725 24.337764740 -29.531009674 -0.507627428 -0.680324495 -0.316622227 0.423347771
1413393935805760512.000000 52.391658783 24.370372772 -29.529626846 -0.326728553 -0.774816930 -0.286921918 0.458893269
1413393936105760512.000000 52.332389832 24.392000198 -29.486787796 -0.273898423 -0.787846506 -0.217813939 0.506788552
1413393936305760512.000000 52.225223541 24.386840820 -29.449750900 -0.239478201 -0.793838084 -0.124613114 0.544924736
1413393936455760384.000000 52.137504578 24.393003464 -29.419548035 -0.192894876 -0.804051042 -0.069988400 0.558027804
1413393938805760512.000000 52.366256714 24.515192032 -28.974355698 0.270858616 -0.749450564 0.226381943 0.560098886
1413393939755760384.000000 53.060070038 24.478698730 -29.065740585 0.397877127 -0.805164218 0.232252732 0.373447388
1413393940055760384.000000 53.064151764 24.300117493 -29.099445343 0.341116011 -0.691946268 0.304953396 0.558438659
1413393940455760384.000000 53.142883301 24.273929596 -29.132884979 0.336506814 -0.704456925 0.308692545 0.543334723
1413393940905760512.000000 53.163154602 24.427906036 -29.114665985 0.336440891 -0.797431529 0.270788968 0.421406955
1413393943105760512.000000 51.818683624 25.050748825 -28.857297897 0.372454256 -0.766886711 0.218901664 0.474599570
1413393943805760512.000000 51.593536377 25.092653275 -28.909126282 0.366905063 -0.760995448 0.220032990 0.487700880
1413393946055760384.000000 51.318592072 25.203138351 -28.779788971 0.021765454 -0.827133656 -0.001015385 0.561582685
1413393947005760512.000000 51.489608765 25.186660767 -28.799261093 -0.244996011 -0.784337819 -0.190414369 0.537153304
1413393949805760512.000000 51.695156097 24.551994324 -29.060459137 -0.720831454 -0.362595797 -0.468255490 0.360087574
1413393952205760512.000000 53.293067932 23.853927612 -29.351488113 -0.733998120 -0.350946367 -0.529191911 0.240913808
1413393954155760384.000000 53.926914215 24.515346527 -29.250265121 -0.673152208 -0.463067651 -0.482102931 0.316245556
1413393954555760384.000000 54.002662659 24.596220016 -29.233766556 -0.653026581 -0.547469914 -0.403946310 0.332656711
1413393954855760384.000000 54.059814453 24.784315109 -29.200086594 -0.618192077 -0.592413127 -0.376840979 0.353378147
1413393955305760512.000000 54.117141724 25.267728806 -29.140865326 -0.571054876 -0.594686747 -0.390664935 0.409420282
1413393955505760512.000000 54.123447418 25.511478424 -29.114089966 -0.538594842 -0.610561609 -0.378868788 0.439987183
1413393955705760512.000000 54.123790741 25.741500854 -29.097770691 -0.467129439 -0.643886328 -0.380586386 0.471544892
1413393956005760512.000000 54.088680267 26.012859344 -29.138414383 -0.422501415 -0.699833035 -0.349258214 0.457979381
1413393957155760384.000000 53.582370758 26.694082260 -29.145135880 -0.179393187 -0.803344846 -0.100689679 0.558853209
1413393957505760512.000000 53.413150787 26.886436462 -29.131069183 -0.051984712 -0.816885233 -0.024316240 0.573938072
1413393960055760384.000000 52.756420135 27.353309631 -29.579198837 0.125696227 -0.805223107 0.086199060 0.573049664
1413393960555760384.000000 52.773929596 27.358964920 -29.605798721 0.145195901 -0.813168943 0.093624584 0.555795789
1413393961205760512.000000 52.664836884 27.206209183 -29.905815125 0.250204682 -0.786334872 0.178792387 0.535825014
1413393962055760384.000000 52.679130554 27.249401093 -29.481781006 0.253343105 -0.780369341 0.170406759 0.545712829
1413393962505760512.000000 52.760677338 27.266736984 -28.929914474 0.262451410 -0.817849159 0.149698377 0.489726990
1413393962805760512.000000 52.720390320 27.196863174 -28.707963943 0.222878262 -0.826200664 0.088100441 0.509858906
1413393962955760384.000000 52.668628693 27.121768951 -28.628162384 0.183587462 -0.812489092 0.042115565 0.551709592
1413393963155760384.000000 52.600765228 26.977273941 -28.561906815 0.109281212 -0.801550925 -0.010239232 0.587766171
1413393963305760512.000000 52.560794830 26.835197449 -28.541872025 0.039865419 -0.795956314 -0.026712019 0.603449106
1413393963455760384.000000 52.533378601 26.673496246 -28.547754288 -0.020718087 -0.793896735 -0.051623367 0.605502903
1413393963755760384.000000 52.510559082 26.317966461 -28.620567322 -0.112948246 -0.782718360 -0.105226263 0.602927983
1413393965155760384.000000 52.857425690 24.471376419 -29.324386597 -0.497402966 -0.694766939 -0.190205932 0.483436614
1413393965305760512.000000 52.971618652 24.395839691 -29.349546432 -0.528532386 -0.694941998 -0.193357214 0.447573721
1413393967005760512.000000 52.455524445 25.082183838 -29.033399582 -0.430814952 -0.659394383 -0.350852400 0.506458402
1413393969855760384.000000 51.032596588 24.673290253 -29.285627365 -0.757400990 -0.310083121 -0.487786353 0.303737700
1413393972555760384.000000 50.180370331 24.191335678 -29.053205490 -0.753065586 -0.345886081 -0.515121162 0.218872815
1413393973455760384.000000 49.919361115 23.996982574 -29.152389526 -0.692559063 -0.330910206 -0.597108185 0.233071223
1413393973705760512.000000 49.713451385 23.982852936 -29.182010651 -0.686423302 -0.316491783 -0.598001659 0.266552150
1413393974055760384.000000 49.354705811 23.837711334 -29.221847534 -0.791095912 -0.283695489 -0.432795078 0.326148093
1413393974355760384.000000 49.301170349 23.651653290 -29.183921814 -0.832210124 -0.372744858 -0.359400421 0.198290497
1413393974605760512.000000 49.485538483 23.692440033 -29.083095551 -0.784716845 -0.436545521 -0.420359492 0.130174682
1413393974905760512.000000 49.738666534 24.037494659 -28.953674316 -0.708319008 -0.417712212 -0.536152959 0.190632299
1413393977505760512.000000 49.662403107 25.740499496 -29.002849579 -0.715957940 -0.389492244 -0.517004728 0.261545867
1413393978305760512.000000 49.632995605 26.096237183 -28.844245911 -0.734969079 -0.350732654 -0.519998431 0.257699102
1413393979205760512.000000 49.613246918 26.200798035 -28.695859909 -0.802364290 -0.122235648 -0.563387394 0.154482186
1413393980855760384.000000 50.072277069 25.078351974 -28.849143982 0.811513066 -0.151476994 0.549695253 0.127813667
1413393981155760384.000000 50.312992096 24.907899857 -28.834663391 0.816460788 -0.178243831 0.541866243 0.089454152
1413393981355760384.000000 50.502677917 24.775688171 -28.775136948 0.811184227 -0.182630405 0.549954295 0.078590989
1413393983105760512.000000 52.617443085 24.108785629 -28.742158890 -0.741449833 -0.357979566 -0.538128018 0.180336148
1413393983505760512.000000 52.924694061 24.347644806 -28.743879318 -0.623809397 -0.532691240 -0.498538405 0.280288130
1413393983805760512.000000 52.952049255 24.595392227 -28.721261978 -0.525758445 -0.618378460 -0.456538856 0.364360452
1413393984455760384.000000 52.426330566 24.980264664 -28.601921082 -0.331936926 -0.731197715 -0.339578629 0.489749014
1413393984655760384.000000 52.145076752 25.003154755 -28.551242828 -0.297625154 -0.744593978 -0.302823901 0.515069783
1413393986055760384.000000 50.321941376 24.988317490 -28.846202850 -0.623172522 -0.562712371 -0.369238436 0.398338705
1413393986855760384.000000 49.979583740 25.290296555 -28.821533203 -0.710474133 -0.372171044 -0.534207582 0.267090768
1413393989555760384.000000 48.959362030 26.875196457 -28.838214874 -0.769244969 -0.206472158 -0.589570940 0.134304404
1413393992255760384.000000 49.081871033 27.091739655 -28.802200317 0.793264925 -0.066092499 0.601091743 0.071072191
1413393994005760512.000000 49.069293976 26.971246719 -28.681608200 -0.723870456 0.058181033 -0.681752503 -0.088544779
1413393994305760512.000000 48.945480347 27.092945099 -28.688144684 0.742510676 -0.093576439 0.662387252 0.034126166
1413393994655760384.000000 48.609542847 27.223546982 -28.684068680 0.877808809 -0.115707308 0.464521587 0.016831042
1413393994805760512.000000 48.521316528 27.245904922 -28.731706619 0.896627307 -0.114930950 0.426422060 0.031854104
1413393995305760512.000000 48.632774353 27.236698151 -28.842885971 0.807625055 -0.111412138 0.578925133 0.013227100
1413393995655760384.000000 48.746601105 27.157951355 -28.941097260 0.805796504 -0.013699475 0.589487970 -0.054847624
1413393996105760512.000000 48.818683624 26.946252823 -29.013481140 -0.762595296 -0.169464782 -0.607163668 0.145197719
1413393996455760384.000000 48.770526886 26.714744568 -29.088401794 -0.780160308 -0.215531021 -0.560412169 0.175597474
1413393996855760384.000000 48.713619232 26.437070847 -29.247661591 -0.791407168 -0.245314509 -0.534061372 0.168148905
1413393997105760512.000000 48.705589294 26.307954788 -29.314004898 -0.780553758 -0.278284937 -0.530592024 0.178228423
1413393997555760384.000000 48.720115662 26.165746689 -29.426647186 -0.759651959 -0.294992477 -0.544359744 0.198949367
1413393997905760512.000000 48.708389282 26.102127075 -29.545019150 -0.759906888 -0.295523107 -0.544088304 0.197928011
1413393998105760512.000000 48.689071655 26.085634232 -29.584825516 -0.763393641 -0.294184476 -0.541977286 0.192214385
1413393998505760512.000000 48.629776001 26.104705811 -29.624370575 -0.774642944 -0.276749790 -0.535545170 0.191126525
1413393999005760512.000000 48.582183838 26.171102524 -29.649818420 -0.770714462 -0.258405238 -0.542506099 0.211926922
1413393999405760512.000000 48.574035645 26.200048447 -29.706607819 -0.779797792 -0.267507881 -0.530407310 0.197542548
1413393999855760384.000000 48.611152649 26.253410339 -29.776166916 -0.780913532 -0.245340839 -0.528178036 0.225853875
1413394000305760512.000000 48.636722565 26.257482529 -29.817485809 -0.760008097 -0.265949547 -0.565974653 0.177006379
1413394000655760384.000000 48.640464783 26.251115799 -29.822631836 -0.763435364 -0.252685547 -0.562112927 0.193250149
1413394001155760384.000000 48.641361237 26.251573563 -29.822534561 -0.763864875 -0.250837147 -0.561545670 0.195595756
1413394001655760384.000000 48.641330719 26.251430511 -29.822799683 -0.764097393 -0.250422895 -0.561267197 0.196017191
1413394002155760384.000000 48.640563965 26.251073837 -29.823095322 -0.764271736 -0.250093907 -0.561063230 0.196341053
1413394002655760384.000000 48.640647888 26.251049042 -29.822858810 -0.764369369 -0.249913275 -0.560949266 0.196516708
1413394002855760384.000000 48.640426636 26.251043320 -29.822612762 -0.764532983 -0.249814138 -0.560750008 0.196575105
1413394003155760384.000000 48.640102386 26.250875473 -29.822587967 -0.764657617 -0.249576613 -0.560622275 0.196756274
1413394003255760384.000000 48.640052795 26.250808716 -29.822622299 -0.764704645 -0.249559835 -0.560551167 0.196797103
