1403636859051666432.000000 -0.525949240 -0.055217061 -1.602781534 -0.609290659 -0.536646903 -0.411519110 0.414037645
1403636861901666560.000000 -0.445103019 -0.061655995 -1.376823902 -0.630876124 -0.534695923 -0.421682388 0.371859640
1403636864851666432.000000 -0.451649785 -0.058860611 -1.220638275 -0.635515273 -0.523202002 -0.437992364 0.361307025
1403636866201666560.000000 -0.464671254 -0.051020727 -1.131131887 -0.625106752 -0.500582635 -0.452316046 0.392515987
1403636868851666432.000000 -0.514508486 -0.186187431 -1.393432379 -0.729044914 -0.584816575 -0.262846917 0.239571586
1403636871251666432.000000 -0.044402145 -0.161009863 -1.424183846 -0.763292491 -0.530788481 -0.290590525 0.226285860
1403636873851666432.000000 -0.084737770 -0.147987366 -1.445827484 -0.763069272 -0.540913343 -0.271804541 0.226407245
1403636876101666560.000000 -0.480869353 -0.332973003 -1.464373589 -0.835270166 -0.394894540 -0.315464407 0.216481537
1403636876251666432.000000 -0.411886364 -0.363973111 -1.458508253 -0.845577955 -0.365893692 -0.333217561 0.200214222
1403636876451666432.000000 -0.297017306 -0.357057542 -1.460712910 -0.857994854 -0.345208377 -0.335736215 0.178765833
1403636876651666432.000000 -0.175737709 -0.295316398 -1.458949089 -0.847579300 -0.351244420 -0.358179450 0.173043624
1403636878301666560.000000 -0.549591064 -0.218150675 -1.488020182 -0.755831599 -0.533383787 -0.273267150 0.263714492
1403636878451666432.000000 -0.481818497 -0.273002625 -1.492824554 -0.778465152 -0.497905731 -0.287329018 0.252039403
1403636878751666432.000000 -0.298045784 -0.303575069 -1.475539923 -0.806023300 -0.445066839 -0.326504052 0.213628203
1403636878901666560.000000 -0.209172785 -0.278803259 -1.464741349 -0.809476376 -0.432371080 -0.339228839 0.206705019
1403636879051666432.000000 -0.138297185 -0.236248985 -1.458885908 -0.811583161 -0.429847449 -0.338035941 0.205658838
1403636881101666560.000000 -0.565000474 -0.352912724 -1.365424514 -0.753959715 -0.499649972 -0.335649043 0.263124198
1403636881301666560.000000 -0.617077291 -0.293462634 -1.361989737 -0.723031819 -0.531250238 -0.327158362 0.296590090
1403636881651666432.000000 -0.564425766 -0.140838057 -1.357540965 -0.683312118 -0.569911540 -0.337103337 0.307647169
1403636884351666432.000000 -0.378676414 0.075306006 -1.645277977 -0.529343069 -0.595436692 -0.377621859 0.471861035
1403636886851666432.000000 -0.378646374 0.075146757 -1.645454884 -0.529255748 -0.595516980 -0.377854198 0.471671671
1403636889351666432.000000 -0.378806710 0.075391382 -1.645721793 -0.529459417 -0.595052123 -0.377803028 0.472070456
1403636891851666432.000000 -0.378782570 0.075161412 -1.645485878 -0.528917372 -0.595202923 -0.378355116 0.472045958
1403636894351666432.000000 -0.378800631 0.075105324 -1.645517349 -0.529029906 -0.595035434 -0.378159732 0.472287476
1403636896851666432.000000 -0.378307998 0.075378433 -1.645186901 -0.529759943 -0.595822632 -0.376507431 0.471796572
1403636899651666432.000000 -0.239911750 0.207694858 -1.361436605 -0.602214992 -0.553597152 -0.404024541 0.409428179
1403636901551666432.000000 0.293994009 0.554631233 -1.211698055 -0.602521002 -0.558059812 -0.410265297 0.396509886
1403636904001666560.000000 1.362147093 1.104333282 -1.237288594 -0.603740871 -0.561559081 -0.402078271 0.398097456
1403636906101666560.000000 2.229712248 1.700794935 -1.030310631 -0.595188439 -0.578416288 -0.406987935 0.381505191
1403636907051666432.000000 2.425384998 2.116591930 -1.029946566 -0.587608159 -0.574913561 -0.410337776 0.394732773
1403636907501666560.000000 2.515445948 2.327965021 -1.037325978 -0.595438063 -0.578147113 -0.391817778 0.397087216
1403636909051666432.000000 2.990840673 3.319813013 -0.931190968 -0.583188534 -0.589424729 -0.384850383 0.405413061
1403636909801666560.000000 3.258588076 3.911706924 -0.919031978 -0.578341901 -0.577979803 -0.400737047 0.413363963
1403636910051666432.000000 3.355292082 4.105226994 -0.974402964 -0.559107363 -0.584820271 -0.428626955 0.402073652
1403636912501666560.000000 3.827726603 5.551004410 -1.084347844 -0.583106339 -0.578111470 -0.394228399 0.412744612
1403636913151666432.000000 4.051211834 5.901442051 -1.194611311 -0.576256692 -0.573221803 -0.407210231 0.416563034
1403636914001666560.000000 4.419829369 6.266573429 -1.251089334 -0.578793824 -0.577806175 -0.404522210 0.409267187
1403636916501666560.000000 5.409964085 7.117383957 -1.120703101 -0.580709279 -0.575657547 -0.414502650 0.399478018
1403636919401666560.000000 5.740740299 7.696029186 -1.050260901 -0.682335794 -0.438271821 -0.471690387 0.346184820
1403636921951666432.000000 6.060948849 7.207186699 -1.047951818 -0.696834266 -0.447434336 -0.467093706 0.309916258
1403636923801666560.000000 6.212399960 6.950058460 -1.261577845 -0.751148164 -0.370193064 -0.492686510 0.236629844
1403636924301666560.000000 6.312209606 7.023649693 -1.284326077 -0.745734751 -0.373346776 -0.498454422 0.236717507
1403636927001666560.000000 7.518539906 7.868042946 -1.552662492 -0.756624639 -0.310342580 -0.521073580 0.244313195
1403636929751666432.000000 9.298312187 8.468500137 -1.608974814 -0.777122378 -0.238306537 -0.557314694 0.169384852
1403636932651666432.000000 9.939484596 7.969673157 -1.460431814 -0.784008741 -0.178339139 -0.582787693 0.117830731
1403636935351666432.000000 8.701145172 7.309874058 -1.342822075 0.812717378 -0.056749493 0.579362512 0.024679406
1403636938001666560.000000 8.243642807 6.370695591 -1.511677861 0.804390967 -0.045731690 0.589524686 0.057657275
1403636938951666432.000000 7.945926189 6.186322689 -1.638078451 0.812704146 -0.096403606 0.573395789 0.037888698
1403636939851666432.000000 7.527636528 5.774469852 -1.649976254 0.799722016 -0.077392943 0.593774974 0.043433473
1403636940151666432.000000 7.339491367 5.637536049 -1.676437497 0.803651035 -0.097737066 0.585244179 0.045626529
1403636941551666432.000000 6.414421558 4.877158165 -1.671999335 0.808020413 -0.102769300 0.576133370 0.067910068
1403636942051666432.000000 6.131216526 4.622149467 -1.645397902 0.812208414 -0.099131398 0.571987212 0.057629302
1403636944651666432.000000 4.830883503 3.265086889 -1.804805994 0.813010633 -0.065725505 0.574249268 0.070225477
1403636947251666432.000000 4.258290291 3.209854841 -2.227418900 0.825353026 -0.095355079 0.555413723 0.034863506
1403636948551666432.000000 4.522442341 3.022491693 -2.372377872 0.825827301 -0.048691120 0.555738211 0.082423083
1403636950101666560.000000 5.155836582 3.547278404 -2.549936533 0.829519689 -0.069413781 0.553574264 0.025189735
1403636950401666560.000000 5.268681049 3.599813700 -2.562179804 0.826453269 -0.061616924 0.558273554 0.038846321
1403636953101666560.000000 6.560560703 4.354822636 -2.737824917 0.822685719 -0.068208694 0.563822508 0.025299942
1403636955551666432.000000 8.054142952 5.280482292 -2.829725742 0.812609792 -0.080542617 0.573112547 0.068705045
1403636955801666560.000000 8.217760086 5.431408405 -2.858303308 0.812333882 -0.084059052 0.572590232 0.072028510
1403636956351666432.000000 8.552264214 5.759419918 -2.822181225 0.810090840 -0.108229697 0.573784769 0.053012528
1403636956601666560.000000 8.682201385 5.879397869 -2.836071014 0.806738555 -0.090516768 0.580463409 0.063575201
1403636958151666432.000000 9.108186722 6.440093517 -2.911959648 -0.793895423 -0.195904151 -0.554396152 0.154908180
1403636960901666560.000000 9.495792389 7.129287720 -3.065680981 -0.765091777 -0.281711906 -0.544616461 0.196636453
1403636963751666432.000000 8.623514175 7.790441036 -2.618457794 -0.576043069 -0.573552549 -0.418036580 0.405533463
1403636964201666560.000000 8.386466980 7.738978386 -2.499526739 -0.576211870 -0.569210410 -0.425230086 0.403929293
1403636964751666432.000000 8.050796509 7.614928246 -2.427173615 -0.549674988 -0.594645739 -0.426151216 0.403297573
1403636966951666432.000000 6.167363167 6.888348579 -1.996327877 -0.505935013 -0.628005087 -0.360780239 0.468483686
1403636967951666432.000000 5.620718002 6.290211678 -2.049957275 -0.500945687 -0.629075050 -0.378418595 0.458385736
1403636968251666432.000000 5.462140083 6.053964615 -2.161683559 -0.502982557 -0.627709508 -0.374739408 0.461042017
1403636968651666432.000000 5.268227100 5.686659336 -2.218647003 -0.502496362 -0.630979359 -0.376027912 0.456032366
1403636969151666432.000000 5.020111561 5.174879551 -2.202915192 -0.507461369 -0.630457580 -0.369906843 0.456262290
1403636969501666560.000000 4.842826366 4.798212051 -2.117962360 -0.519130468 -0.642022967 -0.356394351 0.437370867
1403636971751666432.000000 3.690413713 3.481238604 -2.163963556 -0.515432656 -0.629737437 -0.352099895 0.462369651
1403636972751666432.000000 3.612785578 3.342340469 -2.201876640 -0.512923956 -0.635549128 -0.356825203 0.453499794
1403636973251666432.000000 3.631531477 3.288328886 -2.207692623 -0.538347840 -0.620777071 -0.368378729 0.434872985
1403636975851666432.000000 3.719912052 3.156583071 -2.492281199 -0.708744228 -0.425088882 -0.484186202 0.287306130
1403636978601666560.000000 4.550208569 2.949528694 -2.843347788 -0.788281083 -0.273721963 -0.519329429 0.184353739
1403636979001666560.000000 4.759556293 2.940242529 -2.862245083 -0.782623947 -0.271637142 -0.528860688 0.184443429
1403636980401666560.000000 5.579629898 3.317348957 -2.976280451 -0.775110364 -0.257554680 -0.546772838 0.184144288
1403636981751666432.000000 6.212710857 3.841058493 -3.139158249 -0.780761838 -0.259696037 -0.541700125 0.171843067
1403636982101666560.000000 6.361743927 3.973780870 -3.115630150 -0.800526798 -0.258761525 -0.516199708 0.160428017
1403636982751666432.000000 6.767769814 4.330314159 -3.093272924 -0.787401795 -0.246141016 -0.533249319 0.187237993
1403636984051666432.000000 7.724092007 5.052375793 -3.136455774 -0.792858601 -0.254926741 -0.529684067 0.160694063
1403636986851666432.000000 8.824920654 7.277997494 -3.189009666 -0.770865977 -0.269526184 -0.539288878 0.205642313
1403636989751666432.000000 7.924223900 7.415043354 -2.752811193 -0.765921295 -0.279809982 -0.543575227 0.198990136
1403636991101666560.000000 7.136741638 6.306838512 -2.639998913 -0.764008462 -0.290676594 -0.540283501 0.199729905
1403636991501666560.000000 6.888893127 6.032975197 -2.664843798 -0.766633987 -0.288528651 -0.539119422 0.195892125
1403636993001666560.000000 6.137123585 5.168345451 -2.465891361 -0.775909364 -0.267521113 -0.543879390 0.174906716
1403636993401666560.000000 5.951803684 5.016630173 -2.435269594 -0.761607826 -0.284324110 -0.543292642 0.209633946
1403636993801666560.000000 5.751440525 4.863372803 -2.332390785 -0.742352426 -0.339154243 -0.523550808 0.244503543
1403636996651666432.000000 3.940837145 3.035551548 -1.984531403 -0.724951565 -0.383805603 -0.504275501 0.269897968
1403636999151666432.000000 3.074132204 2.209952116 -1.519219398 -0.658895135 -0.470530272 -0.489731520 0.323452592
1403636999651666432.000000 2.895002842 2.143938065 -1.486331701 -0.664346337 -0.462495238 -0.484220266 0.332073659
1403637000651666432.000000 2.413158417 1.890244365 -1.485265136 -0.664763629 -0.464799106 -0.485166758 0.326595217
1403637001651666432.000000 1.798588634 1.506241798 -1.375830054 -0.675001502 -0.457772404 -0.476487547 0.328294277
1403637002151666432.000000 1.502914190 1.279641986 -1.370364785 -0.677195489 -0.458002210 -0.475981385 0.324163496
1403637002651666432.000000 1.222576857 1.070080400 -1.388067842 -0.673916817 -0.462420404 -0.480841517 0.317482322
1403637003151666432.000000 0.931367278 0.880627096 -1.371070385 -0.678567827 -0.455637038 -0.480024278 0.318618089
1403637003601666560.000000 0.673780262 0.722654223 -1.390065789 -0.679581404 -0.448155671 -0.483196408 0.322252721
1403637003951666432.000000 0.479389280 0.594420493 -1.363674521 -0.681615829 -0.452200741 -0.478704065 0.318993628
1403637004251666432.000000 0.319857836 0.489575952 -1.390953660 -0.681423664 -0.460264593 -0.474552393 0.314035505
1403637004651666432.000000 0.121000469 0.381541759 -1.341208696 -0.681310296 -0.446253926 -0.478712380 0.327884555
1403637005051666432.000000 -0.043454677 0.259145379 -1.321952224 -0.695670009 -0.438787609 -0.466762513 0.325025469
1403637005401666560.000000 -0.135970786 0.158217967 -1.394087791 -0.690622032 -0.447404563 -0.475226253 0.311497003
1403637005901666560.000000 -0.255150616 0.052105442 -1.423436999 -0.687849998 -0.451865286 -0.471389145 0.316973895
1403637006401666560.000000 -0.347999036 -0.017461298 -1.404701233 -0.694674730 -0.453132629 -0.460767537 0.315897465
1403637006901666560.000000 -0.384566307 -0.038983375 -1.428227782 -0.663196146 -0.477824450 -0.457629591 0.349899739
1403637007251666432.000000 -0.387481153 -0.046876207 -1.459781885 -0.623009622 -0.524605393 -0.445135891 0.372158915
1403637007651666432.000000 -0.400111228 -0.077760145 -1.505537629 -0.617014945 -0.539447188 -0.436813414 0.370787591
1403637008151666432.000000 -0.447369277 -0.108747169 -1.555046797 -0.627291024 -0.530439258 -0.434116602 0.369706541
1403637008651666432.000000 -0.492050976 -0.096747153 -1.553206563 -0.630353868 -0.519097090 -0.441583008 0.371748328
1403637009001666560.000000 -0.505675435 -0.075629786 -1.575772285 -0.648319721 -0.508194029 -0.420158297 0.380640924
1403637009301666560.000000 -0.467815042 -0.055716619 -1.623075128 -0.631449461 -0.526798189 -0.447635144 0.351252079
1403637009601666560.000000 -0.440357804 -0.040824149 -1.649309158 -0.600516260 -0.509373486 -0.439417303 0.432239920
1403637009801666560.000000 -0.434807986 -0.045343988 -1.654787779 -0.614417970 -0.499356478 -0.442894876 0.420687377
1403637010251666432.000000 -0.439213097 -0.041772746 -1.661421180 -0.614199460 -0.499221623 -0.442139506 0.421959043
