#LBA time[ms],KF opt[#],KF fixed[#],MP[#],Edges[#]
0.014433,3,1,0,803
0.004672,4,1,0,1097
0.444071,5,1,0,1302
0.695692,6,1,0,1630
0.901103,7,1,0,1851
1.044114,8,1,0,1848
1.239125,9,1,0,2251
1.391639,10,1,0,2736
1.415992,0,0,0,0
45.758463,0,0,0,0
1.566458,0,0,0,0
1.756702,0,0,0,0
1.882016,0,0,0,0
2.054434,0,0,0,0
2.666093,0,0,0,0
2.346343,0,0,0,0
2.725102,0,0,0,0
2.959634,0,0,0,0
3.297303,0,0,0,0
3.292727,0,0,0,0
3.665533,0,0,0,0
4.609901,0,0,0,0
4.565325,0,0,0,0
4.680494,0,0,0,0
5.012116,0,0,0,0
4.641294,0,0,0,0
5.267352,0,0,0,0
5.356250,0,0,0,0
5.619775,0,0,0,0
5.671359,0,0,0,0
6.357963,0,0,0,0
4.730159,0,0,0,0
4.089669,0,0,0,0
5.666271,0,0,0,0
6.151719,0,0,0,0
3.739583,0,0,0,0
5.813858,0,0,0,0
3.826881,0,0,0,0
4.723151,0,0,0,0
6.035430,0,0,0,0
4.959091,0,0,0,0
3.977155,0,0,0,0
5.265081,0,0,0,0
6.182696,0,0,0,0
5.259353,0,0,0,0
6.280137,0,0,0,0
4.857617,0,0,0,0
6.311850,0,0,0,0
3.946274,0,0,0,0
5.035477,0,0,0,0
5.242328,0,0,0,0
6.168711,0,0,0,0
5.101206,0,0,0,0
4.959187,0,0,0,0
4.136166,0,0,0,0
6.300361,0,0,0,0
4.408394,0,0,0,0
5.179063,0,0,0,0
4.501163,0,0,0,0
5.699680,0,0,0,0
4.699087,0,0,0,0
5.726592,0,0,0,0
4.821489,0,0,0,0
6.011012,0,0,0,0
5.471740,0,0,0,0
7.350267,0,0,0,0
7.723009,0,0,0,0
6.072774,0,0,0,0
7.231929,0,0,0,0
6.452940,0,0,0,0
7.098136,0,0,0,0
5.339290,0,0,0,0
5.318010,0,0,0,0
4.459691,0,0,0,0
6.439820,0,0,0,0
5.639359,0,0,0,0
5.720096,0,0,0,0
6.795058,0,0,0,0
6.657392,0,0,0,0
7.520190,0,0,0,0
6.212840,0,0,0,0
5.092470,0,0,0,0
4.266120,0,0,0,0
6.329578,0,0,0,0
4.048772,0,0,0,0
8.108808,0,0,0,0
5.529245,0,0,0,0
5.686720,0,0,0,0
7.559295,0,0,0,0
4.851601,0,0,0,0
6.274057,0,0,0,0
7.172632,0,0,0,0
5.639551,0,0,0,0
6.428652,0,0,0,0
5.406267,0,0,0,0
5.497084,0,0,0,0
7.510206,0,0,0,0
6.814802,0,0,0,0
4.975348,0,0,0,0
8.003430,0,0,0,0
6.744337,0,0,0,0
8.318188,0,0,0,0
5.935652,0,0,0,0
6.956501,0,0,0,0
5.217976,0,0,0,0
6.481837,0,0,0,0
5.494364,0,0,0,0
5.429691,0,0,0,0
8.172618,0,0,0,0
8.944470,0,0,0,0
6.891027,0,0,0,0
6.625807,0,0,0,0
8.123112,0,0,0,0
5.831554,0,0,0,0
7.675905,0,0,0,0
7.814179,0,0,0,0
6.800851,0,0,0,0
7.850563,0,0,0,0
8.238315,0,0,0,0
8.416141,0,0,0,0
10.331885,0,0,0,0
7.368955,0,0,0,0
10.579762,0,0,0,0
11.559586,0,0,0,0
11.799142,0,0,0,0
10.749236,0,0,0,0
12.211340,0,0,0,0
9.688291,0,0,0,0
11.694628,0,0,0,0
10.305069,0,0,0,0
10.374830,0,0,0,0
11.707781,0,0,0,0
10.717300,0,0,0,0
9.935846,0,0,0,0
10.745012,0,0,0,0
10.052265,0,0,0,0
10.087338,0,0,0,0
10.084905,0,0,0,0
10.108682,0,0,0,0
12.794871,0,0,0,0
9.746916,0,0,0,0
8.368717,0,0,0,0
9.108665,0,0,0,0
9.806245,0,0,0,0
9.708227,0,0,0,0
8.521487,0,0,0,0
9.537569,0,0,0,0
9.531616,0,0,0,0
10.245036,0,0,0,0
12.362448,0,0,0,0
10.107146,0,0,0,0
10.400910,0,0,0,0
13.747271,0,0,0,0
13.741670,0,0,0,0
10.349902,0,0,0,0
10.897623,0,0,0,0
11.443776,0,0,0,0
9.688995,0,0,0,0
10.431727,0,0,0,0
10.540625,0,0,0,0
11.739717,0,0,0,0
14.393233,0,0,0,0
9.991720,0,0,0,0
13.627781,0,0,0,0
11.755621,0,0,0,0
13.975243,0,0,0,0
9.634690,0,0,0,0
14.041836,0,0,0,0
9.949287,0,0,0,0
10.530288,0,0,0,0
11.652419,0,0,0,0
14.048940,0,0,0,0
10.966360,0,0,0,0
10.065225,0,0,0,0
14.091341,0,0,0,0
11.447968,0,0,0,0
18.139184,0,0,0,0
13.153853,0,0,0,0
14.046892,0,0,0,0
13.764807,0,0,0,0
10.913175,0,0,0,0
15.103453,0,0,0,0
13.432706,0,0,0,0
13.230782,0,0,0,0
13.527491,0,0,0,0
13.537411,0,0,0,0
13.764583,0,0,0,0
14.559828,0,0,0,0
14.009323,0,0,0,0
15.265376,0,0,0,0
11.482657,0,0,0,0
14.011820,0,0,0,0
15.484964,0,0,0,0
15.635814,0,0,0,0
16.026989,0,0,0,0
16.932988,0,0,0,0
12.037482,0,0,0,0
18.767387,0,0,0,0
14.769720,0,0,0,0
14.829081,0,0,0,0
18.741242,0,0,0,0
18.358196,0,0,0,0
15.362306,0,0,0,0
15.249504,0,0,0,0
14.615926,0,0,0,0
14.164398,0,0,0,0
15.090333,0,0,0,0
15.332129,0,0,0,0
15.707879,0,0,0,0
15.210848,0,0,0,0
15.680007,0,0,0,0
13.234174,0,0,0,0
15.343265,0,0,0,0
16.864379,0,0,0,0
17.005854,0,0,0,0
14.230415,0,0,0,0
14.237167,0,0,0,0
15.624550,0,0,0,0
16.036461,0,0,0,0
16.978877,0,0,0,0
13.038043,0,0,0,0
14.470867,0,0,0,0
15.074973,0,0,0,0
17.548134,0,0,0,0
16.367987,0,0,0,0
12.950041,0,0,0,0
14.609109,0,0,0,0
16.764441,0,0,0,0
16.354002,0,0,0,0
16.726265,0,0,0,0
16.375250,0,0,0,0
15.713479,0,0,0,0
13.811432,0,0,0,0
15.433475,0,0,0,0
9.872742,0,0,0,0
14.994075,0,0,0,0
14.837881,0,0,0,0
10.397103,0,0,0,0
14.482547,0,0,0,0
14.475443,0,0,0,0
13.890473,0,0,0,0
12.232333,0,0,0,0
13.732902,0,0,0,0
9.499071,0,0,0,0
13.261119,0,0,0,0
13.158205,0,0,0,0
13.040219,0,0,0,0
11.322078,0,0,0,0
13.006491,0,0,0,0
9.695714,0,0,0,0
12.889336,0,0,0,0
13.166077,0,0,0,0
12.434769,0,0,0,0
12.156716,0,0,0,0
9.996488,0,0,0,0
12.396560,0,0,0,0
12.479986,0,0,0,0
12.691957,0,0,0,0
12.679541,0,0,0,0
6.752337,0,0,0,0
9.375838,0,0,0,0
9.209338,0,0,0,0
8.028006,0,0,0,0
8.036551,0,0,0,0
11.792742,0,0,0,0
12.134251,0,0,0,0
9.650658,0,0,0,0
9.888262,0,0,0,0
10.312941,0,0,0,0
12.758166,0,0,0,0
12.771606,0,0,0,0
14.138189,0,0,0,0
11.578242,0,0,0,0
14.330705,0,0,0,0
11.513217,0,0,0,0
13.576324,0,0,0,0
13.032986,0,0,0,0
13.500579,0,0,0,0
13.362272,0,0,0,0
14.910394,0,0,0,0
11.667748,0,0,0,0
13.423713,0,0,0,0
14.355633,0,0,0,0
13.363488,0,0,0,0
14.025515,0,0,0,0
14.388562,0,0,0,0
16.293810,0,0,0,0
13.658533,0,0,0,0
15.270688,0,0,0,0
17.295810,0,0,0,0
13.356448,0,0,0,0
12.614739,0,0,0,0
13.736167,0,0,0,0
15.083613,0,0,0,0
19.849357,0,0,0,0
17.256929,0,0,0,0
17.458149,0,0,0,0
17.580519,0,0,0,0
15.022268,0,0,0,0
16.252945,0,0,0,0
19.500679,0,0,0,0
16.252465,0,0,0,0
15.889578,0,0,0,0
21.413287,0,0,0,0
15.780393,0,0,0,0
13.818215,0,0,0,0
19.327909,0,0,0,0
15.286336,0,0,0,0
14.257552,0,0,0,0
16.975965,0,0,0,0
12.903289,0,0,0,0
14.652534,0,0,0,0
19.925871,0,0,0,0
12.620244,0,0,0,0
20.684347,0,0,0,0
19.866445,0,0,0,0
20.539928,0,0,0,0
17.343107,0,0,0,0
15.872907,0,0,0,0
12.688597,0,0,0,0
16.934140,0,0,0,0
10.241292,0,0,0,0
18.053039,0,0,0,0
16.655096,0,0,0,0
17.084127,0,0,0,0
17.869836,0,0,0,0
18.511606,0,0,0,0
18.147216,0,0,0,0
14.096493,0,0,0,0
20.618138,0,0,0,0
16.490773,0,0,0,0
22.183413,0,0,0,0
23.643949,0,0,0,0
23.750254,0,0,0,0
20.088433,0,0,0,0
15.061277,0,0,0,0
19.332740,0,0,0,0
19.238275,0,0,0,0
21.045345,0,0,0,0
19.011935,0,0,0,0
19.931086,0,0,0,0
20.356789,0,0,0,0
19.809933,0,0,0,0
25.438474,0,0,0,0
20.763036,0,0,0,0
29.862613,0,0,0,0
23.306727,0,0,0,0
27.893908,0,0,0,0
37.824666,0,0,0,0
22.213109,0,0,0,0
22.960322,0,0,0,0
27.747858,0,0,0,0
24.001427,0,0,0,0
29.459342,0,0,0,0
23.350856,0,0,0,0
30.983591,0,0,0,0
29.147305,0,0,0,0
31.830134,0,0,0,0
28.144504,0,0,0,0
32.987241,0,0,0,0
23.803727,0,0,0,0
21.658604,0,0,0,0
26.282233,0,0,0,0
29.011335,0,0,0,0
31.324014,0,0,0,0
30.697091,0,0,0,0
24.076916,0,0,0,0
30.415294,0,0,0,0
25.227047,0,0,0,0
29.448782,0,0,0,0
25.213639,0,0,0,0
38.857612,0,0,0,0
26.319321,0,0,0,0
29.581904,0,0,0,0
31.115178,0,0,0,0
35.442642,0,0,0,0
26.307705,0,0,0,0
32.041273,0,0,0,0
27.375244,0,0,0,0
26.193239,0,0,0,0
24.573308,0,0,0,0
30.432030,0,0,0,0
33.403313,0,0,0,0
29.577136,0,0,0,0
25.115205,0,0,0,0
29.582000,0,0,0,0
26.738465,0,0,0,0
28.334331,0,0,0,0
28.509118,0,0,0,0
28.623520,0,0,0,0
34.264383,0,0,0,0
30.354621,0,0,0,0
39.905405,0,0,0,0
36.589318,0,0,0,0
41.096722,0,0,0,0
42.317094,0,0,0,0
39.439637,0,0,0,0
37.523477,0,0,0,0
39.301043,0,0,0,0
41.848542,0,0,0,0
39.811227,0,0,0,0
37.369363,0,0,0,0
34.548356,0,0,0,0
38.280738,0,0,0,0
34.080028,0,0,0,0
31.964409,0,0,0,0
32.685541,0,0,0,0
34.942890,0,0,0,0
44.017507,0,0,0,0
36.974445,0,0,0,0
39.261843,0,0,0,0
32.294686,0,0,0,0
26.800546,0,0,0,0
46.459660,0,0,0,0
43.523610,0,0,0,0
45.681150,0,0,0,0
38.226113,0,0,0,0
38.156352,0,0,0,0
37.855323,0,0,0,0
36.933643,0,0,0,0
38.435396,0,0,0,0
44.509291,0,0,0,0
35.365073,0,0,0,0
43.340631,0,0,0,0
39.634521,0,0,0,0
28.032630,0,0,0,0
33.911897,0,0,0,0
33.796023,0,0,0,0
38.922957,0,0,0,0
26.553853,0,0,0,0
32.081530,0,0,0,0
30.547296,0,0,0,0
26.914499,0,0,0,0
26.777762,0,0,0,0
30.798085,0,0,0,0
16.370898,0,0,0,0
27.807346,1392007568,1347161152,338254554,-2147346209
24.813216,65535,65535,1078483261,1080534755
