#Stereo rect[ms], MP culling[ms], MP creation[ms], LBA[ms], KF culling[ms], Total[ms]
9.225187,0.133698,1.461908,0.015745,0.015745,10.849114
10.605303,0.377766,7.640940,0.004672,0.004672,18.633033
10.517654,0.553352,6.423323,0.336005,0.336005,40.014457
10.602199,0.378117,7.978546,0.769707,0.769707,41.737426
9.107586,0.293316,14.088744,0.843564,0.843564,64.045199
8.642426,0.357510,22.629153,0.705610,0.705610,63.045600
12.233134,0.611080,24.621246,1.045295,1.045295,80.738748
13.068250,0.569320,27.050785,1.407028,1.407028,88.228966
13.332893,0.525096,28.119759,1.639287,1.639287,93.221997
12.615315,0.446535,25.912400,50.831027,50.831027,145.589142
13.679106,0.296932,34.482187,1.621783,1.621783,93.895415
13.898757,0.535560,46.168848,2.067422,2.067422,107.142099
13.228028,0.328485,36.260131,2.391746,2.391746,97.431753
10.700056,0.458471,35.868126,2.244192,2.244192,117.878828
10.933244,0.394629,32.310764,2.462211,2.462211,99.927533
9.352645,0.245732,19.180752,2.995211,2.995211,89.165428
8.878334,0.218115,20.520004,3.163885,3.163885,84.824086
8.813085,0.200227,19.480693,3.236750,3.236750,105.256024
7.629452,0.160418,14.776114,3.563314,3.563314,81.707721
18.454342,0.321381,48.963704,3.851223,3.851223,144.933133
18.136258,0.424998,56.186591,4.494304,4.494304,166.990950
19.973020,0.417350,58.982823,6.659231,6.659231,292.516159
17.307990,0.439750,37.084399,5.127209,5.127209,135.844875
17.760765,0.434150,43.724781,5.105193,5.105193,166.800964
16.294408,0.365765,39.714869,5.233834,5.233834,146.724838
14.265515,0.361861,41.772434,5.867187,5.867187,159.660734
15.042133,0.473991,43.600396,4.492224,4.492224,152.681626
15.265049,0.476071,49.776100,4.978183,4.978183,163.311410
15.493244,0.528424,59.045639,6.126423,6.126423,182.912360
15.526364,0.567176,42.911362,5.992982,5.992982,155.229279
14.886707,0.594985,50.126920,6.699647,6.699647,184.520479
11.931370,0.648169,38.656614,6.889826,6.889826,161.778813
15.989188,0.588072,51.406939,4.909830,4.909830,188.537369
17.114772,0.536935,50.858387,6.417435,6.417435,188.327062
16.924177,0.677482,41.885619,6.480476,6.480476,162.028864
9.135170,0.221987,27.159074,6.482076,6.482076,133.882863
10.966044,0.349253,36.428998,7.228679,7.228679,143.402615
11.338465,0.389093,32.544751,4.636898,4.636898,132.210775
11.921097,0.395494,35.330262,6.584285,6.584285,144.665736
16.442858,0.560424,51.267289,5.795763,5.795763,169.819567
17.858654,0.478663,51.655742,4.917446,4.917446,191.014428
18.338021,0.443078,53.945407,6.453371,6.453371,184.451870
12.406128,0.381318,41.287819,6.563742,6.563742,181.731352
11.660870,0.359429,37.616503,6.541277,6.541277,151.437545
9.437414,0.254596,29.304000,7.806895,7.806895,135.191682
10.694648,0.361029,31.121498,7.729326,7.729326,141.900737
9.395685,0.388806,29.034269,5.330956,5.330956,128.999178
11.831560,0.459783,36.222627,6.292090,6.292090,145.172656
11.027197,0.428902,34.749166,6.368570,6.368570,140.076551
9.384965,0.357349,31.702819,5.099497,5.099497,134.325910
10.594359,0.406086,35.160500,6.321754,6.321754,144.419878
10.931228,0.441670,34.236295,7.319240,7.319240,145.485813
9.825740,0.369861,26.807133,5.186186,5.186186,129.312015
11.510244,0.379493,33.690783,6.409851,6.409851,142.522058
8.806973,0.312068,26.607483,5.462541,5.462541,130.171226
10.790362,0.355013,31.946118,8.790045,8.790045,144.367077
18.602281,0.689098,54.733418,5.028968,5.028968,186.904610
17.731229,0.567496,50.753585,8.002930,8.002930,182.647749
17.325462,0.688586,47.333569,7.072708,7.072708,164.308896
8.644507,0.307620,28.357556,7.650029,7.650029,134.684827
10.838490,0.466279,38.237408,7.865040,7.865040,143.859550
10.767385,0.414726,34.711406,4.695842,4.695842,299.589027
12.869559,0.647753,43.783183,7.323400,7.323400,150.435643
12.649364,0.340357,41.119625,5.581391,5.581391,142.993265
12.059308,0.541576,42.408155,5.704274,5.704274,143.140788
12.623571,0.504199,38.998731,5.065992,5.065992,141.045045
13.804068,0.557256,41.374796,6.030294,6.030294,151.154629
15.418619,0.686218,57.852631,5.949556,5.949556,189.434597
16.559980,0.605448,55.375091,4.940486,4.940486,186.561277
17.159732,0.570408,61.031108,7.085861,7.085861,184.238876
16.485963,0.591048,55.803129,6.045174,6.045174,172.912123
16.728750,0.447270,38.860969,6.231736,6.231736,150.599805
13.395903,0.354565,36.724458,7.322248,7.322248,144.368293
15.935235,0.533191,52.091621,4.660739,4.660739,162.383333
9.832459,0.302117,30.756533,7.380745,7.380745,137.181918
10.929403,0.395046,33.056118,4.841445,4.841445,135.027232
12.943416,0.481767,37.825658,7.444906,7.444906,145.604278
11.636262,0.372837,35.550105,5.472366,5.472366,141.303641
9.814955,0.271940,34.022980,4.517473,4.517473,136.313490
11.684358,0.392069,37.648472,6.085527,6.085527,140.517102
11.239712,0.312388,35.677467,5.323148,5.323148,138.345679
13.033593,0.327813,40.275197,4.707907,4.707907,145.696695
11.728678,0.229316,33.492348,6.363738,6.363738,137.838215
13.111002,0.281476,34.236487,6.970851,6.970851,139.496447
13.151003,0.294276,45.117697,4.309117,4.309117,156.942487
13.363582,0.216227,40.413855,8.182869,8.182869,155.911529
13.773860,0.148610,39.218637,5.032135,5.032135,148.772419
12.750645,0.128930,36.164386,6.728703,6.728703,159.942082
14.531535,0.098017,35.334070,5.685457,5.685457,151.541995
15.365690,0.075393,32.097321,4.357086,4.357086,151.007267
12.378352,0.056096,27.159874,4.576737,4.576737,142.566667
16.323496,0.067009,27.959149,5.650608,5.650608,153.997325
17.154260,0.058785,22.395902,4.822565,4.822565,149.699025
17.542553,0.079905,23.215402,6.240441,6.240441,155.747174
18.371685,0.059233,24.241209,6.495804,6.495804,157.701474
19.302514,0.057505,25.413065,6.778209,6.778209,167.758225
20.006172,0.057281,27.075969,6.056182,6.056182,162.348612
21.052331,0.048929,27.061985,5.819698,5.819698,166.518079
22.065690,0.062497,27.904364,6.166040,6.166040,189.531367
22.984199,0.063137,28.289938,7.821999,7.821999,193.817956
24.098967,0.040864,29.994603,9.610345,9.610345,192.073131
24.945923,0.038176,29.407458,8.540889,8.540889,190.975579
25.782159,0.057121,30.396848,7.318248,7.318248,192.973464
27.228100,0.051488,31.266461,10.952060,10.952060,196.778542
23.638000,0.049985,23.548558,9.730954,9.730954,180.499398
28.785913,0.052641,31.624834,10.051663,10.051663,197.818748
28.566934,0.061441,29.036541,9.881548,9.881548,201.145771
27.855116,0.070209,32.505326,11.008508,11.008508,224.817788
28.416628,0.097601,32.639632,10.460373,10.460373,200.429506
28.814842,0.088609,31.674434,8.991232,8.991232,196.378152
30.194190,0.085697,31.624673,12.018987,12.018987,206.742780
30.675796,0.077633,33.051702,10.675544,10.675544,203.762161
30.087788,0.060897,32.021511,10.792666,10.792666,193.965350
29.559588,0.062881,30.555251,11.047037,11.047037,199.031854
29.337601,0.055969,32.883444,9.445382,9.445382,209.816967
30.779574,0.052417,31.683490,10.775417,10.775417,199.050062
31.158427,0.046944,32.714225,12.945272,12.945272,192.724852
30.552306,0.056929,31.865253,12.972536,12.972536,202.072857
30.315343,0.052640,34.229831,12.874071,12.874071,200.978729
31.351838,0.065633,32.110024,9.427654,9.427654,195.106614
32.159786,0.043584,33.817601,11.547301,11.547301,206.176820
31.822852,0.071617,37.848538,11.612773,11.612773,270.226561
32.090632,0.060705,36.896589,11.941418,11.941418,212.729393
33.042549,0.037537,37.419956,12.122381,12.122381,208.487860
32.958165,0.183170,34.745774,10.179664,10.179664,202.727171
34.061669,0.046112,37.564438,11.963978,11.963978,212.754865
34.168710,0.058241,33.815872,12.629715,12.629715,234.813642
34.392553,0.044800,33.219961,12.125260,12.125260,232.651883
34.582412,0.053344,36.902829,12.343727,12.343727,207.085696
34.209479,0.069345,38.563396,10.664600,10.664600,208.381011
34.371817,0.067521,37.489781,12.632211,12.632211,201.484208
33.919170,0.076929,41.342604,12.531346,12.531346,211.045656
28.263250,0.078785,32.275659,12.699669,12.699669,198.474214
28.692728,0.061953,34.676237,13.983623,13.983623,198.657769
24.115127,0.116769,23.840339,11.557028,11.557028,212.530093
20.760999,0.160771,33.542525,14.573487,14.573487,197.902398
16.771663,0.244707,23.338188,14.258475,14.258475,165.385488
16.010244,0.322149,52.100932,13.383614,13.383614,192.361871
22.661762,0.466119,62.413175,14.278763,14.278763,210.818774
21.852567,0.500231,78.224056,11.404258,11.404258,226.641814
18.540583,0.501031,53.837470,9.893900,9.893900,199.869657
22.832677,0.648745,74.140030,12.420337,12.420337,234.773130
22.727107,0.614985,71.505721,12.540466,12.540466,250.623371
22.946758,0.548872,84.677620,12.318671,12.318671,262.938202
22.442911,0.657898,72.142817,13.184027,13.184027,230.974964
20.828328,0.672458,76.696290,10.633591,10.633591,235.058030
20.625349,0.728298,73.511478,12.521682,12.521682,240.979394
14.021096,0.522471,47.335617,12.825910,12.825910,202.394174
9.083777,0.361381,33.649791,12.184718,12.184718,177.928450
13.376318,0.434310,45.254884,11.457443,11.457443,198.495302
11.434434,0.408326,40.636898,9.994830,9.994830,198.470949
11.351362,0.385285,45.569000,13.076537,13.076537,206.659994
16.340041,0.513895,68.149961,9.798603,9.798603,227.276095
17.628699,0.674250,76.565792,12.932536,12.932536,247.496607
17.212469,0.697066,67.922405,9.705834,9.705834,236.396353
16.729966,0.677737,67.967334,11.922601,11.922601,241.523146
17.051699,0.701034,77.322123,11.025981,11.025981,251.717595
16.897392,0.524328,47.038045,11.678982,11.678982,228.741172
15.810465,0.684874,44.948063,9.681738,9.681738,227.099869
12.747285,0.670986,47.432354,12.158253,12.158253,237.105227
16.506954,0.646122,44.826781,11.815272,11.815272,237.822037
16.428330,0.603016,46.057839,12.371216,12.371216,275.662383
17.146644,0.657706,40.785763,12.069036,12.069036,240.375514
18.331877,0.758954,60.296538,12.696660,12.696660,277.233285
11.653894,0.602856,36.915213,11.296096,11.296096,230.102727
13.117562,0.625129,39.899095,9.243075,9.243075,234.839467
12.494641,0.608809,40.650338,13.007193,13.007193,241.855406
12.179053,0.580584,37.648248,11.132670,11.132670,235.410323
13.669155,0.560616,44.806845,9.056161,9.056161,261.602952
19.591959,0.700138,61.392296,10.877307,10.877307,271.076622
19.325395,0.664233,56.570884,15.910306,15.910306,273.927062
9.618025,0.434150,30.587667,15.148087,15.148087,225.603463
20.048477,0.651594,58.180731,10.513654,10.513654,266.594639
20.139231,0.608904,53.639419,13.405247,13.405247,263.380033
18.713290,0.643817,56.935338,17.586810,17.586810,267.973538
11.453123,0.505799,36.329956,15.315002,15.315002,231.774847
15.150136,0.619753,44.256405,14.165545,14.165545,263.886856
20.813128,0.698858,57.971416,12.424656,12.424656,268.707244
15.188792,0.527239,45.091361,11.586948,11.586948,246.924150
19.963612,0.729643,75.395184,13.149627,13.149627,316.610838
19.175664,0.795147,68.747026,12.838166,12.838166,290.826822
19.169233,0.740682,61.762158,15.415579,15.415579,284.186184
13.003417,0.571432,50.541902,11.821032,11.821032,275.819601
16.155270,0.710346,61.443049,13.871973,13.871973,275.295978
21.196782,0.679017,59.065512,15.484188,15.484188,289.143631
17.869374,0.546888,46.437492,13.632194,13.632194,258.139990
22.884517,0.605289,63.316324,16.440778,16.440778,289.532404
22.906629,0.623657,70.023908,18.877709,18.877709,294.096341
22.170396,0.586696,74.489187,14.870964,14.870964,301.357213
22.267997,0.662505,54.529383,17.025266,17.025266,273.676051
15.740192,0.597000,45.765099,16.992817,16.992817,273.434383
12.041643,0.571816,36.224356,14.874483,14.874483,239.942292
21.671124,0.818028,57.886135,20.514980,20.514980,279.019551
20.893577,0.789387,61.223847,20.156287,20.156287,280.498964
18.048929,0.739083,49.122362,15.488092,15.488092,268.048163
10.648536,0.589608,31.394079,13.111418,13.111418,234.754346
11.863945,0.682665,35.125204,15.218200,15.218200,238.891684
20.123966,0.925517,56.911305,20.179263,20.179263,286.417320
19.801049,0.834732,57.980121,15.898466,15.898466,272.900520
19.521398,0.844428,56.065565,16.027940,16.027940,276.364474
16.408329,0.694986,41.683249,14.572496,14.572496,248.694928
13.571361,0.694794,38.044156,16.002179,16.002179,239.235881
12.486002,0.631017,34.440234,16.384425,16.384425,236.224383
17.483928,0.907789,53.777373,20.315809,20.315809,274.908324
17.158964,1.005647,55.026158,13.071546,13.071546,272.644741
17.523801,0.897613,55.972412,20.280000,20.280000,274.814915
17.291542,0.893453,57.287950,16.440521,16.440521,275.304714
16.777550,0.750795,46.746521,17.104084,17.104084,268.030883
16.201351,0.888908,56.318241,17.667963,17.667963,277.418793
16.300968,0.930605,62.044466,13.502944,13.502944,281.331776
11.568677,0.688810,44.451160,16.450634,16.450634,264.445072
10.081455,0.526312,28.982236,13.664674,13.664674,223.889039
9.985294,0.625033,34.563116,15.657502,15.657502,232.607179
9.808748,0.637353,32.260202,15.123959,15.123959,245.000892
9.518792,0.594760,30.854903,10.996924,10.996924,224.923422
14.941460,0.753195,56.537284,13.108667,13.108667,269.033041
15.859265,0.819148,58.703715,13.432351,13.432351,269.035281
16.429353,0.723563,58.339933,15.087254,15.087254,273.360782
8.527353,0.458599,25.551883,13.165307,13.165307,220.351453
12.067787,0.521544,36.187106,11.026973,11.026973,236.078300
15.814752,0.651146,41.774898,11.873608,11.873608,264.941718
8.785405,0.392006,25.531147,9.430118,9.430118,218.049916
15.487964,0.705674,54.082945,8.818046,8.818046,261.979149
13.290781,0.595145,43.221254,12.761077,12.761077,245.137277
15.032181,0.731691,42.476540,8.032531,8.032531,263.325408
13.613698,0.712650,50.084040,11.837321,11.837321,260.911006
14.107433,0.813035,50.763698,7.133573,7.133573,256.398301
13.730531,0.799628,51.847713,6.946403,6.946403,258.426330
13.971590,0.809772,52.961201,11.824712,11.824712,258.684957
13.827044,0.849580,50.374220,7.999666,7.999666,256.190394
13.809316,0.757067,45.611880,9.385862,9.385862,252.353860
9.809259,0.661418,30.022986,6.955843,6.955843,215.814716
13.144507,0.928461,46.802329,10.969148,10.969148,251.854364
9.062977,0.666089,34.873232,11.002013,11.002013,228.516209
13.537888,0.817644,46.304594,11.514276,11.514276,254.543203
13.655586,0.735018,49.886854,13.119451,13.119451,258.139734
13.528768,0.783819,47.635622,12.787126,12.787126,239.680592
13.340382,0.815211,48.948632,12.236590,12.236590,260.173619
9.236611,0.676394,42.136823,10.218449,10.218449,220.931013
9.066240,0.599561,40.258812,13.784868,13.784868,216.205441
10.246162,0.710250,41.240746,12.158317,12.158317,218.322752
14.646801,0.737578,56.406882,11.792072,11.792072,256.398622
11.158366,0.836076,45.087425,9.994382,9.994382,216.921324
13.996807,0.466886,39.369872,10.002638,10.002638,206.303349
16.194758,0.603784,50.968277,9.547656,9.547656,206.616377
16.700397,0.587145,55.215665,11.446339,11.446339,220.522783
15.581406,0.600072,50.720145,9.855757,9.855757,210.474865
15.446715,0.600617,64.705528,11.761415,11.761415,249.443962
12.094028,0.584936,41.070792,10.459733,10.459733,194.876307
15.450108,0.701866,55.053679,16.302504,16.302504,223.198214
15.692096,0.935437,50.338444,12.450065,12.450065,217.006734
10.959516,0.882733,37.114479,12.341488,12.341488,205.279527
16.268616,0.991854,52.856335,16.108165,16.108165,229.147834
16.316392,1.025615,59.852819,13.597121,13.597121,247.095641
9.534855,0.719723,38.461634,9.139938,9.139938,200.131197
10.603511,0.770987,44.871934,13.006425,13.006425,217.433588
16.647117,0.901101,56.187071,9.865741,9.865741,229.623777
11.357281,0.961518,43.716109,12.233358,12.233358,215.957342
14.900756,0.734250,52.757422,11.886281,11.886281,228.600242
12.391248,0.628617,49.736355,12.151821,12.151821,225.574311
12.959961,0.544615,48.672820,12.185742,12.185742,229.111514
13.823748,0.559912,46.923835,12.294479,12.294479,225.344964
11.722694,0.555144,47.643878,12.529650,12.529650,226.725495
11.005116,0.427782,45.893165,11.036829,11.036829,223.512938
16.124997,0.535688,54.435590,15.922051,15.922051,242.063858
11.409602,0.431142,42.191768,12.992600,12.992600,219.681363
9.016065,0.365029,32.322475,14.318027,14.318027,211.281756
9.163234,0.465351,32.530766,16.221831,16.221831,211.941541
8.940480,0.505575,33.170039,9.540583,9.540583,202.564928
9.177539,0.445894,35.687067,14.401357,14.401357,209.246399
8.695196,0.416166,33.430939,14.028743,14.028743,207.336740
11.273920,0.528743,47.379618,17.472601,17.472601,231.761023
11.031869,0.564168,45.856875,16.822256,16.822256,236.389953
11.705095,0.566088,46.331571,15.273337,15.273337,230.556974
11.454883,0.495335,38.849544,23.733330,23.733330,228.841558
10.017647,0.489959,32.629936,20.662342,20.662342,225.318884
16.004099,0.541704,49.241052,19.006158,19.006158,255.206508
19.874170,0.809100,62.095475,15.160632,15.160632,274.412829
19.325043,0.711562,67.718659,18.838924,18.838924,284.255722
10.252402,0.547624,35.094995,22.650050,22.650050,230.858482
19.780441,0.725899,72.178114,22.751683,22.751683,288.933900
19.099503,0.547464,58.462623,19.015502,19.015502,282.724275
17.662235,0.460390,49.249436,20.443714,20.443714,259.180740
21.310159,0.575112,68.446285,24.030166,24.030166,292.032664
19.360276,0.438150,57.786581,27.094401,27.094401,298.418771
22.522336,0.653993,71.375895,17.599546,17.599546,286.206021
19.895067,0.565192,51.631006,25.707854,25.707854,281.532067
11.329217,0.447526,33.232025,22.124827,22.124827,240.955554
21.148972,0.665514,62.633146,21.781718,21.781718,291.223724
20.013053,0.776075,63.567304,22.867269,22.867269,291.787157
14.287083,0.631017,50.541454,17.330262,17.330262,265.787842
20.130334,0.776107,59.585200,25.811727,25.811727,293.339691
12.746389,0.670154,43.636012,22.488768,22.488768,268.254982
18.018560,0.857612,69.159895,23.101160,23.101160,300.506576
16.985074,0.816011,71.640123,24.846625,24.846625,308.343488
10.428052,0.581992,38.526308,16.416201,16.416201,262.036717
9.726026,0.656042,42.298489,12.829462,12.829462,268.430696
15.516669,0.905325,63.164898,14.537871,14.537871,298.547701
10.118672,0.639145,47.759847,12.757654,12.757654,277.417289
10.909116,0.666377,49.960774,15.529693,15.529693,287.341942
17.237589,0.887629,65.242495,20.181983,20.181983,302.478732
17.152820,0.858348,64.227281,20.558020,20.558020,299.379584
11.501411,0.547080,42.404219,21.135661,21.135661,271.436627
11.460227,0.671210,49.389950,19.871290,19.871290,283.866852
15.603581,0.695146,50.976149,15.560061,15.560061,290.640580
17.191380,0.896909,62.531321,19.870010,19.870010,306.553318
11.529988,0.670633,47.704487,19.759129,19.759129,288.824426
17.069107,0.837356,60.482459,18.870124,18.870124,307.724119
14.552110,0.656842,37.726104,17.501817,17.501817,283.365724
17.521113,1.003983,61.672460,20.963370,20.963370,311.469325
17.433848,0.928717,60.122647,18.672490,18.672490,300.663763
17.937023,0.913037,61.701389,21.532370,21.532370,300.731731
17.447224,0.798828,59.902419,21.027787,21.027787,295.146372
17.302742,0.864524,60.031158,20.186431,20.186431,291.491568
17.300342,0.806891,61.607180,13.155931,13.155931,288.769865
17.193172,0.721578,62.455288,22.520736,22.520736,293.395499
16.729326,0.655242,58.963750,22.081786,22.081786,282.225997
15.057238,0.605673,42.647358,22.028858,22.028858,275.692496
17.099091,0.683882,49.609953,18.364581,18.364581,264.814805
10.973820,0.514983,45.311781,17.067570,17.067570,257.807762
12.440081,0.636969,40.781924,17.175444,17.175444,250.077155
14.087368,0.589929,45.592104,19.656215,19.656215,274.250651
16.132965,0.836012,55.651831,21.068683,21.068683,274.126393
9.296196,0.566120,29.817832,16.499083,16.499083,224.675451
16.126117,0.853613,56.931081,16.352200,16.352200,276.141558
9.854732,0.583817,30.761205,20.589509,20.589509,222.392442
8.648571,0.535112,25.500650,15.462364,15.462364,211.839940
11.017596,0.542152,43.077188,16.291976,16.291976,232.037667
12.353040,0.626281,40.894533,15.828993,15.828993,213.168567
10.414068,0.552392,36.866060,18.368901,18.368901,207.435461
18.415813,0.653930,59.474797,14.632176,14.632176,240.369913
19.622263,0.709483,76.290396,17.887806,17.887806,268.754190
16.014340,0.550152,51.472219,16.639052,16.639052,230.098183
12.597619,0.466886,52.743406,19.906011,19.906011,229.737250
17.247925,0.544744,53.598522,19.515989,19.515989,236.783142
14.495951,0.496199,56.313888,19.393076,19.393076,233.848733
13.283677,0.536039,54.214691,19.831482,19.831482,232.170725
22.272956,0.618793,69.796129,20.776584,20.776584,270.219234
22.211804,0.584200,74.198399,19.316307,19.316307,277.266630
22.727683,0.511591,68.828051,21.149933,21.149933,259.618699
23.210922,0.516231,75.954776,16.739758,16.739758,294.812511
23.799379,0.490151,73.906650,22.015641,22.015641,284.714512
15.187992,0.392998,53.260533,22.299325,22.299325,243.526887
16.952497,0.416582,53.272693,19.677399,19.677399,268.176132
15.474780,0.425415,49.306781,25.971633,25.971633,251.371318
25.938769,0.532424,66.118668,28.235089,28.235089,302.568270
17.275190,0.461414,51.070839,33.580798,33.580798,275.475789
27.362149,0.617545,61.434281,27.032769,27.032769,322.256742
26.835614,0.526471,60.549053,25.391785,25.391785,315.314051
24.035125,0.418086,82.491765,26.368247,26.368247,336.602225
23.419341,0.441478,79.653037,28.283890,28.283890,333.645864
24.389467,0.469126,79.244871,26.913375,26.913375,338.712144
14.673392,0.383270,48.351247,34.315400,34.315400,300.632786
18.040832,0.384774,58.243900,25.109829,25.109829,311.123335
15.615966,0.401382,54.242403,22.223196,22.223196,307.641878
16.176230,0.455110,55.795290,21.824438,21.824438,312.470234
14.594320,0.439078,57.340911,22.520672,22.520672,323.638554
23.845683,0.600136,73.467925,21.374896,21.374896,349.349511
23.115880,0.507527,70.591084,24.101687,24.101687,346.843043
15.439548,0.434182,52.872944,26.977407,26.977407,324.227202
16.494347,0.494695,52.963953,21.367375,21.367375,345.483632
23.666769,0.697130,70.588683,19.968731,19.968731,352.533044
15.523836,0.468647,48.353999,21.157805,21.157805,330.972673
14.704113,0.541672,51.008693,25.078533,25.078533,338.705552
14.077512,0.477638,50.977045,28.738873,28.738873,340.586922
24.568317,0.620425,76.996455,25.492042,25.492042,371.374368
25.050308,0.620169,65.117566,26.778781,26.778781,367.147108
25.265415,0.819916,76.233884,29.084669,29.084669,379.473267
16.965457,0.559944,50.854707,28.359763,28.359763,366.000883
25.181766,0.829548,65.062205,23.513774,23.513774,356.983539
15.910338,0.656362,55.788473,32.398413,32.398413,346.735010
23.272523,0.734698,66.975513,29.697702,29.697702,354.193452
17.361655,0.579816,54.628009,22.444479,22.444479,326.456962
13.953735,0.573608,43.557387,26.140467,26.140467,307.513332
16.758478,0.574248,48.114700,24.336250,24.336250,311.452172
15.421436,0.575016,45.652009,23.723633,23.723633,303.714750
24.580958,0.767531,72.613192,25.665133,25.665133,323.624186
24.060310,0.831692,73.872955,21.287791,21.287791,322.468969
25.362089,0.881548,84.258222,23.586127,23.586127,355.322940
12.579731,0.570120,36.712426,25.552395,25.552395,261.449765
25.743150,0.891277,73.319890,26.515929,26.515929,322.859982
26.386103,0.851276,74.751495,27.926381,27.926381,326.722373
27.739467,0.765578,69.599038,36.464006,36.464006,333.764553
28.382611,0.757195,67.898054,32.201354,32.201354,325.024397
26.100819,0.746634,62.709084,34.783247,34.783247,328.962661
27.095873,0.730378,83.661734,29.102558,29.102558,363.172459
28.951707,0.720714,75.280399,31.836741,31.836741,349.928495
29.871785,0.612137,73.940635,37.753785,37.753785,350.734491
22.551585,0.401606,65.623877,32.217867,32.217867,336.213389
26.940959,0.589224,78.748896,35.762364,35.762364,356.144999
26.383863,0.645833,84.812694,38.918922,38.918922,372.273869
23.303883,0.619625,72.370181,35.732060,35.732060,372.847125
18.153091,0.559144,56.143006,21.590259,21.590259,318.246989
22.997671,0.747947,78.964642,31.512672,31.512672,353.811590
23.471502,0.645289,70.890000,32.092841,32.092841,340.702444
22.781476,0.600745,75.238094,23.762354,23.762354,366.347641
24.014933,0.561608,78.271865,37.578999,37.578999,383.449868
16.825967,0.425318,60.833281,49.364862,49.364862,354.705523
30.268207,0.567752,83.655173,43.681230,43.681230,393.473019
29.137311,0.574408,69.995171,26.714172,26.714172,356.312106
19.258865,0.360774,60.577277,39.514738,39.514738,336.219852
31.030841,0.558792,89.972608,38.820840,38.820840,385.634251
25.212582,0.348485,65.643589,40.421182,40.421182,349.483560
33.263481,0.500839,92.416034,41.554991,41.554991,402.794239
34.307239,0.480903,89.864382,36.120802,36.120802,407.268126
34.344904,0.431303,90.146113,35.165460,35.165460,390.687475
35.664859,0.461959,82.741848,40.287101,40.287101,403.932495
22.591873,0.313285,64.515029,33.283897,33.283897,353.237950
36.676330,0.367941,87.982627,44.733020,44.733020,406.088846
37.368595,0.379430,83.944265,34.567371,34.567371,398.405025
37.105616,0.374373,89.340278,36.552424,36.552424,399.536817
38.324033,0.354661,75.839575,37.151184,37.151184,377.034033
38.193535,0.390662,71.848189,40.048666,40.048666,404.385558
37.571318,0.450598,82.935931,35.069011,35.069011,421.621610
36.887693,0.504391,68.198154,42.461564,42.461564,382.106265
36.505831,0.512808,74.157310,35.651291,35.651291,393.065077
34.730606,0.489895,59.795794,34.906512,34.906512,368.111314
35.870110,0.707018,82.063535,32.287883,32.287883,401.354602
35.294005,0.572808,82.430548,42.784641,42.784641,422.162514
37.324786,0.426822,74.274336,42.105335,42.105335,420.841119
24.838242,0.376293,67.313181,43.173638,43.173638,375.039701
38.229024,0.467271,78.293689,35.671900,35.671900,424.902234
38.163967,0.590536,67.559265,32.225930,32.225930,386.652953
38.362209,0.544520,79.792846,42.834945,42.834945,413.286132
25.832015,0.418374,57.289134,44.206996,44.206996,378.014974
35.985792,0.585768,76.457503,48.953368,48.953368,439.900494
35.669947,0.589736,81.647049,43.204806,43.204806,426.243884
36.057441,0.593800,74.611877,43.527979,43.527979,403.802925
25.553163,0.416294,75.282735,37.750073,37.750073,388.389106
32.820083,0.531815,86.675441,36.095042,36.095042,440.250356
31.132059,0.548552,81.666313,36.140034,36.140034,424.187247
30.668276,0.645002,84.845014,44.771260,44.771260,441.473957
31.538657,0.689226,80.261077,42.025077,42.025077,416.999913
34.919344,0.557864,83.485699,31.374270,31.374270,405.871050
21.351696,0.392613,55.280626,40.693539,40.693539,390.676243
24.671775,0.422534,61.094308,41.956437,41.956437,377.607929
26.133620,0.397765,62.569082,38.417059,38.417059,379.495124
34.146693,0.586824,74.960938,41.079336,41.079336,399.651698
36.421030,0.633449,90.206754,40.731139,40.731139,420.729438
22.370174,0.555496,67.059290,35.138004,35.138004,375.633053
34.620237,0.599496,73.499541,41.375180,41.375180,416.438081
36.395302,0.651433,77.094024,39.061772,39.061772,414.720233
33.100375,0.537960,78.421115,41.711185,41.711185,421.295654
34.872559,0.603241,72.010144,40.303517,40.303517,415.317680
34.319624,0.734603,84.015306,39.378320,39.378320,415.331217
20.571172,0.452711,48.858262,34.344104,34.344104,353.881415
19.525685,0.457671,49.146907,44.705852,44.705852,355.318236
30.139629,0.613608,69.432700,35.581658,35.581658,383.406763
31.759236,0.697578,71.145843,42.083350,42.083350,394.639819
30.713652,0.652394,76.940774,41.587119,41.587119,399.964662
22.872517,0.493543,61.323368,36.944845,36.944845,355.706945
32.739281,0.645545,84.956824,42.081751,42.081751,449.366805
34.896112,0.619625,74.237023,39.525874,39.525874,400.360188
36.966958,0.558472,88.735373,31.816356,31.816356,396.639975
25.183366,0.407494,53.497272,39.292879,39.292879,351.172897
39.470257,0.685578,93.635635,40.674690,40.674690,414.010206
37.648216,0.579848,81.098913,39.448720,39.448720,404.933725
38.585700,0.569544,84.288847,39.590035,39.590035,402.078900
39.923896,0.627913,95.437548,37.633143,37.633143,411.099893
39.363600,0.640393,92.820328,38.466659,38.466659,401.896210
40.354334,0.567048,95.667408,37.686903,37.686903,417.665458
40.675394,0.518471,87.661983,43.477258,43.477258,411.711165
31.486400,0.386565,68.873012,42.138487,42.138487,372.891734
39.683188,0.583017,97.389128,38.655109,38.655109,410.140391
38.868201,0.617257,106.050116,39.948440,39.948440,416.465506
35.319639,0.587144,96.699231,31.745124,31.745124,414.230178
36.596744,0.540744,84.606450,39.773782,39.773782,393.903200
34.834959,0.551208,82.680215,37.701496,37.701496,408.763987
31.382494,0.649001,78.351738,37.274578,37.274578,406.353297
32.422925,0.786604,90.502822,40.935622,40.935622,415.201360
31.613025,0.684810,85.169435,36.416422,36.416422,398.992233
23.392780,0.527016,59.932724,42.561501,42.561501,372.819156
26.861438,0.592968,64.791257,26.620603,26.620603,380.446241
19.780505,0.530440,68.055783,37.108272,37.108272,379.449523
15.420284,0.446246,53.085491,37.523829,37.523829,352.165807
16.045860,0.565352,68.302539,42.205624,42.205624,381.966967
14.099656,0.484775,49.956230,41.392716,41.392716,347.927538
23.125001,0.840300,79.237862,42.209112,42.209112,391.406653
13.414111,0.507879,41.691601,34.502442,34.502442,327.309229
14.105289,0.540968,41.699537,25.666477,25.666477,324.073248
12.370992,0.352613,37.285714,41.995797,41.995797,331.723148
22.358302,0.421510,64.766424,38.026621,38.026621,370.946458
22.180859,0.455590,65.953258,25.075428,25.075428,356.418315
15.891842,0.396326,43.004995,28.625015,28.625015,328.642369
11.865449,0.268067,32.245835,35.471096,35.471096,303.989346
21.953785,0.402373,63.144834,37.872539,37.872539,358.378792
15.431771,0.254820,39.641075,37.413363,37.413363,310.805155
13.297949,0.236580,35.897342,35.243381,35.243381,297.283907
16.187974,0.296005,37.959611,35.445560,35.445560,301.293692
16.177350,0.170883,38.165982,27.182531,27.182531,297.214914
