1403636626013555456.000000 0.652990878 2.434006691 -0.560325980 -0.554874837 -0.596126318 -0.387237102 0.432197541
1403636627263555584.000000 0.718798697 2.453111887 -0.453802764 -0.550541520 -0.603846550 -0.380549669 0.432961106
1403636627513555456.000000 0.740450263 2.435984850 -0.395973146 -0.552421451 -0.597997427 -0.380730718 0.438490301
1403636627763555584.000000 0.770149708 2.414541245 -0.386383563 -0.572309256 -0.592484176 -0.380895466 0.419932425
1403636628013555456.000000 0.803077281 2.407890081 -0.410275042 -0.594159186 -0.586837411 -0.383793771 0.394080073
1403636628463555584.000000 0.857618988 2.466091633 -0.333916485 -0.593462944 -0.555555224 -0.402182281 0.421200275
1403636628863555584.000000 0.946336150 2.503047705 -0.312026948 -0.599900484 -0.559424043 -0.402618468 0.406278819
1403636629113555456.000000 1.017106771 2.514540672 -0.291487187 -0.611778915 -0.557758689 -0.404395401 0.388711065
1403636629313555456.000000 1.076462984 2.525686741 -0.266497135 -0.621789336 -0.542656422 -0.414373338 0.383662432
1403636632063555584.000000 2.165237904 3.204535961 -0.347524494 -0.676320493 -0.464191884 -0.469324917 0.326880276
1403636633063555584.000000 2.396571398 3.634882689 -0.439123780 -0.634071350 -0.524455070 -0.433328331 0.367596179
1403636633263555584.000000 2.445461273 3.735996485 -0.444032967 -0.621861577 -0.538634956 -0.426427126 0.375926077
1403636633663555584.000000 2.535976887 3.948411465 -0.511779845 -0.630868435 -0.539985240 -0.410398364 0.376821220
1403636634313555456.000000 2.738632202 4.375082970 -0.518637717 -0.634553492 -0.529276967 -0.416222543 0.379429132
1403636634663555584.000000 2.879160166 4.624937534 -0.509139299 -0.615604341 -0.534400165 -0.431406528 0.386440426
1403636634863555584.000000 2.950372219 4.757306576 -0.517271876 -0.609055638 -0.546862245 -0.422982037 0.388689101
1403636635313555456.000000 3.082911015 5.046206474 -0.501555920 -0.604033411 -0.563121378 -0.405897826 0.391516298
1403636635763555584.000000 3.210945129 5.351552010 -0.470803499 -0.609069169 -0.554732084 -0.398995608 0.402628511
1403636636063555584.000000 3.326192379 5.568968296 -0.386054158 -0.615859866 -0.553534269 -0.392497331 0.400327712
1403636636513555456.000000 3.532852888 5.902146816 -0.237168357 -0.588301420 -0.548984110 -0.431971669 0.407330692
1403636636863555584.000000 3.658321619 6.107837677 -0.191970780 -0.576277435 -0.563135922 -0.447877407 0.387540966
1403636637213555456.000000 3.709945917 6.260571480 -0.233649075 -0.595011294 -0.559958935 -0.416298181 0.398877650
1403636637663555584.000000 3.747586012 6.463232994 -0.232279986 -0.599195063 -0.566698849 -0.403668016 0.396068186
1403636640313555456.000000 4.311832428 8.048265457 -0.342494279 -0.570737004 -0.579076350 -0.403705448 0.419465989
1403636640563555584.000000 4.381710529 8.177907944 -0.343829751 -0.563314140 -0.587002933 -0.399530709 0.422469020
1403636640813555456.000000 4.444776535 8.294754028 -0.368879884 -0.561918378 -0.590588391 -0.396011740 0.422643751
1403636641113555456.000000 4.509905338 8.418820381 -0.371250868 -0.561652839 -0.591271281 -0.396323711 0.421748579
1403636641613555456.000000 4.601972580 8.583304405 -0.434871674 -0.566153765 -0.585562706 -0.394023299 0.425830722
1403636642063555584.000000 4.687804222 8.686978340 -0.405170828 -0.571286619 -0.577273846 -0.404480189 0.420454741
1403636642413555456.000000 4.749283791 8.750329018 -0.377509296 -0.586636305 -0.558405101 -0.418316275 0.411160707
1403636642713555456.000000 4.795516491 8.781149864 -0.416966885 -0.603529871 -0.555115521 -0.413913548 0.395315170
1403636643213555456.000000 4.868254185 8.843425751 -0.429772586 -0.604897439 -0.550255775 -0.414362252 0.399526834
1403636643563555584.000000 4.931168079 8.902601242 -0.432719171 -0.609684467 -0.557248890 -0.403981239 0.393138468
1403636643913555456.000000 5.010036469 9.004181862 -0.379421949 -0.613372207 -0.568947136 -0.393573761 0.381016374
1403636644363555584.000000 5.119673729 9.227339745 -0.381378472 -0.610366583 -0.550802648 -0.398794264 0.406241566
1403636644813555456.000000 5.288245201 9.475577354 -0.512897611 -0.596870244 -0.547365069 -0.419680655 0.409884691
1403636645113555456.000000 5.422814369 9.608026505 -0.630331874 -0.612830579 -0.562297404 -0.401165158 0.383831739
1403636645563555584.000000 5.621168613 9.869563103 -0.693458378 -0.615485489 -0.563588440 -0.400234073 0.378627121
1403636645863555584.000000 5.751417160 10.113604546 -0.730416358 -0.613802850 -0.560994685 -0.403195471 0.382052928
1403636646213555456.000000 5.910230160 10.425967216 -0.673352540 -0.632053733 -0.521472692 -0.421400517 0.388582081
1403636646513555456.000000 6.076560974 10.674744606 -0.645283580 -0.661595941 -0.460252523 -0.465822011 0.365333140
1403636646813555456.000000 6.249831676 10.873394012 -0.601727784 -0.676362693 -0.440795630 -0.483515203 0.338298500
1403636647313555456.000000 6.513951778 11.129367828 -0.502535880 -0.685121536 -0.442644387 -0.476188958 0.328509659
1403636647713555456.000000 6.722926617 11.292852402 -0.490024447 -0.677783310 -0.434663862 -0.481531173 0.346128583
1403636648013555456.000000 6.892728806 11.372520447 -0.477546096 -0.689559221 -0.423289537 -0.488432080 0.326754212
1403636648463555584.000000 7.147143841 11.409880638 -0.565792680 -0.736442804 -0.338917822 -0.521508455 0.266112030
1403636648813555456.000000 7.321278572 11.384881973 -0.630235493 -0.764734209 -0.295240730 -0.527525246 0.223005682
1403636649313555456.000000 7.579091549 11.367584229 -0.551465154 -0.757590890 -0.291539758 -0.541234076 0.219376907
1403636649713555456.000000 7.767416954 11.353046417 -0.382030547 -0.754940987 -0.290874869 -0.541266620 0.229099303
1403636650013555456.000000 7.887855530 11.316891670 -0.289121866 -0.757005036 -0.275896817 -0.551787317 0.215302214
1403636650363555584.000000 7.995338440 11.235421181 -0.283941120 -0.773691297 -0.230506599 -0.561105549 0.182836264
1403636650713555456.000000 8.065645218 11.121803284 -0.339767724 -0.800232410 -0.171109438 -0.559251964 0.132616147
1403636651013555456.000000 8.110232353 11.028560638 -0.356483459 -0.795537174 -0.153519914 -0.573272884 0.122108959
1403636651513555456.000000 8.138456345 10.872994423 -0.285104871 -0.799186289 -0.163039908 -0.564619660 0.126189902
1403636651913555456.000000 8.127001762 10.737031937 -0.286756098 -0.792377234 -0.141887799 -0.576842785 0.138774991
1403636652363555584.000000 8.062155724 10.494587898 -0.373453557 -0.820156038 -0.038346335 -0.569043398 0.045423400
1403636652663555584.000000 8.009567261 10.322365761 -0.440026492 0.834812343 -0.015159245 0.550285637 -0.006662349
1403636652813555456.000000 8.001218796 10.238895416 -0.443060577 0.836622953 -0.021645004 0.547348142 0.001888423
1403636653113555456.000000 8.026164055 10.077315331 -0.420194834 0.828412950 -0.017934971 0.559815824 0.004082013
1403636653413555456.000000 8.080620766 9.926491737 -0.440642208 0.813648880 -0.004740593 0.581337392 -0.000084153
1403636653863555584.000000 8.131558418 9.729183197 -0.396911204 -0.807067096 -0.006395954 -0.590373099 0.007833336
1403636654213555456.000000 8.124046326 9.593104362 -0.426219851 0.808488846 -0.005203108 0.588384151 -0.011085058
1403636654413555456.000000 8.102294922 9.511508942 -0.425681591 0.811489046 -0.026560660 0.583689332 0.009324401
1403636654713555456.000000 8.053504944 9.393857002 -0.381427377 0.815460145 -0.074041821 0.572625756 0.040524609
1403636655213555456.000000 7.972825527 9.225531578 -0.393638402 0.801015496 -0.097993113 0.587457776 0.060538106
1403636655613555456.000000 7.849432945 9.108393669 -0.426740706 0.798862636 -0.134604231 0.581303298 0.076070122
1403636656063555584.000000 7.648092270 8.966808319 -0.526912034 0.798055232 -0.203797907 0.556629896 0.108340017
1403636656363555584.000000 7.514508247 8.846998215 -0.546348572 0.797295094 -0.220404148 0.547025621 0.128473610
1403636656663555584.000000 7.403976917 8.709099770 -0.498558283 0.794851065 -0.216186345 0.551270545 0.132575274
1403636656813555456.000000 7.353503227 8.636639595 -0.483003050 0.784024239 -0.209428266 0.568496227 0.135122016
1403636657113555456.000000 7.236459732 8.502072334 -0.502288938 0.777725518 -0.203769714 0.580089569 0.130832672
1403636657563555584.000000 6.997685909 8.320427895 -0.541081667 0.792080224 -0.214654535 0.560128272 0.113086708
1403636657863555584.000000 6.824614048 8.174957275 -0.590233743 0.791343689 -0.223597914 0.558146954 0.110684529
1403636658113555456.000000 6.675876617 8.024629593 -0.622273266 0.794596374 -0.227846205 0.550784707 0.115493841
1403636658263555584.000000 6.585472584 7.920667648 -0.623495519 0.796482086 -0.221554548 0.547486544 0.129569888
1403636658563555584.000000 6.420806885 7.707918644 -0.651693761 0.800131679 -0.213659957 0.541090965 0.146148697
1403636658963555584.000000 6.256087303 7.453068256 -0.721747816 0.791372061 -0.206661850 0.553070545 0.158537552
1403636659363555584.000000 6.119913101 7.268531322 -0.832365572 0.785623491 -0.211937010 0.561387300 0.150740683
1403636659713555456.000000 6.005289078 7.147610664 -0.888359725 0.789549291 -0.212164834 0.555031300 0.153422251
1403636659913555456.000000 5.947012424 7.094346046 -0.938999116 0.788366497 -0.214704946 0.555265725 0.155112624
1403636660313555456.000000 5.850596905 7.018056393 -1.087533712 0.803519249 -0.220722765 0.531159461 0.153322920
1403636660763555584.000000 5.855832577 6.940647602 -1.212877750 0.795034885 -0.210555002 0.544197023 0.165637791
1403636660913555456.000000 5.878745556 6.925939083 -1.269287944 0.789611816 -0.201594114 0.551697195 0.177491233
1403636661213555456.000000 5.934915066 6.940563679 -1.408251524 0.783047855 -0.210634008 0.561732113 0.164093018
1403636661513555456.000000 5.980385780 6.999879837 -1.511452436 0.782778621 -0.213947773 0.562170565 0.159524813
1403636661663555584.000000 5.997013092 7.042065144 -1.537515283 0.783385515 -0.217021078 0.561618924 0.154250711
1403636662063555584.000000 6.016979218 7.166608334 -1.524514437 0.777310550 -0.222699031 0.570905685 0.142338499
1403636662513555456.000000 5.976939678 7.312970161 -1.495541692 0.792796195 -0.214638069 0.547879398 0.158848807
1403636662913555456.000000 5.952085495 7.453368187 -1.554342508 0.790353894 -0.239456326 0.548765361 0.129838556
1403636663113555456.000000 5.940524101 7.497909069 -1.598712444 0.795037389 -0.248616785 0.540431321 0.118487753
1403636663513555456.000000 5.940281391 7.505283833 -1.672930479 0.813099861 -0.223737851 0.514282763 0.155958921
1403636663963555584.000000 6.090148926 7.488695145 -1.789503336 0.810378373 -0.196544141 0.520302594 0.184234738
1403636664363555584.000000 6.370666981 7.564045429 -1.810721040 0.791133285 -0.195125565 0.555264711 0.166478857
1403636665413555456.000000 7.059214592 8.057538986 -1.903882742 0.796729445 -0.191421822 0.560490131 0.120127469
1403636665763555584.000000 7.257480145 8.224409103 -1.852324724 0.799586654 -0.179117516 0.554337323 0.145905212
1403636668263555584.000000 8.237565994 9.232941628 -1.811640739 0.805299640 -0.190252542 0.546672583 0.128240153
1403636668563555584.000000 8.366646767 9.299718857 -1.867218614 0.802551925 -0.193186074 0.547573745 0.136940122
1403636668763555584.000000 8.461802483 9.348085403 -1.907870531 0.801705003 -0.189597383 0.547124922 0.148243666
1403636669213555456.000000 8.693672180 9.524901390 -1.940461755 0.787875175 -0.192873001 0.565696359 0.148460165
1403636669513555456.000000 8.828279495 9.690360069 -1.974942088 0.783643723 -0.193347871 0.571358442 0.148555458
1403636669813555456.000000 8.934604645 9.885371208 -2.019180059 0.769466400 -0.193322092 0.591807842 0.142518863
1403636670213555456.000000 8.969276428 10.147632599 -1.995568037 0.770736039 -0.225788340 0.590806305 0.077029951
1403636670613555456.000000 8.837224960 10.254188538 -1.961228848 0.773381174 -0.204552680 0.599653900 0.021329891
1403636671063555584.000000 8.469660759 10.066512108 -1.860571861 0.779539466 -0.114440106 0.612228930 -0.066312261
1403636671263555584.000000 8.234453201 9.851080894 -1.779979825 0.791099191 -0.048855714 0.604412854 -0.080376603
1403636672013555456.000000 7.365912437 8.804191589 -1.540556192 -0.858483672 -0.081453957 -0.504799902 0.039346207
1403636672213555456.000000 7.251915932 8.573547363 -1.456608415 -0.856572747 -0.094378196 -0.507122755 0.014226949
1403636673163555584.000000 7.156382084 8.084775925 -1.445731878 -0.824033558 -0.122243911 -0.549942136 0.059906229
1403636673463555584.000000 7.186176300 8.064104080 -1.436124086 -0.836134434 -0.146477848 -0.524018824 0.069481634
1403636676213555456.000000 8.345165253 9.372150421 -1.815602541 -0.767921805 -0.287973225 -0.533905387 0.205700338
1403636676863555584.000000 8.592805862 9.874433517 -1.903481483 -0.728594303 -0.383514106 -0.497113973 0.273760855
1403636678513555456.000000 8.882889748 10.905547142 -1.946062207 -0.611112773 -0.544734895 -0.423454225 0.387932628
1403636678913555456.000000 8.933029175 11.057094574 -1.894922853 -0.537148774 -0.618132770 -0.409446329 0.402165264
1403636679213555456.000000 8.909480095 11.156499863 -1.916176677 -0.498263001 -0.643210411 -0.374912500 0.444359064
1403636679413555456.000000 8.868939400 11.208401680 -1.930238724 -0.471286952 -0.657146215 -0.340373218 0.479784876
1403636680363555584.000000 8.744482040 11.249397278 -1.678453684 -0.398099005 -0.698075414 -0.345654845 0.484490037
1403636680763555584.000000 8.592316628 11.096341133 -1.623629212 -0.416714519 -0.698012769 -0.335997939 0.475639135
1403636682863555584.000000 7.352061749 10.119737625 -1.594787240 -0.428771853 -0.684863865 -0.316606134 0.496866941
1403636683263555584.000000 7.119337082 9.885529518 -1.564694762 -0.428912193 -0.687074840 -0.317452192 0.493139476
1403636686063555584.000000 5.866321087 8.034422874 -1.606778979 -0.429305553 -0.695666611 -0.303833127 0.489316106
1403636688763555584.000000 5.039664268 6.629764080 -1.910807371 -0.415207237 -0.703023612 -0.310590535 0.486717969
1403636689063555584.000000 4.938376427 6.482424736 -1.980087399 -0.411423445 -0.710011244 -0.290647119 0.492076367
1403636689213555456.000000 4.880425930 6.412441730 -1.988913059 -0.409294039 -0.714342356 -0.278931916 0.494358540
1403636689513555456.000000 4.763202667 6.292179108 -1.951791167 -0.403245687 -0.719339788 -0.269696206 0.497199446
1403636689963555584.000000 4.596887112 6.172080994 -1.851659656 -0.424110651 -0.714218557 -0.241676688 0.501611888
1403636690213555456.000000 4.524909496 6.171307087 -1.825092793 -0.418184787 -0.719227672 -0.256139755 0.492164195
1403636690363555584.000000 4.484954834 6.192739964 -1.799748421 -0.415269345 -0.720282972 -0.262708336 0.489620417
1403636690813555456.000000 4.370240688 6.325783730 -1.753055096 -0.433531821 -0.695544124 -0.236799940 0.521722555
1403636691663555584.000000 4.686263561 6.655808449 -1.703051448 -0.394579858 -0.706082582 -0.273699284 0.520425797
1403636691813555456.000000 4.796129227 6.689949512 -1.652483582 -0.388343692 -0.714250803 -0.279734135 0.510669947
1403636693413555456.000000 5.741509914 6.772678375 -1.093199611 -0.400878787 -0.727951884 -0.270023137 0.486281544
1403636693713555456.000000 5.797519207 6.792270184 -1.058123589 -0.409683973 -0.737397730 -0.253849179 0.473248661
1403636694113555456.000000 5.817658901 6.903463840 -1.038328648 -0.392124057 -0.713200450 -0.275508583 0.511545599
1403636696363555584.000000 5.933139801 7.436089993 -1.086556196 -0.401654482 -0.710745752 -0.292335242 0.498050630
1403636699313555456.000000 5.215293407 6.943993092 -1.214175940 -0.654807806 -0.497366697 -0.434337765 0.367700666
1403636700963555584.000000 5.216511726 6.690867901 -1.554225922 -0.744518280 -0.340204656 -0.515253544 0.253903866
1403636701263555584.000000 5.277591228 6.623268604 -1.586583018 -0.753017485 -0.346805423 -0.502236485 0.245864049
1403636701763555584.000000 5.415548325 6.561359882 -1.548814654 -0.737158477 -0.352503270 -0.515890062 0.257286519
1403636704563555584.000000 6.441523552 6.521550655 -2.052998781 -0.782639802 -0.275904655 -0.524895906 0.189303622
1403636705013555456.000000 6.668487549 6.597671509 -2.092472315 -0.793853998 -0.287009358 -0.505021214 0.179930985
1403636706863555584.000000 7.886722088 7.575366497 -2.295557022 -0.775705934 -0.290879130 -0.528283894 0.185972720
1403636707313555456.000000 8.155076981 7.871087074 -2.254119873 -0.775756478 -0.280471832 -0.535913408 0.179817468
1403636707713555456.000000 8.378997803 8.181160927 -2.147416592 -0.784010351 -0.269483060 -0.526694953 0.187880665
1403636708063555584.000000 8.588540077 8.468385696 -2.147884369 -0.778695583 -0.270819038 -0.530988038 0.195811480
1403636709113555456.000000 9.270861626 9.182478905 -2.315751791 -0.758426368 -0.270359755 -0.563322604 0.185372069
1403636709363555584.000000 9.376810074 9.320830345 -2.306447506 -0.768155515 -0.269454151 -0.553050160 0.177389666
1403636710863555584.000000 9.532775879 10.321804047 -2.513813257 -0.745570421 -0.323084861 -0.528329492 0.246188954
1403636711263555584.000000 9.518561363 10.542586327 -2.551035166 -0.719851494 -0.375710219 -0.526550770 0.251793832
1403636711563555584.000000 9.465661049 10.691598892 -2.538805246 -0.707411170 -0.364988685 -0.541405916 0.270614773
1403636713363555584.000000 8.498094559 10.822368622 -2.118391991 -0.694867611 -0.411445707 -0.505588233 0.303730190
1403636713663555584.000000 8.280702591 10.722932816 -1.990361333 -0.704348862 -0.403354257 -0.495166451 0.309851885
1403636714063555584.000000 8.025348663 10.556579590 -1.886780143 -0.709487975 -0.400229365 -0.495700717 0.301204503
1403636716113555456.000000 7.375141621 9.845481873 -1.710832477 -0.635573566 -0.487089694 -0.470134586 0.371164829
1403636716613555456.000000 7.309446812 9.631464958 -1.675483346 -0.652118802 -0.487687647 -0.459137499 0.355098069
1403636717013555456.000000 7.252671719 9.449821472 -1.715298772 -0.620415807 -0.527457535 -0.436521232 0.382520676
1403636717513555456.000000 7.178379536 9.213446617 -1.683378696 -0.572237015 -0.580294073 -0.425766498 0.393098474
1403636717963555584.000000 7.043396473 8.997330666 -1.716068149 -0.560426950 -0.592027128 -0.417527527 0.401368141
1403636718113555456.000000 6.973219395 8.923948288 -1.713290334 -0.546570241 -0.604998529 -0.404188126 0.414571911
1403636720563555584.000000 6.036446095 7.817104340 -1.986066818 -0.504017532 -0.644133508 -0.339206815 0.464754879
1403636723113555456.000000 5.954498768 6.980844021 -2.048593283 -0.579334557 -0.571474195 -0.409348607 0.412580371
1403636726063555584.000000 5.593739033 6.074820042 -1.702439189 -0.663681686 -0.479643017 -0.458340496 0.345533371
1403636729013555456.000000 5.194973946 5.345057011 -1.145610809 -0.615836203 -0.526703119 -0.448523283 0.377036542
1403636731613555456.000000 4.429881096 4.503423214 -1.041243434 -0.618418932 -0.531622887 -0.422451794 0.395562381
1403636734363555584.000000 3.915898800 3.586639643 -0.988965809 -0.604126751 -0.547502041 -0.428408921 0.389535993
1403636737313555456.000000 3.040320635 2.929852962 -0.723548055 -0.569124997 -0.583471537 -0.402346253 0.416863680
1403636739063555584.000000 2.765820265 2.826760530 -0.559267163 -0.651310384 -0.492969573 -0.431990027 0.382309496
1403636741713555456.000000 3.168371916 2.672398567 -1.287971020 -0.736976087 -0.377159476 -0.492653787 0.268158793
1403636744413555456.000000 3.705104351 3.102698565 -2.093760967 -0.738234997 -0.335925698 -0.523266017 0.261449367
1403636746813555456.000000 3.995056868 3.359853745 -2.599305868 -0.761606514 -0.334367841 -0.497455299 0.246357337
1403636747263555584.000000 3.946325302 3.429862976 -2.569335699 -0.742130756 -0.342329949 -0.521697044 0.244713068
1403636747663555584.000000 3.929588556 3.528070927 -2.470169306 -0.744999647 -0.337969780 -0.523728848 0.237613201
1403636748063555584.000000 3.895262480 3.650620699 -2.326988459 -0.754261136 -0.312104434 -0.517294168 0.257075280
1403636748463555584.000000 3.897834778 3.753155231 -2.227201223 -0.749750674 -0.326262772 -0.526418686 0.233045116
1403636748913555456.000000 3.910496473 3.859388113 -2.104893208 -0.753918588 -0.308613896 -0.523031831 0.250603169
1403636749363555584.000000 3.958454132 3.909375668 -2.021375656 -0.753637791 -0.303475916 -0.531656802 0.239318758
1403636749613555456.000000 3.992535830 3.908878565 -1.942429543 -0.747765601 -0.316045463 -0.540401757 0.221196577
1403636750113555456.000000 4.006521225 3.908888817 -1.869209647 -0.735375345 -0.316247046 -0.548979998 0.240482688
1403636750463555584.000000 3.960561991 3.880163193 -1.811940789 -0.740885615 -0.327301472 -0.534332156 0.241767257
1403636750713555456.000000 3.919182301 3.856546164 -1.700316548 -0.738820672 -0.335565984 -0.531168103 0.243721217
1403636751013555456.000000 3.861292601 3.824820757 -1.521407843 -0.739722431 -0.343549550 -0.527231634 0.238351077
1403636751463555584.000000 3.758986235 3.800427914 -1.297521949 -0.751816213 -0.332576603 -0.513753176 0.245403230
1403636751913555456.000000 3.698456526 3.786921740 -1.116675735 -0.753390670 -0.345544010 -0.496815562 0.257247239
1403636752213555456.000000 3.706322193 3.781718254 -1.010703564 -0.740871429 -0.357692033 -0.508498430 0.254156113
1403636752413555456.000000 3.716046095 3.788775206 -0.934600949 -0.722646713 -0.371139646 -0.514383852 0.274675101
1403636754263555584.000000 3.493592739 3.776039839 -0.731944025 -0.592649043 -0.544285238 -0.443798274 0.394415855
1403636754663555584.000000 3.351565123 3.710021019 -0.662825465 -0.581659436 -0.560764372 -0.435252219 0.397204161
1403636754913555456.000000 3.237183809 3.647210836 -0.653781474 -0.560337782 -0.582751632 -0.418170512 0.414192766
1403636756113555456.000000 2.570154905 3.241683483 -0.605105400 -0.554824293 -0.595016956 -0.400893509 0.421199948
1403636756563555584.000000 2.287300110 3.110007524 -0.562946439 -0.550819278 -0.595078766 -0.402167976 0.425135821
1403636756963555584.000000 2.031411409 2.961325884 -0.548909962 -0.548418999 -0.595192969 -0.400211841 0.429898143
1403636757163555584.000000 1.904942513 2.869888783 -0.527566969 -0.548713565 -0.595450640 -0.398223102 0.431010932
1403636757513555456.000000 1.685940742 2.692153215 -0.537274420 -0.546652734 -0.603942037 -0.397136241 0.422738433
1403636757963555584.000000 1.375449300 2.486439466 -0.476738840 -0.543188870 -0.630537629 -0.363461584 0.418645322
1403636758113555456.000000 1.267272115 2.443908930 -0.431302994 -0.533130109 -0.622849286 -0.371859640 0.435375065
1403636758313555456.000000 1.126500964 2.389168978 -0.394676626 -0.527808726 -0.616261005 -0.376039982 0.447475493
1403636758713555456.000000 0.870099008 2.287640572 -0.403925866 -0.556585610 -0.622507155 -0.335309148 0.436193854
1403636759063555584.000000 0.707045794 2.270426750 -0.430660307 -0.534895062 -0.611948192 -0.369218588 0.450648874
1403636759463555584.000000 0.596654356 2.246781826 -0.513509214 -0.539292216 -0.604073346 -0.359986901 0.463323683
1403636759713555456.000000 0.582894742 2.221786499 -0.575528860 -0.526885927 -0.615775585 -0.375222147 0.449911207
1403636760013555456.000000 0.573877275 2.179172754 -0.599073946 -0.532449067 -0.622122645 -0.366894364 0.441418082
1403636760413555456.000000 0.565315306 2.135971785 -0.646657825 -0.527566314 -0.615277648 -0.374961615 0.450012237
1403636760763555584.000000 0.562367558 2.092714071 -0.705423653 -0.528830409 -0.628550828 -0.371713340 0.432540834
1403636761163555584.000000 0.530707777 2.049550772 -0.762673318 -0.533956647 -0.633691967 -0.361553431 0.427321881
1403636761263555584.000000 0.517585993 2.043682814 -0.776117086 -0.538228750 -0.638363183 -0.354626566 0.420763880
1403636761363555584.000000 0.502535880 2.043946505 -0.784729183 -0.537422240 -0.637863517 -0.355527729 0.421790898
1403636761813555456.000000 0.427979618 2.070483685 -0.782304764 -0.534511566 -0.610962927 -0.363263547 0.457232356
1403636762263555584.000000 0.395236373 2.077610016 -0.750154018 -0.522522688 -0.632707000 -0.384647012 0.422727615
1403636762713555456.000000 0.319840699 2.110152006 -0.802910507 -0.547899485 -0.603090584 -0.348668724 0.463160992
1403636763163555584.000000 0.352081597 2.088671923 -0.840291083 -0.557364166 -0.568577707 -0.392632246 0.460330844
1403636763363555584.000000 0.354411095 2.085314989 -0.848947287 -0.566745460 -0.570832789 -0.382991076 0.454166681
1403636763463555584.000000 0.354799330 2.081559896 -0.850297391 -0.567467630 -0.571063042 -0.382282913 0.453571737
1403636763663555584.000000 0.355704993 2.071650505 -0.851505101 -0.567626536 -0.570890963 -0.382013321 0.453816473
