#LBA time[ms],KF opt[#],KF fixed[#],MP[#],Edges[#]
0.015041,3,1,0,408
0.004512,4,1,0,561
0.225700,5,1,0,701
0.358533,6,1,0,1179
0.472359,7,1,0,1854
0.617449,8,1,0,2351
0.622665,9,1,0,2682
0.612361,10,1,0,3010
1.077776,0,0,0,0
40.376437,0,0,0,0
1.299667,0,0,0,0
1.276211,0,0,0,0
1.263218,0,0,0,0
1.552183,0,0,0,0
1.430454,0,0,0,0
2.029054,0,0,0,0
2.072798,0,0,0,0
2.309282,0,0,0,0
2.489957,0,0,0,0
2.614375,0,0,0,0
2.881131,0,0,0,0
4.271039,0,0,0,0
4.342848,0,0,0,0
4.696741,0,0,0,0
4.632965,0,0,0,0
4.715750,0,0,0,0
4.254623,0,0,0,0
4.514915,0,0,0,0
4.567555,0,0,0,0
4.565827,0,0,0,0
3.635605,0,0,0,0
3.858073,0,0,0,0
4.324672,0,0,0,0
5.563762,0,0,0,0
4.413890,0,0,0,0
4.798791,0,0,0,0
5.767157,0,0,0,0
6.808933,0,0,0,0
4.608260,3,1,0,490
6.154075,4,1,0,634
0.005824,5,1,0,783
0.004896,6,1,0,909
0.491271,7,1,0,1018
0.608841,8,1,0,1152
0.681258,9,1,0,1304
0.783628,10,1,0,1436
0.857900,0,0,0,0
0.941294,3,1,0,463
1.150705,4,1,0,598
43.684774,5,1,0,736
1.355892,6,1,0,882
0.005056,7,1,0,992
0.004288,8,1,0,1134
0.450918,9,1,0,1299
0.574952,10,1,0,1429
0.699146,0,0,0,0
0.771244,3,1,0,642
0.800940,4,1,0,1071
0.904654,5,1,0,1386
0.990159,6,1,0,2121
67.635783,7,1,0,2726
1.389012,8,1,0,3187
0.005184,9,1,0,3808
0.004512,10,1,0,4485
0.477095,0,0,0,0
0.779948,0,0,0,0
1.034063,0,0,0,0
1.544183,0,0,0,0
1.624184,0,0,0,0
1.363540,0,0,0,0
1.569911,0,0,0,0
91.375142,0,0,0,0
1.170769,0,0,0,0
1.582935,0,0,0,0
2.149216,0,0,0,0
2.235809,0,0,0,0
2.462244,0,0,0,0
2.655911,0,0,0,0
2.829034,0,0,0,0
3.174287,0,0,0,0
3.073998,0,0,0,0
3.331537,0,0,0,0
3.885817,0,0,0,0
5.401392,0,0,0,0
4.747718,0,0,0,0
5.380175,0,0,0,0
5.192077,0,0,0,0
5.215245,0,0,0,0
4.044892,0,0,0,0
4.516259,0,0,0,0
5.701108,0,0,0,0
4.489219,0,0,0,0
6.965575,0,0,0,0
4.555843,0,0,0,0
3.583253,0,0,0,0
6.172859,0,0,0,0
3.447059,0,0,0,0
3.516372,0,0,0,0
4.341600,0,0,0,0
4.626020,0,0,0,0
3.274320,0,0,0,0
6.052537,0,0,0,0
3.343953,0,0,0,0
3.652917,0,0,0,0
5.028138,0,0,0,0
3.861337,0,0,0,0
5.343054,0,0,0,0
8.776194,0,0,0,0
5.941400,0,0,0,0
4.159581,0,0,0,0
4.214014,0,0,0,0
5.605170,0,0,0,0
4.378977,0,0,0,0
7.837332,0,0,0,0
4.604388,0,0,0,0
4.586372,0,0,0,0
6.436607,0,0,0,0
3.765208,0,0,0,0
4.847048,0,0,0,0
6.320285,0,0,0,0
5.198413,0,0,0,0
4.978825,0,0,0,0
9.736976,0,0,0,0
7.788723,0,0,0,0
5.851286,0,0,0,0
6.972519,0,0,0,0
5.524657,0,0,0,0
8.483645,0,0,0,0
8.922276,0,0,0,0
8.443356,0,0,0,0
5.898231,0,0,0,0
8.157913,0,0,0,0
5.097292,0,0,0,0
6.462624,0,0,0,0
7.313420,0,0,0,0
7.164106,0,0,0,0
7.294924,0,0,0,0
9.085062,0,0,0,0
7.870932,0,0,0,0
10.015604,0,0,0,0
9.399338,0,0,0,0
7.456910,0,0,0,0
13.501576,0,0,0,0
8.787586,0,0,0,0
12.224277,0,0,0,0
12.429176,0,0,0,0
9.346506,0,0,0,0
11.494090,0,0,0,0
14.438965,0,0,0,0
14.021007,0,0,0,0
13.573065,0,0,0,0
12.607771,0,0,0,0
10.132789,0,0,0,0
7.358253,0,0,0,0
11.237446,0,0,0,0
14.655545,0,0,0,0
11.131236,0,0,0,0
12.515513,0,0,0,0
12.678204,0,0,0,0
11.575403,0,0,0,0
10.948546,0,0,0,0
9.390699,0,0,0,0
10.621949,0,0,0,0
8.912196,0,0,0,0
19.693987,0,0,0,0
11.099908,0,0,0,0
10.481690,0,0,0,0
10.664478,0,0,0,0
9.167239,0,0,0,0
11.643532,0,0,0,0
9.997812,0,0,0,0
7.516528,0,0,0,0
9.350666,0,0,0,0
8.178937,0,0,0,0
7.519503,0,0,0,0
8.071319,0,0,0,0
9.042246,0,0,0,0
6.426751,0,0,0,0
7.812788,0,0,0,0
10.955650,0,0,0,0
5.578323,0,0,0,0
7.787443,0,0,0,0
8.629183,0,0,0,0
5.729685,0,0,0,0
8.650272,0,0,0,0
7.950133,0,0,0,0
7.200170,0,0,0,0
6.030490,0,0,0,0
9.429835,0,0,0,0
7.260171,0,0,0,0
8.038775,0,0,0,0
8.570943,0,0,0,0
5.961785,0,0,0,0
8.032279,0,0,0,0
9.110759,0,0,0,0
9.035557,0,0,0,0
10.721470,0,0,0,0
9.848049,0,0,0,0
11.113861,0,0,0,0
9.561069,0,0,0,0
8.884259,0,0,0,0
8.342716,0,0,0,0
9.272905,0,0,0,0
9.601326,0,0,0,0
11.521930,0,0,0,0
6.020217,0,0,0,0
7.063945,0,0,0,0
8.982405,0,0,0,0
9.706640,0,0,0,0
5.530258,0,0,0,0
10.474362,0,0,0,0
5.419248,0,0,0,0
4.723846,0,0,0,0
4.449921,0,0,0,0
3.744279,0,0,0,0
8.791553,0,0,0,0
5.217485,0,0,0,0
7.906101,0,0,0,0
11.285383,0,0,0,0
5.981464,0,0,0,0
9.651567,0,0,0,0
10.323224,0,0,0,0
6.296605,0,0,0,0
6.761412,0,0,0,0
6.623682,0,0,0,0
7.211051,0,0,0,0
8.890436,0,0,0,0
10.447002,0,0,0,0
7.978998,0,0,0,0
6.089626,0,0,0,0
8.000151,0,0,0,0
9.513837,0,0,0,0
6.096090,0,0,0,0
8.139384,0,0,0,0
7.202283,0,0,0,0
7.773779,0,0,0,0
4.791207,0,0,0,0
7.744851,0,0,0,0
5.044043,0,0,0,0
5.104395,0,0,0,0
7.614416,0,0,0,0
7.815091,0,0,0,0
15.717768,0,0,0,0
7.031656,0,0,0,0
9.869554,0,0,0,0
6.969511,0,0,0,0
7.335724,0,0,0,0
7.012072,0,0,0,0
9.256265,0,0,0,0
9.988244,0,0,0,0
6.618370,0,0,0,0
9.848978,0,0,0,0
9.324202,0,0,0,0
12.287958,0,0,0,0
10.978626,0,0,0,0
9.252745,0,0,0,0
8.922084,0,0,0,0
8.582655,0,0,0,0
9.577389,0,0,0,0
10.352121,0,0,0,0
7.132457,0,0,0,0
9.797329,0,0,0,0
12.658779,0,0,0,0
9.035365,0,0,0,0
11.713837,0,0,0,0
13.205539,0,0,0,0
8.629888,0,0,0,0
7.511823,0,0,0,0
11.755278,0,0,0,0
10.268055,0,0,0,0
13.730955,0,0,0,0
9.849362,0,0,0,0
12.860862,0,0,0,0
11.684620,0,0,0,0
13.877869,0,0,0,0
13.647370,0,0,0,0
7.874004,0,0,0,0
10.838689,0,0,0,0
8.825378,0,0,0,0
12.655867,0,0,0,0
9.428011,0,0,0,0
10.379353,0,0,0,0
8.947428,0,0,0,0
10.907841,0,0,0,0
11.895952,0,0,0,0
9.540557,0,0,0,0
14.989149,0,0,0,0
9.835953,0,0,0,0
15.738217,0,0,0,0
13.405734,0,0,0,0
13.313701,0,0,0,0
12.687612,0,0,0,0
11.028707,0,0,0,0
13.257764,0,0,0,0
12.514489,0,0,0,0
15.189760,0,0,0,0
12.624218,0,0,0,0
19.201883,0,0,0,0
14.702938,0,0,0,0
14.939101,0,0,0,0
17.664197,0,0,0,0
13.119041,0,0,0,0
21.572543,0,0,0,0
19.838789,0,0,0,0
16.987355,0,0,0,0
17.105789,0,0,0,0
17.216255,0,0,0,0
19.910982,0,0,0,0
13.358118,0,0,0,0
15.991116,0,0,0,0
16.139727,0,0,0,0
15.092671,0,0,0,0
14.903357,0,0,0,0
17.827143,0,0,0,0
15.278785,0,0,0,0
19.186427,0,0,0,0
15.516806,0,0,0,0
18.166573,0,0,0,0
17.975658,0,0,0,0
16.065133,0,0,0,0
17.270303,0,0,0,0
13.289252,0,0,0,0
18.182157,0,0,0,0
15.376099,0,0,0,0
18.140140,0,0,0,0
15.906123,0,0,0,0
16.192239,0,0,0,0
12.654395,0,0,0,0
18.505010,0,0,0,0
13.688682,0,0,0,0
18.606387,0,0,0,0
17.623140,0,0,0,0
14.170385,0,0,0,0
15.015678,0,0,0,0
14.080432,0,0,0,0
18.580307,0,0,0,0
13.858957,0,0,0,0
12.325366,0,0,0,0
12.270229,0,0,0,0
17.973161,0,0,0,0
12.828958,0,0,0,0
21.060440,0,0,0,0
20.683346,0,0,0,0
21.360028,0,0,0,0
13.096481,0,0,0,0
21.260154,0,0,0,0
25.779997,0,0,0,0
24.825295,0,0,0,0
25.697116,0,0,0,0
16.431827,0,0,0,0
18.633427,0,0,0,0
17.409377,0,0,0,0
17.825223,0,0,0,0
21.955780,0,0,0,0
18.490961,0,0,0,0
19.157659,0,0,0,0
23.871905,0,0,0,0
15.501669,0,0,0,0
19.439135,0,0,0,0
21.829955,0,0,0,0
20.300780,0,0,0,0
25.791965,0,0,0,0
22.896435,0,0,0,0
22.695024,0,0,0,0
21.715616,0,0,0,0
17.119261,0,0,0,0
19.193467,0,0,0,0
19.481632,0,0,0,0
22.321674,0,0,0,0
20.060809,0,0,0,0
19.024570,0,0,0,0
22.319305,0,0,0,0
19.545697,0,0,0,0
25.744349,0,0,0,0
19.515040,0,0,0,0
20.505679,0,0,0,0
24.704653,0,0,0,0
20.316972,0,0,0,0
25.052819,0,0,0,0
21.159033,0,0,0,0
27.845852,0,0,0,0
23.932098,0,0,0,0
22.676496,0,0,0,0
22.689519,0,0,0,0
26.167555,0,0,0,0
26.594345,0,0,0,0
18.500498,0,0,0,0
27.743130,0,0,0,0
22.919186,698367499,1777823277,-932574649,1472520947
18.761589,1092962951,-1064259766,65520,1080067771
17.157213,-399949365,-1206350739,-1073741824,-852121512
24.016163,-1053047155,-1060591230,-1078948181,1080165051
19.813701,-130633406,130935758,64,10995116
16.359410,-1055550216,-1062203465,0,1080157336
18.467729,-1942234274,1298487589,36,1701769122
20.242155,-1056481092,1099875362,0,1080219785
