1403638538777829376.000000 8.942722321 1.994919896 -9.801036835 -0.574476063 -0.610465050 -0.371562541 0.399062634
1403638539027829504.000000 8.940708160 2.006657600 -9.800797462 -0.569268703 -0.604832828 -0.379560381 0.407485396
1403638539277829376.000000 8.937278748 2.026706934 -9.774798393 -0.561707199 -0.594977081 -0.390732497 0.421681672
1403638539527829504.000000 8.933755875 2.048473358 -9.703253746 -0.562325001 -0.599312782 -0.386774778 0.418354154
1403638539777829376.000000 8.930841446 2.072689533 -9.640270233 -0.561492383 -0.602835476 -0.383989990 0.416974068
1403638542677829376.000000 7.840895176 3.133993387 -9.312624931 -0.274819851 -0.763428330 -0.242137179 0.531997085
1403638542977829376.000000 7.605402470 3.152886391 -9.247975349 -0.288705438 -0.769506693 -0.212680921 0.528465271
1403638543377829376.000000 7.280755520 3.141152620 -9.155982971 -0.298923671 -0.768811405 -0.206551164 0.526222765
1403638543577829376.000000 7.112200737 3.134348392 -9.137648582 -0.284124613 -0.775567055 -0.197842851 0.527851522
1403638545477829376.000000 5.295855522 3.064678669 -8.975988388 -0.165812030 -0.803002119 -0.112992123 0.561183453
1403638545927829504.000000 4.880342484 3.055501938 -8.995073318 -0.094187133 -0.818246245 -0.066344358 0.563205481
1403638546127829504.000000 4.697842598 3.048069239 -8.951669693 -0.051389217 -0.823643923 -0.047019351 0.562813520
1403638546327829504.000000 4.510081768 3.034324646 -8.925138474 -0.035057619 -0.825411201 -0.029631978 0.562662721
1403638546727829504.000000 4.122533321 2.995707512 -8.919728279 -0.017909532 -0.826478362 -0.015136044 0.562480032
1403638547177829376.000000 3.665513992 2.937759161 -8.873044014 0.005472356 -0.827842772 -0.020912768 0.560543537
1403638547427829504.000000 3.400133133 2.873057604 -8.861290932 0.001735281 -0.828515410 -0.017002409 0.559705555
1403638548627829504.000000 2.028649330 2.386809587 -8.929317474 0.060223319 -0.827778518 0.036242280 0.556634903
1403638548877829376.000000 1.730275750 2.260411501 -8.889002800 0.072277278 -0.827269495 0.045473546 0.555277884
1403638549077829376.000000 1.489013076 2.158253193 -8.833540916 0.073452868 -0.827124834 0.049003802 0.555038631
1403638549727829504.000000 0.635710061 1.818515301 -8.587973595 0.066337146 -0.823593855 0.052994285 0.560788929
1403638549977829376.000000 0.312551379 1.692723036 -8.508327484 0.064046249 -0.825778782 0.054360274 0.557702780
1403638550377829376.000000 -0.241206288 1.504724383 -8.276928902 0.064849384 -0.826283097 0.055258185 0.556774080
1403638550577829376.000000 -0.523246467 1.420419931 -8.162283897 0.061501805 -0.825233638 0.061260827 0.558080733
1403638551027829504.000000 -1.142471194 1.285435200 -7.967264175 0.056458190 -0.807009816 0.066965409 0.584006190
1403638551227829504.000000 -1.391355515 1.254037380 -7.889055252 0.053437043 -0.804306209 0.072742313 0.587319911
1403638553927829504.000000 -2.655549049 3.044521570 -7.290813923 -0.043527629 -0.795140862 -0.034435730 0.603879511
1403638554677829376.000000 -2.142521620 3.669294834 -7.163796902 -0.047940884 -0.819968700 -0.025451180 0.569829226
1403638556927829504.000000 -0.839083850 5.569001675 -6.902947426 -0.109206118 -0.816972792 -0.032530438 0.565306425
1403638559527829504.000000 -0.894347548 8.524898529 -6.520546436 -0.087626316 -0.818988502 -0.066643991 0.563150227
1403638561777829376.000000 -1.396255970 10.437267303 -6.886133194 -0.365469635 -0.725847542 -0.255874634 0.523550928
1403638563327829504.000000 -0.660457850 11.023764610 -6.987220764 -0.557604969 -0.580822945 -0.373849005 0.460389286
1403638563877829376.000000 -0.151005715 11.024241447 -7.070795059 -0.561526716 -0.571649313 -0.379693806 0.462317497
1403638564127829504.000000 0.140467763 10.961606026 -7.057722092 -0.557390511 -0.574802995 -0.372665465 0.469081849
1403638564577829376.000000 0.754721820 10.759309769 -7.009680271 -0.543022454 -0.584506750 -0.373453319 0.473298192
1403638564977829376.000000 1.409392715 10.492221832 -7.005997658 -0.552294672 -0.579065025 -0.360063195 0.479592294
1403638565177829376.000000 1.761247158 10.344506264 -7.112422466 -0.553059399 -0.579038799 -0.358466595 0.479938596
1403638566377829376.000000 4.175177097 9.240925789 -7.752868652 -0.540763497 -0.598122776 -0.388837636 0.445678383
1403638566827829504.000000 4.976570129 8.762522697 -8.109900475 -0.554993391 -0.622757912 -0.358395398 0.419174939
1403638567077829376.000000 5.373188496 8.532021523 -8.317541122 -0.551166534 -0.625420213 -0.358265489 0.420369953
1403638567277829376.000000 5.667887688 8.372019768 -8.481452942 -0.535796523 -0.611482263 -0.381136924 0.440166205
1403638570227829504.000000 7.758977413 7.142584324 -9.460100174 -0.544415832 -0.616066396 -0.387003809 0.417494625
1403638573077829376.000000 9.826199532 6.286528587 -9.928287506 -0.769439578 -0.322533876 -0.508329630 0.213390917
1403638573277829376.000000 10.091451645 6.232429981 -9.913987160 -0.769269764 -0.327218562 -0.504965127 0.214854047
1403638573677829376.000000 10.623538017 6.197812557 -9.846121788 -0.769612670 -0.327931970 -0.507754326 0.205772817
1403638573877829376.000000 10.910581589 6.216406345 -9.758411407 -0.768232167 -0.312852621 -0.523924232 0.193509981
1403638574277829376.000000 11.447672844 6.290685654 -9.685476303 -0.781928003 -0.201895490 -0.559891522 0.185333028
1403638574477829376.000000 11.708290100 6.294922829 -9.680996895 -0.794744134 -0.157741204 -0.565790653 0.152906999
1403638574877829376.000000 12.199825287 6.256372452 -9.632359505 -0.807197630 -0.127945721 -0.567289591 0.101215132
1403638575077829376.000000 12.429351807 6.227973461 -9.608304024 -0.813985527 -0.122952685 -0.558142126 0.103862740
1403638575277829376.000000 12.669754028 6.201407433 -9.603101730 -0.814567745 -0.117157362 -0.556199968 0.115737945
1403638576277829376.000000 14.027839661 6.041484356 -9.460248947 -0.820021510 -0.154343829 -0.543256104 0.092820510
1403638576527829504.000000 14.414308548 6.054791451 -9.405467033 -0.817608476 -0.164096385 -0.546455979 0.077295743
1403638576777829376.000000 14.804806709 6.115215778 -9.364867210 -0.813408017 -0.168517649 -0.552309096 0.070171222
1403638577077829376.000000 15.263977051 6.241466522 -9.357165337 -0.805672705 -0.155304283 -0.564581335 0.089555055
1403638577377829376.000000 15.697159767 6.406538010 -9.303711891 -0.805475593 -0.158363253 -0.564801633 0.084435299
1403638577877829376.000000 16.374401093 6.760875225 -9.220506668 -0.807983398 -0.158291399 -0.560855150 0.086879931
1403638578127829504.000000 16.690776825 6.965380669 -9.210211754 -0.806144834 -0.157924294 -0.562810838 0.091839582
1403638578377829376.000000 16.996026993 7.176127434 -9.178866386 -0.807256281 -0.146171093 -0.560991347 0.110725231
1403638578577829376.000000 17.228977203 7.335313797 -9.163796425 -0.807356894 -0.144813418 -0.561254501 0.110441543
1403638578877829376.000000 17.562763214 7.561491489 -9.158033371 -0.804486811 -0.153931186 -0.565631270 0.095746830
1403638579127829504.000000 17.830667496 7.759462357 -9.144014359 -0.803008854 -0.158232436 -0.567128837 0.092218556
1403638579327829504.000000 18.039478302 7.926708698 -9.105459213 -0.803101838 -0.155310184 -0.566870987 0.097793229
1403638580827829504.000000 19.069328308 8.939516068 -9.217170715 -0.691070139 -0.442233115 -0.479649127 0.311108768
1403638581377829376.000000 19.290983200 9.157879829 -9.177309036 -0.684189796 -0.454434395 -0.479933530 0.308281720
1403638584027829504.000000 19.278293610 9.749085426 -8.385645866 -0.689122319 -0.443824887 -0.488529623 0.299113363
1403638586627829504.000000 17.431255341 9.602852821 -8.096059799 -0.681914806 -0.443091184 -0.500826895 0.296369642
1403638589427829504.000000 14.969318390 9.328091621 -8.496146202 -0.687551320 -0.431769371 -0.495159537 0.309298337
1403638589977829376.000000 14.450825691 9.208403587 -8.520380020 -0.690457523 -0.431575596 -0.492812783 0.306832969
1403638591477829376.000000 13.181907654 8.853378296 -8.605440140 -0.715284348 -0.439964563 -0.459436029 0.289340675
1403638591777829376.000000 13.008305550 8.875140190 -8.649780273 -0.717173874 -0.439446986 -0.457202494 0.288987815
1403638592077829376.000000 12.890421867 8.956136703 -8.671121597 -0.710036933 -0.436163485 -0.466615051 0.296444476
1403638593327829504.000000 12.806292534 9.489320755 -8.236492157 -0.658126891 -0.498471439 -0.449070662 0.341659009
1403638593777829376.000000 12.851023674 9.757822990 -8.055731773 -0.642479658 -0.493847132 -0.476670712 0.340763897
1403638594427829504.000000 12.799051285 10.018875122 -7.825345993 -0.625735760 -0.507270992 -0.470975161 0.359601736
1403638596177829376.000000 12.401431084 10.032298088 -7.581995964 -0.623516262 -0.521162271 -0.474019468 0.339002788
1403638596427829504.000000 12.289871216 10.008830070 -7.595807552 -0.611157060 -0.533787847 -0.488312542 0.321105212
1403638596727829504.000000 12.048469543 9.986066818 -7.540325165 -0.599788427 -0.544154584 -0.500298500 0.306351215
1403638596977829376.000000 11.738267899 9.984196663 -7.474315643 -0.593143165 -0.545729518 -0.507842839 0.304065853
1403638597227829504.000000 11.317089081 9.986315727 -7.394370079 -0.591915429 -0.542352557 -0.512290001 0.305039018
1403638597477829376.000000 10.787488937 9.990906715 -7.345751762 -0.600423932 -0.527700126 -0.505906940 0.324163407
1403638597727829504.000000 10.185832977 9.983121872 -7.327847004 -0.606482089 -0.515541077 -0.500143766 0.340959281
1403638598027829504.000000 9.395710945 9.951598167 -7.347543240 -0.590024829 -0.538341045 -0.501831472 0.332001209
1403638598277829376.000000 8.672767639 9.900251389 -7.339400768 -0.605576754 -0.529584408 -0.469992936 0.363213152
1403638598427829504.000000 8.234486580 9.857451439 -7.327767849 -0.613142312 -0.527707100 -0.457277328 0.369430929
1403638598627829504.000000 7.664485931 9.786552429 -7.349908829 -0.612325907 -0.534018517 -0.447640777 0.373495787
1403638598827829504.000000 7.102705479 9.707750320 -7.384134293 -0.596055329 -0.551997602 -0.438352674 0.384530306
1403638599027829504.000000 6.553946495 9.628606796 -7.431293488 -0.573730171 -0.575859249 -0.424362898 0.398918688
1403638599227829504.000000 6.012982845 9.544297218 -7.461252689 -0.547872841 -0.600778341 -0.408247083 0.415012240
1403638599427829504.000000 5.474932194 9.450617790 -7.444789886 -0.525253832 -0.624623120 -0.387395173 0.428811669
1403638599727829504.000000 4.682447433 9.310575485 -7.398937225 -0.514193952 -0.641157269 -0.370139629 0.433034122
1403638600027829504.000000 3.909036398 9.185483932 -7.410894871 -0.523364723 -0.635743916 -0.361361802 0.437420636
1403638600477829376.000000 2.815523148 9.069808006 -7.503817558 -0.559443116 -0.614616930 -0.322366118 0.453155071
1403638600727829504.000000 2.310726404 9.066555977 -7.505457878 -0.564300418 -0.616628945 -0.318947971 0.446772873
1403638600977829376.000000 1.888404012 9.102417946 -7.455047131 -0.552449405 -0.636872649 -0.333089620 0.422189891
1403638601177829376.000000 1.575287461 9.169004440 -7.425702095 -0.541226923 -0.645175397 -0.347153008 0.412682712
1403638601377829376.000000 1.264023900 9.267400742 -7.417550564 -0.525135219 -0.644379675 -0.363791734 0.420313656
1403638601577829376.000000 0.944028854 9.389331818 -7.404232502 -0.503336012 -0.650226474 -0.355249166 0.444585830
1403638601827829504.000000 0.551272154 9.543303490 -7.351015091 -0.452388734 -0.682287395 -0.333561212 0.467509717
1403638602077829376.000000 0.158296376 9.676363945 -7.262989044 -0.404909402 -0.712656438 -0.305760056 0.484437972
1403638602577829376.000000 -0.629322708 9.859303474 -7.154294491 -0.318213284 -0.697662175 -0.253699273 0.589613914
1403638602827829504.000000 -0.939299345 9.851952553 -7.067321777 -0.275141060 -0.712225676 -0.220615551 0.606927454
1403638604927829504.000000 -0.918906808 8.391399384 -6.956778526 -0.196296290 -0.791010737 -0.135912046 0.563291907
1403638605177829376.000000 -0.801879406 8.125741005 -6.911418915 -0.201452151 -0.805792987 -0.128155887 0.541932523
1403638605827829504.000000 -0.639058948 7.498893261 -6.848450184 -0.165566698 -0.797841311 -0.176316470 0.552222371
1403638606077829376.000000 -0.628036559 7.202515602 -6.807510853 -0.161611244 -0.799324572 -0.184125349 0.548689246
1403638606327829504.000000 -0.635080457 6.849864006 -6.784541130 -0.165090784 -0.802673280 -0.183381349 0.542984307
1403638606627829504.000000 -0.690059781 6.386448860 -6.818837643 -0.193426922 -0.814929307 -0.143030062 0.527274847
1403638606877829376.000000 -0.783637524 6.013410091 -6.884901047 -0.173275605 -0.827993035 -0.116973892 0.520307958
1403638607477829376.000000 -1.192833543 5.247311592 -6.963908195 -0.108117759 -0.815818369 -0.058905665 0.565049529
1403638607727829504.000000 -1.379695177 4.987326622 -7.038651943 -0.104182266 -0.813694298 -0.058307510 0.568900526
1403638607977829376.000000 -1.558493733 4.755722046 -7.138359547 -0.112521105 -0.815217376 -0.052305635 0.565706551
1403638608527829504.000000 -1.908707857 4.347720146 -7.460756302 -0.106935941 -0.802494407 -0.072849467 0.582460582
1403638608827829504.000000 -2.047065258 4.149915695 -7.657342434 -0.108909674 -0.799851120 -0.070011221 0.586067736
1403638609127829504.000000 -2.133085728 3.965028524 -7.798308372 -0.113376342 -0.808034360 -0.063400060 0.574636221
1403638609577829376.000000 -2.200196505 3.748199940 -8.014213562 -0.116557367 -0.806561947 -0.062096264 0.576208651
1403638609977829376.000000 -2.213963032 3.618651867 -8.254756927 -0.114089020 -0.806189477 -0.065287866 0.576870561
1403638610477829376.000000 -2.160097122 3.504121542 -8.477130890 -0.114340238 -0.795073688 -0.067369610 0.591815352
1403638610827829504.000000 -2.035305023 3.446640730 -8.675498962 -0.113513611 -0.793408334 -0.066033758 0.594354749
1403638611127829504.000000 -1.883253813 3.418515921 -8.795926094 -0.113019101 -0.792597413 -0.062414311 0.595919788
1403638611377829376.000000 -1.717891932 3.411670685 -8.904990196 -0.105590858 -0.794652045 -0.070088267 0.593688786
1403638611677829376.000000 -1.476628065 3.394527674 -8.989870071 -0.093097255 -0.801391244 -0.091221653 0.583766818
1403638611977829376.000000 -1.218994617 3.347865582 -9.089117050 -0.110730812 -0.805712342 -0.069196023 0.577735543
1403638612227829504.000000 -1.003872037 3.315245390 -9.156586647 -0.116516314 -0.807277441 -0.064203948 0.574982703
1403638612527829504.000000 -0.748987138 3.294564486 -9.190859795 -0.114658758 -0.805028677 -0.071315005 0.577664733
1403638612777829376.000000 -0.531306863 3.282448769 -9.257423401 -0.110309169 -0.803869784 -0.085087277 0.578260720
1403638613027829504.000000 -0.307718098 3.257083893 -9.328202248 -0.114960939 -0.802192330 -0.085203700 0.579665244
1403638613377829376.000000 0.011040345 3.199579477 -9.355174065 -0.117667176 -0.804634750 -0.084061272 0.575891614
1403638613877829376.000000 0.472988576 3.099673986 -9.425890923 -0.141105175 -0.789208531 -0.091011278 0.590725124
1403638614177829376.000000 0.793332398 3.040930986 -9.532577515 -0.183778897 -0.786209762 -0.124515928 0.576710820
1403638614427829504.000000 1.079191685 2.986996889 -9.594596863 -0.217667446 -0.781982481 -0.142850250 0.566319644
1403638614677829376.000000 1.371707797 2.933622360 -9.601858139 -0.244031876 -0.775698662 -0.150590226 0.562194467
1403638614927829504.000000 1.673333764 2.899904490 -9.561206818 -0.293405116 -0.768106163 -0.158632338 0.546591401
1403638615177829376.000000 1.986325026 2.904763699 -9.489793777 -0.344541967 -0.746222556 -0.205337524 0.531299710
1403638615427829504.000000 2.306801319 2.933900595 -9.406582832 -0.395368069 -0.713649631 -0.264420211 0.514266789
1403638615677829376.000000 2.620479345 2.962310076 -9.355684280 -0.441998750 -0.684372008 -0.301444739 0.495381922
1403638615927829504.000000 2.926140070 2.981203556 -9.289370537 -0.467166871 -0.667282760 -0.315396369 0.486840844
1403638616177829376.000000 3.234432459 2.993025541 -9.244618416 -0.494056672 -0.649142206 -0.333270341 0.472708464
1403638616427829504.000000 3.548509836 3.000022173 -9.290806770 -0.530543625 -0.621102750 -0.356544375 0.453465492
1403638616727829504.000000 3.924761295 3.003645658 -9.402911186 -0.565154552 -0.606374800 -0.360004991 0.428143024
1403638617027829504.000000 4.304953098 3.042207956 -9.517381668 -0.574535906 -0.606966078 -0.354993284 0.418903857
1403638617427829504.000000 4.815752983 3.178025246 -9.552896500 -0.561787844 -0.621922314 -0.360922366 0.409074873
1403638617827829504.000000 5.277466774 3.397986174 -9.466374397 -0.551363111 -0.629921079 -0.363485724 0.408749789
1403638618477829376.000000 5.891536713 3.906497955 -9.283696175 -0.544407725 -0.632354081 -0.361927807 0.415640205
1403638618777829376.000000 6.122497082 4.186576366 -9.233438492 -0.547312438 -0.627515852 -0.369205117 0.412747622
1403638619077829376.000000 6.322123528 4.488791466 -9.165143967 -0.560776412 -0.603750408 -0.392672211 0.408440739
1403638619377829376.000000 6.499332428 4.788838387 -9.160061836 -0.604723215 -0.551715851 -0.428128242 0.382917315
1403638621877829376.000000 8.055706978 6.249418259 -9.401361465 -0.620602906 -0.511771798 -0.461896509 0.373621881
1403638624727829504.000000 8.640221596 4.694912910 -9.441421509 -0.632927835 -0.493898481 -0.460077435 0.379203767
1403638625027829504.000000 8.659764290 4.368338108 -9.439178467 -0.627813876 -0.514870822 -0.448143661 0.374065638
1403638625277829376.000000 8.672970772 4.090302944 -9.446313858 -0.628569126 -0.517430246 -0.437766016 0.381481022
1403638625577829376.000000 8.698945045 3.759709835 -9.441982269 -0.626916885 -0.519170523 -0.437297106 0.382372230
1403638625877829376.000000 8.739586830 3.439778805 -9.404837608 -0.633918405 -0.524781704 -0.428538412 0.372969806
1403638626177829376.000000 8.796778679 3.149740934 -9.407030106 -0.636154056 -0.524636865 -0.427064151 0.371053040
1403638626477829376.000000 8.860648155 2.880408525 -9.451806068 -0.627430916 -0.526551068 -0.440354168 0.367644817
1403638626777829376.000000 8.916337013 2.630075693 -9.504949570 -0.632731140 -0.532130063 -0.431439966 0.361038029
1403638627177829376.000000 8.980871201 2.364216805 -9.515214920 -0.634585083 -0.535790920 -0.426010340 0.358810544
1403638627477829376.000000 9.017072678 2.211508751 -9.542664528 -0.632394731 -0.537689865 -0.428554267 0.356802285
1403638627777829376.000000 9.049882889 2.104688406 -9.578250885 -0.626291454 -0.534720063 -0.438059032 0.360468775
1403638628077829376.000000 9.063965797 2.022578239 -9.611016273 -0.628098428 -0.536812544 -0.436981797 0.355487853
1403638628377829376.000000 9.053768158 1.969972849 -9.643475533 -0.631744742 -0.535829008 -0.434344172 0.353738785
1403638628677829376.000000 9.033337593 1.946328282 -9.652724266 -0.633124292 -0.516242623 -0.432755858 0.381273746
1403638628927829504.000000 9.024450302 1.920393109 -9.667935371 -0.632099032 -0.519692361 -0.435917169 0.374629140
1403638629177829376.000000 9.024826050 1.893007398 -9.688496590 -0.626585364 -0.527442932 -0.442761928 0.364906311
1403638629477829376.000000 9.012789726 1.865298986 -9.692299843 -0.633522511 -0.532874644 -0.433850646 0.355622739
1403638629977829376.000000 8.988026619 1.889645696 -9.702813148 -0.630567431 -0.512731016 -0.440808088 0.381024867
1403638630277829376.000000 8.994806290 1.890451431 -9.784956932 -0.625794351 -0.522520721 -0.447887659 0.367083520
1403638630527829504.000000 8.981620789 1.892676234 -9.821940422 -0.631263494 -0.528667331 -0.436197281 0.362972617
1403638630877829376.000000 8.964774132 1.906687617 -9.956678391 -0.642124176 -0.556769133 -0.405359149 0.336702704
1403638631427829504.000000 8.934404373 2.005673170 -10.208556175 -0.644377649 -0.556144655 -0.402417868 0.336957842
