#Stereo rect[ms], MP culling[ms], MP creation[ms], LBA[ms], KF culling[ms], Total[ms]
9.164705,0.133826,1.444373,0.015392,0.015392,10.770648
9.108481,0.393286,5.805394,0.004352,0.004352,15.315129
10.175857,0.543239,6.395067,0.328325,0.328325,36.169409
10.577654,0.362501,9.773099,0.811564,0.811564,44.033489
11.049405,0.439462,17.416215,0.838796,0.838796,61.390950
12.060907,0.366501,25.242598,1.351795,1.351795,71.564983
9.628808,0.420486,23.077095,0.709802,0.709802,71.460117
13.173019,0.569512,29.540803,1.503221,1.503221,87.364791
13.164379,0.395078,27.441797,2.120190,2.120190,98.490805
13.331773,0.359301,27.999309,57.595537,57.595537,153.637346
14.021735,0.343237,39.117003,1.646039,1.646039,98.724984
14.316747,0.415590,44.115186,1.951484,1.951484,125.926298
14.912787,0.526855,43.193221,1.944219,1.944219,111.767664
16.366216,0.635401,49.253659,2.544708,2.544708,131.640843
16.140709,0.432742,42.895616,2.825896,2.825896,126.729701
15.138199,0.459590,38.446946,2.928042,2.928042,126.346784
14.984116,0.366757,33.269016,2.972554,2.972554,122.871598
17.580218,0.327332,47.176989,3.200077,3.200077,135.631811
17.606778,0.404229,50.904498,3.645620,3.645620,152.364784
18.106688,0.357670,46.292976,3.907063,3.907063,302.330558
17.611706,0.432486,38.730629,4.148699,4.148699,141.914012
21.365038,0.449703,51.594427,5.548974,5.548974,162.209435
16.667212,0.337765,29.354304,5.466541,5.466541,134.143053
18.819115,0.460518,38.900040,5.250250,5.250250,170.171084
16.385000,0.306021,37.542164,5.369612,5.369612,146.987652
14.280874,0.348485,35.832636,5.134601,5.134601,152.924440
13.457375,0.400614,33.050356,5.502382,5.502382,150.819930
15.391194,0.467335,35.363125,5.148233,5.148233,152.019051
15.249912,0.458567,57.660337,4.615137,4.615137,189.247419
15.737279,0.546920,49.943076,5.425517,5.425517,164.882209
14.695056,0.573673,48.567920,5.961972,5.961972,171.622657
15.961058,0.637673,49.130745,5.535470,5.535470,171.995462
16.611436,0.562728,48.805588,6.178488,6.178488,177.231569
16.916047,0.668490,49.287994,6.325177,6.325177,172.267082
16.233286,0.316068,49.735073,6.488892,6.488892,170.676787
9.066080,0.317189,28.131695,6.473980,6.473980,133.150623
11.844104,0.416966,35.781723,7.365000,7.365000,143.150253
12.740469,0.471750,33.776127,4.559169,4.559169,135.721860
16.638412,0.576680,51.313016,5.596815,5.596815,168.834777
17.505784,0.525127,53.184274,4.853061,4.853061,168.535925
18.519399,0.494215,57.079369,6.169720,6.169720,183.104708
18.004895,0.414982,48.271948,6.465499,6.465499,194.586374
17.385174,0.469607,55.502162,6.237881,6.237881,191.348856
17.609786,0.432806,55.899832,6.591005,6.591005,194.436484
16.633484,0.589224,45.614534,5.544494,5.544494,162.227899
10.530294,0.443526,36.904779,6.549405,6.549405,148.841790
15.751935,0.573192,53.429974,5.364236,5.364236,171.836676
15.615965,0.538120,57.844692,7.435401,7.435401,188.238284
15.635134,0.589544,48.038793,5.233226,5.233226,204.521875
13.095866,0.379077,48.795892,6.385178,6.385178,172.721552
16.167717,0.456486,45.023614,5.625264,5.625264,163.998964
18.439974,0.565576,58.763585,7.739374,7.739374,204.156110
13.246172,1.003534,44.522455,5.751666,5.751666,165.208262
17.793309,0.727882,50.200999,7.620940,7.620940,194.798122
18.002047,0.609832,54.810729,6.580349,6.580349,177.605141
8.923966,0.395910,30.766164,7.616267,7.616267,138.677549
10.511861,0.418790,34.980784,8.827165,8.827165,143.580691
15.647838,0.516392,55.440049,6.227097,6.227097,175.195700
16.228390,0.481287,55.451794,7.236455,7.236455,358.684444
15.369114,0.597673,56.769220,4.997255,4.997255,168.967867
15.544764,0.485223,54.098239,7.550155,7.550155,172.258761
15.641694,0.750891,58.495197,6.059222,6.059222,172.758801
16.555051,0.658057,62.206898,6.728095,6.728095,185.823914
18.094049,0.497031,57.716178,7.851887,7.851887,195.701302
17.553753,0.516007,56.980872,6.236920,6.236920,172.714000
13.540800,0.554120,54.597094,7.254599,7.254599,173.907777
16.235878,0.668010,55.098541,5.471790,5.471790,176.588551
9.367109,0.288292,32.179144,6.744128,6.744128,136.732306
14.594415,0.410149,44.900221,6.506044,6.506044,158.131777
15.849633,0.587848,54.641958,6.067222,6.067222,170.702579
15.043126,0.477222,57.060649,5.068327,5.068327,168.917210
13.977222,0.493031,52.878958,7.557163,7.557163,161.204173
13.864036,0.422438,50.409835,7.008771,7.008771,162.069081
13.405726,0.426566,45.368771,4.519136,4.519136,153.366718
12.699316,0.308420,45.742024,7.272135,7.272135,153.928197
13.630049,0.364325,43.034466,7.670060,7.670060,153.837252
13.294620,0.208227,42.332344,5.367084,5.367084,153.031129
13.859781,0.148802,42.674653,6.881122,6.881122,158.378277
14.369164,0.131138,37.598773,8.200885,8.200885,151.660998
14.774770,0.104321,34.853390,5.416396,5.416396,148.318134
15.097846,0.073505,32.408812,4.361086,4.361086,148.861982
15.691039,0.069921,31.512158,4.298717,4.298717,151.360449
16.703052,0.080706,28.270096,7.315751,7.315751,154.456301
17.117682,0.063297,24.252792,5.649744,5.649744,201.059265
15.319481,0.053345,23.762096,6.053974,6.053974,149.310500
16.878095,0.069953,23.686640,6.487612,6.487612,151.508259
18.758282,0.056481,25.439880,5.541806,5.541806,159.843321
19.483732,0.063297,26.762779,5.461678,5.461678,159.483540
19.564918,0.064353,26.864124,5.838387,5.838387,169.028124
18.664104,0.068225,26.479703,7.056356,7.056356,159.275889
18.851724,0.064128,25.177861,7.949009,7.949009,159.574358
23.710128,0.073057,28.964603,6.337274,6.337274,262.998575
22.119897,0.072097,29.652197,8.273173,8.273173,171.652128
25.886447,0.058049,30.360622,8.280373,8.280373,183.593834
26.415542,0.058305,30.409295,8.257205,8.257205,179.234155
27.852299,0.068513,29.207102,8.897854,8.897854,184.021488
27.158593,0.070433,28.381714,9.224130,9.224130,184.825690
27.599943,0.050657,29.341952,11.205023,11.205023,201.535624
24.801855,0.267204,29.994633,8.618651,8.618651,188.926677
29.489602,0.086625,33.533147,10.139856,10.139856,198.230809
29.986377,0.087073,31.338236,12.311822,12.311822,193.045807
29.778950,0.076001,30.645459,11.608805,11.608805,185.937515
26.629721,0.069825,27.267810,11.588132,11.588132,211.768856
28.591701,0.073185,33.024276,10.057231,10.057231,185.328322
30.166795,0.075553,34.519561,10.241329,10.241329,221.900072
30.488176,0.060960,31.278940,10.449460,10.449460,183.732331
30.115787,0.074337,31.279291,10.627159,10.627159,199.101509
29.865223,0.063777,33.108117,10.757016,10.757016,230.514210
29.668389,0.066208,30.616946,9.117697,9.117697,189.970180
31.016855,0.056449,34.513641,10.506260,10.506260,188.363148
31.547295,0.062945,33.365368,11.153886,11.153886,207.029653
31.341916,0.064481,36.875466,10.897594,10.897594,235.196516
23.331626,0.061761,24.226263,10.886682,10.886682,212.786726
31.267291,0.085921,37.089038,9.529223,9.529223,200.285269
33.010163,0.082689,33.367993,11.302912,11.302912,198.377306
32.769392,0.066209,32.392907,11.426914,11.426914,200.931198
32.617582,0.051968,35.054513,11.144158,11.144158,188.943412
24.825311,0.046049,26.584377,11.217695,11.217695,177.428465
32.724591,0.075553,33.891969,9.681545,9.681545,186.080300
33.760894,0.084481,40.505310,11.560836,11.560836,205.125274
33.666204,0.072065,36.019775,11.735462,11.735462,204.817013
29.835847,0.072257,32.876497,11.386370,11.386370,186.213006
31.239931,0.085505,38.478465,11.694726,11.694726,220.650774
27.176417,0.108674,26.596120,9.980142,9.980142,174.558057
25.273062,0.137954,36.089951,13.566208,13.566208,202.650294
18.771978,0.211299,29.110300,12.820149,12.820149,148.848412
17.558488,0.220579,28.568885,10.907354,10.907354,146.049844
17.368726,0.376774,44.643160,12.694452,12.694452,143.622003
17.516728,0.370245,53.460021,12.478097,12.478097,199.446665
13.162907,0.373125,39.763571,11.019516,11.019516,125.504626
15.272536,0.409478,45.624966,10.536821,10.536821,142.403553
15.167703,0.538920,53.995325,11.849000,11.849000,178.122939
16.215909,0.833004,56.651875,12.751317,12.751317,194.176734
15.906657,0.665897,48.822676,8.261205,8.261205,170.228267
9.279108,0.564104,34.794957,9.677001,9.677001,119.369723
15.649150,0.778059,44.366644,9.690505,9.690505,165.207140
16.869167,0.871373,60.428567,10.035214,10.035214,181.885648
17.688826,0.470087,56.889254,8.202836,8.202836,181.350376
19.357202,0.583849,71.043502,11.129725,11.129725,209.349173
13.372798,0.436582,43.108002,8.780988,8.780988,161.826836
10.970844,0.301732,38.864678,11.994666,11.994666,160.274910
12.253133,0.409254,39.733011,12.084139,12.084139,166.214546
20.207359,0.477958,57.337804,8.463352,8.463352,203.060732
21.422480,0.694122,83.766882,12.324879,12.324879,227.088113
19.719927,0.648906,67.034741,10.804441,10.804441,210.224802
16.696364,0.596105,49.562686,8.323446,8.323446,181.105349
14.951636,0.503527,55.818838,14.253737,14.253737,195.339439
11.055677,0.429510,42.507450,8.846045,8.846045,168.803127
10.881530,0.415558,47.873190,10.984667,10.984667,184.301394
11.281888,0.463495,40.308923,11.423298,11.423298,171.949188
11.872008,0.422758,51.554010,7.754190,7.754190,188.381836
15.836672,0.627817,68.690061,12.845334,12.845334,213.910837
17.083122,0.493991,50.507980,9.422245,9.422245,194.352897
12.805078,0.871436,66.759025,8.185908,8.185908,214.875555
17.135347,0.738730,67.106359,10.488629,10.488629,219.709800
16.746957,0.682857,66.086120,10.457716,10.457716,224.234343
14.300778,0.539016,47.995368,8.578106,8.578106,206.327114
18.680777,0.574568,59.842928,9.017632,9.017632,227.747418
18.301732,0.842508,63.694118,11.173534,11.173534,231.375437
13.011097,0.677609,51.936512,11.363329,11.363329,216.576860
18.495269,0.745227,63.677894,11.047004,11.047004,236.471252
19.318289,0.807084,61.468870,11.922985,11.922985,241.168407
18.891019,0.759467,62.039982,11.959881,11.959881,247.677299
18.995309,0.771403,62.914139,15.495867,15.495867,276.389898
13.873444,0.595465,42.142740,13.375038,13.375038,172.086021
18.903212,0.776907,60.484985,15.143831,15.143831,254.249233
16.736557,0.517991,45.117759,15.831264,15.831264,237.167391
9.299811,0.513576,27.598983,10.106671,10.106671,201.753513
10.217073,0.522472,32.421931,10.332434,10.332434,213.869045
9.502726,0.376294,29.739653,9.904140,9.904140,218.230994
19.715351,0.741131,67.103574,14.123976,14.123976,284.905346
9.463814,0.407718,26.862972,11.160158,11.160158,212.034362
10.149744,0.350341,29.434112,10.536501,10.536501,219.653638
19.810584,0.676490,60.397431,14.449900,14.449900,267.753615
11.159774,0.433254,33.282967,10.780761,10.780761,223.511197
18.741258,0.681929,60.817406,10.147119,10.147119,268.358136
19.196592,0.702474,58.751552,13.472767,13.472767,263.451027
11.155486,0.609097,36.326370,13.402942,13.402942,226.660426
17.988607,0.678953,49.474045,10.291762,10.291762,244.851659
19.796505,0.692009,59.357609,13.970054,13.970054,269.464392
20.503650,0.702090,57.677873,11.900712,11.900712,271.119903
10.446644,0.509127,37.001452,11.252544,11.252544,226.747883
19.094638,0.673385,65.122971,11.834984,11.834984,272.501586
19.580470,0.750410,65.005273,11.042332,11.042332,285.967217
20.320095,0.731275,53.467733,14.388620,14.388620,276.294408
20.699013,0.650217,64.706772,12.449136,12.449136,278.984302
13.504320,0.566088,39.423182,13.333981,13.333981,242.334664
22.030712,0.707498,62.840410,19.057550,19.057550,288.590614
15.519964,0.591016,56.348670,14.105384,14.105384,263.333329
22.780547,0.549480,67.806368,14.007206,14.007206,293.701279
23.150919,0.681290,75.578478,13.959718,13.959718,293.203799
22.937445,0.683210,66.377388,16.230694,16.230694,294.131589
22.216859,0.702218,62.759481,20.517218,20.517218,280.798728
21.775988,0.820044,58.954978,15.860545,15.860545,280.268928
20.856807,0.838060,64.660308,15.154486,15.154486,285.443914
10.137295,0.570152,30.686579,16.696492,16.696492,231.751825
19.832089,0.769995,61.406405,16.622603,16.622603,285.262983
9.543143,0.685897,27.919564,13.116922,13.116922,228.073885
19.493588,0.920813,52.474439,14.823570,14.823570,280.616581
19.557717,0.887180,48.242635,19.962427,19.962427,258.934642
19.229296,0.827820,60.013138,16.372232,16.372232,276.642637
19.268208,0.897517,58.692223,16.005219,16.005219,272.798742
10.325170,0.577577,26.476534,16.440937,16.440937,224.507723
17.187091,0.917901,59.017891,16.267270,16.267270,278.561639
17.752667,0.959886,52.573288,20.122301,20.122301,268.584762
17.768731,0.902573,55.341520,20.552258,20.552258,283.094376
11.923656,0.679818,30.489968,14.460301,14.460301,226.668361
17.575609,0.822956,51.022610,19.620470,19.620470,289.444290
16.924015,0.873293,50.760046,14.891123,14.891123,262.699719
16.686700,0.864909,57.860467,20.632772,20.632772,286.142451
17.194772,0.842252,61.187650,18.532646,18.532646,292.659823
17.994526,0.798636,62.485108,16.427720,16.427720,274.850930
11.096221,0.579912,35.043632,15.255640,15.255640,227.620118
12.683411,0.772811,38.172220,14.636144,14.636144,235.730601
8.513273,0.560680,28.087725,14.918099,14.918099,223.631678
10.705944,0.724426,48.888244,9.825995,9.825995,256.393230
9.660489,0.590184,33.635356,11.260832,11.260832,228.924105
15.868929,0.742410,57.892884,11.826664,11.826664,287.481606
16.092132,0.742922,57.870100,13.326109,13.326109,280.509507
9.688873,0.543496,29.204893,13.018872,13.018872,225.971199
15.453658,0.652746,53.890810,12.790453,12.790453,270.202641
10.904827,0.492391,42.026291,13.159706,13.159706,247.947926
10.405075,0.496007,50.308968,12.939320,12.939320,265.449038
10.088110,0.464071,31.101432,11.201023,11.201023,223.452155
11.183518,0.714282,36.708104,11.247296,11.247296,235.155393
10.022190,0.559592,31.003927,10.278993,10.278993,222.983444
13.864965,0.722698,47.702659,7.100773,7.100773,258.084006
14.355308,0.823499,46.525811,5.986293,5.986293,258.806736
9.713609,0.602441,31.183801,10.529749,10.529749,215.762030
15.004084,0.622377,50.109670,11.796134,11.796134,261.423957
10.522805,0.569992,33.760157,10.916827,10.916827,220.999736
13.200858,0.666186,41.537836,13.556384,13.556384,235.731368
14.413484,0.789003,51.726972,13.394205,13.394205,251.177059
13.126298,0.610601,41.321225,11.176351,11.176351,234.908478
13.155610,0.885165,45.809032,10.488340,10.488340,239.384828
13.441854,0.905325,47.881062,10.442740,10.442740,261.279442
13.478047,0.794123,48.479791,11.975818,11.975818,237.193022
13.793059,0.778155,50.197478,11.640901,11.640901,234.538391
13.324189,0.768523,51.227125,9.377220,9.377220,234.757819
13.377693,0.623081,47.501984,13.920133,13.920133,230.184858
11.002268,0.752555,48.953621,12.054507,12.054507,226.604872
14.168777,0.821963,51.297783,11.332352,11.332352,223.749599
14.663503,0.635337,48.704722,10.031854,10.031854,221.643393
12.674580,0.559080,40.031574,9.715082,9.715082,215.826095
11.407490,0.575496,32.760111,9.254563,9.254563,179.037542
12.025546,0.702826,57.645840,12.709428,12.709428,219.810759
16.239366,0.618889,58.076534,9.817899,9.817899,215.918064
14.221577,0.448103,43.842508,11.448386,11.448386,200.782234
16.336423,0.742987,54.200511,11.794119,11.794119,218.286386
11.463554,0.444519,37.079469,8.006674,8.006674,189.449882
14.468172,0.525000,40.963620,9.809386,9.809386,195.142601
15.519196,0.583560,47.227997,9.953101,9.953101,205.206937
12.483473,0.540520,42.668700,12.102635,12.102635,196.219513
14.109512,0.575176,45.905514,11.658565,11.658565,203.121403
14.292362,0.718026,45.829673,15.073814,15.073814,209.229265
10.328306,0.669482,35.055952,9.435046,9.435046,186.253292
15.293849,1.071471,58.435163,8.396887,8.396887,222.608335
16.008803,0.941933,53.429556,10.145296,10.145296,222.197257
14.428652,0.818316,41.751086,11.764550,11.764550,207.995583
11.952617,0.794379,40.451997,10.667670,10.667670,206.859568
9.486631,0.654185,34.163043,14.546350,14.546350,198.793982
16.162725,0.671433,53.598967,7.561707,7.561707,218.597910
15.744734,0.916141,57.049320,12.545073,12.545073,231.332777
16.032930,0.987886,63.381441,10.681815,10.681815,264.715522
15.357593,0.812715,72.164510,7.882383,7.882383,263.131307
11.255744,0.563847,60.264373,11.013148,11.013148,234.587832
9.074305,0.447974,32.719951,13.547840,13.547840,208.364069
16.043235,0.719242,67.072757,10.618742,10.618742,241.089332
16.480329,0.612329,63.044540,10.273777,10.273777,236.199567
16.574922,0.478983,63.827463,12.019626,12.019626,233.326502
15.815104,0.596328,62.719448,8.837886,8.837886,235.709384
15.872448,0.755115,63.390305,17.079601,17.079601,246.311997
16.257831,0.696777,59.478410,11.932328,11.932328,229.514704
8.955710,0.410374,36.126815,13.872485,13.872485,219.145885
10.101519,0.527816,36.827433,18.526791,18.526791,207.694204
11.464802,0.505479,37.665621,13.241308,13.241308,220.749044
18.023359,0.783499,62.589974,12.835094,12.835094,245.580467
18.159329,0.672745,62.484308,15.259256,15.259256,247.709361
17.905181,0.572680,59.293671,20.388160,20.388160,255.269692
19.957883,0.836972,63.503778,18.834922,18.834922,263.779637
19.313265,0.877452,66.753073,17.681306,17.681306,286.006927
18.673064,0.748811,60.227124,17.036881,17.036881,270.672182
18.870795,0.844236,58.617373,14.113416,14.113416,252.571734
19.629942,0.693642,68.104611,20.792071,20.792071,286.520631
12.470544,0.407654,41.869073,17.528952,17.528952,229.077226
20.724741,0.635657,69.075281,19.312753,19.312753,273.811426
21.050890,0.611017,67.324601,17.758683,17.758683,269.022815
21.961975,0.537416,68.030178,18.300771,18.300771,275.552827
22.006167,0.651337,67.816800,24.210391,24.210391,282.474749
22.084665,0.710474,69.642713,20.112381,20.112381,293.971360
13.491103,0.465255,43.209763,19.319601,19.319601,241.153524
19.058349,0.635209,52.224643,19.836729,19.836729,262.078876
19.665687,0.898636,64.918455,20.500259,20.500259,293.809886
19.661207,0.765482,65.641729,21.344270,21.344270,301.810031
19.705206,0.848940,65.563040,20.577027,20.577027,305.520098
19.307953,0.759819,56.459806,17.660794,17.660794,276.809356
17.570105,0.883916,64.391951,22.694017,22.694017,297.105932
11.649669,0.588424,59.542923,16.403656,16.403656,283.843184
9.061344,0.491111,31.114488,21.020393,21.020393,247.361995
16.103908,0.891085,66.714096,22.690689,22.690689,304.831193
12.466224,0.837484,56.299644,18.100448,18.100448,283.385001
11.900328,0.765611,61.218242,21.111563,21.111563,296.625797
11.480354,0.789259,58.070582,12.795381,12.795381,282.746016
12.118348,0.753354,53.586135,21.852501,21.852501,293.374903
9.536295,0.547656,33.344152,15.995682,15.995682,250.768540
13.215163,0.655273,44.033391,21.601682,21.601682,271.167453
9.128449,0.434054,31.579231,21.535025,21.535025,260.623399
9.384709,0.707562,32.405002,12.367695,12.367695,263.992311
17.756731,0.730282,53.287890,19.011853,19.011853,294.101121
9.991725,0.550664,34.124866,19.373266,19.373266,260.699272
18.292867,0.786411,63.368320,21.316078,21.316078,310.877966
17.981118,0.642633,63.430242,18.283906,18.283906,304.061101
18.000670,0.836364,58.947874,17.983262,17.983262,300.797247
16.579787,0.886445,48.044455,11.412609,11.412609,291.431228
10.378994,0.550504,32.787504,18.490885,18.490885,253.234558
19.352242,0.960302,57.252970,19.582997,19.582997,291.160183
12.200333,0.580648,55.559794,13.711970,13.711970,278.670822
20.158589,0.773899,62.368210,23.893330,23.893330,294.801322
20.463138,0.647625,63.176894,24.121877,24.121877,299.734001
19.817624,0.883021,60.927774,21.841397,21.841397,306.325389
10.972123,0.445830,34.742956,18.078879,18.078879,251.050655
16.769614,0.647081,44.544182,23.408684,23.408684,288.907672
18.916075,0.740299,51.612090,19.719126,19.719126,288.747605
19.995322,0.652554,64.392559,22.850339,22.850339,290.628751
19.839352,0.594409,61.799370,18.356867,18.356867,285.201282
14.806354,0.599880,50.245095,17.320437,17.320437,263.347886
13.103161,0.542568,52.846060,21.317038,21.317038,265.910994
14.024390,0.522951,45.458371,21.929462,21.929462,257.615484
9.565288,0.425478,27.380003,16.739020,16.739020,231.092005
17.361910,0.906124,55.348719,19.947098,19.947098,289.911557
17.487159,0.819532,49.395867,20.938793,20.938793,261.034797
16.813486,0.805419,56.741603,18.135361,18.135361,284.024434
16.599595,0.810540,51.236084,19.553204,19.553204,242.470502
16.496105,0.962862,55.835158,15.901857,15.901857,246.988678
10.753593,0.671017,45.977994,19.900601,19.900601,226.340866
8.915838,0.417894,27.034399,17.068433,17.068433,136.155206
16.414568,0.866220,59.838446,17.737531,17.737531,240.178629
8.980159,0.496551,29.819526,14.281770,14.281770,189.829341
13.858212,0.611304,43.478280,14.958387,14.958387,210.135420
10.178064,0.441670,33.429529,19.339954,19.339954,196.793696
10.240721,0.446246,34.860045,15.616253,15.616253,191.493109
11.441698,0.460903,36.528804,18.318755,18.318755,197.725805
10.454580,0.388966,34.896269,16.225286,16.225286,189.270070
11.630309,0.390757,38.393631,17.095730,17.095730,196.205912
10.895770,0.408806,35.614904,18.079872,18.079872,192.774599
15.380633,0.554376,65.732738,22.587999,22.587999,233.236803
21.376846,0.572009,74.134456,16.918032,16.918032,243.375155
17.098930,0.467719,54.642245,20.194141,20.194141,226.860201
11.617540,0.484647,34.433543,19.973722,19.973722,195.288778
17.686266,0.456006,48.135113,18.961549,18.961549,228.341246
22.715938,0.537639,69.965854,22.720161,22.720161,250.675802
21.947926,0.501863,67.368857,19.068046,19.068046,242.380612
22.847779,0.486631,83.096056,18.597511,18.597511,262.803493
23.902386,0.604040,71.918521,20.815559,20.815559,287.886824
24.132021,0.554728,76.710845,17.955326,17.955326,276.680617
12.808693,0.341669,40.148439,17.049105,17.049105,215.903181
16.841102,0.550312,50.700877,16.323847,16.323847,232.329494
19.302417,0.557992,67.552732,15.155606,15.155606,255.027383
28.437714,0.585320,66.610574,19.170832,19.170832,272.330860
27.771720,0.437575,68.039682,21.329390,21.329390,309.212693
28.545076,0.632713,56.036184,32.990482,32.990482,284.119474
19.444499,0.435046,41.726126,28.625589,28.625589,264.607966
23.473324,0.493575,56.556224,25.432039,25.432039,294.558182
28.531923,0.524776,67.899872,27.362499,27.362499,327.480791
25.319078,0.450022,69.715450,25.720108,25.720108,322.579794
25.256837,0.394630,65.573311,27.077983,27.077983,323.335485
13.155482,0.392038,38.755940,28.173454,28.173454,243.382322
24.978497,0.535112,77.813356,26.194514,26.194514,331.683123
16.492169,0.451847,48.538350,30.887637,30.887637,316.520541
11.705989,0.311876,39.834068,31.737153,31.737153,280.515871
23.067495,0.547111,78.350677,19.862873,19.862873,330.647845
17.414454,0.455463,49.060086,28.865048,28.865048,317.230278
24.546267,0.574440,75.788752,30.149611,30.149611,335.852430
25.583274,0.561832,65.390140,19.788439,19.788439,331.735283
24.688382,0.469990,66.331146,28.367250,28.367250,328.176450
18.506598,0.473095,48.131912,27.145600,27.145600,307.314234
21.745172,0.426118,53.368818,20.607171,20.607171,317.501578
24.787390,0.594216,55.841654,20.964232,20.964232,326.442600
21.915382,0.596168,52.093761,26.231507,26.231507,324.996660
19.575252,0.497959,49.062038,26.513687,26.513687,317.408392
19.514548,0.453414,47.131355,24.238742,24.238742,317.620459
21.926838,0.392261,50.708429,26.064113,26.064113,330.325823
16.773038,0.463686,46.080460,32.010949,32.010949,320.702488
17.991134,0.571240,46.567731,26.482903,26.482903,315.604015
22.264475,0.557735,53.092623,23.661295,23.661295,323.333084
18.864907,0.513992,46.990040,28.676406,28.676406,315.846419
25.978127,0.757227,68.775116,24.517338,24.517338,347.965656
25.414824,0.817227,65.606304,26.024144,26.024144,335.784685
14.985428,0.563752,43.721259,19.448595,19.448595,293.068657
12.967223,0.478407,36.548869,20.933192,20.933192,307.030997
12.887223,0.495015,38.565601,24.438233,24.438233,282.442746
23.942802,0.835660,74.480189,28.737399,28.737399,341.357307
12.417423,0.528040,34.815852,20.355776,20.355776,272.989396
18.595079,0.469926,48.674193,22.327868,22.327868,297.476014
25.347206,0.754635,67.439546,25.661707,25.661707,307.855201
24.233271,0.726410,52.605128,22.399517,22.399517,232.795196
15.507931,0.652361,41.422858,28.862136,28.862136,264.187512
24.001524,0.906253,66.169447,25.635882,25.635882,300.252310
25.247621,0.884237,66.202056,25.011938,25.011938,300.129748
26.544151,0.832812,68.800365,27.544485,27.544485,309.517112
22.004855,0.730315,52.289923,22.762946,22.762946,308.048420
27.077023,0.928397,68.180548,26.113937,26.113937,316.631037
26.790139,0.780171,60.227316,25.942607,25.942607,303.969418
28.724087,0.766442,70.603719,26.892252,26.892252,322.068714
27.548358,0.799659,70.349795,39.355276,39.355276,329.585076
19.902585,0.553544,50.652396,25.156323,25.156323,310.786570
26.018000,0.750987,63.219966,30.687058,30.687058,317.195941
14.030407,0.535111,34.536297,31.596990,31.596990,277.535476
28.541011,0.699242,76.567963,35.595959,35.595959,339.326557
14.941780,0.448870,37.709429,35.079824,35.079824,278.331488
23.880049,0.585129,64.179723,34.073090,34.073090,327.197586
27.473892,0.701834,66.791824,33.986913,33.986913,351.437353
25.443400,0.607657,78.481141,33.399000,33.399000,340.481518
16.315494,0.514120,53.063598,30.982582,30.982582,312.579011
12.211789,0.439174,44.021294,24.237782,24.237782,296.961670
22.253562,0.737931,81.463616,24.875072,24.875072,338.443473
23.238793,0.752714,70.280962,24.395769,24.395769,325.546555
19.745591,0.569384,57.783025,27.344258,27.344258,319.077887
23.684335,0.671626,72.042362,26.717690,26.717690,337.980267
16.991856,0.468423,47.687266,34.104482,34.104482,304.782517
26.757435,0.553991,71.129422,29.569666,29.569666,347.360783
29.349535,0.726986,65.122361,43.131746,43.131746,343.957599
18.047615,0.429030,42.655739,34.399367,34.399367,302.797241
23.911634,0.448998,72.655396,35.474037,35.474037,334.677468
31.865762,0.545064,66.251081,36.199807,36.199807,342.408008
31.961956,0.478630,72.026811,34.717931,34.717931,348.890532
32.938897,0.558824,67.589180,35.248787,35.248787,340.735857
31.736961,0.535176,94.276244,42.785565,42.785565,376.567724
24.042452,0.534632,88.856296,35.305235,35.305235,356.759156
26.151602,0.434022,80.002795,24.509115,24.509115,347.183628
35.643256,0.460614,80.161422,36.598309,36.598309,361.624248
36.158527,0.336197,76.373624,37.464338,37.464338,363.950713
36.552868,0.354853,76.041011,38.146267,38.146267,361.567895
37.429777,0.432230,89.103660,34.591465,34.591465,381.342318
39.133257,0.377957,92.391962,33.897760,33.897760,410.703342
39.194379,0.382117,80.489394,38.205468,38.205468,390.676275
37.957208,0.365733,72.057307,29.618499,29.618499,362.943818
26.508215,0.343364,59.184965,40.406427,40.406427,353.456196
26.365493,0.531943,57.484429,33.963328,33.963328,350.792383
26.165489,0.384966,61.042847,35.646136,35.646136,358.854096
36.434787,0.597385,69.903356,33.228246,33.228246,374.617040
36.191103,0.555432,69.182514,30.722386,30.722386,375.675806
25.097283,0.341925,52.176257,32.856977,32.856977,344.642088
37.437553,0.442310,81.933222,28.521971,28.521971,385.061922
38.606529,0.517768,73.197994,36.992427,36.992427,384.583644
37.938328,0.545672,75.029925,37.706805,37.706805,386.999198
37.926840,0.622985,70.003549,33.891679,33.891679,384.233687
37.701141,0.565704,69.874300,34.383910,34.383910,384.189783
37.409841,0.570344,66.051461,37.627028,37.627028,385.127587
32.072741,0.644809,67.578651,37.845207,37.845207,383.063462
36.171039,0.632969,84.499082,42.397944,42.397944,404.331379
27.320258,0.419238,66.231240,41.967953,41.967953,378.545990
34.364102,0.553672,97.013627,40.496412,40.496412,427.777982
25.804525,0.341221,66.150695,35.112400,35.112400,389.790661
25.904143,0.568328,76.403127,33.203829,33.203829,385.249509
31.699072,0.663017,76.283382,33.340343,33.340343,396.055709
21.323694,0.563880,67.112980,41.704238,41.704238,381.951063
24.330231,0.484903,67.723453,41.431625,41.431625,374.435851
18.467973,0.380805,43.193698,41.684365,41.684365,355.657474
26.589240,0.436038,54.703333,41.725998,41.725998,361.837146
31.367995,0.478983,58.540891,36.303905,36.303905,364.424606
34.622762,0.586184,76.665787,38.415359,38.415359,394.567209
34.876077,0.621417,76.166420,39.733777,39.733777,392.131494
35.214674,0.601992,73.436846,39.522255,39.522255,386.455126
19.061838,0.406021,44.035983,37.560211,37.560211,336.773080
32.698318,0.639049,74.023222,33.348567,33.348567,377.967549
23.933170,0.584360,72.097563,38.363038,38.363038,373.094840
35.278867,0.551816,70.852969,40.144439,40.144439,383.887153
16.934351,0.345061,43.874732,37.588403,37.588403,354.496241
33.991009,0.731018,72.581442,39.833042,39.833042,388.012268
33.069524,0.663689,81.361054,37.165965,37.165965,395.530134
15.711710,0.390277,40.456924,32.162342,32.162342,340.578380
26.755034,0.569512,56.284763,40.987939,40.987939,355.373470
22.133208,0.597321,59.701932,41.156678,41.156678,358.490186
31.007382,0.592841,68.352069,35.553110,35.553110,371.046619
29.109019,0.658633,71.409649,36.810632,36.810632,365.593358
29.955495,0.671050,72.794372,32.547308,32.547308,361.790488
17.735483,0.413798,43.951821,35.867995,35.867995,324.919376
34.954734,0.879500,73.181898,29.278846,29.278846,363.723956
36.999819,0.501831,77.620585,35.119184,35.119184,384.449592
37.269807,0.580488,71.271983,34.386502,34.386502,372.217260
37.434417,0.534439,82.799794,38.600130,38.600130,416.980228
36.626565,0.521576,77.745866,31.900451,31.900451,376.929742
38.377055,0.594536,74.896546,37.863063,37.863063,380.639107
23.019493,0.457382,51.586425,38.902597,38.902597,343.376883
32.082565,0.417478,60.963805,31.940291,31.940291,350.972255
40.719999,0.550984,83.499068,39.459405,39.459405,397.009449
19.466323,0.310053,51.266452,34.690634,34.690634,345.007691
30.302604,0.479719,70.682663,36.938474,36.938474,361.569333
32.527660,0.471238,61.281698,31.690687,31.690687,355.945189
37.735733,0.564488,103.286772,35.221009,35.221009,404.417138
36.132702,0.583753,84.290343,38.665507,38.665507,383.601068
34.372005,0.572360,85.045458,31.952516,31.952516,376.956366
35.798650,0.554952,79.984298,35.652312,35.652312,376.909166
22.477213,0.401094,57.807857,32.513196,32.513196,346.521088
25.478376,0.534759,61.291074,34.403782,34.403782,352.687383
31.766177,0.630377,77.635753,39.850579,39.850579,384.814653
32.025637,0.749515,75.434217,35.720600,35.720600,382.406747
25.225860,0.505351,60.771003,34.990063,34.990063,361.156719
28.555859,0.518887,64.704723,30.319020,30.319020,365.173735
20.881799,0.527816,73.214090,40.557021,40.557021,380.286493
24.103285,0.454662,52.526919,30.238827,30.238827,352.108207
26.031247,0.574217,64.405358,40.184408,40.184408,372.366029
15.365753,0.436518,48.202217,38.847557,38.847557,345.612435
17.257172,0.703434,70.087358,27.570278,27.570278,362.221566
18.747017,0.675241,66.832656,41.962641,41.962641,368.371476
13.032056,0.482823,43.985837,29.881478,29.881478,330.990212
21.990711,0.785579,62.777975,37.829815,37.829815,360.769321
12.954231,0.445478,40.846049,29.332446,29.332446,326.624198
13.443710,0.384709,41.263271,33.388632,33.388632,315.688620
17.171155,0.450854,47.859108,37.005386,37.005386,334.338003
23.053126,0.562760,65.548510,39.253610,39.253610,359.569464
10.161392,0.350949,31.852194,28.882232,28.882232,168.280522
20.889607,0.372326,49.474587,37.249199,37.249199,325.132274
17.174770,0.509799,44.506613,38.795460,38.795460,311.723859
17.560440,0.269828,45.720454,31.584383,31.584383,306.770222
14.023910,0.291492,39.356236,26.424918,26.424918,162.432023
20.350623,0.361253,53.101359,31.612415,31.612415,299.055873
10.650166,0.272964,31.299034,33.062035,33.062035,258.220224
26.703609,0.285188,71.269487,33.615195,33.615195,231.059392
