#Stereo rect[ms], MP culling[ms], MP creation[ms], LBA[ms], KF culling[ms], Total[ms]
7.852736,0.093665,0.987664,0.013249,0.013249,8.957682
10.442666,0.454696,5.106387,0.002912,0.002912,16.009317
10.253639,0.581513,6.256454,0.338342,0.338342,36.614324
9.148245,0.370406,8.059139,0.414887,0.414887,30.465776
10.912594,0.445351,18.094534,0.840174,0.840174,63.672428
11.737375,0.431079,25.822980,0.988656,0.988656,78.217753
12.746543,0.661003,22.896053,1.200787,1.200787,80.952677
13.102741,0.595722,30.490448,1.441879,1.441879,91.063945
13.008532,0.544329,27.256091,1.624890,1.624890,93.742902
13.168022,0.442247,28.309261,72.407835,72.407835,166.487733
13.504572,0.404647,42.331921,1.863614,1.863614,117.897055
14.441131,0.390310,44.563318,2.032641,2.032641,122.783694
15.072374,0.489032,43.117181,2.248933,2.248933,119.909920
16.101350,0.626186,44.476532,3.175380,3.175380,135.314106
16.915028,0.424358,44.874107,2.636939,2.636939,120.495465
16.590670,0.396839,42.890298,3.007729,3.007729,123.719774
15.560573,0.400678,40.063788,3.193524,3.193524,136.635663
15.495229,0.340517,34.776950,3.293558,3.293558,133.741025
18.626735,0.398086,48.278322,3.420855,3.420855,142.360332
13.727328,0.363718,50.851067,3.741693,3.741693,287.286595
20.076423,0.568137,49.115455,4.382599,4.382599,159.469123
12.930610,0.254340,31.500385,5.539162,5.539162,127.962402
18.121831,0.443751,43.346882,5.220405,5.220405,150.754774
15.239288,0.476104,42.258703,5.476601,5.476601,151.003737
15.000788,0.501576,43.065885,5.277462,5.277462,157.798440
15.363290,0.429799,45.524485,5.355607,5.355607,155.312511
15.465115,0.470888,53.285539,5.625468,5.625468,157.958218
15.615166,0.546473,58.626298,4.159364,4.159364,183.026019
15.078389,0.588138,49.100639,5.323959,5.323959,163.127679
15.555325,0.737548,49.406212,6.932945,6.932945,170.224818
16.569293,0.632875,54.722042,4.782574,4.782574,189.665102
11.985987,0.482856,36.682261,5.725949,5.725949,173.932367
11.893122,0.451815,35.565987,6.263398,6.263398,145.595777
9.369880,0.219812,30.793013,6.394985,6.394985,135.799746
9.487994,0.319973,30.761781,7.144340,7.144340,136.007269
9.663581,0.367718,29.286204,4.920912,4.920912,126.062595
11.598972,0.511849,42.848569,5.940929,5.940929,155.467746
17.202776,0.518696,58.582906,6.085027,6.085027,172.778972
18.447628,0.563369,52.381717,5.969377,5.969377,192.111638
18.382956,0.553129,55.530375,5.828254,5.828254,175.744972
18.605583,0.385190,52.315604,5.134228,5.134228,170.690330
17.781345,0.611434,50.669049,6.311911,6.311911,185.328872
17.535357,0.438983,59.051457,6.586892,6.586892,179.529834
17.869859,0.454088,54.442454,6.847407,6.847407,188.165687
17.440956,0.767949,46.869115,7.885377,7.885377,168.511703
15.709536,0.647243,63.738573,5.077779,5.077779,183.143653
14.819505,0.493832,52.202865,6.768654,6.768654,167.871148
11.009491,0.515464,37.779943,5.240405,5.240405,144.078825
8.729294,0.369030,25.300380,6.232325,6.232325,135.198808
15.868802,0.465127,51.112480,5.314487,5.314487,169.436165
17.671520,0.394310,47.211296,8.515018,8.515018,177.717900
11.043123,0.397607,36.233582,5.241558,5.241558,153.989546
17.840066,0.622666,52.756763,6.531050,6.531050,196.595167
12.484907,0.599658,38.601748,8.637004,8.637004,156.340720
16.692304,0.754796,50.847195,4.917008,4.917008,183.894705
17.178071,0.682059,50.113872,7.331640,7.331640,283.385892
11.720255,0.556233,41.033148,4.491273,4.491273,141.399837
13.194295,0.492712,42.323216,6.369800,6.369800,150.909272
15.428731,0.589162,58.424663,7.158197,7.158197,171.716491
16.368106,0.614250,57.965008,4.939280,4.939280,167.160512
13.601566,0.592169,46.424116,5.851552,5.851552,154.182350
15.686528,0.760972,51.615880,6.066787,6.066787,165.545511
16.039781,0.834382,59.113858,7.290935,7.290935,190.191384
16.819473,0.708012,58.207315,4.685964,4.685964,169.249346
17.332314,0.395367,43.606085,6.179652,6.179652,157.425506
13.627037,0.720332,54.917950,6.161700,6.161700,168.714297
8.263847,0.325733,26.172586,7.234646,7.234646,131.610430
16.165927,0.565577,46.102127,4.940721,4.940721,158.452083
16.537101,0.553801,56.350837,7.221494,7.221494,186.983299
15.576542,0.725355,55.064640,4.891440,4.891440,166.997054
7.858752,0.262852,27.178586,8.227334,8.227334,139.196121
12.092837,0.447655,35.435329,4.856591,4.856591,135.270970
12.864593,0.398758,41.097021,5.897376,5.897376,144.548976
14.464299,0.444200,56.834781,6.436009,6.436009,173.340101
8.978034,0.313189,35.483138,4.742478,4.742478,135.335547
13.694751,0.369830,49.585735,5.884480,5.884480,163.909644
13.412987,0.404742,44.682199,7.168853,7.168853,156.152238
12.738607,0.330950,40.633205,4.353479,4.353479,148.585074
10.433770,0.309253,33.109019,6.480745,6.480745,142.663250
13.448539,0.267940,39.921194,5.412984,5.412984,151.688197
13.380377,0.211044,41.061372,5.513241,5.513241,151.327454
14.007588,0.141698,37.846280,5.739966,5.739966,153.072731
15.033781,0.140130,35.646308,5.847967,5.847967,153.854920
15.503485,0.099233,34.144204,5.305686,5.305686,154.845688
12.578189,0.099393,30.668371,5.872288,5.872288,171.380773
16.917267,0.084097,28.715092,5.106547,5.106547,153.214301
17.474269,0.063169,25.683426,5.130995,5.130995,170.324020
15.580509,0.073473,23.263771,6.576203,6.576203,152.156236
15.878403,0.061121,23.675617,6.745998,6.745998,152.966778
20.007525,0.063457,27.225883,7.025138,7.025138,169.989358
20.872244,0.056161,28.409806,7.480858,7.480858,166.268530
21.181785,0.068225,28.425615,7.897888,7.897888,169.911917
22.798515,0.072513,31.539809,8.361609,8.361609,188.249048
23.875940,0.068546,30.916855,8.487818,8.487818,177.881519
24.988567,0.052801,33.315998,10.318184,10.318184,190.752385
26.056488,0.062561,32.742869,8.470314,8.470314,246.082725
27.220955,0.048129,33.627427,9.889857,9.889857,194.978918
28.188843,0.066625,31.404415,9.419833,9.419833,199.942390
26.051304,0.062273,29.063609,10.778512,10.778512,218.581222
29.284029,0.075073,30.645267,10.756367,10.756367,196.816932
30.242284,0.102146,32.876503,10.694318,10.694318,265.936232
30.105322,0.090113,34.183117,10.882129,10.882129,199.000039
30.291309,0.096769,31.428288,10.801520,10.801520,207.609843
30.606962,0.081922,33.751205,9.697182,9.697182,199.792372
30.938552,0.080577,34.933145,11.553980,11.553980,202.215323
30.625586,0.087906,34.855287,11.787392,11.787392,200.338173
30.642675,0.068577,34.589811,11.215926,11.215926,199.483087
30.554257,0.069441,36.916313,11.420890,11.420890,305.790545
30.678132,0.084897,36.516018,10.104549,10.104549,213.416498
32.152844,0.057121,32.917655,11.730399,11.730399,196.333724
32.003912,0.064833,35.377408,12.343529,12.343529,198.210394
28.033992,0.063745,35.148124,11.970883,11.970883,203.115178
31.658467,0.058369,39.452578,12.126693,12.126693,214.647461
31.824710,0.061537,35.698373,10.599692,10.599692,196.363260
33.181724,0.074145,41.281056,12.308329,12.308329,211.050571
32.491601,0.080002,39.861288,11.810304,11.810304,253.055383
23.154457,0.080897,22.286731,12.940530,12.940530,167.508998
29.627555,0.095393,33.818055,12.839281,12.839281,194.728770
33.736965,0.073218,41.022555,11.469050,11.469050,217.496788
35.306207,0.075553,34.183148,12.759887,12.759887,239.453881
34.858999,0.080833,42.048525,13.555356,13.555356,226.927725
34.848407,0.071425,35.314271,12.996499,12.996499,202.378270
35.107931,0.066049,36.744918,13.564636,13.564636,256.601840
31.411647,0.094050,31.403263,11.758912,11.758912,198.051384
35.898024,0.089249,46.086767,13.953859,13.953859,222.966637
31.637635,0.077697,30.132171,14.031237,14.031237,201.510928
31.144763,0.097506,39.095196,13.790144,13.790144,211.023435
25.502335,0.126818,36.517138,15.548445,15.548445,195.657936
15.547581,0.092257,18.842227,13.519420,13.519420,190.273721
22.350700,0.246436,32.545586,13.100949,13.100949,196.069943
14.211911,0.480648,39.381793,13.133494,13.133494,137.434845
19.073174,0.266693,44.512276,15.039733,15.039733,206.116315
18.972629,0.544137,71.811857,15.916611,15.916611,219.208464
17.654080,0.673931,63.296038,10.572300,10.572300,201.984184
22.100040,0.737260,78.354396,10.786927,10.786927,230.189635
22.221386,0.665994,79.656849,13.064564,13.064564,233.237940
23.375581,0.747980,88.949256,13.310329,13.310329,252.973590
14.964371,0.652299,64.685757,13.394458,13.394458,208.402400
22.376012,0.617258,81.516559,12.487051,12.487051,238.885968
21.208409,0.646475,81.112264,12.755824,12.755824,240.000387
19.525438,0.735532,72.341594,13.058548,13.058548,242.298248
10.924626,0.482984,40.544308,13.550717,13.550717,185.001380
10.105093,0.347333,36.476530,12.929651,12.929651,188.585982
9.007154,0.411495,35.540835,13.334457,13.334457,178.232661
11.057716,0.335365,41.904618,10.027907,10.027907,183.869617
11.083285,0.355078,45.678023,12.222663,12.222663,204.301790
15.424347,0.542249,64.299190,9.619644,9.619644,217.811129
16.362891,0.543720,77.263146,17.626239,17.626239,246.839922
16.914675,0.710220,70.783200,10.010787,10.010787,231.389430
16.674319,0.701067,71.748944,15.089173,15.089173,244.614413
17.707040,0.709996,65.318567,14.938131,14.938131,240.147461
9.333784,0.372582,28.930007,11.188726,11.188726,203.092554
19.290650,0.798573,63.351175,10.888817,10.888817,244.850705
16.470348,0.551273,46.437236,11.053972,11.053972,230.160898
19.102711,0.817710,64.147572,13.666302,13.666302,263.608003
13.288184,0.559753,45.357923,10.914418,10.914418,229.746076
13.097269,0.572105,45.905099,12.309161,12.309161,235.127251
13.558396,0.535881,43.301345,11.422042,11.422042,237.549242
20.219625,0.652746,60.465209,13.267928,13.267928,271.678054
19.630272,0.737388,60.854206,12.499148,12.499148,270.531252
9.923138,0.479783,30.224652,10.829585,10.829585,224.704266
14.549997,0.541224,41.003804,12.782960,12.782960,239.339736
12.983508,0.550824,38.025067,12.510188,12.510188,233.048018
14.507788,0.546729,44.657175,9.656029,9.656029,238.973234
19.597279,0.680619,65.390376,11.350969,11.350969,278.435700
13.143766,0.539721,52.982750,10.267975,10.267975,255.562880
9.893857,0.393127,30.270796,11.865665,11.865665,224.359364
12.415243,0.484391,39.699751,13.377369,13.377369,249.296890
19.495581,0.666859,62.857503,12.665230,12.665230,270.715350
20.482669,0.651499,61.657867,14.155175,14.155175,274.005932
9.713982,0.440807,31.730820,14.902003,14.902003,225.654969
17.078678,0.595306,46.703768,13.200919,13.200919,248.129223
18.038374,0.645066,49.294211,12.297864,12.297864,259.731204
11.580476,0.516617,37.299935,12.238151,12.238151,231.001328
20.343179,0.650827,76.383131,13.233592,13.233592,318.374815
19.687744,0.739692,62.615131,12.836241,12.836241,280.914204
20.988021,0.747789,64.777086,13.649054,13.649054,283.282435
20.652176,0.668843,66.240823,13.597245,13.597245,326.944362
10.764559,0.440615,37.092060,13.380474,13.380474,240.614348
22.646480,0.661067,59.607402,15.396250,15.396250,282.280051
23.756802,0.692908,63.254341,14.691727,14.691727,285.733003
23.598816,0.648427,63.470665,15.987268,15.987268,287.771788
23.792739,0.499784,77.263050,15.257304,15.257304,308.224633
23.964166,0.569802,60.224532,15.112566,15.112566,284.401014
11.825312,0.415527,36.040299,19.924964,19.924964,266.874040
22.571311,0.676523,50.651641,21.511678,21.511678,276.845018
11.667870,0.479560,35.390624,13.868834,13.868834,265.502466
23.590144,0.682187,58.792797,20.540046,20.540046,295.888400
23.313020,0.766060,73.693264,15.818497,15.818497,323.599508
17.384667,0.646731,51.767114,13.065172,13.065172,278.667640
13.642654,0.638474,43.666407,13.880514,13.880514,260.136010
10.541068,0.609193,31.065466,14.698063,14.698063,252.850452
9.763487,0.575305,29.592322,19.299674,19.299674,236.704461
14.028644,0.918991,51.959982,16.048326,16.048326,269.488291
9.560028,0.593929,27.230140,18.070087,18.070087,234.631980
18.296330,0.886094,57.949936,16.394987,16.394987,281.785771
15.662751,0.795085,42.110094,15.930723,15.930723,256.841813
13.054453,0.764940,34.910328,16.079078,16.079078,243.063733
16.792177,0.952368,47.352163,19.185017,19.185017,271.141854
16.371531,0.913391,48.586391,18.292809,18.292809,281.663178
16.995349,0.899535,53.771787,16.166984,16.166984,269.088477
17.753601,0.875630,51.912365,18.581806,18.581806,283.649385
17.006261,0.722476,51.826956,15.318777,15.318777,276.434452
16.679856,0.970831,50.294003,16.309130,16.309130,263.650692
15.883682,0.880942,58.795806,12.316425,12.316425,269.205630
15.875330,0.861582,60.146580,13.598942,13.598942,270.762872
17.094999,0.756332,60.519097,15.300601,15.300601,270.653142
9.321560,0.465191,27.613282,14.351946,14.351946,227.816765
11.773855,0.596842,36.753494,10.340424,10.340424,233.832126
11.007380,0.647018,34.735190,12.945266,12.945266,232.072514
11.464891,0.735244,35.539138,9.225590,9.225590,233.018705
14.375338,0.842253,53.115457,12.723887,12.723887,263.507745
15.013653,0.815661,55.242243,6.895952,6.895952,276.739801
14.833617,0.772013,55.932590,10.278631,10.278631,274.410451
13.966436,0.739020,46.635287,12.675951,12.675951,261.406816
13.749024,0.882414,46.817882,12.064420,12.064420,248.917332
13.942019,0.599626,55.716619,11.145397,11.145397,268.221422
14.269192,0.809101,51.067552,12.191047,12.191047,270.030412
14.012004,0.773932,47.531782,9.388761,9.388761,257.239483
13.640830,0.918383,48.804667,7.431961,7.431961,260.087018
13.266424,0.855629,47.658792,9.841472,9.841472,243.918306
13.591198,0.892110,48.349267,9.574972,9.574972,241.865250
13.277816,0.602634,53.167778,7.956033,7.956033,262.854999
13.654558,0.734924,50.748859,10.010787,10.010787,242.057541
13.951427,0.569449,47.514245,10.268872,10.268872,234.776718
13.739520,0.663179,47.169056,10.393930,10.393930,238.188198
13.317177,0.752684,45.500805,7.947009,7.947009,231.675995
13.307448,0.991537,43.815625,9.085203,9.085203,229.531416
12.945075,0.911919,48.867483,8.764623,8.764623,237.418937
13.262936,0.898223,45.436739,9.024050,9.024050,230.491688
13.313913,0.657930,48.142320,9.312856,9.312856,234.285254
13.376986,0.871342,47.115071,8.057763,8.057763,226.200035
13.133718,0.801549,46.748121,9.562748,9.562748,222.402117
7.434617,0.388262,18.486093,11.923682,11.923682,166.959966
13.709760,0.786316,52.203506,10.566604,10.566604,223.076880
14.014692,0.680395,52.088688,10.850129,10.850129,222.047711
14.297768,0.761485,48.449876,5.957601,5.957601,223.371700
14.416363,0.614890,45.187583,11.297655,11.297655,204.521409
15.624062,0.674123,57.591305,6.449289,6.449289,206.271678
15.821058,0.533577,54.056144,6.996882,6.996882,207.999451
11.937698,0.382695,40.332368,10.962802,10.962802,198.841701
11.224086,0.422567,36.411185,8.279431,8.279431,190.606015
16.623183,0.647658,52.241267,11.800096,11.800096,212.499043
15.407322,0.571082,54.801148,7.395448,7.395448,213.982523
13.485724,0.444775,36.659061,11.672958,11.672958,188.532861
14.914963,0.514760,41.394754,10.021475,10.021475,192.730049
16.680975,0.603050,50.959998,11.709342,11.709342,209.997755
11.972707,0.659787,39.109021,11.073620,11.073620,187.603055
10.360681,0.561769,35.584067,11.790176,11.790176,200.214716
7.562427,0.669195,27.028440,8.290343,8.290343,171.511688
10.805936,0.774957,38.328432,13.972100,13.972100,195.862517
7.999458,0.497288,27.109338,8.795728,8.795728,170.869438
10.740271,0.690987,36.513523,11.195734,11.195734,187.582510
9.973251,0.529864,31.177596,13.892706,13.892706,184.518044
10.575981,0.476615,33.422049,12.193862,12.193862,199.745492
8.882832,0.616010,35.620996,7.633372,7.633372,199.037320
10.425641,0.714860,38.237934,10.590413,10.590413,196.639937
15.070646,0.847821,66.131861,9.534651,9.534651,251.359132
12.153030,0.936015,53.230755,9.353720,9.353720,213.878746
14.313001,0.865102,49.503366,11.738079,11.738079,217.937660
9.770175,0.472072,40.480307,9.128564,9.128564,197.259979
10.272839,0.523465,41.789864,11.933731,11.933731,208.410657
8.674701,0.452488,36.378704,8.213894,8.213894,192.039959
10.357033,0.449511,40.401138,12.069989,12.069989,206.182461
9.129653,0.379462,36.551187,12.283528,12.283528,195.256715
11.771359,0.523209,55.233027,11.886754,11.886754,226.971279
15.903491,0.536137,56.763356,7.486074,7.486074,218.214081
16.183335,0.540553,61.717805,8.444553,8.444553,229.019664
13.254743,0.467560,53.376741,13.992995,13.992995,223.630040
9.406937,0.381414,39.921546,14.185191,14.185191,209.208750
9.461978,0.418055,36.846584,12.272520,12.272520,209.314608
15.928451,0.579881,58.969184,16.814226,16.814226,239.070164
8.143621,0.441479,32.562514,12.110406,12.110406,208.308544
9.352952,0.588330,37.147069,14.295369,14.295369,203.510513
10.812720,0.444935,38.022763,11.300056,11.300056,207.143628
12.331464,0.629963,39.793352,19.522046,19.522046,218.949324
17.990533,0.696812,65.604844,13.940163,13.940163,247.884452
17.668544,0.607242,65.648653,13.066165,13.066165,252.295180
17.307833,0.726508,64.534875,15.052885,15.052885,252.149993
18.038662,0.882158,63.109892,16.255112,16.255112,268.934138
19.373019,0.861806,59.912336,13.539741,13.539741,252.492303
16.177735,0.532745,52.326452,14.919603,14.919603,245.041973
18.395948,0.781452,53.512072,13.733471,13.733471,243.431163
9.814784,0.407302,36.497714,17.564190,17.564190,221.568535
20.173512,0.723436,67.450442,15.463196,15.463196,289.340198
11.847201,0.451911,39.324192,16.450156,16.450156,224.046463
16.534637,0.521929,64.741278,20.744849,20.744849,262.846903
14.879955,0.513640,68.885601,19.511262,19.511262,286.509081
12.436234,0.319430,42.729527,17.145751,17.145751,235.121300
21.393212,0.552265,57.112322,21.359035,21.359035,289.710156
22.080263,0.628555,60.537817,20.713809,20.713809,297.985203
22.959190,0.581354,65.386664,16.071334,16.071334,275.458693
11.552188,0.499528,38.231023,19.693216,19.693216,237.044531
10.744463,0.346117,34.313551,19.189208,19.189208,234.329991
21.659777,0.655531,58.342230,26.278220,26.278220,274.755098
11.491164,0.545800,37.689894,18.694640,18.694640,237.486235
19.464828,0.695596,62.977281,25.023287,25.023287,279.400260
9.829600,0.471847,34.128524,18.170888,18.170888,234.098819
19.779490,0.697611,68.076213,23.270299,23.270299,290.082707
13.219383,0.622731,49.351683,18.581871,18.581871,263.282719
11.766559,0.539849,41.120318,18.715825,18.715825,282.222579
9.119636,0.623370,31.954856,23.902053,23.902053,252.301643
18.022214,0.787821,67.296199,18.198024,18.198024,307.197930
11.129845,0.568809,39.071964,16.572302,16.572302,269.594117
15.509084,0.679339,49.259810,15.164118,15.164118,281.419878
16.003365,0.734284,56.128466,15.009172,15.009172,287.991633
12.846577,0.631179,44.230320,15.339034,15.339034,272.933660
16.414795,0.766284,65.544523,13.635294,13.635294,303.350058
18.864627,0.770892,69.094117,23.687073,23.687073,319.606195
11.557532,0.585738,43.947403,21.632449,21.632449,280.068688
16.054342,0.740716,49.263330,23.679042,23.679042,301.527726
9.498843,0.492424,34.808887,23.571776,23.571776,273.299010
9.609821,0.457479,34.657812,23.335132,23.335132,291.474122
17.844707,0.776301,54.548088,22.632208,22.632208,306.062199
17.275833,0.664683,62.876160,15.252120,15.252120,330.528005
17.996965,0.795308,55.840366,14.656303,14.656303,304.590367
13.403386,0.594538,42.003052,16.248104,16.248104,299.773457
13.594974,0.675915,50.926141,18.981525,18.981525,296.279224
18.799058,0.750220,64.604700,12.297448,12.297448,308.035927
18.524334,0.794989,63.246278,13.766017,13.766017,306.746787
12.245895,0.664395,61.670028,15.688383,15.688383,297.857297
13.888642,0.720684,50.812635,15.879235,15.879235,284.557305
14.841074,1.071890,56.925022,21.698049,21.698049,293.451114
19.244217,0.817549,63.915761,22.826196,22.826196,301.460940
9.689822,0.440551,30.870551,18.015878,18.015878,248.288843
18.720849,0.752908,62.557691,21.638528,21.638528,292.869248
14.551692,0.681740,54.468790,22.951542,22.951542,284.139666
17.748193,0.725260,62.809919,21.470109,21.470109,290.030578
9.380601,0.464647,30.817078,22.318924,22.318924,244.352715
14.601037,0.499080,42.026701,16.842515,16.842515,261.895720
17.773729,0.778989,56.046065,22.147593,22.147593,283.070433
9.204374,0.405190,27.864518,19.783330,19.783330,238.019139
9.105780,0.407910,27.742532,21.403549,21.403549,231.327286
9.142325,0.441095,27.392990,16.902995,16.902995,231.216437
9.170070,0.532104,26.811317,16.280489,16.280489,226.878094
8.767791,0.489000,29.727300,17.621279,17.621279,234.840144
16.344906,0.919183,57.068865,19.335451,19.335451,284.830781
10.047235,0.605098,32.233485,20.352459,20.352459,233.545818
11.250967,0.615658,33.914600,21.075735,21.075735,234.942801
11.072628,0.857678,42.004268,16.907667,16.907667,258.746005
11.103125,0.745228,41.721095,13.933507,13.933507,164.445654
10.598476,0.750829,53.782955,17.582782,17.582782,269.260224
15.072469,0.863886,50.730362,17.879875,17.879875,235.766431
9.727103,0.534536,38.192302,16.941267,16.941267,215.835066
10.451978,0.639659,34.951257,17.919556,17.919556,210.176222
18.334123,0.772428,54.767836,17.994981,17.994981,232.711853
19.253114,0.654570,71.238856,16.149863,16.149863,283.137986
13.306840,0.526601,46.982941,17.837570,17.837570,218.634567
11.295351,0.381287,41.824073,16.922931,16.922931,206.602659
13.381850,0.444487,43.463300,19.842627,19.842627,215.939900
19.889379,0.587082,56.360694,16.449547,16.449547,228.524680
18.717425,0.411047,52.589656,19.638559,19.638559,231.733437
21.453502,0.613866,69.170790,22.072680,22.072680,256.241325
18.325450,0.452296,58.314933,18.833715,18.833715,233.675325
21.249626,0.616362,70.133302,18.980853,18.980853,273.473221
12.682703,0.448647,47.474661,21.299579,21.299579,222.982671
22.061063,0.555817,70.686719,18.946421,18.946421,276.639608
21.805603,0.558441,68.915234,19.281754,19.281754,258.032650
14.257320,0.429223,55.197379,21.521982,21.521982,236.561484
23.780259,0.558985,67.148229,18.563054,18.563054,264.849592
24.238507,0.454087,61.983538,20.832339,20.832339,258.798230
17.862019,0.396774,52.108273,20.325195,20.325195,242.918355
26.140297,0.478248,63.722638,31.557090,31.557090,279.574152
15.306970,0.383558,41.922666,22.066663,22.066663,242.810226
22.758099,0.475399,51.636393,21.065239,21.065239,283.036192
27.366078,0.510312,62.975682,35.294911,35.294911,324.295425
26.234731,0.572905,63.559275,29.721444,29.721444,309.161130
23.990438,0.571530,78.264346,25.506047,25.506047,322.393473
23.110936,0.488968,81.016999,28.729140,28.729140,329.279025
23.002423,0.523784,69.853713,28.716052,28.716052,319.410417
16.751153,0.417223,53.876685,29.025977,29.025977,300.527006
24.347244,0.499017,78.505438,27.100569,27.100569,351.493307
18.209032,0.423943,52.890334,28.439119,28.439119,305.373004
16.479500,0.408935,55.070273,33.031737,33.031737,380.738647
12.624621,0.363270,42.568693,23.542176,23.542176,298.221816
11.288792,0.355814,40.709622,23.164345,23.164345,288.190229
23.104024,0.636458,76.165017,18.967381,18.967381,365.606913
23.849764,0.557673,64.751902,23.215962,23.215962,325.688247
14.434315,0.382182,44.115247,27.716899,27.716899,295.241319
12.996212,0.355909,40.183919,20.053894,20.053894,297.279272
21.862820,0.429991,51.450822,29.379615,29.379615,321.424498
16.762353,0.491048,56.186707,20.006885,20.006885,321.657494
26.816277,0.536392,68.913826,30.006633,30.006633,350.377993
12.998419,0.356742,36.244398,19.886627,19.886627,308.037175
13.699039,0.416359,42.843161,20.408940,20.408940,307.380205
17.417979,0.448296,46.275697,26.309709,26.309709,330.451429
15.494236,0.374726,48.698521,27.130265,27.130265,332.159264
15.458812,0.465159,49.682153,31.018393,31.018393,330.183584
19.677984,0.711020,65.063715,30.100779,30.100779,352.762160
22.332203,0.633931,54.073392,31.308830,31.308830,333.263154
27.144442,0.852973,75.112487,23.346557,23.346557,359.636896
19.132728,0.606698,49.706953,25.078456,25.078456,319.774199
15.785889,0.485128,47.022558,22.606736,22.606736,310.166875
25.646050,0.752972,64.733790,21.402781,21.402781,342.038146
23.365981,0.658315,58.808221,27.390046,27.390046,350.857586
20.507662,0.626698,54.838845,25.289755,25.289755,320.293119
25.678626,0.735084,60.137588,28.091018,28.091018,349.524828
24.516047,0.740204,62.863103,24.846101,24.846101,329.300946
23.068344,0.748684,64.010579,23.905062,23.905062,331.453366
23.257370,0.804397,68.919555,20.859539,20.859539,335.237778
23.759715,0.809646,71.228423,20.112711,20.112711,307.122409
18.868820,0.656522,55.643946,26.587313,26.587313,287.561003
25.422910,0.650987,62.495545,24.900790,24.900790,304.774755
12.915986,0.634795,45.732712,26.103881,26.103881,294.291736
25.644546,0.774028,80.048760,27.736196,27.736196,331.533815
16.930452,0.564105,51.844397,27.337501,27.337501,297.541357
24.013063,0.752236,56.427959,37.198526,37.198526,316.064571
27.633858,0.727020,75.029030,28.147723,28.147723,333.267059
27.685027,0.747916,85.053801,35.969834,35.969834,364.020200
19.457629,0.632650,48.527863,30.339342,30.339342,308.066681
13.235320,0.449191,35.537379,33.875335,33.875335,295.864466
25.511647,0.814990,66.959746,28.862486,28.862486,333.601464
27.561761,0.587145,68.777920,36.024427,36.024427,335.426710
28.114922,0.595530,68.318840,28.520209,28.520209,337.544665
21.130872,0.477768,46.106318,35.226526,35.226526,306.918342
19.799490,0.478984,45.210848,31.337438,31.337438,314.797190
18.425484,0.579018,65.323879,30.044201,30.044201,324.619750
23.374045,0.591817,75.601359,33.050810,33.050810,366.324013
11.490139,0.418311,44.314417,22.849332,22.849332,307.910294
20.139496,0.663275,66.788991,20.713906,20.713906,324.166079
21.176089,0.719596,72.407323,29.388383,29.388383,341.796126
20.991638,0.648683,74.504381,28.445647,28.445647,338.175107
21.896004,0.675531,62.160244,36.602644,36.602644,334.319940
22.258858,0.645003,70.902914,29.187324,29.187324,343.587707
15.908131,0.674443,57.867279,37.885417,37.885417,327.102959
26.180938,0.724972,73.819378,28.048297,28.048297,349.217239
27.110490,0.582889,73.902100,33.049626,33.049626,349.854209
21.299707,0.523176,66.934658,42.221008,42.221008,345.740702
28.730388,0.533225,67.019363,33.173660,33.173660,344.493482
19.587295,0.376998,43.995916,37.112924,37.112924,325.479572
30.743925,0.519720,69.470507,36.896409,36.896409,348.043140
31.056346,0.535241,66.455258,37.498275,37.498275,359.945318
32.673652,0.525609,84.286588,39.745735,39.745735,368.717300
32.953337,0.466440,96.516195,29.364350,29.364350,404.727231
33.362335,0.530793,102.564422,38.345520,38.345520,388.655513
34.097803,0.422663,88.207037,39.314016,39.314016,393.761740
35.583556,0.368550,75.496461,25.403645,25.403645,350.940307
37.793159,0.421223,72.614367,32.933304,32.933304,356.080295
37.093852,0.380711,90.141979,33.861895,33.861895,374.202286
38.421233,0.420679,80.295964,41.912203,41.912203,379.748520
38.557780,0.413382,72.063222,37.648102,37.648102,372.001354
17.744033,0.271332,44.474709,34.855351,34.855351,329.414292
25.344220,0.421255,68.807713,35.956233,35.956233,360.489646
36.067115,0.534729,69.110630,36.811095,36.811095,373.900521
35.650405,0.581129,65.784143,36.792055,36.792055,370.057354
35.659365,0.528873,74.021077,26.930455,26.930455,398.950913
32.649108,0.553129,58.098610,39.627046,39.627046,361.834373
38.449554,0.386023,72.656991,35.508035,35.508035,382.046286
38.389330,0.442343,72.576510,36.133229,36.133229,382.200497
38.948538,0.473224,71.999092,43.968620,43.968620,386.863196
38.052876,0.469704,63.189829,36.030186,36.030186,376.101325
36.885113,0.445735,60.444888,31.751781,31.751781,368.114251
38.372305,0.472455,70.736512,42.780536,42.780536,417.052455
28.450927,0.444007,51.886349,44.708728,44.708728,363.931750
36.243790,0.507880,66.946467,46.588631,46.588631,388.928798
27.674851,0.433671,67.553580,37.784679,37.784679,380.630935
37.527811,0.639467,75.783794,37.743302,37.743302,395.168547
17.479132,0.317861,45.981229,43.036253,43.036253,344.514954
33.649956,0.589450,80.510175,33.485698,33.485698,408.299418
32.729525,0.519624,80.916966,39.878985,39.878985,407.072517
23.478335,0.417095,57.964400,50.159537,50.159537,375.545796
29.208860,0.616298,74.644095,44.904859,44.904859,393.910223
30.351278,0.645451,77.414860,36.816984,36.816984,387.397125
35.326144,0.628938,73.395147,31.910184,31.910184,390.735132
35.972938,0.506792,74.386235,41.303073,41.303073,408.348762
34.423889,0.432007,79.688305,40.784057,40.784057,417.091753
27.163450,0.453672,67.251431,39.319520,39.319520,372.871032
36.995803,0.484583,73.520398,40.508915,40.508915,389.440678
35.362400,0.574410,72.991940,39.870857,39.870857,400.168213
34.243213,0.619274,66.892098,32.526002,32.526002,375.476643
33.727973,0.512040,72.575998,34.520274,34.520274,412.907812
36.633140,0.606570,72.517341,40.160494,40.160494,390.294836
34.768278,0.462728,68.599069,33.644772,33.644772,401.397481
34.688437,0.627210,83.421743,37.179646,37.179646,402.758144
16.334154,0.344102,40.240495,40.309744,40.309744,348.108997
25.539040,0.550409,54.942527,40.169038,40.169038,363.207963
33.121308,0.632682,71.823922,34.591763,34.591763,385.348644
16.112775,0.411910,41.374882,36.957978,36.957978,340.020802
32.161356,0.671819,71.807826,32.866487,32.866487,381.345379
31.601858,0.671883,80.807172,34.007113,34.007113,388.980223
26.247276,0.623690,71.314185,43.137342,43.137342,380.451252
24.808692,0.544392,63.833072,33.864807,33.864807,361.039351
21.600288,0.444935,70.325210,36.862488,36.862488,364.791061
37.768167,0.724716,87.241325,32.017161,32.017161,405.054565
29.991528,0.554921,65.711342,37.497411,37.497411,366.411983
33.975017,0.593546,72.856483,39.855114,39.855114,382.742746
31.868551,0.560490,86.756389,40.732695,40.732695,424.384192
25.990279,0.549097,71.638767,38.950714,38.950714,371.512738
39.865097,0.635626,91.737398,40.233967,40.233967,402.741695
19.316091,0.324133,52.711099,39.061500,39.061500,340.204997
40.058412,0.637803,87.985464,33.550050,33.550050,404.294168
40.321136,0.500585,85.052905,38.673110,38.673110,404.768544
42.553269,0.651371,94.611109,38.985947,38.985947,422.847687
39.568996,0.584938,74.190296,41.349250,41.349250,385.640233
19.793058,0.317637,60.276118,40.711447,40.711447,354.512301
37.787912,0.593481,89.909945,38.753432,38.753432,411.588368
33.037626,0.596618,90.993098,38.447186,38.447186,413.606032
33.628580,0.514568,88.223325,31.269341,31.269341,385.598664
30.988633,0.632714,83.224588,37.368672,37.368672,412.854308
30.408496,0.674187,76.197273,40.450611,40.450611,397.990002
29.644483,0.772909,89.802742,34.483889,34.483889,399.162949
29.419999,0.740268,75.059494,34.871384,34.871384,383.083551
22.903541,0.503305,62.487449,34.890520,34.890520,366.664404
16.558894,0.467111,42.938524,35.353056,35.353056,336.974096
17.977829,0.583242,65.956146,37.967210,37.967210,373.058812
13.312537,0.392102,42.430836,38.246670,38.246670,348.639502
13.226903,0.497736,40.083469,33.180381,33.180381,337.060562
15.181624,0.658922,51.277443,41.754120,41.754120,352.235849
12.085381,0.545609,43.347874,36.668405,36.668405,336.714540
15.940100,0.696555,72.802498,22.955926,22.955926,374.948667
17.614751,0.798925,52.914782,26.202763,26.202763,337.515705
12.195750,0.552169,41.646023,38.772791,38.772791,327.651032
20.981782,0.687307,57.612075,31.194909,31.194909,349.073206
11.084917,0.395014,32.788182,26.817269,26.817269,301.637425
17.549566,0.641834,47.193377,36.438162,36.438162,323.325746
11.963395,0.320837,37.244767,27.800645,27.800645,189.318476
12.487819,0.473224,35.870984,26.107050,26.107050,154.654391
19.647072,0.571017,53.278884,28.943319,28.943319,185.093286
20.055687,0.523881,54.619641,23.229818,23.229818,187.009446
18.839506,0.465544,53.717579,22.230250,22.230250,294.974820
17.522685,0.521673,60.110099,23.133400,23.133400,166.929182
15.713376,0.429191,65.223110,23.509087,23.509087,169.647627
14.785585,0.534697,64.272919,23.858661,23.858661,166.289461
14.794353,0.432391,56.826077,21.127833,21.127833,151.163742
13.789952,0.348070,51.548391,23.584864,23.584864,159.644296
13.407706,0.396359,65.363848,20.867156,20.867156,154.473268
13.678175,0.434023,63.697069,20.704977,20.704977,146.400336
12.686351,0.508168,65.058340,22.511534,22.511534,144.153804
