1413393216555760384.000000 0.567101598 -0.374078423 -0.402511895 -0.553348899 -0.584868133 -0.400667250 0.437264353
1413393219205760512.000000 0.105632111 -0.883085728 -0.148118794 -0.580065727 -0.589903176 -0.382597446 0.411287338
1413393221805760512.000000 -0.088552885 -0.873529255 0.330354899 -0.564810812 -0.588567555 -0.404561490 0.413409084
1413393224355760384.000000 -0.335826784 -0.059405781 0.213355631 -0.558730006 -0.584644079 -0.413500756 0.418364942
1413393224605760512.000000 -0.402843416 0.043185059 0.106499359 -0.575422108 -0.565088987 -0.417982072 0.418156415
1413393224855760384.000000 -0.462469399 0.125331074 -0.003101042 -0.608041525 -0.537484467 -0.421918124 0.404204160
1413393227155760384.000000 -0.354710370 0.770538211 -0.163699582 -0.740704536 -0.345704168 -0.524542093 0.238119647
1413393230105760512.000000 0.621036947 1.600570440 -0.277922273 -0.808508098 -0.172374114 -0.549995720 0.118771099
1413393232155760384.000000 1.940336585 2.217143059 -0.329643250 0.815213799 -0.020442752 0.577919781 -0.031896520
1413393232405760512.000000 2.064092398 2.203706741 -0.346507251 0.813940763 -0.060014099 0.577771842 0.008864496
1413393232705760512.000000 2.212869883 2.154969215 -0.413433135 0.812368155 -0.100959986 0.573195517 0.036222935
1413393233505760512.000000 2.652786255 1.903459668 -0.426685154 0.797255516 -0.116641782 0.586170614 0.084749490
1413393233755760384.000000 2.781037569 1.823778868 -0.337702543 0.796712875 -0.154779688 0.571691453 0.120253347
1413393234005760512.000000 2.901424885 1.761691332 -0.222527489 0.779397309 -0.192884877 0.578988492 0.141801000
1413393234205760512.000000 2.983833551 1.722905040 -0.143678546 0.773849905 -0.230883777 0.570584834 0.149271205
1413393236905760512.000000 2.976960897 1.403376460 -0.063443303 0.585087478 -0.581166506 0.427155912 0.370750576
1413393239605760512.000000 3.229888201 0.560565531 0.035339419 0.585294247 -0.569937944 0.406073838 0.409518629
1413393242405760512.000000 3.303269386 -0.649628162 -0.109791905 0.558692753 -0.564512312 0.436565369 0.422609717
1413393245305760512.000000 3.218940735 -0.597724080 -0.102731295 0.681462288 -0.456539750 0.480579346 0.310200185
1413393248055760384.000000 3.291374922 -0.347008407 -0.524927139 0.694321752 -0.402528584 0.533916414 0.266122729
1413393250755760384.000000 3.187100649 -0.422843099 -0.627494514 0.678948224 -0.428009838 0.518770278 0.294472903
1413393251255760384.000000 3.231149197 -0.390812695 -0.631070912 0.670351505 -0.462749422 0.485294968 0.317774504
1413393254055760384.000000 3.163003922 -0.343015045 -0.355248034 0.410866201 -0.704336524 0.301728576 0.494023263
1413393254955760384.000000 3.119161606 -0.670935869 -0.149765134 0.352270514 -0.728565216 0.264133304 0.524720728
1413393256455760384.000000 2.946229935 -1.064489126 -0.056878019 0.342908829 -0.748408318 0.250386059 0.509514928
1413393256955760384.000000 2.813241720 -1.244705081 -0.043378577 0.358931810 -0.737098157 0.252232075 0.514036298
1413393258305760512.000000 2.400116444 -1.869211197 -0.188606098 0.359084457 -0.725857556 0.257218748 0.527283370
1413393260655760384.000000 2.180369377 -2.831229925 -0.113980234 0.713526607 -0.301896274 0.550533593 0.310887903
1413393263455760384.000000 2.727219820 -2.944897890 -0.190745309 0.786611199 -0.220512137 0.561875939 0.130048707
1413393266205760512.000000 3.088575840 -3.113401890 -0.471871465 0.812311709 -0.058686685 0.578764498 0.041680645
1413393268205760512.000000 3.015775681 -3.165931940 -0.353965551 -0.790736377 -0.201558024 -0.556417048 0.156558588
1413393269505760512.000000 2.990611792 -3.132749319 -0.317690521 -0.767316520 -0.227259710 -0.572055519 0.179807708
1413393269955760384.000000 2.938284874 -3.134104729 -0.448287398 -0.778607130 -0.247840911 -0.547407329 0.180806994
1413393270705760512.000000 2.924110413 -3.155635357 -0.627781391 -0.789276421 -0.226804256 -0.548403084 0.157659963
1413393272405760512.000000 2.896982193 -2.812406778 -0.550988317 -0.806805193 -0.066757895 -0.584278226 0.056813501
1413393275205760512.000000 2.569900274 -2.107538462 -0.242108598 0.672008932 -0.438848525 0.502908826 0.320778459
1413393278055760384.000000 2.054734468 -2.187232494 -0.228523478 0.550721645 -0.579947472 0.434869528 0.413829684
1413393278505760512.000000 1.923445463 -2.210944891 -0.254650086 0.494499952 -0.655856073 0.391444385 0.414841980
1413393279005760512.000000 1.639450550 -2.256623983 -0.219732180 0.507307708 -0.634590983 0.358323485 0.459932119
1413393279505760512.000000 1.381350279 -2.324730873 -0.224794954 0.528797984 -0.634620488 0.348838061 0.442652971
1413393280005760512.000000 1.215509534 -2.460720062 -0.241622567 0.524560273 -0.614960730 0.375612944 0.453403503
1413393280505760512.000000 1.109088302 -2.565982103 -0.222327843 0.511889279 -0.617469847 0.415001303 0.429504812
1413393280955760384.000000 0.929980874 -2.592047453 -0.260941774 0.519114375 -0.631726205 0.414391756 0.399652153
1413393281305760512.000000 0.700731397 -2.615580559 -0.264949739 0.542751908 -0.611574471 0.381582737 0.431035548
1413393281705760512.000000 0.465706199 -2.671677113 -0.227079287 0.535170853 -0.611654282 0.376835883 0.444371462
1413393282205760512.000000 0.255645335 -2.735793829 -0.149848193 0.512981415 -0.632239401 0.386964500 0.432876408
1413393282705760512.000000 0.050508589 -2.789148569 -0.072596155 0.524602592 -0.612367809 0.374898791 0.457437038
1413393283205760512.000000 -0.072080858 -2.822741985 -0.068516530 0.582923651 -0.575231373 0.404060066 0.407485336
1413393283655760384.000000 -0.099942438 -2.875935078 -0.071373060 0.651036441 -0.500046492 0.448506236 0.353478789
1413393284805760512.000000 0.133866459 -2.988726139 -0.223447725 0.779147506 -0.247322962 0.553726017 0.158581465
1413393287605760512.000000 0.826513946 -3.388632536 -0.182241172 -0.797172248 -0.178760782 -0.560064435 0.137436807
1413393290105760512.000000 1.454630613 -3.298370600 -0.225685611 -0.739417553 -0.332181573 -0.531718314 0.245342135
1413393293005760512.000000 1.814623237 -3.228376627 -0.351705134 -0.695739686 -0.402655691 -0.520429492 0.288041413
1413393294805760512.000000 1.005539298 -3.370715141 -0.238789067 -0.707186580 -0.406520188 -0.496825099 0.296299666
1413393295205760512.000000 0.765913188 -3.371598959 -0.213976935 -0.707085431 -0.410813302 -0.499765247 0.285477519
1413393296905760512.000000 0.058978304 -3.113855839 -0.302012920 -0.732795835 -0.370657235 -0.498237014 0.278178811
1413393297405760512.000000 -0.035580099 -2.951513052 -0.366948545 -0.741741717 -0.345877200 -0.509599864 0.265511185
1413393299955760384.000000 0.177728891 -2.191264629 -0.443752944 -0.726835608 -0.350408107 -0.529987156 0.260840863
1413393300355760384.000000 0.130875722 -2.119586229 -0.405251652 -0.729202628 -0.359126747 -0.512314141 0.277174652
1413393301005760512.000000 0.082312509 -2.018326521 -0.351684630 -0.661995888 -0.460659713 -0.483062625 0.340888053
1413393303405760512.000000 -0.509594023 -2.039234400 -0.398910671 -0.592768192 -0.561202466 -0.417495251 0.399218678
1413393303955760384.000000 -0.637795746 -1.998012662 -0.251706064 -0.596481085 -0.551433206 -0.421075493 0.403518498
1413393304655760384.000000 -0.764222980 -1.915266037 -0.257914811 -0.590881705 -0.568812788 -0.419705480 0.388790548
1413393306605760512.000000 -1.411900759 -1.265274882 -0.105219036 -0.649556220 -0.501810551 -0.445337743 0.357682973
1413393307105760512.000000 -1.601450920 -1.065583587 -0.132758230 -0.701267123 -0.420075268 -0.469238371 0.334030718
1413393308355760384.000000 -1.636878371 -0.578710020 -0.038020156 -0.791818023 -0.191065788 -0.565902591 0.127563357
1413393310305760512.000000 -1.539517999 0.038940169 -0.226697221 0.816372216 -0.009127061 0.577453673 0.000615496
1413393311305760512.000000 -1.306744695 0.068062730 -0.282598197 0.821401894 -0.022646464 0.569834352 0.008653644
1413393311605760512.000000 -1.198798895 0.048641078 -0.345806599 0.823420465 -0.017684361 0.566776633 0.020747708
1413393313855760384.000000 -0.486076981 0.082176477 -0.339064240 -0.792423785 -0.008158082 -0.609506965 0.022342891
1413393314355760384.000000 -0.484525800 -0.020694554 -0.338812768 -0.816596210 -0.001105287 -0.577205598 -0.001792124
1413393317005760512.000000 -0.012471199 0.547465801 -0.051153384 -0.799666882 -0.164885119 -0.565982103 0.114062250
1413393317355760384.000000 0.008565821 0.701428056 -0.080187686 -0.784732521 -0.166585550 -0.585350215 0.117512792
1413393317755760384.000000 -0.020609315 0.880247235 -0.139310241 -0.785268009 -0.159436435 -0.586798728 0.116625488
1413393318105760512.000000 -0.094576836 1.029590368 -0.219110802 -0.795009673 -0.150941342 -0.577907085 0.105829239
1413393318455760384.000000 -0.184101880 1.179072142 -0.309146911 -0.801912010 -0.126778707 -0.571573496 0.119030192
1413393318805760512.000000 -0.260837942 1.293844938 -0.404908985 -0.800942004 -0.122703187 -0.573539078 0.120369717
1413393319205760512.000000 -0.353138298 1.365979433 -0.447298855 -0.796628475 -0.127836198 -0.578311980 0.120815493
1413393319555760384.000000 -0.443268836 1.386738420 -0.478923917 -0.816106617 -0.130282283 -0.549402058 0.123100713
1413393319855760384.000000 -0.470172256 1.384525299 -0.547632575 -0.817041814 -0.140596420 -0.547091424 0.115613282
1413393320155760384.000000 -0.454235703 1.383634090 -0.642990112 -0.798331201 -0.152944744 -0.573194027 0.103556231
1413393320455760384.000000 -0.450449675 1.401505709 -0.704676926 -0.802887321 -0.145139366 -0.568638802 0.104673475
1413393320855760384.000000 -0.454855204 1.448977232 -0.778609753 -0.796276510 -0.139363244 -0.580330253 0.098684125
1413393321205760512.000000 -0.474840969 1.423706532 -0.767256796 -0.784859240 -0.138707995 -0.595895648 0.098308191
1413393321355760384.000000 -0.473027200 1.424064159 -0.777621150 -0.798619151 -0.131909341 -0.579163611 0.096835025
1413393321705760512.000000 -0.472370327 1.423429608 -0.774036348 -0.793487132 -0.132750198 -0.586345553 0.094628915
1413393322205760512.000000 -0.471555412 1.423636436 -0.774437070 -0.793661475 -0.132469058 -0.586086333 0.095164850
1413393322705760512.000000 -0.472016156 1.423593640 -0.774574757 -0.793786466 -0.132277891 -0.585952342 0.095212758
1413393323205760512.000000 -0.472424686 1.423445106 -0.773938715 -0.793735385 -0.132191151 -0.585991323 0.095518887
1413393323705760512.000000 -0.472558260 1.423478484 -0.774467051 -0.793813586 -0.131936580 -0.585912287 0.095706090
1413393324205760512.000000 -0.472467363 1.423568368 -0.774530470 -0.793886244 -0.131778881 -0.585844219 0.095737271
1413393324705760512.000000 -0.472611070 1.423498154 -0.774200201 -0.793984294 -0.131761953 -0.585700274 0.095827080
1413393325205760512.000000 -0.473067641 1.423536658 -0.774092317 -0.794063449 -0.131692961 -0.585570097 0.096061341
1413393325705760512.000000 -0.472761214 1.423505425 -0.774292946 -0.794071496 -0.131311819 -0.585651219 0.096023016
1413393326205760512.000000 -0.472677261 1.423525095 -0.774275899 0.794042706 0.131277725 0.585659206 -0.096257910
