1403638538777829376.000000 -7.440881729 6.232523441 -6.216556072 -0.585366249 -0.601273239 -0.377256036 0.391783983
1403638539027829504.000000 -7.442894936 6.242694378 -6.215301514 -0.580016077 -0.595750391 -0.385501862 0.400063902
1403638539277829376.000000 -7.445553780 6.261950493 -6.188997269 -0.572251320 -0.586048305 -0.397033155 0.414053619
1403638539777829376.000000 -7.449971199 6.307888508 -6.055770874 -0.572054088 -0.593922198 -0.390362948 0.409423113
1403638540027829504.000000 -7.454805374 6.342206001 -6.033720016 -0.578084111 -0.602023721 -0.378599644 0.400060803
1403638540527829504.000000 -7.479036808 6.508098602 -5.989153862 -0.563214242 -0.607734859 -0.380755961 0.410454631
1403638540777829376.000000 -7.508993149 6.623307228 -5.970169067 -0.526602447 -0.637950301 -0.367067307 0.425406814
1403638542177829376.000000 -8.151053429 7.245426655 -5.784541607 -0.385098100 -0.730805755 -0.266531229 0.496571690
1403638542977829376.000000 -8.745410919 7.436537743 -5.680322170 -0.301723987 -0.765110493 -0.221560359 0.523908079
1403638543327829504.000000 -9.029128075 7.437526226 -5.597675323 -0.311645657 -0.763996840 -0.215812370 0.522121429
1403638543527829504.000000 -9.196383476 7.437648773 -5.577388287 -0.303778857 -0.768250585 -0.209752202 0.522985041
1403638543827829504.000000 -9.458849907 7.430775166 -5.559669495 -0.245769635 -0.789363384 -0.184819922 0.531360805
1403638545427829504.000000 -10.993148804 7.427483082 -5.401983738 -0.180192471 -0.800843418 -0.124593064 0.557366133
1403638545827829504.000000 -11.361237526 7.426883221 -5.425989151 -0.132266074 -0.813184798 -0.089484468 0.559668422
1403638546027829504.000000 -11.542976379 7.425726891 -5.395573139 -0.084984064 -0.821869671 -0.064845040 0.559556246
1403638546427829504.000000 -11.914614677 7.414498329 -5.363890171 -0.047707867 -0.826253295 -0.033885330 0.560250998
1403638546627829504.000000 -12.109617233 7.403227806 -5.370636940 -0.039370984 -0.827088535 -0.029581359 0.559910297
1403638547027829504.000000 -12.507225990 7.366777897 -5.313749313 -0.014932370 -0.828356564 -0.025709262 0.559411764
1403638547227829504.000000 -12.719634056 7.340056896 -5.317692280 -0.008017037 -0.829378486 -0.031925768 0.557716548
1403638548527829504.000000 -14.188529015 6.881945610 -5.404335022 0.036487523 -0.830350637 0.017729346 0.555762827
1403638548977829376.000000 -14.764217377 6.656205177 -5.326516151 0.061170593 -0.829456508 0.033413053 0.554205358
1403638549227829504.000000 -15.085714340 6.537271023 -5.241888046 0.060013123 -0.829280198 0.036178447 0.554422259
1403638549527829504.000000 -15.481444359 6.392948627 -5.119659424 0.053493138 -0.828036964 0.041390762 0.556578994
1403638550027829504.000000 -16.159687042 6.168903351 -4.947561264 0.050207328 -0.827718258 0.041850116 0.557324290
1403638550327829504.000000 -16.581699371 6.050102234 -4.779145241 0.051247243 -0.828258634 0.043586772 0.556292713
1403638550577829376.000000 -16.934209824 5.964787006 -4.641089916 0.048347544 -0.826335073 0.050282732 0.558842123
1403638550827829504.000000 -17.286432266 5.898159981 -4.539383888 0.045707397 -0.818288803 0.054462358 0.570393085
1403638553477829376.000000 -19.178495407 7.261413097 -3.955819130 -0.067086779 -0.785659075 -0.033887595 0.614077151
1403638556377829376.000000 -17.350252151 9.608716011 -3.484099150 -0.112976991 -0.822393715 -0.061446242 0.554192364
1403638558927829504.000000 -16.817260742 12.351146698 -3.061661243 -0.124084711 -0.824477732 -0.057896677 0.549078703
1403638561727829504.000000 -17.478122711 14.970331192 -3.365070820 -0.384055823 -0.716160119 -0.263984531 0.519546032
1403638562027829504.000000 -17.369630814 15.132364273 -3.457633257 -0.390095294 -0.711143255 -0.275537997 0.515926242
1403638563577829376.000000 -16.483255386 15.542514801 -3.526852369 -0.572727263 -0.554656565 -0.395582885 0.455909878
1403638563827829504.000000 -16.243806839 15.506586075 -3.541860342 -0.577180743 -0.559417605 -0.386253268 0.452462912
1403638564427829504.000000 -15.540795326 15.300809860 -3.536074877 -0.556712329 -0.571050286 -0.386422485 0.463304162
1403638564877829376.000000 -14.889541626 15.017934799 -3.509788275 -0.563714027 -0.569143891 -0.372506320 0.468551755
1403638566877829376.000000 -11.291707039 12.951530457 -4.565371990 -0.572451890 -0.614392459 -0.365251213 0.401761651
1403638567077829376.000000 -10.970041275 12.752861023 -4.719769001 -0.566810369 -0.614162266 -0.368691176 0.406936824
1403638567277829376.000000 -10.661378860 12.578620911 -4.896409988 -0.548890233 -0.601539969 -0.393279761 0.426849186
1403638567977829376.000000 -9.705269814 11.991885185 -5.449533939 -0.562843978 -0.605625808 -0.386275619 0.408919483
1403638569827829504.000000 -8.530860901 11.277762413 -5.901320457 -0.555626273 -0.611232102 -0.398118198 0.398969650
1403638572777829376.000000 -6.910758018 10.427663803 -6.375253677 -0.777528942 -0.300662994 -0.510290682 0.211314932
1403638573127829504.000000 -6.464776516 10.270695686 -6.321909904 -0.780089796 -0.309009910 -0.505417764 0.201309815
1403638573427829504.000000 -6.064539433 10.190619469 -6.306685925 -0.779251158 -0.313761830 -0.503749311 0.201389596
1403638573727829504.000000 -5.641138077 10.167947769 -6.247723103 -0.780177355 -0.310195416 -0.507587969 0.193537205
1403638573927829504.000000 -5.349493980 10.188134193 -6.197881699 -0.777293921 -0.285969049 -0.530085862 0.181782722
1403638574127829504.000000 -5.062800407 10.222556114 -6.169465542 -0.782655060 -0.228231043 -0.549118161 0.183931991
1403638574627829504.000000 -4.400768280 10.215574265 -6.147376060 -0.806391716 -0.115213849 -0.566738069 0.123556376
1403638574927829504.000000 -4.042443752 10.160849571 -6.104079723 -0.815627337 -0.108139038 -0.561188757 0.090139553
1403638575177829376.000000 -3.747430563 10.119441986 -6.087712288 -0.820838213 -0.099959843 -0.553157926 0.101237200
1403638575427829504.000000 -3.447170019 10.063029289 -6.105755806 -0.824201822 -0.102950759 -0.546693325 0.105919540
1403638575677829376.000000 -3.130044699 9.992291451 -6.129237175 -0.826252759 -0.119684421 -0.542041898 0.095774293
1403638576127829504.000000 -2.498954773 9.894111633 -6.035070896 -0.828334391 -0.133051232 -0.537102640 0.087637566
1403638576527829504.000000 -1.879227042 9.882018089 -5.919436932 -0.824897349 -0.145090267 -0.542046547 0.068400681
1403638576727829504.000000 -1.560828447 9.907680511 -5.898293018 -0.822097242 -0.150966674 -0.545636117 0.060386557
1403638576927829504.000000 -1.242058158 9.969362259 -5.891558647 -0.813136101 -0.145468146 -0.559445918 0.068330646
1403638577177829376.000000 -0.863658905 10.071243286 -5.885693550 -0.811734974 -0.133723587 -0.562158525 0.084747367
1403638577427829504.000000 -0.501961887 10.191782951 -5.846271038 -0.810095549 -0.142920718 -0.564023972 0.072083332
1403638577727829504.000000 -0.084138416 10.379524231 -5.786105156 -0.812023818 -0.141003087 -0.561188340 0.076177739
1403638577977829376.000000 0.234431773 10.551369667 -5.775053501 -0.812413514 -0.141305536 -0.560234725 0.078447260
1403638578527829504.000000 0.933755696 10.996018410 -5.697628498 -0.812804759 -0.125310227 -0.559462667 0.103186443
1403638578777829376.000000 1.237006903 11.186663628 -5.696975231 -0.810816646 -0.129470095 -0.562831461 0.095049992
1403638578977829376.000000 1.468490958 11.333199501 -5.709621429 -0.809805810 -0.135681987 -0.564181983 0.086623602
1403638579427829504.000000 1.964107871 11.683941841 -5.634149075 -0.809700310 -0.129610628 -0.563628733 0.099544503
1403638579727829504.000000 2.259383440 11.909889221 -5.603634357 -0.793359816 -0.144266292 -0.579096437 0.120061599
1403638579977829376.000000 2.464474678 12.105512619 -5.619820118 -0.781594574 -0.215014219 -0.565899730 0.150454327
1403638582527829504.000000 3.389773369 13.107058525 -5.535130024 -0.688708127 -0.423267156 -0.506337047 0.300248086
1403638585427829504.000000 2.198110580 13.418356895 -4.823835373 -0.697155952 -0.423061937 -0.497012407 0.296598703
1403638586127829504.000000 1.654386759 13.374737740 -4.695676804 -0.706708789 -0.424868703 -0.485119611 0.291046739
1403638586527829504.000000 1.354816794 13.387532234 -4.621059418 -0.692326188 -0.426431239 -0.507157445 0.285713524
1403638586927829504.000000 1.033711314 13.388710022 -4.690229416 -0.695596814 -0.421553284 -0.502289593 0.293501586
1403638587377829376.000000 0.637516022 13.355639458 -4.748978615 -0.699224591 -0.423201174 -0.496561915 0.292253375
1403638588327829504.000000 -0.244363680 13.263505936 -4.823648930 -0.698395789 -0.423918605 -0.499257475 0.288579941
1403638589177829376.000000 -1.076739907 13.192884445 -4.834837437 -0.701198876 -0.416130066 -0.496660262 0.297463596
1403638591277829376.000000 -2.943562031 12.780633926 -4.998079777 -0.719571054 -0.422683954 -0.473232716 0.282146394
1403638591927829504.000000 -3.319444895 12.825357437 -5.081807613 -0.725555241 -0.421798795 -0.464581251 0.282523900
1403638592177829376.000000 -3.394166946 12.919372559 -5.081191540 -0.718605399 -0.419140577 -0.471743673 0.292207956
1403638592427829504.000000 -3.450653553 13.031960487 -5.016212940 -0.697879910 -0.427619100 -0.474242330 0.324345291
1403638592727829504.000000 -3.481277227 13.147273064 -4.875992298 -0.683013320 -0.467464805 -0.451847821 0.332870781
1403638594377829376.000000 -3.406702757 13.927779198 -4.275819778 -0.640638053 -0.492832392 -0.474029183 0.349278450
1403638594627829504.000000 -3.446099997 13.985976219 -4.171012878 -0.639454544 -0.493589789 -0.470842898 0.354646385
1403638596477829376.000000 -3.962613583 13.959697723 -4.011797905 -0.623286009 -0.522732675 -0.493824214 0.307250321
1403638596877829376.000000 -4.357282162 13.955167770 -3.915019751 -0.610105991 -0.534354329 -0.507717133 0.290619224
1403638597277829376.000000 -5.013386250 13.977840424 -3.812703848 -0.605548084 -0.528068542 -0.516872525 0.295462310
1403638597477829376.000000 -5.437379837 14.002542496 -3.796002150 -0.610952377 -0.516207993 -0.513024151 0.311564922
1403638597677829376.000000 -5.905965805 14.020767212 -3.798822880 -0.616546690 -0.502681792 -0.507395566 0.331256539
1403638597877829376.000000 -6.405075073 14.027691841 -3.817565680 -0.606802046 -0.516324520 -0.510805905 0.322920501
1403638598127829504.000000 -7.084918976 14.022565842 -3.841319561 -0.601984501 -0.523943007 -0.500703752 0.335252583
1403638598377829376.000000 -7.814762592 14.001241684 -3.848744392 -0.619543076 -0.514917374 -0.469750941 0.361054689
1403638598627829504.000000 -8.544172287 13.949274063 -3.882978678 -0.620602310 -0.523226738 -0.457882851 0.362532526
1403638598827829504.000000 -9.117925644 13.899247169 -3.919465303 -0.606795907 -0.539703369 -0.446725786 0.375439942
1403638599027829504.000000 -9.679964066 13.847755432 -3.925267220 -0.585650742 -0.563507557 -0.431966126 0.390995800
1403638599177829376.000000 -10.095126152 13.806671143 -3.907905579 -0.567465484 -0.582146108 -0.419661731 0.403698981
1403638599377829376.000000 -10.640857697 13.738777161 -3.889452934 -0.543528020 -0.609838367 -0.400521427 0.415038764
1403638599577829376.000000 -11.176824570 13.667025566 -3.870796680 -0.529954374 -0.626904547 -0.386174649 0.420723498
1403638599777829376.000000 -11.706677437 13.597119331 -3.874153376 -0.527249575 -0.631671846 -0.380550683 0.422113568
1403638600377829376.000000 -13.202626228 13.466175079 -3.960655689 -0.565774560 -0.608733237 -0.341559827 0.438953191
1403638600577829376.000000 -13.628776550 13.451215744 -3.976532936 -0.572560430 -0.605917275 -0.335870355 0.438440472
1403638600777829376.000000 -13.994195938 13.466895103 -3.957628727 -0.578813255 -0.607099116 -0.327115685 0.435202658
1403638600977829376.000000 -14.310763359 13.523306847 -3.926599264 -0.566141248 -0.625776410 -0.342800438 0.412766248
1403638601177829376.000000 -14.608423233 13.612504005 -3.915169954 -0.554303825 -0.634689510 -0.357203841 0.402891964
1403638601377829376.000000 -14.906108856 13.731777191 -3.909514666 -0.538829386 -0.633661449 -0.372873366 0.411219567
1403638601577829376.000000 -15.211961746 13.866945267 -3.899628162 -0.517438948 -0.638871074 -0.364390314 0.437401921
1403638601777829376.000000 -15.515109062 14.005699158 -3.867913723 -0.479286522 -0.664135456 -0.348110169 0.456100851
1403638601977829376.000000 -15.817778587 14.131424904 -3.805139065 -0.433388323 -0.693009615 -0.327770174 0.473792225
1403638602577829376.000000 -16.749006271 14.388592720 -3.645887375 -0.333440363 -0.691698372 -0.266760230 0.582417369
1403638603927829504.000000 -17.347654343 13.878750801 -3.329393625 -0.194158584 -0.770627677 -0.172816724 0.581867576
1403638605277829376.000000 -16.966964722 12.562653542 -3.351558447 -0.217488974 -0.806347430 -0.141802564 0.531408072
1403638605677829376.000000 -16.866310120 12.191157341 -3.334674120 -0.185229838 -0.794148147 -0.184418634 0.548642337
1403638605927829504.000000 -16.830633163 11.914194107 -3.300812721 -0.182188094 -0.795947015 -0.188867480 0.545531869
1403638606177829376.000000 -16.839967728 11.595359802 -3.260279179 -0.177918658 -0.797734499 -0.197608441 0.541216791
1403638606627829504.000000 -16.933687210 10.925060272 -3.312939644 -0.210210592 -0.810371697 -0.154141232 0.524737775
1403638606877829376.000000 -17.047826767 10.558815002 -3.395997524 -0.190174654 -0.822754562 -0.128059775 0.520105004
1403638607127829504.000000 -17.215129852 10.227506638 -3.446388245 -0.155263856 -0.829116642 -0.088059373 0.529815376
1403638607927829504.000000 -17.840715408 9.404705048 -3.618906498 -0.128417596 -0.811359107 -0.062274080 0.566857457
1403638608177829376.000000 -18.013263702 9.200052261 -3.729328394 -0.130150735 -0.807714760 -0.069567792 0.570804775
1403638608677829376.000000 -18.314117432 8.860244751 -4.040965557 -0.124763221 -0.795190394 -0.081220649 0.587800741
1403638608927829504.000000 -18.413835526 8.698125839 -4.185627937 -0.126309186 -0.801279008 -0.077940799 0.579588890
1403638609177829376.000000 -18.485752106 8.554358482 -4.290868759 -0.129954591 -0.805129528 -0.071982041 0.574192286
1403638609527829504.000000 -18.548274994 8.396208763 -4.458673477 -0.130054891 -0.803835034 -0.071594052 0.576029003
1403638609777829376.000000 -18.572330475 8.311950684 -4.632197857 -0.127332792 -0.804291010 -0.075886130 0.575450838
1403638610277829376.000000 -18.561714172 8.173005104 -4.858020782 -0.127785295 -0.794878662 -0.077023588 0.588137865
1403638610677829376.000000 -18.479501724 8.106781960 -5.075815201 -0.125193954 -0.781444252 -0.080840647 0.605917633
1403638610927829504.000000 -18.370132446 8.066564560 -5.197969437 -0.127845019 -0.795221806 -0.073549144 0.588105917
1403638611327829504.000000 -18.128187180 8.027202606 -5.369975567 -0.124848612 -0.792164445 -0.073950596 0.592806637
1403638611777829376.000000 -17.760829926 7.980260372 -5.494945049 -0.116699167 -0.801159441 -0.090101808 0.580005765
1403638612177829376.000000 -17.413784027 7.904338360 -5.605885029 -0.131037414 -0.805762708 -0.074357249 0.572753727
1403638612427829504.000000 -17.190330505 7.867365837 -5.646060467 -0.130998835 -0.804650486 -0.077163741 0.573953569
1403638612727829504.000000 -16.942703247 7.851716995 -5.711220264 -0.125048205 -0.803337336 -0.093144797 0.574748814
1403638612977829376.000000 -16.710296631 7.816728115 -5.798475266 -0.128219694 -0.799298346 -0.096424393 0.579123616
1403638613227829504.000000 -16.484354019 7.770657063 -5.839764118 -0.133040845 -0.801643848 -0.092679076 0.575393558
1403638613577829376.000000 -16.164598465 7.696965694 -5.849182129 -0.136661142 -0.799454749 -0.096631132 0.576938689
1403638613827829504.000000 -15.934329033 7.640619278 -5.901260853 -0.149760395 -0.788081288 -0.098996319 0.588811934
1403638614077829376.000000 -15.682001114 7.584949493 -5.982097626 -0.180774406 -0.783493400 -0.121702194 0.581934154
1403638614377829376.000000 -15.347597122 7.514245033 -6.072985172 -0.225546792 -0.779353380 -0.150966749 0.564752996
1403638614677829376.000000 -14.997279167 7.435168743 -6.086944103 -0.257522494 -0.771594226 -0.160190791 0.559163272
1403638614977829376.000000 -14.624851227 7.380340576 -6.038873196 -0.317217350 -0.760092020 -0.174142703 0.539729118
1403638615277829376.000000 -14.232709885 7.381731510 -5.922260284 -0.374775082 -0.728369534 -0.242142588 0.519988835
1403638615627829504.000000 -13.776542664 7.403215408 -5.828962326 -0.446417183 -0.680744886 -0.305914998 0.493674189
1403638615877829376.000000 -13.468198776 7.419905663 -5.763823032 -0.473642677 -0.662198246 -0.321641177 0.483428478
1403638616127829504.000000 -13.161081314 7.428196907 -5.701322079 -0.499260277 -0.644142807 -0.337919444 0.470775723
1403638616377829376.000000 -12.849994659 7.432675362 -5.731294632 -0.534783185 -0.616262794 -0.359656513 0.452630371
1403638616627829504.000000 -12.537737846 7.432950020 -5.824136734 -0.564082444 -0.595750093 -0.373915553 0.432527632
1403638616877829376.000000 -12.228429794 7.443956852 -5.942384243 -0.591512501 -0.594817758 -0.352755398 0.414570272
1403638617677829376.000000 -11.228027344 7.686523914 -5.967245102 -0.567655563 -0.617180884 -0.367697626 0.402061552
1403638617927829504.000000 -10.954813004 7.828745842 -5.879868507 -0.562007606 -0.618622601 -0.370024115 0.405629992
1403638618577829376.000000 -10.349480629 8.326848984 -5.702824116 -0.555650771 -0.622121930 -0.369711250 0.409304380
1403638618827829504.000000 -10.157322884 8.553567886 -5.657238960 -0.560539603 -0.616082489 -0.376239747 0.405809462
1403638619077829376.000000 -9.983366966 8.788763046 -5.597123146 -0.573615313 -0.593098998 -0.397657186 0.401332736
1403638621927829504.000000 -8.197236061 10.395587921 -5.876455307 -0.629026651 -0.498515636 -0.470121384 0.367142588
1403638624727829504.000000 -7.680850983 8.816458702 -5.864091873 -0.643255174 -0.482923090 -0.464828819 0.370057046
1403638625027829504.000000 -7.668433666 8.502051353 -5.858494759 -0.639094412 -0.503649831 -0.452023119 0.365472704
1403638625827829504.000000 -7.613687515 7.654036045 -5.822452545 -0.644750118 -0.512664557 -0.432499796 0.366628468
1403638626127829504.000000 -7.573989391 7.360450745 -5.818583488 -0.647997200 -0.513260126 -0.429597020 0.363469630
1403638626377829376.000000 -7.530232906 7.134720802 -5.836123943 -0.640684783 -0.515602112 -0.441166222 0.359235227
1403638626627829504.000000 -7.489966393 6.921764851 -5.873392105 -0.640370369 -0.518809736 -0.440857857 0.355537087
1403638626927829504.000000 -7.452198982 6.696119785 -5.895260334 -0.646753311 -0.524281979 -0.430417717 0.348682255
1403638627227829504.000000 -7.418875694 6.520247459 -5.897469044 -0.646197498 -0.524489164 -0.429492652 0.350536793
1403638627527829504.000000 -7.388415337 6.386355400 -5.930393696 -0.643577814 -0.526211083 -0.432703257 0.348823041
1403638627827829504.000000 -7.368316174 6.289040565 -5.977468491 -0.637745619 -0.522778094 -0.442713082 0.352120250
1403638628127829504.000000 -7.362783909 6.212322712 -6.016623974 -0.640603542 -0.525238156 -0.440406471 0.346113026
1403638628427829504.000000 -7.376050949 6.164402008 -6.040102959 -0.643790781 -0.523405552 -0.437566191 0.346577376
1403638628677829376.000000 -7.395204544 6.141707420 -6.041722775 -0.645012200 -0.504634202 -0.436473429 0.372551411
1403638628977829376.000000 -7.402363300 6.113308430 -6.062406063 -0.641930521 -0.510417998 -0.442279607 0.363025486
1403638629277829376.000000 -7.405559540 6.083679199 -6.082153797 -0.638553202 -0.517219186 -0.445917636 0.354812175
1403638629577829376.000000 -7.421878338 6.068457603 -6.086984634 -0.648199558 -0.522068560 -0.433328956 0.345698923
1403638629827829504.000000 -7.437236786 6.085186958 -6.091504097 -0.653004944 -0.503381908 -0.428038448 0.370100528
1403638630077829376.000000 -7.435304642 6.105257988 -6.123620033 -0.636127234 -0.502452552 -0.453801900 0.370064139
1403638630377829376.000000 -7.440769196 6.109151840 -6.218966007 -0.650893092 -0.524742067 -0.430137396 0.340537429
1403638630577829376.000000 -7.445857525 6.134654522 -6.217370033 -0.640402496 -0.509468734 -0.445131421 0.363571495
1403638630877829376.000000 -7.465385437 6.135983467 -6.313667774 -0.641952574 -0.530096710 -0.434609741 0.343524158
1403638631177829376.000000 -7.521985054 6.080834866 -6.409907341 -0.642051816 -0.530014038 -0.435119361 0.342820406
1403638631377829376.000000 -7.564302921 6.029361248 -6.468748569 -0.642183542 -0.530523241 -0.435281843 0.341577530
1403638631527829504.000000 -7.600094318 5.985126495 -6.511155605 -0.642431855 -0.530122817 -0.435150504 0.341899484
1403638631677829376.000000 -7.639176369 5.936139584 -6.552639484 0.642728865 0.529882014 0.434908360 -0.342022568
