1403636579963555584.000000 -0.852740347 0.909605324 0.323702902 -0.609343529 -0.545806289 -0.408391774 0.404984236
1403636582763555584.000000 -0.862284303 0.913309336 0.418295473 -0.618730724 -0.545816243 -0.415775865 0.382606119
1403636585513555456.000000 -0.834020734 0.933627486 0.393327117 -0.618033886 -0.536687016 -0.443967849 0.364545882
1403636588113555456.000000 -0.542102873 0.868560433 0.313155591 -0.720621645 -0.562018335 -0.302946657 0.270302147
1403636590013555456.000000 -1.094438076 0.853326142 0.317768246 -0.679091036 -0.607514560 -0.274632275 0.307145983
1403636590163555584.000000 -1.123683691 0.853179693 0.317454547 -0.672186136 -0.608703911 -0.276303411 0.318279594
1403636592263555584.000000 -0.608719587 0.914252102 0.284731030 -0.725345552 -0.524864912 -0.347800463 0.278254360
1403636594113555456.000000 -0.839277506 0.728957891 0.264586329 -0.726321995 -0.533821523 -0.311413229 0.300853342
1403636594413555456.000000 -0.664523304 0.771061838 0.260184407 -0.753850281 -0.495479375 -0.342429638 0.262586772
1403636594563555584.000000 -0.589527667 0.835369468 0.257986933 -0.747449517 -0.492092937 -0.359156936 0.264896542
1403636594713555456.000000 -0.558330655 0.907195270 0.255943954 -0.741845429 -0.491345614 -0.363715708 0.275600642
1403636596463555584.000000 -0.808141410 0.650870562 0.242132753 -0.706176519 -0.552127838 -0.332703650 0.292878777
1403636596813555456.000000 -0.903982401 0.594737887 0.262717813 -0.694985986 -0.562424302 -0.338333994 0.293604434
1403636597213555456.000000 -0.836765766 0.776717007 0.250295818 -0.689369202 -0.580061972 -0.326968223 0.285289586
1403636598363555584.000000 -0.887509704 0.842045009 0.218217686 -0.615273774 -0.663977206 -0.279027075 0.320493966
1403636598813555456.000000 -0.833802223 0.936743498 0.149310976 -0.587377965 -0.655248761 -0.301951200 0.366690129
1403636601663555584.000000 -0.792504847 1.061529636 0.026868101 -0.546798468 -0.579746366 -0.382873356 0.467240423
1403636604163555584.000000 -0.792476654 1.061847448 0.026608888 -0.546783090 -0.579689264 -0.382849663 0.467348695
1403636606663555584.000000 -0.792552412 1.061534166 0.026647370 -0.546832085 -0.579659820 -0.382939935 0.467254013
1403636609163555584.000000 -0.792597055 1.061567783 0.026651010 -0.546908438 -0.579567373 -0.382905900 0.467307031
1403636611663555584.000000 -0.792263269 1.061155319 0.026711367 -0.546881497 -0.579757392 -0.383072078 0.466966659
1403636614163555584.000000 -0.791958034 1.061307311 0.026508376 -0.546758473 -0.579450488 -0.383272767 0.467326671
1403636616663555584.000000 -0.791909754 1.061305523 0.026468415 -0.546979249 -0.579227746 -0.382941604 0.467615962
1403636619163555584.000000 -0.791813374 1.061204314 0.026457507 -0.547315538 -0.578915954 -0.382511139 0.467960745
1403636621663555584.000000 -0.791752994 1.061435461 0.026442148 -0.547189415 -0.578999817 -0.382726908 0.467828155
1403636624513555456.000000 -0.782031596 1.053969860 0.026374342 -0.561992586 -0.582882106 -0.374947518 0.451472312
1403636627263555584.000000 -0.664821982 1.060723066 0.353232831 -0.542828381 -0.610999465 -0.379331529 0.433733195
1403636629163555584.000000 -0.350930393 1.130458236 0.522816658 -0.606396019 -0.562795997 -0.405696690 0.388529092
1403636632013555456.000000 0.794774532 1.982546091 0.388628691 -0.668366432 -0.471650302 -0.469807923 0.331832707
1403636634563555584.000000 1.454004407 3.345034122 0.282099277 -0.611931503 -0.538682461 -0.430272043 0.387591451
1403636635063555584.000000 1.618567467 3.679746628 0.289032191 -0.595662832 -0.565641642 -0.414276779 0.391931444
1403636635313555456.000000 1.684837222 3.847685575 0.281931579 -0.595480621 -0.570630848 -0.405326575 0.394326955
1403636637313555456.000000 2.285168409 5.162483215 0.530848444 -0.588561654 -0.570697725 -0.411890239 0.397801012
1403636637563555584.000000 2.302595377 5.269342422 0.529000044 -0.590404153 -0.573847294 -0.405916780 0.396678478
1403636638063555584.000000 2.329252720 5.509738922 0.637016296 -0.583324671 -0.571038127 -0.410728276 0.406140476
1403636638613555456.000000 2.360519409 5.756738186 0.568242669 -0.607324064 -0.578096032 -0.373489499 0.396822631
1403636641563555584.000000 3.110264063 7.379244804 0.361249596 -0.558031142 -0.592357337 -0.392502308 0.428550959
1403636643213555456.000000 3.376621008 7.704094410 0.366510183 -0.597435951 -0.558063030 -0.414320797 0.399967760
1403636643613555456.000000 3.448174000 7.767616272 0.379250348 -0.603277743 -0.567119539 -0.402080238 0.390848905
1403636644713555456.000000 3.734388113 8.276290894 0.351530254 -0.596768677 -0.547158480 -0.408656567 0.421289116
1403636647213555456.000000 4.957086086 9.989520073 0.283540249 -0.678392172 -0.450028092 -0.478424966 0.329193681
1403636647563555584.000000 5.138730526 10.144294739 0.314837098 -0.672097623 -0.445430130 -0.479408413 0.346474320
1403636647963555584.000000 5.363477707 10.270706177 0.351848572 -0.679534853 -0.436834216 -0.485159069 0.334707409
1403636648263555584.000000 5.529286861 10.315063477 0.320576549 -0.710125387 -0.388786286 -0.505096018 0.299073935
1403636649263555584.000000 6.042161465 10.290663719 0.305316091 -0.755690575 -0.299867928 -0.538331330 0.221834317
1403636649963555584.000000 6.369612694 10.246311188 0.630046546 -0.756338120 -0.288414091 -0.544285178 0.220280692
1403636651613555456.000000 6.625598907 9.743379593 0.636550128 -0.794267952 -0.176912040 -0.565484285 0.134417593
1403636652163555584.000000 6.585325241 9.500931740 0.582972527 -0.802383661 -0.106760457 -0.578424394 0.101035073
1403636653463555584.000000 6.592620373 8.749617577 0.476431996 -0.814621866 -0.009550764 -0.579849184 0.008667520
1403636653863555584.000000 6.635511398 8.566099167 0.527482390 -0.807940483 -0.019678641 -0.588723719 0.015792876
1403636654213555456.000000 6.628930569 8.428915024 0.498304725 -0.809649706 -0.008010269 -0.586547136 0.019125341
1403636654563555584.000000 6.581536293 8.287657738 0.519611299 0.814143121 -0.038093962 0.579027772 0.021138508
1403636655163555584.000000 6.472015381 8.066473961 0.534990430 0.804987609 -0.083243690 0.585069895 0.052523844
1403636655463555584.000000 6.389758587 7.966957092 0.507357240 0.797678053 -0.100747943 0.591749132 0.058246117
1403636656913555456.000000 5.808620930 7.360122681 0.466453671 0.786307216 -0.189360827 0.574197471 0.127124771
1403636657163555584.000000 5.704449177 7.249962807 0.439087600 0.782378435 -0.189351991 0.581427813 0.118201733
1403636657413555456.000000 5.577192307 7.143914223 0.417438239 0.790354788 -0.195592970 0.570416033 0.108205527
1403636657663555584.000000 5.432778358 7.033556461 0.380948246 0.797582865 -0.201947138 0.559093297 0.102438688
1403636657913555456.000000 5.286136627 6.903509140 0.324974924 0.795445800 -0.215490133 0.558051825 0.096996240
1403636658413555456.000000 5.005716801 6.553539276 0.279276043 0.800103962 -0.207302764 0.548434913 0.126800746
1403636658663555584.000000 4.897514343 6.367574692 0.250801027 0.802783132 -0.199568093 0.543739796 0.141629905
1403636659113555456.000000 4.752210140 6.092686653 0.164662004 0.788455188 -0.200354025 0.563629150 0.143244371
1403636659513555456.000000 4.623506546 5.921943188 0.065731272 0.796413541 -0.201624036 0.552589178 0.140422344
1403636659913555456.000000 4.506400585 5.796032429 -0.020141562 0.792207718 -0.202077627 0.557076991 0.145728797
1403636660763555584.000000 4.423095226 5.642408371 -0.302162796 0.797716439 -0.198098853 0.547446549 0.157186642
1403636661113555456.000000 4.494182587 5.626087189 -0.455058753 0.787475407 -0.195047393 0.562485516 0.159527883
1403636661613555456.000000 4.576415062 5.714359283 -0.613278270 0.787045062 -0.203943565 0.563761234 0.145397991
1403636662013555456.000000 4.601771832 5.832232952 -0.601170242 0.782608211 -0.209968716 0.571044266 0.131704316
1403636663563555584.000000 4.507032871 6.173026085 -0.764942586 0.817326307 -0.208086908 0.516245842 0.148888469
1403636663913555456.000000 4.628767014 6.155241013 -0.868001699 0.814646721 -0.188845739 0.521331787 0.170003757
1403636665363555584.000000 5.551687717 6.781800747 -0.950450420 0.802377105 -0.177739829 0.558546126 0.112364747
1403636668313555456.000000 6.793075085 8.048544884 -0.895315945 0.810444415 -0.179943293 0.544522822 0.119562924
1403636668763555584.000000 7.004831791 8.165691376 -0.983143091 0.806084931 -0.180307209 0.546738088 0.137090772
1403636669213555456.000000 7.246666908 8.346579552 -1.030808926 0.792183638 -0.183278233 0.565754294 0.137026101
1403636669663555584.000000 7.448699474 8.612861633 -1.085837245 0.779974401 -0.181164593 0.582531691 0.139556929
1403636670063555584.000000 7.535747051 8.897025108 -1.101766825 0.778677523 -0.213284284 0.583947480 0.084713981
1403636670463555584.000000 7.479454041 9.077825546 -1.061536431 0.772756398 -0.212776005 0.597002447 0.034087442
1403636670913555456.000000 7.186091900 8.999863625 -0.985338449 0.784700155 -0.141829863 0.602102220 -0.040034723
1403636672413555456.000000 5.809189320 7.213918209 -0.457797110 -0.847069919 -0.112514205 -0.519430757 0.002170531
1403636672613555456.000000 5.781946182 7.089202881 -0.407170415 -0.820556819 -0.099222116 -0.562502444 0.020796025
1403636673113555456.000000 5.739912987 6.918680668 -0.519546032 -0.821745157 -0.122592673 -0.552958965 0.062787592
1403636674363555584.000000 6.058933258 7.189937592 -0.558471024 -0.809150040 -0.145780057 -0.559283733 0.105953306
1403636677163555584.000000 7.291199207 9.032009125 -1.060879707 -0.716378212 -0.400905848 -0.500406206 0.275082469
1403636678813555456.000000 7.514400005 9.961977005 -1.031453848 -0.555000484 -0.602377772 -0.407131374 0.404177785
1403636680513555456.000000 7.284117222 10.154154778 -0.794291496 -0.395184427 -0.707018673 -0.348164767 0.471948296
1403636683463555584.000000 5.587454796 8.685250282 -0.722896099 -0.427087694 -0.690860450 -0.309121311 0.494724095
1403636686213555456.000000 4.407098770 6.851789951 -0.785261333 -0.429043442 -0.697704136 -0.298724353 0.489790201
1403636689013555456.000000 3.564958811 5.407866478 -1.149644613 -0.407684147 -0.711263776 -0.296032161 0.490165710
1403636689263555584.000000 3.469934702 5.291684628 -1.166283846 -0.403872490 -0.717751503 -0.277406633 0.494737685
1403636689513555456.000000 3.371602058 5.194697857 -1.134122968 -0.398685783 -0.721499741 -0.271440953 0.496797383
1403636689813555456.000000 3.259262323 5.099336147 -1.065542340 -0.412696540 -0.723583639 -0.249915510 0.493609846
1403636690063555584.000000 3.177184105 5.065970421 -1.025827050 -0.419423461 -0.714442372 -0.245964736 0.503147483
1403636690313555456.000000 3.112218142 5.078821659 -0.995754302 -0.410820305 -0.721848369 -0.262400657 0.491230637
1403636690763555584.000000 2.989537001 5.202070236 -0.929535806 -0.425996572 -0.702426255 -0.242536336 0.516043067
1403636691213555456.000000 3.010633469 5.418103695 -0.969938040 -0.408683509 -0.670359910 -0.260902464 0.561716378
1403636694163555584.000000 4.424116611 5.892515182 -0.200708658 -0.388623893 -0.714256465 -0.273044348 0.514058352
1403636694513555456.000000 4.434763908 5.983232498 -0.170811564 -0.391168147 -0.719801426 -0.268853873 0.506548107
1403636694963555584.000000 4.445312023 6.089970589 -0.205283359 -0.399981946 -0.712386847 -0.261434466 0.513976097
1403636696963555584.000000 4.535681725 6.392114639 -0.261772275 -0.398162961 -0.709989429 -0.294419825 0.500697851
1403636699613555456.000000 3.763302088 5.797377110 -0.348776609 -0.697783530 -0.441123068 -0.453003854 0.336594850
1403636701613555456.000000 4.000583172 5.422086239 -0.673440933 -0.737461269 -0.358692527 -0.510070503 0.259458363
1403636703863555584.000000 4.750338078 5.312848568 -1.063356042 -0.773882866 -0.267938167 -0.537603498 0.200740963
1403636704513555456.000000 5.023634434 5.338531017 -1.141533971 -0.779935002 -0.281681776 -0.523747802 0.195051417
1403636704813555456.000000 5.177142620 5.373806953 -1.167056680 -0.786131561 -0.289940298 -0.512621403 0.187486485
1403636705113555456.000000 5.349496841 5.451585293 -1.213534713 -0.789198756 -0.294699192 -0.505716503 0.185926363
1403636706513555456.000000 6.283886909 6.232267380 -1.376615763 -0.766924620 -0.294042587 -0.534225881 0.199920863
1403636707513555456.000000 6.864490509 6.867719173 -1.291665435 -0.778680265 -0.281690776 -0.529197514 0.185087472
1403636710413555456.000000 8.118618011 8.924778938 -1.504846334 -0.765948534 -0.279432565 -0.539768457 0.209500223
1403636711013555456.000000 8.125769615 9.337978363 -1.682724714 -0.729537487 -0.357748330 -0.525619209 0.252023160
1403636711313555456.000000 8.108622551 9.515663147 -1.707153797 -0.716138005 -0.378448337 -0.525645673 0.260038376
1403636713813555456.000000 6.767972946 9.597663879 -1.075098991 -0.705978930 -0.405159861 -0.489140481 0.313338369
1403636716513555456.000000 5.929668903 8.610698700 -0.801930428 -0.650557935 -0.491903007 -0.455663174 0.356618673
1403636716863555584.000000 5.885722637 8.464463234 -0.851775289 -0.632213175 -0.512246013 -0.448987722 0.369216144
1403636717213555456.000000 5.835409641 8.303741455 -0.847704113 -0.592389166 -0.561247885 -0.420442283 0.396615863
1403636718013555456.000000 5.637057781 7.902085781 -0.834898174 -0.552206755 -0.602353930 -0.411479264 0.403636247
1403636720663555584.000000 4.645879745 6.683962822 -1.126737475 -0.499524862 -0.649262428 -0.335945874 0.464837343
1403636723563555584.000000 4.540970325 5.714243412 -1.179991245 -0.580012083 -0.560911357 -0.428583145 0.406547636
1403636726463555584.000000 4.213142395 4.919477463 -0.897801936 -0.651996791 -0.487564355 -0.462226927 0.351464868
1403636729013555456.000000 3.847519875 4.223146915 -0.278602153 -0.612949550 -0.530411005 -0.445611030 0.379984081
1403636731863555584.000000 3.062001944 3.338979721 -0.227080479 -0.613045096 -0.537851214 -0.423531294 0.394351512
1403636734613555456.000000 2.452571869 2.355906725 -0.067915194 -0.605991364 -0.555073082 -0.417602390 0.387655348
1403636737413555456.000000 1.636940122 1.750931382 0.095971458 -0.567005277 -0.586784124 -0.396929651 0.420281172
1403636738913555456.000000 1.387370467 1.650441527 0.335307509 -0.625201225 -0.527734399 -0.417324901 0.395550042
1403636741713555456.000000 1.841989517 1.500709891 -0.411351681 -0.735803187 -0.380175143 -0.489286751 0.273238093
1403636744663555584.000000 2.401985884 1.991304040 -1.396768689 -0.736949205 -0.331863493 -0.519639611 0.277032703
1403636747363555584.000000 2.602133989 2.275587320 -1.688943863 -0.737625718 -0.346137732 -0.523778021 0.248502806
1403636750163555584.000000 2.655320406 2.735031128 -1.017261863 -0.733149886 -0.322509140 -0.546238303 0.245158881
1403636751463555584.000000 2.392578125 2.618981361 -0.423691869 -0.750178516 -0.336806744 -0.511513114 0.249294609
1403636751963555584.000000 2.322229624 2.611001015 -0.222176522 -0.750131786 -0.354980707 -0.495820671 0.255837768
1403636752363555584.000000 2.354985237 2.617922544 -0.081964776 -0.724019647 -0.371308327 -0.513799131 0.271912277
1403636754263555584.000000 2.137419224 2.623996258 0.121612325 -0.590000927 -0.546449065 -0.441126466 0.398371309
1403636756663555584.000000 0.845297277 1.930593610 0.329792559 -0.549797297 -0.598216116 -0.396813601 0.427082449
1403636757013555456.000000 0.620740950 1.792640924 0.348381162 -0.547189176 -0.598652184 -0.395826578 0.430721432
1403636757363555584.000000 0.408523023 1.634045482 0.357923716 -0.545262575 -0.601602137 -0.396105349 0.428793877
1403636757713555456.000000 0.186322659 1.453125358 0.357893050 -0.543967962 -0.625937164 -0.375304908 0.414062649
1403636758213555456.000000 -0.164442122 1.290213704 0.466789633 -0.524287283 -0.622329831 -0.375265777 0.443851233
1403636758713555456.000000 -0.487402976 1.186671257 0.454294175 -0.554528356 -0.624185205 -0.332489401 0.438568145
1403636759113555456.000000 -0.674889863 1.167940974 0.411305904 -0.536373436 -0.608784616 -0.362464547 0.458589613
1403636759513555456.000000 -0.767734051 1.126476884 0.347003013 -0.534524918 -0.609718978 -0.362447441 0.459519118
1403636759913555456.000000 -0.787789226 1.074733853 0.287346125 -0.526320040 -0.621463716 -0.370782614 0.446419507
1403636760263555584.000000 -0.796207070 1.025706649 0.257611185 -0.532691836 -0.623985231 -0.363954127 0.440929890
1403636760713555456.000000 -0.798259199 0.989962757 0.175500572 -0.528283238 -0.629616857 -0.368651658 0.434275657
1403636761063555584.000000 -0.817087531 0.956199646 0.126566142 -0.526821792 -0.630221248 -0.367957532 0.435760498
1403636761413555456.000000 -0.864231825 0.943185031 0.079221748 -0.533310711 -0.636255682 -0.357096314 0.428066254
1403636761613555456.000000 -0.895067453 0.959711552 0.078120619 -0.525180936 -0.623615742 -0.370436043 0.445045531
1403636761913555456.000000 -0.942119777 0.968666792 0.089791171 -0.533953488 -0.611414671 -0.359815061 0.459998965
1403636762213555456.000000 -0.957779229 0.967676997 0.093352474 -0.515484273 -0.631330132 -0.389218569 0.429193735
1403636762663555584.000000 -1.037053704 0.966606796 0.027138313 -0.547607541 -0.603747487 -0.344156742 0.466016173
1403636762963555584.000000 -1.067066550 0.962674260 -0.030211408 -0.535974264 -0.618960679 -0.371705741 0.437554806
1403636763113555456.000000 -1.082570553 0.962203741 -0.026564259 -0.565994442 -0.591819346 -0.369933099 0.438804895
1403636763313555456.000000 -1.103561759 1.003781319 0.068789683 -0.558629990 -0.582044005 -0.384189397 0.448949724
1403636763513555456.000000 -1.115950465 1.044489741 0.187281549 -0.558539152 -0.582015455 -0.384101719 0.449174792
1403636763713555456.000000 -1.129949331 1.089639187 0.303275019 -0.559581041 -0.582178652 -0.382444382 0.449080557
