1413394887055760384.000000 0.746701777 -0.126232043 -0.537141562 -0.589749575 -0.556132972 -0.419253409 0.408825248
1413394888455760384.000000 0.631416678 -0.009566560 -0.161584944 -0.597698152 -0.569875479 -0.418474048 0.377992630
1413394888705760512.000000 0.569654226 0.087075278 -0.121762216 -0.601647675 -0.567246735 -0.411224455 0.383595616
1413394891455760384.000000 0.538768470 0.513221383 -0.078403287 -0.627885520 -0.598632812 -0.367633432 0.335028708
1413394892505760512.000000 0.489368498 1.211121321 0.100114018 -0.485886067 -0.603572249 -0.421733528 0.470909983
1413394892605760512.000000 0.452996880 1.221123934 0.096218474 -0.468692333 -0.625439584 -0.397028089 0.481166929
1413394894955760384.000000 -0.984477282 -0.321106493 -0.041104406 -0.118719310 -0.799414515 -0.083081178 0.583043516
1413394897755760384.000000 -1.375997543 -0.708815694 -0.226097316 -0.132447556 -0.794794738 -0.098377071 0.584021509
1413394900405760512.000000 -1.214426398 -0.492208868 0.107462026 0.181008667 -0.774545491 0.136481047 0.590498149
1413394902605760512.000000 0.006209150 -2.572384119 0.209008142 0.611749113 -0.470702171 0.516167164 0.371179163
1413394902755760384.000000 0.161776990 -2.534494638 0.190665901 0.603504062 -0.490954250 0.539510787 0.321985960
1413394904905760512.000000 0.075150818 -2.453877926 -0.074722454 0.346686661 -0.730294883 0.256612986 0.529743016
1413394907705760512.000000 -0.163723975 -2.030129433 0.016134685 -0.044779804 -0.885077178 0.090377256 0.454384357
1413394909755760384.000000 -0.276404679 -1.095161319 0.204267442 -0.107279375 -0.785773635 -0.013420600 0.608991683
1413394912355760384.000000 0.310828447 -0.057896789 -0.010157770 -0.127068177 -0.851289928 -0.103391089 0.498467088
1413394914955760384.000000 -0.778313994 -0.787730694 0.064208463 0.256409377 -0.773074627 0.168285146 0.555238605
1413394917055760384.000000 0.310085237 -2.550420284 -0.276636839 0.729830563 -0.380258113 0.527052641 0.212053493
1413394917255760384.000000 0.316393733 -2.673465014 -0.373977572 0.788844049 -0.287836254 0.507636428 0.192822859
1413394917455760384.000000 0.349401891 -2.808566570 -0.457259983 0.814982474 -0.230027005 0.505084455 0.166675702
1413394917655760384.000000 0.429063171 -2.952001333 -0.524614990 0.814213634 -0.189408034 0.519056857 0.178215191
1413394918955760384.000000 1.907716036 -3.301510572 -0.632093370 0.807140410 -0.008042475 0.589117706 0.037416808
1413394919155760384.000000 2.145817518 -3.350480795 -0.565758765 -0.786725163 -0.023458786 -0.616857648 0.000106624
1413394919255760384.000000 2.244235277 -3.365714073 -0.508250356 -0.777704060 -0.043381326 -0.626701832 0.023223612
1413394919355760384.000000 2.326586485 -3.377567291 -0.441848546 -0.766827822 -0.073507793 -0.636578977 0.036590327
1413394919655760384.000000 2.466231585 -3.380152225 -0.246242046 -0.778510928 -0.174034476 -0.600176334 0.058489587
1413394919755760384.000000 2.485233068 -3.363643646 -0.199409008 -0.794209301 -0.188242748 -0.570349813 0.092181414
1413394919955760384.000000 2.521472692 -3.310222387 -0.132245257 -0.810568273 -0.222700924 -0.518911123 0.155288994
1413394920055760384.000000 2.547842026 -3.276754618 -0.112162396 -0.806864560 -0.254401892 -0.502083421 0.179336578
1413394920155760384.000000 2.581778765 -3.239382505 -0.103678614 -0.799304545 -0.288801014 -0.486873835 0.201643690
1413394920255760384.000000 2.624493361 -3.196985483 -0.106981874 -0.787781477 -0.326478541 -0.474578142 0.218146279
1413394920355760384.000000 2.675884724 -3.148006916 -0.118038967 -0.766705692 -0.364762068 -0.476122737 0.228950039
1413394920555760384.000000 2.789589167 -3.023687363 -0.141006276 -0.718160629 -0.427043170 -0.493259609 0.242021784
1413394920755760384.000000 2.886667967 -2.862482309 -0.152851701 -0.687502801 -0.465661883 -0.506240129 0.232851744
1413394920955760384.000000 2.939516544 -2.660687208 -0.169112831 -0.693892121 -0.463861018 -0.494200230 0.243131205
1413394922755760384.000000 3.597182512 -0.757473409 -0.504190147 -0.639337659 -0.525485635 -0.432669401 0.357644349
1413394922955760384.000000 3.636080742 -0.588005543 -0.392739922 -0.648159266 -0.530988455 -0.415098786 0.354448766
1413394923155760384.000000 3.684427738 -0.393495828 -0.303120703 -0.650826871 -0.535289228 -0.412846953 0.345611393
1413394923555760384.000000 3.762937069 0.073742554 -0.143051028 -0.634002805 -0.549217939 -0.415663749 0.351601690
1413394923755760384.000000 3.779007673 0.342886984 -0.074117258 -0.594941378 -0.583304524 -0.411339611 0.369594842
1413394924155760384.000000 3.743997097 0.907506943 -0.052362841 -0.501793861 -0.645879447 -0.375379920 0.436041981
1413394924255760384.000000 3.718037128 1.043378353 -0.052398060 -0.486804754 -0.657661617 -0.347317725 0.458118826
1413394924455760384.000000 3.662221193 1.307882428 -0.043494500 -0.447174132 -0.684333801 -0.297745079 0.493021786
1413394924555760384.000000 3.636731863 1.438072085 -0.035044089 -0.421360463 -0.698270261 -0.282916039 0.504809439
1413394924755760384.000000 3.586335421 1.691751242 -0.009267177 -0.353653133 -0.733324766 -0.262861788 0.517752767
1413394924855760384.000000 3.558737040 1.813009024 0.009758728 -0.313494861 -0.743937075 -0.262802422 0.528406560
1413394925105760512.000000 3.483162403 2.068220615 0.065025970 -0.235339373 -0.760081828 -0.274590701 0.539899170
1413394925405760512.000000 3.331774473 2.245972872 0.114980690 -0.194877639 -0.790352941 -0.254885167 0.521918178
1413394925655760384.000000 3.132059574 2.290684462 0.099063098 -0.202793524 -0.790334404 -0.221882284 0.533867538
1413394925905760512.000000 2.889669895 2.267266035 0.059318572 -0.236217126 -0.782825112 -0.170327157 0.549886465
1413394926655760384.000000 2.055221081 2.121326923 -0.005949460 -0.195865184 -0.805111468 -0.119870737 0.546866953
1413394926955760384.000000 1.677707672 2.074570179 -0.009003188 -0.152492180 -0.804133356 0.003326634 0.574547350
1413394927155760384.000000 1.446538329 2.116086483 -0.037032824 -0.092491992 -0.809914589 0.000913607 0.579208791
1413394927555760384.000000 1.006278753 2.273275375 -0.029942635 -0.040152248 -0.822419465 -0.028978031 0.566722512
1413394927705760512.000000 0.839158893 2.321440697 0.026730124 -0.041849688 -0.823670626 -0.024034373 0.565011322
1413394929255760384.000000 -0.580867946 2.361057043 0.105515748 -0.042535562 -0.788882017 -0.036355026 0.611992061
1413394931705760512.000000 -0.861623168 2.091310978 -0.157031000 -0.047283959 -0.814188421 -0.064416692 0.575075686
1413394933305760512.000000 -0.306912988 1.397614598 0.026072346 0.382534981 -0.723029315 0.272770852 0.506450176
1413394933705760512.000000 -0.085702963 1.299273372 -0.133891523 0.445586473 -0.665664077 0.333291650 0.497253269
1413394934055760384.000000 0.109347329 1.253770113 -0.263825864 0.497072667 -0.638371646 0.359868556 0.464645058
1413394934305760512.000000 0.255022526 1.236792207 -0.340251356 0.534737229 -0.592300713 0.402755201 0.448357403
1413394934455760384.000000 0.343122393 1.236301780 -0.417608142 0.564762175 -0.575903714 0.422233820 0.413638979
1413394935005760512.000000 0.605788410 1.261778712 -0.646987379 0.603697002 -0.536991894 0.443653792 0.387764156
1413394935255760384.000000 0.693532526 1.287043810 -0.634978592 0.581722677 -0.544075966 0.452678740 0.400826722
1413394935705760512.000000 0.815746069 1.411384225 -0.731639147 0.572288811 -0.563318610 0.422545671 0.420253336
1413394936005760512.000000 0.896569371 1.538099408 -0.747429967 0.571145058 -0.571804285 0.412321806 0.420504481
1413394936205760512.000000 0.958657205 1.630102277 -0.791425467 0.605127335 -0.571097016 0.400159210 0.384111792
1413394936405760512.000000 1.034424901 1.707509041 -0.847104371 0.642579675 -0.506737590 0.444479465 0.364343703
1413394936605760512.000000 1.125134945 1.782415271 -0.888169348 0.696807861 -0.416676432 0.481332779 0.330391288
1413394936805760512.000000 1.228767395 1.866548181 -0.914212048 0.737740815 -0.355939806 0.502831995 0.276053190
1413394937305760512.000000 1.571676731 2.095793962 -0.954123080 0.807344496 -0.227672026 0.519541323 0.162595183
1413394937455760384.000000 1.703640223 2.151847124 -0.960544884 0.810950518 -0.213772386 0.527185917 0.136878386
1413394937655760384.000000 1.894690156 2.206388235 -0.969404638 0.807642639 -0.205182537 0.537586153 0.128898308
1413394937855760384.000000 2.097039461 2.240874290 -0.974531233 0.799115658 -0.215593249 0.546460271 0.127730355
1413394938055760384.000000 2.300113440 2.249136209 -0.969779909 0.791307390 -0.256072253 0.541101456 0.124373853
1413394938255760384.000000 2.502979279 2.212933779 -0.921625316 0.784192145 -0.294112831 0.531696856 0.125852719
1413394938455760384.000000 2.700278759 2.116373301 -0.805475235 0.767776549 -0.309122145 0.534500957 0.171089068
1413394938655760384.000000 2.889014482 1.991196275 -0.689449668 0.755793154 -0.333854526 0.518450737 0.220287859
1413394938855760384.000000 3.075710058 1.856404781 -0.620148778 0.736475408 -0.392093748 0.492637783 0.247335091
1413394939055760384.000000 3.256293297 1.706179142 -0.590552986 0.675348163 -0.479299247 0.498416096 0.256434113
1413394939255760384.000000 3.396949053 1.533081293 -0.596228480 0.619041145 -0.541717947 0.486283153 0.294717580
1413394939455760384.000000 3.487956524 1.345443487 -0.617524743 0.603340268 -0.559512377 0.446823567 0.351105541
1413394939855760384.000000 3.607210636 0.957014382 -0.519604385 0.554352760 -0.601029634 0.445313483 0.364900500
1413394940055760384.000000 3.618715048 0.761923492 -0.467789441 0.561815798 -0.616967618 0.392814487 0.386536986
1413394940255760384.000000 3.608359098 0.556019664 -0.463338047 0.531473041 -0.642685711 0.370727211 0.408720940
1413394940455760384.000000 3.581128359 0.335642159 -0.500406444 0.474740058 -0.671078324 0.355423212 0.444916010
1413394940855760384.000000 3.500139952 -0.101704426 -0.550360978 0.416055024 -0.703279018 0.265512615 0.511663914
1413394941005760512.000000 3.488791943 -0.275748044 -0.522461176 0.389015526 -0.723375499 0.279814690 0.497090101
1413394941205760512.000000 3.461338997 -0.505390167 -0.474017888 0.349818528 -0.760041773 0.293220222 0.462585509
1413394941405760512.000000 3.381630898 -0.728606343 -0.409601599 0.342683405 -0.774741232 0.279180855 0.452108741
1413394941805760512.000000 3.095353127 -1.218348384 -0.240398824 0.366087168 -0.743826151 0.217537820 0.515150607
1413394941955760384.000000 2.985697985 -1.424630165 -0.184849009 0.319214880 -0.759432971 0.260423303 0.503530622
1413394942505760512.000000 2.299893618 -1.951982498 0.080499507 0.175085321 -0.808206797 0.295075268 0.478620470
1413394942655760384.000000 1.997531176 -1.986804605 0.136074364 0.138255894 -0.811675847 0.254275411 0.507357538
1413394942805760512.000000 1.671677470 -1.981120467 0.154989958 0.114958249 -0.799908102 0.183849648 0.559580922
1413394943305760512.000000 0.765267611 -1.901102901 -0.075090304 0.021877386 -0.726660371 -0.049421053 0.684867680
1413394945205760512.000000 0.425533473 -2.645356178 -0.568298161 -0.403721243 -0.750377178 -0.249571040 0.460062623
1413394945605760512.000000 0.146291375 -2.457941532 -0.670327246 -0.515781879 -0.612627864 -0.351405650 0.484943599
1413394946055760384.000000 -0.024859302 -2.305230856 -0.738336563 -0.667781889 -0.457175344 -0.416386217 0.414343536
1413394946255760384.000000 0.000251148 -2.277430058 -0.754781306 -0.709486485 -0.391445935 -0.473491758 0.345260352
1413394946455760384.000000 0.058049899 -2.278841257 -0.770737886 -0.755308151 -0.302359194 -0.501755476 0.293819904
1413394946655760384.000000 0.144847304 -2.317812920 -0.780121386 -0.782869816 -0.217186347 -0.535960853 0.229545042
1413394946855760384.000000 0.247178018 -2.391492128 -0.785143733 -0.789420605 -0.142108366 -0.580788910 0.138940945
1413394947055760384.000000 0.335294843 -2.482714176 -0.783955932 -0.793394506 -0.055143431 -0.603624821 0.055870868
1413394947755760384.000000 0.466368943 -2.711232424 -0.484401733 0.827587306 -0.130341262 0.538195491 0.091957353
1413394947955760384.000000 0.516507089 -2.740757465 -0.405964702 0.851973712 -0.101008713 0.509366930 0.066958025
1413394948155760384.000000 0.629682720 -2.771063328 -0.299631983 0.866012692 -0.053937055 0.495912343 0.034407198
1413394948655760384.000000 1.077034950 -2.830279827 -0.112407595 -0.737110198 -0.008779638 -0.675442278 -0.019216226
1413394948855760384.000000 1.139251828 -2.819435835 -0.045249298 -0.741320431 -0.005333267 -0.670757949 -0.022347169
1413394949255760384.000000 1.077705741 -2.732054234 0.029176664 0.872578084 -0.011380355 0.487188846 0.033541314
1413394949555760384.000000 1.177003860 -2.618759394 0.016574934 0.858298481 -0.016489189 0.511341512 0.039771695
1413394949955760384.000000 1.439824343 -2.397600651 0.049736224 0.762178838 -0.025861289 0.646776557 0.009739344
1413394950155760384.000000 1.480238795 -2.272615433 0.062141754 0.771438062 -0.022023838 0.634071052 -0.048499256
1413394950355760384.000000 1.472626209 -2.185285330 0.066706173 -0.831941605 -0.007267353 -0.551145792 0.063708514
1413394950555760384.000000 1.488490224 -2.136505842 0.085315660 -0.867217183 -0.047235921 -0.495101482 0.024035016
1413394950755760384.000000 1.580950379 -2.074334383 0.128563687 -0.842883527 -0.063308872 -0.534207821 0.012705225
1413394950955760384.000000 1.706971407 -1.980994701 0.190279126 -0.755817711 -0.085097991 -0.648174942 0.036977120
1413394951055760384.000000 1.746829033 -1.926506639 0.220634893 -0.718183458 -0.100977540 -0.686284244 0.055046782
1413394951555760384.000000 1.563360214 -1.708922505 0.351400882 -0.853197992 -0.170765460 -0.475732118 0.128729507
1413394951655760384.000000 1.524118304 -1.675428152 0.386805594 -0.876402855 -0.172349840 -0.432453752 0.123278029
1413394951855760384.000000 1.555835009 -1.582573295 0.486517876 -0.869269788 -0.174067959 -0.449591219 0.109262355
1413394952355760384.000000 1.879948258 -1.258656979 0.711095095 -0.775212348 -0.155047432 -0.596671581 0.137800872
1413394953055760384.000000 2.218214989 -0.920732498 0.862633824 -0.716929436 -0.210209638 -0.641391397 0.174473986
1413394953255760384.000000 2.236481190 -0.865188479 0.887769103 -0.690609217 -0.203861192 -0.669353902 0.182934418
1413394953355760384.000000 2.199145317 -0.859703660 0.928220689 -0.678337991 -0.199097902 -0.682441890 0.185716778
1413394953455760384.000000 2.130903006 -0.869477153 0.974192560 -0.690576673 -0.198569044 -0.671131432 0.182364777
1413394953555760384.000000 2.041636705 -0.889006913 0.994614065 -0.742727339 -0.209430069 -0.614799261 0.162840813
1413394953755760384.000000 1.839267850 -0.934140444 0.924568117 -0.827619493 -0.226398543 -0.498589307 0.123281628
1413394954755760384.000000 1.060267091 -0.787311316 0.175761193 -0.841323853 -0.202599794 -0.478055865 0.150300100
1413394954855760384.000000 0.971836209 -0.775125086 0.121453106 -0.860444486 -0.196859986 -0.448488355 0.140498236
1413394954955760384.000000 0.910158694 -0.755597055 0.068823464 -0.846849084 -0.199543223 -0.475665927 0.129502922
1413394955055760384.000000 0.866092205 -0.727618694 0.013133885 -0.814847648 -0.205624089 -0.525876760 0.131132856
1413394955155760384.000000 0.827673435 -0.692750454 -0.042481974 -0.779147208 -0.216569796 -0.570581257 0.143052906
1413394955255760384.000000 0.783465028 -0.655368686 -0.094897203 -0.746137917 -0.232389197 -0.602663934 0.161461204
1413394955355760384.000000 0.726516604 -0.618910372 -0.140774071 -0.738656819 -0.246152297 -0.597226679 0.192653805
1413394955455760384.000000 0.659153759 -0.588052809 -0.177952215 -0.765957654 -0.253215998 -0.542327464 0.234672993
1413394956755760384.000000 0.636911809 -0.198404267 -0.060045391 -0.739788473 -0.437256128 -0.436950713 0.265695870
1413394958805760512.000000 0.784282923 -0.054978516 0.122034155 -0.596582472 -0.651063502 -0.304541826 0.357015491
1413394959605760512.000000 0.833625197 0.073892221 0.303768784 -0.459865481 -0.716387093 -0.284939378 0.440593719
1413394960055760384.000000 0.722236395 0.203516245 0.372042894 -0.346148163 -0.732466877 -0.278013915 0.516122043
1413394960455760384.000000 0.559004664 0.288066626 0.328132451 -0.245517865 -0.770704150 -0.191209316 0.556035101
1413394960655760384.000000 0.505122840 0.288429946 0.270476878 -0.210899159 -0.842830181 -0.121100836 0.480097383
1413394962705760512.000000 -0.561940372 0.062681437 0.231814653 -0.125069648 -0.749273598 -0.107441016 0.641407192
1413394964855760384.000000 0.000717670 -1.473980546 -0.263953149 -0.153900534 -0.849804580 -0.030121420 0.503229082
1413394965105760512.000000 -0.024771426 -1.558056355 -0.233219847 -0.156878367 -0.832418144 -0.038259465 0.530099571
1413394967905760512.000000 0.678457737 -2.015014172 -0.014864823 0.478712767 -0.660760045 0.344751239 0.464087188
1413394968155760384.000000 0.780420721 -2.015537739 0.057631876 0.529316425 -0.618353665 0.380239964 0.439181685
1413394968405760512.000000 0.880381763 -2.010093689 0.068463117 0.570406556 -0.608395696 0.381544441 0.398641288
1413394968655760384.000000 0.970678329 -2.044415474 0.042253073 0.596408367 -0.589484572 0.393273175 0.377016306
1413394968905760512.000000 1.058801770 -2.123772144 0.031581573 0.608829558 -0.565598547 0.393073618 0.393596441
1413394969355760384.000000 1.253261447 -2.310363770 -0.023024175 0.597795546 -0.523049653 0.467203736 0.388304204
1413394969555760384.000000 1.324016213 -2.358259678 -0.110129282 0.607285857 -0.506599307 0.460300297 0.403341770
1413394969955760384.000000 1.515530586 -2.376525164 -0.249500513 0.644603968 -0.521993995 0.397950023 0.391974330
1413394970155760384.000000 1.675598502 -2.395986557 -0.256308854 0.635631442 -0.546429753 0.405819505 0.364277035
1413394970455760384.000000 1.929272413 -2.470401287 -0.219494805 0.579293370 -0.534250319 0.484560519 0.379732668
1413394970655760384.000000 2.063904047 -2.497053146 -0.242595941 0.553048849 -0.547128916 0.519028664 0.354113370
1413394970955760384.000000 2.138645887 -2.471104860 -0.288769871 0.601756573 -0.535311162 0.450407535 0.385310382
1413394971255760384.000000 2.176627159 -2.412582636 -0.246344000 0.634534299 -0.558449030 0.390881062 0.364297807
1413394971555760384.000000 2.255489111 -2.448699474 -0.228041634 0.643321157 -0.592576802 0.365265727 0.318703175
1413394971855760384.000000 2.329183578 -2.661190748 -0.178942233 0.573520422 -0.584384799 0.447408766 0.359713942
1413394972055760384.000000 2.324222088 -2.821322918 -0.150853515 0.519007981 -0.585819125 0.468710721 0.409581304
1413394972255760384.000000 2.271491289 -2.936583281 -0.160126314 0.462910533 -0.616214752 0.445956767 0.455099702
1413394972655760384.000000 2.058469772 -2.970608950 -0.257428765 0.341702431 -0.734612703 0.307020485 0.499321610
1413394972855760384.000000 1.907632470 -2.925330400 -0.286567986 0.288908660 -0.764624000 0.200791478 0.539967418
1413394973005760512.000000 1.795851350 -2.893781900 -0.296339005 0.233182982 -0.779224217 0.142584860 0.564007878
1413394973155760384.000000 1.693395495 -2.871595144 -0.306537449 0.165115699 -0.797050059 0.102739766 0.571745098
1413394973355760384.000000 1.565496325 -2.852414846 -0.321448386 0.068853535 -0.816702604 0.059560243 0.569832206
1413394973555760384.000000 1.441973329 -2.835951805 -0.329688668 -0.021335272 -0.820899308 0.004443990 0.570657015
1413394973805760512.000000 1.283775926 -2.797641039 -0.325888872 -0.128124341 -0.807496548 -0.075718373 0.570789218
1413394974055760384.000000 1.136355639 -2.754763126 -0.320284873 -0.234915301 -0.779951632 -0.144727141 0.561733484
1413394974305760512.000000 1.009417415 -2.703236103 -0.302491158 -0.340477020 -0.739157021 -0.200073615 0.545612395
1413394974805760512.000000 0.875224173 -2.530090570 -0.237140521 -0.497781694 -0.640047193 -0.320084572 0.489998937
1413394975605760512.000000 0.852389753 -2.289752007 -0.426186830 -0.595656097 -0.548900545 -0.439938962 0.387757391
1413394975855760384.000000 0.816470385 -2.255868673 -0.483598351 -0.610389948 -0.548775911 -0.434509099 0.370770752
1413394976155760384.000000 0.743033350 -2.201098442 -0.505927444 -0.589558780 -0.535961032 -0.459206343 0.392805159
1413394976455760384.000000 0.635334611 -2.181125641 -0.524697304 -0.577065051 -0.533157051 -0.470524579 0.401679248
1413394976705760512.000000 0.516157568 -2.223078251 -0.531251013 -0.569563866 -0.513001561 -0.475937396 0.431172818
1413394976955760384.000000 0.395291746 -2.343388319 -0.539968610 -0.634035170 -0.530277073 -0.391141951 0.404738843
1413394977205760512.000000 0.341350645 -2.441322327 -0.523050427 -0.698929310 -0.539986134 -0.310669541 0.351279438
1413394977505760512.000000 0.416097552 -2.343274593 -0.418369323 -0.678233027 -0.574653447 -0.352698356 0.292193860
1413394977805760512.000000 0.523691177 -1.985832214 -0.263073176 -0.665104687 -0.571193397 -0.378182918 0.297240049
1413394979805760512.000000 0.356694460 1.046077490 0.132792771 -0.555486560 -0.459626555 -0.511201441 0.467815518
1413394981155760384.000000 -0.091206983 -0.068665795 0.281599075 -0.643838644 -0.502715230 -0.430205792 0.384281397
1413394981405760512.000000 -0.167510942 -0.276333362 0.225268364 -0.646053195 -0.505033433 -0.430816084 0.376767755
1413394981805760512.000000 -0.236436829 -0.562844515 0.152987078 -0.663068891 -0.502753198 -0.432951540 0.346600503
1413394982605760512.000000 -0.056280129 -0.922898054 0.087360904 -0.762525916 -0.303862631 -0.479091883 0.310954779
1413394982805760512.000000 0.132613361 -1.033870339 0.107776187 -0.780004144 -0.255783498 -0.501718342 0.272849947
1413394983005760512.000000 0.364044696 -1.174849510 0.140734479 -0.789975166 -0.218356162 -0.526242614 0.226558283
1413394983205760512.000000 0.617580056 -1.332391381 0.183216646 -0.790253580 -0.205762610 -0.544908345 0.190357581
1413394983405760512.000000 0.878208220 -1.492311835 0.227141380 -0.786176085 -0.209225997 -0.555240095 0.172801152
1413394984205760512.000000 1.750855684 -1.935699821 0.150142983 -0.766323388 -0.269712090 -0.564268887 0.146985129
1413394984405760512.000000 1.895454884 -1.964681029 0.090505302 -0.769835830 -0.284244329 -0.550536036 0.153192431
1413394984605760512.000000 2.017235994 -1.955361962 0.042623721 -0.769361258 -0.305263817 -0.537041724 0.162737638
1413394985005760512.000000 2.210138083 -1.806754708 -0.011347495 -0.740212321 -0.370846331 -0.516060412 0.219637245
1413394986205760512.000000 2.690014124 -0.753252566 0.284244686 -0.715494454 -0.411719471 -0.498781860 0.264143020
1413394987005760512.000000 2.970785379 0.244344205 0.516611576 -0.712683618 -0.398100048 -0.509767294 0.271543413
1413394987405760512.000000 3.076514721 0.757685006 0.530205369 -0.702030718 -0.389341265 -0.527874172 0.277335763
1413394987505760512.000000 3.098837376 0.876147032 0.527239978 -0.690831661 -0.398026407 -0.542955637 0.263677388
1413394987705760512.000000 3.109608173 1.109038234 0.533032358 -0.675050855 -0.399718553 -0.562692821 0.260592192
1413394987905760512.000000 3.060450792 1.326674581 0.554896772 -0.665047765 -0.393806875 -0.575997174 0.266185790
1413394988405760512.000000 2.671135902 1.717602015 0.660822749 -0.697575271 -0.328520864 -0.548875511 0.322798043
1413394989405760512.000000 1.753234863 1.565446377 0.593450665 -0.775058687 -0.211859539 -0.570047677 0.171595663
1413394989505760512.000000 1.649084926 1.528239489 0.586350143 -0.777361095 -0.210563749 -0.565206885 0.178644419
1413394989605760512.000000 1.544761181 1.489054441 0.572857022 -0.779953182 -0.209819391 -0.559548795 0.185886905
1413394989705760512.000000 1.441928506 1.448495746 0.550236583 -0.781752348 -0.213375434 -0.552006781 0.196526647
1413394990005760512.000000 1.160951376 1.318369150 0.436884314 -0.773819149 -0.284493119 -0.506979525 0.251474351
1413394990355760384.000000 0.908532321 1.170427442 0.254369110 -0.696822643 -0.446417689 -0.476802349 0.296325773
1413394990755760384.000000 0.643843532 1.071028829 0.052433513 -0.656310737 -0.515436828 -0.433513880 0.340068787
1413394991155760384.000000 0.409913629 1.104313970 -0.108010240 -0.661511838 -0.504866481 -0.436079800 0.342558473
1413394991355760384.000000 0.309672147 1.167492151 -0.162741691 -0.676299691 -0.482678801 -0.440804422 0.339604646
1413394991755760384.000000 0.186064631 1.357299447 -0.236856699 -0.712707162 -0.401668429 -0.492392331 0.297087133
1413394991955760384.000000 0.148279697 1.460578084 -0.266175747 -0.712474644 -0.364817858 -0.520838380 0.296673596
1413394992305760512.000000 0.100952297 1.581664205 -0.309379190 -0.750935674 -0.310941160 -0.509812355 0.281962037
1413394992705760512.000000 0.107165448 1.627841353 -0.292344898 -0.758466840 -0.284581780 -0.548198342 0.207893670
1413394993205760512.000000 0.119296402 1.685367584 -0.314335287 -0.775863290 -0.245046690 -0.545876086 0.200018734
1413394993605760512.000000 0.132413372 1.717868447 -0.446510851 -0.767539084 -0.266910374 -0.556528151 0.172971234
1413394994005760512.000000 0.128487140 1.791106343 -0.614270270 -0.790852308 -0.189423889 -0.556094825 0.171551108
1413394994405760512.000000 0.135619864 1.770813704 -0.730783224 -0.806724072 -0.090436265 -0.578591943 0.079050764
1413394994605760512.000000 0.130852297 1.750682235 -0.729538679 -0.807174504 -0.069633253 -0.585442901 0.029616570
1413394995005760512.000000 0.085028723 1.796112061 -0.656034708 -0.798775852 -0.050049443 -0.599135220 0.022119090
1413394995405760512.000000 -0.021109816 1.893374801 -0.758086264 -0.825000942 -0.037245691 -0.561118424 0.055967800
1413394995805760512.000000 -0.071696021 1.964852095 -0.860153139 -0.812982678 -0.042845007 -0.578636527 0.049023565
1413394996305760512.000000 -0.163243517 2.046333790 -0.822874308 -0.796500862 -0.050071124 -0.601061463 0.042477049
1413394996805760512.000000 -0.281709015 2.134507895 -0.689339995 -0.798689961 -0.051429972 -0.598132610 0.041069523
1413394997305760512.000000 -0.426304638 2.255605698 -0.513097227 -0.798798680 -0.051203649 -0.597960711 0.041736346
1413394997805760512.000000 -0.597103715 2.408490896 -0.296567589 -0.798678100 -0.051103618 -0.598133028 0.041697696
1413394998305760512.000000 -0.794060051 2.593443394 -0.040595748 0.798476517 0.050966602 0.598392248 -0.042004555
