#Stereo rect[ms], MP culling[ms], MP creation[ms], LBA[ms], KF culling[ms], Total[ms]
8.217478,0.091170,0.949392,0.013344,0.013344,9.282648
10.483756,0.458920,7.721886,0.004992,0.004992,18.673874
10.221543,0.573673,6.038115,0.271972,0.271972,35.370595
9.614077,0.337958,8.541868,0.523176,0.523176,41.169858
10.924723,0.417351,18.094728,0.807885,0.807885,62.018008
11.463644,0.527272,27.142397,0.669642,0.669642,76.813515
12.655247,0.615434,13.169048,0.865262,0.865262,62.828197
13.026262,0.641930,28.387313,1.245620,1.245620,92.530893
12.626319,0.407143,26.286927,1.672027,1.672027,93.545662
13.861059,0.522505,28.530260,44.581978,44.581978,139.622577
13.573950,0.445991,40.624346,2.207108,2.207108,122.295668
14.252938,0.381638,39.591593,2.090819,2.090819,102.228588
14.741425,0.510953,38.391061,2.815918,2.815918,110.768087
16.325548,0.588170,47.240902,2.481833,2.481833,129.016803
16.997783,0.530408,45.726158,2.815950,2.815950,126.592635
12.751889,0.398887,38.007726,2.944912,2.944912,115.571270
15.090775,0.438599,39.993648,3.034098,3.034098,121.598985
15.079671,0.315493,41.215620,3.264406,3.264406,127.163972
18.538608,0.357189,54.338363,3.520858,3.520858,162.906638
18.639346,0.473351,54.336763,4.319815,4.319815,169.374264
14.563214,0.420263,48.579164,4.091363,4.091363,244.030751
11.044437,0.288389,28.802264,5.561275,5.561275,125.363495
12.712944,0.359046,30.353905,5.260086,5.260086,124.945215
14.330347,0.437351,44.227701,5.613372,5.613372,146.797670
15.458077,0.444520,43.320262,5.966242,5.966242,159.390868
14.486926,0.373414,39.726443,5.486266,5.486266,150.448770
15.680481,0.572714,41.810445,5.366264,5.366264,152.370146
15.227706,0.434823,46.455513,4.215877,4.215877,156.817162
15.873668,0.480680,52.693695,4.930769,4.930769,167.239829
15.820547,0.547177,51.927251,5.896480,5.896480,193.222526
15.450045,0.758061,49.401033,6.748143,6.748143,173.529116
15.874020,0.544553,52.935971,4.936657,4.936657,171.906817
11.897475,0.467688,40.218515,6.721806,6.721806,156.698248
16.802484,0.534600,51.344394,6.274791,6.274791,175.295801
16.189769,0.513512,50.770784,6.362632,6.362632,186.093385
14.865140,0.482215,46.787007,6.524011,6.524011,166.531625
8.419082,0.277252,27.565380,7.071988,7.071988,132.291480
14.283210,0.516201,43.045313,4.532074,4.532074,151.073964
15.936517,0.480552,57.039655,5.342039,5.342039,193.684390
15.065591,0.427879,35.924813,6.260519,6.260519,150.400225
17.741250,0.488200,55.198345,4.935953,4.935953,172.850576
17.085080,0.527881,49.347145,5.963778,5.963778,189.844008
17.176058,0.537032,55.838388,6.349064,6.349064,174.775888
17.651233,0.463272,54.228729,6.350056,6.350056,186.537617
17.062104,0.698987,53.853267,7.480891,7.480891,188.902232
13.972677,0.442471,43.969809,5.010578,5.010578,147.197420
13.459100,0.490408,48.731359,6.094724,6.094724,170.871536
8.690766,0.379590,26.729942,5.793535,5.793535,137.680752
14.817235,0.525352,48.620125,6.038979,6.038979,163.014959
12.430060,0.441831,40.354613,5.046770,5.046770,146.911112
13.876356,0.438695,40.788508,6.178021,6.178021,153.406290
18.039847,0.533609,61.928471,5.252726,5.252726,195.887914
16.930294,0.547369,47.346472,7.766591,7.766591,166.404007
18.180970,0.656491,53.385707,8.904594,8.904594,190.504562
17.478494,0.748940,52.310330,6.056548,6.056548,171.770559
17.554016,0.574378,58.046455,6.946866,6.946866,192.864409
16.526063,0.816621,58.648162,4.714573,4.714573,167.603035
15.413693,0.543721,57.978262,6.968946,6.968946,173.389818
15.211929,0.611050,52.773281,4.437577,4.437577,265.304731
8.772176,0.415239,32.843546,6.751087,6.751087,127.912881
12.544846,0.398022,38.045968,4.398184,4.398184,135.997013
15.108280,0.647946,51.920627,6.898641,6.898641,164.953552
15.378396,0.806061,61.857526,4.045730,4.045730,193.217790
16.466734,0.704140,59.103752,4.490185,4.490185,170.569803
17.432670,0.583050,64.071418,6.016291,6.016291,186.247597
16.719346,0.538568,52.991173,5.863840,5.863840,163.022575
15.895076,0.599754,57.573744,6.807247,6.807247,174.127813
15.640417,0.631850,61.566225,4.299399,4.299399,190.707414
15.161048,0.453256,56.964805,7.103700,7.103700,180.831059
9.176214,0.373287,30.968443,7.244823,7.244823,132.173878
11.918948,0.459655,34.266514,6.932657,6.932657,136.266617
14.707345,0.501705,54.761441,5.350679,5.350679,161.942526
13.695457,0.456807,58.734531,7.521308,7.521308,171.380857
13.179128,0.464935,44.793374,5.572380,5.572380,149.555091
12.971797,0.349126,42.237236,5.988674,5.988674,144.219228
13.093718,0.247044,44.691773,6.770927,6.770927,150.658629
12.686416,0.333125,41.900399,8.618733,8.618733,149.818007
12.345579,0.302981,38.936446,5.699997,5.699997,142.470175
12.820434,0.323174,41.614378,5.579131,5.579131,154.023996
12.874419,0.198019,38.712827,6.452393,6.452393,145.491824
13.595839,0.169027,21.424703,5.143541,5.143541,126.946433
13.686240,0.121538,33.732649,6.201350,6.201350,145.874871
14.236905,0.126914,31.630822,5.251414,5.251414,144.283164
13.149367,0.091810,27.092540,4.031075,4.031075,140.459294
13.653151,0.071138,26.692917,5.876384,5.876384,145.071529
15.965190,0.075777,23.681828,7.019475,7.019475,147.619155
16.881493,0.068097,23.563650,6.117668,6.117668,149.621268
17.584320,0.068897,25.625508,6.120228,6.120228,152.336960
18.193162,0.068194,25.574147,6.772047,6.772047,220.831363
18.722099,0.066721,26.783607,5.870464,5.870464,159.082287
17.554143,0.078786,25.096027,6.001122,6.001122,151.800311
20.562640,0.066818,27.831528,7.874785,7.874785,165.135890
21.897671,0.065153,27.999403,8.444075,8.444075,171.189270
20.263340,0.058305,15.756290,6.332264,6.332264,146.424799
23.373279,0.065185,27.507203,7.559996,7.559996,167.196948
24.527186,0.074017,28.036139,9.713568,9.713568,166.777869
25.626340,0.049600,28.852793,11.312665,11.312665,260.105926
25.924457,0.062977,28.691862,9.246232,9.246232,174.325289
26.313487,0.065986,28.771959,9.375609,9.375609,175.077525
21.880167,0.069569,28.051468,9.715871,9.715871,171.544059
26.687797,0.087458,31.232032,9.717951,9.717951,196.075917
25.857352,0.112609,29.483396,9.886178,9.886178,181.147320
22.050089,0.167683,25.890472,8.303081,8.303081,199.948749
26.714262,0.110434,31.590757,11.759713,11.759713,213.346152
26.510898,0.128130,31.652039,10.389162,10.389162,209.032385
26.242030,0.111138,33.066749,10.159143,10.159143,204.426166
26.106316,0.111970,32.553685,9.902307,9.902307,190.304111
26.372016,0.107426,35.091519,8.735151,8.735151,257.818721
27.415361,0.094849,33.342403,10.986772,10.986772,200.381395
28.180270,0.072481,36.545463,12.130118,12.130118,200.423252
27.957866,0.057025,34.325970,10.650734,10.650734,192.327855
28.263759,0.051201,34.045454,11.071893,11.071893,194.748536
26.638741,0.050369,34.860283,9.753056,9.753056,196.095694
30.305968,0.080994,36.427605,11.344954,11.344954,194.868537
28.195630,0.057985,32.110574,11.077717,11.077717,194.474323
30.472116,0.073633,35.684553,11.313369,11.313369,192.262191
30.787448,0.063745,36.944446,11.514397,11.514397,202.315923
26.715926,0.075489,30.304497,9.718943,9.718943,176.557517
31.012444,0.101922,34.320786,11.640127,11.640127,192.341200
30.795353,0.073665,36.842652,11.890819,11.890819,190.681749
32.454772,0.102370,38.487958,12.038181,12.038181,199.186880
32.776442,0.079233,40.716155,12.079206,12.079206,202.728987
33.558790,0.092258,34.581015,10.438763,10.438763,191.129981
33.493988,0.087650,37.385669,12.244552,12.244552,205.084864
30.861562,0.098369,37.122784,12.040133,12.040133,215.671310
28.573652,0.106114,35.415877,12.086182,12.086182,221.367308
18.117801,0.100610,24.837591,12.383499,12.383499,161.900477
16.381676,0.128354,19.804229,11.925539,11.925539,122.434358
20.729588,0.266084,34.302098,12.701008,12.701008,192.093196
15.400701,0.191267,19.482015,11.745953,11.745953,202.929662
15.767522,0.218180,37.372644,15.206969,15.206969,168.522729
11.767553,0.231524,31.161342,13.244441,13.244441,164.976975
19.127450,0.470216,44.988193,13.498845,13.498845,180.796147
21.772773,0.433447,63.309070,11.145431,11.145431,202.214162
21.460000,0.554889,84.190852,14.037190,14.037190,263.288539
16.409293,0.702827,64.466657,11.748064,11.748064,204.082768
20.933015,0.589482,72.395618,9.981252,9.981252,220.542910
17.270683,0.928015,74.158815,11.984485,11.984485,226.603873
22.492369,0.627850,88.539915,12.015845,12.015845,246.825357
22.528145,0.780717,72.796681,12.688816,12.688816,226.692195
17.326396,0.678027,70.349920,12.317034,12.317034,221.272074
14.654192,0.701836,61.559504,10.355978,10.355978,207.224196
17.571359,0.607338,51.852306,12.351115,12.351115,200.782106
16.720658,0.420487,47.686605,13.764705,13.764705,201.585095
10.913970,0.395111,36.506006,10.238312,10.238312,174.148965
8.077124,0.307237,28.598933,13.739841,13.739841,167.804605
8.309544,0.297829,29.905930,13.694785,13.694785,171.186549
8.118821,0.315173,29.573445,10.087749,10.087749,164.864878
16.791475,0.511528,70.637190,11.719968,11.719968,228.686243
17.436606,0.657130,68.803176,12.884435,12.884435,228.992072
11.148758,0.558314,55.267817,9.656254,9.656254,209.058977
11.769473,0.570985,65.101643,11.770688,11.770688,228.131514
12.104998,0.555049,59.380877,11.110582,11.110582,223.039719
11.876770,0.612043,53.567085,10.771985,10.771985,220.982885
18.565616,0.825966,62.863398,14.713457,14.713457,244.360164
17.427774,0.775213,61.125257,14.416077,14.416077,244.187362
17.730082,0.738861,69.260462,9.876194,9.876194,265.894405
18.452206,0.872526,61.449391,12.243625,12.243625,252.466921
18.164233,0.847118,58.925446,12.007845,12.007845,269.955783
17.818980,0.829006,58.345916,14.726257,14.726257,264.933397
11.283961,0.629994,36.290419,12.776945,12.776945,222.782435
8.732719,0.423655,28.338289,12.573678,12.573678,215.640078
9.285144,0.612138,30.438451,12.271625,12.271625,214.221271
18.063880,0.602314,55.148808,12.008741,12.008741,269.804645
18.831252,0.815629,57.655793,14.088454,14.088454,274.003849
11.009141,0.481479,30.454835,10.523980,10.523980,217.761585
12.186472,0.547273,54.019157,10.096517,10.096517,249.328406
8.970003,0.424263,29.817768,9.776448,9.776448,214.665277
9.202198,0.357510,35.479622,10.660622,10.660622,223.704945
12.300618,0.587305,42.282069,13.684257,13.684257,247.557977
11.882435,0.520488,47.428521,10.373546,10.373546,251.183796
13.789858,0.595657,53.305226,12.790322,12.790322,254.900593
11.419675,0.527816,39.090177,12.949300,12.949300,238.343745
12.273770,0.611050,40.673914,11.047445,11.047445,236.330657
19.772804,0.701771,58.309756,11.460284,11.460284,269.306205
19.264764,0.769516,64.037402,12.964149,12.964149,287.229891
18.719187,0.661770,66.855752,12.803953,12.803953,301.201511
12.624783,0.662763,52.665375,11.193816,11.193816,247.337141
19.258652,0.765324,61.861526,10.618670,10.618670,279.979276
19.242811,0.735372,62.514945,10.839889,10.839889,273.227805
19.392030,0.682731,64.903783,17.203578,17.203578,280.010956
13.857891,0.651979,46.552027,16.623345,16.623345,268.624498
21.372478,0.639531,68.359712,13.122359,13.122359,292.600603
22.473040,0.559913,66.486082,12.904659,12.904659,295.011458
22.345838,0.569386,64.432063,17.446782,17.446782,287.106785
15.610496,0.497192,45.952081,15.083223,15.083223,268.835669
12.453964,0.460776,37.675945,16.378157,16.378157,245.565752
16.608272,0.495464,45.332647,16.346316,16.346316,271.143419
10.980788,0.594026,34.943356,13.784130,13.784130,239.150479
14.468397,0.679884,59.984150,15.799331,15.799331,287.621993
15.616544,0.797229,59.360844,13.855587,13.855587,282.713592
11.814082,0.568137,33.119615,12.969396,12.969396,236.118333
16.237194,0.738476,41.472167,13.483197,13.483197,272.569970
10.636014,0.621226,31.166623,13.368251,13.368251,229.287437
19.543008,0.805133,59.576496,15.917637,15.917637,277.824936
18.802708,0.990672,58.587072,19.111482,19.111482,277.830793
19.093209,0.922799,62.923687,20.217388,20.217388,292.326614
10.990836,0.629226,33.511909,15.840676,15.840676,236.187006
12.590062,0.752365,37.544903,16.575663,16.575663,243.441397
17.462782,0.914319,47.842640,16.903029,16.903029,275.306111
16.423885,0.941359,52.422619,18.541936,18.541936,269.280764
17.528895,0.893167,57.176361,18.151049,18.151049,282.878811
18.222474,0.900207,51.501260,19.610658,19.610658,275.584068
18.110409,0.817326,46.299254,21.258172,21.258172,282.603479
17.171481,0.797133,56.556031,16.194218,16.194218,278.580021
16.498095,0.833165,56.463933,18.627025,18.627025,268.899542
16.281579,0.904495,60.217787,13.574591,13.574591,280.767513
17.500415,0.732172,59.590416,19.823557,19.823557,285.466918
17.750659,0.705036,53.710640,13.606655,13.606655,279.047901
10.201479,0.513160,31.424899,11.360219,11.360219,229.654771
12.730033,0.594698,39.183106,9.756928,9.756928,241.668760
14.191113,0.885038,50.715935,9.577181,9.577181,270.119018
14.493646,0.838062,53.204967,8.647277,8.647277,270.285869
14.698641,0.704619,40.832797,8.979059,8.979059,250.542921
15.936454,0.744108,56.487645,14.141159,14.141159,274.444658
16.531887,0.716332,57.307339,11.384091,11.384091,272.780022
16.029447,0.691979,52.197848,13.866820,13.866820,280.935324
15.384669,0.757452,49.458698,9.982851,9.982851,262.713873
15.589346,0.674923,48.691719,12.733924,12.733924,258.806792
15.451637,0.713485,49.725020,13.992891,13.992891,273.736781
10.256535,0.520010,32.180929,12.596482,12.596482,232.307397
12.920711,0.633196,39.614918,7.310979,7.310979,240.711516
13.903609,0.747342,48.945581,11.734866,11.734866,270.456657
11.115623,0.580939,35.273176,11.409420,11.409420,232.440296
14.579877,0.803311,45.622802,11.235530,11.235530,268.178280
14.280384,0.862959,47.860154,11.910165,11.910165,264.875500
14.287136,0.752654,48.076925,10.822786,10.822786,265.441207
14.272224,0.538538,51.723519,11.751283,11.751283,272.887100
14.401346,0.869584,47.954716,11.018757,11.018757,263.649110
10.689152,0.561322,33.486616,10.509500,10.509500,220.872119
12.023543,0.670444,36.127752,11.349035,11.349035,228.901766
7.279235,0.588650,23.180000,11.686194,11.686194,202.557743
8.378263,0.508745,24.630937,13.584115,13.584115,209.282983
7.386916,0.571275,20.723123,13.535474,13.535474,198.208000
14.077116,0.761774,50.267173,13.821496,13.821496,263.548563
9.627628,0.703309,29.066665,10.163958,10.163958,203.250234
9.769519,0.575883,41.193506,11.969526,11.969526,221.277245
9.713359,0.490728,39.553413,11.800500,11.800500,218.686127
9.919826,0.704013,38.296910,11.764371,11.764371,212.832134
9.934226,0.643532,48.336034,11.768307,11.768307,221.042808
7.156832,0.359111,21.663460,12.331485,12.331485,180.802727
13.677173,0.665196,55.489570,9.421321,9.421321,227.029187
13.915322,0.768813,35.075157,9.935986,9.935986,207.736810
14.652647,0.808590,57.233921,10.930500,10.930500,225.215042
12.311804,0.565995,40.926621,10.272152,10.272152,200.344548
15.376499,0.606123,57.425636,9.743374,9.743374,213.063591
15.984542,0.497161,45.076871,11.488846,11.488846,208.735610
11.017573,0.567530,32.840237,11.578640,11.578640,183.814268
10.948132,0.452776,31.707384,11.933590,11.933590,183.132080
10.275032,0.419720,33.439574,11.473102,11.473102,182.489220
11.266218,0.410055,37.259643,11.715026,11.715026,189.481057
8.431319,0.382502,30.402689,9.607244,9.607244,173.364096
13.604564,0.516617,45.043654,12.731588,12.731588,202.935602
12.406142,0.549578,45.130600,10.030163,10.030163,196.126839
11.897301,0.751373,39.251711,9.960530,9.960530,141.712809
13.051050,1.148853,55.088314,9.052163,9.052163,223.208189
14.501700,1.182037,54.101448,11.124807,11.124807,218.419174
11.478061,0.789583,41.886957,13.306670,13.306670,200.725193
10.934308,0.709293,37.373053,13.275054,13.275054,195.048804
9.923090,0.579786,33.717244,9.914642,9.914642,192.136976
8.996257,0.570923,32.355139,13.972762,13.972762,193.060608
10.881859,0.773389,56.989084,11.518702,11.518702,222.633424
10.583005,0.841647,66.379876,12.262172,12.262172,235.407477
16.039295,0.707596,64.650053,12.951080,12.951080,237.510106
9.068034,0.538954,36.932469,12.265180,12.265180,205.428764
8.948064,0.501385,35.086804,13.652404,13.652404,212.053747
16.572520,0.573226,61.657136,16.679275,16.679275,243.937677
14.204318,0.592459,53.542430,13.226636,13.226636,224.313677
13.389743,0.515146,43.403912,12.271324,12.271324,219.589433
16.730508,0.604331,64.758534,11.170152,11.170152,269.638873
16.517351,0.654860,58.438357,12.382973,12.382973,239.646527
9.377959,0.403560,34.123426,11.399596,11.399596,211.696395
9.588940,0.463592,34.398279,16.486631,16.486631,209.773961
15.857276,0.691244,51.645148,12.695043,12.695043,234.627749
8.227060,0.405575,30.571683,9.549195,9.549195,192.550517
11.176008,0.533993,41.744299,11.307402,11.307402,222.412298
10.196118,0.533866,38.598866,8.654138,8.654138,209.750919
16.565865,0.797678,58.102415,15.920189,15.920189,246.900896
16.743307,0.912017,62.438524,17.888672,17.888672,246.745117
17.312822,0.732045,68.235108,15.814235,15.814235,274.397611
10.564221,0.629708,40.616406,14.792232,14.792232,213.892049
18.497931,0.843311,72.321805,17.567323,17.567323,272.158627
18.636973,0.978034,68.256740,15.136942,15.136942,282.448346
18.735279,0.663948,60.599259,17.840159,17.840159,253.840986
18.454154,0.910736,67.480118,15.638839,15.638839,283.416458
18.664206,0.703020,66.712585,17.338549,17.338549,285.802518
18.322503,0.733069,58.398356,16.463462,16.463462,250.905156
19.096022,0.591722,68.033024,20.469998,20.469998,300.848162
20.400492,0.667180,71.070230,20.448301,20.448301,292.623981
20.894933,0.628684,67.819868,23.051996,23.051996,275.291320
13.902617,0.612907,51.567257,19.046612,19.046612,264.232338
20.638545,0.629515,57.113437,24.317779,24.317779,282.037872
11.180872,0.465288,37.017814,19.490716,19.490716,229.752265
14.438402,0.681133,55.194810,19.512157,19.512157,257.654684
12.644002,0.658892,58.382451,18.746031,18.746031,259.628414
18.670606,0.710925,64.924135,22.845752,22.845752,293.493627
19.003059,0.855535,64.366782,16.032254,16.032254,280.683029
18.794992,0.920880,57.294720,18.631789,18.631789,291.451446
17.223763,0.878224,64.185562,21.552897,21.552897,285.719886
16.589672,0.853712,63.367051,22.287566,22.287566,289.048874
8.485688,0.509385,28.936197,15.882492,15.882492,241.313462
8.588537,0.494185,29.523567,15.712345,15.712345,245.216731
8.413014,0.547754,33.257105,13.896056,13.896056,249.205697
15.762234,0.732013,60.322389,20.616752,20.616752,293.115250
8.196178,0.541034,28.962565,13.109482,13.109482,241.813821
8.080465,0.393831,29.902198,20.341163,20.341163,247.502851
16.277570,0.860016,60.529432,21.770276,21.770276,291.866138
16.977775,0.810991,67.265072,20.235817,20.235817,297.298427
14.004538,0.544682,54.881876,20.988855,20.988855,299.806952
16.943694,0.721165,58.779417,20.728594,20.728594,294.103553
16.747115,0.991762,61.705965,20.128743,20.128743,296.507020
16.821740,0.767790,67.391251,18.287558,18.287558,310.434212
12.707267,0.675820,61.927665,19.315001,19.315001,299.479073
17.221203,0.846223,69.483416,18.038370,18.038370,309.447281
14.481538,0.729165,48.574083,21.907431,21.907431,299.538016
17.971137,0.847727,62.195126,14.764872,14.764872,310.011516
17.813566,0.900400,62.693406,11.388459,11.388459,306.077620
16.790379,0.800238,50.483909,25.031582,25.031582,297.230454
18.212805,0.888816,62.781728,15.725624,15.725624,299.141560
18.390280,0.692461,57.671748,20.037637,20.037637,291.946712
13.638804,0.763629,45.550477,15.437331,15.437331,283.263165
19.230551,0.823086,60.290388,17.403862,17.403862,291.624401
19.084501,0.753261,72.011173,21.943944,21.943944,309.689684
18.996851,0.727501,59.982381,17.494360,17.494360,296.725131
9.634732,0.395175,31.556819,21.939144,21.939144,242.598311
14.772839,0.670028,40.642901,22.118027,22.118027,256.657057
19.581917,0.743726,58.186285,18.464489,18.464489,294.325088
18.962867,0.764685,52.675915,22.072745,22.072745,276.490562
18.235622,0.649931,59.829195,16.315363,16.315363,290.019283
11.064901,0.481449,34.795788,21.210330,21.210330,238.113781
15.510677,0.722381,47.225290,15.055692,15.055692,251.286304
17.947136,0.693740,56.469263,16.522246,16.522246,250.603187
15.947997,0.579370,56.353901,20.319627,20.319627,260.590406
15.652247,0.956657,56.296236,17.860318,17.860318,252.265649
15.718137,0.903728,57.419071,20.019589,20.019589,256.059668
10.773984,0.677996,50.007835,15.662647,15.662647,232.438223
10.933475,0.477352,42.711610,19.501468,19.501468,225.925979
15.648087,1.040850,61.636907,17.413238,17.413238,251.090586
10.124212,0.619051,36.083395,18.644877,18.644877,207.043946
8.915359,0.425864,29.198088,19.129589,19.129589,218.089455
8.326132,0.592682,30.223899,18.422984,18.422984,194.423368
10.959395,0.570922,38.793011,17.259956,17.259956,214.959190
10.161013,0.513545,35.732413,16.746666,16.746666,194.256805
12.771428,0.536649,43.534536,15.954940,15.954940,212.792079
18.961426,0.693388,65.884502,17.509688,17.509688,242.726180
19.643710,0.794831,59.579813,17.530392,17.530392,229.435192
10.361113,0.370150,37.937124,15.647863,15.647863,195.660702
13.999449,0.456040,46.629119,16.987439,16.987439,213.882018
12.717346,0.476777,41.815880,19.584381,19.584381,209.244943
10.662525,0.469769,33.340466,21.258331,21.258331,197.775043
11.056709,0.417383,36.251846,12.907622,12.907622,202.958655
11.955989,0.400327,37.088917,18.600043,18.600043,197.232409
16.070526,0.395432,44.767197,20.945717,20.945717,212.278725
21.109976,0.739981,71.145491,17.677050,17.677050,244.326239
21.698050,0.596075,71.048049,19.766912,19.766912,250.907284
21.941702,0.591339,72.050531,18.620747,18.620747,254.504403
22.496209,0.498889,61.959375,20.667792,20.667792,248.883024
10.443610,0.314406,35.053616,17.831101,17.831101,195.843039
22.041768,0.524330,74.180744,19.346681,19.346681,291.967950
21.629441,0.581099,69.663544,14.228733,14.228733,246.906476
23.466914,0.597675,68.798536,15.938683,15.938683,254.428081
18.573323,0.381062,59.799209,15.388594,15.388594,246.430274
12.420605,0.282981,38.058566,18.473417,18.473417,218.475729
26.104081,0.593322,68.416194,20.563278,20.563278,292.347571
25.715402,0.491209,59.468834,21.691554,21.691554,269.941700
26.504856,0.651915,56.145255,27.679468,27.679468,311.812812
27.415976,0.512393,55.464763,26.724572,26.724572,318.890187
14.074203,0.400007,29.818579,21.521086,21.521086,250.098562
16.785195,0.461608,51.674167,28.319064,28.319064,323.930371
26.199250,0.485576,85.991706,25.956622,25.956622,340.242052
23.113563,0.499273,69.381938,26.262611,26.262611,320.443684
23.844232,0.574506,80.453911,24.359602,24.359602,334.572319
22.644211,0.515177,76.261708,28.376408,28.376408,332.722301
15.187662,0.399783,47.231112,27.577962,27.577962,311.078588
21.869061,0.441639,58.172555,22.313068,22.313068,311.080763
18.276037,0.580010,55.117620,28.022290,28.022290,311.263358
11.645615,0.322598,41.750854,29.983285,29.983285,312.815450
23.859624,0.751982,72.933169,27.146754,27.146754,332.583321
15.736983,0.389671,45.309926,29.851315,29.851315,299.786930
12.926502,0.251109,40.368941,20.090917,20.090917,302.983626
22.271884,0.533674,59.628164,28.855297,28.855297,331.207200
14.584451,0.385511,40.254123,28.082259,28.082259,302.838759
21.675585,0.503561,50.928169,29.616046,29.616046,322.981388
23.372799,0.507785,53.187153,20.646831,20.646831,329.156378
16.515525,0.322214,46.652125,27.238564,27.238564,324.015294
13.680467,0.439272,40.662323,21.128087,21.128087,313.756552
19.251414,0.566058,50.223260,24.518036,24.518036,333.361924
19.756831,0.444744,49.673139,31.178986,31.178986,332.593174
26.223506,0.643307,75.284026,34.671976,34.671976,384.607250
19.681310,0.506761,53.848348,29.809874,29.809874,334.024591
26.253523,0.696940,71.008814,26.455158,26.455158,367.640516
13.678995,0.503657,42.544628,24.169677,24.169677,309.832768
13.206538,0.493225,41.692773,21.018229,21.018229,304.908424
14.847528,0.504521,46.553787,22.799381,22.799381,309.343607
17.618041,0.587018,54.551018,25.717769,25.717769,334.621880
18.045313,0.695500,62.671001,21.484029,21.484029,325.123439
23.653796,0.759693,69.471762,22.386382,22.386382,338.214711
23.863816,0.672940,63.881230,21.816100,21.816100,329.277560
25.529062,0.741645,71.419668,21.116183,21.116183,313.543137
24.855801,0.679820,55.830272,28.987747,28.987747,299.080607
17.712123,0.569258,46.230741,26.290803,26.290803,302.052308
12.788484,0.407463,41.247868,29.236839,29.236839,271.419284
24.912346,0.835215,68.203195,23.120763,23.120763,312.808818
18.053408,0.765806,62.620856,20.449740,20.449740,310.851343
12.639104,0.470505,40.411949,25.728873,25.728873,299.334370
24.532307,0.694636,53.604024,24.199246,24.199246,301.706092
14.167195,0.503817,40.423534,23.036985,23.036985,293.720670
27.536489,0.700140,56.978964,25.352450,25.352450,316.390896
23.974538,0.584746,53.643256,27.177506,27.177506,310.923535
22.304268,0.508361,50.094009,24.558804,24.558804,307.284078
31.611633,0.691501,78.255148,31.747315,31.747315,358.352088
21.196921,0.512713,47.405385,38.594125,38.594125,317.153789
22.025927,0.540554,48.722400,38.855601,38.855601,320.969120
19.615516,0.619723,58.178857,29.636078,29.636078,327.581173
21.284122,0.786382,60.046441,30.706945,30.706945,332.117669
29.757680,0.719116,77.038647,37.812991,37.812991,382.666309
29.463371,0.627659,70.545028,40.399085,40.399085,354.731381
26.516951,0.536649,82.204530,42.203885,42.203885,366.356739
14.317694,0.444007,41.936360,30.211863,30.211863,317.529919
13.683315,0.374630,46.095698,40.422701,40.422701,327.363566
24.472178,0.575914,86.768675,31.239946,31.239946,374.324974
17.918493,0.593963,59.408958,26.879164,26.879164,326.809859
22.565968,0.766221,78.622419,38.666030,38.666030,357.821353
23.337886,0.841615,83.015424,26.519542,26.519542,365.630772
13.769396,0.451144,50.598338,31.370092,31.370092,318.787732
23.030681,0.695788,77.257626,36.972464,36.972464,374.761397
24.441042,0.587850,74.854863,32.408575,32.408575,349.884411
27.687882,0.615339,74.910640,39.936932,39.936932,361.193442
29.118629,0.594762,71.839321,33.477265,33.477265,349.439634
22.065831,0.400743,52.997611,38.643789,38.643789,334.637610
21.182295,0.464968,61.415233,40.476078,40.476078,335.743870
30.847939,0.594058,82.795196,34.127645,34.127645,375.444541
34.114845,0.536041,79.166811,29.639021,29.639021,375.520254
23.574178,0.364006,52.522275,30.571005,30.571005,326.917184
34.462051,0.528137,82.078510,38.115651,38.115651,401.285925
35.058189,0.434408,81.688935,40.973014,40.973014,373.398199
36.784716,0.406471,80.442865,34.543300,34.543300,378.328558
35.694072,0.304038,69.965079,42.228044,42.228044,368.139288
38.597836,0.339078,81.796457,35.308945,35.308945,376.077669
33.235404,0.339046,72.608934,42.452559,42.452559,371.655637
29.555627,0.350342,64.281938,46.227827,46.227827,380.996890
40.267209,0.406183,74.002782,34.780744,34.780744,379.837349
40.185864,0.369446,84.737660,39.487771,39.487771,425.112806
27.467974,0.344134,60.704275,42.071848,42.071848,359.079252
39.727519,0.429736,68.961028,35.600374,35.600374,410.213117
28.450679,0.357799,58.059235,36.048446,36.048446,363.490913
38.910609,0.512553,78.381611,35.887483,35.887483,427.106599
36.659209,0.663468,67.518123,46.679290,46.679290,389.852947
38.088066,0.503593,72.863530,36.347619,36.347619,387.551242
38.336519,0.556873,71.170412,43.147323,43.147323,387.598986
39.169493,0.442344,77.627869,46.557528,46.557528,405.268930
39.164501,0.511561,77.257974,32.799268,32.799268,396.094687
33.748565,0.503113,70.962856,43.719750,43.719750,396.437637
29.257190,0.493417,58.911250,36.317059,36.317059,375.012330
39.164245,0.534985,70.581761,44.753975,44.753975,399.462329
17.734777,0.412936,42.602193,36.975022,36.975022,354.678721
35.916123,0.542826,81.636739,43.163036,43.163036,408.954208
37.427894,0.608746,77.012882,33.029000,33.029000,395.029097
37.589337,0.570250,76.741165,42.440687,42.440687,411.457195
33.011527,0.564554,72.432577,41.390140,41.390140,401.807072
31.871251,0.515241,93.003980,43.198715,43.198715,416.399424
24.923160,0.382855,48.728221,42.736212,42.736212,384.450124
28.090672,0.594347,61.793860,33.981817,33.981817,373.862608
31.828595,0.608586,83.808618,37.754172,37.754172,417.328688
34.419072,0.659628,77.238837,48.170067,48.170067,406.257260
37.477046,0.587595,75.631000,36.923405,36.923405,399.235887
32.474718,0.475368,57.483416,36.707560,36.707560,367.697505
36.373123,0.539434,91.342317,35.795705,35.795705,430.117008
38.156738,0.526249,74.877163,32.565215,32.565215,390.741750
18.277475,0.330182,47.428006,40.779888,40.779888,360.399391
27.868716,0.440648,55.060205,36.468772,36.468772,366.967826
25.379392,0.350311,50.910723,40.581837,40.581837,360.713892
35.998108,0.645387,70.565982,41.706080,41.706080,398.064758
38.806158,0.575114,74.317152,40.253287,40.253287,420.305983
38.383046,0.560170,71.522319,35.724790,35.724790,394.549751
17.076877,0.344614,41.027157,35.404209,35.404209,344.098908
36.903435,0.573162,79.784609,39.820383,39.820383,411.485569
31.568301,0.567946,65.709672,39.939137,39.939137,415.606889
25.426657,0.484361,58.222659,33.334092,33.334092,364.147165
20.662381,0.409447,49.112675,42.406253,42.406253,350.442731
20.872017,0.408391,50.575837,33.782548,33.782548,348.456391
33.331084,0.847823,81.858501,30.951650,30.951650,398.103251
32.829860,0.566410,68.934080,32.239513,32.239513,384.719079
31.315017,0.649227,74.881290,35.003946,35.003946,395.416867
33.962231,0.664012,74.607140,34.489440,34.489440,383.798836
17.660888,0.385095,44.247564,32.828643,32.828643,330.245956
29.003936,0.449928,52.015286,29.980049,29.980049,349.467031
28.483959,0.454152,57.609208,41.185239,41.185239,365.479761
21.208246,0.377319,49.595563,40.171268,40.171268,350.656459
41.631967,0.552873,79.887938,37.166127,37.166127,408.905646
39.233044,0.648075,91.492942,40.182469,40.182469,410.777358
39.601786,0.596267,85.830410,36.020636,36.020636,438.254771
41.480508,0.560330,74.312319,37.551926,37.551926,390.161794
40.604236,0.510729,84.642357,35.991258,35.991258,399.283873
42.037734,0.551465,94.743751,39.352694,39.352694,412.776848
40.996307,0.544777,78.419335,35.319855,35.319855,415.502303
41.988708,0.639756,90.014131,39.371510,39.371510,409.966845
40.942738,0.513417,90.581949,43.463614,43.463614,412.210276
39.313397,0.495241,71.433611,40.072995,40.072995,383.261253
35.671636,0.544682,87.085855,33.409485,33.409485,389.373232
36.986156,0.498345,90.384249,41.418042,41.418042,429.812824
36.321376,0.600138,98.497096,37.261201,37.261201,412.113023
23.622880,0.412071,56.750440,37.458548,37.458548,354.423206
31.680911,0.629099,77.358867,40.020417,40.020417,417.928101
31.375049,0.705196,71.359786,35.832631,35.832631,383.204160
31.910834,0.701933,66.352785,36.342912,36.342912,381.540579
21.731743,0.664748,61.528796,37.972541,37.972541,371.110443
30.032849,0.597771,77.661176,37.354162,37.354162,404.296275
24.476079,0.610539,80.496682,34.569441,34.569441,411.709237
22.946293,0.669515,72.103799,33.689905,33.689905,372.088827
23.499678,0.691468,78.549160,33.330251,33.330251,386.086033
16.269567,0.700812,52.555646,33.458701,33.458701,354.596102
22.887891,0.806350,76.186398,34.931591,34.931591,378.125411
20.726349,0.779598,65.917449,38.766634,38.766634,373.079050
15.446384,0.680812,46.791800,28.941277,28.941277,328.371286
17.199823,0.761101,54.926152,36.177341,36.177341,349.017794
8.310162,0.489385,31.653485,27.179999,27.179999,174.101562
12.904164,0.565450,44.728307,22.101093,22.101093,188.694747
14.990568,0.878256,47.920395,24.923383,24.923383,182.773587
15.141643,0.894031,60.943249,28.694713,28.694713,189.550569
12.528413,0.840815,54.506623,21.454106,21.454106,165.599364
14.536640,0.709453,59.648282,23.745762,23.745762,170.381016
14.466750,0.668908,61.106164,21.452538,21.452538,157.945149
14.681091,0.606667,63.082518,24.203722,24.203722,158.919886
15.964889,0.591723,64.452014,19.954047,19.954047,153.714546
14.905159,0.549225,58.020926,20.724173,20.724173,146.507572
12.569726,0.492680,43.829988,19.477879,19.477879,113.765267
15.443184,0.479081,51.020962,13.479085,13.479085,134.496640
15.324078,0.436296,53.352971,17.804026,17.804026,146.255631
13.182248,0.368327,36.130972,25.205979,25.205979,117.390898
14.001654,0.367975,50.578906,19.909118,19.909118,138.391588
13.404812,0.330086,52.443323,23.006613,23.006613,147.887851
13.952565,0.317030,56.127324,24.265035,24.265035,154.018518
