#LBA time[ms],KF opt[#],KF fixed[#],MP[#],Edges[#]
0.008900,3,1,0,929
0.003144,4,1,0,943
0.204863,5,1,0,1376
0.568292,6,1,0,1922
0.646412,7,1,0,2168
0.724325,8,1,0,2517
1.074271,9,1,0,2859
1.099777,10,1,0,2896
1.088236,0,0,0,0
51.122359,0,0,0,0
1.214925,0,0,0,0
1.244930,0,0,0,0
1.191018,0,0,0,0
1.460048,0,0,0,0
1.520732,0,0,0,0
1.699912,0,0,0,0
1.644459,0,0,0,0
1.904634,0,0,0,0
2.024457,0,0,0,0
2.093854,0,0,0,0
2.621961,0,0,0,0
3.187950,0,0,0,0
3.484726,0,0,0,0
3.584751,0,0,0,0
2.784941,0,0,0,0
3.065874,0,0,0,0
4.613122,0,0,0,0
4.746040,0,0,0,0
3.543126,0,0,0,0
2.880165,0,0,0,0
3.618126,0,0,0,0
3.569667,0,0,0,0
3.942848,0,0,0,0
4.491406,0,0,0,0
2.713192,0,0,0,0
3.695182,0,0,0,0
4.506912,0,0,0,0
3.598572,0,0,0,0
4.473462,0,0,0,0
2.894212,0,0,0,0
4.002423,0,0,0,0
4.968154,0,0,0,0
2.673980,0,0,0,0
3.300612,0,0,0,0
2.613035,0,0,0,0
4.267145,0,0,0,0
2.644003,0,0,0,0
3.802747,0,0,0,0
3.770974,0,0,0,0
4.549114,0,0,0,0
2.822608,0,0,0,0
5.072428,0,0,0,0
3.619569,0,0,0,0
3.200145,0,0,0,0
4.010908,0,0,0,0
4.847758,0,0,0,0
4.015059,0,0,0,0
3.102989,0,0,0,0
5.504626,0,0,0,0
4.292926,0,0,0,0
4.517676,0,0,0,0
3.921469,0,0,0,0
4.834092,0,0,0,0
3.687744,0,0,0,0
4.348052,0,0,0,0
2.967687,0,0,0,0
3.783619,0,0,0,0
4.960394,0,0,0,0
5.433947,0,0,0,0
4.594429,0,0,0,0
3.979093,0,0,0,0
3.514642,0,0,0,0
4.352334,0,0,0,0
3.899196,0,0,0,0
4.376719,0,0,0,0
3.964100,0,0,0,0
4.056456,0,0,0,0
6.007538,0,0,0,0
4.257568,0,0,0,0
3.086577,0,0,0,0
2.819273,0,0,0,0
3.874270,0,0,0,0
3.023918,0,0,0,0
2.617587,0,0,0,0
4.545436,0,0,0,0
4.662506,0,0,0,0
3.699969,0,0,0,0
4.256136,0,0,0,0
4.403350,0,0,0,0
3.445687,0,0,0,0
5.292765,0,0,0,0
3.584641,0,0,0,0
3.234875,0,0,0,0
3.230474,0,0,0,0
3.946569,0,0,0,0
3.540393,0,0,0,0
2.374353,0,0,0,0
3.304733,0,0,0,0
4.477396,0,0,0,0
2.147346,0,0,0,0
4.169030,0,0,0,0
3.130079,0,0,0,0
3.344180,0,0,0,0
4.678030,0,0,0,0
4.221450,0,0,0,0
3.956911,0,0,0,0
2.603738,0,0,0,0
2.574767,0,0,0,0
4.142042,0,0,0,0
3.303144,0,0,0,0
4.035657,0,0,0,0
6.041350,0,0,0,0
4.952481,0,0,0,0
3.776588,0,0,0,0
4.276972,0,0,0,0
6.150278,0,0,0,0
5.122474,0,0,0,0
5.722423,0,0,0,0
4.861614,0,0,0,0
6.021444,0,0,0,0
6.146932,0,0,0,0
6.032315,0,0,0,0
8.245940,0,0,0,0
7.778782,0,0,0,0
7.391147,0,0,0,0
8.684985,0,0,0,0
6.333813,0,0,0,0
7.164505,0,0,0,0
7.357050,0,0,0,0
9.256570,0,0,0,0
7.672542,0,0,0,0
6.470347,0,0,0,0
7.371108,0,0,0,0
8.101557,0,0,0,0
8.639283,0,0,0,0
10.059620,0,0,0,0
7.306396,0,0,0,0
9.026947,0,0,0,0
10.005512,0,0,0,0
8.949787,0,0,0,0
8.604151,0,0,0,0
6.924392,0,0,0,0
9.140287,0,0,0,0
9.179014,0,0,0,0
9.843169,0,0,0,0
10.149850,0,0,0,0
9.128117,0,0,0,0
8.946286,0,0,0,0
10.828116,0,0,0,0
9.967827,0,0,0,0
9.880570,0,0,0,0
6.970069,0,0,0,0
10.549101,0,0,0,0
13.678631,0,0,0,0
9.295076,0,0,0,0
9.935342,0,0,0,0
7.681016,0,0,0,0
9.679813,0,0,0,0
9.834403,0,0,0,0
7.265332,0,0,0,0
8.393493,0,0,0,0
8.209015,0,0,0,0
8.844806,0,0,0,0
7.724192,0,0,0,0
8.884175,0,0,0,0
10.372097,0,0,0,0
8.802423,0,0,0,0
10.298291,0,0,0,0
6.575452,0,0,0,0
10.250183,0,0,0,0
7.346761,0,0,0,0
6.329022,0,0,0,0
8.257563,0,0,0,0
6.889006,0,0,0,0
8.894002,0,0,0,0
6.345913,0,0,0,0
8.599994,0,0,0,0
9.916084,0,0,0,0
7.976826,0,0,0,0
6.886997,0,0,0,0
7.705114,0,0,0,0
7.427478,0,0,0,0
7.084351,0,0,0,0
7.804416,0,0,0,0
9.052117,0,0,0,0
8.071916,0,0,0,0
5.611822,0,0,0,0
7.724879,0,0,0,0
7.076110,0,0,0,0
6.865918,0,0,0,0
11.119282,0,0,0,0
6.163169,0,0,0,0
6.834125,0,0,0,0
6.102292,0,0,0,0
7.791790,0,0,0,0
7.633790,0,0,0,0
6.590359,0,0,0,0
9.351398,0,0,0,0
7.364917,0,0,0,0
7.284553,0,0,0,0
5.832007,0,0,0,0
6.218568,0,0,0,0
6.133806,0,0,0,0
7.003063,0,0,0,0
7.369305,0,0,0,0
7.664973,0,0,0,0
8.045708,0,0,0,0
7.786224,0,0,0,0
9.086121,0,0,0,0
12.593669,0,0,0,0
12.272191,0,0,0,0
9.591759,0,0,0,0
12.114536,0,0,0,0
11.164384,0,0,0,0
9.751282,0,0,0,0
8.823450,0,0,0,0
9.059940,0,0,0,0
9.170229,0,0,0,0
13.869928,0,0,0,0
10.640517,0,0,0,0
14.068901,0,0,0,0
9.183498,0,0,0,0
9.012111,0,0,0,0
9.901967,0,0,0,0
12.236364,0,0,0,0
10.621411,0,0,0,0
12.345866,0,0,0,0
9.548961,0,0,0,0
9.219339,0,0,0,0
11.735173,0,0,0,0
7.311449,0,0,0,0
8.491196,0,0,0,0
10.758498,0,0,0,0
10.972072,0,0,0,0
10.123535,0,0,0,0
8.444598,0,0,0,0
8.504017,0,0,0,0
10.375608,0,0,0,0
10.998300,0,0,0,0
8.862189,0,0,0,0
8.545635,0,0,0,0
5.678928,0,0,0,0
4.902845,0,0,0,0
7.161259,0,0,0,0
5.302936,0,0,0,0
5.330547,0,0,0,0
5.112593,0,0,0,0
4.825338,0,0,0,0
7.038206,0,0,0,0
6.740527,0,0,0,0
4.697584,0,0,0,0
4.720212,0,0,0,0
6.490485,0,0,0,0
5.147040,0,0,0,0
5.943530,0,0,0,0
3.982412,0,0,0,0
3.712463,0,0,0,0
5.442688,0,0,0,0
4.677624,0,0,0,0
5.515722,0,0,0,0
4.542552,0,0,0,0
3.481734,0,0,0,0
5.239104,0,0,0,0
5.037163,0,0,0,0
5.232079,0,0,0,0
6.939995,0,0,0,0
6.339809,0,0,0,0
4.826212,0,0,0,0
7.031504,0,0,0,0
6.377253,0,0,0,0
4.408808,0,0,0,0
6.121726,0,0,0,0
4.498347,0,0,0,0
4.515571,0,0,0,0
6.766417,0,0,0,0
5.992641,0,0,0,0
5.546624,0,0,0,0
5.712801,0,0,0,0
5.602943,0,0,0,0
4.748156,0,0,0,0
4.856014,0,0,0,0
8.333631,0,0,0,0
10.617074,0,0,0,0
6.177091,0,0,0,0
6.977999,0,0,0,0
4.074278,0,0,0,0
7.065776,0,0,0,0
4.400213,0,0,0,0
5.025464,0,0,0,0
6.776744,0,0,0,0
9.916643,0,0,0,0
5.692760,0,0,0,0
6.497269,0,0,0,0
8.260191,0,0,0,0
6.529560,0,0,0,0
6.056115,0,0,0,0
8.244836,0,0,0,0
5.636691,0,0,0,0
8.420190,0,0,0,0
5.447499,0,0,0,0
5.023695,0,0,0,0
5.701938,0,0,0,0
9.001754,0,0,0,0
6.484719,0,0,0,0
4.463266,0,0,0,0
7.367787,0,0,0,0
4.655729,0,0,0,0
7.170851,0,0,0,0
11.149673,0,0,0,0
5.889423,0,0,0,0
9.783621,0,0,0,0
9.515437,0,0,0,0
7.940718,0,0,0,0
10.866160,0,0,0,0
12.338591,0,0,0,0
10.958416,0,0,0,0
12.277565,0,0,0,0
10.535111,0,0,0,0
11.180635,0,0,0,0
11.023476,0,0,0,0
9.520797,0,0,0,0
10.034856,0,0,0,0
12.919025,0,0,0,0
10.692637,0,0,0,0
11.950110,0,0,0,0
13.403588,0,0,0,0
14.751692,0,0,0,0
12.434616,0,0,0,0
11.752388,0,0,0,0
10.536188,0,0,0,0
11.633923,0,0,0,0
11.768559,0,0,0,0
10.195609,0,0,0,0
10.651223,0,0,0,0
10.319755,0,0,0,0
9.145118,0,0,0,0
10.120564,0,0,0,0
8.343108,0,0,0,0
9.815253,0,0,0,0
12.073892,0,0,0,0
10.510374,0,0,0,0
7.180374,0,0,0,0
10.673160,0,0,0,0
5.550325,0,0,0,0
10.168976,0,0,0,0
7.528377,0,0,0,0
7.748577,0,0,0,0
9.050536,0,0,0,0
10.615200,0,0,0,0
10.053300,0,0,0,0
9.166151,0,0,0,0
11.685784,0,0,0,0
9.117390,0,0,0,0
9.422245,0,0,0,0
13.074825,0,0,0,0
12.411039,0,0,0,0
11.712248,0,0,0,0
10.404859,0,0,0,0
10.954806,0,0,0,0
9.460414,0,0,0,0
10.508089,0,0,0,0
10.633135,0,0,0,0
10.391072,0,0,0,0
8.369581,0,0,0,0
11.551046,0,0,0,0
8.000427,0,0,0,0
7.168049,0,0,0,0
10.286368,0,0,0,0
9.866793,0,0,0,0
10.048443,0,0,0,0
7.808205,0,0,0,0
10.032296,0,0,0,0
10.621732,0,0,0,0
8.724195,0,0,0,0
10.166142,0,0,0,0
8.807948,0,0,0,0
10.503702,0,0,0,0
12.242317,0,0,0,0
8.760239,0,0,0,0
12.289953,0,0,0,0
11.929522,0,0,0,0
14.492358,0,0,0,0
11.040419,0,0,0,0
13.224923,0,0,0,0
10.040384,0,0,0,0
12.354150,0,0,0,0
16.636526,0,0,0,0
12.030570,0,0,0,0
18.625948,0,0,0,0
15.597578,0,0,0,0
13.086695,0,0,0,0
18.169817,0,0,0,0
16.907278,0,0,0,0
12.857528,0,0,0,0
19.433212,0,0,0,0
12.865279,0,0,0,0
19.355662,0,0,0,0
11.949253,0,0,0,0
12.569053,0,0,0,0
13.670871,0,0,0,0
12.585816,0,0,0,0
16.431449,0,0,0,0
13.394315,0,0,0,0
11.542156,0,0,0,0
11.992832,0,0,0,0
12.924228,0,0,0,0
13.652939,0,0,0,0
14.356070,0,0,0,0
18.082805,0,0,0,0
15.108441,0,0,0,0
13.989401,0,0,0,0
16.837631,0,0,0,0
15.488886,0,0,0,0
17.981632,0,0,0,0
15.734645,0,0,0,0
12.672386,0,0,0,0
11.514108,0,0,0,0
16.533028,0,0,0,0
14.390926,0,0,0,0
12.776750,0,0,0,0
13.486565,0,0,0,0
17.158377,0,0,0,0
13.996349,0,0,0,0
13.322830,0,0,0,0
13.255944,0,0,0,0
15.583531,0,0,0,0
20.268205,0,0,0,0
13.132482,0,0,0,0
16.669127,0,0,0,0
28.336969,0,0,0,0
19.344060,0,0,0,0
21.551268,0,0,0,0
16.499321,0,0,0,0
21.381442,0,0,0,0
21.354048,0,0,0,0
18.629340,0,0,0,0
20.868152,0,0,0,0
16.417254,0,0,0,0
17.765495,0,0,0,0
13.097763,0,0,0,0
19.297144,0,0,0,0
16.216409,0,0,0,0
19.595515,0,0,0,0
23.837541,0,0,0,0
26.202963,0,0,0,0
18.560776,0,0,0,0
14.315586,0,0,0,0
18.749862,0,0,0,0
24.144950,0,0,0,0
20.287258,0,0,0,0
22.300016,0,0,0,0
25.992916,0,0,0,0
14.913363,0,0,0,0
24.342318,0,0,0,0
17.520892,0,0,0,0
23.174331,0,0,0,0
21.958754,0,0,0,0
19.565705,0,0,0,0
21.746440,0,0,0,0
22.586805,0,0,0,0
19.783332,0,0,0,0
21.319222,0,0,0,0
24.218215,0,0,0,0
18.668314,0,0,0,0
17.593948,0,0,0,0
18.851511,0,0,0,0
20.767815,0,0,0,0
21.465365,0,0,0,0
22.898216,0,0,0,0
23.081206,0,0,0,0
17.816105,0,0,0,0
21.983771,0,0,0,0
23.656354,0,0,0,0
21.796435,0,0,0,0
19.459966,0,0,0,0
22.854291,0,0,0,0
22.171077,0,0,0,0
19.311960,0,0,0,0
21.624037,0,0,0,0
19.150721,0,0,0,0
22.674104,0,0,0,0
17.616316,0,0,0,0
23.955919,0,0,0,0
22.210558,0,0,0,0
21.998799,0,0,0,0
22.442589,0,0,0,0
23.465357,0,0,0,0
19.065850,0,0,0,0
22.579747,0,0,0,0
22.437414,0,0,0,0
21.194656,0,0,0,0
22.226917,0,0,0,0
19.670944,0,0,0,0
21.318627,0,0,0,0
19.662751,0,0,0,0
20.244404,0,0,0,0
20.542982,0,0,0,0
18.216147,0,0,0,0
24.394618,0,0,0,0
22.478608,0,0,0,0
23.059345,0,0,0,0
22.931635,0,0,0,0
21.298556,0,0,0,0
21.409162,0,0,0,0
23.821894,0,0,0,0
21.914250,0,0,0,0
20.586064,0,0,0,0
20.581942,0,0,0,0
21.078363,0,0,0,0
19.851279,0,0,0,0
21.838713,0,0,0,0
22.430085,0,0,0,0
21.582568,0,0,0,0
20.300187,0,0,0,0
18.816138,0,0,0,0
18.546487,0,0,0,0
19.333343,0,0,0,0
20.789066,0,0,0,0
21.013095,0,0,0,0
21.397721,0,0,0,0
20.535126,0,0,0,0
19.501047,0,0,0,0
21.698741,0,0,0,0
20.601667,0,0,0,0
20.838882,0,0,0,0
17.542453,0,0,0,0
13.466462,0,0,0,0
18.512787,0,0,0,0
18.288405,0,0,0,0
15.450153,0,0,0,0
16.831408,0,0,0,0
20.211859,0,0,0,0
15.494970,0,0,0,0
18.943502,0,0,0,0
18.896807,0,0,0,0
21.620145,0,0,0,0
13.964710,0,0,0,0
18.260396,0,0,0,0
16.667775,0,0,0,0
12.873939,0,0,0,0
13.055056,0,0,0,0
20.142640,0,0,0,0
14.160932,0,0,0,0
16.663187,28693,1084597263,1085087196,-1084497512
17.099902,6,-1938334844,1669556892,-536870912
