#Stereo rect[ms], MP culling[ms], MP creation[ms], LBA[ms], KF culling[ms], Total[ms]
9.001703,0.055649,0.621705,0.014529,0.014529,9.704626
9.849332,0.097505,1.295316,0.004448,0.004448,11.250601
10.114424,0.127074,1.653081,0.416646,0.416646,24.747700
10.396380,0.131618,2.255970,0.653962,0.653962,31.907328
10.708353,0.054144,2.787786,0.936238,0.936238,29.741055
11.206633,0.037504,3.425652,1.182802,1.182802,36.429092
11.577326,0.035297,3.965243,1.502454,1.502454,36.645063
11.746481,0.049408,4.890890,1.964253,1.964253,64.912656
12.314266,0.055104,5.633653,2.166465,2.166465,62.699504
12.586398,0.045312,6.656356,61.019542,61.019542,108.853958
12.890274,0.043008,8.526305,2.635687,2.635687,64.328807
9.248908,0.060512,0.701131,0.005472,0.005472,10.020503
9.669105,0.198467,1.807163,0.004704,0.004704,11.683215
10.221370,0.377830,11.061894,0.254596,0.254596,41.446992
11.047975,0.529576,16.274356,0.720747,0.720747,64.054884
11.779633,0.558088,17.130018,0.963758,0.963758,62.873650
11.486989,0.525192,23.890472,0.582313,0.582313,75.007945
11.290890,0.666922,20.673719,1.267156,1.267156,72.048540
11.522573,0.355525,24.532689,1.191602,1.191602,76.685377
8.995399,0.306949,26.311692,1.299859,1.299859,71.949114
13.234344,0.617993,33.848829,62.995507,62.995507,155.084029
13.234375,0.383750,40.680388,1.766011,1.766011,111.909524
13.535884,0.621609,34.599817,1.737402,1.737402,91.797957
12.669855,0.483367,28.094278,1.602425,1.602425,95.501085
10.465246,0.282660,22.531987,1.710010,1.710010,79.983796
12.750271,0.357574,28.243209,1.862780,1.862780,88.369137
13.694574,0.251268,33.300213,2.313123,2.313123,103.705848
14.803134,0.388998,57.752165,2.792842,2.792842,133.669530
10.564159,0.450855,35.397013,2.324035,2.324035,107.559730
11.424140,0.335397,34.690282,2.936620,2.936620,114.761182
14.959649,0.538216,28.207112,3.174160,3.174160,109.041896
8.388766,0.298117,20.233872,3.202672,3.202672,87.881674
10.134200,0.162819,17.087297,4.177055,4.177055,88.970970
13.276200,0.199523,28.577102,3.716856,3.716856,121.854953
16.546905,0.417863,62.736879,4.759016,4.759016,157.724037
18.649369,0.481383,55.696390,4.699750,4.699750,242.456736
10.708289,0.446566,34.359429,4.473795,4.473795,107.682163
8.627714,0.170147,25.255164,4.260128,4.260128,94.033831
8.292189,0.174818,22.247279,4.067229,4.067229,88.289200
15.163268,0.179299,49.204228,3.952443,3.952443,139.191118
14.998497,0.158307,48.141364,3.532821,3.532821,130.067364
13.210983,0.106913,44.107064,3.867450,3.867450,124.132619
9.517391,0.055745,0.656170,0.005536,0.005536,10.238170
9.832148,0.186499,1.312308,0.004768,0.004768,11.339819
10.170233,0.196835,1.711258,0.489992,0.489992,26.618065
10.539903,0.166978,2.273314,0.752555,0.752555,29.146198
10.980582,0.065825,2.866891,1.046224,1.046224,28.610159
11.134728,0.044512,3.314546,1.229202,1.229202,32.115843
11.706512,0.046977,3.858330,1.961053,1.961053,48.540154
11.839826,0.041281,4.477699,2.122560,2.122560,40.575459
12.249784,0.043297,5.655605,2.817738,2.817738,46.303896
12.573918,0.038176,5.784567,81.287719,81.287719,128.483597
13.214023,0.037600,7.168652,2.427236,2.427236,76.069880
9.291276,0.055585,0.645129,0.005632,0.005632,10.001398
9.819443,0.138210,1.237043,0.004480,0.004480,11.202952
10.163289,0.174403,1.735802,0.514152,0.514152,25.970823
10.605375,0.179075,2.259266,0.771595,0.771595,33.023728
10.917381,0.050464,2.902284,0.972847,0.972847,38.981131
11.228457,0.056353,3.172944,1.283763,1.283763,41.042473
11.664496,0.055105,3.772248,1.628793,1.628793,39.788183
11.722544,0.032961,4.328961,2.058463,2.058463,62.778320
12.336314,0.033696,5.031596,2.242626,2.242626,65.660316
12.743776,0.034529,5.950265,49.401863,49.401863,111.036039
13.531916,0.029280,6.590403,2.220513,2.220513,84.556856
9.328332,0.048641,0.546088,0.005472,0.005472,9.935286
9.345420,0.176355,1.199986,0.004160,0.004160,10.729985
9.732371,0.314084,2.218210,0.360614,0.360614,24.494065
10.307707,0.330437,11.532334,0.566536,0.566536,40.413056
10.656001,0.481959,16.122003,0.750443,0.750443,52.577175
11.241065,0.535624,20.563350,0.994607,0.994607,64.860880
11.793682,0.560584,26.746771,1.153234,1.153234,75.801589
12.349306,0.582473,31.208757,1.197074,1.197074,84.298452
12.615294,0.547784,35.838267,0.844141,0.844141,91.768709
13.399530,0.542184,39.912473,68.034496,68.034496,166.356615
13.226503,0.470791,42.138234,1.644760,1.644760,97.367161
13.658413,0.525800,49.117475,1.325684,1.325684,114.271863
14.252118,0.509864,49.536713,1.639897,1.639897,117.132290
14.869248,0.511688,51.703657,1.780954,1.780954,121.598469
10.186105,0.448583,39.308335,1.993694,1.993694,118.771226
16.084626,0.565193,59.276668,2.248290,2.248290,148.624092
16.297941,0.557001,57.554145,2.555686,2.555686,235.661401
16.395415,0.596009,61.939587,3.179728,3.179728,159.791268
14.123605,0.437094,43.231755,3.175728,3.175728,136.978189
17.363781,0.568521,62.057669,3.595094,3.595094,162.789169
17.713835,0.521576,64.095236,3.729336,3.729336,185.330948
16.869150,0.478151,47.913137,4.377698,4.377698,156.240078
12.122775,0.291012,36.850154,4.939658,4.939658,146.445499
11.305642,0.327333,35.078864,3.727192,3.727192,148.278743
11.017958,0.300932,31.295735,5.256431,5.256431,147.101701
11.794482,0.511719,47.649805,6.524354,6.524354,195.042582
15.653771,0.655306,52.434453,4.501092,4.501092,188.632789
9.867093,0.509256,40.869926,5.959482,5.959482,170.152480
16.771356,0.518568,45.717039,4.969386,4.969386,191.838149
17.243748,0.527336,50.225459,5.036331,5.036331,216.796030
17.208995,0.723147,52.597239,5.912824,5.912824,206.190558
17.006528,0.495688,44.767457,6.331487,6.331487,207.361007
14.828383,0.599337,41.155755,4.714279,4.714279,188.527028
13.962738,0.675338,38.195999,6.627972,6.627972,190.601683
13.468330,0.645898,40.031482,7.798261,7.798261,198.495177
11.683312,0.714506,35.622136,4.503748,4.503748,196.004100
14.046483,0.712619,44.608479,4.499588,4.499588,203.959708
12.839041,0.601001,30.407914,5.128878,5.128878,190.367280
13.159718,0.805324,42.792932,8.905286,8.905286,206.860200
11.204553,0.590665,34.250659,7.731188,7.731188,190.568307
10.707169,0.709643,32.664939,3.628566,3.628566,183.210692
10.370108,0.755659,38.619461,4.232576,4.232576,198.065027
11.725169,0.700266,37.815705,3.680375,3.680375,218.967742
12.900898,0.912749,38.356801,5.722710,5.722710,206.465057
13.490411,0.739243,34.587464,5.951161,5.951161,197.861408
14.323576,0.829292,37.852474,6.127389,6.127389,215.419465
12.827041,0.737707,36.326211,6.376192,6.376192,202.952333
13.005476,0.702794,32.945680,5.572820,5.572820,203.871803
10.192441,0.671627,28.649646,4.037405,4.037405,194.727633
8.468831,0.616074,23.069179,8.244284,8.244284,186.678904
14.351351,0.947759,42.105337,4.422435,4.422435,219.985357
10.778978,0.625450,30.936593,6.276223,6.276223,200.872014
9.651185,0.596617,26.719986,7.187372,7.187372,212.210040
13.998898,0.868493,35.553303,7.334607,7.334607,208.421471
9.913589,0.704875,31.302135,5.546195,5.546195,195.014069
12.292633,0.930222,31.435769,6.599907,6.599907,198.044803
12.201175,0.906830,32.146531,6.466113,6.466113,198.794510
11.510478,1.060815,31.240982,5.650741,5.650741,199.218581
9.493775,0.960078,26.530735,4.108638,4.108638,183.296549
11.776913,1.379733,42.184635,6.621796,6.621796,198.098628
12.569629,0.982991,38.530436,6.806950,6.806950,193.715746
13.259687,1.128785,38.286048,6.815302,6.815302,211.434892
10.252699,1.006319,31.725149,6.494881,6.494881,471.842522
6.211933,1.152050,22.550963,1.966877,1.966877,81.881615
10.658432,1.168081,43.578192,3.872474,3.872474,178.950819
10.071512,1.065232,43.387692,4.471524,4.471524,180.724447
9.777683,1.097872,45.895475,4.511428,4.511428,184.733274
9.918261,1.068112,36.976589,4.447939,4.447939,159.595521
7.998456,0.609962,28.368042,4.555397,4.555397,146.963331
5.430258,0.616265,22.798327,4.577125,4.577125,136.248609
10.564351,0.668426,43.202442,3.411923,3.411923,182.433881
11.498893,0.530952,41.778485,4.544676,4.544676,166.597002
6.508738,0.258564,20.331890,6.332384,6.332384,135.428438
12.330457,0.518600,47.368264,5.751575,5.751575,186.414676
12.475772,0.464391,50.629146,5.984602,5.984602,185.287747
12.521724,0.514408,50.234548,5.844792,5.844792,184.173426
13.213543,0.483495,51.433222,5.685525,5.685525,184.373461
14.774366,0.788012,51.555335,3.972636,3.972636,195.803361
11.897427,0.679274,45.843793,6.333408,6.333408,179.685487
12.517980,0.808012,42.089433,6.371711,6.371711,181.724813
12.250744,0.911694,40.053915,6.902567,6.902567,183.576490
12.272857,0.794604,43.743794,5.098732,5.098732,192.852853
12.453852,0.633481,42.305596,6.577603,6.577603,187.037982
11.368427,0.934926,38.997482,6.061179,6.061179,189.844135
12.615453,0.744748,45.153127,9.008520,9.008520,192.067721
14.033235,1.414326,57.815973,10.152121,10.152121,208.188860
13.058308,0.888557,51.785163,10.544254,10.544254,201.685529
13.230727,0.923982,42.143194,9.274955,9.274955,194.674544
13.321544,1.010095,47.369161,12.088854,12.088854,204.785096
13.306856,1.008656,48.437368,9.392429,9.392429,214.908641
8.896998,0.811308,35.392660,12.702111,12.702111,196.982419
8.194619,0.777196,32.267173,8.377022,8.377022,200.241636
7.380047,0.981743,31.755741,9.655858,9.655858,193.586432
7.301134,0.932686,28.695823,12.371226,12.371226,203.255601
6.494626,0.765707,25.468127,12.009621,12.009621,204.226528
7.079915,0.564936,25.100506,11.501485,11.501485,197.313944
13.196454,0.713579,39.218958,9.465390,9.465390,218.140721
11.485549,0.858189,47.435178,9.259947,9.259947,228.295018
10.647393,0.837548,49.962960,13.791503,13.791503,253.416868
10.713761,0.825773,40.275357,10.132440,10.132440,227.714145
8.891078,0.666026,37.246064,12.682335,12.682335,229.347706
10.998341,0.746668,33.328085,12.145431,12.145431,225.144507
10.578591,0.838285,45.093318,8.109850,8.109850,256.167469
8.445151,0.714859,27.164825,8.964839,8.964839,206.904776
9.412430,0.762219,28.477005,9.355213,9.355213,206.196158
11.316842,0.695403,35.037999,11.359179,11.359179,218.795867
15.391208,1.434197,47.409866,13.383689,13.383689,233.654555
15.519465,0.981391,55.912873,11.351370,11.351370,260.179369
14.306647,0.739979,47.518891,13.395273,13.395273,240.161628
9.495535,0.705930,55.681926,13.481323,13.481323,238.049981
16.172339,1.138865,61.294138,18.100593,18.100593,244.185209
16.379255,1.006095,59.148921,18.888924,18.888924,239.894329
13.533835,0.844365,49.230916,17.866253,17.866253,220.996860
17.258275,0.975727,70.709223,15.903247,15.903247,271.421394
17.044992,0.888814,61.586910,16.771388,16.771388,260.615824
14.288503,0.765740,51.630984,13.606189,13.606189,226.488751
15.558122,1.054992,63.653214,12.492187,12.492187,258.091946
10.376188,0.784651,40.098076,16.621274,16.621274,213.247143
13.982578,1.059632,49.989040,16.935775,16.935775,233.290549
15.343847,0.986735,52.572822,14.685756,14.685756,256.582548
8.987431,0.797420,34.864876,12.395194,12.395194,218.211026
9.995607,0.760491,45.358986,12.407994,12.407994,254.569749
10.712001,0.817516,41.330638,12.541341,12.541341,230.128805
17.403110,0.856109,63.977922,15.141796,15.141796,267.695163
12.592190,0.728523,48.806302,14.527355,14.527355,258.124843
10.526878,0.533224,41.072938,13.921873,13.921873,257.303710
10.816195,0.558440,43.211178,15.152164,15.152164,241.200108
17.280516,0.885742,68.215938,15.392456,15.392456,280.253368
15.582251,0.868653,54.329713,13.884817,13.884817,271.881338
11.648655,0.771820,45.197224,20.011149,20.011149,277.849396
10.584031,0.613129,44.049015,21.652293,21.652293,276.626209
9.980822,0.864525,44.265978,22.313808,22.313808,279.759472
10.378908,0.680234,48.665148,19.928876,19.928876,278.844290
10.240634,0.599945,47.921841,20.161711,20.161711,273.918520
16.316758,0.817100,65.458617,26.891924,26.891924,292.194539
10.505342,0.756716,43.500206,25.498848,25.498848,287.489445
10.443485,0.727563,39.947353,25.220604,25.220604,260.401037
13.168838,0.688010,48.532314,23.096603,23.096603,285.321475
20.339026,0.808460,62.003397,23.237661,23.237661,296.133606
10.550014,0.522088,40.895527,27.540638,27.540638,267.083409
14.365912,0.642730,52.981469,21.910410,21.910410,283.995568
10.721697,0.424742,43.426446,30.492331,30.492331,277.168425
14.981442,0.778859,71.117166,29.438395,29.438395,310.636865
10.360476,0.587081,40.288990,23.321342,23.321342,274.530849
11.823698,0.601065,41.445295,23.797446,23.797446,302.907724
11.377196,0.617449,54.612917,29.348025,29.348025,302.876876
10.624160,0.614569,38.646950,35.121073,35.121073,284.430071
12.882754,0.661706,53.731272,26.524783,26.524783,297.835168
23.813286,0.907758,94.434188,30.205126,30.205126,353.052894
24.445743,0.668906,76.257435,26.127209,26.127209,325.466879
23.855271,0.736075,81.873456,30.593996,30.593996,325.617794
11.540654,0.379046,47.319559,27.109528,27.109528,270.576038
13.021796,0.427366,59.871205,29.444379,29.444379,294.057703
23.377600,0.711786,85.467014,23.756677,23.756677,333.441207
22.688758,0.722442,80.208855,25.991143,25.991143,344.105880
18.465974,0.565129,61.051574,25.103290,25.103290,306.191486
20.089231,0.760267,70.700487,20.911899,20.911899,313.618638
14.063540,0.672042,44.767170,23.899495,23.899495,296.907314
11.303370,0.550313,41.083018,24.030505,24.030505,275.953751
10.365948,0.710571,41.916150,26.921973,26.921973,277.628752
15.020930,0.682378,52.808506,25.964967,25.964967,293.864356
17.372166,0.746827,63.246551,17.927502,17.927502,303.010542
12.603966,0.606697,47.603948,17.644714,17.644714,278.327579
9.800532,0.413510,39.594611,14.610651,14.610651,279.718928
17.426118,1.332180,60.638704,18.509494,18.509494,300.251940
16.955551,0.808653,57.273533,14.313464,14.313464,286.560055
17.044448,0.832236,66.330310,15.422472,15.422472,297.709982
17.895470,0.773259,62.085286,15.287334,15.287334,288.911290
18.022415,0.604585,55.201599,14.173781,14.173781,287.355842
18.425333,0.850573,60.000775,17.938574,17.938574,296.415691
15.600586,0.658794,48.284823,20.307409,20.307409,293.953445
18.853148,0.677258,58.282317,19.076319,19.076319,298.675149
18.377589,0.757707,55.277023,18.122673,18.122673,293.244539
15.730157,0.875405,58.804340,16.557337,16.557337,291.028858
16.882814,0.736651,54.266640,24.707188,24.707188,288.660310
12.885506,0.596937,46.432251,26.033096,26.033096,279.448076
9.324044,0.480295,36.210465,19.534597,19.534597,272.028955
16.713307,0.697931,62.180615,18.962333,18.962333,293.205850
16.911486,0.692938,60.471854,19.533862,19.533862,286.254257
13.009795,0.693835,49.138627,20.862970,20.862970,283.759980
9.210123,0.384101,46.439707,27.623872,27.623872,274.037338
8.335133,0.594185,42.349789,24.315438,24.315438,166.204260
14.351064,0.730699,63.983202,27.908004,27.908004,200.335397
10.871171,0.546824,53.967532,22.400209,22.400209,183.998191
12.644063,0.893901,57.300062,33.018193,33.018193,280.120182
18.530903,1.542487,77.169161,20.009261,20.009261,306.750598
18.072208,1.259699,67.017648,23.081659,23.081659,297.172022
16.025617,0.795564,60.348587,21.892234,21.892234,288.740311
8.639714,0.833996,40.846087,21.835272,21.835272,246.488475
10.339516,0.762859,42.324349,16.415703,16.415703,262.247689
14.190422,1.031407,55.758311,20.181072,20.181072,273.459250
14.125461,1.178001,48.024339,10.159033,10.159033,164.973138
13.247047,1.065392,52.246162,10.222810,10.222810,178.505213
12.832353,1.629176,49.333894,8.995719,8.995719,264.895952
8.530720,1.134097,32.493257,8.180475,8.180475,127.042390
10.697217,0.620585,41.467312,13.705358,13.705358,238.488067
8.558017,0.614089,37.690327,11.322154,11.322154,227.283515
7.715252,0.459303,29.383706,7.390992,7.390992,219.630408
8.627649,0.455591,30.029956,13.242215,13.242215,225.346621
8.637410,0.398886,32.541962,13.358505,13.358505,229.504764
9.271404,0.462311,34.016415,15.758573,15.758573,236.806442
18.217138,0.829773,69.163696,15.119940,15.119940,286.380052
19.338435,0.743051,74.294749,13.562860,13.562860,299.316054
20.221136,0.774828,68.833451,15.855759,15.855759,290.512306
21.031741,0.661033,59.090617,10.481342,10.481342,282.465433
20.694999,0.669290,56.220270,15.728044,15.728044,285.966893
20.586198,0.705642,60.538223,14.891744,14.891744,280.645501
21.011676,0.649930,70.977644,15.598282,15.598282,286.943868
20.533557,0.693610,70.403107,15.231909,15.231909,287.799593
22.199918,0.664682,69.666744,16.692347,16.692347,282.133204
24.404399,0.523048,69.910139,11.338410,11.338410,285.582279
19.227201,0.536296,67.159827,15.620331,15.620331,278.519773
17.816556,0.424454,61.987588,13.709935,13.709935,272.109085
27.898787,0.442023,74.728516,11.738705,11.738705,302.510086
29.188983,0.547208,71.251632,14.012722,14.012722,287.300737
30.115109,0.523112,71.716695,18.895772,18.895772,292.896246
31.087508,0.520808,70.585318,16.704220,16.704220,296.257641
14.285399,0.319653,40.150044,16.141779,16.141779,245.881363
29.334073,0.688299,64.551947,17.113921,17.113921,302.639400
19.294242,0.496264,60.265866,18.464726,18.464726,283.056738
19.414468,0.506760,49.594026,21.884617,21.884617,271.565973
26.110089,0.703850,81.189317,17.230211,17.230211,338.049436
26.428430,0.818380,66.050721,20.791897,20.791897,296.299433
25.047225,0.698410,79.584237,15.338375,15.338375,311.476845
16.501048,0.541896,45.120807,17.778027,17.778027,270.504325
21.114974,0.608585,57.406464,13.926002,13.926002,277.934005
10.779778,0.539400,35.644792,15.709996,15.709996,247.810479
13.455211,0.491911,42.629857,13.861552,13.861552,255.880009
19.754473,0.596489,67.222483,13.142950,13.142950,293.399741
12.562301,0.679146,50.858333,13.947314,13.947314,258.925847
13.635405,0.499432,48.203733,16.924190,16.924190,255.557924
13.724879,0.581417,50.918621,13.126406,13.126406,258.657459
14.213814,0.688938,50.055409,11.109127,11.109127,254.290065
9.152426,0.423942,35.097328,16.409367,16.409367,239.215662
17.606377,0.864813,63.251287,10.585407,10.585407,271.254000
13.196167,0.505895,55.857705,13.567693,13.567693,258.179980
14.551579,0.743851,55.102813,11.325386,11.325386,254.996508
13.259623,0.555272,48.832735,8.857445,8.857445,245.040805
8.438655,0.553705,29.275992,10.325531,10.325531,217.049089
14.490298,0.698347,54.437682,12.226168,12.226168,253.352227
10.500350,0.710379,50.218355,14.939904,14.939904,264.261479
8.346270,0.722027,31.593659,11.562221,11.562221,216.474872
13.957330,0.890477,53.985196,12.632062,12.632062,272.125661
14.854624,0.856397,54.257040,12.687007,12.687007,247.625197
12.294777,0.591721,43.608752,8.223196,8.223196,234.133090
15.267845,0.913294,65.774973,14.744701,14.744701,274.767876
9.870068,0.595817,36.039454,10.497854,10.497854,220.773304
14.918241,0.845612,46.221144,8.888646,8.888646,238.859049
15.273318,0.811788,64.724685,14.460281,14.460281,262.894994
8.652418,0.438918,32.626859,9.094889,9.094889,212.361722
16.066162,0.547656,48.013618,10.826178,10.826178,241.638034
16.471544,0.878733,53.206049,9.531439,9.531439,252.414165
11.066918,0.668458,52.426261,15.679116,15.679116,255.246335
9.658769,0.658410,55.057660,14.600092,14.600092,252.278899
12.058646,0.964334,63.720191,13.098405,13.098405,289.711334
17.163746,1.091121,69.575862,16.108435,16.108435,280.596029
17.460967,0.885741,71.481204,12.067126,12.067126,286.445013
18.100112,0.850285,71.819928,16.729180,16.729180,282.781405
15.327110,0.609610,54.996379,16.850110,16.850110,278.220089
11.714224,0.419846,45.463212,16.080594,16.080594,246.430842
15.925231,0.397222,53.985452,18.013231,18.013231,264.760878
23.273534,0.485479,73.000682,15.795662,15.795662,296.345321
11.722512,0.268004,41.311502,22.185038,22.185038,248.114612
16.476696,0.359077,63.140790,17.474951,17.474951,276.499647
16.412375,0.366918,55.989482,20.612758,20.612758,265.819775
18.001518,0.367590,63.596892,15.266821,15.266821,284.616568
27.184697,0.363718,63.342169,17.548488,17.548488,290.292527
19.574246,0.345638,62.922674,14.804415,14.804415,278.780641
29.871361,0.355365,72.454978,17.282948,17.282948,306.851623
18.883644,0.277092,47.139813,16.864990,16.864990,265.095540
31.398808,0.350630,82.538809,16.370646,16.370646,323.910120
23.000474,0.276708,59.317372,17.129185,17.129185,289.242430
31.235702,0.403686,59.580928,17.166754,17.166754,306.040412
17.118306,0.255619,44.191481,17.318917,17.318917,284.861373
31.726141,0.407558,68.270915,16.342550,16.342550,321.394850
18.586200,0.322020,43.934997,19.982732,19.982732,288.109677
16.309750,0.262148,36.643623,15.780141,15.780141,260.755122
19.967085,0.256612,41.579889,23.082779,23.082779,273.878968
16.707771,0.186467,41.648819,26.443694,26.443694,290.198701
16.657722,0.191075,40.050907,26.131049,26.131049,298.536202
18.387765,0.160354,44.364667,19.432005,19.432005,291.046138
17.703786,0.287300,40.857159,26.836403,26.836403,282.343638
17.253092,0.255204,39.284719,27.692832,27.692832,288.196335
35.770874,0.333605,73.140268,26.978998,26.978998,327.163193
18.060592,0.316165,44.829122,24.313646,24.313646,296.353130
16.480152,0.394310,41.837845,28.925811,28.925811,287.906058
15.951152,0.288133,37.527700,25.651361,25.651361,278.186488
15.645419,0.266916,46.167254,30.909297,30.909297,293.625184
30.453098,0.343206,72.344128,32.022050,32.022050,326.816532
16.302069,0.303045,46.591644,32.963312,32.963312,294.782546
17.192674,0.525672,57.411744,32.107683,32.107683,302.537350
18.691769,0.735467,79.329961,43.538031,43.538031,354.386194
13.094661,0.549256,50.663674,24.141419,24.141419,313.256104
19.979756,0.566761,64.590923,31.530427,31.530427,345.652367
13.309224,0.437574,49.665291,27.113752,27.113752,326.616208
18.568215,0.536520,55.973994,30.141413,30.141413,345.997492
13.223303,0.518567,52.293555,24.516113,24.516113,326.674545
22.957818,0.797100,80.088052,22.110508,22.110508,374.974248
16.124691,0.710698,58.569905,25.417982,25.417982,345.963860
11.962548,0.514664,50.688315,26.111368,26.111368,353.110207
12.597502,0.599497,56.295695,31.097555,31.097555,354.098158
13.133382,0.620073,52.173329,23.622723,23.622723,380.759135
24.814517,1.049072,76.323420,23.944520,23.944520,400.595369
13.634925,0.768716,55.643269,27.766209,27.766209,378.781441
23.057850,1.044656,78.701248,24.334990,24.334990,414.115572
12.108438,0.789996,52.258354,40.076474,40.076474,387.697319
11.265834,0.837356,46.204279,21.651910,21.651910,370.690216
11.232361,0.844205,43.073320,31.464633,31.464633,371.001260
10.241850,1.046544,40.503457,28.451020,28.451020,361.331515
18.144017,1.164369,62.817681,17.568777,17.568777,390.781110
11.614127,1.087632,43.946901,26.843668,26.843668,365.433561
13.318088,0.902510,48.221141,25.980967,25.980967,367.539672
19.715656,1.086193,79.495723,31.673756,31.673756,389.762790
16.249973,0.897869,64.565963,30.046531,30.046531,372.008347
25.781796,1.080560,79.799985,33.946239,33.946239,398.731470
19.000126,1.097521,67.578456,33.418262,33.418262,351.969134
25.584225,1.138033,78.775073,34.543752,34.543752,380.495547
18.132144,0.639882,66.621130,31.286103,31.286103,343.489582
13.986131,0.723531,55.530467,34.624969,34.624969,330.662670
13.846640,0.557928,58.623474,25.294493,25.294493,335.969917
10.889059,0.669866,49.355527,34.236259,34.236259,319.706088
11.049638,0.613066,46.994818,34.282755,34.282755,315.565450
11.257930,0.590345,45.106694,32.598634,32.598634,309.871637
13.557484,0.648937,54.119118,28.404203,28.404203,313.850288
11.939411,0.540201,49.405383,25.295325,25.295325,305.485651
17.144066,0.551721,61.732192,35.010318,35.010318,325.773284
12.153303,0.722283,48.367127,29.295545,29.295545,297.925089
15.044450,0.728139,59.743043,29.326266,29.326266,315.516874
23.916168,0.896621,90.314095,37.638070,37.638070,372.640581
23.457025,0.936590,90.526482,35.786715,35.786715,352.322420
14.880064,0.542248,60.278954,33.948319,33.948319,323.921832
20.395155,0.945262,74.297246,33.889982,33.889982,328.431372
12.553789,0.478343,56.296143,33.828445,33.828445,318.363797
21.465410,1.098257,84.651769,26.606929,26.606929,354.980251
20.496084,0.991407,79.578221,36.442980,36.442980,370.240961
18.459381,1.209778,82.974720,29.885377,29.885377,345.903570
15.667948,1.426965,70.622727,28.337994,28.337994,329.160375
16.873534,1.391797,77.659184,30.461610,30.461610,358.265677
17.516008,1.412789,73.413904,54.093549,54.093549,361.051927
12.833537,1.529271,67.840924,29.849761,29.849761,332.702252
9.672369,1.043216,42.352253,20.592438,20.592438,289.221630
12.737535,1.348949,61.630399,25.186587,25.186587,305.761271
12.537213,0.929166,49.225764,22.961977,22.961977,289.147549
17.816140,0.855533,61.451388,24.077355,24.077355,306.885352
12.726015,1.010735,49.616906,25.207163,25.207163,292.294860
11.480173,0.525831,42.381310,25.579360,25.579360,295.303257
27.342395,0.800076,76.419037,21.183487,21.183487,379.343305
28.764240,0.746027,72.892905,25.486847,25.486847,380.295415
26.904181,0.608905,67.753627,29.512252,29.512252,383.761772
22.118029,0.569480,66.215716,26.002695,26.002695,364.709645
30.261735,0.550184,70.703816,24.201164,24.201164,376.837604
22.416529,0.435686,68.907661,22.855352,22.855352,371.359409
19.800074,0.376742,66.775052,23.920680,23.920680,367.964543
32.681739,0.466599,72.231455,27.650880,27.650880,385.055967
34.178467,0.515463,85.135585,24.371598,24.371598,399.711708
34.772875,0.408358,81.354408,18.490743,18.490743,391.628611
30.822895,0.464807,75.147115,17.764235,17.764235,385.766282
18.413525,0.336357,48.419896,17.534440,17.534440,336.096479
23.073435,0.376358,53.974091,26.162217,26.162217,348.154612
22.264943,0.452967,66.952879,25.949766,25.949766,357.922247
16.033105,0.407654,59.102553,28.106918,28.106918,371.217071
15.713868,0.406982,52.299315,32.383943,32.383943,346.028468
30.149093,0.554120,71.737527,32.698027,32.698027,377.984085
17.480711,0.482599,55.780103,26.203050,26.203050,361.324218
19.767209,0.428295,56.511281,19.444197,19.444197,336.156832
13.394601,0.439975,43.017191,22.552019,22.552019,316.751996
11.478604,0.486440,40.091291,24.749716,24.749716,315.209092
15.321414,0.586697,43.008743,16.904798,16.904798,323.598755
13.609869,0.810764,44.738145,19.599174,19.599174,320.362738
15.062531,1.036335,53.769257,28.036486,28.036486,347.066212
11.208937,0.871309,54.885721,23.194269,23.194269,324.243949
11.389196,0.651081,40.334847,18.988798,18.988798,300.180067
8.753540,0.416198,28.717744,24.960983,24.960983,279.392426
9.882421,0.525736,33.281716,25.253755,25.253755,281.071043
10.843971,0.516552,39.265742,21.485060,21.485060,281.501642
9.518287,0.367717,31.214870,24.022985,24.022985,266.278884
10.979973,0.390886,36.499589,23.492514,23.492514,266.592330
10.957765,0.323589,32.405767,13.186823,13.186823,114.714206
10.938148,0.203235,35.658936,20.933083,20.933083,248.590394
7.421039,0.173059,20.928667,17.766795,17.766795,88.522803
11.934708,0.197059,43.713553,8.890886,8.890886,122.630741
11.909171,0.083937,51.114433,13.474923,13.474923,138.621509
10.803298,0.179811,40.871943,15.191045,15.191045,113.043908
7.469104,0.141122,26.894997,13.929009,13.929009,86.385683
8.892582,0.192387,31.398904,11.624750,11.624750,92.973654
12.667615,0.229379,38.252671,13.276327,13.276327,106.013947
7.398351,0.149634,30.597325,13.561004,13.561004,87.969259
9.839508,0.197571,35.761658,12.628542,12.628542,91.751268
8.865990,0.177538,37.051598,15.403528,15.403528,97.753087
9.093577,0.196739,36.804521,12.701695,12.701695,89.293695
9.431598,0.190531,38.650917,11.614991,11.614991,92.392334
8.896806,0.188899,38.810600,10.729954,10.729954,90.325679
10.901892,0.229219,45.429099,10.938788,10.938788,95.720863
8.756963,0.196835,38.740903,10.711201,10.711201,82.989216
11.549198,0.205059,46.040981,13.859889,13.859889,111.258058
7.929175,0.149314,35.626040,15.394439,15.394439,84.276467
8.835876,0.193187,40.820070,13.267560,13.267560,92.825812
8.791908,0.201283,41.273133,11.559310,11.559310,87.451235
9.688978,0.203043,45.275401,12.723487,12.723487,99.602490
8.543265,0.220675,41.505168,11.771633,11.771633,86.935004
11.862610,0.265060,48.335415,13.750383,13.750383,103.409299
11.732624,0.280516,61.740161,15.499817,15.499817,131.559450
12.215960,0.253188,58.159082,12.999716,12.999716,121.113438
