1403638147795097088.000000 -1.604629874 0.525856376 5.244742393 -0.576083779 -0.609335423 -0.370614201 0.399353266
1403638148095097088.000000 -1.605767608 0.554457903 5.279438496 -0.567792892 -0.591922939 -0.390885532 0.417668581
1403638150395097088.000000 -1.845281363 0.961825967 5.628086090 -0.528224826 -0.633255482 -0.380389035 0.418652952
1403638151845096960.000000 -2.631042242 1.361948371 5.673860550 -0.392892510 -0.724535704 -0.275872201 0.494548380
1403638152995097088.000000 -3.568719864 1.620598197 5.805402279 -0.367711514 -0.735787988 -0.256287217 0.507662475
1403638153395097088.000000 -3.961126566 1.709445119 5.882192612 -0.335810483 -0.759687364 -0.228136316 0.507996321
1403638153595097088.000000 -4.167060852 1.759340763 5.912425041 -0.303832203 -0.775596976 -0.221275866 0.507121503
1403638155045096960.000000 -5.815968990 1.868484259 5.981660843 -0.211767375 -0.789144993 -0.174513355 0.549499631
1403638155245096960.000000 -6.026303768 1.813050747 6.028973103 -0.193253413 -0.789991736 -0.161964506 0.558868349
1403638155645096960.000000 -6.429035187 1.641433120 6.052168369 -0.154386237 -0.788464844 -0.132471129 0.580464900
1403638155845096960.000000 -6.608427525 1.521976113 6.033349514 -0.125134498 -0.791402161 -0.099836230 0.589963377
1403638156245096960.000000 -6.906196117 1.253272653 6.022123814 -0.051005814 -0.821382999 -0.028140353 0.567394376
1403638156645096960.000000 -7.199581623 1.012246728 6.039137363 -0.017228723 -0.831298769 0.003419895 0.555548251
1403638156845096960.000000 -7.363337517 0.909259677 6.015023708 -0.016225992 -0.832025230 0.003511379 0.554489315
1403638157045096960.000000 -7.538543701 0.817706347 5.990333557 -0.019981598 -0.833429992 0.000412864 0.552263618
1403638158245096960.000000 -8.848336220 0.324965924 6.081301689 0.080524594 -0.818185627 0.067830682 0.565231860
1403638158495097088.000000 -9.123001099 0.223812252 6.083804607 0.094197012 -0.815930068 0.063889392 0.566836178
1403638158745096960.000000 -9.387871742 0.122562483 6.066206455 0.093237795 -0.814337492 0.062138539 0.569473505
1403638159195097088.000000 -9.853970528 -0.063452408 6.094284534 0.080437116 -0.839306593 0.067237198 0.533454239
1403638159395097088.000000 -10.086296082 -0.139119476 6.112423420 0.075180978 -0.826779604 0.070505999 0.553002834
1403638160045096960.000000 -10.776503563 -0.225535035 6.291603088 0.073443986 -0.792316377 0.075448722 0.600956202
1403638160445096960.000000 -11.056896210 -0.159247071 6.559052944 0.084789500 -0.822818995 0.065932356 0.558061481
1403638160695097088.000000 -11.236172676 -0.118343145 6.728022575 0.084251009 -0.824973047 0.065537028 0.555001140
1403638160945096960.000000 -11.427349091 -0.075114414 6.874296665 0.059832118 -0.808816373 0.073216677 0.580409825
1403638161195097088.000000 -11.598298073 -0.003136024 6.996892452 0.020482589 -0.806793630 0.043728501 0.588856876
1403638161445096960.000000 -11.743699074 0.091080911 7.102804184 -0.027880087 -0.818166375 0.003052336 0.574297190
1403638161845096960.000000 -11.966238976 0.261262685 7.220921040 -0.065500841 -0.821414292 -0.017184215 0.566297531
1403638163445096960.000000 -12.796032906 1.458464026 7.623860359 -0.143060341 -0.801402688 -0.079963900 0.575233221
1403638166095097088.000000 -12.495727539 4.338069439 7.930555344 -0.206161186 -0.788780749 -0.137684539 0.562463820
1403638166595097088.000000 -12.175484657 4.804012775 8.093248367 -0.193200663 -0.797096431 -0.139647320 0.554805815
1403638167045096960.000000 -11.931404114 5.186961174 8.193638802 -0.214023352 -0.813716471 -0.102918051 0.530535161
1403638167445096960.000000 -11.805436134 5.604104996 8.300626755 -0.203688979 -0.814113915 -0.118831523 0.530668020
1403638169045096960.000000 -11.597101212 7.837203026 8.557745934 -0.305524826 -0.778041124 -0.215166941 0.504985034
1403638169245096960.000000 -11.623851776 8.136050224 8.536475182 -0.307698309 -0.765692830 -0.203479037 0.526908338
1403638169445096960.000000 -11.653025627 8.434633255 8.495136261 -0.332488298 -0.740430772 -0.190873966 0.552069783
1403638169645096960.000000 -11.652029991 8.739812851 8.462732315 -0.357449710 -0.722523510 -0.210915834 0.552905083
1403638169845096960.000000 -11.611148834 9.040802956 8.456973076 -0.378106833 -0.715731561 -0.255438268 0.528691769
1403638170645096960.000000 -11.330690384 9.981142998 8.490636826 -0.520191550 -0.608402550 -0.347630978 0.488262057
1403638171045096960.000000 -11.062219620 10.298376083 8.530100822 -0.571365118 -0.558433354 -0.390055329 0.457767397
1403638171545096960.000000 -10.591862679 10.530564308 8.515209198 -0.599065602 -0.519563735 -0.412057757 0.448756516
1403638172045096960.000000 -9.946497917 10.526053429 8.491584778 -0.617708504 -0.482089937 -0.434718937 0.443897545
1403638172295097088.000000 -9.553757668 10.407181740 8.498547554 -0.619675457 -0.482463241 -0.441372991 0.434075385
1403638172695097088.000000 -8.873654366 10.090755463 8.385109901 -0.615733385 -0.479643494 -0.440239012 0.443851620
1403638174045096960.000000 -6.041407108 8.079405785 7.337810516 -0.611713290 -0.522240520 -0.434286177 0.405545533
1403638174345096960.000000 -5.418274403 7.541318893 7.082361221 -0.617584288 -0.530499160 -0.425662965 0.394932270
1403638174545096960.000000 -5.014793396 7.192978859 6.899939537 -0.622459412 -0.535122871 -0.416940510 0.390318304
1403638177395097088.000000 -1.315128684 5.937016010 6.226664543 -0.608582675 -0.556728601 -0.439961433 0.355125844
1403638177845096960.000000 -1.204353452 6.112508297 6.118656158 -0.628294945 -0.526046932 -0.421414673 0.388496846
1403638178095097088.000000 -1.133071303 6.206164837 6.066418648 -0.624408007 -0.512241423 -0.437838256 0.394995064
1403638179245096960.000000 -0.580845296 6.213112831 5.969277859 -0.741815388 -0.383323640 -0.480026692 0.268974483
1403638179495097088.000000 -0.404947490 6.205264091 5.897254944 -0.751308203 -0.351748347 -0.498675197 0.251261324
1403638180245096960.000000 0.184437990 6.183602333 5.771209240 -0.795130253 -0.237864494 -0.527310550 0.182021543
1403638180895097088.000000 0.797585130 6.184387684 5.685059071 -0.800554633 -0.249896020 -0.517355561 0.170315698
1403638181695097088.000000 1.738699198 6.246236324 5.551826954 -0.789451003 -0.168763041 -0.563695788 0.174737930
1403638181945096960.000000 2.033509016 6.186535358 5.533586979 -0.805433333 -0.135848150 -0.564132571 0.120734699
1403638182445096960.000000 2.607932329 6.029989243 5.580131054 -0.830218196 -0.100016482 -0.539664328 0.097452223
1403638182695097088.000000 2.927635193 5.942879200 5.633543968 -0.831825018 -0.116760932 -0.536577225 0.080739960
1403638183445096960.000000 3.992470741 5.755064964 5.737380981 -0.825244665 -0.132089168 -0.542961478 0.081954494
1403638183695097088.000000 4.363446236 5.729922295 5.725019932 -0.824448466 -0.135426566 -0.543978691 0.077663407
1403638184445096960.000000 5.445948601 5.799721718 5.829172134 -0.818883479 -0.131214470 -0.553331256 0.077699631
1403638184945096960.000000 6.133031845 5.952826977 5.869607925 -0.813135386 -0.129109085 -0.562275231 0.077384569
1403638185195097088.000000 6.458478451 6.053768635 5.899809837 -0.813962042 -0.130350098 -0.561022580 0.075684972
1403638185445096960.000000 6.771839142 6.174571991 5.934250355 -0.808678925 -0.141192108 -0.566836059 0.069283724
1403638185945096960.000000 7.320024967 6.510380745 6.006573200 -0.805131495 -0.161417305 -0.555164337 0.132288605
1403638186195097088.000000 7.572443008 6.675903320 6.018307686 -0.806988001 -0.172419384 -0.550387919 0.126945198
1403638186445096960.000000 7.824781895 6.832989693 6.044782639 -0.806403160 -0.177434906 -0.551231146 0.119895779
1403638186945096960.000000 8.309201241 7.171995640 6.095899105 -0.798844397 -0.206553936 -0.554774284 0.106811106
1403638189345096960.000000 8.788932800 8.689234734 6.496732712 -0.716122687 -0.358442694 -0.533994496 0.271177322
1403638189745096960.000000 8.492027283 8.674944878 6.587759018 -0.727091908 -0.401795834 -0.482616872 0.277450025
1403638190545096960.000000 8.047102928 8.781440735 6.626143456 -0.684781849 -0.425424159 -0.523780525 0.275212944
1403638192395097088.000000 6.439855576 9.045470238 6.747841358 -0.693489134 -0.430638582 -0.496320784 0.295447081
1403638192795097088.000000 6.045598507 9.170550346 6.900304317 -0.679053128 -0.416226387 -0.516279876 0.314797759
1403638192995097088.000000 5.836139679 9.202243805 6.956056118 -0.669760644 -0.396669418 -0.525932372 0.342737734
1403638193395097088.000000 5.411364079 9.110520363 7.098328590 -0.665647328 -0.429818302 -0.506641746 0.339829415
1403638193795097088.000000 4.980179310 8.872052193 7.267743587 -0.672710657 -0.447809577 -0.487843513 0.330054283
1403638194145096960.000000 4.603186131 8.619535446 7.339195251 -0.674991310 -0.448057830 -0.486129224 0.327580959
1403638196795097088.000000 2.649472237 7.659649372 7.357297421 -0.702901244 -0.457609832 -0.451341718 0.304653585
1403638197845096960.000000 2.361903191 8.035284042 7.502903461 -0.674604118 -0.452592939 -0.491600901 0.313683838
1403638198245096960.000000 2.194412708 8.165370941 7.504376888 -0.671976566 -0.442818165 -0.494123518 0.328940153
1403638198495097088.000000 2.075493574 8.210643768 7.410573959 -0.673604965 -0.452753723 -0.491683096 0.315464973
1403638199345096960.000000 1.292598009 8.320092201 7.247072697 -0.650730610 -0.466434330 -0.521145880 0.295627832
1403638199745096960.000000 0.623824894 8.356085777 7.375502110 -0.648790419 -0.481029034 -0.509075522 0.297530234
1403638199945096960.000000 0.234110028 8.372132301 7.445354462 -0.656064332 -0.481154799 -0.485980898 0.319205582
1403638200145096960.000000 -0.165081248 8.387348175 7.496087551 -0.644762218 -0.495551765 -0.480737448 0.328027099
1403638200345096960.000000 -0.576585293 8.398934364 7.553889751 -0.616711736 -0.513913214 -0.483305037 0.349250823
1403638200745096960.000000 -1.465625405 8.393612862 7.744711876 -0.573108494 -0.565336287 -0.475437582 0.354824871
1403638200945096960.000000 -1.955495238 8.373699188 7.841619492 -0.572073996 -0.574655831 -0.458142191 0.364153683
1403638201345096960.000000 -2.987015724 8.318052292 7.949702740 -0.583265483 -0.563800514 -0.440586269 0.384466082
1403638201545096960.000000 -3.503768921 8.284264565 7.959629536 -0.583217263 -0.561132371 -0.445226014 0.383095175
1403638201745096960.000000 -4.020746708 8.244721413 7.939392567 -0.583923578 -0.557431519 -0.448320210 0.383812875
1403638202145096960.000000 -5.060564995 8.120879173 7.849586010 -0.582481563 -0.564802647 -0.431163132 0.394729763
1403638202345096960.000000 -5.573436260 8.039280891 7.829263687 -0.586760998 -0.570047438 -0.412913531 0.400324821
1403638202545096960.000000 -6.068670750 7.965932846 7.810725689 -0.586918414 -0.573089302 -0.407486856 0.401310265
1403638202745096960.000000 -6.543525219 7.901962280 7.765407562 -0.588810265 -0.573198557 -0.404543996 0.401360124
1403638203345096960.000000 -7.842120647 7.731301308 7.640457153 -0.581909537 -0.566653013 -0.417069227 0.407846779
1403638203545096960.000000 -8.238048553 7.667713165 7.616114140 -0.582826257 -0.564439893 -0.415253550 0.411443323
1403638203945096960.000000 -8.967674255 7.521152020 7.593374252 -0.582987428 -0.565889955 -0.413373917 0.411116034
1403638204145096960.000000 -9.302120209 7.435716152 7.619632721 -0.585907757 -0.568213940 -0.406283855 0.410826534
1403638204345096960.000000 -9.615328789 7.350127697 7.670808315 -0.599945843 -0.564765513 -0.385563463 0.415265858
1403638204595097088.000000 -9.957332611 7.259751320 7.735096455 -0.607684612 -0.560487211 -0.375207365 0.419276744
1403638204845096960.000000 -10.242411613 7.190721989 7.761261463 -0.580179513 -0.585679650 -0.380874604 0.418695271
1403638205095097088.000000 -10.503954887 7.133701801 7.748023510 -0.519448996 -0.635693789 -0.369320899 0.435509354
1403638205345096960.000000 -10.773152351 7.075991154 7.742330551 -0.438434750 -0.690037251 -0.318628490 0.479686916
1403638205845096960.000000 -11.313159943 6.901211262 7.870076656 -0.301649272 -0.743484259 -0.286809027 0.523430526
1403638206095097088.000000 -11.609206200 6.724047661 7.982841015 -0.263216168 -0.762036026 -0.245527342 0.538270116
1403638206345096960.000000 -11.911306381 6.489143848 8.106929779 -0.226331726 -0.771279991 -0.203895196 0.558862984
1403638206595097088.000000 -12.194842339 6.220526695 8.192477226 -0.215339690 -0.769977927 -0.176942319 0.573981106
1403638206845096960.000000 -12.442588806 5.928685665 8.234079361 -0.201263562 -0.773326397 -0.161496848 0.579118371
1403638207095097088.000000 -12.651576996 5.623815536 8.237071037 -0.191941515 -0.769704700 -0.153726235 0.589136183
1403638207345096960.000000 -12.813468933 5.304721832 8.192770958 -0.179603353 -0.769220829 -0.142603934 0.596411109
1403638207595097088.000000 -12.920534134 4.964191914 8.138849258 -0.141641468 -0.777720630 -0.115467176 0.601461411
1403638207845096960.000000 -12.964644432 4.617143154 8.123624802 -0.126689672 -0.796579301 -0.083160900 0.585231185
1403638208095097088.000000 -12.978183746 4.292796135 8.149407387 -0.123047464 -0.803195477 -0.076418474 0.577837884
1403638208345096960.000000 -12.969904900 3.991476297 8.148729324 -0.125018790 -0.798132777 -0.078652196 0.584096014
1403638208595097088.000000 -12.939670563 3.705548525 8.121369362 -0.116622970 -0.805828214 -0.072150409 0.576050758
1403638208845096960.000000 -12.894162178 3.437128067 8.130395889 -0.096137047 -0.806933165 -0.053729475 0.580284178
1403638209145096960.000000 -12.819967270 3.143595219 8.124262810 -0.081883788 -0.807304800 -0.046776254 0.582551301
1403638209445096960.000000 -12.724061966 2.875706673 8.059447289 -0.081895150 -0.808110118 -0.041057948 0.581863940
1403638209745096960.000000 -12.615051270 2.638441086 7.902153969 -0.084240340 -0.805538297 -0.041286435 0.585070193
1403638210045096960.000000 -12.486906052 2.426012754 7.616322041 -0.078679413 -0.797781765 -0.051471438 0.595570862
1403638210295097088.000000 -12.346983910 2.257919788 7.387572289 -0.079256974 -0.790657222 -0.050922994 0.604968131
1403638210545096960.000000 -12.157270432 2.094530582 7.170130730 -0.080192700 -0.790744662 -0.050744060 0.604745626
1403638210895097088.000000 -11.819256783 1.875450492 6.845307827 -0.084306628 -0.791441262 -0.046797343 0.603591859
1403638211195097088.000000 -11.466311455 1.704825759 6.631674767 -0.087146871 -0.801224291 -0.041165590 0.590551078
1403638211445096960.000000 -11.160098076 1.586573839 6.497110844 -0.097653292 -0.802357554 -0.048047189 0.586837053
1403638211695097088.000000 -10.836298943 1.490441084 6.339588642 -0.139137641 -0.795276046 -0.069032423 0.586013079
1403638211945096960.000000 -10.496274948 1.421793699 6.168362617 -0.202937499 -0.784006417 -0.098762974 0.578270137
1403638212195097088.000000 -10.139787674 1.389494300 6.040202141 -0.254795581 -0.769611955 -0.141618297 0.568085372
1403638212445096960.000000 -9.764350891 1.380372524 5.964713573 -0.303310990 -0.752915025 -0.183806464 0.554379582
1403638212745096960.000000 -9.287665367 1.384048462 5.938334942 -0.364503443 -0.727687359 -0.226049215 0.535266399
1403638213045096960.000000 -8.784828186 1.396798730 5.968058109 -0.430485129 -0.692652464 -0.270452231 0.511635423
1403638213295097088.000000 -8.350741386 1.418420792 6.001904488 -0.497668058 -0.659471095 -0.290467232 0.482755840
1403638213545096960.000000 -7.897912502 1.468120217 5.998992920 -0.563103676 -0.619030118 -0.302121520 0.456550747
1403638213795097088.000000 -7.413214207 1.558526874 5.993895054 -0.562592089 -0.595297217 -0.362793624 0.444401056
1403638214045096960.000000 -6.924517155 1.657350302 6.022428513 -0.562115669 -0.595859051 -0.375647098 0.433436573
1403638214295097088.000000 -6.449006557 1.757800698 6.073232651 -0.567663193 -0.611926556 -0.359323949 0.417361617
1403638216995097088.000000 -2.549299002 2.704296350 5.714767456 -0.548876882 -0.591993332 -0.406580091 0.427750736
1403638219945096960.000000 -1.780895710 2.040313244 5.680721760 -0.614070952 -0.530362427 -0.415591210 0.410994589
1403638220945096960.000000 -1.703214049 1.487065196 5.682038784 -0.609287739 -0.546002507 -0.430290014 0.381444931
1403638221245096960.000000 -1.703806639 1.330990911 5.645734310 -0.613017380 -0.546533763 -0.427501857 0.377826393
1403638221745096960.000000 -1.718311071 1.097277284 5.622850895 -0.618685424 -0.539232314 -0.422101021 0.385081321
1403638222245096960.000000 -1.715428472 0.894518197 5.642623425 -0.616688311 -0.547381461 -0.423726559 0.374866575
1403638222745096960.000000 -1.721596599 0.749050915 5.608111382 -0.615339577 -0.543955266 -0.425867260 0.379614294
1403638223195097088.000000 -1.737274170 0.645876229 5.551070690 -0.616263151 -0.544102550 -0.423928887 0.380074203
1403638223495097088.000000 -1.749097943 0.573087454 5.536417484 -0.627198756 -0.535436749 -0.408566773 0.391155154
1403638223795097088.000000 -1.730348349 0.516108632 5.506585121 -0.616022885 -0.543119550 -0.425749332 0.379834890
1403638224095097088.000000 -1.711392760 0.465128601 5.463956833 -0.614573956 -0.551100791 -0.427191198 0.368909717
1403638224395097088.000000 -1.713190913 0.437599838 5.419696331 -0.617447317 -0.547964871 -0.423502982 0.373012811
1403638224645096960.000000 -1.723628759 0.431267321 5.388401031 -0.612914503 -0.541061163 -0.429683685 0.383354455
1403638224945096960.000000 -1.741176605 0.426457912 5.365128994 -0.621001601 -0.541680515 -0.417641193 0.382773012
1403638225245096960.000000 -1.749277234 0.435847163 5.373144627 -0.617117345 -0.544353485 -0.420338660 0.382310152
1403638225545096960.000000 -1.749806881 0.450369358 5.376724243 -0.605882287 -0.540160716 -0.435847014 0.388806552
1403638225845096960.000000 -1.758912444 0.447622180 5.313270092 -0.607064605 -0.543630183 -0.433896750 0.384281665
1403638226145096960.000000 -1.784516811 0.447202206 5.260783195 -0.630767167 -0.547686696 -0.394213885 0.383102387
1403638226395097088.000000 -1.795617580 0.457217366 5.258089066 -0.618524432 -0.559704781 -0.411715299 0.366945118
1403638226895097088.000000 -1.783851385 0.466681480 5.289633274 -0.619773209 -0.558773279 -0.411327749 0.366692007
1403638227095097088.000000 -1.779910803 0.469870985 5.300521374 -0.620565116 -0.558331788 -0.410285592 0.367192596
1403638227595097088.000000 -1.770706892 0.481274903 5.323452950 -0.620544791 -0.558960974 -0.409883887 0.366717964
1403638228095097088.000000 -1.762125850 0.500602007 5.341344357 -0.620854914 -0.559227645 -0.409272909 0.366468728
1403638228595097088.000000 -1.750485778 0.532705009 5.353679657 -0.621174693 -0.559323967 -0.408633471 0.366493434
