1403636859051666432.000000 -0.948236287 0.511676431 1.289733291 -0.565447688 -0.584676921 -0.385469705 0.435700417
1403636861551666432.000000 -0.875481844 0.521475971 1.675420284 -0.572981596 -0.565557003 -0.426236808 0.412504196
1403636864301666560.000000 -0.875945985 0.509317994 1.593514323 -0.606696010 -0.594288826 -0.384371012 0.361938864
1403636866201666560.000000 -0.898306370 0.524758220 1.762168407 -0.583494902 -0.549273193 -0.428210139 0.417694569
1403636868901666560.000000 -0.923538208 0.383281410 1.500711918 -0.681127846 -0.640399098 -0.251879841 0.250021011
1403636871151666432.000000 -0.452468991 0.480135858 1.477735877 -0.716370881 -0.589995265 -0.280723602 0.244770527
1403636873851666432.000000 -0.501133204 0.485671520 1.456847072 -0.718195975 -0.599901497 -0.260625213 0.237460032
1403636876051666432.000000 -0.888412356 0.257193804 1.428418279 -0.796510875 -0.469293654 -0.297137231 0.238837600
1403636876251666432.000000 -0.793287694 0.223654777 1.438826561 -0.813439846 -0.430062562 -0.324933201 0.218587011
1403636876501666560.000000 -0.651729226 0.261826277 1.438039660 -0.827054560 -0.408733457 -0.334406525 0.192587480
1403636876701666560.000000 -0.550083339 0.352617085 1.444411039 -0.810875058 -0.420507699 -0.356446505 0.196470842
1403636878601666560.000000 -0.784620285 0.287012190 1.409266949 -0.757736981 -0.527504086 -0.294892102 0.246196657
1403636878751666432.000000 -0.690040171 0.300823897 1.423102736 -0.768475175 -0.505848527 -0.317802757 0.229269639
1403636878901666560.000000 -0.606360376 0.338027596 1.435454607 -0.772917688 -0.492809087 -0.330887467 0.224167034
1403636879051666432.000000 -0.542821229 0.390241325 1.442425609 -0.775401771 -0.490095735 -0.329755515 0.223202780
1403636881151666432.000000 -0.966624379 0.222153530 1.527716398 -0.705435097 -0.561886549 -0.321229309 0.288888544
1403636881351666432.000000 -1.016899943 0.281832218 1.531472802 -0.672820151 -0.593089163 -0.308113456 0.317213565
1403636882601666560.000000 -0.699394464 0.502106309 1.432789564 -0.651405334 -0.593021393 -0.340818912 0.328388870
1403636885301666560.000000 -0.820875406 0.662756145 1.247390628 -0.481842041 -0.637248933 -0.346960843 0.491284251
1403636887801666560.000000 -0.821076334 0.662858129 1.247666478 -0.481390119 -0.638124526 -0.347938716 0.489897192
1403636890401666560.000000 -0.820977032 0.662805974 1.247519612 -0.481819093 -0.637613952 -0.347393036 0.490527123
1403636893201666560.000000 -0.816512704 0.667065263 1.229672074 -0.480790257 -0.636342525 -0.347764313 0.492918760
1403636895801666560.000000 -0.813143671 0.661729574 1.244530678 -0.482109070 -0.636244655 -0.345506489 0.493344635
1403636898551666432.000000 -0.719200134 0.610419750 1.396126032 -0.483099252 -0.670619190 -0.340950638 0.447925895
1403636901001666560.000000 -0.439092219 1.061263442 1.690842152 -0.565595388 -0.603433549 -0.373630762 0.419964164
1403636903651666432.000000 0.642795622 1.826998115 1.680962682 -0.550822437 -0.613151252 -0.389359146 0.411144227
1403636905801666560.000000 1.470780611 2.526298046 1.958976626 -0.549346805 -0.618127346 -0.390704662 0.404334724
1403636907601666560.000000 1.734963894 3.364033937 1.919669867 -0.551121593 -0.622625351 -0.362794578 0.420693129
1403636909251666432.000000 2.078349352 4.509936333 2.082656145 -0.538742363 -0.635719776 -0.356487840 0.422532320
1403636910601666560.000000 2.357507467 5.572539806 1.906592965 -0.527536094 -0.631102920 -0.375848323 0.426793784
1403636910901666560.000000 2.382930994 5.775305271 1.874554753 -0.530029655 -0.630225241 -0.371091276 0.429157227
1403636912951666432.000000 2.657413244 6.965503693 1.800091505 -0.540251136 -0.615993857 -0.368051976 0.439565718
1403636913701666560.000000 2.929883242 7.351451874 1.711596847 -0.535152674 -0.620893657 -0.374996603 0.432989895
1403636915451666432.000000 3.583372593 8.069465637 1.747804523 -0.543498278 -0.631866872 -0.371218443 0.409329623
1403636918201666560.000000 4.213111877 8.894891739 1.634167075 -0.623610735 -0.525928080 -0.457279742 0.354125172
1403636920751666432.000000 4.454698086 9.010326385 2.009342909 -0.643833876 -0.508341789 -0.460173756 0.339568645
1403636923501666560.000000 4.753929615 8.470007896 1.799664259 -0.709606409 -0.427813947 -0.483068079 0.282982826
1403636925601666560.000000 5.339387417 8.904367447 1.538647532 -0.731578052 -0.411832601 -0.483111113 0.248578236
1403636928451666432.000000 6.822845936 9.960188866 1.338622928 -0.760715961 -0.290105790 -0.542724431 0.206398159
1403636931201666560.000000 8.271810532 10.506141663 1.533402681 -0.763903141 -0.263002187 -0.550881207 0.209312424
1403636933701666560.000000 7.926686764 9.704064369 1.701616406 -0.804069281 -0.183128268 -0.553085327 0.118462473
1403636936451666432.000000 6.947942257 8.733234406 1.687987685 -0.822746456 -0.021721430 -0.567768633 0.015980847
1403636939401666560.000000 6.525157452 7.745965481 1.502811790 0.815187335 -0.017869782 0.578866065 0.008029473
1403636939901666560.000000 6.327366352 7.481524944 1.507538319 0.804524720 -0.011824007 0.593791723 0.003427818
1403636941501666560.000000 5.412611961 6.482969761 1.540547132 0.815404475 -0.038766399 0.576836467 0.029539147
1403636942201666560.000000 5.055475235 6.072509289 1.595811486 0.817293882 -0.034538738 0.574894786 0.018270427
1403636945101666560.000000 3.958449125 4.458633900 1.493594289 -0.811850965 -0.009109692 -0.583736658 -0.008167480
1403636947951666432.000000 3.529739380 4.301101685 0.978381276 -0.828758895 0.000482149 -0.558371544 -0.037145626
1403636948701666560.000000 3.827921629 4.327026367 0.808949947 -0.819602370 -0.031631775 -0.569270015 -0.056417830
1403636948951666432.000000 3.951371670 4.435587883 0.775428474 -0.813177049 -0.007205989 -0.581838787 -0.012447346
1403636950001666560.000000 4.276568413 4.887734413 0.647812784 -0.828500748 -0.000881923 -0.559914351 0.009039764
1403636950301666560.000000 4.368031502 4.967593670 0.652499557 -0.831663609 -0.004030181 -0.555265009 0.000620340
1403636952901666560.000000 5.513655186 5.854836464 0.487256348 -0.818070054 -0.011597352 -0.574993610 -0.003058054
1403636953651666432.000000 5.831722260 6.101382732 0.322067499 -0.822155654 -0.014931329 -0.569053471 -0.003915412
1403636955751666432.000000 7.037054062 7.207629681 0.309784174 0.816538632 -0.019548384 0.576137424 0.030793030
1403636956151666432.000000 7.245547295 7.496346951 0.324629456 0.816091299 -0.044758074 0.576166272 0.004920409
1403636956451666432.000000 7.385433674 7.675868034 0.327025712 0.815972686 -0.035240483 0.576428175 0.026023485
1403636957001666560.000000 7.600409031 7.974378109 0.264710963 -0.811640084 -0.040935699 -0.580759168 0.047785439
1403636959701666560.000000 8.043308258 8.723034859 0.113099866 -0.751292825 -0.319360077 -0.537465930 0.211420357
1403636960801666560.000000 8.071420670 9.072859764 0.064603344 -0.743169844 -0.335288256 -0.536102295 0.218803123
1403636963701666560.000000 7.111934185 9.645743370 0.391547889 -0.529734671 -0.618590117 -0.386483938 0.432848424
1403636964101666560.000000 6.907085419 9.572527885 0.480260789 -0.532377899 -0.613662958 -0.393779099 0.430034488
1403636964401666560.000000 6.745729923 9.498037338 0.545348823 -0.528523862 -0.614986897 -0.396706909 0.430206120
1403636966301666560.000000 5.184266567 8.685536385 1.033543587 -0.439185500 -0.683833063 -0.335367262 0.476463288
1403636966801666560.000000 4.808929443 8.454907417 1.019437551 -0.453821570 -0.671426594 -0.329981565 0.484091491
1403636967301666560.000000 4.529380322 8.167331696 1.008584023 -0.453623354 -0.671636820 -0.338990778 0.477718741
1403636968301666560.000000 4.119621754 7.380732536 0.812264085 -0.454345405 -0.667935610 -0.342451185 0.479749322
1403636968801666560.000000 3.961858273 6.867653370 0.735787928 -0.448892146 -0.671559989 -0.350625694 0.473882616
1403636969501666560.000000 3.708271742 6.097507954 0.830660880 -0.468850851 -0.680284917 -0.327815294 0.458179653
1403636969801666560.000000 3.596757412 5.810277939 0.849065423 -0.469466567 -0.680417299 -0.330312699 0.455551237
1403636970101666560.000000 3.481790543 5.567300320 0.825219214 -0.465330988 -0.671641827 -0.335522056 0.468816906
1403636972401666560.000000 2.706807852 4.525879860 0.674720049 -0.469778389 -0.674680591 -0.314017802 0.474876076
1403636973351666432.000000 2.742672443 4.425055981 0.710182846 -0.493034810 -0.657810211 -0.344407737 0.453415602
1403636976101666560.000000 2.867498636 4.338118553 0.511433661 -0.688649833 -0.447239429 -0.477428108 0.312731087
1403636978451666432.000000 3.661720991 4.236954689 0.171703249 -0.753652453 -0.333867997 -0.520568430 0.222595379
1403636978951666432.000000 3.921002626 4.237072468 0.169543281 -0.761505365 -0.335896760 -0.511328220 0.214071199
1403636979251666432.000000 4.095656872 4.288231373 0.113195255 -0.748471379 -0.330737859 -0.529851198 0.222847104
1403636979551666432.000000 4.254338264 4.353500366 0.063717216 -0.762721598 -0.336786360 -0.509121537 0.213602662
1403636980451666432.000000 4.762977600 4.780548096 0.050167046 -0.748879671 -0.318197966 -0.537988663 0.220221639
1403636981601666560.000000 5.252055168 5.321037292 -0.070008248 -0.754554808 -0.316117913 -0.530988276 0.220834434
1403636982101666560.000000 5.444561481 5.533528328 -0.064057261 -0.775797427 -0.322241038 -0.506779552 0.193580791
1403636982351666432.000000 5.555499077 5.673283100 -0.057624798 -0.779824138 -0.310633779 -0.501870692 0.208582640
1403636984001666560.000000 6.600434780 6.762250423 -0.048845179 -0.767936230 -0.319498599 -0.519806266 0.194925949
1403636986801666560.000000 7.371947289 9.131484032 -0.155758038 -0.745491862 -0.332651168 -0.526726127 0.236948967
1403636989651666432.000000 6.479695320 9.265925407 0.277198434 -0.741046727 -0.337049007 -0.529891312 0.237619326
1403636991351666432.000000 5.705297947 7.760340691 0.390742689 -0.739431381 -0.350312889 -0.526150703 0.231705680
1403636991901666560.000000 5.431889534 7.385492325 0.470439613 -0.750867903 -0.329581231 -0.518555582 0.242226720
1403636992801666560.000000 5.079956055 6.800487518 0.544977069 -0.751403272 -0.330171824 -0.530377448 0.212318927
1403636993301666560.000000 4.879151344 6.559634209 0.578617334 -0.741205931 -0.332834929 -0.534417152 0.232879713
1403636993701666560.000000 4.695719719 6.378362179 0.670591712 -0.714576066 -0.388914675 -0.514359057 0.271221757
1403636994701666560.000000 4.188890934 5.824609756 0.680366755 -0.696231067 -0.401934773 -0.515081286 0.297324866
1403636995101666560.000000 3.946444988 5.549489975 0.712351561 -0.704725981 -0.396858484 -0.505468249 0.300610423
1403636997901666560.000000 2.627490997 3.481372595 1.041450143 -0.631358147 -0.536324799 -0.434710085 0.353227764
1403636998201666560.000000 2.538077831 3.399970055 1.168406367 -0.635153055 -0.531671584 -0.436959684 0.350673795
1403636999201666560.000000 2.316386223 3.261970282 1.451685429 -0.618974388 -0.522954226 -0.469065756 0.351236284
1403637000101666560.000000 1.964584708 3.060354471 1.448800206 -0.622570038 -0.517316520 -0.469050974 0.353244245
1403637001051666432.000000 1.486508727 2.692397356 1.503102422 -0.626446664 -0.513194680 -0.465408623 0.357198238
1403637001551666432.000000 1.198145509 2.441643715 1.556605816 -0.635052443 -0.511014581 -0.457113117 0.355837256
1403637002551666432.000000 0.675644636 1.894255519 1.546991467 -0.634546161 -0.515166998 -0.461151838 0.345388472
1403637003401666560.000000 0.233927861 1.542105079 1.517489672 -0.639579058 -0.504248857 -0.464217693 0.348099977
1403637003751666432.000000 0.054095905 1.399260402 1.547855139 -0.641699433 -0.500833094 -0.463893443 0.349558234
1403637004051666432.000000 -0.093209863 1.263861418 1.560185671 -0.643947184 -0.510386944 -0.456738114 0.340921521
1403637004301666560.000000 -0.211799115 1.150632143 1.535529256 -0.643297851 -0.513817549 -0.453850538 0.340850681
1403637004651666432.000000 -0.374380171 1.033529878 1.594019294 -0.643328667 -0.500270307 -0.458944917 0.353874773
1403637005001666560.000000 -0.511266232 0.908415854 1.611659884 -0.658917010 -0.491947681 -0.446185291 0.353177696
1403637005401666560.000000 -0.602163911 0.769340873 1.515917420 -0.652491808 -0.500215352 -0.456992209 0.339407235
1403637005701666560.000000 -0.659727275 0.695741057 1.451886892 -0.650561750 -0.502621531 -0.453216821 0.344580442
1403637006201666560.000000 -0.750180483 0.608485997 1.489046335 -0.645218194 -0.502295554 -0.458110332 0.348608017
1403637006551666432.000000 -0.799412966 0.559314489 1.484219670 -0.659110010 -0.503446221 -0.436422646 0.348785311
1403637007051666432.000000 -0.816425025 0.545509696 1.449929357 -0.602551162 -0.552791893 -0.426468492 0.386623800
1403637007501666560.000000 -0.816348612 0.522344947 1.411581159 -0.566663802 -0.580198288 -0.423458695 0.403664321
1403637007801666560.000000 -0.833381593 0.496400088 1.362914324 -0.579345226 -0.590704441 -0.407342404 0.386651933
1403637008051666432.000000 -0.857169032 0.494311899 1.327233315 -0.577394485 -0.573368251 -0.416553050 0.405398726
1403637008351666432.000000 -0.883518934 0.492816448 1.282571554 -0.590641379 -0.585004091 -0.407650739 0.377801567
1403637008701666560.000000 -0.918450713 0.531338453 1.243305326 -0.588630259 -0.563192666 -0.419242293 0.400704890
1403637009001666560.000000 -0.942862630 0.567623675 1.189430356 -0.605276465 -0.556239128 -0.399941474 0.405321389
1403637009201666560.000000 -0.932993591 0.596703708 1.144190788 -0.593976617 -0.565224171 -0.419029593 0.390035510
1403637009601666560.000000 -0.933716059 0.622822523 1.249258757 -0.559328496 -0.542676806 -0.410595149 0.473355293
1403637009951666432.000000 -0.898418248 0.561378479 1.249305129 -0.563381195 -0.524344862 -0.417714745 0.482885689
1403637010151666432.000000 -0.852205932 0.496537894 1.216066480 -0.562029421 -0.524895132 -0.417869836 0.483727992
1403637010401666560.000000 -0.769791186 0.372087449 1.183739781 -0.561525822 -0.525644362 -0.417575479 0.483753592
1403637010601666560.000000 -0.678180993 0.238838241 1.160538435 -0.561176240 -0.526134789 -0.417057276 0.484072983
