1403638147795097088.000000 -0.000000058 0.000000015 0.000000075 0.000000015 -0.000000002 -0.000000011 1.000000000
1403638147945096960.000000 0.011325820 0.000847819 0.004728159 -0.004650760 0.018675877 0.002494454 0.999811709
1403638148045096960.000000 0.028273415 0.000994827 0.008571440 -0.005285955 0.028662952 0.003240674 0.999569952
1403638148245096960.000000 0.100999713 -0.000008441 0.003513555 -0.002154048 0.037400682 -0.000422591 0.999298036
1403638148495097088.000000 0.190121457 0.005341531 -0.010593995 0.004037638 0.033640221 -0.006459147 0.999405026
1403638148745096960.000000 0.204758823 0.000488083 0.009625249 0.008265369 0.018152824 -0.010653017 0.999744356
1403638148995097088.000000 0.258933127 -0.023566481 0.040903371 0.012427278 0.017119862 -0.011678153 0.999708056
1403638149245096960.000000 0.378499389 -0.036592145 0.054320961 0.015820056 0.028187275 -0.011845335 0.999407291
1403638149295097088.000000 0.357633799 -0.041283872 0.064482220 0.016285902 0.031665474 -0.009575565 0.999319971
1403638149445096960.000000 0.410895765 -0.040395830 0.080476932 0.018104102 0.034729872 -0.008254910 0.999198675
1403638149495097088.000000 0.429166645 -0.047656726 0.088351898 0.017807176 0.035336111 -0.009283474 0.999173701
1403638149745096960.000000 0.481394351 -0.094034083 0.123695366 0.024957096 0.036331393 -0.015312878 0.998910844
1403638149895097088.000000 0.493670613 -0.098507039 0.152662396 0.033406422 0.036842007 -0.017168676 0.998615086
1403638150045096960.000000 0.525302231 -0.135740951 0.176652983 0.034651909 0.035446554 -0.025529839 0.998444319
1403638150195097088.000000 0.527723610 -0.135565847 0.203283429 0.033497021 0.035181969 -0.038215548 0.998088062
1403638150345096960.000000 0.520660222 -0.195856199 0.243028402 0.031230263 0.029997429 -0.042743240 0.998147249
1403638150495097088.000000 0.507928193 -0.226169169 0.276917100 0.044121683 0.015210866 -0.034664031 0.998308778
1403638150645096960.000000 0.525433779 -0.312397927 0.301136494 0.056092013 0.006944240 -0.035178665 0.997781575
1403638150795097088.000000 0.569260776 -0.352460891 0.330195218 0.067810893 0.008784270 -0.038630504 0.996911347
1403638150945096960.000000 0.588197947 -0.436872512 0.383269250 0.079560712 0.017559335 -0.046063967 0.995610297
1403638151095097088.000000 0.601866901 -0.496520132 0.423080385 0.095947802 0.026000500 -0.055366796 0.993505239
1403638151245096960.000000 0.614002585 -0.578899086 0.477475643 0.124427401 0.028816113 -0.067325436 0.989522517
1403638151295097088.000000 0.614629984 -0.611365259 0.500194073 0.134776950 0.028426139 -0.072837919 0.987786293
1403638151345096960.000000 0.616565466 -0.638227642 0.515661240 0.147090420 0.027375983 -0.075943239 0.985823333
1403638151395097088.000000 0.617188215 -0.675174713 0.538133204 0.159075573 0.027403614 -0.079713687 0.983661413
1403638151545096960.000000 0.647978723 -0.785197735 0.589576423 0.192987502 0.026478045 -0.091808483 0.976537824
1403638151645096960.000000 0.668653429 -0.850825787 0.614248335 0.209822327 0.026597917 -0.096840419 0.972568333
1403638151695097088.000000 0.681961179 -0.888513923 0.627424836 0.216010913 0.026726749 -0.099953927 0.970893502
1403638151845096960.000000 0.724493742 -0.981250346 0.660391212 0.228408873 0.025858063 -0.107165426 0.967303634
1403638151895097088.000000 0.741412580 -1.014948726 0.671669841 0.230503976 0.025047742 -0.107922174 0.966743708
1403638151945096960.000000 0.759664834 -1.049569964 0.683067739 0.231578603 0.024689162 -0.110083319 0.966252267
1403638151995097088.000000 0.778735161 -1.086979628 0.694045126 -0.232647687 -0.024931869 0.111377709 -0.965840816
1403638152145096960.000000 0.825515866 -1.173715949 0.716823697 0.233738929 0.024592767 -0.112375237 0.965470433
1403638152195097088.000000 0.841456532 -1.211534142 0.726186037 0.233392537 0.023939429 -0.112894021 0.965510130
1403638152245096960.000000 0.855017006 -1.250475883 0.738972068 -0.233013108 -0.025026485 0.113419354 -0.965512633
1403638152295097088.000000 0.867251217 -1.290183902 0.751351357 -0.232172564 -0.025366252 0.114542983 -0.965573609
1403638152445096960.000000 0.899566174 -1.417987466 0.799137115 -0.227971986 -0.025420774 0.117843226 -0.966175735
1403638152595097088.000000 0.913183630 -1.544451714 0.825970054 -0.224936530 -0.024078049 0.119535595 -0.966713548
1403638152745096960.000000 0.916093409 -1.645752311 0.861977041 0.232398227 0.020714821 -0.115531951 0.965512455
1403638152895097088.000000 0.930330455 -1.787973285 0.898416162 0.249546096 0.025637588 -0.112098083 0.961511075
1403638153045096960.000000 0.960106015 -1.949924350 0.927471161 0.269757688 0.026285900 -0.119420312 0.955132782
1403638153195097088.000000 1.002059937 -2.076506853 0.959567904 0.286187619 0.018654285 -0.126263216 0.949634850
1403638153345096960.000000 1.047594070 -2.222522020 0.984063685 0.297841698 0.015204985 -0.135084808 0.944886923
1403638153495097088.000000 1.076314211 -2.363760948 1.017171144 0.313719004 0.016033038 -0.150390312 0.937393248
1403638153645096960.000000 1.133292675 -2.516967773 1.057693124 0.333662033 0.016939379 -0.169922009 0.927097261
1403638153795097088.000000 1.184839725 -2.687765121 1.079778910 0.359368712 0.019253030 -0.177605286 0.915936589
1403638153945096960.000000 1.215748310 -2.856037378 1.124709368 0.379655987 0.025686512 -0.177348182 0.907606304
1403638154095097088.000000 1.240561008 -3.034681797 1.152391672 0.389723718 0.029815054 -0.175702021 0.903523803
1403638154245096960.000000 1.252869964 -3.218754530 1.181144118 0.392978489 0.040412527 -0.175969809 0.901648223
1403638154395097088.000000 1.266390800 -3.424562931 1.220291018 0.394281894 0.051423233 -0.171350598 0.901408076
1403638154545096960.000000 1.252736807 -3.597648382 1.244904637 0.394891918 0.056881696 -0.166417554 0.901737273
1403638154695097088.000000 1.240811467 -3.768692255 1.252918363 0.400551647 0.048429329 -0.169470727 0.899162233
1403638154845096960.000000 1.239685535 -3.927452564 1.236027360 0.406675011 0.042043541 -0.182457089 0.894179642
1403638154995097088.000000 1.265242577 -4.080222607 1.195995569 0.414757669 0.041417319 -0.192582831 0.888353884
1403638155145096960.000000 1.307341099 -4.247982979 1.143212914 0.430348963 0.042971238 -0.197892398 0.879654467
1403638155295097088.000000 1.315207958 -4.408746719 1.097194791 0.443820596 0.048936874 -0.198432222 0.872498274
1403638155445096960.000000 1.300528884 -4.570032597 1.051564455 0.455890596 0.057691135 -0.203130826 0.864623249
1403638155595097088.000000 1.257780194 -4.734434128 1.010879755 0.476005346 0.059488218 -0.204270422 0.853319228
1403638155745096960.000000 1.207908750 -4.882740498 0.950262070 0.504548788 0.060115527 -0.200584710 0.837605238
1403638155895097088.000000 1.145504355 -5.022994518 0.877191305 0.532382727 0.052621171 -0.209035337 0.818598807
1403638156045096960.000000 1.092629194 -5.161099911 0.798888206 0.559872985 0.033243909 -0.228949726 0.795625091
1403638156245096960.000000 1.045499325 -5.333044529 0.678114414 0.593912721 0.016893500 -0.247726783 0.765254080
1403638156445096960.000000 1.007922769 -5.478021622 0.557672024 0.614782214 0.002928721 -0.260836065 0.744311035
1403638156645096960.000000 0.960643768 -5.632761478 0.458441257 0.623118460 -0.000338325 -0.265392154 0.735724390
1403638156845096960.000000 0.938109398 -5.801189899 0.377333164 0.622773468 -0.002057601 -0.268549919 0.734867394
1403638157045096960.000000 0.861716032 -5.978495598 0.311913013 0.618775308 -0.003366614 -0.267942727 0.738452852
1403638157245096960.000000 0.868683815 -6.180140018 0.256651878 0.614253104 -0.009431220 -0.270738184 0.741151154
1403638157445096960.000000 0.810872316 -6.391387463 0.185425758 0.615486860 0.002900894 -0.274298102 0.738869548
1403638157645096960.000000 0.825940847 -6.621619225 0.129177094 0.630695820 0.015558654 -0.275153935 0.725445449
1403638157845096960.000000 0.791458845 -6.881307602 0.060950279 0.657186449 0.024877282 -0.283131063 0.698085904
1403638158045096960.000000 0.796107054 -7.110237122 -0.029122829 0.684454620 0.018580928 -0.290667504 0.668348074
1403638158245096960.000000 0.800072908 -7.342730045 -0.112661362 0.700604916 0.007976028 -0.292511374 0.650788963
1403638158445096960.000000 0.731899261 -7.565885067 -0.167258739 0.704335153 0.015664453 -0.297044635 0.644539535
1403638158645096960.000000 0.704459190 -7.779465675 -0.227534294 0.703491211 0.024164896 -0.299593061 0.644018888
1403638158845096960.000000 0.654817581 -7.993475437 -0.289964676 0.702684939 0.012431700 -0.295612633 0.647064567
1403638159045096960.000000 0.604452848 -8.192288399 -0.356000900 0.697669148 -0.002451425 -0.299960345 0.650596380
1403638159245096960.000000 0.592962742 -8.393575668 -0.421096802 0.689113438 -0.018720808 -0.313431919 0.653094709
1403638159445096960.000000 0.594216824 -8.642945290 -0.476943970 0.700870752 0.003125179 -0.284420162 0.654122055
1403638159645096960.000000 0.603132248 -8.868396759 -0.518424988 0.718125999 0.010390888 -0.241436660 0.652606726
1403638159845096960.000000 0.647751331 -9.080253601 -0.549060822 0.722112358 0.014903950 -0.232454523 0.651380599
1403638159895097088.000000 0.665583611 -9.133335114 -0.558973312 0.719810009 0.020802528 -0.238630220 0.651534021
1403638159945096960.000000 0.686545610 -9.180009842 -0.565183640 0.717378438 0.026903702 -0.245030418 0.651616812
1403638159995097088.000000 0.710606098 -9.231875420 -0.573806763 0.716161072 0.032062244 -0.250541389 0.650626123
1403638160045096960.000000 0.743451357 -9.282617569 -0.564510345 0.714946687 0.035184566 -0.254594624 0.650226831
1403638160095097088.000000 0.770825148 -9.325608253 -0.571816444 0.713502824 0.034613311 -0.258947790 0.650124371
1403638160145096960.000000 0.800334692 -9.367345810 -0.579463005 0.711791396 0.033042993 -0.264286608 0.649933755
1403638160195097088.000000 0.836175680 -9.397888184 -0.575745583 0.709616065 0.027719833 -0.271908104 0.649417162
1403638160245096960.000000 0.869385958 -9.432104111 -0.576964378 0.706921637 0.021480897 -0.279891491 0.649200380
1403638160295097088.000000 0.906643867 -9.468243599 -0.582598686 0.704680681 0.015516493 -0.286435574 0.648952246
1403638160345096960.000000 0.945664883 -9.504254341 -0.588977814 0.702360928 0.011695647 -0.292755902 0.648726761
1403638160395097088.000000 0.984073639 -9.533901215 -0.591106415 0.700948417 0.008801012 -0.296799392 0.648462832
1403638160545096960.000000 1.101758957 -9.641454697 -0.606427193 0.698803246 0.004118341 -0.302801639 0.648049533
1403638160695097088.000000 1.202024460 -9.741228104 -0.611285210 0.699162900 0.003752460 -0.301831841 0.648116350
1403638160845096960.000000 1.307042599 -9.846922874 -0.620439529 0.703866065 0.005957955 -0.283808291 0.651145160
1403638161045096960.000000 1.427512646 -9.992356300 -0.616941452 0.695073724 0.017753700 -0.255814344 0.671652019
1403638161245096960.000000 1.526569605 -10.127412796 -0.590385437 0.663973629 0.020273965 -0.247927234 0.705166817
1403638161445096960.000000 1.620991468 -10.237673759 -0.541269302 0.625481725 0.014381994 -0.248146683 0.739587128
1403638161645096960.000000 1.711546421 -10.331915855 -0.486980915 0.602747083 0.005314395 -0.248663709 0.758178115
1403638161845096960.000000 1.793792248 -10.434478760 -0.420090675 0.595357001 0.006150503 -0.236965120 0.767697752
1403638162045096960.000000 1.875834703 -10.531957626 -0.342241764 0.583337784 0.013449305 -0.228422597 0.779332638
1403638162245096960.000000 1.979862452 -10.642040253 -0.252641201 0.576186955 0.005004113 -0.225719005 0.785515428
1403638162445096960.000000 2.095445633 -10.754534721 -0.136166096 0.576209962 -0.000170037 -0.218678847 0.787503481
1403638162645096960.000000 2.195637226 -10.866480827 -0.017347336 0.574000835 0.007078798 -0.225187317 0.787250757
1403638162845096960.000000 2.341999054 -10.958130836 0.114044666 0.571718454 0.004243416 -0.228186995 0.788067758
1403638163045096960.000000 2.515444279 -11.031069756 0.256456852 0.571855664 0.012636438 -0.209888428 0.792949140
1403638163245096960.000000 2.655633688 -11.150726318 0.399294853 0.555715203 0.017216152 -0.202711686 0.806096852
1403638163445096960.000000 2.736844063 -11.219430923 0.591051579 0.527242720 0.025203241 -0.200807109 0.825261474
1403638163645096960.000000 2.852298498 -11.300300598 0.781310558 0.506941378 0.024459304 -0.197502822 0.838692307
1403638163845096960.000000 2.986855745 -11.333461761 0.934483528 0.499772131 0.025793675 -0.192803562 0.844031632
1403638164045096960.000000 3.142436981 -11.377563477 1.090568542 0.501445532 0.017101016 -0.186151922 0.844752967
1403638164245096960.000000 3.320482969 -11.387685776 1.232558727 0.507328153 0.016472107 -0.179385573 0.842714489
1403638164445096960.000000 3.508602381 -11.414973259 1.414277554 0.512946427 0.015413773 -0.175456300 0.840156853
1403638164645096960.000000 3.661121607 -11.416997910 1.588140965 0.513888121 0.011276243 -0.170477360 0.840672016
1403638164845096960.000000 3.795669556 -11.389633179 1.806371689 0.499214798 0.030413074 -0.182805210 0.846428990
1403638165045096960.000000 3.910827398 -11.350442886 2.054778099 0.492750257 0.046202019 -0.174770877 0.851186097
1403638165395097088.000000 4.014315605 -11.260969162 2.473464489 0.480728239 0.019519357 -0.145606235 0.864475727
1403638165745096960.000000 4.077856064 -11.141414642 2.889629841 0.471530855 0.050387889 -0.142124817 0.868861496
1403638166095097088.000000 4.169618607 -10.887743950 3.225090981 0.460181594 0.043053232 -0.167861596 0.870747924
1403638166445096960.000000 4.363209724 -10.596563339 3.452580929 0.455178946 0.038192473 -0.183635771 0.870420277
1403638166795097088.000000 4.606625080 -10.411966324 3.655988693 0.465710014 0.023525061 -0.173670441 0.867409587
1403638167145096960.000000 4.784449577 -10.229868889 3.884091377 0.463785440 0.004847105 -0.178769022 0.867710352
1403638167495097088.000000 4.977177143 -10.057584763 4.105394840 0.460011601 0.005413354 -0.175193757 0.870440841
1403638167845096960.000000 5.019465923 -9.808257103 4.161176205 0.445619136 -0.005501199 -0.131026015 0.885565162
1403638168195097088.000000 5.002051353 -9.486485481 4.306790352 0.404503167 -0.001574774 -0.114207283 0.907376111
1403638168545096960.000000 4.989879608 -9.333662987 4.225002289 0.356296688 -0.009613921 -0.122799672 0.926218390
1403638168895097088.000000 5.236701012 -8.783895493 4.252108574 0.328578413 -0.021301121 -0.141145915 0.933627546
1403638169245096960.000000 5.169016838 -8.922533035 4.527327538 0.340091348 -0.023139916 -0.109987095 0.933651626
1403638169595097088.000000 5.247638226 -8.479393005 4.437471390 0.317837626 -0.010560249 -0.079756171 0.944725692
1403638169945096960.000000 5.298212051 -8.472683907 5.234124660 0.231508583 0.030151730 -0.083018385 0.968815029
1403638170295097088.000000 5.297044754 -8.029616356 4.887087822 0.148853362 0.051532671 -0.052193496 0.986135364
1403638170645096960.000000 5.526146412 -8.065037727 6.038890362 0.079031914 0.068855323 0.017210523 0.994342387
1403638170995097088.000000 5.465356827 -7.800554752 5.535589218 -0.003873972 -0.081995010 -0.051128447 -0.995312870
1403638171345096960.000000 5.827927113 -7.562053680 6.514967918 -0.034935851 0.083663501 0.075792588 0.992993236
1403638171445096960.000000 5.875140667 -7.487471581 6.552313805 -0.042129010 0.084072948 0.079553299 0.992385149
1403638171645096960.000000 5.896081924 -7.265169621 6.574600697 -0.054404624 0.088509403 0.087604858 0.990722835
1403638171845096960.000000 5.898511410 -7.020285130 6.568919182 -0.070662856 0.092887901 0.103644527 0.987743080
1403638172045096960.000000 5.874911308 -6.730724812 6.523486614 -0.086452313 0.101342186 0.108188167 0.985165596
1403638172245096960.000000 5.821199417 -6.419463634 6.432515144 -0.096994795 0.098905742 0.100530759 0.985242724
1403638172445096960.000000 5.720246315 -6.087758064 6.289094925 -0.097987726 0.100004554 0.101102568 0.984975040
1403638172645096960.000000 5.567491055 -5.755530834 6.109473705 -0.092600793 0.106482096 0.107152306 0.984177351
1403638172845096960.000000 5.379132748 -5.405884743 5.908346653 -0.085467957 0.106674008 0.112362392 0.984220803
1403638173045096960.000000 5.153545380 -5.023921013 5.656698704 -0.075299911 0.095342286 0.116847709 0.985690892
1403638173145096960.000000 5.021747589 -4.825229645 5.521490097 -0.071051307 0.086329274 0.118742041 0.986610055
1403638173195097088.000000 4.948553562 -4.719622612 5.452723026 -0.069788374 0.083463848 0.117577270 0.987086117
1403638173245096960.000000 4.876180649 -4.613597393 5.380408287 -0.070722610 0.080436900 0.113323286 0.987768292
1403638173295097088.000000 4.801003456 -4.504985332 5.310154915 -0.071674354 0.078198098 0.109206900 0.988342881
1403638173445096960.000000 4.549929619 -4.170555592 5.096243858 -0.081602387 0.070010737 0.082832895 0.990746379
1403638173495097088.000000 4.460750580 -4.061390400 5.029896736 -0.083805844 0.067349121 0.076982632 0.991218626
1403638173745096960.000000 4.001136780 -3.488588810 4.722031593 -0.090646170 0.067654036 0.055891883 0.992009282
1403638173795097088.000000 3.910214663 -3.375079632 4.662899971 -0.090373635 0.067420602 0.056746740 0.992001474
1403638173845096960.000000 3.820764542 -3.267327547 4.614302635 -0.091149457 0.066636316 0.056972526 0.991970539
1403638173895097088.000000 3.726234674 -3.150442839 4.552393913 -0.091985740 0.065395676 0.055393506 0.992065370
1403638174045096960.000000 3.470074654 -2.865996838 4.408508778 -0.092771389 0.064596437 0.053651344 0.992140353
1403638174195097088.000000 3.193633556 -2.557093859 4.235101700 -0.091656089 0.061694391 0.056349527 0.992279053
1403638174345096960.000000 2.951011896 -2.284053802 4.075393200 -0.091833040 0.050123654 0.052898508 0.993104279
1403638174445096960.000000 2.770456791 -2.073035955 3.957610130 -0.090872496 0.044572107 0.050818700 0.993565857
1403638174495097088.000000 2.690436840 -1.975394607 3.886546373 -0.089512452 0.042365279 0.052585095 0.993693948
1403638174745096960.000000 2.340997458 -1.566605449 3.672665119 -0.089295954 0.027616406 0.055807646 0.994056940
1403638174995097088.000000 2.078708649 -1.202761292 3.437011957 -0.092081293 0.018972203 0.052548226 0.994182944
1403638175245096960.000000 1.836848617 -0.780838072 3.185453892 -0.097592138 0.017676322 0.049293686 0.993847847
1403638175495097088.000000 1.674564123 -0.386799186 2.997910500 -0.102539890 -0.009775511 0.038626231 0.993930638
1403638175745096960.000000 1.569947124 0.017429696 2.844916344 -0.100095659 -0.043087106 0.038286567 0.993306875
1403638175995097088.000000 1.502814412 0.385678232 2.758453846 -0.102230586 -0.049271468 0.023767101 0.993255496
1403638176245096960.000000 1.442243099 0.723976672 2.796325684 -0.102203354 0.008663900 0.018846156 0.994547307
1403638176495097088.000000 1.428587079 1.039382100 2.923234940 -0.103559814 0.032014266 0.022868736 0.993844867
1403638176745096960.000000 1.450299859 1.319107056 3.066259146 -0.106842943 0.029530209 0.018066982 0.993673086
1403638176995097088.000000 1.490133286 1.565716386 3.226477146 -0.104180746 0.031934287 0.013142915 0.993958712
1403638177245096960.000000 1.506699681 1.786845565 3.384246111 -0.107307844 0.031908166 0.010864858 0.993654370
1403638177495097088.000000 1.551672459 1.882861853 3.595955849 -0.106902458 0.030763725 0.019258857 0.993606865
1403638177745096960.000000 1.690114379 1.792137980 3.900389194 -0.100487515 0.035673607 0.048360508 0.993121803
1403638177995097088.000000 1.827920318 1.697314143 4.188437462 -0.105134368 0.058226749 0.064865395 0.990630627
1403638178245096960.000000 1.993199229 1.612768769 4.397706509 -0.132551789 0.071431667 0.075019389 0.985748291
1403638178295097088.000000 2.018064499 1.640390396 4.394309044 -0.140584722 0.070870377 0.078703396 0.984387696
1403638178345096960.000000 2.054782152 1.609534025 4.435338497 -0.150406122 0.073398538 0.083448790 0.982357919
1403638178395097088.000000 2.089476824 1.653151155 4.394190788 -0.160402745 0.073541708 0.087490328 0.980412185
1403638178545096960.000000 2.117495060 1.678101182 4.436721802 -0.193219155 0.065044500 0.109351948 0.972870886
1403638178595097088.000000 2.135550737 1.719772935 4.392712593 -0.202019185 0.058437686 0.117583781 0.970539749
1403638178645096960.000000 2.129422665 1.726857305 4.422535896 -0.214312255 0.057714630 0.124558546 0.967070043
1403638178695097088.000000 2.143931627 1.774665594 4.368229866 -0.224080697 0.055056188 0.130991220 0.964156628
1403638178845096960.000000 2.132718325 1.864246011 4.288236141 -0.256320655 0.047946464 0.148315474 0.953940988
1403638178995097088.000000 2.100762844 1.913662076 4.378830433 -0.277477086 0.034916263 0.158056840 0.946998119
1403638179045096960.000000 2.089209318 1.960748911 4.333063126 -0.280400068 0.029231083 0.159743071 0.946046352
1403638179095097088.000000 2.069495678 1.977402329 4.339050293 -0.287299514 0.025314571 0.159379333 0.944148540
1403638179145096960.000000 2.055520535 2.030696630 4.294149399 -0.291843861 0.021139519 0.159620538 0.942815781
1403638179195097088.000000 2.038397551 2.037556887 4.336260319 -0.297681957 0.017782103 0.159072176 0.941151083
1403638179245096960.000000 2.020367622 2.087672234 4.296003819 -0.302793235 0.013910788 0.158357173 0.939705133
1403638179295097088.000000 2.004077196 2.105097532 4.333351135 -0.308971256 0.010204820 0.158980697 0.937634170
1403638179345096960.000000 1.983415842 2.151864290 4.301834583 -0.314985156 0.007944440 0.159571066 0.935552478
1403638179395097088.000000 1.980042934 2.127166748 4.384775162 -0.323298931 0.011609049 0.161579862 0.932327747
1403638179445096960.000000 1.958988905 2.171508312 4.360329628 -0.330948412 0.017326670 0.165046081 0.928941786
1403638179495097088.000000 1.952008247 2.198193073 4.391441345 -0.339885652 0.024463437 0.168787017 0.924873173
1403638179545096960.000000 1.930466175 2.241110325 4.378066063 -0.349198759 0.030301677 0.172561914 0.920524061
1403638179595097088.000000 1.917873144 2.277061224 4.395287991 -0.359371692 0.034298372 0.176034868 0.915798783
1403638179645096960.000000 1.896662474 2.318387985 4.387800694 -0.368741781 0.037017558 0.180809528 0.911025345
1403638179695097088.000000 1.881663561 2.358054638 4.398499489 -0.379639536 0.039696082 0.183946088 0.905793548
1403638179745096960.000000 1.863286376 2.399002075 4.393499374 -0.390244901 0.040647861 0.187937930 0.900408864
1403638179795097088.000000 1.851817727 2.441106319 4.398062706 -0.400718033 0.041173480 0.191820011 0.894949675
1403638179845096960.000000 1.836817503 2.481847286 4.393400192 -0.411453813 0.042343285 0.194941953 0.889331520
1403638179895097088.000000 1.838772535 2.508720875 4.395781040 -0.421222717 0.040872917 0.199759483 0.883740366
1403638179945096960.000000 1.825511456 2.550544739 4.392703533 -0.429185659 0.038055658 0.204451561 0.878948867
1403638179995097088.000000 1.814531326 2.591964960 4.390342712 0.435787946 -0.033647455 -0.209419802 -0.874700010
1403638180045096960.000000 1.808243752 2.634432316 4.384640694 -0.440691650 0.029577505 0.214743987 0.871091902
1403638180095097088.000000 1.798323870 2.677442789 4.381871700 -0.445207059 0.028531741 0.218862370 0.867799461
1403638180145096960.000000 1.790193439 2.722587109 4.379534721 0.448896080 -0.027645472 -0.222024381 -0.865120411
1403638180195097088.000000 1.781946540 2.767883301 4.377136230 0.452586770 -0.027310371 -0.222316980 -0.863130689
1403638180245096960.000000 1.772615552 2.813727617 4.375191689 0.455178797 -0.026860179 -0.223310336 -0.861523867
1403638180295097088.000000 1.793609977 2.818469524 4.373584270 -0.456631362 0.025095513 0.225823253 0.860152245
1403638180345096960.000000 1.781819582 2.866097450 4.373427391 -0.457345098 0.024829803 0.227443576 0.859353483
1403638180395097088.000000 1.769516468 2.915651083 4.373411179 0.458647370 -0.023551349 -0.226707757 -0.858889699
1403638180445096960.000000 1.755351424 2.965555191 4.374717236 0.459402055 -0.021367591 -0.225707844 -0.858806908
1403638180495097088.000000 1.740704656 3.016696453 4.376788139 0.460550994 -0.021247270 -0.223446205 -0.858785868
1403638180545096960.000000 1.725229025 3.068594933 4.379365921 0.461263329 -0.020376733 -0.220917746 -0.859078765
1403638180595097088.000000 1.726644516 3.089272022 4.363670349 -0.461233318 0.018895032 0.220230147 0.859305263
1403638180645096960.000000 1.711561561 3.142305851 4.366666794 -0.461138934 0.016015597 0.218573600 0.859837234
1403638180695097088.000000 1.698363304 3.196134567 4.369769096 -0.460187256 0.013807254 0.218358323 0.860439897
1403638180745096960.000000 1.688635468 3.248254776 4.369852543 0.458606303 -0.009400006 -0.218695223 -0.861257434
1403638180795097088.000000 1.679747224 3.303239584 4.372130394 0.456737667 -0.007887987 -0.219845891 -0.861972392
1403638180845096960.000000 1.673178792 3.359540939 4.374444962 0.455076456 -0.006810549 -0.220173076 -0.862776279
1403638180895097088.000000 1.683678627 3.391659737 4.359384060 -0.453036666 0.007243807 0.220861852 0.863669753
1403638180945096960.000000 1.679015279 3.450204134 4.362732887 -0.451505333 0.008225058 0.220957980 0.864437938
1403638180995097088.000000 1.674803495 3.508690357 4.365262508 0.449939251 -0.010440161 -0.221452057 -0.865103841
1403638181045096960.000000 1.668976784 3.568673372 4.369994640 0.448414683 -0.012979121 -0.221474126 -0.865855098
1403638181095097088.000000 1.667155027 3.622144699 4.368118763 -0.446878850 0.014141043 0.221735060 0.866563857
1403638181145096960.000000 1.658683777 3.684001446 4.375136852 -0.445326626 0.016507505 0.223325804 0.866912484
1403638181195097088.000000 1.649505019 3.746892929 4.382673264 -0.444580704 0.020310692 0.222642601 0.867390215
1403638181245096960.000000 1.639891505 3.809480190 4.388366699 0.444275022 -0.025780171 -0.222969621 -0.867317498
1403638181295097088.000000 1.644252062 3.847129345 4.389313221 -0.445627868 0.032942336 0.225089267 0.865832269
1403638181345096960.000000 1.631409883 3.911946774 4.396294117 -0.448738933 0.038634945 0.226534545 0.863610387
1403638181395097088.000000 1.618303180 3.975212097 4.401632309 0.452631503 -0.044362295 -0.229897663 -0.860409081
1403638181445096960.000000 1.602495313 4.039546967 4.406896591 0.457486659 -0.049438890 -0.235048324 -0.856162429
1403638181495097088.000000 1.591380358 4.101594925 4.406177521 -0.464546978 0.055694193 0.238879576 0.850900054
1403638181545096960.000000 1.573547363 4.166512489 4.408696175 -0.473047346 0.065825760 0.241879582 0.844622731
1403638181595097088.000000 1.555968881 4.230165482 4.407888412 0.483476520 -0.073111594 -0.242149025 -0.838014960
1403638181645096960.000000 1.552095532 4.278242588 4.403235435 -0.494058073 0.075363293 0.243545145 0.831211627
1403638181695097088.000000 1.533259749 4.340721130 4.397856712 -0.504959285 0.072801232 0.243723586 0.824812114
1403638181745096960.000000 1.516228318 4.402066231 4.388905525 0.514930725 -0.069034517 -0.245583341 -0.818394423
1403638181795097088.000000 1.503885031 4.462872028 4.375102997 -0.525734544 0.064473897 0.246341735 0.811641634
1403638181845096960.000000 1.489283562 4.522510529 4.361433983 -0.535912812 0.058320306 0.247678176 0.805016637
1403638181895097088.000000 1.476474643 4.581003189 4.345561981 -0.545949101 0.051341902 0.248574212 0.798445046
1403638181945096960.000000 1.465779543 4.638366699 4.327702045 0.553758919 -0.046381824 -0.252297401 -0.792177975
1403638181995097088.000000 1.468487024 4.684821606 4.307744503 -0.560064256 0.041809611 0.256414771 0.786658466
1403638182045096960.000000 1.459502935 4.741124153 4.288895607 -0.564288318 0.037020814 0.261666626 0.782137334
1403638182095097088.000000 1.452547431 4.797271729 4.268875599 -0.568160355 0.033732042 0.265689075 0.778116405
1403638182145096960.000000 1.450200677 4.851964951 4.245306015 -0.571172833 0.030235915 0.269498408 0.774737358
1403638182195097088.000000 1.444523215 4.908981323 4.224558353 -0.573648691 0.028176466 0.272739381 0.771846175
1403638182245096960.000000 1.438301682 4.966062069 4.203612328 0.574263215 -0.027443180 -0.278442979 -0.769375145
1403638182295097088.000000 1.430833220 5.023716927 4.183568478 0.574275017 -0.027210860 -0.283349067 -0.767581344
1403638182345096960.000000 1.430424690 5.076081753 4.160901070 -0.574416637 0.027670851 0.287375927 0.765960097
1403638182395097088.000000 1.421474695 5.135267258 4.140710831 -0.573479235 0.026826050 0.291207343 0.765245259
1403638182445096960.000000 1.414212942 5.195034027 4.118023872 0.574595571 -0.023293942 -0.289747298 -0.765077710
1403638182495097088.000000 1.408029318 5.256151199 4.094622612 0.575170934 -0.018654624 -0.287935287 -0.765456617
1403638182545096960.000000 1.405024290 5.316832066 4.068266392 -0.576476753 0.013199598 0.283912718 0.766090095
1403638182595097088.000000 1.402726650 5.380572796 4.042789936 -0.577458858 0.008363897 0.279885083 0.766900122
1403638182645096960.000000 1.403201580 5.444729805 4.016606331 0.577183306 -0.005650112 -0.278049916 -0.767799377
1403638182695097088.000000 1.408956051 5.507473469 3.989382267 -0.576842248 0.003658691 0.276510954 0.768623054
1403638182745096960.000000 1.411473036 5.573830605 3.963355541 -0.575684071 0.004361254 0.276424795 0.769518197
1403638182795097088.000000 1.413810730 5.641324997 3.938133717 -0.574991941 0.005172466 0.275544137 0.770346045
1403638182845096960.000000 1.415226460 5.708875656 3.911925793 -0.574428082 0.006502190 0.274605870 0.771091282
1403638182895097088.000000 1.416026592 5.778784752 3.888853073 -0.574027956 0.009309342 0.273227662 0.771849632
1403638182945096960.000000 1.415245771 5.848865509 3.866729259 0.573667467 -0.012710093 -0.271752566 -0.772589624
1403638182995097088.000000 1.413918257 5.919782639 3.845112801 0.574163795 -0.017144302 -0.268609077 -0.773234248
1403638183045096960.000000 1.410751581 5.989786148 3.823027134 -0.574446380 0.021281444 0.265740275 0.773912489
1403638183095097088.000000 1.407476664 6.061557770 3.802702427 -0.575305462 0.023639482 0.261542052 0.774635792
1403638183145096960.000000 1.403185606 6.133366108 3.783122063 -0.576667130 0.024107296 0.256825417 0.775186896
1403638183195097088.000000 1.397899866 6.205024719 3.764138222 0.576883137 -0.024749286 -0.254602611 -0.775738895
1403638183245096960.000000 1.390934944 6.278112888 3.745075703 -0.576865435 0.020825744 0.253035963 0.776379704
1403638183295097088.000000 1.383474588 6.349028111 3.728300095 -0.576245427 0.017330017 0.253705442 0.776707411
1403638183345096960.000000 1.375181198 6.419400215 3.712739468 -0.574573398 0.013438307 0.256803155 0.777005196
1403638183395097088.000000 1.366027355 6.490482807 3.697231770 0.572998524 -0.009586476 -0.259697646 -0.777263105
1403638183445096960.000000 1.356806755 6.561610222 3.683322906 0.571919382 -0.004720969 -0.261607826 -0.777462184
1403638183495097088.000000 1.347409487 6.633313179 3.670453072 0.571453273 -0.000824202 -0.262452900 -0.777533948
1403638183545096960.000000 1.340732813 6.706180573 3.662333965 -0.571411014 -0.003213728 0.262473136 0.777552009
1403638183595097088.000000 1.330602169 6.778947830 3.652048588 -0.571025670 -0.003874605 0.263492048 0.777487397
1403638183645096960.000000 1.321523666 6.852503300 3.642719746 -0.571447909 -0.001287615 0.262567192 0.777498662
1403638183695097088.000000 1.314749956 6.926413059 3.633182049 0.573639452 -0.001503213 -0.257156402 -0.777692854
1403638183745096960.000000 1.310213566 7.001010895 3.626162529 -0.575094223 0.008148061 0.254073173 0.777590632
1403638183795097088.000000 1.306982517 7.075768471 3.617290020 -0.577317417 0.011144571 0.248868972 0.777589023
1403638183845096960.000000 1.306070328 7.149893761 3.608512878 -0.579434514 0.015855089 0.243533999 0.777621746
1403638183895097088.000000 1.309817553 7.237118721 3.603714466 -0.580940425 0.019398319 0.241087779 0.777179897
1403638183945096960.000000 1.311818123 7.308689594 3.594884396 -0.581408381 0.020856773 0.240138158 0.777086198
1403638183995097088.000000 1.316082478 7.379614830 3.586064816 -0.581530213 0.020493878 0.240574628 0.776869714
1403638184045096960.000000 1.322101593 7.448877811 3.578172207 0.580813110 -0.020002147 -0.242568836 -0.776798904
1403638184095097088.000000 1.331928015 7.520221233 3.572892189 -0.579794526 0.016511552 0.245609358 0.776686370
1403638184145096960.000000 1.339417696 7.588752270 3.565764427 -0.578796566 0.011818797 0.248456150 0.776610851
1403638184195097088.000000 1.345978737 7.656721115 3.560144424 -0.577197552 0.008763001 0.253218651 0.776303172
1403638184245096960.000000 1.351686478 7.724891186 3.557104588 0.576346695 -0.005785932 -0.255695373 -0.776151299
1403638184295097088.000000 1.362279654 7.815821648 3.560319424 -0.576394260 0.004904063 0.257215977 0.775619566
1403638184345096960.000000 1.366789818 7.884330750 3.558699131 -0.577180207 0.005214632 0.255854309 0.775483429
1403638184395097088.000000 1.371062994 7.953335285 3.558411121 -0.577967942 0.008561054 0.254528701 0.775303185
1403638184445096960.000000 1.375292540 8.022737503 3.559694767 0.578917444 -0.010456955 -0.252591491 -0.775205076
1403638184495097088.000000 1.381239891 8.095294952 3.563077927 -0.580188155 0.011942145 0.250009209 0.775070608
1403638184545096960.000000 1.385062933 8.164013863 3.565977573 -0.580651700 0.013676862 0.249504417 0.774857461
1403638184595097088.000000 1.389518023 8.232440948 3.569581509 -0.581307054 0.014930513 0.248598784 0.774634004
1403638184645096960.000000 1.397311687 8.321408272 3.579783916 -0.581628382 0.016690562 0.248090774 0.774519801
1403638184695097088.000000 1.402481556 8.389085770 3.585004807 -0.581904292 0.015888415 0.247792035 0.774425030
1403638184745096960.000000 1.408414125 8.456574440 3.590868473 -0.581620276 0.017535780 0.249085471 0.774187863
1403638184795097088.000000 1.415390968 8.527726173 3.599073410 -0.581621885 0.018060971 0.248831272 0.774256289
1403638184845096960.000000 1.422195435 8.594331741 3.606063366 -0.581782281 0.017360331 0.249587566 0.773908317
1403638184895097088.000000 1.429819107 8.660744667 3.613453865 -0.582549393 0.016534269 0.247973323 0.773868263
1403638184945096960.000000 1.438611031 8.742686272 3.625826836 -0.583340585 0.018039769 0.246341720 0.773759723
1403638184995097088.000000 1.447893858 8.808715820 3.634246826 -0.583211601 0.018635942 0.247073695 0.773609400
1403638185045096960.000000 1.458022118 8.874361038 3.643057823 -0.582837522 0.019320516 0.247957259 0.773591876
1403638185095097088.000000 1.467058420 8.943347931 3.653832436 -0.583126128 0.017417818 0.247275278 0.773637831
1403638185145096960.000000 1.478117943 9.008725166 3.663900852 -0.582870722 0.016257908 0.247334138 0.773836732
1403638185195097088.000000 1.489876986 9.074072838 3.674306870 -0.583363175 0.015615531 0.246140048 0.773859560
1403638185245096960.000000 1.501040220 9.149476051 3.687964916 -0.584105790 0.012465138 0.243550181 0.774176002
1403638185295097088.000000 1.513327599 9.214236259 3.700011730 -0.584505916 0.011998471 0.241968468 0.774377227
1403638185345096960.000000 1.526102543 9.278742790 3.713074684 -0.585376441 0.010710665 0.239776850 0.774420321
1403638185395097088.000000 1.538577318 9.346098900 3.728319645 -0.585465729 0.011313031 0.236153007 0.775457084
1403638185445096960.000000 1.552854538 9.409719467 3.743793964 -0.584599853 0.012345046 0.231941223 0.777363479
1403638185495097088.000000 1.568162441 9.472572327 3.760679245 -0.582534552 0.013540453 0.226552680 0.780476868
1403638185545096960.000000 1.582493544 9.535138130 3.779644966 -0.579038560 0.014364796 0.221812859 0.784415185
1403638185595097088.000000 1.599296093 9.596292496 3.799157619 -0.574407935 0.016087808 0.217851043 0.788883865
1403638185645096960.000000 1.616577148 9.656457901 3.820047379 -0.570261180 0.016660221 0.213538349 0.793048620
1403638185695097088.000000 1.632136345 9.716068268 3.843595505 -0.565414965 0.020215932 0.212081939 0.796817780
1403638185745096960.000000 1.650881767 9.773882866 3.866823673 -0.560203314 0.024187794 0.212664768 0.800225616
1403638185795097088.000000 1.669608831 9.830383301 3.891040325 -0.553910136 0.027782917 0.217697814 0.803130984
1403638185845096960.000000 1.690524817 9.895166397 3.917467594 -0.546061993 0.032912780 0.227833077 0.805496871
1403638185895097088.000000 1.707944155 9.949446678 3.943228245 -0.539209723 0.036312051 0.236809447 0.807375789
1403638185945096960.000000 1.723881960 10.003187180 3.969161987 -0.532842398 0.039023690 0.245765373 0.808798850
1403638185995097088.000000 1.744926929 10.058200836 4.001638412 -0.529532135 0.039934762 0.249072984 0.809915781
1403638186045096960.000000 1.757196665 10.111916542 4.026492119 -0.528288662 0.037361462 0.248642132 0.810982287
1403638186095097088.000000 1.768023968 10.165840149 4.050995827 -0.527967274 0.033779316 0.246901885 0.811879992
1403638186145096960.000000 1.778566599 10.220156670 4.075652599 -0.528755069 0.031114895 0.243610412 0.812467754
1403638186195097088.000000 1.787432909 10.274169922 4.099561691 -0.529646039 0.027829219 0.240256518 0.813005269
1403638186245096960.000000 1.796995640 10.328170776 4.122801781 -0.529978871 0.026425304 0.239067763 0.813185632
1403638186295097088.000000 1.818128586 10.383553505 4.144087315 -0.530777276 0.024176357 0.236349404 0.813529372
1403638186345096960.000000 1.830935478 10.437687874 4.165237904 -0.531475902 0.022447215 0.234709486 0.813597560
1403638186395097088.000000 1.844957113 10.491639137 4.185909748 -0.531802058 0.021571158 0.234302744 0.813525379
1403638186445096960.000000 1.860123396 10.544460297 4.205462933 0.532061398 -0.021795355 -0.233682245 -0.813528299
1403638186495097088.000000 1.876241207 10.597064018 4.224643707 0.532975674 -0.022583732 -0.232581958 -0.813223600
1403638186545096960.000000 1.905519247 10.650647163 4.246579170 -0.533968925 0.020380341 0.231155142 0.813037038
1403638186595097088.000000 1.921064377 10.702678680 4.266528606 -0.534892976 0.019471167 0.229881570 0.812812924
1403638186645096960.000000 1.935348749 10.754717827 4.287505150 -0.535718024 0.017568190 0.228687495 0.812649727
1403638186695097088.000000 1.949744225 10.807173729 4.310708523 0.537384391 -0.015711371 -0.225693792 -0.812424541
1403638186745096960.000000 1.971612930 10.860039711 4.335010052 -0.538342893 0.013279759 0.221204847 0.813067675
1403638186795097088.000000 1.983789206 10.911893845 4.360321522 -0.538043797 0.011295298 0.216655642 0.814519286
1403638186845096960.000000 1.995461226 10.963406563 4.387111664 -0.536545634 0.009662056 0.211952314 0.816762924
1403638186895097088.000000 2.007178783 11.015346527 4.416488647 0.533177078 -0.006888636 -0.208467498 -0.819887817
1403638186945096960.000000 2.018711567 11.065503120 4.447777748 -0.527981102 0.006601887 0.205789074 0.823919535
1403638186995097088.000000 2.031715631 11.115704536 4.479852676 -0.520760298 0.006356545 0.203363493 0.829102933
1403638187045096960.000000 2.047327042 11.165458679 4.513011932 -0.511162698 0.011118195 0.202392876 0.835240304
1403638187095097088.000000 2.077745676 11.218267441 4.550723076 -0.500527263 0.016238837 0.200067937 0.842129290
1403638187145096960.000000 2.098437786 11.267052650 4.584619522 -0.489166349 0.023069957 0.196410552 0.849474609
1403638187195097088.000000 2.120739698 11.314488411 4.618224144 -0.476882368 0.029392792 0.193181619 0.856971562
1403638187245096960.000000 2.133348465 11.356535912 4.648158550 -0.464287937 0.036454882 0.188779965 0.864563465
1403638187295097088.000000 2.159460306 11.402410507 4.680008888 -0.452690691 0.042453162 0.182435900 0.871771812
1403638187345096960.000000 2.186578035 11.446855545 4.710759640 -0.441634923 0.047028504 0.177094623 0.878284931
1403638187395097088.000000 2.217856646 11.487452507 4.740406513 -0.432224929 0.052262425 0.171497151 0.883764148
1403638187445096960.000000 2.246496201 11.529275894 4.768516541 -0.424099028 0.055642199 0.166080430 0.888516426
1403638187495097088.000000 2.275062084 11.569615364 4.795459270 -0.416686654 0.056988318 0.163281381 0.892448246
1403638187545096960.000000 2.331418037 11.622406960 4.840620518 -0.410557359 0.055527680 0.161244810 0.895745218
1403638187595097088.000000 2.357965946 11.659398079 4.865455627 -0.404971868 0.052243378 0.161237672 0.898482561
1403638187645096960.000000 2.383637428 11.695092201 4.889589787 -0.400368959 0.048089243 0.162188843 0.900603652
1403638187695097088.000000 2.411700726 11.728487015 4.915836334 -0.397518009 0.044548657 0.161677048 0.902139366
1403638187745096960.000000 2.434964657 11.762253761 4.939701557 -0.395957321 0.041653708 0.160135612 0.903238297
1403638187795097088.000000 2.456766129 11.794981003 4.963721752 -0.395077258 0.039250482 0.158405811 0.904035985
1403638187845096960.000000 2.491895676 11.835238457 5.007838726 -0.395674229 0.038333461 0.155870959 0.904254854
1403638187895097088.000000 2.511929512 11.865479469 5.032215118 -0.397137463 0.036231972 0.151315555 0.904473722
1403638187945096960.000000 2.531595707 11.894307137 5.057038307 -0.398516357 0.037156019 0.148093507 0.904363036
1403638187995097088.000000 2.539309502 11.911769867 5.065745354 0.400923043 -0.038429517 -0.143614307 -0.903968453
1403638188045096960.000000 2.569237709 11.938148499 5.103276730 -0.403483003 0.039772891 0.139551878 0.903407395
1403638188095097088.000000 2.586735725 11.961393356 5.129745960 -0.406041950 0.040609803 0.135284096 0.902872741
1403638188145096960.000000 2.603191376 11.982378006 5.156740189 -0.408758521 0.041277550 0.130801573 0.902276933
1403638188195097088.000000 2.618531704 12.000885010 5.184485435 -0.410461783 0.044568885 0.128656268 0.901655376
1403638188245096960.000000 2.652755260 12.042139053 5.255575180 -0.411927938 0.050814390 0.128550425 0.900670946
1403638188295097088.000000 2.666631460 12.055363655 5.284786701 -0.411627531 0.061428867 0.130164787 0.899914742
1403638188345096960.000000 2.679410458 12.065917015 5.313960075 -0.411109358 0.072517805 0.132088721 0.899045527
1403638188395097088.000000 2.696101189 12.077493668 5.351483822 -0.411671847 0.082553357 0.132615924 0.897844315
1403638188445096960.000000 2.706811428 12.081827164 5.379743576 -0.411680490 0.090961754 0.133693159 0.896867573
1403638188495097088.000000 2.715820789 12.082959175 5.406599045 -0.411232084 0.098004423 0.135216817 0.896102488
1403638188545096960.000000 2.724831581 12.081591606 5.433109760 0.411536098 -0.104199968 -0.135566637 -0.895210683
1403638188595097088.000000 2.734678030 12.088360786 5.476536751 -0.410275549 0.106798813 0.136368126 0.895361245
1403638188645096960.000000 2.742130756 12.078900337 5.497068405 -0.408339381 0.105891794 0.136169627 0.896383703
1403638188695097088.000000 2.750469685 12.065545082 5.514059544 -0.404966235 0.103770979 0.136634529 0.898089707
1403638188745096960.000000 2.760546684 12.050679207 5.531207561 0.400449574 -0.099711582 -0.138027474 -0.900358915
1403638188795097088.000000 2.770724297 12.034739494 5.551652431 -0.396597147 0.093407251 0.138520926 0.902661502
1403638188845096960.000000 2.782089472 12.012999535 5.560699463 -0.392580301 0.088801436 0.139382750 0.904747188
1403638188895097088.000000 2.796536922 11.989592552 5.567133427 -0.389026970 0.085290506 0.139842510 0.906547129
1403638188945096960.000000 2.814601898 11.964733124 5.568977833 0.385934889 -0.081925742 -0.140877783 -0.908017576
1403638188995097088.000000 2.833329916 11.952721596 5.599533081 -0.383407950 0.078731477 0.140559688 0.909418941
1403638189045096960.000000 2.852540493 11.923761368 5.600021362 -0.379124522 0.077353112 0.141051307 0.911254942
1403638189095097088.000000 2.872266769 11.892907143 5.598814964 -0.373949617 0.077482879 0.140533820 0.913459599
1403638189145096960.000000 2.890836000 11.860486984 5.596541405 -0.367830783 0.077335283 0.139371023 0.916130781
1403638189195097088.000000 2.902138710 11.816807747 5.587674141 -0.359918982 0.077902913 0.138917029 0.919288635
1403638189245096960.000000 2.917002678 11.781414986 5.584943771 -0.351257890 0.076892301 0.137905449 0.922869205
1403638189295097088.000000 2.930143118 11.744717598 5.581533432 -0.341865003 0.075102881 0.136405230 0.926758647
1403638189345096960.000000 3.029044867 11.689323425 5.611764431 -0.334328145 0.066248007 0.134408891 0.930467665
1403638189395097088.000000 3.037511826 11.650806427 5.607535362 -0.325623393 0.057938214 0.133788377 0.934191227
1403638189445096960.000000 3.045487165 11.611595154 5.602101326 -0.317316234 0.049230251 0.133620232 0.937567353
1403638189495097088.000000 3.052094936 11.570316315 5.598328590 -0.310181022 0.041494172 0.133301899 0.940370500
1403638189545096960.000000 3.062160969 11.530611038 5.590238094 -0.303804189 0.035826195 0.133707240 0.942624986
1403638189595097088.000000 3.074522972 11.491325378 5.580677986 -0.298862636 0.032289315 0.133408800 0.944373131
1403638189645096960.000000 3.087265968 11.450384140 5.580528259 -0.294498146 0.028969772 0.133914396 0.945779324
1403638189695097088.000000 3.101173878 11.412788391 5.571583748 -0.290256888 0.024701551 0.136028707 0.946909189
1403638189745096960.000000 3.114056110 11.375959396 5.563141823 -0.286641955 0.020406386 0.139118850 0.947663426
1403638189795097088.000000 3.134785175 11.362382889 5.574312210 -0.284281790 0.016799962 0.141052172 0.948159218
1403638189845096960.000000 3.144650936 11.327116013 5.568061352 -0.282598466 0.012394596 0.142435923 0.948523343
1403638189895097088.000000 3.153769016 11.293200493 5.563182831 -0.281810224 0.007916507 0.142436087 0.948805749
1403638189945096960.000000 3.160890818 11.260043144 5.559589863 0.281225175 -0.005045400 -0.142957956 -0.948920429
1403638189995097088.000000 3.168383598 11.228778839 5.557281971 0.281774133 -0.005559501 -0.142108247 -0.948882401
1403638190045096960.000000 3.177171707 11.202927589 5.569956779 -0.282948285 0.009582728 0.140197814 0.948785067
1403638190095097088.000000 3.183566093 11.174235344 5.570257664 -0.283873260 0.015074631 0.138536245 0.948681414
1403638190145096960.000000 3.189124584 11.146673203 5.571685791 -0.285891652 0.021797756 0.135231361 0.948421538
1403638190195097088.000000 3.191465378 11.119435310 5.578644753 0.287892282 -0.028288029 -0.132246196 -0.948065877
1403638190245096960.000000 3.193168640 11.106915474 5.604124069 -0.291251242 0.035350163 0.125848010 0.947673678
1403638190295097088.000000 3.194460869 11.079594612 5.609107018 -0.293905199 0.040511034 0.115808912 0.947927713
1403638190345096960.000000 3.194441795 11.051484108 5.614590645 -0.295002252 0.044367697 0.105969340 0.948565125
1403638190395097088.000000 3.195085049 11.020037651 5.620958328 0.294973880 -0.047954723 -0.095537774 -0.949506938
1403638190445096960.000000 3.192967176 10.988199234 5.627317429 0.293928385 -0.048471116 -0.086848885 -0.950638771
1403638190495097088.000000 3.189282179 10.954157829 5.633912086 0.291642785 -0.048516527 -0.082192853 -0.951753676
1403638190545096960.000000 3.196717262 10.912720680 5.649603367 -0.287583381 0.048376169 0.081520297 0.953053057
1403638190595097088.000000 3.190969467 10.874369621 5.656834602 -0.283811241 0.046978641 0.081415355 0.954261959
1403638190645096960.000000 3.184988976 10.834242821 5.663992882 -0.280346185 0.046822410 0.081863478 0.955255032
1403638190695097088.000000 3.201354027 10.841184616 5.714602470 -0.277237654 0.046565685 0.083758809 0.956010163
1403638190745096960.000000 3.196768284 10.798215866 5.721597672 -0.274303377 0.047082257 0.083892345 0.956819236
1403638190795097088.000000 3.191606522 10.752859116 5.727090836 -0.270226330 0.048637439 0.088712417 0.957466602
1403638190845096960.000000 3.204507351 10.718989372 5.751691818 -0.266362339 0.048771918 0.094082400 0.958029747
1403638190895097088.000000 3.202733994 10.672204018 5.756072998 -0.262951553 0.049349498 0.098421454 0.958506346
1403638190945096960.000000 3.202478409 10.624727249 5.758740425 -0.261031538 0.048585869 0.099853605 0.958921969
1403638190995097088.000000 3.212967873 10.580846786 5.769300461 -0.258969337 0.050341554 0.102367684 0.959125459
1403638191045096960.000000 3.214887381 10.531613350 5.768850327 -0.258016706 0.053955812 0.102540247 0.959167242
1403638191095097088.000000 3.217104912 10.481616020 5.766389847 -0.257510394 0.056234181 0.102495261 0.959177196
1403638191145096960.000000 3.234055042 10.440425873 5.775557995 -0.256916851 0.054272264 0.103396319 0.959352672
1403638191195097088.000000 3.237951279 10.389987946 5.771117210 -0.256077528 0.049920447 0.104719184 0.959669888
1403638191245096960.000000 3.243288517 10.339319229 5.765463352 -0.255433232 0.043727070 0.106558658 0.959941268
1403638191295097088.000000 3.277978897 10.314658165 5.792439461 -0.254457027 0.037419908 0.110024340 0.960076094
1403638191345096960.000000 3.285668135 10.263458252 5.785476685 -0.254493147 0.032663606 0.109772064 0.960268915
1403638191395097088.000000 3.292754650 10.212408066 5.778675079 -0.254956067 0.029152334 0.109886929 0.960246027
1403638191445096960.000000 3.312784433 10.169529915 5.783522129 -0.255072325 0.026874784 0.110647231 0.960194349
1403638191495097088.000000 3.318496943 10.118927956 5.778594971 -0.255119354 0.026266074 0.111843832 0.960060000
1403638191545096960.000000 3.323138952 10.068731308 5.774648190 -0.255797535 0.026076932 0.111342475 0.959942997
1403638191595097088.000000 3.341506243 10.032455444 5.788448811 -0.256744653 0.025755331 0.110238627 0.959826231
1403638191645096960.000000 3.344876051 9.983385086 5.787780762 -0.257590622 0.025675077 0.109457612 0.959691048
1403638191695097088.000000 3.347079277 9.934560776 5.788150311 -0.258920014 0.024233887 0.106630512 0.959689081
1403638191745096960.000000 3.364315510 9.907649994 5.815549374 -0.260661036 0.022969073 0.103713848 0.959568560
1403638191795097088.000000 3.365898848 9.859257698 5.819488525 -0.262026638 0.022192130 0.100542456 0.959552407
1403638191845096960.000000 3.366400242 9.810481071 5.824681282 -0.262973726 0.020783927 0.098797381 0.959506094
1403638191895097088.000000 3.370035648 9.752773285 5.822910309 -0.263265193 0.020997290 0.098321930 0.959470332
1403638191945096960.000000 3.371636629 9.704593658 5.831502914 -0.263203681 0.021044794 0.098841242 0.959432840
1403638191995097088.000000 3.374117851 9.656031609 5.840242863 -0.262809396 0.021281954 0.099170640 0.959501684
1403638192045096960.000000 3.405153751 9.611934662 5.900581360 -0.264052063 0.021593601 0.097846650 0.959289491
1403638192095097088.000000 3.412934542 9.562834740 5.910068035 -0.264063835 0.021340016 0.097798698 0.959296763
1403638192145096960.000000 3.424051762 9.513779640 5.920138836 -0.263245493 0.022688417 0.099101603 0.959357083
1403638192195097088.000000 3.442116737 9.469549179 5.936290741 -0.262696773 0.024492715 0.100232095 0.959345698
1403638192245096960.000000 3.460205078 9.420821190 5.946662426 -0.262261927 0.027615655 0.100569941 0.959344447
1403638192295097088.000000 3.479237556 9.376630783 5.962143898 -0.261468083 0.033001963 0.102097392 0.959229589
1403638192345096960.000000 3.503175735 9.328214645 5.972797394 -0.260917097 0.037864313 0.102310546 0.959177315
1403638192395097088.000000 3.528455257 9.279668808 5.983226299 -0.260621220 0.040746484 0.102605663 0.959108174
1403638192445096960.000000 3.550585270 9.246730804 6.002429962 -0.260338157 0.042344503 0.102971457 0.959076583
1403638192495097088.000000 3.579187870 9.197012901 6.011560440 -0.260051459 0.044806384 0.103236124 0.959014058
1403638192545096960.000000 3.608899117 9.146803856 6.019411087 -0.260402620 0.047209505 0.102534272 0.958878756
1403638192595097088.000000 3.635504723 9.102706909 6.030609131 -0.260591120 0.050959695 0.101659827 0.958728731
1403638192645096960.000000 3.666455030 9.053195953 6.038470745 -0.261645883 0.057589367 0.099689744 0.958272934
1403638192695097088.000000 3.695707560 9.003001213 6.046238899 -0.261291593 0.063184232 0.101048186 0.957874656
1403638192745096960.000000 3.726927519 8.959610939 6.061584949 -0.262254953 0.068216473 0.099644162 0.957413197
1403638192795097088.000000 3.752338886 8.908233643 6.068662643 -0.261871368 0.074361652 0.100553073 0.956965446
1403638192845096960.000000 3.775882721 8.856050491 6.074869633 -0.261360586 0.079502843 0.101601280 0.956580997
1403638192895097088.000000 3.792915821 8.806058884 6.080671787 -0.260044307 0.088212259 0.104085185 0.955908954
1403638192945096960.000000 3.813387394 8.752463341 6.084303856 -0.257700562 0.099430315 0.108559296 0.954944491
1403638192995097088.000000 3.831721783 8.698475838 6.085883141 -0.255417854 0.108363301 0.112141132 0.954171717
1403638193045096960.000000 3.838409662 8.649765968 6.085139275 -0.251303732 0.114219680 0.116004512 0.954119146
1403638193095097088.000000 3.853496552 8.594418526 6.079613686 -0.247393310 0.114279851 0.116704255 0.955048084
1403638193145096960.000000 3.868097544 8.538661003 6.070407867 -0.243190736 0.109026968 0.115442015 0.956893206
1403638193195097088.000000 3.879544497 8.483541489 6.057447433 -0.239505485 0.102239452 0.113141909 0.958844721
1403638193245096960.000000 3.895343304 8.427556038 6.040353775 -0.236516997 0.096180238 0.109867901 0.960592628
1403638193295097088.000000 3.911890507 8.371009827 6.018917084 -0.233576044 0.091089159 0.107171044 0.962112010
1403638193345096960.000000 3.924319267 8.319113731 5.995009422 -0.232168019 0.086082742 0.102225885 0.963450909
1403638193395097088.000000 3.943226814 8.262626648 5.966843128 -0.230991393 0.084144689 0.097278364 0.964416742
1403638193445096960.000000 3.954208374 8.212969780 5.941285610 -0.230387196 0.083071694 0.092904456 0.965085328
1403638193495097088.000000 3.971364021 8.156409264 5.909922600 -0.229039535 0.083924033 0.090616621 0.965549707
1403638193545096960.000000 3.986361027 8.099262238 5.877590179 -0.227864072 0.084110342 0.088934697 0.965967953
1403638193595097088.000000 3.994762659 8.044219971 5.846501827 -0.226459369 0.082035393 0.088776350 0.966491163
1403638193645096960.000000 4.004220963 7.985969543 5.812920570 -0.225279287 0.077054389 0.089133315 0.967143834
1403638193695097088.000000 4.011314392 7.927162170 5.778694153 -0.223928943 0.069977008 0.090695448 0.967849970
1403638193745096960.000000 4.013114452 7.869213581 5.744925499 -0.221700564 0.063643843 0.093881644 0.968496025
1403638193795097088.000000 4.015787125 7.810007095 5.709797859 -0.220770672 0.057821494 0.095422372 0.968922913
1403638193845096960.000000 4.016934395 7.750964642 5.674535751 -0.220628798 0.053828556 0.095817052 0.969146311
1403638193895097088.000000 4.154245377 7.500855446 5.774799824 -0.223193735 0.049640756 0.098351106 0.968528569
1403638193945096960.000000 4.152910233 7.440915585 5.739744663 -0.223274365 0.046486020 0.098638028 0.968637347
1403638193995097088.000000 4.150276184 7.381157398 5.705190659 -0.222648680 0.045490384 0.100496314 0.968637586
1403638194045096960.000000 4.143961906 7.323874950 5.674050331 -0.222800046 0.045346551 0.100244850 0.968635619
1403638194095097088.000000 4.139567852 7.265721798 5.640851498 -0.224216014 0.048832785 0.098517321 0.968316555
1403638194145096960.000000 4.133861542 7.207875252 5.608435631 -0.224932238 0.053347297 0.097954921 0.967969239
1403638194195097088.000000 4.125969887 7.151823044 5.580029488 -0.226064250 0.057809781 0.096455544 0.967599809
1403638194245096960.000000 4.116534710 7.093924522 5.547480583 -0.226735830 0.061930109 0.096015260 0.967231452
1403638194295097088.000000 4.105151176 7.035719872 5.514982224 -0.226973787 0.062996678 0.095818840 0.967126250
1403638194345096960.000000 4.104414463 6.963842869 5.500695229 -0.226692230 0.059907727 0.097794205 0.967190862
1403638194395097088.000000 4.092294216 6.905806065 5.466784477 -0.226420462 0.056525495 0.099263757 0.967308342
1403638194445096960.000000 4.080583572 6.847648144 5.431528091 -0.225849941 0.053158931 0.101341657 0.967417121
1403638194495097088.000000 4.070816040 6.793664932 5.398793221 -0.225422844 0.049544722 0.103212021 0.967510819
1403638194545096960.000000 4.061733246 6.736404896 5.361609936 -0.225874692 0.046047315 0.103049368 0.967595577
1403638194595097088.000000 4.053124905 6.678986073 5.323127747 -0.225674570 0.042946368 0.104321375 0.967648506
1403638194645096960.000000 4.047802925 6.623775959 5.288115501 -0.225651637 0.038324613 0.105141588 0.967759252
1403638194695097088.000000 4.040368080 6.567734241 5.250295639 -0.225457817 0.032953106 0.106427670 0.967861593
1403638194745096960.000000 4.032694817 6.512458324 5.213071346 -0.225680500 0.029211581 0.107068606 0.967859149
1403638194795097088.000000 4.027729511 6.461615562 5.181214333 -0.226038694 0.025466630 0.107066207 0.967881680
1403638194845096960.000000 4.018023491 6.406846046 5.145944118 -0.226145774 0.022147411 0.108005688 0.967833877
1403638194895097088.000000 4.007455349 6.353007317 5.111914158 -0.226922274 0.019777145 0.107362166 0.967775047
1403638194945096960.000000 3.997040749 6.305288315 5.084997177 -0.227181643 0.017958866 0.106667623 0.967826426
1403638194995097088.000000 3.984810352 6.253519058 5.054410458 -0.227000445 0.016788322 0.107435718 0.967805028
1403638195045096960.000000 3.971657038 6.202669144 5.025288582 -0.227299452 0.015512581 0.107186683 0.967783809
1403638195095097088.000000 3.960476398 6.155943871 5.002665997 -0.227080479 0.014734274 0.107130140 0.967853606
1403638195145096960.000000 3.945990562 6.106739044 4.977327347 -0.227117240 0.012605988 0.107262738 0.967860341
1403638195195097088.000000 3.930499554 6.058287621 4.953869343 -0.226145104 0.008627011 0.109937258 0.967831492
1403638195245096960.000000 3.917324543 6.015222073 4.937819481 -0.225071132 0.001050624 0.112136781 0.967867315
1403638195295097088.000000 3.900877237 5.969237328 4.918438435 -0.223764032 -0.006214235 0.114967972 0.967818916
1403638195345096960.000000 3.884901762 5.924938679 4.901151657 -0.223070532 -0.011046787 0.116649419 0.967734754
1403638195395097088.000000 3.870628834 5.885785103 4.890363216 -0.223172173 -0.010808727 0.116063289 0.967784405
1403638195445096960.000000 3.857572794 5.845601082 4.878392220 -0.223813161 -0.004763051 0.115295701 0.967776775
1403638195495097088.000000 3.845258951 5.806825638 4.868266582 -0.224801376 0.005518585 0.112945892 0.967820823
1403638195545096960.000000 3.833600760 5.771211147 4.863361359 -0.225144342 0.014629058 0.112075254 0.967747509
1403638195595097088.000000 3.820687771 5.734831333 4.856753349 -0.226320460 0.022901136 0.109125167 0.967649877
1403638195645096960.000000 3.806987762 5.699182034 4.851435184 -0.226402432 0.027430311 0.108317845 0.967603624
1403638195695097088.000000 3.793947697 5.664833546 4.849182606 -0.226418689 0.027873406 0.107679814 0.967658341
1403638195745096960.000000 3.782126427 5.630446434 4.844481945 -0.225912079 0.027122887 0.108661704 0.967688382
1403638195795097088.000000 3.771468163 5.596760750 4.839676857 -0.225295067 0.024798686 0.109361708 0.967815697
1403638195845096960.000000 3.763990164 5.563945293 4.834446907 -0.224789336 0.021196449 0.110135540 0.967931151
1403638195895097088.000000 3.757300615 5.532214165 4.830192089 -0.224323705 0.016084746 0.110089086 0.968142807
1403638195945096960.000000 3.752420902 5.501816273 4.826548576 -0.223568320 0.011873583 0.111363366 0.968232691
1403638195995097088.000000 3.751229286 5.473640442 4.824842930 -0.223071754 0.008183792 0.111996554 0.968312323
1403638196045096960.000000 3.751684427 5.446072578 4.823002338 -0.222761706 0.007184393 0.112293527 0.968357325
1403638196095097088.000000 3.755388260 5.420059204 4.822134018 -0.223004982 0.008074162 0.111650661 0.968368649
1403638196145096960.000000 3.764001369 5.397105217 4.823666573 0.223533794 -0.010993028 -0.110293522 -0.968373537
1403638196195097088.000000 3.774463654 5.374130249 4.824350834 0.223725244 -0.016649190 -0.108899750 -0.968406260
1403638196245096960.000000 3.785633564 5.351491928 4.821273804 -0.224372536 0.022083728 0.107185997 0.968339086
1403638196295097088.000000 3.797514200 5.329432487 4.822262764 -0.224577904 0.025654687 0.106428929 0.968286932
1403638196345096960.000000 3.808752775 5.307716846 4.824008942 -0.225415438 0.028730473 0.104428194 0.968223751
1403638196395097088.000000 3.818785906 5.285293102 4.826384544 -0.224617019 0.028710274 0.106364444 0.968199134
1403638196445096960.000000 3.826312304 5.263910294 4.830375671 -0.224682644 0.028549183 0.106524706 0.968171060
1403638196495097088.000000 3.832221746 5.243034840 4.835668564 -0.224544242 0.027737003 0.107310399 0.968140006
1403638196545096960.000000 3.836750269 5.222381592 4.841608524 0.224122062 -0.026020786 -0.109344333 -0.968057871
1403638196595097088.000000 3.839409828 5.202380180 4.849028111 0.223665908 -0.021933300 -0.110779107 -0.968101501
1403638196645096960.000000 3.847862244 5.183773994 4.863046646 -0.223474354 0.015505031 0.112252958 0.968100309
1403638196695097088.000000 3.848125696 5.165731907 4.873001099 -0.222507223 0.010486561 0.115117736 0.968053997
1403638196745096960.000000 3.848083735 5.149022579 4.884315491 -0.222429320 0.007435171 0.115997709 0.967995107
1403638196795097088.000000 3.872288465 5.131503105 4.898322582 -0.222992718 0.004970565 0.115638271 0.967924297
1403638196845096960.000000 3.871801376 5.116785049 4.912358284 -0.222653091 0.005023478 0.116444334 0.967905581
1403638196895097088.000000 3.872269154 5.103548527 4.927665710 -0.223792255 0.009446892 0.114691094 0.967819095
1403638196945096960.000000 3.874559879 5.091249943 4.944492340 0.223945931 -0.013572237 -0.113735564 -0.967847288
1403638196995097088.000000 3.878554583 5.080245972 4.960910797 0.224536881 -0.018951625 -0.112106919 -0.967809916
1403638197045096960.000000 3.884271622 5.069905281 4.976832867 0.224925399 -0.022863677 -0.111464448 -0.967709482
1403638197095097088.000000 3.891079664 5.060046196 4.992205620 0.225370258 -0.025342874 -0.110544182 -0.967649758
1403638197145096960.000000 3.898759842 5.050755978 5.007271767 0.225868419 -0.027321422 -0.109378360 -0.967612207
1403638197195097088.000000 3.908105373 5.042363167 5.022430897 0.226803407 -0.027800146 -0.107136980 -0.967630684
1403638197245096960.000000 3.925102472 5.027079582 5.046318054 -0.227828220 0.029332956 0.104970120 0.967582166
1403638197295097088.000000 3.939212084 5.019568443 5.060800552 -0.230319187 0.032144420 0.098841660 0.967548609
1403638197345096960.000000 3.955017328 5.011440277 5.074438572 -0.232675508 0.034641422 0.093074553 0.967470527
1403638197395097088.000000 3.972021103 5.002725601 5.087768078 0.234332845 -0.036584433 -0.089004301 -0.967382073
1403638197445096960.000000 3.990515232 4.993557453 5.100363731 0.235748723 -0.038744591 -0.085930206 -0.967231870
1403638197495097088.000000 4.010926723 4.983457565 5.112583637 0.235834002 -0.040356729 -0.084990948 -0.967228115
1403638197545096960.000000 4.032212734 4.972283363 5.123763561 0.235079721 -0.042225379 -0.086361006 -0.967210650
1403638197595097088.000000 4.054730892 4.960284710 5.133980751 0.235018894 -0.042758409 -0.085958719 -0.967237830
1403638197645096960.000000 4.084450245 4.943268776 5.155920506 -0.235380888 0.043469273 0.085504167 0.967158437
1403638197695097088.000000 4.109033108 4.929904938 5.165429592 -0.235104829 0.043137573 0.085655093 0.967226982
1403638197745096960.000000 4.132601261 4.915901184 5.175025940 -0.234849915 0.042535778 0.085243255 0.967351973
1403638197795097088.000000 4.156103611 4.899649143 5.187017441 -0.234455526 0.043294873 0.085987076 0.967348158
1403638197845096960.000000 4.176835537 4.884063244 5.197484016 -0.233267337 0.045889169 0.088025525 0.967332482
1403638197895097088.000000 4.196018696 4.867856979 5.208558083 -0.231914565 0.049766999 0.090311371 0.967255294
1403638197945096960.000000 4.217282295 4.849233627 5.223193169 -0.231247023 0.057329029 0.091007665 0.966931164
1403638197995097088.000000 4.231631279 4.831835270 5.236190796 -0.230873466 0.065570675 0.091240786 0.966474533
1403638198045096960.000000 4.241015911 4.813831329 5.250365257 -0.230476096 0.070728086 0.091728128 0.966159582
1403638198095097088.000000 4.247587681 4.786658764 5.273413181 -0.230503365 0.070167966 0.092530876 0.966117322
1403638198145096960.000000 4.246164799 4.767293930 5.289626598 -0.229571491 0.068263456 0.094758414 0.966259778
1403638198195097088.000000 4.239780426 4.746922970 5.306323528 -0.228832975 0.065448493 0.096083142 0.966498852
1403638198245096960.000000 4.230988503 4.724566460 5.322819233 0.228781015 -0.062173303 -0.096581429 -0.966677666
1403638198295097088.000000 4.225140095 4.702616215 5.349480629 -0.228918254 0.059812542 0.096393391 0.966812909
1403638198345096960.000000 4.212083817 4.679871559 5.365300179 -0.228963807 0.058210801 0.095926888 0.966946304
1403638198395097088.000000 4.197307587 4.656801701 5.381106853 -0.229335472 0.053589597 0.094644316 0.967251718
1403638198445096960.000000 4.182539940 4.632805824 5.397313118 0.230486587 -0.049719732 -0.091496184 -0.967487693
1403638198495097088.000000 4.166391850 4.608663559 5.412656784 0.231749341 -0.048026465 -0.088172935 -0.967580140
1403638198545096960.000000 4.149415016 4.583630085 5.428139687 0.233538002 -0.045038585 -0.082511082 -0.967793107
1403638198595097088.000000 4.141522884 4.557438374 5.450859070 -0.237510949 0.043782409 0.072975211 0.967649937
1403638198645096960.000000 4.124418736 4.530341148 5.466493130 -0.241544962 0.044135362 0.062773995 0.967350841
1403638198695097088.000000 4.108277321 4.501389027 5.482007504 -0.245111480 0.044532318 0.053152390 0.967011929
1403638198745096960.000000 4.095720291 4.470999241 5.511705399 -0.248499855 0.045098953 0.043814365 0.966588974
1403638198795097088.000000 4.083022594 4.435862064 5.526692390 -0.250632912 0.047173794 0.037998673 0.966185272
1403638198845096960.000000 4.072702885 4.397058487 5.540449142 -0.251243889 0.048015475 0.034870103 0.966103077
1403638198895097088.000000 4.066686153 4.355148315 5.556589603 -0.251384050 0.047954168 0.034234665 0.966092348
1403638198945096960.000000 4.060715199 4.308780670 5.569497108 -0.251011044 0.046999961 0.034952760 0.966210544
1403638198995097088.000000 4.056783199 4.259262085 5.582112312 -0.250244021 0.046315562 0.037146751 0.966360748
1403638199045096960.000000 4.055657387 4.207509518 5.596982002 -0.249512434 0.045810603 0.038828515 0.966507852
1403638199095097088.000000 4.057822704 4.151433468 5.608423710 -0.248756781 0.045302473 0.041224699 0.966627300
1403638199145096960.000000 4.063084126 4.092446804 5.619081497 -0.248717427 0.045982484 0.042332508 0.966557384
1403638199195097088.000000 4.068358898 4.033376694 5.630542755 -0.247705609 0.047267508 0.044418979 0.966661692
1403638199245096960.000000 4.078823090 3.968501329 5.639670849 -0.246891722 0.050168559 0.046388343 0.966631174
1403638199295097088.000000 4.092275143 3.901036978 5.648118496 -0.246950403 0.053480744 0.046269745 0.966444254
1403638199345096960.000000 4.106628895 3.831262112 5.658663750 -0.246841550 0.055300750 0.046935096 0.966337502
1403638199395097088.000000 4.121603012 3.758203745 5.665656090 -0.248255163 0.055155348 0.044048831 0.966119587
1403638199445096960.000000 4.138174057 3.682285309 5.671487331 -0.249317423 0.053602759 0.042113047 0.966019750
1403638199495097088.000000 4.155827522 3.603919029 5.677728653 0.250697941 -0.050662726 -0.040323328 -0.965897501
1403638199545096960.000000 4.178734303 3.520534039 5.676220894 -0.250979185 0.046368796 0.037701216 0.966145992
1403638199595097088.000000 4.199895859 3.436166763 5.681852818 -0.248926327 0.044494934 0.036799666 0.966799736
1403638199645096960.000000 4.222525120 3.348752737 5.687570572 -0.245006919 0.043356504 0.036170367 0.967875779
1403638199695097088.000000 4.248744011 3.258515358 5.692685127 -0.238776758 0.044294428 0.038305338 0.969307184
1403638199745096960.000000 4.273597240 3.165611029 5.698155403 -0.231744304 0.044678126 0.042902712 0.970802665
1403638199795097088.000000 4.297305107 3.070782900 5.704052925 -0.224128425 0.043922842 0.051097430 0.972227573
1403638199845096960.000000 4.318119049 2.964651346 5.718176365 -0.218017146 0.043896928 0.056636620 0.973310769
1403638199895097088.000000 4.339822769 2.867435217 5.725643158 -0.212394655 0.043422982 0.061403222 0.974285722
1403638199945096960.000000 4.360248089 2.769638777 5.733792305 -0.208071634 0.042978615 0.064551279 0.975034535
1403638199995097088.000000 4.392331123 2.664118767 5.733280182 -0.203773081 0.042818669 0.065238096 0.975903213
1403638200045096960.000000 4.411124229 2.565307379 5.742393494 -0.198819339 0.043195527 0.065334581 0.976901472
1403638200095097088.000000 4.428949833 2.466390371 5.751844406 -0.194651917 0.042405408 0.060841981 0.978064835
1403638200145096960.000000 4.460981846 2.358316422 5.750373840 -0.189716801 0.042923503 0.054135855 0.979405165
1403638200195097088.000000 4.479840755 2.258009434 5.759376526 -0.184692770 0.046379495 0.046611428 0.980594158
1403638200245096960.000000 4.500147343 2.156757355 5.768105030 -0.177356437 0.052075390 0.042087205 0.981866360
1403638200345096960.000000 4.564364433 1.935426116 5.766797066 -0.161134169 0.060904860 0.032936409 0.984500766
1403638200445096960.000000 4.612589359 1.725716949 5.775049210 -0.148219615 0.062322319 0.019848198 0.986789227
1403638200595097088.000000 4.699311733 1.386282325 5.770957470 -0.132403612 0.058879260 -0.000238111 0.989445508
1403638200745096960.000000 4.781271458 1.037736654 5.761324883 -0.115560986 0.054526135 -0.017183866 0.991653860
1403638200895097088.000000 4.849863529 0.669745088 5.757611752 -0.100943901 0.049596079 -0.019403353 0.993465722
1403638201045096960.000000 4.902011871 0.294930637 5.759431839 -0.085452281 0.050535109 -0.001934727 0.995057940
1403638201195097088.000000 4.954742908 -0.112667754 5.759846210 -0.079732440 0.055281218 0.010933169 0.995222211
1403638201345096960.000000 4.978816509 -0.500132322 5.762660027 -0.079686262 0.055986173 0.014840900 0.995135963
1403638201395097088.000000 4.985900402 -0.622812152 5.766415596 -0.081145406 0.055951860 0.013277708 0.995041966
1403638201445096960.000000 4.990583897 -0.745917201 5.769645691 -0.081934780 0.056836430 0.013863171 0.994919181
1403638201495097088.000000 4.988621712 -0.887627065 5.766368866 -0.082840182 0.057930015 0.014782450 0.994767964
1403638201645096960.000000 4.998459339 -1.267089009 5.762040138 -0.083661757 0.062621109 0.018346021 0.994355500
1403638201795097088.000000 4.998736382 -1.667846560 5.755107880 -0.086872853 0.060402554 0.016761135 0.994245291
1403638201945096960.000000 4.983132362 -2.065162897 5.745553493 -0.084236257 0.059135072 0.016191965 0.994557738
1403638202095097088.000000 4.964422226 -2.463914394 5.736749172 -0.070288479 0.056653567 0.019532867 0.995725036
1403638202245096960.000000 4.959736824 -2.866334915 5.713835716 -0.055746816 0.046649504 0.030257057 0.996895552
1403638202395097088.000000 4.959294319 -3.255649805 5.689664364 -0.050689451 0.039828908 0.026745554 0.997561514
1403638202545096960.000000 4.936955452 -3.632557631 5.688223839 -0.045712605 0.037010774 0.030854974 0.997791886
1403638202695097088.000000 4.894769669 -3.994375229 5.704863071 -0.043451063 0.037082069 0.035815232 0.997724533
1403638202845096960.000000 4.845177174 -4.344584465 5.713475227 -0.044572569 0.039670698 0.034705605 0.997614741
1403638202995097088.000000 4.798090935 -4.685262680 5.719910145 -0.045182195 0.043505102 0.035154972 0.997411668
1403638203145096960.000000 4.760114193 -5.006860733 5.720156670 -0.045135863 0.046467479 0.035072107 0.997283041
1403638203195097088.000000 4.753550529 -5.109824181 5.713090420 -0.046027519 0.049755078 0.032876078 0.997158527
1403638203245096960.000000 4.748510361 -5.211646557 5.704985142 -0.046698064 0.052412093 0.031025335 0.997050583
1403638203445096960.000000 4.730469704 -5.623126030 5.676165581 -0.044776160 0.057702053 0.033669222 0.996760726
1403638203645096960.000000 4.708006382 -6.021535873 5.623218536 -0.043422915 0.051286358 0.036269434 0.997080147
1403638203845096960.000000 4.713158131 -6.402559757 5.567351341 -0.041714109 0.053904556 0.037166346 0.996981919
1403638204045096960.000000 4.743499756 -6.758615494 5.486948013 -0.039110336 0.047886498 0.037735675 0.997373223
1403638204245096960.000000 4.774766922 -7.105080128 5.386357784 -0.033438489 0.037198577 0.046964113 0.997643530
1403638204445096960.000000 4.808522224 -7.421605587 5.289210320 -0.026718345 0.025488367 0.064850345 0.997211635
1403638204645096960.000000 4.830177307 -7.700860023 5.209393978 -0.022665916 0.025525885 0.070412047 0.996933758
1403638204845096960.000000 4.807723999 -7.952841282 5.178403854 0.010008800 -0.031120928 -0.033551093 -0.998902261
1403638205045096960.000000 4.831346989 -8.189073563 5.114454746 0.032403205 0.035412710 -0.013052039 0.998762012
1403638205245096960.000000 4.820834160 -8.425242424 5.075266361 0.111260712 0.037454024 -0.053521384 0.991641939
1403638205445096960.000000 4.835020542 -8.665051460 5.036574364 0.198352396 0.048279166 -0.091749139 0.974632025
1403638205645096960.000000 4.872800827 -8.908448219 4.992630959 0.244980469 0.067950033 -0.135894015 0.957549095
1403638205845096960.000000 4.928170204 -9.162320137 4.912319183 0.274847746 0.077780947 -0.160673976 0.944771290
1403638206045096960.000000 4.970643520 -9.411159515 4.777748108 0.319323510 0.071186416 -0.171746567 0.929229915
1403638206245096960.000000 5.003671646 -9.681264877 4.619014263 0.365643352 0.069425710 -0.176326603 0.911259592
1403638206445096960.000000 5.001954079 -9.942214012 4.437830925 0.404031068 0.067544155 -0.169747904 0.896316051
1403638206645096960.000000 4.967641830 -10.176085472 4.240394592 0.420970678 0.069707088 -0.165432483 0.889132619
1403638206845096960.000000 4.914903164 -10.400925636 4.031052113 0.436483324 0.067954235 -0.166613102 0.881535411
1403638207045096960.000000 4.825641632 -10.578836441 3.805428505 0.448351592 0.069849417 -0.163373455 0.876020014
1403638207245096960.000000 4.712821484 -10.745948792 3.596518517 0.455742240 0.074850969 -0.165237203 0.871431649
1403638207445096960.000000 4.568546295 -10.874395370 3.385741711 0.479475051 0.079514042 -0.171674177 0.856918395
1403638207645096960.000000 4.434794426 -10.974895477 3.165325165 0.511116922 0.065936811 -0.181388259 0.837562084
1403638207845096960.000000 4.334413528 -11.038026810 2.939583302 0.527922928 0.044198744 -0.195559934 0.825287998
1403638208045096960.000000 4.232635975 -11.052009583 2.692084312 0.532618761 0.030662633 -0.199327901 0.821976602
1403638208245096960.000000 4.132030487 -11.059844971 2.462744713 0.533794880 0.038373519 -0.196242943 0.821632087
1403638208445096960.000000 3.990770340 -11.042428970 2.236844540 0.529422402 0.038614597 -0.201113433 0.823270500
1403638208645096960.000000 3.883099794 -11.028634071 2.038288116 0.542076230 0.033235271 -0.209047586 0.813232958
1403638208845096960.000000 3.825091600 -11.048826218 1.884880543 0.559824705 0.033978336 -0.210409492 0.800730705
1403638209045096960.000000 3.816405058 -11.070602417 1.696215630 0.566924512 0.029131202 -0.214484274 0.794823587
1403638209245096960.000000 3.739653587 -11.014401436 1.505796909 0.570517004 0.026714558 -0.215842679 0.791965127
1403638209445096960.000000 3.628669739 -10.932616234 1.343153000 0.572643518 0.023664281 -0.214051858 0.791012824
1403638209645096960.000000 3.266135693 -10.814873695 1.229337692 0.575789452 0.029405275 -0.205960318 0.790684640
1403638209845096960.000000 3.202198505 -10.807730675 1.176796913 0.572276175 0.026806455 -0.207783982 0.792847574
1403638210045096960.000000 2.876713753 -10.672455788 1.085734844 0.573359728 0.045205243 -0.205441207 0.791839063
1403638210245096960.000000 2.691676617 -10.579627037 1.023780823 0.574938297 0.050161839 -0.198660851 0.792126060
1403638210445096960.000000 2.432646275 -10.412318230 0.950877190 0.574061513 0.049167972 -0.198533252 0.792855918
1403638210645096960.000000 2.151829243 -10.227654457 0.898413658 0.575608671 0.053239394 -0.193161428 0.792798162
1403638210845096960.000000 1.832736969 -10.012747765 0.865341187 0.575539529 0.054040466 -0.194044024 0.792578578
1403638211045096960.000000 1.610343218 -9.781108856 0.824604511 0.576032817 0.041076429 -0.194939673 0.792778313
1403638211245096960.000000 1.406052828 -9.527556419 0.781466007 0.577012837 0.036338471 -0.197276205 0.791718364
1403638211445096960.000000 1.275326014 -9.285706520 0.778445244 0.568849027 0.038101725 -0.201686576 0.796418011
1403638211645096960.000000 1.156995058 -9.048089981 0.789370060 0.546148419 0.035457030 -0.191077560 0.814833760
1403638211845096960.000000 1.028216839 -8.796325684 0.801352978 0.509394467 0.028945502 -0.166529059 0.843769848
1403638212045096960.000000 0.908134103 -8.542317390 0.828358889 0.466325969 0.026651004 -0.144687444 0.872293234
1403638212245096960.000000 0.829943419 -8.274757385 0.871522427 0.419719875 0.033766545 -0.133172408 0.897195697
1403638212445096960.000000 0.799336731 -7.990498066 0.911046147 0.374256104 0.032959856 -0.118936121 0.919075727
1403638212645096960.000000 0.817485869 -7.681996822 0.930778742 0.330030888 0.034180555 -0.099620365 0.938076317
1403638212845096960.000000 0.880037785 -7.351589203 0.925973117 0.278995782 0.033574875 -0.080088831 0.956357598
1403638213045096960.000000 0.985100091 -7.013771057 0.901714206 0.218169615 0.039377954 -0.050751496 0.973794520
1403638213245096960.000000 1.086363196 -6.669034481 0.880041838 0.163179159 0.024705281 -0.022156499 0.986038268
1403638213445096960.000000 1.143957138 -6.316263199 0.875570238 0.113047123 -0.000285285 0.023266485 0.993317246
1403638213645096960.000000 1.179956317 -5.949816227 0.904017210 0.062146015 0.014357400 0.031322718 0.997472167
1403638213845096960.000000 1.223074198 -5.569316864 0.932840586 0.032279179 0.036383621 0.022670705 0.998559117
1403638214045096960.000000 1.283301115 -5.187749386 0.949556828 0.023368698 0.031113585 0.009326160 0.999199152
1403638214245096960.000000 1.337340951 -4.808285236 0.981808782 0.025474643 0.009039502 0.004263706 0.999625504
1403638214445096960.000000 1.373530149 -4.430148125 1.048988461 0.031642992 0.000317216 -0.001044588 0.999498725
1403638214645096960.000000 1.400862932 -4.054302216 1.139223218 0.038332142 0.022804020 -0.003031992 0.999000251
1403638214845096960.000000 1.416953921 -3.691921234 1.252752542 0.044253115 0.040944699 -0.006991841 0.998156488
1403638215045096960.000000 1.410431266 -3.350891352 1.370200872 0.046904739 0.046776883 -0.010019834 0.997753203
1403638215245096960.000000 1.401650548 -3.015752792 1.479397655 0.046460003 0.043412805 -0.013446031 0.997885764
1403638215445096960.000000 1.363830328 -2.712440252 1.587121487 0.040785752 0.044010427 -0.022819847 0.997937381
1403638215495097088.000000 1.356222987 -2.633927584 1.604180694 0.040250469 0.043412693 -0.023840263 0.997961402
1403638215545096960.000000 1.355717659 -2.556669712 1.624316931 0.040017441 0.043343678 -0.024033079 0.997969151
1403638215595097088.000000 1.366297126 -2.467075348 1.653241158 -0.039975785 -0.045888625 0.025128139 -0.997830033
1403638215745096960.000000 1.349573970 -2.272736311 1.706002355 0.041516192 0.047496468 -0.019766005 0.997812569
1403638215895097088.000000 1.360194445 -2.062076807 1.747634053 0.036785387 0.047413897 -0.014149839 0.998097479
1403638216045096960.000000 1.333421826 -1.866016746 1.787467241 0.031520579 0.048398662 -0.010502596 0.998275459
1403638216095097088.000000 1.333022475 -1.797300100 1.797585845 0.029211279 0.048010003 -0.011052407 0.998358488
1403638216145096960.000000 1.341002703 -1.727211356 1.807344079 -0.027882155 -0.048326649 0.010907839 -0.998382807
1403638216195097088.000000 1.322483778 -1.673816204 1.822489262 0.026150638 0.048889976 -0.011655783 0.998393774
1403638216345096960.000000 1.329982758 -1.484757066 1.837625146 0.022650203 0.051727112 -0.010616702 0.998347938
1403638216395097088.000000 1.338644862 -1.423717380 1.840724707 0.021675283 0.052045800 -0.011396072 0.998344421
1403638216445096960.000000 1.344531059 -1.364390612 1.843473554 0.020974630 0.052587293 -0.011722384 0.998327255
1403638216495097088.000000 -1.172179103 3.528995514 -0.731260002 -0.059802875 -0.053175770 0.027139643 -0.996423364
1403638216645096960.000000 1.358423233 -1.151796937 1.840908766 0.017327921 0.048845433 -0.015222975 0.998540044
1403638216695097088.000000 1.359870911 -1.095736623 1.844677687 0.016924826 0.047265988 -0.016151814 0.998608351
1403638216745096960.000000 1.359001160 -1.041257501 1.848849535 0.016354147 0.046298780 -0.018010274 0.998631418
1403638216795097088.000000 1.340654850 -0.983698785 1.837718368 0.015641730 0.049532738 -0.018706711 0.998474777
1403638216945096960.000000 1.318381667 -0.841372192 1.846263051 0.004766721 0.055603508 -0.015263803 0.998324871
1403638216995097088.000000 1.310291409 -0.798424959 1.849657893 0.000187641 0.055701267 -0.010653712 0.998390675
1403638217045096960.000000 1.299292922 -0.755868256 1.852187634 -0.005256609 0.054111380 -0.005267261 0.998507261
1403638217095097088.000000 1.285250783 -0.715015352 1.850423098 -0.011957476 0.051535372 -0.000713926 0.998599350
1403638217245096960.000000 1.238325715 -0.571965337 1.840079188 -0.030503737 0.044858355 0.008384809 0.998492360
1403638217395097088.000000 1.198754907 -0.454844862 1.835401535 -0.044190813 0.041186616 0.012412354 0.998096585
1403638217545096960.000000 1.181328535 -0.344733059 1.816842198 -0.053514648 0.037335787 0.010634284 0.997812212
1403638217695097088.000000 1.167934418 -0.223654404 1.785657883 -0.059910584 0.036417551 0.003252661 0.997533917
1403638217745096960.000000 1.173989177 -0.194648519 1.775266171 -0.061535362 0.034538478 -0.002031761 0.997505128
1403638217795097088.000000 1.181264639 -0.167911336 1.763778210 -0.062841319 0.033173531 -0.005785594 0.997455299
1403638217845096960.000000 1.179575920 -0.133036599 1.752513289 -0.063672148 0.032700032 -0.006899174 0.997411191
1403638217895097088.000000 1.189413071 -0.112468280 1.741172314 -0.063861988 0.032693561 -0.007812312 0.997392476
1403638217945096960.000000 1.198962212 -0.094154820 1.730714798 -0.064678594 0.034488861 -0.010916105 0.997250259
1403638217995097088.000000 1.191447973 -0.058471203 1.720613718 -0.062634684 0.037376676 -0.010278645 0.997283459
1403638218045096960.000000 1.195974708 -0.043056030 1.711328626 -0.062687479 0.038377568 -0.011641704 0.997227192
1403638218095097088.000000 1.199211478 -0.029844809 1.702920556 -0.062545173 0.039423883 -0.012297797 0.997187376
1403638218145096960.000000 1.181551456 0.005511436 1.702191591 -0.060062617 0.041766092 -0.010332542 0.997267008
1403638218195097088.000000 1.181337953 0.015744133 1.694578052 -0.059864912 0.043114483 -0.010722085 0.997217357
1403638218245096960.000000 1.180167079 0.023660868 1.687318683 -0.058888581 0.046128243 -0.010760675 0.997140229
1403638218295097088.000000 1.175868988 0.033191245 1.680172205 0.056807030 -0.050089959 0.010252751 -0.997075140
1403638218345096960.000000 1.166488767 0.050585084 1.674881935 -0.054326754 0.053510532 -0.007404343 0.997060895
1403638218395097088.000000 1.164246082 0.053304408 1.666442990 -0.052267980 0.054066561 -0.004949189 0.997156203
1403638218445096960.000000 1.163144350 0.053998493 1.656134725 -0.050392937 0.054146253 -0.002638367 0.997257173
1403638218495097088.000000 1.162031054 0.056469880 1.644495130 0.048729122 -0.053905625 0.000553322 -0.997356236
1403638218545096960.000000 1.156304002 0.074839115 1.638028502 -0.047684737 0.052980110 -0.000244631 0.997456431
1403638218595097088.000000 1.159394860 0.071904011 1.623354077 -0.046790794 0.052055534 0.001191533 0.997546732
1403638218645096960.000000 1.162679195 0.068261050 1.607874513 -0.046343513 0.049394835 0.001871429 0.997701883
1403638218695097088.000000 1.161661744 0.071691804 1.593179584 -0.045777041 0.045588873 0.003872926 0.997903347
1403638218745096960.000000 1.162619233 0.067239299 1.576743722 -0.048696775 0.040979724 0.004409336 0.997962832
1403638218795097088.000000 1.162696958 0.061890624 1.560717106 -0.052154321 0.037019014 0.006410286 0.997932136
1403638218845096960.000000 1.166856885 0.058451623 1.550813675 -0.055745143 0.034221683 0.007907317 0.997827113
1403638218895097088.000000 1.164153814 0.052339457 1.536669135 -0.059204984 0.032687616 0.010889430 0.997651100
1403638218945096960.000000 1.160106063 0.045152366 1.523562789 -0.059669480 0.032044966 0.019566739 0.997511864
1403638218995097088.000000 1.154612541 0.037981290 1.511345625 0.059459843 -0.032429487 -0.028564563 -0.997294843
1403638219045096960.000000 1.148776412 0.030067837 1.499617338 0.059537597 -0.033531591 -0.036682740 -0.996988118
1403638219145096960.000000 1.144405007 0.021103971 1.482108712 -0.061746806 0.036362465 0.045260396 0.996401846
1403638219195097088.000000 1.137320399 0.014397657 1.470412374 -0.064350516 0.039014980 0.043247029 0.996226192
1403638219345096960.000000 1.115035534 0.007586590 1.433511257 -0.072577626 0.052347954 0.028891768 0.995568931
1403638219395097088.000000 1.107828975 0.006233669 1.424291134 -0.073749781 0.060522038 0.029714320 0.994995058
1403638219445096960.000000 1.100391030 0.003630536 1.411468506 -0.075113378 0.066171035 0.027431812 0.994598866
1403638219495097088.000000 1.092942715 -0.002636052 1.385960102 0.075608067 -0.068600513 -0.023963120 -0.994486392
1403638219645096960.000000 1.067999482 -0.014911573 1.334228992 -0.073476806 0.066106305 0.030145938 0.994646907
1403638219695097088.000000 1.061370254 -0.020922115 1.314459682 -0.071751922 0.064215146 0.034252919 0.994763732
1403638219745096960.000000 1.053184628 -0.026616745 1.294476628 -0.070368432 0.060881298 0.037342567 0.994960964
1403638219795097088.000000 1.052122116 -0.025618101 1.272476196 -0.067840360 0.058245197 0.042056460 0.995106280
1403638219945096960.000000 1.017893910 -0.039864656 1.206637025 -0.062400412 0.049754895 0.056251496 0.995221853
1403638220095097088.000000 0.964293182 -0.055483181 1.136855602 0.060500141 -0.043441676 -0.062104072 -0.995286703
1403638220245096960.000000 0.921981633 -0.038848475 1.065371037 -0.067994937 0.038312599 0.042226084 0.996055186
1403638220395097088.000000 0.881676793 -0.025168192 0.984727025 -0.075658813 0.036623538 0.025457732 0.996135771
1403638220545096960.000000 0.852135539 -0.015298095 0.901823640 -0.077783629 0.037054949 0.022781521 0.996020973
1403638220695097088.000000 0.834176302 -0.007734742 0.820204973 -0.079651922 0.037564293 0.022985090 0.995849490
1403638220845096960.000000 0.802593708 -0.011816182 0.737544000 0.080988318 -0.037738003 -0.026069103 -0.995659173
1403638220995097088.000000 0.760320127 -0.004557684 0.663578212 -0.081413887 0.035226081 0.026873467 0.995695114
1403638221045096960.000000 0.742205024 -0.005584122 0.644387782 -0.081655800 0.034878526 0.027176740 0.995679319
1403638221095097088.000000 0.723547399 -0.006179065 0.626065075 -0.082076520 0.034290783 0.027780566 0.995648444
1403638221145096960.000000 0.705961943 -0.006488902 0.606992126 -0.082531646 0.033298519 0.027664388 0.995647788
1403638221195097088.000000 0.694127977 -0.009814718 0.573633969 -0.082547061 0.031865206 0.027947981 0.995685458
1403638221245096960.000000 0.678491592 -0.015063589 0.551964343 -0.082882941 0.030810898 0.028464062 0.995676160
1403638221295097088.000000 0.664861262 -0.020716866 0.529969037 -0.082599349 0.029469214 0.030077836 0.995692849
1403638221445096960.000000 0.627207637 -0.031845637 0.471235782 0.082069561 -0.027638495 -0.033407521 -0.995683014
1403638221495097088.000000 0.613085210 -0.036061488 0.453767866 0.081698447 -0.027515603 -0.035193648 -0.995655417
1403638221545096960.000000 0.598774016 -0.039539654 0.436863422 0.081360146 -0.027703652 -0.036845423 -0.995618165
1403638221595097088.000000 0.585162461 -0.042577934 0.420315057 0.081519343 -0.028783815 -0.038029265 -0.995530009
1403638221745096960.000000 0.559513390 -0.033433191 0.355486929 -0.079788253 0.033720385 0.042309538 0.995342493
1403638221895097088.000000 0.503461599 -0.059421118 0.317619264 0.080599651 -0.039226614 -0.041107383 -0.995125711
1403638222045096960.000000 0.504592299 -0.056769524 0.255343676 0.082845047 -0.038186859 -0.033260360 -0.995275021
1403638222195097088.000000 0.507374763 -0.059438445 0.190549612 0.084192611 -0.028849604 -0.029633066 -0.995590866
1403638222345096960.000000 0.466481537 -0.083008967 0.143324584 -0.084786773 0.020266589 0.031079663 0.995708048
1403638222495097088.000000 0.442729264 -0.088566899 0.105043635 0.084659301 -0.013743669 -0.031443112 -0.995818913
1403638222645096960.000000 0.413253069 -0.089249894 0.078794360 0.083957471 -0.025986763 -0.032272786 -0.995607495
1403638222695097088.000000 0.403351665 -0.088804193 0.070766963 0.083671346 -0.029881779 -0.032861758 -0.995503068
1403638222745096960.000000 0.393244714 -0.089009263 0.062236935 0.084019765 -0.032303255 -0.032169849 -0.995420694
1403638222795097088.000000 0.383322597 -0.089157403 0.054561991 0.083893858 -0.033893183 -0.032259908 -0.995375514
1403638222945096960.000000 0.344218403 -0.084319502 0.026957268 -0.083130904 0.049384311 0.030245490 0.994854689
1403638222995097088.000000 0.333963662 -0.085851096 0.017588761 -0.082719475 0.051055081 0.030510379 0.994796455
1403638223045096960.000000 0.323185295 -0.087197572 0.008306398 -0.082431220 0.049936958 0.030625416 0.994873643
1403638223095097088.000000 0.314096779 -0.089498334 -0.002971709 -0.082682751 0.046224460 0.030057922 0.995049477
1403638223245096960.000000 0.271693468 -0.093333505 -0.031026343 -0.080194972 0.024426801 0.039450951 0.995698631
1403638223395097088.000000 0.244871974 -0.104705736 -0.056781933 0.078321822 -0.020928780 -0.045989644 -0.995646894
1403638223545096960.000000 0.230925694 -0.104222134 -0.080175288 -0.072606437 0.031230092 0.058061220 0.995179355
1403638223695097088.000000 0.211530954 -0.117140777 -0.095321640 -0.079442292 0.034348927 0.044354979 0.995259643
1403638223845096960.000000 0.198536962 -0.107959278 -0.113503046 -0.085561082 0.033081356 0.028570047 0.995373666
1403638223995097088.000000 0.182118014 -0.092002615 -0.136804745 0.087686658 -0.030706543 -0.023174047 -0.995405078
1403638224145096960.000000 0.131525218 -0.089980192 -0.143808499 -0.087362036 0.018656151 0.023507528 0.995724559
1403638224295097088.000000 0.111088403 -0.080559909 -0.159768820 -0.086482666 0.013492623 0.023483545 0.995885193
1403638224445096960.000000 0.092353545 -0.086565316 -0.145841941 -0.083539061 0.029750001 0.032632250 0.995525718
1403638224595097088.000000 0.074564427 -0.092502177 -0.144771278 -0.083267383 0.043617457 0.031598575 0.995070636
1403638224745096960.000000 0.051656082 -0.103390731 -0.143663824 -0.083682574 0.021793449 0.031619444 0.995752215
1403638224895097088.000000 0.044754550 -0.110049613 -0.142514974 -0.081723921 0.021392185 0.036356620 0.995761991
1403638225045096960.000000 0.049969919 -0.109684415 -0.156261966 -0.075994141 0.039131708 0.045700729 0.995291471
1403638225195097088.000000 0.065769918 -0.108722687 -0.154004082 -0.077828586 0.033408318 0.040053390 0.995601475
1403638225345096960.000000 0.073016383 -0.105413616 -0.154480129 -0.079836383 0.022292789 0.033600383 0.995992064
1403638225495097088.000000 0.072980419 -0.109401137 -0.140971899 -0.081031986 0.037451576 0.027971739 0.995614827
1403638225645096960.000000 0.066323891 -0.110302269 -0.126007006 -0.081867836 0.065096684 0.025367226 0.994191468
1403638225795097088.000000 0.029773129 -0.111138724 -0.098631300 -0.081975542 0.054279856 0.025121735 0.994838059
1403638225945096960.000000 -0.020970773 -0.113834597 -0.071259499 -0.081296027 0.024784222 0.026524916 0.996028662
1403638226095097088.000000 -0.136824906 -0.127324134 -0.016564960 -0.059010703 0.042983219 0.065586947 0.995172679
1403638226145096960.000000 -0.195016697 -0.130036712 0.007216537 -0.055722252 0.042776648 0.069798559 0.995084643
1403638226195097088.000000 -0.262192041 -0.131488860 0.033795588 0.057894107 -0.034144443 -0.062674560 -0.995768249
1403638226245096960.000000 -0.332000285 -0.131393403 0.059785999 0.070078179 -0.034016185 -0.042314854 -0.996062994
1403638226295097088.000000 -0.397266150 -0.129694298 0.073979594 0.068024993 -0.048494667 -0.055657320 -0.994948864
1403638226345096960.000000 -0.464437783 -0.126553357 0.089556716 0.068250842 -0.041232992 -0.044502601 -0.995821893
1403638226395097088.000000 -0.530175209 -0.119537838 0.103581876 0.067259446 -0.041943055 -0.042792033 -0.995934665
1403638226445096960.000000 -0.556055903 -0.121569328 0.112393193 -0.068402119 0.040678795 0.044418059 0.995838106
1403638226495097088.000000 -0.622275531 -0.111990288 0.121992312 -0.067999743 0.040936697 0.044485796 0.995852053
1403638226545096960.000000 -0.689884365 -0.101738699 0.131704390 0.067989327 -0.041984849 -0.043995511 -0.995830834
1403638226595097088.000000 -0.735890210 -0.099778861 0.137171000 -0.068496741 0.041468143 0.043332908 0.995846808
1403638226645096960.000000 -0.804105282 -0.086969241 0.142921999 -0.067926362 0.041680850 0.044081844 0.995844126
1403638226695097088.000000 -0.869442701 -0.076181509 0.144449919 -0.068226725 0.041019402 0.043131791 0.995892644
1403638226745096960.000000 -0.938701928 -0.062226865 0.146156743 -0.067733668 0.040868089 0.044605613 0.995867670
1403638226795097088.000000 -0.980219424 -0.059737802 0.150624365 -0.068539597 0.041608937 0.042349048 0.995880365
1403638226845096960.000000 -1.050030351 -0.044245958 0.148180708 -0.067874767 0.041625299 0.043592498 0.995871544
1403638226895097088.000000 -1.102451682 -0.036858656 0.148274302 -0.068189099 0.042041752 0.042540081 0.995878041
1403638226945096960.000000 -1.172642708 -0.019878477 0.142476276 -0.068029404 0.042021371 0.043090843 0.995866179
1403638226995097088.000000 -1.223428845 -0.013199219 0.140404895 -0.067678139 0.041906867 0.043310929 0.995885432
1403638227045096960.000000 -1.295069575 0.005622731 0.131982148 -0.068075471 0.042291932 0.042107113 0.995893657
1403638227095097088.000000 -1.344712377 0.012391875 0.127035409 -0.067407988 0.042691376 0.043159205 0.995877028
1403638227145096960.000000 -1.416970491 0.033466596 0.115202069 -0.067780077 0.042684391 0.042112261 0.995896876
1403638227195097088.000000 -1.466243029 0.041696794 0.107923590 -0.067135349 0.043137550 0.043000124 0.995883107
1403638227245096960.000000 -1.540177941 0.064131275 0.092335597 -0.067226961 0.043097332 0.042415649 0.995903671
1403638227295097088.000000 -1.588248968 0.073769502 0.083015010 -0.067044377 0.043567616 0.042302884 0.995900333
1403638227345096960.000000 -1.662187934 0.098047860 0.064568751 -0.066890374 0.043542184 0.042592432 0.995899439
1403638227395097088.000000 -1.710391641 0.106925212 0.052159213 -0.066993758 0.043922491 0.041728958 0.995912373
1403638227445096960.000000 -1.781295776 0.130806461 0.033725444 0.066785477 -0.043863531 -0.042241611 -0.995907366
1403638227495097088.000000 -1.831595182 0.141403213 0.015323492 -0.066495255 0.044778287 0.041718069 0.995908082
1403638227545096960.000000 -1.901775837 0.165856928 -0.005194903 0.066345021 -0.044836782 -0.041868098 -0.995909154
1403638227595097088.000000 -1.951630712 0.177041277 -0.028142558 -0.066194125 0.045162980 0.041701239 0.995911539
1403638227645096960.000000 -2.022632837 0.203297436 -0.051571690 -0.066232383 0.045199424 0.041511469 0.995915234
1403638227695097088.000000 -2.072278023 0.214448184 -0.078203514 -0.066062413 0.045114871 0.041854747 0.995916009
1403638227745096960.000000 -2.143325090 0.240043446 -0.104254998 0.066121161 -0.045185890 -0.041625641 -0.995918453
1403638227795097088.000000 -2.195278645 0.254671901 -0.134632647 -0.065958209 0.045176908 0.041890044 0.995918632
1403638227845096960.000000 -2.265114784 0.280401468 -0.164248958 0.065989502 -0.045144532 -0.041682366 -0.995926738
1403638227895097088.000000 -2.320490122 0.297537863 -0.197268918 -0.065879852 0.045193810 0.041783877 0.995927513
1403638227945096960.000000 -2.390523195 0.323646963 -0.229421288 0.065822467 -0.045208316 -0.041824758 -0.995928884
1403638227995097088.000000 -2.447937012 0.343202770 -0.266357988 -0.065787017 0.045288134 0.041789476 0.995929122
1403638228045096960.000000 -2.519041061 0.370818406 -0.301501215 -0.065707579 0.045285329 0.041870322 0.995931089
1403638228095097088.000000 -2.577714205 0.391714990 -0.341932893 -0.065673508 0.045333907 0.041698705 0.995938301
1403638228145096960.000000 -2.648928404 0.420289934 -0.380676359 -0.065578833 0.045383487 0.041817673 0.995937288
1403638228195097088.000000 -2.719570398 0.451885849 -0.421454966 0.065571539 -0.045379341 -0.041765634 -0.995940149
1403638228245096960.000000 -2.776383638 0.469902068 -0.467289925 -0.065457448 0.045451928 0.041776907 0.995943904
1403638228295097088.000000 -2.848590136 0.501961589 -0.510809481 -0.065378629 0.045523040 0.041828893 0.995943606
1403638228345096960.000000 -2.919842243 0.532093227 -0.556459486 0.065362766 -0.045488317 -0.041849107 -0.995945394
1403638228395097088.000000 -2.980176926 0.554740846 -0.606895089 -0.065221943 0.045538984 0.041936964 0.995948672
1403638228445096960.000000 -3.052422523 0.586505830 -0.655441940 0.065185688 -0.045543797 -0.041821782 -0.995955646
1403638228495097088.000000 -3.125181437 0.618973553 -0.705558717 0.065105237 -0.045638580 -0.041916687 -0.995952547
1403638228545096960.000000 -3.189314842 0.646095693 -0.761228800 -0.064988531 0.045632076 0.041867025 0.995962620
1403638228595097088.000000 -3.263266563 0.679991663 -0.814538419 -0.064883567 0.045646824 0.041880399 0.995968103
1403638228645096960.000000 -3.334566355 0.713079035 -0.871516049 0.064909004 -0.045611728 -0.041864723 -0.995968759
1403638228695097088.000000 -3.408010006 0.747669756 -0.929068506 0.064844556 -0.045677561 -0.041891821 -0.995968759
1403638228745096960.000000 -3.482066154 0.783001721 -0.988244653 0.064764000 -0.045691118 -0.041893858 -0.995973408
1403638228795097088.000000 -3.549514055 0.812578321 -1.051142335 -0.064748190 0.045651361 0.041885693 0.995976508
1403638228845096960.000000 -3.624595165 0.849342048 -1.113650441 -0.064616174 0.045770317 0.041878473 0.995979965
