1403638538777829376.000000 -4.671511173 -1.564779758 0.121274702 -0.589084029 -0.596549928 -0.381823689 0.388997346
1403638539027829504.000000 -4.673279762 -1.554229736 0.122304395 -0.583721519 -0.591021657 -0.390043199 0.397276998
1403638539277829376.000000 -4.675744534 -1.534869790 0.148554832 -0.575901926 -0.581329048 -0.401595712 0.411235213
1403638540027829504.000000 -4.683979988 -1.455672860 0.304736644 -0.582051516 -0.597151458 -0.382901549 0.397508115
1403638542577829376.000000 -5.642605305 -0.407976180 0.596441805 -0.302823782 -0.753199041 -0.256205231 0.524736106
1403638542977829376.000000 -5.952271461 -0.351817727 0.668427408 -0.307423532 -0.762303233 -0.226240560 0.522685230
1403638543327829504.000000 -6.237078190 -0.346882969 0.752149224 -0.317400187 -0.761082411 -0.220347524 0.521016002
1403638543527829504.000000 -6.405107498 -0.344233930 0.773004055 -0.309604466 -0.765379012 -0.214225411 0.521965086
1403638545027829504.000000 -7.831757545 -0.338950604 0.979363799 -0.190166906 -0.800758600 -0.128320202 0.553313851
1403638546277829376.000000 -8.991172791 -0.308302999 0.982746482 -0.056855686 -0.824398279 -0.048816357 0.561027586
1403638546477829376.000000 -9.178256989 -0.314780176 0.975512862 -0.053017456 -0.825156748 -0.037079904 0.561186850
1403638546777829376.000000 -9.471211433 -0.329641700 0.980637550 -0.034822293 -0.826225638 -0.028480181 0.561540365
1403638546977829376.000000 -9.675623894 -0.347053051 1.026895523 -0.024396408 -0.827545643 -0.028401693 0.560148656
1403638547227829504.000000 -9.932371140 -0.374084115 1.058336258 -0.016378511 -0.828771114 -0.034168657 0.558303475
1403638548577829376.000000 -11.498142242 -0.832430542 0.964535415 0.034007829 -0.829303861 0.019036241 0.557437062
1403638548827829504.000000 -11.815728188 -0.950644374 0.998995841 0.049863357 -0.829001367 0.029492904 0.556237936
1403638549077829376.000000 -12.138587952 -1.070248485 1.072888613 0.053032916 -0.829340816 0.032741468 0.555256069
1403638549977829376.000000 -13.359964371 -1.468968987 1.404756665 0.042338427 -0.827354431 0.040337559 0.558627844
1403638550177829376.000000 -13.639915466 -1.546201229 1.507554054 0.041901521 -0.828102231 0.042460453 0.557394087
1403638550477829376.000000 -14.068982124 -1.653677821 1.694462776 0.042918723 -0.827159584 0.044075098 0.558589578
1403638550777829376.000000 -14.496156693 -1.740558863 1.840080738 0.038484745 -0.821171761 0.051028490 0.567090809
1403638550977829376.000000 -14.765708923 -1.785338163 1.919314742 0.036621846 -0.809829295 0.052187458 0.583191216
1403638551177829376.000000 -15.011744499 -1.818688512 1.982719779 0.032955952 -0.804778457 0.057060115 0.589906514
1403638553877829376.000000 -16.266757965 0.004242606 2.518457890 -0.064657025 -0.786918938 -0.049879361 0.611629128
1403638556677829376.000000 -14.395478249 2.265398264 2.907594442 -0.125770450 -0.823212266 -0.053657334 0.551021039
1403638559477829376.000000 -14.180860519 5.422566891 3.376818657 -0.110177048 -0.815376759 -0.079770379 0.562724113
1403638561827829504.000000 -14.561306000 7.464708805 3.007071733 -0.383641154 -0.715160191 -0.268564522 0.518882096
1403638563277829376.000000 -13.827877998 7.968989372 2.930442810 -0.570022643 -0.572821021 -0.377882659 0.451835245
1403638563477829376.000000 -13.671834946 7.983750820 2.899282455 -0.574192703 -0.551153779 -0.393521070 0.460079879
1403638563877829376.000000 -13.285216331 7.938843250 2.865241766 -0.578036666 -0.557343185 -0.386691183 0.453554958
1403638564127829504.000000 -13.007521629 7.861777306 2.875202179 -0.573481202 -0.561358035 -0.380735248 0.459387958
1403638564427829504.000000 -12.611489296 7.734142780 2.866453409 -0.558622479 -0.568545580 -0.386277050 0.464205801
1403638565027829504.000000 -11.683850288 7.320120335 2.831066847 -0.565847278 -0.563889325 -0.371122181 0.473406792
1403638566777829376.000000 -8.409061432 5.431962013 1.861599445 -0.568564296 -0.604052842 -0.373261333 0.415368319
1403638566927829504.000000 -8.161145210 5.266198635 1.722653270 -0.571742594 -0.613912284 -0.363427520 0.405145168
1403638567127829504.000000 -7.854168415 5.081920147 1.550070405 -0.560367763 -0.608343542 -0.376655936 0.417176694
1403638567927829504.000000 -6.787799358 4.423208237 0.904981434 -0.561446846 -0.603582084 -0.390139908 0.410191417
1403638570577829376.000000 -5.635840416 3.668573618 0.378025293 -0.596554756 -0.565643728 -0.381616056 0.422538489
1403638573127829504.000000 -3.510776043 2.673948050 0.030983679 -0.778968394 -0.304832220 -0.510565221 0.199019730
1403638573377829376.000000 -3.183970928 2.602013350 0.044546034 -0.778125405 -0.308637679 -0.508467674 0.201802716
1403638573627829504.000000 -2.840789080 2.566542149 0.084715500 -0.778358757 -0.308463991 -0.510585308 0.195730403
1403638574127829504.000000 -2.144405365 2.605009794 0.227808878 -0.780881107 -0.227415353 -0.553700924 0.178668261
1403638574377829376.000000 -1.809700966 2.624575853 0.257879436 -0.793439806 -0.158560246 -0.566565335 0.155934498
1403638574677829376.000000 -1.429222822 2.595349789 0.268256843 -0.804177046 -0.111951306 -0.573575914 0.108521298
1403638574927829504.000000 -1.129721165 2.550068378 0.310830951 -0.813198268 -0.108358935 -0.565807521 0.082637206
1403638575377829376.000000 -0.603384554 2.453825951 0.334490508 -0.820931911 -0.100836165 -0.553142786 0.099678978
1403638575677829376.000000 -0.229227304 2.368665695 0.317158967 -0.824996531 -0.120492354 -0.545096755 0.087930515
1403638576177829376.000000 0.471711397 2.259351254 0.424321681 -0.825305760 -0.132336497 -0.542892277 0.081396155
1403638576427829504.000000 0.856839955 2.240246058 0.501928806 -0.822637796 -0.138924107 -0.546787024 0.070648350
1403638576727829504.000000 1.331655145 2.273299694 0.551035166 -0.820023179 -0.149512962 -0.549759746 0.054518025
1403638576977829376.000000 1.728643537 2.347054243 0.563585520 -0.809844613 -0.141819611 -0.565361977 0.066368870
1403638577227829504.000000 2.104334593 2.449757576 0.577215731 -0.809642732 -0.132618904 -0.566248655 0.079077713
1403638577527829504.000000 2.534482956 2.603600979 0.639885843 -0.808450341 -0.142593831 -0.567288339 0.065262318
1403638577777829376.000000 2.868275642 2.759917736 0.687584341 -0.810740829 -0.139232218 -0.564051211 0.071833879
1403638578027829504.000000 3.187959909 2.935068607 0.692485332 -0.809958577 -0.140706494 -0.564714551 0.072569296
1403638578427829504.000000 3.693032742 3.256561518 0.763067484 -0.811091065 -0.125546902 -0.563049078 0.096670128
1403638578727829504.000000 4.066040039 3.485472679 0.775914013 -0.809346259 -0.126616806 -0.566065431 0.092177257
1403638578977829376.000000 4.365793228 3.670280933 0.767824352 -0.807717860 -0.135457858 -0.568217218 0.079826407
1403638579227829504.000000 4.659285545 3.872903585 0.802703261 -0.806535184 -0.137196839 -0.569520175 0.079529829
1403638582127829504.000000 6.298262119 5.323077202 0.800048113 -0.691011369 -0.415360630 -0.506454051 0.305750221
1403638584877829376.000000 5.547513008 5.762535095 1.521700859 -0.692284048 -0.422434539 -0.505827129 0.293991357
1403638586227829504.000000 4.532750130 5.674143791 1.647910118 -0.702063978 -0.421273112 -0.494671911 0.291435987
1403638586977829376.000000 3.938901186 5.672915459 1.675957084 -0.694322526 -0.419182390 -0.506350219 0.292936742
1403638587277829376.000000 3.671632290 5.657790184 1.656194448 -0.696672678 -0.421181470 -0.502581596 0.290972769
1403638587977829376.000000 3.042466402 5.615219593 1.671158791 -0.702343702 -0.418048233 -0.496349394 0.292551339
1403638588927829504.000000 2.199072361 5.566616535 1.480197191 -0.696824372 -0.418901592 -0.502919316 0.293307930
1403638591277829376.000000 0.023601104 5.091575146 1.394458652 -0.719675839 -0.422451645 -0.475141495 0.279001474
1403638591577829376.000000 -0.180956766 5.075712681 1.410492778 -0.731048286 -0.425277412 -0.458382040 0.273118109
1403638594377829376.000000 -0.423692197 6.228355408 2.105199099 -0.641571105 -0.492263347 -0.474698782 0.347454369
1403638595227829504.000000 -0.599770606 6.329089642 2.391523838 -0.649149716 -0.490879983 -0.463197410 0.350841343
1403638595727829504.000000 -0.713110805 6.319695473 2.404982328 -0.648023546 -0.494425833 -0.464620799 0.346029103
1403638596427829504.000000 -0.950935841 6.258697510 2.360558271 -0.625156701 -0.520677686 -0.493538052 0.307398945
1403638596677829376.000000 -1.142333388 6.249780178 2.390596151 -0.614224136 -0.530332804 -0.504837871 0.294303745
1403638597327829504.000000 -2.140321493 6.304560661 2.575207472 -0.606623232 -0.525782049 -0.518089294 0.295203507
1403638597527829504.000000 -2.581445932 6.332781792 2.593826771 -0.613760352 -0.511107862 -0.511918068 0.316238642
1403638597727829504.000000 -3.061334848 6.354104042 2.586184978 -0.617291629 -0.503119826 -0.508866668 0.326919436
1403638597927829504.000000 -3.574188709 6.366415024 2.559735775 -0.604969740 -0.520625234 -0.512351990 0.316948652
1403638598127829504.000000 -4.128109455 6.369890213 2.538164139 -0.604112744 -0.523611784 -0.501420796 0.330840915
1403638598327829504.000000 -4.709422112 6.353429317 2.534898281 -0.618619323 -0.515143812 -0.475654155 0.354528069
1403638598527829504.000000 -5.289313316 6.324107647 2.520263195 -0.624205768 -0.515150130 -0.464367777 0.359652758
1403638598727829504.000000 -5.860919952 6.283805370 2.481244802 -0.617269337 -0.527867734 -0.453632444 0.366813213
1403638598927829504.000000 -6.423987865 6.237984180 2.456127167 -0.598272860 -0.549853265 -0.442136705 0.379797339
1403638599127829504.000000 -6.976264000 6.186703205 2.438190460 -0.574175954 -0.574428141 -0.427572101 0.396908432
1403638599327829504.000000 -7.518267155 6.121644974 2.445520639 -0.549950063 -0.601117671 -0.407855690 0.412148416
1403638599527829504.000000 -8.056328773 6.050427437 2.489390612 -0.533185303 -0.621569216 -0.390914410 0.420179993
1403638599727829504.000000 -8.589916229 5.982586384 2.518146515 -0.529784977 -0.629493356 -0.380955637 0.421827823
1403638600127829504.000000 -9.622513771 5.881668091 2.468500137 -0.546266019 -0.617483854 -0.365001142 0.432529092
1403638600527829504.000000 -10.573632240 5.853655815 2.422438860 -0.575211167 -0.601336062 -0.334428310 0.442362696
1403638600727829504.000000 -10.967688560 5.876445770 2.424328566 -0.579530537 -0.603414595 -0.329777926 0.437357783
1403638600927829504.000000 -11.306976318 5.923547745 2.455209970 -0.572041810 -0.619547963 -0.338349730 0.417669684
1403638601127829504.000000 -11.614690781 6.004605293 2.484195471 -0.559797525 -0.631075442 -0.353807867 0.403968543
1403638601327829504.000000 -11.913904190 6.123222351 2.475685120 -0.542164326 -0.632533252 -0.375436723 0.406210452
1403638601527829504.000000 -12.222011566 6.253489494 2.482308388 -0.526354909 -0.633724689 -0.368714094 0.430573493
1403638601727829504.000000 -12.529697418 6.385775089 2.515806675 -0.491507024 -0.656065881 -0.355432391 0.449072659
1403638601927829504.000000 -12.835305214 6.513074398 2.582196712 -0.445004642 -0.686018169 -0.334764451 0.468276352
1403638602127829504.000000 -13.143973351 6.627210617 2.634472609 -0.414235294 -0.705629110 -0.316986114 0.479600370
1403638604427829504.000000 -14.415837288 5.895376682 2.941818237 -0.201187879 -0.771979570 -0.170441344 0.578377783
1403638604677829376.000000 -14.331438065 5.624858856 2.951614141 -0.209021926 -0.781618655 -0.160671934 0.565302372
1403638605677829376.000000 -14.020563126 4.596555710 3.023236275 -0.188531503 -0.791176617 -0.187928706 0.550616324
1403638605977829376.000000 -14.003110886 4.262411594 3.055061102 -0.183855906 -0.793085515 -0.195563987 0.546778917
1403638606227829504.000000 -14.018980026 3.929729700 3.093632698 -0.181708351 -0.795020044 -0.201816380 0.542397916
1403638606527829504.000000 -14.080772400 3.477299929 3.080544472 -0.209914312 -0.804531872 -0.167788818 0.529633403
1403638606977829376.000000 -14.286149979 2.807000399 2.970961094 -0.179896981 -0.825982869 -0.116431683 0.521376193
1403638607377829376.000000 -14.595958710 2.315582037 2.944647312 -0.132653341 -0.812995493 -0.078153215 0.561545730
1403638607677829376.000000 -14.838561058 2.005699396 2.865682840 -0.127040595 -0.810108364 -0.070296437 0.568017364
1403638608827829504.000000 -15.603839874 1.137774825 2.223426819 -0.129752442 -0.795219064 -0.085049100 0.586137950
1403638609077829376.000000 -15.684440613 0.985949159 2.101527929 -0.134111851 -0.803512573 -0.078602500 0.574633121
1403638609327829504.000000 -15.738501549 0.854536295 2.009945154 -0.140545666 -0.799050272 -0.069713153 0.580435812
1403638609627829504.000000 -15.780129433 0.735666037 1.838678479 -0.136095732 -0.802173078 -0.077261776 0.576217890
1403638610027829504.000000 -15.795170784 0.612904549 1.610895991 -0.134342954 -0.800859213 -0.079681076 0.578124106
1403638610527829504.000000 -15.743191719 0.508234620 1.385535598 -0.133781403 -0.789772630 -0.082447462 0.592928529
1403638610827829504.000000 -15.635979652 0.458904892 1.200088859 -0.134063929 -0.789763927 -0.078780130 0.593374610
1403638611227829504.000000 -15.410258293 0.412548721 1.004961252 -0.132432088 -0.788273275 -0.075400256 0.596155941
1403638611577829376.000000 -15.150156021 0.379388839 0.879557371 -0.114361301 -0.794838130 -0.104244955 0.586759686
1403638611977829376.000000 -14.811858177 0.290276557 0.774707198 -0.134448051 -0.800738811 -0.081139952 0.578063428
1403638612277829376.000000 -14.555556297 0.227823794 0.709517121 -0.139632374 -0.802190781 -0.078046128 0.575240493
1403638612627829504.000000 -14.260194778 0.194771752 0.668357253 -0.134868443 -0.801489770 -0.091056630 0.575441837
1403638612977829376.000000 -13.954380989 0.155815005 0.571753323 -0.134218335 -0.798126638 -0.101738587 0.578470945
1403638613277829376.000000 -13.680471420 0.097382374 0.542584658 -0.139422610 -0.801905930 -0.097661741 0.572687089
1403638613627829504.000000 -13.353710175 0.027028084 0.533561051 -0.146620572 -0.796943665 -0.098579362 0.577637851
1403638613977829376.000000 -13.016438484 -0.056355353 0.449873358 -0.173905805 -0.784340143 -0.112284057 0.584773064
1403638614227829504.000000 -12.741851807 -0.119793251 0.359896719 -0.213609159 -0.780706346 -0.142407581 0.569727123
1403638614477829376.000000 -12.457080841 -0.186175704 0.299837828 -0.243371204 -0.776326239 -0.155909225 0.560161114
1403638614727829504.000000 -12.169934273 -0.245353371 0.297971845 -0.274806827 -0.768341601 -0.160078213 0.555434287
1403638615027829504.000000 -11.801243782 -0.288778573 0.358558953 -0.333559304 -0.753960073 -0.183997780 0.535188913
1403638615327829504.000000 -11.408810616 -0.282752484 0.453146279 -0.391263813 -0.718640387 -0.254853189 0.515284956
1403638615677829376.000000 -10.932581902 -0.278047085 0.532217085 -0.457363218 -0.672957838 -0.312879920 0.489951909
1403638615927829504.000000 -10.621572495 -0.270808876 0.593309820 -0.481389463 -0.655142248 -0.327856004 0.481210202
1403638616177829376.000000 -10.308857918 -0.272470742 0.644309223 -0.508105397 -0.636424959 -0.344917178 0.466716498
1403638616427829504.000000 -9.992066383 -0.284074277 0.605626345 -0.544716179 -0.607750356 -0.366834611 0.446493179
1403638616677829376.000000 -9.677494049 -0.296870828 0.514180958 -0.572146535 -0.592873156 -0.374792963 0.425064832
1403638617327829504.000000 -8.855175972 -0.207546800 0.338123649 -0.576322019 -0.601776719 -0.374674529 0.406616271
1403638617627829504.000000 -8.489990234 -0.087568775 0.370629638 -0.572464347 -0.612814128 -0.370396495 0.399437040
1403638617927829504.000000 -8.158584595 0.093835071 0.476893157 -0.564617634 -0.616243601 -0.373930454 0.402028352
1403638618577829376.000000 -7.548906326 0.588791966 0.649104059 -0.557979047 -0.619896770 -0.374054909 0.405549347
1403638618877829376.000000 -7.304437637 0.868567944 0.728303611 -0.562634945 -0.612837613 -0.383196533 0.401288420
1403638621777829376.000000 -5.392278671 2.727718830 0.529420912 -0.636665285 -0.498230219 -0.465868056 0.359709561
1403638624727829504.000000 -4.837494373 1.144978404 0.465633780 -0.643583417 -0.479342103 -0.470391214 0.367101789
1403638625027829504.000000 -4.828498363 0.829644322 0.469191045 -0.639702260 -0.500111043 -0.457482159 0.362463802
1403638625277829376.000000 -4.823722363 0.561581612 0.467134088 -0.640454292 -0.502703726 -0.447294831 0.370181799
1403638625527829504.000000 -4.809978008 0.291929156 0.463220984 -0.638742030 -0.503386199 -0.447166622 0.372361511
1403638625777829376.000000 -4.791932583 0.020491127 0.496610463 -0.644192517 -0.507624388 -0.439687818 0.366071135
1403638626027829504.000000 -4.766752720 -0.242145270 0.517031491 -0.647871971 -0.510295928 -0.436278790 0.359890074
1403638626277829376.000000 -4.731406689 -0.486684084 0.516165435 -0.647377431 -0.510010898 -0.438368201 0.358642995
1403638626777829376.000000 -4.664262295 -0.931219935 0.450213343 -0.646453023 -0.517522573 -0.439022601 0.348608762
1403638627277829376.000000 -4.617156029 -1.254195809 0.444292217 -0.647117376 -0.521360815 -0.435741693 0.345761746
1403638627577829376.000000 -4.585844994 -1.383812904 0.409588009 -0.644319594 -0.522221863 -0.439506650 0.344921052
1403638627827829504.000000 -4.566900253 -1.465977311 0.371591717 -0.639479458 -0.519147754 -0.447459817 0.348326623
1403638628127829504.000000 -4.560999870 -1.542581201 0.325021803 -0.642034531 -0.521617115 -0.445546508 0.342338502
1403638628427829504.000000 -4.574364185 -1.588870764 0.295591295 -0.645031095 -0.519758165 -0.442890614 0.342978656
1403638628727829504.000000 -4.596884251 -1.612137556 0.289171249 -0.645871401 -0.501795471 -0.442366809 0.367917359
1403638629027829504.000000 -4.602248192 -1.643401623 0.262012631 -0.641607583 -0.508163333 -0.449716359 0.357582152
1403638629327829504.000000 -4.611528397 -1.672108769 0.268956572 -0.641517103 -0.514025986 -0.449709952 0.349276692
1403638629677829376.000000 -4.643888950 -1.673880100 0.292528808 -0.656494856 -0.511837065 -0.429988295 0.349495947
1403638629977829376.000000 -4.652987957 -1.639845848 0.304122776 -0.645452082 -0.498153329 -0.448086679 0.366678655
1403638630277829376.000000 -4.644480705 -1.618904591 0.235063255 -0.640029430 -0.507773459 -0.455857784 0.353160411
1403638630727829504.000000 -4.663091660 -1.546863079 0.191977143 -0.642582715 -0.524339199 -0.438796997 0.345851272
1403638631227829504.000000 -4.730182648 -1.591733813 0.029353753 -0.637540817 -0.521453261 -0.448840201 0.346656561
1403638631427829504.000000 -4.770508766 -1.645807743 -0.042479303 -0.636991262 -0.521870852 -0.450084329 0.345423132
1403638631577829376.000000 -4.806839466 -1.699429631 -0.096928075 -0.637157083 -0.521865249 -0.450015426 0.345215380
