0,0.549193,-2.96811,10.2487
0,0.500029,-2.9429,10.1616
0,0.541595,-3.32538,10.1069
0,0.298861,-3.37745,10.1303
0,-1.57551,-2.60421,10.5005
0,0.0933863,-3.0181,12.2778
0,-1.9507,-1.45709,7.21234
0,0.0886242,-0.0363571,0.280161
0,0.912084,-2.56669,10.8272
0,0.375727,-2.56057,10.4165
0,2.22363,-3.33699,12.1663
0,4.30007,-3.27631,10.822
0,0.847105,-3.44208,10.3242
0,3.9348,-2.00468,8.37903
0,-2.11366,-4.06106,13.1292
0,4.26414,-2.85437,8.5614
0,-2.85968,-5.26494,13.1492
0,-2.92705,-5.22731,13.1414
0,2.19204,-3.30543,12.0512
0,1.38002,-3.65794,9.51014
0,4.26127,-3.25145,10.7243
0,3.1993,-3.27094,8.6218
0,3.96072,-2.01962,8.41069
0,4.24561,-2.85819,8.53921
0,3.96137,-3.16927,8.41206
0,-3.06073,-4.18306,10.5162
0,-3.61644,-4.00582,10.1376
0,6.18746,-4.89246,18.3651
0,0.365412,-2.57979,10.5135
0,0.863023,-3.49294,10.5182
0,0.297129,-3.37111,10.0716
0,0.796504,-3.8837,10.0286
0,0.548033,-3.99319,10.3113
0,-3.14298,-4.23746,10.5141
0,-2.22479,-4.26399,13.7076
0,1.21073,-4.02928,10.4186
0,0.887219,-3.77122,9.75136
0,-2.728,-5.26798,12.8862
0,-2.73119,-5.00309,12.5281
0,0.105872,-2.91502,11.7538
0,5.27721,-1.94032,9.51762
0,4.1142,-2.11875,8.76595
0,-3.15393,-4.30113,10.8561
0,-3.34075,-3.35965,11.6252
0,-3.10188,-4.26811,11.0362
0,4.40165,-3.27558,11.0923
0,3.25383,-3.35969,8.83127
0,3.06888,-3.34271,8.86005
0,1.34279,-3.59171,9.28722
0,4.27493,-2.8796,8.64388
0,3.99003,-3.2074,8.5014
0,3.75784,-3.12132,8.34296
0,0.407365,-2.73684,10.8968
0,-3.39552,-2.98993,11.2014
0,-0.171193,-0.119149,0.49296
0,0.567101,-3.52096,10.6701
0,0.49558,-3.59118,10.5796
0,5.03281,-2.73574,8.45203
0,1.96855,-2.98606,10.8287
0,1.43519,-3.74471,9.7145
0,4.05376,-3.00547,10.1994
0,3.6477,-3.57031,9.44753
0,3.22739,-3.5021,9.26705
0,0.887414,-3.75974,9.7535
0,0.498434,-3.43368,10.0969
0,-4.14253,-3.75478,8.49058
0,-4.28196,-3.88728,8.64231
0,-4.44099,-3.97797,8.6976
0,0.385609,-2.56688,10.1437
0,4.46377,-3.32608,8.80126
0,3.77493,-3.13551,8.38091
0,5.0306,-2.73361,8.41267
0,11.213,-6.87507,14.6679
0,5.45289,-2.01178,9.86813
0,4.40119,-2.19566,9.22863
0,0.524332,-3.84018,9.86535
0,-3.80162,-2.98078,10.8096
0,-3.05913,-5.3517,13.4862
0,-3.06671,-4.17976,10.533
0,0.147695,-3.14463,12.8098
0,-4.82217,-3.92779,8.73237
0,-4.39206,-3.24937,8.86453
0,-3.56423,-3.93696,9.92111
0,-4.80487,-3.18695,7.79331
0,-4.67716,-3.80446,8.45818
0,-4.59808,-3.68674,7.80266
0,-3.78224,-3.30473,8.26486
0,-3.97855,-3.65349,8.20538
0,-4.17203,-3.73833,8.1467
0,0.360712,-2.80658,11.025
0,3.37583,-3.29114,8.7263
0,3.17192,-3.28373,8.60307
0,5.49458,-2.02636,9.90289
0,4.92559,-2.68505,8.20591
0,12.68,-6.94769,16.8032
0,4.23237,-3.16149,8.38253
0,3.758,-3.1153,8.26005
0,-2.17607,-4.02573,13.0262
0,-3.63143,-4.08132,11.9746
0,-2.83732,-5.01827,12.5503
0,0.558805,-3.74337,10.9831
0,1.47105,-3.76859,9.75731
0,0.933794,-3.93131,10.1786
0,-4.17043,-3.07933,8.3661
0,-3.718,-4.10357,10.2627
0,-5.24118,-2.88035,7.45755
0,-4.04392,-3.51247,8.78439
0,-4.13212,-3.38016,8.57027
0,-4.14583,-4.09227,8.90041
0,3.66026,-3.6024,9.52863
0,6.1043,-3.2478,9.87096
0,4.27354,-3.26479,10.8183
0,4.4471,-3.37234,8.92012
0,3.89543,-3.237,8.56211
0,0.534611,-3.50913,10.3233
0,1.55618,-3.89741,10.0202
0,0.575019,-3.90771,10.0466
0,0.891516,-3.78861,9.79531
0,0.55452,-3.67727,9.50745
0,0.322672,-2.63326,10.0293
0,0.513855,-3.3837,9.92251
0,-0.0378746,-0.0589912,0.320428
0,4.21767,-3.19566,10.5892
0,3.86912,-3.16292,8.46375
0,1.44631,-3.73292,9.65133
0,-3.2262,-5.62474,14.067
0,5.88715,-3.11093,9.48638
0,4.08667,-3.08751,8.23314
0,3.70993,-3.0434,8.11552
0,6.05003,-3.27286,9.98016
0,1.69446,-4.37954,11.2094
0,0.696375,-4.19461,10.7361
0,-3.22878,-5.62506,13.8415
0,4.15317,-4.28774,11.1994
1,-0.0436161,-0.0600299,0.327508
1,-0.259545,-0.144374,0.544234
1,-0.16352,-0.254956,1.40536
1,-4.52173,-2.93166,8.29911
1,3.87557,-3.13698,8.2874
1,3.98971,-1.88967,8.58252
1,-4.01383,-3.16871,8.73455
1,4.31198,-2.97258,8.74956
1,4.47049,-3.32419,8.7724
1,-3.84435,-3.32562,8.80554
1,3.47609,-3.39318,9.00143
1,-4.10518,-3.45539,9.24477
1,3.61627,-3.56527,9.39546
1,0.739625,-3.76004,9.69595
1,1.60592,-3.58753,9.94309
1,0.525371,-2.55164,10.1703
1,0.590194,-3.98159,10.2053
1,-3.00178,-4.06951,10.2215
1,0.858957,-3.57654,10.7035
1,4.3117,-3.1675,10.7779
1,-1.63563,-2.72301,10.9591
1,-3.98014,-2.94715,11.1567
1,0.532476,-3.78144,11.1403
1,-3.95539,-3.05993,11.1813
2,-0.0267124,-0.0294029,0.243176
2,0.0248175,-0.0146398,0.279889
2,0.00862053,-0.0561593,0.321621
2,-0.0212581,-0.055506,0.335185
2,-0.057475,-0.0708795,0.355343
2,-0.0586099,-0.07004,0.35576
2,-0.0584007,-0.0704599,0.355752
2,-0.0579997,-0.06996,0.355833
2,-0.0571201,-0.0694998,0.356115
2,0.0977033,-0.0721842,0.3682
2,0.0979613,-0.0713463,0.368344
2,0.0234063,-0.072909,0.367516
2,0.0240548,-0.0734446,0.368534
2,0.0850365,-0.0730801,0.37203
2,0.0836343,-0.0734248,0.372201
2,-0.0418708,-0.0611051,0.373475
2,0.0217972,-0.0914802,0.421943
2,0.0226296,-0.0930349,0.421945
2,0.180407,-0.0433333,0.432888
2,0.219088,-0.046457,0.54915
2,-0.331623,-0.112282,0.597658
2,-0.275328,-0.160459,0.612764
2,-0.274617,-0.162069,0.613262
2,0.294884,-0.0546666,0.666224
2,-0.444762,-0.14076,0.772017
2,-0.194878,0.0532034,0.882752
2,0.0926618,0.0204626,1.08957
2,1.92032,-0.163577,2.91558
2,1.9362,-0.0419355,3.34465
2,-4.95389,-2.60415,7.60868
2,5.00751,-2.00781,7.92805
2,-1.43506,-1.62319,7.98763
2,-4.54644,-4.67279,7.80691
2,2.16797,-1.51413,8.17717
2,3.34511,-1.54334,8.21658
2,-4.08623,-4.47328,7.87366
2,2.35718,-1.62314,8.26922
2,2.18664,-1.53528,8.28754
2,-4.59687,-4.7416,7.92678
2,5.23246,-2.08278,8.29924
2,-4.11506,-4.63218,7.98122
2,4.3734,-1.72041,8.39031
2,3.44111,-1.57066,8.41719
2,5.32872,-2.1165,8.43966
2,2.56568,-1.68557,8.44928
2,5.05652,-2.73697,8.41588
2,-5.34625,-4.926,8.10562
2,2.70608,-1.68838,8.53108
2,3.44288,-1.58426,8.55878
2,4.45906,-1.77487,8.56606
2,3.99263,-3.17476,8.45713
2,3.50827,-1.61817,8.57446
2,2.68093,-1.71682,8.5935
2,2.24389,-1.60513,8.60407
2,5.49715,-2.16798,8.66183
2,3.62853,-3.25488,8.55268
2,3.19128,-3.24149,8.57638
2,2.62268,-1.76391,8.69086
2,2.66423,-1.70799,8.69895
2,3.6508,-3.28178,8.6126
2,-4.21981,-3.75915,8.4472
2,4.04565,-1.95329,8.74882
2,2.63434,-1.77506,8.74439
2,3.17662,-3.26933,8.63887
2,2.82218,-1.71121,8.76551
2,2.65446,-1.76751,8.7898
2,-4.70681,-3.03484,8.5962
2,2.13471,-3.29804,8.75176
2,2.67857,-1.77903,8.88194
2,-4.40655,-4.92935,8.53284
2,2.85084,-1.78819,8.90653
2,-4.44905,-4.94725,8.54949
2,2.87536,-1.79555,8.93282
2,-4.34674,-3.86612,8.6564
3,-0.0436639,0.02117,0.176554
3,-0.0701833,-0.0651388,0.331807
3,-0.0693466,-0.0646937,0.349505
3,0.00843124,-0.0678015,0.359452
3,0.0840123,-0.0664305,0.361109
3,0.0854332,-0.0665238,0.3619
3,0.0113018,-0.0676675,0.362063
3,0.0128704,-0.0685649,0.362446
3,0.0060384,-0.0687872,0.362824
3,0.0732675,-0.0686738,0.364145
3,0.0103547,-0.0686762,0.363011
3,0.0108429,-0.0679633,0.363304
3,0.0721708,-0.0687367,0.365221
3,0.0724443,-0.0685,0.365377
3,-0.132201,-0.0772309,0.375642
3,-0.131877,-0.0766414,0.375875
3,-0.0336364,-0.0811461,0.390885
3,-0.0348383,-0.0804635,0.39532
3,-0.0597499,-0.0868162,0.406555
3,-0.0616377,-0.0922193,0.411117
3,-0.0590029,-0.0873575,0.414754
3,-0.0366454,-0.0840785,0.424435
3,-0.0620955,-0.0948788,0.427829
3,-0.276632,-0.123457,0.487112
3,-0.274107,-0.123462,0.487675
3,0.0535154,-0.103858,0.872765
3,-3.05172,-2.66907,6.67903
3,-4.17804,-3.3482,7.07628
3,-3.27491,-2.8752,7.16218
3,4.5137,-0.597179,7.3911
3,-3.64102,-3.25793,7.28694
3,3.04243,-1.38881,7.44858
3,-3.41601,-3.14255,7.32036
3,-4.83531,-2.52738,7.40374
3,-3.85628,-3.42729,7.47372
3,4.64504,-2.53882,7.7324
3,3.24004,-1.48873,7.86533
3,-3.64588,-3.5777,7.73899
3,4.12005,-1.66675,7.97329
3,3.66005,-3.02547,7.97429
3,4.03494,-2.72088,8.09696
3,3.33257,-1.55593,8.3298
3,3.89474,-3.15123,8.34321
3,2.22995,-1.55562,8.42017
3,-0.722226,-1.41178,8.39299
3,2.51969,-1.55638,8.45397
3,2.2327,-1.56817,8.48756
3,4.27523,-3.19549,8.52309
3,5.18245,-2.81039,8.62418
3,-3.9583,-3.08627,8.48269
3,-4.85443,-3.0014,8.52975
3,0.140417,-1.50365,8.66855
3,4.58262,-1.83409,8.77179
3,-0.739561,-1.46145,8.69978
3,-0.0220301,-1.88612,8.78601
3,2.74131,-1.75957,8.87139
4,0.0366342,-0.0728045,0.167104
4,0.0396285,-0.07166,0.168007
4,0.0773338,-0.108698,0.293191
4,0.0756178,-0.106676,0.295065
4,0.105663,-0.117835,0.296201
4,0.126129,-0.125938,0.31133
4,0.0404016,-0.100413,0.314472
4,0.019898,-0.132443,0.334697
4,0.0203919,-0.132602,0.334777
4,0.177693,-0.13542,0.350699
4,0.165938,-0.13595,0.35116
4,0.104426,-0.135386,0.349239
4,0.165368,-0.136984,0.352221
4,0.150743,-0.00162631,0.352585
4,-0.038872,-0.144258,0.361902
4,-0.0391392,-0.143628,0.364601
4,0.0539853,-0.148881,0.385422
4,0.149224,-0.150978,0.388484
4,0.0313477,-0.162811,0.413927
4,0.0362734,-0.161256,0.414781
4,0.0832918,0.0215702,0.463386
4,-0.202239,-0.192671,0.477131
4,0.0676649,0.155752,0.764898
4,-0.405474,-0.660258,5.63986
4,-0.493153,-0.59877,5.63664
4,-0.518966,-0.611427,5.72462
4,-0.509247,-0.610202,5.74917
4,-0.717495,-0.736187,5.82366
4,-0.699203,-0.754036,5.85604
4,-0.684544,-0.768464,5.93877
4,-0.682578,-0.771141,5.96537
4,-1.95583,-0.703502,5.93139
4,-0.189955,-0.839298,6.00617
4,-0.858534,-0.842388,5.99501
4,-1.03867,-0.831452,6.00365
4,-1.54848,-0.690701,6.0197
4,-0.185153,-0.847106,6.07578
4,-0.174738,-0.843371,6.08476
4,-0.967139,-0.840431,6.08555
4,-1.13365,-0.831137,6.10561
4,-0.187864,-0.848046,6.14117
4,-1.56919,-0.700333,6.09776
4,-1.32466,-0.800328,6.17904
4,-0.725936,-0.933986,6.21463
4,0.0468764,-0.831623,6.25778
4,-1.32576,-0.858438,6.21762
4,-0.193222,-0.865703,6.27367
4,-1.042,-1.01665,6.25921
4,-0.0284281,-0.856986,6.33764
4,-0.766889,-0.961215,6.31839
4,-1.087,-0.879403,6.30802
4,-0.0285787,-0.852213,6.34492
4,-1.0502,-1.00905,6.33714
4,-1.05888,-1.03853,6.38371
4,-1.48034,-0.893626,6.39259
4,0.069162,-0.855772,6.46605
4,0.061138,-0.867876,6.50423
4,-1.07116,-1.05052,6.50146
4,-1.11061,-0.934942,6.54405
4,0.0442328,-0.862708,6.60811
4,-1.09852,-1.05477,6.58115
4,0.0723145,-0.883932,6.64603
4,-0.547865,-0.994902,6.67131
4,-1.55545,-0.934842,6.70606
4,-1.7646,-1.08214,6.95076
4,-1.79851,-1.10408,6.97455
4,-4.70669,-2.37578,6.91375
4,-5.02473,-1.41572,6.89265
4,-1.6919,-1.12703,7.06433
4,-0.570496,-1.05924,7.09975
4,-4.59146,-1.23782,7.07676
4,4.63294,-0.335742,7.36865
4,-0.630078,-1.11696,7.39186
4,-5.30578,-1.4787,7.27567
4,4.07736,-0.654711,7.57938
4,-4.98334,-2.5383,7.33832
4,4.08877,-0.661505,7.6099
4,-2.92352,-2.88849,10.1059
1,-2.92352,-2.88849,10.1059
4,3.68599,-3.60863,9.53613
1,3.68599,-3.60863,9.53613
4,0.59344,0.596823,1.72824
1,0.59344,0.596823,1.72824
4,0.92425,-3.7034,11.1801
1,0.92425,-3.7034,11.1801
4,-4.25713,-4.20708,14.7236
1,-4.25713,-4.20708,14.7236
4,0.25202,-0.080393,0.515828
1,0.25202,-0.080393,0.515828
4,0.599786,0.603559,1.74938
1,0.599786,0.603559,1.74938
4,3.29667,-3.24115,8.55311
1,3.29667,-3.24115,8.55311
4,-4.33019,-4.05515,9.42961
1,-4.33019,-4.05515,9.42961
4,4.90659,-2.67145,8.1652
1,4.90659,-2.67145,8.1652
4,4.18595,-3.4614,9.25132
0,4.18595,-3.4614,9.25132
4,-2.22775,-4.29941,10.5157
0,-2.22775,-4.29941,10.5157
4,4.24787,-3.52127,9.41902
0,4.24787,-3.52127,9.41902
4,5.46659,-2.19126,8.65345
0,5.46659,-2.19126,8.65345
4,1.71263,-3.79939,9.85218
0,1.71263,-3.79939,9.85218
4,-3.36185,-4.5908,11.5749
0,-3.36185,-4.5908,11.5749
5,0.0946267,-0.0939609,0.285057
5,0.117442,-0.119736,0.285877
5,0.116861,-0.120502,0.285947
5,0.0950542,-0.0964357,0.28661
5,0.0778418,-0.100964,0.295053
5,0.0775084,-0.100436,0.295193
5,0.0803401,-0.125552,0.29941
5,0.0435007,-0.125624,0.301375
5,0.0432975,-0.126033,0.301973
5,0.0407781,-0.125217,0.302841
5,0.0391963,-0.126088,0.302806
5,0.0603555,-0.095426,0.305074
5,0.0601848,-0.0961498,0.305254
5,0.0605227,-0.0945652,0.306863
5,0.00940188,-0.105503,0.315824
5,0.00916105,-0.105162,0.316318
5,0.00980234,-0.106131,0.316448
5,0.0234461,-0.138149,0.328722
5,0.0248202,-0.135308,0.33119
5,0.0245955,-0.134692,0.331517
5,0.0213371,-0.137549,0.331313
5,-0.0352925,-0.138398,0.332633
5,0.178853,-0.138746,0.34484
5,0.178356,-0.138629,0.345368
5,0.179345,-0.138153,0.345749
5,0.17852,-0.138107,0.34601
5,0.101664,-0.141801,0.345983
5,-0.0593403,-0.144578,0.347995
5,-0.0600479,-0.144457,0.348566
5,-0.0883494,-0.14657,0.34916
5,-0.0376372,-0.148019,0.352018
5,-0.0360675,-0.149477,0.352624
5,-0.0379731,-0.146918,0.353723
5,-0.0995232,-0.143099,0.352184
5,-0.0197272,-0.14975,0.357064
5,0.0653595,-0.149182,0.36161
5,-0.0648939,-0.151614,0.360903
5,-0.0968981,-0.150957,0.359669
5,0.0656554,-0.153652,0.367758
5,-0.1541,-0.155861,0.369241
5,0.129331,-0.148171,0.387256
5,0.0414434,-0.158355,0.388865
5,0.0345187,-0.157676,0.390898
5,0.0342448,-0.157155,0.391097
5,0.0344794,-0.156819,0.391118
5,0.036789,-0.156809,0.39179
5,-0.0144655,-0.166374,0.405347
5,-0.0149077,-0.165961,0.405352
5,0.0363934,-0.164126,0.411001
5,0.0350943,-0.165479,0.412338
5,-0.0932137,-0.138853,0.414037
5,-0.0886773,-0.184917,0.444831
5,-0.1961,-0.197469,0.46065
5,-0.19769,-0.198283,0.462981
5,-0.600983,-1.01983,2.00708
5,-0.835612,-0.0626344,4.45481
5,-0.869096,-0.0729158,4.4722
5,-0.94534,0.00574818,4.4858
5,-0.888723,-0.0795566,4.51948
5,-0.899696,-0.0757171,4.56036
5,-0.725501,-0.102131,4.64932
5,-0.92203,-0.0628013,4.66717
5,-0.926738,-0.0603251,4.7257
5,-0.574473,-0.103401,4.77718
5,-0.521104,-0.25072,4.9126
5,-0.538439,-0.254338,4.93311
5,-0.56154,-0.194394,4.9528
5,-0.552539,-0.267535,4.97396
5,-0.533291,-0.248729,4.97844
5,-0.724151,-0.279761,5.01711
5,-0.637399,-0.276852,5.04294
5,-1.40337,-0.325435,5.00973
5,-1.01327,-0.332534,5.03031
5,-0.734208,-0.293357,5.07037
5,-0.736812,-0.282581,5.08509
5,-0.643129,-0.279428,5.10248
5,-0.79796,-0.326447,5.11204
5,-0.778606,-0.313288,5.11758
5,-1.55576,-0.311213,5.10603
5,-0.661947,-0.349359,5.15489
5,-0.75408,-0.294395,5.15602
5,-0.669739,-0.33867,5.16524
5,-1.16228,-0.339373,5.2015
5,-1.19606,-0.312577,5.2212
5,-0.901579,-0.415555,5.24224
5,-0.903046,-0.387639,5.2607
5,-0.628414,-0.280022,5.27897
5,-1.0978,-0.507628,5.25291
5,-0.962731,-0.49007,5.29045
5,-0.978098,-0.491311,5.30818
5,-1.18212,-0.361071,5.30229
5,-1.12741,-0.513927,5.30995
5,-1.20307,-0.344412,5.32597
5,-0.815309,-0.32226,5.34647
5,-0.927539,-0.384002,5.35058
5,-0.917155,-0.394828,5.35324
5,-0.92149,-0.433502,5.35497
5,-1.10951,-0.510191,5.36258
5,-0.921895,-0.40568,5.40024
5,-0.852761,-0.442279,5.41032
5,-1.61076,-0.328789,5.38213
5,0.223693,-0.334812,5.56834
5,-0.853215,-0.581324,5.51297
5,-0.250383,-0.536274,5.54533
5,-1.65303,-0.324501,5.48581
5,-1.32318,-0.415135,5.5117
5,-1.30995,-0.499515,5.5334
5,-1.67884,-0.306022,5.53126
5,-1.67626,-0.315598,5.57699
5,-0.253375,-0.538779,5.64392
5,-0.550959,-0.578561,5.63134
5,-1.68747,-0.328069,5.5847
5,-0.276024,-0.541108,5.6499
5,-1.39268,-0.492661,5.61007
5,-1.38563,-0.445623,5.63532
5,-1.37145,-0.432649,5.65675
5,-0.51898,-0.596158,5.69471
5,-1.35425,-0.443348,5.70254
5,-1.41533,-0.491725,5.70845
5,-2.02773,-0.559462,5.70271
5,2.16731,0.626372,5.94189
5,-0.5316,-0.614924,5.78046
5,2.17022,0.3917,5.94007
5,-0.414994,-0.678447,5.82451
5,-0.117308,-0.730863,5.83944
5,-2.0369,-0.565321,5.75364
5,-0.693337,-0.75823,5.81808
5,2.26879,0.499269,6.00382
5,2.27478,0.537323,6.00809
5,-0.753897,-0.742148,5.85955
5,-2.10145,-0.569811,5.80517
5,2.19663,0.587671,6.05397
5,-2.0187,-0.681066,5.81803
5,-1.63665,-0.629694,5.83994
5,-1.00633,-0.718403,5.87012
5,-2.10358,-0.571014,5.83196
5,2.22687,0.647529,6.08648
5,-1.97487,-0.674951,5.8484
5,-2.12902,-0.586146,5.86705
5,-0.183774,-0.833338,5.96039
5,-2.11999,-0.596729,5.88268
5,2.20006,0.377573,6.12904
5,-2.33799,-0.402733,5.89218
5,-1.20868,-0.780828,5.94549
5,-2.34425,-0.406387,5.9124
5,-0.700138,-0.912233,5.97905
5,2.23721,0.595341,6.1694
5,2.33381,0.559009,6.17752
5,-0.695098,-0.909915,5.98953
5,-1.52374,-0.68986,5.95774
5,-1.54713,-0.696541,5.97585
5,-1.10361,-0.862093,5.99899
5,-2.32689,-0.419745,5.95489
5,-1.55095,-0.701189,6.00532
5,2.23248,0.410568,6.2261
5,-1.92945,-0.735356,5.99458
5,-1.02811,-0.873091,6.0347
5,-1.55508,-0.695806,6.02025
5,-0.477144,-0.893557,6.07032
5,2.24392,0.422921,6.24462
5,-0.317031,-0.83998,6.08621
5,-2.17579,-0.571063,6.01736
5,-1.91569,-0.766435,6.04237
5,-2.12394,-0.576826,6.03805
5,-0.846954,-0.826784,6.09553
5,-1.11699,-0.86778,6.08292
5,-0.147132,-0.836367,6.137
5,-0.500352,-0.919039,6.1179
5,2.67432,0.733653,6.32861
5,-1.78314,-0.770624,6.07435
5,-0.995238,-0.886696,6.12917
5,-0.302872,-0.858949,6.17622
5,-0.363307,-0.815625,6.17852
5,2.70919,0.743873,6.37476
5,-2.06543,-0.707977,6.10585
5,2.26,0.41224,6.34789
5,2.27326,0.401908,6.37536
5,2.71244,0.735458,6.4269
5,-0.976583,-0.860441,6.21107
5,-0.895923,-0.914447,6.21752
5,2.02565,0.409891,6.39725
5,2.72574,0.759899,6.46172
5,2.60926,0.601844,6.47435
5,2.60864,0.602473,6.47982
5,2.73741,0.749307,6.4982
5,2.31021,0.410829,6.46856
5,-2.00565,-0.784835,6.24784
5,1.86504,0.141656,6.46897
5,4.64561,0.951497,6.74865
5,2.73731,0.482713,6.64895
5,-0.958938,-0.984795,6.44035
5,1.91564,0.481069,6.64164
5,2.75937,0.481768,6.75333
5,-3.09349,-4.26521,10.9968
3,-3.09349,-4.26521,10.9968
5,0.539413,-3.1021,10.8362
3,0.539413,-3.1021,10.8362
5,0.192165,-1.69945,10.024
3,0.192165,-1.69945,10.024
5,-1.80931,-2.61801,10.7943
3,-1.80931,-2.61801,10.7943
5,-0.673375,-4.29749,15.1509
3,-0.673375,-4.29749,15.1509
5,-1.70327,-2.20196,10.1388
3,-1.70327,-2.20196,10.1388
5,2.49603,-1.73993,9.39514
3,2.49603,-1.73993,9.39514
5,1.86185,-1.50118,9.88775
3,1.86185,-1.50118,9.88775
5,3.68049,-1.70344,9.12073
3,3.68049,-1.70344,9.12073
5,-1.9247,-4.61488,11.0884
3,-1.9247,-4.61488,11.0884
5,-0.956045,-2.18553,10.5337
3,-0.956045,-2.18553,10.5337
5,-1.77936,-2.95596,11.9467
3,-1.77936,-2.95596,11.9467
5,-1.80931,-2.61801,10.7943
3,-1.80931,-2.61801,10.7943
5,-0.098915,-0.144846,0.345558
3,-0.098915,-0.144846,0.345558
5,-1.05877,0.315523,2.62943
3,-1.05877,0.315523,2.62943
5,1.16768,-1.90694,9.62624
3,1.16768,-1.90694,9.62624
5,1.85684,-1.27371,9.45845
3,1.85684,-1.27371,9.45845
5,0.718446,-2.3056,11.2654
3,0.718446,-2.3056,11.2654
5,-1.83524,-4.36189,10.4508
3,-1.83524,-4.36189,10.4508
5,3.09445,-1.87782,9.31107
3,3.09445,-1.87782,9.31107
5,-1.84625,-2.63967,10.9161
3,-1.84625,-2.63967,10.9161
5,-1.96411,-1.55822,9.32281
3,-1.96411,-1.55822,9.32281
5,0.77046,-2.49524,12.2751
3,0.77046,-2.49524,12.2751
5,0.181534,-1.66306,9.63454
3,0.181534,-1.66306,9.63454
5,0.317755,-3.51605,10.5409
3,0.317755,-3.51605,10.5409
5,2.59681,-1.80929,9.82659
3,2.59681,-1.80929,9.82659
5,-2.33239,-1.89542,11.2607
3,-2.33239,-1.89542,11.2607
5,0.572685,-1.86035,8.87567
3,0.572685,-1.86035,8.87567
5,1.51882,-2.03948,10.5261
3,1.51882,-2.03948,10.5261
5,-1.72374,-1.47359,8.34912
3,-1.72374,-1.47359,8.34912
5,0.104845,-0.139221,0.342224
3,0.104845,-0.139221,0.342224
5,4.78708,-2.38878,7.2501
3,4.78708,-2.38878,7.2501
5,-1.8074,-4.26047,10.1626
3,-1.8074,-4.26047,10.1626
5,0.779041,-2.54963,12.3935
3,0.779041,-2.54963,12.3935
5,4.73005,-2.60825,7.89992
3,4.73005,-2.60825,7.89992
5,3.33394,-1.78284,9.10546
3,3.33394,-1.78284,9.10546
5,5.96051,-2.2191,10.778
3,5.96051,-2.2191,10.778
5,-3.36281,-2.52284,9.40241
3,-3.36281,-2.52284,9.40241
5,-4.85328,-1.83376,9.7317
3,-4.85328,-1.83376,9.7317
5,5.459,-2.04832,9.88884
3,5.459,-2.04832,9.88884
5,1.2095,-3.14073,8.0124
3,1.2095,-3.14073,8.0124
5,4.02917,-1.5057,8.79886
3,4.02917,-1.5057,8.79886
5,-4.79649,-3.69334,7.588
3,-4.79649,-3.69334,7.588
5,1.52519,-2.12119,10.8579
3,1.52519,-2.12119,10.8579
5,5.19132,-1.92368,11.3178
3,5.19132,-1.92368,11.3178
5,1.33747,-3.43016,8.79614
3,1.33747,-3.43016,8.79614
5,0.734448,-4.50551,11.6488
3,0.734448,-4.50551,11.6488
5,-2.05886,-2.82598,11.9394
3,-2.05886,-2.82598,11.9394
5,-3.5547,-6.0825,15.3358
3,-3.5547,-6.0825,15.3358
5,5.11146,-2.06369,9.77347
3,5.11146,-2.06369,9.77347
5,3.25064,-3.30578,8.72881
2,3.25064,-3.30578,8.72881
5,-0.0917627,-2.024,9.43785
2,-0.0917627,-2.024,9.43785
5,0.523188,-3.56668,10.4649
2,0.523188,-3.56668,10.4649
5,0.867043,-4.20155,10.838
2,0.867043,-4.20155,10.838
5,1.62347,-2.12519,11.03
2,1.62347,-2.12519,11.03
5,-0.0989166,-2.0863,9.74614
2,-0.0989166,-2.0863,9.74614
5,2.92412,-1.83005,9.06935
2,2.92412,-1.83005,9.06935
5,0.527817,-3.636,10.6857
2,0.527817,-3.636,10.6857
5,-3.29858,-3.28516,11.4337
2,-3.29858,-3.28516,11.4337
5,1.80865,-2.35942,12.3474
2,1.80865,-2.35942,12.3474
5,2.39001,-3.56357,13.1756
2,2.39001,-3.56357,13.1756
5,-3.6797,-8.73632,15.7622
2,-3.6797,-8.73632,15.7622
5,-3.18146,-6.12898,15.0917
2,-3.18146,-6.12898,15.0917
5,0.525087,-1.95311,9.44111
2,0.525087,-1.95311,9.44111
5,2.98369,-1.81408,9.25773
2,2.98369,-1.81408,9.25773
5,2.82233,-6.4001,12.8867
2,2.82233,-6.4001,12.8867
5,-3.77052,-8.92051,16.1014
2,-3.77052,-8.92051,16.1014
5,-4.36814,-4.93086,8.45634
2,-4.36814,-4.93086,8.45634
5,-0.0187247,-1.80946,8.05585
2,-0.0187247,-1.80946,8.05585
5,3.70886,-3.06518,8.12183
2,3.70886,-3.06518,8.12183
5,-1.75495,-2.61372,10.5762
2,-1.75495,-2.61372,10.5762
5,-4.95699,-3.08647,7.7817
2,-4.95699,-3.08647,7.7817
5,-3.49883,-3.96476,6.7789
2,-3.49883,-3.96476,6.7789
5,2.85618,-1.51055,7.73445
2,2.85618,-1.51055,7.73445
5,-2.04952,-3.87978,12.4636
1,-2.04952,-3.87978,12.4636
5,1.79183,-3.3312,9.21986
1,1.79183,-3.3312,9.21986
5,-2.14108,-4.0567,13.0332
1,-2.14108,-4.0567,13.0332
5,3.6258,-3.54189,9.35933
1,3.6258,-3.54189,9.35933
5,-4.56999,-3.84499,10.2806
1,-4.56999,-3.84499,10.2806
5,-2.2819,-4.24201,13.6802
1,-2.2819,-4.24201,13.6802
5,5.16786,-2.81245,8.59834
1,5.16786,-2.81245,8.59834
5,-4.61344,-4.24313,9.53089
0,-4.61344,-4.24313,9.53089
6,0.0150708,-0.280809,0.333639
6,0.158855,-0.162172,0.378856
6,0.112913,-0.159825,0.380374
6,0.107861,-0.161665,0.380428
6,0.1066,-0.162113,0.380475
6,-0.194691,-0.191628,0.448412
6,-0.0953092,-0.194108,0.470116
6,-0.281677,-0.207794,0.480014
6,-0.283813,-0.206891,0.481239
6,-0.287939,-0.209238,0.488265
6,-0.261649,-0.212493,0.508528
6,-0.261879,-0.21309,0.509034
6,-0.262465,-0.212983,0.510201
6,0.388634,0.852928,3.67852
6,0.295557,0.859316,3.77568
6,0.306237,0.87451,3.79719
6,1.11502,0.791443,4.07572
6,1.1194,0.790094,4.08168
6,1.13221,0.787299,4.09598
6,1.10496,0.807414,4.09654
6,1.10981,0.798387,4.10303
6,-1.01514,0.110419,3.97885
6,-1.0433,0.130129,3.99731
6,-1.02512,0.120194,4.00086
6,-0.83447,0.143158,4.02013
6,-0.826078,0.178275,4.02662
6,-1.02974,0.117762,4.01923
6,-0.847691,0.161866,4.04783
6,-0.801438,0.224678,4.05547
6,-1.01792,0.146285,4.03825
6,-1.02441,0.144633,4.04197
6,-0.85773,0.169184,4.0701
6,-0.863626,0.174407,4.0701
6,-0.825453,0.19132,4.08815
6,1.08205,0.748322,4.27917
6,-1.03975,0.149641,4.10573
6,-0.9861,0.0678091,4.10821
6,-0.867254,0.173777,4.12446
6,-1.03911,0.60222,4.14936
6,-1.07353,0.133746,4.16375
6,-0.994735,0.0682934,4.16759
6,-1.29412,0.251995,4.16762
6,-1.03812,0.608415,4.20932
6,0.222205,0.643395,4.30913
6,0.230232,0.667957,4.31281
6,-1.04222,0.633737,4.22107
6,0.222591,0.645815,4.31996
6,0.210674,0.648711,4.34999
6,0.214439,0.643807,4.36433
6,-0.744728,0.0760246,4.2831
6,-0.859286,0.193529,4.28228
6,-1.5418,0.0571976,4.22699
6,0.219926,0.659447,4.40304
6,-1.64764,0.166299,4.24445
6,-1.86595,7.64728e-05,4.2283
6,0.216949,0.662416,4.42577
6,0.22577,0.695688,4.487
6,-1.60085,0.305184,4.32933
6,0.530327,0.703306,4.5118
6,-0.854335,-0.0465484,4.39087
6,0.528835,0.725413,4.56341
6,1.05422,0.849812,4.62161
6,-1.56041,0.558799,4.442
6,-1.62591,0.297248,4.43001
6,-1.56361,0.546542,4.45279
6,-1.63858,0.323637,4.4377
6,-1.5465,0.59797,4.46305
6,0.984912,0.81747,4.67069
6,0.756982,0.768589,4.66127
6,-1.64672,0.330345,4.46602
6,-0.899262,-0.0583892,4.56404
6,-2.51021,-0.116452,4.45928
6,1.02483,0.89175,4.88729
6,0.655325,0.797236,4.86068
6,-0.0186289,0.60714,4.80847
6,-0.566675,-0.139828,4.79353
6,-1.39879,-0.14735,4.74401
6,-0.75155,-0.227723,4.79719
6,-0.747688,-0.231317,4.83968
6,-0.706785,-0.25202,4.8436
6,-0.648415,-0.32878,5.00492
6,-3.63807,-0.259385,4.98183
6,-0.900359,-0.39179,5.24952
6,-1.3721,-0.390764,5.315
6,-2.39084,-0.448208,5.23762
6,-0.907316,-0.45586,5.35465
6,1.3966,1.07274,5.62422
6,-0.911345,-0.461057,5.36501
6,-1.12777,-0.495577,5.35157
6,-0.122656,1.09968,5.5425
6,-1.61253,-0.323325,5.35333
6,-0.132753,1.10185,5.55248
6,-1.408,-0.539743,5.38331
6,0.388492,-0.323565,5.53624
6,-1.40647,-0.530156,5.40398
6,-0.291677,-0.50333,5.49595
6,-0.182963,1.1177,5.63323
6,-1.39028,-0.491873,5.45074
6,-1.29166,-0.486297,5.47516
6,-2.43122,-0.475118,5.39814
6,-1.2962,-0.48242,5.49304
6,-0.16799,1.14337,5.68955
6,-2.35378,-0.0411788,5.47012
6,-1.43874,-0.54909,5.51672
6,-0.262841,-0.535011,5.60609
6,-0.858997,-0.687347,5.56818
6,-1.43966,-0.535112,5.54538
6,-2.13184,-0.424866,5.50236
6,0.520211,0.332045,5.76423
6,-0.0423467,0.796852,5.75162
6,-0.289254,-0.534699,5.66721
6,-2.54745,-0.445479,5.59177
6,1.10311,0.751476,5.94514
6,1.07859,0.768607,5.94607
6,-0.369238,-0.676535,5.75514
6,-2.06468,-0.571098,5.66297
6,-2.54238,-0.460682,5.683
6,2.53288,0.60662,6.12389
6,1.1334,0.768488,6.03539
6,2.24864,0.669909,6.11422
6,1.14112,0.780411,6.04807
6,1.84795,-0.157315,6.04953
6,1.11687,0.776395,6.05407
6,-1.99992,-0.661329,5.75502
6,2.286,0.597384,6.16114
6,-0.673197,-0.812647,5.8635
6,-1.96194,-0.528329,5.79465
6,1.13618,0.782481,6.10625
6,1.99682,-0.0348831,6.16286
6,2.59656,0.692841,6.25325
6,2.28026,0.675156,6.23394
6,2.38481,0.568529,6.25051
6,-0.68798,-0.763403,5.95829
6,-0.0457681,-0.718466,6.01785
6,-0.685856,-0.817809,5.96534
6,2.37152,0.566025,6.2765
6,-0.659136,-0.83031,5.97471
6,1.84875,-0.144114,6.21024
6,0.643043,0.7933,6.19613
6,-0.0302776,0.535609,6.148
6,1.94882,-0.0762648,6.29242
6,-0.0469196,-0.732251,6.11091
6,-1.924,-0.71929,5.99367
6,-1.92941,-0.719946,6.00169
6,-0.00359271,0.831102,6.23845
6,-0.41289,-0.9624,6.10867
6,-1.94772,-0.728266,6.01568
6,3.49802,1.53358,6.56683
6,-0.420594,-0.965547,6.13704
6,-0.965257,-0.887071,6.10738
6,0.00582249,0.831842,6.28742
6,0.652753,0.898389,6.34516
6,0.657699,0.830537,6.34818
6,2.06548,0.377781,6.43704
6,-0.0367606,0.875478,6.32782
6,0.671638,0.833693,6.37793
6,0.435489,0.880671,6.37477
6,2.22463,1.74012,6.56078
6,2.51029,0.45965,6.53152
6,-1.08072,-0.854097,6.19306
6,0.252671,0.346177,6.3695
6,3.52503,1.5864,6.6989
6,1.78607,0.741696,6.52276
6,0.0352654,-0.826236,6.30725
6,-1.71626,-0.647525,6.19327
6,3.56483,1.60013,6.71971
6,2.35063,0.438681,6.56971
6,2.2524,1.75801,6.64473
6,-0.643689,-1.00762,6.27889
6,-1.10398,-0.867824,6.26848
6,-1.59911,-0.71285,6.24395
6,2.26224,1.63473,6.67075
6,4.45399,0.979477,6.81533
6,0.673316,0.855065,6.53611
6,-1.96847,-0.629049,6.25587
6,-1.04487,-1.02207,6.33492
6,0.25377,0.362682,6.52538
6,3.63417,1.63875,6.85547
6,2.80621,0.749664,6.75551
6,1.19776,0.863171,6.64526
6,-2.19445,-1.64279,10.1728
5,-2.19445,-1.64279,10.1728
6,-0.31672,-1.4681,9.17517
5,-0.31672,-1.4681,9.17517
6,0.975059,0.525398,7.09271
5,0.975059,0.525398,7.09271
6,3.41331,-0.9563,9.63212
5,3.41331,-0.9563,9.63212
6,2.75393,-0.322022,7.97318
5,2.75393,-0.322022,7.97318
6,2.80225,-0.162742,8.37954
5,2.80225,-0.162742,8.37954
6,1.4989,-1.12362,7.87405
5,1.4989,-1.12362,7.87405
6,-1.30461,-2.06425,10.6122
5,-1.30461,-2.06425,10.6122
6,-2.92658,-4.01816,10.0757
5,-2.92658,-4.01816,10.0757
6,3.11785,-3.36157,8.91556
5,3.11785,-3.36157,8.91556
6,3.75833,-3.12122,8.30154
5,3.75833,-3.12122,8.30154
6,2.27088,-0.97785,8.16277
5,2.27088,-0.97785,8.16277
6,0.738501,-0.638416,8.04264
5,0.738501,-0.638416,8.04264
6,3.4919,-0.343321,8.57708
5,3.4919,-0.343321,8.57708
6,0.592045,-1.22123,8.60695
5,0.592045,-1.22123,8.60695
6,2.26254,-1.58685,8.45381
5,2.26254,-1.58685,8.45381
6,2.7964,-0.155912,8.36314
5,2.7964,-0.155912,8.36314
6,-1.35528,-2.13006,10.9992
5,-1.35528,-2.13006,10.9992
6,-1.27814,-0.926626,5.99929
5,-1.27814,-0.926626,5.99929
6,-0.70657,-1.44029,8.55308
5,-0.70657,-1.44029,8.55308
6,-0.738073,-2.01307,10.4716
5,-0.738073,-2.01307,10.4716
6,2.57834,-1.20974,9.07277
5,2.57834,-1.20974,9.07277
6,3.03978,-1.61769,8.18321
5,3.03978,-1.61769,8.18321
6,3.44386,0.687065,8.04983
5,3.44386,0.687065,8.04983
6,-3.37562,-2.5106,9.40853
5,-3.37562,-2.5106,9.40853
6,1.9432,-0.367573,9.01155
5,1.9432,-0.367573,9.01155
6,1.16037,-0.680302,9.11859
5,1.16037,-0.680302,9.11859
6,3.72495,-3.10302,8.2239
5,3.72495,-3.10302,8.2239
6,-2.41687,-1.76661,11.2289
5,-2.41687,-1.76661,11.2289
6,2.27087,-0.977848,8.16274
5,2.27087,-0.977848,8.16274
6,-0.365578,-1.64992,10.4913
5,-0.365578,-1.64992,10.4913
6,3.41475,-0.897627,8.84635
5,3.41475,-0.897627,8.84635
6,3.52036,0.208041,8.36176
5,3.52036,0.208041,8.36176
6,2.86312,0.101061,8.18681
5,2.86312,0.101061,8.18681
6,-0.192994,-0.18565,0.4988
5,-0.192994,-0.18565,0.4988
6,3.88959,1.0668,8.01886
5,3.88959,1.0668,8.01886
6,-0.351978,-1.57808,9.80869
5,-0.351978,-1.57808,9.80869
6,1.42121,-0.4797,9.24607
5,1.42121,-0.4797,9.24607
6,3.06757,-0.848707,7.95854
5,3.06757,-0.848707,7.95854
6,1.30851,-1.09037,7.9622
5,1.30851,-1.09037,7.9622
6,-1.66122,-2.69046,10.8987
5,-1.66122,-2.69046,10.8987
6,0.623979,-1.33153,9.58991
5,0.623979,-1.33153,9.58991
6,1.5827,-2.12943,11.067
5,1.5827,-2.12943,11.067
6,0.670591,-2.18311,10.5858
5,0.670591,-2.18311,10.5858
6,3.48517,0.203237,8.29546
5,3.48517,0.203237,8.29546
6,2.87153,0.112983,8.15413
5,2.87153,0.112983,8.15413
6,2.41887,-1.05033,8.84315
5,2.41887,-1.05033,8.84315
6,3.44386,0.687065,8.04983
5,3.44386,0.687065,8.04983
6,4.08789,-0.0140947,8.59622
5,4.08789,-0.0140947,8.59622
6,4.41341,1.112,8.49267
5,4.41341,1.112,8.49267
6,5.24371,-2.86259,8.7879
5,5.24371,-2.86259,8.7879
6,1.91251,-0.429599,7.68016
5,1.91251,-0.429599,7.68016
6,2.28208,-0.986117,8.29374
5,2.28208,-0.986117,8.29374
6,1.43205,-1.07173,7.40721
5,1.43205,-1.07173,7.40721
6,3.41616,-0.903894,8.93189
5,3.41616,-0.903894,8.93189
6,2.42691,-0.965677,7.55867
5,2.42691,-0.965677,7.55867
6,4.14371,0.00143957,8.73054
5,4.14371,0.00143957,8.73054
6,4.24976,0.10223,7.5406
5,4.24976,0.10223,7.5406
6,1.55897,-0.356143,7.1285
5,1.55897,-0.356143,7.1285
6,2.88294,-2.8418,7.38812
5,2.88294,-2.8418,7.38812
6,-4.36288,-1.74198,9.02189
5,-4.36288,-1.74198,9.02189
6,2.1912,-0.203232,6.49636
5,2.1912,-0.203232,6.49636
6,-2.39475,-1.896,11.4239
5,-2.39475,-1.896,11.4239
6,2.96998,-1.15467,9.30958
5,2.96998,-1.15467,9.30958
6,2.4496,-1.06605,8.91127
5,2.4496,-1.06605,8.91127
6,3.18381,0.518472,7.45765
5,3.18381,0.518472,7.45765
6,3.30776,-0.0763406,6.86565
5,3.30776,-0.0763406,6.86565
6,5.14992,-0.348133,8.16418
5,5.14992,-0.348133,8.16418
6,4.25662,-0.674335,7.90985
5,4.25662,-0.674335,7.90985
6,4.34676,1.06666,8.39038
5,4.34676,1.06666,8.39038
6,1.01411,-0.67671,8.20719
5,1.01411,-0.67671,8.20719
6,1.60105,-1.18265,8.354
5,1.60105,-1.18265,8.354
6,-4.50413,-3.52348,8.00309
5,-4.50413,-3.52348,8.00309
6,2.65923,-1.03859,8.37542
5,2.65923,-1.03859,8.37542
6,2.53282,-1.09408,9.3372
5,2.53282,-1.09408,9.3372
6,1.47182,-3.78073,9.8049
5,1.47182,-3.78073,9.8049
6,1.19141,-0.72618,9.48787
5,1.19141,-0.72618,9.48787
6,4.32945,0.0814759,7.72908
5,4.32945,0.0814759,7.72908
6,3.81441,-0.338752,6.03143
5,3.81441,-0.338752,6.03143
6,4.01748,-0.616463,7.45796
5,4.01748,-0.616463,7.45796
6,2.09593,-0.413366,9.53359
5,2.09593,-0.413366,9.53359
6,2.65188,-0.178399,8.01947
5,2.65188,-0.178399,8.01947
6,1.40818,-1.05996,7.36961
5,1.40818,-1.05996,7.36961
6,-0.0196859,-2.0048,9.11318
5,-0.0196859,-2.0048,9.11318
6,-1.85564,-1.4965,8.68644
5,-1.85564,-1.4965,8.68644
6,-1.6389,-2.31574,9.65291
5,-1.6389,-2.31574,9.65291
6,-1.6883,-1.89907,9.47933
5,-1.6883,-1.89907,9.47933
6,2.52851,-1.20587,9.24581
5,2.52851,-1.20587,9.24581
6,1.28395,-0.762985,6.94372
5,1.28395,-0.762985,6.94372
6,-1.35832,-0.803007,5.64058
5,-1.35832,-0.803007,5.64058
6,3.51598,0.0249553,6.22048
5,3.51598,0.0249553,6.22048
6,5.11251,-0.344338,8.15497
5,5.11251,-0.344338,8.15497
6,4.37855,-0.647226,8.11819
5,4.37855,-0.647226,8.11819
6,1.54208,-0.784076,6.2904
5,1.54208,-0.784076,6.2904
6,-1.41193,-1.05821,5.85526
5,-1.41193,-1.05821,5.85526
6,0.193074,-1.7937,10.2015
5,0.193074,-1.7937,10.2015
6,0.0509813,-2.18773,10.0536
5,0.0509813,-2.18773,10.0536
6,0.572662,-2.02891,9.38196
5,0.572662,-2.02891,9.38196
6,2.64525,-1.12316,10.9561
5,2.64525,-1.12316,10.9561
6,-1.00865,-0.821723,4.15392
5,-1.00865,-0.821723,4.15392
6,3.70817,-3.07724,8.0066
5,3.70817,-3.07724,8.0066
6,0.0133253,-0.894522,6.87645
5,0.0133253,-0.894522,6.87645
6,-0.455209,-1.55585,9.2167
5,-0.455209,-1.55585,9.2167
6,1.40682,-3.57048,9.18913
5,1.40682,-3.57048,9.18913
6,0.601282,-3.67375,9.28619
5,0.601282,-3.67375,9.28619
6,2.71081,-1.75939,8.74322
5,2.71081,-1.75939,8.74322
6,1.81884,-1.36853,9.60698
5,1.81884,-1.36853,9.60698
6,-1.76912,-1.28593,7.34786
5,-1.76912,-1.28593,7.34786
6,2.13276,-1.07175,8.85783
4,2.13276,-1.07175,8.85783
6,1.38761,-3.47769,8.93951
4,1.38761,-3.47769,8.93951
6,-0.0195547,-0.858213,6.34531
4,-0.0195547,-0.858213,6.34531
6,-3.21873,-3.9942,11.2715
4,-3.21873,-3.9942,11.2715
6,2.84839,-1.13382,8.79576
4,2.84839,-1.13382,8.79576
6,1.34102,-3.35555,8.60878
4,1.34102,-3.35555,8.60878
6,-0.0177038,-0.859928,6.41072
4,-0.0177038,-0.859928,6.41072
6,-1.42517,-0.883246,6.18767
4,-1.42517,-0.883246,6.18767
6,-3.13974,-2.80125,10.377
4,-3.13974,-2.80125,10.377
6,-2.52468,-4.66426,15.2631
4,-2.52468,-4.66426,15.2631
6,3.39726,-0.335873,8.3157
4,3.39726,-0.335873,8.3157
6,3.50499,-1.84067,9.45466
4,3.50499,-1.84067,9.45466
6,0.545848,-2.06057,10.0166
4,0.545848,-2.06057,10.0166
6,2.16394,-0.391034,10.1004
4,2.16394,-0.391034,10.1004
6,1.92099,-1.20367,9.19245
4,1.92099,-1.20367,9.19245
6,2.95673,-1.11546,9.28633
4,2.95673,-1.11546,9.28633
6,5.85817,-2.17294,10.5851
4,5.85817,-2.17294,10.5851
6,1.86889,-1.17744,8.96017
4,1.86889,-1.17744,8.96017
6,1.09338,-1.36265,9.23004
4,1.09338,-1.36265,9.23004
6,3.69411,-1.93295,10.074
4,3.69411,-1.93295,10.074
6,0.536849,-3.53863,9.03933
4,0.536849,-3.53863,9.03933
6,-4.59559,-2.57852,7.37924
4,-4.59559,-2.57852,7.37924
6,2.39877,-1.57231,7.66639
4,2.39877,-1.57231,7.66639
6,0.868622,-2.59457,10.7602
4,0.868622,-2.59457,10.7602
6,1.62033,-1.18036,8.45267
4,1.62033,-1.18036,8.45267
6,0.747835,-2.25863,9.27176
4,0.747835,-2.25863,9.27176
6,0.0255553,-1.66089,9.18172
4,0.0255553,-1.66089,9.18172
6,5.14215,-1.98004,9.33119
4,5.14215,-1.98004,9.33119
6,-1.04255,-2.21106,10.8931
3,-1.04255,-2.21106,10.8931
6,2.16686,-1.52732,9.97791
3,2.16686,-1.52732,9.97791
6,2.514,-1.31131,9.11778
3,2.514,-1.31131,9.11778
6,3.92729,-1.80447,9.75821
3,3.92729,-1.80447,9.75821
6,2.59551,-1.34938,9.44002
3,2.59551,-1.34938,9.44002
6,-1.11534,-2.41169,11.8451
3,-1.11534,-2.41169,11.8451
6,0.153676,-3.05013,12.4348
3,0.153676,-3.05013,12.4348
6,2.38229,-1.65057,8.9366
3,2.38229,-1.65057,8.9366
6,-0.948192,-2.07134,10.0868
3,-0.948192,-2.07134,10.0868
6,-2.5906,-4.61216,11.586
3,-2.5906,-4.61216,11.586
6,-0.42235,-1.65628,9.75512
3,-0.42235,-1.65628,9.75512
6,0.913438,-4.7005,12.1254
3,0.913438,-4.7005,12.1254
6,3.91679,-1.92033,8.51422
3,3.91679,-1.92033,8.51422
6,3.79096,-1.74263,8.03507
3,3.79096,-1.74263,8.03507
6,3.35377,-1.77735,9.02765
2,3.35377,-1.77735,9.02765
6,-2.4759,-7.41782,14.0019
2,-2.4759,-7.41782,14.0019
6,-3.27696,-3.405,12.0816
2,-3.27696,-3.405,12.0816
6,-3.79027,-2.76956,10.498
2,-3.79027,-2.76956,10.498
6,-5.06671,-9.1328,15.1103
2,-5.06671,-9.1328,15.1103
6,-3.83972,-3.01564,10.8788
2,-3.83972,-3.01564,10.8788
6,3.94321,-3.00546,9.9186
2,3.94321,-3.00546,9.9186
6,-5.4142,-9.69917,16.0963
2,-5.4142,-9.69917,16.0963
6,-4.97766,-5.12084,8.53155
2,-4.97766,-5.12084,8.53155
6,3.92359,-1.90317,8.5672
2,3.92359,-1.90317,8.5672
6,-4.43333,-4.88392,8.56766
2,-4.43333,-4.88392,8.56766
6,1.56484,-3.24814,11.6397
1,1.56484,-3.24814,11.6397
6,0.566535,-3.91634,10.1176
1,0.566535,-3.91634,10.1176
6,1.11339,-3.65419,9.45613
0,1.11339,-3.65419,9.45613
6,-3.5166,-3.87564,9.69217
0,-3.5166,-3.87564,9.69217
6,5.6931,-3.00145,9.16131
0,5.6931,-3.00145,9.16131
7,-0.268124,-0.146558,0.547987
7,-0.26866,-0.14707,0.548545
7,-0.363082,-0.15982,0.550288
7,-0.351749,-0.158278,0.576188
7,-0.152576,-0.596105,1.57822
7,-0.649533,-1.39862,1.83632
7,-0.233246,-0.842099,2.52158
7,0.817291,-0.254709,2.65256
7,-0.0440498,0.686799,2.91221
7,-1.33466,-0.00973552,3.19393
7,-0.279372,-0.99011,3.2792
7,0.372379,0.859018,3.56207
7,-0.232668,0.758207,3.54824
7,0.308919,0.865402,3.64001
7,0.298332,0.873414,3.65089
7,0.327385,0.898437,3.69957
7,0.266987,0.957627,3.71642
7,0.201475,0.856341,3.71921
7,0.330587,0.928021,3.769
7,-0.0593833,0.931234,3.7419
7,0.369582,1.00569,3.7837
7,2.28682,-1.46312,3.78454
7,-0.607988,0.654044,3.72033
7,-0.637243,0.633701,3.71905
7,-0.645252,0.658661,3.7491
7,-0.625512,0.666766,3.75297
7,-0.05551,0.797866,3.82048
7,-0.053262,0.792105,3.82102
7,-0.0373667,0.77546,3.83684
7,-0.0421858,0.817152,3.86793
7,-0.468172,0.735104,3.84419
7,-0.667251,0.672219,3.84541
7,-0.245153,0.880138,3.93111
7,-0.68101,0.697868,3.91899
7,-0.68872,0.704887,3.94551
7,2.43157,-1.5374,4.05165
7,0.726971,0.407522,4.11858
7,-0.309058,0.903195,4.12556
7,1.09942,0.884499,4.29374
7,0.135871,0.641213,4.21567
7,1.09343,0.912291,4.33345
7,-0.0373486,-1.13716,4.18311
7,1.58849,0.203354,4.42931
7,-0.315821,0.960874,4.34893
7,-0.346771,0.895244,4.42585
7,-0.0593147,1.22573,4.5497
7,-1.06926,0.497071,4.43542
7,-0.986927,-0.330955,4.42217
7,-0.973282,0.285045,4.58338
7,-0.973469,0.297356,4.59539
7,-1.05696,0.514631,4.61857
7,-0.980977,0.298378,4.64536
7,-0.989973,0.29188,4.65324
7,1.71832,0.253808,4.87633
7,-0.863902,-2.87183,4.51843
7,-0.184309,0.922188,4.86832
7,-0.557208,-1.02546,4.72638
7,-0.636062,-0.815704,4.74878
7,-0.88607,-0.369784,4.80957
7,1.60973,0.67135,5.08789
7,1.82464,0.516039,5.11714
7,-1.11293,-0.319008,4.88177
7,-0.873691,-0.387816,4.8996
7,-0.590301,-1.03217,4.88972
7,1.8289,0.459687,5.1786
7,-1.76749,0.648465,4.92664
7,-0.567415,-0.577493,4.93855
7,-0.667926,-0.79606,4.92942
7,-0.0635796,-1.25286,4.95635
7,-0.872491,-3.09105,4.82086
7,1.04751,1.04074,5.37716
7,1.05943,1.04327,5.38271
7,1.672,0.255547,5.38437
7,1.05314,1.03879,5.41413
7,1.71625,0.261185,5.47034
7,-0.727799,-0.325658,5.27878
7,-0.729776,-0.301788,5.28895
7,-0.74193,-0.325857,5.29556
7,-0.937004,-0.437893,5.3242
7,-0.480003,-0.849885,5.36155
7,-0.516309,1.41572,5.52488
7,-1.44497,0.936424,5.46176
7,1.10592,1.10066,5.69867
7,-1.25128,-0.319704,5.43245
7,2.04323,-0.00860813,5.70519
7,-0.698477,-0.712209,5.46207
7,-0.493647,-3.59421,5.2963
7,-0.079405,-1.35285,5.49627
7,1.6528,1.75478,5.85088
7,0.865672,1.00032,5.74721
7,2.0327,-0.723636,5.75997
7,2.35158,-1.22787,5.77118
7,-0.520285,-0.873519,5.61858
7,0.451046,0.808197,5.81182
7,1.71434,1.21022,5.95459
7,1.80246,1.14464,5.98665
7,-1.86818,-0.575929,5.59235
7,1.77207,0.919359,5.98163
7,0.907412,1.10106,6.0029
7,-3.60385,-1.06595,5.52221
7,-0.975111,-0.473553,5.76406
7,1.85405,0.816251,6.08094
7,1.44832,1.22022,6.10996
7,-2.03378,-0.517216,5.72514
7,-0.323243,-0.435573,5.89359
7,-0.0632211,0.795515,6.02885
7,-0.52156,-0.867354,5.89773
7,-0.0592249,0.814112,6.05468
7,0.931326,1.16357,6.17067
7,2.21685,0.0286678,6.22358
7,-0.603351,-0.90702,5.94481
7,-2.22785,0.576485,5.94624
7,1.94879,-0.0946979,6.25946
7,1.99684,0.806767,6.34578
7,3.58215,0.0248245,6.42061
7,-0.841275,-0.709382,6.04311
7,2.07849,1.34101,6.44845
7,-3.79934,-1.09392,5.83347
7,0.612555,0.795795,6.30392
7,2.26851,0.0390896,6.3875
7,-3.06023,-1.19527,5.91362
7,2.11424,1.37275,6.49624
7,0.0428011,-1.71105,6.12908
7,1.46185,-3.11677,6.14186
7,-2.32266,0.638997,6.14365
7,-2.15716,-0.535945,6.07636
7,0.907266,-2.53141,6.18842
7,3.47742,1.61554,6.68294
7,2.16388,1.75411,6.59508
7,-1.03874,-1.00783,6.1824
7,-2.35424,0.632546,6.23161
7,-0.132703,1.08279,6.47072
7,2.13224,0.963929,6.64645
7,-0.0925083,-1.48212,6.30907
7,3.32869,-3.2534,8.57148
5,3.32869,-3.2534,8.57148
7,1.7696,-1.22474,9.08493
5,1.7696,-1.22474,9.08493
7,0.997045,-4.04016,10.5454
5,0.997045,-4.04016,10.5454
7,3.03679,0.145048,8.79619
5,3.03679,0.145048,8.79619
7,1.22765,-2.04032,10.3534
5,1.22765,-2.04032,10.3534
7,1.47058,-1.19538,9.07252
5,1.47058,-1.19538,9.07252
7,-0.964867,0.0252913,4.33039
5,-0.964867,0.0252913,4.33039
7,2.20522,-3.43679,9.0165
5,2.20522,-3.43679,9.0165
7,0.734975,-2.23414,10.1786
5,0.734975,-2.23414,10.1786
7,2.41969,-3.24789,11.9488
5,2.41969,-3.24789,11.9488
7,3.4764,0.224712,8.47475
5,3.4764,0.224712,8.47475
7,0.854775,-1.23882,8.73617
5,0.854775,-1.23882,8.73617
7,1.50593,-0.469175,9.95634
5,1.50593,-0.469175,9.95634
7,2.45542,-3.80485,10.0541
5,2.45542,-3.80485,10.0541
7,2.63246,0.486188,6.5616
5,2.63246,0.486188,6.5616
7,3.35147,-0.328836,8.28192
5,3.35147,-0.328836,8.28192
7,3.25224,-0.941758,9.23729
5,3.25224,-0.941758,9.23729
7,2.89198,-0.698575,9.30332
5,2.89198,-0.698575,9.30332
7,1.31643,-2.16153,10.9896
5,1.31643,-2.16153,10.9896
7,2.5839,0.643152,6.99133
5,2.5839,0.643152,6.99133
7,4.10071,-0.31327,9.63405
5,4.10071,-0.31327,9.63405
7,-4.31273,-1.71194,8.89764
5,-4.31273,-1.71194,8.89764
7,0.602958,-1.30499,9.19392
5,0.602958,-1.30499,9.19392
7,1.46595,-1.19937,9.18838
5,1.46595,-1.19937,9.18838
7,1.34132,-2.19576,11.3805
5,1.34132,-2.19576,11.3805
7,2.89402,-0.698336,9.3007
5,2.89402,-0.698336,9.3007
7,-0.342549,-1.49747,9.28917
5,-0.342549,-1.49747,9.28917
7,2.68553,0.500531,6.70377
5,2.68553,0.500531,6.70377
7,2.58721,-0.146566,7.85307
5,2.58721,-0.146566,7.85307
7,1.78697,-0.103717,5.77319
5,1.78697,-0.103717,5.77319
7,-0.673259,-0.311639,4.88465
5,-0.673259,-0.311639,4.88465
7,1.88882,-1.51195,10.0984
5,1.88882,-1.51195,10.0984
7,1.25541,-1.07631,7.9712
5,1.25541,-1.07631,7.9712
7,-1.64724,-1.00826,6.43466
5,-1.64724,-1.00826,6.43466
7,-1.49585,-0.843134,6.11192
5,-1.49585,-0.843134,6.11192
7,-4.97271,-2.15727,6.48169
5,-4.97271,-2.15727,6.48169
7,-2.22829,-1.75556,10.3924
5,-2.22829,-1.75556,10.3924
7,-0.466328,-1.52789,9.11454
5,-0.466328,-1.52789,9.11454
7,-0.000326985,-2.22106,10.4204
5,-0.000326985,-2.22106,10.4204
7,-0.627243,-0.585685,5.96085
5,-0.627243,-0.585685,5.96085
7,1.80447,-1.42445,11.592
5,1.80447,-1.42445,11.592
7,0.598555,-3.67572,9.38443
5,0.598555,-3.67572,9.38443
7,3.17406,-0.848893,8.40305
5,3.17406,-0.848893,8.40305
7,-2.22829,-1.75556,10.3924
5,-2.22829,-1.75556,10.3924
7,-0.980598,-0.655418,5.42042
5,-0.980598,-0.655418,5.42042
7,3.3782,-2.81301,7.28473
5,3.3782,-2.81301,7.28473
7,3.11073,0.161837,7.66452
5,3.11073,0.161837,7.66452
7,-3.45114,-5.94642,14.9426
5,-3.45114,-5.94642,14.9426
7,0.592848,-2.15633,10.6049
4,0.592848,-2.15633,10.6049
7,3.10121,-0.286027,8.49042
4,3.10121,-0.286027,8.49042
7,1.4265,-3.56728,9.19726
4,1.4265,-3.56728,9.19726
7,1.67714,-1.22522,9.04525
4,1.67714,-1.22522,9.04525
7,-2.45955,-5.7724,13.996
4,-2.45955,-5.7724,13.996
7,-3.94029,-3.70275,8.58596
4,-3.94029,-3.70275,8.58596
7,-0.886879,-0.814454,5.90097
4,-0.886879,-0.814454,5.90097
7,-2.49688,-4.74151,15.4078
4,-2.49688,-4.74151,15.4078
7,1.427,-3.61301,9.3176
4,1.427,-3.61301,9.3176
7,-0.0133236,-1.58117,9.11129
4,-0.0133236,-1.58117,9.11129
7,4.72318,-1.69472,10.2663
4,4.72318,-1.69472,10.2663
7,1.34056,-0.466326,8.87555
4,1.34056,-0.466326,8.87555
7,-1.73715,-3.43364,13.7999
4,-1.73715,-3.43364,13.7999
7,1.50403,-1.2375,9.45124
4,1.50403,-1.2375,9.45124
7,-4.85057,-2.42107,7.09464
4,-4.85057,-2.42107,7.09464
7,1.40221,-1.57892,10.0437
3,1.40221,-1.57892,10.0437
7,1.36015,-2.15255,11.0788
3,1.36015,-2.15255,11.0788
7,3.15987,-1.66382,8.54073
3,3.15987,-1.66382,8.54073
7,-3.16669,-3.62241,10.4116
3,-3.16669,-3.62241,10.4116
7,4.88198,-1.77668,7.28677
3,4.88198,-1.77668,7.28677
7,0.361772,-2.75927,10.5432
3,0.361772,-2.75927,10.5432
7,0.30586,-2.56356,9.65207
3,0.30586,-2.56356,9.65207
7,3.99704,-3.00278,7.94193
3,3.99704,-3.00278,7.94193
7,0.332844,-2.84477,10.7445
3,0.332844,-2.84477,10.7445
7,1.32321,-3.54772,9.18359
2,1.32321,-3.54772,9.18359
7,2.30472,-3.13668,11.4021
2,2.30472,-3.13668,11.4021
7,-2.97741,-3.54543,8.81263
2,-2.97741,-3.54543,8.81263
7,2.78238,-1.82515,9.16111
2,2.78238,-1.82515,9.16111
7,-3.97433,-4.44479,7.65356
2,-3.97433,-4.44479,7.65356
7,-0.753271,-3.79212,13.193
0,-0.753271,-3.79212,13.193
7,0.864805,-3.66073,9.4965
0,0.864805,-3.66073,9.4965
7,-3.35763,-3.99849,10.0031
0,-3.35763,-3.99849,10.0031
8,0.0384569,-0.754857,0.472522
8,0.0741046,-1.00055,0.992813
8,-0.050476,-1.14217,1.26746
8,-0.587026,-0.0708152,2.51867
8,-0.547081,0.828555,4.109
8,-1.04282,0.629729,4.12191
8,-1.04656,0.629448,4.12179
8,-1.06399,0.635905,4.1503
8,-1.07503,0.610093,4.1503
8,-1.31662,0.250003,4.12601
8,-0.57284,0.898997,4.32039
8,-2.28178,0.15777,4.13246
8,-0.853832,0.0630407,4.30309
8,-1.63197,0.325244,4.30669
8,-0.860756,0.0853691,4.37085
8,-1.71353,0.123518,4.30982
8,-1.71669,0.214536,4.32915
8,-1.66819,0.18343,4.37718
8,-1.62019,0.581144,4.53665
8,-1.63009,0.563437,4.54383
8,-0.314454,1.00926,4.86022
8,1.12076,1.05047,5.11162
8,-0.609919,-0.275644,4.84351
8,1.04093,1.01827,5.30394
8,-0.627986,-0.270749,5.00217
8,-0.55547,0.946843,5.25159
8,-0.453708,1.06574,5.35274
8,-1.23405,-0.437075,5.12932
8,-0.537746,0.961539,5.36155
8,-0.311281,0.108819,5.378
8,-1.27512,-0.431268,5.27769
8,-0.214041,1.10626,5.61119
8,-0.237873,1.14225,5.64791
8,-0.319824,0.128812,5.57427
8,-0.89628,-0.409634,5.47076
8,-0.843817,-0.566181,5.46983
8,-0.277286,-0.511608,5.54321
8,2.50372,1.16937,6.02865
8,2.5732,1.22468,6.21868
8,-2.04057,-0.543419,5.5827
8,2.18236,0.789583,6.18137
8,2.60537,1.26208,6.3202
8,1.6067,0.980073,6.20256
8,1.60405,0.981848,6.21213
8,1.75926,-0.0258273,6.16261
8,1.7936,-0.117128,6.18448
8,0.951516,1.17582,6.25011
8,-0.101881,0.899981,6.16241
8,1.77976,0.17186,6.32941
8,-0.0485909,0.835413,6.24451
8,-1.55754,-0.665437,5.9413
8,1.81591,0.418781,6.48084
8,-0.980983,-0.818201,6.06655
8,2.19077,1.36996,6.64007
8,0.614555,0.8506,6.45639
8,0.395928,0.912802,6.4959
8,1.67949,0.536805,6.61141
8,-0.947944,-0.933865,6.19353
8,1.17198,0.875389,6.61562
8,0.861994,0.657661,6.67597
8,-0.806581,-0.962802,6.38262
8,2.33765,0.471445,6.68382
6,2.33765,0.471445,6.68382
8,1.97389,1.33893,6.85373
6,1.97389,1.33893,6.85373
8,-1.38978,-1.8283,11.0858
6,-1.38978,-1.8283,11.0858
8,-0.478421,-2.03553,12.1356
6,-0.478421,-2.03553,12.1356
8,-3.37601,-6.4442,15.9472
6,-3.37601,-6.4442,15.9472
8,-3.911,-5.29181,13.5335
6,-3.911,-5.29181,13.5335
8,-3.77644,-3.32898,12.5134
6,-3.77644,-3.32898,12.5134
8,2.47642,-3.33084,12.3114
6,2.47642,-3.33084,12.3114
8,1.72034,-0.695398,9.13622
6,1.72034,-0.695398,9.13622
8,2.03531,-0.979517,8.62677
6,2.03531,-0.979517,8.62677
8,3.33614,-0.866009,8.68563
6,3.33614,-0.866009,8.68563
8,1.48095,-2.19761,13.5233
6,1.48095,-2.19761,13.5233
8,0.468304,-1.59642,7.25945
6,0.468304,-1.59642,7.25945
8,-3.6825,-3.81405,13.5618
6,-3.6825,-3.81405,13.5618
8,2.01511,-4.49563,10.0973
6,2.01511,-4.49563,10.0973
8,-4.82944,-2.81986,11.2858
6,-4.82944,-2.81986,11.2858
8,0.581392,-0.351362,7.93239
6,0.581392,-0.351362,7.93239
8,0.442881,0.69053,4.30556
6,0.442881,0.69053,4.30556
8,0.752296,0.533796,5.94983
6,0.752296,0.533796,5.94983
8,1.94283,-0.949291,8.23956
6,1.94283,-0.949291,8.23956
8,-0.0789017,-1.829,8.31631
6,-0.0789017,-1.829,8.31631
8,0.113323,-3.2944,13.4403
6,0.113323,-3.2944,13.4403
8,1.91787,1.29155,6.64781
6,1.91787,1.29155,6.64781
8,2.10459,0.0109125,6.67536
6,2.10459,0.0109125,6.67536
8,0.162823,-1.49298,8.58572
6,0.162823,-1.49298,8.58572
8,0.837475,0.625379,6.623
6,0.837475,0.625379,6.623
8,-4.87439,-1.92293,10.0207
6,-4.87439,-1.92293,10.0207
8,-4.05137,-13.6752,22.4779
6,-4.05137,-13.6752,22.4779
8,1.86562,-0.928817,7.88928
6,1.86562,-0.928817,7.88928
8,2.21589,1.44945,6.82648
6,2.21589,1.44945,6.82648
8,2.86316,1.39242,6.90063
6,2.86316,1.39242,6.90063
8,1.70718,-2.26644,11.8676
6,1.70718,-2.26644,11.8676
8,2.83314,0.452118,6.75152
6,2.83314,0.452118,6.75152
8,-1.56354,-2.55276,10.2152
6,-1.56354,-2.55276,10.2152
8,-0.216142,-9.38686,15.7679
6,-0.216142,-9.38686,15.7679
8,1.26536,-0.950064,7.68064
6,1.26536,-0.950064,7.68064
8,0.147985,-1.51117,8.59795
6,0.147985,-1.51117,8.59795
8,3.74387,0.936917,7.26663
6,3.74387,0.936917,7.26663
8,3.40555,-0.913001,8.94984
6,3.40555,-0.913001,8.94984
8,3.75344,0.724043,8.95968
6,3.75344,0.724043,8.95968
8,0.714601,-0.327819,11.2555
6,0.714601,-0.327819,11.2555
8,1.02361,-1.38569,9.85705
6,1.02361,-1.38569,9.85705
8,1.35043,-0.479171,8.92176
6,1.35043,-0.479171,8.92176
8,-0.0481272,-1.83499,8.20833
6,-0.0481272,-1.83499,8.20833
8,1.55986,-3.95596,10.3028
6,1.55986,-3.95596,10.3028
8,-5.49573,-6.07511,10.6759
6,-5.49573,-6.07511,10.6759
8,-4.73203,-1.89972,9.72909
6,-4.73203,-1.89972,9.72909
8,-4.48285,-10.1024,18.0705
6,-4.48285,-10.1024,18.0705
8,3.40865,0.210697,7.63273
6,3.40865,0.210697,7.63273
8,3.75095,0.779491,8.97342
6,3.75095,0.779491,8.97342
8,-4.48285,-10.1024,18.0705
6,-4.48285,-10.1024,18.0705
8,4.70947,-1.82632,8.54738
6,4.70947,-1.82632,8.54738
8,0.591097,-3.93636,11.8202
6,0.591097,-3.93636,11.8202
8,2.26473,-0.399364,10.575
6,2.26473,-0.399364,10.575
8,3.51876,-2.93775,7.63854
6,3.51876,-2.93775,7.63854
8,2.46524,-1.01941,8.92982
5,2.46524,-1.01941,8.92982
8,3.24744,-3.34412,8.70036
5,3.24744,-3.34412,8.70036
8,1.36308,-1.17349,9.57406
5,1.36308,-1.17349,9.57406
8,1.62139,0.411019,6.10676
5,1.62139,0.411019,6.10676
8,2.92899,-1.0709,9.20635
5,2.92899,-1.0709,9.20635
8,1.65475,-1.3082,10.2203
5,1.65475,-1.3082,10.2203
8,0.344198,-3.84865,11.619
5,0.344198,-3.84865,11.619
8,-3.23885,-6.29372,15.4748
5,-3.23885,-6.29372,15.4748
8,-2.8374,-5.66086,13.7152
5,-2.8374,-5.66086,13.7152
8,-0.035978,-1.80895,10.4727
5,-0.035978,-1.80895,10.4727
8,-0.481782,-2.039,13.3755
5,-0.481782,-2.039,13.3755
8,-5.34846,-1.20136,7.87804
5,-5.34846,-1.20136,7.87804
8,-7.1233,-12.079,30.9499
5,-7.1233,-12.079,30.9499
8,4.50276,-1.85234,8.72363
5,4.50276,-1.85234,8.72363
8,0.606213,-1.28891,9.26784
4,0.606213,-1.28891,9.26784
8,1.24646,-2.07138,10.5835
4,1.24646,-2.07138,10.5835
8,0.740181,-3.65829,10.0566
3,0.740181,-3.65829,10.0566
8,3.23578,-1.70631,8.7591
3,3.23578,-1.70631,8.7591
8,0.559202,-4.08291,10.4979
3,0.559202,-4.08291,10.4979
8,-2.25539,-1.77644,10.6651
3,-2.25539,-1.77644,10.6651
8,0.355982,-2.86066,10.8093
3,0.355982,-2.86066,10.8093
8,0.491291,-3.47568,10.3259
3,0.491291,-3.47568,10.3259
8,-1.60506,-2.29487,11.1621
2,-1.60506,-2.29487,11.1621
8,-3.09678,-7.60171,13.5152
2,-3.09678,-7.60171,13.5152
8,-4.16085,-2.47783,11.501
2,-4.16085,-2.47783,11.501
8,2.93856,-1.92965,9.73011
2,2.93856,-1.92965,9.73011
8,-4.70475,-5.23219,9.09729
2,-4.70475,-5.23219,9.09729
8,-4.36215,-4.06303,9.44589
1,-4.36215,-4.06303,9.44589
8,-4.35175,-4.07319,10.2885
1,-4.35175,-4.07319,10.2885
9,-0.846451,0.0453574,4.19901
9,0.137517,0.668945,4.38945
9,-1.65062,0.157097,4.22413
9,-1.66614,0.119537,4.24656
9,-0.880488,-0.0125743,4.29152
9,-1.71046,0.128074,4.27434
9,-1.68637,0.132526,4.28976
9,-1.66904,0.341705,4.43822
9,0.409968,0.216882,4.95531
9,-0.599437,0.902603,5.08078
9,-0.586767,-0.299541,4.95693
9,-0.625022,-0.245583,4.96618
9,-0.623506,-0.270418,4.97277
9,0.416592,0.24054,5.13629
9,1.06576,1.03501,5.38006
9,-0.600501,-0.215248,5.06853
9,-0.638297,-0.258653,5.07267
9,0.965736,0.677027,5.51956
9,-0.303744,-0.513146,5.54945
9,1.45935,1.21168,6.07077
9,0.385117,0.792571,6.00884
9,-2.04539,-0.532464,5.63344
9,-0.787134,-0.619532,5.79352
9,2.60993,0.780619,6.26175
9,-0.706039,-0.776513,5.7924
9,1.81669,-0.127579,6.08732
9,-0.694624,-0.774391,5.82456
9,-0.718534,-0.725984,5.93579
9,0.848125,-3.56086,5.65893
9,2.23666,0.416532,6.38077
9,-0.59301,-3.45669,5.58613
9,1.65214,1.11588,6.49068
9,-1.46215,-0.649619,5.99689
9,1.65906,1.11715,6.50604
9,0.380129,0.867351,6.41829
9,-1.59153,-0.648507,6.06915
9,-0.606471,-3.52894,5.72618
9,-0.295447,-0.886184,6.16313
9,2.36572,0.457848,6.58501
9,0.624713,0.958017,6.54613
9,1.86893,0.511578,6.63246
9,3.93606,1.20783,6.94011
9,3.9413,1.19188,6.94359
9,3.9719,1.19329,6.96351
9,-0.678478,0.636385,6.53957
9,-1.04968,-1.0327,6.26064
9,-1.86929,-0.7323,6.26912
9,-0.497335,-0.953571,6.34233
9,1.70819,1.04866,6.82186
9,1.31395,-0.443843,8.6623
6,1.31395,-0.443843,8.6623
9,-1.17757,0.521644,4.66094
6,-1.17757,0.521644,4.66094
9,-3.02436,-2.7105,9.98753
6,-3.02436,-2.7105,9.98753
9,-3.53569,-2.70491,9.90048
6,-3.53569,-2.70491,9.90048
9,3.0951,-3.28942,8.48972
6,3.0951,-3.28942,8.48972
9,3.53249,-1.64698,8.77686
6,3.53249,-1.64698,8.77686
9,3.39686,-0.433259,8.74415
6,3.39686,-0.433259,8.74415
9,1.57285,-0.812244,8.98251
6,1.57285,-0.812244,8.98251
9,0.877948,0.664065,6.8639
6,0.877948,0.664065,6.8639
9,-1.90119,-3.64108,11.5829
6,-1.90119,-3.64108,11.5829
9,2.04141,-0.319617,8.35449
6,2.04141,-0.319617,8.35449
9,3.34937,-1.74545,9.08706
6,3.34937,-1.74545,9.08706
9,2.15126,1.47992,7.43062
6,2.15126,1.47992,7.43062
9,1.92184,-0.358609,9.03085
6,1.92184,-0.358609,9.03085
9,2.97212,-0.107901,8.19028
6,2.97212,-0.107901,8.19028
9,3.50275,-0.752231,10.4029
6,3.50275,-0.752231,10.4029
9,-3.40865,-3.17362,7.02259
6,-3.40865,-3.17362,7.02259
9,1.22522,0.934593,6.85056
6,1.22522,0.934593,6.85056
9,3.99077,-0.819841,11.9097
6,3.99077,-0.819841,11.9097
9,5.83183,-2.15777,10.5019
6,5.83183,-2.15777,10.5019
9,0.511432,-3.73681,9.58509
6,0.511432,-3.73681,9.58509
9,-2.44805,-2.47963,11.613
6,-2.44805,-2.47963,11.613
9,-1.88248,-6.38951,10.954
6,-1.88248,-6.38951,10.954
9,3.51846,-0.0374742,7.44403
6,3.51846,-0.0374742,7.44403
9,-1.05185,-2.28116,11.287
6,-1.05185,-2.28116,11.287
9,0.806475,-3.32786,9.9705
6,0.806475,-3.32786,9.9705
9,0.548685,-3.90382,10.0999
6,0.548685,-3.90382,10.0999
9,-2.7619,-2.44707,8.91793
6,-2.7619,-2.44707,8.91793
9,-4.91067,-2.46492,7.24504
6,-4.91067,-2.46492,7.24504
9,2.00834,-0.961026,8.47817
6,2.00834,-0.961026,8.47817
9,4.51401,0.133837,8.06016
6,4.51401,0.133837,8.06016
9,2.172,0.974866,6.66018
6,2.172,0.974866,6.66018
9,5.78363,-2.24855,9.14777
6,5.78363,-2.24855,9.14777
9,-2.82829,-2.46905,9.1144
6,-2.82829,-2.46905,9.1144
9,-6.18451,-1.37361,7.55531
6,-6.18451,-1.37361,7.55531
9,-4.98572,-2.15668,6.46133
6,-4.98572,-2.15668,6.46133
9,6.25251,-3.06976,9.54583
6,6.25251,-3.06976,9.54583
9,-6.24804,-4.99981,8.07614
6,-6.24804,-4.99981,8.07614
9,3.82801,0.924377,7.41199
6,3.82801,0.924377,7.41199
9,-5.51683,-2.2133,6.86594
6,-5.51683,-2.2133,6.86594
9,5.89518,-2.16338,10.646
6,5.89518,-2.16338,10.646
9,-6.20919,-1.69833,8.50528
6,-6.20919,-1.69833,8.50528
9,-0.0041412,-0.768722,5.73671
6,-0.0041412,-0.768722,5.73671
9,0.637314,-4.02745,12.137
6,0.637314,-4.02745,12.137
9,5.48443,-2.38402,11.7396
6,5.48443,-2.38402,11.7396
9,1.42067,-1.00881,8.80367
6,1.42067,-1.00881,8.80367
9,-1.16971,-1.06486,6.92201
6,-1.16971,-1.06486,6.92201
9,0.905358,-1.23001,9.10879
5,0.905358,-1.23001,9.10879
9,1.05264,0.483645,6.49318
5,1.05264,0.483645,6.49318
9,0.646041,-0.750558,8.59044
5,0.646041,-0.750558,8.59044
9,-3.42761,-2.99401,11.2725
5,-3.42761,-2.99401,11.2725
9,-2.62769,-5.13306,12.5379
5,-2.62769,-5.13306,12.5379
9,-0.10237,-1.97521,9.2675
5,-0.10237,-1.97521,9.2675
9,-4.31576,-2.38034,9.60184
5,-4.31576,-2.38034,9.60184
9,-1.46631,-2.37918,9.55442
5,-1.46631,-2.37918,9.55442
9,1.86316,-1.49548,9.88693
5,1.86316,-1.49548,9.88693
9,1.52016,-1.22851,9.47775
5,1.52016,-1.22851,9.47775
9,1.07512,-0.672935,8.69148
5,1.07512,-0.672935,8.69148
9,-5.05652,-2.84269,7.20359
5,-5.05652,-2.84269,7.20359
9,-2.1986,-3.86102,9.52383
5,-2.1986,-3.86102,9.52383
9,-4.00231,-3.30504,8.29286
5,-4.00231,-3.30504,8.29286
9,-2.91498,-5.0202,12.5556
5,-2.91498,-5.0202,12.5556
9,0.590655,-1.24998,8.99484
4,0.590655,-1.24998,8.99484
9,1.59363,-1.07479,9.30951
4,1.59363,-1.07479,9.30951
9,-3.11856,-3.56265,10.2598
4,-3.11856,-3.56265,10.2598
9,-1.41694,-2.86883,11.4225
4,-1.41694,-2.86883,11.4225
9,1.24962,-2.05308,10.5051
4,1.24962,-2.05308,10.5051
9,-3.39916,-3.43889,11.8594
4,-3.39916,-3.43889,11.8594
9,0.547052,-2.53601,10.073
4,0.547052,-2.53601,10.073
9,0.60249,-2.74171,10.9228
4,0.60249,-2.74171,10.9228
9,-0.0036362,-1.64369,9.04637
3,-0.0036362,-1.64369,9.04637
9,-2.36505,-5.39309,13.875
3,-2.36505,-5.39309,13.875
9,2.03124,-3.11591,11.31
3,2.03124,-3.11591,11.31
9,-1.41023,-2.83938,11.4074
3,-1.41023,-2.83938,11.4074
9,3.33053,-3.26775,8.63596
3,3.33053,-3.26775,8.63596
9,-1.33506,-2.75516,11.0454
3,-1.33506,-2.75516,11.0454
9,3.81207,-3.15399,8.32556
3,3.81207,-3.15399,8.32556
9,3.23331,-3.11177,8.72701
2,3.23331,-3.11177,8.72701
9,4.26058,-2.06585,9.23147
2,4.26058,-2.06585,9.23147
9,0.870057,-2.58147,10.8365
2,0.870057,-2.58147,10.8365
9,4.13391,-2.08813,8.67287
2,4.13391,-2.08813,8.67287
9,-3.35052,-8.2862,14.6565
2,-3.35052,-8.2862,14.6565
9,-3.2199,-7.95933,14.0753
2,-3.2199,-7.95933,14.0753
10,-0.0054162,0.316394,0.175878
10,0.0854597,0.428959,0.315518
10,0.0998351,0.508574,0.317183
10,0.0458767,0.444981,-0.0110354
10,0.00215559,0.459299,-0.0251897
10,-0.0028318,0.466027,-0.0302847
10,-0.385666,0.553142,-0.0207445
10,-0.388576,0.552531,-0.0228141
10,-0.391327,0.553692,-0.0244198
10,-0.389919,0.561218,-0.0264281
10,-0.389668,0.56378,-0.0282643
10,-0.422233,0.606848,-0.0606228
10,0.374078,0.976662,0.280705
10,-1.50319,3.04634,0.56707
10,-0.749674,2.71468,-1.23096
10,0.416581,2.83917,-2.07794
10,-0.991041,3.01859,-1.38421
10,0.117014,3.25412,-1.04232
10,0.38766,2.90451,-2.1246
10,0.429605,2.90787,-2.13236
10,-1.00407,3.07657,-1.41802
10,-0.856809,3.09674,-1.45641
10,-1.00548,3.10077,-1.41992
10,0.219432,3.0232,-2.17
10,0.151365,3.20265,-2.29523
10,-0.838854,3.711,-0.898707
10,-0.074926,3.32456,-2.30192
10,0.983113,3.45898,-2.54005
10,1.00287,3.59219,-2.40754
10,1.00891,3.60859,-2.43547
10,1.02427,3.66273,-2.47148
10,0.0670205,3.66169,-2.24349
10,1.01617,3.68097,-2.5248
10,0.0695276,3.74863,-2.31246
10,0.0853215,4.58813,0.0375411
10,1.48198,4.05534,-1.91472
10,-1.01599,3.92496,-2.0255
10,-1.05758,4.0423,-2.03293
10,-0.66246,4.40815,-1.63689
10,1.65289,4.54151,-2.18297
10,-0.562672,4.703,-1.14889
10,-1.35605,4.12631,-2.62632
10,1.65613,4.59184,-2.21171
10,0.838628,4.32529,-2.85233
10,-1.86405,4.21201,-2.51437
10,0.634449,4.37704,-2.82906
10,0.803517,4.50185,-2.56756
10,0.0822431,5.33898,-0.0178462
10,0.903301,4.47977,-2.98646
10,0.937515,4.4956,-2.97774
10,-1.03473,4.79682,-1.67589
10,0.777108,4.92407,-1.79618
10,2.73869,4.6115,-3.23258
10,0.93007,4.53636,-3.03518
10,-0.915939,4.8064,-1.79567
10,1.45817,4.58649,-3.06103
10,0.982306,4.56495,-3.06892
10,-1.24939,4.87789,-1.60288
10,-1.83301,4.85757,-1.54928
10,-0.739745,4.88524,-1.77854
10,1.82909,4.83621,-2.62395
10,-1.84315,4.86813,-1.56599
10,-1.0044,4.9479,-1.69355
10,-0.997645,4.95207,-1.68762
10,-0.759628,5.02937,-1.5351
10,0.56712,4.66682,-2.95309
10,-0.830971,4.9232,-1.85762
10,0.771671,4.68263,-3.08169
10,0.523912,4.69895,-3.01956
10,1.84308,5.03479,-2.4446
10,-0.842115,4.99441,-1.87948
10,-1.49254,4.56029,-2.96445
10,-2.03157,4.60843,-2.74207
10,0.222085,4.82666,-2.84047
10,-3.53414,5.06008,-1.19552
10,-0.206963,5.49624,-0.921762
10,-4.21892,5.62666,0.476839
10,-0.187604,4.83248,-2.88193
10,-0.993595,5.36557,-1.2166
10,-1.10372,5.1614,-1.80515
10,1.56313,4.78555,-3.6317
10,-1.35109,5.21285,-1.73869
10,-0.637064,5.42186,-1.3887
10,-0.403342,4.89534,-2.98547
10,-0.992385,5.21615,-1.96223
10,2.21117,5.81692,-1.13168
10,-0.841673,5.46476,-1.42593
10,-0.795952,5.32188,-1.91102
10,-1.44236,5.08458,-2.43684
10,-0.702176,5.0691,-2.7573
10,-0.663807,5.52521,-1.45855
10,3.08186,5.13469,-3.64286
10,-1.03009,5.60149,-1.29291
10,0.331172,5.21712,-3.03622
10,-4.08232,6.19597,0.932818
10,-0.862464,5.47758,-2.08851
10,-4.11075,6.24954,0.937652
10,1.76044,5.27362,-3.49075
10,1.19862,6.1849,-0.729432
10,-3.87166,5.51566,-1.32943
10,-0.639218,5.72266,-1.73661
10,-1.35102,5.71454,-1.60911
10,-0.508177,5.70065,-1.87643
10,-1.39059,5.77363,-1.64673
10,1.59534,5.21128,-4.20828
10,-1.27485,6.79671,0.94782
10,1.8096,5.93568,-2.35944
10,-4.5726,5.6493,-1.51269
10,-0.222719,5.41299,-3.35166
10,-1.24719,5.76776,-2.0613
10,1.85612,5.91401,-2.46037
10,-3.13328,6.37778,0.14748
10,1.25466,6.46086,-0.786403
10,-4.32561,6.59094,0.964268
10,0.720107,6.70625,-0.119914
10,-2.1844,5.9304,-1.80673
10,0.379646,5.63506,-3.40738
10,-0.542128,6.14748,-1.74545
10,-0.232391,6.20852,-1.70588
10,-0.886883,6.08891,-1.97212
10,1.88841,6.16156,-2.49876
10,-2.45326,5.95355,-2.01274
10,3.23145,6.78007,-1.18713
10,2.08602,6.26757,-2.41259
10,-2.08124,6.08676,-1.84524
10,-0.54634,6.26945,-1.78131
10,2.25236,9.6029,-3.5832
9,2.25236,9.6029,-3.5832
10,2.56757,8.78215,-2.62595
9,2.56757,8.78215,-2.62595
10,2.62677,8.81746,-2.55496
9,2.62677,8.81746,-2.55496
10,0.813582,8.75982,-2.28754
9,0.813582,8.75982,-2.28754
10,2.09429,6.31197,-3.47386
9,2.09429,6.31197,-3.47386
10,0.334708,8.59405,-2.33857
9,0.334708,8.59405,-2.33857
10,1.81226,9.11493,-3.47567
9,1.81226,9.11493,-3.47567
10,2.67339,7.2712,-1.50263
9,2.67339,7.2712,-1.50263
10,-0.889513,6.47064,-3.62073
9,-0.889513,6.47064,-3.62073
10,2.41127,6.80508,-4.00002
9,2.41127,6.80508,-4.00002
10,2.80956,7.63443,-1.57983
9,2.80956,7.63443,-1.57983
10,-4.34465,11.0497,-2.3233
9,-4.34465,11.0497,-2.3233
10,1.81402,11.7756,1.5872
9,1.81402,11.7756,1.5872
10,3.46043,7.25665,-2.98533
9,3.46043,7.25665,-2.98533
10,0.37218,8.68724,-3.36805
9,0.37218,8.68724,-3.36805
10,1.31341,8.19863,-2.06477
9,1.31341,8.19863,-2.06477
10,3.29507,7.66412,-1.71114
9,3.29507,7.66412,-1.71114
10,3.17274,7.55877,-1.28271
9,3.17274,7.55877,-1.28271
10,3.25166,8.09363,-3.00831
9,3.25166,8.09363,-3.00831
10,1.56114,7.82533,-2.90789
9,1.56114,7.82533,-2.90789
10,1.35153,8.36166,-2.12435
9,1.35153,8.36166,-2.12435
10,2.37296,7.97651,-2.5897
9,2.37296,7.97651,-2.5897
10,4.5067,7.80956,-1.12166
9,4.5067,7.80956,-1.12166
10,2.04788,13.2233,1.72783
9,2.04788,13.2233,1.72783
10,-2.83302,9.21302,-1.08317
9,-2.83302,9.21302,-1.08317
10,0.226011,6.16933,-2.25508
9,0.226011,6.16933,-2.25508
10,-0.151887,5.26322,-1.44271
9,-0.151887,5.26322,-1.44271
10,3.31844,8.31372,-3.08554
9,3.31844,8.31372,-3.08554
10,-0.579794,7.84226,-2.17271
9,-0.579794,7.84226,-2.17271
10,-5.08731,6.58068,-0.669896
9,-5.08731,6.58068,-0.669896
10,5.32919,10.41,-2.03694
9,5.32919,10.41,-2.03694
10,-1.07496,7.40952,-1.09652
9,-1.07496,7.40952,-1.09652
10,0.185586,11.2627,-0.916191
9,0.185586,11.2627,-0.916191
10,-1.78123,7.10057,-0.0378709
9,-1.78123,7.10057,-0.0378709
10,3.15621,5.68906,-3.14798
9,3.15621,5.68906,-3.14798
10,1.74179,8.85093,-3.36383
8,1.74179,8.85093,-3.36383
10,2.11087,6.23674,-4.15974
8,2.11087,6.23674,-4.15974
10,-0.646776,4.37391,-1.24407
8,-0.646776,4.37391,-1.24407
10,-1.14846,7.82372,-1.86978
8,-1.14846,7.82372,-1.86978
10,0.184799,9.74017,-1.68935
8,0.184799,9.74017,-1.68935
10,-3.14325,12.9912,-0.454085
8,-3.14325,12.9912,-0.454085
10,-0.760687,7.95385,-1.50366
8,-0.760687,7.95385,-1.50366
10,-4.05812,10.4002,-2.15388
8,-4.05812,10.4002,-2.15388
10,3.52964,11.8418,-1.6829
8,3.52964,11.8418,-1.6829
10,2.35226,8.30654,-2.88332
8,2.35226,8.30654,-2.88332
10,2.2691,9.77232,-3.63667
8,2.2691,9.77232,-3.63667
10,2.11537,6.51077,-4.08685
8,2.11537,6.51077,-4.08685
10,-0.445247,6.70739,-1.79424
8,-0.445247,6.70739,-1.79424
10,1.34444,9.04981,-2.7587
8,1.34444,9.04981,-2.7587
10,1.35457,9.7646,-2.75664
8,1.35457,9.7646,-2.75664
10,2.68817,8.02839,-1.63146
8,2.68817,8.02839,-1.63146
10,1.30176,10.8763,-2.38241
8,1.30176,10.8763,-2.38241
10,0.396965,11.2875,-2.45056
8,0.396965,11.2875,-2.45056
10,-0.791819,8.17311,-1.55508
8,-0.791819,8.17311,-1.55508
10,-7.09531,29.1167,-1.48769
8,-7.09531,29.1167,-1.48769
10,3.50364,8.12761,-0.717577
8,3.50364,8.12761,-0.717577
10,1.89226,9.84345,0.546466
8,1.89226,9.84345,0.546466
10,1.27603,11.0465,-2.39607
8,1.27603,11.0465,-2.39607
10,2.1932,7.44718,-2.09166
8,2.1932,7.44718,-2.09166
10,0.328606,8.47384,-2.28929
8,0.328606,8.47384,-2.28929
10,-0.0881781,8.1319,-1.92037
8,-0.0881781,8.1319,-1.92037
10,2.46376,7.67546,-0.232116
8,2.46376,7.67546,-0.232116
10,3.28477,9.50912,-1.00483
8,3.28477,9.50912,-1.00483
10,0.992733,7.5353,-2.68253
8,0.992733,7.5353,-2.68253
10,3.01859,10.3085,-2.99708
8,3.01859,10.3085,-2.99708
10,-4.62208,5.83299,-1.21268
8,-4.62208,5.83299,-1.21268
10,0.133132,9.41796,-0.731884
8,0.133132,9.41796,-0.731884
10,3.03984,7.69851,-0.236729
8,3.03984,7.69851,-0.236729
10,0.50588,6.61862,-1.65609
8,0.50588,6.61862,-1.65609
10,3.55059,9.30856,-0.403081
5,3.55059,9.30856,-0.403081
10,-0.134116,10.8597,-2.44087
5,-0.134116,10.8597,-2.44087
10,-1.29874,6.71367,-2.22602
5,-1.29874,6.71367,-2.22602
10,-1.35363,5.95764,-2.05504
5,-1.35363,5.95764,-2.05504
10,2.86476,8.28293,-3.31872
5,2.86476,8.28293,-3.31872
10,0.419443,11.4478,-0.68241
5,0.419443,11.4478,-0.68241
10,3.49549,10.83,-3.71062
5,3.49549,10.83,-3.71062
10,2.89685,6.89167,-3.71867
5,2.89685,6.89167,-3.71867
10,-1.02976,5.47611,-2.09225
5,-1.02976,5.47611,-2.09225
10,-1.69235,11.1806,-2.50521
5,-1.69235,11.1806,-2.50521
10,-0.967264,8.42626,-2.10778
5,-0.967264,8.42626,-2.10778
10,-1.24406,6.37602,-2.1045
5,-1.24406,6.37602,-2.1045
10,-1.27512,6.53416,-1.89211
5,-1.27512,6.53416,-1.89211
10,1.89601,12.9553,-1.81484
5,1.89601,12.9553,-1.81484
10,-1.98845,5.98079,-2.28891
5,-1.98845,5.98079,-2.28891
10,-2.20824,6.24416,-2.42728
5,-2.20824,6.24416,-2.42728
10,3.9052,10.1919,-0.460802
5,3.9052,10.1919,-0.460802
10,0.178708,11.3829,-0.922279
5,0.178708,11.3829,-0.922279
10,-2.78584,11.2709,-2.97157
5,-2.78584,11.2709,-2.97157
10,4.16404,10.4382,-0.444942
5,4.16404,10.4382,-0.444942
10,-3.34867,13.1211,1.42911
5,-3.34867,13.1211,1.42911
10,2.95322,8.73562,-3.11638
5,2.95322,8.73562,-3.11638
10,0.3149,9.4823,-1.93894
5,0.3149,9.4823,-1.93894
10,-2.19645,7.92696,-2.17036
5,-2.19645,7.92696,-2.17036
10,-2.93668,11.924,-3.12374
5,-2.93668,11.924,-3.12374
10,-1.41163,9.75459,-2.41301
5,-1.41163,9.75459,-2.41301
10,5.50742,8.76851,-3.2362
5,5.50742,8.76851,-3.2362
10,-6.95138,10.9935,-0.594497
5,-6.95138,10.9935,-0.594497
10,-2.66634,7.34183,-2.29133
5,-2.66634,7.34183,-2.29133
10,-1.01075,6.43012,-1.92663
5,-1.01075,6.43012,-1.92663
10,3.6601,9.08226,-3.39958
5,3.6601,9.08226,-3.39958
10,-0.650915,8.98457,-2.16637
5,-0.650915,8.98457,-2.16637
10,1.80686,9.01413,-3.39152
5,1.80686,9.01413,-3.39152
10,-5.04804,9.34486,-2.22176
5,-5.04804,9.34486,-2.22176
10,4.93129,7.89996,-2.88688
5,4.93129,7.89996,-2.88688
10,4.70281,8.94764,-2.96268
5,4.70281,8.94764,-2.96268
10,3.21714,9.94956,-0.381404
5,3.21714,9.94956,-0.381404
10,2.58961,7.89007,-1.63014
5,2.58961,7.89007,-1.63014
10,1.97436,10.5781,-3.05689
5,1.97436,10.5781,-3.05689
10,-0.925492,6.89584,-2.27241
5,-0.925492,6.89584,-2.27241
10,-4.63703,8.56154,-2.02247
5,-4.63703,8.56154,-2.02247
10,1.07216,8.03053,-2.22213
5,1.07216,8.03053,-2.22213
10,-1.35918,6.43475,-1.99113
5,-1.35918,6.43475,-1.99113
10,3.07795,9.52756,-2.0819
5,3.07795,9.52756,-2.0819
10,-0.931992,11.3994,-2.9203
5,-0.931992,11.3994,-2.9203
10,-2.57436,10.4638,-2.64384
5,-2.57436,10.4638,-2.64384
10,0.242287,9.529,-1.99018
4,0.242287,9.529,-1.99018
10,3.01967,9.77855,-0.401885
4,3.01967,9.77855,-0.401885
10,-1.70403,6.28909,-1.78836
4,-1.70403,6.28909,-1.78836
10,-0.26556,12.6442,-2.13527
4,-0.26556,12.6442,-2.13527
10,3.74227,9.76231,-0.420361
4,3.74227,9.76231,-0.420361
10,1.39594,12.3117,-0.479985
4,1.39594,12.3117,-0.479985
10,1.55341,11.8373,-0.493264
4,1.55341,11.8373,-0.493264
10,-5.43963,7.91764,-0.755044
4,-5.43963,7.91764,-0.755044
10,0.164809,10.9899,-0.893099
4,0.164809,10.9899,-0.893099
10,0.605392,11.1423,-0.462918
3,0.605392,11.1423,-0.462918
10,3.83314,8.86583,-2.03224
3,3.83314,8.86583,-2.03224
10,-3.81821,11.8355,-0.994586
3,-3.81821,11.8355,-0.994586
10,5.04574,8.22762,-1.29083
3,5.04574,8.22762,-1.29083
10,-5.45705,9.42422,-0.817027
3,-5.45705,9.42422,-0.817027
10,-4.85979,10.2427,-0.748962
3,-4.85979,10.2427,-0.748962
10,-6.01589,9.14015,-0.8791
3,-6.01589,9.14015,-0.8791
10,-1.32751,10.6986,-2.29346
2,-1.32751,10.6986,-2.29346
10,-0.307659,0.771618,-0.198589
2,-0.307659,0.771618,-0.198589
10,2.14842,11.0435,-0.501195
2,2.14842,11.0435,-0.501195
10,1.34063,10.7508,-0.441184
2,1.34063,10.7508,-0.441184
10,1.66126,10.7245,-0.320819
2,1.66126,10.7245,-0.320819
10,4.15772,10.1601,-0.369077
2,4.15772,10.1601,-0.369077
10,2.43187,9.03014,-1.86546
2,2.43187,9.03014,-1.86546
10,3.10591,9.34623,-1.98374
2,3.10591,9.34623,-1.98374
10,-3.58749,10.319,-0.359283
2,-3.58749,10.319,-0.359283
10,-5.36524,9.87293,1.19533
2,-5.36524,9.87293,1.19533
10,-5.36524,9.87293,1.19533
2,-5.36524,9.87293,1.19533
10,0.522981,10.1013,-0.385391
0,0.522981,10.1013,-0.385391
10,2.86053,9.22927,-0.336569
0,2.86053,9.22927,-0.336569
11,0.100844,0.402984,-0.0460077
11,-0.0888784,0.407254,-0.048986
11,-0.085547,0.407396,-0.0526034
11,-0.0855766,0.40778,-0.0516581
11,0.0699695,0.427809,-0.0539999
11,0.0699371,0.428641,-0.0537752
11,0.0551554,0.429313,-0.0484501
11,0.0542209,0.429449,-0.0486915
11,0.0549452,0.429251,-0.0496072
11,0.055939,0.429008,-0.0505812
11,-0.00639401,0.424476,-0.0507483
11,-0.00529778,0.424683,-0.0528944
11,-0.0049822,0.425594,-0.0526278
11,-0.0103331,0.426112,-0.0518479
11,-0.201603,0.424082,-0.0553679
11,-0.202274,0.423703,-0.0563569
11,-0.200037,0.424751,-0.0543106
11,-0.212755,0.427445,-0.0580007
11,-0.220954,0.430872,-0.054938
11,-0.0566093,0.459768,-0.0538465
11,-0.0725347,0.465633,-0.0517991
11,-0.0740797,0.46625,-0.0501486
11,-0.0756816,0.46697,-0.0511431
11,-0.0737114,0.467027,-0.0522861
11,-0.0760096,0.467775,-0.0514603
11,-0.0143393,0.477416,-0.0536634
11,-0.0762465,0.492079,-0.0530702
11,-0.076196,0.491351,-0.0552783
11,-0.0763814,0.49355,-0.0557211
11,-0.0751112,0.493387,-0.0567011
11,-0.402548,0.570724,-0.0562212
11,-0.815911,1.86284,-0.790252
11,-1.18019,3.73958,-1.74854
11,-1.20073,3.71627,-1.81119
11,-1.10241,3.72715,-1.8132
11,-1.12028,3.71755,-1.8377
11,-1.10461,3.73521,-1.81566
11,-1.17971,3.74788,-1.76329
11,-1.19788,3.72922,-1.82656
11,-0.910623,3.97717,-1.84276
11,-1.70768,3.98796,-1.74072
11,-0.988511,4.10792,-1.74233
11,-1.02713,4.12668,-1.74751
11,-0.918496,4.45021,-1.7454
11,-0.746259,4.49157,-1.81469
11,-0.704068,4.54124,-1.76288
11,-0.748448,4.52121,-1.8313
11,-0.76685,4.52393,-1.83507
11,-0.941273,4.52827,-1.79541
11,-0.726949,4.638,-1.74647
11,-2.24418,4.47719,-1.93084
11,-0.739601,4.66813,-1.77654
11,-1.32291,4.629,-1.85348
11,-0.714092,4.74231,-1.77603
11,-1.74137,4.90385,-1.84533
11,-2.4991,4.92212,-1.71103
11,-1.75131,4.93951,-1.85983
11,-2.24195,4.93711,-1.79206
11,-1.3917,5.00675,-1.81828
11,-0.550116,5.0874,-1.83958
11,-1.76934,4.9803,-1.89144
11,-2.25726,4.98441,-1.80876
11,-2.25501,4.99963,-1.8104
11,-1.58001,5.07125,-1.82426
11,-1.10258,5.13413,-1.75777
11,-1.4315,5.09364,-1.85099
11,-1.50751,5.11893,-1.81446
11,-1.60136,5.17756,-1.70993
11,-2.49066,4.95747,-2.14944
11,-1.54844,5.19506,-1.77816
11,-1.48156,5.2393,-1.77756
11,-1.61132,5.22555,-1.79054
11,-1.62029,5.24784,-1.73686
11,-1.84991,5.24106,-1.96417
11,-1.06179,5.42686,-1.62795
11,-1.63711,5.34585,-1.76446
11,-0.433137,5.45783,-1.7303
11,-0.460036,5.43719,-1.78689
11,-0.680475,5.45508,-1.72167
11,-2.36242,5.26755,-1.89239
11,-1.65547,5.36869,-1.77739
11,-0.369228,5.4976,-1.73986
11,-2.66908,5.27505,-1.863
11,1.26753,5.0834,-3.39653
11,-0.792864,5.5462,-1.6061
11,-1.06577,5.52942,-1.66357
11,-2.25148,5.44744,-1.82272
11,-2.16909,5.48851,-1.73219
11,-0.961889,5.64376,-1.6019
11,0.958094,5.29077,-3.0962
11,-0.566773,5.64399,-1.72424
11,-2.12999,5.52071,-1.72674
11,-0.947272,5.66403,-1.69068
11,-0.501435,5.72622,-1.65979
11,-0.861564,5.74229,-1.6317
11,-0.877606,5.73451,-1.67964
11,0.0498202,5.69183,-2.08052
11,-2.17524,5.64498,-1.74741
11,-1.19648,5.78779,-1.62664
11,-0.876606,5.82931,-1.64937
11,0.388797,5.65099,-2.85844
11,-1.56316,5.87652,-1.78135
11,2.23857,5.76375,-3.00612
11,-0.848491,5.94959,-1.75165
11,-0.269086,6.00532,-1.75674
11,2.57602,5.55994,-3.73574
11,2.58007,5.566,-3.73022
11,-0.620126,6.05502,-1.58974
11,2.39746,5.82086,-2.97636
11,-0.267583,6.03635,-1.76135
11,2.41087,5.8452,-2.99303
11,-0.619073,6.10195,-1.60116
11,2.56273,5.79618,-3.25454
11,0.393513,5.58433,-3.38243
11,2.26037,5.84881,-3.06481
11,1.60081,5.74615,-3.23956
11,-0.200184,6.10213,-1.79664
11,2.15792,5.88971,-2.97244
11,1.60227,5.7629,-3.24358
11,-1.2774,6.07461,-1.68328
11,0.162744,5.74511,-2.98375
11,0.0641431,5.75652,-2.9468
11,-1.25463,6.1308,-1.58608
11,0.26928,5.64816,-3.40898
11,-1.73276,6.05242,-1.86074
11,0.384841,5.67576,-3.45937
11,2.17826,5.99137,-2.99564
11,0.0793916,5.8468,-2.93222
11,0.278396,5.75147,-3.47657
11,-0.886418,6.32419,-1.64448
11,0.562485,9.20877,-2.52508
7,0.562485,9.20877,-2.52508
11,0.849642,6.11548,-3.23458
7,0.849642,6.11548,-3.23458
11,3.12434,8.16491,-3.64128
7,3.12434,8.16491,-3.64128
11,0.319662,11.6069,-2.48085
7,0.319662,11.6069,-2.48085
11,0.964043,10.2473,-2.2192
7,0.964043,10.2473,-2.2192
11,2.89644,9.69994,-2.85218
7,2.89644,9.69994,-2.85218
11,1.93792,6.11843,-4.10855
7,1.93792,6.11843,-4.10855
11,0.00935171,8.48332,-0.72057
7,0.00935171,8.48332,-0.72057
11,0.165554,10.016,-0.370712
7,0.165554,10.016,-0.370712
11,0.568103,10.3292,-0.409315
7,0.568103,10.3292,-0.409315
11,0.948787,8.67934,-0.275808
7,0.948787,8.67934,-0.275808
11,2.56791,7.169,-3.13542
7,2.56791,7.169,-3.13542
11,-4.0357,9.52208,-2.17064
7,-4.0357,9.52208,-2.17064
11,1.13747,8.24322,-2.27893
7,1.13747,8.24322,-2.27893
11,1.98932,5.89364,-3.9159
7,1.98932,5.89364,-3.9159
11,2.56132,7.35876,-4.51395
7,2.56132,7.35876,-4.51395
11,-3.8939,8.62532,-0.504336
7,-3.8939,8.62532,-0.504336
11,2.38253,7.10329,-1.42473
7,2.38253,7.10329,-1.42473
11,-2.43285,9.86402,-2.56529
7,-2.43285,9.86402,-2.56529
11,0.597505,9.63377,-2.65953
7,0.597505,9.63377,-2.65953
11,2.74683,9.23808,-2.69804
7,2.74683,9.23808,-2.69804
11,1.6147,8.13764,-3.07392
7,1.6147,8.13764,-3.07392
11,0.72932,5.29975,-2.75021
7,0.72932,5.29975,-2.75021
11,-1.3105,22.3676,3.08789
7,-1.3105,22.3676,3.08789
11,3.62322,6.75571,-2.24667
7,3.62322,6.75571,-2.24667
11,0.171617,9.54606,-1.20118
7,0.171617,9.54606,-1.20118
11,1.02504,8.97581,-0.356435
7,1.02504,8.97581,-0.356435
11,2.61073,8.09448,-0.295418
7,2.61073,8.09448,-0.295418
11,-3.50109,14.823,-3.14664
7,-3.50109,14.823,-3.14664
11,-3.72633,10.6027,-0.415364
7,-3.72633,10.6027,-0.415364
11,-2.56258,13.5484,-1.5057
7,-2.56258,13.5484,-1.5057
11,1.21406,9.03692,-2.55085
7,1.21406,9.03692,-2.55085
11,3.63718,9.13134,-0.378273
7,3.63718,9.13134,-0.378273
11,-1.60367,19.2754,2.65703
7,-1.60367,19.2754,2.65703
11,0.660997,7.60735,-1.95297
7,0.660997,7.60735,-1.95297
11,2.41325,7.5073,-0.236577
7,2.41325,7.5073,-0.236577
11,3.34058,7.76828,-0.538846
7,3.34058,7.76828,-0.538846
11,-3.43534,14.3717,1.40774
7,-3.43534,14.3717,1.40774
11,1.64218,8.26338,-3.11345
7,1.64218,8.26338,-3.11345
11,-0.700637,5.08679,-1.60501
7,-0.700637,5.08679,-1.60501
11,-0.10134,9.00792,-2.18054
7,-0.10134,9.00792,-2.18054
11,-0.270189,8.38236,-1.61253
7,-0.270189,8.38236,-1.61253
11,0.954191,8.98922,-0.314735
7,0.954191,8.98922,-0.314735
11,2.50349,6.00932,-2.60452
7,2.50349,6.00932,-2.60452
11,1.47021,5.12732,-2.12471
7,1.47021,5.12732,-2.12471
11,-0.61091,6.31428,-2.2279
7,-0.61091,6.31428,-2.2279
11,3.07479,12.2825,-3.58495
7,3.07479,12.2825,-3.58495
11,3.50473,7.38981,-3.02902
7,3.50473,7.38981,-3.02902
11,3.04184,8.83019,-0.89312
7,3.04184,8.83019,-0.89312
11,-2.01715,13.286,-2.25754
9,-2.01715,13.286,-2.25754
11,0.659191,8.69462,-2.28452
9,0.659191,8.69462,-2.28452
11,3.85921,9.14845,-1.6364
9,3.85921,9.14845,-1.6364
11,0.939007,8.88093,-2.47119
9,0.939007,8.88093,-2.47119
11,-1.40174,9.56739,-2.3804
9,-1.40174,9.56739,-2.3804
11,0.976757,11.0866,-2.41867
9,0.976757,11.0866,-2.41867
11,2.59476,9.61637,-1.9984
9,2.59476,9.61637,-1.9984
11,0.187431,10.5988,-0.409514
9,0.187431,10.5988,-0.409514
11,-1.38008,6.93438,-1.82783
9,-1.38008,6.93438,-1.82783
11,1.66341,10.1803,-2.6565
9,1.66341,10.1803,-2.6565
11,-3.79408,15.5122,-0.623172
9,-3.79408,15.5122,-0.623172
11,3.72666,7.2009,-4.15541
9,3.72666,7.2009,-4.15541
11,-2.48156,9.03358,-2.47864
9,-2.48156,9.03358,-2.47864
11,-4.63085,7.91148,-0.659177
9,-4.63085,7.91148,-0.659177
11,4.92045,9.61471,-1.85061
9,4.92045,9.61471,-1.85061
11,0.298926,15.0821,-1.4055
9,0.298926,15.0821,-1.4055
11,-3.3948,11.2075,-0.404536
8,-3.3948,11.2075,-0.404536
11,1.43715,5.23581,-3.20924
8,1.43715,5.23581,-3.20924
11,2.43317,8.57546,-2.98457
8,2.43317,8.57546,-2.98457
11,-4.15445,9.76744,-2.06925
8,-4.15445,9.76744,-2.06925
11,-4.5604,9.59589,-1.71456
8,-4.5604,9.59589,-1.71456
11,3.47596,9.03237,-2.02196
8,3.47596,9.03237,-2.02196
11,3.32233,8.68027,-0.340207
8,3.32233,8.68027,-0.340207
11,1.32446,11.2979,-2.46614
8,1.32446,11.2979,-2.46614
11,-3.66176,12.0539,-0.471317
8,-3.66176,12.0539,-0.471317
11,0.322381,8.42383,-2.28012
8,0.322381,8.42383,-2.28012
11,1.2666,10.9196,-2.36799
8,1.2666,10.9196,-2.36799
11,3.22445,9.39126,-3.83413
8,3.22445,9.39126,-3.83413
11,0.0873083,6.07805,-3.04242
8,0.0873083,6.07805,-3.04242
11,2.07,13.331,1.7216
8,2.07,13.331,1.7216
11,-2.18233,11.9013,-2.11055
8,-2.18233,11.9013,-2.11055
11,2.81931,6.41708,-3.24509
8,2.81931,6.41708,-3.24509
11,1.17992,7.6135,-1.944
8,1.17992,7.6135,-1.944
11,-0.414908,6.45559,-1.83756
4,-0.414908,6.45559,-1.83756
11,-4.24985,9.60881,-0.565477
4,-4.24985,9.60881,-0.565477
11,0.479905,12.0347,-2.36309
4,0.479905,12.0347,-2.36309
11,1.61363,8.8254,-2.47605
4,1.61363,8.8254,-2.47605
11,5.41582,8.64948,-3.16708
4,5.41582,8.64948,-3.16708
11,0.236948,10.4995,-0.394093
4,0.236948,10.4995,-0.394093
11,-4.85627,9.05228,-2.1633
4,-4.85627,9.05228,-2.1633
11,2.17832,7.53603,-2.11763
4,2.17832,7.53603,-2.11763
11,-0.107041,7.499,-1.76132
4,-0.107041,7.499,-1.76132
11,4.50688,8.62253,-2.80937
4,4.50688,8.62253,-2.80937
11,-0.273862,9.31454,-2.20247
4,-0.273862,9.31454,-2.20247
11,1.12689,10.1568,-2.19285
4,1.12689,10.1568,-2.19285
11,0.159324,10.0825,-0.815404
4,0.159324,10.0825,-0.815404
11,3.57606,8.36131,-1.91087
4,3.57606,8.36131,-1.91087
11,-0.230104,7.23634,-1.68054
4,-0.230104,7.23634,-1.68054
11,-3.71605,11.439,-1.77137
3,-3.71605,11.439,-1.77137
11,3.45378,8.01561,-1.82242
3,3.45378,8.01561,-1.82242
11,0.88415,11.3248,-0.475474
3,0.88415,11.3248,-0.475474
11,0.610995,11.1631,-0.465293
3,0.610995,11.1631,-0.465293
11,2.37761,9.53215,-2.53689
3,2.37761,9.53215,-2.53689
11,0.617727,11.6119,-2.05381
3,0.617727,11.6119,-2.05381
11,-0.0801644,8.63084,-2.09899
3,-0.0801644,8.63084,-2.09899
11,-0.58549,9.03266,-2.3303
3,-0.58549,9.03266,-2.3303
11,4.64274,8.80522,-0.712919
3,4.64274,8.80522,-0.712919
11,-0.236952,0.479832,-0.102884
2,-0.236952,0.479832,-0.102884
11,0.0435865,12.1306,-2.06873
2,0.0435865,12.1306,-2.06873
11,-0.519371,1.07353,-0.297097
2,-0.519371,1.07353,-0.297097
11,-0.238827,0.482263,-0.103815
2,-0.238827,0.482263,-0.103815
11,2.4559,8.65423,-1.79137
2,2.4559,8.65423,-1.79137
11,-3.07642,16.1564,2.29675
2,-3.07642,16.1564,2.29675
11,-2.28314,12.3065,1.42682
2,-2.28314,12.3065,1.42682
11,-5.31129,9.77346,1.18375
2,-5.31129,9.77346,1.18375
11,-5.39947,9.92959,1.19577
2,-5.39947,9.92959,1.19577
11,-4.41646,9.76456,-0.598523
1,-4.41646,9.76456,-0.598523
12,0.0977297,0.317231,-0.0550668
12,0.0517278,0.332224,-0.0546358
12,0.0260805,0.341784,-0.057106
12,-0.00587614,0.348982,-0.0862962
12,0.0161,0.359062,-0.0627452
12,0.0253846,0.375085,-0.0619379
12,-0.00650717,0.373847,-0.066782
12,-0.00601363,0.376011,-0.0663622
12,0.0287344,0.384283,-0.063173
12,-0.0913264,0.382799,-0.0925876
12,-0.0801493,0.399656,-0.061729
12,-0.0783989,0.402144,-0.0664114
12,-0.078895,0.405389,-0.0675923
12,-0.132295,0.393862,-0.0959488
12,-0.134382,0.409073,-0.0528209
12,0.0760852,0.414549,-0.0796488
12,0.0759024,0.420898,-0.0659111
12,0.0756866,0.421113,-0.0655562
12,0.0757449,0.420784,-0.0666174
12,0.0760075,0.421747,-0.0672492
12,-0.0986289,0.39573,-0.107338
12,0.000286911,0.418894,-0.0649988
12,-0.135922,0.414057,-0.0560026
12,0.0633039,0.424692,-0.065005
12,0.0628001,0.426401,-0.0661707
12,0.062642,0.427321,-0.0686707
12,0.000112519,0.423966,-0.0690067
12,-0.139842,0.429318,-0.0661533
12,-0.140504,0.430578,-0.0667853
12,0.114375,0.461986,-0.0671643
12,0.0455021,0.461024,-0.0649851
12,0.0474799,0.461759,-0.066343
12,0.0469245,0.462522,-0.065511
12,0.0462527,0.462846,-0.0664869
12,0.0381609,0.463614,-0.0706564
12,-0.049234,0.463637,-0.076513
12,-0.309087,0.541377,-0.0747981
12,-0.37208,0.596192,-0.0778157
12,0.42114,4.54483,0.652908
12,-1.1325,4.55762,-1.68628
12,-0.908087,4.77692,-1.81131
12,-0.730874,4.8745,-1.79756
12,-1.06501,5.01598,-1.78558
12,-1.1983,5.0158,-1.84638
12,-1.07807,5.03676,-1.8118
12,-0.823749,5.03913,-1.89767
12,1.92977,5.18145,-2.60703
12,-0.527529,5.30274,-1.86895
12,-0.489228,5.35069,-1.85778
12,-0.446651,5.42764,-1.78421
12,-1.02657,5.41156,-1.7384
12,-1.86113,5.28099,-2.20574
12,-0.699903,5.56218,-1.78577
12,-2.1526,5.63177,-1.79818
12,-1.56895,5.70338,-1.82061
12,-1.22901,5.7495,-1.78537
12,-0.678975,5.85496,-1.60207
12,-2.2721,5.72773,-1.83595
12,2.06555,5.67527,-2.84762
12,-0.920611,5.91642,-1.59462
12,1.78628,5.86056,-2.29136
12,-0.689295,5.99551,-1.65057
12,-0.51385,6.041,-1.71422
12,-0.505355,6.08237,-1.61114
12,4.47217,5.97412,-2.89428
12,-1.64173,5.84341,-2.08956
12,-1.6226,5.99156,-1.93002
12,-1.20226,6.12739,-1.75998
12,-1.98579,6.16628,-2.00673
12,-3.72315,11.9176,-1.80671
10,-3.72315,11.9176,-1.80671
12,2.87434,9.2495,-0.379685
10,2.87434,9.2495,-0.379685
12,0.214653,8.54911,-1.77117
10,0.214653,8.54911,-1.77117
12,2.45232,8.23367,-2.38139
10,2.45232,8.23367,-2.38139
12,-1.68591,6.6559,-1.84568
10,-1.68591,6.6559,-1.84568
12,1.5988,8.64833,-2.44135
10,1.5988,8.64833,-2.44135
12,1.2208,8.72018,-2.45586
10,1.2208,8.72018,-2.45586
12,-1.83267,4.88422,-1.59178
10,-1.83267,4.88422,-1.59178
12,2.36167,9.22437,-2.74342
10,2.36167,9.22437,-2.74342
12,1.77837,12.1647,-1.69662
10,1.77837,12.1647,-1.69662
12,3.16325,9.40322,-1.99195
10,3.16325,9.40322,-1.99195
12,2.31043,8.55778,-1.74962
10,2.31043,8.55778,-1.74962
12,1.27818,10.7254,-2.3613
10,1.27818,10.7254,-2.3613
12,1.68649,8.4499,-3.21044
10,1.68649,8.4499,-3.21044
12,-3.17803,14.029,-0.343177
10,-3.17803,14.029,-0.343177
12,-2.20783,11.7489,-1.2986
10,-2.20783,11.7489,-1.2986
12,3.64957,9.13097,-0.385848
10,3.64957,9.13097,-0.385848
12,4.89809,7.79203,-2.86083
10,4.89809,7.79203,-2.86083
12,2.87773,8.89721,-0.363944
10,2.87773,8.89721,-0.363944
12,0.354549,8.99859,-2.47292
10,0.354549,8.99859,-2.47292
12,2.47161,9.74826,-2.90077
10,2.47161,9.74826,-2.90077
12,3.1161,9.14699,-3.31131
10,3.1161,9.14699,-3.31131
12,-0.0888254,8.49406,-2.04545
10,-0.0888254,8.49406,-2.04545
12,4.74258,7.53641,-2.77076
10,4.74258,7.53641,-2.77076
12,2.69672,9.06246,1.18541
10,2.69672,9.06246,1.18541
12,3.96576,11.4568,-1.24788
10,3.96576,11.4568,-1.24788
12,-2.52594,10.3184,-0.323286
10,-2.52594,10.3184,-0.323286
12,-4.76789,8.796,1.06129
10,-4.76789,8.796,1.06129
12,-0.105413,7.17346,-1.14152
10,-0.105413,7.17346,-1.14152
12,2.97397,9.19638,-0.386407
10,2.97397,9.19638,-0.386407
12,0.544153,11.4481,-0.997849
10,0.544153,11.4481,-0.997849
12,-2.12354,10.7159,-1.98448
10,-2.12354,10.7159,-1.98448
12,1.70065,7.53533,-2.74636
10,1.70065,7.53533,-2.74636
12,1.6078,8.09352,-3.02564
10,1.6078,8.09352,-3.02564
12,-4.41786,6.3416,-1.62261
10,-4.41786,6.3416,-1.62261
12,-0.165381,5.41923,-1.52894
10,-0.165381,5.41923,-1.52894
12,3.47904,7.30707,-3.01307
10,3.47904,7.30707,-3.01307
12,-4.45408,5.75332,-0.579001
10,-4.45408,5.75332,-0.579001
12,0.393732,11.7068,-2.38547
10,0.393732,11.7068,-2.38547
12,0.147701,11.1056,-0.972591
10,0.147701,11.1056,-0.972591
12,5.20711,10.2254,-2.01059
10,5.20711,10.2254,-2.01059
12,4.52592,8.52989,-0.680046
10,4.52592,8.52989,-0.680046
12,3.29611,10.2232,-0.422819
10,3.29611,10.2232,-0.422819
12,3.67176,7.01429,-2.2686
10,3.67176,7.01429,-2.2686
12,-5.12591,20.4653,-0.781287
10,-5.12591,20.4653,-0.781287
12,2.1005,9.04377,-3.4758
6,2.1005,9.04377,-3.4758
12,0.888228,8.66541,-2.98139
6,0.888228,8.66541,-2.98139
12,3.77114,7.82441,-3.26244
6,3.77114,7.82441,-3.26244
12,-3.79036,8.3819,-1.4127
6,-3.79036,8.3819,-1.4127
12,1.22497,11.0642,-2.4167
6,1.22497,11.0642,-2.4167
12,1.76047,8.07894,-2.34708
6,1.76047,8.07894,-2.34708
12,3.83706,8.02772,-3.33476
6,3.83706,8.02772,-3.33476
12,-0.154092,6.44372,-1.86763
6,-0.154092,6.44372,-1.86763
12,0.501843,10.983,-0.962334
6,0.501843,10.983,-0.962334
12,-3.67541,12.1539,-0.905878
6,-3.67541,12.1539,-0.905878
12,2.09512,12.6993,0.592822
6,2.09512,12.6993,0.592822
12,-0.806694,17.2664,2.20351
6,-0.806694,17.2664,2.20351
12,-5.83249,9.54177,1.19016
6,-5.83249,9.54177,1.19016
12,4.26852,8.06792,-0.63771
6,4.26852,8.06792,-0.63771
12,1.45891,8.75632,-2.40035
6,1.45891,8.75632,-2.40035
12,-5.50021,7.11203,-1.66562
6,-5.50021,7.11203,-1.66562
12,-5.18467,6.67354,-1.53904
6,-5.18467,6.67354,-1.53904
12,1.82209,8.3574,-2.51611
6,1.82209,8.3574,-2.51611
12,1.02195,9.53089,-0.349945
6,1.02195,9.53089,-0.349945
12,-0.218343,6.66187,-1.27175
6,-0.218343,6.66187,-1.27175
12,5.18365,8.98275,-1.37532
6,5.18365,8.98275,-1.37532
12,0.565421,11.493,-2.03046
6,0.565421,11.493,-2.03046
12,1.40947,8.63484,-2.32586
6,1.40947,8.63484,-2.32586
12,0.269597,8.95682,-0.308802
6,0.269597,8.95682,-0.308802
12,0.586522,12.5153,-2.19183
6,0.586522,12.5153,-2.19183
12,1.69046,5.56934,-2.23867
7,1.69046,5.56934,-2.23867
12,0.629481,11.2968,-0.485972
7,0.629481,11.2968,-0.485972
12,2.03874,9.6837,-3.24539
7,2.03874,9.6837,-3.24539
12,2.85449,7.95959,-3.24137
7,2.85449,7.95959,-3.24137
12,2.00729,7.54909,-2.12417
7,2.00729,7.54909,-2.12417
12,0.577929,10.5906,-0.429214
7,0.577929,10.5906,-0.429214
12,1.05706,11.691,-2.54599
7,1.05706,11.691,-2.54599
12,-0.765581,4.44467,-1.60613
7,-0.765581,4.44467,-1.60613
12,1.32652,9.78073,-2.79641
7,1.32652,9.78073,-2.79641
12,-3.36714,14.0394,1.3802
7,-3.36714,14.0394,1.3802
12,2.51679,14.2577,1.7017
7,2.51679,14.2577,1.7017
12,2.65455,9.86634,-2.21739
7,2.65455,9.86634,-2.21739
12,0.057927,15.4592,-2.49856
7,0.057927,15.4592,-2.49856
12,1.12595,8.45919,-2.38261
7,1.12595,8.45919,-2.38261
12,3.60509,9.67445,-2.10371
7,3.60509,9.67445,-2.10371
12,2.18033,5.96798,-3.09503
8,2.18033,5.96798,-3.09503
12,0.956948,11.4175,-2.79156
8,0.956948,11.4175,-2.79156
12,1.54658,9.58923,-0.554054
8,1.54658,9.58923,-0.554054
12,2.76442,8.92324,-0.296759
8,2.76442,8.92324,-0.296759
12,3.52143,9.49347,-2.07593
8,3.52143,9.49347,-2.07593
12,3.52652,9.21807,-0.395403
8,3.52652,9.21807,-0.395403
12,-3.42877,7.53958,-1.8367
8,-3.42877,7.53958,-1.8367
12,-4.27995,9.32142,-0.112446
8,-4.27995,9.32142,-0.112446
12,2.72183,8.79639,-0.285907
8,2.72183,8.79639,-0.285907
12,-2.10819,11.8879,-2.07954
8,-2.10819,11.8879,-2.07954
12,-4.82843,6.78621,0.46766
8,-4.82843,6.78621,0.46766
12,2.95477,8.1981,-3.63027
8,2.95477,8.1981,-3.63027
12,1.05198,9.71266,-0.332249
8,1.05198,9.71266,-0.332249
12,-3.54872,13.8162,-1.73667
9,-3.54872,13.8162,-1.73667
12,0.685171,9.00254,-2.38979
9,0.685171,9.00254,-2.38979
12,6.2203,11.2151,1.59706
9,6.2203,11.2151,1.59706
12,-4.59898,8.92917,-0.598026
9,-4.59898,8.92917,-0.598026
12,0.217076,10.2056,-1.60315
9,0.217076,10.2056,-1.60315
12,2.54669,9.4574,-2.1195
3,2.54669,9.4574,-2.1195
12,0.389789,10.3495,-0.619989
3,0.389789,10.3495,-0.619989
12,-0.104196,0.435916,-0.109528
3,-0.104196,0.435916,-0.109528
12,2.38298,8.86545,-1.98339
3,2.38298,8.86545,-1.98339
12,2.29765,11.9548,0.576414
3,2.29765,11.9548,0.576414
12,2.89019,10.1075,-2.32333
3,2.89019,10.1075,-2.32333
12,3.2436,10.5411,-0.437495
3,3.2436,10.5411,-0.437495
12,6.53835,9.55593,-2.27301
3,6.53835,9.55593,-2.27301
12,-0.0759487,0.535305,-0.111557
3,-0.0759487,0.535305,-0.111557
12,-0.00346301,0.422286,-0.101261
3,-0.00346301,0.422286,-0.101261
12,-0.882658,7.6939,-1.91713
3,-0.882658,7.6939,-1.91713
12,0.14065,0.358575,-0.0951261
2,0.14065,0.358575,-0.0951261
12,-4.45155,9.7539,-0.703215
2,-4.45155,9.7539,-0.703215
12,-3.17471,8.13263,-1.6806
2,-3.17471,8.13263,-1.6806
12,-4.21502,8.92453,-0.631374
2,-4.21502,8.92453,-0.631374
12,1.88693,7.43019,-1.56215
2,1.88693,7.43019,-1.56215
13,-0.0192581,0.258935,-0.058783
13,0.0258354,0.345553,-0.0620196
13,0.0163814,0.35926,-0.0637075
13,-0.0204937,0.369746,-0.0634682
13,-0.0362342,0.36701,-0.0677816
13,-0.0367664,0.367299,-0.0676624
13,0.122846,0.383733,-0.0632747
13,0.124474,0.383366,-0.0645426
13,0.127282,0.385526,-0.0667289
13,0.126978,0.385575,-0.0670447
13,0.0716268,0.389536,-0.0648573
13,-0.04515,0.398485,-0.0669168
13,0.00261747,0.421413,-0.0697508
13,0.0764201,0.428029,-0.0704421
13,-0.0424959,0.458307,-0.0718501
13,-0.0427724,0.459116,-0.0718517
13,-0.0679255,0.462079,-0.0683764
13,-0.0688634,0.462921,-0.0684603
13,-0.310477,0.557992,-0.0748144
13,-0.395907,0.689914,-0.139868
13,-1.6862,4.76688,-1.80068
13,-0.59061,5.38033,-1.74169
13,-2.20195,5.27126,-1.78015
13,-2.19041,5.29737,-1.78733
13,-0.700076,5.46032,-1.75487
13,-2.16039,5.45773,-1.73202
13,-1.66072,5.54623,-1.76434
13,-2.17852,5.49294,-1.8756
13,-1.59629,5.59669,-1.7324
13,-2.10756,5.61533,-1.7386
13,-0.884412,5.73688,-1.69753
13,1.62117,5.71907,-2.27576
13,-2.12928,5.76107,-1.80417
13,-1.22396,6.00268,-1.68059
13,-1.1508,6.16207,-1.6681
13,-1.25991,6.20626,-1.62473
13,1.92023,6.14025,-2.63524
13,-0.155277,6.36759,-1.82444
13,-0.183325,6.38383,-1.85388
13,2.4825,8.33239,-2.41095
10,2.4825,8.33239,-2.41095
13,2.91921,9.02382,-0.372524
10,2.91921,9.02382,-0.372524
13,2.95748,9.53062,-0.394243
10,2.95748,9.53062,-0.394243
13,1.87871,9.45956,-3.62998
10,1.87871,9.45956,-3.62998
13,3.35872,7.88085,-3.54454
10,3.35872,7.88085,-3.54454
13,-1.06887,5.3924,-1.89828
10,-1.06887,5.3924,-1.89828
13,3.05893,9.11299,-1.91841
10,3.05893,9.11299,-1.91841
13,-3.74356,9.4819,-0.593893
10,-3.74356,9.4819,-0.593893
13,-2.27403,6.97222,-1.76455
10,-2.27403,6.97222,-1.76455
13,2.52314,9.93538,-2.9585
10,2.52314,9.93538,-2.9585
13,-2.92078,11.8794,-3.15541
10,-2.92078,11.8794,-3.15541
13,5.03191,8.02137,-2.94281
10,5.03191,8.02137,-2.94281
13,-4.21802,9.31136,-0.564058
10,-4.21802,9.31136,-0.564058
13,-0.388683,10.7211,-2.16121
10,-0.388683,10.7211,-2.16121
13,0.338585,8.52348,-2.32261
10,0.338585,8.52348,-2.32261
13,2.48124,8.44122,-2.43843
10,2.48124,8.44122,-2.43843
13,4.60403,7.33728,-2.69474
10,4.60403,7.33728,-2.69474
13,4.58733,9.57305,-1.87828
10,4.58733,9.57305,-1.87828
13,-4.21538,14.2698,-0.715332
10,-4.21538,14.2698,-0.715332
13,-3.08799,13.6427,-0.322651
10,-3.08799,13.6427,-0.322651
13,2.70733,8.18925,-1.70818
10,2.70733,8.18925,-1.70818
13,4.29147,8.16147,-0.654658
10,4.29147,8.16147,-0.654658
13,1.59277,8.71993,-2.44435
10,1.59277,8.71993,-2.44435
13,5.26647,10.2686,-2.0282
10,5.26647,10.2686,-2.0282
13,-4.48837,6.85649,-0.605783
10,-4.48837,6.85649,-0.605783
13,0.151237,12.1429,-1.03453
10,0.151237,12.1429,-1.03453
13,4.88567,9.61989,-1.86979
10,4.88567,9.61989,-1.86979
13,1.82349,8.53859,-2.53554
6,1.82349,8.53859,-2.53554
13,3.24339,8.79051,-1.93284
6,3.24339,8.79051,-1.93284
13,-4.04641,11.5203,-0.461163
6,-4.04641,11.5203,-0.461163
13,1.81087,8.99988,-0.356985
6,1.81087,8.99988,-0.356985
13,3.89847,8.15471,-3.3863
6,3.89847,8.15471,-3.3863
13,2.95045,8.30741,-3.68844
6,2.95045,8.30741,-3.68844
13,1.48226,9.14214,-2.51741
6,1.48226,9.14214,-2.51741
13,-5.54905,7.1903,-1.66964
6,-5.54905,7.1903,-1.66964
13,1.06048,9.89232,-0.376931
6,1.06048,9.89232,-0.376931
13,-1.90543,6.78099,-1.81844
6,-1.90543,6.78099,-1.81844
13,4.8034,13.925,-1.5196
6,4.8034,13.925,-1.5196
13,1.25291,9.24647,-3.43664
7,1.25291,9.24647,-3.43664
13,3.45712,9.7181,-0.387417
7,3.45712,9.7181,-0.387417
13,1.38098,9.88164,-2.81384
7,1.38098,9.88164,-2.81384
13,-2.79244,14.6715,-1.66532
7,-2.79244,14.6715,-1.66532
13,-0.223717,13.1481,-2.24433
7,-0.223717,13.1481,-2.24433
13,0.469852,11.874,-0.497756
7,0.469852,11.874,-0.497756
13,-0.638653,9.78791,-2.53417
7,-0.638653,9.78791,-2.53417
13,0.48569,9.26968,-0.346383
7,0.48569,9.26968,-0.346383
13,-2.69422,14.1734,-1.59501
7,-2.69422,14.1734,-1.59501
13,1.22787,9.07338,-2.56242
7,1.22787,9.07338,-2.56242
13,3.52878,8.2343,-0.621174
7,3.52878,8.2343,-0.621174
13,-3.38736,17.1816,-3.34056
7,-3.38736,17.1816,-3.34056
13,0.450402,9.43385,-2.92161
8,0.450402,9.43385,-2.92161
13,0.632688,10.1583,-0.515918
8,0.632688,10.1583,-0.515918
13,2.98377,9.33522,-3.35119
8,2.98377,9.33522,-3.35119
13,-3.27619,13.4743,-0.502021
8,-3.27619,13.4743,-0.502021
13,-0.240657,14.8343,0.507897
8,-0.240657,14.8343,0.507897
13,-0.010895,10.6616,-0.904851
8,-0.010895,10.6616,-0.904851
13,-4.2395,10.7915,-2.26187
8,-4.2395,10.7915,-2.26187
13,-3.74792,11.4731,-1.7895
9,-3.74792,11.4731,-1.7895
13,1.64681,10.6799,-0.333058
9,1.64681,10.6799,-0.333058
13,-2.60642,9.43834,-2.61592
9,-2.60642,9.43834,-2.61592
13,2.48678,9.24377,-2.7098
9,2.48678,9.24377,-2.7098
13,1.28535,8.13979,-2.58377
9,1.28535,8.13979,-2.58377
13,2.90702,8.99172,-0.361317
9,2.90702,8.99172,-0.361317
13,3.57879,9.1557,-0.379283
9,3.57879,9.1557,-0.379283
13,-0.0521846,0.439077,-0.111644
3,-0.0521846,0.439077,-0.111644
13,0.00436167,0.575676,-0.123856
3,0.00436167,0.575676,-0.123856
13,2.00038,7.71945,-2.11148
3,2.00038,7.71945,-2.11148
13,-0.106889,0.456344,-0.112242
3,-0.106889,0.456344,-0.112242
13,-0.106469,0.454335,-0.111459
3,-0.106469,0.454335,-0.111459
13,-2.84829,12.0493,-2.52516
3,-2.84829,12.0493,-2.52516
13,-0.0793822,7.7049,-1.87019
3,-0.0793822,7.7049,-1.87019
13,-0.258493,9.10916,-2.14666
3,-0.258493,9.10916,-2.14666
13,-4.4743,9.18034,0.0303216
3,-4.4743,9.18034,0.0303216
13,0.105939,9.64492,-0.934516
3,0.105939,9.64492,-0.934516
13,-2.60685,10.539,-2.7595
3,-2.60685,10.539,-2.7595
13,-4.21797,8.30842,-2.00326
3,-4.21797,8.30842,-2.00326
13,-3.99496,10.4499,-1.70046
3,-3.99496,10.4499,-1.70046
13,4.19109,9.66666,-0.385218
3,4.19109,9.66666,-0.385218
13,0.154503,10.3626,-0.833081
3,0.154503,10.3626,-0.833081
14,-0.0112197,0.274078,0.0329869
14,-0.014119,0.274298,0.0327536
14,-0.0147777,0.274901,0.0328575
14,0.0142902,0.370467,-0.0762108
14,-0.0151572,0.36923,-0.0741773
14,-0.00708075,0.386235,-0.0843213
14,-0.00608943,0.387698,-0.0839362
14,-0.00647223,0.388718,-0.0843303
14,-0.00642915,0.389236,-0.0848772
14,0.0269315,0.394855,-0.0818684
14,0.0262284,0.394625,-0.0823827
14,-0.0814986,0.409958,-0.0769754
14,0.074086,0.431359,-0.0806461
14,0.0737555,0.432259,-0.0816875
14,-0.0817139,0.418499,-0.0825879
14,0.0742788,0.433789,-0.0843051
14,0.067564,0.437766,-0.0847548
14,0.0621011,0.43783,-0.083578
14,0.0675917,0.440528,-0.0854002
14,0.000195548,0.435144,-0.0868919
14,0.062848,0.442384,-0.0865048
14,0.0630055,0.44185,-0.0902744
14,-0.193102,0.430513,-0.0853061
14,-0.194056,0.430972,-0.08637
14,-0.203487,0.433695,-0.088697
14,-0.0477918,0.462103,-0.0840503
14,-0.0482193,0.462959,-0.0851485
14,0.0451262,0.47398,-0.0842171
14,0.0382045,0.473912,-0.0864898
14,0.0447962,0.478072,-0.0806842
14,-0.070042,0.485076,-0.0914551
14,-0.0689234,0.485412,-0.0914471
14,-0.0710402,0.487664,-0.0909765
14,0.0035065,0.503189,-0.0866427
14,-0.292808,0.566169,-0.0914477
14,-0.701034,2.23747,0.0681953
14,-1.05396,4.31432,-1.57515
14,-1.05955,4.28445,-1.84261
14,-1.05624,4.39161,-1.60333
14,-1.07819,4.39147,-1.61294
14,-1.15022,4.33773,-1.96141
14,-0.734088,4.53358,-1.87799
14,-1.2659,4.2159,-2.71552
14,-2.023,4.75206,-1.69971
14,-1.2551,4.95209,-1.67591
14,-0.783282,4.9535,-1.89144
14,-0.921703,4.95419,-1.87532
14,-1.2797,5.01123,-1.68599
14,-0.892622,5.04223,-1.87233
14,-0.951519,5.03797,-1.91188
14,-1.03113,5.00659,-2.01486
14,-0.927829,5.07929,-1.91527
14,-0.868126,5.09589,-1.8942
14,-1.36971,5.07244,-1.88492
14,-0.874812,5.13178,-1.87754
14,-0.777002,5.15433,-1.87778
14,-1.09392,5.15985,-1.78157
14,-1.09076,5.1852,-1.78164
14,-0.992774,5.154,-1.89813
14,-1.93698,5.19463,-1.71864
14,-0.602635,5.26649,-1.9318
14,1.96254,5.20942,-2.89514
14,1.9622,5.21872,-2.88958
14,1.52143,6.67806,1.04344
14,-3.95462,6.0783,0.409339
14,0.561338,5.35591,-2.89327
14,-1.24086,5.60279,-1.74419
14,-1.58004,5.51128,-1.97641
14,2.03699,5.57126,-2.79016
14,-0.729126,5.66593,-1.81955
14,-1.59071,5.53901,-2.00115
14,-0.635654,5.73917,-1.84059
14,-1.19016,5.73855,-1.74298
14,-0.798713,5.78932,-1.88278
14,-0.82579,5.79744,-1.87651
14,-1.65838,5.71908,-2.05543
14,-1.25701,5.9526,-1.63266
14,-1.75714,5.87316,-1.84652
14,-2.49001,5.71719,-2.1056
14,-0.506279,6.05197,-1.7189
14,-2.3814,5.79751,-1.96281
14,-0.920629,6.00439,-1.79789
14,-1.74438,5.81509,-2.12486
14,0.0709116,5.80704,-2.90935
14,-1.07778,6.1016,-1.78931
14,-1.75887,6.01409,-1.92211
14,2.60028,5.92442,-3.29947
14,1.69062,6.05224,-2.74644
14,1.7245,5.97494,-3.06836
14,1.77343,6.76885,-0.880066
14,2.65837,5.97696,-3.36101
14,-1.92524,6.10756,-1.97405
14,2.23668,9.56302,-2.30937
7,2.23668,9.56302,-2.30937
14,-0.794942,5.4715,-1.73262
7,-0.794942,5.4715,-1.73262
14,1.66346,8.36765,-3.17553
7,1.66346,8.36765,-3.17553
14,-1.30608,5.14625,-1.74146
7,-1.30608,5.14625,-1.74146
14,1.64111,10.6549,-0.343327
7,1.64111,10.6549,-0.343327
14,-4.39456,8.89996,-2.04253
7,-4.39456,8.89996,-2.04253
14,-4.47856,10.2076,-1.71383
7,-4.47856,10.2076,-1.71383
14,2.67744,7.47317,-3.28947
7,2.67744,7.47317,-3.28947
14,-0.149265,6.63722,-1.93875
7,-0.149265,6.63722,-1.93875
14,1.65601,8.34951,-3.16831
7,1.65601,8.34951,-3.16831
14,0.575185,10.5517,-0.426547
7,0.575185,10.5517,-0.426547
14,0.651177,10.46,-2.92602
7,0.651177,10.46,-2.92602
14,1.43677,8.92603,-2.46797
7,1.43677,8.92603,-2.46797
14,-4.53126,10.1355,1.29503
7,-4.53126,10.1355,1.29503
14,-0.151938,6.02284,-1.7288
7,-0.151938,6.02284,-1.7288
14,0.487962,9.54221,-2.66985
7,0.487962,9.54221,-2.66985
14,2.69778,8.37003,-0.323467
7,2.69778,8.37003,-0.323467
14,2.6089,7.88241,-2.9684
7,2.6089,7.88241,-2.9684
14,2.42364,8.23277,-2.36447
7,2.42364,8.23277,-2.36447
14,1.04512,11.5871,-2.51993
7,1.04512,11.5871,-2.51993
14,3.26838,8.17302,-3.06201
7,3.26838,8.17302,-3.06201
14,3.04329,11.2839,-2.41983
7,3.04329,11.2839,-2.41983
14,0.497895,9.5335,-0.368251
7,0.497895,9.5335,-0.368251
14,1.97319,10.1282,-0.430772
7,1.97319,10.1282,-0.430772
14,-3.20171,13.3594,1.3309
7,-3.20171,13.3594,1.3309
14,3.0276,9.40082,-0.399296
7,3.0276,9.40082,-0.399296
14,-1.68796,6.04123,-1.74276
7,-1.68796,6.04123,-1.74276
14,-5.58907,6.53576,-0.757599
7,-5.58907,6.53576,-0.757599
14,1.4838,7.50974,-2.79468
7,1.4838,7.50974,-2.79468
14,-4.04814,8.25824,0.834688
7,-4.04814,8.25824,0.834688
14,1.1198,10.7238,-0.456813
7,1.1198,10.7238,-0.456813
14,3.35617,8.3283,-3.09867
7,3.35617,8.3283,-3.09867
14,0.682121,8.71415,-2.36935
7,0.682121,8.71415,-2.36935
14,1.6739,10.1893,-2.84998
7,1.6739,10.1893,-2.84998
14,-1.87534,7.44555,-1.88849
7,-1.87534,7.44555,-1.88849
14,-2.76133,13.1741,-3.01449
7,-2.76133,13.1741,-3.01449
14,0.300882,12.0621,-0.517495
7,0.300882,12.0621,-0.517495
14,2.14754,8.60128,-2.38704
7,2.14754,8.60128,-2.38704
14,1.22417,10.2255,-2.21775
8,1.22417,10.2255,-2.21775
14,-3.59796,7.94085,-1.96007
8,-3.59796,7.94085,-1.96007
14,-1.6848,11.1264,-2.52486
8,-1.6848,11.1264,-2.52486
14,1.4008,9.03332,-2.93683
8,1.4008,9.03332,-2.93683
14,-4.74625,10.4218,-2.0233
8,-4.74625,10.4218,-2.0233
14,-0.0318131,10.9422,-0.966614
8,-0.0318131,10.9422,-0.966614
14,-0.398742,10.3759,-2.12816
8,-0.398742,10.3759,-2.12816
14,1.29303,11.2232,-2.4513
8,1.29303,11.2232,-2.4513
14,0.35735,9.3344,-2.58503
8,0.35735,9.3344,-2.58503
14,-5.07306,8.31656,0.222594
8,-5.07306,8.31656,0.222594
14,0.134493,9.8242,-0.785994
8,0.134493,9.8242,-0.785994
14,3.13399,8.44407,-1.81339
8,3.13399,8.44407,-1.81339
14,-0.342948,11.0354,-2.26026
8,-0.342948,11.0354,-2.26026
14,-5.17525,8.67491,-0.370659
8,-5.17525,8.67491,-0.370659
14,1.85857,7.98214,-1.75307
8,1.85857,7.98214,-1.75307
14,2.42093,9.17505,-2.69488
9,2.42093,9.17505,-2.69488
14,3.45689,9.36018,-2.06769
9,3.45689,9.36018,-2.06769
14,3.22614,8.72977,-1.89532
9,3.22614,8.72977,-1.89532
14,3.52698,7.40134,-3.06833
9,3.52698,7.40134,-3.06833
14,1.81391,11.0922,-2.94297
9,1.81391,11.0922,-2.94297
14,-4.93769,7.48465,-0.69614
9,-4.93769,7.48465,-0.69614
14,-5.44581,7.87073,-0.382043
9,-5.44581,7.87073,-0.382043
14,0.0417001,11.1424,-1.70517
9,0.0417001,11.1424,-1.70517
14,2.72794,8.50902,-0.318781
9,2.72794,8.50902,-0.318781
14,-6.04622,7.53901,-0.46894
9,-6.04622,7.53901,-0.46894
14,3.35261,8.64293,-0.333961
9,3.35261,8.64293,-0.333961
14,-0.401997,6.172,-1.7523
4,-0.401997,6.172,-1.7523
14,2.18367,7.12594,-0.264924
4,2.18367,7.12594,-0.264924
14,-2.74088,7.71171,-1.93109
4,-2.74088,7.71171,-1.93109
14,0.049019,0.504784,-0.102534
4,0.049019,0.504784,-0.102534
14,0.000804285,0.511463,-0.0984112
4,0.000804285,0.511463,-0.0984112
14,3.99756,11.4412,-1.34869
4,3.99756,11.4412,-1.34869
14,-0.176752,0.440834,-0.0949087
4,-0.176752,0.440834,-0.0949087
14,-0.07693,8.24133,-2.00832
4,-0.07693,8.24133,-2.00832
14,0.0304752,0.408155,-0.0969545
4,0.0304752,0.408155,-0.0969545
14,2.8941,9.40001,-0.393734
4,2.8941,9.40001,-0.393734
14,-1.81239,6.68773,-1.93248
4,-1.81239,6.68773,-1.93248
14,-0.933509,8.14829,-2.05001
4,-0.933509,8.14829,-2.05001
14,-1.91312,11.2272,-2.39902
4,-1.91312,11.2272,-2.39902
14,-0.565802,7.69987,-1.87229
4,-0.565802,7.69987,-1.87229
14,-1.49742,7.62081,-1.31591
4,-1.49742,7.62081,-1.31591
14,1.38837,7.61439,-2.12698
4,1.38837,7.61439,-2.12698
14,-5.09445,9.53086,-2.28598
4,-5.09445,9.53086,-2.28598
14,2.6852,9.17341,-2.60888
4,2.6852,9.17341,-2.60888
14,-0.691696,8.88487,-2.21497
4,-0.691696,8.88487,-2.21497
14,0.390522,8.6007,-2.31043
4,0.390522,8.6007,-2.31043
14,5.16647,9.72395,-0.791303
4,5.16647,9.72395,-0.791303
14,4.69819,7.80444,-2.58021
4,4.69819,7.80444,-2.58021
14,-0.17524,5.62498,-1.28641
4,-0.17524,5.62498,-1.28641
15,0.000882015,0.191973,0.255965
15,-0.0223312,0.297618,0.114996
15,0.0971594,0.438416,0.0488426
15,-0.0726964,0.50058,-0.103677
15,-0.397959,0.58996,-0.0935742
15,-0.418123,0.587238,-0.107532
15,-0.393331,0.597895,-0.0935608
15,-0.394835,0.600226,-0.0945751
15,-0.398442,0.604506,-0.0995982
15,-0.37242,0.620154,-0.106878
15,-0.422197,0.636457,-0.121543
15,-0.383607,0.64749,-0.120381
15,-0.900873,3.31234,-1.61586
15,0.131447,3.56145,-1.21844
15,-0.914357,3.33696,-1.63431
15,-0.916471,3.38642,-1.65629
15,-1.58946,3.4156,-1.62026
15,-2.00499,3.60882,-1.5898
15,1.018,3.69761,-2.52359
15,0.0450931,3.67278,-2.31787
15,0.0691923,3.69281,-2.28925
15,0.0605803,3.71883,-2.31211
15,1.02956,3.76025,-2.54807
15,-0.976822,3.93884,-1.40885
15,0.0676067,3.77344,-2.35655
15,0.272861,4.10143,-1.99697
15,1.02743,4.03807,-2.67142
15,-1.07677,4.10172,-2.0663
15,-1.86707,4.17457,-2.26542
15,1.00578,4.46052,-2.99509
15,0.128567,4.6145,-2.34722
15,0.902217,4.53132,-3.03262
15,-0.769375,4.6924,-1.94353
15,1.85766,4.8169,-2.51217
15,0.975634,4.60668,-3.11026
15,-0.941962,4.79562,-2.02309
15,-1.31681,4.68072,-2.24936
15,0.716537,4.67147,-3.01169
15,-1.30988,4.89721,-1.80816
15,-0.796146,4.92263,-1.9878
15,-0.80974,4.91465,-2.0463
15,1.87849,5.12227,-2.53867
15,-0.850861,5.04023,-1.86042
15,-1.04871,5.08109,-1.73944
15,-1.57103,4.83384,-2.4129
15,0.554146,4.86555,-3.11548
15,1.92217,5.12035,-2.83257
15,1.87658,5.20773,-2.58844
15,1.8711,5.20837,-2.5892
15,0.886386,4.99827,-2.91287
15,-0.991575,5.04561,-2.10184
15,-0.952081,5.11258,-1.95887
15,-0.981837,5.07013,-2.12864
15,-0.19159,4.90273,-2.96553
15,-0.248499,5.38646,-1.56909
15,-0.514071,5.27237,-1.87704
15,-0.467045,5.33145,-1.75828
15,1.97304,5.28891,-2.83776
15,-0.85881,5.33163,-2.02928
15,-1.10388,5.43511,-1.838
15,1.56741,5.61611,-2.23549
15,-0.518356,5.52696,-1.80439
15,-0.71929,5.17236,-2.83297
15,3.40155,6.50779,-0.471379
15,-1.50519,5.45965,-2.01819
15,0.250241,5.3162,-3.18941
15,-0.580661,5.78289,-1.53512
15,-0.661785,5.79348,-1.58294
15,1.80069,5.68078,-2.82174
15,0.270789,5.37957,-3.20862
15,-0.460938,5.79067,-1.69905
15,-0.856627,5.77857,-1.67718
15,0.255659,5.40908,-3.25868
15,-0.169281,5.43705,-3.24833
15,-0.519516,5.92908,-1.67534
15,-0.788874,5.85165,-1.9193
15,-1.63374,5.83241,-1.8225
15,-0.754816,5.92292,-1.93297
15,-0.845709,5.90588,-1.95368
15,-0.0934273,6.33458,-0.928076
15,-3.95759,6.49592,0.869781
15,2.10069,5.59814,-4.14606
15,2.09603,5.61346,-4.15932
15,0.367129,5.66474,-3.4424
15,-0.219052,6.38179,-1.19384
15,-0.942386,6.11477,-1.83858
15,-1.26501,6.18769,-1.76765
15,0.117614,5.81054,-3.44331
15,2.08761,5.98891,-3.65895
15,-0.803449,6.29243,-1.72916
15,-0.955171,6.24654,-1.88414
15,-0.269835,6.30999,-1.94815
15,-0.264884,6.32229,-1.93693
15,2.82027,9.45105,-2.77251
7,2.82027,9.45105,-2.77251
15,2.923,9.41385,-0.399705
7,2.923,9.41385,-0.399705
15,-0.3872,1.18976,-0.377143
7,-0.3872,1.18976,-0.377143
15,-0.396014,6.68939,-1.87754
7,-0.396014,6.68939,-1.87754
15,1.26004,9.09896,-2.60971
7,1.26004,9.09896,-2.60971
15,2.17451,8.30532,-1.80861
7,2.17451,8.30532,-1.80861
15,2.83975,8.96164,-3.19963
7,2.83975,8.96164,-3.19963
15,-1.80528,6.69637,-1.80233
7,-1.80528,6.69637,-1.80233
15,0.425891,8.17436,-3.1405
7,0.425891,8.17436,-3.1405
15,1.0495,9.74581,-2.7586
7,1.0495,9.74581,-2.7586
15,1.88622,5.98511,-4.01198
7,1.88622,5.98511,-4.01198
15,-1.37436,9.37561,-2.32906
7,-1.37436,9.37561,-2.32906
15,-0.0401661,5.93033,-3.49923
7,-0.0401661,5.93033,-3.49923
15,0.624688,6.15352,-3.73127
7,0.624688,6.15352,-3.73127
15,-0.0386736,5.56457,-3.25235
7,-0.0386736,5.56457,-3.25235
15,0.638543,11.3635,-0.497123
7,0.638543,11.3635,-0.497123
15,2.79526,9.35593,-2.74156
7,2.79526,9.35593,-2.74156
15,2.04761,5.23048,-2.61347
7,2.04761,5.23048,-2.61347
15,-4.49295,13.414,1.40183
7,-4.49295,13.414,1.40183
15,1.60953,8.114,-3.07484
7,1.60953,8.114,-3.07484
15,-1.98381,10.0713,-2.05127
7,-1.98381,10.0713,-2.05127
15,-0.314408,0.634699,-0.119693
7,-0.314408,0.634699,-0.119693
15,-1.54087,10.5527,-2.64476
7,-1.54087,10.5527,-2.64476
15,-1.70477,9.01349,-0.910606
7,-1.70477,9.01349,-0.910606
15,2.66728,8.29439,-0.318801
7,2.66728,8.29439,-0.318801
15,2.90018,9.45159,-0.400483
7,2.90018,9.45159,-0.400483
15,-2.02943,6.16617,-1.50928
7,-2.02943,6.16617,-1.50928
15,3.2921,8.66216,-3.89225
7,3.2921,8.66216,-3.89225
15,-3.66851,19.2767,2.68953
7,-3.66851,19.2767,2.68953
15,3.8763,7.50143,-4.38938
7,3.8763,7.50143,-4.38938
15,2.19875,5.01899,-2.79295
7,2.19875,5.01899,-2.79295
15,0.459808,8.90783,-0.321337
7,0.459808,8.90783,-0.321337
15,0.38951,10.2894,-0.414332
7,0.38951,10.2894,-0.414332
15,1.15661,8.66694,-2.44272
7,1.15661,8.66694,-2.44272
15,2.29851,7.14072,-2.84945
7,2.29851,7.14072,-2.84945
15,3.06664,7.66363,-2.85389
7,3.06664,7.66363,-2.85389
15,3.84108,7.36865,-2.38764
7,3.84108,7.36865,-2.38764
15,5.12416,10.0132,-1.96473
7,5.12416,10.0132,-1.96473
15,-1.63493,5.89271,-1.68878
7,-1.63493,5.89271,-1.68878
15,2.31623,7.88723,-2.21732
7,2.31623,7.88723,-2.21732
15,1.91222,11.5548,-0.236845
7,1.91222,11.5548,-0.236845
15,-4.33,13.4202,1.85067
7,-4.33,13.4202,1.85067
15,-1.74684,5.87009,-1.86168
7,-1.74684,5.87009,-1.86168
15,-3.44033,13.5661,1.41143
7,-3.44033,13.5661,1.41143
15,0.918485,6.93275,-1.87908
7,0.918485,6.93275,-1.87908
15,0.0406542,10.2034,-1.55828
7,0.0406542,10.2034,-1.55828
15,-1.55089,5.45657,-1.67086
7,-1.55089,5.45657,-1.67086
15,-1.7535,6.32534,-1.8428
7,-1.7535,6.32534,-1.8428
15,2.57743,6.8276,-1.42512
7,2.57743,6.8276,-1.42512
15,0.862945,8.27931,-0.274306
7,0.862945,8.27931,-0.274306
15,1.28818,7.91873,-2.14157
7,1.28818,7.91873,-2.14157
15,-4.44325,17.9134,-0.694127
7,-4.44325,17.9134,-0.694127
15,3.53322,9.07021,-0.366692
7,3.53322,9.07021,-0.366692
15,3.41886,8.43928,-3.14183
7,3.41886,8.43928,-3.14183
15,2.21725,7.72365,-2.17194
7,2.21725,7.72365,-2.17194
15,0.241516,9.16728,-0.338925
7,0.241516,9.16728,-0.338925
15,2.61742,8.04649,-3.41335
12,2.61742,8.04649,-3.41335
15,2.0703,5.87936,-2.89291
12,2.0703,5.87936,-2.89291
15,2.32084,8.57754,-1.74195
12,2.32084,8.57754,-1.74195
15,2.4801,9.78006,-2.92412
12,2.4801,9.78006,-2.92412
15,-0.695428,8.88077,-2.26466
12,-0.695428,8.88077,-2.26466
15,-2.62374,10.9904,1.11112
12,-2.62374,10.9904,1.11112
15,-0.159215,8.85206,-1.44074
12,-0.159215,8.85206,-1.44074
15,2.81481,7.65333,-1.64044
12,2.81481,7.65333,-1.64044
15,-2.48994,10.1891,-0.323122
12,-2.48994,10.1891,-0.323122
15,3.68185,9.24271,-0.403482
12,3.68185,9.24271,-0.403482
15,0.35665,10.2634,-2.13586
12,0.35665,10.2634,-2.13586
15,0.055785,8.56589,-1.30334
12,0.055785,8.56589,-1.30334
15,-0.150476,6.41249,-1.8632
12,-0.150476,6.41249,-1.8632
15,-0.219382,12.3589,0.492073
12,-0.219382,12.3589,0.492073
15,-0.0211063,9.10474,-0.756985
12,-0.0211063,9.10474,-0.756985
15,1.295,11.0004,-2.42589
12,1.295,11.0004,-2.42589
15,3.96668,11.4802,-1.25201
12,3.96668,11.4802,-1.25201
15,-0.0818845,8.0216,-1.92531
12,-0.0818845,8.0216,-1.92531
15,0.787477,7.86808,-2.68925
12,0.787477,7.86808,-2.68925
15,-4.87033,8.89263,-1.6193
12,-4.87033,8.89263,-1.6193
15,2.28642,8.59659,-1.77356
12,2.28642,8.59659,-1.77356
15,4.97309,7.90959,-2.92667
12,4.97309,7.90959,-2.92667
15,-0.247714,0.49102,-0.107725
12,-0.247714,0.49102,-0.107725
15,0.358413,8.66069,-2.33723
12,0.358413,8.66069,-2.33723
15,1.88659,8.32401,-3.03685
12,1.88659,8.32401,-3.03685
15,1.70452,8.4922,-3.2016
12,1.70452,8.4922,-3.2016
15,3.94628,12.0673,1.72211
12,3.94628,12.0673,1.72211
15,-2.3477,5.74986,-1.95682
12,-2.3477,5.74986,-1.95682
15,-0.105493,7.19764,-1.15433
12,-0.105493,7.19764,-1.15433
15,-1.52325,5.59253,-1.78683
12,-1.52325,5.59253,-1.78683
15,-4.40656,7.23527,0.928349
12,-4.40656,7.23527,0.928349
15,1.79487,7.75439,-1.6929
12,1.79487,7.75439,-1.6929
15,1.44909,6.61278,-1.94757
12,1.44909,6.61278,-1.94757
15,3.14895,12.7252,-3.6795
12,3.14895,12.7252,-3.6795
15,-1.72477,8.70454,-1.54875
12,-1.72477,8.70454,-1.54875
15,0.829564,7.6618,-0.23366
12,0.829564,7.6618,-0.23366
15,2.07004,5.93602,-3.58774
8,2.07004,5.93602,-3.58774
15,2.34062,6.92342,-4.36086
8,2.34062,6.92342,-4.36086
15,-3.85618,11.9018,-1.88062
8,-3.85618,11.9018,-1.88062
15,-0.0797304,8.65167,-2.10451
8,-0.0797304,8.65167,-2.10451
15,-0.400165,10.5892,-2.18309
8,-0.400165,10.5892,-2.18309
15,2.15312,6.63965,-4.17297
8,2.15312,6.63965,-4.17297
15,1.40111,11.9463,-2.6403
8,1.40111,11.9463,-2.6403
15,-4.47499,9.18786,0.0272911
8,-4.47499,9.18786,0.0272911
15,-0.227608,5.56857,-3.4449
8,-0.227608,5.56857,-3.4449
15,2.02735,17.5545,2.7654
8,2.02735,17.5545,2.7654
15,0.982476,10.9637,-2.39193
8,0.982476,10.9637,-2.39193
15,2.79236,7.97663,-3.51596
8,2.79236,7.97663,-3.51596
15,-12.3592,19.2982,2.67381
8,-12.3592,19.2982,2.67381
15,5.51504,9.08811,-3.08602
8,5.51504,9.08811,-3.08602
15,-9.82155,15.3011,2.20969
8,-9.82155,15.3011,2.20969
15,2.82431,10.5002,-2.22833
8,2.82431,10.5002,-2.22833
15,-4.62173,9.45027,1.2622
8,-4.62173,9.45027,1.2622
15,-6.27008,19.2921,2.55078
8,-6.27008,19.2921,2.55078
15,-4.40843,17.5417,1.71181
8,-4.40843,17.5417,1.71181
15,3.67047,7.77147,-1.39901
8,3.67047,7.77147,-1.39901
15,2.23673,11.795,0.563679
9,2.23673,11.795,0.563679
15,0.169369,11.4835,-0.96588
9,0.169369,11.4835,-0.96588
15,-4.39817,9.21198,-0.657891
9,-4.39817,9.21198,-0.657891
15,1.9308,13.1199,0.068011
9,1.9308,13.1199,0.068011
15,-4.03003,8.49854,-1.45034
9,-4.03003,8.49854,-1.45034
15,-3.10244,12.9181,1.30369
9,-3.10244,12.9181,1.30369
15,-6.85477,21.1902,3.44191
9,-6.85477,21.1902,3.44191
15,0.818247,9.25232,-2.45531
9,0.818247,9.25232,-2.45531
15,1.12184,12.4911,-2.76089
9,1.12184,12.4911,-2.76089
15,-3.53329,16.9726,2.32365
9,-3.53329,16.9726,2.32365
15,2.31315,7.20927,-2.84043
9,2.31315,7.20927,-2.84043
15,4.4087,8.63947,-1.62091
9,4.4087,8.63947,-1.62091
15,1.22831,8.79712,-2.64148
9,1.22831,8.79712,-2.64148
15,-1.57442,11.261,-2.0733
13,-1.57442,11.261,-2.0733
15,1.33549,11.0402,-0.40223
13,1.33549,11.0402,-0.40223
15,0.276242,10.4346,-2.20821
13,0.276242,10.4346,-2.20821
15,0.82579,8.9958,-2.39485
13,0.82579,8.9958,-2.39485
15,2.9852,8.6545,-3.48887
13,2.9852,8.6545,-3.48887
15,3.62678,8.54945,-3.23188
13,3.62678,8.54945,-3.23188
15,1.97125,9.33998,-3.11489
13,1.97125,9.33998,-3.11489
15,2.35184,9.25368,-2.74633
13,2.35184,9.25368,-2.74633
15,-2.12527,11.133,0.878508
13,-2.12527,11.133,0.878508
15,2.2479,7.84445,-2.32551
13,2.2479,7.84445,-2.32551
15,1.75022,8.17017,-2.45888
13,1.75022,8.17017,-2.45888
15,2.25716,10.1923,-3.01216
13,2.25716,10.1923,-3.01216
15,2.58916,8.08523,-0.307958
13,2.58916,8.08523,-0.307958
15,2.23237,8.80037,-2.42073
13,2.23237,8.80037,-2.42073
15,-0.260084,4.23657,-1.09296
13,-0.260084,4.23657,-1.09296
15,-5.57292,7.25411,-1.68659
13,-5.57292,7.25411,-1.68659
15,2.80463,8.15832,-0.834691
13,2.80463,8.15832,-0.834691
16,0.0585737,0.420178,0.407268
16,0.111329,0.640244,0.207416
16,-0.625702,0.74122,-0.123174
16,-0.628162,0.743534,-0.123094
16,0.0855603,1.06073,0.0316394
16,0.0890779,1.07181,0.0268032
16,-0.26542,2.48741,0.66012
16,-1.04482,2.45957,-1.3652
16,-1.08845,2.57612,-1.44555
16,0.433608,3.61653,0.861042
16,-0.442542,3.60336,0.936777
16,1.17014,3.22648,-1.45405
16,1.38147,3.60229,-1.66809
16,-0.54882,3.714,-0.690635
16,0.0382344,3.46101,-2.11912
16,1.61821,4.23949,0.0392958
16,0.557159,4.63587,1.03254
16,0.520249,4.6799,0.996017
16,-2.17053,4.00536,-0.761975
16,-3.22568,4.00874,-0.28833
16,-2.3919,4.1468,-0.868219
16,-1.71577,3.99553,-2.07197
16,0.539118,5.11698,0.00522205
16,1.68652,4.71041,-2.26708
16,-0.879123,4.80311,-0.991349
16,1.71676,4.96219,-2.03831
16,-1.02482,4.7072,-1.64936
16,0.966453,4.71912,-3.14892
16,0.984837,4.75213,-3.18684
16,-1.27109,4.83895,-2.51358
16,1.63633,5.18157,-3.14975
16,1.86746,5.61983,-1.56993
16,2.37566,6.11757,-0.129675
16,0.776646,5.60872,-1.56322
16,0.886507,5.61742,-1.63227
16,1.61721,5.59119,-2.22048
16,1.85224,6.56729,1.36379
16,2.18934,6.00482,-1.19828
16,-2.15119,4.9496,-3.06103
16,1.82598,5.7325,-2.17379
16,1.85787,5.785,-2.20949
16,1.36798,5.37453,-3.62752
16,-0.938399,5.59322,-2.12339
16,0.384344,5.60993,-3.3209
16,-1.18716,5.89719,-1.5105
16,1.83523,6.08157,-2.48579
16,0.789195,6.17588,-1.62011
16,1.00683,6.34241,-1.57576
16,1.78198,7.27179,1.40843
16,-2.50364,5.54043,-3.16248
16,1.92974,6.33864,-2.45758
16,1.93581,6.40367,-2.63812
16,-1.07546,3.66415,-1.79433
11,-1.07546,3.66415,-1.79433
16,0.683617,12.1736,-0.536919
11,0.683617,12.1736,-0.536919
16,0.568367,10.6182,-0.441055
11,0.568367,10.6182,-0.441055
16,1.99622,8.93669,-3.29526
11,1.99622,8.93669,-3.29526
16,1.6983,6.03728,-3.01322
11,1.6983,6.03728,-3.01322
16,0.184583,10.7652,-0.42876
11,0.184583,10.7652,-0.42876
16,2.50899,8.44947,-2.45886
11,2.50899,8.44947,-2.45886
16,0.20933,10.0675,-1.28551
11,0.20933,10.0675,-1.28551
16,-1.16391,3.91141,-1.96501
11,-1.16391,3.91141,-1.96501
16,-3.76212,12.7394,-0.63205
11,-3.76212,12.7394,-0.63205
16,-1.47485,5.74983,-1.99529
11,-1.47485,5.74983,-1.99529
16,2.1511,8.49132,-2.50014
11,2.1511,8.49132,-2.50014
16,-1.11709,3.74453,-1.87073
11,-1.11709,3.74453,-1.87073
16,2.70601,7.53586,-3.04557
11,2.70601,7.53586,-3.04557
16,2.49867,7.19739,-4.41585
11,2.49867,7.19739,-4.41585
16,-0.834399,4.83357,-1.8138
11,-0.834399,4.83357,-1.8138
16,1.28884,6.57734,-2.39882
11,1.28884,6.57734,-2.39882
16,0.968446,5.34741,-3.14803
11,0.968446,5.34741,-3.14803
16,3.05535,10.544,-0.483258
11,3.05535,10.544,-0.483258
16,1.90251,5.66786,-3.75733
11,1.90251,5.66786,-3.75733
16,-0.82173,5.3502,-1.56872
11,-0.82173,5.3502,-1.56872
16,-2.0472,4.10498,-1.74934
11,-2.0472,4.10498,-1.74934
16,0.968446,5.34741,-3.14803
11,0.968446,5.34741,-3.14803
16,-3.5415,11.094,-0.923973
11,-3.5415,11.094,-0.923973
16,-2.60603,10.5625,-2.74032
11,-2.60603,10.5625,-2.74032
16,-2.50698,13.1568,1.38242
11,-2.50698,13.1568,1.38242
16,-0.142873,5.70996,-1.6238
11,-0.142873,5.70996,-1.6238
16,-0.638123,5.11124,-1.61545
11,-0.638123,5.11124,-1.61545
16,0.323209,9.63602,-1.98501
11,0.323209,9.63602,-1.98501
16,2.75664,9.34133,-2.73898
11,2.75664,9.34133,-2.73898
16,-1.48813,5.25612,-1.80407
11,-1.48813,5.25612,-1.80407
16,-1.44944,9.93116,-2.48719
11,-1.44944,9.93116,-2.48719
16,-7.12399,15.6539,1.94868
11,-7.12399,15.6539,1.94868
16,2.8209,6.42649,-3.29509
11,2.8209,6.42649,-3.29509
16,-2.6112,6.378,-2.19348
11,-2.6112,6.378,-2.19348
16,-1.85096,12.247,-2.42247
11,-1.85096,12.247,-2.42247
16,-1.58577,6.27802,-1.71706
11,-1.58577,6.27802,-1.71706
16,4.35731,9.18711,-1.76399
11,4.35731,9.18711,-1.76399
16,-2.48236,5.517,-2.04779
11,-2.48236,5.517,-2.04779
16,-3.39371,13.8841,-0.53024
11,-3.39371,13.8841,-0.53024
16,-0.264435,8.49784,-1.65077
11,-0.264435,8.49784,-1.65077
16,-0.199223,6.33377,-1.8353
11,-0.199223,6.33377,-1.8353
16,0.991349,9.42927,-0.354581
11,0.991349,9.42927,-0.354581
16,3.40418,6.53263,-2.08206
11,3.40418,6.53263,-2.08206
16,4.51438,10.5607,-2.51524
11,4.51438,10.5607,-2.51524
16,5.18761,10.1504,-1.95229
11,5.18761,10.1504,-1.95229
16,-2.37479,5.30217,-1.95582
11,-2.37479,5.30217,-1.95582
16,-0.269434,9.47625,-1.8657
11,-0.269434,9.47625,-1.8657
16,-0.574399,6.94534,-2.08357
11,-0.574399,6.94534,-2.08357
16,2.63216,8.5688,-0.321503
11,2.63216,8.5688,-0.321503
16,5.36707,10.5132,-2.08136
11,5.36707,10.5132,-2.08136
16,-0.788868,4.86017,-1.83655
11,-0.788868,4.86017,-1.83655
16,-0.376606,5.63785,-1.80036
11,-0.376606,5.63785,-1.80036
16,-0.839744,6.18821,-1.8447
11,-0.839744,6.18821,-1.8447
16,-2.72204,10.8935,-0.316494
11,-2.72204,10.8935,-0.316494
16,-3.53299,12.0957,-1.70082
14,-3.53299,12.0957,-1.70082
16,-0.278455,9.19959,-2.24652
14,-0.278455,9.19959,-2.24652
16,0.978084,9.73572,-0.382864
14,0.978084,9.73572,-0.382864
16,2.29604,8.87718,-2.461
14,2.29604,8.87718,-2.461
16,-4.30441,8.96521,-0.0199518
14,-4.30441,8.96521,-0.0199518
16,0.557015,10.1419,-0.402284
14,0.557015,10.1419,-0.402284
16,1.68131,11.4836,-1.58703
14,1.68131,11.4836,-1.58703
16,-0.475596,16.7459,2.38308
14,-0.475596,16.7459,2.38308
16,-2.48717,10.3853,1.07446
14,-2.48717,10.3853,1.07446
16,-0.522731,17.8759,2.53202
14,-0.522731,17.8759,2.53202
16,3.30623,8.28836,-3.10767
14,3.30623,8.28836,-3.10767
16,0.545299,10.244,-0.409127
14,0.545299,10.244,-0.409127
16,3.33557,7.00193,-2.88977
14,3.33557,7.00193,-2.88977
16,1.55887,7.74594,-2.88499
14,1.55887,7.74594,-2.88499
16,1.98586,12.9225,1.68017
14,1.98586,12.9225,1.68017
16,2.13883,4.88284,-2.67973
14,2.13883,4.88284,-2.67973
16,2.11946,4.86946,-2.6711
14,2.11946,4.86946,-2.6711
16,0.164191,9.75321,-0.791092
14,0.164191,9.75321,-0.791092
16,-1.01557,7.63621,-2.5434
14,-1.01557,7.63621,-2.5434
16,-1.12504,4.63095,-1.6906
14,-1.12504,4.63095,-1.6906
16,2.95766,7.09981,-3.13315
14,2.95766,7.09981,-3.13315
16,-0.953326,4.79157,-1.75415
14,-0.953326,4.79157,-1.75415
16,-0.717922,5.0485,-1.60729
14,-0.717922,5.0485,-1.60729
16,0.164126,12.8297,-1.13385
14,0.164126,12.8297,-1.13385
16,-2.2025,5.18089,-1.87473
12,-2.2025,5.18089,-1.87473
16,0.0923039,12.698,-2.18749
12,0.0923039,12.698,-2.18749
16,-1.74719,6.47737,-1.73048
12,-1.74719,6.47737,-1.73048
16,-0.900147,4.76819,-1.8131
12,-0.900147,4.76819,-1.8131
16,-2.93599,6.70887,-1.7308
12,-2.93599,6.70887,-1.7308
16,1.81893,7.86466,-2.99502
12,1.81893,7.86466,-2.99502
16,-0.0824871,9.14737,-2.23458
12,-0.0824871,9.14737,-2.23458
16,-3.00719,6.8541,-1.77219
12,-3.00719,6.8541,-1.77219
16,-1.56355,4.4146,-1.65833
12,-1.56355,4.4146,-1.65833
16,-0.678034,10.545,-2.76068
12,-0.678034,10.545,-2.76068
16,-0.730273,10.2333,-2.54003
12,-0.730273,10.2333,-2.54003
16,3.11739,9.33876,-1.99391
12,3.11739,9.33876,-1.99391
16,5.93064,11.5403,-2.2996
12,5.93064,11.5403,-2.2996
16,-2.54566,12.9155,-2.42417
12,-2.54566,12.9155,-2.42417
16,2.99537,7.17913,-3.18967
12,2.99537,7.17913,-3.18967
16,0.0639682,11.7651,-1.85237
12,0.0639682,11.7651,-1.85237
16,1.19031,9.00848,-2.54966
12,1.19031,9.00848,-2.54966
16,2.83536,9.53391,-2.25954
12,2.83536,9.53391,-2.25954
16,-0.216461,5.57672,-1.58555
12,-0.216461,5.57672,-1.58555
16,-1.44064,5.09386,-1.7446
5,-1.44064,5.09386,-1.7446
16,-0.960998,4.02029,-1.72631
5,-0.960998,4.02029,-1.72631
16,-3.43954,18.0684,1.80568
5,-3.43954,18.0684,1.80568
16,-1.86678,5.04755,-1.65816
5,-1.86678,5.04755,-1.65816
16,3.03459,9.85141,-0.419996
5,3.03459,9.85141,-0.419996
16,-2.48706,13.0497,-1.45748
5,-2.48706,13.0497,-1.45748
16,3.64082,8.60627,-3.24936
5,3.64082,8.60627,-3.24936
16,-0.164357,5.86263,-1.68596
5,-0.164357,5.86263,-1.68596
16,2.36684,9.43979,-2.78131
5,2.36684,9.43979,-2.78131
16,3.18357,7.30902,-3.74897
5,3.18357,7.30902,-3.74897
16,2.66297,6.10212,-3.09917
5,2.66297,6.10212,-3.09917
16,1.63156,8.11311,-3.02071
5,1.63156,8.11311,-3.02071
16,-3.77431,9.58084,-0.608989
13,-3.77431,9.58084,-0.608989
16,-3.62518,10.2961,-0.405665
13,-3.62518,10.2961,-0.405665
16,-0.266951,10.0657,-2.39988
13,-0.266951,10.0657,-2.39988
16,2.78965,9.32646,-2.6429
13,2.78965,9.32646,-2.6429
16,-2.00051,13.1415,-2.24154
13,-2.00051,13.1415,-2.24154
16,-0.259848,9.85224,-2.34591
13,-0.259848,9.85224,-2.34591
16,2.25523,13.92,0.750966
13,2.25523,13.92,0.750966
16,2.51848,12.8068,1.56333
13,2.51848,12.8068,1.56333
16,-1.80396,6.58969,-1.78108
13,-1.80396,6.58969,-1.78108
16,2.41762,14.9029,0.795714
13,2.41762,14.9029,0.795714
16,1.57614,7.90945,-2.95445
13,1.57614,7.90945,-2.95445
16,-5.8494,7.58887,-1.7749
13,-5.8494,7.58887,-1.7749
17,-0.227366,1.41572,0.0336011
17,0.427214,1.75967,0.287674
17,-0.0820386,2.73646,-0.128849
17,0.138985,2.63448,-1.08994
17,0.153014,2.74069,-1.16322
17,-0.580111,3.34638,0.638923
17,-0.587002,3.38142,0.670439
17,-0.535053,3.44219,-0.570706
17,-0.487572,3.9198,0.88154
17,-0.655486,3.83973,-0.694768
17,0.634865,3.68334,-2.00489
17,2.29871,4.44583,-0.146005
17,-0.190505,4.04457,-0.395018
17,-0.518796,4.46481,1.13229
17,-0.51337,4.52321,1.14405
17,0.0659918,3.73687,-2.30601
17,0.661375,3.8956,-2.12521
17,-1.7542,3.74901,-1.87167
17,-1.02521,3.9548,-2.06703
17,-1.13331,4.00857,-2.31937
17,-0.656024,4.17371,-2.74091
17,0.797036,4.55077,-2.59935
17,1.49957,4.7551,-2.24608
17,-3.99787,4.76489,0.784644
17,1.48816,4.77606,-2.24022
17,1.48635,4.68386,-2.80524
17,0.958186,4.602,-3.07713
17,0.955091,4.63478,-3.08677
17,1.81692,5.01051,-2.45565
17,-0.317985,4.55163,-3.12592
17,1.55196,4.89554,-2.95971
17,1.86798,5.04143,-2.67348
17,-2.0248,4.54125,-2.5064
17,-0.266488,4.61933,-3.17903
17,1.88352,5.08229,-2.69259
17,-0.833087,4.92612,-1.81038
17,-0.79845,4.93393,-1.84989
17,1.5584,5.04975,-2.7951
17,1.5264,4.88072,-3.46217
17,-2.10432,5.60342,1.18481
17,-0.865664,5.03491,-1.87475
17,-4.59024,4.54347,-1.69841
17,-1.1312,5.07959,-1.72905
17,-1.14426,5.09476,-1.72771
17,1.60704,5.19939,-2.89442
17,-4.6549,4.61518,-1.70501
17,1.96792,5.2934,-2.91882
17,-0.581663,4.81422,-3.34423
17,2.49456,5.99053,-0.829657
17,-0.501933,6.17073,1.35446
17,-0.448278,5.36742,-1.77423
17,1.63776,5.2663,-3.47683
17,-0.51338,6.25946,1.36057
17,-2.23985,4.90482,-2.77324
17,1.98883,5.5394,-2.74511
17,0.507068,5.19958,-3.43463
17,2.02273,5.6032,-2.77402
17,0.0970925,6.1195,-0.0542684
17,1.76443,5.76559,-2.36594
17,0.524296,5.3246,-3.50675
17,2.96888,6.35267,-1.06435
17,-0.664777,5.69947,-1.52352
17,-0.742903,5.35402,-2.89665
17,3.02377,6.42328,-1.07767
17,-0.695153,5.7485,-1.56822
17,0.0802109,5.62841,-2.79632
17,-2.82673,6.02994,0.261425
17,1.84498,6.01794,-2.48339
17,0.0733501,5.67198,-2.8124
17,-0.681331,5.89063,-1.60347
17,-0.216576,5.48403,-3.40563
17,0.0757408,5.69335,-2.84633
17,-0.0567014,5.62419,-3.26689
17,1.81562,5.78969,-3.85459
17,-0.910982,6.25699,-0.840003
17,0.0623422,5.84868,-2.91254
17,-0.0944961,6.07364,-1.99549
17,-1.21786,6.03512,-1.55436
17,-1.17603,6.04979,-1.75641
17,1.76176,6.26191,-2.57296
17,-1.21299,6.09763,-1.72051
17,1.79148,6.30886,-2.58376
17,3.36046,6.56296,-2.58773
17,2.76061,6.24683,-3.57743
17,0.402884,5.91922,-3.62479
17,-0.504478,5.39889,-1.75399
15,-0.504478,5.39889,-1.75399
17,1.7609,6.31952,-2.55216
15,1.7609,6.31952,-2.55216
17,-1.45125,10.9347,-2.68103
15,-1.45125,10.9347,-2.68103
17,-0.232536,8.38694,-2.02034
15,-0.232536,8.38694,-2.02034
17,0.555337,10.0991,-0.410956
15,0.555337,10.0991,-0.410956
17,2.00582,12.1963,0.57631
15,2.00582,12.1963,0.57631
17,2.81522,10.3779,-2.16518
15,2.81522,10.3779,-2.16518
17,1.15251,10.0098,-2.54802
15,1.15251,10.0098,-2.54802
17,1.27302,10.8136,-2.37706
15,1.27302,10.8136,-2.37706
17,2.75361,7.98186,-3.19378
15,2.75361,7.98186,-3.19378
17,-0.84253,5.52014,-1.62918
15,-0.84253,5.52014,-1.62918
17,2.57077,7.00931,-1.43327
15,2.57077,7.00931,-1.43327
17,-4.37116,8.83568,0.0791992
15,-4.37116,8.83568,0.0791992
17,0.271095,6.78584,-2.57664
15,0.271095,6.78584,-2.57664
17,1.53946,7.78797,-2.9073
15,1.53946,7.78797,-2.9073
17,2.47452,9.18395,-1.88421
15,2.47452,9.18395,-1.88421
17,1.17401,8.43029,-2.34512
15,1.17401,8.43029,-2.34512
17,-1.13715,5.86336,-1.69193
15,-1.13715,5.86336,-1.69193
17,-4.32982,11.1422,-2.35792
15,-4.32982,11.1422,-2.35792
17,0.603361,9.1027,-3.14463
15,0.603361,9.1027,-3.14463
17,0.33397,8.4401,-2.29168
15,0.33397,8.4401,-2.29168
17,1.36564,11.572,-2.54618
15,1.36564,11.572,-2.54618
17,-4.59844,14.1484,2.41478
15,-4.59844,14.1484,2.41478
17,-5.1504,10.3948,0.0444106
15,-5.1504,10.3948,0.0444106
17,-4.12019,21.6046,2.98288
15,-4.12019,21.6046,2.98288
17,3.06294,6.95693,-3.60494
15,3.06294,6.95693,-3.60494
17,-0.098317,9.13905,-2.23319
15,-0.098317,9.13905,-2.23319
17,3.16966,7.91635,-2.9562
15,3.16966,7.91635,-2.9562
17,3.15872,9.52831,-2.04848
15,3.15872,9.52831,-2.04848
17,3.54739,8.21461,-0.300752
15,3.54739,8.21461,-0.300752
17,8.29207,16.6792,2.55007
15,8.29207,16.6792,2.55007
17,-0.0929388,6.33385,-0.926341
15,-0.0929388,6.33385,-0.926341
17,2.09856,8.36498,-2.42227
15,2.09856,8.36498,-2.42227
17,-5.17839,16.0016,2.1562
15,-5.17839,16.0016,2.1562
17,-4.34213,7.51233,-0.608192
15,-4.34213,7.51233,-0.608192
17,2.46332,9.24438,-1.92806
15,2.46332,9.24438,-1.92806
17,-7.98458,24.4914,3.1678
15,-7.98458,24.4914,3.1678
17,4.22157,8.28217,-1.54044
15,4.22157,8.28217,-1.54044
17,-4.1791,16.4048,1.65064
15,-4.1791,16.4048,1.65064
17,0.856595,8.66615,-2.94574
15,0.856595,8.66615,-2.94574
17,0.967568,7.34713,-2.00705
15,0.967568,7.34713,-2.00705
17,-5.548,6.37503,-1.56087
15,-5.548,6.37503,-1.56087
17,4.00747,7.88422,-1.45274
15,4.00747,7.88422,-1.45274
17,0.154179,9.52738,-0.782515
15,0.154179,9.52738,-0.782515
17,-3.62894,14.2313,1.5039
15,-3.62894,14.2313,1.5039
17,0.424335,6.1372,-3.13867
11,0.424335,6.1372,-3.13867
17,3.04688,11.7781,-1.66781
11,3.04688,11.7781,-1.66781
17,2.87659,8.56981,-1.7875
11,2.87659,8.56981,-1.7875
17,3.36329,8.79988,-0.365907
11,3.36329,8.79988,-0.365907
17,-4.74421,9.37167,-1.97031
11,-4.74421,9.37167,-1.97031
17,4.33705,13.2178,1.84811
11,4.33705,13.2178,1.84811
17,0.480774,5.54669,-3.2708
11,0.480774,5.54669,-3.2708
17,3.67905,7.70156,-3.19956
11,3.67905,7.70156,-3.19956
17,0.463291,6.63362,-4.09453
11,0.463291,6.63362,-4.09453
17,-1.84206,6.68931,-1.78168
11,-1.84206,6.68931,-1.78168
17,-0.325652,9.97431,-1.99133
11,-0.325652,9.97431,-1.99133
17,2.10207,8.52315,-2.49908
11,2.10207,8.52315,-2.49908
17,-3.39627,13.8764,-0.504422
11,-3.39627,13.8764,-0.504422
17,1.22751,11.4173,-0.477075
11,1.22751,11.4173,-0.477075
17,-0.676659,4.46417,-1.67716
11,-0.676659,4.46417,-1.67716
17,4.07247,9.55737,-2.25311
11,4.07247,9.55737,-2.25311
17,-2.82622,11.3381,-0.338557
11,-2.82622,11.3381,-0.338557
17,1.4108,8.5335,-2.29361
11,1.4108,8.5335,-2.29361
17,0.238004,7.19862,-1.39755
6,0.238004,7.19862,-1.39755
17,1.30974,8.50349,-2.7512
6,1.30974,8.50349,-2.7512
17,2.39929,6.81166,-4.00993
6,2.39929,6.81166,-4.00993
17,-3.91226,12.0285,-1.89402
6,-3.91226,12.0285,-1.89402
17,0.38205,4.01685,-2.5444
6,0.38205,4.01685,-2.5444
17,1.05137,7.87336,-3.13843
6,1.05137,7.87336,-3.13843
17,1.0176,8.54999,-2.44795
6,1.0176,8.54999,-2.44795
17,2.85925,8.86186,-0.354845
6,2.85925,8.86186,-0.354845
17,2.00614,11.1304,1.38227
6,2.00614,11.1304,1.38227
17,-5.55292,17.1429,2.24644
6,-5.55292,17.1429,2.24644
17,2.07579,6.02096,-3.6457
6,2.07579,6.02096,-3.6457
17,2.27929,6.87155,-2.01956
6,2.27929,6.87155,-2.01956
17,2.16731,8.11656,-1.61939
6,2.16731,8.11656,-1.61939
17,-5.46786,11.9646,1.35605
6,-5.46786,11.9646,1.35605
17,-5.46786,11.9646,1.35605
6,-5.46786,11.9646,1.35605
17,2.55339,8.6418,-2.78839
6,2.55339,8.6418,-2.78839
17,2.11154,6.5242,-2.51952
6,2.11154,6.5242,-2.51952
17,0.659791,15.8556,2.36327
10,0.659791,15.8556,2.36327
17,3.17488,7.59985,-1.3189
10,3.17488,7.59985,-1.3189
17,-4.41446,6.37529,-1.59473
10,-4.41446,6.37529,-1.59473
17,-6.79927,14.7582,1.63219
10,-6.79927,14.7582,1.63219
17,-0.13717,6.23359,-1.80816
14,-0.13717,6.23359,-1.80816
17,-4.42251,8.96619,-2.05706
14,-4.42251,8.96619,-2.05706
17,-0.138262,6.30962,-1.83262
14,-0.138262,6.30962,-1.83262
17,-1.13395,5.8212,-1.66266
14,-1.13395,5.8212,-1.66266
17,4.10079,9.68899,-1.8099
14,4.10079,9.68899,-1.8099
17,2.08649,9.25643,-3.41163
14,2.08649,9.25643,-3.41163
17,1.89652,10.3101,-2.95956
12,1.89652,10.3101,-2.95956
17,-0.892161,5.71183,-1.69461
12,-0.892161,5.71183,-1.69461
17,3.14425,9.76024,-0.401928
12,3.14425,9.76024,-0.401928
17,0.458214,9.49485,-2.94234
13,0.458214,9.49485,-2.94234
17,4.03494,11.6203,-1.25904
13,4.03494,11.6203,-1.25904
17,2.35665,9.19142,-2.7261
13,2.35665,9.19142,-2.7261
17,-5.01384,6.66567,0.325586
13,-5.01384,6.66567,0.325586
18,-0.966358,3.68432,-1.87246
18,0.0681663,3.88069,-2.41354
18,-1.80542,3.78566,-1.80563
18,-1.77007,3.89313,-1.91626
18,-0.977652,4.03812,-1.8546
18,-1.70675,3.91015,-2.37532
18,-1.78467,3.99705,-2.16899
18,-1.73628,3.98862,-2.42232
18,-2.6942,4.22242,-2.20189
18,-2.71195,4.26174,-2.20923
18,-0.704296,4.68216,-1.77006
18,-0.619686,4.41631,-2.92005
18,-0.712841,4.71333,-1.81349
18,-0.77815,4.73104,-1.80107
18,-0.753611,4.73058,-1.83448
18,-0.784604,4.80753,-1.84115
18,-0.718787,4.81567,-1.86365
18,0.421049,4.80402,-3.17558
18,0.929054,5.22713,-3.05189
18,0.947336,5.29106,-3.09199
18,-0.458041,5.25336,-2.67722
18,1.35242,5.29441,-3.56675
18,-4.82681,4.74475,-2.26855
18,1.76624,5.61589,-2.71469
18,-4.87226,4.80562,-2.26865
18,2.52714,5.69182,-3.22684
18,-0.949385,5.59101,-1.78604
18,1.68872,5.8372,-2.32706
18,2.08676,5.82069,-2.88529
18,-0.874625,5.70172,-1.70312
18,-0.856309,5.7361,-1.64982
18,1.54551,5.6547,-3.46841
18,1.56081,5.67644,-3.51686
18,1.51706,5.68379,-3.49642
18,-0.885547,5.79704,-1.73961
18,-0.884844,5.83534,-1.69696
18,2.64323,5.96642,-3.39824
18,1.75554,6.09658,-2.37294
18,2.20088,6.04842,-3.03508
18,0.436514,5.69057,-3.47276
18,1.89058,5.92036,-3.64467
18,2.22962,6.1546,-3.11019
18,-4.52799,6.0807,0.463304
18,-1.20563,6.08503,-1.58481
18,-1.7711,5.92818,-1.89439
18,-1.2202,6.09818,-1.57108
18,-5.15847,6.15676,0.857105
18,-1.77792,5.96535,-1.90582
18,-0.0180416,6.1446,-2.28122
18,1.89536,5.99275,-4.00051
18,-1.43769,6.07699,-1.79718
18,0.000130765,6.17889,-2.28347
18,-2.03764,6.02111,-1.87325
18,2.34972,6.34156,-3.14019
18,-0.000237606,6.21476,-2.3106
18,-5.1425,6.30102,0.894235
18,0.618056,6.00684,-3.61954
18,2.49784,8.41338,-2.43601
15,2.49784,8.41338,-2.43601
18,2.20506,11.1547,-1.62819
15,2.20506,11.1547,-1.62819
18,0.684771,8.99721,-2.39901
15,0.684771,8.99721,-2.39901
18,3.39341,9.20564,-2.02918
15,3.39341,9.20564,-2.02918
18,2.65246,9.81252,-2.03288
15,2.65246,9.81252,-2.03288
18,-2.06861,10.567,-1.9306
15,-2.06861,10.567,-1.9306
18,2.12582,10.148,-3.40389
15,2.12582,10.148,-3.40389
18,1.97025,5.86964,-3.90286
15,1.97025,5.86964,-3.90286
18,1.2773,10.8422,-2.36772
15,1.2773,10.8422,-2.36772
18,3.34002,10.4142,-3.55423
15,3.34002,10.4142,-3.55423
18,-0.375293,9.74522,-1.98664
15,-0.375293,9.74522,-1.98664
18,3.11576,10.439,-3.09196
15,3.11576,10.439,-3.09196
18,0.305568,8.01051,-2.16274
15,0.305568,8.01051,-2.16274
18,-0.90574,6.52669,-1.73092
15,-0.90574,6.52669,-1.73092
18,-5.81147,11.7277,0.0144439
15,-5.81147,11.7277,0.0144439
18,-2.38389,12.6395,-1.38601
15,-2.38389,12.6395,-1.38601
18,5.86058,11.3957,-2.27204
15,5.86058,11.3957,-2.27204
18,-5.15668,7.88453,-1.75479
15,-5.15668,7.88453,-1.75479
18,-1.95015,17.7404,2.5797
15,-1.95015,17.7404,2.5797
18,-4.72177,9.80629,1.25898
15,-4.72177,9.80629,1.25898
18,0.35169,9.9047,-2.05015
15,0.35169,9.9047,-2.05015
18,3.66953,8.5548,-1.98477
15,3.66953,8.5548,-1.98477
18,-5.09834,15.8059,2.13631
15,-5.09834,15.8059,2.13631
18,-4.17367,22.1777,3.02574
15,-4.17367,22.1777,3.02574
18,-4.28888,7.41933,-0.597644
15,-4.28888,7.41933,-0.597644
18,4.42367,8.69262,-1.63155
15,4.42367,8.69262,-1.63155
18,-7.47472,22.98,2.99275
15,-7.47472,22.98,2.99275
18,2.55294,9.55978,-2.00284
15,2.55294,9.55978,-2.00284
18,-0.206343,6.79366,-1.99505
15,-0.206343,6.79366,-1.99505
18,3.70492,7.80389,-1.40358
15,3.70492,7.80389,-1.40358
18,1.1595,10.7448,-0.433939
15,1.1595,10.7448,-0.433939
18,0.250636,9.20253,-1.86429
6,0.250636,9.20253,-1.86429
18,-3.47475,10.6795,-1.64798
6,-3.47475,10.6795,-1.64798
18,-0.221612,10.6138,-1.74725
6,-0.221612,10.6138,-1.74725
18,0.202097,10.8898,-0.429417
6,0.202097,10.8898,-0.429417
18,0.278996,8.69136,-1.74742
6,0.278996,8.69136,-1.74742
18,0.200114,8.82905,-1.80445
6,0.200114,8.82905,-1.80445
18,2.86246,6.47081,-3.33268
6,2.86246,6.47081,-3.33268
18,0.0692178,6.08899,-3.05674
6,0.0692178,6.08899,-3.05674
18,3.30674,6.94886,-2.84297
6,3.30674,6.94886,-2.84297
18,2.90988,10.7993,-2.29951
6,2.90988,10.7993,-2.29951
18,0.220504,11.0024,-0.45163
6,0.220504,11.0024,-0.45163
18,-1.38381,9.58031,-2.38635
6,-1.38381,9.58031,-2.38635
18,1.90219,8.17551,-1.78047
6,1.90219,8.17551,-1.78047
18,0.222857,10.4959,-0.41595
6,0.222857,10.4959,-0.41595
18,-4.49593,18.4949,-0.804066
6,-4.49593,18.4949,-0.804066
18,0.832045,8.31215,-2.81322
6,0.832045,8.31215,-2.81322
18,0.201409,10.5936,-0.89242
6,0.201409,10.5936,-0.89242
18,1.112,6.92684,-1.78453
6,1.112,6.92684,-1.78453
18,0.189147,11.251,-0.967666
6,0.189147,11.251,-0.967666
18,0.482071,8.97997,-0.333573
10,0.482071,8.97997,-0.333573
18,-3.32996,10.2509,-1.41692
10,-3.32996,10.2509,-1.41692
18,0.18949,9.94262,-1.75063
10,0.18949,9.94262,-1.75063
18,1.67411,11.4615,-1.5763
10,1.67411,11.4615,-1.5763
18,2.78782,8.33056,-1.72838
10,2.78782,8.33056,-1.72838
18,-1.77779,10.5358,-2.22361
10,-1.77779,10.5358,-2.22361
18,-5.73812,8.35229,-0.858737
10,-5.73812,8.35229,-0.858737
18,-4.40432,6.32171,-1.61213
10,-4.40432,6.32171,-1.61213
18,-6.4031,8.1031,-1.86061
10,-6.4031,8.1031,-1.86061
18,-2.19381,8.77225,-0.162366
10,-2.19381,8.77225,-0.162366
18,0.518516,8.60867,-2.35341
11,0.518516,8.60867,-2.35341
18,-3.35023,10.2725,-1.57534
11,-3.35023,10.2725,-1.57534
18,-1.6066,6.37823,-1.76455
11,-1.6066,6.37823,-1.76455
18,-0.884485,5.92034,-1.70969
11,-0.884485,5.92034,-1.70969
18,3.43671,8.98049,-0.377916
11,3.43671,8.98049,-0.377916
18,3.01066,9.9096,-0.405675
11,3.01066,9.9096,-0.405675
18,1.66415,5.81019,-2.45957
11,1.66415,5.81019,-2.45957
18,3.32425,8.53339,-0.317657
11,3.32425,8.53339,-0.317657
18,1.87579,8.93189,-2.976
14,1.87579,8.93189,-2.976
18,-3.01941,13.3059,-0.325014
14,-3.01941,13.3059,-0.325014
18,-3.75042,10.6373,1.05114
14,-3.75042,10.6373,1.05114
18,-4.37031,8.89413,-1.66817
14,-4.37031,8.89413,-1.66817
18,-1.58563,10.5026,-2.36883
14,-1.58563,10.5026,-2.36883
18,0.822834,8.35886,-2.84665
14,0.822834,8.35886,-2.84665
18,4.14907,9.73008,-2.27495
14,4.14907,9.73008,-2.27495
18,-3.65193,11.7432,1.08791
13,-3.65193,11.7432,1.08791
18,-2.93046,11.9898,-0.437665
13,-2.93046,11.9898,-0.437665
19,0.126641,4.05147,0.663962
19,-0.903417,3.61978,-2.08058
19,-0.955713,3.69128,-1.90268
19,-0.961534,3.70841,-1.90484
19,-1.05211,3.70861,-2.10995
19,-1.80971,3.87985,-1.8621
19,-1.85505,3.91484,-1.87357
19,-1.64843,3.83644,-2.35735
19,-1.68209,3.84422,-2.30965
19,-1.64268,3.84388,-2.35845
19,-1.70237,3.87889,-2.35427
19,-0.725932,4.34924,-2.82387
19,-0.739333,4.63853,-1.74755
19,-0.756469,4.66848,-1.75136
19,-0.777123,4.79652,-1.80189
19,-1.13684,4.96339,-1.68504
19,-1.15477,5.04424,-1.72256
19,0.333899,5.14751,-2.55258
19,-0.452493,5.07925,-2.34711
19,0.841128,5.14881,-3.0334
19,-1.42024,5.11678,-1.81193
19,-1.15407,5.18609,-1.77334
19,0.349772,5.19889,-2.84652
19,-1.10173,5.2511,-1.83233
19,-0.473062,5.23904,-2.44641
19,-1.10004,5.30218,-1.82735
19,-0.467214,5.42296,-1.79332
19,-1.49693,5.24568,-1.89567
19,-1.50477,5.24375,-1.9022
19,0.368714,5.38072,-2.69417
19,-4.74589,4.7382,-2.07915
19,-0.59723,5.46462,-1.77136
19,-4.79509,4.7513,-2.09334
19,-1.50931,5.32325,-1.87254
19,2.50454,5.66082,-3.21474
19,0.976612,5.43176,-3.1839
19,0.892729,5.46057,-3.58018
19,2.5898,5.8024,-3.28232
19,1.66627,5.93792,-2.41213
19,1.51414,5.64582,-3.58872
19,2.57958,5.88039,-3.30713
19,-0.798349,6.37471,0.997738
19,-5.07578,5.03974,-1.89859
19,2.12759,5.92391,-2.94116
19,1.65877,5.98337,-2.3883
19,0.262713,5.57358,-3.37263
19,0.703795,5.57614,-3.77124
19,1.68175,6.06128,-2.38362
19,-5.18782,5.09011,-2.26689
19,-1.72095,5.75701,-1.83122
19,-2.31407,5.64573,-1.92976
19,-1.72372,5.76978,-1.82933
19,2.19633,6.10232,-3.05636
19,0.480659,5.81821,-3.32073
19,1.76196,6.12824,-3.16097
19,1.8788,5.98022,-4.0058
19,-2.29938,5.84285,-1.9561
19,0.233075,6.17789,-2.28676
19,-0.0444613,5.93199,-3.49799
19,-1.16065,6.23138,-1.70651
19,-0.0578898,5.98199,-3.54408
19,0.0727546,6.15214,-3.1043
19,2.60354,8.02894,-0.308207
15,2.60354,8.02894,-0.308207
19,2.41466,8.32524,-2.46688
15,2.41466,8.32524,-2.46688
19,2.5791,12.9294,0.594397
15,2.5791,12.9294,0.594397
19,2.40471,8.10048,-2.33453
15,2.40471,8.10048,-2.33453
19,-2.83756,14.6126,-0.345326
15,-2.83756,14.6126,-0.345326
19,-4.52618,9.1537,0.0726478
15,-4.52618,9.1537,0.0726478
19,-0.233742,14.4829,0.532959
15,-0.233742,14.4829,0.532959
19,1.834,9.25361,-3.54807
15,1.834,9.25361,-3.54807
19,-2.15155,10.9662,-2.01521
15,-2.15155,10.9662,-2.01521
19,-0.081699,8.71875,-2.12108
15,-0.081699,8.71875,-2.12108
19,2.77184,7.97178,-3.49863
15,2.77184,7.97178,-3.49863
19,0.12372,12.4733,-2.03852
15,0.12372,12.4733,-2.03852
19,1.28117,10.9893,-2.40592
15,1.28117,10.9893,-2.40592
19,1.09276,12.1288,-2.67564
15,1.09276,12.1288,-2.67564
19,0.347283,8.79559,-2.40099
15,0.347283,8.79559,-2.40099
19,-0.391274,10.4695,-2.15296
15,-0.391274,10.4695,-2.15296
19,2.15585,6.66327,-4.18924
15,2.15585,6.66327,-4.18924
19,-4.24595,12.932,-2.07943
15,-4.24595,12.932,-2.07943
19,-2.50005,13.3052,-1.47126
15,-2.50005,13.3052,-1.47126
19,1.52068,11.3135,-3.27497
15,1.52068,11.3135,-3.27497
19,3.6865,7.06935,-2.27673
15,3.6865,7.06935,-2.27673
19,5.27873,10.267,-2.01842
15,5.27873,10.267,-2.01842
19,4.82988,9.49359,-1.8176
15,4.82988,9.49359,-1.8176
19,-7.12681,21.8455,2.8542
15,-7.12681,21.8455,2.8542
19,1.20273,9.05926,-2.54348
15,1.20273,9.05926,-2.54348
19,-0.183199,6.09264,-1.75777
15,-0.183199,6.09264,-1.75777
19,-0.220595,7.00412,-2.08539
15,-0.220595,7.00412,-2.08539
19,2.89642,9.59436,-0.355667
11,2.89642,9.59436,-0.355667
19,-3.39139,10.95,-1.48006
11,-3.39139,10.95,-1.48006
19,2.12515,6.31526,-4.21772
11,2.12515,6.31526,-4.21772
19,-3.4114,13.2269,1.43453
11,-3.4114,13.2269,1.43453
19,2.77901,9.40656,-2.76056
11,2.77901,9.40656,-2.76056
19,-5.18659,10.6219,1.08842
11,-5.18659,10.6219,1.08842
19,0.356757,7.46089,-2.02531
11,0.356757,7.46089,-2.02531
19,1.88866,8.0784,-1.77459
11,1.88866,8.0784,-1.77459
19,0.227846,10.6511,-0.415386
11,0.227846,10.6511,-0.415386
19,-3.87752,12.6472,-1.65396
11,-3.87752,12.6472,-1.65396
19,-4.98664,7.85534,-0.72695
11,-4.98664,7.85534,-0.72695
19,-5.42085,8.39621,0.472682
11,-5.42085,8.39621,0.472682
19,2.12882,13.7903,1.76635
11,2.12882,13.7903,1.76635
19,3.35719,8.64227,-0.324299
11,3.35719,8.64227,-0.324299
19,-2.52002,10.1625,-0.277794
11,-2.52002,10.1625,-0.277794
19,2.62636,8.40653,-0.309538
11,2.62636,8.40653,-0.309538
19,2.05802,11.2604,0.502936
6,2.05802,11.2604,0.502936
19,2.97796,8.90079,-1.89334
6,2.97796,8.90079,-1.89334
19,0.184963,10.0878,-0.377318
6,0.184963,10.0878,-0.377318
19,1.59849,7.51435,-2.19771
6,1.59849,7.51435,-2.19771
19,1.03865,7.38447,-2.13319
6,1.03865,7.38447,-2.13319
19,2.69506,8.13277,-1.68316
6,2.69506,8.13277,-1.68316
19,0.211553,10.6759,-0.430219
6,0.211553,10.6759,-0.430219
19,-5.65414,6.39055,-2.12542
6,-5.65414,6.39055,-2.12542
19,1.09114,10.1679,-0.394351
6,1.09114,10.1679,-0.394351
19,4.09448,9.46275,-0.932446
10,4.09448,9.46275,-0.932446
19,4.54251,11.4943,1.66645
10,4.54251,11.4943,1.66645
19,3.61713,12.2009,-1.75113
10,3.61713,12.2009,-1.75113
19,3.72139,8.64048,-0.826035
10,3.72139,8.64048,-0.826035
19,1.7554,7.05284,-2.01065
10,1.7554,7.05284,-2.01065
19,3.32904,7.78729,-1.76888
10,3.32904,7.78729,-1.76888
19,-5.26978,10.1201,-2.43864
10,-5.26978,10.1201,-2.43864
19,1.42141,11.4427,-3.37306
10,1.42141,11.4427,-3.37306
19,4.09639,9.51368,-2.22782
10,4.09639,9.51368,-2.22782
19,0.288883,7.18053,-2.74296
10,0.288883,7.18053,-2.74296
19,-5.4479,6.89675,-1.5214
10,-5.4479,6.89675,-1.5214
19,-1.64206,10.8546,-2.45537
14,-1.64206,10.8546,-2.45537
19,-0.149801,6.87628,-2.01457
14,-0.149801,6.87628,-2.01457
19,2.26941,13.6846,-1.94579
14,2.26941,13.6846,-1.94579
19,4.65872,11.7291,1.7045
14,4.65872,11.7291,1.7045
19,-5.24456,8.06002,-1.75038
14,-5.24456,8.06002,-1.75038
19,-6.07489,7.56953,-0.473752
14,-6.07489,7.56953,-0.473752
19,3.14986,9.85701,-0.39933
14,3.14986,9.85701,-0.39933
20,-0.0252571,0.281932,0.328899
20,0.136734,0.895685,0.318078
20,-0.290458,0.88584,0.477909
20,0.189329,3.00266,-1.32543
20,-0.0674435,3.31691,-0.269867
20,0.226389,3.57016,-1.80504
20,-1.54039,3.40294,-1.63246
20,-0.822475,3.37972,-2.21556
20,-1.65193,3.53801,-1.73152
20,0.0619055,3.69493,-2.28426
20,0.0541896,3.69611,-2.28523
20,0.0559147,3.71222,-2.29458
20,-0.996817,3.77257,-1.88996
20,-1.63803,4.44122,0.787941
20,-1.00632,3.87205,-1.97295
20,-1.00836,3.86693,-2.00686
20,-1.01227,3.88534,-1.97811
20,-1.0348,3.89298,-1.97051
20,-1.8407,3.94145,-1.99742
20,2.66104,5.09535,-0.24222
20,-3.67062,4.65031,0.814652
20,0.781583,4.36669,-2.47996
20,0.8491,5.3413,1.22969
20,-1.79432,4.09179,-2.49724
20,0.781271,4.4438,-2.52865
20,-0.626435,5.25887,1.2499
20,0.730718,5.45583,0.929692
20,-1.94313,4.28339,-2.34272
20,-1.01176,5.46218,0.861294
20,-0.816195,4.83554,-1.76152
20,-0.787665,4.83455,-1.85306
20,1.84904,5.0597,-2.50313
20,-2.09734,4.59035,-2.56934
20,0.230922,4.81975,-2.81892
20,1.96354,5.08417,-2.66606
20,-0.769276,4.97667,-1.82543
20,-0.685165,5.81476,1.33637
20,1.61953,5.12759,-2.47077
20,-0.850025,5.01364,-1.8541
20,1.65466,5.23751,-2.51692
20,1.23909,5.02203,-3.3506
20,2.18345,5.75945,-1.10733
20,-1.13334,5.29137,-1.40605
20,-0.478724,6.09035,1.32902
20,-1.14035,5.84447,0.69024
20,-1.1301,5.91904,0.847648
20,-1.57161,4.89494,-3.25732
20,0.302986,5.20768,-3.08249
20,-0.720309,5.16767,-2.82649
20,0.81343,5.22296,-3.46853
20,1.83173,5.4489,-3.1281
20,-0.600721,5.04672,-3.51617
20,1.66135,5.33649,-3.525
20,-1.2287,5.49499,-1.53934
20,-0.575971,5.66601,-1.47096
20,1.69461,5.43007,-3.58585
20,0.111575,6.21073,-0.0715327
20,1.53729,6.69635,1.10908
20,2.60905,6.30683,-1.03491
20,-0.679301,5.77754,-1.53734
20,-0.170198,5.41575,-3.22434
20,-2.28513,5.59408,-1.8983
20,1.81604,5.77247,-3.84727
20,-1.12092,5.92177,-1.88999
20,-1.23104,5.96584,-1.6862
20,-1.20308,5.97096,-1.68036
20,-0.740424,6.78066,1.22673
20,-2.34406,5.79331,-1.96635
20,-2.90319,6.24281,0.00419319
20,-1.11964,6.07341,-1.75432
20,-2.22439,5.92126,-1.91376
20,-0.786307,5.77678,-3.21666
20,-2.33929,5.94007,-1.94122
20,2.77049,6.20983,-3.5387
20,2.48457,6.73854,-1.35772
20,0.119465,6.79108,-0.124489
20,-1.81275,6.08497,-1.94525
20,0.81346,8.66412,-0.326844
15,0.81346,8.66412,-0.326844
20,2.28092,7.67583,-2.19525
15,2.28092,7.67583,-2.19525
20,2.68358,8.96792,-2.53096
15,2.68358,8.96792,-2.53096
20,-0.516497,5.4944,-1.79033
15,-0.516497,5.4944,-1.79033
20,0.158411,10.2822,-0.82951
15,0.158411,10.2822,-0.82951
20,1.56727,5.61444,-2.23313
15,1.56727,5.61444,-2.23313
20,0.802121,8.9315,-1.88238
15,0.802121,8.9315,-1.88238
20,-0.902913,6.48816,-1.71796
15,-0.902913,6.48816,-1.71796
20,1.1593,8.36749,-2.33445
15,1.1593,8.36749,-2.33445
20,1.54397,9.91856,-0.294067
15,1.54397,9.91856,-0.294067
20,2.1695,6.01132,-4.16245
15,2.1695,6.01132,-4.16245
20,-0.786022,5.09744,-1.48264
15,-0.786022,5.09744,-1.48264
20,-4.42549,8.93852,0.0962574
15,-4.42549,8.93852,0.0962574
20,3.71904,11.3914,-0.546767
15,3.71904,11.3914,-0.546767
20,3.77918,8.74201,-1.44193
15,3.77918,8.74201,-1.44193
20,-4.67753,16.7858,2.93946
15,-4.67753,16.7858,2.93946
20,1.3401,11.4517,-2.5146
15,1.3401,11.4517,-2.5146
20,0.0514261,7.54003,-1.06803
15,0.0514261,7.54003,-1.06803
20,0.347539,8.81667,-2.40485
15,0.347539,8.81667,-2.40485
20,-0.267559,6.72367,-1.24543
15,-0.267559,6.72367,-1.24543
20,-2.12024,10.5091,-1.13968
15,-2.12024,10.5091,-1.13968
20,0.167421,11.4698,-0.983944
15,0.167421,11.4698,-0.983944
20,2.93111,7.38653,-2.72658
15,2.93111,7.38653,-2.72658
20,2.63792,7.97525,-1.66874
15,2.63792,7.97525,-1.66874
20,2.19094,4.98952,-2.77506
15,2.19094,4.98952,-2.77506
20,3.59883,8.33653,-1.36163
15,3.59883,8.33653,-1.36163
20,2.13713,8.51766,-2.47168
15,2.13713,8.51766,-2.47168
20,0.0514607,8.0301,-1.13658
15,0.0514607,8.0301,-1.13658
20,0.29898,9.06051,-1.85234
15,0.29898,9.06051,-1.85234
20,-4.95682,15.3562,2.08208
15,-4.95682,15.3562,2.08208
20,-9.06727,12.831,1.61257
15,-9.06727,12.831,1.61257
20,4.6768,8.18293,-1.21457
15,4.6768,8.18293,-1.21457
20,-5.32215,6.92809,-1.58623
15,-5.32215,6.92809,-1.58623
20,-7.22204,22.2741,2.90474
15,-7.22204,22.2741,2.90474
20,-5.95744,6.97777,-0.838867
15,-5.95744,6.97777,-0.838867
20,-4.7278,7.71845,0.233936
15,-4.7278,7.71845,0.233936
20,2.21909,8.36418,-1.71686
15,2.21909,8.36418,-1.71686
20,-0.206333,7.02865,-2.07546
15,-0.206333,7.02865,-2.07546
20,0.174286,10.5277,-0.883775
15,0.174286,10.5277,-0.883775
20,4.53676,7.93187,-3.45524
15,4.53676,7.93187,-3.45524
20,3.78421,7.45541,-1.3545
15,3.78421,7.45541,-1.3545
20,0.264213,8.11661,-1.55999
15,0.264213,8.11661,-1.55999
20,2.86214,7.31963,-0.206366
15,2.86214,7.31963,-0.206366
20,-5.01209,19.8671,1.91246
15,-5.01209,19.8671,1.91246
20,0.842646,7.91835,-0.248043
15,0.842646,7.91835,-0.248043
20,0.511965,9.35395,-0.362957
11,0.511965,9.35395,-0.362957
20,-3.44124,9.81122,-0.377375
11,-3.44124,9.81122,-0.377375
20,0.511965,9.35395,-0.362957
11,0.511965,9.35395,-0.362957
20,-4.50476,8.86677,-1.85278
11,-4.50476,8.86677,-1.85278
20,2.70457,9.17278,-2.68458
11,2.70457,9.17278,-2.68458
20,-2.40829,9.75493,-2.51259
11,-2.40829,9.75493,-2.51259
20,0.320388,9.4983,-1.95384
11,0.320388,9.4983,-1.95384
20,-0.772993,4.97447,-1.83758
11,-0.772993,4.97447,-1.83758
20,-4.40531,9.22396,0.0448392
11,-4.40531,9.22396,0.0448392
20,3.1152,9.13652,-3.72629
11,3.1152,9.13652,-3.72629
20,-2.13811,10.9893,-1.96036
11,-2.13811,10.9893,-1.96036
20,-3.51555,11.6374,-0.452555
11,-3.51555,11.6374,-0.452555
20,-6.02836,8.67626,-2.32128
11,-6.02836,8.67626,-2.32128
20,3.3797,9.86741,-1.03781
11,3.3797,9.86741,-1.03781
20,5.0671,11.8041,-2.81271
11,5.0671,11.8041,-2.81271
20,0.246129,13.681,-1.25088
11,0.246129,13.681,-1.25088
20,1.21827,7.35879,-1.94588
11,1.21827,7.35879,-1.94588
20,0.25205,7.54723,-1.47797
6,0.25205,7.54723,-1.47797
20,2.57159,8.92811,-0.37596
6,2.57159,8.92811,-0.37596
20,1.11323,6.46973,-2.5498
6,1.11323,6.46973,-2.5498
20,2.44064,7.12769,-4.43145
6,2.44064,7.12769,-4.43145
20,3.748,10.8188,-1.14255
6,3.748,10.8188,-1.14255
20,0.463282,10.8537,0.899571
6,0.463282,10.8537,0.899571
20,2.98005,8.90888,-1.89487
6,2.98005,8.90888,-1.89487
20,-1.26495,6.29289,-1.66186
6,-1.26495,6.29289,-1.66186
20,4.77606,8.31728,-1.2575
6,4.77606,8.31728,-1.2575
20,-1.60572,8.93968,-1.48887
6,-1.60572,8.93968,-1.48887
20,-4.46491,6.42004,-1.61776
6,-4.46491,6.42004,-1.61776
20,3.20151,7.72437,-1.35124
6,3.20151,7.72437,-1.35124
20,-0.0409704,4.14302,-0.422301
6,-0.0409704,4.14302,-0.422301
20,0.226866,9.14392,-1.91395
10,0.226866,9.14392,-1.91395
20,1.50094,10.3506,-1.39353
10,1.50094,10.3506,-1.39353
20,-0.721091,7.57024,-1.42165
10,-0.721091,7.57024,-1.42165
20,-4.12056,10.5001,-2.20695
10,-4.12056,10.5001,-2.20695
20,2.58757,7.65655,-2.70615
10,2.58757,7.65655,-2.70615
20,-4.32131,9.5251,1.15956
10,-4.32131,9.5251,1.15956
20,-4.5724,5.69858,-1.56409
10,-4.5724,5.69858,-1.56409
20,2.87587,5.2059,-2.86988
10,2.87587,5.2059,-2.86988
21,-0.127251,3.51464,-2.49102
21,-0.801435,3.53306,-2.35258
21,-0.793748,3.53875,-2.33935
21,-1.06336,3.65428,-2.08689
21,-0.970153,3.72215,-1.88519
21,-0.621316,3.56337,-2.49228
21,-0.973203,3.7461,-1.90312
21,-0.984411,3.75922,-1.88982
21,1.01986,3.66991,-2.48059
21,1.0113,3.6684,-2.49423
21,-1.09087,3.69641,-2.12066
21,1.01059,3.69903,-2.49949
21,-1.20126,3.70543,-2.34974
21,-1.0299,3.85476,-1.94388
21,-1.19982,3.7374,-2.38653
21,-1.73414,3.85671,-2.07479
21,0.0618946,3.86094,-2.40966
21,-1.1962,3.85645,-2.25564
21,-1.61001,3.82719,-2.34017
21,-1.09247,3.98722,-1.88374
21,0.0537492,3.88815,-2.41642
21,-1.68596,3.86675,-2.33077
21,-1.69968,3.88581,-2.27381
21,0.0606382,3.90835,-2.4392
21,-1.09691,4.04258,-1.89336
21,0.0655771,3.95898,-2.47294
21,-1.04636,4.21975,-1.85561
21,-0.858014,4.44068,-1.84813
21,-1.06775,4.43589,-1.94916
21,0.920916,4.34851,-2.88851
21,-0.64173,4.32333,-2.85603
21,0.863454,4.40054,-2.9277
21,-1.14102,4.67948,-1.76105
21,-0.777632,4.73062,-1.75579
21,0.890342,4.45714,-3.00214
21,1.0067,4.45925,-3.03374
21,0.923081,4.56149,-3.07466
21,0.978316,4.56242,-3.09156
21,-1.29368,4.87822,-1.83552
21,-0.785252,4.91591,-1.87711
21,0.3431,4.84526,-2.4116
21,-0.671122,4.64454,-3.10488
21,-1.14673,5.04333,-1.71246
21,-1.36508,4.99667,-1.88873
21,-1.36472,5.00369,-1.89193
21,-1.32887,5.10275,-1.75546
21,0.357375,4.96359,-2.49594
21,3.83351,4.97254,-3.00339
21,3.85614,4.99089,-3.02267
21,0.354343,5.0287,-2.48971
21,-1.18273,5.19312,-1.7712
21,-1.09695,5.19088,-1.80852
21,-1.09995,5.23416,-1.73468
21,3.91844,5.06096,-3.04635
21,-1.43156,5.22476,-1.82839
21,-0.46852,5.44953,-1.80849
21,0.929373,5.25583,-3.06259
21,0.810424,5.20282,-3.43423
21,0.941187,5.30517,-3.1093
21,-2.26269,5.56392,-1.86448
21,-0.886224,5.70009,-1.7005
21,-2.29951,5.60655,-1.89897
21,0.928847,5.38926,-3.16056
21,2.06732,5.52845,-2.98766
21,2.43454,5.54893,-3.08254
21,2.03273,5.6179,-2.79801
21,-1.15246,5.85801,-1.68556
21,-1.32572,5.84729,-1.70492
21,-1.07357,5.87655,-1.67611
21,-0.872454,5.83695,-1.86565
21,2.38072,5.68835,-2.84819
21,-1.2148,5.8883,-1.6733
21,1.01142,5.48907,-3.37973
21,-2.23609,5.80089,-1.90681
21,2.09996,5.62738,-3.12167
21,-1.32696,5.9011,-1.7155
21,-1.08794,5.96229,-1.67116
21,4.5493,6.05607,-2.12332
21,-1.45171,5.92148,-1.77319
21,-1.46309,5.94412,-1.78129
21,-1.25828,5.98615,-1.6817
21,1.42107,5.58924,-3.41992
21,-1.18945,5.99771,-1.68766
21,4.46627,5.93944,-2.87998
21,0.383619,5.62269,-3.4304
21,1.44048,5.67116,-3.45661
21,0.997681,5.71617,-3.36958
21,-1.22766,6.10747,-1.71551
21,2.07564,5.55723,-4.09443
21,3.33084,5.64922,-3.97757
21,2.15777,5.94994,-2.98143
21,-0.79771,5.77148,-3.21281
21,4.78074,6.27616,-2.26227
21,-1.31471,6.18919,-1.7697
21,2.19613,5.97758,-3.02095
21,0.661604,5.89254,-3.13242
21,2.11621,5.66032,-4.17442
21,2.15104,6.01243,-3.02165
21,4.59948,6.1506,-2.9824
21,2.18154,6.0456,-3.01739
21,2.78765,6.00229,-3.44898
21,2.8957,8.89368,-0.362848
15,2.8957,8.89368,-0.362848
21,3.90217,8.99434,-0.361994
15,3.90217,8.99434,-0.361994
21,2.39411,8.05035,-2.31667
15,2.39411,8.05035,-2.31667
21,0.901366,9.95607,-2.14424
15,0.901366,9.95607,-2.14424
21,0.166248,8.15305,-1.01063
15,0.166248,8.15305,-1.01063
21,2.76326,8.12207,-2.89907
15,2.76326,8.12207,-2.89907
21,-0.0326115,5.55118,-3.24454
15,-0.0326115,5.55118,-3.24454
21,3.11277,8.37951,-1.79353
15,3.11277,8.37951,-1.79353
21,3.29229,7.76916,-2.90598
15,3.29229,7.76916,-2.90598
21,4.41218,10.1348,-0.443522
15,4.41218,10.1348,-0.443522
21,1.15648,9.84484,-2.12395
15,1.15648,9.84484,-2.12395
21,2.36264,8.71807,-1.76944
15,2.36264,8.71807,-1.76944
21,2.83548,8.72842,-0.344801
15,2.83548,8.72842,-0.344801
21,-1.99113,11.2384,-1.94819
15,-1.99113,11.2384,-1.94819
21,0.272773,6.96009,-1.83895
15,0.272773,6.96009,-1.83895
21,3.12528,8.41139,-1.81092
15,3.12528,8.41139,-1.81092
21,1.32569,17.107,2.615
15,1.32569,17.107,2.615
21,0.927669,10.1041,-2.16317
15,0.927669,10.1041,-2.16317
21,0.15826,10.4324,-0.857094
15,0.15826,10.4324,-0.857094
21,3.06994,8.31908,-1.78127
15,3.06994,8.31908,-1.78127
21,-1.18789,24.7228,3.4579
15,-1.18789,24.7228,3.4579
21,3.79064,7.26575,-2.34967
15,3.79064,7.26575,-2.34967
21,4.77149,7.66053,-2.79696
15,4.77149,7.66053,-2.79696
21,2.44996,7.56692,-0.262236
15,2.44996,7.56692,-0.262236
21,-2.5726,10.4785,-0.318272
15,-2.5726,10.4785,-0.318272
21,-5.17696,10.812,1.36876
15,-5.17696,10.812,1.36876
21,2.28418,7.76015,-2.18489
15,2.28418,7.76015,-2.18489
21,0.324094,9.64447,-1.98505
15,0.324094,9.64447,-1.98505
21,0.0616141,10.754,-1.63828
15,0.0616141,10.754,-1.63828
21,2.47332,7.57581,-3.01987
15,2.47332,7.57581,-3.01987
21,2.24298,8.85682,-2.5939
15,2.24298,8.85682,-2.5939
21,4.44407,7.35478,-2.4222
15,4.44407,7.35478,-2.4222
21,0.769149,8.85192,-2.33564
15,0.769149,8.85192,-2.33564
21,1.30365,11.2741,-2.44929
15,1.30365,11.2741,-2.44929
21,2.58423,9.06489,-1.88095
15,2.58423,9.06489,-1.88095
21,-6.72551,20.7843,2.72525
15,-6.72551,20.7843,2.72525
21,-1.86699,10.4583,-1.79425
15,-1.86699,10.4583,-1.79425
21,-5.25806,8.3326,-0.393015
15,-5.25806,8.3326,-0.393015
21,3.8579,7.57494,-1.37998
15,3.8579,7.57494,-1.37998
21,2.57607,6.18262,-2.70602
15,2.57607,6.18262,-2.70602
21,3.87517,7.43919,-2.4157
15,3.87517,7.43919,-2.4157
21,-5.3701,16.485,2.19787
15,-5.3701,16.485,2.19787
21,0.0426841,10.227,-1.54029
15,0.0426841,10.227,-1.54029
21,-8.66987,13.4707,1.97858
15,-8.66987,13.4707,1.97858
21,1.02823,9.27031,-0.324241
15,1.02823,9.27031,-0.324241
21,-2.45047,9.75851,1.07465
15,-2.45047,9.75851,1.07465
21,0.786297,9.63368,-2.63105
15,0.786297,9.63368,-2.63105
21,-0.205937,5.62156,-1.61775
15,-0.205937,5.62156,-1.61775
21,0.357021,10.1681,-2.12102
10,0.357021,10.1681,-2.12102
21,3.17164,10.1184,-2.86379
10,3.17164,10.1184,-2.86379
21,3.50879,8.14137,-1.86498
10,3.50879,8.14137,-1.86498
21,0.620095,11.0882,-0.472168
10,0.620095,11.0882,-0.472168
21,2.18805,5.95765,-4.13891
10,2.18805,5.95765,-4.13891
21,-0.58663,9.09227,-2.58962
10,-0.58663,9.09227,-2.58962
21,1.74014,11.8804,-1.64848
10,1.74014,11.8804,-1.64848
21,-0.937328,9.99999,-1.98739
10,-0.937328,9.99999,-1.98739
21,0.496829,5.80066,-3.4531
10,0.496829,5.80066,-3.4531
21,3.03203,9.44587,-0.396705
10,3.03203,9.44587,-0.396705
21,2.6544,9.02843,-2.62356
10,2.6544,9.02843,-2.62356
21,0.36974,10.9476,-2.28976
10,0.36974,10.9476,-2.28976
21,1.49898,9.28766,-2.41018
10,1.49898,9.28766,-2.41018
21,2.20131,6.52048,-3.81714
10,2.20131,6.52048,-3.81714
21,3.15036,7.47791,-3.35263
10,3.15036,7.47791,-3.35263
21,4.21489,9.79495,-2.3265
10,4.21489,9.79495,-2.3265
21,2.44026,9.04529,-1.84517
10,2.44026,9.04529,-1.84517
21,-12.6032,17.7859,2.11059
10,-12.6032,17.7859,2.11059
21,-4.70778,8.57369,-0.70184
10,-4.70778,8.57369,-0.70184
21,-0.579685,7.74635,-2.1509
10,-0.579685,7.74635,-2.1509
21,-0.24348,7.3699,-1.37998
10,-0.24348,7.3699,-1.37998
21,4.3724,7.01085,-2.52223
10,4.3724,7.01085,-2.52223
21,5.24727,16.6693,-0.913845
10,5.24727,16.6693,-0.913845
21,-5.14499,7.41113,-1.96554
10,-5.14499,7.41113,-1.96554
21,5.01496,9.42258,-0.779879
10,5.01496,9.42258,-0.779879
21,1.27653,9.68488,-3.5824
10,1.27653,9.68488,-3.5824
21,-0.0672052,2.41433,-1.58983
6,-0.0672052,2.41433,-1.58983
21,0.308139,7.30877,-2.80469
6,0.308139,7.30877,-2.80469
21,2.38031,5.18494,-3.68741
6,2.38031,5.18494,-3.68741
21,0.173066,9.46811,-0.340568
6,0.173066,9.46811,-0.340568
21,-1.33946,10.2084,-2.48503
6,-1.33946,10.2084,-2.48503
21,0.275177,6.64018,-2.51324
6,0.275177,6.64018,-2.51324
21,-3.22459,13.563,1.30648
6,-3.22459,13.563,1.30648
21,2.62602,7.40492,-3.25071
6,2.62602,7.40492,-3.25071
21,3.7068,7.77353,-3.224
6,3.7068,7.77353,-3.224
21,-4.30644,8.32994,-1.94289
6,-4.30644,8.32994,-1.94289
21,-4.97849,10.1659,1.02924
6,-4.97849,10.1659,1.02924
21,4.54596,7.92288,-1.16699
6,4.54596,7.92288,-1.16699
21,1.35388,12.3506,-0.531322
6,1.35388,12.3506,-0.531322
21,1.48976,8.71885,-2.35926
6,1.48976,8.71885,-2.35926
21,3.24739,7.30272,-3.80765
11,3.24739,7.30272,-3.80765
21,2.28658,6.60615,-4.02474
11,2.28658,6.60615,-4.02474
21,0.604201,9.74092,-2.69362
11,0.604201,9.74092,-2.69362
21,-1.44801,5.72178,-1.5518
11,-1.44801,5.72178,-1.5518
21,-4.50807,12.8966,-0.571692
11,-4.50807,12.8966,-0.571692
21,0.537026,10.0785,-1.75766
11,0.537026,10.0785,-1.75766
21,3.2448,9.05612,-4.05604
11,3.2448,9.05612,-4.05604
21,1.8215,6.80295,-1.91446
11,1.8215,6.80295,-1.91446
21,-3.34542,13.7255,-0.503149
11,-3.34542,13.7255,-0.503149
21,-3.32311,13.5394,-0.480331
11,-3.32311,13.5394,-0.480331
21,-5.77538,10.4638,-0.160938
11,-5.77538,10.4638,-0.160938
21,3.0897,7.93653,-0.275632
11,3.0897,7.93653,-0.275632
21,0.640239,8.90225,-2.45149
7,0.640239,8.90225,-2.45149
21,0.615672,11.2193,-0.473473
7,0.615672,11.2193,-0.473473
21,2.27004,8.6009,-1.85723
7,2.27004,8.6009,-1.85723
21,1.98027,12.8248,1.6783
7,1.98027,12.8248,1.6783
21,-6.19934,19.221,2.48975
7,-6.19934,19.221,2.48975
21,0.482732,9.56845,-1.65125
7,0.482732,9.56845,-1.65125
21,0.217231,9.47612,-0.957985
7,0.217231,9.47612,-0.957985
21,-4.95944,8.54648,1.08881
7,-4.95944,8.54648,1.08881
21,0.605695,9.24726,-0.42113
7,0.605695,9.24726,-0.42113
21,-1.24562,8.87409,-2.15086
7,-1.24562,8.87409,-2.15086
21,-0.275933,4.34524,-2.957
7,-0.275933,4.34524,-2.957
21,-10.2171,22.424,2.64858
7,-10.2171,22.424,2.64858
21,-8.32976,14.2653,1.6257
7,-8.32976,14.2653,1.6257
21,-7.4785,12.898,1.51311
7,-7.4785,12.898,1.51311
21,-7.40057,12.6882,1.51003
7,-7.40057,12.6882,1.51003
21,2.80646,7.34431,-3.69272
17,2.80646,7.34431,-3.69272
21,-0.730858,3.99612,-1.6046
17,-0.730858,3.99612,-1.6046
21,-0.227876,7.95308,-1.8984
17,-0.227876,7.95308,-1.8984
21,-0.660679,5.64542,-1.52713
17,-0.660679,5.64542,-1.52713
21,-0.524389,12.0213,1.61041
17,-0.524389,12.0213,1.61041
21,-4.37228,17.2631,2.28735
17,-4.37228,17.2631,2.28735
21,3.10217,10.4936,1.38401
17,3.10217,10.4936,1.38401
21,1.43575,8.36078,-3.32297
17,1.43575,8.36078,-3.32297
21,-0.160881,9.33494,-1.48777
17,-0.160881,9.33494,-1.48777
21,3.62499,10.266,-0.465141
17,3.62499,10.266,-0.465141
21,-1.55283,13.7686,2.61777
17,-1.55283,13.7686,2.61777
21,1.87446,5.98428,-3.98673
17,1.87446,5.98428,-3.98673
21,3.70001,10.7266,-1.11783
17,3.70001,10.7266,-1.11783
21,0.774484,9.05888,0.412066
17,0.774484,9.05888,0.412066
21,-0.820626,20.5102,3.67323
17,-0.820626,20.5102,3.67323
21,2.33667,7.26755,-2.86389
17,2.33667,7.26755,-2.86389
21,-3.20303,15.8592,2.86429
17,-3.20303,15.8592,2.86429
21,0.604945,15.68,3.05534
17,0.604945,15.68,3.05534
21,2.04878,15.1385,2.95627
17,2.04878,15.1385,2.95627
21,0.633406,9.31075,1.83284
17,0.633406,9.31075,1.83284
21,-3.3268,12.8912,2.68901
17,-3.3268,12.8912,2.68901
21,-1.81016,15.8467,2.91641
17,-1.81016,15.8467,2.91641
21,-1.05737,18.1075,2.5626
17,-1.05737,18.1075,2.5626
21,-1.12024,14.4733,2.61842
17,-1.12024,14.4733,2.61842
21,0.705233,10.2098,1.97728
17,0.705233,10.2098,1.97728
21,-0.540002,3.32126,-1.1208
17,-0.540002,3.32126,-1.1208
21,-3.224,16.9228,2.39532
17,-3.224,16.9228,2.39532
21,-4.43601,11.6749,-1.9037
17,-4.43601,11.6749,-1.9037
21,0.938531,11.3602,1.93103
17,0.938531,11.3602,1.93103
21,-5.14145,7.92818,-1.67765
17,-5.14145,7.92818,-1.67765
21,-3.73,19.5609,2.69289
17,-3.73,19.5609,2.69289
21,-6.24371,12.9051,1.58331
17,-6.24371,12.9051,1.58331
21,1.19607,4.74728,-2.34974
17,1.19607,4.74728,-2.34974
21,-3.3614,14.5496,1.53548
17,-3.3614,14.5496,1.53548
21,5.96422,11.6027,-2.74819
17,5.96422,11.6027,-2.74819
21,-0.710592,4.00402,-2.85656
8,-0.710592,4.00402,-2.85656
21,-1.09029,11.6861,-2.38816
8,-1.09029,11.6861,-2.38816
21,-3.83534,18.4486,2.41194
8,-3.83534,18.4486,2.41194
21,2.69118,8.67906,-0.270095
8,2.69118,8.67906,-0.270095
21,3.92807,13.3101,-1.94707
8,3.92807,13.3101,-1.94707
21,-0.41373,12.2603,1.34594
8,-0.41373,12.2603,1.34594
21,-0.883197,11.539,1.15828
8,-0.883197,11.539,1.15828
21,-1.40055,18.809,3.31823
8,-1.40055,18.809,3.31823
21,1.89309,5.97787,-4.04212
8,1.89309,5.97787,-4.04212
21,0.234071,12.4909,-0.546392
8,0.234071,12.4909,-0.546392
21,-4.11033,16.3368,1.67414
8,-4.11033,16.3368,1.67414
21,-0.967648,10.305,-0.17802
8,-0.967648,10.305,-0.17802
21,-9.03341,19.7249,3.94638
8,-9.03341,19.7249,3.94638
21,-0.702624,9.5963,-2.75933
8,-0.702624,9.5963,-2.75933
21,-4.47727,13.5637,1.4083
8,-4.47727,13.5637,1.4083
21,-1.44199,7.62833,-1.20994
8,-1.44199,7.62833,-1.20994
21,-4.25592,7.86801,-1.84694
8,-4.25592,7.86801,-1.84694
21,0.709002,6.23299,-3.38403
8,0.709002,6.23299,-3.38403
21,2.94015,10.1903,-2.99899
8,2.94015,10.1903,-2.99899
21,-5.68346,8.85966,-0.888917
8,-5.68346,8.85966,-0.888917
21,-2.03256,5.06035,-1.67192
8,-2.03256,5.06035,-1.67192
21,-0.305657,8.92808,-2.13843
9,-0.305657,8.92808,-2.13843
21,1.47371,9.46536,-3.11191
9,1.47371,9.46536,-3.11191
21,-1.49487,9.40423,-2.22803
9,-1.49487,9.40423,-2.22803
21,0.358271,7.66219,-2.2992
9,0.358271,7.66219,-2.2992
21,3.63923,9.09623,-0.313153
9,3.63923,9.09623,-0.313153
21,3.72015,9.724,-0.427747
9,3.72015,9.724,-0.427747
21,-4.78394,18.8862,2.47189
9,-4.78394,18.8862,2.47189
21,5.76404,13.82,2.42185
9,5.76404,13.82,2.42185
21,-5.65524,15.022,2.89717
9,-5.65524,15.022,2.89717
21,2.29783,17.2697,3.28572
9,2.29783,17.2697,3.28572
21,1.96129,16.7302,2.68349
9,1.96129,16.7302,2.68349
21,-2.40346,13.2122,1.52246
9,-2.40346,13.2122,1.52246
21,1.7596,6.74717,-3.56717
9,1.7596,6.74717,-3.56717
21,-5.51349,8.4283,-0.824259
9,-5.51349,8.4283,-0.824259
21,-5.84177,18.2048,2.38658
9,-5.84177,18.2048,2.38658
21,3.90849,11.2268,-1.21183
19,3.90849,11.2268,-1.21183
21,1.03309,11.7724,1.40879
19,1.03309,11.7724,1.40879
21,2.08827,10.5126,1.32749
19,2.08827,10.5126,1.32749
21,8.11335,18.0059,3.14768
19,8.11335,18.0059,3.14768
21,0.393455,7.84959,-2.13796
19,0.393455,7.84959,-2.13796
21,1.81015,5.20417,-3.10482
19,1.81015,5.20417,-3.10482
21,3.194,7.5713,-3.39351
19,3.194,7.5713,-3.39351
21,3.95779,9.15156,-0.366684
19,3.95779,9.15156,-0.366684
21,1.91959,14.3546,2.34672
19,1.91959,14.3546,2.34672
21,-0.520691,14.4523,2.64723
19,-0.520691,14.4523,2.64723
21,5.5098,11.1726,1.82883
19,5.5098,11.1726,1.82883
21,1.92782,7.52809,-3.9805
19,1.92782,7.52809,-3.9805
21,0.140265,8.49641,-0.618152
19,0.140265,8.49641,-0.618152
21,0.187287,10.8702,-0.913991
19,0.187287,10.8702,-0.913991
22,0.337697,0.629786,-0.0694888
22,0.579155,3.43128,0.778569
22,0.451357,3.28172,0.0917087
22,-0.517172,3.09935,-2.11326
22,0.192066,3.07651,-2.22732
22,0.210159,3.08593,-2.2342
22,0.204907,3.06712,-2.32402
22,-1.9019,4.0641,0.592928
22,0.272204,3.16978,-2.35587
22,2.57802,3.21556,-1.95449
22,-0.104472,3.30909,-2.33116
22,-0.108284,3.38486,-2.36836
22,0.0777438,4.12466,-0.164167
22,-0.765202,4.46626,0.54929
22,0.188198,4.27072,0.0220507
22,2.27784,4.16393,-0.170825
22,-0.840773,3.57986,-2.49739
22,1.01898,3.51496,-2.64567
22,0.0671284,3.69023,-2.28688
22,0.0684468,3.70006,-2.29039
22,1.0283,3.5508,-2.66962
22,0.0741737,3.75244,-2.32573
22,-1.12825,3.85438,-2.21169
22,0.0683015,3.77691,-2.34406
22,-0.524393,3.80895,-2.49632
22,1.02048,3.75491,-2.55091
22,1.03852,3.7716,-2.56835
22,0.743629,3.91275,-2.20257
22,-1.15125,3.97866,-2.28318
22,-1.03342,4.03797,-2.10417
22,1.03696,3.88421,-2.64259
22,-1.11928,4.17485,-2.09891
22,-0.337809,3.92481,-2.8753
22,0.386851,4.12926,-2.19748
22,-0.342217,3.93435,-2.92203
22,1.64153,4.11878,-2.10381
22,3.1287,4.01881,-2.34591
22,-0.0951091,4.68217,-0.787329
22,0.168291,4.91336,-0.0306627
22,2.44504,4.05536,-2.81516
22,-0.505932,4.15597,-3.06594
22,3.44075,4.42791,-1.7431
22,1.37424,4.1281,-3.34672
22,-2.08693,4.5907,-2.5193
22,1.97221,4.9571,-0.964056
22,-0.127568,5.17864,-0.897787
22,0.413363,4.66771,-2.59166
22,-0.537466,4.47969,-3.36239
22,-0.724589,5.05285,-1.55076
22,-2.21796,4.82119,-2.67854
22,-0.151707,4.74507,-2.81211
22,-0.869011,5.08995,-1.91142
22,0.684388,5.61269,-0.0663157
22,-0.598209,5.26007,-1.36199
22,0.174759,5.63809,-0.0746471
22,-0.835595,5.29592,-1.34509
22,3.12732,5.3904,-0.707165
22,2.25352,5.6466,-0.107216
22,-0.86608,5.22833,-1.96542
22,1.86958,4.95177,-2.63414
22,-0.8347,5.27971,-1.93358
22,-0.145516,5.55439,-0.992495
22,1.57031,4.96147,-2.76954
22,1.56499,4.75422,-3.58814
22,1.88514,5.1361,-2.48847
22,0.299192,5.02515,-3.03533
22,-0.917507,5.13995,-2.80829
22,-0.567355,5.56253,-1.44738
22,0.0968818,5.19816,-2.55239
22,1.89072,5.14949,-2.5242
22,3.86521,5.09467,-2.49085
22,2.13434,5.6037,-1.09916
22,-0.576983,5.59592,-1.46036
22,1.59231,4.9675,-3.28107
22,4.11842,5.37606,-1.90432
22,3.93145,5.20818,-2.48474
22,4.1511,5.39372,-1.90274
22,3.98864,5.19068,-2.69361
22,4.00625,5.19411,-2.75383
22,4.19197,5.45913,-1.9213
22,3.84279,5.1349,-3.02
22,-2.35334,5.71338,-1.92906
22,1.62166,5.13998,-3.49658
22,1.96118,5.4125,-2.6815
22,1.68461,5.09395,-3.8915
22,4.10446,5.44739,-2.59094
22,4.15898,5.41284,-2.83639
22,2.89864,6.06208,-1.04709
22,0.541701,5.45844,-3.58938
22,4.23295,5.54582,-2.89976
22,-1.23894,6.17775,-1.60445
22,-0.65188,6.26463,-1.46911
22,3.0122,6.29744,-1.10055
22,-1.80128,7.10981,0.856024
22,1.95279,5.33188,-4.44845
22,-2.06736,6.29185,-1.90707
22,-1.32447,6.33487,-1.82497
22,-2.09669,6.34137,-1.92387
22,3.42116,8.03543,-3.62179
10,3.42116,8.03543,-3.62179
22,1.13094,11.2717,-0.491231
10,1.13094,11.2717,-0.491231
22,2.83776,8.18739,-3.60413
10,2.83776,8.18739,-3.60413
22,-1.97408,11.1728,-2.71102
10,-1.97408,11.1728,-2.71102
22,-0.562286,6.44102,-1.86691
10,-0.562286,6.44102,-1.86691
22,-0.275697,12.3968,-2.07602
10,-0.275697,12.3968,-2.07602
22,-0.663752,4.22167,-2.15994
10,-0.663752,4.22167,-2.15994
22,-0.891744,3.94054,-1.83395
10,-0.891744,3.94054,-1.83395
22,2.8385,9.54663,-2.80956
10,2.8385,9.54663,-2.80956
22,0.409337,5.33262,-2.90621
10,0.409337,5.33262,-2.90621
22,2.43453,9.7016,-2.88572
10,2.43453,9.7016,-2.88572
22,-1.19085,10.5103,-2.71628
10,-1.19085,10.5103,-2.71628
22,-1.20425,4.37041,-2.0208
10,-1.20425,4.37041,-2.0208
22,-0.928729,4.10798,-1.92526
10,-0.928729,4.10798,-1.92526
22,1.26052,10.9271,-2.38669
10,1.26052,10.9271,-2.38669
22,1.69979,11.6251,-1.60933
10,1.69979,11.6251,-1.60933
22,1.81412,9.14749,-3.49373
10,1.81412,9.14749,-3.49373
22,-1.55461,10.3608,-2.3123
10,-1.55461,10.3608,-2.3123
22,0.62597,2.907,-2.18878
10,0.62597,2.907,-2.18878
22,2.66138,8.96528,-2.61875
10,2.66138,8.96528,-2.61875
22,-0.0712343,8.81343,-2.6299
10,-0.0712343,8.81343,-2.6299
22,-2.21782,11.7512,-1.2833
10,-2.21782,11.7512,-1.2833
22,1.47713,8.08339,-2.23896
10,1.47713,8.08339,-2.23896
22,1.8193,5.23229,-2.99951
10,1.8193,5.23229,-2.99951
22,2.6134,8.09554,-3.248
10,2.6134,8.09554,-3.248
22,0.873823,8.75955,-2.99414
10,0.873823,8.75955,-2.99414
22,-0.0906705,8.41243,-2.02056
10,-0.0906705,8.41243,-2.02056
22,1.87738,8.19814,-3.01269
10,1.87738,8.19814,-3.01269
22,1.05641,8.47892,-2.42122
10,1.05641,8.47892,-2.42122
22,3.75833,7.20375,-2.3196
10,3.75833,7.20375,-2.3196
22,1.2353,9.30564,-3.47728
10,1.2353,9.30564,-3.47728
22,-4.66007,8.96064,-2.12876
10,-4.66007,8.96064,-2.12876
22,2.33356,9.3846,-2.75908
10,2.33356,9.3846,-2.75908
22,0.299356,8.87465,-1.79883
10,0.299356,8.87465,-1.79883
22,0.540966,11.79,-1.0255
10,0.540966,11.79,-1.0255
22,1.16793,10.1082,-2.16741
10,1.16793,10.1082,-2.16741
22,-6.9255,14.4236,1.73162
10,-6.9255,14.4236,1.73162
22,-0.30409,9.21164,-2.18348
10,-0.30409,9.21164,-2.18348
22,-2.78715,10.2364,-2.77059
10,-2.78715,10.2364,-2.77059
22,3.25172,5.50353,-3.94841
10,3.25172,5.50353,-3.94841
22,2.06105,8.39255,-2.4235
10,2.06105,8.39255,-2.4235
22,-1.02217,4.93446,-1.35039
10,-1.02217,4.93446,-1.35039
22,-2.6845,9.85561,-2.64397
10,-2.6845,9.85561,-2.64397
22,-0.696676,5.99794,-1.59972
10,-0.696676,5.99794,-1.59972
22,0.159024,11.1082,-0.942583
10,0.159024,11.1082,-0.942583
22,-0.0737134,3.37322,-2.36473
6,-0.0737134,3.37322,-2.36473
22,5.39989,10.523,-2.06782
6,5.39989,10.523,-2.06782
22,4.11434,8.60941,-3.60837
6,4.11434,8.60941,-3.60837
22,-0.877051,5.71933,-1.70092
6,-0.877051,5.71933,-1.70092
22,0.605664,9.14993,-3.18179
6,0.605664,9.14993,-3.18179
22,1.61717,7.08482,-2.55045
6,1.61717,7.08482,-2.55045
22,-0.0752965,3.62407,-2.55755
6,-0.0752965,3.62407,-2.55755
22,3.89627,8.16861,-3.39606
6,3.89627,8.16861,-3.39606
22,0.20984,9.24461,-1.91152
6,0.20984,9.24461,-1.91152
22,-0.84231,3.1167,-1.49457
6,-0.84231,3.1167,-1.49457
22,-0.974214,3.62006,-1.78314
6,-0.974214,3.62006,-1.78314
22,2.55924,7.56136,-3.04172
6,2.55924,7.56136,-3.04172
22,0.187431,8.31449,-1.70669
6,0.187431,8.31449,-1.70669
22,-0.644859,4.22364,-1.56814
6,-0.644859,4.22364,-1.56814
22,9.22889,15.8882,-2.62911
6,9.22889,15.8882,-2.62911
22,1.765,8.66399,-3.26213
6,1.765,8.66399,-3.26213
22,-0.341616,10.5989,-2.1407
6,-0.341616,10.5989,-2.1407
22,-2.425,8.51134,-2.34519
6,-2.425,8.51134,-2.34519
22,4.81541,8.37509,-1.25755
6,4.81541,8.37509,-1.25755
22,-1.68458,9.36304,-1.5865
6,-1.68458,9.36304,-1.5865
22,4.68731,13.6265,-1.54742
6,4.68731,13.6265,-1.54742
22,-4.13339,16.3939,1.60443
6,-4.13339,16.3939,1.60443
22,0.276605,10.4993,-0.358087
6,0.276605,10.4993,-0.358087
22,0.477548,3.05398,-2.27107
7,0.477548,3.05398,-2.27107
22,0.217395,9.89212,-0.874688
7,0.217395,9.89212,-0.874688
22,5.6032,10.8894,-2.1612
7,5.6032,10.8894,-2.1612
22,0.475021,3.03607,-2.2524
7,0.475021,3.03607,-2.2524
22,-0.495934,3.7993,-2.84838
7,-0.495934,3.7993,-2.84838
22,-0.682253,5.53421,-1.77501
7,-0.682253,5.53421,-1.77501
22,-1.27322,8.85281,-2.17468
7,-1.27322,8.85281,-2.17468
22,2.55005,5.78391,-3.27552
7,2.55005,5.78391,-3.27552
22,-2.0567,5.62228,-1.74149
7,-2.0567,5.62228,-1.74149
22,-1.59627,5.85202,-1.65352
7,-1.59627,5.85202,-1.65352
22,6.50641,10.0726,-4.54723
7,6.50641,10.0726,-4.54723
22,-0.86848,11.753,-3.47839
7,-0.86848,11.753,-3.47839
22,3.09198,7.38803,-3.29816
7,3.09198,7.38803,-3.29816
22,-2.62561,13.2209,-2.49388
7,-2.62561,13.2209,-2.49388
22,4.08435,8.65104,-3.6159
7,4.08435,8.65104,-3.6159
22,4.4205,12.706,-1.51322
16,4.4205,12.706,-1.51322
22,-0.104728,9.92879,-3.0259
16,-0.104728,9.92879,-3.0259
22,0.6085,9.36924,-3.2655
16,0.6085,9.36924,-3.2655
22,0.66704,16.5066,2.85134
16,0.66704,16.5066,2.85134
22,2.67877,8.25499,-3.3172
16,2.67877,8.25499,-3.3172
22,-0.79799,4.45715,-1.68711
16,-0.79799,4.45715,-1.68711
22,2.25747,11.1464,-3.71108
16,2.25747,11.1464,-3.71108
22,-0.537104,5.02318,-1.50012
16,-0.537104,5.02318,-1.50012
22,2.59034,5.85503,-3.29146
16,2.59034,5.85503,-3.29146
22,-3.973,7.99642,0.127965
16,-3.973,7.99642,0.127965
22,2.21162,6.35734,-3.87763
16,2.21162,6.35734,-3.87763
22,-5.69856,12.4531,1.51671
16,-5.69856,12.4531,1.51671
22,-3.5558,15.5906,1.65746
16,-3.5558,15.5906,1.65746
22,3.20342,7.21175,-3.75464
11,3.20342,7.21175,-3.75464
22,3.01121,10.4214,-0.470667
11,3.01121,10.4214,-0.470667
22,1.2325,8.94808,-2.55531
11,1.2325,8.94808,-2.55531
22,0.143153,9.56892,-0.748024
11,0.143153,9.56892,-0.748024
22,0.193652,11.5785,-0.482425
11,0.193652,11.5785,-0.482425
22,0.391752,5.72889,-2.90712
11,0.391752,5.72889,-2.90712
22,0.416114,7.8228,-2.98911
11,0.416114,7.8228,-2.98911
22,2.38032,5.17347,-3.46878
11,2.38032,5.17347,-3.46878
22,2.14104,6.08074,-2.98775
11,2.14104,6.08074,-2.98775
22,2.53547,5.50223,-3.7045
11,2.53547,5.50223,-3.7045
22,2.02547,12.6343,0.680434
11,2.02547,12.6343,0.680434
22,1.75482,6.2921,-2.53798
11,1.75482,6.2921,-2.53798
22,3.08689,12.2557,1.67079
11,3.08689,12.2557,1.67079
22,3.36857,7.63019,-3.97174
11,3.36857,7.63019,-3.97174
22,3.90566,12.115,-4.18678
11,3.90566,12.115,-4.18678
22,-0.768979,4.38497,-1.65789
11,-0.768979,4.38497,-1.65789
22,2.70348,9.456,-2.01691
11,2.70348,9.456,-2.01691
22,0.357811,10.3721,-2.07533
11,0.357811,10.3721,-2.07533
22,-3.14715,12.8086,-0.458776
11,-3.14715,12.8086,-0.458776
22,-3.62115,14.57,-0.501717
11,-3.62115,14.57,-0.501717
22,1.12022,9.38332,-2.73168
20,1.12022,9.38332,-2.73168
22,0.900793,9.83176,-2.63408
20,0.900793,9.83176,-2.63408
22,-0.661808,5.27932,-1.38117
20,-0.661808,5.27932,-1.38117
22,-1.09219,5.89555,-1.59071
20,-1.09219,5.89555,-1.59071
22,0.326009,7.80559,-3.00844
20,0.326009,7.80559,-3.00844
22,-4.23724,17.6546,1.53779
20,-4.23724,17.6546,1.53779
22,5.19399,9.71905,1.71545
20,5.19399,9.71905,1.71545
22,-5.11989,20.0928,2.59865
20,-5.11989,20.0928,2.59865
22,-3.14613,12.7262,-3.4042
20,-3.14613,12.7262,-3.4042
22,-1.0914,3.69286,-1.78246
20,-1.0914,3.69286,-1.78246
22,-3.21974,14.9021,2.70436
20,-3.21974,14.9021,2.70436
22,0.94843,10.7025,-2.32819
20,0.94843,10.7025,-2.32819
22,0.358148,8.16726,-3.1481
20,0.358148,8.16726,-3.1481
22,0.0609798,9.45263,-1.41881
20,0.0609798,9.45263,-1.41881
22,-3.25739,13.2202,-3.46179
20,-3.25739,13.2202,-3.46179
22,4.25045,8.12217,-2.96793
17,4.25045,8.12217,-2.96793
22,1.01241,5.67046,-3.34899
17,1.01241,5.67046,-3.34899
22,2.09091,6.54555,-3.27434
17,2.09091,6.54555,-3.27434
22,0.365749,9.17765,-1.73501
17,0.365749,9.17765,-1.73501
22,-0.973191,3.90783,-1.64694
17,-0.973191,3.90783,-1.64694
22,-0.998338,22.9431,4.02025
17,-0.998338,22.9431,4.02025
22,-1.13995,5.81,-1.65553
17,-1.13995,5.81,-1.65553
22,-4.64016,9.76335,-1.73746
17,-4.64016,9.76335,-1.73746
22,-4.45108,8.27521,-1.95657
17,-4.45108,8.27521,-1.95657
22,4.04164,7.92212,-4.57656
17,4.04164,7.92212,-4.57656
22,3.65409,13.3664,0.463983
8,3.65409,13.3664,0.463983
22,4.23561,8.13203,-2.64743
8,4.23561,8.13203,-2.64743
22,-3.1674,16.0572,1.07535
8,-3.1674,16.0572,1.07535
22,2.58767,9.77628,-2.89799
8,2.58767,9.77628,-2.89799
22,-2.80815,11.4789,-3.0156
8,-2.80815,11.4789,-3.0156
22,-1.40377,12.8631,2.40847
8,-1.40377,12.8631,2.40847
22,-4.22659,11.1139,-1.81025
8,-4.22659,11.1139,-1.81025
22,-1.92186,10.8892,-1.86244
8,-1.92186,10.8892,-1.86244
22,-4.60584,18.2119,1.84984
8,-4.60584,18.2119,1.84984
22,-6.60222,19.7623,3.22182
8,-6.60222,19.7623,3.22182
22,-2.85046,9.94376,-2.77713
8,-2.85046,9.94376,-2.77713
22,2.26211,6.21824,-4.35326
8,2.26211,6.21824,-4.35326
22,4.3348,11.505,-2.59465
8,4.3348,11.505,-2.59465
22,-0.340967,4.98084,-1.54437
8,-0.340967,4.98084,-1.54437
22,2.00297,8.52483,-1.88439
8,2.00297,8.52483,-1.88439
22,2.38237,6.75251,-3.97422
9,2.38237,6.75251,-3.97422
22,-1.27807,12.1765,0.208646
9,-1.27807,12.1765,0.208646
22,3.95559,7.58695,-2.4417
9,3.95559,7.58695,-2.4417
22,4.26911,19.5389,3.16314
9,4.26911,19.5389,3.16314
22,-1.87791,12.4039,-2.0938
9,-1.87791,12.4039,-2.0938
22,0.446916,8.67326,-1.45539
9,0.446916,8.67326,-1.45539
22,0.511604,10.3567,-1.8001
9,0.511604,10.3567,-1.8001
22,-0.472372,8.19426,-2.37828
9,-0.472372,8.19426,-2.37828
22,-1.83975,12.2534,-2.04242
9,-1.83975,12.2534,-2.04242
22,1.26078,7.88962,-2.49341
9,1.26078,7.88962,-2.49341
22,0.475582,9.62824,-1.63399
9,0.475582,9.62824,-1.63399
22,-5.02912,9.13278,-0.773497
9,-5.02912,9.13278,-0.773497
22,-6.12811,12.6299,1.57338
9,-6.12811,12.6299,1.57338
22,-1.14821,7.21433,-0.0204405
19,-1.14821,7.21433,-0.0204405
22,0.807009,6.71536,-3.51463
19,0.807009,6.71536,-3.51463
22,1.12334,9.01721,-2.58932
19,1.12334,9.01721,-2.58932
22,-2.58891,15.1661,-2.02699
19,-2.58891,15.1661,-2.02699
23,0.0508514,0.465093,-0.0563501
23,0.0516766,0.465714,-0.0610468
23,0.241547,0.471182,-0.10908
23,1.32518,1.25856,-0.61276
23,1.41656,1.31015,-0.670028
23,1.49901,1.27419,-0.778904
23,1.49692,1.328,-0.76919
23,1.50241,1.33607,-0.773263
23,1.24903,1.38679,-0.819148
23,1.34009,1.37717,-0.904804
23,1.06463,1.41778,-0.985485
23,1.05912,1.41796,-0.98898
23,1.29263,1.43006,-0.877674
23,-0.647341,3.07089,-2.013
23,-0.64859,3.08403,-2.02709
23,-0.672748,3.13237,-2.05833
23,1.41082,2.81256,-2.33107
23,-0.445963,3.10616,-2.09932
23,-1.36038,3.30979,-1.99107
23,0.242419,3.09787,-2.28917
23,0.310052,3.07692,-2.36718
23,0.260169,3.12241,-2.29845
23,0.261963,3.1271,-2.30489
23,0.312788,3.12308,-2.41157
23,-0.0298894,3.20551,-2.28603
23,0.268673,3.16178,-2.35734
23,-0.12266,3.26431,-2.27184
23,-0.095088,3.2713,-2.28121
23,-0.158874,3.43975,-2.29729
23,0.886068,3.25453,-2.5328
23,-0.183447,3.46812,-2.31592
23,0.900448,3.28924,-2.55764
23,0.923617,3.32491,-2.53725
23,-1.09012,3.73707,-2.14581
23,0.923421,3.36738,-2.61344
23,0.913112,3.38149,-2.62063
23,0.970435,3.41018,-2.66933
23,0.0823554,3.67399,-2.28917
23,0.0794137,3.71171,-2.30534
23,0.0811531,3.71897,-2.31333
23,3.78009,3.16102,-2.81812
23,-0.375655,4.92497,0.896129
23,0.0785713,3.7854,-2.36004
23,0.997503,3.70837,-2.51821
23,1.05577,3.63291,-2.75504
23,2.86234,3.70117,-2.03128
23,1.02819,3.7832,-2.57612
23,1.03147,3.78897,-2.57607
23,1.00922,3.83296,-2.61134
23,1.5706,3.96378,-2.09067
23,0.730795,4.08673,-2.41764
23,-0.67277,4.49361,-1.71083
23,1.07718,3.87304,-3.069
23,1.03064,3.99719,-2.71986
23,0.79115,4.14493,-2.37539
23,-1.20599,4.41863,-2.25504
23,0.181799,4.36407,-2.20096
23,-0.335178,4.69195,-1.47293
23,-1.48816,4.39779,-2.82208
23,-0.710339,4.90451,-1.27979
23,-1.03435,4.80222,-1.70218
23,0.774954,4.47598,-2.67597
23,-1.81387,5.22481,-1.59191
23,-0.603778,4.76423,-2.57689
23,2.03088,5.05827,-0.957089
23,1.42619,4.30479,-3.50391
23,1.80059,4.62459,-2.53766
23,1.65749,4.31263,-3.5924
23,1.19717,4.5694,-3.05398
23,-1.95134,5.3994,-1.69486
23,-0.546364,6.19886,1.07371
23,0.94697,4.66401,-3.14056
23,1.69291,4.40309,-3.67793
23,0.971153,4.6751,-3.13155
23,0.97705,4.69711,-3.15375
23,3.49656,4.60255,-2.69094
23,-0.458391,5.38338,-1.77776
23,3.00741,5.57226,-0.365252
23,-0.933427,5.44571,-2.06345
23,-0.979305,5.46237,-2.06389
23,-0.941648,5.47084,-2.05694
23,-0.651486,5.70344,-1.52354
23,-2.24091,5.81977,-1.83213
23,1.0355,4.98765,-3.34053
23,3.12014,5.79135,-0.388138
23,-0.178715,5.27805,-3.17138
23,-2.3366,5.98317,-1.8965
23,3.78642,5.05967,-2.69833
23,0.862065,5.15041,-3.45075
23,1.71647,5.16071,-3.17594
23,0.0872725,5.48288,-2.79414
23,4.14067,5.40363,-1.89268
23,-2.53027,6.09138,-2.09736
23,1.67189,5.20143,-3.44531
23,3.86998,5.12239,-3.02284
23,0.87779,5.33747,-3.57366
23,0.191676,6.5947,-0.159306
23,3.94266,5.22071,-3.08054
23,0.377994,5.56255,-3.30393
23,-2.6119,6.30106,-2.14926
23,0.88092,5.41077,-3.63601
23,-2.53477,6.33303,-2.04912
23,1.70347,5.33324,-3.65261
23,4.1392,5.35847,-2.84274
23,4.16104,5.39957,-2.85841
23,2.55566,6.49611,-0.194913
23,2.55237,6.50731,-0.188809
23,0.713028,5.57623,-3.67644
23,3.62312,6.24991,-0.862364
23,1.20306,8.64835,-2.40887
10,1.20306,8.64835,-2.40887
23,2.69497,10.0128,-2.07458
10,2.69497,10.0128,-2.07458
23,3.36961,8.74402,-3.55263
10,3.36961,8.74402,-3.55263
23,0.0545865,9.98031,-1.65894
10,0.0545865,9.98031,-1.65894
23,-0.145684,6.23398,-1.79643
10,-0.145684,6.23398,-1.79643
23,0.570277,8.37928,-3.09975
10,0.570277,8.37928,-3.09975
23,3.46495,10.7409,-0.495341
10,3.46495,10.7409,-0.495341
23,2.57373,8.67343,-2.52812
10,2.57373,8.67343,-2.52812
23,3.00493,9.72419,-0.410395
10,3.00493,9.72419,-0.410395
23,0.348849,6.05821,-3.07164
10,0.348849,6.05821,-3.07164
23,1.53363,9.45716,-2.45637
10,1.53363,9.45716,-2.45637
23,1.18304,9.97187,-2.16226
10,1.18304,9.97187,-2.16226
23,1.72479,8.704,-3.31492
10,1.72479,8.704,-3.31492
23,2.57581,8.68142,-2.52007
10,2.57581,8.68142,-2.52007
23,2.4735,5.92822,-3.16634
10,2.4735,5.92822,-3.16634
23,3.54708,8.03714,-4.15829
10,3.54708,8.03714,-4.15829
23,0.738346,4.86412,-3.85249
10,0.738346,4.86412,-3.85249
23,4.61523,10.6575,-1.08109
10,4.61523,10.6575,-1.08109
23,1.64814,11.2822,-1.54892
10,1.64814,11.2822,-1.54892
23,-0.85627,3.7833,-1.75201
10,-0.85627,3.7833,-1.75201
23,-0.135389,5.64358,-1.59472
10,-0.135389,5.64358,-1.59472
23,3.28873,10.2041,-0.460124
10,3.28873,10.2041,-0.460124
23,1.281,4.26563,-3.37764
10,1.281,4.26563,-3.37764
23,2.69988,7.94783,-3.20586
10,2.69988,7.94783,-3.20586
23,5.89872,10.7011,1.37838
10,5.89872,10.7011,1.37838
23,-0.869561,3.82454,-1.76951
10,-0.869561,3.82454,-1.76951
23,3.02754,9.14315,-1.95177
10,3.02754,9.14315,-1.95177
23,1.60958,8.85586,-2.49264
10,1.60958,8.85586,-2.49264
23,0.327165,9.90681,-2.08209
10,0.327165,9.90681,-2.08209
23,4.02906,7.70519,-2.51898
10,4.02906,7.70519,-2.51898
23,-2.99664,12.3067,-0.450333
10,-2.99664,12.3067,-0.450333
23,0.30772,9.15164,-1.86616
10,0.30772,9.15164,-1.86616
23,2.31932,9.32167,-2.74789
10,2.31932,9.32167,-2.74789
23,2.60624,8.84861,-2.53721
10,2.60624,8.84861,-2.53721
23,3.84424,6.92734,-3.94577
10,3.84424,6.92734,-3.94577
23,1.4214,8.59209,-2.36413
10,1.4214,8.59209,-2.36413
23,1.42324,8.60239,-2.355
10,1.42324,8.60239,-2.355
23,2.02325,8.74094,-3.35836
6,2.02325,8.74094,-3.35836
23,2.83781,9.82492,-0.435355
6,2.83781,9.82492,-0.435355
23,1.89765,8.92124,-2.66724
6,1.89765,8.92124,-2.66724
23,-0.240852,5.59859,-1.66571
6,-0.240852,5.59859,-1.66571
23,2.62129,8.75989,-2.46078
6,2.62129,8.75989,-2.46078
23,-0.819325,5.33362,-1.56833
6,-0.819325,5.33362,-1.56833
23,-0.798142,3.58051,-2.39856
6,-0.798142,3.58051,-2.39856
23,5.51069,8.43037,-4.03408
6,5.51069,8.43037,-4.03408
23,-0.0703517,2.85492,-1.95041
6,-0.0703517,2.85492,-1.95041
23,0.389611,5.63722,-3.42419
6,0.389611,5.63722,-3.42419
23,-2.0032,5.95016,-1.82109
6,-2.0032,5.95016,-1.82109
23,1.20623,7.41883,-1.98642
6,1.20623,7.41883,-1.98642
23,1.33572,4.53567,-3.58041
6,1.33572,4.53567,-3.58041
23,1.74353,8.57404,-3.21347
6,1.74353,8.57404,-3.21347
23,0.93875,8.80076,-0.302824
6,0.93875,8.80076,-0.302824
23,-5.17564,20.4116,2.02697
6,-5.17564,20.4116,2.02697
23,0.230172,8.94653,-0.278866
6,0.230172,8.94653,-0.278866
23,2.24344,9.62871,-2.19269
6,2.24344,9.62871,-2.19269
23,5.72342,9.9216,-1.53038
6,5.72342,9.9216,-1.53038
23,-4.65655,18.4677,1.76816
6,-4.65655,18.4677,1.76816
23,1.5143,9.94974,-2.83718
21,1.5143,9.94974,-2.83718
23,3.82443,8.79262,-0.344336
21,3.82443,8.79262,-0.344336
23,0.111014,9.61736,-1.50377
21,0.111014,9.61736,-1.50377
23,-0.061467,8.23398,-1.97536
21,-0.061467,8.23398,-1.97536
23,5.55452,8.45108,-0.845068
21,5.55452,8.45108,-0.845068
23,3.72826,7.14195,-4.1755
21,3.72826,7.14195,-4.1755
23,3.99097,7.71971,-3.14422
21,3.99097,7.71971,-3.14422
23,3.97278,9.11758,-0.361496
21,3.97278,9.11758,-0.361496
23,12.5972,18.6954,0.684372
21,12.5972,18.6954,0.684372
23,5.92355,12.028,1.93091
21,5.92355,12.028,1.93091
23,0.90756,9.90248,-2.12146
21,0.90756,9.90248,-2.12146
23,2.14013,4.81946,-2.66209
21,2.14013,4.81946,-2.66209
23,5.44016,8.18108,-2.25242
21,5.44016,8.18108,-2.25242
23,8.69755,13.4716,0.561014
21,8.69755,13.4716,0.561014
23,7.96251,11.0794,-2.07861
21,7.96251,11.0794,-2.07861
23,3.2519,10.1508,-4.14766
21,3.2519,10.1508,-4.14766
23,-1.30063,6.3065,-1.81161
21,-1.30063,6.3065,-1.81161
23,-0.0843069,8.96675,-2.17382
21,-0.0843069,8.96675,-2.17382
23,2.30958,5.20809,-2.9116
21,2.30958,5.20809,-2.9116
23,-0.648257,14.1032,2.08148
21,-0.648257,14.1032,2.08148
23,7.91091,12.1452,0.520915
21,7.91091,12.1452,0.520915
23,2.41185,8.45326,-1.73353
21,2.41185,8.45326,-1.73353
23,-1.28819,6.08564,-1.73217
21,-1.28819,6.08564,-1.73217
23,-0.154398,5.58243,-1.57642
21,-0.154398,5.58243,-1.57642
23,2.21292,6.93588,-0.184191
21,2.21292,6.93588,-0.184191
23,0.963636,10.8005,-2.34685
7,0.963636,10.8005,-2.34685
23,0.826798,9.38877,-1.9942
7,0.826798,9.38877,-1.9942
23,0.549548,9.85155,-0.3826
7,0.549548,9.85155,-0.3826
23,5.15919,10.0422,-1.96349
7,5.15919,10.0422,-1.96349
23,-1.15275,4.88617,-1.58756
7,-1.15275,4.88617,-1.58756
23,-0.646883,5.2171,-1.653
7,-0.646883,5.2171,-1.653
23,1.95894,6.34998,-4.46707
7,1.95894,6.34998,-4.46707
23,-0.608011,4.53549,-1.74347
11,-0.608011,4.53549,-1.74347
23,0.786682,10.1778,-0.408104
11,0.786682,10.1778,-0.408104
23,2.98624,8.98536,-3.42275
11,2.98624,8.98536,-3.42275
23,6.37911,10.2626,-3.83191
11,6.37911,10.2626,-3.83191
23,0.193735,10.6551,-0.42085
11,0.193735,10.6551,-0.42085
23,-1.83156,6.64882,-1.77243
11,-1.83156,6.64882,-1.77243
23,-3.89975,12.6142,-1.70955
11,-3.89975,12.6142,-1.70955
23,-3.17742,12.7821,-0.422965
11,-3.17742,12.7821,-0.422965
23,4.56732,9.7213,-4.02816
20,4.56732,9.7213,-4.02816
23,1.0785,9.02865,-2.61091
20,1.0785,9.02865,-2.61091
23,-0.481724,5.13739,-1.64562
20,-0.481724,5.13739,-1.64562
23,-0.245343,14.4498,0.526598
20,-0.245343,14.4498,0.526598
23,1.48876,8.68928,-3.46247
20,1.48876,8.68928,-3.46247
23,1.42562,6.59308,-1.81793
20,1.42562,6.59308,-1.81793
23,0.34878,8.20733,-3.177
20,0.34878,8.20733,-3.177
23,4.02714,7.8377,-3.41037
20,4.02714,7.8377,-3.41037
23,2.38175,7.02791,-4.45211
20,2.38175,7.02791,-4.45211
23,2.02267,9.92651,-0.416877
17,2.02267,9.92651,-0.416877
23,-1.10947,5.69336,-1.62758
17,-1.10947,5.69336,-1.62758
23,-0.940376,5.41022,-1.71126
17,-0.940376,5.41022,-1.71126
23,-1.25274,5.96997,-1.67524
17,-1.25274,5.96997,-1.67524
23,-1.91685,9.89743,-1.7867
17,-1.91685,9.89743,-1.7867
23,-1.2412,8.58105,-2.10647
8,-1.2412,8.58105,-2.10647
23,4.0898,9.61104,-2.05778
8,4.0898,9.61104,-2.05778
23,3.67076,12.3116,-1.76803
8,3.67076,12.3116,-1.76803
23,-2.43151,14.0181,-1.83223
8,-2.43151,14.0181,-1.83223
23,2.90281,8.23705,-3.6305
8,2.90281,8.23705,-3.6305
23,3.72493,9.31751,-3.54348
8,3.72493,9.31751,-3.54348
23,-4.02833,16.9225,1.6388
8,-4.02833,16.9225,1.6388
23,0.593921,5.65927,-3.06726
14,0.593921,5.65927,-3.06726
23,2.12438,13.8624,1.79566
14,2.12438,13.8624,1.79566
23,-1.96074,9.95096,-1.81075
14,-1.96074,9.95096,-1.81075
23,1.28337,9.2903,-2.6302
19,1.28337,9.2903,-2.6302
23,4.0411,9.41495,-2.09728
19,4.0411,9.41495,-2.09728
23,2.945,8.78292,-2.70311
19,2.945,8.78292,-2.70311
23,0.500067,10.8067,-0.95597
19,0.500067,10.8067,-0.95597
23,4.15624,10.4655,1.56099
19,4.15624,10.4655,1.56099
23,-3.21973,14.4315,-0.356703
19,-3.21973,14.4315,-0.356703
24,0.320153,0.166921,0.148748
24,0.683585,0.601425,-0.226892
24,1.5279,1.30625,-0.810735
24,1.25963,1.39864,-0.854177
24,1.14359,1.40177,-0.91478
24,1.11306,1.40275,-0.934995
24,1.34546,1.41504,-0.831267
24,1.00159,1.45699,-1.05969
24,1.08286,1.44778,-1.12413
24,1.36102,2.77274,-2.27357
24,2.62457,3.00837,-1.47091
24,-0.526818,3.22732,-2.22078
24,0.851906,3.18444,-2.44731
24,-0.110142,3.37142,-2.37801
24,2.58173,3.26491,-1.8663
24,2.73724,3.44164,-1.99865
24,-1.09579,4.04726,-2.04854
24,1.48349,3.82212,-1.83211
24,0.0697305,3.86292,-2.40715
24,-0.212066,3.84876,-2.60929
24,-0.999131,4.22506,-1.99095
24,0.0808506,3.94829,-2.46403
24,-0.104262,4.10218,-2.40633
24,-0.355376,3.96194,-2.93413
24,-1.91358,4.35326,-2.61602
24,1.09565,3.82598,-2.92419
24,1.02347,3.98887,-2.70406
24,-1.03657,4.80992,-1.7183
24,0.81906,4.34641,-2.47305
24,-0.505935,4.68403,-2.14162
24,-1.06604,5.0331,-1.72911
24,-0.872585,5.1236,-1.92928
24,-0.821283,4.96194,-2.57042
24,-0.907038,5.20638,-1.91133
24,3.73533,4.41285,-2.2617
24,-0.880007,5.21674,-1.98348
24,1.23652,4.43043,-3.43633
24,-0.839096,5.26624,-1.93185
24,-0.883444,5.2959,-2.01906
24,3.77635,4.49933,-2.33188
24,-1.14933,5.48392,-1.80685
24,-2.16575,5.64638,-1.78119
24,-0.581305,5.19996,-2.40672
24,-0.353945,5.57122,-1.55966
24,-2.22488,5.77073,-1.82598
24,3.93069,4.68959,-2.43485
24,0.919522,4.9864,-2.90332
24,3.62326,4.63968,-2.76804
24,1.85859,5.04549,-2.48778
24,-2.44445,5.88266,-2.01628
24,-1.52554,5.76614,-1.97393
24,-2.40669,5.90247,-2.00325
24,1.36759,4.8047,-3.70485
24,-0.435314,5.71332,-1.87231
24,1.67853,5.20738,-2.55996
24,0.264352,5.2821,-3.17651
24,-0.926095,5.97783,-1.72116
24,-0.16939,5.40523,-3.22625
24,-0.79869,5.95168,-1.9395
24,-0.732483,5.85942,-2.18388
24,0.822795,5.224,-3.41258
24,1.9692,5.33801,-2.64531
24,0.466256,5.42102,-3.07425
24,-2.6002,6.23374,-2.12437
24,1.66505,5.01582,-3.83398
24,-0.552334,6.11365,-1.62632
24,-0.975128,6.15754,-1.79043
24,1.63187,5.15679,-3.57959
24,-1.27273,6.25892,-1.76146
24,1.4764,5.05191,-4.07227
24,-0.80735,6.13091,-2.00804
24,1.49316,5.08548,-4.0959
24,-0.983969,6.22833,-1.87425
24,-0.817028,6.2046,-2.00996
24,1.74336,5.75955,-2.30972
24,3.54589,6.1024,-0.842487
24,0.82328,6.74634,-0.161319
24,4.31918,5.61542,-2.00052
24,5.02618,5.28433,-2.72751
24,1.80489,5.34291,-4.06862
24,1.68531,5.98979,-2.43428
24,3.40663,7.99939,-3.60327
10,3.40663,7.99939,-3.60327
24,0.408318,7.75236,-2.95573
10,0.408318,7.75236,-2.95573
24,2.6607,8.95814,-2.61368
10,2.6607,8.95814,-2.61368
24,2.75507,10.943,-3.29487
10,2.75507,10.943,-3.29487
24,2.15373,6.75411,-0.20886
10,2.15373,6.75411,-0.20886
24,0.155333,9.93643,-0.787334
10,0.155333,9.93643,-0.787334
24,1.07172,10.689,-0.44256
10,1.07172,10.689,-0.44256
24,1.14325,7.27559,-5.93738
10,1.14325,7.27559,-5.93738
24,-0.395818,4.87542,-2.98441
10,-0.395818,4.87542,-2.98441
24,3.20652,9.57687,-2.02859
10,3.20652,9.57687,-2.02859
24,0.504065,3.39129,-2.5743
10,0.504065,3.39129,-2.5743
24,1.26925,11.004,-2.40478
10,1.26925,11.004,-2.40478
24,2.14084,6.35158,-4.24558
10,2.14084,6.35158,-4.24558
24,1.71476,11.7232,-1.62516
10,1.71476,11.7232,-1.62516
24,2.35797,9.40129,-2.79078
10,2.35797,9.40129,-2.79078
24,-0.019967,11.2555,-1.03137
10,-0.019967,11.2555,-1.03137
24,1.14396,9.95996,-2.14895
10,1.14396,9.95996,-2.14895
24,3.25311,7.34972,-3.83047
10,3.25311,7.34972,-3.83047
24,3.97471,7.73994,-3.13093
10,3.97471,7.73994,-3.13093
24,-0.136662,5.72125,-1.62384
10,-0.136662,5.72125,-1.62384
24,0.320283,8.10777,-2.2013
10,0.320283,8.10777,-2.2013
24,1.10073,9.70206,-0.321684
10,1.10073,9.70206,-0.321684
24,0.516163,3.46593,-2.64078
10,0.516163,3.46593,-2.64078
24,-2.77138,11.384,-0.380227
10,-2.77138,11.384,-0.380227
24,-4.06422,12.3119,-1.97269
10,-4.06422,12.3119,-1.97269
24,-1.80074,6.48744,-1.89107
10,-1.80074,6.48744,-1.89107
24,-4.27244,16.9491,1.69169
10,-4.27244,16.9491,1.69169
24,4.77217,9.37961,-1.80565
10,4.77217,9.37961,-1.80565
24,-1.4654,5.25609,-1.4899
10,-1.4654,5.25609,-1.4899
24,0.158269,11.1207,-0.931717
10,0.158269,11.1207,-0.931717
24,4.81847,9.46823,-1.83103
10,4.81847,9.46823,-1.83103
24,0.169163,11.933,-1.03462
10,0.169163,11.933,-1.03462
24,2.59816,5.83843,-3.29955
6,2.59816,5.83843,-3.29955
24,0.336979,7.97748,-3.08531
6,0.336979,7.97748,-3.08531
24,3.56203,9.64308,-2.1175
6,3.56203,9.64308,-2.1175
24,0.347158,8.17569,-3.16553
6,0.347158,8.17569,-3.16553
24,1.46226,14.2578,-0.67923
6,1.46226,14.2578,-0.67923
24,0.88446,3.22575,-2.49535
6,0.88446,3.22575,-2.49535
24,-2.34372,12.4796,-1.39318
6,-2.34372,12.4796,-1.39318
24,2.01514,5.33029,-2.87585
6,2.01514,5.33029,-2.87585
24,-1.54696,5.14358,-1.76298
6,-1.54696,5.14358,-1.76298
24,1.01829,9.49867,-0.358593
6,1.01829,9.49867,-0.358593
24,-2.05479,7.3304,-2.18151
6,-2.05479,7.3304,-2.18151
24,3.45519,7.79874,-4.05115
6,3.45519,7.79874,-4.05115
24,0.29278,10.9255,-0.392814
6,0.29278,10.9255,-0.392814
24,0.310184,6.18083,-3.3262
7,0.310184,6.18083,-3.3262
24,0.911565,10.2566,-2.20951
7,0.911565,10.2566,-2.20951
24,1.96732,10.1634,-0.431813
7,1.96732,10.1634,-0.431813
24,0.568266,5.61676,-3.36328
7,0.568266,5.61676,-3.36328
24,-0.272964,8.90473,-2.14624
7,-0.272964,8.90473,-2.14624
24,-1.20641,4.54607,-1.65903
7,-1.20641,4.54607,-1.65903
24,1.78349,5.79976,-4.03453
7,1.78349,5.79976,-4.03453
24,2.42748,8.40443,-2.39025
7,2.42748,8.40443,-2.39025
24,0.163877,10.1284,-0.391097
11,0.163877,10.1284,-0.391097
24,0.544096,8.05434,-2.76838
11,0.544096,8.05434,-2.76838
24,0.525757,9.88067,-1.72407
11,0.525757,9.88067,-1.72407
24,-1.77563,22.6392,3.18866
11,-1.77563,22.6392,3.18866
24,0.963447,11.1148,-2.42661
11,0.963447,11.1148,-2.42661
24,2.05578,6.51731,-4.40223
20,2.05578,6.51731,-4.40223
24,1.28763,8.32655,-3.0865
20,1.28763,8.32655,-3.0865
24,2.50091,8.71217,-1.98557
20,2.50091,8.71217,-1.98557
24,1.84712,5.92078,-3.36525
20,1.84712,5.92078,-3.36525
24,5.30096,10.2045,-2.44047
20,5.30096,10.2045,-2.44047
24,0.0945676,9.1346,-1.39752
20,0.0945676,9.1346,-1.39752
24,4.03115,11.6115,-1.28366
20,4.03115,11.6115,-1.28366
24,3.21381,9.12055,-0.37497
8,3.21381,9.12055,-0.37497
24,3.62878,6.24321,-4.6421
8,3.62878,6.24321,-4.6421
24,3.65006,8.53655,-3.77505
8,3.65006,8.53655,-3.77505
24,-1.70695,11.2793,-2.57096
8,-1.70695,11.2793,-2.57096
24,-0.0306099,10.4309,-0.901415
8,-0.0306099,10.4309,-0.901415
24,-1.68378,11.1595,-2.53093
8,-1.68378,11.1595,-2.53093
24,-1.02825,4.8732,-1.66467
8,-1.02825,4.8732,-1.66467
24,-4.20215,11.0563,-1.7979
8,-4.20215,11.0563,-1.7979
24,2.6495,8.89159,-3.01112
17,2.6495,8.89159,-3.01112
24,3.50653,7.98774,-4.06436
17,3.50653,7.98774,-4.06436
24,2.30164,9.1839,-0.365339
17,2.30164,9.1839,-0.365339
24,4.50319,9.02361,1.49447
17,4.50319,9.02361,1.49447
24,5.71265,12.1692,1.81348
17,5.71265,12.1692,1.81348
24,2.52322,5.71902,-3.20603
17,2.52322,5.71902,-3.20603
24,2.3999,5.44539,-3.0258
17,2.3999,5.44539,-3.0258
24,2.78717,9.63397,-0.407344
14,2.78717,9.63397,-0.407344
24,2.66611,9.35541,-2.14166
14,2.66611,9.35541,-2.14166
24,1.94685,12.7557,1.67855
14,1.94685,12.7557,1.67855
24,-2.87251,14.486,-0.335366
14,-2.87251,14.486,-0.335366
24,-2.77335,11.1896,-2.91928
14,-2.77335,11.1896,-2.91928
24,1.20363,10.9932,-2.39598
14,1.20363,10.9932,-2.39598
24,4.81992,9.2558,-2.17279
19,4.81992,9.2558,-2.17279
25,0.273339,0.209531,0.159947
25,0.455926,0.455187,0.0218589
25,0.678268,0.555866,-0.144226
25,0.341848,0.695508,0.102426
25,0.378544,0.673309,-0.12023
25,0.140635,0.710351,-0.259916
25,0.673695,0.737942,-0.000138015
25,0.36081,1.26697,-0.103623
25,0.0824165,1.17177,-0.558774
25,1.42722,1.3231,-0.767794
25,-0.357147,2.45156,-1.60152
25,-0.410054,2.48121,-1.57318
25,-0.437888,2.56096,-1.63719
25,-0.040548,2.84181,-0.701506
25,-0.541656,2.7046,-1.72678
25,-0.189633,3.0491,-0.575135
25,2.01332,2.5213,-1.37524
25,0.568493,2.62342,-2.01874
25,0.120469,3.5478,-0.139347
25,1.31933,2.69048,-2.19058
25,1.38352,2.84373,-2.29641
25,0.216879,3.0182,-2.29122
25,-0.100196,3.25471,-2.27637
25,-0.0852673,3.25742,-2.28606
25,0.272996,3.20328,-2.39812
25,-0.0656351,3.29611,-2.28838
25,0.310559,3.19221,-2.47456
25,0.678326,3.4675,-1.92251
25,1.35254,3.45137,-1.79022
25,0.087808,3.50831,-2.17226
25,0.157178,3.52357,-2.62275
25,0.0772616,3.67122,-2.26195
25,1.47817,3.31807,-2.77094
25,1.49574,3.36236,-2.8104
25,1.58343,4.11888,-1.12082
25,1.04125,3.76909,-2.57401
25,-0.231063,4.22261,-2.87879
25,-1.30666,4.6872,-2.38518
25,1.63416,4.46216,-1.82975
25,-2.08869,4.66999,-2.84493
25,-1.80037,5.08736,-1.56686
25,1.92234,4.96985,-0.956646
25,-0.515196,5.22176,-1.35548
25,1.76788,4.52833,-2.47674
25,-0.518976,5.26822,-1.3654
25,-0.87151,5.39921,-1.20239
25,-0.552623,4.77496,-3.52475
25,1.51886,4.69561,-3.08483
25,1.52405,4.57911,-3.46389
25,-0.959582,5.45241,-2.03678
25,2.06246,5.36425,-1.05473
25,-0.982842,5.55284,-2.09323
25,0.0979656,5.25604,-2.59565
25,1.0405,4.90961,-3.35141
25,1.01517,4.94059,-3.31719
25,0.139259,5.9335,-0.836625
25,-2.25093,5.97604,-1.9347
25,1.80385,5.37907,-2.02576
25,-0.177738,5.28711,-3.17945
25,-2.35634,6.04214,-1.947
25,0.702632,6.32803,-0.150906
25,2.82778,5.75869,-0.979155
25,-1.04036,5.95983,-2.27094
25,1.33658,5.19926,-3.52161
25,-1.85613,6.2079,-1.97576
25,1.30479,6.16712,-0.779991
25,1.89073,5.64422,-2.19246
25,3.12746,5.45988,-2.26664
25,1.09123,5.29969,-3.6221
25,-2.59983,6.33391,-2.15957
25,4.2131,5.46676,-1.93212
25,-0.966229,6.11125,-2.23696
25,0.717877,6.63331,-0.0371342
25,1.73266,5.38366,-3.57122
25,4.07671,5.39385,-2.58147
25,1.05819,6.19281,-1.60349
25,5.9206,5.88116,-0.649121
25,-2.77485,6.61895,-2.27637
25,1.99127,5.24786,-4.45218
25,5.54877,5.69768,-1.64159
25,3.33074,5.76095,-2.42373
25,0.215275,5.92711,-3.18368
10,0.215275,5.92711,-3.18368
25,3.83566,10.0227,-0.457281
10,3.83566,10.0227,-0.457281
25,0.696693,3.20208,-2.45727
10,0.696693,3.20208,-2.45727
25,2.34652,6.01746,-3.23719
10,2.34652,6.01746,-3.23719
25,-0.144206,6.1758,-1.77455
10,-0.144206,6.1758,-1.77455
25,2.35464,6.47795,-4.53149
10,2.35464,6.47795,-4.53149
25,0.0510814,9.57038,-1.58247
10,0.0510814,9.57038,-1.58247
25,2.19282,6.26628,-3.63553
10,2.19282,6.26628,-3.63553
25,2.35612,5.65561,-2.99906
10,2.35612,5.65561,-2.99906
25,-0.738021,4.41533,-1.59874
10,-0.738021,4.41533,-1.59874
25,3.54131,10.5534,-2.28419
10,3.54131,10.5534,-2.28419
25,1.50101,9.26039,-2.40093
10,1.50101,9.26039,-2.40093
25,1.32094,11.4284,-2.4976
10,1.32094,11.4284,-2.4976
25,1.70325,11.6458,-1.61572
10,1.70325,11.6458,-1.61572
25,4.65653,10.7486,-1.09442
10,4.65653,10.7486,-1.09442
25,1.11146,9.68503,-2.07696
10,1.11146,9.68503,-2.07696
25,4.08306,11.8153,-1.31823
10,4.08306,11.8153,-1.31823
25,2.63729,8.16178,-3.27613
10,2.63729,8.16178,-3.27613
25,2.11807,5.86904,-2.94041
10,2.11807,5.86904,-2.94041
25,-0.140283,5.93804,-1.69614
10,-0.140283,5.93804,-1.69614
25,-0.0893508,8.38611,-2.01821
10,-0.0893508,8.38611,-2.01821
25,5.2641,8.42349,-3.09918
10,5.2641,8.42349,-3.09918
25,3.29089,9.9218,-2.13226
10,3.29089,9.9218,-2.13226
25,0.362464,10.5472,-2.17446
10,0.362464,10.5472,-2.17446
25,-3.96113,11.988,-1.93253
10,-3.96113,11.988,-1.93253
25,-0.619126,5.5907,-1.71965
10,-0.619126,5.5907,-1.71965
25,3.30502,5.59014,-4.01533
10,3.30502,5.59014,-4.01533
25,4.44429,8.74707,-1.66039
10,4.44429,8.74707,-1.66039
25,0.320744,9.0813,-1.8513
6,0.320744,9.0813,-1.8513
25,0.26725,9.86993,-2.03357
6,0.26725,9.86993,-2.03357
25,2.99921,6.33331,-2.5634
6,2.99921,6.33331,-2.5634
25,0.342219,8.08589,-3.13821
6,0.342219,8.08589,-3.13821
25,-0.770825,6.22802,-2.03582
6,-0.770825,6.22802,-2.03582
25,2.82762,9.81015,-2.97983
6,2.82762,9.81015,-2.97983
25,-0.67444,9.64183,-2.36849
6,-0.67444,9.64183,-2.36849
25,-0.856903,5.59065,-1.65831
6,-0.856903,5.59065,-1.65831
25,-2.57964,13.7534,-1.56507
6,-2.57964,13.7534,-1.56507
25,-0.804713,5.23877,-1.53022
6,-0.804713,5.23877,-1.53022
25,-5.2998,20.9087,2.08533
6,-5.2998,20.9087,2.08533
25,-0.974786,3.91549,-1.65034
6,-0.974786,3.91549,-1.65034
25,0.942707,8.83365,-0.309281
6,0.942707,8.83365,-0.309281
25,2.32175,9.35733,-2.61987
6,2.32175,9.35733,-2.61987
25,-2.18682,7.66204,-2.07391
6,-2.18682,7.66204,-2.07391
25,-0.883541,5.01558,-1.56509
6,-0.883541,5.01558,-1.56509
25,0.596503,20.5238,-0.995629
6,0.596503,20.5238,-0.995629
25,2.67907,5.80893,-4.17243
7,2.67907,5.80893,-4.17243
25,-0.486753,9.19755,-2.13282
7,-0.486753,9.19755,-2.13282
25,0.574567,10.249,-0.41033
7,0.574567,10.249,-0.41033
25,0.559213,3.49199,-2.65666
7,0.559213,3.49199,-2.65666
25,1.003,10.7196,-2.3244
7,1.003,10.7196,-2.3244
25,2.36371,8.99264,-1.95248
7,2.36371,8.99264,-1.95248
25,2.406,6.11512,-3.12779
7,2.406,6.11512,-3.12779
25,0.553255,10.2459,-0.409537
7,0.553255,10.2459,-0.409537
25,1.02566,3.68167,-2.91633
7,1.02566,3.68167,-2.91633
25,2.75005,6.59574,-3.38178
7,2.75005,6.59574,-3.38178
25,-0.837898,4.94235,-1.80664
7,-0.837898,4.94235,-1.80664
25,-0.537333,3.78292,-2.78528
7,-0.537333,3.78292,-2.78528
25,-0.0403709,5.68271,-3.32262
7,-0.0403709,5.68271,-3.32262
25,0.735826,6.26184,-3.24069
7,0.735826,6.26184,-3.24069
25,0.562566,5.55699,-3.30068
7,0.562566,5.55699,-3.30068
25,0.699083,9.49327,-2.60744
7,0.699083,9.49327,-2.60744
25,0.270406,3.36947,-2.52304
7,0.270406,3.36947,-2.52304
25,3.2699,7.8204,-4.07402
7,3.2699,7.8204,-4.07402
25,-2.87308,14.8245,-0.343151
7,-2.87308,14.8245,-0.343151
25,0.517344,9.87778,-0.395877
7,0.517344,9.87778,-0.395877
25,3.0288,9.14093,-3.50178
7,3.0288,9.14093,-3.50178
25,-2.03899,6.31843,-1.90439
7,-2.03899,6.31843,-1.90439
25,-0.815591,5.9745,-1.95833
7,-0.815591,5.9745,-1.95833
25,-0.10197,3.40777,-2.36743
7,-0.10197,3.40777,-2.36743
25,0.385307,8.93806,-3.47957
7,0.385307,8.93806,-3.47957
25,-0.904842,4.64936,-1.93622
7,-0.904842,4.64936,-1.93622
25,0.0191168,9.52126,-1.41647
7,0.0191168,9.52126,-1.41647
25,1.28752,9.31787,-2.66274
20,1.28752,9.31787,-2.66274
25,1.345,6.23439,-1.69833
20,1.345,6.23439,-1.69833
25,4.83321,9.06407,1.61473
20,4.83321,9.06407,1.61473
25,1.96121,9.00657,-2.63459
20,1.96121,9.00657,-2.63459
25,-0.839501,12.0475,1.83192
20,-0.839501,12.0475,1.83192
25,-5.3834,11.6446,-0.912558
20,-5.3834,11.6446,-0.912558
25,-1.00597,5.67296,-1.50658
20,-1.00597,5.67296,-1.50658
25,2.40128,7.12199,-4.50211
8,2.40128,7.12199,-4.50211
25,0.395473,10.6614,-0.647455
8,0.395473,10.6614,-0.647455
25,3.47174,11.6742,-1.65958
8,3.47174,11.6742,-1.65958
25,-0.0323471,7.6093,-2.25511
8,-0.0323471,7.6093,-2.25511
25,0.143361,10.1065,-0.826734
8,0.143361,10.1065,-0.826734
25,3.05311,6.95579,-3.57275
8,3.05311,6.95579,-3.57275
25,-3.83594,15.3898,-0.46442
8,-3.83594,15.3898,-0.46442
25,2.24535,8.96757,-0.348001
17,2.24535,8.96757,-0.348001
25,0.988349,10.39,-0.536513
17,0.988349,10.39,-0.536513
25,1.24696,8.68324,-2.55602
17,1.24696,8.68324,-2.55602
25,0.911058,5.90596,-3.04099
17,0.911058,5.90596,-3.04099
25,2.38645,6.87481,-4.23073
17,2.38645,6.87481,-4.23073
25,-1.1548,3.62786,-2.29631
17,-1.1548,3.62786,-2.29631
25,-1.82575,6.61999,-1.7646
17,-1.82575,6.61999,-1.7646
25,-3.68129,12.0303,-1.58046
17,-3.68129,12.0303,-1.58046
25,0.149493,8.22534,-0.609759
17,0.149493,8.22534,-0.609759
25,-0.0845426,8.52016,-2.06675
12,-0.0845426,8.52016,-2.06675
25,0.560046,8.37411,-3.09225
12,0.560046,8.37411,-3.09225
25,0.438477,11.5965,-0.477555
12,0.438477,11.5965,-0.477555
25,2.44875,9.10984,-1.88175
12,2.44875,9.10984,-1.88175
25,-1.52798,7.16109,-2.25725
12,-1.52798,7.16109,-2.25725
25,-2.07791,10.6127,-1.92996
19,-2.07791,10.6127,-1.92996
25,-4.3556,22.1492,3.11752
19,-4.3556,22.1492,3.11752
25,3.86498,12.0007,-0.57249
19,3.86498,12.0007,-0.57249
25,2.27057,7.18782,-0.21038
19,2.27057,7.18782,-0.21038
26,0.151154,1.23888,0.280857
26,1.33194,2.83385,-2.33753
26,0.234774,3.1614,-2.44069
26,-1.73626,3.7583,-1.82783
26,-1.76377,3.77476,-1.83788
26,-1.41403,3.70164,-1.94221
26,-1.75838,3.80402,-1.83806
26,-0.955167,3.70775,-1.93803
26,-1.06328,3.70801,-2.15484
26,-1.00223,3.77841,-1.96149
26,-0.105622,3.47998,-2.50226
26,-1.18438,3.7299,-2.41202
26,3.32895,3.36904,-2.16984
26,-0.654003,3.79471,-2.71542
26,3.35115,3.46822,-2.19727
26,3.36813,3.4788,-2.1908
26,3.38265,3.49217,-2.21649
26,3.41909,3.54071,-2.25588
26,3.43079,3.53966,-2.26788
26,0.0629103,3.9109,-2.46899
26,3.47196,3.62377,-2.33877
26,-0.372875,4.01136,-2.8713
26,3.52032,3.72584,-2.35491
26,3.44279,4.03283,-2.02956
26,-0.808788,4.80081,-1.7919
26,-0.680187,5.78605,0.800503
26,3.69741,4.32359,-2.22993
26,-0.652192,4.60688,-3.12014
26,-0.361595,4.56993,-3.36068
26,3.78603,4.41706,-2.29276
26,-2.17493,5.36809,-1.83958
26,0.968624,4.56936,-3.0762
26,-0.311063,4.70782,-3.28869
26,4.34889,4.47551,-2.35806
26,3.90372,4.58126,-2.38908
26,-0.448723,5.38963,-1.81413
26,3.95543,4.62764,-2.41489
26,2.65545,4.38877,-3.84109
26,-0.476211,5.497,-1.86559
26,1.0233,4.84031,-3.29106
26,-0.455793,5.57516,-1.87263
26,2.72245,4.49392,-3.91143
26,-0.859485,5.7097,-1.73988
26,2.73009,4.50257,-3.95132
26,2.63566,4.5105,-4.04826
26,0.938367,5.10169,-3.0207
26,3.74468,4.80166,-2.87644
26,-0.887876,5.79308,-1.75993
26,1.30647,5.01541,-3.40123
26,0.531625,5.12431,-3.39025
26,1.26489,5.07433,-3.41473
26,1.26814,5.08815,-3.43254
26,0.280802,5.69073,-2.10877
26,3.87886,4.96168,-2.99459
26,0.972557,5.28871,-3.13695
26,0.847745,5.22268,-3.49683
26,0.118402,5.58351,-2.81881
26,-1.89928,6.19386,-1.86353
26,-1.8162,6.14598,-1.99139
26,-0.168739,5.47606,-3.3326
26,0.117137,5.61621,-2.85547
26,3.52309,4.79952,-4.05632
26,0.552249,5.3552,-3.58177
26,-2.03733,6.28755,-1.95077
26,3.56826,4.85853,-4.11864
26,-0.731277,6.26079,-1.78425
26,0.48512,5.64437,-3.25186
26,-0.76812,6.33658,-1.8105
26,-0.666493,6.34619,-1.74873
26,4.73166,5.46236,-2.32871
26,0.277236,6.0594,-2.28453
26,-0.739971,6.37032,-1.78973
26,0.187302,5.82902,-3.07808
26,4.92057,5.38439,-2.6113
26,2.48851,5.54958,-3.13008
26,2.52288,5.54257,-3.15592
26,3.14756,5.26738,-3.78689
26,0.145581,5.77347,-3.45795
26,4.80343,5.56529,-2.37379
26,3.13535,5.28375,-3.83788
26,-0.874061,7.4312,0.838192
26,0.0890564,6.01032,-3.04048
26,2.57472,5.66878,-3.22952
26,0.912516,5.6849,-3.8107
26,2.07504,6.45281,-4.38999
25,2.07504,6.45281,-4.38999
26,3.84207,10.3524,-3.30344
25,3.84207,10.3524,-3.30344
26,3.75835,8.41816,-3.12654
25,3.75835,8.41816,-3.12654
26,2.35158,8.90147,-1.9779
25,2.35158,8.90147,-1.9779
26,0.151676,10.1842,-0.453583
25,0.151676,10.1842,-0.453583
26,-0.21753,13.0941,0.366858
25,-0.21753,13.0941,0.366858
26,0.323059,4.34905,-2.14548
25,0.323059,4.34905,-2.14548
26,4.28865,9.8497,-0.441257
25,4.28865,9.8497,-0.441257
26,4.27697,8.18723,-1.93535
25,4.27697,8.18723,-1.93535
26,5.89843,9.21706,-2.14328
25,5.89843,9.21706,-2.14328
26,10.7716,16.7188,-0.182791
25,10.7716,16.7188,-0.182791
26,3.85558,6.97344,-4.29551
25,3.85558,6.97344,-4.29551
26,2.09964,5.51042,-4.10524
25,2.09964,5.51042,-4.10524
26,4.23278,7.46205,-4.33599
25,4.23278,7.46205,-4.33599
26,4.05333,6.43596,-3.92739
25,4.05333,6.43596,-3.92739
26,3.98094,6.31747,-3.84851
25,3.98094,6.31747,-3.84851
26,8.30858,11.3148,-3.07868
25,8.30858,11.3148,-3.07868
26,4.00177,9.16764,-0.386506
25,4.00177,9.16764,-0.386506
26,9.17307,13.0487,-3.14599
25,9.17307,13.0487,-3.14599
26,0.357713,3.15678,-2.41883
25,0.357713,3.15678,-2.41883
26,10.4329,15.0522,-2.68292
25,10.4329,15.0522,-2.68292
26,1.64765,11.1607,-1.60956
25,1.64765,11.1607,-1.60956
26,1.18285,9.92042,-2.19136
25,1.18285,9.92042,-2.19136
26,3.99663,9.47556,-1.76248
25,3.99663,9.47556,-1.76248
26,4.24353,7.49723,-4.35251
25,4.24353,7.49723,-4.35251
26,2.3968,6.56507,-3.37023
25,2.3968,6.56507,-3.37023
26,1.90122,9.5098,-3.707
25,1.90122,9.5098,-3.707
26,1.68356,11.6599,-1.67583
25,1.68356,11.6599,-1.67583
26,1.4706,19.6545,2.86241
25,1.4706,19.6545,2.86241
26,12.6005,18.8167,0.637444
25,12.6005,18.8167,0.637444
26,10.151,15.8224,0.604362
25,10.151,15.8224,0.604362
26,9.05177,13.0724,-2.30235
25,9.05177,13.0724,-2.30235
26,5.28253,9.05979,-0.773701
25,5.28253,9.05979,-0.773701
26,-2.3987,12.859,-1.52774
25,-2.3987,12.859,-1.52774
26,1.04839,8.89387,-1.9321
25,1.04839,8.89387,-1.9321
26,0.138965,10.6874,-0.967237
25,0.138965,10.6874,-0.967237
26,1.59795,7.90169,-3.0138
25,1.59795,7.90169,-3.0138
26,-2.52389,10.3914,-2.80361
25,-2.52389,10.3914,-2.80361
26,-1.73416,11.5018,-2.70884
25,-1.73416,11.5018,-2.70884
26,-2.0285,10.2962,-1.95079
25,-2.0285,10.2962,-1.95079
26,4.61961,7.33336,-2.67118
25,4.61961,7.33336,-2.67118
26,5.9557,5.70893,-2.61755
25,5.9557,5.70893,-2.61755
26,12.8844,19.9244,-0.228915
25,12.8844,19.9244,-0.228915
26,12.7185,18.9734,0.647135
25,12.7185,18.9734,0.647135
26,9.10452,12.447,-3.41664
25,9.10452,12.447,-3.41664
26,11.9097,17.1414,-3.15298
25,11.9097,17.1414,-3.15298
26,8.74929,9.03172,-1.11784
25,8.74929,9.03172,-1.11784
26,-0.0870521,8.67388,-2.15596
25,-0.0870521,8.67388,-2.15596
26,-2.46747,13.2052,-1.58468
25,-2.46747,13.2052,-1.58468
26,6.30343,6.32919,-2.03973
25,6.30343,6.32919,-2.03973
26,15.1114,22.572,0.69805
25,15.1114,22.572,0.69805
26,13.456,14.497,0.697822
25,13.456,14.497,0.697822
26,9.5134,13.046,-3.51354
25,9.5134,13.046,-3.51354
26,0.987053,3.55084,-2.43148
25,0.987053,3.55084,-2.43148
26,13.811,16.5418,0.129118
25,13.811,16.5418,0.129118
26,-3.69854,11.1612,-1.92917
25,-3.69854,11.1612,-1.92917
26,1.1167,10.8632,-0.507217
25,1.1167,10.8632,-0.507217
26,9.30234,13.4528,-3.12403
25,9.30234,13.4528,-3.12403
26,0.735535,7.88868,-0.372457
25,0.735535,7.88868,-0.372457
26,-4.26988,10.8749,-2.39965
25,-4.26988,10.8749,-2.39965
26,10.4029,16.0288,-1.96409
25,10.4029,16.0288,-1.96409
26,-3.17924,12.7798,-0.501827
25,-3.17924,12.7798,-0.501827
26,4.69579,5.19468,-2.49787
25,4.69579,5.19468,-2.49787
26,0.548986,10.3632,-2.56363
22,0.548986,10.3632,-2.56363
26,3.0345,8.16045,-1.77654
22,3.0345,8.16045,-1.77654
26,4.06799,6.82859,-2.21134
22,4.06799,6.82859,-2.21134
26,3.40563,6.44001,-3.7631
22,3.40563,6.44001,-3.7631
26,7.4525,13.0443,0.250168
22,7.4525,13.0443,0.250168
26,4.94688,11.3668,-2.76919
22,4.94688,11.3668,-2.76919
26,3.86468,7.58388,-3.39932
22,3.86468,7.58388,-3.39932
26,-0.6459,3.73853,-2.6658
22,-0.6459,3.73853,-2.6658
26,-0.65294,3.74894,-2.67895
22,-0.65294,3.74894,-2.67895
26,4.08513,7.87185,-3.22336
22,4.08513,7.87185,-3.22336
26,2.96627,7.94962,-1.71737
22,2.96627,7.94962,-1.71737
26,-0.336652,8.80431,-1.79877
22,-0.336652,8.80431,-1.79877
26,0.0588524,9.88757,-1.59814
22,0.0588524,9.88757,-1.59814
26,2.83877,7.60874,-1.64524
22,2.83877,7.60874,-1.64524
26,-0.319703,8.97157,-1.86442
22,-0.319703,8.97157,-1.86442
26,0.377416,11.8408,-2.61393
22,0.377416,11.8408,-2.61393
26,0.484324,9.74421,-1.73908
22,0.484324,9.74421,-1.73908
26,-0.507763,3.80599,-2.5289
22,-0.507763,3.80599,-2.5289
26,-2.79183,5.95601,0.0340866
22,-2.79183,5.95601,0.0340866
26,8.00035,11.4943,-2.02293
22,8.00035,11.4943,-2.02293
26,1.26639,9.66087,-3.65636
22,1.26639,9.66087,-3.65636
26,5.132,6.4451,-2.3545
22,5.132,6.4451,-2.3545
26,2.05289,10.022,-3.90925
22,2.05289,10.022,-3.90925
26,1.87707,7.85524,-1.76346
22,1.87707,7.85524,-1.76346
26,0.0957107,3.11471,-1.89567
22,0.0957107,3.11471,-1.89567
26,9.21352,13.2247,-2.95227
22,9.21352,13.2247,-2.95227
26,4.74635,8.2346,-1.25935
22,4.74635,8.2346,-1.25935
26,5.40291,6.77516,-2.44558
22,5.40291,6.77516,-2.44558
26,4.43394,8.68614,-5.03779
22,4.43394,8.68614,-5.03779
26,3.99414,6.92413,-2.96841
22,3.99414,6.92413,-2.96841
26,4.82506,7.66987,-2.82252
22,4.82506,7.66987,-2.82252
26,5.09721,6.38406,-2.29533
22,5.09721,6.38406,-2.29533
26,10.3259,15.8074,-1.96168
22,10.3259,15.8074,-1.96168
26,0.371893,11.2399,-2.52963
24,0.371893,11.2399,-2.52963
26,3.6226,7.48558,-3.14015
24,3.6226,7.48558,-3.14015
26,0.0116703,9.96224,-0.986803
24,0.0116703,9.96224,-0.986803
26,3.98838,7.63637,-3.14724
24,3.98838,7.63637,-3.14724
26,3.8676,7.33287,-2.7029
24,3.8676,7.33287,-2.7029
26,0.442745,8.23687,-3.21652
24,0.442745,8.23687,-3.21652
26,6.14498,10.7681,-0.854225
24,6.14498,10.7681,-0.854225
26,5.25057,10.1327,-2.02413
24,5.25057,10.1327,-2.02413
26,8.62022,12.483,-3.00602
24,8.62022,12.483,-3.00602
26,13.5774,20.3823,-0.200346
24,13.5774,20.3823,-0.200346
26,4.96288,6.57866,-3.20331
24,4.96288,6.57866,-3.20331
26,5.79062,8.41463,-4.24665
24,5.79062,8.41463,-4.24665
26,4.50815,5.51663,-2.30096
24,4.50815,5.51663,-2.30096
26,0.3456,8.85367,-2.49337
24,0.3456,8.85367,-2.49337
26,0.851406,8.24413,-2.86371
24,0.851406,8.24413,-2.86371
26,-0.544297,8.10587,-2.33592
24,-0.544297,8.10587,-2.33592
26,6.78641,6.83977,-2.21084
24,6.78641,6.83977,-2.21084
26,-0.268583,13.4754,0.464713
24,-0.268583,13.4754,0.464713
26,4.06113,11.6642,-1.33177
24,4.06113,11.6642,-1.33177
26,4.07646,9.41468,-0.744598
24,4.07646,9.41468,-0.744598
26,7.38387,7.55236,-2.2753
24,7.38387,7.55236,-2.2753
26,19.7116,21.3593,0.894259
24,19.7116,21.3593,0.894259
26,-3.90623,15.5628,1.44319
24,-3.90623,15.5628,1.44319
26,5.53068,7.29178,-3.71096
24,5.53068,7.29178,-3.71096
26,1.18646,8.41313,-2.3895
10,1.18646,8.41313,-2.3895
26,2.18181,10.9905,0.515676
10,2.18181,10.9905,0.515676
26,1.2104,7.50651,-2.98709
10,1.2104,7.50651,-2.98709
26,2.94647,8.42118,-3.41256
10,2.94647,8.42118,-3.41256
26,2.32854,8.57855,-1.75397
10,2.32854,8.57855,-1.75397
26,2.11507,6.0638,-3.72554
10,2.11507,6.0638,-3.72554
26,-0.237206,7.0685,-2.15716
10,-0.237206,7.0685,-2.15716
26,0.168799,9.23697,-0.387171
6,0.168799,9.23697,-0.387171
26,0.156123,7.97732,-0.294356
6,0.156123,7.97732,-0.294356
26,1.8752,7.88918,-1.75037
6,1.8752,7.88918,-1.75037
26,0.347142,8.28278,-2.2959
6,0.347142,8.28278,-2.2959
26,3.97979,6.95338,-2.98895
6,3.97979,6.95338,-2.98895
26,0.832258,7.71256,-1.6296
6,0.832258,7.71256,-1.6296
26,-0.596962,9.5711,-2.53392
7,-0.596962,9.5711,-2.53392
26,1.60148,4.78552,-3.95351
7,1.60148,4.78552,-3.95351
26,0.921026,6.94739,-1.93227
7,0.921026,6.94739,-1.93227
26,0.893768,9.48286,-0.451572
20,0.893768,9.48286,-0.451572
26,-0.064627,7.83935,-1.85842
20,-0.064627,7.83935,-1.85842
26,2.8789,7.52981,-0.281517
20,2.8789,7.52981,-0.281517
26,0.78398,6.02643,-4.15597
20,0.78398,6.02643,-4.15597
26,0.239009,7.65135,-2.76558
20,0.239009,7.65135,-2.76558
26,2.77134,8.95411,-0.324987
20,2.77134,8.95411,-0.324987
26,2.14286,6.95701,-2.77645
20,2.14286,6.95701,-2.77645
26,1.38609,7.98424,-3.19947
20,1.38609,7.98424,-3.19947
26,1.38154,7.95964,-3.19662
20,1.38154,7.95964,-3.19662
26,-4.34277,22.5806,2.89099
20,-4.34277,22.5806,2.89099
26,2.67078,8.61979,-0.295863
20,2.67078,8.61979,-0.295863
26,1.72482,6.46962,-3.45785
20,1.72482,6.46962,-3.45785
26,1.13662,8.28237,-2.36147
20,1.13662,8.28237,-2.36147
26,-0.116148,14.0425,-0.169523
8,-0.116148,14.0425,-0.169523
26,-0.784087,8.12471,0.393187
8,-0.784087,8.12471,0.393187
26,3.27602,11.0193,-1.58769
8,3.27602,11.0193,-1.58769
26,2.29391,8.87516,-2.68032
8,2.29391,8.87516,-2.68032
26,1.22917,10.7914,-0.427368
8,1.22917,10.7914,-0.427368
26,-3.09577,18.0439,-2.61682
8,-3.09577,18.0439,-2.61682
26,2.77359,8.01776,-3.22239
8,2.77359,8.01776,-3.22239
26,1.86303,5.83923,-3.94902
8,1.86303,5.83923,-3.94902
26,-1.11398,11.9728,-0.361892
8,-1.11398,11.9728,-0.361892
26,-3.96317,11.2433,0.989224
8,-3.96317,11.2433,0.989224
26,-0.549573,18.9647,2.56829
8,-0.549573,18.9647,2.56829
26,1.5491,4.86012,-3.48283
17,1.5491,4.86012,-3.48283
26,-1.84056,15.5355,-4.31839
17,-1.84056,15.5355,-4.31839
26,3.86442,7.54386,-3.15432
17,3.86442,7.54386,-3.15432
26,-0.00104116,5.80182,-2.16997
17,-0.00104116,5.80182,-2.16997
26,4.39311,10.1043,-1.64547
17,4.39311,10.1043,-1.64547
26,0.180316,10.9293,-0.991767
17,0.180316,10.9293,-0.991767
26,3.77639,9.42323,-0.375509
9,3.77639,9.42323,-0.375509
26,-1.05203,10.8378,-0.182231
9,-1.05203,10.8378,-0.182231
26,3.66731,9.17349,-0.345186
9,3.66731,9.17349,-0.345186
26,1.86836,12.041,-0.495257
9,1.86836,12.041,-0.495257
26,-2.05027,13.4097,-2.39948
9,-2.05027,13.4097,-2.39948
26,1.7176,11.0171,-0.414236
9,1.7176,11.0171,-0.414236
26,0.499473,9.23622,-3.1364
9,0.499473,9.23622,-3.1364
26,6.20438,11.2653,1.56807
9,6.20438,11.2653,1.56807
26,-0.843347,3.51623,-1.57158
9,-0.843347,3.51623,-1.57158
26,1.72144,11.2126,-0.37701
9,1.72144,11.2126,-0.37701
26,-1.92338,17.1429,2.2181
9,-1.92338,17.1429,2.2181
26,-4.00075,8.49426,-1.51337
9,-4.00075,8.49426,-1.51337
26,-2.41849,11.4946,-0.289949
9,-2.41849,11.4946,-0.289949
26,-3.24424,15.7044,-0.528646
9,-3.24424,15.7044,-0.528646
26,-3.96733,12.713,1.0478
19,-3.96733,12.713,1.0478
26,-3.66695,12.4071,-1.86033
19,-3.66695,12.4071,-1.86033
26,0.198743,11.7216,-1.11319
19,0.198743,11.7216,-1.11319
27,1.31975,2.82296,-2.32835
27,1.32623,2.83566,-2.33646
27,1.32451,2.83598,-2.34378
27,0.97783,2.94301,-2.40171
27,0.357002,3.06722,-2.32435
27,0.315291,3.08496,-2.39203
27,0.40692,3.07803,-2.3885
27,0.644981,3.04356,-2.47137
27,0.318649,3.11345,-2.42442
27,0.314961,3.10091,-2.48231
27,0.215171,3.16778,-2.34387
27,0.421098,3.10583,-2.50719
27,0.223505,3.14639,-2.4971
27,0.130819,3.24153,-2.58943
27,-0.103075,3.34904,-2.52302
27,-1.12297,3.62478,-2.07805
27,-0.945652,3.67035,-1.91558
27,-0.0995102,3.35529,-2.53316
27,-0.773494,3.49618,-2.37329
27,-0.0901553,3.3304,-2.63498
27,-0.804799,3.47977,-2.45563
27,-0.0857704,3.33777,-2.64929
27,-0.804817,3.48485,-2.45239
27,-0.808776,3.48709,-2.47641
27,-0.781355,3.56279,-2.41867
27,-1.20509,3.66407,-2.35169
27,-1.19117,3.71505,-2.38252
27,1.00986,3.53956,-2.40689
27,-1.19568,3.75636,-2.43093
27,-0.119969,3.62685,-2.62111
27,-1.6327,3.86958,-2.40811
27,-1.64108,3.88621,-2.43968
27,0.0819248,3.8596,-2.42644
27,-0.671252,3.82741,-2.74425
27,-0.540416,3.77758,-2.85555
27,0.0624589,3.90971,-2.4828
27,-0.792943,4.18348,-2.42219
27,-0.418167,3.98296,-2.95098
27,-0.40514,3.98637,-2.94932
27,-0.410158,4.09642,-3.04848
27,-0.248465,4.17893,-2.82279
27,0.297813,4.47404,-2.20997
27,-0.371335,4.22011,-3.19879
27,-0.365277,4.25868,-3.24328
27,3.4811,3.96777,-3.10603
27,0.308337,4.65769,-2.31669
27,3.53507,4.04187,-3.15876
27,-1.14,5.04298,-1.74711
27,1.48731,4.12305,-3.70621
27,3.60281,4.10459,-3.23074
27,-1.07907,5.14692,-1.81196
27,-0.300213,4.57115,-3.17484
27,-1.09644,5.16722,-1.82474
27,-1.49525,5.19565,-1.88608
27,-0.441897,4.9475,-2.31196
27,-1.46207,5.25364,-1.90601
27,1.47954,4.25865,-3.77378
27,3.79623,4.62673,-2.18542
27,3.60415,4.45055,-2.80819
27,-0.317813,4.67481,-3.26571
27,3.80881,4.65148,-2.23145
27,1.69654,4.47031,-3.75453
27,-0.464681,5.24425,-2.34202
27,1.72222,4.47498,-3.80581
27,-0.451892,5.12985,-2.65154
27,1.70593,4.49936,-3.77862
27,-0.454734,5.45629,-1.84238
27,1.73183,4.49769,-3.81935
27,-0.496127,5.47715,-1.86194
27,-0.476714,5.4929,-1.87093
27,2.72388,4.47627,-3.92923
27,-0.155704,5.09715,-3.07585
27,3.70038,4.78655,-2.8941
27,0.924135,4.61942,-4.09972
27,3.11548,4.41175,-4.07951
27,-0.859542,5.71414,-1.73494
27,0.856447,5.07056,-3.02013
27,2.78621,4.51941,-3.99705
27,-0.810578,5.70077,-1.83072
27,-0.826323,5.75385,-1.81663
27,-0.863137,5.78616,-1.79779
27,-1.73941,5.84461,-1.89592
27,2.79435,4.59178,-4.03165
27,0.524454,5.07665,-3.37916
27,-1.69033,5.87172,-1.87022
27,2.44443,4.63846,-4.06745
27,2.7943,4.61969,-4.04258
27,2.484,4.67116,-4.00888
27,-1.74715,5.89956,-1.91822
27,-0.731852,5.4244,-3.00487
27,-0.167661,5.29678,-3.21197
27,2.51148,4.71829,-4.06221
27,0.98154,5.3331,-3.16575
27,2.61885,4.84337,-4.20425
27,-0.16897,5.46294,-3.31216
27,-0.216388,5.50431,-3.45656
27,-1.238,6.30021,-1.6768
27,-0.875311,6.36451,-1.71376
27,1.48551,5.51046,-3.37828
27,2.50906,5.52389,-3.14846
27,2.54045,5.59028,-3.1751
27,-1.3198,6.53055,-1.77633
27,1.89809,5.35932,-4.21308
27,0.0912706,6.01023,-3.04489
27,3.21002,5.38112,-3.88627
27,0.403775,9.44586,-0.336953
26,0.403775,9.44586,-0.336953
27,0.461354,8.60563,-3.36623
26,0.461354,8.60563,-3.36623
27,2.91519,7.54141,-1.66938
26,2.91519,7.54141,-1.66938
27,3.66431,8.40278,-0.325988
26,3.66431,8.40278,-0.325988
27,2.67801,8.65502,-0.297483
26,2.67801,8.65502,-0.297483
27,2.06487,14.0534,-2.07873
26,2.06487,14.0534,-2.07873
27,3.50721,5.77876,-4.20892
26,3.50721,5.77876,-4.20892
27,5.36869,8.69909,-1.39975
26,5.36869,8.69909,-1.39975
27,6.35205,10.5486,-1.57469
26,6.35205,10.5486,-1.57469
27,4.34835,7.29918,-2.38562
26,4.34835,7.29918,-2.38562
27,1.9778,12.7607,-0.51794
26,1.9778,12.7607,-0.51794
27,4.27496,9.81118,-0.433729
26,4.27496,9.81118,-0.433729
27,3.26027,7.51562,-1.7174
26,3.26027,7.51562,-1.7174
27,5.04831,7.7887,-3.42961
26,5.04831,7.7887,-3.42961
27,3.98464,9.21877,-2.2345
26,3.98464,9.21877,-2.2345
27,3.32714,8.6809,-0.359826
26,3.32714,8.6809,-0.359826
27,3.77145,7.1245,-4.20558
26,3.77145,7.1245,-4.20558
27,-1.74055,11.4021,-1.97193
26,-1.74055,11.4021,-1.97193
27,-0.358177,3.44453,-2.48912
26,-0.358177,3.44453,-2.48912
27,6.83449,10.6521,0.00546412
26,6.83449,10.6521,0.00546412
27,2.7062,4.97745,-2.74049
26,2.7062,4.97745,-2.74049
27,0.327717,8.25559,-2.28878
26,0.327717,8.25559,-2.28878
27,2.12457,8.38505,-2.49552
26,2.12457,8.38505,-2.49552
27,-0.369744,9.18506,-1.89197
26,-0.369744,9.18506,-1.89197
27,8.59495,11.7502,-3.19482
26,8.59495,11.7502,-3.19482
27,1.87025,12.0474,-0.450236
26,1.87025,12.0474,-0.450236
27,1.64412,11.3019,-1.60755
26,1.64412,11.3019,-1.60755
27,-2.4891,12.653,-0.314412
26,-2.4891,12.653,-0.314412
27,-2.37441,12.6482,-1.48647
26,-2.37441,12.6482,-1.48647
27,0.458124,9.8819,-0.894299
26,0.458124,9.8819,-0.894299
27,2.83523,6.68736,-2.96567
26,2.83523,6.68736,-2.96567
27,3.36943,3.49737,-2.21572
26,3.36943,3.49737,-2.21572
27,1.63949,8.10478,-3.08335
26,1.63949,8.10478,-3.08335
27,8.93709,13.7891,-1.56163
26,8.93709,13.7891,-1.56163
27,8.54195,12.3656,-2.85013
26,8.54195,12.3656,-2.85013
27,2.97043,9.60795,-0.358979
26,2.97043,9.60795,-0.358979
27,1.7493,11.4646,-0.386606
26,1.7493,11.4646,-0.386606
27,0.179932,10.0979,-0.439303
26,0.179932,10.0979,-0.439303
27,-2.35709,12.4583,-1.48023
26,-2.35709,12.4583,-1.48023
27,-0.500581,5.74441,-1.96649
26,-0.500581,5.74441,-1.96649
27,2.849,9.68055,-2.82849
26,2.849,9.68055,-2.82849
27,2.47496,6.87308,-3.00561
26,2.47496,6.87308,-3.00561
27,0.306878,9.11602,-1.91742
26,0.306878,9.11602,-1.91742
27,4.78936,6.2282,-2.24777
26,4.78936,6.2282,-2.24777
27,1.40886,9.13542,-0.251874
26,1.40886,9.13542,-0.251874
27,3.90089,11.2073,-1.23597
26,3.90089,11.2073,-1.23597
27,5.43572,7.51401,-1.85979
26,5.43572,7.51401,-1.85979
27,12.0368,15.75,-1.64892
26,12.0368,15.75,-1.64892
27,-4.74638,18.5062,1.7117
26,-4.74638,18.5062,1.7117
27,8.02372,11.0307,-2.91281
26,8.02372,11.0307,-2.91281
27,-4.22836,9.11038,-0.415494
26,-4.22836,9.11038,-0.415494
27,5.12586,7.82199,-2.18893
26,5.12586,7.82199,-2.18893
27,-0.725602,4.55404,-1.74259
26,-0.725602,4.55404,-1.74259
27,3.30904,5.55333,-3.99738
26,3.30904,5.55333,-3.99738
27,-2.24336,9.20078,-2.37103
26,-2.24336,9.20078,-2.37103
27,2.81886,6.45214,-3.33
26,2.81886,6.45214,-3.33
27,-4.06241,16.2028,-0.729505
26,-4.06241,16.2028,-0.729505
27,3.45617,5.80408,-4.12757
25,3.45617,5.80408,-4.12757
27,4.18565,6.8746,-2.25933
25,4.18565,6.8746,-2.25933
27,2.18402,5.89231,-4.11775
25,2.18402,5.89231,-4.11775
27,-2.07911,10.6104,-2.2302
25,-2.07911,10.6104,-2.2302
27,-2.30839,12.9421,-2.37546
25,-2.30839,12.9421,-2.37546
27,3.75172,4.56828,-2.3013
25,3.75172,4.56828,-2.3013
27,4.66531,5.56728,-2.3092
25,4.66531,5.56728,-2.3092
27,-3.15311,12.9347,-0.577988
25,-3.15311,12.9347,-0.577988
27,3.35693,7.84518,-2.95062
25,3.35693,7.84518,-2.95062
27,4.42369,5.89056,-3.51291
25,4.42369,5.89056,-3.51291
27,8.54933,11.2121,-1.11964
25,8.54933,11.2121,-1.11964
27,8.57601,11.7147,-3.15077
25,8.57601,11.7147,-3.15077
27,4.74774,5.68033,-2.35722
25,4.74774,5.68033,-2.35722
27,0.730144,9.58647,-2.66561
25,0.730144,9.58647,-2.66561
27,9.06592,12.4196,-3.34857
25,9.06592,12.4196,-3.34857
27,1.66484,5.15406,-3.50949
25,1.66484,5.15406,-3.50949
27,3.7837,8.63041,-2.02279
22,3.7837,8.63041,-2.02279
27,3.94617,8.51981,-3.16389
22,3.94617,8.51981,-3.16389
27,3.76525,7.79873,-3.26772
22,3.76525,7.79873,-3.26772
27,3.7085,6.13816,-4.48194
22,3.7085,6.13816,-4.48194
27,1.95875,5.12897,-3.88466
22,1.95875,5.12897,-3.88466
27,0.212124,9.72344,-2.09394
22,0.212124,9.72344,-2.09394
27,8.98783,11.755,-1.19257
22,8.98783,11.755,-1.19257
27,4.15668,6.88323,-2.25416
22,4.15668,6.88323,-2.25416
27,3.94821,9.18509,-0.384917
22,3.94821,9.18509,-0.384917
27,0.501079,5.64297,-3.38001
22,0.501079,5.64297,-3.38001
27,1.86648,9.18908,-3.50251
22,1.86648,9.18908,-3.50251
27,-4.92034,9.46619,-2.33813
22,-4.92034,9.46619,-2.33813
27,3.34101,7.78939,-1.76558
22,3.34101,7.78939,-1.76558
27,1.2364,11.2764,-0.505384
22,1.2364,11.2764,-0.505384
27,2.15172,6.27994,-4.22685
24,2.15172,6.27994,-4.22685
27,0.329202,9.53449,-2.01949
24,0.329202,9.53449,-2.01949
27,3.96877,11.4691,-1.26365
24,3.96877,11.4691,-1.26365
27,0.172641,10.9365,-0.955254
24,0.172641,10.9365,-0.955254
27,-0.659172,8.84987,-2.23317
24,-0.659172,8.84987,-2.23317
27,5.20745,6.7717,-2.5346
24,5.20745,6.7717,-2.5346
27,1.18656,8.41343,-2.38172
10,1.18656,8.41343,-2.38172
27,0.257293,10.0337,-2.16974
10,0.257293,10.0337,-2.16974
27,3.18149,9.82493,-3.36836
10,3.18149,9.82493,-3.36836
27,3.29972,7.40411,-3.76835
10,3.29972,7.40411,-3.76835
27,-1.09093,11.1384,-2.33167
10,-1.09093,11.1384,-2.33167
27,5.82967,9.42648,-1.54616
10,5.82967,9.42648,-1.54616
27,1.80357,15.156,-3.47491
10,1.80357,15.156,-3.47491
27,2.81581,6.72028,-2.96549
10,2.81581,6.72028,-2.96549
27,0.169317,10.1398,-0.855983
10,0.169317,10.1398,-0.855983
27,1.98284,5.97031,-4.14571
6,1.98284,5.97031,-4.14571
27,1.67013,5.74567,-2.30222
6,1.67013,5.74567,-2.30222
27,1.44361,14.2283,-2.04224
6,1.44361,14.2283,-2.04224
27,4.30534,6.06127,-3.57747
6,4.30534,6.06127,-3.57747
27,5.37057,7.62826,-4.02497
6,5.37057,7.62826,-4.02497
27,0.765911,6.30527,-3.44639
6,0.765911,6.30527,-3.44639
27,2.095,6.11668,-4.14928
6,2.095,6.11668,-4.14928
27,0.199236,9.63579,-0.37871
6,0.199236,9.63579,-0.37871
27,-3.9027,13.2513,-1.99631
6,-3.9027,13.2513,-1.99631
27,2.14535,5.66993,-4.22876
6,2.14535,5.66993,-4.22876
27,0.767509,14.2048,-2.62708
6,0.767509,14.2048,-2.62708
27,1.27327,9.46927,-3.36064
7,1.27327,9.46927,-3.36064
27,1.65193,6.24007,-3.2717
7,1.65193,6.24007,-3.2717
27,0.714228,6.67316,-4.1315
7,0.714228,6.67316,-4.1315
27,5.52004,9.44424,-0.817643
7,5.52004,9.44424,-0.817643
27,1.04079,3.71619,-2.57988
7,1.04079,3.71619,-2.57988
27,-1.34558,7.41923,-1.77955
20,-1.34558,7.41923,-1.77955
27,-0.0444026,7.80755,-2.33995
20,-0.0444026,7.80755,-2.33995
27,-1.27971,6.99905,-2.01048
20,-1.27971,6.99905,-2.01048
27,1.94195,9.25943,-3.0987
20,1.94195,9.25943,-3.0987
27,0.530591,8.40076,-3.29459
20,0.530591,8.40076,-3.29459
27,3.12556,9.07147,-0.921349
20,3.12556,9.07147,-0.921349
27,0.147983,9.63984,-0.391321
20,0.147983,9.63984,-0.391321
27,-3.07649,14.1157,1.37741
20,-3.07649,14.1157,1.37741
27,2.95123,8.554,-3.08191
20,2.95123,8.554,-3.08191
27,1.89087,9.86766,0.496422
20,1.89087,9.86766,0.496422
27,2.31924,6.76483,-2.34745
20,2.31924,6.76483,-2.34745
27,1.83516,9.70558,0.501329
20,1.83516,9.70558,0.501329
27,1.34842,9.37064,-1.25745
20,1.34842,9.37064,-1.25745
27,-2.09147,12.4534,1.28013
20,-2.09147,12.4534,1.28013
27,-4.78775,9.43404,-2.08321
20,-4.78775,9.43404,-2.08321
27,1.22356,8.65074,-2.62208
20,1.22356,8.65074,-2.62208
27,-4.26986,8.53516,-2.13162
20,-4.26986,8.53516,-2.13162
27,5.16513,9.97663,-1.96406
8,5.16513,9.97663,-1.96406
27,1.1076,8.21458,-3.05367
8,1.1076,8.21458,-3.05367
27,-1.28729,13.001,-0.0996287
8,-1.28729,13.001,-0.0996287
27,4.74728,9.19714,-1.76956
8,4.74728,9.19714,-1.76956
27,-5.92389,17.2554,1.68325
8,-5.92389,17.2554,1.68325
27,-3.32727,9.71472,0.887162
8,-3.32727,9.71472,0.887162
27,1.57711,5.03473,-2.80985
17,1.57711,5.03473,-2.80985
27,1.0784,11.201,0.275837
17,1.0784,11.201,0.275837
27,-3.11693,16.898,1.75582
17,-3.11693,16.898,1.75582
27,3.5722,6.82198,-2.45627
17,3.5722,6.82198,-2.45627
27,-1.9923,10.0168,-2.08045
17,-1.9923,10.0168,-2.08045
27,-0.384547,6.68127,-1.91154
19,-0.384547,6.68127,-1.91154
27,-3.11678,16.3383,1.12106
19,-3.11678,16.3383,1.12106
27,-1.47229,13.2489,0.769546
19,-1.47229,13.2489,0.769546
27,-0.582672,5.45812,-1.8027
19,-0.582672,5.45812,-1.8027
27,-4.13762,21.7037,2.83057
19,-4.13762,21.7037,2.83057
27,-0.500629,4.60054,-1.44348
19,-0.500629,4.60054,-1.44348
27,-1.32463,4.64339,-1.66525
19,-1.32463,4.64339,-1.66525
27,-1.13681,10.8991,-2.33312
19,-1.13681,10.8991,-2.33312
27,-1.15715,10.578,-2.29815
19,-1.15715,10.578,-2.29815
27,2.34592,6.66836,-4.1259
19,2.34592,6.66836,-4.1259
27,-2.4021,14.003,-1.94073
19,-2.4021,14.003,-1.94073
27,1.34966,8.9376,-0.229934
19,1.34966,8.9376,-0.229934
28,0.194867,3.10881,-2.28528
28,0.302688,3.09422,-2.40622
28,0.725147,3.02802,-2.51246
28,0.654858,3.0376,-2.61611
28,0.703865,3.07499,-2.54852
28,0.274127,3.18441,-2.38148
28,0.749884,3.04355,-2.65608
28,0.59405,3.08954,-2.65943
28,-1.15263,3.45486,-2.1814
28,0.101379,3.26354,-2.5252
28,0.107106,3.2705,-2.53227
28,-0.950473,3.66354,-1.877
28,0.0948038,3.24496,-2.70219
28,-0.918663,3.69999,-1.90374
28,-1.11582,3.75447,-1.84219
28,-0.0126429,3.29851,-2.72907
28,-0.112694,3.43488,-2.45649
28,-0.0951492,3.44515,-2.46732
28,-0.991688,3.76717,-1.91933
28,-1.18142,3.65884,-2.34489
28,-0.793464,3.58557,-2.44837
28,-0.85395,3.59943,-2.4309
28,-0.102678,3.44444,-2.66459
28,-0.775415,3.59899,-2.45161
28,-1.08566,3.85997,-1.89122
28,-0.956625,3.91811,-1.81107
28,-1.73735,3.87723,-2.12674
28,-1.06134,3.91745,-1.87404
28,-1.18437,3.72868,-2.41174
28,-1.06669,3.93691,-1.89032
28,-0.769522,3.68328,-2.53355
28,-1.67294,3.86099,-2.33411
28,0.0837001,3.72866,-2.34747
28,-1.01032,4.10585,-1.78275
28,-1.00757,4.11427,-1.80882
28,-0.65698,3.67609,-2.84901
28,-1.01484,4.1385,-1.81372
28,-0.982371,4.13298,-1.82141
28,-0.978773,4.14096,-1.81331
28,0.0834974,3.82006,-2.398
28,-1.81655,4.07646,-2.26753
28,-1.01825,4.17286,-1.84296
28,-0.211316,3.64427,-3.00241
28,-1.73283,4.01946,-2.43957
28,0.0871372,3.86729,-2.42767
28,0.972492,3.80647,-2.61688
28,-0.90076,4.33507,-1.87331
28,-0.832171,4.38407,-1.84805
28,-0.859688,4.41065,-1.85029
28,3.47317,3.9373,-2.14299
28,3.47473,4.10007,-2.07774
28,-0.356493,4.07348,-3.11497
28,0.280009,4.39783,-2.17498
28,-0.367364,4.10879,-3.10303
28,-0.359604,4.07585,-3.20844
28,-0.325552,4.08636,-3.19917
28,0.260446,4.44947,-2.19579
28,1.36321,3.89358,-3.37559
28,-0.735014,4.8071,-1.77597
28,2.39371,3.92259,-3.62639
28,2.43059,3.97345,-3.68908
28,1.46047,4.11904,-3.58001
28,0.138302,4.96615,-1.81295
28,1.46525,4.13033,-3.59122
28,-1.47531,5.18156,-1.84788
28,-0.758518,5.10505,-1.8934
28,3.73744,4.52189,-2.29259
28,-1.1122,5.15038,-1.90338
28,1.66024,4.22001,-3.67566
28,3.56634,4.40093,-2.77047
28,-1.05033,5.38399,-1.67202
28,1.64242,4.38623,-3.66534
28,-1.00413,5.41929,-1.71972
28,1.56362,4.34314,-3.8157
28,1.67844,4.28403,-3.96465
28,2.83095,4.25664,-3.82086
28,-1.02915,5.46364,-1.7484
28,-0.627984,5.44085,-1.80697
28,-0.446131,5.4869,-1.83972
28,1.72146,4.442,-3.94477
28,-0.999896,5.6174,-1.65281
28,3.79191,4.65331,-2.96284
28,-0.830963,5.57951,-1.80847
28,3.82965,4.69251,-2.98174
28,3.04809,4.39,-4.00012
28,3.06744,4.42069,-4.02344
28,2.45901,4.50417,-3.97013
28,-0.859469,5.71278,-1.73751
28,3.14384,4.45998,-4.08922
28,0.824182,5.1311,-3.42445
28,0.972443,5.24796,-3.11054
28,-1.27717,6.04356,-1.73432
28,-1.12209,6.0336,-1.73567
28,-1.18681,6.04584,-1.73276
28,-1.23453,6.10715,-1.61834
28,-1.25354,6.07165,-1.75795
28,-1.79328,6.04848,-1.95883
28,-0.173868,5.39454,-3.29161
28,0.889461,5.26148,-3.55936
28,-0.198859,5.4591,-3.35273
28,-0.709405,6.14912,-1.74967
28,1.77137,5.533,-2.74697
28,-1.2856,6.26694,-1.64957
28,-1.28435,6.36259,-1.74507
28,-0.872128,6.3632,-1.71345
28,3.06836,5.19814,-3.73357
28,-1.46602,6.46236,-1.80868
28,2.50871,5.54302,-3.16429
28,0.068269,5.87332,-2.94224
28,2.52179,5.57012,-3.17527
28,0.498361,5.75165,-3.31261
28,2.52107,5.62639,-3.14521
28,1.7153,5.99815,-2.43384
28,0.0695763,5.93523,-3.00981
28,-0.169351,6.42556,-1.88215
28,2.53672,5.66094,-3.20099
28,3.21387,5.36588,-3.85556
28,3.02305,6.34309,-2.57974
27,3.02305,6.34309,-2.57974
28,0.215284,8.69266,-1.83784
27,0.215284,8.69266,-1.83784
28,-1.96521,11.163,-2.0106
27,-1.96521,11.163,-2.0106
28,-0.211119,5.35745,-3.35057
27,-0.211119,5.35745,-3.35057
28,0.398267,7.58905,-2.92385
27,0.398267,7.58905,-2.92385
28,4.04469,9.25306,-2.18713
27,4.04469,9.25306,-2.18713
28,5.42756,17.8936,-2.76299
27,5.42756,17.8936,-2.76299
28,2.87242,9.30775,-0.364292
27,2.87242,9.30775,-0.364292
28,1.94324,5.39842,-2.69015
27,1.94324,5.39842,-2.69015
28,4.03928,7.02322,-3.0238
27,4.03928,7.02322,-3.0238
28,4.61428,7.40422,-2.70782
27,4.61428,7.40422,-2.70782
28,4.02887,9.21972,-2.17375
27,4.02887,9.21972,-2.17375
28,2.70892,8.06411,-1.69942
27,2.70892,8.06411,-1.69942
28,3.91226,8.26276,-1.56265
27,3.91226,8.26276,-1.56265
28,3.67061,8.63802,-1.41893
27,3.67061,8.63802,-1.41893
28,4.23441,9.66945,-0.978558
27,4.23441,9.66945,-0.978558
28,-0.0388382,10.2565,-0.945607
27,-0.0388382,10.2565,-0.945607
28,3.009,5.77264,-3.31367
27,3.009,5.77264,-3.31367
28,1.30301,10.9687,-2.4483
27,1.30301,10.9687,-2.4483
28,3.01925,7.95897,-0.311183
27,3.01925,7.95897,-0.311183
28,0.365999,8.52126,-3.36507
27,0.365999,8.52126,-3.36507
28,4.71429,6.15727,-2.94008
27,4.71429,6.15727,-2.94008
28,1.3629,11.6745,-2.62826
27,1.3629,11.6745,-2.62826
28,1.00167,10.6073,-2.92758
27,1.00167,10.6073,-2.92758
28,0.406104,9.89588,-2.79737
27,0.406104,9.89588,-2.79737
28,1.60442,11.0548,-1.55912
27,1.60442,11.0548,-1.55912
28,-2.49659,12.6983,-0.342281
27,-2.49659,12.6983,-0.342281
28,0.436207,5.04585,-2.98815
27,0.436207,5.04585,-2.98815
28,12.0453,16.2685,0.61656
27,12.0453,16.2685,0.61656
28,2.7777,6.54958,-1.47559
27,2.7777,6.54958,-1.47559
28,2.2205,5.38762,-2.30514
27,2.2205,5.38762,-2.30514
28,0.716558,8.15861,-2.15833
27,0.716558,8.15861,-2.15833
28,5.03584,5.9807,-2.48669
27,5.03584,5.9807,-2.48669
28,1.1541,4.54472,-2.2794
27,1.1541,4.54472,-2.2794
28,6.62957,10.2447,-1.11416
27,6.62957,10.2447,-1.11416
28,12.2934,18.9812,0.619392
27,12.2934,18.9812,0.619392
28,4.55372,7.47262,-2.47613
27,4.55372,7.47262,-2.47613
28,4.40574,10.1006,-2.42547
27,4.40574,10.1006,-2.42547
28,4.07574,11.7193,-1.31467
27,4.07574,11.7193,-1.31467
28,-4.04776,16.4813,-0.770225
27,-4.04776,16.4813,-0.770225
28,7.84892,11.3692,-1.99809
27,7.84892,11.3692,-1.99809
28,2.98871,14.4786,0.778316
27,2.98871,14.4786,0.778316
28,-4.7189,9.25438,-0.699327
27,-4.7189,9.25438,-0.699327
28,4.70547,10.9077,-2.63497
27,4.70547,10.9077,-2.63497
28,6.54094,8.70949,-0.790865
27,6.54094,8.70949,-0.790865
28,32.0224,47.6413,1.10874
27,32.0224,47.6413,1.10874
28,0.716232,9.44157,-2.6055
27,0.716232,9.44157,-2.6055
28,1.1186,10.2668,-0.443918
27,1.1186,10.2668,-0.443918
28,4.18581,6.99853,-2.26191
27,4.18581,6.99853,-2.26191
28,2.9359,6.12051,-3.53667
27,2.9359,6.12051,-3.53667
28,4.62431,6.67664,-3.39649
27,4.62431,6.67664,-3.39649
28,4.60636,6.11045,-3.04572
27,4.60636,6.11045,-3.04572
28,3.2716,4.37373,-1.50445
27,3.2716,4.37373,-1.50445
28,4.73905,6.20226,-2.26002
27,4.73905,6.20226,-2.26002
28,-0.363384,4.07255,-3.06988
26,-0.363384,4.07255,-3.06988
28,-0.479174,10.9751,-1.95112
26,-0.479174,10.9751,-1.95112
28,3.60094,6.88464,-2.16736
26,3.60094,6.88464,-2.16736
28,2.8481,8.85233,-3.19113
26,2.8481,8.85233,-3.19113
28,1.76729,8.82733,-3.41599
26,1.76729,8.82733,-3.41599
28,-0.402644,3.92006,-2.89272
26,-0.402644,3.92006,-2.89272
28,5.39749,8.16112,-3.90911
26,5.39749,8.16112,-3.90911
28,-0.204593,12.8343,0.390352
26,-0.204593,12.8343,0.390352
28,4.56375,8.73695,-0.742145
26,4.56375,8.73695,-0.742145
28,-0.533704,11.8745,-2.12453
26,-0.533704,11.8745,-2.12453
28,0.394877,7.94988,-3.13204
26,0.394877,7.94988,-3.13204
28,3.66938,9.15664,-0.348743
26,3.66938,9.15664,-0.348743
28,2.30795,4.23453,-3.69304
26,2.30795,4.23453,-3.69304
28,-0.532402,11.0679,-1.96574
26,-0.532402,11.0679,-1.96574
28,3.44272,6.66082,-2.66857
26,3.44272,6.66082,-2.66857
28,9.11434,14.1336,-0.0696818
26,9.11434,14.1336,-0.0696818
28,-0.0998359,9.63094,-2.41408
26,-0.0998359,9.63094,-2.41408
28,15.8427,23.5287,0.745809
26,15.8427,23.5287,0.745809
28,2.91842,9.0508,-0.398102
26,2.91842,9.0508,-0.398102
28,3.77849,4.4249,-2.29072
26,3.77849,4.4249,-2.29072
28,-4.63879,11.8358,-2.64107
26,-4.63879,11.8358,-2.64107
28,12.2982,16.5474,-1.70138
26,12.2982,16.5474,-1.70138
28,8.78505,13.5694,-1.56432
26,8.78505,13.5694,-1.56432
28,3.67598,3.94527,-2.45289
26,3.67598,3.94527,-2.45289
28,1.07757,10.4539,-0.473277
26,1.07757,10.4539,-0.473277
28,4.50529,7.22583,-2.62008
26,4.50529,7.22583,-2.62008
28,9.049,12.216,-1.15636
26,9.049,12.216,-1.15636
28,-0.184731,5.9115,-1.72843
26,-0.184731,5.9115,-1.72843
28,1.2945,9.24126,-2.698
22,1.2945,9.24126,-2.698
28,-0.648706,6.32631,-1.54041
22,-0.648706,6.32631,-1.54041
28,-0.279408,13.0661,-2.27333
22,-0.279408,13.0661,-2.27333
28,3.64195,9.07003,-0.410644
22,3.64195,9.07003,-0.410644
28,0.345128,3.10446,-2.32931
22,0.345128,3.10446,-2.32931
28,0.861451,8.44555,-3.2581
22,0.861451,8.44555,-3.2581
28,0.47161,2.87114,-2.13244
22,0.47161,2.87114,-2.13244
28,-1.07216,14.1264,1.24031
22,-1.07216,14.1264,1.24031
28,-1.93262,13.4586,0.723171
22,-1.93262,13.4586,0.723171
28,1.0529,13.2909,1.42655
22,1.0529,13.2909,1.42655
28,0.35481,3.12423,-2.3424
22,0.35481,3.12423,-2.3424
28,5.5109,6.7589,-2.85123
22,5.5109,6.7589,-2.85123
28,2.34071,8.70768,-2.5731
22,2.34071,8.70768,-2.5731
28,1.91378,5.89453,-2.94346
22,1.91378,5.89453,-2.94346
28,2.24287,6.04622,-4.25203
22,2.24287,6.04622,-4.25203
28,-0.284841,5.98724,-1.67548
22,-0.284841,5.98724,-1.67548
28,0.38578,10.6616,-2.22987
22,0.38578,10.6616,-2.22987
28,-0.324157,10.6646,-2.23696
22,-0.324157,10.6646,-2.23696
28,3.73924,7.13621,-2.30421
22,3.73924,7.13621,-2.30421
28,0.4,11.2806,-2.36156
22,0.4,11.2806,-2.36156
28,3.14674,7.4597,-3.33634
22,3.14674,7.4597,-3.33634
28,2.24134,5.19155,-2.85507
22,2.24134,5.19155,-2.85507
28,2.455,8.37815,-2.51831
25,2.455,8.37815,-2.51831
28,0.865936,9.53623,-2.7547
25,0.865936,9.53623,-2.7547
28,3.65846,9.5419,-0.442648
25,3.65846,9.5419,-0.442648
28,2.97268,14.09,-0.747565
25,2.97268,14.09,-0.747565
28,2.76428,7.9327,-3.20216
25,2.76428,7.9327,-3.20216
28,-0.997612,8.8048,-2.19788
25,-0.997612,8.8048,-2.19788
28,0.601718,8.84032,-3.33107
25,0.601718,8.84032,-3.33107
28,0.525233,12.8731,0.184344
25,0.525233,12.8731,0.184344
28,1.49278,9.41388,-2.5175
25,1.49278,9.41388,-2.5175
28,0.340159,7.74132,-3.02846
25,0.340159,7.74132,-3.02846
28,1.85171,9.43948,-0.432306
25,1.85171,9.43948,-0.432306
28,16.6095,24.819,0.783049
25,16.6095,24.819,0.783049
28,-4.39137,9.26309,-0.75508
25,-4.39137,9.26309,-0.75508
28,-0.0964541,3.50207,-2.47278
25,-0.0964541,3.50207,-2.47278
28,-0.0966551,3.52188,-2.48109
25,-0.0966551,3.52188,-2.48109
28,0.141377,11.3039,-1.01424
25,0.141377,11.3039,-1.01424
28,8.55048,12.3047,-2.7068
25,8.55048,12.3047,-2.7068
28,-0.466508,3.64072,-2.75337
7,-0.466508,3.64072,-2.75337
28,-0.80834,6.0757,-3.44787
7,-0.80834,6.0757,-3.44787
28,-0.822973,5.33409,-1.59017
7,-0.822973,5.33409,-1.59017
28,0.137905,8.09618,0.842934
7,0.137905,8.09618,0.842934
28,3.16941,5.28769,-3.79988
7,3.16941,5.28769,-3.79988
28,4.00112,11.4862,-1.34755
7,4.00112,11.4862,-1.34755
28,-3.59695,14.9948,1.34806
7,-3.59695,14.9948,1.34806
28,1.13572,12.1505,-2.71887
7,1.13572,12.1505,-2.71887
28,2.38083,8.75551,-1.82963
7,2.38083,8.75551,-1.82963
28,-1.71261,11.2184,-1.94358
7,-1.71261,11.2184,-1.94358
28,2.70253,8.74128,-0.336938
7,2.70253,8.74128,-0.336938
28,-0.992032,3.91286,-2.08147
10,-0.992032,3.91286,-2.08147
28,1.20477,9.94341,-2.95949
10,1.20477,9.94341,-2.95949
28,0.975269,5.32974,-3.15944
10,0.975269,5.32974,-3.15944
28,-1.9744,11.0655,-1.99297
10,-1.9744,11.0655,-1.99297
28,4.3324,7.20819,-2.34586
10,4.3324,7.20819,-2.34586
28,1.95231,9.67985,-0.439361
6,1.95231,9.67985,-0.439361
28,1.97098,8.45931,-3.13133
6,1.97098,8.45931,-3.13133
28,-0.30342,5.85111,-1.7923
6,-0.30342,5.85111,-1.7923
28,-1.23973,6.17626,-1.66085
6,-1.23973,6.17626,-1.66085
28,-1.65674,9.24776,-1.59689
6,-1.65674,9.24776,-1.59689
28,1.96743,8.01258,-2.34058
6,1.96743,8.01258,-2.34058
28,1.59059,9.8906,-3.22586
6,1.59059,9.8906,-3.22586
28,1.01916,3.73386,-2.56736
6,1.01916,3.73386,-2.56736
28,2.5508,8.83282,-2.04351
24,2.5508,8.83282,-2.04351
28,2.74129,9.45205,-0.425416
24,2.74129,9.45205,-0.425416
28,2.88037,9.95674,-0.467901
24,2.88037,9.95674,-0.467901
28,10.2658,13.8616,-1.37039
24,10.2658,13.8616,-1.37039
28,4.41279,9.1561,-1.76623
24,4.41279,9.1561,-1.76623
28,0.688902,3.98992,-2.57291
24,0.688902,3.98992,-2.57291
28,-2.63458,12.3734,-3.13616
20,-2.63458,12.3734,-3.13616
28,-4.17147,10.6642,-2.34108
20,-4.17147,10.6642,-2.34108
28,2.45692,10.2896,-2.37518
20,2.45692,10.2896,-2.37518
28,2.18679,8.21149,-1.70298
20,2.18679,8.21149,-1.70298
28,2.18958,6.6395,-4.22479
8,2.18958,6.6395,-4.22479
28,3.67838,6.96886,-3.11376
8,3.67838,6.96886,-3.11376
28,2.46066,7.72028,-2.72162
8,2.46066,7.72028,-2.72162
28,2.58109,13.3304,0.555503
8,2.58109,13.3304,0.555503
28,1.57993,11.0851,-3.25803
19,1.57993,11.0851,-3.25803
28,1.68738,11.4689,-1.62662
19,1.68738,11.4689,-1.62662
28,2.82635,6.66869,-2.95594
19,2.82635,6.66869,-2.95594
28,-4.59715,9.70384,-1.78701
19,-4.59715,9.70384,-1.78701
29,-0.0512787,0.324819,0.149775
29,-0.0615182,0.467298,0.0232728
29,-0.063918,0.470385,0.0231715
29,-0.0657046,0.471049,0.024054
29,0.36056,0.89143,-0.438195
29,-0.191205,1.35029,-0.643462
29,-0.342825,2.43235,-0.284329
29,0.221786,3.1735,0.0354016
29,-0.488335,2.60704,-1.68601
29,-0.599218,2.7162,-1.73833
29,0.909998,2.79839,-1.20611
29,-0.62042,2.75977,-1.77722
29,0.911611,2.79766,-1.22807
29,-0.115548,2.99362,-2.02923
29,-0.69071,3.08856,-2.04303
29,-0.254296,3.16189,-2.06924
29,-0.104183,3.13752,-2.2056
29,0.511523,3.29839,-1.80745
29,-0.739001,3.315,-2.2226
29,0.315342,3.17406,-2.35256
29,-0.627999,3.84657,-0.955625
29,0.316197,3.18987,-2.36834
29,1.46403,2.96477,-2.58777
29,0.227933,3.20842,-2.47274
29,0.217063,3.19702,-2.54987
29,-0.052097,3.36793,-2.21915
29,0.0610372,3.48828,-2.15109
29,1.54971,3.09499,-2.7193
29,0.064867,3.51837,-2.18081
29,-0.326376,3.47579,-2.55126
29,0.190987,3.40624,-2.59535
29,0.242267,3.3927,-2.62435
29,0.908568,3.33352,-2.60546
29,-0.944853,4.29908,-1.52603
29,1.07887,3.67625,-2.75613
29,1.09179,3.8377,-2.64471
29,2.94606,4.01073,-1.75688
29,1.0503,3.88411,-2.69733
29,-0.959538,4.74629,-1.19006
29,1.11332,3.91757,-2.70798
29,-0.247375,4.12546,-2.83001
29,-0.000294939,4.65723,-1.68108
29,1.20514,5.01106,-0.566274
29,1.92061,5.30631,-0.129985
29,0.0332428,4.6821,-2.28407
29,1.48442,4.43666,-2.59569
29,-0.938651,5.06409,-1.9292
29,3.34339,4.42079,-2.25104
29,-1.29203,4.89981,-2.57969
29,-0.838826,5.1097,-1.92072
29,3.34848,4.55835,-2.16942
29,-0.885945,5.2283,-2.00202
29,1.56863,5.05071,-1.91938
29,1.64648,5.25682,-2.01963
29,3.62905,4.92858,-2.33078
29,1.0098,5.45248,-1.97732
29,1.0731,4.94779,-3.37975
29,3.258,4.55008,-3.74885
29,1.66637,4.78849,-3.72223
29,1.169,5.04399,-3.49241
29,0.580572,6.46018,-0.206252
29,1.8144,5.15761,-3.25021
29,-3.55931,6.99721,-0.479695
29,1.37036,5.21148,-3.52751
29,1.37215,5.21429,-3.54912
29,-0.202412,5.56997,-3.50267
29,3.7489,6.19041,-0.937165
29,-1.36445,6.99805,-0.708354
29,1.21298,5.48321,-3.79566
29,2.35338,5.99641,-2.16576
29,3.71476,5.05874,-4.27609
29,-3.64527,7.04627,-1.64747
29,-0.554924,4.92283,-1.57106
22,-0.554924,4.92283,-1.57106
29,3.17006,8.13429,-3.31545
22,3.17006,8.13429,-3.31545
29,2.91807,9.41251,-0.414288
22,2.91807,9.41251,-0.414288
29,2.01085,9.30125,-2.5646
22,2.01085,9.30125,-2.5646
29,2.59136,9.69937,-2.89032
22,2.59136,9.69937,-2.89032
29,3.99254,9.34648,-1.57036
22,3.99254,9.34648,-1.57036
29,2.13906,6.78222,-0.223007
22,2.13906,6.78222,-0.223007
29,3.93669,9.01522,-0.373901
22,3.93669,9.01522,-0.373901
29,2.29334,8.8221,-2.47856
22,2.29334,8.8221,-2.47856
29,3.69702,9.20952,-0.421614
22,3.69702,9.20952,-0.421614
29,-1.08188,4.03251,-1.87199
22,-1.08188,4.03251,-1.87199
29,3.92405,8.9525,-2.12625
22,3.92405,8.9525,-2.12625
29,3.66696,8.45743,-0.341743
22,3.66696,8.45743,-0.341743
29,0.510329,9.99176,-1.78929
22,0.510329,9.99176,-1.78929
29,4.04716,8.52874,-1.62503
22,4.04716,8.52874,-1.62503
29,1.94032,5.0827,-3.88075
22,1.94032,5.0827,-3.88075
29,0.665112,8.19004,-4.36424
22,0.665112,8.19004,-4.36424
29,1.00216,5.44969,-3.2307
22,1.00216,5.44969,-3.2307
29,0.553192,5.30372,-3.51997
22,0.553192,5.30372,-3.51997
29,2.13111,6.75849,-0.217146
22,2.13111,6.75849,-0.217146
29,1.26529,10.763,-2.39738
22,1.26529,10.763,-2.39738
29,-0.775164,6.43687,-2.16664
22,-0.775164,6.43687,-2.16664
29,12.7668,19.7482,0.677843
22,12.7668,19.7482,0.677843
29,-0.443517,5.2216,-1.83361
22,-0.443517,5.2216,-1.83361
29,1.00397,5.45914,-3.23509
22,1.00397,5.45914,-3.23509
29,-0.0486872,3.45827,-2.44394
22,-0.0486872,3.45827,-2.44394
29,1.73911,7.56874,-2.78179
22,1.73911,7.56874,-2.78179
29,-0.0898026,4.00881,-2.90852
22,-0.0898026,4.00881,-2.90852
29,1.87684,12.7999,-1.86426
22,1.87684,12.7999,-1.86426
29,-0.10217,3.51067,-2.51504
22,-0.10217,3.51067,-2.51504
29,-0.101704,9.51204,-2.38502
22,-0.101704,9.51204,-2.38502
29,2.46976,5.53939,-3.13967
22,2.46976,5.53939,-3.13967
29,1.7124,8.44735,-3.24427
22,1.7124,8.44735,-3.24427
29,8.6969,12.548,-2.19904
22,8.6969,12.548,-2.19904
29,-4.73432,9.48492,0.00644767
22,-4.73432,9.48492,0.00644767
29,1.2603,10.8185,-2.3887
22,1.2603,10.8185,-2.3887
29,0.316753,8.84559,-1.8441
22,0.316753,8.84559,-1.8441
29,-0.0919123,9.7448,-2.43218
22,-0.0919123,9.7448,-2.43218
29,-1.73624,5.41227,-1.6286
22,-1.73624,5.41227,-1.6286
29,2.41418,9.63872,-2.86677
22,2.41418,9.63872,-2.86677
29,3.24326,5.43836,-3.91451
22,3.24326,5.43836,-3.91451
29,4.72099,9.22965,-1.79129
22,4.72099,9.22965,-1.79129
29,3.28854,7.81062,-3.52301
22,3.28854,7.81062,-3.52301
29,2.27268,9.54551,-2.17016
22,2.27268,9.54551,-2.17016
29,-0.63164,6.57858,-1.83529
22,-0.63164,6.57858,-1.83529
29,-1.23624,7.00179,-2.75124
22,-1.23624,7.00179,-2.75124
29,2.6786,9.31276,-2.67583
22,2.6786,9.31276,-2.67583
29,3.46884,8.12579,-3.07556
25,3.46884,8.12579,-3.07556
29,0.284498,3.14258,-2.36293
25,0.284498,3.14258,-2.36293
29,3.70677,9.67016,-0.45786
25,3.70677,9.67016,-0.45786
29,2.22049,5.62598,-3.02573
25,2.22049,5.62598,-3.02573
29,0.445687,8.24101,-3.2082
25,0.445687,8.24101,-3.2082
29,4.18531,6.80848,-3.76826
25,4.18531,6.80848,-3.76826
29,1.8251,8.70656,-2.5204
25,1.8251,8.70656,-2.5204
29,2.41657,5.70432,-2.89867
25,2.41657,5.70432,-2.89867
29,2.21855,5.62179,-3.01997
25,2.21855,5.62179,-3.01997
29,1.81136,4.10597,-3.53121
25,1.81136,4.10597,-3.53121
29,-0.0196542,11.1867,-1.04942
25,-0.0196542,11.1867,-1.04942
29,11.8462,18.2958,-0.153804
25,11.8462,18.2958,-0.153804
29,0.521429,10.5336,-1.90745
25,0.521429,10.5336,-1.90745
29,3.67931,4.16031,-2.27026
25,3.67931,4.16031,-2.27026
29,0.43297,9.62539,-3.81617
25,0.43297,9.62539,-3.81617
29,1.91836,8.70472,-2.56705
25,1.91836,8.70472,-2.56705
29,4.43587,5.17068,-2.18461
25,4.43587,5.17068,-2.18461
29,-3.40944,17.5357,-0.593225
25,-3.40944,17.5357,-0.593225
29,0.523073,9.86448,-0.43826
25,0.523073,9.86448,-0.43826
29,6.89139,7.0898,-2.11162
25,6.89139,7.0898,-2.11162
29,-1.23172,5.23939,-1.73814
25,-1.23172,5.23939,-1.73814
29,6.85163,6.89083,-2.96377
25,6.85163,6.89083,-2.96377
29,1.57145,9.47773,-2.67339
25,1.57145,9.47773,-2.67339
29,-1.73189,5.66519,-1.94913
25,-1.73189,5.66519,-1.94913
29,3.90233,4.31638,-2.02594
25,3.90233,4.31638,-2.02594
29,-0.919753,3.90764,-1.87677
25,-0.919753,3.90764,-1.87677
29,8.68794,13.1362,0.441448
25,8.68794,13.1362,0.441448
29,0.692893,8.68362,-2.37471
25,0.692893,8.68362,-2.37471
29,-0.912943,4.74761,-2.02455
25,-0.912943,4.74761,-2.02455
29,3.74339,7.19063,-2.93321
26,3.74339,7.19063,-2.93321
29,2.04753,4.52912,-2.50728
26,2.04753,4.52912,-2.50728
29,5.12191,7.47784,-3.73194
26,5.12191,7.47784,-3.73194
29,2.29979,9.08547,-2.72317
26,2.29979,9.08547,-2.72317
29,3.62064,8.39207,-2.00835
26,3.62064,8.39207,-2.00835
29,0.0647865,10.4198,-1.69942
26,0.0647865,10.4198,-1.69942
29,8.47833,11.6462,-3.10761
26,8.47833,11.6462,-3.10761
29,6.62894,9.13866,-2.36546
26,6.62894,9.13866,-2.36546
29,-3.30803,13.5857,-0.621682
26,-3.30803,13.5857,-0.621682
29,-0.201715,6.31106,-1.87878
26,-0.201715,6.31106,-1.87878
29,0.29862,3.63824,-2.07146
26,0.29862,3.63824,-2.07146
29,-2.51058,10.2089,-0.370081
26,-2.51058,10.2089,-0.370081
29,3.27748,7.99767,-2.89414
6,3.27748,7.99767,-2.89414
29,2.39628,8.33107,-0.355022
6,2.39628,8.33107,-0.355022
29,2.39849,9.20861,-2.59698
6,2.39849,9.20861,-2.59698
29,-0.749959,4.79164,-1.79882
6,-0.749959,4.79164,-1.79882
29,-0.131179,7.13487,-2.14279
6,-0.131179,7.13487,-2.14279
29,3.37993,8.85056,-0.398428
6,3.37993,8.85056,-0.398428
29,-0.610878,9.8076,-2.59919
6,-0.610878,9.8076,-2.59919
29,2.33376,8.1158,-1.69275
6,2.33376,8.1158,-1.69275
29,-1.84727,10.4064,-1.85594
6,-1.84727,10.4064,-1.85594
29,-0.447738,5.43831,-1.83708
6,-0.447738,5.43831,-1.83708
29,0.291722,7.75229,-2.12924
6,0.291722,7.75229,-2.12924
29,2.80622,6.3913,-3.22346
6,2.80622,6.3913,-3.22346
29,-0.749197,10.7914,-2.7526
6,-0.749197,10.7914,-2.7526
29,-2.42695,9.97135,-2.6506
6,-2.42695,9.97135,-2.6506
29,-2.98514,7.33903,-2.65119
6,-2.98514,7.33903,-2.65119
29,-0.160052,5.83282,-1.70236
6,-0.160052,5.83282,-1.70236
29,-1.21627,6.14089,-1.76643
6,-1.21627,6.14089,-1.76643
29,1.15047,4.91429,-3.36055
6,1.15047,4.91429,-3.36055
29,2.42366,9.56994,-2.8655
6,2.42366,9.56994,-2.8655
29,-0.656572,10.3566,-2.74
6,-0.656572,10.3566,-2.74
29,-0.609828,9.5632,-2.52057
6,-0.609828,9.5632,-2.52057
29,2.55697,9.2148,-1.95783
6,2.55697,9.2148,-1.95783
29,1.26779,10.8577,-0.563528
7,1.26779,10.8577,-0.563528
29,-0.844803,5.01909,-1.89987
7,-0.844803,5.01909,-1.89987
29,-1.82846,7.69134,-2.23374
7,-1.82846,7.69134,-2.23374
29,-1.85977,6.9262,-1.9309
7,-1.85977,6.9262,-1.9309
29,-1.87334,6.94564,-1.93306
7,-1.87334,6.94564,-1.93306
29,0.204757,10.7266,-1.32229
24,0.204757,10.7266,-1.32229
29,-0.280398,9.34937,-2.34492
24,-0.280398,9.34937,-2.34492
29,0.432149,10.4905,-0.472327
24,0.432149,10.4905,-0.472327
29,11.8082,18.2544,0.304345
24,11.8082,18.2544,0.304345
29,2.49411,8.74259,-1.84804
24,2.49411,8.74259,-1.84804
29,-0.776911,5.84349,-1.9268
24,-0.776911,5.84349,-1.9268
29,3.44963,7.20996,-3.00239
24,3.44963,7.20996,-3.00239
29,8.92287,12.7732,-2.38931
24,8.92287,12.7732,-2.38931
29,0.36822,10.2247,-2.25489
10,0.36822,10.2247,-2.25489
29,-1.3851,9.2494,-1.52912
10,-1.3851,9.2494,-1.52912
29,-1.82449,12.3131,-2.8799
10,-1.82449,12.3131,-2.8799
29,3.23607,10.0556,-3.45026
10,3.23607,10.0556,-3.45026
29,3.38497,10.5078,-3.62331
10,3.38497,10.5078,-3.62331
29,-1.0275,14.817,-3.9117
10,-1.0275,14.817,-3.9117
29,-0.97813,5.25321,-2.04546
10,-0.97813,5.25321,-2.04546
29,3.38325,9.77445,-1.07367
10,3.38325,9.77445,-1.07367
29,-0.599698,7.77974,-1.92212
10,-0.599698,7.77974,-1.92212
29,1.48111,9.7978,-2.99615
17,1.48111,9.7978,-2.99615
29,1.77567,9.53329,-2.7449
17,1.77567,9.53329,-2.7449
29,3.6047,7.74279,-4.54594
17,3.6047,7.74279,-4.54594
29,-0.22899,7.41024,-1.73146
17,-0.22899,7.41024,-1.73146
29,-5.22088,22.3854,1.83739
17,-5.22088,22.3854,1.83739
29,-0.279463,9.59057,-2.36957
17,-0.279463,9.59057,-2.36957
29,1.55756,7.73268,-2.90879
17,1.55756,7.73268,-2.90879
29,-0.170798,5.18351,-3.14923
17,-0.170798,5.18351,-3.14923
29,1.00884,10.6628,-0.532684
20,1.00884,10.6628,-0.532684
29,-0.272684,10.7192,-2.64052
20,-0.272684,10.7192,-2.64052
29,-4.20645,8.79439,-0.00955853
20,-4.20645,8.79439,-0.00955853
30,0.0375334,0.496607,-0.0828891
30,0.0379896,0.496817,-0.0839971
30,0.0377645,0.497755,-0.0850966
30,-0.00614497,0.517189,-0.088534
30,0.109407,0.494774,-0.0931698
30,1.19298,1.35064,-0.934832
30,1.20313,1.35672,-0.940154
30,1.20837,1.36049,-0.937623
30,1.22618,1.36458,-0.939743
30,1.17006,1.41091,-1.03102
30,1.05245,1.44419,-1.02723
30,1.05624,1.44738,-1.03157
30,1.06452,1.4493,-1.02494
30,1.06541,1.45538,-1.02716
30,1.10131,1.45739,-1.01873
30,1.07916,1.47562,-1.0078
30,0.989396,1.47346,-1.09424
30,1.11786,1.47835,-1.03364
30,1.10132,1.47702,-1.04817
30,1.14451,1.4738,-1.12969
30,0.323282,2.97653,-2.18376
30,0.3057,3.0267,-2.22943
30,1.32663,2.88564,-2.35786
30,0.319251,3.10637,-2.2931
30,0.313018,3.12745,-2.3205
30,0.280033,3.15311,-2.36098
30,0.200799,3.18722,-2.34393
30,0.203169,3.20858,-2.35242
30,-0.735343,3.41925,-2.29597
30,-0.646372,3.41214,-2.32314
30,-0.721461,3.43373,-2.33018
30,-0.644322,3.43889,-2.35047
30,1.4016,3.00624,-2.50029
30,0.205817,3.26222,-2.41435
30,2.408,2.78131,-2.66121
30,-0.085315,3.32256,-2.52835
30,1.40226,3.05817,-2.53926
30,2.90364,3.06358,-1.9059
30,1.43412,3.07176,-2.56136
30,0.909562,3.21793,-2.50996
30,3.41207,2.79796,-2.46269
30,-1.05667,3.75567,-2.1746
30,-0.999848,3.83974,-1.95494
30,3.42041,2.82218,-2.48043
30,-1.06184,3.78905,-2.18886
30,-0.117734,3.53765,-2.43496
30,-1.69621,3.9141,-2.37832
30,3.12121,3.18575,-2.01563
30,3.00753,3.24081,-1.93497
30,-1.69389,3.93456,-2.36866
30,3.10128,3.24688,-2.0217
30,0.976611,3.43095,-2.54542
30,3.10943,3.25441,-2.04848
30,0.0767511,3.71833,-2.34074
30,0.0784893,3.75784,-2.35656
30,0.0833874,3.76346,-2.36335
30,3.17845,3.32436,-2.07824
30,3.16082,3.35185,-2.12097
30,-1.26037,3.98275,-2.5904
30,0.0828267,3.82514,-2.39459
30,1.02041,3.56084,-2.64519
30,-0.99176,4.19697,-2.04222
30,1.54132,3.39199,-2.86256
30,1.63915,3.70503,-3.12726
30,-0.748601,4.69341,-1.95102
30,1.6766,3.79078,-3.22248
30,-0.773081,4.75523,-1.99446
30,-0.802877,4.84864,-2.02652
30,-1.05992,5.04156,-1.7802
30,3.26223,4.04331,-2.51839
30,-1.3224,5.19666,-1.79074
30,-0.964882,5.19189,-2.03172
30,-0.440987,5.35643,-1.78898
30,0.880212,4.81503,-2.81565
30,0.882506,4.82745,-2.81361
30,1.81784,4.80447,-2.61036
30,-0.467416,5.5654,-1.8668
30,1.8868,5.31731,-1.51184
30,-0.752626,5.73895,-1.89425
30,1.87584,4.92684,-2.70895
30,1.85819,4.47326,-3.82412
30,-1.19619,5.9315,-1.71941
30,-0.897404,5.87203,-1.73876
30,3.89353,4.73741,-2.39968
30,3.61177,4.647,-2.78239
30,3.62546,4.64848,-2.77585
30,1.93037,5.003,-2.77962
30,2.68814,4.43745,-3.88594
30,-0.92332,6.02292,-1.84239
30,2.74164,4.4933,-3.94923
30,1.96626,5.09618,-2.85256
30,-0.732524,5.96553,-1.97658
30,-0.702903,5.97047,-1.98039
30,2.73505,4.51629,-3.96433
30,2.74255,4.52709,-3.97964
30,-1.31097,6.26245,-1.84823
30,4.72104,4.85214,-2.59216
30,-1.8856,6.28538,-2.27514
30,2.55571,4.68998,-4.1624
30,-0.756888,5.72319,-3.19616
30,1.98751,5.46446,-2.73937
30,-1.96279,6.01299,-3.17106
30,-1.79791,6.60001,-1.97013
30,2.12709,5.97493,-1.76026
30,-0.539333,6.43776,-1.88927
30,0.437378,5.66257,-3.36556
30,-0.541278,6.49904,-1.90418
30,-0.205643,6.80525,-1.34238
30,5.19142,7.88828,-3.74619
28,5.19142,7.88828,-3.74619
30,4.05663,9.48827,-1.59882
28,4.05663,9.48827,-1.59882
30,3.61393,7.48871,-3.11289
28,3.61393,7.48871,-3.11289
30,2.6552,9.88835,-2.29472
28,2.6552,9.88835,-2.29472
30,0.183312,11.6369,-1.02949
28,0.183312,11.6369,-1.02949
30,1.29265,9.24123,-2.68454
28,1.29265,9.24123,-2.68454
30,1.19726,11.6661,-0.562346
28,1.19726,11.6661,-0.562346
30,3.35645,9.04897,-1.99351
28,3.35645,9.04897,-1.99351
30,3.85992,10.0261,-0.483582
28,3.85992,10.0261,-0.483582
30,2.83907,8.02841,-3.56977
28,2.83907,8.02841,-3.56977
30,0.339398,8.08149,-3.16443
28,0.339398,8.08149,-3.16443
30,3.43019,9.23132,-2.03711
28,3.43019,9.23132,-2.03711
30,3.80441,7.86411,-3.27792
28,3.80441,7.86411,-3.27792
30,8.76532,12.1487,-2.28699
28,8.76532,12.1487,-2.28699
30,3.61765,9.42281,-0.423437
28,3.61765,9.42281,-0.423437
30,0.413921,10.042,-2.83446
28,0.413921,10.042,-2.83446
30,0.375828,10.6375,-2.30357
28,0.375828,10.6375,-2.30357
30,1.35495,11.6204,-2.60507
28,1.35495,11.6204,-2.60507
30,-1.51367,10.4802,-2.72345
28,-1.51367,10.4802,-2.72345
30,2.54071,5.69315,-3.22225
28,2.54071,5.69315,-3.22225
30,7.83761,10.7703,-2.85208
28,7.83761,10.7703,-2.85208
30,3.55053,9.7034,-3.0517
28,3.55053,9.7034,-3.0517
30,1.09818,9.78027,-0.372405
28,1.09818,9.78027,-0.372405
30,-2.05361,10.8286,0.788511
28,-2.05361,10.8286,0.788511
30,-2.22989,12.6167,-2.32192
28,-2.22989,12.6167,-2.32192
30,1.42827,8.93193,-2.36901
28,1.42827,8.93193,-2.36901
30,2.16464,9.19508,-2.08647
28,2.16464,9.19508,-2.08647
30,-2.2485,9.13686,-0.325385
28,-2.2485,9.13686,-0.325385
30,8.20656,12.583,-1.45709
28,8.20656,12.583,-1.45709
30,5.12364,6.3855,-2.30506
28,5.12364,6.3855,-2.30506
30,5.45199,10.2473,-0.874905
28,5.45199,10.2473,-0.874905
30,3.41229,5.67752,-4.10127
28,3.41229,5.67752,-4.10127
30,3.30404,7.7379,-3.47607
28,3.30404,7.7379,-3.47607
30,2.58273,9.45219,-1.99082
28,2.58273,9.45219,-1.99082
30,-1.85808,6.31245,-2.0534
28,-1.85808,6.31245,-2.0534
30,5.19692,13.1853,-0.672366
28,5.19692,13.1853,-0.672366
30,4.31266,10.068,-2.40774
28,4.31266,10.068,-2.40774
30,4.66579,7.49095,-2.7183
28,4.66579,7.49095,-2.7183
30,3.32663,7.88046,-3.54792
28,3.32663,7.88046,-3.54792
30,0.335086,10.0593,-2.08088
28,0.335086,10.0593,-2.08088
30,2.57333,7.8298,-1.63455
28,2.57333,7.8298,-1.63455
30,2.74143,8.61228,-0.361521
28,2.74143,8.61228,-0.361521
30,5.29754,6.80485,-2.60248
28,5.29754,6.80485,-2.60248
30,0.0529026,6.2552,-2.37274
29,0.0529026,6.2552,-2.37274
30,2.84281,9.19766,-0.402496
29,2.84281,9.19766,-0.402496
30,-0.19113,9.29032,-1.56315
29,-0.19113,9.29032,-1.56315
30,3.70283,8.52437,-0.341849
29,3.70283,8.52437,-0.341849
30,2.61608,8.73461,-2.57273
29,2.61608,8.73461,-2.57273
30,2.47269,9.53028,-2.85968
29,2.47269,9.53028,-2.85968
30,13.283,20.3396,-2.26113
29,13.283,20.3396,-2.26113
30,5.77038,7.11659,-2.62191
29,5.77038,7.11659,-2.62191
30,2.74679,9.13533,-2.69791
29,2.74679,9.13533,-2.69791
30,2.88252,9.88336,-2.12504
29,2.88252,9.88336,-2.12504
30,3.59782,8.32124,-0.332954
29,3.59782,8.32124,-0.332954
30,4.86002,6.47335,-3.80626
29,4.86002,6.47335,-3.80626
30,2.06828,6.05413,-3.56169
29,2.06828,6.05413,-3.56169
30,4.74978,8.96995,-2.94116
29,4.74978,8.96995,-2.94116
30,-0.0205633,8.93678,-0.796285
29,-0.0205633,8.93678,-0.796285
30,8.42592,11.0612,-1.09998
29,8.42592,11.0612,-1.09998
30,0.921425,8.86847,-3.09892
29,0.921425,8.86847,-3.09892
30,3.17118,7.1618,-3.64672
29,3.17118,7.1618,-3.64672
30,4.36589,4.76592,-2.28203
29,4.36589,4.76592,-2.28203
30,0.207202,11.0928,-1.01256
29,0.207202,11.0928,-1.01256
30,-0.265555,8.52406,-2.07242
29,-0.265555,8.52406,-2.07242
30,4.26431,7.04772,-2.31865
29,4.26431,7.04772,-2.31865
30,-0.706405,4.32947,-1.78922
29,-0.706405,4.32947,-1.78922
30,0.133915,7.74492,-0.295129
29,0.133915,7.74492,-0.295129
30,1.296,7.89683,-2.17231
29,1.296,7.89683,-2.17231
30,1.09803,9.62848,-2.09912
29,1.09803,9.62848,-2.09912
30,-1.64688,8.75308,0.658202
29,-1.64688,8.75308,0.658202
30,0.379404,10.0881,-2.13661
29,0.379404,10.0881,-2.13661
30,-3.30442,13.5706,-0.596033
29,-3.30442,13.5706,-0.596033
30,0.598314,8.15425,-2.20543
29,0.598314,8.15425,-2.20543
30,-3.28396,13.4898,-0.584905
29,-3.28396,13.4898,-0.584905
30,2.23558,5.90372,-4.36843
29,2.23558,5.90372,-4.36843
30,0.570786,5.50543,-3.65129
22,0.570786,5.50543,-3.65129
30,4.71022,7.26477,-3.90612
22,4.71022,7.26477,-3.90612
30,3.36675,9.40694,-0.398145
22,3.36675,9.40694,-0.398145
30,4.26412,7.17085,-2.33101
22,4.26412,7.17085,-2.33101
30,3.7582,8.66394,-0.680631
22,3.7582,8.66394,-0.680631
30,1.67989,4.74173,-2.71476
22,1.67989,4.74173,-2.71476
30,13.802,21.3593,0.704457
22,13.802,21.3593,0.704457
30,2.73374,8.35688,-3.38231
22,2.73374,8.35688,-3.38231
30,4.48708,5.80849,-3.12264
22,4.48708,5.80849,-3.12264
30,9.07944,13.1087,-2.31438
22,9.07944,13.1087,-2.31438
30,2.38504,12.4912,0.536132
22,2.38504,12.4912,0.536132
30,3.47655,4.2331,-2.11373
22,3.47655,4.2331,-2.11373
30,4.35723,5.6505,-2.98861
22,4.35723,5.6505,-2.98861
30,4.98469,6.24233,-2.22788
22,4.98469,6.24233,-2.22788
30,3.71945,4.53327,-2.29784
22,3.71945,4.53327,-2.29784
30,2.54245,9.09683,-1.95447
22,2.54245,9.09683,-1.95447
30,6.7218,10.3408,-1.14728
22,6.7218,10.3408,-1.14728
30,3.62272,9.28083,-0.399024
22,3.62272,9.28083,-0.399024
30,0.289196,10.512,-2.25061
25,0.289196,10.512,-2.25061
30,3.76201,7.21014,-3.12268
25,3.76201,7.21014,-3.12268
30,9.05549,13.1038,-2.24927
25,9.05549,13.1038,-2.24927
30,3.26545,8.13081,-3.08251
25,3.26545,8.13081,-3.08251
30,2.67199,5.9651,-3.3889
25,2.67199,5.9651,-3.3889
30,3.88102,9.66372,-0.457355
25,3.88102,9.66372,-0.457355
30,4.72244,6.25567,-3.04355
25,4.72244,6.25567,-3.04355
30,-0.157913,5.83388,-1.70271
25,-0.157913,5.83388,-1.70271
30,0.240952,10.601,-1.85643
25,0.240952,10.601,-1.85643
30,0.470008,1.97783,-0.340569
25,0.470008,1.97783,-0.340569
30,2.29869,5.46891,-2.91005
25,2.29869,5.46891,-2.91005
30,9.79939,14.1444,-2.47577
25,9.79939,14.1444,-2.47577
30,4.56713,6.06996,-3.64676
25,4.56713,6.06996,-3.64676
30,-0.0928856,9.29529,-2.32408
25,-0.0928856,9.29529,-2.32408
30,4.79454,6.02574,-2.15647
25,4.79454,6.02574,-2.15647
30,2.49099,9.18269,-1.91922
25,2.49099,9.18269,-1.91922
30,6.85102,6.93069,-2.22575
25,6.85102,6.93069,-2.22575
30,3.91707,7.73626,-3.4432
25,3.91707,7.73626,-3.4432
30,0.243581,11.1544,-1.95812
25,0.243581,11.1544,-1.95812
30,4.83221,6.46641,-3.78204
25,4.83221,6.46641,-3.78204
30,3.73699,4.22593,-2.31462
25,3.73699,4.22593,-2.31462
30,4.69242,5.10104,-2.45721
25,4.69242,5.10104,-2.45721
30,-1.56944,10.8892,-2.81287
25,-1.56944,10.8892,-2.81287
30,2.40519,15.0444,-4.13711
25,2.40519,15.0444,-4.13711
30,-0.327421,5.76254,-1.59512
25,-0.327421,5.76254,-1.59512
30,4.48981,7.13436,-2.59131
25,4.48981,7.13436,-2.59131
30,15.1426,16.3451,0.792199
25,15.1426,16.3451,0.792199
30,6.41419,5.98878,-2.16806
25,6.41419,5.98878,-2.16806
30,7.94381,8.20661,-0.979014
25,7.94381,8.20661,-0.979014
30,-0.724461,3.79304,-2.62752
25,-0.724461,3.79304,-2.62752
30,7.48837,7.46804,-0.898258
25,7.48837,7.46804,-0.898258
30,14.2373,15.3424,0.73503
25,14.2373,15.3424,0.73503
30,-1.82399,9.39458,-1.73861
25,-1.82399,9.39458,-1.73861
30,0.743,9.76247,-2.71269
25,0.743,9.76247,-2.71269
30,1.40867,5.34905,-3.25546
25,1.40867,5.34905,-3.25546
30,3.94741,6.33153,-2.28772
25,3.94741,6.33153,-2.28772
30,3.87485,7.35534,-2.70063
24,3.87485,7.35534,-2.70063
30,4.16254,6.79684,-3.24219
24,4.16254,6.79684,-3.24219
30,4.06626,6.63886,-3.06033
24,4.06626,6.63886,-3.06033
30,4.72085,6.27273,-3.03348
24,4.72085,6.27273,-3.03348
30,2.51063,8.67992,-2.01113
24,2.51063,8.67992,-2.01113
30,1.68246,5.90113,-2.41726
24,1.68246,5.90113,-2.41726
30,8.55677,11.9404,-2.19653
24,8.55677,11.9404,-2.19653
30,8.14942,11.0867,-3.04071
24,8.14942,11.0867,-3.04071
30,9.10375,13.2041,-3.17819
24,9.10375,13.2041,-3.17819
30,5.11463,6.90644,-3.065
24,5.11463,6.90644,-3.065
30,2.68742,9.24546,-0.414284
24,2.68742,9.24546,-0.414284
30,3.29533,7.59306,-3.33948
24,3.29533,7.59306,-3.33948
30,6.62676,6.81702,-2.0157
24,6.62676,6.81702,-2.0157
30,6.54602,6.29734,-2.9343
24,6.54602,6.29734,-2.9343
30,0.736987,9.62832,-2.65288
24,0.736987,9.62832,-2.65288
30,5.02592,6.2744,-2.28157
24,5.02592,6.2744,-2.28157
30,13.5178,15.1597,0.409841
24,13.5178,15.1597,0.409841
30,-0.821936,5.86229,-1.90588
24,-0.821936,5.86229,-1.90588
30,2.63114,8.87761,-2.58894
24,2.63114,8.87761,-2.58894
30,6.47474,6.52663,-2.10281
24,6.47474,6.52663,-2.10281
30,14.1905,15.8259,0.417513
24,14.1905,15.8259,0.417513
30,15.9329,17.2331,0.82155
24,15.9329,17.2331,0.82155
30,6.31743,5.88493,-2.16252
24,6.31743,5.88493,-2.16252
30,7.67663,7.86185,-2.40318
24,7.67663,7.86185,-2.40318
30,16.9424,18.2939,0.800369
24,16.9424,18.2939,0.800369
30,6.66642,6.82165,-3.03478
24,6.66642,6.82165,-3.03478
30,1.47894,14.0725,-0.686016
24,1.47894,14.0725,-0.686016
30,1.97011,6.4119,-5.34315
7,1.97011,6.4119,-5.34315
30,0.271926,12.1046,-1.22188
7,0.271926,12.1046,-1.22188
30,0.85176,6.0296,-3.21995
7,0.85176,6.0296,-3.21995
30,1.91775,5.80389,-4.00764
7,1.91775,5.80389,-4.00764
30,-0.12506,6.31461,-1.85626
7,-0.12506,6.31461,-1.85626
30,1.56866,7.91222,-3.02472
7,1.56866,7.91222,-3.02472
30,3.71305,11.032,-2.44504
7,3.71305,11.032,-2.44504
30,2.12821,6.19036,-4.17064
7,2.12821,6.19036,-4.17064
30,1.01751,3.59984,-2.44028
7,1.01751,3.59984,-2.44028
30,0.525849,5.06214,-3.02413
7,0.525849,5.06214,-3.02413
30,3.69802,9.2982,-0.417536
7,3.69802,9.2982,-0.417536
30,-0.817177,9.52779,-2.46593
7,-0.817177,9.52779,-2.46593
30,0.760632,4.88677,-3.18214
7,0.760632,4.88677,-3.18214
30,-0.222492,6.0717,-1.79046
7,-0.222492,6.0717,-1.79046
30,1.91504,12.3167,-0.478222
10,1.91504,12.3167,-0.478222
30,1.53272,12.7547,-2.90501
10,1.53272,12.7547,-2.90501
30,1.33393,10.6322,-0.494025
10,1.33393,10.6322,-0.494025
30,3.48493,8.8055,-0.388238
10,3.48493,8.8055,-0.388238
30,2.07578,6.29442,-2.47914
10,2.07578,6.29442,-2.47914
30,-0.796182,10.2238,-2.6357
10,-0.796182,10.2238,-2.6357
30,-1.07284,7.92596,-1.83085
20,-1.07284,7.92596,-1.83085
31,0.51083,0.58617,0.247495
31,0.40629,1.25604,0.167969
31,1.60521,1.22369,-0.584636
31,1.61003,1.22376,-0.589442
31,1.51974,1.25846,-0.565574
31,1.57201,1.23113,-0.614616
31,1.51701,1.27139,-0.582057
31,1.52412,1.27229,-0.581288
31,1.09444,1.42236,-0.98386
31,0.941691,1.48317,-1.14543
31,3.08283,2.26062,-1.93872
31,2.47869,2.4228,-2.37326
31,-1.05219,3.37025,-2.14
31,1.28116,2.78332,-2.28217
31,2.51033,2.45218,-2.41107
31,3.0127,2.48891,-2.13973
31,0.214435,3.13255,-2.29641
31,-0.917975,3.59361,-1.81306
31,0.315713,3.13259,-2.42881
31,0.249025,3.19839,-2.40105
31,0.332677,3.15641,-2.46295
31,0.24922,3.23434,-2.43392
31,0.935677,4.25102,-0.0396358
31,0.413033,3.72808,-2.36321
31,1.03085,4.66967,-0.0776422
31,0.0664028,3.97426,-2.52502
31,0.0952902,4.08479,-2.61066
31,0.0961875,4.09946,-2.60126
31,-0.739867,4.72357,-1.80766
31,3.38024,3.60236,-2.27155
31,1.45218,3.73222,-3.18317
31,1.48749,3.80033,-3.14723
31,3.44453,3.67877,-2.31728
31,-0.374395,4.27678,-3.27371
31,1.24132,3.96291,-3.26587
31,1.51355,3.88511,-3.33939
31,1.52855,3.9322,-3.37556
31,-0.143629,4.57542,-2.74637
31,3.84586,3.96811,-2.56634
31,-0.491451,5.36708,-1.76812
31,1.36286,4.25117,-3.9349
31,-0.314051,4.8624,-3.40868
31,-1.6354,5.88111,-1.5907
31,3.73728,4.40512,-2.28475
31,-0.331544,4.92082,-3.46399
31,-0.277947,4.95334,-3.46732
31,-0.281014,4.95934,-3.46795
31,3.71857,4.51914,-2.27278
31,4.11217,4.51445,-2.1289
31,-0.493978,5.83991,-1.70851
31,-1.24845,6.09837,-1.7824
31,-0.136197,5.88499,-1.72212
31,-1.23829,6.13836,-1.78368
31,-0.113005,5.93202,-1.72623
31,1.66776,4.62089,-4.04456
31,2.23268,4.982,-2.79319
31,2.23945,4.98731,-2.80128
31,0.833634,5.19489,-3.43486
31,2.32394,5.15351,-2.89875
31,4.28628,5.13007,-2.10733
31,-1.74704,6.72684,-1.72847
31,4.32874,5.18586,-2.14241
31,1.01439,5.51226,-3.27821
31,-0.206959,6.36547,-1.89163
31,0.886664,5.46339,-3.59141
31,0.508664,5.6368,-3.37481
31,-1.57694,6.8115,-1.99422
31,0.965662,5.69478,-3.39285
31,4.48062,5.07886,-2.91544
31,4.41506,5.40158,-2.25646
31,2.98988,9.68125,-0.410146
30,2.98988,9.68125,-0.410146
31,0.117947,12.1999,-2.06593
30,0.117947,12.1999,-2.06593
31,0.456734,8.23049,-3.1958
30,0.456734,8.23049,-3.1958
31,8.21431,11.2028,-3.04761
30,8.21431,11.2028,-3.04761
31,2.26944,6.20308,-3.16102
30,2.26944,6.20308,-3.16102
31,3.72742,8.54139,-0.336968
30,3.72742,8.54139,-0.336968
31,4.82194,6.37993,-3.8643
30,4.82194,6.37993,-3.8643
31,0.202685,11.0004,-0.51177
30,0.202685,11.0004,-0.51177
31,2.6154,8.73104,-2.56819
30,2.6154,8.73104,-2.56819
31,2.26652,8.5316,-2.46981
30,2.26652,8.5316,-2.46981
31,5.07501,6.59759,-2.39637
30,5.07501,6.59759,-2.39637
31,1.81102,9.03817,-3.50913
30,1.81102,9.03817,-3.50913
31,1.05988,9.43646,-0.390938
30,1.05988,9.43646,-0.390938
31,8.59639,12.3874,-2.86951
30,8.59639,12.3874,-2.86951
31,3.18564,8.57461,-1.87497
30,3.18564,8.57461,-1.87497
31,0.587426,8.3602,-4.44612
30,0.587426,8.3602,-4.44612
31,3.53108,5.83474,-4.20341
30,3.53108,5.83474,-4.20341
31,4.11538,7.58057,-2.58136
30,4.11538,7.58057,-2.58136
31,0.0846682,3.82276,-2.3989
30,0.0846682,3.82276,-2.3989
31,3.76501,8.62914,-0.339439
30,3.76501,8.62914,-0.339439
31,2.81421,8.28887,-1.77665
30,2.81421,8.28887,-1.77665
31,1.27717,10.7378,-2.35439
30,1.27717,10.7378,-2.35439
31,11.7355,18.1861,0.646717
30,11.7355,18.1861,0.646717
31,3.79371,10.1645,-2.26907
30,3.79371,10.1645,-2.26907
31,6.21489,5.44957,-2.8965
30,6.21489,5.44957,-2.8965
31,4.6317,5.75785,-2.35371
30,4.6317,5.75785,-2.35371
31,-0.450345,12.2789,-2.63209
30,-0.450345,12.2789,-2.63209
31,4.77475,5.93236,-2.44448
30,4.77475,5.93236,-2.44448
31,-2.17717,11.1945,-2.1151
30,-2.17717,11.1945,-2.1151
31,-0.484418,13.0622,-2.80977
30,-0.484418,13.0622,-2.80977
31,1.91123,6.27404,-2.57431
30,1.91123,6.27404,-2.57431
31,6.67761,5.85209,-3.1114
30,6.67761,5.85209,-3.1114
31,8.13975,11.144,-2.96553
30,8.13975,11.144,-2.96553
31,8.10314,11.6121,-2.02949
30,8.10314,11.6121,-2.02949
31,0.573557,10.5899,-0.493587
30,0.573557,10.5899,-0.493587
31,-2.68664,11.1303,-0.464982
30,-2.68664,11.1303,-0.464982
31,0.144843,7.89119,-0.644179
30,0.144843,7.89119,-0.644179
31,-0.240221,4.25335,-1.09779
30,-0.240221,4.25335,-1.09779
31,11.3451,12.2626,0.64315
30,11.3451,12.2626,0.64315
31,3.36606,7.93214,-3.55772
30,3.36606,7.93214,-3.55772
31,-1.32356,6.42247,-1.89901
30,-1.32356,6.42247,-1.89901
31,5.96708,11.105,-0.953383
30,5.96708,11.105,-0.953383
31,1.81891,6.56414,-1.33166
30,1.81891,6.56414,-1.33166
31,-1.00034,5.3544,-2.06759
30,-1.00034,5.3544,-2.06759
31,5.13483,10.0049,-1.96473
30,5.13483,10.0049,-1.96473
31,5.83881,8.99805,-0.971092
30,5.83881,8.99805,-0.971092
31,3.49407,8.91656,-0.353379
30,3.49407,8.91656,-0.353379
31,2.31234,6.75641,-2.71106
30,2.31234,6.75641,-2.71106
31,-2.19369,11.2787,-2.17659
30,-2.19369,11.2787,-2.17659
31,-0.618885,3.37271,-1.19321
30,-0.618885,3.37271,-1.19321
31,0.175308,3.53565,-2.65454
25,0.175308,3.53565,-2.65454
31,2.17572,5.70729,-3.22308
25,2.17572,5.70729,-3.22308
31,1.27345,10.2099,-0.468243
25,1.27345,10.2099,-0.468243
31,1.93206,5.56724,-3.47054
25,1.93206,5.56724,-3.47054
31,8.32968,11.8416,-2.79954
25,8.32968,11.8416,-2.79954
31,7.97549,12.2609,0.087081
25,7.97549,12.2609,0.087081
31,-0.0449158,9.72868,-2.99744
25,-0.0449158,9.72868,-2.99744
31,1.0592,3.78093,-2.60145
25,1.0592,3.78093,-2.60145
31,2.79521,7.23298,-3.22313
25,2.79521,7.23298,-3.22313
31,2.28031,8.82094,-2.62558
25,2.28031,8.82094,-2.62558
31,1.57464,9.91811,-2.6401
25,1.57464,9.91811,-2.6401
31,3.92644,7.47418,-2.40217
25,3.92644,7.47418,-2.40217
31,10.6238,16.4453,-0.1635
25,10.6238,16.4453,-0.1635
31,0.720731,9.43862,-2.56453
25,0.720731,9.43862,-2.56453
31,0.30148,5.93936,-3.65484
25,0.30148,5.93936,-3.65484
31,2.44441,8.41785,-1.75128
25,2.44441,8.41785,-1.75128
31,1.78801,5.43391,-4.53263
25,1.78801,5.43391,-4.53263
31,1.86476,5.87722,-4.15528
25,1.86476,5.87722,-4.15528
31,2.36764,7.09746,-4.33571
25,2.36764,7.09746,-4.33571
31,1.6613,11.2188,-1.59657
25,1.6613,11.2188,-1.59657
31,1.78801,5.43391,-4.53263
25,1.78801,5.43391,-4.53263
31,9.01659,10.1065,0.35315
25,9.01659,10.1065,0.35315
31,0.199234,11.5811,-0.552064
25,0.199234,11.5811,-0.552064
31,2.44494,8.18722,-2.36595
25,2.44494,8.18722,-2.36595
31,7.08163,7.22587,-3.23832
25,7.08163,7.22587,-3.23832
31,1.65515,8.22593,-3.1523
25,1.65515,8.22593,-3.1523
31,1.31538,1.58272,-1.07925
25,1.31538,1.58272,-1.07925
31,-2.24492,5.50262,-1.8953
25,-2.24492,5.50262,-1.8953
31,2.72361,6.89616,-0.241146
25,2.72361,6.89616,-0.241146
31,2.95974,9.2612,-0.407623
25,2.95974,9.2612,-0.407623
31,0.406848,8.56903,-3.35691
25,0.406848,8.56903,-3.35691
31,-1.81762,9.50076,-1.74392
25,-1.81762,9.50076,-1.74392
31,2.45089,7.88879,-0.290017
25,2.45089,7.88879,-0.290017
31,1.04721,5.94773,-3.57182
25,1.04721,5.94773,-3.57182
31,1.99116,5.1983,-2.85591
25,1.99116,5.1983,-2.85591
31,1.36058,7.93393,-2.16693
25,1.36058,7.93393,-2.16693
31,-1.53488,5.48303,-2.01029
25,-1.53488,5.48303,-2.01029
31,-1.19768,3.25831,-0.983652
25,-1.19768,3.25831,-0.983652
31,2.87916,8.25522,-3.34178
28,2.87916,8.25522,-3.34178
31,2.44546,9.05576,-1.88459
28,2.44546,9.05576,-1.88459
31,3.61351,8.35571,-1.93418
28,3.61351,8.35571,-1.93418
31,2.96194,10.2308,-0.493021
28,2.96194,10.2308,-0.493021
31,15.9311,23.6796,0.768182
28,15.9311,23.6796,0.768182
31,0.0979895,6.16335,-3.15183
28,0.0979895,6.16335,-3.15183
31,11.4836,13.9206,0.627563
28,11.4836,13.9206,0.627563
31,3.30433,7.43408,-3.79762
28,3.30433,7.43408,-3.79762
31,0.882956,9.58113,-2.62163
28,0.882956,9.58113,-2.62163
31,3.27411,9.7676,-2.12834
28,3.27411,9.7676,-2.12834
31,0.322049,12.637,1.17388
28,0.322049,12.637,1.17388
31,3.80593,6.28419,-4.57634
28,3.80593,6.28419,-4.57634
31,-0.0922153,3.42235,-2.40747
28,-0.0922153,3.42235,-2.40747
31,-3.19875,13.7162,0.960068
28,-3.19875,13.7162,0.960068
31,-2.49733,12.9942,0.908301
28,-2.49733,12.9942,0.908301
31,1.10004,10.134,-0.415844
28,1.10004,10.134,-0.415844
31,3.33613,10.2073,-0.470075
29,3.33613,10.2073,-0.470075
31,3.49221,7.23542,-3.01347
29,3.49221,7.23542,-3.01347
31,5.44221,10.4488,-2.0907
29,5.44221,10.4488,-2.0907
31,2.00307,6.23183,-4.22511
29,2.00307,6.23183,-4.22511
31,9.65453,12.6314,-1.29894
29,9.65453,12.6314,-1.29894
31,-1.03483,3.53185,-1.67097
29,-1.03483,3.53185,-1.67097
31,-0.275024,4.44311,-3.07033
29,-0.275024,4.44311,-3.07033
31,-0.708144,5.01059,-3.66951
29,-0.708144,5.01059,-3.66951
31,-1.73972,5.86785,-1.90112
29,-1.73972,5.86785,-1.90112
31,7.91939,11.4011,-2.09638
29,7.91939,11.4011,-2.09638
31,4.80168,6.07633,-2.31727
24,4.80168,6.07633,-2.31727
31,1.48517,9.61971,-2.65143
24,1.48517,9.61971,-2.65143
31,0.553367,2.44921,-1.81804
24,0.553367,2.44921,-1.81804
31,3.37651,5.56864,-4.04091
24,3.37651,5.56864,-4.04091
31,4.45721,5.89145,-2.83813
24,4.45721,5.89145,-2.83813
31,0.30005,5.94833,-3.64451
24,0.30005,5.94833,-3.64451
31,4.39362,8.52367,-1.6307
24,4.39362,8.52367,-1.6307
31,-0.726942,5.79868,-1.90709
24,-0.726942,5.79868,-1.90709
31,0.0944284,10.1677,-1.64189
24,0.0944284,10.1677,-1.64189
31,5.14781,9.8799,-2.36844
24,5.14781,9.8799,-2.36844
31,6.86288,6.92605,-2.25176
24,6.86288,6.92605,-2.25176
31,3.23158,8.64399,-1.89234
24,3.23158,8.64399,-1.89234
31,10.8757,15.6648,-3.7361
24,10.8757,15.6648,-3.7361
31,0.987509,3.26119,-2.47657
24,0.987509,3.26119,-2.47657
31,6.46242,6.59381,-1.95835
24,6.46242,6.59381,-1.95835
31,4.005,11.4865,-1.29905
24,4.005,11.4865,-1.29905
31,-1.16792,4.62936,-2.03732
24,-1.16792,4.62936,-2.03732
31,-2.07505,8.57093,-2.22276
24,-2.07505,8.57093,-2.22276
31,-0.510386,7.42701,-1.83211
24,-0.510386,7.42701,-1.83211
31,-0.185612,8.41338,-1.66024
24,-0.185612,8.41338,-1.66024
31,0.293259,10.98,-2.39375
27,0.293259,10.98,-2.39375
31,2.20712,9.40826,-3.69815
27,2.20712,9.40826,-3.69815
31,3.69913,10.4296,-0.496098
27,3.69913,10.4296,-0.496098
31,1.39475,9.9025,-2.85361
27,1.39475,9.9025,-2.85361
31,1.83582,8.78999,-2.92596
27,1.83582,8.78999,-2.92596
31,1.9575,8.47895,-3.28012
27,1.9575,8.47895,-3.28012
31,3.81833,7.92266,-3.32142
27,3.81833,7.92266,-3.32142
31,5.26051,6.84652,-2.50181
27,5.26051,6.84652,-2.50181
31,1.98146,5.59991,-4.43072
7,1.98146,5.59991,-4.43072
31,0.465927,10.3946,-2.06575
7,0.465927,10.3946,-2.06575
31,2.56045,9.66076,-2.16259
7,2.56045,9.66076,-2.16259
31,0.94906,3.36231,-2.65227
7,0.94906,3.36231,-2.65227
31,-0.595164,4.58555,-1.79388
7,-0.595164,4.58555,-1.79388
31,1.98766,8.4717,-1.90719
7,1.98766,8.4717,-1.90719
31,-1.48203,5.78453,-2.04392
7,-1.48203,5.78453,-2.04392
31,0.263523,7.5742,-1.49946
10,0.263523,7.5742,-1.49946
31,1.35025,10.9099,-3.25692
10,1.35025,10.9099,-3.25692
31,0.564797,10.2477,-0.469966
10,0.564797,10.2477,-0.469966
31,1.29321,10.4652,-3.10927
10,1.29321,10.4652,-3.10927
31,1.84925,9.39158,-0.403679
10,1.84925,9.39158,-0.403679
31,-0.997412,3.13664,-1.50055
10,-0.997412,3.13664,-1.50055
31,0.192501,0.768222,0.0510101
20,0.192501,0.768222,0.0510101
31,2.75882,7.73965,-3.43647
20,2.75882,7.73965,-3.43647
31,1.56234,8.42782,-2.39588
20,1.56234,8.42782,-2.39588
31,3.52887,8.42252,-1.52865
20,3.52887,8.42252,-1.52865
31,0.256997,12.3907,-0.591612
20,0.256997,12.3907,-0.591612
31,-2.70716,11.2158,-0.46348
20,-2.70716,11.2158,-0.46348
32,0.275085,0.523336,-0.144921
32,0.312368,0.669424,0.10519
32,0.315608,0.669212,0.10568
32,0.00578068,1.34688,0.37421
32,0.33514,1.22671,-0.0962945
32,1.84974,1.24541,-0.499167
32,0.856358,1.5423,-1.18723
32,0.378314,2.74485,-2.08788
32,0.375681,2.76736,-2.11227
32,2.46872,2.28853,-2.25603
32,3.28777,2.92692,-0.233115
32,1.38443,2.77085,-2.27566
32,1.39217,2.80532,-2.32036
32,0.226302,3.09964,-2.37856
32,0.32098,3.12497,-2.43103
32,1.50573,2.99224,-2.5149
32,2.76075,2.70355,-2.68999
32,0.699208,3.53541,-1.97863
32,1.43157,3.12334,-2.60337
32,0.103842,3.65149,-2.28419
32,0.0847082,3.69764,-2.31803
32,0.0909466,3.71431,-2.3325
32,0.100635,3.71445,-2.35305
32,-0.06753,4.53381,-0.804158
32,1.50598,3.72332,-1.86212
32,-0.0872079,3.97697,-2.34429
32,-0.205121,3.90726,-2.67963
32,-1.1737,4.36251,-2.27999
32,1.04436,3.78171,-2.58686
32,-1.22562,4.57431,-2.37956
32,1.07784,3.99309,-2.75572
32,1.64195,4.47148,-1.85419
32,0.271403,4.80985,-2.89429
32,-1.25434,5.62143,-1.96133
32,-1.49201,5.72467,-2.0133
32,-0.966029,5.55437,-2.12734
32,4.44221,3.70657,-3.35953
32,0.107433,5.18649,-2.58658
32,-1.76158,5.97522,-1.93202
32,-0.932597,5.67768,-2.23751
32,1.73727,5.09408,-1.96728
32,2.05684,5.38022,-1.07549
32,1.83515,4.95273,-2.46618
32,0.713768,6.20332,-0.160093
32,-0.147117,5.33868,-3.23218
32,2.39868,4.49523,-3.85983
32,1.90645,5.13103,-2.55245
32,2.15265,5.64827,-1.14618
32,0.135919,6.3906,-0.947152
32,1.68576,5.19483,-3.47048
32,1.13005,5.37179,-3.67372
32,2.50687,6.42059,-0.211457
32,-1.24735,7.22677,-0.736011
32,0.853502,6.9116,-0.345224
32,2.0913,5.82023,-2.49969
32,1.33586,2.73549,-2.35784
30,1.33586,2.73549,-2.35784
32,1.62895,5.71634,-2.33101
30,1.62895,5.71634,-2.33101
32,4.21238,9.67077,-0.418515
30,4.21238,9.67077,-0.418515
32,2.34152,5.21512,-2.94777
30,2.34152,5.21512,-2.94777
32,2.60275,8.69126,-2.55519
30,2.60275,8.69126,-2.55519
32,0.0702036,10.882,-1.90348
30,0.0702036,10.882,-1.90348
32,2.55592,8.79968,-0.385082
30,2.55592,8.79968,-0.385082
32,2.17657,8.40882,-2.497
30,2.17657,8.40882,-2.497
32,2.50002,8.33023,-2.42945
30,2.50002,8.33023,-2.42945
32,-0.549712,8.86872,-2.32416
30,-0.549712,8.86872,-2.32416
32,2.51841,5.59619,-3.17913
30,2.51841,5.59619,-3.17913
32,4.26271,9.82234,-0.437231
30,4.26271,9.82234,-0.437231
32,12.0362,18.6548,0.656363
30,12.0362,18.6548,0.656363
32,-0.494967,5.97136,-1.73322
30,-0.494967,5.97136,-1.73322
32,2.58149,8.89021,-0.386047
30,2.58149,8.89021,-0.386047
32,5.11906,9.88148,-1.9571
30,5.11906,9.88148,-1.9571
32,12.83,18.3762,-4.4606
30,12.83,18.3762,-4.4606
32,1.02271,9.94777,-0.44083
30,1.02271,9.94777,-0.44083
32,0.558381,5.3813,-3.56048
30,0.558381,5.3813,-3.56048
32,0.972394,5.28956,-3.13633
30,0.972394,5.28956,-3.13633
32,2.08069,6.05497,-4.08049
30,2.08069,6.05497,-4.08049
32,1.30354,11.1565,-2.49294
30,1.30354,11.1565,-2.49294
32,1.28649,9.1814,-2.6592
30,1.28649,9.1814,-2.6592
32,6.71228,6.90163,-2.05039
30,6.71228,6.90163,-2.05039
32,3.86134,9.71564,-0.450186
30,3.86134,9.71564,-0.450186
32,2.73365,8.85271,-0.375465
30,2.73365,8.85271,-0.375465
32,0.515264,5.74577,-3.43018
30,0.515264,5.74577,-3.43018
32,-0.187484,6.99094,-2.09297
30,-0.187484,6.99094,-2.09297
32,0.343541,8.34936,-2.32051
30,0.343541,8.34936,-2.32051
32,0.36089,10.3683,-2.23725
30,0.36089,10.3683,-2.23725
32,-0.146058,5.45974,-1.58423
30,-0.146058,5.45974,-1.58423
32,3.05309,9.19809,-1.9867
30,3.05309,9.19809,-1.9867
32,9.03791,12.3944,-3.32546
30,9.03791,12.3944,-3.32546
32,12.1099,17.4133,-3.17749
30,12.1099,17.4133,-3.17749
32,-1.8846,6.91713,-2.07665
30,-1.8846,6.91713,-2.07665
32,14.7789,15.9231,0.766683
30,14.7789,15.9231,0.766683
32,5.48015,7.31109,-0.606596
30,5.48015,7.31109,-0.606596
32,-0.114111,3.65836,-2.59718
30,-0.114111,3.65836,-2.59718
32,-5.77636,23.2875,-1.21482
30,-5.77636,23.2875,-1.21482
32,-3.02101,12.2475,-0.492213
30,-3.02101,12.2475,-0.492213
32,-0.137259,7.43597,0.341702
30,-0.137259,7.43597,0.341702
32,0.368907,10.9461,-2.31208
30,0.368907,10.9461,-2.31208
32,-0.278938,9.27764,-1.92371
30,-0.278938,9.27764,-1.92371
32,2.33022,8.35096,-1.77349
30,2.33022,8.35096,-1.77349
32,6.72078,10.3478,-1.13976
30,6.72078,10.3478,-1.13976
32,0.796262,9.60327,-2.67537
30,0.796262,9.60327,-2.67537
32,-2.56826,10.5928,-0.380715
30,-2.56826,10.5928,-0.380715
32,0.830204,8.43615,-0.373118
26,0.830204,8.43615,-0.373118
32,1.62704,8.11178,-3.10826
26,1.62704,8.11178,-3.10826
32,3.90443,8.99548,-1.41775
26,3.90443,8.99548,-1.41775
32,4.58437,8.78301,-2.09722
26,4.58437,8.78301,-2.09722
32,13.1258,19.7072,-0.155738
26,13.1258,19.7072,-0.155738
32,1.56058,10.5378,-1.49424
26,1.56058,10.5378,-1.49424
32,5.31032,9.0909,-0.769536
26,5.31032,9.0909,-0.769536
32,7.62757,13.9739,-1.38891
26,7.62757,13.9739,-1.38891
32,0.445566,8.11509,-2.70846
26,0.445566,8.11509,-2.70846
32,-0.0906746,9.15363,-2.29035
26,-0.0906746,9.15363,-2.29035
32,2.31635,8.53942,-1.75769
26,2.31635,8.53942,-1.75769
32,1.47009,7.08061,-2.68127
26,1.47009,7.08061,-2.68127
32,1.99642,6.35823,-2.71426
26,1.99642,6.35823,-2.71426
32,0.872665,5.47592,-2.82766
26,0.872665,5.47592,-2.82766
32,1.78107,11.7638,1.4944
26,1.78107,11.7638,1.4944
32,6.18856,7.76564,-2.8945
26,6.18856,7.76564,-2.8945
32,4.58857,13.1784,-1.52169
26,4.58857,13.1784,-1.52169
32,4.3286,7.75067,-4.49448
26,4.3286,7.75067,-4.49448
32,-2.25935,9.42313,-2.47242
26,-2.25935,9.42313,-2.47242
32,-0.196145,6.17681,-1.83666
26,-0.196145,6.17681,-1.83666
32,1.26615,10.8417,-0.558497
29,1.26615,10.8417,-0.558497
32,2.94588,10.219,-2.19021
29,2.94588,10.219,-2.19021
32,2.44101,9.03191,-1.89297
29,2.44101,9.03191,-1.89297
32,2.39518,9.19968,-2.5906
29,2.39518,9.19968,-2.5906
32,1.13999,9.88932,-0.493332
29,1.13999,9.88932,-0.493332
32,1.13558,9.84526,-2.54675
29,1.13558,9.84526,-2.54675
32,3.3005,7.42631,-3.79806
29,3.3005,7.42631,-3.79806
32,-0.0290668,10.6351,-0.985918
29,-0.0290668,10.6351,-0.985918
32,4.14254,7.88763,-2.58311
29,4.14254,7.88763,-2.58311
32,2.46545,9.8505,-2.93468
29,2.46545,9.8505,-2.93468
32,0.514091,11.0292,-1.95064
29,0.514091,11.0292,-1.95064
32,-0.729642,5.70278,-2.24826
29,-0.729642,5.70278,-2.24826
32,16.5107,25.3485,0.0707278
29,16.5107,25.3485,0.0707278
32,3.67259,7.60164,-3.17264
28,3.67259,7.60164,-3.17264
32,1.62298,9.42618,-2.77348
28,1.62298,9.42618,-2.77348
32,1.56383,4.11398,-3.59412
28,1.56383,4.11398,-3.59412
32,0.856545,3.78702,-3.17339
28,0.856545,3.78702,-3.17339
32,3.64875,9.1036,-0.418712
28,3.64875,9.1036,-0.418712
32,3.23645,9.96357,-0.476265
28,3.23645,9.96357,-0.476265
32,2.41092,8.263,-2.47413
28,2.41092,8.263,-2.47413
32,3.15595,8.0133,-0.28174
28,3.15595,8.0133,-0.28174
32,8.84352,12.2804,-2.27733
28,8.84352,12.2804,-2.27733
32,0.353969,7.9593,-3.11966
28,0.353969,7.9593,-3.11966
32,3.32174,11.338,-1.64179
28,3.32174,11.338,-1.64179
32,3.16976,7.44837,-3.32665
28,3.16976,7.44837,-3.32665
32,-3.47901,14.9603,1.02656
28,-3.47901,14.9603,1.02656
32,3.32491,5.55751,-4.01401
28,3.32491,5.55751,-4.01401
32,-1.24117,6.02533,-1.74827
28,-1.24117,6.02533,-1.74827
32,3.90119,4.76719,-2.26919
27,3.90119,4.76719,-2.26919
32,4.09289,13.0223,-0.599291
27,4.09289,13.0223,-0.599291
32,0.433634,9.10486,-2.84318
27,0.433634,9.10486,-2.84318
32,3.91924,8.12298,-3.41325
27,3.91924,8.12298,-3.41325
32,0.16342,10.2817,-0.886515
27,0.16342,10.2817,-0.886515
32,0.0295381,12.4107,-1.90219
27,0.0295381,12.4107,-1.90219
32,0.345085,6.36823,-3.47778
7,0.345085,6.36823,-3.47778
32,1.18173,10.7465,-0.490845
7,1.18173,10.7465,-0.490845
32,4.6281,9.03413,-1.74825
7,4.6281,9.03413,-1.74825
32,1.02106,11.0842,-2.44494
7,1.02106,11.0842,-2.44494
32,-0.38574,6.84204,-5.3104
7,-0.38574,6.84204,-5.3104
32,2.4473,7.48464,-3.01908
7,2.4473,7.48464,-3.01908
32,-3.21827,13.1371,-3.55172
7,-3.21827,13.1371,-3.55172
32,3.16781,7.32938,-4.19423
7,3.16781,7.32938,-4.19423
32,4.40369,9.30537,-3.85517
20,4.40369,9.30537,-3.85517
32,-0.208429,12.5691,-2.21265
20,-0.208429,12.5691,-2.21265
32,2.39366,9.00432,-2.67869
20,2.39366,9.00432,-2.67869
32,2.19466,8.27273,-2.42955
20,2.19466,8.27273,-2.42955
32,-1.28769,6.32359,-1.85056
20,-1.28769,6.32359,-1.85056
33,0.363935,0.211177,0.158008
33,0.307245,0.257113,0.182653
33,0.305102,0.469172,0.0193189
33,0.445143,0.408804,-0.110662
33,0.237048,0.60647,-0.228481
33,0.431653,0.551286,-0.235947
33,0.425372,0.670618,-0.336593
33,0.33423,1.26077,-0.775691
33,1.32186,1.28558,-0.632406
33,1.86099,1.24048,-0.476509
33,1.89295,1.2679,-0.492856
33,1.89954,1.27075,-0.494878
33,1.708,1.28951,-0.615561
33,1.04658,1.38887,-0.957816
33,1.34535,1.38315,-0.796593
33,1.35449,1.38533,-0.795444
33,1.24071,1.39888,-0.877285
33,1.06214,1.4129,-0.982849
33,1.37248,1.37541,-0.890053
33,1.29394,1.42441,-0.877484
33,0.940173,1.45735,-1.07773
33,1.29617,1.43225,-0.888335
33,1.23654,1.44151,-0.924208
33,0.894172,1.47078,-1.16235
33,1.33658,1.46759,-0.904468
33,1.04622,1.46766,-1.20201
33,1.19612,1.56563,-1.22137
33,0.000139922,2.36456,-1.70891
33,0.362509,2.3421,-1.68869
33,-0.585303,2.87323,-1.8989
33,1.15455,2.34851,-1.96947
33,-0.220802,3.40132,-0.816562
33,1.31098,2.62284,-2.14593
33,1.36794,3.77011,0.632658
33,0.349035,3.03281,-2.26461
33,0.235002,3.10263,-2.27162
33,0.245658,3.10596,-2.31012
33,0.260525,3.10803,-2.30718
33,-0.0906994,3.27973,-2.24904
33,0.263206,3.14246,-2.33945
33,-0.0871394,3.38769,-2.37849
33,1.36189,3.00998,-2.49946
33,1.40869,3.14952,-2.60888
33,0.107532,3.67518,-2.30268
33,0.934736,3.35186,-2.57698
33,0.0935415,3.73324,-2.34552
33,0.0948147,3.75261,-2.35637
33,1.44357,3.22962,-2.68061
33,-0.295075,3.74287,-2.79231
33,2.57787,3.29523,-1.83547
33,-0.917113,4.42228,-1.57945
33,0.622817,4.58131,-0.052577
33,-0.0875275,3.94345,-2.36101
33,1.07595,3.54613,-2.75726
33,1.07765,3.55469,-2.74078
33,1.33907,3.75898,-2.1444
33,-1.20868,4.46643,-2.27371
33,1.77478,4.2932,-0.805358
33,1.05725,3.80419,-2.60865
33,0.648895,3.74789,-3.0752
33,-1.26326,4.63839,-2.43629
33,1.64507,4.30523,-1.19006
33,2.4522,4.48374,-0.250704
33,1.07811,3.93203,-2.71349
33,-1.22407,4.91851,-2.43876
33,-0.575528,5.2279,-1.42256
33,-0.828727,5.26382,-1.59385
33,-0.418986,5.25303,-1.75333
33,1.13622,4.12066,-3.47643
33,-1.07226,5.3457,-2.05207
33,-0.940798,5.46087,-2.07332
33,1.63303,4.51436,-2.68078
33,2.91907,4.96691,-0.64967
33,2.15686,5.39894,-0.140052
33,-0.633112,5.55904,-2.09939
33,3.03921,5.17519,-0.67621
33,0.283753,5.07802,-3.08089
33,0.113146,5.4377,-2.74284
33,2.6827,5.45704,-0.949446
33,5.17366,5.09288,-0.537808
33,3.88042,5.0567,-1.75379
33,1.63131,5.5728,-2.22532
33,3.87918,5.02378,-2.3402
33,5.06315,4.21065,-3.86088
33,-0.90234,6.66635,-2.25765
33,1.94529,5.05159,-4.28398
33,1.14239,6.37958,-1.70557
33,3.74537,4.42005,-2.29796
31,3.74537,4.42005,-2.29796
33,0.434392,7.77093,-3.00235
31,0.434392,7.77093,-3.00235
33,2.62326,8.76739,-2.58632
31,2.62326,8.76739,-2.58632
33,2.67861,6.25891,-3.21704
31,2.67861,6.25891,-3.21704
33,5.11935,6.4834,-2.48863
31,5.11935,6.4834,-2.48863
33,1.50555,7.32522,-2.79424
31,1.50555,7.32522,-2.79424
33,3.96494,7.56138,-2.41818
31,3.96494,7.56138,-2.41818
33,2.51212,5.58292,-3.17006
31,2.51212,5.58292,-3.17006
33,4.19987,9.64174,-0.414428
31,4.19987,9.64174,-0.414428
33,7.13543,10.9655,-0.0306409
31,7.13543,10.9655,-0.0306409
33,1.14899,10.3255,-0.448956
31,1.14899,10.3255,-0.448956
33,2.62005,9.04394,-1.90513
31,2.62005,9.04394,-1.90513
33,1.10407,8.86425,-2.59345
31,1.10407,8.86425,-2.59345
33,2.48021,8.26834,-2.40844
31,2.48021,8.26834,-2.40844
33,1.2151,8.59176,-2.45049
31,1.2151,8.59176,-2.45049
33,1.34206,8.65451,-2.35312
31,1.34206,8.65451,-2.35312
33,0.454386,6.19612,-3.21187
31,0.454386,6.19612,-3.21187
33,4.93214,6.55095,-3.95616
31,4.93214,6.55095,-3.95616
33,4.1375,9.58609,-2.26798
31,4.1375,9.58609,-2.26798
33,4.02294,6.65464,-4.84393
31,4.02294,6.65464,-4.84393
33,13.5014,18.2603,0.668411
31,13.5014,18.2603,0.668411
33,-0.0820145,9.42343,-2.38114
31,-0.0820145,9.42343,-2.38114
33,-0.11108,5.8562,-1.70147
31,-0.11108,5.8562,-1.70147
33,1.00099,5.44385,-3.23254
31,1.00099,5.44385,-3.23254
33,3.75881,4.43612,-2.30042
31,3.75881,4.43612,-2.30042
33,0.613254,11.3095,-0.551839
31,0.613254,11.3095,-0.551839
33,1.19539,10.0513,-2.21042
31,1.19539,10.0513,-2.21042
33,2.43356,5.40731,-3.06329
31,2.43356,5.40731,-3.06329
33,3.79078,8.69664,-0.353909
31,3.79078,8.69664,-0.353909
33,13.3676,14.4361,0.723743
31,13.3676,14.4361,0.723743
33,4.25076,8.83094,-3.73276
31,4.25076,8.83094,-3.73276
33,-0.157265,6.47627,-1.91491
31,-0.157265,6.47627,-1.91491
33,2.21517,14.0862,1.60762
31,2.21517,14.0862,1.60762
33,1.19462,9.62064,-2.82547
31,1.19462,9.62064,-2.82547
33,2.31316,7.74394,-2.22065
31,2.31316,7.74394,-2.22065
33,8.52926,7.75764,-1.06589
31,8.52926,7.75764,-1.06589
33,3.64179,10.0419,-3.17081
31,3.64179,10.0419,-3.17081
33,4.94343,9.602,-1.87285
31,4.94343,9.602,-1.87285
33,1.78134,8.88193,-3.42648
31,1.78134,8.88193,-3.42648
33,3.01332,2.49522,-2.13595
31,3.01332,2.49522,-2.13595
33,6.51932,6.65794,-1.98269
31,6.51932,6.65794,-1.98269
33,3.78652,10.7723,-1.23285
31,3.78652,10.7723,-1.23285
33,2.77724,6.36154,-3.59963
31,2.77724,6.36154,-3.59963
33,3.3604,3.7848,-2.12024
31,3.3604,3.7848,-2.12024
33,5.56205,10.9788,-2.18069
31,5.56205,10.9788,-2.18069
33,3.15715,7.44171,-3.31912
31,3.15715,7.44171,-3.31912
33,3.01332,2.49522,-2.13595
31,3.01332,2.49522,-2.13595
33,4.37132,8.1336,-0.638243
31,4.37132,8.1336,-0.638243
33,0.180481,8.67322,-0.732998
31,0.180481,8.67322,-0.732998
33,5.63775,5.74237,-1.67069
31,5.63775,5.74237,-1.67069
33,-1.60626,8.61736,-1.60401
31,-1.60626,8.61736,-1.60401
33,-0.543843,7.87049,-1.94612
31,-0.543843,7.87049,-1.94612
33,2.45073,7.89637,-0.290187
31,2.45073,7.89637,-0.290187
33,0.635319,10.2535,-2.80767
30,0.635319,10.2535,-2.80767
33,2.39308,8.92313,-2.03109
30,2.39308,8.92313,-2.03109
33,2.73815,16.8234,-4.93799
30,2.73815,16.8234,-4.93799
33,5.42448,7.23932,-4.26885
30,5.42448,7.23932,-4.26885
33,1.11266,10.8114,-0.500347
30,1.11266,10.8114,-0.500347
33,2.09285,6.09205,-4.10737
30,2.09285,6.09205,-4.10737
33,2.46146,5.84078,-3.13591
30,2.46146,5.84078,-3.13591
33,7.37438,7.06605,-3.33635
30,7.37438,7.06605,-3.33635
33,0.752098,6.18129,-3.22466
30,0.752098,6.18129,-3.22466
33,10.8885,16.7021,-1.8324
30,10.8885,16.7021,-1.8324
33,5.10072,9.85419,-1.93955
30,5.10072,9.85419,-1.93955
33,5.04189,8.63569,-0.723138
30,5.04189,8.63569,-0.723138
33,0.371263,9.02728,-2.52705
30,0.371263,9.02728,-2.52705
33,0.406334,3.83873,-2.94944
30,0.406334,3.83873,-2.94944
33,3.69099,4.48571,-2.25869
30,3.69099,4.48571,-2.25869
33,0.203539,11.4129,-0.550267
30,0.203539,11.4129,-0.550267
33,4.32731,5.24441,-2.71011
30,4.32731,5.24441,-2.71011
33,1.90364,7.5267,-2.07334
30,1.90364,7.5267,-2.07334
33,-1.13116,5.51321,-1.59036
30,-1.13116,5.51321,-1.59036
33,-0.879376,5.62701,-2.30924
30,-0.879376,5.62701,-2.30924
33,1.92271,8.95022,-2.46104
29,1.92271,8.95022,-2.46104
33,3.67294,7.58654,-3.17434
29,3.67294,7.58654,-3.17434
33,13.1784,20.3193,-0.236413
29,13.1784,20.3193,-0.236413
33,2.35,9.04168,-2.54298
29,2.35,9.04168,-2.54298
33,3.76319,7.1124,-4.18777
29,3.76319,7.1124,-4.18777
33,1.78992,7.78401,-2.87251
29,1.78992,7.78401,-2.87251
33,3.93332,9.38909,-1.73546
29,3.93332,9.38909,-1.73546
33,2.03859,8.7529,-3.26167
29,2.03859,8.7529,-3.26167
33,5.25824,6.58871,-2.3824
29,5.25824,6.58871,-2.3824
33,1.38835,7.68752,-5.37358
29,1.38835,7.68752,-5.37358
33,-0.858362,4.61281,-1.75259
29,-0.858362,4.61281,-1.75259
33,-0.103649,9.61845,-2.41801
29,-0.103649,9.61845,-2.41801
33,2.57409,9.01688,-1.91449
29,2.57409,9.01688,-1.91449
33,4.64388,7.67125,-2.53402
29,4.64388,7.67125,-2.53402
33,0.0375859,11.4341,-1.84257
29,0.0375859,11.4341,-1.84257
33,0.473418,5.00064,-2.96006
29,0.473418,5.00064,-2.96006
33,2.34655,7.43522,-0.292147
28,2.34655,7.43522,-0.292147
33,2.88519,9.99167,-0.478046
28,2.88519,9.99167,-0.478046
33,3.14383,6.69837,-2.42332
28,3.14383,6.69837,-2.42332
33,2.85411,9.89336,-0.468737
28,2.85411,9.89336,-0.468737
33,-1.02865,13.4309,1.17712
28,-1.02865,13.4309,1.17712
33,4.40935,7.84698,-4.53059
28,4.40935,7.84698,-4.53059
33,0.156435,11.8822,-1.08335
28,0.156435,11.8822,-1.08335
33,-1.75466,12.0813,-2.11303
28,-1.75466,12.0813,-2.11303
33,0.552833,10.3175,-1.86863
26,0.552833,10.3175,-1.86863
33,7.3204,7.38715,-2.39764
26,7.3204,7.38715,-2.39764
33,1.27125,9.44915,-3.5722
26,1.27125,9.44915,-3.5722
33,7.42561,7.4896,-2.44841
26,7.42561,7.4896,-2.44841
33,0.56939,12.4764,-1.20939
26,0.56939,12.4764,-1.20939
33,0.40528,5.50877,-3.38201
26,0.40528,5.50877,-3.38201
33,2.34184,5.22894,-2.93832
26,2.34184,5.22894,-2.93832
33,0.163382,13.0362,-1.21808
26,0.163382,13.0362,-1.21808
33,2.04265,6.41704,-4.36344
26,2.04265,6.41704,-4.36344
33,3.17803,10.8021,-3.20602
26,3.17803,10.8021,-3.20602
33,2.45047,6.58713,-4.65309
26,2.45047,6.58713,-4.65309
33,0.504681,10.1003,-1.82305
26,0.504681,10.1003,-1.82305
33,-3.36607,11.2312,-0.529453
26,-3.36607,11.2312,-0.529453
33,13.4174,20.6971,-0.0292552
26,13.4174,20.6971,-0.0292552
33,-0.0980291,9.41356,-2.33168
26,-0.0980291,9.41356,-2.33168
33,2.19279,6.41901,-4.33069
27,2.19279,6.41901,-4.33069
33,3.92883,12.5171,-0.560216
27,3.92883,12.5171,-0.560216
33,8.76238,11.9828,-3.22508
27,8.76238,11.9828,-3.22508
33,1.53816,5.06025,-2.04318
27,1.53816,5.06025,-2.04318
33,4.74934,12.2837,-0.627833
27,4.74934,12.2837,-0.627833
34,0.246246,0.195896,0.248183
34,0.239334,0.184975,0.164717
34,0.366515,1.09027,0.399714
34,0.305516,1.00524,-0.534956
34,1.45999,1.35063,-0.814386
34,1.305,1.39871,-0.838673
34,1.04867,1.42442,-1.00507
34,1.06622,1.42786,-1.00322
34,-1.22345,3.01033,-1.79353
34,0.260431,2.7921,-1.5466
34,-0.462168,2.90551,-1.99057
34,1.25103,2.52891,-2.05263
34,-0.618377,2.98503,-1.96349
34,2.34077,2.29463,-2.21858
34,0.217321,3.19795,-1.06584
34,1.33904,2.69959,-2.21986
34,1.40123,2.84873,-2.34879
34,-0.091829,3.29025,-2.33071
34,-0.128151,3.32612,-2.33149
34,-1.05789,3.75636,-2.17336
34,0.0595167,3.54637,-2.2357
34,0.167945,3.42002,-2.54544
34,0.0658266,3.61105,-2.26175
34,0.0798014,3.65364,-2.27749
34,0.93856,3.35793,-2.58735
34,0.0830996,3.65566,-2.28858
34,0.9466,3.37168,-2.66533
34,0.914336,3.42957,-2.71994
34,-0.315942,3.74782,-2.79059
34,0.748702,3.95959,-2.26199
34,0.176984,4.93952,-0.0696115
34,0.762267,3.99446,-2.28057
34,0.702553,3.98926,-2.37317
34,1.06407,3.84005,-2.64621
34,-1.21293,4.48642,-2.33877
34,1.07194,3.95798,-2.72908
34,1.03723,3.96937,-2.75628
34,2.31816,5.41902,0.845773
34,-0.120437,5.40453,-0.98683
34,0.926688,4.51015,-3.05265
34,4.19166,3.55371,-3.86753
34,0.25722,4.76486,-2.85786
34,-0.441693,5.32196,-1.77834
34,1.78035,4.64126,-2.48483
34,0.181686,5.86374,-0.141022
34,0.172184,5.93456,-0.139518
34,1.84051,4.72218,-2.6062
34,-0.902478,5.4787,-2.15522
34,1.00594,4.69634,-3.18502
34,3.83223,4.52091,-2.31218
34,1.86787,5.02488,-2.56891
34,0.803069,5.01676,-3.32346
34,4.91602,4.04094,-3.73006
34,1.59484,4.90934,-3.28893
34,4.14229,5.49566,-0.372559
34,1.06777,5.06763,-3.44078
34,-0.426982,5.97101,-2.02535
34,5.3549,5.31959,-0.551742
34,5.47436,4.81598,-1.86483
34,3.75704,4.98466,-2.40642
34,-2.6393,6.40064,-2.23859
34,1.48422,4.87615,-3.99264
34,5.06133,4.20004,-3.85182
34,-1.89999,6.36754,-2.09416
34,1.68098,5.18905,-3.46104
34,3.87939,5.03683,-2.69322
34,-0.817064,6.25926,-2.09298
34,4.10474,5.33313,-1.89207
34,4.48588,4.80505,-3.13752
34,4.41854,5.85542,-0.419893
34,1.72479,5.25938,-3.56682
34,1.70501,5.28749,-3.53206
34,4.04889,5.24903,-2.47545
34,1.68298,5.0928,-4.22758
34,4.04682,5.25495,-2.81834
34,-0.739569,6.53388,-2.09861
34,2.01904,5.63382,-3.48482
24,2.01904,5.63382,-3.48482
34,1.0972,9.64482,-0.408452
24,1.0972,9.64482,-0.408452
34,-0.029603,5.97494,-3.55732
24,-0.029603,5.97494,-3.55732
34,3.93525,9.02653,-0.377808
24,3.93525,9.02653,-0.377808
34,2.27734,5.00589,-2.81518
24,2.27734,5.00589,-2.81518
34,0.467814,9.06008,-3.55181
24,0.467814,9.06008,-3.55181
34,3.0069,4.92018,-3.53324
24,3.0069,4.92018,-3.53324
34,3.37263,5.86158,-2.47185
24,3.37263,5.86158,-2.47185
34,2.70015,9.02335,-2.66695
24,2.70015,9.02335,-2.66695
34,0.426984,10.927,-1.93144
24,0.426984,10.927,-1.93144
34,-0.258699,5.96544,-1.85496
24,-0.258699,5.96544,-1.85496
34,5.60265,9.5849,-0.837291
24,5.60265,9.5849,-0.837291
34,1.48748,13.1212,-3.00202
24,1.48748,13.1212,-3.00202
34,6.21814,12.069,-2.44869
24,6.21814,12.069,-2.44869
34,-0.677422,7.7715,-2.20011
24,-0.677422,7.7715,-2.20011
34,7.7155,11.1469,-2.63927
24,7.7155,11.1469,-2.63927
34,-0.0224824,5.81237,-3.45395
24,-0.0224824,5.81237,-3.45395
34,3.37186,6.37262,-2.01474
24,3.37186,6.37262,-2.01474
34,4.01711,5.32916,-3.16612
24,4.01711,5.32916,-3.16612
34,4.73085,10.9611,-0.527085
24,4.73085,10.9611,-0.527085
34,1.7329,11.7497,-1.6911
24,1.7329,11.7497,-1.6911
34,1.31191,11.1995,-2.50735
24,1.31191,11.1995,-2.50735
34,2.95298,8.71415,-1.85073
24,2.95298,8.71415,-1.85073
34,0.339386,10.1766,-2.17039
24,0.339386,10.1766,-2.17039
34,5.74173,5.87273,-2.55308
24,5.74173,5.87273,-2.55308
34,4.83204,9.40902,-1.82768
24,4.83204,9.40902,-1.82768
34,5.51578,9.49024,-0.812837
24,5.51578,9.49024,-0.812837
34,8.15577,12.655,0.56191
24,8.15577,12.655,0.56191
34,0.354123,8.87348,-2.48113
24,0.354123,8.87348,-2.48113
34,-0.147348,6.21845,-1.82217
24,-0.147348,6.21845,-1.82217
34,2.8093,6.90798,-2.54339
24,2.8093,6.90798,-2.54339
34,0.888764,5.15838,-3.47373
24,0.888764,5.15838,-3.47373
34,1.83684,6.11107,-2.47229
24,1.83684,6.11107,-2.47229
34,2.28563,5.08628,-2.84554
24,2.28563,5.08628,-2.84554
34,6.34592,12.2695,-2.99103
24,6.34592,12.2695,-2.99103
34,3.00967,6.84506,-3.93222
24,3.00967,6.84506,-3.93222
34,-1.40432,5.44013,-1.89573
24,-1.40432,5.44013,-1.89573
34,-0.757634,7.14045,-1.7739
24,-0.757634,7.14045,-1.7739
34,6.88127,9.86733,-1.68777
24,6.88127,9.86733,-1.68777
34,6.42061,12.4257,-3.04113
24,6.42061,12.4257,-3.04113
34,0.318569,7.70781,-1.57595
24,0.318569,7.70781,-1.57595
34,2.28668,6.94817,-2.75113
24,2.28668,6.94817,-2.75113
34,-3.55145,14.1683,1.37753
24,-3.55145,14.1683,1.37753
34,-0.978627,4.23191,-2.0318
24,-0.978627,4.23191,-2.0318
34,3.48174,7.96278,-0.592554
24,3.48174,7.96278,-0.592554
34,-0.533494,5.95907,-1.62134
24,-0.533494,5.95907,-1.62134
34,10.262,15.3567,0.540314
24,10.262,15.3567,0.540314
34,17.3518,18.7894,0.838873
24,17.3518,18.7894,0.838873
34,-1.0623,4.50299,-2.18987
24,-1.0623,4.50299,-2.18987
34,-0.184043,6.34617,-1.87799
24,-0.184043,6.34617,-1.87799
34,3.92966,7.01854,-4.04315
24,3.92966,7.01854,-4.04315
34,5.42925,8.74119,-3.24933
24,5.42925,8.74119,-3.24933
34,-1.81038,6.47581,-1.77661
24,-1.81038,6.47581,-1.77661
34,1.80473,1.62292,-0.820313
24,1.80473,1.62292,-0.820313
34,4.54566,5.05358,-2.4068
24,4.54566,5.05358,-2.4068
34,-1.46821,5.34371,-1.56036
24,-1.46821,5.34371,-1.56036
34,5.33598,8.13356,-0.846962
24,5.33598,8.13356,-0.846962
34,6.22469,8.95192,-1.89778
24,6.22469,8.95192,-1.89778
34,1.1532,6.98396,-1.83048
24,1.1532,6.98396,-1.83048
34,0.360294,3.71788,-1.97452
24,0.360294,3.71788,-1.97452
34,4.80644,7.4086,-3.99883
30,4.80644,7.4086,-3.99883
34,2.37741,10.1348,-2.49476
30,2.37741,10.1348,-2.49476
34,2.92105,9.43967,-0.422725
30,2.92105,9.43967,-0.422725
34,1.18296,2.5671,-2.07698
30,1.18296,2.5671,-2.07698
34,3.81477,4.64616,-2.35054
30,3.81477,4.64616,-2.35054
34,0.830157,8.82396,-1.90274
30,0.830157,8.82396,-1.90274
34,1.89627,9.51797,-3.699
30,1.89627,9.51797,-3.699
34,0.397155,12.6862,-2.76022
30,0.397155,12.6862,-2.76022
34,1.05939,10.3118,-0.455798
30,1.05939,10.3118,-0.455798
34,2.48839,10.5931,-2.62373
30,2.48839,10.5931,-2.62373
34,1.91396,5.58739,-3.73115
30,1.91396,5.58739,-3.73115
34,1.78533,3.987,-3.41613
30,1.78533,3.987,-3.41613
34,-0.947973,8.78451,-2.27618
30,-0.947973,8.78451,-2.27618
34,0.404746,5.64227,-3.46727
30,0.404746,5.64227,-3.46727
34,10.5391,16.1418,-1.93757
30,10.5391,16.1418,-1.93757
34,1.85367,15.9014,-0.803967
30,1.85367,15.9014,-0.803967
34,1.44033,3.25554,-2.70844
30,1.44033,3.25554,-2.70844
34,3.64469,9.79409,-2.1942
30,3.64469,9.79409,-2.1942
34,16.2324,16.3496,-0.922481
30,16.2324,16.3496,-0.922481
34,2.78812,9.03969,-0.382167
30,2.78812,9.03969,-0.382167
34,2.57666,7.89449,-3.16958
30,2.57666,7.89449,-3.16958
34,-2.06363,11.6808,-2.1326
30,-2.06363,11.6808,-2.1326
34,-2.44132,10.1802,-2.74211
30,-2.44132,10.1802,-2.74211
34,4.37836,6.96383,-2.52449
30,4.37836,6.96383,-2.52449
34,9.16224,12.5547,-3.39011
30,9.16224,12.5547,-3.39011
34,1.18116,10.3256,-2.28191
30,1.18116,10.3256,-2.28191
34,3.62704,8.58793,-3.91162
30,3.62704,8.58793,-3.91162
34,5.61048,10.9899,-2.16592
30,5.61048,10.9899,-2.16592
34,-2.83219,8.95371,-0.805814
30,-2.83219,8.95371,-0.805814
34,2.13223,6.46615,-2.54477
30,2.13223,6.46615,-2.54477
34,4.33986,11.074,-0.523259
30,4.33986,11.074,-0.523259
34,-1.72003,8.87874,-1.63679
30,-1.72003,8.87874,-1.63679
34,-0.218684,5.90282,-1.74484
30,-0.218684,5.90282,-1.74484
34,0.372391,5.48355,-3.2672
29,0.372391,5.48355,-3.2672
34,2.63069,5.67383,-3.2572
29,2.63069,5.67383,-3.2572
34,2.14615,6.26245,-3.7
29,2.14615,6.26245,-3.7
34,2.81371,8.77913,-3.16253
29,2.81371,8.77913,-3.16253
34,3.8637,6.99989,-4.0129
29,3.8637,6.99989,-4.0129
34,1.82648,8.72799,-2.53098
29,1.82648,8.72799,-2.53098
34,-0.1368,12.6791,-4.01689
29,-0.1368,12.6791,-4.01689
34,1.18317,7.40219,-2.01799
29,1.18317,7.40219,-2.01799
34,-0.694397,4.23692,-1.7315
29,-0.694397,4.23692,-1.7315
34,4.66019,7.69489,-2.54871
29,4.66019,7.69489,-2.54871
34,0.0719233,13.4871,-2.24271
29,0.0719233,13.4871,-2.24271
34,2.4439,9.76943,-2.9092
29,2.4439,9.76943,-2.9092
34,1.46819,8.95105,-2.48233
29,1.46819,8.95105,-2.48233
34,2.57797,9.01517,-2.72856
29,2.57797,9.01517,-2.72856
34,-1.15663,4.91038,-1.6034
29,-1.15663,4.91038,-1.6034
34,4.85374,7.99474,-2.66132
29,4.85374,7.99474,-2.66132
34,4.22168,7.00256,-2.29327
29,4.22168,7.00256,-2.29327
34,2.30171,8.71586,-1.92844
26,2.30171,8.71586,-1.92844
34,4.02921,12.4844,-0.669388
26,4.02921,12.4844,-0.669388
34,1.79157,8.97966,0.467238
26,1.79157,8.97966,0.467238
34,1.14651,8.17233,-2.31284
26,1.14651,8.17233,-2.31284
34,4.30576,8.22031,-0.666165
26,4.30576,8.22031,-0.666165
34,5.86301,10.0257,-0.880657
26,5.86301,10.0257,-0.880657
34,13.2309,17.8575,0.644239
26,13.2309,17.8575,0.644239
34,-0.234097,14.2806,0.444508
26,-0.234097,14.2806,0.444508
34,2.23134,5.87796,-1.18569
26,2.23134,5.87796,-1.18569
34,12.9194,13.9935,0.098907
26,12.9194,13.9935,0.098907
34,3.72954,11.5761,-0.584761
26,3.72954,11.5761,-0.584761
34,-1.34251,11.4394,-2.51605
26,-1.34251,11.4394,-2.51605
34,0.351897,8.13242,-3.19739
26,0.351897,8.13242,-3.19739
34,14.3651,17.2271,0.0425555
26,14.3651,17.2271,0.0425555
34,0.384844,8.12747,-3.18757
26,0.384844,8.12747,-3.18757
34,3.32864,10.3143,-0.506449
26,3.32864,10.3143,-0.506449
34,7.9137,12.2176,0.552524
26,7.9137,12.2176,0.552524
34,-3.4235,15.8915,1.49568
26,-3.4235,15.8915,1.49568
34,-0.107534,7.51858,0.413557
26,-0.107534,7.51858,0.413557
34,0.954436,6.86106,-1.91063
26,0.954436,6.86106,-1.91063
34,2.76258,6.71605,-2.47186
26,2.76258,6.71605,-2.47186
34,1.0007,7.21378,-2.00299
26,1.0007,7.21378,-2.00299
34,-4.09355,16.3344,-0.73
26,-4.09355,16.3344,-0.73
34,2.88844,8.28177,-3.34944
28,2.88844,8.28177,-3.34944
34,3.64529,7.55114,-3.1429
28,3.64529,7.55114,-3.1429
34,1.52726,12.8586,-0.580863
28,1.52726,12.8586,-0.580863
34,6.04529,15.3172,-0.880457
28,6.04529,15.3172,-0.880457
34,3.22377,15.2142,-0.841641
28,3.22377,15.2142,-0.841641
34,1.12049,9.85478,-0.379251
28,1.12049,9.85478,-0.379251
34,0.334531,12.9525,1.1946
28,0.334531,12.9525,1.1946
34,2.23815,6.06179,-4.2627
28,2.23815,6.06179,-4.2627
34,3.44262,12.4799,-2.74043
28,3.44262,12.4799,-2.74043
34,2.76919,6.35821,-3.26454
27,2.76919,6.35821,-3.26454
34,0.114351,11.2279,-1.88727
27,0.114351,11.2279,-1.88727
34,2.16251,11.7771,0.442524
27,2.16251,11.7771,0.442524
34,3.92595,4.84881,-3.07479
27,3.92595,4.84881,-3.07479
34,3.8959,8.07766,-3.39531
27,3.8959,8.07766,-3.39531
35,-0.039076,1.16343,-0.540249
35,0.244726,1.32766,-0.628143
35,0.294293,1.93347,-1.30928
35,0.204566,2.48184,-1.07499
35,0.200876,2.51016,-1.10605
35,-0.345673,3.84623,0.74125
35,-0.4443,4.17469,0.782968
35,0.881902,4.35944,0.694714
35,-1.04595,3.94101,-1.97807
35,0.0668288,3.7014,-2.32632
35,-1.01975,3.97165,-2.03438
35,0.0621718,3.72381,-2.32926
35,-1.06893,4.05882,-2.10575
35,-1.03975,4.06761,-2.08711
35,0.98565,3.6686,-2.51828
35,-0.401814,5.02731,0.87729
35,-1.16717,4.27764,-2.20698
35,-1.99283,4.43086,-2.44791
35,-2.03217,4.48386,-2.4801
35,0.750452,4.1225,-2.34001
35,2.33903,3.93846,-2.74558
35,-0.125388,4.93726,-0.868615
35,0.793897,4.33797,-2.50519
35,0.79504,4.36206,-2.51579
35,0.0562558,4.83726,-1.75792
35,-0.49202,4.51945,-3.2443
35,-0.786318,4.97556,-1.93702
35,-0.884554,5.14481,-1.93486
35,-0.805724,5.11924,-1.98299
35,0.975744,4.58728,-3.10219
35,-0.828662,5.21764,-1.98376
35,-0.830063,5.21493,-2.0324
35,-0.900777,5.26266,-2.0117
35,-2.21445,5.54246,-1.88921
35,-0.0254911,6.22786,1.29935
35,-1.43564,5.4922,-1.91756
35,-1.15747,5.57549,-1.61075
35,2.57081,4.53835,-3.31531
35,-2.34552,5.74351,-1.98148
35,1.88347,4.88652,-2.70437
35,-0.191707,5.5631,-1.583
35,1.82753,4.99423,-2.46542
35,1.89278,4.90404,-2.72606
35,1.62521,5.06339,-2.4761
35,5.18647,5.18562,-0.536033
35,-0.548654,5.62299,-1.95362
35,-0.596317,5.76109,-1.55836
35,-1.16863,5.84859,-1.67168
35,-2.42519,5.92413,-2.04745
35,-0.758062,6.84998,1.36709
35,-0.541182,5.78668,-1.98939
35,-1.61285,5.98445,-1.97081
35,0.0832925,5.49977,-2.75178
35,1.92924,5.27152,-2.62853
35,1.6034,5.08841,-3.55363
35,-1.23543,6.12662,-1.6739
35,-1.81952,6.17319,-2.00593
35,-0.74842,5.64897,-3.16215
35,-1.24814,6.23535,-1.66672
35,-0.215828,5.53957,-3.47199
35,4.13498,5.38827,-1.90706
35,1.78223,5.63812,-2.38919
35,-1.75737,6.28246,-2.348
35,-3.51234,6.85592,-1.58752
35,3.2644,6.20855,-0.439786
35,-1.33331,7.35158,0.921047
35,4.1123,5.45211,-2.625
35,-0.997572,6.43758,-1.99172
35,-1.00388,6.46714,-2.00954
35,1.87738,5.9325,-2.53515
35,5.0905,8.06683,-2.98681
25,5.0905,8.06683,-2.98681
35,4.0377,6.6034,-2.1753
25,4.0377,6.6034,-2.1753
35,2.35243,7.84276,-2.28738
25,2.35243,7.84276,-2.28738
35,3.44403,7.88533,-0.296711
25,3.44403,7.88533,-0.296711
35,2.72406,6.42071,-3.30194
25,2.72406,6.42071,-3.30194
35,4.60562,8.83934,-2.09757
25,4.60562,8.83934,-2.09757
35,-1.54734,10.7143,-2.77598
25,-1.54734,10.7143,-2.77598
35,2.06377,5.54971,-3.86091
25,2.06377,5.54971,-3.86091
35,2.32987,8.54439,-1.76901
25,2.32987,8.54439,-1.76901
35,-0.748116,10.2716,-3.04969
25,-0.748116,10.2716,-3.04969
35,1.31975,11.2491,-2.51428
25,1.31975,11.2491,-2.51428
35,2.28837,4.89793,-3.28182
25,2.28837,4.89793,-3.28182
35,3.72674,8.56545,-0.350041
25,3.72674,8.56545,-0.350041
35,3.60133,6.83672,-2.17825
25,3.60133,6.83672,-2.17825
35,2.20553,6.25399,-2.71268
25,2.20553,6.25399,-2.71268
35,-0.051138,3.03198,-2.09615
25,-0.051138,3.03198,-2.09615
35,2.51171,5.60722,-3.15863
25,2.51171,5.60722,-3.15863
35,4.06551,9.3995,-0.93598
25,4.06551,9.3995,-0.93598
35,0.176083,0.248014,0.191865
25,0.176083,0.248014,0.191865
35,-0.168305,6.6959,-1.99091
25,-0.168305,6.6959,-1.99091
35,1.78547,5.31586,-2.04715
25,1.78547,5.31586,-2.04715
35,2.50419,5.91946,-3.01088
25,2.50419,5.91946,-3.01088
35,1.63648,21.4827,3.14768
25,1.63648,21.4827,3.14768
35,1.28204,1.49479,-0.942385
25,1.28204,1.49479,-0.942385
35,4.51929,8.68811,-2.04406
25,4.51929,8.68811,-2.04406
35,-1.84732,9.98128,-1.10261
25,-1.84732,9.98128,-1.10261
35,3.27984,11.1767,-3.33145
25,3.27984,11.1767,-3.33145
35,0.208711,11.0494,-1.24396
25,0.208711,11.0494,-1.24396
35,1.83061,8.4504,-2.58619
25,1.83061,8.4504,-2.58619
35,1.40423,10.3053,-3.01808
25,1.40423,10.3053,-3.01808
35,4.41313,7.00801,-2.53658
25,4.41313,7.00801,-2.53658
35,1.73186,8.65462,-3.33289
25,1.73186,8.65462,-3.33289
35,2.10671,5.94213,-3.63166
25,2.10671,5.94213,-3.63166
35,2.90602,6.58192,-3.78495
25,2.90602,6.58192,-3.78495
35,1.26068,15.8727,2.38767
25,1.26068,15.8727,2.38767
35,-1.8368,9.83468,-1.10933
25,-1.8368,9.83468,-1.10933
35,2.23919,7.50918,-2.12667
25,2.23919,7.50918,-2.12667
35,-5.84303,18.1939,2.22136
25,-5.84303,18.1939,2.22136
35,-1.12598,4.48162,-1.96374
25,-1.12598,4.48162,-1.96374
35,0.384954,10.6616,-2.25017
25,0.384954,10.6616,-2.25017
35,6.24548,6.28203,-2.01148
25,6.24548,6.28203,-2.01148
35,-0.781462,5.82314,-1.93063
25,-0.781462,5.82314,-1.93063
35,4.40239,6.75084,-2.98808
25,4.40239,6.75084,-2.98808
35,2.63204,3.05407,-1.48876
25,2.63204,3.05407,-1.48876
35,-2.56864,10.7708,-2.8094
25,-2.56864,10.7708,-2.8094
35,-0.274338,7.44264,-2.24002
25,-0.274338,7.44264,-2.24002
35,-2.21757,9.17213,-0.297196
25,-2.21757,9.17213,-0.297196
35,4.00596,8.26684,-3.49315
26,4.00596,8.26684,-3.49315
35,-0.223321,13.9646,0.411899
26,-0.223321,13.9646,0.411899
35,5.29873,8.40698,-2.11837
26,5.29873,8.40698,-2.11837
35,1.16343,8.33142,-2.36753
26,1.16343,8.33142,-2.36753
35,0.0850452,6.89929,-1.04652
26,0.0850452,6.89929,-1.04652
35,-0.223321,13.9646,0.411899
26,-0.223321,13.9646,0.411899
35,6.23966,14.3328,-3.56398
26,6.23966,14.3328,-3.56398
35,1.24976,9.13097,-3.43983
26,1.24976,9.13097,-3.43983
35,14.0695,19.0884,-5.40197
26,14.0695,19.0884,-5.40197
35,5.82622,9.12031,-2.11224
26,5.82622,9.12031,-2.11224
35,1.70217,9.30742,-2.70664
26,1.70217,9.30742,-2.70664
35,0.0151286,8.37152,-0.774749
26,0.0151286,8.37152,-0.774749
35,0.420738,5.89574,-3.6393
26,0.420738,5.89574,-3.6393
35,0.655014,13.1937,-2.48055
26,0.655014,13.1937,-2.48055
35,1.01149,9.78475,-3.44486
26,1.01149,9.78475,-3.44486
35,12.5091,17.0228,-4.74658
26,12.5091,17.0228,-4.74658
35,9.36518,17.037,2.22418
26,9.36518,17.037,2.22418
35,0.352005,8.13248,-3.19727
26,0.352005,8.13248,-3.19727
35,-0.673657,5.80411,0.792047
26,-0.673657,5.80411,0.792047
35,0.384952,8.12752,-3.18745
26,0.384952,8.12752,-3.18745
35,12.8983,19.9046,0.0711099
26,12.8983,19.9046,0.0711099
35,0.282458,6.08584,-2.29263
26,0.282458,6.08584,-2.29263
35,2.26095,4.50242,-0.707425
26,2.26095,4.50242,-0.707425
35,10.0276,13.8753,-3.65824
26,10.0276,13.8753,-3.65824
35,7.40176,11.4014,-1.2542
26,7.40176,11.4014,-1.2542
35,1.20525,10.8031,-0.482009
24,1.20525,10.8031,-0.482009
35,-0.539304,5.73312,-1.9025
24,-0.539304,5.73312,-1.9025
35,-0.572359,6.81238,-1.89546
24,-0.572359,6.81238,-1.89546
35,1.70714,11.7501,-3.10647
24,1.70714,11.7501,-3.10647
35,6.69083,13.6333,2.10478
24,6.69083,13.6333,2.10478
35,1.90576,8.16109,-3.01494
24,1.90576,8.16109,-3.01494
35,-1.16822,23.8009,3.20521
24,-1.16822,23.8009,3.20521
35,4.68722,9.11989,-1.76686
24,4.68722,9.11989,-1.76686
35,-0.35265,5.20625,-1.70959
24,-0.35265,5.20625,-1.70959
35,1.43797,8.73036,-2.43171
24,1.43797,8.73036,-2.43171
35,15.5402,16.7897,0.783692
24,15.5402,16.7897,0.783692
35,1.98054,7.04832,-1.43257
24,1.98054,7.04832,-1.43257
35,-1.14823,3.57149,-1.72997
24,-1.14823,3.57149,-1.72997
35,1.37034,12.8964,-0.618174
24,1.37034,12.8964,-0.618174
35,4.87133,6.32044,-2.37698
24,4.87133,6.32044,-2.37698
35,-0.79659,5.74018,-1.92035
24,-0.79659,5.74018,-1.92035
35,2.88378,9.32525,-0.412783
30,2.88378,9.32525,-0.412783
35,1.27799,8.18994,-2.67748
30,1.27799,8.18994,-2.67748
35,8.08485,12.4717,-1.27666
30,8.08485,12.4717,-1.27666
35,-0.635817,7.28487,-2.19044
30,-0.635817,7.28487,-2.19044
35,-1.06353,9.56111,-2.49964
30,-1.06353,9.56111,-2.49964
35,2.79005,6.73249,-3.49909
30,2.79005,6.73249,-3.49909
35,0.250097,11.7769,-1.18605
30,0.250097,11.7769,-1.18605
35,0.850201,8.27908,-0.311463
30,0.850201,8.27908,-0.311463
35,3.30255,8.30152,-0.337489
30,3.30255,8.30152,-0.337489
35,5.94671,6.10206,-2.65779
30,5.94671,6.10206,-2.65779
35,-2.49999,14.8721,-3.30586
30,-2.49999,14.8721,-3.30586
35,-0.145268,8.49606,0.355848
30,-0.145268,8.49606,0.355848
35,5.8334,7.66824,-0.676996
30,5.8334,7.66824,-0.676996
35,5.63953,5.81361,-3.272
30,5.63953,5.81361,-3.272
35,7.16415,7.34046,-4.20356
30,7.16415,7.34046,-4.20356
35,1.79089,8.49517,-2.82922
29,1.79089,8.49517,-2.82922
35,3.54759,9.44138,-0.48113
29,3.54759,9.44138,-0.48113
35,2.6879,8.96114,-2.63866
29,2.6879,8.96114,-2.63866
35,2.23062,6.21479,-3.98088
29,2.23062,6.21479,-3.98088
35,2.59459,10.1017,-2.30507
29,2.59459,10.1017,-2.30507
35,-0.938985,3.96714,-1.71458
29,-0.938985,3.96714,-1.71458
35,-1.00022,3.71083,-1.86413
29,-1.00022,3.71083,-1.86413
35,-0.649634,9.1183,-2.27919
29,-0.649634,9.1183,-2.27919
35,-0.159183,5.9428,-1.73003
29,-0.159183,5.9428,-1.73003
35,3.76827,4.26678,-2.34158
29,3.76827,4.26678,-2.34158
35,-0.161422,6.7375,-2.00604
29,-0.161422,6.7375,-2.00604
35,0.545725,5.31384,-3.50406
29,0.545725,5.31384,-3.50406
35,-2.13086,12.0081,-2.19991
29,-2.13086,12.0081,-2.19991
35,2.01225,8.78038,-3.28017
29,2.01225,8.78038,-3.28017
35,4.56115,7.5433,-2.48663
29,4.56115,7.5433,-2.48663
35,0.83239,8.44167,-0.369232
32,0.83239,8.44167,-0.369232
35,2.78777,7.61341,-2.902
32,2.78777,7.61341,-2.902
35,4.11662,8.67766,-3.56918
32,4.11662,8.67766,-3.56918
35,2.1226,7.35929,-1.66308
32,2.1226,7.35929,-1.66308
35,0.972479,7.9452,-0.329913
32,0.972479,7.9452,-0.329913
35,0.690384,8.16594,-1.95464
32,0.690384,8.16594,-1.95464
35,0.608488,6.05848,-4.05357
32,0.608488,6.05848,-4.05357
35,4.19433,5.57775,-2.67509
32,4.19433,5.57775,-2.67509
35,4.22964,8.79062,-3.71809
32,4.22964,8.79062,-3.71809
35,0.902831,3.2401,-2.52251
32,0.902831,3.2401,-2.52251
35,-1.25149,10.6246,-2.32064
32,-1.25149,10.6246,-2.32064
35,5.8299,5.96423,-1.73005
32,5.8299,5.96423,-1.73005
35,2.89456,7.92797,-2.44387
32,2.89456,7.92797,-2.44387
35,0.434668,11.8621,-0.571534
32,0.434668,11.8621,-0.571534
35,1.30705,1.52042,-0.962643
32,1.30705,1.52042,-0.962643
35,1.18532,8.84597,-3.32104
32,1.18532,8.84597,-3.32104
35,-0.893852,11.4948,-3.00456
32,-0.893852,11.4948,-3.00456
35,3.63729,8.49275,-3.23674
28,3.63729,8.49275,-3.23674
35,-0.606037,5.21661,-1.72046
28,-0.606037,5.21661,-1.72046
35,3.10276,10.6825,-0.52817
28,3.10276,10.6825,-0.52817
35,-1.46449,6.48063,-1.8147
28,-1.46449,6.48063,-1.8147
35,3.03324,10.4606,-0.513226
28,3.03324,10.4606,-0.513226
35,0.474785,5.3607,-3.19184
28,0.474785,5.3607,-3.19184
35,2.78927,9.67641,-0.430938
28,2.78927,9.67641,-0.430938
35,-1.4384,11.976,-2.67785
28,-1.4384,11.976,-2.67785
35,15.1444,18.1937,0.735277
28,15.1444,18.1937,0.735277
35,0.765913,8.6113,-2.30062
28,0.765913,8.6113,-2.30062
35,-4.59483,9.11542,-1.98333
28,-4.59483,9.11542,-1.98333
35,0.596477,5.70716,-3.43935
28,0.596477,5.70716,-3.43935
35,-0.16976,5.98342,-1.73667
28,-0.16976,5.98342,-1.73667
35,3.90268,9.8374,-0.427452
28,3.90268,9.8374,-0.427452
35,4.32891,8.02131,-2.73691
27,4.32891,8.02131,-2.73691
35,0.280311,10.6349,-2.31451
27,0.280311,10.6349,-2.31451
35,2.16738,9.2395,-3.61713
27,2.16738,9.2395,-3.61713
35,4.13909,8.08455,-3.38143
27,4.13909,8.08455,-3.38143
35,4.24049,8.16843,-3.60326
27,4.24049,8.16843,-3.60326
35,-0.0150317,10.284,-0.936733
27,-0.0150317,10.284,-0.936733
35,-0.233559,7.85242,-1.90084
27,-0.233559,7.85242,-1.90084
35,2.34072,12.1036,0.542063
27,2.34072,12.1036,0.542063
35,1.6857,10.4229,-2.79083
33,1.6857,10.4229,-2.79083
35,1.09826,8.81727,-2.58042
33,1.09826,8.81727,-2.58042
35,1.69628,4.29709,-3.57525
33,1.69628,4.29709,-3.57525
35,2.86894,8.592,-3.30366
33,2.86894,8.592,-3.30366
35,2.07634,7.54622,-1.54102
33,2.07634,7.54622,-1.54102
35,1.19592,8.76785,-3.23481
33,1.19592,8.76785,-3.23481
36,0.0561577,0.235548,0.199276
36,0.0434876,0.249556,0.0740201
36,-0.105504,0.41471,0.00640032
36,0.0161137,0.408752,-0.0755413
36,-0.00896347,0.438189,-0.0762479
36,-0.00852053,0.439606,-0.0771192
36,-0.0131149,0.442456,-0.0808565
36,0.0612715,0.438411,-0.0739512
36,0.0543335,0.454001,-0.0852221
36,0.0546651,0.456573,-0.0884524
36,0.0537536,0.45645,-0.0891237
36,0.0544996,0.457635,-0.0892853
36,0.0523605,0.458687,-0.0882935
36,0.0516565,0.458606,-0.0918613
36,0.0493255,0.855182,-0.254899
36,-0.187408,1.18803,-0.579589
36,1.1898,1.3435,-0.824612
36,1.21481,1.35403,-0.820839
36,1.23095,1.3388,-0.905246
36,1.21279,1.33303,-0.937604
36,1.19339,1.37054,-0.856067
36,1.24446,1.34497,-0.912215
36,1.2637,1.37569,-0.828221
36,1.23001,1.34189,-0.934649
36,1.29979,1.35249,-0.891467
36,1.19214,1.34552,-0.956134
36,1.22421,1.34737,-0.948314
36,1.23082,1.35095,-0.948389
36,1.22013,1.35139,-0.953086
36,1.26612,1.35414,-0.955553
36,1.10619,1.40633,-0.971964
36,1.11825,1.40646,-0.971751
36,1.11935,1.40831,-0.969369
36,1.1322,1.41559,-0.970053
36,1.16273,1.42201,-0.943998
36,1.14352,1.42356,-0.991565
36,1.16532,1.42598,-0.98921
36,1.11476,1.4395,-0.989474
36,1.15969,1.43624,-0.992438
36,-0.344183,2.97059,-0.612665
36,2.58666,2.8123,-1.65106
36,-0.918074,3.41601,-1.6917
36,2.86549,3.40896,-1.7088
36,0.955778,3.45202,-2.34339
36,0.977222,3.44033,-2.40862
36,0.991749,3.44732,-2.39125
36,0.940189,3.46569,-2.36349
36,0.999559,3.45293,-2.4117
36,0.974943,3.52928,-2.40556
36,0.00124348,3.7283,-2.40555
36,0.020837,3.73143,-2.40037
36,0.0248,3.73532,-2.40169
36,0.25506,3.83592,-2.07576
36,1.01703,3.60606,-2.45621
36,1.0161,3.60927,-2.45607
36,0.118712,3.93998,-1.99085
36,0.0619372,3.81422,-2.39721
36,-1.11647,4.16642,-2.10664
36,1.0527,3.92605,-2.68147
36,-1.14934,4.36885,-2.23316
36,-1.03359,4.75279,-1.73318
36,0.725356,4.37747,-2.57118
36,-0.796388,4.78259,-1.99788
36,1.61712,4.42089,-2.16828
36,-1.08037,5.75405,0.522971
36,-1.04598,5.01042,-1.74508
36,-1.07495,5.07633,-1.78939
36,-0.668482,4.98468,-1.95973
36,-0.788353,5.07128,-1.90468
36,-0.873089,5.09838,-1.93493
36,-0.735767,5.04065,-2.04835
36,0.910455,4.50273,-3.02609
36,-0.979849,5.12477,-2.19245
36,-1.1685,5.28373,-1.81796
36,-0.890992,5.23052,-1.97527
36,0.871448,4.74909,-2.77447
36,-0.835896,5.26047,-2.04307
36,-0.821866,5.43171,-1.61422
36,-0.810997,5.2987,-1.98495
36,0.997018,4.67916,-3.16522
36,0.992972,4.682,-3.16071
36,1.82285,4.79874,-2.5656
36,3.83241,4.69758,-2.22081
36,-0.87727,5.49484,-1.67308
36,-0.825189,5.55972,-1.62199
36,-0.59093,5.46687,-2.05131
36,0.905892,4.99692,-2.96715
36,-0.782458,6.66263,1.00935
36,-1.23352,6.66492,0.814034
36,-0.690751,5.75113,-1.57855
36,0.260912,5.1068,-3.07801
36,-0.5702,5.77042,-1.5602
36,4.04787,4.92108,-2.3866
36,-0.581034,5.69568,-1.91415
36,-0.682107,5.83647,-1.62441
36,-0.88868,5.88583,-1.74414
36,-1.21236,5.97375,-1.72355
36,-2.35353,6.05221,-1.97324
36,1.09672,5.08778,-3.46502
36,1.33904,5.1291,-3.47934
36,-1.53635,6.09355,-1.83696
36,1.95101,5.36735,-2.69399
36,-0.916432,6.05892,-1.7901
36,-0.90969,6.07722,-1.79003
36,1.93239,5.43009,-2.67685
36,-0.209848,5.45858,-3.42
36,-1.55004,6.08537,-2.14009
36,1.68102,5.6424,-2.32486
36,0.896333,5.30054,-3.57336
36,-1.02754,6.18358,-1.82324
36,-0.211609,5.50819,-3.45367
36,0.843875,5.33643,-3.58002
36,0.849494,5.33626,-3.59603
36,0.16169,6.63365,-0.216103
36,-0.240001,6.36416,-1.23571
36,-1.09001,6.26037,-1.86297
36,-0.419133,6.14528,-2.01827
36,1.78343,5.81339,-2.35593
36,-1.7752,6.31377,-2.2632
36,-0.989478,6.34461,-1.94743
36,-1.29658,6.48465,-1.75288
36,-0.238867,6.52112,-1.28821
36,4.191,5.43899,-2.82197
36,-0.976479,6.41315,-1.97069
36,2.35106,6.28861,-1.31675
36,2.41579,5.69427,-2.89066
25,2.41579,5.69427,-2.89066
36,1.80479,8.36081,-2.52746
25,1.80479,8.36081,-2.52746
36,5.18377,8.21767,-3.03947
25,5.18377,8.21767,-3.03947
36,0.692244,6.18077,-3.24144
25,0.692244,6.18077,-3.24144
36,2.9689,9.60327,-0.418295
25,2.9689,9.60327,-0.418295
36,1.36457,10.9671,-0.522216
25,1.36457,10.9671,-0.522216
36,4.28263,8.20133,-1.93626
25,4.28263,8.20133,-1.93626
36,1.49546,5.51732,-2.79393
25,1.49546,5.51732,-2.79393
36,-0.874998,7.01882,-2.37091
25,-0.874998,7.01882,-2.37091
36,2.3189,9.26219,-2.50242
25,2.3189,9.26219,-2.50242
36,13.2458,20.4662,-0.234965
25,13.2458,20.4662,-0.234965
36,-0.0872786,9.13596,-2.28036
25,-0.0872786,9.13596,-2.28036
36,2.52039,8.72121,-1.84774
25,2.52039,8.72121,-1.84774
36,0.573821,10.6986,-0.497893
25,0.573821,10.6986,-0.497893
36,3.82078,8.83884,-0.713406
25,3.82078,8.83884,-0.713406
36,1.82308,12.4582,-1.80186
25,1.82308,12.4582,-1.80186
36,3.44713,7.90065,-0.301153
25,3.44713,7.90065,-0.301153
36,0.448005,16.1712,-3.61363
25,0.448005,16.1712,-3.61363
36,0.294932,5.76514,-3.52552
25,0.294932,5.76514,-3.52552
36,-0.184042,12.1661,0.358079
25,-0.184042,12.1661,0.358079
36,0.251471,6.12664,-3.28111
25,0.251471,6.12664,-3.28111
36,3.0874,8.41705,-2.60714
25,3.0874,8.41705,-2.60714
36,2.85949,5.98637,-2.43855
25,2.85949,5.98637,-2.43855
36,4.86004,9.35775,-2.23725
25,4.86004,9.35775,-2.23725
36,-2.18144,12.3177,-2.24302
25,-2.18144,12.3177,-2.24302
36,3.20563,10.413,-0.471869
25,3.20563,10.413,-0.471869
36,-0.14682,6.32477,-1.8587
25,-0.14682,6.32477,-1.8587
36,2.36261,5.28944,-2.97824
25,2.36261,5.28944,-2.97824
36,-2.58982,13.8908,-1.68382
25,-2.58982,13.8908,-1.68382
36,-2.77055,14.4652,1.99767
25,-2.77055,14.4652,1.99767
36,1.71767,8.57318,-3.28721
25,1.71767,8.57318,-3.28721
36,-1.6504,5.4855,-1.95254
25,-1.6504,5.4855,-1.95254
36,1.37821,10.0617,-2.94088
25,1.37821,10.0617,-2.94088
36,2.78458,9.39858,-2.76114
25,2.78458,9.39858,-2.76114
36,2.39583,8.87383,-1.84647
25,2.39583,8.87383,-1.84647
36,4.75895,7.5727,-2.76219
25,4.75895,7.5727,-2.76219
36,-3.00854,12.3883,-0.549908
25,-3.00854,12.3883,-0.549908
36,-4.59196,9.67459,-0.795081
25,-4.59196,9.67459,-0.795081
36,-1.06337,4.28031,-1.85385
25,-1.06337,4.28031,-1.85385
36,3.4672,4.21866,-2.10727
25,3.4672,4.21866,-2.10727
36,6.8165,8.9465,-0.836872
25,6.8165,8.9465,-0.836872
36,9.17027,12.5354,-3.35651
25,9.17027,12.5354,-3.35651
36,0.165509,9.28694,-0.793038
25,0.165509,9.28694,-0.793038
36,-3.79199,12.4408,-1.74778
25,-3.79199,12.4408,-1.74778
36,-7.53173,23.286,2.81952
25,-7.53173,23.286,2.81952
36,-1.79591,6.09142,-1.97573
25,-1.79591,6.09142,-1.97573
36,1.52908,9.37605,-2.6172
25,1.52908,9.37605,-2.6172
36,-2.11285,5.21626,-1.78113
25,-2.11285,5.21626,-1.78113
36,-1.80506,6.12199,-1.98348
25,-1.80506,6.12199,-1.98348
36,-1.78824,6.07149,-1.9607
25,-1.78824,6.07149,-1.9607
36,-1.28998,5.83911,-1.45006
25,-1.28998,5.83911,-1.45006
36,-2.97745,12.3131,-3.27729
25,-2.97745,12.3131,-3.27729
36,-2.50745,12.7054,-2.47321
25,-2.50745,12.7054,-2.47321
36,8.27626,12.7114,-1.50824
25,8.27626,12.7114,-1.50824
36,0.346615,9.86754,-2.16318
29,0.346615,9.86754,-2.16318
36,-0.747835,9.53218,-2.49572
29,-0.747835,9.53218,-2.49572
36,-0.718116,4.09193,-1.49937
29,-0.718116,4.09193,-1.49937
36,3.53972,7.33314,-3.05936
29,3.53972,7.33314,-3.05936
36,2.7674,9.20613,-2.72678
29,2.7674,9.20613,-2.72678
36,4.94971,9.45153,-0.825049
29,4.94971,9.45153,-0.825049
36,-0.803484,10.4126,-2.74968
29,-0.803484,10.4126,-2.74968
36,0.813342,8.73354,-0.396534
29,0.813342,8.73354,-0.396534
36,2.03202,6.31773,-4.2795
29,2.03202,6.31773,-4.2795
36,2.12611,6.59144,-4.49226
29,2.12611,6.59144,-4.49226
36,3.66111,6.93351,-4.07099
29,3.66111,6.93351,-4.07099
36,4.47492,8.48292,-2.76444
29,4.47492,8.48292,-2.76444
36,5.38729,10.3524,-2.07698
29,5.38729,10.3524,-2.07698
36,0.502019,4.89877,-3.21612
29,0.502019,4.89877,-3.21612
36,4.48513,5.59415,-2.2848
29,4.48513,5.59415,-2.2848
36,0.324623,8.34356,-2.3097
29,0.324623,8.34356,-2.3097
36,3.66443,8.20555,-4.24309
29,3.66443,8.20555,-4.24309
36,2.0689,6.45762,-4.39048
29,2.0689,6.45762,-4.39048
36,-0.449658,5.48732,-1.8432
29,-0.449658,5.48732,-1.8432
36,3.30399,9.84811,-2.14104
29,3.30399,9.84811,-2.14104
36,3.94649,6.56155,-2.13186
29,3.94649,6.56155,-2.13186
36,5.25673,8.62142,-2.88119
29,5.25673,8.62142,-2.88119
36,1.34914,8.19133,-2.26052
29,1.34914,8.19133,-2.26052
36,4.22873,12.0597,-1.41105
29,4.22873,12.0597,-1.41105
36,-0.920913,3.70373,-1.57972
29,-0.920913,3.70373,-1.57972
36,4.10802,6.82824,-2.2171
29,4.10802,6.82824,-2.2171
36,5.45423,9.94273,-0.815617
29,5.45423,9.94273,-0.815617
36,3.98097,7.91958,-1.48311
29,3.98097,7.91958,-1.48311
36,9.02229,12.9492,-2.86807
29,9.02229,12.9492,-2.86807
36,5.29002,6.81084,-2.59463
29,5.29002,6.81084,-2.59463
36,4.3362,6.95731,-2.52182
24,4.3362,6.95731,-2.52182
36,2.91594,10.0777,-0.474943
24,2.91594,10.0777,-0.474943
36,1.34517,9.63517,-2.83611
24,1.34517,9.63517,-2.83611
36,-0.151629,6.64967,-1.97567
24,-0.151629,6.64967,-1.97567
36,3.53623,8.64036,-0.317326
24,3.53623,8.64036,-0.317326
36,1.99207,6.16971,-0.200006
24,1.99207,6.16971,-0.200006
36,1.21846,6.6503,-1.80686
24,1.21846,6.6503,-1.80686
36,1.06675,9.05602,-0.539295
24,1.06675,9.05602,-0.539295
36,3.49296,8.65638,-3.28083
24,3.49296,8.65638,-3.28083
36,0.214305,11.7921,-1.31178
24,0.214305,11.7921,-1.31178
36,11.4813,17.8285,0.666417
24,11.4813,17.8285,0.666417
36,2.47692,5.55685,-3.13402
24,2.47692,5.55685,-3.13402
36,7.58932,10.9319,-1.87421
24,7.58932,10.9319,-1.87421
36,4.68858,9.12334,-1.77455
24,4.68858,9.12334,-1.77455
36,-1.03215,21.4856,2.94084
24,-1.03215,21.4856,2.94084
36,1.9823,5.16773,-2.81317
24,1.9823,5.16773,-2.81317
36,-3.73602,14.8551,1.43354
24,-3.73602,14.8551,1.43354
36,-5.18816,11.0156,-2.02283
24,-5.18816,11.0156,-2.02283
36,5.12032,9.57907,-0.826105
24,5.12032,9.57907,-0.826105
36,4.81562,8.2951,-1.26497
24,4.81562,8.2951,-1.26497
36,1.2687,11.6689,-0.532997
24,1.2687,11.6689,-0.532997
36,0.167845,12.6396,-1.14533
24,0.167845,12.6396,-1.14533
36,4.62159,5.14906,-2.45018
24,4.62159,5.14906,-2.45018
36,-1.39908,4.99158,-1.78708
24,-1.39908,4.99158,-1.78708
36,-0.486082,4.51047,-1.63832
24,-0.486082,4.51047,-1.63832
36,0.871923,5.39682,-3.54447
22,0.871923,5.39682,-3.54447
36,3.61325,5.97185,-4.3516
22,3.61325,5.97185,-4.3516
36,5.06008,8.65307,-0.733222
22,5.06008,8.65307,-0.733222
36,3.75483,10.0863,-2.2594
22,3.75483,10.0863,-2.2594
36,3.66256,9.83607,-2.19097
22,3.66256,9.83607,-2.19097
36,1.79202,5.07349,-2.93035
22,1.79202,5.07349,-2.93035
36,-1.29204,4.32251,-2.20098
22,-1.29204,4.32251,-2.20098
36,3.94974,7.04084,-4.04904
22,3.94974,7.04084,-4.04904
36,5.38414,9.30362,-0.77816
22,5.38414,9.30362,-0.77816
36,4.28982,6.87125,-2.47014
22,4.28982,6.87125,-2.47014
36,3.17964,7.55156,-3.38387
22,3.17964,7.55156,-3.38387
36,3.62165,9.2618,-0.406039
22,3.62165,9.2618,-0.406039
36,3.90467,6.80563,-2.9289
26,3.90467,6.80563,-2.9289
36,5.65485,8.21818,-4.13163
26,5.65485,8.21818,-4.13163
36,0.646132,6.27206,-3.65739
26,0.646132,6.27206,-3.65739
36,0.0989219,6.64228,-3.39358
26,0.0989219,6.64228,-3.39358
36,0.463367,8.96474,-1.58974
26,0.463367,8.96474,-1.58974
36,1.33249,7.26377,-2.03971
26,1.33249,7.26377,-2.03971
36,3.32228,7.70333,-1.82648
26,3.32228,7.70333,-1.82648
36,1.16245,8.36406,-2.3846
26,1.16245,8.36406,-2.3846
36,1.22047,9.003,-3.38125
26,1.22047,9.003,-3.38125
36,3.79136,11.2115,-2.48893
26,3.79136,11.2115,-2.48893
36,0.52433,10.361,-1.8801
26,0.52433,10.361,-1.8801
36,0.893033,9.692,-2.64558
26,0.893033,9.692,-2.64558
36,1.15746,1.32424,-0.779677
26,1.15746,1.32424,-0.779677
36,1.77149,11.6516,1.48801
26,1.77149,11.6516,1.48801
36,-4.67871,24.6582,3.21409
26,-4.67871,24.6582,3.21409
36,3.74416,11.7659,-0.56016
26,3.74416,11.7659,-0.56016
36,-0.866948,7.44895,0.834593
26,-0.866948,7.44895,0.834593
36,-2.60947,13.8345,-1.623
26,-2.60947,13.8345,-1.623
36,1.01199,7.53454,-2.14271
26,1.01199,7.53454,-2.14271
36,2.82615,8.65577,-0.372022
34,2.82615,8.65577,-0.372022
36,3.72368,9.70032,-0.45454
34,3.72368,9.70032,-0.45454
36,0.943623,10.1789,-2.24749
34,0.943623,10.1789,-2.24749
36,0.33875,9.9182,-2.08549
34,0.33875,9.9182,-2.08549
36,0.430264,19.0968,-4.06171
34,0.430264,19.0968,-4.06171
36,1.27746,10.5771,-0.427078
34,1.27746,10.5771,-0.427078
36,0.264138,12.62,-2.23946
34,0.264138,12.62,-2.23946
36,2.00524,5.84824,-3.93132
34,2.00524,5.84824,-3.93132
36,0.232056,10.3516,-1.00809
34,0.232056,10.3516,-1.00809
36,1.44118,5.2923,-3.35894
34,1.44118,5.2923,-3.35894
36,0.522064,10.0803,-0.381094
34,0.522064,10.0803,-0.381094
36,1.16856,7.1592,-1.94897
34,1.16856,7.1592,-1.94897
36,-1.95273,7.16444,-2.00311
34,-1.95273,7.16444,-2.00311
36,0.45964,9.16905,-2.60865
34,0.45964,9.16905,-2.60865
36,-2.41626,9.92639,-2.62976
34,-2.41626,9.92639,-2.62976
36,2.18879,6.61148,-2.62083
34,2.18879,6.61148,-2.62083
36,1.83003,8.34507,-2.56454
34,1.83003,8.34507,-2.56454
36,0.399952,5.78404,-3.35112
28,0.399952,5.78404,-3.35112
36,4.5964,21.2279,-1.2355
28,4.5964,21.2279,-1.2355
36,3.46621,9.05948,-0.396979
28,3.46621,9.05948,-0.396979
36,-0.661475,10.4511,-2.78016
28,-0.661475,10.4511,-2.78016
36,-1.86422,9.5627,-0.219857
28,-1.86422,9.5627,-0.219857
36,0.168147,10.6711,-0.935598
28,0.168147,10.6711,-0.935598
36,11.9817,17.9427,0.630249
28,11.9817,17.9427,0.630249
36,-0.460572,5.32513,-1.79509
28,-0.460572,5.32513,-1.79509
36,-1.76863,9.9401,-1.74375
28,-1.76863,9.9401,-1.74375
36,-1.20143,5.69981,-1.63555
28,-1.20143,5.69981,-1.63555
36,0.461084,8.67628,-3.38965
33,0.461084,8.67628,-3.38965
36,0.629477,6.14201,-3.73843
33,0.629477,6.14201,-3.73843
36,2.0469,6.12087,-4.1808
33,2.0469,6.12087,-4.1808
36,9.86675,12.9465,-1.34212
33,9.86675,12.9465,-1.34212
36,3.24927,8.25634,-0.333276
33,3.24927,8.25634,-0.333276
36,-0.941548,12.4011,-3.24176
33,-0.941548,12.4011,-3.24176
36,3.50286,7.31161,-3.04918
33,3.50286,7.31161,-3.04918
37,0.0173277,0.269976,-0.0320263
37,0.0184583,0.382072,-0.0953247
37,0.0200867,0.384248,-0.0940577
37,-0.00756976,0.386938,-0.0956448
37,-0.0079398,0.388131,-0.0960277
37,0.00482073,0.390659,-0.0917505
37,0.00475076,0.390975,-0.0937138
37,-0.00893529,0.391599,-0.0971992
37,-0.0794877,0.428031,-0.0978384
37,-0.0809151,0.429876,-0.0953783
37,-0.0754295,0.430808,-0.0967238
37,0.00151501,0.443489,-0.0991577
37,0.0658534,0.448366,-0.0961693
37,0.0642378,0.449375,-0.0957042
37,0.0662276,0.449706,-0.0945293
37,0.0626928,0.449499,-0.0963019
37,0.0603266,0.449124,-0.0987689
37,0.0635493,0.449674,-0.0965062
37,-0.0704557,0.487491,-0.100363
37,-0.0487862,0.485269,-0.10502
37,-0.00679426,0.497672,-0.104144
37,-0.909186,4.46919,-1.82083
37,-2.10554,4.72467,-1.75877
37,-1.65792,4.72037,-1.83921
37,-2.18837,4.93438,-1.83511
37,-1.06557,4.91372,-1.79091
37,-1.44023,4.97471,-1.8143
37,-1.47148,4.99175,-1.84359
37,-0.725958,4.92667,-1.85984
37,-0.815235,4.93879,-1.8564
37,-0.731705,4.94899,-1.83865
37,-1.44971,5.06673,-1.84113
37,-1.28709,5.09065,-1.75516
37,-1.10981,5.08649,-1.85868
37,-1.46218,5.13491,-1.8747
37,-1.04934,5.12619,-1.78824
37,-1.36139,5.11238,-1.93522
37,-1.2677,5.15249,-1.82587
37,-2.15276,5.27311,-1.81791
37,-1.45914,5.20074,-1.82443
37,-1.08191,5.16173,-1.8183
37,-2.1444,5.31997,-1.80867
37,-1.09376,5.22618,-1.85221
37,-1.85371,5.26994,-2.05283
37,-0.765265,5.22116,-1.91063
37,-0.697686,5.35188,-1.75122
37,3.77448,4.59692,-2.32793
37,3.91043,4.56679,-2.37138
37,-1.91277,5.42253,-2.11633
37,-2.12991,5.57349,-1.86244
37,-0.590672,5.4711,-1.80708
37,-0.456161,5.54067,-1.86591
37,4.40285,4.85169,-2.30573
37,-1.95337,5.79181,-1.82402
37,4.46988,4.86838,-2.3268
37,4.47232,4.89157,-2.34075
37,-0.889166,5.77225,-1.75435
37,-1.72519,5.83007,-1.87556
37,-0.886105,5.83557,-1.77307
37,-1.75432,5.99527,-1.91825
37,-0.518692,6.06036,-1.74268
37,-0.51095,6.05373,-1.76156
37,-0.506577,6.14281,-1.78492
37,-0.708324,6.19514,-1.75565
37,-0.682246,6.201,-1.75973
37,1.75158,5.72464,-2.32223
37,1.649,5.75075,-2.33058
37,-0.129175,6.23019,-1.83079
37,-0.4091,6.30849,-1.84656
37,-1.9492,6.5045,-1.82019
37,-0.140482,6.32615,-1.85985
37,4.76196,5.55219,-2.36547
37,2.97909,9.15953,-0.410683
35,2.97909,9.15953,-0.410683
37,3.4259,7.91394,-1.83027
35,3.4259,7.91394,-1.83027
37,1.12472,10.0279,-0.438646
35,1.12472,10.0279,-0.438646
37,3.06508,10.5364,-2.46964
35,3.06508,10.5364,-2.46964
37,2.27501,8.59536,-1.9003
35,2.27501,8.59536,-1.9003
37,-0.0373778,13.7792,-1.33529
35,-0.0373778,13.7792,-1.33529
37,2.83348,9.76859,-0.456752
35,2.83348,9.76859,-0.456752
37,3.82308,8.78085,-0.370618
35,3.82308,8.78085,-0.370618
37,2.40515,8.84673,-1.8408
35,2.40515,8.84673,-1.8408
37,1.07418,10.5339,-0.476456
35,1.07418,10.5339,-0.476456
37,0.248652,9.29149,-1.97529
35,0.248652,9.29149,-1.97529
37,2.38724,7.95989,-2.3243
35,2.38724,7.95989,-2.3243
37,-3.15635,16.8035,-2.05016
35,-3.15635,16.8035,-2.05016
37,1.21762,10.4742,-2.32188
35,1.21762,10.4742,-2.32188
37,0.338504,8.47398,-2.35843
35,0.338504,8.47398,-2.35843
37,0.573844,11.076,-2.02219
35,0.573844,11.076,-2.02219
37,-2.7039,14.3172,-1.74383
35,-2.7039,14.3172,-1.74383
37,1.44876,7.22531,-2.73365
35,1.44876,7.22531,-2.73365
37,5.41841,8.60063,-3.1925
35,5.41841,8.60063,-3.1925
37,3.05301,9.44233,-0.421218
35,3.05301,9.44233,-0.421218
37,2.2733,8.92763,-2.51348
35,2.2733,8.92763,-2.51348
37,2.6794,9.74585,-2.07321
35,2.6794,9.74585,-2.07321
37,2.56624,10.1641,-2.89102
35,2.56624,10.1641,-2.89102
37,-1.55733,5.35612,-1.70309
35,-1.55733,5.35612,-1.70309
37,-0.705445,9.37494,-2.39892
35,-0.705445,9.37494,-2.39892
37,3.70621,9.56565,-0.44352
35,3.70621,9.56565,-0.44352
37,4.33904,5.65488,-2.07503
35,4.33904,5.65488,-2.07503
37,0.378108,11.2649,-2.34417
35,0.378108,11.2649,-2.34417
37,8.76724,11.5097,-1.1747
35,8.76724,11.5097,-1.1747
37,9.87055,15.1775,-1.78477
35,9.87055,15.1775,-1.78477
37,1.02344,9.6278,-0.398635
35,1.02344,9.6278,-0.398635
37,-0.5994,4.56019,-1.4559
35,-0.5994,4.56019,-1.4559
37,2.90857,9.37703,-0.410965
25,2.90857,9.37703,-0.410965
37,1.41135,8.24913,-2.31382
25,1.41135,8.24913,-2.31382
37,-2.12705,10.9414,-2.05996
25,-2.12705,10.9414,-2.05996
37,3.86371,8.85059,-1.50064
25,3.86371,8.85059,-1.50064
37,3.09158,9.1242,-1.97308
25,3.09158,9.1242,-1.97308
37,2.66616,7.52652,-3.32811
25,2.66616,7.52652,-3.32811
37,1.22249,8.70448,-2.52009
25,1.22249,8.70448,-2.52009
37,1.74093,10.7826,-2.89061
25,1.74093,10.7826,-2.89061
37,-3.5148,17.9981,-0.584689
25,-3.5148,17.9981,-0.584689
37,3.30903,8.17126,-3.08321
25,3.30903,8.17126,-3.08321
37,2.12291,13.1337,-3.54406
25,2.12291,13.1337,-3.54406
37,2.68908,9.05852,-2.64819
25,2.68908,9.05852,-2.64819
37,9.10647,13.109,-2.32742
25,9.10647,13.109,-2.32742
37,1.75777,5.74461,-2.31338
25,1.75777,5.74461,-2.31338
37,2.25439,8.09026,-1.72193
25,2.25439,8.09026,-1.72193
37,-2.12957,7.53478,-2.09147
25,-2.12957,7.53478,-2.09147
37,-0.870377,4.19455,-0.912012
25,-0.870377,4.19455,-0.912012
37,2.74632,8.83236,-0.372311
25,2.74632,8.83236,-0.372311
37,5.44191,10.1786,-0.878184
25,5.44191,10.1786,-0.878184
37,5.47705,10.7023,-2.08222
25,5.47705,10.7023,-2.08222
37,-1.97503,10.2399,-1.97466
25,-1.97503,10.2399,-1.97466
37,1.53994,9.17473,-2.53876
25,1.53994,9.17473,-2.53876
37,0.0668406,11.4709,-2.00378
29,0.0668406,11.4709,-2.00378
37,0.240178,13.037,-0.624677
29,0.240178,13.037,-0.624677
37,-0.248562,10.6376,-1.81675
29,-0.248562,10.6376,-1.81675
37,3.2934,7.41985,-3.78669
29,3.2934,7.41985,-3.78669
37,2.52552,9.66557,-2.73881
29,2.52552,9.66557,-2.73881
37,3.93756,7.51941,-2.41873
29,3.93756,7.51941,-2.41873
37,5.39394,10.2523,-0.911157
29,5.39394,10.2523,-0.911157
37,4.7944,9.27217,-1.83228
29,4.7944,9.27217,-1.83228
37,4.66503,5.80487,-2.392
29,4.66503,5.80487,-2.392
37,4.47922,5.58871,-2.28903
29,4.47922,5.58871,-2.28903
37,4.8936,6.51124,-3.19313
29,4.8936,6.51124,-3.19313
37,5.18409,6.75134,-2.47024
29,5.18409,6.75134,-2.47024
37,2.16275,8.63721,-2.56113
29,2.16275,8.63721,-2.56113
37,0.216354,11.2466,-0.999069
29,0.216354,11.2466,-0.999069
37,9.76182,12.8253,-1.27647
29,9.76182,12.8253,-1.27647
37,0.371491,10.4271,-2.29769
30,0.371491,10.4271,-2.29769
37,0.973344,10.2297,-2.27332
30,0.973344,10.2297,-2.27332
37,1.80826,9.05921,-3.5068
30,1.80826,9.05921,-3.5068
37,5.87904,8.33544,-4.40877
30,5.87904,8.33544,-4.40877
37,5.32761,7.75262,-3.89738
30,5.32761,7.75262,-3.89738
37,0.149814,10.6534,-0.930839
30,0.149814,10.6534,-0.930839
37,0.405675,7.47922,-2.88058
30,0.405675,7.47922,-2.88058
37,3.98741,6.95568,-2.99748
30,3.98741,6.95568,-2.99748
37,2.25975,7.85464,-1.79694
30,2.25975,7.85464,-1.79694
37,3.1357,8.43742,-1.85048
30,3.1357,8.43742,-1.85048
37,3.38563,8.799,-0.393839
30,3.38563,8.799,-0.393839
37,1.31961,11.0294,-2.47153
30,1.31961,11.0294,-2.47153
37,-0.684006,5.96884,-1.6686
30,-0.684006,5.96884,-1.6686
37,2.3852,9.2308,-2.58471
30,2.3852,9.2308,-2.58471
37,3.1109,8.37189,-1.83964
30,3.1109,8.37189,-1.83964
37,6.39246,6.14537,-2.87507
30,6.39246,6.14537,-2.87507
37,4.28342,8.83856,-3.73388
30,4.28342,8.83856,-3.73388
37,5.00627,9.6965,-1.9033
30,5.00627,9.6965,-1.9033
37,-3.16339,12.8921,-0.53993
30,-3.16339,12.8921,-0.53993
37,1.9412,8.24016,-1.86491
30,1.9412,8.24016,-1.86491
37,5.14059,6.40109,-2.3214
30,5.14059,6.40109,-2.3214
37,-0.240029,7.75906,-1.56425
30,-0.240029,7.75906,-1.56425
37,3.83213,7.3158,-2.37755
30,3.83213,7.3158,-2.37755
37,2.12953,5.9804,-1.76502
30,2.12953,5.9804,-1.76502
37,1.82799,9.56544,-2.49742
24,1.82799,9.56544,-2.49742
37,3.8922,9.01636,-2.00638
24,3.8922,9.01636,-2.00638
37,4.28599,7.0093,-3.25171
24,4.28599,7.0093,-3.25171
37,1.93714,9.92164,-0.470564
24,1.93714,9.92164,-0.470564
37,2.69299,9.11025,-2.65532
24,2.69299,9.11025,-2.65532
37,1.45092,8.8647,-2.48543
24,1.45092,8.8647,-2.48543
37,-1.7014,5.50417,-1.7922
24,-1.7014,5.50417,-1.7922
37,0.17046,12.0887,-1.07416
24,0.17046,12.0887,-1.07416
37,2.99738,9.26434,-3.34547
28,2.99738,9.26434,-3.34547
37,-0.077585,8.88848,-2.21753
28,-0.077585,8.88848,-2.21753
37,-1.94236,9.82834,-2.04727
28,-1.94236,9.82834,-2.04727
37,4.13906,7.86466,-2.56551
28,4.13906,7.86466,-2.56551
37,1.09092,11.8107,-2.61308
28,1.09092,11.8107,-2.61308
37,0.0777405,11.9983,-1.9362
28,0.0777405,11.9983,-1.9362
37,1.94449,7.95928,-2.31694
28,1.94449,7.95928,-2.31694
37,-4.99308,10.5821,-0.899746
28,-4.99308,10.5821,-0.899746
37,5.17419,8.26043,-3.03239
28,5.17419,8.26043,-3.03239
37,10.573,15.1655,-3.41797
28,10.573,15.1655,-3.41797
37,6.25816,9.31267,-2.84098
26,6.25816,9.31267,-2.84098
37,0.881912,8.50943,-2.96897
26,0.881912,8.50943,-2.96897
37,12.8412,17.4009,0.624051
26,12.8412,17.4009,0.624051
37,3.95096,10.2747,-0.477191
26,3.95096,10.2747,-0.477191
37,0.08114,11.301,-1.87229
26,0.08114,11.301,-1.87229
37,-3.65258,10.3765,0.933716
26,-3.65258,10.3765,0.933716
37,-4.11804,8.9511,-0.421005
26,-4.11804,8.9511,-0.421005
37,6.38921,6.56188,-2.89101
26,6.38921,6.56188,-2.89101
37,3.44091,9.12202,-2.01882
26,3.44091,9.12202,-2.01882
37,1.12953,8.52946,-2.45604
26,1.12953,8.52946,-2.45604
37,1.33144,9.87239,-2.87579
26,1.33144,9.87239,-2.87579
37,-0.681672,7.10426,-2.01423
22,-0.681672,7.10426,-2.01423
37,1.41768,10.6918,-4.03621
22,1.41768,10.6918,-4.03621
37,-0.736588,7.27893,-2.05131
22,-0.736588,7.27893,-2.05131
37,0.000254698,0.509769,-0.110276
6,0.000254698,0.509769,-0.110276
37,-0.0729361,6.87919,-2.00847
6,-0.0729361,6.87919,-2.00847
37,0.178115,11.6137,-1.04091
6,0.178115,11.6137,-1.04091
37,0.227367,11.2751,-0.523366
6,0.227367,11.2751,-0.523366
37,2.2629,8.40293,-1.75326
6,2.2629,8.40293,-1.75326
37,1.34016,9.29029,-2.82017
6,1.34016,9.29029,-2.82017
37,-2.96985,12.1777,-0.510514
6,-2.96985,12.1777,-0.510514
37,-4.58883,8.89106,-2.19952
6,-4.58883,8.89106,-2.19952
37,2.15015,10.4374,-4.01299
6,2.15015,10.4374,-4.01299
37,1.85776,6.84049,-1.95405
34,1.85776,6.84049,-1.95405
37,3.91982,6.56805,-0.927337
34,3.91982,6.56805,-0.927337
37,-1.91676,5.09354,-1.65217
34,-1.91676,5.09354,-1.65217
38,-0.0381723,0.234109,-0.0842023
38,-0.0443243,0.2383,-0.0790287
38,-0.0613492,0.246741,-0.080603
38,-0.00157442,0.405988,-0.0907517
38,-0.081584,0.422222,-0.0925784
38,-0.00228151,0.437785,-0.0908736
38,0.00231078,0.440791,-0.0941931
38,0.0733714,0.438015,-0.0914528
38,0.0735916,0.440129,-0.091702
38,0.06322,0.445233,-0.0921938
38,0.0644434,0.446424,-0.0922905
38,0.062498,0.446229,-0.0938424
38,0.042692,0.484024,-0.0972048
38,0.0464825,0.484497,-0.0960386
38,0.0425856,0.484465,-0.0973698
38,0.0468944,0.486245,-0.0957942
38,0.0476094,0.486748,-0.0960024
38,0.0460966,0.487193,-0.0956527
38,0.0475919,0.487465,-0.0963656
38,-0.925414,6.13076,-1.71666
38,-0.698314,6.10953,-1.72249
38,-0.694894,6.13403,-1.73314
38,-1.23957,6.33031,-1.69472
38,-0.146881,6.14709,-1.7918
38,-0.281341,6.40193,-1.82234
38,-0.135714,6.36782,-1.87887
38,4.73874,6.20589,-2.24044
38,2.41312,6.6862,-2.06757
38,2.517,6.97027,-2.13363
38,2.85284,7.59486,-1.66735
38,-0.893478,7.91041,-2.18297
38,4.38788,7.2429,-2.38639
38,3.88023,7.40668,-2.40252
38,3.93536,7.48091,-2.40977
38,2.95344,7.95586,-1.74235
38,-4.57559,8.859,-2.18912
38,4.3341,8.26724,-0.722083
38,-0.945187,8.3791,-2.14704
38,1.89244,8.1253,-1.84793
38,3.33519,8.61491,-0.379248
38,4.64066,7.39778,-2.69201
38,1.93691,8.19096,-1.87199
38,-2.07051,8.59043,-2.26614
38,0.0627483,10.4717,-1.83182
25,0.0627483,10.4717,-1.83182
38,2.41233,8.22349,-2.47238
25,2.41233,8.22349,-2.47238
38,4.79875,9.21333,-2.21066
25,4.79875,9.21333,-2.21066
38,2.51636,8.61093,-2.59922
25,2.51636,8.61093,-2.59922
38,3.85557,8.86736,-0.375671
25,3.85557,8.86736,-0.375671
38,1.39931,11.9924,-2.68625
25,1.39931,11.9924,-2.68625
38,2.98744,8.82313,-1.89232
25,2.98744,8.82313,-1.89232
38,3.80545,10.8534,-1.28309
25,3.80545,10.8534,-1.28309
38,1.43711,12.3883,-2.78042
25,1.43711,12.3883,-2.78042
38,0.237267,10.6953,-1.86108
25,0.237267,10.6953,-1.86108
38,0.206056,10.478,-1.41352
25,0.206056,10.478,-1.41352
38,-3.40568,17.4763,-0.57129
25,-3.40568,17.4763,-0.57129
38,1.3627,9.96386,-2.8985
25,1.3627,9.96386,-2.8985
38,9.30763,13.4052,-2.37143
25,9.30763,13.4052,-2.37143
38,2.97657,9.63211,-0.417472
25,2.97657,9.63211,-0.417472
38,-1.8937,9.71777,-1.80844
25,-1.8937,9.71777,-1.80844
38,1.50036,9.03216,-2.53466
25,1.50036,9.03216,-2.53466
38,0.36961,10.0392,-2.10558
25,0.36961,10.0392,-2.10558
38,5.03646,9.88001,-1.94814
25,5.03646,9.88001,-1.94814
38,0.529782,17.2853,-0.864518
25,0.529782,17.2853,-0.864518
38,2.82822,9.13381,-0.383723
25,2.82822,9.13381,-0.383723
38,2.9567,7.52398,-0.294556
25,2.9567,7.52398,-0.294556
38,10.6061,16.3448,-1.99614
25,10.6061,16.3448,-1.99614
38,0.295979,8.62662,-1.78246
36,0.295979,8.62662,-1.78246
38,0.911372,9.72717,-2.1499
36,0.911372,9.72717,-2.1499
38,5.60955,10.7793,-2.17566
36,5.60955,10.7793,-2.17566
38,8.23289,11.9628,-2.90277
36,8.23289,11.9628,-2.90277
38,3.37644,9.08121,-2.00981
36,3.37644,9.08121,-2.00981
38,0.264105,9.87614,-2.11684
36,0.264105,9.87614,-2.11684
38,1.26348,9.0302,-2.59697
36,1.26348,9.0302,-2.59697
38,1.58083,9.59371,-2.70686
36,1.58083,9.59371,-2.70686
38,6.29959,12.2312,-2.46135
36,6.29959,12.2312,-2.46135
38,0.847163,9.27225,-2.02913
36,0.847163,9.27225,-2.02913
38,3.66082,9.85932,-2.18669
36,3.66082,9.85932,-2.18669
38,0.366147,9.15465,-2.55788
36,0.366147,9.15465,-2.55788
38,0.941525,10.1482,-2.78742
36,0.941525,10.1482,-2.78742
38,3.96463,11.3517,-1.32907
36,3.96463,11.3517,-1.32907
38,-0.366166,9.93244,-2.06033
36,-0.366166,9.93244,-2.06033
38,5.81493,11.2899,-2.25675
36,5.81493,11.2899,-2.25675
38,2.97241,8.95761,-1.9317
36,2.97241,8.95761,-1.9317
38,4.69822,13.5558,-1.53951
36,4.69822,13.5558,-1.53951
38,0.140164,11.0394,-0.976836
36,0.140164,11.0394,-0.976836
38,7.16762,14.0137,-2.79684
36,7.16762,14.0137,-2.79684
38,3.73789,12.5383,-1.83077
29,3.73789,12.5383,-1.83077
38,3.6105,8.28046,-1.97093
29,3.6105,8.28046,-1.97093
38,2.62257,9.05299,-1.90281
29,2.62257,9.05299,-1.90281
38,-0.051888,0.490554,-0.00493147
29,-0.051888,0.490554,-0.00493147
38,2.68358,9.82888,-2.20595
29,2.68358,9.82888,-2.20595
38,0.158423,9.70245,-0.837548
29,0.158423,9.70245,-0.837548
38,1.08531,10.1864,-0.440714
29,1.08531,10.1864,-0.440714
38,2.58153,9.30538,-1.99104
29,2.58153,9.30538,-1.99104
38,2.94388,10.1732,-0.488717
28,2.94388,10.1732,-0.488717
38,3.90069,10.1031,-0.470493
28,3.90069,10.1031,-0.470493
38,-0.0756364,9.73303,-2.46263
28,-0.0756364,9.73303,-2.46263
38,3.38394,9.23606,-2.8926
28,3.38394,9.23606,-2.8926
38,3.67182,8.64623,-2.01941
28,3.67182,8.64623,-2.01941
38,3.39998,7.97158,-1.48381
28,3.39998,7.97158,-1.48381
38,-0.0849012,0.596174,-0.171989
30,-0.0849012,0.596174,-0.171989
38,2.60907,9.64445,-2.19943
30,2.60907,9.64445,-2.19943
38,4.91413,8.56215,-1.29719
30,4.91413,8.56215,-1.29719
38,7.96022,10.4672,-1.05782
30,7.96022,10.4672,-1.05782
38,7.76676,10.3617,-0.989085
30,7.76676,10.3617,-0.989085
38,2.39396,8.97564,-2.64833
22,2.39396,8.97564,-2.64833
38,-2.64008,14.0553,-1.68776
22,-2.64008,14.0553,-1.68776
38,8.35655,11.9559,-2.19501
22,8.35655,11.9559,-2.19501
38,1.58133,9.10502,-2.55422
24,1.58133,9.10502,-2.55422
38,6.88633,6.95261,-2.25644
24,6.88633,6.95261,-2.25644
38,-1.53274,11.0072,-2.09656
26,-1.53274,11.0072,-2.09656
38,0.522368,11.1563,-1.05153
26,0.522368,11.1563,-1.05153
38,-1.77305,11.7048,-2.06053
26,-1.77305,11.7048,-2.06053
38,3.65617,9.51247,-0.423389
26,3.65617,9.51247,-0.423389
38,-3.51816,9.58911,-0.456026
26,-3.51816,9.58911,-0.456026
38,2.89355,10.6533,-2.24844
26,2.89355,10.6533,-2.24844
38,4.12415,9.55606,-0.745341
26,4.12415,9.55606,-0.745341
38,-0.329917,9.86762,-2.05154
6,-0.329917,9.86762,-2.05154
38,3.06126,9.77506,-2.78542
34,3.06126,9.77506,-2.78542
38,0.437177,10.5071,-0.41669
34,0.437177,10.5071,-0.41669
39,0.0996099,0.286815,-0.205503
39,-0.0823189,0.427416,-0.092838
39,-0.00351799,0.444445,-0.0948159
39,-0.000342898,0.446318,-0.0954545
39,0.000412792,0.449,-0.0960644
39,0.0612586,0.451801,-0.0943359
39,0.311459,0.512897,0.0294198
39,0.016021,0.454725,-0.208181
39,0.318658,0.516947,0.0357958
39,0.202738,0.515869,-0.108075
39,0.091271,0.702186,-0.31004
39,-0.0404962,1.24065,-0.571722
39,-0.0382359,1.39356,-0.651027
39,-0.0398708,1.43132,-0.668135
39,3.56783,6.84086,-0.591402
39,3.77618,7.22279,-0.612655
39,1.92295,7.38148,-1.0629
39,3.43432,7.13228,-1.41118
39,1.76344,7.24972,-1.83162
39,-0.263209,7.79658,-1.5983
39,2.79455,7.45494,-1.61912
39,1.80242,7.69945,-1.75958
39,2.92506,7.92851,-1.7532
39,1.87148,8.07234,-1.83571
39,3.3435,8.62918,-0.39952
39,0.144993,9.2216,-0.415129
39,0.238289,9.23277,-0.382982
39,3.68015,8.5654,-0.674741
39,-0.250913,8.7124,-1.80855
39,-4.44294,9.71731,-1.67833
39,3.68789,9.02356,-0.344476
39,-3.64831,9.73794,-1.62155
39,3.60951,9.09672,-0.401717
39,3.63347,9.2121,-0.361924
39,3.98258,9.25074,-0.401627
39,-0.0190753,9.72964,-0.876552
39,1.03391,9.80657,-0.454575
39,-0.217012,9.37591,-1.92525
39,3.79424,8.9044,-1.48503
39,1.14504,9.97261,-0.507817
39,2.58559,9.01216,-2.08364
39,-4.74269,10.377,-1.83413
39,1.05067,10.0631,-0.455931
39,0.066254,9.70165,-1.6131
39,-4.5233,10.3584,-1.92993
39,0.421556,10.3147,-0.426347
39,-0.13899,9.83059,-1.72497
39,8.54213,12.3486,-2.87189
30,8.54213,12.3486,-2.87189
39,0.0864659,1.00114,-0.372921
30,0.0864659,1.00114,-0.372921
39,7.29953,10.5681,-2.43396
30,7.29953,10.5681,-2.43396
39,2.78588,9.62227,-2.07108
30,2.78588,9.62227,-2.07108
39,5.28596,10.2353,-2.02305
30,5.28596,10.2353,-2.02305
39,-3.48122,14.2416,-0.620705
30,-3.48122,14.2416,-0.620705
39,-3.31375,13.5273,-0.575345
30,-3.31375,13.5273,-0.575345
39,5.24709,9.79764,-0.823218
30,5.24709,9.79764,-0.823218
39,10.8263,16.5919,-1.95602
30,10.8263,16.5919,-1.95602
39,4.45544,8.28257,-0.654947
30,4.45544,8.28257,-0.654947
39,8.71327,11.5499,-1.13774
30,8.71327,11.5499,-1.13774
39,5.11383,9.84752,-1.96259
29,5.11383,9.84752,-1.96259
39,2.67367,9.35095,-1.9865
29,2.67367,9.35095,-1.9865
39,4.78647,9.18867,-2.20367
25,4.78647,9.18867,-2.20367
39,3.21545,9.83859,-0.456819
25,3.21545,9.83859,-0.456819
39,-2.02195,11.4648,-2.0666
25,-2.02195,11.4648,-2.0666
39,3.31925,10.1924,-0.475539
25,3.31925,10.1924,-0.475539
39,-3.06083,15.8044,-0.492793
25,-3.06083,15.8044,-0.492793
39,0.298103,8.85281,-1.83458
36,0.298103,8.85281,-1.83458
39,12.0698,18.025,0.623311
36,12.0698,18.025,0.623311
39,9.70349,13.9372,-2.47822
36,9.70349,13.9372,-2.47822
39,-3.10608,16.6446,-2.05458
36,-3.10608,16.6446,-2.05458
39,2.6474,8.52172,-0.314689
26,2.6474,8.52172,-0.314689
39,4.6076,8.04212,-1.22798
26,4.6076,8.04212,-1.22798
39,4.15378,7.25685,-1.08128
26,4.15378,7.25685,-1.08128
39,-2.03112,11.4135,-2.05908
26,-2.03112,11.4135,-2.05908
39,0.852413,16.7841,-0.812298
28,0.852413,16.7841,-0.812298
39,8.66232,13.2357,-1.5812
28,8.66232,13.2357,-1.5812
39,8.99624,12.8138,-3.04055
24,8.99624,12.8138,-3.04055
39,4.20611,12.0881,-1.36074
24,4.20611,12.0881,-1.36074
39,3.07236,9.98825,-0.400324
24,3.07236,9.98825,-0.400324
39,13.9331,16.6575,0.0490502
33,13.9331,16.6575,0.0490502
39,-2.33339,13.1867,-2.38045
33,-2.33339,13.1867,-2.38045
40,-0.0712648,0.32458,-0.218432
40,0.0299348,0.404004,-0.0917202
40,-0.0805846,0.430501,-0.0933698
40,0.0235318,0.328905,-0.276132
40,0.0235925,0.329189,-0.27604
40,0.0635444,0.451394,-0.0937566
40,0.0634874,0.452406,-0.0938222
40,-0.0679202,0.511685,-0.101751
40,-0.302479,0.819007,-0.128794
40,-0.118049,1.52906,-0.379983
40,-0.121928,1.55258,-0.385572
40,3.96142,6.93318,-1.04801
40,4.01093,7.56331,-0.630436
40,4.05432,7.76796,-0.684491
40,3.41765,8.57661,-0.382574
40,3.39199,8.80325,-0.399683
40,3.56055,8.94619,-0.387656
40,0.995441,9.53891,-0.44884
40,2.38069,8.79206,-1.83118
40,3.66721,8.77573,-1.62567
40,2.45141,9.10669,-1.91213
40,0.397197,10.4123,-0.481186
40,-4.06966,10.7947,-1.83363
40,5.46303,9.43459,-1.44139
40,5.53106,9.55107,-1.42823
40,0.561252,10.9423,-0.542861
40,0.193938,11.0153,-0.968548
40,4.2045,9.88331,-1.79866
40,0.0272862,10.7967,-1.91383
40,-1.99311,11.1983,-2.02143
40,0.526217,11.3156,-1.05402
40,0.145134,11.4087,-1.02544
40,-0.206669,11.0926,-1.97247
40,4.51033,10.4368,-1.9675
40,0.266311,11.298,-1.96942
40,1.87539,12.8137,-1.84344
40,6.13314,11.9591,-2.33806
40,6.98708,13.0415,-1.11876
40,8.41322,12.8837,-1.46591
34,8.41322,12.8837,-1.46591
40,5.08171,8.99687,-0.711358
34,5.08171,8.99687,-0.711358
40,3.66495,9.53439,-0.436046
30,3.66495,9.53439,-0.436046
40,9.01402,11.947,-1.18426
30,9.01402,11.947,-1.18426
40,8.7372,11.506,-1.1664
29,8.7372,11.506,-1.1664
40,8.37057,11.0149,-1.11127
36,8.37057,11.0149,-1.11127
40,4.80212,8.39032,-1.29038
26,4.80212,8.39032,-1.29038
41,-0.0129852,0.397888,-0.090501
41,0.0742078,0.446218,-0.092675
41,0.0614753,0.451093,-0.0931702
41,4.00076,7.62133,-0.668907
41,4.22568,8.0824,-0.697132
41,3.78668,7.85382,-1.56527
41,3.36502,8.67994,-0.379657
41,3.68656,8.55474,-0.67982
41,-0.0243654,9.41492,-0.854974
41,3.64159,9.1702,-0.387264
41,3.90422,9.01914,-0.733172
41,3.0891,9.51586,-0.401125
41,4.05537,9.38097,-0.81738
41,0.257453,10.3811,-0.481025
41,1.1039,10.296,-0.475664
41,3.24489,9.97261,-0.448954
41,0.145499,10.5629,-0.953492
41,0.171567,10.5956,-0.955571
41,0.0514207,10.5518,-1.73225
41,0.568613,11.035,-0.516049
41,-1.89971,10.9413,-1.95123
41,0.201248,10.8183,-1.46506
41,0.0868678,10.6828,-1.81196
41,3.44836,10.746,-0.488877
41,0.5777,11.3931,-2.05868
41,3.90178,11.2058,-1.25063
41,-3.78394,12.355,-1.76235
41,1.69686,11.693,-1.67031
41,-0.187528,11.8602,-2.10268
41,4.03201,11.5308,-1.29018
41,5.80501,11.122,-2.21445
41,8.2899,12.7271,-1.32843
25,8.2899,12.7271,-1.32843
41,-2.88054,14.93,-0.451544
25,-2.88054,14.93,-0.451544
41,-3.1705,13.0008,-0.573166
25,-3.1705,13.0008,-0.573166
41,-2.96017,12.1972,-0.522843
25,-2.96017,12.1972,-0.522843
41,14.1766,21.8092,-0.0173132
25,14.1766,21.8092,-0.0173132
41,1.08732,10.3918,-0.472859
22,1.08732,10.3918,-0.472859
41,0.514555,10.0645,-0.438502
22,0.514555,10.0645,-0.438502
41,5.0991,9.54083,-0.800709
22,5.0991,9.54083,-0.800709
41,7.23122,11.1237,-1.27773
22,7.23122,11.1237,-1.27773
41,7.70871,10.291,-0.983657
30,7.70871,10.291,-0.983657
41,3.86131,11.058,-1.21888
24,3.86131,11.058,-1.21888
41,9.45636,14.5214,-1.69192
34,9.45636,14.5214,-1.69192
41,-0.0599484,0.616768,-0.205408
36,-0.0599484,0.616768,-0.205408
42,-0.0601304,0.33801,-0.0880403
42,0.00240883,0.450744,-0.0955475
42,3.58583,7.43601,-1.48378
42,4.06029,7.74379,-0.683843
42,3.77468,7.84082,-1.55479
42,4.27827,8.17347,-0.707041
42,4.32417,8.20662,-0.709092
42,3.3327,8.56618,-0.37318
42,4.31222,8.25482,-0.735303
42,2.88356,9.3672,-0.407165
42,0.222087,9.85053,-0.442143
42,0.193653,10.0602,-0.465695
42,1.0878,10.0026,-0.43225
42,3.00226,9.77041,-0.446892
42,3.19023,9.83336,-0.449316
42,0.520691,10.5258,-0.412559
42,3.26351,10.0262,-0.486295
42,-0.00840964,10.4492,-0.987195
42,3.25705,10.1126,-0.463958
42,1.17132,10.61,-0.441494
42,0.169265,10.5934,-0.91171
42,0.410262,10.7719,-0.477391
42,2.12518,10.8887,0.476546
42,-4.37819,11.7882,-0.515086
42,-3.84799,11.8364,-0.555134
42,0.107639,10.6054,-1.81807
42,0.222946,10.951,-1.04307
42,0.0804501,10.6488,-1.89702
42,9.18795,9.43482,-1.09502
42,3.50049,10.9082,-0.491629
42,0.529118,11.2633,-1.06395
42,-0.188415,11.4159,-2.02533
42,14.6368,22.6077,-0.270235
25,14.6368,22.6077,-0.270235
42,-2.95126,15.2851,-0.470399
25,-2.95126,15.2851,-0.470399
42,1.32546,1.55542,-0.822671
25,1.32546,1.55542,-0.822671
42,-3.07431,12.6444,-0.55244
25,-3.07431,12.6444,-0.55244
42,4.08043,9.33397,-1.58987
32,4.08043,9.33397,-1.58987
42,3.91768,9.11759,-0.407108
32,3.91768,9.11759,-0.407108
42,-3.16345,16.8363,-2.05393
32,-3.16345,16.8363,-2.05393
42,-3.65478,14.8003,-0.61161
32,-3.65478,14.8003,-0.61161
42,17.7235,21.1301,0.131603
34,17.7235,21.1301,0.131603
42,16.7194,24.8963,0.747593
29,16.7194,24.8963,0.747593
42,16.8885,25.2253,0.732548
29,16.8885,25.2253,0.732548
42,5.66815,9.69124,-0.845538
26,5.66815,9.69124,-0.845538
42,11.2922,17.4146,0.0473168
26,11.2922,17.4146,0.0473168
43,3.89185,-2.49194,11.5816
43,-1.56801,-2.54053,10.1541
43,-1.44455,-2.89388,10.0685
43,-1.43861,-3.37253,10.1824
43,-1.61781,-3.2831,9.78309
43,-1.06235,-2.30458,9.99857
43,-0.12072,-3.36778,12.1813
43,-2.13612,-2.83722,11.542
43,-1.13438,-3.35228,10.0548
43,-1.30481,-3.55082,10.1822
43,-3.22076,-3.79091,13.1895
43,2.50435,-1.76449,8.20064
43,0.0856758,-0.0676388,0.370987
43,2.318,-2.21616,8.93584
43,0.0129693,-0.0655546,0.359556
43,4.98256,-3.87853,11.9471
43,3.01473,-2.7177,8.37137
43,2.17916,-3.5348,11.5093
43,2.60299,-3.12971,9.32602
43,2.20415,-3.26152,8.71771
43,0.0206823,-0.155519,0.852995
43,-0.00299085,-0.0835074,0.410677
43,-1.61759,-2.5274,10.3
43,-1.55218,-2.56289,10.2256
43,-1.45785,-3.39957,10.3187
43,-1.59759,-3.24219,9.68645
43,-1.13859,-3.71058,10.1315
43,-1.19294,-3.86746,9.91934
43,0.442503,-3.73434,9.77555
43,3.84228,-2.45799,11.494
43,-3.59891,-2.51252,10.2393
43,7.18733,-5.98426,14.8483
43,2.33585,-2.2446,9.05052
43,0.0125056,-0.0656,0.359805
43,1.19122,-3.16998,11.5574
43,0.0374961,-4.59141,11.6196
43,-0.512366,-3.61093,9.38793
43,0.0726786,-0.0689212,0.37265
43,7.18652,-14.2264,52.3694
43,2.11715,-3.41164,11.156
43,1.71423,-3.60269,9.56248
43,2.55015,-3.05818,9.13671
43,2.7821,-3.65224,9.69398
43,-1.17394,-2.60261,10.9585
43,-1.14916,-3.42263,10.2255
43,-1.49881,-3.50412,10.2281
43,4.95766,-3.86612,11.925
43,2.97168,-2.6742,8.18219
43,-4.83671,-4.06773,13.0767
43,2.21164,-3.35599,8.89526
43,2.0273,-3.21356,8.58953
43,2.98879,-2.67412,8.18194
43,2.93474,-2.64862,8.10394
43,-0.0669603,-0.0581034,0.331093
43,-2.01832,-2.73048,11.0097
43,7.65679,-3.7409,15.6819
43,-1.5759,-2.60752,10.3819
43,0.487164,-4.75153,9.74409
43,2.18134,-3.5225,11.5582
43,1.67072,-3.57909,9.48659
43,-0.41073,-3.56211,9.21068
43,0.0728032,-0.0690394,0.373289
43,0.0468106,-0.0517124,0.323759
43,2.47401,-1.75375,8.10127
43,2.59153,-2.3717,9.68617
43,2.50986,-2.90869,9.16492
43,2.61225,-3.47863,9.22032
43,-1.21944,-3.56483,10.7008
43,-1.04511,-3.86781,10.0011
43,-1.13808,-3.68962,9.46322
43,7.535,-4.07211,13.3617
43,5.14044,-4.04114,12.3646
43,7.71887,-7.16429,15.7076
43,4.08962,-2.65254,12.2531
43,-1.07599,-3.84735,9.71072
43,-4.3858,-4.68664,11.2049
43,-2.85283,-3.22255,11.1508
43,12.7237,-7.97528,19.5086
43,13.383,-8.16859,17.8602
43,12.435,-7.70671,16.8503
43,-5.29181,-2.62329,10.0656
43,-4.18984,-4.42884,10.6528
43,-6.277,-6.10638,14.6878
43,-1.51601,-2.4759,9.78414
43,-5.41841,-3.06946,10.6911
43,2.34418,-1.64524,7.64458
43,2.01223,-3.20681,8.57147
43,-1.42813,-3.1188,9.94551
43,-1.03641,-3.77752,9.79962
43,-1.42176,-3.36713,9.90116
43,7.82438,-4.246,13.8748
43,5.67749,-4.47142,13.7608
43,7.35045,-6.77592,14.9387
43,7.2938,-2.81466,9.93454
43,10.904,-6.85886,15.9183
43,1.69304,-3.67241,9.71771
43,2.80184,-2.50532,7.71009
43,4.12336,-2.66387,12.3776
43,-0.497156,-3.63024,9.41756
43,-0.394729,-3.74389,9.52537
43,-1.16061,-3.73697,9.6002
43,-4.85479,-4.05831,13.0995
43,-5.86141,-4.32197,10.6875
43,-1.57094,-3.10613,9.23645
43,2.0201,-3.1539,8.3624
43,-1.45176,-3.42777,10.0571
43,7.90279,-4.33097,14.0139
43,19.4588,-16.8568,37.8587
43,7.17251,-6.63312,14.5996
43,6.57656,-2.44129,8.66297
43,13.8263,-8.51005,18.5454
43,1.70193,-3.60599,9.56109
43,1.57565,-3.76249,9.85738
43,2.88241,-2.58997,7.91533
43,-0.432107,-3.40552,8.81728
43,-1.25403,-3.50501,8.96941
43,-1.60681,-2.5893,10.1714
43,-5.71732,-3.87782,9.48276
43,-5.27418,-2.95576,7.65281
43,-4.72802,-3.88713,12.5777
43,-5.67051,-3.69324,10.6936
43,-5.86509,-5.75721,13.7727
43,-6.23938,-5.62518,13.9101
43,-1.46006,-2.93921,8.74009
43,-1.30621,-3.65763,9.40369
43,2.54516,-2.43421,9.6309
43,9.55136,-8.80053,19.3701
43,2.15327,-3.45662,11.4539
43,1.79728,-3.95853,10.4706
43,-5.26994,-2.99271,10.6886
43,-5.40315,-4.18351,10.6071
43,8.58315,-4.06507,17.601
43,11.4407,-7.21744,17.5714
43,-6.23098,-4.21326,10.2575
43,4.07567,-3.64612,11.0816
43,2.49069,-3.07683,9.05157
43,2.04741,-3.19223,8.44371
43,-1.43841,-3.38719,9.96458
43,-0.425153,-3.57297,9.18602
43,8.46212,-4.61024,15.0057
43,7.07677,-4.41883,15.1908
43,-1.53981,-3.09987,9.26788
43,-1.17924,-3.3655,8.55673
43,-1.50953,-2.51757,9.58869
43,2.07494,-3.31167,10.9736
43,1.98324,-4.62835,12.1722
43,5.18364,-4.56783,13.929
43,2.04286,-3.1331,8.23981
43,-6.20245,-3.56545,12.6358
43,-6.50741,-5.85551,14.4085
43,8.42067,-4.62179,14.9901
43,6.92175,-4.30982,14.9279
43,9.29846,-7.96277,18.983
43,-1.32686,-3.13454,9.19187
43,-0.399529,-3.33881,8.63237
43,2.0756,-3.17299,8.4611
43,-1.72251,-2.8081,10.5898
43,0.00798654,-0.0483938,0.311547
43,-1.43161,-3.34729,9.74104
43,-1.22192,-3.86781,9.89967
43,3.10183,-7.46844,19.5072
43,-6.53325,-5.86179,14.424
43,6.65078,-4.12945,14.3032
43,9.32954,-7.91088,19.0975
43,-0.428885,-3.72575,9.53607
44,-0.0208942,-0.0208211,0.230452
44,0.00872829,-0.0657787,0.360804
44,0.0721734,-0.0687651,0.372683
44,0.0731158,-0.0695207,0.372835
44,0.356328,0.569485,1.32884
44,2.47443,-1.75448,8.10471
44,1.45552,-3.43419,9.05247
44,1.45202,-3.44669,9.06034
44,2.5649,-3.42614,9.08443
44,-5.55083,-3.76365,9.20507
44,2.59809,-3.47052,9.27656
44,-1.48625,-3.01568,10.4363
45,0.81853,-2.11018,7.6963
45,1.50657,-3.57089,9.45252
45,2.61871,-2.99125,9.46281
45,-1.15755,-3.73699,9.59908
45,-4.92041,-3.79647,9.64499
45,-1.459,-3.42193,10.2699
45,4.4141,-2.60276,10.376
45,4.44727,-2.83502,10.6021
45,-1.14457,-2.58267,10.793
45,-5.33313,-3.03336,10.8222
45,-4.27096,-4.52092,10.8684
46,-1.33448,-3.57458,9.16964
46,-1.3195,-3.5752,9.18611
46,2.59937,-2.97308,9.40412
46,1.49913,-3.56095,9.42646
46,2.56454,-2.45193,9.70743
46,-0.430648,-3.77974,9.76247
46,2.49154,-2.27032,9.837
46,-1.58529,-2.52167,10.2607
46,-1.45767,-2.99038,10.3122
46,2.04488,-3.26354,10.8033
47,2.80912,-2.51106,7.73024
47,-0.655024,-3.37953,9.04336
47,2.54079,-3.07013,9.10323
47,1.50798,-3.58145,9.47841
47,-1.15794,-3.72869,9.5786
47,-1.38928,-2.52762,9.99996
47,-6.08012,-4.11243,10.0088
47,-1.59904,-2.57656,10.1207
47,-2.78124,-3.11196,10.8256
47,-1.16078,-2.61323,10.9223
48,-0.0637234,-0.0573249,0.329966
48,0.0720467,-0.0686496,0.372043
48,3.1407,-2.07279,7.94577
48,3.2396,-2.12628,8.15084
48,2.02452,-3.15273,8.34472
48,0.940665,-2.42651,8.8535
48,-0.509227,-3.62136,9.35555
48,1.5038,-3.567,9.44457
48,-1.60586,-2.5882,10.1729
48,-5.16351,-4.00508,10.1919
48,-1.58671,-2.52621,10.2828
48,-5.3022,-3.06081,10.5246
48,-5.86387,-4.33726,10.608
49,0.0721776,-0.0686781,0.372437
49,2.81779,-2.51687,7.75421
49,2.96412,-2.68396,8.22109
49,2.53324,-3.0793,9.16585
49,-0.516215,-3.66352,9.46603
49,0.953536,-2.62407,9.57665
49,2.69654,-2.46037,10.0399
49,-1.55329,-2.57334,10.204
49,-1.4625,-3.42165,10.2775
50,0.0719363,-0.0687311,0.372821
50,2.77677,-2.50941,7.64385
50,2.21606,-3.31533,8.87125
50,2.35779,-2.26324,9.13966
50,2.56288,-3.10004,9.27302
50,-0.508855,-3.6057,9.31829
50,1.49488,-3.54901,9.40066
50,-6.04247,-4.08453,9.94745
50,-1.6056,-2.58381,10.16
50,-5.21579,-3.66544,10.215
50,-1.46096,-3.41576,10.2617
50,-1.14074,-2.56417,10.7295
51,0.019517,-0.155369,0.853157
51,0.828612,-2.13703,7.80189
51,2.84135,-2.53559,7.81734
51,2.98262,-2.67872,8.21073
51,-1.3235,-3.54958,9.10853
51,-0.408023,-3.54984,9.18542
51,-0.510916,-3.63438,9.39122
51,-5.9623,-4.03473,9.81863
51,2.67698,-2.44033,9.9652
51,1.79478,-3.94517,10.4476
51,-5.35124,-3.04058,10.8557
52,-0.00320334,-0.0838932,0.41084
52,0.0195362,-0.155381,0.853092
52,2.82438,-2.55036,7.77096
52,3.02464,-2.73682,8.38744
52,2.01382,-3.18687,8.52894
52,2.53494,-3.05858,9.07987
52,-0.407156,-3.53958,9.15986
52,2.64271,-3.51146,9.30416
52,1.54383,-3.67976,9.65154
52,-1.41134,-3.16558,10.1026
53,-1.19463,-1.14983,1.96097
53,-1.13436,-1.13599,1.96061
53,-1.27321,-1.098,1.95557
53,1.14918,6.1856,0.599974
53,1.64224,6.76003,1.36408
53,1.26316,6.59561,0.532855
53,0.850977,7.57643,1.67202
53,-2.42173,7.70665,1.71619
53,1.35509,8.37511,1.64134
53,0.256813,8.54055,1.63416
53,1.39686,8.3932,1.1279
53,-2.40049,8.77007,1.64706
53,0.306153,8.85048,1.65599
53,-1.6712,8.9345,1.64472
53,1.47837,8.64437,0.426182
53,-6.56624,9.0383,1.12588
53,-2.78909,9.12324,0.276927
53,-6.49537,9.30411,0.545311
53,3.2089,9.3112,0.598781
54,-1.27057,-1.1813,1.96394
54,-1.13533,-1.13665,1.96025
54,-1.13393,-1.13604,1.96032
54,1.1489,6.15313,0.605732
54,1.24816,6.51326,0.547871
54,1.73416,6.98675,1.36314
54,-2.41261,7.71778,1.71487
54,1.13707,7.87834,1.66578
54,1.2864,7.9359,1.35069
54,1.00208,8.19278,1.64679
54,-1.72249,8.28446,1.66155
54,0.199721,8.31017,1.64222
54,1.20708,7.95649,0.556442
54,-2.74873,8.27926,1.10843
54,0.431093,8.50755,1.60698
54,-2.70845,8.45704,0.404107
54,0.34811,9.05492,1.6481
54,-2.79049,8.63275,0.423768
54,-2.63063,8.76004,0.690865
54,-2.7811,8.74042,0.371561
54,-2.73855,8.83423,0.314385
54,-2.18862,9.35323,1.48781
54,3.2562,9.07835,0.487288
54,-2.67062,9.14604,0.243165
55,-1.60547,-2.3853,10.2514
55,-1.42502,-2.78858,10.0863
55,-1.18707,-2.60434,11.4075
55,-2.09161,-2.68615,11.4368
55,-1.11217,-3.24163,10.0531
55,-1.59375,-3.14936,9.76691
55,-1.23688,-3.61464,10.1736
55,-0.335336,-3.4615,9.86417
55,2.45529,-1.6595,8.03999
55,2.18745,-1.99903,8.4326
55,0.0136853,-0.0589495,0.357693
55,0.0728258,-0.0628917,0.371736
55,2.23183,-3.45129,11.6528
55,6.84713,-3.07837,13.7475
55,4.81306,-3.62024,11.5407
55,2.6277,-3.05636,9.41454
55,6.87613,-4.3776,14.7803
55,3.89778,-2.35246,11.569
55,3.16034,-1.99346,7.95362
55,-3.624,-2.41262,10.3884
55,-1.93403,-2.55098,10.8612
55,3.00947,-2.59934,8.28623
55,2.45848,-1.64399,7.98175
55,2.44129,-2.22386,9.36371
55,0.0381909,-4.5521,11.8348
55,-0.47216,-3.5815,9.57298
55,0.0134151,-0.0597679,0.358845
55,7.09846,-3.20323,14.2772
55,0.0733932,-0.06282,0.371312
55,17.5767,-32.8201,125.678
55,2.14837,-3.2093,11.1659
55,1.45939,-3.32241,9.0716
55,2.59526,-3.01456,9.29833
55,2.78777,-3.5647,9.80347
55,2.21166,-3.1807,8.74743
55,-1.16476,-2.53003,11.1461
55,-1.1215,-3.28597,10.2183
55,-1.59669,-3.18943,9.83772
55,-1.17142,-3.77788,9.95802
55,4.84976,-3.63639,11.5922
55,-4.79902,-3.89323,13.0676
55,3.00473,-2.61057,8.22557
55,2.99461,-2.59836,8.26926
55,4.11774,-2.51518,12.3374
55,-0.0628088,-0.0518598,0.33122
55,-1.9748,-2.58012,10.9608
55,0.0122956,-0.0596374,0.359195
55,7.52133,-3.52901,15.4045
55,-1.28249,-2.72922,11.9133
55,-1.55592,-2.47751,10.2503
55,2.17968,-3.28291,11.3597
55,1.64983,-3.41619,9.36797
55,1.45801,-3.34449,9.09273
55,2.47891,-1.66327,8.03438
55,2.63035,-2.31424,9.83126
55,0.0321044,-4.59593,11.8838
55,-0.46439,-3.41345,9.1238
55,0.073569,-0.0628035,0.371214
55,2.48768,-2.9068,8.98051
55,2.62156,-3.37434,9.2532
55,-1.51299,-2.97877,9.20286
55,-1.0647,-3.81184,10.1887
55,-1.15273,-3.61622,9.58501
55,7.78045,-4.0516,13.7202
55,5.11235,-3.86397,12.297
55,7.89564,-7.12572,16.0673
55,6.67904,-2.83322,13.0878
55,-4.50729,-3.67352,12.3085
55,11.572,-7.0996,16.8468
55,2.55316,-3.00178,9.23795
55,2.05222,-3.17131,8.74181
55,7.45234,-3.45814,15.2632
55,11.4495,-7.04634,17.589
55,-5.30819,-2.53505,10.1699
55,-0.458846,-3.5029,9.36291
55,2.07132,-3.22333,10.9387
55,1.69203,-3.55999,9.71192
55,1.50562,-3.46914,9.46409
55,-1.21192,-2.50661,11.0634
55,-1.51102,-2.41606,9.99603
55,0.141202,-3.23806,12.2467
55,0.0123022,-0.059669,0.359385
55,-1.17742,-3.33668,10.3896
55,-1.54849,-3.02572,9.31163
55,-1.04259,-3.68816,9.85809
55,-1.15779,-3.61921,9.57693
55,7.58235,-3.96204,13.4456
55,5.63532,-4.33485,13.6585
55,7.79177,-7.00902,15.7148
55,7.71249,-2.89674,10.5048
55,12.6414,-7.64017,17.1299
55,6.10151,-2.14054,7.98152
55,2.74864,-2.40051,7.56368
55,4.39226,-2.68793,13.1848
55,2.37561,-2.08193,9.50652
55,-1.80853,-2.3836,10.1805
55,-4.84441,-3.94149,13.2063
55,-6.3616,-5.59625,14.3767
55,-4.92092,-3.72391,9.56665
55,-1.63174,-2.6107,10.6349
55,2.37793,-2.79995,8.55704
55,2.03607,-3.12273,8.58997
55,2.61836,-2.28586,10.2604
55,2.17417,-3.35189,11.3459
55,1.67544,-3.4644,9.41228
55,-1.44512,-3.14744,10.3361
55,-1.06662,-3.88713,10.3065
55,-1.47028,-3.33276,10.1854
55,7.84588,-4.07745,13.8018
55,17.2044,-14.5999,33.4725
55,7.2817,-6.59951,14.8218
55,7.8009,-2.93695,10.5925
55,11.5946,-7.16136,17.7089
55,3.41024,-2.94253,9.24946
55,4.33867,-2.67106,13.0536
55,-0.437732,-3.36875,8.93206
55,-0.348289,-3.32962,8.72329
55,-4.6425,-3.79638,12.6559
55,-5.8559,-3.69521,11.1385
55,-4.48153,-4.59898,11.3725
55,-6.16293,-5.42401,13.8802
55,-1.43536,-3.27166,9.94347
55,1.78618,-3.82071,10.406
55,4.20937,-3.64102,11.4451
55,-4.2583,-4.36965,10.7812
55,-1.08479,-3.86125,10.2133
55,-1.29865,-3.53458,9.34925
55,13.7704,-11.6918,27.0302
55,-1.57584,-2.51022,10.1504
55,-1.78745,-2.38679,10.0962
55,2.21141,-3.48585,11.7632
55,8.54644,-3.85671,17.5257
55,2.06847,-3.13213,8.53059
55,8.22783,-4.32362,14.5902
55,7.0739,-4.33431,15.1847
55,-0.436361,-3.56442,9.42817
55,-5.42991,-3.39827,10.3283
55,-6.77564,-6.11,15.0752
55,-1.52069,-2.96162,9.15275
55,-1.08037,-3.47545,9.14015
55,-1.19177,-3.28818,8.64764
55,9.42531,-7.81979,19.242
55,10.8413,-9.20485,21.2807
55,-1.56123,-2.47413,9.91714
55,2.39971,-3.21474,8.75561
55,2.06722,-3.06144,8.33807
55,8.34114,-3.69165,17.0286
55,6.96289,-4.23725,15.0166
55,-1.34206,-2.36581,9.73816
55,2.26546,-3.53742,11.9812
55,1.69443,-3.81837,10.3996
55,5.06995,-4.37858,13.6235
55,-1.33438,-3.03143,9.24396
55,-0.409789,-3.30878,8.85405
55,-6.78735,-5.99772,15.2491
55,0.00799236,-0.043537,0.311774
55,7.72346,-3.4481,15.8098
55,-1.46944,-2.63508,10.5623
55,-1.46628,-3.27178,9.9769
55,-1.29178,-3.76736,9.84019
55,2.52225,-3.34697,9.11573
55,2.15789,-3.22978,8.79656
55,2.46834,-5.69956,15.5232
55,6.61403,-3.99504,14.2242
55,9.31141,-7.74596,19.0603
55,5.36013,-4.6266,14.454
55,-0.443734,-3.69993,9.86623
55,9.60947,-5.97785,14.7096
56,0.0350893,-0.0457047,0.151489
56,0.0717657,-0.0183009,0.248743
56,0.0693586,-0.0170932,0.248968
56,0.110607,-0.0140476,0.253941
56,-0.0179833,0.0277828,0.271215
56,0.00171894,-0.0217772,0.28778
56,-0.000987369,-0.0197885,0.30005
56,0.0354758,-0.0409327,0.304507
56,0.0380344,-0.0402813,0.304825
56,0.025447,-0.0428469,0.30946
56,0.0119579,-0.0400345,0.31383
56,0.0166723,-0.046592,0.313406
56,0.00964647,-0.0419924,0.313957
56,0.0158866,-0.0438843,0.313822
56,0.0149768,-0.0439015,0.315197
56,0.0142005,-0.0449987,0.315829
56,-0.0626827,-0.0522523,0.325648
56,-0.0629272,-0.0507248,0.328856
56,-0.0650524,-0.0515272,0.332504
56,-0.0059834,0.0616946,0.339916
56,-0.0637105,-0.0508376,0.333893
56,0.106096,0.0683511,0.346379
56,0.0142461,-0.0581697,0.360507
56,0.0172254,0.0742096,0.376518
56,0.0853982,-0.0617718,0.368908
56,0.0854175,-0.0615907,0.369006
56,0.0787077,-0.0629949,0.372871
56,0.0750988,-0.0635352,0.375911
56,0.0728607,-0.063395,0.376135
56,0.0769197,-0.064175,0.37625
56,0.0759914,-0.062774,0.376488
56,0.00342963,-0.0745282,0.408522
56,0.0517541,-0.0759445,0.410774
56,0.051783,-0.0755497,0.41105
56,0.0522899,-0.074555,0.411214
56,0.0521909,-0.0787659,0.411126
56,-0.00268225,-0.0770927,0.417529
56,0.00385097,-0.075982,0.419592
56,0.186835,-0.0746162,0.425072
56,0.107158,0.109505,0.472881
56,-0.0831899,0.0859081,0.806522
56,-0.0832706,0.0875679,0.810484
56,-0.834052,-0.266221,1.37827
56,-1.54631,-1.6955,6.09483
56,1.63218,-1.24014,7.0395
56,1.55144,-1.36339,7.28466
56,5.14499,-0.826575,7.39939
56,1.64578,-1.28747,7.61089
56,5.37713,-0.868645,7.77704
56,1.61317,-1.47978,7.84306
56,5.47403,-0.906676,7.90632
56,5.47829,-0.892897,7.92242
56,5.48488,-0.921486,7.92986
56,-1.54576,-1.6444,8.0299
56,5.63326,-0.7858,8.04788
56,0.462828,-0.940037,8.12229
56,5.64658,-0.774218,8.12175
56,2.50073,-1.68194,8.10061
56,1.65232,-1.51355,8.15162
56,3.21696,-0.775877,8.22085
56,1.67097,-1.50941,8.20187
56,3.24216,-2.04024,8.15162
56,5.67461,-0.973202,8.22358
56,-3.20163,-4.2523,8.11242
56,-1.67124,-1.65845,8.28939
56,-1.64073,-1.67075,8.36654
56,1.94445,-3.00984,8.26106
56,1.95784,-2.99672,8.26255
56,0.649612,-1.47857,8.39263
56,3.00995,-2.62697,8.29937
56,1.68887,-1.54858,8.39872
56,0.648997,-1.51434,8.41967
56,1.96546,-3.01955,8.32616
56,-1.41687,-1.39264,8.47245
56,-1.67402,-1.69956,8.46745
56,-1.68524,-1.71907,8.49725
56,1.90553,-3.00606,8.39466
56,-5.72122,-1.82304,8.60686
56,0.652918,-1.57507,8.67423
56,-1.61444,-1.77439,8.68968
56,2.15598,-3.12291,8.56157
56,0.675817,-1.55923,8.72754
56,2.68021,-1.83695,8.71461
56,0.937913,-1.57345,8.76607
56,0.872364,-1.5663,8.79454
57,0.0376731,-0.0408752,0.305662
57,0.0380012,-0.0411163,0.305831
57,0.0560117,-0.0513568,0.314994
57,0.0128257,-0.0402626,0.316571
57,0.05652,-0.0512147,0.316378
57,0.0126994,-0.0408838,0.317514
57,-0.0656653,-0.0532673,0.333762
57,-0.0630752,-0.0463923,0.334731
57,0.0142017,-0.0593175,0.361847
57,0.00902033,-0.054287,0.36666
57,0.00903759,-0.0569315,0.367645
57,0.0113868,-0.0573426,0.369052
57,0.0859139,-0.0603579,0.370272
57,0.0785329,-0.0611119,0.374496
57,-0.0391327,-0.0681464,0.38105
57,-0.0374235,-0.0657433,0.381284
57,-0.0623761,-0.068824,0.401349
57,-0.0641047,-0.0697851,0.40134
57,-0.0653352,-0.0687982,0.401458
57,0.0452683,-0.0728832,0.404211
57,0.0497141,-0.0758374,0.404028
57,0.0453168,-0.0728064,0.404661
57,0.0406303,-0.0725205,0.406283
57,0.0511727,-0.0755394,0.406869
57,0.0493557,-0.0750761,0.407601
57,-0.00176963,-0.0708697,0.415712
57,-0.00305035,-0.0709512,0.416442
57,0.0033297,-0.0827681,0.423306
57,0.00198943,-0.0800754,0.423578
57,0.0067738,-0.0822838,0.423757
57,0.00623826,-0.0820238,0.424335
57,0.00306266,-0.0826121,0.424424
57,2.4145,0.349252,4.20666
57,2.65552,0.603538,4.3057
57,2.67724,0.605788,4.3492
57,2.68691,0.597125,4.36058
57,-1.63072,0.1119,4.32618
57,2.48567,0.359969,4.38106
57,-1.68642,0.112512,4.45452
57,2.67154,0.355838,4.64482
57,-1.85707,-0.164272,4.78392
57,-1.42869,-0.107171,4.88612
57,-1.47673,-0.100838,4.90355
57,2.80773,0.292917,4.99866
57,-1.44372,-0.0585172,4.97902
57,-1.50606,-0.136931,4.97498
57,-1.79585,-0.219275,4.969
57,-1.56229,-0.108888,4.98573
57,-1.8038,-0.211959,4.98118
57,-1.46449,-0.0528327,4.99506
57,-2.01957,-0.252667,4.98514
57,-1.55774,-0.175093,5.00293
57,-1.67869,-0.118459,5.00836
57,-1.67094,-0.121592,5.01316
57,-1.59121,-0.175197,5.02516
57,-1.58424,-0.184726,5.03227
57,-1.67259,-0.121497,5.04177
57,-1.82148,-0.220394,5.03973
57,-2.04258,-0.312944,5.03684
57,-1.82772,-0.216065,5.04681
57,-1.6057,-0.187734,5.07477
57,-2.16596,-0.117241,5.089
57,-1.58938,-0.166498,5.09032
57,-1.85483,-0.201316,5.13767
57,-1.52162,-0.19473,5.13897
57,-1.86977,-0.282926,5.17209
57,-1.89486,-0.216962,5.18056
57,-3.00634,-0.340007,5.27096
57,-2.28262,-0.280756,5.27761
57,2.89176,0.287187,5.39329
57,-2.71218,-0.0928492,5.36357
57,-2.32511,-0.297255,5.35202
57,-1.7529,-0.42925,5.34815
57,-1.58502,-0.220761,5.38997
57,-3.09731,-0.31175,5.39381
57,-1.58566,-0.445418,5.39205
57,-3.32114,-0.147529,5.41809
57,-1.28619,-0.375176,5.4255
57,-1.70598,-0.55251,5.42987
57,-3.36987,-0.135723,5.4694
57,3.00177,0.197108,5.52399
57,-1.26387,-0.39322,5.47662
57,-1.59718,-0.507832,5.47505
57,-1.54228,-0.437405,5.49045
57,-3.16943,-0.327336,5.50776
57,-3.40088,-0.150654,5.53463
57,-1.26411,-0.400027,5.51898
57,-3.32297,-0.147813,5.53861
57,1.04721,0.52963,5.61475
57,-1.59727,-0.439775,5.5357
57,-2.43183,-0.221775,5.55775
57,3.02905,0.289429,5.61053
57,-1.86928,-0.498221,5.55686
57,-1.35204,-0.369477,5.57582
57,-3.21153,-0.327856,5.58271
57,-2.44088,-0.222332,5.59502
57,3.0428,0.296203,5.64415
57,-1.31176,-0.3909,5.59278
57,-1.29228,-0.401815,5.59909
57,-1.31895,-0.408354,5.60389
57,-2.82918,-0.112383,5.63614
57,3.04144,0.277417,5.6728
57,-1.58694,-0.444792,5.62725
57,-1.80943,-0.554772,5.6229
57,-3.266,-0.325746,5.64796
57,-1.50535,-0.455278,5.64897
57,-1.58293,-0.435812,5.65084
57,-2.61255,-0.348906,5.66434
57,-1.45989,-0.505695,5.66035
57,-1.91709,-0.510993,5.66283
57,-1.56137,-0.458586,5.67421
57,1.0386,0.566545,5.76939
57,-1.98804,-0.536292,5.68466
57,-1.57178,-0.448141,5.70213
57,-1.77231,-0.567739,5.69855
57,-3.0345,-0.514321,5.71123
57,1.04568,0.366276,5.79447
57,-1.4762,-0.510396,5.73312
57,-1.76457,-0.589235,5.74203
57,-2.47651,-0.450471,5.76109
57,-2.71832,-0.450096,5.76232
57,-0.816932,-0.223993,5.79039
57,-0.823433,-0.227193,5.83606
57,-2.66556,-0.486622,5.81569
57,-1.77305,-0.606709,5.80824
57,-2.95808,-0.0908058,5.86077
57,1.15683,0.504381,5.92935
57,1.1422,0.483382,5.93173
57,-2.67093,-0.48765,5.86235
57,-2.69012,-0.498666,5.86843
57,-2.11751,-0.69156,5.86718
57,1.10667,0.589286,5.99832
57,-1.27766,-0.696047,5.89856
57,-1.81771,-0.751684,5.90177
57,1.21564,0.38068,6.01329
57,1.17849,0.509836,6.02676
57,-3.0307,-0.0986525,5.99471
57,-1.60757,-0.757508,5.95404
57,-1.6546,-0.778591,5.97466
57,-2.12908,-0.699515,5.98497
57,-2.17854,-0.692695,5.98649
57,1.09653,0.375337,6.07548
57,-1.29623,-0.705757,6.00153
57,1.07503,0.358955,6.10704
57,2.9972,0.754232,6.14226
57,-2.17023,-0.840143,6.02707
57,-0.848986,-0.230182,6.07951
57,1.07356,0.382782,6.13152
57,-1.57432,-0.804993,6.04005
57,-1.6333,-0.755915,6.05009
57,-1.5675,-0.80435,6.06324
57,-1.68668,-0.789304,6.10012
57,-1.32498,-0.715046,6.13458
57,-1.18014,-0.618942,6.14707
57,-1.58817,-0.820003,6.13186
57,-2.79335,-0.519849,6.15581
57,-1.18864,-0.621277,6.17712
57,0.751992,-0.124915,6.22945
57,1.08376,0.39748,6.29219
57,-2.71164,-0.689702,6.20912
57,-2.68923,-0.675885,6.21298
57,-1.46722,-0.825,6.2493
57,0.718782,-0.132137,6.31999
57,0.832262,-0.111062,6.32458
57,0.724347,-0.0831906,6.34701
57,0.292511,-2.32247,6.18803
57,-1.20414,-0.729996,6.32079
57,0.721692,-0.121621,6.39466
57,-2.79605,-0.690523,6.35011
57,-1.17396,-0.694545,6.36251
57,1.14457,0.463127,6.462
57,-1.38092,-0.73403,6.36727
57,2.97761,0.720046,6.48859
57,-2.87266,-0.688811,6.4289
57,-2.37321,-0.741796,6.44244
57,-1.14373,-0.744126,6.45616
57,-2.33089,-0.794787,6.46143
57,1.1423,0.408263,6.56033
57,1.13178,0.400725,6.57783
57,1.14971,0.406766,6.58299
57,-2.97195,-0.836522,6.54318
57,1.11975,0.36567,6.67314
57,1.61331,-3.29446,8.9953
55,1.61331,-3.29446,8.9953
57,-1.33324,-3.49417,9.27451
55,-1.33324,-3.49417,9.27451
57,-1.5192,-2.32293,9.82087
55,-1.5192,-2.32293,9.82087
57,1.33469,-3.03606,8.2488
55,1.33469,-3.03606,8.2488
57,11.5504,-9.37085,22.5171
55,11.5504,-9.37085,22.5171
57,-1.33236,-3.49728,9.28289
55,-1.33236,-3.49728,9.28289
57,-0.00924737,-0.064262,0.65382
55,-0.00924737,-0.064262,0.65382
57,-1.17532,-3.11649,8.18079
55,-1.17532,-3.11649,8.18079
57,1.99051,-3.00293,10.3908
55,1.99051,-3.00293,10.3908
57,2.39776,-3.55323,9.6776
55,2.39776,-3.55323,9.6776
57,6.81731,-4.12094,14.6725
55,6.81731,-4.12094,14.6725
57,3.16548,-2.73769,8.55282
55,3.16548,-2.73769,8.55282
58,-0.121372,-0.0793909,0.405746
58,-0.120766,-0.0762965,0.407062
58,-0.00927662,-0.0726195,0.41726
58,-0.0792587,-0.0773137,0.41955
58,-0.0786726,-0.0791651,0.419519
58,0.0288028,-0.0726269,0.422677
58,0.0401333,-0.160054,0.493442
58,0.0813588,-0.30046,0.497621
58,0.0809948,-0.300083,0.498033
58,-0.135748,-0.709519,0.937117
58,-1.56074,0.332523,3.91078
58,-1.78469,0.310717,3.96606
58,-1.58792,0.326109,3.97024
58,-1.55391,0.344273,3.97686
58,-1.78793,0.331434,3.9882
58,-1.81536,0.327109,4.03497
58,-1.60031,0.351748,4.042
58,-1.59803,0.351059,4.07615
58,-1.52698,0.284912,4.0817
58,-1.84441,0.330112,4.0894
58,-1.88061,0.299725,4.09581
58,-1.50558,0.230752,4.1707
58,-1.55949,0.25614,4.17738
58,-2.74633,0.128203,4.20898
58,0.418046,0.850719,4.27814
58,0.420319,0.848212,4.28278
58,-0.506532,0.757415,4.33341
58,-0.530678,0.740191,4.33708
58,-0.511287,0.744007,4.33836
58,0.418091,0.865062,4.37074
58,-0.524094,0.752239,4.35867
58,-1.6702,0.11475,4.32629
58,-0.535186,0.755425,4.37234
58,-0.534906,0.751887,4.37256
58,-0.5401,0.755746,4.41447
58,2.7889,0.642566,4.44559
58,2.74048,0.617962,4.45498
58,2.74435,0.623651,4.47028
58,2.71578,0.631093,4.50573
58,-0.546865,0.783918,4.52705
58,2.84244,0.651029,4.64646
58,2.83527,0.650671,4.7196
58,0.337019,0.860609,4.72094
58,-1.63797,-0.0190997,4.71749
58,-1.43511,0.0155541,4.72864
58,-0.27161,0.882546,4.92015
58,-1.64958,-0.142209,4.89398
58,-1.50332,-0.143962,4.91963
58,-1.59418,-0.094085,4.94257
58,-3.35366,-0.213491,4.93727
58,-1.58565,-0.15905,4.959
58,-1.49047,-0.194101,4.97729
58,-1.33757,1.08118,5.05895
58,-0.88753,0.749242,5.05098
58,-2.03619,-0.303813,4.98834
58,-0.272277,0.895023,5.07141
58,0.135445,0.998617,5.22838
58,-2.01506,-0.168036,5.17015
58,-2.28287,-0.230183,5.17483
58,-2.39068,-0.30583,5.24968
58,0.198665,1.04348,5.40539
58,0.207509,1.05634,5.41369
58,-1.03815,1.23323,5.4862
58,0.268089,1.09701,5.50096
58,0.210474,1.08634,5.5512
58,-1.12019,1.26464,5.56518
58,-1.41742,-0.533472,5.46934
58,2.99244,0.146608,5.57082
58,-1.07872,1.24429,5.59156
58,-1.77818,-0.479655,5.49684
58,3.08824,0.347853,5.62506
58,0.0665918,0.749569,5.66162
58,-0.472072,0.413357,5.64994
58,-1.5636,-0.448791,5.62727
58,2.90135,0.818011,5.76824
58,2.7484,0.700951,5.79623
58,-0.477592,0.421743,5.75228
58,-1.01869,0.907895,5.80303
58,0.0683558,0.752119,5.82832
58,0.0689883,0.78729,5.84613
58,0.0692325,0.789051,5.86752
58,-2.83486,-0.57138,5.77201
58,2.82119,0.722557,5.93344
58,-1.36962,-0.634232,5.84709
58,-2.13962,-0.662373,5.84301
58,-2.03133,-0.703877,5.86061
58,-0.096084,1.14862,5.97917
58,-2.07341,-0.669342,5.91012
58,-2.10987,-0.706671,5.91235
58,-1.82956,-0.766788,5.91253
58,0.0863777,0.804614,6.04674
58,1.12497,0.573711,6.04876
58,-1.84278,-0.77177,5.96561
58,1.11025,0.621589,6.07249
58,1.17465,0.465076,6.08192
58,2.95694,0.735495,6.11865
58,2.95001,0.744666,6.12802
58,-1.42532,-0.702084,6.0132
58,0.471534,1.20806,6.1414
58,-2.17099,-0.829223,6.00905
58,0.0874992,0.817216,6.12135
58,-1.09776,1.01345,6.1435
58,1.12031,0.598738,6.15363
58,-1.05487,0.946351,6.15297
58,-1.08713,0.988828,6.15808
58,-2.18857,-0.84366,6.08589
58,-1.4407,-0.717255,6.10016
58,-1.12127,1.15593,6.20776
58,1.14241,0.595468,6.21376
58,1.1976,0.469252,6.21432
58,-1.10816,0.678707,6.22341
58,0.0977289,0.840648,6.26083
58,1.13064,0.573373,6.28875
58,3.03144,0.785369,6.33222
58,-1.1152,1.01433,6.317
58,-1.08094,0.980686,6.33969
58,0.569694,1.04245,6.36908
58,3.07287,0.770439,6.38244
58,-1.20036,-0.732227,6.33778
58,1.16402,0.633021,6.43572
58,-0.651485,0.993665,6.44479
58,-2.3088,-0.852982,6.33028
58,2.78462,0.694708,6.46311
58,-0.643991,1.00094,6.4548
58,-1.22833,-0.741626,6.41371
58,0.0685448,0.862139,6.52437
58,-0.350648,0.967029,6.55258
58,0.906315,0.390091,6.54405
58,-0.820684,0.9471,6.55814
58,-1.17212,-0.718058,6.46652
58,-0.434592,0.952068,6.57187
58,-1.13105,-0.739824,6.48588
58,-0.99747,0.942282,6.59592
58,-2.85322,-0.856366,6.48541
58,0.952579,1.77545,6.7157
58,3.05654,0.735938,6.67992
58,-0.887058,0.486666,6.63373
58,3.84796,-0.0765326,6.65218
58,-1.77966,-0.848399,6.56567
58,-0.26871,-3.56706,9.55212
56,-0.26871,-3.56706,9.55212
58,1.0555,-1.48212,8.39119
56,1.0555,-1.48212,8.39119
58,-0.382364,-1.84887,9.93212
56,-0.382364,-1.84887,9.93212
58,-0.697623,-2.03201,10.9211
56,-0.697623,-2.03201,10.9211
58,1.45673,-3.29729,8.96251
56,1.45673,-3.29729,8.96251
58,-1.4233,-1.37143,8.62656
56,-1.4233,-1.37143,8.62656
58,0.285621,-1.41327,9.55239
56,0.285621,-1.41327,9.55239
58,-1.38925,-2.26568,9.97355
56,-1.38925,-2.26568,9.97355
58,-0.712463,-3.40233,9.09722
56,-0.712463,-3.40233,9.09722
58,-1.42405,-3.2299,9.76023
56,-1.42405,-3.2299,9.76023
58,0.989919,-1.81681,9.1434
56,0.989919,-1.81681,9.1434
58,0.665882,-1.6072,8.86656
56,0.665882,-1.6072,8.86656
58,-1.17783,-2.14399,10.2585
56,-1.17783,-2.14399,10.2585
58,-1.60839,-1.38277,8.44897
56,-1.60839,-1.38277,8.44897
58,0.904232,-1.62655,9.10108
56,0.904232,-1.62655,9.10108
58,0.623732,-1.41907,8.50985
56,0.623732,-1.41907,8.50985
58,-2.32998,-2.87697,12.3156
56,-2.32998,-2.87697,12.3156
58,1.25486,-3.24235,8.8083
56,1.25486,-3.24235,8.8083
58,1.19742,-1.8337,9.34549
56,1.19742,-1.8337,9.34549
58,6.01579,-2.83553,12.2984
56,6.01579,-2.83553,12.2984
58,-1.32894,-3.06433,9.61517
56,-1.32894,-3.06433,9.61517
58,-1.00298,-3.67103,9.77058
56,-1.00298,-3.67103,9.77058
58,-1.29393,-3.10795,9.94116
56,-1.29393,-3.10795,9.94116
58,-1.2827,-1.91447,9.8403
56,-1.2827,-1.91447,9.8403
58,-1.24164,-2.25795,10.8137
56,-1.24164,-2.25795,10.8137
58,0.683432,-1.54648,9.29501
56,0.683432,-1.54648,9.29501
58,-0.78353,-1.70121,10.5127
56,-0.78353,-1.70121,10.5127
58,0.0318083,-1.41914,9.72812
56,0.0318083,-1.41914,9.72812
58,-1.71395,-1.47443,9.1737
56,-1.71395,-1.47443,9.1737
58,9.25699,-8.3816,18.841
56,9.25699,-8.3816,18.841
58,-3.60518,-2.41805,10.3474
56,-3.60518,-2.41805,10.3474
58,-0.134164,-3.55148,13.3908
56,-0.134164,-3.55148,13.3908
58,-0.240433,-3.42536,9.12409
56,-0.240433,-3.42536,9.12409
58,2.67243,-3.3991,9.32067
56,2.67243,-3.3991,9.32067
58,1.06099,-1.86588,9.39706
56,1.06099,-1.86588,9.39706
58,6.49161,-2.27644,13.4176
56,6.49161,-2.27644,13.4176
58,6.23233,-2.91747,12.7358
56,6.23233,-2.91747,12.7358
58,-0.429994,-2.04611,11.0422
56,-0.429994,-2.04611,11.0422
58,-2.70367,-1.84929,9.56736
56,-2.70367,-1.84929,9.56736
58,-4.6259,-4.85498,11.9291
56,-4.6259,-4.85498,11.9291
58,4.65773,-6.15512,10.8011
56,4.65773,-6.15512,10.8011
58,-0.267177,-3.27913,8.56441
56,-0.267177,-3.27913,8.56441
58,-2.33982,-6.91091,11.7266
56,-2.33982,-6.91091,11.7266
58,-1.04684,-1.66613,8.42476
56,-1.04684,-1.66613,8.42476
58,-1.26334,-1.86715,9.59475
56,-1.26334,-1.86715,9.59475
58,0.638287,-1.55026,8.58548
56,0.638287,-1.55026,8.58548
58,-0.458086,-1.98479,10.6079
56,-0.458086,-1.98479,10.6079
58,-2.81782,-1.75108,7.6237
56,-2.81782,-1.75108,7.6237
58,6.74315,-1.97611,13.3196
56,6.74315,-1.97611,13.3196
58,3.73161,-2.10219,8.67993
56,3.73161,-2.10219,8.67993
58,-4.9694,-3.17027,9.43506
56,-4.9694,-3.17027,9.43506
58,-1.30222,-3.46926,9.12714
56,-1.30222,-3.46926,9.12714
58,1.37933,-1.55667,8.068
56,1.37933,-1.55667,8.068
58,0.875448,-1.60556,8.02943
56,0.875448,-1.60556,8.02943
58,-1.14351,-1.82561,9.24876
56,-1.14351,-1.82561,9.24876
58,0.701053,-1.69255,9.38834
56,0.701053,-1.69255,9.38834
58,-3.22976,-1.78602,8.78085
56,-3.22976,-1.78602,8.78085
58,-1.75475,-2.37306,9.99054
56,-1.75475,-2.37306,9.99054
58,11.856,-7.01083,16.7968
56,11.856,-7.01083,16.7968
58,-3.46955,-2.15252,9.4081
56,-3.46955,-2.15252,9.4081
58,-4.80498,-5.02625,12.3547
56,-4.80498,-5.02625,12.3547
58,-4.61199,-5.64224,9.97826
56,-4.61199,-5.64224,9.97826
58,-4.44796,-2.95446,7.45438
56,-4.44796,-2.95446,7.45438
58,0.670665,-1.58073,8.75882
56,0.670665,-1.58073,8.75882
58,-1.08897,-1.78343,8.88829
56,-1.08897,-1.78343,8.88829
58,-0.414352,-1.86062,9.78025
56,-0.414352,-1.86062,9.78025
58,-1.9211,-2.59417,10.9364
56,-1.9211,-2.59417,10.9364
58,-1.22798,-2.8626,8.63804
56,-1.22798,-2.8626,8.63804
58,5.17659,-1.94498,10.7509
56,5.17659,-1.94498,10.7509
58,2.98041,-1.89252,7.47706
56,2.98041,-1.89252,7.47706
58,2.14452,-1.46867,8.41565
56,2.14452,-1.46867,8.41565
58,-3.91769,-4.803,8.48524
56,-3.91769,-4.803,8.48524
58,-4.40394,-2.81152,8.35572
56,-4.40394,-2.81152,8.35572
58,-3.4323,-4.6617,8.69251
56,-3.4323,-4.6617,8.69251
58,2.30823,-2.73672,8.32855
56,2.30823,-2.73672,8.32855
58,3.22352,-2.05236,8.1232
56,3.22352,-2.05236,8.1232
58,-4.97095,-1.65125,8.45203
56,-4.97095,-1.65125,8.45203
58,3.01747,-1.90418,9.15963
56,3.01747,-1.90418,9.15963
58,-1.8909,-3.0077,12.0434
56,-1.8909,-3.0077,12.0434
58,6.11867,-3.27668,10.9249
56,6.11867,-3.27668,10.9249
58,-3.73077,-3.35755,8.36061
56,-3.73077,-3.35755,8.36061
58,9.12523,-4.80675,16.3093
56,9.12523,-4.80675,16.3093
58,0.0634099,0.381194,1.62613
55,0.0634099,0.381194,1.62613
58,0.205632,-5.42819,11.4275
55,0.205632,-5.42819,11.4275
58,6.64228,-3.49872,11.8078
55,6.64228,-3.49872,11.8078
59,0.0412569,-0.0834586,0.374111
59,-0.125854,-0.076737,0.378011
59,-0.235653,-0.00500195,0.564618
59,-0.124435,-0.64187,0.78229
59,-0.0833779,-0.0572319,0.88112
59,0.975073,0.286024,1.6707
59,0.990242,0.359927,1.684
59,1.01382,0.366293,1.70681
59,-0.168809,0.121722,2.93365
59,-0.23273,0.935706,3.64717
59,-0.263058,0.91268,3.65057
59,-0.238383,0.943976,3.66566
59,-0.215503,0.956722,3.66902
59,-0.221239,0.958702,3.68466
59,-0.336138,0.963528,3.78241
59,0.0505891,1.01808,3.80558
59,-1.67867,0.750591,3.80607
59,2.90309,1.13148,3.9252
59,-0.607032,0.926305,3.91184
59,-1.54995,0.356537,3.93392
59,-1.56542,-0.165458,3.94386
59,2.53555,0.554048,4.0782
59,0.420632,1.02254,4.13257
59,-1.60607,0.388277,4.10659
59,0.419402,1.04081,4.19251
59,-1.8237,0.841672,4.14759
59,-0.354337,0.254583,4.18978
59,-2.44529,0.54785,4.213
59,0.406603,0.918012,4.32047
59,0.41679,0.883569,4.34526
59,0.422645,0.880767,4.37294
59,0.426808,0.926473,4.53662
59,0.440683,0.983006,4.66496
59,0.435107,0.961435,4.67402
59,-1.92696,-0.307568,4.69849
59,-1.49733,0.0260341,4.85459
59,-2.03894,-0.156427,4.87337
59,-1.7948,-0.201712,4.91106
59,-1.51393,0.0157138,4.9795
59,-1.79823,-0.274563,4.97612
59,-1.88725,-0.297584,4.97508
59,-1.82253,-0.289748,4.99985
59,-1.62155,-0.189466,5.05913
59,-1.5994,-0.184512,5.08362
59,-1.82994,-0.291295,5.08531
59,-2.00756,0.195361,5.16682
59,-1.89623,-0.247192,5.15663
59,-1.02576,1.20694,5.30781
59,-0.421402,0.582119,5.35542
59,0.679008,1.07292,5.40511
59,-1.03317,1.24102,5.44728
59,0.176881,1.08607,5.46691
59,-2.20695,-0.315261,5.41686
59,-0.265948,0.497695,5.54443
59,0.22352,1.10251,5.58216
59,-1.20945,0.954482,5.59703
59,0.0182298,0.857558,5.67535
59,1.05444,0.561598,5.70742
59,0.0106417,1.12785,5.74129
59,0.014261,1.12845,5.75944
59,-1.7435,-0.644677,5.69909
59,3.25349,0.368125,5.84599
59,1.9082,1.83019,5.90089
59,1.09944,0.615521,5.8722
59,-0.00122636,1.15023,5.87391
59,1.93163,1.86635,5.93304
59,-1.59609,-0.454797,5.80996
59,1.95851,1.86854,5.97643
59,-0.000822688,1.17866,5.94053
59,1.95874,1.87773,6.01639
59,-1.59867,-0.731579,5.88816
59,-1.82292,-0.601573,5.91513
59,1.30342,-1.17585,5.99459
59,-2.18022,-0.684465,5.9592
59,-1.83055,-0.602934,5.97515
59,-1.54233,-0.812914,6.03018
59,-0.823236,0.497003,6.15332
59,-1.17794,-1.30151,6.1217
59,-0.828365,0.452006,6.18375
59,2.58046,1.71678,6.31298
59,-0.402687,0.895432,6.24825
59,0.883674,0.373685,6.2635
59,-0.850111,0.45623,6.24445
59,0.891561,0.627523,6.29135
59,-0.434799,0.793495,6.28518
59,-0.422117,0.926485,6.34288
59,2.66928,1.81953,6.42766
59,-2.44731,0.272364,6.29727
59,-2.18093,-0.789056,6.30147
59,-1.20078,-1.34937,6.31367
59,-4.54674,-2.90163,6.20927
59,2.77681,1.81565,6.55203
59,1.02499,1.71059,6.51805
59,-2.80088,-0.698973,6.44833
59,0.953561,1.75294,6.60558
59,0.746185,-0.0744106,6.55121
59,0.996468,0.930468,6.60191
59,0.599394,1.10088,6.60367
59,3.77686,-2.25945,11.1453
56,3.77686,-2.25945,11.1453
59,2.75036,-3.49057,9.58174
56,2.75036,-3.49057,9.58174
59,-1.20925,-1.76976,9.19336
56,-1.20925,-1.76976,9.19336
59,-0.406377,-1.38155,9.22663
56,-0.406377,-1.38155,9.22663
59,1.44986,-1.62552,8.40373
56,1.44986,-1.62552,8.40373
59,-0.091783,-0.0555862,0.451459
56,-0.091783,-0.0555862,0.451459
59,1.0428,-1.72839,9.65214
56,1.0428,-1.72839,9.65214
59,3.2148,-2.02968,8.05269
56,3.2148,-2.02968,8.05269
59,2.24845,-3.43027,9.47212
56,2.24845,-3.43027,9.47212
59,1.60349,-1.78712,9.32613
56,1.60349,-1.78712,9.32613
59,6.65952,-2.39981,13.9116
56,6.65952,-2.39981,13.9116
59,3.29143,-2.08682,8.28794
56,3.29143,-2.08682,8.28794
59,4.57851,-2.72722,13.4908
56,4.57851,-2.72722,13.4908
59,4.59743,-2.74955,13.6098
56,4.59743,-2.74955,13.6098
59,-3.37992,-2.24502,9.64604
56,-3.37992,-2.24502,9.64604
59,1.59244,-3.288,8.94606
56,1.59244,-3.288,8.94606
59,-0.728355,-2.01758,10.7933
56,-0.728355,-2.01758,10.7933
59,0.340245,-3.79841,7.85875
56,0.340245,-3.79841,7.85875
59,-0.621506,-1.76759,9.34546
56,-0.621506,-1.76759,9.34546
59,0.972682,-1.75951,8.8944
56,0.972682,-1.75951,8.8944
59,-2.23486,-1.47138,9.59644
56,-2.23486,-1.47138,9.59644
59,1.36147,-1.59576,8.29662
56,1.36147,-1.59576,8.29662
59,5.87232,-2.183,12.2674
56,5.87232,-2.183,12.2674
59,3.0894,-1.96642,7.77645
56,3.0894,-1.96642,7.77645
59,3.22038,-2.0176,9.72102
56,3.22038,-2.0176,9.72102
59,2.64693,-3.51618,9.67745
56,2.64693,-3.51618,9.67745
59,2.08597,-3.21773,8.86919
55,2.08597,-3.21773,8.86919
59,6.06788,-3.67276,13.0788
55,6.06788,-3.67276,13.0788
60,-0.0663805,-0.353254,0.298569
60,-0.137138,-0.0294716,0.751304
60,-0.0156044,0.392376,2.00399
60,-0.692878,-0.706332,2.57088
60,-2.03154,-1.37477,2.69014
60,0.0203071,0.240291,2.93628
60,-0.47682,0.794445,2.95882
60,-1.58601,0.473993,2.91247
60,0.127154,0.81265,3.02465
60,-0.993637,0.603861,2.99142
60,0.0580237,0.846608,3.07618
60,-1.0255,0.615382,3.04624
60,-1.04476,0.628695,3.0903
60,-1.03239,0.636136,3.10962
60,0.229707,0.880349,3.18084
60,-0.517347,0.85383,3.17333
60,-2.30554,-1.53125,3.05357
60,0.590407,0.0730167,3.40413
60,-1.15014,0.717848,3.38762
60,-0.134674,0.877012,3.45258
60,-1.29201,-0.507462,3.36727
60,-0.141582,0.887093,3.48171
60,-0.260154,0.944247,3.48855
60,-0.171233,0.879064,3.51078
60,0.0377837,0.351471,3.50006
60,-0.686943,0.693741,3.51018
60,0.750481,-0.82699,3.49175
60,-1.19506,0.764918,3.5332
60,-0.174143,0.896903,3.57697
60,-0.720988,0.703179,3.56722
60,-0.592242,0.84413,3.60522
60,-0.591234,0.866709,3.68494
60,-0.307297,0.914058,3.72043
60,-0.75568,0.757047,3.71736
60,-0.18258,1.06597,3.78091
60,1.84752,0.35809,3.83734
60,0.913723,-1.54335,3.72622
60,-0.562532,0.763197,3.85934
60,-1.16178,-0.754562,3.77819
60,0.537246,0.107193,3.89716
60,-0.763581,0.812396,3.91353
60,0.360462,1.08014,4.00615
60,-1.21638,-0.766071,3.92175
60,0.39859,1.12349,4.07547
60,-0.49391,0.689424,4.05932
60,0.398472,1.13491,4.10792
60,0.41106,1.13299,4.11529
60,0.415657,1.03555,4.15343
60,1.65557,-1.18757,4.1725
60,-1.18896,0.864459,4.24956
60,0.431322,0.903642,4.3479
60,0.448228,0.898671,4.38267
60,-1.27529,-0.120709,4.34025
60,0.72862,-0.0917641,4.43471
60,0.806871,0.334244,4.47635
60,-1.31591,-0.427745,4.38412
60,-1.85785,0.716935,4.46869
60,-0.914452,0.983825,4.55002
60,0.626952,0.1713,4.56736
60,1.81793,-1.27755,4.59859
60,0.759662,-0.0829011,4.6311
60,0.495686,-0.975508,4.67872
60,0.720294,0.587145,4.77179
60,0.819617,0.224112,4.77717
60,0.98421,-1.02248,4.76686
60,0.824443,-0.0626592,4.82558
60,-0.988982,1.13708,4.85021
60,-1.86268,0.555789,4.81323
60,-1.25054,-0.710694,4.81836
60,-1.7697,-0.716836,4.83939
60,-0.71167,-0.244371,4.93537
60,-1.10392,1.23957,4.99913
60,0.710672,0.225474,5.08879
60,2.17312,-1.33901,5.06205
60,-1.38576,0.571683,5.07466
60,2.69215,-0.372245,5.18569
60,-0.538146,-0.512233,5.10198
60,1.04119,-1.08598,5.12989
60,2.73489,-0.3949,5.24572
60,1.04113,-1.08706,5.16556
60,2.78005,-0.38901,5.36857
60,0.0406942,-0.835196,5.27574
60,0.0275913,-0.800648,5.27863
60,1.06689,-1.10478,5.31662
60,0.807286,-0.230239,5.39639
60,-0.110283,-0.704186,5.40534
60,2.69805,0.155609,5.53529
60,2.73814,0.331681,5.54783
60,0.207303,1.13397,5.55344
60,2.76625,0.0721958,5.58926
60,2.80603,0.0924961,5.70205
60,-0.575348,0.843749,5.65291
60,-1.76497,-0.179978,5.57076
60,2.95408,-0.412717,5.69375
60,0.692925,1.03769,5.70753
60,2.82049,0.191411,5.82072
60,-3.23091,-1.5228,5.59276
60,-3.18224,1.1269,5.72898
60,0.817842,1.04832,5.87558
60,0.714792,1.0643,5.87688
60,-3.21708,-0.304805,5.71573
60,0.850938,-0.200404,5.84664
60,0.619792,-1.14369,5.84552
60,-0.157229,-0.814184,5.8479
60,2.93139,0.181544,6.02514
60,-0.135948,-0.850431,5.90194
60,0.878957,-0.205901,5.98447
60,2.92468,0.163117,6.06671
60,-0.133825,-0.713761,5.93751
60,2.95856,0.209947,6.09869
60,0.885019,-0.205337,6.02457
60,2.9697,0.176141,6.121
60,0.802583,0.916528,6.1206
60,2.59361,-1.52989,6.06885
60,0.99893,-0.0218717,6.1032
60,-1.9205,-1.55636,5.94983
60,-1.0449,0.941686,6.11607
60,0.210532,1.30818,6.18232
60,0.770811,1.14337,6.22033
60,-0.329747,-2.35559,6.02812
60,1.33976,-0.375339,6.17411
60,-1.84259,-0.0706686,6.13363
60,1.34769,-0.366707,6.23051
60,-0.152026,-0.846903,6.20874
60,0.49648,1.26607,6.36659
60,0.919983,-0.226327,6.30962
60,1.06146,1.58756,6.40521
60,-2.38895,-2.62963,6.0994
60,1.00946,1.26537,6.40938
60,0.840809,0.969729,6.40337
60,0.838602,-0.119162,6.3654
60,2.26039,-0.0758171,6.4157
60,-1.14771,1.10742,6.40755
60,0.255303,-1.75671,6.32311
60,-3.54152,-0.43605,6.28322
60,-1.10665,1.01499,6.44521
60,0.804082,1.20289,6.52496
60,-1.16461,1.11741,6.48322
60,2.29829,-0.0737892,6.55316
60,0.500458,1.31571,6.5812
60,-0.146023,-0.87735,6.47899
60,-2.33371,-0.869312,6.42221
60,4.63617,-0.68251,6.64224
60,-0.234831,-0.849992,6.51297
60,-1.22411,-1.15947,6.51056
60,3.16073,0.646464,6.79496
60,2.11632,-0.12105,7.61723
57,2.11632,-0.12105,7.61723
60,2.56087,-0.122688,8.54649
57,2.56087,-0.122688,8.54649
60,-0.37801,-1.10885,9.65114
57,-0.37801,-1.10885,9.65114
60,1.11686,-0.613204,9.85271
57,1.11686,-0.613204,9.85271
60,1.29918,-1.1414,9.93987
57,1.29918,-1.1414,9.93987
60,0.957468,-1.14636,9.57226
57,0.957468,-1.14636,9.57226
60,-0.191709,-1.19456,9.85212
57,-0.191709,-1.19456,9.85212
60,-0.864274,-1.44335,10.6435
57,-0.864274,-1.44335,10.6435
60,1.97451,0.610844,8.27584
57,1.97451,0.610844,8.27584
60,-2.37883,-3.04347,13.0296
57,-2.37883,-3.04347,13.0296
60,-1.03682,-1.13151,8.90738
57,-1.03682,-1.13151,8.90738
60,-0.963797,-0.883787,8.99993
57,-0.963797,-0.883787,8.99993
60,2.74216,-3.4536,9.49437
57,2.74216,-3.4536,9.49437
60,-0.119935,-3.20488,12.1279
57,-0.119935,-3.20488,12.1279
60,1.11055,-1.94803,9.95486
57,1.11055,-1.94803,9.95486
60,5.6702,-1.62566,13.0828
57,5.6702,-1.62566,13.0828
60,1.7989,-0.940516,9.38107
57,1.7989,-0.940516,9.38107
60,2.89839,-0.811306,8.82574
57,2.89839,-0.811306,8.82574
60,2.59911,0.862316,8.04538
57,2.59911,0.862316,8.04538
60,0.0649613,-0.643103,8.91172
57,0.0649613,-0.643103,8.91172
60,3.35107,-0.465687,8.2119
57,3.35107,-0.465687,8.2119
60,1.12982,-1.08684,8.58482
57,1.12982,-1.08684,8.58482
60,0.864027,-1.07411,9.62374
57,0.864027,-1.07411,9.62374
60,-1.91417,-3.19626,13.9831
57,-1.91417,-3.19626,13.9831
60,-2.08788,-1.35097,9.39341
57,-2.08788,-1.35097,9.39341
60,5.57162,-1.98554,11.8244
57,5.57162,-1.98554,11.8244
60,3.66148,-0.492104,8.95491
57,3.66148,-0.492104,8.95491
60,3.05615,0.448367,6.18212
57,3.05615,0.448367,6.18212
60,2.09338,-0.107028,7.55303
57,2.09338,-0.107028,7.55303
60,1.79533,-0.379474,8.34487
57,1.79533,-0.379474,8.34487
60,1.71248,-0.919616,8.98407
57,1.71248,-0.919616,8.98407
60,2.39173,-0.00588572,7.77154
57,2.39173,-0.00588572,7.77154
60,0.704158,-1.65009,9.23456
57,0.704158,-1.65009,9.23456
60,-0.219663,-0.386242,8.78808
57,-0.219663,-0.386242,8.78808
60,-0.994508,-1.11889,8.61045
57,-0.994508,-1.11889,8.61045
60,-0.411605,-1.47174,9.73809
57,-0.411605,-1.47174,9.73809
60,2.11647,0.661801,8.84322
57,2.11647,0.661801,8.84322
60,0.732403,-0.923935,8.05914
57,0.732403,-0.923935,8.05914
60,2.52743,0.8336,7.85972
57,2.52743,0.8336,7.85972
60,3.38433,-0.127579,6.03114
57,3.38433,-0.127579,6.03114
60,-4.23172,-1.43482,10.2788
57,-4.23172,-1.43482,10.2788
60,-0.591634,-0.664716,10.6564
57,-0.591634,-0.664716,10.6564
60,1.01189,-1.59287,11.7773
57,1.01189,-1.59287,11.7773
60,0.0307819,-1.0806,8.23711
57,0.0307819,-1.0806,8.23711
60,0.624923,-0.317946,9.84161
57,0.624923,-0.317946,9.84161
60,0.814094,-1.05141,9.28944
57,0.814094,-1.05141,9.28944
60,2.67757,-0.0281898,7.55932
57,2.67757,-0.0281898,7.55932
60,-1.44993,-0.102258,4.79688
57,-1.44993,-0.102258,4.79688
60,-3.62318,-2.02236,11.4342
57,-3.62318,-2.02236,11.4342
60,-2.16951,-0.285484,4.92865
57,-2.16951,-0.285484,4.92865
60,-0.173866,-0.986619,7.52444
57,-0.173866,-0.986619,7.52444
60,1.06045,-1.63842,8.33532
57,1.06045,-1.63842,8.33532
60,3.17421,-0.164813,5.88225
57,3.17421,-0.164813,5.88225
60,1.03941,-0.985585,8.09564
57,1.03941,-0.985585,8.09564
60,-2.42064,-1.53577,10.8689
57,-2.42064,-1.53577,10.8689
60,-2.49087,-1.74217,8.81174
57,-2.49087,-1.74217,8.81174
60,3.10735,-0.459697,7.64823
57,3.10735,-0.459697,7.64823
60,2.73175,-0.775752,8.34275
57,2.73175,-0.775752,8.34275
60,6.17072,-3.43555,11.3962
57,6.17072,-3.43555,11.3962
60,2.44579,-3.5329,9.7429
57,2.44579,-3.5329,9.7429
60,-0.335144,-1.12357,9.61087
57,-0.335144,-1.12357,9.61087
60,-4.11381,-1.39377,9.96134
57,-4.11381,-1.39377,9.96134
60,0.0398346,-1.22484,9.49338
57,0.0398346,-1.22484,9.49338
60,-0.203801,-1.13349,9.26906
57,-0.203801,-1.13349,9.26906
60,0.752652,-1.00003,8.721
57,0.752652,-1.00003,8.721
60,1.59993,0.404537,6.77348
57,1.59993,0.404537,6.77348
60,1.18979,0.511907,6.19856
57,1.18979,0.511907,6.19856
60,3.47128,-0.148032,6.43421
57,3.47128,-0.148032,6.43421
60,-1.34844,-1.21464,7.12741
57,-1.34844,-1.21464,7.12741
60,-2.12827,-1.37655,9.54283
57,-2.12827,-1.37655,9.54283
60,-2.92385,-1.95977,10.2494
57,-2.92385,-1.95977,10.2494
60,2.7991,-0.427184,6.90387
57,2.7991,-0.427184,6.90387
60,2.39255,-0.6962,7.29427
57,2.39255,-0.6962,7.29427
60,-1.42555,-0.102783,4.7111
57,-1.42555,-0.102783,4.7111
60,-2.38061,-0.101202,4.68656
57,-2.38061,-0.101202,4.68656
60,-3.86705,-2.54197,11.0073
57,-3.86705,-2.54197,11.0073
60,3.84342,-0.148626,7.12533
57,3.84342,-0.148626,7.12533
60,-3.00028,-2.30403,11.5797
57,-3.00028,-2.30403,11.5797
60,2.19804,0.617646,9.29791
57,2.19804,0.617646,9.29791
60,0.881752,-1.20081,9.39222
57,0.881752,-1.20081,9.39222
60,-7.36042,-3.39324,14.0121
57,-7.36042,-3.39324,14.0121
60,-1.20512,-3.31182,8.68471
57,-1.20512,-3.31182,8.68471
60,4.31892,0.0276562,6.17103
57,4.31892,0.0276562,6.17103
60,2.4643,-0.712877,7.50319
57,2.4643,-0.712877,7.50319
60,-2.98101,-2.02908,8.47847
57,-2.98101,-2.02908,8.47847
60,0.937421,-1.32476,10.583
57,0.937421,-1.32476,10.583
60,-1.63998,-1.74896,8.60644
57,-1.63998,-1.74896,8.60644
60,-0.9513,-0.645485,4.42838
57,-0.9513,-0.645485,4.42838
60,2.95571,-0.368786,5.71692
57,2.95571,-0.368786,5.71692
60,2.12424,-0.633857,6.49145
57,2.12424,-0.633857,6.49145
60,-2.64621,-0.081646,5.19682
57,-2.64621,-0.081646,5.19682
60,-2.02673,-1.31522,8.59993
57,-2.02673,-1.31522,8.59993
60,3.34253,-0.154727,5.97064
57,3.34253,-0.154727,5.97064
60,0.538545,-0.94524,9.16462
57,0.538545,-0.94524,9.16462
60,1.71493,-0.365166,7.75029
57,1.71493,-0.365166,7.75029
60,-1.10009,-0.690456,5.86122
57,-1.10009,-0.690456,5.86122
60,-1.94048,-0.631049,5.24772
57,-1.94048,-0.631049,5.24772
60,2.31526,0.265599,13.2659
57,2.31526,0.265599,13.2659
60,2.60343,-1.71869,7.95534
57,2.60343,-1.71869,7.95534
60,2.63049,-0.40145,6.53392
57,2.63049,-0.40145,6.53392
60,2.71507,0.0623445,4.50166
57,2.71507,0.0623445,4.50166
60,2.84177,-0.159504,5.07203
57,2.84177,-0.159504,5.07203
60,3.87791,-0.379611,7.47842
57,3.87791,-0.379611,7.47842
60,7.38336,-2.71708,15.3176
57,7.38336,-2.71708,15.3176
60,3.19485,-2.10443,6.96865
57,3.19485,-2.10443,6.96865
60,-3.06972,-1.00852,6.93901
57,-3.06972,-1.00852,6.93901
60,-3.13003,-0.887157,6.83857
57,-3.13003,-0.887157,6.83857
60,0.766605,-1.35796,6.67457
57,0.766605,-1.35796,6.67457
60,-3.29088,-1.99738,13.8902
57,-3.29088,-1.99738,13.8902
60,-1.24547,-3.99347,10.6028
56,-1.24547,-3.99347,10.6028
60,-1.28736,-2.3274,11.2294
56,-1.28736,-2.3274,11.2294
60,-1.64281,-3.7035,11.3058
56,-1.64281,-3.7035,11.3058
60,-0.818693,-1.76997,11.0357
56,-0.818693,-1.76997,11.0357
60,-4.78838,-4.99879,12.3561
56,-4.78838,-4.99879,12.3561
60,-4.98131,-7.34036,12.6413
56,-4.98131,-7.34036,12.6413
60,6.63134,-10.214,17.4474
56,6.63134,-10.214,17.4474
60,-3.91535,-2.40612,10.6346
56,-3.91535,-2.40612,10.6346
60,-0.537051,-2.22039,12.1356
56,-0.537051,-2.22039,12.1356
60,-5.0783,-6.16883,10.9698
56,-5.0783,-6.16883,10.9698
60,-1.39369,-2.41502,10.1584
56,-1.39369,-2.41502,10.1584
60,2.7418,-3.22505,9.84454
56,2.7418,-3.22505,9.84454
60,-4.92229,-4.32469,11.068
55,-4.92229,-4.32469,11.068
60,8.05008,-6.6926,16.4739
55,8.05008,-6.6926,16.4739
61,-0.00489545,-0.508329,0.393474
61,-1.87996,0.39785,3.66401
61,-1.47144,0.409682,3.82224
61,-1.47314,0.413009,3.82903
61,-1.69031,0.798388,3.89956
61,-2.25061,0.5143,3.90387
61,-1.70047,0.813238,3.95755
61,-1.62264,0.629868,3.95149
61,-1.73512,0.8304,3.99327
61,-1.72558,0.809606,3.99406
61,-1.43401,0.87407,4.01613
61,-2.2842,0.519945,3.96684
61,-2.32009,0.554834,3.99148
61,-2.28125,0.770432,4.11191
61,-1.58605,0.140041,4.14939
61,2.80071,0.679605,4.56658
61,-0.534792,0.79993,4.48143
61,2.83487,0.686245,4.59318
61,2.79727,0.652672,4.64845
61,2.82155,0.67653,4.70956
61,-1.52337,0.103235,4.54438
61,-1.36929,1.05614,4.91459
61,-1.53974,-0.161092,4.95698
61,-2.18418,-0.271302,4.99371
61,0.20939,1.02612,5.18572
61,-1.93881,-0.274296,5.05936
61,2.95175,0.326684,5.28451
61,-1.27444,1.20695,5.20644
61,3.44147,0.345911,5.33776
61,-1.83355,-0.360006,5.14601
61,3.45231,0.362283,5.37199
61,3.45172,0.369644,5.3749
61,-2.94563,-0.297273,5.13611
61,-2.94605,-0.28716,5.13974
61,0.245219,1.09432,5.33791
61,-1.84856,-0.352108,5.17828
61,2.87452,1.34019,5.48537
61,2.93425,0.191012,5.42393
61,2.88023,1.35472,5.52023
61,3.0315,0.180206,5.60069
61,3.04057,0.18521,5.61717
61,-1.11455,1.28908,5.55468
61,-1.09891,1.29634,5.58044
61,-1.28026,-0.371866,5.56203
61,-0.323336,1.09798,5.70971
61,-1.22839,0.996219,5.72201
61,-0.342396,1.14505,5.79329
61,-1.23833,0.994882,5.75643
61,-0.281476,1.12652,5.79691
61,0.748801,1.73479,5.89793
61,-1.72372,-0.56393,5.67586
61,3.59694,0.190776,5.90529
61,2.99602,0.87473,5.96972
61,2.99116,0.990928,5.99085
61,-1.59027,0.6745,5.83607
61,-1.79447,-0.54964,5.75256
61,3.00133,0.875804,6.00847
61,3.71159,0.216261,6.01448
61,3.71214,0.213337,6.02085
61,3.05252,0.886196,6.05518
61,0.526831,1.23913,6.20882
61,0.0846231,0.832327,6.16854
61,-1.05743,0.975362,6.15504
61,0.0997749,0.870046,6.22045
61,-2.07009,-0.748836,6.04464
61,0.0917842,0.862114,6.23788
61,-0.0387925,1.22832,6.2658
61,-1.10257,0.704755,6.21044
61,1.16039,0.675205,6.31087
61,-2.19343,-0.835392,6.10593
61,-1.01121,-0.464295,6.17049
61,-1.02909,-0.436387,6.17306
61,-1.01865,-0.472799,6.19921
61,-1.02249,-0.467909,6.20022
61,-1.81082,-0.825765,6.16845
61,1.53487,0.715821,6.40566
61,-1.1191,0.721446,6.32195
61,0.720897,-0.0650679,6.34976
61,1.51562,0.700245,6.43237
61,1.53115,0.686967,6.43825
61,-0.504022,1.00218,6.39978
61,-0.508984,1.01765,6.40633
61,1.54069,0.711416,6.45504
61,-0.354349,0.92932,6.42547
61,1.56211,0.72056,6.48213
61,0.15909,0.580523,6.44853
61,3.14608,0.850352,6.5701
61,-1.10444,1.03119,6.44713
61,0.694858,0.186456,6.46608
61,-1.96126,-0.776428,6.3258
61,3.72214,-0.131684,6.58837
61,0.959415,1.78317,6.65445
61,-0.971982,-0.226069,6.47658
61,-0.660925,1.04043,6.5882
61,-1.17841,1.09523,6.58306
61,-2.31271,-0.849113,6.42314
61,-0.538473,0.882864,6.63249
61,-0.531933,0.798247,6.67278
61,-0.988268,-0.231811,6.60777
61,-0.797823,0.638609,6.71049
61,-0.363083,1.01082,6.75704
61,1.66129,1.22847,6.85166
61,1.87769,0.12987,8.20315
60,1.87769,0.12987,8.20315
61,1.59343,0.104226,8.2716
60,1.59343,0.104226,8.2716
61,-0.78859,-0.253751,7.82513
60,-0.78859,-0.253751,7.82513
61,0.281214,-0.315604,8.50114
60,0.281214,-0.315604,8.50114
61,0.95369,1.475,7.31584
60,0.95369,1.475,7.31584
61,-0.40886,-0.536871,7.4136
60,-0.40886,-0.536871,7.4136
61,0.724607,-0.933286,8.02195
60,0.724607,-0.933286,8.02195
61,1.06507,-1.04553,8.04221
60,1.06507,-1.04553,8.04221
61,1.13928,1.02713,7.90827
60,1.13928,1.02713,7.90827
61,-2.86715,-1.88563,9.96428
60,-2.86715,-1.88563,9.96428
61,-3.20949,-1.79739,10.1463
60,-3.20949,-1.79739,10.1463
61,-0.996612,-0.218826,8.75537
60,-0.996612,-0.218826,8.75537
61,2.65001,-1.7072,10.1731
60,2.65001,-1.7072,10.1731
61,3.34767,-1.87169,7.74355
60,3.34767,-1.87169,7.74355
61,0.533363,-1.0381,9.86578
60,0.533363,-1.0381,9.86578
61,3.48575,-1.25786,8.27035
60,3.48575,-1.25786,8.27035
61,4.25763,0.502283,9.99893
60,4.25763,0.502283,9.99893
61,-0.0308088,-4.89976,11.4467
60,-0.0308088,-4.89976,11.4467
61,-1.46628,0.631926,5.41133
60,-1.46628,0.631926,5.41133
61,-4.39358,-4.61831,11.3456
60,-4.39358,-4.61831,11.3456
61,1.51861,1.37646,6.42463
60,1.51861,1.37646,6.42463
61,3.16539,-4.38622,9.09853
60,3.16539,-4.38622,9.09853
61,1.7625,1.33201,7.25437
60,1.7625,1.33201,7.25437
61,4.33579,-2.32074,9.9661
60,4.33579,-2.32074,9.9661
61,1.15096,-2.45602,6.50453
60,1.15096,-2.45602,6.50453
61,3.16811,-2.76307,8.72468
60,3.16811,-2.76307,8.72468
61,2.46711,1.55838,7.35313
60,2.46711,1.55838,7.35313
61,-0.0127075,-4.7224,10.8762
60,-0.0127075,-4.7224,10.8762
61,2.7258,-1.74472,10.4916
60,2.7258,-1.74472,10.4916
61,4.29024,0.51273,10.026
60,4.29024,0.51273,10.026
61,2.42553,-0.0904789,8.71676
60,2.42553,-0.0904789,8.71676
61,0.781434,-0.986448,8.65705
60,0.781434,-0.986448,8.65705
61,0.533363,-1.0381,9.86578
60,0.533363,-1.0381,9.86578
61,-0.21159,-0.386686,9.02817
60,-0.21159,-0.386686,9.02817
61,-0.771468,-0.25668,7.66523
60,-0.771468,-0.25668,7.66523
61,-4.38015,-4.18356,10.2676
60,-4.38015,-4.18356,10.2676
61,1.89495,-0.397556,8.80281
60,1.89495,-0.397556,8.80281
61,1.63696,-0.901525,8.60851
60,1.63696,-0.901525,8.60851
61,2.77747,0.670476,6.06143
60,2.77747,0.670476,6.06143
61,-1.39036,-0.798217,6.53369
60,-1.39036,-0.798217,6.53369
61,-1.29975,-1.28681,7.83532
60,-1.29975,-1.28681,7.83532
61,1.79147,-1.66966,8.87133
60,1.79147,-1.66966,8.87133
61,-6.48544,-7.83242,14.0493
60,-6.48544,-7.83242,14.0493
61,-1.03607,-1.13678,8.79604
60,-1.03607,-1.13678,8.79604
61,-0.362899,-1.61592,8.36905
60,-0.362899,-1.61592,8.36905
61,2.61975,-0.0394977,7.4766
60,2.61975,-0.0394977,7.4766
61,2.13092,-0.10347,7.7615
60,2.13092,-0.10347,7.7615
61,0.292637,-0.329479,8.46295
60,0.292637,-0.329479,8.46295
61,-1.49592,-0.838752,7.01691
60,-1.49592,-0.838752,7.01691
61,-0.214912,-1.18292,9.60019
60,-0.214912,-1.18292,9.60019
61,3.4255,-0.47113,8.48994
60,3.4255,-0.47113,8.48994
61,2.88409,0.715421,6.28936
60,2.88409,0.715421,6.28936
61,2.45673,1.57995,7.36195
60,2.45673,1.57995,7.36195
61,2.78057,0.930512,8.6442
60,2.78057,0.930512,8.6442
61,0.120639,-6.60888,11.3479
60,0.120639,-6.60888,11.3479
61,4.14173,-6.88398,11.8637
60,4.14173,-6.88398,11.8637
61,-0.997122,-0.206398,8.94843
60,-0.997122,-0.206398,8.94843
61,-4.27172,-4.47911,10.8901
60,-4.27172,-4.47911,10.8901
61,3.40946,-0.488614,8.36139
60,3.40946,-0.488614,8.36139
61,5.75348,-0.775783,8.22987
60,5.75348,-0.775783,8.22987
61,4.16388,-0.460016,7.62378
60,4.16388,-0.460016,7.62378
61,1.93063,0.512678,8.19483
60,1.93063,0.512678,8.19483
61,2.39394,1.50531,7.17782
60,2.39394,1.50531,7.17782
61,2.44554,0.770384,7.61275
60,2.44554,0.770384,7.61275
61,3.44272,-6.48685,11.4493
60,3.44272,-6.48685,11.4493
61,1.94732,-2.58876,6.91557
60,1.94732,-2.58876,6.91557
61,-4.54748,-6.73196,11.5662
60,-4.54748,-6.73196,11.5662
61,-1.28058,-3.47275,9.1651
60,-1.28058,-3.47275,9.1651
61,-0.23226,-0.397864,8.3351
60,-0.23226,-0.397864,8.3351
61,3.58504,-6.75892,11.9514
60,3.58504,-6.75892,11.9514
61,11.461,-7.08111,17.5418
60,11.461,-7.08111,17.5418
61,3.93914,-0.416935,7.19903
60,3.93914,-0.416935,7.19903
61,-6.3497,-3.08093,8.80586
60,-6.3497,-3.08093,8.80586
61,0.867717,0.761338,5.82895
60,0.867717,0.761338,5.82895
61,4.31742,-0.455033,7.89033
60,4.31742,-0.455033,7.89033
61,1.90138,0.571261,8.19964
60,1.90138,0.571261,8.19964
61,2.54545,-0.677987,7.74178
60,2.54545,-0.677987,7.74178
61,2.90306,0.204282,6.01723
60,2.90306,0.204282,6.01723
61,1.79265,0.606449,6.41449
60,1.79265,0.606449,6.41449
61,-1.25359,-2.04543,10.0861
60,-1.25359,-2.04543,10.0861
61,1.01827,0.928352,6.74144
60,1.01827,0.928352,6.74144
61,6.74045,-4.13873,14.5512
60,6.74045,-4.13873,14.5512
61,-2.5912,-1.61493,6.94664
60,-2.5912,-1.61493,6.94664
61,0.996466,1.31281,7.08962
59,0.996466,1.31281,7.08962
61,0.449865,-0.748015,9.56816
59,0.449865,-0.748015,9.56816
61,2.55,-0.164375,9.37634
59,2.55,-0.164375,9.37634
61,-1.26976,-1.86724,9.74481
59,-1.26976,-1.86724,9.74481
61,-2.99331,-2.31149,11.7122
59,-2.99331,-2.31149,11.7122
61,1.87987,-3.47189,13.4687
59,1.87987,-3.47189,13.4687
61,1.33726,-0.547542,9.30829
59,1.33726,-0.547542,9.30829
61,3.91462,0.0387,8.19036
59,3.91462,0.0387,8.19036
61,2.76293,0.931424,8.52918
59,2.76293,0.931424,8.52918
61,2.01015,-3.69092,14.3663
59,2.01015,-3.69092,14.3663
61,3.91391,0.305488,9.54831
59,3.91391,0.305488,9.54831
61,1.01728,1.35388,7.27637
59,1.01728,1.35388,7.27637
61,0.340807,-0.321886,9.77972
59,0.340807,-0.321886,9.77972
61,-0.630931,-1.30176,9.48984
59,-0.630931,-1.30176,9.48984
61,3.63245,0.0183081,7.61023
59,3.63245,0.0183081,7.61023
61,-1.06337,-1.14766,9.04985
59,-1.06337,-1.14766,9.04985
61,1.16904,1.50718,7.40313
59,1.16904,1.50718,7.40313
61,0.860227,-0.0533215,7.53252
59,0.860227,-0.0533215,7.53252
61,1.89018,0.581962,8.38124
59,1.89018,0.581962,8.38124
61,-0.817312,-0.255884,7.92744
59,-0.817312,-0.255884,7.92744
61,0.766031,-0.0715017,6.69775
59,0.766031,-0.0715017,6.69775
61,-0.748184,-2.07808,11.215
59,-0.748184,-2.07808,11.215
61,2.33886,1.47771,7.04535
59,2.33886,1.47771,7.04535
61,1.72867,-0.378835,8.00245
59,1.72867,-0.378835,8.00245
61,-4.89948,-3.89009,13.0054
59,-4.89948,-3.89009,13.0054
61,-1.52648,-1.63003,9.00364
58,-1.52648,-1.63003,9.00364
61,-1.55656,-3.53244,11.2297
58,-1.55656,-3.53244,11.2297
61,-0.868116,-1.16787,9.0813
58,-0.868116,-1.16787,9.0813
61,-0.747091,0.861735,6.00244
58,-0.747091,0.861735,6.00244
61,-0.306093,0.833171,5.73663
58,-0.306093,0.833171,5.73663
61,1.61496,1.48615,6.86929
58,1.61496,1.48615,6.86929
61,3.42839,-1.71099,10.2025
58,3.42839,-1.71099,10.2025
61,-0.760637,0.879763,6.10285
58,-0.760637,0.879763,6.10285
61,4.5908,-1.59006,10.8895
58,4.5908,-1.59006,10.8895
61,-2.07504,-5.23909,11.0663
58,-2.07504,-5.23909,11.0663
61,3.17616,-1.28329,9.59971
58,3.17616,-1.28329,9.59971
61,-0.994348,-2.15838,9.38617
58,-0.994348,-2.15838,9.38617
61,-3.87258,-2.07254,10.5267
58,-3.87258,-2.07254,10.5267
61,-4.66231,-6.59775,11.5907
58,-4.66231,-6.59775,11.5907
61,-0.239053,0.661389,6.39563
58,-0.239053,0.661389,6.39563
61,0.646923,-0.439296,9.66853
58,0.646923,-0.439296,9.66853
61,0.204742,-1.05964,8.4736
58,0.204742,-1.05964,8.4736
61,1.64618,-0.548635,10.1452
58,1.64618,-0.548635,10.1452
61,2.63034,1.67313,7.82059
58,2.63034,1.67313,7.82059
61,1.70845,-0.926517,9.1224
58,1.70845,-0.926517,9.1224
61,-0.967407,-2.08313,8.98437
58,-0.967407,-2.08313,8.98437
61,0.177258,-1.00031,7.71988
58,0.177258,-1.00031,7.71988
61,-1.54185,-1.45103,9.22351
58,-1.54185,-1.45103,9.22351
61,-0.581152,-1.1917,8.41097
58,-0.581152,-1.1917,8.41097
61,6.1454,0.15936,8.82638
58,6.1454,0.15936,8.82638
61,1.07783,-1.84753,9.43868
58,1.07783,-1.84753,9.43868
61,3.72276,-0.509695,9.22624
58,3.72276,-0.509695,9.22624
61,3.26552,1.16353,10.245
58,3.26552,1.16353,10.245
61,7.06613,-3.18017,14.4562
58,7.06613,-3.18017,14.4562
61,-1.34349,-1.3418,8.02205
58,-1.34349,-1.3418,8.02205
61,2.56721,-3.0172,9.22016
58,2.56721,-3.0172,9.22016
61,-4.25686,-3.80018,9.56828
58,-4.25686,-3.80018,9.56828
61,3.39604,-2.61186,8.19212
57,3.39604,-2.61186,8.19212
61,1.86382,-1.6973,9.07799
57,1.86382,-1.6973,9.07799
61,-2.83477,-2.19972,11.0431
57,-2.83477,-2.19972,11.0431
61,4.02915,-5.72883,9.44661
57,4.02915,-5.72883,9.44661
61,-1.60227,-3.13009,9.9143
57,-1.60227,-3.13009,9.9143
61,-3.0863,-2.39311,12.0633
57,-3.0863,-2.39311,12.0633
61,0.316721,-0.342302,9.20243
57,0.316721,-0.342302,9.20243
61,0.480761,-0.970722,9.08714
57,0.480761,-0.970722,9.08714
61,3.74399,-0.446763,7.23809
57,3.74399,-0.446763,7.23809
61,5.9336,-3.26522,10.744
57,5.9336,-3.26522,10.744
61,-0.138377,-3.38967,12.8853
57,-0.138377,-3.38967,12.8853
61,3.18954,-0.130273,5.83917
57,3.18954,-0.130273,5.83917
61,-2.70524,-2.89278,12.7326
57,-2.70524,-2.89278,12.7326
61,4.64961,-6.62908,10.9952
57,4.64961,-6.62908,10.9952
61,-0.148512,-3.43799,13.0837
57,-0.148512,-3.43799,13.0837
61,2.29455,-2.96327,8.10407
57,2.29455,-2.96327,8.10407
61,0.328095,-0.368215,8.96526
57,0.328095,-0.368215,8.96526
61,6.95106,-10.5329,18.1387
57,6.95106,-10.5329,18.1387
61,5.61468,-2.59183,11.4031
57,5.61468,-2.59183,11.4031
61,-6.13518,-6.12519,10.4606
57,-6.13518,-6.12519,10.4606
61,4.53241,-5.95371,10.5766
57,4.53241,-5.95371,10.5766
61,5.85395,-3.58667,12.6655
57,5.85395,-3.58667,12.6655
61,-0.00957267,-1.34725,9.61763
57,-0.00957267,-1.34725,9.61763
61,-5.04789,-2.47983,6.99674
57,-5.04789,-2.47983,6.99674
61,3.12619,-0.439673,7.73695
57,3.12619,-0.439673,7.73695
61,-5.27119,-4.18153,14.0761
57,-5.27119,-4.18153,14.0761
61,-0.776226,-1.34315,10.22
57,-0.776226,-1.34315,10.22
61,1.15063,-1.14831,9.42818
57,1.15063,-1.14831,9.42818
61,-2.23161,-0.836399,6.17091
57,-2.23161,-0.836399,6.17091
61,4.5124,-1.80138,10.3777
56,4.5124,-1.80138,10.3777
61,-1.16999,-2.0623,9.87236
56,-1.16999,-2.0623,9.87236
61,0.107833,-7.64658,13.2463
56,0.107833,-7.64658,13.2463
61,-0.531825,-2.26017,12.3535
56,-0.531825,-2.26017,12.3535
61,-0.641278,-3.48051,9.64086
56,-0.641278,-3.48051,9.64086
61,-3.56102,-6.01791,11.8402
56,-3.56102,-6.01791,11.8402
61,-5.00793,-5.13276,12.6649
55,-5.00793,-5.13276,12.6649
61,-5.55831,-3.47988,10.5761
55,-5.55831,-3.47988,10.5761
62,-1.54788,0.552159,3.84256
62,-1.52007,0.415431,3.93323
62,-1.52625,0.186816,4.03338
62,-1.59001,0.240035,4.20523
62,-0.548686,0.791994,4.50574
62,-1.31913,1.00843,4.92864
62,-1.5245,-0.173821,4.85967
62,-1.52672,-0.170565,4.86485
62,-1.39733,1.03449,4.97966
62,-1.43675,-0.0818824,4.91635
62,-1.42027,1.04534,5.06693
62,-1.45868,-0.0741672,5.0101
62,0.198278,0.981502,5.17062
62,-2.19383,-0.247381,5.03427
62,-1.20322,0.211504,5.21862
62,-1.10261,1.24871,5.51063
62,-1.10662,1.27578,5.53551
62,-2.98313,-0.377919,5.5113
62,-2.90597,-0.443941,5.51523
62,-1.12511,1.27873,5.69005
62,3.51027,0.151551,5.77482
62,-1.29626,-0.395054,5.58895
62,-1.21835,0.944585,5.85313
62,3.63969,0.171284,5.95456
62,-2.64151,-0.448594,5.76914
62,-1.79124,-0.620156,5.82399
62,3.14831,0.910293,6.21653
62,-1.82031,-0.63723,5.96521
62,-1.05248,0.976163,6.1018
62,-1.44054,-0.611233,6.01984
62,-1.05376,0.957965,6.16963
62,-2.30361,-0.662215,6.07184
62,-2.19687,-0.665618,6.07721
62,-1.92608,-0.783509,6.09183
62,-1.92435,-0.793902,6.1058
62,-0.0506257,1.20548,6.31119
62,-1.98355,-0.749324,6.12602
62,3.11208,0.79462,6.42582
62,0.693752,0.444786,6.33545
62,1.16975,0.68532,6.38197
62,1.54463,0.696021,6.41016
62,-0.339401,0.939183,6.37598
62,-0.0318998,1.27139,6.41737
62,0.53214,0.445628,6.40939
62,0.0715929,0.901031,6.42698
62,1.52521,0.682244,6.46054
62,-0.342908,0.945995,6.42841
62,-0.349918,0.941587,6.43644
62,0.701747,0.45222,6.46215
62,-1.10241,-0.721821,6.33951
62,0.875937,-0.0073607,6.4644
62,-1.14134,0.73201,6.45319
62,-1.73533,-0.756168,6.34494
62,-0.644566,1.02353,6.52839
62,-0.963331,0.932809,6.51626
62,-0.548855,1.03937,6.55019
62,3.19516,0.856147,6.67444
62,-2.52367,-0.636676,6.41167
62,1.56677,0.727898,6.64624
62,1.6914,0.704926,6.72529
62,0.941847,0.332339,6.6908
62,-1.16063,1.09252,6.71565
62,1.62439,1.47401,6.87473
62,-1.80819,0.88133,6.74191
62,-0.452889,0.994702,6.82201
62,-1.01722,-0.243518,6.72567
62,1.5751,-0.346148,8.76785
60,1.5751,-0.346148,8.76785
62,2.633,-0.182329,8.42076
60,2.633,-0.182329,8.42076
62,-1.99247,-2.58984,10.9095
60,-1.99247,-2.58984,10.9095
62,-5.14383,-6.88672,13.0184
60,-5.14383,-6.88672,13.0184
62,-4.55948,-4.77003,11.7853
60,-4.55948,-4.77003,11.7853
62,2.50078,-0.0873833,9.0249
60,2.50078,-0.0873833,9.0249
62,0.497462,-0.992636,9.30725
60,0.497462,-0.992636,9.30725
62,-1.42604,-2.35876,9.48236
60,-1.42604,-2.35876,9.48236
62,-3.93239,-5.84004,9.98276
60,-3.93239,-5.84004,9.98276
62,1.18513,-2.04952,10.5641
60,1.18513,-2.04952,10.5641
62,2.88354,-1.78798,10.9436
60,2.88354,-1.78798,10.9436
62,3.25312,0.847034,7.074
60,3.25312,0.847034,7.074
62,2.47786,-0.0842099,8.97651
60,2.47786,-0.0842099,8.97651
62,-1.70869,-2.76982,11.3792
60,-1.70869,-2.76982,11.3792
62,-3.73494,-3.6432,8.80074
60,-3.73494,-3.6432,8.80074
62,1.26274,-1.14205,9.89576
60,1.26274,-1.14205,9.89576
62,-0.0282183,-0.814677,9.8224
60,-0.0282183,-0.814677,9.8224
62,-0.472454,-0.570163,8.46065
60,-0.472454,-0.570163,8.46065
62,3.72151,-0.436513,6.82547
60,3.72151,-0.436513,6.82547
62,-3.73228,-3.94308,9.54885
60,-3.73228,-3.94308,9.54885
62,0.776423,-1.03794,8.99631
60,0.776423,-1.03794,8.99631
62,7.6911,-4.22911,14.1401
60,7.6911,-4.22911,14.1401
62,4.7939,-2.74757,8.79814
60,4.7939,-2.74757,8.79814
62,5.48042,-3.12481,10.1152
60,5.48042,-3.12481,10.1152
62,5.4479,-3.38747,11.7951
60,5.4479,-3.38747,11.7951
62,-0.756933,-0.552426,8.58714
58,-0.756933,-0.552426,8.58714
62,1.12999,1.17735,8.30533
58,1.12999,1.17735,8.30533
62,-1.00334,-2.16622,9.43018
58,-1.00334,-2.16622,9.43018
62,1.49133,-3.06131,8.38583
58,1.49133,-3.06131,8.38583
62,3.74999,-3.02634,9.77662
58,3.74999,-3.02634,9.77662
62,2.46938,-2.12781,9.63185
58,2.46938,-2.12781,9.63185
62,-2.88585,-1.89279,10.0598
58,-2.88585,-1.89279,10.0598
62,1.15475,-1.05214,8.95936
58,1.15475,-1.05214,8.95936
62,-1.04757,-3.00222,9.2741
58,-1.04757,-3.00222,9.2741
62,1.53092,-3.141,8.62317
58,1.53092,-3.141,8.62317
62,-1.25823,-1.84844,9.53643
58,-1.25823,-1.84844,9.53643
62,-2.71021,-2.98756,10.6759
58,-2.71021,-2.98756,10.6759
62,1.2007,0.4464,6.93632
58,1.2007,0.4464,6.93632
62,4.453,0.742019,10.1524
58,4.453,0.742019,10.1524
62,2.1707,0.179064,9.55973
58,2.1707,0.179064,9.55973
62,-0.667836,1.06675,6.76752
58,-0.667836,1.06675,6.76752
62,1.70485,-0.936125,9.10888
58,1.70485,-0.936125,9.10888
62,5.97038,-2.72207,12.2239
58,5.97038,-2.72207,12.2239
62,3.65384,0.140015,7.32939
58,3.65384,0.140015,7.32939
62,-2.69887,-0.53475,5.4715
58,-2.69887,-0.53475,5.4715
62,-4.41609,-3.92039,9.89827
58,-4.41609,-3.92039,9.89827
62,-1.31442,-0.892134,8.17366
59,-1.31442,-0.892134,8.17366
62,1.56888,-0.889754,9.74625
59,1.56888,-0.889754,9.74625
62,3.485,-2.12944,10.2614
59,3.485,-2.12944,10.2614
62,2.71493,0.900794,8.36401
59,2.71493,0.900794,8.36401
62,2.3898,1.61301,7.35849
59,2.3898,1.61301,7.35849
62,2.33539,-0.479963,9.29427
59,2.33539,-0.479963,9.29427
62,1.9429,-1.7607,9.58605
59,1.9429,-1.7607,9.58605
62,1.04487,-1.86346,9.3825
59,1.04487,-1.86346,9.3825
62,-3.13304,-2.28715,10.4527
59,-3.13304,-2.28715,10.4527
62,1.28125,-0.554507,8.83933
59,1.28125,-0.554507,8.83933
62,-0.765925,-1.2629,9.25892
59,-0.765925,-1.2629,9.25892
62,6.77772,-1.85798,13.4335
59,6.77772,-1.85798,13.4335
62,9.78805,-7.44019,16.9757
59,9.78805,-7.44019,16.9757
62,1.47298,-1.68484,8.67724
59,1.47298,-1.68484,8.67724
62,-3.64019,-3.27668,8.19621
59,-3.64019,-3.27668,8.19621
62,1.22167,-1.15524,9.61049
59,1.22167,-1.15524,9.61049
62,5.23556,-0.436142,10.0291
59,5.23556,-0.436142,10.0291
62,1.8503,-1.002,9.86898
59,1.8503,-1.002,9.86898
62,-1.14997,-1.77368,9.45135
57,-1.14997,-1.77368,9.45135
62,1.60008,0.713442,9.08672
57,1.60008,0.713442,9.08672
62,3.0538,0.761403,6.65063
57,3.0538,0.761403,6.65063
62,-3.26268,-1.81721,10.3411
57,-3.26268,-1.81721,10.3411
62,-0.559982,-9.64745,15.6689
57,-0.559982,-9.64745,15.6689
62,0.0468848,-1.44758,10.1291
57,0.0468848,-1.44758,10.1291
62,2.42182,-3.13191,8.6037
57,2.42182,-3.13191,8.6037
62,-4.05263,-5.96383,10.2507
57,-4.05263,-5.96383,10.2507
62,-5.65826,-2.37649,9.68876
57,-5.65826,-2.37649,9.68876
62,5.93221,-2.73051,12.0531
57,5.93221,-2.73051,12.0531
62,-4.18947,-4.32764,10.5596
57,-4.18947,-4.32764,10.5596
62,7.18212,-2.03584,14.3607
57,7.18212,-2.03584,14.3607
62,3.48295,-2.36427,11.4386
57,3.48295,-2.36427,11.4386
62,-0.938281,-3.37747,9.06553
56,-0.938281,-3.37747,9.06553
62,-1.89211,-1.53443,8.98632
56,-1.89211,-1.53443,8.98632
62,-3.51143,-2.16669,9.57017
56,-3.51143,-2.16669,9.57017
62,-3.36042,-2.0804,9.13249
56,-3.36042,-2.0804,9.13249
62,1.5791,-1.81067,9.59739
56,1.5791,-1.81067,9.59739
63,-1.93009,0.405307,3.77287
63,-2.27103,0.280948,3.75274
63,-2.21411,0.489803,3.81962
63,-1.56468,0.559236,3.86707
63,-1.56037,0.401083,3.88271
63,-1.3414,0.894117,3.9541
63,-1.70297,0.801525,3.96635
63,-1.62314,0.605768,3.97046
63,-1.74655,0.797897,4.05237
63,-0.536914,0.786629,4.46702
63,-0.640609,0.929,4.60496
63,0.355266,1.07978,5.09024
63,-1.55367,-0.169299,4.94393
63,-1.56491,-0.176206,4.94291
63,0.36335,1.11115,5.20182
63,-2.26541,-0.207571,5.14726
63,-1.86115,-0.267548,5.16687
63,3.04823,0.345344,5.52023
63,-1.29486,1.13884,5.44415
63,-1.26263,1.0497,5.69132
63,2.9678,0.922361,6.05757
63,-2.57892,-0.45107,5.66249
63,3.00255,0.828149,6.09026
63,-2.59445,-0.450541,5.6769
63,-2.5003,-0.43908,5.72884
63,-2.50574,-0.453915,5.76841
63,0.466078,1.20589,6.13852
63,0.467516,1.20347,6.15507
63,0.481297,1.22633,6.16032
63,3.06069,0.787168,6.28179
63,0.0150325,0.855469,6.11934
63,-0.254925,1.27369,6.13695
63,-1.36208,-0.664007,6.02796
63,-1.10479,1.07395,6.18394
63,0.0923705,0.86191,6.24294
63,0.598426,0.941684,6.29408
63,-1.36478,-0.653278,6.09407
63,-2.22924,-0.700986,6.04147
63,3.74523,-0.102617,6.45244
63,-1.93773,-0.798207,6.08001
63,-0.0364197,1.23299,6.33532
63,-2.08515,-0.748596,6.1093
63,1.5071,0.694309,6.42175
63,0.866307,-0.0487409,6.34863
63,-0.0407902,1.25549,6.38595
63,-2.23502,-0.785109,6.13649
63,0.856932,-0.0560693,6.37088
63,-2.0242,-0.730155,6.16976
63,1.1824,0.702969,6.49994
63,-1.06634,-0.71,6.29641
63,-1.97127,-0.809585,6.26237
63,-2.23487,-0.819088,6.2579
63,-0.428189,0.943801,6.48878
63,-0.418737,0.958402,6.49583
63,-1.25712,-0.760442,6.35383
63,-0.971195,0.942665,6.48664
63,-0.967726,-0.281651,6.45228
63,-0.861489,0.500144,6.5233
63,1.63012,1.19169,6.75341
63,-0.526868,0.770917,6.63224
63,3.77031,-0.0892462,6.8688
63,1.14881,1.74209,6.85145
63,-0.538789,0.884436,6.71695
63,3.78496,-0.109001,6.92803
63,-0.997031,-0.251569,6.67776
63,1.55164,1.63496,6.96983
63,3.22161,0.810745,7.02179
63,-2.23081,-1.47595,10.2387
61,-2.23081,-1.47595,10.2387
63,-2.94276,-1.64887,10.1163
61,-2.94276,-1.64887,10.1163
63,-2.61289,-1.89064,9.88613
61,-2.61289,-1.89064,9.88613
63,-3.03338,-4.44847,11.1914
61,-3.03338,-4.44847,11.1914
63,2.68672,-1.97956,9.07444
61,2.68672,-1.97956,9.07444
63,0.946175,-1.75385,8.68898
61,0.946175,-1.75385,8.68898
63,3.50499,-2.19136,8.81832
61,3.50499,-2.19136,8.81832
63,3.13909,-0.827906,9.52026
61,3.13909,-0.827906,9.52026
63,2.9791,0.184314,10.0602
61,2.9791,0.184314,10.0602
63,0.0542611,-1.51042,10.7568
61,0.0542611,-1.51042,10.7568
63,0.745213,-0.965055,8.27864
61,0.745213,-0.965055,8.27864
63,2.55931,1.62049,7.59502
61,2.55931,1.62049,7.59502
63,3.08009,-1.58237,9.19263
61,3.08009,-1.58237,9.19263
63,4.08285,0.32808,9.92821
61,4.08285,0.32808,9.92821
63,3.59248,-4.72853,8.47966
61,3.59248,-4.72853,8.47966
63,1.83285,-1.68475,9.01323
61,1.83285,-1.68475,9.01323
63,-4.18505,-4.42186,10.7841
61,-4.18505,-4.42186,10.7841
63,-3.53517,-6.0471,11.9253
61,-3.53517,-6.0471,11.9253
63,3.5648,-1.76597,10.5953
61,3.5648,-1.76597,10.5953
63,2.73108,0.90797,8.43659
61,2.73108,0.90797,8.43659
63,-0.719068,-1.94196,10.4287
61,-0.719068,-1.94196,10.4287
63,-1.41681,-3.67902,9.74047
61,-1.41681,-3.67902,9.74047
63,-2.2899,-1.48788,10.499
61,-2.2899,-1.48788,10.499
63,-1.45511,-5.67318,10.3582
61,-1.45511,-5.67318,10.3582
63,-2.40241,-6.44118,11.5126
61,-2.40241,-6.44118,11.5126
63,-3.16738,-9.29321,15.3975
61,-3.16738,-9.29321,15.3975
63,-4.79297,-11.2433,18.5784
61,-4.79297,-11.2433,18.5784
63,-0.206021,0.883755,4.76918
61,-0.206021,0.883755,4.76918
63,0.048021,-5.40976,9.2061
61,0.048021,-5.40976,9.2061
63,1.55162,1.38275,6.56631
61,1.55162,1.38275,6.56631
63,1.26922,1.64383,7.88139
61,1.26922,1.64383,7.88139
63,-3.07745,-4.55454,11.3993
61,-3.07745,-4.55454,11.3993
63,-0.664599,-4.37716,11.0017
61,-0.664599,-4.37716,11.0017
63,-5.73651,-3.15261,11.8791
61,-5.73651,-3.15261,11.8791
63,1.44915,0.0965935,8.62161
61,1.44915,0.0965935,8.62161
63,-0.601469,-1.25314,8.92323
61,-0.601469,-1.25314,8.92323
63,1.66984,1.21521,6.86247
61,1.66984,1.21521,6.86247
63,2.40813,-6.89319,11.9242
61,2.40813,-6.89319,11.9242
63,-0.466234,-2.06135,11.3786
61,-0.466234,-2.06135,11.3786
63,-4.91816,-11.3693,18.884
61,-4.91816,-11.3693,18.884
63,-5.92659,-3.2468,12.2513
61,-5.92659,-3.2468,12.2513
63,-6.17228,-7.48418,13.4642
61,-6.17228,-7.48418,13.4642
63,-5.99644,-3.50482,7.6829
61,-5.99644,-3.50482,7.6829
63,2.86916,-0.763992,8.716
61,2.86916,-0.763992,8.716
63,0.430029,-4.72986,9.89178
61,0.430029,-4.72986,9.89178
63,-4.45164,-1.65193,10.9867
61,-4.45164,-1.65193,10.9867
63,-3.10516,-2.60402,8.89428
61,-3.10516,-2.60402,8.89428
63,2.77628,-2.04057,9.28993
61,2.77628,-2.04057,9.28993
63,-1.0173,-0.223939,9.12495
61,-1.0173,-0.223939,9.12495
63,2.04706,-1.43257,8.10836
61,2.04706,-1.43257,8.10836
63,3.07833,0.778573,6.7147
61,3.07833,0.778573,6.7147
63,-6.2922,-2.91769,8.21074
61,-6.2922,-2.91769,8.21074
63,1.8645,1.40296,7.6348
61,1.8645,1.40296,7.6348
63,1.28871,-1.18846,10.1768
61,1.28871,-1.18846,10.1768
63,-0.416444,-1.70484,8.8032
61,-0.416444,-1.70484,8.8032
63,-3.42191,-3.36196,5.68265
61,-3.42191,-3.36196,5.68265
63,2.83373,1.15076,7.74941
61,2.83373,1.15076,7.74941
63,0.680209,-5.43657,10.9333
61,0.680209,-5.43657,10.9333
63,-2.06061,-2.44656,8.2173
61,-2.06061,-2.44656,8.2173
63,-0.943031,-0.220953,8.23118
61,-0.943031,-0.220953,8.23118
63,3.62053,-0.797382,11.0015
61,3.62053,-0.797382,11.0015
63,0.250055,-0.408126,7.04419
61,0.250055,-0.408126,7.04419
63,-5.78213,-4.97628,12.8706
61,-5.78213,-4.97628,12.8706
63,-1.20113,-3.23904,8.37044
61,-1.20113,-3.23904,8.37044
63,1.60304,-0.132504,9.01475
60,1.60304,-0.132504,9.01475
63,2.47906,0.987729,8.427
60,2.47906,0.987729,8.427
63,2.64018,-0.598319,7.83722
60,2.64018,-0.598319,7.83722
63,0.110734,-3.24763,12.3543
60,0.110734,-3.24763,12.3543
63,1.12976,1.43552,7.13912
60,1.12976,1.43552,7.13912
63,2.50499,0.996717,8.51223
60,2.50499,0.996717,8.51223
63,-2.24519,-1.56292,9.90063
60,-2.24519,-1.56292,9.90063
63,-3.57515,-2.64397,11.0919
60,-3.57515,-2.64397,11.0919
63,1.99692,0.148519,8.70229
60,1.99692,0.148519,8.70229
63,2.40414,-0.0886225,8.63843
60,2.40414,-0.0886225,8.63843
63,3.35601,-5.67538,9.6594
60,3.35601,-5.67538,9.6594
63,2.26186,-1.50216,8.80206
60,2.26186,-1.50216,8.80206
63,-2.85089,-1.92561,10.0517
60,-2.85089,-1.92561,10.0517
63,4.55256,0.465952,9.34687
60,4.55256,0.465952,9.34687
63,1.10712,1.37452,8.45492
60,1.10712,1.37452,8.45492
63,1.18252,1.52269,7.33995
60,1.18252,1.52269,7.33995
63,-0.491857,-0.605026,8.84651
60,-0.491857,-0.605026,8.84651
63,3.76344,-2.31102,11.2196
60,3.76344,-2.31102,11.2196
63,1.3018,0.513135,7.48246
60,1.3018,0.513135,7.48246
63,2.79918,-0.0281299,7.94426
60,2.79918,-0.0281299,7.94426
63,-5.67689,-1.97846,8.25887
60,-5.67689,-1.97846,8.25887
63,1.82803,0.0866032,8.25045
60,1.82803,0.0866032,8.25045
63,2.70253,0.905152,8.47564
60,2.70253,0.905152,8.47564
63,1.30715,0.530633,5.89037
60,1.30715,0.530633,5.89037
63,3.53052,-2.23087,10.6404
60,3.53052,-2.23087,10.6404
63,0.64986,0.485608,6.87016
58,0.64986,0.485608,6.87016
63,-1.43756,-1.38233,8.70978
58,-1.43756,-1.38233,8.70978
63,2.38811,0.408085,8.84171
58,2.38811,0.408085,8.84171
63,-1.31,-2.5222,10.8251
58,-1.31,-2.5222,10.8251
63,-4.1068,-2.9756,12.7255
58,-4.1068,-2.9756,12.7255
63,2.01404,0.160711,8.89939
58,2.01404,0.160711,8.89939
63,-3.61251,-2.64186,11.1941
58,-3.61251,-2.64186,11.1941
63,6.80011,-2.00282,13.3775
58,6.80011,-2.00282,13.3775
63,1.95673,0.551188,8.28858
58,1.95673,0.551188,8.28858
63,1.80264,0.577446,8.00313
58,1.80264,0.577446,8.00313
63,0.95537,-1.35144,9.41503
59,0.95537,-1.35144,9.41503
63,3.57682,-2.17937,10.508
59,3.57682,-2.17937,10.508
63,1.65004,1.50915,6.98514
59,1.65004,1.50915,6.98514
63,0.531957,-7.36818,13.1822
59,0.531957,-7.36818,13.1822
63,0.992689,-1.10719,9.82698
59,0.992689,-1.10719,9.82698
63,1.98367,0.144175,8.72002
59,1.98367,0.144175,8.72002
63,7.02638,-1.91537,13.9362
59,7.02638,-1.91537,13.9362
63,3.80592,-2.3055,11.1886
59,3.80592,-2.3055,11.1886
63,3.4833,-0.1563,6.77758
59,3.4833,-0.1563,6.77758
63,-5.23826,-6.93467,13.1802
59,-5.23826,-6.93467,13.1802
63,2.34829,-0.108729,8.42298
59,2.34829,-0.108729,8.42298
63,-3.87743,-1.4138,9.50758
59,-3.87743,-1.4138,9.50758
63,-5.72324,-1.55716,7.92616
59,-5.72324,-1.55716,7.92616
63,-1.58897,-3.16256,9.73546
59,-1.58897,-3.16256,9.73546
63,6.1443,-1.82945,12.3047
59,6.1443,-1.82945,12.3047
63,-3.4356,-2.2513,9.69267
59,-3.4356,-2.2513,9.69267
63,2.43518,-0.462598,9.14502
57,2.43518,-0.462598,9.14502
63,4.00351,-5.8727,9.6877
57,4.00351,-5.8727,9.6877
63,6.26743,-0.439806,11.8444
57,6.26743,-0.439806,11.8444
63,-4.40894,-6.49333,11.1771
57,-4.40894,-6.49333,11.1771
63,5.38817,-0.00383054,8.21784
57,5.38817,-0.00383054,8.21784
63,3.49565,-2.37227,11.5077
57,3.49565,-2.37227,11.5077
63,4.33614,-6.29099,10.4084
57,4.33614,-6.29099,10.4084
63,-1.12463,-1.76842,9.01073
57,-1.12463,-1.76842,9.01073
63,-0.662414,-1.14021,8.3285
57,-0.662414,-1.14021,8.3285
63,-1.44876,-3.0366,9.76236
56,-1.44876,-3.0366,9.76236
63,2.26646,-3.29538,8.88065
56,2.26646,-3.29538,8.88065
63,1.98162,-1.54366,9.18053
56,1.98162,-1.54366,9.18053
63,1.96353,-1.52944,9.0912
56,1.96353,-1.52944,9.0912
63,-3.95195,-2.20769,11.722
56,-3.95195,-2.20769,11.722
63,0.373625,-5.40374,11.1432
56,0.373625,-5.40374,11.1432
63,1.27872,-2.90199,7.74518
56,1.27872,-2.90199,7.74518
63,-1.28689,-3.46912,9.69011
56,-1.28689,-3.46912,9.69011
63,-1.22166,-3.28869,9.18249
56,-1.22166,-3.28869,9.18249
64,-2.31317,0.268462,3.71598
64,-1.49005,0.389087,3.84086
64,-1.58662,0.566267,3.92549
64,-1.51877,0.396063,3.92374
64,-0.544705,0.77492,4.47226
64,-1.31841,0.969993,4.87484
64,-1.49041,-0.128044,4.87925
64,-1.53942,-0.180254,4.90309
64,-2.20223,-0.216031,4.97933
64,3.04427,0.319729,5.48756
64,-1.86524,-0.267087,5.14333
64,-2.94446,-0.325701,5.11226
64,-1.23975,0.116356,5.25983
64,-2.97139,-0.312162,5.14102
64,0.216823,1.07808,5.53888
64,-1.10835,1.27054,5.54998
64,-2.94686,-0.370861,5.37316
64,-1.13113,1.3091,5.65515
64,-1.28961,-0.382857,5.5948
64,-1.45903,-0.54563,5.83318
64,-2.04264,-0.643401,5.82643
64,-2.58377,-0.439704,5.81353
64,-2.02057,-0.692709,5.93869
64,0.555392,1.09636,6.23546
64,-1.093,1.03875,6.14556
64,-0.355687,1.15303,6.26583
64,0.108597,0.862034,6.28901
64,-1.06452,0.978645,6.27011
64,-1.07645,0.987161,6.28664
64,1.51739,0.686423,6.43801
64,-1.16364,0.471171,6.26783
64,-2.33753,-0.682546,6.14281
64,-0.437344,1.00771,6.39553
64,-0.428841,0.905059,6.41663
64,-0.347499,0.947609,6.47358
64,0.555894,0.495683,6.5404
64,-0.407692,0.932521,6.50982
64,-0.65013,1.02568,6.54155
64,-0.531589,0.50624,6.51509
64,1.23596,0.71557,6.68969
64,-0.589062,0.625891,6.66994
64,3.90294,-0.143236,6.94342
64,-1.82479,-0.78419,6.67608
64,0.562845,-3.37883,6.68819
64,0.897511,-0.0929191,6.74876
61,0.897511,-0.0929191,6.74876
64,2.7397,0.283481,8.73125
61,2.7397,0.283481,8.73125
64,-2.10128,-1.78677,9.63038
61,-2.10128,-1.78677,9.63038
64,-0.217607,-0.126315,9.25878
61,-0.217607,-0.126315,9.25878
64,-1.99138,-4.4788,10.9636
61,-1.99138,-4.4788,10.9636
64,-4.48632,-4.69405,11.5944
61,-4.48632,-4.69405,11.5944
64,1.55112,-3.50616,9.38981
61,1.55112,-3.50616,9.38981
64,1.19018,-2.88831,10.9497
61,1.19018,-2.88831,10.9497
64,4.08805,-4.24931,11.6437
61,4.08805,-4.24931,11.6437
64,-0.245102,0.611437,7.06724
61,-0.245102,0.611437,7.06724
64,1.87989,-0.401392,8.80376
61,1.87989,-0.401392,8.80376
64,0.0505145,-1.45191,10.1767
61,0.0505145,-1.45191,10.1767
64,-4.00072,-3.19351,11.476
61,-4.00072,-3.19351,11.476
64,-4.331,-4.52428,11.1295
61,-4.331,-4.52428,11.1295
64,-2.22999,-3.3753,8.03205
61,-2.22999,-3.3753,8.03205
64,-2.23108,-3.96033,9.9936
61,-2.23108,-3.96033,9.9936
64,0.917633,-1.72305,8.46978
61,0.917633,-1.72305,8.46978
64,1.14366,-2.79793,10.5652
61,1.14366,-2.79793,10.5652
64,3.82259,-4.00281,10.9058
61,3.82259,-4.00281,10.9058
64,2.6759,0.875124,8.27054
61,2.6759,0.875124,8.27054
64,1.57605,-3.55348,9.52794
61,1.57605,-3.55348,9.52794
64,2.51375,-2.76361,9.2673
61,2.51375,-2.76361,9.2673
64,2.56789,0.834935,8.13205
61,2.56789,0.834935,8.13205
64,-1.41289,-3.66156,9.73513
61,-1.41289,-3.66156,9.73513
64,-0.687072,-1.86199,9.90213
61,-0.687072,-1.86199,9.90213
64,0.221342,-1.13399,9.38492
61,0.221342,-1.13399,9.38492
64,5.17092,-3.73801,12.2697
61,5.17092,-3.73801,12.2697
64,3.28037,0.846691,7.15839
61,3.28037,0.846691,7.15839
64,-1.07506,-0.709088,6.23309
61,-1.07506,-0.709088,6.23309
64,2.47124,0.518725,5.38966
61,2.47124,0.518725,5.38966
64,-1.95043,-2.59747,10.88
61,-1.95043,-2.59747,10.88
64,-4.39558,-5.9069,11.1632
61,-4.39558,-5.9069,11.1632
64,-1.09762,-2.32709,10.2857
61,-1.09762,-2.32709,10.2857
64,1.06258,1.43398,7.56952
61,1.06258,1.43398,7.56952
64,7.76255,-6.53503,15.9278
61,7.76255,-6.53503,15.9278
64,2.99768,-9.00456,14.7798
61,2.99768,-9.00456,14.7798
64,-5.54482,-5.16291,9.12477
61,-5.54482,-5.16291,9.12477
64,-5.35179,-1.77269,9.20261
61,-5.35179,-1.77269,9.20261
64,0.584348,0.512406,6.57476
61,0.584348,0.512406,6.57476
64,-0.591481,-3.32978,9.15704
61,-0.591481,-3.32978,9.15704
64,-1.37468,-0.384746,5.85145
61,-1.37468,-0.384746,5.85145
64,-5.88947,-2.83109,8.18513
61,-5.88947,-2.83109,8.18513
64,6.755,-3.03874,13.7156
61,6.755,-3.03874,13.7156
64,5.25898,-8.17632,13.9212
61,5.25898,-8.17632,13.9212
64,2.60234,1.00463,7.16823
61,2.60234,1.00463,7.16823
64,-4.81335,-1.15215,6.60383
61,-4.81335,-1.15215,6.60383
64,-3.55222,-2.91397,9.46957
61,-3.55222,-2.91397,9.46957
64,1.07461,-1.09506,8.64695
61,1.07461,-1.09506,8.64695
64,8.04025,-4.26354,14.441
61,8.04025,-4.26354,14.441
64,4.21459,-0.448111,7.69339
61,4.21459,-0.448111,7.69339
64,-0.504514,-4.81507,8.3491
61,-0.504514,-4.81507,8.3491
64,4.21839,-1.19487,9.54083
61,4.21839,-1.19487,9.54083
64,1.60203,-1.53416,7.80109
61,1.60203,-1.53416,7.80109
64,1.10413,-1.82728,9.41991
61,1.10413,-1.82728,9.41991
64,6.1999,-1.56952,13.9066
61,6.1999,-1.56952,13.9066
64,1.93128,-1.70513,9.0972
61,1.93128,-1.70513,9.0972
64,-5.15796,-1.70194,12.4967
61,-5.15796,-1.70194,12.4967
64,-5.58381,-4.88904,12.6429
61,-5.58381,-4.88904,12.6429
64,-0.233752,-0.376552,9.45835
62,-0.233752,-0.376552,9.45835
64,1.44524,-0.206799,8.70968
62,1.44524,-0.206799,8.70968
64,-2.15033,-1.13791,9.84735
62,-2.15033,-1.13791,9.84735
64,-3.63361,-2.2098,9.92707
62,-3.63361,-2.2098,9.92707
64,0.16689,-5.09891,10.7667
62,0.16689,-5.09891,10.7667
64,1.26655,1.33763,8.01811
62,1.26655,1.33763,8.01811
64,2.01482,0.0562477,8.64505
62,2.01482,0.0562477,8.64505
64,3.74734,-4.41753,9.05495
62,3.74734,-4.41753,9.05495
64,0.464873,-5.07991,10.7194
62,0.464873,-5.07991,10.7194
64,3.48094,-5.17192,9.86928
62,3.48094,-5.17192,9.86928
64,1.61484,-3.33003,9.81854
62,1.61484,-3.33003,9.81854
64,-3.70345,-2.24087,10.111
62,-3.70345,-2.24087,10.111
64,-1.22119,-4.58222,10.2221
62,-1.22119,-4.58222,10.2221
64,-3.30838,-2.33571,10.8143
62,-3.30838,-2.33571,10.8143
64,-2.16213,-2.19506,10.0137
62,-2.16213,-2.19506,10.0137
64,1.58403,-0.422924,7.52852
62,1.58403,-0.422924,7.52852
64,0.188375,0.850585,4.46891
62,0.188375,0.850585,4.46891
64,-4.42455,-1.43585,10.7924
62,-4.42455,-1.43585,10.7924
64,-0.018714,-0.786043,9.44491
62,-0.018714,-0.786043,9.44491
64,1.52656,-3.19119,9.29
62,1.52656,-3.19119,9.29
64,-0.747835,-6.36607,11.3555
62,-0.747835,-6.36607,11.3555
64,-2.00694,-2.66078,11.1837
62,-2.00694,-2.66078,11.1837
64,-2.09358,-2.09866,9.4511
62,-2.09358,-2.09866,9.4511
64,-0.0289322,-0.795054,9.44277
62,-0.0289322,-0.795054,9.44277
64,-0.457259,-0.586657,7.96885
62,-0.457259,-0.586657,7.96885
64,8.73234,-7.9321,16.7532
62,8.73234,-7.9321,16.7532
64,6.88991,-8.03292,12.8308
62,6.88991,-8.03292,12.8308
64,3.19979,-6.88466,10.8818
62,3.19979,-6.88466,10.8818
64,1.02041,-3.79901,9.9868
62,1.02041,-3.79901,9.9868
64,-4.84343,-9.62921,15.7024
62,-4.84343,-9.62921,15.7024
64,-2.3406,-5.60924,11.5439
62,-2.3406,-5.60924,11.5439
64,0.513213,-0.98886,9.27034
62,0.513213,-0.98886,9.27034
64,1.08835,-1.06097,8.63024
62,1.08835,-1.06097,8.63024
64,0.0340066,-1.33189,8.89635
62,0.0340066,-1.33189,8.89635
64,-1.35596,-3.54513,9.4486
62,-1.35596,-3.54513,9.4486
64,7.48963,-8.67568,13.9166
62,7.48963,-8.67568,13.9166
64,5.11186,-2.99423,9.50935
62,5.11186,-2.99423,9.50935
64,-5.46232,-5.16266,13.0117
62,-5.46232,-5.16266,13.0117
64,-1.66429,-4.89864,7.77661
62,-1.66429,-4.89864,7.77661
64,1.11805,0.378932,6.49249
62,1.11805,0.378932,6.49249
64,1.94968,-0.427364,8.30105
62,1.94968,-0.427364,8.30105
64,1.43163,0.0587176,8.47543
62,1.43163,0.0587176,8.47543
64,5.1441,-3.02069,9.55463
62,5.1441,-3.02069,9.55463
64,-1.7668,-4.59059,7.48076
62,-1.7668,-4.59059,7.48076
64,-7.97836,-6.18642,10.5597
62,-7.97836,-6.18642,10.5597
64,-5.71347,-1.28205,7.83643
62,-5.71347,-1.28205,7.83643
64,-6.97246,-8.19134,14.5377
62,-6.97246,-8.19134,14.5377
64,-0.491206,-2.09738,11.469
62,-0.491206,-2.09738,11.469
64,1.20414,-0.206174,8.58315
62,1.20414,-0.206174,8.58315
64,-2.66551,-6.52363,13.6751
62,-2.66551,-6.52363,13.6751
64,-5.3816,-6.46607,12.2692
62,-5.3816,-6.46607,12.2692
64,-0.513064,0.447658,6.01456
62,-0.513064,0.447658,6.01456
64,2.06586,-3.17136,8.57122
62,2.06586,-3.17136,8.57122
64,0.932144,-1.01839,7.69704
62,0.932144,-1.01839,7.69704
64,0.585405,-0.970534,9.59698
62,0.585405,-0.970534,9.59698
64,-0.181349,-1.06617,8.96125
60,-0.181349,-1.06617,8.96125
64,2.59654,-3.28913,8.99452
60,2.59654,-3.28913,8.99452
64,-0.276541,0.784486,6.89191
60,-0.276541,0.784486,6.89191
64,2.47494,-0.092815,8.87717
60,2.47494,-0.092815,8.87717
64,0.507258,-1.00288,9.37433
60,0.507258,-1.00288,9.37433
64,-0.751443,-1.29358,9.3457
60,-0.751443,-1.29358,9.3457
64,-1.13517,-4.91619,9.40429
60,-1.13517,-4.91619,9.40429
64,0.481794,-0.975292,9.09811
60,0.481794,-0.975292,9.09811
64,-1.18931,-5.14474,9.86481
60,-1.18931,-5.14474,9.86481
64,-1.83775,-0.840209,6.69693
60,-1.83775,-0.840209,6.69693
64,0.78942,-1.02909,9.00522
60,0.78942,-1.02909,9.00522
64,-1.83257,-0.832387,6.64711
60,-1.83257,-0.832387,6.64711
64,6.08953,-2.25816,12.7394
60,6.08953,-2.25816,12.7394
64,4.42731,0.430663,9.08038
60,4.42731,0.430663,9.08038
64,2.36842,-1.56512,9.15759
60,2.36842,-1.56512,9.15759
64,11.1002,-6.95785,17.0318
60,11.1002,-6.95785,17.0318
64,-0.0108329,-0.843292,9.69567
60,-0.0108329,-0.843292,9.69567
64,1.92796,-0.417586,8.90044
60,1.92796,-0.417586,8.90044
64,1.34742,-0.363167,8.7176
58,1.34742,-0.363167,8.7176
64,3.20919,-2.00683,9.5255
58,3.20919,-2.00683,9.5255
64,0.836247,-1.33356,9.57774
58,0.836247,-1.33356,9.57774
64,1.46316,0.093212,8.84123
58,1.46316,0.093212,8.84123
64,-0.175045,-1.16316,9.51129
58,-0.175045,-1.16316,9.51129
64,0.705525,-1.56319,9.42389
58,0.705525,-1.56319,9.42389
64,-1.08089,-3.07425,9.51913
58,-1.08089,-3.07425,9.51913
64,2.24392,-1.55888,8.83519
58,2.24392,-1.55888,8.83519
64,1.99054,0.578583,8.53968
58,1.99054,0.578583,8.53968
64,2.13698,-1.49391,8.41765
58,2.13698,-1.49391,8.41765
64,-1.55371,-3.44659,10.5901
58,-1.55371,-3.44659,10.5901
64,2.15735,-0.402822,9.1858
59,2.15735,-0.402822,9.1858
64,2.08411,-1.44327,8.09021
59,2.08411,-1.44327,8.09021
64,1.68625,0.114294,8.75532
59,1.68625,0.114294,8.75532
64,0.622259,-6.3578,11.3291
59,0.622259,-6.3578,11.3291
64,-0.403534,0.883981,6.24804
59,-0.403534,0.883981,6.24804
64,-0.0460311,-4.43836,10.227
59,-0.0460311,-4.43836,10.227
64,-1.6923,-1.52185,9.16986
57,-1.6923,-1.52185,9.16986
64,0.505264,-1.04067,9.21143
57,0.505264,-1.04067,9.21143
64,-0.943188,-0.872303,8.79661
57,-0.943188,-0.872303,8.79661
64,-3.04769,-1.63164,11.2596
57,-3.04769,-1.63164,11.2596
64,-5.87411,-6.94836,12.1685
57,-5.87411,-6.94836,12.1685
64,-5.10489,-2.77146,10.1477
57,-5.10489,-2.77146,10.1477
64,-6.01102,-2.61973,10.3633
57,-6.01102,-2.61973,10.3633
64,-4.63763,-5.66351,10.0014
57,-4.63763,-5.66351,10.0014
64,-5.68436,-3.09778,11.7055
57,-5.68436,-3.09778,11.7055
64,-0.664039,-1.86638,9.95026
57,-0.664039,-1.86638,9.95026
64,2.45763,-1.49,8.95301
56,2.45763,-1.49,8.95301
64,1.47679,-3.13431,9.11424
55,1.47679,-3.13431,9.11424
64,-1.0952,-3.10818,9.67665
55,-1.0952,-3.10818,9.67665
65,-1.47568,3.36676,-1.92359
65,-1.71422,3.3168,-2.01865
65,-1.50942,3.40558,-1.9157
65,-1.17038,3.34107,-2.4317
65,-1.73314,3.35247,-2.39026
65,-2.2727,3.48891,-2.3994
65,-2.35271,3.62503,-2.61261
65,-0.564783,3.90067,-2.57385
65,2.78612,4.30785,-2.44204
65,-1.54667,4.21382,-1.93523
65,-0.11075,4.24819,-2.86409
65,-1.51876,4.49878,-1.86737
65,-1.62132,4.55981,-1.85879
65,-1.43404,4.23306,-2.98694
65,-2.26018,4.64607,-1.85547
65,0.151538,4.57686,-3.05933
65,-2.01457,4.82288,-1.84248
65,0.277995,4.57708,-3.20505
65,0.168467,4.62978,-3.10831
65,-1.95742,4.83522,-1.9562
65,-1.96359,4.90719,-1.89691
65,-2.02975,4.91519,-1.86518
65,-1.97479,4.89154,-1.96147
65,0.158996,4.68181,-3.14247
65,0.167331,4.70881,-3.16809
65,-1.06538,4.60507,-3.41079
65,-1.07108,4.62176,-3.37198
65,-1.05826,4.62714,-3.37745
65,3.10463,5.3799,-2.55898
65,-1.38694,5.29003,-1.90538
65,-1.91174,5.55148,-1.84596
65,0.402076,5.24278,-3.52952
65,-1.90603,5.63201,-1.82139
65,-3.0413,5.6109,-1.55436
65,-1.86927,5.62211,-1.89063
65,-1.94229,5.69123,-1.8426
65,-3.10356,5.71453,-1.59279
65,-2.14071,5.75159,-1.8042
65,-1.8791,5.72111,-2.00505
65,-1.12579,5.36974,-3.39784
65,-0.0982475,5.41564,-3.65727
65,0.00590187,5.57344,-3.31499
65,-1.7681,5.42361,-3.21016
65,-0.094625,5.49681,-3.50857
65,3.11387,5.94334,-3.28851
65,-2.49911,5.85113,-1.93318
65,0.728712,6.00005,-2.4625
65,-2.34026,5.95337,-1.73132
65,0.741669,6.02485,-2.49156
65,-2.43986,5.90677,-1.91189
65,-2.72377,5.91344,-1.89978
65,-0.49949,5.60253,-3.4097
65,1.47361,5.88941,-3.20833
65,-0.60268,5.56274,-3.49466
65,-0.496282,5.61201,-3.41596
65,-2.58093,6.04815,-1.84264
65,0.445808,5.95767,-3.06228
65,-0.502235,5.71477,-3.51058
65,1.48461,6.05666,-3.33308
65,1.44399,5.79216,-4.10947
65,-1.15864,6.17586,-2.32774
65,0.924031,5.65611,-4.33488
65,-1.14563,6.20571,-2.43261
65,1.58168,5.99804,-3.79397
65,-1.14677,6.27586,-2.42539
65,-0.339819,6.03607,-3.37678
65,-1.01487,6.09566,-3.31224
65,1.61274,6.06083,-4.19096
65,-1.92547,5.93401,-3.57199
65,2.37159,8.72935,-3.5422
63,2.37159,8.72935,-3.5422
65,-4.01308,10.7367,-2.57132
63,-4.01308,10.7367,-2.57132
65,1.03253,6.34831,-3.76965
63,1.03253,6.34831,-3.76965
65,-0.702207,8.09411,-3.3362
63,-0.702207,8.09411,-3.3362
65,-3.09706,10.1102,-2.73192
63,-3.09706,10.1102,-2.73192
65,-2.72491,9.81707,-3.13696
63,-2.72491,9.81707,-3.13696
65,-2.51491,9.88159,-2.80253
63,-2.51491,9.88159,-2.80253
65,-0.474831,9.57128,-2.7718
63,-0.474831,9.57128,-2.7718
65,-3.49369,9.84831,-2.75117
63,-3.49369,9.84831,-2.75117
65,1.46529,8.92309,-3.61689
63,1.46529,8.92309,-3.61689
65,-3.64617,12.8402,-1.89543
63,-3.64617,12.8402,-1.89543
65,2.35462,10.7224,-1.9949
63,2.35462,10.7224,-1.9949
65,0.226563,8.89805,-2.72409
63,0.226563,8.89805,-2.72409
65,3.44119,11.4502,-2.22398
63,3.44119,11.4502,-2.22398
65,1.37993,9.815,-3.03894
63,1.37993,9.815,-3.03894
65,1.3456,10.8856,-3.67819
63,1.3456,10.8856,-3.67819
65,1.31728,8.64811,-3.4232
63,1.31728,8.64811,-3.4232
65,1.96525,11.5823,0.904207
63,1.96525,11.5823,0.904207
65,2.70841,7.22419,-2.24137
63,2.70841,7.22419,-2.24137
65,3.19723,10.4605,-0.978152
63,3.19723,10.4605,-0.978152
65,2.88811,8.45852,-4.62982
63,2.88811,8.45852,-4.62982
65,2.64691,7.02989,-3.5679
63,2.64691,7.02989,-3.5679
65,-0.508691,8.12707,-3.38105
63,-0.508691,8.12707,-3.38105
65,1.92186,8.15413,-3.9886
63,1.92186,8.15413,-3.9886
65,-0.750237,10.5398,-0.472365
63,-0.750237,10.5398,-0.472365
65,-1.48486,10.8641,-0.510579
63,-1.48486,10.8641,-0.510579
65,1.83312,9.32561,-0.414238
63,1.83312,9.32561,-0.414238
65,1.73438,7.81176,-3.38951
63,1.73438,7.81176,-3.38951
65,-3.02642,9.82179,-2.65953
63,-3.02642,9.82179,-2.65953
65,-3.57269,11.2177,-2.61727
63,-3.57269,11.2177,-2.61727
65,0.571692,7.43469,-3.09834
63,0.571692,7.43469,-3.09834
65,-4.62485,11.5405,-0.321485
63,-4.62485,11.5405,-0.321485
65,-1.86038,10.7874,-0.56436
63,-1.86038,10.7874,-0.56436
65,-4.28229,12.0664,-2.27283
63,-4.28229,12.0664,-2.27283
65,0.905997,6.85669,-4.61374
63,0.905997,6.85669,-4.61374
65,0.830029,8.88712,-2.67382
63,0.830029,8.88712,-2.67382
65,2.01978,7.91454,-3.44417
63,2.01978,7.91454,-3.44417
65,1.63492,7.55957,-3.26727
63,1.63492,7.55957,-3.26727
65,-2.52142,9.77548,-2.69542
63,-2.52142,9.77548,-2.69542
65,-1.55231,9.93709,-2.23834
63,-1.55231,9.93709,-2.23834
65,-1.5153,9.92062,-2.19174
63,-1.5153,9.92062,-2.19174
65,-3.36139,10.5762,-2.48234
63,-3.36139,10.5762,-2.48234
65,3.42253,11.4469,-2.21869
63,3.42253,11.4469,-2.21869
65,-1.94047,3.31961,-1.98107
63,-1.94047,3.31961,-1.98107
65,-1.80789,10.5438,-0.542508
63,-1.80789,10.5438,-0.542508
65,-3.86477,13.7755,-2.04699
63,-3.86477,13.7755,-2.04699
65,3.31422,6.75865,-3.74798
63,3.31422,6.75865,-3.74798
65,-0.305766,5.16859,-3.60196
63,-0.305766,5.16859,-3.60196
65,0.926796,5.55832,-2.66697
63,0.926796,5.55832,-2.66697
65,-5.55576,12.1711,-0.605169
63,-5.55576,12.1711,-0.605169
65,-3.56158,12.7865,-1.82114
63,-3.56158,12.7865,-1.82114
65,10.0439,24.0095,0.352003
63,10.0439,24.0095,0.352003
65,-5.32896,11.5919,-0.514756
63,-5.32896,11.5919,-0.514756
65,-1.63196,3.43812,-2.2345
63,-1.63196,3.43812,-2.2345
65,3.46435,7.56914,-0.579407
63,3.46435,7.56914,-0.579407
65,-5.68226,7.22303,-1.98247
63,-5.68226,7.22303,-1.98247
65,3.36366,8.94453,-2.86512
63,3.36366,8.94453,-2.86512
65,4.13903,10.7581,-1.80977
63,4.13903,10.7581,-1.80977
65,4.46662,8.94002,-5.04421
63,4.46662,8.94002,-5.04421
65,2.84053,9.74063,-1.78114
63,2.84053,9.74063,-1.78114
65,0.831446,8.61108,-2.46339
63,0.831446,8.61108,-2.46339
65,-5.31849,6.81956,-1.8312
63,-5.31849,6.81956,-1.8312
65,-6.8438,9.0306,-0.142001
63,-6.8438,9.0306,-0.142001
65,-1.65077,9.83026,-0.46394
63,-1.65077,9.83026,-0.46394
65,1.917,8.14503,-3.9702
61,1.917,8.14503,-3.9702
65,1.62946,10.1566,-0.509328
61,1.62946,10.1566,-0.509328
65,-2.05697,11.636,-1.12663
61,-2.05697,11.636,-1.12663
65,1.89992,8.79116,-3.57227
61,1.89992,8.79116,-3.57227
65,-1.2009,8.27295,-3.35056
61,-1.2009,8.27295,-3.35056
65,1.02722,6.88436,-4.54103
61,1.02722,6.88436,-4.54103
65,0.366359,9.73336,-3.6724
61,0.366359,9.73336,-3.6724
65,-1.04687,11.2195,-0.338453
61,-1.04687,11.2195,-0.338453
65,-1.39881,10.4413,-0.602521
61,-1.39881,10.4413,-0.602521
65,-1.83206,4.2434,-2.13241
61,-1.83206,4.2434,-2.13241
65,-2.41685,8.40686,-0.225149
61,-2.41685,8.40686,-0.225149
65,1.94346,8.82159,-3.25975
61,1.94346,8.82159,-3.25975
65,-0.59843,13.2457,-1.99032
61,-0.59843,13.2457,-1.99032
65,2.04421,8.64788,-4.28374
61,2.04421,8.64788,-4.28374
65,3.04824,5.51455,-2.42444
61,3.04824,5.51455,-2.42444
65,-2.13391,11.801,-2.05509
61,-2.13391,11.801,-2.05509
65,-1.20267,6.19184,-2.20487
61,-1.20267,6.19184,-2.20487
65,-1.4433,9.73868,-2.00911
61,-1.4433,9.73868,-2.00911
65,-1.49752,10.1224,-2.99993
61,-1.49752,10.1224,-2.99993
65,2.51742,8.19539,-2.55922
61,2.51742,8.19539,-2.55922
65,5.42774,12.4622,-2.02914
61,5.42774,12.4622,-2.02914
65,1.50103,15.2154,0.313481
61,1.50103,15.2154,0.313481
65,4.00731,8.34724,-3.44761
61,4.00731,8.34724,-3.44761
65,1.02405,9.73937,-3.29603
61,1.02405,9.73937,-3.29603
65,1.50569,8.3025,-3.62584
61,1.50569,8.3025,-3.62584
65,-3.37088,9.5568,-2.34552
61,-3.37088,9.5568,-2.34552
65,-3.83422,10.0694,-1.94333
61,-3.83422,10.0694,-1.94333
65,3.20003,6.56377,-3.61364
61,3.20003,6.56377,-3.61364
65,1.91863,14.5233,1.76861
61,1.91863,14.5233,1.76861
65,-4.58355,11.5669,-1.44854
61,-4.58355,11.5669,-1.44854
65,-2.66504,5.55806,-2.00762
61,-2.66504,5.55806,-2.00762
65,-2.59314,10.1393,-2.82355
61,-2.59314,10.1393,-2.82355
65,9.65853,20.3436,0.434162
61,9.65853,20.3436,0.434162
65,-1.98277,4.12627,-2.78309
61,-1.98277,4.12627,-2.78309
65,-0.62848,6.06194,-3.86062
61,-0.62848,6.06194,-3.86062
65,-1.96295,11.6198,-0.626782
61,-1.96295,11.6198,-0.626782
65,1.10911,12.8738,1.45005
61,1.10911,12.8738,1.45005
65,8.61904,18.3545,0.408055
61,8.61904,18.3545,0.408055
65,0.376362,8.64725,-1.99815
61,0.376362,8.64725,-1.99815
65,0.182305,11.5633,0.590361
61,0.182305,11.5633,0.590361
65,-1.14381,4.17588,-3.30374
62,-1.14381,4.17588,-3.30374
65,-1.14219,9.58321,-3.51123
62,-1.14219,9.58321,-3.51123
65,-4.39611,12.4592,-2.3216
62,-4.39611,12.4592,-2.3216
65,-0.68397,4.00612,-2.83216
62,-0.68397,4.00612,-2.83216
65,-0.404142,5.03357,-3.50782
62,-0.404142,5.03357,-3.50782
65,1.20363,6.32317,-3.53246
62,1.20363,6.32317,-3.53246
65,1.39698,11.3619,-3.85195
62,1.39698,11.3619,-3.85195
65,0.455985,10.1774,-4.01411
62,0.455985,10.1774,-4.01411
65,-0.156181,0.718841,0.184136
62,-0.156181,0.718841,0.184136
65,1.53578,7.8435,-2.83673
62,1.53578,7.8435,-2.83673
65,-4.07615,10.2035,-2.05081
62,-4.07615,10.2035,-2.05081
65,1.58776,15.2833,-2.35204
62,1.58776,15.2833,-2.35204
65,-0.95542,10.5848,-4.52624
62,-0.95542,10.5848,-4.52624
65,1.87849,8.58272,-3.14268
62,1.87849,8.58272,-3.14268
65,1.03735,7.00963,-4.64815
62,1.03735,7.00963,-4.64815
65,-4.06874,10.158,-2.0246
62,-4.06874,10.158,-2.0246
65,-1.70173,9.29595,-1.52881
62,-1.70173,9.29595,-1.52881
65,1.11156,5.93222,-3.26257
62,1.11156,5.93222,-3.26257
65,-0.492334,9.71603,-3.75416
62,-0.492334,9.71603,-3.75416
65,3.12364,6.10678,-2.82448
62,3.12364,6.10678,-2.82448
65,-0.212761,8.66097,-2.26985
62,-0.212761,8.66097,-2.26985
65,-0.610048,10.2308,-3.06968
62,-0.610048,10.2308,-3.06968
65,2.82823,7.59051,-2.35575
62,2.82823,7.59051,-2.35575
65,-0.398625,12.3161,1.47843
62,-0.398625,12.3161,1.47843
65,8.14117,18.3094,-3.24932
62,8.14117,18.3094,-3.24932
65,-2.95843,9.28697,-2.50415
62,-2.95843,9.28697,-2.50415
65,-0.938265,12.0953,-0.637955
62,-0.938265,12.0953,-0.637955
65,2.42402,7.03171,-2.80595
62,2.42402,7.03171,-2.80595
65,-0.472565,8.26841,-3.06828
62,-0.472565,8.26841,-3.06828
65,0.47291,12.6515,-4.07078
62,0.47291,12.6515,-4.07078
65,-0.450271,9.31152,-2.78544
60,-0.450271,9.31152,-2.78544
65,-0.495594,10.0877,-3.04016
60,-0.495594,10.0877,-3.04016
65,4.62986,9.29875,-3.32564
60,4.62986,9.29875,-3.32564
65,1.61639,11.1593,-1.26227
60,1.61639,11.1593,-1.26227
65,1.93659,8.82875,-3.87169
60,1.93659,8.82875,-3.87169
65,1.59827,9.01636,-1.96088
60,1.59827,9.01636,-1.96088
65,-0.626642,5.76744,-3.55064
58,-0.626642,5.76744,-3.55064
65,2.42929,7.92834,-4.38257
58,2.42929,7.92834,-4.38257
65,-1.07228,8.95715,-3.22547
58,-1.07228,8.95715,-3.22547
65,-2.30022,10.0668,-2.23773
58,-2.30022,10.0668,-2.23773
65,-5.98525,13.2378,1.21457
58,-5.98525,13.2378,1.21457
65,-1.87601,11.0398,-1.06956
58,-1.87601,11.0398,-1.06956
65,-5.26386,7.24325,-1.44846
58,-5.26386,7.24325,-1.44846
65,-0.793633,9.43791,-3.3726
58,-0.793633,9.43791,-3.3726
65,-2.49498,12.0271,-2.20765
58,-2.49498,12.0271,-2.20765
65,-4.00877,10.0212,-2.01142
58,-4.00877,10.0212,-2.01142
65,-2.06453,5.6164,-1.82148
59,-2.06453,5.6164,-1.82148
65,4.16685,9.8319,-2.80676
59,4.16685,9.8319,-2.80676
65,-6.23915,15.7134,1.0959
59,-6.23915,15.7134,1.0959
65,0.999623,9.50663,-3.17046
59,0.999623,9.50663,-3.17046
65,-5.5477,9.65498,-0.513051
59,-5.5477,9.65498,-0.513051
65,-1.23363,8.84143,-2.85606
57,-1.23363,8.84143,-2.85606
65,2.3686,14.97,1.7701
57,2.3686,14.97,1.7701
65,-1.12259,9.79014,-2.81732
57,-1.12259,9.79014,-2.81732
65,6.54678,14.1029,-3.47634
57,6.54678,14.1029,-3.47634
65,-1.13808,10.8107,-2.75173
56,-1.13808,10.8107,-2.75173
65,-4.84725,11.5164,-0.375792
56,-4.84725,11.5164,-0.375792
66,-0.937942,4.01904,0.101832
66,-0.323864,3.18127,-2.40349
66,-1.47341,3.37226,-1.95697
66,-1.17388,3.23634,-2.44025
66,-1.48752,3.39358,-1.96701
66,-1.57701,3.37947,-2.14475
66,-1.34501,3.28937,-2.52521
66,-1.20135,3.3189,-2.5296
66,-1.78715,3.41692,-2.46004
66,-1.79023,3.43864,-2.48439
66,-1.58813,3.70888,-1.90313
66,-2.37063,3.52436,-2.24208
66,-2.29549,3.50355,-2.45658
66,-2.24553,3.54426,-2.52304
66,-0.55594,3.80701,-2.50492
66,-0.538421,3.82054,-2.52962
66,-1.42079,3.88659,-2.41641
66,-1.55537,4.10714,-1.93429
66,-1.31545,3.89927,-2.81506
66,-1.40744,4.13088,-2.93421
66,-1.5529,4.53943,-1.88697
66,-1.59385,4.53528,-1.89046
66,-1.55332,4.5621,-1.88002
66,-1.61605,4.56436,-1.86436
66,-1.41585,4.60973,-1.92634
66,-1.62219,4.62102,-1.86018
66,-1.55395,4.68559,-1.88209
66,0.164164,4.59013,-3.08202
66,-2.03103,4.82857,-1.86402
66,-1.9485,4.86815,-1.88083
66,2.81585,5.20581,-2.96341
66,2.8299,5.21294,-2.97336
66,2.83388,5.22223,-2.98505
66,-3.07814,4.85464,-1.90135
66,-1.10308,4.55235,-3.33524
66,-1.50917,5.22435,-1.84743
66,-1.36898,5.23392,-1.87946
66,-1.97054,5.29729,-1.78128
66,2.90777,5.4748,-3.09717
66,2.86063,5.507,-3.03052
66,-0.328651,4.93101,-3.37738
66,-1.88371,5.40219,-1.76561
66,2.83679,5.55976,-3.07838
66,-1.20504,5.38102,-2.25846
66,0.0213776,6.23213,-0.747702
66,-0.319555,5.14232,-3.57399
66,-2.75932,5.46188,-1.9745
66,-0.319759,5.15217,-3.58225
66,-3.11938,5.75296,-1.61279
66,0.0302497,5.51361,-3.29495
66,0.029069,5.52919,-3.28783
66,-2.37428,5.85272,-1.84899
66,-0.102096,5.44279,-3.69252
66,-0.0504466,5.5437,-3.60156
66,1.38843,5.87267,-3.43782
66,-2.38157,6.01621,-1.82258
66,3.04858,6.51892,-2.55645
66,-2.26925,6.08922,-1.83505
66,2.13221,5.86333,-3.88646
66,-0.621012,5.68206,-3.4712
66,-0.503804,5.69526,-3.48409
66,1.55479,6.07573,-3.26142
66,-0.721249,5.64525,-3.56957
66,-2.75885,6.0301,-1.94103
66,-0.49169,5.71826,-3.49013
66,1.47975,6.06928,-3.32247
66,-1.26256,6.25048,-1.96515
66,-1.1251,6.11902,-2.40038
66,-0.870603,5.84728,-3.19711
66,-0.970572,5.88535,-3.07633
66,-2.03325,6.22996,-1.8697
66,-1.13801,6.16346,-2.35872
66,-1.08166,6.16091,-2.40008
66,-0.901743,5.72835,-3.5457
66,-1.23881,6.32491,-1.97676
66,-1.04059,5.75936,-3.57821
66,-0.577569,5.79641,-3.69318
66,-1.07547,5.80091,-3.58556
66,1.53419,6.24091,-3.44249
66,3.15959,6.52196,-3.45919
66,1.97245,6.05751,-4.34888
66,1.11828,5.92747,-4.41597
66,-0.365457,6.17183,-3.46613
66,3.54342,6.81175,-3.21989
66,-0.555267,9.94266,-3.57838
64,-0.555267,9.94266,-3.57838
66,-0.537926,11.46,-3.05638
64,-0.537926,11.46,-3.05638
66,2.48964,10.6792,-0.581657
64,2.48964,10.6792,-0.581657
66,-3.8795,10.0467,-2.73822
64,-3.8795,10.0467,-2.73822
66,2.22136,8.21124,-3.29823
64,2.22136,8.21124,-3.29823
66,-3.20705,8.5044,-1.56632
64,-3.20705,8.5044,-1.56632
66,-5.25516,13.3832,-1.71013
64,-5.25516,13.3832,-1.71013
66,-3.17952,10.4913,-0.306875
64,-3.17952,10.4913,-0.306875
66,-2.57359,8.81093,-0.176996
64,-2.57359,8.81093,-0.176996
66,1.21408,10.4034,-2.94472
64,1.21408,10.4034,-2.94472
66,-0.250831,9.89275,-2.66395
64,-0.250831,9.89275,-2.66395
66,-0.699277,8.34858,-2.9667
64,-0.699277,8.34858,-2.9667
66,0.870625,7.70577,-0.287007
64,0.870625,7.70577,-0.287007
66,-1.83415,11.5816,-1.32571
64,-1.83415,11.5816,-1.32571
66,-4.93452,12.2666,-0.369042
64,-4.93452,12.2666,-0.369042
66,-0.344306,6.04498,-3.21506
64,-0.344306,6.04498,-3.21506
66,-3.20228,11.9754,-1.7325
64,-3.20228,11.9754,-1.7325
66,2.76884,8.11446,-4.43219
64,2.76884,8.11446,-4.43219
66,1.62458,12.0172,-0.743977
64,1.62458,12.0172,-0.743977
66,1.85651,9.23564,-3.43995
64,1.85651,9.23564,-3.43995
66,-1.75145,10.2394,-0.522951
64,-1.75145,10.2394,-0.522951
66,0.8079,10.0624,-2.13449
64,0.8079,10.0624,-2.13449
66,0.855226,6.45117,-3.74899
64,0.855226,6.45117,-3.74899
66,0.687165,8.49919,-3.61242
64,0.687165,8.49919,-3.61242
66,2.89092,8.21179,-3.39642
64,2.89092,8.21179,-3.39642
66,-1.27511,9.24805,-3.01234
64,-1.27511,9.24805,-3.01234
66,-0.46362,9.36675,-2.8111
64,-0.46362,9.36675,-2.8111
66,0.816906,6.20829,-3.59298
64,0.816906,6.20829,-3.59298
66,0.39395,9.06036,-3.37739
64,0.39395,9.06036,-3.37739
66,2.90085,5.59535,-3.07597
64,2.90085,5.59535,-3.07597
66,0.909808,7.93344,-3.12478
64,0.909808,7.93344,-3.12478
66,2.45444,7.84564,-3.62056
64,2.45444,7.84564,-3.62056
66,-1.82654,10.07,-1.70513
64,-1.82654,10.07,-1.70513
66,4.10919,9.39848,-4.3807
64,4.10919,9.39848,-4.3807
66,1.45637,5.59439,-3.49396
64,1.45637,5.59439,-3.49396
66,2.53004,10.8539,-0.587517
64,2.53004,10.8539,-0.587517
66,-5.48263,12.5577,-0.453194
64,-5.48263,12.5577,-0.453194
66,-5.36538,10.247,-0.513922
64,-5.36538,10.247,-0.513922
66,3.41416,6.95514,-3.89007
64,3.41416,6.95514,-3.89007
66,3.27919,6.76558,-3.48718
64,3.27919,6.76558,-3.48718
66,-1.87714,12.8777,0.880063
64,-1.87714,12.8777,0.880063
66,0.975056,6.14362,-3.43268
64,0.975056,6.14362,-3.43268
66,1.87085,10.1587,-0.55995
64,1.87085,10.1587,-0.55995
66,-5.00897,12.6263,0.922002
64,-5.00897,12.6263,0.922002
66,3.37126,6.94439,-3.57196
64,3.37126,6.94439,-3.57196
66,-2.56071,6.94517,-1.46844
64,-2.56071,6.94517,-1.46844
66,0.987309,6.21101,-3.46893
64,0.987309,6.21101,-3.46893
66,2.56703,8.2095,0.924931
64,2.56703,8.2095,0.924931
66,-1.82946,10.518,-0.981526
64,-1.82946,10.518,-0.981526
66,0.169884,13.0416,0.617126
64,0.169884,13.0416,0.617126
66,-1.55551,8.86498,-0.775391
64,-1.55551,8.86498,-0.775391
66,-6.22597,8.61135,-0.856788
64,-6.22597,8.61135,-0.856788
66,1.11378,8.19977,-3.25603
64,1.11378,8.19977,-3.25603
66,0.926169,9.26462,-2.68796
64,0.926169,9.26462,-2.68796
66,-4.94388,10.8619,-0.441754
64,-4.94388,10.8619,-0.441754
66,-3.45042,10.6919,-2.51514
63,-3.45042,10.6919,-2.51514
66,1.15119,8.9038,-3.58834
63,1.15119,8.9038,-3.58834
66,-1.15773,8.66956,-3.2578
63,-1.15773,8.66956,-3.2578
66,-1.46534,9.05038,-2.02452
63,-1.46534,9.05038,-2.02452
66,-0.347614,9.35681,-3.56691
63,-0.347614,9.35681,-3.56691
66,-0.46412,9.15294,-3.51334
63,-0.46412,9.15294,-3.51334
66,2.47414,8.55347,-3.64993
63,2.47414,8.55347,-3.64993
66,-3.79142,11.134,-0.474242
63,-3.79142,11.134,-0.474242
66,1.45346,5.59024,-3.81405
63,1.45346,5.59024,-3.81405
66,-3.84933,11.297,-0.483752
63,-3.84933,11.297,-0.483752
66,-2.51638,11.2031,0.3817
63,-2.51638,11.2031,0.3817
66,-4.099,9.00264,-0.36111
63,-4.099,9.00264,-0.36111
66,1.6701,9.78936,-2.1752
63,1.6701,9.78936,-2.1752
66,1.20452,8.78317,-1.85935
63,1.20452,8.78317,-1.85935
66,1.26292,9.17978,-1.95395
63,1.26292,9.17978,-1.95395
66,-1.87494,9.80791,-0.96057
63,-1.87494,9.80791,-0.96057
66,-3.29267,10.4022,-2.40655
63,-3.29267,10.4022,-2.40655
66,-5.95053,11.595,-1.87814
63,-5.95053,11.595,-1.87814
66,-2.7403,11.6275,-2.16972
63,-2.7403,11.6275,-2.16972
66,5.32912,12.3063,-2.64167
63,5.32912,12.3063,-2.64167
66,-3.21643,14.5905,1.31154
63,-3.21643,14.5905,1.31154
66,-1.42547,9.32318,-2.05419
63,-1.42547,9.32318,-2.05419
66,-3.30031,10.4261,-2.42672
63,-3.30031,10.4261,-2.42672
66,2.72734,11.7931,-1.10216
63,2.72734,11.7931,-1.10216
66,-5.88246,11.4636,-1.85246
63,-5.88246,11.4636,-1.85246
66,2.13449,8.32219,-1.48673
63,2.13449,8.32219,-1.48673
66,-6.16292,7.39723,-2.229
63,-6.16292,7.39723,-2.229
66,-5.80602,6.96211,-2.06147
63,-5.80602,6.96211,-2.06147
66,3.3849,11.4817,-2.20503
63,3.3849,11.4817,-2.20503
66,-2.15774,8.02346,-2.47355
63,-2.15774,8.02346,-2.47355
66,-0.0239557,9.31767,-2.73256
62,-0.0239557,9.31767,-2.73256
66,-2.67044,10.3051,-2.71856
62,-2.67044,10.3051,-2.71856
66,2.4918,7.5618,-4.36716
62,2.4918,7.5618,-4.36716
66,1.49377,5.80196,-4.43272
62,1.49377,5.80196,-4.43272
66,1.58259,13.3871,-0.744335
62,1.58259,13.3871,-0.744335
66,-2.7668,11.5505,-0.394331
62,-2.7668,11.5505,-0.394331
66,2.19271,9.60461,-1.01003
62,2.19271,9.60461,-1.01003
66,-1.53626,7.76989,-1.98799
62,-1.53626,7.76989,-1.98799
66,2.33178,10.1881,-1.08412
62,2.33178,10.1881,-1.08412
66,5.72567,13.1062,-2.15112
62,5.72567,13.1062,-2.15112
66,-4.79071,9.777,-3.15778
62,-4.79071,9.777,-3.15778
66,1.77337,7.59751,-3.69062
62,1.77337,7.59751,-3.69062
66,2.58186,8.35421,-2.63579
62,2.58186,8.35421,-2.63579
66,7.3193,18.0143,-2.02509
62,7.3193,18.0143,-2.02509
66,-4.41165,8.99124,-2.84346
62,-4.41165,8.99124,-2.84346
66,-6.18228,8.07443,-0.704409
62,-6.18228,8.07443,-0.704409
66,-5.99557,11.4538,-0.612365
62,-5.99557,11.4538,-0.612365
66,-0.482306,9.13865,-3.50974
62,-0.482306,9.13865,-3.50974
66,-4.26407,8.60413,-2.6705
62,-4.26407,8.60413,-2.6705
66,1.12548,8.73208,-3.49258
62,1.12548,8.73208,-3.49258
66,3.08839,8.82348,-1.32984
62,3.08839,8.82348,-1.32984
66,0.340704,9.47756,-2.96432
62,0.340704,9.47756,-2.96432
66,1.41533,8.82056,-2.66289
62,1.41533,8.82056,-2.66289
66,-1.69017,10.6235,-1.37922
61,-1.69017,10.6235,-1.37922
66,-3.73205,13.2601,-1.85586
61,-3.73205,13.2601,-1.85586
66,-1.46103,3.48864,-2.60547
61,-1.46103,3.48864,-2.60547
66,1.44499,5.61993,-4.2595
61,1.44499,5.61993,-4.2595
66,1.22092,11.0609,-0.822383
61,1.22092,11.0609,-0.822383
66,-0.676204,3.5282,-2.70226
61,-0.676204,3.5282,-2.70226
66,0.667584,6.22637,-3.20384
61,0.667584,6.22637,-3.20384
66,2.5852,7.83154,-3.58725
61,2.5852,7.83154,-3.58725
66,-1.37058,9.26495,-2.7245
61,-1.37058,9.26495,-2.7245
66,-3.70954,9.22903,-2.05182
61,-3.70954,9.22903,-2.05182
66,-0.413148,11.9398,-0.532997
61,-0.413148,11.9398,-0.532997
66,5.71685,12.21,-2.09145
61,5.71685,12.21,-2.09145
66,-0.50217,11.2166,-1.62054
61,-0.50217,11.2166,-1.62054
66,-2.44912,9.63334,-2.65722
61,-2.44912,9.63334,-2.65722
66,-3.95259,10.7303,-2.4969
61,-3.95259,10.7303,-2.4969
66,-2.25466,9.13736,-2.92453
61,-2.25466,9.13736,-2.92453
66,-0.448244,12.2621,-0.483216
61,-0.448244,12.2621,-0.483216
66,2.03918,7.75647,-3.10111
61,2.03918,7.75647,-3.10111
66,0.824189,6.31899,-4.29689
61,0.824189,6.31899,-4.29689
66,-2.32016,11.451,-3.07175
61,-2.32016,11.451,-3.07175
66,2.18195,9.49727,-1.62264
60,2.18195,9.49727,-1.62264
66,-0.443935,9.33358,-2.78535
60,-0.443935,9.33358,-2.78535
66,-0.449686,6.08715,-3.41813
60,-0.449686,6.08715,-3.41813
66,-1.12281,10.5979,-2.68911
60,-1.12281,10.5979,-2.68911
66,-1.99631,11.4486,-1.10183
60,-1.99631,11.4486,-1.10183
66,2.07398,9.13155,-2.09335
60,2.07398,9.13155,-2.09335
66,-1.05904,11.8056,-1.72795
60,-1.05904,11.8056,-1.72795
66,1.24539,10.6415,-3.01445
60,1.24539,10.6415,-3.01445
66,-0.894466,9.64278,-2.69886
60,-0.894466,9.64278,-2.69886
66,-2.04663,6.64452,-2.02264
60,-2.04663,6.64452,-2.02264
66,1.01163,9.63443,-2.31258
60,1.01163,9.63443,-2.31258
66,-0.60672,9.62461,-2.89874
60,-0.60672,9.62461,-2.89874
66,-1.18552,5.43227,-3.56415
60,-1.18552,5.43227,-3.56415
66,-3.30494,12.2553,1.08622
60,-3.30494,12.2553,1.08622
66,2.18957,9.77009,-0.817058
60,2.18957,9.77009,-0.817058
66,0.942138,7.88473,-0.36016
60,0.942138,7.88473,-0.36016
66,-0.472802,9.58106,-3.03311
60,-0.472802,9.58106,-3.03311
66,-1.09432,9.89716,-2.62001
58,-1.09432,9.89716,-2.62001
66,-1.67289,10.324,-0.979043
58,-1.67289,10.324,-0.979043
66,-5.96586,10.5967,-1.98395
58,-5.96586,10.5967,-1.98395
66,-1.49054,11.0392,-0.586193
58,-1.49054,11.0392,-0.586193
66,-1.55382,11.0587,-1.11947
58,-1.55382,11.0587,-1.11947
66,0.399493,8.77425,-2.02154
58,0.399493,8.77425,-2.02154
66,-2.27583,9.41546,-2.37789
59,-2.27583,9.41546,-2.37789
66,-0.507072,11.7089,-0.00585856
59,-0.507072,11.7089,-0.00585856
66,-6.6873,9.01039,-0.156666
59,-6.6873,9.01039,-0.156666
66,1.7323,9.46437,-0.501944
59,1.7323,9.46437,-0.501944
66,9.1832,21.9853,0.466974
59,9.1832,21.9853,0.466974
66,-3.58202,10.3757,-2.74734
57,-3.58202,10.3757,-2.74734
66,0.918775,11.6418,0.327213
57,0.918775,11.6418,0.327213
66,3.21354,10.4937,-0.971471
57,3.21354,10.4937,-0.971471
66,-5.66539,8.01616,-1.59931
57,-5.66539,8.01616,-1.59931
66,-3.99547,10.0015,-2.00567
56,-3.99547,10.0015,-2.00567
66,-1.5697,12.5493,-1.84013
56,-1.5697,12.5493,-1.84013
66,0.697553,9.67902,-2.1786
56,0.697553,9.67902,-2.1786
66,-7.56573,18.9688,1.26598
56,-7.56573,18.9688,1.26598
66,-2.55325,11.1564,-2.04142
56,-2.55325,11.1564,-2.04142
66,6.16431,13.9854,-2.41895
56,6.16431,13.9854,-2.41895
67,-1.50868,3.40517,-1.93476
67,-1.51611,3.41371,-1.9257
67,-1.58905,3.45415,-2.01492
67,-1.70261,3.32984,-2.37853
67,-0.0306053,3.67148,-2.42316
67,-2.02015,3.44089,-2.06674
67,-2.01969,3.44506,-2.06537
67,-2.02689,3.4582,-2.06909
67,-2.02973,3.46365,-2.06879
67,-2.23408,3.44651,-2.04939
67,-1.7443,3.46065,-2.24414
67,-2.40886,3.48299,-1.96042
67,-2.24818,3.44558,-2.35077
67,-1.60149,3.76917,-1.929
67,-2.28882,3.47352,-2.41706
67,-2.29896,3.48898,-2.42858
67,-0.557808,3.82362,-2.50909
67,-2.27212,3.55441,-2.5437
67,-0.548092,3.87414,-2.56259
67,-2.29665,3.57624,-2.54396
67,-2.38964,3.67989,-2.67086
67,-1.38723,4.06204,-2.85637
67,-1.39877,4.09072,-2.85995
67,-1.38956,4.15814,-2.95048
67,-2.12117,4.49907,-1.83754
67,-1.62317,4.60363,-1.86624
67,-2.14319,4.5435,-1.85306
67,-2.13016,4.70188,-1.8304
67,0.172633,4.65173,-3.13514
67,-2.05239,4.79003,-1.78854
67,-2.15508,4.74872,-1.84548
67,0.158299,4.69865,-3.16377
67,-1.27527,4.79227,-2.32242
67,0.167551,4.75623,-3.20414
67,0.161019,4.77059,-3.2149
67,-3.01341,4.74556,-1.83323
67,-3.05798,4.80852,-1.878
67,-1.36708,5.19842,-1.87167
67,-1.15108,4.62994,-3.42095
67,-3.00198,4.97639,-1.82189
67,-1.13902,4.7028,-3.44029
67,-3.08593,4.96793,-1.97461
67,-3.13682,5.04826,-2.0228
67,-1.8301,5.4773,-1.80997
67,-2.70828,5.36443,-1.94737
67,-2.61834,5.45099,-1.98386
67,-2.54767,5.50418,-1.942
67,-2.63019,5.49008,-1.99925
67,0.734117,5.96745,-2.50767
67,1.08036,5.7771,-3.16494
67,-1.11956,5.28396,-3.35918
67,-2.74372,5.54387,-1.99967
67,0.0332869,5.538,-3.32128
67,1.48242,5.90583,-3.24218
67,0.0252492,5.59969,-3.35961
67,-1.03467,5.43103,-3.31219
67,-1.12122,5.39181,-3.40505
67,-1.22485,5.99872,-1.86292
67,0.435194,5.88106,-3.01649
67,-1.20598,6.08229,-1.88561
67,0.00282359,5.78104,-3.22415
67,-0.493345,5.62241,-3.42473
67,-1.20403,6.11331,-1.90388
67,1.43827,5.99853,-3.5267
67,-3.17307,5.92382,-1.66743
67,1.52596,6.13249,-3.36875
67,-1.18306,5.53807,-3.6014
67,-0.508181,5.74786,-3.54505
67,-2.39762,6.10985,-1.79099
67,-1.13395,6.08997,-2.44282
67,0.664302,6.17208,-3.17582
67,-2.54859,6.11753,-1.81934
67,-2.59629,6.12655,-1.87145
67,1.69628,6.3277,-3.42139
67,-1.07055,5.7606,-3.55341
67,-0.582985,5.80833,-3.68122
67,1.11792,6.46893,-3.21344
67,1.65918,6.16873,-4.2842
67,-2.52354,6.36295,-1.91503
67,0.927749,6.35726,-3.59706
67,0.890629,6.48106,-3.45144
67,-0.680929,6.15519,-3.58776
67,0.880728,6.49949,-3.47571
67,-5.24691,5.00434,-4.32018
67,2.28783,8.44468,-3.40087
65,2.28783,8.44468,-3.40087
67,-1.78841,9.22217,-2.2003
65,-1.78841,9.22217,-2.2003
67,-2.24005,9.72474,-2.17792
65,-2.24005,9.72474,-2.17792
67,-1.58321,3.69991,-1.80257
65,-1.58321,3.69991,-1.80257
67,-1.84445,10.2379,-1.76157
65,-1.84445,10.2379,-1.76157
67,-0.666678,10.1657,-0.473468
65,-0.666678,10.1657,-0.473468
67,0.197977,4.21638,-2.90169
65,0.197977,4.21638,-2.90169
67,-3.50472,11.6229,-0.120999
65,-3.50472,11.6229,-0.120999
67,-4.47843,9.85589,-0.425381
65,-4.47843,9.85589,-0.425381
67,0.99222,10.7239,0.278916
65,0.99222,10.7239,0.278916
67,2.28512,10.2788,-1.75072
65,2.28512,10.2788,-1.75072
67,0.213632,4.37457,-3.03726
65,0.213632,4.37457,-3.03726
67,0.215558,8.48286,-2.5696
65,0.215558,8.48286,-2.5696
67,-1.87617,11.0023,-0.589009
65,-1.87617,11.0023,-0.589009
67,0.207102,4.4512,-3.09341
65,0.207102,4.4512,-3.09341
67,-1.98727,11.0485,-1.90259
65,-1.98727,11.0485,-1.90259
67,-2.28195,12.0644,-1.25393
65,-2.28195,12.0644,-1.25393
67,0.703536,9.44019,-2.80159
65,0.703536,9.44019,-2.80159
67,2.45776,7.9956,-2.48403
65,2.45776,7.9956,-2.48403
67,-6.23803,12.9078,1.26604
65,-6.23803,12.9078,1.26604
67,0.781462,6.11516,-4.06056
65,0.781462,6.11516,-4.06056
67,-6.86808,15.2464,-3.67991
65,-6.86808,15.2464,-3.67991
67,0.908154,8.83037,-2.9564
65,0.908154,8.83037,-2.9564
67,0.591024,7.52468,-2.55195
65,0.591024,7.52468,-2.55195
67,-2.22153,9.73799,-2.15258
65,-2.22153,9.73799,-2.15258
67,-3.88363,12.2481,-2.94066
65,-3.88363,12.2481,-2.94066
67,3.50779,7.40324,-3.00518
65,3.50779,7.40324,-3.00518
67,-0.517621,8.74386,-3.67022
65,-0.517621,8.74386,-3.67022
67,1.78997,9.82002,-0.529836
65,1.78997,9.82002,-0.529836
67,-1.80223,9.90767,-1.6675
65,-1.80223,9.90767,-1.6675
67,1.54432,14.8996,-2.28772
65,1.54432,14.8996,-2.28772
67,-3.89037,9.73084,-1.93074
65,-3.89037,9.73084,-1.93074
67,-6.06173,7.32106,-0.7699
65,-6.06173,7.32106,-0.7699
67,2.26875,8.77592,-3.84665
65,2.26875,8.77592,-3.84665
67,-0.547412,9.62177,-4.07047
65,-0.547412,9.62177,-4.07047
67,-1.7068,10.0689,-0.938668
65,-1.7068,10.0689,-0.938668
67,-3.54497,8.88583,-1.71822
65,-3.54497,8.88583,-1.71822
67,-6.30617,7.61908,-0.805154
65,-6.30617,7.61908,-0.805154
67,-6.60804,8.97336,-0.138111
65,-6.60804,8.97336,-0.138111
67,1.02634,6.86141,-4.58181
65,1.02634,6.86141,-4.58181
67,-2.32612,11.273,-2.02721
65,-2.32612,11.273,-2.02721
67,1.03788,9.95554,-2.8933
65,1.03788,9.95554,-2.8933
67,2.80456,9.72183,-1.81613
65,2.80456,9.72183,-1.81613
67,-3.95706,7.87941,-2.40755
65,-3.95706,7.87941,-2.40755
67,-2.34473,4.84536,-1.95255
65,-2.34473,4.84536,-1.95255
67,-2.97329,8.46,-1.47204
65,-2.97329,8.46,-1.47204
67,-0.490746,8.57802,-3.60623
65,-0.490746,8.57802,-3.60623
67,3.01686,10.3799,-1.95587
65,3.01686,10.3799,-1.95587
67,-0.391174,6.10455,-2.4166
65,-0.391174,6.10455,-2.4166
67,1.2124,11.6125,-3.46384
65,1.2124,11.6125,-3.46384
67,-1.6679,4.96294,-2.14178
65,-1.6679,4.96294,-2.14178
67,-3.06902,9.52848,-2.57043
65,-3.06902,9.52848,-2.57043
67,-5.44214,11.7436,-0.50467
65,-5.44214,11.7436,-0.50467
67,-2.56805,8.96061,-2.44904
66,-2.56805,8.96061,-2.44904
67,-3.72309,9.88205,-1.87854
66,-3.72309,9.88205,-1.87854
67,-5.27199,12.0022,-0.460434
66,-5.27199,12.0022,-0.460434
67,1.26982,9.77623,-0.553839
66,1.26982,9.77623,-0.553839
67,2.23761,9.74486,-2.26665
66,2.23761,9.74486,-2.26665
67,-0.60787,3.10481,-2.00042
66,-0.60787,3.10481,-2.00042
67,0.0655525,8.44203,-3.24053
66,0.0655525,8.44203,-3.24053
67,-5.56593,10.6623,-0.551588
66,-5.56593,10.6623,-0.551588
67,1.77148,12.1192,-1.37259
66,1.77148,12.1192,-1.37259
67,-1.80644,10.6294,-0.568202
66,-1.80644,10.6294,-0.568202
67,-1.08392,4.00857,-3.16065
66,-1.08392,4.00857,-3.16065
67,1.82772,11.3511,-3.91501
66,1.82772,11.3511,-3.91501
67,3.10688,7.96932,-4.3691
66,3.10688,7.96932,-4.3691
67,-0.936717,6.21353,-3.90601
66,-0.936717,6.21353,-3.90601
67,2.31074,10.0457,-0.521221
66,2.31074,10.0457,-0.521221
67,-5.26801,12.0857,-0.400149
66,-5.26801,12.0857,-0.400149
67,-1.23056,7.15696,-2.88206
66,-1.23056,7.15696,-2.88206
67,-2.96641,8.58091,-2.29713
66,-2.96641,8.58091,-2.29713
67,-0.756086,8.22141,-3.40651
66,-0.756086,8.22141,-3.40651
67,3.12279,14.3013,1.59809
66,3.12279,14.3013,1.59809
67,-0.588131,13.5386,-2.03258
66,-0.588131,13.5386,-2.03258
67,-6.41939,8.10841,-2.30372
66,-6.41939,8.10841,-2.30372
67,1.51393,8.5118,-0.41617
66,1.51393,8.5118,-0.41617
67,2.40104,15.1189,1.44852
66,2.40104,15.1189,1.44852
67,-1.85651,11.1728,-0.589528
66,-1.85651,11.1728,-0.589528
67,0.517407,7.38624,-1.45761
66,0.517407,7.38624,-1.45761
67,1.37047,13.5429,-2.05499
66,1.37047,13.5429,-2.05499
67,-1.74361,6.92668,-2.11588
66,-1.74361,6.92668,-2.11588
67,-6.13479,7.21218,0.0837126
66,-6.13479,7.21218,0.0837126
67,-6.18043,8.07735,-0.713207
66,-6.18043,8.07735,-0.713207
67,-2.67105,9.23107,-2.33929
66,-2.67105,9.23107,-2.33929
67,9.11121,23.2715,0.481493
66,9.11121,23.2715,0.481493
67,4.23346,10.4339,-2.86758
66,4.23346,10.4339,-2.86758
67,1.09848,11.9658,-1.76843
66,1.09848,11.9658,-1.76843
67,-6.14337,7.12508,-0.764813
66,-6.14337,7.12508,-0.764813
67,-6.06889,9.57656,-2.33446
66,-6.06889,9.57656,-2.33446
67,1.65967,7.80336,-1.72718
66,1.65967,7.80336,-1.72718
67,-3.23267,9.28465,-1.63069
66,-3.23267,9.28465,-1.63069
67,-6.19996,8.63754,0.0306283
66,-6.19996,8.63754,0.0306283
67,-0.444724,8.99712,-2.68792
64,-0.444724,8.99712,-2.68792
67,-4.09474,10.1727,-2.36377
64,-4.09474,10.1727,-2.36377
67,-3.0714,12.9163,-0.436753
64,-3.0714,12.9163,-0.436753
67,-0.445634,5.85808,-3.46959
64,-0.445634,5.85808,-3.46959
67,-0.297401,5.54802,-3.99226
64,-0.297401,5.54802,-3.99226
67,1.79529,8.07462,-3.53376
64,1.79529,8.07462,-3.53376
67,1.07375,6.59663,-4.10655
64,1.07375,6.59663,-4.10655
67,-0.291874,5.42635,-3.88682
64,-0.291874,5.42635,-3.88682
67,-0.642806,4.03356,-2.82655
64,-0.642806,4.03356,-2.82655
67,-1.00108,9.97465,-2.2481
64,-1.00108,9.97465,-2.2481
67,-1.43987,10.0853,-0.999147
64,-1.43987,10.0853,-0.999147
67,1.02963,6.34578,-3.54988
64,1.02963,6.34578,-3.54988
67,1.51296,8.15684,-4.05901
64,1.51296,8.15684,-4.05901
67,-0.499115,7.86014,-3.26207
64,-0.499115,7.86014,-3.26207
67,-1.14552,6.26957,-3.96056
64,-1.14552,6.26957,-3.96056
67,0.873487,8.64429,-2.48895
64,0.873487,8.64429,-2.48895
67,3.74272,11.0184,-0.907797
64,3.74272,11.0184,-0.907797
67,1.89045,8.48115,-3.70473
64,1.89045,8.48115,-3.70473
67,2.09717,9.29216,-0.467436
64,2.09717,9.29216,-0.467436
67,1.15975,10.0622,-0.453503
64,1.15975,10.0622,-0.453503
67,-2.26836,5.13564,0.00158528
64,-2.26836,5.13564,0.00158528
67,-0.538457,8.5779,-3.61567
64,-0.538457,8.5779,-3.61567
67,0.141941,9.84745,-3.83424
64,0.141941,9.84745,-3.83424
67,2.20249,11.4603,-0.654288
64,2.20249,11.4603,-0.654288
67,0.13478,9.50702,-3.69328
64,0.13478,9.50702,-3.69328
67,-1.13532,3.93478,-3.07216
63,-1.13532,3.93478,-3.07216
67,-1.85515,3.68135,-2.43914
63,-1.85515,3.68135,-2.43914
67,1.91355,11.2664,0.485187
63,1.91355,11.2664,0.485187
67,0.5028,5.37227,-3.26964
63,0.5028,5.37227,-3.26964
67,-1.70842,3.91583,-2.01163
63,-1.70842,3.91583,-2.01163
67,-1.78847,3.56014,-2.33706
63,-1.78847,3.56014,-2.33706
67,1.53468,9.7005,-0.493013
63,1.53468,9.7005,-0.493013
67,-5.13827,11.4655,-3.21142
63,-5.13827,11.4655,-3.21142
67,-2.27512,13.8016,1.20833
63,-2.27512,13.8016,1.20833
67,0.500672,5.42428,-3.31505
63,0.500672,5.42428,-3.31505
67,-6.01175,10.768,-3.40104
63,-6.01175,10.768,-3.40104
67,-1.11197,9.63044,-2.75756
63,-1.11197,9.63044,-2.75756
67,-5.3493,6.45226,-1.86345
63,-5.3493,6.45226,-1.86345
67,0.622245,8.12121,-3.44591
63,0.622245,8.12121,-3.44591
67,0.61272,8.00218,-3.38168
63,0.61272,8.00218,-3.38168
67,3.13068,7.08375,-3.33624
63,3.13068,7.08375,-3.33624
67,2.72474,10.0888,-4.15031
61,2.72474,10.0888,-4.15031
67,-3.5327,10.9393,-2.39606
61,-3.5327,10.9393,-2.39606
67,-0.304664,8.87928,-2.56677
61,-0.304664,8.87928,-2.56677
67,0.689775,9.02815,-1.88152
61,0.689775,9.02815,-1.88152
67,0.387977,10.1414,-0.680638
61,0.387977,10.1414,-0.680638
67,0.0754813,11.7421,1.29462
61,0.0754813,11.7421,1.29462
67,2.20568,8.20462,-3.29189
61,2.20568,8.20462,-3.29189
67,2.45476,6.22112,-3.6701
61,2.45476,6.22112,-3.6701
67,-2.46179,9.67385,-2.66991
61,-2.46179,9.67385,-2.66991
67,-0.401236,11.9149,-0.482671
61,-0.401236,11.9149,-0.482671
67,2.7124,7.81255,-3.18594
61,2.7124,7.81255,-3.18594
67,-1.74311,10.7234,-2.10205
62,-1.74311,10.7234,-2.10205
67,-1.01095,9.17145,-2.58546
62,-1.01095,9.17145,-2.58546
67,-3.45207,9.8172,-2.41949
62,-3.45207,9.8172,-2.41949
67,-0.343981,11.773,1.30301
62,-0.343981,11.773,1.30301
67,-0.704154,8.83484,-1.93823
62,-0.704154,8.83484,-1.93823
67,-2.27931,5.01795,-1.99693
62,-2.27931,5.01795,-1.99693
67,4.11369,9.10281,-4.43699
62,4.11369,9.10281,-4.43699
67,1.44381,13.8726,1.52571
62,1.44381,13.8726,1.52571
67,1.07141,5.81246,-3.88388
62,1.07141,5.81246,-3.88388
67,0.395918,9.06724,-2.08705
62,0.395918,9.06724,-2.08705
67,-1.35434,3.20914,-2.31266
62,-1.35434,3.20914,-2.31266
67,1.06496,8.18574,-3.22046
62,1.06496,8.18574,-3.22046
67,-0.211223,8.9553,-2.5924
60,-0.211223,8.9553,-2.5924
67,-0.234137,9.22521,-2.67513
60,-0.234137,9.22521,-2.67513
67,0.900357,10.6334,-2.28705
60,0.900357,10.6334,-2.28705
67,1.70312,8.63625,-3.17428
58,1.70312,8.63625,-3.17428
67,2.67388,7.8947,-4.27948
58,2.67388,7.8947,-4.27948
67,2.29431,5.85514,-3.41686
58,2.29431,5.85514,-3.41686
67,1.19346,11.7639,-1.73478
59,1.19346,11.7639,-1.73478
67,-6.2458,8.24942,-1.86857
59,-6.2458,8.24942,-1.86857
68,-1.5141,3.41795,-1.94495
68,-1.41334,3.35892,-2.47336
68,-2.33759,3.386,-1.88858
68,-2.00385,3.41758,-2.02608
68,-2.29689,3.39622,-2.10778
68,-2.3618,3.46619,-1.943
68,-1.75379,3.45056,-2.50386
68,-2.31987,3.47419,-2.15952
68,-2.24801,3.45335,-2.45275
68,-3.17886,3.41453,-2.06456
68,-1.65034,3.83402,-1.90835
68,-0.566035,3.84891,-2.52629
68,-3.16259,3.44861,-2.12568
68,-1.3697,4.08376,-2.87608
68,-1.61705,4.58082,-1.86578
68,-1.39188,4.15352,-3.18235
68,-4.26635,3.7293,-2.95313
68,-1.56236,4.74106,-1.91272
68,0.164588,4.81338,-3.24094
68,-1.93544,4.94021,-1.72
68,-2.36411,4.85288,-1.90411
68,-0.847133,4.67311,-3.36558
68,-1.90211,5.07889,-1.82087
68,-1.36477,5.18783,-1.85681
68,-1.93516,5.09431,-1.84744
68,-1.8594,5.48429,-1.74502
68,-1.86415,5.53705,-1.76967
68,-1.84024,5.49584,-1.93793
68,0.206564,5.3992,-3.37269
68,0.0282914,5.42902,-3.2264
68,1.05574,5.73588,-3.1349
68,-2.16328,5.57955,-1.78581
68,-2.01267,5.70043,-1.71318
68,-1.14295,5.27337,-3.3921
68,1.04715,5.87923,-3.09347
68,-0.651498,5.59469,-2.9099
68,0.0126164,5.60559,-3.37276
68,-0.0495417,5.57071,-3.43581
68,0.036408,5.62283,-3.35368
68,1.4973,5.98768,-3.29128
68,-2.18153,5.81604,-1.77816
68,-1.13931,5.41904,-3.43573
68,1.54486,6.09226,-3.24799
68,-1.23898,6.01777,-1.89295
68,1.55994,6.10059,-3.27738
68,0.596025,6.09326,-2.77934
68,-2.07521,5.93438,-1.76873
68,-0.619125,5.59842,-3.51688
68,1.07763,6.18251,-3.03368
68,-0.505703,5.68924,-3.4948
68,-1.21068,6.15211,-1.91675
68,-0.503095,5.70639,-3.48049
68,-0.601771,5.65535,-3.56788
68,-1.22497,6.15561,-1.91409
68,-0.954978,5.79664,-3.03418
68,0.618261,6.21357,-2.84489
68,-0.717245,5.65042,-3.56277
68,-0.498747,5.72533,-3.50281
68,-0.496233,5.71386,-3.60705
68,-1.58553,5.61484,-3.33799
68,-1.18306,6.26766,-1.94
68,-3.28472,5.9218,-1.68477
68,-1.18189,6.31211,-1.94526
68,-1.9631,7.13031,0.484199
68,1.10624,6.40142,-3.18254
68,-2.59992,6.1218,-1.87344
68,0.855491,6.5461,-2.73351
68,-2.80258,6.05059,-1.94888
68,-0.345232,6.10246,-3.435
68,-1.28033,6.4525,-2.02388
68,-2.7435,6.2238,-1.89881
68,-0.350482,6.1581,-3.46805
68,0.855369,6.25951,-4.20649
68,-1.03227,6.20378,-3.29863
68,-1.12052,6.52043,-2.54943
68,-0.977481,6.26172,-3.31047
68,1.06618,6.3416,-4.27631
68,2.76399,6.79614,-4.07152
68,-0.403687,6.32962,-3.50694
68,3.4483,7.0139,-3.93872
68,0.902121,6.53744,-3.85535
68,-4.1581,11.0362,-2.1461
66,-4.1581,11.0362,-2.1461
68,-1.64022,11.7237,-0.562131
66,-1.64022,11.7237,-0.562131
68,-0.894437,9.81464,-2.74563
66,-0.894437,9.81464,-2.74563
68,0.393222,8.83181,-3.2826
66,0.393222,8.83181,-3.2826
68,1.50771,5.76503,-3.95729
66,1.50771,5.76503,-3.95729
68,-3.57236,12.7084,-0.0245102
66,-3.57236,12.7084,-0.0245102
68,-1.61539,11.548,-0.541789
66,-1.61539,11.548,-0.541789
68,0.636774,8.76313,-3.72236
66,0.636774,8.76313,-3.72236
68,-0.248058,9.78363,-2.62347
66,-0.248058,9.78363,-2.62347
68,-2.48902,5.84782,-1.94931
66,-2.48902,5.84782,-1.94931
68,2.44287,7.86119,-3.46827
66,2.44287,7.86119,-3.46827
68,2.97355,11.2699,-2.16468
66,2.97355,11.2699,-2.16468
68,2.7736,11.121,-2.07996
66,2.7736,11.121,-2.07996
68,-2.41044,10.069,-1.83135
66,-2.41044,10.069,-1.83135
68,-2.26322,12.0321,-1.24497
66,-2.26322,12.0321,-1.24497
68,1.05007,6.22994,-4.19331
66,1.05007,6.22994,-4.19331
68,-1.36177,9.3086,-2.71744
66,-1.36177,9.3086,-2.71744
68,-5.34918,13.1353,-0.416202
66,-5.34918,13.1353,-0.416202
68,-1.51573,10.0368,-2.23114
66,-1.51573,10.0368,-2.23114
68,-2.13846,9.39508,-2.06226
66,-2.13846,9.39508,-2.06226
68,-0.565859,12.7984,-1.89475
66,-0.565859,12.7984,-1.89475
68,-5.3196,13.0722,-0.404851
66,-5.3196,13.0722,-0.404851
68,-6.63643,10.7515,-2.0799
66,-6.63643,10.7515,-2.0799
68,-6.43116,7.49897,-0.815401
66,-6.43116,7.49897,-0.815401
68,1.85682,7.90111,-3.85276
66,1.85682,7.90111,-3.85276
68,4.15219,12.5705,1.3028
66,4.15219,12.5705,1.3028
68,1.70809,9.39868,-0.482089
66,1.70809,9.39868,-0.482089
68,-1.9854,8.92274,-2.28655
66,-1.9854,8.92274,-2.28655
68,-4.84541,9.73872,-3.11255
66,-4.84541,9.73872,-3.11255
68,-2.23378,8.37972,-2.5384
66,-2.23378,8.37972,-2.5384
68,3.80836,12.7374,-2.46635
66,3.80836,12.7374,-2.46635
68,-6.50715,14.2025,-0.665848
66,-6.50715,14.2025,-0.665848
68,-0.65639,10.1351,-0.460047
64,-0.65639,10.1351,-0.460047
68,-0.872229,9.02291,-2.63914
64,-0.872229,9.02291,-2.63914
68,-1.5948,4.66217,-2.00174
64,-1.5948,4.66217,-2.00174
68,0.755929,9.08319,-3.89472
64,0.755929,9.08319,-3.89472
68,-0.0583684,12.5619,0.380115
64,-0.0583684,12.5619,0.380115
68,1.06322,6.56881,-3.70333
64,1.06322,6.56881,-3.70333
68,-5.85924,13.1934,1.0213
64,-5.85924,13.1934,1.0213
68,-7.1958,15.1898,1.61459
64,-7.1958,15.1898,1.61459
68,-1.4403,10.0897,-0.98945
64,-1.4403,10.0897,-0.98945
68,0.887713,8.6333,-3.52773
64,0.887713,8.6333,-3.52773
68,0.937985,9.21045,-2.67824
64,0.937985,9.21045,-2.67824
68,0.562966,9.10517,-2.7217
64,0.562966,9.10517,-2.7217
68,-0.554857,10.2619,-3.68683
64,-0.554857,10.2619,-3.68683
68,2.05089,9.07621,-2.10275
64,2.05089,9.07621,-2.10275
68,3.0346,10.1198,-2.34499
64,3.0346,10.1198,-2.34499
68,3.70033,10.2914,-1.02563
64,3.70033,10.2914,-1.02563
68,-6.42305,9.04359,-0.264126
64,-6.42305,9.04359,-0.264126
68,0.702911,8.74028,-3.71126
64,0.702911,8.74028,-3.71126
68,3.19212,10.7674,-2.05034
64,3.19212,10.7674,-2.05034
68,-1.80702,10.6543,-0.553682
64,-1.80702,10.6543,-0.553682
68,-6.19335,8.27476,0.870743
64,-6.19335,8.27476,0.870743
68,-3.69972,9.56379,-1.83374
64,-3.69972,9.56379,-1.83374
68,3.09679,10.1338,-0.927253
64,3.09679,10.1338,-0.927253
68,1.14086,6.05319,-3.32765
64,1.14086,6.05319,-3.32765
68,-0.811783,10.6688,-2.42073
64,-0.811783,10.6688,-2.42073
68,0.144075,9.96079,-3.86532
64,0.144075,9.96079,-3.86532
68,2.93253,9.90663,-2.25359
64,2.93253,9.90663,-2.25359
68,-4.16238,10.3335,0.759134
64,-4.16238,10.3335,0.759134
68,-4.6146,10.0672,-2.8297
64,-4.6146,10.0672,-2.8297
68,-1.57755,9.87889,-2.22804
65,-1.57755,9.87889,-2.22804
68,-3.22499,11.3816,-1.62342
65,-3.22499,11.3816,-1.62342
68,-1.6888,4.78211,-1.98815
65,-1.6888,4.78211,-1.98815
68,-2.02288,10.8892,-1.1872
65,-2.02288,10.8892,-1.1872
68,-0.645622,6.0547,-3.76613
65,-0.645622,6.0547,-3.76613
68,-1.06464,9.19506,-2.89074
65,-1.06464,9.19506,-2.89074
68,2.18702,12.6992,0.970226
65,2.18702,12.6992,0.970226
68,0.805373,15.0318,1.94219
65,0.805373,15.0318,1.94219
68,0.524856,14.2064,1.838
65,0.524856,14.2064,1.838
68,2.36389,10.5998,-1.80751
65,2.36389,10.5998,-1.80751
68,1.36313,7.66381,-3.28456
65,1.36313,7.66381,-3.28456
68,-2.26613,8.81011,-2.37822
65,-2.26613,8.81011,-2.37822
68,-4.43502,10.6223,-2.87504
65,-4.43502,10.6223,-2.87504
68,0.910221,9.54644,-2.90078
65,0.910221,9.54644,-2.90078
68,-2.31053,8.99396,-2.43098
65,-2.31053,8.99396,-2.43098
68,-2.89667,12.7912,1.29243
65,-2.89667,12.7912,1.29243
68,-1.8631,11.0295,-1.06549
65,-1.8631,11.0295,-1.06549
68,-3.49011,12.5564,-1.77175
65,-3.49011,12.5564,-1.77175
68,1.27276,10.9143,-0.505037
65,1.27276,10.9143,-0.505037
68,-1.51602,3.15685,-1.98072
65,-1.51602,3.15685,-1.98072
68,-2.37069,10.7947,0.777853
65,-2.37069,10.7947,0.777853
68,-5.44482,6.66828,-1.37139
65,-5.44482,6.66828,-1.37139
68,-5.0406,14.3626,-2.76791
65,-5.0406,14.3626,-2.76791
68,2.9746,8.00296,-2.51156
65,2.9746,8.00296,-2.51156
68,0.394219,3.40841,-1.55058
63,0.394219,3.40841,-1.55058
68,-0.464643,9.91954,-2.89289
63,-0.464643,9.91954,-2.89289
68,-0.399082,11.3145,-0.527524
63,-0.399082,11.3145,-0.527524
68,-3.92693,11.1434,-2.78381
63,-3.92693,11.1434,-2.78381
68,-5.75271,8.18563,-2.45973
63,-5.75271,8.18563,-2.45973
68,1.91205,8.56965,-3.75736
63,1.91205,8.56965,-3.75736
68,2.04372,12.0279,0.511045
63,2.04372,12.0279,0.511045
68,0.625501,14.2069,1.75274
63,0.625501,14.2069,1.75274
68,2.62669,10.1098,-1.89555
63,2.62669,10.1098,-1.89555
68,-6.86809,15.2085,1.43498
63,-6.86809,15.2085,1.43498
68,1.47202,9.16938,-2.80368
63,1.47202,9.16938,-2.80368
68,-0.968994,5.50191,-2.07465
63,-0.968994,5.50191,-2.07465
68,0.946083,9.03659,-2.63818
62,0.946083,9.03659,-2.63818
68,-1.04118,9.43562,-2.66404
62,-1.04118,9.43562,-2.66404
68,-3.69062,12.5249,0.334652
62,-3.69062,12.5249,0.334652
68,-5.88796,13.1231,-3.0637
62,-5.88796,13.1231,-3.0637
68,1.33131,12.9242,-1.92075
62,1.33131,12.9242,-1.92075
68,2.25263,8.37108,-3.34946
62,2.25263,8.37108,-3.34946
68,-3.52725,11.9801,0.322739
62,-3.52725,11.9801,0.322739
68,-3.64238,11.1797,1.31442
62,-3.64238,11.1797,1.31442
68,-1.71658,3.72704,-2.07454
62,-1.71658,3.72704,-2.07454
68,0.820598,9.49228,-3.34422
62,0.820598,9.49228,-3.34422
68,0.3984,9.12254,-2.08813
62,0.3984,9.12254,-2.08813
68,-5.39942,10.2459,0.933847
62,-5.39942,10.2459,0.933847
68,1.16568,8.94001,-3.55574
62,1.16568,8.94001,-3.55574
68,2.13205,8.79926,-3.276
61,2.13205,8.79926,-3.276
68,2.16787,12.244,1.60904
61,2.16787,12.244,1.60904
68,3.463,11.5407,-2.2505
61,3.463,11.5407,-2.2505
68,-9.19602,16.2702,1.67002
61,-9.19602,16.2702,1.67002
68,-5.25496,16.4185,1.86196
61,-5.25496,16.4185,1.86196
68,2.59572,12.1239,1.40679
61,2.59572,12.1239,1.40679
68,-4.02,9.97209,-2.06125
61,-4.02,9.97209,-2.06125
68,-1.06623,11.1329,-2.54657
60,-1.06623,11.1329,-2.54657
68,-2.38262,15.908,1.95009
60,-2.38262,15.908,1.95009
68,-3.69413,10.3915,-2.21625
60,-3.69413,10.3915,-2.21625
68,-2.32746,10.5375,-2.34077
60,-2.32746,10.5375,-2.34077
68,0.265097,9.26346,-2.77657
58,0.265097,9.26346,-2.77657
68,2.02632,9.1729,-2.10335
58,2.02632,9.1729,-2.10335
68,0.877052,9.52327,-2.87501
58,0.877052,9.52327,-2.87501
68,2.12754,8.41219,-3.67881
58,2.12754,8.41219,-3.67881
68,-1.16968,8.72641,-3.03071
59,-1.16968,8.72641,-3.03071
68,-0.87279,9.23417,-2.55548
59,-0.87279,9.23417,-2.55548
68,-1.93948,11.0465,-1.05359
59,-1.93948,11.0465,-1.05359
69,-1.52493,3.42137,-1.93403
69,-2.32873,3.35762,-1.8801
69,-2.3177,3.36688,-1.86649
69,-2.3276,3.36981,-1.87856
69,-2.36813,3.43854,-1.92007
69,-2.36937,3.43944,-1.93238
69,-2.14443,3.36209,-2.35389
69,-2.24287,3.46742,-2.0633
69,-2.214,3.39634,-2.4008
69,-1.60608,3.73502,-1.93836
69,-1.66493,3.80718,-1.92638
69,-2.90412,3.50585,-1.89673
69,-1.63556,3.84134,-1.9031
69,-1.63889,3.8446,-1.90592
69,-2.99706,3.53957,-1.93832
69,-1.6433,3.96708,-1.94017
69,-1.5375,4.1453,-1.91847
69,-1.39002,4.05482,-2.80506
69,-1.61707,4.62875,-1.88279
69,-1.62217,4.63505,-1.88117
69,-1.97052,4.68518,-1.78845
69,-2.04497,4.66781,-1.86583
69,-2.31553,4.68553,-1.72902
69,-2.00681,4.80051,-1.84497
69,-1.36958,5.21123,-1.87551
69,-1.93909,5.12881,-1.80024
69,-0.866212,4.79466,-3.49216
69,-1.95427,5.19692,-1.82662
69,-3.0507,4.94725,-1.9483
69,-3.04331,4.94676,-1.97664
69,-3.08226,4.96912,-1.98335
69,-3.16275,4.96013,-1.95793
69,-3.14786,4.97255,-1.95636
69,-3.0961,4.99593,-2.00104
69,-1.82267,5.44357,-1.72228
69,-0.643061,5.37145,-2.75267
69,-3.05137,5.06246,-1.9018
69,-0.648515,5.41,-2.7709
69,-1.97722,5.44846,-1.7483
69,0.0156217,5.46551,-3.22723
69,-0.00475633,5.45466,-3.24863
69,1.04052,5.8442,-3.08358
69,-1.49873,5.69941,-1.82664
69,-1.72811,5.74346,-1.75188
69,-0.0451467,5.54644,-3.50382
69,-0.0944715,5.47843,-3.72127
69,-2.61981,5.49838,-1.93153
69,-1.14754,5.34952,-3.41217
69,-2.18898,5.70178,-1.80104
69,-2.32412,5.74691,-1.81329
69,-1.14257,5.44534,-3.45689
69,-0.709127,5.54897,-3.48595
69,-1.57542,5.44681,-3.23008
69,1.03634,6.20002,-3.07738
69,-2.19774,5.83811,-1.78438
69,-1.56678,5.5005,-3.23861
69,-2.32724,5.85085,-1.88213
69,-1.21186,6.14609,-1.92413
69,-2.35579,5.91193,-1.76659
69,-1.23271,6.15289,-1.92953
69,0.914028,6.28135,-3.12922
69,-2.73397,5.79257,-1.93022
69,-1.22429,6.19791,-1.94082
69,-1.57842,5.58758,-3.31977
69,-0.50027,5.79208,-3.53963
69,-0.504654,5.78625,-3.55919
69,0.90176,6.22379,-3.45416
69,0.675723,6.27276,-3.23506
69,-6.31772,5.76194,0.259588
69,1.11255,6.44312,-3.17219
69,-0.681665,5.87126,-3.51753
69,-1.04508,5.76998,-3.59072
69,-1.07456,5.77189,-3.56815
69,0.78173,6.09323,-4.04031
69,-2.12686,6.16401,-1.8563
69,0.539689,6.33395,-3.34487
69,-1.27431,6.38063,-2.01881
69,0.998166,6.51728,-3.28809
69,-1.61336,6.34992,-1.94188
69,-6.49146,5.93784,0.259239
69,-5.1862,6.48714,0.769469
69,0.838326,6.35276,-3.8498
69,-5.94011,6.20919,0.37562
69,-6.42708,5.67833,-0.816575
69,-6.27134,5.36247,-2.10308
69,-5.34904,6.6952,0.786207
69,0.576781,6.65954,-3.54895
69,-6.45507,5.61532,-1.60266
69,-6.6559,5.86603,-0.847938
69,-0.362038,6.49654,-3.62544
69,-1.11272,6.69351,-2.61589
69,-1.32319,9.27518,-2.58714
67,-1.32319,9.27518,-2.58714
69,1.76947,11.1199,-3.83192
67,1.76947,11.1199,-3.83192
69,-0.438015,8.69744,-3.30641
67,-0.438015,8.69744,-3.30641
69,-0.918378,8.51019,-3.55297
67,-0.918378,8.51019,-3.55297
69,0.665994,9.40105,-2.11817
67,0.665994,9.40105,-2.11817
69,1.37229,8.89873,-3.55443
67,1.37229,8.89873,-3.55443
69,1.03948,6.69171,-3.74951
67,1.03948,6.69171,-3.74951
69,-4.09289,10.9008,-2.11734
67,-4.09289,10.9008,-2.11734
69,-0.525229,12.1475,-1.81481
67,-0.525229,12.1475,-1.81481
69,1.74951,12.0274,-1.36239
67,1.74951,12.0274,-1.36239
69,-0.239873,10.3469,-2.80687
67,-0.239873,10.3469,-2.80687
69,0.73149,8.81193,-3.76579
67,0.73149,8.81193,-3.76579
69,-5.96174,11.1906,-1.76596
67,-5.96174,11.1906,-1.76596
69,1.53125,14.2485,-2.19456
67,1.53125,14.2485,-2.19456
69,-6.0423,9.77702,-1.84963
67,-6.0423,9.77702,-1.84963
69,-1.74405,8.77418,0.220031
67,-1.74405,8.77418,0.220031
69,-0.20907,11.5022,-3.16366
67,-0.20907,11.5022,-3.16366
69,-1.05334,10.6778,-2.43062
67,-1.05334,10.6778,-2.43062
69,-1.73983,10.1893,-0.522423
67,-1.73983,10.1893,-0.522423
69,2.09627,9.34894,-2.16132
67,2.09627,9.34894,-2.16132
69,2.231,8.53012,-3.74393
67,2.231,8.53012,-3.74393
69,2.24438,8.33407,-3.34608
67,2.24438,8.33407,-3.34608
69,1.65789,9.88252,-3.0506
67,1.65789,9.88252,-3.0506
69,-1.96238,7.487,-1.95542
67,-1.96238,7.487,-1.95542
69,-2.03356,10.5767,-1.05407
67,-2.03356,10.5767,-1.05407
69,-0.800496,11.1064,-2.54225
67,-0.800496,11.1064,-2.54225
69,-6.30646,10.0195,-2.44633
67,-6.30646,10.0195,-2.44633
69,-1.42261,9.19873,-2.00125
67,-1.42261,9.19873,-2.00125
69,1.1523,10.5336,-3.15515
67,1.1523,10.5336,-3.15515
69,-6.41697,9.04146,-2.06727
67,-6.41697,9.04146,-2.06727
69,-4.60307,12.1997,-2.42854
67,-4.60307,12.1997,-2.42854
69,-1.89035,8.11573,-1.71932
67,-1.89035,8.11573,-1.71932
69,1.59347,10.286,-3.51036
67,1.59347,10.286,-3.51036
69,1.59632,9.03922,-0.460619
67,1.59632,9.03922,-0.460619
69,-2.12843,3.63703,-2.23265
67,-2.12843,3.63703,-2.23265
69,-6.09967,8.02935,-0.0165887
67,-6.09967,8.02935,-0.0165887
69,-6.22776,6.43817,-0.776787
67,-6.22776,6.43817,-0.776787
69,-6.41123,8.3977,-0.756289
67,-6.41123,8.3977,-0.756289
69,0.462817,9.80926,-2.27887
67,0.462817,9.80926,-2.27887
69,-7.02526,7.39007,0.397288
67,-7.02526,7.39007,0.397288
69,-6.06666,7.89547,-0.665887
67,-6.06666,7.89547,-0.665887
69,1.10873,10.5036,-3.10713
67,1.10873,10.5036,-3.10713
69,0.768155,9.63806,-2.0429
67,0.768155,9.63806,-2.0429
69,-6.1905,6.08541,-1.95997
67,-6.1905,6.08541,-1.95997
69,2.56198,9.89273,-1.84778
67,2.56198,9.89273,-1.84778
69,0.916181,7.67784,-3.00839
67,0.916181,7.67784,-3.00839
69,2.23069,7.47073,-2.29611
67,2.23069,7.47073,-2.29611
69,2.87478,9.9468,-1.86384
67,2.87478,9.9468,-1.86384
69,-6.7359,7.0063,-1.88119
67,-6.7359,7.0063,-1.88119
69,-0.908778,13.3111,-0.772385
67,-0.908778,13.3111,-0.772385
69,3.54492,11.8771,-2.28842
67,3.54492,11.8771,-2.28842
69,0.642712,7.65161,-2.10662
67,0.642712,7.65161,-2.10662
69,-3.72471,7.99229,-0.236925
67,-3.72471,7.99229,-0.236925
69,-5.59857,13.8585,-0.455279
64,-5.59857,13.8585,-0.455279
69,0.606377,9.15833,-2.76241
64,0.606377,9.15833,-2.76241
69,1.00029,7.85522,-0.348546
64,1.00029,7.85522,-0.348546
69,1.84429,10.5828,-2.35006
64,1.84429,10.5828,-2.35006
69,-2.99937,9.78779,-2.63118
64,-2.99937,9.78779,-2.63118
69,-2.48799,11.7711,-2.13192
64,-2.48799,11.7711,-2.13192
69,-7.10003,9.6577,-0.968593
64,-7.10003,9.6577,-0.968593
69,-1.89533,9.69214,-2.5668
64,-1.89533,9.69214,-2.5668
69,-0.433672,12.9768,1.54727
64,-0.433672,12.9768,1.54727
69,-5.15472,13.6658,-2.04418
64,-5.15472,13.6658,-2.04418
69,-5.93137,7.91818,0.874711
64,-5.93137,7.91818,0.874711
69,-0.222619,9.92072,-2.66624
64,-0.222619,9.92072,-2.66624
69,1.81126,10.4077,-2.28617
64,1.81126,10.4077,-2.28617
69,2.49852,9.70807,-1.79961
64,2.49852,9.70807,-1.79961
69,-1.77394,8.82313,-2.27275
64,-1.77394,8.82313,-2.27275
69,-6.27725,13.8084,1.34642
64,-6.27725,13.8084,1.34642
69,2.70088,9.33639,-2.09622
64,2.70088,9.33639,-2.09622
69,-0.765879,7.74446,-1.63166
64,-0.765879,7.74446,-1.63166
69,-1.554,9.59565,-2.17299
63,-1.554,9.59565,-2.17299
69,0.581031,10.4471,-2.45558
63,0.581031,10.4471,-2.45558
69,-2.42306,10.4779,-1.92394
63,-2.42306,10.4779,-1.92394
69,-1.98315,13.7484,0.090793
63,-1.98315,13.7484,0.090793
69,-4.04479,11.7422,0.674592
63,-4.04479,11.7422,0.674592
69,-4.40225,12.7541,0.749082
63,-4.40225,12.7541,0.749082
69,-3.1167,13.2269,-0.333756
63,-3.1167,13.2269,-0.333756
69,-0.0947909,13.2856,1.43284
63,-0.0947909,13.2856,1.43284
69,1.306,9.48189,-2.03285
63,1.306,9.48189,-2.03285
69,2.25432,10.2459,-1.73853
63,2.25432,10.2459,-1.73853
69,-2.19708,8.55961,-2.31026
63,-2.19708,8.55961,-2.31026
69,-2.19562,8.56421,-2.30132
63,-2.19562,8.56421,-2.30132
69,-7.40043,16.3606,1.53071
63,-7.40043,16.3606,1.53071
69,-3.39803,12.2432,-1.75984
63,-3.39803,12.2432,-1.75984
69,1.48136,10.4984,-2.33791
63,1.48136,10.4984,-2.33791
69,-4.52564,11.9807,-1.70164
63,-4.52564,11.9807,-1.70164
69,-4.46805,11.8429,-1.65737
63,-4.46805,11.8429,-1.65737
69,-3.79727,5.16359,-1.32155
63,-3.79727,5.16359,-1.32155
69,-1.02022,9.45547,-2.68186
63,-1.02022,9.45547,-2.68186
69,-4.1306,10.3018,-2.37083
66,-4.1306,10.3018,-2.37083
69,-1.01514,8.52391,-3.28032
66,-1.01514,8.52391,-3.28032
69,-5.07955,13.8038,-2.0695
66,-5.07955,13.8038,-2.0695
69,1.09743,6.71373,-3.80253
66,1.09743,6.71373,-3.80253
69,-1.81406,9.3519,-2.46973
66,-1.81406,9.3519,-2.46973
69,-2.34614,9.79349,-1.76948
66,-2.34614,9.79349,-1.76948
69,2.32928,10.1229,-0.52369
66,2.32928,10.1229,-0.52369
69,-1.98551,8.93438,-2.28793
66,-1.98551,8.93438,-2.28793
69,-0.792659,8.71205,-3.27751
65,-0.792659,8.71205,-3.27751
69,1.82096,8.47433,-3.4267
65,1.82096,8.47433,-3.4267
69,-6.3765,8.5424,-2.44409
65,-6.3765,8.5424,-2.44409
69,0.793344,9.66388,-3.39554
65,0.793344,9.66388,-3.39554
69,-5.53406,6.64241,-1.94257
65,-5.53406,6.64241,-1.94257
69,-5.06474,14.4287,-2.78635
65,-5.06474,14.4287,-2.78635
69,-1.13737,10.4193,-0.555296
62,-1.13737,10.4193,-0.555296
69,-1.86685,11.9493,0.274499
62,-1.86685,11.9493,0.274499
69,1.27754,12.4364,-1.84763
62,1.27754,12.4364,-1.84763
69,-2.68135,12.9649,-0.284044
62,-2.68135,12.9649,-0.284044
69,1.8121,15.268,-0.883103
62,1.8121,15.268,-0.883103
69,1.14152,8.77357,-3.48787
62,1.14152,8.77357,-3.48787
69,-4.78977,10.2765,-3.17079
61,-4.78977,10.2765,-3.17079
69,-1.45451,9.47315,-2.11281
61,-1.45451,9.47315,-2.11281
69,-2.10357,4.80414,-1.84658
61,-2.10357,4.80414,-1.84658
69,-4.73506,11.8076,0.787274
61,-4.73506,11.8076,0.787274
69,0.121371,11.2564,-0.305059
61,0.121371,11.2564,-0.305059
69,-1.76293,8.92263,-2.31212
61,-1.76293,8.92263,-2.31212
69,-6.82551,10.7981,-2.66139
61,-6.82551,10.7981,-2.66139
69,2.23821,11.3234,-0.573937
60,2.23821,11.3234,-0.573937
69,-0.606421,9.45954,-2.84449
60,-0.606421,9.45954,-2.84449
69,0.774361,10.1082,-2.35517
60,0.774361,10.1082,-2.35517
69,-2.16262,9.88544,-2.15951
60,-2.16262,9.88544,-2.15951
69,-0.406043,9.2889,-2.86021
58,-0.406043,9.2889,-2.86021
69,0.906617,9.43296,-2.04076
58,0.906617,9.43296,-2.04076
69,0.980298,10.144,-2.15405
59,0.980298,10.144,-2.15405
69,-5.65003,10.8321,-0.964958
59,-5.65003,10.8321,-0.964958
69,-0.959465,9.64016,-2.71315
59,-0.959465,9.64016,-2.71315
70,-0.656546,1.7291,0.317335
70,-0.597679,1.99408,0.291781
70,-1.51427,3.44283,-1.94738
70,-1.52282,3.45636,-1.96806
70,-1.60354,3.42688,-2.2377
70,-1.64243,3.52905,-1.94928
70,-1.65395,3.53835,-1.96688
70,-1.99647,3.40608,-2.01834
70,-2.36786,3.44337,-1.93211
70,-1.60835,3.74199,-1.93632
70,-1.6093,3.74732,-1.95086
70,-1.60785,3.75291,-1.95213
70,-1.2009,5.08073,0.526482
70,-1.39366,4.07332,-2.81393
70,-1.49875,4.45154,-1.86822
70,-1.98345,4.3322,-1.80548
70,-1.619,4.54751,-1.85052
70,-1.6022,4.55415,-1.84822
70,-1.61098,4.61112,-1.87132
70,-1.62186,4.62102,-1.87194
70,-1.6156,4.62225,-1.8777
70,-1.33017,4.6503,-2.38271
70,-2.10935,4.63295,-1.79112
70,-2.04619,4.69182,-1.78073
70,-2.00731,4.73837,-1.78139
70,-1.93302,4.76224,-1.92474
70,-1.88092,4.8596,-1.90007
70,-2.34947,4.83857,-1.89413
70,-0.0487924,5.30656,-2.74414
70,-1.36784,5.23509,-1.88283
70,1.0079,5.60803,-3.03668
70,-0.675323,5.25844,-2.66563
70,-1.83904,5.31653,-1.75303
70,0.712884,5.96847,-2.43386
70,1.47889,5.91924,-3.23796
70,-0.00576508,5.43232,-3.20995
70,-1.95546,5.38543,-1.72742
70,0.00250846,5.4683,-3.25729
70,-3.12779,4.92711,-1.92436
70,-1.83895,5.4781,-1.73922
70,0.0919086,5.6691,-3.0133
70,-3.02536,5.03698,-1.94899
70,-0.165657,5.46071,-3.50304
70,-1.14773,5.14963,-3.47918
70,-0.0454237,5.5253,-3.58459
70,-0.117672,5.60682,-3.36839
70,-0.108763,5.63301,-3.39312
70,-1.15389,5.43327,-3.47094
70,-0.504662,5.67912,-3.45261
70,-2.56943,5.56237,-1.97293
70,-1.77862,5.90708,-1.8194
70,-0.511569,5.69615,-3.49864
70,-1.14145,5.49623,-3.48469
70,-1.57533,5.45684,-3.21954
70,-2.75953,5.54934,-2.00674
70,1.11101,6.43362,-3.18849
70,1.08712,6.44123,-3.20159
70,-1.98894,6.3961,-0.698389
70,1.15284,6.51415,-3.25998
70,-2.36439,5.90597,-1.77193
70,-0.910026,5.73017,-3.53656
70,-0.498293,5.84636,-3.60062
70,-1.23837,6.24584,-1.95747
70,-2.39493,6.01013,-1.81017
70,-2.72019,5.87862,-1.94085
70,-2.73101,5.89652,-1.93523
70,-2.39876,6.09008,-1.79544
70,-2.77818,6.04659,-1.94562
70,-6.78003,5.71443,0.638789
70,-6.11683,4.94395,-2.02889
70,-1.68144,6.49755,-1.95793
70,-6.41163,5.06305,-1.53975
70,-1.13362,6.47941,-2.54019
70,-1.13899,6.5283,-2.52214
70,-6.47122,5.12278,-1.60121
70,-1.09902,6.67916,-2.58552
70,-6.75206,5.30333,-1.66711
70,-6.72404,5.66493,-0.876579
70,-1.64554,8.32895,-2.60995
68,-1.64554,8.32895,-2.60995
70,1.17812,10.9051,-3.3803
68,1.17812,10.9051,-3.3803
70,-1.37526,10.0051,-1.87823
68,-1.37526,10.0051,-1.87823
70,-0.502645,8.16146,-3.38416
68,-0.502645,8.16146,-3.38416
70,-1.02663,8.41345,-3.49438
68,-1.02663,8.41345,-3.49438
70,-2.26523,6.9542,-1.43632
68,-2.26523,6.9542,-1.43632
70,-0.717963,5.65714,-3.56995
68,-0.717963,5.65714,-3.56995
70,-6.07895,10.9733,-1.99237
68,-6.07895,10.9733,-1.99237
70,-4.69916,10.1867,-2.97815
68,-4.69916,10.1867,-2.97815
70,-6.23588,9.926,-2.42445
68,-6.23588,9.926,-2.42445
70,-4.97389,12.3274,-0.3522
68,-4.97389,12.3274,-0.3522
70,-1.73299,11.668,-2.21984
68,-1.73299,11.668,-2.21984
70,-3.68345,9.94285,-3.00947
68,-3.68345,9.94285,-3.00947
70,-6.23588,9.926,-2.42445
68,-6.23588,9.926,-2.42445
70,-5.69919,10.9099,-0.985944
68,-5.69919,10.9099,-0.985944
70,-1.85478,10.04,0.394999
68,-1.85478,10.04,0.394999
70,0.287635,9.56845,-2.95582
68,0.287635,9.56845,-2.95582
70,1.90408,8.69338,-1.9715
68,1.90408,8.69338,-1.9715
70,1.60783,13.3814,-3.038
68,1.60783,13.3814,-3.038
70,-0.762436,10.7393,-2.45598
68,-0.762436,10.7393,-2.45598
70,-0.665853,15.8555,1.83624
68,-0.665853,15.8555,1.83624
70,-5.48785,8.86129,-1.63117
68,-5.48785,8.86129,-1.63117
70,-1.69181,8.36599,-2.145
68,-1.69181,8.36599,-2.145
70,-0.953675,10.37,-2.96836
68,-0.953675,10.37,-2.96836
70,-2.34971,9.19469,-2.50692
68,-2.34971,9.19469,-2.50692
70,0.950187,9.31077,-2.7215
68,0.950187,9.31077,-2.7215
70,2.01396,9.82294,-3.68628
68,2.01396,9.82294,-3.68628
70,2.29347,9.15891,-1.67203
68,2.29347,9.15891,-1.67203
70,1.69264,9.43394,-0.496338
68,1.69264,9.43394,-0.496338
70,1.26743,9.88576,-0.52755
68,1.26743,9.88576,-0.52755
70,-2.58087,9.67947,-2.99717
68,-2.58087,9.67947,-2.99717
70,-2.25464,8.78355,-2.36284
68,-2.25464,8.78355,-2.36284
70,1.51161,8.68886,-0.42235
68,1.51161,8.68886,-0.42235
70,-1.70372,9.91442,-0.472337
68,-1.70372,9.91442,-0.472337
70,-6.38517,6.14045,-2.2105
68,-6.38517,6.14045,-2.2105
70,-6.0848,14.2127,-0.494872
68,-6.0848,14.2127,-0.494872
70,-8.42244,9.30059,0.0871593
68,-8.42244,9.30059,0.0871593
70,-6.62348,6.52125,-2.13669
68,-6.62348,6.52125,-2.13669
70,-5.38482,8.67046,-1.5834
68,-5.38482,8.67046,-1.5834
70,-6.81201,15.9218,-0.62563
68,-6.81201,15.9218,-0.62563
70,-6.39613,6.90699,-0.434189
68,-6.39613,6.90699,-0.434189
70,-6.92138,7.24482,0.391614
68,-6.92138,7.24482,0.391614
70,1.87952,10.1041,-0.537674
68,1.87952,10.1041,-0.537674
70,-2.07441,9.2382,-1.99386
68,-2.07441,9.2382,-1.99386
70,-6.49373,15.1442,-0.562545
68,-6.49373,15.1442,-0.562545
70,0.22814,14.1279,0.631504
68,0.22814,14.1279,0.631504
70,2.66939,11.3127,-2.73399
68,2.66939,11.3127,-2.73399
70,-6.55427,6.41811,-2.131
68,-6.55427,6.41811,-2.131
70,-2.00975,8.90818,-1.89957
68,-2.00975,8.90818,-1.89957
70,-2.2361,4.76623,-1.98615
67,-2.2361,4.76623,-1.98615
70,-4.19799,10.4435,-2.43112
67,-4.19799,10.4435,-2.43112
70,-2.25166,8.94793,-2.43015
67,-2.25166,8.94793,-2.43015
70,-1.1911,6.06151,-2.45378
67,-1.1911,6.06151,-2.45378
70,0.902417,10.759,-2.32305
67,0.902417,10.759,-2.32305
70,0.672409,8.37326,-3.5458
67,0.672409,8.37326,-3.5458
70,-4.18292,10.9779,-3.03529
67,-4.18292,10.9779,-3.03529
70,-1.76538,3.53066,-2.3072
67,-1.76538,3.53066,-2.3072
70,0.0986757,9.88563,-0.647983
67,0.0986757,9.88563,-0.647983
70,-0.124212,5.92512,-3.1231
67,-0.124212,5.92512,-3.1231
70,1.13357,6.83448,-4.10359
67,1.13357,6.83448,-4.10359
70,-2.23527,8.87983,-2.4054
67,-2.23527,8.87983,-2.4054
70,-1.88305,11.1777,-0.601269
67,-1.88305,11.1777,-0.601269
70,0.136773,10.6691,-0.7292
67,0.136773,10.6691,-0.7292
70,1.4683,8.01869,-3.97745
67,1.4683,8.01869,-3.97745
70,-6.17012,15.6625,1.11041
67,-6.17012,15.6625,1.11041
70,-1.9945,8.63184,-1.85451
67,-1.9945,8.63184,-1.85451
70,-1.93101,10.7168,-1.84603
67,-1.93101,10.7168,-1.84603
70,-2.00725,11.229,-1.9394
67,-2.00725,11.229,-1.9394
70,2.52398,9.82635,-1.83466
67,2.52398,9.82635,-1.83466
70,-1.99321,9.05587,-2.31505
67,-1.99321,9.05587,-2.31505
70,0.84844,7.30468,-2.83008
67,0.84844,7.30468,-2.83008
70,1.20287,9.02022,-3.64045
67,1.20287,9.02022,-3.64045
70,-6.86317,7.31042,-0.9164
67,-6.86317,7.31042,-0.9164
70,-0.744105,10.843,-0.513886
64,-0.744105,10.843,-0.513886
70,-1.06768,12.472,-0.776388
64,-1.06768,12.472,-0.776388
70,-5.5732,10.8565,-0.656867
64,-5.5732,10.8565,-0.656867
70,-0.309841,12.4352,0.436813
64,-0.309841,12.4352,0.436813
70,0.919309,12.8029,-1.92027
64,0.919309,12.8029,-1.92027
70,0.594055,9.02187,-2.71369
64,0.594055,9.02187,-2.71369
70,-1.92122,5.06521,-1.83694
64,-1.92122,5.06521,-1.83694
70,-2.28339,9.006,-2.4245
64,-2.28339,9.006,-2.4245
70,2.21774,9.6507,-2.28024
64,2.21774,9.6507,-2.28024
70,1.82972,10.5122,-2.3334
64,1.82972,10.5122,-2.3334
70,-0.416808,12.3554,1.48981
64,-0.416808,12.3554,1.48981
70,-3.44818,11.7395,-0.353279
64,-3.44818,11.7395,-0.353279
70,0.937747,13.0277,-1.9644
64,0.937747,13.0277,-1.9644
70,-1.11912,7.72855,-3.07544
64,-1.11912,7.72855,-3.07544
70,1.7389,10.0375,-2.19937
64,1.7389,10.0375,-2.19937
70,-6.47759,8.49099,-2.36776
64,-6.47759,8.49099,-2.36776
70,-6.70671,12.951,-2.14132
64,-6.70671,12.951,-2.14132
70,-1.96503,10.504,-1.24206
64,-1.96503,10.504,-1.24206
70,-1.58145,9.84425,-2.23992
66,-1.58145,9.84425,-2.23992
70,-0.675811,8.1298,-3.18004
66,-0.675811,8.1298,-3.18004
70,-0.0061109,9.41707,-3.26455
66,-0.0061109,9.41707,-3.26455
70,-3.33769,11.2189,-0.192413
66,-3.33769,11.2189,-0.192413
70,1.41559,10.0244,-2.18774
66,1.41559,10.0244,-2.18774
70,-0.620182,5.82929,-3.69763
66,-0.620182,5.82929,-3.69763
70,-4.40726,9.38927,-3.01645
66,-4.40726,9.38927,-3.01645
70,-0.455021,10.2844,-3.05904
66,-0.455021,10.2844,-3.05904
70,-4.59202,10.2376,-2.8287
66,-4.59202,10.2376,-2.8287
70,-5.02587,11.3506,0.898035
66,-5.02587,11.3506,0.898035
70,-4.29832,5.99163,-1.64119
66,-4.29832,5.99163,-1.64119
70,-5.08765,6.80911,0.740741
63,-5.08765,6.80911,0.740741
70,-4.34655,11.5242,-1.61127
63,-4.34655,11.5242,-1.61127
70,-1.8,10.464,-1.0297
63,-1.8,10.464,-1.0297
70,0.480529,6.40413,-3.36222
63,0.480529,6.40413,-3.36222
70,-4.45501,12.6367,-2.36148
65,-4.45501,12.6367,-2.36148
70,-1.65749,9.10716,-2.74715
65,-1.65749,9.10716,-2.74715
70,0.352004,9.42928,-3.53985
65,0.352004,9.42928,-3.53985
70,-7.57927,9.07666,-1.06644
65,-7.57927,9.07666,-1.06644
70,-1.94691,10.8051,-1.23417
62,-1.94691,10.8051,-1.23417
70,-0.311014,9.21607,-2.67959
62,-0.311014,9.21607,-2.67959
70,-0.315979,9.34105,-2.7257
62,-0.315979,9.34105,-2.7257
70,2.26062,8.72264,-3.54075
62,2.26062,8.72264,-3.54075
70,-2.53419,11.8472,-2.1523
62,-2.53419,11.8472,-2.1523
70,-2.10506,12.2988,1.299
61,-2.10506,12.2988,1.299
70,-6.54263,10.3593,-2.54514
61,-6.54263,10.3593,-2.54514
70,-1.48983,4.54565,-1.85205
60,-1.48983,4.54565,-1.85205
70,-3.59572,10.8986,-2.23454
60,-3.59572,10.8986,-2.23454
70,-2.54785,9.64126,-1.33553
60,-2.54785,9.64126,-1.33553
71,-0.709937,1.3004,0.304245
71,-0.722643,1.88263,0.284502
71,-0.667435,2.09889,0.295565
71,-1.5227,3.46639,-1.97431
71,-1.48063,3.48431,-2.00258
71,-1.51914,3.47844,-1.97717
71,-1.51922,3.49795,-2.00381
71,-2.06855,3.29265,-2.27316
71,-3.16246,2.91203,-2.05877
71,-1.53914,3.72789,-1.81847
71,-2.0831,3.30595,-2.28987
71,-1.60344,3.72991,-1.92528
71,-1.60402,3.73367,-1.92947
71,-1.54165,3.80522,-1.82667
71,-2.3902,3.4419,-1.92245
71,-2.29154,3.50255,-2.44489
71,-0.85615,5.25382,0.336618
71,-1.69557,4.01284,-1.99069
71,-3.48735,3.16731,-2.33166
71,-3.59302,3.28639,-2.48147
71,-1.65998,4.38337,-1.84681
71,-1.52386,4.47585,-1.8645
71,-1.53972,4.5223,-1.84092
71,-1.597,4.51267,-1.80748
71,-1.54141,4.53778,-1.84926
71,-1.5488,4.53054,-1.86912
71,-1.59528,4.55635,-1.8354
71,-3.42411,3.71819,-2.36932
71,-1.33305,4.6459,-2.39339
71,-2.02718,4.78478,-1.76624
71,-1.92431,4.78551,-1.93363
71,-2.0358,4.81663,-1.78219
71,-2.36803,4.67829,-1.77232
71,-2.13338,4.75949,-1.88896
71,-1.34967,5.15536,-1.83559
71,-1.51572,5.21353,-1.89314
71,-1.76198,5.23528,-1.82137
71,-5.318,3.61649,-2.07721
71,-1.83676,5.22313,-1.81786
71,-1.76705,5.25955,-1.84087
71,-1.45486,5.46725,-1.72124
71,-2.39573,4.98099,-1.97365
71,-1.92841,5.32496,-1.69194
71,0.758226,6.15005,-2.52069
71,-5.54479,3.75136,-1.86147
71,-1.81686,5.40427,-1.77487
71,-1.96818,5.4459,-1.56304
71,-5.49333,3.70846,-2.11732
71,-5.5793,3.77956,-1.88955
71,-1.82354,5.48081,-1.8134
71,-1.50321,5.60534,-1.84921
71,-1.82404,5.48795,-1.80635
71,0.0514433,5.65453,-3.39802
71,-5.6387,3.83128,-1.88726
71,-3.08143,4.9396,-1.88986
71,-1.85939,5.50638,-1.79182
71,-3.12119,4.91139,-1.9242
71,-5.5684,3.77463,-2.17001
71,-0.514239,5.51206,-3.32126
71,-0.0312847,5.62148,-3.56612
71,0.848016,6.20925,-3.0908
71,-3.11322,4.98333,-1.91143
71,-0.162843,5.8071,-3.01925
71,-3.12839,4.9655,-1.98157
71,-1.72089,5.69415,-1.72297
71,-3.01259,5.08682,-1.92831
71,-3.07117,5.08021,-1.92703
71,-5.76883,3.91371,-1.96835
71,-1.16528,5.2976,-3.47011
71,-0.627566,5.56021,-3.47912
71,-2.11483,5.62181,-1.7586
71,-1.00768,5.45273,-3.55256
71,-2.59638,5.41966,-1.95823
71,-1.14613,5.4918,-3.47529
71,-2.30762,5.71801,-1.6888
71,-2.72445,5.44029,-1.96973
71,-6.05691,3.90372,-2.24968
71,-2.40954,5.61384,-1.89712
71,-0.61714,5.76817,-3.5488
71,-6.03854,5.13719,0.600967
71,-0.693397,5.80818,-3.47878
71,-2.26311,5.80835,-1.81604
71,-5.61836,3.68335,-3.53263
71,-2.28911,5.82271,-1.83603
71,-0.484533,5.89369,-3.61446
71,-0.500665,5.89008,-3.61828
71,-1.21768,6.30844,-1.96857
71,-2.36288,5.915,-1.76568
71,-5.73854,3.73642,-3.58667
71,-0.490623,5.96959,-3.68099
71,-0.915261,5.8256,-3.60276
71,1.02711,6.76041,-3.40751
71,-5.82044,3.78117,-3.50347
71,-1.2889,6.33085,-2.02498
71,-1.17169,6.43781,-1.99409
71,-5.99658,4.39,-1.94369
71,-2.52306,5.9088,-1.93263
71,-1.13893,6.32236,-2.45095
71,-0.386233,6.1659,-3.88099
71,-0.406334,6.21137,-3.75893
71,-2.40919,6.15539,-1.82327
71,-1.64283,5.86834,-3.52067
71,-6.19109,4.51113,-2.04349
71,-1.42033,6.60861,-2.07393
71,-6.52012,5.52158,0.635622
71,-5.01774,6.23507,0.74966
71,-6.55948,4.65235,-1.58388
71,-5.93141,3.91118,-4.25696
71,-5.99332,3.89751,-4.39176
71,-2.80997,6.24222,-1.9838
71,-1.45801,6.82992,-2.13616
71,-2.85029,6.31155,-1.97859
71,-0.166664,7.93192,-1.12938
71,-7.05297,5.07811,-0.897331
71,-6.76544,5.23715,-0.84532
71,-7.07849,5.22697,-0.657136
71,-7.53775,5.4765,0.280731
71,1.53244,8.11586,-2.91821
71,-6.54171,5.1776,-1.61567
71,-7.55437,5.51159,0.276287
71,-1.30869,13.336,0.212637
69,-1.30869,13.336,0.212637
71,-1.391,8.81079,-1.87484
69,-1.391,8.81079,-1.87484
71,-6.07845,8.72771,-0.699037
69,-6.07845,8.72771,-0.699037
71,-1.49074,3.42901,-2.00023
69,-1.49074,3.42901,-2.00023
71,-3.79331,9.40594,-2.12625
69,-3.79331,9.40594,-2.12625
71,-2.88424,9.29875,-2.56533
69,-2.88424,9.29875,-2.56533
71,-0.745444,8.22393,-3.40155
69,-0.745444,8.22393,-3.40155
71,-0.497692,10.052,-4.32464
69,-0.497692,10.052,-4.32464
71,-3.89428,10.6222,-3.23328
69,-3.89428,10.6222,-3.23328
71,-1.49893,9.15295,-2.04493
69,-1.49893,9.15295,-2.04493
71,-1.8335,10.4749,-0.971812
69,-1.8335,10.4749,-0.971812
71,-0.42053,10.4596,-3.17336
69,-0.42053,10.4596,-3.17336
71,-2.61643,8.37186,-2.14669
69,-2.61643,8.37186,-2.14669
71,-6.62362,10.5829,-0.845474
69,-6.62362,10.5829,-0.845474
71,-6.53254,11.2986,-3.38502
69,-6.53254,11.2986,-3.38502
71,-5.29488,11.7863,-2.71845
69,-5.29488,11.7863,-2.71845
71,-4.96307,10.0489,-3.31834
69,-4.96307,10.0489,-3.31834
71,-1.5186,4.09973,-1.88632
69,-1.5186,4.09973,-1.88632
71,-0.711373,9.17913,-3.31126
69,-0.711373,9.17913,-3.31126
71,-4.27695,10.2075,-2.72518
69,-4.27695,10.2075,-2.72518
71,-1.36447,10.5379,-0.583963
69,-1.36447,10.5379,-0.583963
71,-2.0887,10.9376,-1.11019
69,-2.0887,10.9376,-1.11019
71,-0.34547,6.42027,-3.63024
69,-0.34547,6.42027,-3.63024
71,-5.22814,8.9896,-2.57012
69,-5.22814,8.9896,-2.57012
71,-6.78632,10.841,-0.861637
69,-6.78632,10.841,-0.861637
71,-0.732901,8.74985,-1.90072
69,-0.732901,8.74985,-1.90072
71,-6.61987,8.90831,-2.56936
69,-6.61987,8.90831,-2.56936
71,-1.58405,4.31812,-2.02779
69,-1.58405,4.31812,-2.02779
71,-1.58543,5.81244,-1.99926
69,-1.58543,5.81244,-1.99926
71,-5.40761,11.6415,-3.92378
69,-5.40761,11.6415,-3.92378
71,-5.23316,10.6165,-3.53478
69,-5.23316,10.6165,-3.53478
71,-4.17685,10.5159,-2.12421
69,-4.17685,10.5159,-2.12421
71,-0.497381,9.43237,-4.01206
69,-0.497381,9.43237,-4.01206
71,-5.24502,12.0212,-0.3947
69,-5.24502,12.0212,-0.3947
71,-1.55984,15.431,0.633221
69,-1.55984,15.431,0.633221
71,-5.64901,7.61397,-0.0730539
69,-5.64901,7.61397,-0.0730539
71,-5.44891,11.0801,-3.70259
69,-5.44891,11.0801,-3.70259
71,-1.7618,10.2002,-0.506706
69,-1.7618,10.2002,-0.506706
71,-0.40688,12.2682,-3.78274
69,-0.40688,12.2682,-3.78274
71,-3.94037,9.27417,-2.41794
69,-3.94037,9.27417,-2.41794
71,-0.0262913,9.66573,-2.86326
69,-0.0262913,9.66573,-2.86326
71,-0.182341,11.2047,-3.09432
69,-0.182341,11.2047,-3.09432
71,-6.46188,8.38067,-2.08211
69,-6.46188,8.38067,-2.08211
71,-1.63007,7.99081,-2.0241
69,-1.63007,7.99081,-2.0241
71,-4.90922,10.5303,-3.49478
69,-4.90922,10.5303,-3.49478
71,-5.02043,11.486,-0.354705
69,-5.02043,11.486,-0.354705
71,-4.62342,11.6056,-1.403
69,-4.62342,11.6056,-1.403
71,-6.31641,7.01296,0.151971
69,-6.31641,7.01296,0.151971
71,-6.6398,5.77874,-1.67008
69,-6.6398,5.77874,-1.67008
71,-1.81874,9.37241,-2.43156
69,-1.81874,9.37241,-2.43156
71,-4.03054,8.60658,-2.70937
69,-4.03054,8.60658,-2.70937
71,0.832325,8.6598,-2.49575
69,0.832325,8.6598,-2.49575
71,0.662709,8.38333,-3.53104
69,0.662709,8.38333,-3.53104
71,-0.442949,10.9966,1.34717
69,-0.442949,10.9966,1.34717
71,-2.19682,11.5584,0.516706
69,-2.19682,11.5584,0.516706
71,-7.05266,15.5657,1.50594
69,-7.05266,15.5657,1.50594
71,-5.89787,7.06343,-2.0874
69,-5.89787,7.06343,-2.0874
71,-1.87511,9.48674,-2.47916
69,-1.87511,9.48674,-2.47916
71,1.49936,10.4012,-4.28162
69,1.49936,10.4012,-4.28162
71,-4.91055,10.951,-3.07451
69,-4.91055,10.951,-3.07451
71,-7.75931,12.2642,-3.11898
69,-7.75931,12.2642,-3.11898
71,0.236935,10.4392,-4.09413
69,0.236935,10.4392,-4.09413
71,-0.129481,12.941,-3.66392
69,-0.129481,12.941,-3.66392
71,-1.86037,7.85446,-1.61664
69,-1.86037,7.85446,-1.61664
71,-3.62061,9.96348,-2.28407
69,-3.62061,9.96348,-2.28407
71,-6.63456,7.13352,-0.473036
69,-6.63456,7.13352,-0.473036
71,-6.83967,6.73715,-0.905023
69,-6.83967,6.73715,-0.905023
71,-8.40925,9.49356,-0.711885
69,-8.40925,9.49356,-0.711885
71,-5.60755,6.63465,-1.91688
69,-5.60755,6.63465,-1.91688
71,-5.52251,7.69754,0.127857
69,-5.52251,7.69754,0.127857
71,-1.14855,7.07638,-2.80222
69,-1.14855,7.07638,-2.80222
71,-5.01519,10.9236,-0.442414
69,-5.01519,10.9236,-0.442414
71,-1.88499,9.48057,-2.2751
68,-1.88499,9.48057,-2.2751
71,-1.61722,7.87184,-1.79755
68,-1.61722,7.87184,-1.79755
71,-1.11046,9.77055,-0.507291
68,-1.11046,9.77055,-0.507291
71,-4.55189,12.0235,-1.73572
68,-4.55189,12.0235,-1.73572
71,-1.47492,8.90255,-1.79261
68,-1.47492,8.90255,-1.79261
71,-0.459479,6.11647,-3.63004
68,-0.459479,6.11647,-3.63004
71,-6.43035,7.50542,-0.820316
68,-6.43035,7.50542,-0.820316
71,-6.20011,8.74263,-0.235401
68,-6.20011,8.74263,-0.235401
71,0.289658,10.1337,-3.48144
68,0.289658,10.1337,-3.48144
71,-0.393718,14.4714,-0.755961
68,-0.393718,14.4714,-0.755961
71,1.09784,9.97734,-2.96947
68,1.09784,9.97734,-2.96947
71,-5.17133,13.3178,1.5058
68,-5.17133,13.3178,1.5058
71,-2.2131,15.8563,-3.91151
68,-2.2131,15.8563,-3.91151
71,-1.52513,4.09036,-1.87369
68,-1.52513,4.09036,-1.87369
71,1.2114,9.06429,-3.63074
68,1.2114,9.06429,-3.63074
71,-1.89318,5.64926,-1.82118
68,-1.89318,5.64926,-1.82118
71,1.23656,8.32751,-3.69639
68,1.23656,8.32751,-3.69639
71,0.960618,9.30408,-3.84365
68,0.960618,9.30408,-3.84365
71,-5.85875,11.8403,-3.98784
68,-5.85875,11.8403,-3.98784
71,0.708626,8.79443,-3.72849
68,0.708626,8.79443,-3.72849
71,-5.41607,14.0722,-2.94537
68,-5.41607,14.0722,-2.94537
71,-2.13506,9.55222,-2.07662
68,-2.13506,9.55222,-2.07662
71,-0.048031,11.9278,0.428777
68,-0.048031,11.9278,0.428777
71,0.217146,13.8594,0.612094
68,0.217146,13.8594,0.612094
71,-5.35202,6.6174,-1.29786
68,-5.35202,6.6174,-1.29786
71,-2.42346,13.7032,-2.29956
68,-2.42346,13.7032,-2.29956
71,-3.97311,9.84566,0.765649
68,-3.97311,9.84566,0.765649
71,-2.07098,8.92495,-1.94488
67,-2.07098,8.92495,-1.94488
71,0.00172188,9.51981,-2.51381
67,0.00172188,9.51981,-2.51381
71,-1.79447,9.27952,-2.19863
67,-1.79447,9.27952,-2.19863
71,-0.798003,10.9289,-3.28317
67,-0.798003,10.9289,-3.28317
71,-2.2802,10.7755,-1.92351
67,-2.2802,10.7755,-1.92351
71,-2.09785,9.14275,-1.98334
67,-2.09785,9.14275,-1.98334
71,-3.87939,9.76661,-1.91871
67,-3.87939,9.76661,-1.91871
71,1.52885,9.29933,-2.83801
67,1.52885,9.29933,-2.83801
71,-3.86294,8.26775,-2.57624
67,-3.86294,8.26775,-2.57624
71,-7.89776,9.41009,-2.97882
67,-7.89776,9.41009,-2.97882
71,0.9365,7.79621,-3.06009
67,0.9365,7.79621,-3.06009
71,0.591914,10.956,-2.62016
67,0.591914,10.956,-2.62016
71,-3.17961,13.3941,-0.775751
64,-3.17961,13.3941,-0.775751
71,-3.83952,10.8389,-2.57984
64,-3.83952,10.8389,-2.57984
71,-1.21635,9.65931,-2.81842
64,-1.21635,9.65931,-2.81842
71,-6.65603,9.39293,-2.92927
64,-6.65603,9.39293,-2.92927
71,-2.08923,9.57925,-2.49854
64,-2.08923,9.57925,-2.49854
71,-0.918204,9.30061,-2.56758
64,-0.918204,9.30061,-2.56758
71,-5.71267,7.63697,-0.070419
64,-5.71267,7.63697,-0.070419
71,0.285663,9.40954,-2.91659
64,0.285663,9.40954,-2.91659
71,-0.115471,10.0631,-3.03148
66,-0.115471,10.0631,-3.03148
71,-2.40299,3.43209,-1.91287
66,-2.40299,3.43209,-1.91287
71,-6.71162,12.1701,-2.24342
66,-6.71162,12.1701,-2.24342
71,-6.61227,14.9664,1.0712
66,-6.61227,14.9664,1.0712
71,-0.914667,9.76807,-2.73814
66,-0.914667,9.76807,-2.73814
71,-2.53443,3.7716,-2.45011
66,-2.53443,3.7716,-2.45011
71,-5.54213,12.9985,-0.428247
66,-5.54213,12.9985,-0.428247
71,-3.21457,9.20814,-2.48749
65,-3.21457,9.20814,-2.48749
71,-2.46752,9.75536,-2.27056
65,-2.46752,9.75536,-2.27056
71,-1.52027,12.7908,-0.176374
63,-1.52027,12.7908,-0.176374
71,-10.343,18.6516,2.46284
63,-10.343,18.6516,2.46284
71,-6.73172,9.5108,-2.9418
63,-6.73172,9.5108,-2.9418
71,-1.56022,5.64122,-1.91088
63,-1.56022,5.64122,-1.91088
71,-1.59811,10.4627,-1.88923
63,-1.59811,10.4627,-1.88923
71,-5.84214,7.54777,-0.620179
63,-5.84214,7.54777,-0.620179
71,-5.52086,7.3562,0.792067
63,-5.52086,7.3562,0.792067
71,-4.33637,5.8469,-1.54842
63,-4.33637,5.8469,-1.54842
71,-0.312751,9.24654,-2.69009
62,-0.312751,9.24654,-2.69009
71,-5.86366,13.2752,-0.989086
62,-5.86366,13.2752,-0.989086
71,-3.79321,9.18237,-2.4291
62,-3.79321,9.18237,-2.4291
71,-2.32305,12.9217,0.76014
61,-2.32305,12.9217,0.76014
71,-0.0864558,13.7766,-4.22026
61,-0.0864558,13.7766,-4.22026
71,0.671976,9.62691,-2.62432
61,0.671976,9.62691,-2.62432
72,-0.81243,1.7754,0.34213
72,-1.51403,3.46575,-1.96709
72,-1.52096,3.50622,-1.98954
72,-1.6359,3.57909,-1.93583
72,-2.3274,3.45468,-1.9282
72,-2.37682,3.4404,-1.91897
72,-1.68793,3.78109,-1.96022
72,-1.64711,3.85044,-1.87351
72,-1.70127,3.81217,-1.98168
72,-2.36298,3.48564,-1.96421
72,-3.26089,3.01824,-2.17381
72,-2.33605,3.51576,-2.20073
72,-1.40924,3.90175,-2.4635
72,-2.38663,3.55905,-2.24046
72,-1.52762,4.50394,-1.86449
72,-1.59469,4.50835,-1.80261
72,-1.60937,4.53032,-1.84008
72,-1.55441,4.53998,-1.93076
72,-1.61096,4.57477,-1.8361
72,-1.61408,4.57478,-1.84134
72,-1.60176,4.62369,-1.86006
72,-3.54932,3.36752,-2.57307
72,-3.67724,3.36794,-2.56943
72,-3.75157,3.3955,-2.5892
72,-1.96639,4.69748,-1.78491
72,-3.42502,3.72746,-2.3925
72,-1.93925,4.71476,-1.87769
72,-1.97118,4.73197,-1.80708
72,-3.77645,3.46481,-2.66935
72,-1.92043,4.78157,-1.92995
72,-1.95964,4.92833,-1.75853
72,-3.73583,3.58495,-2.82178
72,-1.36425,5.21709,-1.85931
72,-2.20927,4.74392,-1.97421
72,-2.21315,4.74391,-1.98002
72,-2.35197,4.76417,-1.76616
72,-3.74779,3.60188,-2.84432
72,-1.9445,4.96121,-1.8264
72,-3.9076,3.56092,-2.7881
72,-3.79159,3.61186,-2.85462
72,-2.39332,4.76539,-1.81708
72,-1.9342,4.99966,-1.83608
72,-2.32137,4.79807,-1.87958
72,-1.89652,5.04559,-1.81305
72,-2.3123,4.80932,-1.89098
72,-3.92199,3.60856,-2.84658
72,-0.0462132,5.54587,-3.06498
72,-2.32867,6.06622,0.808205
72,-1.89724,5.38585,-1.78712
72,-1.82745,5.47238,-1.74178
72,-1.50786,5.62471,-1.78313
72,-1.83237,5.49262,-1.81656
72,-1.98311,5.53355,-1.5928
72,-1.85102,5.53311,-1.76369
72,-3.0975,4.88873,-1.91286
72,-1.69621,5.69153,-1.72908
72,-3.08537,4.91112,-1.89355
72,-0.735075,5.49579,-3.43
72,-1.1519,5.28519,-3.46023
72,-2.96299,5.01568,-1.88919
72,-1.4499,5.20728,-3.31316
72,-0.51547,5.64584,-3.42499
72,0.569113,6.30067,-3.21205
72,-3.13655,4.93326,-1.93071
72,-1.72572,5.7388,-1.74308
72,-3.11098,4.96897,-1.90767
72,-0.518309,5.68091,-3.48348
72,-3.042,5.04756,-1.91006
72,-1.73609,5.80882,-1.7714
72,-2.47539,5.37731,-1.90004
72,-1.72204,5.82435,-1.76444
72,-0.71983,5.60935,-3.52445
72,-1.1395,5.43795,-3.43337
72,-1.14129,5.46038,-3.4726
72,-2.69102,5.37922,-1.92267
72,-0.614135,5.78433,-3.55402
72,-5.82669,3.71713,-2.10749
72,-2.70964,5.39757,-1.95652
72,-2.18178,5.72916,-1.8148
72,-0.734877,5.77413,-3.49949
72,-2.38327,5.68571,-1.90194
72,-1.11924,6.09309,-2.49369
72,-2.18813,5.85295,-1.79514
72,-1.59442,6.15463,-1.808
72,-1.56442,6.17365,-1.8734
72,-5.84626,3.92123,-2.00668
72,-5.76862,3.86899,-2.23366
72,-1.23306,6.35515,-1.99691
72,-1.26702,6.34634,-2.03065
72,-5.84212,3.89936,-2.27468
72,-6.71352,4.12911,-0.707232
72,-0.39844,6.12491,-3.70417
72,-6.7739,4.31572,-0.25777
72,-6.80338,4.54797,0.260917
72,-6.19141,3.83962,-2.28152
72,-2.37624,6.02027,-1.78677
72,-6.14524,3.97983,-2.04307
72,-2.35372,6.03449,-1.78973
72,-7.29183,4.54866,0.665052
72,-6.89112,4.36511,-0.267982
72,-1.01568,6.15022,-3.22451
72,-6.91741,4.60394,0.266676
72,-6.93532,4.60852,0.266304
72,-6.80266,3.88719,-1.64107
72,-6.73483,3.93549,-1.66682
72,-6.94096,4.40757,-0.283152
72,-6.72039,3.90085,-1.81517
72,-2.41143,6.15595,-1.77425
72,-1.61641,6.49377,-1.97783
72,-6.88164,3.92123,-1.67053
72,-3.00116,5.80373,-1.96497
72,-0.317728,6.50011,-3.69199
72,-6.72802,4.79794,0.0983489
72,-2.60047,6.13883,-1.86788
72,-6.87407,3.96239,-1.84983
72,-2.43785,6.25907,-1.81319
72,-6.54307,3.74387,-2.98788
72,-5.83474,3.82074,-3.71689
72,-6.9275,4.82331,2.33948e-05
72,-1.18273,6.64638,-2.71129
72,-6.96489,4.03017,-1.88193
72,-2.6866,6.25908,-1.8986
72,-6.10704,4.46043,-2.00673
72,-6.59092,5.43328,0.836769
72,-2.47769,6.40959,-1.88698
72,-6.50182,3.40184,-4.25582
72,-2.817,6.25956,-1.95052
72,-2.65969,6.44777,-1.85367
72,-2.44518,6.54361,-1.92036
72,-7.0134,5.13753,0.247976
72,-6.75082,4.84767,-0.832775
72,-2.96424,6.41262,-1.96722
72,-7.0142,4.7837,-0.898839
72,-6.87615,3.92154,-3.15858
72,0.997577,7.98398,-3.12851
72,-6.73744,3.51444,-4.43398
72,-3.048,6.51756,-1.9931
72,-6.0759,3.94984,-4.51426
72,-6.79197,4.79729,-1.67852
72,-7.35058,5.34752,0.286288
72,-6.86753,5.26853,-0.507376
72,-6.82959,4.82994,-1.6595
72,-0.795347,1.156,0.153617
70,-0.795347,1.156,0.153617
72,-1.15031,11.2887,-2.89451
70,-1.15031,11.2887,-2.89451
72,-4.67172,10.4744,-2.95355
70,-4.67172,10.4744,-2.95355
72,-3.56332,8.74733,-1.94463
70,-3.56332,8.74733,-1.94463
72,-3.40298,11.4455,-3.15244
70,-3.40298,11.4455,-3.15244
72,-6.21776,7.83154,-2.17971
70,-6.21776,7.83154,-2.17971
72,-1.76075,10.1653,-0.511647
70,-1.76075,10.1653,-0.511647
72,-5.21365,9.93403,-0.482629
70,-5.21365,9.93403,-0.482629
72,-4.73779,10.6098,-3.00088
70,-4.73779,10.6098,-3.00088
72,-4.78129,9.07588,-0.408888
70,-4.78129,9.07588,-0.408888
72,-1.68247,3.63604,-2.04631
70,-1.68247,3.63604,-2.04631
72,-5.57508,7.26338,-0.57425
70,-5.57508,7.26338,-0.57425
72,-2.83554,4.7115,-1.76864
70,-2.83554,4.7115,-1.76864
72,-6.24535,7.87325,-2.19774
70,-6.24535,7.87325,-2.19774
72,-6.07947,7.89191,-1.95178
70,-6.07947,7.89191,-1.95178
72,-1.63513,4.14685,-2.07198
70,-1.63513,4.14685,-2.07198
72,-3.1474,15.3448,-2.91794
70,-3.1474,15.3448,-2.91794
72,-6.19308,7.82115,-2.18212
70,-6.19308,7.82115,-2.18212
72,0.18955,8.78161,-2.60277
70,0.18955,8.78161,-2.60277
72,-1.75172,10.0961,-0.514598
70,-1.75172,10.0961,-0.514598
72,-0.486746,9.58306,-4.09142
70,-0.486746,9.58306,-4.09142
72,-6.40901,8.3587,-0.716937
70,-6.40901,8.3587,-0.716937
72,-1.32739,8.67293,-2.50383
70,-1.32739,8.67293,-2.50383
72,-2.30059,10.3477,-2.32808
70,-2.30059,10.3477,-2.32808
72,-2.24602,13.0955,-2.34944
70,-2.24602,13.0955,-2.34944
72,-3.76396,9.85629,-1.86927
70,-3.76396,9.85629,-1.86927
72,-5.57451,12.9411,-0.446913
70,-5.57451,12.9411,-0.446913
72,-4.70589,12.4614,-1.81192
70,-4.70589,12.4614,-1.81192
72,-7.24628,10.3834,1.25477
70,-7.24628,10.3834,1.25477
72,-2.22507,5.06961,-1.98596
70,-2.22507,5.06961,-1.98596
72,-1.40747,10.9487,-0.565627
70,-1.40747,10.9487,-0.565627
72,-1.86581,11.2607,-0.582897
70,-1.86581,11.2607,-0.582897
72,-1.97738,11.023,-1.8861
70,-1.97738,11.023,-1.8861
72,-2.32562,9.13247,-2.48034
70,-2.32562,9.13247,-2.48034
72,0.798556,8.46497,-2.4261
70,0.798556,8.46497,-2.4261
72,0.252299,9.97491,-0.501916
70,0.252299,9.97491,-0.501916
72,-6.09108,5.62988,-2.10859
70,-6.09108,5.62988,-2.10859
72,-5.22369,12.0488,-0.388668
70,-5.22369,12.0488,-0.388668
72,-6.01508,7.78547,0.837145
70,-6.01508,7.78547,0.837145
72,-1.99516,10.7303,-1.24923
70,-1.99516,10.7303,-1.24923
72,-6.52146,6.42646,-0.817016
70,-6.52146,6.42646,-0.817016
72,-2.38014,8.75148,-2.67237
70,-2.38014,8.75148,-2.67237
72,-5.18953,11.9632,-0.377437
70,-5.18953,11.9632,-0.377437
72,-6.47482,5.94238,-2.29046
70,-6.47482,5.94238,-2.29046
72,-0.789113,4.39402,-1.50991
70,-0.789113,4.39402,-1.50991
72,-5.65118,12.7196,-3.64185
70,-5.65118,12.7196,-3.64185
72,-6.47091,6.14029,-2.23752
70,-6.47091,6.14029,-2.23752
72,-6.50909,6.39562,-2.09468
70,-6.50909,6.39562,-2.09468
72,0.497787,8.77406,-2.61138
70,0.497787,8.77406,-2.61138
72,-1.62557,9.23491,-0.417101
70,-1.62557,9.23491,-0.417101
72,-6.41174,6.74626,-0.81296
70,-6.41174,6.74626,-0.81296
72,0.428854,10.2563,-3.25101
70,0.428854,10.2563,-3.25101
72,-1.95132,4.51215,-1.78187
69,-1.95132,4.51215,-1.78187
72,-2.31348,12.5425,-2.39405
69,-2.31348,12.5425,-2.39405
72,-1.02132,5.57386,-3.43704
69,-1.02132,5.57386,-3.43704
72,-0.768373,9.96388,-2.23312
69,-0.768373,9.96388,-2.23312
72,-1.14879,10.9612,-2.83513
69,-1.14879,10.9612,-2.83513
72,-0.91328,9.64235,-2.68339
69,-0.91328,9.64235,-2.68339
72,-2.54849,5.18483,-1.85265
69,-2.54849,5.18483,-1.85265
72,-1.63782,3.74993,-1.88403
69,-1.63782,3.74993,-1.88403
72,-2.62284,11.4957,-2.07796
69,-2.62284,11.4957,-2.07796
72,-5.54921,7.25239,-2.14205
69,-5.54921,7.25239,-2.14205
72,-2.50009,4.983,-1.93585
69,-2.50009,4.983,-1.93585
72,-2.80156,12.4077,-2.27274
69,-2.80156,12.4077,-2.27274
72,0.0352847,10.5087,-3.13803
69,0.0352847,10.5087,-3.13803
72,0.763252,9.44982,-3.30725
69,0.763252,9.44982,-3.30725
72,-1.46799,11.7822,-0.63787
69,-1.46799,11.7822,-0.63787
72,-6.59208,8.68577,-2.68667
69,-6.59208,8.68577,-2.68667
72,-1.55412,10.4251,-2.34126
69,-1.55412,10.4251,-2.34126
72,-0.145069,8.96585,-3.72951
69,-0.145069,8.96585,-3.72951
72,-6.50066,6.44967,-0.821408
69,-6.50066,6.44967,-0.821408
72,-3.62399,10.0991,-1.79785
69,-3.62399,10.0991,-1.79785
72,0.637839,8.2238,-3.45121
69,0.637839,8.2238,-3.45121
72,-3.65099,10.1821,-1.81208
69,-3.65099,10.1821,-1.81208
72,-4.21092,14.9725,-3.51202
69,-4.21092,14.9725,-3.51202
72,-5.77117,8.02627,0.0915181
69,-5.77117,8.02627,0.0915181
72,-6.56111,7.82719,-2.39677
69,-6.56111,7.82719,-2.39677
72,-4.77909,14.6505,-3.14955
68,-4.77909,14.6505,-3.14955
72,-5.56874,9.60769,-0.513511
68,-5.56874,9.60769,-0.513511
72,-3.35334,9.43574,-2.27051
68,-3.35334,9.43574,-2.27051
72,-4.30668,11.1655,-3.01313
68,-4.30668,11.1655,-3.01313
72,-4.59185,10.0491,-2.9177
68,-4.59185,10.0491,-2.9177
72,-5.08448,13.0862,1.47803
68,-5.08448,13.0862,1.47803
72,-1.61161,11.6795,-1.20076
68,-1.61161,11.6795,-1.20076
72,-0.937164,10.5686,-2.99421
68,-0.937164,10.5686,-2.99421
72,-3.46057,15.5605,1.92577
68,-3.46057,15.5605,1.92577
72,-0.264807,7.43747,0.908096
68,-0.264807,7.43747,0.908096
72,-5.0147,12.5344,1.30222
68,-5.0147,12.5344,1.30222
72,-3.73964,11.9714,-2.84409
68,-3.73964,11.9714,-2.84409
72,1.836,16.4892,-2.57214
68,1.836,16.4892,-2.57214
72,-6.25266,7.02414,-0.800704
68,-6.25266,7.02414,-0.800704
72,-5.28615,13.2363,0.90575
68,-5.28615,13.2363,0.90575
72,-7.94361,9.54406,-1.10294
67,-7.94361,9.54406,-1.10294
72,-1.56509,9.00491,-2.42553
67,-1.56509,9.00491,-2.42553
72,-3.53682,9.59071,-2.19353
67,-3.53682,9.59071,-2.19353
72,-7.47931,11.779,-2.97928
67,-7.47931,11.779,-2.97928
72,0.532733,10.3385,-2.46066
67,0.532733,10.3385,-2.46066
72,0.280075,9.29348,-2.86754
64,0.280075,9.29348,-2.86754
72,-5.49353,12.5993,0.94861
64,-5.49353,12.5993,0.94861
72,0.27012,9.07295,-2.79293
64,0.27012,9.07295,-2.79293
72,-3.80579,10.7955,-2.56921
66,-3.80579,10.7955,-2.56921
72,-4.40029,12.927,-0.603693
66,-4.40029,12.927,-0.603693
72,-1.54205,13.1879,-0.18903
66,-1.54205,13.1879,-0.18903
72,0.123865,8.78139,-3.67996
66,0.123865,8.78139,-3.67996
72,-6.87406,8.01605,-2.18936
66,-6.87406,8.01605,-2.18936
72,-3.93182,9.80868,-2.16782
66,-3.93182,9.80868,-2.16782
72,-5.69938,7.27458,-0.605918
66,-5.69938,7.27458,-0.605918
72,-0.44816,9.06393,-2.77443
66,-0.44816,9.06393,-2.77443
72,-3.65544,12.3613,0.323336
63,-3.65544,12.3613,0.323336
72,-7.11977,16.942,2.34182
63,-7.11977,16.942,2.34182
72,-1.42989,5.82571,-1.90613
65,-1.42989,5.82571,-1.90613
72,-2.4349,12.1319,0.0700922
65,-2.4349,12.1319,0.0700922
72,-1.80646,9.16041,-2.42171
62,-1.80646,9.16041,-2.42171
72,-1.78611,9.08844,-2.31471
62,-1.78611,9.08844,-2.31471
72,1.12399,13.1536,-1.6373
62,1.12399,13.1536,-1.6373
72,-7.62795,16.2896,1.67675
62,-7.62795,16.2896,1.67675
72,-2.32596,9.06896,-2.47746
62,-2.32596,9.06896,-2.47746
73,-1.68277,3.34826,-2.04859
73,-1.71173,3.34651,-2.05391
73,-1.69242,3.47497,-1.89066
73,-1.64254,3.49899,-1.93157
73,-1.63807,3.50394,-1.93938
73,-1.64552,3.52317,-1.94131
73,-1.99739,3.32239,-1.98274
73,-1.70867,3.52678,-1.93708
73,-1.99584,3.42,-2.0291
73,-1.58726,3.74721,-1.89527
73,-1.62522,3.75924,-1.90703
73,-1.64537,3.78757,-1.90814
73,-1.65203,3.82184,-1.87771
73,-1.62796,3.83971,-1.88953
73,-2.26679,3.38761,-2.11169
73,-1.63137,3.85124,-1.89397
73,-1.62954,3.85187,-1.90923
73,-1.51305,4.01961,-1.82262
73,-1.57555,3.98622,-1.92366
73,-1.5762,3.99035,-1.92846
73,-1.56672,4.05833,-1.91686
73,-1.62843,4.06712,-1.91009
73,-2.24718,3.46917,-2.47005
73,-1.52847,4.27899,-1.94577
73,-1.53807,4.57185,-1.92496
73,-3.22878,3.51143,-2.19043
73,-1.62282,4.62969,-1.86752
73,-1.59389,4.6507,-1.88023
73,-2.1264,4.49314,-1.89924
73,-2.11463,4.57693,-1.8603
73,-1.94649,4.73379,-1.77304
73,-2.05017,4.69568,-1.77457
73,-3.19223,3.508,-3.0516
73,-1.91852,4.75751,-1.92242
73,-1.8964,4.96229,-1.95946
73,-2.32567,4.77962,-1.8472
73,-2.34801,4.76142,-1.8691
73,-1.37121,5.31323,-1.91674
73,-2.36396,4.80038,-1.77803
73,-2.32855,4.79987,-1.87981
73,-1.92699,5.12506,-1.73219
73,-1.51607,5.45491,-1.83417
73,-3.73878,3.69274,-2.94008
73,-1.80012,5.37988,-1.76517
73,-1.84931,5.36669,-1.89066
73,-1.80966,5.43588,-1.78839
73,-1.82808,5.4373,-1.80148
73,-6.12421,3.46378,-0.601292
73,-4.02228,3.68719,-2.94216
73,-1.8371,5.47402,-1.8088
73,-1.81347,5.45034,-1.92714
73,-1.96347,5.50709,-1.76688
73,-2.07305,5.46725,-1.77146
73,-1.46475,5.18593,-3.28486
73,-1.225,5.9585,-1.84631
73,-6.2778,3.54722,-0.633915
73,-2.11543,5.48629,-1.76055
73,-2.11619,5.4891,-1.75591
73,-1.72714,5.73026,-1.74111
73,-2.10919,5.50082,-1.77182
73,-1.24745,5.97119,-1.84838
73,-6.53947,3.7509,0.0687929
73,-2.97841,4.98212,-1.90282
73,-2.08628,5.59116,-1.7383
73,-2.12641,5.55408,-1.78579
73,-1.69299,5.81956,-1.77135
73,-6.69261,3.85342,0.360106
73,-1.98079,5.69608,-1.76781
73,-2.64336,5.25908,-1.89077
73,-1.13738,5.46151,-3.4618
73,-2.63974,5.33134,-1.87677
73,-1.39838,6.06241,-1.86628
73,-1.4085,6.07425,-1.88158
73,-6.71147,3.83967,0.0699106
73,-2.4804,5.44616,-1.92092
73,-6.49774,3.67193,-0.674919
73,-0.650061,5.86188,-3.47351
73,-2.25002,5.66592,-1.78056
73,-2.48607,5.4849,-1.89337
73,-1.7789,5.95862,-1.81856
73,-6.88315,3.95365,0.377362
73,-2.67675,5.46809,-1.90883
73,-2.31816,5.76492,-1.84257
73,-2.43759,5.66379,-1.95298
73,-1.21403,5.81243,-3.36826
73,-0.977842,6.02746,-3.27928
73,-2.23589,6.02128,-1.79076
73,-6.69681,3.91315,-0.82016
73,-2.68372,5.78197,-1.89446
73,-6.96525,4.4744,0.644021
73,-2.57759,5.93851,-1.88036
73,-6.83261,4.33338,0.0935033
73,-3.00418,5.77136,-1.97993
73,-6.92058,4.39805,0.0961896
73,-2.62097,6.03014,-1.92389
73,-6.72149,3.81773,-1.58136
73,-2.58805,6.10059,-1.86332
73,-6.95931,4.42215,0.104639
73,-2.76689,6.07062,-1.90009
73,-6.78926,3.78427,-1.78766
73,-7.09639,3.54944,-2.03292
73,-5.81361,3.773,-3.50003
73,-6.63791,4.55785,-0.828402
73,-6.86115,4.7972,0.0123634
73,-6.9458,4.03712,-1.78807
73,-7.10423,4.00283,-1.65456
73,-7.17725,4.54896,-0.289795
73,-6.8815,5.00109,0.276597
73,-6.45946,4.2837,-2.01346
73,-3.63225,6.0852,-1.78663
73,-3.63062,6.08961,-1.791
73,-6.68743,4.04048,-2.4767
73,-6.68207,3.80058,-3.04769
73,-7.23344,3.98079,-1.93243
73,-3.65459,6.13318,-1.80254
73,-6.73983,5.5139,0.853323
73,-6.77785,3.85098,-3.12113
73,-6.62638,5.09392,-0.473206
73,-6.0414,3.9652,-4.29252
73,-6.69306,4.7475,-1.63576
73,-4.14945,6.1672,-1.8044
73,-6.88713,5.06629,-0.726393
73,-6.56798,5.26421,-0.821484
73,-1.34005,9.14298,-1.66455
72,-1.34005,9.14298,-1.66455
73,-6.70543,7.35562,-0.453084
72,-6.70543,7.35562,-0.453084
73,-3.474,9.25553,-2.01346
72,-3.474,9.25553,-2.01346
73,-6.44996,8.68596,-2.49671
72,-6.44996,8.68596,-2.49671
73,-6.29602,8.03422,-2.28602
72,-6.29602,8.03422,-2.28602
73,-3.78477,9.36572,-2.47376
72,-3.78477,9.36572,-2.47376
73,-3.27366,11.089,-2.73888
72,-3.27366,11.089,-2.73888
73,-3.3485,11.2287,-3.07486
72,-3.3485,11.2287,-3.07486
73,-2.64387,9.73654,-3.04029
72,-2.64387,9.73654,-3.04029
73,-2.4483,9.97126,-2.71889
72,-2.4483,9.97126,-2.71889
73,-6.45898,7.58581,-0.817278
72,-6.45898,7.58581,-0.817278
73,-6.4346,8.38416,-2.08674
72,-6.4346,8.38416,-2.08674
73,-6.15473,8.70406,-1.92672
72,-6.15473,8.70406,-1.92672
73,-6.51254,7.08202,-2.00937
72,-6.51254,7.08202,-2.00937
73,-6.4808,7.0359,-1.87289
72,-6.4808,7.0359,-1.87289
73,-6.15249,8.14044,-0.0106359
72,-6.15249,8.14044,-0.0106359
73,-2.64881,10.676,-2.54397
72,-2.64881,10.676,-2.54397
73,-4.18681,8.98233,-0.397506
72,-4.18681,8.98233,-0.397506
73,-6.77613,6.96863,-0.860551
72,-6.77613,6.96863,-0.860551
73,-6.63957,6.62665,-0.835491
72,-6.63957,6.62665,-0.835491
73,-6.65014,6.84938,-1.91128
72,-6.65014,6.84938,-1.91128
73,-1.99213,4.79089,-1.83365
72,-1.99213,4.79089,-1.83365
73,-6.88079,6.66941,0.427369
72,-6.88079,6.66941,0.427369
73,-6.14513,8.13052,-0.0171976
72,-6.14513,8.13052,-0.0171976
73,-6.6882,7.32101,-0.436213
72,-6.6882,7.32101,-0.436213
73,-6.60143,6.957,0.39396
72,-6.60143,6.957,0.39396
73,-5.7352,12.7918,-2.97381
72,-5.7352,12.7918,-2.97381
73,-6.65727,6.68068,-1.79043
72,-6.65727,6.68068,-1.79043
73,-3.5945,9.65961,-2.12634
72,-3.5945,9.65961,-2.12634
73,-1.80936,10.6533,-0.558061
72,-1.80936,10.6533,-0.558061
73,-3.99049,10.5274,-2.87435
72,-3.99049,10.5274,-2.87435
73,-0.726218,10.6263,-0.762904
72,-0.726218,10.6263,-0.762904
73,-6.24314,8.21954,-0.0106117
72,-6.24314,8.21954,-0.0106117
73,-6.56677,5.77401,-1.81153
72,-6.56677,5.77401,-1.81153
73,-4.97818,15.2514,2.07408
72,-4.97818,15.2514,2.07408
73,-1.45033,9.62394,-0.912235
72,-1.45033,9.62394,-0.912235
73,-6.61336,6.50543,-2.1381
72,-6.61336,6.50543,-2.1381
73,-6.77179,6.98281,-1.933
72,-6.77179,6.98281,-1.933
73,-6.46151,7.61129,0.827618
72,-6.46151,7.61129,0.827618
73,-1.82333,10.6896,-0.557099
72,-1.82333,10.6896,-0.557099
73,-3.25503,10.972,-2.68203
72,-3.25503,10.972,-2.68203
73,-0.91216,9.13812,-2.51676
72,-0.91216,9.13812,-2.51676
73,-0.423218,10.127,-3.01576
72,-0.423218,10.127,-3.01576
73,-6.53022,9.36339,1.15701
72,-6.53022,9.36339,1.15701
73,-6.99558,6.20462,0.876677
72,-6.99558,6.20462,0.876677
73,-6.74039,5.72941,-0.848595
72,-6.74039,5.72941,-0.848595
73,-1.37205,9.35573,-2.73775
72,-1.37205,9.35573,-2.73775
73,-1.402,9.66168,-1.78686
72,-1.402,9.66168,-1.78686
73,-1.992,12.3983,1.57882
72,-1.992,12.3983,1.57882
73,-0.123077,10.7726,0.433683
72,-0.123077,10.7726,0.433683
73,-0.441765,11.5929,1.42637
72,-0.441765,11.5929,1.42637
73,-0.560911,12.7774,-1.9244
72,-0.560911,12.7774,-1.9244
73,-6.47022,6.34367,-2.08699
72,-6.47022,6.34367,-2.08699
73,-6.75023,7.83473,-0.861482
72,-6.75023,7.83473,-0.861482
73,-0.786138,10.6678,-2.42968
72,-0.786138,10.6678,-2.42968
73,-0.412712,12.2668,1.47711
72,-0.412712,12.2668,1.47711
73,-3.61929,8.7612,-0.918384
72,-3.61929,8.7612,-0.918384
73,-2.11323,9.34085,-2.00093
72,-2.11323,9.34085,-2.00093
73,-6.94373,7.29128,0.398052
72,-6.94373,7.29128,0.398052
73,0.0597097,8.89173,-3.40299
72,0.0597097,8.89173,-3.40299
73,-0.261727,9.86801,-2.65784
72,-0.261727,9.86801,-2.65784
73,-6.62018,5.20813,-1.60025
72,-6.62018,5.20813,-1.60025
73,-6.93571,5.12378,-0.70838
72,-6.93571,5.12378,-0.70838
73,-2.01987,10.8987,-1.81885
72,-2.01987,10.8987,-1.81885
73,-1.8176,11.1198,-0.59371
72,-1.8176,11.1198,-0.59371
73,-4.65747,9.39962,-3.01551
72,-4.65747,9.39962,-3.01551
73,-0.35811,10.0186,-0.503779
72,-0.35811,10.0186,-0.503779
73,-0.00247336,8.23358,-3.11726
72,-0.00247336,8.23358,-3.11726
73,-2.11712,9.42394,-2.05225
72,-2.11712,9.42394,-2.05225
73,-2.61772,8.22978,-1.70796
72,-2.61772,8.22978,-1.70796
73,-6.07568,7.77112,0.0568676
72,-6.07568,7.77112,0.0568676
73,-6.55604,5.17708,-1.59751
72,-6.55604,5.17708,-1.59751
73,-3.89985,8.39993,-2.62286
72,-3.89985,8.39993,-2.62286
73,-7.15419,4.02678,-3.2725
72,-7.15419,4.02678,-3.2725
73,-4.99488,10.4687,-1.40364
71,-4.99488,10.4687,-1.40364
73,-6.38532,8.34818,-2.57754
71,-6.38532,8.34818,-2.57754
73,-4.07052,10.1823,-2.33853
71,-4.07052,10.1823,-2.33853
73,-1.56916,9.88711,-2.25035
71,-1.56916,9.88711,-2.25035
73,-4.4782,6.24989,-1.7666
71,-4.4782,6.24989,-1.7666
73,-4.46113,11.7634,-1.68911
71,-4.46113,11.7634,-1.68911
73,-2.05511,3.26934,-2.2492
71,-2.05511,3.26934,-2.2492
73,-2.5292,10.224,-2.42187
71,-2.5292,10.224,-2.42187
73,-4.64154,12.2841,-1.78511
71,-4.64154,12.2841,-1.78511
73,-3.71446,9.24271,-1.7967
71,-3.71446,9.24271,-1.7967
73,-6.65437,7.42038,-0.83863
71,-6.65437,7.42038,-0.83863
73,-4.30848,8.61505,-2.74808
71,-4.30848,8.61505,-2.74808
73,-6.79953,5.8183,-0.374519
71,-6.79953,5.8183,-0.374519
73,-0.44455,8.10536,-3.42405
71,-0.44455,8.10536,-3.42405
73,-7.40941,8.29848,-2.19147
71,-7.40941,8.29848,-2.19147
73,-6.57792,6.93795,0.401315
71,-6.57792,6.93795,0.401315
73,-0.284752,9.84509,-2.90014
71,-0.284752,9.84509,-2.90014
73,-8.60592,19.1362,1.78685
71,-8.60592,19.1362,1.78685
73,-0.835847,13.0075,1.69118
71,-0.835847,13.0075,1.69118
73,-0.55221,12.083,-1.78717
71,-0.55221,12.083,-1.78717
73,-2.01439,9.11628,-2.34667
71,-2.01439,9.11628,-2.34667
73,-6.72276,5.9181,-0.83823
71,-6.72276,5.9181,-0.83823
73,-6.90853,5.9157,-0.379021
71,-6.90853,5.9157,-0.379021
73,-0.911697,9.79029,-2.73932
71,-0.911697,9.79029,-2.73932
73,-6.03146,6.31338,0.233906
71,-6.03146,6.31338,0.233906
73,-2.84369,6.28888,-1.98004
71,-2.84369,6.28888,-1.98004
73,-1.03825,10.194,-2.30942
71,-1.03825,10.194,-2.30942
73,-6.79151,6.28377,0.390471
71,-6.79151,6.28377,0.390471
73,-8.70352,19.5277,-1.04963
71,-8.70352,19.5277,-1.04963
73,-1.1691,7.47201,-2.97636
71,-1.1691,7.47201,-2.97636
73,-6.18875,5.94161,-2.10946
71,-6.18875,5.94161,-2.10946
73,-6.58243,15.965,-2.24891
70,-6.58243,15.965,-2.24891
73,-1.49513,5.33275,-1.88783
70,-1.49513,5.33275,-1.88783
73,-5.54404,6.61882,-1.93191
70,-5.54404,6.61882,-1.93191
73,-6.36829,8.52971,-0.0555471
70,-6.36829,8.52971,-0.0555471
73,-5.95039,7.39797,0.413553
70,-5.95039,7.39797,0.413553
73,-2.33771,13.2388,0.424469
70,-2.33771,13.2388,0.424469
73,-6.35236,8.24068,-2.05276
70,-6.35236,8.24068,-2.05276
73,-4.99801,11.1926,-3.14662
70,-4.99801,11.1926,-3.14662
73,-0.0640302,6.52335,-3.51551
70,-0.0640302,6.52335,-3.51551
73,-5.32176,12.1491,-0.381948
70,-5.32176,12.1491,-0.381948
73,-3.892,10.5804,-2.45555
70,-3.892,10.5804,-2.45555
73,-1.20352,11.3094,0.252388
70,-1.20352,11.3094,0.252388
73,-6.69082,5.15302,-2.02547
70,-6.69082,5.15302,-2.02547
73,-0.494789,9.43442,-2.75473
70,-0.494789,9.43442,-2.75473
73,-4.47281,9.82529,-2.74055
70,-4.47281,9.82529,-2.74055
73,-2.05338,10.8682,-1.08741
70,-2.05338,10.8682,-1.08741
73,-0.962995,9.01327,-3.35322
69,-0.962995,9.01327,-3.35322
73,-6.07441,5.97937,-2.09979
69,-6.07441,5.97937,-2.09979
73,-4.39266,10.487,-2.81232
69,-4.39266,10.487,-2.81232
73,-2.50984,13.7841,0.150244
69,-2.50984,13.7841,0.150244
73,-6.68708,6.54843,-2.37204
69,-6.68708,6.54843,-2.37204
73,-3.37745,11.0853,-3.07984
69,-3.37745,11.0853,-3.07984
73,-0.283217,13.598,-0.832255
69,-0.283217,13.598,-0.832255
73,-6.02868,8.37928,0.0732082
69,-6.02868,8.37928,0.0732082
73,-1.80954,10.3475,-1.34479
68,-1.80954,10.3475,-1.34479
73,-1.61347,10.8598,-1.19261
68,-1.61347,10.8598,-1.19261
73,-2.20428,9.29747,-2.15486
68,-2.20428,9.29747,-2.15486
73,-0.889126,8.90176,-3.11834
68,-0.889126,8.90176,-3.11834
73,-0.524826,8.50401,-3.54149
68,-0.524826,8.50401,-3.54149
73,-6.63826,8.0783,-0.133519
68,-6.63826,8.0783,-0.133519
73,-0.26419,9.58628,-2.58663
68,-0.26419,9.58628,-2.58663
73,-6.75709,8.16634,-1.85419
67,-6.75709,8.16634,-1.85419
73,-1.53589,10.2062,-2.33977
67,-1.53589,10.2062,-2.33977
73,-1.39638,10.2812,-2.34134
67,-1.39638,10.2812,-2.34134
73,-6.24856,11.2896,-2.08486
64,-6.24856,11.2896,-2.08486
73,0.429877,9.52812,-2.33335
64,0.429877,9.52812,-2.33335
73,-4.77174,12.0828,-1.47724
64,-4.77174,12.0828,-1.47724
73,-3.56258,10.8031,-2.17392
64,-3.56258,10.8031,-2.17392
73,-1.09881,11.2524,-2.57695
64,-1.09881,11.2524,-2.57695
73,-2.01961,10.7961,-1.27646
64,-2.01961,10.7961,-1.27646
73,-1.54686,4.36728,0.0968625
63,-1.54686,4.36728,0.0968625
73,-1.09387,9.64944,-2.85277
63,-1.09387,9.64944,-2.85277
73,0.136985,9.61384,-3.66097
63,0.136985,9.61384,-3.66097
73,-6.10793,11.4649,-2.00715
65,-6.10793,11.4649,-2.00715
73,-5.77599,8.17222,-0.479557
65,-5.77599,8.17222,-0.479557
73,-3.99185,13.9433,-0.597202
65,-3.99185,13.9433,-0.597202
73,-2.41061,7.1014,-1.78423
65,-2.41061,7.1014,-1.78423
73,-1.46233,10.7152,-2.02371
65,-1.46233,10.7152,-2.02371
73,-1.49685,10.9721,-2.08999
65,-1.49685,10.9721,-2.08999
73,-6.10403,11.4049,-2.02349
66,-6.10403,11.4049,-2.02349
74,-1.6419,3.45117,-1.93612
74,-1.63883,3.46325,-1.93863
74,-1.63762,3.48828,-1.91012
74,-1.63639,3.5122,-1.93523
74,-1.72335,3.53145,-1.8832
74,-1.61624,3.63446,-1.91123
74,-1.61032,3.66743,-1.90715
74,-1.62109,3.72755,-1.89831
74,-1.64649,3.74897,-1.86353
74,-2.18726,3.38504,-2.00174
74,-1.58517,3.80045,-1.8875
74,-1.63037,3.76812,-1.92654
74,-1.68393,3.75493,-1.8872
74,-2.33806,3.48168,-2.03043
74,-2.40074,3.47415,-2.03268
74,-1.57195,4.03414,-1.89711
74,-2.28588,3.42292,-2.34445
74,-2.43542,3.52077,-1.97994
74,-1.59241,4.06884,-1.92182
74,-2.39054,3.56377,-2.03963
74,-1.52942,4.15616,-1.89664
74,-2.43207,3.55259,-2.03551
74,-1.53014,4.24188,-1.91589
74,-1.53975,4.4891,-1.89959
74,-1.53713,4.4956,-1.88922
74,-1.54775,4.53105,-1.86601
74,-1.62153,4.58852,-1.85717
74,-1.62728,4.63773,-1.86532
74,-1.62812,4.64,-1.88082
74,-2.13133,4.50393,-1.90463
74,-2.06168,4.66996,-1.7642
74,-2.1753,4.57093,-1.84704
74,-1.91828,4.71243,-1.88729
74,-1.96014,4.73375,-1.7886
74,-1.92925,4.76828,-1.82591
74,-2.02006,4.7464,-1.75312
74,-1.92886,4.79344,-1.9359
74,-1.37203,5.23947,-1.86791
74,-2.26917,4.77929,-1.77567
74,-2.29002,4.74518,-1.86974
74,-2.27767,4.80308,-1.78265
74,-1.52924,5.22597,-1.86826
74,-2.35342,4.72371,-1.91833
74,-1.55967,5.29167,-1.83138
74,-1.54058,5.32504,-1.81736
74,-1.94165,5.17556,-1.75769
74,-1.52428,5.40678,-1.80699
74,-3.72546,3.64448,-2.90591
74,-1.78209,5.38306,-1.75434
74,-1.30804,5.71347,-1.91102
74,-1.31483,5.7215,-1.91711
74,-1.8291,5.47592,-1.807
74,-1.79963,5.45086,-1.92292
74,-1.79867,5.45729,-1.91722
74,-1.94094,5.47168,-1.74953
74,-1.88894,5.5107,-1.80248
74,-6.34135,3.49851,-0.301019
74,-1.50825,5.80312,-1.86848
74,-6.52082,3.33584,-0.68881
74,-3.00737,4.94174,-1.93679
74,-1.74881,5.79955,-1.76147
74,-6.53144,3.73326,0.0862072
74,-3.09368,4.93382,-1.90023
74,-2.63723,5.2336,-1.85842
74,-2.07528,5.62896,-1.75791
74,-2.21767,5.55714,-1.73027
74,-1.21114,6.1234,-1.90402
74,-2.14604,5.62087,-1.76449
74,-6.63935,3.38842,-0.707423
74,-2.66096,5.27054,-1.88599
74,-0.352307,6.08183,-3.20892
74,-2.46536,5.38173,-1.91809
74,-1.57021,6.01075,-1.73786
74,-1.36248,6.11018,-1.81107
74,-2.51017,5.37553,-1.9176
74,-1.20833,6.1679,-1.92469
74,-2.48204,5.42588,-1.92969
74,-6.63604,3.64483,-0.352197
74,-1.34499,6.15431,-1.91892
74,-1.3639,6.17872,-1.84422
74,-6.63763,4.0788,0.584064
74,-1.19988,5.67221,-3.27017
74,-0.924616,5.79465,-3.40289
74,-2.27724,5.69328,-1.80747
74,-6.60422,4.22611,0.737027
74,-2.1701,5.81402,-1.77024
74,-0.88823,6.01408,-3.28914
74,-0.926603,5.99871,-3.28064
74,-2.32169,5.85804,-1.6919
74,-1.45534,5.66048,-3.43442
74,-1.02376,6.12504,-3.21012
74,-6.70619,3.90241,-0.809705
74,-2.7416,5.98943,-1.92351
74,-6.84161,4.3251,-0.276522
74,-6.08633,3.92999,-2.23566
74,-2.77469,6.10745,-1.91117
74,-6.90082,4.16751,-0.677895
74,-6.64368,4.65102,0.0304238
74,-6.29268,3.87327,-2.30229
74,-6.78412,3.88932,-1.6454
74,-6.92935,4.42764,-0.267081
74,-7.05848,4.67314,0.276105
74,-6.83081,3.95475,-1.83992
74,-6.67164,5.02791,0.132862
74,-6.71541,4.63616,-0.820244
74,-6.75512,4.67779,-0.825788
74,-6.78231,5.51233,0.833114
74,-6.95994,4.75564,-0.884675
74,-6.69275,3.47572,-4.16235
74,-6.7233,5.01099,-0.662279
74,-5.96124,3.8848,-4.41268
74,-5.98641,3.93516,-4.32192
74,-6.86431,5.11454,-0.646762
74,-6.81646,5.21322,-0.498224
74,-4.22979,6.26435,-1.84411
74,-6.86084,5.79434,0.660106
74,-6.64855,7.74025,-0.253755
73,-6.64855,7.74025,-0.253755
74,-6.65698,7.39039,-0.382236
73,-6.65698,7.39039,-0.382236
74,-2.30018,3.46461,-2.14896
73,-2.30018,3.46461,-2.14896
74,-6.38483,6.39684,-0.769409
73,-6.38483,6.39684,-0.769409
74,-4.6033,11.0838,-3.0129
73,-4.6033,11.0838,-3.0129
74,-2.78809,13.2654,-2.46141
73,-2.78809,13.2654,-2.46141
74,-4.09055,10.502,-2.49482
73,-4.09055,10.502,-2.49482
74,-6.73555,6.91027,-0.843534
73,-6.73555,6.91027,-0.843534
74,-6.60855,6.80281,-0.468008
73,-6.60855,6.80281,-0.468008
74,-1.70154,10.4267,-2.01062
73,-1.70154,10.4267,-2.01062
74,-2.61246,9.957,-2.48243
73,-2.61246,9.957,-2.48243
74,-6.3558,8.32627,-0.693275
73,-6.3558,8.32627,-0.693275
74,-6.43095,7.55008,-1.8775
73,-6.43095,7.55008,-1.8775
74,-5.82622,8.25533,-0.165988
73,-5.82622,8.25533,-0.165988
74,-6.08212,6.14852,-2.12085
73,-6.08212,6.14852,-2.12085
74,-5.87633,10.9962,-1.75578
73,-5.87633,10.9962,-1.75578
74,-2.10922,9.65748,-1.66094
73,-2.10922,9.65748,-1.66094
74,-6.6688,7.24434,-0.835415
73,-6.6688,7.24434,-0.835415
74,-2.50267,9.39815,-2.30145
73,-2.50267,9.39815,-2.30145
74,-2.79283,8.13763,-2.26818
73,-2.79283,8.13763,-2.26818
74,-4.89579,12.6266,0.857202
73,-4.89579,12.6266,0.857202
74,-6.66352,7.40328,-0.383342
73,-6.66352,7.40328,-0.383342
74,-6.32283,7.88028,0.449271
73,-6.32283,7.88028,0.449271
74,-6.50086,6.36688,-2.08226
73,-6.50086,6.36688,-2.08226
74,-6.6819,5.50739,-1.90272
73,-6.6819,5.50739,-1.90272
74,-1.50482,10.6982,-2.3222
73,-1.50482,10.6982,-2.3222
74,-6.61473,5.67771,-0.818256
73,-6.61473,5.67771,-0.818256
74,-1.35771,5.22414,-1.87114
73,-1.35771,5.22414,-1.87114
74,-1.96347,14.1562,1.79025
73,-1.96347,14.1562,1.79025
74,-6.41376,6.1294,-2.18869
73,-6.41376,6.1294,-2.18869
74,-6.60126,6.48953,-2.13738
73,-6.60126,6.48953,-2.13738
74,-6.43857,8.36958,0.867709
73,-6.43857,8.36958,0.867709
74,-6.5971,5.6302,-0.813129
73,-6.5971,5.6302,-0.813129
74,-7.4031,16.2958,1.53876
73,-7.4031,16.2958,1.53876
74,-1.48706,4.52062,-1.83111
73,-1.48706,4.52062,-1.83111
74,-0.907605,9.97853,-2.80207
73,-0.907605,9.97853,-2.80207
74,-2.66334,9.78475,-3.06391
73,-2.66334,9.78475,-3.06391
74,-1.54382,4.83909,-2.0298
73,-1.54382,4.83909,-2.0298
74,-6.81656,6.57173,0.382033
73,-6.81656,6.57173,0.382033
74,-2.0936,10.5908,-1.95497
73,-2.0936,10.5908,-1.95497
74,-1.06862,9.73349,-3.56701
73,-1.06862,9.73349,-3.56701
74,-3.7482,9.33474,-1.81741
73,-3.7482,9.33474,-1.81741
74,-0.307005,9.44941,-2.76168
73,-0.307005,9.44941,-2.76168
74,-1.37679,9.47024,-2.78273
73,-1.37679,9.47024,-2.78273
74,-1.51632,9.95831,-2.26605
73,-1.51632,9.95831,-2.26605
74,-1.55248,5.61792,-2.04151
73,-1.55248,5.61792,-2.04151
74,-1.96347,14.1562,1.79025
73,-1.96347,14.1562,1.79025
74,-1.49855,11.3963,-2.20457
73,-1.49855,11.3963,-2.20457
74,-5.8785,5.61095,-1.96052
73,-5.8785,5.61095,-1.96052
74,-2.51209,10.0101,-3.17522
73,-2.51209,10.0101,-3.17522
74,-1.98803,4.90714,-1.87833
73,-1.98803,4.90714,-1.87833
74,-0.615731,10.6323,-1.50904
73,-0.615731,10.6323,-1.50904
74,-6.94017,7.28557,0.399506
73,-6.94017,7.28557,0.399506
74,-0.472316,9.81951,-2.89
73,-0.472316,9.81951,-2.89
74,-1.05421,8.98675,-1.94781
73,-1.05421,8.98675,-1.94781
74,-5.88877,9.50102,-1.72687
73,-5.88877,9.50102,-1.72687
74,-7.27066,16.0164,1.57886
73,-7.27066,16.0164,1.57886
74,-5.02248,12.3846,1.28951
73,-5.02248,12.3846,1.28951
74,-0.0259001,8.13295,-3.04501
73,-0.0259001,8.13295,-3.04501
74,-6.44293,5.57781,-1.55839
73,-6.44293,5.57781,-1.55839
74,-1.09569,10.9324,-0.275804
73,-1.09569,10.9324,-0.275804
74,-6.20657,5.93383,-2.12054
73,-6.20657,5.93383,-2.12054
74,-1.79401,5.60137,-2.46523
73,-1.79401,5.60137,-2.46523
74,-0.36122,8.17151,-2.11913
73,-0.36122,8.17151,-2.11913
74,-4.05691,8.42292,-0.235649
73,-4.05691,8.42292,-0.235649
74,-5.27699,8.84428,-0.441798
72,-5.27699,8.84428,-0.441798
74,-3.82888,10.9999,-2.74163
72,-3.82888,10.9999,-2.74163
74,-1.98124,10.6245,-2.8789
72,-1.98124,10.6245,-2.8789
74,-6.28297,6.93042,0.151104
72,-6.28297,6.93042,0.151104
74,-6.23019,8.87301,-0.225261
72,-6.23019,8.87301,-0.225261
74,-1.71115,10.5628,-0.998084
72,-1.71115,10.5628,-0.998084
74,-1.08324,6.12278,-3.38369
72,-1.08324,6.12278,-3.38369
74,-2.9039,4.84343,-1.83716
72,-2.9039,4.84343,-1.83716
74,-3.38205,11.9326,-2.66976
72,-3.38205,11.9326,-2.66976
74,-6.36555,6.36236,-1.68114
72,-6.36555,6.36236,-1.68114
74,-7.82935,6.76895,-2.08966
72,-7.82935,6.76895,-2.08966
74,-0.283997,9.43081,-3.15911
72,-0.283997,9.43081,-3.15911
74,-1.41209,11.3477,-0.62159
72,-1.41209,11.3477,-0.62159
74,-5.07802,13.0734,1.49852
72,-5.07802,13.0734,1.49852
74,-0.919192,9.69344,-2.69874
72,-0.919192,9.69344,-2.69874
74,-0.387142,8.53946,-3.63018
72,-0.387142,8.53946,-3.63018
74,-3.27181,11.4487,-2.54807
72,-3.27181,11.4487,-2.54807
74,-6.76912,6.16171,0.268834
72,-6.76912,6.16171,0.268834
74,-5.65604,7.41214,-2.20854
72,-5.65604,7.41214,-2.20854
74,-0.4593,9.64977,-2.85455
72,-0.4593,9.64977,-2.85455
74,-2.3386,9.08346,-2.46481
72,-2.3386,9.08346,-2.46481
74,-0.872416,9.11453,-0.415994
72,-0.872416,9.11453,-0.415994
74,-6.93636,4.40034,-0.280496
72,-6.93636,4.40034,-0.280496
74,-2.0622,4.59993,-1.73254
72,-2.0622,4.59993,-1.73254
74,-1.68227,4.89856,-2.03373
72,-1.68227,4.89856,-2.03373
74,-5.70967,13.2892,-0.451406
72,-5.70967,13.2892,-0.451406
74,-1.39202,10.4227,-0.540942
72,-1.39202,10.4227,-0.540942
74,-7.64465,7.49796,-2.5633
72,-7.64465,7.49796,-2.5633
74,-5.03254,11.8922,-0.330626
72,-5.03254,11.8922,-0.330626
74,-2.46413,5.17119,-2.08647
71,-2.46413,5.17119,-2.08647
74,-1.55732,9.76296,-2.21628
71,-1.55732,9.76296,-2.21628
74,-5.71697,6.84028,-2.03525
71,-5.71697,6.84028,-2.03525
74,-2.19624,9.64579,-2.14636
71,-2.19624,9.64579,-2.14636
74,-2.20821,9.76057,-2.15789
71,-2.20821,9.76057,-2.15789
74,-7.09067,7.86641,0.124126
71,-7.09067,7.86641,0.124126
74,-5.972,8.5625,-0.665448
71,-5.972,8.5625,-0.665448
74,-6.47677,10.3626,-2.53387
71,-6.47677,10.3626,-2.53387
74,-6.63839,6.25167,0.372837
71,-6.63839,6.25167,0.372837
74,-7.25109,7.63059,0.399278
71,-7.25109,7.63059,0.399278
74,-0.780312,9.48552,-2.77843
71,-0.780312,9.48552,-2.77843
74,-2.0707,10.9613,-1.11465
71,-2.0707,10.9613,-1.11465
74,-0.0306311,9.52069,-2.79754
71,-0.0306311,9.52069,-2.79754
74,-6.72458,7.56292,-0.438305
71,-6.72458,7.56292,-0.438305
74,-6.50988,5.64428,-1.5836
71,-6.50988,5.64428,-1.5836
74,-2.73068,12.0466,1.24545
71,-2.73068,12.0466,1.24545
74,-6.72875,9.0018,0.97012
71,-6.72875,9.0018,0.97012
74,-7.42066,6.28398,-0.986756
71,-7.42066,6.28398,-0.986756
74,-5.67159,7.53174,0.803399
71,-5.67159,7.53174,0.803399
74,-1.47196,11.1555,-0.582403
71,-1.47196,11.1555,-0.582403
74,-6.29921,4.07429,-4.02141
71,-6.29921,4.07429,-4.02141
74,-2.55382,5.37729,-1.87186
70,-2.55382,5.37729,-1.87186
74,-6.20183,10.1309,-1.81124
70,-6.20183,10.1309,-1.81124
74,-2.31168,4.74859,-1.85579
70,-2.31168,4.74859,-1.85579
74,-0.53852,12.3844,-1.84488
70,-0.53852,12.3844,-1.84488
74,-1.47338,10.3283,-1.91418
70,-1.47338,10.3283,-1.91418
74,-0.642332,11.9143,1.45616
70,-0.642332,11.9143,1.45616
74,-1.71591,10.4202,-1.22912
69,-1.71591,10.4202,-1.22912
74,-1.80864,10.2808,-0.960015
69,-1.80864,10.2808,-0.960015
74,-5.45231,12.0444,-2.78664
69,-5.45231,12.0444,-2.78664
74,-1.55954,9.12213,-2.51702
68,-1.55954,9.12213,-2.51702
74,-1.12753,7.07932,-2.80145
68,-1.12753,7.07932,-2.80145
74,-3.68971,13.3706,-1.87625
68,-3.68971,13.3706,-1.87625
74,-5.95529,5.70852,-2.00194
68,-5.95529,5.70852,-2.00194
74,-1.13533,7.13421,-2.83372
68,-1.13533,7.13421,-2.83372
74,-0.813813,10.5897,-2.41779
68,-0.813813,10.5897,-2.41779
74,-1.85793,9.18758,-2.5472
67,-1.85793,9.18758,-2.5472
74,-6.65972,8.82897,-2.00773
67,-6.65972,8.82897,-2.00773
74,-3.22462,10.638,-2.89657
67,-3.22462,10.638,-2.89657
74,-3.38988,11.4276,-0.284626
67,-3.38988,11.4276,-0.284626
74,-6.09228,12.1304,-2.00194
64,-6.09228,12.1304,-2.00194
74,-6.00235,9.80088,-1.70987
64,-6.00235,9.80088,-1.70987
74,-2.35855,4.8937,-1.92949
64,-2.35855,4.8937,-1.92949
74,-4.00543,10.0037,-2.27036
66,-4.00543,10.0037,-2.27036
74,-2.43003,9.6989,-2.69337
66,-2.43003,9.6989,-2.69337
74,-1.54322,4.11054,-1.9397
66,-1.54322,4.11054,-1.9397
74,-2.33576,10.2583,-1.80767
66,-2.33576,10.2583,-1.80767
74,-2.30904,10.1392,-1.77996
66,-2.30904,10.1392,-1.77996
75,-1.75019,2.06642,0.300137
75,-0.881622,4.16254,-1.83652
75,-1.88903,4.28727,-1.53928
75,-1.67639,4.4804,-1.8987
75,-1.68306,4.52615,-1.93749
75,-1.90484,4.57977,-1.79616
75,-1.87903,4.60389,-1.82054
75,-1.64408,4.70055,-1.93384
75,-1.64136,4.71407,-1.92536
75,-1.64188,4.72354,-1.92347
75,-1.72605,4.65412,-2.00102
75,-1.65595,4.74176,-1.92733
75,-1.66881,4.76722,-1.9834
75,-1.74459,4.66915,-2.13038
75,-2.0542,4.59991,-1.96516
75,-1.66684,4.81168,-2.02841
75,-2.05201,4.62028,-1.97566
75,-1.56353,4.83434,-2.18249
75,-1.74544,4.99044,-1.68211
75,-1.72901,5.00741,-1.69476
75,-1.48387,5.25291,-1.60668
75,-1.46583,5.27452,-1.61735
75,-1.81031,5.11631,-1.75696
75,-5.92546,3.19393,-0.542684
75,-2.06923,4.97014,-1.85992
75,-2.23375,4.83683,-2.11786
75,-2.07565,5.03054,-1.9083
75,-2.39879,4.90277,-1.83059
75,-2.85231,4.67742,-1.75794
75,-2.12931,5.02394,-1.96438
75,-2.41997,4.91645,-1.83777
75,-2.84559,4.70787,-1.75765
75,-2.86356,4.73019,-1.75852
75,-2.10255,5.13036,-1.94769
75,-1.68458,5.54784,-1.6503
75,-1.13853,5.76684,-2.17454
75,-2.46737,5.04943,-2.03502
75,-1.69428,5.70186,-1.6339
75,-2.95282,4.90705,-1.86511
75,-1.70737,5.76393,-1.64896
75,-1.14395,5.8626,-2.22928
75,-2.28914,5.50866,-1.59022
75,-1.86874,5.67146,-1.8304
75,-3.03461,4.92426,-1.96299
75,-4.49246,5.25598,0.733931
75,-1.2152,5.95127,-2.18572
75,-1.15393,5.95581,-2.26654
75,-3.1039,4.93464,-1.91888
75,-1.47106,5.97946,-1.84032
75,-2.45232,5.37208,-1.88131
75,-1.86285,5.72787,-1.88314
75,-2.4722,5.36386,-1.90278
75,-1.03918,5.81301,-2.97878
75,-5.40329,3.75893,-1.68487
75,-2.57208,5.36767,-1.9384
75,-2.48903,5.44811,-1.93868
75,-2.41304,5.28683,-2.40756
75,-1.65683,5.87091,-2.14678
75,-1.83205,5.78317,-2.12112
75,-5.45634,3.79743,-1.71681
75,-3.20102,5.0404,-1.99838
75,-2.71526,5.40955,-1.96716
75,-3.22216,5.11156,-2.08471
75,-2.63714,5.3851,-2.26741
75,-2.3216,5.83032,-1.69938
75,-2.31518,5.84136,-1.71884
75,-2.73861,5.47063,-1.99839
75,-2.61238,5.3872,-2.36103
75,-3.24229,5.14399,-2.05944
75,-6.54228,3.33372,-1.80814
75,-2.34006,5.89927,-1.76364
75,-2.32705,5.93018,-1.74318
75,-5.29888,4.17926,-1.67064
75,-5.32849,4.16945,-1.67242
75,-3.23735,5.26768,-2.15841
75,-3.30165,5.24362,-2.12874
75,-2.17902,5.9945,-1.98566
75,-1.20416,6.47083,-2.36463
75,-1.20502,5.98481,-3.5185
75,-2.80588,5.6517,-2.09013
75,-2.02915,6.19146,-1.9357
75,-2.7865,5.71507,-2.11436
75,-1.55454,6.51477,-2.06073
75,-5.61641,5.11427,0.288996
75,-2.35206,6.12493,-1.89165
75,-1.76007,6.25341,-2.41987
75,-6.03616,3.88957,-2.04724
75,-2.77375,5.97819,-1.92483
75,-2.56044,6.09294,-1.98713
75,-1.47613,6.71232,-2.16616
75,-1.63487,6.70366,-2.04262
75,-2.57018,6.16397,-2.01499
75,-1.61723,7.52977,-0.237739
75,-2.07444,6.45592,-2.04257
75,-1.78612,6.63523,-2.05755
75,-6.95755,4.03963,-0.873242
75,-0.499504,7.32518,-2.2693
75,-2.62445,6.23011,-1.89085
75,-1.66305,6.74629,-2.05506
75,-5.39787,4.64033,-1.72492
75,-2.78516,6.08283,-2.03671
75,-2.87305,6.04587,-2.03023
75,-0.483561,7.39923,-2.27307
75,-5.84132,5.30765,0.284678
75,-2.80547,6.19529,-2.02258
75,-2.8009,6.24911,-1.992
75,-5.29471,4.89925,-1.66013
75,-1.80151,6.80904,-2.11868
75,-2.80574,6.25422,-2.06631
75,-6.03871,5.4996,0.572984
75,-6.29317,3.29951,-4.04764
75,-7.86777,4.24313,0.167569
75,-7.21165,4.16162,-0.917825
75,-0.932873,8.23725,-0.2975
75,-7.94884,4.27104,0.132514
75,-6.91398,5.25579,0.863665
75,-5.38356,5.10263,-1.68751
75,-1.27352,7.24942,-2.45466
75,-1.78597,7.08497,-2.2338
75,-2.88811,6.50236,-2.08609
75,-7.4363,4.27133,-0.962005
75,-5.25809,5.27954,-1.67068
75,-6.49378,4.60489,-1.52645
75,-0.860727,8.53638,-0.35143
75,-6.81193,4.72986,-0.849308
75,-0.289912,7.90182,-2.62183
75,-3.37256,7.52371,0.711901
75,-1.50215,7.28031,-2.42528
75,-6.72703,3.83472,-3.08208
75,-2.65101,6.93745,-1.67207
75,-1.72022,7.51444,-1.65326
75,-0.840489,8.67271,-0.358776
75,-1.63025,7.32502,-2.36318
75,-2.02156,7.62803,-1.15855
75,-5.54963,5.25451,-1.75499
75,-5.36258,5.39458,-1.74332
75,-5.31648,5.42466,-1.74049
75,-0.935398,8.78332,-0.364255
75,-1.10663,7.9097,-2.16715
75,-6.70021,5.17061,-0.823924
75,-5.60652,5.46521,-1.67706
75,-6.46479,5.49351,-0.778593
75,-0.0416113,8.34494,-3.14876
75,-2.36859,3.42686,-2.03052
74,-2.36859,3.42686,-2.03052
75,-4.23748,8.71264,-2.84934
74,-4.23748,8.71264,-2.84934
75,-3.55794,11.1429,-2.6439
74,-3.55794,11.1429,-2.6439
75,-3.71677,10.9952,-2.24227
74,-3.71677,10.9952,-2.24227
75,-6.22414,5.96023,-2.11542
74,-6.22414,5.96023,-2.11542
75,-3.16864,10.4048,-2.81376
74,-3.16864,10.4048,-2.81376
75,-6.12581,5.97818,-1.91252
74,-6.12581,5.97818,-1.91252
75,-7.17045,6.51398,-2.12663
74,-7.17045,6.51398,-2.12663
75,-2.12787,11.5289,-2.26811
74,-2.12787,11.5289,-2.26811
75,-6.42723,5.65074,-0.776752
74,-6.42723,5.65074,-0.776752
75,-7.35406,5.84965,-0.979717
74,-7.35406,5.84965,-0.979717
75,-3.09872,10.629,-2.32932
74,-3.09872,10.629,-2.32932
75,-7.08454,6.22539,-0.918154
74,-7.08454,6.22539,-0.918154
75,-6.31332,5.07153,-2.14143
74,-6.31332,5.07153,-2.14143
75,-7.46342,5.94958,-1.01008
74,-7.46342,5.94958,-1.01008
75,-4.37653,10.9011,1.30062
74,-4.37653,10.9011,1.30062
75,-12.0237,11.4905,1.63071
74,-12.0237,11.4905,1.63071
75,-5.86654,8.41032,1.0822
74,-5.86654,8.41032,1.0822
75,-3.65596,11.5803,-2.75364
74,-3.65596,11.5803,-2.75364
75,-11.1923,12.7374,1.56917
74,-11.1923,12.7374,1.56917
75,-1.40037,10.8049,-0.58481
74,-1.40037,10.8049,-0.58481
75,-0.72593,6.40299,-3.41266
74,-0.72593,6.40299,-3.41266
75,-6.75179,5.31588,-1.6622
74,-6.75179,5.31588,-1.6622
75,-2.40236,9.46405,-2.62565
74,-2.40236,9.46405,-2.62565
75,-2.48372,3.59145,-2.05445
74,-2.48372,3.59145,-2.05445
75,-2.30522,15.602,1.94958
74,-2.30522,15.602,1.94958
75,-6.82747,5.37544,-1.68155
74,-6.82747,5.37544,-1.68155
75,-4.81555,10.3117,-3.45005
74,-4.81555,10.3117,-3.45005
75,-3.01778,10.2218,-1.28495
74,-3.01778,10.2218,-1.28495
75,-4.47371,6.67061,-1.99819
74,-4.47371,6.67061,-1.99819
75,-4.24108,6.26833,-1.84243
74,-4.24108,6.26833,-1.84243
75,-6.53047,5.08676,0.369122
74,-6.53047,5.08676,0.369122
75,-6.63891,3.80621,0.0729831
74,-6.63891,3.80621,0.0729831
75,-0.842244,9.45314,-2.07622
74,-0.842244,9.45314,-2.07622
75,-7.11004,5.9883,-0.920548
74,-7.11004,5.9883,-0.920548
75,0.0309477,8.61287,-3.26613
74,0.0309477,8.61287,-3.26613
75,-6.57525,5.69004,-1.54123
74,-6.57525,5.69004,-1.54123
75,-0.854204,10.0916,-0.475979
74,-0.854204,10.0916,-0.475979
75,-6.29572,6.98806,-0.766715
73,-6.29572,6.98806,-0.766715
75,-1.93624,8.97526,-2.3442
73,-1.93624,8.97526,-2.3442
75,-2.00886,9.26622,-2.45289
73,-2.00886,9.26622,-2.45289
75,-1.78101,9.25302,-2.44762
73,-1.78101,9.25302,-2.44762
75,-3.84143,10.3422,-2.4119
73,-3.84143,10.3422,-2.4119
75,-6.1024,9.11588,-3.00702
73,-6.1024,9.11588,-3.00702
75,-2.28754,12.4481,-2.36667
73,-2.28754,12.4481,-2.36667
75,-0.97773,6.04091,-3.28802
73,-0.97773,6.04091,-3.28802
75,-2.05472,9.35694,-2.45183
73,-2.05472,9.35694,-2.45183
75,-3.9114,10.2847,-2.78785
73,-3.9114,10.2847,-2.78785
75,-5.33574,12.1886,-0.370101
73,-5.33574,12.1886,-0.370101
75,-6.79996,7.43216,-0.443486
73,-6.79996,7.43216,-0.443486
75,-3.59658,9.29262,-2.46469
73,-3.59658,9.29262,-2.46469
75,-5.36375,6.37284,-1.8479
73,-5.36375,6.37284,-1.8479
75,-0.455192,8.9629,-3.41568
73,-0.455192,8.9629,-3.41568
75,-3.17262,13.9105,1.60948
73,-3.17262,13.9105,1.60948
75,-3.06963,6.54972,-2.01274
73,-3.06963,6.54972,-2.01274
75,-0.279755,9.67105,-2.60371
73,-0.279755,9.67105,-2.60371
75,-2.36968,9.22022,-2.4966
73,-2.36968,9.22022,-2.4966
75,-6.3088,7.95384,-1.83074
72,-6.3088,7.95384,-1.83074
75,-5.61419,9.68627,-0.517438
72,-5.61419,9.68627,-0.517438
75,-1.99917,10.2016,-1.00708
72,-1.99917,10.2016,-1.00708
75,-6.90315,7.4222,-0.510428
72,-6.90315,7.4222,-0.510428
75,-2.02287,9.20423,-2.1059
72,-2.02287,9.20423,-2.1059
75,-3.43478,9.8697,-2.68524
72,-3.43478,9.8697,-2.68524
75,-5.97345,8.49007,-0.520489
72,-5.97345,8.49007,-0.520489
75,-4.64792,6.04424,-1.67959
72,-4.64792,6.04424,-1.67959
75,-5.67568,5.35219,-1.91985
72,-5.67568,5.35219,-1.91985
75,-4.84407,6.30615,-1.78002
72,-4.84407,6.30615,-1.78002
75,-3.30053,11.0229,-3.06182
72,-3.30053,11.0229,-3.06182
75,-10.5438,14.6752,1.96364
72,-10.5438,14.6752,1.96364
75,-1.5387,10.1436,-2.26507
72,-1.5387,10.1436,-2.26507
75,-0.909056,5.16485,-1.88141
72,-0.909056,5.16485,-1.88141
75,-2.24491,12.8807,-1.48495
72,-2.24491,12.8807,-1.48495
75,-5.31212,6.30962,-1.82669
72,-5.31212,6.30962,-1.82669
75,-7.52966,12.3866,-1.08392
71,-7.52966,12.3866,-1.08392
75,-5.68989,8.42077,-0.506573
71,-5.68989,8.42077,-0.506573
75,-4.56599,10.0013,-2.99184
71,-4.56599,10.0013,-2.99184
75,-6.17704,10.0793,-0.828686
71,-6.17704,10.0793,-0.828686
75,-0.548281,12.6465,-1.89297
71,-0.548281,12.6465,-1.89297
75,-0.913921,13.5753,-2.15217
71,-0.913921,13.5753,-2.15217
75,-6.62132,7.4129,-0.855367
71,-6.62132,7.4129,-0.855367
75,-5.44631,8.70671,-0.567141
70,-5.44631,8.70671,-0.567141
75,-3.66651,12.5169,-1.54522
70,-3.66651,12.5169,-1.54522
75,-4.57081,17.4242,2.38203
70,-4.57081,17.4242,2.38203
75,-4.48634,9.77324,-2.78793
70,-4.48634,9.77324,-2.78793
75,-6.04762,9.77335,-1.83143
70,-6.04762,9.77335,-1.83143
75,-1.37525,9.38374,-2.73863
69,-1.37525,9.38374,-2.73863
75,-5.4685,16.7504,1.83456
69,-5.4685,16.7504,1.83456
75,-3.34028,9.62457,-2.59372
69,-3.34028,9.62457,-2.59372
75,-6.19331,11.3876,-1.16856
68,-6.19331,11.3876,-1.16856
75,-1.95414,9.03219,-2.28342
64,-1.95414,9.03219,-2.28342
75,-6.3692,12.3931,-2.04341
66,-6.3692,12.3931,-2.04341
76,-1.50284,2.0605,0.525167
76,-1.96944,2.10712,0.320828
76,-2.43014,2.91556,0.18665
76,-1.70277,3.83943,-1.83738
76,-1.68794,3.88168,-1.84044
76,-1.67311,3.97369,-1.81638
76,-2.69552,3.68518,-1.35692
76,-1.5825,4.08493,-1.92597
76,-2.44273,3.58323,-2.03385
76,-1.77597,4.03075,-1.96054
76,-1.61171,4.16417,-1.98822
76,-1.68393,4.27792,-1.88547
76,-1.69635,4.30932,-1.9099
76,-1.60892,4.49573,-1.85491
76,-2.28707,4.08845,-1.90665
76,-1.56974,4.55962,-1.87715
76,-1.56975,4.55769,-1.88537
76,-1.70551,4.48096,-1.89141
76,-1.60974,4.54907,-1.89016
76,-1.69999,4.49385,-1.89982
76,-1.51243,4.60001,-1.91072
76,-2.81994,3.83855,-1.94446
76,-1.65055,4.57289,-1.85512
76,-2.82579,3.84754,-1.95691
76,-2.831,3.8508,-1.95038
76,-2.08687,4.36565,-1.89835
76,-2.17554,4.37029,-1.78999
76,-1.68944,4.58176,-1.9613
76,-2.22208,4.38743,-1.77231
76,-2.14059,4.42675,-1.84164
76,-2.10056,4.41939,-1.93635
76,-1.65388,4.698,-1.89614
76,-1.61213,4.74518,-1.8953
76,-1.96885,4.54065,-1.91805
76,-1.61316,4.76439,-1.88702
76,-2.13522,4.56106,-1.85501
76,-2.05538,4.67519,-1.74847
76,-2.27447,4.4899,-1.93679
76,-2.1464,4.62588,-1.89518
76,-2.50583,4.42092,-1.88625
76,-3.3129,3.89233,-2.02829
76,-2.03832,4.75999,-1.77661
76,-2.03094,4.7943,-1.77105
76,-1.35366,5.11524,-1.94951
76,-2.09657,4.77021,-1.82092
76,-1.94801,4.82605,-1.9484
76,-1.96057,4.81751,-1.95624
76,-3.13723,4.15792,-1.89931
76,-3.35378,3.96486,-2.09766
76,-1.94022,4.8614,-1.97901
76,-2.52764,4.54552,-1.93134
76,-1.97526,4.85611,-1.9595
76,-2.33469,4.71693,-1.81996
76,-2.41655,4.70419,-1.76828
76,-1.3844,5.26187,-1.88875
76,-2.8776,4.45988,-1.73622
76,-2.37957,4.77852,-1.74811
76,-1.90516,4.96507,-1.99279
76,-1.89176,4.99162,-1.9658
76,-1.88884,4.99963,-1.97011
76,-1.94939,5.05605,-1.78898
76,-1.88704,5.00561,-1.98593
76,-1.91281,5.09731,-1.74959
76,-1.88511,5.09758,-1.79473
76,-1.88986,5.01634,-1.99332
76,-2.02281,4.98339,-1.94058
76,-1.89804,5.03788,-2.00127
76,-1.94695,5.14876,-1.72617
76,-3.46478,4.11589,-2.22272
76,-1.80086,5.31919,-1.71863
76,-1.79086,5.28383,-1.84438
76,-3.00469,4.63188,-1.74135
76,-2.9447,4.69575,-1.79815
76,-3.02567,4.6668,-1.75953
76,-1.76103,5.40164,-1.76937
76,-1.82509,5.39675,-1.75719
76,-6.26804,3.62876,0.082821
76,-1.51924,5.5749,-1.85567
76,-3.03867,4.71905,-1.79727
76,-1.79438,5.39962,-1.9109
76,-1.51662,5.59503,-1.86252
76,-2.0917,5.35762,-1.69626
76,-2.00331,5.40765,-1.714
76,-2.11343,5.40219,-1.71896
76,-3.08456,4.80261,-1.84579
76,-2.09528,5.45289,-1.7234
76,-3.06947,4.87414,-1.85867
76,-2.11142,5.49216,-1.76358
76,-3.00331,4.9294,-1.91494
76,-1.7882,5.76834,-1.72948
76,-6.48325,4.07231,0.62799
76,-1.51034,5.86226,-1.8897
76,-6.57059,3.99535,0.539953
76,-1.97757,5.63534,-1.81985
76,-2.66495,5.27229,-1.8884
76,-1.79895,5.83742,-1.76131
76,-2.99189,5.14126,-1.85401
76,-6.61895,4.1491,0.632771
76,-6.92913,3.78538,0.16706
76,-6.69022,3.71102,-0.357145
76,-2.68258,5.37733,-1.92285
76,-2.13222,5.76867,-1.77825
76,-3.01526,5.23282,-1.89114
76,-2.23618,5.74977,-1.80708
76,-2.40267,5.68748,-1.89191
76,-2.04069,5.94316,-1.79375
76,-1.519,6.18922,-1.93782
76,-2.39064,5.71635,-1.87864
76,-2.32041,5.77759,-1.8405
76,-2.32875,5.76993,-1.862
76,-2.52382,5.59918,-1.99445
76,-2.18601,5.88949,-1.80005
76,-1.89811,6.06568,-1.82227
76,-2.29926,5.82335,-1.8618
76,-2.35251,5.83863,-1.83702
76,-2.49992,5.86138,-1.87236
76,-2.38067,6.04443,-1.80076
76,-2.76854,5.93695,-1.90373
76,-6.91654,3.51035,-1.94946
76,-6.95092,3.53325,-1.88182
76,-2.61711,6.15903,-1.86015
76,-7.01968,4.50822,0.113655
76,-2.41539,6.32308,-1.86966
76,-2.86085,6.0884,-1.81933
76,-1.70788,6.74666,-1.9277
76,-2.75741,6.13824,-1.93852
76,-6.12113,4.12127,-2.14794
76,-2.88302,6.15741,-1.84226
76,-6.28585,4.05177,-2.13946
76,-3.20278,5.7495,-2.42813
76,-6.97579,4.50044,-0.28274
76,-2.97669,6.14339,-1.87094
76,-6.91212,3.96806,-1.637
76,-3.84986,5.66681,-1.8839
76,-6.44143,4.78937,-0.602269
76,-7.09697,4.57942,-0.302887
76,-7.01318,4.88244,0.246713
76,-6.22466,4.31979,-2.11263
76,-7.21665,4.36913,-0.748822
76,-6.53333,4.84929,-0.648566
76,-6.72521,4.69691,-0.838223
76,-6.62075,4.77415,-0.808026
76,-2.1018,6.83998,-2.14314
76,-6.67496,3.81911,-3.05072
76,-7.08424,4.18707,-1.80821
76,-1.06099,7.23076,-2.87937
76,-6.58177,4.37814,-2.06418
76,-6.74227,3.83952,-3.09083
76,-2.83202,6.62361,-1.96571
76,-3.07371,6.53235,-1.91281
76,-6.42186,4.4528,-2.21409
76,-2.83536,6.65506,-1.97799
76,-6.49114,5.20286,-0.449335
76,-3.08489,6.56561,-1.91895
76,-6.80734,3.8992,-3.1154
76,-6.5532,5.08754,-0.798121
76,-4.15793,6.0743,-1.76339
76,-4.17001,6.07896,-1.76339
76,-0.714277,7.50486,-3.14537
76,-6.58861,5.12343,-0.801181
76,-4.40623,6.0417,-1.7174
76,-4.42864,6.07329,-1.72631
76,-0.865301,7.58965,-3.05049
76,-0.735951,7.61105,-3.20719
76,-6.27524,4.07955,-3.90547
76,-4.23477,6.18905,-1.82402
76,-4.26614,6.18468,-1.80196
76,-6.75192,4.72627,-1.83857
76,-6.83221,4.56028,-2.19233
76,-7.05589,5.79788,0.882742
76,-6.64683,4.72361,-2.34109
76,-6.78104,5.45951,-0.500312
76,-0.0768528,8.23968,-3.47421
76,-0.923861,8.0066,-2.89357
76,-6.68435,6.08163,0.273986
76,-6.4236,5.1602,-2.2449
76,-2.08331,7.63983,-2.44041
76,-6.79341,5.82536,-0.377951
76,-6.44304,7.7651,-1.74166
75,-6.44304,7.7651,-1.74166
76,-4.55382,13.0302,-2.44919
75,-4.55382,13.0302,-2.44919
76,-2.67793,13.3647,-2.50968
75,-2.67793,13.3647,-2.50968
76,-2.33886,10.5718,-1.82583
75,-2.33886,10.5718,-1.82583
76,-6.42482,6.52276,-2.29163
75,-6.42482,6.52276,-2.29163
76,-4.9083,10.1208,-3.44845
75,-4.9083,10.1208,-3.44845
76,-4.06105,10.2751,-2.35295
75,-4.06105,10.2751,-2.35295
76,-6.51978,6.41553,-0.456972
75,-6.51978,6.41553,-0.456972
76,-5.81433,7.73059,-2.37497
75,-5.81433,7.73059,-2.37497
76,-1.74655,8.78041,-2.28343
75,-1.74655,8.78041,-2.28343
76,-4.61522,10.0305,-2.91158
75,-4.61522,10.0305,-2.91158
76,-3.12607,8.15631,-2.10663
75,-3.12607,8.15631,-2.10663
76,-2.39928,9.53749,-3.04798
75,-2.39928,9.53749,-3.04798
76,-1.51051,4.7171,-1.95276
75,-1.51051,4.7171,-1.95276
76,-2.50755,8.26215,-2.60922
75,-2.50755,8.26215,-2.60922
76,-1.45741,4.31174,-1.9943
75,-1.45741,4.31174,-1.9943
76,-3.47249,4.62871,-1.94637
75,-3.47249,4.62871,-1.94637
76,-1.82413,10.3739,-1.3512
75,-1.82413,10.3739,-1.3512
76,-6.47779,6.06228,-2.21439
75,-6.47779,6.06228,-2.21439
76,-3.84799,11.5178,-3.25225
75,-3.84799,11.5178,-3.25225
76,-1.89506,5.40142,-1.78842
75,-1.89506,5.40142,-1.78842
76,-6.73431,6.64206,-0.490716
75,-6.73431,6.64206,-0.490716
76,-5.42057,4.63935,-1.70483
75,-5.42057,4.63935,-1.70483
76,-3.95813,9.93468,-2.26265
75,-3.95813,9.93468,-2.26265
76,-6.10303,11.8359,-2.02261
75,-6.10303,11.8359,-2.02261
76,-4.58656,9.34234,-3.10715
75,-4.58656,9.34234,-3.10715
76,-6.53556,5.08515,-1.93886
75,-6.53556,5.08515,-1.93886
76,-3.30268,11.5458,-2.58945
75,-3.30268,11.5458,-2.58945
76,-9.71779,17.4805,2.38075
75,-9.71779,17.4805,2.38075
76,-6.83289,6.43317,0.377586
75,-6.83289,6.43317,0.377586
76,-7.06682,9.57739,-3.15319
75,-7.06682,9.57739,-3.15319
76,-2.69678,12.5961,-2.30105
75,-2.69678,12.5961,-2.30105
76,-6.21779,7.62913,0.985196
75,-6.21779,7.62913,0.985196
76,-12.5059,16.7306,1.86141
75,-12.5059,16.7306,1.86141
76,-6.71311,16.8905,2.31888
75,-6.71311,16.8905,2.31888
76,-10.8387,10.3374,1.47388
75,-10.8387,10.3374,1.47388
76,-5.00683,10.6207,-3.48841
75,-5.00683,10.6207,-3.48841
76,-0.491081,9.39109,-2.75958
75,-0.491081,9.39109,-2.75958
76,-0.604424,10.3031,-3.14239
75,-0.604424,10.3031,-3.14239
76,-2.37863,5.724,-1.96641
75,-2.37863,5.724,-1.96641
76,-2.58502,4.65092,-2.04098
75,-2.58502,4.65092,-2.04098
76,-4.82415,10.6155,-3.11036
75,-4.82415,10.6155,-3.11036
76,-1.47486,10.9686,-2.09024
75,-1.47486,10.9686,-2.09024
76,-4.1164,12.7395,-3.68354
75,-4.1164,12.7395,-3.68354
76,-2.55515,4.57358,-1.98828
75,-2.55515,4.57358,-1.98828
76,-5.40692,5.05896,-1.75105
75,-5.40692,5.05896,-1.75105
76,-5.17767,11.6453,-3.44768
75,-5.17767,11.6453,-3.44768
76,-1.89687,4.98597,-1.96033
75,-1.89687,4.98597,-1.96033
76,-3.56957,10.5557,-2.91244
75,-3.56957,10.5557,-2.91244
76,-1.48051,11.1783,-2.13321
75,-1.48051,11.1783,-2.13321
76,-0.605609,14.463,-0.959734
75,-0.605609,14.463,-0.959734
76,-6.13787,6.59287,-0.722292
75,-6.13787,6.59287,-0.722292
76,-4.61157,9.65212,-3.26087
75,-4.61157,9.65212,-3.26087
76,-1.38004,12.2091,0.682258
75,-1.38004,12.2091,0.682258
76,-3.23984,13.487,1.21951
75,-3.23984,13.487,1.21951
76,-5.71486,5.3159,-1.89047
75,-5.71486,5.3159,-1.89047
76,-1.78793,11.2957,-2.07483
75,-1.78793,11.2957,-2.07483
76,-1.80149,10.9258,-1.94797
75,-1.80149,10.9258,-1.94797
76,-6.64196,6.10136,-0.482944
74,-6.64196,6.10136,-0.482944
76,-3.5809,11.0224,-2.71424
74,-3.5809,11.0224,-2.71424
76,-3.78849,13.0164,-0.621344
74,-3.78849,13.0164,-0.621344
76,-6.47196,6.74046,0.0472301
74,-6.47196,6.74046,0.0472301
76,-1.86472,9.37216,-2.45976
74,-1.86472,9.37216,-2.45976
76,-3.85537,11.0486,-2.7695
74,-3.85537,11.0486,-2.7695
76,-3.04884,10.6017,-2.78727
74,-3.04884,10.6017,-2.78727
76,-2.29883,4.86778,-1.8189
74,-2.29883,4.86778,-1.8189
76,-3.78066,13.1086,-1.641
74,-3.78066,13.1086,-1.641
76,-3.91843,10.3205,-2.77705
74,-3.91843,10.3205,-2.77705
76,-5.50688,13.5054,-0.400454
74,-5.50688,13.5054,-0.400454
76,-3.72908,18.7942,2.42257
74,-3.72908,18.7942,2.42257
76,-6.391,6.55821,-0.773148
74,-6.391,6.55821,-0.773148
76,-6.91655,15.1091,1.43843
74,-6.91655,15.1091,1.43843
76,-1.81703,11.3596,-1.64975
74,-1.81703,11.3596,-1.64975
76,-2.45867,4.89049,-1.87501
74,-2.45867,4.89049,-1.87501
76,-3.7248,12.7758,-1.57478
74,-3.7248,12.7758,-1.57478
76,-0.665433,9.57674,-2.8821
74,-0.665433,9.57674,-2.8821
76,-11.0361,12.5623,1.56081
74,-11.0361,12.5623,1.56081
76,-8.90125,10.0681,1.27946
74,-8.90125,10.0681,1.27946
76,-3.89017,9.63953,-2.12071
74,-3.89017,9.63953,-2.12071
76,-6.24509,13.4959,1.35065
74,-6.24509,13.4959,1.35065
76,-1.40363,10.7572,-0.570135
74,-1.40363,10.7572,-0.570135
76,-0.484544,9.74258,-2.86562
74,-0.484544,9.74258,-2.86562
76,-5.31399,11.5203,-0.484082
74,-5.31399,11.5203,-0.484082
76,-0.520181,9.34251,-2.72367
74,-0.520181,9.34251,-2.72367
76,-1.40229,5.20975,-1.91599
74,-1.40229,5.20975,-1.91599
76,-6.33091,6.87807,-0.775396
73,-6.33091,6.87807,-0.775396
76,-2.23325,10.6362,-1.88662
73,-2.23325,10.6362,-1.88662
76,-6.40245,7.50384,-0.799412
73,-6.40245,7.50384,-0.799412
76,-6.73883,6.02359,0.450553
73,-6.73883,6.02359,0.450553
76,-6.67332,6.06903,0.26389
73,-6.67332,6.06903,0.26389
76,-6.00066,8.43302,-1.85566
73,-6.00066,8.43302,-1.85566
76,-2.26076,10.8411,-1.93099
73,-2.26076,10.8411,-1.93099
76,-10.4732,11.4551,1.42471
73,-10.4732,11.4551,1.42471
76,-2.6815,10.3592,-2.59755
73,-2.6815,10.3592,-2.59755
76,-3.93183,10.2971,-2.0016
73,-3.93183,10.2971,-2.0016
76,-2.20874,9.78475,-2.15795
73,-2.20874,9.78475,-2.15795
76,-5.58862,6.65511,-1.95535
73,-5.58862,6.65511,-1.95535
76,-1.08747,10.5059,-2.3674
73,-1.08747,10.5059,-2.3674
76,0.083731,9.11716,-3.50738
73,0.083731,9.11716,-3.50738
76,-2.54326,10.4215,-2.91067
73,-2.54326,10.4215,-2.91067
76,-1.76192,9.14248,-2.34238
72,-1.76192,9.14248,-2.34238
76,-5.87835,10.6466,-1.89233
72,-5.87835,10.6466,-1.89233
76,-1.80931,9.17763,-2.41835
72,-1.80931,9.17763,-2.41835
76,-6.80143,6.41253,0.373807
72,-6.80143,6.41253,0.373807
76,-6.73658,6.13687,0.383252
72,-6.73658,6.13687,0.383252
76,-3.51138,17.2922,2.24123
72,-3.51138,17.2922,2.24123
76,-0.691185,11.6584,0.293481
72,-0.691185,11.6584,0.293481
76,-7.02287,7.87589,-0.520499
72,-7.02287,7.87589,-0.520499
76,-5.0265,12.8908,-0.608493
71,-5.0265,12.8908,-0.608493
76,-4.59507,11.6505,-3.26688
71,-4.59507,11.6505,-3.26688
76,-1.81085,10.6374,-0.539232
71,-1.81085,10.6374,-0.539232
76,-1.41094,11.1651,-0.588845
71,-1.41094,11.1651,-0.588845
76,-6.84609,6.43523,0.382484
71,-6.84609,6.43523,0.382484
76,-2.47071,13.5187,0.589961
71,-2.47071,13.5187,0.589961
76,-5.52216,6.57741,-1.92788
70,-5.52216,6.57741,-1.92788
76,-6.40791,8.76224,-1.87932
69,-6.40791,8.76224,-1.87932
76,-6.74833,6.99881,-0.890701
69,-6.74833,6.99881,-0.890701
76,-5.91205,7.81174,-0.0761628
69,-5.91205,7.81174,-0.0761628
76,-4.35272,10.232,-2.80088
68,-4.35272,10.232,-2.80088
76,-4.34585,10.2184,-2.79349
68,-4.34585,10.2184,-2.79349
76,-5.69407,11.8337,-1.03952
68,-5.69407,11.8337,-1.03952
76,-6.45208,6.93892,-0.450381
68,-6.45208,6.93892,-0.450381
77,-1.55558,4.72379,-1.37085
77,-1.92584,4.49743,-1.74532
77,-1.90746,4.52859,-1.76833
77,-1.91492,4.52769,-1.76082
77,-1.56673,4.65909,-1.95185
77,-1.91031,4.54689,-1.78143
77,-1.90365,4.56895,-1.77356
77,-1.56191,4.69387,-1.97312
77,-1.85936,4.62218,-1.7545
77,-1.8604,4.6602,-1.7736
77,-1.57076,4.98516,-1.50153
77,-4.8384,3.9869,0.554771
77,-1.54821,4.78868,-2.03818
77,-1.92127,4.87962,-1.45403
77,-1.76144,4.93279,-1.65205
77,-1.66193,4.89842,-2.08827
77,-1.59657,4.91567,-2.1417
77,-1.79737,5.00929,-1.68707
77,-1.65584,4.9466,-2.08887
77,-1.7256,4.71319,-2.53204
77,-1.66493,4.94942,-2.11361
77,-1.63993,5.00486,-2.13806
77,-2.83167,4.55723,-1.65529
77,-1.7813,5.17899,-1.79415
77,-1.79038,5.21864,-1.81894
77,-1.65603,5.13375,-2.21752
77,-1.75356,5.37946,-1.56899
77,-1.3552,5.42047,-2.21792
77,-5.08776,3.62342,-1.48163
77,-1.51652,5.51065,-2.04785
77,-1.33681,5.54744,-2.20781
77,-1.97441,5.24096,-2.11576
77,-1.61108,5.68997,-1.96156
77,-1.8956,5.52628,-1.98393
77,-6.61396,3.37946,-0.701263
77,-5.39683,3.63657,-1.7527
77,-6.27461,4.02873,0.141194
77,-2.48603,5.38706,-1.91393
77,-2.31677,5.63279,-1.63807
77,-2.36065,5.60178,-1.68594
77,-1.78911,5.86562,-2.02419
77,-2.46937,5.36535,-2.23028
77,-5.49624,3.79613,-1.70624
77,-2.28091,5.41691,-2.47866
77,-5.84504,4.75454,0.772492
77,-2.18069,5.8255,-1.77771
77,-2.58938,5.50472,-2.00807
77,-1.62034,6.00196,-2.2441
77,-1.62867,6.01204,-2.25746
77,-1.61173,6.03616,-2.23745
77,-5.52032,3.68081,-2.38859
77,-1.62998,6.08103,-2.30646
77,-5.63717,3.92206,-1.79058
77,-1.63055,6.09232,-2.33209
77,-2.29983,5.61904,-2.59172
77,-2.26482,5.97632,-1.88346
77,-3.27977,5.2711,-2.12926
77,-3.27149,5.26874,-2.18834
77,-5.95011,4.5368,-0.349089
77,-2.27506,5.71553,-2.67208
77,-2.0519,6.06141,-2.25211
77,-1.21851,6.60017,-2.28423
77,-1.90984,7.05459,-0.488551
77,-1.9198,6.30004,-2.17986
77,-6.49662,4.94509,0.818484
77,-2.5593,6.04459,-1.98186
77,-2.20385,6.24434,-2.14857
77,-6.15158,4.07319,-1.81677
77,-2.6289,6.17356,-1.86914
77,-7.68068,4.15621,0.147139
77,-2.57553,6.23384,-2.06097
77,-2.64361,5.91757,-2.67837
77,-6.24432,4.16932,-1.90549
77,-3.3239,5.72784,-2.33188
77,-1.17852,7.05349,-2.36694
77,-1.15945,7.08491,-2.37133
77,-6.338,4.85806,-0.461655
77,-2.84902,6.24908,-2.05049
77,-3.44763,5.73328,-2.43894
77,-5.36821,5.03228,-1.62913
77,-5.18869,5.21049,-1.62416
77,-3.48838,5.84017,-2.49324
77,-3.47658,5.84993,-2.51493
77,-2.05291,7.22677,-1.40416
77,-2.87489,6.41399,-2.13576
77,-5.43397,5.08603,-1.7646
77,-2.789,6.52913,-2.08725
77,-5.45101,5.09662,-1.77497
77,-5.35318,5.20055,-1.72296
77,-3.52567,5.93883,-2.54512
77,-7.69763,3.54003,-2.35422
77,-6.716,3.82209,-3.04681
77,-5.15593,6.20262,0.106105
77,-5.28043,5.32713,-1.68603
77,-6.10471,3.85451,-3.87292
77,-7.97908,4.81079,0.668079
77,-6.76659,3.87911,-3.1068
77,-5.46225,5.26351,-1.77764
77,-5.2143,6.28308,0.0935896
77,-6.72482,4.76073,-1.61731
77,-0.675431,8.25004,-2.29747
77,-0.0980418,8.12873,-3.44159
77,-0.463329,8.02066,-3.34386
77,-6.69379,4.96721,-1.86974
77,-6.64802,5.0108,-1.86684
77,-0.398418,8.11636,-3.42684
77,-2.01687,8.20881,-1.29627
77,-0.621779,8.54056,-2.42316
77,-2.24211,8.15609,-1.26948
77,-0.253672,8.3605,-3.53046
77,-2.76711,7.63174,-1.86647
77,-4.75663,9.49533,-3.2433
76,-4.75663,9.49533,-3.2433
77,-3.43124,10.8676,-2.46069
76,-3.43124,10.8676,-2.46069
77,-2.63539,10.0059,-2.62374
76,-2.63539,10.0059,-2.62374
77,-4.51724,11.1675,-3.69543
76,-4.51724,11.1675,-3.69543
77,-5.97932,7.58905,-2.11751
76,-5.97932,7.58905,-2.11751
77,-6.50203,8.94575,-1.93352
76,-6.50203,8.94575,-1.93352
77,-2.72265,9.82903,-2.65482
76,-2.72265,9.82903,-2.65482
77,-3.38512,11.5492,-3.34415
76,-3.38512,11.5492,-3.34415
77,-6.00169,16.2693,-2.06443
76,-6.00169,16.2693,-2.06443
77,-2.2877,9.94995,-2.56131
76,-2.2877,9.94995,-2.56131
77,-4.4058,9.71391,-2.67015
76,-4.4058,9.71391,-2.67015
77,-2.24113,10.6183,-1.86478
76,-2.24113,10.6183,-1.86478
77,-2.65422,10.1757,-3.30088
76,-2.65422,10.1757,-3.30088
77,-1.56436,4.23412,-1.99998
76,-1.56436,4.23412,-1.99998
77,-1.54442,4.52952,-2.03912
76,-1.54442,4.52952,-2.03912
77,-5.81592,13.0628,-3.06337
76,-5.81592,13.0628,-3.06337
77,-4.98562,10.082,-3.49605
76,-4.98562,10.082,-3.49605
77,-6.69902,6.29294,0.370454
76,-6.69902,6.29294,0.370454
77,-2.66233,12.3383,-2.24905
76,-2.66233,12.3383,-2.24905
77,-1.37005,11.1402,-0.611338
76,-1.37005,11.1402,-0.611338
77,-3.69192,2.90389,0.0437215
76,-3.69192,2.90389,0.0437215
77,-0.599701,10.2759,-3.14651
76,-0.599701,10.2759,-3.14651
77,-6.91509,7.35161,1.02125
76,-6.91509,7.35161,1.02125
77,-2.19682,10.1539,-1.74456
76,-2.19682,10.1539,-1.74456
77,-6.79782,5.36882,-1.6716
76,-6.79782,5.36882,-1.6716
77,-5.64434,14.6901,-1.31356
76,-5.64434,14.6901,-1.31356
77,-1.40861,10.29,-0.512949
76,-1.40861,10.29,-0.512949
77,-1.37733,5.47674,-2.00687
76,-1.37733,5.47674,-2.00687
77,-1.83169,8.92837,-2.83268
76,-1.83169,8.92837,-2.83268
77,-4.92694,5.97668,-1.46836
76,-4.92694,5.97668,-1.46836
77,-1.78732,10.8606,-2.00628
76,-1.78732,10.8606,-2.00628
77,-7.93341,6.01148,0.351807
76,-7.93341,6.01148,0.351807
77,-7.21311,4.35983,-0.754973
76,-7.21311,4.35983,-0.754973
77,-2.83643,5.90559,-1.7416
76,-2.83643,5.90559,-1.7416
77,-2.90075,5.79999,-1.88081
76,-2.90075,5.79999,-1.88081
77,-2.56313,6.10378,-2.00127
76,-2.56313,6.10378,-2.00127
77,-7.09925,8.58133,1.0292
76,-7.09925,8.58133,1.0292
77,-7.96244,5.91216,-0.955406
76,-7.96244,5.91216,-0.955406
77,-1.50503,11.7617,-1.2436
76,-1.50503,11.7617,-1.2436
77,-1.02107,11.9514,-2.81332
76,-1.02107,11.9514,-2.81332
77,-0.615994,7.82831,-3.20667
76,-0.615994,7.82831,-3.20667
77,-4.39412,2.90184,-2.21749
76,-4.39412,2.90184,-2.21749
77,-0.659374,7.48348,-3.01847
76,-0.659374,7.48348,-3.01847
77,-2.37509,8.96997,-2.4194
76,-2.37509,8.96997,-2.4194
77,-6.42157,4.76486,-0.549788
76,-6.42157,4.76486,-0.549788
77,-1.51306,5.41472,-1.92563
76,-1.51306,5.41472,-1.92563
77,-2.42137,8.24965,-2.4349
76,-2.42137,8.24965,-2.4349
77,-1.41482,11.225,-0.628199
76,-1.41482,11.225,-0.628199
77,-6.02384,8.80148,-0.689288
75,-6.02384,8.80148,-0.689288
77,-6.89206,10.1971,-0.903683
75,-6.89206,10.1971,-0.903683
77,-6.39681,8.34488,-2.61607
75,-6.39681,8.34488,-2.61607
77,-3.2152,11.2523,-2.50489
75,-3.2152,11.2523,-2.50489
77,-2.31668,12.8296,-2.45284
75,-2.31668,12.8296,-2.45284
77,-3.51677,11.0459,-2.59891
75,-3.51677,11.0459,-2.59891
77,-6.40642,6.41443,-0.784245
75,-6.40642,6.41443,-0.784245
77,-2.96711,4.54743,-1.92549
75,-2.96711,4.54743,-1.92549
77,-6.58299,5.64241,-0.348968
75,-6.58299,5.64241,-0.348968
77,-3.34686,11.92,-2.68905
75,-3.34686,11.92,-2.68905
77,-6.48551,6.72781,0.375907
75,-6.48551,6.72781,0.375907
77,-5.42333,6.91894,-1.99333
75,-5.42333,6.91894,-1.99333
77,-3.9433,10.4084,-2.83363
75,-3.9433,10.4084,-2.83363
77,-1.99893,5.7775,-1.90451
75,-1.99893,5.7775,-1.90451
77,-2.63284,10.5743,-2.9945
75,-2.63284,10.5743,-2.9945
77,-4.54198,9.44795,-3.17252
75,-4.54198,9.44795,-3.17252
77,-3.96244,10.5621,-2.90525
75,-3.96244,10.5621,-2.90525
77,-6.14694,9.71004,-2.36327
75,-6.14694,9.71004,-2.36327
77,-0.253834,9.91103,-2.66078
75,-0.253834,9.91103,-2.66078
77,-4.54809,9.50849,-3.18561
75,-4.54809,9.50849,-3.18561
77,-5.19671,13.272,1.02338
75,-5.19671,13.272,1.02338
77,-6.78203,3.43229,-1.90739
75,-6.78203,3.43229,-1.90739
77,-6.5904,8.10184,1.03395
75,-6.5904,8.10184,1.03395
77,-4.81993,9.99276,-3.28762
75,-4.81993,9.99276,-3.28762
77,-6.11512,8.86802,-0.812201
73,-6.11512,8.86802,-0.812201
77,-6.22772,8.81951,-0.772953
73,-6.22772,8.81951,-0.772953
77,-5.89523,8.391,-0.658641
73,-5.89523,8.391,-0.658641
77,-5.91651,8.43478,-0.6456
73,-5.91651,8.43478,-0.6456
77,-6.22509,3.5212,-0.617198
73,-6.22509,3.5212,-0.617198
77,-1.79272,10.8195,-1.60928
73,-1.79272,10.8195,-1.60928
77,-5.59677,9.39076,-0.510365
72,-5.59677,9.39076,-0.510365
77,-5.9124,9.52162,-1.77799
72,-5.9124,9.52162,-1.77799
77,-5.43312,9.89537,-0.489298
72,-5.43312,9.89537,-0.489298
77,-3.45291,10.9868,-2.51107
72,-3.45291,10.9868,-2.51107
77,-6.36742,7.11948,-1.80102
72,-6.36742,7.11948,-1.80102
77,-5.68675,9.54637,-0.530769
72,-5.68675,9.54637,-0.530769
77,-4.84669,12.9113,-1.88123
72,-4.84669,12.9113,-1.88123
77,-6.76698,7.48218,0.129465
72,-6.76698,7.48218,0.129465
77,-6.45311,6.39634,-0.797603
72,-6.45311,6.39634,-0.797603
77,-5.36014,10.3998,-0.609518
71,-5.36014,10.3998,-0.609518
77,-6.30945,8.34638,-0.784714
71,-6.30945,8.34638,-0.784714
77,-5.81692,10.4805,-1.86342
71,-5.81692,10.4805,-1.86342
77,-1.50933,12.81,-0.75118
71,-1.50933,12.81,-0.75118
77,-4.9694,12.508,0.957291
71,-4.9694,12.508,0.957291
77,-1.35137,10.2983,-3.08352
71,-1.35137,10.2983,-3.08352
77,-1.79682,9.28531,-2.42508
71,-1.79682,9.28531,-2.42508
77,-6.21247,8.20887,-0.782496
70,-6.21247,8.20887,-0.782496
77,-2.95844,14.093,-2.66475
70,-2.95844,14.093,-2.66475
77,-4.71381,10.4725,-2.90084
70,-4.71381,10.4725,-2.90084
77,-7.51307,15.4618,1.52482
69,-7.51307,15.4618,1.52482
77,-5.50009,9.47967,-0.493256
68,-5.50009,9.47967,-0.493256
77,-0.910995,9.98402,-2.8081
68,-0.910995,9.98402,-2.8081
78,-2.19863,4.04684,-1.9155
78,-1.88018,4.26825,-1.97976
78,-2.20446,4.07261,-1.93145
78,-2.43324,3.9454,-1.90135
78,-1.89557,4.27977,-1.97933
78,-1.98452,4.34124,-1.96542
78,-2.0576,4.31886,-1.92489
78,-2.32248,4.13374,-1.94956
78,-2.30986,4.14839,-1.9698
78,-2.31434,4.1541,-1.97077
78,-2.06564,4.36802,-1.96187
78,-2.83848,3.85766,-1.98445
78,-1.60652,4.75362,-1.90208
78,-3.26193,3.55742,-2.21665
78,-3.30962,3.67689,-1.90931
78,-3.30319,3.70401,-1.88971
78,-1.98595,4.5787,-1.9532
78,-1.99827,4.55287,-2.06814
78,-1.97695,4.61602,-1.98162
78,-1.97538,4.68214,-1.84724
78,-3.34278,3.71313,-1.97357
78,-2.00292,4.61453,-1.97741
78,-3.34346,3.72047,-1.97402
78,-1.99751,4.71045,-1.7906
78,-3.25238,3.80519,-1.9566
78,-2.08705,4.59359,-1.95741
78,-2.16703,4.5834,-1.92304
78,-2.12118,4.67897,-1.77779
78,-3.36481,3.75006,-2.00657
78,-1.95044,4.79235,-1.79983
78,-3.30612,3.84903,-1.94847
78,-3.43138,3.77197,-1.94579
78,-3.43144,3.77622,-1.95189
78,-2.42459,4.49699,-1.92758
78,-2.04849,4.82211,-1.7978
78,-2.07679,4.8257,-1.8523
78,-2.42096,4.54636,-1.96373
78,-3.43742,3.86985,-1.98666
78,-2.23467,4.6725,-1.99975
78,-2.4332,4.55781,-1.96962
78,-2.04913,4.89666,-1.81355
78,-2.28235,4.7252,-2.04053
78,-2.36947,4.8107,-1.85671
78,-2.35723,4.81385,-1.88353
78,-2.43741,4.7942,-1.82672
78,-2.4431,4.80622,-1.82849
78,-2.40502,4.84489,-1.79978
78,-2.40141,4.79429,-1.95807
78,-3.1919,4.25846,-1.98379
78,-3.20231,4.26333,-1.97895
78,-2.36196,4.86247,-1.91018
78,-2.40849,4.81496,-1.95544
78,-3.2105,4.27678,-1.99045
78,-3.08321,4.47087,-1.90263
78,-1.79801,5.37565,-1.88307
78,-1.97128,5.38844,-1.70218
78,-1.82994,5.47957,-1.81408
78,-1.98762,5.39062,-1.78638
78,-3.05334,4.67996,-1.95438
78,-3.23474,4.56135,-1.99195
78,-2.00048,5.50097,-1.77717
78,-2.10168,5.4614,-1.7577
78,-2.95009,4.87826,-1.86481
78,-2.90395,4.93163,-1.85121
78,-3.25472,4.68501,-1.91005
78,-2.91496,4.92612,-1.89642
78,-2.6804,5.05426,-1.96901
78,-3.47263,4.54364,-1.92159
78,-2.00978,5.58642,-1.81658
78,-2.68039,5.0669,-1.98229
78,-3.27315,4.71216,-1.92849
78,-2.72385,5.05957,-1.98861
78,-3.49225,4.58962,-1.92506
78,-3.27375,4.73763,-1.94639
78,-6.39741,3.38291,-0.296881
78,-3.51247,4.58788,-1.9625
78,-6.41945,3.38298,-0.289898
78,-3.1283,4.88412,-1.92437
78,-3.12226,4.9017,-1.91463
78,-2.31033,5.47876,-1.84776
78,-1.4678,6.0387,-1.86454
78,-6.43908,3.40484,-0.297361
78,-2.31196,5.48932,-1.85086
78,-6.46229,3.39791,-0.291518
78,-2.48081,5.36129,-1.89903
78,-1.73313,5.93502,-1.73803
78,-1.59767,6.03956,-1.75791
78,-2.31738,5.53626,-1.8887
78,-3.52273,4.68168,-1.9922
78,-3.13631,4.96433,-1.95658
78,-3.51302,4.70565,-1.9973
78,-2.58268,5.37028,-1.91524
78,-3.52104,4.72839,-2.01865
78,-6.43182,3.72643,0.0507879
78,-2.59743,5.4201,-1.94765
78,-2.50831,5.48521,-1.9444
78,-6.42476,3.58238,-0.324983
78,-2.70774,5.35946,-1.94993
78,-2.57964,5.45403,-1.93423
78,-2.69733,5.39106,-1.94969
78,-2.52351,5.53358,-1.92771
78,-3.87161,4.59793,-2.01253
78,-5.00552,3.85022,-2.00046
78,-2.30086,5.75572,-1.8417
78,-2.53154,5.57222,-1.9377
78,-2.61118,5.51741,-1.94225
78,-3.87479,4.65911,-1.97796
78,-3.87285,4.66785,-1.96183
78,-2.3791,5.70663,-1.93138
78,-2.71115,5.48258,-1.99277
78,-2.35056,5.822,-1.83154
78,-6.68359,3.41545,-0.726608
78,-6.85118,3.36959,-0.634176
78,-3.91541,4.73074,-2.02066
78,-6.67442,3.44001,-0.764443
78,-2.33179,5.87682,-1.8868
78,-2.41179,5.81544,-1.93589
78,-6.88167,3.38666,-0.691374
78,-2.40231,5.85854,-1.90933
78,-3.91143,4.79801,-2.04014
78,-2.392,5.97376,-1.79698
78,-4.82508,4.31666,-1.87916
78,-4.2878,4.65987,-1.91963
78,-6.93878,3.4227,-0.724337
78,-4.80462,4.42479,-1.71546
78,-3.90901,4.96242,-1.87063
78,-6.97434,3.81597,0.189973
78,-6.9789,3.80537,0.151472
78,-4.31215,4.67347,-1.93742
78,-6.84121,4.10909,0.595273
78,-2.46234,5.96565,-1.95085
78,-6.84726,4.16605,0.619563
78,-2.71825,5.83489,-1.90873
78,-4.33271,4.75149,-1.97214
78,-6.76589,4.32109,0.733993
78,-3.95405,5.03613,-1.91941
78,-2.18116,6.25011,-1.90223
78,-4.35673,4.78973,-1.98505
78,-5.7043,3.81522,-2.20167
78,-2.52592,6.07849,-1.91259
78,-5.66699,3.82728,-2.29212
78,-2.71193,5.97835,-1.92266
78,-2.8251,5.92373,-1.93201
78,-2.76435,5.97705,-1.91549
78,-4.93135,4.56355,-1.82387
78,-6.64628,3.8887,-0.795991
78,-2.82229,5.95405,-1.93838
78,-5.71424,3.84202,-2.34361
78,-5.78685,3.8574,-2.21467
78,-6.77676,4.53064,0.752153
78,-6.88885,4.40749,0.640692
78,-6.87388,4.42787,0.637942
78,-2.78044,6.04718,-1.95059
78,-2.69036,6.11248,-1.96205
78,-5.88993,3.95242,-2.0183
78,-2.83665,6.02544,-1.97613
78,-2.19243,6.47639,-1.9737
78,-5.71881,3.89946,-2.44912
78,-2.75865,6.12009,-1.93554
78,-5.85143,3.90521,-2.25037
78,-2.72178,6.18209,-1.92309
78,-5.93959,3.98904,-2.05541
78,-5.78335,3.90148,-2.49843
78,-2.98471,6.06413,-1.88943
78,-2.92903,6.15393,-1.84709
78,-5.05856,4.70848,-1.91691
78,-6.9406,3.50656,-1.99282
78,-7.79633,3.4922,-0.738898
78,-2.90717,6.2738,-1.89997
78,-2.15499,6.70853,-2.08698
78,-2.91731,6.36855,-1.94537
78,-7.0234,4.08186,-0.887947
78,-2.67385,6.5578,-1.95338
78,-7.10653,3.5819,-2.06675
78,-6.33233,4.06644,-2.32755
78,-8.07586,3.59469,-0.777636
78,-5.96786,3.88143,-3.61455
78,-7.01669,4.89485,0.242905
78,-7.04835,4.89113,0.228711
78,-5.92753,3.84825,-3.83751
78,-6.91901,4.95293,0.0803498
78,-6.89434,5.06167,0.262131
78,-7.06863,4.93332,0.235559
78,-4.01071,5.98459,-2.06089
78,-7.01988,5.33008,0.981558
78,-5.97259,3.89635,-3.86149
78,-6.5517,4.20388,-2.29649
78,-3.77991,6.29233,-1.86389
78,-6.89303,5.21208,0.356775
78,-7.07533,5.3788,0.984564
78,-6.59628,4.36439,-2.06581
78,-6.8484,5.54852,0.97801
78,-6.87572,5.57652,0.971321
78,-6.88014,4.77446,-0.865083
78,-6.87661,5.21604,0.0949908
78,-6.45046,4.48048,-2.22977
78,-6.8293,5.59799,0.844631
78,-6.65472,4.46013,-2.11248
78,-6.82173,4.90861,-0.856393
78,-4.25073,6.21075,-1.82832
78,-6.94086,4.8254,-0.878593
78,-6.75863,5.14172,-0.479507
78,-6.70326,4.46664,-2.115
78,-6.8027,5.01948,-0.716459
78,-6.82205,5.05028,-0.716487
78,-8.44987,4.64895,0.797839
78,-7.03491,4.85161,-0.906346
78,-4.42113,6.24988,-1.81117
78,-6.7403,4.77458,-1.63269
78,-6.97747,5.75819,0.859382
78,-6.71965,5.98086,0.869202
78,-6.98205,5.14445,-0.735858
78,-8.94306,4.20762,0.0565973
78,-1.98633,7.76923,-2.46881
78,-4.5415,6.35766,-1.85845
78,-6.55406,5.16385,-1.52538
78,-2.16445,7.72898,-2.47567
78,-6.58057,5.99075,0.269134
78,-6.76407,5.39174,-0.84339
78,-6.65517,5.70034,-0.352959
78,-6.95434,4.92008,-1.67066
78,-7.17538,4.08459,-3.35578
78,-6.6762,5.26681,-1.62181
78,-7.30988,5.78294,0.35046
78,-6.84303,5.09213,-1.95484
78,-6.77333,5.35647,-1.66175
78,-2.14509,8.03928,-2.62739
78,-6.74802,6.15541,0.0588593
78,-2.71522,5.8868,-1.94548
76,-2.71522,5.8868,-1.94548
78,-2.32787,6.10953,-1.90364
76,-2.32787,6.10953,-1.90364
78,-4.1371,10.1281,-2.73865
76,-4.1371,10.1281,-2.73865
78,-6.22998,8.07389,-2.51454
76,-6.22998,8.07389,-2.51454
78,-3.07998,5.11575,-2.04733
76,-3.07998,5.11575,-2.04733
78,-3.63508,10.6234,-2.93715
76,-3.63508,10.6234,-2.93715
78,-6.42869,6.78207,-0.647179
76,-6.42869,6.78207,-0.647179
78,-3.03847,4.93374,-1.96066
76,-3.03847,4.93374,-1.96066
78,-6.78559,7.46866,-0.452544
76,-6.78559,7.46866,-0.452544
78,-7.81945,6.3056,-0.686255
76,-7.81945,6.3056,-0.686255
78,-5.52504,8.71665,-0.608576
76,-5.52504,8.71665,-0.608576
78,-6.71773,6.60981,-0.490503
76,-6.71773,6.60981,-0.490503
78,-2.63258,12.0915,-2.19312
76,-2.63258,12.0915,-2.19312
78,-6.0104,8.67373,1.09826
76,-6.0104,8.67373,1.09826
78,-6.11736,8.2048,0.942555
76,-6.11736,8.2048,0.942555
78,-1.78103,8.73342,-2.26411
76,-1.78103,8.73342,-2.26411
78,-2.39693,9.54458,-3.00898
76,-2.39693,9.54458,-3.00898
78,-1.84429,9.16456,-2.38625
76,-1.84429,9.16456,-2.38625
78,-2.95034,6.43601,-1.98161
76,-2.95034,6.43601,-1.98161
78,-1.15356,5.80119,-2.09461
76,-1.15356,5.80119,-2.09461
78,-3.93244,10.3623,-2.00965
76,-3.93244,10.3623,-2.00965
78,-6.81525,4.73635,0.244661
76,-6.81525,4.73635,0.244661
78,-6.35573,8.52315,-0.0991491
76,-6.35573,8.52315,-0.0991491
78,-5.13094,12.9632,1.02975
76,-5.13094,12.9632,1.02975
78,-5.29027,13.8113,-1.65073
76,-5.29027,13.8113,-1.65073
78,-1.04851,11.1681,-2.56737
76,-1.04851,11.1681,-2.56737
78,-7.79204,17.5308,1.70922
76,-7.79204,17.5308,1.70922
78,-5.9252,6.46416,0.917523
76,-5.9252,6.46416,0.917523
78,-6.59236,5.69902,-1.5703
76,-6.59236,5.69902,-1.5703
78,-2.46962,10.1346,-2.79539
76,-2.46962,10.1346,-2.79539
78,-5.59889,14.359,1.07614
76,-5.59889,14.359,1.07614
78,-3.26357,11.6082,-2.61755
77,-3.26357,11.6082,-2.61755
78,-4.22417,6.20727,-1.81737
77,-4.22417,6.20727,-1.81737
78,-5.03219,10.7949,-3.56446
77,-5.03219,10.7949,-3.56446
78,-4.51835,9.55691,-2.86395
77,-4.51835,9.55691,-2.86395
78,-3.22173,5.1524,-2.07637
77,-3.22173,5.1524,-2.07637
78,-3.94993,10.4551,-2.8519
77,-3.94993,10.4551,-2.8519
78,-6.19969,5.7677,-2.05658
77,-6.19969,5.7677,-2.05658
78,-5.02969,11.9005,-0.285975
77,-5.02969,11.9005,-0.285975
78,-6.26061,9.19882,-1.92924
77,-6.26061,9.19882,-1.92924
78,-5.96636,9.37631,-0.802482
77,-5.96636,9.37631,-0.802482
78,-5.41113,9.29991,-0.472641
77,-5.41113,9.29991,-0.472641
78,-3.07322,3.75653,-2.01576
77,-3.07322,3.75653,-2.01576
78,-9.94361,13.6859,1.85648
77,-9.94361,13.6859,1.85648
78,-1.36523,5.41711,-1.96434
77,-1.36523,5.41711,-1.96434
78,-1.93824,3.22736,0.636227
77,-1.93824,3.22736,0.636227
78,-5.35413,14.064,-1.6934
77,-5.35413,14.064,-1.6934
78,-6.30982,4.01385,-4.08542
77,-6.30982,4.01385,-4.08542
78,-2.92394,4.36592,-1.78258
77,-2.92394,4.36592,-1.78258
78,-6.40417,5.9904,0.380385
77,-6.40417,5.9904,0.380385
78,-7.20449,7.04112,1.04104
77,-7.20449,7.04112,1.04104
78,-2.45141,10.0632,-3.16795
77,-2.45141,10.0632,-3.16795
78,-4.43288,10.731,-3.49795
77,-4.43288,10.731,-3.49795
78,-1.52076,11.0662,-0.590945
77,-1.52076,11.0662,-0.590945
78,-7.22382,7.2491,-0.984543
77,-7.22382,7.2491,-0.984543
78,-2.13122,4.97865,-1.97245
77,-2.13122,4.97865,-1.97245
78,-3.10108,4.80756,-2.08569
77,-3.10108,4.80756,-2.08569
78,-2.36558,6.1046,-2.02268
77,-2.36558,6.1046,-2.02268
78,-3.18285,10.3947,-2.86163
77,-3.18285,10.3947,-2.86163
78,-1.6142,5.61764,-2.04733
77,-1.6142,5.61764,-2.04733
78,-2.20678,10.6617,-2.40735
77,-2.20678,10.6617,-2.40735
78,-2.39483,9.34906,-2.56174
77,-2.39483,9.34906,-2.56174
78,-1.4741,11.3378,-2.16777
77,-1.4741,11.3378,-2.16777
78,-3.10259,5.41434,-1.43455
77,-3.10259,5.41434,-1.43455
78,-6.20852,5.20966,-0.734367
77,-6.20852,5.20966,-0.734367
78,-2.48688,5.50081,-2.17859
77,-2.48688,5.50081,-2.17859
78,-2.60329,6.05479,-2.26809
77,-2.60329,6.05479,-2.26809
78,-6.04803,7.84289,-2.31582
75,-6.04803,7.84289,-2.31582
78,-3.41424,6.50359,-1.90383
75,-3.41424,6.50359,-1.90383
78,-5.18656,10.7712,-0.467374
75,-5.18656,10.7712,-0.467374
78,-2.40994,9.58266,-2.74834
75,-2.40994,9.58266,-2.74834
78,-4.68039,10.3168,-3.11491
75,-4.68039,10.3168,-3.11491
78,-6.59603,5.803,-0.813987
75,-6.59603,5.803,-0.813987
78,-5.88968,10.7647,-1.06632
75,-5.88968,10.7647,-1.06632
78,-2.41869,11.2591,-1.99769
75,-2.41869,11.2591,-1.99769
78,-5.42761,12.4525,-0.383951
75,-5.42761,12.4525,-0.383951
78,-6.52304,5.38179,-1.81236
75,-6.52304,5.38179,-1.81236
78,-2.87196,6.54049,-2.11348
75,-2.87196,6.54049,-2.11348
78,-2.02446,9.17237,-2.37051
75,-2.02446,9.17237,-2.37051
78,-7.007,4.47057,0.745995
75,-7.007,4.47057,0.745995
78,-6.76284,5.87019,-1.6794
75,-6.76284,5.87019,-1.6794
78,-2.9946,5.01814,-1.92314
75,-2.9946,5.01814,-1.92314
78,-3.82414,10.2912,-2.39231
73,-3.82414,10.2912,-2.39231
78,-3.92742,15.7877,-4.77003
73,-3.92742,15.7877,-4.77003
78,-6.39101,7.50879,0.0792032
73,-6.39101,7.50879,0.0792032
78,-6.38726,6.91303,-1.82737
73,-6.38726,6.91303,-1.82737
78,-5.84354,8.31588,-0.0536718
73,-5.84354,8.31588,-0.0536718
78,-6.12231,7.92533,-1.95186
73,-6.12231,7.92533,-1.95186
78,-3.39738,11.1539,-2.5972
70,-3.39738,11.1539,-2.5972
78,-6.1364,10.0167,-1.78426
70,-6.1364,10.0167,-1.78426
78,-3.5605,12.6474,-1.83642
69,-3.5605,12.6474,-1.83642
78,-5.35307,13.6049,1.00807
67,-5.35307,13.6049,1.00807
78,-5.99757,10.9239,-1.76883
66,-5.99757,10.9239,-1.76883
79,-2.09258,4.77013,-1.75714
79,-2.12868,4.75159,-1.81405
79,-3.40751,3.65758,-1.94128
79,-3.37159,3.71864,-1.96164
79,-3.41482,3.68068,-1.97195
79,-2.81311,4.35129,-1.63879
79,-2.15007,4.83344,-1.80676
79,-2.61502,4.36237,-2.01568
79,-2.69894,4.34406,-1.95373
79,-2.00849,5.13836,-1.73947
79,-2.42682,4.83837,-1.79409
79,-2.59442,4.60608,-1.98658
79,-2.43989,4.84065,-1.78396
79,-3.34706,3.95257,-2.07746
79,-2.49239,4.82381,-1.83081
79,-2.59422,4.65177,-2.02126
79,-2.40898,4.92078,-1.84914
79,-2.49017,4.88029,-1.8873
79,-3.24096,4.30419,-1.99524
79,-2.01246,5.4491,-1.74429
79,-3.97128,3.81422,-1.83599
79,-2.13781,5.45672,-1.76279
79,-3.05516,4.61854,-1.95926
79,-2.1239,5.48952,-1.78977
79,-3.15718,4.55181,-1.95901
79,-3.17344,4.39251,-2.25103
79,-3.2374,4.50751,-1.93577
79,-4.18027,3.76048,-1.96024
79,-2.85288,4.77315,-2.14124
79,-4.21547,3.75483,-1.95112
79,-4.17327,3.77429,-1.98096
79,-4.18868,3.7791,-1.97142
79,-3.09595,4.69662,-1.94987
79,-3.08496,4.71511,-1.95478
79,-2.24979,5.54394,-1.75628
79,-3.00087,4.94408,-1.85134
79,-2.98604,4.95268,-1.88183
79,-3.10481,4.7701,-2.08398
79,-2.15251,5.70384,-1.79948
79,-3.02066,4.97917,-1.88658
79,-3.51642,4.55477,-1.92271
79,-2.90716,4.91748,-2.23539
79,-3.08904,4.9353,-1.94601
79,-3.04315,4.99923,-1.91763
79,-3.08531,4.76929,-2.30926
79,-3.07618,4.97647,-1.95154
79,-3.22351,4.60517,-2.4589
79,-3.51792,4.64596,-1.93394
79,-3.04765,5.00515,-1.99787
79,-3.19032,4.91468,-1.9866
79,-2.98285,5.13945,-1.88769
79,-2.73519,5.35237,-1.9231
79,-3.18637,4.9644,-1.95461
79,-2.74225,5.36567,-1.93829
79,-3.19402,4.98479,-1.96186
79,-2.63662,5.44616,-1.97692
79,-3.18618,5.01279,-1.96216
79,-2.31632,5.79288,-1.86234
79,-3.35256,4.87224,-2.02436
79,-2.53456,5.5562,-2.00794
79,-3.16236,5.0747,-1.96435
79,-3.15722,5.09304,-1.97106
79,-3.16178,5.11006,-1.97975
79,-4.69772,3.84407,-1.97774
79,-4.69013,3.85471,-1.97738
79,-4.11007,4.34623,-1.95433
79,-3.10348,5.20231,-1.93409
79,-6.07869,3.49346,-0.50412
79,-4.11677,4.36034,-1.96259
79,-3.57074,4.79202,-2.04479
79,-4.71304,3.88179,-1.99695
79,-6.13783,3.52002,-0.518613
79,-2.4604,5.87902,-1.84392
79,-2.37157,5.92079,-1.93622
79,-3.90121,4.6708,-1.94606
79,-2.2167,6.11983,-1.85726
79,-2.46868,5.86392,-1.95664
79,-3.89932,4.68764,-1.95357
79,-3.91785,4.69029,-1.96623
79,-2.34964,6.07244,-1.84333
79,-2.57234,5.90769,-1.91343
79,-2.56633,5.93314,-1.90679
79,-5.07711,3.88515,-1.9832
79,-4.10573,4.6753,-2.01679
79,-5.14431,3.8993,-1.99211
79,-5.14773,3.897,-1.99716
79,-2.46047,6.14058,-1.9655
79,-2.7915,5.92121,-2.00986
79,-6.64858,3.44898,-0.636719
79,-5.10472,4.04673,-2.01322
79,-3.99183,5.0315,-1.89629
79,-6.66169,3.44728,-0.700155
79,-3.99408,5.06821,-1.91927
79,-4.40033,4.76805,-1.98038
79,-6.78165,3.51946,-0.625277
79,-2.88019,6.07623,-1.9981
79,-4.93055,4.53017,-1.75322
79,-4.43004,4.82128,-2.01009
79,-6.81404,3.47967,-0.811102
79,-4.43053,4.83348,-2.02784
79,-6.89649,3.99023,0.268695
79,-2.98186,6.1403,-1.85076
79,-3.9186,5.31555,-1.96888
79,-6.95795,3.46891,-0.703453
79,-6.93205,4.13706,0.536032
79,-6.98478,4.10719,0.557741
79,-6.97369,4.01322,0.319222
79,-3.04281,6.13806,-1.93446
79,-7.01271,4.04858,0.352832
79,-5.01322,4.50036,-1.97769
79,-6.85516,4.39528,0.756289
79,-6.84366,4.40886,0.757029
79,-6.61329,3.87257,-0.647304
79,-3.96125,5.3759,-2.00156
79,-7.1102,4.02107,0.37392
79,-6.88975,4.42235,0.761179
79,-2.22424,6.8559,-2.10106
79,-6.67249,3.89484,-0.779517
79,-5.74292,3.88511,-2.29328
79,-5.69787,3.88709,-2.37099
79,-5.80089,4.02013,-1.9774
79,-6.9122,4.50106,0.666151
79,-3.8365,5.60933,-2.10744
79,-7.02753,4.2122,0.26099
79,-5.78854,3.90667,-2.33512
79,-5.93954,3.97029,-1.99511
79,-5.11197,4.61809,-2.07539
79,-5.79872,3.9205,-2.34735
79,-4.49222,5.13962,-2.11556
79,-6.83418,4.38954,0.142086
79,-5.97687,4.01365,-2.02192
79,-5.80473,3.90066,-2.52386
79,-7.12678,4.28326,0.243046
79,-2.22942,7.06811,-2.19672
79,-5.86037,3.96566,-2.40196
79,-6.93084,4.45747,0.2489
79,-5.83149,3.90347,-2.59159
79,-7.43441,3.55241,-0.720454
79,-7.03021,4.34748,0.132249
79,-6.83168,4.8089,0.69647
79,-7.5111,3.56335,-0.730458
79,-6.99253,4.50447,0.235076
79,-6.93676,4.50519,0.134395
79,-6.92456,4.03097,-0.819529
79,-6.88701,4.1653,-0.656645
79,-6.79969,3.86189,-1.38696
79,-6.84628,4.5227,-0.0569745
79,-6.91393,3.51106,-1.90411
79,-7.02549,4.50109,0.108019
79,-6.91824,4.40925,-0.258217
79,-7.5932,3.60257,-0.762045
79,-4.00401,5.91935,-2.01461
79,-6.99808,4.08378,-0.852335
79,-4.00352,5.94565,-2.03287
79,-7.0285,4.05034,-0.913653
79,-6.95148,4.24878,-0.660656
79,-7.80802,3.53495,-0.675571
79,-6.93944,4.51508,-0.263514
79,-6.99287,4.25774,-0.679957
79,-6.79381,4.96948,0.307775
79,-7.02854,4.28064,-0.682103
79,-6.96532,4.31412,-0.730252
79,-6.98042,4.76838,0.125275
79,-4.97922,5.34978,-2.02939
79,-7.02075,4.80628,0.117223
79,-6.95636,4.00274,-1.5755
79,-6.87586,4.94553,0.100122
79,-6.91844,4.88392,0.0183582
79,-8.63825,3.60769,0.261065
79,-5.96492,3.88648,-3.56413
79,-6.91126,4.64,-0.63966
79,-7.11765,4.93228,0.252207
79,-8.09196,3.61758,-0.740126
79,-7.0866,4.96503,0.256831
79,-5.99888,3.89864,-3.54679
79,-6.94228,4.66551,-0.642787
79,-8.758,3.6407,0.262108
79,-6.00876,3.91717,-3.60907
79,-6.54087,4.32577,-1.99141
79,-7.08263,5.43552,1.00586
79,-6.84165,5.37423,0.500592
79,-6.77672,4.75189,-0.807155
79,-7.04326,5.41985,0.881626
79,-6.54079,4.21544,-2.26935
79,-6.45217,4.31842,-2.22032
79,-4.78019,5.85024,-1.92899
79,-6.99434,4.06651,-1.92443
79,-6.01562,3.87538,-3.85764
79,-6.54312,4.22103,-2.4143
79,-5.97363,4.88745,-2.06447
79,-4.34657,6.33632,-1.87429
79,-6.89998,5.26391,0.113666
79,-7.04538,4.08341,-1.94303
79,-6.09845,4.81622,-2.06818
79,-6.89668,4.7994,-0.843242
79,-8.59345,3.58063,-0.510101
79,-6.63173,4.40455,-2.05217
79,-6.62891,4.27232,-2.32513
79,-6.96153,5.47636,0.497407
79,-6.52751,4.45316,-2.22857
79,-4.3854,6.40654,-1.90672
79,-6.83052,4.09995,-2.46497
79,-6.57769,4.27419,-2.53175
79,-4.42271,6.39381,-1.89506
79,-4.41379,6.40399,-1.89555
79,-8.85451,3.63341,-0.171267
79,-6.77783,5.20224,-0.461296
79,-6.54447,4.4744,-2.25131
79,-2.30013,7.85478,-2.5154
79,-6.05627,4.95986,-2.11892
79,-6.59685,4.29698,-2.54048
79,-4.4429,6.41313,-1.8911
79,-6.87913,4.95757,-0.830451
79,-9.01212,3.76168,0.259732
79,-6.88025,4.10524,-2.49101
79,-4.40334,6.45135,-1.93626
79,-6.81125,5.2133,-0.492134
79,-7.34196,5.1748,0.239862
79,-6.8263,3.88397,-3.09162
79,-8.70566,3.64903,-0.572169
79,-6.21019,4.9151,-2.12157
79,-6.8583,3.91631,-3.01723
79,-6.81858,5.26773,-0.511056
79,-7.03186,4.90111,-0.882533
79,-6.70682,5.23045,-0.789338
79,-6.77075,4.41397,-2.27264
79,-6.76545,4.80611,-1.55989
79,-6.87793,3.90395,-3.12435
79,-6.77929,4.42269,-2.28187
79,-6.96583,5.17182,-0.555489
79,-6.92255,5.13038,-0.718151
79,-6.84191,5.30017,-0.52065
79,-6.59002,4.59491,-2.28978
79,-6.8007,4.81373,-1.54505
79,-6.78191,4.83277,-1.54502
79,-6.86251,5.29584,-0.523546
79,-6.85302,5.29919,-0.5324
79,-6.90615,3.94578,-3.06614
79,-6.87907,3.46052,-4.05946
79,-8.81854,3.6821,-0.563301
79,-9.0736,3.71708,-0.193103
79,-6.839,4.86675,-1.5888
79,-6.88169,5.30022,-0.720822
79,-6.85011,5.34288,-0.708176
79,-6.8348,4.78227,-1.83022
79,-6.8915,3.53113,-4.23227
79,-7.17152,4.99725,-0.955536
79,-6.62582,5.20172,-1.44677
79,-6.99917,4.62721,-1.96832
79,-6.70569,5.76082,-0.342763
79,-7.0518,4.67366,-1.99869
79,-6.87137,4.09162,-3.41422
79,-6.94726,3.5658,-4.34569
79,-6.71063,6.15318,0.268104
79,-6.70177,6.10372,0.0665849
79,-6.77515,5.03996,-1.87825
79,-9.33175,3.79602,-0.212274
79,-6.98656,5.59698,-0.513939
79,-6.75793,5.81307,-0.824649
79,-6.78169,6.37155,0.241077
79,-6.65419,6.3701,-0.154903
79,-6.50084,5.71226,-1.72558
79,-6.6921,5.52521,-1.87064
79,-6.86748,5.92259,-0.87321
79,-2.07857,9.14775,-2.40119
79,-3.20832,5.04045,-2.0107
78,-3.20832,5.04045,-2.0107
79,-6.28962,6.20743,-1.9804
78,-6.28962,6.20743,-1.9804
79,-6.21514,7.9796,-2.16068
78,-6.21514,7.9796,-2.16068
79,-5.71068,15.0107,-1.52477
78,-5.71068,15.0107,-1.52477
79,-4.10066,10.379,-2.43677
78,-4.10066,10.379,-2.43677
79,-5.59554,6.67452,-1.95937
78,-5.59554,6.67452,-1.95937
79,-4.15448,11.1735,-3.14237
78,-4.15448,11.1735,-3.14237
79,-5.98578,4.23494,-1.96035
78,-5.98578,4.23494,-1.96035
79,-5.95993,10.9176,-0.875785
78,-5.95993,10.9176,-0.875785
79,-5.86271,13.7935,-1.21132
78,-5.86271,13.7935,-1.21132
79,-6.50809,5.6199,0.265938
78,-6.50809,5.6199,0.265938
79,-3.99145,9.90893,-2.27996
78,-3.99145,9.90893,-2.27996
79,-6.24225,8.02313,-2.17586
78,-6.24225,8.02313,-2.17586
79,-5.40301,9.79398,-0.497581
78,-5.40301,9.79398,-0.497581
79,-6.13577,7.11311,-0.707435
78,-6.13577,7.11311,-0.707435
79,-6.02637,6.71834,-0.58822
78,-6.02637,6.71834,-0.58822
79,-4.82768,10.0634,-3.52715
78,-4.82768,10.0634,-3.52715
79,-3.07419,4.78297,-2.07073
78,-3.07419,4.78297,-2.07073
79,-5.58876,6.66664,-1.95381
78,-5.58876,6.66664,-1.95381
79,-3.73486,10.5703,-3.00976
78,-3.73486,10.5703,-3.00976
79,-2.45132,4.92628,-1.84689
78,-2.45132,4.92628,-1.84689
79,-3.99012,10.5844,-2.09191
78,-3.99012,10.5844,-2.09191
79,-4.93495,10.9399,-3.26918
78,-4.93495,10.9399,-3.26918
79,-3.34834,11.5049,-2.90313
78,-3.34834,11.5049,-2.90313
79,-5.29131,13.7985,-1.68291
78,-5.29131,13.7985,-1.68291
79,-4.95111,10.9858,-3.29104
78,-4.95111,10.9858,-3.29104
79,-2.81975,6.18772,-1.9712
78,-2.81975,6.18772,-1.9712
79,-5.35181,12.1929,-0.387182
78,-5.35181,12.1929,-0.387182
79,-5.22876,13.3656,0.993058
78,-5.22876,13.3656,0.993058
79,-6.13008,7.02522,0.0296369
78,-6.13008,7.02522,0.0296369
79,-7.50939,3.37312,-3.80248
78,-7.50939,3.37312,-3.80248
79,-2.85802,6.30935,-1.99975
78,-2.85802,6.30935,-1.99975
79,-10.4227,13.8541,1.50153
78,-10.4227,13.8541,1.50153
79,-9.65176,3.68018,-3.93568
78,-9.65176,3.68018,-3.93568
79,-6.3745,6.2921,-0.74241
78,-6.3745,6.2921,-0.74241
79,-7.72489,3.46017,-3.96431
78,-7.72489,3.46017,-3.96431
79,-3.30112,10.9137,-3.12277
78,-3.30112,10.9137,-3.12277
79,-2.42496,5.02248,-2.02447
78,-2.42496,5.02248,-2.02447
79,-11.5719,4.28,-5.01168
78,-11.5719,4.28,-5.01168
79,-2.44798,9.0009,-2.77775
78,-2.44798,9.0009,-2.77775
79,-2.45733,10.3684,-2.93768
78,-2.45733,10.3684,-2.93768
79,-2.85498,6.27867,-1.99457
78,-2.85498,6.27867,-1.99457
79,-5.41984,6.3908,-1.82837
78,-5.41984,6.3908,-1.82837
79,-4.50207,9.29212,-3.10938
78,-4.50207,9.29212,-3.10938
79,-2.59047,11.1455,-3.66826
78,-2.59047,11.1455,-3.66826
79,-2.78798,9.85403,-2.71063
78,-2.78798,9.85403,-2.71063
79,-4.84095,9.24243,-3.08446
78,-4.84095,9.24243,-3.08446
79,-6.32997,9.22834,-1.83993
77,-6.32997,9.22834,-1.83993
79,-6.17092,9.76376,-0.864519
77,-6.17092,9.76376,-0.864519
79,-6.3906,7.64882,0.240881
77,-6.3906,7.64882,0.240881
79,-6.17298,8.1329,-0.747697
77,-6.17298,8.1329,-0.747697
79,-2.426,9.71041,-3.07066
77,-2.426,9.71041,-3.07066
79,-2.28803,5.92909,-1.87331
77,-2.28803,5.92909,-1.87331
79,-6.83563,3.84837,0.345077
77,-6.83563,3.84837,0.345077
79,-6.03833,8.14912,-2.30063
77,-6.03833,8.14912,-2.30063
79,-4.05927,10.1678,-2.36446
77,-4.05927,10.1678,-2.36446
79,-5.73903,13.653,-1.8792
77,-5.73903,13.653,-1.8792
79,-6.08228,5.64581,-1.95629
77,-6.08228,5.64581,-1.95629
79,-4.71952,10.46,-2.9284
77,-4.71952,10.46,-2.9284
79,-2.74681,12.9525,-2.4634
77,-2.74681,12.9525,-2.4634
79,-4.79948,10.6176,-3.00105
77,-4.79948,10.6176,-3.00105
79,-2.96672,5.96252,-1.94727
77,-2.96672,5.96252,-1.94727
79,-3.11495,4.69916,-2.02022
77,-3.11495,4.69916,-2.02022
79,-6.58602,7.54476,-0.302272
76,-6.58602,7.54476,-0.302272
79,-5.56693,10.6655,-0.966591
76,-5.56693,10.6655,-0.966591
79,-6.63088,5.84324,-0.806848
76,-6.63088,5.84324,-0.806848
79,-2.20699,4.7589,-2.00007
76,-2.20699,4.7589,-2.00007
79,-4.6474,12.3001,-3.56713
76,-4.6474,12.3001,-3.56713
79,-2.3925,9.10996,-2.45075
76,-2.3925,9.10996,-2.45075
79,-5.72906,8.49628,-0.492348
76,-5.72906,8.49628,-0.492348
79,-4.91797,10.2786,-3.38112
76,-4.91797,10.2786,-3.38112
79,-5.23885,13.394,-1.5936
76,-5.23885,13.394,-1.5936
79,-6.51521,5.76594,-1.74839
76,-6.51521,5.76594,-1.74839
79,-3.57555,10.4933,-2.9404
76,-3.57555,10.4933,-2.9404
79,-6.06402,10.2739,-1.92875
75,-6.06402,10.2739,-1.92875
79,-6.4887,6.69234,-1.81188
75,-6.4887,6.69234,-1.81188
79,-3.18774,10.2871,-2.84184
75,-3.18774,10.2871,-2.84184
79,-2.44276,4.89188,-2.00964
75,-2.44276,4.89188,-2.00964
79,-4.941,13.1309,-1.9788
73,-4.941,13.1309,-1.9788
79,-5.49939,10.9982,-0.689384
71,-5.49939,10.9982,-0.689384
79,-3.79493,14.0785,-2.15114
71,-3.79493,14.0785,-2.15114
79,-6.15332,9.77762,-2.36553
68,-6.15332,9.77762,-2.36553
79,-6.2284,9.30136,-2.30352
68,-6.2284,9.30136,-2.30352
80,-3.24499,4.52056,-1.9636
80,-3.24637,4.59767,-1.99347
80,-3.45756,4.38867,-2.06652
80,-3.47657,4.53257,-1.86685
80,-4.0619,3.9822,-2.00899
80,-3.51173,4.59987,-1.92489
80,-3.01704,5.13859,-1.87248
80,-3.55779,4.70037,-1.99803
80,-3.30048,5.08945,-1.99434
80,-3.87674,4.53835,-1.9621
80,-4.09802,4.34239,-1.95268
80,-3.60342,4.77446,-2.1039
80,-3.89516,4.63679,-1.94842
80,-4.14072,4.42906,-2.03412
80,-6.06038,3.4868,-0.474316
80,-6.21604,3.41109,-0.603406
80,-3.2729,5.61877,-1.98212
80,-5.0236,3.85584,-1.98601
80,-5.05064,3.85537,-1.96099
80,-6.3101,3.55157,-0.287453
80,-6.34885,3.7208,0.0626248
80,-6.47809,3.44302,-0.256528
80,-6.48551,3.45047,-0.258305
80,-4.00819,5.02763,-1.90435
80,-6.36211,3.57453,-0.294153
80,-6.43235,3.51512,-0.285666
80,-6.44036,3.51977,-0.281852
80,-4.00716,5.05193,-1.91862
80,-6.37538,3.58643,-0.299298
80,-4.0079,5.06011,-1.91864
80,-6.52108,3.4654,-0.276989
80,-4.3792,4.69807,-1.9563
80,-6.55362,3.48137,-0.258624
80,-6.37133,3.50669,-0.643475
80,-4.40288,4.76924,-2.00142
80,-6.47638,3.46344,-0.653269
80,-6.45723,3.5486,-0.669723
80,-6.53226,3.48368,-0.657704
80,-4.40463,4.84223,-2.04873
80,-6.5416,3.49855,-0.671456
80,-6.64241,3.45349,-0.593226
80,-6.6823,3.84381,0.0962537
80,-6.56938,3.55562,-0.615798
80,-6.63375,3.45508,-0.736684
80,-6.74808,3.58677,-0.333657
80,-6.54513,3.57769,-0.721913
80,-6.74259,3.43553,-0.760949
80,-6.75655,3.49666,-0.672968
80,-6.86757,3.87433,0.124685
80,-4.45343,5.05268,-2.09258
80,-6.78609,3.45451,-0.774319
80,-6.96138,3.84001,0.163889
80,-6.7686,3.50992,-0.750973
80,-6.95366,3.85834,0.164728
80,-6.94024,3.86148,0.146612
80,-7.00896,3.78667,0.115482
80,-6.84644,3.4759,-0.703757
80,-5.04277,4.65257,-1.84159
80,-6.9866,3.94408,0.335212
80,-6.97847,3.85185,0.160443
80,-6.9382,3.98408,0.305142
80,-6.9744,3.88248,0.192158
80,-5.63437,3.78541,-2.34307
80,-6.94987,4.04859,0.402129
80,-7.01539,3.8746,0.215709
80,-7.04522,3.81142,0.121091
80,-3.94613,5.77174,-1.95686
80,-6.5683,3.82349,-0.721977
80,-6.96218,3.47026,-0.712219
80,-7.08931,3.85365,0.159638
80,-7.10704,3.92926,0.283903
80,-5.09236,4.72847,-1.89334
80,-5.7949,3.84624,-2.19026
80,-6.91787,4.42946,0.752515
80,-7.10763,3.9257,0.212961
80,-6.62411,3.88309,-0.720777
80,-5.13583,4.77977,-1.94153
80,-4.82305,5.13084,-1.89824
80,-5.73497,3.87001,-2.47858
80,-5.98228,3.92688,-1.99806
80,-6.94262,4.50433,0.654832
80,-5.81583,3.89355,-2.38717
80,-6.9323,3.78504,-0.643533
80,-6.73857,3.9436,-0.779314
80,-7.05911,4.23489,0.239776
80,-7.05397,4.25684,0.240576
80,-6.14394,3.91611,-1.95116
80,-7.00709,3.83878,-0.660972
80,-6.82457,4.6095,0.265326
80,-6.78869,4.38822,-0.237055
80,-6.9167,4.47668,0.134946
80,-6.84347,4.63489,0.266325
80,-6.79301,4.68234,0.258714
80,-7.36,3.54721,-0.738209
80,-6.87699,4.00721,-0.808534
80,-7.45211,3.51579,-0.690013
80,-7.39316,3.56274,-0.74068
80,-6.95913,4.52129,0.126196
80,-7.02318,4.52171,0.224441
80,-6.86112,4.53674,-0.0673518
80,-6.88625,4.19632,-0.61626
80,-4.71625,5.69724,-1.83557
80,-6.76704,3.88224,-1.45058
80,-6.91598,4.20161,-0.661783
80,-7.55379,3.834,-0.190216
80,-7.46017,3.59573,-0.76448
80,-6.91279,3.50482,-1.92434
80,-6.92867,3.5047,-1.95093
80,-6.89918,4.2719,-0.730384
80,-6.92633,4.51955,-0.274849
80,-6.83526,3.91359,-1.51107
80,-6.98378,3.5539,-1.89627
80,-6.94237,4.29543,-0.742596
80,-6.88779,4.40675,-0.672452
80,-4.78077,5.83154,-1.92151
80,-6.86288,3.93158,-1.54647
80,-6.82566,3.83993,-1.82991
80,-6.88094,4.86446,0.0166856
80,-7.00142,4.8892,0.260746
80,-6.89409,4.94584,0.0996763
80,-5.8812,3.87663,-3.54073
80,-6.84366,5.20468,0.389668
80,-6.72792,5.15497,0.0711219
80,-7.92815,1.77963,-3.64909
80,-7.07736,4.94265,0.244465
80,-4.83158,5.93947,-1.98025
80,-6.91695,3.89285,-1.88899
80,-7.95112,3.92041,-0.0380306
80,-5.98509,3.89423,-3.55399
80,-5.95144,3.92996,-3.62781
80,-6.93313,5.28305,0.382155
80,-7.96452,3.59137,-0.732768
80,-6.83444,5.40084,0.376117
80,-6.94487,3.90595,-2.04053
80,-6.44785,5.52753,-0.152019
80,-7.19978,3.4729,-2.39357
80,-4.42667,6.54337,-1.98136
80,-4.43491,6.53454,-1.9822
80,-6.93782,4.02842,-1.90828
80,-6.94301,4.90455,-0.404071
80,-6.57312,4.34556,-2.02597
80,-6.57088,4.35893,-2.02903
80,-7.16252,5.08048,0.234634
80,-6.98744,3.93074,-2.0631
80,-8.08025,3.59411,-0.733783
80,-6.59635,4.12694,-2.41407
80,-6.55713,4.23564,-2.30084
80,-6.49494,4.34818,-2.26262
80,-7.0083,5.35666,0.362873
80,-6.73801,5.34044,-0.142801
80,-6.88918,4.77364,-0.854504
80,-7.00988,3.9404,-2.07816
80,-6.48389,4.42067,-2.21739
80,-6.5983,4.44065,-2.06509
80,-6.96603,5.79364,0.879747
80,-6.83455,4.9329,-0.828362
80,-6.64753,5.161,-0.787544
80,-6.49859,4.49379,-2.21981
80,-7.0758,3.9973,-2.06445
80,-6.49491,4.52899,-2.22909
80,-6.69551,4.21495,-2.4446
80,-8.17868,3.76706,-0.641739
80,-6.85912,4.99994,-0.853395
80,-6.80673,3.81598,-2.99207
80,-7.05912,4.17704,-1.96671
80,-6.70027,4.23419,-2.50182
80,-6.57327,5.98889,0.274105
80,-6.99977,4.90027,-0.8847
80,-7.13458,5.8755,1.01687
80,-6.71832,4.47827,-2.11982
80,-6.95645,5.13417,-0.595997
80,-6.79695,4.36856,-2.25957
80,-6.96059,5.04052,-0.883566
80,-6.62624,5.63047,-0.459899
80,-6.87358,5.79488,0.245854
80,-6.47511,6.52445,0.78874
80,-6.76878,4.28623,-2.5542
80,-6.80331,4.8415,-1.55441
80,-6.64489,6.07464,0.270113
80,-6.84767,3.89584,-3.11309
80,-6.84689,4.40023,-2.28468
80,-7.20472,5.12784,-0.424039
80,-6.78372,4.54903,-2.15359
80,-8.44929,3.77396,-0.576544
80,-6.77533,4.31687,-2.5786
80,-6.97438,5.30484,-0.545987
80,-6.86211,3.93303,-3.13789
80,-6.89124,3.93767,-3.07988
80,-7.70656,3.54821,-2.33785
80,-6.86999,3.93832,-3.14556
80,-8.37832,3.85204,-0.690722
80,-6.9696,3.51042,-3.76513
80,-7.73606,3.57441,-2.34465
80,-6.08726,5.37343,-2.15191
80,-6.95581,5.43275,-0.552347
80,-6.91241,3.96663,-3.18661
80,-8.93402,3.66622,-0.178731
80,-7.22627,5.22448,-0.602205
80,-6.67231,5.27769,-1.48481
80,-6.9904,3.99166,-3.2448
80,-7.25009,5.44771,-0.371376
80,-6.72576,5.32797,-1.50276
80,-6.98874,6.09463,0.233772
80,-6.19475,5.53717,-2.19291
80,-6.66039,6.74434,0.65419
80,-6.56216,5.68837,-1.48355
80,-6.14866,5.70092,-2.18555
80,-7.21373,5.47728,-0.741845
80,-6.98312,3.58033,-4.41631
80,-6.84894,5.79701,-0.87916
80,-6.15179,5.7354,-2.203
80,-9.48989,3.7415,0.123224
80,-6.57294,4.09765,-4.38105
80,-5.50785,6.62566,-1.91517
80,-5.98547,6.02726,-2.12088
80,-6.62573,5.77233,-1.44128
80,-6.89835,6.3725,0.0457967
80,-6.6727,5.51335,-1.8662
80,-6.62194,5.77766,-1.51412
80,-5.96582,6.09246,-2.12389
80,-6.62462,5.76782,-1.57188
80,-9.58888,3.82105,0.240088
80,-6.02831,6.07877,-2.14511
80,-6.80522,6.04375,-0.866848
80,-6.81915,6.08157,-0.866513
80,-5.63362,6.67682,-1.9914
80,-6.24652,6.0929,-1.93757
80,-6.2297,5.9891,-2.19889
80,-6.25155,5.98881,-2.17617
80,-6.24017,5.99961,-2.19031
80,-6.72899,5.87705,-1.5641
80,-6.14794,6.18113,-2.07476
80,-5.64471,6.73334,-2.01098
80,-6.34263,5.90835,-2.2477
80,-6.29555,6.07531,-2.23975
80,-6.67217,5.95474,-1.82771
80,-5.71081,6.8004,-2.07189
80,-7.10234,6.60941,0.0178468
80,-6.99914,4.06998,-4.5216
80,-6.38671,6.09489,-2.14531
80,-6.59953,6.66345,-0.815911
80,-6.32558,9.30727,-1.97537
79,-6.32558,9.30727,-1.97537
80,-6.76782,5.61366,-0.480537
79,-6.76782,5.61366,-0.480537
80,-5.72718,3.82676,-1.86024
79,-5.72718,3.82676,-1.86024
80,-5.93591,11.0614,-1.7654
79,-5.93591,11.0614,-1.7654
80,-6.20151,7.92965,-2.40313
79,-6.20151,7.92965,-2.40313
80,-6.22242,7.77941,0.452402
79,-6.22242,7.77941,0.452402
80,-5.99118,7.69009,-1.84461
79,-5.99118,7.69009,-1.84461
80,-4.43526,6.43659,-1.91771
79,-4.43526,6.43659,-1.91771
80,-5.87015,10.6744,-1.08325
79,-5.87015,10.6744,-1.08325
80,-6.39118,8.53016,-0.0488336
79,-6.39118,8.53016,-0.0488336
80,-4.92192,10.8967,-3.26882
79,-4.92192,10.8967,-3.26882
80,-6.00244,3.51513,0.106699
79,-6.00244,3.51513,0.106699
80,-12.2742,17.6686,1.87194
79,-12.2742,17.6686,1.87194
80,-5.7289,11.1032,-1.04426
79,-5.7289,11.1032,-1.04426
80,-2.80489,5.92376,-1.90793
79,-2.80489,5.92376,-1.90793
80,-5.70245,3.18858,0.498004
79,-5.70245,3.18858,0.498004
80,-5.27535,11.9624,-0.354732
79,-5.27535,11.9624,-0.354732
80,-6.31038,6.7595,-0.737694
79,-6.31038,6.7595,-0.737694
80,-12.5515,4.46557,0.654956
79,-12.5515,4.46557,0.654956
80,-14.4506,4.18069,-3.66333
79,-14.4506,4.18069,-3.66333
80,-6.54434,5.04348,-0.745452
79,-6.54434,5.04348,-0.745452
80,-7.12257,4.53938,-2.80455
79,-7.12257,4.53938,-2.80455
80,-4.90474,12.0919,0.956916
79,-4.90474,12.0919,0.956916
80,-12.2408,4.0164,-3.98325
79,-12.2408,4.0164,-3.98325
80,-7.39593,5.74264,0.915035
79,-7.39593,5.74264,0.915035
80,-14.8573,4.28868,-3.80242
79,-14.8573,4.28868,-3.80242
80,-14.6938,4.89413,-2.86301
79,-14.6938,4.89413,-2.86301
80,-12.7273,4.51884,0.645835
79,-12.7273,4.51884,0.645835
80,-3.69763,11.1913,-3.22229
79,-3.69763,11.1913,-3.22229
80,-6.31138,4.82898,-0.687414
79,-6.31138,4.82898,-0.687414
80,-7.97293,3.3886,-3.21434
79,-7.97293,3.3886,-3.21434
80,-14.9785,4.313,-3.84376
79,-14.9785,4.313,-3.84376
80,-14.2517,4.74671,-2.73584
79,-14.2517,4.74671,-2.73584
80,-4.96369,10.4183,-3.50373
79,-4.96369,10.4183,-3.50373
80,-4.88349,10.1991,-3.36599
79,-4.88349,10.1991,-3.36599
80,-8.76912,3.36798,-3.30752
79,-8.76912,3.36798,-3.30752
80,-3.99139,10.5096,-2.06933
79,-3.99139,10.5096,-2.06933
80,-11.2606,3.43501,-2.575
79,-11.2606,3.43501,-2.575
80,-7.46654,2.96467,-2.54742
79,-7.46654,2.96467,-2.54742
80,-4.62386,10.7904,-0.862425
79,-4.62386,10.7904,-0.862425
80,-6.98922,3.16559,0.272577
79,-6.98922,3.16559,0.272577
80,-4.85499,10.0889,-3.3313
79,-4.85499,10.0889,-3.3313
80,-5.75862,8.14676,-0.495291
78,-5.75862,8.14676,-0.495291
80,-4.84311,3.7047,-1.82668
78,-4.84311,3.7047,-1.82668
80,-6.43988,7.55898,-0.801598
78,-6.43988,7.55898,-0.801598
80,-6.33589,7.5167,0.72506
78,-6.33589,7.5167,0.72506
80,-6.2793,4.99898,-0.365892
78,-6.2793,4.99898,-0.365892
80,-6.52689,6.83341,0.229176
78,-6.52689,6.83341,0.229176
80,-6.30159,7.87764,0.00307665
78,-6.30159,7.87764,0.00307665
80,-12.0511,17.0018,2.22342
78,-12.0511,17.0018,2.22342
80,-3.84209,10.213,-2.3873
78,-3.84209,10.213,-2.3873
80,-2.86073,5.94955,-1.95203
78,-2.86073,5.94955,-1.95203
80,-2.92127,6.14104,-1.84642
78,-2.92127,6.14104,-1.84642
80,-5.87877,3.94809,-1.96751
78,-5.87877,3.94809,-1.96751
80,-4.87632,10.2179,-3.34682
78,-4.87632,10.2179,-3.34682
80,-6.60537,3.30747,0.448917
78,-6.60537,3.30747,0.448917
80,-6.03317,8.00131,0.899262
78,-6.03317,8.00131,0.899262
80,-8.69966,4.06617,0.180821
78,-8.69966,4.06617,0.180821
80,-6.99479,3.94253,0.385942
78,-6.99479,3.94253,0.385942
80,-6.1504,8.22537,-0.0322222
77,-6.1504,8.22537,-0.0322222
80,-6.33329,7.0541,-1.76216
77,-6.33329,7.0541,-1.76216
80,-6.45258,6.4662,-0.778865
77,-6.45258,6.4662,-0.778865
80,-3.90669,10.0981,-2.76725
77,-3.90669,10.0981,-2.76725
80,-5.9642,7.99207,-2.2407
77,-5.9642,7.99207,-2.2407
80,-6.06002,8.15114,-2.2944
77,-6.06002,8.15114,-2.2944
80,-6.09395,8.64398,-0.518224
77,-6.09395,8.64398,-0.518224
80,-6.13137,5.94689,-1.85405
77,-6.13137,5.94689,-1.85405
80,-6.71719,3.69919,0.197883
76,-6.71719,3.69919,0.197883
80,-6.45165,7.51552,-0.21258
76,-6.45165,7.51552,-0.21258
80,-6.39988,8.47226,-0.0263573
76,-6.39988,8.47226,-0.0263573
80,-5.92838,8.52633,1.06902
76,-5.92838,8.52633,1.06902
80,-6.3236,7.01056,-0.396449
76,-6.3236,7.01056,-0.396449
80,-6.36576,8.03696,-2.24756
76,-6.36576,8.03696,-2.24756
80,-6.78753,4.88808,-0.824185
75,-6.78753,4.88808,-0.824185
80,-5.92141,8.40434,-0.204127
73,-5.92141,8.40434,-0.204127
80,-6.34752,8.65689,-0.155805
73,-6.34752,8.65689,-0.155805
80,-5.89454,8.34495,-0.499873
73,-5.89454,8.34495,-0.499873
80,-6.36874,7.38114,-0.779149
73,-6.36874,7.38114,-0.779149
80,-12.4398,13.6963,1.63362
73,-12.4398,13.6963,1.63362
80,-6.39931,8.21898,-0.710166
71,-6.39931,8.21898,-0.710166
80,-6.13401,9.73046,-2.36455
68,-6.13401,9.73046,-2.36455
81,-3.72825,4.25229,-1.59528
81,-4.55897,3.77892,-1.98884
81,-4.02331,4.51475,-1.89596
81,-3.90678,4.63194,-2.02956
81,-4.11781,4.39473,-2.00297
81,-4.12848,4.399,-2.01181
81,-4.05555,4.57637,-1.94121
81,-5.92049,3.42853,-0.395905
81,-4.1069,4.64726,-2.00748
81,-5.97646,3.46323,-0.412081
81,-3.97062,4.86564,-2.12041
81,-3.96742,4.89128,-2.16269
81,-6.02608,3.49575,-0.428136
81,-6.17632,3.63127,0.0754839
81,-5.07356,3.87501,-1.97546
81,-6.1506,3.5823,-0.474801
81,-6.34561,3.7416,0.0675752
81,-6.27064,3.44333,-0.601311
81,-6.50291,3.46072,-0.23435
81,-6.38057,3.59606,-0.276704
81,-6.37895,3.59532,-0.303753
81,-6.47733,3.73757,0.124298
81,-6.47539,3.80705,0.0463786
81,-6.4746,3.46273,-0.582522
81,-6.49207,3.4728,-0.55943
81,-6.58959,3.81444,0.0861291
81,-6.62799,3.80831,0.108781
81,-6.58184,3.43639,-0.72414
81,-6.53718,3.49705,-0.750796
81,-6.65502,3.46615,-0.583346
81,-6.61228,3.4446,-0.720125
81,-6.62309,3.44734,-0.723467
81,-6.66951,3.47963,-0.594159
81,-6.67889,3.45892,-0.733337
81,-6.71588,3.50035,-0.608107
81,-6.69441,3.41782,-0.792048
81,-6.78469,3.44725,-0.760789
81,-4.59545,5.16793,-2.33011
81,-6.78612,3.46031,-0.814091
81,-6.83802,3.4761,-0.717117
81,-6.79719,3.51902,-0.755452
81,-5.91202,3.88126,-1.94224
81,-7.02232,3.80085,0.125793
81,-6.89728,3.45418,-0.708706
81,-7.00096,4.00644,0.415942
81,-6.90105,3.45389,-0.709633
81,-7.02953,3.82793,0.153786
81,-7.01063,3.96643,0.338451
81,-7.0521,3.89872,0.305926
81,-5.82951,3.88269,-2.17943
81,-7.0405,3.92646,0.326237
81,-7.05439,3.81046,0.137001
81,-7.05571,3.93324,0.32715
81,-6.95745,3.92404,0.111408
81,-5.74734,3.87283,-2.42742
81,-7.03315,4.03131,0.410844
81,-6.97438,3.9414,0.113221
81,-6.97338,4.31903,0.686641
81,-4.65643,5.25664,-2.41296
81,-6.97731,3.53975,-0.624532
81,-5.1996,4.8709,-1.98561
81,-7.00206,4.08012,0.301792
81,-6.99445,4.27974,0.619387
81,-7.00825,4.27115,0.626547
81,-7.0017,4.05665,0.252879
81,-7.00805,4.30256,0.660092
81,-6.99893,4.30846,0.651478
81,-6.9873,3.84919,-0.219524
81,-7.04628,4.29505,0.60367
81,-6.67926,3.90856,-0.779641
81,-6.84415,3.76508,-0.693952
81,-6.79341,4.34036,0.132406
81,-5.23799,4.93805,-2.04178
81,-7.07747,4.3402,0.652293
81,-6.90701,4.261,0.14263
81,-7.09722,4.2707,0.531015
81,-7.08712,4.05137,0.135748
81,-6.91252,4.65206,0.778425
81,-7.07674,4.35972,0.609372
81,-7.0162,4.499,0.652733
81,-7.41234,3.66505,0.0358765
81,-7.27131,4.11986,0.50646
81,-6.06707,4.07114,-2.04551
81,-6.8376,4.57515,0.298577
81,-6.90569,4.55731,0.354041
81,-7.35309,4.09597,0.466161
81,-7.07721,4.61525,0.761866
81,-6.94388,4.45966,0.228196
81,-6.92247,4.44842,0.137742
81,-7.37607,4.11555,0.470531
81,-7.10468,4.57484,0.660468
81,-6.8169,4.15541,-0.626243
81,-6.80969,4.40227,-0.236726
81,-6.82908,4.38499,-0.236408
81,-7.4009,4.24287,0.663061
81,-6.9047,4.87184,0.68289
81,-6.82289,4.42568,-0.240331
81,-6.86153,5.10446,0.894635
81,-7.15584,4.60844,0.651438
81,-6.93455,4.92832,0.721568
81,-7.38043,3.51861,-0.750649
81,-6.75149,4.93855,0.307782
81,-6.87424,4.68506,0.129221
81,-7.47792,4.31316,0.680694
81,-7.59549,3.98229,0.31433
81,-6.71431,5.08955,0.385362
81,-7.60398,3.98449,0.317976
81,-6.66101,5.45527,0.861419
81,-6.83204,4.36673,-0.653751
81,-6.84204,4.3604,-0.655335
81,-7.01647,4.98464,0.725797
81,-6.93414,4.5178,-0.263507
81,-6.84667,3.92768,-1.47835
81,-7.4775,3.60252,-0.765933
81,-7.63985,4.26623,0.634902
81,-6.76684,3.9268,-1.76649
81,-6.96608,5.39116,0.989686
81,-6.75958,5.56936,0.869
81,-6.34928,5.73151,0.300256
81,-6.86179,5.10382,0.256648
81,-6.90369,3.98264,-1.53465
81,-6.87662,5.11536,0.303311
81,-6.81044,3.95466,-1.78583
81,-4.40669,6.68978,-2.05373
81,-7.03945,4.60489,-0.288868
81,-6.4922,4.29472,-1.9775
81,-4.48241,6.70209,-2.07843
81,-7.08351,5.47756,1.00315
81,-6.82159,4.69067,-0.842798
81,-7.9145,4.18869,0.468731
81,-6.734,5.74241,0.66689
81,-7.14789,3.44129,-2.36132
81,-6.8029,4.79975,-0.792088
81,-7.91272,3.5277,-0.68757
81,-6.47258,5.50552,-0.292666
81,-6.46708,5.86537,0.291662
81,-6.54893,4.22323,-2.30125
81,-6.50059,4.35657,-2.18635
81,-6.47589,5.87719,0.286422
81,-6.55089,4.23944,-2.30789
81,-8.03047,4.04409,0.301497
81,-6.47199,4.4259,-2.22192
81,-8.0655,4.03499,0.265295
81,-7.99886,3.55825,-0.698094
81,-6.76689,5.55712,0.123936
81,-6.53348,5.9488,0.278765
81,-8.03499,3.57161,-0.715596
81,-6.99622,5.30851,0.0963179
81,-6.71513,3.82103,-2.96633
81,-7.43359,3.44157,-2.21394
81,-4.55853,6.92197,-2.20132
81,-6.79115,5.25439,-0.522872
81,-6.74137,4.35903,-2.22397
81,-5.9866,5.3486,-2.08799
81,-6.71268,5.24675,-0.800916
81,-6.75212,4.83071,-1.50103
81,-6.82851,5.69444,0.0586615
81,-6.78798,5.30264,-0.699765
81,-6.03428,5.37023,-2.11721
81,-6.79195,5.30999,-0.701444
81,-6.89787,4.12473,-2.5054
81,-6.82714,3.87651,-3.06956
81,-6.95438,5.04388,-0.872437
81,-7.01767,5.02625,-0.796748
81,-6.7505,4.55841,-2.18553
81,-6.91944,3.49635,-3.68319
81,-7.42406,5.22155,0.211216
81,-7.16616,5.46409,0.0831195
81,-5.7622,5.94611,-1.96702
81,-8.4915,3.54665,-0.498126
81,-6.95857,5.7505,0.0937127
81,-6.82618,4.77074,-1.85728
81,-5.9229,5.79526,-2.08066
81,-5.85509,5.96671,-1.9371
81,-6.67317,5.27303,-1.46032
81,-5.84678,5.94609,-2.0438
81,-7.7003,3.55701,-2.31997
81,-5.94881,5.85283,-2.08614
81,-5.78232,6.14091,-1.97376
81,-6.00427,7.34569,0.46685
81,-5.84266,6.08641,-2.01358
81,-7.08397,6.43179,1.02928
81,-6.76665,5.06607,-1.89766
81,-7.78887,3.59986,-2.36165
81,-6.74404,5.78873,-0.843237
81,-9.29914,1.7519,-2.48235
81,-8.41837,3.87545,-0.735924
81,-8.42217,3.90134,-0.753545
81,-6.47362,5.6725,-1.71445
81,-7.89151,3.51319,-2.49995
81,-6.76457,5.85704,-0.860088
81,-6.76968,5.8659,-0.852679
81,-6.48179,5.69352,-1.72227
81,-6.57128,6.35193,-0.457076
81,-8.74962,3.65651,-0.584378
81,-8.46331,3.90929,-0.746674
81,-5.59764,6.63139,-1.96427
81,-6.14004,5.81757,-2.24511
81,-7.35251,5.83689,0.210565
81,-8.57656,3.8314,-0.717674
81,-8.98045,3.67725,-0.171615
81,-6.97921,5.65915,-0.915646
81,-9.26421,3.62694,0.269625
81,-9.25993,3.62689,0.256086
81,-8.79475,3.67966,-0.600167
81,-9.0197,3.699,-0.164332
81,-5.63475,6.72984,-1.99721
81,-6.06672,7.43219,0.0443848
81,-6.68311,5.54371,-1.87829
81,-6.63443,6.44851,-0.469641
81,-8.99026,1.8168,-3.4849
81,-6.05503,7.633,0.316853
81,-6.07486,6.16021,-2.19615
81,-5.65692,6.78104,-2.02089
81,-7.27718,4.67185,-2.32575
81,-7.04287,4.19718,-3.60101
81,-8.69846,3.91248,-0.76125
81,-6.42205,7.66111,0.914051
81,-6.26469,6.00275,-2.19512
81,-5.68083,6.81653,-2.03557
81,-6.17918,7.85595,0.666736
81,-5.8097,6.68799,-2.03051
81,-6.265,6.04812,-2.23073
81,-6.31009,6.17562,-1.97464
81,-6.44394,7.33186,0.217326
81,-6.31386,6.04361,-2.21668
81,-6.25018,6.18732,-2.13465
81,-6.32544,6.19095,-1.9786
81,-8.77807,3.96035,-0.789242
81,-6.32561,6.07222,-2.22139
81,-9.45908,3.71951,0.13688
81,-5.88387,7.9326,-0.105099
81,-6.85486,7.44818,1.01532
81,-6.24052,7.97923,0.658866
81,-7.26275,6.0139,-0.613527
81,-9.53939,2.01147,-2.73629
81,-9.54809,3.75049,0.130705
81,-6.52584,7.81702,0.829008
81,-6.50991,6.04574,-2.16995
81,-6.9266,7.51371,1.02361
81,-6.29782,6.3787,-2.20037
81,-6.66,6.75671,-0.845419
81,-6.45661,6.20222,-2.20475
81,-8.02576,3.58826,-3.4246
81,-9.4042,3.84059,-0.245403
81,-6.4836,6.18961,-2.21418
81,-6.28977,6.42207,-2.24012
81,-6.49664,6.54179,-1.71169
81,-6.31651,6.45476,-2.25417
81,-6.50383,6.49028,-1.84179
81,-6.54747,6.2574,-2.16272
81,-5.78607,7.17153,-2.17989
81,-6.52171,6.27632,-2.23623
81,-7.34305,6.24884,-0.645
81,-6.5957,7.8949,0.57236
81,-6.53272,6.32971,-2.17528
81,-8.12712,3.6342,-3.49467
81,-6.51176,6.47282,-2.1283
81,-5.9435,3.33134,-0.680977
80,-5.9435,3.33134,-0.680977
81,-6.6893,9.42445,-0.292483
80,-6.6893,9.42445,-0.292483
81,-6.45032,8.80971,-0.111849
80,-6.45032,8.80971,-0.111849
81,-6.20376,7.82638,-2.17818
80,-6.20376,7.82638,-2.17818
81,-4.13576,4.68405,-1.9208
80,-4.13576,4.68405,-1.9208
81,-6.03921,8.69717,-1.77923
80,-6.03921,8.69717,-1.77923
81,-6.27876,8.60342,-0.0781694
80,-6.27876,8.60342,-0.0781694
81,-6.64035,6.90301,-1.92191
80,-6.64035,6.90301,-1.92191
81,-6.11552,8.15441,-0.0233922
80,-6.11552,8.15441,-0.0233922
81,-6.44841,6.73126,0.234597
80,-6.44841,6.73126,0.234597
81,-6.31081,8.55448,-2.42415
80,-6.31081,8.55448,-2.42415
81,-6.17074,8.08008,-0.745288
80,-6.17074,8.08008,-0.745288
81,-6.06551,7.71481,-1.86399
80,-6.06551,7.71481,-1.86399
81,-6.15214,8.43306,-2.43085
80,-6.15214,8.43306,-2.43085
81,-6.56359,6.94496,0.392023
80,-6.56359,6.94496,0.392023
81,-6.58319,5.04432,-0.639767
80,-6.58319,5.04432,-0.639767
81,-6.21035,7.69643,-2.09502
80,-6.21035,7.69643,-2.09502
81,-5.76468,8.1052,-0.18018
80,-5.76468,8.1052,-0.18018
81,-4.13998,4.69773,-1.92606
80,-4.13998,4.69773,-1.92606
81,-6.63875,7.35576,-0.0338622
80,-6.63875,7.35576,-0.0338622
81,-12.193,6.3685,1.13192
80,-12.193,6.3685,1.13192
81,-8.28343,3.70336,-4.46286
80,-8.28343,3.70336,-4.46286
81,-6.2282,3.5642,-1.15711
80,-6.2282,3.5642,-1.15711
81,-6.29173,12.9756,-1.36345
80,-6.29173,12.9756,-1.36345
81,-8.57911,3.63492,-3.65904
80,-8.57911,3.63492,-3.65904
81,-6.31786,7.36909,-1.80338
80,-6.31786,7.36909,-1.80338
81,-4.77411,10.6199,-3.01257
80,-4.77411,10.6199,-3.01257
81,-14.2966,4.45318,0.497241
80,-14.2966,4.45318,0.497241
81,-14.5083,4.2127,0.408989
80,-14.5083,4.2127,0.408989
81,-5.94635,7.62319,0.0392936
80,-5.94635,7.62319,0.0392936
81,-7.00772,4.21951,0.246349
80,-7.00772,4.21951,0.246349
81,-12.9188,5.58133,0.586751
80,-12.9188,5.58133,0.586751
81,-12.4086,6.462,1.12038
80,-12.4086,6.462,1.12038
81,-6.28619,8.18472,-2.03451
80,-6.28619,8.18472,-2.03451
81,-7.74242,3.02637,-2.51131
80,-7.74242,3.02637,-2.51131
81,-17.3752,3.72859,-1.39049
80,-17.3752,3.72859,-1.39049
81,-4.64989,9.82178,-2.81733
80,-4.64989,9.82178,-2.81733
81,-6.54392,5.77242,-1.74255
80,-6.54392,5.77242,-1.74255
81,-15.2862,4.40162,0.419502
80,-15.2862,4.40162,0.419502
81,-18.3697,3.81973,-3.41813
80,-18.3697,3.81973,-3.41813
81,-9.51725,11.9645,1.41888
80,-9.51725,11.9645,1.41888
81,-4.64989,9.82178,-2.81733
80,-4.64989,9.82178,-2.81733
81,-6.62508,12.8343,-1.49661
80,-6.62508,12.8343,-1.49661
81,-19.4668,4.41267,-3.47009
80,-19.4668,4.41267,-3.47009
81,-4.89798,12.0752,-4.04581
80,-4.89798,12.0752,-4.04581
81,-16.0948,5.27361,-3.27519
80,-16.0948,5.27361,-3.27519
81,-13.4579,4.3838,-4.58731
80,-13.4579,4.3838,-4.58731
81,-15.6457,5.12695,-3.14171
80,-15.6457,5.12695,-3.14171
81,-8.8666,2.15323,-3.7963
80,-8.8666,2.15323,-3.7963
81,-6.22491,8.36609,0.920071
80,-6.22491,8.36609,0.920071
81,-6.33896,9.48314,-2.47954
79,-6.33896,9.48314,-2.47954
81,-6.44202,6.62765,-1.79051
79,-6.44202,6.62765,-1.79051
81,-6.24765,8.11661,-0.676389
79,-6.24765,8.11661,-0.676389
81,-9.47514,3.6293,-3.84138
79,-9.47514,3.6293,-3.84138
81,-5.78898,3.86435,-1.89257
79,-5.78898,3.86435,-1.89257
81,-6.63358,5.1368,-0.771214
79,-6.63358,5.1368,-0.771214
81,-11.4439,13.0748,1.59807
79,-11.4439,13.0748,1.59807
81,-6.36614,8.3153,-0.716223
79,-6.36614,8.3153,-0.716223
81,-14.4368,4.52064,-4.63895
79,-14.4368,4.52064,-4.63895
81,-5.78029,8.77457,-5.4615
78,-5.78029,8.77457,-5.4615
81,-6.25722,8.4233,-0.65099
78,-6.25722,8.4233,-0.65099
81,-12.4467,12.8064,1.62306
78,-12.4467,12.8064,1.62306
81,-9.06502,4.33354,0.308763
78,-9.06502,4.33354,0.308763
81,-6.73672,5.42082,-0.465485
76,-6.73672,5.42082,-0.465485
81,-6.47242,6.49449,-1.69404
75,-6.47242,6.49449,-1.69404
81,-11.5524,13.2219,1.61159
75,-11.5524,13.2219,1.61159
81,-6.71629,5.5412,-0.46257
75,-6.71629,5.5412,-0.46257
81,-6.24322,9.05165,-1.87498
71,-6.24322,9.05165,-1.87498
82,-6.09269,3.12704,0.415985
82,-5.78386,3.67527,0.39369
82,-5.85921,3.37177,-0.354512
82,-5.93161,3.41314,-0.371039
82,-6.55955,3.38754,0.391633
82,-6.2005,3.66816,0.0640231
82,-6.25645,3.49497,-0.236784
82,-6.24159,3.69166,0.0602606
82,-6.27617,3.5215,-0.244902
82,-6.44605,3.50989,-0.0929247
82,-6.42014,3.42364,-0.597821
82,-6.51313,3.73936,0.12037
82,-6.58212,3.77564,0.117604
82,-6.3431,3.68983,-0.640553
82,-5.75794,3.83219,-1.83571
82,-6.17137,4.66302,0.521668
82,-6.63868,3.45699,-0.722369
82,-6.71412,3.40929,-0.726212
82,-6.92948,3.92311,0.655632
82,-7.13631,3.43046,0.168706
82,-6.98552,3.51731,-0.0792831
82,-6.75945,3.51297,-0.603008
82,-6.73576,3.47763,-0.72024
82,-6.92646,3.84171,0.338451
82,-6.77155,3.48275,-0.66608
82,-7.17816,3.44773,0.173597
82,-6.74377,3.68122,-0.568308
82,-6.78958,3.46961,-0.841193
82,-5.75406,3.88615,-2.50017
82,-6.70762,4.28101,0.277828
82,-7.14978,3.8525,0.491244
82,-6.47586,4.60568,0.303786
82,-7.02801,3.87459,0.211019
82,-6.49766,4.62897,0.301812
82,-5.6392,4.53246,-1.78635
82,-6.82743,4.57654,0.782818
82,-7.30017,3.9333,0.473607
82,-7.11171,4.25739,0.567317
82,-5.87299,4.46929,-1.88623
82,-7.13144,4.25997,0.547781
82,-6.37075,5.28968,0.652651
82,-7.37716,3.82361,0.320146
82,-6.73473,4.437,-0.0384979
82,-7.07917,3.90348,-0.224965
82,-7.02619,4.64462,0.843107
82,-6.78938,3.45699,-1.77826
82,-6.80144,3.45446,-1.78339
82,-7.04802,4.633,0.819817
82,-7.7455,3.4079,0.219542
82,-6.94897,3.50167,-1.39697
82,-7.80712,3.39667,0.249953
82,-6.74352,3.82739,-1.4041
82,-7.13401,4.58333,0.724808
82,-7.47881,3.89931,0.177716
82,-6.86145,4.74459,0.259567
82,-6.96022,2.83016,-2.89719
82,-7.1469,4.69362,0.671695
82,-6.89381,5.15286,0.900479
82,-7.21895,4.67042,0.772996
82,-7.27784,4.01212,-0.268587
82,-7.62947,4.09284,0.644817
82,-7.95955,3.46199,0.238394
82,-7.47203,3.54605,-0.741552
82,-7.15359,4.44486,0.121831
82,-7.46598,3.57657,-0.747009
82,-6.70162,5.50599,0.864298
82,-6.09074,5.63891,-0.296558
82,-6.927,3.9419,-1.46964
82,-6.86036,4.93098,0.102685
82,-5.53467,5.59811,-1.73414
82,-7.22329,4.51621,0.113082
82,-8.30493,3.28401,0.323492
82,-6.50506,4.29434,-1.95833
82,-6.98096,5.37716,0.99473
82,-7.76793,3.46531,-0.641519
82,-7.7726,3.4605,-0.639822
82,-6.56476,4.62287,-1.2976
82,-6.42846,4.29284,-2.19311
82,-7.43874,4.66302,0.570972
82,-6.53928,4.21579,-2.25483
82,-7.19871,4.73024,0.0989775
82,-7.75965,4.05221,0.154392
82,-5.71681,5.51805,-1.87439
82,-5.94233,5.21892,-1.93342
82,-6.58208,4.2418,-2.29251
82,-7.16939,3.46528,-2.37355
82,-7.97184,3.52833,-0.5306
82,-6.76541,4.02879,-2.39012
82,-7.07894,5.49312,0.876445
82,-6.7747,4.04358,-2.39824
82,-6.71786,4.7365,-1.41539
82,-6.70699,4.7648,-1.41751
82,-8.06584,4.19197,0.57698
82,-5.98857,5.40252,-1.9703
82,-6.64976,4.51368,-2.11337
82,-8.11258,4.19916,0.573352
82,-6.72972,5.28335,-0.658965
82,-6.75407,5.25155,-0.675311
82,-5.77624,5.77785,-1.94878
82,-6.58344,4.57085,-2.26982
82,-6.80055,3.86096,-3.03851
82,-6.71798,5.25389,-0.810384
82,-6.73651,4.41004,-2.25653
82,-6.75946,6.24749,0.997754
82,-6.59669,4.59248,-2.28694
82,-6.10707,7.09457,0.958103
82,-7.55522,4.75067,0.0732923
82,-6.61652,4.61535,-2.28913
82,-4.60519,7.16985,-2.31199
82,-6.62212,4.91933,-1.79461
82,-6.6224,5.19357,-1.38366
82,-6.16764,6.62737,0.0502979
82,-6.89539,5.37339,-0.532484
82,-6.67133,4.65687,-2.35205
82,-6.3659,5.50028,-1.63017
82,-6.12924,5.62076,-2.09432
82,-6.39636,5.53867,-1.65147
82,-6.69266,5.28605,-1.44377
82,-7.65881,3.54111,-2.36734
82,-6.94845,4.00775,-3.16589
82,-6.42326,5.57589,-1.66468
82,-7.69057,3.55585,-2.38285
82,-6.14977,7.46431,0.97614
82,-8.3635,4.60979,0.903934
82,-8.70541,1.79085,-3.30083
82,-6.92889,4.84651,-1.91358
82,-8.23426,3.86793,-0.736473
82,-6.94228,5.46122,-0.907992
82,-6.87126,4.1256,-3.42185
82,-6.58999,5.43798,-1.81316
82,-6.9497,4.92226,-1.93359
82,-7.56394,5.02205,-0.402287
82,-6.20932,5.73242,-2.19635
82,-7.12979,4.56364,-2.20014
82,-7.06365,4.75729,-2.04479
82,-7.23248,5.31179,-0.742617
82,-9.43815,1.66944,-2.22864
82,-6.76217,5.87673,-0.857197
82,-5.63866,6.69916,-1.99257
82,-7.19405,5.41503,-0.81331
82,-7.90442,3.64793,-2.41532
82,-6.7091,5.55564,-1.87423
82,-6.32345,5.93204,-2.08005
82,-6.3597,5.91055,-2.0476
82,-5.67951,6.81631,-2.02933
82,-7.22154,6.65371,1.03926
82,-9.08602,1.82762,-3.55856
82,-6.04297,7.7456,0.0354664
82,-9.12852,3.73281,-0.169602
82,-6.29309,6.23565,-2.24032
82,-6.46226,6.1006,-2.12528
82,-8.9547,3.78367,-0.667619
82,-7.99875,3.20287,-3.82822
82,-9.07039,3.83214,-0.337052
82,-7.95864,6.11752,1.10196
82,-6.30205,8.23102,1.04367
82,-6.64406,6.72978,-0.84414
82,-5.6945,8.08875,-0.592258
82,-8.90436,4.88944,0.950537
82,-7.90408,5.19646,-1.01993
82,-6.73458,6.17998,-1.95433
82,-6.64728,7.06756,-0.699584
82,-6.75268,6.85404,-0.891159
82,-6.52275,6.48623,-2.13915
82,-6.60156,7.39576,-0.384475
82,-6.65851,6.3598,-2.20884
82,-6.70372,7.29817,-0.493534
82,-6.45066,6.97658,-1.83041
82,-8.24839,3.69227,-3.59287
82,-7.54335,7.30906,1.07634
82,-6.74584,7.50722,-0.474069
82,-6.64899,6.69293,-2.23432
82,-10.2213,1.7897,-2.96976
82,-12.5832,5.99175,0.117112
81,-12.5832,5.99175,0.117112
82,-9.84484,4.62254,-0.00605839
81,-9.84484,4.62254,-0.00605839
82,-8.08393,3.62,-4.29323
81,-8.08393,3.62,-4.29323
82,-6.5879,7.79383,-0.264721
81,-6.5879,7.79383,-0.264721
82,-6.35919,8.71876,-1.86261
81,-6.35919,8.71876,-1.86261
82,-6.22159,8.28201,-2.24468
81,-6.22159,8.28201,-2.24468
82,-6.73832,4.8273,-0.60646
81,-6.73832,4.8273,-0.60646
82,-5.83021,3.26102,-0.622249
81,-5.83021,3.26102,-0.622249
82,-9.23184,10.0601,1.32873
81,-9.23184,10.0601,1.32873
82,-12.346,14.2921,1.68688
81,-12.346,14.2921,1.68688
82,-16.8572,7.29727,0.559183
81,-16.8572,7.29727,0.559183
82,-12.6013,5.91675,0.803822
81,-12.6013,5.91675,0.803822
82,-12.6249,6.02102,0.111015
81,-12.6249,6.02102,0.111015
82,-9.55768,3.66129,-3.89175
81,-9.55768,3.66129,-3.89175
82,-11.3798,4.27879,-5.11736
81,-11.3798,4.27879,-5.11736
82,-6.50492,7.68496,-1.90572
81,-6.50492,7.68496,-1.90572
82,-6.97736,6.94022,0.411433
81,-6.97736,6.94022,0.411433
82,-8.12075,3.63734,-4.32789
81,-8.12075,3.63734,-4.32789
82,-12.1274,5.23232,1.09318
81,-12.1274,5.23232,1.09318
82,-12.2256,5.82973,0.16009
81,-12.2256,5.82973,0.16009
82,-9.92143,3.78244,-4.13669
81,-9.92143,3.78244,-4.13669
82,-6.32413,4.22228,-1.84803
81,-6.32413,4.22228,-1.84803
82,-6.61697,7.81134,-0.2587
81,-6.61697,7.81134,-0.2587
82,-6.71243,7.13848,0.381989
81,-6.71243,7.13848,0.381989
82,-10.3136,18.8075,2.4952
81,-10.3136,18.8075,2.4952
82,-10.3376,18.9214,2.76317
81,-10.3376,18.9214,2.76317
82,-5.68738,3.17352,0.765478
81,-5.68738,3.17352,0.765478
82,-12.4988,18.0905,1.77914
81,-12.4988,18.0905,1.77914
82,-6.38029,8.72681,0.984189
81,-6.38029,8.72681,0.984189
82,-12.6437,6.25422,1.35342
81,-12.6437,6.25422,1.35342
82,-11.3991,6.10134,1.46926
81,-11.3991,6.10134,1.46926
82,-12.2236,4.90142,1.36454
81,-12.2236,4.90142,1.36454
82,-11.0771,4.13536,-3.63062
81,-11.0771,4.13536,-3.63062
82,-6.39561,8.37435,-2.11258
81,-6.39561,8.37435,-2.11258
82,-6.12703,8.25788,-0.0421935
81,-6.12703,8.25788,-0.0421935
82,-4.67601,9.71949,-3.29109
81,-4.67601,9.71949,-3.29109
82,-13.7807,10.4756,1.72336
81,-13.7807,10.4756,1.72336
82,-11.1213,5.71742,1.13483
81,-11.1213,5.71742,1.13483
82,-13.8386,6.11279,1.26755
81,-13.8386,6.11279,1.26755
82,-12.6516,6.25149,1.34792
81,-12.6516,6.25149,1.34792
82,-12.8862,5.18303,1.13303
81,-12.8862,5.18303,1.13303
82,-12.4092,5.91131,0.145228
81,-12.4092,5.91131,0.145228
82,-5.63958,9.7798,-0.530577
81,-5.63958,9.7798,-0.530577
82,-9.3821,2.24247,-4.28296
81,-9.3821,2.24247,-4.28296
82,-11.3336,4.0816,1.13537
81,-11.3336,4.0816,1.13537
82,-17.6323,4.10066,-3.01719
81,-17.6323,4.10066,-3.01719
82,-11.5348,4.15714,1.14957
81,-11.5348,4.15714,1.14957
82,-11.8682,7.3227,1.21467
81,-11.8682,7.3227,1.21467
82,-7.33467,4.66735,0.983003
81,-7.33467,4.66735,0.983003
82,-10.9404,2.39259,-2.94853
81,-10.9404,2.39259,-2.94853
82,-12.5734,6.2756,0.774602
81,-12.5734,6.2756,0.774602
82,-18.5075,3.10343,-0.990749
81,-18.5075,3.10343,-0.990749
82,-14.217,6.26059,1.30477
81,-14.217,6.26059,1.30477
82,-8.35372,4.28601,0.921338
81,-8.35372,4.28601,0.921338
82,-11.3459,6.67399,1.37609
81,-11.3459,6.67399,1.37609
82,-5.47877,10.3184,-3.86221
81,-5.47877,10.3184,-3.86221
82,-6.59596,8.745,-0.785471
81,-6.59596,8.745,-0.785471
82,-16.3849,4.25662,0.911514
81,-16.3849,4.25662,0.911514
82,-17.8688,3.77432,-1.43729
81,-17.8688,3.77432,-1.43729
82,-10.6964,6.5447,1.15665
81,-10.6964,6.5447,1.15665
82,-12.641,2.58195,-4.6419
81,-12.641,2.58195,-4.6419
82,-7.20797,2.70256,-1.71327
81,-7.20797,2.70256,-1.71327
82,-9.21688,2.00899,-2.08476
81,-9.21688,2.00899,-2.08476
82,-21.7385,3.77454,-5.64668
81,-21.7385,3.77454,-5.64668
82,-15.0223,1.90919,-3.26463
81,-15.0223,1.90919,-3.26463
82,-7.34441,10.4629,1.22966
81,-7.34441,10.4629,1.22966
82,-6.6752,2.55749,-1.46127
81,-6.6752,2.55749,-1.46127
82,-6.72068,2.56916,-1.48642
81,-6.72068,2.56916,-1.48642
82,-6.63085,9.01668,1.13217
81,-6.63085,9.01668,1.13217
82,-17.4518,3.68283,-3.21537
81,-17.4518,3.68283,-3.21537
82,-20.4974,4.22152,-1.86905
81,-20.4974,4.22152,-1.86905
82,-19.1804,3.14799,-2.18053
81,-19.1804,3.14799,-2.18053
82,-12.0911,2.23191,-3.34527
81,-12.0911,2.23191,-3.34527
82,-16.2507,2.72007,-3.59689
81,-16.2507,2.72007,-3.59689
82,-14.7015,2.82673,0.490193
81,-14.7015,2.82673,0.490193
82,-8.48577,5.08571,0.997007
81,-8.48577,5.08571,0.997007
82,-10.6246,2.18848,-1.80072
81,-10.6246,2.18848,-1.80072
82,-9.16573,2.01567,-2.42497
81,-9.16573,2.01567,-2.42497
82,-10.3853,3.79397,0.616132
81,-10.3853,3.79397,0.616132
82,-15.121,4.18603,0.58937
81,-15.121,4.18603,0.58937
82,-20.2149,4.08013,-3.88695
81,-20.2149,4.08013,-3.88695
82,-19.4641,3.14615,-2.22787
81,-19.4641,3.14615,-2.22787
82,-6.51426,7.67962,-0.0218831
80,-6.51426,7.67962,-0.0218831
82,-6.48551,5.00169,-0.716534
80,-6.48551,5.00169,-0.716534
82,-6.3724,7.61033,-0.776308
80,-6.3724,7.61033,-0.776308
82,-6.76951,8.24506,-0.0757087
80,-6.76951,8.24506,-0.0757087
82,-6.40989,4.94622,-0.326092
80,-6.40989,4.94622,-0.326092
82,-8.09826,3.96563,0.263967
80,-8.09826,3.96563,0.263967
82,-11.418,15.2464,1.63582
80,-11.418,15.2464,1.63582
82,-6.28662,8.403,-2.29429
80,-6.28662,8.403,-2.29429
82,-6.05909,7.56452,-2.08054
80,-6.05909,7.56452,-2.08054
82,-10.3909,3.6442,-3.46819
80,-10.3909,3.6442,-3.46819
82,-16.6324,3.16421,-3.94383
80,-16.6324,3.16421,-3.94383
82,-14.7155,4.1272,0.589891
80,-14.7155,4.1272,0.589891
82,-8.35086,4.15998,0.260764
80,-8.35086,4.15998,0.260764
82,-16.4211,4.6307,-4.34657
80,-16.4211,4.6307,-4.34657
82,-7.33577,3.26995,0.277244
80,-7.33577,3.26995,0.277244
82,-6.43748,3.08874,0.274598
80,-6.43748,3.08874,0.274598
82,-6.44061,8.1322,-2.25178
79,-6.44061,8.1322,-2.25178
82,-6.74536,5.84922,0.253777
79,-6.74536,5.84922,0.253777
82,-11.1287,4.18462,-4.67325
79,-11.1287,4.18462,-4.67325
82,-6.66014,5.87286,-0.800097
79,-6.66014,5.87286,-0.800097
82,-11.4487,13.0463,1.59455
79,-11.4487,13.0463,1.59455
82,-12.2396,11.7496,1.66111
79,-12.2396,11.7496,1.66111
82,-12.5823,4.01158,-3.7888
79,-12.5823,4.01158,-3.7888
82,-9.79305,17.6037,2.36479
78,-9.79305,17.6037,2.36479
82,-11.786,11.3148,1.63871
78,-11.786,11.3148,1.63871
82,-6.48832,7.0624,-0.800258
76,-6.48832,7.0624,-0.800258
82,-11.8717,16.673,2.16467
75,-11.8717,16.673,2.16467
82,-15.4775,27.9294,-17.4399
75,-15.4775,27.9294,-17.4399
82,-15.3888,27.7118,-17.3524
75,-15.3888,27.7118,-17.3524
82,-6.27172,8.80588,-0.791048
73,-6.27172,8.80588,-0.791048
82,-12.4096,16.9666,2.20886
73,-12.4096,16.9666,2.20886
83,-3.5068,1.65716,0.557039
83,-3.66987,1.73445,0.375619
83,-4.09424,1.9857,0.249191
83,-4.09275,1.98585,0.225554
83,-6.35046,3.0728,0.186372
83,-6.16584,3.63984,0.0420629
83,-6.19311,3.6587,0.0367931
83,-6.21066,3.67267,0.0611805
83,-6.59941,3.398,0.309367
83,-6.25548,3.39524,-0.553286
83,-6.31698,3.54563,-0.246091
83,-6.33677,3.75614,0.0416669
83,-6.35783,3.57648,-0.299422
83,-6.36963,3.57367,-0.276884
83,-6.38208,3.58364,-0.305693
83,-6.42306,3.46745,-0.522244
83,-6.57058,3.74244,0.125292
83,-6.3315,3.757,-0.527029
83,-6.65911,3.54112,-0.147761
83,-6.10748,4.73577,0.77741
83,-5.80329,3.8541,-1.86396
83,-6.14545,4.80598,0.805508
83,-6.60318,3.44366,-0.730855
83,-6.91498,3.71758,0.150064
83,-6.66554,4.42575,0.728098
83,-5.90335,3.93115,-2.23289
83,-6.9283,3.45993,-0.70705
83,-6.64884,3.33562,-1.74188
83,-6.53521,4.10223,-0.538018
83,-6.9776,3.54924,-0.628972
83,-5.56913,6.11993,0.885721
83,-5.58817,6.11714,0.812948
83,-5.88653,4.40992,-1.89952
83,-5.89557,4.10721,-2.53121
83,-7.13681,4.27137,0.544489
83,-6.62301,4.38556,-0.543259
83,-6.55017,5.05119,0.509148
83,-6.65829,4.41165,-0.556646
83,-6.83702,3.92747,-1.11763
83,-7.2347,4.10766,0.207193
83,-7.11467,4.56514,0.722242
83,-7.12676,4.30894,0.236404
83,-6.86259,3.36016,-2.27742
83,-7.22215,4.13923,0.120686
83,-6.2427,5.5019,0.319942
83,-7.08004,4.67258,0.662597
83,-6.9035,3.38217,-2.30668
83,-7.87462,3.45806,0.206676
83,-7.42911,3.5489,-0.726275
83,-7.20814,4.56908,0.663799
83,-6.88152,5.16029,0.98561
83,-7.38423,3.70852,-0.599361
83,-7.66896,4.01885,0.699511
83,-6.78019,4.85878,0.109472
83,-6.53101,5.46239,0.658687
83,-7.21036,4.65882,0.764807
83,-6.6019,5.55598,0.968098
83,-6.79566,3.92654,-1.77496
83,-6.88653,5.27351,0.984122
83,-7.12783,4.61994,0.228375
83,-7.03118,3.56479,-2.08055
83,-6.92112,5.31393,0.993005
83,-6.94414,4.01344,-1.50105
83,-7.78976,3.82966,0.174886
83,-6.85473,3.98514,-1.86415
83,-6.60116,4.11631,-2.29234
83,-7.41398,4.59023,0.635449
83,-7.35101,4.47063,0.22233
83,-6.87055,4.02191,-1.87123
83,-6.60666,4.14432,-2.35959
83,-7.83912,3.48108,-0.650517
83,-6.23248,6.32594,0.879973
83,-7.35756,4.8013,0.677798
83,-7.19437,4.73028,0.0940315
83,-4.52812,6.96928,-2.21782
83,-6.6769,4.26935,-2.17817
83,-7.85287,4.13796,0.463057
83,-6.61244,4.28432,-2.34466
83,-8.45299,3.36749,0.308023
83,-7.16035,5.38175,0.999316
83,-6.6704,4.48624,-2.1269
83,-7.71574,3.89527,-0.705422
83,-7.23356,5.42075,1.02401
83,-6.58747,4.57363,-2.26906
83,-6.79365,4.37579,-2.19042
83,-6.70059,5.21049,-0.796668
83,-6.80024,5.25615,-0.516201
83,-6.76373,4.83474,-1.46112
83,-7.42904,4.8638,0.183701
83,-6.77218,5.2706,-0.695275
83,-6.84012,4.41784,-2.22433
83,-6.73731,6.23,0.99873
83,-7.58783,3.50364,-2.28711
83,-8.21056,4.01997,0.257205
83,-6.65955,4.93387,-1.81313
83,-4.95698,6.97653,-2.05984
83,-5.73561,7.08959,0.0287746
83,-7.91387,3.83743,-0.915452
83,-7.92105,3.89202,-0.924528
83,-7.33049,5.28653,0.216606
83,-7.78383,3.47587,-2.44535
83,-6.23155,5.62285,-2.16055
83,-6.67462,5.76389,-0.814801
83,-6.59611,6.62442,0.652362
83,-7.82339,3.60761,-2.37499
83,-7.8153,3.62387,-2.39099
83,-7.39796,5.85659,0.906289
83,-8.34803,3.91639,-0.542833
83,-6.2717,5.70478,-2.22066
83,-6.64073,5.4863,-1.8479
83,-7.1662,6.23732,0.8224
83,-6.26971,6.05816,-1.91608
83,-7.1628,6.42282,0.995362
83,-8.48286,3.92719,-0.76973
83,-7.597,5.46927,-0.0261381
83,-6.43519,5.99644,-2.07078
83,-8.70717,4.50581,0.642887
83,-7.27053,4.91305,-2.20987
83,-5.49565,7.20525,-2.15361
83,-6.43807,6.04673,-2.1003
83,-7.78519,6.00944,1.09219
83,-6.34329,6.12444,-2.27628
83,-8.23604,3.62736,-2.46531
83,-6.36112,6.13957,-2.2771
83,-6.99778,7.03965,1.0247
83,-6.45897,6.04296,-2.32312
83,-9.14758,3.74438,-0.17437
83,-9.16543,3.73191,-0.175234
83,-8.07718,3.62132,-3.46191
83,-7.08582,7.192,1.03673
83,-8.93556,4.64012,0.642768
83,-6.36105,6.46859,-2.24754
83,-5.7753,8.07771,-0.602391
83,-6.6206,6.99735,-0.698152
83,-6.38024,6.56755,-2.31567
83,-6.66346,7.02648,-0.724499
83,-7.57726,4.93541,-2.55443
83,-7.2684,6.37474,-0.640927
83,-6.75336,6.91671,-0.893976
83,-6.44983,6.59805,-2.3271
83,-6.59207,6.31262,-2.5791
83,-6.4319,6.66343,-2.37761
83,-6.59339,6.65125,-2.21928
83,-7.50286,7.31684,1.1047
83,-6.68345,7.41182,-0.883533
83,-6.40492,8.75544,0.918676
83,-6.32916,7.54968,-1.63942
83,-6.13294,7.69202,-2.12927
83,-8.65366,3.67175,-3.73374
83,-6.184,7.71657,-2.12435
83,-7.34481,6.89467,-0.989911
83,-6.61681,4.72572,-0.743259
82,-6.61681,4.72572,-0.743259
83,-12.6788,6.30597,0.533027
82,-12.6788,6.30597,0.533027
83,-6.69499,4.66619,-0.33319
82,-6.69499,4.66619,-0.33319
83,-6.72931,4.50008,-0.129293
82,-6.72931,4.50008,-0.129293
83,-6.83413,5.92583,-0.377532
82,-6.83413,5.92583,-0.377532
83,-6.80259,4.9936,0.626777
82,-6.80259,4.9936,0.626777
83,-6.30348,7.28377,-1.75321
82,-6.30348,7.28377,-1.75321
83,-12.6234,6.04384,0.421906
82,-12.6234,6.04384,0.421906
83,-14.1879,4.69967,-2.72482
82,-14.1879,4.69967,-2.72482
83,-6.4293,6.06894,-2.42042
82,-6.4293,6.06894,-2.42042
83,-6.67934,5.1681,-0.655137
82,-6.67934,5.1681,-0.655137
83,-11.5142,4.15292,0.666581
82,-11.5142,4.15292,0.666581
83,-6.82455,8.81363,1.05904
82,-6.82455,8.81363,1.05904
83,-12.9463,4.47982,1.33464
82,-12.9463,4.47982,1.33464
83,-12.1002,5.03641,1.05876
82,-12.1002,5.03641,1.05876
83,-7.15657,3.95025,0.159448
82,-7.15657,3.95025,0.159448
83,-10.6396,7.68358,1.72892
82,-10.6396,7.68358,1.72892
83,-10.483,6.8421,1.68348
82,-10.483,6.8421,1.68348
83,-14.9721,6.93448,1.55015
82,-14.9721,6.93448,1.55015
83,-16.3901,3.71628,0.799577
82,-16.3901,3.71628,0.799577
83,-10.9385,7.93955,1.77555
82,-10.9385,7.93955,1.77555
83,-6.54352,5.55881,-0.770487
82,-6.54352,5.55881,-0.770487
83,-10.7976,2.19663,-3.308
82,-10.7976,2.19663,-3.308
83,-19.0793,4.02243,-1.63814
82,-19.0793,4.02243,-1.63814
83,-17.6747,3.31402,-4.27516
82,-17.6747,3.31402,-4.27516
83,-16.398,2.9916,0.49706
82,-16.398,2.9916,0.49706
83,-11.0004,5.87742,1.46438
82,-11.0004,5.87742,1.46438
83,-16.8916,3.39783,0.897023
82,-16.8916,3.39783,0.897023
83,-19.2798,3.27187,0.915829
82,-19.2798,3.27187,0.915829
83,-11.4613,5.86061,1.1697
82,-11.4613,5.86061,1.1697
83,-9.27695,4.1082,0.993694
82,-9.27695,4.1082,0.993694
83,-15.916,7.35477,1.66586
82,-15.916,7.35477,1.66586
83,-13.2666,5.3341,1.16756
82,-13.2666,5.3341,1.16756
83,-12.7578,6.32718,0.796029
82,-12.7578,6.32718,0.796029
83,-11.5044,6.76747,1.06798
82,-11.5044,6.76747,1.06798
83,-11.5701,4.27193,-3.92821
82,-11.5701,4.27193,-3.92821
83,-9.58788,8.70296,1.33163
82,-9.58788,8.70296,1.33163
83,-6.3605,9.86816,1.15361
82,-6.3605,9.86816,1.15361
83,-16.0372,3.12603,0.617333
82,-16.0372,3.12603,0.617333
83,-29.1672,4.2209,-5.68032
82,-29.1672,4.2209,-5.68032
83,-12.527,9.45482,1.61433
82,-12.527,9.45482,1.61433
83,-12.2561,5.92372,0.633275
82,-12.2561,5.92372,0.633275
83,-21.9617,6.60692,-3.35869
82,-21.9617,6.60692,-3.35869
83,-11.4696,1.85019,-3.62688
82,-11.4696,1.85019,-3.62688
83,-14.3974,4.06352,0.608306
82,-14.3974,4.06352,0.608306
83,-12.7229,14.8007,1.72637
82,-12.7229,14.8007,1.72637
83,-15.1579,4.63546,-4.88999
82,-15.1579,4.63546,-4.88999
83,-23.0862,4.81854,-2.80482
82,-23.0862,4.81854,-2.80482
83,-20.003,3.09059,-0.377367
82,-20.003,3.09059,-0.377367
83,-7.04071,5.03152,-0.798691
81,-7.04071,5.03152,-0.798691
83,-6.92679,4.71609,0.127995
81,-6.92679,4.71609,0.127995
83,-6.68649,6.48052,0.426873
81,-6.68649,6.48052,0.426873
83,-9.76333,6.57877,1.18982
81,-9.76333,6.57877,1.18982
83,-12.4469,6.15768,0.695302
81,-12.4469,6.15768,0.695302
83,-11.0601,4.1538,-2.59741
81,-11.0601,4.1538,-2.59741
83,-10.7657,7.32498,1.28814
81,-10.7657,7.32498,1.28814
83,-13.3047,5.1042,0.592732
81,-13.3047,5.1042,0.592732
83,-15.6748,4.98562,-5.5911
81,-15.6748,4.98562,-5.5911
83,-10.9868,4.16256,0.962175
81,-10.9868,4.16256,0.962175
83,-11.6624,4.34693,-2.83851
81,-11.6624,4.34693,-2.83851
83,-17.0927,4.37921,0.120174
81,-17.0927,4.37921,0.120174
83,-16.661,4.27328,0.882175
81,-16.661,4.27328,0.882175
83,-11.1737,4.23283,0.971883
81,-11.1737,4.23283,0.971883
83,-18.8935,5.77847,-2.64201
81,-18.8935,5.77847,-2.64201
83,-15.7841,2.60245,-3.38832
81,-15.7841,2.60245,-3.38832
83,-16.6072,3.35398,0.0368824
81,-16.6072,3.35398,0.0368824
83,-11.5043,5.69738,1.25895
81,-11.5043,5.69738,1.25895
83,-6.15401,4.74514,-2.12533
81,-6.15401,4.74514,-2.12533
83,-11.2528,4.05045,0.661825
81,-11.2528,4.05045,0.661825
83,-12.5581,4.02951,-1.3612
81,-12.5581,4.02951,-1.3612
83,-16.6898,3.33405,0.121836
81,-16.6898,3.33405,0.121836
83,-17.3455,2.79526,-0.187091
81,-17.3455,2.79526,-0.187091
83,-14.2097,3.75775,0.880486
81,-14.2097,3.75775,0.880486
83,-11.3125,5.33715,0.766207
81,-11.3125,5.33715,0.766207
83,-7.76712,3.83026,-0.00827486
80,-7.76712,3.83026,-0.00827486
83,-5.83882,4.00309,-2.39693
80,-5.83882,4.00309,-2.39693
83,-6.27683,4.25942,-2.24878
80,-6.27683,4.25942,-2.24878
83,-4.87097,9.76132,-3.46258
80,-4.87097,9.76132,-3.46258
83,-13.7979,4.35244,-4.43459
80,-13.7979,4.35244,-4.43459
83,-6.67694,4.82199,-0.800186
80,-6.67694,4.82199,-0.800186
83,-13.2659,4.34458,-4.51185
80,-13.2659,4.34458,-4.51185
83,-6.90699,4.02659,-2.62805
79,-6.90699,4.02659,-2.62805
83,-12.4008,5.53959,1.07766
79,-12.4008,5.53959,1.07766
83,-11.8983,5.62068,0.467648
79,-11.8983,5.62068,0.467648
83,-6.80574,5.54461,0.983305
78,-6.80574,5.54461,0.983305
83,-6.34461,8.96284,-2.00904
76,-6.34461,8.96284,-2.00904
83,-12.3267,16.4556,1.86397
76,-12.3267,16.4556,1.86397
83,-6.50813,7.08669,-0.394934
75,-6.50813,7.08669,-0.394934
83,-5.55631,6.69919,0.842531
71,-5.55631,6.69919,0.842531
84,-4.34127,2.36368,-0.00769973
84,-6.11336,3.05732,0.167175
84,-6.31937,3.41386,-0.233316
84,-5.81347,4.4908,0.627255
84,-6.1624,3.62739,-0.429161
84,-6.47494,3.43329,-0.227549
84,-6.47543,3.438,-0.226235
84,-6.49539,3.52428,-0.398353
84,-6.60224,3.76274,0.123817
84,-6.53768,3.5843,-0.656046
84,-6.55803,3.51231,-0.754762
84,-6.59503,3.55695,-0.64011
84,-6.73562,3.52734,-0.724115
84,-6.95909,3.75739,0.174126
84,-6.9885,3.77691,0.169295
84,-6.92231,3.46387,-0.710828
84,-6.92367,3.51886,-0.602573
84,-6.93553,3.51754,-0.588134
84,-6.98915,3.54675,-0.616045
84,-7.07094,4.00309,0.28282
84,-6.42419,5.13371,0.838363
84,-7.0575,4.121,0.426099
84,-6.90249,3.46119,-1.33949
84,-6.90183,3.47311,-1.31818
84,-6.91166,3.46378,-1.3199
84,-6.91508,3.47483,-1.33227
84,-7.2505,3.64454,-0.125146
84,-6.77708,3.42183,-1.80223
84,-6.51895,4.84328,0.398426
84,-7.07696,4.00427,0.120874
84,-5.98475,5.46384,0.174812
84,-7.07925,4.28994,0.598065
84,-7.07767,4.333,0.644241
84,-6.38114,5.23216,0.652998
84,-6.10029,4.22543,-2.1139
84,-6.94525,3.49397,-1.42165
84,-6.10865,4.22567,-2.11269
84,-6.61112,4.36658,-0.53406
84,-6.82808,3.4479,-1.86548
84,-7.1817,3.95627,0.0549977
84,-6.66083,4.80622,0.321709
84,-6.82893,3.48193,-1.93171
84,-6.94712,4.67864,0.775609
84,-6.5393,5.24677,0.857386
84,-6.94581,4.70387,0.7809
84,-6.58982,5.07961,0.510401
84,-6.84337,4.51724,-0.054526
84,-5.91056,4.79675,-1.96096
84,-6.84651,3.89597,-1.41708
84,-7.51405,3.9868,0.303976
84,-7.06733,4.63117,0.444595
84,-7.521,3.99364,0.317222
84,-6.5318,5.58116,0.933668
84,-6.94933,4.73683,0.301431
84,-7.15435,4.69188,0.680587
84,-6.98552,3.37595,-2.43764
84,-6.81046,4.88518,0.10984
84,-7.16297,4.76573,0.771676
84,-7.63416,3.42106,-0.734317
84,-7.60796,3.98515,0.326161
84,-6.69555,4.6723,-0.769924
84,-7.69594,3.44812,-0.744019
84,-6.96322,4.0429,-1.50482
84,-4.56726,6.84803,-2.04112
84,-7.06139,3.41612,-2.54738
84,-5.97036,6.12408,0.102266
84,-7.07832,3.42769,-2.53236
84,-6.47958,4.27305,-2.372
84,-6.90818,5.31373,0.800681
84,-7.55436,3.80688,-0.641227
84,-7.11507,5.08853,0.699502
84,-7.89787,3.79208,0.0908552
84,-7.21169,3.46786,-2.37131
84,-7.19059,4.7385,0.100251
84,-6.99069,3.96157,-2.07445
84,-7.97015,3.82405,0.0873612
84,-6.57873,4.68142,-1.79195
84,-7.87555,3.58125,-0.709386
84,-6.84054,3.97905,-2.58754
84,-6.6927,4.24518,-2.46954
84,-6.66674,4.47013,-2.08415
84,-6.84475,3.95029,-2.67753
84,-7.97533,3.5349,-0.682375
84,-6.56148,4.56989,-2.26299
84,-7.11616,5.11065,0.236404
84,-8.0052,4.13945,0.569038
84,-6.6864,4.50406,-2.13161
84,-6.6761,5.20479,-0.789316
84,-8.00632,3.55412,-0.691839
84,-5.73881,5.85087,-1.91728
84,-6.58532,4.59579,-2.29493
84,-6.57924,4.61054,-2.31065
84,-6.65502,4.82116,-1.714
84,-8.08553,3.88565,0.0746338
84,-8.54743,3.42284,0.301161
84,-6.82079,5.24318,-0.507572
84,-6.75209,5.25332,-0.674513
84,-4.942,6.89577,-2.04183
84,-6.90586,4.09647,-2.7116
84,-6.84436,5.29804,-0.484907
84,-7.24876,5.50666,0.93544
84,-6.67232,4.94434,-1.81729
84,-6.17115,6.53845,0.0565515
84,-7.3147,4.87663,-0.357294
84,-5.92141,5.8227,-2.06571
84,-6.9618,5.26083,-0.551165
84,-8.68104,3.48905,0.294184
84,-6.82195,6.18538,0.895897
84,-6.69025,5.30945,-1.22575
84,-6.89574,5.4029,-0.533034
84,-6.92976,4.65923,-1.96498
84,-6.69205,5.31923,-1.25213
84,-7.7006,3.55193,-2.29397
84,-8.29593,3.96199,0.0599346
84,-6.96439,4.64871,-2.00348
84,-7.10185,5.53048,0.0812446
84,-7.71504,3.56074,-2.32333
84,-6.56978,6.57739,0.657742
84,-7.01057,4.69534,-2.04006
84,-6.47284,5.59668,-1.68471
84,-6.84476,5.03315,-1.88858
84,-8.277,3.88537,-0.517817
84,-6.93759,4.91498,-1.94847
84,-6.79254,5.40705,-1.43501
84,-8.96404,3.52669,0.301073
84,-8.97358,3.56069,0.33993
84,-8.43621,3.8702,-0.426553
84,-6.32147,6.81963,0.0223754
84,-5.95301,6.22026,-2.15273
84,-6.92261,5.64317,-0.894713
84,-6.76598,5.88361,-0.847865
84,-6.67206,5.51758,-1.86433
84,-5.95795,6.29704,-2.16696
84,-6.92375,5.68346,-0.935075
84,-6.37062,5.73079,-2.28909
84,-8.55865,4.08548,0.0233077
84,-6.59214,6.37284,-0.437473
84,-7.04482,5.035,-2.02755
84,-8.5737,4.09862,0.021564
84,-5.6637,6.82354,-2.02457
84,-6.99163,5.73828,-0.93154
84,-6.44103,5.79189,-2.31934
84,-8.59566,3.92951,-0.521196
84,-6.14859,6.2197,-2.22501
84,-9.15978,3.64389,0.2686
84,-9.23508,3.58402,0.280066
84,-6.26664,6.20843,-2.21207
84,-6.72606,6.35806,-0.750841
84,-6.70026,5.80408,-2.03645
84,-6.63458,6.60807,-0.822944
84,-6.47997,6.06597,-2.32368
84,-8.97011,3.7369,-0.620669
84,-6.39887,6.22585,-2.32605
84,-6.6255,5.84628,-2.57818
84,-8.43216,3.63065,-2.43491
84,-8.07866,3.62523,-3.47301
84,-6.46104,6.40518,-2.09254
84,-6.50937,6.17063,-2.47538
84,-6.52049,6.49195,-1.83811
84,-7.78338,6.34108,0.948365
84,-6.62829,7.02375,-0.694628
84,-6.21487,8.37557,0.965535
84,-6.54108,6.26108,-2.52426
84,-6.18255,8.06024,0.0167642
84,-6.65954,7.26545,-0.469418
84,-7.24819,6.7404,-0.0263858
84,-6.69034,7.29704,-0.488468
84,-6.64535,7.38108,-0.444033
84,-6.40144,7.0949,-1.77901
84,-6.57447,6.85633,-1.83397
84,-5.80754,8.43095,-0.632742
84,-6.46828,6.99761,-1.83715
84,-6.61194,7.30594,-0.852731
84,-9.55373,4.09675,-0.0248519
84,-6.59606,6.76808,-2.27692
84,-6.43783,7.66145,-0.988805
84,-5.86754,8.56853,-0.671791
84,-6.75188,7.56175,-0.457773
84,-8.57957,3.64545,-3.66294
84,-8.60157,3.66226,-3.71222
84,-9.06561,3.71663,-2.44018
84,-6.5467,7.79006,-0.852982
84,-6.5785,7.21757,-1.93213
84,-5.89449,8.71132,-0.705593
84,-7.04538,7.79744,0.361712
84,-6.43611,7.48398,-1.88978
84,-6.59467,7.25219,-2.07463
84,-9.48097,4.90134,0.619956
84,-7.04273,8.23588,0.939548
84,-6.62879,7.27972,-2.09914
84,-6.46654,7.60766,-1.8759
84,-6.84794,7.60099,-0.965187
84,-6.62497,7.32663,-2.10246
84,-6.22024,7.83235,-2.19446
84,-7.1733,7.4267,-0.648183
84,-6.50117,7.65228,-1.95361
84,-6.23896,7.95591,-2.2451
84,-6.23524,7.96781,-2.25811
84,-9.03183,3.70892,-3.70658
84,-6.85335,4.44241,0.143471
83,-6.85335,4.44241,0.143471
84,-16.0228,6.98634,0.570939
83,-16.0228,6.98634,0.570939
84,-7.12646,4.91823,0.798693
83,-7.12646,4.91823,0.798693
84,-6.747,4.81037,-1.46004
83,-6.747,4.81037,-1.46004
84,-13.0053,6.45615,1.37154
83,-13.0053,6.45615,1.37154
84,-10.178,3.85869,-0.796918
83,-10.178,3.85869,-0.796918
84,-6.59377,6.96416,0.390686
83,-6.59377,6.96416,0.390686
84,-13.7844,6.41593,1.44836
83,-13.7844,6.41593,1.44836
84,-6.31729,5.63991,0.408374
83,-6.31729,5.63991,0.408374
84,-11.0412,4.20004,0.969686
83,-11.0412,4.20004,0.969686
84,-12.8569,6.39908,0.852468
83,-12.8569,6.39908,0.852468
84,-12.0577,5.19638,1.09879
83,-12.0577,5.19638,1.09879
84,-6.51471,7.55447,0.219939
83,-6.51471,7.55447,0.219939
84,-11.4449,7.0363,1.18043
83,-11.4449,7.0363,1.18043
84,-12.582,7.7685,2.21154
83,-12.582,7.7685,2.21154
84,-13.5968,9.64311,2.58732
83,-13.5968,9.64311,2.58732
84,-6.088,4.13545,-2.16207
83,-6.088,4.13545,-2.16207
84,-11.3098,4.31598,1.42385
83,-11.3098,4.31598,1.42385
84,-13.2235,7.73428,2.12927
83,-13.2235,7.73428,2.12927
84,-15.6973,4.74549,-3.15245
83,-15.6973,4.74549,-3.15245
84,-12.2506,7.58188,1.34132
83,-12.2506,7.58188,1.34132
84,-11.0286,7.322,1.76662
83,-11.0286,7.322,1.76662
84,-14.8853,10.6736,2.83925
83,-14.8853,10.6736,2.83925
84,-12.8585,7.46643,2.09488
83,-12.8585,7.46643,2.09488
84,-11.7702,6.04456,1.82451
83,-11.7702,6.04456,1.82451
84,-10.4384,14.3977,1.64506
83,-10.4384,14.3977,1.64506
84,-6.18563,7.87049,-0.62308
83,-6.18563,7.87049,-0.62308
84,-10.7107,4.02774,-2.43499
83,-10.7107,4.02774,-2.43499
84,-10.9887,2.25027,-2.90647
83,-10.9887,2.25027,-2.90647
84,-10.4744,6.36766,1.10958
83,-10.4744,6.36766,1.10958
84,-6.90645,3.71374,0.155237
83,-6.90645,3.71374,0.155237
84,-13.8679,4.80026,1.42368
83,-13.8679,4.80026,1.42368
84,-10.2009,6.38042,1.12303
83,-10.2009,6.38042,1.12303
84,-11.1818,7.42539,1.76074
83,-11.1818,7.42539,1.76074
84,-6.47113,5.87768,-2.3939
83,-6.47113,5.87768,-2.3939
84,-11.6516,16.6941,1.88943
83,-11.6516,16.6941,1.88943
84,-11.0039,15.4626,1.84026
83,-11.0039,15.4626,1.84026
84,-6.11046,8.10563,0.943846
83,-6.11046,8.10563,0.943846
84,-10.0782,18.3437,3.14976
83,-10.0782,18.3437,3.14976
84,-11.269,4.20169,-2.65314
83,-11.269,4.20169,-2.65314
84,-11.1044,2.26099,-2.92515
83,-11.1044,2.26099,-2.92515
84,-11.7018,4.19393,0.661526
83,-11.7018,4.19393,0.661526
84,-22.9203,6.83808,-3.49149
83,-22.9203,6.83808,-3.49149
84,-14.2722,6.06909,1.69659
83,-14.2722,6.06909,1.69659
84,-13.1951,4.30452,-4.42354
83,-13.1951,4.30452,-4.42354
84,-12.7683,18.7516,2.06743
83,-12.7683,18.7516,2.06743
84,-11.5133,21.9918,3.67988
83,-11.5133,21.9918,3.67988
84,-12.8086,4.51383,1.31413
83,-12.8086,4.51383,1.31413
84,-14.1217,4.21077,1.58202
83,-14.1217,4.21077,1.58202
84,-11.2469,15.9744,1.898
83,-11.2469,15.9744,1.898
84,-6.99842,5.39326,0.382753
83,-6.99842,5.39326,0.382753
84,-16.2746,3.25477,0.885571
83,-16.2746,3.25477,0.885571
84,-13.1813,2.67098,-3.56317
83,-13.1813,2.67098,-3.56317
84,-10.3324,7.5526,1.41324
83,-10.3324,7.5526,1.41324
84,-10.4909,14.5683,1.78483
83,-10.4909,14.5683,1.78483
84,-16.5871,4.25675,0.199411
83,-16.5871,4.25675,0.199411
84,-12.5479,24.5053,3.22199
83,-12.5479,24.5053,3.22199
84,-11.9339,5.68531,0.534042
82,-11.9339,5.68531,0.534042
84,-9.31698,5.19851,0.849959
82,-9.31698,5.19851,0.849959
84,-9.44353,5.38118,0.870854
82,-9.44353,5.38118,0.870854
84,-8.46159,3.50866,-2.17792
82,-8.46159,3.50866,-2.17792
84,-9.1892,3.51728,-3.38507
82,-9.1892,3.51728,-3.38507
84,-8.95028,3.67937,-2.39963
82,-8.95028,3.67937,-2.39963
84,-9.0705,5.45254,1.01819
82,-9.0705,5.45254,1.01819
84,-12.3978,4.74979,0.583632
82,-12.3978,4.74979,0.583632
84,-11.4869,4.28361,-3.83838
82,-11.4869,4.28361,-3.83838
84,-8.65646,5.46315,1.06922
82,-8.65646,5.46315,1.06922
84,-11.2362,4.669,1.08735
82,-11.2362,4.669,1.08735
84,-17.3375,3.23558,-4.23419
82,-17.3375,3.23558,-4.23419
84,-6.04761,6.08735,-2.14131
82,-6.04761,6.08735,-2.14131
84,-8.25783,3.98057,0.147069
82,-8.25783,3.98057,0.147069
84,-20.2652,3.27609,-3.51831
82,-20.2652,3.27609,-3.51831
84,-7.09927,3.50617,0.346921
82,-7.09927,3.50617,0.346921
84,-13.568,2.72971,-5.21901
82,-13.568,2.72971,-5.21901
84,-17.7024,3.46533,0.922669
82,-17.7024,3.46533,0.922669
84,-6.6979,3.8559,0.288913
81,-6.6979,3.8559,0.288913
84,-6.64799,6.30265,-0.464369
81,-6.64799,6.30265,-0.464369
84,-12.3668,3.97858,-3.75314
81,-12.3668,3.97858,-3.75314
84,-6.88744,3.88845,-1.86797
81,-6.88744,3.88845,-1.86797
84,-8.50683,3.82531,-0.70615
81,-8.50683,3.82531,-0.70615
84,-19.0448,2.96684,-0.277426
81,-19.0448,2.96684,-0.277426
84,-15.6482,2.92976,0.496766
81,-15.6482,2.92976,0.496766
84,-18.0386,2.85453,-0.212255
81,-18.0386,2.85453,-0.212255
84,-15.0137,2.7242,-1.94702
81,-15.0137,2.7242,-1.94702
84,-9.90891,2.2361,-2.50275
81,-9.90891,2.2361,-2.50275
84,-6.84415,4.81706,-0.367214
80,-6.84415,4.81706,-0.367214
84,-7.62376,3.86627,-0.186801
80,-7.62376,3.86627,-0.186801
84,-7.08763,3.41793,-2.2992
80,-7.08763,3.41793,-2.2992
84,-7.65833,3.88168,-0.195357
80,-7.65833,3.88168,-0.195357
84,-11.2075,3.88428,-3.88195
80,-11.2075,3.88428,-3.88195
84,-15.6553,5.17832,-6.19129
80,-15.6553,5.17832,-6.19129
84,-13.5431,2.68839,-3.67964
80,-13.5431,2.68839,-3.67964
84,-6.64933,5.13225,-0.458908
80,-6.64933,5.13225,-0.458908
84,-6.85027,3.48825,-1.80076
79,-6.85027,3.48825,-1.80076
85,-3.93096,1.62706,0.514699
85,-6.065,3.28794,-0.170676
85,-6.43155,3.01702,0.198563
85,-5.92665,3.38409,-0.362201
85,-6.34534,3.35869,-0.183913
85,-6.14918,3.63059,-0.414675
85,-6.33314,3.53617,-0.280666
85,-6.4043,3.39642,-0.360788
85,-6.35036,3.55042,-0.286572
85,-6.3733,3.37644,-0.544267
85,-6.32138,3.79443,0.0451657
85,-6.49849,3.63926,0.152905
85,-6.45273,3.42433,-0.370741
85,-6.45249,3.43518,-0.372062
85,-6.21887,3.53595,-0.795556
85,-6.17092,3.87894,-0.341285
85,-7.24591,2.84896,0.385693
85,-6.46673,3.4695,-0.398921
85,-6.48679,3.46001,-0.426637
85,-6.24022,4.30903,0.35123
85,-6.45099,3.90759,0.0260608
85,-6.69612,3.25901,-0.578548
85,-5.82599,3.82155,-1.84403
85,-5.84257,3.84168,-1.86456
85,-6.68608,3.36945,-0.707116
85,-6.69795,3.36079,-0.706628
85,-6.70113,3.36608,-0.697618
85,-6.39273,3.68365,-0.889086
85,-6.73472,3.39019,-0.712909
85,-7.23349,3.35367,0.231954
85,-6.64134,4.27049,0.381615
85,-6.78436,3.55182,-0.736019
85,-6.80513,3.55641,-0.747141
85,-6.80248,3.5881,-0.726605
85,-6.67668,3.33116,-1.72715
85,-6.98735,3.57029,-0.643443
85,-7.14213,3.38215,-0.661164
85,-7.02334,3.5834,-0.646649
85,-6.72897,3.35752,-1.7572
85,-8.168,1.39029,-1.80068
85,-6.88649,3.43202,-1.26873
85,-7.10017,4.15274,0.429507
85,-7.04655,3.87428,-0.222917
85,-6.72918,3.88595,-1.05685
85,-6.49779,4.66018,-0.284379
85,-6.81057,3.42982,-1.81437
85,-5.67562,5.04654,-1.72928
85,-6.96699,4.87569,0.944847
85,-7.26444,4.23863,0.331155
85,-7.32676,3.65705,-0.564076
85,-7.84807,3.40751,0.211589
85,-6.552,5.56629,0.931578
85,-6.73084,3.9313,-1.57568
85,-8.46409,1.39281,-1.96654
85,-6.89538,4.02979,-1.10071
85,-7.38359,4.04756,0.0823081
85,-6.65768,4.60774,-0.737694
85,-7.72259,3.59484,-0.21549
85,-7.68498,3.41615,-0.722348
85,-6.82456,3.95301,-1.83047
85,-7.76861,3.60722,-0.221736
85,-7.80623,3.81171,0.177162
85,-7.78817,3.62839,-0.228659
85,-7.8269,3.64208,-0.242239
85,-7.57327,3.68331,-0.80613
85,-7.34052,4.88236,0.69526
85,-6.4853,4.26995,-2.46944
85,-6.4886,4.28102,-2.46932
85,-6.86777,4.75729,-0.852568
85,-7.44906,4.58811,0.216719
85,-6.81057,4.02354,-2.37576
85,-6.64061,4.31132,-2.34331
85,-7.2837,4.84822,0.0921546
85,-6.75098,4.76435,-1.33288
85,-7.28775,4.86351,0.111413
85,-6.83219,3.92002,-2.64543
85,-6.73471,5.20134,-0.66652
85,-6.69621,5.20918,-0.774867
85,-6.8067,5.23866,-0.508065
85,-6.75329,4.8084,-1.40047
85,-6.71276,4.25588,-2.47199
85,-7.48506,3.43935,-2.18619
85,-8.58499,3.37943,0.301738
85,-6.81046,4.84083,-1.37687
85,-6.78384,4.83879,-1.44768
85,-6.60578,4.61135,-2.32385
85,-6.99171,4.92879,-0.91126
85,-7.25034,4.40213,-1.32561
85,-6.67435,4.93237,-1.79771
85,-7.58592,5.11514,0.687017
85,-6.6973,4.96458,-1.82302
85,-6.77231,4.50744,-2.49958
85,-6.7737,4.6519,-2.25106
85,-7.20058,4.12033,-2.18652
85,-7.48955,5.02621,0.0691516
85,-8.34588,4.18037,0.596353
85,-6.70231,5.27415,-1.40635
85,-6.83885,4.80358,-1.92672
85,-8.14301,4.25851,0.19514
85,-6.96904,4.60867,-1.98355
85,-6.70321,5.29326,-1.43769
85,-6.95605,4.64102,-1.98672
85,-8.85314,3.4054,0.301955
85,-6.95252,6.39918,0.999545
85,-6.68446,5.75148,-0.802706
85,-6.31438,5.53517,-2.18013
85,-6.85897,4.48219,-2.74183
85,-7.73471,3.56931,-2.31655
85,-7.7114,3.56403,-2.39746
85,-7.75251,3.55334,-2.37126
85,-7.10995,5.35727,-0.797521
85,-6.52758,5.68443,-1.63871
85,-8.98131,3.51236,0.285447
85,-7.14313,5.31947,-0.97774
85,-6.7486,5.40613,-1.96995
85,-6.86136,5.338,-2.03013
85,-7.22987,5.52733,-0.831967
85,-6.85184,6.01439,-0.880469
85,-7.47894,5.82993,0.253596
85,-6.13681,6.25484,-2.25644
85,-6.88564,5.40258,-2.03888
85,-6.48176,6.00251,-2.06371
85,-8.53355,3.92207,-0.858757
85,-6.92877,5.40742,-2.09018
85,-6.91889,6.08158,-0.930236
85,-9.05405,3.70233,-0.147944
85,-8.75371,4.23315,0.0143262
85,-9.07808,3.71027,-0.141768
85,-6.50221,7.83504,0.98835
85,-6.37015,6.16672,-2.28391
85,-5.76437,7.06655,-2.14973
85,-7.78351,5.3347,-0.482396
85,-7.09031,6.21878,-0.601524
85,-6.67555,6.64287,-0.857369
85,-6.42358,6.32538,-2.03751
85,-8.96085,3.73077,-0.618695
85,-6.51233,6.04501,-2.4351
85,-6.52529,6.0798,-2.37291
85,-6.34539,6.43545,-2.22233
85,-8.01327,3.59146,-3.41735
85,-6.59286,6.73209,-1.27219
85,-9.01743,3.81527,-0.67238
85,-6.55898,6.18648,-2.4088
85,-9.49396,3.6858,0.161331
85,-8.81155,4.08325,-0.826262
85,-9.3164,3.81383,-0.195696
85,-7.23248,6.40602,-0.65098
85,-6.73863,6.42552,-2.21804
85,-6.83811,7.0364,-0.946504
85,-6.50541,7.03451,-1.84992
85,-6.52388,7.2152,-1.55662
85,-6.66642,6.54548,-2.40347
85,-6.35975,6.95677,-2.53506
85,-6.65143,6.93671,-1.91568
85,-9.31695,4.47374,-0.0484107
85,-8.62905,3.65876,-3.72614
85,-9.49784,4.57263,-0.0661677
85,-10.5216,3.58961,0.349642
85,-10.8935,1.66216,-2.21207
85,-6.29501,8.5052,-1.76616
85,-9.13584,3.73871,-3.78021
85,-6.73283,4.10801,0.575874
84,-6.73283,4.10801,0.575874
85,-7.1127,3.79634,-0.134465
84,-7.1127,3.79634,-0.134465
85,-7.33996,3.86353,0.321756
84,-7.33996,3.86353,0.321756
85,-6.67134,3.50043,-0.509927
84,-6.67134,3.50043,-0.509927
85,-6.88179,3.97396,0.324126
84,-6.88179,3.97396,0.324126
85,-7.38739,3.84721,-0.037152
84,-7.38739,3.84721,-0.037152
85,-6.89958,3.45826,-1.03684
84,-6.89958,3.45826,-1.03684
85,-10.5273,3.96007,-3.26582
84,-10.5273,3.96007,-3.26582
85,-6.91987,5.74986,0.0319938
84,-6.91987,5.74986,0.0319938
85,-6.97048,4.9281,0.691628
84,-6.97048,4.9281,0.691628
85,-6.79626,7.12878,-0.531696
84,-6.79626,7.12878,-0.531696
85,-6.74751,5.60085,-1.91043
84,-6.74751,5.60085,-1.91043
85,-15.6849,5.02844,-3.5909
84,-15.6849,5.02844,-3.5909
85,-11.0122,4.13084,-3.53874
84,-11.0122,4.13084,-3.53874
85,-6.93349,4.00864,-2.74829
84,-6.93349,4.00864,-2.74829
85,-7.01163,4.06702,-1.52828
84,-7.01163,4.06702,-1.52828
85,-6.4523,5.62236,-0.378401
84,-6.4523,5.62236,-0.378401
85,-12.6206,4.29566,-0.023137
84,-12.6206,4.29566,-0.023137
85,-12.0017,4.99708,1.04652
84,-12.0017,4.99708,1.04652
85,-7.53277,3.94263,-0.066277
84,-7.53277,3.94263,-0.066277
85,-6.07498,8.28286,-2.3501
84,-6.07498,8.28286,-2.3501
85,-12.917,4.37258,-0.0389312
84,-12.917,4.37258,-0.0389312
85,-13.6547,4.49823,0.523973
84,-13.6547,4.49823,0.523973
85,-7.96981,4.09614,0.567666
84,-7.96981,4.09614,0.567666
85,-13.4971,20.1998,2.15343
84,-13.4971,20.1998,2.15343
85,-7.51722,3.9374,0.231795
84,-7.51722,3.9374,0.231795
85,-7.06282,4.10877,-2.87756
84,-7.06282,4.10877,-2.87756
85,-15.1284,4.59539,-2.94602
84,-15.1284,4.59539,-2.94602
85,-14.2088,11.0224,1.81545
84,-14.2088,11.0224,1.81545
85,-16.6044,14.5456,2.93947
84,-16.6044,14.5456,2.93947
85,-14.5367,4.37092,-0.184096
84,-14.5367,4.37092,-0.184096
85,-15.0882,4.2187,0.603513
84,-15.0882,4.2187,0.603513
85,-7.36038,3.83882,0.244534
84,-7.36038,3.83882,0.244534
85,-11.96,4.7658,0.6433
84,-11.96,4.7658,0.6433
85,-11.3037,4.30162,1.41744
84,-11.3037,4.30162,1.41744
85,-13.7215,4.72534,1.40326
84,-13.7215,4.72534,1.40326
85,-12.018,6.92951,1.41028
84,-12.018,6.92951,1.41028
85,-13.0136,4.41573,-4.88004
84,-13.0136,4.41573,-4.88004
85,-19.3441,2.89235,-2.0028
84,-19.3441,2.89235,-2.0028
85,-18.0658,3.11414,-1.12836
84,-18.0658,3.11414,-1.12836
85,-12.4603,7.40657,1.80626
84,-12.4603,7.40657,1.80626
85,-10.9817,5.01414,1.21387
84,-10.9817,5.01414,1.21387
85,-11.0525,5.43739,0.0681829
84,-11.0525,5.43739,0.0681829
85,-10.6418,6.93704,1.63361
84,-10.6418,6.93704,1.63361
85,-18.3082,3.10598,-1.12321
84,-18.3082,3.10598,-1.12321
85,-6.34898,8.16111,-0.692381
84,-6.34898,8.16111,-0.692381
85,-11.3687,1.66371,-2.39768
84,-11.3687,1.66371,-2.39768
85,-15.033,1.86992,-3.27953
84,-15.033,1.86992,-3.27953
85,-16.1925,3.27184,0.879678
84,-16.1925,3.27184,0.879678
85,-11.7722,8.7532,1.57049
84,-11.7722,8.7532,1.57049
85,-6.64844,6.29713,-2.57184
84,-6.64844,6.29713,-2.57184
85,-30.2394,4.82333,-5.65495
84,-30.2394,4.82333,-5.65495
85,-9.61291,4.44595,0.724204
84,-9.61291,4.44595,0.724204
85,-6.47727,5.45046,0.937076
84,-6.47727,5.45046,0.937076
85,-6.51001,3.38076,-0.68558
83,-6.51001,3.38076,-0.68558
85,-6.05907,4.48548,-2.59859
83,-6.05907,4.48548,-2.59859
85,-6.75844,4.8703,-0.695582
83,-6.75844,4.8703,-0.695582
85,-12.992,6.5489,1.22539
83,-12.992,6.5489,1.22539
85,-6.70705,6.13805,-1.91719
83,-6.70705,6.13805,-1.91719
85,-10.5845,3.66993,-3.50594
83,-10.5845,3.66993,-3.50594
85,-14.0845,4.51344,-4.7894
83,-14.0845,4.51344,-4.7894
85,-12.0275,4.11912,-3.04019
83,-12.0275,4.11912,-3.04019
85,-7.09562,4.87809,0.117763
83,-7.09562,4.87809,0.117763
85,-6.97267,5.09583,-0.892681
83,-6.97267,5.09583,-0.892681
85,-11.8721,16.6461,2.20559
83,-11.8721,16.6461,2.20559
85,-10.9717,3.92059,0.640714
83,-10.9717,3.92059,0.640714
85,-17.1197,3.21963,-4.08965
83,-17.1197,3.21963,-4.08965
85,-13.1142,3.91882,1.46604
83,-13.1142,3.91882,1.46604
85,-12.2931,2.3218,-3.43573
83,-12.2931,2.3218,-3.43573
85,-25.3121,4.24016,-6.92678
83,-25.3121,4.24016,-6.92678
85,-11.2438,4.14497,-2.59764
83,-11.2438,4.14497,-2.59764
85,-7.03843,4.14702,0.313076
82,-7.03843,4.14702,0.313076
85,-6.37563,4.38012,-2.4115
82,-6.37563,4.38012,-2.4115
85,-8.15108,5.93843,1.04449
82,-8.15108,5.93843,1.04449
85,-12.0181,8.0409,1.87904
82,-12.0181,8.0409,1.87904
85,-12.0948,6.89132,1.42442
82,-12.0948,6.89132,1.42442
85,-8.14824,5.93547,1.04582
82,-8.14824,5.93547,1.04582
85,-10.6808,4.03497,-4.62543
82,-10.6808,4.03497,-4.62543
85,-6.59104,7.71153,-0.349591
82,-6.59104,7.71153,-0.349591
85,-12.9556,3.12876,-1.13226
82,-12.9556,3.12876,-1.13226
85,-16.0451,4.12087,0.166081
82,-16.0451,4.12087,0.166081
85,-9.90409,1.67159,-2.43262
82,-9.90409,1.67159,-2.43262
85,-12.9037,5.14069,0.607182
81,-12.9037,5.14069,0.607182
85,-6.74133,6.70466,-0.49223
81,-6.74133,6.70466,-0.49223
85,-6.85329,5.20388,0.387911
81,-6.85329,5.20388,0.387911
85,-12.0333,6.24013,0.986714
81,-12.0333,6.24013,0.986714
85,-13.3707,4.64073,1.2078
81,-13.3707,4.64073,1.2078
85,-16.9347,2.95171,-2.3399
81,-16.9347,2.95171,-2.3399
85,-10.4026,2.32725,-4.51463
81,-10.4026,2.32725,-4.51463
85,-6.26969,9.06684,-1.87145
81,-6.26969,9.06684,-1.87145
85,-14.421,4.50908,-4.66397
81,-14.421,4.50908,-4.66397
85,-28.394,8.2731,-11.0281
81,-28.394,8.2731,-11.0281
85,-8.57211,3.94227,-0.745733
81,-8.57211,3.94227,-0.745733
85,-14.8853,4.29098,0.429957
81,-14.8853,4.29098,0.429957
85,-18.2677,3.54377,0.10796
81,-18.2677,3.54377,0.10796
85,-12.1043,5.50101,0.267628
81,-12.1043,5.50101,0.267628
85,-7.62606,3.45679,-0.648888
78,-7.62606,3.45679,-0.648888
86,-6.13646,3.65737,0.0762311
86,-6.12904,3.66471,0.0678485
86,-6.39348,3.38185,-0.343903
86,-6.75153,3.36772,0.301954
86,-6.37549,3.56707,-0.295698
86,-6.21003,3.74511,-0.431012
86,-6.44413,3.42644,-0.557102
86,-6.56689,3.48214,-0.227514
86,-6.47282,3.46072,-0.569179
86,-6.51745,3.5057,-0.575312
86,-6.74352,3.52081,-0.044452
86,-6.60254,3.45433,-0.569241
86,-6.62613,3.46899,-0.579469
86,-6.30002,4.61125,0.5279
86,-6.54342,3.5063,-0.752021
86,-6.60011,3.44387,-0.724931
86,-6.54156,4.06947,-0.0229692
86,-6.71767,4.1535,0.496374
86,-6.82431,3.61374,-0.167973
86,-6.63043,4.18695,0.195126
86,-7.00838,3.5896,0.0357543
86,-6.90089,3.43482,-0.694824
86,-6.78514,4.51788,0.781228
86,-5.90306,4.17702,-1.93859
86,-6.44999,5.08416,0.835939
86,-5.91193,4.18089,-1.94285
86,-7.06357,3.82796,0.167394
86,-7.07198,3.84022,0.206727
86,-7.03153,4.02726,0.31756
86,-7.0342,4.13089,0.448483
86,-7.03801,4.02779,0.276258
86,-7.03546,3.97219,0.112143
86,-7.04127,4.30789,0.647862
86,-6.5727,4.83841,0.409039
86,-6.76808,4.69188,0.561592
86,-6.64231,3.93325,-0.987018
86,-6.79509,4.74882,0.692436
86,-6.88366,3.4409,-1.28784
86,-5.98459,4.31768,-1.9791
86,-6.85714,4.37184,0.157586
86,-6.75817,4.41533,-0.0230928
86,-6.94986,4.70172,0.884617
86,-6.87211,4.50219,0.365432
86,-6.92257,3.4712,-1.2459
86,-6.00615,4.35134,-2.01484
86,-7.05882,4.53943,0.735881
86,-7.2282,3.43223,-0.697593
86,-6.78621,3.39368,-1.81224
86,-7.22833,3.44251,-0.699005
86,-6.60461,5.28934,0.86353
86,-6.72914,4.77118,0.132589
86,-6.32837,5.52667,0.421074
86,-7.09502,4.67884,0.824086
86,-7.37504,3.70189,-0.135258
86,-6.8476,3.44745,-1.84288
86,-6.85041,3.44018,-1.86758
86,-6.79898,3.84698,-1.33907
86,-6.92037,5.09803,0.97787
86,-7.44739,3.87279,0.193699
86,-6.83112,3.87632,-1.35394
86,-6.79577,4.84735,0.124699
86,-7.3603,3.55129,-0.730294
86,-7.15624,4.75797,0.772187
86,-7.01496,3.53865,-1.58464
86,-7.22623,4.58964,0.581015
86,-6.75836,3.87596,-1.70729
86,-6.38723,5.53599,0.110813
86,-6.8959,3.98403,-1.26536
86,-6.66905,4.62807,-0.750741
86,-7.01948,4.76567,0.280656
86,-6.62214,5.4865,0.48702
86,-7.41478,3.60136,-0.751349
86,-6.50313,4.24436,-1.93924
86,-7.62357,3.41531,-0.738014
86,-6.81177,3.9318,-1.81272
86,-7.46751,3.7404,-0.607646
86,-6.82691,3.95375,-1.83513
86,-6.84811,3.96311,-1.78536
86,-6.526,4.17401,-2.22111
86,-7.37048,4.72546,0.582082
86,-6.52955,4.20939,-2.2605
86,-7.02647,3.44266,-2.40367
86,-6.55787,4.23511,-2.28657
86,-6.3838,5.84323,-0.0752333
86,-7.07847,5.50737,0.996593
86,-6.39522,4.40612,-2.44345
86,-6.58878,4.17032,-2.40523
86,-6.75487,5.12995,-0.481001
86,-6.64399,4.15539,-2.35433
86,-6.85045,4.78389,-0.844923
86,-6.48008,4.46573,-2.32569
86,-7.62476,3.84065,-0.669954
86,-6.52813,4.50486,-2.20816
86,-6.4408,4.46001,-2.49862
86,-6.58516,5.98887,0.276331
86,-6.61082,4.35559,-2.35201
86,-7.65881,3.87049,-0.685762
86,-7.21713,3.47108,-2.39272
86,-7.01119,3.99687,-2.04867
86,-7.22198,3.48682,-2.40975
86,-6.75049,4.80167,-1.36854
86,-7.08791,5.20756,0.0761694
86,-6.73174,4.21588,-2.39571
86,-6.77102,5.20771,-0.689753
86,-6.70676,5.2346,-0.79952
86,-6.7036,4.37443,-2.23553
86,-8.00095,3.48416,-0.668802
86,-6.82565,4.08422,-2.45748
86,-6.8841,4.29847,-1.97673
86,-7.15639,5.68087,0.91467
86,-6.57476,5.7636,-0.336619
86,-6.8571,5.48118,-0.165428
86,-8.06989,3.45121,-0.652853
86,-8.10133,4.18768,0.585159
86,-6.87348,4.00365,-2.62284
86,-6.89621,5.0389,-0.8677
86,-7.21631,5.25432,0.230979
86,-6.85186,5.35544,-0.518088
86,-7.49304,3.45096,-2.21752
86,-6.94046,4.35905,-2.03632
86,-7.24715,5.29899,0.221405
86,-7.18801,5.31949,0.0549402
86,-6.689,4.90953,-1.82277
86,-6.95021,5.20533,-0.733529
86,-6.87389,4.58395,-1.93929
86,-6.8785,4.46956,-2.23322
86,-7.50867,3.50655,-2.34414
86,-6.68024,5.26741,-1.4342
86,-6.70927,4.98189,-1.84225
86,-6.81822,5.9338,-0.212429
86,-6.88324,5.44652,-0.900487
86,-6.97858,5.92771,0.0253273
86,-6.70934,5.82793,-0.824719
86,-7.22296,6.02656,0.711006
86,-7.05939,5.37862,-0.774544
86,-7.93442,4.12659,-0.778978
86,-7.06187,4.47096,-2.28693
86,-8.1575,3.85205,-0.724529
86,-8.83006,1.57542,-2.91434
86,-7.10466,4.50749,-2.1656
86,-8.33501,3.68278,-0.627905
86,-8.29037,3.8756,-0.437249
86,-6.67312,5.30262,-1.89983
86,-7.20059,6.26749,0.917078
86,-7.72901,3.56608,-2.32668
86,-7.71945,3.56306,-2.37963
86,-6.67315,5.5089,-1.85616
86,-8.47618,3.84124,-0.526563
86,-7.88459,3.50522,-2.48039
86,-7.90887,3.49481,-2.46841
86,-7.91064,3.49356,-2.47962
86,-6.14641,6.19786,-2.22072
86,-9.18596,1.72936,-2.43083
86,-6.66089,5.69776,-1.89829
86,-9.09068,3.55724,0.298134
86,-6.15974,6.26007,-2.24517
86,-6.65932,5.72158,-1.98286
86,-7.2067,5.99705,-0.258937
86,-6.32467,6.08722,-2.24781
86,-6.7704,5.64972,-1.93938
86,-7.02423,6.78007,0.460602
86,-6.33753,6.12384,-2.26141
86,-8.78661,3.66461,-0.57826
86,-6.87578,5.47929,-2.09873
86,-8.8316,3.56781,-0.671954
86,-8.63479,3.94275,-0.572583
86,-9.06483,3.6933,-0.139553
86,-6.39501,6.37512,-2.07341
86,-6.66468,6.73828,-0.851376
86,-6.75212,6.69931,-0.775749
86,-6.41147,6.40233,-2.08822
86,-9.10032,3.71803,-0.176831
86,-9.36649,3.62567,0.294238
86,-7.13859,6.66875,-0.0176007
86,-6.57138,6.18478,-2.21272
86,-6.65123,7.04636,-0.675881
86,-6.65372,7.08581,-0.697789
86,-6.5568,6.28429,-2.25151
86,-6.71524,6.22747,-2.09665
86,-6.77631,6.86673,-0.915182
86,-6.59242,6.32866,-2.30553
86,-6.58493,6.36148,-2.2996
86,-6.59063,6.34845,-2.31852
86,-9.62307,2.05907,-2.70444
86,-6.68591,6.52378,-2.27522
86,-6.59964,6.90248,-1.88514
86,-6.60844,6.90327,-1.87005
86,-6.74033,7.43714,-0.934167
86,-6.60807,6.54744,-2.72285
86,-6.73123,6.63037,-2.31833
86,-6.14636,7.61093,-2.09987
86,-6.37045,7.60159,-1.65745
86,-6.7987,7.74422,-0.480274
86,-9.8216,3.74993,-0.0300604
86,-6.70604,7.80169,-0.817003
86,-6.22158,7.65419,-2.28607
86,-9.0205,3.68392,-2.41625
86,-9.05051,3.69746,-2.44047
86,-6.25729,7.92037,-2.2383
86,-8.61506,3.65641,-3.71981
86,-8.6308,3.65301,-3.71033
86,-6.47253,8.61433,-0.754022
86,-10.6062,2.09082,-2.58763
86,-11.439,1.15309,-2.32816
86,-6.85233,3.42842,-0.896029
85,-6.85233,3.42842,-0.896029
86,-7.76305,3.89936,-0.795363
85,-7.76305,3.89936,-0.795363
86,-10.1427,3.86314,-4.36109
85,-10.1427,3.86314,-4.36109
86,-10.2427,3.86944,-2.21577
85,-10.2427,3.86944,-2.21577
86,-6.00229,4.04379,-2.07807
85,-6.00229,4.04379,-2.07807
86,-6.80506,4.37497,0.718075
85,-6.80506,4.37497,0.718075
86,-6.55593,4.56176,-2.40668
85,-6.55593,4.56176,-2.40668
86,-10.5362,4.01349,-4.66819
85,-10.5362,4.01349,-4.66819
86,-6.82088,5.90661,0.985764
85,-6.82088,5.90661,0.985764
86,-6.6276,6.53614,-0.454464
85,-6.6276,6.53614,-0.454464
86,-12.696,4.30632,-0.14486
85,-12.696,4.30632,-0.14486
86,-16.6788,5.02418,-3.4165
85,-16.6788,5.02418,-3.4165
86,-19.9945,6.1065,-2.90324
85,-19.9945,6.1065,-2.90324
86,-12.6284,4.29607,-4.6786
85,-12.6284,4.29607,-4.6786
86,-18.2073,5.30023,-4.78812
85,-18.2073,5.30023,-4.78812
86,-6.7207,5.06243,0.144572
85,-6.7207,5.06243,0.144572
86,-15.0969,4.51066,-0.240924
85,-15.0969,4.51066,-0.240924
86,-15.1728,4.70327,0.508958
85,-15.1728,4.70327,0.508958
86,-14.1157,4.86028,1.44435
85,-14.1157,4.86028,1.44435
86,-11.9099,7.32807,1.2575
85,-11.9099,7.32807,1.2575
86,-12.537,5.94705,0.694026
85,-12.537,5.94705,0.694026
86,-9.65042,2.50497,-4.20111
85,-9.65042,2.50497,-4.20111
86,-6.74756,3.39949,-0.731558
85,-6.74756,3.39949,-0.731558
86,-12.5801,5.78502,1.35808
85,-12.5801,5.78502,1.35808
86,-9.64798,2.49862,-4.20154
85,-9.64798,2.49862,-4.20154
86,-16.7998,3.017,0.459936
85,-16.7998,3.017,0.459936
86,-16.3649,3.28969,0.931683
85,-16.3649,3.28969,0.931683
86,-10.5619,14.2259,1.94397
85,-10.5619,14.2259,1.94397
86,-12.6508,4.29651,-1.06024
85,-12.6508,4.29651,-1.06024
86,-16.9426,2.08311,0.0184183
85,-16.9426,2.08311,0.0184183
86,-17.5695,2.19172,0.649588
85,-17.5695,2.19172,0.649588
86,-15.1519,1.82989,-0.995611
85,-15.1519,1.82989,-0.995611
86,-12.0302,2.5341,-5.27519
85,-12.0302,2.5341,-5.27519
86,-16.4436,2.06444,0.0237069
85,-16.4436,2.06444,0.0237069
86,-13.0469,4.36953,-1.1096
85,-13.0469,4.36953,-1.1096
86,-15.515,1.83716,-1.09093
85,-15.515,1.83716,-1.09093
86,-14.6529,2.87277,-3.2376
85,-14.6529,2.87277,-3.2376
86,-6.64061,6.35881,-2.51086
85,-6.64061,6.35881,-2.51086
86,-7.1736,3.26274,-0.53793
85,-7.1736,3.26274,-0.53793
86,-15.3736,2.02009,0.073752
85,-15.3736,2.02009,0.073752
86,-7.63469,3.57657,0.091687
85,-7.63469,3.57657,0.091687
86,-7.07546,3.82955,0.124027
85,-7.07546,3.82955,0.124027
86,-15.2252,1.83905,-3.32268
85,-15.2252,1.83905,-3.32268
86,-7.16694,3.26429,-0.528456
85,-7.16694,3.26429,-0.528456
86,-17.7448,3.43966,0.907161
85,-17.7448,3.43966,0.907161
86,-12.5096,5.96606,0.536925
84,-12.5096,5.96606,0.536925
86,-8.53814,3.8976,-0.497841
84,-8.53814,3.8976,-0.497841
86,-6.75879,5.29553,0.389853
84,-6.75879,5.29553,0.389853
86,-7.03653,4.52511,0.769472
84,-7.03653,4.52511,0.769472
86,-12.8803,6.04115,0.836295
84,-12.8803,6.04115,0.836295
86,-13.2816,4.51976,-2.46449
84,-13.2816,4.51976,-2.46449
86,-15.339,5.16148,-3.11358
84,-15.339,5.16148,-3.11358
86,-15.6102,16.5434,2.68203
84,-15.6102,16.5434,2.68203
86,-9.4545,5.72402,1.03255
84,-9.4545,5.72402,1.03255
86,-11.9409,8.94598,1.81107
84,-11.9409,8.94598,1.81107
86,-9.37895,5.66926,1.02674
84,-9.37895,5.66926,1.02674
86,-9.46306,3.93359,-0.730165
84,-9.46306,3.93359,-0.730165
86,-13.3957,2.41828,0.0520863
84,-13.3957,2.41828,0.0520863
86,-10.1838,3.49341,-3.11961
84,-10.1838,3.49341,-3.11961
86,-7.60635,3.60402,0.205848
84,-7.60635,3.60402,0.205848
86,-16.0226,5.70424,1.68468
84,-16.0226,5.70424,1.68468
86,-12.0561,17.4197,2.05501
84,-12.0561,17.4197,2.05501
86,-6.81965,5.21169,0.863654
84,-6.81965,5.21169,0.863654
86,-11.8747,5.00581,0.643426
84,-11.8747,5.00581,0.643426
86,-6.6114,5.72688,-1.47365
82,-6.6114,5.72688,-1.47365
86,-12.3327,6.32584,1.04388
82,-12.3327,6.32584,1.04388
86,-8.2833,4.80532,0.916795
82,-8.2833,4.80532,0.916795
86,-6.73537,5.7864,-0.340722
82,-6.73537,5.7864,-0.340722
86,-6.78174,4.82488,-1.5266
81,-6.78174,4.82488,-1.5266
86,-19.4459,6.0522,-7.34167
81,-19.4459,6.0522,-7.34167
86,-8.16174,3.61533,-0.733765
81,-8.16174,3.61533,-0.733765
86,-16.1298,3.27742,0.0999647
81,-16.1298,3.27742,0.0999647
86,-23.0741,4.91445,-0.859895
81,-23.0741,4.91445,-0.859895
86,-15.104,4.17328,0.595249
81,-15.104,4.17328,0.595249
86,-10.6298,4.0214,-4.38241
79,-10.6298,4.0214,-4.38241
86,-8.31925,3.90326,0.0837662
79,-8.31925,3.90326,0.0837662
86,-12.9692,5.79601,1.13661
78,-12.9692,5.79601,1.13661
87,-6.04765,3.6123,0.103898
87,-6.07163,3.62633,0.0752894
87,-6.00581,3.36168,-0.679232
87,-6.00256,3.36567,-0.68125
87,-6.02925,3.37435,-0.686661
87,-6.03655,3.38506,-0.692714
87,-6.36003,3.41806,-0.231193
87,-6.3911,3.40153,-0.330169
87,-6.36783,3.5358,-0.26609
87,-6.38335,3.57792,-0.305831
87,-6.40946,3.58526,-0.298883
87,-6.53574,3.45349,-0.217719
87,-6.56715,3.42834,-0.717666
87,-6.91261,3.33649,0.00101477
87,-6.8983,3.48186,0.0746808
87,-6.7792,3.55135,-0.147952
87,-6.72461,3.81582,0.124816
87,-6.97908,3.40026,-0.0158029
87,-6.70645,3.49732,-0.601648
87,-6.70813,3.52015,-0.753136
87,-6.74876,3.50312,-0.708897
87,-6.88013,3.46559,-0.705052
87,-6.82102,4.51831,0.794987
87,-6.83883,4.53957,0.79749
87,-6.96857,3.90639,0.124383
87,-7.00639,3.9505,0.243788
87,-7.01353,3.51092,-0.694204
87,-7.03601,4.11622,0.311083
87,-6.86433,3.414,-1.2437
87,-7.09625,3.92436,0.0529148
87,-6.78732,5.03833,1.00863
87,-5.95803,4.56886,-1.97295
87,-6.9148,3.47171,-1.30575
87,-7.07667,4.49263,0.669157
87,-7.07318,4.57434,0.761369
87,-6.78282,5.20365,0.953817
87,-7.15581,4.41506,0.633481
87,-6.81955,3.41274,-1.82747
87,-7.26923,3.45387,-0.708782
87,-6.97005,4.61357,0.35547
87,-6.69813,4.95067,0.15615
87,-7.55232,3.66684,0.0521649
87,-7.33067,3.69381,-0.705826
87,-6.75461,4.71675,-0.789854
87,-6.89856,5.16394,0.262577
87,-6.50627,4.3692,-2.02869
87,-6.8436,3.9617,-1.84366
87,-6.5644,4.31784,-1.98669
87,-6.48091,4.32051,-2.21372
87,-6.85007,3.97847,-1.85527
87,-6.78807,4.74132,-0.819919
87,-6.87532,4.02923,-1.87444
87,-7.01828,5.56848,0.904161
87,-7.03631,5.01294,0.0510132
87,-6.7717,4.83057,-0.984344
87,-6.49351,4.5013,-2.20648
87,-6.7799,5.14905,-0.489146
87,-7.12137,5.10578,0.240862
87,-6.68586,5.19181,-0.782324
87,-6.61339,5.99498,0.282705
87,-6.95009,4.08511,-1.87976
87,-6.9339,5.40845,0.0396376
87,-6.66338,4.71773,-1.82379
87,-6.96538,5.45808,0.0343822
87,-7.00802,5.53479,0.245974
87,-6.8715,4.07436,-2.43559
87,-7.2374,3.50484,-2.44221
87,-7.85629,3.63391,-0.724133
87,-6.89276,4.08603,-2.44474
87,-6.86981,4.11112,-2.48451
87,-6.79547,5.33581,-0.855734
87,-6.85694,4.56012,-1.92161
87,-6.85439,4.5809,-1.90303
87,-8.16088,3.98295,0.295261
87,-6.72443,5.31504,-1.32037
87,-6.72093,4.99112,-1.84551
87,-8.0946,3.54865,-0.674263
87,-6.92405,5.51171,-0.526611
87,-7.07374,5.62276,0.0147142
87,-8.19466,4.02348,0.293754
87,-8.1897,4.02312,0.264815
87,-6.86453,5.39998,-0.895736
87,-8.22108,4.03082,0.297108
87,-8.23486,4.11445,0.380576
87,-6.87523,4.88429,-1.90637
87,-7.63169,3.5128,-2.24481
87,-7.61644,3.5101,-2.3291
87,-7.65081,3.51176,-2.2449
87,-8.18458,3.71892,-0.600337
87,-7.66879,3.49475,-2.30046
87,-8.33036,4.15663,0.383206
87,-6.63323,5.73205,-1.42718
87,-6.92686,4.95691,-1.9602
87,-8.3613,4.18152,0.378413
87,-7.68174,3.53569,-2.37288
87,-6.80022,5.92323,-0.881938
87,-6.65995,5.7894,-1.47344
87,-8.5008,3.49736,-0.471654
87,-7.73021,3.55953,-2.32299
87,-7.75952,3.53142,-2.33713
87,-6.79725,5.34655,-1.97356
87,-6.70831,5.55495,-1.88396
87,-8.36727,3.71417,-0.654746
87,-7.76776,3.59129,-2.37973
87,-6.62135,5.83282,-1.74338
87,-6.67303,6.59938,-0.45753
87,-8.31078,3.83962,-0.71865
87,-6.18128,6.26548,-2.23997
87,-7.00885,6.02528,-0.577559
87,-8.36045,3.83085,-0.663457
87,-6.67017,5.73802,-1.89838
87,-6.47597,5.7886,-2.31644
87,-6.83393,5.41234,-2.01883
87,-6.36821,6.22463,-1.98096
87,-6.32565,6.11505,-2.27053
87,-8.60073,3.61114,-0.5492
87,-6.62627,6.6705,-0.854652
87,-8.43705,3.88388,-0.705598
87,-6.73169,5.80604,-1.95511
87,-9.40708,1.2579,-2.44129
87,-7.08875,6.14614,-0.612284
87,-8.70144,3.6713,-0.581433
87,-6.41488,6.3792,-2.08543
87,-9.49248,1.23495,-2.48396
87,-6.64349,6.01364,-2.10695
87,-6.62406,5.80029,-2.64174
87,-6.53564,6.12667,-2.36559
87,-8.61245,3.88375,-0.736928
87,-8.7853,3.71421,-0.604583
87,-6.52106,6.28718,-2.24333
87,-6.53768,6.54474,-1.84775
87,-6.56293,6.11868,-2.49066
87,-8.8215,3.73959,-0.629187
87,-7.21727,6.29093,-0.6609
87,-8.83239,3.77231,-0.607934
87,-8.28926,3.59072,-2.3977
87,-6.66827,5.8719,-2.95669
87,-8.36086,3.57839,-2.37202
87,-6.62342,7.31644,-0.884187
87,-6.56812,6.71415,-2.2657
87,-8.48566,3.63522,-2.4333
87,-9.11566,3.70756,-0.771227
87,-6.49804,7.31284,-1.84119
87,-8.64944,3.66134,-2.43621
87,-6.29445,7.67156,-2.06814
87,-6.47078,7.62311,-1.89728
87,-9.78867,3.73476,0.223556
87,-8.80562,3.65135,-2.39207
87,-6.49108,7.6869,-1.91717
87,-8.91648,3.64793,-2.36965
87,-9.95541,3.8313,0.254286
87,-9.6447,3.71248,-0.793994
87,-9.71252,3.73451,-0.798693
87,-8.67581,3.68912,-3.798
87,-10.7265,1.10245,-2.77209
87,-8.92521,3.66598,-3.6368
87,-9.03233,3.70125,-3.70804
87,-10.5692,2.08078,-2.55953
87,-9.07592,3.7156,-3.73171
87,-10.008,3.80323,-1.40296
87,-10.0978,3.83758,-1.42852
87,-11.5634,1.01121,-2.53333
87,-8.5652,3.60896,-0.557551
86,-8.5652,3.60896,-0.557551
87,-7.63848,3.62529,-0.734473
86,-7.63848,3.62529,-0.734473
87,-6.52892,4.20454,-2.25958
86,-6.52892,4.20454,-2.25958
87,-13.973,4.74242,-2.69248
86,-13.973,4.74242,-2.69248
87,-6.81869,3.29035,-2.09815
86,-6.81869,3.29035,-2.09815
87,-12.5892,6.32632,0.119043
86,-12.5892,6.32632,0.119043
87,-14.9628,4.46867,-0.21569
86,-14.9628,4.46867,-0.21569
87,-16.415,4.60643,-4.29132
86,-16.415,4.60643,-4.29132
87,-13.9192,4.74631,-1.33539
86,-13.9192,4.74631,-1.33539
87,-13.2061,4.25662,-4.32959
86,-13.2061,4.25662,-4.32959
87,-13.6235,4.6243,-2.57921
86,-13.6235,4.6243,-2.57921
87,-9.93938,2.55592,-4.44864
86,-9.93938,2.55592,-4.44864
87,-13.3055,7.14075,0.656695
86,-13.3055,7.14075,0.656695
87,-13.3279,3.89774,0.460699
86,-13.3279,3.89774,0.460699
87,-14.1191,4.86398,1.44363
86,-14.1191,4.86398,1.44363
87,-16.8952,4.32565,0.131639
86,-16.8952,4.32565,0.131639
87,-6.89613,4.97532,-1.46893
86,-6.89613,4.97532,-1.46893
87,-7.15618,3.84296,-0.146302
86,-7.15618,3.84296,-0.146302
87,-20.3144,5.62664,-5.85474
86,-20.3144,5.62664,-5.85474
87,-10.2464,3.89714,-4.43276
86,-10.2464,3.89714,-4.43276
87,-17.1346,5.77467,-2.76799
86,-17.1346,5.77467,-2.76799
87,-12.8245,4.33706,-0.0292495
86,-12.8245,4.33706,-0.0292495
87,-16.8,4.67589,-0.63417
86,-16.8,4.67589,-0.63417
87,-5.97731,2.61919,-0.0644288
86,-5.97731,2.61919,-0.0644288
87,-11.7692,6.24987,1.37912
86,-11.7692,6.24987,1.37912
87,-11.5376,6.70476,1.69034
86,-11.5376,6.70476,1.69034
87,-15.0962,1.9775,-3.25872
86,-15.0962,1.9775,-3.25872
87,-12.4242,4.40743,0.678878
86,-12.4242,4.40743,0.678878
87,-12.7298,6.30711,0.87778
86,-12.7298,6.30711,0.87778
87,-6.54391,5.89992,-2.41363
86,-6.54391,5.89992,-2.41363
87,-16.8,4.67589,-0.63417
86,-16.8,4.67589,-0.63417
87,-13.2112,6.2179,0.828693
86,-13.2112,6.2179,0.828693
87,-13.0425,4.41253,-1.08161
86,-13.0425,4.41253,-1.08161
87,-7.264,3.37669,0.365587
86,-7.264,3.37669,0.365587
87,-11.5132,3.73291,-3.42299
86,-11.5132,3.73291,-3.42299
87,-15.511,1.9713,-3.40442
86,-15.511,1.9713,-3.40442
87,-16.3815,3.11393,-3.85297
86,-16.3815,3.11393,-3.85297
87,-9.24826,4.18759,-1.08806
86,-9.24826,4.18759,-1.08806
87,-16.4969,1.68187,-1.67531
86,-16.4969,1.68187,-1.67531
87,-9.98802,2.06536,-2.41234
86,-9.98802,2.06536,-2.41234
87,-15.6269,5.19699,-3.15765
86,-15.6269,5.19699,-3.15765
87,-8.05099,3.62532,0.13303
86,-8.05099,3.62532,0.13303
87,-17.6332,3.66178,0.756037
86,-17.6332,3.66178,0.756037
87,-12.249,4.34316,0.643719
86,-12.249,4.34316,0.643719
87,-19.8099,21.7924,3.44188
86,-19.8099,21.7924,3.44188
87,-16.0909,4.42742,0.600667
86,-16.0909,4.42742,0.600667
87,-12.4978,1.54979,-2.72416
86,-12.4978,1.54979,-2.72416
87,-12.323,2.65484,0.782905
86,-12.323,2.65484,0.782905
87,-16.9675,3.50489,-2.94231
86,-16.9675,3.50489,-2.94231
87,-17.4456,1.68237,-1.80904
86,-17.4456,1.68237,-1.80904
87,-17.7732,1.93111,-0.258328
86,-17.7732,1.93111,-0.258328
87,-9.29086,3.80361,-0.893375
85,-9.29086,3.80361,-0.893375
87,-12.9822,6.55283,1.23007
85,-12.9822,6.55283,1.23007
87,-9.61148,4.00262,-0.770266
85,-9.61148,4.00262,-0.770266
87,-10.8619,3.07415,-4.64351
85,-10.8619,3.07415,-4.64351
87,-14.7137,4.34236,1.62432
85,-14.7137,4.34236,1.62432
87,-13.95,4.40898,-4.51895
85,-13.95,4.40898,-4.51895
87,-13.1662,6.57081,0.858591
85,-13.1662,6.57081,0.858591
87,-12.2504,6.5507,1.59488
85,-12.2504,6.5507,1.59488
87,-6.89751,4.27283,-1.86173
85,-6.89751,4.27283,-1.86173
87,-10.9328,14.8914,2.02534
85,-10.9328,14.8914,2.02534
87,-12.4899,3.8854,-3.51035
85,-12.4899,3.8854,-3.51035
87,-19.0676,1.84937,-2.17868
85,-19.0676,1.84937,-2.17868
87,-21.526,2.10075,-2.74749
85,-21.526,2.10075,-2.74749
87,-10.7533,3.77107,1.18401
85,-10.7533,3.77107,1.18401
87,-15.1751,4.36773,0.452581
85,-15.1751,4.36773,0.452581
87,-18.8605,3.0991,-2.10233
85,-18.8605,3.0991,-2.10233
87,-6.77721,5.41016,-1.26704
84,-6.77721,5.41016,-1.26704
87,-8.36853,4.62723,0.87208
84,-8.36853,4.62723,0.87208
87,-11.943,8.83563,1.96787
84,-11.943,8.83563,1.96787
87,-12.8137,4.8813,1.61295
84,-12.8137,4.8813,1.61295
87,-6.54052,6.77795,0.24447
84,-6.54052,6.77795,0.24447
87,-13.2941,2.73447,-1.04142
84,-13.2941,2.73447,-1.04142
87,-6.44406,7.51353,-1.89784
84,-6.44406,7.51353,-1.89784
87,-13.0091,6.82761,1.50268
84,-13.0091,6.82761,1.50268
87,-16.7863,3.08377,-5.13038
84,-16.7863,3.08377,-5.13038
87,-6.95101,4.23082,0.569968
82,-6.95101,4.23082,0.569968
87,-12.0242,16.3068,2.17507
82,-12.0242,16.3068,2.17507
87,-12.9527,5.97167,1.41258
82,-12.9527,5.97167,1.41258
87,-11.3233,4.21684,-2.64989
82,-11.3233,4.21684,-2.64989
87,-13.5872,4.21576,-4.13121
82,-13.5872,4.21576,-4.13121
87,-6.99782,4.04572,0.27312
81,-6.99782,4.04572,0.27312
87,-6.71095,5.72702,-0.819378
81,-6.71095,5.72702,-0.819378
87,-13.0769,4.22776,-4.35641
79,-13.0769,4.22776,-4.35641
88,-5.95622,3.44365,-0.20645
88,-6.05262,3.62145,0.0800643
88,-5.9986,3.33564,-0.644881
88,-5.99602,3.35193,-0.663698
88,-6.03365,3.38395,-0.668948
88,-6.0337,3.39135,-0.658679
88,-6.08508,3.6409,-0.220402
88,-6.20103,3.46493,-0.511952
88,-6.21036,3.46253,-0.512634
88,-6.22136,3.48656,-0.526639
88,-6.41974,3.43579,-0.340867
88,-6.38876,3.58192,-0.299627
88,-6.51013,3.45607,-0.214234
88,-6.53898,3.46243,-0.214049
88,-6.55035,3.47215,-0.221527
88,-6.57091,3.45028,-0.452453
88,-6.5558,3.4428,-0.578092
88,-6.7412,3.82013,0.126753
88,-6.7003,3.45613,-0.672548
88,-6.70145,3.46271,-0.674136
88,-6.74179,3.48822,-0.698919
88,-7.21751,3.48745,0.115015
88,-7.00668,4.19638,0.559314
88,-7.03503,4.00776,0.252658
88,-6.87404,3.43858,-1.18447
88,-7.11353,3.87275,0.168118
88,-6.96084,4.22274,0.259361
88,-6.8765,3.43843,-1.25011
88,-6.80496,3.84239,-0.802275
88,-7.03823,4.32194,0.599253
88,-6.89485,3.45231,-1.21024
88,-6.99491,4.49777,0.731869
88,-6.98152,4.60981,0.814766
88,-6.95498,4.71982,0.862245
88,-6.96448,4.73081,0.861297
88,-7.00764,4.61033,0.729864
88,-6.84965,4.50261,-0.0404543
88,-7.19232,3.68765,-0.413005
88,-7.24671,3.45056,-0.704318
88,-6.82738,3.91019,-1.16025
88,-6.77688,4.81328,0.128663
88,-6.86033,3.4385,-1.86178
88,-6.86297,3.44477,-1.86495
88,-7.35961,3.67449,-0.122216
88,-7.28772,3.47146,-0.67205
88,-6.98145,4.65481,0.360834
88,-7.28604,3.46645,-0.714816
88,-7.14602,3.75763,-0.660937
88,-6.76344,5.08272,0.399319
88,-7.14543,3.76484,-0.656289
88,-6.90487,4.57341,-0.0569183
88,-6.64919,5.53418,0.676215
88,-7.00399,4.61733,0.124293
88,-7.31987,3.5654,-0.728099
88,-7.29995,3.78383,-0.460529
88,-7.4422,3.74127,-0.144985
88,-7.02624,4.64355,0.119512
88,-7.58008,3.66821,0.0524127
88,-6.63876,5.35662,0.0822067
88,-6.73017,4.68229,-0.766503
88,-7.34006,3.72036,-0.708724
88,-6.91214,4.99912,0.106168
88,-6.77589,4.8197,-0.598357
88,-6.53675,4.41057,-2.05601
88,-6.83693,4.81268,-0.829353
88,-6.84302,4.83353,-0.841701
88,-7.60099,3.6118,-0.718189
88,-7.61117,3.61943,-0.724662
88,-6.76183,4.78814,-1.22566
88,-6.75107,4.7849,-1.27827
88,-6.62862,6.01915,0.288863
88,-6.8398,5.08187,-0.640506
88,-6.85772,5.09921,-0.653199
88,-6.73718,5.26613,-0.809163
88,-6.81897,4.51023,-1.87622
88,-6.69392,5.69254,-0.331237
88,-6.88855,5.14082,-0.688504
88,-7.99093,3.80037,0.19082
88,-6.84128,4.89945,-1.25541
88,-7.10644,5.20577,-0.0392705
88,-6.80207,4.3666,-2.27382
88,-7.81708,3.60602,-0.699588
88,-6.76821,4.44878,-2.27595
88,-7.85322,3.63257,-0.71262
88,-8.07265,3.93643,0.342667
88,-8.04743,3.88507,0.183271
88,-8.05604,3.88566,0.182057
88,-8.08058,3.95672,0.328421
88,-6.97738,4.32013,-2.15387
88,-6.70428,5.02047,-1.8167
88,-8.07268,3.90097,0.177887
88,-6.78809,4.90271,-1.85251
88,-8.02198,3.51422,-0.658629
88,-6.72961,5.84309,-0.850755
88,-7.53012,3.52674,-2.36583
88,-7.67915,3.53676,-2.26411
88,-6.82098,5.97554,-0.901726
88,-6.66876,5.70344,-1.90257
88,-8.50342,3.48102,-0.461971
88,-6.81971,5.43231,-2.01366
88,-8.29716,3.89866,-0.460061
88,-6.36617,6.35073,-2.03858
88,-8.34306,3.92543,-0.470314
88,-6.39773,6.32578,-2.02713
88,-6.29826,6.39106,-2.20462
88,-8.55081,3.55865,-0.517064
88,-8.36479,3.94264,-0.461848
88,-8.4407,3.88977,-0.34574
88,-8.42685,3.75097,-0.650373
88,-8.36991,3.8827,-0.721893
88,-6.43943,6.42681,-2.08329
88,-8.62945,3.64428,-0.558265
88,-6.51049,6.65739,-1.77303
88,-6.95558,5.62682,-2.19519
88,-8.93167,3.47476,-0.174067
88,-6.53027,6.3258,-2.26846
88,-8.53711,3.82991,-0.704064
88,-6.69506,6.192,-2.06451
88,-9.36938,1.15082,-2.73627
88,-9.35375,1.36867,-2.46408
88,-6.60735,6.17413,-2.42636
88,-8.77542,3.61276,-0.556894
88,-8.74261,3.69464,-0.598939
88,-9.00754,3.49898,-0.1883
88,-8.8062,3.74054,-0.615209
88,-8.45199,3.61782,-2.40667
88,-10.1314,1.11411,-2.47057
88,-9.02369,3.68346,-2.41477
88,-10.1575,2.33404,-2.67392
88,-10.3062,2.36386,-2.7471
88,-10.3501,3.93342,-0.773729
88,-10.7158,2.12643,-2.66283
88,-9.90269,3.82866,-2.62814
88,-7.05233,4.00512,0.102261
87,-7.05233,4.00512,0.102261
88,-15.0749,4.97255,0.53748
87,-15.0749,4.97255,0.53748
88,-12.4392,4.38171,0.614563
87,-12.4392,4.38171,0.614563
88,-11.4943,5.67917,0.159622
87,-11.4943,5.67917,0.159622
88,-12.9307,4.68356,-0.328496
87,-12.9307,4.68356,-0.328496
88,-9.23016,3.47429,-3.01415
87,-9.23016,3.47429,-3.01415
88,-11.0772,3.86387,-4.48864
87,-11.0772,3.86387,-4.48864
88,-11.3768,3.42838,-4.68685
87,-11.3768,3.42838,-4.68685
88,-5.13578,1.9327,0.762646
87,-5.13578,1.9327,0.762646
88,-6.73871,5.11197,-0.343789
87,-6.73871,5.11197,-0.343789
88,-12.6602,4.34415,-4.14058
87,-12.6602,4.34415,-4.14058
88,-13.5898,9.06111,1.3729
87,-13.5898,9.06111,1.3729
88,-19.164,4.30961,-3.31597
87,-19.164,4.30961,-3.31597
88,-16.1443,5.46319,-4.05278
87,-16.1443,5.46319,-4.05278
88,-13.1129,4.65856,0.611012
87,-13.1129,4.65856,0.611012
88,-16.7409,4.27263,0.118845
87,-16.7409,4.27263,0.118845
88,-16.2401,3.08062,-3.81348
87,-16.2401,3.08062,-3.81348
88,-8.14225,4.30742,0.680993
87,-8.14225,4.30742,0.680993
88,-17.0954,3.77676,-0.313172
87,-17.0954,3.77676,-0.313172
88,-13.619,4.86217,0.708561
87,-13.619,4.86217,0.708561
88,-17.9227,3.35635,-4.49121
87,-17.9227,3.35635,-4.49121
88,-8.09486,4.2721,0.682157
87,-8.09486,4.2721,0.682157
88,-7.54155,3.4452,-2.16078
87,-7.54155,3.4452,-2.16078
88,-6.5498,5.83878,0.301462
87,-6.5498,5.83878,0.301462
88,-11.2426,8.27171,1.37255
87,-11.2426,8.27171,1.37255
88,-7.32025,3.81922,-0.0203353
87,-7.32025,3.81922,-0.0203353
88,-8.65148,1.45866,-2.06219
87,-8.65148,1.45866,-2.06219
88,-17.2345,2.08398,0.00360096
87,-17.2345,2.08398,0.00360096
88,-16.7408,2.03886,1.34251
87,-16.7408,2.03886,1.34251
88,-11.594,6.82194,1.11068
87,-11.594,6.82194,1.11068
88,-11.9287,8.94816,1.45255
87,-11.9287,8.94816,1.45255
88,-12.0062,7.85933,1.23174
87,-12.0062,7.85933,1.23174
88,-14.7737,11.7427,1.85065
87,-14.7737,11.7427,1.85065
88,-17.7757,2.08985,1.38194
87,-17.7757,2.08985,1.38194
88,-18.7236,1.16939,-2.81584
87,-18.7236,1.16939,-2.81584
88,-18.2394,0.267054,-2.37482
87,-18.2394,0.267054,-2.37482
88,-18.2411,0.945472,-0.525188
87,-18.2411,0.945472,-0.525188
88,-13.8755,9.45766,1.3942
87,-13.8755,9.45766,1.3942
88,-14.434,11.4096,1.82307
87,-14.434,11.4096,1.82307
88,-17.0749,1.16105,0.494086
87,-17.0749,1.16105,0.494086
88,-17.1772,0.922497,-0.462512
87,-17.1772,0.922497,-0.462512
88,-12.238,2.63504,-3.85623
87,-12.238,2.63504,-3.85623
88,-16.5297,1.23523,-3.03921
87,-16.5297,1.23523,-3.03921
88,-16.8909,0.91429,-0.415339
87,-16.8909,0.91429,-0.415339
88,-9.73003,1.12156,-1.69167
87,-9.73003,1.12156,-1.69167
88,-9.30402,3.57568,-0.751587
87,-9.30402,3.57568,-0.751587
88,-16.3897,4.52088,0.624204
87,-16.3897,4.52088,0.624204
88,-13.9477,7.15041,1.32378
87,-13.9477,7.15041,1.32378
88,-10.984,3.66896,-4.34012
86,-10.984,3.66896,-4.34012
88,-11.5933,3.91488,-4.51142
86,-11.5933,3.91488,-4.51142
88,-11.6459,3.77811,-4.43834
86,-11.6459,3.77811,-4.43834
88,-12.7758,6.37046,0.552317
86,-12.7758,6.37046,0.552317
88,-19.015,5.23746,-0.843381
86,-19.015,5.23746,-0.843381
88,-12.7549,4.38229,-4.19871
86,-12.7549,4.38229,-4.19871
88,-14.0352,4.51163,-4.78476
86,-14.0352,4.51163,-4.78476
88,-11.8257,8.10693,1.66265
86,-11.8257,8.10693,1.66265
88,-11.2869,3.39301,-4.59879
86,-11.2869,3.39301,-4.59879
88,-18.3375,4.73177,0.935193
86,-18.3375,4.73177,0.935193
88,-13.8677,10.6878,1.76221
86,-13.8677,10.6878,1.76221
88,-12.0387,5.65521,1.32728
86,-12.0387,5.65521,1.32728
88,-13.1811,4.57271,1.21621
86,-13.1811,4.57271,1.21621
88,-11.2146,3.36243,-4.52157
86,-11.2146,3.36243,-4.52157
88,-15.6254,4.67004,-0.26795
86,-15.6254,4.67004,-0.26795
88,-13.1843,17.0821,2.26229
86,-13.1843,17.0821,2.26229
88,-11.1497,3.3466,-4.47419
86,-11.1497,3.3466,-4.47419
88,-10.9072,2.69887,-4.18852
86,-10.9072,2.69887,-4.18852
88,-8.03906,3.56448,-2.57037
86,-8.03906,3.56448,-2.57037
88,-21.5275,1.15364,-4.53578
86,-21.5275,1.15364,-4.53578
88,-19.7839,1.15687,-3.07698
86,-19.7839,1.15687,-3.07698
88,-15.1316,2.71749,-0.740247
86,-15.1316,2.71749,-0.740247
88,-12.0809,5.17791,0.622623
86,-12.0809,5.17791,0.622623
88,-21.1085,1.17501,-4.39931
86,-21.1085,1.17501,-4.39931
88,-16.2519,2.83222,-1.67543
86,-16.2519,2.83222,-1.67543
88,-16.4398,1.21717,-2.99743
86,-16.4398,1.21717,-2.99743
88,-12.7929,6.01794,0.802136
86,-12.7929,6.01794,0.802136
88,-20.3279,5.35517,-4.13233
86,-20.3279,5.35517,-4.13233
88,-7.20766,3.42387,-0.522372
86,-7.20766,3.42387,-0.522372
88,-10.713,4.04548,-2.37961
86,-10.713,4.04548,-2.37961
88,-21.0257,2.32669,0.612073
86,-21.0257,2.32669,0.612073
88,-12.538,6.5061,1.00908
85,-12.538,6.5061,1.00908
88,-6.89839,4.0228,-1.89222
85,-6.89839,4.0228,-1.89222
88,-7.00464,4.59886,0.670335
85,-7.00464,4.59886,0.670335
88,-12.5512,3.63723,-4.5781
85,-12.5512,3.63723,-4.5781
88,-10.8069,6.12928,1.28004
85,-10.8069,6.12928,1.28004
88,-16.8472,3.64258,-1.26434
85,-16.8472,3.64258,-1.26434
88,-8.21601,4.01792,0.279492
85,-8.21601,4.01792,0.279492
88,-35.1286,2.41752,-5.32431
85,-35.1286,2.41752,-5.32431
88,-18.3731,5.54899,-2.57356
85,-18.3731,5.54899,-2.57356
88,-14.3036,4.47683,0.781277
85,-14.3036,4.47683,0.781277
88,-15.5002,4.78977,0.822743
85,-15.5002,4.78977,0.822743
88,-13.5094,4.89715,-0.384807
84,-13.5094,4.89715,-0.384807
88,-13.7261,7.43017,1.54921
84,-13.7261,7.43017,1.54921
88,-12.6978,5.95255,0.821983
84,-12.6978,5.95255,0.821983
88,-14.0205,7.60323,1.57899
84,-14.0205,7.60323,1.57899
88,-14.8995,18.0469,3.91886
84,-14.8995,18.0469,3.91886
88,-13.0627,4.97327,0.608562
84,-13.0627,4.97327,0.608562
88,-15.9403,5.09982,-3.6625
84,-15.9403,5.09982,-3.6625
88,-19.3864,4.39999,-3.35917
84,-19.3864,4.39999,-3.35917
88,-13.2785,5.68805,1.96183
84,-13.2785,5.68805,1.96183
88,-17.3392,2.99166,-0.980696
84,-17.3392,2.99166,-0.980696
88,-15.5484,2.69213,-0.399628
84,-15.5484,2.69213,-0.399628
88,-13.0761,4.49438,-5.02406
84,-13.0761,4.49438,-5.02406
88,-8.22888,3.74323,-0.775159
82,-8.22888,3.74323,-0.775159
88,-6.79763,5.08736,-1.90136
82,-6.79763,5.08736,-1.90136
88,-13.7498,5.12535,1.10831
81,-13.7498,5.12535,1.10831
88,-18.3484,4.04512,0.852622
81,-18.3484,4.04512,0.852622
88,-13.0182,4.65316,0.65647
81,-13.0182,4.65316,0.65647
88,-6.95176,3.54625,-1.83971
79,-6.95176,3.54625,-1.83971
89,-5.26701,1.45736,0.225623
89,-5.99398,3.37164,-0.671513
89,-6.09067,3.71376,0.0592383
89,-6.38279,3.40127,-0.200966
89,-6.38969,3.4212,-0.253886
89,-6.40405,3.47912,-0.238786
89,-6.40339,3.48329,-0.238992
89,-6.41093,3.43412,-0.341585
89,-6.38883,3.56407,-0.290162
89,-6.40379,3.59827,-0.297411
89,-6.5552,3.50943,-0.251609
89,-6.49894,3.4368,-0.697178
89,-6.59259,3.54712,-0.258604
89,-6.55084,3.44479,-0.559776
89,-6.54743,3.45332,-0.5663
89,-6.54904,3.4105,-0.69464
89,-6.56493,3.40494,-0.693219
89,-6.6289,3.58104,-0.267363
89,-6.56162,3.42313,-0.704619
89,-6.73556,3.4741,-0.113844
89,-6.61433,3.50405,-0.484161
89,-6.57232,3.44801,-0.714578
89,-6.7113,3.7911,0.129125
89,-6.64307,3.49439,-0.528703
89,-6.91936,3.63089,-0.0780757
89,-7.0229,3.54194,0.0602677
89,-6.83047,3.45418,-0.767601
89,-6.91042,3.37904,-0.651652
89,-6.96254,3.63994,-0.187017
89,-6.93601,3.40323,-0.666679
89,-6.96018,3.91486,0.126703
89,-6.98426,4.07089,0.352696
89,-7.011,4.04761,0.315464
89,-7.006,4.09433,0.270115
89,-7.09576,3.86757,0.167581
89,-6.9843,3.84224,-0.207959
89,-7.04574,3.9114,0.0637332
89,-6.95554,3.62835,-0.667109
89,-6.99973,3.86522,-0.212664
89,-6.98983,3.62741,-0.673463
89,-6.93084,3.47303,-1.19752
89,-7.25958,3.78479,-0.0187612
89,-6.83081,3.88562,-1.19498
89,-7.07992,4.36337,0.240409
89,-6.83871,3.90458,-1.22632
89,-7.27943,3.53709,-0.712391
89,-6.78879,3.91278,-1.65247
89,-7.41769,3.68324,-0.183387
89,-7.30153,3.56572,-0.727772
89,-7.46933,3.90205,0.194637
89,-7.31562,3.58555,-0.73619
89,-6.94475,3.55866,-1.88528
89,-7.48094,3.91728,0.192611
89,-6.99019,4.98125,0.254494
89,-7.49275,3.77843,-0.156966
89,-7.40338,3.69455,-0.574728
89,-7.53121,3.81277,-0.168269
89,-6.88395,4.02472,-1.89995
89,-7.03038,5.63449,0.902107
89,-7.54162,3.80718,-0.644377
89,-7.56119,3.82342,-0.646747
89,-7.73133,3.43963,-0.762817
89,-7.56926,3.92927,-0.684083
89,-7.76785,3.48652,-0.777475
89,-7.99828,3.89162,0.345661
89,-6.86241,4.62308,-1.96536
89,-6.87199,4.62158,-1.96567
89,-7.98573,3.48221,-0.64419
89,-6.91377,4.73793,-2.015
89,-8.00475,3.49615,-0.661601
89,-6.92438,4.74499,-2.01388
89,-6.65899,5.46564,-1.82641
89,-7.62163,3.53255,-2.34878
89,-7.65294,3.52544,-2.27934
89,-7.66481,3.54198,-2.29209
89,-8.23113,3.84429,-0.437421
89,-8.26421,3.88472,-0.355892
89,-8.24113,3.81374,-0.698817
89,-8.05364,5.37039,1.04544
89,-7.83811,3.57488,-2.35537
89,-8.2923,3.83345,-0.699889
89,-8.08749,5.41957,1.05162
89,-7.91576,3.48683,-2.4668
89,-7.91656,3.48969,-2.46237
89,-7.92658,3.48936,-2.47576
89,-8.35468,3.89246,-0.721529
89,-8.66417,3.71837,-0.487839
89,-8.08209,3.58969,-2.4455
89,-8.69316,3.71816,-0.488717
89,-9.58883,0.573787,-2.58832
89,-9.62564,0.576508,-2.48957
89,-8.69413,3.69516,-0.595821
89,-9.36751,1.24053,-2.40344
89,-9.05469,3.48998,-0.19757
89,-8.80838,3.76713,-0.64254
89,-8.66452,3.98504,-0.757102
89,-9.57475,1.21794,-2.3565
89,-9.4635,1.53957,-2.48349
89,-9.75918,1.15353,-2.26755
89,-9.44659,3.5813,0.304893
89,-9.50858,3.61529,0.291955
89,-9.21917,3.5272,-0.708668
89,-10.0514,0.515275,-2.86072
89,-10.4616,0.136762,-2.9185
89,-9.74114,3.82825,0.27046
89,-9.66792,3.80862,-0.309303
89,-9.82077,2.27766,-2.4873
89,-9.65632,3.73124,-0.827377
89,-9.73531,3.59555,-1.24159
89,-10.8581,0.431882,-2.70314
89,-10.8895,0.415082,-2.68972
89,-9.84231,3.80216,-0.843188
89,-9.42699,3.82573,-2.48281
89,-11.1391,-0.0111711,-3.31683
89,-10.177,2.34115,-2.70734
89,-11.3232,-0.0294425,-3.40745
89,-10.4663,2.38969,-2.84909
89,-10.6098,2.352,-2.9472
89,-12.5793,3.68439,-4.69336
88,-12.5793,3.68439,-4.69336
89,-12.9828,7.08456,0.999292
88,-12.9828,7.08456,0.999292
89,-17.854,5.56171,-4.0313
88,-17.854,5.56171,-4.0313
89,-12.5427,5.9711,0.731164
88,-12.5427,5.9711,0.731164
89,-11.7394,4.7614,0.631803
88,-11.7394,4.7614,0.631803
89,-12.5987,4.84099,0.606334
88,-12.5987,4.84099,0.606334
89,-11.6249,6.71006,0.900659
88,-11.6249,6.71006,0.900659
89,-14.7565,4.28254,0.455256
88,-14.7565,4.28254,0.455256
89,-13.4093,4.58764,-0.0140688
88,-13.4093,4.58764,-0.0140688
89,-15.3746,4.58038,-0.237267
88,-15.3746,4.58038,-0.237267
89,-18.7853,4.89338,-2.6241
88,-18.7853,4.89338,-2.6241
89,-12.6483,3.89525,-5.25968
88,-12.6483,3.89525,-5.25968
89,-17.4459,5.20693,-3.65823
88,-17.4459,5.20693,-3.65823
89,-24.2717,6.14567,-5.5511
88,-24.2717,6.14567,-5.5511
89,-10.5026,6.65119,1.0571
88,-10.5026,6.65119,1.0571
89,-11.0627,8.22063,1.34113
88,-11.0627,8.22063,1.34113
89,-11.6789,6.89391,1.12469
88,-11.6789,6.89391,1.12469
89,-14.405,7.00553,1.24352
88,-14.405,7.00553,1.24352
89,-12.1955,5.6258,1.33285
88,-12.1955,5.6258,1.33285
89,-10.5976,4.06248,-2.33264
88,-10.5976,4.06248,-2.33264
89,-19.826,5.04613,-4.13586
88,-19.826,5.04613,-4.13586
89,-13.6713,5.06066,-1.52557
88,-13.6713,5.06066,-1.52557
89,-17.1632,3.8038,-1.94577
88,-17.1632,3.8038,-1.94577
89,-21.4451,6.48058,-3.2626
88,-21.4451,6.48058,-3.2626
89,-6.74221,3.73902,-0.896434
88,-6.74221,3.73902,-0.896434
89,-15.0221,2.7039,-0.753761
88,-15.0221,2.7039,-0.753761
89,-15.8944,2.96597,-4.60477
88,-15.8944,2.96597,-4.60477
89,-17.9082,3.36068,-4.47777
88,-17.9082,3.36068,-4.47777
89,-13.704,4.76875,1.35688
88,-13.704,4.76875,1.35688
89,-11.4043,6.9462,1.08925
88,-11.4043,6.9462,1.08925
89,-12.8777,8.12478,1.35289
88,-12.8777,8.12478,1.35289
89,-12.1459,9.17127,1.8588
88,-12.1459,9.17127,1.8588
89,-15.1464,2.85518,-4.25016
88,-15.1464,2.85518,-4.25016
89,-13.0337,3.78082,1.87272
88,-13.0337,3.78082,1.87272
89,-18.865,3.82928,-3.52964
88,-18.865,3.82928,-3.52964
89,-17.1556,3.04119,0.504722
88,-17.1556,3.04119,0.504722
89,-11.5114,6.74395,1.10868
88,-11.5114,6.74395,1.10868
89,-19.324,4.35399,-3.35015
88,-19.324,4.35399,-3.35015
89,-13.5008,3.91567,1.92613
88,-13.5008,3.91567,1.92613
89,-13.3675,4.77508,0.734059
88,-13.3675,4.77508,0.734059
89,-19.0463,4.8745,0.997873
88,-19.0463,4.8745,0.997873
89,-13.5778,4.93504,2.12197
88,-13.5778,4.93504,2.12197
89,-16.3947,3.00255,-4.84624
88,-16.3947,3.00255,-4.84624
89,-16.4274,3.41861,0.889385
88,-16.4274,3.41861,0.889385
89,-15.8023,2.56587,-3.40011
88,-15.8023,2.56587,-3.40011
89,-21.2627,4.28659,-4.23631
88,-21.2627,4.28659,-4.23631
89,-13.3302,8.49175,1.36816
88,-13.3302,8.49175,1.36816
89,-11.0666,6.40272,1.0704
88,-11.0666,6.40272,1.0704
89,-11.7945,4.95626,1.09527
88,-11.7945,4.95626,1.09527
89,-11.7551,8.77128,1.80655
88,-11.7551,8.77128,1.80655
89,-16.4576,12.3831,3.24774
88,-16.4576,12.3831,3.24774
89,-13.1229,8.08832,2.34338
88,-13.1229,8.08832,2.34338
89,-10.795,4.1272,-2.41889
88,-10.795,4.1272,-2.41889
89,-13.19,4.13849,-4.10894
88,-13.19,4.13849,-4.10894
89,-10.0086,3.77374,-1.36502
88,-10.0086,3.77374,-1.36502
89,-12.8826,4.86717,-4.79211
88,-12.8826,4.86717,-4.79211
89,-17.3932,1.19913,0.484693
88,-17.3932,1.19913,0.484693
89,-14.7637,4.86679,0.549127
88,-14.7637,4.86679,0.549127
89,-13.1114,4.57743,1.21928
88,-13.1114,4.57743,1.21928
89,-16.9127,4.76505,0.834185
88,-16.9127,4.76505,0.834185
89,-11.0214,10.1831,1.56367
88,-11.0214,10.1831,1.56367
89,-12.4799,14.1567,3.1725
88,-12.4799,14.1567,3.1725
89,-13.7169,9.8616,2.65665
88,-13.7169,9.8616,2.65665
89,-18.5346,4.16564,-3.16028
88,-18.5346,4.16564,-3.16028
89,-10.4715,3.99268,-1.52249
88,-10.4715,3.99268,-1.52249
89,-9.13744,1.9741,-2.66052
88,-9.13744,1.9741,-2.66052
89,-17.6159,4.10567,-0.0273445
88,-17.6159,4.10567,-0.0273445
89,-17.2743,1.88429,-0.0980201
88,-17.2743,1.88429,-0.0980201
89,-17.2187,0.353538,0.922191
88,-17.2187,0.353538,0.922191
89,-17.6105,0.299351,-2.27135
88,-17.6105,0.299351,-2.27135
89,-13.4483,3.47648,0.879287
88,-13.4483,3.47648,0.879287
89,-16.053,1.7818,-0.119907
88,-16.053,1.7818,-0.119907
89,-16.6009,1.20434,0.865184
88,-16.6009,1.20434,0.865184
89,-12.2073,0.738081,0.82041
88,-12.2073,0.738081,0.82041
89,-18.3843,0.301641,-2.44969
88,-18.3843,0.301641,-2.44969
89,-16.4142,5.16211,0.810771
88,-16.4142,5.16211,0.810771
89,-13.867,14.1201,1.92784
88,-13.867,14.1201,1.92784
89,-11.2406,8.19638,1.44834
88,-11.2406,8.19638,1.44834
89,-18.7095,0.261005,-2.57348
88,-18.7095,0.261005,-2.57348
89,-13.5443,3.50027,0.891138
88,-13.5443,3.50027,0.891138
89,-11.2229,10.4643,1.57717
88,-11.2229,10.4643,1.57717
89,-10.6952,3.19372,-4.60891
87,-10.6952,3.19372,-4.60891
89,-12.8148,4.61538,-3.28479
87,-12.8148,4.61538,-3.28479
89,-15.8047,5.04442,-3.74078
87,-15.8047,5.04442,-3.74078
89,-15.4606,4.48772,-3.68247
87,-15.4606,4.48772,-3.68247
89,-13.2866,4.5225,-0.0597643
87,-13.2866,4.5225,-0.0597643
89,-12.9205,4.11025,-3.98437
87,-12.9205,4.11025,-3.98437
89,-12.6515,9.67183,1.49809
87,-12.6515,9.67183,1.49809
89,-11.3535,6.56101,1.05717
87,-11.3535,6.56101,1.05717
89,-19.7247,5.14372,-2.86096
87,-19.7247,5.14372,-2.86096
89,-18.3337,5.05722,-0.751991
87,-18.3337,5.05722,-0.751991
89,-12.0538,9.06943,1.43961
87,-12.0538,9.06943,1.43961
89,-11.7375,7.97478,1.37675
87,-11.7375,7.97478,1.37675
89,-14.5256,9.32535,1.60206
87,-14.5256,9.32535,1.60206
89,-12.8336,6.58997,1.80205
87,-12.8336,6.58997,1.80205
89,-12.2235,9.2361,1.45406
87,-12.2235,9.2361,1.45406
89,-11.9203,8.13527,1.39633
87,-11.9203,8.13527,1.39633
89,-11.2931,8.32176,1.37458
87,-11.2931,8.32176,1.37458
89,-10.7331,3.04125,-4.54674
87,-10.7331,3.04125,-4.54674
89,-15.3132,8.55235,1.71571
87,-15.3132,8.55235,1.71571
89,-6.9195,4.29693,-1.87327
87,-6.9195,4.29693,-1.87327
89,-17.9849,2.09244,-4.30957
87,-17.9849,2.09244,-4.30957
89,-20.0534,3.33266,-3.08346
87,-20.0534,3.33266,-3.08346
89,-7.47763,3.77834,-0.134658
87,-7.47763,3.77834,-0.134658
89,-22.1992,6.64989,-3.45691
87,-22.1992,6.64989,-3.45691
89,-20.7283,3.42746,-3.21626
87,-20.7283,3.42746,-3.21626
89,-11.8526,5.37844,0.271189
87,-11.8526,5.37844,0.271189
89,-10.6716,2.90162,-4.38257
86,-10.6716,2.90162,-4.38257
89,-12.2895,4.92335,1.38206
86,-12.2895,4.92335,1.38206
89,-13.1828,4.4788,-0.181347
86,-13.1828,4.4788,-0.181347
89,-12.9173,5.20211,1.45738
86,-12.9173,5.20211,1.45738
89,-17.0395,3.15953,-4.30821
86,-17.0395,3.15953,-4.30821
89,-12.572,5.16726,0.8319
86,-12.572,5.16726,0.8319
89,-18.0586,3.05568,-0.897673
86,-18.0586,3.05568,-0.897673
89,-19.2114,3.21711,-3.31241
86,-19.2114,3.21711,-3.31241
89,-14.655,4.82952,0.541498
86,-14.655,4.82952,0.541498
89,-15.3116,2.91213,-3.68358
86,-15.3116,2.91213,-3.68358
89,-9.93027,3.77098,-3.91563
86,-9.93027,3.77098,-3.91563
89,-12.8339,1.08074,-2.91572
86,-12.8339,1.08074,-2.91572
89,-16.2143,4.54284,-4.24408
86,-16.2143,4.54284,-4.24408
89,-13.8351,6.20748,1.65824
84,-13.8351,6.20748,1.65824
89,-13.7532,4.37669,-4.42708
84,-13.7532,4.37669,-4.42708
89,-12.8655,5.47244,1.89436
84,-12.8655,5.47244,1.89436
89,-17.9338,4.15427,0.469871
84,-17.9338,4.15427,0.469871
89,-14.4769,4.87555,-2.81112
84,-14.4769,4.87555,-2.81112
89,-12.8748,4.59048,0.688921
84,-12.8748,4.59048,0.688921
89,-16.6827,3.40771,-0.0157727
82,-16.6827,3.40771,-0.0157727
89,-14.8888,4.38419,1.63569
82,-14.8888,4.38419,1.63569
89,-6.84176,5.28364,-0.709723
81,-6.84176,5.28364,-0.709723
89,-17.5018,2.83848,-0.16564
81,-17.5018,2.83848,-0.16564
90,-6.20266,3.43791,-0.464161
90,-6.22639,3.47837,-0.474331
90,-6.63672,3.56929,-0.259568
90,-6.64256,3.48201,-0.74002
90,-6.98795,3.27982,0.0358775
90,-6.8861,3.56383,-0.0595732
90,-6.7555,3.48976,-0.692287
90,-6.80876,3.6035,-0.487548
90,-6.79018,3.52975,-0.715517
90,-6.8213,3.43077,-0.769488
90,-6.83641,3.63192,-0.510059
90,-6.83797,3.63828,-0.523829
90,-6.83964,3.64352,-0.512876
90,-6.8853,3.41176,-0.684057
90,-6.89756,3.50722,-0.781159
90,-6.98968,3.72539,-0.203732
90,-6.90497,3.51612,-0.78792
90,-6.99491,3.74014,-0.209442
90,-6.93676,3.53625,-0.69396
90,-6.98156,3.45087,-0.666094
90,-7.18085,3.46443,-0.0469928
90,-7.04348,4.0443,0.246285
90,-7.11017,3.87389,0.168439
90,-7.11971,3.8898,0.170269
90,-6.91629,3.45639,-1.12578
90,-6.91627,3.45536,-1.156
90,-7.0675,4.45132,0.613159
90,-6.92358,3.45387,-1.23861
90,-7.25683,3.54528,-0.0764609
90,-6.94169,3.48056,-1.26104
90,-6.94934,3.48597,-1.23488
90,-7.0352,3.69439,-0.701164
90,-7.10886,3.91762,-0.255338
90,-7.24954,3.76505,-0.0068301
90,-6.87749,3.9382,-1.07408
90,-7.31219,3.60492,-0.0988672
90,-7.2444,3.4171,-0.697272
90,-7.4777,3.90489,0.1926
90,-7.21777,3.91438,-0.684735
90,-7.24137,3.84565,-0.708232
90,-7.33872,3.84358,-0.482157
90,-7.24359,3.94789,-0.704798
90,-7.34814,3.6996,-0.703123
90,-7.49786,3.8026,-0.161967
90,-7.55118,3.76505,-0.723997
90,-7.57143,3.7396,-0.71343
90,-7.55849,3.7725,-0.729552
90,-7.78988,3.44017,-0.755459
90,-7.80772,3.46756,-0.774346
90,-7.81727,3.46435,-0.762598
90,-7.82956,3.469,-0.759748
90,-8.04869,3.92911,0.344148
90,-8.05252,3.8663,0.189876
90,-8.09446,3.84981,0.181468
90,-8.15922,3.96658,0.322288
90,-8.03845,5.33569,1.04763
90,-8.34467,4.42312,0.634073
90,-8.32789,3.79023,-0.638835
90,-8.3185,3.96334,-0.770577
90,-8.48293,3.92822,-0.432432
90,-8.84846,1.78275,-2.27674
90,-8.74481,3.58717,-0.522365
90,-8.22228,3.65596,-2.40692
90,-8.23771,3.65319,-2.37088
90,-8.84008,3.64495,-0.529495
90,-8.38069,3.57586,-2.37869
90,-9.26496,3.46591,0.318573
90,-8.85636,3.81951,-0.668281
90,-8.42497,3.59467,-2.39894
90,-9.31954,1.12149,-2.73021
90,-9.29405,1.41548,-2.52073
90,-9.38395,3.52963,0.30052
90,-9.33272,1.71391,-2.57518
90,-9.303,2.03617,-2.48037
90,-10.2861,-0.286126,-2.38176
90,-10.3306,-0.283653,-2.393
90,-9.13509,4.52312,-0.334333
90,-8.99251,3.66407,-2.39381
90,-10.6188,-0.337485,-2.56392
90,-10.3625,0.378833,-2.72707
90,-9.45261,4.80064,-0.203698
90,-10.9511,-0.366082,-2.00032
90,-9.47823,4.81644,-0.222056
90,-10.9991,-0.364783,-2.00248
90,-10.2089,1.66775,-2.37059
90,-9.98127,2.04771,-2.66557
90,-9.965,2.30502,-2.56452
90,-9.98989,2.32029,-2.59249
90,-10.2428,1.94073,-2.50632
90,-10.1938,2.15701,-2.62909
90,-10.2415,2.17332,-2.57278
90,-10.2898,3.59933,-0.678214
90,-10.3663,2.20757,-2.64558
90,-10.4295,2.22829,-2.69105
90,-10.8667,1.21206,-2.67116
90,-10.8686,1.2178,-2.68437
90,-10.195,3.89923,-2.12039
90,-11.6125,-0.138212,-2.90872
90,-10.8015,2.15756,-2.69351
90,-17.7448,2.80974,-4.08482
89,-17.7448,2.80974,-4.08482
90,-16.5053,4.28976,0.899115
89,-16.5053,4.28976,0.899115
90,-17.6518,3.64131,-1.24507
89,-17.6518,3.64131,-1.24507
90,-18.6933,3.79582,-0.153977
89,-18.6933,3.79582,-0.153977
90,-14.3118,4.10244,0.791585
89,-14.3118,4.10244,0.791585
90,-14.7268,4.40882,1.00989
89,-14.7268,4.40882,1.00989
90,-11.93,7.31302,1.26884
89,-11.93,7.31302,1.26884
90,-13.9088,4.34365,0.534876
89,-13.9088,4.34365,0.534876
90,-20.9205,6.40417,-3.15958
89,-20.9205,6.40417,-3.15958
90,-12.3086,3.26344,-4.7695
89,-12.3086,3.26344,-4.7695
90,-21.3327,4.84247,-3.90661
89,-21.3327,4.84247,-3.90661
90,-17.4296,4.87074,-4.70997
89,-17.4296,4.87074,-4.70997
90,-12.7324,8.91519,1.46505
89,-12.7324,8.91519,1.46505
90,-10.102,3.83715,-3.71045
89,-10.102,3.83715,-3.71045
90,-11.9899,5.07392,1.11015
89,-11.9899,5.07392,1.11015
90,-27.0582,2.70263,-5.00213
89,-27.0582,2.70263,-5.00213
90,-17.8062,3.99008,-0.341645
89,-17.8062,3.99008,-0.341645
90,-19.3981,3.97278,0.978979
89,-19.3981,3.97278,0.978979
90,-19.3509,3.1086,-0.258994
89,-19.3509,3.1086,-0.258994
90,-15.1248,2.4528,-3.12786
89,-15.1248,2.4528,-3.12786
90,-20.7568,4.23847,-4.06981
89,-20.7568,4.23847,-4.06981
90,-12.0449,8.05913,1.15939
89,-12.0449,8.05913,1.15939
90,-13.53,6.75674,1.45362
89,-13.53,6.75674,1.45362
90,-21.7999,3.34887,-2.57544
89,-21.7999,3.34887,-2.57544
90,-17.4921,4.82689,-0.666627
89,-17.4921,4.82689,-0.666627
90,-16.8515,8.66052,3.07463
89,-16.8515,8.66052,3.07463
90,-13.0613,8.99731,1.22335
89,-13.0613,8.99731,1.22335
90,-14.531,10.6227,1.64719
89,-14.531,10.6227,1.64719
90,-16.9408,2.70389,-3.80295
89,-16.9408,2.70389,-3.80295
90,-11.8331,9.05806,1.42969
89,-11.8331,9.05806,1.42969
90,-16.9366,3.79286,0.802168
89,-16.9366,3.79286,0.802168
90,-17.7201,3.04274,-2.54486
89,-17.7201,3.04274,-2.54486
90,-13.345,6.36559,0.856702
89,-13.345,6.36559,0.856702
90,-9.4452,3.49732,-1.71829
89,-9.4452,3.49732,-1.71829
90,-16.3733,0.971821,-0.388217
89,-16.3733,0.971821,-0.388217
90,-17.7749,0.939674,-0.520027
89,-17.7749,0.939674,-0.520027
90,-17.0607,0.883228,-0.273646
89,-17.0607,0.883228,-0.273646
90,-15.1201,4.21635,0.799227
89,-15.1201,4.21635,0.799227
90,-12.0693,1.46499,-2.49424
89,-12.0693,1.46499,-2.49424
90,-15.1125,1.8957,-3.26574
89,-15.1125,1.8957,-3.26574
90,-18.1606,3.07607,-2.6311
89,-18.1606,3.07607,-2.6311
90,-15.9031,4.41586,-4.06411
89,-15.9031,4.41586,-4.06411
90,-10.3363,2.19051,-2.63547
89,-10.3363,2.19051,-2.63547
90,-21.2088,-1.60464,-3.31783
89,-21.2088,-1.60464,-3.31783
90,-19.0492,1.10887,-2.91462
89,-19.0492,1.10887,-2.91462
90,-18.3702,2.96334,-0.200787
89,-18.3702,2.96334,-0.200787
90,-17.1996,0.35932,0.899994
89,-17.1996,0.35932,0.899994
90,-16.7412,0.428541,0.0561378
89,-16.7412,0.428541,0.0561378
90,-12.7594,1.49253,-2.77603
89,-12.7594,1.49253,-2.77603
90,-12.0439,6.27815,1.47273
89,-12.0439,6.27815,1.47273
90,-6.91326,3.4523,-0.686991
89,-6.91326,3.4523,-0.686991
90,-14.0324,4.94053,1.28899
89,-14.0324,4.94053,1.28899
90,-15.6583,5.32502,-3.21881
89,-15.6583,5.32502,-3.21881
90,-15.7941,5.0292,-5.54821
89,-15.7941,5.0292,-5.54821
90,-15.1871,3.89733,0.260035
89,-15.1871,3.89733,0.260035
90,-17.9315,0.324933,0.946914
89,-17.9315,0.324933,0.946914
90,-19.452,12.7671,3.4872
89,-19.452,12.7671,3.4872
90,-12.609,-0.0302055,-2.09846
89,-12.609,-0.0302055,-2.09846
90,-14.3607,4.09799,2.00112
89,-14.3607,4.09799,2.00112
90,-17.374,-0.348539,0.990534
89,-17.374,-0.348539,0.990534
90,-17.342,1.10563,0.515084
89,-17.342,1.10563,0.515084
90,-17.9493,-0.0863156,-2.94047
89,-17.9493,-0.0863156,-2.94047
90,-11.7995,5.75353,0.806994
89,-11.7995,5.75353,0.806994
90,-11.5861,6.66111,1.47568
89,-11.5861,6.66111,1.47568
90,-12.05,5.48514,1.35735
89,-12.05,5.48514,1.35735
90,-12.3684,9.3471,1.62194
89,-12.3684,9.3471,1.62194
90,-7.02676,3.57064,-0.742778
89,-7.02676,3.57064,-0.742778
90,-21.4939,3.47562,-2.70354
89,-21.4939,3.47562,-2.70354
90,-12.9363,4.36546,-3.39417
88,-12.9363,4.36546,-3.39417
90,-12.8456,4.27922,0.879939
88,-12.8456,4.27922,0.879939
90,-12.3702,6.12438,0.872777
88,-12.3702,6.12438,0.872777
90,-17.5151,3.4574,-0.273605
88,-17.5151,3.4574,-0.273605
90,-16.5454,5.35031,-3.108
88,-16.5454,5.35031,-3.108
90,-18.2449,3.74106,-3.37125
88,-18.2449,3.74106,-3.37125
90,-12.5405,6.6541,0.646272
88,-12.5405,6.6541,0.646272
90,-13.2208,4.59331,1.21446
88,-13.2208,4.59331,1.21446
90,-12.3078,5.05963,0.847551
88,-12.3078,5.05963,0.847551
90,-21.242,1.13522,-3.45466
88,-21.242,1.13522,-3.45466
90,-12.1883,3.94797,-4.80942
88,-12.1883,3.94797,-4.80942
90,-14.5121,4.73579,-6.45239
88,-14.5121,4.73579,-6.45239
90,-12.2349,3.24926,-4.71107
88,-12.2349,3.24926,-4.71107
90,-16.4895,4.62737,0.818012
88,-16.4895,4.62737,0.818012
90,-17.0725,3.82884,0.815323
88,-17.0725,3.82884,0.815323
90,-18.0003,3.06885,-2.64765
88,-18.0003,3.06885,-2.64765
90,-12.803,4.86769,1.62008
88,-12.803,4.86769,1.62008
90,-17.6837,1.92271,-1.11397
88,-17.6837,1.92271,-1.11397
90,-11.1912,3.35098,-4.51284
88,-11.1912,3.35098,-4.51284
90,-11.7683,3.79979,-4.52553
88,-11.7683,3.79979,-4.52553
90,-13.9749,4.46714,1.83689
88,-13.9749,4.46714,1.83689
90,-13.8289,3.91041,0.778566
88,-13.8289,3.91041,0.778566
90,-12.4857,4.40578,0.629418
88,-12.4857,4.40578,0.629418
90,-12.785,5.14005,1.4365
88,-12.785,5.14005,1.4365
90,-11.641,5.97299,0.653406
88,-11.641,5.97299,0.653406
90,-12.3479,6.10886,0.84742
88,-12.3479,6.10886,0.84742
90,-18.8413,1.9773,-1.9199
88,-18.8413,1.9773,-1.9199
90,-11.9787,4.4037,-4.1498
88,-11.9787,4.4037,-4.1498
90,-9.41616,0.60775,-2.35813
88,-9.41616,0.60775,-2.35813
90,-14.9832,4.988,-2.94855
88,-14.9832,4.988,-2.94855
90,-13.5709,4.64626,-5.25138
87,-13.5709,4.64626,-5.25138
90,-12.6732,3.66756,-4.68125
87,-12.6732,3.66756,-4.68125
90,-18.0399,1.93462,-1.17889
87,-18.0399,1.93462,-1.17889
90,-16.6201,3.18447,-3.98577
87,-16.6201,3.18447,-3.98577
90,-12.44,6.61904,1.06229
87,-12.44,6.61904,1.06229
90,-13.1674,8.00349,1.48983
87,-13.1674,8.00349,1.48983
90,-12.9545,7.84567,1.47207
87,-12.9545,7.84567,1.47207
90,-18.3323,3.92073,-1.54768
87,-18.3323,3.92073,-1.54768
90,-19.7753,4.19436,-1.75181
87,-19.7753,4.19436,-1.75181
90,-18.0167,3.88106,-1.474
87,-18.0167,3.88106,-1.474
90,-20.4365,1.06664,-3.29441
87,-20.4365,1.06664,-3.29441
90,-25.7997,0.944127,-4.62075
87,-25.7997,0.944127,-4.62075
90,-13.7246,4.34735,-4.3979
86,-13.7246,4.34735,-4.3979
90,-13.3298,4.29464,-5.56058
86,-13.3298,4.29464,-5.56058
90,-12.1628,9.17563,1.8422
86,-12.1628,9.17563,1.8422
90,-23.2437,2.4333,-4.02199
86,-23.2437,2.4333,-4.02199
90,-12.751,6.76478,1.54708
86,-12.751,6.76478,1.54708
90,-20.9782,2.08983,0.406573
86,-20.9782,2.08983,0.406573
90,-17.9737,3.41504,-1.97188
82,-17.9737,3.41504,-1.97188
91,-6.87287,3.53791,-0.0569903
91,-7.0373,3.48647,0.0648631
91,-7.15897,3.63887,0.0543106
91,-7.07238,3.32202,-0.72252
91,-6.89365,3.42477,-1.19357
91,-7.23671,3.71063,-0.421248
91,-7.37771,3.60519,-0.153562
91,-7.44795,3.67239,-0.186541
91,-7.31815,3.56715,-0.710572
91,-7.2364,3.90152,-0.718417
91,-7.53437,3.97461,0.194423
91,-7.34672,3.5798,-0.7266
91,-8.08681,3.22772,0.315528
91,-8.06382,3.47298,0.217048
91,-8.06464,3.51437,0.208249
91,-8.09478,3.50536,0.207285
91,-7.73381,3.72911,-0.691002
91,-8.10193,3.50564,0.196853
91,-7.80959,3.44189,-0.74874
91,-8.12308,3.53586,0.203274
91,-7.8412,3.46321,-0.76682
91,-7.86963,3.49402,-0.780104
91,-7.84798,3.99228,-0.728082
91,-7.91029,4.05033,-0.765286
91,-8.81017,-0.482234,-1.94217
91,-8.10762,3.57386,-0.690195
91,-7.64505,3.4893,-2.19502
91,-8.85328,-0.500769,-1.98382
91,-7.65941,3.52379,-2.21465
91,-8.96507,-0.544067,-2.05973
91,-8.2802,3.9023,-0.5158
91,-8.3033,3.93119,-0.515248
91,-8.30703,3.76351,-0.760477
91,-8.54126,4.21612,-0.266689
91,-8.78063,3.81378,-0.501691
91,-8.96813,3.63205,-0.120794
91,-8.80576,3.84321,-0.524204
91,-8.85945,3.69127,-0.527992
91,-8.84475,3.84459,-0.623579
91,-9.11246,1.22876,-2.2191
91,-8.9712,3.81134,-0.606748
91,-9.27501,0.695036,-2.28886
91,-8.43489,3.59157,-2.39463
91,-9.14653,1.22784,-2.25399
91,-9.0675,1.18821,-2.53031
91,-9.31525,0.680954,-2.45165
91,-9.23976,1.24533,-2.32829
91,-9.80298,-0.406909,-2.08389
91,-9.44622,0.58642,-2.3919
91,-9.21119,1.40927,-2.46046
91,-9.21547,1.41313,-2.46366
91,-9.21595,1.40994,-2.47083
91,-9.8644,-0.434563,-2.14782
91,-9.55024,1.09392,-2.10484
91,-9.34909,1.50072,-2.42001
91,-10.1776,-1.19215,-2.28583
91,-10.0191,-0.483737,-2.21967
91,-9.36992,1.42908,-2.57111
91,-8.77927,3.76369,-2.45814
91,-9.20494,2.03214,-2.66413
91,-9.43326,3.58524,-0.728325
91,-9.63872,1.09493,-2.17876
91,-8.91306,3.60739,-2.33541
91,-8.81904,3.80214,-2.49214
91,-9.67337,1.09579,-2.19666
91,-9.28331,2.04979,-2.63582
91,-9.65159,1.21272,-2.26175
91,-10.3032,-1.25005,-2.36144
91,-9.31725,2.06913,-2.58168
91,-9.33657,2.06522,-2.56668
91,-9.73258,1.09722,-2.22813
91,-9.36213,2.06624,-2.5323
91,-9.5527,3.66419,-0.769734
91,-9.58496,3.6734,-0.789339
91,-9.81198,1.08472,-2.28678
91,-10.0167,-0.270638,-2.92475
91,-10.0356,-0.480742,-3.0836
91,-9.5366,2.09528,-2.5815
91,-10.462,-0.883911,-2.31306
91,-10.0912,-0.518954,-3.15041
91,-9.54126,4.82605,-0.468724
91,-9.92741,1.2014,-2.44125
91,-9.58306,4.86886,-0.437397
91,-9.58083,4.88126,-0.437268
91,-9.59966,4.87372,-0.490376
91,-10.205,-0.302419,-3.06822
91,-10.4872,-0.324805,-2.4943
91,-9.71878,5.00375,-0.470714
91,-9.75036,5.0431,-0.459479
91,-9.75249,5.04072,-0.456797
91,-9.75751,5.0424,-0.457886
91,-9.65852,5.15255,-0.691495
91,-9.77464,5.08013,-0.457834
91,-10.3705,3.52881,-0.0132489
91,-9.76944,5.14408,-0.528103
91,-10.3958,0.413795,-2.57665
91,-10.8214,-1.00586,-2.53605
91,-9.72293,5.17315,-0.696408
91,-10.9155,-0.322137,-1.98676
91,-11.0509,-0.358883,-2.03111
91,-10.8809,-1.08102,-3.16084
91,-11.1122,-0.394027,-2.06821
91,-11.1253,-1.10488,-2.66437
91,-10.2563,2.20533,-2.58161
91,-10.264,2.19331,-2.58453
91,-9.80169,2.72428,-3.7369
91,-11.4158,-0.790436,-1.91079
91,-10.9938,1.6006,-2.2345
91,-10.8741,1.53512,-2.67701
91,-10.8601,4.31639,-0.516038
91,-10.8802,4.31125,-0.549947
91,-12.1111,5.81536,0.176496
89,-12.1111,5.81536,0.176496
91,-12.5086,6.14118,0.828038
89,-12.5086,6.14118,0.828038
91,-12.6774,4.29144,0.560229
89,-12.6774,4.29144,0.560229
91,-9.97271,3.77842,-4.2042
89,-9.97271,3.77842,-4.2042
91,-9.74443,3.66209,-1.87994
89,-9.74443,3.66209,-1.87994
91,-13.9174,5.00923,1.45777
89,-13.9174,5.00923,1.45777
91,-12.4598,7.26224,0.875669
89,-12.4598,7.26224,0.875669
91,-18.5864,2.60654,-0.0693513
89,-18.5864,2.60654,-0.0693513
91,-16.678,4.30977,0.310664
89,-16.678,4.30977,0.310664
91,-13.251,3.81769,0.873568
89,-13.251,3.81769,0.873568
91,-20.4934,0.100183,-2.9139
89,-20.4934,0.100183,-2.9139
91,-16.3921,3.38132,-1.05356
89,-16.3921,3.38132,-1.05356
91,-17.3032,3.2873,0.916738
89,-17.3032,3.2873,0.916738
91,-13.3106,4.75897,1.40293
89,-13.3106,4.75897,1.40293
91,-21.8888,0.00216034,-3.21434
89,-21.8888,0.00216034,-3.21434
91,-15.9483,3.20355,0.953011
89,-15.9483,3.20355,0.953011
91,-17.7212,2.50483,-0.0114429
89,-17.7212,2.50483,-0.0114429
91,-16.6874,3.0665,2.3379
89,-16.6874,3.0665,2.3379
91,-7.26234,3.51864,-0.695919
89,-7.26234,3.51864,-0.695919
91,-17.8353,2.90051,-0.164247
89,-17.8353,2.90051,-0.164247
91,-12.3816,8.15632,1.24341
89,-12.3816,8.15632,1.24341
91,-13.0519,4.4348,-0.177866
89,-13.0519,4.4348,-0.177866
91,-18.9891,3.55981,0.937099
89,-18.9891,3.55981,0.937099
91,-14.6192,4.36085,-0.155351
89,-14.6192,4.36085,-0.155351
91,-20.2809,-0.365431,-1.36245
89,-20.2809,-0.365431,-1.36245
91,-17.38,0.255049,-0.949123
89,-17.38,0.255049,-0.949123
91,-13.6953,6.43187,1.51154
89,-13.6953,6.43187,1.51154
91,-20.9369,2.20876,-1.36814
89,-20.9369,2.20876,-1.36814
91,-13.4321,4.83998,0.689031
89,-13.4321,4.83998,0.689031
91,-19.1636,0.117742,-1.15182
89,-19.1636,0.117742,-1.15182
91,-24.648,-0.426293,0.599781
89,-24.648,-0.426293,0.599781
91,-9.83891,3.05511,-3.09456
90,-9.83891,3.05511,-3.09456
91,-15.4886,1.27993,-3.57111
90,-15.4886,1.27993,-3.57111
91,-16.3713,3.16637,0.570386
90,-16.3713,3.16637,0.570386
91,-12.7391,6.34734,0.536514
90,-12.7391,6.34734,0.536514
91,-16.4315,3.67052,0.796595
90,-16.4315,3.67052,0.796595
91,-16.172,3.37007,0.556621
90,-16.172,3.37007,0.556621
91,-18.1759,4.07923,-0.37784
90,-18.1759,4.07923,-0.37784
91,-14.947,5.18058,-2.72817
90,-14.947,5.18058,-2.72817
91,-12.0795,1.15556,-2.60636
90,-12.0795,1.15556,-2.60636
91,-16.6636,4.66125,0.810299
90,-16.6636,4.66125,0.810299
91,-18.6056,3.54064,-2.18043
90,-18.6056,3.54064,-2.18043
91,-16.1134,3.10722,-3.77072
90,-16.1134,3.10722,-3.77072
91,-19.5456,3.03886,-1.41408
90,-19.5456,3.03886,-1.41408
91,-14.2069,3.59664,0.24205
90,-14.2069,3.59664,0.24205
91,-16.7017,1.3037,-0.392291
90,-16.7017,1.3037,-0.392291
91,-16.8884,3.26305,0.926081
90,-16.8884,3.26305,0.926081
91,-14.1595,2.85934,0.895545
90,-14.1595,2.85934,0.895545
91,-15.3139,2.90829,-4.50167
90,-15.3139,2.90829,-4.50167
91,-19.5946,1.19003,-3.95183
90,-19.5946,1.19003,-3.95183
91,-12.01,4.97339,0.882704
90,-12.01,4.97339,0.882704
91,-12.6291,7.48133,1.01555
90,-12.6291,7.48133,1.01555
91,-13.9776,4.86079,-2.30081
90,-13.9776,4.86079,-2.30081
91,-13.314,4.19395,-4.19514
90,-13.314,4.19395,-4.19514
91,-12.2315,4.1508,-3.10467
90,-12.2315,4.1508,-3.10467
91,-16.0454,1.81754,-1.45581
90,-16.0454,1.81754,-1.45581
91,-18.3041,3.21422,-1.59342
90,-18.3041,3.21422,-1.59342
91,-11.6128,5.45463,0.455612
90,-11.6128,5.45463,0.455612
91,-13.7113,4.73816,-2.22233
90,-13.7113,4.73816,-2.22233
91,-10.9339,3.55886,1.1516
90,-10.9339,3.55886,1.1516
91,-12.8393,3.86067,-3.58337
90,-12.8393,3.86067,-3.58337
91,-7.92047,3.51207,-2.31532
90,-7.92047,3.51207,-2.31532
91,-17.7683,2.24087,0.663196
90,-17.7683,2.24087,0.663196
91,-17.4381,2.12769,-0.0088042
90,-17.4381,2.12769,-0.0088042
91,-17.1212,1.30979,-0.429535
90,-17.1212,1.30979,-0.429535
91,-15.453,2.94599,-4.55207
90,-15.453,2.94599,-4.55207
91,-18.5659,1.13662,-2.78347
90,-18.5659,1.13662,-2.78347
91,-17.6442,1.30742,-4.42985
90,-17.6442,1.30742,-4.42985
91,-14.3766,2.89952,0.903022
90,-14.3766,2.89952,0.903022
91,-17.1276,2.94787,-2.41911
90,-17.1276,2.94787,-2.41911
91,-12.3449,4.34165,0.621813
90,-12.3449,4.34165,0.621813
91,-12.1485,6.35663,0.656825
90,-12.1485,6.35663,0.656825
91,-18.6407,2.05907,0.394567
90,-18.6407,2.05907,0.394567
91,-17.3341,1.10062,-2.44079
90,-17.3341,1.10062,-2.44079
91,-17.6717,2.11979,-0.0215422
90,-17.6717,2.11979,-0.0215422
91,-17.5732,1.31603,-0.466583
90,-17.5732,1.31603,-0.466583
91,-14.8517,2.84439,-4.24932
90,-14.8517,2.84439,-4.24932
91,-12.9388,1.87976,-2.96551
90,-12.9388,1.87976,-2.96551
91,-9.68216,2.13046,-2.77825
90,-9.68216,2.13046,-2.77825
91,-12.6809,-0.0798485,-2.15309
90,-12.6809,-0.0798485,-2.15309
91,-15.9644,1.28738,-3.74711
90,-15.9644,1.28738,-3.74711
91,-35.8522,1.0126,-7.01043
90,-35.8522,1.0126,-7.01043
91,-13.1792,6.73881,0.050075
90,-13.1792,6.73881,0.050075
91,-11.6556,5.32732,0.825785
90,-11.6556,5.32732,0.825785
91,-11.8516,-0.1363,-3.78906
90,-11.8516,-0.1363,-3.78906
91,-16.7386,2.00532,1.35535
90,-16.7386,2.00532,1.35535
91,-21.0362,-1.4961,-2.98018
90,-21.0362,-1.4961,-2.98018
91,-12.4589,1.11362,-2.7721
90,-12.4589,1.11362,-2.7721
91,-17.4014,0.295601,-2.26188
90,-17.4014,0.295601,-2.26188
91,-12.0322,-0.0489262,-3.04915
90,-12.0322,-0.0489262,-3.04915
91,-11.3214,3.97953,-4.70552
90,-11.3214,3.97953,-4.70552
91,-11.6171,3.50133,-4.87144
90,-11.6171,3.50133,-4.87144
91,-12.367,8.18477,1.32424
90,-12.367,8.18477,1.32424
91,-16.7405,1.84313,-0.0956034
90,-16.7405,1.84313,-0.0956034
91,-15.9813,-0.867931,-0.597549
90,-15.9813,-0.867931,-0.597549
91,-13.2069,-0.0477004,-2.2834
90,-13.2069,-0.0477004,-2.2834
91,-14.2994,7.37004,0.0124854
90,-14.2994,7.37004,0.0124854
91,-11.9231,7.15354,1.37538
90,-11.9231,7.15354,1.37538
91,-16.1848,2.61414,-3.50737
90,-16.1848,2.61414,-3.50737
91,-17.808,1.11381,0.481848
90,-17.808,1.11381,0.481848
91,-18.312,0.124664,0.605799
90,-18.312,0.124664,0.605799
91,-13.4994,-0.143437,0.931127
90,-13.4994,-0.143437,0.931127
91,-20.8579,-1.47893,-2.93961
90,-20.8579,-1.47893,-2.93961
91,-14.4597,-1.08596,-0.0094049
90,-14.4597,-1.08596,-0.0094049
91,-11.1634,2.17871,-2.93736
90,-11.1634,2.17871,-2.93736
91,-10.6852,6.10753,1.22231
90,-10.6852,6.10753,1.22231
91,-16.2407,-0.931658,-0.611549
90,-16.2407,-0.931658,-0.611549
91,-11.5025,1.12422,-2.51779
90,-11.5025,1.12422,-2.51779
91,-19.7395,1.08635,-3.09731
90,-19.7395,1.08635,-3.09731
91,-16.2771,-1.40428,-2.45099
90,-16.2771,-1.40428,-2.45099
91,-15.6768,-0.667331,1.5131
90,-15.6768,-0.667331,1.5131
91,-15.8246,1.88436,0.0434003
90,-15.8246,1.88436,0.0434003
91,-17.5065,-1.38155,-2.25462
90,-17.5065,-1.38155,-2.25462
91,-11.8331,-0.191976,-3.04266
90,-11.8331,-0.191976,-3.04266
91,-12.1547,1.09559,-2.65462
90,-12.1547,1.09559,-2.65462
91,-13.0582,3.82968,1.5
90,-13.0582,3.82968,1.5
91,-13.2179,-0.0874158,-2.26415
90,-13.2179,-0.0874158,-2.26415
91,-16.4797,-1.43797,-2.51927
90,-16.4797,-1.43797,-2.51927
91,-15.8109,1.92189,0.0118949
90,-15.8109,1.92189,0.0118949
91,-17.3103,-1.63629,-2.69913
90,-17.3103,-1.63629,-2.69913
91,-11.9501,3.59512,-4.29024
88,-11.9501,3.59512,-4.29024
91,-12.6564,4.74349,1.74675
88,-12.6564,4.74349,1.74675
91,-15.6625,3.28125,0.580537
88,-15.6625,3.28125,0.580537
91,-12.8396,4.25897,0.0120799
88,-12.8396,4.25897,0.0120799
91,-7.36131,3.5403,-0.604125
88,-7.36131,3.5403,-0.604125
91,-12.7998,4.37221,-4.76919
87,-12.7998,4.37221,-4.76919
91,-12.2327,4.17061,-4.42268
87,-12.2327,4.17061,-4.42268
91,-11.3597,3.98895,-4.71579
87,-11.3597,3.98895,-4.71579
91,-12.6348,4.52226,1.06992
87,-12.6348,4.52226,1.06992
91,-15.4607,4.62787,-4.63277
87,-15.4607,4.62787,-4.63277
91,-12.5551,6.75279,1.61513
87,-12.5551,6.75279,1.61513
91,-16.7323,0.789258,0.620804
87,-16.7323,0.789258,0.620804
91,-13.1029,4.44205,-1.09747
87,-13.1029,4.44205,-1.09747
91,-19.9898,4.04044,-3.82005
87,-19.9898,4.04044,-3.82005
91,-11.3621,3.78702,-4.61189
86,-11.3621,3.78702,-4.61189
91,-20.585,5.37963,-4.24865
86,-20.585,5.37963,-4.24865
91,-22.5701,2.38826,-3.86733
86,-22.5701,2.38826,-3.86733
91,-13.9694,4.357,0.540034
86,-13.9694,4.357,0.540034
91,-12.2456,9.12737,1.58819
86,-12.2456,9.12737,1.58819
91,-11.9878,6.91812,1.40359
84,-11.9878,6.91812,1.40359
91,-11.8522,6.83047,1.39566
84,-11.8522,6.83047,1.39566
91,-17.4068,3.70631,-1.3586
82,-17.4068,3.70631,-1.3586
91,-14.4676,4.34466,1.00007
81,-14.4676,4.34466,1.00007
92,-8.09068,3.48921,0.209923
92,-7.84659,3.45468,-0.763577
92,-8.2107,3.60697,0.197733
92,-8.00919,3.45187,-0.636926
92,-8.03404,3.47907,-0.647438
92,-8.42264,-0.679258,-1.81325
92,-8.43765,-0.692427,-1.8305
92,-8.27879,3.81963,-0.700517
92,-8.82373,-1.25321,-2.18196
92,-8.67676,-0.513065,-2.28143
92,-8.83412,-1.24198,-2.18635
92,-8.71978,-0.550241,-2.33759
92,-8.83446,3.65422,-0.555598
92,-9.02475,-0.764606,-2.025
92,-8.41372,3.58636,-2.39103
92,-8.9867,3.67364,-0.820087
92,-8.4456,3.61876,-2.43512
92,-9.0419,3.70358,-0.817144
92,-9.0528,3.69936,-0.813077
92,-9.05144,3.72447,-0.84025
92,-9.05646,3.70439,-0.837528
92,-9.04194,0.380539,-2.41252
92,-9.08748,3.72789,-0.832455
92,-9.21717,3.45952,-0.692936
92,-9.09412,0.37692,-2.44341
92,-9.09894,0.378927,-2.44444
92,-9.02575,1.15832,-2.54425
92,-9.06416,1.19865,-2.46934
92,-8.98807,0.832259,-2.9792
92,-9.3987,3.57599,-0.718886
92,-9.02693,0.831884,-3.02088
92,-9.00038,1.54064,-3.0444
92,-9.02433,1.54786,-3.08519
92,-9.02919,1.54882,-3.09538
92,-9.1841,2.01819,-2.65029
92,-9.00571,3.66538,-2.41306
92,-9.47465,1.22641,-2.23534
92,-9.97572,3.42917,0.0231282
92,-9.26642,2.06972,-2.59605
92,-9.057,3.71001,-2.44748
92,-9.59885,1.08128,-2.15298
92,-9.85882,-0.433385,-2.12514
92,-9.86641,-0.444305,-2.12886
92,-9.27061,2.02156,-2.69425
92,-9.44794,0.747145,-2.82854
92,-9.39755,2.06278,-2.4821
92,-9.20813,3.69811,-2.41416
92,-10.1263,-0.531095,-1.8393
92,-9.23589,3.70305,-2.40897
92,-9.76922,0.554433,-2.61994
92,-9.82079,1.07265,-2.28223
92,-9.78147,0.552959,-2.64193
92,-9.79804,0.556548,-2.65403
92,-9.92856,3.87719,-0.862292
92,-9.34236,3.90634,-2.58146
92,-9.91662,-0.452425,-3.01893
92,-9.71151,2.05472,-2.53542
92,-9.96107,-0.489348,-3.05008
92,-10.1253,-0.258875,-2.7027
92,-10.1737,-0.300304,-3.01805
92,-10.389,-0.331219,-2.45549
92,-10.6535,-0.490852,-1.87522
92,-10.14,-0.247683,-3.16263
92,-10.2043,-0.304345,-3.04041
92,-10.6766,-0.424331,-1.8624
92,-10.6744,-0.414173,-1.87
92,-10.4442,-0.331192,-2.48182
92,-10.5982,-1.36716,-2.55644
92,-10.1099,1.73996,-2.5625
92,-10.7415,-0.440669,-1.90517
92,-10.2343,3.92193,-1.42125
92,-10.2462,3.96381,-1.42956
92,-10.7044,-1.41456,-2.60007
92,-10.8247,4.34724,0.146287
92,-11.8315,-2.13489,-0.0381848
92,-11.8402,-2.06505,-0.0743144
92,-11.8881,-2.10303,-0.0632656
92,-10.2043,2.3581,-2.76444
92,-10.9768,-0.336731,-1.92135
92,-10.9808,-0.33068,-1.91643
92,-11.002,-0.344727,-1.92374
92,-10.3758,1.79243,-2.72097
92,-9.91556,2.75011,-3.84514
92,-9.8151,3.17391,-4.13826
92,-10.8097,0.340351,-2.82832
92,-11.2987,-0.477825,-2.1036
92,-10.4358,4.01817,-2.79503
92,-11.5612,-0.906745,-1.97169
92,-12.2929,4.73355,-4.29408
91,-12.2929,4.73355,-4.29408
92,-20.9786,2.48014,-0.167398
91,-20.9786,2.48014,-0.167398
92,-16.5037,2.7559,-1.7557
91,-16.5037,2.7559,-1.7557
92,-16.87,0.967543,-0.409571
91,-16.87,0.967543,-0.409571
92,-14.4042,4.56017,-2.97366
91,-14.4042,4.56017,-2.97366
92,-14.9663,4.86221,-2.93625
91,-14.9663,4.86221,-2.93625
92,-17.069,3.29648,0.424704
91,-17.069,3.29648,0.424704
92,-15.5587,2.75519,-1.13646
91,-15.5587,2.75519,-1.13646
92,-14.4049,2.31336,-0.682653
91,-14.4049,2.31336,-0.682653
92,-15.6711,1.15078,-2.69399
91,-15.6711,1.15078,-2.69399
92,-18.3636,1.95821,-0.188382
91,-18.3636,1.95821,-0.188382
92,-19.0985,0.970478,0.47428
91,-19.0985,0.970478,0.47428
92,-15.6394,0.979992,-3.52684
91,-15.6394,0.979992,-3.52684
92,-15.5986,1.61837,-3.32562
91,-15.5986,1.61837,-3.32562
92,-12.1423,0.831806,-3.25139
91,-12.1423,0.831806,-3.25139
92,-10.5093,1.643,-2.54492
91,-10.5093,1.643,-2.54492
92,-18.7919,4.21168,-2.27343
91,-18.7919,4.21168,-2.27343
92,-16.9512,5.10093,0.422554
91,-16.9512,5.10093,0.422554
92,-9.77373,3.66163,-4.03342
91,-9.77373,3.66163,-4.03342
92,-15.3981,5.20984,-3.77303
91,-15.3981,5.20984,-3.77303
92,-18.3847,3.46815,-4.36738
91,-18.3847,3.46815,-4.36738
92,-16.2735,1.80727,-0.0601844
91,-16.2735,1.80727,-0.0601844
92,-17.5927,0.978121,0.499744
91,-17.5927,0.978121,0.499744
92,-11.8483,0.838751,-3.09037
91,-11.8483,0.838751,-3.09037
92,-10.5993,3.90252,-3.42172
91,-10.5993,3.90252,-3.42172
92,-18.3269,3.25623,0.489741
91,-18.3269,3.25623,0.489741
92,-11.9079,0.0475924,-2.54212
91,-11.9079,0.0475924,-2.54212
92,-18.4545,0.982097,-0.542294
91,-18.4545,0.982097,-0.542294
92,-20.0997,0.2514,-1.44617
91,-20.0997,0.2514,-1.44617
92,-18.8727,0.644129,-2.93596
91,-18.8727,0.644129,-2.93596
92,-14.7842,1.56806,-3.00814
91,-14.7842,1.56806,-3.00814
92,-15.1513,0.302038,0.879118
91,-15.1513,0.302038,0.879118
92,-17.4697,0.0921504,0.995775
91,-17.4697,0.0921504,0.995775
92,-11.9961,6.95556,1.01196
91,-11.9961,6.95556,1.01196
92,-16.6965,1.16329,-3.02394
91,-16.6965,1.16329,-3.02394
92,-16.7134,1.8391,-0.0848915
91,-16.7134,1.8391,-0.0848915
92,-15.579,0.410406,-1.03626
91,-15.579,0.410406,-1.03626
92,-17.6893,-1.51837,-2.67722
91,-17.6893,-1.51837,-2.67722
92,-17.6573,1.79384,-4.11065
91,-17.6573,1.79384,-4.11065
92,-17.7918,0.297538,0.902301
91,-17.7918,0.297538,0.902301
92,-11.8919,-0.193833,-3.08092
91,-11.8919,-0.193833,-3.08092
92,-13.2468,-0.135927,-3.16009
91,-13.2468,-0.135927,-3.16009
92,-11.4088,6.48764,0.880022
91,-11.4088,6.48764,0.880022
92,-11.5762,0.844832,-2.93068
91,-11.5762,0.844832,-2.93068
92,-17.9306,0.112942,0.935128
91,-17.9306,0.112942,0.935128
92,-12.1419,5.81201,1.32331
91,-12.1419,5.81201,1.32331
92,-13.1568,0.960612,-2.54334
91,-13.1568,0.960612,-2.54334
92,-15.6841,4.37419,0.819944
91,-15.6841,4.37419,0.819944
92,-14.5692,3.89919,0.737573
91,-14.5692,3.89919,0.737573
92,-13.9264,-0.103954,-1.98717
91,-13.9264,-0.103954,-1.98717
92,-17.8846,-1.57126,-2.73657
91,-17.8846,-1.57126,-2.73657
92,-11.0699,-0.116478,-1.53559
91,-11.0699,-0.116478,-1.53559
92,-13.644,-0.17896,-3.34178
91,-13.644,-0.17896,-3.34178
92,-11.0903,4.36581,-3.25357
91,-11.0903,4.36581,-3.25357
92,-13.1173,4.44343,-2.04176
91,-13.1173,4.44343,-2.04176
92,-11.1224,-0.140034,-3.84525
91,-11.1224,-0.140034,-3.84525
92,-12.0587,-0.952405,-2.18056
91,-12.0587,-0.952405,-2.18056
92,-16.3576,-1.58579,1.07952
91,-16.3576,-1.58579,1.07952
92,-16.1956,-1.43201,-2.49976
91,-16.1956,-1.43201,-2.49976
92,-15.3022,-1.49565,-0.95075
91,-15.3022,-1.49565,-0.95075
92,-13.3214,-0.136776,-2.35006
91,-13.3214,-0.136776,-2.35006
92,-15.0544,5.09883,-2.98115
91,-15.0544,5.09883,-2.98115
92,-16.1249,5.75475,-3.02229
91,-16.1249,5.75475,-3.02229
92,-11.4156,-0.182231,-4.03998
91,-11.4156,-0.182231,-4.03998
92,-15.2,-3.19431,-4.15981
91,-15.2,-3.19431,-4.15981
92,-11.32,-0.783164,-1.87874
91,-11.32,-0.783164,-1.87874
92,-14.5022,0.913643,-0.19033
91,-14.5022,0.913643,-0.19033
92,-13.4461,-1.24611,0.512312
91,-13.4461,-1.24611,0.512312
92,-16.7449,-1.64189,1.08083
91,-16.7449,-1.64189,1.08083
92,-15.3053,-1.20201,-2.20307
91,-15.3053,-1.20201,-2.20307
92,-15.4368,-2.0034,-2.11228
91,-15.4368,-2.0034,-2.11228
92,-15.348,-1.53668,-0.921305
91,-15.348,-1.53668,-0.921305
92,-21.7628,4.39149,-4.33366
91,-21.7628,4.39149,-4.33366
92,-11.5369,-0.206639,-4.13271
91,-11.5369,-0.206639,-4.13271
92,-16.6028,0.897258,-0.370498
91,-16.6028,0.897258,-0.370498
92,-11.7363,-0.926987,-2.07138
91,-11.7363,-0.926987,-2.07138
92,-14.258,-0.082952,-3.57345
91,-14.258,-0.082952,-3.57345
92,-11.0252,-0.0879135,-3.7386
91,-11.0252,-0.0879135,-3.7386
92,-11.7345,-0.151579,-2.9744
91,-11.7345,-0.151579,-2.9744
92,-15.3375,3.89427,0.928797
91,-15.3375,3.89427,0.928797
92,-13.7127,-1.16547,0.4599
91,-13.7127,-1.16547,0.4599
92,-11.4247,-0.149654,-4.00945
91,-11.4247,-0.149654,-4.00945
92,-9.6567,0.544107,-2.00822
91,-9.6567,0.544107,-2.00822
92,-18.058,2.92739,-0.169703
90,-18.058,2.92739,-0.169703
92,-17.4,2.99991,-2.4991
90,-17.4,2.99991,-2.4991
92,-17.0442,2.75815,-1.38479
90,-17.0442,2.75815,-1.38479
92,-17.3622,3.02149,-1.10385
90,-17.3622,3.02149,-1.10385
92,-15.3552,2.00921,-3.40998
90,-15.3552,2.00921,-3.40998
92,-15.2938,1.78642,-3.37
90,-15.2938,1.78642,-3.37
92,-14.9698,1.27665,-0.246596
90,-14.9698,1.27665,-0.246596
92,-20.0161,1.37308,-4.14202
90,-20.0161,1.37308,-4.14202
92,-11.4402,1.69411,-2.45386
90,-11.4402,1.69411,-2.45386
92,-17.0897,4.40803,0.30492
90,-17.0897,4.40803,0.30492
92,-14.842,2.79353,-3.03011
90,-14.842,2.79353,-3.03011
92,-11.5454,3.70585,-4.33864
90,-11.5454,3.70585,-4.33864
92,-12.4145,4.47599,-3.09815
90,-12.4145,4.47599,-3.09815
92,-17.2493,3.20985,-1.53183
90,-17.2493,3.20985,-1.53183
92,-19.0864,1.35884,-3.84259
90,-19.0864,1.35884,-3.84259
92,-13.1435,4.47852,0.184962
90,-13.1435,4.47852,0.184962
92,-16.64,2.79487,-0.653786
90,-16.64,2.79487,-0.653786
92,-15.4039,2.01623,-3.40837
90,-15.4039,2.01623,-3.40837
92,-10.1059,3.84126,-3.73046
90,-10.1059,3.84126,-3.73046
92,-17.4329,1.76374,-1.93265
90,-17.4329,1.76374,-1.93265
92,-16.4525,4.59631,-4.29455
90,-16.4525,4.59631,-4.29455
92,-16.6957,2.72818,-0.0844618
90,-16.6957,2.72818,-0.0844618
92,-16.7076,3.45345,0.911012
90,-16.7076,3.45345,0.911012
92,-17.6489,-0.515288,-3.07364
90,-17.6489,-0.515288,-3.07364
92,-15.3672,1.7961,-3.39083
90,-15.3672,1.7961,-3.39083
92,-17.2567,2.17126,-4.12865
90,-17.2567,2.17126,-4.12865
92,-12.6563,5.80222,1.30786
90,-12.6563,5.80222,1.30786
92,-11.846,6.93726,1.09565
90,-11.846,6.93726,1.09565
92,-16.202,4.50597,-4.20701
90,-16.202,4.50597,-4.20701
92,-15.7649,-0.590706,1.18408
90,-15.7649,-0.590706,1.18408
92,-20.027,0.125923,-2.87401
90,-20.027,0.125923,-2.87401
92,-29.2586,-0.444484,-5.27768
90,-29.2586,-0.444484,-5.27768
92,-20.8342,-1.18089,-2.52238
90,-20.8342,-1.18089,-2.52238
92,-13.6625,4.4842,-4.78463
90,-13.6625,4.4842,-4.78463
92,-12.6034,4.29308,1.34296
90,-12.6034,4.29308,1.34296
92,-12.6898,4.25643,0.825268
90,-12.6898,4.25643,0.825268
92,-12.7023,4.9021,-0.31746
90,-12.7023,4.9021,-0.31746
92,-21.6895,1.07961,-3.59189
90,-21.6895,1.07961,-3.59189
92,-23.7659,-1.60638,-3.11757
90,-23.7659,-1.60638,-3.11757
92,-21.5664,-1.2845,-2.6586
90,-21.5664,-1.2845,-2.6586
92,-15.4809,2.63236,-1.47051
90,-15.4809,2.63236,-1.47051
92,-17.2448,2.97925,-2.76201
89,-17.2448,2.97925,-2.76201
92,-15.1066,4.90375,-3.8934
89,-15.1066,4.90375,-3.8934
92,-16.0732,4.98562,-3.39259
89,-16.0732,4.98562,-3.39259
92,-16.4716,2.84111,-3.58242
89,-16.4716,2.84111,-3.58242
92,-15.3718,4.92042,-3.57779
89,-15.3718,4.92042,-3.57779
92,-20.8084,4.71667,-3.52154
89,-20.8084,4.71667,-3.52154
92,-10.7293,3.03782,-4.55231
89,-10.7293,3.03782,-4.55231
92,-10.3622,3.97264,-4.53976
89,-10.3622,3.97264,-4.53976
92,-13.1688,4.53025,1.37729
89,-13.1688,4.53025,1.37729
92,-11.8584,1.12308,-2.51066
89,-11.8584,1.12308,-2.51066
92,-19.2812,0.759139,-0.623299
89,-19.2812,0.759139,-0.623299
92,-12.5189,4.06835,0.570504
89,-12.5189,4.06835,0.570504
92,-15.3202,0.0677359,-3.67655
89,-15.3202,0.0677359,-3.67655
92,-13.2157,4.08142,0.760978
89,-13.2157,4.08142,0.760978
92,-12.5667,4.47224,0.690394
89,-12.5667,4.47224,0.690394
92,-16.0855,3.09676,-3.77647
88,-16.0855,3.09676,-3.77647
92,-15.6007,4.66843,-4.63264
88,-15.6007,4.66843,-4.63264
92,-13.5416,4.3596,-4.53538
88,-13.5416,4.3596,-4.53538
92,-7.28566,3.4733,-0.718981
88,-7.28566,3.4733,-0.718981
92,-13.4343,4.32369,-4.4748
88,-13.4343,4.32369,-4.4748
92,-11.4305,3.99491,-4.49187
86,-11.4305,3.99491,-4.49187
92,-13.4729,4.65842,1.40396
86,-13.4729,4.65842,1.40396
92,-13.0387,4.43528,-0.160228
86,-13.0387,4.43528,-0.160228
92,-12.7491,6.13838,1.10955
86,-12.7491,6.13838,1.10955
92,-12.1664,4.15758,-4.38265
84,-12.1664,4.15758,-4.38265
92,-16.8232,3.20569,-1.65415
84,-16.8232,3.20569,-1.65415
92,-8.7397,3.68553,0.64054
84,-8.7397,3.68553,0.64054
92,-12.3685,5.79341,0.803982
82,-12.3685,5.79341,0.803982
93,-7.91898,3.40702,-0.719138
93,-8.14053,-0.777762,-1.83996
93,-8.28971,-0.7444,-1.83494
93,-8.62479,3.72019,-0.442488
93,-8.79136,3.6315,-0.558279
93,-8.80928,3.83411,-0.610079
93,-8.84939,3.68405,-0.555286
93,-8.14563,3.62308,-2.3688
93,-8.85996,3.68689,-0.566594
93,-9.12549,4.09118,0.0993661
93,-8.63475,-0.493617,-2.23423
93,-8.69565,-0.52691,-2.30636
93,-8.74749,-0.528664,-2.33546
93,-8.90301,-0.504445,-2.05303
93,-8.90885,-0.536544,-2.06944
93,-8.94808,-0.521593,-2.08379
93,-8.87745,0.470378,-2.32614
93,-8.88994,0.476663,-2.3311
93,-8.87634,1.4859,-2.42223
93,-8.98795,0.462407,-2.41749
93,-8.94497,1.12251,-2.44569
93,-8.96801,1.15847,-2.44834
93,-8.96511,1.18572,-2.46634
93,-9.05895,0.389436,-2.40951
93,-8.8626,1.90045,-2.77997
93,-8.89536,1.9047,-2.81086
93,-9.12238,1.44298,-2.40654
93,-8.90307,1.5416,-2.96958
93,-9.72449,3.59787,-0.54944
93,-8.99342,0.841904,-2.97582
93,-9.22917,0.371565,-2.5108
93,-9.19354,2.03147,-2.65534
93,-9.31266,1.41832,-2.54327
93,-10.2443,4.03814,0.238909
93,-9.42398,0.725424,-2.54959
93,-9.36903,2.05414,-2.5387
93,-9.39966,2.07498,-2.48225
93,-9.47886,0.729805,-2.59219
93,-10.4844,3.48289,0.49811
93,-10.0598,3.84155,-0.650395
93,-9.84212,-0.462246,-2.13531
93,-9.87669,-0.462547,-2.15044
93,-9.94093,-0.463471,-2.18048
93,-9.95427,-0.448581,-2.14568
93,-11.0655,-2.0957,0.218104
93,-9.68769,2.26553,-2.39323
93,-10.1967,-0.671762,-1.9536
93,-10.5988,3.68888,-0.0391504
93,-10.1503,-1.38538,-2.3171
93,-9.87731,0.572063,-2.70077
93,-10.2309,-1.44338,-2.34768
93,-10.3,-0.327881,-2.03892
93,-10.3247,-0.361643,-2.09017
93,-10.0896,-0.240016,-2.66644
93,-10.3338,-0.365038,-2.11117
93,-10.3345,-1.47214,-2.41118
93,-9.96296,2.32373,-2.57458
93,-10.3063,-0.311271,-2.39748
93,-10.1095,-0.279453,-2.96289
93,-10.5577,-0.455341,-1.86998
93,-10.1053,2.19376,-2.51068
93,-10.0397,-0.262877,-3.1915
93,-10.5994,-0.421299,-1.84033
93,-10.3601,-0.311646,-2.426
93,-10.1647,1.92663,-2.46599
93,-10.1692,3.92407,-2.05053
93,-10.9824,3.73897,-0.0700704
93,-10.9562,4.08911,-0.105166
93,-10.088,2.35952,-2.66044
93,-10.3876,1.58974,-2.45829
93,-10.0355,-0.500744,-3.89491
93,-10.3051,-0.341334,-3.1808
93,-11.7394,-2.02446,0.0214394
93,-10.0608,-0.507582,-3.92247
93,-10.0636,-0.461399,-3.925
93,-10.5431,1.00198,-2.46005
93,-10.431,1.97811,-2.61903
93,-10.1245,-0.471565,-3.98698
93,-10.4715,1.96424,-2.64377
93,-10.9308,-0.34008,-2.0395
93,-11.0473,-0.418741,-1.8435
93,-10.5976,1.68166,-2.56983
93,-10.8853,-0.22594,-2.40786
93,-10.9933,-0.277408,-2.18461
93,-11.3381,4.50718,-0.590338
93,-11.294,3.95026,-0.908171
93,-11.3372,3.96718,-0.919372
93,-11.0258,1.6305,-2.22486
93,-10.5534,4.15702,-3.00502
93,-11.0978,1.617,-2.27124
93,-12.0951,4.65829,0.760637
93,-12.7088,0.883935,-3.34931
92,-12.7088,0.883935,-3.34931
93,-16.36,2.13544,-3.75758
92,-16.36,2.13544,-3.75758
93,-11.7656,-0.168945,-2.59591
92,-11.7656,-0.168945,-2.59591
93,-14.2118,4.8681,-2.4698
92,-14.2118,4.8681,-2.4698
93,-12.8569,0.00509664,-2.20573
92,-12.8569,0.00509664,-2.20573
93,-12.483,0.204598,-3.73257
92,-12.483,0.204598,-3.73257
93,-12.4505,-0.0725001,-2.05125
92,-12.4505,-0.0725001,-2.05125
93,-17.7611,0.35226,-1.14272
92,-17.7611,0.35226,-1.14272
93,-20.1343,2.13698,-1.49274
92,-20.1343,2.13698,-1.49274
93,-13.5238,-0.0431083,-1.83759
92,-13.5238,-0.0431083,-1.83759
93,-20.6524,0.0546371,-2.94613
92,-20.6524,0.0546371,-2.94613
93,-17.2892,-0.545106,-1.03452
92,-17.2892,-0.545106,-1.03452
93,-19.3254,2.07809,-0.237801
92,-19.3254,2.07809,-0.237801
93,-12.951,0.0314992,0.392138
92,-12.951,0.0314992,0.392138
93,-11.7249,-0.237323,-4.32632
92,-11.7249,-0.237323,-4.32632
93,-10.9086,-0.236776,-4.34897
92,-10.9086,-0.236776,-4.34897
93,-11.3709,1.14173,-2.48928
92,-11.3709,1.14173,-2.48928
93,-12.6182,-0.799714,-1.99009
92,-12.6182,-0.799714,-1.99009
93,-12.1895,-0.236765,-3.25964
92,-12.1895,-0.236765,-3.25964
93,-12.7543,4.32065,-0.736464
92,-12.7543,4.32065,-0.736464
93,-16.3799,4.83617,-3.2781
92,-16.3799,4.83617,-3.2781
93,-18.981,5.70349,-2.69512
92,-18.981,5.70349,-2.69512
93,-18.2307,3.88775,0.185095
92,-18.2307,3.88775,0.185095
93,-8.87772,1.85369,-2.45755
92,-8.87772,1.85369,-2.45755
93,-15.9532,5.55831,-3.402
92,-15.9532,5.55831,-3.402
93,-12.1341,4.78453,-2.15162
92,-12.1341,4.78453,-2.15162
93,-16.9707,3.28669,-4.12139
92,-16.9707,3.28669,-4.12139
93,-10.7575,-0.209682,-4.22036
92,-10.7575,-0.209682,-4.22036
93,-10.216,3.92352,-3.63511
92,-10.216,3.92352,-3.63511
93,-14.1667,4.63592,-4.88932
92,-14.1667,4.63592,-4.88932
93,-9.87706,2.07125,-2.42533
92,-9.87706,2.07125,-2.42533
93,-12.8969,-0.841202,-2.08692
92,-12.8969,-0.841202,-2.08692
93,-16.1364,-1.41281,-2.48973
92,-16.1364,-1.41281,-2.48973
93,-14.5784,3.46512,-4.42144
92,-14.5784,3.46512,-4.42144
93,-18.5751,0.865029,-0.393111
92,-18.5751,0.865029,-0.393111
93,-16.9206,-0.500487,-0.972626
92,-16.9206,-0.500487,-0.972626
93,-15.552,-0.806782,-0.558178
92,-15.552,-0.806782,-0.558178
93,-10.993,-0.114568,-3.77419
92,-10.993,-0.114568,-3.77419
93,-11.6303,-0.112738,-3.63369
92,-11.6303,-0.112738,-3.63369
93,-16.9774,3.7892,-0.261256
92,-16.9774,3.7892,-0.261256
93,-17.1273,3.56386,-0.0530531
92,-17.1273,3.56386,-0.0530531
93,-13.8022,0.5417,-3.76352
92,-13.8022,0.5417,-3.76352
93,-16.776,0.762051,-1.38205
92,-16.776,0.762051,-1.38205
93,-11.6886,-0.156689,-2.9797
92,-11.6886,-0.156689,-2.9797
93,-21.3291,-1.42595,-3.10911
92,-21.3291,-1.42595,-3.10911
93,-17.9387,-1.54276,-2.73457
92,-17.9387,-1.54276,-2.73457
93,-17.7713,0.396127,-0.114668
92,-17.7713,0.396127,-0.114668
93,-17.1007,0.779841,0.507503
92,-17.1007,0.779841,0.507503
93,-13.0435,-0.14321,-2.2769
92,-13.0435,-0.14321,-2.2769
93,-12.1341,4.78453,-2.15162
92,-12.1341,4.78453,-2.15162
93,-14.1894,-0.0116555,-2.11201
92,-14.1894,-0.0116555,-2.11201
93,-16.4428,-1.45705,-2.53993
92,-16.4428,-1.45705,-2.53993
93,-16.6752,1.82868,-1.24728
92,-16.6752,1.82868,-1.24728
93,-13.0661,0.402461,-3.87802
92,-13.0661,0.402461,-3.87802
93,-14.0077,0.530427,-3.87452
92,-14.0077,0.530427,-3.87452
93,-18.4003,3.82693,-0.12891
92,-18.4003,3.82693,-0.12891
93,-11.1432,-0.138996,-3.87082
92,-11.1432,-0.138996,-3.87082
93,-15.3531,1.70003,-3.72073
92,-15.3531,1.70003,-3.72073
93,-18.6276,5.32032,-5.2355
92,-18.6276,5.32032,-5.2355
93,-15.4525,0.00993359,-0.75718
92,-15.4525,0.00993359,-0.75718
93,-17.4598,0.855218,-0.277529
92,-17.4598,0.855218,-0.277529
93,-16.3179,0.288452,0.00279078
92,-16.3179,0.288452,0.00279078
93,-18.5775,-1.0676,-2.4679
92,-18.5775,-1.0676,-2.4679
93,-12.0521,4.73916,-2.11632
92,-12.0521,4.73916,-2.11632
93,-9.93451,3.77597,-4.10281
92,-9.93451,3.77597,-4.10281
93,-14.859,4.92804,-5.3222
92,-14.859,4.92804,-5.3222
93,-13.1235,4.47575,-0.821238
92,-13.1235,4.47575,-0.821238
93,-14.7215,-0.185618,0.438824
92,-14.7215,-0.185618,0.438824
93,-14.6696,-1.14753,-0.036009
92,-14.6696,-1.14753,-0.036009
93,-18.3178,0.397517,0.918595
92,-18.3178,0.397517,0.918595
93,-12.0047,-0.20327,-3.1475
92,-12.0047,-0.20327,-3.1475
93,-27.7411,-1.31995,-4.76133
92,-27.7411,-1.31995,-4.76133
93,-11.0868,4.48053,-5.21951
92,-11.0868,4.48053,-5.21951
93,-15.0907,5.5047,-6.45027
92,-15.0907,5.5047,-6.45027
93,-12.2156,6.00385,0.838222
92,-12.2156,6.00385,0.838222
93,-17.8207,2.22439,0.697315
92,-17.8207,2.22439,0.697315
93,-13.1257,4.30464,0.569155
92,-13.1257,4.30464,0.569155
93,-16.2583,2.82168,-0.882766
92,-16.2583,2.82168,-0.882766
93,-10.9537,-0.1095,-3.73186
92,-10.9537,-0.1095,-3.73186
93,-11.994,-1.40414,-3.15531
92,-11.994,-1.40414,-3.15531
93,-6.88735,1.87482,0.736201
92,-6.88735,1.87482,0.736201
93,-11.0984,1.69176,-2.11165
92,-11.0984,1.69176,-2.11165
93,-15.6356,3.33737,-1.05919
92,-15.6356,3.33737,-1.05919
93,-13.7241,-3.90588,-4.32694
92,-13.7241,-3.90588,-4.32694
93,-12.4892,-1.63195,-4.21913
92,-12.4892,-1.63195,-4.21913
93,-16.3149,-0.925892,-0.593466
92,-16.3149,-0.925892,-0.593466
93,-13.4805,-1.24904,0.496897
92,-13.4805,-1.24904,0.496897
93,-12.6937,-2.1475,0.0971982
92,-12.6937,-2.1475,0.0971982
93,-11.7224,-1.15034,-2.05773
92,-11.7224,-1.15034,-2.05773
93,-10.1504,3.454,0.0279521
92,-10.1504,3.454,0.0279521
93,-9.5069,0.345958,-2.73897
92,-9.5069,0.345958,-2.73897
93,-14.7703,-2.42166,-1.19034
92,-14.7703,-2.42166,-1.19034
93,-18.8284,3.76823,-3.43875
92,-18.8284,3.76823,-3.43875
93,-16.7677,2.03095,0.670204
92,-16.7677,2.03095,0.670204
93,-11.7512,-1.3916,-3.74159
92,-11.7512,-1.3916,-3.74159
93,-16.7526,1.80321,-0.113938
92,-16.7526,1.80321,-0.113938
93,-15.8933,1.15247,0.855748
92,-15.8933,1.15247,0.855748
93,-16.1728,4.09902,0.949264
92,-16.1728,4.09902,0.949264
93,-16.1682,-0.325457,-2.68456
92,-16.1682,-0.325457,-2.68456
93,-15.5487,-1.57052,-0.970842
92,-15.5487,-1.57052,-0.970842
93,-12.2825,5.09097,-3.98334
92,-12.2825,5.09097,-3.98334
93,-14.7929,-0.169855,-2.28329
92,-14.7929,-0.169855,-2.28329
93,-13.5359,-3.78445,-4.20329
92,-13.5359,-3.78445,-4.20329
93,-19.6101,2.32904,0.636235
92,-19.6101,2.32904,0.636235
93,-18.8518,0.82238,-0.527632
92,-18.8518,0.82238,-0.527632
93,-12.5545,6.21143,0.138816
92,-12.5545,6.21143,0.138816
93,-10.875,-0.0177645,-2.48272
92,-10.875,-0.0177645,-2.48272
93,-12.6998,-2.37446,-1.68822
92,-12.6998,-2.37446,-1.68822
93,-15.8084,-0.845577,-0.582654
92,-15.8084,-0.845577,-0.582654
93,-14.3316,4.98358,-2.37223
92,-14.3316,4.98358,-2.37223
93,-17.7559,0.396853,0.0616725
91,-17.7559,0.396853,0.0616725
93,-18.0138,-0.217602,-1.13504
91,-18.0138,-0.217602,-1.13504
93,-20.643,2.24585,-3.36189
91,-20.643,2.24585,-3.36189
93,-17.1766,4.43525,0.109439
91,-17.1766,4.43525,0.109439
93,-12.9573,4.65131,0.736019
91,-12.9573,4.65131,0.736019
93,-15.3724,3.29492,0.513905
91,-15.3724,3.29492,0.513905
93,-18.5194,-0.418019,-1.5292
91,-18.5194,-0.418019,-1.5292
93,-18.7099,-0.281405,-1.22602
91,-18.7099,-0.281405,-1.22602
93,-17.0646,-2.4114,-2.5508
91,-17.0646,-2.4114,-2.5508
93,-16.3035,0.656863,-4.33028
91,-16.3035,0.656863,-4.33028
93,-19.4257,1.39472,0.829351
91,-19.4257,1.39472,0.829351
93,-20.1696,-0.373178,-1.39882
91,-20.1696,-0.373178,-1.39882
93,-12.7079,-0.15406,-3.4184
91,-12.7079,-0.15406,-3.4184
93,-18.0487,0.38286,0.0115239
91,-18.0487,0.38286,0.0115239
93,-15.2326,4.59661,1.03419
91,-15.2326,4.59661,1.03419
93,-12.6647,4.29218,-3.3144
91,-12.6647,4.29218,-3.3144
93,-17.4223,0.256203,-0.960169
91,-17.4223,0.256203,-0.960169
93,-12.6176,4.21385,-1.83425
91,-12.6176,4.21385,-1.83425
93,-13.3393,1.69848,-2.61342
91,-13.3393,1.69848,-2.61342
93,-14.0577,5.24499,-3.88652
91,-14.0577,5.24499,-3.88652
93,-23.3275,-2.44972,-3.50988
91,-23.3275,-2.44972,-3.50988
93,-18.7061,4.69258,-3.78492
90,-18.7061,4.69258,-3.78492
93,-13.6557,4.27478,0.807732
90,-13.6557,4.27478,0.807732
93,-17.1253,4.97759,-4.33099
90,-17.1253,4.97759,-4.33099
93,-18.139,3.10246,0.761266
90,-18.139,3.10246,0.761266
93,-17.8807,1.34144,0.747167
90,-17.8807,1.34144,0.747167
93,-17.9064,3.42429,-1.99817
90,-17.9064,3.42429,-1.99817
93,-13.8303,-0.0577767,-2.41265
90,-13.8303,-0.0577767,-2.41265
93,-15.654,3.34054,0.50914
90,-15.654,3.34054,0.50914
93,-17.8548,5.2064,-4.62469
90,-17.8548,5.2064,-4.62469
93,-8.96969,3.6495,-2.37907
90,-8.96969,3.6495,-2.37907
93,-13.0702,5.07957,-0.374368
90,-13.0702,5.07957,-0.374368
93,-16.7497,3.47564,-1.67061
89,-16.7497,3.47564,-1.67061
93,-16.7166,3.62729,-1.32946
89,-16.7166,3.62729,-1.32946
93,-17.7212,3.66931,0.930954
89,-17.7212,3.66931,0.930954
93,-17.4191,2.94912,-1.53999
89,-17.4191,2.94912,-1.53999
93,-12.5336,4.99339,0.654251
89,-12.5336,4.99339,0.654251
93,-16.9877,5.07243,-3.50621
89,-16.9877,5.07243,-3.50621
93,-22.9463,-0.0242696,-3.58655
89,-22.9463,-0.0242696,-3.58655
93,-14.7909,1.85761,-3.15499
89,-14.7909,1.85761,-3.15499
93,-12.4626,4.3071,-4.91155
88,-12.4626,4.3071,-4.91155
93,-18.0787,0.293391,-1.12686
88,-18.0787,0.293391,-1.12686
93,-18.645,1.18929,-3.65665
88,-18.645,1.18929,-3.65665
93,-16.9412,4.73596,-4.52468
82,-16.9412,4.73596,-4.52468
94,-6.3434,1.28042,0.541759
94,-8.28436,-0.716121,-1.88832
94,-8.31401,-0.549464,-2.14032
94,-8.32515,-0.544473,-2.15152
94,-8.58703,-0.646777,-1.84404
94,-8.65944,-0.673611,-1.88369
94,-9.03723,3.58848,-0.737692
94,-8.80738,-0.54451,-1.84253
94,-9.09173,3.75474,-0.848245
94,-8.8321,-0.486904,-2.02028
94,-8.52656,3.7163,-2.40595
94,-8.92122,-0.487054,-2.08966
94,-8.95094,-1.28809,-2.28489
94,-8.98318,-1.30664,-2.29944
94,-8.98921,-1.32584,-2.3285
94,-8.89993,1.1799,-2.34463
94,-8.98335,1.20243,-2.41699
94,-9.07941,0.43766,-2.46543
94,-8.88862,1.9216,-2.79569
94,-8.93796,3.64196,-2.50277
94,-9.03331,2.00847,-2.5357
94,-9.24079,2.08653,-2.54602
94,-9.36003,1.27568,-2.39387
94,-9.30914,1.43769,-2.5335
94,-9.88853,3.88298,-0.849282
94,-9.38627,0.704183,-2.52466
94,-9.33974,1.40815,-2.56472
94,-9.93612,3.87935,-0.849299
94,-10.7268,-2.48265,0.365829
94,-9.37743,3.83412,-2.41752
94,-9.50904,0.636794,-2.52656
94,-10.8475,-2.55012,0.354726
94,-9.49134,-1.94488,-3.01076
94,-9.53525,0.699579,-2.6325
94,-9.83336,-0.433807,-2.27494
94,-9.84319,-0.435942,-2.27882
94,-9.75952,1.20261,-2.36729
94,-9.77243,1.20613,-2.36014
94,-9.87957,-0.444739,-2.303
94,-10.0801,-0.604762,-1.86998
94,-10.071,-0.487502,-1.89321
94,-10.0981,-0.503377,-1.91048
94,-9.82888,2.07467,-2.41434
94,-9.92856,1.09635,-2.33175
94,-11.0392,-2.08057,0.018055
94,-10.1833,-0.615984,-1.92589
94,-9.86309,-0.444629,-2.98376
94,-10.1715,-1.16457,-2.30905
94,-9.93705,2.37155,-2.56872
94,-10.0672,1.92887,-2.402
94,-10.1021,1.12221,-2.44512
94,-10.2564,-1.22106,-2.35585
94,-11.5225,-1.19624,0.715228
94,-9.96573,-0.465667,-3.04099
94,-10.2704,-1.21726,-2.37726
94,-10.2868,-1.16047,-2.34836
94,-10.1278,-0.234386,-2.69533
94,-9.90352,3.77122,-2.80716
94,-10.0183,0.62211,-2.94081
94,-10.1348,2.21861,-2.53534
94,-10.3671,-1.24192,-2.42568
94,-11.5364,4.08499,0.997612
94,-10.2166,-0.243991,-2.74692
94,-10.0737,-0.206959,-3.10516
94,-10.0173,3.83964,-2.84035
94,-10.1352,2.38245,-2.72761
94,-10.0587,-0.232114,-3.20949
94,-10.4483,-0.276157,-2.26423
94,-10.1518,2.42024,-2.71937
94,-10.4266,-1.24246,-2.45834
94,-10.5994,-0.245138,-2.32404
94,-10.0194,-0.446371,-3.87285
94,-11.3307,4.08513,-0.142511
94,-10.8422,-0.358772,-1.93673
94,-10.3572,2.4687,-2.84994
94,-10.8764,-0.388876,-1.9125
94,-11.4222,3.89575,-0.125526
94,-10.8958,-0.378633,-1.95211
94,-10.9026,-0.369053,-1.95558
94,-10.5661,2.16858,-2.57717
94,-11.9438,-2.37293,0.269903
94,-10.9535,-0.347806,-2.02912
94,-10.9487,-0.328944,-2.04138
94,-10.7254,1.01831,-2.56797
94,-11.0643,-0.344345,-2.10713
94,-12.1701,-2.46817,0.245384
94,-11.7864,4.1312,-0.162207
94,-10.8616,1.67472,-2.74857
94,-12.1329,4.21644,0.657784
94,-10.8956,-1.88092,-3.13287
94,-10.8643,2.19263,-2.76302
94,-10.2943,4.01309,-4.10459
94,-11.2565,-0.210863,-2.25936
94,-11.6681,4.74429,-0.69447
94,-10.9606,2.18108,-2.83735
94,-10.7938,4.33912,-3.15143
94,-11.4726,-0.166275,-2.03972
94,-19.2579,-1.11654,-2.63977
93,-19.2579,-1.11654,-2.63977
94,-13.4006,1.10141,-2.63972
93,-13.4006,1.10141,-2.63972
94,-11.9665,0.10379,-2.00157
93,-11.9665,0.10379,-2.00157
94,-15.1659,1.53059,-3.45166
93,-15.1659,1.53059,-3.45166
94,-11.9607,-0.0339171,-3.00823
93,-11.9607,-0.0339171,-3.00823
94,-10.8495,-0.0314288,-2.47305
93,-10.8495,-0.0314288,-2.47305
94,-17.7076,-1.49203,-2.7043
93,-17.7076,-1.49203,-2.7043
94,-16.2107,0.635925,-1.6277
93,-16.2107,0.635925,-1.6277
94,-16.3188,3.15628,-3.86892
93,-16.3188,3.15628,-3.86892
94,-15.2369,1.70564,-3.69094
93,-15.2369,1.70564,-3.69094
94,-15.853,-0.066797,-0.8288
93,-15.853,-0.066797,-0.8288
94,-16.6048,-1.49228,-2.60747
93,-16.6048,-1.49228,-2.60747
94,-14.7559,-0.805038,0.0656688
93,-14.7559,-0.805038,0.0656688
94,-11.6691,-0.0933404,-3.65555
93,-11.6691,-0.0933404,-3.65555
94,-13.3142,0.558393,-3.51568
93,-13.3142,0.558393,-3.51568
94,-16.9429,5.06054,-3.46802
93,-16.9429,5.06054,-3.46802
94,-20.7648,5.31854,-4.44574
93,-20.7648,5.31854,-4.44574
94,-18.1862,2.02876,-3.56839
93,-18.1862,2.02876,-3.56839
94,-20.1609,4.55982,-3.55819
93,-20.1609,4.55982,-3.55819
94,-15.9061,5.40824,-0.365138
93,-15.9061,5.40824,-0.365138
94,-13.6384,4.41485,-0.152996
93,-13.6384,4.41485,-0.152996
94,-10.6028,3.38554,-3.44036
93,-10.6028,3.38554,-3.44036
94,-11.9128,1.74616,-3.38873
93,-11.9128,1.74616,-3.38873
94,-11.6403,4.45989,-4.27362
93,-11.6403,4.45989,-4.27362
94,-12.7418,4.63238,-3.24887
93,-12.7418,4.63238,-3.24887
94,-16.469,-1.20694,-1.64929
93,-16.469,-1.20694,-1.64929
94,-15.4777,-1.49217,-0.969781
93,-15.4777,-1.49217,-0.969781
94,-16.6456,0.641672,-1.94304
93,-16.6456,0.641672,-1.94304
94,-11.2021,1.142,-2.39002
93,-11.2021,1.142,-2.39002
94,-15.1205,5.06408,-0.290698
93,-15.1205,5.06408,-0.290698
94,-10.3905,3.10393,-4.34729
93,-10.3905,3.10393,-4.34729
94,-17.108,0.285401,0.601722
93,-17.108,0.285401,0.601722
94,-14.6989,-0.0542866,0.471589
93,-14.6989,-0.0542866,0.471589
94,-13.0517,-1.86371,-3.69826
93,-13.0517,-1.86371,-3.69826
94,-12.0408,0.230152,-3.03072
93,-12.0408,0.230152,-3.03072
94,-11.5021,0.0255932,-2.74885
93,-11.5021,0.0255932,-2.74885
94,-13.73,-0.0501335,-1.90366
93,-13.73,-0.0501335,-1.90366
94,-12.7239,0.14791,-2.8057
93,-12.7239,0.14791,-2.8057
94,-14.8505,1.76596,-3.14964
93,-14.8505,1.76596,-3.14964
94,-13.327,-1.29019,0.500196
93,-13.327,-1.29019,0.500196
94,-14.695,-1.59608,-0.935427
93,-14.695,-1.59608,-0.935427
94,-16.656,-0.655691,1.22272
93,-16.656,-0.655691,1.22272
94,-17.4876,2.85524,-0.149241
93,-17.4876,2.85524,-0.149241
94,-12.485,-1.51877,-3.42666
93,-12.485,-1.51877,-3.42666
94,-12.6683,0.18284,-3.3718
93,-12.6683,0.18284,-3.3718
94,-12.6499,4.47242,0.626885
93,-12.6499,4.47242,0.626885
94,-18.2097,0.325173,-1.79159
93,-18.2097,0.325173,-1.79159
94,-16.5531,5.84868,-3.6399
93,-16.5531,5.84868,-3.6399
94,-13.6117,0.0573071,-3.25666
93,-13.6117,0.0573071,-3.25666
94,-13.9663,-0.0733636,-1.95713
93,-13.9663,-0.0733636,-1.95713
94,-8.76919,3.37358,-1.99169
93,-8.76919,3.37358,-1.99169
94,-12.8023,5.53492,-0.973189
93,-12.8023,5.53492,-0.973189
94,-16.1701,3.57587,-1.70776
93,-16.1701,3.57587,-1.70776
94,-13.0833,-1.23336,0.515678
93,-13.0833,-1.23336,0.515678
94,-15.1451,-1.45253,-0.925467
93,-15.1451,-1.45253,-0.925467
94,-12.5967,4.8508,0.603748
93,-12.5967,4.8508,0.603748
94,-13.9497,0.0273976,-3.44313
93,-13.9497,0.0273976,-3.44313
94,-15.7831,1.8759,-3.56469
93,-15.7831,1.8759,-3.56469
94,-13.1432,-0.897975,-2.18132
93,-13.1432,-0.897975,-2.18132
94,-11.6007,3.59766,-3.48228
93,-11.6007,3.59766,-3.48228
94,-11.7714,4.87078,-0.751207
93,-11.7714,4.87078,-0.751207
94,-16.834,2.72881,-0.118327
93,-16.834,2.72881,-0.118327
94,-14.6813,4.28911,0.471283
93,-14.6813,4.28911,0.471283
94,-13.9539,-3.98214,-4.49726
93,-13.9539,-3.98214,-4.49726
94,-16.6853,1.14514,-3.01437
93,-16.6853,1.14514,-3.01437
94,-16.486,-4.49391,0.992456
93,-16.486,-4.49391,0.992456
94,-15.1103,-3.39226,-2.50899
93,-15.1103,-3.39226,-2.50899
94,-16.4888,3.56658,-1.19733
93,-16.4888,3.56658,-1.19733
94,-16.7005,-3.32783,-2.87332
93,-16.7005,-3.32783,-2.87332
94,-16.4093,-4.44544,1.01744
93,-16.4093,-4.44544,1.01744
94,-14.3181,-2.55534,0.511959
93,-14.3181,-2.55534,0.511959
94,-16.8809,2.761,-0.0861366
93,-16.8809,2.761,-0.0861366
94,-16.0118,4.43328,-4.0548
93,-16.0118,4.43328,-4.0548
94,-12.5792,5.93694,0.82283
93,-12.5792,5.93694,0.82283
94,-12.8486,-4.05023,-2.73506
93,-12.8486,-4.05023,-2.73506
94,-13.8028,0.462236,-0.492316
93,-13.8028,0.462236,-0.492316
94,-10.7569,1.10081,-2.13204
93,-10.7569,1.10081,-2.13204
94,-15.3533,1.19456,-3.42571
93,-15.3533,1.19456,-3.42571
94,-15.5904,-3.6175,-1.6422
93,-15.5904,-3.6175,-1.6422
94,-14.0602,-4.05133,-4.51667
93,-14.0602,-4.05133,-4.51667
94,-13.4765,-4.05915,-4.33123
93,-13.4765,-4.05915,-4.33123
94,-15.9049,-4.89284,-1.87539
93,-15.9049,-4.89284,-1.87539
94,-12.4297,-3.82632,-2.57287
93,-12.4297,-3.82632,-2.57287
94,-10.7464,1.08902,-2.13247
93,-10.7464,1.08902,-2.13247
94,-11.1795,-0.046559,-2.64534
93,-11.1795,-0.046559,-2.64534
94,-14.6691,1.13767,-3.13429
93,-14.6691,1.13767,-3.13429
94,-13.1407,4.49909,-1.97154
93,-13.1407,4.49909,-1.97154
94,-15.0048,-3.36624,-1.5306
93,-15.0048,-3.36624,-1.5306
94,-15.2503,-4.55601,-1.70596
93,-15.2503,-4.55601,-1.70596
94,-15.3815,-3.61937,0.553764
93,-15.3815,-3.61937,0.553764
94,-13.1407,-3.88217,-3.48807
93,-13.1407,-3.88217,-3.48807
94,-15.459,0.947616,-1.96008
93,-15.459,0.947616,-1.96008
94,-14.9315,-0.947764,-1.56812
93,-14.9315,-0.947764,-1.56812
94,-22.557,5.23749,-0.882475
93,-22.557,5.23749,-0.882475
94,-12.3847,1.91946,0.160153
93,-12.3847,1.91946,0.160153
94,-15.6662,-4.89109,-1.85942
93,-15.6662,-4.89109,-1.85942
94,-12.4576,-2.3414,-0.113628
93,-12.4576,-2.3414,-0.113628
94,-16.0672,0.229329,-3.66228
92,-16.0672,0.229329,-3.66228
94,-12.7163,0.115078,-1.96456
92,-12.7163,0.115078,-1.96456
94,-10.0907,-0.13741,-1.54137
92,-10.0907,-0.13741,-1.54137
94,-17.3064,2.99927,-0.801677
92,-17.3064,2.99927,-0.801677
94,-17.9393,2.57195,-0.0204321
92,-17.9393,2.57195,-0.0204321
94,-16.7818,4.68474,0.761194
92,-16.7818,4.68474,0.761194
94,-11.1142,3.71007,-4.40848
92,-11.1142,3.71007,-4.40848
94,-14.232,1.9032,-2.93754
92,-14.232,1.9032,-2.93754
94,-12.2736,4.77717,-1.23814
92,-12.2736,4.77717,-1.23814
94,-16.155,0.398686,0.875213
92,-16.155,0.398686,0.875213
94,-14.8615,4.97015,1.01639
92,-14.8615,4.97015,1.01639
94,-11.6702,-0.102527,-3.64556
92,-11.6702,-0.102527,-3.64556
94,-16.9719,0.426304,0.0714117
92,-16.9719,0.426304,0.0714117
94,-13.0947,4.82562,-3.43594
92,-13.0947,4.82562,-3.43594
94,-13.7898,-2.19907,-0.13847
92,-13.7898,-2.19907,-0.13847
94,-16.3982,2.85942,-0.912615
92,-16.3982,2.85942,-0.912615
94,-13.7157,5.13317,-3.75702
92,-13.7157,5.13317,-3.75702
94,-20.8153,-0.382878,-4.11615
92,-20.8153,-0.382878,-4.11615
94,-16.0249,-4.27958,-3.24731
92,-16.0249,-4.27958,-3.24731
94,-15.8045,2.9903,-3.63879
92,-15.8045,2.9903,-3.63879
94,-16.6161,3.32073,0.929881
92,-16.6161,3.32073,0.929881
94,-16.0999,-1.89553,-2.70875
92,-16.0999,-1.89553,-2.70875
94,-11.5115,-0.0881957,-3.51332
92,-11.5115,-0.0881957,-3.51332
94,-15.4836,5.2434,-3.14274
92,-15.4836,5.2434,-3.14274
94,-26.6761,-1.25463,-4.57373
91,-26.6761,-1.25463,-4.57373
94,-17.5462,1.79428,-4.07053
91,-17.5462,1.79428,-4.07053
94,-17.5014,3.92641,-2.00813
91,-17.5014,3.92641,-2.00813
94,-12.2762,4.09942,-4.96369
91,-12.2762,4.09942,-4.96369
94,-16.634,3.48332,0.481505
91,-16.634,3.48332,0.481505
94,-16.4882,3.69692,0.777335
91,-16.4882,3.69692,0.777335
94,-17.8337,5.37017,-3.78932
91,-17.8337,5.37017,-3.78932
94,-18.1512,2.00206,-1.14455
91,-18.1512,2.00206,-1.14455
94,-18.9293,0.999848,0.472221
91,-18.9293,0.999848,0.472221
94,-11.1617,-0.196068,-2.23013
91,-11.1617,-0.196068,-2.23013
94,-16.3899,3.39801,-1.04036
91,-16.3899,3.39801,-1.04036
94,-17.8778,5.07647,-4.91097
91,-17.8778,5.07647,-4.91097
94,-10.4823,3.4915,-4.36106
91,-10.4823,3.4915,-4.36106
94,-12.2127,5.21539,0.586261
91,-12.2127,5.21539,0.586261
94,-11.0771,-0.179805,-2.19138
91,-11.0771,-0.179805,-2.19138
94,-17.8422,3.36534,0.898207
91,-17.8422,3.36534,0.898207
94,-18.1667,-2.34309,-3.33564
91,-18.1667,-2.34309,-3.33564
94,-17.0089,-1.90426,-1.19801
91,-17.0089,-1.90426,-1.19801
94,-15.3896,0.295277,0.620923
91,-15.3896,0.295277,0.620923
94,-16.8286,2.02763,-0.0511246
91,-16.8286,2.02763,-0.0511246
94,-16.594,3.60863,-1.59314
90,-16.594,3.60863,-1.59314
94,-21.1523,1.18816,-3.28799
90,-21.1523,1.18816,-3.28799
94,-18.348,-0.752312,1.08332
90,-18.348,-0.752312,1.08332
94,-24.3887,-0.0897249,-4.1097
90,-24.3887,-0.0897249,-4.1097
94,-21.1003,2.31067,-3.47671
90,-21.1003,2.31067,-3.47671
94,-17.1304,3.28284,-1.81499
90,-17.1304,3.28284,-1.81499
94,-20.5684,2.27305,-3.33879
90,-20.5684,2.27305,-3.33879
94,-17.9286,-0.693639,1.0666
90,-17.9286,-0.693639,1.0666
94,-15.914,2.71334,-1.53659
90,-15.914,2.71334,-1.53659
94,-10.4194,3.11245,-4.35696
89,-10.4194,3.11245,-4.35696
94,-16.511,3.44,-0.0401964
89,-16.511,3.44,-0.0401964
94,-12.5808,4.69026,-1.27984
89,-12.5808,4.69026,-1.27984
94,-12.033,4.94429,1.02194
89,-12.033,4.94429,1.02194
94,-15.6291,2.6009,-3.3298
89,-15.6291,2.6009,-3.3298
94,-20.6915,5.25726,-4.38608
86,-20.6915,5.25726,-4.38608
95,-8.42571,-0.628117,-1.80287
95,-8.44961,-0.633397,-1.81658
95,-8.87959,-0.651376,-1.90415
95,-8.74708,-0.475285,-2.25924
95,-8.88972,-0.787258,-1.94747
95,-8.90055,-0.813757,-1.96066
95,-9.85207,-2.08098,-0.0383294
95,-9.85789,-2.0782,-0.0429629
95,-8.98023,-0.499344,-2.08288
95,-9.06233,-0.508138,-2.1663
95,-8.97664,1.18627,-2.45339
95,-9.03637,0.826683,-2.51314
95,-8.98795,1.60286,-2.92612
95,-9.26459,1.23392,-2.29359
95,-9.22085,0.408228,-2.48769
95,-9.17192,2.08144,-2.47802
95,-9.31692,0.711256,-2.4586
95,-9.32301,0.709065,-2.45505
95,-9.18388,0.460197,-3.01216
95,-9.3683,2.10056,-2.45339
95,-9.36383,1.41642,-2.56186
95,-9.65817,0.61702,-2.53647
95,-9.89117,-0.439161,-2.16659
95,-10.1769,-0.589512,-1.89951
95,-9.86936,2.34565,-2.49908
95,-10.0801,-0.202841,-2.6584
95,-10.164,1.12808,-2.48048
95,-10.1379,-0.217896,-2.6972
95,-10.16,-0.223066,-2.71398
95,-10.0437,-0.265519,-3.08608
95,-10.1278,2.39251,-2.71976
95,-10.0466,-0.202965,-3.18648
95,-10.3799,4.09564,-2.07709
95,-11.2255,3.78601,-0.103155
95,-10.1909,-0.219765,-3.18912
95,-11.7152,-2.25987,0.27097
95,-10.813,-0.344044,-1.9237
95,-10.2601,-2.57522,-3.60643
95,-10.268,4.00013,-3.02479
95,-10.3069,4.03707,-3.04684
95,-10.3231,4.04206,-3.04843
95,-11.8341,-2.02742,-0.0780144
95,-10.6536,2.1769,-2.62774
95,-12.0817,5.07189,1.08874
95,-10.557,-0.847742,-3.30877
95,-10.8149,4.34943,-2.36005
95,-10.4905,4.1654,-3.18443
95,-12.1731,4.59653,0.635607
95,-11.1327,1.65675,-2.28409
95,-12.1874,4.34792,0.53898
95,-12.213,4.74507,0.557774
95,-11.1871,1.69264,-2.31836
95,-11.0453,-1.95835,-3.17389
95,-11.3306,1.38263,-2.29582
95,-12.394,4.73406,0.628997
95,-10.4986,4.04398,-4.08225
95,-12.4417,4.80706,0.623551
95,-12.4886,4.39523,0.630144
95,-11.3638,1.6856,-2.41226
95,-11.9842,4.94094,-0.735652
95,-13.8257,-0.040108,-1.93987
94,-13.8257,-0.040108,-1.93987
95,-17.0742,1.93479,-3.80365
94,-17.0742,1.93479,-3.80365
95,-17.0706,0.456432,-0.0970364
94,-17.0706,0.456432,-0.0970364
95,-14.7575,1.95987,-3.45175
94,-14.7575,1.95987,-3.45175
95,-13.2543,0.136236,-3.06095
94,-13.2543,0.136236,-3.06095
95,-10.7262,0.01753,-1.86162
94,-10.7262,0.01753,-1.86162
95,-17.3695,-1.32584,-2.83369
94,-17.3695,-1.32584,-2.83369
95,-17.2322,-1.30332,-1.82518
94,-17.2322,-1.30332,-1.82518
95,-15.5455,-1.48943,-0.992885
94,-15.5455,-1.48943,-0.992885
95,-14.3402,-1.04735,-0.0252104
94,-14.3402,-1.04735,-0.0252104
95,-8.9599,0.481393,-2.37511
94,-8.9599,0.481393,-2.37511
95,-13.3615,0.636562,-3.12581
94,-13.3615,0.636562,-3.12581
95,-12.4254,0.218933,-3.60789
94,-12.4254,0.218933,-3.60789
95,-15.4851,5.00101,-2.98586
94,-15.4851,5.00101,-2.98586
95,-17.1325,1.8309,-1.84864
94,-17.1325,1.8309,-1.84864
95,-16.4674,4.21494,0.131054
94,-16.4674,4.21494,0.131054
95,-17.7672,2.55694,-0.00241608
94,-17.7672,2.55694,-0.00241608
95,-8.87576,1.64955,-2.21018
94,-8.87576,1.64955,-2.21018
95,-17.5238,5.15875,-4.50357
94,-17.5238,5.15875,-4.50357
95,-15.1673,5.16495,-3.66064
94,-15.1673,5.16495,-3.66064
95,-15.503,-1.93193,-2.12754
94,-15.503,-1.93193,-2.12754
95,-15.876,5.17023,-3.13855
94,-15.876,5.17023,-3.13855
95,-10.8573,1.12221,-2.20509
94,-10.8573,1.12221,-2.20509
95,-18.2037,5.10542,-2.31266
94,-18.2037,5.10542,-2.31266
95,-15.6079,4.33537,-0.131791
94,-15.6079,4.33537,-0.131791
95,-16.0549,3.13841,-2.62886
94,-16.0549,3.13841,-2.62886
95,-12.8103,4.03142,0.561486
94,-12.8103,4.03142,0.561486
95,-12.1178,4.48817,-2.07532
94,-12.1178,4.48817,-2.07532
95,-14.9609,1.59236,-1.36461
94,-14.9609,1.59236,-1.36461
95,-12.533,0.213172,-3.67208
94,-12.533,0.213172,-3.67208
95,-12.0038,-1.43723,-3.85433
94,-12.0038,-1.43723,-3.85433
95,-13.6781,-0.878126,-2.27146
94,-13.6781,-0.878126,-2.27146
95,-16.681,4.61692,-1.02464
94,-16.681,4.61692,-1.02464
95,-14.1543,-2.1547,-0.837147
94,-14.1543,-2.1547,-0.837147
95,-17.1904,5.13613,-3.54521
94,-17.1904,5.13613,-3.54521
95,-15.4264,0.262938,-3.38568
94,-15.4264,0.262938,-3.38568
95,-16.0945,0.401772,-0.862887
94,-16.0945,0.401772,-0.862887
95,-12.5998,-1.54833,-3.33563
94,-12.5998,-1.54833,-3.33563
95,-12.5192,4.25816,1.1638
94,-12.5192,4.25816,1.1638
95,-13.403,4.30203,0.557973
94,-13.403,4.30203,0.557973
95,-14.9015,4.99552,-3.51779
94,-14.9015,4.99552,-3.51779
95,-13.6128,-0.875831,-2.25259
94,-13.6128,-0.875831,-2.25259
95,-11.4882,0.261095,-3.03212
94,-11.4882,0.261095,-3.03212
95,-12.5779,-1.0377,-2.3816
94,-12.5779,-1.0377,-2.3816
95,-12.9868,1.065,-2.45066
94,-12.9868,1.065,-2.45066
95,-12.7019,5.00742,-4.56604
94,-12.7019,5.00742,-4.56604
95,-16.4212,4.57074,-4.23571
94,-16.4212,4.57074,-4.23571
95,-14.2427,4.85241,-5.24533
94,-14.2427,4.85241,-5.24533
95,-17.8476,5.02539,-1.18363
94,-17.8476,5.02539,-1.18363
95,-11.8071,-0.995858,-2.11613
94,-11.8071,-0.995858,-2.11613
95,-17.4799,0.971796,0.503956
94,-17.4799,0.971796,0.503956
95,-17.9737,-1.41403,-2.27811
94,-17.9737,-1.41403,-2.27811
95,-14.5661,-2.53147,-1.43537
94,-14.5661,-2.53147,-1.43537
95,-15.6512,2.60384,-1.4977
94,-15.6512,2.60384,-1.4977
95,-16.5446,0.42518,-0.0191171
94,-16.5446,0.42518,-0.0191171
95,-13.4887,1.0913,-2.6616
94,-13.4887,1.0913,-2.6616
95,-10.8237,-0.381782,-1.91338
94,-10.8237,-0.381782,-1.91338
95,-10.9679,1.13218,-2.26305
94,-10.9679,1.13218,-2.26305
95,-15.8855,5.85762,0.178282
94,-15.8855,5.85762,0.178282
95,-12.8236,4.33543,-1.01561
94,-12.8236,4.33543,-1.01561
95,-15.2412,2.60752,-2.18083
94,-15.2412,2.60752,-2.18083
95,-15.0832,4.29099,-2.79219
94,-15.0832,4.29099,-2.79219
95,-11.8369,-1.35746,-3.8245
94,-11.8369,-1.35746,-3.8245
95,-8.52565,-0.668837,-1.89605
94,-8.52565,-0.668837,-1.89605
95,-13.4447,-3.99908,-4.50655
94,-13.4447,-3.99908,-4.50655
95,-14.6786,-1.11698,-0.0304478
94,-14.6786,-1.11698,-0.0304478
95,-16.1572,-4.9519,-1.96557
94,-16.1572,-4.9519,-1.96557
95,-15.1866,-4.59353,-1.5782
94,-15.1866,-4.59353,-1.5782
95,-16.504,-5.15127,-2.02565
94,-16.504,-5.15127,-2.02565
95,-13.9903,1.56039,-0.553241
94,-13.9903,1.56039,-0.553241
95,-15.2711,5.18001,0.53646
94,-15.2711,5.18001,0.53646
95,-14.9132,3.02443,0.119656
94,-14.9132,3.02443,0.119656
95,-13.0735,-3.75713,-4.02828
94,-13.0735,-3.75713,-4.02828
95,-15.5011,-5.04965,1.0442
94,-15.5011,-5.04965,1.0442
95,-13.4008,-2.03809,-0.0993431
94,-13.4008,-2.03809,-0.0993431
95,-16.2634,-3.84754,0.550676
94,-16.2634,-3.84754,0.550676
95,-15.2493,-5.29827,-2.22165
94,-15.2493,-5.29827,-2.22165
95,-16.7844,-1.26016,-2.01951
94,-16.7844,-1.26016,-2.01951
95,-15.478,5.60948,0.255557
94,-15.478,5.60948,0.255557
95,-17.728,3.13319,-2.90629
94,-17.728,3.13319,-2.90629
95,-11.6024,-1.32194,-3.61359
94,-11.6024,-1.32194,-3.61359
95,-20.5754,0.100452,-3.01772
94,-20.5754,0.100452,-3.01772
95,-16.0476,3.19374,0.907858
94,-16.0476,3.19374,0.907858
95,-13.0156,-3.93388,-2.78424
94,-13.0156,-3.93388,-2.78424
95,-11.5339,1.05765,-2.53228
94,-11.5339,1.05765,-2.53228
95,-15.091,-1.65962,-2.36479
94,-15.091,-1.65962,-2.36479
95,-14.4047,2.38771,-2.85048
94,-14.4047,2.38771,-2.85048
95,-13.1242,-3.83273,-4.13183
94,-13.1242,-3.83273,-4.13183
95,-11.3094,-1.27698,-3.39999
94,-11.3094,-1.27698,-3.39999
95,-16.0609,0.9825,-2.10954
94,-16.0609,0.9825,-2.10954
95,-15.2074,0.331891,-1.72218
94,-15.2074,0.331891,-1.72218
95,-19.2235,3.38576,-2.17705
94,-19.2235,3.38576,-2.17705
95,-11.5351,0.581947,-3.08997
94,-11.5351,0.581947,-3.08997
95,-9.46015,-0.541707,-3.14181
93,-9.46015,-0.541707,-3.14181
95,-16.4446,0.798145,-0.389964
93,-16.4446,0.798145,-0.389964
95,-17.5249,-1.37045,-2.17774
93,-17.5249,-1.37045,-2.17774
95,-19.5358,-0.740364,-1.35404
93,-19.5358,-0.740364,-1.35404
95,-13.3976,2.38065,-3.21117
93,-13.3976,2.38065,-3.21117
95,-14.7376,-1.11875,-0.0460119
93,-14.7376,-1.11875,-0.0460119
95,-17.1108,1.3239,-0.412902
93,-17.1108,1.3239,-0.412902
95,-15.8082,-0.411039,-1.48648
93,-15.8082,-0.411039,-1.48648
95,-17.8648,5.0079,-0.705303
93,-17.8648,5.0079,-0.705303
95,-16.7263,-0.427043,-0.941395
93,-16.7263,-0.427043,-0.941395
95,-10.8334,0.525022,-2.64693
93,-10.8334,0.525022,-2.64693
95,-16.723,3.76025,-0.261707
93,-16.723,3.76025,-0.261707
95,-12.3376,4.91119,0.625485
93,-12.3376,4.91119,0.625485
95,-11.807,-0.0129542,-2.91383
93,-11.807,-0.0129542,-2.91383
95,-10.4225,-0.289663,-2.45711
93,-10.4225,-0.289663,-2.45711
95,-13.2024,-0.108639,-2.33657
93,-13.2024,-0.108639,-2.33657
95,-10.5312,3.55927,-3.97941
93,-10.5312,3.55927,-3.97941
95,-9.84462,-0.440068,-1.89882
93,-9.84462,-0.440068,-1.89882
95,-12.262,-0.00351407,-1.97519
93,-12.262,-0.00351407,-1.97519
95,-17.4605,3.71369,0.488788
93,-17.4605,3.71369,0.488788
95,-13.7071,-1.40146,1.1516
93,-13.7071,-1.40146,1.1516
95,-14.5736,-1.86755,-1.20851
93,-14.5736,-1.86755,-1.20851
95,-9.72128,-2.2221,-3.12674
93,-9.72128,-2.2221,-3.12674
95,-12.7263,-2.11781,0.0848541
93,-12.7263,-2.11781,0.0848541
95,-16.3853,-2.37766,-1.56856
93,-16.3853,-2.37766,-1.56856
95,-16.8666,4.77081,0.823547
93,-16.8666,4.77081,0.823547
95,-14.8156,5.34512,-4.45053
93,-14.8156,5.34512,-4.45053
95,-14.2331,0.379698,-1.49076
93,-14.2331,0.379698,-1.49076
95,-17.0756,4.84552,-4.63254
93,-17.0756,4.84552,-4.63254
95,-8.89349,1.92716,-2.37793
93,-8.89349,1.92716,-2.37793
95,-13.8206,-4.26412,-3.86772
93,-13.8206,-4.26412,-3.86772
95,-9.33096,0.416959,-2.55199
93,-9.33096,0.416959,-2.55199
95,-9.8545,-0.334623,0.554395
93,-9.8545,-0.334623,0.554395
95,-10.1046,3.84092,-1.95868
93,-10.1046,3.84092,-1.95868
95,-20.7946,6.10129,-4.21157
92,-20.7946,6.10129,-4.21157
95,-20.7269,6.08008,-4.17927
92,-20.7269,6.08008,-4.17927
95,-14.4637,-0.0172345,0.429797
92,-14.4637,-0.0172345,0.429797
95,-17.9536,1.49112,0.389518
92,-17.9536,1.49112,0.389518
95,-16.5265,-0.33355,-1.45712
92,-16.5265,-0.33355,-1.45712
95,-12.1245,0.871285,-3.22126
92,-12.1245,0.871285,-3.22126
95,-18.0041,1.36104,-3.4808
92,-18.0041,1.36104,-3.4808
95,-17.6057,3.08351,-1.07115
92,-17.6057,3.08351,-1.07115
95,-17.2038,1.33149,-3.22401
92,-17.2038,1.33149,-3.22401
95,-8.43478,-0.63036,-1.79907
92,-8.43478,-0.63036,-1.79907
95,-18.0787,3.11702,-2.02694
92,-18.0787,3.11702,-2.02694
95,-14.8513,1.97191,-3.22434
92,-14.8513,1.97191,-3.22434
95,-13.8052,4.3457,-4.3765
92,-13.8052,4.3457,-4.3765
95,-15.5941,-3.58408,-2.63166
92,-15.5941,-3.58408,-2.63166
95,-14.9273,-3.31768,-1.50959
92,-14.9273,-3.31768,-1.50959
95,-21.2703,2.38438,-3.53221
91,-21.2703,2.38438,-3.53221
95,-21.8404,5.76596,-4.61096
91,-21.8404,5.76596,-4.61096
95,-14.2431,4.26514,0.99125
91,-14.2431,4.26514,0.99125
95,-17.6946,3.44346,0.572188
91,-17.6946,3.44346,0.572188
95,-14.1364,3.95356,0.784242
91,-14.1364,3.95356,0.784242
95,-16.8328,4.82134,0.822864
91,-16.8328,4.82134,0.822864
95,-16.7402,3.62204,-1.2944
90,-16.7402,3.62204,-1.2944
95,-17.0653,2.90028,-0.687512
90,-17.0653,2.90028,-0.687512
95,-16.6949,0.6087,-0.11907
89,-16.6949,0.6087,-0.11907
96,-8.39164,-0.392902,-1.49671
96,-8.66329,-0.497472,-1.67295
96,-8.7607,-0.486869,-2.34877
96,-8.93313,-0.468017,-2.09209
96,-9.03061,-0.508348,-2.12372
96,-9.07153,-0.526945,-2.17098
96,-8.94167,1.57415,-2.46265
96,-9.01845,1.19856,-2.54464
96,-9.11728,0.413957,-2.4439
96,-9.02195,1.57747,-2.57536
96,-9.16869,0.405484,-2.47312
96,-9.12859,1.99691,-2.68258
96,-9.20994,3.73918,-2.31729
96,-9.21924,2.10994,-2.54716
96,-9.36566,0.76041,-2.46647
96,-9.39295,0.602744,-2.49306
96,-9.40453,0.758309,-2.52102
96,-9.45043,1.45588,-2.48121
96,-10.7624,-2.19119,0.263234
96,-9.48935,0.793532,-2.57728
96,-9.55675,0.648063,-2.43269
96,-9.50278,2.14836,-2.56496
96,-10.7947,-2.07033,0.0233389
96,-9.99958,-0.484652,-2.01633
96,-9.73892,1.25535,-2.46721
96,-10.0314,-0.299777,-2.34808
96,-10.1761,-1.15241,-2.3042
96,-10.0201,2.1717,-2.43386
96,-10.1836,-0.356833,-2.33696
96,-9.96842,2.38594,-2.57182
96,-10.2756,-1.19075,-2.38245
96,-10.0919,2.21346,-2.46085
96,-10.143,-0.210438,-2.67252
96,-10.1426,-0.2497,-2.9751
96,-10.4688,-0.233945,-2.24774
96,-10.1381,2.45381,-2.73536
96,-10.1621,-0.248763,-3.00221
96,-10.2556,1.99788,-2.5267
96,-10.2985,1.16704,-2.56596
96,-10.1755,2.4481,-2.72748
96,-10.319,1.15894,-2.58345
96,-10.4454,0.529822,-2.4008
96,-10.279,2.25298,-2.62539
96,-11.0254,4.62731,-0.841742
96,-10.5004,2.16665,-2.53849
96,-10.8807,-0.388917,-1.95042
96,-10.9687,-0.361785,-2.0196
96,-11.0404,-0.375365,-2.00546
96,-10.6051,-2.06204,-3.4025
96,-11.1334,-0.346658,-2.12452
96,-10.6581,-0.867365,-3.39296
96,-10.5313,4.22668,-3.36543
96,-11.1223,1.63088,-2.27365
96,-12.246,4.24664,0.659377
96,-12.2727,4.26534,0.625126
96,-10.7808,4.44747,-2.99714
96,-10.8163,4.43821,-2.99081
96,-11.2625,1.30161,-2.29561
96,-12.3486,4.70755,0.620197
96,-11.333,1.30975,-2.33279
96,-12.7625,-3.36171,0.518664
96,-11.4165,1.36037,-2.20621
96,-10.479,3.48532,-4.36327
96,-11.2202,2.00494,-2.77555
96,-10.4861,3.76774,-4.40132
96,-11.2678,2.01717,-2.7887
96,-11.2949,2.0108,-2.80118
96,-11.5042,1.80519,-2.32096
96,-10.55,3.53037,-4.43436
96,-11.6197,-0.0692842,-2.27354
96,-11.5436,-0.0949793,-2.47279
96,-10.5797,3.1668,-4.47152
96,-12.7134,5.235,0.914623
96,-12.9948,-3.46751,0.515844
96,-12.0906,4.9865,-0.773688
96,-11.8385,-1.00487,-2.13043
96,-11.8353,-0.996774,-2.1418
96,-11.5567,1.19269,-2.58038
96,-11.3611,1.58309,-3.04827
96,-16.6271,0.860946,-0.218712
94,-16.6271,0.860946,-0.218712
96,-12.7275,-0.034243,-2.51906
94,-12.7275,-0.034243,-2.51906
96,-15.0776,4.82026,-2.85978
94,-15.0776,4.82026,-2.85978
96,-9.92957,-0.435864,-1.80694
94,-9.92957,-0.435864,-1.80694
96,-20.6339,5.29126,-4.39609
94,-20.6339,5.29126,-4.39609
96,-19.5302,6.0626,-4.40341
94,-19.5302,6.0626,-4.40341
96,-22.338,2.46706,-3.83379
94,-22.338,2.46706,-3.83379
96,-16.8017,5.49923,-5.69763
94,-16.8017,5.49923,-5.69763
96,-11.7585,4.09741,-2.71445
94,-11.7585,4.09741,-2.71445
96,-9.73138,1.2767,-2.37801
94,-9.73138,1.2767,-2.37801
96,-11.7743,-0.0753887,-3.68497
94,-11.7743,-0.0753887,-3.68497
96,-17.5857,1.74679,-1.83958
94,-17.5857,1.74679,-1.83958
96,-14.6912,1.76071,-3.07263
94,-14.6912,1.76071,-3.07263
96,-11.5768,0.0406606,-2.34599
94,-11.5768,0.0406606,-2.34599
96,-16.6429,3.45962,0.573638
94,-16.6429,3.45962,0.573638
96,-27.2534,-0.109166,-4.5524
94,-27.2534,-0.109166,-4.5524
96,-16.3791,0.394969,-0.905885
94,-16.3791,0.394969,-0.905885
96,-17.0639,-0.161366,-2.97337
94,-17.0639,-0.161366,-2.97337
96,-16.367,4.54689,-4.22712
94,-16.367,4.54689,-4.22712
96,-22.4325,-1.72102,-3.30756
94,-22.4325,-1.72102,-3.30756
96,-14.4592,4.20443,0.476783
94,-14.4592,4.20443,0.476783
96,-12.638,-0.0193093,-2.87261
94,-12.638,-0.0193093,-2.87261
96,-14.1461,1.8431,-3.16874
94,-14.1461,1.8431,-3.16874
96,-12.6373,4.88,-0.314067
94,-12.6373,4.88,-0.314067
96,-17.1467,2.99753,-1.01078
94,-17.1467,2.99753,-1.01078
96,-11.5152,-0.0688668,-3.52803
94,-11.5152,-0.0688668,-3.52803
96,-12.3068,-3.31152,-3.55621
94,-12.3068,-3.31152,-3.55621
96,-16.284,-4.32631,-3.33972
94,-16.284,-4.32631,-3.33972
96,-24.065,-0.0014769,-3.8068
94,-24.065,-0.0014769,-3.8068
96,-15.6462,-4.82479,-1.6538
94,-15.6462,-4.82479,-1.6538
96,-15.7694,4.83803,-0.249431
94,-15.7694,4.83803,-0.249431
96,-15.901,-2.71504,-2.93105
94,-15.901,-2.71504,-2.93105
96,-15.8549,-3.72245,-1.96949
94,-15.8549,-3.72245,-1.96949
96,-14.1972,-4.10426,-4.57333
94,-14.1972,-4.10426,-4.57333
96,-17.1614,-4.78752,1.03122
94,-17.1614,-4.78752,1.03122
96,-16.4012,0.435442,0.0852315
94,-16.4012,0.435442,0.0852315
96,-18.2727,1.23659,-3.51354
94,-18.2727,1.23659,-3.51354
96,-15.5375,0.468384,-1.40768
94,-15.5375,0.468384,-1.40768
96,-12.0515,0.0973499,-1.43494
94,-12.0515,0.0973499,-1.43494
96,-15.5755,2.4951,-0.0788299
94,-15.5755,2.4951,-0.0788299
96,-13.2559,-0.0609605,-2.53787
95,-13.2559,-0.0609605,-2.53787
96,-16.975,0.479317,-0.0989503
95,-16.975,0.479317,-0.0989503
96,-16.5722,2.70853,-3.64147
95,-16.5722,2.70853,-3.64147
96,-17.3343,-0.555478,-1.85444
95,-17.3343,-0.555478,-1.85444
96,-21.7753,-1.41725,-3.18779
95,-21.7753,-1.41725,-3.18779
96,-15.7309,-1.38127,-1.16309
95,-15.7309,-1.38127,-1.16309
96,-12.6992,0.32627,-2.26432
95,-12.6992,0.32627,-2.26432
96,-12.7272,0.909552,-3.34991
95,-12.7272,0.909552,-3.34991
96,-19.7156,7.18822,-2.91767
95,-19.7156,7.18822,-2.91767
96,-20.7812,4.28379,-4.12109
95,-20.7812,4.28379,-4.12109
96,-18.1137,1.41263,-0.514275
95,-18.1137,1.41263,-0.514275
96,-17.215,2.12245,0.0242718
95,-17.215,2.12245,0.0242718
96,-17.4317,2.49605,0.0140322
95,-17.4317,2.49605,0.0140322
96,-13.5077,4.30011,-0.0791034
95,-13.5077,4.30011,-0.0791034
96,-15.9452,-2.00502,-2.25935
95,-15.9452,-2.00502,-2.25935
96,-15.7999,-2.63525,-4.30649
95,-15.7999,-2.63525,-4.30649
96,-14.584,4.19723,0.579604
95,-14.584,4.19723,0.579604
96,-12.1081,4.03409,-2.9959
95,-12.1081,4.03409,-2.9959
96,-15.8907,-2.69509,-2.98891
95,-15.8907,-2.69509,-2.98891
96,-20.814,1.18434,-3.17426
95,-20.814,1.18434,-3.17426
96,-8.89467,-0.444947,-2.06891
95,-8.89467,-0.444947,-2.06891
96,-16.9211,-0.469371,-0.991206
95,-16.9211,-0.469371,-0.991206
96,-16.9626,2.97909,-2.3824
95,-16.9626,2.97909,-2.3824
96,-13.8055,1.06382,-3.30873
95,-13.8055,1.06382,-3.30873
96,-14.514,0.984579,-3.06959
95,-14.514,0.984579,-3.06959
96,-12.2216,0.874882,-3.27537
95,-12.2216,0.874882,-3.27537
96,-12.1938,-1.40289,-3.27196
95,-12.1938,-1.40289,-3.27196
96,-13.2745,-1.94832,-3.80557
95,-13.2745,-1.94832,-3.80557
96,-13.2532,-2.22565,-3.64307
95,-13.2532,-2.22565,-3.64307
96,-13.627,4.54019,-2.25013
95,-13.627,4.54019,-2.25013
96,-16.7383,2.8338,-1.79204
95,-16.7383,2.8338,-1.79204
96,-11.392,1.10956,-2.18242
95,-11.392,1.10956,-2.18242
96,-11.7955,-0.0734829,-2.37042
95,-11.7955,-0.0734829,-2.37042
96,-12.3752,-0.218693,-1.85506
95,-12.3752,-0.218693,-1.85506
96,-12.4874,4.58775,-1.24011
95,-12.4874,4.58775,-1.24011
96,-18.6422,-3.98718,-3.466
95,-18.6422,-3.98718,-3.466
96,-12.3152,5.01835,0.611447
95,-12.3152,5.01835,0.611447
96,-14.6621,4.37643,-2.841
95,-14.6621,4.37643,-2.841
96,-12.233,5.11963,-2.22397
95,-12.233,5.11963,-2.22397
96,-15.6971,3.59434,-4.82028
95,-15.6971,3.59434,-4.82028
96,-15.3401,5.56078,0.194166
95,-15.3401,5.56078,0.194166
96,-13.3781,-2.27578,-3.68819
95,-13.3781,-2.27578,-3.68819
96,-19.2043,-4.18263,-3.64366
95,-19.2043,-4.18263,-3.64366
96,-14.7051,4.91839,0.547097
95,-14.7051,4.91839,0.547097
96,-16.2121,4.52435,0.807534
95,-16.2121,4.52435,0.807534
96,-13.1532,3.54969,0.874979
95,-13.1532,3.54969,0.874979
96,-13.8005,4.83945,-1.23006
95,-13.8005,4.83945,-1.23006
96,-16.8438,3.62941,-1.28384
95,-16.8438,3.62941,-1.28384
96,-11.5726,0.284181,-3.37493
95,-11.5726,0.284181,-3.37493
96,-13.3409,-2.26566,-3.69164
95,-13.3409,-2.26566,-3.69164
96,-10.8185,-2.07741,0.0100681
95,-10.8185,-2.07741,0.0100681
96,-13.8287,-2.34823,0.491321
95,-13.8287,-2.34823,0.491321
96,-14.6579,-3.08793,0.47766
95,-14.6579,-3.08793,0.47766
96,-13.098,-2.17053,-3.53971
95,-13.098,-2.17053,-3.53971
96,-14.0114,4.63858,-2.6236
95,-14.0114,4.63858,-2.6236
96,-18.1586,4.01218,-3.00835
95,-18.1586,4.01218,-3.00835
96,-10.9929,-0.0164817,-3.12412
95,-10.9929,-0.0164817,-3.12412
96,-16.0288,2.74588,-0.82514
95,-16.0288,2.74588,-0.82514
96,-17.0087,0.170136,0.0988167
95,-17.0087,0.170136,0.0988167
96,-15.2818,4.1748,0.794226
95,-15.2818,4.1748,0.794226
96,-12.406,-1.47726,-3.35432
95,-12.406,-1.47726,-3.35432
96,-18.5405,0.193691,-2.47592
95,-18.5405,0.193691,-2.47592
96,-16.8958,1.81591,-0.0921214
95,-16.8958,1.81591,-0.0921214
96,-16.6205,2.86445,-2.59607
95,-16.6205,2.86445,-2.59607
96,-12.1285,-1.4242,-3.20328
95,-12.1285,-1.4242,-3.20328
96,-12.0171,-1.03473,-2.20654
95,-12.0171,-1.03473,-2.20654
96,-16.128,4.97731,-0.291301
95,-16.128,4.97731,-0.291301
96,-15.3307,-1.49238,-0.939062
95,-15.3307,-1.49238,-0.939062
96,-14.5712,4.82694,-2.77011
95,-14.5712,4.82694,-2.77011
96,-12.457,0.0706682,-2.19185
93,-12.457,0.0706682,-2.19185
96,-13.6196,-0.238799,-2.05313
93,-13.6196,-0.238799,-2.05313
96,-15.3607,2.37432,-3.364
93,-15.3607,2.37432,-3.364
96,-15.1756,-1.09912,-1.06806
93,-15.1756,-1.09912,-1.06806
96,-15.6639,3.25895,0.0120147
93,-15.6639,3.25895,0.0120147
96,-13.3394,-0.200658,-1.95103
93,-13.3394,-0.200658,-1.95103
96,-15.3889,5.09731,-3.08926
93,-15.3889,5.09731,-3.08926
96,-11.0014,3.81125,-4.37418
93,-11.0014,3.81125,-4.37418
96,-16.2396,3.34138,0.0138518
93,-16.2396,3.34138,0.0138518
96,-11.7621,-3.66563,-3.23432
93,-11.7621,-3.66563,-3.23432
96,-9.57875,3.48875,-2.67817
93,-9.57875,3.48875,-2.67817
96,-17.3389,0.229206,-2.3052
93,-17.3389,0.229206,-2.3052
96,-13.0285,-3.8222,-3.48413
93,-13.0285,-3.8222,-3.48413
96,-12.3495,0.0810001,-1.50282
93,-12.3495,0.0810001,-1.50282
96,-14.9459,4.35167,0.481815
93,-14.9459,4.35167,0.481815
96,-13.7196,-2.03285,-0.981486
93,-13.7196,-2.03285,-0.981486
96,-15.5361,1.76469,-0.654672
93,-15.5361,1.76469,-0.654672
96,-17.888,0.462574,-1.58143
92,-17.888,0.462574,-1.58143
96,-17.8795,1.99502,-1.49683
92,-17.8795,1.99502,-1.49683
96,-17.0302,2.69139,-0.0507922
92,-17.0302,2.69139,-0.0507922
96,-11.7248,4.52636,-4.69806
92,-11.7248,4.52636,-4.69806
96,-11.6524,4.12018,-4.64346
92,-11.6524,4.12018,-4.64346
96,-14.0776,-0.0650791,0.453483
92,-14.0776,-0.0650791,0.453483
96,-15.5173,-3.54399,-2.60468
92,-15.5173,-3.54399,-2.60468
96,-10.5373,-0.414458,-1.80921
92,-10.5373,-0.414458,-1.80921
96,-18.0129,0.816703,-1.92034
91,-18.0129,0.816703,-1.92034
96,-17.3891,1.92382,-1.65456
91,-17.3891,1.92382,-1.65456
96,-14.4551,4.24588,0.910532
91,-14.4551,4.24588,0.910532
96,-14.348,4.20928,0.907122
91,-14.348,4.20928,0.907122
96,-20.4818,-2.41911,1.21467
91,-20.4818,-2.41911,1.21467
96,-16.3539,-2.98371,-0.341801
91,-16.3539,-2.98371,-0.341801
96,-17.6369,-0.0888249,-0.999866
91,-17.6369,-0.0888249,-0.999866
96,-18.6565,2.14603,-0.138474
91,-18.6565,2.14603,-0.138474
96,-17.2877,3.29565,-1.81984
90,-17.2877,3.29565,-1.81984
96,-16.9425,3.42168,0.980008
90,-16.9425,3.42168,0.980008
96,-15.9167,3.05952,-3.69616
89,-15.9167,3.05952,-3.69616
96,-12.7495,4.37421,-3.35278
89,-12.7495,4.37421,-3.35278
96,-13.2155,4.48795,-0.0355868
86,-13.2155,4.48795,-0.0355868
97,-6.78107,0.785062,0.441107
97,-8.55068,-0.613113,-1.79833
97,-8.84985,-0.439085,-2.02017
97,-8.89421,-0.456216,-2.04416
97,-8.90224,-1.34917,-2.29872
97,-9.10837,0.418073,-2.40474
97,-9.11923,0.395937,-2.42362
97,-9.15732,0.409411,-2.46729
97,-9.09274,1.22892,-2.50162
97,-9.14648,2.06074,-2.47396
97,-9.36366,0.715905,-2.48848
97,-9.38483,0.679602,-2.5059
97,-9.33527,1.42921,-2.55804
97,-9.41682,1.26483,-2.40519
97,-9.38298,2.08846,-2.44957
97,-10.848,-2.19062,0.252681
97,-9.45444,1.46222,-2.49318
97,-9.78016,0.48286,-2.44615
97,-11.0309,-2.03895,0.0204859
97,-11.0343,-2.05067,0.0118182
97,-10.0767,-0.496969,-2.02624
97,-9.95874,-0.425875,-2.33122
97,-10.1051,-0.507116,-2.05846
97,-10.044,-0.448195,-2.24515
97,-9.88457,1.21307,-2.42254
97,-10.305,-0.605295,-1.91628
97,-9.86215,2.35837,-2.53546
97,-10.1287,-0.345173,-2.30409
97,-9.96972,1.23365,-2.4693
97,-10.04,1.23648,-2.48159
97,-9.92979,-0.440304,-3.01598
97,-10.3279,-0.229318,-2.16697
97,-10.1111,-0.204457,-2.66796
97,-9.98754,2.39232,-2.59862
97,-10.218,-1.10287,-2.67466
97,-10.5834,-0.450532,-1.85527
97,-10.3634,-0.27486,-2.40379
97,-10.1973,2.25226,-2.54085
97,-10.3123,2.01686,-2.55936
97,-11.9184,-1.31199,0.673616
97,-10.5339,-1.27909,-2.54662
97,-10.7581,-0.375928,-1.91587
97,-12.1429,-1.38439,0.681031
97,-10.4962,-2.71915,-3.4407
97,-11.0121,-0.369722,-2.0024
97,-10.7154,1.69074,-2.75015
97,-11.1439,-0.649285,-2.09238
97,-10.4496,4.19699,-3.21698
97,-10.6819,-0.869076,-3.39287
97,-10.9171,0.541996,-2.72352
97,-11.076,1.62005,-2.23916
97,-11.0973,1.64006,-2.24715
97,-11.1366,1.65897,-2.2692
97,-12.2922,4.31689,0.770812
97,-11.2552,1.69551,-2.35524
97,-11.1799,-1.98419,-3.26438
97,-12.9487,-3.40785,0.526143
97,-11.2088,1.98981,-2.75571
97,-11.4019,1.19774,-2.51633
97,-11.5254,1.05427,-2.31503
97,-11.4493,1.19482,-2.523
97,-12.1873,5.3579,-0.242599
97,-11.7768,-0.972091,-2.0942
97,-11.7946,-0.996622,-2.11363
97,-11.3358,1.19139,-2.95734
97,-12.0331,5.02109,-0.805787
97,-12.069,5.05128,-0.80533
97,-11.6754,5.07269,-1.74798
97,-11.6528,1.56389,-2.30108
97,-11.4158,1.14616,-2.99173
97,-11.5994,1.74016,-2.52998
97,-12.3501,5.48283,-0.278854
97,-11.4677,-2.14951,-3.44166
97,-11.2059,-0.11112,-3.88756
97,-11.4453,1.69067,-3.14759
97,-11.4427,-0.0697179,-3.45928
97,-11.5203,4.98363,-2.58278
97,-15.9188,-1.59018,-2.51882
96,-15.9188,-1.59018,-2.51882
97,-12.4713,-0.0136109,-2.78103
96,-12.4713,-0.0136109,-2.78103
97,-12.5391,0.185347,-2.41357
96,-12.5391,0.185347,-2.41357
97,-13.7798,-0.0359792,-1.92576
96,-13.7798,-0.0359792,-1.92576
97,-14.9492,2.49452,-3.75534
96,-14.9492,2.49452,-3.75534
97,-15.611,2.49979,-3.26376
96,-15.611,2.49979,-3.26376
97,-15.9784,-1.57798,-1.80537
96,-15.9784,-1.57798,-1.80537
97,-15.8256,-0.949281,-0.88347
96,-15.8256,-0.949281,-0.88347
97,-17.0451,0.634574,-0.153666
96,-17.0451,0.634574,-0.153666
97,-12.1462,0.0147803,-2.76697
96,-12.1462,0.0147803,-2.76697
97,-20.601,5.27576,-4.38208
96,-20.601,5.27576,-4.38208
97,-17.6273,1.64516,-1.23736
96,-17.6273,1.64516,-1.23736
97,-17.1939,2.92416,-1.90687
96,-17.1939,2.92416,-1.90687
97,-21.1669,2.32024,-3.51055
96,-21.1669,2.32024,-3.51055
97,-11.5481,4.39521,-4.53009
96,-11.5481,4.39521,-4.53009
97,-15.6703,-2.75574,-3.38974
96,-15.6703,-2.75574,-3.38974
97,-8.35838,-0.592295,-1.73361
96,-8.35838,-0.592295,-1.73361
97,-11.325,0.138091,-3.9617
96,-11.325,0.138091,-3.9617
97,-20.6546,6.07217,-3.15782
96,-20.6546,6.07217,-3.15782
97,-17.0781,3.73432,-1.38541
96,-17.0781,3.73432,-1.38541
97,-12.0264,-1.34067,-3.14144
96,-12.0264,-1.34067,-3.14144
97,-13.3937,-2.19671,-3.73938
96,-13.3937,-2.19671,-3.73938
97,-12.7126,5.32943,-4.4557
96,-12.7126,5.32943,-4.4557
97,-16.7924,3.1071,0.47055
96,-16.7924,3.1071,0.47055
97,-22.0761,-1.49805,-3.31571
96,-22.0761,-1.49805,-3.31571
97,-13.4826,0.960178,-3.75619
96,-13.4826,0.960178,-3.75619
97,-12.2984,5.0392,-4.14732
96,-12.2984,5.0392,-4.14732
97,-17.6281,0.40235,-1.08464
96,-17.6281,0.40235,-1.08464
97,-14.1688,5.09368,-2.22493
96,-14.1688,5.09368,-2.22493
97,-19.3471,7.95008,-3.10014
96,-19.3471,7.95008,-3.10014
97,-11.959,-1.43122,-3.81844
96,-11.959,-1.43122,-3.81844
97,-10.867,4.44849,-4.08035
96,-10.867,4.44849,-4.08035
97,-18.2882,5.28751,-5.08088
96,-18.2882,5.28751,-5.08088
97,-10.1925,1.12906,-2.49332
96,-10.1925,1.12906,-2.49332
97,-13.3876,-2.27213,-3.70311
96,-13.3876,-2.27213,-3.70311
97,-16.4149,-1.55,1.11873
96,-16.4149,-1.55,1.11873
97,-14.3377,4.733,0.991956
96,-14.3377,4.733,0.991956
97,-16.1152,3.10174,-3.78521
96,-16.1152,3.10174,-3.78521
97,-9.23562,3.86847,-2.50192
96,-9.23562,3.86847,-2.50192
97,-16.3489,3.7327,-5.23485
96,-16.3489,3.7327,-5.23485
97,-16.8804,4.73961,-4.45375
96,-16.8804,4.73961,-4.45375
97,-11.9166,4.86982,0.929079
96,-11.9166,4.86982,0.929079
97,-16.1614,4.09329,0.173537
96,-16.1614,4.09329,0.173537
97,-14.9364,4.86955,-2.90808
96,-14.9364,4.86955,-2.90808
97,-11.8708,-1.00926,-2.15568
96,-11.8708,-1.00926,-2.15568
97,-17.3322,4.0517,-5.7431
96,-17.3322,4.0517,-5.7431
97,-13.9302,-3.2121,0.399744
96,-13.9302,-3.2121,0.399744
97,-16.4304,4.61545,0.816886
96,-16.4304,4.61545,0.816886
97,-12.0089,1.79487,-3.50927
96,-12.0089,1.79487,-3.50927
97,-9.83221,1.08202,-2.23916
96,-9.83221,1.08202,-2.23916
97,-16.2841,-3.86847,-1.75081
96,-16.2841,-3.86847,-1.75081
97,-17.7879,3.87488,-1.44751
96,-17.7879,3.87488,-1.44751
97,-17.3113,0.260283,0.607612
96,-17.3113,0.260283,0.607612
97,-12.492,-0.369373,-2.09827
96,-12.492,-0.369373,-2.09827
97,-12.0599,0.835927,-3.15555
96,-12.0599,0.835927,-3.15555
97,-14.1912,-3.90468,-3.09921
96,-14.1912,-3.90468,-3.09921
97,-8.60357,-0.388257,-1.77077
96,-8.60357,-0.388257,-1.77077
97,-12.7863,4.70697,-3.25612
96,-12.7863,4.70697,-3.25612
97,-16.6751,2.70399,-0.129834
96,-16.6751,2.70399,-0.129834
97,-16.7544,0.471367,-1.74455
94,-16.7544,0.471367,-1.74455
97,-14.6801,-0.669444,-0.455208
94,-14.6801,-0.669444,-0.455208
97,-17.7105,4.96511,-0.71196
94,-17.7105,4.96511,-0.71196
97,-14.3395,4.73156,-0.212949
94,-14.3395,4.73156,-0.212949
97,-15.7664,5.20225,-4.18552
94,-15.7664,5.20225,-4.18552
97,-13.8107,-1.72701,-1.68735
94,-13.8107,-1.72701,-1.68735
97,-16.7544,0.471367,-1.74455
94,-16.7544,0.471367,-1.74455
97,-15.439,5.05496,-4.02302
94,-15.439,5.05496,-4.02302
97,-17.9613,1.0279,-0.52551
94,-17.9613,1.0279,-0.52551
97,-15.478,-0.0436665,-2.48983
94,-15.478,-0.0436665,-2.48983
97,-21.2529,-0.43661,-4.3051
94,-21.2529,-0.43661,-4.3051
97,-13.6452,-2.21196,-1.20773
94,-13.6452,-2.21196,-1.20773
97,-11.8698,4.82733,-2.9694
94,-11.8698,4.82733,-2.9694
97,-12.9307,-1.63299,-3.71968
94,-12.9307,-1.63299,-3.71968
97,-12.979,-1.98345,-1.06036
94,-12.979,-1.98345,-1.06036
97,-12.9051,-3.68489,-4.12903
94,-12.9051,-3.68489,-4.12903
97,-19.6877,2.16776,-3.08028
94,-19.6877,2.16776,-3.08028
97,-16.6714,2.91182,-2.60409
94,-16.6714,2.91182,-2.60409
97,-15.4712,1.7692,-3.8022
95,-15.4712,1.7692,-3.8022
97,-15.4047,2.62359,-3.71126
95,-15.4047,2.62359,-3.71126
97,-11.4459,-1.12799,-3.42886
95,-11.4459,-1.12799,-3.42886
97,-15.1074,4.54896,-0.183446
95,-15.1074,4.54896,-0.183446
97,-17.4117,2.96077,-0.74857
95,-17.4117,2.96077,-0.74857
97,-10.0288,1.6643,-2.46369
95,-10.0288,1.6643,-2.46369
97,-13.5686,4.39055,-4.46508
95,-13.5686,4.39055,-4.46508
97,-10.0209,-1.16374,-2.25758
95,-10.0209,-1.16374,-2.25758
97,-11.3842,0.14455,-3.99359
95,-11.3842,0.14455,-3.99359
97,-12.1062,5.08598,-0.821886
95,-12.1062,5.08598,-0.821886
97,-15.3482,4.32102,0.607144
95,-15.3482,4.32102,0.607144
97,-10.0939,3.79652,-2.9442
95,-10.0939,3.79652,-2.9442
97,-13.624,-2.12046,-0.142348
95,-13.624,-2.12046,-0.142348
97,-15.6855,-3.59803,-1.06245
95,-15.6855,-3.59803,-1.06245
97,-14.9983,-3.23481,0.484818
95,-14.9983,-3.23481,0.484818
97,-15.9308,-5.00994,-2.0957
95,-15.9308,-5.00994,-2.0957
97,-11.5626,4.58373,-2.80693
95,-11.5626,4.58373,-2.80693
97,-10.6755,0.525195,-2.57067
95,-10.6755,0.525195,-2.57067
97,-14.9195,-4.49103,-5.06999
95,-14.9195,-4.49103,-5.06999
97,-12.2772,-4.00448,-2.66611
95,-12.2772,-4.00448,-2.66611
97,-15.7521,-2.70852,-2.82113
95,-15.7521,-2.70852,-2.82113
97,-9.83277,2.83389,-2.62899
95,-9.83277,2.83389,-2.62899
97,-17.1827,-0.0449375,-0.889422
95,-17.1827,-0.0449375,-0.889422
97,-11.2507,0.256586,-3.20325
95,-11.2507,0.256586,-3.20325
97,-13.9094,0.313232,-0.155409
95,-13.9094,0.313232,-0.155409
97,-17.0876,2.97379,-0.775853
93,-17.0876,2.97379,-0.775853
97,-17.0987,0.230007,0.150776
93,-17.0987,0.230007,0.150776
97,-15.0602,-1.41675,-0.90155
93,-15.0602,-1.41675,-0.90155
97,-14.4128,0.693819,-3.48005
93,-14.4128,0.693819,-3.48005
97,-17.5665,-1.97539,-1.30791
93,-17.5665,-1.97539,-1.30791
97,-9.99545,2.11775,-2.49334
93,-9.99545,2.11775,-2.49334
97,-9.55043,1.27388,-2.52745
93,-9.55043,1.27388,-2.52745
97,-12.812,5.1496,-2.41689
93,-12.812,5.1496,-2.41689
97,-17.6749,1.35927,-0.472174
91,-17.6749,1.35927,-0.472174
97,-16.7537,4.2999,0.37764
91,-16.7537,4.2999,0.37764
97,-14.9277,4.42462,0.456287
91,-14.9277,4.42462,0.456287
97,-17.0069,0.213129,0.906847
91,-17.0069,0.213129,0.906847
97,-18.0241,1.03291,-2.49445
91,-18.0241,1.03291,-2.49445
97,-17.9613,1.0311,-2.48678
91,-17.9613,1.0311,-2.48678
97,-17.124,-0.654769,1.00224
91,-17.124,-0.654769,1.00224
97,-17.4471,-0.110635,-1.0187
91,-17.4471,-0.110635,-1.0187
97,-17.2247,1.96175,-0.975882
91,-17.2247,1.96175,-0.975882
97,-12.8152,4.37634,-4.68934
90,-12.8152,4.37634,-4.68934
97,-19.965,4.55882,-3.54345
90,-19.965,4.55882,-3.54345
97,-17.1176,2.29149,0.403079
89,-17.1176,2.29149,0.403079
97,-17.4203,3.0897,0.894784
89,-17.4203,3.0897,0.894784
97,-21.3527,6.34986,-3.28281
88,-21.3527,6.34986,-3.28281
98,-6.73617,0.595302,0.595702
98,-8.77952,-0.490582,-1.99432
98,-9.15941,0.379628,-2.46209
98,-9.22528,2.0877,-2.53056
98,-9.41647,0.570649,-2.31021
98,-9.35637,2.07488,-2.43226
98,-9.29334,1.70199,-2.64434
98,-9.41242,1.50691,-2.45257
98,-9.43364,1.43825,-2.452
98,-9.51854,0.624097,-2.38561
98,-9.45632,1.29698,-2.46061
98,-9.46123,1.28647,-2.45757
98,-9.53027,0.631878,-2.38781
98,-9.54812,0.593774,-2.43978
98,-9.89359,-0.443644,-2.13953
98,-9.8542,-0.446677,-2.26368
98,-9.90485,-0.456405,-2.30045
98,-9.87196,0.452186,-2.43992
98,-9.8982,0.44934,-2.45646
98,-10.2932,-0.614247,-1.87535
98,-11.1786,-2.10783,-0.107131
98,-10.1941,-1.16147,-2.31901
98,-10.2157,-1.16121,-2.34233
98,-10.2199,-1.2071,-2.34422
98,-10.4111,-0.436671,-1.8234
98,-11.4615,-2.15685,0.283187
98,-10.13,-0.22426,-2.67758
98,-9.98581,-0.475333,-3.06908
98,-10.1255,2.21005,-2.48911
98,-10.3333,-0.276981,-2.37149
98,-10.3822,-1.28483,-2.46831
98,-11.6999,-2.25168,0.286236
98,-10.1422,-0.215334,-3.14843
98,-10.1548,2.47166,-2.75997
98,-10.541,-0.24157,-2.2768
98,-10.7468,-0.376309,-1.87867
98,-10.5209,-1.30022,-2.5466
98,-10.3298,2.15355,-2.53607
98,-10.7883,-0.223355,-2.06968
98,-10.3017,2.54913,-2.86308
98,-11.7719,-2.00538,-0.0777477
98,-10.6341,2.15702,-2.60906
98,-10.7085,-1.27039,-3.03406
98,-11.1442,-0.661047,-2.06823
98,-11.2244,-0.395766,-1.86711
98,-11.2513,-0.367421,-1.87535
98,-10.6792,-0.890757,-3.38653
98,-11.2786,-0.394693,-1.90383
98,-11.2746,-0.197645,-2.2958
98,-11.1191,1.94666,-2.67863
98,-12.4512,4.31896,0.67136
98,-12.4389,4.31635,0.630328
98,-11.849,4.75557,-0.701267
98,-11.7169,-0.0778611,-1.94625
98,-11.5118,1.35768,-2.23435
98,-11.2068,1.46201,-2.98606
98,-11.2099,1.45329,-2.99191
98,-11.7594,-0.989758,-2.0571
98,-11.5608,1.27142,-2.23491
98,-13.0384,-3.48027,0.514442
98,-11.307,-1.03034,-3.30944
98,-11.8169,-1.01463,-2.11551
98,-12.6502,4.92711,0.627473
98,-11.6116,1.12129,-2.55254
98,-11.706,1.02419,-2.3791
98,-11.3775,1.50109,-3.11562
98,-11.9154,-0.0611803,-2.08388
98,-12.1631,5.00143,-0.782812
98,-11.5128,1.12002,-3.02437
98,-11.5629,1.14313,-3.03687
98,-11.9657,-0.812754,-2.53838
98,-11.3215,0.139507,-3.92783
98,-11.9312,1.54207,-2.42961
98,-11.1581,-0.153194,-4.49949
98,-11.9665,1.58036,-2.46984
98,-11.6215,-0.0820043,-3.57963
98,-13.0166,0.243698,-3.58508
97,-13.0166,0.243698,-3.58508
98,-13.5781,2.8232,-3.67871
97,-13.5781,2.8232,-3.67871
98,-15.4548,4.80282,-3.58598
97,-15.4548,4.80282,-3.58598
98,-17.7284,0.67188,-2.19305
97,-17.7284,0.67188,-2.19305
98,-16.4181,-1.43374,-2.28292
97,-16.4181,-1.43374,-2.28292
98,-18.9935,4.72998,-3.81688
97,-18.9935,4.72998,-3.81688
98,-16.8037,1.83589,-1.58606
97,-16.8037,1.83589,-1.58606
98,-14.3666,5.22494,-2.24066
97,-14.3666,5.22494,-2.24066
98,-20.4303,8.34789,-3.39282
97,-20.4303,8.34789,-3.39282
98,-14.5217,4.27093,-0.129757
97,-14.5217,4.27093,-0.129757
98,-17.1167,2.82703,-3.85534
97,-17.1167,2.82703,-3.85534
98,-12.5587,0.86784,-3.46778
97,-12.5587,0.86784,-3.46778
98,-12.9637,4.45587,-4.78892
97,-12.9637,4.45587,-4.78892
98,-9.18548,1.4126,-2.42442
97,-9.18548,1.4126,-2.42442
98,-12.1368,0.251886,-3.73133
97,-12.1368,0.251886,-3.73133
98,-17.1864,-1.38866,-2.55801
97,-17.1864,-1.38866,-2.55801
98,-16.5123,-1.46632,-2.56551
97,-16.5123,-1.46632,-2.56551
98,-13.6839,4.83423,-2.01744
97,-13.6839,4.83423,-2.01744
98,-17.9377,6.9695,-2.66665
97,-17.9377,6.9695,-2.66665
98,-17.4505,6.68868,0.0965135
97,-17.4505,6.68868,0.0965135
98,-18.7243,0.0697519,-2.514
97,-18.7243,0.0697519,-2.514
98,-16.1384,-0.0864729,-0.83915
97,-16.1384,-0.0864729,-0.83915
98,-16.6196,5.34271,-3.37686
97,-16.6196,5.34271,-3.37686
98,-16.392,5.97709,-3.22653
97,-16.392,5.97709,-3.22653
98,-13.7529,4.96705,-3.94859
97,-13.7529,4.96705,-3.94859
98,-18.0295,2.20524,-0.0266383
97,-18.0295,2.20524,-0.0266383
98,-20.4646,1.1438,-3.08972
97,-20.4646,1.1438,-3.08972
98,-17.5784,0.996564,-0.47633
97,-17.5784,0.996564,-0.47633
98,-10.102,3.8766,-3.09751
97,-10.102,3.8766,-3.09751
98,-14.4134,4.19569,-0.118133
97,-14.4134,4.19569,-0.118133
98,-16.4411,1.77776,-0.910561
97,-16.4411,1.77776,-0.910561
98,-16.9807,0.414806,0.897054
97,-16.9807,0.414806,0.897054
98,-20.8638,-1.40167,-3.01964
97,-20.8638,-1.40167,-3.01964
98,-13.5012,-2.10819,-0.107582
97,-13.5012,-2.10819,-0.107582
98,-14.822,-2.6183,-1.48932
97,-14.822,-2.6183,-1.48932
98,-13.0651,3.55596,0.504242
97,-13.0651,3.55596,0.504242
98,-9.75275,3.57077,-2.76408
97,-9.75275,3.57077,-2.76408
98,-14.7405,-4.67157,-1.6922
97,-14.7405,-4.67157,-1.6922
98,-17.4111,5.00267,0.855081
97,-17.4111,5.00267,0.855081
98,-15.3125,-5.01748,-1.88047
97,-15.3125,-5.01748,-1.88047
98,-11.4397,-0.0803005,-3.45187
97,-11.4397,-0.0803005,-3.45187
98,-17.4675,2.97468,-1.89047
97,-17.4675,2.97468,-1.89047
98,-15.3989,4.58756,0.474843
97,-15.3989,4.58756,0.474843
98,-9.74095,-0.407905,-2.03159
97,-9.74095,-0.407905,-2.03159
98,-13.4858,-4.15724,-2.86342
97,-13.4858,-4.15724,-2.86342
98,-15.0046,0.765134,-0.215631
97,-15.0046,0.765134,-0.215631
98,-17.554,4.99527,-4.75922
97,-17.554,4.99527,-4.75922
98,-13.4596,-3.76006,-3.39897
97,-13.4596,-3.76006,-3.39897
98,-17.8413,4.70758,0.197157
97,-17.8413,4.70758,0.197157
98,-12.2851,0.83976,-3.26524
97,-12.2851,0.83976,-3.26524
98,-14.6825,3.26098,-4.24774
96,-14.6825,3.26098,-4.24774
98,-11.3103,1.29085,-2.31457
96,-11.3103,1.29085,-2.31457
98,-16.821,-0.137163,-0.956492
96,-16.821,-0.137163,-0.956492
98,-11.6933,0.166569,-4.12031
96,-11.6933,0.166569,-4.12031
98,-18.1781,4.56466,-1.7804
96,-18.1781,4.56466,-1.7804
98,-17.6848,1.36445,-0.463495
96,-17.6848,1.36445,-0.463495
98,-17.2605,6.30408,-1.26411
96,-17.2605,6.30408,-1.26411
98,-17.4535,-0.526881,-1.05855
96,-17.4535,-0.526881,-1.05855
98,-17.9152,1.68331,-1.28839
96,-17.9152,1.68331,-1.28839
98,-12.3297,0.855733,-3.32104
96,-12.3297,0.855733,-3.32104
98,-21.0293,-0.135443,-3.58822
96,-21.0293,-0.135443,-3.58822
98,-13.6084,-1.17997,0.457306
96,-13.6084,-1.17997,0.457306
98,-17.0936,1.57173,-1.17165
96,-17.0936,1.57173,-1.17165
98,-17.548,0.561329,-0.304018
96,-17.548,0.561329,-0.304018
98,-17.7065,0.779181,-0.197886
96,-17.7065,0.779181,-0.197886
98,-17.3245,3.04528,-2.46301
96,-17.3245,3.04528,-2.46301
98,-15.7927,2.66832,-0.790003
96,-15.7927,2.66832,-0.790003
98,-24.4159,4.33393,-2.13104
96,-24.4159,4.33393,-2.13104
98,-10.7654,1.46207,-2.68061
96,-10.7654,1.46207,-2.68061
98,-12.5603,4.59047,-1.24886
96,-12.5603,4.59047,-1.24886
98,-16.8341,3.60828,-1.27286
96,-16.8341,3.60828,-1.27286
98,-15.8322,-3.80832,-1.73596
96,-15.8322,-3.80832,-1.73596
98,-14.6899,-2.5786,-1.44404
96,-14.6899,-2.5786,-1.44404
98,-15.9702,5.19679,-3.63097
96,-15.9702,5.19679,-3.63097
98,-18.915,1.46719,-3.71191
96,-18.915,1.46719,-3.71191
98,-16.0965,-3.8274,-1.98638
96,-16.0965,-3.8274,-1.98638
98,-17.5236,4.98596,-4.79627
96,-17.5236,4.98596,-4.79627
98,-15.0232,-4.55736,-1.69366
96,-15.0232,-4.55736,-1.69366
98,-13.9351,-1.6038,-1.67228
96,-13.9351,-1.6038,-1.67228
98,-10.0292,-0.212913,-3.15949
95,-10.0292,-0.212913,-3.15949
98,-21.2392,1.59873,-4.54262
95,-21.2392,1.59873,-4.54262
98,-9.21509,1.74389,-2.49375
95,-9.21509,1.74389,-2.49375
98,-11.2397,-0.130124,-3.84135
95,-11.2397,-0.130124,-3.84135
98,-10.1454,-0.300916,-1.97306
95,-10.1454,-0.300916,-1.97306
98,-16.8595,2.84562,-1.77422
95,-16.8595,2.84562,-1.77422
98,-13.7629,4.46173,-4.59879
95,-13.7629,4.46173,-4.59879
98,-17.2145,4.77207,-1.06611
95,-17.2145,4.77207,-1.06611
98,-12.6609,4.88796,-0.324727
95,-12.6609,4.88796,-0.324727
98,-19.6376,1.49575,-3.99706
95,-19.6376,1.49575,-3.99706
98,-14.7798,-4.29856,-3.16473
95,-14.7798,-4.29856,-3.16473
98,-10.6043,-1.62307,-2.75275
95,-10.6043,-1.62307,-2.75275
98,-12.8566,-1.62404,-3.63421
95,-12.8566,-1.62404,-3.63421
98,-16.0349,3.08741,-3.74721
94,-16.0349,3.08741,-3.74721
98,-15.8802,-0.899849,-2.71453
94,-15.8802,-0.899849,-2.71453
98,-15.3068,-1.44421,-0.948169
94,-15.3068,-1.44421,-0.948169
98,-16.6491,1.65331,-1.62397
94,-16.6491,1.65331,-1.62397
98,-16.8176,2.24638,-0.945682
94,-16.8176,2.24638,-0.945682
98,-10.0813,1.67833,-2.50151
94,-10.0813,1.67833,-2.50151
98,-15.152,4.56823,-4.52149
94,-15.152,4.56823,-4.52149
98,-11.8651,-0.110326,-3.7574
94,-11.8651,-0.110326,-3.7574
98,-16.7614,3.33224,0.959316
94,-16.7614,3.33224,0.959316
98,-12.4324,4.90685,-2.24087
94,-12.4324,4.90685,-2.24087
98,-16.6677,-3.31149,-2.86319
94,-16.6677,-3.31149,-2.86319
98,-16.441,3.25435,0.956639
94,-16.441,3.25435,0.956639
98,-14.5964,-1.36779,-0.801559
94,-14.5964,-1.36779,-0.801559
98,-17.4534,1.17998,-3.26085
94,-17.4534,1.17998,-3.26085
98,-20.941,4.67386,-3.49416
94,-20.941,4.67386,-3.49416
98,-18.2084,0.373298,-1.84442
93,-18.2084,0.373298,-1.84442
98,-17.2138,3.18825,-1.50152
93,-17.2138,3.18825,-1.50152
98,-12.3413,4.46052,0.437148
93,-12.3413,4.46052,0.437148
98,-17.0313,4.38092,0.151978
93,-17.0313,4.38092,0.151978
98,-14.922,-4.52808,-1.67508
93,-14.922,-4.52808,-1.67508
98,-13.0728,4.28556,0.591176
93,-13.0728,4.28556,0.591176
98,-21.2184,5.58581,-4.41628
91,-21.2184,5.58581,-4.41628
98,-14.4279,4.32516,0.995441
91,-14.4279,4.32516,0.995441
98,-14.2257,4.25291,1.00043
91,-14.2257,4.25291,1.00043
98,-16.8752,3.75298,0.994701
89,-16.8752,3.75298,0.994701
98,-13.3824,1.83032,-5.01424
89,-13.3824,1.83032,-5.01424
98,-14.5325,4.23979,0.460904
88,-14.5325,4.23979,0.460904
99,-9.52741,1.13189,-2.49084
99,-9.60815,0.63015,-2.45605
99,-9.66401,1.21218,-2.36963
99,-9.64267,1.99983,-2.34934
99,-9.85614,-0.453693,-2.24905
99,-9.78564,1.55428,-2.24654
99,-9.85724,-0.442991,-2.26362
99,-9.75949,0.50937,-2.42599
99,-9.90839,-0.446016,-2.15666
99,-9.91224,-0.446731,-2.15972
99,-10.8548,-2.0809,0.0135774
99,-10.0144,-0.494127,-1.98028
99,-11.1002,-2.37687,0.248002
99,-9.94181,0.442164,-2.46942
99,-10.1235,-1.16554,-2.27898
99,-9.89604,2.33362,-2.54835
99,-9.98204,1.23014,-2.45763
99,-9.98942,-0.415041,-3.01599
99,-11.2207,-2.11922,-0.126435
99,-10.1997,-1.0964,-2.63088
99,-10.1532,2.20864,-2.50394
99,-10.326,-0.282013,-2.35304
99,-11.552,3.96684,0.987469
99,-10.3224,2.13968,-2.44789
99,-10.6717,-0.38943,-1.85378
99,-10.6112,-0.245236,-2.31494
99,-10.3153,-1.07873,-3.25462
99,-10.7822,-0.244408,-2.04232
99,-11.7446,-1.99058,0.00570399
99,-11.0044,-0.372578,-1.82738
99,-11.795,-1.99772,-0.0682788
99,-11.0501,-0.387633,-2.02696
99,-11.0183,-0.230501,-2.19885
99,-11.8584,4.00489,-0.17305
99,-11.1924,1.60843,-2.28822
99,-11.4351,-0.130967,-2.02598
99,-11.336,1.32766,-2.15058
99,-11.2657,1.69393,-2.34661
99,-11.2927,1.65889,-2.34856
99,-11.2768,1.167,-2.44486
99,-11.3799,0.947883,-2.35123
99,-11.2009,1.95496,-2.71641
99,-11.6475,-0.30573,-1.82857
99,-11.22,1.9572,-2.72118
99,-11.6438,-1.09182,-1.98556
99,-11.4626,-0.206834,-2.4036
99,-12.7023,-1.41345,0.595616
99,-11.7152,-1.1484,-2.0446
99,-11.2962,1.99704,-2.79603
99,-12.6198,-2.06084,0.0922462
99,-11.7424,-0.989984,-2.06859
99,-11.8669,-0.235122,-1.82826
99,-12.9176,-1.6775,0.690787
99,-11.5397,1.1743,-2.55131
99,-11.8474,-1.19062,-2.09929
99,-11.656,1.55057,-2.33537
99,-11.8566,-1.02792,-2.14003
99,-11.9573,-0.236134,-1.87581
99,-11.1882,-0.112859,-3.84637
99,-11.1209,4.58817,-3.7608
99,-11.3005,-0.125213,-3.87323
99,-11.3652,0.144963,-3.96746
99,-11.8382,-1.29554,-2.98295
99,-11.9315,-1.22951,-2.84818
99,-11.6482,1.53639,-3.31857
99,-11.8653,-0.0124912,-2.92498
99,-12.383,4.48833,-1.19848
99,-12.3881,4.48181,-1.20631
99,-11.712,-1.20156,-3.60951
99,-11.6489,-1.35499,-3.80128
99,-11.7495,-2.25904,-3.70668
99,-11.9808,-1.34055,-3.07781
99,-13.557,4.72827,1.40453
99,-11.686,-1.13434,-3.95623
99,-11.8011,-1.22539,-3.68413
99,-12.3966,-0.982067,-2.29282
99,-12.1359,1.95039,-2.67824
99,-17.1055,3.65983,-0.0722946
98,-17.1055,3.65983,-0.0722946
99,-16.433,2.72981,-1.33095
98,-16.433,2.72981,-1.33095
99,-14.7397,1.76139,-3.67272
98,-14.7397,1.76139,-3.67272
99,-16.3311,-0.125812,-0.901788
98,-16.3311,-0.125812,-0.901788
99,-21.7241,-0.16146,-3.74655
98,-21.7241,-0.16146,-3.74655
99,-15.4165,-1.45648,-0.964774
98,-15.4165,-1.45648,-0.964774
99,-12.087,-1.27006,-3.47586
98,-12.087,-1.27006,-3.47586
99,-16.9051,4.64808,-1.06182
98,-16.9051,4.64808,-1.06182
99,-17.523,1.01088,-0.500048
98,-17.523,1.01088,-0.500048
99,-17.2032,3.89899,-0.0638628
98,-17.2032,3.89899,-0.0638628
99,-15.4128,4.69707,-0.215778
98,-15.4128,4.69707,-0.215778
99,-21.664,8.50173,-3.59407
98,-21.664,8.50173,-3.59407
99,-24.4626,6.63316,-5.71156
98,-24.4626,6.63316,-5.71156
99,-14.0597,4.89171,-2.55042
98,-14.0597,4.89171,-2.55042
99,-17.209,3.03984,-2.46061
98,-17.209,3.03984,-2.46061
99,-17.0598,-0.492602,-1.00063
98,-17.0598,-0.492602,-1.00063
99,-12.7336,-1.438,-3.92356
98,-12.7336,-1.438,-3.92356
99,-11.7409,0.172898,-4.16913
98,-11.7409,0.172898,-4.16913
99,-16.5883,3.14203,-2.7427
98,-16.5883,3.14203,-2.7427
99,-17.5197,2.15332,0.472178
98,-17.5197,2.15332,0.472178
99,-15.1778,2.37723,-3.06232
98,-15.1778,2.37723,-3.06232
99,-14.699,-2.57997,-1.45586
98,-14.699,-2.57997,-1.45586
99,-12.6367,1.71414,-0.356932
98,-12.6367,1.71414,-0.356932
99,-16.6794,3.03417,0.511134
98,-16.6794,3.03417,0.511134
99,-19.2756,4.41976,-1.60406
98,-19.2756,4.41976,-1.60406
99,-18.1123,6.87531,-4.35396
98,-18.1123,6.87531,-4.35396
99,-13.0315,5.1583,-4.67676
98,-13.0315,5.1583,-4.67676
99,-22.9456,9.18344,-3.96489
98,-22.9456,9.18344,-3.96489
99,-18.2122,1.00726,-2.5113
98,-18.2122,1.00726,-2.5113
99,-10.2143,-1.39794,-2.84343
98,-10.2143,-1.39794,-2.84343
99,-14.353,0.219489,-4.39537
98,-14.353,0.219489,-4.39537
99,-16.9746,2.93946,-0.988139
98,-16.9746,2.93946,-0.988139
99,-18.2587,5.29214,-5.11063
98,-18.2587,5.29214,-5.11063
99,-15.8646,5.56792,0.528805
98,-15.8646,5.56792,0.528805
99,-14.7412,4.33268,0.471029
98,-14.7412,4.33268,0.471029
99,-16.5243,4.18705,0.17664
98,-16.5243,4.18705,0.17664
99,-16.7911,3.34052,0.963734
98,-16.7911,3.34052,0.963734
99,-15.5865,-2.75469,-3.33468
98,-15.5865,-2.75469,-3.33468
99,-15.4513,-1.76246,-1.05329
98,-15.4513,-1.76246,-1.05329
99,-11.7956,5.17292,-2.71216
98,-11.7956,5.17292,-2.71216
99,-15.8417,-3.80391,-1.74028
98,-15.8417,-3.80391,-1.74028
99,-18.4772,3.22005,-2.74293
98,-18.4772,3.22005,-2.74293
99,-14.1279,1.44038,-0.525969
98,-14.1279,1.44038,-0.525969
99,-11.849,0.234758,-3.51519
98,-11.849,0.234758,-3.51519
99,-16.8917,4.71797,-4.4529
98,-16.8917,4.71797,-4.4529
99,-15.8769,-1.64713,-1.04317
98,-15.8769,-1.64713,-1.04317
99,-14.7646,-1.80803,-1.91063
98,-14.7646,-1.80803,-1.91063
99,-18.3132,3.29201,-2.6361
98,-18.3132,3.29201,-2.6361
99,-17.2095,6.09322,-6.49588
98,-17.2095,6.09322,-6.49588
99,-11.404,-0.896142,-1.69523
98,-11.404,-0.896142,-1.69523
99,-14.2514,4.84946,0.327788
98,-14.2514,4.84946,0.327788
99,-11.711,0.0585309,-2.3009
98,-11.711,0.0585309,-2.3009
99,-16.8095,-1.56897,-0.552511
97,-16.8095,-1.56897,-0.552511
99,-16.6774,3.13695,-1.79101
97,-16.6774,3.13695,-1.79101
99,-17.6061,2.52491,0.00704619
97,-17.6061,2.52491,0.00704619
99,-15.5319,3.47189,-4.51831
97,-15.5319,3.47189,-4.51831
99,-15.934,5.09568,-4.22867
97,-15.934,5.09568,-4.22867
99,-15.3941,5.01017,-3.99903
97,-15.3941,5.01017,-3.99903
99,-16.8923,-1.58749,-0.562009
97,-16.8923,-1.58749,-0.562009
99,-13.7497,-1.89074,-0.147639
97,-13.7497,-1.89074,-0.147639
99,-17.1174,5.12615,-4.99997
97,-17.1174,5.12615,-4.99997
99,-17.8287,2.56634,-0.00483224
97,-17.8287,2.56634,-0.00483224
99,-12.501,-1.00962,-2.35663
97,-12.501,-1.00962,-2.35663
99,-17.907,0.769514,0.498096
97,-17.907,0.769514,0.498096
99,-17.0734,3.38965,-4.19056
97,-17.0734,3.38965,-4.19056
99,-12.6031,0.874979,-3.24724
97,-12.6031,0.874979,-3.24724
99,-17.164,1.81203,-1.79748
97,-17.164,1.81203,-1.79748
99,-11.7253,-1.34369,-3.7187
97,-11.7253,-1.34369,-3.7187
99,-13.871,-1.3368,0.496477
97,-13.871,-1.3368,0.496477
99,-14.2509,-2.22881,-0.846228
97,-14.2509,-2.22881,-0.846228
99,-11.8919,1.32733,-2.40845
97,-11.8919,1.32733,-2.40845
99,-12.4395,-1.55386,-4.25453
97,-12.4395,-1.55386,-4.25453
99,-16.9342,1.80595,-4.24726
97,-16.9342,1.80595,-4.24726
99,-21.8634,2.41104,-2.83101
97,-21.8634,2.41104,-2.83101
99,-17.5536,3.30895,0.486851
97,-17.5536,3.30895,0.486851
99,-17.2342,1.95461,-0.97146
97,-17.2342,1.95461,-0.97146
99,-11.6424,1.78588,-2.38092
97,-11.6424,1.78588,-2.38092
99,-17.5413,2.15761,0.0196047
95,-17.5413,2.15761,0.0196047
99,-16.1902,3.12739,-3.79995
95,-16.1902,3.12739,-3.79995
99,-15.0294,-2.43056,-2.68295
95,-15.0294,-2.43056,-2.68295
99,-15.7537,-2.99284,-2.55571
95,-15.7537,-2.99284,-2.55571
99,-13.3244,0.0691011,-2.14855
95,-13.3244,0.0691011,-2.14855
99,-13.3185,-0.364287,-2.21726
95,-13.3185,-0.364287,-2.21726
99,-14.6364,-1.51327,0.475489
95,-14.6364,-1.51327,0.475489
99,-13.8625,-1.47512,1.15249
95,-13.8625,-1.47512,1.15249
99,-16.7951,3.27789,-4.04906
95,-16.7951,3.27789,-4.04906
99,-17.5344,-4.47512,-3.66951
95,-17.5344,-4.47512,-3.66951
99,-15.3245,-4.93194,1.0246
95,-15.3245,-4.93194,1.0246
99,-14.9339,-5.08987,-2.13317
95,-14.9339,-5.08987,-2.13317
99,-15.963,5.49383,-3.97255
95,-15.963,5.49383,-3.97255
99,-19.959,0.121378,-2.84645
95,-19.959,0.121378,-2.84645
99,-14.8305,-5.03053,-2.1012
95,-14.8305,-5.03053,-2.1012
99,-13.8875,0.00105417,-1.98081
95,-13.8875,0.00105417,-1.98081
99,-15.1942,4.40978,0.544016
95,-15.1942,4.40978,0.544016
99,-16.6114,4.71941,0.832228
95,-16.6114,4.71941,0.832228
99,-16.402,3.49322,0.0139395
94,-16.402,3.49322,0.0139395
99,-17.3624,1.71362,-1.36473
94,-17.3624,1.71362,-1.36473
99,-17.1893,3.77016,-1.70265
94,-17.1893,3.77016,-1.70265
99,-18.1595,-0.319388,-1.47618
94,-18.1595,-0.319388,-1.47618
99,-17.2843,3.79577,-1.72005
94,-17.2843,3.79577,-1.72005
99,-14.9055,0.590689,-3.84128
94,-14.9055,0.590689,-3.84128
99,-16.8856,2.7481,-0.101415
94,-16.8856,2.7481,-0.101415
99,-14.0151,0.576434,-3.87255
94,-14.0151,0.576434,-3.87255
99,-18.8286,-4.92613,-2.3454
94,-18.8286,-4.92613,-2.3454
99,-16.6699,-4.57033,1.00325
94,-16.6699,-4.57033,1.00325
99,-17.6717,-1.79405,1.11464
94,-17.6717,-1.79405,1.11464
99,-16.67,0.38,0.0203013
94,-16.67,0.38,0.0203013
99,-17.4174,0.389983,-1.39195
93,-17.4174,0.389983,-1.39195
99,-17.1705,0.734289,-3.47709
93,-17.1705,0.734289,-3.47709
99,-14.8733,4.6014,-4.63711
93,-14.8733,4.6014,-4.63711
99,-12.677,5.10673,-2.37587
93,-12.677,5.10673,-2.37587
99,-12.8247,4.80114,-1.33434
93,-12.8247,4.80114,-1.33434
99,-13.1331,-2.2777,0.0447664
93,-13.1331,-2.2777,0.0447664
99,-16.2546,3.33836,0.126928
93,-16.2546,3.33836,0.126928
99,-17.4901,5.55432,-1.88472
91,-17.4901,5.55432,-1.88472
99,-16.8614,3.79501,0.808932
91,-16.8614,3.79501,0.808932
99,-13.1381,-0.00558276,-2.3071
91,-13.1381,-0.00558276,-2.3071
99,-20.6065,1.02926,-3.15038
91,-20.6065,1.02926,-3.15038
99,-20.9166,1.02006,-3.24917
91,-20.9166,1.02006,-3.24917
99,-14.5673,4.39661,1.01355
91,-14.5673,4.39661,1.01355
99,-14.1973,-0.703078,0.361232
91,-14.1973,-0.703078,0.361232
99,-18.1186,1.10964,0.485295
91,-18.1186,1.10964,0.485295
99,-17.5977,1.97293,-1.90147
90,-17.5977,1.97293,-1.90147
99,-17.0056,3.25438,0.485641
90,-17.0056,3.25438,0.485641
99,-16.9533,3.67226,-1.34379
90,-16.9533,3.67226,-1.34379
99,-17.3104,3.30757,0.494018
90,-17.3104,3.30757,0.494018
99,-17.1967,3.47022,0.977317
90,-17.1967,3.47022,0.977317
99,-17.2645,3.62566,0.878088
90,-17.2645,3.62566,0.878088
99,-18.1674,-0.390808,1.02621
90,-18.1674,-0.390808,1.02621
99,-17.5661,1.96385,0.452003
90,-17.5661,1.96385,0.452003
99,-20.188,4.61297,-3.35041
89,-20.188,4.61297,-3.35041
99,-21.2265,6.60411,-4.33897
88,-21.2265,6.60411,-4.33897
99,-17.2612,0.373064,-0.993751
88,-17.2612,0.373064,-0.993751
100,-9.54019,-1.97167,-0.127807
100,-9.57681,-1.98127,-0.122371
100,-9.90437,-2.11144,-0.0498971
100,-10.0106,-2.33858,0.248641
100,-10.0677,-2.39173,0.250511
100,-9.56873,0.612445,-1.83902
100,-9.63127,0.594985,-1.93881
100,-9.90902,-0.487704,-2.1546
100,-9.93039,-0.4649,-2.18128
100,-9.94446,-0.47276,-2.18528
100,-9.94737,-0.44969,-2.18504
100,-9.96061,-0.451884,-2.20556
100,-9.9234,-0.463079,-2.318
100,-10.8172,-2.45117,0.360251
100,-9.9759,-0.470036,-2.22646
100,-9.95422,-0.495723,-2.33765
100,-10.8996,-2.48059,0.348079
100,-10.0742,1.21564,-2.48701
100,-10.9525,-2.50691,0.341767
100,-10.0887,-1.16054,-2.25255
100,-10.0952,-1.16842,-2.25408
100,-10.8859,-2.12124,0.0119824
100,-10.1474,-1.18219,-2.29948
100,-11.0476,-2.23813,0.273023
100,-10.2228,-0.268694,-2.25847
100,-10.1716,-1.16195,-2.30054
100,-10.2902,-0.252142,-2.1032
100,-10.2349,-0.267835,-2.26492
100,-10.1756,-1.17991,-2.31504
100,-10.3247,2.15107,-2.57767
100,-10.1013,-1.3548,-2.74955
100,-11.0969,-2.07542,0.013079
100,-10.2886,-1.22122,-2.40456
100,-10.2393,-1.05375,-2.59934
100,-11.1361,-2.12673,-0.00411367
100,-10.6345,-0.380419,-1.83366
100,-10.8019,-0.361523,-1.82764
100,-11.6172,-2.21787,0.277583
100,-11.6551,-2.24023,0.267544
100,-10.9299,-0.236726,-2.13859
100,-11.0899,1.56726,-2.21854
100,-11.1046,1.56841,-2.22839
100,-11.1605,1.57812,-2.26208
100,-11.156,1.06063,-2.30032
100,-11.1038,-0.720212,-2.2287
100,-11.8433,-2.02656,-0.0925031
100,-11.1583,1.88583,-2.5135
100,-12.1848,-3.88678,0.887416
100,-11.3136,1.64722,-2.36279
100,-11.2902,1.15034,-2.45614
100,-12.0963,-2.09831,0.178434
100,-11.1237,1.56156,-3.03004
100,-11.2454,1.97603,-2.76587
100,-11.1416,1.35144,-2.987
100,-11.1566,1.38753,-2.99603
100,-11.5159,1.23752,-2.19926
100,-11.0299,-0.987885,-3.35462
100,-11.5882,1.31894,-2.2752
100,-11.5181,1.19702,-2.59072
100,-11.6916,1.27456,-2.29234
100,-11.6693,1.11196,-2.39018
100,-11.7154,-0.99833,-2.06172
100,-11.746,1.28478,-2.33258
100,-11.4231,0.772748,-3.15646
100,-11.6505,2.02242,-2.69766
100,-11.658,2.04116,-2.72623
100,-11.4444,1.79817,-3.35768
100,-11.4914,1.8346,-3.2657
100,-11.5537,-0.109891,-2.86049
100,-11.264,-1.0574,-3.54778
100,-11.7583,2.05873,-2.7741
100,-12.6067,-2.11937,0.0933114
100,-11.5691,1.84231,-3.31558
100,-12.6296,-2.09857,0.0630277
100,-12.0049,-0.0577105,-1.95037
100,-12.6988,-2.09313,0.0804067
100,-12.7164,-2.10339,0.0786002
100,-12.7208,-2.08615,0.0640138
100,-12.9927,-1.68228,0.692067
100,-13.5702,3.82071,1.50079
100,-13.5872,3.81067,1.50562
100,-12.8114,-2.15132,0.0824813
100,-11.9479,-0.851201,-2.51192
100,-12.2268,-0.24892,-1.83099
100,-11.4994,-4.07814,-3.38468
100,-11.863,-4.05429,-2.64925
100,-12.3407,-0.216071,-1.8554
100,-12.3455,-0.219167,-1.85473
100,-11.6964,-1.46516,-3.71372
100,-11.6491,-4.21425,-3.5102
100,-11.7125,-2.24522,-3.6475
100,-12.0336,-1.40079,-3.0232
100,-12.0343,-3.97484,-2.70739
100,-12.3278,4.36434,-2.97694
100,-12.4688,-0.503244,-2.1478
100,-13.8885,4.03203,0.96547
100,-12.1167,-4.27777,-2.8518
100,-12.0724,-1.27408,-3.44902
100,-11.9118,-1.345,-3.91701
100,-12.1862,-1.43248,-3.15689
100,-13.2753,-2.03833,-0.102857
100,-12.2007,-4.11372,-2.84598
100,-12.7638,-0.113934,-1.9377
100,-13.6106,-1.28628,0.503839
100,-16.6015,-0.873808,-2.61242
99,-16.6015,-0.873808,-2.61242
100,-16.117,-0.846266,-2.43061
99,-16.117,-0.846266,-2.43061
100,-20.7846,-1.75847,-3.10235
99,-20.7846,-1.75847,-3.10235
100,-11.7467,-1.37492,-3.66185
99,-11.7467,-1.37492,-3.66185
100,-14.4778,-0.740637,-3.07118
99,-14.4778,-0.740637,-3.07118
100,-15.9868,-1.42864,-1.08869
99,-15.9868,-1.42864,-1.08869
100,-16.2547,-2.10884,-2.37168
99,-16.2547,-2.10884,-2.37168
100,-13.6822,-1.3836,0.463499
99,-13.6822,-1.3836,0.463499
100,-13.4336,-0.924212,-2.31125
99,-13.4336,-0.924212,-2.31125
100,-17.4902,2.4997,0.00361811
99,-17.4902,2.4997,0.00361811
100,-18.4117,0.887206,-2.70558
99,-18.4117,0.887206,-2.70558
100,-14.0434,0.573696,-3.91156
99,-14.0434,0.573696,-3.91156
100,-13.2265,0.880552,-4.44228
99,-13.2265,0.880552,-4.44228
100,-15.3666,-0.994175,-0.810191
99,-15.3666,-0.994175,-0.810191
100,-15.8442,-1.41745,-1.05492
99,-15.8442,-1.41745,-1.05492
100,-17.2314,0.725513,-3.49647
99,-17.2314,0.725513,-3.49647
100,-13.2294,0.0859065,-2.15312
99,-13.2294,0.0859065,-2.15312
100,-16.7989,4.31443,0.123426
99,-16.7989,4.31443,0.123426
100,-13.1366,0.870934,-4.37608
99,-13.1366,0.870934,-4.37608
100,-20.2227,-1.61825,-2.86121
99,-20.2227,-1.61825,-2.86121
100,-10.9685,1.46749,-2.85644
99,-10.9685,1.46749,-2.85644
100,-12.985,0.188291,-3.5115
99,-12.985,0.188291,-3.5115
100,-19.7097,-1.42721,-2.87147
99,-19.7097,-1.42721,-2.87147
100,-11.7616,1.18405,-2.46488
99,-11.7616,1.18405,-2.46488
100,-15.7268,-1.61949,-3.53027
99,-15.7268,-1.61949,-3.53027
100,-15.0561,5.24272,-2.73676
99,-15.0561,5.24272,-2.73676
100,-13.063,-0.0386369,-3.07067
99,-13.063,-0.0386369,-3.07067
100,-14.0355,-0.691027,-2.87
99,-14.0355,-0.691027,-2.87
100,-17.7301,5.34072,-3.73281
99,-17.7301,5.34072,-3.73281
100,-19.3854,3.88618,-3.63905
99,-19.3854,3.88618,-3.63905
100,-12.8347,0.716253,-4.03754
99,-12.8347,0.716253,-4.03754
100,-18.2778,5.19787,-2.57561
99,-18.2778,5.19787,-2.57561
100,-14.8072,-2.49101,-2.99469
99,-14.8072,-2.49101,-2.99469
100,-15.4052,-1.49384,-0.945539
99,-15.4052,-1.49384,-0.945539
100,-18.8306,7.21362,-2.959
99,-18.8306,7.21362,-2.959
100,-12.8261,-3.69918,-3.34243
99,-12.8261,-3.69918,-3.34243
100,-15.2929,2.55199,-3.91699
99,-15.2929,2.55199,-3.91699
100,-12.6491,-0.0222805,-2.85001
99,-12.6491,-0.0222805,-2.85001
100,-17.1335,5.70254,-3.56945
99,-17.1335,5.70254,-3.56945
100,-17.9159,5.43551,-3.80701
99,-17.9159,5.43551,-3.80701
100,-12.4176,4.10961,-3.36106
99,-12.4176,4.10961,-3.36106
100,-15.6026,2.9241,-3.51608
99,-15.6026,2.9241,-3.51608
100,-12.8758,0.709009,-4.0628
99,-12.8758,0.709009,-4.0628
100,-12.551,-0.781644,-1.93241
99,-12.551,-0.781644,-1.93241
100,-12.9081,-3.23196,-2.76253
99,-12.9081,-3.23196,-2.76253
100,-16.6601,-1.60522,1.07235
99,-16.6601,-1.60522,1.07235
100,-15.9769,-0.230156,-1.05373
99,-15.9769,-0.230156,-1.05373
100,-13.6068,4.3098,-0.107863
99,-13.6068,4.3098,-0.107863
100,-12.3989,4.10052,-3.32949
99,-12.3989,4.10052,-3.32949
100,-12.0482,-3.6716,-4.09541
99,-12.0482,-3.6716,-4.09541
100,-19.687,-1.47034,-2.85732
99,-19.687,-1.47034,-2.85732
100,-13.3078,1.93437,-1.28364
99,-13.3078,1.93437,-1.28364
100,-12.8077,-4.18342,-4.73306
99,-12.8077,-4.18342,-4.73306
100,-17.0163,5.5717,-3.55648
99,-17.0163,5.5717,-3.55648
100,-16.1552,-4.30871,0.994104
99,-16.1552,-4.30871,0.994104
100,-15.4655,-4.73368,-2.72988
99,-15.4655,-4.73368,-2.72988
100,-19.3892,4.13758,1.02487
99,-19.3892,4.13758,1.02487
100,-16.7819,0.364693,0.011583
99,-16.7819,0.364693,0.011583
100,-14.1062,5.00759,-3.93942
99,-14.1062,5.00759,-3.93942
100,-20.0731,8.00497,-3.43889
99,-20.0731,8.00497,-3.43889
100,-14.0714,0.869194,-4.97448
99,-14.0714,0.869194,-4.97448
100,-13.9588,1.38876,-2.91794
99,-13.9588,1.38876,-2.91794
100,-16.4861,-2.45379,-1.49701
99,-16.4861,-2.45379,-1.49701
100,-21.0697,-1.60779,-3.10435
98,-21.0697,-1.60779,-3.10435
100,-10.2873,-0.323748,-2.07199
98,-10.2873,-0.323748,-2.07199
100,-12.8412,-1.05243,-2.20547
98,-12.8412,-1.05243,-2.20547
100,-15.716,-1.53925,-2.42925
98,-15.716,-1.53925,-2.42925
100,-13.2696,-1.91679,-3.81011
98,-13.2696,-1.91679,-3.81011
100,-18.4388,-0.162787,-1.17299
98,-18.4388,-0.162787,-1.17299
100,-12.5703,-1.41143,-3.82022
98,-12.5703,-1.41143,-3.82022
100,-16.5116,-1.18933,-2.72529
98,-16.5116,-1.18933,-2.72529
100,-16.1479,-1.62494,-2.56891
98,-16.1479,-1.62494,-2.56891
100,-12.8635,4.3519,-3.71858
98,-12.8635,4.3519,-3.71858
100,-16.6738,4.74111,-0.209164
98,-16.6738,4.74111,-0.209164
100,-14.4211,5.10645,-2.46418
98,-14.4211,5.10645,-2.46418
100,-17.5922,5.0308,-4.76723
98,-17.5922,5.0308,-4.76723
100,-16.444,-0.000774622,-2.87696
98,-16.444,-0.000774622,-2.87696
100,-13.6245,0.207612,-3.92694
98,-13.6245,0.207612,-3.92694
100,-12.821,-3.71937,-2.5157
98,-12.821,-3.71937,-2.5157
100,-17.4483,4.57292,0.962707
98,-17.4483,4.57292,0.962707
100,-17.114,1.15053,-3.16053
98,-17.114,1.15053,-3.16053
100,-13.4256,0.204217,-3.81799
98,-13.4256,0.204217,-3.81799
100,-15.2936,4.61676,-0.197494
98,-15.2936,4.61676,-0.197494
100,-12.6202,-4.05258,-4.55524
98,-12.6202,-4.05258,-4.55524
100,-13.7709,-4.30562,-3.36024
98,-13.7709,-4.30562,-3.36024
100,-17.2221,3.83641,-0.356605
98,-17.2221,3.83641,-0.356605
100,-17.1641,1.50208,-1.66304
97,-17.1641,1.50208,-1.66304
100,-15.4849,-1.4833,-0.964732
97,-15.4849,-1.4833,-0.964732
100,-14.9274,-2.01164,-1.99403
97,-14.9274,-2.01164,-1.99403
100,-16.9449,0.391506,-0.982345
97,-16.9449,0.391506,-0.982345
100,-14.1662,1.05274,-3.51906
97,-14.1662,1.05274,-3.51906
100,-16.2257,2.19536,-3.73148
97,-16.2257,2.19536,-3.73148
100,-13.972,0.00714409,-1.99659
97,-13.972,0.00714409,-1.99659
100,-18.0451,0.768726,0.490621
97,-18.0451,0.768726,0.490621
100,-18.7867,1.99595,-2.19342
97,-18.7867,1.99595,-2.19342
100,-15.5119,-4.77835,-2.76816
97,-15.5119,-4.77835,-2.76816
100,-16.3617,2.66479,-3.54009
97,-16.3617,2.66479,-3.54009
100,-17.0731,1.1953,0.880082
97,-17.0731,1.1953,0.880082
100,-18.8468,2.19606,-1.55047
97,-18.8468,2.19606,-1.55047
100,-13.8645,-2.87511,-2.04364
97,-13.8645,-2.87511,-2.04364
100,-10.8512,-2.1566,0.215304
97,-10.8512,-2.1566,0.215304
100,-17.1563,2.90455,-1.79343
97,-17.1563,2.90455,-1.79343
100,-17.4705,5.81576,-3.73131
97,-17.4705,5.81576,-3.73131
100,-15.8393,-0.872782,-2.70424
95,-15.8393,-0.872782,-2.70424
100,-16.6101,2.70449,-3.65135
95,-16.6101,2.70449,-3.65135
100,-18.3763,-4.02358,-4.46092
95,-18.3763,-4.02358,-4.46092
100,-17.0409,2.23448,-0.0215429
95,-17.0409,2.23448,-0.0215429
100,-17.2283,2.07235,0.674784
95,-17.2283,2.07235,0.674784
100,-19.3464,-1.6379,-2.24822
95,-19.3464,-1.6379,-2.24822
100,-16.4685,0.747457,-1.0126
95,-16.4685,0.747457,-1.0126
100,-12.2562,-3.81078,-4.3038
95,-12.2562,-3.81078,-4.3038
100,-16.5417,-6.08661,-2.59705
95,-16.5417,-6.08661,-2.59705
100,-14.5995,-1.37833,-0.793959
95,-14.5995,-1.37833,-0.793959
100,-17.5901,0.640581,-1.92535
94,-17.5901,0.640581,-1.92535
100,-12.2862,0.0919076,-1.43821
94,-12.2862,0.0919076,-1.43821
100,-16.4086,2.49001,0.0323827
94,-16.4086,2.49001,0.0323827
100,-17.1079,1.8656,-0.0943519
94,-17.1079,1.8656,-0.0943519
100,-14.1679,-3.11519,1.26862
94,-14.1679,-3.11519,1.26862
100,-16.5118,4.65085,-0.180246
94,-16.5118,4.65085,-0.180246
100,-17.1285,-0.656686,1.09469
94,-17.1285,-0.656686,1.09469
100,-17.8353,2.94044,-0.148673
94,-17.8353,2.94044,-0.148673
100,-16.3562,-4.35902,-3.3192
94,-16.3562,-4.35902,-3.3192
100,-17.6681,0.368387,0.92979
94,-17.6681,0.368387,0.92979
100,-17.1589,0.911308,-1.9098
93,-17.1589,0.911308,-1.9098
100,-17.295,0.268581,0.579232
93,-17.295,0.268581,0.579232
100,-16.4538,3.38955,0.885052
93,-16.4538,3.38955,0.885052
100,-15.3555,-3.83519,-1.49089
93,-15.3555,-3.83519,-1.49089
100,-18.6352,5.71047,-4.06652
93,-18.6352,5.71047,-4.06652
100,-17.8188,1.21757,0.898961
93,-17.8188,1.21757,0.898961
100,-16.999,1.18803,0.867903
93,-16.999,1.18803,0.867903
100,-17.518,-0.741678,1.10186
93,-17.518,-0.741678,1.10186
100,-16.6756,2.66189,-0.994949
91,-16.6756,2.66189,-0.994949
100,-17.808,2.29629,-0.0317271
91,-17.808,2.29629,-0.0317271
100,-16.7222,2.66877,-0.999962
91,-16.7222,2.66877,-0.999962
100,-17.403,3.54301,0.980064
91,-17.403,3.54301,0.980064
100,-17.1599,3.33326,0.933651
91,-17.1599,3.33326,0.933651
100,-17.2256,4.65894,0.960979
91,-17.2256,4.65894,0.960979
100,-17.3828,2.97128,-1.55467
91,-17.3828,2.97128,-1.55467
100,-15.643,4.67534,-4.62215
91,-15.643,4.67534,-4.62215
100,-14.4205,4.32489,1.00298
91,-14.4205,4.32489,1.00298
100,-14.5075,4.46687,-4.46196
90,-14.5075,4.46687,-4.46196
100,-17.006,0.864239,-1.10813
90,-17.006,0.864239,-1.10813
100,-17.1683,3.44571,0.985111
88,-17.1683,3.44571,0.985111
100,-17.5221,3.80633,-1.36889
88,-17.5221,3.80633,-1.36889
101,-9.59378,-2.23161,0.194005
101,-9.54298,-2.19677,0.0275949
101,-9.5776,-2.17772,-0.125931
101,-9.29995,-2.27061,-0.869052
101,-9.30906,-2.2894,-0.87913
101,-9.63652,-2.36512,-0.444099
101,-9.82852,-2.15297,-0.209704
101,-9.94834,-2.2038,-0.0098753
101,-9.98679,-2.23844,-0.0238684
101,-10.0076,-2.17922,-0.0862198
101,-10.0483,-2.22325,-0.106241
101,-10.4308,-2.9184,0.3186
101,-10.1353,-0.491467,-1.9089
101,-10.3734,-0.426082,-1.80026
101,-10.392,-0.434144,-1.8078
101,-11.0185,-2.15977,-0.0179023
101,-10.5965,-0.417652,-1.83356
101,-11.0422,-2.17878,-0.0131218
101,-10.525,0.470216,-2.44187
101,-11.1457,-2.14297,-0.0113867
101,-10.8276,-0.208115,-2.12213
101,-10.879,-0.364172,-1.99438
101,-11.5298,-2.18093,0.28681
101,-11.5409,-2.18861,0.288201
101,-11.391,-2.2146,-0.150397
101,-11.5992,-2.21132,0.275529
101,-10.9867,-0.239437,-2.1789
101,-11.5853,-2.07701,-0.053917
101,-11.599,-2.0682,-0.0421309
101,-11.2591,1.26743,-2.27004
101,-11.0773,-0.245798,-2.22955
101,-11.6557,-2.10511,-0.0614263
101,-11.4011,1.88989,-2.51321
101,-11.3314,-0.399226,-1.92121
101,-11.7832,-3.58673,0.471554
101,-11.7847,-3.59335,0.464074
101,-11.3471,1.15001,-2.47867
101,-11.341,1.51704,-2.70969
101,-11.2861,-0.174536,-2.30761
101,-11.5232,1.33098,-2.23585
101,-11.3512,-0.189095,-2.14283
101,-11.5289,1.33874,-2.23869
101,-11.8673,-2.0298,-0.0848437
101,-11.4296,-0.488739,-1.9674
101,-12.0289,-3.87404,0.880472
101,-11.5333,0.997441,-2.27933
101,-11.9935,-2.06584,-0.024519
101,-12.0118,-2.06372,-0.0265043
101,-11.6114,1.00424,-2.32712
101,-11.6245,1.06204,-2.32826
101,-12.1639,-2.19392,0.245841
101,-11.3734,-0.100686,-2.71235
101,-11.643,-0.979781,-2.02126
101,-11.7976,1.09382,-2.43204
101,-12.4195,-4.03326,0.905273
101,-11.7329,-1.0037,-2.07556
101,-11.7981,-1.02458,-2.10587
101,-10.9561,-4.18649,-3.29815
101,-10.8796,-4.26963,-3.49877
101,-11.1912,-4.10275,-2.75129
101,-11.988,-0.0629906,-2.08887
101,-11.2283,-4.14551,-2.78177
101,-12.5888,-4.60797,0.945659
101,-11.8553,1.94558,-3.58234
101,-11.4601,-1.91312,-3.26882
101,-11.8798,1.94928,-3.59787
101,-11.3488,-4.26802,-2.87883
101,-11.4257,-4.36233,-2.93365
101,-12.0514,-0.822203,-2.58143
101,-11.9645,-1.31934,-2.88429
101,-11.4781,-4.05052,-3.31292
101,-12.1156,-0.0349119,-3.11095
101,-11.761,-2.12381,-3.49217
101,-12.2747,-0.0311845,-3.22396
101,-12.1796,0.155798,-3.754
101,-13.2296,-2.31966,0.00203323
101,-12.5573,0.0544191,-2.72737
101,-12.1307,-1.29748,-3.4682
101,-13.6542,-0.66548,0.381585
101,-12.0029,-1.48134,-3.80986
101,-12.7862,-0.826253,-2.02793
101,-11.9965,-2.19527,-3.688
101,-12.0756,-1.33798,-3.86569
101,-11.9686,-2.3614,-3.88915
101,-13.7821,-0.657102,0.348618
101,-12.1159,-1.5301,-3.90797
101,-12.6178,0.897724,-3.46643
101,-16.3546,0.390144,0.13813
100,-16.3546,0.390144,0.13813
101,-17.3716,-0.70355,-3.81126
100,-17.3716,-0.70355,-3.81126
101,-16.8106,2.91297,-2.36164
100,-16.8106,2.91297,-2.36164
101,-16.6172,2.93831,-3.90257
100,-16.6172,2.93831,-3.90257
101,-15.715,2.45903,-3.27395
100,-15.715,2.45903,-3.27395
101,-14.8159,-2.41458,-0.946545
100,-14.8159,-2.41458,-0.946545
101,-16.5238,-2.41085,-1.60347
100,-16.5238,-2.41085,-1.60347
101,-15.1045,-2.19957,-1.23169
100,-15.1045,-2.19957,-1.23169
101,-14.1047,-2.45243,0.502762
100,-14.1047,-2.45243,0.502762
101,-10.7824,-0.399994,-1.92678
100,-10.7824,-0.399994,-1.92678
101,-13.5003,-2.33296,-3.77711
100,-13.5003,-2.33296,-3.77711
101,-14.721,-2.47353,-2.95134
100,-14.721,-2.47353,-2.95134
101,-20.0362,-3.5202,-4.62016
100,-20.0362,-3.5202,-4.62016
101,-15.9027,-1.598,-2.33178
100,-15.9027,-1.598,-2.33178
101,-13.971,-1.29066,-2.73995
100,-13.971,-1.29066,-2.73995
101,-16.0879,-3.13136,-2.68889
100,-16.0879,-3.13136,-2.68889
101,-14.3657,-3.03796,-3.67232
100,-14.3657,-3.03796,-3.67232
101,-18.1312,2.63583,-0.0475473
100,-18.1312,2.63583,-0.0475473
101,-17.9231,1.16987,-2.6448
100,-17.9231,1.16987,-2.6448
101,-16.0357,0.351155,-0.856022
100,-16.0357,0.351155,-0.856022
101,-17.8827,0.800331,0.491246
100,-17.8827,0.800331,0.491246
101,-16.657,2.13645,0.410277
100,-16.657,2.13645,0.410277
101,-17.2797,2.05204,0.667146
100,-17.2797,2.05204,0.667146
101,-12.154,0.215735,-3.7099
100,-12.154,0.215735,-3.7099
101,-17.1581,1.17947,-3.1904
100,-17.1581,1.17947,-3.1904
101,-16.8668,1.31535,-4.0281
100,-16.8668,1.31535,-4.0281
101,-14.142,-0.0498378,-2.06254
100,-14.142,-0.0498378,-2.06254
101,-13.7962,-1.4117,0.486307
100,-13.7962,-1.4117,0.486307
101,-19.1183,2.85471,-0.103204
100,-19.1183,2.85471,-0.103204
101,-18.6798,2.26966,-0.146361
100,-18.6798,2.26966,-0.146361
101,-17.3142,2.99441,0.741418
100,-17.3142,2.99441,0.741418
101,-18.4251,-3.03292,-4.52259
100,-18.4251,-3.03292,-4.52259
101,-10.0894,-0.346049,-2.28128
100,-10.0894,-0.346049,-2.28128
101,-14.0783,-1.3092,-2.78855
100,-14.0783,-1.3092,-2.78855
101,-13.6145,-2.37015,-3.85005
100,-13.6145,-2.37015,-3.85005
101,-18.2057,3.46333,-3.61378
100,-18.2057,3.46333,-3.61378
101,-15.9027,-1.598,-2.33178
100,-15.9027,-1.598,-2.33178
101,-14.9922,-0.79803,-3.31298
100,-14.9922,-0.79803,-3.31298
101,-17.7604,-0.440318,0.974738
100,-17.7604,-0.440318,0.974738
101,-10.0548,-0.349658,-2.23817
100,-10.0548,-0.349658,-2.23817
101,-17.5966,2.08859,0.00424957
100,-17.5966,2.08859,0.00424957
101,-12.7746,-2.52643,-4.32112
100,-12.7746,-2.52643,-4.32112
101,-16.3535,-0.392373,-1.3858
100,-16.3535,-0.392373,-1.3858
101,-17.2536,0.326079,0.906567
100,-17.2536,0.326079,0.906567
101,-15.5109,-1.53389,-2.20981
100,-15.5109,-1.53389,-2.20981
101,-16.0587,1.21531,-3.63808
100,-16.0587,1.21531,-3.63808
101,-17.6172,2.31025,-4.43771
100,-17.6172,2.31025,-4.43771
101,-13.9075,0.075795,-2.44789
100,-13.9075,0.075795,-2.44789
101,-17.4754,1.18082,-3.24635
100,-17.4754,1.18082,-3.24635
101,-15.3605,-3.52729,-1.48403
100,-15.3605,-3.52729,-1.48403
101,-15.4831,-1.50422,-0.957854
100,-15.4831,-1.50422,-0.957854
101,-14.6073,-2.34723,-0.910215
100,-14.6073,-2.34723,-0.910215
101,-18.6833,0.103934,-2.56072
100,-18.6833,0.103934,-2.56072
101,-14.1507,-4.49329,-1.04085
100,-14.1507,-4.49329,-1.04085
101,-10.8295,-0.358407,-1.85531
100,-10.8295,-0.358407,-1.85531
101,-16.4752,2.66614,-3.61928
100,-16.4752,2.66614,-3.61928
101,-15.4765,1.74087,-3.83047
100,-15.4765,1.74087,-3.83047
101,-15.9008,3.00522,-3.66625
100,-15.9008,3.00522,-3.66625
101,-15.6524,4.42244,-4.24217
100,-15.6524,4.42244,-4.24217
101,-16.4438,3.37959,-0.0133216
100,-16.4438,3.37959,-0.0133216
101,-14.9027,-0.193239,-0.862001
100,-14.9027,-0.193239,-0.862001
101,-12.6736,-4.33746,-3.87705
100,-12.6736,-4.33746,-3.87705
101,-13.8815,-0.677579,-2.78376
100,-13.8815,-0.677579,-2.78376
101,-16.035,-1.49071,1.07465
100,-16.035,-1.49071,1.07465
101,-14.977,-4.73077,1.00743
100,-14.977,-4.73077,1.00743
101,-16.068,-2.89084,-3.55173
100,-16.068,-2.89084,-3.55173
101,-18.6917,2.15633,-1.20986
100,-18.6917,2.15633,-1.20986
101,-19.8165,0.116649,-2.85022
100,-19.8165,0.116649,-2.85022
101,-13.2267,0.929233,-4.33623
100,-13.2267,0.929233,-4.33623
101,-14.9194,4.4225,-2.67738
100,-14.9194,4.4225,-2.67738
101,-9.37903,-1.89724,0.0817587
100,-9.37903,-1.89724,0.0817587
101,-16.2753,-4.37381,0.998683
100,-16.2753,-4.37381,0.998683
101,-15.2594,1.68193,0.134419
100,-15.2594,1.68193,0.134419
101,-16.5386,2.6064,-0.0624385
100,-16.5386,2.6064,-0.0624385
101,-16.3474,2.75475,-2.15467
100,-16.3474,2.75475,-2.15467
101,-16.357,2.084,-3.917
100,-16.357,2.084,-3.917
101,-16.9364,2.81268,-0.627102
100,-16.9364,2.81268,-0.627102
101,-13.2437,0.264275,0.806103
100,-13.2437,0.264275,0.806103
101,-13.0887,-3.90802,-2.95355
100,-13.0887,-3.90802,-2.95355
101,-14.5044,-4.20429,-2.35219
100,-14.5044,-4.20429,-2.35219
101,-16.9367,3.3682,0.931738
100,-16.9367,3.3682,0.931738
101,-16.541,2.73407,-1.23348
99,-16.541,2.73407,-1.23348
101,-16.3106,-1.63211,-1.12927
99,-16.3106,-1.63211,-1.12927
101,-19.894,-3.40696,-5.16749
99,-19.894,-3.40696,-5.16749
101,-17.3758,1.90409,-1.10279
99,-17.3758,1.90409,-1.10279
101,-17.6951,2.17758,-0.00257074
99,-17.6951,2.17758,-0.00257074
101,-16.5295,-0.137232,-0.936371
99,-16.5295,-0.137232,-0.936371
101,-19.7864,-0.94528,-2.78929
99,-19.7864,-0.94528,-2.78929
101,-18.1714,1.28065,-3.49523
99,-18.1714,1.28065,-3.49523
101,-16.1553,2.78261,-3.18928
99,-16.1553,2.78261,-3.18928
101,-17.6259,1.96967,-1.90821
99,-17.6259,1.96967,-1.90821
101,-12.1907,-2.27283,-3.84611
99,-12.1907,-2.27283,-3.84611
101,-17.4525,-0.29082,-1.34877
99,-17.4525,-0.29082,-1.34877
101,-17.2174,3.31236,0.489949
99,-17.2174,3.31236,0.489949
101,-16.6731,-1.60059,1.0658
99,-16.6731,-1.60059,1.0658
101,-18.8464,-0.178692,-1.24896
99,-18.8464,-0.178692,-1.24896
101,-17.2893,2.04398,0.681256
99,-17.2893,2.04398,0.681256
101,-16.4098,-0.70026,1.51752
99,-16.4098,-0.70026,1.51752
101,-17.3611,0.354036,-1.34727
99,-17.3611,0.354036,-1.34727
101,-14.326,0.999035,-3.38046
99,-14.326,0.999035,-3.38046
101,-18.0545,5.20474,-4.9861
99,-18.0545,5.20474,-4.9861
101,-15.212,4.77622,-4.87575
99,-15.212,4.77622,-4.87575
101,-17.8667,3.16375,-1.13402
99,-17.8667,3.16375,-1.13402
101,-17.1114,-4.31376,-1.99133
99,-17.1114,-4.31376,-1.99133
101,-18.0406,0.836006,0.63581
99,-18.0406,0.836006,0.63581
101,-16.1208,-0.568332,1.09512
99,-16.1208,-0.568332,1.09512
101,-20.2751,1.34573,0.456874
99,-20.2751,1.34573,0.456874
101,-20.1724,-0.358227,-1.76431
99,-20.1724,-0.358227,-1.76431
101,-16.0605,-1.90699,-1.18775
98,-16.0605,-1.90699,-1.18775
101,-12.4194,-0.591948,0.435042
98,-12.4194,-0.591948,0.435042
101,-21.0122,3.17607,-4.42163
98,-21.0122,3.17607,-4.42163
101,-11.8854,-1.28448,-3.84102
98,-11.8854,-1.28448,-3.84102
101,-13.2026,0.160672,-3.14164
98,-13.2026,0.160672,-3.14164
101,-16.5539,-1.62638,1.15163
98,-16.5539,-1.62638,1.15163
101,-15.2017,-3.17581,-4.19164
98,-15.2017,-3.17581,-4.19164
101,-13.6834,-1.21196,-2.55176
98,-13.6834,-1.21196,-2.55176
101,-16.953,3.64498,-1.28805
98,-16.953,3.64498,-1.28805
101,-14.3032,0.0738118,-2.1566
98,-14.3032,0.0738118,-2.1566
101,-16.4855,-2.86483,-3.16231
98,-16.4855,-2.86483,-3.16231
101,-20.0852,0.100941,-2.97451
98,-20.0852,0.100941,-2.97451
101,-13.3222,-2.13347,-3.80416
98,-13.3222,-2.13347,-3.80416
101,-17.2196,2.90625,-1.85
98,-17.2196,2.90625,-1.85
101,-17.4249,3.78671,-1.3808
98,-17.4249,3.78671,-1.3808
101,-17.0387,-1.24947,-1.34493
97,-17.0387,-1.24947,-1.34493
101,-10.5862,-0.310159,-2.54789
97,-10.5862,-0.310159,-2.54789
101,-17.7892,1.02477,-0.507517
97,-17.7892,1.02477,-0.507517
101,-18.0029,2.14799,-3.45454
97,-18.0029,2.14799,-3.45454
101,-17.3736,-4.36759,-2.29763
95,-17.3736,-4.36759,-2.29763
101,-13.19,-4.05516,-2.87509
95,-13.19,-4.05516,-2.87509
101,-12.4042,-4.13514,-3.65425
95,-12.4042,-4.13514,-3.65425
101,-17.1147,2.91798,-1.82076
95,-17.1147,2.91798,-1.82076
101,-16.8544,1.00242,-2.31398
95,-16.8544,1.00242,-2.31398
101,-14.5453,-0.0519526,0.456662
94,-14.5453,-0.0519526,0.456662
101,-11.67,1.56412,-2.35599
94,-11.67,1.56412,-2.35599
101,-17.4502,1.89969,-0.11029
94,-17.4502,1.89969,-0.11029
101,-17.6246,0.932953,-0.495968
94,-17.6246,0.932953,-0.495968
101,-16.5745,-2.42515,-1.60434
93,-16.5745,-2.42515,-1.60434
101,-17.2892,3.33194,-1.51395
93,-17.2892,3.33194,-1.51395
101,-14.8302,-4.4025,1.08063
93,-14.8302,-4.4025,1.08063
101,-15.8754,-3.67904,-2.70178
93,-15.8754,-3.67904,-2.70178
101,-16.0983,-1.63386,-1.06346
91,-16.0983,-1.63386,-1.06346
101,-17.4065,2.49343,0.0187774
91,-17.4065,2.49343,0.0187774
101,-17.0939,3.66922,-1.01006
90,-17.0939,3.66922,-1.01006
101,-17.1216,3.86275,0.808529
90,-17.1216,3.86275,0.808529
101,-17.2687,1.93689,-1.3155
89,-17.2687,1.93689,-1.3155
101,-17.8267,2.17779,1.38516
89,-17.8267,2.17779,1.38516
102,-9.61395,-2.24893,0.188276
102,-9.6335,-2.26503,0.18055
102,-9.64224,-2.25978,0.188687
102,-9.58526,-2.25284,0.00791293
102,-9.59808,-2.25469,0.0138267
102,-9.61156,-2.26667,0.0101878
102,-9.50883,-2.50379,-0.959491
102,-10.0469,-2.36179,0.235561
102,-10.0605,-2.36922,0.236025
102,-9.99358,-2.83353,0.259066
102,-9.83498,-2.40617,-0.430802
102,-10.505,-2.28757,0.279949
102,-10.6047,-2.3808,0.260748
102,-10.172,-0.486137,-1.94872
102,-10.2453,-0.266643,-2.22644
102,-10.3786,-0.248591,-2.0889
102,-10.9136,-2.56078,0.338882
102,-10.429,-0.237434,-2.16096
102,-10.9942,-2.54545,0.347539
102,-11.0244,-2.53312,0.334609
102,-10.6314,-0.376982,-1.83347
102,-11.0448,-2.19553,0.135528
102,-11.0953,-2.27073,0.27974
102,-11.0702,-2.17854,0.134503
102,-11.145,-2.20318,0.177298
102,-11.0965,-2.12351,-0.00986719
102,-10.7345,-0.36236,-1.89516
102,-10.7308,-0.261876,-1.96445
102,-10.8332,-0.251956,-2.04517
102,-10.9543,-0.390568,-1.97226
102,-11.4358,-2.19061,0.117655
102,-11.2769,1.26643,-2.28932
102,-11.2749,1.23223,-2.31764
102,-11.603,-2.26224,0.278927
102,-11.6589,-2.24451,0.284858
102,-11.6751,-2.26284,0.289197
102,-11.4791,1.74319,-2.3208
102,-11.3819,1.18199,-2.51011
102,-11.4492,1.17898,-2.55115
102,-11.2885,-0.193459,-2.32315
102,-11.5972,1.23577,-2.24177
102,-11.8505,-2.03723,-0.0910094
102,-11.4995,-0.127632,-2.02156
102,-11.6111,1.02389,-2.32057
102,-11.816,-4.38136,0.93237
102,-11.3954,1.14347,-3.07615
102,-11.6529,1.03402,-2.34854
102,-11.6085,-0.291635,-1.81693
102,-11.9474,-2.05802,-0.0155258
102,-11.7778,1.2962,-2.38791
102,-11.9951,-3.9114,0.868845
102,-11.3931,-0.0967466,-2.71466
102,-12.0215,-3.84455,0.869806
102,-10.6943,-4.17222,-2.61877
102,-10.7072,-4.17579,-2.62898
102,-11.665,-0.0891573,-2.5065
102,-12.2355,-3.89034,0.885465
102,-12.2758,-4.05419,0.884503
102,-10.8398,-4.35693,-2.78431
102,-11.792,-1.01435,-2.10924
102,-11.973,-0.0553943,-2.13914
102,-12.0286,-0.120003,-2.05928
102,-11.5525,-0.0918416,-3.40032
102,-11.5716,-0.0952235,-3.41127
102,-11.9774,0.0168767,-2.69587
102,-12.0477,1.12912,-3.36165
102,-11.2782,-4.21866,-2.84188
102,-11.1172,-4.29242,-3.23785
102,-12.0433,-0.822448,-2.57579
102,-12.1218,1.11391,-3.39058
102,-12.0609,-0.828874,-2.58794
102,-11.3751,-4.29922,-2.86361
102,-11.3368,-4.09688,-3.23961
102,-11.7628,-1.31338,-3.76754
102,-12.4943,1.01778,-3.17931
102,-12.4089,0.840428,-3.34679
102,-12.2603,1.11346,-3.97524
102,-12.5423,0.841927,-3.1631
102,-12.5595,1.02695,-3.21904
102,-11.9421,-1.48086,-3.77883
102,-13.1948,-3.40121,0.544804
102,-11.9793,-1.46733,-3.78185
102,-12.6437,0.866445,-3.26241
102,-13.6368,-1.28711,0.479312
102,-13.6485,-1.19496,0.460666
102,-12.3145,0.219227,-3.83534
102,-11.9848,-1.42825,-3.88949
102,-12.1604,-1.29699,-3.50357
102,-11.9867,-1.81129,-3.76108
102,-13.2217,-3.46059,0.323398
102,-12.8431,-0.843314,-2.04354
102,-13.3395,-2.05575,-0.122108
102,-12.7162,0.873346,-3.30312
102,-12.7237,0.879536,-3.3044
102,-12.6613,0.87689,-3.5483
102,-12.2308,-1.32634,-3.56135
102,-12.6955,0.0757438,-3.07299
102,-12.9125,-0.843766,-2.07449
102,-12.1512,-2.45374,-3.35742
102,-13.4521,-2.09104,-0.113317
102,-14.0897,-1.9159,1.49399
102,-12.8103,0.880787,-3.36403
102,-13.9926,-1.88911,1.08948
102,-13.0167,0.164001,-2.62234
102,-12.1161,-2.24408,-3.79001
102,-12.3543,-1.36813,-3.64382
102,-12.1584,-2.27016,-3.80877
102,-13.9421,-0.963824,0.201622
102,-11.3445,-0.389644,-1.92768
101,-11.3445,-0.389644,-1.92768
102,-16.0208,-0.269361,-1.10305
101,-16.0208,-0.269361,-1.10305
102,-16.984,2.81016,-3.84982
101,-16.984,2.81016,-3.84982
102,-16.7702,-4.21251,-3.26792
101,-16.7702,-4.21251,-3.26792
102,-15.1508,-0.827276,-2.42895
101,-15.1508,-0.827276,-2.42895
102,-16.4768,2.87025,-3.31644
101,-16.4768,2.87025,-3.31644
102,-12.6288,-0.0850647,-2.08899
101,-12.6288,-0.0850647,-2.08899
102,-14.7649,-2.60409,-1.45729
101,-14.7649,-2.60409,-1.45729
102,-15.3228,-3.44556,-1.02047
101,-15.3228,-3.44556,-1.02047
102,-15.7847,-3.71032,-1.92502
101,-15.7847,-3.71032,-1.92502
102,-15.8025,-3.7178,-1.57971
101,-15.8025,-3.7178,-1.57971
102,-13.2529,-2.29892,-4.2632
101,-13.2529,-2.29892,-4.2632
102,-13.2526,-1.84623,-3.68158
101,-13.2526,-1.84623,-3.68158
102,-15.4445,-1.46814,-0.95652
101,-15.4445,-1.46814,-0.95652
102,-14.0773,-0.96914,0.193422
101,-14.0773,-0.96914,0.193422
102,-14.3366,1.31584,-3.56248
101,-14.3366,1.31584,-3.56248
102,-12.3412,-0.861647,-2.78884
101,-12.3412,-0.861647,-2.78884
102,-15.6278,-1.51996,-1.68765
101,-15.6278,-1.51996,-1.68765
102,-14.727,-1.611,-0.915619
101,-14.727,-1.611,-0.915619
102,-14.6481,-0.0372171,0.484951
101,-14.6481,-0.0372171,0.484951
102,-11.6669,1.07771,-2.717
101,-11.6669,1.07771,-2.717
102,-14.1254,-2.91676,0.4818
101,-14.1254,-2.91676,0.4818
102,-13.9322,-3.2298,0.39658
101,-13.9322,-3.2298,0.39658
102,-14.22,-3.15493,0.723078
101,-14.22,-3.15493,0.723078
102,-13.4393,0.752534,-4.48581
101,-13.4393,0.752534,-4.48581
102,-16.4228,-4.06775,-3.11641
101,-16.4228,-4.06775,-3.11641
102,-13.9772,-3.94634,-2.17066
101,-13.9772,-3.94634,-2.17066
102,-13.9589,1.256,-3.34098
101,-13.9589,1.256,-3.34098
102,-12.8863,-0.94943,-1.9187
101,-12.8863,-0.94943,-1.9187
102,-17.3495,-0.293479,1.0391
101,-17.3495,-0.293479,1.0391
102,-16.6021,-1.58886,1.0777
101,-16.6021,-1.58886,1.0777
102,-14.3819,-3.24092,1.50791
101,-14.3819,-3.24092,1.50791
102,-14.476,-4.27082,-4.8731
101,-14.476,-4.27082,-4.8731
102,-13.7807,-0.417426,-0.974479
101,-13.7807,-0.417426,-0.974479
102,-15.7922,1.74212,0.115289
101,-15.7922,1.74212,0.115289
102,-14.9677,1.64493,-3.54922
101,-14.9677,1.64493,-3.54922
102,-19.6511,2.33385,-4.92821
101,-19.6511,2.33385,-4.92821
102,-17.4524,3.11238,-1.28179
101,-17.4524,3.11238,-1.28179
102,-12.8761,-0.0215005,-2.96183
101,-12.8761,-0.0215005,-2.96183
102,-17.1013,0.324953,0.902713
101,-17.1013,0.324953,0.902713
102,-17.551,2.61023,-4.92943
101,-17.551,2.61023,-4.92943
102,-17.4354,1.17783,-3.23507
101,-17.4354,1.17783,-3.23507
102,-15.7068,-0.237895,-1.01771
101,-15.7068,-0.237895,-1.01771
102,-14.6881,-3.15479,-3.8504
101,-14.6881,-3.15479,-3.8504
102,-16.8001,-5.28028,-2.09718
101,-16.8001,-5.28028,-2.09718
102,-15.4721,-1.50305,-0.961028
101,-15.4721,-1.50305,-0.961028
102,-11.8661,-3.8484,-2.62139
101,-11.8661,-3.8484,-2.62139
102,-11.0334,-0.37056,-1.98858
101,-11.0334,-0.37056,-1.98858
102,-16.132,2.72092,-1.05057
101,-16.132,2.72092,-1.05057
102,-16.1855,2.79349,-4.09286
101,-16.1855,2.79349,-4.09286
102,-16.8833,3.32844,-4.15369
101,-16.8833,3.32844,-4.15369
102,-17.2506,4.83263,-4.58435
101,-17.2506,4.83263,-4.58435
102,-15.1618,2.38781,-0.702874
101,-15.1618,2.38781,-0.702874
102,-20.7534,5.18751,-0.656958
101,-20.7534,5.18751,-0.656958
102,-16.7749,-1.64664,1.14448
101,-16.7749,-1.64664,1.14448
102,-17.6164,0.0891619,-2.26497
101,-17.6164,0.0891619,-2.26497
102,-16.9727,-1.37126,-2.51211
101,-16.9727,-1.37126,-2.51211
102,-14.9962,-3.28597,-4.0087
101,-14.9962,-3.28597,-4.0087
102,-14.9105,-4.69515,0.980862
101,-14.9105,-4.69515,0.980862
102,-9.84157,-2.79353,-0.605187
101,-9.84157,-2.79353,-0.605187
102,-8.0925,-0.263496,0.745858
101,-8.0925,-0.263496,0.745858
102,-18.243,4.1193,-1.49275
101,-18.243,4.1193,-1.49275
102,-23.1562,7.30122,-3.9825
101,-23.1562,7.30122,-3.9825
102,-16.0844,-1.50678,1.07028
101,-16.0844,-1.50678,1.07028
102,-17.4656,2.1195,0.0253363
101,-17.4656,2.1195,0.0253363
102,-16.1727,1.69567,-1.10291
101,-16.1727,1.69567,-1.10291
102,-16.1334,1.6883,-0.818293
101,-16.1334,1.6883,-0.818293
102,-13.7468,-4.3487,-5.07439
101,-13.7468,-4.3487,-5.07439
102,-14.5623,2.71982,0.133275
101,-14.5623,2.71982,0.133275
102,-16.368,3.16754,-3.88394
101,-16.368,3.16754,-3.88394
102,-13.8048,-0.661772,-2.74523
101,-13.8048,-0.661772,-2.74523
102,-14.0876,0.0823618,-2.10769
101,-14.0876,0.0823618,-2.10769
102,-16.8492,-1.46126,-2.62732
101,-16.8492,-1.46126,-2.62732
102,-13.076,-3.47644,-3.79302
101,-13.076,-3.47644,-3.79302
102,-18.6304,3.16837,-0.235354
101,-18.6304,3.16837,-0.235354
102,-16.3479,1.88697,1.29433
101,-16.3479,1.88697,1.29433
102,-14.1216,-3.07791,1.24961
101,-14.1216,-3.07791,1.24961
102,-17.1856,1.90375,-0.997992
101,-17.1856,1.90375,-0.997992
102,-16.2506,-3.90378,-1.73033
101,-16.2506,-3.90378,-1.73033
102,-13.4908,-2.17989,-3.94418
101,-13.4908,-2.17989,-3.94418
102,-16.6529,0.0960544,-1.98941
101,-16.6529,0.0960544,-1.98941
102,-17.8687,0.831516,0.636752
101,-17.8687,0.831516,0.636752
102,-13.4214,1.78449,0.722436
101,-13.4214,1.78449,0.722436
102,-15.2683,-4.67511,-2.66636
101,-15.2683,-4.67511,-2.66636
102,-16.9802,0.790167,0.686281
101,-16.9802,0.790167,0.686281
102,-9.74078,-2.69554,-0.564503
101,-9.74078,-2.69554,-0.564503
102,-16.5365,2.73728,-3.72619
100,-16.5365,2.73728,-3.72619
102,-19.3253,0.692975,-0.572829
100,-19.3253,0.692975,-0.572829
102,-15.2128,-0.890252,-3.32806
100,-15.2128,-0.890252,-3.32806
102,-15.4483,-3.87761,-2.10989
100,-15.4483,-3.87761,-2.10989
102,-18.4039,1.55994,0.369134
100,-18.4039,1.55994,0.369134
102,-18.4594,2.12725,-4.38141
100,-18.4594,2.12725,-4.38141
102,-17.232,1.29688,0.74313
100,-17.232,1.29688,0.74313
102,-12.6336,-1.51097,-3.49428
100,-12.6336,-1.51097,-3.49428
102,-16.7215,-4.45846,-2.50746
100,-16.7215,-4.45846,-2.50746
102,-17.5772,-4.86077,-2.00831
100,-17.5772,-4.86077,-2.00831
102,-13.592,-2.00476,-4.03513
100,-13.592,-2.00476,-4.03513
102,-14.8338,-0.899636,-2.81989
100,-14.8338,-0.899636,-2.81989
102,-15.8131,-2.62987,-4.29035
100,-15.8131,-2.62987,-4.29035
102,-19.2638,3.83875,-3.61068
100,-19.2638,3.83875,-3.61068
102,-17.6115,5.27757,-5.14893
100,-17.6115,5.27757,-5.14893
102,-13.8201,-3.49719,-4.22816
100,-13.8201,-3.49719,-4.22816
102,-12.9183,-4.28026,-4.8927
100,-12.9183,-4.28026,-4.8927
102,-16.8457,3.6064,-1.23149
100,-16.8457,3.6064,-1.23149
102,-17.4988,0.970811,-0.482044
100,-17.4988,0.970811,-0.482044
102,-12.7593,-4.16716,-4.75194
100,-12.7593,-4.16716,-4.75194
102,-15.7242,-1.56061,-1.01191
100,-15.7242,-1.56061,-1.01191
102,-16.4405,0.335892,0.895844
100,-16.4405,0.335892,0.895844
102,-15.7403,0.336016,0.0675698
100,-15.7403,0.336016,0.0675698
102,-17.0195,4.94816,-3.42733
100,-17.0195,4.94816,-3.42733
102,-16.6032,2.74218,-1.69729
100,-16.6032,2.74218,-1.69729
102,-16.0564,0.339739,0.0501491
100,-16.0564,0.339739,0.0501491
102,-10.6,-2.30817,0.367866
100,-10.6,-2.30817,0.367866
102,-15.1827,-1.48908,-0.905952
100,-15.1827,-1.48908,-0.905952
102,-16.0486,-0.684962,1.03869
100,-16.0486,-0.684962,1.03869
102,-16.7238,4.647,-4.39988
100,-16.7238,4.647,-4.39988
102,-17.3766,-0.440111,-1.64136
98,-17.3766,-0.440111,-1.64136
102,-16.258,-1.12055,-2.62609
98,-16.258,-1.12055,-2.62609
102,-14.8948,-2.10686,-1.11174
98,-14.8948,-2.10686,-1.11174
102,-14.3408,-0.855894,0.385211
98,-14.3408,-0.855894,0.385211
102,-17.6883,2.52953,-0.0124286
98,-17.6883,2.52953,-0.0124286
102,-17.1772,-0.505613,-1.02053
98,-17.1772,-0.505613,-1.02053
102,-18.6893,0.60261,-0.345709
98,-18.6893,0.60261,-0.345709
102,-13.1925,-3.9256,-2.67714
98,-13.1925,-3.9256,-2.67714
102,-16.7666,2.62488,-0.998302
98,-16.7666,2.62488,-0.998302
102,-17.1884,1.29659,0.770895
98,-17.1884,1.29659,0.770895
102,-15.2328,-4.97783,-1.85802
98,-15.2328,-4.97783,-1.85802
102,-17.5119,0.900218,-0.46525
98,-17.5119,0.900218,-0.46525
102,-17.5543,0.194381,0.933499
97,-17.5543,0.194381,0.933499
102,-17.7329,1.97803,-1.75182
97,-17.7329,1.97803,-1.75182
102,-16.8333,2.95824,-1.20785
97,-16.8333,2.95824,-1.20785
102,-17.4985,0.602499,-0.167249
95,-17.4985,0.602499,-0.167249
102,-14.8235,4.60279,-4.59482
95,-14.8235,4.60279,-4.59482
102,-15.7536,-2.66837,-2.8878
95,-15.7536,-2.66837,-2.8878
102,-16.8141,4.28484,0.907689
94,-16.8141,4.28484,0.907689
102,-17.396,-0.690874,1.08037
94,-17.396,-0.690874,1.08037
102,-16.4429,-4.44327,1.00763
94,-16.4429,-4.44327,1.00763
102,-17.1593,3.82098,-0.316107
93,-17.1593,3.82098,-0.316107
102,-14.2443,-4.01765,-2.93
93,-14.2443,-4.01765,-2.93
102,-17.3504,0.803655,-0.462977
93,-17.3504,0.803655,-0.462977
102,-17.3817,0.804822,-0.461884
93,-17.3817,0.804822,-0.461884
102,-17.6529,2.29373,0.684413
91,-17.6529,2.29373,0.684413
102,-17.4321,0.14384,0.991693
91,-17.4321,0.14384,0.991693
103,-9.68158,-2.24263,-0.17237
103,-9.9284,-2.20694,-0.0222083
103,-9.97214,-2.14941,-0.0906382
103,-10.075,-2.37482,0.227133
103,-10.3786,-2.89153,0.31429
103,-10.3974,-2.88038,0.300513
103,-10.3945,-2.9361,0.295129
103,-10.5592,-2.30671,0.24842
103,-10.1579,-0.489087,-1.94271
103,-10.264,-0.311124,-2.03929
103,-10.3785,-0.427094,-1.80954
103,-10.9903,-2.38471,0.296511
103,-11.0235,-2.62305,0.317342
103,-10.6832,-0.372947,-1.85292
103,-11.0543,-2.19583,-0.0380876
103,-11.2755,-2.17197,-0.134629
103,-11.2996,1.26959,-2.29837
103,-11.101,-0.328408,-2.01095
103,-11.1006,-0.32105,-2.01754
103,-11.475,1.58156,-2.22511
103,-11.6147,-2.13437,0.176577
103,-11.5099,1.79363,-2.32968
103,-11.6752,-2.24607,0.276905
103,-11.4784,1.34605,-2.24426
103,-11.712,-2.27812,0.276677
103,-11.5838,1.82693,-2.37759
103,-11.4118,1.20417,-2.55876
103,-11.671,-2.08718,-0.0574002
103,-11.6848,-2.09587,-0.0658175
103,-11.401,-0.151956,-2.0051
103,-11.388,-0.477179,-1.94597
103,-11.8561,-2.03708,-0.0499969
103,-11.6566,0.979675,-2.33182
103,-11.7367,1.09493,-2.41442
103,-12.0812,-2.18896,0.237198
103,-12.2296,-2.28249,0.237207
103,-11.8953,-0.228506,-1.8456
103,-11.5976,-0.0800929,-2.8322
103,-11.8853,1.03145,-2.85912
103,-12.2173,-0.206681,-1.81928
103,-11.9147,-1.20613,-2.13561
103,-11.9198,-0.795821,-2.50139
103,-12.1421,1.10399,-3.06017
103,-12.1571,0.0290699,-2.4406
103,-12.1951,-0.93659,-2.20185
103,-12.237,-0.934642,-2.31061
103,-11.4664,-4.11357,-2.66239
103,-12.2737,-0.958505,-2.24634
103,-12.2576,0.0315036,-2.89947
103,-12.9377,-2.03729,-0.122126
103,-12.4448,0.827081,-3.11
103,-12.7182,-0.146651,-1.90415
103,-12.7106,-0.0876426,-2.13367
103,-12.1369,-1.37063,-3.05398
103,-12.4611,0.846969,-3.40233
103,-11.6612,-4.13096,-2.88211
103,-12.7721,-0.0872718,-2.16027
103,-12.119,-1.27048,-3.44629
103,-11.9302,-1.76942,-3.84122
103,-11.6888,-4.03601,-3.25899
103,-13.883,-1.47809,1.15143
103,-11.9247,-2.19935,-3.73321
103,-12.5157,0.187662,-3.62843
103,-12.0906,-1.49047,-3.88067
103,-12.0475,-1.75704,-3.91854
103,-12.0201,-2.24273,-3.83287
103,-13.9328,-0.587195,0.381984
103,-13.1334,0.0249789,-2.16027
103,-13.2707,-0.103183,-1.76689
103,-12.6093,0.197268,-3.71303
103,-13.8305,-1.41796,0.460747
103,-12.9831,0.0279924,-2.61451
103,-12.1025,-2.24688,-3.7591
103,-12.8739,0.918509,-3.44568
103,-12.1309,-2.04156,-3.83467
103,-12.4501,-1.50577,-3.28181
103,-13.1901,0.0101568,-2.20298
103,-12.1586,-2.39894,-3.67232
103,-13.7376,-2.32009,0.497291
103,-13.5582,-2.09521,-0.110659
103,-13.2433,0.102469,-2.18601
103,-13.1884,0.0132062,-2.37202
103,-14.0946,-0.60356,0.377434
103,-12.3251,-1.76064,-3.76893
103,-13.4122,-0.0489666,-1.7976
103,-12.1414,-4.3239,-2.87788
103,-12.3096,-1.75658,-3.91024
103,-13.059,0.127586,-2.94932
103,-12.3398,-1.76937,-3.93904
103,-13.4555,2.3455,-3.22693
103,-13.3759,0.0904654,-2.23382
103,-13.1955,-0.570665,-2.44505
103,-12.1633,-4.0211,-3.3437
103,-12.9241,0.925393,-4.05575
103,-13.5599,0.0850548,-1.90064
103,-13.964,-2.4101,0.50649
103,-13.9688,-2.40481,0.490375
103,-13.5858,-0.046687,-1.85989
103,-13.5939,0.070987,-1.92689
103,-12.5107,-4.17125,-2.80325
103,-16.8553,0.626664,-1.98828
102,-16.8553,0.626664,-1.98828
103,-14.7636,0.0263239,0.480601
102,-14.7636,0.0263239,0.480601
103,-16.8683,1.75973,-1.79829
102,-16.8683,1.75973,-1.79829
103,-15.9538,-1.97961,-0.34174
102,-15.9538,-1.97961,-0.34174
103,-15.3182,-3.81463,-1.41402
102,-15.3182,-3.81463,-1.41402
103,-13.9856,-3.25063,0.378139
102,-13.9856,-3.25063,0.378139
103,-14,-3.57596,-4.35882
102,-14,-3.57596,-4.35882
103,-13.5058,-1.9064,-1.81038
102,-13.5058,-1.9064,-1.81038
103,-15.4114,-3.39097,-4.47172
102,-15.4114,-3.39097,-4.47172
103,-14.9474,-3.69645,-2.71195
102,-14.9474,-3.69645,-2.71195
103,-15.3119,0.284944,-0.732577
102,-15.3119,0.284944,-0.732577
103,-17.2181,0.804335,-0.254388
102,-17.2181,0.804335,-0.254388
103,-16.5757,0.684615,-1.30371
102,-16.5757,0.684615,-1.30371
103,-15.4866,-0.991682,-0.830882
102,-15.4866,-0.991682,-0.830882
103,-19.5858,-1.50488,-2.76266
102,-19.5858,-1.50488,-2.76266
103,-15.4889,-1.47195,-0.972967
102,-15.4889,-1.47195,-0.972967
103,-17.2299,1.8584,-0.0986806
102,-17.2299,1.8584,-0.0986806
103,-17.2828,1.89141,-1.70365
102,-17.2828,1.89141,-1.70365
103,-18.9726,2.21504,-1.39519
102,-18.9726,2.21504,-1.39519
103,-19.4505,-0.136763,-3.34119
102,-19.4505,-0.136763,-3.34119
103,-15.6564,1.55827,0.0117088
102,-15.6564,1.55827,0.0117088
103,-16.8091,1.77953,-1.00147
102,-16.8091,1.77953,-1.00147
103,-14.3718,-2.84567,-2.3166
102,-14.3718,-2.84567,-2.3166
103,-20.5525,-1.51088,-3.11246
102,-20.5525,-1.51088,-3.11246
103,-15.6095,-4.56729,-3.42658
102,-15.6095,-4.56729,-3.42658
103,-15.405,-3.62767,-1.58397
102,-15.405,-3.62767,-1.58397
103,-15.6278,-4.98875,-5.85683
102,-15.6278,-4.98875,-5.85683
103,-13.2796,-3.92547,-4.41958
102,-13.2796,-3.92547,-4.41958
103,-13.1149,-3.95193,-3.37174
102,-13.1149,-3.95193,-3.37174
103,-17.0884,-0.554292,-1.76847
102,-17.0884,-0.554292,-1.76847
103,-16.6723,-1.49152,-2.59986
102,-16.6723,-1.49152,-2.59986
103,-17.151,0.322075,0.884024
102,-17.151,0.322075,0.884024
103,-15.5381,-4.05966,0.926085
102,-15.5381,-4.05966,0.926085
103,-15.5649,-2.02588,1.01859
102,-15.5649,-2.02588,1.01859
103,-15.184,-4.8757,0.92487
102,-15.184,-4.8757,0.92487
103,-14.7317,1.5922,-3.42398
102,-14.7317,1.5922,-3.42398
103,-17.1531,1.85441,-3.81022
102,-17.1531,1.85441,-3.81022
103,-16.636,2.95916,-4.32243
102,-16.636,2.95916,-4.32243
103,-16.5091,-0.879531,-2.5462
102,-16.5091,-0.879531,-2.5462
103,-11.5711,-0.374729,-2.33435
102,-11.5711,-0.374729,-2.33435
103,-21.6318,-0.841656,-4.00819
102,-21.6318,-0.841656,-4.00819
103,-15.5447,3.98484,-3.68542
102,-15.5447,3.98484,-3.68542
103,-16.8452,1.10751,-3.0105
102,-16.8452,1.10751,-3.0105
103,-17.005,2.36106,0.0185941
102,-17.005,2.36106,0.0185941
103,-17.6945,3.77255,-1.2743
102,-17.6945,3.77255,-1.2743
103,-15.2441,-3.39594,-2.55232
102,-15.2441,-3.39594,-2.55232
103,-15.0202,-5.11116,-2.1759
102,-15.0202,-5.11116,-2.1759
103,-15.0434,-4.7896,0.927769
102,-15.0434,-4.7896,0.927769
103,-13.8763,-3.74443,-3.27126
102,-13.8763,-3.74443,-3.27126
103,-13.9127,-1.10923,-2.35871
102,-13.9127,-1.10923,-2.35871
103,-16.3626,2.61738,-3.55265
102,-16.3626,2.61738,-3.55265
103,-14.8714,2.09578,-0.664992
102,-14.8714,2.09578,-0.664992
103,-15.452,2.82978,-3.44337
102,-15.452,2.82978,-3.44337
103,-16.5148,3.63474,0.800206
102,-16.5148,3.63474,0.800206
103,-17.1163,1.26242,0.751827
102,-17.1163,1.26242,0.751827
103,-16.8634,0.899539,-0.429551
102,-16.8634,0.899539,-0.429551
103,-15.4051,-5.38063,-2.31509
102,-15.4051,-5.38063,-2.31509
103,-15.4335,-1.95694,-2.12404
102,-15.4335,-1.95694,-2.12404
103,-16.5684,-1.57934,1.07506
102,-16.5684,-1.57934,1.07506
103,-14.6171,-3.89368,-4.78898
102,-14.6171,-3.89368,-4.78898
103,-16.9149,3.39543,0.954765
102,-16.9149,3.39543,0.954765
103,-14.5197,1.52146,-3.62056
102,-14.5197,1.52146,-3.62056
103,-14.3088,-3.14296,1.22409
102,-14.3088,-3.14296,1.22409
103,-15.4926,2.28413,-0.00503727
102,-15.4926,2.28413,-0.00503727
103,-17.2495,1.87023,-0.992306
102,-17.2495,1.87023,-0.992306
103,-15.9026,2.15261,-4.08194
102,-15.9026,2.15261,-4.08194
103,-18.1599,3.20179,-2.08732
102,-18.1599,3.20179,-2.08732
103,-15.1569,-1.5102,-0.883023
102,-15.1569,-1.5102,-0.883023
103,-17.3389,0.368983,0.961895
102,-17.3389,0.368983,0.961895
103,-12.3984,-4.09514,-3.61204
102,-12.3984,-4.09514,-3.61204
103,-15.6232,-0.740538,-3.24104
101,-15.6232,-0.740538,-3.24104
103,-14.7767,-2.59842,-2.69798
101,-14.7767,-2.59842,-2.69798
103,-14.7506,-2.67641,-2.20672
101,-14.7506,-2.67641,-2.20672
103,-16.8469,-4.40166,-3.41228
101,-16.8469,-4.40166,-3.41228
103,-17.8375,0.78455,-0.625498
101,-17.8375,0.78455,-0.625498
103,-16.9529,2.02883,0.0339188
101,-16.9529,2.02883,0.0339188
103,-17.4329,2.12471,0.00108053
101,-17.4329,2.12471,0.00108053
103,-14.288,-4.05897,-4.60394
101,-14.288,-4.05897,-4.60394
103,-15.6715,-3.57369,-2.71227
101,-15.6715,-3.57369,-2.71227
103,-17.3724,0.741739,0.579311
101,-17.3724,0.741739,0.579311
103,-14.2752,-1.3242,-2.80897
101,-14.2752,-1.3242,-2.80897
103,-17.6659,2.20494,1.16039
101,-17.6659,2.20494,1.16039
103,-17.281,2.43904,0.00497978
101,-17.281,2.43904,0.00497978
103,-14.0402,-3.60113,-4.38587
101,-14.0402,-3.60113,-4.38587
103,-19.4631,0.943445,-2.78719
101,-19.4631,0.943445,-2.78719
103,-17.8706,0.350598,0.919306
101,-17.8706,0.350598,0.919306
103,-13.8555,-3.73808,-3.26476
101,-13.8555,-3.73808,-3.26476
103,-17.8674,2.24163,1.47238
101,-17.8674,2.24163,1.47238
103,-17.8243,2.2367,1.1701
101,-17.8243,2.2367,1.1701
103,-17.5275,3.60847,-0.00379427
101,-17.5275,3.60847,-0.00379427
103,-16.764,-0.148823,-0.928212
101,-16.764,-0.148823,-0.928212
103,-21.5877,-0.189384,-3.71177
101,-21.5877,-0.189384,-3.71177
103,-18.6304,0.844173,-2.56336
101,-18.6304,0.844173,-2.56336
103,-17.8867,3.0993,-2.03754
101,-17.8867,3.0993,-2.03754
103,-17.2564,4.83314,-4.58694
101,-17.2564,4.83314,-4.58694
103,-17.2771,4.8471,-4.58418
101,-17.2771,4.8471,-4.58418
103,-17.4772,3.83626,-1.39426
101,-17.4772,3.83626,-1.39426
103,-13.9672,0.556011,-1.25403
101,-13.9672,0.556011,-1.25403
103,-14.8603,1.45025,-3.2899
101,-14.8603,1.45025,-3.2899
103,-19.7499,-0.322655,-1.7277
101,-19.7499,-0.322655,-1.7277
103,-16.6441,0.789696,-2.00274
100,-16.6441,0.789696,-2.00274
103,-12.5926,-1.49862,-3.46845
100,-12.5926,-1.49862,-3.46845
103,-17.1915,-0.629338,1.02499
100,-17.1915,-0.629338,1.02499
103,-16.0527,-4.21845,-3.20332
100,-16.0527,-4.21845,-3.20332
103,-12.5113,-3.98758,-4.53205
100,-12.5113,-3.98758,-4.53205
103,-17.2639,0.433639,0.072445
100,-17.2639,0.433639,0.072445
103,-21.6438,5.62877,-4.73783
100,-21.6438,5.62877,-4.73783
103,-16.1833,3.36257,-0.0116961
100,-16.1833,3.36257,-0.0116961
103,-14.524,-3.26357,1.2976
100,-14.524,-3.26357,1.2976
103,-12.9959,-1.68007,0.685179
100,-12.9959,-1.68007,0.685179
103,-16.3945,-0.686173,1.52538
100,-16.3945,-0.686173,1.52538
103,-14.1093,-4.06314,-4.57333
100,-14.1093,-4.06314,-4.57333
103,-17.5526,3.75484,0.907052
100,-17.5526,3.75484,0.907052
103,-17.4016,0.436749,0.0612092
100,-17.4016,0.436749,0.0612092
103,-17.5622,0.440156,0.0478574
100,-17.5622,0.440156,0.0478574
103,-17.7204,1.36461,-0.472459
98,-17.7204,1.36461,-0.472459
103,-15.8854,-3.75472,-1.94032
98,-15.8854,-3.75472,-1.94032
103,-16.645,-1.54543,-0.548246
97,-16.645,-1.54543,-0.548246
103,-21.1798,2.30418,-3.50795
97,-21.1798,2.30418,-3.50795
103,-15.7748,-1.8404,-1.12802
97,-15.7748,-1.8404,-1.12802
103,-17.278,-1.13129,1.10871
97,-17.278,-1.13129,1.10871
103,-15.2686,-0.20288,0.426383
95,-15.2686,-0.20288,0.426383
103,-14.1453,-0.116483,0.456833
95,-14.1453,-0.116483,0.456833
103,-16.4111,-4.69313,0.977503
95,-16.4111,-4.69313,0.977503
103,-15.3129,-5.33765,-2.2422
95,-15.3129,-5.33765,-2.2422
103,-16.7322,3.09761,0.501052
95,-16.7322,3.09761,0.501052
103,-12.1578,-2.47764,0.848161
94,-12.1578,-2.47764,0.848161
103,-14.9645,-3.12332,-4.06685
93,-14.9645,-3.12332,-4.06685
103,-17.3106,1.84988,-1.77527
91,-17.3106,1.84988,-1.77527
103,-17.1391,3.27092,0.900957
91,-17.1391,3.27092,0.900957
104,-9.7283,-2.25357,0.167528
104,-9.93628,-2.20196,-0.0265006
104,-9.93735,-2.14796,-0.0897224
104,-9.96073,-2.19716,-0.0252708
104,-9.95963,-2.18292,-0.0982766
104,-10.3203,-1.7091,0.586508
104,-10.6997,-2.28922,0.192263
104,-10.3441,-0.552771,-1.91264
104,-10.4084,-0.428771,-1.83911
104,-10.9659,-2.51195,0.3292
104,-10.6744,-0.375229,-1.88445
104,-11.0172,-2.21965,-0.0303381
104,-11.1032,-2.18399,0.164141
104,-11.1079,-2.13569,-0.0304771
104,-11.3719,-2.14527,-0.191137
104,-11.5906,-2.21222,0.277164
104,-11.4556,1.76041,-2.28212
104,-11.6522,-2.26856,0.276441
104,-11.4754,1.3324,-2.25464
104,-11.6938,-2.24143,0.253587
104,-11.3578,-0.473751,-1.91354
104,-11.3805,-0.471352,-1.9606
104,-11.4403,-0.118259,-2.07432
104,-11.4554,-0.122246,-2.0395
104,-11.6001,0.968232,-2.29533
104,-11.8183,-2.01746,-0.0948911
104,-11.6219,1.01938,-2.33902
104,-12.0548,-2.08179,0.171506
104,-11.7502,1.07235,-2.40704
104,-11.8053,1.22464,-2.54465
104,-11.8349,-0.262865,-1.85629
104,-11.8704,-0.304105,-1.86312
104,-11.7409,-1.00866,-2.07583
104,-11.7935,-1.00646,-2.12153
104,-11.0412,-4.18509,-2.60389
104,-11.8405,-1.19751,-2.08192
104,-12.5426,-2.00142,0.0697936
104,-12.6639,-2.05906,0.0614102
104,-11.4369,-4.08279,-2.66132
104,-13.144,-1.6649,0.692326
104,-12.8624,-2.15874,0.0511566
104,-12.4853,-0.0742146,-2.16224
104,-12.8822,-2.01854,-0.111501
104,-11.589,-4.23678,-2.76893
104,-11.6167,-4.26506,-2.82279
104,-12.0294,-1.25838,-3.40427
104,-12.4509,0.848214,-3.405
104,-13.1022,-3.34535,0.515874
104,-13.1714,-2.01608,-0.0775223
104,-13.1723,-2.00322,-0.113852
104,-13.5496,-1.18247,0.447163
104,-13.1089,-3.45181,0.468905
104,-13.577,-0.964333,0.387796
104,-12.7714,-0.0761901,-2.32038
104,-13.5777,-0.983013,0.362736
104,-13.6293,-1.19483,0.438614
104,-12.709,0.866409,-3.30536
104,-12.7139,0.882536,-3.31507
104,-13.9242,-1.48557,1.14481
104,-12.1453,-2.43913,-3.35211
104,-12.4649,-1.42728,-3.13712
104,-12.0729,-2.11053,-3.84276
104,-12.6099,0.206421,-3.72778
104,-13.296,-0.0455178,-1.76485
104,-12.5203,-1.4637,-3.23088
104,-13.3211,2.30896,-3.15589
104,-12.8918,0.228339,-3.22108
104,-12.2675,-1.74322,-3.89055
104,-12.1144,-2.44496,-4.02541
104,-13.8041,-2.3625,0.499891
104,-13.1589,0.164347,-2.70703
104,-13.1679,0.17329,-2.71991
104,-14.0188,-0.978439,0.187381
104,-13.7065,-1.91953,-0.157713
104,-12.1225,-3.92626,-3.46727
104,-12.6453,-1.54376,-3.42751
104,-13.1452,0.140598,-3.03038
104,-13.3708,0.189563,-2.63866
104,-13.6179,0.0952877,-1.92131
104,-13.1433,-0.70636,-2.80542
104,-14.0132,-2.43216,0.477374
104,-14.4879,0.0331152,0.412502
104,-12.5101,-3.99655,-2.8334
104,-13.0977,0.188362,-3.53015
104,-13.8851,-3.21776,0.379866
104,-12.4563,-4.34259,-3.04475
104,-12.3388,-4.12612,-3.66017
104,-13.3715,0.153396,-3.17906
104,-13.6709,1.35669,-3.14729
104,-12.4915,-4.05887,-3.45113
104,-15.6014,1.91181,-3.50708
103,-15.6014,1.91181,-3.50708
104,-14.6268,-2.9956,-0.111944
103,-14.6268,-2.9956,-0.111944
104,-16.5654,-0.422791,-3.35138
103,-16.5654,-0.422791,-3.35138
104,-14.746,1.7851,-3.73246
103,-14.746,1.7851,-3.73246
104,-14.3252,1.77464,-3.16288
103,-14.3252,1.77464,-3.16288
104,-15.5083,-3.67448,-1.58029
103,-15.5083,-3.67448,-1.58029
104,-13.2453,-1.89239,-3.79411
103,-13.2453,-1.89239,-3.79411
104,-17.8668,0.494251,-2.03263
103,-17.8668,0.494251,-2.03263
104,-18.2107,1.07283,-1.92759
103,-18.2107,1.07283,-1.92759
104,-17.3391,-0.528815,-1.0699
103,-17.3391,-0.528815,-1.0699
104,-17.1388,-0.576529,-1.56794
103,-17.1388,-0.576529,-1.56794
104,-17.3847,2.10731,-0.00496107
103,-17.3847,2.10731,-0.00496107
104,-13.9164,0.928382,-3.58704
103,-13.9164,0.928382,-3.58704
104,-13.871,0.587623,-4.01459
103,-13.871,0.587623,-4.01459
104,-11.1809,-0.20605,-2.46404
103,-11.1809,-0.20605,-2.46404
104,-15.0529,1.48581,-3.36005
103,-15.0529,1.48581,-3.36005
104,-15.3445,2.43456,-4.09613
103,-15.3445,2.43456,-4.09613
104,-15.7322,2.43864,-3.27838
103,-15.7322,2.43864,-3.27838
104,-12.3448,0.0505936,-1.73674
103,-12.3448,0.0505936,-1.73674
104,-17.2882,0.719594,-2.19326
103,-17.2882,0.719594,-2.19326
104,-13.6905,0.893956,-3.44391
103,-13.6905,0.893956,-3.44391
104,-15.4418,-3.88347,-1.46244
103,-15.4418,-3.88347,-1.46244
104,-17.9842,0.882095,-0.322264
103,-17.9842,0.882095,-0.322264
104,-12.9435,-2.1482,-4.0916
103,-12.9435,-2.1482,-4.0916
104,-16.4326,-0.797386,-2.68353
103,-16.4326,-0.797386,-2.68353
104,-17.0897,1.27374,0.726301
103,-17.0897,1.27374,0.726301
104,-14.7391,1.68956,-3.05784
103,-14.7391,1.68956,-3.05784
104,-17.1688,0.308635,0.883516
103,-17.1688,0.308635,0.883516
104,-16.3333,-0.422785,-3.2394
103,-16.3333,-0.422785,-3.2394
104,-14.4071,-4.05452,-3.62107
103,-14.4071,-4.05452,-3.62107
104,-13.2307,-3.92034,-2.69313
103,-13.2307,-3.92034,-2.69313
104,-16.8839,-0.608694,1.15965
103,-16.8839,-0.608694,1.15965
104,-13.0863,-3.96882,-2.85183
103,-13.0863,-3.96882,-2.85183
104,-15.0412,-5.10709,-2.18107
103,-15.0412,-5.10709,-2.18107
104,-15.6612,-4.28724,0.935652
103,-15.6612,-4.28724,0.935652
104,-19.6437,0.0531958,-2.83348
103,-19.6437,0.0531958,-2.83348
104,-15.0651,2.66712,-4.05419
103,-15.0651,2.66712,-4.05419
104,-14.8886,-0.118796,0.437063
103,-14.8886,-0.118796,0.437063
104,-23.7334,6.47435,-5.56088
103,-23.7334,6.47435,-5.56088
104,-17.2217,-0.294955,1.04596
103,-17.2217,-0.294955,1.04596
104,-14.9069,-3.24829,-3.97335
103,-14.9069,-3.24829,-3.97335
104,-14.4577,-3.05254,0.485865
103,-14.4577,-3.05254,0.485865
104,-15.7771,-4.35018,0.93962
103,-15.7771,-4.35018,0.93962
104,-14.4833,-2.12234,-0.25252
103,-14.4833,-2.12234,-0.25252
104,-17.2403,5.04663,-3.55769
103,-17.2403,5.04663,-3.55769
104,-25.3491,7.14188,-6.1732
103,-25.3491,7.14188,-6.1732
104,-16.7694,4.60327,-4.32083
103,-16.7694,4.60327,-4.32083
104,-17.6567,-0.298251,1.06919
103,-17.6567,-0.298251,1.06919
104,-15.3674,-1.48774,-0.965166
103,-15.3674,-1.48774,-0.965166
104,-18.0468,1.05025,-0.570668
103,-18.0468,1.05025,-0.570668
104,-15.8348,-2.67462,-2.99991
103,-15.8348,-2.67462,-2.99991
104,-11.9466,-3.2266,-2.14566
103,-11.9466,-3.2266,-2.14566
104,-15.2266,-5.15953,-2.14994
103,-15.2266,-5.15953,-2.14994
104,-14.577,-3.07386,0.463085
103,-14.577,-3.07386,0.463085
104,-15.2628,3.83873,-3.51944
103,-15.2628,3.83873,-3.51944
104,-16.068,1.837,1.31873
103,-16.068,1.837,1.31873
104,-14.9597,-2.6759,-1.51809
103,-14.9597,-2.6759,-1.51809
104,-16.6739,-1.62362,1.08507
103,-16.6739,-1.62362,1.08507
104,-9.56326,-2.12131,-0.263299
103,-9.56326,-2.12131,-0.263299
104,-17.9117,3.31442,-3.08217
103,-17.9117,3.31442,-3.08217
104,-9.5646,-2.09173,0.024184
103,-9.5646,-2.09173,0.024184
104,-15.3834,1.62744,0.122428
103,-15.3834,1.62744,0.122428
104,-14.8489,-0.604365,-3.31197
103,-14.8489,-0.604365,-3.31197
104,-16.0927,3.07245,-3.72621
103,-16.0927,3.07245,-3.72621
104,-9.441,-2.01149,-0.210252
103,-9.441,-2.01149,-0.210252
104,-17.4628,0.431149,0.0356529
103,-17.4628,0.431149,0.0356529
104,-22.7221,-0.201126,-3.71633
103,-22.7221,-0.201126,-3.71633
104,-15.3563,1.48369,-0.684783
103,-15.3563,1.48369,-0.684783
104,-17.0172,-0.731993,-3.00778
103,-17.0172,-0.731993,-3.00778
104,-17.0402,0.360599,0.93119
103,-17.0402,0.360599,0.93119
104,-14.0811,0.740398,-3.85828
103,-14.0811,0.740398,-3.85828
104,-16.9436,0.351758,0.948847
103,-16.9436,0.351758,0.948847
104,-14.7639,2.14845,-1.21144
103,-14.7639,2.14845,-1.21144
104,-11.5122,-2.7708,-2.7164
103,-11.5122,-2.7708,-2.7164
104,-13.544,-3.72394,-4.10262
103,-13.544,-3.72394,-4.10262
104,-12.9819,-0.859375,-2.12139
102,-12.9819,-0.859375,-2.12139
104,-14.2576,-1.17261,-2.5507
102,-14.2576,-1.17261,-2.5507
104,-15.0621,-3.18011,-2.32017
102,-15.0621,-3.18011,-2.32017
104,-19.3256,-3.28782,-4.95801
102,-19.3256,-3.28782,-4.95801
104,-17.1682,0.974683,-0.412111
102,-17.1682,0.974683,-0.412111
104,-13.2352,0.750475,-3.3405
102,-13.2352,0.750475,-3.3405
104,-17.5088,1.58638,-3.82185
102,-17.5088,1.58638,-3.82185
104,-13.6471,-0.780611,0.404275
102,-13.6471,-0.780611,0.404275
104,-15.6611,-5.20018,-1.97598
102,-15.6611,-5.20018,-1.97598
104,-13.8545,1.40003,-3.24889
102,-13.8545,1.40003,-3.24889
104,-14.5166,0.990048,-3.19423
102,-14.5166,0.990048,-3.19423
104,-14.8202,1.94776,-3.53238
102,-14.8202,1.94776,-3.53238
104,-10.6969,-0.429924,-1.89773
102,-10.6969,-0.429924,-1.89773
104,-12.9196,-3.98049,-4.59946
102,-12.9196,-3.98049,-4.59946
104,-15.374,1.84734,-3.38912
102,-15.374,1.84734,-3.38912
104,-12.2648,-1.98039,-3.91424
102,-12.2648,-1.98039,-3.91424
104,-17.5957,-0.947388,-2.97936
102,-17.5957,-0.947388,-2.97936
104,-14.2264,-2.11367,-2.10395
102,-14.2264,-2.11367,-2.10395
104,-12.6745,-3.72711,-2.59665
102,-12.6745,-3.72711,-2.59665
104,-12.9795,-3.86578,-3.35629
102,-12.9795,-3.86578,-3.35629
104,-15.3074,2.21349,-1.00113
102,-15.3074,2.21349,-1.00113
104,-12.0218,-4.5881,0.931724
102,-12.0218,-4.5881,0.931724
104,-15.3053,-4.66116,-2.68255
102,-15.3053,-4.66116,-2.68255
104,-15.0954,-3.33681,-2.48939
101,-15.0954,-3.33681,-2.48939
104,-14.4951,-1.35955,-2.91661
101,-14.4951,-1.35955,-2.91661
104,-14.8604,1.86626,-3.51312
101,-14.8604,1.86626,-3.51312
104,-13.6443,-1.38008,0.493489
101,-13.6443,-1.38008,0.493489
104,-15.5964,-3.29314,-3.73274
101,-15.5964,-3.29314,-3.73274
104,-13.5583,0.780072,-4.60157
101,-13.5583,0.780072,-4.60157
104,-17.4935,-0.853737,-3.07578
101,-17.4935,-0.853737,-3.07578
104,-21.8188,3.36334,-4.7217
101,-21.8188,3.36334,-4.7217
104,-15.1204,-4.51024,-2.63201
101,-15.1204,-4.51024,-2.63201
104,-17.0016,-0.570572,-1.53582
101,-17.0016,-0.570572,-1.53582
104,-18.3523,1.08178,-1.93904
101,-18.3523,1.08178,-1.93904
104,-14.2045,-1.31063,-2.78239
101,-14.2045,-1.31063,-2.78239
104,-13.3352,-1.16779,-2.38152
101,-13.3352,-1.16779,-2.38152
104,-18.2625,-0.672115,1.20357
101,-18.2625,-0.672115,1.20357
104,-16.7349,0.390462,0.0986565
101,-16.7349,0.390462,0.0986565
104,-15.4759,-0.407478,-2.83251
101,-15.4759,-0.407478,-2.83251
104,-18.1197,-1.83422,1.14633
101,-18.1197,-1.83422,1.14633
104,-10.8056,-0.360836,-1.96699
101,-10.8056,-0.360836,-1.96699
104,-14.1604,-4.03224,-3.0468
101,-14.1604,-4.03224,-3.0468
104,-12.9596,0.0720651,-2.03904
101,-12.9596,0.0720651,-2.03904
104,-17.2201,3.61332,-1.18903
101,-17.2201,3.61332,-1.18903
104,-17.6306,1.81932,1.01018
101,-17.6306,1.81932,1.01018
104,-15.2939,1.54673,-3.48612
101,-15.2939,1.54673,-3.48612
104,-17.446,3.09055,-1.09881
101,-17.446,3.09055,-1.09881
104,-17.0084,2.36932,0.0330868
101,-17.0084,2.36932,0.0330868
104,-18.4528,-0.713164,1.19096
101,-18.4528,-0.713164,1.19096
104,-13.581,-4.88409,-2.46192
101,-13.581,-4.88409,-2.46192
104,-17.2901,3.44049,0.935835
100,-17.2901,3.44049,0.935835
104,-12.507,-3.99514,-2.83673
100,-12.507,-3.99514,-2.83673
104,-13.5387,-3.96585,-2.92245
100,-13.5387,-3.96585,-2.92245
104,-16.2931,3.40679,-0.0262741
100,-16.2931,3.40679,-0.0262741
104,-13.3628,-3.9822,-4.48014
100,-13.3628,-3.9822,-4.48014
104,-16.8372,2.72258,-0.100398
100,-16.8372,2.72258,-0.100398
104,-17.285,2.83403,-0.158646
100,-17.285,2.83403,-0.158646
104,-17.1652,1.72009,-1.74641
98,-17.1652,1.72009,-1.74641
104,-12.8366,-3.7129,-3.33823
98,-12.8366,-3.7129,-3.33823
104,-14.9256,-1.08132,-2.76308
97,-14.9256,-1.08132,-2.76308
104,-17.5984,1.26815,-0.488002
97,-17.5984,1.26815,-0.488002
104,-13.745,-3.9904,-2.79897
93,-13.745,-3.9904,-2.79897
104,-17.6022,1.94791,-1.15351
91,-17.6022,1.94791,-1.15351
104,-17.1525,2.25414,0.42081
91,-17.1525,2.25414,0.42081
104,-18.1683,-0.322259,1.13281
91,-18.1683,-0.322259,1.13281
105,-8.83445,-0.0588343,0.617233
105,-9.69552,-2.21771,-0.0317752
105,-9.96878,-2.30666,0.231469
105,-9.91014,-2.09129,-0.0629649
105,-10.9437,-2.17435,-0.0228997
105,-11.0265,-2.56336,0.316935
105,-11.0528,-2.30236,0.230271
105,-11.0415,-2.20911,0.105215
105,-11.111,-2.27378,0.258743
105,-11.0571,-2.1145,-0.0246153
105,-11.0741,-2.67473,0.30295
105,-10.7538,-0.234162,-2.04012
105,-11.1933,-2.15879,-0.0210429
105,-11.2815,-2.16042,-0.14099
105,-11.34,-2.12901,-0.127018
105,-11.5146,-2.11235,0.186429
105,-10.97,-0.326366,-2.12921
105,-11.6088,-2.24164,0.27709
105,-11.5938,-2.11525,0.137222
105,-11.4302,1.33134,-2.2352
105,-11.3606,1.00986,-2.37624
105,-11.6459,-2.08309,-0.0664361
105,-11.3609,-0.375685,-1.96761
105,-11.5876,1.31822,-2.29442
105,-11.6058,0.996314,-2.3146
105,-11.7626,-3.58633,0.438746
105,-11.9102,-2.03406,-0.019409
105,-11.9826,-2.08449,0.176388
105,-12.0117,-2.07119,0.190169
105,-12.0446,-2.17257,0.230302
105,-12.0839,-2.03244,0.147016
105,-12.0074,-2.12361,-0.109461
105,-12.1366,-2.07483,-0.0322779
105,-11.8232,-1.01321,-2.15749
105,-11.8326,-1.03358,-2.15776
105,-11.9015,-0.813045,-2.45593
105,-12.6705,-2.0904,0.0633227
105,-11.9275,-0.793718,-2.54354
105,-11.9655,-0.798598,-2.55408
105,-13.3747,-1.11047,0.450751
105,-11.565,-4.23471,-2.79722
105,-12.7387,-0.141407,-1.90602
105,-11.3921,-4.14503,-3.34223
105,-12.0821,-0.817469,-3.35361
105,-12.1653,-0.822559,-3.41572
105,-13.6078,-1.16465,0.450703
105,-13.0046,-0.0895318,-1.71545
105,-12.86,-0.0650862,-2.21007
105,-12.8815,-0.0398474,-2.19047
105,-12.65,0.844433,-3.26472
105,-13.0079,-0.122619,-1.88804
105,-13.7838,-0.784064,0.399288
105,-12.7044,0.870413,-3.31425
105,-14.0103,-1.52416,1.14895
105,-13.7754,-1.40842,0.460988
105,-13.7827,-0.973754,0.211998
105,-14.0538,-1.51849,1.14651
105,-12.5242,0.197649,-3.65806
105,-13.9339,-0.798125,0.396939
105,-13.7923,-2.27426,0.759374
105,-12.9776,0.174153,-2.61709
105,-12.1616,-2.46178,-3.40756
105,-12.1671,-1.92038,-3.7759
105,-12.1357,-4.08764,-2.85405
105,-13.6152,-2.11142,-0.139405
105,-12.2368,-1.73079,-3.8701
105,-13.6292,-2.10212,-0.134538
105,-13.4034,-0.0315154,-1.80074
105,-13.3422,2.32501,-3.18107
105,-13.1961,0.0481827,-2.40825
105,-13.4345,2.34686,-3.03874
105,-14.3231,-0.0900008,0.338772
105,-13.2845,0.104255,-2.44025
105,-13.114,-0.624485,-2.53864
105,-13.9465,-2.39095,0.480118
105,-12.1833,-3.98564,-3.22323
105,-12.2635,-2.46035,-3.81216
105,-13.4637,2.36436,-3.23328
105,-13.2276,0.188177,-2.78362
105,-12.7004,-1.47373,-3.31094
105,-14.0273,-2.41992,0.478455
105,-14.5087,-0.0759646,0.452875
105,-13.9844,-2.70416,0.412539
105,-12.7673,-1.46943,-3.35018
105,-12.6931,-1.5027,-3.55449
105,-14.0397,-3.23242,0.76135
105,-12.5312,-4.3163,-2.54982
105,-12.8129,-1.4354,-3.35343
105,-14.0626,-2.88309,0.474655
105,-14.0232,-3.00597,0.432896
105,-14.6534,0.0830691,0.455976
105,-14.0435,-2.97004,0.445707
105,-12.5452,-4.01494,-2.87184
105,-14.0178,-3.27214,0.377437
105,-13.7922,0.0563571,-1.9881
105,-13.666,0.253866,-2.4255
105,-14.3876,-2.21903,0.433036
105,-14.0714,-4.87986,0.949502
105,-13.6586,1.56783,-3.42514
105,-14.0777,-4.85358,0.939016
105,-13.5187,0.806373,-3.53486
105,-13.2125,0.717687,-4.27395
105,-12.5334,-4.09273,-3.56384
105,-13.6183,0.878519,-3.37941
105,-13.4279,0.537522,-3.69629
105,-12.8155,-4.56403,-2.7495
105,-13.5093,0.559628,-3.75356
105,-11.2353,-0.325651,-2.13403
103,-11.2353,-0.325651,-2.13403
105,-15.862,-1.30279,-2.37498
103,-15.862,-1.30279,-2.37498
105,-17.8161,0.878745,-0.307972
103,-17.8161,0.878745,-0.307972
105,-14.9429,1.24234,-0.960435
103,-14.9429,1.24234,-0.960435
105,-15.0493,-3.69796,-2.00442
103,-15.0493,-3.69796,-2.00442
105,-16.8758,0.386637,-1.00883
103,-16.8758,0.386637,-1.00883
105,-16.4352,-1.38179,-2.20578
103,-16.4352,-1.38179,-2.20578
105,-14.9053,-1.3696,-0.85309
103,-14.9053,-1.3696,-0.85309
105,-16.1437,0.380982,0.14886
103,-16.1437,0.380982,0.14886
105,-18.7291,2.43946,-0.0738423
103,-18.7291,2.43946,-0.0738423
105,-17.7525,2.12331,0.377682
103,-17.7525,2.12331,0.377682
105,-13.2807,0.932119,-3.2754
103,-13.2807,0.932119,-3.2754
105,-16.9972,0.708122,-3.41611
103,-16.9972,0.708122,-3.41611
105,-16.747,-0.438106,-3.00577
103,-16.747,-0.438106,-3.00577
105,-15.5693,-0.978258,-0.855241
103,-15.5693,-0.978258,-0.855241
105,-18.2554,1.6673,-0.640511
103,-18.2554,1.6673,-0.640511
105,-17.4461,0.752509,-3.59888
103,-17.4461,0.752509,-3.59888
105,-17.1555,0.127563,-2.47854
103,-17.1555,0.127563,-2.47854
105,-17.7342,2.11814,0.38361
103,-17.7342,2.11814,0.38361
105,-20.5445,2.21195,-3.31899
103,-20.5445,2.21195,-3.31899
105,-15.2668,-2.509,-2.75699
103,-15.2668,-2.509,-2.75699
105,-16.6041,0.372716,-0.952328
103,-16.6041,0.372716,-0.952328
105,-17.3479,1.23544,-4.229
103,-17.3479,1.23544,-4.229
105,-16.9741,1.79711,-1.80675
103,-16.9741,1.79711,-1.80675
105,-17.2581,1.92054,-1.68707
103,-17.2581,1.92054,-1.68707
105,-11.5079,-0.0705008,-2.77341
103,-11.5079,-0.0705008,-2.77341
105,-11.6787,-0.0624228,-2.91135
103,-11.6787,-0.0624228,-2.91135
105,-13.8315,-3.7315,-3.26101
103,-13.8315,-3.7315,-3.26101
105,-18.3595,0.390805,0.924146
103,-18.3595,0.390805,0.924146
105,-17.9871,0.856142,-1.63997
103,-17.9871,0.856142,-1.63997
105,-15.0625,-3.3129,-4.08304
103,-15.0625,-3.3129,-4.08304
105,-13.3954,-2.29186,-3.74091
103,-13.3954,-2.29186,-3.74091
105,-16.2104,3.13569,-3.84133
103,-16.2104,3.13569,-3.84133
105,-16.4937,0.873184,-0.378669
103,-16.4937,0.873184,-0.378669
105,-15.2985,-5.01413,-1.88592
103,-15.2985,-5.01413,-1.88592
105,-16.5083,-1.57503,1.07828
103,-16.5083,-1.57503,1.07828
105,-13.2075,-1.91763,-3.77344
103,-13.2075,-1.91763,-3.77344
105,-16.5891,0.402115,0.108118
103,-16.5891,0.402115,0.108118
105,-15.2663,2.52112,-3.55797
103,-15.2663,2.52112,-3.55797
105,-17.1379,1.85543,-0.0950975
103,-17.1379,1.85543,-0.0950975
105,-16.1046,3.31391,0.0284863
103,-16.1046,3.31391,0.0284863
105,-17.2505,2.94778,-1.84941
103,-17.2505,2.94778,-1.84941
105,-15.9165,-4.16821,0.995935
103,-15.9165,-4.16821,0.995935
105,-16.3331,-1.44904,-2.11547
103,-16.3331,-1.44904,-2.11547
105,-14.7265,-1.42952,-0.797696
103,-14.7265,-1.42952,-0.797696
105,-10.7533,-0.367013,-1.95654
104,-10.7533,-0.367013,-1.95654
105,-15.0148,1.66559,-3.6321
104,-15.0148,1.66559,-3.6321
105,-12.3643,0.0256224,-2.60509
104,-12.3643,0.0256224,-2.60509
105,-16.6133,-1.47688,-2.59682
104,-16.6133,-1.47688,-2.59682
105,-14.9234,-0.556183,-3.31942
104,-14.9234,-0.556183,-3.31942
105,-10.5478,-0.360893,-1.78957
104,-10.5478,-0.360893,-1.78957
105,-11.5515,-0.0680792,-2.82575
104,-11.5515,-0.0680792,-2.82575
105,-17.493,1.03006,-0.447993
104,-17.493,1.03006,-0.447993
105,-13.1619,-1.99371,-0.111743
104,-13.1619,-1.99371,-0.111743
105,-13.6566,-2.37226,-3.93753
104,-13.6566,-2.37226,-3.93753
105,-13.8715,-3.50067,-4.27251
104,-13.8715,-3.50067,-4.27251
105,-15.3989,-3.43647,-4.35422
104,-15.3989,-3.43647,-4.35422
105,-20.7688,0.108308,-3.17935
104,-20.7688,0.108308,-3.17935
105,-17.4393,-0.535004,-1.07656
104,-17.4393,-0.535004,-1.07656
105,-15.8337,-0.941159,-0.748507
104,-15.8337,-0.941159,-0.748507
105,-16.4683,-0.539402,-1.63347
104,-16.4683,-0.539402,-1.63347
105,-16.4215,1.70383,-0.950408
104,-16.4215,1.70383,-0.950408
105,-17.6554,1.23527,-3.31977
104,-17.6554,1.23527,-3.31977
105,-16.9093,1.84359,-3.11091
104,-16.9093,1.84359,-3.11091
105,-18.0142,2.61719,-4.45306
104,-18.0142,2.61719,-4.45306
105,-17.0935,1.16456,-3.08711
104,-17.0935,1.16456,-3.08711
105,-15.3626,-1.74465,-1.05857
104,-15.3626,-1.74465,-1.05857
105,-16.4205,-5.06522,-1.99939
104,-16.4205,-5.06522,-1.99939
105,-14.5789,1.55669,-3.37569
104,-14.5789,1.55669,-3.37569
105,-17.1957,0.453917,-0.110824
104,-17.1957,0.453917,-0.110824
105,-17.0697,0.395803,0.696525
104,-17.0697,0.395803,0.696525
105,-14.9682,1.45889,-3.32157
104,-14.9682,1.45889,-3.32157
105,-11.8348,-0.214753,-1.84446
104,-11.8348,-0.214753,-1.84446
105,-11.1223,-0.168017,-2.01681
104,-11.1223,-0.168017,-2.01681
105,-15.3176,-5.22241,-2.1614
104,-15.3176,-5.22241,-2.1614
105,-15.2798,-3.42246,-2.58191
104,-15.2798,-3.42246,-2.58191
105,-13.8071,-3.78503,-4.24822
104,-13.8071,-3.78503,-4.24822
105,-13.1721,-3.93798,-3.59451
104,-13.1721,-3.93798,-3.59451
105,-16.3711,-1.40442,-2.5255
104,-16.3711,-1.40442,-2.5255
105,-17.3533,3.34256,-1.95686
104,-17.3533,3.34256,-1.95686
105,-15.8094,2.473,-3.30732
104,-15.8094,2.473,-3.30732
105,-13.4686,-3.9436,-2.89857
104,-13.4686,-3.9436,-2.89857
105,-17.6156,1.23811,-4.34213
104,-17.6156,1.23811,-4.34213
105,-22.2203,-0.238632,-3.89657
104,-22.2203,-0.238632,-3.89657
105,-15.1998,-4.64845,-2.68799
104,-15.1998,-4.64845,-2.68799
105,-13.3189,-3.50394,-2.49342
104,-13.3189,-3.50394,-2.49342
105,-17.126,1.1586,-4.11007
104,-17.126,1.1586,-4.11007
105,-16.1685,0.268346,0.861184
104,-16.1685,0.268346,0.861184
105,-15.7355,-2.24633,-1.39709
104,-15.7355,-2.24633,-1.39709
105,-13.9732,-4.30893,-4.75937
104,-13.9732,-4.30893,-4.75937
105,-14.242,-2.58311,-4.37738
104,-14.242,-2.58311,-4.37738
105,-17.6646,3.18278,-1.11642
104,-17.6646,3.18278,-1.11642
105,-17.8156,2.22039,-0.0151473
104,-17.8156,2.22039,-0.0151473
105,-18.3095,2.15257,-1.21053
104,-18.3095,2.15257,-1.21053
105,-12.4512,0.0610606,-2.62935
104,-12.4512,0.0610606,-2.62935
105,-14.7364,2.32009,-3.21509
104,-14.7364,2.32009,-3.21509
105,-14.6323,1.55379,-3.38226
104,-14.6323,1.55379,-3.38226
105,-14.632,1.33614,-0.561003
104,-14.632,1.33614,-0.561003
105,-16.3754,2.69095,-1.66829
104,-16.3754,2.69095,-1.66829
105,-15.753,-1.56097,-1.00017
104,-15.753,-1.56097,-1.00017
105,-11.7099,-0.525755,-1.58572
104,-11.7099,-0.525755,-1.58572
105,-15.3972,0.180133,0.517849
104,-15.3972,0.180133,0.517849
105,-17.1877,0.772889,-0.457672
102,-17.1877,0.772889,-0.457672
105,-15.6954,-3.67402,-1.89589
102,-15.6954,-3.67402,-1.89589
105,-16.8399,-3.79118,-3.41878
102,-16.8399,-3.79118,-3.41878
105,-13.4484,-3.48747,-3.21317
102,-13.4484,-3.48747,-3.21317
105,-17.0215,1.26667,-0.403725
102,-17.0215,1.26667,-0.403725
105,-13.9421,-0.779387,0.105467
102,-13.9421,-0.779387,0.105467
105,-17.5179,2.33108,-0.0488856
102,-17.5179,2.33108,-0.0488856
105,-16.7302,-3.7198,-4.3506
102,-16.7302,-3.7198,-4.3506
105,-15.8966,-1.5287,-3.13959
102,-15.8966,-1.5287,-3.13959
105,-13.8956,-3.83417,-2.82681
102,-13.8956,-3.83417,-2.82681
105,-23.1509,-0.120477,-4.51239
102,-23.1509,-0.120477,-4.51239
105,-14.8652,1.43358,-3.26395
102,-14.8652,1.43358,-3.26395
105,-15.6322,-4.0611,0.944913
102,-15.6322,-4.0611,0.944913
105,-16.5694,2.69188,-0.57311
102,-16.5694,2.69188,-0.57311
105,-17.3837,1.93342,-1.842
100,-17.3837,1.93342,-1.842
105,-17.2653,3.65274,-1.08458
100,-17.2653,3.65274,-1.08458
105,-17.2998,1.93447,-1.67075
100,-17.2998,1.93447,-1.67075
105,-16.0593,2.7865,-3.64702
100,-16.0593,2.7865,-3.64702
105,-16.8922,2.85594,0.757057
100,-16.8922,2.85594,0.757057
105,-17.7369,-0.28717,-1.38721
100,-17.7369,-0.28717,-1.38721
105,-16.732,-3.95654,-1.92684
100,-16.732,-3.95654,-1.92684
105,-16.974,3.67372,-1.23709
100,-16.974,3.67372,-1.23709
105,-17.5684,0.389583,-1.04266
100,-17.5684,0.389583,-1.04266
105,-16.5803,3.42177,-1.02688
100,-16.5803,3.42177,-1.02688
105,-16.8048,2.64772,-1.0036
98,-16.8048,2.64772,-1.0036
105,-17.9404,-0.683936,1.06063
98,-17.9404,-0.683936,1.06063
105,-17.3489,0.593507,-0.260837
97,-17.3489,0.593507,-0.260837
105,-17.3472,3.03256,-0.813666
97,-17.3472,3.03256,-0.813666
105,-14.7192,-1.36205,0.434876
95,-14.7192,-1.36205,0.434876
105,-17.3194,2.94359,-0.728995
95,-17.3194,2.94359,-0.728995
105,-18.5121,2.02128,-0.159142
94,-18.5121,2.02128,-0.159142
105,-14.9253,-2.64911,-1.50367
94,-14.9253,-2.64911,-1.50367
105,-16.2628,-3.8887,-1.76143
94,-16.2628,-3.8887,-1.76143
105,-16.7399,3.45992,-1.07456
94,-16.7399,3.45992,-1.07456
105,-17.4664,-0.282746,-1.39647
93,-17.4664,-0.282746,-1.39647
105,-17.3177,1.91887,-1.3674
93,-17.3177,1.91887,-1.3674
105,-17.0913,0.307463,-0.918636
93,-17.0913,0.307463,-0.918636
106,-9.91876,-2.27633,0.243768
106,-9.87254,-2.185,-0.0172218
106,-9.91394,-2.09607,-0.0680245
106,-10.3327,-2.24484,0.190179
106,-10.5285,-2.09289,-0.021969
106,-10.9801,-2.61269,0.32372
106,-10.984,-2.67574,0.326037
106,-11.0126,-2.15358,-0.0358308
106,-11.1009,-2.19777,0.156816
106,-11.0859,-2.63371,0.312492
106,-11.038,-2.21842,-0.0426913
106,-11.1281,-2.63918,0.312226
106,-11.2919,-2.12715,0.106516
106,-11.6292,-2.22342,0.277755
106,-11.6335,-2.08344,-0.0687314
106,-11.441,1.79248,-2.27266
106,-11.7659,-1.98392,-0.0744989
106,-11.7498,-1.99359,-0.108762
106,-11.1794,-0.159472,-2.28524
106,-11.9347,-2.1286,0.236774
106,-11.3259,-0.343001,-1.94485
106,-11.3391,-0.382462,-1.95937
106,-11.3609,-0.340688,-1.97014
106,-11.4024,-0.147112,-2.03923
106,-11.5519,-0.283861,-1.80307
106,-11.3103,-0.173065,-2.40266
106,-11.5791,-0.278637,-1.8304
106,-11.6203,1.02164,-2.34006
106,-11.3518,-0.169223,-2.45134
106,-11.3498,-0.0759766,-2.82807
106,-12.4702,-1.98369,0.0774865
106,-11.7447,-1.01655,-2.11157
106,-12.5537,-2.01325,0.0663508
106,-12.4137,-3.72636,0.446935
106,-11.6014,0.0843617,-3.05099
106,-11.8102,2.33352e-05,-2.63074
106,-11.8383,-1.19663,-2.1035
106,-11.861,-1.20338,-2.11043
106,-11.7989,-0.823897,-2.42544
106,-11.9088,1.13041,-3.10042
106,-11.8857,-0.779985,-2.51189
106,-11.9911,-0.928605,-2.25217
106,-12.0317,-0.88155,-2.23579
106,-11.1917,-4.15756,-2.80477
106,-12.1156,-0.859023,-2.2045
106,-11.2525,-4.21866,-2.86969
106,-12.9684,-4.09832,0.909448
106,-12.1275,1.16402,-3.37163
106,-11.4813,-4.15404,-2.72446
106,-13.0982,-1.99047,-0.105435
106,-13.1498,-3.38194,0.527402
106,-13.1482,-3.41776,0.52413
106,-12.6567,-0.0838645,-2.11343
106,-13.1841,-2.01243,-0.118422
106,-13.1396,-3.42731,0.345338
106,-12.7751,-0.132031,-1.93647
106,-12.5602,1.0255,-3.25433
106,-13.4206,-2.06312,-0.0947667
106,-12.1849,-0.822685,-3.43127
106,-12.6173,0.854353,-3.23232
106,-12.1693,-0.842324,-3.51428
106,-13.5545,-3.44845,0.513675
106,-12.0158,-1.46449,-3.83877
106,-11.9411,-1.99951,-3.80553
106,-11.99,-1.76119,-3.8407
106,-13.1734,0.113625,-2.07452
106,-12.0294,-1.76026,-3.84905
106,-12.0483,-1.99532,-3.78395
106,-12.0425,-2.19777,-3.71928
106,-11.8494,-4.15308,-3.2996
106,-13.7007,-1.91692,-0.153664
106,-13.0114,0.176852,-2.63293
106,-12.8186,0.918595,-3.3954
106,-13.1127,0.0332137,-2.37763
106,-11.8177,-4.17635,-3.43236
106,-13.7463,-2.057,-0.102734
106,-11.9815,-2.37719,-3.94431
106,-11.9833,-4.11761,-3.17979
106,-13.0822,-0.878473,-2.18293
106,-12.6161,0.302278,-3.76668
106,-13.4356,-0.024722,-1.8139
106,-13.0968,-0.872996,-2.20484
106,-12.1605,-4.10504,-2.88434
106,-12.2286,-1.46467,-3.908
106,-12.2344,-1.45368,-3.9199
106,-12.212,-1.72168,-3.8629
106,-13.826,-1.93946,-0.164141
106,-12.136,-2.2518,-3.83024
106,-12.1543,-2.0475,-3.8968
106,-12.3203,-4.02802,-2.69449
106,-14.0523,-2.44124,0.463577
106,-12.2606,-1.74227,-3.91365
106,-13.4009,2.35072,-3.21242
106,-12.224,-2.43309,-3.79368
106,-12.6635,-0.71749,-3.58859
106,-12.2625,-2.45198,-3.79161
106,-14.1243,-2.90367,0.501485
106,-14.0087,-3.27606,0.380678
106,-12.2037,-4.01177,-3.53962
106,-13.7701,0.042088,-1.98333
106,-12.4902,-4.2148,-3.18452
106,-13.6804,1.36338,-3.13759
106,-12.7451,-4.16557,-2.86742
106,-12.9206,-3.87661,-2.73907
106,-13.6706,1.03718,-3.26593
106,-14.5691,-3.07368,0.472181
106,-14.5746,-3.18707,0.430883
106,-13.8459,1.46284,-3.26409
106,-13.2629,0.744021,-4.34437
106,-13.1224,-1.57737,-3.6622
106,-13.7903,2.06919,-3.79088
106,-13.0764,-1.93423,-3.72675
106,-17.1916,-1.36162,-2.58248
105,-17.1916,-1.36162,-2.58248
106,-17.0451,1.15965,-4.04879
105,-17.0451,1.15965,-4.04879
106,-17.0817,0.569194,-0.208237
105,-17.0817,0.569194,-0.208237
106,-13.1448,-2.21176,-4.28865
105,-13.1448,-2.21176,-4.28865
106,-16.4913,-0.187994,-0.892132
105,-16.4913,-0.187994,-0.892132
106,-16.6229,1.00261,-2.20214
105,-16.6229,1.00261,-2.20214
106,-16.4791,0.670481,-1.54062
105,-16.4791,0.670481,-1.54062
106,-17.4391,-0.534729,-1.0736
105,-17.4391,-0.534729,-1.0736
106,-16.0755,-1.40784,-2.39662
105,-16.0755,-1.40784,-2.39662
106,-10.7877,-0.360692,-2.00118
105,-10.7877,-0.360692,-2.00118
106,-17.1399,1.15961,-3.09823
105,-17.1399,1.15961,-3.09823
106,-14.199,0.592764,-3.47506
105,-14.199,0.592764,-3.47506
106,-16.314,-1.1971,-2.59343
105,-16.314,-1.1971,-2.59343
106,-11.785,-0.224977,-1.81875
105,-11.785,-0.224977,-1.81875
106,-16.8412,1.65136,-0.0155039
105,-16.8412,1.65136,-0.0155039
106,-17.7096,0.441276,-1.12725
105,-17.7096,0.441276,-1.12725
106,-16.4179,-0.170405,-0.863767
105,-16.4179,-0.170405,-0.863767
106,-15.0745,-2.68144,-2.83707
105,-15.0745,-2.68144,-2.83707
106,-19.6805,0.0899756,-2.89396
105,-19.6805,0.0899756,-2.89396
106,-16.6161,1.75158,-0.98245
105,-16.6161,1.75158,-0.98245
106,-15.791,-1.30912,-2.33035
105,-15.791,-1.30912,-2.33035
106,-12.7552,-1.51814,-3.60628
105,-12.7552,-1.51814,-3.60628
106,-17.1828,0.460481,-0.108555
105,-17.1828,0.460481,-0.108555
106,-15.3544,-4.6435,-2.73307
105,-15.3544,-4.6435,-2.73307
106,-15.035,1.69176,-3.63177
105,-15.035,1.69176,-3.63177
106,-15.7461,1.65981,-3.74344
105,-15.7461,1.65981,-3.74344
106,-15.8639,-0.420169,-3.01014
105,-15.8639,-0.420169,-3.01014
106,-16.0301,0.972242,-2.66556
105,-16.0301,0.972242,-2.66556
106,-15.8326,-2.69315,-4.35957
105,-15.8326,-2.69315,-4.35957
106,-16.2592,1.68111,-1.42666
105,-16.2592,1.68111,-1.42666
106,-14.5667,-1.37145,-3.01464
105,-14.5667,-1.37145,-3.01464
106,-13.5275,-4.00792,-4.36617
105,-13.5275,-4.00792,-4.36617
106,-14.5598,0.705611,-3.52574
105,-14.5598,0.705611,-3.52574
106,-15.7586,1.65806,-3.7587
105,-15.7586,1.65806,-3.7587
106,-15.3292,2.88556,-4.19316
105,-15.3292,2.88556,-4.19316
106,-16.6607,1.74768,-0.0576606
105,-16.6607,1.74768,-0.0576606
106,-14.7159,-3.17186,-3.85454
105,-14.7159,-3.17186,-3.85454
106,-15.309,-3.43878,-2.58621
105,-15.309,-3.43878,-2.58621
106,-13.2504,-2.23994,-3.61854
105,-13.2504,-2.23994,-3.61854
106,-14.6332,-2.56564,-1.40436
105,-14.6332,-2.56564,-1.40436
106,-16.3896,1.7076,-3.43834
105,-16.3896,1.7076,-3.43834
106,-12.7185,-0.0722795,-2.12768
105,-12.7185,-0.0722795,-2.12768
106,-15.6657,1.51207,0.0115779
105,-15.6657,1.51207,0.0115779
106,-16.7975,1.78847,-0.969112
105,-16.7975,1.78847,-0.969112
106,-12.9823,-5.24915,-2.91476
105,-12.9823,-5.24915,-2.91476
106,-16.9694,4.75636,-4.47647
105,-16.9694,4.75636,-4.47647
106,-13.1964,-5.44971,-3.06557
105,-13.1964,-5.44971,-3.06557
106,-14.8426,-3.19013,-3.87644
105,-14.8426,-3.19013,-3.87644
106,-18.9246,2.31873,-4.63823
105,-18.9246,2.31873,-4.63823
106,-11.1291,-2.14226,-0.021572
105,-11.1291,-2.14226,-0.021572
106,-11.7221,-1.00047,-2.06324
105,-11.7221,-1.00047,-2.06324
106,-13.2965,-3.58667,-3.93267
105,-13.2965,-3.58667,-3.93267
106,-17.7577,3.17556,0.78207
105,-17.7577,3.17556,0.78207
106,-15.4623,1.47612,-0.708962
105,-15.4623,1.47612,-0.708962
106,-13.3843,-3.46418,-2.67495
105,-13.3843,-3.46418,-2.67495
106,-17.0247,1.11312,-3.09829
105,-17.0247,1.11312,-3.09829
106,-18.2755,3.43583,-2.71882
105,-18.2755,3.43583,-2.71882
106,-19.3126,0.614547,-2.8595
105,-19.3126,0.614547,-2.8595
106,-18.1292,0.416355,-1.16937
105,-18.1292,0.416355,-1.16937
106,-16.137,-4.9928,-1.89602
105,-16.137,-4.9928,-1.89602
106,-12.3375,-4.09378,-1.80545
105,-12.3375,-4.09378,-1.80545
106,-17.3792,2.01075,-1.03517
105,-17.3792,2.01075,-1.03517
106,-17.0183,0.324618,0.480017
105,-17.0183,0.324618,0.480017
106,-16.7988,0.310936,-0.881748
105,-16.7988,0.310936,-0.881748
106,-12.5318,0.0716374,-2.65953
105,-12.5318,0.0716374,-2.65953
106,-16.0822,0.863454,-2.00909
105,-16.0822,0.863454,-2.00909
106,-14.0589,0.540932,-3.19177
105,-14.0589,0.540932,-3.19177
106,-11.4314,-3.6577,-2.32058
105,-11.4314,-3.6577,-2.32058
106,-16.845,1.95697,0.0507161
105,-16.845,1.95697,0.0507161
106,-16.4921,-1.15902,-2.57452
104,-16.4921,-1.15902,-2.57452
106,-17.2401,0.457786,-0.122918
104,-17.2401,0.457786,-0.122918
106,-15.6506,-2.64128,-4.24787
104,-15.6506,-2.64128,-4.24787
106,-17.4368,0.768237,-0.575823
104,-17.4368,0.768237,-0.575823
106,-17.4778,1.94723,-0.1267
104,-17.4778,1.94723,-0.1267
106,-13.2671,-3.92513,-4.43635
104,-13.2671,-3.92513,-4.43635
106,-15.7481,-4.01418,-1.54132
104,-15.7481,-4.01418,-1.54132
106,-16.6974,-0.660035,-3.53576
104,-16.6974,-0.660035,-3.53576
106,-13.5305,-3.62919,-2.61028
104,-13.5305,-3.62919,-2.61028
106,-13.9383,-3.58299,-3.71117
104,-13.9383,-3.58299,-3.71117
106,-14.6893,-4.75629,-2.3084
104,-14.6893,-4.75629,-2.3084
106,-14.4492,-3.0414,0.491084
104,-14.4492,-3.0414,0.491084
106,-18.8598,4.46876,-3.67313
104,-18.8598,4.46876,-3.67313
106,-17.0025,0.312331,0.885514
104,-17.0025,0.312331,0.885514
106,-15.1783,-4.54314,-2.65336
104,-15.1783,-4.54314,-2.65336
106,-12.4585,-3.7703,-3.36639
104,-12.4585,-3.7703,-3.36639
106,-12.2916,-4.14669,-3.58287
104,-12.2916,-4.14669,-3.58287
106,-16.1714,2.44343,-3.98822
104,-16.1714,2.44343,-3.98822
106,-13.0647,-3.78437,-4.21502
104,-13.0647,-3.78437,-4.21502
106,-14.2872,3.32643,-3.02363
104,-14.2872,3.32643,-3.02363
106,-16.278,3.1516,0.116782
104,-16.278,3.1516,0.116782
106,-17.5416,2.52637,0.0032539
104,-17.5416,2.52637,0.0032539
106,-15.7878,-2.82777,-3.44871
104,-15.7878,-2.82777,-3.44871
106,-9.74949,-2.04519,0.0302802
104,-9.74949,-2.04519,0.0302802
106,-16.9321,1.83594,-1.62139
103,-16.9321,1.83594,-1.62139
106,-15.8005,-4.05312,-2.26331
103,-15.8005,-4.05312,-2.26331
106,-13.628,-3.6825,-4.24321
103,-13.628,-3.6825,-4.24321
106,-13.6027,-3.65385,-4.07624
103,-13.6027,-3.65385,-4.07624
106,-14.5666,-3.54178,-3.94892
103,-14.5666,-3.54178,-3.94892
106,-17.7958,1.59211,-0.579557
103,-17.7958,1.59211,-0.579557
106,-16.1472,1.22578,0.423999
103,-16.1472,1.22578,0.423999
106,-16.7251,2.97285,-1.54263
103,-16.7251,2.97285,-1.54263
106,-17.0693,2.86724,-1.31886
103,-17.0693,2.86724,-1.31886
106,-13.2175,-3.91153,-4.50543
103,-13.2175,-3.91153,-4.50543
106,-12.6801,-3.91235,-4.47197
103,-12.6801,-3.91235,-4.47197
106,-13.7781,-0.801388,-2.33369
103,-13.7781,-0.801388,-2.33369
106,-15.6516,-3.5502,-1.62037
103,-15.6516,-3.5502,-1.62037
106,-15.2545,-1.48946,-0.904232
103,-15.2545,-1.48946,-0.904232
106,-14.6956,-0.874064,-2.75062
103,-14.6956,-0.874064,-2.75062
106,-15.3638,-1.54453,-0.953816
102,-15.3638,-1.54453,-0.953816
106,-14.3778,1.01867,-3.36714
102,-14.3778,1.01867,-3.36714
106,-16.0481,4.49903,-4.29211
102,-16.0481,4.49903,-4.29211
106,-14.3498,-3.75472,-4.62002
102,-14.3498,-3.75472,-4.62002
106,-12.7528,-0.0135188,-2.1432
102,-12.7528,-0.0135188,-2.1432
106,-12.6644,0.00729448,-1.51127
100,-12.6644,0.00729448,-1.51127
106,-17.5317,1.98671,-1.75902
100,-17.5317,1.98671,-1.75902
106,-16.9912,1.77976,-1.56884
100,-16.9912,1.77976,-1.56884
106,-15.9985,-1.58668,-2.53697
100,-15.9985,-1.58668,-2.53697
106,-16.4969,2.8204,0.508527
100,-16.4969,2.8204,0.508527
106,-15.0538,-3.07647,-4.08555
100,-15.0538,-3.07647,-4.08555
106,-16.4542,-1.42246,-2.56473
97,-16.4542,-1.42246,-2.56473
106,-21.3883,6.3112,-4.35272
97,-21.3883,6.3112,-4.35272
106,-12.5377,-3.18304,0.516101
97,-12.5377,-3.18304,0.516101
106,-15.2789,-1.72556,-1.0323
98,-15.2789,-1.72556,-1.0323
106,-15.9521,-1.44556,-1.20947
95,-15.9521,-1.44556,-1.20947
106,-13.1961,-3.92692,-3.58091
95,-13.1961,-3.92692,-3.58091
106,-16.979,0.297606,-0.0607919
94,-16.979,0.297606,-0.0607919
106,-10.5617,0.264824,-1.33251
93,-10.5617,0.264824,-1.33251
106,-17.4109,0.472146,0.881245
93,-17.4109,0.472146,0.881245
107,-9.89373,-2.17621,-0.0182615
107,-10.4685,-2.24735,0.256493
107,-10.5029,-2.10559,0.00641066
107,-10.5079,-2.11567,0.011302
107,-10.5105,-2.11071,0.00607872
107,-10.5442,-2.13581,0.000516117
107,-10.6792,-2.52217,0.312894
107,-10.6875,-2.63904,0.299442
107,-10.7603,-2.32141,0.258228
107,-11.0633,-2.15385,0.165317
107,-10.9974,-2.13542,-0.0264245
107,-11.1305,-2.6971,0.301278
107,-11.6184,-2.21451,0.28837
107,-11.6551,-2.25021,0.279461
107,-11.6552,-2.07469,-0.0605221
107,-11.7964,-1.98264,-0.0780743
107,-11.833,-2.02058,-0.0457358
107,-11.831,-1.99325,-0.0789335
107,-11.5611,1.22373,-2.22486
107,-11.9013,-2.04492,-0.0547621
107,-12.02,-2.06407,0.209453
107,-11.2916,-0.148111,-2.36172
107,-12.0312,-2.09803,0.182883
107,-11.5426,-0.286776,-1.77353
107,-11.5411,-0.285896,-1.78473
107,-12.0907,-2.03413,0.160092
107,-12.0463,-2.0531,-0.0449099
107,-11.6911,1.03801,-2.38756
107,-11.8168,-0.272766,-1.80593
107,-11.7579,-1.01201,-2.09098
107,-12.534,-1.98509,0.0755117
107,-11.8255,-0.943093,-2.11255
107,-11.869,-0.956744,-2.14218
107,-11.8804,-0.961704,-2.15507
107,-11.9119,-0.959845,-2.18155
107,-11.9335,-0.956556,-2.21618
107,-11.9453,-1.21376,-2.15004
107,-11.9077,-0.0150888,-2.93712
107,-12.0779,-0.87294,-2.1927
107,-12.1167,-0.87231,-2.16198
107,-12.2285,-0.56601,-2.15079
107,-11.5375,-4.20045,-2.74459
107,-13.1663,-2.0062,-0.0751387
107,-12.7101,-0.0494399,-2.0946
107,-11.5965,-4.24548,-2.8171
107,-12.7964,-0.136354,-1.95438
107,-13.717,-0.78184,0.403159
107,-13.6316,-1.61643,0.569345
107,-13.2594,-2.02729,-0.110969
107,-12.7615,-0.0576657,-2.11686
107,-12.4074,0.836071,-3.34217
107,-13.7123,-0.984939,0.341618
107,-13.7565,-0.775802,0.340762
107,-13.3354,-2.04504,-0.0888093
107,-13.7584,-0.996152,0.404488
107,-12.8439,-0.0584905,-2.18337
107,-12.5992,1.03515,-3.24132
107,-11.8979,-4.06464,-2.676
107,-12.6287,0.830174,-3.19841
107,-13.0892,-0.112803,-1.75431
107,-13.1346,-0.0780986,-1.74842
107,-12.6581,1.04965,-3.33611
107,-12.6741,1.09031,-3.33822
107,-12.7602,0.890113,-3.32533
107,-12.4001,-0.588234,-3.69332
107,-12.8525,1.31294,-3.5042
107,-12.4,-0.635541,-3.70262
107,-12.071,-4.2502,-2.86889
107,-13.2307,0.0754714,-2.21735
107,-14.0448,-0.992872,-0.00857818
107,-14.3944,-0.0678526,0.306734
107,-13.3119,0.131555,-2.25701
107,-12.2258,-4.15241,-2.92682
107,-13.4126,0.134051,-2.10579
107,-14.0618,-2.4333,0.489698
107,-12.3578,-1.79147,-3.76181
107,-13.4044,0.144086,-2.26612
107,-13.943,-2.95938,0.308398
107,-13.42,0.122792,-2.25279
107,-12.7008,-0.726892,-3.60181
107,-14.0845,-2.76025,0.420294
107,-13.399,1.22442,-2.95039
107,-14.1594,-2.97923,0.625471
107,-14.2195,-2.47282,0.488971
107,-14.228,-3.36758,0.772014
107,-13.2747,1.54866,-3.58931
107,-13.277,1.53335,-3.5809
107,-14.4197,-3.01262,0.493248
107,-13.67,1.33439,-3.16067
107,-12.6068,-3.94776,-3.30825
107,-13.4257,1.15289,-3.68165
107,-12.8967,-3.9144,-2.84282
107,-14.6655,-1.02068,-0.094209
107,-13.3385,0.294468,-3.80413
107,-13.0178,-1.58566,-3.79142
107,-13.1228,-1.55529,-3.58697
107,-13.4699,0.532921,-3.72167
107,-13.3777,0.308126,-3.85042
107,-15.0572,-1.92033,0.965852
107,-13.0437,-1.58656,-3.85389
107,-13.3032,0.765845,-4.36249
107,-14.8373,-0.989133,-0.114444
107,-13.1952,-1.57406,-3.65147
107,-13.1282,-1.77536,-3.80229
107,-13.4909,0.330669,-3.97024
107,-13.0215,-3.87929,-3.39912
107,-14.7971,-4.60405,0.956331
107,-13.2881,-1.72606,-3.79043
107,-13.9798,2.17752,-3.94908
107,-14.0226,1.44582,-3.60263
107,-13.8108,-0.509848,-3.29849
107,-13.823,0.574494,-3.77251
107,-13.3372,-2.25223,-3.66207
107,-13.3656,-1.78654,-3.85186
107,-13.3597,-2.25967,-3.68569
107,-17.0964,1.85629,-1.36934
106,-17.0964,1.85629,-1.36934
107,-16.9539,1.81556,-1.02837
106,-16.9539,1.81556,-1.02837
107,-14.6063,1.55503,-3.35186
106,-14.6063,1.55503,-3.35186
107,-12.3354,1.16322,-3.21633
106,-12.3354,1.16322,-3.21633
107,-15.4423,-3.40791,-1.5082
106,-15.4423,-3.40791,-1.5082
107,-16.7227,-1.45288,-2.65405
106,-16.7227,-1.45288,-2.65405
107,-23.3354,-0.220512,-4.23506
106,-23.3354,-0.220512,-4.23506
107,-17.1832,1.61259,-1.16569
106,-17.1832,1.61259,-1.16569
107,-17.651,0.855793,-0.283627
106,-17.651,0.855793,-0.283627
107,-15.2291,-0.700312,-3.20679
106,-15.2291,-0.700312,-3.20679
107,-15.2072,-1.71295,-1.01406
106,-15.2072,-1.71295,-1.01406
107,-11.6411,-1.0906,-1.84281
106,-11.6411,-1.0906,-1.84281
107,-15.595,-3.28014,-3.69979
106,-15.595,-3.28014,-3.69979
107,-15.0415,-2.40192,-3.8113
106,-15.0415,-2.40192,-3.8113
107,-15.2941,0.223117,-0.678341
106,-15.2941,0.223117,-0.678341
107,-15.4613,-0.212392,-0.691447
106,-15.4613,-0.212392,-0.691447
107,-17.0876,1.07518,-2.34953
106,-17.0876,1.07518,-2.34953
107,-16.7002,-0.422149,-3.38062
106,-16.7002,-0.422149,-3.38062
107,-14.7506,-2.59262,-1.44974
106,-14.7506,-2.59262,-1.44974
107,-15.9741,0.952376,-2.63919
106,-15.9741,0.952376,-2.63919
107,-14.6538,-3.15136,-3.79569
106,-14.6538,-3.15136,-3.79569
107,-16.6075,0.341564,-0.919012
106,-16.6075,0.341564,-0.919012
107,-16.582,-1.51707,-1.91361
106,-16.582,-1.51707,-1.91361
107,-14.5196,-4.21977,-1.70541
106,-14.5196,-4.21977,-1.70541
107,-16.3485,-2.83158,-4.68112
106,-16.3485,-2.83158,-4.68112
107,-14.0306,-3.02715,0.446137
106,-14.0306,-3.02715,0.446137
107,-14.3323,-1.31343,-2.81804
106,-14.3323,-1.31343,-2.81804
107,-16.5986,-0.870991,-2.58634
106,-16.5986,-0.870991,-2.58634
107,-17.5503,0.497163,0.906634
106,-17.5503,0.497163,0.906634
107,-15.425,1.80455,-3.85054
106,-15.425,1.80455,-3.85054
107,-16.9625,1.82293,-0.996526
106,-16.9625,1.82293,-0.996526
107,-12.1395,-0.19878,-2.03488
106,-12.1395,-0.19878,-2.03488
107,-14.1115,0.807985,-2.74991
106,-14.1115,0.807985,-2.74991
107,-18.4132,2.06379,-2.48484
106,-18.4132,2.06379,-2.48484
107,-15.6419,0.727011,-0.239175
106,-15.6419,0.727011,-0.239175
107,-16.3176,1.65373,-0.026819
106,-16.3176,1.65373,-0.026819
107,-15.9133,-2.29082,-1.4389
106,-15.9133,-2.29082,-1.4389
107,-18.4898,0.0521077,-2.76823
106,-18.4898,0.0521077,-2.76823
107,-16.7513,0.890509,-0.376266
106,-16.7513,0.890509,-0.376266
107,-15.905,0.61566,-0.288536
106,-15.905,0.61566,-0.288536
107,-14.769,-0.314411,-3.3198
106,-14.769,-0.314411,-3.3198
107,-13.74,-0.82093,-2.32569
106,-13.74,-0.82093,-2.32569
107,-14.2387,-5.73061,-2.64147
106,-14.2387,-5.73061,-2.64147
107,-16.4042,-0.292313,-4.32667
106,-16.4042,-0.292313,-4.32667
107,-13.8716,-3.49036,-4.19637
106,-13.8716,-3.49036,-4.19637
107,-16.2912,-1.63888,1.01021
106,-16.2912,-1.63888,1.01021
107,-17.2867,2.31425,0.4123
106,-17.2867,2.31425,0.4123
107,-13.8626,-4.09446,-2.1076
106,-13.8626,-4.09446,-2.1076
107,-22.1559,-0.173875,-3.80155
106,-22.1559,-0.173875,-3.80155
107,-19.4963,0.880553,-2.98189
106,-19.4963,0.880553,-2.98189
107,-13.589,-3.8165,0.468177
106,-13.589,-3.8165,0.468177
107,-16.5714,1.71312,-0.880333
106,-16.5714,1.71312,-0.880333
107,-15.5056,-0.501238,-2.81244
106,-15.5056,-0.501238,-2.81244
107,-15.3497,-5.07341,-1.93884
106,-15.3497,-5.07341,-1.93884
107,-16.9715,1.82619,-0.947217
106,-16.9715,1.82619,-0.947217
107,-14.2064,1.67465,-3.11748
106,-14.2064,1.67465,-3.11748
107,-12.2745,-4.57235,-2.58818
106,-12.2745,-4.57235,-2.58818
107,-14.3664,0.0976077,0.521217
106,-14.3664,0.0976077,0.521217
107,-16.2548,0.0900805,0.447715
106,-16.2548,0.0900805,0.447715
107,-16.7921,2.83714,-0.781248
106,-16.7921,2.83714,-0.781248
107,-11.2084,-2.67639,0.305602
106,-11.2084,-2.67639,0.305602
107,-17.7225,2.10032,-2.01695
106,-17.7225,2.10032,-2.01695
107,-13.2587,-0.00993527,-1.74143
106,-13.2587,-0.00993527,-1.74143
107,-14.9598,2.19634,-1.9237
106,-14.9598,2.19634,-1.9237
107,-15.1586,2.02215,-3.35514
106,-15.1586,2.02215,-3.35514
107,-14.4604,0.339825,-3.88423
105,-14.4604,0.339825,-3.88423
107,-16.6469,0.674503,-1.30903
105,-16.6469,0.674503,-1.30903
107,-14.9861,1.2094,-3.58309
105,-14.9861,1.2094,-3.58309
107,-16.0828,-0.7824,-2.90214
105,-16.0828,-0.7824,-2.90214
107,-12.2511,-1.37191,-3.64279
105,-12.2511,-1.37191,-3.64279
107,-14.0687,-3.59374,-4.41439
105,-14.0687,-3.59374,-4.41439
107,-15.5688,-0.981053,-0.855612
105,-15.5688,-0.981053,-0.855612
107,-13.6411,0.606604,-3.67674
105,-13.6411,0.606604,-3.67674
107,-16.7129,-0.576195,-0.432057
105,-16.7129,-0.576195,-0.432057
107,-13.3052,-4.03251,-3.75007
105,-13.3052,-4.03251,-3.75007
107,-14.0915,-2.48263,-3.85003
105,-14.0915,-2.48263,-3.85003
107,-15.9684,-3.41954,-3.90961
105,-15.9684,-3.41954,-3.90961
107,-16.1432,-3.93367,-1.7955
105,-16.1432,-3.93367,-1.7955
107,-16.1705,-4.25237,-3.23056
105,-16.1705,-4.25237,-3.23056
107,-12.0348,-2.07061,0.192289
105,-12.0348,-2.07061,0.192289
107,-15.9706,2.70716,-3.10153
105,-15.9706,2.70716,-3.10153
107,-14.0077,-3.78863,-3.0875
105,-14.0077,-3.78863,-3.0875
107,-16.3949,3.40749,-1.11579
105,-16.3949,3.40749,-1.11579
107,-16.8843,1.97439,0.0508909
105,-16.8843,1.97439,0.0508909
107,-15.0959,-1.44124,-0.858475
105,-15.0959,-1.44124,-0.858475
107,-15.0401,-3.30285,-3.9587
105,-15.0401,-3.30285,-3.9587
107,-17.0219,1.71772,-1.73301
105,-17.0219,1.71772,-1.73301
107,-11.8855,-2.0693,-0.102455
105,-11.8855,-2.0693,-0.102455
107,-14.1612,1.68348,-2.78459
105,-14.1612,1.68348,-2.78459
107,-16.9809,2.9532,-2.35102
105,-16.9809,2.9532,-2.35102
107,-18.1596,3.31049,-2.09148
105,-18.1596,3.31049,-2.09148
107,-17.6269,2.61009,-4.30655
105,-17.6269,2.61009,-4.30655
107,-17.2063,1.84371,-1.75825
103,-17.2063,1.84371,-1.75825
107,-16.3857,-4.1911,-3.21587
103,-16.3857,-4.1911,-3.21587
107,-17.1435,1.82853,-1.74967
103,-17.1435,1.82853,-1.74967
107,-17.0774,1.37099,0.400515
103,-17.0774,1.37099,0.400515
107,-15.3296,-3.08587,-4.28196
103,-15.3296,-3.08587,-4.28196
107,-14.5187,-4.5334,-2.44657
103,-14.5187,-4.5334,-2.44657
107,-11.2535,-1.91369,0.182106
103,-11.2535,-1.91369,0.182106
107,-23.6484,-0.861909,-4.79804
103,-23.6484,-0.861909,-4.79804
107,-17.5329,1.9567,-3.97797
103,-17.5329,1.9567,-3.97797
107,-16.7397,-0.290947,1.0376
103,-16.7397,-0.290947,1.0376
107,-15.1511,-2.10179,-1.23074
103,-15.1511,-2.10179,-1.23074
107,-16.3552,3.18859,0.0998168
103,-16.3552,3.18859,0.0998168
107,-14.8896,-3.64595,-4.11907
103,-14.8896,-3.64595,-4.11907
107,-17.2724,1.85317,-1.64853
104,-17.2724,1.85317,-1.64853
107,-17.4178,-0.51524,-1.07623
104,-17.4178,-0.51524,-1.07623
107,-13.3578,-3.96647,-4.50495
104,-13.3578,-3.96647,-4.50495
107,-15.849,-3.66308,-2.8508
104,-15.849,-3.66308,-2.8508
107,-13.1915,0.141412,-3.06616
104,-13.1915,0.141412,-3.06616
107,-15.5346,2.58397,-3.36812
104,-15.5346,2.58397,-3.36812
107,-16.6601,3.30827,0.0646638
104,-16.6601,3.30827,0.0646638
107,-24.4292,-0.130598,-4.58306
104,-24.4292,-0.130598,-4.58306
107,-15.8991,2.68289,-3.08775
104,-15.8991,2.68289,-3.08775
107,-17.3079,0.589563,-0.346948
102,-17.3079,0.589563,-0.346948
107,-16.2458,-2.45661,-1.50948
102,-16.2458,-2.45661,-1.50948
107,-17.1678,1.09676,-2.56378
102,-17.1678,1.09676,-2.56378
107,-16.324,-2.47651,-1.52775
102,-16.324,-2.47651,-1.52775
107,-14.3764,-3.47916,0.897076
102,-14.3764,-3.47916,0.897076
107,-12.7583,-3.40742,0.88305
102,-12.7583,-3.40742,0.88305
107,-12.8237,-3.44631,0.885631
102,-12.8237,-3.44631,0.885631
107,-14.7019,-2.95723,-3.85604
102,-14.7019,-2.95723,-3.85604
107,-16.8188,1.62223,-1.491
102,-16.8188,1.62223,-1.491
107,-17.2469,1.69659,-1.35211
100,-17.2469,1.69659,-1.35211
107,-15.9502,-3.76093,-1.96148
100,-15.9502,-3.76093,-1.96148
107,-17.5504,1.99831,-1.74965
100,-17.5504,1.99831,-1.74965
107,-17.6919,2.13085,-1.72667
100,-17.6919,2.13085,-1.72667
107,-20.4918,5.13871,-4.27014
100,-20.4918,5.13871,-4.27014
107,-15.4392,-1.96231,-2.1204
100,-15.4392,-1.96231,-2.1204
107,-16.9672,3.67818,-1.6227
98,-16.9672,3.67818,-1.6227
107,-15.3785,-1.32098,-1.10021
95,-15.3785,-1.32098,-1.10021
107,-13.4027,-3.97372,-4.46839
97,-13.4027,-3.97372,-4.46839
108,-10.6774,-0.691167,0.765176
108,-10.3827,-2.18977,0.138976
108,-10.4134,-2.20647,0.134003
108,-10.5995,-2.29951,0.265918
108,-10.6205,-2.41227,0.282802
108,-11.0513,-2.1189,0.111015
108,-11.0843,-2.17773,0.16235
108,-11.0836,-2.10619,-0.0209598
108,-11.0945,-2.10217,-0.00814307
108,-11.1265,-2.45714,0.289774
108,-11.1253,-2.4768,0.293625
108,-11.1136,-2.68761,0.293703
108,-11.1306,-2.69058,0.302142
108,-11.3394,-2.71441,0.305287
108,-11.596,-2.23243,0.292407
108,-11.6045,-2.12972,0.178423
108,-11.6242,-2.24206,0.29135
108,-11.6627,-2.1473,0.172717
108,-11.6267,-2.06797,-0.0607995
108,-11.6891,-2.15702,0.166403
108,-11.695,-2.16233,0.159365
108,-11.6738,-2.06999,-0.103276
108,-11.6069,-0.291095,-1.83419
108,-11.7258,-3.54835,0.422733
108,-11.8802,-2.7425,0.265264
108,-11.7641,-3.58383,0.378442
108,-12.025,-2.15675,0.225096
108,-12.0533,-2.09122,0.154113
108,-12.0545,-2.12265,0.158622
108,-12.076,-2.10614,0.162413
108,-11.9848,-2.78713,0.255424
108,-12.033,-2.07082,-0.0413924
108,-12.1094,-2.06876,-0.0299764
108,-12.0531,-3.95799,0.86119
108,-11.8462,-0.96807,-2.11129
108,-11.952,-1.21992,-2.16551
108,-12.0806,-0.930138,-2.13388
108,-12.7574,-3.44427,1.2275
108,-13.0011,-3.6287,1.25827
108,-13.2771,-1.70276,0.69641
108,-12.8871,-4.07635,0.876076
108,-12.8716,-0.126698,-2.00952
108,-12.8572,-0.0502001,-2.20117
108,-12.6203,-1.03184,-2.41344
108,-12.9413,-0.142089,-2.01857
108,-12.9967,-0.266089,-1.93125
108,-12.7083,-0.685954,-2.67991
108,-13.5716,-1.84994,0.679022
108,-13.0402,-0.26538,-1.95471
108,-13.1577,-0.0884278,-1.75985
108,-13.1474,-0.127876,-1.79527
108,-13.7062,-0.992856,0.424296
108,-13.6765,-1.19847,0.440296
108,-13.694,-1.3035,0.480059
108,-13.7938,-0.801104,0.405525
108,-13.2315,-0.0918566,-1.78517
108,-13.9441,-1.7259,1.42313
108,-12.9787,-0.865301,-2.11561
108,-14.0035,-1.10876,1.19366
108,-13.9633,-1.72393,1.43004
108,-14.0176,-1.38259,1.38512
108,-14.0556,-1.33965,1.37258
108,-13.0218,-0.868614,-2.14658
108,-13.0614,0.181964,-2.6808
108,-13.7688,-1.40155,0.460756
108,-13.9125,-1.36317,0.785191
108,-13.9785,-1.68296,1.14393
108,-14.1249,-1.09897,1.19334
108,-13.1059,-0.783777,-2.19192
108,-12.3263,-4.01175,-2.66142
108,-13.9556,-1.36733,0.781411
108,-14.111,-1.30497,1.18824
108,-13.9373,-2.64346,1.45673
108,-13.4209,0.00122541,-1.81384
108,-13.8754,-0.982919,0.192348
108,-14.0253,-0.583728,0.376702
108,-13.4382,-0.112911,-1.80534
108,-13.3018,0.0624918,-2.3608
108,-14.1599,-1.50578,1.16605
108,-12.44,-4.08355,-2.74136
108,-13.318,0.212334,-2.83232
108,-13.9839,-2.321,0.77445
108,-14.3216,-1.3041,1.19749
108,-12.4825,-4.13906,-2.81987
108,-14.3456,-1.54403,1.18145
108,-14.0288,-2.4149,0.478712
108,-14.1184,-2.42404,0.756966
108,-13.7315,0.116421,-2.00895
108,-14.1778,-3.28629,1.43486
108,-14.0444,-2.42217,0.485174
108,-13.9497,-2.9282,0.445188
108,-14.4606,-1.08168,0.858814
108,-14.2224,-3.67429,1.70197
108,-13.9621,-2.99758,0.457631
108,-14.2415,-3.68428,1.7085
108,-14.7325,-0.790752,1.45447
108,-13.9541,-3.1996,0.389759
108,-14.213,-3.2201,1.18344
108,-14.1126,-2.8973,0.652118
108,-14.6423,-0.0683951,0.406121
108,-13.5788,-0.680797,-2.56679
108,-14.1289,-2.75543,0.407646
108,-14.7017,-0.000478387,0.465
108,-13.6002,-0.683711,-2.58375
108,-14.3808,-3.19364,1.26767
108,-14.1942,-2.79397,0.402876
108,-14.4503,-3.02366,1.30475
108,-14.2227,-3.31001,0.745563
108,-14.7964,0.0613735,0.460123
108,-13.6005,-1.08623,-2.59489
108,-14.502,-3.16053,1.30451
108,-14.3736,-2.53412,0.492937
108,-13.6424,-0.558603,-3.13402
108,-12.9592,-3.86029,-3.37712
108,-13.2225,-3.90986,-2.69378
108,-14.0747,-0.314525,-2.35737
108,-13.2258,-3.92926,-2.9648
108,-15.1973,-0.814012,1.19449
108,-13.3227,-3.97352,-2.74961
108,-14.5853,-4.12852,1.24533
108,-13.4606,-2.31547,-3.38762
108,-13.8614,-0.518075,-3.31751
108,-13.8615,-0.531044,-3.31138
108,-14.2612,1.62697,-3.41529
108,-15.0088,-0.737849,0.336427
108,-13.9267,-0.51453,-3.37629
108,-14.065,-1.09083,-2.61895
108,-14.7224,-4.21008,1.25219
108,-14.1112,-1.09521,-2.64675
108,-13.4794,-3.93441,-2.92272
108,-13.2997,-4.93764,-2.92531
108,-14.1669,-1.0938,-2.61486
108,-15.0532,-2.38863,0.901651
108,-14.254,-1.16018,-2.45592
108,-15.0717,-2.69862,0.938754
108,-13.1905,-5.44877,-3.24077
108,-15.3497,-1.46175,1.01709
108,-13.4843,-5.54093,-2.29386
108,-15.1003,-2.72429,0.918842
108,-14.5824,1.50606,-3.30886
108,-13.4416,-3.97275,-3.57395
108,-16.3141,3.04886,0.899037
108,-14.9658,-3.22257,0.457873
108,-14.6943,0.933978,-3.08062
108,-15.4319,-0.763077,-2.60408
107,-15.4319,-0.763077,-2.60408
108,-16.0628,-0.645588,-3.20546
107,-16.0628,-0.645588,-3.20546
108,-14.9127,-0.584555,-3.43816
107,-14.9127,-0.584555,-3.43816
108,-15.7861,-3.70483,-1.55856
107,-15.7861,-3.70483,-1.55856
108,-13.9191,-1.11693,-2.27951
107,-13.9191,-1.11693,-2.27951
108,-16.6777,1.73407,-0.981776
107,-16.6777,1.73407,-0.981776
108,-17.0075,-0.574215,-1.73916
107,-17.0075,-0.574215,-1.73916
108,-16.7163,1.43583,-1.60467
107,-16.7163,1.43583,-1.60467
108,-17.6213,0.851421,-0.283159
107,-17.6213,0.851421,-0.283159
108,-14.9793,-1.68055,-0.951544
107,-14.9793,-1.68055,-0.951544
108,-15.2992,-2.34324,-1.06181
107,-15.2992,-2.34324,-1.06181
108,-16.2005,-3.51781,-4.06465
107,-16.2005,-3.51781,-4.06465
108,-13.9378,-3.52302,-4.29807
107,-13.9378,-3.52302,-4.29807
108,-14.1123,-3.66186,-3.83875
107,-14.1123,-3.66186,-3.83875
108,-14.6549,-1.89904,-1.86744
107,-14.6549,-1.89904,-1.86744
108,-13.8111,-0.790498,0.382399
107,-13.8111,-0.790498,0.382399
108,-17.063,-0.521606,-1.01816
107,-17.063,-0.521606,-1.01816
108,-14.9538,0.864127,-3.99817
107,-14.9538,0.864127,-3.99817
108,-13.6138,-1.22562,-2.40544
107,-13.6138,-1.22562,-2.40544
108,-19.2062,0.846099,-2.97423
107,-19.2062,0.846099,-2.97423
108,-16.8837,1.03507,-2.2787
107,-16.8837,1.03507,-2.2787
108,-13.2544,-0.0755725,-1.8117
107,-13.2544,-0.0755725,-1.8117
108,-17.156,-1.17108,-2.07862
107,-17.156,-1.17108,-2.07862
108,-14.6612,-1.40653,-1.84039
107,-14.6612,-1.40653,-1.84039
108,-16.0928,1.59819,-1.37246
107,-16.0928,1.59819,-1.37246
108,-14.7099,-2.45425,-2.85708
107,-14.7099,-2.45425,-2.85708
108,-15.2195,0.933036,-4.18168
107,-15.2195,0.933036,-4.18168
108,-12.8164,-3.68876,-3.31701
107,-12.8164,-3.68876,-3.31701
108,-15.1571,-2.30563,-1.01828
107,-15.1571,-2.30563,-1.01828
108,-15.3666,-0.979086,-0.820725
107,-15.3666,-0.979086,-0.820725
108,-15.8796,0.262683,-0.782528
107,-15.8796,0.262683,-0.782528
108,-12.8898,-3.45219,-2.82741
107,-12.8898,-3.45219,-2.82741
108,-21.0017,1.08963,-3.56347
107,-21.0017,1.08963,-3.56347
108,-15.8896,-1.31995,-2.34524
107,-15.8896,-1.31995,-2.34524
108,-18.101,0.628925,-2.63156
107,-18.101,0.628925,-2.63156
108,-16.5379,1.39516,-1.44056
107,-16.5379,1.39516,-1.44056
108,-14.6534,-0.580848,-3.27646
107,-14.6534,-0.580848,-3.27646
108,-19.3298,1.91115,-2.88604
107,-19.3298,1.91115,-2.88604
108,-17.3885,1.73755,-1.82382
107,-17.3885,1.73755,-1.82382
108,-16.9482,-0.579422,-1.72109
107,-16.9482,-0.579422,-1.72109
108,-15.5991,1.62032,-3.65653
107,-15.5991,1.62032,-3.65653
108,-18.0077,2.08989,-1.21622
107,-18.0077,2.08989,-1.21622
108,-16.0679,0.766454,-0.291722
107,-16.0679,0.766454,-0.291722
108,-17.3835,0.454591,0.0425387
107,-17.3835,0.454591,0.0425387
108,-14.9673,-0.585333,-3.47217
107,-14.9673,-0.585333,-3.47217
108,-21.1446,5.07812,-3.92621
107,-21.1446,5.07812,-3.92621
108,-16.8552,1.77465,-3.63166
107,-16.8552,1.77465,-3.63166
108,-16.9725,1.80324,-0.0801587
107,-16.9725,1.80324,-0.0801587
108,-16.8566,-0.624794,1.15451
107,-16.8566,-0.624794,1.15451
108,-14.3501,-3.85707,-4.00041
107,-14.3501,-3.85707,-4.00041
108,-14.9786,-2.26636,-0.975597
107,-14.9786,-2.26636,-0.975597
108,-16.9482,-0.579422,-1.72109
107,-16.9482,-0.579422,-1.72109
108,-14.3138,-3.9677,-3.28992
107,-14.3138,-3.9677,-3.28992
108,-17.5307,-0.446612,-3.7855
107,-17.5307,-0.446612,-3.7855
108,-14.7973,-0.578193,-3.13726
107,-14.7973,-0.578193,-3.13726
108,-16.7871,3.35863,0.052215
107,-16.7871,3.35863,0.052215
108,-13.7382,-2.74764,-3.09371
107,-13.7382,-2.74764,-3.09371
108,-14.1247,-2.28218,-2.53444
107,-14.1247,-2.28218,-2.53444
108,-12.7723,-4.42681,-2.49775
107,-12.7723,-4.42681,-2.49775
108,-15.007,-2.27812,-0.978642
107,-15.007,-2.27812,-0.978642
108,-15.0823,-4.91751,0.961195
107,-15.0823,-4.91751,0.961195
108,-16.0128,-2.3189,-1.47281
107,-16.0128,-2.3189,-1.47281
108,-17.2212,1.88353,-3.26202
107,-17.2212,1.88353,-3.26202
108,-14.4235,-3.02045,-3.57096
107,-14.4235,-3.02045,-3.57096
108,-15.4895,2.92302,-4.25488
107,-15.4895,2.92302,-4.25488
108,-15.8766,-0.491977,-2.96591
107,-15.8766,-0.491977,-2.96591
108,-14.6366,-4.04789,-4.26691
107,-14.6366,-4.04789,-4.26691
108,-15.1176,1.31806,-0.613891
107,-15.1176,1.31806,-0.613891
108,-19.9743,-0.236494,-3.13222
107,-19.9743,-0.236494,-3.13222
108,-16.9657,-0.31433,1.08075
107,-16.9657,-0.31433,1.08075
108,-16.2162,0.252826,-1.04771
107,-16.2162,0.252826,-1.04771
108,-11.8401,-3.51207,-0.916697
107,-11.8401,-3.51207,-0.916697
108,-16.9402,1.81284,-0.940598
107,-16.9402,1.81284,-0.940598
108,-14.7747,-0.660094,-3.31011
107,-14.7747,-0.660094,-3.31011
108,-13.1158,-0.576122,-0.593213
107,-13.1158,-0.576122,-0.593213
108,-17.004,0.835724,-0.416524
107,-17.004,0.835724,-0.416524
108,-13.1628,-1.0834,-0.981275
107,-13.1628,-1.0834,-0.981275
108,-15.468,1.53363,0.177372
107,-15.468,1.53363,0.177372
108,-16.28,0.35941,-0.0427735
106,-16.28,0.35941,-0.0427735
108,-15.9801,-2.11414,-4.27478
106,-15.9801,-2.11414,-4.27478
108,-14.7257,-4.26015,-2.43108
106,-14.7257,-4.26015,-2.43108
108,-14.9737,-3.31093,-3.81268
106,-14.9737,-3.31093,-3.81268
108,-15.2178,-2.7265,-2.88552
106,-15.2178,-2.7265,-2.88552
108,-13.5393,-0.859956,0.0266786
106,-13.5393,-0.859956,0.0266786
108,-13.9689,-0.200504,0.455528
106,-13.9689,-0.200504,0.455528
108,-19.4383,0.081815,-3.09859
106,-19.4383,0.081815,-3.09859
108,-17.7925,-0.459793,-3.42487
106,-17.7925,-0.459793,-3.42487
108,-20.2749,0.131317,-3.34789
106,-20.2749,0.131317,-3.34789
108,-16.5983,1.72494,-1.23245
106,-16.5983,1.72494,-1.23245
108,-13.4953,-3.73522,-2.54395
106,-13.4953,-3.73522,-2.54395
108,-15.2023,1.72839,-3.71789
106,-15.2023,1.72839,-3.71789
108,-17.2666,2.28246,0.39744
106,-17.2666,2.28246,0.39744
108,-14.1915,-3.30113,0.748432
106,-14.1915,-3.30113,0.748432
108,-17.1066,2.86963,-0.692535
106,-17.1066,2.86963,-0.692535
108,-12.9674,-3.25632,0.523025
106,-12.9674,-3.25632,0.523025
108,-13.1828,-3.38672,0.525066
106,-13.1828,-3.38672,0.525066
108,-15.8726,2.33893,-0.020826
106,-15.8726,2.33893,-0.020826
108,-17.0943,0.767112,-1.42699
106,-17.0943,0.767112,-1.42699
108,-20.3947,2.52376,-2.72418
106,-20.3947,2.52376,-2.72418
108,-15.9508,1.91249,0.454483
106,-15.9508,1.91249,0.454483
108,-16.7786,1.34044,-0.450814
106,-16.7786,1.34044,-0.450814
108,-14.1713,-0.391952,0.397501
103,-14.1713,-0.391952,0.397501
108,-17.2081,0.448999,-1.44039
103,-17.2081,0.448999,-1.44039
108,-17.9619,1.3339,-4.53173
103,-17.9619,1.3339,-4.53173
108,-17.3668,0.768641,-0.383704
103,-17.3668,0.768641,-0.383704
108,-17.383,0.386518,0.61648
103,-17.383,0.386518,0.61648
108,-12.8628,-3.89539,-3.16696
103,-12.8628,-3.89539,-3.16696
108,-17.0401,2.06829,1.13701
103,-17.0401,2.06829,1.13701
108,-16.848,3.00664,-1.55287
103,-16.848,3.00664,-1.55287
108,-15.2834,-1.92434,-2.07663
103,-15.2834,-1.92434,-2.07663
108,-16.825,-1.61105,1.08556
103,-16.825,-1.61105,1.08556
108,-16.6151,-1.46196,-2.23442
103,-16.6151,-1.46196,-2.23442
108,-17.3847,0.397183,0.933424
103,-17.3847,0.397183,0.933424
108,-17.2006,0.98712,-0.414439
104,-17.2006,0.98712,-0.414439
108,-16.9021,0.380099,0.710191
104,-16.9021,0.380099,0.710191
108,-16.0326,-4.40889,-4.45287
104,-16.0326,-4.40889,-4.45287
108,-16.053,-1.50672,1.03698
104,-16.053,-1.50672,1.03698
108,-17.1108,-0.28507,1.03153
104,-17.1108,-0.28507,1.03153
108,-14.6899,1.90792,-3.4617
104,-14.6899,1.90792,-3.4617
108,-14.9147,1.96738,-3.60495
104,-14.9147,1.96738,-3.60495
108,-16.4889,3.21005,-3.65851
104,-16.4889,3.21005,-3.65851
108,-13.5642,-3.67099,-2.70301
104,-13.5642,-3.67099,-2.70301
108,-17.1736,2.26948,0.421548
104,-17.1736,2.26948,0.421548
108,-16.9248,2.65004,-1.27592
104,-16.9248,2.65004,-1.27592
108,-10.3968,-0.861478,0.602683
102,-10.3968,-0.861478,0.602683
108,-11.6013,-1.99709,0.141358
102,-11.6013,-1.99709,0.141358
108,-15.9551,3.0459,-3.71419
102,-15.9551,3.0459,-3.71419
108,-12.8052,-2.74029,0.844013
102,-12.8052,-2.74029,0.844013
108,-15.5967,-5.13118,1.00357
102,-15.5967,-5.13118,1.00357
108,-13.242,-3.69641,0.911067
102,-13.242,-3.69641,0.911067
108,-17.9302,-0.65759,1.16219
102,-17.9302,-0.65759,1.16219
108,-17.9181,1.19945,-0.410275
100,-17.9181,1.19945,-0.410275
108,-16.5185,0.336411,0.520166
100,-16.5185,0.336411,0.520166
108,-16.315,-0.86188,-2.51107
100,-16.315,-0.86188,-2.51107
108,-15.4139,-3.21043,-4.31248
100,-15.4139,-3.21043,-4.31248
108,-17.2356,1.92824,-1.64308
100,-17.2356,1.92824,-1.64308
108,-16.896,2.85378,0.752688
100,-16.896,2.85378,0.752688
108,-17.4593,1.32114,-0.419821
100,-17.4593,1.32114,-0.419821
108,-17.5966,-0.150084,-1.09572
98,-17.5966,-0.150084,-1.09572
108,-16.962,-1.52466,-2.7137
98,-16.962,-1.52466,-2.7137
108,-17.5381,-0.648907,1.02809
98,-17.5381,-0.648907,1.02809
108,-17.4702,2.31466,0.0173422
97,-17.4702,2.31466,0.0173422
108,-20.6077,5.37723,-4.15555
95,-20.6077,5.37723,-4.15555
109,-10.5267,-2.31377,0.249359
109,-10.5697,-2.29171,0.235233
109,-10.5869,-2.27741,0.185281
109,-11.0133,-2.16995,0.108341
109,-11.0192,-2.16987,0.112308
109,-11.0583,-2.20265,0.108911
109,-11.0628,-2.18052,0.102964
109,-11.1687,-2.33155,0.253651
109,-11.1865,-2.68557,0.3079
109,-11.2272,-2.71138,0.296412
109,-11.5972,-2.13228,0.135828
109,-11.6099,-2.26923,0.281813
109,-11.6485,-2.14784,0.13386
109,-11.6652,-2.29662,0.267009
109,-11.6677,-2.29206,0.259586
109,-11.7749,-2.09439,-0.0646692
109,-11.8959,-2.09368,-0.0772272
109,-12.1316,-2.13926,0.153983
109,-12.4423,-1.4998,0.614024
109,-12.1326,-3.87937,1.01184
109,-12.1386,-2.98518,0.212233
109,-12.4938,-2.18502,0.0761831
109,-12.6119,-2.20327,0.0653201
109,-12.7295,-2.0911,0.0463363
109,-12.7326,-2.05304,-0.133755
109,-12.7536,-2.05031,-0.133193
109,-13.0324,-4.01286,1.84776
109,-13.6903,-1.28662,1.35156
109,-13.39,-1.8721,0.599287
109,-13.5356,-1.18659,0.448873
109,-13.1817,-0.136197,-1.78725
109,-13.2361,-2.03887,-0.12341
109,-13.4667,-1.89287,0.598359
109,-13.1316,-0.268606,-1.99341
109,-13.7481,-1.96309,1.49236
109,-13.2824,-0.0898915,-1.72181
109,-13.798,-1.89488,1.5002
109,-13.0379,-0.892087,-2.15318
109,-13.7678,-0.801169,0.409784
109,-13.6718,-1.39443,0.505726
109,-13.3653,-0.0938284,-1.82857
109,-13.965,-1.34468,1.35871
109,-13.8902,-1.8832,1.4856
109,-13.7247,-1.6432,0.56785
109,-14.0114,-1.31854,1.36958
109,-13.9409,-1.92131,1.48629
109,-13.9418,-1.86196,1.43705
109,-13.9144,-0.80972,0.390489
109,-13.9748,-1.52571,1.14433
109,-13.9563,-0.803201,0.405435
109,-13.1922,-0.644642,-2.57844
109,-13.1979,-0.656555,-2.56108
109,-13.2158,-0.644437,-2.58117
109,-13.9686,-1.40447,0.80781
109,-13.9256,-2.66903,1.44692
109,-13.6283,-2.0663,-0.149858
109,-13.2033,-1.0863,-2.50749
109,-13.9632,-0.99296,0.185093
109,-14.1274,-1.90359,1.46584
109,-13.3576,-0.690974,-2.36265
109,-13.7152,-2.05058,-0.0993738
109,-13.5679,-3.39785,0.302593
109,-13.2964,-1.0962,-2.57986
109,-14.3825,-1.23538,1.42896
109,-13.9473,-2.37291,0.654477
109,-14.5495,-0.793984,1.44346
109,-13.9001,-1.92882,-0.186419
109,-13.9914,-2.4192,0.489264
109,-14.2826,-1.77493,0.989491
109,-14.1599,-3.43842,1.69647
109,-14.1562,-3.62028,1.71399
109,-14.1849,-3.16659,1.4603
109,-14.2544,-2.94426,1.4188
109,-13.9863,-2.98386,0.427726
109,-14.5738,-0.205907,0.404106
109,-14.0191,-3.41957,0.819252
109,-14.0223,-3.04179,0.441968
109,-14.6452,-0.0614536,0.397663
109,-14.2322,-3.17253,1.27394
109,-14.1052,-3.12025,0.711242
109,-14.0637,-2.98204,0.446679
109,-13.981,-3.25641,0.256673
109,-14.3248,-3.23659,1.49507
109,-14.7094,-0.0551988,0.386362
109,-13.9934,-3.26574,0.253155
109,-14.173,-2.99073,0.630464
109,-14.3039,-3.20332,1.28265
109,-14.4194,-2.98731,1.31715
109,-14.4114,-3.23474,1.28295
109,-14.4797,-3.0408,1.3136
109,-14.3672,-2.55333,0.482501
109,-14.4747,-3.12424,1.29677
109,-14.5085,-1.93559,0.482068
109,-15.038,-0.811898,1.50043
109,-13.9156,-1.11991,-2.5572
109,-15.0169,0.144642,0.454639
109,-14.3901,-2.88674,0.39654
109,-13.9917,-1.10862,-2.58107
109,-13.9843,-0.623747,-3.37253
109,-14.7487,-3.15599,1.35749
109,-14.7778,-3.19441,1.3502
109,-14.7036,-4.48139,1.99428
109,-13.4961,-3.95228,-2.93851
109,-15.41,-0.781671,1.60386
109,-15.3259,-0.829801,1.20914
109,-14.8477,-4.57021,2.03299
109,-15.4481,0.203237,0.45459
109,-13.6672,-4.05623,-2.87794
109,-15.126,-2.69685,1.45067
109,-14.6832,0.90128,-3.05759
109,-15.1484,-2.50923,1.35828
109,-14.991,-3.26846,1.3693
109,-14.3586,-2.25101,-1.78808
109,-14.3959,-1.1989,-2.52572
109,-13.8224,-3.95472,-2.51731
109,-14.9302,-4.52742,2.00517
109,-15.7218,-0.618639,1.82983
109,-14.7125,-4.34234,1.01435
109,-14.9414,-4.62971,2.06119
109,-15.0787,-3.0822,1.32613
109,-14.7062,-4.54884,0.918816
109,-14.6732,-2.40706,-0.913478
109,-14.4797,-1.21085,-2.60762
109,-14.7414,-3.17304,-0.151671
109,-15.7131,-0.855087,1.61767
109,-15.5744,-2.09528,2.0469
109,-16.1664,2.86055,0.301974
109,-14.8284,0.933287,-3.15536
109,-14.8382,0.922952,-3.1656
109,-15.0563,-4.7226,2.09439
109,-14.7947,1.12239,-3.5084
109,-14.5359,-0.906586,-2.86908
109,-14.5962,-2.54151,-1.36351
109,-15.3719,-1.98705,1.02109
109,-13.9524,-3.86118,-2.84248
109,-13.7306,-4.98585,-2.89882
109,-14.9901,1.45386,-3.32026
109,-14.7106,0.679838,-3.75378
109,-14.6665,-1.04364,-2.57125
109,-15.3589,-2.89342,1.45767
109,-14.6733,-1.04143,-2.57821
109,-14.6628,-0.988993,-2.69684
109,-14.68,-2.57647,-1.41567
109,-15.3299,-2.57346,0.981183
109,-15.5864,-1.48823,1.04792
109,-15.7237,-2.12942,2.05634
109,-14.8925,-4.62993,0.937788
109,-14.9429,-4.59769,1.05103
109,-16.1894,1.29552,0.955615
109,-15.112,-3.3042,0.426554
109,-15.5485,-2.02167,0.980507
109,-16.1172,-0.600592,1.88854
109,-15.1353,-1.32674,-0.920059
108,-15.1353,-1.32674,-0.920059
109,-16.0364,-1.52709,-1.10945
108,-16.0364,-1.52709,-1.10945
109,-15.9717,-0.895471,-2.78663
108,-15.9717,-0.895471,-2.78663
109,-17.0922,0.301535,0.891391
108,-17.0922,0.301535,0.891391
109,-18.2965,1.3647,-3.64348
108,-18.2965,1.3647,-3.64348
109,-18.131,-1.62585,-3.24937
108,-18.131,-1.62585,-3.24937
109,-14.1988,-2.88136,-3.56985
108,-14.1988,-2.88136,-3.56985
109,-15.6722,-3.62673,-4.29821
108,-15.6722,-3.62673,-4.29821
109,-17.6552,-0.537785,-1.13902
108,-17.6552,-0.537785,-1.13902
109,-16.5479,-1.58215,1.06069
108,-16.5479,-1.58215,1.06069
109,-17.6846,1.16893,0.478351
108,-17.6846,1.16893,0.478351
109,-17.0056,1.22088,0.738302
108,-17.0056,1.22088,0.738302
109,-16.2565,-1.58979,-3.33821
108,-16.2565,-1.58979,-3.33821
109,-16.3741,-1.17563,-2.50763
108,-16.3741,-1.17563,-2.50763
109,-16.1629,0.93549,-2.69446
108,-16.1629,0.93549,-2.69446
109,-18.1139,1.25492,0.472623
108,-18.1139,1.25492,0.472623
109,-15.3021,-1.95789,-2.09003
108,-15.3021,-1.95789,-2.09003
109,-15.5481,-2.63625,-2.61494
108,-15.5481,-2.63625,-2.61494
109,-16.8058,-1.58338,-0.567953
108,-16.8058,-1.58338,-0.567953
109,-24.1612,-0.0421718,-4.93699
108,-24.1612,-0.0421718,-4.93699
109,-16.5406,-1.58379,1.07307
108,-16.5406,-1.58379,1.07307
109,-16.8837,-1.43769,-2.75667
108,-16.8837,-1.43769,-2.75667
109,-16.744,-0.623468,1.27909
108,-16.744,-0.623468,1.27909
109,-17.649,0.841143,-0.285784
108,-17.649,0.841143,-0.285784
109,-14.9575,1.98961,-3.64631
108,-14.9575,1.98961,-3.64631
109,-16.7067,-0.642078,1.28931
108,-16.7067,-0.642078,1.28931
109,-15.5361,-0.270373,-3.15129
108,-15.5361,-0.270373,-3.15129
109,-13.267,-1.04191,-2.13073
108,-13.267,-1.04191,-2.13073
109,-15.2693,-1.44587,-0.914405
108,-15.2693,-1.44587,-0.914405
109,-16.2299,1.57398,-0.860517
108,-16.2299,1.57398,-0.860517
109,-15.44,-2.69371,-3.26766
108,-15.44,-2.69371,-3.26766
109,-15.9525,0.246539,0.438229
108,-15.9525,0.246539,0.438229
109,-18.2027,0.59087,-2.64288
108,-18.2027,0.59087,-2.64288
109,-18.2043,2.33268,-0.0684454
108,-18.2043,2.33268,-0.0684454
109,-16.9797,-0.395594,1.8906
108,-16.9797,-0.395594,1.8906
109,-15.452,2.26546,-0.678013
108,-15.452,2.26546,-0.678013
109,-15.7554,2.01526,-3.64911
108,-15.7554,2.01526,-3.64911
109,-16.4187,-1.32588,-2.35792
108,-16.4187,-1.32588,-2.35792
109,-15.8521,0.270984,-1.34952
108,-15.8521,0.270984,-1.34952
109,-22.8736,-0.1835,-4.10997
108,-22.8736,-0.1835,-4.10997
109,-17.5651,3.15661,-4.2737
108,-17.5651,3.15661,-4.2737
109,-16.8877,1.78563,-0.921325
108,-16.8877,1.78563,-0.921325
109,-16.0476,-0.711096,-2.53183
108,-16.0476,-0.711096,-2.53183
109,-16.2534,0.337556,0.129563
107,-16.2534,0.337556,0.129563
109,-16.9703,0.415355,-1.76952
107,-16.9703,0.415355,-1.76952
109,-15.5438,-1.35441,-1.14316
107,-15.5438,-1.35441,-1.14316
109,-17.3176,-0.597382,-3.25917
107,-17.3176,-0.597382,-3.25917
109,-17.51,0.78614,-0.184497
107,-17.51,0.78614,-0.184497
109,-18.2782,1.27691,-2.80176
107,-18.2782,1.27691,-2.80176
109,-15.2882,-2.54177,-3.96921
107,-15.2882,-2.54177,-3.96921
109,-16.7969,1.33936,-0.445809
107,-16.7969,1.33936,-0.445809
109,-15.7536,-0.884155,-2.6802
107,-15.7536,-0.884155,-2.6802
109,-17.0395,-1.35488,-2.52939
107,-17.0395,-1.35488,-2.52939
109,-16.449,-4.40562,-3.36567
107,-16.449,-4.40562,-3.36567
109,-16.9263,-0.572187,-3.43477
107,-16.9263,-0.572187,-3.43477
109,-17.871,3.23905,-0.952993
107,-17.871,3.23905,-0.952993
109,-15.2407,-0.601543,-3.38165
107,-15.2407,-0.601543,-3.38165
109,-17.0286,1.686,-1.82663
106,-17.0286,1.686,-1.82663
109,-16.8507,0.43414,-0.288603
106,-16.8507,0.43414,-0.288603
109,-17.6167,2.15843,-4.13835
106,-17.6167,2.15843,-4.13835
109,-13.2924,-3.29933,0.522246
106,-13.2924,-3.29933,0.522246
109,-13.4473,-3.91977,-2.88354
106,-13.4473,-3.91977,-2.88354
109,-16.698,-0.544,-0.902324
106,-16.698,-0.544,-0.902324
109,-14.9893,-4.83687,-2.66213
106,-14.9893,-4.83687,-2.66213
109,-17.2833,1.43725,-1.99513
106,-17.2833,1.43725,-1.99513
109,-16.5167,2.50172,-1.18632
106,-16.5167,2.50172,-1.18632
109,-17.9555,2.80579,-2.54453
106,-17.9555,2.80579,-2.54453
109,-17.3224,-0.309975,-1.3562
103,-17.3224,-0.309975,-1.3562
109,-15.1423,-0.943275,-0.771501
103,-15.1423,-0.943275,-0.771501
109,-17.4576,-0.306491,-1.37744
103,-17.4576,-0.306491,-1.37744
109,-13.902,-3.11731,0.725614
103,-13.902,-3.11731,0.725614
109,-17.3843,-4.51378,-2.15677
103,-17.3843,-4.51378,-2.15677
109,-17.1705,2.08776,1.14801
103,-17.1705,2.08776,1.14801
109,-15.8074,-0.0134745,0.934469
103,-15.8074,-0.0134745,0.934469
109,-15.9066,-3.77094,-1.94876
103,-15.9066,-3.77094,-1.94876
109,-17.2322,-1.68372,1.11351
103,-17.2322,-1.68372,1.11351
109,-17.2161,2.40873,0.0205117
103,-17.2161,2.40873,0.0205117
109,-17.8204,0.47941,0.906819
103,-17.8204,0.47941,0.906819
109,-17.4941,0.772753,-1.93224
104,-17.4941,0.772753,-1.93224
109,-17.3622,0.765873,-1.88895
104,-17.3622,0.765873,-1.88895
109,-16.8986,-1.09786,1.0882
104,-16.8986,-1.09786,1.0882
109,-16.645,-1.44315,-2.6126
104,-16.645,-1.44315,-2.6126
109,-17.0964,-0.631511,1.15155
104,-17.0964,-0.631511,1.15155
109,-16.8843,2.94904,-1.30228
104,-16.8843,2.94904,-1.30228
109,-17.1266,-0.361186,-1.05793
104,-17.1266,-0.361186,-1.05793
109,-13.3026,-1.75496,0.510554
102,-13.3026,-1.75496,0.510554
109,-13.7842,-0.568045,0.407511
102,-13.7842,-0.568045,0.407511
109,-17.4706,0.790743,-1.1823
102,-17.4706,0.790743,-1.1823
109,-12.6031,-1.57327,0.524599
102,-12.6031,-1.57327,0.524599
109,-17.2411,0.140677,0.982167
102,-17.2411,0.140677,0.982167
109,-15.0897,-5.00871,-2.47039
102,-15.0897,-5.00871,-2.47039
109,-17.4362,2.81688,-1.11766
102,-17.4362,2.81688,-1.11766
109,-14.3033,-2.05653,0.668644
100,-14.3033,-2.05653,0.668644
109,-17.5276,-0.162182,-1.08449
95,-17.5276,-0.162182,-1.08449
109,-17.3792,2.47474,0.0140684
95,-17.3792,2.47474,0.0140684
110,-10.6167,-2.19763,0.156307
110,-10.8493,-2.38929,0.244723
110,-11.038,-2.16958,0.108446
110,-11.0749,-2.14338,-0.0307701
110,-11.1554,-2.67146,0.309076
110,-11.1656,-2.66733,0.316452
110,-11.3047,-2.40198,0.29276
110,-11.3232,-2.3889,0.291504
110,-11.3185,-2.415,0.291822
110,-11.6322,-2.06974,0.812193
110,-11.4915,-2.10756,-0.0247871
110,-11.652,-2.31562,0.281486
110,-11.6584,-2.30731,0.276424
110,-11.6666,-2.30855,0.273066
110,-11.6827,-2.12277,0.160801
110,-11.6849,-2.12545,0.16603
110,-11.7372,-2.1128,0.155537
110,-11.9395,-2.13047,0.12384
110,-12.0338,-2.1656,0.24275
110,-12.0835,-2.20729,0.237541
110,-12.0523,-2.07429,-0.0487137
110,-12.1184,-2.17645,0.135876
110,-12.7666,-2.79607,0.113469
110,-12.8651,-2.03762,-0.111955
110,-12.9039,-2.12947,0.0364589
110,-13.1345,-0.136028,-1.95344
110,-13.7933,-1.86583,1.48281
110,-13.7289,-0.770969,0.398033
110,-13.1797,0.0490332,-2.219
110,-13.2317,0.0532151,-2.04512
110,-13.7002,-1.00144,0.420155
110,-13.6721,-1.29771,0.495585
110,-13.8492,-1.89657,1.46455
110,-13.7453,-1.00314,0.418005
110,-13.898,-1.71551,1.43709
110,-13.5559,-4.17818,1.85447
110,-13.571,-4.16117,1.83659
110,-13.4626,-2.10566,-0.100828
110,-13.888,-0.803392,0.413816
110,-14.0662,-1.36552,1.38003
110,-14.0743,-1.223,1.24219
110,-13.8513,-0.990061,0.207064
110,-14.0348,-1.51437,1.17219
110,-14.019,-1.94926,1.35944
110,-14.1608,-1.26572,1.21913
110,-14.1206,-1.55193,1.15253
110,-14.1839,-1.35615,1.21982
110,-14.0108,-2.75886,1.56426
110,-14.1918,-1.40132,1.16287
110,-14.2698,-1.11463,1.23254
110,-13.8936,-2.34342,0.691472
110,-13.6516,0.106899,-1.9814
110,-14.1075,-2.77681,1.72954
110,-13.9649,-3.17656,1.44665
110,-14.1825,-0.590219,0.36567
110,-14.3034,-0.803868,0.8692
110,-13.9509,-2.41089,0.482076
110,-13.8594,-1.97171,-0.181536
110,-14.0645,-3.22426,1.4381
110,-14.2407,-1.99684,1.13281
110,-14.103,-3.7133,1.71345
110,-14.3759,-2.7813,1.81657
110,-14.0259,-3.08948,0.715173
110,-13.9306,-3.27569,0.408884
110,-14.0118,-3.57705,0.82868
110,-14.1141,-2.92234,0.65627
110,-14.081,-2.76341,0.41031
110,-14.0201,-3.00989,0.327387
110,-14.0809,-2.91368,0.460988
110,-14.2774,-2.86619,1.12955
110,-14.2656,-3.82748,1.74595
110,-14.6667,0.0415416,0.426365
110,-14.3522,-1.01194,-0.0722108
110,-14.3175,-1.48525,0.054575
110,-14.7399,-0.0720947,0.383379
110,-14.7971,0.0290221,0.487312
110,-14.4704,-2.55074,0.915524
110,-14.535,-0.966934,-0.0986139
110,-14.4068,-2.93947,0.408883
110,-15.0796,0.15956,0.461651
110,-13.9923,-1.13197,-2.6422
110,-15.1324,0.163378,0.458231
110,-15.1532,0.162756,0.453305
110,-13.6688,-3.94478,-2.72742
110,-13.529,-4.80278,-2.71686
110,-14.7649,1.63431,-3.02515
110,-15.6944,-0.634646,1.82258
110,-14.7855,-1.63254,-0.854786
110,-15.6713,-0.958536,1.86897
110,-14.7865,-1.65649,-0.880974
110,-15.1048,-0.949244,-0.241367
110,-15.2676,-1.97351,1.0321
110,-13.8777,-3.83069,-2.80893
110,-13.8895,-3.82862,-2.78563
110,-15.3671,-3.14444,2.03116
110,-14.779,-4.5949,0.882853
110,-14.5784,-2.53053,-1.35992
110,-15.2891,-2.20522,0.892825
110,-14.4416,-1.34667,-2.84568
110,-14.5098,-0.914545,-2.92047
110,-14.9568,-3.2557,0.344433
110,-14.8672,-4.52416,0.876799
110,-14.5721,-1.19788,-2.61755
110,-14.6589,-2.55834,-1.39485
110,-14.8624,0.933651,-3.16797
110,-13.9081,-3.79849,-3.31942
110,-14.9586,1.37681,-3.23062
110,-13.7065,-5.19065,-3.11332
110,-15.3172,-0.958315,-0.271066
110,-14.9127,0.988711,-3.22949
110,-14.9535,-4.55436,0.88138
110,-14.9292,-4.79541,0.954862
110,-15.413,-2.58164,0.966695
110,-15.6592,-3.03017,2.09581
110,-14.7001,-1.23489,-2.72733
110,-15.1065,-1.7072,-0.972639
110,-13.9563,-5.18517,-2.79164
110,-15.0355,-2.28865,-1.00544
110,-14.8532,-0.92703,-2.71378
110,-15.8377,-2.71878,2.13849
110,-15.7694,-3.07663,2.11055
110,-15.7826,-3.08625,2.10559
110,-16.2144,-0.812411,-2.58892
109,-16.2144,-0.812411,-2.58892
110,-16.6394,-1.6104,1.07306
109,-16.6394,-1.6104,1.07306
110,-20.2125,0.125742,-3.47578
109,-20.2125,0.125742,-3.47578
110,-18.8477,-0.219709,-2.67824
109,-18.8477,-0.219709,-2.67824
110,-11.8913,-2.04572,-0.0898728
109,-11.8913,-2.04572,-0.0898728
110,-14.0669,-1.93838,0.396612
109,-14.0669,-1.93838,0.396612
110,-16.1203,-2.79867,-4.59686
109,-16.1203,-2.79867,-4.59686
110,-15.2829,-3.06613,-4.25397
109,-15.2829,-3.06613,-4.25397
110,-15.5271,-3.56796,-4.19944
109,-15.5271,-3.56796,-4.19944
110,-15.8077,-3.74044,-1.93143
109,-15.8077,-3.74044,-1.93143
110,-14.6701,-0.593426,-0.194363
109,-14.6701,-0.593426,-0.194363
110,-17.3812,0.500939,0.983273
109,-17.3812,0.500939,0.983273
110,-17.9905,1.43619,-0.523083
109,-17.9905,1.43619,-0.523083
110,-16.7116,-0.112551,-3.36663
109,-16.7116,-0.112551,-3.36663
110,-16.1937,-0.231705,-0.820523
109,-16.1937,-0.231705,-0.820523
110,-17.5716,0.697914,-2.22834
109,-17.5716,0.697914,-2.22834
110,-15.5402,-0.96181,-0.869811
109,-15.5402,-0.96181,-0.869811
110,-15.2752,-3.89917,-4.4478
109,-15.2752,-3.89917,-4.4478
110,-17.7031,0.181265,1.00011
109,-17.7031,0.181265,1.00011
110,-17.4987,-0.282933,1.04516
109,-17.4987,-0.282933,1.04516
110,-18.4947,1.32688,0.463616
109,-18.4947,1.32688,0.463616
110,-17.8698,1.83859,-0.0826855
109,-17.8698,1.83859,-0.0826855
110,-16.4746,-4.66205,-3.81451
109,-16.4746,-4.66205,-3.81451
110,-16.2366,-4.45436,-3.40666
109,-16.2366,-4.45436,-3.40666
110,-14.7571,-4.38717,-2.51339
109,-14.7571,-4.38717,-2.51339
110,-16.5601,-1.15519,-3.16687
109,-16.5601,-1.15519,-3.16687
110,-16.5962,0.317271,-0.913353
109,-16.5962,0.317271,-0.913353
110,-17.5376,0.742454,0.855419
109,-17.5376,0.742454,0.855419
110,-16.3457,-0.582639,-1.53388
109,-16.3457,-0.582639,-1.53388
110,-16.489,-1.39911,-2.58628
109,-16.489,-1.39911,-2.58628
110,-16.6779,-1.31487,-2.3832
109,-16.6779,-1.31487,-2.3832
110,-15.5725,-0.298986,-3.86024
109,-15.5725,-0.298986,-3.86024
110,-13.0552,-0.787848,-2.15554
109,-13.0552,-0.787848,-2.15554
110,-16.1028,-4.24085,2.07758
109,-16.1028,-4.24085,2.07758
110,-18.0226,-0.270546,-2.38503
109,-18.0226,-0.270546,-2.38503
110,-17.8738,-0.349941,-2.33787
109,-17.8738,-0.349941,-2.33787
110,-16.8905,-4.8679,-5.0392
109,-16.8905,-4.8679,-5.0392
110,-17.2055,-0.554205,-1.00201
109,-17.2055,-0.554205,-1.00201
110,-16.8001,1.4207,-1.49465
109,-16.8001,1.4207,-1.49465
110,-17.9896,0.466284,-1.20799
109,-17.9896,0.466284,-1.20799
110,-17.2375,2.12362,1.44611
109,-17.2375,2.12362,1.44611
110,-17.3141,2.41839,0.00769913
109,-17.3141,2.41839,0.00769913
110,-17.0198,0.227376,0.934296
109,-17.0198,0.227376,0.934296
110,-17.0324,-4.27068,-3.30886
109,-17.0324,-4.27068,-3.30886
110,-14.0605,-2.8738,-3.25201
109,-14.0605,-2.8738,-3.25201
110,-16.9069,2.97192,-1.32444
109,-16.9069,2.97192,-1.32444
110,-17.9956,1.54506,-4.54839
109,-17.9956,1.54506,-4.54839
110,-16.4242,3.22825,-3.71422
109,-16.4242,3.22825,-3.71422
110,-17.1184,2.0845,1.14085
109,-17.1184,2.0845,1.14085
110,-16.2516,-4.33026,2.11644
109,-16.2516,-4.33026,2.11644
110,-16.4449,-3.00453,2.41045
109,-16.4449,-3.00453,2.41045
110,-11.2239,-2.80888,0.276045
109,-11.2239,-2.80888,0.276045
110,-18.7241,0.635994,-2.22544
109,-18.7241,0.635994,-2.22544
110,-15.2518,-2.49866,-3.89985
109,-15.2518,-2.49866,-3.89985
110,-14.5967,-4.60432,0.957337
109,-14.5967,-4.60432,0.957337
110,-17.4838,0.376765,0.896103
109,-17.4838,0.376765,0.896103
110,-17.0862,-0.37853,1.93418
109,-17.0862,-0.37853,1.93418
110,-15.3674,2.07807,0.0733045
109,-15.3674,2.07807,0.0733045
110,-15.409,-4.78298,-2.81828
109,-15.409,-4.78298,-2.81828
110,-16.3699,-4.41878,2.15886
109,-16.3699,-4.41878,2.15886
110,-15.5322,-3.61986,-1.78308
109,-15.5322,-3.61986,-1.78308
110,-16.9126,-1.62949,1.0922
109,-16.9126,-1.62949,1.0922
110,-17.1079,2.36022,0.0317665
109,-17.1079,2.36022,0.0317665
110,-16.7197,1.02411,-2.91375
109,-16.7197,1.02411,-2.91375
110,-16.7624,0.341209,0.910724
109,-16.7624,0.341209,0.910724
110,-16.7681,-0.425106,1.88733
109,-16.7681,-0.425106,1.88733
110,-15.1283,1.25536,-0.553648
109,-15.1283,1.25536,-0.553648
110,-16.954,-0.664491,1.12573
109,-16.954,-0.664491,1.12573
110,-15.786,-0.236227,-0.646921
109,-15.786,-0.236227,-0.646921
110,-18.0863,3.18203,-0.242749
109,-18.0863,3.18203,-0.242749
110,-13.3848,-2.91701,1.6172
109,-13.3848,-2.91701,1.6172
110,-17.1026,0.0408748,0.839522
109,-17.1026,0.0408748,0.839522
110,-16.3788,-3.96484,-1.77949
109,-16.3788,-3.96484,-1.77949
110,-14.1401,-3.10066,0.529204
109,-14.1401,-3.10066,0.529204
110,-17.3774,-0.35181,-2.22106
109,-17.3774,-0.35181,-2.22106
110,-14.5265,-0.174,0.43707
108,-14.5265,-0.174,0.43707
110,-16.9412,0.445557,0.883552
108,-16.9412,0.445557,0.883552
110,-15.3411,-3.24492,-4.0469
108,-15.3411,-3.24492,-4.0469
110,-12.5746,-1.21717,0.469552
108,-12.5746,-1.21717,0.469552
110,-15.4723,1.46246,-3.52931
108,-15.4723,1.46246,-3.52931
110,-14.3535,-2.87505,-0.0859916
108,-14.3535,-2.87505,-0.0859916
110,-12.6363,-2.21604,0.0515341
108,-12.6363,-2.21604,0.0515341
110,-17.6424,0.363993,0.894385
108,-17.6424,0.363993,0.894385
110,-15.968,-0.500137,-3.51488
108,-15.968,-0.500137,-3.51488
110,-14.3659,-3.24673,0.700358
108,-14.3659,-3.24673,0.700358
110,-15.3238,-1.47246,-3.44204
108,-15.3238,-1.47246,-3.44204
110,-15.2628,-0.950775,-2.91635
108,-15.2628,-0.950775,-2.91635
110,-17.2584,1.49157,-1.08157
108,-17.2584,1.49157,-1.08157
110,-17.1244,0.439815,-1.80739
108,-17.1244,0.439815,-1.80739
110,-16.6456,1.70299,-0.0449389
108,-16.6456,1.70299,-0.0449389
110,-17.1577,0.32211,0.883254
108,-17.1577,0.32211,0.883254
110,-11.1502,-2.18772,0.0907986
108,-11.1502,-2.18772,0.0907986
110,-13.4727,-2.77771,0.679916
108,-13.4727,-2.77771,0.679916
110,-18.521,2.97109,-2.70552
108,-18.521,2.97109,-2.70552
110,-20.3277,5.03718,-4.2014
108,-20.3277,5.03718,-4.2014
110,-18.218,3.3802,0.749097
108,-18.218,3.3802,0.749097
110,-13.8443,-3.70603,1.18329
108,-13.8443,-3.70603,1.18329
110,-18.5435,0.538223,0.935842
108,-18.5435,0.538223,0.935842
110,-16.0772,-0.864706,-2.38254
107,-16.0772,-0.864706,-2.38254
110,-17.3165,0.993549,-0.476784
107,-17.3165,0.993549,-0.476784
110,-14.0933,-0.805845,0.318403
107,-14.0933,-0.805845,0.318403
110,-16.6502,1.41239,-1.21032
107,-16.6502,1.41239,-1.21032
110,-17.5354,2.44331,-4.19145
107,-17.5354,2.44331,-4.19145
110,-15.1258,-0.938557,-2.84836
107,-15.1258,-0.938557,-2.84836
110,-17.0201,-1.97688,0.316821
107,-17.0201,-1.97688,0.316821
110,-17.4835,2.11961,0.00458634
107,-17.4835,2.11961,0.00458634
110,-16.898,-0.410526,-1.44076
107,-16.898,-0.410526,-1.44076
110,-16.4507,2.88376,-3.38185
107,-16.4507,2.88376,-3.38185
110,-17.5658,0.90114,-0.341702
106,-17.5658,0.90114,-0.341702
110,-17.4865,1.93496,-3.95889
106,-17.4865,1.93496,-3.95889
110,-13.3284,-3.66237,0.474359
106,-13.3284,-3.66237,0.474359
110,-17.2276,0.934193,-1.67857
104,-17.2276,0.934193,-1.67857
110,-15.5811,-0.850407,-2.61367
104,-15.5811,-0.850407,-2.61367
110,-17.1707,1.63619,-1.44372
103,-17.1707,1.63619,-1.44372
110,-17.4914,1.51781,-0.560675
103,-17.4914,1.51781,-0.560675
110,-17.1812,1.67531,-1.32559
103,-17.1812,1.67531,-1.32559
110,-15.4633,-1.16429,0.0866989
103,-15.4633,-1.16429,0.0866989
110,-13.8307,-2.59554,1.29017
103,-13.8307,-2.59554,1.29017
110,-17.5324,1.25472,0.895894
102,-17.5324,1.25472,0.895894
110,-20.9221,3.14197,-4.40365
100,-20.9221,3.14197,-4.40365
110,-15.4122,-1.3375,-1.10224
95,-15.4122,-1.3375,-1.10224
110,-17.188,0.625577,-0.53058
95,-17.188,0.625577,-0.53058
110,-15.8955,-3.77857,-1.95204
98,-15.8955,-3.77857,-1.95204
110,-17.3737,0.768171,-1.48791
97,-17.3737,0.768171,-1.48791
111,-10.7378,-2.16924,0.168926
111,-11.0267,-2.14378,0.178939
111,-10.9738,-2.15249,-0.0109169
111,-11.0543,-2.16703,0.150329
111,-11.0598,-2.17567,0.144371
111,-11.0426,-2.10099,-0.00705481
111,-11.0522,-2.08616,0.000161588
111,-11.106,-2.14587,0.113236
111,-11.1987,-2.6584,0.330699
111,-11.2617,-2.11348,0.121613
111,-11.6568,-2.29944,0.275009
111,-11.6563,-2.29541,0.266397
111,-11.6109,-2.82697,0.286544
111,-11.6695,-2.04174,-0.0154001
111,-11.6132,-2.85657,0.279882
111,-12.0082,-2.05198,-0.029539
111,-12.0145,-2.06225,-0.0365543
111,-12.108,-2.12952,0.191142
111,-12.2326,-2.18778,0.174624
111,-12.642,-2.20457,0.0620692
111,-12.6685,-2.04677,0.0469581
111,-12.6559,-2.22659,0.0567953
111,-12.9429,-3.76521,1.33594
111,-12.7538,-2.87155,0.145647
111,-13.4858,-1.22648,1.34864
111,-12.8987,-2.04016,-0.122681
111,-13.3389,-1.57503,0.60383
111,-13.681,-1.32687,1.37631
111,-12.8637,-0.132968,-1.98903
111,-13.4907,-1.16159,0.501142
111,-13.5282,-1.17961,0.483668
111,-13.4031,-1.82358,0.434782
111,-13.5849,-0.993893,0.449971
111,-13.3376,-3.75715,1.35548
111,-13.782,-1.84657,1.46061
111,-13.2997,-2.06722,-0.0352899
111,-13.3305,-2.06181,-0.0439405
111,-13.9626,-1.36396,1.39852
111,-13.6787,-1.70349,0.535414
111,-13.2554,-0.0880992,-1.80599
111,-13.0285,-0.887153,-2.15115
111,-13.8632,-0.800349,0.406379
111,-13.3512,-4.40271,0.972306
111,-13.7849,-1.41064,0.484234
111,-13.9543,-1.69295,1.17182
111,-13.9516,-1.89277,1.27765
111,-13.9903,-1.52742,1.15614
111,-13.9803,-1.69897,1.17483
111,-13.9517,-1.38747,0.822064
111,-13.1441,-0.32506,-2.3861
111,-14.0966,-1.77367,1.47268
111,-13.6076,-2.09003,-0.116215
111,-13.9269,-0.991555,0.213525
111,-14.1549,-1.41604,1.14019
111,-13.9498,-0.982464,0.197716
111,-14.0525,-0.639225,0.305816
111,-14.104,-2.75468,1.73243
111,-13.8569,-3.59911,1.29902
111,-13.5604,0.109887,-1.93918
111,-14.042,-0.781596,0.0984494
111,-14.0156,-2.3184,0.797725
111,-13.614,0.116183,-1.97486
111,-13.8122,-1.96624,-0.1673
111,-13.9599,-2.4029,0.492609
111,-14.3474,-0.213633,0.329123
111,-14.6256,-0.789328,1.46272
111,-14.1179,-3.10635,1.26916
111,-13.4553,-0.686164,-2.36489
111,-13.7281,-4.72473,0.94434
111,-14.1947,-3.17983,1.47345
111,-13.8699,-3.20071,0.408602
111,-14.1223,-3.1878,1.19466
111,-14.4141,-0.242653,0.310958
111,-14.2351,-3.17246,1.52864
111,-13.9766,-2.73478,0.429358
111,-14.1736,-3.1381,1.27249
111,-14.1985,-3.28185,1.18534
111,-14.2275,-3.23707,1.19934
111,-14.0793,-2.78327,0.440951
111,-14.9258,-0.758087,1.4632
111,-14.7952,-0.105455,0.402474
111,-14.539,-3.082,1.32529
111,-14.6628,-3.04647,1.14998
111,-15.0848,0.162782,0.467023
111,-15.2213,-0.814804,1.21155
111,-13.3545,-4.0286,-2.79016
111,-14.7961,-0.958192,-0.16713
111,-15.348,-0.814738,1.21653
111,-13.5288,-3.94407,-2.72733
111,-13.486,-3.96779,-2.9337
111,-15.0394,-0.987429,-0.230515
111,-13.5252,-4.79486,-2.74602
111,-14.7267,-4.54544,0.866963
111,-14.7217,-4.6032,0.863163
111,-15.1505,-2.73258,0.884648
111,-15.3003,-2.20307,0.913513
111,-15.9233,-0.634468,1.84868
111,-13.8802,-3.8319,-2.78076
111,-14.5194,-1.02566,-2.48962
111,-13.8814,-3.82484,-2.80224
111,-14.3859,-1.31843,-2.74784
111,-14.4567,-1.10452,-2.67363
111,-13.9112,-3.83384,-2.79732
111,-15.9158,-1.45663,2.02589
111,-14.4684,-0.947253,-2.94373
111,-15.7261,-2.65753,2.07768
111,-14.6557,-2.55028,-1.38203
111,-14.4391,-1.33361,-2.81682
111,-15.0289,-4.73362,0.916711
111,-14.5205,-1.33003,-2.79583
111,-14.9095,0.955992,-3.19214
111,-14.6949,-0.889878,-2.82022
111,-14.9348,1.20979,-3.48886
111,-15.3595,-3.90449,0.905912
111,-16.2333,-1.41569,2.07341
111,-16.2953,-1.43129,2.08322
111,-15.0337,-2.45366,-1.36941
111,-15.12,0.922964,-3.17075
111,-15.4874,-0.965209,-0.866477
111,-14.1003,-3.92445,-3.4919
111,-15.1318,1.109,-3.33795
111,-14.3176,-4.00252,-2.8722
111,-17.0389,-1.21521,-2.80586
110,-17.0389,-1.21521,-2.80586
111,-17.1261,-0.53694,-3.54291
110,-17.1261,-0.53694,-3.54291
111,-17.5931,1.35653,-0.464608
110,-17.5931,1.35653,-0.464608
111,-16.0589,-0.380711,-3.45177
110,-16.0589,-0.380711,-3.45177
111,-17.7982,1.55232,-4.45762
110,-17.7982,1.55232,-4.45762
111,-16.9543,0.923395,-0.352812
110,-16.9543,0.923395,-0.352812
111,-16.3481,-0.65811,-3.69669
110,-16.3481,-0.65811,-3.69669
111,-15.6567,-3.62415,-3.7506
110,-15.6567,-3.62415,-3.7506
111,-15.4886,-1.76796,-1.08774
110,-15.4886,-1.76796,-1.08774
111,-16.9364,0.136873,0.983083
110,-16.9364,0.136873,0.983083
111,-15.8848,-1.01786,1.06855
110,-15.8848,-1.01786,1.06855
111,-16.1215,-0.602583,1.23481
110,-16.1215,-0.602583,1.23481
111,-17.0925,1.46935,-0.502441
110,-17.0925,1.46935,-0.502441
111,-15.3011,0.745681,-2.21204
110,-15.3011,0.745681,-2.21204
111,-16.0936,-1.10199,-2.90912
110,-16.0936,-1.10199,-2.90912
111,-18.8024,1.40331,-3.01701
110,-18.8024,1.40331,-3.01701
111,-17.2157,-0.583205,-1.41184
110,-17.2157,-0.583205,-1.41184
111,-17.5342,1.0443,-0.442133
110,-17.5342,1.0443,-0.442133
111,-15.7056,-4.99609,-3.07294
110,-15.7056,-4.99609,-3.07294
111,-13.8271,-1.41634,0.471844
110,-13.8271,-1.41634,0.471844
111,-16.0358,-0.160457,-3.45195
110,-16.0358,-0.160457,-3.45195
111,-16.9448,0.687592,-3.34703
110,-16.9448,0.687592,-3.34703
111,-17.6028,-1.50752,-3.10116
110,-17.6028,-1.50752,-3.10116
111,-16.9563,-0.110315,-4.02371
110,-16.9563,-0.110315,-4.02371
111,-15.1499,-3.74092,1.91896
110,-15.1499,-3.74092,1.91896
111,-15.5712,-1.06851,-2.63118
110,-15.5712,-1.06851,-2.63118
111,-16.7538,1.73414,-0.947594
110,-16.7538,1.73414,-0.947594
111,-20.1138,2.85133,2.28173
110,-20.1138,2.85133,2.28173
111,-17.2381,2.40583,0.0397608
110,-17.2381,2.40583,0.0397608
111,-16.0167,-1.86712,-1.25198
110,-16.0167,-1.86712,-1.25198
111,-17.2117,1.06369,-2.38383
110,-17.2117,1.06369,-2.38383
111,-15.1148,0.899632,-3.15905
110,-15.1148,0.899632,-3.15905
111,-17.2556,2.06638,0.0359052
110,-17.2556,2.06638,0.0359052
111,-14.699,-1.77728,-1.78916
110,-14.699,-1.77728,-1.78916
111,-18.2122,-3.05525,-4.40792
110,-18.2122,-3.05525,-4.40792
111,-15.7827,-2.79939,-3.48876
110,-15.7827,-2.79939,-3.48876
111,-15.8901,2.47182,-3.31029
110,-15.8901,2.47182,-3.31029
111,-16.5468,-2.89734,-4.88523
110,-16.5468,-2.89734,-4.88523
111,-16.2766,-4.33786,-3.28056
110,-16.2766,-4.33786,-3.28056
111,-15.0742,-4.55996,-2.62695
110,-15.0742,-4.55996,-2.62695
111,-17.8308,1.17129,-2.64071
110,-17.8308,1.17129,-2.64071
111,-17.3004,3.33176,-1.90328
110,-17.3004,3.33176,-1.90328
111,-15.9021,-4.16404,-3.07298
110,-15.9021,-4.16404,-3.07298
111,-17.3563,2.48189,-4.10618
110,-17.3563,2.48189,-4.10618
111,-17.5124,2.1383,-0.0137305
110,-17.5124,2.1383,-0.0137305
111,-14.6449,0.0687779,0.906707
110,-14.6449,0.0687779,0.906707
111,-15.0267,-0.277646,-2.84267
110,-15.0267,-0.277646,-2.84267
111,-16.3919,-0.86149,-2.52869
110,-16.3919,-0.86149,-2.52869
111,-15.3351,-1.50237,-0.914504
110,-15.3351,-1.50237,-0.914504
111,-17.8264,3.56603,-2.07421
110,-17.8264,3.56603,-2.07421
111,-15.4083,-0.505436,-3.58006
110,-15.4083,-0.505436,-3.58006
111,-16.4231,-0.700039,-1.50259
110,-16.4231,-0.700039,-1.50259
111,-15.4861,-1.15832,-2.26962
110,-15.4861,-1.15832,-2.26962
111,-13.6043,-0.26242,0.467915
109,-13.6043,-0.26242,0.467915
111,-14.6197,-0.0553471,0.401253
109,-14.6197,-0.0553471,0.401253
111,-17.2009,0.748749,-1.84328
109,-17.2009,0.748749,-1.84328
111,-17.7191,1.38738,-4.40371
109,-17.7191,1.38738,-4.40371
111,-14.5484,-2.03362,0.684934
109,-14.5484,-2.03362,0.684934
111,-15.6786,-2.75434,-3.40981
109,-15.6786,-2.75434,-3.40981
111,-16.8463,-4.76855,-3.76402
109,-16.8463,-4.76855,-3.76402
111,-17.404,0.41814,-1.10316
109,-17.404,0.41814,-1.10316
111,-17.812,-0.573032,-2.00058
109,-17.812,-0.573032,-2.00058
111,-11.5104,-2.08685,0.156971
109,-11.5104,-2.08685,0.156971
111,-18.4444,-0.52241,-1.31497
109,-18.4444,-0.52241,-1.31497
111,-14.2273,-3.93688,-3.24415
109,-14.2273,-3.93688,-3.24415
111,-18.0864,2.34484,-4.44806
109,-18.0864,2.34484,-4.44806
111,-16.8504,-1.3805,-2.59728
109,-16.8504,-1.3805,-2.59728
111,-17.0342,1.84583,-1.34164
109,-17.0342,1.84583,-1.34164
111,-11.5151,-2.0911,0.157033
109,-11.5151,-2.0911,0.157033
111,-13.1613,-1.03875,-2.28208
109,-13.1613,-1.03875,-2.28208
111,-17.0365,2.06165,1.14806
109,-17.0365,2.06165,1.14806
111,-12.6835,-3.4741,1.41987
109,-12.6835,-3.4741,1.41987
111,-17.8795,2.66746,-0.0279488
109,-17.8795,2.66746,-0.0279488
111,-18.0032,2.10348,-4.2478
109,-18.0032,2.10348,-4.2478
111,-14.5086,-2.1148,0.669371
109,-14.5086,-2.1148,0.669371
111,-14.7016,-2.6073,0.916605
109,-14.7016,-2.6073,0.916605
111,-15.2092,-3.85803,0.916013
109,-15.2092,-3.85803,0.916013
111,-17.5334,1.50904,-2.08281
109,-17.5334,1.50904,-2.08281
111,-16.2882,1.62004,-1.07066
109,-16.2882,1.62004,-1.07066
111,-17.5413,0.99961,-0.492064
109,-17.5413,0.99961,-0.492064
111,-18.3215,3.51821,-1.31865
109,-18.3215,3.51821,-1.31865
111,-17.1697,1.88466,-1.28802
109,-17.1697,1.88466,-1.28802
111,-14.0627,-0.102998,0.34788
108,-14.0627,-0.102998,0.34788
111,-17.019,1.59441,-1.87614
108,-17.019,1.59441,-1.87614
111,-17.7109,0.711266,-1.88908
108,-17.7109,0.711266,-1.88908
111,-17.9566,1.39771,0.907103
108,-17.9566,1.39771,0.907103
111,-14.0885,-3.25992,0.758464
108,-14.0885,-3.25992,0.758464
111,-17.4221,0.779729,-0.108757
108,-17.4221,0.779729,-0.108757
111,-17.6733,1.36723,-0.478339
108,-17.6733,1.36723,-0.478339
111,-13.667,-3.27545,0.439453
108,-13.667,-3.27545,0.439453
111,-17.2378,1.87375,-3.83248
108,-17.2378,1.87375,-3.83248
111,-17.487,-0.575174,-3.36409
108,-17.487,-0.575174,-3.36409
111,-17.05,2.96811,-1.0095
108,-17.05,2.96811,-1.0095
111,-21.4093,4.75572,-1.96236
108,-21.4093,4.75572,-1.96236
111,-17.0177,-0.64802,1.10691
108,-17.0177,-0.64802,1.10691
111,-16.492,2.95814,-1.63546
108,-16.492,2.95814,-1.63546
111,-17.3473,1.35024,-0.455422
107,-17.3473,1.35024,-0.455422
111,-16.2989,-0.756516,-3.49615
107,-16.2989,-0.756516,-3.49615
111,-16.608,-1.49304,-2.16169
107,-16.608,-1.49304,-2.16169
111,-16.8994,1.74434,-1.54942
107,-16.8994,1.74434,-1.54942
111,-17.4097,0.768718,-1.49526
107,-17.4097,0.768718,-1.49526
111,-17.1941,1.83073,-1.75871
107,-17.1941,1.83073,-1.75871
111,-15.6015,-0.561474,-3.62816
107,-15.6015,-0.561474,-3.62816
111,-14.1269,-1.21998,0.0785487
107,-14.1269,-1.21998,0.0785487
111,-13.2785,-3.43872,0.507718
107,-13.2785,-3.43872,0.507718
111,-17.0724,2.94588,-0.800486
107,-17.0724,2.94588,-0.800486
111,-21.6819,0.844672,-2.96951
107,-21.6819,0.844672,-2.96951
111,-16.6474,-1.48489,-2.60716
106,-16.6474,-1.48489,-2.60716
111,-16.8049,2.74899,-1.25625
106,-16.8049,2.74899,-1.25625
111,-16.8634,1.77717,-0.0700669
106,-16.8634,1.77717,-0.0700669
111,-17.123,1.81191,-1.83971
103,-17.123,1.81191,-1.83971
111,-11.7272,-2.07319,0.121637
103,-11.7272,-2.07319,0.121637
111,-17.2417,1.68894,-1.76416
104,-17.2417,1.68894,-1.76416
111,-14.804,-0.709346,1.41773
104,-14.804,-0.709346,1.41773
111,-17.3457,1.88448,-0.135344
104,-17.3457,1.88448,-0.135344
111,-17.3552,1.31625,0.786742
102,-17.3552,1.31625,0.786742
111,-15.3772,-1.98716,-2.11735
102,-15.3772,-1.98716,-2.11735
111,-14.0243,-2.36936,0.450974
100,-14.0243,-2.36936,0.450974
111,-16.0672,3.08948,-3.75155
95,-16.0672,3.08948,-3.75155
111,-17.2492,1.60172,-2.13794
98,-17.2492,1.60172,-2.13794
112,-11.0642,-1.28577,1.07357
112,-11.0589,-2.15138,0.194663
112,-11.0656,-2.11212,0.149169
112,-11.0763,-2.112,0.000777245
112,-11.6979,-2.09132,-0.0602239
112,-11.7772,-2.09373,0.112786
112,-11.78,-2.09672,0.114826
112,-11.7984,-2.11371,0.144176
112,-12.0212,-2.05255,-0.0153921
112,-12.022,-2.04467,-0.0192516
112,-12.1418,-2.1275,0.200873
112,-12.528,-2.19265,0.0865246
112,-12.5822,-2.17826,0.0938357
112,-12.5882,-2.16969,0.0905088
112,-12.6101,-2.18186,0.088243
112,-12.7024,-2.08216,0.0494077
112,-12.5849,-2.96039,0.145063
112,-12.7589,-2.85332,0.141629
112,-12.7751,-2.83173,0.142746
112,-12.8055,-2.84833,0.130306
112,-12.8386,-2.868,0.115873
112,-12.8101,-0.0975236,-2.13218
112,-13.4058,-3.62892,1.14868
112,-13.7074,-0.781748,0.456636
112,-12.821,-0.142631,-2.13966
112,-12.9123,-0.149932,-1.92367
112,-12.9076,-0.152784,-1.93492
112,-13.8974,-1.51019,1.17886
112,-14.0706,-1.19846,1.41942
112,-13.3278,-2.07593,-0.0889485
112,-13.5584,-3.90626,1.38074
112,-12.9308,-0.219319,-2.20939
112,-13.1619,-0.0989037,-1.71252
112,-13.334,-3.55539,0.34069
112,-13.8391,-1.40902,0.50714
112,-13.8547,-1.40795,0.507151
112,-14.1159,-1.43338,1.16735
112,-14.0201,-0.552527,0.420161
112,-13.8962,-0.972494,0.229838
112,-13.0209,-0.8736,-2.12789
112,-13.248,0.0604819,-2.04155
112,-13.1898,0.0927109,-2.21943
112,-14.1124,-1.88011,1.09315
112,-13.1421,0.155417,-2.4487
112,-14.1086,-0.577317,0.387633
112,-13.9108,-2.32696,0.723082
112,-13.9839,-0.780771,0.130427
112,-14.152,-2.76768,1.49928
112,-13.986,-1.00309,0.0327997
112,-14.3373,-0.931957,0.88399
112,-13.0951,-0.6784,-2.46901
112,-13.7677,-1.93181,-0.134156
112,-13.8745,-2.39843,0.365462
112,-13.1749,-0.782291,-2.24261
112,-13.7785,-1.94393,-0.137773
112,-14.0615,-2.66851,0.915036
112,-14.2729,-2.81301,1.51139
112,-13.5402,-0.0575557,-1.80818
112,-13.5488,-0.057359,-1.80663
112,-13.1041,-0.765964,-2.6315
112,-14.0324,-2.43077,0.493698
112,-13.9732,-2.71786,0.455645
112,-13.8552,-2.13577,-0.146484
112,-13.8999,-1.97289,-0.173994
112,-14.0246,-2.7293,0.444811
112,-13.3816,-0.695764,-2.22691
112,-13.1416,-1.08435,-2.69253
112,-14.2799,-3.12943,1.24858
112,-13.741,-3.2189,-0.105453
112,-14.5505,-0.100203,0.412634
112,-13.6683,0.104403,-1.97209
112,-14.2603,-2.79362,0.980328
112,-13.6696,0.119541,-1.99221
112,-14.3234,-2.89299,1.15368
112,-13.9762,-1.98353,-0.201138
112,-14.3692,-2.99598,1.31214
112,-14.1358,-3.06871,0.668842
112,-13.9593,-3.23847,0.299829
112,-14.1393,-3.28266,0.775678
112,-14.811,-0.134882,0.807212
112,-13.931,-2.99184,-0.133783
112,-14.5674,-1.98268,0.99213
112,-13.9598,-3.01444,-0.145388
112,-14.0985,-2.1786,-0.225366
112,-14.3273,-2.99097,0.518026
112,-14.6386,-3.01781,1.24397
112,-14.7826,-1.93118,1.02524
112,-12.9592,-3.86457,-2.69733
112,-14.8994,-2.06286,0.998065
112,-14.9662,-2.08098,0.996571
112,-13.1077,-4.00728,-2.83483
112,-14.4784,-2.1305,-0.320198
112,-15.2789,0.187282,0.447979
112,-13.9285,-2.02096,-1.9539
112,-15.44,-0.784468,1.16303
112,-13.7623,-1.21409,-3.00855
112,-15.155,-2.13963,0.988822
112,-13.8902,-0.528277,-3.24883
112,-15.2634,-2.15336,0.986626
112,-13.9495,-0.531627,-3.25234
112,-15.2853,-2.15152,0.969424
112,-13.2516,-4.99426,-2.9177
112,-13.9961,-0.528365,-3.34302
112,-14.1303,-1.10176,-2.74996
112,-14.2873,-1.17583,-2.41048
112,-14.9544,-4.48237,0.909954
112,-14.1857,-0.32385,-3.20531
112,-14.5884,0.0519317,-2.44819
112,-14.202,-1.13702,-2.85853
112,-14.7216,1.62433,-2.93195
112,-14.7892,-2.24345,-0.896808
112,-13.6099,-3.8618,-3.23109
112,-14.6486,0.971245,-3.12674
112,-14.4015,-1.31729,-2.67705
112,-15.0531,-5.30784,0.913428
112,-13.5222,-5.10339,-3.12567
112,-13.922,-3.82425,-2.76452
112,-15.6208,-2.62223,0.95353
112,-14.7338,-2.56395,-1.3707
112,-13.9337,-3.8364,-2.80635
112,-15.0952,-1.68729,-0.920182
112,-13.9417,-3.85196,-2.80605
112,-16.0222,-0.457101,0.834214
112,-14.539,-0.926764,-2.76956
112,-15.1032,-3.21147,-0.255305
112,-14.6882,-1.01058,-2.52558
112,-14.4687,-0.312337,-3.44081
112,-15.1748,-1.6972,-0.956542
112,-15.0575,-2.341,-0.999578
112,-15.8902,-1.77121,0.839238
112,-15.4062,-0.977143,-0.812796
112,-14.879,0.949864,-3.1357
112,-14.8789,0.941913,-3.13317
112,-14.7871,1.12872,-3.49304
112,-14.9093,0.985509,-3.20476
112,-14.8332,1.17895,-3.50694
112,-15.4143,-0.888786,-1.13582
112,-14.9687,1.64778,-3.59113
112,-14.9925,1.6863,-3.55117
112,-13.9944,-3.84581,-3.36562
112,-16.4409,-0.613657,1.27634
112,-14.9797,-1.84196,-1.86672
112,-14.9264,1.20203,-3.56439
112,-14.1488,-4.01158,-2.95931
112,-14.9886,-0.299021,-2.7491
112,-14.9652,1.20002,-3.59069
112,-19.3983,-1.23104,-3.68552
111,-19.3983,-1.23104,-3.68552
112,-18.1145,0.771814,-2.01483
111,-18.1145,0.771814,-2.01483
112,-18.0785,0.878719,-1.68395
111,-18.0785,0.878719,-1.68395
112,-17.2499,-1.28791,-3.00556
111,-17.2499,-1.28791,-3.00556
112,-18.1038,-0.625806,-3.99387
111,-18.1038,-0.625806,-3.99387
112,-14.4607,-1.43091,-3.39277
111,-14.4607,-1.43091,-3.39277
112,-15.618,-2.8321,-3.0185
111,-15.618,-2.8321,-3.0185
112,-15.4833,-1.91286,-2.14697
111,-15.4833,-1.91286,-2.14697
112,-15.9431,-3.79943,-2.00551
111,-15.9431,-3.79943,-2.00551
112,-17.8462,0.478366,-1.20584
111,-17.8462,0.478366,-1.20584
112,-16.6007,0.864609,-0.277124
111,-16.6007,0.864609,-0.277124
112,-18.593,0.0264377,-4.08882
111,-18.593,0.0264377,-4.08882
112,-17.9907,-1.63868,-3.23347
111,-17.9907,-1.63868,-3.23347
112,-18.03,-5.50614,-5.99261
111,-18.03,-5.50614,-5.99261
112,-15.5387,-3.7001,-4.4301
111,-15.5387,-3.7001,-4.4301
112,-14.3592,-1.2882,0.396074
111,-14.3592,-1.2882,0.396074
112,-18.0643,-0.587409,-3.62032
111,-18.0643,-0.587409,-3.62032
112,-17.6958,0.50698,-1.97787
111,-17.6958,0.50698,-1.97787
112,-18.5043,-0.589203,-3.84682
111,-18.5043,-0.589203,-3.84682
112,-18.4275,-1.37625,-2.52708
111,-18.4275,-1.37625,-2.52708
112,-16.7162,3.42495,-4.18141
111,-16.7162,3.42495,-4.18141
112,-15.9884,-0.838805,-3.88161
111,-15.9884,-0.838805,-3.88161
112,-18.5763,2.79529,-2.76544
111,-18.5763,2.79529,-2.76544
112,-16.4321,1.64365,-0.858124
111,-16.4321,1.64365,-0.858124
112,-15.6319,-2.62357,-4.18418
111,-15.6319,-2.62357,-4.18418
112,-15.2922,-0.815383,-3.40175
111,-15.2922,-0.815383,-3.40175
112,-14.814,-0.281838,-2.66715
111,-14.814,-0.281838,-2.66715
112,-16.7637,-0.172269,-3.92343
111,-16.7637,-0.172269,-3.92343
112,-15.5137,1.32177,-1.20609
111,-15.5137,1.32177,-1.20609
112,-18.6649,2.29859,-4.66653
111,-18.6649,2.29859,-4.66653
112,-17.6414,-1.52829,-3.10077
111,-17.6414,-1.52829,-3.10077
112,-17.2227,2.98177,0.759949
111,-17.2227,2.98177,0.759949
112,-17.1713,2.11208,1.15616
111,-17.1713,2.11208,1.15616
112,-17.1051,1.83899,-1.02737
111,-17.1051,1.83899,-1.02737
112,-18.3788,2.18093,-2.18946
111,-18.3788,2.18093,-2.18946
112,-16.5219,-2.8776,-4.84839
111,-16.5219,-2.8776,-4.84839
112,-17.0944,2.09337,1.17931
111,-17.0944,2.09337,1.17931
112,-17.8917,2.662,-0.0234092
111,-17.8917,2.662,-0.0234092
112,-17.3823,2.1072,0.0284533
111,-17.3823,2.1072,0.0284533
112,-10.732,-2.24878,0.137484
111,-10.732,-2.24878,0.137484
112,-15.7251,-1.55439,-1.02473
111,-15.7251,-1.55439,-1.02473
112,-14.4005,-2.01742,1.14631
111,-14.4005,-2.01742,1.14631
112,-13.9379,-3.73613,1.19684
111,-13.9379,-3.73613,1.19684
112,-19.0701,0.679107,-2.38099
111,-19.0701,0.679107,-2.38099
112,-14.6359,-4.13717,-3.56509
111,-14.6359,-4.13717,-3.56509
112,-16.6193,1.22171,-3.64758
111,-16.6193,1.22171,-3.64758
112,-15.4627,-3.47979,-4.30572
111,-15.4627,-3.47979,-4.30572
112,-11.83,-3.23238,-1.02505
111,-11.83,-3.23238,-1.02505
112,-14.9295,-3.74979,1.35661
111,-14.9295,-3.74979,1.35661
112,-14.4252,-2.96911,0.401417
111,-14.4252,-2.96911,0.401417
112,-16.5284,2.73882,-3.71638
111,-16.5284,2.73882,-3.71638
112,-15.8987,1.51412,-0.655873
111,-15.8987,1.51412,-0.655873
112,-17.4504,1.42062,-4.18962
111,-17.4504,1.42062,-4.18962
112,-22.3431,2.6364,-3.91279
111,-22.3431,2.6364,-3.91279
112,-17.7778,1.956,-4.16319
110,-17.7778,1.956,-4.16319
112,-15.6669,-1.41513,-1.16754
110,-15.6669,-1.41513,-1.16754
112,-15.6377,-1.48128,-1.15886
110,-15.6377,-1.48128,-1.15886
112,-13.0824,-0.034274,-2.16167
110,-13.0824,-0.034274,-2.16167
112,-16.4269,-0.498098,-3.79671
110,-16.4269,-0.498098,-3.79671
112,-17.6737,1.6867,-1.79167
110,-17.6737,1.6867,-1.79167
112,-18.5246,0.994265,-0.388665
110,-18.5246,0.994265,-0.388665
112,-14.4385,-3.11282,0.625149
110,-14.4385,-3.11282,0.625149
112,-17.7129,0.810947,-0.612488
110,-17.7129,0.810947,-0.612488
112,-15.636,-0.950565,-0.882178
110,-15.636,-0.950565,-0.882178
112,-14.5204,-0.857314,0.698153
110,-14.5204,-0.857314,0.698153
112,-17.6779,1.5951,-0.593595
110,-17.6779,1.5951,-0.593595
112,-18.1097,1.30853,-2.95965
110,-18.1097,1.30853,-2.95965
112,-13.9979,-1.82899,0.320809
110,-13.9979,-1.82899,0.320809
112,-14.3217,-0.677243,0.768424
110,-14.3217,-0.677243,0.768424
112,-17.7689,1.07186,-1.85105
110,-17.7689,1.07186,-1.85105
112,-17.659,2.41329,-4.29457
110,-17.659,2.41329,-4.29457
112,-17.3324,1.88018,-1.91434
110,-17.3324,1.88018,-1.91434
112,-17.6597,1.77751,-2.08102
110,-17.6597,1.77751,-2.08102
112,-19.1653,-0.778257,-2.83145
110,-19.1653,-0.778257,-2.83145
112,-15.7676,-0.532025,-3.84342
110,-15.7676,-0.532025,-3.84342
112,-17.7837,1.80294,-2.12389
110,-17.7837,1.80294,-2.12389
112,-15.6899,2.31655,-3.76776
110,-15.6899,2.31655,-3.76776
112,-14.5072,-0.907916,-2.85986
110,-14.5072,-0.907916,-2.85986
112,-25.467,6.59865,-2.52756
110,-25.467,6.59865,-2.52756
112,-14.1906,-0.810859,0.394773
110,-14.1906,-0.810859,0.394773
112,-17.6316,0.403882,-1.08483
110,-17.6316,0.403882,-1.08483
112,-17.7159,3.12102,-1.0713
110,-17.7159,3.12102,-1.0713
112,-13.6774,1.46807,-0.222227
110,-13.6774,1.46807,-0.222227
112,-16.9317,-4.71598,-3.67274
110,-16.9317,-4.71598,-3.67274
112,-13.1209,-3.50819,0.504378
110,-13.1209,-3.50819,0.504378
112,-15.9923,1.38677,-1.37543
110,-15.9923,1.38677,-1.37543
112,-17.8182,1.3243,-0.516128
109,-17.8182,1.3243,-0.516128
112,-18.5204,1.05984,0.47612
109,-18.5204,1.05984,0.47612
112,-13.4038,-1.77504,0.474848
109,-13.4038,-1.77504,0.474848
112,-17.7997,-0.577126,-1.44803
109,-17.7997,-0.577126,-1.44803
112,-17.628,1.38469,0.752387
109,-17.628,1.38469,0.752387
112,-17.9142,1.34982,-0.530107
109,-17.9142,1.34982,-0.530107
112,-14.0354,-1.60688,0.524499
109,-14.0354,-1.60688,0.524499
112,-18.2311,0.781686,0.501497
109,-18.2311,0.781686,0.501497
112,-17.1447,3.06196,-1.25856
109,-17.1447,3.06196,-1.25856
112,-16.8421,1.92675,0.697758
109,-16.8421,1.92675,0.697758
112,-15.5835,2.13389,-3.56258
109,-15.5835,2.13389,-3.56258
112,-17.2697,1.88668,-3.82739
109,-17.2697,1.88668,-3.82739
112,-18.1819,0.933089,-0.594495
109,-18.1819,0.933089,-0.594495
112,-18.2675,1.38224,-4.67927
107,-18.2675,1.38224,-4.67927
112,-17.3616,1.93387,-1.69615
107,-17.3616,1.93387,-1.69615
112,-12.2436,-3.58898,0.466345
107,-12.2436,-3.58898,0.466345
112,-17.3338,3.06426,-0.828687
107,-17.3338,3.06426,-0.828687
112,-17.7547,2.04621,-1.79669
107,-17.7547,2.04621,-1.79669
112,-20.4755,5.10751,-4.25699
107,-20.4755,5.10751,-4.25699
112,-16.6027,-1.4546,-2.51917
107,-16.6027,-1.4546,-2.51917
112,-17.9508,1.61784,-0.605143
103,-17.9508,1.61784,-0.605143
112,-17.6165,1.0225,-1.78176
103,-17.6165,1.0225,-1.78176
112,-17.4373,-0.584714,-1.83908
103,-17.4373,-0.584714,-1.83908
112,-18.4161,0.637356,0.90229
103,-18.4161,0.637356,0.90229
112,-15.3569,-0.487453,-3.63915
106,-15.3569,-0.487453,-3.63915
112,-18.2208,-0.477882,-3.60246
106,-18.2208,-0.477882,-3.60246
112,-17.3014,1.15716,-3.20279
106,-17.3014,1.15716,-3.20279
112,-17.5011,1.49848,-0.53284
106,-17.5011,1.49848,-0.53284
112,-17.3423,2.86771,-1.4159
104,-17.3423,2.86771,-1.4159
112,-15.7997,-2.80881,-4.32149
102,-15.7997,-2.80881,-4.32149
112,-17.0751,3.00635,-1.21783
102,-17.0751,3.00635,-1.21783
112,-14.3167,-1.77538,1.19812
100,-14.3167,-1.77538,1.19812
112,-17.5511,2.37755,0.426893
98,-17.5511,2.37755,0.426893
113,-11.3759,-2.37278,0.334341
113,-11.4294,-2.35549,0.318226
113,-11.6254,-2.25254,0.306474
113,-11.6415,-2.26763,0.299277
113,-11.6379,-2.31384,0.283924
113,-11.6586,-2.30222,0.277281
113,-11.6651,-2.29486,0.288263
113,-11.671,-2.31193,0.294804
113,-11.6181,-2.09636,-0.063458
113,-11.8319,-2.00366,-0.0583622
113,-11.8798,-2.05856,-0.0468981
113,-12.2066,-2.18358,0.139634
113,-12.2523,-2.19439,0.182029
113,-12.3767,-2.98007,0.246978
113,-12.4116,-3.01209,0.242801
113,-12.4796,-2.88882,0.158851
113,-12.6336,-2.02693,0.0757761
113,-12.6105,-2.17834,0.0797013
113,-12.9393,-1.65728,0.629369
113,-12.7915,-2.13114,0.00706899
113,-13.4239,-1.69359,0.791972
113,-13.5124,-1.16037,0.551409
113,-13.4987,-1.81568,0.719366
113,-13.5937,-1.26699,0.555567
113,-13.925,-1.78279,1.47304
113,-13.6756,-1.17789,0.509721
113,-13.709,-0.987664,0.468257
113,-14.0408,-1.33188,1.40604
113,-13.6881,-1.9047,0.748567
113,-13.7925,-0.757312,0.436262
113,-13.7973,-0.778764,0.439977
113,-13.9685,-1.50976,1.18746
113,-13.2857,-3.52273,0.36744
113,-13.3025,-3.53774,0.353772
113,-13.3195,-3.54255,0.370416
113,-14.0116,-2.7321,1.61395
113,-13.8343,-0.950282,0.265062
113,-13.3484,-3.80609,0.310069
113,-13.2052,0.0899491,-2.03506
113,-13.004,-0.867963,-2.1165
113,-13.0168,-0.869484,-2.1275
113,-13.2476,0.0968349,-2.07453
113,-13.3046,0.125592,-2.08919
113,-14.1332,-3.1691,1.50332
113,-14.2734,-1.85011,1.13284
113,-13.8926,-2.59538,0.520019
113,-14.1919,-3.21315,1.51822
113,-13.8792,-2.71613,0.483155
113,-14.2267,-3.17856,1.51365
113,-13.7053,-4.58199,0.874445
113,-14.2602,-3.18052,1.52204
113,-13.9585,-2.68868,0.464622
113,-14.2135,-3.15583,1.29674
113,-13.9795,-2.72337,0.464849
113,-14.3455,-3.21273,1.53062
113,-14.0925,-4.18189,1.30003
113,-13.9469,-3.23958,0.424551
113,-13.6442,0.119745,-1.98491
113,-13.7974,-3.16597,-0.0873768
113,-14.3733,-3.19942,1.28446
113,-14.5166,-1.65926,0.879675
113,-13.7022,0.107664,-1.99435
113,-14.2154,-2.90306,0.697585
113,-14.2279,-2.49753,0.531349
113,-14.174,-3.08837,0.681277
113,-14.9567,-0.723704,1.34667
113,-14.2294,-3.13424,0.667944
113,-13.9302,-3.00067,-0.139295
113,-14.5956,-1.83963,0.906706
113,-14.7577,-4.28223,0.972559
113,-15.8669,-0.628956,1.8486
113,-14.8132,-4.30105,0.991101
113,-14.997,-0.945861,-0.258358
113,-14.7289,-2.19923,-0.525118
113,-15.0558,-4.53193,0.942961
113,-15.0751,-4.53498,0.967831
113,-13.5959,-3.87721,-3.20006
113,-14.773,1.66895,-2.97285
113,-15.8807,-0.519539,0.801516
113,-13.8705,-3.7868,-2.72763
113,-14.8223,1.68135,-3.00297
113,-14.3075,-1.16624,-2.93216
113,-13.8879,-3.80695,-2.77013
113,-14.4088,-1.18734,-2.7685
113,-14.4426,-0.897346,-2.85143
113,-14.9555,-2.26065,-0.942157
113,-14.8968,1.78464,-3.04803
113,-15.6579,-2.63731,0.928792
113,-15.3122,-0.953932,-0.776489
113,-14.7795,0.945179,-3.04322
113,-14.5852,-1.00869,-2.66955
113,-14.4758,-1.33253,-2.80623
113,-15.3664,-0.957659,-0.803631
113,-14.4755,-1.32116,-2.84367
113,-16.9531,2.0587,1.44914
113,-14.9859,1.39253,-3.17398
113,-14.9282,0.98539,-3.18256
113,-14.5543,-0.303412,-3.52404
113,-15.5364,0.799073,-1.64009
113,-16.1346,-1.6742,0.956084
113,-16.709,-0.458148,1.71777
113,-15.64,0.708551,-1.58773
113,-15.0187,1.67552,-3.60443
113,-15.031,1.74579,-3.61282
113,-15.4912,-1.45871,-0.932342
113,-15.4738,-1.14377,-1.25433
113,-15.1776,1.50215,-3.31744
113,-15.5574,-1.4879,-0.956652
113,-15.6574,-1.87832,-0.534145
113,-17.6623,0.379083,0.906168
112,-17.6623,0.379083,0.906168
113,-17.6926,0.770142,0.851173
112,-17.6926,0.770142,0.851173
113,-17.6558,1.38978,-0.448101
112,-17.6558,1.38978,-0.448101
113,-16.5774,-1.49541,-1.88078
112,-16.5774,-1.49541,-1.88078
113,-17.2192,-1.33399,-2.63842
112,-17.2192,-1.33399,-2.63842
113,-17.6368,0.817101,-1.54771
112,-17.6368,0.817101,-1.54771
113,-17.748,2.01888,-1.52396
112,-17.748,2.01888,-1.52396
113,-14.7949,-3.00268,0.886348
112,-14.7949,-3.00268,0.886348
113,-14.3231,-0.202038,0.396772
112,-14.3231,-0.202038,0.396772
113,-17.5716,0.461417,-1.13625
112,-17.5716,0.461417,-1.13625
113,-15.5576,-0.973467,-0.868209
112,-15.5576,-0.973467,-0.868209
113,-17.6463,-0.40334,0.953119
112,-17.6463,-0.40334,0.953119
113,-15.6066,1.02683,-4.45485
112,-15.6066,1.02683,-4.45485
113,-14.2483,-0.277867,-3.40274
112,-14.2483,-0.277867,-3.40274
113,-15.6036,-0.575439,-3.92588
112,-15.6036,-0.575439,-3.92588
113,-20.1633,-1.6415,-4.0278
112,-20.1633,-1.6415,-4.0278
113,-15.856,-2.7104,-4.38714
112,-15.856,-2.7104,-4.38714
113,-16.1975,-0.845563,-4.07117
112,-16.1975,-0.845563,-4.07117
113,-14.8697,-2.97416,-4.38541
112,-14.8697,-2.97416,-4.38541
113,-17.8099,0.494957,-1.188
112,-17.8099,0.494957,-1.188
113,-15.5984,-0.51637,-0.404559
112,-15.5984,-0.51637,-0.404559
113,-12.3057,-1.21656,0.739634
112,-12.3057,-1.21656,0.739634
113,-19.3541,1.53041,-3.28342
112,-19.3541,1.53041,-3.28342
113,-15.5685,-0.269225,-3.86708
112,-15.5685,-0.269225,-3.86708
113,-20.2121,-1.6388,-4.04754
112,-20.2121,-1.6388,-4.04754
113,-15.3333,0.203956,0.439417
112,-15.3333,0.203956,0.439417
113,-16.595,-0.180922,-3.80772
112,-16.595,-0.180922,-3.80772
113,-18.235,2.1657,-2.26159
112,-18.235,2.1657,-2.26159
113,-15.2221,1.29489,-3.81926
112,-15.2221,1.29489,-3.81926
113,-13.5558,0.1053,-1.90974
112,-13.5558,0.1053,-1.90974
113,-17.0455,-1.55257,-2.09802
112,-17.0455,-1.55257,-2.09802
113,-17.3081,-1.34463,-2.67581
112,-17.3081,-1.34463,-2.67581
113,-16.9764,-1.43773,-2.76354
112,-16.9764,-1.43773,-2.76354
113,-18.0343,-0.464008,-4.17989
112,-18.0343,-0.464008,-4.17989
113,-17.4577,-1.51326,-3.01192
112,-17.4577,-1.51326,-3.01192
113,-14.4055,-4.04385,-3.66814
112,-14.4055,-4.04385,-3.66814
113,-19.1649,0.919625,0.432168
112,-19.1649,0.919625,0.432168
113,-18.6683,2.84577,-2.84455
112,-18.6683,2.84577,-2.84455
113,-18.1385,2.18023,-3.72077
112,-18.1385,2.18023,-3.72077
113,-17.9968,2.10846,-4.26345
112,-17.9968,2.10846,-4.26345
113,-15.489,-0.286704,-3.80017
112,-15.489,-0.286704,-3.80017
113,-18.2229,2.18846,-1.33883
112,-18.2229,2.18846,-1.33883
113,-16.8163,2.682,0.441364
112,-16.8163,2.682,0.441364
113,-17.4734,2.50928,0.0265437
112,-17.4734,2.50928,0.0265437
113,-14.8647,-2.24047,-0.899786
112,-14.8647,-2.24047,-0.899786
113,-17.7797,3.37068,-1.45368
112,-17.7797,3.37068,-1.45368
113,-15.1351,-2.42058,-3.71748
112,-15.1351,-2.42058,-3.71748
113,-16.8848,1.94703,0.104012
112,-16.8848,1.94703,0.104012
113,-15.8968,0.295842,-1.25959
112,-15.8968,0.295842,-1.25959
113,-16.6394,-2.47006,-1.54083
112,-16.6394,-2.47006,-1.54083
113,-14.0364,-0.997302,0.952378
112,-14.0364,-0.997302,0.952378
113,-15.283,1.54892,-3.4373
112,-15.283,1.54892,-3.4373
113,-16.6349,2.16952,-3.57302
112,-16.6349,2.16952,-3.57302
113,-15.1569,-3.86644,1.00403
112,-15.1569,-3.86644,1.00403
113,-16.0005,2.50711,-3.36835
112,-16.0005,2.50711,-3.36835
113,-14.217,-3.91664,-2.77699
112,-14.217,-3.91664,-2.77699
113,-15.6892,0.53507,-0.100173
112,-15.6892,0.53507,-0.100173
113,-15.4409,0.187735,0.473432
112,-15.4409,0.187735,0.473432
113,-21.4198,0.289059,-3.97579
112,-21.4198,0.289059,-3.97579
113,-15.9686,2.52027,-1.89107
112,-15.9686,2.52027,-1.89107
113,-15.1622,-4.88615,0.873716
112,-15.1622,-4.88615,0.873716
113,-18.6666,0.874153,0.535663
111,-18.6666,0.874153,0.535663
113,-17.7673,2.24588,-4.24831
111,-17.7673,2.24588,-4.24831
113,-13.1233,-0.804955,-2.20203
111,-13.1233,-0.804955,-2.20203
113,-16.8514,-1.40978,-2.73542
111,-16.8514,-1.40978,-2.73542
113,-17.4257,-0.657281,-3.90349
111,-17.4257,-0.657281,-3.90349
113,-15.9711,-0.839365,-3.89307
111,-15.9711,-0.839365,-3.89307
113,-14.4189,-1.79157,1.19692
111,-14.4189,-1.79157,1.19692
113,-18.4527,0.821484,0.487943
111,-18.4527,0.821484,0.487943
113,-17.7421,0.836183,-0.418465
111,-17.7421,0.836183,-0.418465
113,-15.1479,-0.807124,1.51671
111,-15.1479,-0.807124,1.51671
113,-18.011,0.860608,-0.459796
111,-18.011,0.860608,-0.459796
113,-19.1904,1.59001,-4.21733
111,-19.1904,1.59001,-4.21733
113,-18.0011,0.742445,-1.83442
111,-18.0011,0.742445,-1.83442
113,-17.5743,3.14497,-1.74613
111,-17.5743,3.14497,-1.74613
113,-18.2562,2.68301,-2.68365
111,-18.2562,2.68301,-2.68365
113,-17.009,-0.275428,1.10752
111,-17.009,-0.275428,1.10752
113,-13.6928,-0.925844,-1.96123
111,-13.6928,-0.925844,-1.96123
113,-17.8312,1.6013,-0.601665
111,-17.8312,1.6013,-0.601665
113,-18.4539,2.75295,-2.76293
111,-18.4539,2.75295,-2.76293
113,-18.4736,2.29141,-1.64793
111,-18.4736,2.29141,-1.64793
113,-16.5282,2.7556,-3.71231
111,-16.5282,2.7556,-3.71231
113,-17.5662,-0.271591,1.1221
111,-17.5662,-0.271591,1.1221
113,-21.0396,4.88127,-6.56041
111,-21.0396,4.88127,-6.56041
113,-17.0375,0.383528,0.956952
111,-17.0375,0.383528,0.956952
113,-16.2327,-0.584256,1.20055
111,-16.2327,-0.584256,1.20055
113,-17.4691,1.6548,-1.96731
109,-17.4691,1.6548,-1.96731
113,-18.6245,0.874781,0.396068
109,-18.6245,0.874781,0.396068
113,-14.1891,-1.03419,0.602473
109,-14.1891,-1.03419,0.602473
113,-17.4406,0.671931,0.996802
109,-17.4406,0.671931,0.996802
113,-17.8014,-0.556653,-1.99236
109,-17.8014,-0.556653,-1.99236
113,-14.1622,-1.03051,0.602805
109,-14.1622,-1.03051,0.602805
113,-17.4706,0.570158,0.956061
109,-17.4706,0.570158,0.956061
113,-17.6175,0.180881,0.991246
109,-17.6175,0.180881,0.991246
113,-14.5028,-1.83622,0.525275
109,-14.5028,-1.83622,0.525275
113,-15.9123,-0.735946,-3.58925
109,-15.9123,-0.735946,-3.58925
113,-16.3528,-4.59159,-3.73073
109,-16.3528,-4.59159,-3.73073
113,-17.6138,1.38482,0.748438
109,-17.6138,1.38482,0.748438
113,-17.527,2.25003,1.47251
109,-17.527,2.25003,1.47251
113,-11.0602,-2.19605,0.101268
109,-11.0602,-2.19605,0.101268
113,-16.7574,-1.59268,-3.51373
109,-16.7574,-1.59268,-3.51373
113,-17.7167,1.6821,-2.1116
110,-17.7167,1.6821,-2.1116
113,-17.6164,0.806217,-0.598291
110,-17.6164,0.806217,-0.598291
113,-14.3063,-1.81149,0.506072
110,-14.3063,-1.81149,0.506072
113,-15.9724,-2.62484,-4.42428
110,-15.9724,-2.62484,-4.42428
113,-14.6351,-0.894946,-2.54128
110,-14.6351,-0.894946,-2.54128
113,-14.3123,-1.27103,1.23845
110,-14.3123,-1.27103,1.23845
113,-17.4191,1.54131,-1.11902
110,-17.4191,1.54131,-1.11902
113,-21.2149,5.54653,-4.63033
110,-21.2149,5.54653,-4.63033
113,-19.0106,1.39713,0.440803
110,-19.0106,1.39713,0.440803
113,-15.4164,-0.273678,-3.7347
107,-15.4164,-0.273678,-3.7347
113,-17.3098,1.91451,-1.09863
107,-17.3098,1.91451,-1.09863
113,-18.2377,0.959732,-0.340626
107,-18.2377,0.959732,-0.340626
113,-17.4062,1.96004,-1.71027
107,-17.4062,1.96004,-1.71027
113,-15.4682,2.61329,-3.66892
106,-15.4682,2.61329,-3.66892
113,-17.1805,1.58429,-1.47603
106,-17.1805,1.58429,-1.47603
113,-17.371,0.67266,-1.48527
104,-17.371,0.67266,-1.48527
113,-17.6523,-0.572307,-1.93144
104,-17.6523,-0.572307,-1.93144
113,-17.2475,1.40459,0.399483
103,-17.2475,1.40459,0.399483
113,-17.0021,2.87802,-1.77107
103,-17.0021,2.87802,-1.77107
113,-17.5744,1.96785,-0.108926
103,-17.5744,1.96785,-0.108926
113,-17.2161,1.90384,-1.34809
102,-17.2161,1.90384,-1.34809
113,-17.46,0.835435,-1.16113
100,-17.46,0.835435,-1.16113
114,-11.0459,-0.50739,1.06357
114,-11.0997,-2.14693,-0.0330756
114,-11.2221,-2.11392,-0.0966334
114,-11.228,-2.10177,-0.0982437
114,-11.4605,-2.38247,0.304415
114,-11.4697,-2.21425,0.210346
114,-11.4868,-2.40275,0.290067
114,-11.5413,-2.12841,0.104944
114,-12.0522,-2.06479,-0.037107
114,-12.1157,-2.14211,0.157938
114,-12.0775,-2.08596,-0.0538108
114,-12.0981,-2.09123,-0.0538211
114,-12.4533,-2.91336,0.160968
114,-12.6214,-2.20778,0.0600019
114,-12.6758,-2.0431,0.0441303
114,-12.665,-2.80884,0.184016
114,-13.5567,-1.18596,1.39961
114,-12.7991,-2.83405,0.122079
114,-12.822,-2.88965,0.115325
114,-12.8584,-2.90558,0.110931
114,-13.4586,-1.54594,0.629549
114,-13.5024,-1.34528,0.600622
114,-13.4813,-1.76814,0.75238
114,-13.4119,-1.79194,0.486467
114,-13.2234,-2.03587,-0.0618651
114,-13.2604,-2.06253,0.00677288
114,-13.6528,-1.77141,0.851164
114,-13.9125,-1.72488,1.46102
114,-13.2626,-2.0517,-0.0676191
114,-14.0073,-1.19188,1.42609
114,-13.6883,-0.985716,0.422803
114,-13.7793,-1.20009,0.722129
114,-13.5578,-1.80725,0.454155
114,-13.6264,-4.06259,1.77788
114,-14.0297,-1.55491,1.44369
114,-14.0336,-1.59725,1.45226
114,-14.0142,-1.75869,1.46933
114,-14.0733,-1.38545,1.43113
114,-13.7551,-3.9458,1.6754
114,-14.213,-1.20481,1.41076
114,-14.0293,-1.69486,1.18313
114,-14.1648,-1.25139,1.22666
114,-13.3712,-3.58201,0.351311
114,-14.1534,-1.96296,1.5342
114,-14.1394,-1.37122,1.18499
114,-14.2423,-1.08749,1.26192
114,-13.3231,-0.0573448,-1.66877
114,-14.194,-1.3772,1.16933
114,-14.0763,-1.39244,0.837461
114,-13.5903,-2.11172,-0.0954224
114,-14.056,-2.83228,1.47529
114,-13.3401,-0.0693949,-1.85588
114,-14.133,-1.89996,1.11126
114,-13.7926,-2.51634,0.494858
114,-14.299,-0.774281,0.883933
114,-14.1358,-2.86471,1.47032
114,-13.9735,-0.989617,0.0424379
114,-14.2305,-1.85248,1.12595
114,-13.9874,-2.34517,0.728143
114,-14.2372,-2.84146,1.59835
114,-13.8752,-2.36819,0.402951
114,-14.6081,-0.786777,1.48102
114,-14.1838,-3.43638,1.73104
114,-14.3257,-1.06901,0.865589
114,-14.1744,-3.55938,1.74242
114,-13.8402,-2.07297,-0.0966586
114,-13.62,0.104844,-1.96642
114,-14.7669,-0.744967,1.44903
114,-14.4845,-1.08681,0.846565
114,-13.7232,-3.20371,-0.10073
114,-14.6794,-0.143501,0.810154
114,-14.0117,-3.01514,0.498687
114,-14.7082,-0.143828,0.81273
114,-13.7574,-3.17737,-0.11205
114,-14.7149,-0.11056,0.791909
114,-13.6921,0.114315,-2.03932
114,-14.4092,-3.24642,1.54589
114,-14.6179,-0.0634606,0.448706
114,-14.6058,0.0263244,0.368363
114,-14.6603,-0.00502425,0.376348
114,-14.7254,0.035416,0.47574
114,-14.1997,-2.85552,0.414016
114,-14.3281,-2.54347,0.48401
114,-14.9371,-0.876575,1.17158
114,-14.4227,-1.04572,-0.0847632
114,-14.7457,-0.379114,0.323933
114,-14.7526,-4.53244,1.88067
114,-15.2485,-0.786083,1.22821
114,-13.8195,-0.803482,-2.54779
114,-14.7977,-4.57786,1.88158
114,-15.307,-0.788985,1.22002
114,-14.6141,-3.34398,0.602561
114,-14.5604,-4.5329,0.942702
114,-14.642,-4.44826,1.00934
114,-14.9717,-3.23919,1.09303
114,-15.7753,-1.42622,1.90868
114,-15.9166,-0.620641,1.84808
114,-14.8512,-4.3631,0.964669
114,-15.5902,-0.585192,0.799475
114,-15.6397,-0.568084,0.782866
114,-13.6977,-3.88186,-2.61603
114,-15.9185,-1.44388,1.92492
114,-15.9889,-1.37913,2.0355
114,-15.7082,-0.559888,0.773363
114,-15.696,-3.05319,2.01061
114,-15.7137,-0.559649,0.767836
114,-14.7835,-2.18703,-0.861973
114,-16.018,-0.680273,1.54258
114,-14.5113,-2.44054,-1.56269
114,-15.9549,-0.605313,1.25942
114,-14.4965,-1.04269,-2.43863
114,-14.382,-1.30332,-2.73109
114,-14.8885,-2.23647,-0.933841
114,-14.5902,-0.977454,-2.47693
114,-14.7026,-2.53366,-1.40739
114,-15.0989,-1.67557,-0.903004
114,-14.5912,-1.01297,-2.59898
114,-16.2684,-0.636689,1.54461
114,-14.7869,-2.57936,-1.46029
114,-14.464,-1.07172,-3.11373
114,-14.5883,-0.913534,-2.97487
114,-14.8927,0.983704,-3.1856
114,-15.4116,-0.961116,-0.839443
114,-15.8612,-1.90989,0.82105
114,-14.9189,0.983167,-3.19697
114,-14.7492,-0.983286,-2.63054
114,-15.9283,-1.91969,0.807227
114,-16.1758,-0.597749,0.767421
114,-16.497,-0.686637,1.51652
114,-15.0811,1.69894,-3.44379
114,-16.4273,-0.634602,1.25717
114,-14.9938,1.13829,-3.41158
114,-15.4093,-1.36915,-1.05827
114,-15.4577,-1.55069,-0.945688
114,-16.4787,-0.606537,1.09629
114,-17.151,2.11694,1.43431
114,-15.0975,-1.82808,-1.92329
114,-15.5354,-1.46512,-0.967701
114,-15.4429,-2.13002,-0.996977
114,-15.4392,-3.34968,-0.410089
114,-15.2129,0.942254,-3.22301
114,-15.5629,-1.37534,-1.13017
114,-16.6712,-2.14334,2.10084
114,-16.2355,-4.11422,1.97098
114,-15.4914,-2.14365,-1.01349
114,-15.2153,-1.86284,-1.9861
114,-15.0073,-3.25908,-2.39548
113,-15.0073,-3.25908,-2.39548
114,-13.7636,-1.35826,0.701821
113,-13.7636,-1.35826,0.701821
114,-15.4127,-0.706238,-3.22343
113,-15.4127,-0.706238,-3.22343
114,-16.0416,0.202263,0.965795
113,-16.0416,0.202263,0.965795
114,-15.4573,-0.583767,-3.80093
113,-15.4573,-0.583767,-3.80093
114,-17.5639,1.56652,-0.580201
113,-17.5639,1.56652,-0.580201
114,-17.5943,1.36832,-0.443089
113,-17.5943,1.36832,-0.443089
114,-17.5743,1.40033,-0.368607
113,-17.5743,1.40033,-0.368607
114,-15.8344,-0.893372,-2.70941
113,-15.8344,-0.893372,-2.70941
114,-16.5108,-0.742136,-2.60993
113,-16.5108,-0.742136,-2.60993
114,-15.818,-0.251845,-3.37178
113,-15.818,-0.251845,-3.37178
114,-16.9527,1.0161,-0.211781
113,-16.9527,1.0161,-0.211781
114,-16.0584,-2.89576,-4.5596
113,-16.0584,-2.89576,-4.5596
114,-17.3145,0.420986,-1.06635
113,-17.3145,0.420986,-1.06635
114,-18.0261,1.33645,-4.54796
113,-18.0261,1.33645,-4.54796
114,-14.3246,-1.10433,-2.54233
113,-14.3246,-1.10433,-2.54233
114,-16.8319,-0.134546,-1.91236
113,-16.8319,-0.134546,-1.91236
114,-16.2181,0.94818,-2.52361
113,-16.2181,0.94818,-2.52361
114,-16.7819,-0.728882,-1.86181
113,-16.7819,-0.728882,-1.86181
114,-16.9936,0.947881,-0.386079
113,-16.9936,0.947881,-0.386079
114,-18.1435,1.13666,-0.554803
113,-18.1435,1.13666,-0.554803
114,-18.1076,1.91886,-0.0821585
113,-18.1076,1.91886,-0.0821585
114,-11.7273,-1.95841,-0.0225798
113,-11.7273,-1.95841,-0.0225798
114,-17.7925,0.131647,-3.70065
113,-17.7925,0.131647,-3.70065
114,-17.5006,1.50191,-4.19
113,-17.5006,1.50191,-4.19
114,-18.0969,1.62748,-4.59115
113,-18.0969,1.62748,-4.59115
114,-17.9067,2.09207,-3.57116
113,-17.9067,2.09207,-3.57116
114,-16.3915,-1.24631,-2.21382
113,-16.3915,-1.24631,-2.21382
114,-15.3721,2.48658,-3.18835
113,-15.3721,2.48658,-3.18835
114,-14.4619,-2.89365,-0.110981
113,-14.4619,-2.89365,-0.110981
114,-16.0311,3.02895,-3.44575
113,-16.0311,3.02895,-3.44575
114,-15.7873,2.60415,-2.93793
113,-15.7873,2.60415,-2.93793
114,-17.5401,3.18364,-1.1843
113,-17.5401,3.18364,-1.1843
114,-16.3464,1.9835,-1.81736
113,-16.3464,1.9835,-1.81736
114,-16.2994,1.60336,-0.775942
113,-16.2994,1.60336,-0.775942
114,-17.0531,3.28804,-1.85942
113,-17.0531,3.28804,-1.85942
114,-17.2409,1.87761,-3.77645
113,-17.2409,1.87761,-3.77645
114,-16.7337,0.310697,-4.12381
113,-16.7337,0.310697,-4.12381
114,-17.0016,2.3246,0.0897431
113,-17.0016,2.3246,0.0897431
114,-16.5339,-0.422597,1.76315
113,-16.5339,-0.422597,1.76315
114,-16.2207,3.14102,-3.5728
113,-16.2207,3.14102,-3.5728
114,-15.476,-0.509871,-0.420575
113,-15.476,-0.509871,-0.420575
114,-17.7604,-0.269493,1.08694
113,-17.7604,-0.269493,1.08694
114,-17.8166,0.899689,-1.97726
113,-17.8166,0.899689,-1.97726
114,-17.9168,0.543318,-2.00677
113,-17.9168,0.543318,-2.00677
114,-17.242,0.37598,-0.978257
113,-17.242,0.37598,-0.978257
114,-15.9125,2.44837,-3.28076
113,-15.9125,2.44837,-3.28076
114,-17.6287,3.22319,0.561959
113,-17.6287,3.22319,0.561959
114,-15.887,-4.43629,0.872022
113,-15.887,-4.43629,0.872022
114,-14.0295,-1.34979,0.470497
113,-14.0295,-1.34979,0.470497
114,-17.0422,0.982497,0.602287
113,-17.0422,0.982497,0.602287
114,-17.6908,1.00253,-0.475459
113,-17.6908,1.00253,-0.475459
114,-19.206,-0.720587,-2.46928
113,-19.206,-0.720587,-2.46928
114,-17.9609,2.09333,-4.2222
112,-17.9609,2.09333,-4.2222
114,-17.6718,-0.574588,-1.93807
112,-17.6718,-0.574588,-1.93807
114,-17.3974,0.774625,-1.38045
112,-17.3974,0.774625,-1.38045
114,-17.4417,0.675135,-1.78374
112,-17.4417,0.675135,-1.78374
114,-15.9214,-0.83059,-2.87593
112,-15.9214,-0.83059,-2.87593
114,-16.0023,-0.798715,-2.82688
112,-16.0023,-0.798715,-2.82688
114,-18.079,0.923204,-0.323031
112,-18.079,0.923204,-0.323031
114,-17.2246,-1.4966,-3.86395
112,-17.2246,-1.4966,-3.86395
114,-17.6807,-0.573076,-1.41976
112,-17.6807,-0.573076,-1.41976
114,-18.4209,-0.924166,-4.38002
112,-18.4209,-0.924166,-4.38002
114,-17.4208,-1.52183,-3.98062
112,-17.4208,-1.52183,-3.98062
114,-17.7274,2.39041,-4.40123
112,-17.7274,2.39041,-4.40123
114,-17.4208,-1.52183,-3.98062
112,-17.4208,-1.52183,-3.98062
114,-15.5121,-0.476078,-3.76117
112,-15.5121,-0.476078,-3.76117
114,-16.116,3.09934,-3.76232
112,-16.116,3.09934,-3.76232
114,-17.7734,2.05741,-1.23811
112,-17.7734,2.05741,-1.23811
114,-17.566,1.94745,-2.26461
112,-17.566,1.94745,-2.26461
114,-17.2821,1.91954,-1.10372
112,-17.2821,1.91954,-1.10372
114,-14.0701,-1.46436,0.466478
112,-14.0701,-1.46436,0.466478
114,-17.0859,2.86755,-1.6066
112,-17.0859,2.86755,-1.6066
114,-18.6574,1.34076,0.443204
112,-18.6574,1.34076,0.443204
114,-17.2977,2.81545,-1.90483
112,-17.2977,2.81545,-1.90483
114,-15.8206,-0.504587,-3.87472
112,-15.8206,-0.504587,-3.87472
114,-13.9832,-1.68909,1.18118
112,-13.9832,-1.68909,1.18118
114,-16.9527,0.422512,-1.59694
112,-16.9527,0.422512,-1.59694
114,-14.7424,-3.80047,0.874322
112,-14.7424,-3.80047,0.874322
114,-15.2006,-3.53698,-4.14488
111,-15.2006,-3.53698,-4.14488
114,-17.7177,-0.577658,-1.55355
111,-17.7177,-0.577658,-1.55355
114,-15.4645,-3.28542,-4.14213
111,-15.4645,-3.28542,-4.14213
114,-17.5636,1.32478,0.896113
111,-17.5636,1.32478,0.896113
114,-17.6294,0.792497,-3.72427
111,-17.6294,0.792497,-3.72427
114,-16.7701,1.06639,-2.90558
111,-16.7701,1.06639,-2.90558
114,-17.7421,1.7557,-2.33705
111,-17.7421,1.7557,-2.33705
114,-17.9721,1.49984,-0.559188
111,-17.9721,1.49984,-0.559188
114,-17.3818,1.8908,-1.9273
111,-17.3818,1.8908,-1.9273
114,-14.3575,-1.42659,1.43191
111,-14.3575,-1.42659,1.43191
114,-16.8607,1.08535,-2.95159
111,-16.8607,1.08535,-2.95159
114,-18.1767,1.48282,-0.560448
111,-18.1767,1.48282,-0.560448
114,-14.3229,-2.99773,0.644545
111,-14.3229,-2.99773,0.644545
114,-18.4759,0.991799,-0.407416
111,-18.4759,0.991799,-0.407416
114,-13.5444,-1.78322,0.771498
111,-13.5444,-1.78322,0.771498
114,-17.1483,2.02285,0.0451957
111,-17.1483,2.02285,0.0451957
114,-18.3467,2.80705,-4.69559
111,-18.3467,2.80705,-4.69559
114,-17.0455,1.39583,-1.89989
111,-17.0455,1.39583,-1.89989
114,-17.1702,3.01542,-1.03683
111,-17.1702,3.01542,-1.03683
114,-17.5874,0.38739,-1.39468
111,-17.5874,0.38739,-1.39468
114,-14.1219,-2.693,1.50346
111,-14.1219,-2.693,1.50346
114,-14.1728,-1.72038,0.555728
109,-14.1728,-1.72038,0.555728
114,-17.4067,0.4805,-1.76538
109,-17.4067,0.4805,-1.76538
114,-14.638,-2.13394,0.667178
109,-14.638,-2.13394,0.667178
114,-15.5889,-1.55521,-0.996942
109,-15.5889,-1.55521,-0.996942
114,-17.6093,2.17874,0.656416
109,-17.6093,2.17874,0.656416
114,-17.6248,0.805979,0.909102
107,-17.6248,0.805979,0.909102
114,-17.6142,0.748715,0.839127
107,-17.6142,0.748715,0.839127
114,-17.3523,0.793218,-1.45532
106,-17.3523,0.793218,-1.45532
114,-15.3565,-0.298552,-3.67864
106,-15.3565,-0.298552,-3.67864
114,-13.3038,-3.44949,0.530846
106,-13.3038,-3.44949,0.530846
114,-14.2357,-0.754082,-1.67526
106,-14.2357,-0.754082,-1.67526
114,-14.268,-1.29334,0.437131
104,-14.268,-1.29334,0.437131
114,-13.8879,-1.0106,0.356947
104,-13.8879,-1.0106,0.356947
114,-17.3108,2.45705,0.0233469
104,-17.3108,2.45705,0.0233469
114,-17.8982,-2.87225,-2.00712
102,-17.8982,-2.87225,-2.00712
114,-17.3874,3.08663,-1.08672
102,-17.3874,3.08663,-1.08672
114,-14.0159,-1.34242,0.468083
102,-14.0159,-1.34242,0.468083
114,-17.2284,1.90031,-1.80714
100,-17.2284,1.90031,-1.80714
115,-10.2858,-0.588927,1.52295
115,-10.9026,-0.783454,1.18798
115,-11.6458,-2.27952,0.293025
115,-11.6446,-2.08787,0.15749
115,-11.7138,-2.34099,0.275253
115,-11.7113,-2.10998,0.136042
115,-11.9923,-2.04789,-0.0159632
115,-12.1597,-2.44292,0.153336
115,-12.2026,-2.86139,0.198335
115,-12.4688,-2.90438,0.154173
115,-13.3946,-1.31396,0.653391
115,-13.5009,-1.11549,0.269315
115,-13.29,-2.07042,-0.0875412
115,-13.2575,-3.52612,0.387193
115,-13.7135,-0.994849,0.49263
115,-13.9358,-1.72931,1.47864
115,-13.9079,-1.92801,1.46766
115,-13.9449,-1.91497,1.57025
115,-13.9284,-1.91446,1.50917
115,-13.9325,-1.90928,1.51952
115,-13.9715,-1.54273,1.4566
115,-13.9648,-1.92025,1.52401
115,-14.0033,-1.82146,1.55094
115,-14.0518,-1.28002,1.42474
115,-14.0449,-1.32952,1.40291
115,-14.0451,-1.33242,1.39955
115,-14.0688,-1.33136,1.40612
115,-13.7264,-0.971311,0.116626
115,-14.0218,-1.87108,1.4901
115,-14.017,-1.52197,1.18507
115,-14.1137,-1.19285,1.23847
115,-13.8986,-0.769983,0.153511
115,-14.0324,-1.88024,1.12751
115,-14.149,-1.37676,1.18298
115,-14.1648,-1.38005,1.19247
115,-14.2946,-1.2284,1.41398
115,-14.2954,-1.25842,1.40898
115,-13.5607,-3.15682,-0.0503911
115,-13.7822,-1.95641,-0.161642
115,-14.3227,-1.31731,1.2177
115,-14.3642,-1.11238,1.23809
115,-14.5183,-0.817152,1.48188
115,-13.8313,-1.95727,-0.172262
115,-14.3592,-2.77767,1.82214
115,-14.0116,-2.41937,0.535275
115,-14.2327,-3.1232,1.56533
115,-14.5897,-0.782208,1.50027
115,-13.9692,-2.71473,0.480979
115,-14.2175,-3.70095,1.75167
115,-14.584,-0.78175,1.43229
115,-13.9042,-1.98017,-0.19466
115,-14.4143,-2.88094,1.79506
115,-14.4389,-2.83436,1.82471
115,-14.4413,-2.89188,1.78668
115,-14.4732,-2.90707,1.79882
115,-13.9991,-2.00176,-0.233057
115,-14.5199,-2.83587,1.81929
115,-14.2573,-1.02945,-0.0742728
115,-13.9272,-2.99477,-0.160356
115,-14.5893,0.0670832,0.366768
115,-14.7441,-1.1116,1.43764
115,-14.7871,-0.91817,1.46564
115,-13.9467,-3.01839,-0.158543
115,-14.0696,-2.03409,-0.272943
115,-14.0101,-3.01153,-0.180379
115,-14.0157,-3.00996,-0.188131
115,-14.3038,-3.93848,1.01581
115,-15.0125,-0.713254,1.44669
115,-14.5194,-0.909528,-0.174915
115,-14.7329,-0.204017,-0.141924
115,-14.8341,-4.54091,2.05675
115,-14.8179,-3.0801,1.26802
115,-14.899,-4.59528,2.07758
115,-15.3149,-2.201,1.86479
115,-14.5011,-2.15656,-0.746066
115,-15.3391,-3.41044,2.49356
115,-15.611,-0.611372,1.83152
115,-15.1173,-0.223923,-0.27724
115,-15.5165,-2.28339,1.92219
115,-15.5705,-0.643032,1.20481
115,-15.6837,-1.43692,1.92249
115,-15.579,-0.645651,1.19249
115,-15.5471,-2.96623,2.00046
115,-15.5494,-0.61184,0.765295
115,-15.6909,-3.19591,2.50829
115,-15.6214,-2.64272,1.99456
115,-15.7929,-1.43308,1.9114
115,-15.7126,-3.20428,2.52512
115,-15.5797,-0.587869,0.751255
115,-15.58,-3.12918,2.00587
115,-15.5609,-3.12878,1.93663
115,-15.5676,-3.14044,1.93062
115,-15.8358,-1.41898,1.8995
115,-15.5934,-3.22675,2.00593
115,-15.5879,-3.13945,1.92726
115,-15.6289,-0.615509,0.76909
115,-15.1109,-0.957928,-0.71562
115,-15.7009,-2.65544,1.97129
115,-15.7754,-3.12868,2.43773
115,-15.6484,-3.1899,1.991
115,-15.964,-1.38287,2.04164
115,-15.693,-3.13934,2.06327
115,-15.7093,-3.08454,2.06547
115,-15.7466,-2.66235,1.96721
115,-15.9905,-1.37767,2.03794
115,-15.7318,-3.06946,1.94527
115,-15.7474,-3.07721,1.98898
115,-15.8032,-2.65894,1.95348
115,-15.2279,-0.95741,-0.755264
115,-16.4232,3.05747,0.972859
115,-15.4696,-0.218773,-0.415469
115,-15.9651,-2.48122,2.25652
115,-15.9353,-2.66802,2.24351
115,-16.4757,3.01932,0.975054
115,-15.1837,-1.12652,-1.13502
115,-15.4304,-1.00005,-0.489877
115,-15.5862,-0.227593,-0.451557
115,-14.7233,-3.42177,-1.60877
115,-16.2213,-0.656735,1.48964
115,-16.2676,-2.1707,2.34896
115,-15.8859,-1.90962,0.841266
115,-16.2339,-2.24176,2.08965
115,-16.2373,-2.23631,2.07391
115,-16.34,-2.17329,2.36504
115,-15.4157,-2.32185,-0.552834
115,-16.2501,-2.88113,2.36237
115,-16.341,-0.674265,1.5152
115,-16.337,-0.646881,1.4737
115,-16.29,-2.25472,2.0825
115,-16.2799,-2.89688,2.37095
115,-16.526,-0.585029,1.93508
115,-15.2407,-2.323,-1.3556
115,-16.3716,-2.08551,2.08373
115,-15.2047,0.913582,-3.15179
115,-15.8327,0.682734,-1.07554
115,-16.358,-0.588946,1.21981
115,-16.559,-0.983627,1.90383
115,-15.2614,-0.855698,-2.33082
115,-16.5233,-0.779201,1.56395
115,-16.1269,-1.96198,0.807728
115,-16.6942,2.07456,0.507957
115,-16.545,-2.10053,2.09443
115,-15.625,-1.18639,-1.333
115,-15.5822,-2.17569,-1.01202
115,-16.5403,-2.09989,1.95545
115,-15.6862,-1.58645,-1.00863
115,-16.7863,-1.32214,2.33803
115,-15.562,-3.43015,-0.501699
115,-14.9844,-2.49835,-2.82586
115,-15.7945,-0.809341,-1.12565
115,-17.6016,3.23835,2.49493
115,-16.857,3.36895,0.06995
115,-15.2702,-1.27463,-2.63746
115,-16.639,-2.13752,2.10656
115,-16.3766,-4.29407,2.30357
115,-15.5745,-1.47897,-0.984253
114,-15.5745,-1.47897,-0.984253
115,-18.3694,0.229609,-4.69335
114,-18.3694,0.229609,-4.69335
115,-17.235,-0.284887,1.04374
114,-17.235,-0.284887,1.04374
115,-16.457,-1.37614,-2.52816
114,-16.457,-1.37614,-2.52816
115,-18.1291,-0.621837,-2.41593
114,-18.1291,-0.621837,-2.41593
115,-17.6615,0.58585,0.925015
114,-17.6615,0.58585,0.925015
115,-17.1776,0.637525,0.63775
114,-17.1776,0.637525,0.63775
115,-17.1161,1.84141,-0.022163
114,-17.1161,1.84141,-0.022163
115,-16.8202,-1.69508,-2.43993
114,-16.8202,-1.69508,-2.43993
115,-17.557,-0.563625,-3.78222
114,-17.557,-0.563625,-3.78222
115,-14.3069,-1.04529,-2.45908
114,-14.3069,-1.04529,-2.45908
115,-17.6517,0.495324,-1.57234
114,-17.6517,0.495324,-1.57234
115,-17.7405,0.465774,-1.2026
114,-17.7405,0.465774,-1.2026
115,-17.6567,1.55492,-4.29534
114,-17.6567,1.55492,-4.29534
115,-16.4661,-0.587125,1.07705
114,-16.4661,-0.587125,1.07705
115,-17.6489,1.97537,-1.82407
114,-17.6489,1.97537,-1.82407
115,-16.5582,1.68787,0.0333451
114,-16.5582,1.68787,0.0333451
115,-21.4827,-1.06567,-4.42824
114,-21.4827,-1.06567,-4.42824
115,-15.749,-3.49852,-2.72479
114,-15.749,-3.49852,-2.72479
115,-17.5557,-0.093713,-2.24741
114,-17.5557,-0.093713,-2.24741
115,-13.7605,-1.20125,0.500229
114,-13.7605,-1.20125,0.500229
115,-16.7147,1.7389,0.00322354
114,-16.7147,1.7389,0.00322354
115,-16.0285,-1.59963,-2.67316
114,-16.0285,-1.59963,-2.67316
115,-18.0436,0.496379,-1.29726
114,-18.0436,0.496379,-1.29726
115,-18.7834,1.50047,-4.10552
114,-18.7834,1.50047,-4.10552
115,-17.2318,-0.563166,-1.76921
114,-17.2318,-0.563166,-1.76921
115,-15.6295,-1.3346,-1.47877
114,-15.6295,-1.3346,-1.47877
115,-18.8746,2.88764,-3.01007
114,-18.8746,2.88764,-3.01007
115,-15.9399,1.45915,-1.49619
114,-15.9399,1.45915,-1.49619
115,-16.7312,-4.52493,-3.52083
114,-16.7312,-4.52493,-3.52083
115,-16.694,0.956978,-2.04294
114,-16.694,0.956978,-2.04294
115,-19.0072,3.03736,-5.20267
114,-19.0072,3.03736,-5.20267
115,-19.4525,1.50939,0.365838
114,-19.4525,1.50939,0.365838
115,-17.2854,1.91225,-1.70192
114,-17.2854,1.91225,-1.70192
115,-16.2997,-0.20728,-3.59428
114,-16.2997,-0.20728,-3.59428
115,-17.0983,3.14937,-1.46999
114,-17.0983,3.14937,-1.46999
115,-17.7908,3.12012,-1.43663
114,-17.7908,3.12012,-1.43663
115,-17.0321,0.311732,0.922205
114,-17.0321,0.311732,0.922205
115,-17.6704,0.489293,-2.36444
114,-17.6704,0.489293,-2.36444
115,-16.7336,-0.767715,-2.76276
114,-16.7336,-0.767715,-2.76276
115,-16.9457,2.30189,0.0975129
114,-16.9457,2.30189,0.0975129
115,-15.1974,-0.802195,1.21295
114,-15.1974,-0.802195,1.21295
115,-15.3965,-1.31526,-1.39123
114,-15.3965,-1.31526,-1.39123
115,-16.6332,-4.88368,0.830762
114,-16.6332,-4.88368,0.830762
115,-17.0721,2.14896,-3.88923
114,-17.0721,2.14896,-3.88923
115,-16.9043,0.307775,-4.06384
114,-16.9043,0.307775,-4.06384
115,-18.2161,1.35752,-3.68613
114,-18.2161,1.35752,-3.68613
115,-17.1796,2.11998,1.43456
114,-17.1796,2.11998,1.43456
115,-17.2213,3.17379,-3.00026
114,-17.2213,3.17379,-3.00026
115,-17.8196,3.38839,-2.84798
114,-17.8196,3.38839,-2.84798
115,-15.4601,-4.14961,0.923988
114,-15.4601,-4.14961,0.923988
115,-17.3561,2.15714,1.43396
114,-17.3561,2.15714,1.43396
115,-14.4785,-1.36256,1.4084
114,-14.4785,-1.36256,1.4084
115,-18.0125,0.447155,-1.54634
114,-18.0125,0.447155,-1.54634
115,-17.0003,0.0728646,0.87149
114,-17.0003,0.0728646,0.87149
115,-17.3925,0.435053,0.711731
113,-17.3925,0.435053,0.711731
115,-16.6584,-1.39172,-2.21837
113,-16.6584,-1.39172,-2.21837
115,-16.9135,1.78427,-0.987555
113,-16.9135,1.78427,-0.987555
115,-17.4536,0.990761,-0.385199
113,-17.4536,0.990761,-0.385199
115,-17.2351,0.7353,-0.302234
113,-17.2351,0.7353,-0.302234
115,-15.6535,-1.56681,-1.01966
113,-15.6535,-1.56681,-1.01966
115,-16.0119,-0.235909,-3.38595
113,-16.0119,-0.235909,-3.38595
115,-14.2272,-2.97656,0.481179
113,-14.2272,-2.97656,0.481179
115,-16.357,-4.58124,-3.74068
113,-16.357,-4.58124,-3.74068
115,-15.4746,-1.54175,-0.940182
113,-15.4746,-1.54175,-0.940182
115,-17.0711,1.84127,-1.03471
113,-17.0711,1.84127,-1.03471
115,-17.024,0.426298,-2.01325
113,-17.024,0.426298,-2.01325
115,-16.9036,2.93249,-1.13278
113,-16.9036,2.93249,-1.13278
115,-15.5263,0.216496,0.392058
113,-15.5263,0.216496,0.392058
115,-13.3618,-3.61244,1.29317
113,-13.3618,-3.61244,1.29317
115,-16.5138,-1.41136,-2.45221
113,-16.5138,-1.41136,-2.45221
115,-17.5128,0.0302222,0.985565
112,-17.5128,0.0302222,0.985565
115,-13.9622,-1.96735,0.694522
112,-13.9622,-1.96735,0.694522
115,-17.2907,0.644672,-1.44632
112,-17.2907,0.644672,-1.44632
115,-18.0197,1.3299,-4.53959
112,-18.0197,1.3299,-4.53959
115,-16.6911,-1.09797,-2.70424
112,-16.6911,-1.09797,-2.70424
115,-13.8936,-1.01375,0.437156
112,-13.8936,-1.01375,0.437156
115,-13.875,-1.79784,0.322428
112,-13.875,-1.79784,0.322428
115,-17.5684,2.40842,-2.3689
112,-17.5684,2.40842,-2.3689
115,-17.255,1.89494,-1.22378
112,-17.255,1.89494,-1.22378
115,-13.9558,-1.96034,0.692509
112,-13.9558,-1.96034,0.692509
115,-13.8526,-1.79217,0.326442
112,-13.8526,-1.79217,0.326442
115,-17.6961,-0.619499,-3.40706
112,-17.6961,-0.619499,-3.40706
115,-17.2588,2.8929,-0.15065
112,-17.2588,2.8929,-0.15065
115,-16.8804,1.80084,-1.49757
112,-16.8804,1.80084,-1.49757
115,-11.4077,-2.12324,0.14912
112,-11.4077,-2.12324,0.14912
115,-17.2752,1.46648,-0.971834
112,-17.2752,1.46648,-0.971834
115,-17.4869,0.193348,0.987679
111,-17.4869,0.193348,0.987679
115,-17.2251,1.95593,0.395217
111,-17.2251,1.95593,0.395217
115,-17.079,-1.41226,-2.78887
111,-17.079,-1.41226,-2.78887
115,-17.2717,1.68274,-1.47361
111,-17.2717,1.68274,-1.47361
115,-17.6805,0.80913,-0.301486
111,-17.6805,0.80913,-0.301486
115,-17.2359,1.84726,-1.76176
111,-17.2359,1.84726,-1.76176
115,-18.7668,2.1053,-0.18625
111,-18.7668,2.1053,-0.18625
115,-18.4304,1.56295,-4.72925
111,-18.4304,1.56295,-4.72925
115,-17.2714,1.85619,-1.77362
111,-17.2714,1.85619,-1.77362
115,-17.3309,1.71546,-1.78365
111,-17.3309,1.71546,-1.78365
115,-14.1264,-0.989901,0.166646
111,-14.1264,-0.989901,0.166646
115,-17.3206,1.2623,0.912274
111,-17.3206,1.2623,0.912274
115,-17.5604,-0.271926,1.03071
111,-17.5604,-0.271926,1.03071
115,-17.3258,0.336551,0.908572
111,-17.3258,0.336551,0.908572
115,-17.9169,-0.274368,1.03813
111,-17.9169,-0.274368,1.03813
115,-14.3526,-2.43594,0.787488
111,-14.3526,-2.43594,0.787488
115,-17.1588,0.765124,-1.42653
111,-17.1588,0.765124,-1.42653
115,-17.5025,1.21174,-3.27456
111,-17.5025,1.21174,-3.27456
115,-17.5508,2.06833,-0.0782748
111,-17.5508,2.06833,-0.0782748
115,-14.3192,-1.83032,1.49759
111,-14.3192,-1.83032,1.49759
115,-16.5256,-1.24584,-2.79008
111,-16.5256,-1.24584,-2.79008
115,-17.524,0.695841,-1.93946
109,-17.524,0.695841,-1.93946
115,-20.8301,2.57858,-4.71529
109,-20.8301,2.57858,-4.71529
115,-17.2473,2.97617,-1.5337
109,-17.2473,2.97617,-1.5337
115,-17.2982,1.50808,-1.69688
106,-17.2982,1.50808,-1.69688
115,-17.0439,3.45304,0.0535314
103,-17.0439,3.45304,0.0535314
115,-17.4987,2.15514,0.00539363
104,-17.4987,2.15514,0.00539363
115,-16.9766,3.52935,-1.12586
104,-16.9766,3.52935,-1.12586
116,-11.9993,-2.13498,0.258538
116,-13.1867,-1.61724,0.869972
116,-13.3131,-1.42542,0.759344
116,-13.424,-1.46052,0.736731
116,-13.9769,0.797149,1.23232
116,-13.8493,-3.20787,1.71675
116,-13.8784,-1.85172,1.48841
116,-13.7752,-1.32602,0.843955
116,-13.6937,-0.992956,0.497601
116,-13.7019,-1.2219,0.559216
116,-13.7099,-0.774989,0.465608
116,-13.7179,-0.781859,0.437593
116,-13.9741,-1.79408,1.48489
116,-13.8122,-1.32945,0.842252
116,-13.9899,-1.54959,1.44608
116,-13.7657,-1.40124,0.514902
116,-13.8285,-1.41566,0.526247
116,-14.1288,-1.31416,1.40949
116,-14.0568,-1.53629,1.165
116,-13.8134,-2.49712,0.499537
116,-14.1592,-1.38251,1.16587
116,-14.1524,-2.78242,1.42165
116,-14.2845,-1.27867,1.38575
116,-13.815,-1.95365,-0.180455
116,-13.9783,-2.7168,0.463418
116,-14.2738,-1.57926,1.14563
116,-13.8581,-1.94919,-0.188269
116,-14.3119,-2.87601,1.42761
116,-14.4196,-2.9032,1.41697
116,-14.4014,-0.951533,0.841163
116,-14.1278,-1.02239,-0.0302984
116,-14.1726,-1.47089,0.218337
116,-14.4943,-3.29897,1.53254
116,-13.9999,-3.53347,-0.0650437
116,-14.2875,-1.49772,0.363697
116,-14.2203,-2.97534,0.46432
116,-14.6795,-0.908523,1.43362
116,-14.5652,-0.115896,0.79349
116,-14.7318,-0.740057,1.44112
116,-14.598,-0.970206,0.807588
116,-14.6811,-3.0468,1.39421
116,-14.3678,-1.0621,-0.115516
116,-14.4988,-0.180864,-0.045747
116,-14.5139,-0.950916,0.0223196
116,-14.8501,-0.394677,0.247087
116,-14.7573,-0.231676,-0.16327
116,-14.7729,-2.72484,0.256305
116,-15.6522,-0.62285,1.81301
116,-15.5122,-3.15943,1.89579
116,-15.7188,-1.45661,1.834
116,-14.8651,-2.1214,-0.900805
116,-15.777,-2.66542,1.9233
116,-15.9295,-1.37824,2.01099
116,-15.9466,-1.39485,2.02926
116,-16.0151,-0.561878,2.03121
116,-14.6045,-1.0315,-2.4913
116,-16.0511,-0.567427,2.02179
116,-15.1031,-1.66261,-0.912778
116,-16.0747,-1.41955,2.01905
116,-15.7888,-0.685114,0.70259
116,-16.1453,-2.38104,2.24183
116,-15.3331,-0.965798,-0.812454
116,-15.9329,-4.11943,1.87934
116,-15.9546,3.21441,0.187886
116,-16.1827,-2.37348,2.21627
116,-15.9313,3.22325,0.0361576
116,-16.2307,-2.95815,2.33902
116,-15.0316,-1.80239,-1.86396
116,-16.2293,-2.20854,2.10465
116,-16.2175,-2.23575,2.06531
116,-15.3961,-2.29664,-0.599485
116,-16.0339,3.30897,0.0193346
116,-15.2103,-1.85409,-1.43179
116,-16.2724,-2.04555,1.9384
116,-16.3056,-0.923855,1.7735
116,-15.4687,-2.32734,-0.636208
116,-15.4753,-2.3257,-0.631878
116,-16.3582,-2.91513,2.34842
116,-16.2764,-2.23816,1.89207
116,-16.1378,-4.5984,1.98895
116,-16.8676,2.84722,2.57467
116,-16.2569,-4.22833,2.25195
116,-16.2675,-4.23009,2.26909
116,-15.3187,-1.90835,-1.44747
116,-16.3929,-2.05827,2.06206
116,-16.1687,3.49229,0.014249
116,-16.9222,2.86425,2.58632
116,-16.4511,-0.955818,1.78606
116,-15.5102,-2.14503,-1.00517
116,-16.2681,-4.38789,1.94472
116,-16.4175,-2.09904,1.87713
116,-17.0136,3.48309,2.47442
116,-16.4243,-0.673585,1.49515
116,-16.4689,-2.38606,2.00286
116,-15.6119,-1.48422,-1.01355
116,-15.3915,-1.6488,-1.8848
116,-16.5276,-2.3335,1.9255
116,-16.3634,3.56975,-0.0156912
116,-17.0359,1.10135,2.57244
116,-16.7107,-2.19218,2.09771
116,-16.5809,-0.666034,1.25036
116,-16.5842,2.95711,0.399416
116,-16.738,-1.06989,1.82216
116,-16.5175,3.57745,-0.00619102
116,-16.7542,-2.16229,1.96616
116,-15.6858,-1.73185,-1.62921
116,-13.8364,-0.948802,0.245726
115,-13.8364,-0.948802,0.245726
116,-17.9499,-0.74081,-3.38486
115,-17.9499,-0.74081,-3.38486
116,-17.5168,0.818304,0.652491
115,-17.5168,0.818304,0.652491
116,-17.1849,2.13118,0.0501327
115,-17.1849,2.13118,0.0501327
116,-15.8778,-0.14807,-3.35741
115,-15.8778,-0.14807,-3.35741
116,-15.8704,-0.262549,-3.44027
115,-15.8704,-0.262549,-3.44027
116,-15.9437,1.48921,-0.650651
115,-15.9437,1.48921,-0.650651
116,-17.4274,0.44025,0.70079
115,-17.4274,0.44025,0.70079
116,-16.0977,1.37755,-3.45839
115,-16.0977,1.37755,-3.45839
116,-15.2669,-0.994106,1.79821
115,-15.2669,-0.994106,1.79821
116,-15.8797,-0.753648,-2.3553
115,-15.8797,-0.753648,-2.3553
116,-16.3696,1.6416,-0.801066
115,-16.3696,1.6416,-0.801066
116,-16.3068,0.284869,-1.2391
115,-16.3068,0.284869,-1.2391
116,-17.0786,2.06889,1.13892
115,-17.0786,2.06889,1.13892
116,-17.7138,-0.0731809,-2.33176
115,-17.7138,-0.0731809,-2.33176
116,-17.864,1.29484,-4.42983
115,-17.864,1.29484,-4.42983
116,-15.8641,1.88804,0.313921
115,-15.8641,1.88804,0.313921
116,-16.0303,0.334315,0.994752
115,-16.0303,0.334315,0.994752
116,-15.4541,-0.399896,-2.92804
115,-15.4541,-0.399896,-2.92804
116,-16.4949,2.87084,-2.93249
115,-16.4949,2.87084,-2.93249
116,-16.7154,-1.13759,-3.19199
115,-16.7154,-1.13759,-3.19199
116,-17.0239,2.60702,-3.77812
115,-17.0239,2.60702,-3.77812
116,-17.4919,1.18596,2.62405
115,-17.4919,1.18596,2.62405
116,-17.4101,0.284784,2.43975
115,-17.4101,0.284784,2.43975
116,-17.601,-0.073535,-2.27927
115,-17.601,-0.073535,-2.27927
116,-16.4311,3.05234,0.965545
115,-16.4311,3.05234,0.965545
116,-16.9453,-0.302683,1.08299
115,-16.9453,-0.302683,1.08299
116,-16.8693,2.26029,0.108997
115,-16.8693,2.26029,0.108997
116,-17.2722,-2.08556,2.44722
115,-17.2722,-2.08556,2.44722
116,-16.5654,0.394411,0.95634
115,-16.5654,0.394411,0.95634
116,-17.4862,-0.299093,2.42379
115,-17.4862,-0.299093,2.42379
116,-17.0179,1.83513,-1.59475
115,-17.0179,1.83513,-1.59475
116,-17.5102,1.35992,2.6217
115,-17.5102,1.35992,2.6217
116,-17.6268,-0.311167,2.44826
115,-17.6268,-0.311167,2.44826
116,-16.5516,2.73153,-0.874709
115,-16.5516,2.73153,-0.874709
116,-16.3738,3.33161,-1.13132
115,-16.3738,3.33161,-1.13132
116,-17.6597,1.2379,-3.37359
115,-17.6597,1.2379,-3.37359
116,-17.311,2.9268,-0.171785
115,-17.311,2.9268,-0.171785
116,-17.6777,1.40602,2.65263
115,-17.6777,1.40602,2.65263
116,-16.02,-1.43535,-3.11713
115,-16.02,-1.43535,-3.11713
116,-17.538,-1.30067,2.58808
115,-17.538,-1.30067,2.58808
116,-16.4208,3.18223,-1.91518
115,-16.4208,3.18223,-1.91518
116,-15.6638,1.32111,-1.12822
115,-15.6638,1.32111,-1.12822
116,-16.101,-1.21162,-2.03233
115,-16.101,-1.21162,-2.03233
116,-17.702,2.59492,-0.0335315
115,-17.702,2.59492,-0.0335315
116,-15.2062,-2.41493,-2.45855
115,-15.2062,-2.41493,-2.45855
116,-15.553,-1.32531,-2.71992
115,-15.553,-1.32531,-2.71992
116,-17.2679,2.1551,1.42864
115,-17.2679,2.1551,1.42864
116,-14.6977,-2.22457,-2.09663
115,-14.6977,-2.22457,-2.09663
116,-17.3138,0.277489,2.43601
115,-17.3138,0.277489,2.43601
116,-17.0343,2.19202,0.451284
115,-17.0343,2.19202,0.451284
116,-16.099,0.911228,-2.42012
115,-16.099,0.911228,-2.42012
116,-17.2965,2.84107,-2.3945
115,-17.2965,2.84107,-2.3945
116,-16.6979,-0.548746,-1.67555
115,-16.6979,-0.548746,-1.67555
116,-16.2464,0.325317,0.990386
115,-16.2464,0.325317,0.990386
116,-16.3453,2.56346,-1.45761
115,-16.3453,2.56346,-1.45761
116,-17.5425,2.04664,0.420845
115,-17.5425,2.04664,0.420845
116,-17.3786,1.43058,0.450517
115,-17.3786,1.43058,0.450517
116,-15.9984,2.35903,-0.279236
115,-15.9984,2.35903,-0.279236
116,-16.6543,1.02445,-2.73211
115,-16.6543,1.02445,-2.73211
116,-17.7694,1.04908,-0.474753
114,-17.7694,1.04908,-0.474753
116,-13.4745,-1.14854,0.441035
114,-13.4745,-1.14854,0.441035
116,-14.4815,-2.03842,0.734665
114,-14.4815,-2.03842,0.734665
116,-16.564,2.58879,0.00625758
114,-16.564,2.58879,0.00625758
116,-16.4213,2.68667,-0.850771
114,-16.4213,2.68667,-0.850771
116,-16.7258,2.02354,0.736665
114,-16.7258,2.02354,0.736665
116,-17.4492,-0.608183,-2.11129
114,-17.4492,-0.608183,-2.11129
116,-17.1057,-0.564244,-1.72095
114,-17.1057,-0.564244,-1.72095
116,-16.8785,1.2279,-0.312036
114,-16.8785,1.2279,-0.312036
116,-16.6404,2.35345,0.061839
114,-16.6404,2.35345,0.061839
116,-16.5203,-0.286053,-3.22819
114,-16.5203,-0.286053,-3.22819
116,-16.645,1.98731,0.745433
114,-16.645,1.98731,0.745433
116,-15.3457,-0.892122,1.79399
114,-15.3457,-0.892122,1.79399
116,-19.4939,3.81057,-3.53911
114,-19.4939,3.81057,-3.53911
116,-17.1004,1.993,0.0476465
114,-17.1004,1.993,0.0476465
116,-17.7135,3.27315,0.547793
114,-17.7135,3.27315,0.547793
116,-17.1217,2.82208,-0.116811
114,-17.1217,2.82208,-0.116811
116,-19.3801,-1.03784,-5.0547
114,-19.3801,-1.03784,-5.0547
116,-16.0487,-0.625255,1.25195
114,-16.0487,-0.625255,1.25195
116,-18.6534,1.28596,-3.04134
114,-18.6534,1.28596,-3.04134
116,-16.5223,-1.16174,-2.73382
114,-16.5223,-1.16174,-2.73382
116,-16.3597,1.64613,-0.700385
114,-16.3597,1.64613,-0.700385
116,-16.1776,-0.691153,-2.46897
114,-16.1776,-0.691153,-2.46897
116,-17.4655,1.36557,-0.469791
111,-17.4655,1.36557,-0.469791
116,-16.8834,-1.50244,-2.70918
111,-16.8834,-1.50244,-2.70918
116,-16.8342,-1.40932,-2.72343
111,-16.8342,-1.40932,-2.72343
116,-14.7169,-1.02047,-2.59616
111,-14.7169,-1.02047,-2.59616
116,-13.917,-1.96836,0.366741
111,-13.917,-1.96836,0.366741
116,-13.8101,-1.92674,0.714082
111,-13.8101,-1.92674,0.714082
116,-18.2277,0.766651,0.51316
111,-18.2277,0.766651,0.51316
116,-17.0361,-0.433724,-1.52722
112,-17.0361,-0.433724,-1.52722
116,-18.488,1.06459,0.186239
112,-18.488,1.06459,0.186239
116,-16.7414,2.71932,-1.49657
112,-16.7414,2.71932,-1.49657
116,-17.1254,1.35654,0.988527
112,-17.1254,1.35654,0.988527
116,-14.2221,-1.27034,0.353334
112,-14.2221,-1.27034,0.353334
116,-20.125,3.48469,-4.29622
112,-20.125,3.48469,-4.29622
116,-17.0521,0.398329,-2.05567
112,-17.0521,0.398329,-2.05567
116,-19.5217,5.45061,-4.67587
112,-19.5217,5.45061,-4.67587
116,-16.6245,-1.49065,-2.39095
113,-16.6245,-1.49065,-2.39095
116,-16.89,1.38157,-0.409958
113,-16.89,1.38157,-0.409958
116,-17.4828,-0.21331,0.848758
113,-17.4828,-0.21331,0.848758
116,-16.9862,-0.886148,-1.63302
113,-16.9862,-0.886148,-1.63302
116,-16.7629,1.68616,-1.66111
113,-16.7629,1.68616,-1.66111
116,-13.9918,-2.59568,0.456297
113,-13.9918,-2.59568,0.456297
116,-16.0565,-1.35174,-2.21628
113,-16.0565,-1.35174,-2.21628
116,-17.2227,0.62995,-1.33735
109,-17.2227,0.62995,-1.33735
116,-13.7471,-1.75046,0.529103
109,-13.7471,-1.75046,0.529103
116,-17.2809,1.30679,0.754519
109,-17.2809,1.30679,0.754519
116,-17.1015,1.87618,-1.36334
109,-17.1015,1.87618,-1.36334
116,-17.364,-0.627272,2.39882
109,-17.364,-0.627272,2.39882
116,-17.0328,1.85347,-1.2652
109,-17.0328,1.85347,-1.2652
116,-17.5223,0.81026,-0.518421
107,-17.5223,0.81026,-0.518421
116,-17.0601,3.26454,-1.48179
107,-17.0601,3.26454,-1.48179
116,-17.4033,-0.578816,-1.86251
104,-17.4033,-0.578816,-1.86251
116,-17.1792,1.85296,-1.03616
104,-17.1792,1.85296,-1.03616
116,-16.8814,1.9985,1.35676
103,-16.8814,1.9985,1.35676
116,-17.008,2.0398,1.37921
103,-17.008,2.0398,1.37921
117,-12.8857,-1.53266,0.811087
117,-13.4461,-1.29456,0.662701
117,-13.5664,-1.3451,0.628705
117,-13.6366,-1.25524,0.580618
117,-13.9512,-1.65155,1.43673
117,-14.1028,-1.1889,1.39658
117,-14.1127,-1.96809,1.34398
117,-13.793,-1.00181,0.472796
117,-13.8803,-0.799235,0.422113
117,-13.9972,-2.58581,0.437421
117,-14.0323,-2.40809,0.558941
117,-14.3048,-1.12184,1.22105
117,-14.3348,-1.12405,1.22845
117,-13.9162,-1.96946,-0.232747
117,-14.1695,-2.4375,0.440544
117,-14.3954,-1.3712,1.17448
117,-14.4386,-1.03836,1.24774
117,-14.0597,-1.01688,-0.020663
117,-14.6253,-0.782113,1.41032
117,-14.6548,-0.799172,1.46919
117,-14.6701,-1.00329,1.426
117,-14.7087,-1.0057,1.42638
117,-14.7194,-0.998454,1.41774
117,-14.7437,-0.924786,1.43565
117,-14.765,-1.00479,1.4213
117,-14.3753,-0.582409,0.290875
117,-14.574,-1.17187,0.799098
117,-14.8719,-0.710887,1.49469
117,-14.7686,-1.0026,0.770206
117,-14.6314,0.0696893,0.352983
117,-14.4891,-1.07989,-0.193305
117,-14.733,0.0517247,0.45804
117,-14.7253,0.0233434,0.42541
117,-15.4318,-3.07493,1.87166
117,-15.5421,-2.55609,1.91393
117,-15.5166,-2.26921,1.84522
117,-14.9585,-0.203938,0.169425
117,-15.8355,-1.35681,2.00003
117,-15.8266,-0.551475,2.00557
117,-15.5909,-0.788244,1.15256
117,-15.8462,-0.62457,1.83961
117,-15.7044,-0.647055,1.20472
117,-15.0972,-1.64557,-0.898516
117,-16.0674,-1.42208,1.99769
117,-16.1924,-1.31234,1.89406
117,-15.948,-0.650482,1.22932
117,-16.3673,-2.23344,2.26956
117,-16.3891,-2.46113,2.26931
117,-16.4117,-2.20315,2.36062
117,-16.4046,-2.10195,1.98523
117,-16.4593,-3.85239,1.96655
117,-16.45,-2.29797,2.07683
117,-16.4399,-2.08506,2.05635
117,-16.4256,1.38515,2.36726
117,-16.3813,-2.09203,1.85868
117,-16.4661,-2.14257,2.00034
117,-16.529,-2.30256,2.1522
117,-16.5101,-2.08589,2.06064
117,-15.6884,4.41305,0.199125
117,-15.1835,-2.01628,-2.05999
117,-16.595,-2.12584,2.08458
117,-16.1581,2.72708,1.06366
117,-16.6277,3.24771,2.42431
117,-16.7071,1.43971,2.40312
117,-15.2908,-3.2755,-2.41234
117,-16.7121,3.30601,2.42696
117,-16.9378,-2.13604,2.48941
117,-16.6844,-0.958833,1.72904
117,-16.7809,-2.18007,1.885
117,-16.2802,3.82853,1.00613
117,-16.5326,-0.694981,1.11651
117,-15.8324,-1.41869,-1.14429
117,-15.8741,-1.59949,-1.10312
117,-15.5429,-1.85706,-2.11715
117,-16.7783,-0.787621,1.50592
117,-16.3711,4.33831,0.808755
117,-15.4254,-1.27216,-2.70344
117,-16.4219,4.13471,0.669089
117,-16.0514,-2.35335,-1.16523
117,-15.2465,0.934395,-3.22386
117,-15.519,-1.30701,-2.76441
117,-17.0897,-0.782042,-3.39155
115,-17.0897,-0.782042,-3.39155
117,-17.1467,0.43896,-1.37733
115,-17.1467,0.43896,-1.37733
117,-16.9284,0.379174,-0.932011
115,-16.9284,0.379174,-0.932011
117,-17.6231,2.55832,-0.0345123
115,-17.6231,2.55832,-0.0345123
117,-16.5517,-1.07244,-2.62106
115,-16.5517,-1.07244,-2.62106
117,-17.6228,2.208,-0.00986144
115,-17.6228,2.208,-0.00986144
117,-17.0368,0.714198,-0.261098
115,-17.0368,0.714198,-0.261098
117,-17.4578,0.828229,-0.204656
115,-17.4578,0.828229,-0.204656
117,-14.048,-1.17655,1.23277
115,-14.048,-1.17655,1.23277
117,-15.3918,-1.46342,-2.23059
115,-15.3918,-1.46342,-2.23059
117,-16.0287,0.220488,-3.40884
115,-16.0287,0.220488,-3.40884
117,-17.5219,2.16966,0.0107552
115,-17.5219,2.16966,0.0107552
117,-17.2924,1.62539,-4.02675
115,-17.2924,1.62539,-4.02675
117,-16.8857,2.27945,0.106465
115,-16.8857,2.27945,0.106465
117,-16.7607,2.72802,-1.6086
115,-16.7607,2.72802,-1.6086
117,-16.0945,0.924251,-2.411
115,-16.0945,0.924251,-2.411
117,-16.4932,1.0067,-2.65425
115,-16.4932,1.0067,-2.65425
117,-14.1663,-1.48859,0.440435
115,-14.1663,-1.48859,0.440435
117,-16.6567,2.71583,0.807605
115,-16.6567,2.71583,0.807605
117,-17.4909,-0.657648,-3.26473
115,-17.4909,-0.657648,-3.26473
117,-17.1065,0.387991,-0.982596
115,-17.1065,0.387991,-0.982596
117,-16.4138,2.89612,-1.55566
115,-16.4138,2.89612,-1.55566
117,-17.1891,1.24972,-0.338264
115,-17.1891,1.24972,-0.338264
117,-16.1835,2.46878,-0.379013
115,-16.1835,2.46878,-0.379013
117,-16.022,2.32036,-3.52825
115,-16.022,2.32036,-3.52825
117,-16.1282,-1.39617,-1.75734
115,-16.1282,-1.39617,-1.75734
117,-17.8261,2.0859,-0.239404
115,-17.8261,2.0859,-0.239404
117,-17.3774,-1.27362,2.5566
115,-17.3774,-1.27362,2.5566
117,-17.4739,2.44792,-4.08762
115,-17.4739,2.44792,-4.08762
117,-18.1825,2.52443,-4.73399
115,-18.1825,2.52443,-4.73399
117,-18.161,1.35828,-4.63366
115,-18.161,1.35828,-4.63366
117,-15.248,-2.23717,2.15195
115,-15.248,-2.23717,2.15195
117,-17.8659,0.855024,0.651762
115,-17.8659,0.855024,0.651762
117,-16.733,2.81265,-0.92929
115,-16.733,2.81265,-0.92929
117,-16.8846,0.717694,-0.328902
115,-16.8846,0.717694,-0.328902
117,-16.438,1.11546,0.879113
115,-16.438,1.11546,0.879113
117,-16.6778,2.06606,0.506196
115,-16.6778,2.06606,0.506196
117,-17.5341,-0.490461,2.60506
115,-17.5341,-0.490461,2.60506
117,-14.0429,-2.37537,0.69502
115,-14.0429,-2.37537,0.69502
117,-17.3782,2.9935,-0.720903
115,-17.3782,2.9935,-0.720903
117,-16.9133,1.8294,-1.4896
115,-16.9133,1.8294,-1.4896
117,-16.1751,3.02411,0.229303
115,-16.1751,3.02411,0.229303
117,-16.7165,1.9622,1.42943
115,-16.7165,1.9622,1.42943
117,-17.8748,-0.749486,-2.36671
115,-17.8748,-0.749486,-2.36671
117,-15.4111,-0.5959,1.82887
115,-15.4111,-0.5959,1.82887
117,-17.37,0.771213,-1.96788
115,-17.37,0.771213,-1.96788
117,-15.2445,-3.18731,1.85538
115,-15.2445,-3.18731,1.85538
117,-14.301,-0.0614954,0.536749
115,-14.301,-0.0614954,0.536749
117,-13.9864,-1.73397,1.49333
115,-13.9864,-1.73397,1.49333
117,-18.2501,-0.558315,-2.35358
115,-18.2501,-0.558315,-2.35358
117,-13.5504,-0.285897,0.25458
115,-13.5504,-0.285897,0.25458
117,-15.2426,-2.47902,1.93556
115,-15.2426,-2.47902,1.93556
117,-17.6614,-0.595455,-3.52039
115,-17.6614,-0.595455,-3.52039
117,-16.6555,0.904542,0.688493
115,-16.6555,0.904542,0.688493
117,-15.5298,-1.85182,0.863855
115,-15.5298,-1.85182,0.863855
117,-14.1074,-0.595545,0.376356
116,-14.1074,-0.595545,0.376356
117,-17.3149,1.18311,-4.01216
116,-17.3149,1.18311,-4.01216
117,-16.733,0.672389,0.984322
116,-16.733,0.672389,0.984322
117,-16.646,2.60699,-4.07248
116,-16.646,2.60699,-4.07248
117,-15.4067,2.84077,-0.683143
116,-15.4067,2.84077,-0.683143
117,-15.7127,1.95498,0.357219
116,-15.7127,1.95498,0.357219
117,-15.6218,2.52195,-3.22243
116,-15.6218,2.52195,-3.22243
117,-17.6716,2.38443,-0.0801044
116,-17.6716,2.38443,-0.0801044
117,-16.8528,2.12074,0.461776
116,-16.8528,2.12074,0.461776
117,-15.7757,-1.32183,-1.57678
116,-15.7757,-1.32183,-1.57678
117,-16.9347,2.08456,0.727755
116,-16.9347,2.08456,0.727755
117,-17.2516,2.89485,-0.147914
116,-17.2516,2.89485,-0.147914
117,-16.9196,2.73691,0.425244
116,-16.9196,2.73691,0.425244
117,-18.0125,0.680939,-2.45093
116,-18.0125,0.680939,-2.45093
117,-13.3338,-1.1315,0.640402
116,-13.3338,-1.1315,0.640402
117,-15.3279,2.55845,-2.80756
116,-15.3279,2.55845,-2.80756
117,-16.5983,1.72758,-1.13205
116,-16.5983,1.72758,-1.13205
117,-17.2231,3.22366,-1.74969
116,-17.2231,3.22366,-1.74969
117,-17.0502,0.592929,-0.33149
116,-17.0502,0.592929,-0.33149
117,-17.2475,0.531351,-0.0591426
116,-17.2475,0.531351,-0.0591426
117,-17.8189,2.05332,-4.16212
116,-17.8189,2.05332,-4.16212
117,-17.0016,3.54929,0.932951
116,-17.0016,3.54929,0.932951
117,-17.3482,2.94417,-0.171962
116,-17.3482,2.94417,-0.171962
117,-15.0608,-0.817331,1.73231
116,-15.0608,-0.817331,1.73231
117,-15.9139,-1.03466,-2.62423
116,-15.9139,-1.03466,-2.62423
117,-17.9677,3.53148,2.72269
116,-17.9677,3.53148,2.72269
117,-16.5602,2.91398,-3.12417
116,-16.5602,2.91398,-3.12417
117,-16.2481,-1.00366,2.27959
116,-16.2481,-1.00366,2.27959
117,-16.5137,0.647694,-1.13717
116,-16.5137,0.647694,-1.13717
117,-17.4988,2.81092,-0.129875
116,-17.4988,2.81092,-0.129875
117,-17.2033,-1.35067,2.36137
116,-17.2033,-1.35067,2.36137
117,-18.1525,1.1621,-0.683546
116,-18.1525,1.1621,-0.683546
117,-17.1377,0.507098,-0.0252014
116,-17.1377,0.507098,-0.0252014
117,-15.5894,2.68595,-3.01511
116,-15.5894,2.68595,-3.01511
117,-17.3762,0.265887,2.60303
116,-17.3762,0.265887,2.60303
117,-16.3881,-0.371558,1.87697
116,-16.3881,-0.371558,1.87697
117,-13.8243,-1.33207,0.831538
116,-13.8243,-1.33207,0.831538
117,-17.6218,4.34153,0.542958
116,-17.6218,4.34153,0.542958
117,-17.1297,3.63753,0.88811
116,-17.1297,3.63753,0.88811
117,-15.3042,-0.458432,-2.90617
116,-15.3042,-0.458432,-2.90617
117,-16.0395,1.78338,-3.08935
116,-16.0395,1.78338,-3.08935
117,-16.304,3.54466,-0.0377884
116,-16.304,3.54466,-0.0377884
117,-14.4042,-2.15708,0.589957
116,-14.4042,-2.15708,0.589957
117,-16.7615,3.4363,0.935111
116,-16.7615,3.4363,0.935111
117,-16.9363,0.38649,0.959417
116,-16.9363,0.38649,0.959417
117,-15.4357,-2.54874,2.24292
116,-15.4357,-2.54874,2.24292
117,-16.4682,3.36639,-1.09988
116,-16.4682,3.36639,-1.09988
117,-16.7835,-0.64298,-1.49744
116,-16.7835,-0.64298,-1.49744
117,-17.9008,1.91942,-2.10078
116,-17.9008,1.91942,-2.10078
117,-17.6798,-0.887127,-3.26813
116,-17.6798,-0.887127,-3.26813
117,-15.8388,2.97959,-0.830029
116,-15.8388,2.97959,-0.830029
117,-17.5604,2.55388,0.00309372
116,-17.5604,2.55388,0.00309372
117,-16.8402,2.00902,1.37165
116,-16.8402,2.00902,1.37165
117,-17.7402,3.31051,-2.74518
116,-17.7402,3.31051,-2.74518
117,-18.6167,0.821047,0.470183
114,-18.6167,0.821047,0.470183
117,-16.152,-0.451566,-3.52542
114,-16.152,-0.451566,-3.52542
117,-13.8977,-1.22817,0.471905
114,-13.8977,-1.22817,0.471905
117,-17.0274,0.614351,-1.63211
114,-17.0274,0.614351,-1.63211
117,-17.2805,1.68593,-1.98671
114,-17.2805,1.68593,-1.98671
117,-15.5438,2.57309,-3.31539
114,-15.5438,2.57309,-3.31539
117,-18.1323,1.32817,-0.503389
114,-18.1323,1.32817,-0.503389
117,-17.2209,-0.567055,-1.75894
114,-17.2209,-0.567055,-1.75894
117,-17.8017,2.05321,-0.200679
114,-17.8017,2.05321,-0.200679
117,-14.074,-1.02266,1.43417
114,-14.074,-1.02266,1.43417
117,-15.97,-0.496995,-3.4671
114,-15.97,-0.496995,-3.4671
117,-17.828,2.05777,-4.16367
114,-17.828,2.05777,-4.16367
117,-13.8841,-1.22816,0.476346
114,-13.8841,-1.22816,0.476346
117,-17.9996,1.6527,-2.32106
114,-17.9996,1.6527,-2.32106
117,-17.4289,-0.286504,1.09282
114,-17.4289,-0.286504,1.09282
117,-18.2454,-0.292684,1.07998
114,-18.2454,-0.292684,1.07998
117,-16.9236,1.75774,-1.74059
113,-16.9236,1.75774,-1.74059
117,-17.0162,0.583309,-1.48238
113,-17.0162,0.583309,-1.48238
117,-17.1194,0.395096,0.713439
113,-17.1194,0.395096,0.713439
117,-17.1015,0.590034,-1.51125
113,-17.1015,0.590034,-1.51125
117,-17.0705,1.45013,-1.3287
113,-17.0705,1.45013,-1.3287
117,-17.0394,0.166957,-2.31398
113,-17.0394,0.166957,-2.31398
117,-16.4328,-1.33731,-2.4819
111,-16.4328,-1.33731,-2.4819
117,-16.8225,-1.4814,-2.43217
111,-16.8225,-1.4814,-2.43217
117,-17.506,-0.288668,1.03237
111,-17.506,-0.288668,1.03237
117,-17.0787,2.08419,1.17335
111,-17.0787,2.08419,1.17335
117,-14.0639,-1.98616,1.55203
111,-14.0639,-1.98616,1.55203
117,-17.519,2.44873,-4.14541
112,-17.519,2.44873,-4.14541
117,-16.5114,-0.865071,-2.54837
112,-16.5114,-0.865071,-2.54837
117,-17.3374,-0.575649,-1.81361
112,-17.3374,-0.575649,-1.81361
117,-17.3333,1.54117,-1.13293
112,-17.3333,1.54117,-1.13293
117,-17.3362,2.16302,1.43323
112,-17.3362,2.16302,1.43323
117,-17.2931,2.1504,1.43109
112,-17.2931,2.1504,1.43109
117,-17.7589,3.3049,0.541278
112,-17.7589,3.3049,0.541278
117,-17.3093,0.777163,-1.13916
109,-17.3093,0.777163,-1.13916
117,-17.812,1.57525,-4.42901
109,-17.812,1.57525,-4.42901
117,-17.4209,2.49449,0.0247339
109,-17.4209,2.49449,0.0247339
117,-17.3287,3.96893,-1.62135
107,-17.3287,3.96893,-1.62135
117,-17.2388,4.88982,-4.57552
107,-17.2388,4.88982,-4.57552
117,-17.0139,2.71816,-1.64365
104,-17.0139,2.71816,-1.64365
117,-16.9608,3.5489,-1.02537
100,-16.9608,3.5489,-1.02537
117,-16.9516,3.54511,-1.02461
100,-16.9516,3.54511,-1.02461
117,-17.0907,1.88585,-1.76525
100,-17.0907,1.88585,-1.76525
117,-16.9534,3.34457,0.922683
106,-16.9534,3.34457,0.922683
118,-13.4672,-1.5922,0.643639
118,-13.84,-1.90611,1.48641
118,-13.9332,-1.7811,1.47272
118,-14.0206,-1.55558,1.44863
118,-13.7743,-1.29519,0.864056
118,-13.9939,-1.17141,1.43068
118,-14.0694,-1.57275,1.44255
118,-13.988,-1.50938,1.18129
118,-14.2377,-1.69529,1.4374
118,-13.863,-0.799316,0.442916
118,-14.5951,-0.919231,1.44688
118,-14.5996,-0.836215,1.46297
118,-14.1241,-2.06142,-0.320348
118,-14.3195,-0.421399,0.370284
118,-14.8531,-0.764959,1.43685
118,-14.414,-0.427368,0.348098
118,-14.7014,-0.184226,0.815565
118,-14.5267,0.0119542,0.392807
118,-14.5368,0.00242648,0.390085
118,-14.7671,-0.317186,0.888868
118,-14.822,-0.314157,0.880971
118,-14.6568,0.0214253,0.481555
118,-14.6335,-0.00901622,0.35752
118,-15.4244,-2.25961,1.81881
118,-14.5819,-0.097069,-0.000918269
118,-14.6803,-1.12802,-0.281625
118,-14.9236,3.82632,0.700273
118,-15.9295,-1.4414,1.87404
118,-15.7381,-0.653481,1.19147
118,-15.6077,-1.21317,0.657689
118,-15.3362,4.1909,0.601551
118,-15.0293,4.43162,-0.172912
118,-16.6557,-2.14727,2.06662
118,-16.068,-1.28702,0.571196
118,-15.7025,-2.21265,-0.971648
118,-15.575,-1.05027,-1.16151
118,-15.7705,3.90532,0.687253
118,-15.5897,-0.824503,-1.11425
118,-16.2885,-1.31466,0.517524
118,-15.6175,4.31655,0.224272
118,-16.7932,1.47768,2.39927
118,-15.8961,0.0903499,-0.42009
118,-15.7765,-0.8022,-1.0099
118,-15.5015,-1.91312,-2.11078
118,-15.8923,-0.781634,-0.851373
118,-15.9717,4.06752,0.657877
118,-16.2219,4.99604,1.54198
118,-16.2326,4.99243,1.55065
118,-15.8076,-1.08048,-1.28801
118,-16.6246,0.428475,1.26573
118,-15.8084,4.47582,0.17022
118,-16.3356,2.8171,1.07089
118,-15.5819,-3.42556,-2.64682
118,-14.8055,4.57637,-2.58013
118,-17.0481,1.12518,2.36816
118,-15.8261,-1.21289,-1.47795
118,-14.828,4.55221,-2.59093
118,-16.3932,2.83999,1.05932
118,-17.1673,1.03568,2.43337
118,-15.0242,1.87009,-3.09395
118,-16.5156,5.13888,1.6727
118,-16.6923,-1.07745,0.454065
118,-15.5199,-1.28659,-2.73679
118,-17.284,-1.2556,1.89346
118,-16.1376,3.38063,0.120501
118,-16.5261,3.03668,0.985968
118,-16.1221,3.39341,-0.00791228
118,-14.9672,4.69735,-2.73358
118,-16.1836,3.43814,-0.0169387
118,-18.0214,3.39058,0.822225
117,-18.0214,3.39058,0.822225
118,-16.8922,0.697356,-1.28075
117,-16.8922,0.697356,-1.28075
118,-15.7032,1.99376,-3.30668
117,-15.7032,1.99376,-3.30668
118,-16.4446,2.19993,-3.61585
117,-16.4446,2.19993,-3.61585
118,-16.5371,2.57157,-0.952406
117,-16.5371,2.57157,-0.952406
118,-16.9757,0.418413,-1.29722
117,-16.9757,0.418413,-1.29722
118,-16.6257,-1.4526,-2.05387
117,-16.6257,-1.4526,-2.05387
118,-16.5544,1.63295,-1.75819
117,-16.5544,1.63295,-1.75819
118,-17.1656,1.82431,-1.84938
117,-17.1656,1.82431,-1.84938
118,-16.3022,-0.130095,-3.60503
117,-16.3022,-0.130095,-3.60503
118,-13.7259,-0.572592,0.505199
117,-13.7259,-0.572592,0.505199
118,-17.4934,0.755284,0.615904
117,-17.4934,0.755284,0.615904
118,-17.8611,0.881163,-0.290322
117,-17.8611,0.881163,-0.290322
118,-16.9711,1.10925,-2.96554
117,-16.9711,1.10925,-2.96554
118,-17.2242,2.31809,-1.03015
117,-17.2242,2.31809,-1.03015
118,-16.3986,3.18975,-1.90793
117,-16.3986,3.18975,-1.90793
118,-16.5584,1.69892,-1.11539
117,-16.5584,1.69892,-1.11539
118,-18.9774,3.61657,-3.27205
117,-18.9774,3.61657,-3.27205
118,-16.8357,-1.49104,-2.65142
117,-16.8357,-1.49104,-2.65142
118,-15.9554,2.60289,-3.70464
117,-15.9554,2.60289,-3.70464
118,-15.9523,2.4719,-3.22607
117,-15.9523,2.4719,-3.22607
118,-17.2482,-0.0622802,-3.80598
117,-17.2482,-0.0622802,-3.80598
118,-16.9647,3.52712,-0.010769
117,-16.9647,3.52712,-0.010769
118,-15.6045,-0.14969,-3.02119
117,-15.6045,-0.14969,-3.02119
118,-16.6153,2.95497,-3.17984
117,-16.6153,2.95497,-3.17984
118,-17.626,4.27972,-3.39953
117,-17.626,4.27972,-3.39953
118,-16.8824,3.18763,0.416469
117,-16.8824,3.18763,0.416469
118,-16.8116,3.2678,0.947999
117,-16.8116,3.2678,0.947999
118,-16.616,0.334415,-0.792595
117,-16.616,0.334415,-0.792595
118,-16.6326,2.65803,-0.4767
117,-16.6326,2.65803,-0.4767
118,-17.315,2.43374,0.0372442
117,-17.315,2.43374,0.0372442
118,-15.9124,3.45445,-3.67164
117,-15.9124,3.45445,-3.67164
118,-17.0624,2.27055,1.90996
117,-17.0624,2.27055,1.90996
118,-16.9737,4.82702,-0.333537
117,-16.9737,4.82702,-0.333537
118,-16.983,2.59073,-2.0863
117,-16.983,2.59073,-2.0863
118,-16.917,3.17825,0.406633
117,-16.917,3.17825,0.406633
118,-17.0102,3.48655,-2.24023
117,-17.0102,3.48655,-2.24023
118,-16.8217,4.19832,0.947741
117,-16.8217,4.19832,0.947741
118,-16.4848,2.30562,-3.9826
117,-16.4848,2.30562,-3.9826
118,-17.1748,4.92027,-3.36333
117,-17.1748,4.92027,-3.36333
118,-17.567,-0.0624277,-4.03525
117,-17.567,-0.0624277,-4.03525
118,-14.1622,-1.41398,0.761263
117,-14.1622,-1.41398,0.761263
118,-17.4388,3.13806,0.592313
117,-17.4388,3.13806,0.592313
118,-15.7466,4.56782,-2.98793
117,-15.7466,4.56782,-2.98793
118,-16.9747,2.9189,-0.989654
117,-16.9747,2.9189,-0.989654
118,-16.2989,4.85798,-3.68221
117,-16.2989,4.85798,-3.68221
118,-15.8799,5.15011,-2.85327
117,-15.8799,5.15011,-2.85327
118,-16.0951,0.774611,-0.0786754
117,-16.0951,0.774611,-0.0786754
118,-16.2722,2.46959,-3.69447
117,-16.2722,2.46959,-3.69447
118,-19.2783,7.29681,-4.0004
117,-19.2783,7.29681,-4.0004
118,-15.686,3.76364,-3.22844
117,-15.686,3.76364,-3.22844
118,-16.9992,5.72126,-3.55353
117,-16.9992,5.72126,-3.55353
118,-17.5068,2.12568,0.00838029
117,-17.5068,2.12568,0.00838029
118,-14.4879,-1.45574,1.1444
117,-14.4879,-1.45574,1.1444
118,-18.6356,6.75782,-3.64131
117,-18.6356,6.75782,-3.64131
118,-17.3507,5.05226,-3.46663
117,-17.3507,5.05226,-3.46663
118,-17.5318,6.18405,-3.97268
117,-17.5318,6.18405,-3.97268
118,-17.0254,1.96722,0.100376
117,-17.0254,1.96722,0.100376
118,-15.8284,-0.279048,1.24342
117,-15.8284,-0.279048,1.24342
118,-17.0305,3.64573,-2.17103
117,-17.0305,3.64573,-2.17103
118,-16.8594,5.03768,-0.29152
117,-16.8594,5.03768,-0.29152
118,-17.0701,5.75562,-3.627
117,-17.0701,5.75562,-3.627
118,-17.2956,1.78402,-1.84363
117,-17.2956,1.78402,-1.84363
118,-16.8001,-0.793279,1.50756
117,-16.8001,-0.793279,1.50756
118,-15.9375,3.90842,-1.34121
117,-15.9375,3.90842,-1.34121
118,-14.7422,3.12667,0.347193
117,-14.7422,3.12667,0.347193
118,-16.4061,4.41886,-2.83681
117,-16.4061,4.41886,-2.83681
118,-17.7781,1.57688,-4.36462
116,-17.7781,1.57688,-4.36462
118,-16.9616,2.70141,-1.62504
116,-16.9616,2.70141,-1.62504
118,-17.0716,2.72875,-1.3732
116,-17.0716,2.72875,-1.3732
118,-17.1571,-0.571001,-1.73426
116,-17.1571,-0.571001,-1.73426
118,-17.4984,2.11022,0.659824
116,-17.4984,2.11022,0.659824
118,-17.1029,2.65386,-3.81348
116,-17.1029,2.65386,-3.81348
118,-16.2821,2.60609,-0.751645
116,-16.2821,2.60609,-0.751645
118,-16.5479,0.667571,-0.84761
116,-16.5479,0.667571,-0.84761
118,-16.5929,0.675763,-0.864857
116,-16.5929,0.675763,-0.864857
118,-17.2433,2.70823,-3.91679
116,-17.2433,2.70823,-3.91679
118,-16.3272,2.77045,-2.79027
116,-16.3272,2.77045,-2.79027
118,-15.2653,-0.918504,1.76727
116,-15.2653,-0.918504,1.76727
118,-17.3398,1.95546,-1.90234
116,-17.3398,1.95546,-1.90234
118,-15.4598,0.259117,0.504138
116,-15.4598,0.259117,0.504138
118,-16.2872,-0.801406,-2.58501
116,-16.2872,-0.801406,-2.58501
118,-16.1805,-0.616422,-2.40477
116,-16.1805,-0.616422,-2.40477
118,-15.3786,-0.270865,-3.01145
116,-15.3786,-0.270865,-3.01145
118,-17.4809,1.39211,-0.432358
116,-17.4809,1.39211,-0.432358
118,-16.2705,2.75988,-2.82697
116,-16.2705,2.75988,-2.82697
118,-17.2642,1.89358,-0.182745
116,-17.2642,1.89358,-0.182745
118,-20.0295,2.10704,-4.31972
115,-20.0295,2.10704,-4.31972
118,-19.5424,2.22584,-4.11447
115,-19.5424,2.22584,-4.11447
118,-17.0337,1.22562,-4.09993
115,-17.0337,1.22562,-4.09993
118,-14.1455,-1.03013,1.43508
115,-14.1455,-1.03013,1.43508
118,-18.037,1.21953,0.523431
115,-18.037,1.21953,0.523431
118,-14.2558,-0.0155243,0.552139
115,-14.2558,-0.0155243,0.552139
118,-15.5185,-0.730146,-3.25518
115,-15.5185,-0.730146,-3.25518
118,-13.9743,-1.85126,1.12489
115,-13.9743,-1.85126,1.12489
118,-15.5315,-0.55507,-3.54046
114,-15.5315,-0.55507,-3.54046
118,-17.577,0.924916,-0.340117
114,-17.577,0.924916,-0.340117
118,-15.9589,2.73667,-3.47263
114,-15.9589,2.73667,-3.47263
118,-15.8357,2.91229,-3.28792
114,-15.8357,2.91229,-3.28792
118,-14.0497,-0.198607,0.51531
114,-14.0497,-0.198607,0.51531
118,-18.0655,-0.176565,-2.49727
114,-18.0655,-0.176565,-2.49727
118,-17.2312,-0.563036,-1.7626
114,-17.2312,-0.563036,-1.7626
118,-17.1491,0.736699,-1.68061
114,-17.1491,0.736699,-1.68061
118,-15.6944,1.62116,-3.7582
114,-15.6944,1.62116,-3.7582
118,-17.8479,1.53516,-4.39871
114,-17.8479,1.53516,-4.39871
118,-17.4232,2.46808,-4.04315
114,-17.4232,2.46808,-4.04315
118,-17.7706,-0.596915,-1.96071
114,-17.7706,-0.596915,-1.96071
118,-16.7778,2.81055,-0.888159
114,-16.7778,2.81055,-0.888159
118,-17.3081,0.739111,-0.536036
112,-17.3081,0.739111,-0.536036
118,-17.357,0.647135,-1.35844
112,-17.357,0.647135,-1.35844
118,-15.7949,2.91852,-3.51875
112,-15.7949,2.91852,-3.51875
118,-16.9542,3.12437,-1.70952
112,-16.9542,3.12437,-1.70952
118,-16.0195,-1.54366,-3.16508
112,-16.0195,-1.54366,-3.16508
118,-17.6234,2.3305,-4.30805
113,-17.6234,2.3305,-4.30805
118,-16.1325,-1.63211,-2.66168
113,-16.1325,-1.63211,-2.66168
118,-18.8397,3.94132,-4.17244
111,-18.8397,3.94132,-4.17244
118,-18.0141,0.907308,-0.338373
111,-18.0141,0.907308,-0.338373
118,-17.3321,1.30871,0.753494
109,-17.3321,1.30871,0.753494
118,-17.1127,1.63855,-1.60509
104,-17.1127,1.63855,-1.60509
118,-17.1857,2.29315,-0.996509
104,-17.1857,2.29315,-0.996509
118,-20.0626,3.70874,-4.40877
107,-20.0626,3.70874,-4.40877
118,-17.454,-1.29552,0.23698
106,-17.454,-1.29552,0.23698
118,-17.1013,1.80137,-1.30585
106,-17.1013,1.80137,-1.30585
118,-17.8805,1.17312,-0.385967
106,-17.8805,1.17312,-0.385967
119,-13.6162,-1.58202,0.884507
119,-13.9643,-1.79326,1.46789
119,-14.0181,-1.76498,1.46185
119,-14.0348,-1.95882,1.33791
119,-13.8721,-1.31853,0.846473
119,-13.7201,-0.990998,0.517258
119,-13.8332,-1.40909,0.547379
119,-13.7925,-1.01139,0.491314
119,-13.7954,-1.00897,0.493586
119,-13.9637,-1.34858,0.805934
119,-13.8591,-0.798269,0.436247
119,-14.2381,-1.39816,1.16966
119,-13.8893,-0.803986,0.429822
119,-13.9301,-0.815598,0.412902
119,-14.2925,-1.05023,1.22679
119,-14.3388,-1.06058,1.23466
119,-14.0228,-0.601756,0.368715
119,-14.4401,-1.00971,1.2543
119,-13.9923,-2.01787,-0.279537
119,-14.5016,-1.04063,1.24372
119,-14.1152,-0.623086,0.370012
119,-14.641,-0.848093,1.43104
119,-14.6632,-0.802337,1.45817
119,-14.6758,-0.858485,1.45121
119,-14.1763,-0.841643,-0.0802149
119,-14.3122,-0.929407,-0.128262
119,-14.6956,-0.17343,0.803946
119,-14.5208,-0.0878262,0.334061
119,-14.5752,-0.0708967,0.429589
119,-14.7028,-1.13761,-0.310883
119,-14.628,4.16289,1.2535
119,-15.6974,-1.47352,1.80544
119,-14.5314,4.12787,0.471616
119,-14.6818,3.86837,0.690017
119,-14.7511,3.92918,0.679612
119,-14.9368,-2.23551,-0.946933
119,-15.9496,-1.37181,1.99814
119,-15.8339,-0.62446,1.82146
119,-15.9478,-0.593609,2.01365
119,-15.0197,-2.1523,-0.948357
119,-15.9322,-0.570751,1.97873
119,-16.2301,-2.24459,2.06281
119,-15.7046,-0.655879,1.19908
119,-16.2391,-1.46027,2.01684
119,-16.2233,-1.36764,1.86832
119,-15.1624,4.05988,0.66301
119,-15.4352,-2.1212,-0.818547
119,-16.593,-2.13864,2.05423
119,-15.9143,-0.591758,0.718747
119,-16.2064,-0.645739,1.43612
119,-15.2899,4.13946,0.618397
119,-15.9532,-0.973532,0.609799
119,-16.2812,-0.658451,1.49124
119,-15.5841,-2.17014,-0.876138
119,-15.0559,4.44658,-0.16925
119,-15.4685,-0.816229,-1.03206
119,-15.2946,-1.84737,-2.00274
119,-15.1515,4.55757,-0.216205
119,-15.158,4.57,-0.211421
119,-15.6669,-1.53611,-1.03675
119,-15.594,-0.809856,-1.08034
119,-16.4682,-0.604493,1.01726
119,-16.8239,-0.401111,1.89001
119,-15.4798,-2.80828,-2.56707
119,-17.1733,-1.33246,2.36229
119,-16.9593,-1.15561,1.78406
119,-15.513,-2.52509,-2.71914
119,-17.325,-1.09933,2.38497
119,-16.9727,-0.753237,1.45848
119,-17.2751,-1.22594,2.03339
119,-16.857,2.86709,2.3223
119,-16.7753,-0.511066,0.958284
119,-15.4751,-1.29828,-2.7649
119,-17.2759,0.520742,2.43269
119,-17.2764,0.528862,2.4327
119,-15.0263,1.81634,-3.13316
119,-16.5673,0.359845,0.342332
119,-15.6179,-0.874343,-2.56553
119,-14.8703,5.04974,-2.56535
119,-16.3462,2.84306,0.530934
119,-16.285,0.251394,-0.572949
119,-17.2425,-0.483006,1.65708
119,-16.1255,3.32223,-0.0272303
119,-17.1397,2.986,2.4086
119,-16.0951,0.757211,-1.11004
119,-17.4022,2.73446,-0.102461
118,-17.4022,2.73446,-0.102461
119,-19.0747,3.65419,-3.34237
118,-19.0747,3.65419,-3.34237
119,-17.2963,2.95082,-1.85168
118,-17.2963,2.95082,-1.85168
119,-17.2401,3.26532,-1.85079
118,-17.2401,3.26532,-1.85079
119,-16.2662,0.357901,0.316527
118,-16.2662,0.357901,0.316527
119,-15.2032,-0.552235,-2.91496
118,-15.2032,-0.552235,-2.91496
119,-17.4874,0.468035,-1.52393
118,-17.4874,0.468035,-1.52393
119,-17.42,1.01063,-0.51076
118,-17.42,1.01063,-0.51076
119,-14.9881,2.34035,-3.22961
118,-14.9881,2.34035,-3.22961
119,-15.8047,2.73854,-3.87069
118,-15.8047,2.73854,-3.87069
119,-16.5655,0.69945,0.0446744
118,-16.5655,0.69945,0.0446744
119,-17.1747,3.16884,-1.52058
118,-17.1747,3.16884,-1.52058
119,-17.0756,2.94852,-1.64971
118,-17.0756,2.94852,-1.64971
119,-17.3736,0.105907,-3.31494
118,-17.3736,0.105907,-3.31494
119,-15.6792,-0.258337,-3.28109
118,-15.6792,-0.258337,-3.28109
119,-16.5065,-0.131859,-3.80631
118,-16.5065,-0.131859,-3.80631
119,-16.535,0.258066,-4.08442
118,-16.535,0.258066,-4.08442
119,-16.4831,-0.294058,-0.966331
118,-16.4831,-0.294058,-0.966331
119,-17.2195,0.392677,-1.03712
118,-17.2195,0.392677,-1.03712
119,-17.3973,3.0578,0.712539
118,-17.3973,3.0578,0.712539
119,-17.0246,3.55583,0.926433
118,-17.0246,3.55583,0.926433
119,-17.0674,2.84982,-0.635589
118,-17.0674,2.84982,-0.635589
119,-16.8744,3.37301,0.0420196
118,-16.8744,3.37301,0.0420196
119,-17.2522,2.13682,1.41951
118,-17.2522,2.13682,1.41951
119,-17.9791,4.58843,0.510439
118,-17.9791,4.58843,0.510439
119,-16.853,4.23977,0.937856
118,-16.853,4.23977,0.937856
119,-17.8148,1.27621,-4.39435
118,-17.8148,1.27621,-4.39435
119,-17.0842,3.32538,-1.47406
118,-17.0842,3.32538,-1.47406
119,-17.4303,4.00552,-1.35999
118,-17.4303,4.00552,-1.35999
119,-17.119,3.62105,-1.19118
118,-17.119,3.62105,-1.19118
119,-16.8574,1.7835,-0.958414
118,-16.8574,1.7835,-0.958414
119,-16.0152,0.887904,-1.76794
118,-16.0152,0.887904,-1.76794
119,-17.2468,4.92378,-4.2288
118,-17.2468,4.92378,-4.2288
119,-17.1456,4.88628,-3.35231
118,-17.1456,4.88628,-3.35231
119,-16.9719,4.64267,-4.34295
118,-16.9719,4.64267,-4.34295
119,-17.9208,4.54523,0.520246
118,-17.9208,4.54523,0.520246
119,-16.9235,3.82527,0.77848
118,-16.9235,3.82527,0.77848
119,-17.1732,2.92704,-1.39123
118,-17.1732,2.92704,-1.39123
119,-15.5111,2.52535,-2.91611
118,-15.5111,2.52535,-2.91611
119,-15.6348,0.215427,-3.20917
118,-15.6348,0.215427,-3.20917
119,-17.1683,0.261399,0.958739
118,-17.1683,0.261399,0.958739
119,-17.016,-0.554103,-1.65787
118,-17.016,-0.554103,-1.65787
119,-17.1913,1.28174,0.778778
118,-17.1913,1.28174,0.778778
119,-16.5937,5.06183,-4.65146
118,-16.5937,5.06183,-4.65146
119,-16.8886,3.44796,-2.17926
118,-16.8886,3.44796,-2.17926
119,-15.8421,2.96681,-3.86059
118,-15.8421,2.96681,-3.86059
119,-17.2117,2.92642,-0.680224
118,-17.2117,2.92642,-0.680224
119,-16.4054,0.956291,-2.00194
118,-16.4054,0.956291,-2.00194
119,-17.2507,2.43171,0.0565627
118,-17.2507,2.43171,0.0565627
119,-17.3237,4.96543,-4.27494
118,-17.3237,4.96543,-4.27494
119,-15.9337,-1.57387,-2.32629
118,-15.9337,-1.57387,-2.32629
119,-17.4032,4.08352,0.5905
118,-17.4032,4.08352,0.5905
119,-17.9338,-1.48058,-3.12258
118,-17.9338,-1.48058,-3.12258
119,-15.9492,0.337365,0.38036
118,-15.9492,0.337365,0.38036
119,-15.7262,-0.888843,-2.64396
118,-15.7262,-0.888843,-2.64396
119,-16.2268,3.37041,-0.05758
118,-16.2268,3.37041,-0.05758
119,-15.588,4.93281,-3.1607
118,-15.588,4.93281,-3.1607
119,-17.8192,5.50182,2.56647
118,-17.8192,5.50182,2.56647
119,-17.4465,3.05587,0.718927
118,-17.4465,3.05587,0.718927
119,-16.8539,4.1812,0.950894
118,-16.8539,4.1812,0.950894
119,-16.3365,0.358229,-1.33897
118,-16.3365,0.358229,-1.33897
119,-16.339,5.08749,-3.47196
118,-16.339,5.08749,-3.47196
119,-16.6312,5.02904,-3.00179
118,-16.6312,5.02904,-3.00179
119,-16.0705,0.334229,0.12572
118,-16.0705,0.334229,0.12572
119,-17.4213,0.812645,-0.157052
118,-17.4213,0.812645,-0.157052
119,-17.493,4.91145,-1.21174
118,-17.493,4.91145,-1.21174
119,-19.5504,8.48552,-3.8509
118,-19.5504,8.48552,-3.8509
119,-15.7379,5.77637,-3.09574
118,-15.7379,5.77637,-3.09574
119,-16.9986,4.48289,0.264128
118,-16.9986,4.48289,0.264128
119,-19.265,8.32734,-3.6495
118,-19.265,8.32734,-3.6495
119,-17.0101,3.81456,0.998068
118,-17.0101,3.81456,0.998068
119,-16.817,5.8422,0.828441
118,-16.817,5.8422,0.828441
119,-17.2773,2.04477,0.0539451
118,-17.2773,2.04477,0.0539451
119,-17.5216,2.53157,0.0018779
118,-17.5216,2.53157,0.0018779
119,-17.3807,0.453178,-1.81592
118,-17.3807,0.453178,-1.81592
119,-17.3692,0.222714,0.919539
118,-17.3692,0.222714,0.919539
119,-17.1858,0.403926,0.910921
118,-17.1858,0.403926,0.910921
119,-17.3282,4.80655,-2.23983
118,-17.3282,4.80655,-2.23983
119,-16.3398,5.58273,-1.94694
118,-16.3398,5.58273,-1.94694
119,-17.6097,1.19404,-3.30226
118,-17.6097,1.19404,-3.30226
119,-16.7289,-0.537686,-1.43211
118,-16.7289,-0.537686,-1.43211
119,-16.6285,4.61353,0.835777
118,-16.6285,4.61353,0.835777
119,-17.3222,0.33873,0.896528
118,-17.3222,0.33873,0.896528
119,-16.8109,4.30926,0.964393
118,-16.8109,4.30926,0.964393
119,-15.8701,5.14463,-1.66953
118,-15.8701,5.14463,-1.66953
119,-15.252,2.68565,-0.523817
118,-15.252,2.68565,-0.523817
119,-16.5805,4.78689,0.78174
118,-16.5805,4.78689,0.78174
119,-17.2615,1.96243,0.457596
118,-17.2615,1.96243,0.457596
119,-16.6812,4.25171,0.243714
118,-16.6812,4.25171,0.243714
119,-17.4677,0.403086,0.92951
118,-17.4677,0.403086,0.92951
119,-16.4566,3.42546,-1.20729
117,-16.4566,3.42546,-1.20729
119,-17.8656,2.0398,-0.19991
117,-17.8656,2.0398,-0.19991
119,-15.7756,2.55598,-3.75867
117,-15.7756,2.55598,-3.75867
119,-16.3185,3.17467,0.153057
117,-16.3185,3.17467,0.153057
119,-17.1259,0.720812,-0.486801
117,-17.1259,0.720812,-0.486801
119,-16.5552,-0.636581,-3.29097
117,-16.5552,-0.636581,-3.29097
119,-16.328,-1.31811,-2.39001
117,-16.328,-1.31811,-2.39001
119,-17.2465,-0.578562,-1.76032
117,-17.2465,-0.578562,-1.76032
119,-16.8562,3.56098,0.706052
117,-16.8562,3.56098,0.706052
119,-15.7547,2.87487,-3.21772
117,-15.7547,2.87487,-3.21772
119,-16.8651,1.60394,-0.982783
117,-16.8651,1.60394,-0.982783
119,-16.7179,1.52687,-1.69167
117,-16.7179,1.52687,-1.69167
119,-16.9088,3.04142,-1.39403
117,-16.9088,3.04142,-1.39403
119,-16.8997,2.01762,1.44206
117,-16.8997,2.01762,1.44206
119,-17.0667,1.79544,-1.40923
117,-17.0667,1.79544,-1.40923
119,-17.5707,3.10601,-4.20496
117,-17.5707,3.10601,-4.20496
119,-16.2928,-1.31336,-2.36656
117,-16.2928,-1.31336,-2.36656
119,-17.8651,-0.268473,-3.88241
117,-17.8651,-0.268473,-3.88241
119,-16.5418,-0.27268,-3.24607
117,-16.5418,-0.27268,-3.24607
119,-15.9254,2.85032,-3.2908
117,-15.9254,2.85032,-3.2908
119,-18.4879,1.37997,-3.87827
117,-18.4879,1.37997,-3.87827
119,-15.2661,3.80379,0.187421
117,-15.2661,3.80379,0.187421
119,-16.7918,1.97926,1.19434
117,-16.7918,1.97926,1.19434
119,-16.5842,0.310082,0.684127
117,-16.5842,0.310082,0.684127
119,-17.1365,1.24284,-3.80844
117,-17.1365,1.24284,-3.80844
119,-15.7483,-0.696532,-2.93239
117,-15.7483,-0.696532,-2.93239
119,-17.7717,2.81036,-0.189939
116,-17.7717,2.81036,-0.189939
119,-17.5662,2.06561,-0.0880639
116,-17.5662,2.06561,-0.0880639
119,-17.8709,2.25389,-0.0770425
116,-17.8709,2.25389,-0.0770425
119,-17.07,1.24335,-0.343017
116,-17.07,1.24335,-0.343017
119,-17.8337,0.179835,-4.3032
116,-17.8337,0.179835,-4.3032
119,-16.8217,1.28072,1.01949
116,-16.8217,1.28072,1.01949
119,-17.1289,3.59543,0.440795
116,-17.1289,3.59543,0.440795
119,-17.3279,1.96971,1.91426
116,-17.3279,1.96971,1.91426
119,-17.522,2.50955,-4.13621
116,-17.522,2.50955,-4.13621
119,-16.6268,0.690324,-1.45776
116,-16.6268,0.690324,-1.45776
119,-17.0583,0.583847,0.680388
116,-17.0583,0.583847,0.680388
119,-18.5868,4.90564,0.424929
116,-18.5868,4.90564,0.424929
119,-16.6753,3.27455,0.127305
116,-16.6753,3.27455,0.127305
119,-17.0365,1.50725,-1.36302
115,-17.0365,1.50725,-1.36302
119,-16.9925,0.138667,1.01263
115,-16.9925,0.138667,1.01263
119,-16.1244,-1.28173,-2.22802
115,-16.1244,-1.28173,-2.22802
119,-16.9739,0.429084,0.142327
115,-16.9739,0.429084,0.142327
119,-17.5721,3.10522,0.732953
115,-17.5721,3.10522,0.732953
119,-17.3017,0.650661,0.915817
112,-17.3017,0.650661,0.915817
119,-17.1918,2.22747,0.427509
112,-17.1918,2.22747,0.427509
119,-17.988,1.57747,-4.50197
113,-17.988,1.57747,-4.50197
119,-17.3303,0.398813,-1.19129
111,-17.3303,0.398813,-1.19129
119,-17.2948,0.323728,0.899715
111,-17.2948,0.323728,0.899715
119,-17.0179,2.73458,-1.01556
109,-17.0179,2.73458,-1.01556
119,-17.0976,1.32599,0.981773
104,-17.0976,1.32599,0.981773
120,-14.111,-1.34915,1.18877
120,-13.9374,-1.44078,0.567803
120,-14.0654,-1.38178,0.791724
120,-13.8261,-1.93074,-0.160787
120,-13.8906,-0.777322,0.431761
120,-13.924,-0.817831,0.442309
120,-14.2242,-0.603906,0.341966
120,-14.5783,-0.169426,0.851532
120,-14.3992,-0.964645,-0.159792
120,-14.2358,3.80941,1.61518
120,-14.6206,-0.132173,0.806538
120,-14.3651,3.95703,1.60787
120,-14.4208,4.00191,1.6019
120,-15.1126,-0.773867,1.19595
120,-14.6721,-1.03386,-0.280497
120,-14.6788,-1.04257,-0.278347
120,-15.2304,-0.79976,1.21046
120,-14.7078,-0.0252741,0.029155
120,-14.715,-0.00826745,0.0330315
120,-14.7498,0.0134516,0.0423185
120,-15.2011,-0.968055,0.711965
120,-15.8855,-1.42836,1.88734
120,-15.75,-0.627117,1.83274
120,-14.4722,4.04621,0.503042
120,-15.953,-1.37389,2.02312
120,-14.4658,4.17397,0.477588
120,-15.9395,-1.5242,1.81502
120,-16.172,-2.21355,2.07042
120,-14.5819,3.88927,0.503675
120,-15.6289,-0.759119,1.17145
120,-15.9117,-0.600576,2.02447
120,-16.0034,-1.44223,1.8544
120,-14.6355,3.94224,0.490001
120,-16.0009,-0.608463,1.99769
120,-15.972,-0.590408,1.85563
120,-15.7788,-0.645767,1.20362
120,-15.6209,-0.777162,0.693629
120,-16.2741,-1.48485,2.00478
120,-14.8147,4.33323,0.636582
120,-14.8181,4.34626,0.639165
120,-14.8339,4.36309,0.630888
120,-14.8693,4.40447,0.625157
120,-16.5064,-2.10987,2.04919
120,-14.9251,4.47639,0.781095
120,-14.9428,4.55061,0.793729
120,-15.5718,-2.17223,-0.848783
120,-15.5217,-1.71229,-1.09273
120,-15.5888,-0.990324,-0.774603
120,-16.2599,-0.588864,1.08348
120,-16.2568,-0.569159,1.0446
120,-15.4164,-1.88896,-2.04494
120,-17.1892,-2.15945,2.45165
120,-16.4662,-0.724468,1.08945
120,-15.1268,4.51702,-0.195553
120,-17.1769,-1.37275,2.35263
120,-17.2201,-1.38334,2.37583
120,-16.5328,-1.36787,0.48514
120,-17.0135,-1.18938,1.76609
120,-17.2287,-1.07432,2.3218
120,-17.1046,-0.511944,2.1836
120,-17.1358,-1.01856,1.72488
120,-16.9608,1.50696,2.41883
120,-17.0952,-0.387709,1.88215
120,-17.4045,-0.619294,2.55525
120,-15.6154,-0.866803,-2.53825
120,-15.6909,-0.881102,-2.57439
120,-17.3989,-0.298632,2.3935
120,-15.9294,-1.56826,-2.30978
120,-15.9763,3.15655,0.00254464
120,-17.3345,0.526197,2.4396
120,-17.3754,-1.2131,1.7245
120,-16.2706,-0.74964,-1.16359
120,-14.8685,4.57581,-2.603
120,-16.3129,-0.765911,-1.18379
120,-17.5117,0.266872,2.60162
120,-17.5439,-0.314935,2.40532
120,-17.3466,-0.508601,1.75694
120,-14.9667,4.72199,-2.59849
120,-17.0416,0.268666,0.975369
120,-16.8891,4.66012,2.59263
120,-17.6515,0.265059,2.6206
120,-14.8818,4.94021,-2.85421
120,-16.2746,4.27887,0.606309
120,-17.7173,-0.322268,2.41396
120,-17.2357,2.96691,2.62153
120,-17.0741,0.588276,1.00184
120,-16.3021,4.29263,0.600933
120,-17.2643,-0.296166,1.09304
120,-17.4061,-0.447827,-3.8281
119,-17.4061,-0.447827,-3.8281
120,-16.8367,-0.671119,-3.47498
119,-16.8367,-0.671119,-3.47498
120,-16.9794,1.64843,-1.96873
119,-16.9794,1.64843,-1.96873
120,-16.8786,5.07038,-3.83418
119,-16.8786,5.07038,-3.83418
120,-17.5933,2.18316,0.401819
119,-17.5933,2.18316,0.401819
120,-17.1762,0.724025,-0.490816
119,-17.1762,0.724025,-0.490816
120,-15.9217,0.346737,0.414504
119,-15.9217,0.346737,0.414504
120,-17.0908,2.7342,-4.14807
119,-17.0908,2.7342,-4.14807
120,-16.3897,3.09093,-4.23688
119,-16.3897,3.09093,-4.23688
120,-15.5677,2.55889,-3.2777
119,-15.5677,2.55889,-3.2777
120,-14.4038,-0.185683,0.892505
119,-14.4038,-0.185683,0.892505
120,-17.7961,1.26221,-4.34726
119,-17.7961,1.26221,-4.34726
120,-16.8933,0.923077,-0.331442
119,-16.8933,0.923077,-0.331442
120,-18.0613,0.052629,-2.54161
119,-18.0613,0.052629,-2.54161
120,-17.0323,0.674774,-1.96472
119,-17.0323,0.674774,-1.96472
120,-17.2966,2.02209,0.0681685
119,-17.2966,2.02209,0.0681685
120,-18.3185,4.73725,-3.83908
119,-18.3185,4.73725,-3.83908
120,-15.9369,2.90438,-3.28567
119,-15.9369,2.90438,-3.28567
120,-17.0252,3.2888,-1.71079
119,-17.0252,3.2888,-1.71079
120,-17.2014,3.8614,-1.8519
119,-17.2014,3.8614,-1.8519
120,-17.7465,5.88847,-3.79533
119,-17.7465,5.88847,-3.79533
120,-16.897,5.26721,-4.91251
119,-16.897,5.26721,-4.91251
120,-17.2095,3.17035,-1.40499
119,-17.2095,3.17035,-1.40499
120,-16.3376,2.5336,-1.09032
119,-16.3376,2.5336,-1.09032
120,-17.7362,-1.23523,0.248108
119,-17.7362,-1.23523,0.248108
120,-15.529,-0.978667,-2.38049
119,-15.529,-0.978667,-2.38049
120,-17.1894,1.13751,-2.93605
119,-17.1894,1.13751,-2.93605
120,-18.0493,1.29175,-3.515
119,-18.0493,1.29175,-3.515
120,-16.8816,3.35872,0.0535693
119,-16.8816,3.35872,0.0535693
120,-17.5353,-0.462693,-3.17896
119,-17.5353,-0.462693,-3.17896
120,-18.7014,-0.659276,-2.85302
119,-18.7014,-0.659276,-2.85302
120,-17.697,-0.597357,-1.98082
119,-17.697,-0.597357,-1.98082
120,-17.1678,0.497783,-0.369942
119,-17.1678,0.497783,-0.369942
120,-17.9076,6.05708,-3.92314
119,-17.9076,6.05708,-3.92314
120,-17.5076,1.96301,-3.35659
119,-17.5076,1.96301,-3.35659
120,-17.8013,1.45694,-0.526499
119,-17.8013,1.45694,-0.526499
120,-17.0467,5.76074,-3.5716
119,-17.0467,5.76074,-3.5716
120,-17.8558,-0.611545,-2.05225
119,-17.8558,-0.611545,-2.05225
120,-15.8171,5.68897,-2.38659
119,-15.8171,5.68897,-2.38659
120,-15.5597,4.37774,-2.74994
119,-15.5597,4.37774,-2.74994
120,-17.8182,2.04812,-3.5583
119,-17.8182,2.04812,-3.5583
120,-17.8313,-1.24825,0.226142
119,-17.8313,-1.24825,0.226142
120,-17.4939,3.14247,0.849063
119,-17.4939,3.14247,0.849063
120,-17.0398,0.755209,-0.0407625
119,-17.0398,0.755209,-0.0407625
120,-17.1614,5.69818,0.793829
119,-17.1614,5.69818,0.793829
120,-17.0467,5.19651,0.798812
119,-17.0467,5.19651,0.798812
120,-16.7528,5.12153,-2.2098
119,-16.7528,5.12153,-2.2098
120,-15.8803,4.74188,-2.64061
119,-15.8803,4.74188,-2.64061
120,-15.9507,4.02268,-2.42767
119,-15.9507,4.02268,-2.42767
120,-16.8947,1.78931,-0.922812
119,-16.8947,1.78931,-0.922812
120,-15.4006,3.52764,-2.87526
119,-15.4006,3.52764,-2.87526
120,-16.8398,4.3443,0.29196
119,-16.8398,4.3443,0.29196
120,-17.2876,2.42928,0.0453235
119,-17.2876,2.42928,0.0453235
120,-16.6311,-0.720959,-2.85848
119,-16.6311,-0.720959,-2.85848
120,-14.225,-1.28209,1.19603
119,-14.225,-1.28209,1.19603
120,-17.1979,5.22638,0.671946
119,-17.1979,5.22638,0.671946
120,-17.2116,5.33352,0.767623
119,-17.2116,5.33352,0.767623
120,-19.1706,7.08529,-3.68188
119,-19.1706,7.08529,-3.68188
120,-14.6477,4.93662,-1.9451
119,-14.6477,4.93662,-1.9451
120,-16.8273,5.6507,1.49284
119,-16.8273,5.6507,1.49284
120,-17.5974,6.53497,1.9498
119,-17.5974,6.53497,1.9498
120,-13.9811,-1.21343,1.23676
119,-13.9811,-1.21343,1.23676
120,-16.6952,5.67797,0.831424
119,-16.6952,5.67797,0.831424
120,-17.1565,5.65563,0.856517
119,-17.1565,5.65563,0.856517
120,-17.1884,1.10658,-2.98311
119,-17.1884,1.10658,-2.98311
120,-16.8454,5.65943,1.49208
119,-16.8454,5.65943,1.49208
120,-17.2458,6.18126,1.92529
119,-17.2458,6.18126,1.92529
120,-16.7417,7.29109,-3.69059
119,-16.7417,7.29109,-3.69059
120,-17.6851,-0.652134,-2.28626
119,-17.6851,-0.652134,-2.28626
120,-17.4188,5.0862,-3.50396
119,-17.4188,5.0862,-3.50396
120,-15.2181,-1.07228,-1.07703
119,-15.2181,-1.07228,-1.07703
120,-16.38,6.85275,-3.37455
119,-16.38,6.85275,-3.37455
120,-17.2314,6.21528,0.770331
119,-17.2314,6.21528,0.770331
120,-17.3352,3.84506,-1.47105
119,-17.3352,3.84506,-1.47105
120,-15.7847,5.58258,-2.34714
119,-15.7847,5.58258,-2.34714
120,-16.8628,4.98279,-0.282816
119,-16.8628,4.98279,-0.282816
120,-16.3681,-0.760586,-3.55615
118,-16.3681,-0.760586,-3.55615
120,-16.4903,-0.225236,-3.75814
118,-16.4903,-0.225236,-3.75814
120,-17.0484,1.83539,-1.31159
118,-17.0484,1.83539,-1.31159
120,-16.0916,2.52357,-3.31098
118,-16.0916,2.52357,-3.31098
120,-16.9043,2.79246,-1.25258
118,-16.9043,2.79246,-1.25258
120,-16.3477,-0.238059,1.09167
118,-16.3477,-0.238059,1.09167
120,-17.5672,-0.451849,-3.20533
118,-17.5672,-0.451849,-3.20533
120,-16.9639,3.31583,0.960559
118,-16.9639,3.31583,0.960559
120,-16.968,2.8799,0.948554
118,-16.968,2.8799,0.948554
120,-16.2802,3.32206,-0.230647
118,-16.2802,3.32206,-0.230647
120,-20.3467,8.02225,-4.39234
118,-20.3467,8.02225,-4.39234
120,-17.359,-0.648811,-3.58381
118,-17.359,-0.648811,-3.58381
120,-16.5505,1.6943,-1.08819
118,-16.5505,1.6943,-1.08819
120,-15.4522,2.47449,-2.99401
118,-15.4522,2.47449,-2.99401
120,-16.8833,3.04322,-1.36095
118,-16.8833,3.04322,-1.36095
120,-16.3213,-1.65622,-2.82894
118,-16.3213,-1.65622,-2.82894
120,-16.3106,3.34111,-0.240912
118,-16.3106,3.34111,-0.240912
120,-16.6253,4.87666,-3.59642
118,-16.6253,4.87666,-3.59642
120,-15.47,-0.812456,-2.50472
118,-15.47,-0.812456,-2.50472
120,-16.8419,5.21168,-4.84156
118,-16.8419,5.21168,-4.84156
120,-16.9478,5.10804,-3.87102
118,-16.9478,5.10804,-3.87102
120,-16.9187,5.12073,0.821977
118,-16.9187,5.12073,0.821977
120,-16.047,2.65463,1.10821
118,-16.047,2.65463,1.10821
120,-15.4538,4.60981,-3.05398
118,-15.4538,4.60981,-3.05398
120,-19.7518,7.66432,-4.32106
118,-19.7518,7.66432,-4.32106
120,-17.4907,1.66507,-4.11955
118,-17.4907,1.66507,-4.11955
120,-15.4995,5.29482,-2.13421
118,-15.4995,5.29482,-2.13421
120,-15.8764,-1.22283,-1.49005
118,-15.8764,-1.22283,-1.49005
120,-16.8204,2.54032,-1.46184
118,-16.8204,2.54032,-1.46184
120,-17.4069,5.11597,-3.50137
118,-17.4069,5.11597,-3.50137
120,-18.2484,0.805874,0.533369
118,-18.2484,0.805874,0.533369
120,-17.3643,2.49557,0.04
118,-17.3643,2.49557,0.04
120,-15.5733,0.59264,-1.02717
118,-15.5733,0.59264,-1.02717
120,-16.9166,1.41912,-0.954972
117,-16.9166,1.41912,-0.954972
120,-19.2584,4.81571,-4.38836
117,-19.2584,4.81571,-4.38836
120,-18.1489,6.48799,-4.4216
117,-18.1489,6.48799,-4.4216
120,-17.5546,2.99284,0.328645
117,-17.5546,2.99284,0.328645
120,-17.4663,1.9213,-0.102116
117,-17.4663,1.9213,-0.102116
120,-17.3023,2.69614,-0.0120631
117,-17.3023,2.69614,-0.0120631
120,-17.3374,2.96047,-0.727109
117,-17.3374,2.96047,-0.727109
120,-16.8026,3.15147,-1.33504
117,-16.8026,3.15147,-1.33504
120,-17.1704,0.510558,0.949231
117,-17.1704,0.510558,0.949231
120,-17.295,2.70137,-0.0631409
117,-17.295,2.70137,-0.0631409
120,-16.6575,0.348933,0.308228
117,-16.6575,0.348933,0.308228
120,-17.3155,2.20782,-4.01803
117,-17.3155,2.20782,-4.01803
120,-16.8928,3.67802,-1.69689
117,-16.8928,3.67802,-1.69689
120,-17.4699,4.15732,2.67437
117,-17.4699,4.15732,2.67437
120,-17.0575,3.86349,0.798123
117,-17.0575,3.86349,0.798123
120,-16.8764,1.56982,-1.88335
117,-16.8764,1.56982,-1.88335
120,-17.2177,2.9228,-3.8687
117,-17.2177,2.9228,-3.8687
120,-17.0641,2.04454,1.41623
117,-17.0641,2.04454,1.41623
120,-16.6854,4.20671,0.957402
117,-16.6854,4.20671,0.957402
120,-17.0752,0.615469,-1.52109
116,-17.0752,0.615469,-1.52109
120,-17.1686,-0.360313,1.82562
116,-17.1686,-0.360313,1.82562
120,-17.4819,1.1338,-2.4091
116,-17.4819,1.1338,-2.4091
120,-17.5136,2.19603,1.11416
116,-17.5136,2.19603,1.11416
120,-17.1132,1.8577,-1.61975
116,-17.1132,1.8577,-1.61975
120,-16.7461,3.59929,-1.74857
116,-16.7461,3.59929,-1.74857
120,-17.364,0.397254,-1.0839
116,-17.364,0.397254,-1.0839
120,-17.3233,1.57801,-1.49057
116,-17.3233,1.57801,-1.49057
120,-18.0477,-1.13894,-3.06157
116,-18.0477,-1.13894,-3.06157
120,-17.0678,1.74526,0.990495
115,-17.0678,1.74526,0.990495
120,-16.9515,2.72873,-1.1203
115,-16.9515,2.72873,-1.1203
120,-17.2852,1.24611,-1.40275
113,-17.2852,1.24611,-1.40275
120,-17.231,0.611009,0.987217
113,-17.231,0.611009,0.987217
120,-17.0414,1.42834,-1.31636
113,-17.0414,1.42834,-1.31636
120,-17.0035,2.82114,-1.73816
113,-17.0035,2.82114,-1.73816
120,-17.2416,1.08497,0.978142
112,-17.2416,1.08497,0.978142
120,-16.6586,4.53632,-4.22118
107,-16.6586,4.53632,-4.22118
121,-14.019,-1.31669,1.32323
121,-13.8554,-1.20328,0.702979
121,-13.7991,-1.19422,0.497998
121,-14.1288,-1.35565,1.18735
121,-13.9372,-1.2364,0.674892
121,-13.9503,-1.44485,0.55519
121,-14.2007,-1.18811,1.23641
121,-14.1999,-1.18218,1.2362
121,-14.2165,-1.29752,1.20262
121,-13.9557,-0.996851,0.438182
121,-14.1338,-0.671169,0.101514
121,-14.3062,-0.665059,0.321417
121,-14.7964,-0.884765,1.42899
121,-14.1925,3.90987,1.86524
121,-14.226,3.95513,1.87552
121,-14.0033,4.10204,0.991453
121,-14.7601,-0.176581,0.798652
121,-14.3735,4.22509,2.02134
121,-14.7758,-0.192472,0.800021
121,-14.6493,-0.00458781,0.463941
121,-14.6759,0.0236886,0.462353
121,-14.3739,3.93833,1.59833
121,-14.6803,0.0689506,0.139212
121,-15.8576,-1.43065,1.83652
121,-15.9803,-1.38677,2.01402
121,-14.3652,4.25861,0.564534
121,-15.7916,-0.630965,1.82641
121,-14.4356,4.24095,0.585861
121,-14.4048,4.26345,0.410282
121,-15.9461,-0.589116,2.01488
121,-14.7418,4.25233,1.28102
121,-14.5326,4.12189,0.472846
121,-14.5096,4.23109,0.454375
121,-14.6251,4.07613,0.616798
121,-15.6689,-1.16256,0.680367
121,-16.0565,-0.660062,1.83914
121,-15.8442,-0.645243,1.19197
121,-15.4035,0.239163,0.385586
121,-15.1722,-1.83105,-1.40659
121,-15.9943,-0.547935,1.1766
121,-14.8769,4.5178,0.792098
121,-16.7105,-2.18167,2.08344
121,-14.9451,4.46303,0.581024
121,-16.2479,-0.614095,1.13656
121,-16.3345,-0.605772,1.11963
121,-16.3698,-0.661758,1.09879
121,-16.967,-1.32739,2.31245
121,-15.718,-1.42127,-1.10471
121,-16.3157,-0.966428,0.537638
121,-16.8797,-1.26294,1.87633
121,-15.1136,4.42657,-0.0980748
121,-15.1186,4.49685,-0.175599
121,-17.4734,-1.93768,2.63182
121,-16.9485,-0.578996,1.75428
121,-17.0379,0.26607,2.40745
121,-17.2663,-1.33054,1.89177
121,-17.2089,-1.25156,1.75886
121,-15.4907,4.47305,0.0121367
121,-17.273,0.26903,2.58532
121,-17.3229,0.0057829,2.574
121,-17.4921,-0.324514,2.37614
121,-16.0407,-1.70775,-2.34734
121,-17.4764,-0.425363,1.96485
121,-14.7778,5.12011,-2.39694
121,-16.7517,4.59164,2.59188
121,-16.8288,1.99362,1.43818
121,-17.4911,0.867289,2.60684
121,-17.4932,0.867532,2.60706
121,-17.1061,2.90014,2.58298
121,-16.881,2.00922,1.45692
121,-16.3719,5.04907,1.63073
121,-16.4453,-0.768259,-1.19457
121,-16.7941,0.422165,0.315133
121,-16.1102,3.43754,0.00738955
121,-16.4105,5.08821,1.64492
121,-16.8319,0.415918,0.185484
121,-16.4926,4.57741,1.40593
121,-16.3617,3.11105,0.247385
121,-16.9002,4.70948,2.49039
121,-16.2301,3.4744,-0.0265081
121,-14.8908,5.89736,-2.44485
121,-16.5165,5.22053,1.55471
121,-16.8679,4.41826,0.303835
120,-16.8679,4.41826,0.303835
121,-16.6871,-0.644284,-3.3557
120,-16.6871,-0.644284,-3.3557
121,-18.5429,-0.245199,-4.37197
120,-18.5429,-0.245199,-4.37197
121,-17.0607,3.29536,0.726832
120,-17.0607,3.29536,0.726832
121,-17.126,5.12839,0.683351
120,-17.126,5.12839,0.683351
121,-17.948,1.30104,-4.46573
120,-17.948,1.30104,-4.46573
121,-17.0562,2.94366,-2.13812
120,-17.0562,2.94366,-2.13812
121,-17.0735,4.62602,0.919965
120,-17.0735,4.62602,0.919965
121,-17.6701,1.81064,-1.24709
120,-17.6701,1.81064,-1.24709
121,-17.4794,1.96373,-3.8947
120,-17.4794,1.96373,-3.8947
121,-15.8241,2.69087,-3.17728
120,-15.8241,2.69087,-3.17728
121,-16.5869,-0.688003,-2.79753
120,-16.5869,-0.688003,-2.79753
121,-15.7436,4.64569,-3.34955
120,-15.7436,4.64569,-3.34955
121,-16.2194,4.92429,-3.43144
120,-16.2194,4.92429,-3.43144
121,-16.7668,5.36982,-3.54648
120,-16.7668,5.36982,-3.54648
121,-16.866,4.70739,0.818018
120,-16.866,4.70739,0.818018
121,-16.0382,2.54353,-3.4515
120,-16.0382,2.54353,-3.4515
121,-16.6458,2.99832,-3.56415
120,-16.6458,2.99832,-3.56415
121,-16.7652,5.30381,-3.53415
120,-16.7652,5.30381,-3.53415
121,-16.2488,-0.615821,-2.32276
120,-16.2488,-0.615821,-2.32276
121,-17.9318,1.66954,-1.39825
120,-17.9318,1.66954,-1.39825
121,-16.9736,0.947809,-0.363676
120,-16.9736,0.947809,-0.363676
121,-17.5148,-0.575708,-1.89683
120,-17.5148,-0.575708,-1.89683
121,-16.6934,4.29174,-0.112621
120,-16.6934,4.29174,-0.112621
121,-17.3177,4.90081,-2.35527
120,-17.3177,4.90081,-2.35527
121,-16.9456,4.74832,-1.21095
120,-16.9456,4.74832,-1.21095
121,-19.6463,7.50539,-3.94945
120,-19.6463,7.50539,-3.94945
121,-16.8618,5.17304,-3.50475
120,-16.8618,5.17304,-3.50475
121,-17.7293,1.56325,-4.30962
120,-17.7293,1.56325,-4.30962
121,-16.102,4.85991,-3.22853
120,-16.102,4.85991,-3.22853
121,-16.9302,5.69815,-3.44915
120,-16.9302,5.69815,-3.44915
121,-16.7473,5.29814,-3.52476
120,-16.7473,5.29814,-3.52476
121,-15.8859,2.64767,-3.47812
120,-15.8859,2.64767,-3.47812
121,-17.1795,4.81546,-2.27143
120,-17.1795,4.81546,-2.27143
121,-17.2798,4.85402,-2.07859
120,-17.2798,4.85402,-2.07859
121,-16.7407,4.32655,-0.121382
120,-16.7407,4.32655,-0.121382
121,-16.4393,0.975011,1.08276
120,-16.4393,0.975011,1.08276
121,-17.1357,4.89342,-3.29578
120,-17.1357,4.89342,-3.29578
121,-17.4852,2.10005,0.65926
120,-17.4852,2.10005,0.65926
121,-17.5692,5.25198,-0.571013
120,-17.5692,5.25198,-0.571013
121,-16.7796,4.33339,0.330241
120,-16.7796,4.33339,0.330241
121,-17.5699,-0.584408,-1.91776
120,-17.5699,-0.584408,-1.91776
121,-17.1718,2.40534,0.0891392
120,-17.1718,2.40534,0.0891392
121,-17.2915,3.05416,0.898189
120,-17.2915,3.05416,0.898189
121,-17.6683,-0.273577,-4.65845
120,-17.6683,-0.273577,-4.65845
121,-17.4985,-0.467615,-3.7656
120,-17.4985,-0.467615,-3.7656
121,-17.3296,0.735231,-2.11799
120,-17.3296,0.735231,-2.11799
121,-16.2103,4.97276,-4.0488
120,-16.2103,4.97276,-4.0488
121,-16.6997,5.08527,-3.83129
120,-16.6997,5.08527,-3.83129
121,-17.1374,5.16661,0.679778
120,-17.1374,5.16661,0.679778
121,-16.7198,4.49152,0.808856
120,-16.7198,4.49152,0.808856
121,-16.837,4.72959,0.854066
120,-16.837,4.72959,0.854066
121,-16.8583,5.72021,-3.13657
120,-16.8583,5.72021,-3.13657
121,-15.7985,2.60043,-2.84094
120,-15.7985,2.60043,-2.84094
121,-18.6206,-0.550461,-4.65738
120,-18.6206,-0.550461,-4.65738
121,-16.7648,3.41116,0.0688661
120,-16.7648,3.41116,0.0688661
121,-16.9061,3.7152,0.927248
120,-16.9061,3.7152,0.927248
121,-16.6544,3.33828,0.537616
120,-16.6544,3.33828,0.537616
121,-17.0502,3.5559,0.917672
120,-17.0502,3.5559,0.917672
121,-17.346,3.07449,0.883133
120,-17.346,3.07449,0.883133
121,-17.4108,-0.609614,2.54987
120,-17.4108,-0.609614,2.54987
121,-15.9479,5.96037,-3.18928
120,-15.9479,5.96037,-3.18928
121,-17.7484,1.79314,-2.39277
120,-17.7484,1.79314,-2.39277
121,-16.2264,4.98139,-4.09091
120,-16.2264,4.98139,-4.09091
121,-16.8003,5.16925,-3.07318
120,-16.8003,5.16925,-3.07318
121,-16.6739,4.44328,0.813923
120,-16.6739,4.44328,0.813923
121,-19.3624,7.2765,-3.8223
120,-19.3624,7.2765,-3.8223
121,-16.7395,4.58447,-1.11977
120,-16.7395,4.58447,-1.11977
121,-16.4411,6.38492,-1.9744
120,-16.4411,6.38492,-1.9744
121,-17.3885,5.22533,2.66517
120,-17.3885,5.22533,2.66517
121,-18.5724,7.28067,2.65674
120,-18.5724,7.28067,2.65674
121,-17.2897,4.05294,2.65426
120,-17.2897,4.05294,2.65426
121,-18.396,1.38383,-4.84199
120,-18.396,1.38383,-4.84199
121,-14.9555,5.28131,-2.91576
120,-14.9555,5.28131,-2.91576
121,-15.0304,5.21633,-2.71595
120,-15.0304,5.21633,-2.71595
121,-16.4323,7.34923,-2.12186
120,-16.4323,7.34923,-2.12186
121,-16.7323,2.85862,-2.12199
120,-16.7323,2.85862,-2.12199
121,-16.8167,2.12604,-3.17109
120,-16.8167,2.12604,-3.17109
121,-17.299,2.42328,0.0524549
120,-17.299,2.42328,0.0524549
121,-18.1189,-1.27757,0.149266
120,-18.1189,-1.27757,0.149266
121,-17.296,2.14608,1.41985
120,-17.296,2.14608,1.41985
121,-17.1017,3.50621,-2.25967
120,-17.1017,3.50621,-2.25967
121,-17.1221,7.5572,-1.02778
120,-17.1221,7.5572,-1.02778
121,-16.5402,2.76807,-1.9925
120,-16.5402,2.76807,-1.9925
121,-16.2095,2.60961,-3.47256
120,-16.2095,2.60961,-3.47256
121,-17.1294,5.98421,1.95927
120,-17.1294,5.98421,1.95927
121,-17.0301,2.19595,0.481572
120,-17.0301,2.19595,0.481572
121,-17.6727,-0.0495023,-4.10373
120,-17.6727,-0.0495023,-4.10373
121,-17.177,4.69758,-1.04483
120,-17.177,4.69758,-1.04483
121,-17.1112,2.37754,0.102256
120,-17.1112,2.37754,0.102256
121,-17.0952,2.86752,-1.77054
120,-17.0952,2.86752,-1.77054
121,-16.7216,3.40114,0.940956
120,-16.7216,3.40114,0.940956
121,-16.4868,5.17019,-3.14903
120,-16.4868,5.17019,-3.14903
121,-17.0322,0.90427,-0.304461
120,-17.0322,0.90427,-0.304461
121,-17.203,4.01852,0.966052
120,-17.203,4.01852,0.966052
121,-17.7852,5.90586,-2.79451
120,-17.7852,5.90586,-2.79451
121,-17.9232,3.17474,-4.0321
119,-17.9232,3.17474,-4.0321
121,-17.0376,3.09939,-1.43995
119,-17.0376,3.09939,-1.43995
121,-17.0957,0.443631,-1.3341
119,-17.0957,0.443631,-1.3341
121,-16.6722,2.77602,-1.52168
119,-16.6722,2.77602,-1.52168
121,-17.9863,3.30538,-4.52891
119,-17.9863,3.30538,-4.52891
121,-17.0425,1.79717,-1.38576
119,-17.0425,1.79717,-1.38576
121,-17.3557,0.767435,-2.19973
119,-17.3557,0.767435,-2.19973
121,-16.8468,4.32301,0.0917134
119,-16.8468,4.32301,0.0917134
121,-17.0741,3.59462,-2.17744
119,-17.0741,3.59462,-2.17744
121,-16.9829,4.62981,-1.90322
119,-16.9829,4.62981,-1.90322
121,-16.7732,4.50869,-4.13892
119,-16.7732,4.50869,-4.13892
121,-17.551,1.35791,0.730213
119,-17.551,1.35791,0.730213
121,-17.1131,1.33803,0.986759
119,-17.1131,1.33803,0.986759
121,-16.559,-1.33094,-1.92137
119,-16.559,-1.33094,-1.92137
121,-17.2456,0.770982,-0.445436
119,-17.2456,0.770982,-0.445436
121,-17.005,2.83097,-0.594667
119,-17.005,2.83097,-0.594667
121,-16.8472,-1.19212,-3.40703
119,-16.8472,-1.19212,-3.40703
121,-16.6788,5.18183,-3.98721
119,-16.6788,5.18183,-3.98721
121,-15.889,5.70348,-4.16858
119,-15.889,5.70348,-4.16858
121,-14.821,4.9035,-2.83442
119,-14.821,4.9035,-2.83442
121,-16.8321,7.48915,-3.81778
119,-16.8321,7.48915,-3.81778
121,-17.8936,2.07535,-4.25297
119,-17.8936,2.07535,-4.25297
121,-17.1972,6.03307,1.94536
119,-17.1972,6.03307,1.94536
121,-16.8797,3.4962,0.0211632
119,-16.8797,3.4962,0.0211632
121,-16.5648,-0.505167,-1.36578
119,-16.5648,-0.505167,-1.36578
121,-17.5662,-1.42104,-2.88352
119,-17.5662,-1.42104,-2.88352
121,-17.8631,8.70759,-4.69844
119,-17.8631,8.70759,-4.69844
121,-18.0857,3.29878,-0.970319
119,-18.0857,3.29878,-0.970319
121,-13.8024,-0.996327,0.49842
119,-13.8024,-0.996327,0.49842
121,-14.4512,2.90878,-1.30237
119,-14.4512,2.90878,-1.30237
121,-17.0911,0.216969,0.952505
119,-17.0911,0.216969,0.952505
121,-18.2129,0.406029,0.785856
119,-18.2129,0.406029,0.785856
121,-15.2451,0.148678,0.449462
119,-15.2451,0.148678,0.449462
121,-17.1665,2.26215,0.49079
119,-17.1665,2.26215,0.49079
121,-17.1888,2.42688,-0.0516412
118,-17.1888,2.42688,-0.0516412
121,-17.2261,0.618272,-0.465934
118,-17.2261,0.618272,-0.465934
121,-15.8713,-0.811631,-2.75026
118,-15.8713,-0.811631,-2.75026
121,-17.6646,4.29426,-4.35762
118,-17.6646,4.29426,-4.35762
121,-17.0378,4.46054,0.0555523
118,-17.0378,4.46054,0.0555523
121,-18.3658,1.97466,-0.121339
118,-18.3658,1.97466,-0.121339
121,-16.7528,2.98923,-1.3059
118,-16.7528,2.98923,-1.3059
121,-16.1893,4.55347,-0.0916948
118,-16.1893,4.55347,-0.0916948
121,-16.5763,-0.829776,-2.77137
118,-16.5763,-0.829776,-2.77137
121,-16.8242,-0.377223,1.00615
118,-16.8242,-0.377223,1.00615
121,-15.9444,4.07639,0.964806
118,-15.9444,4.07639,0.964806
121,-15.9062,5.26284,-3.73683
118,-15.9062,5.26284,-3.73683
121,-20.1392,4.52366,-5.02335
118,-20.1392,4.52366,-5.02335
121,-16.7745,-1.42104,-2.24126
118,-16.7745,-1.42104,-2.24126
121,-16.8887,-1.44204,1.97009
118,-16.8887,-1.44204,1.97009
121,-17.3812,-0.432205,-1.65832
116,-17.3812,-0.432205,-1.65832
121,-17.0783,0.395124,0.749074
116,-17.0783,0.395124,0.749074
121,-17.9631,1.32941,-4.38238
116,-17.9631,1.32941,-4.38238
121,-17.1984,2.78238,-4.24471
116,-17.1984,2.78238,-4.24471
121,-16.951,-0.46201,2.51954
116,-16.951,-0.46201,2.51954
121,-16.6224,0.681814,-0.184595
116,-16.6224,0.681814,-0.184595
121,-17.3018,1.94698,0.747162
115,-17.3018,1.94698,0.747162
121,-17.667,1.38346,-4.16708
115,-17.667,1.38346,-4.16708
121,-17.1148,3.15701,-1.4922
115,-17.1148,3.15701,-1.4922
121,-17.0832,-0.355017,2.0798
115,-17.0832,-0.355017,2.0798
121,-17.4431,0.807228,-0.470215
115,-17.4431,0.807228,-0.470215
121,-14.3891,-0.981485,1.27199
115,-14.3891,-0.981485,1.27199
121,-20.6565,4.70355,-4.84947
113,-20.6565,4.70355,-4.84947
121,-16.0892,3.08542,-3.74889
111,-16.0892,3.08542,-3.74889
121,-17.4739,2.10767,-0.00536724
109,-17.4739,2.10767,-0.00536724
121,-15.1254,4.55488,0.462243
100,-15.1254,4.55488,0.462243
121,-15.9775,3.00563,-3.70808
107,-15.9775,3.00563,-3.70808
122,-14.3312,-1.06935,1.23032
122,-13.9744,-0.835288,0.393281
122,-14.2057,-1.06403,0.869635
122,-14.0193,-0.851722,0.408961
122,-14.499,-1.0628,1.23689
122,-14.146,-0.651133,0.374254
122,-14.5523,-1.04074,1.23411
122,-14.3873,-0.95662,0.827339
122,-14.1691,-0.747914,0.277707
122,-14.303,-0.701188,0.303977
122,-13.9686,3.82288,1.67467
122,-14.103,3.72602,1.70329
122,-13.9027,4.00879,1.01985
122,-14.6637,-0.18422,0.823348
122,-14.1859,3.79269,1.63839
122,-14.7803,-0.18497,0.790443
122,-14.8153,-0.207984,0.779135
122,-14.342,3.90932,1.61578
122,-14.9228,0.108232,0.382213
122,-15.4323,-0.809111,1.17127
122,-14.3065,4.1397,0.735124
122,-15.8891,-1.45194,1.83523
122,-16.0169,-1.4081,1.99614
122,-14.3611,4.28012,0.546971
122,-14.4484,4.3286,0.541306
122,-14.7676,4.24814,1.30435
122,-14.4875,4.21127,0.463926
122,-15.2029,-2.25871,-1.06449
122,-15.7666,-0.659702,1.19364
122,-15.6831,-0.827276,0.703858
122,-14.7956,4.34236,0.845217
122,-16.2471,-0.652832,2.00628
122,-15.5267,0.241211,0.36549
122,-15.3896,-1.71307,-1.01808
122,-16.4134,-0.582984,2.05171
122,-16.0861,-0.556866,1.1536
122,-16.2762,-0.638507,1.45958
122,-14.7175,4.50082,-0.0628184
122,-16.3188,-0.655126,1.10686
122,-17.0728,-1.31794,2.35632
122,-16.45,2.03428,2.41272
122,-16.8018,-0.943569,1.70089
122,-15.4148,4.74755,0.69221
122,-15.4775,4.29749,0.565252
122,-17.4348,-1.53953,2.65472
122,-17.1675,-1.32554,1.89183
122,-16.6362,-1.36288,0.473069
122,-15.2049,4.58255,-0.205548
122,-15.2159,4.58156,-0.241742
122,-15.2517,4.52451,-0.241081
122,-17.3753,-1.09164,2.38399
122,-17.3582,-0.615169,2.54983
122,-15.2479,4.66112,-0.238559
122,-17.3849,-0.495578,2.56324
122,-17.0515,0.928428,2.41691
122,-17.0751,1.2451,2.56695
122,-17.4412,-0.50517,2.57949
122,-17.2443,-0.371664,2.10494
122,-15.6359,4.31657,0.243827
122,-16.039,-1.55407,-1.88285
122,-16.3258,5.04781,1.9321
122,-16.9176,2.20217,1.92822
122,-16.9605,3.27943,2.45396
122,-14.7849,5.10993,-2.41831
122,-17.1423,-0.174344,0.879771
122,-16.3517,-1.63213,-2.02154
122,-17.7927,-0.333295,2.41528
122,-17.3239,-0.299652,1.09336
122,-14.9184,4.64629,-2.66371
122,-16.6924,3.18172,0.983832
122,-17.1202,2.08408,1.42812
122,-14.8823,5.9163,-2.51211
122,-14.9689,5.38151,-2.60801
122,-14.9143,5.26249,-2.86913
122,-17.1659,1.2283,0.92884
122,-17.2013,3.0004,-0.772619
121,-17.2013,3.0004,-0.772619
122,-17.052,4.57184,0.569302
121,-17.052,4.57184,0.569302
122,-16.8639,5.20099,-3.51858
121,-16.8639,5.20099,-3.51858
122,-16.3818,2.65097,-4.08677
121,-16.3818,2.65097,-4.08677
122,-17.9287,0.88169,-0.302188
121,-17.9287,0.88169,-0.302188
122,-16.451,1.2366,0.581774
121,-16.451,1.2366,0.581774
122,-17.5651,1.2041,-3.17072
121,-17.5651,1.2041,-3.17072
122,-16.6089,0.412532,-1.10803
121,-16.6089,0.412532,-1.10803
122,-17.0581,1.51988,-1.78803
121,-17.0581,1.51988,-1.78803
122,-18.0963,-0.635527,-2.21734
121,-18.0963,-0.635527,-2.21734
122,-16.6871,3.36021,0.532332
121,-16.6871,3.36021,0.532332
122,-17.4624,2.15572,0.0270361
121,-17.4624,2.15572,0.0270361
122,-16.4833,4.82028,-0.216606
121,-16.4833,4.82028,-0.216606
122,-16.5578,4.69067,-4.36411
121,-16.5578,4.69067,-4.36411
122,-16.8914,5.67315,-3.42467
121,-16.8914,5.67315,-3.42467
122,-17.6374,5.43527,-2.24951
121,-17.6374,5.43527,-2.24951
122,-17.3585,4.83135,-1.15873
121,-17.3585,4.83135,-1.15873
122,-16.1621,5.08383,-3.12864
121,-16.1621,5.08383,-3.12864
122,-17.1441,-0.766522,-3.25436
121,-17.1441,-0.766522,-3.25436
122,-18.1621,2.68009,-4.35975
121,-18.1621,2.68009,-4.35975
122,-17.2427,5.52236,-1.977
121,-17.2427,5.52236,-1.977
122,-17.165,4.80075,-4.53254
121,-17.165,4.80075,-4.53254
122,-17.1754,4.90302,-3.97756
121,-17.1754,4.90302,-3.97756
122,-17.8935,0.809417,0.572987
121,-17.8935,0.809417,0.572987
122,-16.6766,2.65186,0.028957
121,-16.6766,2.65186,0.028957
122,-17.0943,2.86219,-0.631772
121,-17.0943,2.86219,-0.631772
122,-16.7459,4.15366,0.977599
121,-16.7459,4.15366,0.977599
122,-17.0563,4.79441,-3.8511
121,-17.0563,4.79441,-3.8511
122,-16.7328,3.39202,0.0814979
121,-16.7328,3.39202,0.0814979
122,-16.721,5.24376,-3.62545
121,-16.721,5.24376,-3.62545
122,-14.3495,4.67303,-2.3251
121,-14.3495,4.67303,-2.3251
122,-15.4285,5.09831,-3.57987
121,-15.4285,5.09831,-3.57987
122,-18.0052,3.09339,-5.00493
121,-18.0052,3.09339,-5.00493
122,-19.2777,7.18032,-3.76375
121,-19.2777,7.18032,-3.76375
122,-16.8555,4.76144,-1.33914
121,-16.8555,4.76144,-1.33914
122,-15.9965,5.8894,-2.56315
121,-15.9965,5.8894,-2.56315
122,-14.6939,4.40467,-2.45063
121,-14.6939,4.40467,-2.45063
122,-15.5746,4.94498,-3.17641
121,-15.5746,4.94498,-3.17641
122,-18.7838,1.39589,-4.1212
121,-18.7838,1.39589,-4.1212
122,-17.1789,1.17564,-3.78899
121,-17.1789,1.17564,-3.78899
122,-16.9582,-1.4431,-2.35983
121,-16.9582,-1.4431,-2.35983
122,-17.2573,0.116373,-2.09292
121,-17.2573,0.116373,-2.09292
122,-17.0688,6.05277,0.759173
121,-17.0688,6.05277,0.759173
122,-16.9151,2.31162,0.144326
121,-16.9151,2.31162,0.144326
122,-18.172,0.115954,-2.66359
121,-18.172,0.115954,-2.66359
122,-18.9866,3.62861,-5.4335
121,-18.9866,3.62861,-5.4335
122,-14.7941,5.24693,-2.07081
121,-14.7941,5.24693,-2.07081
122,-16.5114,4.9208,-1.97356
121,-16.5114,4.9208,-1.97356
122,-17.8627,2.33939,0.534994
121,-17.8627,2.33939,0.534994
122,-15.0854,5.07336,-2.34969
121,-15.0854,5.07336,-2.34969
122,-15.2526,2.78307,0.0821426
121,-15.2526,2.78307,0.0821426
122,-16.9355,3.59375,0.844646
121,-16.9355,3.59375,0.844646
122,-19.9519,7.96732,-4.52325
121,-19.9519,7.96732,-4.52325
122,-17.4765,2.99854,0.650022
120,-17.4765,2.99854,0.650022
122,-16.8743,2.97736,-2.70428
120,-16.8743,2.97736,-2.70428
122,-17.7535,5.59846,-4.14941
120,-17.7535,5.59846,-4.14941
122,-17.7967,1.06221,-0.634614
120,-17.7967,1.06221,-0.634614
122,-17.8101,1.26396,-4.36143
120,-17.8101,1.26396,-4.36143
122,-16.7265,-0.594278,-3.09421
120,-16.7265,-0.594278,-3.09421
122,-16.808,4.55591,0.77547
120,-16.808,4.55591,0.77547
122,-16.9545,3.05397,-1.30431
120,-16.9545,3.05397,-1.30431
122,-17.8507,1.38314,-4.80608
120,-17.8507,1.38314,-4.80608
122,-16.3868,4.37923,0.315676
120,-16.3868,4.37923,0.315676
122,-17.6446,2.32693,-4.3081
120,-17.6446,2.32693,-4.3081
122,-16.5959,2.67019,-1.10332
120,-16.5959,2.67019,-1.10332
122,-15.9321,2.73404,-3.46466
120,-15.9321,2.73404,-3.46466
122,-16.9906,-0.418398,-3.50374
120,-16.9906,-0.418398,-3.50374
122,-17.2697,-0.559106,-1.76686
120,-17.2697,-0.559106,-1.76686
122,-16.9961,3.26756,-1.32477
120,-16.9961,3.26756,-1.32477
122,-17.3803,3.53451,0.891189
120,-17.3803,3.53451,0.891189
122,-17.07,2.59283,-0.0139286
120,-17.07,2.59283,-0.0139286
122,-16.7421,2.42301,-4.22532
120,-16.7421,2.42301,-4.22532
122,-17.533,3.20619,-2.63181
120,-17.533,3.20619,-2.63181
122,-17.5642,4.98046,-1.24372
120,-17.5642,4.98046,-1.24372
122,-16.8459,1.51389,-1.00551
120,-16.8459,1.51389,-1.00551
122,-17.2987,2.40729,-0.0461182
120,-17.2987,2.40729,-0.0461182
122,-16.2532,4.92674,-3.12561
120,-16.2532,4.92674,-3.12561
122,-16.3037,2.82006,-3.26425
120,-16.3037,2.82006,-3.26425
122,-17.1224,3.30104,0.732017
120,-17.1224,3.30104,0.732017
122,-15.0853,4.84945,-2.7234
120,-15.0853,4.84945,-2.7234
122,-16.3713,5.49803,0.893224
120,-16.3713,5.49803,0.893224
122,-16.6027,1.45848,-0.902461
120,-16.6027,1.45848,-0.902461
122,-14.865,3.22524,-1.57444
120,-14.865,3.22524,-1.57444
122,-17.4379,4.93899,-2.29968
120,-17.4379,4.93899,-2.29968
122,-14.9342,5.40189,-2.67201
120,-14.9342,5.40189,-2.67201
122,-13.9302,-0.822116,0.443805
120,-13.9302,-0.822116,0.443805
122,-13.6188,-0.665591,1.54908
120,-13.6188,-0.665591,1.54908
122,-14.3583,-0.805823,1.48111
120,-14.3583,-0.805823,1.48111
122,-17.2472,0.454519,-1.73408
120,-17.2472,0.454519,-1.73408
122,-19.3158,5.154,-4.52265
119,-19.3158,5.154,-4.52265
122,-17.0564,2.80664,-1.06225
119,-17.0564,2.80664,-1.06225
122,-15.8588,2.90366,-3.35606
119,-15.8588,2.90366,-3.35606
122,-16.9454,3.06129,-1.40435
119,-16.9454,3.06129,-1.40435
122,-17.1708,2.46794,0.0794911
119,-17.1708,2.46794,0.0794911
122,-16.553,3.8669,-4.25457
119,-16.553,3.8669,-4.25457
122,-16.3651,4.94206,-3.73201
119,-16.3651,4.94206,-3.73201
122,-17.6471,0.826813,-0.384437
119,-17.6471,0.826813,-0.384437
122,-16.9661,2.95805,-1.1323
119,-16.9661,2.95805,-1.1323
122,-18.1137,0.905735,-0.370325
119,-18.1137,0.905735,-0.370325
122,-16.8371,3.46557,-1.06298
119,-16.8371,3.46557,-1.06298
122,-17.4402,1.37945,-0.4171
119,-17.4402,1.37945,-0.4171
122,-15.1521,5.26688,-3.17699
119,-15.1521,5.26688,-3.17699
122,-16.8129,3.65401,-1.77721
119,-16.8129,3.65401,-1.77721
122,-17.064,0.434065,-1.34438
119,-17.064,0.434065,-1.34438
122,-17.2279,-0.426198,-1.53179
119,-17.2279,-0.426198,-1.53179
122,-15.0349,5.13066,-3.05619
119,-15.0349,5.13066,-3.05619
122,-14.3075,3.90127,0.54348
119,-14.3075,3.90127,0.54348
122,-16.0225,3.9267,1.08932
119,-16.0225,3.9267,1.08932
122,-16.2962,5.70248,-1.30068
119,-16.2962,5.70248,-1.30068
122,-17.0959,0.665929,0.851114
119,-17.0959,0.665929,0.851114
122,-16.5018,3.31624,0.952099
119,-16.5018,3.31624,0.952099
122,-17.1358,5.54328,-3.77421
119,-17.1358,5.54328,-3.77421
122,-17.588,1.52948,-0.561433
119,-17.588,1.52948,-0.561433
122,-17.0547,3.58735,-1.74076
118,-17.0547,3.58735,-1.74076
122,-17.7369,1.15809,-0.309701
118,-17.7369,1.15809,-0.309701
122,-14.5875,-0.10086,0.793592
118,-14.5875,-0.10086,0.793592
122,-17.0706,2.95334,0.981543
118,-17.0706,2.95334,0.981543
122,-17.0352,4.77121,-4.42687
118,-17.0352,4.77121,-4.42687
122,-15.3979,4.69615,-3.53289
118,-15.3979,4.69615,-3.53289
122,-17.1568,1.26897,0.801575
118,-17.1568,1.26897,0.801575
122,-17.2763,1.85158,-1.38637
116,-17.2763,1.85158,-1.38637
122,-16.7435,1.72112,-1.59417
116,-16.7435,1.72112,-1.59417
122,-17.2013,1.12226,2.57478
116,-17.2013,1.12226,2.57478
122,-14.0861,-1.38982,0.793449
116,-14.0861,-1.38982,0.793449
122,-17.3256,1.24895,0.912368
115,-17.3256,1.24895,0.912368
122,-17.6985,1.42595,-0.390061
115,-17.6985,1.42595,-0.390061
122,-17.8065,1.44861,-0.413363
115,-17.8065,1.44861,-0.413363
122,-17.2047,1.28242,0.805219
115,-17.2047,1.28242,0.805219
122,-17.3047,1.45622,-0.486564
115,-17.3047,1.45622,-0.486564
122,-17.0607,1.79268,-1.79615
113,-17.0607,1.79268,-1.79615
122,-17.4082,1.86738,-1.90908
113,-17.4082,1.86738,-1.90908
122,-17.1943,3.03762,-1.09284
112,-17.1943,3.03762,-1.09284
122,-17.0879,2.07432,1.14174
112,-17.0879,2.07432,1.14174
122,-17.3925,0.756632,-3.58217
111,-17.3925,0.756632,-3.58217
122,-18.2551,1.24946,0.483789
109,-18.2551,1.24946,0.483789
123,-14.4812,-1.00392,1.24104
123,-14.7709,-0.9029,1.41641
123,-14.3355,-0.73941,0.124514
123,-14.0033,3.89832,1.66096
123,-14.0744,3.90826,1.80146
123,-14.1333,4.01177,1.78287
123,-14.7698,-0.192093,0.803836
123,-14.2532,4.28103,1.85966
123,-14.3527,4.18503,2.00442
123,-14.8048,-0.195614,0.783482
123,-14.8237,-0.193018,0.769278
123,-14.683,0.0159649,0.421927
123,-14.4356,4.27735,2.05196
123,-14.7071,-0.0118691,0.417509
123,-14.356,3.9382,1.60326
123,-14.9561,0.0929678,0.439255
123,-15.8234,-1.41996,1.83924
123,-15.8689,-1.34518,1.98672
123,-14.9798,0.11216,0.36876
123,-14.9213,0.0693733,0.0456604
123,-15.9694,-1.38054,1.87514
123,-14.6477,4.14281,1.32943
123,-14.3364,4.20679,0.425707
123,-14.4298,4.29661,0.384107
123,-15.7018,-0.780122,0.750757
123,-15.2679,-1.27076,-0.818631
123,-15.7369,-0.639609,0.76904
123,-16.2439,-0.64908,1.99971
123,-14.8213,4.36087,0.823912
123,-16.2197,-0.659764,1.80655
123,-14.805,4.32527,0.711725
123,-15.9888,-0.537826,1.16982
123,-14.9472,3.85484,0.755829
123,-16.0353,-0.544302,1.17036
123,-14.8941,4.46363,0.794863
123,-16.291,-0.674177,1.51533
123,-16.7373,-1.2824,2.27265
123,-14.4597,5.02411,-0.423876
123,-16.5057,-0.712349,1.47451
123,-17.06,-1.33072,2.34752
123,-17.1082,-1.31302,2.35544
123,-17.0516,-0.58896,2.36808
123,-17.0168,-1.27936,1.87762
123,-15.3436,4.37344,0.0699352
123,-15.1915,4.60918,-0.25154
123,-17.3645,-0.226115,2.72386
123,-17.0812,-0.583374,1.73867
123,-16.798,-1.41617,0.416609
123,-16.9528,1.50705,2.42192
123,-16.0817,-0.793183,-1.18517
123,-15.3182,4.68582,-0.274817
123,-17.3292,0.27131,2.56754
123,-17.2747,0.254953,2.41112
123,-17.5745,-1.15582,2.37982
123,-17.323,-0.367585,2.10709
123,-17.4616,-0.317237,2.39758
123,-16.2718,-0.828649,-1.30338
123,-15.959,3.15877,0.00768209
123,-17.3147,1.29765,2.60271
123,-16.9827,2.8832,2.5815
123,-15.7865,4.42933,0.184781
123,-17.5948,-0.336323,2.41826
123,-16.0021,3.23876,0.0523129
123,-16.0473,3.43603,0.0618523
123,-17.5144,0.690234,2.43935
123,-14.8097,5.13968,-2.40603
123,-16.4585,5.26927,1.9764
123,-17.249,-0.277588,1.03366
123,-17.4383,1.59943,2.4527
123,-16.837,4.8377,2.60701
123,-17.3623,-0.311872,1.06006
123,-16.7682,0.366611,-0.18827
123,-16.2497,3.39758,-0.0389864
123,-16.4781,5.19086,1.55087
123,-14.7896,5.57353,-2.89668
123,-16.7149,3.2076,0.962537
123,-17.4931,-0.30411,1.07706
123,-17.2755,0.404259,0.703496
123,-17.3281,0.491965,0.873833
123,-17.4151,1.96647,1.88935
123,-16.4725,3.21474,-0.00207984
123,-16.8222,3.33587,0.989152
123,-16.636,5.32843,1.57616
123,-16.902,3.35658,0.985778
123,-16.9487,1.25066,0.816527
122,-16.9487,1.25066,0.816527
123,-17.7542,1.61099,-3.89143
122,-17.7542,1.61099,-3.89143
123,-17.0509,1.79058,-2.02933
122,-17.0509,1.79058,-2.02933
123,-15.7464,1.9114,0.482422
122,-15.7464,1.9114,0.482422
123,-16.8758,1.49422,-1.19093
122,-16.8758,1.49422,-1.19093
123,-17.2194,1.6016,-1.18124
122,-17.2194,1.6016,-1.18124
123,-16.8807,4.68198,-3.3816
122,-16.8807,4.68198,-3.3816
123,-15.6941,4.54131,-2.96726
122,-15.6941,4.54131,-2.96726
123,-16.3438,4.93032,-3.70647
122,-16.3438,4.93032,-3.70647
123,-16.9365,4.45691,0.684811
122,-16.9365,4.45691,0.684811
123,-17.5532,3.24572,0.597893
122,-17.5532,3.24572,0.597893
123,-18.5946,1.52764,-0.767804
122,-18.5946,1.52764,-0.767804
123,-15.5985,2.57026,-3.11627
122,-15.5985,2.57026,-3.11627
123,-17.3707,3.26453,-1.62954
122,-17.3707,3.26453,-1.62954
123,-17.651,0.798546,0.616133
122,-17.651,0.798546,0.616133
123,-17.1849,0.460035,0.101414
122,-17.1849,0.460035,0.101414
123,-17.3419,0.757523,-1.76002
122,-17.3419,0.757523,-1.76002
123,-17.4247,2.43617,0.76486
122,-17.4247,2.43617,0.76486
123,-17.2482,4.85268,-4.59976
122,-17.2482,4.85268,-4.59976
123,-16.1806,4.94653,-4.00826
122,-16.1806,4.94653,-4.00826
123,-17.968,5.86436,-2.06023
122,-17.968,5.86436,-2.06023
123,-16.6175,3.55204,-1.52639
122,-16.6175,3.55204,-1.52639
123,-16.7471,4.16801,0.959877
122,-16.7471,4.16801,0.959877
123,-17.0777,3.30322,0.722534
122,-17.0777,3.30322,0.722534
123,-16.8518,3.27784,0.966227
122,-16.8518,3.27784,0.966227
123,-19.0343,-0.574762,-2.47644
122,-19.0343,-0.574762,-2.47644
123,-16.8437,1.47805,-1.65024
122,-16.8437,1.47805,-1.65024
123,-17.1231,1.38443,0.432858
122,-17.1231,1.38443,0.432858
123,-17.0371,1.26486,0.806434
122,-17.0371,1.26486,0.806434
123,-15.7383,3.91927,0.0716483
122,-15.7383,3.91927,0.0716483
123,-17.901,0.183273,-2.8739
122,-17.901,0.183273,-2.8739
123,-19.1474,0.128818,-3.26919
122,-19.1474,0.128818,-3.26919
123,-17.0659,2.84993,-0.616256
122,-17.0659,2.84993,-0.616256
123,-16.3194,0.426594,0.336323
122,-16.3194,0.426594,0.336323
123,-16.842,0.395393,0.78613
122,-16.842,0.395393,0.78613
123,-18.427,-0.227721,-4.29661
122,-18.427,-0.227721,-4.29661
123,-17.7943,1.26845,-4.33932
122,-17.7943,1.26845,-4.33932
123,-16.602,2.77078,-3.82108
122,-16.602,2.77078,-3.82108
123,-15.4556,4.81971,-3.02116
122,-15.4556,4.81971,-3.02116
123,-17.7712,-0.44968,-3.36341
122,-17.7712,-0.44968,-3.36341
123,-18.1155,1.71677,-4.35367
122,-18.1155,1.71677,-4.35367
123,-17.4943,4.27165,0.602179
122,-17.4943,4.27165,0.602179
123,-16.7527,3.6229,-1.73884
122,-16.7527,3.6229,-1.73884
123,-16.8458,5.23871,-2.17189
122,-16.8458,5.23871,-2.17189
123,-17.2987,0.447493,0.0523884
122,-17.2987,0.447493,0.0523884
123,-16.697,1.21161,0.871519
122,-16.697,1.21161,0.871519
123,-15.9056,2.98127,0.32451
122,-15.9056,2.98127,0.32451
123,-16.8693,3.47047,0.925906
122,-16.8693,3.47047,0.925906
123,-16.7766,7.40739,-3.86775
122,-16.7766,7.40739,-3.86775
123,-16.7441,4.58286,-1.12117
122,-16.7441,4.58286,-1.12117
123,-17.5597,6.36466,2.5339
122,-17.5597,6.36466,2.5339
123,-16.6168,-0.469899,-1.57942
122,-16.6168,-0.469899,-1.57942
123,-17.7258,3.13603,-2.14383
122,-17.7258,3.13603,-2.14383
123,-17.0689,4.76886,-4.42914
122,-17.0689,4.76886,-4.42914
123,-17.7918,6.70554,1.94085
122,-17.7918,6.70554,1.94085
123,-16.2013,7.66287,-3.28864
122,-16.2013,7.66287,-3.28864
123,-16.9052,5.88808,0.790401
122,-16.9052,5.88808,0.790401
123,-15.7415,1.69181,1.52304
122,-15.7415,1.69181,1.52304
123,-14.2839,-1.12095,1.2169
122,-14.2839,-1.12095,1.2169
123,-17.8184,4.09955,-1.65746
122,-17.8184,4.09955,-1.65746
123,-17.4321,1.34409,0.763016
122,-17.4321,1.34409,0.763016
123,-17.6831,-0.617114,-1.91587
122,-17.6831,-0.617114,-1.91587
123,-17.1748,1.82929,-1.4535
121,-17.1748,1.82929,-1.4535
123,-17.6676,2.57402,-0.0434522
121,-17.6676,2.57402,-0.0434522
123,-17.1191,3.32645,-0.0404633
121,-17.1191,3.32645,-0.0404633
123,-16.9413,2.81151,-1.56634
121,-16.9413,2.81151,-1.56634
123,-16.1318,5.06047,-3.10438
121,-16.1318,5.06047,-3.10438
123,-16.6306,4.75292,0.761365
121,-16.6306,4.75292,0.761365
123,-17.1801,4.98781,0.770329
121,-17.1801,4.98781,0.770329
123,-17.0224,0.747447,-0.370615
121,-17.0224,0.747447,-0.370615
123,-17.1251,0.741844,-3.36075
121,-17.1251,0.741844,-3.36075
123,-17.5412,-0.442521,-1.74393
121,-17.5412,-0.442521,-1.74393
123,-17.2461,5.38338,0.746393
121,-17.2461,5.38338,0.746393
123,-17.9311,1.85233,-2.51897
121,-17.9311,1.85233,-2.51897
123,-18.5605,2.02703,-0.182291
121,-18.5605,2.02703,-0.182291
123,-17.8836,6.09238,-2.85037
121,-17.8836,6.09238,-2.85037
123,-17.804,0.780879,0.642463
121,-17.804,0.780879,0.642463
123,-17.2259,1.83499,-1.48426
121,-17.2259,1.83499,-1.48426
123,-16.2759,5.03161,-4.10559
121,-16.2759,5.03161,-4.10559
123,-17.1004,2.8787,-1.74827
121,-17.1004,2.8787,-1.74827
123,-18.4333,5.34861,-4.65369
121,-18.4333,5.34861,-4.65369
123,-16.773,4.22666,0.931822
121,-16.773,4.22666,0.931822
123,-17.7116,2.32177,-4.34944
121,-17.7116,2.32177,-4.34944
123,-16.7411,5.67319,0.939929
121,-16.7411,5.67319,0.939929
123,-14.8569,5.31026,-2.59805
121,-14.8569,5.31026,-2.59805
123,-16.2926,5.04797,-4.13729
121,-16.2926,5.04797,-4.13729
123,-15.8249,-0.788111,1.25769
121,-15.8249,-0.788111,1.25769
123,-16.7104,3.04622,-1.59616
121,-16.7104,3.04622,-1.59616
123,-16.2288,-0.638604,-2.53092
121,-16.2288,-0.638604,-2.53092
123,-18.0944,2.1085,-1.69186
121,-18.0944,2.1085,-1.69186
123,-17.6536,-0.871356,-3.64569
121,-17.6536,-0.871356,-3.64569
123,-17.0762,4.63538,-0.983077
121,-17.0762,4.63538,-0.983077
123,-16.237,2.47092,0.158646
121,-16.237,2.47092,0.158646
123,-17.2804,2.94143,-0.66179
121,-17.2804,2.94143,-0.66179
123,-16.1196,-0.511935,1.73939
121,-16.1196,-0.511935,1.73939
123,-17.5118,1.42403,0.661293
120,-17.5118,1.42403,0.661293
123,-17.2483,0.619923,0.966044
120,-17.2483,0.619923,0.966044
123,-17.4082,1.19037,-4.01331
120,-17.4082,1.19037,-4.01331
123,-17.0205,5.48921,-3.91488
120,-17.0205,5.48921,-3.91488
123,-16.0992,2.62045,-3.39327
120,-16.0992,2.62045,-3.39327
123,-17.6389,6.10315,-4.02911
120,-17.6389,6.10315,-4.02911
123,-16.1688,2.65124,-3.45544
120,-16.1688,2.65124,-3.45544
123,-17.2681,2.88622,-1.27309
120,-17.2681,2.88622,-1.27309
123,-17.416,2.95314,0.343159
120,-17.416,2.95314,0.343159
123,-17.8975,6.63943,1.41417
120,-17.8975,6.63943,1.41417
123,-16.0416,4.40705,-0.0331139
120,-16.0416,4.40705,-0.0331139
123,-17.0189,0.511669,2.40249
120,-17.0189,0.511669,2.40249
123,-16.6869,-1.44392,-2.30314
120,-16.6869,-1.44392,-2.30314
123,-16.8176,4.32836,0.275264
120,-16.8176,4.32836,0.275264
123,-17.2267,0.451336,-1.59184
118,-17.2267,0.451336,-1.59184
123,-17.0621,2.56394,-1.36522
118,-17.0621,2.56394,-1.36522
123,-18.0893,3.56204,0.287176
118,-18.0893,3.56204,0.287176
123,-15.2868,4.68931,0.392806
118,-15.2868,4.68931,0.392806
123,-17.1682,1.86323,-1.19782
118,-17.1682,1.86323,-1.19782
123,-16.6321,3.33599,0.500859
118,-16.6321,3.33599,0.500859
123,-17.1632,2.91097,-1.35222
118,-17.1632,2.91097,-1.35222
123,-17.2112,2.93119,-1.37241
118,-17.2112,2.93119,-1.37241
123,-17.2385,1.40611,0.426602
118,-17.2385,1.40611,0.426602
123,-16.741,2.85345,-2.13502
118,-16.741,2.85345,-2.13502
123,-17.2392,1.41394,0.449058
118,-17.2392,1.41394,0.449058
123,-17.5253,-0.615952,-2.11812
116,-17.5253,-0.615952,-2.11812
123,-17.3481,0.881737,-0.267776
116,-17.3481,0.881737,-0.267776
123,-17.2043,0.646066,-1.79421
115,-17.2043,0.646066,-1.79421
123,-20.0629,2.37578,-4.41082
115,-20.0629,2.37578,-4.41082
123,-17.1736,1.6571,-1.608
115,-17.1736,1.6571,-1.608
123,-16.8837,-1.42295,-2.6929
115,-16.8837,-1.42295,-2.6929
123,-17.2791,0.650651,0.912034
112,-17.2791,0.650651,0.912034
123,-17.0075,2.92107,-1.81367
112,-17.0075,2.92107,-1.81367
123,-21.0376,2.84082,-3.24942
112,-21.0376,2.84082,-3.24942
123,-17.1541,0.318409,0.879371
111,-17.1541,0.318409,0.879371
124,-13.8254,-0.793336,0.497974
124,-13.8523,-0.801477,0.487159
124,-14.735,-0.855223,1.47157
124,-14.8056,-0.947478,1.40998
124,-14.764,-0.679295,0.795462
124,-14.0854,4.05722,1.57409
124,-14.2526,4.35266,1.75919
124,-14.2924,3.91622,1.62306
124,-14.0614,4.00597,0.964651
124,-14.3069,4.14583,1.2539
124,-14.2072,4.04457,0.771185
124,-13.8356,4.38466,-0.0716698
124,-15.8799,-1.35678,2.01702
124,-14.9901,0.1071,0.479909
124,-15.012,0.140805,0.473767
124,-14.3199,4.17085,0.723351
124,-15.0569,0.138493,0.303661
124,-15.0102,0.119076,0.102881
124,-14.5034,4.36729,0.667697
124,-15.2126,-1.60968,-0.870734
124,-14.745,3.93959,0.73953
124,-14.4662,4.74635,0.372312
124,-14.788,3.97384,0.722023
124,-14.8175,4.40072,0.810437
124,-16.0059,-0.55959,1.16109
124,-14.8542,4.42007,0.814319
124,-14.8158,4.35523,0.629931
124,-14.9369,4.4314,0.782595
124,-16.3052,-0.64678,1.51197
124,-14.962,4.49476,0.774723
124,-15.1024,3.99758,0.71252
124,-15.8479,0.180199,0.550234
124,-15.93,0.176345,0.5356
124,-16.9714,-1.29402,2.35551
124,-15.344,4.27272,0.742047
124,-16.9993,-0.581934,2.37681
124,-15.4169,4.25115,0.606834
124,-15.4737,4.29165,0.567874
124,-15.5033,4.83674,0.647254
124,-15.6466,3.98616,0.552355
124,-17.289,-0.38751,2.11439
124,-15.328,4.70847,-0.280111
124,-15.6266,4.3108,0.250161
124,-17.2104,-0.626378,1.70389
124,-17.2353,-0.625338,1.73778
124,-17.4131,0.272033,2.59202
124,-17.4603,0.0770973,2.59203
124,-16.9579,-1.46038,0.401807
124,-15.9489,4.07577,0.72831
124,-16.8337,3.02836,2.37323
124,-15.9358,3.23851,0.125229
124,-16.6637,4.50827,2.56744
124,-17.3448,1.28209,2.58633
124,-17.6252,-0.36016,2.38626
124,-16.7091,4.56878,2.59507
124,-16.9272,3.33957,2.45453
124,-16.9627,2.23051,1.92189
124,-17.0865,2.92461,2.59831
124,-16.7217,4.72422,2.61425
124,-16.0663,3.37213,0.0303816
124,-16.1077,3.3678,0.118432
124,-16.07,3.39165,0.0274789
124,-17.5501,1.33211,2.6328
124,-17.5232,1.58798,2.4727
124,-16.6375,6.44729,2.63375
124,-16.5072,3.28084,0.555068
124,-14.9726,4.6972,-2.70564
124,-16.9738,0.412361,0.0144002
124,-16.8032,5.82068,2.48072
124,-17.2602,0.400643,0.711059
124,-17.2757,0.720264,0.915152
124,-17.2754,0.358294,0.696286
124,-17.3151,0.349874,0.694268
124,-17.3138,4.07148,2.6412
124,-15.5193,5.95775,-1.06251
124,-17.3589,4.09297,2.62762
124,-17.1572,0.400475,-0.0257418
124,-17.2737,1.28941,0.757819
124,-16.6155,3.33327,0.113245
124,-17.1722,0.599341,-0.0721393
124,-18.0376,3.39196,0.512529
123,-18.0376,3.39196,0.512529
124,-17.0711,1.29025,-0.233231
123,-17.0711,1.29025,-0.233231
124,-16.8256,0.714891,-1.46106
123,-16.8256,0.714891,-1.46106
124,-16.0391,2.79834,-3.38279
123,-16.0391,2.79834,-3.38279
124,-17.6717,1.24526,-4.22744
123,-17.6717,1.24526,-4.22744
124,-17.3986,0.587517,-0.370139
123,-17.3986,0.587517,-0.370139
124,-17.2454,1.79575,-1.20954
123,-17.2454,1.79575,-1.20954
124,-16.423,2.69041,-3.32782
123,-16.423,2.69041,-3.32782
124,-17.3074,0.704378,-2.14256
123,-17.3074,0.704378,-2.14256
124,-17.0001,1.53587,-3.64954
123,-17.0001,1.53587,-3.64954
124,-17.2437,0.401716,-1.03693
123,-17.2437,0.401716,-1.03693
124,-16.9832,2.78663,-0.0570778
123,-16.9832,2.78663,-0.0570778
124,-18.8148,4.27747,-4.4837
123,-18.8148,4.27747,-4.4837
124,-17.4047,3.74426,-1.33987
123,-17.4047,3.74426,-1.33987
124,-17.0488,4.4549,-1.92071
123,-17.0488,4.4549,-1.92071
124,-17.1011,2.38223,0.130808
123,-17.1011,2.38223,0.130808
124,-16.7117,5.20035,0.624826
123,-16.7117,5.20035,0.624826
124,-16.2529,5.08837,-3.47351
123,-16.2529,5.08837,-3.47351
124,-16.9157,-0.493733,-1.55118
123,-16.9157,-0.493733,-1.55118
124,-17.4688,0.0604606,-3.51463
123,-17.4688,0.0604606,-3.51463
124,-17.265,2.03527,0.698375
123,-17.265,2.03527,0.698375
124,-14.8159,0.0946295,0.473445
123,-14.8159,0.0946295,0.473445
124,-18.728,6.02314,-4.59693
123,-18.728,6.02314,-4.59693
124,-17.9591,5.2059,-3.64468
123,-17.9591,5.2059,-3.64468
124,-17.777,3.12278,-0.894176
123,-17.777,3.12278,-0.894176
124,-17.4004,0.400592,-1.10482
123,-17.4004,0.400592,-1.10482
124,-17.5924,3.2144,0.604479
123,-17.5924,3.2144,0.604479
124,-16.8037,4.54562,-4.15621
123,-16.8037,4.54562,-4.15621
124,-16.7644,2.86356,-0.894831
123,-16.7644,2.86356,-0.894831
124,-17.2004,6.33471,-2.44456
123,-17.2004,6.33471,-2.44456
124,-17.6226,2.28777,-4.26482
123,-17.6226,2.28777,-4.26482
124,-16.7681,4.28641,0.130936
123,-16.7681,4.28641,0.130936
124,-16.6671,4.20115,0.142426
123,-16.6671,4.20115,0.142426
124,-16.5222,4.15178,0.398322
123,-16.5222,4.15178,0.398322
124,-18.096,1.75193,-4.64475
123,-18.096,1.75193,-4.64475
124,-16.5507,5.59661,-3.83072
123,-16.5507,5.59661,-3.83072
124,-16.1242,4.50286,-0.0841851
123,-16.1242,4.50286,-0.0841851
124,-15.8278,6.34008,-2.84431
123,-15.8278,6.34008,-2.84431
124,-17.2995,2.95091,-1.91148
123,-17.2995,2.95091,-1.91148
124,-16.1135,6.134,-3.2504
123,-16.1135,6.134,-3.2504
124,-16.9845,5.14427,0.910582
123,-16.9845,5.14427,0.910582
124,-16.4336,7.02131,-3.5235
123,-16.4336,7.02131,-3.5235
124,-16.7014,2.82702,-0.83637
123,-16.7014,2.82702,-0.83637
124,-17.0731,-1.05434,2.36088
123,-17.0731,-1.05434,2.36088
124,-17.4219,6.26438,1.47166
123,-17.4219,6.26438,1.47166
124,-17.6281,3.27613,0.569326
123,-17.6281,3.27613,0.569326
124,-16.9313,1.81763,-0.795396
123,-16.9313,1.81763,-0.795396
124,-18.0971,4.57782,-4.31924
122,-18.0971,4.57782,-4.31924
124,-17.3773,0.801855,-0.302594
122,-17.3773,0.801855,-0.302594
124,-16.8401,4.83429,0.7659
122,-16.8401,4.83429,0.7659
124,-17.077,0.731157,-3.31592
122,-17.077,0.731157,-3.31592
124,-17.6521,3.14563,0.386025
122,-17.6521,3.14563,0.386025
124,-17.2256,2.14773,-3.9502
122,-17.2256,2.14773,-3.9502
124,-16.9676,4.85234,0.760591
122,-16.9676,4.85234,0.760591
124,-17.0023,1.79039,-1.74039
122,-17.0023,1.79039,-1.74039
124,-17.0057,2.98802,-1.15582
122,-17.0057,2.98802,-1.15582
124,-17.4698,4.82506,0.598024
122,-17.4698,4.82506,0.598024
124,-16.9889,4.77149,-1.24432
122,-16.9889,4.77149,-1.24432
124,-17.0422,-0.00361494,1.02339
122,-17.0422,-0.00361494,1.02339
124,-17.3783,5.16375,-3.51326
122,-17.3783,5.16375,-3.51326
124,-16.6352,4.15899,0.366651
122,-16.6352,4.15899,0.366651
124,-16.012,5.09178,0.949519
122,-16.012,5.09178,0.949519
124,-16.5694,2.79529,-0.944047
122,-16.5694,2.79529,-0.944047
124,-17.819,6.02528,-2.81841
122,-17.819,6.02528,-2.81841
124,-18.1498,2.66668,2.71449
122,-18.1498,2.66668,2.71449
124,-17.0283,6.16795,-2.32709
122,-17.0283,6.16795,-2.32709
124,-16.6878,3.40829,-1.95071
122,-16.6878,3.40829,-1.95071
124,-18.6678,2.82593,2.7848
122,-18.6678,2.82593,2.7848
124,-17.294,5.16943,-1.62765
122,-17.294,5.16943,-1.62765
124,-17.8923,6.40452,-4.32122
122,-17.8923,6.40452,-4.32122
124,-16.507,3.68962,0.806746
122,-16.507,3.68962,0.806746
124,-16.6489,5.03422,-3.81151
121,-16.6489,5.03422,-3.81151
124,-17.2639,0.456054,-0.140174
121,-17.2639,0.456054,-0.140174
124,-17.0954,2.85636,-2.106
121,-17.0954,2.85636,-2.106
124,-16.7104,2.90356,-1.19888
121,-16.7104,2.90356,-1.19888
124,-17.2921,1.9401,0.747148
121,-17.2921,1.9401,0.747148
124,-17.3997,1.20434,-3.98714
121,-17.3997,1.20434,-3.98714
124,-17.1186,1.6538,-1.80761
121,-17.1186,1.6538,-1.80761
124,-17.2525,1.92871,0.754378
121,-17.2525,1.92871,0.754378
124,-17.1362,3.3258,-0.0178769
121,-17.1362,3.3258,-0.0178769
124,-17.1222,5.26334,-4.04359
121,-17.1222,5.26334,-4.04359
124,-16.9082,1.45464,-1.72758
121,-16.9082,1.45464,-1.72758
124,-16.1381,4.18822,-0.072197
121,-16.1381,4.18822,-0.072197
124,-14.9172,4.35754,0.523199
121,-14.9172,4.35754,0.523199
124,-17.0436,1.63229,-1.97191
121,-17.0436,1.63229,-1.97191
124,-16.9708,3.27443,-1.70565
120,-16.9708,3.27443,-1.70565
124,-16.8503,3.46923,0.172773
120,-16.8503,3.46923,0.172773
124,-16.9212,4.53512,0.943889
120,-16.9212,4.53512,0.943889
124,-16.1271,4.52835,-0.0897983
120,-16.1271,4.52835,-0.0897983
124,-17.1404,2.29338,-0.99575
120,-17.1404,2.29338,-0.99575
124,-14.9534,-0.318955,0.858114
120,-14.9534,-0.318955,0.858114
124,-16.0601,4.39116,-0.0403096
120,-16.0601,4.39116,-0.0403096
124,-17.2948,2.67188,-1.35829
120,-17.2948,2.67188,-1.35829
124,-16.5095,7.016,-3.4698
120,-16.5095,7.016,-3.4698
124,-18.7331,4.50465,-4.4367
118,-18.7331,4.50465,-4.4367
124,-17.5713,5.0429,-4.46117
118,-17.5713,5.0429,-4.46117
124,-16.9841,2.51088,-1.32197
118,-16.9841,2.51088,-1.32197
124,-17.362,2.65725,-0.020371
118,-17.362,2.65725,-0.020371
124,-16.9416,2.81085,-1.54802
118,-16.9416,2.81085,-1.54802
124,-17.9305,3.35117,0.52562
118,-17.9305,3.35117,0.52562
124,-17.1933,3.90774,-1.12841
118,-17.1933,3.90774,-1.12841
124,-16.7991,2.61485,-1.17007
118,-16.7991,2.61485,-1.17007
124,-17.2117,0.774909,-1.47319
115,-17.2117,0.774909,-1.47319
124,-17.3173,0.80967,-1.15408
115,-17.3173,0.80967,-1.15408
124,-17.2775,3.09713,-1.33551
112,-17.2775,3.09713,-1.33551
124,-17.1582,3.06011,-1.3259
112,-17.1582,3.06011,-1.3259
124,-17.2087,1.82834,-1.86926
111,-17.2087,1.82834,-1.86926
124,-17.211,0.739963,-1.40403
113,-17.211,0.739963,-1.40403
125,-14.157,-0.651877,0.32342
125,-14.0295,3.9108,1.8106
125,-14.0329,3.90325,1.67427
125,-14.1397,4.01189,1.79873
125,-14.099,4.33915,1.76221
125,-14.3234,4.04842,1.86906
125,-14.3565,4.20503,2.05381
125,-14.0127,4.0939,0.766486
125,-14.0356,4.11058,0.754813
125,-14.2311,4.59317,1.50457
125,-14.098,4.20393,0.727824
125,-14.3093,4.16084,1.28124
125,-14.4676,4.04745,1.59184
125,-14.1478,4.4068,0.905577
125,-14.4902,4.62075,1.54806
125,-14.277,4.55422,0.881344
125,-14.3319,3.94546,0.532848
125,-14.2838,4.38632,0.665872
125,-14.327,4.18644,0.428365
125,-14.4088,4.81749,0.822655
125,-14.4069,4.79635,0.799731
125,-15.8041,-0.774767,1.14908
125,-15.8195,-0.800709,1.13383
125,-15.815,-0.707928,0.76888
125,-15.869,-0.600084,0.793201
125,-16.3328,-1.23002,1.68044
125,-16.0697,-0.578358,1.13264
125,-14.93,4.47248,0.792046
125,-16.1786,-0.620198,1.1118
125,-16.5456,-1.21367,1.71635
125,-16.3771,-0.718123,1.5122
125,-14.6916,4.48271,-0.0550158
125,-15.1716,3.98663,0.852547
125,-15.1755,4.02201,0.816805
125,-16.4836,-0.6888,1.50343
125,-16.7932,-0.541207,2.35946
125,-16.6749,-0.855626,1.68394
125,-16.4355,-0.871539,0.610196
125,-17.0035,-0.579543,2.3552
125,-15.4544,4.27986,0.557302
125,-15.1404,4.54647,-0.204928
125,-17.4112,-1.11732,2.35662
125,-17.4462,-1.16002,2.37479
125,-17.2666,-0.378745,2.08747
125,-16.7903,2.73281,2.57131
125,-17.4046,0.309227,2.76636
125,-17.1566,1.13034,2.56744
125,-17.1691,1.28645,2.62562
125,-17.5807,-0.128974,2.83883
125,-17.3898,-0.405893,2.10217
125,-17.1932,1.28607,2.59298
125,-17.2454,1.13404,2.5948
125,-17.0377,-1.46725,0.356882
125,-17.6507,-0.146415,2.86653
125,-16.7998,2.14839,1.88794
125,-17.6637,-0.135443,2.86786
125,-17.0912,-1.49864,0.357016
125,-16.5914,4.3511,2.58683
125,-17.0135,2.82464,2.78183
125,-17.3198,1.27311,2.59405
125,-17.2717,1.28007,2.39592
125,-15.2126,5.64781,-0.653718
125,-17.0788,2.85971,2.79566
125,-17.4568,0.602525,2.43555
125,-16.056,3.37307,0.0430119
125,-17.4226,1.09375,2.43682
125,-16.9745,3.14116,2.45405
125,-17.4387,1.31068,2.60669
125,-16.3479,5.02511,1.65122
125,-16.3457,5.108,1.58755
125,-16.4596,6.28686,2.60123
125,-17.0086,1.27779,1.01383
125,-17.1941,1.92855,1.91129
125,-17.4451,1.73668,2.46796
125,-14.8018,5.77626,-2.41946
125,-16.4295,3.25457,0.533589
125,-17.0634,1.26486,1.00538
125,-17.0743,1.22441,0.950063
125,-17.2528,3.14564,2.62816
125,-16.8296,4.76935,2.41186
125,-15.8075,3.70157,-1.12089
125,-17.1046,2.08409,1.43854
125,-17.206,0.20726,0.542486
125,-17.3188,1.95762,1.92081
125,-16.6032,6.35596,2.6385
125,-17.0303,0.360186,0.0828083
125,-17.1611,1.24866,0.932037
125,-16.6288,6.45026,2.64009
125,-16.9639,4.94365,2.63922
125,-16.5741,4.07178,0.996281
125,-17.2058,1.2925,0.978737
125,-16.5194,4.64303,1.10228
125,-16.7193,3.44921,0.809617
125,-16.7311,3.67414,0.95874
125,-17.0784,1.3708,0.455302
125,-16.7398,3.05906,0.525563
125,-17.4002,0.196546,0.490294
125,-17.2833,2.13345,1.36241
125,-16.6603,4.19349,0.889826
125,-17.3453,0.724566,0.638116
125,-17.7593,-0.36754,1.06447
125,-17.1365,5.04606,2.65444
125,-17.2994,1.29317,0.757679
125,-16.9612,5.96136,2.65829
125,-15.2393,5.02685,-2.74226
125,-17.2076,1.3707,0.448577
125,-15.2551,5.06081,-2.77287
125,-16.8885,3.7233,0.944251
125,-16.678,4.25608,0.652176
125,-16.8651,6.63051,2.6408
125,-16.5522,4.17703,0.214133
125,-17.1716,2.19524,0.708634
125,-16.6883,4.58593,0.844376
125,-16.6619,4.9687,0.961747
125,-16.9149,3.86339,0.929906
125,-16.7626,4.36582,0.771691
125,-17.0732,3.36283,-2.15806
124,-17.0732,3.36283,-2.15806
125,-17.7462,5.43566,-3.84179
124,-17.7462,5.43566,-3.84179
125,-16.984,4.7945,-3.13187
124,-16.984,4.7945,-3.13187
125,-18.8018,5.76528,-4.31247
124,-18.8018,5.76528,-4.31247
125,-17.3203,2.91202,-0.170947
124,-17.3203,2.91202,-0.170947
125,-17.2445,0.630456,-1.59569
124,-17.2445,0.630456,-1.59569
125,-17.0406,1.29061,-0.225861
124,-17.0406,1.29061,-0.225861
125,-17.0909,5.37958,0.544362
124,-17.0909,5.37958,0.544362
125,-16.6462,0.950285,-0.204091
124,-16.6462,0.950285,-0.204091
125,-16.1529,5.24971,-3.4334
124,-16.1529,5.24971,-3.4334
125,-17.1069,2.38693,0.124715
124,-17.1069,2.38693,0.124715
125,-17.5488,0.755343,-3.71565
124,-17.5488,0.755343,-3.71565
125,-17.4626,1.90316,-0.101409
124,-17.4626,1.90316,-0.101409
125,-17.0433,0.833501,-0.0127962
124,-17.0433,0.833501,-0.0127962
125,-17.2744,4.09301,-3.99524
124,-17.2744,4.09301,-3.99524
125,-18.3838,5.52145,-1.68018
124,-18.3838,5.52145,-1.68018
125,-17.2998,1.5549,-1.78798
124,-17.2998,1.5549,-1.78798
125,-16.9242,0.723156,0.97184
124,-16.9242,0.723156,0.97184
125,-16.5479,4.21849,0.794161
124,-16.5479,4.21849,0.794161
125,-17.1124,5.78909,-3.58754
124,-17.1124,5.78909,-3.58754
125,-17.1146,4.74069,-1.99332
124,-17.1146,4.74069,-1.99332
125,-17.1683,6.33083,-2.43584
124,-17.1683,6.33083,-2.43584
125,-17.2556,1.91344,-3.17506
124,-17.2556,1.91344,-3.17506
125,-16.7648,2.73616,-0.447226
124,-16.7648,2.73616,-0.447226
125,-16.2701,2.78545,-2.91103
124,-16.2701,2.78545,-2.91103
125,-16.3323,5.57762,-1.46122
124,-16.3323,5.57762,-1.46122
125,-17.4063,6.53932,-2.59901
124,-17.4063,6.53932,-2.59901
125,-34.3119,11.9847,4.71101
124,-34.3119,11.9847,4.71101
125,-17.2045,6.05475,1.4456
124,-17.2045,6.05475,1.4456
125,-17.692,6.16158,0.666108
124,-17.692,6.16158,0.666108
125,-15.9563,5.83761,-2.53543
124,-15.9563,5.83761,-2.53543
125,-16.6245,0.267025,0.110132
124,-16.6245,0.267025,0.110132
125,-18.2849,0.889961,-0.438717
124,-18.2849,0.889961,-0.438717
125,-35.2618,12.4523,4.81695
124,-35.2618,12.4523,4.81695
125,-15.7796,-0.554903,2.0125
124,-15.7796,-0.554903,2.0125
125,-17.9626,0.764061,-2.4949
124,-17.9626,0.764061,-2.4949
125,-16.7027,1.7272,-1.49305
124,-16.7027,1.7272,-1.49305
125,-18.5711,0.999878,0.448422
124,-18.5711,0.999878,0.448422
125,-16.3765,7.39818,-1.00997
124,-16.3765,7.39818,-1.00997
125,-13.6332,-0.701562,0.603269
124,-13.6332,-0.701562,0.603269
125,-17.4119,2.4766,0.00285149
124,-17.4119,2.4766,0.00285149
125,-14.6039,3.7852,1.71198
124,-14.6039,3.7852,1.71198
125,-15.2006,2.6577,0.836043
124,-15.2006,2.6577,0.836043
125,-18.406,7.53564,-3.36595
124,-18.406,7.53564,-3.36595
125,-15.5661,3.55495,0.591557
124,-15.5661,3.55495,0.591557
125,-17.5363,5.76005,-3.6522
123,-17.5363,5.76005,-3.6522
125,-17.9386,3.40841,0.521685
123,-17.9386,3.40841,0.521685
125,-16.8061,4.12493,1.00285
123,-16.8061,4.12493,1.00285
125,-17.1387,0.398692,0.737828
123,-17.1387,0.398692,0.737828
125,-17.2031,0.639892,-1.78544
123,-17.2031,0.639892,-1.78544
125,-16.8683,3.12816,-1.74981
123,-16.8683,3.12816,-1.74981
125,-16.8805,4.46268,0.198228
123,-16.8805,4.46268,0.198228
125,-16.2724,4.37895,0.698529
123,-16.2724,4.37895,0.698529
125,-17.1127,0.766666,-0.387121
123,-17.1127,0.766666,-0.387121
125,-17.2732,1.7446,-1.49412
123,-17.2732,1.7446,-1.49412
125,-18.1866,1.94365,-0.0775466
123,-18.1866,1.94365,-0.0775466
125,-16.5655,5.6361,-3.18154
123,-16.5655,5.6361,-3.18154
125,-16.148,4.5779,-0.230588
123,-16.148,4.5779,-0.230588
125,-17.8175,2.53125,-4.53266
123,-17.8175,2.53125,-4.53266
125,-17.5359,1.51408,-0.518315
123,-17.5359,1.51408,-0.518315
125,-17.1931,1.72891,-1.45386
123,-17.1931,1.72891,-1.45386
125,-17.3383,2.40799,0.790648
123,-17.3383,2.40799,0.790648
125,-16.2133,4.26038,-0.10885
123,-16.2133,4.26038,-0.10885
125,-17.5336,1.61685,2.46416
123,-17.5336,1.61685,2.46416
125,-18.2508,1.96134,-0.099973
123,-18.2508,1.96134,-0.099973
125,-17.0411,2.79176,0.450747
123,-17.0411,2.79176,0.450747
125,-16.672,4.47399,-1.83166
123,-16.672,4.47399,-1.83166
125,-16.9009,3.35179,0.989306
123,-16.9009,3.35179,0.989306
125,-17.5934,0.700793,2.79082
123,-17.5934,0.700793,2.79082
125,-17.4045,1.31385,0.746075
123,-17.4045,1.31385,0.746075
125,-15.3376,4.14957,0.536744
123,-15.3376,4.14957,0.536744
125,-16.9021,5.48357,-3.71257
123,-16.9021,5.48357,-3.71257
125,-16.4599,7.275,-3.06522
123,-16.4599,7.275,-3.06522
125,-16.5093,3.49912,-1.57153
123,-16.5093,3.49912,-1.57153
125,-17.2694,1.50132,-1.08567
123,-17.2694,1.50132,-1.08567
125,-16.8035,2.76035,-1.15478
123,-16.8035,2.76035,-1.15478
125,-17.0842,0.607552,-1.66452
123,-17.0842,0.607552,-1.66452
125,-16.5947,2.79824,-2.03962
123,-16.5947,2.79824,-2.03962
125,-17.2175,5.81092,1.52596
123,-17.2175,5.81092,1.52596
125,-16.0566,7.05612,-2.99509
123,-16.0566,7.05612,-2.99509
125,-16.8667,0.486673,-1.50627
123,-16.8667,0.486673,-1.50627
125,-16.8404,0.549354,-0.944955
123,-16.8404,0.549354,-0.944955
125,-16.9748,1.83581,-1.28016
122,-16.9748,1.83581,-1.28016
125,-18.2905,4.33061,-4.48607
122,-18.2905,4.33061,-4.48607
125,-18.9632,4.66604,-4.63742
122,-18.9632,4.66604,-4.63742
125,-16.3748,5.45043,-3.66264
122,-16.3748,5.45043,-3.66264
125,-17.342,0.901428,0.962213
122,-17.342,0.901428,0.962213
125,-18.0015,-0.510981,-3.92044
122,-18.0015,-0.510981,-3.92044
125,-17.8909,1.46297,-0.446031
122,-17.8909,1.46297,-0.446031
125,-17.4551,5.09539,-4.21236
122,-17.4551,5.09539,-4.21236
125,-17.6866,1.42798,-0.365884
122,-17.6866,1.42798,-0.365884
125,-16.6119,2.68177,-1.50063
122,-16.6119,2.68177,-1.50063
125,-19.5625,3.25136,-4.3928
121,-19.5625,3.25136,-4.3928
125,-17.349,5.7615,-4.02318
121,-17.349,5.7615,-4.02318
125,-17.8582,1.07591,-0.684947
121,-17.8582,1.07591,-0.684947
125,-17.1888,3.00305,0.897867
121,-17.1888,3.00305,0.897867
125,-17.2682,0.394821,-1.63437
121,-17.2682,0.394821,-1.63437
125,-16.7358,4.84948,0.758104
121,-16.7358,4.84948,0.758104
125,-17.2141,1.8167,-1.48742
121,-17.2141,1.8167,-1.48742
125,-16.8491,0.747523,-1.52019
121,-16.8491,0.747523,-1.52019
125,-16.5542,3.21766,-1.92163
121,-16.5542,3.21766,-1.92163
125,-17.5004,2.3645,0.424142
121,-17.5004,2.3645,0.424142
125,-17.0927,2.86077,-1.87528
120,-17.0927,2.86077,-1.87528
125,-17.2756,1.73214,-2.14362
120,-17.2756,1.73214,-2.14362
125,-17.084,3.17754,-1.6583
120,-17.084,3.17754,-1.6583
125,-17.1496,3.75769,-1.32244
120,-17.1496,3.75769,-1.32244
125,-17.0326,5.07564,0.691188
120,-17.0326,5.07564,0.691188
125,-17.3891,4.69927,0.85153
120,-17.3891,4.69927,0.85153
125,-17.1914,2.92374,-0.888686
118,-17.1914,2.92374,-0.888686
125,-16.6855,2.35688,2.40158
118,-16.6855,2.35688,2.40158
125,-17.1532,2.90832,-0.875887
118,-17.1532,2.90832,-0.875887
125,-17.3233,0.752616,-1.75284
118,-17.3233,0.752616,-1.75284
125,-14.2462,-0.914832,0.87506
118,-14.2462,-0.914832,0.87506
125,-17.3891,1.8171,-1.88707
118,-17.3891,1.8171,-1.88707
125,-16.1668,4.16119,-0.0683685
118,-16.1668,4.16119,-0.0683685
125,-17.0626,2.94972,-0.988069
118,-17.0626,2.94972,-0.988069
125,-16.0155,4.03858,-0.025885
118,-16.0155,4.03858,-0.025885
125,-17.9165,3.36571,0.529
115,-17.9165,3.36571,0.529
125,-17.2191,0.314818,0.89591
111,-17.2191,0.314818,0.89591
125,-17.1472,2.88765,-1.88605
113,-17.1472,2.88765,-1.88605
126,-11.4463,1.32572,2.23023
126,-11.4457,1.32782,2.2278
126,-11.8378,1.26221,2.23438
126,-13.1886,1.45194,2.3062
126,-12.9929,4.40709,0.615843
126,-13.0092,4.42272,0.601314
126,-14.6815,0.0989543,0.536
126,-14.8517,0.134664,0.631835
126,-14.8589,0.136047,0.631709
126,-13.9723,4.49519,2.37512
126,-14.0327,4.47588,2.35578
126,-14.0312,4.13117,1.95302
126,-14.06,4.57151,2.37356
126,-14.0396,4.731,2.45775
126,-14.0023,4.77116,2.37277
126,-14.0059,4.77385,2.37958
126,-14.0787,3.97112,1.67767
126,-14.053,4.34575,1.99345
126,-14.1288,4.01452,1.81072
126,-14.1214,4.20502,1.95553
126,-14.0666,4.29046,1.88859
126,-14.108,3.99928,1.67248
126,-14.051,4.27121,1.77033
126,-14.1456,4.61399,2.36503
126,-14.1397,4.63514,2.36495
126,-14.126,4.0211,1.6674
126,-14.0909,4.33241,1.87176
126,-14.0632,4.31204,1.76067
126,-14.0918,4.32264,1.76531
126,-14.2,4.07605,1.80774
126,-14.2165,4.59717,2.35219
126,-14.1112,4.15044,1.55241
126,-14.2354,4.10016,1.81031
126,-14.2052,4.29164,1.92431
126,-14.2134,4.2795,1.9275
126,-13.9879,4.37055,1.37392
126,-14.1503,4.27501,1.70986
126,-14.3212,4.18697,2.06524
126,-14.2301,4.36362,1.96211
126,-14.3368,4.19831,2.05967
126,-14.1802,4.28719,1.70691
126,-14.2279,4.30953,1.84224
126,-14.1692,4.25364,1.58901
126,-14.1695,4.41043,1.75521
126,-14.034,4.59197,1.55986
126,-14.2209,4.28834,1.75627
126,-14.2665,4.36889,1.91332
126,-14.2345,4.4983,1.9197
126,-14.1465,4.38979,1.53151
126,-14.2152,4.45406,1.75237
126,-14.2563,4.11037,1.40851
126,-14.2872,4.2864,1.65037
126,-14.1097,4.05486,0.866039
126,-14.3972,4.0051,1.62414
126,-14.2112,4.50769,1.55711
126,-14.2257,4.60748,1.55978
126,-14.4687,4.06897,1.61316
126,-14.2223,4.64377,1.51885
126,-14.4698,4.06436,1.60424
126,-14.4462,4.13445,1.60329
126,-14.2016,4.09025,0.775864
126,-14.2075,4.09849,0.755918
126,-14.2284,4.08721,0.763117
126,-14.1207,4.33088,0.685727
126,-14.1211,4.26187,0.550531
126,-14.3666,4.55781,1.55255
126,-14.0738,4.64363,0.799267
126,-14.1402,4.35821,0.677841
126,-13.8193,4.45456,-0.173619
126,-14.2108,4.05504,0.514362
126,-15.7093,0.1728,0.627571
126,-14.1464,4.28131,0.535698
126,-14.2352,4.12785,0.60601
126,-14.2544,4.07171,0.499584
126,-13.6676,5.07475,-0.11953
126,-14.2632,4.08715,0.505622
126,-14.1353,4.70338,0.776687
126,-13.6715,5.10287,-0.123509
126,-14.3138,4.09901,0.632232
126,-14.1458,4.69911,0.765208
126,-14.3533,4.37489,0.936648
126,-15.7362,0.257951,0.462593
126,-14.2915,4.1458,0.465156
126,-14.3084,4.16763,0.448776
126,-15.8868,0.112634,0.609543
126,-14.3695,4.09215,0.530645
126,-14.3814,4.19553,0.449158
126,-15.8636,0.249481,0.434355
126,-14.4801,4.07568,0.567795
126,-14.457,4.15361,0.509807
126,-15.8972,0.243317,0.421852
126,-14.3454,4.73995,0.804682
126,-14.5374,4.14251,0.524756
126,-14.5509,4.14162,0.541527
126,-14.625,4.11726,0.626757
126,-14.3485,4.64627,0.376783
126,-14.2554,4.46922,-0.112632
126,-14.0887,4.72737,-0.361282
126,-14.1098,4.71464,-0.318404
126,-14.3913,4.67987,0.354695
126,-14.41,4.66128,0.367782
126,-14.3975,4.7,0.357404
126,-14.41,4.69687,0.341451
126,-14.3259,4.5401,-0.075516
126,-14.7335,4.3122,0.814717
126,-14.1405,5.77445,0.5897
126,-14.7506,4.33062,0.663131
126,-14.8672,4.09543,0.716276
126,-14.76,4.38272,0.680294
126,-14.8219,4.30087,0.68122
126,-16.9973,0.316778,2.61811
126,-14.7931,4.42676,0.6759
126,-14.8102,4.3757,0.652342
126,-14.8094,4.37922,0.643177
126,-14.0414,5.6865,-0.20872
126,-14.9174,4.39384,0.877082
126,-14.8315,4.42694,0.655631
126,-17.3578,-0.0487252,2.62113
126,-14.4152,5.95383,0.639864
126,-14.4281,5.9765,0.642963
126,-14.4431,6.02463,0.657968
126,-17.308,0.254273,2.64891
126,-17.3284,0.2639,2.66607
126,-14.4505,6.04622,0.636117
126,-14.4639,6.0696,0.632811
126,-15.0634,4.10784,0.229634
126,-14.5937,5.78701,0.686048
126,-14.194,5.90679,-0.330704
126,-14.6382,5.83021,0.6788
126,-14.2272,5.9683,-0.367328
126,-15.31,4.18933,0.729371
126,-17.1815,-0.2666,1.11114
126,-16.9054,0.18245,0.656477
126,-16.7457,1.83286,1.949
126,-17.3332,0.915207,2.63721
126,-16.9121,0.194428,0.627793
126,-17.086,1.53269,2.46444
126,-15.3485,4.68556,0.658309
126,-16.8524,2.39352,2.45869
126,-17.1743,1.54811,2.45228
126,-15.3626,4.70273,0.657561
126,-14.8309,6.65647,1.10651
126,-17.1155,0.139839,0.613989
126,-15.1644,4.57592,-0.217658
126,-17.4076,1.2992,2.6272
126,-17.6121,0.912573,2.67091
126,-15.8844,3.12343,0.054178
126,-16.9056,2.86145,2.60282
126,-16.7271,3.2702,2.46646
126,-16.9813,2.82756,2.65915
126,-17.0024,2.8608,2.64025
126,-15.9021,4.16814,0.841415
126,-17.0635,0.435305,0.125919
126,-15.9602,4.20435,0.836184
126,-16.05,3.19341,-0.158002
126,-14.4805,6.08427,-1.64595
126,-17.0913,2.07071,1.4532
126,-17.101,2.079,1.46874
126,-17.0583,3.09172,2.42534
126,-17.1359,3.07548,2.62109
126,-17.0357,1.36108,0.497937
126,-17.0278,1.39326,0.50422
126,-16.2682,3.23092,0.246893
126,-17.0633,1.35401,0.497435
126,-17.0588,1.39811,0.493659
126,-17.2259,0.416795,-0.119442
126,-17.1746,-0.106309,-0.878224
126,-17.1004,2.07334,1.17448
126,-17.0823,2.09082,1.13416
126,-16.6139,3.27213,1.04835
126,-17.3572,0.391132,0.0483367
126,-16.6537,4.72333,2.67174
126,-16.2066,3.43065,-0.0197065
126,-17.369,0.408323,0.0265954
126,-17.3236,0.419165,-0.119238
126,-15.265,7.26656,1.29882
126,-17.0037,3.89901,2.61111
126,-16.2937,5.22383,1.97599
126,-17.2144,1.39209,0.485323
126,-17.4537,0.401273,0.0237942
126,-16.2968,3.46977,-0.0570648
126,-14.6107,6.30356,-1.83411
126,-16.4755,4.0355,1.04295
126,-17.2694,1.3827,0.468872
126,-15.3187,7.35557,1.26909
126,-16.771,4.80099,2.62544
126,-16.5553,3.47454,0.554756
126,-17.3714,-0.0821041,-0.937292
126,-17.2821,3.53068,2.63783
126,-16.8285,4.65862,2.50625
126,-14.6671,6.37019,-1.86081
126,-16.493,3.24583,-0.00905752
126,-14.7876,5.65945,-2.29482
126,-16.7374,3.62292,1.04145
126,-16.9363,4.64182,2.69813
126,-16.8867,4.66758,2.51826
126,-14.8103,5.68068,-2.32378
126,-17.3338,0.794065,-0.396133
126,-17.2034,2.17682,0.710227
126,-16.5986,4.09927,1.01659
126,-16.6269,3.54747,0.488953
126,-16.5473,3.26723,-0.0401394
126,-16.8875,4.87842,2.64213
126,-16.8446,3.44668,0.98054
126,-16.4519,4.36906,0.800366
126,-17.2157,2.48862,0.961743
126,-16.4294,5.19881,1.5942
126,-16.2539,4.8593,0.722368
126,-16.2553,4.88016,0.70116
126,-17.4617,1.39524,0.392779
126,-16.2678,4.93275,0.766377
126,-15.0259,5.36996,-2.36849
126,-17.2043,0.483401,-1.38765
126,-17.504,0.859792,-0.141682
126,-16.779,3.73471,0.829823
126,-16.2972,4.90619,0.696195
126,-17.1276,0.785569,-1.37581
126,-17.2643,0.605486,-1.26402
126,-17.2052,1.85891,-0.0942416
126,-16.828,3.76042,0.814847
126,-16.955,1.84969,-0.890418
126,-14.854,6.65873,-1.74925
126,-17.8962,0.779064,0.633249
126,-15.5533,7.63975,1.2462
126,-17.0394,3.42035,0.952031
126,-17.0623,5.00788,2.71453
126,-14.8911,5.92222,-2.50276
126,-17.1934,2.87169,0.732629
126,-16.959,1.86706,-1.06028
126,-17.4061,2.54262,0.919315
126,-16.6017,4.22135,0.377806
126,-16.7623,5.78263,2.48909
126,-14.8405,6.62231,-2.09881
126,-17.0131,3.62859,0.889269
126,-17.3618,1.86145,-0.0379937
126,-17.2571,3.0145,0.895556
126,-17.4227,4.14473,2.50431
126,-16.7334,5.50934,1.98648
126,-16.6765,4.22776,0.44428
126,-16.617,6.44478,2.62606
126,-17.9368,1.17941,0.753555
126,-17.5885,0.358587,-1.12639
126,-17.2633,2.96459,0.728937
126,-16.5157,4.9407,0.707831
126,-17.292,2.89698,0.706155
126,-16.6264,4.98539,1.03268
126,-16.6063,5.50684,1.50573
126,-16.6664,6.43671,2.66564
126,-16.8637,4.33915,0.972854
126,-16.7756,5.53863,1.9863
126,-16.8635,5.86327,2.50331
127,-13.6169,4.8591,1.80296
127,-13.619,4.86647,1.81053
127,-13.3798,4.64512,0.820332
127,-13.383,4.71472,0.80011
127,-13.3924,4.7403,0.782571
127,-13.4124,4.76635,0.772209
127,-13.3367,4.68344,0.425453
127,-13.3607,4.7244,0.403992
127,-13.364,4.77831,0.368006
127,-13.9938,5.0958,1.5579
127,-13.8449,5.10006,1.08939
127,-14.3184,4.69946,1.7724
127,-13.7231,4.93767,0.410673
127,-13.7266,4.95148,0.405805
127,-14.3433,4.72338,1.76725
127,-13.8934,5.20919,1.1001
127,-13.9434,5.09134,1.06533
127,-13.9376,5.14165,1.08683
127,-13.931,5.16446,1.08363
127,-13.942,5.15352,1.08163
127,-14.1044,5.26938,1.53385
127,-13.9907,5.20102,1.09674
127,-13.9831,5.38102,1.10296
127,-14.6526,4.71847,1.74766
127,-14.4165,5.58749,2.11375
127,-14.6841,4.99779,2.12367
127,-14.6303,5.13519,2.13827
127,-14.692,4.99822,2.12745
127,-14.7003,4.96993,2.0958
127,-14.639,5.16475,2.13578
127,-14.6453,5.16231,2.12392
127,-14.6911,4.71593,1.62144
127,-14.7959,4.85376,2.06726
127,-14.7204,4.69715,1.65874
127,-14.7966,4.84645,2.05218
127,-14.5915,4.9309,1.40675
127,-14.8466,4.90974,2.07169
127,-14.6536,4.75043,1.31173
127,-14.73,5.29805,2.13996
127,-14.8221,4.7631,1.729
127,-14.6564,4.43557,0.851322
127,-14.6735,4.79629,1.288
127,-14.6768,4.79348,1.28598
127,-14.7657,4.78277,1.51484
127,-14.6352,4.7936,1.13649
127,-14.9055,4.95587,2.06498
127,-14.8601,4.51941,1.38686
127,-14.9638,4.76424,1.94253
127,-14.9225,4.59101,1.55434
127,-14.6872,5.00722,1.31944
127,-14.7324,4.51082,0.813401
127,-14.7373,4.90381,1.30194
127,-14.8192,4.71996,1.29426
127,-14.7264,4.91935,1.27703
127,-14.7028,4.86833,1.13174
127,-14.9965,4.42788,1.40053
127,-15.0504,4.68565,1.82228
127,-14.8406,4.74766,1.29472
127,-14.9448,4.57896,1.26069
127,-14.8773,4.76837,1.28191
127,-14.9714,4.61091,1.25969
127,-14.7401,4.70874,0.704732
127,-14.8322,5.00355,1.29135
127,-14.8864,4.85739,1.25428
127,-15.1241,4.63612,1.6322
127,-14.9896,4.74361,1.38646
127,-15.1377,4.63611,1.64131
127,-14.7362,4.69388,0.482294
127,-15.1517,4.53677,1.3762
127,-15.1981,4.69872,1.62632
127,-15.173,4.553,1.36297
127,-14.6841,4.96885,0.466519
127,-14.8516,4.7074,0.553368
127,-14.4922,4.84602,-0.353455
127,-14.8711,4.72607,0.545619
127,-14.4157,6.34078,1.26182
127,-14.7937,4.73541,0.299167
127,-14.5297,4.87539,-0.359301
127,-14.531,4.88078,-0.369952
127,-14.5802,4.8739,-0.323013
127,-14.5817,4.87845,-0.32718
127,-14.9653,4.57955,0.368665
127,-14.5753,4.88164,-0.343141
127,-14.5685,4.90996,-0.386611
127,-14.3309,5.49911,-0.345164
127,-14.4942,6.47756,1.24817
127,-15.0309,4.62903,0.33731
127,-14.9817,5.10132,0.427727
127,-15.2828,4.39745,0.386668
127,-15.2667,4.52109,0.358324
127,-14.9894,5.12051,0.302759
127,-15.0231,5.14168,0.418141
127,-15.018,4.96822,0.168398
127,-15.3195,4.67137,0.599188
127,-15.0581,5.17526,0.397657
127,-15.3452,4.69257,0.588508
127,-15.3371,4.57047,0.399088
127,-15.3389,4.57468,0.393573
127,-15.3832,4.48242,0.328896
127,-15.3908,4.4952,0.328308
127,-14.9894,4.91208,-0.339625
127,-15.0839,5.63189,0.740254
127,-15.0627,4.98153,-0.309466
127,-15.6748,4.46566,0.598638
127,-15.2173,5.81389,0.66558
127,-17.9551,1.22523,2.39536
127,-18.0592,1.10607,2.3826
127,-15.9122,4.5273,0.618154
127,-17.9988,1.56159,2.39449
127,-17.6979,0.830947,0.456858
127,-18.0216,1.73997,2.39492
127,-17.832,0.880344,0.552566
127,-17.8265,0.877669,0.509827
127,-17.6049,2.88387,2.22421
127,-17.644,2.83662,2.2438
127,-17.655,2.84671,2.24434
127,-17.6774,2.83903,2.24508
127,-15.4092,6.44912,0.384491
127,-17.6471,3.3628,2.37103
127,-17.4366,3.74696,2.23091
127,-16.7101,3.64015,-0.241549
127,-18.0488,1.21412,0.38659
127,-17.6573,3.55663,2.17368
127,-16.6182,4.61659,0.57465
127,-16.8277,3.66193,-0.105138
127,-18.08,0.87746,-0.183932
127,-16.8946,3.77224,-0.130331
127,-16.6001,6.31468,2.16534
127,-18.1689,1.19333,0.137197
127,-17.3183,5.00711,2.38108
127,-17.2474,3.53841,0.366698
127,-18.3047,1.27799,0.465966
127,-17.6416,2.6816,0.274997
127,-17.4243,5.07851,2.40505
127,-17.8147,1.24697,-1.2511
127,-17.7858,4.33843,2.44228
127,-16.9765,3.93189,-0.306316
127,-16.9793,3.95354,-0.291008
127,-17.3994,5.24012,2.3868
127,-17.0222,3.92285,-0.27771
127,-17.754,2.69827,0.234743
127,-17.9732,4.00808,2.38802
127,-18.2918,0.260964,-1.33144
127,-17.4413,5.13564,2.26402
127,-17.4876,5.13364,2.38368
127,-16.9424,4.7971,0.43801
127,-17.8218,0.946967,-1.85203
127,-17.4411,3.61024,0.3368
127,-15.2984,6.81396,-1.67677
127,-18.2899,1.69057,0.215536
127,-17.8882,4.46932,2.41904
127,-17.288,4.02449,0.0579908
127,-17.4315,4.25597,0.734487
127,-17.5414,3.94889,0.623191
127,-17.5454,3.95038,0.6222
127,-17.339,4.57613,0.780132
127,-17.5481,3.93642,0.573459
127,-16.0322,7.73367,1.0252
127,-18.0615,2.69562,0.454941
127,-17.4671,4.21119,0.613062
127,-17.9766,1.21606,-1.65909
127,-17.8602,3.44457,0.665489
127,-17.2068,4.05877,-0.400093
127,-18.4957,0.0842422,-1.72993
127,-17.9808,2.54219,-0.147596
127,-18.4824,1.67456,0.156678
127,-18.74,1.30144,0.375262
127,-17.4778,5.7007,2.24149
127,-18.4568,1.34322,-0.441426
127,-17.1619,5.72487,1.34115
127,-17.2793,4.88708,0.610429
127,-18.7805,1.29668,0.355883
127,-17.983,3.40292,0.705141
127,-17.381,4.72714,0.580456
127,-17.7992,2.32034,-1.22257
127,-17.3842,4.74439,0.592205
127,-17.8025,2.34321,-1.22979
127,-16.1481,7.9001,0.993241
127,-18.2179,2.55853,0.105883
127,-18.402,1.45651,-0.842955
127,-18.3367,1.81683,-0.636175
127,-16.4392,5.82672,-0.991324
127,-18.5121,1.27445,-0.845281
127,-18.6304,1.34526,-0.519975
127,-17.9467,3.1169,-0.274823
127,-17.9791,3.13225,-0.287286
127,-15.5188,7.07109,-2.33077
127,-17.6021,4.16622,-0.154275
127,-17.3115,5.63626,0.783399
127,-18.1596,2.93047,-0.207674
127,-18.1596,2.92956,-0.215255
127,-17.0371,5.16648,-0.606511
127,-18.6134,1.40883,-0.861877
127,-18.4606,2.4964,0.0441673
127,-18.4539,2.53082,0.037189
127,-17.139,5.13121,-0.478446
127,-18.1269,3.43294,0.107012
127,-16.7281,5.12635,0.357538
126,-16.7281,5.12635,0.357538
127,-17.2677,7.48247,-4.06195
126,-17.2677,7.48247,-4.06195
127,-17.2507,7.65798,-3.95574
126,-17.2507,7.65798,-3.95574
127,-17.7148,7.7894,-4.35952
126,-17.7148,7.7894,-4.35952
127,-14.3593,4.26386,0.860593
126,-14.3593,4.26386,0.860593
127,-15.2792,5.14351,1.53179
126,-15.2792,5.14351,1.53179
127,-20.5958,3.16447,-5.10159
126,-20.5958,3.16447,-5.10159
127,-17.6607,3.54491,-1.62915
126,-17.6607,3.54491,-1.62915
127,-18.0015,3.53483,-1.43399
126,-18.0015,3.53483,-1.43399
127,-17.119,6.06965,-3.72004
126,-17.119,6.06965,-3.72004
127,-17.2256,7.96686,-3.79253
126,-17.2256,7.96686,-3.79253
127,-18.072,5.31348,-1.40287
126,-18.072,5.31348,-1.40287
127,-18.02,7.49237,2.43786
126,-18.02,7.49237,2.43786
127,-17.2535,2.55879,-1.54629
126,-17.2535,2.55879,-1.54629
127,-18.5302,10.3791,-2.47266
126,-18.5302,10.3791,-2.47266
127,-17.8076,8.76026,-1.70732
126,-17.8076,8.76026,-1.70732
127,-18.0907,3.81878,-1.16657
126,-18.0907,3.81878,-1.16657
127,-21.8988,3.67645,-5.50464
126,-21.8988,3.67645,-5.50464
127,-18.0319,3.82323,0.454613
126,-18.0319,3.82323,0.454613
127,-17.4954,7.92958,-4.21497
126,-17.4954,7.92958,-4.21497
127,-18.5286,9.8015,-2.67369
126,-18.5286,9.8015,-2.67369
127,-18.0287,9.69898,-2.12258
126,-18.0287,9.69898,-2.12258
127,-17.6881,8.60746,-1.62328
126,-17.6881,8.60746,-1.62328
127,-16.4114,4.39701,-0.125032
126,-16.4114,4.39701,-0.125032
127,-19.733,10.6485,3.17281
126,-19.733,10.6485,3.17281
127,-17.6855,8.13171,-4.41045
126,-17.6855,8.13171,-4.41045
127,-17.5977,3.76791,0.72816
126,-17.5977,3.76791,0.72816
127,-14.9459,4.57306,1.75235
126,-14.9459,4.57306,1.75235
127,-17.8781,5.18921,-1.28561
126,-17.8781,5.18921,-1.28561
127,-19.2359,8.13023,-3.81346
126,-19.2359,8.13023,-3.81346
127,-20.2987,8.67025,2.58741
126,-20.2987,8.67025,2.58741
127,-19.2545,7.86217,3.06908
126,-19.2545,7.86217,3.06908
127,-17.3048,1.7127,-1.47517
126,-17.3048,1.7127,-1.47517
127,-17.6187,2.2394,2.23096
126,-17.6187,2.2394,2.23096
127,-15.1221,4.79993,0.482702
126,-15.1221,4.79993,0.482702
127,-17.9098,9.64232,0.132455
126,-17.9098,9.64232,0.132455
127,-17.9134,9.54996,-2.04882
126,-17.9134,9.54996,-2.04882
127,-18.4688,5.54028,-1.60731
126,-18.4688,5.54028,-1.60731
127,-18.2605,6.14515,-2.25205
126,-18.2605,6.14515,-2.25205
127,-18.1539,5.39503,-2.47007
126,-18.1539,5.39503,-2.47007
127,-19.2978,10.2338,2.59649
126,-19.2978,10.2338,2.59649
127,-17.1979,9.02759,2.4045
126,-17.1979,9.02759,2.4045
127,-18.5859,7.20232,1.64366
126,-18.5859,7.20232,1.64366
127,-20.2157,3.08043,-4.84295
126,-20.2157,3.08043,-4.84295
127,-17.7054,9.26994,-0.119128
126,-17.7054,9.26994,-0.119128
127,-17.14,8.99389,2.41115
126,-17.14,8.99389,2.41115
127,-17.9848,0.896192,2.55897
126,-17.9848,0.896192,2.55897
127,-17.7793,5.8231,-1.90434
126,-17.7793,5.8231,-1.90434
127,-16.9054,8.36005,2.38781
126,-16.9054,8.36005,2.38781
127,-17.0331,8.83207,2.42652
126,-17.0331,8.83207,2.42652
127,-18.3696,5.74189,-3.9872
126,-18.3696,5.74189,-3.9872
127,-17.4976,3.35997,-1.07589
126,-17.4976,3.35997,-1.07589
127,-17.4545,8.88641,-0.0134471
126,-17.4545,8.88641,-0.0134471
127,-15.617,5.18608,0.993577
126,-15.617,5.18608,0.993577
127,-20.6615,8.93074,2.66272
126,-20.6615,8.93074,2.66272
127,-17.6595,1.88552,-1.99153
126,-17.6595,1.88552,-1.99153
127,-17.1153,3.65702,0.0132564
126,-17.1153,3.65702,0.0132564
127,-17.4064,8.76515,-1.64796
126,-17.4064,8.76515,-1.64796
127,-17.5072,9.55285,2.5048
126,-17.5072,9.55285,2.5048
127,-20.5863,8.83729,2.65035
126,-20.5863,8.83729,2.65035
127,-17.1992,9.14569,2.46947
126,-17.1992,9.14569,2.46947
127,-17.6621,2.81594,-2.17036
125,-17.6621,2.81594,-2.17036
127,-17.7018,5.00782,-0.0704225
125,-17.7018,5.00782,-0.0704225
127,-16.5051,4.97621,0.134405
125,-16.5051,4.97621,0.134405
127,-17.7346,3.46179,-1.39228
125,-17.7346,3.46179,-1.39228
127,-17.9907,4.51808,-2.06523
125,-17.9907,4.51808,-2.06523
127,-17.9027,2.28171,-1.55944
125,-17.9027,2.28171,-1.55944
127,-17.6587,4.36005,0.699485
125,-17.6587,4.36005,0.699485
127,-15.358,4.95872,0.976974
125,-15.358,4.95872,0.976974
127,-17.8283,6.12233,1.35579
125,-17.8283,6.12233,1.35579
127,-20.359,8.67973,2.62314
125,-20.359,8.67973,2.62314
127,-20.3814,8.69253,2.63514
125,-20.3814,8.69253,2.63514
127,-18.1449,1.95254,-1.31889
125,-18.1449,1.95254,-1.31889
127,-19.0265,4.94764,-4.75253
124,-19.0265,4.94764,-4.75253
127,-19.361,5.11974,-4.60843
124,-19.361,5.11974,-4.60843
127,-17.4842,3.89348,-1.24314
124,-17.4842,3.89348,-1.24314
127,-18.2232,6.23122,-3.86874
124,-18.2232,6.23122,-3.86874
127,-17.6024,4.81246,-0.1655
124,-17.6024,4.81246,-0.1655
127,-17.6996,3.43371,-1.39286
124,-17.6996,3.43371,-1.39286
127,-18.2688,6.28302,-3.92139
124,-18.2688,6.28302,-3.92139
127,-18.1438,6.1707,-3.79924
124,-18.1438,6.1707,-3.79924
127,-17.6374,3.41178,-1.37474
124,-17.6374,3.41178,-1.37474
127,-17.7487,5.71872,-2.21506
124,-17.7487,5.71872,-2.21506
127,-17.471,2.49129,-2.13622
121,-17.471,2.49129,-2.13622
127,-17.6301,5.88248,-3.91313
121,-17.6301,5.88248,-3.91313
127,-17.6929,3.7272,-1.92776
121,-17.6929,3.7272,-1.92776
127,-17.6789,4.19589,-2.11613
121,-17.6789,4.19589,-2.11613
127,-17.4632,2.48825,-2.1306
121,-17.4632,2.48825,-2.1306
127,-17.8424,2.27571,-1.7949
121,-17.8424,2.27571,-1.7949
127,-16.7175,4.94147,-0.416642
121,-16.7175,4.94147,-0.416642
127,-17.7854,3.18822,-1.58694
122,-17.7854,3.18822,-1.58694
127,-17.5302,5.32879,-1.61758
120,-17.5302,5.32879,-1.61758
127,-17.9215,2.34255,-1.88702
120,-17.9215,2.34255,-1.88702
127,-17.6477,6.278,1.56669
118,-17.6477,6.278,1.56669
127,-18.4872,2.29896,-2.43563
115,-18.4872,2.29896,-2.43563
128,-13.4442,2.34338,0.970475
128,-13.4133,4.64867,0.897504
128,-13.6966,5.03418,1.79167
128,-13.4562,4.78826,0.769544
128,-13.4753,4.83008,0.352309
128,-14.1315,4.57883,1.81024
128,-13.4101,4.94463,0.281905
128,-13.4496,4.94676,0.313404
128,-13.486,4.88364,0.316991
128,-13.5328,4.84487,0.348935
128,-14.1996,4.65635,1.79792
128,-13.5061,4.9892,0.302154
128,-13.7487,5.28831,1.15595
128,-13.7657,5.31537,1.15872
128,-13.7739,5.32808,1.14973
128,-13.8554,4.87264,0.801766
128,-14.4021,4.72664,1.77651
128,-14.1343,5.2784,1.52034
128,-14.1948,5.38232,1.50705
128,-14.6179,5.08603,2.11005
128,-14.6962,4.968,2.14527
128,-14.6878,4.99162,2.10638
128,-14.6707,4.71913,1.73025
128,-14.6471,5.12368,2.10846
128,-14.6875,5.07515,2.15285
128,-14.7107,5.10015,2.15659
128,-14.7722,4.77096,1.6761
128,-14.8246,4.67231,1.69415
128,-14.8025,4.70014,1.63074
128,-14.7472,4.74743,1.51581
128,-14.8779,4.91928,2.05246
128,-14.8463,4.67976,1.68038
128,-14.8406,4.76047,1.72146
128,-14.8357,4.71221,1.60313
128,-14.7694,4.79389,1.50078
128,-14.1969,5.9302,1.29302
128,-14.9698,4.76285,1.9442
128,-14.7784,4.83124,1.48663
128,-14.9317,4.96251,2.05337
128,-14.7829,4.8364,1.47916
128,-14.8976,4.55112,1.42508
128,-14.9506,4.98842,2.0622
128,-14.8477,4.67448,1.3564
128,-14.6184,5.94069,2.09422
128,-14.9939,4.4467,1.33383
128,-14.9425,4.6364,1.41019
128,-14.7589,4.51022,0.727105
128,-14.8552,4.87114,1.40852
128,-14.7421,4.9488,1.17584
128,-14.2989,6.05717,1.27267
128,-14.7516,4.9539,1.16911
128,-14.9453,4.63959,1.30336
128,-14.8807,4.76163,1.27134
128,-14.9651,4.61904,1.30206
128,-14.7733,5.12364,1.37113
128,-14.8927,4.91225,1.39368
128,-14.7821,5.0748,1.28267
128,-14.7914,5.07556,1.28256
128,-14.8364,4.97622,1.275
128,-14.8978,4.85267,1.27801
128,-14.9923,4.62421,1.20462
128,-15.0004,4.62913,1.19893
128,-14.8881,5.00782,1.33918
128,-14.8597,4.53861,0.623464
128,-14.7771,4.81664,0.673095
128,-14.8707,4.56398,0.613465
128,-14.8289,4.76614,0.640716
128,-14.8301,4.76986,0.635908
128,-14.846,4.77386,0.635544
128,-14.9162,4.54528,0.533481
128,-15.2318,4.60899,1.41911
128,-15.2123,4.6217,1.37319
128,-15.2247,4.57343,1.34639
128,-15.2223,4.6001,1.36065
128,-15.2288,4.62216,1.40415
128,-15.2355,4.64378,1.37267
128,-14.761,5.0727,0.565585
128,-14.9006,4.81557,0.60331
128,-14.5746,4.85292,-0.296007
128,-15.2995,4.6797,1.39592
128,-14.6129,4.90299,-0.335763
128,-14.3712,5.4885,-0.337502
128,-14.9276,4.94159,0.472479
128,-15.1001,4.57837,0.284942
128,-15.0947,4.58411,0.271773
128,-14.9327,5.03192,0.332845
128,-15.2095,4.68697,0.568711
128,-16.1747,4.18244,2.20454
128,-15.4407,4.53298,0.332425
128,-15.458,4.68332,0.40069
128,-15.4239,4.71094,0.31163
128,-15.468,4.69084,0.393564
128,-15.5228,4.7526,0.42927
128,-15.617,4.62367,0.474816
128,-15.537,4.76824,0.41936
128,-15.1794,4.99291,-0.388891
128,-15.679,4.87929,0.602421
128,-15.884,4.61445,0.508912
128,-18.1074,1.24933,2.38183
128,-17.7292,2.02999,2.21183
128,-15.0188,6.29433,-0.04443
128,-15.4374,6.11778,0.616863
128,-15.5789,5.11312,-0.364537
128,-16.1052,4.76019,0.398346
128,-16.1245,4.69493,0.0924687
128,-15.368,6.55598,0.220598
128,-15.8117,4.99523,-0.435708
128,-16.1533,4.70508,0.0869672
128,-17.7078,1.82153,0.807529
128,-17.9438,1.17948,0.606621
128,-16.1887,4.72392,0.0702336
128,-17.7025,1.83747,0.677874
128,-17.8391,0.937092,-0.0849893
128,-17.6275,3.50129,2.3531
128,-15.5346,6.59747,0.335177
128,-17.5642,2.53734,0.988961
128,-17.7646,3.38875,2.47348
128,-17.5978,3.52955,2.17054
128,-17.3221,4.48721,2.20096
128,-18.1918,1.15034,0.51667
128,-17.9273,1.82905,0.572961
128,-15.8164,6.54458,0.443621
128,-17.6892,3.82825,2.22239
128,-18.0853,1.75432,0.655119
128,-18.0977,1.73628,0.663403
128,-16.9393,3.84426,0.00594687
128,-17.8512,3.67235,2.21768
128,-15.474,6.92088,-0.348314
128,-18.0811,0.876954,-0.580638
128,-18.073,0.877132,-0.611361
128,-15.9145,6.62594,0.361451
128,-15.9251,6.63731,0.387389
128,-17.0965,3.87027,0.146276
128,-17.6471,2.34096,-0.183434
128,-17.1077,3.87631,0.181517
128,-15.9545,6.67374,0.358918
128,-18.1597,1.80783,0.516449
128,-15.9586,6.67688,0.341581
128,-18.2004,1.80407,0.519755
128,-17.9168,4.00028,2.35534
128,-17.9979,0.871923,-1.14156
128,-17.3547,5.15041,2.17723
128,-18.0499,1.21325,-0.767446
128,-17.2227,3.9136,0.146363
128,-17.5315,3.75884,0.741673
128,-18.5266,1.22507,0.408666
128,-17.1248,5.97529,2.21389
128,-17.2023,5.82633,2.21867
128,-18.0466,4.03546,2.36642
128,-17.5581,3.07826,-0.0929303
128,-17.2526,3.93741,0.0833564
128,-16.9844,4.84539,0.436193
128,-17.5776,3.77663,0.735493
128,-17.0066,4.84282,0.403828
128,-17.5419,3.91425,0.739099
128,-17.8764,2.71856,0.197119
128,-17.5474,5.32232,2.3665
128,-17.0273,5.70953,1.3559
128,-18.2881,1.40831,-0.37167
128,-17.5079,4.16638,0.784365
128,-18.2017,0.861549,-1.29727
128,-17.3076,4.64668,0.729453
128,-17.3467,4.61393,0.773881
128,-17.8364,3.53938,0.763006
128,-17.5622,4.17284,0.767645
128,-18.2111,4.07617,2.38044
128,-17.8556,3.46155,0.659425
128,-17.1633,4.64513,0.173645
128,-17.6462,3.72268,0.332693
128,-17.2088,5.89423,1.70765
128,-18.4271,1.32673,-0.511038
128,-17.5564,4.24882,0.576052
128,-18.7566,1.33305,0.355438
128,-18.0617,1.22903,-1.71426
128,-18.1185,2.46535,-0.207348
128,-17.7959,2.35135,-1.22687
128,-16.9406,5.01606,-0.388561
128,-17.3408,3.84008,-0.707495
128,-17.8412,2.34182,-1.20118
128,-16.9457,5.0455,-0.412477
128,-17.3464,6.82087,2.76531
128,-17.908,2.08101,-1.38779
128,-17.3959,5.90043,1.70086
128,-18.0211,3.49355,0.52305
128,-17.0866,4.79165,-0.465854
128,-17.7535,5.57353,2.25706
128,-17.2819,3.84953,-1.0853
128,-18.3335,1.8243,-0.672239
128,-17.4211,3.88787,-0.733243
128,-17.3548,4.78523,0.128566
128,-17.4176,4.17286,-0.467927
128,-17.4531,4.91395,0.492132
128,-18.0317,2.91852,-0.320083
128,-17.3829,4.79626,0.124387
128,-18.097,3.50529,0.503658
128,-18.1311,1.35332,-1.97625
128,-17.5402,4.91379,0.643751
128,-18.1107,2.9244,-0.195062
128,-17.5575,4.95447,0.706254
128,-18.113,2.90801,-0.222636
128,-17.4738,6.03659,1.72426
128,-18.1202,2.9676,-0.191627
128,-17.4551,5.16659,0.616024
128,-18.0048,3.16479,-0.293103
128,-18.1464,2.91163,-0.241322
128,-17.8652,2.76611,-1.22246
128,-18.0344,3.14587,-0.315409
128,-17.4799,6.18229,1.70029
128,-17.3456,5.61879,0.654996
128,-18.7903,1.34355,-0.576966
128,-16.701,7.32318,0.869076
128,-17.473,5.32223,0.50609
128,-17.6966,5.02229,0.674132
128,-18.219,2.92403,-0.411283
128,-17.6042,3.94049,-0.888808
128,-17.7272,4.23167,-0.21509
128,-17.9723,2.28704,-1.87564
128,-17.5262,4.76434,-0.141725
128,-18.0024,2.27369,-1.81533
128,-17.2934,5.17598,-0.301745
128,-18.1166,3.32311,-0.28813
128,-17.5334,4.7905,-0.153064
128,-17.4858,5.5597,0.59057
128,-17.5744,6.37497,1.79285
128,-18.3215,2.98887,-0.307842
128,-18.2699,3.405,0.0448763
128,-17.7784,3.44959,-1.23813
128,-17.9435,3.35429,-0.91545
128,-17.5273,6.15656,1.23174
128,-17.7422,3.05442,-1.57371
127,-17.7422,3.05442,-1.57371
128,-17.5081,7.64265,-3.69105
127,-17.5081,7.64265,-3.69105
128,-17.6469,8.52997,-1.61146
127,-17.6469,8.52997,-1.61146
128,-19.0733,4.73165,-4.76965
127,-19.0733,4.73165,-4.76965
128,-16.7607,7.06254,-3.80501
127,-16.7607,7.06254,-3.80501
128,-18.2201,3.75861,0.398432
127,-18.2201,3.75861,0.398432
128,-17.7392,3.47286,-1.2787
127,-17.7392,3.47286,-1.2787
128,-17.6155,5.07908,0.504475
127,-17.6155,5.07908,0.504475
128,-17.7288,3.30594,-2.03896
127,-17.7288,3.30594,-2.03896
128,-17.4264,6.26948,1.69236
127,-17.4264,6.26948,1.69236
128,-17.8,5.43808,0.713262
127,-17.8,5.43808,0.713262
128,-17.6459,6.60746,-2.13221
127,-17.6459,6.60746,-2.13221
128,-17.4737,5.63832,-1.93947
127,-17.4737,5.63832,-1.93947
128,-20.3315,5.95991,-5.0756
127,-20.3315,5.95991,-5.0756
128,-17.7677,5.9259,-3.45439
127,-17.7677,5.9259,-3.45439
128,-17.5978,6.40735,1.68169
127,-17.5978,6.40735,1.68169
128,-17.3334,8.88403,-1.91373
127,-17.3334,8.88403,-1.91373
128,-17.7012,3.41838,-2.53099
127,-17.7012,3.41838,-2.53099
128,-16.9792,7.69231,-3.51762
127,-16.9792,7.69231,-3.51762
128,-17.716,5.38342,0.736343
127,-17.716,5.38342,0.736343
128,-25.8584,8.40414,3.52689
127,-25.8584,8.40414,3.52689
128,-26.2358,7.80296,3.81098
127,-26.2358,7.80296,3.81098
128,-17.442,8.97878,-1.95682
127,-17.442,8.97878,-1.95682
128,-16.8585,7.80267,0.252284
127,-16.8585,7.80267,0.252284
128,-17.6368,4.72295,0.692999
127,-17.6368,4.72295,0.692999
128,-16.7526,7.66748,0.292918
127,-16.7526,7.66748,0.292918
128,-17.3636,4.92974,0.577795
127,-17.3636,4.92974,0.577795
128,-16.6341,7.90851,0.228612
127,-16.6341,7.90851,0.228612
128,-14.4335,5.60308,-0.41402
127,-14.4335,5.60308,-0.41402
128,-17.1321,8.53732,0.0563434
127,-17.1321,8.53732,0.0563434
128,-17.0612,8.53822,2.36301
127,-17.0612,8.53822,2.36301
128,-18.2918,1.04835,-1.63576
127,-18.2918,1.04835,-1.63576
128,-21.6322,6.39921,3.07792
127,-21.6322,6.39921,3.07792
128,-17.6351,9.12669,-1.84064
127,-17.6351,9.12669,-1.84064
128,-18.5745,4.17373,2.42705
127,-18.5745,4.17373,2.42705
128,-14.1253,5.12602,0.955031
127,-14.1253,5.12602,0.955031
128,-17.7063,7.21995,2.4839
127,-17.7063,7.21995,2.4839
128,-18.5348,2.43024,-2.21438
127,-18.5348,2.43024,-2.21438
128,-18.3666,2.3989,-1.46892
127,-18.3666,2.3989,-1.46892
128,-17.4417,7.58189,-3.83541
126,-17.4417,7.58189,-3.83541
128,-14.8912,4.73863,1.68834
126,-14.8912,4.73863,1.68834
128,-17.6641,4.86002,0.102791
126,-17.6641,4.86002,0.102791
128,-18.4616,3.93362,0.343382
126,-18.4616,3.93362,0.343382
128,-17.4266,4.03162,2.2076
126,-17.4266,4.03162,2.2076
128,-17.7081,3.30083,-1.64211
126,-17.7081,3.30083,-1.64211
128,-17.5097,6.10931,1.68379
126,-17.5097,6.10931,1.68379
128,-14.877,4.68522,1.51486
126,-14.877,4.68522,1.51486
128,-18.2622,6.13418,-2.24876
126,-18.2622,6.13418,-2.24876
128,-17.9897,3.37768,-0.932264
126,-17.9897,3.37768,-0.932264
128,-15.1839,4.78484,1.08785
126,-15.1839,4.78484,1.08785
128,-17.5674,5.89532,0.682668
126,-17.5674,5.89532,0.682668
128,-18.3852,3.03799,-0.311434
126,-18.3852,3.03799,-0.311434
128,-17.9112,2.02175,-1.94231
125,-17.9112,2.02175,-1.94231
128,-17.7341,3.66543,-2.0684
125,-17.7341,3.66543,-2.0684
128,-17.8941,3.3661,-1.5891
125,-17.8941,3.3661,-1.5891
128,-18.0173,1.23262,-1.6621
125,-18.0173,1.23262,-1.6621
128,-17.7369,3.30447,-0.783592
125,-17.7369,3.30447,-0.783592
128,-16.469,4.88772,-0.0538116
124,-16.469,4.88772,-0.0538116
128,-15.4815,4.91085,0.150904
124,-15.4815,4.91085,0.150904
128,-17.5741,5.22977,0.749959
124,-17.5741,5.22977,0.749959
128,-16.0662,4.57563,0.108268
124,-16.0662,4.57563,0.108268
128,-17.7249,4.21281,-2.07704
121,-17.7249,4.21281,-2.07704
128,-17.6949,4.22289,-2.05153
121,-17.6949,4.22289,-2.05153
128,-17.7781,3.20138,-2.29396
122,-17.7781,3.20138,-2.29396
128,-17.6094,4.07609,-1.40182
122,-17.6094,4.07609,-1.40182
128,-18.0929,0.934941,-1.99159
118,-18.0929,0.934941,-1.99159
129,-13.6124,4.29504,1.81899
129,-13.2834,4.84028,0.774851
129,-13.6454,4.9373,1.81846
129,-13.6963,4.95609,1.82063
129,-13.5431,4.73388,1.03304
129,-13.7178,5.04246,1.77025
129,-13.6136,5.17065,1.54175
129,-13.4439,4.82294,0.361413
129,-13.5024,4.8473,0.343701
129,-13.8631,5.32531,1.43437
129,-13.8405,5.37968,1.41234
129,-13.8412,5.41611,1.40433
129,-14.4114,4.78226,1.76855
129,-14.4312,4.76682,1.77618
129,-14.4496,4.78462,1.78241
129,-14.6441,5.11791,2.11303
129,-14.6722,5.11314,2.18159
129,-14.6966,5.07773,2.15436
129,-14.7156,5.01085,2.10629
129,-14.7185,4.77447,1.76649
129,-14.7223,4.70363,1.63295
129,-14.7783,4.73972,1.62978
129,-14.7888,4.73675,1.64406
129,-14.8329,4.6795,1.57852
129,-14.687,4.77636,1.28501
129,-14.8245,4.81522,1.66871
129,-14.8576,4.63442,1.45084
129,-14.8251,4.71831,1.45557
129,-14.979,4.77144,1.93713
129,-14.8872,4.55284,1.42317
129,-14.8739,4.62488,1.42781
129,-14.9484,4.98392,2.05523
129,-14.8027,4.71899,1.30143
129,-14.9232,4.54915,1.31981
129,-14.8443,4.73621,1.27949
129,-14.2455,5.32266,0.299144
129,-14.7417,4.94506,1.19113
129,-14.7899,4.93487,1.28647
129,-14.9561,4.68194,1.39735
129,-14.1707,5.23856,-0.126975
129,-14.2706,5.34691,0.270892
129,-14.8103,4.95532,1.30084
129,-14.8831,4.76969,1.26651
129,-14.7546,4.96478,1.10984
129,-14.808,4.94566,1.14618
129,-14.7759,4.98375,1.09804
129,-14.79,4.99718,1.1082
129,-14.747,4.67474,0.496054
129,-14.7174,5.01594,0.64887
129,-14.84,4.78564,0.661453
129,-14.7548,4.98428,0.549844
129,-14.8895,4.81872,0.599023
129,-14.8997,4.74622,0.526982
129,-14.579,4.86431,-0.295811
129,-14.827,4.8096,0.266847
129,-14.9578,4.65815,0.390309
129,-14.9536,4.8842,0.589064
129,-15.0062,4.58484,0.371762
129,-14.9456,4.97798,0.583888
129,-14.6206,4.92759,-0.386926
129,-15.045,4.61981,0.343896
129,-15.3211,4.60287,0.710379
129,-14.9894,4.94385,0.184015
129,-15.3217,4.6146,0.688374
129,-15.3056,4.64538,0.315078
129,-14.6563,5.88942,-0.0611022
129,-15.0763,4.99772,-0.410098
129,-15.0465,6.41655,1.12868
129,-14.8762,6.11523,0.073478
129,-15.715,4.8875,0.634259
129,-17.9305,1.77053,2.38196
129,-18.1544,1.77801,2.97444
129,-15.686,4.89285,-0.338917
129,-17.4518,2.89869,2.20079
129,-18.2287,1.74541,2.8972
129,-16.096,4.76007,0.401928
129,-17.0368,4.63083,2.36426
129,-17.6233,3.31314,2.40709
129,-17.0496,4.59646,2.23767
129,-17.7768,0.95706,-0.0685544
129,-17.6218,3.3859,2.36921
129,-17.5539,3.34762,2.13384
129,-17.6472,3.37043,2.36449
129,-17.642,3.38936,2.36668
129,-17.6416,3.51449,2.38662
129,-17.5534,3.58603,2.21915
129,-17.7632,3.41444,2.34526
129,-17.5553,3.79023,2.21304
129,-16.7567,3.72821,-0.237959
129,-17.673,3.70525,2.21804
129,-16.7751,3.72816,-0.254087
129,-17.6385,3.81204,2.21034
129,-18.0004,1.74809,0.658206
129,-18.0211,0.901493,-0.292839
129,-17.9401,3.41516,2.38971
129,-18.0176,0.901474,-0.370554
129,-17.4865,4.33406,2.21638
129,-17.5516,4.3273,2.22045
129,-17.4853,4.5204,2.21797
129,-15.9182,6.63038,0.362051
129,-17.074,3.84259,0.246673
129,-17.9471,2.57632,1.14441
129,-15.9851,5.57318,-0.757811
129,-16.9192,3.76844,-0.307621
129,-17.0708,3.8608,0.165476
129,-17.8158,3.96096,2.35101
129,-17.6464,4.36789,2.34344
129,-18.2757,1.35906,0.501722
129,-17.8451,3.97154,2.34931
129,-17.0261,3.88065,-0.224731
129,-17.0136,3.82066,-0.335421
129,-17.1428,3.76286,-0.0541158
129,-17.2551,5.43718,2.21258
129,-17.7623,4.41357,2.35737
129,-17.4874,5.1422,2.35837
129,-17.4536,5.31022,2.41812
129,-17.1062,5.96058,2.21328
129,-18.0793,1.30644,-0.639053
129,-17.6565,5.07332,2.63636
129,-17.5326,3.76873,0.745626
129,-16.985,4.91563,0.475382
129,-17.5253,3.91005,0.726189
129,-17.1699,6.01552,2.21538
129,-17.5793,5.36224,2.43056
129,-17.258,5.99114,2.24062
129,-17.3777,3.76649,-0.128169
129,-17.6285,5.19565,2.24251
129,-17.9659,2.73415,0.197685
129,-18.2853,1.24278,-0.779075
129,-18.2914,1.26353,-0.744916
129,-17.2459,4.03571,-0.434766
129,-17.2343,6.35279,2.2398
129,-18.4008,1.39343,-0.428193
129,-17.4393,5.90439,2.21156
129,-17.4445,4.65854,0.742233
129,-17.3649,5.2083,1.17077
129,-17.2254,6.02672,1.72068
129,-17.3044,4.14264,-0.351511
129,-18.3898,0.801396,-1.3556
129,-18.3529,3.93702,2.23753
129,-17.4567,4.73444,0.687706
129,-17.3323,7.09257,3.10961
129,-17.8652,2.07848,-1.38295
129,-17.4049,6.21992,2.2303
129,-18.3475,1.4783,-0.815282
129,-17.8609,2.35894,-1.22059
129,-18.4506,0.809575,-1.46563
129,-17.2815,5.27507,0.551224
129,-17.1182,4.78108,-0.488129
129,-18.3271,1.84291,-0.661191
129,-18.3109,1.92719,-0.675359
129,-17.4198,4.72255,0.120314
129,-17.4958,3.98201,-0.572055
129,-17.4336,5.10614,0.585057
129,-18.4763,1.43308,-0.888812
129,-18.1026,3.5053,0.520455
129,-17.3836,4.82623,0.0497072
129,-17.4761,5.13284,0.583799
129,-17.2527,5.49193,0.380996
129,-17.4465,4.84082,0.10494
129,-18.1447,2.95679,-0.202549
129,-17.9614,1.96715,-1.88969
129,-17.4148,4.74658,-0.120524
129,-18.0229,3.15346,-0.319112
129,-17.4891,5.15473,0.562783
129,-17.4254,4.73027,-0.117929
129,-17.4078,5.52823,0.767334
129,-17.6194,4.99188,0.686491
129,-18.0196,2.37215,-1.30493
129,-17.4464,4.74423,-0.108024
129,-17.5175,4.20558,-0.566794
129,-17.5492,4.15286,-0.598523
129,-17.4592,4.85712,-0.0351169
129,-16.2684,5.69213,-2.42445
129,-17.3845,5.60478,0.56308
129,-17.46,5.53538,0.590842
129,-18.3167,1.50507,-1.82069
129,-17.4745,5.55182,0.588852
129,-17.0475,7.97765,2.21881
129,-17.746,3.44455,-1.21687
129,-17.9156,3.34603,-0.892296
129,-17.6821,5.28715,0.578686
129,-18.3455,2.99134,-0.325517
129,-18.6792,1.82909,-0.781606
129,-17.3582,4.10621,-1.81055
129,-16.932,8.65165,2.38469
129,-17.6165,3.94443,-1.30486
129,-17.3632,4.11952,-1.83234
129,-18.0358,3.37113,-0.938258
129,-18.1886,1.99815,-2.14814
129,-18.9755,5.16286,0.174086
128,-18.9755,5.16286,0.174086
129,-15.6914,4.87636,1.18466
128,-15.6914,4.87636,1.18466
129,-18.112,9.44737,-2.03923
128,-18.112,9.44737,-2.03923
129,-17.5444,4.16525,-1.49934
128,-17.5444,4.16525,-1.49934
129,-17.1384,7.62013,-1.58191
128,-17.1384,7.62013,-1.58191
129,-17.3807,8.9531,-1.94573
128,-17.3807,8.9531,-1.94573
129,-17.5272,3.28772,-1.40581
128,-17.5272,3.28772,-1.40581
129,-17.8298,5.55664,0.324784
128,-17.8298,5.55664,0.324784
129,-17.3959,5.11594,-1.52506
128,-17.3959,5.11594,-1.52506
129,-16.0389,7.31748,-2.71349
128,-16.0389,7.31748,-2.71349
129,-18.8807,7.71057,2.56885
128,-18.8807,7.71057,2.56885
129,-17.2298,4.56231,0.799408
128,-17.2298,4.56231,0.799408
129,-17.3647,7.32938,2.24812
128,-17.3647,7.32938,2.24812
129,-17.7034,4.21403,-1.99433
128,-17.7034,4.21403,-1.99433
129,-18.4611,9.87094,-2.28048
128,-18.4611,9.87094,-2.28048
129,-16.4448,7.63417,0.259573
128,-16.4448,7.63417,0.259573
129,-15.9482,5.08443,0.506716
128,-15.9482,5.08443,0.506716
129,-18.0972,4.2963,-1.69702
128,-18.0972,4.2963,-1.69702
129,-17.3937,7.35961,2.24691
128,-17.3937,7.35961,2.24691
129,-20.0678,2.84551,-4.15035
128,-20.0678,2.84551,-4.15035
129,-17.9349,9.27239,-1.91339
128,-17.9349,9.27239,-1.91339
129,-18.7336,8.59805,2.84842
128,-18.7336,8.59805,2.84842
129,-17.643,8.08951,-4.19125
128,-17.643,8.08951,-4.19125
129,-18.2764,3.43584,-1.87466
128,-18.2764,3.43584,-1.87466
129,-21.4239,3.17695,-5.44993
128,-21.4239,3.17695,-5.44993
129,-35.9116,13.0914,5.71688
128,-35.9116,13.0914,5.71688
129,-17.7051,5.15132,-2.16557
128,-17.7051,5.15132,-2.16557
129,-19.5424,13.2973,2.5539
128,-19.5424,13.2973,2.5539
129,-18.2111,8.10213,2.78436
128,-18.2111,8.10213,2.78436
129,-21.2264,4.64941,2.93508
128,-21.2264,4.64941,2.93508
129,-17.8905,5.24707,-2.30057
128,-17.8905,5.24707,-2.30057
129,-43.4174,12.9589,5.35335
128,-43.4174,12.9589,5.35335
129,-21.195,2.3715,2.53422
128,-21.195,2.3715,2.53422
129,-13.8888,4.80114,1.09344
128,-13.8888,4.80114,1.09344
129,-17.9692,3.5168,0.597603
128,-17.9692,3.5168,0.597603
129,-17.6352,5.50391,-2.13704
128,-17.6352,5.50391,-2.13704
129,-18.1885,2.47828,0.142745
128,-18.1885,2.47828,0.142745
129,-18.2688,3.6658,2.39238
128,-18.2688,3.6658,2.39238
129,-17.6845,4.211,-2.06133
128,-17.6845,4.211,-2.06133
129,-18.3095,3.04045,-0.304522
128,-18.3095,3.04045,-0.304522
129,-14.1735,5.18368,0.93635
128,-14.1735,5.18368,0.93635
129,-20.9298,2.35866,2.57356
128,-20.9298,2.35866,2.57356
129,-17.8262,3.33333,-1.60743
127,-17.8262,3.33333,-1.60743
129,-17.8249,3.32004,-1.04324
127,-17.8249,3.32004,-1.04324
129,-17.7635,3.40952,-1.8658
127,-17.7635,3.40952,-1.8658
129,-17.9538,3.42681,0.135147
127,-17.9538,3.42681,0.135147
129,-17.6312,6.15463,1.47509
127,-17.6312,6.15463,1.47509
129,-18.0053,9.67683,-2.13972
127,-18.0053,9.67683,-2.13972
129,-15.0022,5.15555,1.02801
127,-15.0022,5.15555,1.02801
129,-17.8026,4.26144,-2.20868
127,-17.8026,4.26144,-2.20868
129,-17.5367,6.08153,1.48628
127,-17.5367,6.08153,1.48628
129,-17.908,3.41517,0.149257
127,-17.908,3.41517,0.149257
129,-17.9354,9.04391,-2.28042
127,-17.9354,9.04391,-2.28042
129,-17.5524,9.0818,-1.81883
127,-17.5524,9.0818,-1.81883
129,-17.459,7.9592,-1.83049
127,-17.459,7.9592,-1.83049
129,-16.9482,4.60123,0.19052
127,-16.9482,4.60123,0.19052
129,-17.7615,3.37099,-1.29223
127,-17.7615,3.37099,-1.29223
129,-16.6443,5.51865,2.21099
127,-16.6443,5.51865,2.21099
129,-17.9244,3.36326,-1.93884
127,-17.9244,3.36326,-1.93884
129,-18.0165,3.54507,-1.59627
127,-18.0165,3.54507,-1.59627
129,-17.8808,3.34808,-1.902
127,-17.8808,3.34808,-1.902
129,-17.7807,2.94038,2.2038
127,-17.7807,2.94038,2.2038
129,-18.2654,6.29261,-3.93137
127,-18.2654,6.29261,-3.93137
129,-18.6127,3.09269,2.22779
127,-18.6127,3.09269,2.22779
129,-17.9792,6.6086,-3.68011
127,-17.9792,6.6086,-3.68011
129,-17.8315,3.29088,-1.33008
126,-17.8315,3.29088,-1.33008
129,-17.8912,3.63717,-1.7805
126,-17.8912,3.63717,-1.7805
129,-17.4453,3.79594,-0.147963
126,-17.4453,3.79594,-0.147963
129,-17.5989,3.40826,-2.64529
126,-17.5989,3.40826,-2.64529
129,-18.2158,4.39141,2.22061
126,-18.2158,4.39141,2.22061
129,-15.547,4.95847,0.0679981
126,-15.547,4.95847,0.0679981
129,-17.4586,8.31973,-2.2933
126,-17.4586,8.31973,-2.2933
129,-17.81,3.37964,-2.41512
126,-17.81,3.37964,-2.41512
129,-17.4453,4.13344,-0.835424
126,-17.4453,4.13344,-0.835424
129,-14.8966,4.74627,1.52986
126,-14.8966,4.74627,1.52986
129,-17.4825,5.80136,0.683998
125,-17.4825,5.80136,0.683998
129,-17.9549,4.38825,2.21915
125,-17.9549,4.38825,2.21915
129,-19.4568,5.01611,-4.67885
125,-19.4568,5.01611,-4.67885
129,-17.9475,1.23489,-1.62623
125,-17.9475,1.23489,-1.62623
129,-17.7288,4.40298,2.3732
125,-17.7288,4.40298,2.3732
129,-17.9571,2.27858,-2.03498
125,-17.9571,2.27858,-2.03498
129,-17.482,1.84611,2.3388
124,-17.482,1.84611,2.3388
129,-17.5329,5.31054,2.23588
122,-17.5329,5.31054,2.23588
129,-18.2244,2.69981,-2.66872
120,-18.2244,2.69981,-2.66872
129,-18.1136,3.50972,0.525036
120,-18.1136,3.50972,0.525036
129,-17.776,3.22118,-1.61103
116,-17.776,3.22118,-1.61103
129,-17.9024,2.96755,-1.59124
116,-17.9024,2.96755,-1.59124
130,-12.8516,3.75778,2.06098
130,-13.3331,4.67274,0.758605
130,-13.6275,4.89569,1.82213
130,-13.308,4.88219,0.735329
130,-13.4571,5.13495,1.43027
130,-13.3789,4.73014,0.706948
130,-13.311,4.90712,0.717409
130,-13.6727,4.9815,1.81614
130,-13.295,4.99247,0.686227
130,-13.6697,5.04036,1.81808
130,-13.7054,4.95809,1.81451
130,-13.4831,5.14284,1.35227
130,-13.4887,5.14215,1.35662
130,-13.7062,5.03831,1.80009
130,-13.71,5.11436,1.80492
130,-13.5911,5.08196,1.4094
130,-13.6898,5.15817,1.60355
130,-13.5085,5.21693,1.1319
130,-13.699,5.1697,1.60346
130,-13.5575,5.20971,1.12396
130,-13.6698,5.17914,1.38242
130,-13.5726,5.23476,1.12041
130,-13.6801,5.19884,1.37608
130,-14.0421,4.72518,1.80348
130,-13.7717,5.31738,1.17302
130,-13.8753,5.14682,1.09993
130,-13.8838,5.14751,1.10621
130,-13.9058,5.14957,1.07557
130,-13.878,5.42667,1.15186
130,-13.8853,5.42699,1.14747
130,-14.3922,4.75553,1.76908
130,-14.4137,4.74829,1.79231
130,-14.3987,4.76672,1.7684
130,-14.0342,5.00966,0.993102
130,-14.6932,5.07038,2.14931
130,-14.6947,5.10416,2.17838
130,-14.7531,4.62777,1.6808
130,-14.7599,4.63311,1.67779
130,-14.7413,4.70394,1.63168
130,-14.7792,5.11181,2.18249
130,-14.7695,5.14997,2.18046
130,-14.1938,5.55456,0.985059
130,-14.814,4.69952,1.73822
130,-14.7516,4.53137,1.34338
130,-14.7867,4.71558,1.63947
130,-14.8599,4.89766,2.05348
130,-14.7998,4.67316,1.60505
130,-14.8159,4.67933,1.59876
130,-14.8184,4.68115,1.60116
130,-14.7687,4.62423,1.37121
130,-14.7513,4.67901,1.30951
130,-14.1082,5.13425,-0.0144837
130,-14.7172,4.75938,1.27761
130,-14.1108,5.14913,-0.0269346
130,-14.1201,5.13814,-0.0195625
130,-14.7879,4.70021,1.30392
130,-14.8839,4.52864,1.32463
130,-14.8909,4.6752,1.51011
130,-14.8891,4.63835,1.46073
130,-14.1425,5.18765,-0.0657144
130,-14.1494,5.19409,-0.0630789
130,-15.0174,4.79376,1.93501
130,-14.904,4.55127,1.3121
130,-14.9636,4.57343,1.48708
130,-14.7992,5.03255,1.5235
130,-14.8086,5.03845,1.52498
130,-14.7942,4.93731,1.29849
130,-14.803,4.93886,1.29949
130,-14.7679,5.10981,1.38679
130,-14.8453,5.19645,1.35731
130,-14.8626,5.20298,1.35289
130,-14.8326,4.75328,0.625665
130,-15.1673,4.60816,1.34394
130,-14.7305,5.03913,0.579133
130,-14.7563,4.98281,0.556729
130,-14.927,4.557,0.523009
130,-14.7551,5.02094,0.563893
130,-14.7492,5.06288,0.569282
130,-14.94,4.57243,0.513826
130,-14.7459,5.06729,0.468238
130,-14.4907,6.06363,0.857059
130,-14.7674,5.05483,0.310629
130,-15.0297,4.56572,0.390059
130,-15.0211,4.63866,0.452332
130,-15.0652,4.59088,0.353407
130,-14.8185,5.08434,0.219282
130,-15.0559,4.69437,0.435396
130,-15.0618,4.6217,0.350227
130,-14.7235,6.83533,2.01106
130,-14.951,5.01174,0.317712
130,-14.979,5.05177,0.282521
130,-15.0004,5.07632,0.275324
130,-14.9884,4.99613,0.141887
130,-15.02,5.00057,0.116977
130,-15.3339,4.64028,0.583692
130,-15.0235,4.99806,0.110789
130,-15.3535,4.64311,0.577139
130,-15.3063,4.69777,0.502042
130,-15.2836,4.63226,0.333936
130,-15.3567,4.65289,0.564212
130,-15.3845,4.72679,0.466721
130,-14.9827,6.30436,1.09298
130,-15.0435,4.99792,-0.340432
130,-15.0478,4.98965,-0.338227
130,-15.0022,6.36092,1.07889
130,-15.2606,5.20813,0.406275
130,-15.0632,6.43056,1.06664
130,-15.6219,4.64577,0.507524
130,-15.4173,6.47388,2.00002
130,-15.0359,6.58679,0.753262
130,-17.8658,1.63963,2.36062
130,-16.0385,4.70317,0.38835
130,-17.5705,3.23592,2.80604
130,-16.1138,4.73676,0.346765
130,-16.1908,4.67089,0.461738
130,-16.1235,4.76762,0.38356
130,-17.5958,2.91284,2.21553
130,-17.6206,2.92372,2.20955
130,-17.7978,3.2295,2.85262
130,-17.932,1.19288,0.601797
130,-17.8292,0.95629,-0.107452
130,-17.6254,3.51098,2.33109
130,-17.6258,2.5732,1.18279
130,-17.8177,3.40356,2.47457
130,-18.0354,3.27257,2.85962
130,-17.783,3.54097,2.36683
130,-17.8704,3.40855,2.35137
130,-18.8178,1.74085,3.05474
130,-17.6882,3.91303,2.35584
130,-17.0502,5.43227,2.21877
130,-18.0393,1.74746,0.646037
130,-16.8807,3.74253,-0.304734
130,-16.9751,3.85618,0.0251327
130,-17.9247,2.57765,1.18093
130,-15.9491,6.64806,0.359751
130,-17.7368,4.09117,2.21242
130,-17.8279,4.06897,2.43538
130,-17.7226,4.32527,2.41026
130,-18.1733,1.07935,-0.281855
130,-17.5255,4.84992,2.35931
130,-17.0958,3.89574,-0.019419
130,-17.7982,4.09346,2.21236
130,-16.8042,5.38513,0.881806
130,-17.7838,4.36623,2.42241
130,-17.4949,3.68304,0.745031
130,-17.8759,2.56981,0.464287
130,-16.656,4.83468,-0.359318
130,-17.5203,3.76293,0.743111
130,-17.501,5.15125,2.34606
130,-18.0997,1.88252,0.156954
130,-17.8511,4.4928,2.54789
130,-17.5422,5.12039,2.38992
130,-18.2564,1.79625,0.468975
130,-16.387,6.65383,0.853619
130,-17.3716,3.92578,0.416898
130,-17.3806,3.92285,0.42432
130,-17.4928,5.27266,2.34076
130,-17.5082,5.29706,2.41191
130,-17.6838,3.51127,0.769678
130,-17.5467,3.91163,0.738831
130,-17.9467,4.38095,2.4282
130,-17.3769,5.62522,2.21387
130,-17.5676,5.33549,2.4057
130,-17.2171,3.86744,-0.47228
130,-17.1154,4.60411,0.0695922
130,-17.7658,5.14739,2.55212
130,-17.7107,3.74158,0.703583
130,-16.836,4.97509,-0.372555
130,-17.5667,4.18902,0.76203
130,-16.8651,4.95952,-0.373427
130,-17.5893,4.1642,0.741839
130,-18.2514,1.21145,-0.892905
130,-17.6085,4.18083,0.737426
130,-18.0158,1.21924,-1.67048
130,-18.1101,1.22321,-1.41018
130,-17.0032,4.95417,-0.141644
130,-18.3754,1.42352,-0.427763
130,-17.2908,7.04913,3.11538
130,-17.7712,3.86379,0.68287
130,-17.7201,3.96454,0.655708
130,-17.8968,3.62713,0.761025
130,-18.3467,0.825786,-1.39374
130,-16.9547,4.99374,-0.422287
130,-17.9682,1.96378,-1.26088
130,-17.4468,4.78243,0.565344
130,-17.7272,4.25368,0.73143
130,-17.8522,2.36328,-1.25765
130,-17.8691,2.36163,-1.21911
130,-17.1229,5.47876,0.340074
130,-18.3858,1.45079,-0.856016
130,-17.2268,6.85871,2.24139
130,-17.2371,6.87724,2.24342
130,-17.969,1.96199,-1.60817
130,-18.2079,2.61863,-0.197542
130,-17.8785,2.31548,-1.52729
130,-17.4827,4.92719,0.436206
130,-17.4545,5.16203,0.619974
130,-18.0804,3.54139,0.473181
130,-17.5112,4.95871,0.508708
130,-18.2564,2.5792,-0.214463
130,-17.5856,4.95657,0.689176
130,-18.2619,2.58384,-0.206995
130,-17.7157,3.66403,-0.496081
130,-17.5309,5.01362,0.523165
130,-17.4321,4.72689,-0.118361
130,-17.4955,5.1652,0.564383
130,-17.6195,4.97142,0.679331
130,-17.5351,3.91385,-0.890439
130,-17.3884,6.98836,2.34468
130,-17.2234,5.01226,-0.551253
130,-18.1893,3.54835,0.439257
130,-18.0848,3.15837,-0.335879
130,-17.5786,4.14359,-0.630621
130,-17.386,5.59575,0.544029
130,-16.6766,5.83574,-1.32756
130,-17.8078,4.76899,0.633458
130,-17.6144,3.92409,-0.947836
130,-17.4761,4.95809,-0.135188
130,-17.7514,3.36687,-1.29044
130,-16.4829,7.69425,0.20151
130,-17.7578,3.45676,-1.23234
130,-17.5117,4.97389,-0.154182
130,-17.9293,3.35071,-0.902737
130,-17.6563,5.26485,0.574062
130,-17.7479,3.75742,-0.970247
130,-18.0278,2.30347,-1.91136
130,-17.6663,5.27379,0.557711
130,-18.2654,1.91118,-1.80357
130,-17.7316,5.19473,0.583798
130,-18.6606,1.82726,-0.788464
130,-18.0107,4.58504,0.621044
130,-18.4392,1.88758,-1.44533
130,-17.5941,5.51817,0.40652
130,-16.6769,7.65214,0.246209
130,-18.0851,4.57405,0.599795
130,-17.7156,3.73731,-1.5428
130,-17.7238,4.19925,-0.996152
130,-16.7928,7.55227,0.325458
130,-16.7896,7.60044,0.321481
130,-18.7032,1.91483,-1.01323
130,-17.7113,3.97942,-1.36221
129,-17.7113,3.97942,-1.36221
130,-18.0598,9.17312,-2.38529
129,-18.0598,9.17312,-2.38529
130,-17.2364,4.06242,2.21084
129,-17.2364,4.06242,2.21084
130,-17.6954,3.64401,-1.92404
129,-17.6954,3.64401,-1.92404
130,-17.697,3.58944,-1.64248
129,-17.697,3.58944,-1.64248
130,-14.126,4.47294,1.82431
129,-14.126,4.47294,1.82431
130,-17.127,7.60494,-1.85393
129,-17.127,7.60494,-1.85393
130,-17.6406,6.53447,-2.3467
129,-17.6406,6.53447,-2.3467
130,-17.969,5.04412,-2.32529
129,-17.969,5.04412,-2.32529
130,-14.3281,5.04614,1.73701
129,-14.3281,5.04614,1.73701
130,-14.7973,5.02338,0.524385
129,-14.7973,5.02338,0.524385
130,-20.2718,7.30035,2.49529
129,-20.2718,7.30035,2.49529
130,-17.3927,4.08193,-0.511941
129,-17.3927,4.08193,-0.511941
130,-13.8525,5.07268,0.926869
129,-13.8525,5.07268,0.926869
130,-18.7102,8.84133,3.28233
129,-18.7102,8.84133,3.28233
130,-17.6314,3.29817,-0.724021
129,-17.6314,3.29817,-0.724021
130,-36.6662,9.43271,5.77357
129,-36.6662,9.43271,5.77357
130,-17.564,3.70006,0.35898
129,-17.564,3.70006,0.35898
130,-16.5908,3.15446,0.633282
129,-16.5908,3.15446,0.633282
130,-17.9759,3.35952,-1.96098
129,-17.9759,3.35952,-1.96098
130,-20.2411,14.341,2.60897
129,-20.2411,14.341,2.60897
130,-19.3042,7.89416,3.03112
129,-19.3042,7.89416,3.03112
130,-29.9266,7.53737,4.81349
129,-29.9266,7.53737,4.81349
130,-17.1556,6.91601,-1.37183
129,-17.1556,6.91601,-1.37183
130,-17.1993,8.96929,2.39706
129,-17.1993,8.96929,2.39706
130,-20.3277,7.12868,3.11276
129,-20.3277,7.12868,3.11276
130,-16.7892,5.08456,0.813215
129,-16.7892,5.08456,0.813215
130,-18.0561,3.3267,0.145562
129,-18.0561,3.3267,0.145562
130,-17.7523,7.71473,-4.27641
128,-17.7523,7.71473,-4.27641
130,-15.8834,7.10724,-2.52461
128,-15.8834,7.10724,-2.52461
130,-17.4365,4.49325,2.21398
128,-17.4365,4.49325,2.21398
130,-18.3319,4.46144,-0.278091
128,-18.3319,4.46144,-0.278091
130,-18.3985,4.46994,-0.293519
128,-18.3985,4.46994,-0.293519
130,-17.4266,4.48647,2.21815
128,-17.4266,4.48647,2.21815
130,-18.141,3.41912,-1.02661
128,-18.141,3.41912,-1.02661
130,-18.4904,4.50759,-0.335825
128,-18.4904,4.50759,-0.335825
130,-14.7843,4.69961,0.662561
128,-14.7843,4.69961,0.662561
130,-17.8196,8.9697,-2.16259
128,-17.8196,8.9697,-2.16259
130,-13.4826,4.8382,0.744805
128,-13.4826,4.8382,0.744805
130,-17.5817,4.27891,0.67132
127,-17.5817,4.27891,0.67132
130,-14.6377,4.83157,1.79191
127,-14.6377,4.83157,1.79191
130,-14.6495,4.84733,1.78853
127,-14.6495,4.84733,1.78853
130,-17.545,5.44722,-1.92267
127,-17.545,5.44722,-1.92267
130,-17.7008,3.52561,2.34117
127,-17.7008,3.52561,2.34117
130,-17.1223,2.76033,2.21673
127,-17.1223,2.76033,2.21673
130,-14.9737,4.63562,0.469285
127,-14.9737,4.63562,0.469285
130,-17.6118,4.83737,2.23318
126,-17.6118,4.83737,2.23318
130,-19.8859,5.38325,-4.76021
126,-19.8859,5.38325,-4.76021
130,-17.2726,7.03356,2.35375
126,-17.2726,7.03356,2.35375
130,-17.7804,3.35534,-2.06624
126,-17.7804,3.35534,-2.06624
130,-17.9274,5.21123,-1.30057
126,-17.9274,5.21123,-1.30057
130,-17.6905,5.11462,2.36431
125,-17.6905,5.11462,2.36431
130,-17.8252,3.22207,-2.3275
122,-17.8252,3.22207,-2.3275
130,-17.8523,3.21932,-1.6344
116,-17.8523,3.21932,-1.6344
131,-13.1787,4.28564,1.08525
131,-13.3541,4.95715,1.69451
131,-13.3641,5.00151,1.69458
131,-13.357,5.02116,1.69085
131,-13.3638,5.05005,1.68968
131,-13.3277,5.05826,1.57664
131,-13.1201,4.94906,0.757514
131,-13.4861,4.97291,1.80602
131,-13.3701,5.05493,1.55689
131,-13.1416,4.97341,0.720464
131,-13.5544,5.04786,1.65032
131,-13.4322,4.80542,0.98804
131,-13.4637,5.19233,1.42478
131,-13.4754,4.80775,0.998762
131,-13.4752,5.16691,1.41248
131,-13.4773,4.81931,0.996783
131,-13.4782,4.83208,1.00493
131,-13.5377,5.10054,1.40828
131,-13.5304,5.11089,1.39824
131,-13.5923,5.15577,1.59029
131,-13.4657,4.8152,0.757023
131,-13.5785,5.10516,1.41862
131,-13.4905,5.1925,1.14807
131,-13.5716,5.22293,1.4028
131,-13.4876,5.21528,1.13308
131,-13.6823,5.15505,1.58485
131,-13.6669,4.86607,1.06294
131,-13.641,5.38902,1.04121
131,-13.825,5.1224,1.13254
131,-13.7998,5.36951,1.11739
131,-14.3249,4.72046,1.77936
131,-13.7204,4.99723,0.2301
131,-13.7313,5.01694,0.210381
131,-14.0586,5.01968,1.14904
131,-14.0626,5.0237,1.14198
131,-14.0681,5.03524,1.14426
131,-14.076,5.0324,1.14514
131,-14.0699,5.07756,0.948023
131,-14.0759,5.08651,0.963881
131,-14.1294,5.14659,0.988367
131,-14.6393,4.70291,1.73488
131,-14.644,5.11682,2.10835
131,-14.6573,4.73392,1.69294
131,-14.6776,4.6818,1.63994
131,-14.6948,5.08311,2.14925
131,-14.7866,4.63814,1.53553
131,-14.7936,4.64656,1.54531
131,-14.7899,4.70525,1.59915
131,-14.8668,4.91352,2.06505
131,-14.8427,4.54607,1.42854
131,-14.8515,4.60461,1.48597
131,-14.8941,4.5722,1.55889
131,-14.8528,4.64956,1.52448
131,-14.7655,4.71887,1.30152
131,-14.8573,5.23536,2.16628
131,-14.7004,4.51437,0.850209
131,-14.7721,4.718,1.29139
131,-14.7741,4.88304,1.33234
131,-14.7192,4.90991,1.14196
131,-14.8442,4.88872,1.38097
131,-14.7484,5.14709,1.39553
131,-14.7546,5.14089,1.3853
131,-14.8545,4.91022,1.37125
131,-14.8658,4.89983,1.37199
131,-14.8715,4.90163,1.38731
131,-15.0698,4.50639,1.38021
131,-14.8427,4.57256,0.624103
131,-14.4763,6.88291,2.09786
131,-14.3135,5.36861,-0.231586
131,-14.9633,4.57465,0.633123
131,-15.2375,4.63652,1.4355
131,-14.9409,4.59492,0.5026
131,-14.7506,5.04545,0.438835
131,-14.8823,4.68339,0.308303
131,-14.8115,4.96267,0.385849
131,-14.749,6.70518,1.9797
131,-14.7341,6.75238,1.98448
131,-14.739,6.76577,1.97988
131,-14.7103,6.92998,2.03326
131,-15.0219,6.15434,2.00386
131,-14.7308,6.95926,2.04349
131,-15.1492,6.10729,1.99593
131,-15.3292,4.70795,0.481033
131,-15.3767,4.692,0.393743
131,-14.7144,5.50211,-0.598916
131,-15.3422,6.52566,1.9677
131,-15.7451,4.60622,0.296252
131,-15.3886,5.80616,0.423121
131,-15.4225,5.84034,0.391611
131,-16.0046,4.67229,0.623046
131,-15.9439,4.72705,0.505688
131,-16.0436,4.73582,0.62847
131,-16.0435,4.74977,0.628222
131,-15.9965,4.81316,0.551996
131,-16.0417,4.74166,0.416441
131,-16.0614,4.7699,0.435719
131,-18.0392,1.74369,2.36458
131,-17.5832,3.28777,2.84269
131,-15.3239,6.8552,0.360849
131,-17.6506,3.38039,2.79314
131,-17.702,3.3875,2.90073
131,-17.6988,3.39861,2.89275
131,-17.6912,3.39462,2.79354
131,-17.7277,2.86245,2.20432
131,-17.8336,2.77833,2.20851
131,-16.5205,4.69612,0.673448
131,-17.663,3.38705,2.40806
131,-17.7667,3.06595,2.23246
131,-17.5512,2.57757,0.999273
131,-16.6901,3.67724,-0.195299
131,-17.7794,3.12517,2.21432
131,-17.8387,3.115,2.20864
131,-17.7062,3.41151,2.16115
131,-17.748,2.57262,1.22659
131,-16.8883,3.84003,0.0730922
131,-17.7209,3.64209,2.21028
131,-15.8896,6.62483,0.393547
131,-17.6826,3.93534,2.35224
131,-18.1186,3.33039,2.89055
131,-15.9184,6.64639,0.468366
131,-17.3824,4.88164,2.54509
131,-15.9101,6.48437,0.168977
131,-16.9012,3.712,-0.285479
131,-17.8788,3.42512,2.15913
131,-17.8265,2.57688,0.979401
131,-16.9703,3.86207,0.0292289
131,-15.776,7.14732,0.375893
131,-17.8298,1.27183,-0.675973
131,-15.7902,7.15109,0.368375
131,-17.6733,4.31954,2.42396
131,-17.903,1.92686,0.245261
131,-17.9536,2.57385,1.13631
131,-17.3416,3.66568,0.598193
131,-17.675,4.40386,2.37334
131,-17.0194,3.72513,-0.412864
131,-17.3963,3.68727,0.583807
131,-17.7963,4.11231,2.23023
131,-17.79,4.10795,2.20706
131,-15.8594,7.29712,0.344702
131,-17.0845,3.71932,-0.375328
131,-17.8294,4.34753,2.42685
131,-17.493,3.77055,0.758512
131,-16.0867,6.62378,0.0625017
131,-17.1012,3.74338,-0.459203
131,-16.0998,6.63202,0.0541632
131,-17.1124,3.75041,-0.45002
131,-17.3924,3.92088,0.429777
131,-16.1416,6.68209,0.046797
131,-16.1495,6.67532,0.0371199
131,-17.9244,4.51442,2.55148
131,-17.5343,3.91468,0.721437
131,-18.1316,1.29593,-0.671631
131,-17.1771,3.80346,-0.463985
131,-17.2149,5.1405,1.20071
131,-17.838,2.37822,-0.284393
131,-17.9042,2.396,-0.193365
131,-17.3641,4.64761,0.765591
131,-17.672,3.85488,0.712404
131,-17.3895,4.68594,0.800176
131,-17.5505,4.21771,0.702206
131,-17.6596,5.37402,2.37345
131,-17.9405,2.38342,-0.343099
131,-17.5603,4.22114,0.707197
131,-17.4112,4.67741,0.788936
131,-18.9598,2.29927,2.40112
131,-17.153,5.12921,0.544149
131,-18.0034,2.36764,-0.3239
131,-17.7048,3.95502,0.665875
131,-17.8123,5.23596,2.42581
131,-18.3914,1.42172,-0.413288
131,-18.3606,1.26701,-0.758257
131,-18.0451,2.37078,-0.392845
131,-17.5887,4.28002,0.544533
131,-18.758,1.29485,0.380503
131,-17.6107,4.28302,0.56836
131,-16.47,8.11897,1.81142
131,-18.0555,2.62614,-0.148649
131,-18.1833,1.21331,-1.45096
131,-17.801,2.36079,-1.21092
131,-19.6341,1.62486,3.14722
131,-17.34,4.6997,0.17069
131,-16.9848,5.03399,-0.47476
131,-17.6916,4.31139,0.536558
131,-17.3245,4.69838,-0.0707543
131,-17.8951,3.16285,-0.252063
131,-18.0174,3.47956,0.440682
131,-18.1661,2.62333,-0.178857
131,-18.0673,2.94008,-0.255912
131,-17.3608,6.94645,2.37273
131,-18.1101,2.93738,-0.201779
131,-17.9992,3.14244,-0.278564
131,-17.4934,5.18863,0.601515
131,-17.5261,5.09395,0.479277
131,-17.4952,7.24724,2.8997
131,-17.5384,5.17902,0.546534
131,-17.5681,4.14987,-0.640134
131,-17.4942,5.45692,0.68167
131,-18.4305,4.63935,2.3871
131,-17.7888,3.41102,-0.914798
131,-18.2363,2.88004,-0.273273
131,-17.6386,5.21037,0.733247
131,-17.008,5.28357,-1.00591
131,-17.9082,4.52128,0.67256
131,-17.0181,5.29771,-1.02176
131,-17.6053,5.24943,0.595131
131,-16.6285,8.62684,1.76653
131,-17.6374,5.31895,0.734364
131,-17.8874,3.35381,-0.882602
131,-17.7243,3.42894,-1.326
131,-17.9176,3.35291,-0.907725
131,-17.4853,7.22663,2.34452
131,-17.6425,4.18801,-0.973963
131,-17.9053,4.22712,-0.187853
131,-17.7275,5.31585,0.536013
131,-17.8917,3.30078,-1.36865
131,-18.7114,1.7945,-0.81472
131,-18.4059,2.96714,-0.321181
131,-17.807,3.51845,-1.42307
131,-18.3371,3.76725,0.390993
131,-17.8078,3.39543,-1.59812
131,-17.84,5.29761,0.660256
131,-16.7133,7.69752,0.221069
131,-17.6851,3.47494,-2.00279
131,-17.8747,5.30437,0.666307
131,-17.2377,5.33439,-1.15387
131,-18.473,3.01475,-0.367142
131,-17.8276,3.35723,-1.83545
131,-16.9381,7.43444,0.393183
131,-18.1381,3.38826,-0.988439
131,-17.4105,4.82777,0.118175
130,-17.4105,4.82777,0.118175
131,-17.8014,4.05337,2.42872
130,-17.8014,4.05337,2.42872
131,-17.7869,3.50101,-1.63977
130,-17.7869,3.50101,-1.63977
131,-14.6022,5.23823,2.0857
130,-14.6022,5.23823,2.0857
131,-18.1189,8.36599,2.35732
130,-18.1189,8.36599,2.35732
131,-14.353,5.19975,1.7388
130,-14.353,5.19975,1.7388
131,-14.844,4.8857,0.223798
130,-14.844,4.8857,0.223798
131,-17.4767,5.42147,-1.87821
130,-17.4767,5.42147,-1.87821
131,-17.537,5.13882,-1.40272
130,-17.537,5.13882,-1.40272
131,-14.7329,4.83984,1.34542
130,-14.7329,4.83984,1.34542
131,-17.9034,4.53957,-2.00652
130,-17.9034,4.53957,-2.00652
131,-14.5863,5.2212,2.08725
130,-14.5863,5.2212,2.08725
131,-19.685,11.1818,-5.33612
130,-19.685,11.1818,-5.33612
131,-22.0346,5.19911,2.99499
130,-22.0346,5.19911,2.99499
131,-15.8129,4.59387,0.48631
130,-15.8129,4.59387,0.48631
131,-17.8974,4.27276,-1.85878
130,-17.8974,4.27276,-1.85878
131,-17.6221,4.56918,2.21306
130,-17.6221,4.56918,2.21306
131,-16.7762,7.47238,-0.691993
130,-16.7762,7.47238,-0.691993
131,-21.7933,5.13346,2.98567
130,-21.7933,5.13346,2.98567
131,-19.7041,4.37444,2.86072
130,-19.7041,4.37444,2.86072
131,-18.202,8.65557,2.74238
130,-18.202,8.65557,2.74238
131,-17.9582,7.93163,2.77266
130,-17.9582,7.93163,2.77266
131,-17.8296,3.35181,-2.11322
130,-17.8296,3.35181,-2.11322
131,-32.9109,15.1277,5.2504
130,-32.9109,15.1277,5.2504
131,-18.2882,8.7293,2.75297
130,-18.2882,8.7293,2.75297
131,-19.5242,9.62743,3.40095
130,-19.5242,9.62743,3.40095
131,-16.8263,8.52402,2.36883
130,-16.8263,8.52402,2.36883
131,-16.8098,7.60538,2.39386
130,-16.8098,7.60538,2.39386
131,-33.1343,15.2615,5.28817
130,-33.1343,15.2615,5.28817
131,-17.9921,5.26044,-1.36792
130,-17.9921,5.26044,-1.36792
131,-34.4511,1.59598,5.80204
130,-34.4511,1.59598,5.80204
131,-21.8623,2.39171,2.49152
130,-21.8623,2.39171,2.49152
131,-18.0222,4.55848,-2.07234
130,-18.0222,4.55848,-2.07234
131,-18.408,1.41348,-0.424051
130,-18.408,1.41348,-0.424051
131,-23.4143,2.32401,2.53661
130,-23.4143,2.32401,2.53661
131,-19.299,6.70675,3.01935
130,-19.299,6.70675,3.01935
131,-14.9756,4.97403,0.136437
130,-14.9756,4.97403,0.136437
131,-18.8178,7.55839,2.97352
130,-18.8178,7.55839,2.97352
131,-12.2614,2.83553,2.29366
130,-12.2614,2.83553,2.29366
131,-21.3926,2.40298,2.51849
130,-21.3926,2.40298,2.51849
131,-17.3308,9.16049,2.37303
130,-17.3308,9.16049,2.37303
131,-16.849,5.69435,1.31211
130,-16.849,5.69435,1.31211
131,-18.4218,3.49631,-1.31434
130,-18.4218,3.49631,-1.31434
131,-17.6966,3.59541,-1.64835
129,-17.6966,3.59541,-1.64835
131,-17.8626,3.2963,-0.281433
129,-17.8626,3.2963,-0.281433
131,-19.9802,5.76977,-4.75759
129,-19.9802,5.76977,-4.75759
131,-17.5208,6.07346,1.48904
129,-17.5208,6.07346,1.48904
131,-17.6068,5.22705,-1.96197
129,-17.6068,5.22705,-1.96197
131,-18.1369,3.12042,-0.288391
129,-18.1369,3.12042,-0.288391
131,-16.9798,4.64728,0.199026
129,-16.9798,4.64728,0.199026
131,-17.2301,6.06065,2.21986
129,-17.2301,6.06065,2.21986
131,-20.8615,4.87691,2.92005
129,-20.8615,4.87691,2.92005
131,-17.4496,4.14134,-1.54176
129,-17.4496,4.14134,-1.54176
131,-17.6955,3.48158,-1.39312
129,-17.6955,3.48158,-1.39312
131,-14.6774,4.94772,1.5482
129,-14.6774,4.94772,1.5482
131,-17.8833,5.24003,-2.28724
129,-17.8833,5.24003,-2.28724
131,-18.0675,3.53357,0.58154
129,-18.0675,3.53357,0.58154
131,-17.5454,3.4296,0.72208
129,-17.5454,3.4296,0.72208
131,-17.9076,3.56976,-2.21213
128,-17.9076,3.56976,-2.21213
131,-17.3839,4.84588,-0.0629188
128,-17.3839,4.84588,-0.0629188
131,-19.1524,5.26068,2.23236
128,-19.1524,5.26068,2.23236
131,-17.9061,3.38624,-1.62399
128,-17.9061,3.38624,-1.62399
131,-17.7091,3.46172,-1.23575
128,-17.7091,3.46172,-1.23575
131,-13.5181,4.84227,0.800013
128,-13.5181,4.84227,0.800013
131,-14.7776,4.88945,1.39816
127,-14.7776,4.88945,1.39816
131,-17.4973,5.32377,-1.60859
127,-17.4973,5.32377,-1.60859
131,-18.0802,3.50072,0.216313
127,-18.0802,3.50072,0.216313
131,-17.8025,3.63385,-1.73566
127,-17.8025,3.63385,-1.73566
131,-18.6753,9.30012,2.793
127,-18.6753,9.30012,2.793
131,-13.8411,5.19425,1.77432
127,-13.8411,5.19425,1.77432
131,-17.9567,3.34824,0.690918
127,-17.9567,3.34824,0.690918
131,-17.8199,3.76995,-1.63247
126,-17.8199,3.76995,-1.63247
131,-17.9008,3.35021,-0.859843
126,-17.9008,3.35021,-0.859843
131,-17.856,3.35139,-2.06882
125,-17.856,3.35139,-2.06882
131,-17.8534,2.75344,-1.2069
118,-17.8534,2.75344,-1.2069
132,-13.4438,3.93302,2.07096
132,-13.4525,3.94819,2.04541
132,-13.29,5.3376,1.9991
132,-13.2412,4.66957,0.939603
132,-13.3018,5.33258,1.9998
132,-13.0368,5.15718,0.943567
132,-13.045,5.14843,0.945505
132,-13.2475,5.07513,1.21674
132,-13.2731,5.08527,1.23172
132,-13.3094,4.82605,0.78088
132,-13.213,5.10206,0.827101
132,-13.1523,5.48028,1.13122
132,-13.6611,5.07896,1.83143
132,-13.2931,5.4374,1.09934
132,-13.3516,5.45884,1.26175
132,-13.6097,5.18148,1.5696
132,-13.5443,5.34678,1.5911
132,-13.3128,5.47253,1.07728
132,-13.3496,5.173,0.719174
132,-13.5946,5.36151,1.68198
132,-13.3542,5.17245,0.711713
132,-13.6706,5.27362,1.75745
132,-13.3607,5.55047,1.21398
132,-13.5356,5.39125,1.45256
132,-13.6893,5.1738,1.58603
132,-13.6975,5.17136,1.57465
132,-13.7051,5.19003,1.57291
132,-13.7072,5.18396,1.55784
132,-13.707,5.19129,1.56025
132,-13.5805,4.99044,0.890603
132,-13.8354,5.34563,2.11338
132,-13.5754,5.4055,1.42782
132,-13.573,5.43659,1.42776
132,-13.3734,5.58214,1.01941
132,-13.5743,5.40154,1.33253
132,-13.8355,5.17797,1.78543
132,-13.661,5.12705,1.19104
132,-13.8597,5.37573,2.10701
132,-13.8387,5.18524,1.78279
132,-13.7396,5.3757,1.73965
132,-13.6611,5.28834,1.3103
132,-13.6099,5.49653,1.39811
132,-13.6655,5.22557,1.18855
132,-13.6833,5.21582,1.20514
132,-13.6806,5.29611,1.29518
132,-13.7089,5.29312,1.34544
132,-13.6289,5.54956,1.40067
132,-13.7114,5.25472,1.18242
132,-13.7484,5.26017,1.23543
132,-13.7521,5.2947,1.23515
132,-13.9117,5.32429,1.73659
132,-13.7566,5.30225,1.23309
132,-13.62,5.09791,0.394608
132,-13.6134,5.15108,0.376474
132,-13.9748,4.97573,1.04827
132,-13.9929,5.06669,1.161
132,-14.0053,5.01136,1.03019
132,-14.0041,5.07688,1.11168
132,-14.0819,5.06997,1.06715
132,-13.9733,5.32502,1.01341
132,-14.1209,5.09235,1.10501
132,-13.9982,5.34187,0.997156
132,-14.141,5.104,1.09437
132,-14.5868,4.66348,1.77463
132,-14.5221,4.59495,1.44341
132,-14.5647,5.06457,2.11811
132,-14.5735,5.06834,2.11733
132,-14.673,4.63501,1.78131
132,-14.0908,5.33765,0.973988
132,-14.074,5.30027,0.846244
132,-14.6773,4.99395,2.11782
132,-14.6768,5.00047,2.1175
132,-14.6859,5.00331,2.11351
132,-14.7013,4.67235,1.66557
132,-14.5685,4.7907,1.40577
132,-14.6867,4.63341,1.49277
132,-14.5854,4.80877,1.41893
132,-14.597,4.76249,1.37842
132,-14.6393,4.82492,1.57027
132,-14.6017,4.80611,1.402
132,-14.6498,4.74311,1.45116
132,-14.6025,4.80397,1.33976
132,-14.6245,4.82372,1.32457
132,-14.0831,5.21708,0.215529
132,-14.8229,4.56407,1.42359
132,-14.694,4.83043,1.2934
132,-14.7544,4.79545,1.41449
132,-14.9308,4.61651,1.67099
132,-14.9359,4.62269,1.67536
132,-14.7575,4.82371,1.40954
132,-14.8632,4.58902,1.40254
132,-14.6615,4.9911,1.31755
132,-14.1333,5.2783,0.140707
132,-14.7864,4.72773,1.28216
132,-14.884,4.60434,1.39581
132,-14.6234,4.72171,0.641337
132,-15.0223,4.86101,1.98318
132,-14.8753,4.7066,1.33248
132,-14.9646,4.64426,1.36518
132,-14.8795,4.77206,1.25677
132,-15.073,4.896,1.98859
132,-14.8717,4.78732,1.23713
132,-14.8752,4.78708,1.24227
132,-14.7699,4.63709,0.686143
132,-14.669,4.78728,0.504659
132,-14.9214,4.79051,1.24479
132,-15.1211,4.85558,1.91671
132,-14.7894,5.18701,1.36426
132,-14.3139,6.8845,2.12103
132,-15.1271,4.59111,1.39814
132,-14.6891,4.95819,0.592895
132,-15.1619,4.61515,1.49606
132,-15.14,4.59562,1.39823
132,-14.7037,4.96593,0.57891
132,-14.3414,6.92245,2.11815
132,-14.3471,6.91765,2.12454
132,-14.7034,5.00998,0.579863
132,-14.7055,5.04009,0.589149
132,-14.7101,5.0262,0.583357
132,-15.1975,4.63338,1.48015
132,-15.1924,4.63391,1.44987
132,-14.4011,6.91187,2.1862
132,-15.1113,4.52362,0.954625
132,-14.7311,5.07517,0.575137
132,-15.2471,4.63254,1.47843
132,-15.2314,4.64525,1.43735
132,-14.3291,5.39028,-0.271101
132,-15.2896,4.89391,1.88531
132,-15.1462,4.53891,0.935161
132,-14.9725,4.66783,0.529397
132,-14.9746,4.64308,0.458075
132,-14.471,7.03022,2.17045
132,-14.9982,4.67004,0.524635
132,-14.998,4.63649,0.467131
132,-14.4989,7.08863,2.17149
132,-15.0204,4.59312,0.305645
132,-15.0223,4.59684,0.29527
132,-14.8266,5.20608,0.527555
132,-15.0352,4.59875,0.30395
132,-15.0476,4.6355,0.255675
132,-14.6036,7.08735,2.09928
132,-14.9259,5.36343,0.652745
132,-14.6242,7.10677,2.10452
132,-14.8211,6.70147,1.9647
132,-15.2869,4.65284,0.480993
132,-14.6543,6.31949,0.870751
132,-14.7421,6.99,2.03296
132,-15.0597,5.46874,0.581522
132,-15.0298,6.3219,1.0878
132,-15.3998,5.78359,1.0594
132,-15.6448,4.62555,0.159195
132,-15.0821,6.52218,0.744096
132,-15.6065,4.76503,-0.238239
132,-15.1517,6.53807,0.576854
132,-17.1175,3.54616,2.22859
132,-15.4252,5.1395,-0.659411
132,-15.1804,6.69727,0.456949
132,-16.3923,3.76001,0.0288839
132,-15.5241,5.87061,0.293931
132,-17.023,4.06491,2.23879
132,-16.4381,3.7681,0.00633383
132,-16.653,5.02769,2.2652
132,-17.6553,3.33625,2.85311
132,-15.5909,5.94202,0.261726
132,-16.6867,5.07399,2.27201
132,-15.4105,6.65419,0.553041
132,-16.7151,5.1092,2.26812
132,-15.666,5.25712,-0.827641
132,-15.6869,5.9967,0.2095
132,-17.5557,3.51375,2.34157
132,-17.5944,3.51604,2.35142
132,-16.7251,3.82682,0.161123
132,-17.1391,4.52093,2.23603
132,-15.465,6.71484,0.272954
132,-17.31,4.30221,2.37118
132,-16.3388,4.90261,0.303985
132,-17.3158,4.3231,2.37961
132,-17.7265,2.59544,1.2309
132,-15.5828,6.68576,0.379193
132,-16.8628,3.85237,0.291517
132,-17.4232,4.15725,2.22099
132,-16.377,4.77098,-0.115066
132,-15.7121,6.71742,0.547005
132,-17.4879,4.25872,2.43378
132,-16.5928,4.55504,-0.206641
132,-17.9391,3.56602,2.39787
132,-18.0804,2.54621,1.12806
132,-17.366,5.3043,2.70843
132,-17.2682,3.89862,0.483169
132,-18.0154,2.56767,0.882432
132,-17.5369,5.13474,2.92
132,-17.3216,5.23125,2.38859
132,-16.7324,4.59695,-0.26301
132,-17.5711,5.16527,2.96387
132,-17.3853,5.26127,2.43419
132,-17.4546,3.91501,0.765002
132,-17.3819,3.92856,0.437734
132,-18.0027,1.89596,-0.5036
132,-17.1443,5.81741,2.22282
132,-18.0328,1.91018,-0.49592
132,-17.586,5.04904,2.36998
132,-18.2422,2.52995,0.866736
132,-17.7253,5.22583,2.99083
132,-18.0848,3.88015,2.20292
132,-17.1164,6.00497,2.2223
132,-17.5437,5.1846,2.36077
132,-17.5678,5.17255,2.37684
132,-17.6467,5.19553,2.56692
132,-17.6765,5.06648,2.37236
132,-18.1486,4.12234,2.42244
132,-17.7051,3.84162,0.723162
132,-17.7567,3.39498,0.21254
132,-17.7094,5.19118,2.36112
132,-16.0283,7.45984,0.445147
132,-17.0436,6.89505,2.6218
132,-17.5812,4.27852,0.659039
132,-17.1908,6.74325,2.83646
132,-18.0357,4.44595,2.20107
132,-18.2752,1.87749,-0.597913
132,-17.1818,5.17208,0.617325
132,-17.2101,6.76413,2.84969
132,-17.8365,3.7976,0.638974
132,-17.3534,6.08023,2.2378
132,-17.2571,3.89123,-1.07064
132,-17.3851,6.09136,2.24547
132,-17.1904,7.01528,2.83994
132,-17.4043,6.10849,2.23476
132,-17.6676,3.3446,-0.763773
132,-17.6211,3.39238,-0.840812
132,-17.0017,7.03005,2.25083
132,-18.0686,3.42641,0.471398
132,-17.3874,4.72788,0.206352
132,-17.4843,4.91519,0.717798
132,-17.5888,3.43416,-1.10392
132,-17.3584,6.8647,2.85093
132,-18.0214,3.14807,-0.24916
132,-17.5956,4.76429,0.647366
132,-17.7164,3.392,-0.908238
132,-17.4606,4.75762,0.168463
132,-17.3649,5.22907,0.473431
132,-18.0439,3.16625,-0.319479
132,-17.1704,6.90387,2.1635
132,-17.3905,4.75122,-0.114145
132,-17.4435,4.79826,0.0983219
132,-17.3969,5.23187,0.460206
132,-17.6926,4.74679,0.657619
132,-17.1847,4.40476,-1.30889
132,-16.4305,6.93462,-0.138831
132,-18.1667,2.11375,-1.56714
132,-17.8522,3.34748,-0.827831
132,-17.2251,6.94799,2.17395
132,-17.5698,3.34742,-1.68811
132,-17.5552,6.3052,2.20911
132,-18.2625,2.94907,-0.254565
132,-17.7406,4.7617,0.6457
132,-17.5148,4.85058,0.0712764
132,-17.5464,4.80605,0.0974989
132,-17.5274,4.83913,0.039767
132,-18.3145,2.98262,-0.285737
132,-16.3164,7.79028,0.318844
132,-17.488,4.12497,-1.18924
132,-16.9267,5.15417,-1.45218
132,-17.6579,3.36529,-1.74353
132,-17.644,3.5963,-1.51725
132,-18.2733,5.06365,2.23286
132,-16.6861,7.24251,0.460566
132,-16.6933,7.2445,0.469829
132,-16.7582,7.16046,0.511019
132,-17.8263,3.49454,-1.31736
132,-17.6554,5.26295,0.551848
132,-17.6621,5.25075,0.551868
132,-17.3999,4.17269,-1.7559
132,-17.7917,3.36653,-1.74265
132,-16.9366,5.37893,-1.60132
132,-17.5966,4.13459,-1.3825
132,-18.4455,5.26909,2.59359
132,-17.427,4.16456,-1.92511
132,-17.6872,5.20197,0.199334
132,-16.7888,6.03955,-1.49681
132,-17.6939,4.15124,-1.47775
132,-16.9214,5.59842,-1.91567
132,-16.6943,6.4213,-1.62442
132,-16.7312,7.75018,0.173165
132,-17.7487,5.90253,2.41577
131,-17.7487,5.90253,2.41577
132,-19.1794,7.86774,2.46739
131,-19.1794,7.86774,2.46739
132,-17.3471,5.21832,0.47587
131,-17.3471,5.21832,0.47587
132,-16.8791,5.92252,1.7659
131,-16.8791,5.92252,1.7659
132,-17.2419,4.78969,0.00160599
131,-17.2419,4.78969,0.00160599
132,-20.1922,5.16053,-3.66988
131,-20.1922,5.16053,-3.66988
132,-16.9335,6.05742,1.67484
131,-16.9335,6.05742,1.67484
132,-18.9243,9.78212,2.37181
131,-18.9243,9.78212,2.37181
132,-14.2531,5.06626,2.10939
131,-14.2531,5.06626,2.10939
132,-16.9742,7.83263,0.179947
131,-16.9742,7.83263,0.179947
132,-17.7723,3.35246,-2.07091
131,-17.7723,3.35246,-2.07091
132,-17.7554,9.63741,2.35855
131,-17.7554,9.63741,2.35855
132,-17.4799,4.5225,2.21883
131,-17.4799,4.5225,2.21883
132,-19.4928,10.3751,2.38481
131,-19.4928,10.3751,2.38481
132,-22.3462,4.89248,3.02482
131,-22.3462,4.89248,3.02482
132,-19.541,9.34704,2.84985
131,-19.541,9.34704,2.84985
132,-17.947,5.19148,-1.24957
131,-17.947,5.19148,-1.24957
132,-22.4809,5.80966,3.03248
131,-22.4809,5.80966,3.03248
132,-17.6425,3.95154,-1.32285
131,-17.6425,3.95154,-1.32285
132,-17.9459,3.39467,-1.66354
131,-17.9459,3.39467,-1.66354
132,-16.7462,7.27428,-1.29811
131,-16.7462,7.27428,-1.29811
132,-17.0991,8.86268,2.36317
131,-17.0991,8.86268,2.36317
132,-17.6417,5.25367,-1.98211
131,-17.6417,5.25367,-1.98211
132,-18.3538,4.66933,-2.31087
131,-18.3538,4.66933,-2.31087
132,-17.6938,3.96308,-1.35968
131,-17.6938,3.96308,-1.35968
132,-13.801,5.13107,1.79536
131,-13.801,5.13107,1.79536
132,-20.7807,2.91387,2.12316
131,-20.7807,2.91387,2.12316
132,-23.4139,2.33358,2.51285
131,-23.4139,2.33358,2.51285
132,-16.6165,4.75317,0.0756173
131,-16.6165,4.75317,0.0756173
132,-42.5845,20.9928,6.66544
131,-42.5845,20.9928,6.66544
132,-17.2195,4.95403,-1.74561
131,-17.2195,4.95403,-1.74561
132,-15.3428,4.60547,1.0176
131,-15.3428,4.60547,1.0176
132,-28.3986,2.55645,3.87681
131,-28.3986,2.55645,3.87681
132,-18.2663,1.71596,0.567617
131,-18.2663,1.71596,0.567617
132,-17.1791,10.8023,2.40482
131,-17.1791,10.8023,2.40482
132,-18.3442,3.52665,0.481405
131,-18.3442,3.52665,0.481405
132,-17.4789,8.37635,2.40517
131,-17.4789,8.37635,2.40517
132,-26.662,2.58222,3.69235
131,-26.662,2.58222,3.69235
132,-18.3373,7.22186,2.93305
131,-18.3373,7.22186,2.93305
132,-20.5968,4.57714,2.94395
131,-20.5968,4.57714,2.94395
132,-17.3772,3.96497,-0.100859
131,-17.3772,3.96497,-0.100859
132,-17.7846,2.39314,-0.26481
131,-17.7846,2.39314,-0.26481
132,-19.9189,7.07183,2.47149
130,-19.9189,7.07183,2.47149
132,-17.4351,4.39536,0.780532
130,-17.4351,4.39536,0.780532
132,-16.64,4.91122,0.266274
130,-16.64,4.91122,0.266274
132,-16.7512,5.60307,2.2338
130,-16.7512,5.60307,2.2338
132,-16.2552,3.6907,2.24645
130,-16.2552,3.6907,2.24645
132,-17.2976,4.05088,-0.169018
130,-17.2976,4.05088,-0.169018
132,-18.5586,8.79783,2.36401
130,-18.5586,8.79783,2.36401
132,-17.7925,4.91249,-0.0409977
130,-17.7925,4.91249,-0.0409977
132,-36.2834,9.44546,5.73713
130,-36.2834,9.44546,5.73713
132,-17.3718,5.10602,0.78897
129,-17.3718,5.10602,0.78897
132,-19.1151,7.74784,3.01114
129,-19.1151,7.74784,3.01114
132,-17.6821,4.22348,-2.10454
129,-17.6821,4.22348,-2.10454
132,-17.4372,5.19183,0.764929
127,-17.4372,5.19183,0.764929
132,-17.3291,5.12315,0.795447
127,-17.3291,5.12315,0.795447
132,-17.3935,5.16405,0.777265
127,-17.3935,5.16405,0.777265
132,-15.0898,4.47833,0.774536
127,-15.0898,4.47833,0.774536
132,-17.8092,3.0251,-1.59843
124,-17.8092,3.0251,-1.59843
132,-17.4921,4.91261,0.708134
118,-17.4921,4.91261,0.708134
133,-12.1155,3.39535,2.35532
133,-12.3376,3.60324,2.4109
133,-12.7156,4.05125,2.41328
133,-12.9219,3.71797,2.46753
133,-12.757,4.09807,2.41443
133,-13.1226,5.01867,1.29484
133,-13.1305,5.0275,1.28499
133,-13.0932,5.25574,1.23817
133,-13.1577,5.18638,1.20883
133,-13.2203,5.13149,1.22591
133,-13.1691,5.21792,1.16774
133,-13.1996,5.51087,1.67715
133,-13.1976,5.55272,1.70145
133,-13.3155,5.17059,1.40798
133,-13.2494,5.17315,1.19707
133,-13.3798,5.09917,1.47289
133,-13.2106,5.58287,1.69034
133,-13.3371,5.20842,1.38736
133,-13.1925,5.57941,1.40214
133,-13.1904,5.57882,1.38077
133,-13.3945,5.10928,1.20289
133,-13.4461,5.50933,1.99575
133,-13.4503,5.52256,1.99159
133,-13.3768,5.26878,1.35252
133,-13.4874,5.11955,1.45462
133,-13.4585,5.52572,1.99538
133,-13.4244,5.09097,1.17982
133,-13.2267,5.65499,1.39945
133,-13.4183,5.13541,1.18502
133,-13.4993,5.02186,1.23459
133,-13.4094,5.31497,1.3375
133,-13.2051,5.69008,1.21483
133,-13.4539,5.1715,1.16054
133,-13.5189,5.35323,1.58463
133,-13.2225,5.62733,1.05679
133,-13.221,5.63444,1.03266
133,-13.2164,5.77372,1.17059
133,-13.6237,5.20073,1.55944
133,-13.4375,5.39646,1.25241
133,-13.2195,5.79611,1.16483
133,-13.6354,5.20527,1.55878
133,-13.5461,5.40003,1.5728
133,-13.2231,5.7988,1.15613
133,-13.6784,5.16237,1.58533
133,-13.6773,5.16585,1.57684
133,-13.261,5.70565,1.05362
133,-13.5382,5.39662,1.44365
133,-13.2575,5.69955,1.02338
133,-13.2386,5.82201,1.14119
133,-13.2637,5.70078,1.00724
133,-13.5693,5.49484,1.59201
133,-13.7105,5.3376,1.76752
133,-13.5341,5.51885,1.43627
133,-13.5735,5.44445,1.42157
133,-13.664,5.19441,1.21706
133,-13.6883,5.32501,1.49874
133,-13.6065,5.42594,1.30864
133,-13.6764,5.29239,1.28954
133,-13.71,5.28055,1.34326
133,-13.6202,5.46353,1.29858
133,-13.7256,5.292,1.33864
133,-13.7273,5.29481,1.33666
133,-13.7383,5.26264,1.24485
133,-13.668,5.62011,1.55003
133,-13.7913,5.17865,1.14373
133,-13.6666,5.66866,1.36016
133,-13.7863,5.3811,1.28755
133,-13.948,5.04696,1.16999
133,-13.8659,5.25214,1.09631
133,-13.6926,5.30637,0.557128
133,-13.928,5.59073,1.6857
133,-14.0488,5.04592,1.15104
133,-14.0644,5.03861,1.15631
133,-13.6095,5.88076,1.02822
133,-13.8162,5.63787,1.28516
133,-14.4181,4.55795,1.49997
133,-13.8181,5.26625,0.633985
133,-13.978,5.22193,1.05502
133,-14.073,5.08652,1.13598
133,-13.7421,5.37842,0.532887
133,-14.0818,5.09101,1.15791
133,-13.6313,5.91574,1.01306
133,-13.9855,5.22285,1.04858
133,-14.0453,5.05135,0.958645
133,-14.092,5.06339,1.12194
133,-14.0497,5.05448,0.958465
133,-13.9959,5.22257,1.04729
133,-13.9445,5.33224,1.04501
133,-13.8356,5.28139,0.611767
133,-14.4086,4.76916,1.61994
133,-13.908,5.23054,0.737689
133,-14.0628,5.07908,0.978861
133,-13.765,5.40112,0.517052
133,-14.4545,4.61741,1.45636
133,-14.1151,5.08215,1.10367
133,-14.1236,5.08794,1.12001
133,-14.5618,4.66719,1.83467
133,-14.0259,5.24301,1.02263
133,-14.1267,5.09356,1.10044
133,-14.1319,5.09682,1.11457
133,-14.5737,4.65316,1.78792
133,-14.6027,4.69295,1.81703
133,-13.9668,5.2932,0.68991
133,-14.6174,4.68326,1.75841
133,-14.183,5.38847,1.441
133,-14.0598,5.76919,1.63843
133,-13.876,5.41934,0.482016
133,-14.6417,4.50531,1.47593
133,-14.1748,5.65881,1.67094
133,-13.9004,5.45881,0.456829
133,-13.9433,5.94964,1.36024
133,-14.6697,4.66925,1.64165
133,-14.6763,4.67504,1.64554
133,-14.0905,5.10181,0.441777
133,-14.5997,4.79599,1.58228
133,-13.945,5.99575,1.37018
133,-14.7175,4.65249,1.70433
133,-14.637,4.71865,1.52328
133,-14.1039,5.11118,0.435674
133,-14.7378,4.64575,1.72274
133,-14.7612,4.66767,1.81658
133,-13.5549,6.6151,1.00761
133,-14.5583,4.81077,1.32902
133,-14.7306,4.63252,1.59729
133,-14.7335,4.62142,1.56927
133,-14.7434,4.63433,1.59404
133,-14.6264,4.72851,1.32384
133,-14.5484,4.9146,1.36572
133,-14.7718,4.63337,1.61038
133,-14.0755,5.40582,0.602063
133,-14.7651,4.63967,1.59314
133,-14.7714,4.63448,1.59781
133,-14.7796,4.63181,1.59623
133,-14.0785,6.00525,1.49205
133,-14.7139,4.81836,1.52641
133,-14.7139,4.77143,1.28538
133,-14.7548,4.71342,1.28859
133,-14.0701,6.14245,1.28905
133,-14.3386,5.85119,1.6099
133,-14.1687,5.50586,0.519561
133,-14.548,4.77761,0.572623
133,-14.203,5.56553,0.459732
133,-14.7508,5.0315,1.34097
133,-14.772,5.05941,1.33687
133,-14.6479,4.93664,0.621236
133,-14.2494,5.63708,0.432538
133,-14.6582,4.95661,0.615862
133,-14.6663,4.98572,0.616838
133,-14.8481,4.9567,1.12562
133,-13.7957,7.09079,1.08625
133,-15.1323,4.50199,1.21515
133,-14.7,5.04578,0.646737
133,-14.8161,4.70952,0.456678
133,-14.6968,4.99313,0.469256
133,-13.8209,7.14297,1.05917
133,-14.7132,5.05464,0.593425
133,-14.9066,4.99806,1.10133
133,-14.8848,4.81767,0.56019
133,-15.2428,4.61147,1.33966
133,-15.0478,4.55322,0.606407
133,-14.0795,6.10501,-0.0763197
133,-15.0539,4.56319,0.604643
133,-14.974,4.64347,0.453142
133,-13.9992,7.39655,1.59567
133,-14.3742,6.96778,2.10391
133,-15.0313,4.66959,0.418122
133,-15.0418,4.65725,0.429203
133,-15.0606,4.66876,0.408364
133,-15.057,4.78919,0.508377
133,-14.4793,7.00599,2.14259
133,-15.2226,4.88733,1.12264
133,-14.9836,4.88183,0.296968
133,-15.111,4.72102,0.443014
133,-14.5291,6.99972,2.16381
133,-15.4073,4.67174,1.28624
133,-15.4148,4.6694,1.28455
133,-15.4446,4.65205,1.3229
133,-14.9069,5.33987,0.660039
133,-14.932,5.36299,0.673624
133,-14.5939,7.0506,2.09558
133,-14.971,5.38437,0.633749
133,-15.1271,5.50203,1.20489
133,-15.2905,4.64205,0.301809
133,-14.8075,7.07656,2.01883
133,-14.9291,6.85894,1.90971
133,-15.5005,4.71459,0.212008
133,-15.5994,4.65319,0.400761
133,-14.9535,6.91479,1.89377
133,-15.1644,5.04494,-0.395236
133,-14.9773,6.94162,1.88972
133,-15.0184,6.98599,1.91357
133,-15.2919,5.61824,0.537288
133,-15.0413,6.45887,0.761922
133,-15.0196,6.48207,0.667314
133,-15.3851,5.69053,0.504152
133,-15.0352,6.50501,0.650716
133,-16.039,5.29501,1.90944
133,-15.1121,6.5038,0.589907
133,-16.5112,4.7925,2.26828
133,-15.1316,6.5469,0.432116
133,-15.1558,6.6057,0.423602
133,-15.1531,6.60609,0.331611
133,-15.1892,6.64815,0.397673
133,-15.1907,6.63821,0.376568
133,-15.196,6.64142,0.376258
133,-15.1975,6.64439,0.381495
133,-15.1922,6.64836,0.301025
133,-15.2163,6.65405,0.371727
133,-17.5256,3.54975,2.84597
133,-15.2441,6.64848,0.306431
133,-15.7718,5.96867,0.919171
133,-16.2408,4.45654,0.00298548
133,-16.2364,4.4214,-0.136952
133,-17.6242,3.5564,2.86409
133,-15.8087,6.00713,0.918975
133,-15.8102,6.01004,0.885128
133,-17.133,4.29226,2.37311
133,-17.6922,3.5472,2.93183
133,-17.1609,4.31154,2.36842
133,-16.6644,5.31001,2.24314
133,-17.7402,3.57521,2.87373
133,-16.0849,6.60358,2.26768
133,-17.7952,3.56389,2.88281
133,-17.7848,2.59114,1.21392
133,-17.3216,4.33061,2.35408
133,-16.8128,3.80272,-0.114817
133,-16.8815,3.85463,0.105903
133,-17.3748,3.3607,0.833399
133,-16.2211,6.73637,2.25972
133,-16.7031,5.79764,2.24091
133,-16.6138,4.51265,-0.21038
133,-16.4055,6.77331,2.68698
133,-17.0871,4.33547,0.885983
133,-15.6311,6.3407,-0.697281
133,-17.258,3.92838,0.449468
133,-15.9723,6.30427,0.0118728
133,-17.2882,5.22935,2.44599
133,-17.1708,3.79659,-0.302685
133,-16.0298,6.35167,-0.0262783
133,-17.2585,3.71006,-0.353693
133,-17.6444,3.34674,0.304872
133,-17.336,4.32131,0.810572
133,-17.3395,4.32894,0.806022
133,-18.0433,2.06492,-0.606635
133,-17.0798,4.10057,-0.646599
133,-17.4908,3.34274,-0.620874
133,-17.6141,3.93681,0.691385
133,-17.6349,3.95232,0.691977
133,-16.136,6.4373,-0.218555
133,-17.1292,4.14314,-0.669919
133,-17.4688,3.42882,-0.716164
133,-17.1163,4.16331,-0.702289
133,-16.558,5.04852,-1.14401
133,-16.0017,7.03578,0.15931
133,-17.2571,5.80328,2.21621
133,-16.574,5.06357,-1.15492
133,-17.6902,5.22051,2.46108
133,-18.0111,2.96703,-0.163267
133,-17.3323,5.19742,1.172
133,-17.2696,3.90753,-1.07732
133,-17.1849,5.90672,1.76725
133,-17.3704,4.88613,0.74419
133,-17.3597,4.14482,-0.514531
133,-17.63,4.27288,0.5356
133,-17.6832,4.2969,0.560375
133,-16.7176,5.11772,-1.25854
133,-16.878,6.16206,0.857324
133,-17.7155,3.40442,-0.820683
133,-17.5536,3.73645,-0.858518
133,-17.8017,5.28092,2.34291
133,-16.9881,7.2311,2.71544
133,-18.2686,2.90704,-0.191769
133,-18.2233,2.96097,-0.262253
133,-17.8154,3.41147,-0.869983
133,-18.4852,4.1474,2.42677
133,-17.2134,6.75537,2.46054
133,-16.3208,7.27237,0.420232
133,-18.2375,2.9541,-0.316644
133,-17.2309,7.04562,2.89017
133,-17.2304,6.77846,2.45156
133,-17.434,4.77019,-0.0901055
133,-17.4389,4.76128,-0.141361
133,-17.2572,7.18865,2.92146
133,-16.4023,7.32307,0.381769
133,-17.043,7.47344,2.64488
133,-17.3634,4.19007,-1.6487
133,-18.6305,4.16038,2.35268
133,-17.6289,5.01048,0.460819
133,-16.3388,7.53843,0.260407
133,-17.5894,5.24948,0.573442
133,-17.9007,3.48037,-1.32279
133,-16.4052,7.55738,0.325071
133,-17.8464,3.78899,-1.07981
133,-16.5866,7.32311,0.381095
133,-16.385,7.62498,0.184646
133,-17.1956,7.58674,2.64791
133,-16.4608,7.59728,0.295013
133,-16.8823,6.79657,0.372999
133,-17.6999,5.27506,0.540043
133,-17.7075,5.26966,0.52756
133,-16.4261,7.66007,0.178874
133,-17.3009,7.50698,2.73468
133,-17.9458,3.51443,-1.55962
133,-16.9215,6.82165,0.360026
133,-17.7532,5.30009,0.528958
133,-17.42,8.02309,2.70033
133,-18.9092,7.56027,2.36826
132,-18.9092,7.56027,2.36826
133,-15.3001,4.67279,0.216811
132,-15.3001,4.67279,0.216811
133,-14.7009,4.72946,1.73987
132,-14.7009,4.72946,1.73987
133,-17.9712,4.38792,-0.133377
132,-17.9712,4.38792,-0.133377
133,-17.0737,6.11826,1.72922
132,-17.0737,6.11826,1.72922
133,-13.9176,5.26488,1.76576
132,-13.9176,5.26488,1.76576
133,-15.3796,5.84867,1.47769
132,-15.3796,5.84867,1.47769
133,-14.8241,4.86785,1.3862
132,-14.8241,4.86785,1.3862
133,-17.2513,6.86776,-2.15599
132,-17.2513,6.86776,-2.15599
133,-18.566,4.52636,-0.384781
132,-18.566,4.52636,-0.384781
133,-17.5683,6.04605,2.21333
132,-17.5683,6.04605,2.21333
133,-17.0656,6.11337,1.73281
132,-17.0656,6.11337,1.73281
133,-17.4904,3.93425,0.415257
132,-17.4904,3.93425,0.415257
133,-19.7753,7.04236,3.07261
132,-19.7753,7.04236,3.07261
133,-13.5962,4.4414,1.94588
132,-13.5962,4.4414,1.94588
133,-20.3559,4.1891,2.47415
132,-20.3559,4.1891,2.47415
133,-19.4292,3.90951,0.0544891
132,-19.4292,3.90951,0.0544891
133,-13.3632,5.47712,1.24951
132,-13.3632,5.47712,1.24951
133,-15.9575,4.75438,0.511037
132,-15.9575,4.75438,0.511037
133,-19.1544,6.71773,3.02235
132,-19.1544,6.71773,3.02235
133,-19.4331,9.67732,3.15253
132,-19.4331,9.67732,3.15253
133,-41.668,10.85,5.20733
132,-41.668,10.85,5.20733
133,-16.8872,8.45892,2.36823
132,-16.8872,8.45892,2.36823
133,-13.7788,4.48434,1.91533
132,-13.7788,4.48434,1.91533
133,-15.5019,4.65276,0.583081
132,-15.5019,4.65276,0.583081
133,-18.1686,4.61041,-2.17619
132,-18.1686,4.61041,-2.17619
133,-14.8228,5.29902,1.30988
132,-14.8228,5.29902,1.30988
133,-26.4843,2.61976,3.67273
132,-26.4843,2.61976,3.67273
133,-17.7007,2.591,0.96123
132,-17.7007,2.591,0.96123
133,-43.3807,11.3354,6.75172
132,-43.3807,11.3354,6.75172
133,-19.2576,6.67136,3.04076
132,-19.2576,6.67136,3.04076
133,-19.0389,9.72667,2.99556
132,-19.0389,9.72667,2.99556
133,-13.7477,5.39928,1.74381
131,-13.7477,5.39928,1.74381
133,-19.6372,6.80868,2.46491
131,-19.6372,6.80868,2.46491
133,-18.0148,5.04853,-2.36725
131,-18.0148,5.04853,-2.36725
133,-17.5947,4.22742,0.689363
131,-17.5947,4.22742,0.689363
133,-17.6864,4.4525,0.737132
131,-17.6864,4.4525,0.737132
133,-19.0213,9.67519,2.79017
131,-19.0213,9.67519,2.79017
133,-18.712,4.92071,2.17982
131,-18.712,4.92071,2.17982
133,-17.4648,4.69389,0.773552
131,-17.4648,4.69389,0.773552
133,-19.5808,6.77848,2.46431
131,-19.5808,6.77848,2.46431
133,-14.8109,5.00374,1.11868
131,-14.8109,5.00374,1.11868
133,-14.9255,4.62847,0.57802
131,-14.9255,4.62847,0.57802
133,-14.6991,4.74582,0.599956
131,-14.6991,4.74582,0.599956
133,-13.6991,5.3178,1.76977
131,-13.6991,5.3178,1.76977
133,-16.2957,5.45625,2.25383
131,-16.2957,5.45625,2.25383
133,-13.7543,5.26425,1.24203
131,-13.7543,5.26425,1.24203
133,-13.5308,5.27186,1.61484
131,-13.5308,5.27186,1.61484
133,-17.9012,2.38662,-0.319661
131,-17.9012,2.38662,-0.319661
133,-13.6066,5.36107,1.5846
131,-13.6066,5.36107,1.5846
133,-18.2378,5.4253,-2.12274
130,-18.2378,5.4253,-2.12274
133,-18.4727,7.11488,2.22085
130,-18.4727,7.11488,2.22085
133,-19.6299,6.93225,2.49233
130,-19.6299,6.93225,2.49233
133,-14.2833,4.80302,1.78737
130,-14.2833,4.80302,1.78737
133,-16.4227,3.7236,2.24479
130,-16.4227,3.7236,2.24479
133,-18.9308,9.27215,3.05747
129,-18.9308,9.27215,3.05747
133,-17.9601,5.54572,2.22951
129,-17.9601,5.54572,2.22951
133,-17.554,5.31596,2.34988
127,-17.554,5.31596,2.34988
133,-17.5928,3.58342,2.212
126,-17.5928,3.58342,2.212
133,-17.782,3.35841,-1.06601
125,-17.782,3.35841,-1.06601
133,-17.8328,3.29825,-1.44746
120,-17.8328,3.29825,-1.44746
134,-12.1378,3.63382,2.22074
134,-12.4211,3.60134,2.07058
134,-12.6061,3.64997,1.92034
134,-12.4563,4.15482,1.79607
134,-12.6701,4.26686,2.41949
134,-12.8112,3.67543,1.7669
134,-12.5225,4.2204,1.72165
134,-12.5399,4.24493,1.70287
134,-12.9265,4.41015,1.57505
134,-12.9447,4.75164,1.80875
134,-12.9242,4.832,1.83892
134,-12.9646,4.82222,1.81641
134,-12.9633,4.84163,1.81014
134,-13.1036,5.02654,2.48769
134,-12.9725,4.91164,1.7954
134,-12.9342,4.94216,1.67881
134,-13.0481,4.89786,1.84942
134,-13.1796,4.75352,1.97918
134,-12.9629,4.99038,1.65082
134,-13.0714,4.92261,1.83667
134,-13.0932,4.87471,1.82594
134,-13.0004,4.66953,1.23004
134,-13.2119,4.79361,1.96663
134,-13.0906,4.93908,1.82889
134,-13.0145,4.68492,1.22113
134,-13.0122,4.68967,1.21406
134,-13.1161,4.91329,1.8205
134,-12.9668,4.74741,1.10824
134,-13.1194,5.00423,1.8149
134,-13.2571,4.84447,1.9526
134,-13.1239,4.66001,1.168
134,-12.9299,5.00238,1.07381
134,-12.9356,4.99661,1.07215
134,-12.9343,5.01805,1.06102
134,-12.7063,5.47666,1.08213
134,-13.1432,4.70676,1.14382
134,-13.2064,4.61893,1.18351
134,-13.2485,4.62952,1.31478
134,-13.2564,4.62376,1.32002
134,-13.1813,5.07676,1.7817
134,-13.2534,4.6326,1.31875
134,-13.1965,5.03815,1.65187
134,-12.9866,5.27554,1.28844
134,-13.2054,5.0334,1.54522
134,-12.994,5.29494,1.29722
134,-13.216,5.04396,1.53848
134,-12.9974,5.30329,1.29138
134,-13.2115,5.06148,1.53481
134,-13.0403,5.29126,1.31521
134,-13.0262,5.28801,1.26778
134,-13.0452,5.2983,1.30353
134,-13.3551,4.77043,1.39995
134,-13.0388,5.30262,1.28624
134,-13.2463,4.79421,1.09836
134,-13.2528,4.79695,1.09535
134,-13.0845,5.34973,1.19257
134,-13.362,4.81087,1.12604
134,-13.1377,5.51764,1.47455
134,-13.3948,5.15031,1.40978
134,-13.1258,5.61133,1.27431
134,-13.2182,5.64927,1.40507
134,-13.4435,5.20982,1.37499
134,-13.4454,4.85197,0.74486
134,-12.9612,5.79138,0.756817
134,-13.4585,4.86274,0.730718
134,-13.2883,5.398,1.04477
134,-13.4705,4.87019,0.723454
134,-13.4699,5.20462,1.13709
134,-13.4811,5.20159,1.13845
134,-13.3362,5.80365,1.61927
134,-13.4024,5.32374,1.08024
134,-13.3373,5.81968,1.62194
134,-13.5287,5.70926,1.94198
134,-13.3476,5.83666,1.60688
134,-13.5724,5.66302,1.98034
134,-13.5728,5.66551,1.98172
134,-13.5798,5.66072,1.98434
134,-13.3673,5.85321,1.55671
134,-13.2664,5.87691,1.26965
134,-13.5605,5.78745,1.95392
134,-13.4527,5.38453,1.03794
134,-13.0905,6.21004,1.23095
134,-13.2758,5.8986,1.26384
134,-13.7564,5.20942,1.58358
134,-13.426,5.46032,1.00976
134,-13.6983,5.08866,1.2119
134,-13.7066,5.0987,1.20983
134,-14.2105,4.62283,1.93777
134,-13.2903,5.94332,1.25516
134,-14.2204,4.63077,1.94244
134,-13.6367,5.76666,1.96624
134,-13.1181,5.88592,0.578593
134,-13.1176,6.09609,0.865169
134,-13.617,5.30105,1.00842
134,-13.3421,6.03198,1.24116
134,-13.7293,5.39704,1.30495
134,-13.3117,6.30286,1.3992
134,-13.3075,6.19924,1.20857
134,-13.3266,6.16551,1.19807
134,-13.0976,6.42474,0.908053
134,-13.3124,6.23465,1.21374
134,-13.8601,5.15139,1.14209
134,-13.3423,6.18665,1.19791
134,-13.7405,5.35138,1.02606
134,-13.2927,6.29551,1.14826
134,-13.2907,6.26169,1.0586
134,-13.8976,5.17641,1.11863
134,-13.9188,5.16558,1.09187
134,-14.0274,5.01695,1.17999
134,-13.3187,6.38869,1.17368
134,-13.9519,5.16565,1.1062
134,-14.0724,5.58719,2.07322
134,-14.0726,5.59449,2.06891
134,-13.3114,6.34482,1.00937
134,-13.3187,6.41453,1.07362
134,-14.5204,4.72815,1.8617
134,-14.0516,5.05697,0.991756
134,-14.0934,5.08549,1.12889
134,-13.3534,6.47796,1.05081
134,-13.3513,6.4958,1.03274
134,-13.3733,6.51467,1.10457
134,-13.3657,6.51766,1.03574
134,-14.5087,4.71044,1.59577
134,-14.5778,4.75935,1.85962
134,-14.5764,4.95584,2.12784
134,-14.5753,4.98721,2.1462
134,-14.204,5.68192,2.05762
134,-14.631,4.7812,1.84875
134,-14.6295,5.05199,2.18867
134,-14.6642,5.09456,2.18615
134,-14.6748,5.08527,2.19282
134,-14.6798,5.10069,2.18233
134,-14.7578,4.66163,1.71407
134,-14.7006,4.66736,1.48178
134,-14.7162,4.67734,1.47877
134,-14.6662,4.68397,1.32346
134,-14.6998,5.14683,2.1065
134,-14.866,4.66802,1.86325
134,-14.7761,4.57201,1.43046
134,-14.8798,4.67834,1.86291
134,-14.8938,4.61488,1.69385
134,-14.9211,4.62089,1.69998
134,-14.9269,4.62182,1.70166
134,-14.9379,4.77119,1.95163
134,-14.9853,4.78208,1.94511
134,-14.7215,4.85118,1.27991
134,-14.3164,6.14571,2.02202
134,-14.9816,4.82574,1.90872
134,-14.8188,5.00979,1.47884
134,-14.7842,4.60186,0.689035
134,-13.8025,6.86668,1.19177
134,-13.8044,6.8824,1.20424
134,-13.8131,6.87136,1.18535
134,-13.8184,6.89617,1.18295
134,-13.8141,6.90365,1.17474
134,-13.8193,6.90039,1.18051
134,-14.8283,4.65928,0.482677
134,-14.8295,4.66204,0.485357
134,-13.83,6.9435,0.997324
134,-14.2299,6.73051,1.81073
134,-14.8399,4.67291,0.463422
134,-14.4925,6.34335,1.9638
134,-14.9822,5.09234,1.43091
134,-14.4475,6.60162,2.07262
134,-14.3788,6.77708,2.11157
134,-14.9527,4.60804,0.488301
134,-14.9502,4.6165,0.487349
134,-14.9907,4.61621,0.474983
134,-14.4312,6.8654,2.18878
134,-14.7728,5.03998,0.420166
134,-14.4153,6.92831,2.18182
134,-15.3307,4.64853,1.36433
134,-14.3397,6.88623,1.78731
134,-15.0118,4.63895,0.308119
134,-13.9269,7.12696,0.919945
134,-15.0403,4.62484,0.315742
134,-15.168,5.03005,1.25243
134,-14.647,6.49783,1.9221
134,-14.4678,6.99814,2.14269
134,-15.0579,5.22241,1.16173
134,-15.4057,4.69403,1.36358
134,-14.6388,6.57441,1.9658
134,-15.4264,4.68233,1.33957
134,-15.2396,4.95822,1.18321
134,-15.424,4.68279,1.28
134,-15.2386,5.06217,1.22929
134,-14.6998,6.55459,1.91253
134,-14.4728,7.1078,2.08736
134,-14.8104,4.928,-0.32046
134,-15.1405,4.81348,0.450755
134,-16.3668,3.83529,2.38947
134,-15.3406,5.05418,1.09995
134,-14.9112,4.94277,-0.327578
134,-15.4283,4.6135,0.581891
134,-14.5682,7.26254,2.07965
134,-14.5733,7.17144,1.72194
134,-15.1682,5.11409,0.260231
134,-15.3979,5.22808,1.02514
134,-14.3346,8.05473,1.98755
134,-15.0297,5.97286,0.856386
134,-14.3413,8.06767,1.98632
134,-14.3573,8.05396,1.99752
134,-15.2553,5.08389,0.0770822
134,-15.531,5.18931,1.01874
134,-14.3778,8.07933,1.98575
134,-15.6713,4.56784,0.37454
134,-14.4272,8.16961,1.98814
134,-15.3759,5.81602,1.02786
134,-15.4808,5.1869,0.0667946
134,-15.3818,5.07199,-0.577735
134,-15.3119,6.25339,0.742991
134,-17.4134,3.39995,2.36488
134,-15.6245,5.96558,0.92802
134,-15.4552,6.37567,0.677129
134,-15.4706,6.39808,0.66745
134,-14.4378,8.87247,1.32684
134,-16.4323,4.75166,0.857812
134,-16.7818,3.74095,-0.0154252
134,-15.8653,6.09456,0.826297
134,-17.143,3.71801,0.851339
134,-16.8211,3.75358,-0.0944145
134,-17.9791,3.59485,2.90024
134,-17.2034,3.83755,0.827116
134,-15.7307,6.40264,0.24957
134,-15.5819,6.89644,0.56198
134,-16.0029,6.25354,0.766611
134,-18.1651,3.58348,2.89587
134,-17.347,3.83075,0.769909
134,-17.9816,3.59768,2.21297
134,-16.1836,5.43821,-0.274231
134,-16.8852,5.83905,2.26577
134,-17.3565,5.05612,2.39574
134,-16.6363,4.3086,-0.880832
134,-16.6712,4.32821,-0.93535
134,-17.5218,3.86915,0.741555
134,-15.8078,8.79807,2.98668
134,-17.0765,5.06078,0.743888
134,-16.8342,6.64181,2.36272
134,-17.538,4.28589,0.768267
134,-17.1686,6.57705,2.85761
134,-17.2074,5.07046,0.661088
134,-17.2032,5.11196,0.707118
134,-17.2577,3.73625,-1.21749
134,-17.3094,4.87841,0.588725
134,-18.5482,3.5743,2.11932
134,-17.281,4.7275,-0.0603399
134,-17.3145,4.73814,-0.0485463
134,-17.6658,3.94437,-0.271556
134,-17.3416,6.85607,3.13769
134,-18.7891,3.5696,2.34256
134,-17.5266,4.85092,0.581706
134,-17.2483,4.31699,-1.39701
134,-17.5731,3.74855,-1.3918
134,-18.3627,2.95412,-0.331658
134,-17.5107,6.78057,2.87581
134,-17.355,7.13652,2.90201
134,-17.7695,3.50838,-1.42796
134,-17.3752,7.16352,2.89875
134,-17.1836,5.04395,-1.17163
134,-17.1951,4.71923,-1.69473
134,-16.1594,9.43838,2.38032
134,-17.5215,7.22583,2.92168
134,-17.2557,5.03504,-1.24221
134,-18.6332,3.42885,0.281823
134,-17.3208,6.21289,0.679785
134,-17.7659,6.94407,2.90216
134,-18.2814,4.46798,0.545194
134,-16.7121,8.90623,2.42128
134,-18.0855,5.07115,0.520851
134,-18.1005,3.97596,-1.2358
134,-17.1227,8.80984,3.1531
134,-17.971,4.19997,-1.65103
134,-13.5846,5.32322,1.3062
133,-13.5846,5.32322,1.3062
134,-14.8476,4.87519,0.485652
133,-14.8476,4.87519,0.485652
134,-14.1541,4.74158,1.81162
133,-14.1541,4.74158,1.81162
134,-14.1048,4.707,1.8316
133,-14.1048,4.707,1.8316
134,-17.095,8.85281,2.34959
133,-17.095,8.85281,2.34959
134,-14.6111,6.72665,2.35683
133,-14.6111,6.72665,2.35683
134,-20.6468,5.12296,-4.04229
133,-20.6468,5.12296,-4.04229
134,-15.0786,4.57078,0.583376
133,-15.0786,4.57078,0.583376
134,-14.8107,4.88162,0.23503
133,-14.8107,4.88162,0.23503
134,-13.2287,4.96029,0.898204
133,-13.2287,4.96029,0.898204
134,-13.7394,4.42434,1.94578
133,-13.7394,4.42434,1.94578
134,-21.9401,5.17469,2.99346
133,-21.9401,5.17469,2.99346
134,-14.2,4.8887,1.77349
133,-14.2,4.8887,1.77349
134,-13.3134,4.24999,2.05537
133,-13.3134,4.24999,2.05537
134,-13.8788,5.15137,0.915349
133,-13.8788,5.15137,0.915349
134,-15.6851,4.87293,2.28508
133,-15.6851,4.87293,2.28508
134,-12.4857,3.52876,2.40436
133,-12.4857,3.52876,2.40436
134,-17.5851,3.92996,-0.931627
133,-17.5851,3.92996,-0.931627
134,-17.4082,6.17139,2.22239
133,-17.4082,6.17139,2.22239
134,-16.7727,8.51899,2.37047
133,-16.7727,8.51899,2.37047
134,-16.8138,10.5429,2.37101
133,-16.8138,10.5429,2.37101
134,-18.4334,7.27002,2.37821
133,-18.4334,7.27002,2.37821
134,-25.6594,14.0573,5.17576
133,-25.6594,14.0573,5.17576
134,-13.1308,5.05998,0.962186
133,-13.1308,5.05998,0.962186
134,-13.4701,5.39455,1.2876
133,-13.4701,5.39455,1.2876
134,-15.0591,4.55712,0.591492
133,-15.0591,4.55712,0.591492
134,-14.4488,4.90872,1.75036
133,-14.4488,4.90872,1.75036
134,-35.8384,5.65679,5.50266
133,-35.8384,5.65679,5.50266
134,-13.7324,5.56688,1.65463
133,-13.7324,5.56688,1.65463
134,-17.418,11.4606,2.36679
133,-17.418,11.4606,2.36679
134,-15.3989,6.24256,0.712826
133,-15.3989,6.24256,0.712826
134,-17.7187,4.21112,-0.688595
133,-17.7187,4.21112,-0.688595
134,-43.4741,6.43242,6.49942
133,-43.4741,6.43242,6.49942
134,-26.992,6.90702,3.18545
133,-26.992,6.90702,3.18545
134,-15.0331,4.54141,1.55164
133,-15.0331,4.54141,1.55164
134,-16.7232,3.75603,-0.024707
133,-16.7232,3.75603,-0.024707
134,-16.8557,10.6907,2.46639
133,-16.8557,10.6907,2.46639
134,-15.533,4.57639,0.221146
132,-15.533,4.57639,0.221146
134,-25.0085,10.1408,1.95426
132,-25.0085,10.1408,1.95426
134,-17.6433,5.10804,-2.37583
132,-17.6433,5.10804,-2.37583
134,-23.7251,9.43223,2.00721
132,-23.7251,9.43223,2.00721
134,-19.0244,9.8769,2.39728
132,-19.0244,9.8769,2.39728
134,-19.9254,5.34035,2.15472
132,-19.9254,5.34035,2.15472
134,-15.2659,6.1752,2.41167
132,-15.2659,6.1752,2.41167
134,-17.9653,7.62964,2.98578
132,-17.9653,7.62964,2.98578
134,-17.6775,5.57716,-2.25875
131,-17.6775,5.57716,-2.25875
134,-17.8018,5.51359,-2.23155
131,-17.8018,5.51359,-2.23155
134,-13.6909,5.59991,1.53911
131,-13.6909,5.59991,1.53911
134,-17.789,5.08714,2.36988
131,-17.789,5.08714,2.36988
134,-18.0617,3.42755,0.47606
131,-18.0617,3.42755,0.47606
134,-19.2334,9.93798,3.02626
131,-19.2334,9.93798,3.02626
134,-17.9496,2.58058,0.451532
131,-17.9496,2.58058,0.451532
134,-19.1476,10.078,2.43251
131,-19.1476,10.078,2.43251
134,-17.4824,7.07934,2.24501
130,-17.4824,7.07934,2.24501
134,-18.2719,5.24055,-2.25424
130,-18.2719,5.24055,-2.25424
134,-18.7647,9.64057,2.39651
130,-18.7647,9.64057,2.39651
134,-13.9354,4.12399,1.46657
129,-13.9354,4.12399,1.46657
134,-17.4818,4.33068,2.2222
129,-17.4818,4.33068,2.2222
134,-18.3458,5.23736,2.39372
129,-18.3458,5.23736,2.39372
135,-12.5937,3.91862,1.72765
135,-13.2649,4.28762,2.10493
135,-13.0301,5.191,2.08867
135,-12.9776,4.87863,1.01591
135,-12.8614,5.14566,1.02778
135,-12.7941,5.33217,1.04741
135,-12.7702,5.43827,1.08489
135,-12.6629,5.53906,0.942421
135,-12.6617,5.55054,0.933212
135,-12.7922,5.41799,1.048
135,-12.7862,5.46347,1.07169
135,-12.7863,5.47165,1.07362
135,-12.7842,5.4799,1.07698
135,-12.7919,5.48167,1.06891
135,-12.7062,5.5871,0.928204
135,-13.1242,5.0796,1.29215
135,-12.7742,5.56275,1.04903
135,-12.7096,5.58794,0.917859
135,-12.7129,5.59091,0.920381
135,-13.1317,5.37589,1.67387
135,-13.1193,5.17976,1.20099
135,-13.2073,5.35878,1.62732
135,-13.0268,5.16625,0.848476
135,-13.2047,5.12717,1.24378
135,-13.2115,5.38439,1.61672
135,-13.0522,5.1759,0.90585
135,-13.0529,5.19018,0.904641
135,-13.2387,5.34975,1.59614
135,-13.3038,5.13132,1.43369
135,-13.0411,5.19244,0.83128
135,-13.3164,5.34901,1.73994
135,-13.0474,5.19336,0.829012
135,-13.3184,5.37217,1.746
135,-13.071,5.21423,0.886344
135,-13.0802,5.21224,0.874104
135,-13.0944,5.19523,0.885063
135,-13.0861,5.22398,0.870771
135,-13.3631,5.31647,1.69446
135,-13.3376,5.42768,1.75169
135,-13.2601,5.20112,1.19439
135,-13.2386,5.24134,1.1692
135,-13.3019,5.15637,1.19415
135,-13.3999,5.32334,1.66803
135,-13.1695,5.146,0.823808
135,-13.4107,5.30167,1.65399
135,-13.1746,5.54277,1.3639
135,-13.1963,5.48475,1.33428
135,-13.3198,5.28434,1.35734
135,-13.3489,5.3806,1.56529
135,-13.1695,5.41678,1.14433
135,-13.4467,5.27841,1.63322
135,-13.296,4.89825,0.715195
135,-13.3312,5.29823,1.34981
135,-13.1904,5.62557,1.44048
135,-13.1795,5.58737,1.35052
135,-13.3351,5.3025,1.34701
135,-13.5206,5.26872,1.75844
135,-13.1551,5.52257,1.1673
135,-13.4461,5.32131,1.63076
135,-13.5977,5.19696,1.82755
135,-13.4635,5.03874,1.24523
135,-13.195,5.68143,1.44493
135,-13.4824,5.26735,1.6042
135,-13.4681,5.31061,1.62695
135,-13.21,5.65395,1.41959
135,-13.3614,4.87968,0.71059
135,-13.4792,5.33704,1.64425
135,-13.2149,5.44063,1.10698
135,-13.1994,5.14365,0.649322
135,-13.3022,5.49273,1.3945
135,-13.1996,5.70463,1.42367
135,-13.1568,5.23918,0.660774
135,-13.3959,5.43541,1.54274
135,-13.2064,5.70065,1.42493
135,-13.2423,5.17222,0.777318
135,-13.1914,5.54067,1.15396
135,-13.4672,5.60552,1.94938
135,-13.1561,5.55248,1.07634
135,-13.4708,5.60075,1.94953
135,-13.3107,5.49782,1.39133
135,-13.5082,5.28592,1.58845
135,-13.1816,5.54344,1.10046
135,-13.454,5.33333,1.49518
135,-13.2033,5.54913,1.14657
135,-13.5032,5.34446,1.61283
135,-13.4684,5.63286,1.92452
135,-13.2577,5.19584,0.757202
135,-13.4813,5.30759,1.47898
135,-13.5787,5.31232,1.7281
135,-13.4882,5.24936,1.39072
135,-13.333,5.45807,1.25021
135,-13.5424,5.06994,1.24503
135,-13.5402,5.07452,1.24462
135,-13.5376,5.0804,1.24514
135,-13.3374,5.08444,0.734034
135,-12.9845,5.93544,0.981037
135,-13.2871,5.21708,0.733739
135,-13.3512,5.4773,1.23427
135,-13.5384,5.29338,1.45314
135,-13.2841,5.49872,1.05122
135,-13.5237,5.46825,1.61385
135,-13.3738,5.50205,1.22294
135,-13.3819,5.50057,1.21987
135,-13.5604,5.33459,1.4392
135,-13.6352,5.40527,1.71207
135,-13.2194,5.70225,1.0577
135,-13.2301,5.72159,1.04593
135,-13.2421,5.81467,1.18824
135,-13.6357,5.23109,1.36744
135,-13.5582,5.45748,1.43659
135,-13.8327,5.16759,1.73617
135,-13.4233,5.541,1.18942
135,-13.2533,5.74662,1.0335
135,-13.6672,5.45874,1.67898
135,-13.2603,5.84306,1.17058
135,-13.6821,5.44258,1.68851
135,-13.5364,5.07343,0.767821
135,-13.6725,5.26004,1.33395
135,-13.6908,5.4731,1.66686
135,-13.5487,5.08942,0.753332
135,-13.5658,5.06244,0.713176
135,-13.866,5.24182,1.71046
135,-13.6348,5.57093,1.56251
135,-13.7914,5.2301,1.47824
135,-13.6763,5.53767,1.53278
135,-12.9369,6.47583,0.903326
135,-13.7633,5.05545,0.889719
135,-13.9889,5.31631,1.76083
135,-13.6499,5.16707,0.655922
135,-14.415,4.68225,1.85643
135,-13.9011,5.13591,1.13501
135,-13.8294,5.15629,0.97815
135,-13.7686,5.13256,0.782266
135,-13.4055,6.62787,1.77998
135,-13.8723,5.19155,0.945841
135,-13.4078,6.66685,1.77059
135,-14.5051,4.72034,1.86675
135,-14.1118,5.35503,1.71565
135,-13.3979,6.22707,1.0662
135,-14.0212,5.02162,0.972054
135,-13.1391,6.55319,0.841372
135,-13.4226,6.77279,1.86661
135,-13.9384,5.26173,1.08285
135,-14.035,5.04726,0.994199
135,-13.96,4.98215,0.702673
135,-13.9725,5.21098,1.04551
135,-14.0464,5.06821,0.981158
135,-14.1111,5.09325,1.13005
135,-14.1164,5.07409,1.11299
135,-13.4501,6.76042,1.75152
135,-13.2225,6.53368,0.850996
135,-13.3478,6.4127,0.974473
135,-14.1181,5.10526,1.12745
135,-13.3564,6.41076,0.977516
135,-14.5733,5.05046,2.19111
135,-13.9985,5.29244,1.04792
135,-13.9411,5.18901,0.754399
135,-13.3574,6.43281,0.968173
135,-14.4965,4.69209,1.45189
135,-13.2517,6.54889,0.844881
135,-14.5386,4.68886,1.44627
135,-14.6385,5.04264,2.18997
135,-13.4896,6.8533,1.7309
135,-13.1961,6.70933,0.752832
135,-13.9959,5.22314,0.718003
135,-14.6595,5.06504,2.1874
135,-14.6712,4.67683,1.65129
135,-13.5063,6.87384,1.71983
135,-14.5686,4.84605,1.5894
135,-13.5106,6.88998,1.71926
135,-14.7483,4.65172,1.72641
135,-14.7504,4.65365,1.72473
135,-13.4793,6.52629,1.05679
135,-14.7812,4.65667,1.74003
135,-13.5256,7.04755,1.81676
135,-14.7187,4.68971,1.46238
135,-14.7207,4.6907,1.46454
135,-14.6992,4.81362,1.52614
135,-14.7802,4.64952,1.48351
135,-14.7942,4.64224,1.49012
135,-13.364,7.29014,1.48967
135,-14.7241,4.74793,1.43467
135,-13.4633,7.20226,1.6202
135,-14.7657,4.93809,1.8058
135,-13.4722,7.25797,1.6154
135,-13.4436,6.964,1.13107
135,-13.5793,7.22707,1.77101
135,-14.9895,4.76485,1.93049
135,-14.9982,4.7653,1.92538
135,-14.9982,4.77262,1.9235
135,-13.3616,7.19349,1.0975
135,-13.4699,7.0079,1.1101
135,-13.4678,7.01655,1.1114
135,-14.9528,4.95392,2.04499
135,-13.3613,7.21426,1.09906
135,-14.9214,4.56693,1.37407
135,-15.0302,4.63908,1.68332
135,-14.6872,5.01172,1.30862
135,-13.5241,7.35251,1.58681
135,-14.7293,4.92053,1.27634
135,-14.7828,4.82431,1.25862
135,-14.9385,4.64035,1.36154
135,-13.5247,7.09695,1.06773
135,-13.5282,7.12944,1.06679
135,-14.8964,4.75955,1.2465
135,-13.6613,7.39831,1.7506
135,-14.62,4.84915,0.625542
135,-13.6656,7.4151,1.74194
135,-13.6867,7.42388,1.73837
135,-15.1518,4.598,1.49219
135,-15.1652,4.5968,1.47032
135,-14.23,5.18717,-0.157325
135,-15.1937,4.60162,1.45592
135,-15.0581,4.75063,1.25845
135,-14.2573,5.19884,-0.193771
135,-14.6926,5.002,0.594332
135,-13.5073,7.27599,0.716759
135,-15.0965,4.75524,1.24477
135,-14.7009,5.03066,0.58894
135,-13.8698,6.97464,1.14848
135,-15.2341,4.58703,1.29302
135,-15.5421,4.90806,2.49254
135,-14.7006,5.00445,0.464224
135,-14.8947,4.70195,0.525246
135,-13.8274,7.0095,0.945074
135,-13.8338,7.03166,0.928685
135,-14.3552,6.93255,2.10122
135,-14.3056,6.84841,1.74136
135,-13.8994,7.06067,0.949716
135,-14.3758,7.07368,2.08272
135,-14.4527,7.02392,2.17648
135,-15.0216,4.74335,0.44764
135,-13.8018,7.43511,0.994526
135,-14.8681,4.90994,0.185871
135,-14.523,6.98108,2.14871
135,-14.5921,6.82053,2.06073
135,-15.1248,4.71791,0.476199
135,-14.5201,7.03907,2.14505
135,-14.5367,6.98424,2.08408
135,-13.8338,7.48847,0.973083
135,-14.3762,7.06808,1.7011
135,-14.4405,6.99222,1.74319
135,-13.8948,7.45706,0.974808
135,-13.9167,7.47561,0.998034
135,-14.9763,5.36148,0.670563
135,-14.6842,6.89346,2.02801
135,-14.6935,6.90658,2.0449
135,-14.7058,6.90417,2.03256
135,-14.8664,6.83158,1.92099
135,-13.9922,7.76085,0.856521
135,-15.4478,4.70366,-0.133901
135,-15.4743,6.4421,2.28381
135,-15.2667,5.51834,0.447933
135,-15.5063,4.72658,-0.183258
135,-15.8557,4.61442,0.138152
135,-15.8872,4.65086,0.236601
135,-17.4892,3.55747,2.78285
135,-15.9161,4.62845,0.221065
135,-15.9132,4.65546,0.209607
135,-15.4498,5.61107,0.348662
135,-15.4841,5.64336,0.320309
135,-17.6141,3.54741,2.79136
135,-15.9821,4.66898,0.164949
135,-14.3605,9.05886,2.11478
135,-14.3688,9.03624,2.09941
135,-16.0002,4.67529,0.154466
135,-16.0792,4.65314,0.184117
135,-17.6821,3.54226,2.40751
135,-14.4885,9.19566,2.07841
135,-14.6714,8.03567,0.722181
135,-16.7706,5.2664,2.23564
135,-15.4418,6.53916,0.428002
135,-16.8625,3.91216,0.119713
135,-14.7015,9.23822,1.99678
135,-14.7037,9.24618,2.0023
135,-16.7609,5.74135,2.23673
135,-16.9713,3.92593,0.09372
135,-17.2246,5.206,2.33483
135,-16.9423,5.75811,2.22875
135,-14.8263,8.37346,0.409394
135,-15.1927,8.45206,1.42592
135,-16.1031,5.16877,-0.842149
135,-16.895,5.92351,2.24045
135,-17.4358,3.93583,0.74409
135,-17.5425,3.21347,-0.0882347
135,-17.5625,3.83991,0.75036
135,-17.554,3.84506,0.72449
135,-14.9986,8.57079,0.687853
135,-15.0246,8.44423,0.498312
135,-16.9551,4.17433,-0.585774
135,-15.0449,8.48163,0.489615
135,-17.3535,3.43494,-0.691069
135,-17.6198,5.17056,2.37281
135,-17.3185,3.32338,-0.99295
135,-17.841,3.00982,-0.115645
135,-17.6438,5.20472,2.34349
135,-16.0458,6.80496,0.337069
135,-17.6329,5.24682,2.22896
135,-16.9574,4.6163,-0.391619
135,-17.8111,3.19321,-0.195639
135,-16.7598,6.92167,2.2675
135,-15.4312,8.77102,1.35839
135,-17.5918,4.27821,0.554065
135,-17.7788,5.25094,2.33346
135,-17.6224,4.39975,0.660105
135,-16.0077,8.54003,2.25754
135,-15.2732,8.95297,0.884245
135,-17.3741,4.16026,-0.530134
135,-17.6029,3.45594,-1.12922
135,-17.1516,7.02001,2.41645
135,-17.4447,6.81149,2.86967
135,-17.6303,3.37123,-1.45713
135,-17.5351,4.23179,-0.557856
135,-17.5337,3.63342,-1.56189
135,-17.2162,7.09842,2.43727
135,-16.8432,4.94661,-1.55382
135,-17.3509,6.94408,2.38641
135,-17.7984,3.75197,-1.01919
135,-17.206,6.91907,1.79805
135,-17.326,7.12214,2.37839
135,-17.8203,3.75578,-1.06019
135,-18.7664,2.42922,-0.491394
135,-17.2734,7.37555,2.48371
135,-17.9571,4.76613,0.575294
135,-17.8224,3.54416,-1.61102
135,-17.124,7.76133,2.37392
135,-17.449,7.20606,2.37214
135,-16.9103,6.5857,0.0483658
135,-18.035,4.43533,-0.0958347
135,-16.9616,6.64785,0.0314941
135,-18.2461,4.80765,0.486079
135,-17.1519,8.12831,2.30158
135,-17.6271,4.24808,-1.96509
135,-17.1521,6.67135,-0.0132289
135,-17.1945,7.34446,0.80049
135,-17.2226,6.65953,-0.120983
135,-17.9467,4.97535,-1.82482
134,-17.9467,4.97535,-1.82482
135,-13.0566,5.01648,1.02233
134,-13.0566,5.01648,1.02233
135,-13.0308,5.01383,1.03212
134,-13.0308,5.01383,1.03212
135,-13.0715,5.51869,1.10715
134,-13.0715,5.51869,1.10715
135,-13.2075,4.96615,0.928712
134,-13.2075,4.96615,0.928712
135,-13.1331,5.46704,1.14858
134,-13.1331,5.46704,1.14858
135,-18.4625,8.47932,2.79093
134,-18.4625,8.47932,2.79093
135,-13.6745,4.99226,0.965846
134,-13.6745,4.99226,0.965846
135,-13.0502,5.00704,1.03225
134,-13.0502,5.00704,1.03225
135,-14.8295,4.75755,1.25629
134,-14.8295,4.75755,1.25629
135,-13.9672,5.48174,2.08802
134,-13.9672,5.48174,2.08802
135,-16.4301,11.9968,2.39445
134,-16.4301,11.9968,2.39445
135,-13.5269,5.58573,1.9983
134,-13.5269,5.58573,1.9983
135,-13.6243,5.06409,1.87179
134,-13.6243,5.06409,1.87179
135,-14.6909,4.71545,1.73493
134,-14.6909,4.71545,1.73493
135,-13.2595,5.59743,1.15217
134,-13.2595,5.59743,1.15217
135,-14.4965,4.74379,1.37263
134,-14.4965,4.74379,1.37263
135,-15.1069,4.82516,1.34731
134,-15.1069,4.82516,1.34731
135,-18.691,3.46936,-1.82975
134,-18.691,3.46936,-1.82975
135,-13.354,4.92958,0.947058
134,-13.354,4.92958,0.947058
135,-16.6521,12.4112,2.4053
134,-16.6521,12.4112,2.4053
135,-13.7689,5.91231,1.92628
134,-13.7689,5.91231,1.92628
135,-18.6181,4.50383,-0.382539
134,-18.6181,4.50383,-0.382539
135,-14.6943,4.71308,1.75296
134,-14.6943,4.71308,1.75296
135,-15.9971,6.22321,0.756584
134,-15.9971,6.22321,0.756584
135,-13.3813,4.95727,0.922617
134,-13.3813,4.95727,0.922617
135,-16.8663,12.8858,2.42282
134,-16.8663,12.8858,2.42282
135,-13.5148,5.11406,1.85548
134,-13.5148,5.11406,1.85548
135,-13.5625,4.90729,1.05448
134,-13.5625,4.90729,1.05448
135,-16.7043,12.5739,2.42615
134,-16.7043,12.5739,2.42615
135,-13.9796,7.33587,1.60202
134,-13.9796,7.33587,1.60202
135,-18.9964,4.56277,-0.45929
134,-18.9964,4.56277,-0.45929
135,-13.1286,5.05778,0.961661
133,-13.1286,5.05778,0.961661
135,-13.6704,4.66406,1.91138
133,-13.6704,4.66406,1.91138
135,-13.5173,4.53336,1.95522
133,-13.5173,4.53336,1.95522
135,-14.2738,4.99286,1.78216
133,-14.2738,4.99286,1.78216
135,-17.7498,4.96811,-2.15619
133,-17.7498,4.96811,-2.15619
135,-16.5661,6.42971,1.12521
133,-16.5661,6.42971,1.12521
135,-14.2469,6.13966,2.32209
133,-14.2469,6.13966,2.32209
135,-13.4592,5.2238,1.40919
133,-13.4592,5.2238,1.40919
135,-17.6626,4.942,-2.09143
133,-17.6626,4.942,-2.09143
135,-16.8467,10.607,2.3691
133,-16.8467,10.607,2.3691
135,-16.6643,6.49841,1.09574
133,-16.6643,6.49841,1.09574
135,-13.7205,4.71156,1.88771
133,-13.7205,4.71156,1.88771
135,-17.7125,5.20656,2.48113
133,-17.7125,5.20656,2.48113
135,-16.9343,8.61379,2.92942
133,-16.9343,8.61379,2.92942
135,-13.3441,5.44565,1.25076
133,-13.3441,5.44565,1.25076
135,-14.7982,5.19457,1.61362
133,-14.7982,5.19457,1.61362
135,-17.4219,4.12074,-1.28406
133,-17.4219,4.12074,-1.28406
135,-17.9765,6.96979,-2.69794
132,-17.9765,6.96979,-2.69794
135,-13.2964,4.88387,0.72877
132,-13.2964,4.88387,0.72877
135,-17.1298,8.89763,2.34975
132,-17.1298,8.89763,2.34975
135,-19.473,6.69994,2.46429
132,-19.473,6.69994,2.46429
135,-17.6604,4.22781,-1.96366
132,-17.6604,4.22781,-1.96366
135,-13.7989,5.11539,1.80781
132,-13.7989,5.11539,1.80781
135,-16.1407,7.04554,2.40044
132,-16.1407,7.04554,2.40044
135,-18.0648,3.50255,0.553753
132,-18.0648,3.50255,0.553753
135,-14.8959,4.84576,1.30543
130,-14.8959,4.84576,1.30543
135,-17.9441,8.51869,1.5073
127,-17.9441,8.51869,1.5073
135,-17.3772,5.25065,2.34608
126,-17.3772,5.25065,2.34608
136,-11.9397,4.16289,2.19973
136,-12.0924,4.09841,2.41825
136,-12.118,4.22296,2.37486
136,-12.6559,5.37343,1.19222
136,-12.9218,5.01685,1.37285
136,-12.6852,5.41274,1.15903
136,-12.709,5.44793,1.1312
136,-12.6983,5.45652,1.09227
136,-12.7007,5.45524,1.0902
136,-12.7624,5.48488,1.09521
136,-12.8473,5.49083,1.34065
136,-12.767,5.48977,1.05465
136,-12.782,5.47618,1.06509
136,-12.7723,5.49831,1.04745
136,-13.0615,5.41312,1.76038
136,-13.1599,4.98747,1.29607
136,-12.6231,6.06803,1.51375
136,-12.6395,6.07869,1.54522
136,-13.0866,5.46133,1.7453
136,-13.2276,5.03426,1.24723
136,-13.1185,5.50533,1.73354
136,-13.1297,5.37406,1.50528
136,-13.1445,5.46823,1.6763
136,-13.173,5.40258,1.64657
136,-13.1529,5.4549,1.67076
136,-13.1392,5.38453,1.49569
136,-13.1327,5.52616,1.72459
136,-13.1864,5.43103,1.63658
136,-13.1682,5.47993,1.66127
136,-13.1488,5.54733,1.71182
136,-13.1658,5.39721,1.48169
136,-13.0638,5.42325,1.16507
136,-12.6162,6.07844,0.940629
136,-13.1702,5.57698,1.70061
136,-13.3181,5.35877,1.74234
136,-13.4317,5.20541,1.80225
136,-13.3257,5.35696,1.73956
136,-13.4001,5.01822,1.33416
136,-13.1875,5.57953,1.67072
136,-12.9106,5.7318,1.07469
136,-13.3157,5.41181,1.76135
136,-13.3275,5.39675,1.75439
136,-13.4238,5.27574,1.837
136,-13.3123,5.43979,1.77226
136,-13.2046,5.44948,1.45449
136,-13.2895,5.50241,1.80776
136,-13.3041,5.49759,1.7994
136,-13.4162,5.03061,1.31448
136,-13.3301,5.11305,1.17595
136,-13.4542,5.25994,1.80342
136,-13.1672,5.57588,1.47523
136,-13.3118,5.54808,1.80487
136,-13.3013,5.61066,1.81272
136,-13.0944,5.54368,1.05153
136,-13.4328,5.30034,1.65536
136,-13.3289,5.60031,1.84655
136,-13.3084,5.61706,1.80908
136,-12.9124,5.85504,1.00298
136,-13.3277,5.60523,1.8432
136,-13.1576,5.65081,1.37478
136,-12.9252,5.85745,1.02074
136,-13.1577,5.65219,1.37549
136,-12.9192,5.86827,1.02026
136,-13.3266,5.61946,1.83656
136,-13.451,5.29685,1.6406
136,-13.3153,5.63287,1.8116
136,-12.6475,6.29102,0.910933
136,-13.3304,5.61987,1.83071
136,-13.2707,5.51277,1.41274
136,-12.7476,6.08982,0.810731
136,-12.9292,5.87959,0.995025
136,-13.4261,5.56874,1.98209
136,-12.6451,6.32964,0.898457
136,-13.1182,5.57898,1.02537
136,-12.659,6.3385,0.89237
136,-13.3134,5.73684,1.81224
136,-13.1932,5.55068,1.06221
136,-13.2174,5.66186,1.3269
136,-13.6406,5.37597,2.11987
136,-13.4938,5.35648,1.62874
136,-13.6351,5.2289,1.83156
136,-13.4536,5.36088,1.49362
136,-13.6484,5.37222,2.1143
136,-13.6489,5.37721,2.11509
136,-13.2016,5.56187,1.05385
136,-13.3359,5.76084,1.80222
136,-13.463,5.38207,1.49012
136,-13.3966,5.42995,1.3621
136,-13.4172,5.49363,1.53659
136,-13.231,5.59189,1.05591
136,-13.5191,5.43958,1.62958
136,-13.2181,5.674,1.06593
136,-13.2297,5.80725,1.28647
136,-13.7065,5.2706,1.80916
136,-13.4905,5.22491,1.04907
136,-13.4961,5.22072,1.04436
136,-13.5174,5.42437,1.46518
136,-13.2704,5.7808,1.31154
136,-13.2515,5.8382,1.27138
136,-13.2505,5.7215,1.0337
136,-13.255,5.85179,1.27605
136,-13.304,5.66056,1.06717
136,-13.2657,5.83218,1.18476
136,-13.275,5.84245,1.22627
136,-13.2703,5.84311,1.17962
136,-13.2827,5.85274,1.21157
136,-13.292,5.86187,1.20105
136,-13.3921,5.63763,0.964177
136,-13.3098,5.97626,1.14413
136,-13.1983,6.21827,1.17275
136,-12.9504,6.49713,0.869336
136,-13.5973,5.58634,1.2414
136,-12.9545,6.50107,0.856761
136,-13.8984,5.0512,1.18901
136,-13.2102,6.23927,1.16343
136,-13.2208,6.26397,1.22681
136,-13.4524,5.69242,0.90887
136,-13.6157,5.61076,1.23172
136,-13.9178,5.06316,1.17922
136,-13.927,5.07169,1.2123
136,-13.2391,6.28185,1.21644
136,-13.2478,6.30154,1.21598
136,-13.1651,6.55157,1.34439
136,-13.734,5.1632,0.628789
136,-14.2667,4.70468,1.45516
136,-13.4355,5.88051,0.95137
136,-13.2627,6.24998,1.0627
136,-13.8494,5.18603,0.980745
136,-14.0452,5.65626,2.33552
136,-13.1822,6.59716,1.32209
136,-13.9619,4.99795,0.787164
136,-14.0492,5.06614,1.16446
136,-13.5466,5.79658,0.849814
136,-13.303,6.32631,1.01915
136,-14.0374,5.02302,0.959259
136,-13.9886,5.01688,0.774031
136,-13.3249,6.40278,1.15292
136,-14.055,5.06179,0.981727
136,-14.1673,5.61927,2.31889
136,-14.4442,5.0337,2.12745
136,-14.4138,4.73781,1.5055
136,-13.1006,6.6501,0.776949
136,-14.1196,5.06816,1.1002
136,-13.1017,6.66252,0.769254
136,-14.0818,5.06922,0.961295
136,-14.0096,5.23193,1.02629
136,-14.0057,5.59131,1.63867
136,-13.5371,6.68538,2.11375
136,-13.3383,6.39814,0.983928
136,-13.346,6.38982,0.978547
136,-13.3425,6.39755,0.976679
136,-14.5399,5.03051,2.20095
136,-14.4901,4.76867,1.56647
136,-14.0069,5.0008,0.466483
136,-14.1015,5.53592,1.68509
136,-14.0487,5.24196,0.994144
136,-14.046,5.25658,0.990935
136,-13.0708,6.79188,0.691535
136,-13.9073,5.7852,1.46293
136,-13.1329,6.73469,0.725083
136,-13.4683,6.37299,1.04859
136,-14.1056,5.26651,1.03564
136,-14.1418,5.57806,1.68292
136,-13.4873,6.37101,1.03385
136,-13.4837,6.38981,1.03367
136,-13.2396,6.56116,0.568043
136,-13.4797,6.4272,1.06803
136,-13.4945,6.4183,1.04741
136,-14.6752,4.67667,1.56778
136,-13.5006,6.44352,1.05677
136,-13.3649,6.83285,1.31854
136,-13.2596,6.60712,0.546881
136,-13.3739,6.85639,1.29899
136,-14.6903,5.06796,2.18452
136,-14.7586,4.63801,1.60021
136,-14.1646,5.35718,0.984074
136,-13.3251,6.69873,0.762364
136,-14.795,4.64289,1.59854
136,-13.5408,6.58901,1.15336
136,-13.3927,6.86575,1.1704
136,-13.413,6.61638,0.725484
136,-14.6113,4.87347,1.32333
136,-13.3046,6.68412,0.483812
136,-13.5308,6.59307,1.01424
136,-14.8323,4.65469,1.47635
136,-13.2469,6.97142,0.59036
136,-14.8448,5.02704,2.07271
136,-14.8465,5.07345,2.09689
136,-14.9911,4.7125,1.79605
136,-14.8202,4.8343,1.43863
136,-14.731,4.9092,1.27812
136,-14.7021,5.0199,1.30201
136,-14.0605,5.55669,0.143692
136,-14.1067,5.56309,0.143889
136,-14.6059,4.83196,0.38053
136,-13.4415,7.50394,1.45025
136,-13.4554,7.512,1.4396
136,-14.1908,6.47439,1.79416
136,-13.3148,7.08273,0.107881
136,-14.381,5.52641,0.62253
136,-14.2211,6.46092,1.78857
136,-14.2199,6.07748,1.10262
136,-15.1574,5.13746,2.27778
136,-13.4899,7.59348,1.41908
136,-13.7778,6.87277,1.02188
136,-14.2456,6.49456,1.78486
136,-14.2419,6.53455,1.78576
136,-13.805,6.95448,1.16177
136,-14.8248,5.27435,1.28311
136,-14.734,5.03046,0.564666
136,-14.3121,6.135,1.05963
136,-14.9031,5.8153,2.30905
136,-14.7655,5.12127,0.467637
136,-13.8942,7.0251,1.13545
136,-14.3036,6.8814,2.10781
136,-15.367,4.63575,1.36344
136,-13.9183,7.06302,1.10599
136,-14.9911,4.76566,0.339211
136,-13.923,7.06752,1.09963
136,-13.9242,7.08998,1.11713
136,-13.6203,7.39702,0.671645
136,-13.9411,7.08713,1.08921
136,-15.0276,4.77488,0.311725
136,-14.6469,5.54074,0.265497
136,-13.9519,7.12676,0.903944
136,-13.5744,7.61151,0.54185
136,-13.677,7.4995,0.622863
136,-15.1459,4.80654,0.243228
136,-14.5085,7.02929,2.13855
136,-14.9307,4.95849,-0.263061
136,-13.6327,8.02537,1.09081
136,-13.6273,7.72071,0.487527
136,-13.7625,8.14989,1.55408
136,-15.2951,4.81993,0.275887
136,-14.8203,5.63339,0.135404
136,-15.1091,5.3888,0.509553
136,-13.7407,8.19099,1.035
136,-15.3877,4.86251,0.217314
136,-15.5766,5.7356,2.33682
136,-15.3584,4.86833,0.116248
136,-14.1864,7.62622,1.38545
136,-14.8758,5.6877,0.0664372
136,-13.8271,8.33871,1.34993
136,-13.8597,7.84396,0.552381
136,-13.817,8.46526,1.48747
136,-13.8794,7.87255,0.516782
136,-14.0002,8.59218,2.13254
136,-14.0141,8.58816,2.12317
136,-13.8601,8.50496,1.46913
136,-13.9168,7.90182,0.49425
136,-14.9601,6.90823,1.91716
136,-13.9272,8.49345,1.50494
136,-14.9759,6.91649,1.9048
136,-14.1186,7.81535,0.82364
136,-14.2078,8.88264,2.16304
136,-13.9671,8.79767,1.24349
136,-14.2678,8.99221,2.10984
136,-17.1883,4.29819,2.42142
136,-14.2178,8.37127,0.363086
136,-14.3491,9.13933,2.12588
136,-14.3478,9.02391,1.4661
136,-17.8367,3.72997,2.85878
136,-17.8476,3.73406,2.86387
136,-17.1513,3.38964,0.0766499
136,-14.7191,8.16266,0.8424
136,-14.3885,9.08575,1.42374
136,-14.4942,9.28907,2.08754
136,-17.2041,3.94476,0.825499
136,-14.4939,9.27971,1.38996
136,-17.1819,3.4655,-0.623904
136,-14.8878,8.25862,0.579758
136,-14.901,8.27071,0.568583
136,-17.2579,4.24041,0.686298
136,-17.253,4.26295,0.665244
136,-17.5552,3.8421,0.757371
136,-14.5637,9.42193,1.38709
136,-17.534,3.88907,0.750439
136,-17.3076,4.26679,0.683311
136,-17.6596,3.86384,0.679433
136,-17.4901,4.3472,0.70215
136,-17.1706,4.72836,0.197432
136,-17.1376,4.71378,0.0387766
136,-17.546,5.32741,2.39384
136,-15.1989,8.56617,0.620801
136,-17.6645,3.49972,-1.20446
136,-17.6659,3.74428,-0.961257
136,-15.2487,8.66073,0.28498
136,-18.0722,5.07653,2.57135
136,-16.9808,6.88252,2.3463
136,-17.0418,6.93536,2.36032
136,-18.2749,5.14836,2.95729
136,-15.9297,7.57675,-0.177273
136,-17.8312,3.75894,-1.07706
136,-15.5421,8.85376,0.321113
136,-15.6069,8.94223,0.290681
136,-17.8221,6.30503,2.19497
136,-15.7082,9.00527,0.272329
136,-17.0516,6.56734,-0.00236225
136,-17.162,6.62921,0.155705
136,-17.2245,6.6832,0.289777
136,-17.1918,6.66748,-0.0600493
136,-17.2419,6.68762,0.0977418
136,-16.8692,8.65234,2.35386
136,-17.2927,6.65927,-0.136839
136,-17.3494,6.68395,0.0649989
136,-17.9125,7.46057,3.18021
136,-17.3825,6.69094,0.0593994
136,-13.8829,5.41035,2.09977
135,-13.8829,5.41035,2.09977
136,-14.9359,5.22866,2.29307
135,-14.9359,5.22866,2.29307
136,-16.5001,8.46629,2.23038
135,-16.5001,8.46629,2.23038
136,-17.0607,5.51844,2.22108
135,-17.0607,5.51844,2.22108
136,-16.8545,5.33499,2.2314
135,-16.8545,5.33499,2.2314
136,-17.3523,6.99792,1.79875
135,-17.3523,6.99792,1.79875
136,-24.8199,7.98395,2.67414
135,-24.8199,7.98395,2.67414
136,-14.8125,7.02533,2.01499
135,-14.8125,7.02533,2.01499
136,-13.4795,5.40572,1.00293
135,-13.4795,5.40572,1.00293
136,-18.7091,5.74979,2.19794
135,-18.7091,5.74979,2.19794
136,-13.3353,5.73129,1.74078
135,-13.3353,5.73129,1.74078
136,-13.7419,5.2354,1.1068
135,-13.7419,5.2354,1.1068
136,-13.5666,5.40086,1.58492
135,-13.5666,5.40086,1.58492
136,-13.2019,5.13649,0.881605
135,-13.2019,5.13649,0.881605
136,-19.0803,9.00943,3.33835
135,-19.0803,9.00943,3.33835
136,-14.8015,4.92806,0.510075
135,-14.8015,4.92806,0.510075
136,-15.536,4.59692,-0.0281602
135,-15.536,4.59692,-0.0281602
136,-13.5824,5.4394,1.29066
135,-13.5824,5.4394,1.29066
136,-20.8063,13.6346,2.89302
135,-20.8063,13.6346,2.89302
136,-17.7621,8.81775,2.37828
135,-17.7621,8.81775,2.37828
136,-13.6489,4.978,0.991533
135,-13.6489,4.978,0.991533
136,-13.1339,5.56572,1.14526
135,-13.1339,5.56572,1.14526
136,-16.997,7.08136,2.26082
135,-16.997,7.08136,2.26082
136,-13.6341,4.96266,1.00625
135,-13.6341,4.96266,1.00625
136,-13.5016,6.9303,1.83785
135,-13.5016,6.9303,1.83785
136,-13.7007,5.12549,1.85282
135,-13.7007,5.12549,1.85282
136,-13.3575,5.29154,1.11046
135,-13.3575,5.29154,1.11046
136,-13.1869,5.58621,1.42334
135,-13.1869,5.58621,1.42334
136,-13.6514,5.05699,1.02154
134,-13.6514,5.05699,1.02154
136,-13.4516,5.5966,1.96561
134,-13.4516,5.5966,1.96561
136,-19.0963,8.91349,2.88694
134,-19.0963,8.91349,2.88694
136,-18.907,8.5574,3.07042
134,-18.907,8.5574,3.07042
136,-13.6516,5.05709,1.02204
134,-13.6516,5.05709,1.02204
136,-14.1341,6.74322,1.77219
134,-14.1341,6.74322,1.77219
136,-27.2031,15.2729,5.48185
134,-27.2031,15.2729,5.48185
136,-13.9141,5.39678,2.09882
134,-13.9141,5.39678,2.09882
136,-16.8177,6.07881,1.3475
134,-16.8177,6.07881,1.3475
136,-13.4984,5.11123,1.09776
134,-13.4984,5.11123,1.09776
136,-13.894,5.37703,2.10277
134,-13.894,5.37703,2.10277
136,-12.9897,5.81321,0.980826
134,-12.9897,5.81321,0.980826
136,-14.204,5.61721,1.67156
134,-14.204,5.61721,1.67156
136,-16.931,10.7599,2.39991
134,-16.931,10.7599,2.39991
136,-15.6445,10.482,1.80765
134,-15.6445,10.482,1.80765
136,-19.0752,8.95566,2.81835
133,-19.0752,8.95566,2.81835
136,-13.3523,5.24286,1.55038
133,-13.3523,5.24286,1.55038
136,-17.4527,5.30098,2.44089
133,-17.4527,5.30098,2.44089
136,-13.5267,5.73233,1.95687
133,-13.5267,5.73233,1.95687
136,-16.7715,12.3649,2.37864
133,-16.7715,12.3649,2.37864
136,-16.7229,12.271,2.38185
133,-16.7229,12.271,2.38185
136,-13.5555,5.77965,1.94814
133,-13.5555,5.77965,1.94814
136,-16.3808,11.5898,2.41183
133,-16.3808,11.5898,2.41183
136,-18.5681,7.30031,2.48511
133,-18.5681,7.30031,2.48511
136,-16.3333,7.23325,2.37886
132,-16.3333,7.23325,2.37886
136,-18.0948,6.70974,2.22519
132,-18.0948,6.70974,2.22519
136,-17.6658,5.19992,2.97161
132,-17.6658,5.19992,2.97161
136,-19.5777,10.3772,3.07552
132,-19.5777,10.3772,3.07552
136,-19.3841,10.2415,2.45621
132,-19.3841,10.2415,2.45621
136,-14.8217,4.78306,1.33629
130,-14.8217,4.78306,1.33629
136,-15.2605,5.41012,1.65812
130,-15.2605,5.41012,1.65812
136,-22.5035,9.74274,-3.69346
129,-22.5035,9.74274,-3.69346
136,-17.2765,6.77636,2.21662
129,-17.2765,6.77636,2.21662
137,-11.7536,4.27642,2.31635
137,-11.754,4.27629,2.31632
137,-11.7547,4.27706,2.31589
137,-11.8153,4.32952,2.192
137,-11.9747,4.29734,2.32896
137,-12.0383,4.75208,2.44188
137,-12.4402,5.50913,2.12528
137,-12.4439,5.51705,2.11882
137,-12.7166,5.01379,1.46436
137,-12.8712,4.98562,1.78139
137,-12.7418,5.03214,1.44132
137,-12.867,5.07835,1.80134
137,-13.0808,4.83247,2.0103
137,-13.1032,4.84558,2.01711
137,-13.1108,4.85002,2.01394
137,-13.0546,4.80844,1.35312
137,-13.0981,5.05809,1.91982
137,-13.2448,4.90241,1.97299
137,-12.926,5.13323,1.29863
137,-13.11,5.14132,1.81652
137,-13.0826,5.06902,1.5694
137,-13.1678,5.08778,1.86631
137,-13.1903,5.0645,1.88579
137,-13.1924,5.06185,1.8857
137,-13.0948,5.0722,1.56481
137,-13.0151,5.00136,1.06867
137,-13.1415,5.1055,1.54495
137,-13.1508,5.21002,1.76776
137,-13.1425,5.10625,1.53506
137,-13.2384,5.16063,1.88063
137,-13.1941,4.85829,1.10661
137,-12.6245,6.25963,1.85974
137,-13.2234,4.89339,1.11107
137,-13.2288,4.89528,1.11825
137,-13.6363,4.49908,1.67476
137,-12.6304,6.3036,1.83655
137,-13.2342,4.89859,1.10381
137,-12.6436,6.31283,1.83284
137,-13.4738,4.96398,1.94581
137,-12.9775,5.43331,1.18215
137,-12.9801,5.43298,1.18083
137,-12.982,5.43442,1.1753
137,-13.4085,5.05604,1.82594
137,-13.006,5.44884,1.23902
137,-13.0182,5.42175,1.22658
137,-13.0165,5.43476,1.22756
137,-12.9953,5.44376,1.17351
137,-13.0585,5.3592,1.18368
137,-12.9802,5.55008,1.2824
137,-12.8664,6.14948,2.02211
137,-12.985,5.55537,1.27653
137,-12.8925,5.5715,0.969411
137,-13.0162,5.45842,1.11987
137,-12.9753,5.46342,0.942101
137,-13.05,5.44579,1.14094
137,-12.8973,5.58513,0.88605
137,-13.0488,5.49489,1.19745
137,-12.6839,6.18042,1.26874
137,-12.8896,6.2595,1.95686
137,-12.705,6.22703,1.24332
137,-13.1267,5.46412,1.11753
137,-12.7222,6.25857,1.23717
137,-12.838,6.42626,1.89899
137,-12.9091,6.2918,1.83163
137,-13.2843,5.933,2.34919
137,-13.1661,5.5209,1.0502
137,-12.9395,6.33278,1.82688
137,-12.7351,6.14791,0.791281
137,-12.6481,6.35744,0.881756
137,-13.5119,5.13872,1.34872
137,-13.5273,5.17989,1.45942
137,-13.5149,5.16374,1.38676
137,-12.9363,6.16606,1.40054
137,-13.5171,5.17347,1.38394
137,-12.9348,6.17626,1.38591
137,-12.5723,6.59648,0.96956
137,-13.1829,5.7393,1.27298
137,-13.1886,5.74463,1.26478
137,-13.1925,5.74829,1.26699
137,-13.1903,5.75609,1.26304
137,-12.9198,6.59293,1.86645
137,-13.7187,5.11037,1.59562
137,-13.0209,6.48825,1.9241
137,-13.319,5.70744,1.38829
137,-13.2338,5.79638,1.26177
137,-13.7307,5.13326,1.58846
137,-12.7748,6.40738,0.90536
137,-13.2485,5.81468,1.25932
137,-13.3089,5.83533,1.43264
137,-13.2635,5.83259,1.2503
137,-12.8391,6.49182,1.11061
137,-13.5214,5.27723,0.988626
137,-13.318,5.84145,1.38254
137,-13.5525,5.37629,1.2485
137,-13.3301,5.84904,1.4275
137,-13.3319,5.84721,1.42067
137,-13.4725,5.39087,0.999581
137,-12.9522,6.57599,1.5408
137,-13.4728,5.39754,0.934831
137,-13.0765,6.58777,1.90563
137,-13.3365,5.86214,1.35801
137,-12.9537,6.62871,1.52533
137,-13.1459,6.50284,1.90305
137,-13.3526,5.87663,1.37341
137,-13.521,5.79305,1.7489
137,-13.506,5.826,1.74341
137,-13.5251,5.79943,1.74954
137,-13.674,5.68858,2.01179
137,-12.749,6.65668,0.873213
137,-13.8097,5.50283,2.09129
137,-13.4552,5.70599,1.29995
137,-13.5844,5.31299,0.949056
137,-13.8319,5.50421,2.08486
137,-13.8332,5.51118,2.08902
137,-13.8356,5.51126,2.08421
137,-13.5474,5.83657,1.76671
137,-12.7473,6.94107,1.2685
137,-13.1068,6.69874,1.95515
137,-12.9044,6.47165,0.871926
137,-12.7642,6.70015,0.846202
137,-13.8564,5.51265,2.08711
137,-13.4815,5.90773,1.57203
137,-13.0483,6.46969,1.23493
137,-13.1974,6.58954,1.92879
137,-12.9366,6.48349,0.868477
137,-13.205,6.59353,1.92746
137,-13.1966,6.59154,1.89327
137,-12.9907,6.43171,0.905447
137,-12.7269,7.0643,1.25348
137,-12.7846,6.74309,0.820909
137,-13.8474,5.07442,1.06623
137,-13.5351,6.05627,1.9154
137,-12.9906,6.4446,0.89629
137,-13.6002,5.86329,1.73229
137,-13.1155,6.17629,0.742265
137,-13.2396,5.90617,0.625528
137,-13.8305,5.18123,1.12817
137,-13.109,6.17598,0.689544
137,-13.0847,6.47207,1.16407
137,-13.0804,6.51385,1.21448
137,-13.1009,6.34939,0.968609
137,-13.1036,6.34577,0.969617
137,-13.5311,5.77242,1.25373
137,-12.7848,7.05615,1.23527
137,-13.2377,6.65979,1.92337
137,-13.1313,6.22094,0.735248
137,-13.0381,6.567,1.08746
137,-13.0341,6.57325,1.08299
137,-13.112,6.37882,0.94926
137,-14.3512,4.7938,1.913
137,-13.0011,6.53895,0.877468
137,-14.3524,4.79079,1.90605
137,-13.989,5.02221,1.16831
137,-13.2293,6.06356,0.685097
137,-13.0752,6.4451,0.906251
137,-13.2318,6.06308,0.683793
137,-13.0794,6.44144,0.907866
137,-13.3285,6.15034,1.14139
137,-13.1191,6.51474,1.13959
137,-13.9628,5.01435,1.00697
137,-13.2352,6.11941,0.735511
137,-12.8106,7.19818,1.41017
137,-13.1043,6.81801,1.62467
137,-12.812,7.22824,1.44727
137,-13.2425,6.17075,0.819976
137,-14.3934,4.8283,1.97403
137,-13.2749,6.27807,1.12172
137,-13.3348,6.16739,1.10463
137,-13.7755,5.82969,1.88036
137,-13.2812,6.2755,1.1326
137,-13.3323,6.23561,1.17297
137,-14.0295,5.05114,1.17054
137,-13.3328,6.21559,1.13248
137,-12.8184,7.13113,1.20306
137,-13.2811,6.31476,1.10341
137,-14.0069,5.04815,1.00969
137,-13.2456,6.53174,1.35317
137,-13.0484,6.61704,0.82711
137,-13.3872,6.50167,1.69154
137,-13.1582,6.58469,1.1005
137,-13.8739,5.32838,1.01602
137,-13.2502,6.43895,1.09842
137,-14.047,5.12635,1.09942
137,-13.3081,6.36484,1.00056
137,-14.4986,4.98983,2.20269
137,-14.5523,4.78294,1.98124
137,-13.3388,6.38784,1.11834
137,-13.3669,6.35575,1.14123
137,-13.341,6.39868,1.12287
137,-14.0748,5.13669,1.09068
137,-13.3373,6.423,1.15061
137,-14.5384,4.92694,2.10115
137,-13.3518,6.44922,1.12518
137,-13.279,7.01066,1.91653
137,-13.3779,6.40429,1.08507
137,-13.4892,6.20896,1.03546
137,-13.3775,6.43455,1.1023
137,-13.51,6.15945,1.00628
137,-13.703,6.08115,1.47116
137,-14.6649,4.70605,1.92379
137,-13.7433,6.27866,1.92838
137,-13.5123,6.17835,0.990446
137,-14.5156,4.73823,1.48471
137,-13.3804,6.47034,1.07079
137,-13.5288,6.17647,0.985398
137,-14.5958,4.8531,1.88435
137,-14.5802,5.02436,2.12173
137,-13.3951,6.53847,1.09121
137,-14.6403,4.61804,1.44228
137,-14.6395,5.05052,2.1912
137,-13.3226,6.90551,1.45599
137,-14.6659,4.73376,1.51599
137,-14.6793,5.08716,2.18342
137,-14.7842,4.51049,1.40946
137,-13.4255,6.74355,1.25606
137,-13.1538,6.74146,0.348954
137,-14.6718,5.12582,2.13582
137,-13.5224,6.44968,0.934387
137,-14.8134,4.72161,1.79695
137,-14.7193,5.09734,2.08966
137,-14.7611,4.73937,1.49694
137,-13.5737,6.46055,0.928664
137,-14.7615,4.75573,1.48503
137,-13.4847,6.81794,1.22248
137,-14.8805,4.5283,1.37146
137,-13.0804,7.72054,1.62836
137,-14.4249,5.09975,0.847127
137,-13.5999,6.43721,0.712285
137,-13.5113,6.85132,1.20298
137,-14.448,5.11885,0.846442
137,-13.3916,6.66977,0.382847
137,-13.3201,7.24597,1.02383
137,-13.9997,6.42809,1.46134
137,-14.23,6.42104,1.99791
137,-13.3792,7.33232,0.989402
137,-13.7628,6.79969,1.18571
137,-14.7635,4.73347,0.45854
137,-14.2521,6.4318,1.95171
137,-14.2955,6.4708,1.99879
137,-14.729,5.05068,0.573399
137,-13.4015,7.99549,1.84385
137,-14.3226,6.5629,2.07185
137,-13.4225,8.00186,1.84848
137,-14.7545,5.0652,0.555392
137,-13.4297,8.01214,1.86272
137,-14.3152,6.50879,1.82891
137,-13.4334,8.02491,1.84821
137,-13.453,8.01593,1.85764
137,-14.3575,6.60158,2.06023
137,-13.8731,6.63313,0.523627
137,-14.3568,6.5345,1.8607
137,-14.3109,6.76415,2.11522
137,-13.474,8.05625,1.85406
137,-13.4605,7.56321,0.870927
137,-14.32,6.58159,1.76776
137,-13.8191,7.46651,1.78344
137,-15.2098,4.49458,0.574982
137,-14.3543,6.83219,2.17752
137,-15.2557,4.49207,0.569871
137,-15.1906,4.96834,1.25068
137,-13.9894,6.96824,1.12503
137,-14.3823,6.86767,2.17951
137,-14.3853,6.87094,2.17624
137,-13.4978,7.67075,0.832293
137,-14.3977,6.64676,1.75416
137,-15.1162,5.14145,1.17505
137,-14.3832,6.92533,2.14641
137,-14.5391,6.51445,1.86563
137,-15.26,4.97002,1.23988
137,-14.5515,6.52278,1.86054
137,-15.2594,4.9685,1.1509
137,-13.9426,7.73091,2.01225
137,-15.2474,5.0691,1.10588
137,-15.2122,5.0773,0.975408
137,-14.4573,7.03383,2.17019
137,-14.4338,7.06191,2.11177
137,-13.8425,7.47436,0.95642
137,-14.4735,7.05489,2.17243
137,-13.9909,7.80566,2.02116
137,-14.481,7.06064,2.1705
137,-16.3646,4.00055,2.3558
137,-14.0078,7.82411,2.00164
137,-14.3442,6.94848,1.25644
137,-14.3442,6.95572,1.25361
137,-14.0555,7.88422,2.00779
137,-14.1176,7.36486,1.00388
137,-16.5382,4.00629,2.3499
137,-14.2254,7.2543,1.01049
137,-16.5846,3.97953,2.36132
137,-14.5945,7.22693,2.09509
137,-14.212,7.57241,0.957608
137,-14.6677,7.19216,1.32467
137,-14.3129,7.60569,0.888844
137,-14.7046,7.2374,1.31136
137,-14.8565,7.26955,1.15703
137,-14.734,8.09378,1.96505
137,-14.558,7.9265,0.868655
137,-14.6664,7.78014,0.784999
137,-16.8139,3.75858,-0.0954316
137,-17.4861,3.86661,0.771441
137,-17.7017,3.84261,0.701482
137,-17.9383,3.92149,0.584416
137,-17.9162,4.2916,0.488071
137,-18.2213,3.91426,0.52737
137,-17.9074,3.72241,-1.05696
137,-18.6443,4.45082,2.35523
137,-16.6441,8.36659,2.34608
137,-16.9948,6.52907,-0.0245373
137,-17.0102,6.56866,-0.0393322
137,-17.5054,7.19237,2.35708
137,-18.3764,3.89913,-1.34334
137,-19.4086,4.5212,2.41489
137,-18.7329,8.6682,2.85512
136,-18.7329,8.6682,2.85512
137,-16.9592,10.7755,2.34711
136,-16.9592,10.7755,2.34711
137,-17.3295,6.78417,0.0521957
136,-17.3295,6.78417,0.0521957
137,-15.7347,5.5627,2.25516
136,-15.7347,5.5627,2.25516
137,-17.4165,5.42917,-1.95379
136,-17.4165,5.42917,-1.95379
137,-13.7943,6.03696,1.88129
136,-13.7943,6.03696,1.88129
137,-13.278,5.53558,1.40405
136,-13.278,5.53558,1.40405
137,-13.0652,5.51498,1.07173
136,-13.0652,5.51498,1.07173
137,-16.8163,8.09964,2.82285
136,-16.8163,8.09964,2.82285
137,-14.2153,7.53006,1.54463
136,-14.2153,7.53006,1.54463
137,-26.7172,8.5872,2.75499
136,-26.7172,8.5872,2.75499
137,-13.5195,6.9857,0.922583
136,-13.5195,6.9857,0.922583
137,-13.3335,6.45872,1.13155
136,-13.3335,6.45872,1.13155
137,-26.639,8.56371,2.75654
136,-26.639,8.56371,2.75654
137,-35.6855,12.9893,5.65877
136,-35.6855,12.9893,5.65877
137,-13.0444,5.48923,1.09642
136,-13.0444,5.48923,1.09642
137,-14.8007,5.62829,0.132012
136,-14.8007,5.62829,0.132012
137,-13.3323,5.59457,1.37137
136,-13.3323,5.59457,1.37137
137,-16.1654,10.1405,0.931007
136,-16.1654,10.1405,0.931007
137,-13.3433,5.41858,1.7469
136,-13.3433,5.41858,1.7469
137,-14.8114,5.63378,0.121487
136,-14.8114,5.63378,0.121487
137,-28.388,8.48502,5.60659
136,-28.388,8.48502,5.60659
137,-21.6581,4.68512,3.73244
136,-21.6581,4.68512,3.73244
137,-30.6152,17.7306,6.16802
136,-30.6152,17.7306,6.16802
137,-34.5649,12.6152,5.55627
136,-34.5649,12.6152,5.55627
137,-35.0733,5.63755,5.44903
136,-35.0733,5.63755,5.44903
137,-16.5913,12.4082,2.42357
136,-16.5913,12.4082,2.42357
137,-12.4192,4.80728,2.00584
136,-12.4192,4.80728,2.00584
137,-18.4748,6.63869,2.18848
135,-18.4748,6.63869,2.18848
137,-13.3569,5.39668,1.55712
135,-13.3569,5.39668,1.55712
137,-13.4336,5.43994,1.52908
135,-13.4336,5.43994,1.52908
137,-14.7927,4.6729,1.7017
135,-14.7927,4.6729,1.7017
137,-13.3584,5.25256,1.36322
135,-13.3584,5.25256,1.36322
137,-17.6655,5.22036,2.34033
135,-17.6655,5.22036,2.34033
137,-17.7299,4.25794,-1.03271
135,-17.7299,4.25794,-1.03271
137,-16.8705,10.2598,2.43907
135,-16.8705,10.2598,2.43907
137,-13.3439,5.15661,1.40856
134,-13.3439,5.15661,1.40856
137,-35.3917,12.8715,5.64861
134,-35.3917,12.8715,5.64861
137,-14.6148,7.0492,2.10172
134,-14.6148,7.0492,2.10172
137,-33.4684,5.4902,5.26312
134,-33.4684,5.4902,5.26312
137,-14.7636,4.73326,1.93007
134,-14.7636,4.73326,1.93007
137,-19.8325,10.1348,2.13757
133,-19.8325,10.1348,2.13757
137,-17.1181,8.80477,3.39106
133,-17.1181,8.80477,3.39106
137,-17.4477,8.38984,2.23407
130,-17.4477,8.38984,2.23407
137,-35.5821,28.2712,2.55009
130,-35.5821,28.2712,2.55009
137,-36.7759,20.2374,1.98432
130,-36.7759,20.2374,1.98432
137,-17.7182,5.25436,2.34276
130,-17.7182,5.25436,2.34276
137,-17.5561,4.19832,0.757086
130,-17.5561,4.19832,0.757086
138,-13.1817,4.94237,2.27256
138,-13.2736,4.96339,2.26393
138,-12.7048,5.46565,1.08024
138,-12.7275,5.41098,1.01329
138,-12.7282,5.41619,1.0067
138,-12.7515,5.44483,1.07169
138,-12.7522,5.44719,1.07648
138,-12.7203,5.44872,0.992854
138,-12.7574,5.44739,1.06685
138,-12.7434,5.39552,0.932311
138,-12.7471,5.39474,0.932263
138,-12.7608,5.45558,1.06075
138,-12.7543,5.39595,0.930036
138,-12.7122,5.47227,0.934304
138,-12.7144,5.46994,0.932673
138,-12.769,5.44882,1.03891
138,-12.7724,5.44679,1.03781
138,-12.722,5.48331,0.919734
138,-12.7098,5.50633,0.909945
138,-12.7314,5.52361,0.933045
138,-12.7309,5.52935,0.926814
138,-12.7049,5.56885,0.917541
138,-12.713,5.5694,0.916057
138,-12.6954,5.58064,0.882918
138,-12.7123,5.57492,0.914721
138,-12.7143,5.57383,0.916273
138,-12.8151,6.09241,1.97032
138,-12.9562,5.25157,0.995647
138,-12.8336,5.50819,1.06098
138,-13.0004,5.09492,0.856276
138,-13.004,5.16436,0.94056
138,-12.8541,5.44562,0.967379
138,-12.8548,5.44953,0.966406
138,-13.0379,5.13578,0.933889
138,-13.0503,5.1389,0.933376
138,-13.0696,5.12201,0.933493
138,-13.0657,5.12532,0.924155
138,-12.9863,5.28038,0.953819
138,-13.0578,5.13927,0.922538
138,-12.9948,5.28131,0.953492
138,-13.0029,5.28646,0.94763
138,-13.0011,5.29319,0.935616
138,-13.1513,5.04176,0.898663
138,-13.1405,5.00826,0.793981
138,-13.2105,5.43977,1.61444
138,-13.1687,5.00055,0.787371
138,-13.168,5.11076,0.909269
138,-13.3014,5.33302,1.58634
138,-13.2766,5.29245,1.45098
138,-13.2796,5.30042,1.4421
138,-13.0671,5.49434,1.17781
138,-13.0705,5.50027,1.17648
138,-13.4154,5.2304,1.65953
138,-13.3206,5.3564,1.60347
138,-13.3097,5.36706,1.58802
138,-13.1996,5.46934,1.45365
138,-13.0972,5.4757,1.17341
138,-12.7211,5.90701,0.840927
138,-13.3994,5.32362,1.70888
138,-12.9117,5.69354,0.971785
138,-13.4054,5.32583,1.6914
138,-12.9113,5.70266,0.964289
138,-12.9969,5.5078,0.88789
138,-13.2142,5.50219,1.45495
138,-12.6912,6.01437,0.858128
138,-13.2234,5.49195,1.44738
138,-13.4116,5.33094,1.68742
138,-13.4096,5.3412,1.69676
138,-13.3079,4.8866,0.717704
138,-13.3157,4.8808,0.723673
138,-13.3273,5.31371,1.41954
138,-13.0093,5.5175,0.879443
138,-13.3328,5.32099,1.41621
138,-13.2023,5.32987,1.08156
138,-13.2178,5.53948,1.4427
138,-13.2585,5.29541,1.1352
138,-13.3888,5.25338,1.40976
138,-13.1522,5.6437,1.37105
138,-13.2607,5.30058,1.11545
138,-12.9428,5.76772,0.918607
138,-13.3759,5.20223,1.14122
138,-13.2178,5.4667,1.06424
138,-13.4281,5.14805,1.08572
138,-13.4309,5.14923,1.08395
138,-13.4077,5.03756,0.841228
138,-13.4193,5.03147,0.862238
138,-13.4692,4.96698,0.890084
138,-13.4921,4.99928,0.952422
138,-13.4875,4.8551,0.70729
138,-13.5017,4.98869,0.90339
138,-12.6738,6.38908,0.871075
138,-12.6537,6.41341,0.853108
138,-12.6776,6.38185,0.867025
138,-13.4559,5.04384,0.837094
138,-13.2344,5.74759,1.34357
138,-12.6575,6.41606,0.849782
138,-13.5125,4.99732,0.909435
138,-13.4351,5.21065,1.02843
138,-13.5411,5.63547,1.94714
138,-13.554,5.0266,1.02377
138,-13.5525,5.0256,1.01642
138,-13.5187,5.00447,0.881807
138,-13.8255,5.11268,1.86158
138,-13.7289,5.11749,1.58422
138,-13.5653,5.03242,1.01594
138,-13.8359,5.1153,1.86285
138,-13.7099,5.168,1.54208
138,-13.8586,5.12549,1.8584
138,-13.6142,4.84223,0.755261
138,-12.7033,6.46441,0.815462
138,-13.0841,5.92968,0.984555
138,-13.3035,5.80812,1.36185
138,-13.3049,5.80561,1.36003
138,-13.7909,5.13115,1.57499
138,-13.3116,5.81788,1.35234
138,-13.6195,5.16534,1.12838
138,-13.0859,5.96853,0.954437
138,-13.0824,5.97788,0.948985
138,-13.9397,5.12219,1.86952
138,-13.6715,4.85127,0.714491
138,-13.0947,5.98963,0.937386
138,-13.9651,5.15822,1.84065
138,-13.9416,5.41585,2.09415
138,-12.9474,6.4773,0.864638
138,-13.3003,6.06197,1.01627
138,-12.5243,7.26692,0.816498
138,-12.5366,7.2873,0.81488
138,-13.8535,5.23173,1.09834
138,-13.0229,6.50715,0.853923
138,-12.628,7.16727,0.746294
138,-13.4254,6.02869,1.0738
138,-12.7095,7.15097,0.913538
138,-13.4264,6.03575,1.07295
138,-13.4501,6.01688,1.09916
138,-14.0627,5.04101,1.13657
138,-13.2895,6.33905,1.10115
138,-13.4261,6.07731,1.05482
138,-14.5104,4.78453,1.89795
138,-12.8572,6.87614,0.742959
138,-14.067,5.07848,1.1236
138,-14.0874,5.04777,1.12529
138,-14.0522,5.09686,1.09863
138,-14.0965,5.05208,1.1446
138,-14.0909,5.04853,1.12107
138,-13.2943,6.33889,1.01236
138,-12.6901,7.31962,0.912423
138,-12.7075,7.33381,0.978568
138,-12.866,6.90457,0.728004
138,-12.7026,7.31069,0.926014
138,-13.3877,6.26345,1.09914
138,-13.3176,6.34598,1.0139
138,-13.0248,6.77657,0.889189
138,-12.8535,6.95378,0.709635
138,-12.7191,7.35387,0.974851
138,-14.0722,5.06886,0.968554
138,-13.038,6.78157,0.888047
138,-13.3489,6.42165,1.14537
138,-12.8111,7.35985,1.15777
138,-13.0295,6.73802,0.757781
138,-14.6009,4.80408,1.89847
138,-12.8904,6.96809,0.687916
138,-13.3215,6.98565,1.82597
138,-12.8549,7.3471,1.14218
138,-13.0396,6.78132,0.739428
138,-13.1037,7.2256,1.58672
138,-13.3669,6.9419,1.83068
138,-12.7002,7.50243,0.931843
138,-12.8612,7.39593,1.17847
138,-13.0769,7.29048,1.58437
138,-13.0548,6.78343,0.736439
138,-13.0572,6.78729,0.733977
138,-13.336,7.01762,1.82892
138,-13.1167,6.71467,0.762488
138,-13.0735,7.14785,1.32151
138,-13.2718,7.10156,1.76469
138,-13.028,7.45787,1.6658
138,-13.2631,6.3588,0.550857
138,-12.9294,7.35051,1.20306
138,-13.0069,7.32255,1.35946
138,-13.2548,7.14884,1.74302
138,-12.8064,7.1976,0.623519
138,-13.0334,7.48221,1.666
138,-13.256,7.19863,1.80279
138,-12.8776,7.44787,1.186
138,-13.2607,7.1541,1.73847
138,-13.0356,7.48503,1.64841
138,-13.363,7.04207,1.80073
138,-14.6641,5.07108,2.17943
138,-13.3633,7.06571,1.82656
138,-13.0972,7.51186,1.80929
138,-13.079,7.53949,1.8037
138,-13.0091,7.36581,1.34686
138,-13.0179,7.35334,1.34715
138,-13.0178,7.22994,1.13156
138,-12.7974,7.05548,0.269201
138,-13.374,7.09079,1.82521
138,-13.0463,7.53766,1.64318
138,-12.9748,6.81388,0.325896
138,-13.0791,7.16427,1.13855
138,-12.9028,7.50372,1.19075
138,-13.3793,7.12434,1.86341
138,-12.7056,7.2309,0.238992
138,-13.1946,7.47198,1.91117
138,-12.9827,6.8181,0.320355
138,-12.7096,7.23594,0.245352
138,-13.3818,7.10177,1.81809
138,-12.7121,7.24615,0.252424
138,-12.9126,7.5116,1.18932
138,-13.2886,7.10369,1.53286
138,-13.214,6.84723,0.932008
138,-13.0928,7.18335,1.12753
138,-13.4711,7.01324,1.86385
138,-13.3141,6.40806,0.500095
138,-13.2907,7.1141,1.53373
138,-13.3577,7.07064,1.63916
138,-13.3921,7.0281,1.65573
138,-13.2942,7.12045,1.52939
138,-13.316,6.42364,0.49347
138,-13.3972,7.03973,1.65514
138,-13.1627,7.11436,1.13587
138,-13.1659,7.11332,1.13837
138,-13.2481,7.12034,1.36023
138,-13.1108,7.2304,1.11849
138,-13.2735,7.19869,1.49426
138,-13.2202,7.05459,1.10193
138,-14.6193,4.93989,1.51975
138,-14.8435,4.67017,1.6872
138,-13.2524,7.16984,1.35101
138,-13.2605,7.19471,1.39512
138,-13.2506,7.06125,1.1501
138,-12.9385,7.60494,1.15686
138,-13.5474,7.01076,1.82135
138,-13.2723,6.64333,0.51763
138,-13.5525,7.01,1.80731
138,-13.2465,7.08496,1.08881
138,-13.5201,7.01323,1.68327
138,-13.2663,6.67785,0.479427
138,-13.289,7.23554,1.38469
138,-14.7821,4.75256,1.47907
138,-13.2908,6.67577,0.499116
138,-13.3149,6.63301,0.482508
138,-14.834,4.67187,1.45798
138,-14.8556,4.65403,1.46749
138,-13.5719,6.9849,1.68286
138,-13.5709,6.99742,1.6761
138,-14.7171,4.93853,1.50146
138,-13.5764,6.99812,1.67647
138,-13.327,7.08459,1.13248
138,-13.3914,6.97758,1.08116
138,-13.4016,6.98325,1.08139
138,-13.4004,6.99011,1.07682
138,-13.6414,7.21234,2.04959
138,-14.8134,4.78202,1.34555
138,-13.4522,6.86614,0.977592
138,-13.3935,6.93677,0.919175
138,-13.6544,7.22175,2.0552
138,-13.6312,7.03125,1.67259
138,-13.6624,7.24822,2.05378
138,-13.6707,7.23678,2.05759
138,-13.449,6.96606,1.0327
138,-15.0023,4.64899,1.44907
138,-14.7788,4.92591,1.27087
138,-13.6921,7.09146,1.66721
138,-15.1438,4.54369,1.43048
138,-15.1314,4.55154,1.32423
138,-14.8418,5.08847,1.34433
138,-13.6653,7.16627,1.08294
138,-13.0913,8.1812,1.11627
138,-14.8746,4.80384,0.583904
138,-13.1172,8.16444,1.14139
138,-14.2145,6.724,1.7628
138,-13.0969,8.22231,1.12058
138,-13.8159,6.94455,0.987603
138,-14.1992,6.80768,1.75699
138,-14.8276,4.8828,0.392247
138,-14.0641,7.23621,2.02925
138,-13.8419,6.97003,0.971896
138,-14.0747,7.25965,2.02777
138,-14.0928,7.25935,2.03759
138,-13.1302,8.33054,1.13912
138,-13.0556,8.43062,1.08173
138,-14.4013,6.57278,1.7342
138,-14.3415,6.70244,1.75574
138,-13.9055,7.04108,1.11209
138,-14.4396,6.62735,1.81961
138,-14.4968,6.53722,1.71621
138,-14.5262,6.55598,1.78278
138,-14.4257,6.9576,2.07523
138,-14.4621,6.59052,1.51406
138,-14.4983,6.96462,2.16372
138,-15.3086,4.5422,0.468876
138,-14.4878,6.61217,1.50873
138,-14.5217,6.95302,2.08747
138,-14.6295,6.75719,1.84136
138,-14.9019,4.91191,-0.329138
138,-14.6586,6.84943,2.03036
138,-14.6545,6.75249,1.81928
138,-14.4706,6.76172,1.28964
138,-14.5463,6.6828,1.35972
138,-14.9513,4.90477,-0.365278
138,-14.4845,6.76678,1.284
138,-14.9708,4.91807,-0.375768
138,-14.7956,6.71872,1.92028
138,-14.4879,6.90042,1.29207
138,-14.6128,7.2064,1.17615
138,-14.1905,8.82981,2.17046
138,-14.2096,8.82118,2.17013
138,-14.1673,8.90339,2.09929
138,-14.4555,8.74759,2.02227
138,-14.4849,8.79606,2.01948
138,-14.542,8.75591,1.96625
138,-14.5372,8.87057,2.01773
138,-16.8348,3.86448,0.107471
138,-15.1164,7.66833,0.937928
138,-16.1659,5.08706,-0.942462
138,-17.3011,3.97745,-0.103188
138,-17.5693,5.14711,2.36404
138,-17.469,4.27077,0.617646
138,-17.3892,3.97659,-0.135653
138,-17.7244,4.2838,0.537563
138,-17.3748,6.12948,2.20953
138,-17.4021,6.1309,2.21158
138,-17.6996,3.50246,-1.18018
138,-17.6477,4.1186,-0.364045
138,-17.6873,4.10816,-0.353995
138,-17.6705,3.78124,-0.927812
138,-17.8098,3.72497,-0.986924
138,-17.7393,3.75323,-1.51743
138,-17.1301,7.42952,2.27126
138,-15.7461,8.64721,0.381252
138,-17.1821,7.50398,2.21978
138,-17.1617,7.71174,2.21911
138,-15.7593,9.00959,0.418711
138,-17.7398,4.28886,-1.85765
138,-13.4438,5.29958,1.51653
137,-13.4438,5.29958,1.51653
138,-16.8227,9.80829,0.186365
137,-16.8227,9.80829,0.186365
138,-16.7746,9.90128,0.149937
137,-16.7746,9.90128,0.149937
138,-13.4142,5.20058,1.54245
137,-13.4142,5.20058,1.54245
138,-13.0822,5.46751,1.12309
137,-13.0822,5.46751,1.12309
138,-13.7036,6.82935,1.70657
137,-13.7036,6.82935,1.70657
138,-14.4176,6.61423,1.83125
137,-14.4176,6.61423,1.83125
138,-16.9937,10.0904,0.455919
137,-16.9937,10.0904,0.455919
138,-17.1298,10.9407,2.37105
137,-17.1298,10.9407,2.37105
138,-14.6175,5.09014,2.09994
137,-14.6175,5.09014,2.09994
138,-13.7148,6.84413,1.70328
137,-13.7148,6.84413,1.70328
138,-17.149,10.1516,0.0560666
137,-17.149,10.1516,0.0560666
138,-13.0846,6.57577,0.8093
137,-13.0846,6.57577,0.8093
138,-13.118,5.05683,0.984753
137,-13.118,5.05683,0.984753
138,-13.1437,5.45531,1.11876
137,-13.1437,5.45531,1.11876
138,-16.2279,9.15399,0.443082
137,-16.2279,9.15399,0.443082
138,-16.3473,13.8902,2.15158
137,-16.3473,13.8902,2.15158
138,-13.1664,7.24868,1.69229
137,-13.1664,7.24868,1.69229
138,-16.2769,13.7439,2.16167
137,-16.2769,13.7439,2.16167
138,-13.365,5.30498,1.72907
137,-13.365,5.30498,1.72907
138,-13.12,5.54451,1.1507
137,-13.12,5.54451,1.1507
138,-30.8243,9.63239,4.03688
137,-30.8243,9.63239,4.03688
138,-13.1168,6.91364,1.433
137,-13.1168,6.91364,1.433
138,-13.306,7.23347,1.02626
137,-13.306,7.23347,1.02626
138,-13.3351,5.26611,1.56199
136,-13.3351,5.26611,1.56199
138,-17.2316,6.17868,2.21544
136,-17.2316,6.17868,2.21544
138,-21.1334,6.85808,2.61952
136,-21.1334,6.85808,2.61952
138,-13.2964,5.49874,1.58223
136,-13.2964,5.49874,1.58223
138,-17.2549,7.23733,2.25271
136,-17.2549,7.23733,2.25271
138,-18.7462,8.67225,2.84157
136,-18.7462,8.67225,2.84157
138,-15.9187,6.06841,2.2541
136,-15.9187,6.06841,2.2541
138,-13.2764,5.39776,1.78512
136,-13.2764,5.39776,1.78512
138,-18.6579,8.61529,2.85433
136,-18.6579,8.61529,2.85433
138,-17.0349,12.805,2.36304
136,-17.0349,12.805,2.36304
138,-13.5141,5.26061,1.77508
136,-13.5141,5.26061,1.77508
138,-13.3985,6.96058,0.954334
136,-13.3985,6.96058,0.954334
138,-16.7933,12.3954,2.36566
136,-16.7933,12.3954,2.36566
138,-18.6888,9.60029,2.41612
136,-18.6888,9.60029,2.41612
138,-17.334,7.28451,2.2469
136,-17.334,7.28451,2.2469
138,-13.1674,7.24281,1.54062
136,-13.1674,7.24281,1.54062
138,-18.5753,9.51081,2.43559
136,-18.5753,9.51081,2.43559
138,-14.8281,4.83443,1.86377
136,-14.8281,4.83443,1.86377
138,-19.9301,12.627,2.39767
135,-19.9301,12.627,2.39767
138,-17.0866,7.30012,2.2199
135,-17.0866,7.30012,2.2199
138,-14.4158,6.96094,2.17267
135,-14.4158,6.96094,2.17267
138,-13.3546,5.33101,1.0856
135,-13.3546,5.33101,1.0856
138,-14.383,6.9718,2.1112
134,-14.383,6.9718,2.1112
138,-16.2139,5.04493,1.06077
130,-16.2139,5.04493,1.06077
138,-17.4235,5.01313,2.35267
130,-17.4235,5.01313,2.35267
139,-11.5596,4.67141,2.27974
139,-11.5442,4.72392,2.26008
139,-12.7121,5.41225,1.10471
139,-12.6994,5.45358,1.08835
139,-12.6928,5.41825,0.920927
139,-12.6977,5.42063,0.915041
139,-12.7346,5.39469,0.936831
139,-12.7062,5.41034,0.882361
139,-12.7367,5.39457,0.926313
139,-12.8503,5.35363,1.05004
139,-12.8658,5.36346,1.0388
139,-12.8078,5.48595,1.06631
139,-12.7313,5.51462,0.908447
139,-12.7292,5.54056,0.925411
139,-12.6938,5.57705,0.872206
139,-12.7341,5.47461,0.799282
139,-12.8259,5.50101,1.05396
139,-12.7394,5.47812,0.797832
139,-12.9839,5.06169,0.795665
139,-13.0385,5.03255,0.848049
139,-13.0168,5.09758,0.845255
139,-13.0453,5.14812,0.961407
139,-12.868,5.44782,0.937382
139,-13.0755,5.11166,0.94632
139,-13.038,5.15868,0.915956
139,-13.0605,5.12295,0.918352
139,-12.9372,5.24937,0.789102
139,-12.9295,5.40179,0.977812
139,-12.8956,5.42198,0.912996
139,-13.0857,5.11714,0.917667
139,-12.9245,5.41851,0.932544
139,-13.3133,5.36255,1.74425
139,-13.3211,5.34258,1.73319
139,-13.3178,5.35231,1.73861
139,-13.3076,5.40267,1.7666
139,-13.3545,5.29072,1.70705
139,-13.2976,5.44765,1.78453
139,-13.3453,5.31703,1.711
139,-13.3565,5.30159,1.71202
139,-13.3546,5.3126,1.70533
139,-13.3246,5.41177,1.76039
139,-13.321,5.42501,1.76674
139,-13.3615,5.33306,1.68932
139,-13.3779,5.31779,1.69816
139,-13.3963,5.27109,1.668
139,-13.3353,5.30017,1.55816
139,-13.458,5.30568,1.84217
139,-13.4394,5.37093,1.89025
139,-13.402,5.31059,1.68721
139,-13.2601,5.37747,1.43183
139,-13.4559,5.34625,1.86624
139,-13.3595,5.30509,1.55236
139,-13.3103,5.25941,1.36457
139,-13.1146,5.45463,1.15249
139,-13.3678,5.30906,1.55258
139,-13.3186,5.25941,1.36016
139,-12.6838,5.99648,0.860121
139,-13.1082,5.48508,1.16074
139,-13.1873,5.48982,1.35428
139,-13.2784,5.38437,1.4211
139,-13.2182,5.27732,1.11179
139,-13.2346,5.26421,1.1134
139,-13.3507,5.2411,1.36159
139,-13.5927,5.1726,1.85282
139,-13.4269,5.52373,1.94755
139,-13.4428,5.33408,1.68585
139,-13.4165,5.35984,1.65302
139,-13.1668,5.58944,1.36605
139,-13.1714,5.58263,1.36435
139,-13.228,5.46716,1.33699
139,-13.1758,5.5869,1.35861
139,-13.1793,5.5912,1.35744
139,-13.615,5.18856,1.84226
139,-13.2376,5.48215,1.33542
139,-13.3978,5.25727,1.40074
139,-13.3821,5.33048,1.39504
139,-13.2106,5.6702,1.45926
139,-13.2832,5.68513,1.63428
139,-13.3363,5.3749,1.31757
139,-13.2659,5.49981,1.31981
139,-13.1953,5.65474,1.36337
139,-12.9449,5.80157,0.952148
139,-13.3014,5.69911,1.65837
139,-12.6814,6.18839,0.838109
139,-13.2806,5.35834,1.09455
139,-12.9603,5.81045,0.937582
139,-13.418,5.15676,1.10615
139,-13.5397,5.21635,1.46129
139,-12.9714,5.8163,0.930361
139,-13.4017,5.68701,1.7936
139,-13.7002,5.20732,1.82637
139,-12.6531,6.36666,0.877266
139,-13.4202,5.7023,1.78963
139,-13.263,5.76142,1.47721
139,-13.4991,4.81604,0.692399
139,-13.2638,5.76503,1.4737
139,-12.6538,6.37498,0.850712
139,-13.5407,4.96116,0.993821
139,-12.6647,6.38495,0.864895
139,-13.5094,4.82912,0.683869
139,-13.2465,5.76869,1.38621
139,-13.578,5.20812,1.37436
139,-13.5639,4.9658,0.981078
139,-13.5273,5.67865,1.91341
139,-13.5054,5.16764,1.1258
139,-13.2707,5.78195,1.37911
139,-13.2034,5.72613,1.12921
139,-13.2126,5.72973,1.12562
139,-13.5908,4.96914,0.960045
139,-13.2153,5.73154,1.12183
139,-12.688,6.43159,0.833103
139,-13.5609,5.17225,1.15767
139,-13.552,5.16732,1.12143
139,-13.7314,5.16689,1.53867
139,-13.5663,5.15117,1.11084
139,-13.6299,5.22836,1.3674
139,-13.6115,4.97983,0.962481
139,-13.6501,5.23461,1.36019
139,-13.8149,5.48641,2.08147
139,-13.1999,5.87024,1.1236
139,-13.2517,5.78965,1.10824
139,-13.2124,5.87443,1.11179
139,-12.465,7.36034,0.945273
139,-13.2774,6.03717,1.02581
139,-13.2821,6.0388,1.02317
139,-12.4677,7.29631,0.800531
139,-12.4539,7.31896,0.79365
139,-12.4637,7.32798,0.792907
139,-13.3543,6.03991,1.04828
139,-12.5325,7.28604,0.800217
139,-12.5273,7.30217,0.792699
139,-12.5277,7.29989,0.7849
139,-12.7769,6.98323,0.918538
139,-12.7954,6.96694,0.909398
139,-13.1534,6.2497,0.656037
139,-12.6096,7.44359,1.00578
139,-13.1196,6.48974,0.868775
139,-13.3622,6.28094,1.15292
139,-12.9128,6.90016,0.915966
139,-12.5836,7.53519,1.01993
139,-12.812,6.95049,0.716336
139,-12.8145,6.95894,0.712259
139,-13.3839,6.29229,1.12694
139,-13.185,6.47116,0.886537
139,-13.059,7.19128,1.59667
139,-14.1136,5.06045,1.11356
139,-13.114,7.18834,1.71455
139,-12.577,7.34407,0.619133
139,-13.117,7.18432,1.70928
139,-12.8673,6.91572,0.712296
139,-13.5059,6.06693,1.05835
139,-14.1218,5.05002,1.10311
139,-13.4138,6.2637,1.10909
139,-12.6968,7.19748,0.688808
139,-14.1235,5.05706,1.09898
139,-12.9654,7.22956,1.37539
139,-12.7008,7.21428,0.676895
139,-13.1921,7.12247,1.74142
139,-12.7293,7.36315,0.953613
139,-13.1944,7.12087,1.73735
139,-13.0715,6.6745,0.791416
139,-12.8779,6.94007,0.695715
139,-13.2187,7.15217,1.81969
139,-13.2251,7.16745,1.81761
139,-12.767,7.16109,0.650031
139,-13.2296,7.13158,1.72986
139,-12.7992,6.89893,0.341042
139,-13.1842,7.17127,1.67132
139,-13.1895,7.17033,1.67654
139,-12.7,7.48906,0.925668
139,-13.1988,7.14725,1.65116
139,-13.5099,6.28674,1.17174
139,-12.984,7.14764,1.11765
139,-12.9657,7.16874,1.10109
139,-12.8371,7.40646,1.12631
139,-12.8445,7.38611,1.11423
139,-13.3454,7.02013,1.81391
139,-13.3787,6.96711,1.81225
139,-12.9712,7.17115,1.10338
139,-12.5858,7.29832,0.331686
139,-13.1514,7.1823,1.54012
139,-13.2566,7.14299,1.73736
139,-12.8678,7.41556,1.16461
139,-12.7119,7.5144,0.913987
139,-12.9648,7.26448,1.16537
139,-13.1472,6.76503,0.894565
139,-13.1493,6.76256,0.892106
139,-13.0289,7.1627,1.14589
139,-13.2225,7.38879,1.94216
139,-13.3752,7.02768,1.7968
139,-13.3603,7.13883,1.90146
139,-13.1553,6.78382,0.884213
139,-13.2836,6.37478,0.603306
139,-13.0458,7.11395,1.07865
139,-13.0328,7.18031,1.13946
139,-13.2691,6.36713,0.534077
139,-12.7761,7.04975,0.288783
139,-12.9841,7.30711,1.16187
139,-13.185,6.93615,1.08822
139,-13.2378,7.43861,1.93805
139,-13.1805,6.82298,0.915011
139,-13.467,7.0343,1.91887
139,-13.1702,6.35444,0.210148
139,-13.1834,6.36039,0.242825
139,-13.463,6.99247,1.81998
139,-13.2865,6.38973,0.514223
139,-12.9945,7.33461,1.14924
139,-13.0235,7.41354,1.33152
139,-13.4705,7.00689,1.84201
139,-13.1575,7.19241,1.32086
139,-13.1594,7.20432,1.31697
139,-13.217,7.15183,1.35053
139,-13.2228,7.12113,1.29611
139,-12.7469,7.72202,0.98401
139,-12.7228,7.27434,0.222204
139,-13.2112,7.05874,1.10197
139,-12.94,7.57904,1.16349
139,-13.261,7.14322,1.32314
139,-13.135,6.62541,0.229321
139,-13.3098,6.51916,0.485298
139,-13.2674,6.94401,0.957443
139,-13.3285,6.82418,0.928116
139,-13.2786,6.62747,0.518853
139,-13.2511,6.65864,0.494493
139,-13.3725,6.85754,0.93789
139,-13.0973,6.64689,-0.0627902
139,-13.382,6.96931,1.08603
139,-13.3679,6.89878,0.939843
139,-13.4513,6.8574,0.985825
139,-14.8367,4.78968,1.32553
139,-13.4446,7.08517,1.11177
139,-13.4556,7.09886,1.1035
139,-13.5349,6.92484,1.02962
139,-13.5427,6.90539,1.01489
139,-14.8302,5.08506,1.32467
139,-13.5481,7.21004,1.17796
139,-13.5488,7.21341,1.17563
139,-13.6151,7.10827,1.10158
139,-13.0426,8.22441,1.09297
139,-13.8062,6.95316,1.13689
139,-13.8157,6.96848,1.14927
139,-13.0578,8.24167,1.09945
139,-14.1614,6.87728,1.73437
139,-13.0707,8.2844,1.07057
139,-13.8201,6.95317,0.994279
139,-14.2554,6.75199,1.75979
139,-14.8947,4.73993,0.406901
139,-13.9037,7.20504,1.48784
139,-13.1758,8.69804,1.84616
139,-13.7312,7.22664,1.05529
139,-14.3935,6.61986,1.74737
139,-14.9317,4.74561,0.376957
139,-13.1924,8.74989,1.83863
139,-13.871,6.98978,0.963678
139,-14.3071,6.79851,1.74074
139,-14.4076,6.65196,1.74869
139,-13.07,8.48073,1.08955
139,-13.2864,8.81322,2.08662
139,-14.4265,6.57261,1.61863
139,-13.2082,8.31019,1.0931
139,-13.9457,7.06004,1.09816
139,-14.3441,6.83007,1.74182
139,-14.4551,6.94781,2.17365
139,-13.3118,8.85722,2.07874
139,-13.1029,8.5674,1.06075
139,-15.1689,4.56488,0.321607
139,-15.2748,4.50756,0.485498
139,-14.5321,6.79481,1.81281
139,-14.6937,6.61719,1.83949
139,-14.4717,6.7048,1.40951
139,-14.4962,6.6632,1.36732
139,-14.5218,6.66831,1.36516
139,-14.5372,6.65917,1.37751
139,-14.4856,6.77124,1.28462
139,-14.5797,6.70446,1.34061
139,-14.5813,6.70965,1.34336
139,-14.6282,6.72089,1.34564
139,-13.733,8.64774,1.76102
139,-14.4543,6.7593,0.783002
139,-14.4682,6.836,0.587739
139,-14.2902,7.41488,0.952525
139,-14.3361,7.8453,0.834688
139,-14.3291,9.01965,2.09595
139,-16.5905,4.29962,0.838399
139,-14.3371,9.27246,2.0935
139,-17.1403,4.29353,0.679293
139,-17.9214,4.31309,2.42745
139,-17.2528,4.28271,0.672144
139,-18.064,4.29911,2.42572
139,-17.2935,4.27607,-0.778349
139,-17.5174,3.76245,-1.36035
139,-17.6008,6.19615,2.20089
139,-17.1997,6.91438,2.22696
139,-17.7627,3.54385,-1.56811
139,-17.3708,7.04248,2.27599
139,-17.6751,7.30445,2.40936
139,-17.9898,6.62104,2.19949
139,-18.01,6.64659,2.22331
139,-17.7487,4.26672,-2.17759
139,-13.3424,6.41693,1.14548
138,-13.3424,6.41693,1.14548
139,-13.3637,7.23912,1.06736
138,-13.3637,7.23912,1.06736
139,-13.3286,6.44803,1.12726
138,-13.3286,6.44803,1.12726
139,-15.2565,8.67163,0.579516
138,-15.2565,8.67163,0.579516
139,-17.3408,6.62972,2.22706
138,-17.3408,6.62972,2.22706
139,-12.9886,5.00108,1.08372
138,-12.9886,5.00108,1.08372
139,-13.3267,5.29995,1.56336
138,-13.3267,5.29995,1.56336
139,-16.732,9.49059,2.21291
138,-16.732,9.49059,2.21291
139,-15.1456,8.54234,0.63164
138,-15.1456,8.54234,0.63164
139,-13.305,4.92889,1.03035
138,-13.305,4.92889,1.03035
139,-18.9175,8.70587,2.37411
138,-18.9175,8.70587,2.37411
139,-13.367,4.9987,2.25967
138,-13.367,4.9987,2.25967
139,-13.1756,5.00594,0.784869
138,-13.1756,5.00594,0.784869
139,-14.5092,6.54949,1.71283
138,-14.5092,6.54949,1.71283
139,-12.7833,6.98228,0.914126
138,-12.7833,6.98228,0.914126
139,-13.2711,6.77299,1.00646
138,-13.2711,6.77299,1.00646
139,-13.3007,6.81471,0.982471
138,-13.3007,6.81471,0.982471
139,-13.2753,5.82038,1.22381
138,-13.2753,5.82038,1.22381
139,-13.0106,7.04873,1.11109
138,-13.0106,7.04873,1.11109
139,-12.9871,7.42159,1.6625
138,-12.9871,7.42159,1.6625
139,-13.3474,5.88166,1.17766
138,-13.3474,5.88166,1.17766
139,-18.5303,8.45645,2.39771
138,-18.5303,8.45645,2.39771
139,-16.3738,9.31416,0.3955
138,-16.3738,9.31416,0.3955
139,-14.4563,4.91119,1.56019
138,-14.4563,4.91119,1.56019
139,-16.1064,9.56674,2.36711
138,-16.1064,9.56674,2.36711
139,-13.363,7.28018,0.998115
138,-13.363,7.28018,0.998115
139,-12.9805,7.59173,1.33716
138,-12.9805,7.59173,1.33716
139,-13.3299,5.71042,1.34372
138,-13.3299,5.71042,1.34372
139,-14.5746,4.70191,1.91135
138,-14.5746,4.70191,1.91135
139,-13.4142,4.9739,0.965843
138,-13.4142,4.9739,0.965843
139,-14.5794,4.70253,1.91255
138,-14.5794,4.70253,1.91255
139,-13.2216,5.73483,1.09257
138,-13.2216,5.73483,1.09257
139,-13.9176,5.18516,1.09683
137,-13.9176,5.18516,1.09683
139,-13.0604,5.49326,1.11762
137,-13.0604,5.49326,1.11762
139,-13.2183,5.88197,1.06821
137,-13.2183,5.88197,1.06821
139,-16.992,15.0874,2.12358
137,-16.992,15.0874,2.12358
139,-14.8828,4.76935,1.2354
137,-14.8828,4.76935,1.2354
139,-16.7959,14.6854,2.10951
137,-16.7959,14.6854,2.10951
139,-13.0301,5.45491,1.13305
137,-13.0301,5.45491,1.13305
139,-13.4448,5.24785,1.78314
136,-13.4448,5.24785,1.78314
139,-13.2742,5.42496,1.41751
136,-13.2742,5.42496,1.41751
139,-13.2088,5.33637,1.60728
136,-13.2088,5.33637,1.60728
139,-17.0587,8.70113,2.33916
136,-17.0587,8.70113,2.33916
139,-17.062,8.83251,2.34334
136,-17.062,8.83251,2.34334
139,-13.4173,5.3373,1.87909
136,-13.4173,5.3373,1.87909
139,-14.3775,6.61983,1.74772
136,-14.3775,6.61983,1.74772
139,-13.1882,5.26715,1.13517
136,-13.1882,5.26715,1.13517
139,-18.7957,8.62839,2.38324
136,-18.7957,8.62839,2.38324
139,-17.4779,5.2859,2.34572
135,-17.4779,5.2859,2.34572
139,-16.2986,8.7985,2.29711
134,-16.2986,8.7985,2.29711
139,-17.7813,3.5303,-1.48187
134,-17.7813,3.5303,-1.48187
139,-29.9714,25.5771,2.76706
129,-29.9714,25.5771,2.76706
139,-20.2897,9.44791,2.40483
130,-20.2897,9.44791,2.40483
139,-18.8164,9.26636,2.78694
130,-18.8164,9.26636,2.78694
139,-13.9816,5.16225,1.09522
127,-13.9816,5.16225,1.09522
139,-17.629,5.67728,2.20722
126,-17.629,5.67728,2.20722
140,-11.3957,4.89605,2.33067
140,-11.3956,4.89714,2.33068
140,-11.3879,5.00638,2.33353
140,-12.7096,5.41943,1.10857
140,-12.7045,5.43088,1.09824
140,-12.6954,5.45746,1.09259
140,-12.7222,5.45955,1.04476
140,-12.6911,5.51118,0.895995
140,-12.7087,5.57849,0.928178
140,-12.815,5.49516,1.05967
140,-12.945,5.25006,0.848631
140,-13.0455,5.12734,0.854424
140,-13.0393,5.14288,0.859894
140,-13.1232,5.04659,0.907409
140,-13.0047,5.26624,0.815128
140,-13.2302,5.49104,1.62569
140,-13.3939,5.29456,1.6795
140,-13.214,5.37224,1.3449
140,-13.4081,5.26802,1.66032
140,-13.4704,5.2691,1.78977
140,-12.8768,5.67417,0.918764
140,-12.6762,5.99539,0.872878
140,-13.1591,5.52576,1.37336
140,-13.2508,5.57478,1.6278
140,-13.2536,5.56824,1.62308
140,-13.1373,5.47836,1.207
140,-12.8949,5.6889,0.913981
140,-13.2611,5.55241,1.60671
140,-12.8998,5.68046,0.91043
140,-12.692,6.00753,0.861093
140,-13.3593,5.38433,1.57999
140,-13.2942,5.21694,1.16318
140,-13.1546,5.48327,1.18684
140,-13.1702,5.58866,1.36702
140,-12.6774,6.07965,0.859732
140,-13.3162,5.34423,1.32789
140,-13.2047,5.65738,1.46062
140,-13.2135,5.4169,1.11436
140,-13.188,5.50448,1.17034
140,-13.2184,5.41648,1.11179
140,-13.2168,5.68569,1.4619
140,-13.2145,5.69586,1.46761
140,-13.285,5.70104,1.63955
140,-13.2227,5.69997,1.46263
140,-13.1614,5.62185,1.14037
140,-13.6903,5.21184,1.83478
140,-13.2174,5.69279,1.35898
140,-12.9466,5.88953,0.957679
140,-13.4633,5.42604,1.54017
140,-13.417,5.70604,1.81484
140,-12.9536,5.89555,0.952602
140,-13.1709,5.65511,1.13854
140,-13.7192,5.21212,1.82693
140,-13.3499,5.72299,1.64324
140,-13.1906,5.65155,1.13078
140,-13.4948,5.15233,1.15636
140,-12.6632,6.39199,0.869741
140,-13.4955,4.84017,0.696678
140,-13.5745,5.20923,1.3627
140,-12.6672,6.40595,0.841814
140,-13.2795,5.78959,1.44428
140,-13.5477,5.67427,1.92107
140,-12.6886,6.40386,0.855681
140,-13.5825,5.66195,1.93656
140,-13.606,5.21536,1.34402
140,-13.6104,5.2212,1.35965
140,-13.2852,5.80577,1.38987
140,-13.7603,5.49314,2.0926
140,-13.8827,5.11824,1.8596
140,-13.5837,5.67584,1.9136
140,-12.6937,6.4383,0.829242
140,-13.7757,5.48975,2.08952
140,-13.8992,5.14799,1.87668
140,-13.7902,5.4995,2.0804
140,-13.9184,5.12437,1.86207
140,-13.1536,5.92169,1.09709
140,-13.3011,5.8219,1.21763
140,-13.3165,5.83148,1.20728
140,-13.3311,5.85998,1.22114
140,-12.4771,7.37361,0.950937
140,-12.5261,7.2799,0.934381
140,-12.4635,7.32244,0.788785
140,-12.5543,7.37052,0.909976
140,-12.8372,6.83748,0.761121
140,-12.6627,7.25365,0.912457
140,-12.5985,7.30231,0.810376
140,-13.1062,6.4805,0.880422
140,-13.4099,6.08914,1.06393
140,-13.407,6.09781,1.06332
140,-13.3151,6.2933,1.1065
140,-12.7843,6.94473,0.734198
140,-12.5802,7.515,1.02942
140,-12.6508,7.19105,0.713433
140,-12.6962,7.30628,0.973868
140,-12.681,7.28233,0.892683
140,-12.7222,7.08593,0.71358
140,-12.712,7.33247,0.965739
140,-13.1811,6.47423,0.892782
140,-12.7327,7.1069,0.687465
140,-12.9133,6.93957,0.889463
140,-13.0403,7.23418,1.59337
140,-13.399,6.29842,1.14063
140,-13.1902,6.48675,0.88286
140,-12.7415,7.11931,0.684321
140,-12.7385,7.12371,0.680899
140,-12.6232,7.56996,0.997153
140,-12.6763,7.25413,0.676936
140,-13.3581,6.42909,1.14385
140,-12.9788,6.80617,0.737781
140,-12.6835,7.26884,0.669136
140,-12.981,6.80357,0.735735
140,-12.9766,6.81135,0.732157
140,-12.7261,6.96936,0.347508
140,-13.3582,6.44388,1.13063
140,-13.3588,6.44569,1.13284
140,-12.9529,6.96586,0.875514
140,-13.054,7.31888,1.59028
140,-12.9382,7.36366,1.35127
140,-13.2121,7.27738,1.88986
140,-12.8478,7.35278,1.10862
140,-13.3768,6.46206,1.13121
140,-12.8302,7.40374,1.12554
140,-13.212,7.10464,1.62883
140,-12.8567,7.36026,1.12453
140,-12.9967,6.83269,0.716296
140,-12.712,7.04283,0.319275
140,-13.1922,7.17908,1.65267
140,-12.7161,7.05798,0.309972
140,-13.1142,7.26133,1.55636
140,-12.9611,7.3753,1.34423
140,-12.708,7.6043,1.05276
140,-13.1418,7.20914,1.54685
140,-13.0486,7.09418,1.15688
140,-13.3151,6.49518,0.955235
140,-13.1947,7.4083,1.93712
140,-12.8186,6.91087,0.329722
140,-13.3529,7.06823,1.83924
140,-12.4829,7.8651,0.848205
140,-12.988,7.42733,1.44904
140,-13.2602,7.16137,1.7325
140,-13.356,7.10833,1.88329
140,-13.2106,7.20507,1.66702
140,-12.4809,7.88531,0.849986
140,-13.0374,7.14509,1.14849
140,-13.003,7.41664,1.43889
140,-14.7418,4.79842,1.94782
140,-12.8856,7.43693,1.15511
140,-14.7611,4.70343,1.85608
140,-13.1338,7.49212,1.81924
140,-13.1263,6.75182,0.741508
140,-12.4911,7.91737,0.836819
140,-13.0536,7.52913,1.64429
140,-13.2676,6.36612,0.531478
140,-13.1233,7.52977,1.78379
140,-13.0505,7.56642,1.64513
140,-12.5168,7.90949,0.806665
140,-13.0704,7.58801,1.64462
140,-13.5034,6.96528,1.81866
140,-13.2532,7.17786,1.5026
140,-13.4896,7.01704,1.82359
140,-13.3725,7.09358,1.631
140,-13.2136,6.85337,0.903912
140,-13.4819,7.04898,1.82378
140,-13.5059,6.99507,1.79832
140,-13.2324,6.85092,0.918043
140,-13.1997,6.86063,0.82968
140,-13.2922,6.52931,0.586736
140,-13.1721,7.24006,1.27591
140,-13.2476,7.17932,1.35914
140,-13.5131,7.04758,1.7953
140,-14.7527,4.68838,1.46774
140,-13.5456,6.98206,1.69369
140,-13.2704,7.19677,1.32756
140,-13.265,6.64232,0.518377
140,-13.1694,6.62254,0.244859
140,-13.3041,7.21731,1.37158
140,-13.1789,6.64247,0.228445
140,-13.3064,7.04772,1.095
140,-12.7554,7.34288,0.166164
140,-12.751,7.35026,0.164566
140,-12.822,7.84963,1.01621
140,-13.187,6.65606,0.218925
140,-13.3689,7.08008,1.10786
140,-13.3852,7.09227,1.09913
140,-13.4672,6.88532,0.974357
140,-13.4465,6.99752,1.03775
140,-13.6948,7.32996,2.06478
140,-14.9933,4.56002,1.31368
140,-12.585,8.39309,0.860477
140,-13.463,6.99607,1.02332
140,-13.625,7.46947,2.06078
140,-13.4721,7.10941,1.09597
140,-12.6374,8.40749,0.845206
140,-13.7959,7.67609,2.03788
140,-13.8088,6.93833,0.994428
140,-13.8347,6.94669,1.01696
140,-13.8821,6.99066,1.12478
140,-13.1741,8.22009,1.12073
140,-14.3613,6.63614,1.7618
140,-14.3806,6.63837,1.75851
140,-14.3448,6.95139,2.09536
140,-14.3828,6.69743,1.82855
140,-14.3864,6.72801,1.82662
140,-14.4072,6.97555,2.16891
140,-13.1399,8.9221,1.79179
140,-14.4189,6.68355,1.74637
140,-13.1499,8.95665,1.79638
140,-13.2899,8.78184,1.83106
140,-14.5405,6.56039,1.71786
140,-13.1876,9.00874,1.79705
140,-13.1704,8.92884,1.64307
140,-12.9589,8.96327,1.16175
140,-14.5709,6.46317,1.53707
140,-14.4699,6.61913,1.50544
140,-14.4691,6.62279,1.49852
140,-13.3214,8.84833,1.8248
140,-14.5555,6.54468,1.57962
140,-13.0186,9.04585,1.34366
140,-13.2873,8.83877,1.69919
140,-14.0121,7.12633,1.05198
140,-14.4993,6.53824,1.40577
140,-13.1293,8.65031,1.05138
140,-14.485,6.63295,1.49477
140,-14.5743,6.50585,1.50265
140,-14.6236,6.52298,1.63544
140,-14.6781,6.58211,1.83854
140,-14.5529,6.54626,1.4782
140,-14.5765,6.47485,1.42275
140,-13.2099,9.02691,1.62403
140,-14.617,6.49625,1.40759
140,-14.6146,6.51834,1.40966
140,-13.0587,9.15565,1.32171
140,-14.5163,6.62858,1.30469
140,-13.0504,9.0636,1.15784
140,-14.7371,6.64154,1.84203
140,-13.0703,9.0615,1.16299
140,-14.5493,6.60818,1.29829
140,-14.5316,6.71966,1.40609
140,-14.5368,6.67948,1.35761
140,-14.5511,6.68353,1.36099
140,-14.5444,6.73288,1.39294
140,-13.1538,8.82063,0.921929
140,-14.6763,6.53103,1.39015
140,-14.4949,6.77683,1.28897
140,-15.3731,4.53629,0.244186
140,-14.8145,6.57295,1.7021
140,-14.8509,6.51846,1.61756
140,-14.5379,6.81033,1.26854
140,-14.2933,6.91402,0.767203
140,-14.4449,6.69479,0.800586
140,-14.4604,6.69847,0.786261
140,-14.4644,6.69457,0.788492
140,-15.5107,4.52887,0.167748
140,-13.2207,9.05547,0.956513
140,-14.9394,6.56247,1.60537
140,-14.5173,6.58346,0.609485
140,-12.816,8.70897,-0.561604
140,-13.8074,8.76182,1.74303
140,-14.9622,6.51166,1.38048
140,-14.5581,6.71034,0.626747
140,-14.1586,7.72564,0.942264
140,-14.4544,7.03081,0.675713
140,-13.855,8.82691,1.74068
140,-13.6271,8.81089,1.13254
140,-13.869,8.85702,1.73735
140,-13.8766,8.86909,1.73549
140,-13.6439,8.85288,1.13222
140,-14.0118,8.71994,1.75194
140,-14.5119,7.07734,0.650523
140,-13.6745,8.88252,1.1118
140,-13.5859,9.02155,1.03325
140,-14.5477,7.10538,0.656223
140,-14.1507,8.87647,2.0958
140,-14.1499,8.88037,2.09136
140,-14.2125,8.8792,2.16706
140,-14.1777,8.90623,2.09328
140,-14.5682,6.9546,0.287312
140,-14.2112,8.9213,2.14686
140,-14.3022,8.88505,2.07369
140,-14.4604,8.75499,2.02276
140,-14.4843,8.77563,2.02224
140,-14.8191,8.2848,0.612376
140,-17.4082,5.12841,2.37074
140,-14.8024,8.37165,0.591964
140,-17.5836,4.99399,2.56387
140,-15.013,8.47542,0.50341
140,-15.0447,8.51203,0.491694
140,-15.0539,8.50518,0.495794
140,-17.3124,5.91646,2.20329
140,-15.2225,8.51315,0.509649
140,-17.5567,3.95627,-0.551373
140,-17.0259,6.98654,2.3944
140,-15.4454,8.79593,0.784435
140,-17.2074,6.8907,2.3657
140,-17.2085,7.03438,2.32821
140,-17.2971,7.06572,2.34484
140,-17.3214,7.08545,2.37439
140,-15.913,8.45633,-0.111396
140,-17.4322,7.62006,2.21491
140,-17.6443,4.27355,-2.09441
140,-17.0294,8.56343,2.40425
140,-16.9704,8.76774,2.33751
140,-13.445,5.51953,1.74518
139,-13.445,5.51953,1.74518
140,-12.917,7.18392,0.789257
139,-12.917,7.18392,0.789257
140,-17.053,6.33044,2.21361
139,-17.053,6.33044,2.21361
140,-18.966,8.54136,2.66025
139,-18.966,8.54136,2.66025
140,-13.7368,7.60347,2.04292
139,-13.7368,7.60347,2.04292
140,-14.2256,8.87792,2.1351
139,-14.2256,8.87792,2.1351
140,-13.7517,5.12442,1.00555
139,-13.7517,5.12442,1.00555
140,-15.7424,5.54929,2.23836
139,-15.7424,5.54929,2.23836
140,-13.0757,4.98832,0.875091
139,-13.0757,4.98832,0.875091
140,-13.1604,6.34161,0.278876
139,-13.1604,6.34161,0.278876
140,-13.3853,5.57116,1.3685
139,-13.3853,5.57116,1.3685
140,-13.4276,5.88028,0.994066
139,-13.4276,5.88028,0.994066
140,-13.6685,7.51035,2.05481
139,-13.6685,7.51035,2.05481
140,-12.5506,7.20106,0.417834
139,-12.5506,7.20106,0.417834
140,-13.1909,7.35646,1.55803
139,-13.1909,7.35646,1.55803
140,-16.4827,9.41545,0.37391
139,-16.4827,9.41545,0.37391
140,-13.1387,5.57697,1.38573
139,-13.1387,5.57697,1.38573
140,-13.2663,6.59946,0.534849
139,-13.2663,6.59946,0.534849
140,-14.5303,6.53681,1.74058
139,-14.5303,6.53681,1.74058
140,-15.58,12.4202,2.17917
139,-15.58,12.4202,2.17917
140,-13.2643,4.99276,0.967226
139,-13.2643,4.99276,0.967226
140,-13.0191,6.0418,0.595203
139,-13.0191,6.0418,0.595203
140,-13.0346,5.94113,0.981366
139,-13.0346,5.94113,0.981366
140,-13.2057,5.63467,1.41538
139,-13.2057,5.63467,1.41538
140,-14.2367,6.94223,-0.210445
139,-14.2367,6.94223,-0.210445
140,-14.2616,6.65218,1.76738
138,-14.2616,6.65218,1.76738
140,-13.4614,5.31835,1.67268
138,-13.4614,5.31835,1.67268
140,-21.2684,13.9614,2.39868
138,-21.2684,13.9614,2.39868
140,-13.369,6.89708,0.948935
138,-13.369,6.89708,0.948935
140,-18.2908,8.66154,3.23568
138,-18.2908,8.66154,3.23568
140,-13.8063,5.22586,1.12495
138,-13.8063,5.22586,1.12495
140,-18.7573,8.96078,3.2965
138,-18.7573,8.96078,3.2965
140,-14.7208,5.0683,1.37616
138,-14.7208,5.0683,1.37616
140,-13.1251,7.17252,1.56279
138,-13.1251,7.17252,1.56279
140,-14.5555,4.52622,1.48353
138,-14.5555,4.52622,1.48353
140,-13.1022,7.40288,1.05995
138,-13.1022,7.40288,1.05995
140,-13.1184,5.44136,1.16277
138,-13.1184,5.44136,1.16277
140,-20.3753,13.1518,2.83673
137,-20.3753,13.1518,2.83673
140,-25.733,8.06749,2.80362
137,-25.733,8.06749,2.80362
140,-19.5079,12.0175,2.40703
137,-19.5079,12.0175,2.40703
140,-14.9851,4.68837,1.4225
137,-14.9851,4.68837,1.4225
140,-14.4274,6.9457,2.14092
136,-14.4274,6.9457,2.14092
140,-17.3108,7.07459,2.34882
136,-17.3108,7.07459,2.34882
140,-16.8184,10.9391,2.29719
136,-16.8184,10.9391,2.29719
140,-17.0171,6.64455,2.22006
136,-17.0171,6.64455,2.22006
140,-17.85,10.391,2.37157
136,-17.85,10.391,2.37157
140,-13.3396,5.28599,1.70384
136,-13.3396,5.28599,1.70384
140,-16.7621,12.3811,2.34828
134,-16.7621,12.3811,2.34828
140,-16.9431,10.562,2.34629
134,-16.9431,10.562,2.34629
140,-16.8318,10.4037,2.34841
134,-16.8318,10.4037,2.34841
140,-22.173,12.7356,2.11646
130,-22.173,12.7356,2.11646
140,-21.179,11.7259,-0.612854
129,-21.179,11.7259,-0.612854
140,-18.8227,8.97966,2.72548
129,-18.8227,8.97966,2.72548
140,-33.9372,5.47302,3.7166
127,-33.9372,5.47302,3.7166
141,-11.7967,5.18163,2.4307
141,-13.0786,5.37502,2.37953
141,-13.0806,5.37436,2.37672
141,-12.7308,5.46997,1.06262
141,-12.7419,5.43152,0.982667
141,-12.7428,5.48358,0.917131
141,-12.7459,5.48281,0.916072
141,-12.7522,5.50493,0.928016
141,-12.7225,5.57535,0.894979
141,-12.7487,5.55767,0.917032
141,-12.9357,5.25155,0.947906
141,-12.8702,5.37811,0.944089
141,-13.0595,5.14402,0.958144
141,-13.2028,5.36477,1.46061
141,-13.2945,5.28464,1.5714
141,-13.2797,5.32223,1.58294
141,-13.3465,5.32673,1.71513
141,-13.2883,5.33676,1.58169
141,-13.3316,5.40067,1.74705
141,-13.4297,5.2763,1.79708
141,-13.3271,5.4335,1.76294
141,-13.471,5.23563,1.80851
141,-13.4494,5.27728,1.79757
141,-13.1455,5.51026,1.3745
141,-13.1062,5.44322,1.15465
141,-13.2795,5.36904,1.41792
141,-13.1204,5.45797,1.14924
141,-13.1746,5.51541,1.36086
141,-13.1194,5.45458,1.12162
141,-13.2676,5.56003,1.61002
141,-13.1271,5.45568,1.11673
141,-13.1333,5.48976,1.14151
141,-12.803,5.82617,0.800898
141,-13.2033,5.52542,1.34162
141,-13.6181,5.19622,1.84808
141,-13.2176,5.50353,1.28877
141,-13.2258,5.53262,1.33924
141,-13.2326,5.49243,1.28982
141,-13.1883,5.67175,1.34491
141,-13.3165,5.64063,1.60778
141,-13.1905,5.67481,1.34319
141,-13.3261,5.39781,1.2824
141,-13.3565,5.23068,1.12052
141,-13.3344,5.39774,1.29468
141,-13.3537,5.4026,1.2649
141,-13.2587,5.699,1.43959
141,-13.2647,5.71448,1.4442
141,-13.5413,5.204,1.35824
141,-12.6695,6.42185,0.863296
141,-12.6896,6.39264,0.866404
141,-12.6698,6.42759,0.863187
141,-13.008,5.84851,0.853524
141,-13.0207,5.85824,0.860329
141,-13.2119,5.73104,1.13712
141,-12.7212,6.39132,0.841019
141,-13.0361,5.86245,0.85447
141,-13.0025,5.8886,0.804029
141,-13.0472,5.8576,0.823227
141,-13.5147,5.74083,1.79185
141,-13.0516,5.86286,0.821691
141,-13.5096,5.7623,1.73865
141,-13.3374,5.82799,1.33545
141,-13.9648,5.3523,2.10939
141,-13.3422,5.85526,1.19353
141,-13.1347,5.98058,0.850701
141,-13.1338,6.01199,0.866951
141,-12.4949,7.22636,0.950134
141,-12.5196,7.3608,1.08363
141,-12.4849,7.24781,0.803077
141,-12.4906,7.28195,0.780294
141,-12.4944,7.36501,0.888694
141,-12.7574,6.95123,0.945964
141,-12.53,7.39628,0.951713
141,-12.538,7.28618,0.810754
141,-12.9774,7.10809,1.63266
141,-12.5347,7.29855,0.80717
141,-12.5446,7.28306,0.802959
141,-12.4947,7.44807,0.903428
141,-12.5054,7.43995,0.914297
141,-13.3316,6.03602,0.974823
141,-12.531,7.32074,0.780777
141,-12.7328,6.9473,0.750272
141,-12.5432,7.32036,0.799062
141,-12.5161,7.44295,0.90213
141,-12.717,7.09613,0.904642
141,-12.4914,7.38356,0.746115
141,-12.7153,7.12237,0.906581
141,-12.4963,7.49622,0.860608
141,-12.7788,6.92024,0.740966
141,-13.0223,7.14503,1.60779
141,-13.7032,5.87377,1.50365
141,-13.0886,7.10513,1.70913
141,-13.1009,7.11227,1.70243
141,-12.5193,7.54565,0.869812
141,-13.0879,7.13929,1.69257
141,-13.3931,6.06501,0.930691
141,-13.2836,6.38349,1.07718
141,-13.197,7.02771,1.75764
141,-12.9438,6.76678,0.762357
141,-13.1016,7.16285,1.69286
141,-12.9444,6.76947,0.761162
141,-12.9395,6.77601,0.750183
141,-14.0724,5.06711,1.1412
141,-14.0814,5.05307,1.11989
141,-13.3013,6.3909,1.07111
141,-13.1404,7.12156,1.68869
141,-13.1181,7.1701,1.70093
141,-13.1389,7.14002,1.69494
141,-14.082,5.08558,1.13706
141,-13.3978,6.2729,1.11262
141,-13.396,6.28805,1.12886
141,-13.4038,6.26137,1.11073
141,-13.2194,7.06596,1.76513
141,-13.1183,7.21219,1.71771
141,-13.4048,6.27268,1.10942
141,-13.4159,6.25784,1.10795
141,-13.1177,7.22074,1.71535
141,-13.089,7.31219,1.77161
141,-13.3169,6.405,1.06714
141,-12.6931,7.45269,0.965052
141,-13.2,6.49426,0.870067
141,-12.6006,7.36147,0.603979
141,-12.8461,7.35274,1.18272
141,-13.1175,7.28017,1.73571
141,-12.6052,7.36811,0.591308
141,-12.7499,7.36438,0.933257
141,-13.0234,6.76026,0.749909
141,-12.8206,7.36384,1.09112
141,-13.3653,6.43478,1.1291
141,-13.1286,7.2961,1.72869
141,-13.3258,7.0309,1.83752
141,-13.3494,6.46334,1.10667
141,-13.0306,6.76541,0.745474
141,-12.612,7.38798,0.581199
141,-12.8283,7.37731,1.0843
141,-13.3727,6.45173,1.11654
141,-13.2271,7.27134,1.8787
141,-13.5104,6.1568,1.00103
141,-13.3418,7.03611,1.80894
141,-13.3427,7.03973,1.81377
141,-13.1759,7.05106,1.41358
141,-13.3457,7.06391,1.84452
141,-13.3962,6.95326,1.78839
141,-12.871,7.42843,1.1627
141,-13.4014,6.46826,1.10295
141,-12.9307,7.37273,1.18774
141,-12.9315,7.37051,1.18494
141,-12.7477,7.5262,0.916771
141,-12.9757,7.4952,1.42631
141,-13.0733,7.27199,1.32809
141,-12.9834,7.50242,1.41431
141,-13.1377,6.75814,0.727862
141,-13.0309,7.23125,1.11925
141,-12.7566,7.11099,0.253422
141,-12.9224,6.87422,0.293979
141,-13.4829,6.97693,1.78262
141,-13.1724,7.18475,1.30638
141,-12.6757,7.29207,0.243424
141,-12.6154,7.42988,0.277059
141,-13.1628,7.19746,1.28573
141,-12.6197,7.43634,0.274363
141,-13.0437,7.45649,1.30683
141,-12.9728,7.60554,1.29242
141,-13.2051,7.57097,1.78367
141,-12.937,7.60686,1.15654
141,-13.2971,6.89627,1.04205
141,-12.985,7.62117,1.2865
141,-12.43,8.29026,0.857335
141,-13.2402,7.0317,1.06884
141,-13.3436,6.42141,0.471025
141,-13.0724,7.49405,1.29405
141,-13.3097,6.51261,0.488555
141,-12.4659,8.26998,0.85435
141,-13.3555,7.53974,1.96052
141,-13.5182,7.00968,1.57639
141,-14.6734,4.92323,1.49173
141,-13.1677,6.65799,0.198077
141,-12.7836,7.80831,0.847346
141,-12.9994,7.68244,1.13351
141,-12.988,7.69455,1.11723
141,-14.7209,4.91598,1.47958
141,-13.3732,6.59731,0.513867
141,-14.7993,4.78037,1.44846
141,-12.4879,8.44617,0.780596
141,-13.4338,7.68266,1.93157
141,-13.4258,7.08196,1.07536
141,-13.4415,7.70382,1.9335
141,-13.0446,7.86736,1.10194
141,-14.7271,5.0567,1.29991
141,-12.6525,8.39944,0.848224
141,-13.6145,7.10609,1.10067
141,-13.9876,7.12867,2.02817
141,-14.1144,6.7229,1.76502
141,-13.8373,7.45557,2.03487
141,-13.7852,6.9259,1.16698
141,-13.7955,6.90987,1.16597
141,-12.8337,8.46667,0.977283
141,-14.0371,7.1376,2.02937
141,-13.8075,6.91844,1.16115
141,-13.8101,6.92737,1.1587
141,-13.1354,8.10027,1.13472
141,-13.0836,8.18474,1.09883
141,-13.1261,8.14389,1.14059
141,-13.8211,6.92519,1.14334
141,-13.14,8.65048,1.86008
141,-14.061,7.17074,2.02132
141,-14.2082,6.71948,1.7532
141,-14.3152,6.65256,1.83729
141,-13.1802,8.64942,1.83715
141,-14.86,4.7495,0.520028
141,-13.8163,6.9369,0.963809
141,-12.9586,8.82794,1.44241
141,-13.1012,8.79643,1.67163
141,-12.9935,8.52813,0.979252
141,-13.0193,9.23317,1.95108
141,-12.9618,8.96973,1.42488
141,-14.3824,6.98646,2.09957
141,-14.5085,6.6293,1.9112
141,-13.0817,8.54604,1.07535
141,-13.108,8.76025,1.42052
141,-14.5147,6.538,1.72304
141,-13.2929,8.1891,1.01445
141,-13.7159,6.90811,0.21386
141,-14.4639,7.00554,2.16139
141,-13.1681,8.91541,1.64597
141,-14.5208,6.46343,1.42098
141,-13.1329,8.62989,1.03882
141,-13.0208,9.04696,1.33266
141,-14.5942,6.51245,1.62848
141,-14.525,6.53617,1.4767
141,-14.5465,6.62213,1.62022
141,-14.5019,6.54817,1.39759
141,-13.0327,9.15616,1.43041
141,-14.6325,6.52096,1.63721
141,-12.9941,9.04702,1.12284
141,-13.0373,9.20045,1.41462
141,-14.5739,6.50087,1.40931
141,-14.5915,6.4826,1.41342
141,-14.6532,6.82771,2.03427
141,-14.6391,6.48677,1.52619
141,-14.5949,6.6387,1.60891
141,-14.6799,6.608,1.72412
141,-14.613,6.64791,1.59576
141,-14.6161,6.50879,1.39765
141,-14.6345,6.54068,1.47818
141,-14.7287,6.61655,1.80972
141,-14.7055,6.58093,1.69984
141,-14.6628,6.4406,1.35693
141,-14.7018,6.63294,1.70997
141,-13.6647,8.56215,1.77604
141,-14.5397,6.61496,1.20655
141,-14.553,6.62296,1.23946
141,-14.5654,6.63486,1.25072
141,-13.8111,8.44547,1.78458
141,-14.4475,7.07708,1.37207
141,-14.4898,7.1074,1.3601
141,-14.5706,6.55462,0.658461
141,-14.8897,6.50047,1.34707
141,-14.57,7.15191,1.32888
141,-13.6042,8.73715,1.15306
141,-12.9415,8.68482,-0.576105
141,-13.6119,8.76683,1.14842
141,-14.6762,6.95542,1.08971
141,-13.4747,9.05552,1.0671
141,-13.4876,9.08149,1.05892
141,-13.6553,8.86626,1.12065
141,-13.6677,8.8464,1.12222
141,-14.6693,6.76046,0.565094
141,-14.7302,6.80218,0.527189
141,-14.3617,8.60156,2.05135
141,-14.3883,8.66794,2.02125
141,-14.2427,8.98694,2.08662
141,-14.8038,6.86037,0.49864
141,-14.242,8.99136,2.06719
141,-14.8946,7.41636,1.20081
141,-13.8539,9.14102,1.02005
141,-17.618,4.98308,2.55757
141,-17.8927,4.42313,2.34993
141,-17.4413,5.2908,2.34545
141,-17.7286,4.98501,2.56389
141,-17.6201,5.16166,2.36071
141,-15.5322,8.48567,0.494407
141,-15.5933,8.53997,0.463016
141,-17.4722,7.31779,2.21864
141,-17.4851,7.32691,2.21563
141,-16.4017,8.71191,0.583914
141,-13.4491,7.07786,1.73847
140,-13.4491,7.07786,1.73847
141,-12.7387,5.46664,0.976606
140,-12.7387,5.46664,0.976606
141,-13.7115,5.51044,1.40107
140,-13.7115,5.51044,1.40107
141,-13.4042,6.81734,1.01384
140,-13.4042,6.81734,1.01384
141,-12.7413,5.52282,0.906057
140,-12.7413,5.52282,0.906057
141,-13.5523,5.28805,1.76794
140,-13.5523,5.28805,1.76794
141,-12.8913,5.78631,0.980026
140,-12.8913,5.78631,0.980026
141,-12.9151,7.14524,0.794588
140,-12.9151,7.14524,0.794588
141,-13.355,5.33647,1.71473
140,-13.355,5.33647,1.71473
141,-13.1937,5.49519,1.45591
140,-13.1937,5.49519,1.45591
141,-18.7374,11.1471,2.14844
140,-18.7374,11.1471,2.14844
141,-13.2854,8.96875,1.66437
140,-13.2854,8.96875,1.66437
141,-13.1078,5.32309,1.8162
140,-13.1078,5.32309,1.8162
141,-14.6234,6.55761,1.46668
140,-14.6234,6.55761,1.46668
141,-16.1132,14.6659,2.45757
140,-16.1132,14.6659,2.45757
141,-13.504,5.60939,1.51946
140,-13.504,5.60939,1.51946
141,-13.51,5.78537,1.77669
140,-13.51,5.78537,1.77669
141,-13.7363,5.09847,1.89795
140,-13.7363,5.09847,1.89795
141,-13.0415,5.82225,2.06407
140,-13.0415,5.82225,2.06407
141,-18.5335,11.9475,2.38596
140,-18.5335,11.9475,2.38596
141,-15.0971,4.53502,1.30639
140,-15.0971,4.53502,1.30639
141,-13.4673,5.81272,1.69409
140,-13.4673,5.81272,1.69409
141,-13.4694,5.75637,1.28169
140,-13.4694,5.75637,1.28169
141,-12.7896,6.43603,0.785219
140,-12.7896,6.43603,0.785219
141,-13.2172,6.97315,1.07209
139,-13.2172,6.97315,1.07209
141,-17.3056,5.91586,2.20119
139,-17.3056,5.91586,2.20119
141,-14.3175,6.64144,1.84484
139,-14.3175,6.64144,1.84484
141,-13.1146,6.64693,0.432395
139,-13.1146,6.64693,0.432395
141,-16.3603,14.0041,2.49819
139,-16.3603,14.0041,2.49819
141,-17.8794,3.73136,-2.15254
139,-17.8794,3.73136,-2.15254
141,-13.0434,7.69231,1.30563
139,-13.0434,7.69231,1.30563
141,-13.0048,7.61967,1.3266
139,-13.0048,7.61967,1.3266
141,-14.592,6.80364,2.04274
139,-14.592,6.80364,2.04274
141,-14.4378,6.59799,1.8141
138,-14.4378,6.59799,1.8141
141,-22.7878,7.30965,2.67466
138,-22.7878,7.30965,2.67466
141,-13.534,7.02914,1.83539
138,-13.534,7.02914,1.83539
141,-13.1252,7.26222,1.57032
138,-13.1252,7.26222,1.57032
141,-18.2408,6.98976,2.21228
138,-18.2408,6.98976,2.21228
141,-12.8999,5.39068,1.01713
138,-12.8999,5.39068,1.01713
141,-13.4157,6.8745,1.85279
138,-13.4157,6.8745,1.85279
141,-17.6938,5.0529,2.36076
138,-17.6938,5.0529,2.36076
141,-13.8233,5.11402,0.881381
138,-13.8233,5.11402,0.881381
141,-16.6332,7.78347,2.23431
137,-16.6332,7.78347,2.23431
141,-18.8473,8.43147,3.04959
137,-18.8473,8.43147,3.04959
141,-13.2356,6.89595,0.992156
137,-13.2356,6.89595,0.992156
141,-13.7556,7.0173,2.06174
136,-13.7556,7.0173,2.06174
141,-16.891,10.5528,3.38818
136,-16.891,10.5528,3.38818
141,-18.6714,8.96812,2.3776
135,-18.6714,8.96812,2.3776
141,-16.7666,10.5298,2.38406
135,-16.7666,10.5298,2.38406
141,-18.6411,8.94344,2.38601
135,-18.6411,8.94344,2.38601
141,-13.6902,5.59385,2.37639
134,-13.6902,5.59385,2.37639
141,-16.9919,9.40079,2.2866
134,-16.9919,9.40079,2.2866
141,-18.7446,8.97499,2.35842
130,-18.7446,8.97499,2.35842
142,-12.2846,5.30829,1.43441
142,-12.743,5.39198,1.06707
142,-12.7456,5.43245,1.06806
142,-12.7302,5.46672,0.979858
142,-12.7723,5.48189,1.09395
142,-12.7068,5.46828,0.9019
142,-12.7902,5.48792,1.08036
142,-12.8187,5.37867,0.988882
142,-12.7335,5.58937,0.895237
142,-12.7608,5.56427,0.895241
142,-12.6939,5.88959,0.894953
142,-13.155,5.29037,1.18209
142,-13.165,5.51148,1.46239
142,-12.7187,5.86651,0.874713
142,-13.3359,5.50506,1.77963
142,-13.3418,5.49989,1.77626
142,-13.1746,5.58501,1.46521
142,-13.1698,5.59997,1.46483
142,-12.7725,5.83666,0.830829
142,-12.9024,5.69327,0.905678
142,-13.1951,5.5942,1.45234
142,-13.2286,5.41594,1.30114
142,-13.4342,5.37629,1.7023
142,-13.134,5.52962,1.13769
142,-13.1893,5.56222,1.3003
142,-13.3259,5.39381,1.39593
142,-13.3977,5.4111,1.55447
142,-13.2013,5.5677,1.29618
142,-13.2047,5.56207,1.29265
142,-13.3403,5.3917,1.39166
142,-13.2056,5.5674,1.29417
142,-13.1946,5.64999,1.35618
142,-13.1606,5.53922,1.11363
142,-13.1568,5.55504,1.11988
142,-12.9389,5.82767,0.957125
142,-13.4272,5.40653,1.54437
142,-13.2251,5.57029,1.27865
142,-12.9453,5.8239,0.94465
142,-13.4035,5.15111,1.15412
142,-13.2609,5.74296,1.45365
142,-13.7196,5.20272,1.82682
142,-13.1909,5.66224,1.12402
142,-13.3626,5.4364,1.22368
142,-13.7665,5.20741,1.81674
142,-13.2183,5.69586,1.11212
142,-13.4192,5.81045,1.61176
142,-13.6253,5.66401,1.89579
142,-13.5568,5.75857,1.83698
142,-13.2673,5.75301,1.11477
142,-13.3573,5.86726,1.24778
142,-13.3716,5.88469,1.242
142,-12.5038,7.25482,0.948518
142,-12.8027,6.5078,0.693952
142,-12.4947,7.2715,0.936088
142,-12.5028,7.36755,1.07109
142,-12.4988,7.3731,1.06048
142,-13.7522,4.90051,0.858884
142,-13.3882,5.84455,1.17756
142,-13.3487,5.8483,1.0874
142,-12.5063,7.3823,1.05653
142,-12.5041,7.2916,0.918763
142,-12.5318,7.30172,0.967518
142,-13.3855,5.89872,1.1755
142,-13.4069,5.85568,1.16776
142,-13.2342,6.04792,0.990081
142,-13.4102,5.8559,1.13714
142,-13.405,5.90875,1.18073
142,-12.4715,7.33995,0.774559
142,-12.4603,7.45213,0.881495
142,-12.583,7.37434,1.05858
142,-12.5812,7.38282,1.05135
142,-12.5828,7.39164,1.03999
142,-12.484,7.46723,0.906073
142,-12.536,7.28529,0.780177
142,-13.4248,5.93102,1.10148
142,-12.6006,7.39875,1.03167
142,-12.6435,7.10715,0.741488
142,-12.6033,7.41081,1.02878
142,-12.5166,7.47852,0.887339
142,-12.5634,7.31576,0.764566
142,-12.5273,7.48035,0.880655
142,-12.5256,7.51661,0.922301
142,-12.7964,7.00715,0.900695
142,-12.5177,7.54517,0.873593
142,-12.645,7.19671,0.72269
142,-12.6395,7.39123,0.92307
142,-12.7057,7.32417,0.952755
142,-12.7113,7.32391,0.949884
142,-12.6608,7.2294,0.684188
142,-12.8675,6.89112,0.717963
142,-12.9046,6.84746,0.725967
142,-13.438,6.12053,1.03823
142,-12.6745,7.2486,0.681703
142,-12.788,7.04379,0.681637
142,-13.4407,6.12574,1.03543
142,-12.8818,6.91692,0.694129
142,-12.8308,7.34089,1.10714
142,-13.3421,6.40096,1.11104
142,-13.3434,6.39865,1.10815
142,-13.0906,7.42447,1.78899
142,-13.1467,7.46663,1.96585
142,-13.4284,6.27312,1.11243
142,-13.4586,6.14859,1.0252
142,-13.4169,6.31342,1.12217
142,-12.8818,7.31693,1.12586
142,-13.0437,6.84312,0.891952
142,-12.8908,7.31222,1.12459
142,-12.4809,7.85693,0.841069
142,-12.8735,7.40255,1.1605
142,-12.9846,7.1965,1.14733
142,-13.5413,6.11286,1.05754
142,-13.1236,7.28846,1.56098
142,-13.124,7.11382,1.32178
142,-13.0775,6.87449,0.867121
142,-13.3832,7.0646,1.79913
142,-13.3812,7.06671,1.79642
142,-12.4539,8.03891,0.849126
142,-12.9869,7.54413,1.41916
142,-13.4699,7.00347,1.85815
142,-14.6998,4.70748,1.81844
142,-13.472,7.01221,1.85676
142,-12.8586,6.91431,0.302886
142,-13.1654,7.14555,1.29992
142,-12.7446,7.67907,0.992338
142,-13.1749,7.147,1.3106
142,-13.1418,7.57804,1.7723
142,-13.1654,7.02723,1.12564
142,-12.9441,7.41235,1.09366
142,-12.7579,7.68217,0.990746
142,-13.4939,7.00657,1.84401
142,-12.7137,7.72318,0.928455
142,-12.6154,7.40558,0.289812
142,-12.6116,7.42448,0.30119
142,-12.9957,7.62065,1.41183
142,-14.7081,5.06744,2.16006
142,-13.2024,6.82304,0.876585
142,-12.6176,7.42738,0.279605
142,-13.2523,7.10036,1.33188
142,-12.9761,6.82015,0.317484
142,-13.2614,7.11311,1.32607
142,-13.5461,6.97156,1.80366
142,-12.4447,8.25812,0.866959
142,-12.684,7.2989,0.216019
142,-12.6946,7.29684,0.222016
142,-13.2124,6.84992,0.841005
142,-13.0107,7.64911,1.35715
142,-12.4709,8.25268,0.860457
142,-12.7661,7.78741,0.955359
142,-14.7351,5.09849,2.11515
142,-13.2585,7.19492,1.31948
142,-13.2374,6.84627,0.832158
142,-13.2577,7.03858,1.11981
142,-13.2255,6.86806,0.817805
142,-13.2244,6.38776,0.198661
142,-13.5608,7.05762,1.81229
142,-12.5062,8.19555,0.779534
142,-13.2563,7.20343,1.26873
142,-13.2742,7.05084,1.11621
142,-12.6649,7.47787,0.230117
142,-13.5196,7.01206,1.58694
142,-13.3613,7.10151,1.31223
142,-13.5232,7.02864,1.56568
142,-13.3344,7.03478,1.12927
142,-12.5202,8.30693,0.835809
142,-12.4708,8.37343,0.797395
142,-13.5391,7.03814,1.56722
142,-12.9923,7.6927,1.1139
142,-13.3916,7.62834,1.94388
142,-13.3725,7.01291,1.09639
142,-13.0106,7.68915,1.09474
142,-12.8373,7.25263,0.115759
142,-13.4009,7.06542,1.10518
142,-13.3301,6.70176,0.453168
142,-14.4885,4.79885,0.606517
142,-13.5968,7.26548,1.35454
142,-12.6988,8.50121,0.799362
142,-13.0443,8.22025,1.09103
142,-12.7645,8.51979,0.795013
142,-13.781,6.97244,1.17877
142,-13.8071,6.92849,1.1552
142,-13.0908,8.99922,2.06739
142,-13.8232,6.93557,1.14632
142,-12.9334,8.38681,0.86817
142,-13.1563,8.18866,1.12565
142,-13.8408,6.95051,1.14692
142,-12.6637,9.12198,1.13347
142,-12.9344,8.4289,0.854052
142,-12.945,8.42294,0.85405
142,-12.4837,8.88323,0.350196
142,-13.0027,9.22115,1.9666
142,-13.1267,8.34922,1.10376
142,-12.4972,8.95195,0.310603
142,-14.3513,6.96792,2.10131
142,-12.5024,8.95115,0.301142
142,-13.2033,8.31212,1.09996
142,-13.1596,8.38549,1.08469
142,-12.9519,9.04076,1.36426
142,-13.0239,9.11265,1.61741
142,-14.8619,4.75703,0.390815
142,-14.4393,6.62779,1.69891
142,-13.1978,9.03262,1.77592
142,-14.4716,6.59354,1.63005
142,-13.2311,8.43992,1.06489
142,-14.3581,6.75249,1.55597
142,-14.4836,6.6021,1.61799
142,-14.4951,7.02015,2.15579
142,-14.5482,6.57192,1.69758
142,-13.0069,8.76636,0.869977
142,-14.5361,6.9447,2.08657
142,-13.2643,8.96694,1.66756
142,-14.3763,7.02516,1.70875
142,-14.5285,6.52817,1.37504
142,-14.6321,6.49166,1.52642
142,-13.0498,8.8671,0.832519
142,-14.4978,6.68052,1.36819
142,-14.6031,6.56701,1.46905
142,-14.5708,6.92714,1.78084
142,-13.1035,9.08635,1.08428
142,-13.2521,9.057,1.33748
142,-14.6389,6.93255,1.75908
142,-13.1712,8.91049,0.818855
142,-14.6202,6.60929,1.28244
142,-15.0638,4.57957,-0.279938
142,-14.5752,7.15205,1.703
142,-14.8641,6.48041,1.47889
142,-14.817,6.48661,1.35196
142,-14.6053,7.17184,1.69584
142,-12.6395,8.95549,-0.654177
142,-14.4894,6.70601,0.766571
142,-14.9151,6.44968,1.28687
142,-14.9406,6.47307,1.35229
142,-12.9671,8.63339,-0.537538
142,-13.8526,8.81874,1.72079
142,-15.0066,6.49248,1.34295
142,-14.515,6.90099,0.559176
142,-15.1158,6.55185,1.33751
142,-15.8346,4.40083,0.186342
142,-14.1846,8.96704,2.08226
142,-14.2043,8.93375,2.08273
142,-14.2618,8.91009,2.11808
142,-14.2208,8.75655,1.7665
142,-14.3881,6.80181,-0.368002
142,-14.2565,8.78928,1.75885
142,-14.4595,8.75266,2.01635
142,-13.7129,9.28336,0.929482
142,-16.7652,6.10448,2.23084
142,-17.5276,4.98039,2.56584
142,-17.6542,5.29845,2.33252
142,-17.4244,4.00816,-0.157629
142,-17.211,7.06881,2.93073
142,-15.6701,8.56752,0.418746
142,-15.6687,8.55616,0.383742
142,-17.7802,6.22413,2.19329
142,-17.3769,4.19568,-1.30225
142,-17.4642,6.99747,2.33058
142,-17.746,3.91057,-0.988378
142,-17.469,4.19689,-1.32369
142,-17.7707,3.71243,-1.75984
142,-16.9902,8.79442,2.34372
142,-12.8156,7.38324,1.13406
141,-12.8156,7.38324,1.13406
142,-13.2891,6.07043,0.723399
141,-13.2891,6.07043,0.723399
142,-13.428,5.59325,1.54643
141,-13.428,5.59325,1.54643
142,-16.3046,9.93196,2.34619
141,-16.3046,9.93196,2.34619
142,-16.649,12.3904,2.34996
141,-16.649,12.3904,2.34996
142,-13.0704,7.28403,1.09188
141,-13.0704,7.28403,1.09188
142,-13.6403,7.88924,1.89041
141,-13.6403,7.88924,1.89041
142,-13.1421,5.71677,1.18747
141,-13.1421,5.71677,1.18747
142,-13.3549,5.38205,1.73221
141,-13.3549,5.38205,1.73221
142,-14.6549,6.4985,1.71471
141,-14.6549,6.4985,1.71471
142,-18.642,8.03472,3.03635
141,-18.642,8.03472,3.03635
142,-18.4889,9.28337,2.76762
141,-18.4889,9.28337,2.76762
142,-13.2268,6.76157,1.92334
141,-13.2268,6.76157,1.92334
142,-12.675,7.25052,0.679097
141,-12.675,7.25052,0.679097
142,-13.8362,7.74758,1.9893
141,-13.8362,7.74758,1.9893
142,-13.4158,6.50173,0.474775
141,-13.4158,6.50173,0.474775
142,-13.6631,5.8458,1.73542
141,-13.6631,5.8458,1.73542
142,-13.089,5.45476,1.16847
141,-13.089,5.45476,1.16847
142,-19.5462,13.9587,2.31992
141,-19.5462,13.9587,2.31992
142,-12.9362,8.48168,1.00571
141,-12.9362,8.48168,1.00571
142,-14.7631,4.80968,1.33198
141,-14.7631,4.80968,1.33198
142,-13.3607,9.32221,1.56879
141,-13.3607,9.32221,1.56879
142,-13.1505,7.12205,1.67374
140,-13.1505,7.12205,1.67374
142,-12.6333,7.19655,0.938758
140,-12.6333,7.19655,0.938758
142,-18.6817,8.69839,2.78768
140,-18.6817,8.69839,2.78768
142,-17.3246,7.08095,2.33099
140,-17.3246,7.08095,2.33099
142,-13.5218,5.63467,1.93036
140,-13.5218,5.63467,1.93036
142,-13.2744,5.81009,1.24048
140,-13.2744,5.81009,1.24048
142,-13.5178,5.65041,1.92984
140,-13.5178,5.65041,1.92984
142,-13.4537,5.62756,1.93989
140,-13.4537,5.62756,1.93989
142,-13.3937,5.76084,1.60311
139,-13.3937,5.76084,1.60311
142,-17.2054,6.09845,2.2111
139,-17.2054,6.09845,2.2111
142,-13.3415,6.22956,1.1235
139,-13.3415,6.22956,1.1235
142,-16.4189,13.6735,2.29967
139,-16.4189,13.6735,2.29967
142,-13.3515,5.84284,1.35684
139,-13.3515,5.84284,1.35684
142,-13.3754,5.37043,1.56558
138,-13.3754,5.37043,1.56558
142,-14.3975,7.02241,2.10191
138,-14.3975,7.02241,2.10191
142,-16.2227,13.8391,2.5573
137,-16.2227,13.8391,2.5573
142,-14.2658,8.83593,2.11368
136,-14.2658,8.83593,2.11368
142,-14.0378,5.1823,2.42134
134,-14.0378,5.1823,2.42134
142,-16.8556,10.6104,2.35681
129,-16.8556,10.6104,2.35681
142,-21.3228,10.0857,0.129581
129,-21.3228,10.0857,0.129581
143,-11.0499,5.45355,2.50586
143,-12.8001,5.39864,0.995718
143,-12.7701,5.40186,0.908552
143,-12.7756,5.39464,0.90751
143,-12.6817,5.54096,0.86995
143,-12.724,5.54284,0.935956
143,-12.753,5.48289,0.915215
143,-12.736,5.53732,0.915559
143,-12.7554,5.50872,0.911387
143,-12.9062,5.27662,0.955261
143,-12.8365,5.45345,0.990893
143,-12.7697,5.39257,0.7848
143,-12.7946,5.34495,0.783193
143,-12.7806,5.39089,0.780553
143,-12.7535,5.48621,0.797089
143,-12.8131,5.3455,0.76248
143,-12.7241,5.57795,0.820082
143,-13.1053,5.4731,1.36847
143,-12.7604,5.64468,0.794755
143,-12.7514,5.7703,0.841292
143,-13.409,5.36546,1.71556
143,-12.6976,5.92997,0.895756
143,-12.6773,5.98864,0.876214
143,-13.4373,5.36562,1.70823
143,-13.0773,5.24459,0.863914
143,-13.181,5.09164,0.864993
143,-13.1798,5.08974,0.856562
143,-12.8771,5.78533,0.976605
143,-12.7331,5.96097,0.834575
143,-13.5282,5.30285,1.64879
143,-13.1772,5.46399,1.11951
143,-13.4279,5.40802,1.55654
143,-12.9107,5.80187,0.942308
143,-13.2043,5.65203,1.36311
143,-13.2045,5.67491,1.37574
143,-13.2369,5.70078,1.46462
143,-13.2148,5.64939,1.35643
143,-13.2608,5.35405,1.12138
143,-13.2167,5.6692,1.36142
143,-13.2187,5.4453,1.10435
143,-13.6189,5.70271,1.90717
143,-13.5185,5.78927,1.72416
143,-13.3684,5.81639,1.44545
143,-13.5471,5.80138,1.71724
143,-13.7055,5.19595,1.35799
143,-13.0881,5.98826,0.921803
143,-12.5019,7.3593,1.07498
143,-12.502,7.24438,0.950384
143,-14.099,5.09887,1.84662
143,-12.4773,7.30768,0.920276
143,-13.1875,6.04712,1.00856
143,-13.2432,6.00106,1.06449
143,-13.249,6.00164,1.06288
143,-12.5048,7.34469,0.985916
143,-12.4835,7.39118,0.943998
143,-12.5609,7.36882,1.06334
143,-12.498,7.40684,0.930444
143,-12.5051,7.42553,0.931037
143,-12.4818,7.45585,0.916528
143,-13.4184,5.87325,1.11464
143,-12.4987,7.30851,0.790357
143,-12.481,7.45924,0.912854
143,-12.5323,7.28284,0.789904
143,-12.4794,7.46237,0.870984
143,-13.3766,6.01362,1.08382
143,-13.0484,5.9066,0.314701
143,-13.0556,5.90678,0.305688
143,-12.6798,7.27335,0.988151
143,-13.0565,5.90456,0.30065
143,-13.3918,6.03305,1.0848
143,-13.008,7.28964,1.6182
143,-13.2816,6.13093,0.946036
143,-13.2894,6.1459,0.939149
143,-13.0204,7.30691,1.61435
143,-13.0874,7.35525,1.78712
143,-12.795,6.92473,0.73541
143,-12.6764,7.32601,0.914195
143,-12.685,7.33451,0.906671
143,-12.9275,7.33122,1.36108
143,-12.6933,7.14334,0.695557
143,-13.3355,7.1137,1.92002
143,-12.7002,7.14932,0.692228
143,-13.3477,7.02993,1.84398
143,-12.8529,6.91785,0.720956
143,-13.193,7.20026,1.68765
143,-13.1944,7.17315,1.65934
143,-13.3523,7.0517,1.82268
143,-13.2663,7.14336,1.74283
143,-13.2181,7.19235,1.66667
143,-13.3756,6.35651,1.10118
143,-13.37,6.37563,1.10754
143,-12.4723,7.84272,0.859114
143,-13.1211,7.09789,1.35265
143,-12.8983,7.04209,0.845489
143,-13.4296,6.29791,1.11871
143,-13.6283,6.86828,2.09773
143,-13.4137,6.37743,1.13426
143,-13.1826,7.19801,1.53297
143,-14.645,5.05702,2.18767
143,-13.1552,7.51577,1.79387
143,-12.9951,7.21567,1.1398
143,-13.6039,6.9714,2.0834
143,-12.5007,7.8817,0.84188
143,-14.6731,4.97203,2.07876
143,-13.2102,7.06035,1.36399
143,-13.0867,7.59798,1.64639
143,-13.229,7.06495,1.3595
143,-13.1836,7.57059,1.79032
143,-13.5245,6.97573,1.81187
143,-13.2388,7.08107,1.35307
143,-13.2952,6.48222,0.830912
143,-13.101,7.63027,1.63726
143,-12.9471,7.00403,0.628106
143,-12.6014,7.3682,0.317849
143,-12.6061,7.36853,0.318388
143,-13.2608,7.16643,1.38549
143,-13.0064,7.63584,1.37021
143,-13.0023,7.64539,1.36946
143,-12.6058,7.40948,0.306281
143,-13.2811,6.37056,0.533118
143,-12.6209,7.39436,0.290198
143,-13.1565,6.78109,0.709538
143,-13.3248,7.06664,1.34172
143,-13.0294,7.5981,1.31046
143,-13.2911,6.37133,0.519955
143,-13.3037,7.01286,1.15968
143,-13.2267,6.85265,0.837252
143,-13.5181,7.02511,1.57085
143,-12.8075,7.81675,0.987698
143,-13.3166,7.01022,1.14394
143,-12.7702,7.17911,0.225442
143,-12.7678,7.1732,0.211243
143,-12.7655,7.1881,0.209656
143,-13.5942,7.40388,2.05433
143,-13.0973,6.35807,-0.0336192
143,-13.1061,6.36689,-0.0372674
143,-12.7886,7.19573,0.193241
143,-13.0628,6.80155,0.299242
143,-13.1518,6.60176,0.266504
143,-13.624,7.4319,2.04837
143,-13.827,7.11639,2.04133
143,-13.083,6.63344,-0.0428996
143,-13.1099,6.63218,-0.0774567
143,-13.1081,6.65158,-0.0703256
143,-13.1214,6.64731,-0.0868282
143,-12.6649,8.40303,0.83919
143,-13.1333,6.64111,-0.0853374
143,-12.5923,8.54461,0.830968
143,-12.6826,8.41276,0.838174
143,-12.84,9.03704,1.61663
143,-12.6326,8.63859,0.782535
143,-12.8567,9.22162,1.83182
143,-12.8563,9.24188,1.83586
143,-13.6714,7.24194,1.34374
143,-12.8526,9.05813,1.62042
143,-13.1666,7.94866,1.07503
143,-12.4027,9.09585,0.725697
143,-12.9914,9.19087,1.98951
143,-13.187,7.95229,1.07008
143,-13.6434,7.13121,1.11098
143,-14.1978,6.70509,1.76363
143,-13.7626,6.98697,1.1452
143,-13.7176,7.27892,1.33421
143,-12.8947,9.30928,1.81761
143,-14.2331,6.72698,1.76092
143,-12.9156,8.3841,0.874286
143,-12.9892,9.03099,1.64731
143,-13.0267,9.27109,1.967
143,-12.8027,9.0811,1.31804
143,-12.9424,8.39287,0.869269
143,-12.9447,8.39592,0.869618
143,-13.1081,8.33426,1.11804
143,-13.703,7.16968,1.07092
143,-13.1302,8.32862,1.1309
143,-12.8282,8.97946,1.19468
143,-12.5347,9.0398,0.675253
143,-12.6848,9.21301,1.14638
143,-13.2339,8.09524,1.06211
143,-13.8122,6.93018,0.969428
143,-13.0849,9.04969,1.73499
143,-13.2253,8.25082,1.09595
143,-13.9165,6.98882,1.12721
143,-13.2166,8.32147,1.06252
143,-12.875,9.0712,1.16374
143,-13.4289,6.59399,-0.335186
143,-13.2471,8.29901,1.07322
143,-14.5101,6.62495,1.82148
143,-14.4289,6.80831,1.82431
143,-14.518,6.97184,2.11285
143,-13.3489,8.85284,1.69094
143,-13.0505,9.12705,1.36921
143,-14.4051,6.72713,1.50264
143,-13.1535,8.44238,0.781776
143,-12.8296,9.6406,1.29229
143,-13.219,8.99645,1.36416
143,-14.6932,6.85193,2.02307
143,-14.7727,6.70451,1.92504
143,-14.6835,6.57218,1.57096
143,-14.5855,6.62411,1.36068
143,-12.4016,9.46246,-0.00624847
143,-14.7457,6.58969,1.55538
143,-14.573,6.63802,1.25351
143,-14.4898,6.91803,1.36712
143,-12.5404,8.85254,-0.541165
143,-12.5501,8.87349,-0.539948
143,-13.293,8.89961,0.938974
143,-12.3521,9.22851,-0.584664
143,-13.8381,8.9842,2.07266
143,-14.6611,6.65775,1.22148
143,-12.3388,9.30589,-0.628453
143,-13.8543,8.79702,1.72665
143,-13.896,9.05669,2.06151
143,-13.767,9.30797,2.03987
143,-14.8988,6.40177,1.16936
143,-12.8294,8.67828,-0.555048
143,-14.9049,6.40326,1.16872
143,-12.7119,8.85962,-0.632293
143,-13.5373,8.98658,1.05086
143,-14.1373,8.90181,2.09083
143,-13.5193,9.08027,1.04754
143,-14.9953,6.42179,1.15618
143,-15.037,6.47741,1.29557
143,-12.9148,8.70005,-0.588224
143,-14.989,6.43139,1.1445
143,-13.0565,8.58921,-0.498734
143,-14.5681,6.81801,0.640421
143,-12.9754,8.71062,-0.607856
143,-13.5758,9.17522,1.00632
143,-14.6616,6.78133,0.56825
143,-14.5713,7.08688,0.639582
143,-14.3622,9.03265,2.09427
143,-14.6353,7.13532,0.595102
143,-14.3669,9.19188,2.08262
143,-14.686,7.1616,0.574955
143,-14.6229,8.66008,1.90962
143,-14.6368,8.67347,1.90119
143,-14.8023,7.99388,0.827013
143,-17.1589,5.14129,2.40779
143,-16.4241,7.22289,2.25423
143,-16.0133,8.171,1.32348
143,-15.4904,8.47677,0.521244
143,-17.3269,6.95106,2.34385
143,-16.3634,8.95702,2.31692
143,-17.4012,7.09674,2.35099
143,-16.7924,8.48915,2.39858
143,-16.8669,8.72363,2.37983
143,-16.349,9.67598,2.23621
143,-17.1315,6.78263,0.749334
143,-17.1353,6.74978,0.710678
143,-17.1886,6.78677,0.763721
143,-17.1611,8.71066,2.40142
143,-16.3258,8.53151,0.545832
143,-17.0908,8.83757,2.36032
143,-18.8205,5.52252,2.31491
143,-17.0996,8.8818,2.39426
143,-13.1196,6.01151,0.892105
142,-13.1196,6.01151,0.892105
143,-15.5625,7.72727,1.48618
142,-15.5625,7.72727,1.48618
143,-13.2749,6.97604,2.14045
142,-13.2749,6.97604,2.14045
143,-12.9675,7.62933,1.24975
142,-12.9675,7.62933,1.24975
143,-12.9534,7.61038,1.26013
142,-12.9534,7.61038,1.26013
143,-16.6683,14.4584,2.12752
142,-16.6683,14.4584,2.12752
143,-17.4526,10.0251,2.34597
142,-17.4526,10.0251,2.34597
143,-13.7856,7.7138,1.98825
142,-13.7856,7.7138,1.98825
143,-16.2002,13.6815,2.1523
142,-16.2002,13.6815,2.1523
143,-17.2903,10.8144,2.3571
142,-17.2903,10.8144,2.3571
143,-13.0158,7.69888,1.2185
142,-13.0158,7.69888,1.2185
143,-17.4289,10.927,2.35621
142,-17.4289,10.927,2.35621
143,-13.1393,8.90657,1.66859
142,-13.1393,8.90657,1.66859
143,-15.6751,12.7575,2.18924
142,-15.6751,12.7575,2.18924
143,-13.4037,6.9452,1.88002
142,-13.4037,6.9452,1.88002
143,-12.9541,5.42599,1.26444
142,-12.9541,5.42599,1.26444
143,-13.051,9.22547,1.41223
142,-13.051,9.22547,1.41223
143,-18.6094,8.52538,2.38988
142,-18.6094,8.52538,2.38988
143,-14.0802,7.99935,1.94953
142,-14.0802,7.99935,1.94953
143,-13.1464,7.61221,1.62666
142,-13.1464,7.61221,1.62666
143,-13.8436,5.91521,1.67241
142,-13.8436,5.91521,1.67241
143,-13.8089,7.06154,2.05252
141,-13.8089,7.06154,2.05252
143,-13.145,7.14379,1.70589
141,-13.145,7.14379,1.70589
143,-14.7645,6.82015,0.518587
141,-14.7645,6.82015,0.518587
143,-14.3771,6.61026,1.53431
141,-14.3771,6.61026,1.53431
143,-15.6805,10.1082,0.965573
140,-15.6805,10.1082,0.965573
143,-13.1276,7.34632,1.56134
140,-13.1276,7.34632,1.56134
143,-13.5323,7.01451,1.79676
140,-13.5323,7.01451,1.79676
143,-13.5481,5.46295,1.69881
140,-13.5481,5.46295,1.69881
143,-13.5108,6.91282,0.97498
140,-13.5108,6.91282,0.97498
143,-13.3667,8.81194,1.70259
140,-13.3667,8.81194,1.70259
143,-13.2871,5.72074,1.44613
140,-13.2871,5.72074,1.44613
143,-14.0174,6.75529,1.77199
139,-14.0174,6.75529,1.77199
143,-12.7404,5.53106,0.935364
139,-12.7404,5.53106,0.935364
143,-12.0398,5.45282,1.5157
139,-12.0398,5.45282,1.5157
143,-13.3135,5.36261,1.08673
139,-13.3135,5.36261,1.08673
143,-16.6683,12.4559,2.37685
137,-16.6683,12.4559,2.37685
143,-17.5272,10.307,2.26474
134,-17.5272,10.307,2.26474
143,-19.5154,6.81985,2.39247
134,-19.5154,6.81985,2.39247
143,-17.3834,6.25413,1.69565
127,-17.3834,6.25413,1.69565
143,-17.1219,8.57345,-1.45848
130,-17.1219,8.57345,-1.45848
144,-12.7705,5.41099,1.02765
144,-12.7796,5.44157,1.0431
144,-12.7913,5.44117,1.04176
144,-12.9102,5.2793,0.974857
144,-13.0114,5.11852,0.975764
144,-13.3046,5.39659,1.764
144,-13.3324,5.33234,1.74848
144,-13.4281,5.27705,1.83192
144,-13.4125,5.31246,1.73864
144,-13.2298,5.39803,1.45424
144,-12.7774,5.649,0.778562
144,-12.7812,5.6603,0.772916
144,-13.1883,5.58234,1.47743
144,-13.1216,5.4852,1.16877
144,-13.2215,5.31374,1.14329
144,-13.1886,5.58805,1.3662
144,-13.1402,5.55281,1.14151
144,-12.7474,6.0065,0.822774
144,-13.4318,5.58953,1.54447
144,-13.1911,5.66192,1.12614
144,-13.0189,5.83201,0.850938
144,-13.2597,5.71233,1.09601
144,-13.7203,5.69801,1.90794
144,-13.5481,5.84303,1.56105
144,-12.4941,7.3073,0.987798
144,-13.7386,5.80667,1.8228
144,-12.497,7.31327,0.988454
144,-12.6442,7.06328,0.975387
144,-12.5155,7.32659,0.99785
144,-13.5132,5.87371,1.39187
144,-12.5211,7.33622,0.992835
144,-12.4751,7.30554,0.812141
144,-12.9956,7.13204,1.63448
144,-12.5759,7.37715,1.07153
144,-12.9995,7.17503,1.63714
144,-12.923,7.13209,1.4273
144,-12.5988,7.39282,1.06314
144,-13.0908,7.13134,1.72472
144,-13.2558,6.03799,0.881968
144,-13.2701,6.04361,0.859962
144,-12.5378,7.34783,0.787966
144,-12.7561,6.92257,0.763189
144,-13.1052,7.17437,1.69781
144,-13.1072,7.17272,1.69752
144,-13.2515,6.33707,1.06691
144,-12.5382,7.29504,0.68264
144,-13.113,7.23472,1.73439
144,-13.2228,7.09422,1.76713
144,-13.2174,7.18833,1.84689
144,-13.4554,6.01224,1.06323
144,-13.2904,7.01007,1.78652
144,-13.2458,7.0486,1.73994
144,-12.5406,7.54994,0.8864
144,-13.298,7.04701,1.82753
144,-13.0383,7.35426,1.61579
144,-12.5666,7.3272,0.648729
144,-13.3324,7.04738,1.83972
144,-13.3151,7.02269,1.77341
144,-12.8954,6.82681,0.748842
144,-12.8101,7.37272,1.13922
144,-13.387,6.32891,1.13574
144,-13.116,7.04735,1.3643
144,-12.8302,7.39103,1.12785
144,-12.7724,7.08431,0.67367
144,-13.1612,7.05823,1.38939
144,-13.3727,6.43748,1.14357
144,-13.3772,6.41815,1.12541
144,-13.0334,7.34992,1.43209
144,-12.5639,7.66271,0.826899
144,-12.5678,7.66669,0.837595
144,-13.1574,7.10856,1.39176
144,-13.1332,7.12432,1.35553
144,-13.5035,6.12178,1.00574
144,-12.9459,7.49194,1.34711
144,-13.193,7.06351,1.3764
144,-13.5216,6.16191,1.00021
144,-12.9638,7.52012,1.34158
144,-12.5013,7.88869,0.829172
144,-13.1056,7.09863,1.16322
144,-13.1202,7.08419,1.16032
144,-13.272,6.3227,0.648506
144,-13.53,6.17788,0.988703
144,-12.6604,7.68255,0.868749
144,-13.2222,7.12159,1.33826
144,-12.4698,8.05818,0.834648
144,-12.4746,8.05647,0.836374
144,-12.6787,7.70378,0.848506
144,-12.9109,7.59925,1.18588
144,-13.1877,7.25338,1.35109
144,-13.5596,6.20443,0.946058
144,-13.3218,7.56572,1.90959
144,-12.4886,8.07563,0.822312
144,-12.7922,7.0094,0.285638
144,-13.0336,7.6506,1.42915
144,-12.64,7.3099,0.282512
144,-13.0384,7.66085,1.42014
144,-13.3328,7.57731,1.90351
144,-13.1341,6.78896,0.673132
144,-12.6,7.44485,0.308378
144,-12.943,6.84937,0.31722
144,-12.4636,8.26976,0.861024
144,-13.1723,6.76038,0.64878
144,-13.1645,7.69429,1.61646
144,-13.1804,6.7767,0.67892
144,-13.3588,7.10292,1.35112
144,-13.3217,7.1649,1.31915
144,-13.0759,7.70629,1.39932
144,-13.1984,6.78367,0.665324
144,-13.2859,7.02171,1.08579
144,-13.1932,6.76042,0.623044
144,-13.0871,7.72141,1.40021
144,-14.564,4.96586,1.34892
144,-13.3514,7.0637,1.13165
144,-12.6665,7.49553,0.241197
144,-13.3012,6.53249,0.432074
144,-12.6844,7.46993,0.215929
144,-12.6778,7.53139,0.227513
144,-12.698,7.65469,0.387501
144,-13.0626,7.75186,1.18982
144,-12.7024,7.65882,0.37719
144,-13.154,6.80282,0.323877
144,-13.407,7.08959,1.10778
144,-12.8245,7.2607,0.137315
144,-13.325,7.7668,1.56898
144,-13.5037,6.97459,1.07471
144,-13.509,6.96042,1.06754
144,-12.9112,7.95983,0.922494
144,-12.2886,9.18972,0.812074
144,-12.3097,9.19489,0.792622
144,-13.0871,8.79807,1.83409
144,-12.3455,9.16183,0.748181
144,-13.2379,8.60898,1.84226
144,-12.601,9.20479,1.20199
144,-13.0897,8.22098,1.10756
144,-14.1308,7.16574,2.01531
144,-13.1097,8.88083,1.8117
144,-14.1093,6.14615,0.871866
144,-12.6397,9.17178,1.17997
144,-13.128,8.22824,1.13627
144,-12.9216,8.38445,0.883926
144,-12.6075,9.25094,1.18428
144,-13.0678,8.32497,1.08433
144,-13.6922,7.16914,1.07751
144,-12.6076,9.22873,1.1351
144,-12.6085,9.24139,1.14073
144,-12.5853,8.89321,0.710202
144,-12.6193,9.26524,1.16816
144,-12.8669,8.59269,0.925698
144,-14.4121,6.98157,2.17665
144,-12.8947,8.62455,0.925502
144,-13.3202,8.72091,1.80635
144,-14.4779,6.61347,1.83532
144,-12.8577,9.4346,1.64812
144,-12.6248,8.97979,0.656783
144,-12.6798,9.3928,1.18664
144,-12.8606,9.4978,1.63373
144,-13.2318,8.88014,1.6924
144,-13.0893,9.40887,1.9505
144,-12.9896,9.01249,1.31876
144,-12.7692,9.47688,1.34511
144,-13.0167,9.07191,1.39123
144,-12.5033,8.98515,0.297064
144,-12.879,9.54302,1.61661
144,-12.5398,9.40107,0.79469
144,-12.9732,8.9252,1.11023
144,-13.057,8.66712,0.947826
144,-13.0239,9.07302,1.30026
144,-14.5382,6.54988,1.58138
144,-13.3197,8.90916,1.68792
144,-13.1377,8.6054,1.00742
144,-12.9233,9.57718,1.61052
144,-12.9155,9.59796,1.60885
144,-14.5255,6.50955,1.42277
144,-14.6274,6.52975,1.63814
144,-13.1814,8.96555,1.38124
144,-13.3982,8.96534,1.80282
144,-12.9353,9.62666,1.59724
144,-13.2637,8.497,1.04554
144,-12.7287,9.55528,1.11289
144,-13.3701,9.31777,2.09968
144,-13.1607,8.45295,0.775785
144,-13.1642,8.70187,1.03764
144,-13.8693,7.38269,1.00798
144,-14.632,6.50242,1.52723
144,-13.4194,8.99028,1.78472
144,-13.2423,8.66513,1.06318
144,-14.6924,6.57641,1.67978
144,-13.6695,8.59937,1.78176
144,-13.6518,8.6257,1.77177
144,-14.5379,6.58373,1.30104
144,-12.5514,9.30765,0.192911
144,-13.0071,9.54262,1.31724
144,-12.6729,8.5979,-0.417185
144,-12.5459,9.38539,0.138412
144,-12.5569,9.38375,0.127579
144,-14.0365,7.43678,0.941538
144,-14.6234,6.74774,1.33195
144,-14.5574,6.95424,1.35566
144,-14.6661,6.67175,1.21744
144,-14.5676,6.97714,1.33752
144,-14.5743,6.9798,1.33337
144,-12.8733,9.96982,1.15339
144,-14.9352,6.47734,1.48412
144,-14.8888,6.44984,1.34879
144,-14.4889,6.70334,0.776957
144,-14.4739,6.75124,0.788282
144,-14.0314,8.49893,1.7516
144,-13.4322,9.00349,1.09687
144,-13.4433,9.0364,1.07525
144,-14.5964,6.55114,0.660113
144,-12.5955,9.00436,-0.662427
144,-12.9971,8.50721,-0.40792
144,-14.9925,6.47604,1.32726
144,-13.7972,9.38694,2.03773
144,-12.7089,8.90351,-0.659179
144,-14.2284,8.83498,2.16113
144,-14.2109,8.51034,1.777
144,-14.2292,8.50773,1.80826
144,-13.636,8.85137,0.960977
144,-14.2185,8.92077,2.1466
144,-15.0328,6.44187,1.09321
144,-14.2608,8.89653,2.17015
144,-13.6515,8.87221,0.955674
144,-14.2474,8.51747,1.73634
144,-14.275,8.54238,1.79253
144,-14.2166,8.95807,2.08771
144,-12.7531,8.98584,-0.73661
144,-14.559,6.9347,0.617678
144,-14.268,8.94349,2.1673
144,-14.2709,8.56764,1.76218
144,-14.5573,6.9978,0.624656
144,-14.5751,7.07188,0.664635
144,-13.6064,9.20268,1.00721
144,-13.0847,8.30939,-0.981942
144,-14.4328,8.73584,2.03757
144,-14.7287,6.80881,0.530413
144,-14.5748,8.57038,1.84143
144,-16.7774,6.08957,2.24387
144,-12.6915,10.4958,-1.13769
144,-17.1714,5.61388,2.23525
144,-17.3705,6.05298,2.20702
144,-17.3848,6.14983,2.20244
144,-12.8637,10.9961,-1.50607
144,-12.5384,11.3485,-1.92603
144,-17.1662,6.90817,2.3646
144,-16.2329,6.591,-0.146966
144,-17.3508,6.95376,2.23485
144,-17.2444,7.23268,2.24807
144,-16.3301,6.62485,-0.182712
144,-16.4081,6.65268,-0.239554
144,-17.3832,7.28457,2.23723
144,-16.9128,8.75471,2.37189
144,-17.2437,6.81331,0.714124
144,-17.3964,6.64186,0.635797
144,-13.1775,11.8245,-2.1645
144,-17.3787,6.79139,0.634565
144,-13.2268,7.08457,1.10182
143,-13.2268,7.08457,1.10182
144,-13.0194,7.51003,1.30488
143,-13.0194,7.51003,1.30488
144,-13.1301,7.51995,1.80685
143,-13.1301,7.51995,1.80685
144,-13.5882,8.90022,2.09373
143,-13.5882,8.90022,2.09373
144,-13.0089,7.56822,1.42016
143,-13.0089,7.56822,1.42016
144,-13.9178,7.01343,0.943901
143,-13.9178,7.01343,0.943901
144,-13.086,7.36458,1.79244
143,-13.086,7.36458,1.79244
144,-13.5159,6.11493,1.06623
143,-13.5159,6.11493,1.06623
144,-12.4518,8.69532,-0.386329
143,-12.4518,8.69532,-0.386329
144,-12.9161,7.96458,0.911673
143,-12.9161,7.96458,0.911673
144,-12.5037,7.32712,1.11327
143,-12.5037,7.32712,1.11327
144,-15.6526,12.81,2.20035
143,-15.6526,12.81,2.20035
144,-15.717,5.89712,2.29535
143,-15.717,5.89712,2.29535
144,-19.443,13.8849,2.33267
143,-19.443,13.8849,2.33267
144,-14.2448,6.5345,2.00361
143,-14.2448,6.5345,2.00361
144,-13.4828,5.20602,1.90608
143,-13.4828,5.20602,1.90608
144,-14.5656,8.85824,2.02371
143,-14.5656,8.85824,2.02371
144,-13.0079,7.57488,1.42059
142,-13.0079,7.57488,1.42059
144,-12.5861,8.83702,-0.546785
142,-12.5861,8.83702,-0.546785
144,-16.6976,10.4689,2.35465
142,-16.6976,10.4689,2.35465
144,-16.936,12.6607,2.28169
142,-16.936,12.6607,2.28169
144,-13.0362,7.75821,1.08936
142,-13.0362,7.75821,1.08936
144,-13.3384,5.6444,1.39536
142,-13.3384,5.6444,1.39536
144,-22.577,7.03381,1.96032
142,-22.577,7.03381,1.96032
144,-17.32,5.303,2.35059
142,-17.32,5.303,2.35059
144,-16.2884,13.9284,2.5683
142,-16.2884,13.9284,2.5683
144,-13.3707,7.0582,1.81362
142,-13.3707,7.0582,1.81362
144,-16.8605,5.38367,2.39715
142,-16.8605,5.38367,2.39715
144,-14.1122,6.72998,1.77764
141,-14.1122,6.72998,1.77764
144,-13.1198,8.25711,1.08729
141,-13.1198,8.25711,1.08729
144,-17.1133,9.86786,2.35658
141,-17.1133,9.86786,2.35658
144,-14.4929,6.54768,1.73917
141,-14.4929,6.54768,1.73917
144,-13.2609,5.29835,1.10016
141,-13.2609,5.29835,1.10016
144,-13.348,5.71906,1.36102
141,-13.348,5.71906,1.36102
144,-13.2877,5.69687,1.39315
141,-13.2877,5.69687,1.39315
144,-13.3408,5.67603,1.29297
140,-13.3408,5.67603,1.29297
144,-17.263,7.73594,2.23064
137,-17.263,7.73594,2.23064
144,-16.6599,12.1846,2.36964
136,-16.6599,12.1846,2.36964
144,-16.6013,12.3779,2.38771
136,-16.6013,12.3779,2.38771
144,-28.4837,11.7915,-1.05
134,-28.4837,11.7915,-1.05
144,-14.7465,8.81069,2.43246
134,-14.7465,8.81069,2.43246
144,-17.2816,8.61819,1.01747
130,-17.2816,8.61819,1.01747
145,-10.9225,5.81638,2.61673
145,-13.316,5.54031,1.80487
145,-13.2279,5.56787,1.64287
145,-12.6829,5.99511,0.886473
145,-12.6817,5.99982,0.886896
145,-13.1286,5.49166,1.0736
145,-13.1607,5.52386,1.12862
145,-13.1741,5.68732,1.33011
145,-12.9176,5.80797,0.933442
145,-12.9262,5.81816,0.941933
145,-13.1959,5.71743,1.34148
145,-13.3856,5.42095,1.36994
145,-13.4666,5.4077,1.33543
145,-13.0398,5.96877,0.907984
145,-13.5665,5.42437,1.29106
145,-12.9889,5.9915,0.735276
145,-13.1338,6.01087,0.954808
145,-13.4401,5.87279,1.38638
145,-13.3667,5.71033,1.04316
145,-12.4981,7.2482,0.943725
145,-12.4756,7.31276,0.927754
145,-12.5555,7.34262,1.11106
145,-12.4802,7.31237,0.924824
145,-12.5616,7.35361,1.09969
145,-13.0799,6.06261,0.713638
145,-12.5634,7.25542,0.973006
145,-13.353,6.00171,1.1255
145,-12.966,6.48588,0.865663
145,-12.6099,7.22276,0.945725
145,-12.9674,6.46855,0.825762
145,-12.4755,7.45949,0.92653
145,-12.4789,7.33816,0.789146
145,-12.5721,7.37701,0.999229
145,-12.5119,7.43385,0.924711
145,-12.6359,7.3058,1.02749
145,-13.0139,6.44629,0.829066
145,-13.0261,6.45981,0.803878
145,-13.4002,6.05763,1.09237
145,-12.5188,7.53101,0.866482
145,-13.1177,7.25139,1.74686
145,-13.1005,7.31551,1.78027
145,-13.1057,7.31784,1.77048
145,-13.0453,7.14001,1.43647
145,-12.9997,7.20976,1.38841
145,-13.2544,7.11669,1.7933
145,-13.3661,6.27146,1.06702
145,-12.8995,6.84972,0.740921
145,-13.3979,6.30194,1.13511
145,-13.3403,7.12734,1.93067
145,-13.2003,7.16265,1.65886
145,-13.2078,7.14468,1.64574
145,-13.1071,7.50778,1.82327
145,-12.9202,6.85846,0.727869
145,-13.1244,7.27122,1.59474
145,-13.3604,7.06437,1.83383
145,-13.0356,7.23702,1.36712
145,-12.9355,6.84893,0.734447
145,-13.2066,7.21225,1.6779
145,-12.8747,7.07657,0.841987
145,-13.0332,7.33429,1.44036
145,-13.3648,6.45687,1.13832
145,-13.3784,6.44221,1.14259
145,-13.3764,7.06807,1.83042
145,-12.6869,7.56902,0.981247
145,-13.382,7.07333,1.83222
145,-12.8985,7.06094,0.832228
145,-12.4969,7.8175,0.857934
145,-12.8831,7.40029,1.16996
145,-12.4839,7.86393,0.855148
145,-12.8956,7.4069,1.17249
145,-12.8909,7.44805,1.16182
145,-12.9775,7.53445,1.43005
145,-12.711,7.66447,0.994398
145,-13.084,6.86619,0.849888
145,-13.5355,6.18665,0.988642
145,-12.5343,7.8745,0.818804
145,-13.0487,6.83377,0.697576
145,-12.7319,7.6799,0.984416
145,-12.6059,7.32622,0.327626
145,-13.2036,7.59113,1.79441
145,-12.5491,7.91071,0.802009
145,-12.9946,7.64093,1.40102
145,-13.1358,6.87509,0.83455
145,-12.4848,8.06236,0.829319
145,-13.1904,7.05798,1.13506
145,-13.1034,7.23034,1.12377
145,-13.2801,7.17835,1.39734
145,-13.0025,7.65756,1.36187
145,-12.4387,8.26528,0.880613
145,-12.6046,7.45788,0.311953
145,-12.4947,8.15514,0.823048
145,-12.4409,8.30942,0.881761
145,-13.5981,7.08156,1.83972
145,-13.5922,7.06455,1.80621
145,-13.0436,7.68339,1.38235
145,-12.6236,7.46398,0.289468
145,-12.4588,8.29344,0.864911
145,-13.3543,7.06963,1.31525
145,-13.1739,6.8036,0.652639
145,-13.0382,7.70167,1.3714
145,-13.3606,7.07309,1.32427
145,-13.5577,7.3974,2.07358
145,-13.1178,7.39758,1.16032
145,-12.7928,7.82189,0.970185
145,-12.7931,7.82302,0.964794
145,-13.2842,6.8629,0.892685
145,-13.2071,6.81445,0.678435
145,-13.3459,7.04007,1.13686
145,-12.6775,7.49024,0.235352
145,-12.7897,7.24199,0.17754
145,-12.7881,7.24381,0.169978
145,-12.798,7.24888,0.162492
145,-12.5821,8.20837,0.734827
145,-12.8745,7.89965,0.97663
145,-13.8845,7.03724,2.05822
145,-12.5823,8.35505,0.871328
145,-13.725,7.12636,1.80487
145,-12.8157,7.27416,0.132941
145,-12.5172,8.4097,0.776673
145,-13.4533,6.94155,1.0383
145,-13.1813,6.81735,0.311058
145,-12.6291,8.34974,0.883053
145,-13.4742,6.93523,1.02146
145,-12.638,8.3446,0.886613
145,-13.2194,6.67036,0.203846
145,-12.5573,8.47779,0.835568
145,-12.6491,8.37297,0.867477
145,-12.5589,8.45488,0.737661
145,-12.3957,8.99803,0.97609
145,-12.5806,8.54852,0.790588
145,-12.42,9.02371,0.957124
145,-12.3326,9.30289,1.07967
145,-13.0901,7.94173,1.09859
145,-12.4261,9.09819,0.940377
145,-12.3145,9.22106,0.792726
145,-12.7582,8.48986,0.847351
145,-12.4623,8.94167,0.74873
145,-13.6462,7.01024,0.988042
145,-12.4728,8.94348,0.748614
145,-12.4566,9.28448,1.08678
145,-12.3992,9.08231,0.741132
145,-12.2995,9.31128,0.742799
145,-13.2006,7.96691,1.06684
145,-12.9084,9.11173,1.72781
145,-13.6714,7.15544,1.08971
145,-12.4694,9.32623,1.06377
145,-12.3381,9.2985,0.762955
145,-12.9033,9.25901,1.84411
145,-12.7841,9.03412,1.34216
145,-12.4973,8.99455,0.713256
145,-12.9119,8.39195,0.880658
145,-13.8438,6.94345,1.14439
145,-13.8507,6.96478,1.17167
145,-13.0948,8.31727,1.13529
145,-13.111,8.30819,1.15688
145,-13.8536,6.96602,1.17026
145,-13.8584,6.95658,1.13906
145,-12.6771,8.75659,0.734987
145,-13.0572,8.30431,0.995816
145,-14.3764,6.70477,1.87547
145,-13.8767,6.96267,1.14083
145,-12.9505,8.42695,0.872634
145,-14.3436,6.75665,1.83628
145,-14.3534,6.98611,2.1079
145,-13.8835,6.97066,1.13884
145,-13.8866,6.97518,1.1427
145,-12.6204,9.28047,1.10929
145,-12.943,9.34948,1.82862
145,-14.4224,6.98023,2.17402
145,-13.0835,9.01477,1.72091
145,-14.4149,6.95455,2.09536
145,-13.8764,6.90392,0.940323
145,-12.9398,9.40536,1.81415
145,-13.1077,9.03998,1.74527
145,-12.9913,8.45588,0.861109
145,-13.183,8.9703,1.77836
145,-14.4917,6.62605,1.82582
145,-13.6497,6.66639,0.133527
145,-13.0493,9.11736,1.62586
145,-13.1206,9.09752,1.71213
145,-14.517,6.96478,2.16892
145,-12.8763,9.22934,1.31953
145,-12.9464,8.97716,1.15806
145,-12.879,8.81849,0.838715
145,-13.3024,8.93805,1.82387
145,-13.302,8.92948,1.80821
145,-14.4852,6.80448,1.8359
145,-12.9505,8.99358,1.15492
145,-12.8828,8.8336,0.834249
145,-14.5556,6.9542,2.08983
145,-13.1666,9.05098,1.59517
145,-12.7416,8.70746,0.345639
145,-13.236,9.00126,1.64492
145,-13.1268,9.05506,1.48024
145,-13.056,9.09805,1.37801
145,-12.9864,8.74337,0.844335
145,-12.91,8.86346,0.820203
145,-13.133,9.06828,1.47119
145,-12.4646,9.21257,0.253644
145,-13.0654,9.0972,1.32161
145,-13.0819,9.12259,1.36218
145,-14.4897,6.68298,1.47113
145,-14.6534,6.5396,1.63883
145,-14.5649,6.57247,1.47547
145,-13.4865,9.18524,2.08191
145,-12.7875,9.59282,1.12057
145,-14.7057,6.61001,1.66573
145,-12.5926,9.16356,0.178642
145,-13.2473,9.04735,1.34916
145,-14.4805,6.81114,1.30504
145,-13.2034,8.85726,0.921998
145,-13.2703,8.97476,1.13172
145,-13.2753,8.98461,1.12611
145,-13.293,8.8205,0.922424
145,-14.5731,6.9783,1.34092
145,-14.6029,6.98415,1.32479
145,-12.5991,8.95466,-0.627485
145,-12.4271,9.36868,-0.627421
145,-12.9368,8.62226,-0.508351
145,-14.9998,6.49039,1.29117
145,-13.5521,8.87432,0.969264
145,-12.9468,8.63997,-0.514912
145,-12.897,10.2198,1.05635
145,-12.976,10.1542,1.103
145,-14.5952,6.76485,0.606386
145,-14.2165,8.50872,1.76928
145,-14.2233,8.48754,1.74729
145,-14.2504,8.48743,1.79906
145,-14.1727,8.90084,2.09846
145,-12.913,10.2586,1.04625
145,-14.2215,8.89182,2.15717
145,-14.6123,6.77237,0.599009
145,-14.2389,8.50848,1.73466
145,-15.1243,6.50727,1.28187
145,-13.1019,8.27773,-0.877625
145,-14.3539,8.481,1.69645
145,-14.1992,8.63158,1.54316
145,-12.6129,10.157,-0.00729918
145,-14.2163,8.63564,1.54486
145,-15.3667,6.42975,1.33578
145,-14.229,8.72107,1.53576
145,-14.2611,8.75289,1.52075
145,-14.5064,8.77635,2.01906
145,-14.6421,7.0415,0.296147
145,-14.5292,8.81321,2.02343
145,-14.6626,7.03813,0.292593
145,-14.3177,8.79018,1.51365
145,-14.6757,7.03927,0.278113
145,-14.3203,8.79842,1.50132
145,-14.6819,7.04709,0.271669
145,-12.6915,10.3702,-0.136974
145,-14.3565,8.81861,1.49952
145,-14.6244,8.8792,2.00132
145,-14.653,8.91111,2.00992
145,-14.3723,8.79426,1.27994
145,-17.3458,5.32659,2.53546
145,-15.5674,6.52724,0.257785
145,-17.0639,6.42212,2.25542
145,-17.0772,6.12563,1.33179
145,-16.5071,6.56505,0.221582
145,-17.4215,6.90131,2.41786
145,-17.2854,6.1556,1.27291
145,-13.2109,11.6495,-0.885491
145,-13.2225,11.6627,-0.897212
145,-17.0801,7.46931,2.22093
145,-17.3942,6.1588,1.25018
145,-13.2561,11.7846,-0.965409
145,-13.2633,11.7794,-0.988216
145,-17.4646,7.12754,2.33516
145,-17.1618,6.25863,0.732905
145,-17.5036,6.15226,1.25823
145,-17.2221,6.17285,0.631266
145,-13.0806,11.5575,-1.93234
145,-17.3153,6.16921,0.588571
145,-15.3103,7.34463,-2.21587
145,-16.9074,8.77854,2.40254
145,-16.8797,8.67594,2.18069
145,-17.0279,6.63192,-0.0135214
145,-17.0571,6.63164,-0.0185449
145,-13.1483,7.03189,1.40354
144,-13.1483,7.03189,1.40354
145,-13.179,7.3967,1.75024
144,-13.179,7.3967,1.75024
145,-17.0356,8.64215,0.111992
144,-17.0356,8.64215,0.111992
145,-13.426,8.83611,2.11803
144,-13.426,8.83611,2.11803
145,-12.9019,7.10239,0.15328
144,-12.9019,7.10239,0.15328
145,-12.6285,7.04885,0.99673
144,-12.6285,7.04885,0.99673
145,-15.5503,11.1055,2.42776
144,-15.5503,11.1055,2.42776
145,-14.0623,8.79064,2.11713
144,-14.0623,8.79064,2.11713
145,-17.0701,6.54138,0.779314
144,-17.0701,6.54138,0.779314
145,-13.0737,7.87202,1.13908
144,-13.0737,7.87202,1.13908
145,-12.7866,8.9096,1.78512
144,-12.7866,8.9096,1.78512
145,-12.8725,7.07666,0.19268
144,-12.8725,7.07666,0.19268
145,-14.81,13.376,2.43306
144,-14.81,13.376,2.43306
145,-15.6308,11.2032,2.42434
144,-15.6308,11.2032,2.42434
145,-13.2707,6.08144,0.95673
144,-13.2707,6.08144,0.95673
145,-15.146,6.71435,1.56828
144,-15.146,6.71435,1.56828
145,-13.128,9.26282,1.32747
144,-13.128,9.26282,1.32747
145,-12.7913,8.65805,-0.500425
144,-12.7913,8.65805,-0.500425
145,-15.6887,15.1317,2.40161
144,-15.6887,15.1317,2.40161
145,-15.1931,6.73139,1.54945
144,-15.1931,6.73139,1.54945
145,-17.7203,8.20256,2.37916
144,-17.7203,8.20256,2.37916
145,-13.908,5.73108,0.682622
144,-13.908,5.73108,0.682622
145,-13.2289,6.81819,0.655765
144,-13.2289,6.81819,0.655765
145,-13.174,7.54501,1.81143
143,-13.174,7.54501,1.81143
145,-13.5945,6.1508,1.0181
143,-13.5945,6.1508,1.0181
145,-12.7539,8.84013,1.26073
143,-12.7539,8.84013,1.26073
145,-13.4392,6.06025,1.06418
143,-13.4392,6.06025,1.06418
145,-12.9028,9.05711,1.55512
143,-12.9028,9.05711,1.55512
145,-18.8461,8.72959,2.85088
143,-18.8461,8.72959,2.85088
145,-16.9123,14.7223,2.11129
143,-16.9123,14.7223,2.11129
145,-17.2351,8.96281,2.41858
143,-17.2351,8.96281,2.41858
145,-12.922,7.37728,1.20492
142,-12.922,7.37728,1.20492
145,-12.9304,8.99811,1.39168
142,-12.9304,8.99811,1.39168
145,-18.9111,8.53557,3.07306
142,-18.9111,8.53557,3.07306
145,-18.9024,8.13941,3.06444
142,-18.9024,8.13941,3.06444
145,-12.9106,8.71993,0.701483
142,-12.9106,8.71993,0.701483
145,-13.2468,7.50081,1.98987
142,-13.2468,7.50081,1.98987
145,-12.9871,9.00098,1.36226
142,-12.9871,9.00098,1.36226
145,-12.2269,5.9214,1.3202
141,-12.2269,5.9214,1.3202
145,-12.9797,7.56489,1.33908
141,-12.9797,7.56489,1.33908
145,-18.6294,8.33721,3.04256
141,-18.6294,8.33721,3.04256
145,-16.7288,14.7246,2.55019
141,-16.7288,14.7246,2.55019
145,-14.5319,7.20012,1.67095
139,-14.5319,7.20012,1.67095
145,-12.9551,7.27062,1.39173
139,-12.9551,7.27062,1.39173
145,-14.705,9.01668,1.64118
137,-14.705,9.01668,1.64118
145,-28.5869,10.4967,-1.77006
134,-28.5869,10.4967,-1.77006
146,-13.1234,5.49043,1.15611
146,-13.1174,5.52139,1.14689
146,-13.263,5.72477,1.40895
146,-13.1953,5.63902,1.13502
146,-13.1959,5.66956,1.12192
146,-13.3235,5.73543,1.43822
146,-12.7022,6.43916,0.86489
146,-13.2242,5.71117,1.13017
146,-12.7115,6.44359,0.860106
146,-13.2449,5.76214,1.15594
146,-13.2584,5.7628,1.14351
146,-13.5637,5.72923,1.74374
146,-12.8148,7.13324,1.56845
146,-12.5067,7.21135,0.93589
146,-12.5158,7.32505,1.07936
146,-12.5068,7.33882,1.01225
146,-13.7777,5.76976,1.87041
146,-12.5464,7.23453,0.893602
146,-13.2053,6.03578,0.904037
146,-13.204,6.03675,0.892662
146,-13.7909,5.77406,1.86892
146,-12.8783,7.16698,1.52765
146,-12.9771,7.09268,1.63615
146,-12.4913,7.41236,0.945799
146,-12.7399,6.98167,0.971868
146,-12.7423,6.98294,0.967691
146,-12.7502,6.98537,0.98159
146,-13.8218,5.77358,1.87901
146,-12.5342,7.28054,0.793428
146,-12.4933,7.33321,0.762841
146,-12.9877,7.19281,1.66164
146,-12.4936,7.47884,0.902555
146,-13.5427,5.9167,1.33948
146,-12.4979,7.37544,0.755569
146,-13.5702,5.93018,1.34268
146,-13.0833,7.15482,1.72934
146,-13.0955,7.12884,1.70995
146,-13.5403,5.92342,1.20783
146,-13.1147,7.11342,1.69104
146,-12.8088,6.92365,0.695231
146,-13.0216,7.09075,1.36635
146,-12.7093,7.26172,0.878246
146,-13.0254,7.097,1.36004
146,-13.1549,7.13745,1.67547
146,-13.2263,7.07952,1.75565
146,-13.1155,7.32056,1.76538
146,-13.5021,6.01574,1.03747
146,-13.9343,5.8173,1.73936
146,-13.0817,6.57403,0.761009
146,-13.3639,6.32747,1.06873
146,-13.311,6.38119,1.01068
146,-12.8305,7.35721,1.12451
146,-12.8582,7.37523,1.19227
146,-13.374,6.31789,1.05795
146,-13.0695,7.11583,1.34687
146,-12.9217,6.87079,0.717944
146,-13.072,7.117,1.3392
146,-12.8405,7.36826,1.11547
146,-12.8812,7.34465,1.17124
146,-13.116,7.434,1.798
146,-12.8678,7.38591,1.18772
146,-13.3447,7.0608,1.85134
146,-13.344,7.04932,1.83419
146,-12.887,7.35016,1.16949
146,-13.5206,6.07263,1.01212
146,-13.3611,7.10127,1.87901
146,-13.2281,6.51514,0.868159
146,-12.8716,7.42768,1.17092
146,-13.1296,7.47852,1.80123
146,-13.3713,7.14431,1.91793
146,-13.4111,6.41292,1.11741
146,-12.8801,7.44298,1.17041
146,-13.3825,7.08745,1.85029
146,-12.9782,7.50871,1.45976
146,-12.987,7.39163,1.32844
146,-12.9774,7.52397,1.46351
146,-12.9993,7.47008,1.44376
146,-13.1463,7.50862,1.79962
146,-12.8899,7.44551,1.15001
146,-13.1977,7.071,1.37173
146,-12.9938,7.51373,1.45244
146,-13.372,6.48234,1.02329
146,-13.447,6.42824,1.10611
146,-13.2549,6.36379,0.595622
146,-13.0244,7.48398,1.4356
146,-13.1525,7.53212,1.77728
146,-13.1606,7.53732,1.79906
146,-12.9043,7.47204,1.15178
146,-13.2564,6.36574,0.55598
146,-13.0875,7.55891,1.61619
146,-13.4473,6.47,1.08269
146,-13.2661,6.38178,0.561443
146,-13.6173,6.12533,1.02705
146,-13.4604,6.46907,1.0713
146,-13.2712,6.38601,0.543871
146,-13.2589,6.85339,1.0585
146,-13.2832,6.38356,0.542991
146,-12.4594,8.11106,0.798051
146,-12.607,7.46222,0.305326
146,-13.1039,7.36987,1.29357
146,-13.0927,7.35791,1.25195
146,-13.4502,6.51691,1.01445
146,-12.4384,8.25575,0.839265
146,-13.0984,7.38557,1.23396
146,-13.1296,7.66309,1.63173
146,-13.4105,6.5538,0.90407
146,-13.1537,7.67826,1.62999
146,-12.4507,8.3277,0.854437
146,-12.4563,8.32418,0.853365
146,-13.0406,6.82617,0.298493
146,-13.2204,7.6873,1.73458
146,-13.2709,7.63524,1.76361
146,-13.1957,7.63708,1.58281
146,-13.2207,6.79366,0.606545
146,-13.2995,7.07028,1.10571
146,-13.2709,6.656,0.529628
146,-13.3011,6.69174,0.638966
146,-13.2314,7.71077,1.71059
146,-13.3027,6.6959,0.624884
146,-13.0301,7.71117,1.2444
146,-13.3193,7.07991,1.0993
146,-13.323,6.70117,0.614758
146,-13.6078,7.42623,2.0616
146,-13.6005,7.44137,2.05675
146,-13.6025,7.44017,2.05779
146,-13.6117,7.43937,2.05157
146,-13.506,7.11237,1.27825
146,-13.048,7.1649,0.252592
146,-13.0568,7.14236,0.218958
146,-12.2913,9.20136,0.996505
146,-13.942,7.05873,2.04708
146,-13.9722,7.06343,2.0385
146,-12.9713,7.93675,0.861128
146,-12.8061,8.94237,1.6271
146,-12.2973,9.21313,0.795894
146,-12.3101,9.20059,0.799801
146,-12.5366,8.77266,0.774596
146,-12.3564,9.35394,1.04555
146,-12.9605,8.89611,1.79869
146,-12.9021,8.92507,1.70292
146,-12.6,9.05858,1.18886
146,-12.9213,8.90228,1.67485
146,-12.8967,9.001,1.7042
146,-14.2244,6.72931,1.88924
146,-12.8204,8.55754,0.978488
146,-12.3737,9.40798,1.01537
146,-12.6559,8.69591,0.77188
146,-12.2961,9.32831,0.732843
146,-13.1931,7.97063,1.0705
146,-12.3048,9.32854,0.734681
146,-13.1318,8.16286,1.15504
146,-12.8812,8.96717,1.56223
146,-13.8098,6.95577,1.1806
146,-12.7914,8.53603,0.824123
146,-12.9823,8.96471,1.76124
146,-12.5706,8.8691,0.715803
146,-12.8471,8.58415,0.963925
146,-12.3883,9.45855,1.00067
146,-12.5852,9.20817,1.13345
146,-12.9033,9.13285,1.73426
146,-13.7249,7.08512,1.07761
146,-12.9246,8.39635,0.879613
146,-13.1203,8.2401,1.11879
146,-12.5893,8.884,0.702216
146,-13.8078,6.93002,0.97825
146,-13.231,8.0301,1.02804
146,-13.1223,8.91813,1.82598
146,-12.811,7.9947,0.0106339
146,-12.6845,9.17765,1.13837
146,-12.5182,8.8362,0.352638
146,-13.8314,6.9703,0.98758
146,-13.1579,8.29592,1.09446
146,-13.8412,6.96968,0.987106
146,-12.81,9.12644,1.30637
146,-13.8449,6.97427,0.990922
146,-13.0266,8.9848,1.55582
146,-13.1189,8.89291,1.63517
146,-13.0328,8.98908,1.5594
146,-12.8515,9.41393,1.66159
146,-12.9702,8.98798,1.37477
146,-13.0014,9.01588,1.46901
146,-12.4648,9.58606,0.938353
146,-13.1469,8.91948,1.62214
146,-12.905,9.39134,1.62254
146,-12.9409,9.27522,1.55171
146,-12.6838,9.44972,1.19112
146,-12.4859,9.6305,0.902927
146,-12.5335,9.49375,0.840081
146,-13.351,8.83576,1.80403
146,-14.5148,6.94251,2.09083
146,-12.7768,9.52158,1.34431
146,-12.9792,8.95589,1.1046
146,-13.3214,8.83457,1.71406
146,-12.987,8.94234,1.10268
146,-12.9795,8.95891,1.10373
146,-13.0947,9.43434,1.90919
146,-13.2506,8.44781,1.04844
146,-13.0099,9.5024,1.78328
146,-13.1487,8.92521,1.39201
146,-13.1076,9.43909,1.90251
146,-12.9506,9.48836,1.5744
146,-13.0949,8.7675,1.0179
146,-13.0248,9.11469,1.26729
146,-13.1563,8.71576,1.05617
146,-13.1698,8.97094,1.38756
146,-12.5799,9.57689,0.802215
146,-12.8574,9.31689,1.09847
146,-13.3909,8.92938,1.80781
146,-14.6541,6.83756,2.03057
146,-14.5647,6.6313,1.57595
146,-13.2671,9.37741,2.01578
146,-14.509,6.69655,1.51411
146,-12.8382,9.60277,1.30834
146,-13.2103,9.00374,1.36539
146,-14.6053,6.63251,1.57343
146,-14.5866,6.556,1.39948
146,-14.7107,6.48312,1.57382
146,-13.6609,8.60788,1.79612
146,-14.0976,6.86056,0.632265
146,-14.754,6.53901,1.61056
146,-12.9226,9.43476,1.04345
146,-12.5675,9.40447,0.109342
146,-12.469,10.2205,0.874527
146,-14.6549,6.62804,1.33964
146,-14.6683,6.61078,1.34823
146,-12.4753,10.2293,0.859505
146,-14.7428,6.57567,1.43913
146,-12.6594,9.32108,0.0549738
146,-14.8576,6.43387,1.3388
146,-14.8613,6.43039,1.33112
146,-14.6438,6.86166,1.23021
146,-13.4286,9.00943,1.09547
146,-13.0102,8.54147,-0.427634
146,-14.108,8.67608,2.16026
146,-14.707,6.86518,1.21393
146,-12.8862,10.1462,1.13373
146,-14.4449,6.91371,0.679125
146,-13.4436,9.05649,1.04158
146,-12.9642,8.64582,-0.533998
146,-14.5443,6.75883,0.62469
146,-14.7386,6.87927,1.18815
146,-13.7099,9.45435,2.0174
146,-14.5063,6.92315,0.649393
146,-13.6301,8.9408,1.09097
146,-14.1335,8.87829,2.11841
146,-14.8041,6.89508,1.15795
146,-14.1548,8.89505,2.10012
146,-14.2458,8.49496,1.79513
146,-14.2211,8.80496,2.10483
146,-14.1725,8.91754,2.1188
146,-14.2079,8.93004,2.0861
146,-14.5329,6.86683,0.292125
146,-14.6717,6.78918,0.47676
146,-14.3217,8.42181,1.59852
146,-14.3943,8.70185,2.04484
146,-13.6371,9.2373,0.953341
146,-14.4378,8.49177,1.82156
146,-14.4392,8.50014,1.81053
146,-14.4564,8.75338,2.02837
146,-14.3235,8.57582,1.48133
146,-14.5182,8.44205,1.69432
146,-12.8817,10.6304,0.680957
146,-14.4516,8.70831,1.69511
146,-14.3445,8.70166,1.24454
146,-14.4116,8.8317,1.25609
146,-14.463,8.71609,1.19869
146,-14.4318,8.83451,1.25255
146,-12.487,11.126,-0.842844
146,-14.0324,9.65507,0.769782
146,-15.5517,6.46598,0.215778
146,-15.5706,6.47611,0.222517
146,-14.426,9.61389,0.734157
146,-15.8429,6.53415,0.0717659
146,-17.2482,6.91324,3.17456
146,-17.2903,5.88772,1.57426
146,-17.1883,6.8784,2.54238
146,-17.203,6.93258,2.35864
146,-17.094,6.15082,0.679574
146,-13.2392,11.6603,-1.40318
146,-17.7969,6.40724,2.34134
146,-17.2519,6.20313,0.778491
146,-16.8671,8.58514,2.76638
146,-17.2683,6.17376,0.605793
146,-17.9218,6.41988,2.33003
146,-17.3238,6.17721,0.617786
146,-17.3484,6.286,0.769851
146,-15.1097,11.9317,2.35662
146,-17.4296,7.79144,2.20217
146,-17.6256,6.19556,0.48838
146,-17.7592,6.20322,0.469391
146,-14.5388,7.02566,0.494455
145,-14.5388,7.02566,0.494455
146,-12.5223,7.32433,1.1281
145,-12.5223,7.32433,1.1281
146,-12.6467,7.15226,0.923491
145,-12.6467,7.15226,0.923491
146,-13.1551,7.5605,2.06355
145,-13.1551,7.5605,2.06355
146,-15.0712,6.8534,1.75519
145,-15.0712,6.8534,1.75519
146,-13.1704,6.01878,0.958307
145,-13.1704,6.01878,0.958307
146,-13.3434,8.94021,1.6826
145,-13.3434,8.94021,1.6826
146,-16.354,13.9525,2.17307
145,-16.354,13.9525,2.17307
146,-12.9371,8.51775,1.04798
145,-12.9371,8.51775,1.04798
146,-14.8172,6.67998,1.27849
145,-14.8172,6.67998,1.27849
146,-13.3012,7.055,1.11353
145,-13.3012,7.055,1.11353
146,-20.2085,14.243,2.56946
145,-20.2085,14.243,2.56946
146,-17.1699,8.88348,2.35112
145,-17.1699,8.88348,2.35112
146,-16.9919,14.8467,2.08366
145,-16.9919,14.8467,2.08366
146,-13.5167,6.07092,1.01681
145,-13.5167,6.07092,1.01681
146,-18.9821,8.49698,2.51375
145,-18.9821,8.49698,2.51375
146,-18.6929,7.59312,2.97901
145,-18.6929,7.59312,2.97901
146,-13.7957,7.00084,2.07616
145,-13.7957,7.00084,2.07616
146,-12.9173,5.55743,1.9411
145,-12.9173,5.55743,1.9411
146,-13.799,5.81228,1.78021
145,-13.799,5.81228,1.78021
146,-12.9692,8.44427,0.849551
145,-12.9692,8.44427,0.849551
146,-16.8255,14.8036,2.58358
145,-16.8255,14.8036,2.58358
146,-12.8461,10.0368,1.15313
145,-12.8461,10.0368,1.15313
146,-17.0142,8.84816,2.45019
145,-17.0142,8.84816,2.45019
146,-12.4004,8.21749,0.902847
145,-12.4004,8.21749,0.902847
146,-15.8202,7.22414,2.31434
144,-15.8202,7.22414,2.31434
146,-12.7096,8.46241,0.562102
144,-12.7096,8.46241,0.562102
146,-12.4162,9.01375,1.03619
144,-12.4162,9.01375,1.03619
146,-13.0195,7.73468,1.10135
144,-13.0195,7.73468,1.10135
146,-18.6017,5.65335,2.15259
144,-18.6017,5.65335,2.15259
146,-17.6707,5.29568,2.33931
144,-17.6707,5.29568,2.33931
146,-12.768,9.32109,1.67871
144,-12.768,9.32109,1.67871
146,-12.4104,7.96098,0.907637
144,-12.4104,7.96098,0.907637
146,-14.4529,6.61787,1.93992
144,-14.4529,6.61787,1.93992
146,-12.7321,9.21274,1.69986
144,-12.7321,9.21274,1.69986
146,-15.7348,6.89727,1.58674
144,-15.7348,6.89727,1.58674
146,-12.4619,8.93602,1.26759
144,-12.4619,8.93602,1.26759
146,-13.7808,7.10212,2.05475
143,-13.7808,7.10212,2.05475
146,-14.199,6.71825,1.76767
143,-14.199,6.71825,1.76767
146,-14.1404,9.15483,1.65404
143,-14.1404,9.15483,1.65404
146,-13.4165,6.2655,1.1144
143,-13.4165,6.2655,1.1144
146,-17.3232,6.94615,2.36002
143,-17.3232,6.94615,2.36002
146,-18.9559,8.16196,3.07157
142,-18.9559,8.16196,3.07157
146,-17.0345,8.81749,2.3518
140,-17.0345,8.81749,2.3518
146,-13.9248,8.9517,1.7255
140,-13.9248,8.9517,1.7255
146,-13.0942,7.23696,1.59167
139,-13.0942,7.23696,1.59167
146,-13.162,8.47897,1.63262
139,-13.162,8.47897,1.63262
146,-16.5536,12.2815,2.3792
137,-16.5536,12.2815,2.3792
146,-14.7003,8.99608,1.68248
137,-14.7003,8.99608,1.68248
146,-17.5115,9.45442,2.18709
136,-17.5115,9.45442,2.18709
146,-18.8095,8.83163,3.30602
136,-18.8095,8.83163,3.30602
146,-25.1925,12.1524,-7.26505
136,-25.1925,12.1524,-7.26505
146,-25.2192,6.50731,3.65979
132,-25.2192,6.50731,3.65979
147,-10.9137,6.27538,2.56817
147,-13.2638,5.74288,1.11087
147,-12.6093,7.04071,1.03566
147,-12.577,7.37816,1.08077
147,-13.5218,5.86261,1.17151
147,-12.509,7.43378,0.92428
147,-12.4924,7.43852,0.87362
147,-12.4966,7.35687,0.758117
147,-12.8743,6.86784,0.955837
147,-12.4938,7.46149,0.861141
147,-12.5864,7.40925,0.980907
147,-12.8741,6.90426,0.964517
147,-12.5067,7.49312,0.896998
147,-12.5066,7.49519,0.896048
147,-13.0684,7.1656,1.73215
147,-12.8905,6.86116,0.904286
147,-13.0824,7.16276,1.73028
147,-13.5494,5.9109,1.1331
147,-13.5639,5.91168,1.11955
147,-12.6799,7.14488,0.718652
147,-13.0944,7.19797,1.7358
147,-13.451,6.06973,1.04818
147,-13.6026,5.92848,1.19633
147,-12.9831,6.82723,0.937374
147,-13.0142,6.85289,0.976079
147,-13.1228,6.54863,0.814464
147,-13.1264,7.23077,1.72512
147,-13.1301,7.224,1.72046
147,-13.0002,7.25474,1.45672
147,-12.8933,7.39898,1.37887
147,-13.0371,7.32305,1.60475
147,-13.0487,6.82534,0.957801
147,-13.4244,6.31114,1.12903
147,-12.8975,7.41022,1.37599
147,-13.3365,6.37762,0.985065
147,-13.0269,7.38917,1.61648
147,-13.0386,7.36705,1.61192
147,-12.9153,7.3897,1.35838
147,-12.5017,7.74033,0.869344
147,-12.9147,7.4189,1.3689
147,-13.3479,6.39127,0.991686
147,-13.3405,7.07601,1.85166
147,-12.8916,7.37305,1.21954
147,-13.3448,7.08051,1.85213
147,-12.4657,7.8478,0.85929
147,-13.5387,6.17645,1.0753
147,-13.4709,6.32028,1.10686
147,-12.8863,7.36386,1.15362
147,-13.2434,6.52811,0.858109
147,-13.4705,6.31758,1.09344
147,-12.4861,7.85758,0.846231
147,-13.372,7.08472,1.84461
147,-13.113,7.14347,1.31351
147,-13.3956,7.07804,1.86877
147,-13.2193,7.11341,1.51065
147,-13.4214,6.46991,1.11018
147,-12.492,7.86961,0.831611
147,-13.4311,6.47373,1.11863
147,-13.2367,7.11597,1.52427
147,-13.3909,6.52354,1.07665
147,-13.4871,6.36452,1.08571
147,-12.9994,7.39369,1.31967
147,-13.03,7.35248,1.33104
147,-12.8982,7.44781,1.15151
147,-13.1548,7.15237,1.28257
147,-12.7232,7.58492,0.860777
147,-12.7266,7.60861,0.868167
147,-13.0516,7.39016,1.30871
147,-13.05,7.38875,1.30263
147,-12.4653,8.05806,0.842673
147,-13.1782,7.55164,1.78747
147,-13.0489,7.40644,1.29709
147,-12.9197,7.53002,1.14975
147,-12.9269,7.55187,1.14256
147,-13.3129,6.91115,1.12193
147,-12.4308,8.24189,0.843619
147,-13.2304,7.07811,1.10011
147,-12.9911,7.64288,1.27329
147,-13.1298,7.69072,1.63472
147,-13.3469,7.56026,1.93314
147,-13.2626,7.08591,1.10373
147,-12.9466,7.70536,1.19122
147,-13.364,6.90924,1.08685
147,-13.3648,7.57307,1.92556
147,-13.3692,7.55824,1.91061
147,-13.0225,7.67216,1.26
147,-13.2763,7.6154,1.75178
147,-13.3165,7.06339,1.10542
147,-13.0585,7.71328,1.3588
147,-12.4831,8.31814,0.842787
147,-13.0734,7.72026,1.35235
147,-12.9864,7.72999,1.16617
147,-12.505,8.31016,0.827513
147,-13.4827,7.52827,1.99478
147,-13.346,6.71204,0.596215
147,-13.5029,7.51349,2.0036
147,-13.269,7.72542,1.73495
147,-13.0071,7.74713,1.14845
147,-13.1308,7.73417,1.4029
147,-13.5223,7.51589,1.9997
147,-12.4958,8.38801,0.806225
147,-13.3486,6.68033,0.461374
147,-13.0949,7.78512,1.32394
147,-13.6036,7.4609,2.03995
147,-12.5946,8.35867,0.86219
147,-12.7239,7.74543,0.315821
147,-13.3289,7.7798,1.69683
147,-12.3412,8.87697,0.840524
147,-13.9528,7.06532,2.03858
147,-12.2413,9.1995,0.946243
147,-13.9768,7.06919,2.03236
147,-14.0768,6.05967,0.89359
147,-12.2566,9.2268,0.917258
147,-12.7785,8.94038,1.64409
147,-12.8553,8.89682,1.71814
147,-12.794,8.94983,1.64567
147,-12.8138,8.37444,0.886719
147,-13.2028,7.90116,1.09791
147,-12.9462,8.87263,1.7803
147,-13.7475,6.93064,1.03251
147,-12.5755,8.76177,0.762375
147,-12.8455,8.95376,1.58053
147,-13.794,6.86875,0.976313
147,-13.2099,7.9704,1.0547
147,-14.2875,6.7546,1.90171
147,-13.1409,8.17372,1.14366
147,-12.9172,8.39391,0.88057
147,-13.134,8.16676,1.06795
147,-13.8152,6.96708,1.02347
147,-12.9331,8.39809,0.895646
147,-12.9302,8.39691,0.883656
147,-13.0929,8.27355,1.08104
147,-13.1164,8.24638,1.09033
147,-13.1631,8.19859,1.13356
147,-13.1742,8.16549,1.11303
147,-13.877,6.96615,1.12756
147,-13.2244,8.01803,1.0288
147,-14.3856,6.7214,1.94269
147,-13.1874,8.1624,1.1107
147,-12.7155,8.70218,0.747734
147,-13.8318,6.96609,0.99257
147,-12.3902,9.40536,0.929253
147,-12.6904,8.75261,0.73023
147,-13.1846,8.20565,1.11778
147,-12.6705,9.186,1.22808
147,-12.6279,9.24244,1.18486
147,-12.6765,9.20308,1.22289
147,-12.5957,9.25443,1.10484
147,-12.6295,9.26229,1.17182
147,-12.5805,8.98161,0.664667
147,-13.148,8.35479,1.12672
147,-12.6374,9.2688,1.16913
147,-12.6708,9.19739,1.12455
147,-12.9393,9.05311,1.53164
147,-12.6246,9.27922,1.10916
147,-14.4375,6.91954,2.12174
147,-13.9004,6.95293,0.919442
147,-12.5089,9.28372,0.828276
147,-12.9524,8.94678,1.38414
147,-12.596,9.00795,0.649749
147,-14.382,7.03347,2.11183
147,-12.462,9.24811,0.648163
147,-12.9619,8.9446,1.38353
147,-12.555,8.87057,0.317637
147,-12.8164,9.16448,1.29689
147,-13.1674,8.86934,1.7043
147,-12.5541,8.88431,0.314173
147,-12.8233,9.27528,1.40935
147,-13.9353,7.00739,0.928084
147,-12.9299,9.40961,1.81119
147,-12.9427,8.90685,1.13176
147,-12.8463,9.47329,1.62721
147,-12.8441,9.30927,1.39705
147,-12.8542,9.30854,1.39644
147,-12.8948,9.42361,1.58507
147,-12.8891,9.46833,1.62264
147,-12.1878,10.1158,0.86886
147,-13.0909,9.40106,1.93417
147,-12.4964,9.65324,0.895087
147,-12.9204,9.46645,1.56707
147,-14.5945,6.57821,1.55272
147,-14.5489,6.56746,1.40233
147,-13.5804,8.55995,1.8119
147,-13.0917,9.46016,1.88389
147,-12.9443,9.4923,1.57797
147,-13.0232,9.46959,1.70969
147,-12.9201,9.30974,1.22589
147,-13.0301,9.48913,1.71328
147,-14.5783,6.58841,1.38412
147,-13.6224,8.59608,1.80143
147,-13.1638,9.47992,1.92355
147,-13.4261,8.9342,1.7725
147,-13.097,9.26226,1.33772
147,-12.5255,9.35522,0.136308
147,-14.7079,6.5892,1.43694
147,-14.1749,6.89691,0.572265
147,-12.8532,9.68846,1.14961
147,-12.9994,9.4714,1.15681
147,-14.4307,6.72245,0.688429
147,-14.8806,6.45645,1.32543
147,-12.5951,9.467,0.0449703
147,-14.4434,6.91919,0.678361
147,-14.7031,6.87107,1.2025
147,-14.555,6.78064,0.616937
147,-13.573,8.79061,0.998183
147,-14.788,6.87721,1.17732
147,-12.5297,10.4602,0.755547
147,-14.5171,6.77059,0.268988
147,-13.6255,8.83611,0.970001
147,-14.5224,6.76567,0.270634
147,-14.1648,8.57333,1.84425
147,-14.6395,6.78667,0.49551
147,-14.1372,8.91297,2.09515
147,-14.2146,8.54051,1.76875
147,-14.249,8.80165,2.12146
147,-13.5021,9.25622,0.985799
147,-14.2716,8.4193,1.61055
147,-14.2777,8.42286,1.60085
147,-14.2548,8.49071,1.62366
147,-14.3251,8.33047,1.57005
147,-14.3272,8.40418,1.65297
147,-14.258,8.92192,2.16152
147,-14.2599,8.5866,1.70334
147,-14.3155,8.34282,1.43886
147,-14.325,8.44279,1.59075
147,-14.2936,8.42792,1.49795
147,-14.3081,8.42648,1.49746
147,-14.3889,8.35118,1.56704
147,-14.2923,8.50938,1.52166
147,-14.4585,8.55078,1.94459
147,-13.2696,9.91117,1.01813
147,-14.4513,8.39929,1.70313
147,-14.4218,8.75219,2.03033
147,-14.3872,8.38056,1.41604
147,-12.5962,10.6701,0.229825
147,-14.3469,8.54184,1.36423
147,-14.5407,8.55836,1.78514
147,-14.3477,8.57693,1.34283
147,-14.3796,8.57314,1.34545
147,-12.7207,11.2183,0.858697
147,-14.3909,8.84647,1.46531
147,-12.8648,11.1623,1.04227
147,-12.7183,11.2866,0.842049
147,-14.4538,8.83096,1.46611
147,-12.7324,11.3221,0.832575
147,-13.7893,9.56471,0.818383
147,-14.5911,8.80131,1.14367
147,-14.5967,8.80384,1.14757
147,-16.7131,6.15189,2.25793
147,-12.4886,11.2597,-0.921739
147,-12.6453,11.6579,-0.279749
147,-14.5039,9.11361,0.456409
147,-12.676,11.76,-0.319711
147,-17.1243,6.14279,2.22574
147,-16.8466,8.58431,2.97098
147,-16.8404,8.59337,2.96681
147,-17.2844,5.6595,-0.0587792
147,-16.8966,8.62084,2.9693
147,-17.2953,6.17032,0.614179
147,-17.4939,7.13535,2.34725
147,-16.9562,8.58769,2.99985
147,-17.3917,5.67257,-0.099442
147,-16.9912,8.59691,2.76424
147,-13.3733,12.0311,-1.09944
147,-17.7589,6.35266,1.27123
147,-16.9689,8.66528,2.38881
147,-17.2833,8.73001,3.00016
147,-18.2569,6.66202,2.31412
147,-17.7711,6.16784,0.506367
147,-17.4804,8.76873,3.03068
147,-18.2722,7.53304,2.96378
147,-12.8699,8.82066,0.851295
146,-12.8699,8.82066,0.851295
147,-13.3853,6.87098,0.951125
146,-13.3853,6.87098,0.951125
147,-13.157,8.14913,1.10308
146,-13.157,8.14913,1.10308
147,-12.568,7.3459,0.768875
146,-12.568,7.3459,0.768875
147,-14.2395,8.6265,1.8149
146,-14.2395,8.6265,1.8149
147,-16.962,8.79523,2.35301
146,-16.962,8.79523,2.35301
147,-19.6614,13.7774,2.58114
146,-19.6614,13.7774,2.58114
147,-12.9357,8.88135,1.80511
146,-12.9357,8.88135,1.80511
147,-16.5932,17.9954,2.88313
146,-16.5932,17.9954,2.88313
147,-15.2005,14.2015,2.4092
146,-15.2005,14.2015,2.4092
147,-15.2418,16.0168,-0.134215
146,-15.2418,16.0168,-0.134215
147,-13.3123,8.84866,1.83255
146,-13.3123,8.84866,1.83255
147,-16.6186,12.3668,2.36538
146,-16.6186,12.3668,2.36538
147,-16.5932,17.9954,2.88313
146,-16.5932,17.9954,2.88313
147,-13.5934,5.91748,1.30196
146,-13.5934,5.91748,1.30196
147,-13.2531,6.12537,0.893258
146,-13.2531,6.12537,0.893258
147,-15.8856,8.34452,2.45203
146,-15.8856,8.34452,2.45203
147,-14.7958,6.69282,1.43143
146,-14.7958,6.69282,1.43143
147,-15.4023,15.5233,2.84356
146,-15.4023,15.5233,2.84356
147,-16.5502,8.65981,2.42388
146,-16.5502,8.65981,2.42388
147,-25.8295,6.56912,3.71045
146,-25.8295,6.56912,3.71045
147,-15.4876,11.0718,0.505634
146,-15.4876,11.0718,0.505634
147,-13.5657,5.91091,1.21449
146,-13.5657,5.91091,1.21449
147,-15.5409,11.1233,0.485739
146,-15.5409,11.1233,0.485739
147,-12.9389,9.58586,1.60221
146,-12.9389,9.58586,1.60221
147,-14.476,6.67081,1.73531
146,-14.476,6.67081,1.73531
147,-19.668,9.01878,2.83521
146,-19.668,9.01878,2.83521
147,-13.1833,7.69783,1.73232
146,-13.1833,7.69783,1.73232
147,-17.7392,9.20024,2.41283
146,-17.7392,9.20024,2.41283
147,-12.9763,7.20222,1.3938
145,-12.9763,7.20222,1.3938
147,-12.6407,7.11869,0.75352
145,-12.6407,7.11869,0.75352
147,-19.7242,8.67599,2.0435
145,-19.7242,8.67599,2.0435
147,-20.3012,11.3469,2.24977
145,-20.3012,11.3469,2.24977
147,-16.0967,13.5564,2.40277
145,-16.0967,13.5564,2.40277
147,-12.9801,9.44812,1.23196
145,-12.9801,9.44812,1.23196
147,-12.9401,7.51744,1.44632
145,-12.9401,7.51744,1.44632
147,-16.6699,10.5033,2.40808
145,-16.6699,10.5033,2.40808
147,-17.214,8.68795,2.40687
145,-17.214,8.68795,2.40687
147,-16.4525,11.7751,-0.13808
144,-16.4525,11.7751,-0.13808
147,-16.1778,14.201,2.23156
144,-16.1778,14.201,2.23156
147,-14.434,6.74196,1.85303
144,-14.434,6.74196,1.85303
147,-14.557,12.8327,2.4259
144,-14.557,12.8327,2.4259
147,-17.4729,7.3055,2.2345
144,-17.4729,7.3055,2.2345
147,-17.2326,7.25062,2.24689
144,-17.2326,7.25062,2.24689
147,-12.811,8.41123,0.861181
144,-12.811,8.41123,0.861181
147,-12.6531,7.26767,1.01521
143,-12.6531,7.26767,1.01521
147,-13.1876,8.77012,1.01254
143,-13.1876,8.77012,1.01254
147,-12.6822,7.83579,0.615247
143,-12.6822,7.83579,0.615247
147,-18.7362,8.73306,2.80322
142,-18.7362,8.73306,2.80322
147,-13.035,7.59465,1.39672
142,-13.035,7.59465,1.39672
147,-22.4013,12.9142,2.07583
140,-22.4013,12.9142,2.07583
147,-16.6556,13.027,-2.01408
137,-16.6556,13.027,-2.01408
147,-16.884,7.97974,2.23994
137,-16.884,7.97974,2.23994
147,-35.5591,18.2021,-3.7607
136,-35.5591,18.2021,-3.7607
148,-12.4949,7.31929,1.10254
148,-12.4788,7.35229,1.0952
148,-12.4822,7.35542,1.10435
148,-12.5082,7.33293,1.08241
148,-12.4939,7.31347,0.993646
148,-12.5366,7.2687,1.00606
148,-12.5257,7.27625,0.976691
148,-12.4815,7.32165,0.913307
148,-12.567,7.37498,1.08592
148,-12.4953,7.40181,0.937182
148,-12.5042,7.40778,0.920741
148,-12.4918,7.48471,0.91203
148,-12.9993,7.32568,1.62261
148,-13.0089,7.32548,1.62306
148,-13.0672,7.23636,1.57646
148,-13.1241,7.29321,1.7442
148,-13.0868,7.2447,1.56741
148,-12.9136,7.04805,0.82885
148,-13.1143,7.25796,1.58402
148,-13.0136,7.45142,1.63418
148,-12.8483,7.39359,1.11404
148,-12.9381,7.06188,0.810273
148,-12.9304,7.48813,1.36508
148,-12.9153,7.37539,1.14764
148,-12.9141,7.38391,1.12889
148,-12.9269,7.38221,1.13719
148,-13.1586,7.14836,1.30042
148,-12.9283,7.38346,1.13011
148,-13.1481,7.16196,1.2891
148,-12.9352,7.53147,1.35296
148,-13.1095,7.33271,1.38967
148,-13.173,7.16838,1.27247
148,-12.9938,7.57844,1.46447
148,-12.9739,7.38685,1.1082
148,-13.1494,7.119,1.10222
148,-13.1902,7.16874,1.26618
148,-13.2036,7.08064,1.1127
148,-13.2047,7.0896,1.11683
148,-12.4586,8.03928,0.838388
148,-12.4451,8.07092,0.854054
148,-13.2501,7.07218,1.13617
148,-13.3518,7.13783,1.44489
148,-13.1142,7.63693,1.63727
148,-13.3532,7.15412,1.44523
148,-13.1864,7.64665,1.77146
148,-13.5778,7.09315,1.80311
148,-12.4286,8.25167,0.845226
148,-12.7433,7.76693,0.818717
148,-12.4338,8.25732,0.837832
148,-13.0423,7.74521,1.32134
148,-13.0481,7.74437,1.31679
148,-13.4067,6.91207,0.848257
148,-12.4856,8.31868,0.852066
148,-12.5641,8.35005,0.881303
148,-12.571,8.36531,0.860901
148,-12.5966,8.37521,0.860068
148,-12.6424,8.36675,0.874776
148,-12.2844,9.22998,1.08236
148,-13.1424,7.95813,1.08786
148,-13.0148,8.0684,0.941768
148,-12.2908,9.24723,1.07179
148,-12.2877,9.20517,0.993081
148,-12.31,9.23782,1.09173
148,-12.2827,9.17627,0.93775
148,-12.2909,9.20981,0.996439
148,-13.1779,7.9417,1.07834
148,-13.8508,6.96894,1.13527
148,-13.1323,8.00003,1.02283
148,-12.3072,9.28233,1.08315
148,-12.2462,9.29617,0.946059
148,-12.2937,9.21575,0.91022
148,-13.0247,8.24477,1.099
148,-12.9998,8.24824,1.02827
148,-13.0271,8.25505,1.08846
148,-13.8924,6.98826,1.12568
148,-12.2597,9.32133,0.933506
148,-13.8361,6.99506,0.995527
148,-13.0401,8.25717,1.08782
148,-13.14,8.18095,1.15227
148,-13.2539,7.98096,1.10122
148,-13.1513,8.16047,1.13035
148,-12.3034,9.21192,0.791437
148,-12.3573,9.21596,0.914905
148,-13.1252,8.16399,1.06489
148,-13.1457,8.1431,1.07252
148,-12.906,8.38385,0.891641
148,-12.324,9.23031,0.805362
148,-13.0665,8.34831,1.13752
148,-12.3296,9.24305,0.797303
148,-12.4387,9.16816,0.897471
148,-12.3274,9.25692,0.77672
148,-13.1057,8.33337,1.14421
148,-12.3306,9.26389,0.764993
148,-12.9355,8.42462,0.863017
148,-12.6663,8.75513,0.736134
148,-13.1501,8.27211,1.09481
148,-14.5819,6.58079,1.75238
148,-12.4072,9.15748,0.70858
148,-12.4545,9.08432,0.700958
148,-12.6835,8.76001,0.727329
148,-13.1202,8.36999,1.1239
148,-12.3897,9.18432,0.687968
148,-12.4591,9.10147,0.698396
148,-14.5316,6.93845,2.09057
148,-12.4743,9.09517,0.681148
148,-13.1113,8.90805,1.82033
148,-12.3593,9.25486,0.618686
148,-12.4406,9.17612,0.678111
148,-12.8305,8.93968,1.19471
148,-12.4497,9.33588,0.924151
148,-13.1444,8.85348,1.72739
148,-12.9486,9.06892,1.59907
148,-12.6042,9.2812,1.12094
148,-12.4579,9.36133,0.909299
148,-12.8423,8.96575,1.17697
148,-12.3815,9.28835,0.599447
148,-12.6505,9.25905,1.14771
148,-13.0207,8.95601,1.52272
148,-12.5468,9.07916,0.636059
148,-12.9551,9.06076,1.517
148,-12.6161,9.30207,1.11137
148,-12.8093,9.36919,1.63039
148,-13.005,9.09079,1.64529
148,-13.0137,8.98938,1.49602
148,-13.175,8.89204,1.70901
148,-13.0353,8.98147,1.50917
148,-12.9592,9.08729,1.4692
148,-12.7007,9.25713,1.11345
148,-13.0327,9.01329,1.48489
148,-12.9347,9.12425,1.38856
148,-12.5187,9.51774,1.03919
148,-12.9423,9.07829,1.30582
148,-12.7218,9.40898,1.28349
148,-12.9995,9.03454,1.34667
148,-14.6914,6.54269,1.41659
148,-12.9709,9.05809,1.29628
148,-12.9725,9.05522,1.29494
148,-12.9747,9.05984,1.29254
148,-13.0164,9.07054,1.38865
148,-14.7421,6.459,1.36368
148,-12.7417,9.46745,1.36388
148,-12.9939,9.07177,1.2947
148,-12.9695,8.97395,1.08926
148,-13.0071,9.079,1.32707
148,-13.0282,9.04898,1.32705
148,-13.0804,9.3924,1.94554
148,-12.447,9.22233,0.246581
148,-13.0018,9.08139,1.2805
148,-14.2737,6.71014,0.586492
148,-12.4059,9.50146,0.520977
148,-12.5214,9.13539,0.215994
148,-13.4056,9.11275,2.09905
148,-13.0408,9.00825,1.11643
148,-12.5369,9.16247,0.186202
148,-12.8916,9.27477,1.05819
148,-12.211,10.1786,0.852533
148,-13.4247,9.18755,2.08808
148,-12.6366,9.67901,1.03104
148,-13.2135,8.80792,1.00197
148,-12.4175,9.52999,0.287912
148,-12.6484,9.69907,1.02226
148,-12.634,9.14271,0.123433
148,-13.2524,8.78885,0.941541
148,-13.2608,8.7969,0.942241
148,-12.2498,10.2476,0.809275
148,-12.2427,10.258,0.808332
148,-13.2713,8.80445,0.930644
148,-13.2664,8.98881,1.13238
148,-13.7939,8.73892,1.74865
148,-12.2888,10.3349,0.74591
148,-12.7008,9.23651,0.0299418
148,-13.4491,8.97904,1.06225
148,-13.894,8.80169,1.71633
148,-14.109,8.87881,2.11961
148,-14.2219,8.55111,1.83473
148,-12.8334,10.1385,1.08602
148,-14.2041,8.5934,1.83124
148,-13.6384,8.85747,0.954101
148,-14.2455,8.54286,1.84199
148,-14.2012,8.58948,1.81011
148,-14.1343,8.88813,2.10061
148,-14.1356,8.89431,2.10475
148,-14.1903,8.88009,2.16492
148,-12.8522,10.1646,1.07713
148,-14.2647,8.55494,1.84066
148,-14.254,8.46497,1.67168
148,-12.9386,10.081,1.12162
148,-14.2124,8.87095,2.16923
148,-14.2142,8.87011,2.17102
148,-12.9417,10.0925,1.11951
148,-14.1554,8.56479,1.54147
148,-14.2285,8.65995,1.80389
148,-14.3092,8.42729,1.5999
148,-14.1726,8.6111,1.55634
148,-14.1779,8.96935,2.10132
148,-14.2581,8.92532,2.15381
148,-12.9817,10.1504,1.0996
148,-14.1926,8.63437,1.54341
148,-14.3715,8.41064,1.60989
148,-14.3582,8.49444,1.68481
148,-14.2549,8.50492,1.39002
148,-13.6867,9.04714,0.917306
148,-14.2712,8.51563,1.39384
148,-14.2332,8.67369,1.52907
148,-14.2592,9.04402,2.08392
148,-14.3538,8.90456,2.0818
148,-14.4484,8.40396,1.53184
148,-14.2653,8.67348,1.51407
148,-14.3971,8.40477,1.40589
148,-14.2934,8.54141,1.36962
148,-14.5481,8.60698,1.9286
148,-14.466,8.42943,1.38576
148,-14.5074,8.81024,2.01946
148,-14.6426,8.65945,1.93115
148,-14.3166,8.71666,1.25594
148,-14.4473,8.78442,1.46396
148,-14.3015,8.93383,1.35266
148,-14.6262,8.43178,1.32029
148,-14.3114,8.9513,1.35472
148,-14.1372,9.24733,0.875254
148,-15.6821,6.44835,0.147503
148,-12.612,11.0684,0.104067
148,-12.5997,11.4795,0.558469
148,-12.6205,11.4939,0.546002
148,-12.739,11.7918,1.1063
148,-12.742,11.7911,1.10583
148,-12.649,11.5556,0.517385
148,-12.6819,12.1069,1.39794
148,-12.6874,12.1512,1.38883
148,-12.8427,11.604,0.741965
148,-12.4437,11.5999,-0.2068
148,-12.7187,11.3862,-0.050746
148,-12.8752,11.6607,0.693994
148,-12.8217,12.2342,1.35239
148,-12.4636,11.7384,-0.26913
148,-12.764,11.383,-0.236374
148,-17.1679,7.08971,3.23632
148,-12.4896,11.7966,-0.311028
148,-12.1079,12.0407,-0.996201
148,-12.9637,11.877,0.618484
148,-12.5484,11.4494,-1.03783
148,-12.4517,12.1623,-0.467775
148,-12.4729,12.1696,-0.47859
148,-17.3627,6.92442,2.51788
148,-17.3906,6.93717,2.53821
148,-12.6079,11.6698,-1.22091
148,-16.7438,6.12509,-0.37462
148,-17.3988,7.13878,2.4597
148,-17.2901,6.17905,0.617531
148,-12.4942,12.1872,-1.50861
148,-16.9363,8.64925,2.98846
148,-17.0696,8.69656,3.00637
148,-12.554,12.4916,-1.68445
148,-13.3041,11.8736,-0.982587
148,-12.5672,12.5059,-1.71784
148,-16.9442,8.69052,2.34881
148,-12.5602,12.5613,-1.75275
148,-17.0154,8.71259,2.33666
148,-17.7359,7.71989,2.27458
148,-17.1064,8.86541,2.34541
148,-13.4955,12.2367,-1.21768
148,-17.3243,8.98716,2.39164
148,-16.2148,8.77999,2.30256
147,-16.2148,8.77999,2.30256
148,-14.0054,9.10724,-0.185667
147,-14.0054,9.10724,-0.185667
148,-16.1441,13.5831,2.35367
147,-16.1441,13.5831,2.35367
148,-13.2954,7.18,1.43808
147,-13.2954,7.18,1.43808
148,-20.256,20.0095,1.99781
147,-20.256,20.0095,1.99781
148,-16.4596,14.105,2.37222
147,-16.4596,14.105,2.37222
148,-17.542,10.0884,2.33948
147,-17.542,10.0884,2.33948
148,-13.9781,9.08209,-0.160447
147,-13.9781,9.08209,-0.160447
148,-12.9393,6.83271,1.02909
147,-12.9393,6.83271,1.02909
148,-17.3739,10.8106,2.3298
147,-17.3739,10.8106,2.3298
148,-15.6114,17.0697,1.34775
147,-15.6114,17.0697,1.34775
148,-17.6988,10.1792,2.33552
147,-17.6988,10.1792,2.33552
148,-14.1011,9.08045,-0.263529
147,-14.1011,9.08045,-0.263529
148,-16.1223,16.8687,0.255724
147,-16.1223,16.8687,0.255724
148,-16.5067,12.2584,2.37137
147,-16.5067,12.2584,2.37137
148,-17.7411,9.1357,2.29922
147,-17.7411,9.1357,2.29922
148,-18.2876,8.8351,3.25393
147,-18.2876,8.8351,3.25393
148,-12.5052,6.98671,2.6016
147,-12.5052,6.98671,2.6016
148,-16.7531,7.8388,2.27128
147,-16.7531,7.8388,2.27128
148,-14.359,8.48564,1.69889
147,-14.359,8.48564,1.69889
148,-14.9489,15.6516,1.51964
147,-14.9489,15.6516,1.51964
148,-13.1936,7.846,1.15474
147,-13.1936,7.846,1.15474
148,-16.1898,17.2223,2.37037
147,-16.1898,17.2223,2.37037
148,-15.5254,16.9314,1.37038
147,-15.5254,16.9314,1.37038
148,-20.091,7.86507,3.01547
147,-20.091,7.86507,3.01547
148,-15.2825,16.3809,1.44132
147,-15.2825,16.3809,1.44132
148,-17.2753,9.9518,2.37549
147,-17.2753,9.9518,2.37549
148,-13.3211,8.10272,0.947169
147,-13.3211,8.10272,0.947169
148,-13.9219,8.98551,-0.105432
147,-13.9219,8.98551,-0.105432
148,-16.4901,12.3176,2.42598
147,-16.4901,12.3176,2.42598
148,-15.4714,16.9492,1.36187
147,-15.4714,16.9492,1.36187
148,-12.5062,8.28596,0.852803
147,-12.5062,8.28596,0.852803
148,-17.3329,13.2276,2.40988
147,-17.3329,13.2276,2.40988
148,-13.1186,7.59465,1.59753
146,-13.1186,7.59465,1.59753
148,-13.5742,8.77359,1.16944
146,-13.5742,8.77359,1.16944
148,-21.4742,12.0191,2.98247
146,-21.4742,12.0191,2.98247
148,-16.5229,14.2835,2.78216
146,-16.5229,14.2835,2.78216
148,-13.1222,8.34459,1.13834
146,-13.1222,8.34459,1.13834
148,-12.9795,9.11035,1.4702
146,-12.9795,9.11035,1.4702
148,-16.6319,12.1224,3.00675
146,-16.6319,12.1224,3.00675
148,-16.3287,11.7989,2.99918
146,-16.3287,11.7989,2.99918
148,-16.1519,13.6539,2.16784
146,-16.1519,13.6539,2.16784
148,-16.1907,15.4394,2.49311
146,-16.1907,15.4394,2.49311
148,-14.8475,6.32215,1.46276
146,-14.8475,6.32215,1.46276
148,-17.5847,9.21573,2.37877
146,-17.5847,9.21573,2.37877
148,-14.3653,6.9649,2.16869
146,-14.3653,6.9649,2.16869
148,-16.5764,13.9112,2.41696
145,-16.5764,13.9112,2.41696
148,-13.3125,7.5088,1.70208
145,-13.3125,7.5088,1.70208
148,-12.7171,8.20624,0.571374
145,-12.7171,8.20624,0.571374
148,-12.5907,9.63002,0.938445
145,-12.5907,9.63002,0.938445
148,-13.6572,7.10928,1.80563
145,-13.6572,7.10928,1.80563
148,-13.1282,7.667,1.60687
144,-13.1282,7.667,1.60687
148,-17.954,9.33363,2.34299
144,-17.954,9.33363,2.34299
148,-13.3854,6.46691,1.12408
144,-13.3854,6.46691,1.12408
148,-17.7104,9.19881,2.36016
144,-17.7104,9.19881,2.36016
148,-16.4924,9.02408,2.25868
143,-16.4924,9.02408,2.25868
148,-13.0498,9.02472,1.7481
143,-13.0498,9.02472,1.7481
148,-13.3148,8.87854,1.82189
142,-13.3148,8.87854,1.82189
148,-13.1805,8.65017,1.87082
142,-13.1805,8.65017,1.87082
148,-16.6316,12.3658,2.36185
140,-16.6316,12.3658,2.36185
148,-18.8581,8.76697,2.85402
140,-18.8581,8.76697,2.85402
148,-13.2515,8.96494,1.4676
140,-13.2515,8.96494,1.4676
148,-16.9307,8.89077,2.21332
136,-16.9307,8.89077,2.21332
148,-18.3617,8.77219,-4.11079
136,-18.3617,8.77219,-4.11079
149,-10.7979,6.91012,2.78768
149,-10.8626,7.49748,2.22211
149,-12.721,7.15685,1.32718
149,-12.748,7.1488,1.33122
149,-13.0057,7.33378,1.62669
149,-13.0223,7.26687,1.44793
149,-12.9374,7.35728,1.37542
149,-13.2958,7.16021,1.76898
149,-13.0602,7.2772,1.42191
149,-12.5122,7.69568,0.870924
149,-12.9105,7.40683,1.14948
149,-12.9596,7.4908,1.36818
149,-12.6181,7.73734,0.978951
149,-13.0314,7.2711,1.09459
149,-12.6283,7.75521,0.966618
149,-12.9321,7.45329,1.12089
149,-13.484,7.12712,1.75183
149,-12.6967,7.67692,0.944912
149,-12.7274,7.68686,0.921405
149,-13.2067,7.62268,1.82754
149,-13.3855,7.12896,1.40072
149,-13.0277,7.39731,1.0675
149,-13.5752,7.11316,1.77435
149,-13.3349,7.57227,1.93159
149,-13.3481,7.32713,1.48964
149,-12.9786,7.58403,1.10837
149,-13.5457,7.45268,2.05317
149,-13.0631,7.69395,1.24992
149,-12.8143,7.85636,0.946595
149,-13.6257,7.08182,1.11028
149,-13.0882,7.97532,1.0404
149,-13.0928,7.99228,1.02234
149,-13.1671,7.94144,1.09007
149,-13.1018,7.99718,1.01571
149,-12.9886,8.21507,1.12409
149,-13.9259,6.97898,1.11599
149,-13.2381,7.85149,1.05681
149,-13.2446,7.84688,1.05419
149,-12.2718,9.20255,1.10195
149,-12.2531,9.16327,0.982383
149,-13.1972,7.99629,1.05217
149,-13.2389,7.98374,1.08718
149,-13.2494,7.97261,1.07912
149,-14.4976,6.98959,2.15947
149,-12.294,9.23311,1.02444
149,-12.4871,8.84268,0.767446
149,-12.311,9.26314,1.01867
149,-13.0993,8.35523,1.12808
149,-13.209,8.18361,1.08157
149,-12.3142,9.21207,0.813879
149,-12.7194,8.9278,1.21259
149,-12.3127,9.23803,0.784715
149,-12.3249,9.21221,0.679285
149,-14.4272,6.83292,1.31365
149,-12.76,8.68415,0.744855
149,-13.2524,8.24293,1.07701
149,-12.7877,8.6803,0.741155
149,-12.7735,8.97783,1.18214
149,-13.1143,8.90382,1.79642
149,-12.4342,9.13148,0.696718
149,-12.4569,9.23204,0.909966
149,-12.4046,9.40385,1.04435
149,-12.4017,9.39464,0.999588
149,-12.7869,9.09194,1.32453
149,-12.5288,9.03072,0.660918
149,-13.2313,8.83994,1.83514
149,-12.6902,8.90016,0.73875
149,-12.4843,9.26724,0.887165
149,-12.8686,8.75207,0.852903
149,-12.7297,8.90797,0.734971
149,-12.946,9.08647,1.49332
149,-12.7739,9.28902,1.44361
149,-13.0364,9.01369,1.5569
149,-13.0868,8.98822,1.61968
149,-12.5134,8.96173,0.309417
149,-12.8013,9.21337,1.33553
149,-12.6548,8.80685,0.301003
149,-12.9592,9.103,1.41321
149,-12.9728,8.7352,0.838598
149,-12.9781,8.74453,0.854365
149,-12.7563,9.22105,1.15414
149,-12.8045,9.31552,1.41283
149,-13.1658,9.24312,2.07241
149,-13.0021,9.04931,1.39291
149,-12.7097,9.44291,1.38232
149,-13.0226,9.03943,1.33404
149,-13.0292,9.04173,1.3319
149,-14.4463,6.7846,0.693485
149,-13.0499,9.38342,1.92737
149,-13.0128,8.76243,0.823258
149,-12.8502,9.48807,1.65634
149,-12.474,9.13322,0.257996
149,-13.0565,8.99269,1.24602
149,-13.0484,9.41737,1.90499
149,-12.5007,9.1337,0.221131
149,-14.4827,6.76264,0.59385
149,-12.7636,9.50124,1.33939
149,-13.4064,8.9042,1.72842
149,-14.5297,6.77531,0.555591
149,-12.2066,10.0963,0.88596
149,-12.8337,8.8942,0.256598
149,-12.2259,10.1066,0.882429
149,-12.4102,9.60638,0.445151
149,-12.9095,8.81975,0.191382
149,-12.1948,10.1695,0.851285
149,-12.2065,10.1664,0.845617
149,-12.2685,10.1591,0.894269
149,-12.5036,9.79625,0.806185
149,-12.2523,10.1605,0.848215
149,-13.3018,9.01835,1.10909
149,-12.5294,9.85082,0.768064
149,-12.2418,10.256,0.795877
149,-12.2893,10.236,0.85716
149,-13.3151,9.06619,1.13509
149,-12.2971,10.2496,0.849116
149,-12.3117,10.2521,0.854149
149,-13.4275,8.86898,0.949214
149,-13.8832,8.78163,1.72825
149,-13.4186,9.0111,1.09678
149,-13.5544,8.78516,1.01621
149,-12.3468,10.2747,0.848123
149,-13.4214,9.01948,1.10443
149,-12.3484,10.28,0.83752
149,-13.4921,8.94608,1.05337
149,-13.506,8.95082,1.06693
149,-13.5845,8.82381,1.0039
149,-13.5975,8.81291,0.979627
149,-14.134,8.89831,2.09605
149,-14.195,8.87697,2.11998
149,-14.3014,8.57903,1.81323
149,-14.2262,8.90103,2.15923
149,-14.3457,8.48127,1.71137
149,-13.9881,8.3412,0.701836
149,-14.3509,8.41182,1.52674
149,-14.3169,8.52073,1.60862
149,-14.3664,8.4975,1.67621
149,-14.3233,8.52649,1.60974
149,-13.8393,8.8363,1.0537
149,-14.3776,8.4577,1.58241
149,-14.4102,8.40178,1.53592
149,-14.4793,8.48866,1.80319
149,-14.3207,8.49249,1.461
149,-12.8795,10.2155,1.125
149,-14.2699,8.62705,1.50626
149,-14.207,8.72565,1.51696
149,-14.248,8.6136,1.41719
149,-14.264,8.61838,1.41402
149,-14.5236,8.60785,1.93786
149,-14.5326,8.43424,1.663
149,-14.2778,8.6916,1.52166
149,-14.2814,8.68356,1.51035
149,-12.9136,10.2524,1.12373
149,-14.5485,8.60574,1.93966
149,-14.4254,8.47,1.34252
149,-14.2592,8.67827,1.30947
149,-14.476,8.45928,1.36408
149,-14.6102,8.55784,1.7971
149,-14.264,8.71184,1.28722
149,-14.5621,8.41676,1.35903
149,-14.66,8.51427,1.60272
149,-14.6507,8.41288,1.32151
149,-14.2683,8.56951,0.698353
149,-14.7927,8.45627,1.51279
149,-14.8674,8.49925,1.47939
149,-14.8847,8.50255,1.47497
149,-12.2082,11.6438,0.585026
149,-12.1437,11.8485,0.550665
149,-12.2238,12.0241,0.881853
149,-12.2676,11.8403,0.667283
149,-12.2771,11.8671,0.643799
149,-12.6435,11.9015,1.46094
149,-12.287,11.8784,0.625041
149,-12.1926,12.1487,0.772371
149,-12.3691,11.7616,0.496623
149,-12.2741,11.8827,0.477046
149,-12.1202,12.1084,0.505411
149,-12.1253,12.1116,0.490309
149,-12.7167,11.9127,1.43203
149,-12.2939,11.8954,0.470134
149,-12.291,11.9425,0.461256
149,-13.9909,9.17811,-0.407188
149,-12.6791,11.1695,-0.0476928
149,-12.67,12.0797,1.40294
149,-12.6764,12.0802,1.40509
149,-12.1535,12.1899,0.447107
149,-12.7341,11.5805,0.631441
149,-12.5759,12.0652,1.03294
149,-12.696,11.9597,1.09521
149,-12.1763,12.273,0.417556
149,-12.5833,11.4491,-0.146688
149,-12.7028,11.3006,-0.155213
149,-12.436,11.6261,-0.212832
149,-12.1613,11.5795,-0.95233
149,-12.7668,11.9961,1.00653
149,-12.1032,12.0316,-0.408486
149,-12.1638,11.6082,-0.974459
149,-12.717,11.3708,-0.221069
149,-14.1585,9.30804,-0.56877
149,-12.9056,11.7087,0.658913
149,-12.0909,11.9199,-0.761398
149,-12.7501,11.4669,-0.1136
149,-12.4891,11.3303,-0.955394
149,-12.5508,11.3179,-0.944959
149,-12.5252,11.3563,-0.967903
149,-12.9401,11.8203,0.624241
149,-14.2917,9.15253,-0.882282
149,-12.6862,12.3727,0.909814
149,-12.3881,12.0092,-0.382535
149,-12.1344,12.1355,-0.892651
149,-12.5316,11.9719,-0.427561
149,-17.1081,8.54637,3.16556
149,-12.432,13.4768,0.664555
149,-12.5692,13.503,0.733734
149,-12.5877,13.5156,0.715073
149,-17.1494,8.91277,2.98799
149,-12.4946,13.6982,0.608469
149,-12.6228,13.6118,0.688891
149,-13.2516,11.7723,-0.981647
149,-13.135,11.7063,-1.56127
149,-17.0218,8.93377,2.22325
149,-13.3077,11.8829,-0.967673
149,-12.6739,13.8477,0.620477
149,-12.5668,13.937,0.513668
149,-13.3685,11.9702,-1.02589
149,-13.3778,11.9977,-1.04907
149,-17.9559,8.76928,3.23569
149,-13.4821,12.1496,-1.1515
149,-12.4175,8.89053,0.786192
148,-12.4175,8.89053,0.786192
149,-19.6313,14.0215,2.29565
148,-19.6313,14.0215,2.29565
149,-18.1686,14.5884,2.05197
148,-18.1686,14.5884,2.05197
149,-16.5139,12.7643,2.21494
148,-16.5139,12.7643,2.21494
149,-16.5855,14.5165,2.13821
148,-16.5855,14.5165,2.13821
149,-13.3425,8.49559,0.387403
148,-13.3425,8.49559,0.387403
149,-15.2487,10.0239,-1.33909
148,-15.2487,10.0239,-1.33909
149,-16.081,13.8299,2.17226
148,-16.081,13.8299,2.17226
149,-16.4626,14.3466,2.14985
148,-16.4626,14.3466,2.14985
149,-15.5609,10.0616,-1.59773
148,-15.5609,10.0616,-1.59773
149,-20.4002,14.6744,2.27896
148,-20.4002,14.6744,2.27896
149,-18.2914,10.4745,2.29218
148,-18.2914,10.4745,2.29218
149,-18.7979,10.6197,2.24458
148,-18.7979,10.6197,2.24458
149,-15.1177,15.0233,-0.20567
148,-15.1177,15.0233,-0.20567
149,-16.1811,15.7399,2.28839
148,-16.1811,15.7399,2.28839
149,-13.4652,7.67791,1.86801
148,-13.4652,7.67791,1.86801
149,-12.7794,9.41379,1.42986
148,-12.7794,9.41379,1.42986
149,-15.7202,15.2941,-0.547688
148,-15.7202,15.2941,-0.547688
149,-16.1304,18.266,1.49658
148,-16.1304,18.266,1.49658
149,-16.5868,12.8424,2.21576
148,-16.5868,12.8424,2.21576
149,-15.5668,15.8408,-0.484333
148,-15.5668,15.8408,-0.484333
149,-14.7679,15.3165,2.17192
148,-14.7679,15.3165,2.17192
149,-15.5936,14.9879,2.39242
148,-15.5936,14.9879,2.39242
149,-13.1737,7.66791,1.36496
148,-13.1737,7.66791,1.36496
149,-16.5892,14.5224,2.13584
148,-16.5892,14.5224,2.13584
149,-20.487,11.7185,3.15756
148,-20.487,11.7185,3.15756
149,-12.7987,8.41956,0.449405
148,-12.7987,8.41956,0.449405
149,-13.0356,8.65192,0.183034
148,-13.0356,8.65192,0.183034
149,-16.3797,14.2337,2.15357
148,-16.3797,14.2337,2.15357
149,-15.182,15.4155,2.54995
148,-15.182,15.4155,2.54995
149,-23.1927,12.9115,1.9895
148,-23.1927,12.9115,1.9895
149,-18.4072,8.6318,2.83972
148,-18.4072,8.6318,2.83972
149,-22.3815,12.4873,2.04128
148,-22.3815,12.4873,2.04128
149,-18.6813,8.41253,3.25336
148,-18.6813,8.41253,3.25336
149,-19.4221,8.59992,3.30406
148,-19.4221,8.59992,3.30406
149,-14.7561,9.45224,-0.874084
148,-14.7561,9.45224,-0.874084
149,-12.9252,6.96114,1.51681
148,-12.9252,6.96114,1.51681
149,-16.3725,10.0465,2.45889
148,-16.3725,10.0465,2.45889
149,-14.5939,13.9758,0.188626
148,-14.5939,13.9758,0.188626
149,-18.6021,8.46136,3.22636
148,-18.6021,8.46136,3.22636
149,-19.7765,7.80147,2.97405
148,-19.7765,7.80147,2.97405
149,-14.9531,15.8021,1.57067
148,-14.9531,15.8021,1.57067
149,-17.4504,10.0474,2.34866
147,-17.4504,10.0474,2.34866
149,-19.8511,11.0659,1.94913
147,-19.8511,11.0659,1.94913
149,-16.7401,11.3206,2.21011
147,-16.7401,11.3206,2.21011
149,-20.5109,11.3954,2.1554
147,-20.5109,11.3954,2.1554
149,-12.769,8.52259,0.466862
147,-12.769,8.52259,0.466862
149,-14.553,8.47061,1.66921
147,-14.553,8.47061,1.66921
149,-16.4265,16.5435,0.121746
147,-16.4265,16.5435,0.121746
149,-11.4996,7.09054,2.07022
147,-11.4996,7.09054,2.07022
149,-12.8471,9.27439,1.30763
147,-12.8471,9.27439,1.30763
149,-13.1794,9.00253,1.37347
147,-13.1794,9.00253,1.37347
149,-12.7263,8.51466,0.517638
146,-12.7263,8.51466,0.517638
149,-13.142,8.38295,1.10364
146,-13.142,8.38295,1.10364
149,-13.2676,7.16478,1.01279
146,-13.2676,7.16478,1.01279
149,-21.3009,11.4754,1.85162
146,-21.3009,11.4754,1.85162
149,-13.164,8.40099,1.09852
146,-13.164,8.40099,1.09852
149,-14.597,6.85136,1.24128
146,-14.597,6.85136,1.24128
149,-18.6991,8.09447,3.06085
146,-18.6991,8.09447,3.06085
149,-12.6998,9.40868,1.392
146,-12.6998,9.40868,1.392
149,-13.4488,7.62353,1.97045
146,-13.4488,7.62353,1.97045
149,-13.1261,8.17317,1.15584
145,-13.1261,8.17317,1.15584
149,-12.9805,9.07357,1.39837
145,-12.9805,9.07357,1.39837
149,-13.0377,9.30669,1.48494
145,-13.0377,9.30669,1.48494
149,-17.1788,10.3723,2.19951
143,-17.1788,10.3723,2.19951
149,-74.7812,59.4989,5.58544
140,-74.7812,59.4989,5.58544
149,-75.813,60.4002,5.61023
140,-75.813,60.4002,5.61023
149,-12.9311,7.62719,1.51662
140,-12.9311,7.62719,1.51662
149,-13.5511,7.91299,0.711057
139,-13.5511,7.91299,0.711057
149,-16.4173,14.1436,2.49596
139,-16.4173,14.1436,2.49596
150,-12.9526,7.35963,1.36352
150,-12.9464,7.43515,1.33954
150,-12.9269,7.49317,1.35188
150,-12.9274,7.5116,1.35283
150,-12.9194,7.44975,1.1343
150,-12.9866,7.58076,1.47404
150,-12.9834,7.59392,1.42947
150,-13.0251,7.5917,1.44566
150,-12.9555,7.50233,1.10794
150,-12.9595,7.50376,1.09746
150,-12.999,7.59808,1.08569
150,-13.0806,7.77061,1.34549
150,-12.584,8.37546,0.841048
150,-13.1238,8.00985,0.951651
150,-13.1646,8.04314,1.03001
150,-13.226,7.97598,1.03138
150,-12.7768,8.88684,1.76585
150,-13.1669,8.01873,0.983599
150,-13.1751,8.05103,1.05191
150,-13.2344,7.99079,1.01959
150,-13.1548,8.13513,1.06969
150,-13.2732,8.01281,1.0721
150,-13.1615,8.19518,1.13674
150,-13.218,8.06265,1.00274
150,-13.0797,8.26608,1.05881
150,-13.1865,8.17257,1.09448
150,-13.3019,8.01754,1.04669
150,-12.9849,8.83115,1.86511
150,-12.8434,8.90865,1.71543
150,-12.9198,8.88836,1.78987
150,-12.4589,8.84975,0.775901
150,-12.2544,9.19038,0.961414
150,-13.3246,8.03761,1.03524
150,-12.4548,8.87525,0.763929
150,-12.2544,9.1476,0.833566
150,-12.8616,8.96254,1.71763
150,-13.0257,8.85575,1.8427
150,-12.2284,9.28404,0.959531
150,-13.1207,8.39614,1.09363
150,-12.28,9.19637,0.802588
150,-12.4075,9.01992,0.735241
150,-12.7815,8.64256,0.768089
150,-12.3384,9.27055,1.00132
150,-12.364,9.30412,0.987292
150,-12.2656,9.28604,0.745295
150,-12.8875,8.67639,0.904907
150,-12.2766,9.30911,0.727046
150,-12.9273,8.98467,1.45447
150,-12.9177,8.98048,1.42531
150,-12.3727,9.32816,0.94272
150,-12.9121,8.693,0.882888
150,-12.9104,8.99344,1.42325
150,-12.4019,9.17012,0.692315
150,-12.9245,8.70661,0.876668
150,-12.2983,9.32647,0.706172
150,-12.3402,9.24834,0.623694
150,-12.6704,9.29137,1.36653
150,-12.4313,9.17613,0.664468
150,-12.4066,9.02277,0.332357
150,-12.9647,9.00811,1.43875
150,-12.9529,9.02444,1.40186
150,-12.9548,9.08831,1.50734
150,-12.7568,9.2221,1.34567
150,-12.4105,9.061,0.31417
150,-12.6599,9.26464,1.17332
150,-12.7241,8.73135,0.321012
150,-12.8689,9.02331,1.14473
150,-12.6478,9.29035,1.14789
150,-12.4027,9.42104,0.874814
150,-12.4243,9.08181,0.293287
150,-12.5227,8.96303,0.271326
150,-12.2237,9.64165,0.831903
150,-13.1365,8.75455,1.04354
150,-12.9927,9.14211,1.45132
150,-12.8591,9.35506,1.55915
150,-13.3039,8.88794,1.59901
150,-13.1282,8.97642,1.39748
150,-13.6349,8.64954,1.79722
150,-12.6764,9.38999,1.12424
150,-13.6602,8.65995,1.78766
150,-13.0688,9.41075,1.91921
150,-12.6978,9.40574,1.11166
150,-12.6647,9.48917,1.18431
150,-12.9731,9.4904,1.79899
150,-13.1221,9.43465,1.96945
150,-12.6857,9.51002,1.17255
150,-13.2423,8.84408,1.0815
150,-12.1924,10.1786,0.83223
150,-12.1963,10.18,0.828103
150,-12.2157,10.1892,0.820624
150,-14.1701,8.57346,1.83765
150,-13.3406,9.06571,1.01084
150,-12.2176,10.2186,0.80729
150,-14.2143,8.54677,1.80381
150,-13.3517,9.0806,1.00083
150,-13.3726,9.07512,0.995067
150,-14.2505,8.55026,1.77376
150,-13.6077,8.88662,1.00318
150,-14.2025,8.87121,2.10098
150,-14.172,8.92404,2.08552
150,-13.6486,8.90934,0.984994
150,-14.3631,8.44687,1.59648
150,-14.3876,8.46206,1.58242
150,-14.2913,8.91071,2.15231
150,-14.4077,8.44164,1.39555
150,-14.2774,8.68814,1.49945
150,-14.3421,8.94839,2.07707
150,-14.4908,8.39969,1.38539
150,-14.5096,8.40417,1.38701
150,-14.5135,8.80583,2.01779
150,-12.9033,10.1936,1.04827
150,-14.1521,8.96264,1.31991
150,-14.2452,8.53303,0.689897
150,-14.3523,8.76994,1.23934
150,-14.3901,8.80073,1.25388
150,-14.3297,8.56205,0.640956
150,-14.3567,8.57485,0.633745
150,-12.2258,11.1303,0.767605
150,-14.2062,8.80481,0.510517
150,-14.2499,8.81539,0.478028
150,-12.2646,11.2225,0.718015
150,-14.3272,8.89137,0.445934
150,-14.3276,8.89625,0.44594
150,-13.0358,10.5402,0.787595
150,-14.378,9.09162,0.678482
150,-14.3886,9.10217,0.670618
150,-15.0937,8.45122,0.712832
150,-15.1015,8.46431,0.734221
150,-12.5723,11.3204,0.734871
150,-12.612,11.3316,0.758248
150,-12.6171,11.3652,0.742545
150,-12.6109,11.3906,0.711319
150,-15.2029,8.47184,0.666294
150,-12.6642,11.6818,1.25568
150,-12.7781,11.4449,0.808378
150,-12.6266,11.2248,0.0749726
150,-12.6963,11.9025,1.43823
150,-14.4528,8.83298,-0.543586
150,-12.7038,11.9321,1.42929
150,-12.7089,11.9723,1.41305
150,-12.2383,11.6607,-0.163127
150,-12.1385,12.1895,0.460712
150,-12.6555,11.9778,1.09541
150,-12.7078,12.1349,1.38615
150,-12.6926,11.9751,0.999651
150,-12.6978,11.309,-0.199296
150,-12.7015,12.0221,1.06477
150,-12.6977,12.2127,1.37123
150,-12.6784,12.0636,1.05938
150,-12.098,12.0012,-0.270295
150,-12.6693,12.0873,1.0481
150,-12.0982,12.0497,-0.271375
150,-12.715,12.2585,1.3599
150,-12.229,12.2941,0.432305
150,-12.7173,12.2875,1.34478
150,-12.4769,11.3073,-0.926091
150,-12.1139,12.0982,-0.315339
150,-12.6468,12.245,0.983827
150,-12.0967,11.9566,-0.666182
150,-12.3235,11.9084,-0.317234
150,-12.7582,11.5176,-0.155171
150,-12.131,12.1559,-0.347303
150,-12.4631,11.8081,-0.340851
150,-12.1938,11.7563,-1.07685
150,-12.7024,12.3508,1.0263
150,-12.5454,11.441,-1.04285
150,-12.1104,12.0907,-0.808699
150,-12.1483,11.8688,-1.16262
150,-12.1589,12.2978,-0.393226
150,-12.1315,12.1693,-0.845771
150,-12.144,12.19,-0.804856
150,-12.5477,11.5625,-1.13332
150,-12.1389,12.2012,-0.871711
150,-12.2534,11.9626,-1.24783
150,-12.5159,11.7585,-1.26441
150,-12.6225,12.4755,0.118457
150,-12.4245,13.2215,1.0402
150,-12.4818,13.1923,0.823222
150,-12.7117,13.0512,0.967059
150,-12.4193,12.0883,-1.4489
150,-13.4911,11.4187,-0.867013
150,-17.4572,8.76229,2.37822
150,-17.4166,8.78806,2.33678
150,-11.8346,13.8443,0.0899498
150,-12.4448,13.892,1.42004
150,-12.4243,13.9079,1.40493
150,-12.4157,13.8484,1.11864
150,-11.8444,13.9162,0.0568678
150,-16.2658,10.1808,2.2306
150,-12.4308,14.0364,1.38946
150,-11.8558,13.9558,0.0445902
150,-16.6833,8.91521,0.730996
150,-12.4368,14.0695,1.39243
150,-18.4575,8.37195,3.2351
150,-12.439,14.1298,1.38029
150,-12.3754,14.1817,1.07139
150,-12.559,12.4614,-1.73061
150,-12.5773,14.0213,1.06931
150,-18.2726,8.62445,2.85007
150,-12.8439,13.7423,1.04092
150,-12.5051,14.2918,1.32768
150,-12.4209,14.2209,1.01604
150,-13.6578,11.6878,-1.09763
150,-13.447,11.9706,-1.04845
150,-11.8419,13.871,-0.893636
150,-11.9161,14.2481,-0.0757718
150,-16.6033,10.346,2.36161
150,-12.8555,13.8717,0.986473
150,-12.9148,13.8518,0.987119
150,-12.56,14.4293,1.3051
150,-18.8884,8.456,3.26779
150,-12.1507,14.7341,0.895282
150,-18.485,8.67255,2.82314
150,-17.9967,9.32501,2.95618
150,-17.2378,8.80845,0.457474
150,-16.1697,16.1248,0.744164
149,-16.1697,16.1248,0.744164
150,-16.0681,17.9755,-0.105235
149,-16.0681,17.9755,-0.105235
150,-16.1277,16.8929,0.271958
149,-16.1277,16.8929,0.271958
150,-15.4076,15.5954,-0.406589
149,-15.4076,15.5954,-0.406589
150,-16.6561,15.3805,-0.60353
149,-16.6561,15.3805,-0.60353
150,-16.2784,16.184,2.32672
149,-16.2784,16.184,2.32672
150,-15.7208,13.9256,2.40606
149,-15.7208,13.9256,2.40606
150,-15.294,10.2149,2.35551
149,-15.294,10.2149,2.35551
150,-14.8851,9.54785,-1.01551
149,-14.8851,9.54785,-1.01551
150,-15.6697,16.9375,-0.426061
149,-15.6697,16.9375,-0.426061
150,-15.2057,15.2048,-1.52578
149,-15.2057,15.2048,-1.52578
150,-15.5684,16.7528,-0.369781
149,-15.5684,16.7528,-0.369781
150,-16.7197,17.9575,0.00382577
149,-16.7197,17.9575,0.00382577
150,-16.7244,15.7116,2.41724
149,-16.7244,15.7116,2.41724
150,-15.1462,9.72586,-1.25163
149,-15.1462,9.72586,-1.25163
150,-12.8898,9.1285,1.06687
149,-12.8898,9.1285,1.06687
150,-16.6659,10.4324,3.34714
149,-16.6659,10.4324,3.34714
150,-14.5977,8.75251,1.72494
149,-14.5977,8.75251,1.72494
150,-15.1281,9.71247,-1.23228
149,-15.1281,9.71247,-1.23228
150,-19.6495,14.0737,3.16819
149,-19.6495,14.0737,3.16819
150,-13.2208,15.8808,1.51069
149,-13.2208,15.8808,1.51069
150,-20.1517,13.6243,2.973
149,-20.1517,13.6243,2.973
150,-34.772,16.1997,5.53983
149,-34.772,16.1997,5.53983
150,-15.4636,15.7044,-0.435527
149,-15.4636,15.7044,-0.435527
150,-13.1643,15.66,1.54778
149,-13.1643,15.66,1.54778
150,-17.4929,10.0763,2.34602
149,-17.4929,10.0763,2.34602
150,-14.4941,8.48636,1.79261
149,-14.4941,8.48636,1.79261
150,-16.5617,12.0397,2.42835
149,-16.5617,12.0397,2.42835
150,-13.2494,7.15602,1.79428
149,-13.2494,7.15602,1.79428
150,-13.664,8.84818,1.11963
149,-13.664,8.84818,1.11963
150,-12.856,9.4536,1.62848
149,-12.856,9.4536,1.62848
150,-15.2876,15.39,-0.315407
149,-15.2876,15.39,-0.315407
150,-13.7187,7.78076,1.77071
149,-13.7187,7.78076,1.77071
150,-18.5327,9.58004,2.30364
149,-18.5327,9.58004,2.30364
150,-17.8404,8.87998,3.08734
149,-17.8404,8.87998,3.08734
150,-11.9767,11.2888,0.789703
149,-11.9767,11.2888,0.789703
150,-16.5416,14.446,2.61064
149,-16.5416,14.446,2.61064
150,-13.255,8.7952,0.938488
148,-13.255,8.7952,0.938488
150,-12.6451,9.22888,1.50819
148,-12.6451,9.22888,1.50819
150,-16.2462,15.867,2.28319
148,-16.2462,15.867,2.28319
150,-16.2686,14.745,2.21217
148,-16.2686,14.745,2.21217
150,-17.5274,11.7216,2.15902
148,-17.5274,11.7216,2.15902
150,-12.9058,9.04467,1.1257
148,-12.9058,9.04467,1.1257
150,-15.8943,16.6691,3.48789
148,-15.8943,16.6691,3.48789
150,-15.8187,16.4082,2.84908
148,-15.8187,16.4082,2.84908
150,-14.5401,8.60454,1.92587
148,-14.5401,8.60454,1.92587
150,-14.9769,15.8288,-0.43016
148,-14.9769,15.8288,-0.43016
150,-15.2412,15.2543,-0.292093
148,-15.2412,15.2543,-0.292093
150,-13.6802,12.3279,-1.3284
148,-13.6802,12.3279,-1.3284
150,-14.9677,16.3133,2.95278
148,-14.9677,16.3133,2.95278
150,-16.6184,10.3127,2.37983
148,-16.6184,10.3127,2.37983
150,-17.0442,8.86665,2.99397
148,-17.0442,8.86665,2.99397
150,-13.6388,12.2012,-1.22456
148,-13.6388,12.2012,-1.22456
150,-15.178,17.4375,2.94488
148,-15.178,17.4375,2.94488
150,-12.7444,9.47311,1.10968
148,-12.7444,9.47311,1.10968
150,-16.1093,18.2503,1.18317
148,-16.1093,18.2503,1.18317
150,-13.4593,7.72232,1.81374
148,-13.4593,7.72232,1.81374
150,-17.0802,9.83978,2.40152
148,-17.0802,9.83978,2.40152
150,-12.3615,8.86549,1.02152
147,-12.3615,8.86549,1.02152
150,-18.7887,13.1057,2.01349
147,-18.7887,13.1057,2.01349
150,-16.7052,10.7642,2.22571
147,-16.7052,10.7642,2.22571
150,-12.8507,9.05201,1.60728
147,-12.8507,9.05201,1.60728
150,-20.1326,14.1959,2.58899
147,-20.1326,14.1959,2.58899
150,-15.7356,16.2849,2.38875
147,-15.7356,16.2849,2.38875
150,-14.2144,8.54852,1.84847
147,-14.2144,8.54852,1.84847
150,-15.4593,15.7239,2.40757
147,-15.4593,15.7239,2.40757
150,-17.0824,13.7706,2.15458
146,-17.0824,13.7706,2.15458
150,-12.6609,9.82846,1.01084
146,-12.6609,9.82846,1.01084
150,-15.8268,16.5999,0.798215
145,-15.8268,16.5999,0.798215
150,-13.6327,9.154,1.69234
145,-13.6327,9.154,1.69234
150,-13.0599,7.59676,1.37759
145,-13.0599,7.59676,1.37759
150,-13.725,9.02381,1.63005
143,-13.725,9.02381,1.63005
150,-14.2397,8.82245,2.10792
142,-14.2397,8.82245,2.10792
150,-13.1407,8.79989,1.49193
140,-13.1407,8.79989,1.49193
150,-13.1487,8.82157,1.48311
140,-13.1487,8.82157,1.48311
151,-10.9405,8.1757,2.65548
151,-12.9975,7.95295,0.969933
151,-12.5464,8.34936,0.872045
151,-12.8705,8.37074,0.912734
151,-13.1703,8.18648,1.096
151,-13.182,8.19557,1.12382
151,-12.8999,8.37938,0.893569
151,-13.1122,8.36142,1.11859
151,-13.0402,8.87329,1.85146
151,-13.1565,8.35241,1.12026
151,-12.8799,8.96557,1.70172
151,-13.1509,8.36041,1.11274
151,-13.1084,8.39753,1.10153
151,-13.0542,8.88578,1.84764
151,-12.2211,9.21872,0.927553
151,-12.4179,8.94093,0.756452
151,-12.4247,8.94049,0.762281
151,-12.2257,9.2677,0.969501
151,-12.231,9.23641,0.917372
151,-13.0841,8.93055,1.83516
151,-12.2317,9.28995,0.953056
151,-12.2405,9.29008,0.952149
151,-13.1051,8.92929,1.81975
151,-12.3329,9.25238,1.00175
151,-13.1471,8.916,1.80438
151,-12.2948,9.19942,0.813493
151,-12.2964,9.20264,0.781276
151,-12.7013,8.76706,0.691159
151,-12.7886,8.70273,0.713889
151,-13.0067,8.99467,1.57075
151,-12.9404,9.01876,1.48577
151,-12.2805,9.34592,0.905582
151,-12.2521,9.35793,0.857436
151,-12.9309,8.70245,0.866319
151,-12.3965,9.14947,0.698354
151,-12.3658,9.1792,0.682236
151,-12.9417,8.99284,1.35436
151,-12.3044,9.22892,0.646861
151,-12.6277,9.24648,1.17458
151,-12.8016,9.1731,1.32609
151,-12.756,9.13119,1.13398
151,-12.7563,9.27697,1.33039
151,-12.6412,9.25043,1.08348
151,-13.0418,9.3501,1.91294
151,-12.3635,9.33389,0.662745
151,-13.1613,8.76354,1.0295
151,-13.3025,9.2535,2.08643
151,-13.0511,9.05432,1.29133
151,-13.3036,9.26282,2.07733
151,-12.3521,9.20916,0.323224
151,-13.0785,9.3965,1.90446
151,-13.0742,9.40114,1.90304
151,-13.0761,9.41809,1.92996
151,-12.1906,9.69224,0.867406
151,-13.0508,9.43491,1.90155
151,-13.3249,9.27272,2.0727
151,-12.9641,9.47623,1.797
151,-12.7349,9.44481,1.33188
151,-13.0998,9.40757,1.89929
151,-13.0436,9.46219,1.87462
151,-13.3329,9.2857,2.06227
151,-13.0723,9.44962,1.88596
151,-13.1096,9.43497,1.91778
151,-13.3463,9.29538,2.06793
151,-12.8941,9.4737,1.58601
151,-12.2111,9.73796,0.841356
151,-13.2093,9.0298,1.33654
151,-12.3903,9.24382,0.278229
151,-13.2215,9.03442,1.33219
151,-12.6728,9.49753,1.18136
151,-12.6742,9.46856,1.12304
151,-12.9069,9.50663,1.58121
151,-13.2693,9.03671,1.38741
151,-12.9605,9.57503,1.7243
151,-13.3441,8.78031,0.993772
151,-14.1984,8.54308,1.80745
151,-12.5799,9.66181,0.890593
151,-12.5845,9.66738,0.885909
151,-13.3218,9.01273,1.01874
151,-12.5872,9.67019,0.888955
151,-12.5932,9.67417,0.878783
151,-14.2737,8.56522,1.83275
151,-13.3334,9.07107,1.06354
151,-13.3407,9.07779,1.05975
151,-14.3859,8.46318,1.79311
151,-13.4864,8.97389,1.05604
151,-14.4489,8.75615,2.02024
151,-14.3063,8.66329,1.45822
151,-14.5099,8.78089,2.01694
151,-12.9439,9.84254,1.06333
151,-12.9428,9.85873,1.06373
151,-14.3867,8.68773,1.44463
151,-14.7638,8.43866,1.55607
151,-14.6634,8.35925,1.24076
151,-12.8693,10.0691,1.06024
151,-12.8317,10.1245,1.08988
151,-14.682,8.37169,1.2277
151,-12.8611,10.1684,1.05855
151,-12.8743,10.1767,1.04883
151,-14.2158,9.00554,1.30055
151,-14.4399,8.76274,1.21844
151,-14.4991,8.95404,1.24029
151,-12.2314,11.1949,0.747365
151,-12.2468,11.2303,0.730991
151,-12.5422,11.1731,0.707549
151,-15.5037,8.54922,1.17929
151,-12.5577,11.2084,0.68859
151,-12.709,11.3163,0.8154
151,-12.4855,11.462,0.564706
151,-12.6055,11.1605,0.0969005
151,-12.1081,12.1253,0.556026
151,-12.1076,12.1005,0.49047
151,-12.1252,12.1205,0.462854
151,-12.2827,11.9615,0.421494
151,-15.6801,8.4626,0.164213
151,-12.685,11.985,1.066
151,-12.1303,12.1898,0.453233
151,-12.7746,12.1336,1.37854
151,-12.6492,12.0512,1.01047
151,-17.0384,8.84496,3.00863
151,-12.6985,12.2314,1.35204
151,-12.6514,12.0795,0.997372
151,-12.7581,11.4827,-0.0227623
151,-12.1089,11.9978,-0.254616
151,-12.4031,11.7069,-0.276064
151,-12.817,12.0515,1.01576
151,-12.8285,12.0894,1.01013
151,-12.6924,12.2375,1.01076
151,-12.4925,11.3413,-0.943309
151,-12.8469,12.1267,1.04722
151,-12.1007,11.9825,-0.568958
151,-12.1889,12.5474,0.441982
151,-12.2039,12.6058,0.413131
151,-12.3108,12.0821,-0.404212
151,-12.3907,12.5206,0.440118
151,-12.3938,12.523,0.438152
151,-12.1245,12.148,-0.716223
151,-12.1324,12.1663,-0.746023
151,-12.0442,13.2026,0.69685
151,-12.5126,12.9551,0.917139
151,-12.6163,12.9217,1.03178
151,-16.8807,8.51353,0.711508
151,-12.339,13.1111,0.791791
151,-12.5406,13.0305,0.89025
151,-15.9914,10.4493,2.3664
151,-12.4208,13.2726,1.02612
151,-12.4688,13.1966,0.829443
151,-12.44,13.3354,1.00658
151,-17.0631,8.54354,0.649859
151,-12.4898,13.2555,0.797556
151,-12.1312,12.1805,-1.76699
151,-17.2677,8.494,0.643882
151,-12.5127,13.3152,0.769886
151,-16.8749,8.54608,-0.0150945
151,-12.7531,13.2178,0.919287
151,-12.457,13.9042,1.41872
151,-12.4224,13.7536,1.08418
151,-12.1474,13.7619,0.500583
151,-12.4567,13.786,1.0807
151,-12.4725,13.9855,1.40691
151,-11.8551,13.9369,-0.0432651
151,-17.2166,8.63117,-0.122999
151,-13.547,11.2547,-1.97905
151,-16.8829,10.4795,2.35748
151,-12.342,13.6912,-0.276328
151,-13.7606,11.8751,-1.23827
151,-15.5406,17.8018,0.103912
150,-15.5406,17.8018,0.103912
151,-15.5646,18.0414,0.3464
150,-15.5646,18.0414,0.3464
151,-18.8742,12.6957,1.97662
150,-18.8742,12.6957,1.97662
151,-16.9931,19.9713,1.84745
150,-16.9931,19.9713,1.84745
151,-17.0657,15.5026,-0.598195
150,-17.0657,15.5026,-0.598195
151,-16.4837,14.0483,2.33735
150,-16.4837,14.0483,2.33735
151,-15.3641,14.6799,-0.965283
150,-15.3641,14.6799,-0.965283
151,-14.2442,17.9144,1.26681
150,-14.2442,17.9144,1.26681
151,-15.6561,17.219,1.30829
150,-15.6561,17.219,1.30829
151,-13.0673,9.02297,1.45843
150,-13.0673,9.02297,1.45843
151,-13.1961,8.77642,1.00862
150,-13.1961,8.77642,1.00862
151,-16.3584,14.7232,0.59471
150,-16.3584,14.7232,0.59471
151,-12.3283,11.4983,0.420306
150,-12.3283,11.4983,0.420306
151,-12.7703,9.57645,1.23654
150,-12.7703,9.57645,1.23654
151,-12.2906,9.23398,0.921342
150,-12.2906,9.23398,0.921342
151,-16.4718,15.1157,-0.487477
150,-16.4718,15.1157,-0.487477
151,-16.2094,14.5326,0.660879
150,-16.2094,14.5326,0.660879
151,-16.0042,16.7501,2.84989
150,-16.0042,16.7501,2.84989
151,-12.7916,8.76916,0.654675
150,-12.7916,8.76916,0.654675
151,-16.0775,14.2449,0.77836
150,-16.0775,14.2449,0.77836
151,-20.3546,13.1029,2.30463
150,-20.3546,13.1029,2.30463
151,-13.8774,16.7966,1.35836
150,-13.8774,16.7966,1.35836
151,-13.4634,8.95957,0.816504
150,-13.4634,8.95957,0.816504
151,-15.3603,14.6602,-0.942371
150,-15.3603,14.6602,-0.942371
151,-16.2066,17.1996,2.34129
150,-16.2066,17.1996,2.34129
151,-12.8877,9.10348,1.58017
150,-12.8877,9.10348,1.58017
151,-14.43,15.3782,2.66923
150,-14.43,15.3782,2.66923
151,-12.75,9.55058,1.25394
150,-12.75,9.55058,1.25394
151,-12.6384,15.7978,1.51095
150,-12.6384,15.7978,1.51095
151,-12.3084,16.5283,-2.95675
150,-12.3084,16.5283,-2.95675
151,-13.3065,16.2631,2.08414
150,-13.3065,16.2631,2.08414
151,-14.8954,16.9869,3.4983
150,-14.8954,16.9869,3.4983
151,-14.0486,17.3156,1.35521
150,-14.0486,17.3156,1.35521
151,-17.1717,16.0436,-0.872191
150,-17.1717,16.0436,-0.872191
151,-11.9931,13.8997,1.10438
150,-11.9931,13.8997,1.10438
151,-12.6897,9.60047,1.23758
150,-12.6897,9.60047,1.23758
151,-12.5915,15.5661,1.53947
150,-12.5915,15.5661,1.53947
151,-11.8782,13.1237,0.90358
150,-11.8782,13.1237,0.90358
151,-14.0267,18.714,1.85388
150,-14.0267,18.714,1.85388
151,-13.2866,16.2688,3.19793
150,-13.2866,16.2688,3.19793
151,-15.0576,17.4946,3.5736
150,-15.0576,17.4946,3.5736
151,-12.7902,16.4619,3.22591
150,-12.7902,16.4619,3.22591
151,-13.9053,16.88,1.34635
150,-13.9053,16.88,1.34635
151,-17.0034,15.8331,-0.788145
150,-17.0034,15.8331,-0.788145
151,-16.8682,12.6294,3.06985
150,-16.8682,12.6294,3.06985
151,-15.4782,14.8571,-0.388943
150,-15.4782,14.8571,-0.388943
151,-11.9835,13.6877,0.732172
150,-11.9835,13.6877,0.732172
151,-12.0277,20.001,-5.04245
150,-12.0277,20.001,-5.04245
151,-13.8353,11.8931,-2.39705
150,-13.8353,11.8931,-2.39705
151,-13.942,18.457,1.84433
150,-13.942,18.457,1.84433
151,-12.6482,15.8635,2.1107
150,-12.6482,15.8635,2.1107
151,-12.813,16.6917,3.22373
150,-12.813,16.6917,3.22373
151,-16.3777,14.9984,-0.414385
150,-16.3777,14.9984,-0.414385
151,-12.7582,7.86536,1.34792
150,-12.7582,7.86536,1.34792
151,-16.0325,16.8107,2.36889
150,-16.0325,16.8107,2.36889
151,-12.4316,14.9178,2.18348
150,-12.4316,14.9178,2.18348
151,-18.2304,9.49364,2.30534
150,-18.2304,9.49364,2.30534
151,-15.5795,17.1498,1.35545
150,-15.5795,17.1498,1.35545
151,-11.9595,13.4991,0.811496
150,-11.9595,13.4991,0.811496
151,-12.0911,14.4358,0.964847
150,-12.0911,14.4358,0.964847
151,-15.5715,13.865,0.0563814
150,-15.5715,13.865,0.0563814
151,-13.5642,16.9974,1.98002
150,-13.5642,16.9974,1.98002
151,-12.074,15.0765,-1.55086
150,-12.074,15.0765,-1.55086
151,-15.5589,13.203,2.63834
150,-15.5589,13.203,2.63834
151,-15.3141,14.7868,-0.679919
149,-15.3141,14.7868,-0.679919
151,-15.4859,14.8837,-0.402137
149,-15.4859,14.8837,-0.402137
151,-16.6704,11.8724,2.21231
149,-16.6704,11.8724,2.21231
151,-15.9632,16.889,0.696198
149,-15.9632,16.889,0.696198
151,-15.8627,15.4658,-0.436099
149,-15.8627,15.4658,-0.436099
151,-16.5294,14.647,2.48502
149,-16.5294,14.647,2.48502
151,-16.2772,14.0838,0.868234
149,-16.2772,14.0838,0.868234
151,-16.2477,16.1227,2.31294
149,-16.2477,16.1227,2.31294
151,-16.2929,13.8923,2.17468
149,-16.2929,13.8923,2.17468
151,-16.2401,15.8448,2.27809
149,-16.2401,15.8448,2.27809
151,-17.3797,12.4854,2.15256
149,-17.3797,12.4854,2.15256
151,-16.1714,16.9724,2.25576
149,-16.1714,16.9724,2.25576
151,-13.5466,16.9916,1.36919
149,-13.5466,16.9916,1.36919
151,-16.0583,16.8179,2.85115
149,-16.0583,16.8179,2.85115
151,-14.3293,8.46634,1.72077
149,-14.3293,8.46634,1.72077
151,-14.3488,17.5346,1.25298
149,-14.3488,17.5346,1.25298
151,-14.4509,8.47788,1.79558
149,-14.4509,8.47788,1.79558
151,-16.7145,16.525,-0.0710722
148,-16.7145,16.525,-0.0710722
151,-12.9805,9.56445,1.54453
147,-12.9805,9.56445,1.54453
151,-16.7119,12.447,2.35557
147,-16.7119,12.447,2.35557
151,-16.9491,10.5227,2.35024
146,-16.9491,10.5227,2.35024
151,-16.4376,10.8198,2.23299
140,-16.4376,10.8198,2.23299
152,-13.0345,8.24229,1.07229
152,-13.1554,8.19659,1.12826
152,-12.8681,8.3697,0.92568
152,-13.1139,8.26546,1.02654
152,-12.9004,8.38627,0.875688
152,-13.1543,8.26489,1.01674
152,-12.2399,9.21328,1.10008
152,-13.1728,8.35941,1.08735
152,-12.884,9.0052,1.6469
152,-12.2817,9.22768,1.05002
152,-12.2296,9.20036,0.914573
152,-12.9094,9.02423,1.69079
152,-12.9178,9.0011,1.661
152,-12.9061,9.03783,1.68093
152,-12.3142,9.16719,0.94431
152,-12.9218,9.0255,1.67918
152,-13.1149,8.9291,1.82507
152,-12.4537,8.93146,0.732096
152,-12.8401,9.08022,1.58847
152,-13.1535,8.91763,1.80538
152,-12.2433,9.29217,0.942262
152,-12.6886,8.75025,0.705337
152,-12.3635,9.09204,0.737067
152,-12.2957,9.19862,0.806447
152,-12.3689,9.09242,0.741307
152,-12.2353,9.24555,0.768905
152,-12.2403,9.245,0.764247
152,-12.9348,9.02063,1.48077
152,-12.9302,8.682,0.862995
152,-12.8107,8.70449,0.689546
152,-12.9558,9.04361,1.47114
152,-12.2952,9.20018,0.656394
152,-12.9373,9.09366,1.48315
152,-12.9671,9.0625,1.45084
152,-12.8517,9.24021,1.55934
152,-12.846,9.10891,1.32459
152,-12.853,9.1133,1.31361
152,-12.8604,9.25137,1.55272
152,-12.9607,9.02678,1.32355
152,-12.6898,9.30115,1.34326
152,-12.6972,9.3089,1.34024
152,-12.9839,9.10858,1.44431
152,-12.7774,9.12005,1.12404
152,-13.0061,9.08028,1.41873
152,-13.0449,9.34972,1.91145
152,-12.6942,9.25891,1.1763
152,-12.8595,9.35289,1.56729
152,-12.9229,9.0273,1.11123
152,-12.8548,9.36672,1.57238
152,-12.8571,9.08418,1.08253
152,-12.8453,9.39441,1.58269
152,-12.7003,9.39845,1.34949
152,-12.7407,9.4235,1.44999
152,-12.6671,9.32501,1.1364
152,-12.7609,9.4368,1.43776
152,-12.9035,9.0949,1.07292
152,-12.6848,9.34647,1.1106
152,-13.339,9.29555,2.06045
152,-13.1175,9.4041,1.88183
152,-12.743,9.44324,1.32817
152,-13.2023,9.02212,1.3381
152,-12.9891,9.49412,1.78465
152,-13.3645,9.30785,2.05743
152,-13.2519,8.80393,0.97691
152,-13.2986,8.83113,0.94062
152,-12.1784,9.88905,0.841138
152,-12.1769,9.91969,0.862418
152,-13.3463,8.90119,1.0098
152,-14.2442,8.54903,1.78628
152,-14.1897,8.88144,2.14388
152,-14.3401,8.45041,1.58006
152,-12.9308,8.92384,0.0665054
152,-14.4616,8.5737,1.91687
152,-13.7105,8.85062,1.08057
152,-13.7141,8.85097,1.08452
152,-13.9922,9.16762,2.0585
152,-13.7395,8.86792,1.07102
152,-12.639,9.81233,0.860633
152,-12.6463,9.80895,0.860747
152,-14.2802,8.6371,1.4503
152,-13.8063,8.8926,1.01505
152,-13.8258,8.90297,1.02477
152,-14.3539,8.64221,1.42199
152,-12.9175,10.0232,1.11338
152,-14.401,8.78185,1.20944
152,-12.8318,10.1865,1.05396
152,-13.0317,9.98275,0.858707
152,-12.2114,11.2486,0.74384
152,-12.2675,11.3416,0.677119
152,-14.0843,8.99495,-0.48531
152,-12.128,11.508,0.448615
152,-12.6557,11.3182,0.862634
152,-12.5963,11.3004,0.636422
152,-12.6209,11.3012,0.637337
152,-12.2441,11.6544,0.546932
152,-12.6829,11.9086,1.44447
152,-12.7049,11.9589,1.4259
152,-12.7007,11.9341,1.05163
152,-12.7161,11.3167,0.0044558
152,-12.6847,11.9739,1.06952
152,-12.7291,11.344,-0.0179706
152,-12.6798,11.3175,-0.163091
152,-12.6914,12.2057,1.35219
152,-12.7084,12.2215,1.34575
152,-12.4354,11.5481,-0.264923
152,-12.7757,12.0401,1.1091
152,-12.7078,11.4283,-0.124754
152,-12.2572,12.1932,0.408937
152,-12.7595,11.4349,-0.0856578
152,-12.6835,11.4485,-0.202922
152,-12.7233,11.4108,-0.274428
152,-12.1048,12.1095,-0.0983202
152,-12.715,11.4457,-0.271128
152,-12.1145,12.1259,-0.0887201
152,-12.6749,12.2455,1.01288
152,-12.466,11.3205,-0.905474
152,-12.0817,12.7327,0.869547
152,-12.1347,12.1364,-0.0780985
152,-12.1256,12.1481,-0.131339
152,-12.3458,12.345,0.498868
152,-12.0428,12.833,0.817065
152,-12.1246,12.1863,-0.169247
152,-12.1072,12.81,0.838049
152,-12.0493,12.9076,0.783249
152,-12.2908,12.0406,-0.407636
152,-12.1039,12.1287,-0.589436
152,-12.0764,12.9888,0.749338
152,-12.4933,11.9536,-0.468175
152,-13.0607,11.4093,-0.52475
152,-12.1375,12.2318,-0.676959
152,-12.1563,12.2127,-0.694943
152,-12.2308,12.733,0.252059
152,-12.602,12.7236,0.816446
152,-12.4241,12.7245,0.437697
152,-12.6364,12.7909,0.781953
152,-12.4428,12.7768,0.423793
152,-12.4691,11.8005,-1.28463
152,-12.4637,13.135,0.804366
152,-17.0098,8.58243,0.0845363
152,-16.9768,8.56881,-0.0836768
152,-17.0091,8.56492,-0.119904
152,-12.3498,13.0784,0.0616493
152,-12.4639,13.9036,1.41264
152,-12.4599,13.9269,1.41283
152,-16.7774,10.4466,2.33582
152,-13.3118,11.8866,-0.888266
152,-12.4914,14.0028,1.38751
152,-13.3246,11.8758,-0.913487
152,-12.4628,13.8551,1.06076
152,-11.845,13.9252,0.17126
152,-16.8745,10.4614,2.3438
152,-13.357,11.9094,-0.935248
152,-12.4435,13.9779,1.05676
152,-12.4034,13.9823,0.977964
152,-11.8686,14.0125,0.149032
152,-12.4475,13.9952,1.0349
152,-12.4493,14.0091,0.962287
152,-12.4483,14.0839,1.01574
152,-12.4442,13.4358,-0.132928
152,-12.5625,14.0621,1.03421
152,-12.4661,13.4892,-0.165856
152,-17.7378,9.88953,2.09599
152,-17.0974,10.7707,2.40474
152,-11.9305,14.2951,-0.000536203
152,-13.2983,11.8216,-2.15253
152,-12.1105,14.0597,-0.386003
152,-17.885,10.1807,2.28476
152,-13.9653,12.5504,-1.73661
151,-13.9653,12.5504,-1.73661
152,-12.1872,11.6654,0.715924
151,-12.1872,11.6654,0.715924
152,-12.1689,11.6022,0.751813
151,-12.1689,11.6022,0.751813
152,-15.3305,14.6261,-0.642518
151,-15.3305,14.6261,-0.642518
152,-15.5443,14.9485,-1.1136
151,-15.5443,14.9485,-1.1136
152,-14.8537,15.7333,2.18813
151,-14.8537,15.7333,2.18813
152,-12.6549,9.26983,1.15202
151,-12.6549,9.26983,1.15202
152,-15.9528,17.028,0.00398277
151,-15.9528,17.028,0.00398277
152,-13.7193,11.5891,-2.29564
151,-13.7193,11.5891,-2.29564
152,-16.7578,12.4626,2.33324
151,-16.7578,12.4626,2.33324
152,-12.606,9.10995,0.761095
151,-12.606,9.10995,0.761095
152,-12.4043,9.12758,0.692994
151,-12.4043,9.12758,0.692994
152,-12.7776,9.44874,1.73727
151,-12.7776,9.44874,1.73727
152,-15.541,17.0544,1.61111
151,-15.541,17.0544,1.61111
152,-14.2789,16.5028,1.41489
151,-14.2789,16.5028,1.41489
152,-17.1263,14.8159,0.549541
151,-17.1263,14.8159,0.549541
152,-16.3285,13.9227,0.765807
151,-16.3285,13.9227,0.765807
152,-18.4312,20.4186,1.94177
151,-18.4312,20.4186,1.94177
152,-16.0898,13.6884,2.19668
151,-16.0898,13.6884,2.19668
152,-14.2296,17.7917,1.14831
151,-14.2296,17.7917,1.14831
152,-12.3901,11.6288,-1.194
151,-12.3901,11.6288,-1.194
152,-13.6873,12.2269,-1.3727
151,-13.6873,12.2269,-1.3727
152,-15.8214,14.1507,-0.342642
151,-15.8214,14.1507,-0.342642
152,-15.5015,13.7182,-0.340386
151,-15.5015,13.7182,-0.340386
152,-12.0273,13.4532,-1.92073
151,-12.0273,13.4532,-1.92073
152,-16.1336,16.0511,0.764137
151,-16.1336,16.0511,0.764137
152,-15.8709,18.7214,0.166155
151,-15.8709,18.7214,0.166155
152,-15.2018,14.4332,-1.47274
151,-15.2018,14.4332,-1.47274
152,-15.5048,18.5548,0.0599621
151,-15.5048,18.5548,0.0599621
152,-13.7174,16.3976,1.38117
151,-13.7174,16.3976,1.38117
152,-12.8183,9.48651,1.71217
151,-12.8183,9.48651,1.71217
152,-16.5828,15.6263,-2.03687
151,-16.5828,15.6263,-2.03687
152,-15.8047,14.0951,-0.533819
151,-15.8047,14.0951,-0.533819
152,-13.673,12.2081,-1.35832
151,-13.673,12.2081,-1.35832
152,-13.5804,11.4659,-0.878391
151,-13.5804,11.4659,-0.878391
152,-14.7569,16.3063,2.94919
151,-14.7569,16.3063,2.94919
152,-12.2677,8.70634,1.15452
151,-12.2677,8.70634,1.15452
152,-19.7943,13.9444,2.5731
151,-19.7943,13.9444,2.5731
152,-15.7006,11.1991,2.32706
151,-15.7006,11.1991,2.32706
152,-12.1877,16.3677,0.98268
151,-12.1877,16.3677,0.98268
152,-11.8151,17.6712,-3.60309
151,-11.8151,17.6712,-3.60309
152,-13.6892,11.5354,-2.22524
151,-13.6892,11.5354,-2.22524
152,-15.6398,13.8695,-0.411528
151,-15.6398,13.8695,-0.411528
152,-15.3471,14.6265,-1.60398
151,-15.3471,14.6265,-1.60398
152,-11.212,19.6726,-4.36297
151,-11.212,19.6726,-4.36297
152,-11.8642,19.3079,-2.97088
151,-11.8642,19.3079,-2.97088
152,-14.7043,12.9858,-1.57735
151,-14.7043,12.9858,-1.57735
152,-15.423,12.8431,-0.230494
151,-15.423,12.8431,-0.230494
152,-13.3314,11.1163,-0.562405
151,-13.3314,11.1163,-0.562405
152,-12.9616,17.134,1.98756
151,-12.9616,17.134,1.98756
152,-12.6929,17.2768,1.98565
151,-12.6929,17.2768,1.98565
152,-15.8031,15.4268,2.35315
151,-15.8031,15.4268,2.35315
152,-15.3813,17.3701,1.40314
151,-15.3813,17.3701,1.40314
152,-12.7594,16.3875,1.638
151,-12.7594,16.3875,1.638
152,-11.3034,20.0766,-5.08216
151,-11.3034,20.0766,-5.08216
152,-11.1404,18.361,-3.59814
151,-11.1404,18.361,-3.59814
152,-11.9211,19.431,-4.25482
151,-11.9211,19.431,-4.25482
152,-11.3425,17.8731,-2.42504
151,-11.3425,17.8731,-2.42504
152,-11.5406,16.9519,-4.0802
151,-11.5406,16.9519,-4.0802
152,-11.7197,17.148,-4.66016
151,-11.7197,17.148,-4.66016
152,-11.7586,16.6383,-3.61282
151,-11.7586,16.6383,-3.61282
152,-12.4694,16.3056,1.42968
151,-12.4694,16.3056,1.42968
152,-12.7142,18.4298,1.32156
151,-12.7142,18.4298,1.32156
152,-11.7134,16.8567,-3.09819
151,-11.7134,16.8567,-3.09819
152,-15.071,14.1952,-1.33484
151,-15.071,14.1952,-1.33484
152,-12.8657,16.7182,2.02645
151,-12.8657,16.7182,2.02645
152,-12.2588,15.7265,1.10296
151,-12.2588,15.7265,1.10296
152,-14.14,12.152,-1.54079
151,-14.14,12.152,-1.54079
152,-11.7711,17.9194,-1.70895
151,-11.7711,17.9194,-1.70895
152,-11.8778,20.353,-6.53169
151,-11.8778,20.353,-6.53169
152,-11.1987,19.2529,-3.13963
151,-11.1987,19.2529,-3.13963
152,-12.5545,17.7906,1.90029
151,-12.5545,17.7906,1.90029
152,-11.5811,14.1075,1.11785
151,-11.5811,14.1075,1.11785
152,-16.0969,13.9191,0.987086
151,-16.0969,13.9191,0.987086
152,-18.2716,9.53154,2.33564
151,-18.2716,9.53154,2.33564
152,-12.7882,9.60555,1.22462
151,-12.7882,9.60555,1.22462
152,-12.7185,18.4313,1.79212
151,-12.7185,18.4313,1.79212
152,-11.9287,14.4755,3.16671
151,-11.9287,14.4755,3.16671
152,-15.1748,16.3423,1.49433
151,-15.1748,16.3423,1.49433
152,-11.8189,17.9222,-0.670172
151,-11.8189,17.9222,-0.670172
152,-13.1214,7.95819,1.10493
151,-13.1214,7.95819,1.10493
152,-11.7354,15.0189,0.870046
151,-11.7354,15.0189,0.870046
152,-12.7072,16.164,1.47143
151,-12.7072,16.164,1.47143
152,-17.2111,20.4109,1.18813
151,-17.2111,20.4109,1.18813
152,-12.7127,16.3666,3.17263
151,-12.7127,16.3666,3.17263
152,-11.738,17.7248,-0.592444
151,-11.738,17.7248,-0.592444
152,-11.869,13.8456,0.798965
151,-11.869,13.8456,0.798965
152,-11.5914,13.9927,1.16383
151,-11.5914,13.9927,1.16383
152,-12.8274,16.8292,1.36632
151,-12.8274,16.8292,1.36632
152,-11.1671,18.4348,-3.94577
151,-11.1671,18.4348,-3.94577
152,-16.1309,14.6185,-0.27023
151,-16.1309,14.6185,-0.27023
152,-11.9799,14.5504,-0.144717
151,-11.9799,14.5504,-0.144717
152,-12.0373,14.6114,0.539465
151,-12.0373,14.6114,0.539465
152,-13.9709,18.2898,1.11531
151,-13.9709,18.2898,1.11531
152,-12.4559,16.7143,1.23757
151,-12.4559,16.7143,1.23757
152,-11.8536,18.6213,-4.18066
151,-11.8536,18.6213,-4.18066
152,-14.4001,12.4932,-1.91876
151,-14.4001,12.4932,-1.91876
152,-16.6518,12.4719,2.41989
151,-16.6518,12.4719,2.41989
152,-15.9029,17.1827,0.585554
150,-15.9029,17.1827,0.585554
152,-15.4925,17.6152,1.83793
150,-15.4925,17.6152,1.83793
152,-12.6724,12.0878,1.03831
150,-12.6724,12.0878,1.03831
152,-13.0976,8.98656,1.45448
150,-13.0976,8.98656,1.45448
152,-16.4538,10.5437,2.38179
150,-16.4538,10.5437,2.38179
152,-16.4443,14.6278,2.56504
150,-16.4443,14.6278,2.56504
152,-15.3966,16.4066,-0.266107
150,-15.3966,16.4066,-0.266107
152,-13.9018,18.1922,1.39979
150,-13.9018,18.1922,1.39979
152,-16.4971,14.6835,2.56867
150,-16.4971,14.6835,2.56867
152,-13.6393,17.2733,1.52417
150,-13.6393,17.2733,1.52417
152,-11.8145,13.7515,-0.857757
150,-11.8145,13.7515,-0.857757
152,-12.898,10.0297,1.1471
150,-12.898,10.0297,1.1471
152,-14.3026,12.9053,-1.47715
150,-14.3026,12.9053,-1.47715
152,-15.9869,16.7115,2.82892
150,-15.9869,16.7115,2.82892
152,-20.5966,11.1508,2.9428
150,-20.5966,11.1508,2.9428
152,-15.8838,17.746,1.98148
150,-15.8838,17.746,1.98148
152,-20.3258,11.0373,2.94351
150,-20.3258,11.0373,2.94351
152,-17.3158,9.86257,2.32721
150,-17.3158,9.86257,2.32721
152,-17.0989,12.4887,2.38015
150,-17.0989,12.4887,2.38015
152,-14.2232,8.80493,2.11146
150,-14.2232,8.80493,2.11146
152,-13.8506,17.9326,1.16355
150,-13.8506,17.9326,1.16355
152,-13.0187,9.8836,1.33358
150,-13.0187,9.8836,1.33358
152,-11.7349,16.6306,-3.47536
150,-11.7349,16.6306,-3.47536
152,-13.1455,8.98165,1.37333
150,-13.1455,8.98165,1.37333
152,-13.0362,9.89806,1.33688
150,-13.0362,9.89806,1.33688
152,-16.7962,12.2266,2.41402
150,-16.7962,12.2266,2.41402
152,-17.7935,12.1326,2.0926
149,-17.7935,12.1326,2.0926
152,-16.0095,12.304,2.26279
149,-16.0095,12.304,2.26279
152,-16.3978,16.5131,0.108985
149,-16.3978,16.5131,0.108985
152,-15.7669,17.3657,0.0425607
149,-15.7669,17.3657,0.0425607
152,-15.7414,17.4454,0.92997
149,-15.7414,17.4454,0.92997
152,-16.2809,14.1073,2.15617
149,-16.2809,14.1073,2.15617
152,-15.447,17.5655,1.34451
149,-15.447,17.5655,1.34451
152,-14.3541,8.47984,1.69609
149,-14.3541,8.47984,1.69609
152,-15.9892,17.2171,3.3296
149,-15.9892,17.2171,3.3296
152,-13.2085,8.885,0.979986
149,-13.2085,8.885,0.979986
152,-14.188,17.9579,1.19059
149,-14.188,17.9579,1.19059
152,-16.377,14.1334,1.63329
148,-16.377,14.1334,1.63329
152,-13.4409,8.96846,1.40293
148,-13.4409,8.96846,1.40293
152,-16.4451,14.0581,2.36845
147,-16.4451,14.0581,2.36845
152,-16.2153,16.1284,2.35532
146,-16.2153,16.1284,2.35532
152,-13.4347,8.95084,1.76499
146,-13.4347,8.95084,1.76499
153,-12.2804,8.88297,2.6978
153,-12.261,9.21275,1.06144
153,-12.2635,9.15446,0.955063
153,-12.2507,9.23529,1.07192
153,-12.9943,8.95372,1.77399
153,-12.2627,9.18321,0.960352
153,-13.0035,8.95117,1.75852
153,-12.8532,8.6697,0.976171
153,-13.1776,8.40585,1.04126
153,-13.1969,8.86573,1.85738
153,-13.1869,8.87098,1.82066
153,-12.2555,9.22455,0.884097
153,-12.8874,8.68663,0.950678
153,-12.4184,9.00401,0.718686
153,-13.0263,9.04916,1.77874
153,-12.2903,9.17883,0.781356
153,-12.2406,9.29543,0.874676
153,-12.2428,9.30416,0.891334
153,-12.2422,9.30686,0.880692
153,-12.2314,9.32662,0.861511
153,-12.2652,9.32587,0.909969
153,-12.9422,9.03852,1.47094
153,-12.291,9.34037,0.871914
153,-12.3008,9.21082,0.650875
153,-12.2676,9.38145,0.874852
153,-12.2691,9.35822,0.827025
153,-12.2893,9.27706,0.696683
153,-12.9519,9.04785,1.368
153,-12.2819,9.3736,0.817721
153,-12.3217,9.22328,0.621236
153,-12.7104,9.31698,1.32238
153,-12.3264,9.43192,0.833735
153,-12.5286,9.23073,0.777392
153,-12.7032,9.41394,1.34394
153,-13.1503,9.00726,1.35974
153,-12.7109,9.4214,1.34302
153,-12.5875,9.27191,0.709797
153,-13.5542,8.50442,0.940125
153,-12.9882,9.20362,1.2099
153,-13.1556,9.43467,1.86697
153,-13.0421,9.07163,1.04318
153,-13.1798,9.4393,1.8564
153,-13.1951,9.45253,1.84991
153,-12.7199,9.50348,1.12931
153,-13.1858,9.49591,1.87495
153,-12.738,9.55311,1.2375
153,-13.2441,9.01375,1.12248
153,-12.7366,9.56918,1.2317
153,-12.748,9.56409,1.22691
153,-12.5356,9.50507,0.76895
153,-13.1255,9.56628,1.6897
153,-12.8506,9.63302,1.26119
153,-12.5321,9.70926,0.780258
153,-12.1576,10.1114,0.825903
153,-12.1611,10.1172,0.813776
153,-12.5416,9.74862,0.795008
153,-12.1749,10.1658,0.834248
153,-12.9868,9.79064,1.1458
153,-12.7304,9.86286,0.821003
153,-12.9642,9.86843,1.02751
153,-12.9626,9.88399,1.03732
153,-12.9667,9.91492,1.02071
153,-12.9831,9.92147,1.01076
153,-12.842,10.1412,1.06593
153,-14.0957,8.83032,0.586164
153,-12.1018,11.0422,0.887313
153,-12.2971,11.0599,0.937317
153,-12.4684,11.2454,0.694473
153,-12.087,11.9723,0.625422
153,-12.3705,11.6629,0.491199
153,-12.6968,11.929,1.42101
153,-12.6479,11.9604,1.36318
153,-12.5885,11.9137,1.04035
153,-12.7312,11.991,1.40658
153,-12.3113,11.5728,-0.173143
153,-12.1177,12.1484,0.436591
153,-11.9063,12.6564,0.949282
153,-12.1613,12.2251,0.372988
153,-12.729,11.4574,-0.0973446
153,-12.7744,12.0603,0.981103
153,-12.7291,11.4538,-0.145483
153,-12.1165,12.1531,-0.0139668
153,-12.1153,12.1674,-0.0423939
153,-12.1159,12.1865,-0.0520835
153,-12.8019,12.1217,0.949956
153,-12.4717,12.4819,0.908535
153,-12.1955,12.7641,0.934201
153,-12.0957,12.0829,-0.420371
153,-12.8206,11.56,-0.21985
153,-12.094,12.1058,-0.470763
153,-12.2201,12.8228,0.89449
153,-12.8457,11.5454,-0.32462
153,-12.2122,12.5887,0.407086
153,-12.114,12.1711,-0.522151
153,-12.1225,12.199,-0.54054
153,-11.9848,13.0885,0.736581
153,-11.9864,13.117,0.727045
153,-12.3567,12.5005,0.226004
153,-12.1628,12.0802,-1.08326
153,-12.4547,12.6302,0.280277
153,-12.4137,13.0415,0.854728
153,-12.6199,12.8132,0.727709
153,-13.3107,11.8526,0.0850563
153,-13.3626,11.9,0.0540032
153,-12.4441,12.3889,-0.68878
153,-13.2137,11.7437,-0.703965
153,-12.2683,13.6252,0.999052
153,-12.4156,12.0736,-1.51231
153,-12.4434,13.7102,1.24835
153,-13.2606,11.7912,-0.738185
153,-12.616,12.0081,-1.42082
153,-13.3673,11.8768,-0.422305
153,-12.6747,12.3256,-0.807327
153,-12.4589,13.7277,1.1352
153,-12.4099,13.7566,1.07441
153,-12.4514,12.1713,-1.60956
153,-13.101,11.6513,-1.47652
153,-16.7538,10.4193,2.35101
153,-12.471,13.8341,1.22445
153,-13.4966,12.1027,-0.0947275
153,-13.1073,11.6825,-1.49801
153,-13.4128,11.9657,-0.513052
153,-12.7936,13.2499,0.648117
153,-16.9281,10.4539,2.37848
153,-13.5605,12.1824,-0.163878
153,-11.8635,14.0147,0.215755
153,-12.5467,13.8983,1.04658
153,-12.1001,12.8595,-1.49956
153,-13.4879,12.08,-0.596736
153,-12.1947,13.194,-0.876025
153,-13.5224,12.094,-0.641972
153,-11.8418,14.0127,-0.121694
153,-13.5278,12.1296,-0.62941
153,-12.4787,14.2988,1.32554
153,-11.7829,13.6688,-0.906032
153,-12.3152,13.5896,-0.236416
153,-16.5198,11.05,2.21972
153,-12.5035,14.3933,1.2958
153,-12.6032,14.1578,1.02101
153,-13.6238,12.1942,-0.712275
153,-13.7684,12.3141,-0.348862
153,-11.8196,13.8674,-0.901939
153,-13.9479,11.7506,-1.08805
153,-12.8509,12.7617,-1.14263
153,-12.3636,13.7102,-0.30804
153,-13.757,12.369,-0.373895
153,-13.6991,11.9327,-1.23171
153,-13.7539,11.4224,-2.09285
153,-13.7585,11.4346,-2.08673
153,-13.8166,12.3908,-0.408513
153,-17.5816,10.4475,2.35202
153,-16.7112,9.92148,-0.00115681
153,-12.4923,14.5473,1.00948
153,-12.4902,14.5182,0.927193
153,-11.8469,14.0131,-1.01055
153,-12.1464,14.8438,0.84488
153,-13.748,12.0533,-1.35592
153,-13.7185,11.7015,-2.24665
153,-14.0128,11.6083,-2.02881
153,-12.5355,14.6932,0.873573
153,-12.4439,14.0201,-0.459994
153,-12.5292,14.7668,0.951209
153,-15.59,13.053,-0.148255
152,-15.59,13.053,-0.148255
153,-15.1705,16.7732,2.25111
152,-15.1705,16.7732,2.25111
153,-16.9104,15.3039,-0.608541
152,-16.9104,15.3039,-0.608541
153,-14.4657,12.5642,-1.16825
152,-14.4657,12.5642,-1.16825
153,-13.0466,9.3579,1.90841
152,-13.0466,9.3579,1.90841
153,-15.5227,13.7421,-1.01196
152,-15.5227,13.7421,-1.01196
153,-15.4965,13.708,-0.67745
152,-15.4965,13.708,-0.67745
153,-14.4272,12.3875,-1.80407
152,-14.4272,12.3875,-1.80407
153,-16.0733,13.6878,2.40834
152,-16.0733,13.6878,2.40834
153,-13.6577,16.3133,1.51476
152,-13.6577,16.3133,1.51476
153,-15.4394,14.5175,-0.631064
152,-15.4394,14.5175,-0.631064
153,-12.5509,11.499,-1.11068
152,-12.5509,11.499,-1.11068
153,-15.8095,14.0905,-0.89716
152,-15.8095,14.0905,-0.89716
153,-14.1111,12.372,-1.7046
152,-14.1111,12.372,-1.7046
153,-20.7843,12.9281,2.33191
152,-20.7843,12.9281,2.33191
153,-13.6787,11.6712,-2.18984
152,-13.6787,11.6712,-2.18984
153,-13.0611,9.28901,1.65001
152,-13.0611,9.28901,1.65001
153,-12.3676,13.9149,0.905196
152,-12.3676,13.9149,0.905196
153,-14.0617,18.7904,1.8493
152,-14.0617,18.7904,1.8493
153,-14.258,12.1806,-1.60169
152,-14.258,12.1806,-1.60169
153,-15.4661,12.9243,-0.262604
152,-15.4661,12.9243,-0.262604
153,-15.9001,13.3902,-0.33903
152,-15.9001,13.3902,-0.33903
153,-11.7983,17.7368,-0.609179
152,-11.7983,17.7368,-0.609179
153,-11.978,16.742,0.35296
152,-11.978,16.742,0.35296
153,-14.5555,12.0659,-2.76957
152,-14.5555,12.0659,-2.76957
153,-12.5569,17.6171,1.22105
152,-12.5569,17.6171,1.22105
153,-12.6733,18.2852,1.50465
152,-12.6733,18.2852,1.50465
153,-14.0872,11.9625,-1.38444
152,-14.0872,11.9625,-1.38444
153,-16.5483,12.3209,2.35923
152,-16.5483,12.3209,2.35923
153,-21.387,13.2343,2.4509
152,-21.387,13.2343,2.4509
153,-15.3932,12.8491,-0.223049
152,-15.3932,12.8491,-0.223049
153,-13.7515,11.512,-0.956836
152,-13.7515,11.512,-0.956836
153,-11.5997,16.3816,-1.00627
152,-11.5997,16.3816,-1.00627
153,-11.658,19.5606,-2.88996
152,-11.658,19.5606,-2.88996
153,-12.6064,18.5907,1.1288
152,-12.6064,18.5907,1.1288
153,-12.7078,18.5233,1.7991
152,-12.7078,18.5233,1.7991
153,-15.1793,13.6294,-2.12175
152,-15.1793,13.6294,-2.12175
153,-11.2178,19.1683,-2.34965
152,-11.2178,19.1683,-2.34965
153,-11.7326,16.9526,0.376127
152,-11.7326,16.9526,0.376127
153,-22.11,12.1282,2.94962
152,-22.11,12.1282,2.94962
153,-14.0454,11.8517,-1.28147
152,-14.0454,11.8517,-1.28147
153,-10.7517,8.09072,2.70086
152,-10.7517,8.09072,2.70086
153,-13.0495,9.85648,1.00514
152,-13.0495,9.85648,1.00514
153,-12.4723,18.0373,1.22591
152,-12.4723,18.0373,1.22591
153,-12.4225,16.7132,1.26476
152,-12.4225,16.7132,1.26476
153,-14.4318,12.5155,-1.10211
152,-14.4318,12.5155,-1.10211
153,-11.8167,17.3939,0.311133
152,-11.8167,17.3939,0.311133
153,-14.6749,12.2274,-2.94806
152,-14.6749,12.2274,-2.94806
153,-13.0848,8.82379,1.07279
152,-13.0848,8.82379,1.07279
153,-14.3469,8.7193,2.04133
152,-14.3469,8.7193,2.04133
153,-11.7034,16.7672,-2.94462
152,-11.7034,16.7672,-2.94462
153,-12.2425,15.8248,-3.27092
152,-12.2425,15.8248,-3.27092
153,-21.3717,11.838,2.94228
152,-21.3717,11.838,2.94228
153,-13.8869,14.5334,1.78644
152,-13.8869,14.5334,1.78644
153,-16.3811,18.6656,1.09571
152,-16.3811,18.6656,1.09571
153,-12.2071,12.3552,0.150246
152,-12.2071,12.3552,0.150246
153,-11.8069,17.2465,0.340694
152,-11.8069,17.2465,0.340694
153,-11.2298,19.1764,-2.39132
152,-11.2298,19.1764,-2.39132
153,-11.7589,18.7738,-2.60802
152,-11.7589,18.7738,-2.60802
153,-15.0545,12.4648,0.0135095
152,-15.0545,12.4648,0.0135095
153,-18.063,10.2312,2.29184
152,-18.063,10.2312,2.29184
153,-12.5395,13.6448,-0.218818
152,-12.5395,13.6448,-0.218818
153,-12.4055,15.374,0.0982668
152,-12.4055,15.374,0.0982668
153,-12.6014,18.5247,1.43655
152,-12.6014,18.5247,1.43655
153,-11.098,18.0219,-3.36413
152,-11.098,18.0219,-3.36413
153,-11.6767,16.5621,-2.80945
152,-11.6767,16.5621,-2.80945
153,-11.1659,18.3674,-2.00401
152,-11.1659,18.3674,-2.00401
153,-11.6415,18.2155,-2.32191
152,-11.6415,18.2155,-2.32191
153,-11.5695,16.5559,-1.1248
152,-11.5695,16.5559,-1.1248
153,-11.4162,16.855,-1.55035
152,-11.4162,16.855,-1.55035
153,-13.7529,17.7102,1.13426
151,-13.7529,17.7102,1.13426
153,-12.6129,13.2735,0.799859
151,-12.6129,13.2735,0.799859
153,-15.5691,17.7768,1.50193
151,-15.5691,17.7768,1.50193
153,-15.3952,13.8155,-0.672804
151,-15.3952,13.8155,-0.672804
153,-12.4926,10.5683,0.465199
151,-12.4926,10.5683,0.465199
153,-15.459,15.6926,-0.259453
151,-15.459,15.6926,-0.259453
153,-15.9339,16.5799,2.26173
151,-15.9339,16.5799,2.26173
153,-16.2943,15.0922,2.43356
151,-16.2943,15.0922,2.43356
153,-13.9886,17.2231,1.52213
151,-13.9886,17.2231,1.52213
153,-12.2048,11.8303,-0.24251
151,-12.2048,11.8303,-0.24251
153,-13.9927,12.0894,-1.43511
151,-13.9927,12.0894,-1.43511
153,-15.2946,17.2391,1.57035
151,-15.2946,17.2391,1.57035
153,-15.6469,17.6854,2.18939
151,-15.6469,17.6854,2.18939
153,-15.4967,14.0758,-1.82776
151,-15.4967,14.0758,-1.82776
153,-13.0185,17.4424,3.24766
151,-13.0185,17.4424,3.24766
153,-16.3755,17.3836,2.83673
151,-16.3755,17.3836,2.83673
153,-15.9723,16.8002,2.35422
151,-15.9723,16.8002,2.35422
153,-12.6849,8.7046,0.753742
151,-12.6849,8.7046,0.753742
153,-16.4785,14.105,2.13758
151,-16.4785,14.105,2.13758
153,-12.1341,13.62,0.532065
151,-12.1341,13.62,0.532065
153,-13.8448,11.878,-1.24325
151,-13.8448,11.878,-1.24325
153,-11.692,14.8668,0.897265
151,-11.692,14.8668,0.897265
153,-11.2235,18.8703,-4.2436
151,-11.2235,18.8703,-4.2436
153,-11.4941,15.7391,-2.07537
151,-11.4941,15.7391,-2.07537
153,-12.8524,10.2081,1.13394
151,-12.8524,10.2081,1.13394
153,-16.1559,17.0389,2.34911
151,-16.1559,17.0389,2.34911
153,-11.1022,16.7303,-2.35616
151,-11.1022,16.7303,-2.35616
153,-11.2433,18.9352,-4.33795
151,-11.2433,18.9352,-4.33795
153,-15.8419,16.5039,2.36057
151,-15.8419,16.5039,2.36057
153,-12.2335,22.3361,-3.77931
151,-12.2335,22.3361,-3.77931
153,-14.8931,16.4625,1.5412
150,-14.8931,16.4625,1.5412
153,-14.9212,16.6882,2.89351
150,-14.9212,16.6882,2.89351
153,-12.7601,9.00797,1.16216
150,-12.7601,9.00797,1.16216
153,-15.829,12.4546,2.27488
150,-15.829,12.4546,2.27488
153,-15.7888,17.5395,1.26726
150,-15.7888,17.5395,1.26726
153,-15.0158,16.8753,2.90503
150,-15.0158,16.8753,2.90503
153,-15.4688,14.8454,-0.391567
150,-15.4688,14.8454,-0.391567
153,-12.6881,9.80209,1.11655
150,-12.6881,9.80209,1.11655
153,-13.5229,17.0696,3.21615
150,-13.5229,17.0696,3.21615
153,-15.389,15.5275,-0.207863
150,-15.389,15.5275,-0.207863
153,-16.115,16.0058,0.777632
150,-16.115,16.0058,0.777632
153,-12.336,16.2393,1.35346
150,-12.336,16.2393,1.35346
153,-14.3829,8.96949,2.05257
150,-14.3829,8.96949,2.05257
153,-14.3776,8.61923,1.31258
150,-14.3776,8.61923,1.31258
153,-17.1254,12.5249,2.35826
150,-17.1254,12.5249,2.35826
153,-16.9828,11.8887,2.16974
149,-16.9828,11.8887,2.16974
153,-16.2528,14.0755,2.14456
149,-16.2528,14.0755,2.14456
153,-16.3391,13.978,2.15974
149,-16.3391,13.978,2.15974
153,-16.2001,17.2983,0.631454
149,-16.2001,17.2983,0.631454
153,-16.2621,14.0968,2.16175
149,-16.2621,14.0968,2.16175
153,-16.4515,14.356,2.14075
149,-16.4515,14.356,2.14075
153,-16.3682,13.5283,2.34509
148,-16.3682,13.5283,2.34509
153,-16.1631,15.4289,2.47856
148,-16.1631,15.4289,2.47856
153,-12.4288,8.98576,0.938194
147,-12.4288,8.98576,0.938194
153,-15.8591,11.0932,2.2962
147,-15.8591,11.0932,2.2962
153,-13.0982,8.91972,1.81478
146,-13.0982,8.91972,1.81478
153,-15.969,15.7443,2.37316
145,-15.969,15.7443,2.37316
154,-10.9145,8.98258,2.66846
154,-12.2377,9.2218,1.10982
154,-12.2698,9.20881,1.06309
154,-12.9594,8.92479,1.81952
154,-13.0604,8.88005,1.88825
154,-13.1049,8.8435,1.88883
154,-12.9628,9.02814,1.52972
154,-12.7462,9.09337,1.16762
154,-12.3048,9.38997,0.881538
154,-12.7538,9.09554,1.15369
154,-12.5867,9.25373,1.13521
154,-12.9658,9.0666,1.43131
154,-12.6584,9.23713,1.16051
154,-12.6629,9.23539,1.15262
154,-12.681,9.25161,1.20755
154,-12.9817,9.09836,1.45746
154,-12.988,9.07552,1.42328
154,-12.768,9.13772,1.11857
154,-12.6775,9.24321,1.14507
154,-12.691,9.27025,1.1973
154,-12.7537,9.30421,1.28322
154,-12.725,9.27636,1.16993
154,-12.8486,9.37887,1.58934
154,-12.7136,9.4038,1.34631
154,-12.736,9.28158,1.15765
154,-12.6888,9.32622,1.12432
154,-13.1435,9.00013,1.35364
154,-13.0823,9.36488,1.90411
154,-13.109,8.99621,1.25362
154,-12.7,9.39812,1.13916
154,-12.7931,9.50362,1.44961
154,-12.7809,9.44545,1.31171
154,-13.1962,8.98807,1.16064
154,-12.8187,9.5118,1.43404
154,-12.8212,9.50156,1.41855
154,-13.1734,8.97779,1.05944
154,-12.7353,9.48454,1.12217
154,-12.8307,9.55929,1.34117
154,-12.7511,9.52726,1.12991
154,-12.7477,9.56773,1.18815
154,-13.317,9.47445,1.97538
154,-13.2223,9.53033,1.8328
154,-12.5401,9.67754,0.770447
154,-13.4615,8.93565,1.07274
154,-12.538,9.72201,0.809445
154,-12.5386,9.72254,0.81042
154,-12.2207,10.1656,0.848122
154,-12.191,10.1942,0.840813
154,-13.5606,8.9454,1.01389
154,-12.6632,9.80735,0.821059
154,-13.7551,8.78992,0.872077
154,-12.9441,9.76608,1.11538
154,-12.711,9.86487,0.839978
154,-12.9686,9.78758,1.09631
154,-13.0071,9.86736,1.01591
154,-12.8814,10.0437,1.09796
154,-12.8303,10.1167,1.08919
154,-12.9117,10.0737,1.0685
154,-12.8913,10.2724,1.06786
154,-12.3221,11.8557,2.74225
154,-14.4437,8.62795,0.46611
154,-12.61,11.1338,1.06975
154,-12.4152,11.175,0.751901
154,-12.6265,11.2149,0.878776
154,-12.7144,11.7992,1.4815
154,-12.5072,12.6732,2.70464
154,-12.5244,12.7088,2.70307
154,-12.3145,11.8232,0.442028
154,-12.6952,11.3039,0.0299432
154,-12.1406,12.08,0.442106
154,-12.7272,11.9473,1.12022
154,-12.7914,11.309,0.0147412
154,-12.6816,12.1603,1.37437
154,-12.7034,12.1723,1.31235
154,-12.7707,11.4283,-0.0853579
154,-12.1275,12.1877,0.0556254
154,-12.7374,11.4612,-0.16791
154,-12.1309,12.1904,0.0549026
154,-12.4892,11.683,-0.361632
154,-12.6385,11.7881,0.00542355
154,-12.7664,11.5792,-0.153866
154,-12.7651,11.5816,-0.159525
154,-12.5223,11.73,-0.404763
154,-12.121,12.1659,-0.394475
154,-12.1434,12.1832,-0.416964
154,-12.1499,12.0216,-0.787303
154,-12.501,12.1942,0.193162
154,-12.1511,12.226,-0.461482
154,-12.1607,12.2312,-0.444455
154,-12.1418,12.9406,0.818681
154,-12.4094,12.8821,1.08207
154,-12.5007,12.0486,-0.576863
154,-12.041,13.2067,0.692656
154,-13.1445,11.6027,-0.403066
154,-13.264,11.7481,-0.227405
154,-13.2757,11.7662,-0.275072
154,-12.473,13.1688,0.81101
154,-12.2031,13.5519,1.01908
154,-12.6293,12.9338,0.623386
154,-12.2127,13.6136,1.01
154,-12.684,13.0246,0.600638
154,-13.2703,11.7603,-0.688434
154,-13.1166,11.6657,-1.21348
154,-12.7328,13.0536,0.665854
154,-13.0006,13.5144,1.95987
154,-13.464,11.9913,-0.0597301
154,-12.4846,13.764,1.12829
154,-11.8418,14.4812,0.901699
154,-13.5611,12.0307,-0.562619
154,-12.1192,14.4038,1.17511
154,-11.8979,14.1302,0.228851
154,-12.4645,13.4184,-0.127582
154,-12.3309,13.5413,-0.216029
154,-12.2225,14.0242,0.443509
154,-11.8648,14.0309,-0.263381
154,-16.3639,10.9048,2.26284
154,-16.9062,10.4678,2.34093
154,-11.8615,13.9996,-0.523829
154,-11.8694,14.0269,-0.502441
154,-12.2783,14.1325,0.372383
154,-17.0983,10.6153,2.82333
154,-11.8783,14.0922,-0.597878
154,-12.482,13.7047,-0.237698
154,-12.1135,14.7493,1.00672
154,-16.5284,10.9747,2.21464
154,-12.4879,14.4197,0.942464
154,-14.0713,11.8062,-1.10688
154,-12.3795,13.8735,-0.405695
154,-11.8542,14.0589,-1.057
154,-12.5078,14.478,0.955981
154,-12.1014,14.8504,0.755089
154,-11.8842,14.1078,-1.07811
154,-17.5997,10.307,2.3039
154,-12.2335,14.6766,0.297838
154,-12.1829,14.2895,-0.547558
154,-16.795,11.1706,2.19534
154,-16.7986,11.1685,2.19196
154,-14.0941,13.1909,0.816513
154,-17.3169,10.722,2.11603
154,-11.8686,14.1013,-1.84755
154,-12.2221,14.4362,-0.627323
154,-11.8885,14.147,-1.86497
154,-13.0937,14.8715,1.72919
154,-14.0589,12.1487,-1.71531
154,-13.7703,14.4148,1.8393
154,-12.3154,13.9888,-1.85107
154,-16.1471,16.1118,0.22606
153,-16.1471,16.1118,0.22606
154,-15.4549,12.1227,-0.533351
153,-15.4549,12.1227,-0.533351
154,-15.0286,15.4882,-0.509596
153,-15.0286,15.4882,-0.509596
154,-15.5359,12.9899,-0.309081
153,-15.5359,12.9899,-0.309081
154,-16.9119,12.0861,0.591562
153,-16.9119,12.0861,0.591562
154,-15.8274,17.0078,1.48155
153,-15.8274,17.0078,1.48155
154,-15.689,18.9361,-0.0422619
153,-15.689,18.9361,-0.0422619
154,-16.4952,15.1716,0.676683
153,-16.4952,15.1716,0.676683
154,-16.3381,14.9872,-0.436381
153,-16.3381,14.9872,-0.436381
154,-15.9018,14.098,-0.471457
153,-15.9018,14.098,-0.471457
154,-15.8708,12.414,-1.01382
153,-15.8708,12.414,-1.01382
154,-16.5648,15.2551,0.65475
153,-16.5648,15.2551,0.65475
154,-15.4766,12.9262,-0.265656
153,-15.4766,12.9262,-0.265656
154,-16.2652,17.7678,1.35959
153,-16.2652,17.7678,1.35959
154,-15.7223,17.8215,2.59969
153,-15.7223,17.8215,2.59969
154,-16.3797,16.2745,2.28331
153,-16.3797,16.2745,2.28331
154,-15.2406,14.5026,-0.239099
153,-15.2406,14.5026,-0.239099
154,-15.4029,13.5174,-1.14994
153,-15.4029,13.5174,-1.14994
154,-11.3799,11.821,0.401045
153,-11.3799,11.821,0.401045
154,-13.0967,9.28878,0.875812
153,-13.0967,9.28878,0.875812
154,-16.3668,12.1746,2.37821
153,-16.3668,12.1746,2.37821
154,-11.4141,11.9766,0.30134
153,-11.4141,11.9766,0.30134
154,-11.9676,16.6029,0.38617
153,-11.9676,16.6029,0.38617
154,-13.9384,18.2516,1.16603
153,-13.9384,18.2516,1.16603
154,-12.5513,11.2471,0.134914
153,-12.5513,11.2471,0.134914
154,-11.6106,16.3447,-0.924619
153,-11.6106,16.3447,-0.924619
154,-12.9653,17.1386,1.28615
153,-12.9653,17.1386,1.28615
154,-13.8433,18.2708,1.23598
153,-13.8433,18.2708,1.23598
154,-12.6307,17.9683,1.89596
153,-12.6307,17.9683,1.89596
154,-12.6254,16.4015,2.73603
153,-12.6254,16.4015,2.73603
154,-15.2908,17.5016,0.450196
153,-15.2908,17.5016,0.450196
154,-17.3915,12.9973,-0.561672
153,-17.3915,12.9973,-0.561672
154,-11.5637,19.5174,-4.92907
153,-11.5637,19.5174,-4.92907
154,-11.2172,18.1607,-1.81673
153,-11.2172,18.1607,-1.81673
154,-11.673,16.6577,-0.922783
153,-11.673,16.6577,-0.922783
154,-12.8214,16.7059,3.22309
153,-12.8214,16.7059,3.22309
154,-15.5164,12.9429,-0.260453
153,-15.5164,12.9429,-0.260453
154,-17.6617,13.2026,-0.693903
153,-17.6617,13.2026,-0.693903
154,-14.0486,12.0458,-1.32716
153,-14.0486,12.0458,-1.32716
154,-15.2171,15.4823,2.39658
153,-15.2171,15.4823,2.39658
154,-12.2572,16.8131,0.87852
153,-12.2572,16.8131,0.87852
154,-14.7747,13.8311,0.0892704
153,-14.7747,13.8311,0.0892704
154,-15.7671,13.1442,-0.41801
153,-15.7671,13.1442,-0.41801
154,-12.6595,16.1219,1.49876
153,-12.6595,16.1219,1.49876
154,-14.7874,17.8457,1.14633
152,-14.7874,17.8457,1.14633
154,-16.2865,13.9892,1.73483
152,-16.2865,13.9892,1.73483
154,-16.6213,12.2912,2.28564
152,-16.6213,12.2912,2.28564
154,-13.7864,17.834,1.23754
152,-13.7864,17.834,1.23754
154,-11.9882,13.5671,-1.02923
152,-11.9882,13.5671,-1.02923
154,-12.8397,10.1822,1.16378
152,-12.8397,10.1822,1.16378
154,-12.06,13.8873,0.460722
152,-12.06,13.8873,0.460722
154,-13.3114,15.8848,2.56035
152,-13.3114,15.8848,2.56035
154,-15.5364,12.213,-0.0513488
152,-15.5364,12.213,-0.0513488
154,-12.8938,13.4482,0.515082
152,-12.8938,13.4482,0.515082
154,-12.7065,10.2354,1.24266
152,-12.7065,10.2354,1.24266
154,-12.5624,10.8782,1.4093
152,-12.5624,10.8782,1.4093
154,-12.6823,12.9231,0.727742
152,-12.6823,12.9231,0.727742
154,-11.505,19.9766,-3.4385
152,-11.505,19.9766,-3.4385
154,-11.9729,19.3513,-1.15246
152,-11.9729,19.3513,-1.15246
154,-13.1456,8.75918,1.06147
152,-13.1456,8.75918,1.06147
154,-18.9782,10.4232,2.19623
152,-18.9782,10.4232,2.19623
154,-12.7503,16.4324,1.45
152,-12.7503,16.4324,1.45
154,-12.8237,9.9766,1.18659
152,-12.8237,9.9766,1.18659
154,-15.985,14.3326,-0.622573
151,-15.985,14.3326,-0.622573
154,-15.9825,16.806,2.35486
151,-15.9825,16.806,2.35486
154,-14.7218,17.7392,1.17269
151,-14.7218,17.7392,1.17269
154,-16.034,17.9508,1.18533
151,-16.034,17.9508,1.18533
154,-12.1989,15.878,1.10733
151,-12.1989,15.878,1.10733
154,-20.4169,13.7981,2.97358
151,-20.4169,13.7981,2.97358
154,-11.2011,19.049,-3.08914
151,-11.2011,19.049,-3.08914
154,-12.5827,11.9028,1.07376
151,-12.5827,11.9028,1.07376
154,-12.5787,17.8509,3.29495
151,-12.5787,17.8509,3.29495
154,-12.9696,8.8252,1.56965
151,-12.9696,8.8252,1.56965
154,-13.1165,17.7499,1.91479
151,-13.1165,17.7499,1.91479
154,-12.8741,16.4152,2.92491
151,-12.8741,16.4152,2.92491
154,-15.5166,17.6233,1.38537
150,-15.5166,17.6233,1.38537
154,-16.5359,12.3422,3.06927
150,-16.5359,12.3422,3.06927
154,-16.1889,13.8876,3.72923
150,-16.1889,13.8876,3.72923
154,-16.4466,17.6816,3.54081
150,-16.4466,17.6816,3.54081
154,-15.8862,16.6456,3.47829
150,-15.8862,16.6456,3.47829
154,-15.9262,16.7276,3.46553
150,-15.9262,16.7276,3.46553
154,-17.3343,13.7077,2.1147
149,-17.3343,13.7077,2.1147
154,-16.3756,14.0863,2.49645
149,-16.3756,14.0863,2.49645
154,-16.258,17.0508,0.233613
149,-16.258,17.0508,0.233613
154,-16.2352,16.0706,2.33638
149,-16.2352,16.0706,2.33638
154,-15.9956,18.0201,1.52352
149,-15.9956,18.0201,1.52352
154,-16.4724,14.6317,2.56043
148,-16.4724,14.6317,2.56043
154,-16.2256,16.1678,0.210346
147,-16.2256,16.1678,0.210346
154,-12.9666,9.39556,1.19053
145,-12.9666,9.39556,1.19053
154,-13.0456,8.77753,1.71477
143,-13.0456,8.77753,1.71477
155,-10.7626,9.23802,2.78514
155,-12.83,9.0292,1.7354
155,-12.962,8.99169,1.79695
155,-12.9756,8.98168,1.77596
155,-13.0064,8.96658,1.79304
155,-13.019,8.99814,1.77303
155,-13.0663,8.96682,1.79142
155,-13.0796,8.95842,1.51537
155,-13.0506,8.9812,1.37025
155,-13.1683,8.94534,1.41564
155,-12.7134,9.40892,1.353
155,-12.7134,9.41148,1.34777
155,-13.0738,9.3627,1.91049
155,-13.1981,8.95992,1.26489
155,-12.7778,9.48134,1.45279
155,-12.7708,9.51149,1.33815
155,-13.0478,9.49265,1.74408
155,-12.7584,9.49133,1.10581
155,-12.7612,9.52496,1.12361
155,-13.2439,9.45209,1.98839
155,-13.2232,9.43462,1.8573
155,-13.1792,9.5002,1.87351
155,-12.8577,9.59441,1.35078
155,-13.0983,9.53665,1.71921
155,-13.1101,9.52728,1.71954
155,-13.108,9.54687,1.74657
155,-12.8796,9.60865,1.33758
155,-12.8463,9.63692,1.32455
155,-13.0061,9.595,1.57304
155,-13.014,9.59997,1.57601
155,-13.0196,9.60057,1.56249
155,-12.6916,9.83694,0.840602
155,-12.6972,9.84029,0.83382
155,-12.9159,10.0721,1.13403
155,-12.9286,10.0731,1.12047
155,-12.9311,10.076,1.12759
155,-13.0111,9.93789,0.980189
155,-12.9422,10.0791,1.13343
155,-13.0599,9.89823,0.973657
155,-13.062,9.90275,0.971793
155,-12.926,10.1036,1.11384
155,-13.0221,9.98083,0.941278
155,-12.9374,10.1882,1.09677
155,-12.8392,10.2775,0.787421
155,-12.5911,11.229,0.982548
155,-12.4735,11.3055,0.667073
155,-12.5027,11.3465,0.6441
155,-12.0914,11.9682,0.620613
155,-12.6485,11.2564,0.089345
155,-12.3306,12.5861,2.14385
155,-12.6571,11.9492,1.37789
155,-12.6507,11.9073,1.09677
155,-12.1269,12.1609,0.513856
155,-12.1331,12.1596,0.45919
155,-12.5364,11.7406,0.308005
155,-13.1271,11.5013,0.795775
155,-12.6987,12.2007,1.353
155,-12.1521,12.2104,0.145621
155,-12.1528,12.2141,0.149711
155,-12.1655,12.2338,0.142815
155,-12.7971,11.5152,-0.0759244
155,-12.1327,12.1417,-0.20029
155,-12.1198,12.1521,-0.267766
155,-12.2764,11.9794,-0.374474
155,-12.1912,12.4806,0.524402
155,-12.196,12.4724,0.515881
155,-12.1367,12.1731,-0.296767
155,-12.1515,12.1985,-0.251047
155,-12.368,12.302,0.423486
155,-12.2771,12.7847,1.27077
155,-12.3457,12.2494,0.243206
155,-11.9767,12.9121,0.867421
155,-12.1514,12.2213,-0.341895
155,-12.3539,12.2874,0.233778
155,-12.1513,12.2349,-0.345729
155,-12.5764,11.8013,-0.413676
155,-12.5804,11.8219,-0.406313
155,-12.2031,12.8392,0.922071
155,-13.0534,11.4815,-0.227905
155,-12.7557,12.3498,0.986168
155,-12.0022,13.0255,0.810852
155,-12.6263,12.122,0.136315
155,-12.3053,12.5097,-0.0368037
155,-12.3978,13.1089,1.14006
155,-12.6373,12.9983,0.980145
155,-12.4537,13.1305,0.83285
155,-13.4007,11.8288,-0.767101
155,-12.4441,13.8283,1.38362
155,-12.4539,13.759,1.16183
155,-12.4486,13.7767,1.14916
155,-12.4681,13.8941,1.41354
155,-12.1884,13.1677,-0.83946
155,-16.7439,10.3763,2.90751
155,-13.3117,13.5616,2.38447
155,-12.5131,13.8583,1.27023
155,-12.4501,13.9841,1.34666
155,-11.8672,13.9521,-0.0480442
155,-12.4644,13.3739,-0.0444655
155,-12.4402,13.9601,1.05631
155,-11.9118,14.1428,0.296833
155,-13.574,12.0924,-0.678045
155,-13.337,14.037,3.0395
155,-11.9183,14.1889,0.265583
155,-13.6292,12.1265,-0.653175
155,-11.8924,14.1191,-0.105048
155,-11.8933,14.1307,-0.179477
155,-12.4798,14.2707,1.3272
155,-11.8966,14.1845,-0.134737
155,-12.4677,14.14,1.00252
155,-12.5286,13.5498,-0.196496
155,-13.9187,12.4212,0.14009
155,-12.2082,14.557,0.970317
155,-12.1143,14.6956,0.919236
155,-17.0287,10.5092,2.32536
155,-12.4869,14.4664,0.974348
155,-11.8959,14.1588,-1.05796
155,-12.1669,14.7896,0.895159
155,-13.5494,14.4524,3.04305
155,-11.8259,16.236,3.1166
155,-13.9085,12.0976,-1.42916
155,-12.5298,14.5761,0.916511
155,-12.2141,14.6234,0.333935
155,-13.0808,14.4576,1.80204
155,-12.2043,14.321,-0.573543
155,-13.925,12.234,-1.53118
155,-13.9822,12.4886,-0.978094
155,-17.3907,10.8116,2.29747
155,-15.7834,11.504,0.128066
155,-16.3576,12.2599,3.01421
155,-16.1849,11.471,0.848336
155,-16.2277,11.4502,0.821471
155,-17.9241,10.4654,2.27257
155,-16.2233,11.5123,0.839649
155,-16.4762,12.3067,3.02977
155,-16.7029,12.3305,3.5445
155,-15.7736,11.6472,-0.0322309
155,-15.6467,11.563,-0.524298
155,-15.7755,11.6817,-0.047184
155,-12.2817,15.8798,1.44686
155,-14.2315,12.7109,-1.32144
155,-12.3092,15.7834,1.14107
155,-12.7096,16.34,3.15721
155,-15.6142,12.2831,-0.304963
154,-15.6142,12.2831,-0.304963
155,-15.1012,12.1542,-2.05029
154,-15.1012,12.1542,-2.05029
155,-15.8102,13.2121,-1.15968
154,-15.8102,13.2121,-1.15968
155,-16.4,16.4631,0.101221
154,-16.4,16.4631,0.101221
155,-15.0741,14.2967,-0.457654
154,-15.0741,14.2967,-0.457654
155,-16.2347,13.7796,2.34817
154,-16.2347,13.7796,2.34817
155,-15.6465,13.0765,-0.724381
154,-15.6465,13.0765,-0.724381
155,-16.3717,11.7427,0.27923
154,-16.3717,11.7427,0.27923
155,-15.8777,11.7876,-0.319262
154,-15.8777,11.7876,-0.319262
155,-16.0627,11.887,-0.79452
154,-16.0627,11.887,-0.79452
155,-15.6077,11.5373,-0.358211
154,-15.6077,11.5373,-0.358211
155,-15.0477,13.4713,-1.3708
154,-15.0477,13.4713,-1.3708
155,-15.3251,12.791,-1.27081
154,-15.3251,12.791,-1.27081
155,-12.8905,9.85777,0.953837
154,-12.8905,9.85777,0.953837
155,-15.6366,12.3039,-0.110969
154,-15.6366,12.3039,-0.110969
155,-15.1497,14.4,-0.515008
154,-15.1497,14.4,-0.515008
155,-13.0846,9.74227,1.29497
154,-13.0846,9.74227,1.29497
155,-15.2456,12.6833,-0.439785
154,-15.2456,12.6833,-0.439785
155,-14.334,12.4698,-1.92517
154,-14.334,12.4698,-1.92517
155,-15.6624,12.3393,-0.332242
154,-15.6624,12.3393,-0.332242
155,-15.9807,12.5825,-0.312944
154,-15.9807,12.5825,-0.312944
155,-17.8943,15.8809,-0.994812
154,-17.8943,15.8809,-0.994812
155,-15.3765,13.0003,-1.36796
154,-15.3765,13.0003,-1.36796
155,-15.2011,12.6721,-1.16447
154,-15.2011,12.6721,-1.16447
155,-16.0249,13.6478,-1.93897
154,-16.0249,13.6478,-1.93897
155,-15.9565,13.3534,-1.27513
154,-15.9565,13.3534,-1.27513
155,-15.2474,13.2471,-0.191872
154,-15.2474,13.2471,-0.191872
155,-18.2272,13.6228,-0.756572
154,-18.2272,13.6228,-0.756572
155,-16.5595,12.1583,0.717825
154,-16.5595,12.1583,0.717825
155,-15.3569,12.0899,-0.137034
154,-15.3569,12.0899,-0.137034
155,-12.0463,20.6259,-3.57803
154,-12.0463,20.6259,-3.57803
155,-12.6509,18.1582,3.2678
154,-12.6509,18.1582,3.2678
155,-12.7166,18.2499,1.35078
154,-12.7166,18.2499,1.35078
155,-14.8837,11.9667,-1.81739
154,-14.8837,11.9667,-1.81739
155,-16.0068,13.3957,-1.29962
154,-16.0068,13.3957,-1.29962
155,-15.6472,13.0643,-0.715625
154,-15.6472,13.0643,-0.715625
155,-17.5542,13.1026,-0.655284
154,-17.5542,13.1026,-0.655284
155,-15.6377,13.8525,-1.08247
154,-15.6377,13.8525,-1.08247
155,-12.0086,16.7309,0.347509
154,-12.0086,16.7309,0.347509
155,-15.2634,17.5434,3.59482
154,-15.2634,17.5434,3.59482
155,-11.63,15.8875,-1.92502
154,-11.63,15.8875,-1.92502
155,-11.7031,19.1838,-3.97327
154,-11.7031,19.1838,-3.97327
155,-12.5382,16.6776,1.58201
154,-12.5382,16.6776,1.58201
155,-12.9755,8.95782,1.33761
154,-12.9755,8.95782,1.33761
155,-15.6485,11.5696,0.0134599
154,-15.6485,11.5696,0.0134599
155,-11.9894,17.3707,1.13055
154,-11.9894,17.3707,1.13055
155,-13.233,9.4029,2.00396
154,-13.233,9.4029,2.00396
155,-11.9482,20.2668,-3.32818
154,-11.9482,20.2668,-3.32818
155,-12.123,17.4798,0.129746
154,-12.123,17.4798,0.129746
155,-11.637,15.8267,-0.891695
154,-11.637,15.8267,-0.891695
155,-12.7547,16.475,3.21511
154,-12.7547,16.475,3.21511
155,-16.7311,12.2628,0.63023
154,-16.7311,12.2628,0.63023
155,-16.3716,11.6841,0.779707
154,-16.3716,11.6841,0.779707
155,-16.698,15.0621,0.384925
154,-16.698,15.0621,0.384925
155,-12.758,16.4277,2.25711
154,-12.758,16.4277,2.25711
155,-12.7776,16.3983,3.21071
154,-12.7776,16.3983,3.21071
155,-15.6111,16.1205,2.38023
154,-15.6111,16.1205,2.38023
155,-13.8737,14.1638,1.87237
154,-13.8737,14.1638,1.87237
155,-12.7598,16.4548,3.20968
154,-12.7598,16.4548,3.20968
155,-11.6612,15.9839,-0.985835
154,-11.6612,15.9839,-0.985835
155,-17.6847,12.8933,0.274758
154,-17.6847,12.8933,0.274758
155,-15.225,15.3619,0.709126
154,-15.225,15.3619,0.709126
155,-17.2414,18.6687,2.1992
154,-17.2414,18.6687,2.1992
155,-12.7594,9.33193,1.32203
154,-12.7594,9.33193,1.32203
155,-11.657,16.5091,-0.624901
154,-11.657,16.5091,-0.624901
155,-17.0376,12.7608,-0.388501
154,-17.0376,12.7608,-0.388501
155,-19.2205,12.5057,2.41469
154,-19.2205,12.5057,2.41469
155,-14.5033,15.3578,2.18879
154,-14.5033,15.3578,2.18879
155,-14.1884,14.8035,2.243
154,-14.1884,14.8035,2.243
155,-13.7257,17.8731,1.08976
153,-13.7257,17.8731,1.08976
155,-12.0936,13.6386,0.515574
153,-12.0936,13.6386,0.515574
155,-17.7184,14.0172,-0.54722
153,-17.7184,14.0172,-0.54722
155,-15.1533,18.7427,0.116254
153,-15.1533,18.7427,0.116254
155,-14.1375,12.4706,-1.08573
153,-14.1375,12.4706,-1.08573
155,-14.1934,12.0298,-1.24121
153,-14.1934,12.0298,-1.24121
155,-15.1292,13.3577,-1.31823
153,-15.1292,13.3577,-1.31823
155,-12.8846,10.252,1.77156
153,-12.8846,10.252,1.77156
155,-17.0156,14.0484,-0.227716
153,-17.0156,14.0484,-0.227716
155,-15.1668,18.7697,-0.144303
153,-15.1668,18.7697,-0.144303
155,-15.3843,13.6539,-1.57922
153,-15.3843,13.6539,-1.57922
155,-12.4734,11.2515,1.44496
153,-12.4734,11.2515,1.44496
155,-12.1074,13.7391,0.463657
153,-12.1074,13.7391,0.463657
155,-12.8182,10.1865,1.17495
153,-12.8182,10.1865,1.17495
155,-14.9107,17.2495,3.13109
153,-14.9107,17.2495,3.13109
155,-16.9779,13.2644,2.24073
153,-16.9779,13.2644,2.24073
155,-16.9144,11.7131,2.19359
153,-16.9144,11.7131,2.19359
155,-16.5855,11.8936,0.713113
153,-16.5855,11.8936,0.713113
155,-15.6398,17.2211,1.32137
153,-15.6398,17.2211,1.32137
155,-14.1375,12.4706,-1.08574
153,-14.1375,12.4706,-1.08574
155,-16.5347,14.1393,2.1274
153,-16.5347,14.1393,2.1274
155,-12.2669,15.6952,1.12426
153,-12.2669,15.6952,1.12426
155,-16.5547,11.873,0.726679
153,-16.5547,11.873,0.726679
155,-17.492,13.404,-0.403884
153,-17.492,13.404,-0.403884
155,-11.2115,18.873,-3.30544
153,-11.2115,18.873,-3.30544
155,-15.382,13.5436,-0.870709
153,-15.382,13.5436,-0.870709
155,-12.8282,10.1868,1.16256
153,-12.8282,10.1868,1.16256
155,-15.8229,12.442,-0.409171
153,-15.8229,12.442,-0.409171
155,-11.4601,19.6645,-3.74773
153,-11.4601,19.6645,-3.74773
155,-12.4997,18.0402,1.23578
153,-12.4997,18.0402,1.23578
155,-13.3525,11.7822,0.330995
153,-13.3525,11.7822,0.330995
155,-20.164,12.9781,2.58805
153,-20.164,12.9781,2.58805
155,-20.3458,13.0742,2.58193
153,-20.3458,13.0742,2.58193
155,-16.2256,13.331,-0.786287
152,-16.2256,13.331,-0.786287
155,-16.1252,15.3343,2.2154
152,-16.1252,15.3343,2.2154
155,-12.4279,13.8514,1.02047
152,-12.4279,13.8514,1.02047
155,-14.175,17.6133,1.16781
152,-14.175,17.6133,1.16781
155,-12.804,11.4945,0.744467
152,-12.804,11.4945,0.744467
155,-12.4186,13.8185,1.03088
152,-12.4186,13.8185,1.03088
155,-13.7617,17.7099,1.26106
152,-13.7617,17.7099,1.26106
155,-15.9527,17.684,-0.0504825
152,-15.9527,17.684,-0.0504825
155,-15.9056,12.5646,2.35448
152,-15.9056,12.5646,2.35448
155,-13.6115,17.5513,1.17392
152,-13.6115,17.5513,1.17392
155,-12.9609,17.0832,1.29242
152,-12.9609,17.0832,1.29242
155,-13.0361,11.6509,1.05215
152,-13.0361,11.6509,1.05215
155,-16.1321,16.9271,2.82663
152,-16.1321,16.9271,2.82663
155,-13.0049,11.6007,1.07423
152,-13.0049,11.6007,1.07423
155,-11.2561,20.397,-4.81749
152,-11.2561,20.397,-4.81749
155,-18.2176,10.1649,2.25822
152,-18.2176,10.1649,2.25822
155,-16.2508,18.4433,1.15081
152,-16.2508,18.4433,1.15081
155,-12.7749,11.4312,0.760765
151,-12.7749,11.4312,0.760765
155,-17.6143,13.3486,2.11583
151,-17.6143,13.3486,2.11583
155,-16.3715,14.4342,2.49619
151,-16.3715,14.4342,2.49619
155,-12.2911,12.577,0.247365
151,-12.2911,12.577,0.247365
155,-13.8985,16.9368,2.02604
151,-13.8985,16.9368,2.02604
155,-12.9171,9.50679,1.59571
151,-12.9171,9.50679,1.59571
155,-14.5543,18.0626,1.15041
151,-14.5543,18.0626,1.15041
155,-14.3783,17.5816,1.22886
151,-14.3783,17.5816,1.22886
155,-12.6307,17.0778,1.32528
151,-12.6307,17.0778,1.32528
155,-12.2048,15.2631,0.965836
151,-12.2048,15.2631,0.965836
155,-16.5147,14.7093,-0.37451
151,-16.5147,14.7093,-0.37451
155,-12.2014,15.8215,2.09747
151,-12.2014,15.8215,2.09747
155,-16.2516,14.038,0.878596
150,-16.2516,14.038,0.878596
155,-16.3077,14.1086,0.858968
150,-16.3077,14.1086,0.858968
155,-13.9093,18.0042,1.18793
150,-13.9093,18.0042,1.18793
155,-16.439,14.9645,2.32991
149,-16.439,14.9645,2.32991
155,-16.5132,14.2643,2.50283
149,-16.5132,14.2643,2.50283
155,-14.3478,9.15644,0.758029
147,-14.3478,9.15644,0.758029
155,-15.6199,17.1944,1.01262
147,-15.6199,17.1944,1.01262
155,-13.0256,9.00387,1.76466
147,-13.0256,9.00387,1.76466
156,-10.8612,9.07895,2.60898
156,-11.1199,9.03203,2.61615
156,-10.7591,9.49526,2.77213
156,-10.7574,9.54276,2.72533
156,-10.9979,10.0684,2.22931
156,-12.819,9.50123,1.43662
156,-12.7106,9.57907,1.32945
156,-12.8428,9.59329,1.3552
156,-13.1341,9.60815,1.74819
156,-13.1366,9.61846,1.7307
156,-13.1687,9.63622,1.72076
156,-13.1817,9.62877,1.72355
156,-13.359,9.54803,1.88109
156,-12.9575,9.67577,1.27833
156,-13.0784,9.67782,1.43517
156,-13.1484,9.69201,1.4039
156,-12.7928,9.97708,1.23181
156,-12.7667,10.678,2.72708
156,-12.7636,10.6901,2.72009
156,-12.9672,9.86602,1.11007
156,-12.6049,10.1574,1.01229
156,-13.2861,9.76353,1.32327
156,-12.0649,10.8326,1.10674
156,-13.0298,9.95524,0.989081
156,-13.0405,9.95661,0.979743
156,-12.9002,10.1802,1.11093
156,-12.9103,10.1758,1.11647
156,-12.9139,10.1872,1.10287
156,-13.0324,10.0992,0.953536
156,-12.1525,10.9012,1.04918
156,-12.9246,10.264,1.0724
156,-12.1506,10.9356,1.00878
156,-12.1532,10.9527,1.00244
156,-12.9478,10.2575,0.983632
156,-12.9613,10.2868,1.08204
156,-12.1434,10.9753,1.01139
156,-12.964,10.2949,1.0367
156,-12.9879,10.2787,1.03481
156,-12.9666,10.3046,1.0272
156,-12.3429,11.0008,1.07609
156,-12.3658,10.9153,0.488208
156,-12.4578,11.0775,1.02971
156,-13.2229,10.3834,0.644105
156,-11.1074,13.4702,3.023
156,-12.827,11.4555,1.0419
156,-12.0758,11.9275,0.55324
156,-11.1928,13.6938,3.02935
156,-12.6366,11.8341,1.48563
156,-12.3955,12.6498,2.98352
156,-12.288,11.7764,0.470634
156,-12.9225,11.4226,0.954552
156,-12.9357,11.3693,0.747414
156,-11.204,13.8017,3.03601
156,-12.5366,11.8918,1.10496
156,-12.0135,12.4283,1.13946
156,-12.0845,12.0872,0.346875
156,-11.823,12.1796,0.00498271
156,-12.0925,12.0998,0.336454
156,-12.336,11.9137,0.383366
156,-12.0954,12.1052,0.338149
156,-12.1036,12.1284,0.307179
156,-13.0527,11.5599,0.89343
156,-12.7458,12.0445,1.40058
156,-13.0214,11.7812,0.985369
156,-12.8276,12.0391,1.03335
156,-12.3786,12.5463,1.27771
156,-13.1242,11.7778,0.950211
156,-12.1328,12.4682,0.526801
156,-12.1373,12.181,-0.185343
156,-12.1458,12.2085,-0.219922
156,-12.1495,12.2345,-0.244005
156,-13.1698,11.8492,0.916671
156,-12.2778,12.7833,1.00897
156,-12.3842,12.3805,0.156396
156,-12.766,12.0982,0.0786102
156,-12.6964,12.2093,0.045439
156,-14.1613,11.9599,2.53388
156,-12.9883,11.7595,-0.48026
156,-12.8404,12.9586,2.11819
156,-13.32,11.8206,0.168195
156,-11.792,13.444,0.699443
156,-13.4097,11.8567,0.120712
156,-12.9957,12.6224,1.10859
156,-13.3923,11.8817,0.105575
156,-11.7466,13.757,1.14276
156,-11.7786,13.7993,1.16038
156,-13.3377,12.3397,0.826394
156,-11.9436,13.7295,1.26402
156,-12.3508,13.4782,1.42216
156,-11.7366,13.1856,-0.636721
156,-11.7217,13.2322,-0.640438
156,-12.6252,12.9521,0.568293
156,-13.0629,12.793,1.10823
156,-12.3651,13.5321,1.42456
156,-11.9724,13.8271,1.23027
156,-13.5139,12.0089,0.00271535
156,-11.9318,13.3769,-0.00173187
156,-12.3052,13.5797,1.19594
156,-11.8221,13.6036,-0.0671194
156,-12.39,13.1793,0.0606658
156,-13.2114,13.6757,2.90423
156,-12.1298,14.0213,1.39683
156,-11.9188,14.1297,1.02056
156,-13.6785,12.1655,-0.138278
156,-11.9355,14.2046,0.997261
156,-12.6433,14.4776,3.13959
156,-13.6918,12.0493,-0.643616
156,-11.8863,14.0394,0.337464
156,-11.8785,14.0992,0.340061
156,-11.8792,14.1023,0.338624
156,-11.2519,15.2067,1.71544
156,-11.9046,14.1465,0.302893
156,-14.4571,11.5872,-0.626369
156,-13.9612,12.0582,-0.611991
156,-13.9837,12.1017,-0.634277
156,-12.2311,15.0026,2.75868
156,-14.6806,11.6024,-0.44542
156,-11.8788,14.0971,-0.300542
156,-14.6282,12.9808,2.80028
156,-11.9221,14.3174,0.26633
156,-15.7759,11.2512,0.863575
156,-15.801,11.2945,1.00751
156,-14.7199,11.635,-0.480318
156,-12.2603,15.069,2.74687
156,-13.905,12.2293,-0.796301
156,-11.8381,14.0006,-0.894956
156,-12.9851,13.542,0.315701
156,-12.7235,14.8829,3.072
156,-11.9067,14.2363,-0.3669
156,-14.0813,12.2295,-0.739786
156,-15.8967,11.304,0.81912
156,-11.8512,14.0949,-0.975384
156,-12.1385,14.0656,-0.441598
156,-12.3051,15.2109,2.74278
156,-12.1273,15.0204,1.86968
156,-14.9387,11.7585,-0.199346
156,-11.2967,15.648,1.62699
156,-14.3522,13.5605,3.00519
156,-14.9418,11.7957,-0.168073
156,-12.5521,14.4596,1.28583
156,-15.9635,11.3459,0.805724
156,-15.5925,11.3969,0.011132
156,-15.9345,11.3246,0.516624
156,-14.9934,11.8456,-0.211149
156,-12.1577,15.1462,1.83776
156,-13.0135,13.8056,0.231668
156,-15.3069,11.6701,-0.145778
156,-14.0929,12.9694,0.393521
156,-12.0955,15.1959,1.58282
156,-13.0431,13.8608,0.207944
156,-12.188,15.2512,1.81318
156,-12.1172,15.2246,1.58424
156,-13.1122,13.8,0.175764
156,-12.1214,15.1391,1.32437
156,-16.6431,12.2985,3.92458
156,-12.19,15.277,1.74347
156,-12.2756,15.1543,1.596
156,-11.2826,16.0748,1.72055
156,-14.9484,11.8532,-0.883498
156,-14.2596,12.4402,-0.92265
156,-12.4997,15.6412,3.21489
156,-15.0393,11.8925,-0.630027
156,-16.0392,11.1866,-0.254785
156,-12.1271,15.2242,1.30205
156,-14.9671,11.8879,-0.914351
156,-16.0934,11.2491,-0.0961213
156,-11.9872,14.8803,0.0550241
156,-12.2336,15.4662,2.0323
156,-14.9862,11.8919,-0.924904
156,-11.9845,14.8847,0.0433998
156,-15.0071,11.9145,-0.932496
156,-11.9277,14.7028,-0.685573
156,-16.0032,11.5739,0.294747
156,-15.3084,12.0869,0.0729537
156,-12.5957,14.8149,1.00596
156,-15.6636,11.5279,-0.565103
156,-14.9515,11.9691,-1.03893
156,-12.2523,15.6053,2.15413
156,-12.26,15.5544,2.01624
156,-11.3024,16.2726,1.69813
156,-14.3942,12.6495,-0.651696
156,-14.8923,12.4078,-0.19045
156,-16.0648,11.5994,0.311713
156,-12.6087,14.8165,0.855874
156,-12.1589,15.3778,1.26569
156,-14.9029,12.4175,-0.1922
156,-15.9632,11.3651,-0.536553
156,-14.6429,12.7463,0.0528927
156,-12.1571,15.3861,1.20817
156,-15.3457,12.0964,-0.126464
156,-15.9852,11.3764,-0.546313
156,-15.7683,11.5898,-0.585323
156,-12.5664,15.8943,3.18998
156,-12.4863,15.1279,1.10594
156,-14.4734,12.336,-1.55107
156,-14.685,12.8098,0.0111074
156,-12.2632,14.6205,-0.758408
156,-12.4939,15.1795,1.09551
156,-15.7965,11.9959,0.260985
156,-15.6727,13.4764,3.56923
156,-16.0867,11.4323,-0.610188
156,-14.838,12.4513,-0.866647
156,-16.1586,11.676,0.0204811
156,-16.2536,11.6949,0.21862
156,-11.3404,16.5182,1.63223
156,-16.0367,11.7923,-0.130488
156,-15.8617,11.7469,-0.632027
156,-13.9269,14.848,2.86486
156,-15.3892,12.1283,-0.773598
156,-16.0277,11.813,-0.19195
156,-12.4855,15.6065,1.6013
156,-14.8429,12.9283,-0.0315204
156,-11.324,16.6767,1.63211
156,-16.0569,11.833,-0.229219
156,-15.961,11.77,-0.72082
156,-14.9449,12.5465,-0.977611
156,-11.3985,16.6235,1.45901
156,-16.3735,11.7026,-0.0797522
156,-16.3404,11.6627,-0.321034
156,-14.9763,12.5919,-0.982343
156,-17.0267,12.904,-0.185065
155,-17.0267,12.904,-0.185065
156,-13.83,17.9608,1.62829
155,-13.83,17.9608,1.62829
156,-11.9956,13.0238,0.82169
155,-11.9956,13.0238,0.82169
156,-15.1824,13.2887,-0.947802
155,-15.1824,13.2887,-0.947802
156,-12.7817,16.4989,1.37961
155,-12.7817,16.4989,1.37961
156,-15.6448,13.2554,-1.59275
155,-15.6448,13.2554,-1.59275
156,-14.1191,16.0933,-0.712945
155,-14.1191,16.0933,-0.712945
156,-18.7255,15.1835,-1.04492
155,-18.7255,15.1835,-1.04492
156,-13.6837,17.5685,1.97448
155,-13.6837,17.5685,1.97448
156,-12.1261,14.3261,0.462683
155,-12.1261,14.3261,0.462683
156,-15.365,13.5891,-0.248363
155,-15.365,13.5891,-0.248363
156,-13.3027,16.4208,3.17417
155,-13.3027,16.4208,3.17417
156,-16.899,13.2949,2.16646
155,-16.899,13.2949,2.16646
156,-13.6207,17.3485,1.70712
155,-13.6207,17.3485,1.70712
156,-16.0416,13.6569,0.932791
155,-16.0416,13.6569,0.932791
156,-17.1521,12.8961,-0.240393
155,-17.1521,12.8961,-0.240393
156,-12.3806,13.7083,1.4747
155,-12.3806,13.7083,1.4747
156,-12.7529,16.4611,1.39096
155,-12.7529,16.4611,1.39096
156,-16.7573,11.9847,-0.730615
155,-16.7573,11.9847,-0.730615
156,-17.4233,13.5356,2.20848
155,-17.4233,13.5356,2.20848
156,-17.4544,12.8738,2.2854
155,-17.4544,12.8738,2.2854
156,-15.7008,12.4627,-0.167486
155,-15.7008,12.4627,-0.167486
156,-12.0023,16.7294,0.359595
155,-12.0023,16.7294,0.359595
156,-15.8447,13.4172,2.39663
155,-15.8447,13.4172,2.39663
156,-15.0655,13.2507,-0.632881
155,-15.0655,13.2507,-0.632881
156,-12.7294,16.3243,1.43132
155,-12.7294,16.3243,1.43132
156,-16.0462,14.3806,0.694219
155,-16.0462,14.3806,0.694219
156,-16.3505,11.766,0.455018
155,-16.3505,11.766,0.455018
156,-11.6426,16.0246,-1.02045
155,-11.6426,16.0246,-1.02045
156,-15.5913,16.0384,0.514754
155,-15.5913,16.0384,0.514754
156,-13.0857,9.53818,1.76304
155,-13.0857,9.53818,1.76304
156,-15.8526,14.5779,2.4778
155,-15.8526,14.5779,2.4778
156,-16.406,11.7971,0.436866
155,-16.406,11.7971,0.436866
156,-12.1396,20.286,-1.47038
155,-12.1396,20.286,-1.47038
156,-12.6834,16.306,2.78013
155,-12.6834,16.306,2.78013
156,-14.2909,15.0396,1.49174
155,-14.2909,15.0396,1.49174
156,-17.5787,19.1696,2.23041
155,-17.5787,19.1696,2.23041
156,-17.1165,12.5026,0.521402
155,-17.1165,12.5026,0.521402
156,-13.2,9.63256,1.7292
155,-13.2,9.63256,1.7292
156,-20.0917,12.5839,2.46079
155,-20.0917,12.5839,2.46079
156,-11.5972,16.2992,-0.871333
155,-11.5972,16.2992,-0.871333
156,-16.5643,14.3071,3.78807
155,-16.5643,14.3071,3.78807
156,-18.0578,13.284,2.25416
155,-18.0578,13.284,2.25416
156,-19.8347,12.8281,2.35899
155,-19.8347,12.8281,2.35899
156,-12.9215,9.30939,1.97223
155,-12.9215,9.30939,1.97223
156,-27.8155,15.2309,5.38292
155,-27.8155,15.2309,5.38292
156,-14.7928,14.9363,2.46053
155,-14.7928,14.9363,2.46053
156,-16.0366,11.8095,2.43963
155,-16.0366,11.8095,2.43963
156,-12.9122,9.30606,1.9773
155,-12.9122,9.30606,1.9773
156,-12.8684,18.8106,1.79676
155,-12.8684,18.8106,1.79676
156,-19.9335,16.4761,-1.98073
154,-19.9335,16.4761,-1.98073
156,-12.9285,10.3093,1.01816
154,-12.9285,10.3093,1.01816
156,-16.1637,17.0468,2.52819
154,-16.1637,17.0468,2.52819
156,-12.8163,18.9878,1.81027
154,-12.8163,18.9878,1.81027
156,-15.5048,14.8827,-0.223016
154,-15.5048,14.8827,-0.223016
156,-16.0323,18.6047,1.21768
154,-16.0323,18.6047,1.21768
156,-16.1006,12.4996,-0.885205
154,-16.1006,12.4996,-0.885205
156,-16.3898,14.1876,2.13987
154,-16.3898,14.1876,2.13987
156,-15.52,12.9712,-0.291494
154,-15.52,12.9712,-0.291494
156,-11.8626,17.1102,-0.646677
154,-11.8626,17.1102,-0.646677
156,-11.9359,15.9312,-2.26726
154,-11.9359,15.9312,-2.26726
156,-12.8629,10.3912,1.13061
154,-12.8629,10.3912,1.13061
156,-16.7284,12.2614,0.668864
154,-16.7284,12.2614,0.668864
156,-21.2937,13.0369,2.26431
154,-21.2937,13.0369,2.26431
156,-15.5498,11.5786,-0.116921
154,-15.5498,11.5786,-0.116921
156,-11.4815,18.2986,-4.06741
154,-11.4815,18.2986,-4.06741
156,-20.0408,12.9389,2.33879
154,-20.0408,12.9389,2.33879
156,-16.1107,19.7492,3.71422
154,-16.1107,19.7492,3.71422
156,-16.579,11.0623,2.2234
154,-16.579,11.0623,2.2234
156,-12.1294,19.4313,-2.66978
154,-12.1294,19.4313,-2.66978
156,-12.4571,12.1187,0.24935
154,-12.4571,12.1187,0.24935
156,-15.9445,16.7578,3.49734
154,-15.9445,16.7578,3.49734
156,-11.4739,19.3248,-3.55631
154,-11.4739,19.3248,-3.55631
156,-11.9783,18.8411,-4.25769
154,-11.9783,18.8411,-4.25769
156,-11.6515,21.5936,-4.91611
154,-11.6515,21.5936,-4.91611
156,-12.5976,16.0102,1.51877
154,-12.5976,16.0102,1.51877
156,-17.5841,11.6587,2.50509
154,-17.5841,11.6587,2.50509
156,-15.6532,17.6511,2.19884
153,-15.6532,17.6511,2.19884
156,-12.3316,11.5779,0.557274
153,-12.3316,11.5779,0.557274
156,-15.84,18.4552,-0.287335
153,-15.84,18.4552,-0.287335
156,-15.3512,17.298,2.61461
153,-15.3512,17.298,2.61461
156,-16.3109,15.0837,2.43772
153,-16.3109,15.0837,2.43772
156,-13.1333,17.8101,1.76142
153,-13.1333,17.8101,1.76142
156,-19.3878,16.8324,-1.4064
153,-19.3878,16.8324,-1.4064
156,-17.2098,14.6332,-0.351964
153,-17.2098,14.6332,-0.351964
156,-15.9924,16.7226,2.84775
153,-15.9924,16.7226,2.84775
156,-17.8118,14.0794,-0.575283
153,-17.8118,14.0794,-0.575283
156,-12.5861,17.7857,1.9143
153,-12.5861,17.7857,1.9143
156,-11.9602,18.849,-4.1373
153,-11.9602,18.849,-4.1373
156,-11.1751,18.1577,-3.75587
153,-11.1751,18.1577,-3.75587
156,-11.278,19.8811,-3.53022
153,-11.278,19.8811,-3.53022
156,-11.4532,19.4655,-4.13525
153,-11.4532,19.4655,-4.13525
156,-16.5211,18.8451,1.04787
153,-16.5211,18.8451,1.04787
156,-11.728,16.6858,0.480523
153,-11.728,16.6858,0.480523
156,-11.1858,18.9811,-3.93177
153,-11.1858,18.9811,-3.93177
156,-11.5073,14.9851,0.983489
153,-11.5073,14.9851,0.983489
156,-12.0223,15.4477,1.21234
153,-12.0223,15.4477,1.21234
156,-12.8972,17.1159,1.5404
153,-12.8972,17.1159,1.5404
156,-11.6408,15.681,0.792008
153,-11.6408,15.681,0.792008
156,-12.5522,17.3427,2.20084
153,-12.5522,17.3427,2.20084
156,-16.1485,14.1027,2.34635
153,-16.1485,14.1027,2.34635
156,-16.156,15.7435,0.755755
152,-16.156,15.7435,0.755755
156,-14.9522,17.1116,2.5447
152,-14.9522,17.1116,2.5447
156,-13.9033,18.0598,1.40053
152,-13.9033,18.0598,1.40053
156,-13.8501,17.8803,1.44063
152,-13.8501,17.8803,1.44063
156,-12.6448,17.9474,3.26298
152,-12.6448,17.9474,3.26298
156,-15.8747,18.4827,-0.0802349
151,-15.8747,18.4827,-0.0802349
156,-14.1195,17.5256,1.49273
151,-14.1195,17.5256,1.49273
156,-13.1567,18.0906,1.38911
151,-13.1567,18.0906,1.38911
156,-12.6792,18.125,1.3875
151,-12.6792,18.125,1.3875
156,-13.0544,17.6507,1.47728
151,-13.0544,17.6507,1.47728
156,-16.0147,17.6256,0.590649
149,-16.0147,17.6256,0.590649
156,-12.926,10.0065,1.12703
149,-12.926,10.0065,1.12703
156,-16.2198,17.4045,2.49603
149,-16.2198,17.4045,2.49603
156,-16.0014,18.0085,1.52826
149,-16.0014,18.0085,1.52826
156,-16.3175,14.7864,2.20752
148,-16.3175,14.7864,2.20752
157,-11.0876,9.71705,2.81595
157,-12.491,11.4011,0.765556
157,-12.1515,11.6571,0.610774
157,-12.2615,11.5884,0.579608
157,-12.2286,11.7313,0.532024
157,-12.1587,11.9073,0.499835
157,-12.6701,12.0086,1.36062
157,-12.6804,12.0281,1.34418
157,-12.7964,12.062,1.37603
157,-12.6327,12.0473,1.0297
157,-12.759,12.0114,1.13633
157,-12.7612,12.0159,1.14947
157,-12.6528,12.0467,1.02512
157,-12.629,12.0974,1.11374
157,-12.6304,12.1202,1.13306
157,-12.6427,12.1312,1.11363
157,-12.762,12.0304,1.00206
157,-12.7966,12.0577,1.09693
157,-12.8216,12.0848,1.15297
157,-12.7803,12.0543,0.984647
157,-12.7939,12.0634,0.977128
157,-12.8289,12.0915,1.09004
157,-12.5954,12.876,2.69911
157,-12.1657,12.2674,0.329471
157,-12.192,12.2829,0.371039
157,-12.8497,12.0908,0.940361
157,-12.8877,12.1294,1.00519
157,-12.1519,12.2333,-0.0447505
157,-12.0673,13.0929,0.774534
157,-11.3155,14.7336,2.60966
157,-12.372,13.0874,0.143246
157,-11.3255,14.7864,2.61
157,-12.3599,13.1261,-0.00292921
157,-14.1546,13.2846,3.51581
157,-12.8006,13.6922,1.9889
157,-12.4329,13.7189,1.22726
157,-12.4335,13.3011,0.00844407
157,-12.4241,13.7937,1.17519
157,-11.8417,13.9154,0.42375
157,-12.4636,13.9575,1.41446
157,-13.2912,13.9941,2.92614
157,-12.4315,14.0183,1.44797
157,-12.3877,13.9222,1.09791
157,-12.0964,13.8692,0.438457
157,-12.4895,14.0103,1.39825
157,-11.8306,13.9995,0.136034
157,-12.4718,13.4583,-0.151015
157,-12.4185,14.0912,1.38331
157,-11.7446,14.4023,0.984356
157,-12.5307,13.9098,1.07875
157,-12.4676,14.1065,1.41536
157,-12.3663,14.1404,1.28166
157,-12.4179,14.1435,1.37687
157,-10.3507,16.1211,2.78138
157,-12.0775,14.0294,0.38978
157,-12.2046,13.9646,0.39012
157,-12.3957,14.1355,1.05752
157,-10.3578,16.2096,2.79663
157,-12.1961,14.0457,0.418214
157,-16.5021,12.081,2.91153
157,-11.871,13.7344,-1.0639
157,-16.5103,12.109,2.91822
157,-12.6039,14.0867,1.00877
157,-12.3696,14.2927,0.970326
157,-11.8289,13.9968,-0.81176
157,-12.1342,14.2196,0.290464
157,-12.0618,14.0179,-0.376586
157,-14.6717,13.7834,3.47111
157,-14.6594,13.8034,3.4884
157,-15.801,11.684,-0.0667465
157,-16.5281,12.1558,2.36927
157,-12.1538,14.135,-0.478719
157,-12.1945,14.38,0.221348
157,-12.858,14.6261,1.97777
157,-12.2014,14.4058,0.192544
157,-12.1461,14.1895,-0.481242
157,-11.394,16.1078,3.12655
157,-10.4903,16.4934,2.46807
157,-11.8544,14.0647,-1.43115
157,-16.4119,11.8508,0.718144
157,-16.722,12.2679,2.35294
157,-11.992,14.911,0.767326
157,-16.1206,11.6842,-0.314361
157,-15.8724,11.7333,-0.64187
157,-12.0039,14.9383,0.756598
157,-14.3601,12.6264,-1.08546
157,-16.6904,11.7084,0.67964
157,-12.8926,15.2969,3.19326
157,-16.8303,12.2883,2.3634
157,-12.0756,14.9628,0.749435
157,-17.0017,11.3487,0.149918
157,-16.053,11.8209,-0.319862
157,-10.8078,16.7618,3.14273
157,-10.4282,17.183,3.38342
157,-12.268,15.0315,0.878795
157,-17.1516,11.3994,0.106781
157,-16.8716,12.4886,2.35708
157,-15.4575,13.9802,3.64877
157,-10.4347,17.335,3.39856
157,-16.0983,11.8295,-0.806901
157,-15.2729,12.1932,-1.36281
157,-14.7239,12.8958,-0.551695
157,-16.8258,11.9195,0.609947
157,-13.7649,14.712,2.29685
157,-15.7369,12.3824,-0.340489
157,-16.7887,11.5502,-0.642588
157,-15.5795,12.1828,-1.22798
157,-15.6442,12.3641,-0.649837
157,-15.3921,12.2788,-1.44162
157,-12.3319,14.3061,-1.71731
157,-12.166,15.6778,1.4742
157,-15.6068,12.1944,-1.45071
157,-15.659,12.3639,-0.957726
157,-13.8341,14.8069,2.09261
157,-12.4827,16.0837,2.91908
157,-15.8457,12.4871,-0.434596
157,-11.3653,16.2662,1.36136
157,-15.6911,12.3366,-1.26548
157,-15.0456,14.2508,2.53719
157,-15.9408,12.5176,-0.476476
157,-12.463,17.3598,1.98105
156,-12.463,17.3598,1.98105
157,-15.706,13.1244,-0.409574
156,-15.706,13.1244,-0.409574
157,-16.2478,13.9592,0.840011
156,-16.2478,13.9592,0.840011
157,-16.6557,15.3923,-0.60439
156,-16.6557,15.3923,-0.60439
157,-12.5156,11.2819,0.845163
156,-12.5156,11.2819,0.845163
157,-15.7615,13.3937,-1.6286
156,-15.7615,13.3937,-1.6286
157,-15.567,13.1516,-1.28829
156,-15.567,13.1516,-1.28829
157,-16.4078,17.9233,-0.905385
156,-16.4078,17.9233,-0.905385
157,-16.0007,16.8424,0.769526
156,-16.0007,16.8424,0.769526
157,-13.0201,17.4527,1.98814
156,-13.0201,17.4527,1.98814
157,-16.5522,14.9414,-0.323505
156,-16.5522,14.9414,-0.323505
157,-16.3177,14.5279,-0.0218125
156,-16.3177,14.5279,-0.0218125
157,-16.0493,16.8092,2.84724
156,-16.0493,16.8092,2.84724
157,-12.2497,16.3559,1.32323
156,-12.2497,16.3559,1.32323
157,-15.7277,13.2646,-1.41459
156,-15.7277,13.2646,-1.41459
157,-15.7171,13.1689,-1.09069
156,-15.7171,13.1689,-1.09069
157,-12.6085,17.8971,1.40481
156,-12.6085,17.8971,1.40481
157,-12.7677,16.6359,2.0781
156,-12.7677,16.6359,2.0781
157,-14.6997,16.3982,0.180721
156,-14.6997,16.3982,0.180721
157,-12.4701,16.4574,1.64275
156,-12.4701,16.4574,1.64275
157,-15.9519,16.8583,2.51968
156,-15.9519,16.8583,2.51968
157,-19.4263,15.8554,-0.2932
156,-19.4263,15.8554,-0.2932
157,-16.6018,14.2782,0.897899
156,-16.6018,14.2782,0.897899
157,-16.0456,16.9036,3.50271
156,-16.0456,16.9036,3.50271
157,-11.5148,20.319,-4.13773
156,-11.5148,20.319,-4.13773
157,-16.4531,15.0679,0.705334
156,-16.4531,15.0679,0.705334
157,-15.9444,16.6553,2.85981
156,-15.9444,16.6553,2.85981
157,-12.0978,16.9179,0.124091
156,-12.0978,16.9179,0.124091
157,-11.6811,16.5778,0.663386
156,-11.6811,16.5778,0.663386
157,-16.2888,14.7583,-0.304968
156,-16.2888,14.7583,-0.304968
157,-11.2477,19.1693,-2.26699
156,-11.2477,19.1693,-2.26699
157,-14.7149,15.7877,1.59665
156,-14.7149,15.7877,1.59665
157,-15.697,13.1445,-1.06268
156,-15.697,13.1445,-1.06268
157,-15.1697,16.7739,2.98254
156,-15.1697,16.7739,2.98254
157,-11.6896,16.9429,-0.213194
156,-11.6896,16.9429,-0.213194
157,-16.5272,12.0001,0.224144
156,-16.5272,12.0001,0.224144
157,-11.9844,16.2979,0.334538
156,-11.9844,16.2979,0.334538
157,-11.4654,19.7397,-3.78959
156,-11.4654,19.7397,-3.78959
157,-16.0725,11.8551,-0.787389
156,-16.0725,11.8551,-0.787389
157,-15.6114,13.0514,-0.344677
156,-15.6114,13.0514,-0.344677
157,-15.7893,13.6013,3.67386
156,-15.7893,13.6013,3.67386
157,-11.3357,17.5856,1.29836
156,-11.3357,17.5856,1.29836
157,-16.2284,13.5594,-1.44343
156,-16.2284,13.5594,-1.44343
157,-13.6931,17.4271,1.53412
156,-13.6931,17.4271,1.53412
157,-12.6957,11.682,0.376824
156,-12.6957,11.682,0.376824
157,-16.7219,17.9148,3.58187
156,-16.7219,17.9148,3.58187
157,-16.3164,17.1407,0.188462
156,-16.3164,17.1407,0.188462
157,-15.728,13.1365,-1.06023
156,-15.728,13.1365,-1.06023
157,-15.9944,13.3357,-0.943182
156,-15.9944,13.3357,-0.943182
157,-12.1476,16.2125,1.02188
156,-12.1476,16.2125,1.02188
157,-16.2739,17.2484,3.52343
156,-16.2739,17.2484,3.52343
157,-11.6453,16.389,-0.532168
156,-11.6453,16.389,-0.532168
157,-12.0428,15.7649,1.80508
156,-12.0428,15.7649,1.80508
157,-11.359,21.334,-4.36695
156,-11.359,21.334,-4.36695
157,-12.3952,16.8743,3.24497
156,-12.3952,16.8743,3.24497
157,-16.4465,11.5775,-0.849318
156,-16.4465,11.5775,-0.849318
157,-16.5213,11.1422,0.345706
156,-16.5213,11.1422,0.345706
157,-16.7409,15.0875,-0.423135
156,-16.7409,15.0875,-0.423135
157,-14.8238,13.0695,-0.425964
156,-14.8238,13.0695,-0.425964
157,-11.2574,20.4634,-3.8291
156,-11.2574,20.4634,-3.8291
157,-12.8156,16.7727,3.26217
156,-12.8156,16.7727,3.26217
157,-16.4694,11.5761,0.260472
156,-16.4694,11.5761,0.260472
157,-16.5086,12.085,0.823737
156,-16.5086,12.085,0.823737
157,-16.153,14.6422,2.80853
155,-16.153,14.6422,2.80853
157,-15.2092,18.3084,1.20033
155,-15.2092,18.3084,1.20033
157,-15.3661,14.7142,-0.328097
155,-15.3661,14.7142,-0.328097
157,-14.7536,12.8611,-1.43251
155,-14.7536,12.8611,-1.43251
157,-16.244,17.3275,2.70749
155,-16.244,17.3275,2.70749
157,-15.4919,19.521,-0.36068
155,-15.4919,19.521,-0.36068
157,-11.8966,18.7255,-4.361
155,-11.8966,18.7255,-4.361
157,-16.4219,14.7929,0.566555
155,-16.4219,14.7929,0.566555
157,-15.3952,18.2543,3.55594
155,-15.3952,18.2543,3.55594
157,-16.041,17.8407,-0.0769753
155,-16.041,17.8407,-0.0769753
157,-15.4554,13.0979,-0.636047
155,-15.4554,13.0979,-0.636047
157,-12.0356,19.7902,-5.11237
155,-12.0356,19.7902,-5.11237
157,-12.7427,11.6597,1.24552
155,-12.7427,11.6597,1.24552
157,-16.7317,11.9772,-0.702152
155,-16.7317,11.9772,-0.702152
157,-15.3906,13.4585,-0.427555
155,-15.3906,13.4585,-0.427555
157,-12.2252,16.5968,0.941473
155,-12.2252,16.5968,0.941473
157,-12.4487,17.1042,3.28507
155,-12.4487,17.1042,3.28507
157,-15.9116,17.7239,0.901386
155,-15.9116,17.7239,0.901386
157,-16.9736,11.817,0.0717484
155,-16.9736,11.817,0.0717484
157,-11.9905,18.0205,-1.00714
155,-11.9905,18.0205,-1.00714
157,-12.3126,17.0167,0.847639
155,-12.3126,17.0167,0.847639
157,-16.524,14.2715,3.78481
155,-16.524,14.2715,3.78481
157,-12.3262,16.4408,2.26436
155,-12.3262,16.4408,2.26436
157,-16.0767,13.4355,-0.631581
155,-16.0767,13.4355,-0.631581
157,-12.0533,15.8727,1.11823
155,-12.0533,15.8727,1.11823
157,-16.3895,15.5515,-0.116381
154,-16.3895,15.5515,-0.116381
157,-16.9172,16.1792,-0.359263
154,-16.9172,16.1792,-0.359263
157,-15.504,13.7212,-0.335897
154,-15.504,13.7212,-0.335897
157,-16.6891,15.1743,2.81954
154,-16.6891,15.1743,2.81954
157,-17.3698,14.5258,2.11134
154,-17.3698,14.5258,2.11134
157,-12.5279,14.2301,0.982272
154,-12.5279,14.2301,0.982272
157,-16.4324,17.8083,3.6349
154,-16.4324,17.8083,3.6349
157,-16.2358,17.0107,0.248944
154,-16.2358,17.0107,0.248944
157,-16.0372,16.9139,0.800658
154,-16.0372,16.9139,0.800658
157,-15.9171,18.7141,0.163346
154,-15.9171,18.7141,0.163346
157,-16.0496,15.9221,0.291995
154,-16.0496,15.9221,0.291995
157,-16.7716,16.2265,2.43363
154,-16.7716,16.2265,2.43363
157,-16.6145,16.0231,2.4491
154,-16.6145,16.0231,2.4491
157,-15.8663,16.6314,3.44032
154,-15.8663,16.6314,3.44032
157,-12.5372,14.6614,0.986367
153,-12.5372,14.6614,0.986367
157,-14.4315,18.3826,1.90874
153,-14.4315,18.3826,1.90874
157,-13.3321,18.5668,3.49391
153,-13.3321,18.5668,3.49391
157,-16.3808,13.9997,2.16456
153,-16.3808,13.9997,2.16456
157,-16.0344,16.7086,2.26085
153,-16.0344,16.7086,2.26085
157,-15.5989,16.9613,0.792756
153,-15.5989,16.9613,0.792756
157,-13.8658,17.9255,1.1943
153,-13.8658,17.9255,1.1943
157,-12.6452,17.909,1.59245
153,-12.6452,17.909,1.59245
157,-11.414,21.4779,-5.98252
153,-11.414,21.4779,-5.98252
157,-16.2202,13.9694,2.5168
153,-16.2202,13.9694,2.5168
157,-12.1305,12.1575,0.423336
153,-12.1305,12.1575,0.423336
157,-11.2845,19.3854,-2.4367
153,-11.2845,19.3854,-2.4367
157,-16.1444,15.3548,2.50781
153,-16.1444,15.3548,2.50781
157,-11.2041,18.4862,-2.0321
153,-11.2041,18.4862,-2.0321
157,-13.7024,17.8545,1.32781
152,-13.7024,17.8545,1.32781
157,-13.203,18.0948,1.40015
152,-13.203,18.0948,1.40015
157,-13.7612,17.624,1.47189
152,-13.7612,17.624,1.47189
157,-13.6194,17.3126,3.24401
152,-13.6194,17.3126,3.24401
157,-13.1181,17.8928,3.47791
152,-13.1181,17.8928,3.47791
157,-16.3253,13.3992,0.798991
152,-16.3253,13.3992,0.798991
157,-14.3012,18.109,1.18687
152,-14.3012,18.109,1.18687
157,-20.3219,13.0712,2.33795
152,-20.3219,13.0712,2.33795
157,-14.2877,15.8728,2.58427
151,-14.2877,15.8728,2.58427
157,-16.3574,15.7243,2.46033
151,-16.3574,15.7243,2.46033
157,-11.8721,18.4266,-0.806203
151,-11.8721,18.4266,-0.806203
157,-12.5136,16.8709,1.23794
151,-12.5136,16.8709,1.23794
157,-16.3322,15.1279,2.42964
149,-16.3322,15.1279,2.42964
157,-16.114,16.9541,2.85412
147,-16.114,16.9541,2.85412
157,-16.4415,13.7904,2.24336
146,-16.4415,13.7904,2.24336
158,-10.594,9.76961,2.83557
158,-11.7017,11.8224,2.76658
158,-12.5207,11.4353,0.735715
158,-12.3403,11.5628,0.554705
158,-12.694,11.4964,0.690008
158,-12.1237,11.835,0.559082
158,-12.0863,11.9016,0.57376
158,-12.1487,11.8635,0.534233
158,-12.1809,11.8991,0.4921
158,-11.0965,13.2918,3.01759
158,-12.6379,12.0464,1.02461
158,-12.6798,12.0945,0.998426
158,-12.1749,12.178,0.385214
158,-12.2216,12.204,0.404585
158,-12.2381,12.4032,0.761239
158,-12.2697,12.4356,0.742763
158,-12.2917,12.4648,0.706109
158,-10.9554,14.2473,3.04746
158,-12.1037,13.2324,0.709161
158,-12.3102,13.2668,0.735281
158,-12.0739,13.3969,0.666858
158,-12.4387,13.3525,1.04644
158,-9.13966,14.7652,-0.156857
158,-12.4938,13.0364,-0.0789511
158,-12.6041,13.3359,0.924341
158,-12.0922,13.5032,0.591609
158,-12.5204,13.3316,0.756877
158,-13.1341,13.7952,2.40763
158,-12.4504,13.8145,1.33576
158,-12.3924,13.8758,1.1045
158,-11.8559,13.9676,0.511123
158,-12.7752,13.6217,0.91408
158,-12.8268,13.6004,0.861418
158,-12.3757,14.0224,1.41286
158,-13.2776,14.0016,2.8103
158,-12.3877,14.0752,1.40265
158,-12.418,14.0742,1.40593
158,-12.3087,13.5995,-0.264561
158,-11.3247,15.0422,2.61632
158,-13.3203,14.0829,2.88954
158,-15.7469,11.6998,-0.572555
158,-12.3958,14,1.07297
158,-11.8892,13.8868,-0.25609
158,-12.4188,14.0562,1.04373
158,-10.2671,15.7453,2.76662
158,-11.832,14.0067,-0.212155
158,-10.5675,15.6034,2.57568
158,-11.861,14.0596,-0.308014
158,-10.2915,15.9494,2.97463
158,-11.5907,15.1494,2.60418
158,-12.8226,13.5865,-0.558523
158,-11.3921,15.3541,2.59566
158,-11.8488,14.0521,-0.745314
158,-11.4183,15.3711,2.59935
158,-12.8478,13.6803,-0.612247
158,-12.858,13.7071,-0.612127
158,-10.3537,16.1607,2.7873
158,-13.0626,14.4504,1.8365
158,-12.902,13.733,-0.696151
158,-15.6896,12.3796,-0.354599
158,-10.3859,16.1805,2.76411
158,-12.8862,13.7653,-0.675133
158,-10.3452,16.5505,3.73082
158,-15.7988,12.4313,-0.20182
158,-15.7514,12.429,-0.377349
158,-10.2425,16.2742,2.55851
158,-13.1368,13.9269,-0.0388398
158,-10.3681,16.3046,2.77845
158,-10.96,15.9287,2.56771
158,-15.683,12.3288,-0.981658
158,-13.548,14.7874,3.06948
158,-12.4141,14.6714,0.819268
158,-16.1841,12.2142,-0.686907
158,-9.01925,16.1232,-0.314681
158,-9.08593,16.1104,-0.386036
158,-15.8027,12.4668,-0.775814
158,-8.99418,16.1943,-0.339959
158,-16.6078,12.5712,0.761348
158,-10.4508,16.3855,2.48423
158,-9.10357,16.009,-0.962801
158,-10.4441,16.5721,2.96804
158,-8.98723,16.2897,-0.408313
158,-10.4433,16.612,2.96491
158,-9.10388,16.0368,-1.02998
158,-12.1717,15.0389,0.833405
158,-10.3394,16.9673,3.75127
158,-10.4506,16.2927,1.82146
158,-10.5128,16.4961,2.43676
158,-13.8235,14.9701,3.07445
158,-10.47,16.7104,2.94937
158,-16.4591,12.3539,-0.832389
158,-9.53443,16.9628,2.16962
158,-10.3301,17.1278,3.97567
158,-8.96886,16.5644,-0.0823348
158,-12.9323,15.7344,3.81358
158,-12.2505,15.321,1.32575
158,-9.06259,16.4009,-0.532392
158,-12.2183,15.1663,0.785886
158,-15.6057,13.0552,-0.357667
158,-9.50079,17.0885,2.16424
158,-10.0592,16.613,1.57593
158,-12.4313,15.7506,2.75457
158,-10.3318,17.2573,3.99441
158,-12.5113,15.147,0.944368
158,-10.043,16.6237,1.4431
158,-10.3308,17.3123,3.99695
158,-9.96966,16.7432,1.56906
158,-15.6487,13.0526,-0.72523
158,-15.5406,13.0468,-0.929303
158,-9.50429,17.2464,2.1711
158,-10.3397,17.4075,4.01639
158,-12.5405,15.2719,0.868275
158,-12.4789,15.3749,1.03719
158,-10.0176,16.7943,1.42183
158,-10.0127,16.8176,1.43893
158,-15.695,13.1423,-0.759695
158,-15.5944,13.2182,-0.706398
158,-12.2451,15.6214,1.23836
158,-9.96069,16.9262,1.55817
158,-9.53188,17.4694,2.42065
158,-14.6471,17.9463,0.315123
157,-14.6471,17.9463,0.315123
158,-13.5015,16.9792,1.58632
157,-13.5015,16.9792,1.58632
158,-11.8361,15.6508,0.547957
157,-11.8361,15.6508,0.547957
158,-10.4564,18.8677,-0.945768
157,-10.4564,18.8677,-0.945768
158,-12.965,16.9336,2.72657
157,-12.965,16.9336,2.72657
158,-12.2552,16.4207,3.19799
157,-12.2552,16.4207,3.19799
158,-12.7264,12.0113,1.35273
157,-12.7264,12.0113,1.35273
158,-14.9647,17.5038,0.273801
157,-14.9647,17.5038,0.273801
158,-12.7867,18.6133,1.5027
157,-12.7867,18.6133,1.5027
158,-11.7059,16.3022,-0.414876
157,-11.7059,16.3022,-0.414876
158,-11.8682,18.6497,-4.28633
157,-11.8682,18.6497,-4.28633
158,-15.4063,17.6739,-0.170983
157,-15.4063,17.6739,-0.170983
158,-11.1926,18.7682,-4.15199
157,-11.1926,18.7682,-4.15199
158,-11.2479,18.8499,-4.19853
157,-11.2479,18.8499,-4.19853
158,-11.2868,20.3646,-4.86479
157,-11.2868,20.3646,-4.86479
158,-11.0898,17.3739,-2.37568
157,-11.0898,17.3739,-2.37568
158,-12.49,17.3634,1.1134
157,-12.49,17.3634,1.1134
158,-11.496,20.4392,-3.74524
157,-11.496,20.4392,-3.74524
158,-16.0759,15.6315,2.29925
157,-16.0759,15.6315,2.29925
158,-15.4473,15.2504,1.00653
157,-15.4473,15.2504,1.00653
158,-14.8848,16.3117,2.97865
157,-14.8848,16.3117,2.97865
158,-11.2842,19.7904,-2.62875
157,-11.2842,19.7904,-2.62875
158,-11.7942,17.1459,0.51728
157,-11.7942,17.1459,0.51728
158,-13.3432,17.3737,0.242227
157,-13.3432,17.3737,0.242227
158,-11.3629,16.5973,1.48522
157,-11.3629,16.5973,1.48522
158,-11.852,17.9691,-3.46073
157,-11.852,17.9691,-3.46073
158,-11.5671,23.6808,-7.70469
157,-11.5671,23.6808,-7.70469
158,-11.4213,22.2998,-6.18677
157,-11.4213,22.2998,-6.18677
158,-11.4415,19.8338,-4.36925
157,-11.4415,19.8338,-4.36925
158,-11.5234,20.6504,-3.87578
157,-11.5234,20.6504,-3.87578
158,-12.0794,23.2491,-5.23712
157,-12.0794,23.2491,-5.23712
158,-11.7899,22.5497,-4.33488
157,-11.7899,22.5497,-4.33488
158,-12.0508,13.6268,0.584436
157,-12.0508,13.6268,0.584436
158,-17.6987,20.5471,1.76077
157,-17.6987,20.5471,1.76077
158,-11.8492,15.5693,-2.01854
157,-11.8492,15.5693,-2.01854
158,-12.1072,14.9726,-0.0644999
157,-12.1072,14.9726,-0.0644999
158,-12.4475,17.2442,3.23782
157,-12.4475,17.2442,3.23782
158,-12.479,17.3819,3.41096
157,-12.479,17.3819,3.41096
158,-15.1803,16.8099,2.97548
157,-15.1803,16.8099,2.97548
158,-12.7505,16.5402,3.2039
157,-12.7505,16.5402,3.2039
158,-12.9548,17.2696,3.40686
157,-12.9548,17.2696,3.40686
158,-11.7207,16.7561,0.624055
157,-11.7207,16.7561,0.624055
158,-16.2498,17.0539,0.138752
157,-16.2498,17.0539,0.138752
158,-14.9539,17.4887,0.272376
157,-14.9539,17.4887,0.272376
158,-10.4465,19.7422,-1.28512
157,-10.4465,19.7422,-1.28512
158,-13.5015,16.9791,1.58632
157,-13.5015,16.9791,1.58632
158,-10.2355,20.696,-4.56655
157,-10.2355,20.696,-4.56655
158,-9.92822,18.5367,-1.81833
157,-9.92822,18.5367,-1.81833
158,-11.482,19.8455,-3.39805
157,-11.482,19.8455,-3.39805
158,-15.7555,16.3365,0.457376
157,-15.7555,16.3365,0.457376
158,-15.8967,16.578,2.86624
157,-15.8967,16.578,2.86624
158,-16.0703,15.9584,0.799705
157,-16.0703,15.9584,0.799705
158,-12.795,18.603,3.50221
157,-12.795,18.603,3.50221
158,-13.175,18.0117,3.46442
157,-13.175,18.0117,3.46442
158,-10.061,19.5815,-1.2443
157,-10.061,19.5815,-1.2443
158,-10.3824,17.3142,1.14666
157,-10.3824,17.3142,1.14666
158,-11.9055,18.2184,-3.61992
157,-11.9055,18.2184,-3.61992
158,-10.4539,20.2713,-1.48439
157,-10.4539,20.2713,-1.48439
158,-11.6023,15.6499,-0.119291
157,-11.6023,15.6499,-0.119291
158,-11.3739,21.0521,-3.34343
157,-11.3739,21.0521,-3.34343
158,-15.8044,18.2874,-0.245269
157,-15.8044,18.2874,-0.245269
158,-10.2759,19.5622,-3.84008
157,-10.2759,19.5622,-3.84008
158,-10.3817,17.434,1.12528
157,-10.3817,17.434,1.12528
158,-10.145,17.2753,-0.325256
157,-10.145,17.2753,-0.325256
158,-11.2824,19.3713,-0.113255
157,-11.2824,19.3713,-0.113255
158,-20.1498,16.08,-1.69493
157,-20.1498,16.08,-1.69493
158,-16.5366,15.9333,3.76879
157,-16.5366,15.9333,3.76879
158,-12.93,12.222,1.30152
157,-12.93,12.222,1.30152
158,-9.99066,20.1359,-1.44343
157,-9.99066,20.1359,-1.44343
158,-10.477,19.0033,-0.948481
157,-10.477,19.0033,-0.948481
158,-10.4023,19.1513,-2.1137
157,-10.4023,19.1513,-2.1137
158,-14.9539,17.54,3.56049
157,-14.9539,17.54,3.56049
158,-10.5104,18.5783,-0.232492
157,-10.5104,18.5783,-0.232492
158,-15.3445,13.5696,-0.0326863
157,-15.3445,13.5696,-0.0326863
158,-15.6555,13.6318,2.20946
157,-15.6555,13.6318,2.20946
158,-16.8371,12.6909,-0.277518
157,-16.8371,12.6909,-0.277518
158,-12.6488,17.823,1.88768
157,-12.6488,17.823,1.88768
158,-10.0509,19.6575,-1.17836
157,-10.0509,19.6575,-1.17836
158,-13.7047,13.7515,0.522009
157,-13.7047,13.7515,0.522009
158,-15.5421,14.7386,0.438307
157,-15.5421,14.7386,0.438307
158,-14.9502,14.122,2.58326
157,-14.9502,14.122,2.58326
158,-16.134,16.9991,3.4682
157,-16.134,16.9991,3.4682
158,-12.6517,16.4044,3.25144
157,-12.6517,16.4044,3.25144
158,-16.3318,15.6253,0.0704772
157,-16.3318,15.6253,0.0704772
158,-12.7616,16.737,1.98153
157,-12.7616,16.737,1.98153
158,-10.1195,17.5831,-0.391361
157,-10.1195,17.5831,-0.391361
158,-13.666,17.4705,1.68972
156,-13.666,17.4705,1.68972
158,-16.3255,17.4199,2.71293
156,-16.3255,17.4199,2.71293
158,-13.2871,18.2993,1.66998
156,-13.2871,18.2993,1.66998
158,-16.4132,16.1603,3.08498
156,-16.4132,16.1603,3.08498
158,-15.8297,15.0381,-0.83161
156,-15.8297,15.0381,-0.83161
158,-11.1596,19.7097,-1.341
156,-11.1596,19.7097,-1.341
158,-11.7435,17.0857,-2.90467
156,-11.7435,17.0857,-2.90467
158,-11.7374,15.279,0.791558
156,-11.7374,15.279,0.791558
158,-12.2864,16.2945,1.01305
156,-12.2864,16.2945,1.01305
158,-11.282,21.8886,-1.37399
156,-11.282,21.8886,-1.37399
158,-16.4853,14.6037,0.696116
156,-16.4853,14.6037,0.696116
158,-16.2497,15.9531,3.08147
156,-16.2497,15.9531,3.08147
158,-12.9177,19.0615,1.21054
156,-12.9177,19.0615,1.21054
158,-16.3038,16.0211,3.08989
156,-16.3038,16.0211,3.08989
158,-14.9074,16.7139,2.76176
156,-14.9074,16.7139,2.76176
158,-11.2964,19.3462,-0.0986661
156,-11.2964,19.3462,-0.0986661
158,-16.2141,16.39,0.749856
156,-16.2141,16.39,0.749856
158,-12.3083,16.3736,1.00231
156,-12.3083,16.3736,1.00231
158,-12.6483,23.4967,-2.70658
156,-12.6483,23.4967,-2.70658
158,-11.2692,20.7425,-5.04852
156,-11.2692,20.7425,-5.04852
158,-11.2215,19.5356,-4.24075
156,-11.2215,19.5356,-4.24075
158,-13.1678,17.8203,1.1546
156,-13.1678,17.8203,1.1546
158,-11.233,21.3068,-1.96109
156,-11.233,21.3068,-1.96109
158,-16.3318,16.1673,2.32338
156,-16.3318,16.1673,2.32338
158,-11.1738,19.9276,-1.42158
156,-11.1738,19.9276,-1.42158
158,-11.4672,18.7653,1.06731
156,-11.4672,18.7653,1.06731
158,-12.1131,14.9959,0.0383721
156,-12.1131,14.9959,0.0383721
158,-11.7629,10.1499,2.41824
156,-11.7629,10.1499,2.41824
158,-16.4574,14.181,3.78909
156,-16.4574,14.181,3.78909
158,-16.405,14.2032,2.1478
156,-16.405,14.2032,2.1478
158,-15.8261,12.4514,-0.210199
156,-15.8261,12.4514,-0.210199
158,-17.8813,13.373,-0.563764
156,-17.8813,13.373,-0.563764
158,-14.6914,16.3505,1.55376
156,-14.6914,16.3505,1.55376
158,-15.7978,17.6476,1.57906
156,-15.7978,17.6476,1.57906
158,-11.9795,18.954,-2.16839
156,-11.9795,18.954,-2.16839
158,-15.717,17.5059,1.61009
156,-15.717,17.5059,1.61009
158,-12.2567,16.1242,1.05022
154,-12.2567,16.1242,1.05022
158,-16.1145,15.4794,0.141936
154,-16.1145,15.4794,0.141936
158,-12.7494,18.4788,1.08027
154,-12.7494,18.4788,1.08027
158,-13.1532,11.687,0.833042
154,-13.1532,11.687,0.833042
158,-13.5754,17.1689,1.3507
154,-13.5754,17.1689,1.3507
158,-12.5913,16.2591,0.671142
154,-12.5913,16.2591,0.671142
158,-13.1601,11.6945,0.823764
154,-13.1601,11.6945,0.823764
158,-12.5874,17.6924,1.93219
154,-12.5874,17.6924,1.93219
158,-16.239,16.0623,2.30827
154,-16.239,16.0623,2.30827
158,-12.7216,18.1887,1.15216
154,-12.7216,18.1887,1.15216
158,-15.8956,16.6684,3.44734
154,-15.8956,16.6684,3.44734
158,-15.9619,17.4003,0.437609
155,-15.9619,17.4003,0.437609
158,-16.2102,16.9694,0.168805
155,-16.2102,16.9694,0.168805
158,-15.7777,15.5591,0.898251
155,-15.7777,15.5591,0.898251
158,-14.4432,17.8863,1.14893
155,-14.4432,17.8863,1.14893
158,-13.3786,18.6337,1.49766
155,-13.3786,18.6337,1.49766
158,-13.8586,18.3005,1.03224
155,-13.8586,18.3005,1.03224
158,-16.2809,14.637,0.602412
155,-16.2809,14.637,0.602412
158,-16.3585,14.1129,2.51448
155,-16.3585,14.1129,2.51448
158,-17.3398,13.2961,-0.344649
155,-17.3398,13.2961,-0.344649
158,-17.2817,14.013,-0.318845
155,-17.2817,14.013,-0.318845
158,-12.4711,17.7131,1.29769
153,-12.4711,17.7131,1.29769
158,-12.4214,17.468,1.33411
153,-12.4214,17.468,1.33411
158,-15.9897,17.9186,2.003
153,-15.9897,17.9186,2.003
158,-14.9167,17.6972,1.29821
153,-14.9167,17.6972,1.29821
158,-15.5748,13.2002,-1.52515
153,-15.5748,13.2002,-1.52515
158,-13.7771,17.7266,1.95316
153,-13.7771,17.7266,1.95316
158,-11.2284,19.2996,-3.87898
153,-11.2284,19.2996,-3.87898
158,-13.1259,17.8399,1.19386
153,-13.1259,17.8399,1.19386
158,-14.1675,17.6501,1.79953
152,-14.1675,17.6501,1.79953
158,-15.0189,16.8861,2.75764
152,-15.0189,16.8861,2.75764
158,-14.405,16.8011,2.55978
152,-14.405,16.8011,2.55978
158,-14.7508,16.9665,2.54392
151,-14.7508,16.9665,2.54392
158,-15.8041,19.4232,2.45175
151,-15.8041,19.4232,2.45175
158,-14.2071,17.3485,1.83579
151,-14.2071,17.3485,1.83579
158,-12.1416,20.459,-1.50805
151,-12.1416,20.459,-1.50805
158,-16.1664,14.4117,2.26398
149,-16.1664,14.4117,2.26398
158,-16.2794,14.1128,0.904976
149,-16.2794,14.1128,0.904976
158,-16.4039,15.1736,2.45234
148,-16.4039,15.1736,2.45234
159,-10.7698,11.9982,2.97883
159,-10.1123,12.6522,3.04881
159,-10.9061,13.2834,3.09633
159,-12.1554,12.0835,0.707189
159,-12.1773,12.1036,0.713183
159,-12.7312,12.0627,1.32865
159,-12.6498,12.1226,1.39887
159,-12.6149,12.0321,1.03707
159,-12.7069,12.0042,1.00585
159,-12.6196,12.0969,1.15402
159,-12.6124,12.1225,1.15769
159,-12.6925,12.0897,1.02627
159,-12.8499,12.0575,1.09763
159,-12.7566,12.062,0.96652
159,-12.8655,12.0768,1.03661
159,-12.8946,12.0683,1.01719
159,-12.8819,12.0914,1.01247
159,-13.3639,11.9335,0.732559
159,-12.4647,12.974,2.74538
159,-12.1562,13.3737,0.621004
159,-12.3331,13.4358,0.563325
159,-12.4244,13.2538,0.0404868
159,-12.0665,13.6818,0.530558
159,-12.4252,13.8952,1.45068
159,-12.4592,13.4227,-0.138767
159,-11.9333,13.6543,-0.142104
159,-11.9816,13.8773,0.49921
159,-11.0701,14.8789,2.63052
159,-12.4666,13.9552,1.42472
159,-12.2963,13.9941,1.1828
159,-8.90479,15.9408,3.08789
159,-11.8434,13.9515,0.393816
159,-11.8132,14.0222,0.572501
159,-11.8311,14.0452,0.509413
159,-12.0566,13.9505,0.412542
159,-12.5331,13.9692,1.13663
159,-11.8342,14.0882,0.53026
159,-10.2788,15.3869,2.75719
159,-12.3635,14.1284,1.25829
159,-11.8174,13.9771,-0.0543771
159,-10.2751,15.498,2.96589
159,-12.4105,14.0651,1.04027
159,-12.3839,14.2042,1.34042
159,-10.2842,15.4934,2.74788
159,-10.2979,15.5507,2.95599
159,-11.2013,15.2297,3.08673
159,-8.86825,16.2699,3.03368
159,-11.8202,14.0376,-0.621016
159,-12.7482,13.6916,-0.566668
159,-8.84755,16.2682,2.69118
159,-11.8448,14.1298,-0.695979
159,-12.7999,13.7682,-0.608994
159,-11.0279,15.4375,2.59111
159,-12.8914,13.7326,-0.666517
159,-10.3231,15.7569,2.62104
159,-10.3291,15.8104,2.80265
159,-10.3588,15.8455,2.65129
159,-10.3385,15.9283,2.79604
159,-9.64929,15.8095,1.42248
159,-13.1251,14.6238,1.87066
159,-8.64631,15.69,-0.899977
159,-8.59398,15.752,-0.9586
159,-8.32026,16.4234,0.93543
159,-8.27837,16.2554,0.224685
159,-16.2572,14.0374,3.74549
159,-10.4254,16.0667,2.51966
159,-10.4448,15.9243,1.88647
159,-11.9971,14.9719,0.753157
159,-15.1669,13.3657,-0.414464
159,-10.2092,16.6319,3.78726
159,-15.8866,13.0189,-0.667517
159,-10.2517,16.7075,3.87201
159,-15.7821,13.1804,-0.454699
159,-15.8522,13.2283,-0.276755
159,-12.0299,15.0804,0.715794
159,-8.51702,16.7698,1.56685
159,-12.4763,15.8282,3.83009
159,-12.0105,15.1252,0.722353
159,-10.4192,16.1111,1.86594
159,-10.8765,16.3353,3.1333
159,-9.65019,16.6344,2.42725
159,-12.2681,15.1123,0.85594
159,-12.0691,15.1585,0.71255
159,-12.8391,15.5647,3.13865
159,-15.9479,13.2785,-0.528682
159,-9.96442,16.5142,2.06296
159,-12.45,15.6969,2.66684
159,-12.5227,15.9998,3.74971
159,-12.1,15.2912,0.63853
159,-9.95166,16.5871,2.0612
159,-12.9514,15.7217,3.20497
159,-8.45916,17.0563,1.50613
159,-12.069,15.1854,0.088062
159,-9.85301,16.4653,1.33513
159,-15.4607,13.7128,-0.270554
159,-16.4535,14.0223,2.16139
159,-9.45251,16.9052,2.24389
159,-15.4602,13.7079,-0.299768
159,-8.30804,17.341,2.12755
159,-8.20286,16.5401,-0.803436
159,-9.93134,16.6891,2.06087
159,-8.57747,17.0362,1.25835
159,-9.27716,16.5952,0.690455
159,-10.4433,16.7909,2.96376
159,-10.0044,16.4882,1.31473
159,-12.1707,15.6199,1.26888
159,-11.3735,16.0426,1.59311
159,-13.2573,15.3264,1.74067
159,-10.3769,16.6175,2.12986
159,-9.99147,16.6167,1.57357
159,-10.0029,16.5369,1.315
159,-13.1199,15.4435,1.87587
159,-15.557,13.7891,-0.395125
159,-9.5468,16.6043,0.702693
159,-9.03477,16.2741,-1.13539
159,-9.03188,16.2765,-1.17838
159,-11.7322,15.2721,-0.870348
159,-12.626,16.3201,3.89829
159,-12.6388,15.4468,0.915577
159,-10.6896,16.448,1.57696
159,-8.16057,16.7477,-0.920741
159,-9.94862,16.6586,1.21797
159,-10.067,16.7009,1.50699
159,-11.2993,16.2537,1.66627
159,-11.2524,16.4012,2.09612
159,-16.1047,14.9032,3.69024
159,-10.3986,16.9115,2.57048
159,-8.95276,16.7084,-0.172658
159,-12.1648,15.445,-0.0283401
159,-13.1338,17.886,1.94441
158,-13.1338,17.886,1.94441
159,-11.3414,21.0852,-4.29899
158,-11.3414,21.0852,-4.29899
159,-10.3329,18.7964,-0.486473
158,-10.3329,18.7964,-0.486473
159,-11.3545,21.2864,-4.96227
158,-11.3545,21.2864,-4.96227
159,-11.7211,17.013,-2.74435
158,-11.7211,17.013,-2.74435
159,-16.1391,17.2346,2.48481
158,-16.1391,17.2346,2.48481
159,-15.9863,17.7155,-0.0676459
158,-15.9863,17.7155,-0.0676459
159,-15.9128,16.7332,-1.16973
158,-15.9128,16.7332,-1.16973
159,-15.209,16.0716,-0.341395
158,-15.209,16.0716,-0.341395
159,-10.9496,17.3823,2.49606
158,-10.9496,17.3823,2.49606
159,-11.7229,15.4915,0.757707
158,-11.7229,15.4915,0.757707
159,-11.9205,21.733,-5.03725
158,-11.9205,21.733,-5.03725
159,-11.2562,20.1608,-2.89741
158,-11.2562,20.1608,-2.89741
159,-11.2464,19.8471,-4.01602
158,-11.2464,19.8471,-4.01602
159,-11.3351,20.8153,-4.31507
158,-11.3351,20.8153,-4.31507
159,-13.0821,17.6765,1.64429
158,-13.0821,17.6765,1.64429
159,-11.8349,18.52,-1.95991
158,-11.8349,18.52,-1.95991
159,-15.6248,17.823,1.31763
158,-15.6248,17.823,1.31763
159,-11.3065,16.328,1.65271
158,-11.3065,16.328,1.65271
159,-11.9225,20.8705,-5.66783
158,-11.9225,20.8705,-5.66783
159,-11.8583,17.5541,-3.30443
158,-11.8583,17.5541,-3.30443
159,-12.6479,13.4124,0.920952
158,-12.6479,13.4124,0.920952
159,-10.2827,18.1413,0.224323
158,-10.2827,18.1413,0.224323
159,-11.2689,18.2753,-0.117982
158,-11.2689,18.2753,-0.117982
159,-15.7485,16.3579,2.30091
158,-15.7485,16.3579,2.30091
159,-11.1601,15.9288,1.62946
158,-11.1601,15.9288,1.62946
159,-10.3121,20.0462,-0.94088
158,-10.3121,20.0462,-0.94088
159,-13.3415,16.9529,1.30369
158,-13.3415,16.9529,1.30369
159,-11.7052,15.1775,-0.804821
158,-11.7052,15.1775,-0.804821
159,-11.3239,20.8393,-3.25159
158,-11.3239,20.8393,-3.25159
159,-12.4662,14.4544,0.897537
158,-12.4662,14.4544,0.897537
159,-8.55567,22.5009,-2.04263
158,-8.55567,22.5009,-2.04263
159,-9.84954,17.1782,1.37429
158,-9.84954,17.1782,1.37429
159,-10.31,17.8284,1.2477
158,-10.31,17.8284,1.2477
159,-9.26254,15.9084,-0.704682
158,-9.26254,15.9084,-0.704682
159,-12.9884,16.3604,0.588248
158,-12.9884,16.3604,0.588248
159,-10.9713,20.3328,-1.45641
158,-10.9713,20.3328,-1.45641
159,-10.3224,18.8503,-0.514104
158,-10.3224,18.8503,-0.514104
159,-12.5031,17.3821,4.06654
158,-12.5031,17.3821,4.06654
159,-13.1389,17.8241,4.11521
158,-13.1389,17.8241,4.11521
159,-9.85501,17.0923,1.35174
158,-9.85501,17.0923,1.35174
159,-10.1505,19.706,-0.852275
158,-10.1505,19.706,-0.852275
159,-12.4274,17.2193,1.29963
158,-12.4274,17.2193,1.29963
159,-12.5889,17.7144,1.9288
158,-12.5889,17.7144,1.9288
159,-10.453,18.9965,-0.969326
158,-10.453,18.9965,-0.969326
159,-10.3252,19.1563,-0.6281
158,-10.3252,19.1563,-0.6281
159,-11.9519,19.0812,-0.946573
158,-11.9519,19.0812,-0.946573
159,-13.139,17.8243,4.11524
158,-13.139,17.8243,4.11524
159,-16.4131,15.8656,3.94137
158,-16.4131,15.8656,3.94137
159,-10.3,17.5361,1.27971
158,-10.3,17.5361,1.27971
159,-11.7876,19.6942,-2.87345
158,-11.7876,19.6942,-2.87345
159,-9.17646,26.8349,-3.53783
158,-9.17646,26.8349,-3.53783
159,-10.1505,19.706,-0.852275
158,-10.1505,19.706,-0.852275
159,-12.0132,15.7018,1.16768
158,-12.0132,15.7018,1.16768
159,-12.4056,16.9937,2.00919
158,-12.4056,16.9937,2.00919
159,-10.8936,15.2528,-1.12681
158,-10.8936,15.2528,-1.12681
159,-11.7673,22.6363,-6.22849
158,-11.7673,22.6363,-6.22849
159,-16.0202,14.2905,-0.585393
158,-16.0202,14.2905,-0.585393
159,-9.27236,18.3112,0.163418
158,-9.27236,18.3112,0.163418
159,-10.3176,17.4734,1.15298
158,-10.3176,17.4734,1.15298
159,-9.78719,18.742,4.2065
158,-9.78719,18.742,4.2065
159,-12.728,18.136,4.17759
158,-12.728,18.136,4.17759
159,-12.117,23.34,-5.36506
158,-12.117,23.34,-5.36506
159,-9.08189,16.8704,-1.27576
158,-9.08189,16.8704,-1.27576
159,-17.0626,18.2475,3.586
158,-17.0626,18.2475,3.586
159,-9.81822,18.9247,4.22881
158,-9.81822,18.9247,4.22881
159,-12.1729,16.1102,3.86429
158,-12.1729,16.1102,3.86429
159,-10.4731,19.4526,-1.09077
158,-10.4731,19.4526,-1.09077
159,-10.0313,19.617,-1.21321
158,-10.0313,19.617,-1.21321
159,-11.9415,18.6047,-3.57277
158,-11.9415,18.6047,-3.57277
159,-11.5491,16.3274,-0.71168
158,-11.5491,16.3274,-0.71168
159,-10.0645,17.9409,-0.0587587
158,-10.0645,17.9409,-0.0587587
159,-12.6425,17.9512,4.11879
158,-12.6425,17.9512,4.11879
159,-15.8119,16.571,3.43471
158,-15.8119,16.571,3.43471
159,-10.4285,15.7648,1.70497
158,-10.4285,15.7648,1.70497
159,-16.5023,14.6863,2.55636
158,-16.5023,14.6863,2.55636
159,-18.1854,18.2758,-0.684019
158,-18.1854,18.2758,-0.684019
159,-11.6503,16.0495,-0.907064
158,-11.6503,16.0495,-0.907064
159,-10.2792,16.8528,1.36574
158,-10.2792,16.8528,1.36574
159,-12.4741,15.9743,2.09835
158,-12.4741,15.9743,2.09835
159,-13.5408,17.3947,1.40132
157,-13.5408,17.3947,1.40132
159,-10.3186,20.125,-0.738889
157,-10.3186,20.125,-0.738889
159,-11.2906,20.6143,-4.0936
157,-11.2906,20.6143,-4.0936
159,-11.4892,19.9621,-4.45409
157,-11.4892,19.9621,-4.45409
159,-12.6932,17.3254,1.99042
157,-12.6932,17.3254,1.99042
159,-12.6035,17.8625,1.40007
157,-12.6035,17.8625,1.40007
159,-15.3269,16.9823,2.76071
157,-15.3269,16.9823,2.76071
159,-15.4889,17.1466,1.50481
157,-15.4889,17.1466,1.50481
159,-14.9663,16.7739,2.97909
157,-14.9663,16.7739,2.97909
159,-10.2505,19.5518,-3.89848
157,-10.2505,19.5518,-3.89848
159,-10.1637,23.1254,-6.19835
157,-10.1637,23.1254,-6.19835
159,-11.8492,17.1105,0.564387
157,-11.8492,17.1105,0.564387
159,-11.5907,21.2163,-4.70579
157,-11.5907,21.2163,-4.70579
159,-12.1545,16.2314,1.00759
157,-12.1545,16.2314,1.00759
159,-10.8598,16.2035,2.55337
157,-10.8598,16.2035,2.55337
159,-13.279,18.3131,2.01982
157,-13.279,18.3131,2.01982
159,-11.5872,18.2098,0.944582
157,-11.5872,18.2098,0.944582
159,-11.8581,15.8173,0.490091
157,-11.8581,15.8173,0.490091
159,-14.6999,17.2897,1.3881
157,-14.6999,17.2897,1.3881
159,-12.2559,16.6672,0.900295
157,-12.2559,16.6672,0.900295
159,-9.54159,17.2421,-2.27483
157,-9.54159,17.2421,-2.27483
159,-10.2977,17.9195,-2.84665
157,-10.2977,17.9195,-2.84665
159,-10.01,18.9161,-0.0132229
157,-10.01,18.9161,-0.0132229
159,-12.6529,12.114,1.40722
157,-12.6529,12.114,1.40722
159,-13.7764,17.6436,1.47175
157,-13.7764,17.6436,1.47175
159,-14.0014,17.3343,1.54915
157,-14.0014,17.3343,1.54915
159,-15.7331,13.1769,-1.10267
157,-15.7331,13.1769,-1.10267
159,-13.8974,17.9714,1.43802
157,-13.8974,17.9714,1.43802
159,-13.9889,17.3148,1.54278
157,-13.9889,17.3148,1.54278
159,-10.2151,21.3257,-5.03832
157,-10.2151,21.3257,-5.03832
159,-12.1749,16.2901,1.00484
157,-12.1749,16.2901,1.00484
159,-16.0752,14.8752,3.68188
157,-16.0752,14.8752,3.68188
159,-15.6518,16.348,2.40064
157,-15.6518,16.348,2.40064
159,-10.4201,18.228,1.24336
157,-10.4201,18.228,1.24336
159,-16.3954,15.176,2.49425
157,-16.3954,15.176,2.49425
159,-13.2505,18.1984,3.27061
156,-13.2505,18.1984,3.27061
159,-13.0961,17.7471,1.43797
156,-13.0961,17.7471,1.43797
159,-12.8502,17.9077,1.73194
156,-12.8502,17.9077,1.73194
159,-13.4216,18.8015,3.30139
156,-13.4216,18.8015,3.30139
159,-11.1454,19.253,-1.13258
156,-11.1454,19.253,-1.13258
159,-11.4118,18.1953,1.3526
156,-11.4118,18.1953,1.3526
159,-13.1055,17.7504,1.43365
156,-13.1055,17.7504,1.43365
159,-11.2731,19.5354,-0.128468
156,-11.2731,19.5354,-0.128468
159,-16.3413,17.1108,0.193213
156,-16.3413,17.1108,0.193213
159,-16.0162,16.8623,3.5054
156,-16.0162,16.8623,3.5054
159,-11.4489,17.812,1.44768
156,-11.4489,17.812,1.44768
159,-16.3743,15.1433,2.49048
156,-16.3743,15.1433,2.49048
159,-11.3074,19.9955,-2.78666
156,-11.3074,19.9955,-2.78666
159,-15.4664,17.5713,1.84845
155,-15.4664,17.5713,1.84845
159,-14.45,18.3575,1.89404
155,-14.45,18.3575,1.89404
159,-16.0271,16.4386,0.828446
155,-16.0271,16.4386,0.828446
159,-12.2062,17.9798,-0.00970239
155,-12.2062,17.9798,-0.00970239
159,-13.8198,17.9113,1.94655
155,-13.8198,17.9113,1.94655
159,-12.7047,18.1963,2.11316
155,-12.7047,18.1963,2.11316
159,-12.9541,17.7477,1.15115
154,-12.9541,17.7477,1.15115
159,-15.0589,20.7737,2.35734
154,-15.0589,20.7737,2.35734
159,-15.5625,18.5823,3.66336
154,-15.5625,18.5823,3.66336
159,-13.2033,17.9908,1.11972
154,-13.2033,17.9908,1.11972
159,-12.8366,17.9099,1.73626
154,-12.8366,17.9099,1.73626
159,-14.2649,17.8893,1.27342
153,-14.2649,17.8893,1.27342
159,-14.1745,17.6652,1.48923
153,-14.1745,17.6652,1.48923
159,-15.1576,17.1108,2.93025
153,-15.1576,17.1108,2.93025
159,-12.7543,17.623,1.94648
153,-12.7543,17.623,1.94648
159,-17.4734,14.4777,-0.427873
153,-17.4734,14.4777,-0.427873
159,-16.071,18.0833,1.98091
153,-16.071,18.0833,1.98091
159,-12.9444,17.3692,1.96286
151,-12.9444,17.3692,1.96286
159,-21.1627,44.5796,-2.52602
149,-21.1627,44.5796,-2.52602
160,-12.7832,12.0252,1.3987
160,-10.9422,13.2182,3.01722
160,-12.8704,12.0619,1.03273
160,-11.0154,13.3737,3.02301
160,-12.7772,12.2872,0.990082
160,-12.868,12.3631,0.977093
160,-10.0646,13.8604,3.04647
160,-10.9398,13.7352,2.15965
160,-11.1136,13.955,3.03922
160,-11.0005,14.2004,3.14319
160,-9.93003,13.8999,0.845098
160,-12.4038,13.3513,1.15079
160,-12.1444,13.347,0.642579
160,-12.5253,13.4011,0.745151
160,-11.2107,14.2229,1.87329
160,-8.33835,15.3257,2.50219
160,-8.30773,15.3511,2.49687
160,-12.0055,13.4723,-0.0924778
160,-10.2366,14.8642,2.69058
160,-12.6331,13.9724,2.00988
160,-10.2625,14.9506,2.69458
160,-12.0277,13.6982,0.356719
160,-10.9133,14.888,3.07067
160,-12.058,13.5604,-0.161899
160,-12.2574,13.4976,-0.200344
160,-12.447,13.8583,1.15115
160,-10.3679,14.826,2.21558
160,-12.4615,13.9586,1.41724
160,-12.2691,13.5204,-0.214706
160,-12.4879,13.9563,1.42001
160,-12.3618,13.6628,0.335655
160,-8.33995,15.5745,2.52802
160,-12.5506,13.504,-0.181873
160,-12.3373,13.555,-0.291046
160,-12.5209,13.9474,1.1148
160,-8.39657,15.863,3.20346
160,-8.35099,15.9293,3.25817
160,-11.0536,14.6973,1.87265
160,-12.3777,14.0907,1.12004
160,-10.4632,15.1036,2.5258
160,-12.5693,14.157,1.34499
160,-12.4268,14.1906,1.06457
160,-8.35784,16.0861,3.19526
160,-12.8636,13.5797,-0.609983
160,-11.831,14.2026,0.388278
160,-12.8375,13.635,-0.542805
160,-10.3281,15.4068,2.64092
160,-11.8444,14.0632,-0.257586
160,-11.8563,14.1033,-0.284487
160,-10.2863,15.5891,2.96246
160,-11.8452,14.0795,-0.587434
160,-11.8442,14.3539,0.301255
160,-9.13634,14.9653,-0.383228
160,-9.15057,14.9705,-0.408831
160,-11.8637,14.1443,-0.645115
160,-13.035,13.7599,-0.744601
160,-9.04243,15.3116,0.0116878
160,-9.53094,16.0686,2.38204
160,-7.73235,15.6082,-0.917366
160,-7.81161,15.6497,-0.812472
160,-8.44384,16.1141,1.07311
160,-7.94264,16.4047,1.42178
160,-12.2174,14.956,0.914196
160,-8.17726,16.3511,1.44685
160,-10.2513,16.1941,2.93736
160,-12.0278,15.0133,0.741179
160,-12.0451,14.8685,0.233863
160,-7.85776,16.4293,1.17026
160,-7.86069,16.5597,1.39741
160,-8.11752,16.4981,1.37215
160,-13.9277,15.201,2.7777
160,-7.79832,16.5622,1.15016
160,-8.17055,17.1213,3.3072
160,-7.79766,16.0827,-0.591392
160,-12.118,15.0315,0.247751
160,-7.79378,16.6185,1.12333
160,-8.18206,17.3696,3.92817
160,-7.83299,16.6862,1.34051
160,-8.29355,16.2429,0.317815
160,-9.454,16.5675,2.51099
160,-8.3062,16.2569,0.264934
160,-7.74527,16.177,-0.631357
160,-8.32025,16.5004,0.954751
160,-8.5926,15.8148,-1.0122
160,-8.39341,16.4914,0.968161
160,-8.30073,16.2988,0.230266
160,-12.102,15.5554,1.52673
160,-10.0313,16.1873,1.38311
160,-15.7392,13.9055,-0.480408
160,-10.4632,16.5706,2.96237
160,-8.23402,16.6933,1.14371
160,-8.98603,15.9716,-0.495769
160,-9.04514,16.8473,2.40297
160,-8.0555,17.4362,3.29495
160,-9.04291,16.0443,-0.266425
160,-15.6942,14.0242,-0.369049
160,-7.94973,16.284,-0.664997
160,-8.93211,16.021,-0.554151
160,-8.65832,17.0922,2.66258
160,-16.3554,15.1068,3.7404
160,-12.4583,15.998,2.74761
160,-12.4824,15.9592,2.61643
160,-9.01246,16.1171,-0.3052
160,-8.15139,17.5196,3.30518
160,-8.12653,17.5331,3.30494
160,-8.31862,16.5039,0.0932097
160,-7.78597,16.6304,-0.0883977
160,-9.00622,16.1881,-0.330112
160,-8.96461,16.1235,-0.584663
160,-12.6591,15.4321,0.794548
160,-12.5265,16.1477,2.95889
160,-7.91668,16.4091,-0.758022
160,-12.527,16.0543,2.62596
160,-7.62722,16.4839,-0.816488
160,-12.2136,15.3721,-0.0619724
160,-8.01773,17.6856,3.32116
160,-8.10674,17.6598,3.30507
160,-9.94884,16.608,1.64494
160,-9.03347,16.1611,-0.728227
160,-8.15499,17.0858,1.40006
160,-7.76377,16.7362,-0.145913
160,-12.2091,15.41,-0.0957561
160,-7.86424,16.5142,-0.792113
160,-12.5115,15.6896,1.08403
160,-12.2294,15.4198,-0.0761743
160,-12.484,15.6971,1.07342
160,-13.2049,15.6861,1.70071
160,-10.3337,17.136,3.58516
160,-9.54166,17.0399,2.44691
160,-7.87896,16.5379,-0.835807
160,-8.14889,17.446,2.38711
160,-8.23451,17.0964,1.27442
160,-9.50253,16.9994,2.16684
160,-7.29162,17.1406,0.435855
160,-8.13701,17.1786,1.39075
160,-9.50074,17.0266,2.18561
160,-8.21955,16.7448,-0.0129716
160,-7.80109,16.6171,-0.86628
160,-14.1968,16.0074,3.45677
160,-9.05709,16.1473,-1.16375
160,-12.6153,16.2359,2.62485
160,-8.23077,17.4549,2.24162
160,-9.48135,17.0751,2.17066
160,-13.2519,16.2277,3.11844
160,-16.2957,15.1081,2.45723
160,-8.95578,16.9469,1.17376
160,-11.759,13.8124,0.373825
159,-11.759,13.8124,0.373825
160,-11.4946,15.1524,0.424592
159,-11.4946,15.1524,0.424592
160,-10.453,16.9935,2.70983
159,-10.453,16.9935,2.70983
160,-11.7995,17.3946,-1.25196
159,-11.7995,17.3946,-1.25196
160,-11.9696,18.0494,-3.71364
159,-11.9696,18.0494,-3.71364
160,-11.7743,20.0645,-4.53086
159,-11.7743,20.0645,-4.53086
160,-10.2894,18.0149,0.269077
159,-10.2894,18.0149,0.269077
160,-13.2102,17.962,1.09082
159,-13.2102,17.962,1.09082
160,-10.0359,19.5013,-1.24352
159,-10.0359,19.5013,-1.24352
160,-12.7722,18.4775,0.95769
159,-12.7722,18.4775,0.95769
160,-11.4826,16.877,2.51293
159,-11.4826,16.877,2.51293
160,-9.32806,18.9475,-3.43606
159,-9.32806,18.9475,-3.43606
160,-10.0492,19.3447,-1.17269
159,-10.0492,19.3447,-1.17269
160,-12.2865,16.2983,1.00084
159,-12.2865,16.2983,1.00084
160,-12.3614,23.6641,-5.25402
159,-12.3614,23.6641,-5.25402
160,-11.9613,21.7484,-3.85686
159,-11.9613,21.7484,-3.85686
160,-12.396,17.031,1.72364
159,-12.396,17.031,1.72364
160,-15.4638,16.4137,-0.863857
159,-15.4638,16.4137,-0.863857
160,-11.43,16.5192,2.53581
159,-11.43,16.5192,2.53581
160,-10.4657,17.4046,2.6999
159,-10.4657,17.4046,2.6999
160,-10.4439,17.2982,2.97936
159,-10.4439,17.2982,2.97936
160,-9.53087,17.2967,2.44523
159,-9.53087,17.2967,2.44523
160,-8.50125,18.8117,-0.386311
159,-8.50125,18.8117,-0.386311
160,-13.7766,17.683,1.45672
159,-13.7766,17.683,1.45672
160,-12.2132,20.6131,-1.5729
159,-12.2132,20.6131,-1.5729
160,-10.3651,18.0144,0.971276
159,-10.3651,18.0144,0.971276
160,-15.6018,16.5648,-1.28743
159,-15.6018,16.5648,-1.28743
160,-10.3078,17.8192,3.63914
159,-10.3078,17.8192,3.63914
160,-8.09936,29.379,5.77238
159,-8.09936,29.379,5.77238
160,-13.5946,17.5427,1.17473
159,-13.5946,17.5427,1.17473
160,-9.12549,16.6361,-1.54864
159,-9.12549,16.6361,-1.54864
160,-8.027,19.1905,-1.05882
159,-8.027,19.1905,-1.05882
160,-8.5841,17.567,1.14336
159,-8.5841,17.567,1.14336
160,-16.0366,17.1474,-1.64255
159,-16.0366,17.1474,-1.64255
160,-11.4554,19.7367,-4.29439
159,-11.4554,19.7367,-4.29439
160,-12.9035,17.03,1.30845
159,-12.9035,17.03,1.30845
160,-10.0663,17.9008,0.303447
159,-10.0663,17.9008,0.303447
160,-9.10172,16.7274,-1.19619
159,-9.10172,16.7274,-1.19619
160,-12.4829,17.2637,1.97394
159,-12.4829,17.2637,1.97394
160,-16.0997,17.2304,-1.68995
159,-16.0997,17.2304,-1.68995
160,-11.931,13.9626,1.55768
159,-11.931,13.9626,1.55768
160,-12.4504,24.2953,-5.5841
159,-12.4504,24.2953,-5.5841
160,-8.2261,18.0838,0.165626
159,-8.2261,18.0838,0.165626
160,-10.3103,18.6124,0.0698764
159,-10.3103,18.6124,0.0698764
160,-9.83828,17.9219,-1.50992
159,-9.83828,17.9219,-1.50992
160,-7.41553,35.6471,6.59997
159,-7.41553,35.6471,6.59997
160,-7.96619,20.0278,2.24236
159,-7.96619,20.0278,2.24236
160,-15.4039,16.0487,-0.770207
159,-15.4039,16.0487,-0.770207
160,-13.4652,17.0106,2.05077
159,-13.4652,17.0106,2.05077
160,-12.937,12.4328,0.910975
159,-12.937,12.4328,0.910975
160,-8.88913,15.684,0.432229
159,-8.88913,15.684,0.432229
160,-13.1123,19.5235,1.71099
159,-13.1123,19.5235,1.71099
160,-15.2832,16.8872,2.09687
159,-15.2832,16.8872,2.09687
160,-20.2859,22.0659,1.95911
159,-20.2859,22.0659,1.95911
160,-11.4152,21.6116,-4.60032
159,-11.4152,21.6116,-4.60032
160,-8.99698,15.2777,0.599465
159,-8.99698,15.2777,0.599465
160,-15.1148,16.6364,2.12454
159,-15.1148,16.6364,2.12454
160,-12.2353,20.8321,-1.60522
159,-12.2353,20.8321,-1.60522
160,-12.2503,20.2178,-1.50266
159,-12.2503,20.2178,-1.50266
160,-12.3366,16.8189,0.856205
159,-12.3366,16.8189,0.856205
160,-13.1522,16.1999,2.09328
159,-13.1522,16.1999,2.09328
160,-8.58706,16.6821,-0.843768
159,-8.58706,16.6821,-0.843768
160,-16.253,14.6085,0.559229
159,-16.253,14.6085,0.559229
160,-17.4165,20.0174,1.68771
159,-17.4165,20.0174,1.68771
160,-8.61845,18.0849,1.02635
159,-8.61845,18.0849,1.02635
160,-8.6382,20.2044,-1.68756
159,-8.6382,20.2044,-1.68756
160,-12.1804,20.5053,-1.47954
159,-12.1804,20.5053,-1.47954
160,-10.4139,17.3291,1.42182
159,-10.4139,17.3291,1.42182
160,-10.4631,15.6393,0.498097
159,-10.4631,15.6393,0.498097
160,-11.6468,17.5429,-0.249087
159,-11.6468,17.5429,-0.249087
160,-9.28586,15.6521,-0.605474
159,-9.28586,15.6521,-0.605474
160,-8.45034,17.2107,-1.06734
159,-8.45034,17.2107,-1.06734
160,-12.6488,12.754,0.764864
159,-12.6488,12.754,0.764864
160,-11.3306,17.2861,1.68793
158,-11.3306,17.2861,1.68793
160,-11.9241,16.8982,1.25801
158,-11.9241,16.8982,1.25801
160,-11.3585,17.4816,1.09883
158,-11.3585,17.4816,1.09883
160,-11.0264,16.4978,2.52779
158,-11.0264,16.4978,2.52779
160,-15.3126,17.9482,2.49125
158,-15.3126,17.9482,2.49125
160,-10.1298,20.1614,-1.00712
158,-10.1298,20.1614,-1.00712
160,-13.24,17.8311,1.30666
158,-13.24,17.8311,1.30666
160,-12.8162,17.6085,1.3182
158,-12.8162,17.6085,1.3182
160,-15.4455,17.6245,-0.482835
158,-15.4455,17.6245,-0.482835
160,-13.3821,14.721,0.39871
158,-13.3821,14.721,0.39871
160,-12.4713,17.6448,3.21334
158,-12.4713,17.6448,3.21334
160,-12.5284,17.787,2.43084
158,-12.5284,17.787,2.43084
160,-10.9773,17.0075,1.1567
158,-10.9773,17.0075,1.1567
160,-11.9819,16.3827,0.380084
158,-11.9819,16.3827,0.380084
160,-10.3008,20.5434,-0.528134
158,-10.3008,20.5434,-0.528134
160,-11.9327,18.4436,-3.51364
158,-11.9327,18.4436,-3.51364
160,-13.8487,17.8183,1.23749
158,-13.8487,17.8183,1.23749
160,-12.5455,17.5622,1.45279
158,-12.5455,17.5622,1.45279
160,-8.96321,17.0143,1.17101
158,-8.96321,17.0143,1.17101
160,-12.5211,17.9521,1.04801
158,-12.5211,17.9521,1.04801
160,-11.9871,16.386,0.385708
158,-11.9871,16.386,0.385708
160,-12.513,17.4319,1.47604
158,-12.513,17.4319,1.47604
160,-10.4328,18.052,-1.55029
158,-10.4328,18.052,-1.55029
160,-12.5901,18.1505,1.18665
158,-12.5901,18.1505,1.18665
160,-15.3696,16.2754,-0.437901
158,-15.3696,16.2754,-0.437901
160,-12.6498,17.9265,1.17448
158,-12.6498,17.9265,1.17448
160,-12.9646,17.3793,1.51148
158,-12.9646,17.3793,1.51148
160,-12.1483,20.6726,-0.887041
158,-12.1483,20.6726,-0.887041
160,-12.6722,12.1701,1.11589
158,-12.6722,12.1701,1.11589
160,-8.84081,17.4169,-0.399402
158,-8.84081,17.4169,-0.399402
160,-12.4221,16.9919,1.37201
158,-12.4221,16.9919,1.37201
160,-10.5145,19.4882,-1.14952
158,-10.5145,19.4882,-1.14952
160,-12.0289,19.8826,-0.628744
158,-12.0289,19.8826,-0.628744
160,-13.7293,17.5335,1.26797
158,-13.7293,17.5335,1.26797
160,-11.9226,17.0612,0.399693
158,-11.9226,17.0612,0.399693
160,-11.934,17.9234,1.31576
157,-11.934,17.9234,1.31576
160,-12.5087,18.033,1.2022
157,-12.5087,18.033,1.2022
160,-12.2122,16.1176,1.03509
157,-12.2122,16.1176,1.03509
160,-12.763,17.5783,1.65192
157,-12.763,17.5783,1.65192
160,-15.6153,18.1512,0.537051
157,-15.6153,18.1512,0.537051
160,-11.2676,20.0982,-4.08745
157,-11.2676,20.0982,-4.08745
160,-11.7668,19.9145,-4.4164
157,-11.7668,19.9145,-4.4164
160,-15.7966,18.4681,0.236505
157,-15.7966,18.4681,0.236505
160,-11.6789,15.5112,-1.02456
157,-11.6789,15.5112,-1.02456
160,-12.5772,17.708,3.26746
157,-12.5772,17.708,3.26746
160,-10.0842,17.8178,0.0353114
157,-10.0842,17.8178,0.0353114
160,-11.293,19.8637,-4.84679
157,-11.293,19.8637,-4.84679
160,-10.3126,18.6806,-3.44494
157,-10.3126,18.6806,-3.44494
160,-12.9307,16.7053,2.9134
157,-12.9307,16.7053,2.9134
160,-12.9656,17.7438,2.94929
157,-12.9656,17.7438,2.94929
160,-11.8176,20.8198,-4.48339
157,-11.8176,20.8198,-4.48339
160,-11.2658,19.104,-2.36577
157,-11.2658,19.104,-2.36577
160,-15.7912,16.5694,3.45255
157,-15.7912,16.5694,3.45255
160,-12.7008,16.6557,2.72386
156,-12.7008,16.6557,2.72386
160,-13.1395,17.7183,1.95297
156,-13.1395,17.7183,1.95297
160,-11.3308,19.439,2.40059
156,-11.3308,19.439,2.40059
160,-15.2011,17.5606,2.52021
156,-15.2011,17.5606,2.52021
160,-14.3972,17.632,1.26391
156,-14.3972,17.632,1.26391
160,-14.051,17.963,3.17171
155,-14.051,17.963,3.17171
160,-11.6273,19.6695,-5.07833
153,-11.6273,19.6695,-5.07833
160,-14.7383,17.5539,1.24303
152,-14.7383,17.5539,1.24303
160,-14.7645,17.6157,1.23331
152,-14.7645,17.6157,1.23331
160,-15.3971,18.6555,1.27297
152,-15.3971,18.6555,1.27297
160,-15.9902,18.5625,1.06487
152,-15.9902,18.5625,1.06487
160,-13.6586,17.7196,1.13946
152,-13.6586,17.7196,1.13946
160,-12.4804,17.6224,2.42255
152,-12.4804,17.6224,2.42255
160,-16.1089,15.8954,2.33109
152,-16.1089,15.8954,2.33109
160,-16.1247,15.919,2.32917
152,-16.1247,15.919,2.32917
160,-13.8134,17.712,1.21934
151,-13.8134,17.712,1.21934
160,-33.1552,31.9681,1.21262
149,-33.1552,31.9681,1.21262
161,-10.3007,11.1169,2.61034
161,-10.3631,11.5165,2.51121
161,-10.5853,13.7338,3.49371
161,-12.123,13.3121,2.99764
161,-10.0078,14.3831,3.05806
161,-12.3413,13.3138,0.73485
161,-12.396,13.3598,0.708238
161,-11.1051,14.2277,2.66109
161,-12.0789,13.4583,0.593458
161,-11.1195,14.2851,2.66761
161,-11.9349,13.5219,0.46541
161,-8.27918,15.0115,2.75516
161,-8.03101,14.5613,1.01847
161,-8.06542,14.6048,1.00991
161,-12.0988,13.6353,0.439009
161,-7.95205,14.7333,0.964953
161,-12.443,13.9215,1.41926
161,-12.4612,13.9173,1.41379
161,-12.4305,13.8348,1.09277
161,-11.9937,13.7579,0.496318
161,-7.94804,14.7828,0.937099
161,-11.9179,13.8141,0.521756
161,-12.3883,14.0048,1.42015
161,-11.9533,13.6353,-0.158866
161,-12.0442,13.6107,-0.201695
161,-11.9404,13.656,-0.162576
161,-11.9661,13.6682,-0.172694
161,-12.4757,14.0315,1.33373
161,-9.96113,15.084,3.08127
161,-12.4209,13.9925,1.05251
161,-8.16806,15.3717,2.58535
161,-12.4227,14.1072,1.36789
161,-12.257,13.8735,0.420087
161,-12.3965,14.0305,1.00378
161,-12.4419,13.8196,0.298665
161,-12.4032,14.0388,0.999831
161,-12.4287,14.0439,1.02378
161,-12.4697,14.0393,1.02713
161,-11.07,15.1262,3.69775
161,-8.28959,15.385,2.5094
161,-12.399,14.0652,1.004
161,-8.27283,15.4036,2.50506
161,-8.25154,15.4155,2.50327
161,-9.03672,15.3714,2.70674
161,-12.4229,14.195,1.05305
161,-7.88695,15.8115,3.21404
161,-9.59433,15.2902,2.57883
161,-12.4618,14.241,1.02323
161,-9.01189,15.4881,2.69901
161,-8.32495,15.8033,3.25862
161,-8.39905,15.8199,3.18463
161,-11.8533,14.0756,-0.284726
161,-8.2712,15.8841,3.24152
161,-8.23449,15.9145,3.27774
161,-8.35381,15.8829,3.23022
161,-11.8754,14.1313,-0.198984
161,-11.8977,14.1475,-0.131155
161,-12.4199,14.3476,0.911541
161,-11.8738,14.1246,-0.297555
161,-12.4352,14.3696,0.913312
161,-11.8823,14.1539,-0.222087
161,-7.85034,16.0389,3.20195
161,-9.57128,15.5085,2.56672
161,-11.8526,14.1145,-0.575289
161,-11.3896,15.3086,3.08708
161,-9.18262,14.6538,-0.808704
161,-11.3867,15.3583,3.08553
161,-9.17864,14.6806,-0.827711
161,-11.3999,15.4189,3.08578
161,-9.15505,14.8983,-0.34126
161,-9.13558,14.9502,-0.374203
161,-8.71135,14.9484,-0.772169
161,-7.77916,16.3426,3.26961
161,-8.82204,16.0738,3.05375
161,-8.82105,16.0774,3.05165
161,-8.71642,14.9732,-0.791725
161,-11.2067,15.6314,3.21297
161,-8.71962,14.9929,-0.784038
161,-7.91042,15.2306,-0.646808
161,-8.82339,16.1455,3.05459
161,-9.61423,15.7636,2.31735
161,-7.85575,16.1896,2.4357
161,-7.73092,16.4675,3.28515
161,-10.2676,15.9638,3.41676
161,-7.38283,16.6057,3.16427
161,-8.31197,15.9271,1.50753
161,-7.29711,16.1602,1.48862
161,-12.0431,14.7971,0.264252
161,-7.26779,16.1866,1.46935
161,-10.0467,15.6911,1.7855
161,-12.2213,14.9937,0.91072
161,-7.21157,16.2975,1.57394
161,-12.0642,15.0742,0.754396
161,-12.4479,15.0996,1.09797
161,-9.988,15.9479,2.14456
161,-10.9952,16.0445,3.11733
161,-7.61128,16.8278,3.29555
161,-7.76116,16.4629,2.06431
161,-10.0355,15.8824,1.72781
161,-12.1124,14.9917,0.199209
161,-12.3744,15.239,1.16094
161,-7.7984,15.6494,-0.797484
161,-10.3517,16.001,2.21353
161,-8.79766,16.5177,2.66986
161,-7.77846,15.7114,-0.84551
161,-12.0799,15.2324,0.640453
161,-9.48029,16.3228,2.35592
161,-12.5159,15.2653,0.964989
161,-7.63104,16.2525,0.743179
161,-9.47857,16.3415,2.37564
161,-7.90543,16.438,1.40702
161,-7.7967,16.3449,0.99819
161,-7.85201,16.436,1.1944
161,-10.0117,16.1087,1.58048
161,-8.69182,16.4,1.59615
161,-10.0165,16.1192,1.58909
161,-7.4749,17.1813,3.32984
161,-12.6197,15.3474,0.824836
161,-7.80025,16.4175,0.943746
161,-12.4466,16.0219,2.96106
161,-8.6138,15.7026,-0.942027
161,-8.61732,15.7087,-0.94039
161,-6.86681,17.0283,2.14427
161,-8.3293,16.3825,0.987268
161,-7.75427,16.5044,0.917268
161,-9.89128,16.2693,1.66978
161,-8.75854,15.8659,-0.551411
161,-7.88685,16.6195,1.30218
161,-7.79756,16.1092,-0.583454
161,-8.57015,16.5974,1.61636
161,-8.62362,16.5441,1.46417
161,-8.64071,16.5434,1.45374
161,-12.663,15.4866,0.785458
161,-7.68412,16.1384,-0.630282
161,-8.73431,15.9351,-0.599265
161,-9.00171,15.9985,-0.234601
161,-10.0531,16.2634,1.40169
161,-9.19184,16.4507,1.40227
161,-8.27733,16.5156,0.91802
161,-11.8154,16.2492,2.5512
161,-8.26733,16.3201,0.208273
161,-7.6471,16.2125,-0.659405
161,-9.95167,16.4297,1.67828
161,-15.338,14.6984,-0.322761
161,-9.60133,16.9555,3.15206
161,-8.64253,16.6396,1.34913
161,-8.96212,16.0397,-0.531909
161,-7.66283,16.7288,0.855058
161,-8.69883,16.0707,-0.667385
161,-7.56368,16.8494,1.08913
161,-8.67891,16.1168,-0.677856
161,-8.93198,16.0956,-0.580006
161,-12.1788,15.8923,1.08078
161,-9.85218,17.278,3.9872
161,-7.3195,17.641,3.369
161,-9.9446,16.5812,1.64699
161,-7.58185,16.8657,0.877599
161,-8.26901,16.8055,1.16394
161,-15.7869,15.5621,2.36098
161,-9.19602,15.8907,-1.34121
161,-8.89741,16.1842,-0.595523
161,-12.284,15.5815,-0.197092
161,-9.99722,16.3753,0.833047
161,-10.0112,16.5327,1.33088
161,-8.89932,16.3893,-0.0136092
161,-7.43392,16.6667,-0.203414
161,-8.22602,16.5916,0.0140586
161,-8.91034,16.2385,-0.695551
161,-7.44028,16.7044,-0.198107
161,-7.42202,16.7187,-0.236902
161,-8.17088,16.8747,0.809212
161,-11.8765,15.9644,0.410163
161,-8.57298,16.9349,1.27778
161,-12.2039,16.109,1.02898
161,-12.6661,16.3491,2.14975
161,-7.89289,16.5093,-0.805918
161,-10.3133,19.9143,-1.27013
160,-10.3133,19.9143,-1.27013
161,-9.30033,17.669,0.329459
160,-9.30033,17.669,0.329459
161,-11.7595,19.55,-4.68815
160,-11.7595,19.55,-4.68815
161,-7.87758,20.3675,2.21001
160,-7.87758,20.3675,2.21001
161,-10.1239,18.7395,-0.309015
160,-10.1239,18.7395,-0.309015
161,-9.85921,17.3529,1.32586
160,-9.85921,17.3529,1.32586
161,-11.2881,17.0025,1.43268
160,-11.2881,17.0025,1.43268
161,-11.871,16.7306,0.770048
160,-11.871,16.7306,0.770048
161,-8.44721,18.236,2.12719
160,-8.44721,18.236,2.12719
161,-9.57889,19.1909,-1.99935
160,-9.57889,19.1909,-1.99935
161,-9.64288,16.0694,-1.9647
160,-9.64288,16.0694,-1.9647
161,-9.2606,16.4276,-2.23811
160,-9.2606,16.4276,-2.23811
161,-10.208,20.9962,-5.94056
160,-10.208,20.9962,-5.94056
161,-12.1596,22.1797,-4.37892
160,-12.1596,22.1797,-4.37892
161,-11.6089,17.0783,-1.0691
160,-11.6089,17.0783,-1.0691
161,-11.8096,18.1408,-3.51524
160,-11.8096,18.1408,-3.51524
161,-9.04775,16.528,-1.13863
160,-9.04775,16.528,-1.13863
161,-12.1649,15.9011,1.0975
160,-12.1649,15.9011,1.0975
161,-8.20085,17.5973,1.16088
160,-8.20085,17.5973,1.16088
161,-10.914,16.8282,-0.0989811
160,-10.914,16.8282,-0.0989811
161,-8.18093,17.4657,2.30523
160,-8.18093,17.4657,2.30523
161,-9.60802,18.8482,-1.81656
160,-9.60802,18.8482,-1.81656
161,-9.72622,19.3772,-2.32473
160,-9.72622,19.3772,-2.32473
161,-8.94278,16.7742,-0.175718
160,-8.94278,16.7742,-0.175718
161,-9.1704,16.9721,-2.66221
160,-9.1704,16.9721,-2.66221
161,-13.4566,17.004,2.039
160,-13.4566,17.004,2.039
161,-10.2111,20.9353,-5.8889
160,-10.2111,20.9353,-5.8889
161,-12.1416,17.5002,-2.42259
160,-12.1416,17.5002,-2.42259
161,-11.8472,15.8042,0.477804
160,-11.8472,15.8042,0.477804
161,-8.01867,17.887,-0.732819
160,-8.01867,17.887,-0.732819
161,-9.18346,16.5492,-1.13879
160,-9.18346,16.5492,-1.13879
161,-8.46242,18.2631,2.11602
160,-8.46242,18.2631,2.11602
161,-7.99189,19.8854,2.23748
160,-7.99189,19.8854,2.23748
161,-9.5653,16.7519,-2.49698
160,-9.5653,16.7519,-2.49698
161,-10.2301,18.7223,-4.06813
160,-10.2301,18.7223,-4.06813
161,-8.16898,17.5449,2.30317
160,-8.16898,17.5449,2.30317
161,-8.63905,23.8927,-3.04071
160,-8.63905,23.8927,-3.04071
161,-10.3257,16.7647,3.72739
160,-10.3257,16.7647,3.72739
161,-13.0801,17.535,1.96677
160,-13.0801,17.535,1.96677
161,-13.3249,16.9012,1.31136
160,-13.3249,16.9012,1.31136
161,-8.46036,18.1927,2.14099
160,-8.46036,18.1927,2.14099
161,-11.6047,16.0852,-0.257771
160,-11.6047,16.0852,-0.257771
161,-8.08551,17.2714,-1.41833
160,-8.08551,17.2714,-1.41833
161,-12.1022,21.7805,-4.14218
160,-12.1022,21.7805,-4.14218
161,-12.9837,17.25,1.24862
160,-12.9837,17.25,1.24862
161,-9.56157,16.822,-2.548
160,-9.56157,16.822,-2.548
161,-12.4472,17.1373,1.9923
160,-12.4472,17.1373,1.9923
161,-11.6866,16.4912,-0.462703
160,-11.6866,16.4912,-0.462703
161,-8.52434,17.1266,-0.218879
160,-8.52434,17.1266,-0.218879
161,-8.18806,17.7723,1.11799
160,-8.18806,17.7723,1.11799
161,-11.9971,20.746,-5.43717
160,-11.9971,20.746,-5.43717
161,-7.91766,18.2401,0.0809364
160,-7.91766,18.2401,0.0809364
161,-10.2379,19.3626,-4.54853
160,-10.2379,19.3626,-4.54853
161,-8.16362,17.6051,2.29077
160,-8.16362,17.6051,2.29077
161,-8.36237,17.4085,-1.12321
160,-8.36237,17.4085,-1.12321
161,-8.79646,17.6821,-0.579108
160,-8.79646,17.6821,-0.579108
161,-9.06301,16.9146,1.27695
160,-9.06301,16.9146,1.27695
161,-8.6389,16.5488,-0.781755
160,-8.6389,16.5488,-0.781755
161,-8.45988,17.1398,-1.02309
160,-8.45988,17.1398,-1.02309
161,-11.904,18.8554,-0.797469
160,-11.904,18.8554,-0.797469
161,-8.7418,18.2337,-0.830141
160,-8.7418,18.2337,-0.830141
161,-8.60503,17.7073,1.11253
160,-8.60503,17.7073,1.11253
161,-11.9585,15.4955,1.22778
160,-11.9585,15.4955,1.22778
161,-7.50666,21.2334,-0.871069
160,-7.50666,21.2334,-0.871069
161,-9.09244,16.7301,-1.25753
160,-9.09244,16.7301,-1.25753
161,-8.15894,17.6202,2.39182
160,-8.15894,17.6202,2.39182
161,-10.0054,16.8318,0.637937
160,-10.0054,16.8318,0.637937
161,-8.13484,17.9638,2.1447
160,-8.13484,17.9638,2.1447
161,-15.1045,15.8814,-1.5132
160,-15.1045,15.8814,-1.5132
161,-12.3597,16.8907,0.825108
160,-12.3597,16.8907,0.825108
161,-8.1995,17.8865,2.16326
160,-8.1995,17.8865,2.16326
161,-11.624,15.6888,0.876586
160,-11.624,15.6888,0.876586
161,-8.62536,18.6865,-0.863103
160,-8.62536,18.6865,-0.863103
161,-9.17171,15.6382,-0.657206
160,-9.17171,15.6382,-0.657206
161,-15.9387,16.766,3.44803
160,-15.9387,16.766,3.44803
161,-8.14174,17.7741,2.38343
160,-8.14174,17.7741,2.38343
161,-11.1675,18.1622,-1.84541
160,-11.1675,18.1622,-1.84541
161,-9.87042,17.1345,1.16363
159,-9.87042,17.1345,1.16363
161,-12.4859,17.419,3.31366
159,-12.4859,17.419,3.31366
161,-10.3896,17.9077,1.97156
159,-10.3896,17.9077,1.97156
161,-10.9418,17.0085,3.14262
159,-10.9418,17.0085,3.14262
161,-12.8448,16.5604,2.72276
159,-12.8448,16.5604,2.72276
161,-12.3777,17.0124,3.29354
159,-12.3777,17.0124,3.29354
161,-12.4649,17.2921,2.09702
159,-12.4649,17.2921,2.09702
161,-13.1192,17.723,2.05195
159,-13.1192,17.723,2.05195
161,-11.7483,15.2832,-0.89546
159,-11.7483,15.2832,-0.89546
161,-12.011,15.8175,3.16923
159,-12.011,15.8175,3.16923
161,-11.5063,25.226,2.06716
159,-11.5063,25.226,2.06716
161,-11.4315,17.584,2.47737
159,-11.4315,17.584,2.47737
161,-8.08212,17.743,-0.654216
159,-8.08212,17.743,-0.654216
161,-8.19586,17.6797,1.13869
159,-8.19586,17.6797,1.13869
161,-10.8287,19.058,-2.08508
159,-10.8287,19.058,-2.08508
161,-13.5799,17.2079,2.01379
159,-13.5799,17.2079,2.01379
161,-8.30829,16.9427,-0.307885
159,-8.30829,16.9427,-0.307885
161,-9.76641,19.3133,4.27202
159,-9.76641,19.3133,4.27202
161,-15.5846,16.5291,-0.390665
159,-15.5846,16.5291,-0.390665
161,-11.1611,18.2387,0.241669
159,-11.1611,18.2387,0.241669
161,-15.5357,16.4582,-0.339723
159,-15.5357,16.4582,-0.339723
161,-16.008,16.8356,3.48544
159,-16.008,16.8356,3.48544
161,-13.9382,17.9343,1.14843
159,-13.9382,17.9343,1.14843
161,-12.5218,13.5909,0.557363
159,-12.5218,13.5909,0.557363
161,-11.7112,17.0663,1.21288
158,-11.7112,17.0663,1.21288
161,-12.636,17.8615,1.70631
158,-12.636,17.8615,1.70631
161,-12.841,17.3477,1.48179
158,-12.841,17.3477,1.48179
161,-12.9031,17.1223,1.51971
158,-12.9031,17.1223,1.51971
161,-11.4205,17.0532,1.18307
158,-11.4205,17.0532,1.18307
161,-10.3739,19.0727,-2.12281
158,-10.3739,19.0727,-2.12281
161,-12.7573,14.0236,0.865274
158,-12.7573,14.0236,0.865274
161,-14.501,17.9542,1.75775
158,-14.501,17.9542,1.75775
161,-10.7778,16.6918,3.13224
158,-10.7778,16.6918,3.13224
161,-13.7407,17.6279,3.23793
158,-13.7407,17.6279,3.23793
161,-12.6673,17.9256,1.70402
158,-12.6673,17.9256,1.70402
161,-11.3345,17.2832,1.14779
158,-11.3345,17.2832,1.14779
161,-10.2802,18.3707,-3.20842
158,-10.2802,18.3707,-3.20842
161,-12.4775,15.8616,0.782549
158,-12.4775,15.8616,0.782549
161,-13.9376,18.0519,1.17592
158,-13.9376,18.0519,1.17592
161,-12.6379,17.7996,1.73063
158,-12.6379,17.7996,1.73063
161,-13.0451,17.5524,1.63654
158,-13.0451,17.5524,1.63654
161,-14.3032,16.5828,2.56132
158,-14.3032,16.5828,2.56132
161,-9.05611,18.4328,0.0902366
158,-9.05611,18.4328,0.0902366
161,-15.0555,17.3954,-0.027833
158,-15.0555,17.3954,-0.027833
161,-13.1128,17.3192,1.38245
158,-13.1128,17.3192,1.38245
161,-15.7321,18.1618,-0.227766
158,-15.7321,18.1618,-0.227766
161,-12.5112,17.4502,4.06096
158,-12.5112,17.4502,4.06096
161,-13.3271,17.9155,1.26465
158,-13.3271,17.9155,1.26465
161,-12.3433,16.7747,3.9491
158,-12.3433,16.7747,3.9491
161,-14.0416,18.0878,1.13722
158,-14.0416,18.0878,1.13722
161,-15.9791,17.9208,1.51729
158,-15.9791,17.9208,1.51729
161,-11.5724,16.8323,-0.035453
158,-11.5724,16.8323,-0.035453
161,-14.6988,15.2309,2.50699
158,-14.6988,15.2309,2.50699
161,-11.3062,19.1056,-4.77808
157,-11.3062,19.1056,-4.77808
161,-12.9572,17.2823,1.69165
157,-12.9572,17.2823,1.69165
161,-13.0267,17.4034,2.07851
157,-13.0267,17.4034,2.07851
161,-11.7475,19.9501,-3.91186
157,-11.7475,19.9501,-3.91186
161,-12.3331,16.248,1.26311
157,-12.3331,16.248,1.26311
161,-10.3772,18.6596,-1.89944
157,-10.3772,18.6596,-1.89944
161,-11.4813,19.7079,3.24803
157,-11.4813,19.7079,3.24803
161,-13.1463,17.4442,1.51851
157,-13.1463,17.4442,1.51851
161,-12.9885,17.3083,1.66467
157,-12.9885,17.3083,1.66467
161,-15.4085,18.4538,3.57932
157,-15.4085,18.4538,3.57932
161,-16.1524,16.3406,0.765453
157,-16.1524,16.3406,0.765453
161,-12.5413,17.4461,3.26165
157,-12.5413,17.4461,3.26165
161,-13.0625,17.5624,3.30788
156,-13.0625,17.5624,3.30788
161,-13.4617,17.9563,3.38176
156,-13.4617,17.9563,3.38176
161,-13.1534,16.7112,2.52569
156,-13.1534,16.7112,2.52569
161,-12.7165,13.6147,0.838525
156,-12.7165,13.6147,0.838525
161,-11.5596,17.8962,1.38634
156,-11.5596,17.8962,1.38634
161,-13.1099,17.3194,1.5677
156,-13.1099,17.3194,1.5677
161,-12.7536,16.5077,2.78008
156,-12.7536,16.5077,2.78008
161,-11.567,20.4082,-4.22966
156,-11.567,20.4082,-4.22966
161,-15.6722,17.4108,1.00967
156,-15.6722,17.4108,1.00967
161,-14.1358,17.6724,1.21828
154,-14.1358,17.6724,1.21828
161,-13.7344,17.5199,1.25304
155,-13.7344,17.5199,1.25304
161,-13.5546,17.3701,1.39821
152,-13.5546,17.3701,1.39821
161,-19.8283,32.5969,-10.6608
152,-19.8283,32.5969,-10.6608
162,-10.0423,10.6913,2.71463
162,-10.1512,10.9145,2.7719
162,-10.1679,10.9244,2.77104
162,-10.1261,10.948,2.64891
162,-10.1254,10.9615,2.64515
162,-10.1399,10.9833,2.63744
162,-11.4536,12.2374,2.7866
162,-8.03998,13.4862,0.875505
162,-8.28609,13.5783,0.745271
162,-9.7934,13.8853,1.93645
162,-7.92916,13.9723,0.935426
162,-10.6342,14.3795,2.82911
162,-9.97948,14.5273,3.05645
162,-12.4071,13.878,1.42469
162,-9.9713,14.68,3.06204
162,-8.04803,14.2687,0.701435
162,-10.0177,14.5183,1.99137
162,-12.0729,13.837,0.43334
162,-11.7026,14.5432,2.64084
162,-7.96359,14.5637,0.996274
162,-10.7394,14.7697,2.82718
162,-7.92893,14.6098,0.937666
162,-9.08565,15.0973,2.97012
162,-11.9758,14.0911,0.464256
162,-9.95884,15.1704,3.07798
162,-11.8665,14.1856,0.434378
162,-11.8942,14.1447,0.217019
162,-7.91648,14.8735,0.919593
162,-8.18975,15.4227,2.76957
162,-9.03997,15.3852,2.99026
162,-8.30497,15.3906,2.48489
162,-8.28268,15.4603,2.47954
162,-8.33657,15.6748,3.23008
162,-8.34577,15.6998,3.22608
162,-8.25517,15.5079,2.47716
162,-8.32157,15.7742,3.23357
162,-8.39105,15.7755,3.26052
162,-7.14074,15.477,1.57611
162,-8.39376,15.832,3.18215
162,-7.10525,15.5289,1.54314
162,-12.0445,14.6435,0.479661
162,-8.18393,15.7369,2.58731
162,-11.9385,14.642,0.344537
162,-10.2791,15.6321,2.95442
162,-9.16214,14.8438,-0.317225
162,-12.0529,14.8408,0.920748
162,-8.10616,14.98,-0.359182
162,-10.2985,15.5676,2.61165
162,-8.20693,15.8087,2.53528
162,-7.03158,15.6817,1.5154
162,-12.722,15.621,3.76352
162,-7.27332,16.1531,3.25198
162,-12.1797,15.3322,2.39477
162,-7.13906,16.2081,3.14347
162,-12.0881,15.5311,2.81393
162,-7.97505,15.9406,2.44211
162,-11.3467,15.7142,3.09865
162,-10.3562,15.8437,2.64929
162,-9.8951,15.6391,1.66816
162,-9.50191,15.9183,2.46889
162,-12.511,15.1178,0.937662
162,-6.85027,15.9778,1.42762
162,-10.2556,16.0112,2.95715
162,-11.375,15.9211,3.10232
162,-11.8106,15.8052,2.80737
162,-12.0543,15.1715,0.665495
162,-10.3316,15.9458,2.61337
162,-9.09786,15.2348,-0.623421
162,-12.3933,15.8202,2.7366
162,-12.3169,15.7046,2.13528
162,-7.6917,16.7943,3.88024
162,-7.75345,16.1013,1.38285
162,-9.59107,16.1938,2.47403
162,-7.27007,16.2121,1.48225
162,-12.639,15.3704,0.826414
162,-7.72456,16.6746,3.22125
162,-12.6409,15.404,0.845483
162,-12.0763,15.4088,0.572652
162,-6.26954,16.8851,3.18032
162,-12.1361,15.6876,1.48653
162,-7.12945,16.356,1.61382
162,-8.30548,16.6992,3.27521
162,-12.1693,15.861,2.00696
162,-7.82791,15.617,-0.760023
162,-12.1882,15.3038,-0.0037117
162,-12.0613,15.0982,-0.852082
162,-7.0307,16.3707,1.42658
162,-6.98775,16.3884,1.44426
162,-8.196,16.2479,1.45887
162,-7.80891,15.6665,-0.804321
162,-7.69222,16.3003,1.33795
162,-9.95824,16.0438,1.40762
162,-12.012,15.1434,-0.865093
162,-12.5333,16.0691,2.60416
162,-11.9796,15.3655,-0.12585
162,-10.0109,16.1201,1.4298
162,-11.2582,16.1079,1.86414
162,-12.0512,15.6519,0.495857
162,-12.6957,16.5478,3.91551
162,-7.66108,16.4702,1.30193
162,-9.84181,16.9613,3.93323
162,-7.73897,16.9501,2.97809
162,-7.84999,16.4295,1.1874
162,-10.471,16.6417,2.97184
162,-7.88248,16.5299,1.38046
162,-11.9841,15.5771,-0.235931
162,-10.7886,15.8897,0.340096
162,-7.8154,16.5036,1.17506
162,-10.4942,16.6348,2.71669
162,-12.0353,15.7914,0.417665
162,-12.5461,16.2178,2.13154
162,-10.4735,16.6431,2.69753
162,-10.5074,16.7332,2.97178
162,-7.77094,16.6421,1.38355
162,-12.2016,16.02,1.07014
162,-6.84063,16.7591,1.3341
162,-8.27395,16.2665,0.221964
162,-7.55027,16.4779,0.650178
162,-11.9419,15.4588,-1.07961
162,-12.0773,15.6796,-0.304485
162,-7.74561,16.7001,1.39226
162,-11.1269,16.7863,3.14779
162,-9.55358,16.7881,2.45394
162,-7.76995,16.1208,-0.674437
162,-13.3393,16.0647,1.53635
162,-7.92243,16.3022,0.00181007
162,-10.4709,16.769,2.61183
162,-11.7046,15.9778,0.346046
162,-7.96253,16.1876,-0.553612
162,-8.62659,16.9792,2.47735
162,-8.30006,16.3647,0.129631
162,-7.69663,17.1689,2.69054
162,-10.926,16.9055,3.14913
162,-11.6698,15.9413,0.0840192
162,-7.80719,16.2188,-0.66606
162,-7.7232,16.7761,1.24588
162,-7.6658,16.8221,1.32814
162,-8.64867,16.7195,1.34792
162,-7.66158,17.2188,2.6197
162,-7.78703,15.9958,-1.6489
162,-15.1967,15.3072,-0.901326
162,-7.71217,16.2739,-0.759446
162,-8.30062,17.0808,2.3246
162,-15.343,15.4482,-0.368037
162,-7.48874,16.502,-0.0993044
162,-7.85582,16.4778,-0.0788102
162,-9.07685,17.2661,3.16196
162,-7.64176,17.4302,3.08509
162,-6.64681,17.3807,2.42923
162,-8.29285,17.1544,2.26289
162,-8.22005,16.7793,0.83895
162,-7.94088,16.3763,-0.708966
162,-8.89991,16.2666,-0.692966
162,-6.66731,17.347,2.12461
162,-6.6886,17.3472,2.10498
162,-7.89523,16.3994,-0.702929
162,-11.8401,16.2018,0.299431
162,-8.3608,18.0454,-0.139326
161,-8.3608,18.0454,-0.139326
162,-8.18036,17.6763,1.14065
161,-8.18036,17.6763,1.14065
162,-8.24402,17.9267,-1.60576
161,-8.24402,17.9267,-1.60576
162,-8.41046,17.0145,-0.876565
161,-8.41046,17.0145,-0.876565
162,-8.10125,19.2231,-0.756025
161,-8.10125,19.2231,-0.756025
162,-12.875,17.0287,1.53028
161,-12.875,17.0287,1.53028
162,-11.8885,21.1121,-4.08567
161,-11.8885,21.1121,-4.08567
162,-13.1461,19.5073,2.35491
161,-13.1461,19.5073,2.35491
162,-10.2853,16.887,1.50525
161,-10.2853,16.887,1.50525
162,-9.66463,13.2754,3.00209
161,-9.66463,13.2754,3.00209
162,-9.08953,17.1568,-1.52718
161,-9.08953,17.1568,-1.52718
162,-8.10574,17.1421,-1.38667
161,-8.10574,17.1421,-1.38667
162,-10.3829,17.4734,1.06454
161,-10.3829,17.4734,1.06454
162,-9.17243,26.2483,-3.35533
161,-9.17243,26.2483,-3.35533
162,-12.246,14.529,0.065931
161,-12.246,14.529,0.065931
162,-12.4805,17.5902,1.29288
161,-12.4805,17.5902,1.29288
162,-8.06833,19.2797,-0.788445
161,-8.06833,19.2797,-0.788445
162,-12.0203,19.0061,-0.341362
161,-12.0203,19.0061,-0.341362
162,-9.87025,16.1952,2.52746
161,-9.87025,16.1952,2.52746
162,-12.2734,15.3123,0.967246
161,-12.2734,15.3123,0.967246
162,-7.98392,18.0685,3.28534
161,-7.98392,18.0685,3.28534
162,-12.5052,21.9052,-2.17781
161,-12.5052,21.9052,-2.17781
162,-7.65833,16.9605,0.24103
161,-7.65833,16.9605,0.24103
162,-12.2088,15.2565,3.2437
161,-12.2088,15.2565,3.2437
162,-10.5589,13.8394,3.01989
161,-10.5589,13.8394,3.01989
162,-8.13515,17.0901,-1.34573
161,-8.13515,17.0901,-1.34573
162,-8.549,16.6834,-0.879478
161,-8.549,16.6834,-0.879478
162,-9.10915,17.0228,-1.44673
161,-9.10915,17.0228,-1.44673
162,-8.38291,15.1894,-0.0632075
161,-8.38291,15.1894,-0.0632075
162,-8.23838,17.3236,2.30463
161,-8.23838,17.3236,2.30463
162,-8.19166,16.7262,-0.205785
161,-8.19166,16.7262,-0.205785
162,-10.5788,13.9293,2.66543
161,-10.5788,13.9293,2.66543
162,-8.98668,21.4238,4.49976
161,-8.98668,21.4238,4.49976
162,-13.1459,17.6612,1.14319
161,-13.1459,17.6612,1.14319
162,-8.20456,16.695,-0.186946
161,-8.20456,16.695,-0.186946
162,-10.2977,17.1925,1.65159
161,-10.2977,17.1925,1.65159
162,-8.56536,16.6755,-0.866398
161,-8.56536,16.6755,-0.866398
162,-7.88014,16.53,-0.791211
161,-7.88014,16.53,-0.791211
162,-8.15451,16.7578,-0.971567
161,-8.15451,16.7578,-0.971567
162,-11.584,20.8349,-4.05771
161,-11.584,20.8349,-4.05771
162,-5.78648,19.1536,-0.330545
161,-5.78648,19.1536,-0.330545
162,-11.6935,15.6706,0.524944
161,-11.6935,15.6706,0.524944
162,-12.4095,16.9986,2.0153
161,-12.4095,16.9986,2.0153
162,-5.52799,19.7045,-0.541804
161,-5.52799,19.7045,-0.541804
162,-12.4529,17.2558,4.03318
161,-12.4529,17.2558,4.03318
162,-11.4243,16.3125,0.275444
161,-11.4243,16.3125,0.275444
162,-8.17784,17.5204,2.29487
161,-8.17784,17.5204,2.29487
162,-14.115,18.328,1.33738
161,-14.115,18.328,1.33738
162,-12.3155,16.692,2.05677
161,-12.3155,16.692,2.05677
162,-5.8014,19.2158,-0.320348
161,-5.8014,19.2158,-0.320348
162,-6.70539,17.3712,0.327956
161,-6.70539,17.3712,0.327956
162,-15.4301,16.3226,-0.280316
161,-15.4301,16.3226,-0.280316
162,-12.8317,16.8795,1.36067
161,-12.8317,16.8795,1.36067
162,-8.19167,17.5028,2.38841
161,-8.19167,17.5028,2.38841
162,-8.28068,18.7086,2.15297
161,-8.28068,18.7086,2.15297
162,-9.62053,15.7592,2.307
161,-9.62053,15.7592,2.307
162,-9.8753,20.7103,-1.71411
161,-9.8753,20.7103,-1.71411
162,-11.3502,15.1777,-0.470466
161,-11.3502,15.1777,-0.470466
162,-15.1371,15.7342,-0.606015
161,-15.1371,15.7342,-0.606015
162,-11.4903,20.2376,-4.71177
160,-11.4903,20.2376,-4.71177
162,-11.7268,20.0168,-3.92379
160,-11.7268,20.0168,-3.92379
162,-8.97421,17.0468,-1.44126
160,-8.97421,17.0468,-1.44126
162,-9.34126,18.4383,2.00655
160,-9.34126,18.4383,2.00655
162,-8.9885,18.8749,3.2119
160,-8.9885,18.8749,3.2119
162,-7.95522,17.0307,1.27322
160,-7.95522,17.0307,1.27322
162,-8.61237,19.978,-3.26702
160,-8.61237,19.978,-3.26702
162,-11.2722,16.9582,1.50899
160,-11.2722,16.9582,1.50899
162,-11.169,19.0608,-3.00957
160,-11.169,19.0608,-3.00957
162,-7.79595,18.7024,-0.0784593
160,-7.79595,18.7024,-0.0784593
162,-8.23823,17.3774,2.21369
160,-8.23823,17.3774,2.21369
162,-11.5443,20.7784,-4.50113
160,-11.5443,20.7784,-4.50113
162,-6.73804,19.513,-1.51877
160,-6.73804,19.513,-1.51877
162,-10.3116,18.0974,1.27517
160,-10.3116,18.0974,1.27517
162,-13.3161,16.926,1.47126
160,-13.3161,16.926,1.47126
162,-9.01078,18.816,-0.0638398
160,-9.01078,18.816,-0.0638398
162,-12.231,16.5711,3.19066
160,-12.231,16.5711,3.19066
162,-13.6968,17.5326,1.95991
160,-13.6968,17.5326,1.95991
162,-8.096,17.6048,2.33558
160,-8.096,17.6048,2.33558
162,-7.60138,18.688,-1.9937
160,-7.60138,18.688,-1.9937
162,-8.03055,18.0231,0.944879
160,-8.03055,18.0231,0.944879
162,-8.53851,16.8686,-0.964217
160,-8.53851,16.8686,-0.964217
162,-8.17326,18.2589,-1.72619
160,-8.17326,18.2589,-1.72619
162,-10.2498,20.2549,-4.5834
160,-10.2498,20.2549,-4.5834
162,-15.4034,16.0614,-0.782111
160,-15.4034,16.0614,-0.782111
162,-9.09492,20.804,4.45843
160,-9.09492,20.804,4.45843
162,-8.14972,17.481,0.352991
160,-8.14972,17.481,0.352991
162,-10.5345,20.6975,-1.68992
160,-10.5345,20.6975,-1.68992
162,-9.07158,18.0449,0.18219
160,-9.07158,18.0449,0.18219
162,-8.99224,15.8605,3.05275
160,-8.99224,15.8605,3.05275
162,-10.2497,16.8759,2.92722
160,-10.2497,16.8759,2.92722
162,-12.9438,17.6207,1.73837
159,-12.9438,17.6207,1.73837
162,-11.2794,20.0495,-3.85579
159,-11.2794,20.0495,-3.85579
162,-11.3805,16.8958,1.39576
159,-11.3805,16.8958,1.39576
162,-10.4484,17.3372,2.41992
159,-10.4484,17.3372,2.41992
162,-9.15154,16.8675,-2.05634
159,-9.15154,16.8675,-2.05634
162,-10.2367,20.1796,-4.28611
159,-10.2367,20.1796,-4.28611
162,-11.8384,15.6628,0.522676
159,-11.8384,15.6628,0.522676
162,-11.9359,16.1084,-1.4607
159,-11.9359,16.1084,-1.4607
162,-11.1048,19.7728,-1.27512
159,-11.1048,19.7728,-1.27512
162,-9.15555,17.5323,3.17065
159,-9.15555,17.5323,3.17065
162,-11.9534,16.2698,2.53993
159,-11.9534,16.2698,2.53993
162,-11.8411,15.6716,-1.15905
159,-11.8411,15.6716,-1.15905
162,-8.26018,17.8766,-1.52408
159,-8.26018,17.8766,-1.52408
162,-9.28028,19.7035,2.23671
159,-9.28028,19.7035,2.23671
162,-12.7815,18.3047,1.83641
159,-12.7815,18.3047,1.83641
162,-10.2812,16.1597,3.78631
159,-10.2812,16.1597,3.78631
162,-12.6207,17.7562,2.12034
159,-12.6207,17.7562,2.12034
162,-12.3024,16.6414,2.22115
159,-12.3024,16.6414,2.22115
162,-11.2716,16.8372,1.53561
158,-11.2716,16.8372,1.53561
162,-13.0486,17.2434,1.50581
158,-13.0486,17.2434,1.50581
162,-12.3234,17.0768,1.52708
158,-12.3234,17.0768,1.52708
162,-10.7269,15.0826,2.59202
158,-10.7269,15.0826,2.59202
162,-11.2791,16.4051,2.53004
158,-11.2791,16.4051,2.53004
162,-11.2971,17.1222,1.69666
158,-11.2971,17.1222,1.69666
162,-11.9179,15.6446,0.541245
158,-11.9179,15.6446,0.541245
162,-12.3061,16.0459,1.07484
158,-12.3061,16.0459,1.07484
162,-11.4772,19.8731,-3.40435
158,-11.4772,19.8731,-3.40435
162,-15.8689,19.2005,3.67579
158,-15.8689,19.2005,3.67579
162,-9.80296,17.8325,1.18466
158,-9.80296,17.8325,1.18466
162,-15.5039,18.5339,3.63176
158,-15.5039,18.5339,3.63176
162,-10.3482,17.9152,1.00219
158,-10.3482,17.9152,1.00219
162,-9.34688,19.6701,2.21142
158,-9.34688,19.6701,2.21142
162,-12.6843,17.2157,1.48184
156,-12.6843,17.2157,1.48184
162,-11.4875,19.9651,-3.94865
156,-11.4875,19.9651,-3.94865
162,-12.5143,17.3442,2.18761
155,-12.5143,17.3442,2.18761
162,-12.3596,17.2021,1.36556
153,-12.3596,17.2021,1.36556
163,-9.80812,10.8094,2.72732
163,-9.925,11.1014,2.64976
163,-10.1975,11.5198,2.63754
163,-8.97189,12.026,2.464
163,-10.3761,12.1523,2.44448
163,-10.2971,13.1464,1.626
163,-7.90752,13.1533,0.83349
163,-8.05907,13.1983,0.871151
163,-8.08598,13.2366,0.870058
163,-8.08009,13.2455,0.863765
163,-8.04609,13.2915,0.845216
163,-8.45085,13.4094,0.954364
163,-8.00756,13.4049,0.879797
163,-7.99993,13.4064,0.883801
163,-8.00171,13.4089,0.881138
163,-7.98279,13.4295,0.874137
163,-7.96989,13.4429,0.858773
163,-7.67991,13.4616,0.825335
163,-7.64204,13.473,0.820252
163,-7.94884,13.4813,0.83624
163,-7.60609,13.501,0.807803
163,-8.2481,13.4869,0.824776
163,-7.77433,13.3814,0.374181
163,-7.55862,13.5491,0.753502
163,-8.41564,13.596,0.665834
163,-7.41261,13.8049,0.923477
163,-12.0944,13.7435,0.462236
163,-8.04274,13.9909,0.820807
163,-12.5105,14.0123,1.37697
163,-8.37728,14.7151,2.95349
163,-12.4108,14.1026,1.09082
163,-12.4876,14.181,1.33353
163,-12.3842,14.12,1.0969
163,-12.034,13.9985,0.585337
163,-8.12543,14.2072,0.65623
163,-7.90623,14.2551,0.65642
163,-7.90594,14.3554,1.00198
163,-8.30761,14.8399,2.76062
163,-12.475,14.2595,1.02655
163,-8.12067,14.2521,0.461424
163,-7.34505,14.415,0.944287
163,-7.88237,14.4216,0.967551
163,-11.9039,14.1904,0.459668
163,-7.85883,14.4677,0.951538
163,-11.911,14.2099,0.436393
163,-7.98428,14.3026,0.181141
163,-11.9022,14.1678,-0.052803
163,-7.88301,14.6933,0.891592
163,-8.33679,15.2097,2.49476
163,-7.52808,15.411,3.10186
163,-11.957,14.7084,0.989096
163,-8.33033,15.2582,2.49199
163,-7.92597,14.8359,0.937977
163,-11.973,14.7374,0.996897
163,-8.27843,15.3544,2.56136
163,-7.89756,14.9082,0.906403
163,-7.90003,14.9095,0.901443
163,-8.31982,15.3833,2.49016
163,-10.5647,15.0773,1.64889
163,-12.6939,15.1134,1.95579
163,-8.2931,15.4298,2.49572
163,-9.88247,15.6893,3.09454
163,-9.9306,15.7437,3.09764
163,-8.22479,15.8534,3.27365
163,-10.2591,15.7189,2.93678
163,-11.3857,15.6011,2.5663
163,-11.2078,15.9928,3.84493
163,-10.281,15.7779,2.94786
163,-10.2759,15.7879,2.9616
163,-7.94101,14.8463,-0.719115
163,-12.3233,15.7458,2.93275
163,-7.92763,14.8755,-0.742783
163,-12.0013,15.1445,0.674594
163,-12.3486,15.6729,2.48434
163,-8.20162,15.8537,2.5332
163,-12.9214,15.5145,1.88257
163,-7.79247,16.1672,3.20867
163,-10.3355,15.9902,2.79503
163,-10.3477,15.992,2.79348
163,-7.29706,16.2053,3.14318
163,-10.3508,16.0432,2.7948
163,-12.5287,16.2827,3.7662
163,-10.3803,16.1077,2.77152
163,-11.1674,16.1842,3.10579
163,-7.88143,16.1156,2.44038
163,-7.89435,16.1204,2.44335
163,-7.24312,16.3496,3.13651
163,-9.49748,16.2735,3.11621
163,-12.6226,15.3923,0.34787
163,-7.37028,15.8534,1.35326
163,-7.93168,15.9635,1.72794
163,-7.75962,16.405,3.24514
163,-5.80418,16.0353,1.65341
163,-12.1873,15.727,1.25976
163,-6.94847,15.9302,1.35435
163,-6.94334,15.9311,1.34938
163,-5.95042,16.0297,1.47621
163,-9.03865,15.4603,-0.188368
163,-8.2616,15.9617,1.48443
163,-6.87176,15.9964,1.44086
163,-6.91186,15.9705,1.33849
163,-12.6602,15.4998,0.29197
163,-5.85204,16.0986,1.58845
163,-8.26097,16.0308,1.47966
163,-6.84429,16.0645,1.4293
163,-12.2578,15.4485,-0.132345
163,-11.9288,16.3897,3.11278
163,-9.97451,16.0989,1.74903
163,-9.13715,15.56,-0.259142
163,-12.2774,15.4976,-0.14687
163,-9.89146,16.3319,2.50976
163,-5.73425,16.1232,1.22634
163,-10.4818,16.3844,2.70841
163,-9.12812,15.5846,-0.283147
163,-5.74521,16.127,1.23067
163,-7.83386,16.3261,2.09213
163,-7.91879,16.236,1.75347
163,-11.8163,15.5666,-0.19033
163,-5.83037,16.2294,1.31731
163,-9.40781,16.3942,2.29541
163,-6.44101,16.2347,1.34078
163,-7.80221,16.3981,2.07469
163,-11.0619,16.1521,1.57593
163,-6.34118,16.7616,3.16071
163,-11.669,15.6511,-0.203505
163,-11.7102,15.8519,0.458848
163,-11.6771,15.6653,-0.215219
163,-12.7948,15.7366,0.155833
163,-5.80782,16.3028,1.28529
163,-10.4429,16.9312,4.02661
163,-7.82281,15.6569,-0.803221
163,-7.17849,16.2623,1.24938
163,-11.7387,15.8922,0.441787
163,-7.18158,16.3314,1.45317
163,-7.76234,16.4857,2.05685
163,-7.61039,17.0286,3.93202
163,-7.1135,16.3626,1.49098
163,-9.85712,16.3221,1.52184
163,-9.36533,16.8009,3.13943
163,-12.8319,15.8485,0.138317
163,-7.04893,16.4089,1.41838
163,-12.7488,16.7617,3.25354
163,-7.61676,16.3845,1.30168
163,-7.12169,16.3889,1.18896
163,-9.37297,16.6678,2.42424
163,-7.87136,16.3798,1.18187
163,-8.62742,15.749,-0.97633
163,-11.302,16.4709,1.80609
163,-12.0716,16.8368,3.13723
163,-6.99089,16.5319,1.41499
163,-10.771,15.925,-0.292011
163,-9.2725,15.7796,-1.01186
163,-8.59703,15.8124,-1.02512
163,-9.9524,16.6367,2.05024
163,-5.95803,16.5487,1.23854
163,-12.0055,16.0866,0.31339
163,-11.8622,15.8976,-0.462842
163,-12.5705,16.4816,1.67582
163,-11.1507,16.4826,1.50166
163,-8.59496,15.8501,-1.04976
163,-12.5217,15.7697,-0.880819
163,-12.4298,16.6033,2.04983
163,-7.69345,16.5537,1.30125
163,-7.70868,16.0181,-0.610287
163,-7.66779,16.2131,0.0552933
163,-6.91516,16.6789,1.59631
163,-8.34291,16.2623,0.197598
163,-8.69901,16.0118,-0.649774
163,-8.07476,16.5919,1.31623
163,-8.88582,16.0567,-0.562766
163,-7.72432,16.6608,1.43418
163,-8.69318,16.0372,-0.675251
163,-8.30572,16.2845,0.146264
163,-12.1175,15.8252,-1.04444
163,-7.73115,16.6798,1.42488
163,-5.86291,16.7005,1.19784
163,-12.2821,16.1923,0.129137
163,-6.7082,17.4604,3.88467
163,-6.72399,17.4709,3.90545
163,-8.68338,16.0788,-0.813631
163,-12.1064,17.0924,3.15454
163,-7.46025,17.4653,3.91034
163,-7.64685,16.1817,-0.616193
163,-7.77536,16.168,-0.680373
163,-7.53122,16.3739,-0.017381
163,-10.9443,17.2151,3.34963
163,-8.27655,16.3869,0.0984643
163,-9.08336,16.0575,-1.01213
163,-5.52079,16.7592,1.03736
163,-9.35533,17.0238,2.39123
163,-7.47719,16.5932,0.624913
163,-12.3107,16.2829,0.0854902
163,-10.3654,16.7575,1.52653
163,-11.3303,16.7806,1.62479
163,-11.3316,16.9002,2.0169
163,-12.5258,16.8652,2.02348
163,-10.3136,17.5141,4.0157
163,-8.21834,16.6929,0.83438
163,-7.6078,16.3321,-0.544071
163,-10.9962,16.5996,0.777543
163,-7.75183,16.305,-0.688487
163,-11.9148,19.5395,-4.46525
162,-11.9148,19.5395,-4.46525
163,-8.45998,25.4694,-3.7744
162,-8.45998,25.4694,-3.7744
163,-8.56161,18.3642,-0.790494
162,-8.56161,18.3642,-0.790494
163,-8.246,18.5397,-0.799733
162,-8.246,18.5397,-0.799733
163,-9.38177,16.8884,2.39334
162,-9.38177,16.8884,2.39334
163,-11.7117,21.3756,-3.93757
162,-11.7117,21.3756,-3.93757
163,-10.5471,13.5532,2.69476
162,-10.5471,13.5532,2.69476
163,-10.4537,17.2333,3.34679
162,-10.4537,17.2333,3.34679
163,-8.16125,17.1454,2.41081
162,-8.16125,17.1454,2.41081
163,-6.5878,17.6832,2.35762
162,-6.5878,17.6832,2.35762
163,-8.16556,16.6786,-0.942239
162,-8.16556,16.6786,-0.942239
163,-7.99927,16.4081,-1.06315
162,-7.99927,16.4081,-1.06315
163,-8.11848,15.7484,0.893006
162,-8.11848,15.7484,0.893006
163,-7.58347,16.3425,-0.680937
162,-7.58347,16.3425,-0.680937
163,-9.66111,17.9442,-1.16092
162,-9.66111,17.9442,-1.16092
163,-6.60736,17.6063,2.34734
162,-6.60736,17.6063,2.34734
163,-9.21995,18.3035,2.28441
162,-9.21995,18.3035,2.28441
163,-8.41976,17.242,0.439676
162,-8.41976,17.242,0.439676
163,-6.7086,18.2266,-0.289833
162,-6.7086,18.2266,-0.289833
163,-11.6717,16.4327,-0.631875
162,-11.6717,16.4327,-0.631875
163,-8.62761,23.8562,-3.06171
162,-8.62761,23.8562,-3.06171
163,-7.98207,17.7894,2.35508
162,-7.98207,17.7894,2.35508
163,-12.3883,20.6082,-1.72022
162,-12.3883,20.6082,-1.72022
163,-8.21772,17.1957,0.447376
162,-8.21772,17.1957,0.447376
163,-12.0435,16.1928,0.277177
162,-12.0435,16.1928,0.277177
163,-9.60388,17.6095,0.078533
162,-9.60388,17.6095,0.078533
163,-8.0517,14.2646,0.696604
162,-8.0517,14.2646,0.696604
163,-8.324,17.8435,-0.572336
162,-8.324,17.8435,-0.572336
163,-8.35565,26.3726,-4.14836
162,-8.35565,26.3726,-4.14836
163,-11.4414,19.7901,-3.38474
162,-11.4414,19.7901,-3.38474
163,-8.11003,17.6002,2.3415
162,-8.11003,17.6002,2.3415
163,-8.39812,16.2459,1.56181
162,-8.39812,16.2459,1.56181
163,-8.17165,17.0825,1.68633
162,-8.17165,17.0825,1.68633
163,-3.49895,22.1199,1.69396
162,-3.49895,22.1199,1.69396
163,-4.20218,21.5808,1.74223
162,-4.20218,21.5808,1.74223
163,-9.64176,18.3036,-1.3441
162,-9.64176,18.3036,-1.3441
163,-8.10897,15.2414,-1.03724
162,-8.10897,15.2414,-1.03724
163,-9.00684,16.4907,-1.35684
162,-9.00684,16.4907,-1.35684
163,-10.4587,16.8095,1.38489
162,-10.4587,16.8095,1.38489
163,-12.8083,16.9158,1.56114
162,-12.8083,16.9158,1.56114
163,-4.41677,21.142,1.79994
162,-4.41677,21.142,1.79994
163,-8.61046,15.8774,1.84602
162,-8.61046,15.8774,1.84602
163,-9.29198,17.6676,2.32999
162,-9.29198,17.6676,2.32999
163,-12.3618,20.4886,-1.67043
162,-12.3618,20.4886,-1.67043
163,-12.5548,17.4159,1.95451
162,-12.5548,17.4159,1.95451
163,-12.174,16.3918,3.88429
162,-12.174,16.3918,3.88429
163,-12.276,16.7477,2.03539
162,-12.276,16.7477,2.03539
163,-10.2996,18.0197,3.28637
162,-10.2996,18.0197,3.28637
163,-6.60066,17.4858,2.09824
162,-6.60066,17.4858,2.09824
163,-7.55324,34.0086,6.4164
162,-7.55324,34.0086,6.4164
163,-10.525,20.5458,-1.63235
162,-10.525,20.5458,-1.63235
163,-8.86777,17.413,-1.03179
162,-8.86777,17.413,-1.03179
163,-12.1491,16.3166,3.87379
162,-12.1491,16.3166,3.87379
163,-8.53787,16.7435,-0.00669633
162,-8.53787,16.7435,-0.00669633
163,-8.08165,16.9899,-1.37009
162,-8.08165,16.9899,-1.37009
163,-6.50545,17.6461,2.1138
162,-6.50545,17.6461,2.1138
163,-8.51007,17.3345,0.454712
162,-8.51007,17.3345,0.454712
163,-8.12583,17.7781,1.00403
161,-8.12583,17.7781,1.00403
163,-8.45085,18.5611,-0.341066
161,-8.45085,18.5611,-0.341066
163,-8.07014,16.6895,1.32439
161,-8.07014,16.6895,1.32439
163,-10.3209,17.7955,1.22166
161,-10.3209,17.7955,1.22166
163,-9.14459,16.6167,-1.14994
161,-9.14459,16.6167,-1.14994
163,-11.2343,19.7144,-3.73896
161,-11.2343,19.7144,-3.73896
163,-10.3094,18.8655,-0.839306
161,-10.3094,18.8655,-0.839306
163,-8.29376,17.3361,2.10938
161,-8.29376,17.3361,2.10938
163,-11.3625,15.1886,3.06696
161,-11.3625,15.1886,3.06696
163,-11.3698,17.0528,1.30258
161,-11.3698,17.0528,1.30258
163,-8.16327,16.7134,-0.950384
161,-8.16327,16.7134,-0.950384
163,-8.82138,15.8992,2.67065
161,-8.82138,15.8992,2.67065
163,-8.90381,16.0839,2.67175
161,-8.90381,16.0839,2.67175
163,-7.65578,16.9469,0.61289
161,-7.65578,16.9469,0.61289
163,-8.06876,16.0112,-0.550676
161,-8.06876,16.0112,-0.550676
163,-13.3168,17.8493,1.43254
161,-13.3168,17.8493,1.43254
163,-8.34884,15.4519,2.55855
161,-8.34884,15.4519,2.55855
163,-11.3617,16.6508,1.60683
161,-11.3617,16.6508,1.60683
163,-13.1372,17.3915,1.51468
161,-13.1372,17.3915,1.51468
163,-12.2169,15.4546,0.585945
161,-12.2169,15.4546,0.585945
163,-13.0572,17.1617,1.57466
161,-13.0572,17.1617,1.57466
163,-9.0763,17.9226,0.267206
161,-9.0763,17.9226,0.267206
163,-7.99157,16.0664,0.236911
161,-7.99157,16.0664,0.236911
163,-8.03957,17.0156,-0.0329523
160,-8.03957,17.0156,-0.0329523
163,-11.5611,16.4376,1.30149
160,-11.5611,16.4376,1.30149
163,-10.9478,16.6437,1.29442
160,-10.9478,16.6437,1.29442
163,-11.0517,20.535,2.26654
160,-11.0517,20.535,2.26654
163,-10.0046,17.9876,-1.56463
160,-10.0046,17.9876,-1.56463
163,-10.2154,18.4146,-2.87099
160,-10.2154,18.4146,-2.87099
163,-10.601,16.2741,2.52247
160,-10.601,16.2741,2.52247
163,-8.09972,17.1496,1.00063
160,-8.09972,17.1496,1.00063
163,-10.8498,14.6856,2.62148
160,-10.8498,14.6856,2.62148
163,-9.65778,18.4229,4.07173
160,-9.65778,18.4229,4.07173
163,-10.2176,18.2633,-2.76998
160,-10.2176,18.2633,-2.76998
163,-12.8236,16.424,2.71854
160,-12.8236,16.424,2.71854
163,-9.15149,20.3729,4.38513
160,-9.15149,20.3729,4.38513
163,-12.387,17.25,2.40053
160,-12.387,17.25,2.40053
163,-12.4216,17.1259,3.22416
160,-12.4216,17.1259,3.22416
163,-9.18371,20.0899,4.34766
160,-9.18371,20.0899,4.34766
163,-12.9395,16.9811,2.42466
160,-12.9395,16.9811,2.42466
163,-12.9493,16.7266,2.88543
160,-12.9493,16.7266,2.88543
163,-13.9669,17.2736,1.94055
160,-13.9669,17.2736,1.94055
163,-11.4362,16.7468,1.41461
160,-11.4362,16.7468,1.41461
163,-7.9988,19.0192,-2.05853
160,-7.9988,19.0192,-2.05853
163,-11.4488,18.7055,-0.912106
159,-11.4488,18.7055,-0.912106
163,-10.1387,19.4327,-0.746663
159,-10.1387,19.4327,-0.746663
163,-10.846,16.09,3.10094
159,-10.846,16.09,3.10094
163,-11.1114,15.9912,2.54109
159,-11.1114,15.9912,2.54109
163,-11.2861,17.0311,2.01173
159,-11.2861,17.0311,2.01173
163,-9.51016,17.1072,1.08257
159,-9.51016,17.1072,1.08257
163,-8.98669,21.9235,4.56434
159,-8.98669,21.9235,4.56434
163,-8.02317,19.6028,-0.936373
159,-8.02317,19.6028,-0.936373
163,-11.2626,16.7976,1.41844
159,-11.2626,16.7976,1.41844
163,-8.27479,18.7894,2.11081
159,-8.27479,18.7894,2.11081
163,-13.7409,17.5728,1.45299
159,-13.7409,17.5728,1.45299
163,-12.3727,16.9177,1.37612
159,-12.3727,16.9177,1.37612
163,-9.98499,19.3061,-1.07479
159,-9.98499,19.3061,-1.07479
163,-10.9702,16.9205,1.15242
158,-10.9702,16.9205,1.15242
163,-12.114,16.8651,1.25153
158,-12.114,16.8651,1.25153
163,-10.1376,19.7697,-1.243
158,-10.1376,19.7697,-1.243
163,-11.5344,17.0731,1.3679
158,-11.5344,17.0731,1.3679
163,-12.8379,17.3104,1.46801
156,-12.8379,17.3104,1.46801
163,-13.0969,17.2919,2.36133
154,-13.0969,17.2919,2.36133
163,-12.92,17.1223,3.42547
152,-12.92,17.1223,3.42547
164,-9.82058,11.5395,2.30391
164,-10.1508,12.0139,2.48617
164,-8.67081,12.2154,2.42021
164,-8.74486,12.2498,2.42755
164,-7.52955,13.0662,0.946322
164,-8.23873,13.1943,0.767302
164,-8.24686,13.3036,1.01784
164,-7.37703,13.3812,0.845871
164,-8.17896,13.4339,0.929655
164,-8.126,13.3714,0.628201
164,-7.33482,13.41,0.834219
164,-7.64306,13.4568,0.817223
164,-7.60783,13.4717,0.805749
164,-8.02015,13.5045,0.830494
164,-7.87352,13.4908,0.765525
164,-7.58812,13.4983,0.782034
164,-7.27951,13.4922,0.759497
164,-8.06338,13.7389,0.290384
164,-7.7834,13.9251,0.743196
164,-12.0444,14.0002,0.580034
164,-7.85977,14.0522,0.879634
164,-7.88943,14.128,0.943042
164,-11.8973,14.1567,0.512353
164,-11.8916,14.1606,0.472706
164,-7.85747,14.1924,0.897124
164,-7.84831,14.2124,0.885202
164,-7.76565,14.2077,0.790747
164,-7.82276,14.2367,0.878906
164,-7.97003,14.3244,1.09396
164,-9.62194,14.634,1.75231
164,-7.37003,14.3549,0.789032
164,-7.90792,14.4776,1.01466
164,-7.88377,14.5135,1.00039
164,-7.86921,14.6506,0.921753
164,-8.38494,15.1162,2.50818
164,-7.57327,15.2739,3.09278
164,-6.65566,14.6175,0.708993
164,-7.37602,14.6759,0.823139
164,-7.87115,14.7031,0.870737
164,-6.46294,14.8821,0.8027
164,-11.3195,15.501,2.58112
164,-7.1306,15.4776,2.8449
164,-12.4548,15.1492,0.963468
164,-7.13716,15.5115,2.59461
164,-7.27567,15.0198,0.747677
164,-7.07167,15.6079,2.84214
164,-5.76332,15.5438,2.59949
164,-6.30972,15.074,0.718905
164,-12.0092,15.2093,0.663552
164,-8.94029,15.7177,2.67967
164,-10.7244,15.8258,2.79993
164,-8.88243,15.8579,3.02224
164,-10.285,15.8761,2.93119
164,-6.23102,15.1704,0.678727
164,-8.31312,15.9184,3.20314
164,-7.00671,15.8946,3.1111
164,-7.86592,15.9397,3.17528
164,-7.19629,15.2294,0.577229
164,-12.71,15.3238,0.369688
164,-7.02481,15.8439,2.71424
164,-8.92111,15.876,2.66676
164,-7.14596,15.2767,0.624078
164,-10.2765,16.0018,2.94302
164,-12.4231,16.0462,2.90643
164,-10.3034,15.9112,2.59871
164,-13.0311,15.7575,1.63793
164,-9.53394,16.1208,3.11516
164,-12.1735,15.6687,1.20703
164,-7.07265,15.3958,0.569983
164,-9.04934,15.2485,-0.159435
164,-9.57719,15.7075,1.45337
164,-12.6568,15.4268,0.134274
164,-6.93493,16.0071,2.70589
164,-9.09086,15.3278,-0.041815
164,-9.09124,15.34,-0.0435927
164,-5.41562,16.0834,2.95112
164,-12.865,15.5814,0.249322
164,-12.535,16.4017,3.22899
164,-12.2709,15.4704,-0.161386
164,-9.02733,15.4185,-0.152718
164,-7.94342,15.2987,-0.787349
164,-6.58581,16.3561,3.13032
164,-8.27123,15.9545,1.50628
164,-8.32981,16.4347,3.21902
164,-6.9996,16.4517,3.1556
164,-10.4983,16.4239,2.70678
164,-6.99689,16.4792,3.14756
164,-11.1851,16.5886,3.12812
164,-5.2964,15.9554,1.31655
164,-9.05071,15.6526,-0.123777
164,-9.92081,16.6908,3.50773
164,-7.70842,16.062,1.38938
164,-12.3033,16.1609,1.34243
164,-9.1485,15.7014,-0.0600448
164,-9.50248,16.6178,3.12933
164,-9.04738,15.7215,-0.127742
164,-9.04664,15.7266,-0.130659
164,-8.97693,15.6784,-0.333208
164,-12.8534,15.862,-0.0044446
164,-5.19393,16.0868,1.43017
164,-9.95474,16.7864,3.50471
164,-12.166,15.7677,-0.386925
164,-9.03998,15.7574,-0.173001
164,-9.7978,16.2184,1.4162
164,-7.67148,16.8802,3.99406
164,-13.4924,16.4913,2.07863
164,-11.6314,15.9039,0.0462298
164,-5.69567,16.2135,1.59654
164,-11.3813,16.8235,3.27351
164,-9.25235,15.5806,-1.16408
164,-5.54017,16.1795,1.30666
164,-5.3351,16.2589,1.59405
164,-5.26483,16.147,1.15938
164,-11.5641,16.2466,0.935476
164,-5.05796,16.7359,3.25042
164,-6.93205,16.7923,3.23577
164,-5.57938,16.282,1.4981
164,-7.73217,15.9774,0.199785
164,-11.3822,17.0601,3.77758
164,-5.71705,16.281,1.38875
164,-5.72509,16.2837,1.39357
164,-5.66194,16.2311,1.20216
164,-6.66064,16.3068,1.35783
164,-12.0934,15.7585,-1.10789
164,-11.555,16.0342,-0.081517
164,-9.51881,16.6697,2.36889
164,-7.89025,16.3204,1.20638
164,-6.66641,16.3158,1.25716
164,-4.96753,16.8424,3.29494
164,-11.3928,17.1331,3.78984
164,-12.0348,16.1874,0.27363
164,-5.58856,16.2863,1.18224
164,-6.64766,16.3597,1.33129
164,-7.13018,16.3417,1.22024
164,-5.05151,16.3675,1.49205
164,-7.06369,16.4293,1.4646
164,-5.23078,16.3963,1.50171
164,-11.9514,16.0222,-0.445279
164,-7.00704,16.5863,1.99279
164,-9.94175,16.5733,1.6564
164,-12.7196,16.7376,1.98588
164,-5.15574,16.3229,1.09349
164,-6.32303,16.4053,1.29115
164,-6.17984,16.404,1.29178
164,-6.63106,16.4074,1.23535
164,-6.38451,16.5948,1.90668
164,-7.0449,16.4877,1.44838
164,-7.59338,16.3218,0.773377
164,-7.07957,16.5053,1.47563
164,-7.80222,16.369,0.917785
164,-7.00235,16.523,1.47972
164,-9.986,16.6844,1.80681
164,-11.9817,16.0968,-0.499177
164,-10.4937,17.3369,4.09317
164,-10.2122,16.5438,1.23108
164,-7.79426,16.4022,0.913828
164,-8.26209,16.2508,0.315437
164,-7.79947,16.4098,0.907938
164,-6.34427,16.647,1.88412
164,-11.0183,16.9257,2.47297
164,-6.962,16.6965,1.97685
164,-11.2104,16.6945,1.59065
164,-6.9583,16.6958,1.96011
164,-8.8774,16.884,2.46527
164,-6.64906,16.4977,1.21036
164,-11.641,16.226,-0.237017
164,-10.0239,16.6788,1.54358
164,-8.24423,16.2842,0.243322
164,-6.74576,17.1043,3.2921
164,-10.1545,16.976,2.46195
164,-9.98415,16.712,1.51868
164,-9.00571,16.6884,1.39806
164,-12.8341,16.9442,1.98697
164,-6.21062,16.5871,1.24409
164,-12.597,17.5247,4.06326
164,-4.73781,17.1227,3.27845
164,-8.19365,17.2149,3.287
164,-12.5472,16.9699,2.00031
164,-10.0074,16.7984,1.51984
164,-11.6831,16.3579,-0.292163
164,-12.7795,16.8423,1.35634
164,-11.3503,16.9994,2.00073
164,-5.75497,16.6539,1.20114
164,-11.3508,16.8974,1.58619
164,-10.3273,17.5416,4.01048
164,-8.9444,16.7754,1.34408
164,-7.77068,16.211,-0.617145
164,-8.92489,16.7878,1.3542
164,-11.2494,16.9126,1.57426
164,-6.15355,17.2514,3.19028
164,-9.47109,17.1049,2.36882
164,-6.20549,16.7126,1.11386
164,-11.0361,17.201,2.44867
164,-8.31785,16.9106,1.59203
164,-8.28352,17.1113,1.71049
163,-8.28352,17.1113,1.71049
164,-7.95942,16.2536,-0.733853
163,-7.95942,16.2536,-0.733853
164,-6.55625,18.2982,-0.358444
163,-6.55625,18.2982,-0.358444
164,-6.36815,17.7717,2.32586
163,-6.36815,17.7717,2.32586
164,-8.2949,19.2002,-1.10519
163,-8.2949,19.2002,-1.10519
164,-8.14509,19.7523,2.00922
163,-8.14509,19.7523,2.00922
164,-6.58932,17.5114,2.0566
163,-6.58932,17.5114,2.0566
164,-11.8571,20.4707,-4.8735
163,-11.8571,20.4707,-4.8735
164,-10.2067,18.9376,-3.35357
163,-10.2067,18.9376,-3.35357
164,-12.0368,19.4212,-1.12285
163,-12.0368,19.4212,-1.12285
164,-12.1204,19.505,-0.56554
163,-12.1204,19.505,-0.56554
164,-7.62972,17.1695,-0.327601
163,-7.62972,17.1695,-0.327601
164,-6.6604,18.2722,-0.320912
163,-6.6604,18.2722,-0.320912
164,-8.33856,17.6946,-0.539074
163,-8.33856,17.6946,-0.539074
164,-8.33768,14.7316,2.75703
163,-8.33768,14.7316,2.75703
164,-10.3139,18.6302,3.90534
163,-10.3139,18.6302,3.90534
164,-8.91932,17.0421,-0.263004
163,-8.91932,17.0421,-0.263004
164,-7.84009,16.545,-0.0206885
163,-7.84009,16.545,-0.0206885
164,-8.02472,16.028,-0.595451
163,-8.02472,16.028,-0.595451
164,-8.18726,18.2937,-0.80803
163,-8.18726,18.2937,-0.80803
164,-8.27062,17.9232,-0.130172
163,-8.27062,17.9232,-0.130172
164,-5.57729,19.4039,2.19172
163,-5.57729,19.4039,2.19172
164,-12.0276,19.11,-0.419619
163,-12.0276,19.11,-0.419619
164,-10.1544,17.3631,0.469521
163,-10.1544,17.3631,0.469521
164,-9.32333,22.5242,-1.87092
163,-9.32333,22.5242,-1.87092
164,-7.03739,17.3687,0.0419168
163,-7.03739,17.3687,0.0419168
164,-4.48298,17.9151,2.00283
163,-4.48298,17.9151,2.00283
164,-8.11547,19.1083,-0.744643
163,-8.11547,19.1083,-0.744643
164,-8.21407,15.7858,2.53835
163,-8.21407,15.7858,2.53835
164,-8.76465,16.6712,1.37625
163,-8.76465,16.6712,1.37625
164,-8.27695,17.6474,-1.2424
163,-8.27695,17.6474,-1.2424
164,-4.57131,18.9118,1.99696
163,-4.57131,18.9118,1.99696
164,-3.46987,22.2375,1.96898
163,-3.46987,22.2375,1.96898
164,-12.1001,19.7581,-1.25744
163,-12.1001,19.7581,-1.25744
164,-11.4011,19.5864,-3.26157
163,-11.4011,19.5864,-3.26157
164,-11.829,20.8317,-3.62395
163,-11.829,20.8317,-3.62395
164,-6.78305,15.9046,2.02445
163,-6.78305,15.9046,2.02445
164,-4.50194,17.9022,2.00514
163,-4.50194,17.9022,2.00514
164,-4.63984,17.843,2.10264
163,-4.63984,17.843,2.10264
164,-4.89017,17.781,1.28055
163,-4.89017,17.781,1.28055
164,-9.40404,17.0757,0.533045
163,-9.40404,17.0757,0.533045
164,-8.9525,20.1532,4.39186
163,-8.9525,20.1532,4.39186
164,-6.09102,17.0716,1.13731
163,-6.09102,17.0716,1.13731
164,-7.77375,19.0828,4.12982
163,-7.77375,19.0828,4.12982
164,-8.77851,21.9993,4.63828
163,-8.77851,21.9993,4.63828
164,-8.3243,15.2464,2.48806
163,-8.3243,15.2464,2.48806
164,-11.811,18.0982,-1.57411
163,-11.811,18.0982,-1.57411
164,-11.7844,16.8902,-0.890991
163,-11.7844,16.8902,-0.890991
164,-8.42935,16.4332,1.39437
163,-8.42935,16.4332,1.39437
164,-11.649,17.416,-1.18348
163,-11.649,17.416,-1.18348
164,-11.9794,18.8711,-0.936253
163,-11.9794,18.8711,-0.936253
164,-8.5971,15.7496,1.53507
163,-8.5971,15.7496,1.53507
164,-4.41517,19.0816,2.03555
163,-4.41517,19.0816,2.03555
164,-10.3696,19.4081,4.0684
163,-10.3696,19.4081,4.0684
164,-8.17606,17.4204,1.14597
163,-8.17606,17.4204,1.14597
164,-12.2405,16.8877,2.38407
163,-12.2405,16.8877,2.38407
164,-4.55857,19.8282,2.06241
163,-4.55857,19.8282,2.06241
164,-8.53064,15.9839,1.46781
163,-8.53064,15.9839,1.46781
164,-7.71019,16.4971,-0.835974
163,-7.71019,16.4971,-0.835974
164,-7.95063,16.1016,0.280507
163,-7.95063,16.1016,0.280507
164,-12.5188,17.3338,3.24903
163,-12.5188,17.3338,3.24903
164,-10.3552,19.1891,4.01512
163,-10.3552,19.1891,4.01512
164,-4.29674,20.087,2.202
163,-4.29674,20.087,2.202
164,-8.88763,15.8671,2.79557
162,-8.88763,15.8671,2.79557
164,-9.47659,12.1325,2.55997
162,-9.47659,12.1325,2.55997
164,-8.27954,17.3022,2.00372
162,-8.27954,17.3022,2.00372
164,-7.75466,16.6965,0.682292
162,-7.75466,16.6965,0.682292
164,-9.22044,16.2787,-0.977781
162,-9.22044,16.2787,-0.977781
164,-8.92788,15.8944,3.10646
162,-8.92788,15.8944,3.10646
164,-10.4398,16.9235,1.3585
162,-10.4398,16.9235,1.3585
164,-11.3064,20.3061,-3.86941
162,-11.3064,20.3061,-3.86941
164,-9.38216,18.3669,2.33577
162,-9.38216,18.3669,2.33577
164,-10.7789,16.2197,3.10433
162,-10.7789,16.2197,3.10433
164,-11.3661,15.8779,3.0904
162,-11.3661,15.8779,3.0904
164,-8.34827,17.0495,2.04381
162,-8.34827,17.0495,2.04381
164,-11.1819,17.8275,0.337575
162,-11.1819,17.8275,0.337575
164,-9.89136,16.3112,1.53342
162,-9.89136,16.3112,1.53342
164,-8.27893,16.5461,0.895536
162,-8.27893,16.5461,0.895536
164,-13.6739,17.4604,1.19614
162,-13.6739,17.4604,1.19614
164,-9.3958,18.3106,2.30754
162,-9.3958,18.3106,2.30754
164,-8.24106,18.9202,2.09491
162,-8.24106,18.9202,2.09491
164,-12.4314,14.089,0.973767
162,-12.4314,14.089,0.973767
164,-12.8747,16.4451,0.734949
162,-12.8747,16.4451,0.734949
164,-12.2857,16.7187,1.37937
162,-12.2857,16.7187,1.37937
164,-5.8486,18.3664,2.12914
162,-5.8486,18.3664,2.12914
164,-12.7855,16.2385,0.821653
162,-12.7855,16.2385,0.821653
164,-8.24137,16.5835,-0.172922
161,-8.24137,16.5835,-0.172922
164,-8.20275,16.8619,1.40804
161,-8.20275,16.8619,1.40804
164,-11.8839,17.5297,1.08503
161,-11.8839,17.5297,1.08503
164,-8.27791,16.6111,1.46028
161,-8.27791,16.6111,1.46028
164,-8.27466,18.379,-0.29696
161,-8.27466,18.379,-0.29696
164,-11.0665,19.0498,-3.11427
161,-11.0665,19.0498,-3.11427
164,-9.61553,18.9537,4.24327
161,-9.61553,18.9537,4.24327
164,-12.4613,17.2229,1.22877
161,-12.4613,17.2229,1.22877
164,-8.46796,17.6938,2.37506
161,-8.46796,17.6938,2.37506
164,-9.20548,16.141,-0.898072
161,-9.20548,16.141,-0.898072
164,-10.928,18.5552,0.789796
160,-10.928,18.5552,0.789796
164,-10.2157,19.6031,-3.61881
160,-10.2157,19.6031,-3.61881
164,-11.1234,17.6399,1.01918
160,-11.1234,17.6399,1.01918
164,-10.558,16.6794,1.50073
160,-10.558,16.6794,1.50073
164,-8.38396,17.3936,-1.27854
160,-8.38396,17.3936,-1.27854
164,-8.38763,17.3869,-1.27174
160,-8.38763,17.3869,-1.27174
164,-8.84353,23.5034,1.96577
160,-8.84353,23.5034,1.96577
164,-8.58667,20.1303,-1.71218
160,-8.58667,20.1303,-1.71218
164,-8.39102,16.4883,-0.963403
160,-8.39102,16.4883,-0.963403
164,-11.5155,20.3278,-3.73501
158,-11.5155,20.3278,-3.73501
164,-11.4173,17.028,1.49626
158,-11.4173,17.028,1.49626
164,-9.7975,19.1291,4.25481
158,-9.7975,19.1291,4.25481
164,-11.3756,16.9938,1.56045
156,-11.3756,16.9938,1.56045
164,-12.88,17.1024,3.24421
155,-12.88,17.1024,3.24421
164,-13.7674,17.6373,1.90403
153,-13.7674,17.6373,1.90403
165,-8.98921,11.2796,2.38386
165,-7.98752,12.9243,0.838899
165,-8.00543,13.0286,0.826637
165,-7.28469,12.9845,0.762645
165,-7.42218,13.1926,0.864091
165,-7.81159,13.2436,0.763322
165,-7.33232,13.3824,0.848492
165,-7.31117,13.4231,0.840441
165,-8.00227,13.491,0.856177
165,-6.952,13.4146,0.794593
165,-7.85107,13.5039,0.75332
165,-6.89074,13.4518,0.76339
165,-7.26362,13.4862,0.772828
165,-7.87441,13.5323,0.779805
165,-7.56594,13.5157,0.782306
165,-6.87867,13.479,0.73595
165,-7.85355,13.5805,0.751465
165,-7.65686,13.6597,0.777484
165,-7.63814,13.687,0.754845
165,-7.26625,13.9615,0.837217
165,-6.70148,13.928,0.807778
165,-7.23445,13.9884,0.82314
165,-7.59136,14.0104,0.800931
165,-7.57171,14.0288,0.779234
165,-7.49389,14.139,1.17707
165,-7.2047,14.0438,0.790492
165,-7.56212,14.0652,0.756443
165,-6.6193,14.0568,0.730965
165,-9.53938,14.7425,2.62984
165,-7.91225,14.1572,0.708931
165,-7.7198,14.257,0.760636
165,-8.16343,14.9867,2.91248
165,-8.25359,14.8521,2.32307
165,-6.11394,14.8655,2.7774
165,-8.26115,14.8795,2.3046
165,-8.18351,14.981,2.60817
165,-5.99198,15.0222,2.76927
165,-7.21238,14.6246,0.949005
165,-12.0366,14.9595,0.87802
165,-7.85257,14.7072,0.869548
165,-5.94819,15.1018,2.74834
165,-8.14677,15.2212,2.62803
165,-5.89113,14.7652,1.39216
165,-8.14038,15.242,2.62881
165,-12.0028,15.0625,0.663164
165,-5.68566,14.8653,1.31003
165,-8.14834,15.3499,2.49056
165,-8.18844,15.2196,1.90004
165,-8.12398,15.4242,2.60909
165,-8.10278,15.4905,2.48186
165,-7.705,15.2656,1.6059
165,-6.51128,15.0047,0.798206
165,-8.15105,15.6096,2.55312
165,-8.12905,15.4214,1.84322
165,-8.27262,15.6295,2.57496
165,-8.13351,15.6333,2.61347
165,-5.74968,15.5157,2.60666
165,-11.1289,16.1879,3.88302
165,-12.392,16.0129,2.9338
165,-8.05642,15.6351,2.4756
165,-7.96596,15.8454,3.22937
165,-8.19192,15.8385,3.12638
165,-9.61234,15.6654,2.12176
165,-6.47179,15.7832,3.13245
165,-10.2642,15.9955,2.95653
165,-12.2102,15.3329,-0.0390053
165,-8.02828,15.7381,2.42274
165,-12.1273,15.6642,1.18165
165,-8.23506,15.9867,3.24808
165,-10.4452,16.0649,2.94369
165,-8.91016,16.0183,3.01233
165,-8.90605,16.0192,3.01202
165,-9.51941,15.9419,2.54
165,-9.24873,16.1143,3.12531
165,-9.93343,16.1684,3.12113
165,-10.3223,16.0532,2.56842
165,-12.2102,15.6271,0.462874
165,-8.28071,16.1507,3.20691
165,-10.4027,16.2081,2.74952
165,-8.34908,15.1989,-0.627647
165,-8.23466,16.2459,3.2835
165,-8.23721,16.2697,3.31087
165,-7.74304,16.2144,3.20704
165,-9.94845,16.3378,3.1248
165,-7.87097,16.2361,3.20702
165,-7.86444,16.2539,3.25367
165,-6.49359,16.1593,3.14242
165,-6.23849,16.1762,3.14721
165,-7.74998,16.3051,3.26091
165,-9.95222,16.4645,3.13346
165,-9.04422,15.5714,-0.0509536
165,-7.84401,15.3306,-0.743363
165,-7.82126,16.4112,3.26985
165,-11.2922,16.7527,3.75794
165,-7.78216,16.6034,3.96015
165,-6.14347,15.8633,1.44443
165,-9.25146,16.0346,1.32774
165,-7.78238,15.4284,-0.856856
165,-9.53609,16.1255,1.35579
165,-8.00639,16.1233,1.51371
165,-8.00673,16.1322,1.52119
165,-9.92206,16.5124,2.51484
165,-12.211,16.2504,0.959586
165,-12.2211,16.2722,0.952146
165,-6.85269,16.0693,1.36167
165,-9.13937,16.2729,1.46668
165,-10.4423,17.0554,4.06529
165,-8.26886,16.8906,3.82883
165,-5.03487,16.1442,1.68725
165,-4.77905,16.0839,1.28213
165,-5.6642,16.1429,1.28778
165,-7.64388,16.9988,4.02194
165,-7.84743,15.7735,-0.67476
165,-8.60892,15.7379,-1.00595
165,-7.16991,16.3358,1.45153
165,-8.62405,16.4656,1.54927
165,-11.5662,16.4763,0.869857
165,-6.60524,16.3065,1.34789
165,-8.62783,16.4954,1.56306
165,-7.06678,16.4188,1.60465
165,-7.06433,16.4247,1.61698
165,-9.94928,16.7334,2.01833
165,-10.2662,17.2689,3.95912
165,-9.94088,16.7376,2.0122
165,-9.93426,16.7459,2.01897
165,-12.4703,16.7861,1.58938
165,-12.6853,16.7439,1.35997
165,-5.10918,16.3169,1.39136
165,-4.61323,16.2532,1.24017
165,-4.84887,16.3798,1.64123
165,-7.80696,15.9214,-0.778421
165,-11.2185,16.8057,1.72348
165,-6.37476,16.569,1.91275
165,-8.99925,16.5639,1.29252
165,-5.27187,16.4305,1.62153
165,-8.51707,16.5996,1.51841
165,-10.0429,16.6144,1.22211
165,-9.93381,16.72,1.64248
165,-11.2115,16.7063,1.28377
165,-12.825,16.9885,1.97842
165,-7.0737,16.4287,1.17255
165,-5.24491,16.4428,1.64097
165,-8.98586,15.9853,-0.936762
165,-6.97375,16.6436,2.00011
165,-5.15044,16.2956,1.08138
165,-7.61471,16.1851,0.0991259
165,-12.6034,17.5529,4.09219
165,-6.28182,16.9615,3.18848
165,-9.94878,16.6612,1.19877
165,-5.10765,16.329,1.0407
165,-11.2527,16.8819,1.71047
165,-7.90482,16.2598,0.0695636
165,-8.9819,16.0502,-0.985579
165,-12.5228,17.398,3.25922
165,-9.88491,16.7776,1.50615
165,-5.38379,16.4382,1.21957
165,-8.51358,16.6293,1.22717
165,-8.91404,16.1659,-0.612728
165,-9.9492,16.7061,1.18308
165,-6.34472,17.0214,3.18404
165,-10.6843,16.4922,0.13252
165,-10.2997,17.4978,4.00619
165,-8.92961,16.6762,1.20029
165,-6.24204,16.5344,1.26265
165,-4.33283,16.4234,1.19219
165,-5.05082,16.447,1.07252
165,-8.2099,16.3475,-0.0413933
165,-9.89229,16.8604,1.48497
165,-10.505,16.5647,0.227303
165,-8.59905,16.1696,-0.831086
165,-9.0945,16.7892,1.32896
165,-11.3018,17.0288,1.69627
165,-5.3289,16.6845,1.73674
165,-4.99982,16.4683,0.995713
165,-8.61535,16.8293,1.52438
165,-8.61797,16.1943,-0.875879
165,-7.69575,16.6084,0.866318
165,-13.4047,16.6264,-0.384548
165,-6.01343,16.6411,1.2388
165,-8.25778,16.4882,0.0696979
165,-9.98343,17.091,1.93342
165,-10.085,16.9175,1.22987
165,-8.83886,16.8702,1.29032
165,-7.59412,16.3062,-0.563375
165,-8.36244,16.6758,0.650013
165,-7.62594,16.3157,-0.56465
165,-8.86025,16.3428,-0.756209
165,-9.00544,16.9216,1.33676
165,-5.91921,16.7279,1.20573
165,-11.9652,16.8745,0.337558
165,-9.23149,16.8017,0.641171
165,-7.79662,15.4018,-0.863588
164,-7.79662,15.4018,-0.863588
165,-8.58501,16.6204,-0.884219
164,-8.58501,16.6204,-0.884219
165,-8.10898,16.4095,-0.971048
164,-8.10898,16.4095,-0.971048
165,-11.6915,20.0517,-3.1246
164,-11.6915,20.0517,-3.1246
165,-3.88847,22.0339,1.67417
164,-3.88847,22.0339,1.67417
165,-11.5255,21.08,-3.60006
164,-11.5255,21.08,-3.60006
165,-10.5677,19.0811,-1.86388
164,-10.5677,19.0811,-1.86388
165,-9.4526,16.4268,-0.649158
164,-9.4526,16.4268,-0.649158
165,-11.9714,20.6188,-4.24089
164,-11.9714,20.6188,-4.24089
165,-3.79919,21.663,2.04224
164,-3.79919,21.663,2.04224
165,-3.65041,21.8994,2.00725
164,-3.65041,21.8994,2.00725
165,-10.2854,17.3447,1.30759
164,-10.2854,17.3447,1.30759
165,-8.02086,15.56,-0.9309
164,-8.02086,15.56,-0.9309
165,-9.3587,17.2881,0.46585
164,-9.3587,17.2881,0.46585
165,-8.26934,16.6661,-1.22867
164,-8.26934,16.6661,-1.22867
165,-9.31299,18.5751,2.00213
164,-9.31299,18.5751,2.00213
165,-6.45452,17.687,0.193988
164,-6.45452,17.687,0.193988
165,-8.39472,19.1571,-1.20646
164,-8.39472,19.1571,-1.20646
165,-8.98934,16.4384,0.0438995
164,-8.98934,16.4384,0.0438995
165,-12.2526,22.7812,-2.63037
164,-12.2526,22.7812,-2.63037
165,-7.1552,13.8351,0.702626
164,-7.1552,13.8351,0.702626
165,-9.37564,17.1844,0.518274
164,-9.37564,17.1844,0.518274
165,-8.36879,17.1987,-0.956116
164,-8.36879,17.1987,-0.956116
165,-9.41295,15.5514,3.10013
164,-9.41295,15.5514,3.10013
165,-4.606,17.7267,3.32616
164,-4.606,17.7267,3.32616
165,-8.23641,17.3547,1.11751
164,-8.23641,17.3547,1.11751
165,-4.10464,20.4401,2.07104
164,-4.10464,20.4401,2.07104
165,-8.53678,18.2918,-0.780791
164,-8.53678,18.2918,-0.780791
165,-6.23919,18.4306,4.06122
164,-6.23919,18.4306,4.06122
165,-10.9346,16.5052,2.51299
164,-10.9346,16.5052,2.51299
165,-10.4624,16.1043,2.73283
164,-10.4624,16.1043,2.73283
165,-3.95336,18.4367,1.83134
164,-3.95336,18.4367,1.83134
165,-12.577,17.554,1.15523
164,-12.577,17.554,1.15523
165,-11.5841,15.9534,0.678212
164,-11.5841,15.9534,0.678212
165,-11.6925,19.9217,-3.3003
164,-11.6925,19.9217,-3.3003
165,-13.2304,17.6323,1.48721
164,-13.2304,17.6323,1.48721
165,-12.4475,17.2384,1.96044
164,-12.4475,17.2384,1.96044
165,-4.09859,18.4464,3.37055
164,-4.09859,18.4464,3.37055
165,-12.4637,23.9343,-3.09697
164,-12.4637,23.9343,-3.09697
165,-7.54228,14.0992,0.751425
164,-7.54228,14.0992,0.751425
165,-11.4355,15.4938,0.869817
164,-11.4355,15.4938,0.869817
165,-5.08997,19.806,1.98524
164,-5.08997,19.806,1.98524
165,-4.5453,17.8612,2.03477
164,-4.5453,17.8612,2.03477
165,-5.93545,18.828,3.40429
164,-5.93545,18.828,3.40429
165,-5.22278,16.9048,3.29021
164,-5.22278,16.9048,3.29021
165,-11.7705,17.9296,-1.47522
164,-11.7705,17.9296,-1.47522
165,-12.2075,19.6866,-0.723035
164,-12.2075,19.6866,-0.723035
165,-4.11448,18.4796,2.26389
164,-4.11448,18.4796,2.26389
165,-4.56057,17.8511,2.07906
164,-4.56057,17.8511,2.07906
165,-7.64724,16.3509,-0.572847
164,-7.64724,16.3509,-0.572847
165,-9.23791,19.2,3.23806
163,-9.23791,19.2,3.23806
165,-8.18081,18.2475,2.35104
163,-8.18081,18.2475,2.35104
165,-11.471,20.2131,-4.1025
163,-11.471,20.2131,-4.1025
165,-10.1119,17.1736,1.07317
163,-10.1119,17.1736,1.07317
165,-11.3671,17.9754,0.317937
163,-11.3671,17.9754,0.317937
165,-11.2163,19.392,-3.0037
163,-11.2163,19.392,-3.0037
165,-11.0625,15.7828,2.56388
163,-11.0625,15.7828,2.56388
165,-12.0493,19.2234,-0.897452
163,-12.0493,19.2234,-0.897452
165,-8.88202,20.2169,3.28266
163,-8.88202,20.2169,3.28266
165,-11.1521,17.0484,2.47628
163,-11.1521,17.0484,2.47628
165,-12.1036,19.3973,-0.963992
163,-12.1036,19.3973,-0.963992
165,-10.1196,19.0471,-0.936222
163,-10.1196,19.0471,-0.936222
165,-8.47825,16.9549,0.545707
163,-8.47825,16.9549,0.545707
165,-8.1162,17.565,3.93495
163,-8.1162,17.565,3.93495
165,-10.1884,18.7918,-3.20503
163,-10.1884,18.7918,-3.20503
165,-6.50943,17.8112,2.33814
163,-6.50943,17.8112,2.33814
165,-8.7553,21.6227,4.57062
163,-8.7553,21.6227,4.57062
165,-3.28179,21.4855,1.80116
163,-3.28179,21.4855,1.80116
165,-6.89707,16.7939,1.08334
163,-6.89707,16.7939,1.08334
165,-9.84626,16.6003,1.31126
163,-9.84626,16.6003,1.31126
165,-8.38325,16.8111,2.2883
163,-8.38325,16.8111,2.2883
165,-8.91199,17.0334,-0.830086
163,-8.91199,17.0334,-0.830086
165,-3.64453,20.3612,1.89117
163,-3.64453,20.3612,1.89117
165,-8.57463,30.6118,1.38968
163,-8.57463,30.6118,1.38968
165,-5.97728,18.6994,2.00637
163,-5.97728,18.6994,2.00637
165,-4.41952,21.091,1.90462
163,-4.41952,21.091,1.90462
165,-8.40449,17.7163,0.295919
163,-8.40449,17.7163,0.295919
165,-8.95015,16.1968,3.06374
163,-8.95015,16.1968,3.06374
165,-8.38766,18.6107,-0.0874905
162,-8.38766,18.6107,-0.0874905
165,-8.00936,16.313,-1.01603
162,-8.00936,16.313,-1.01603
165,-8.05055,16.2355,-0.953547
162,-8.05055,16.2355,-0.953547
165,-10.2665,16.1582,2.62522
162,-10.2665,16.1582,2.62522
165,-8.3679,17.1845,-0.969981
162,-8.3679,17.1845,-0.969981
165,-10.3505,19.3997,-1.28455
162,-10.3505,19.3997,-1.28455
165,-10.41,17.6436,0.399912
162,-10.41,17.6436,0.399912
165,-12.3253,16.8462,1.36122
162,-12.3253,16.8462,1.36122
165,-11.2328,17.1003,1.33029
162,-11.2328,17.1003,1.33029
165,-9.3633,19.4123,3.2487
161,-9.3633,19.4123,3.2487
165,-7.79963,16.5517,0.590932
161,-7.79963,16.5517,0.590932
165,-9.76894,18.6923,4.19904
161,-9.76894,18.6923,4.19904
165,-8.98247,17.3582,1.17636
161,-8.98247,17.3582,1.17636
165,-12.351,16.0941,1.14501
161,-12.351,16.0941,1.14501
165,-9.98877,17.0274,1.16703
160,-9.98877,17.0274,1.16703
165,-9.887,16.0856,2.80759
160,-9.887,16.0856,2.80759
165,-12.352,17.2653,1.58345
160,-12.352,17.2653,1.58345
165,-10.3169,19.382,-1.30404
158,-10.3169,19.382,-1.30404
166,-9.12774,10.8038,2.79012
166,-9.04512,10.9256,2.6715
166,-8.00285,12.9121,0.855322
166,-8.0121,13.0404,0.811204
166,-7.2302,13.0893,0.683009
166,-7.58573,13.1268,0.685669
166,-8.02477,13.2901,0.826234
166,-7.96885,13.4173,0.871331
166,-7.52848,13.4149,0.769097
166,-7.5889,13.5031,0.775384
166,-7.60257,13.5162,0.790286
166,-7.2843,13.4961,0.765412
166,-6.92297,13.4631,0.766977
166,-7.47542,13.5038,0.702657
166,-7.57142,13.5326,0.753886
166,-6.92345,13.4697,0.750823
166,-6.92952,13.4741,0.751786
166,-7.58052,13.5724,0.739554
166,-6.5399,13.488,0.716335
166,-7.63916,13.7583,1.28341
166,-6.54129,13.5038,0.692812
166,-6.5361,13.5123,0.686296
166,-7.84312,13.8361,0.800081
166,-7.47985,14.0645,1.1231
166,-7.60134,14.0252,0.792839
166,-7.22817,14.0024,0.81266
166,-7.07661,14.0342,0.838326
166,-6.14723,13.9704,0.513979
166,-7.766,14.2244,0.778518
166,-6.15087,14.0042,0.506264
166,-6.34827,14.1341,0.690083
166,-6.36405,14.1455,0.695517
166,-6.32494,14.1928,0.6714
166,-7.49405,14.4274,0.951429
166,-5.89703,14.3981,1.39939
166,-7.2912,14.4173,0.935828
166,-7.26789,14.4615,0.911216
166,-6.02696,14.5433,1.46942
166,-6.15161,14.3707,0.56383
166,-6.04841,14.9946,2.92704
166,-7.75294,15.0935,2.57559
166,-7.6864,15.2759,3.09683
166,-5.67049,14.6795,1.28447
166,-12.1692,15.1966,0.792466
166,-5.81804,14.8131,1.38126
166,-8.28471,15.3816,2.4894
166,-11.3583,15.7103,2.55414
166,-7.81663,14.9527,0.872058
166,-11.2035,15.8973,3.08732
166,-6.41343,14.8316,0.674587
166,-5.64826,14.9206,1.2842
166,-6.3965,14.8563,0.662224
166,-8.26217,15.5083,2.48993
166,-6.38778,14.8692,0.658317
166,-7.31515,15.6191,3.17624
166,-5.80863,15.4059,2.77899
166,-8.94433,15.7991,2.98286
166,-9.15378,14.9643,-0.415784
166,-8.95137,15.7381,2.69871
166,-9.15434,14.9802,-0.437879
166,-7.3845,15.7132,3.1128
166,-8.8907,15.8411,3.02993
166,-7.8556,15.3817,1.57871
166,-8.11661,15.7548,2.84763
166,-10.2943,16.0032,2.93566
166,-8.8325,15.8914,3.05502
166,-9.55878,15.9798,3.11375
166,-9.5602,15.8479,2.53758
166,-8.09905,15.8091,2.87083
166,-8.11713,15.7493,2.6109
166,-7.91112,14.9185,-0.641333
166,-12.2626,15.6208,0.451307
166,-8.90394,15.9166,2.80003
166,-7.90108,14.9636,-0.674798
166,-9.96518,16.1502,3.1125
166,-9.96839,16.1554,3.11078
166,-12.2042,15.9424,1.38783
166,-5.71961,15.6228,2.59396
166,-9.54282,15.9958,2.5303
166,-7.16042,15.5621,1.6782
166,-7.21418,16.0735,3.67646
166,-8.76986,16.1236,3.07568
166,-7.83924,16.0582,3.12706
166,-5.95775,15.9149,3.12996
166,-10.4414,16.2171,2.5732
166,-8.39579,16.3121,3.72496
166,-12.1382,16.0298,1.0327
166,-8.31437,15.2807,-0.695525
166,-7.75744,16.2492,3.21614
166,-12.2552,15.9723,0.323
166,-7.85127,16.0537,2.21159
166,-10.3902,16.3865,2.44154
166,-11.7179,15.9883,0.324761
166,-9.99625,16.535,3.13388
166,-11.7512,16.0431,0.357375
166,-5.88006,16.1126,2.80373
166,-8.24464,16.4697,3.29579
166,-7.86529,16.4603,3.22767
166,-9.95013,16.494,2.5053
166,-9.35506,16.6177,3.21077
166,-5.42676,16.1867,2.97272
166,-8.95451,16.5834,3.07938
166,-6.63433,16.388,3.14738
166,-7.70802,16.5254,3.25868
166,-7.90041,16.5761,3.33761
166,-7.892,16.0134,1.03179
166,-4.48384,16.2313,3.15255
166,-4.55912,16.2599,3.15947
166,-9.36278,16.7442,3.21563
166,-5.096,15.8593,1.329
166,-5.75598,16.0732,1.85144
166,-5.3763,16.2759,2.7138
166,-7.5413,16.1904,1.53555
166,-7.80363,16.3735,2.14583
166,-7.78657,16.3845,2.15167
166,-10.2211,16.8915,3.17426
166,-4.58695,15.8914,1.30458
166,-9.37132,16.8526,3.22496
166,-5.79512,16.1838,1.84396
166,-6.41356,16.1496,1.46099
166,-7.07885,16.2676,1.59179
166,-6.24594,16.1549,1.45445
166,-8.58729,15.7643,-1.01425
166,-7.82864,16.2131,0.980171
166,-7.68743,16.0203,0.184673
166,-7.09461,16.2832,1.45242
166,-8.28684,16.1087,0.29109
166,-6.08397,16.6494,3.23791
166,-12.6356,17.4991,4.06723
166,-6.38234,16.2348,1.44742
166,-8.92726,16.0739,-0.235308
166,-4.1272,16.0674,1.53216
166,-6.48932,16.4055,1.93862
166,-4.38664,16.0447,1.26929
166,-5.64662,16.3571,2.02129
166,-7.66066,16.0937,0.164008
166,-7.0929,16.3743,1.48526
166,-7.15673,16.377,1.44833
166,-8.38587,16.3385,0.777098
166,-7.7796,16.5377,1.76154
166,-9.22065,16.0378,-0.788759
166,-5.56934,16.3339,1.79518
166,-6.7489,16.3794,1.4788
166,-5.71084,16.2627,1.41515
166,-7.03272,16.4322,1.51406
166,-5.28867,16.2934,1.59384
166,-5.8309,16.2764,1.28905
166,-5.9837,16.4061,1.65144
166,-5.58428,16.3277,1.4761
166,-5.54138,16.4536,1.97491
166,-5.59129,16.3145,1.39626
166,-5.80994,16.3077,1.27281
166,-12.6244,17.5151,3.42943
166,-5.65489,16.328,1.40197
166,-4.29255,16.1615,1.25543
166,-10.0098,16.7819,1.50476
166,-12.6142,17.543,3.48621
166,-4.00839,16.2016,1.48117
166,-8.32591,16.4357,0.736698
166,-8.95302,16.1649,-0.591606
166,-6.59103,16.422,1.33883
166,-4.32101,16.1904,1.2366
166,-7.74795,16.6511,1.73715
166,-10.0453,16.7632,1.27443
166,-9.8707,16.8336,1.52799
166,-10.0222,16.7818,1.25116
166,-10.0117,16.8407,1.4882
166,-9.98452,16.9669,1.99506
166,-10.5824,16.8891,1.45415
166,-5.48065,16.4806,1.77167
166,-5.49791,16.4067,1.46356
166,-8.95043,16.2173,-0.630485
166,-8.25002,16.3534,0.168456
166,-4.95423,16.8175,3.26564
166,-9.97112,16.8895,1.59959
166,-8.33058,16.5648,0.91001
166,-7.66515,16.1382,-0.550392
166,-6.49024,16.5659,1.59617
166,-5.54466,16.3815,1.22333
166,-8.99342,16.8963,1.88253
166,-7.66814,16.1293,-0.653148
166,-10.3343,17.5814,4.0003
166,-4.41474,16.8062,3.18772
166,-5.99537,16.4821,1.24185
166,-5.42848,16.4234,1.21403
166,-7.65408,16.8632,2.05251
166,-5.98185,16.5113,1.23986
166,-5.65541,16.3311,0.644172
166,-7.54731,17.349,3.93995
166,-6.44985,16.6516,1.57493
166,-10.3482,17.6496,4.02752
166,-4.94243,16.5101,1.58255
166,-7.76403,16.2439,-0.608835
166,-5.26791,16.5416,1.53298
166,-11.6914,16.9674,0.695337
166,-7.73121,16.234,-0.735109
166,-7.44006,16.5659,0.680121
166,-8.26422,16.7715,1.15161
166,-8.2523,16.6885,0.818476
166,-8.98042,16.8759,1.16413
166,-12.7947,17.8393,3.46852
166,-9.31306,17.191,2.1943
166,-8.29246,17.1398,2.32316
166,-8.31425,17.1538,2.22489
166,-5.73456,16.6482,1.20206
166,-8.96759,16.9542,1.14449
166,-5.12204,16.7035,1.54449
166,-4.38006,16.5451,1.1584
166,-10.3219,17.6568,3.2638
166,-8.19048,17.1948,2.22165
166,-8.48346,16.9486,1.12117
166,-10.3249,17.1579,1.22514
166,-9.44446,16.7257,3.1373
165,-9.44446,16.7257,3.1373
166,-6.22724,16.6852,1.52523
165,-6.22724,16.6852,1.52523
166,-6.13059,16.4281,1.27796
165,-6.13059,16.4281,1.27796
166,-8.31179,16.51,1.49213
165,-8.31179,16.51,1.49213
166,-11.5923,20.3614,-4.00118
165,-11.5923,20.3614,-4.00118
166,-9.71084,15.6736,3.09123
165,-9.71084,15.6736,3.09123
166,-9.64906,16.5102,3.2001
165,-9.64906,16.5102,3.2001
166,-10.4004,17.0157,1.16258
165,-10.4004,17.0157,1.16258
166,-9.80854,19.4931,3.25068
165,-9.80854,19.4931,3.25068
166,-8.06231,16.2003,-0.945518
165,-8.06231,16.2003,-0.945518
166,-8.91458,19.72,4.28537
165,-8.91458,19.72,4.28537
166,-7.0873,15.7782,3.1151
165,-7.0873,15.7782,3.1151
166,-9.80529,19.2728,4.28146
165,-9.80529,19.2728,4.28146
166,-6.23654,17.3434,-0.0335257
165,-6.23654,17.3434,-0.0335257
166,-10.443,17.3497,1.07506
165,-10.443,17.3497,1.07506
166,-4.58662,19.2892,2.21684
165,-4.58662,19.2892,2.21684
166,-6.30035,17.59,0.0581802
165,-6.30035,17.59,0.0581802
166,-7.1661,16.4074,1.432
165,-7.1661,16.4074,1.432
166,-9.44227,18.5851,4.01158
165,-9.44227,18.5851,4.01158
166,-8.476,16.746,-0.681859
165,-8.476,16.746,-0.681859
166,-5.85679,15.3251,2.78967
165,-5.85679,15.3251,2.78967
166,-5.93529,15.3445,2.59647
165,-5.93529,15.3445,2.59647
166,-6.02029,17.2522,1.08312
165,-6.02029,17.2522,1.08312
166,-4.31283,17.9749,4.03688
165,-4.31283,17.9749,4.03688
166,-5.29942,18.2587,4.04897
165,-5.29942,18.2587,4.04897
166,-8.9735,18.9123,4.15637
165,-8.9735,18.9123,4.15637
166,-5.809,15.4974,2.59223
165,-5.809,15.4974,2.59223
166,-4.63935,17.8491,2.28514
165,-4.63935,17.8491,2.28514
166,-4.59253,17.5829,3.97998
165,-4.59253,17.5829,3.97998
166,-11.2518,19.5399,-2.71453
165,-11.2518,19.5399,-2.71453
166,-12.4477,18.994,0.0151664
165,-12.4477,18.994,0.0151664
166,-9.77137,17.9145,4.04973
165,-9.77137,17.9145,4.04973
166,-5.81152,17.3221,3.88952
165,-5.81152,17.3221,3.88952
166,-9.63139,19.0937,4.23739
165,-9.63139,19.0937,4.23739
166,-4.07321,16.9348,1.03752
165,-4.07321,16.9348,1.03752
166,-9.03176,18.0612,4.05089
165,-9.03176,18.0612,4.05089
166,-9.3608,10.8543,2.81155
165,-9.3608,10.8543,2.81155
166,-10.2848,17.252,3.93778
165,-10.2848,17.252,3.93778
166,-9.04093,15.9147,-0.186117
165,-9.04093,15.9147,-0.186117
166,-4.96465,16.8175,1.10457
165,-4.96465,16.8175,1.10457
166,-6.02666,15.4196,2.95885
165,-6.02666,15.4196,2.95885
166,-11.4723,22.6017,-2.75662
164,-11.4723,22.6017,-2.75662
166,-10.3251,17.5787,1.32303
164,-10.3251,17.5787,1.32303
166,-6.46047,17.7452,0.162519
164,-6.46047,17.7452,0.162519
166,-8.70822,16.931,1.30814
164,-8.70822,16.931,1.30814
166,-7.8705,16.5574,-0.915971
164,-7.8705,16.5574,-0.915971
166,-3.05111,85.984,14.4819
164,-3.05111,85.984,14.4819
166,-5.40482,59.6729,10.4712
164,-5.40482,59.6729,10.4712
166,-8.0918,19.762,2.20495
164,-8.0918,19.762,2.20495
166,-12.7003,17.2974,1.95429
164,-12.7003,17.2974,1.95429
166,-12.9498,17.2204,2.2029
164,-12.9498,17.2204,2.2029
166,-6.28635,49.935,8.94671
164,-6.28635,49.935,8.94671
166,-12.0288,19.5336,-1.12377
164,-12.0288,19.5336,-1.12377
166,-6.33232,18.0445,2.04823
164,-6.33232,18.0445,2.04823
166,-5.49862,16.272,1.27027
164,-5.49862,16.272,1.27027
166,-3.95304,19.8995,1.97208
164,-3.95304,19.8995,1.97208
166,-8.13797,16.8736,-0.15656
163,-8.13797,16.8736,-0.15656
166,-10.1248,18.9372,-0.887792
163,-10.1248,18.9372,-0.887792
166,-11.4862,20.1778,-1.60212
163,-11.4862,20.1778,-1.60212
166,-11.3328,19.848,-3.52015
163,-11.3328,19.848,-3.52015
166,-12.1172,19.3549,-1.1937
163,-12.1172,19.3549,-1.1937
166,-7.24718,36.0612,6.72565
163,-7.24718,36.0612,6.72565
166,-8.09868,19.7025,2.20706
163,-8.09868,19.7025,2.20706
166,-11.7845,17.0936,2.48171
163,-11.7845,17.0936,2.48171
166,-12.491,17.3199,1.94677
163,-12.491,17.3199,1.94677
166,-7.77843,16.7511,-0.0802157
163,-7.77843,16.7511,-0.0802157
166,-7.11218,14.7809,0.772832
163,-7.11218,14.7809,0.772832
166,-7.85698,16.5656,0.0239369
163,-7.85698,16.5656,0.0239369
166,-8.15979,17.377,2.36428
162,-8.15979,17.377,2.36428
166,-8.30988,17.487,2.11995
162,-8.30988,17.487,2.11995
166,-8.43058,17.0052,2.16257
162,-8.43058,17.0052,2.16257
166,-12.4441,17.1946,2.12869
162,-12.4441,17.1946,2.12869
166,-10.4883,19.4982,-1.20093
162,-10.4883,19.4982,-1.20093
166,-8.25247,16.4414,-0.770661
162,-8.25247,16.4414,-0.770661
166,-9.28638,18.7883,2.02308
162,-9.28638,18.7883,2.02308
166,-12.5636,17.4061,1.24012
162,-12.5636,17.4061,1.24012
166,-7.98607,15.7743,2.72527
161,-7.98607,15.7743,2.72527
166,-7.93763,15.8966,2.72387
161,-7.93763,15.8966,2.72387
166,-7.14364,17.5032,0.353174
161,-7.14364,17.5032,0.353174
166,-10.0221,19.0207,-0.998056
161,-10.0221,19.0207,-0.998056
166,-10.7854,16.1385,3.09961
160,-10.7854,16.1385,3.09961
166,-10.3113,17.6801,3.55363
160,-10.3113,17.6801,3.55363
166,-12.3556,17.2221,1.5792
160,-12.3556,17.2221,1.5792
166,-11.5193,16.2035,3.10352
156,-11.5193,16.2035,3.10352
166,-12.5682,17.3619,2.16561
156,-12.5682,17.3619,2.16561
166,-12.2641,15.5189,0.879557
155,-12.2641,15.5189,0.879557
167,-8.09649,11.9508,1.94914
167,-7.1843,12.9492,0.79192
167,-7.17352,12.9564,0.778928
167,-7.292,13.0095,0.723461
167,-7.29277,13.0381,0.695299
167,-7.86845,13.1754,0.794738
167,-8.01182,13.3205,0.783305
167,-6.57588,13.2301,0.716055
167,-6.48129,13.2477,0.660815
167,-6.53031,13.2744,0.69063
167,-6.53618,13.2741,0.68532
167,-7.24046,13.4402,0.787728
167,-7.95952,13.5598,0.808964
167,-7.23203,13.4515,0.775801
167,-7.97921,13.563,0.785177
167,-6.96043,13.428,0.765721
167,-7.96264,13.5871,0.765821
167,-6.95193,13.4471,0.752717
167,-6.93689,13.4481,0.750607
167,-7.27571,13.5174,0.737174
167,-6.94347,13.4831,0.781792
167,-7.00063,13.5963,0.830593
167,-7.28892,13.6839,0.775987
167,-6.49485,13.5737,0.638094
167,-6.92003,13.6788,0.764167
167,-7.43403,13.8289,0.75487
167,-7.42043,13.8353,0.746652
167,-7.42852,13.8492,0.74475
167,-6.80559,13.8192,0.900053
167,-6.81058,13.8249,0.900519
167,-6.77909,13.8504,0.880073
167,-6.77355,13.8844,0.85964
167,-7.25947,13.9726,0.818284
167,-6.74966,13.9223,0.840131
167,-7.5894,14.0576,0.746901
167,-7.59926,14.0654,0.734377
167,-7.58592,14.0669,0.737413
167,-6.55215,13.9058,0.635906
167,-5.54401,13.9708,1.28309
167,-7.05056,14.0765,0.79942
167,-6.64664,14.0435,0.720327
167,-6.75837,14.068,0.665167
167,-7.23629,14.2627,0.833626
167,-6.69873,14.1261,0.501138
167,-6.3134,14.0815,0.545269
167,-7.3879,14.3099,0.800245
167,-7.21662,14.3128,0.80683
167,-6.67796,14.2019,0.591743
167,-6.24685,14.1756,0.489045
167,-6.37985,14.4101,0.70967
167,-6.93417,14.6745,0.779553
167,-7.46193,14.7534,0.678077
167,-7.809,14.8429,0.79981
167,-5.96453,14.5484,0.343055
167,-6.87329,14.786,0.718706
167,-7.63013,14.9307,0.694442
167,-11.2041,16.0066,3.09256
167,-7.46373,15.4968,3.09642
167,-6.47078,14.8404,0.818134
167,-7.78005,15.0431,0.803028
167,-5.51333,14.8178,1.21265
167,-11.2367,16.0768,3.10133
167,-5.39908,14.5562,0.0704069
167,-5.81344,15.2942,2.94643
167,-5.8152,15.3092,2.94706
167,-8.90126,15.7705,3.00822
167,-7.74938,15.0936,0.782458
167,-5.80368,15.2776,2.73091
167,-7.75384,15.1018,0.779914
167,-5.64837,15.343,3.10277
167,-8.25277,15.5867,2.47343
167,-5.54558,14.6987,0.243281
167,-5.79157,15.3458,2.83823
167,-9.96692,16.0154,3.10492
167,-7.59676,15.549,2.53563
167,-5.77416,15.3371,2.72227
167,-10.379,15.9649,2.59195
167,-5.75738,15.38,2.9074
167,-5.47526,15.4028,3.10631
167,-5.49559,14.7234,0.16608
167,-10.2658,15.9789,2.62254
167,-8.97241,15.8118,2.67939
167,-5.4392,15.4119,3.10405
167,-6.93023,15.6419,3.16129
167,-5.74523,15.3729,2.71858
167,-5.60169,15.0347,1.2767
167,-7.00967,15.6729,3.11777
167,-5.34129,15.4366,3.11329
167,-6.9779,15.6721,3.11589
167,-5.46138,14.7721,0.170186
167,-6.98844,15.6853,3.12053
167,-8.11558,15.7862,2.85715
167,-10.303,16.124,2.94331
167,-5.44715,15.4865,3.11373
167,-8.99601,15.893,2.67482
167,-5.65729,15.4853,2.89904
167,-8.23865,15.7795,2.53954
167,-9.56658,15.9673,2.52748
167,-11.5652,15.7019,0.160361
167,-6.87732,15.7524,3.15736
167,-6.31413,15.122,0.716344
167,-6.99891,15.7923,3.11825
167,-5.38632,14.8421,-0.015486
167,-8.2251,15.8609,2.53203
167,-7.31333,15.8848,3.14304
167,-6.39948,15.1875,0.707213
167,-5.75661,15.5602,2.57861
167,-9.10858,15.456,-0.0904839
167,-5.2703,15.6704,3.12571
167,-6.36118,15.2572,0.649799
167,-5.279,14.943,-0.104164
167,-8.29014,16.1866,3.28043
167,-9.16257,15.5184,-0.162202
167,-5.24566,14.9983,-0.148145
167,-8.13976,16.0413,2.44917
167,-8.25672,16.2874,3.2956
167,-8.1811,16.2876,3.28432
167,-5.13386,15.8262,3.13984
167,-4.35175,15.1741,0.714477
167,-5.63979,15.8343,2.61071
167,-8.21803,16.3665,3.24135
167,-8.23364,16.4369,3.24853
167,-4.46085,15.9046,3.14036
167,-9.03545,15.8183,-0.142424
167,-8.21248,16.0697,1.39399
167,-10.1596,16.79,3.21853
167,-10.4707,17.0358,4.04551
167,-9.0349,15.8846,-0.189234
167,-4.09385,15.4793,0.996671
167,-6.6365,16.0792,1.97684
167,-11.1463,16.6072,1.44018
167,-3.97121,15.5468,0.976466
167,-5.82711,15.9951,1.64612
167,-7.37827,15.9815,0.475745
167,-8.19042,16.3158,1.38765
167,-7.89864,16.3157,1.472
167,-3.89662,15.6203,0.942876
167,-7.14928,16.2729,1.62879
167,-8.15646,16.3665,1.30427
167,-8.95799,16.0616,-0.536555
167,-7.57118,16.2907,1.21432
167,-8.96244,16.0843,-0.560421
167,-8.95728,16.0999,-0.567374
167,-11.4243,16.9442,1.53529
167,-11.2574,16.8777,1.23621
167,-7.72706,15.8827,-0.905065
167,-7.16158,16.3217,1.24912
167,-7.07182,16.4962,2.00528
167,-9.90288,16.7898,1.50993
167,-9.98248,16.8229,1.599
167,-7.12014,16.3276,1.21344
167,-11.2774,16.9632,1.38977
167,-7.80209,16.4264,1.21645
167,-7.79498,16.4292,1.21466
167,-8.27005,16.5431,1.40204
167,-7.24091,16.7344,2.79387
167,-9.92547,16.8153,1.48433
167,-9.98921,16.8515,1.58142
167,-5.70966,16.1514,1.17909
167,-5.63509,16.202,1.42287
167,-9.05703,16.1582,-0.888656
167,-7.63547,16.1943,0.0953295
167,-7.74007,16.0485,-0.619841
167,-7.65016,16.1986,0.0754919
167,-9.05485,16.2992,-0.368472
167,-8.28707,16.4426,0.709024
167,-7.78677,16.5125,1.20113
167,-8.27855,16.5856,1.18826
167,-5.01444,16.2096,1.57194
167,-8.26408,16.6284,1.37503
167,-7.76707,16.6445,1.73879
167,-8.24043,16.3477,0.156202
167,-11.507,17.0932,1.34173
167,-10.4981,16.9597,1.35378
167,-8.36489,16.5768,0.925027
167,-7.99437,16.1206,-0.807331
167,-5.57734,16.3125,1.46694
167,-10.4749,16.986,1.34869
167,-8.57955,16.8755,1.9689
167,-8.57941,16.8777,1.9686
167,-5.5899,16.3642,1.5674
167,-4.13198,16.1779,1.60137
167,-5.95388,16.4554,1.63901
167,-8.25287,16.724,1.35156
167,-5.49547,16.3069,1.24321
167,-5.23001,16.2509,1.12916
167,-4.93913,16.29,1.44736
167,-11.4582,17.2415,1.49745
167,-5.20897,16.3687,1.56029
167,-8.08567,16.1915,-0.961904
167,-7.59251,17.1239,3.30674
167,-5.93039,16.4957,1.62459
167,-8.62231,16.3043,-0.860245
167,-8.23273,16.4747,0.0982671
167,-4.12983,16.1609,1.22357
167,-4.06615,16.1576,1.20911
167,-7.74413,16.7972,1.69445
167,-10.4979,17.0997,1.30013
167,-5.19401,16.2875,1.06133
167,-7.84505,16.5693,0.639739
167,-5.54253,16.4545,1.50665
167,-4.2526,16.242,1.35917
167,-7.73707,16.7575,1.42625
167,-5.17981,16.3485,1.21799
167,-6.48581,16.5831,1.40744
167,-7.72212,16.9975,2.4028
167,-5.11097,16.3807,1.35585
167,-3.7547,16.1512,1.19682
167,-4.84377,16.3639,1.42777
167,-8.62391,16.3489,-0.99438
167,-5.1602,16.4438,1.53197
167,-8.25902,16.6765,0.629103
167,-3.73271,16.1764,1.22461
167,-8.76055,16.9221,1.30181
167,-10.2527,17.3936,2.38753
167,-4.83363,16.3988,1.40424
167,-6.02167,16.5333,1.20317
167,-5.67456,16.4889,1.22546
167,-3.88843,16.2318,1.18982
167,-8.57913,16.8815,1.09913
167,-5.34796,16.4938,1.33273
167,-8.94779,17.0063,1.28914
167,-8.9566,16.6838,-0.107127
167,-8.49201,16.9451,1.28573
167,-8.57699,16.4224,-1.01014
167,-6.26244,16.628,1.26391
167,-8.32442,17.1749,2.31019
167,-4.69991,16.4022,1.18754
167,-8.48154,16.9816,1.33751
167,-4.68048,16.468,1.42832
167,-8.69259,16.504,-0.876138
167,-4.01154,16.2988,1.08987
167,-4.89038,16.4309,1.10397
167,-5.02895,16.5037,1.32752
167,-4.63168,16.4204,1.1929
167,-10.4475,17.2325,1.1027
167,-5.026,16.5083,1.31395
167,-8.20153,16.6154,-0.190161
167,-8.34355,17.1832,2.13092
167,-4.52319,17.8863,2.32658
166,-4.52319,17.8863,2.32658
167,-8.04688,15.5778,2.72964
166,-8.04688,15.5778,2.72964
167,-5.6642,16.7121,1.17767
166,-5.6642,16.7121,1.17767
167,-4.22727,19.2804,1.93607
166,-4.22727,19.2804,1.93607
167,-5.71845,16.2219,1.49604
166,-5.71845,16.2219,1.49604
167,-10.4056,18.6521,-1.94293
166,-10.4056,18.6521,-1.94293
167,-4.44802,17.7566,1.88801
166,-4.44802,17.7566,1.88801
167,-8.02315,15.6584,-1.02443
166,-8.02315,15.6584,-1.02443
167,-5.96449,17.7654,0.0834191
166,-5.96449,17.7654,0.0834191
167,-9.57609,18.5043,3.36431
166,-9.57609,18.5043,3.36431
167,-9.37089,17.3994,0.466943
166,-9.37089,17.3994,0.466943
167,-10.0674,19.3162,-1.21496
166,-10.0674,19.3162,-1.21496
167,-8.27433,16.1223,3.23747
166,-8.27433,16.1223,3.23747
167,-4.31147,18.1629,1.9501
166,-4.31147,18.1629,1.9501
167,-5.29244,18.9462,-0.696134
166,-5.29244,18.9462,-0.696134
167,-6.03516,17.6229,0.129159
166,-6.03516,17.6229,0.129159
167,-10.4025,18.0236,1.58348
166,-10.4025,18.0236,1.58348
167,-4.19492,18.1309,1.8432
166,-4.19492,18.1309,1.8432
167,-7.20602,14.0737,0.746651
166,-7.20602,14.0737,0.746651
167,-2.65437,18.4166,3.69528
166,-2.65437,18.4166,3.69528
167,-10.4,18.5712,4.0298
166,-10.4,18.5712,4.0298
167,-4.47951,18.1044,2.08426
166,-4.47951,18.1044,2.08426
167,-8.55085,16.3942,1.47634
166,-8.55085,16.3942,1.47634
167,-7.74025,15.8869,-0.506254
166,-7.74025,15.8869,-0.506254
167,-6.33052,16.9719,0.387832
166,-6.33052,16.9719,0.387832
167,-8.56155,29.5262,5.80572
166,-8.56155,29.5262,5.80572
167,-8.94546,15.8843,2.98488
166,-8.94546,15.8843,2.98488
167,-12.4723,18.9666,-2.02675
166,-12.4723,18.9666,-2.02675
167,-10.3441,18.64,3.931
166,-10.3441,18.64,3.931
167,-8.28383,16.6611,-0.839227
166,-8.28383,16.6611,-0.839227
167,-3.1256,17.8332,3.62968
166,-3.1256,17.8332,3.62968
167,-4.46772,18.3797,3.25897
166,-4.46772,18.3797,3.25897
167,-11.8403,18.8899,-0.865026
166,-11.8403,18.8899,-0.865026
167,-10.2931,18.8427,3.22601
166,-10.2931,18.8427,3.22601
167,-5.57347,16.3204,1.80884
166,-5.57347,16.3204,1.80884
167,-4.45629,17.45,1.96934
166,-4.45629,17.45,1.96934
167,-4.25819,18.3007,2.28779
166,-4.25819,18.3007,2.28779
167,-3.73766,16.3811,0.919
166,-3.73766,16.3811,0.919
167,-6.34892,17.1195,0.113889
166,-6.34892,17.1195,0.113889
167,-4.53913,17.6171,3.95532
166,-4.53913,17.6171,3.95532
167,-2.99159,17.9159,2.11468
166,-2.99159,17.9159,2.11468
167,-6.42475,16.7138,2.27945
166,-6.42475,16.7138,2.27945
167,-8.59524,19.7584,4.30432
166,-8.59524,19.7584,4.30432
167,-3.16369,17.7567,3.65325
166,-3.16369,17.7567,3.65325
167,-10.4176,18.6284,4.02012
166,-10.4176,18.6284,4.02012
167,-10.0382,19.1344,-1.0514
166,-10.0382,19.1344,-1.0514
167,-2.86854,18.0761,2.08875
166,-2.86854,18.0761,2.08875
167,-4.14856,18.5314,1.95466
166,-4.14856,18.5314,1.95466
167,-12.3843,20.2603,-1.57172
166,-12.3843,20.2603,-1.57172
167,-10.4476,18.2973,4.10948
166,-10.4476,18.2973,4.10948
167,-2.94885,17.9542,2.1418
166,-2.94885,17.9542,2.1418
167,-8.66107,18.8833,4.17691
166,-8.66107,18.8833,4.17691
167,-6.30153,20.8927,4.54478
166,-6.30153,20.8927,4.54478
167,-2.65954,18.285,2.14062
166,-2.65954,18.285,2.14062
167,-9.32158,18.4447,2.05196
166,-9.32158,18.4447,2.05196
167,-12.5245,20.6361,-1.74955
166,-12.5245,20.6361,-1.74955
167,-10.0725,18.3289,0.114963
165,-10.0725,18.3289,0.114963
167,-9.35185,18.4788,2.00105
165,-9.35185,18.4788,2.00105
167,-8.34166,16.5039,-1.13322
165,-8.34166,16.5039,-1.13322
167,-7.42582,13.2127,0.830843
165,-7.42582,13.2127,0.830843
167,-10.2309,19.2566,-3.08841
165,-10.2309,19.2566,-3.08841
167,-5.33026,17.6538,0.13929
165,-5.33026,17.6538,0.13929
167,-7.19194,17.2735,0.36141
165,-7.19194,17.2735,0.36141
167,-6.26248,18.2239,1.97991
165,-6.26248,18.2239,1.97991
167,-7.00821,15.7411,2.7319
165,-7.00821,15.7411,2.7319
167,-8.35681,17.1562,2.03483
165,-8.35681,17.1562,2.03483
167,-5.17287,17.3878,0.235298
165,-5.17287,17.3878,0.235298
167,-8.01366,32.0589,6.18917
165,-8.01366,32.0589,6.18917
167,-5.25642,17.2597,0.290126
165,-5.25642,17.2597,0.290126
167,-8.1382,30.3603,5.92447
165,-8.1382,30.3603,5.92447
167,-8.44729,17.5415,0.329352
165,-8.44729,17.5415,0.329352
167,-9.19897,17.2523,0.479363
165,-9.19897,17.2523,0.479363
167,-7.06376,14.9801,2.43355
165,-7.06376,14.9801,2.43355
167,-8.47029,16.5603,2.2675
165,-8.47029,16.5603,2.2675
167,-6.3412,18.5663,2.75313
164,-6.3412,18.5663,2.75313
167,-9.22558,17.287,0.442202
164,-9.22558,17.287,0.442202
167,-7.9094,16.3749,-0.677922
164,-7.9094,16.3749,-0.677922
167,-10.322,17.5874,3.58267
164,-10.322,17.5874,3.58267
167,-8.66196,16.574,1.44675
164,-8.66196,16.574,1.44675
167,-9.85099,18.747,4.16351
164,-9.85099,18.747,4.16351
167,-10.1573,18.6337,0.759878
164,-10.1573,18.6337,0.759878
167,-10.3355,18.6803,3.93339
164,-10.3355,18.6803,3.93339
167,-11.5236,17.1061,1.32203
164,-11.5236,17.1061,1.32203
167,-8.63038,25.8983,5.2073
163,-8.63038,25.8983,5.2073
167,-9.22545,17.216,0.470549
163,-9.22545,17.216,0.470549
167,-5.33431,17.2058,0.315215
163,-5.33431,17.2058,0.315215
167,-11.2659,17.7285,0.0436504
163,-11.2659,17.7285,0.0436504
167,-10.3466,17.2211,1.17561
163,-10.3466,17.2211,1.17561
167,-11.305,17.4219,1.32432
163,-11.305,17.4219,1.32432
167,-10.2982,19.0379,-1.15618
161,-10.2982,19.0379,-1.15618
167,-10.049,19.043,-1.07309
161,-10.049,19.043,-1.07309
167,-8.76492,20.7407,4.54716
161,-8.76492,20.7407,4.54716
167,-8.77101,20.6981,4.54587
161,-8.77101,20.6981,4.54587
167,-11.3599,16.9648,1.96746
161,-11.3599,16.9648,1.96746
167,-10.4566,18.6194,-1.88917
160,-10.4566,18.6194,-1.88917
167,-10.4556,18.5265,-1.83918
160,-10.4556,18.5265,-1.83918
168,-8.33118,10.8474,2.57769
168,-7.51178,12.1852,2.51025
168,-7.53543,12.1838,2.48535
168,-7.94395,12.7189,3.20006
168,-8.00934,13.0835,2.50829
168,-6.02052,12.8238,1.33193
168,-5.97749,12.8402,1.32851
168,-5.87362,12.9498,1.30416
168,-8.00547,13.2133,0.844086
168,-6.04805,12.902,0.624126
168,-6.03024,12.9078,0.620707
168,-7.07834,13.1291,0.640747
168,-5.88659,13.1172,1.28689
168,-5.87058,13.133,1.28211
168,-7.91669,13.4525,0.830972
168,-5.77345,13.2242,1.22063
168,-7.93799,13.6635,1.38703
168,-7.61636,13.4821,0.78682
168,-6.57723,13.7658,2.6392
168,-7.28725,13.4978,0.753616
168,-7.27846,13.5112,0.738481
168,-6.62513,13.418,0.754982
168,-6.60994,13.4146,0.744989
168,-6.40866,13.4208,0.546133
168,-7.68488,13.751,0.930831
168,-5.7535,13.5734,1.45165
168,-6.37769,13.4649,0.513462
168,-6.58014,13.9934,2.29427
168,-7.20466,14.2419,2.66492
168,-7.61954,13.968,0.803822
168,-5.63732,13.7706,1.36606
168,-7.37929,14.4708,3.06536
168,-5.6161,13.8223,1.35103
168,-5.07634,13.6756,1.10793
168,-5.70306,14.0926,1.51288
168,-6.72113,14.1479,0.614369
168,-6.94986,14.2594,0.685852
168,-4.77308,13.9865,0.965149
168,-6.34973,14.1827,0.635342
168,-5.79561,14.2722,1.38476
168,-4.7265,13.994,0.950424
168,-6.32875,14.2242,0.62452
168,-8.79172,15.2675,2.68537
168,-5.99409,14.9279,2.9279
168,-5.81108,14.519,1.2565
168,-5.97809,14.9484,2.94158
168,-9.15685,14.7769,-0.117415
168,-7.81285,14.8415,0.910979
168,-6.15846,14.4941,0.474911
168,-5.81649,14.6588,1.40985
168,-5.57109,14.3536,0.260807
168,-5.57792,14.5912,1.24794
168,-5.58836,14.6105,1.25506
168,-7.78836,14.9027,0.895234
168,-5.56277,14.3791,0.25701
168,-7.81079,14.9215,0.891371
168,-5.52629,14.4169,0.223515
168,-6.01657,14.5234,0.308778
168,-5.90112,15.1026,2.73446
168,-10.2067,15.8899,2.9211
168,-5.66461,14.8076,1.31356
168,-8.29636,15.8352,3.77848
168,-8.29559,15.8409,3.78296
168,-7.07324,15.4811,3.11102
168,-6.97286,15.4715,3.13351
168,-7.78617,15.066,0.817129
168,-7.4374,15.5642,3.09863
168,-8.28451,15.8961,3.80628
168,-9.03328,15.4992,1.52596
168,-8.32839,15.9422,3.79922
168,-5.54766,15.3255,3.09747
168,-8.3061,15.9628,3.81374
168,-5.83229,15.3218,2.79784
168,-5.73219,15.3549,2.92761
168,-8.05992,15.758,2.54692
168,-9.13817,15.33,-0.0619533
168,-8.11222,15.8495,2.87465
168,-5.76057,15.4608,2.78999
168,-6.0141,14.8601,0.0203631
168,-5.2704,14.7506,-0.000148773
168,-9.13573,15.4398,-0.0554194
168,-9.05748,15.4644,-0.0530143
168,-6.18057,15.1335,0.584557
168,-11.0253,16.2221,1.7099
168,-5.16912,15.1377,1.29015
168,-10.6069,16.4108,2.71522
168,-6.28806,15.2396,0.647146
168,-9.07487,15.5397,-0.103066
168,-7.03553,15.9148,2.71632
168,-9.29056,16.0508,1.62526
168,-8.11316,16.0508,2.43962
168,-7.91882,16.2113,3.19298
168,-6.82163,16.0545,3.16846
168,-4.2238,15.2781,1.6374
168,-7.99518,16.3171,3.29817
168,-5.21814,15.0824,6.86646e-05
168,-9.08538,15.7511,-0.111632
168,-11.0621,16.4471,1.3709
168,-7.89235,16.3608,3.21529
168,-7.8364,16.5555,3.76018
168,-4.68699,15.8824,3.12153
168,-5.97599,15.4797,0.442607
168,-5.13378,15.207,-0.185966
168,-6.5928,16.2518,3.1445
168,-8.23764,16.3921,2.49811
168,-10.4767,17.1408,4.04795
168,-5.46993,15.2948,-0.185933
168,-10.3642,16.5149,1.44728
168,-6.58376,16.2866,3.1494
168,-6.19514,15.9057,1.75774
168,-4.46635,15.9397,3.12537
168,-5.08709,15.2633,-0.206573
168,-5.23536,15.666,1.39
168,-7.89779,16.5545,3.22339
168,-5.45048,15.3428,-0.231702
168,-10.1746,16.9412,3.14028
168,-5.07144,15.2843,-0.237052
168,-6.78888,16.3788,3.15176
168,-6.54999,16.3536,3.16047
168,-4.10081,15.5828,1.57201
168,-6.55213,16.3894,3.15483
168,-6.77569,16.4362,3.15928
168,-11.3698,16.8422,1.56278
168,-11.3125,16.855,1.59602
168,-3.93009,15.6154,1.56203
168,-7.87981,16.7031,3.30861
168,-7.86696,16.7234,3.32234
168,-11.2301,16.8434,1.39965
168,-7.22187,16.1532,1.32998
168,-5.8416,15.6934,0.3432
168,-2.91512,15.8251,2.94801
168,-5.01418,15.38,-0.579524
168,-4.98498,15.4024,-0.597899
168,-8.56389,16.0046,-0.646818
168,-9.42853,16.6524,1.47757
168,-7.74937,16.3109,1.23104
168,-5.86154,16.0784,1.58887
168,-7.18065,16.2735,1.44849
168,-5.09337,15.8964,1.31857
168,-9.42384,16.6702,1.4792
168,-8.3009,16.3177,0.764392
168,-11.4499,17.0023,1.36896
168,-9.07585,16.0906,-0.80843
168,-7.6131,16.8021,3.23875
168,-7.69916,15.9335,-0.554105
168,-7.87544,16.6822,2.44345
168,-7.81889,16.6624,2.31542
168,-9.91398,16.8112,1.40699
168,-7.08276,16.4754,2.00196
168,-7.08729,16.3141,1.25655
168,-9.16588,16.2768,-0.402489
168,-3.05067,15.5933,1.09122
168,-4.84769,15.951,1.30712
168,-9.68927,17.3981,3.93766
168,-9.07728,16.1672,-0.867316
168,-7.68863,16.0296,-0.485399
168,-5.07674,16.0124,1.28375
168,-7.8038,16.514,1.44904
168,-5.61715,16.1724,1.57229
168,-3.13371,15.7282,1.43136
168,-7.06465,16.3974,1.43181
168,-7.63875,16.6638,2.14367
168,-8.95908,16.248,-0.651023
168,-4.34934,15.9672,1.43207
168,-8.97072,16.7039,1.21578
168,-8.59218,16.8213,1.96084
168,-8.94605,16.2683,-0.666771
168,-5.72417,15.9361,0.206988
168,-5.72507,16.2617,1.54247
168,-7.74672,16.5984,1.4525
168,-8.99539,16.3697,-0.423109
168,-8.63142,16.756,1.47624
168,-9.94244,16.9843,1.46855
168,-9.93116,16.9934,1.48957
168,-4.82241,15.6098,-0.724972
168,-8.21548,16.8686,2.16232
168,-3.60926,15.9272,1.47352
168,-2.98339,15.8112,1.41365
168,-5.64336,16.304,1.57444
168,-8.54103,16.7556,1.38615
168,-7.69598,16.8549,2.4028
168,-3.30378,16.2918,3.15467
168,-6.55017,16.4105,1.31617
168,-8.93032,16.7825,1.16029
168,-7.71596,16.5836,1.18143
168,-6.80136,16.7123,2.37744
168,-10.3325,17.7123,4.02704
168,-6.56206,16.4011,1.17567
168,-5.25513,16.1684,1.1133
168,-9.97458,17.0543,1.46437
168,-8.92287,16.8405,1.30771
168,-5.48586,16.2619,1.268
168,-2.95578,15.8759,1.39512
168,-7.80606,16.9082,2.26649
168,-8.19911,16.2518,-0.817592
168,-6.07193,16.4137,1.38058
168,-5.66769,16.3792,1.4859
168,-8.62498,16.8525,1.36064
168,-10.2875,17.5874,3.26688
168,-3.51095,16.024,1.44346
168,-7.69241,16.9647,2.39615
168,-5.13623,16.3619,1.67579
168,-5.52509,16.3843,1.47918
168,-6.78621,16.814,2.378
168,-8.31196,16.361,-0.669712
168,-6.33394,16.5058,1.36852
168,-6.21383,16.4543,1.18741
168,-4.22032,16.1658,1.36107
168,-5.36386,16.4209,1.54842
168,-5.6641,16.4612,1.50169
168,-8.60639,17.1476,2.27072
168,-10.3229,17.1879,1.1922
168,-4.76893,16.3473,1.58689
168,-8.28704,17.1178,2.30218
168,-2.62807,15.9721,1.49255
168,-4.82689,16.3793,1.63314
168,-9.11295,17.2526,2.24785
168,-6.30316,16.5875,1.35115
168,-7.78613,17.0576,2.26899
168,-5.07824,16.4553,1.65363
168,-4.1707,16.2376,1.34786
168,-4.93999,16.3269,1.14301
168,-7.57086,16.7854,1.16153
168,-5.51715,16.4617,1.21723
168,-5.15794,16.3687,1.08054
168,-8.27497,16.9758,1.37193
168,-7.4584,17.2484,1.16513
167,-7.4584,17.2484,1.16513
168,-6.22233,18.4594,2.30589
167,-6.22233,18.4594,2.30589
168,-4.22389,17.8687,3.31982
167,-4.22389,17.8687,3.31982
168,-5.76968,15.5407,2.845
167,-5.76968,15.5407,2.845
168,-7.26087,18.415,3.73404
167,-7.26087,18.415,3.73404
168,-6.78571,14.8365,0.782675
167,-6.78571,14.8365,0.782675
168,-5.61284,17.0974,0.356504
167,-5.61284,17.0974,0.356504
168,-9.37948,19.2228,1.91389
167,-9.37948,19.2228,1.91389
168,-4.02721,17.3345,3.20395
167,-4.02721,17.3345,3.20395
168,-6.22021,18.2768,1.98533
167,-6.22021,18.2768,1.98533
168,-7.21333,16.909,2.45454
167,-7.21333,16.909,2.45454
168,-5.88878,16.4299,0.613134
167,-5.88878,16.4299,0.613134
168,-4.23616,17.8197,3.31353
167,-4.23616,17.8197,3.31353
168,-6.73315,13.5284,1.00684
167,-6.73315,13.5284,1.00684
168,-7.34226,18.0112,1.79754
167,-7.34226,18.0112,1.79754
168,-8.61406,17.3091,-1.29238
167,-8.61406,17.3091,-1.29238
168,-5.21304,15.5423,1.0918
167,-5.21304,15.5423,1.0918
168,-7.57892,15.59,2.53609
167,-7.57892,15.59,2.53609
168,-9.24692,17.8149,0.264389
167,-9.24692,17.8149,0.264389
168,-3.58759,17.3616,4.07407
167,-3.58759,17.3616,4.07407
168,-3.50289,18.417,4.34401
167,-3.50289,18.417,4.34401
168,-4.36976,17.7433,4.21087
167,-4.36976,17.7433,4.21087
168,-8.61758,17.2412,-1.25029
167,-8.61758,17.2412,-1.25029
168,-2.4396,17.6939,3.62678
167,-2.4396,17.6939,3.62678
168,-4.44439,17.7627,3.99326
167,-4.44439,17.7627,3.99326
168,-4.40149,17.7283,4.20743
167,-4.40149,17.7283,4.20743
168,-6.67665,13.0373,0.836894
167,-6.67665,13.0373,0.836894
168,-4.25688,17.7569,1.90122
167,-4.25688,17.7569,1.90122
168,-2.21007,17.9549,3.88246
167,-2.21007,17.9549,3.88246
168,0.549515,21.8672,1.75999
167,0.549515,21.8672,1.75999
168,-1.35114,18.199,2.04434
167,-1.35114,18.199,2.04434
168,-12.9398,19.9705,-2.39818
167,-12.9398,19.9705,-2.39818
168,-7.32941,18.085,3.97045
167,-7.32941,18.085,3.97045
168,-6.83868,18.9038,4.2428
167,-6.83868,18.9038,4.2428
168,-5.4343,16.0245,0.958165
167,-5.4343,16.0245,0.958165
168,-2.66097,17.461,3.82527
167,-2.66097,17.461,3.82527
168,-2.85938,16.9829,0.946889
167,-2.85938,16.9829,0.946889
168,-6.78458,13.4607,1.07802
167,-6.78458,13.4607,1.07802
168,-4.79195,16.5354,4.00022
167,-4.79195,16.5354,4.00022
168,-7.77026,14.9372,0.761832
167,-7.77026,14.9372,0.761832
168,-6.79797,19.0647,4.27216
167,-6.79797,19.0647,4.27216
168,-6.54879,16.246,1.96689
167,-6.54879,16.246,1.96689
168,-6.39197,17.7379,2.07673
167,-6.39197,17.7379,2.07673
168,-5.35713,14.4533,1.09817
167,-5.35713,14.4533,1.09817
168,-6.69548,19.4694,4.3461
167,-6.69548,19.4694,4.3461
168,-4.2138,18.1246,4.02949
167,-4.2138,18.1246,4.02949
168,-10.1553,17.6742,0.363609
167,-10.1553,17.6742,0.363609
168,-3.77386,16.1646,1.20276
167,-3.77386,16.1646,1.20276
168,-3.55084,16.3717,1.17787
167,-3.55084,16.3717,1.17787
168,-11.3331,16.6468,1.42775
167,-11.3331,16.6468,1.42775
168,-11.3963,17.8339,-0.333995
167,-11.3963,17.8339,-0.333995
168,-4.1058,18.2967,4.03768
167,-4.1058,18.2967,4.03768
168,-10.2636,16.7339,1.27292
167,-10.2636,16.7339,1.27292
168,-10.7141,19.5183,1.00621
167,-10.7141,19.5183,1.00621
168,-8.51241,16.883,1.28661
167,-8.51241,16.883,1.28661
168,-2.93287,17.1527,0.638119
167,-2.93287,17.1527,0.638119
168,-10.4563,18.3717,4.14365
167,-10.4563,18.3717,4.14365
168,-4.41994,18.1601,2.0676
166,-4.41994,18.1601,2.0676
168,-8.45537,12.5773,2.96108
166,-8.45537,12.5773,2.96108
168,-7.53713,13.392,0.774465
166,-7.53713,13.392,0.774465
168,-3.15856,17.7271,2.09749
166,-3.15856,17.7271,2.09749
168,-10.0189,19.4186,3.25375
166,-10.0189,19.4186,3.25375
168,-9.50619,18.2335,3.21058
166,-9.50619,18.2335,3.21058
168,-3.24401,17.6304,2.11881
166,-3.24401,17.6304,2.11881
168,-5.34327,18.1679,4.02183
166,-5.34327,18.1679,4.02183
168,-9.38167,18.2656,1.11978
166,-9.38167,18.2656,1.11978
168,-3.28667,17.7393,2.02187
166,-3.28667,17.7393,2.02187
168,-9.96782,16.8147,1.9537
166,-9.96782,16.8147,1.9537
168,-10.0682,19.551,-1.24584
166,-10.0682,19.551,-1.24584
168,-3.14826,17.781,3.64976
166,-3.14826,17.781,3.64976
168,-10.2605,23.9025,4.95899
166,-10.2605,23.9025,4.95899
168,-9.9671,16.8024,1.94763
166,-9.9671,16.8024,1.94763
168,-4.30179,18.0839,2.29155
165,-4.30179,18.0839,2.29155
168,-4.3973,17.9482,2.303
165,-4.3973,17.9482,2.303
168,-6.67306,15.4791,3.10706
165,-6.67306,15.4791,3.10706
168,-5.16323,16.6597,1.14998
165,-5.16323,16.6597,1.14998
168,-5.32348,18.1879,4.03827
165,-5.32348,18.1879,4.03827
168,-4.23983,18.0672,1.8687
165,-4.23983,18.0672,1.8687
168,-5.31274,16.4591,1.21957
165,-5.31274,16.4591,1.21957
168,-6.81963,17.2623,3.2302
165,-6.81963,17.2623,3.2302
168,-12.3697,20.3131,-1.42354
165,-12.3697,20.3131,-1.42354
168,-12.1131,19.4193,-1.0219
165,-12.1131,19.4193,-1.0219
168,-5.57831,17.3308,2.36097
165,-5.57831,17.3308,2.36097
168,-8.52289,18.4321,3.21275
164,-8.52289,18.4321,3.21275
168,-8.62014,17.1724,2.2661
164,-8.62014,17.1724,2.2661
168,-10.058,19.1847,-1.11497
164,-10.058,19.1847,-1.11497
168,-6.30027,18.3561,2.27106
164,-6.30027,18.3561,2.27106
168,-8.60149,13.1633,2.62126
163,-8.60149,13.1633,2.62126
168,-9.08209,18.5291,0.0186467
163,-9.08209,18.5291,0.0186467
168,-9.21769,18.5087,2.16911
161,-9.21769,18.5087,2.16911
169,-7.6792,12.1225,2.47589
169,-7.31272,13.0337,0.723943
169,-6.8835,12.9849,0.732692
169,-6.87361,13.0086,0.718957
169,-6.86074,13.0191,0.708867
169,-6.02529,12.8755,0.620571
169,-5.69597,13.1186,1.14359
169,-7.64596,13.3681,0.717011
169,-6.31209,13.1862,0.587185
169,-5.72425,13.2383,1.16246
169,-5.71144,13.2901,1.18186
169,-6.51384,13.3523,0.641572
169,-7.89366,13.6207,0.720544
169,-6.942,13.4801,0.737723
169,-7.44309,13.7925,0.78473
169,-6.77872,13.7724,0.921828
169,-7.62251,13.9419,0.816769
169,-7.43254,14.0551,0.933197
169,-6.09818,13.6986,0.272753
169,-6.49057,13.8732,0.681833
169,-6.4815,13.8906,0.683059
169,-5.03169,13.769,1.08964
169,-5.59014,13.8578,1.00211
169,-6.84691,14.0068,0.596793
169,-5.87652,14.4093,2.58734
169,-4.66406,13.7685,0.714622
169,-5.47561,14.0794,1.28373
169,-4.78885,14.0196,0.945827
169,-4.40943,13.9702,0.730523
169,-5.42404,14.3358,1.40658
169,-6.72354,14.5347,0.735096
169,-10.3647,15.782,2.91522
169,-10.3682,15.8262,2.9381
169,-6.53494,14.6678,0.758718
169,-5.71502,14.6552,1.193
169,-8.69389,15.596,2.89354
169,-5.21267,14.6306,1.30358
169,-5.68835,14.6864,1.17829
169,-7.73912,14.9849,0.821755
169,-5.69241,14.7736,1.38184
169,-6.3542,14.8238,0.769113
169,-3.73848,14.8259,2.63557
169,-3.6864,14.8456,2.73263
169,-6.46281,14.8766,0.818529
169,-9.13215,15.1389,-0.110689
169,-5.41259,14.5798,0.190025
169,-6.33229,14.869,0.739078
169,-3.66634,14.8822,2.72574
169,-8.94358,15.7863,2.6717
169,-8.9911,15.9334,3.04212
169,-8.33676,15.765,2.79182
169,-8.93865,15.8536,2.65489
169,-5.5531,14.9462,1.25015
169,-8.54393,15.9019,3.10063
169,-3.57478,15.0103,2.88457
169,-8.06241,15.7431,2.53699
169,-5.90502,15.47,2.93233
169,-5.00209,14.9113,1.19559
169,-5.51152,15.0585,1.25829
169,-6.97659,15.7454,3.11107
169,-8.27622,15.8371,2.52718
169,-8.29978,15.9941,3.17491
169,-9.0168,16.0929,3.05425
169,-8.26315,16.1603,3.82303
169,-8.0569,15.8681,2.55711
169,-8.30827,15.9155,2.52605
169,-5.72181,15.6626,3.10687
169,-4.90147,15.0621,1.13481
169,-8.03643,16.1106,3.25422
169,-8.31169,16.3292,3.91251
169,-9.10378,15.5289,-0.15233
169,-3.27531,15.2582,2.88963
169,-9.11177,15.5552,-0.173257
169,-5.77472,15.8494,3.51672
169,-4.36751,15.5134,3.10485
169,-9.21621,15.6123,-0.112786
169,-9.18293,15.6145,-0.116457
169,-7.53445,15.9514,2.51068
169,-9.10942,15.6052,-0.197975
169,-4.8183,15.2164,1.09555
169,-7.96843,16.3048,3.26399
169,-8.27563,16.4985,3.74371
169,-5.50238,15.1364,-0.0807083
169,-5.49107,15.1464,-0.0714641
169,-5.50718,15.1081,-0.298139
169,-4.9246,15.4252,1.20094
169,-5.61693,15.2651,-0.1733
169,-3.82305,15.416,1.59962
169,-5.08515,15.3431,0.313201
169,-4.20431,15.3783,1.04522
169,-7.97431,16.2364,1.87637
169,-8.0034,16.1593,1.48872
169,-3.17425,15.6811,2.95275
169,-8.00513,16.1727,1.49234
169,-4.36516,15.3786,0.659959
169,-8.63943,15.7734,-0.98701
169,-4.86569,15.3099,-0.270655
169,-4.14967,15.4893,1.00716
169,-7.97126,16.2488,1.41199
169,-3.07583,15.8098,2.94863
169,-7.78467,16.2493,1.00077
169,-7.09465,16.2144,1.30045
169,-8.93682,16.106,-0.556028
169,-7.44998,16.5893,2.48997
169,-9.08694,16.0967,-0.844227
169,-7.12413,16.3513,1.59766
169,-7.07358,16.3281,1.52721
169,-11.3013,16.9897,1.2007
169,-5.04266,15.5469,-0.388865
169,-5.71749,16.1332,1.6087
169,-7.07208,16.2905,1.24899
169,-7.08221,16.4878,2.00242
169,-4.21443,15.902,1.436
169,-7.80013,16.3994,0.901525
169,-2.89712,16.045,2.95448
169,-7.14117,16.421,1.42732
169,-7.10891,16.4566,1.58821
169,-2.9283,15.6309,1.07536
169,-5.66466,16.225,1.60177
169,-5.73589,16.2122,1.42907
169,-4.77862,16.0917,1.5858
169,-4.32204,15.9935,1.43275
169,-8.86824,16.4534,0.0260386
169,-8.63963,16.7704,1.46498
169,-4.07839,15.8885,0.99218
169,-7.66598,17.3583,4.5437
169,-4.37556,16.0646,1.38645
169,-5.68901,16.2945,1.39055
169,-7.67045,17.3743,4.53286
169,-7.69037,16.8817,2.38814
169,-5.58993,16.4355,1.96948
169,-8.65679,16.9018,1.67166
169,-4.19137,16.1164,1.56971
169,-8.19626,16.7394,1.27766
169,-4.12869,16.2152,1.97972
169,-6.58762,16.4514,1.17904
169,-8.3403,16.9593,2.05659
169,-5.25556,16.2292,1.132
169,-2.81151,16.2951,3.16072
169,-4.13223,16.1307,1.47422
169,-5.07866,16.3398,1.67223
169,-5.78588,16.837,3.27079
169,-10.38,17.4221,2.37745
169,-5.48227,16.3959,1.56744
169,-4.09801,16.2539,1.96803
169,-5.56254,16.5089,1.94305
169,-2.83914,15.8402,1.0587
169,-8.90098,16.9307,1.2545
169,-3.94748,16.0106,0.958068
169,-2.70348,15.8994,1.39534
169,-4.22529,16.1841,1.38745
169,-8.66002,16.9615,1.44123
169,-4.06768,16.201,1.55819
169,-8.50464,16.3674,-1.00618
169,-7.3877,16.6977,1.20101
169,-8.42039,16.8958,1.26313
169,-8.66063,16.981,1.44133
169,-5.21949,16.3778,1.37713
169,-4.37441,15.6816,-0.985383
169,-8.6965,16.9632,1.29993
168,-8.6965,16.9632,1.29993
169,-4.59245,16.4259,1.09284
168,-4.59245,16.4259,1.09284
169,-3.27255,17.7636,1.98378
168,-3.27255,17.7636,1.98378
169,-8.18425,16.7343,-0.886251
168,-8.18425,16.7343,-0.886251
169,-5.63485,15.7858,1.3852
168,-5.63485,15.7858,1.3852
169,-7.41944,17.852,0.169977
168,-7.41944,17.852,0.169977
169,-4.09654,18.0889,1.82839
168,-4.09654,18.0889,1.82839
169,-6.53927,17.3864,2.38949
168,-6.53927,17.3864,2.38949
169,-4.34055,18.1872,3.34274
168,-4.34055,18.1872,3.34274
169,-3.88676,17.2888,3.19262
168,-3.88676,17.2888,3.19262
169,-5.48462,17.9384,3.33167
168,-5.48462,17.9384,3.33167
169,-3.17242,17.7699,3.84732
168,-3.17242,17.7699,3.84732
169,-6.68071,19.3882,2.3108
168,-6.68071,19.3882,2.3108
169,-5.84569,21.92,4.76146
168,-5.84569,21.92,4.76146
169,-5.45492,18.0097,3.33615
168,-5.45492,18.0097,3.33615
169,-7.52956,13.4112,0.762871
168,-7.52956,13.4112,0.762871
169,-4.97218,20.8293,2.10752
168,-4.97218,20.8293,2.10752
169,-8.18436,16.7117,-0.866193
168,-8.18436,16.7117,-0.866193
169,-6.26119,16.6253,1.19163
168,-6.26119,16.6253,1.19163
169,-4.72493,15.7495,1.08913
168,-4.72493,15.7495,1.08913
169,-4.57783,17.8827,2.09643
168,-4.57783,17.8827,2.09643
169,-9.40734,18.411,3.97293
168,-9.40734,18.411,3.97293
169,-3.83894,16.138,1.22157
168,-3.83894,16.138,1.22157
169,-8.36377,16.4162,2.12448
168,-8.36377,16.4162,2.12448
169,-5.20394,20.1632,2.1613
168,-5.20394,20.1632,2.1613
169,-7.81934,16.1635,1.82272
168,-7.81934,16.1635,1.82272
169,-4.10022,16.2452,1.95685
168,-4.10022,16.2452,1.95685
169,-5.10689,16.0899,1.42891
168,-5.10689,16.0899,1.42891
169,-5.4997,15.7666,0.959372
168,-5.4997,15.7666,0.959372
169,-5.66429,13.3827,1.01318
168,-5.66429,13.3827,1.01318
169,-3.39775,17.4675,3.80835
168,-3.39775,17.4675,3.80835
169,-1.18643,17.6484,4.01314
168,-1.18643,17.6484,4.01314
169,-10.2196,19.5712,-1.3818
168,-10.2196,19.5712,-1.3818
169,-8.4404,18.1169,0.993751
168,-8.4404,18.1169,0.993751
169,-1.44336,17.6982,2.14199
168,-1.44336,17.6982,2.14199
169,-5.4206,16.0011,0.971966
168,-5.4206,16.0011,0.971966
169,-2.65185,15.9081,0.986549
168,-2.65185,15.9081,0.986549
169,-3.11187,17.8842,3.86228
168,-3.11187,17.8842,3.86228
169,-1.37343,17.4679,3.98419
168,-1.37343,17.4679,3.98419
169,-3.99911,18.2506,4.06735
168,-3.99911,18.2506,4.06735
169,-4.06636,18.2487,2.27856
168,-4.06636,18.2487,2.27856
169,-6.10382,20.7022,4.5624
168,-6.10382,20.7022,4.5624
169,-5.18231,16.7008,1.15381
168,-5.18231,16.7008,1.15381
169,-10.2367,17.3492,3.95292
168,-10.2367,17.3492,3.95292
169,-2.79981,15.7741,1.04063
168,-2.79981,15.7741,1.04063
169,-6.2445,19.9875,4.46219
168,-6.2445,19.9875,4.46219
169,-3.22371,17.7176,3.62105
168,-3.22371,17.7176,3.62105
169,-2.03099,17.6579,4.16215
168,-2.03099,17.6579,4.16215
169,-10.1776,20.4943,4.41773
168,-10.1776,20.4943,4.41773
169,-6.26672,18.1532,2.02304
168,-6.26672,18.1532,2.02304
169,-3.85756,18.4887,4.09837
168,-3.85756,18.4887,4.09837
169,-4.28118,18.0583,4.03941
168,-4.28118,18.0583,4.03941
169,-7.75696,15.1381,0.784224
168,-7.75696,15.1381,0.784224
169,-5.90963,21.5032,4.68954
168,-5.90963,21.5032,4.68954
169,-10.0252,19.5443,4.27012
168,-10.0252,19.5443,4.27012
169,-6.41185,16.0385,2.3293
168,-6.41185,16.0385,2.3293
169,-10.6771,19.3646,-2.32014
168,-10.6771,19.3646,-2.32014
169,-5.56441,14.1953,1.20578
168,-5.56441,14.1953,1.20578
169,-6.6702,13.9891,1.89583
168,-6.6702,13.9891,1.89583
169,-2.69396,17.4623,3.79194
168,-2.69396,17.4623,3.79194
169,-4.65638,24.186,1.81032
168,-4.65638,24.186,1.81032
169,-9.13294,16.8643,-0.178279
168,-9.13294,16.8643,-0.178279
169,-5.2315,16.2442,1.45602
168,-5.2315,16.2442,1.45602
169,-5.87864,21.4734,4.70947
168,-5.87864,21.4734,4.70947
169,-10.0413,16.7054,1.63149
168,-10.0413,16.7054,1.63149
169,-10.2524,17.8823,2.34942
168,-10.2524,17.8823,2.34942
169,-11.1107,20.9664,4.55791
168,-11.1107,20.9664,4.55791
169,-5.49046,23.051,4.98195
168,-5.49046,23.051,4.98195
169,-12.0981,19.4328,-1.17944
168,-12.0981,19.4328,-1.17944
169,-6.48897,18.5653,-0.712841
167,-6.48897,18.5653,-0.712841
169,-4.91003,16.4009,1.35759
167,-4.91003,16.4009,1.35759
169,-7.03472,15.5377,1.6657
167,-7.03472,15.5377,1.6657
169,-6.69507,19.5753,4.29557
167,-6.69507,19.5753,4.29557
169,-3.77133,17.9919,4.26883
167,-3.77133,17.9919,4.26883
169,-7.02002,15.6901,2.73624
167,-7.02002,15.6901,2.73624
169,-2.82465,19.9587,0.542932
167,-2.82465,19.9587,0.542932
169,-4.92688,26.3885,5.51735
167,-4.92688,26.3885,5.51735
169,-6.40026,18.0923,4.00226
167,-6.40026,18.0923,4.00226
169,-6.33888,18.2674,4.0066
167,-6.33888,18.2674,4.0066
169,-5.40514,19.15,2.05681
167,-5.40514,19.15,2.05681
169,-4.5039,17.9416,2.06593
167,-4.5039,17.9416,2.06593
169,-2.78265,18.1323,2.18756
167,-2.78265,18.1323,2.18756
169,-7.25381,15.3725,3.0923
166,-7.25381,15.3725,3.0923
169,-7.04166,17.9609,3.22172
166,-7.04166,17.9609,3.22172
169,-8.6621,16.9177,1.62402
166,-8.6621,16.9177,1.62402
169,-4.5497,22.6245,-1.67377
166,-4.5497,22.6245,-1.67377
169,-12.0967,21.7126,-2.26977
166,-12.0967,21.7126,-2.26977
169,-3.3002,17.6898,2.03782
166,-3.3002,17.6898,2.03782
169,-5.68037,19.0077,2.0045
165,-5.68037,19.0077,2.0045
169,2.92175,40.3507,7.30801
165,2.92175,40.3507,7.30801
169,-8.56857,16.5583,-0.771896
164,-8.56857,16.5583,-0.771896
169,-12.0746,19.5545,-1.15367
164,-12.0746,19.5545,-1.15367
169,-6.09061,16.5097,1.58727
164,-6.09061,16.5097,1.58727
169,-11.9359,19.3315,-1.03933
164,-11.9359,19.3315,-1.03933
169,-9.41917,18.4158,2.26371
164,-9.41917,18.4158,2.26371
169,-5.94508,15.6521,1.45871
164,-5.94508,15.6521,1.45871
169,-10.0012,20.2122,0.733661
164,-10.0012,20.2122,0.733661
169,-10.2043,18.9726,-0.09828
163,-10.2043,18.9726,-0.09828
169,-6.20193,18.2719,2.05203
163,-6.20193,18.2719,2.05203
169,-8.84449,16.8253,1.29488
161,-8.84449,16.8253,1.29488
169,-11.2776,19.5905,-2.66342
160,-11.2776,19.5905,-2.66342
170,-7.77822,10.5476,2.53264
170,-6.08557,12.5622,0.753501
170,-7.05894,12.743,0.775275
170,-6.06983,12.5731,0.728227
170,-6.09316,12.599,0.756091
170,-7.34917,12.9128,0.723545
170,-6.2527,12.7445,0.670599
170,-6.24671,12.749,0.667745
170,-5.9235,12.9571,0.548545
170,-5.65875,13.1506,1.16225
170,-5.64131,13.1726,1.09996
170,-5.63049,13.1926,1.08186
170,-5.7081,13.271,1.19694
170,-5.70032,13.2773,1.16946
170,-5.69641,13.2827,1.17177
170,-5.69618,13.2889,1.17198
170,-7.90172,13.5609,0.750745
170,-7.90506,13.5676,0.751935
170,-7.9026,13.6073,0.733237
170,-7.26576,13.5145,0.741401
170,-6.9303,13.4859,0.738045
170,-5.67799,13.4431,1.45975
170,-6.9514,13.4934,0.722866
170,-6.94516,13.5134,0.714864
170,-7.61788,13.6899,0.957535
170,-5.65826,13.3961,0.99808
170,-5.62964,13.439,0.972811
170,-7.4385,13.7281,0.810103
170,-4.84389,13.1944,0.106994
170,-7.25034,13.7535,0.735787
170,-7.25006,13.755,0.734929
170,-6.92301,13.7224,0.764493
170,-4.46705,13.4128,0.987341
170,-4.38359,13.4515,0.981483
170,-5.52156,13.8086,1.54934
170,-6.8295,13.9948,0.715859
170,-7.20044,14.1305,0.71176
170,-5.34558,14.0498,1.45615
170,-4.91808,13.8892,1.00368
170,-6.67531,14.2656,0.629572
170,-5.34762,14.0423,0.182915
170,-5.31276,14.0942,0.145636
170,-5.07901,14.4436,1.32169
170,-4.06735,14.0285,-0.507461
170,-5.47591,14.5004,0.209443
170,-4.9884,14.6073,0.992465
170,-7.74253,15.1018,0.785426
170,-5.56936,14.5834,-0.050025
170,-5.09466,15.2362,3.10964
170,-6.41648,14.9439,0.78489
170,-5.55569,14.663,0.104162
170,-6.40139,14.9605,0.781151
170,-5.54801,14.646,-0.0878775
170,-10.2949,16.0099,2.59219
170,-4.64537,15.2511,3.08508
170,-3.56077,14.9927,2.70806
170,-9.16237,15.3119,0.0419712
170,-7.11111,15.5346,2.53396
170,-5.48802,14.7464,0.0466266
170,-8.25858,16.0286,3.82228
170,-7.07612,15.579,2.52897
170,-8.57264,15.9529,3.10192
170,-5.45794,14.7779,0.043113
170,-7.74721,15.2937,0.694159
170,-7.4109,15.7875,3.1066
170,-8.29908,16.0985,3.85876
170,-9.14279,15.3883,0.00385857
170,-5.918,15.5123,2.90255
170,-8.08597,15.7815,2.46784
170,-5.43429,14.824,-0.0230455
170,-8.5565,16.0514,3.10516
170,-6.59293,15.7366,3.1114
170,-8.24996,15.8758,2.49337
170,-8.12615,15.8766,2.5708
170,-5.43502,15.5637,3.10478
170,-5.16068,15.105,1.14492
170,-5.72913,15.5611,2.78464
170,-7.0508,15.7202,2.52538
170,-8.11479,15.8742,2.43878
170,-4.24821,15.399,3.09741
170,-5.40471,14.9022,-0.0546455
170,-9.17838,15.5383,-0.0761127
170,-10.3891,16.4067,2.93811
170,-5.7857,14.9299,-0.406458
170,-10.4003,16.4419,2.92678
170,-4.04746,15.4535,3.09467
170,-5.73236,15.6199,2.54829
170,-8.12622,15.9824,2.43773
170,-4.98267,15.6479,3.11308
170,-8.03852,16.0259,2.52714
170,-7.07065,15.6563,1.5579
170,-3.8878,15.4913,3.10763
170,-7.95766,16.2091,3.24672
170,-5.34974,15.7816,3.12017
170,-6.3723,15.8931,2.80045
170,-7.9565,16.2922,3.2655
170,-8.31569,16.4447,3.69314
170,-4.8712,15.771,3.11728
170,-8.05961,16.3318,3.28519
170,-8.28277,16.1453,2.2049
170,-8.30684,16.5279,3.79506
170,-8.28284,16.5304,3.75839
170,-8.2978,16.5558,3.77221
170,-9.08928,15.8632,-0.0931067
170,-5.05751,15.1621,-0.479782
170,-4.14629,15.3408,0.997476
170,-2.72524,15.5871,3.12668
170,-4.23006,15.3681,1.02648
170,-4.16728,15.3774,1.01989
170,-7.72736,16.4277,3.13835
170,-3.68366,15.7904,3.12331
170,-8.29956,16.3473,2.19175
170,-8.29951,16.5046,2.90536
170,-8.93584,16.6386,2.62186
170,-2.58367,15.7497,3.1346
170,-4.84808,15.6775,0.963832
170,-3.88104,15.6477,0.90579
170,-7.96112,16.4145,1.37751
170,-5.87105,16.15,1.599
170,-8.94459,16.1778,-0.594728
170,-7.14305,16.3801,1.5094
170,-7.05844,16.3754,1.51558
170,-5.73694,16.2264,1.79824
170,-8.28667,16.4501,0.91394
170,-6.27642,16.2957,1.62744
170,-7.06465,16.3996,1.4232
170,-5.68751,15.9103,0.176771
170,-5.46606,15.6383,-0.898057
170,-6.98991,16.185,0.460976
170,-6.64427,16.3198,1.24609
170,-6.2654,16.3499,1.60922
170,-5.36091,15.7518,-0.56168
170,-10.0778,16.9416,1.34841
170,-8.3924,16.8611,2.18277
170,-8.27942,16.8624,2.2708
170,-8.36023,16.6044,0.884947
170,-5.32198,15.817,-0.608856
170,-5.33925,15.8237,-0.592303
170,-4.20086,16.1173,1.55025
170,-8.63404,16.7999,1.38946
170,-4.26528,16.0712,1.26925
170,-3.67364,16.0349,1.53139
170,-4.16107,16.107,1.46869
170,-8.31838,16.7844,1.42103
170,-3.53037,16.0195,1.4506
170,-5.30678,15.8548,-0.600921
170,-5.25456,16.2252,1.11335
170,-2.26253,15.829,1.43923
170,-8.39623,17.1559,2.93461
170,-9.02314,16.4981,-0.523233
170,-4.22101,16.1437,1.37775
170,-9.00313,16.5143,-0.452106
170,-10.136,17.1005,1.32655
170,-7.05165,16.7498,1.96235
170,-7.59536,17.2915,3.26417
169,-7.59536,17.2915,3.26417
170,-3.87336,16.1599,1.36358
169,-3.87336,16.1599,1.36358
170,-5.20266,16.6572,1.1391
169,-5.20266,16.6572,1.1391
170,-2.54125,18.0445,2.11736
169,-2.54125,18.0445,2.11736
170,-1.91767,18.8866,2.25413
169,-1.91767,18.8866,2.25413
170,-9.36398,24.8583,1.48695
169,-9.36398,24.8583,1.48695
170,-2.48109,19.4853,3.32755
169,-2.48109,19.4853,3.32755
170,0.0570051,21.4044,1.75235
169,0.0570051,21.4044,1.75235
170,-4.4349,17.4233,3.92861
169,-4.4349,17.4233,3.92861
170,-6.49588,17.5591,3.90147
169,-6.49588,17.5591,3.90147
170,-6.4856,18.5979,-0.653073
169,-6.4856,18.5979,-0.653073
170,-5.62004,14.3963,-0.269936
169,-5.62004,14.3963,-0.269936
170,-6.57428,18.2052,-0.50541
169,-6.57428,18.2052,-0.50541
170,-3.67795,17.211,2.79135
169,-3.67795,17.211,2.79135
170,-5.44377,14.5757,2.78974
169,-5.44377,14.5757,2.78974
170,-3.8618,16.0005,1.37641
169,-3.8618,16.0005,1.37641
170,-6.28127,18.0824,1.98487
169,-6.28127,18.0824,1.98487
170,-3.69456,16.1575,1.1964
169,-3.69456,16.1575,1.1964
170,-3.41504,16.7519,2.22173
169,-3.41504,16.7519,2.22173
170,-1.77765,17.3308,2.15964
169,-1.77765,17.3308,2.15964
170,-5.68095,15.4621,2.71601
169,-5.68095,15.4621,2.71601
170,-4.18482,16.0369,1.52211
169,-4.18482,16.0369,1.52211
170,-2.06008,16.3018,1.33889
169,-2.06008,16.3018,1.33889
170,-7.67133,16.908,2.42929
169,-7.67133,16.908,2.42929
170,-6.33814,17.85,2.02172
169,-6.33814,17.85,2.02172
170,-2.67337,17.4055,3.79442
169,-2.67337,17.4055,3.79442
170,-10.0819,18.4554,0.0715518
169,-10.0819,18.4554,0.0715518
170,-3.82522,15.4317,1.57585
169,-3.82522,15.4317,1.57585
170,-5.39809,18.0177,3.9879
169,-5.39809,18.0177,3.9879
170,-3.97278,17.6288,4.19306
169,-3.97278,17.6288,4.19306
170,-4.36176,23.0503,1.98902
169,-4.36176,23.0503,1.98902
170,-7.68261,16.8085,2.42729
169,-7.68261,16.8085,2.42729
170,-3.18841,17.6981,3.83201
169,-3.18841,17.6981,3.83201
170,-5.52188,17.688,3.93243
169,-5.52188,17.688,3.93243
170,-10.3971,17.902,2.19166
169,-10.3971,17.902,2.19166
170,-13.2814,20.6972,-2.73992
169,-13.2814,20.6972,-2.73992
170,-7.67769,17.1496,2.40075
169,-7.67769,17.1496,2.40075
170,-3.4929,18.442,4.34652
169,-3.4929,18.442,4.34652
170,-4.42809,17.7498,3.98486
169,-4.42809,17.7498,3.98486
170,-10.4932,16.9949,1.32198
169,-10.4932,16.9949,1.32198
170,-4.32565,16.1229,1.36312
169,-4.32565,16.1229,1.36312
170,-10.4884,18.2389,2.16735
169,-10.4884,18.2389,2.16735
170,-1.58397,17.6383,2.24456
169,-1.58397,17.6383,2.24456
170,-1.65854,18.7637,2.02297
169,-1.65854,18.7637,2.02297
170,-9.19257,18.4393,2.34309
169,-9.19257,18.4393,2.34309
170,-6.33273,17.744,2.09842
169,-6.33273,17.744,2.09842
170,-9.12165,16.5853,-0.0652834
169,-9.12165,16.5853,-0.0652834
170,-9.39819,17.6356,3.97133
169,-9.39819,17.6356,3.97133
170,-12.5063,20.3913,-1.61563
169,-12.5063,20.3913,-1.61563
170,-4.69612,16.306,1.21508
168,-4.69612,16.306,1.21508
170,-10.1783,19.3506,-1.2924
168,-10.1783,19.3506,-1.2924
170,-5.20672,17.863,3.27805
168,-5.20672,17.863,3.27805
170,-7.08477,12.9499,0.809204
168,-7.08477,12.9499,0.809204
170,-4.09571,17.2236,3.19586
168,-4.09571,17.2236,3.19586
170,-3.22346,17.7075,3.59342
168,-3.22346,17.7075,3.59342
170,-4.25363,17.7764,3.31494
168,-4.25363,17.7764,3.31494
170,-4.4187,17.8961,3.66982
168,-4.4187,17.8961,3.66982
170,-2.89538,15.8721,1.38967
168,-2.89538,15.8721,1.38967
170,-7.49979,16.7293,1.40639
168,-7.49979,16.7293,1.40639
170,-1.60817,17.4021,2.00055
168,-1.60817,17.4021,2.00055
170,-3.35677,17.8332,2.2731
168,-3.35677,17.8332,2.2731
170,-4.54203,16.0479,-1.04663
168,-4.54203,16.0479,-1.04663
170,-4.0665,17.9114,1.92167
168,-4.0665,17.9114,1.92167
170,-2.76589,17.094,1.19511
168,-2.76589,17.094,1.19511
170,-7.63563,17.2247,2.415
167,-7.63563,17.2247,2.415
170,-5.90091,15.4071,2.62586
167,-5.90091,15.4071,2.62586
170,-6.23665,15.9225,0.54517
167,-6.23665,15.9225,0.54517
170,-9.60743,18.7089,1.03525
167,-9.60743,18.7089,1.03525
170,-1.04595,19.5996,1.99857
167,-1.04595,19.5996,1.99857
170,-5.97862,15.6633,0.400759
167,-5.97862,15.6633,0.400759
170,-4.97111,25.4396,5.43268
166,-4.97111,25.4396,5.43268
170,-9.66064,18.6148,2.39627
166,-9.66064,18.6148,2.39627
170,-9.83738,17.872,4.01242
166,-9.83738,17.872,4.01242
170,-8.5178,16.4824,-0.577215
165,-8.5178,16.4824,-0.577215
170,-3.26203,17.7677,1.9794
165,-3.26203,17.7677,1.9794
170,-5.79432,15.3954,2.77963
165,-5.79432,15.3954,2.77963
170,-3.25874,17.7724,1.98522
165,-3.25874,17.7724,1.98522
170,-6.31417,18.1486,3.32155
164,-6.31417,18.1486,3.32155
170,-4.27423,18.0241,1.878
164,-4.27423,18.0241,1.878
170,-10.319,19.2166,-0.997351
163,-10.319,19.2166,-0.997351
170,-8.52995,16.7785,0.569607
161,-8.52995,16.7785,0.569607
170,-8.9313,15.8529,2.66298
161,-8.9313,15.8529,2.66298
171,-7.47263,10.9377,2.16548
171,-6.03944,12.3755,0.767395
171,-6.04205,12.3777,0.764472
171,-6.02476,12.3828,0.762686
171,-6.02966,12.3839,0.760207
171,-7.26705,12.7368,0.772477
171,-7.14841,12.7316,0.780676
171,-7.0485,12.7268,0.788521
171,-6.06586,12.5529,0.650895
171,-6.08992,12.5805,0.751557
171,-7.1419,12.7454,0.76081
171,-6.06153,12.5655,0.640061
171,-7.0588,12.7506,0.777513
171,-6.06311,12.5953,0.728705
171,-6.05471,12.5969,0.730439
171,-7.05673,12.7574,0.781529
171,-7.93027,12.8966,0.740231
171,-7.9229,12.9094,0.737386
171,-7.08464,12.8353,0.827898
171,-7.74257,12.9763,0.730559
171,-7.74387,12.9872,0.730205
171,-7.35035,12.9701,0.659302
171,-7.33691,12.9902,0.672504
171,-7.34845,12.992,0.648288
171,-7.34744,12.9924,0.643796
171,-7.99016,13.3357,0.739282
171,-8.00156,13.3451,0.718539
171,-5.67323,13.281,1.18346
171,-7.59964,13.4827,0.804279
171,-5.6572,13.3284,1.16388
171,-7.89137,13.5941,0.700462
171,-6.93937,13.4665,0.747178
171,-7.88294,13.6229,0.736547
171,-7.29761,13.838,2.09623
171,-7.58019,13.5843,0.739069
171,-7.59477,13.5968,0.728125
171,-7.58328,13.6135,0.732861
171,-7.26623,13.5686,0.731739
171,-7.27177,13.5721,0.722944
171,-7.58777,13.6442,0.710652
171,-7.26785,13.6318,0.710187
171,-6.52362,13.708,0.735025
171,-4.29716,13.3301,0.461344
171,-4.33348,13.2719,-0.0205603
171,-4.231,13.3822,0.423715
171,-6.53259,13.7965,0.74741
171,-4.29255,13.3165,-0.0567129
171,-6.38897,13.8252,0.497602
171,-4.30707,13.6314,0.915656
171,-4.10756,13.4886,0.352669
171,-6.71416,14.0019,0.756336
171,-4.12731,13.4688,-0.182005
171,-4.23055,13.7264,0.875112
171,-7.17791,14.2046,0.68618
171,-6.87199,14.1667,0.540116
171,-4.12926,13.8462,0.818244
171,-5.62714,14.3165,1.13073
171,-3.8879,14.5676,2.88986
171,-5.68522,14.5635,1.37167
171,-3.82201,14.1667,0.680445
171,-3.77999,14.6913,2.8915
171,-3.59419,14.0392,-0.00320148
171,-3.25041,14.1454,0.658161
171,-5.14005,14.5736,1.27495
171,-5.23022,14.4056,0.142134
171,-5.80623,15.1025,2.9124
171,-8.19942,15.6532,3.75183
171,-5.78214,15.1446,2.91505
171,-5.20767,14.4574,0.115741
171,-5.48217,14.4994,-0.0764246
171,-5.77242,15.2074,2.91927
171,-6.32362,14.8124,0.661987
171,-5.43776,14.557,0.0833368
171,-6.29553,14.8189,0.647462
171,-5.57464,14.6042,0.139843
171,-9.18083,15.1504,0.0943053
171,-5.53736,14.6141,0.0429909
171,-8.37445,15.0802,0.00895262
171,-5.52436,14.6724,0.0188363
171,-2.93147,14.4301,0.528641
171,-8.21423,15.9285,3.79142
171,-6.9525,15.1194,0.789555
171,-8.97623,15.9776,3.05835
171,-7.74581,15.2964,0.713319
171,-7.00269,15.7614,3.10287
171,-9.22167,15.3998,-0.0469961
171,-6.37041,15.1569,0.706903
171,-4.89754,15.0336,1.13194
171,-5.74621,15.5465,2.77906
171,-5.01045,15.5196,3.09632
171,-7.03892,15.716,2.57768
171,-5.5401,15.1847,1.15852
171,-8.05064,15.8574,2.52567
171,-6.98608,15.7092,2.53386
171,-7.74651,15.4324,0.666943
171,-8.41526,15.3558,-0.152964
171,-9.21088,15.4917,-0.0937498
171,-5.48043,14.9574,-0.115051
171,-3.63122,14.7639,0.235937
171,-4.98079,15.5973,3.10583
171,-8.2401,15.9521,2.49186
171,-7.02317,15.9338,3.12427
171,-6.99574,15.943,3.12231
171,-7.02098,15.8379,2.57247
171,-7.68273,15.5447,0.65347
171,-8.11398,16.0142,2.43748
171,-4.76011,15.2418,1.07711
171,-6.31016,15.3786,0.609516
171,-7.81748,15.6126,0.652464
171,-5.73772,15.7749,2.60616
171,-6.30106,15.4397,0.58221
171,-8.12132,16.138,2.42294
171,-5.84899,15.9865,3.14148
171,-9.61284,16.5613,3.13267
171,-8.13859,16.305,2.86912
171,-6.25554,15.5464,0.557527
171,-4.68472,15.5017,1.38487
171,-5.81363,16.0782,3.14787
171,-4.13126,15.3615,1.01743
171,-6.23665,15.5984,0.539875
171,-8.18284,15.8814,0.415706
171,-7.11754,15.9644,1.3497
171,-5.81694,16.2113,3.18921
171,-4.67971,15.6815,1.30762
171,-5.43064,15.8639,1.51909
171,-4.57354,15.7004,1.31224
171,-5.68249,16.0161,1.74166
171,-5.39164,15.5387,-0.439553
171,-4.36665,15.8868,1.73374
171,-5.04672,16.0092,1.69934
171,-7.65845,16.4173,1.80123
171,-8.50468,16.0665,-0.449262
171,-1.70916,15.4862,1.43259
171,-7.73344,16.4121,1.47831
171,-6.47324,16.2764,1.63353
171,-8.52451,16.1012,-0.554529
171,-8.22342,16.4559,1.17674
171,-8.26942,16.2714,0.146626
171,-7.77524,16.3865,0.901069
171,-9.86268,16.822,1.39201
171,-7.63788,16.9162,3.27026
171,-8.18372,16.5811,1.34854
171,-10.0297,16.9208,1.54906
171,-5.25256,16.2244,1.39749
171,-8.87844,16.3171,-0.634426
171,-5.18488,16.2899,1.68796
171,-4.44517,16.2167,1.21143
170,-4.44517,16.2167,1.21143
171,-4.95767,16.1233,1.67451
170,-4.95767,16.1233,1.67451
171,-5.97389,16.5769,1.18104
170,-5.97389,16.5769,1.18104
171,-6.15411,16.5496,1.15153
170,-6.15411,16.5496,1.15153
171,-5.69432,16.3945,1.25183
170,-5.69432,16.3945,1.25183
171,-8.1183,16.0376,2.55999
170,-8.1183,16.0376,2.55999
171,-4.24505,17.8863,2.38669
170,-4.24505,17.8863,2.38669
171,-5.11812,15.3179,3.08118
170,-5.11812,15.3179,3.08118
171,-5.15593,17.0399,-0.352437
170,-5.15593,17.0399,-0.352437
171,-4.90729,18.0557,2.34343
170,-4.90729,18.0557,2.34343
171,-4.2534,17.8728,2.38051
170,-4.2534,17.8728,2.38051
171,-7.7977,16.1863,3.12802
170,-7.7977,16.1863,3.12802
171,-5.23883,19.7891,1.9537
170,-5.23883,19.7891,1.9537
171,-7.59628,17.3806,2.07214
170,-7.59628,17.3806,2.07214
171,-7.77019,16.0871,1.26168
170,-7.77019,16.0871,1.26168
171,-6.52227,18.277,-0.404839
170,-6.52227,18.277,-0.404839
171,-8.27785,15.089,3.04752
170,-8.27785,15.089,3.04752
171,-5.374,16.484,1.19683
170,-5.374,16.484,1.19683
171,-5.01019,17.4369,-0.526052
170,-5.01019,17.4369,-0.526052
171,-5.50351,15.4752,-0.825144
170,-5.50351,15.4752,-0.825144
171,-4.38544,17.5817,2.39942
170,-4.38544,17.5817,2.39942
171,-3.47674,15.4421,1.55761
170,-3.47674,15.4421,1.55761
171,-5.79217,15.02,-0.468174
170,-5.79217,15.02,-0.468174
171,-0.104007,19.0491,4.44931
170,-0.104007,19.0491,4.44931
171,-3.93085,17.6754,4.19629
170,-3.93085,17.6754,4.19629
171,-6.60935,17.757,-0.197149
170,-6.60935,17.757,-0.197149
171,-10.5158,19.0344,4.20806
170,-10.5158,19.0344,4.20806
171,-9.45646,18.806,4.01807
170,-9.45646,18.806,4.01807
171,-10.5556,18.4226,2.12819
170,-10.5556,18.4226,2.12819
171,-11.1152,20.1596,2.00089
170,-11.1152,20.1596,2.00089
171,-5.26857,15.8344,-0.570153
170,-5.26857,15.8344,-0.570153
171,-5.35526,18.1511,4.00948
170,-5.35526,18.1511,4.00948
171,-4.17635,18.2562,4.05969
170,-4.17635,18.2562,4.05969
171,-7.73485,15.0422,0.810277
170,-7.73485,15.0422,0.810277
171,-7.44303,17.6657,2.36219
170,-7.44303,17.6657,2.36219
171,-8.32064,16.2837,0.985406
170,-8.32064,16.2837,0.985406
171,-4.52699,17.8413,2.03394
170,-4.52699,17.8413,2.03394
171,-3.15517,16.6748,2.39982
170,-3.15517,16.6748,2.39982
171,-2.1396,16.3553,0.8499
170,-2.1396,16.3553,0.8499
171,-7.56091,17.5115,3.86924
170,-7.56091,17.5115,3.86924
171,-4.64447,18.9783,2.12621
170,-4.64447,18.9783,2.12621
171,-6.31948,17.7472,2.08091
170,-6.31948,17.7472,2.08091
171,-10.5452,17.7764,1.05234
170,-10.5452,17.7764,1.05234
171,-3.16566,17.7367,2.09431
169,-3.16566,17.7367,2.09431
171,-4.66364,15.0871,3.07349
169,-4.66364,15.0871,3.07349
171,-7.07985,12.874,0.799299
169,-7.07985,12.874,0.799299
171,-6.39964,17.9647,4.01257
169,-6.39964,17.9647,4.01257
171,-4.26221,15.966,1.18428
169,-4.26221,15.966,1.18428
171,-3.14956,15.9098,1.46182
169,-3.14956,15.9098,1.46182
171,-4.48184,16.2409,1.21564
169,-4.48184,16.2409,1.21564
171,-4.32619,16.4901,1.37136
169,-4.32619,16.4901,1.37136
171,-6.30354,17.9289,2.02813
169,-6.30354,17.9289,2.02813
171,-1.35947,19.2707,1.96614
169,-1.35947,19.2707,1.96614
171,-4.2757,16.6169,-1.46292
169,-4.2757,16.6169,-1.46292
171,-4.28245,17.8597,3.71932
169,-4.28245,17.8597,3.71932
171,-6.37273,16.9619,1.1878
169,-6.37273,16.9619,1.1878
171,-5.62544,14.0001,1.3048
168,-5.62544,14.0001,1.3048
171,-4.26376,17.887,4.21497
168,-4.26376,17.887,4.21497
171,-2.79759,15.8035,1.52685
168,-2.79759,15.8035,1.52685
171,-6.69992,17.621,3.27
168,-6.69992,17.621,3.27
171,-3.04929,15.7959,1.39786
168,-3.04929,15.7959,1.39786
171,-4.67562,18.6817,2.01934
167,-4.67562,18.6817,2.01934
171,-7.27379,15.8084,2.80155
167,-7.27379,15.8084,2.80155
171,-4.27711,15.7577,1.11179
167,-4.27711,15.7577,1.11179
171,-1.75425,31.5348,6.04249
167,-1.75425,31.5348,6.04249
171,-4.17374,15.8715,1.08129
167,-4.17374,15.8715,1.08129
171,-1.44307,32.7828,6.24124
167,-1.44307,32.7828,6.24124
171,-9.16868,18.9921,0.793273
167,-9.16868,18.9921,0.793273
171,-3.30879,17.5039,3.63879
167,-3.30879,17.5039,3.63879
171,-7.93592,13.0008,0.771105
166,-7.93592,13.0008,0.771105
171,-12.1697,19.9807,-1.36006
165,-12.1697,19.9807,-1.36006
171,-5.59992,17.8649,2.25914
163,-5.59992,17.8649,2.25914
171,-9.29894,18.513,2.0103
161,-9.29894,18.513,2.0103
171,-8.39937,16.6078,-0.164879
161,-8.39937,16.6078,-0.164879
171,-9.35908,22.1114,-1.1093
160,-9.35908,22.1114,-1.1093
172,-7.14735,11.5403,2.02689
172,-5.50086,11.8526,1.04131
172,-7.75925,12.4943,0.864371
172,-6.03367,12.3458,0.772706
172,-7.32886,12.6507,1.28345
172,-6.02828,12.3886,0.761188
172,-7.8932,12.6768,0.770631
172,-7.90388,12.68,0.777721
172,-7.89522,12.6895,0.769307
172,-7.88672,12.7104,0.752181
172,-7.13243,12.6455,0.834197
172,-7.13739,12.6652,0.80723
172,-7.91989,12.7966,0.77
172,-7.0854,12.7539,0.862761
172,-7.09884,12.7572,0.847054
172,-7.06923,12.7731,0.860487
172,-7.06222,12.8853,0.847605
172,-7.72889,12.9766,0.742952
172,-5.7557,12.8534,1.26469
172,-5.77255,12.8542,1.24341
172,-7.28253,12.9259,0.671921
172,-7.30128,12.9338,0.642549
172,-5.73554,12.8796,1.23972
172,-5.71335,12.8835,1.24242
172,-7.74711,13.0434,0.709565
172,-5.80238,12.9848,1.24924
172,-5.86585,12.8215,0.479991
172,-6.02046,13.2275,1.84055
172,-5.76309,13.0466,1.19651
172,-5.69857,13.1549,1.12695
172,-6.87651,13.2894,0.958809
172,-6.70846,13.2852,0.964993
172,-7.29537,13.291,0.630287
172,-7.50812,13.4574,1.00964
172,-6.87813,13.3798,0.915151
172,-7.85712,13.5298,0.787512
172,-6.93136,13.486,0.745637
172,-8.06082,13.5932,0.588041
172,-6.92722,13.5087,0.7447
172,-7.26635,13.5986,0.735055
172,-7.10985,13.6908,1.18076
172,-7.25329,13.6407,0.691784
172,-4.45459,13.1549,0.0852826
172,-3.993,13.3555,0.982152
172,-5.7293,13.3855,0.156373
172,-7.95633,13.8968,0.876782
172,-4.43594,13.1532,-0.420692
172,-4.43689,13.1706,-0.435565
172,-7.03234,13.9078,1.10092
172,-5.2038,14.012,2.1274
172,-5.0326,13.7444,1.07898
172,-5.0071,13.7918,1.05514
172,-4.99905,13.8062,1.058
172,-6.43462,13.8693,0.507549
172,-5.56865,13.7336,0.170393
172,-4.2482,13.7732,0.862067
172,-4.71448,14.0673,1.83933
172,-5.28997,13.9944,1.19564
172,-5.5936,13.7902,-0.12723
172,-6.99772,14.421,1.73387
172,-5.35152,14.4613,2.724
172,-6.42563,14.0998,0.398941
172,-7.595,14.3215,0.659957
172,-3.52025,13.886,0.749198
172,-5.61278,14.2772,1.12622
172,-3.88538,14.488,2.7757
172,-7.94589,14.5443,0.79331
172,-5.55451,14.4244,1.06455
172,-3.79332,14.6279,2.78084
172,-5.81927,14.8674,2.59628
172,-5.44938,14.1558,-0.335041
172,-5.73264,14.643,1.418
172,-3.8999,14.276,0.614238
172,-7.20735,14.7759,0.903136
172,-5.57294,14.6832,1.14456
172,-6.54766,14.652,0.348914
172,-5.35275,14.3974,-0.182507
172,-5.47928,14.5316,-0.0129986
172,-10.0452,15.7459,2.52436
172,-6.90435,15.4153,2.52537
172,-5.4502,14.6143,-0.0575693
172,-6.41791,14.9395,0.761694
172,-5.43846,14.6477,-0.0755572
172,-5.50971,14.6615,-0.0808699
172,-5.3305,14.5164,-0.624024
172,-5.49488,14.5998,-0.400391
172,-5.50246,14.6158,-0.382936
172,-5.50931,14.6155,-0.388057
172,-8.74501,15.7759,2.64588
172,-5.55102,14.6665,-0.302251
172,-9.39537,15.1997,-0.247853
172,-9.18186,15.1227,-0.488176
172,-9.27158,15.1989,-0.310645
172,-5.46898,14.6884,-0.438736
172,-5.46643,14.6993,-0.461
172,-8.66996,15.9133,2.88376
172,-5.45932,14.7159,-0.452343
172,-5.55871,15.1581,1.29205
172,-8.20507,16.0769,3.70144
172,-9.2792,15.3378,-0.0919316
172,-9.27975,15.2914,-0.353952
172,-8.91279,16.0499,2.99515
172,-8.20849,16.1386,3.71775
172,-7.00187,15.8714,3.11982
172,-9.37178,15.4061,-0.160656
172,-9.3138,15.3541,-0.355034
172,-5.74024,15.6033,2.5723
172,-5.71161,15.6924,2.78157
172,-9.08978,15.3088,-0.732538
172,-5.69616,15.7125,2.59904
172,-6.3232,15.5175,1.44289
172,-2.18478,15.0303,1.49042
172,-9.11302,15.3825,-0.764019
172,-6.13218,15.5762,1.62315
172,-7.17745,15.6691,1.38413
172,-6.49079,16.0284,3.20652
172,-7.06302,15.9482,2.53086
172,-8.86803,16.3192,3.0484
172,-7.76704,15.6348,0.667855
172,-5.70908,15.9567,2.95074
172,-5.37152,15.9777,3.16276
172,-4.69532,15.4894,1.36145
172,-7.18986,15.8432,1.48863
172,-7.0803,15.8056,1.34161
172,-3.32954,15.3187,1.27566
172,-3.01436,15.6844,2.92394
172,-8.1653,16.2542,2.42262
172,-7.30698,15.729,0.595095
172,-7.59425,16.0664,1.83016
172,-5.09406,15.6423,1.3331
172,-4.63653,16.0204,3.13631
172,-7.56465,16.1422,2.02344
172,-5.72862,16.3181,3.64797
172,-5.51822,15.2815,-0.598826
172,-8.19225,16.4605,2.78363
172,-6.46917,16.3554,3.23474
172,-4.79407,15.7495,1.55776
172,-5.41629,15.2994,-0.683689
172,-6.30711,15.9025,1.2563
172,-3.12365,15.5655,1.50116
172,-5.29163,15.8209,1.31859
172,-4.58104,15.7409,1.31393
172,-8.29597,15.9608,0.106963
172,-1.73783,15.4425,1.43318
172,-5.27854,15.8754,1.29946
172,-4.74705,15.8692,1.53509
172,-8.12642,16.0069,0.295528
172,-8.87819,15.9919,-0.27934
172,-7.60333,16.2756,1.53719
172,-10.2712,16.5899,1.40292
172,-7.83577,16.096,0.49212
172,-3.93502,15.7828,1.25445
172,-5.44629,15.5241,-0.737504
172,-1.65626,15.5469,1.37366
172,-7.60815,16.3556,1.50587
172,-4.27318,15.9566,1.58078
172,-7.23247,16.3228,1.52687
172,-4.52892,15.9266,1.2211
172,-4.5131,15.9402,1.23134
172,-10.076,17.1975,3.43507
172,-5.66294,16.2041,1.59198
172,-5.22855,16.7585,-1.16142
171,-5.22855,16.7585,-1.16142
172,-4.46778,17.8373,1.97764
171,-4.46778,17.8373,1.97764
172,-4.06752,15.8766,1.24257
171,-4.06752,15.8766,1.24257
172,-7.33368,12.8878,0.744251
171,-7.33368,12.8878,0.744251
172,-8.37224,17.3078,0.373132
171,-8.37224,17.3078,0.373132
172,-7.92652,13.0215,0.76051
171,-7.92652,13.0215,0.76051
172,-5.9656,18.7274,2.36294
171,-5.9656,18.7274,2.36294
172,-5.59462,13.8166,1.20343
171,-5.59462,13.8166,1.20343
172,-2.50091,16.3724,1.29323
171,-2.50091,16.3724,1.29323
172,-8.00797,13.4585,0.696201
171,-8.00797,13.4585,0.696201
172,-5.00213,17.5722,-1.57903
171,-5.00213,17.5722,-1.57903
172,-4.52715,17.9547,2.07477
171,-4.52715,17.9547,2.07477
172,-2.91045,15.8558,1.40306
171,-2.91045,15.8558,1.40306
172,-7.65154,17.6188,3.33475
171,-7.65154,17.6188,3.33475
172,-2.97768,14.4776,1.36736
171,-2.97768,14.4776,1.36736
172,-7.69842,17.2009,1.20969
171,-7.69842,17.2009,1.20969
172,-1.14446,18.4192,2.00018
171,-1.14446,18.4192,2.00018
172,-5.73685,19.9172,2.35311
171,-5.73685,19.9172,2.35311
172,-6.05626,18.2081,2.3893
171,-6.05626,18.2081,2.3893
172,-4.02322,17.1629,1.48756
171,-4.02322,17.1629,1.48756
172,-1.43189,17.2609,3.33534
171,-1.43189,17.2609,3.33534
172,-9.02731,17.3319,1.0784
171,-9.02731,17.3319,1.0784
172,-5.67579,20.2621,2.33719
171,-5.67579,20.2621,2.33719
172,-1.26368,17.9526,2.07468
171,-1.26368,17.9526,2.07468
172,-4.50819,17.5709,2.40437
171,-4.50819,17.5709,2.40437
172,-1.6638,15.5582,0.555833
171,-1.6638,15.5582,0.555833
172,-1.44284,17.2518,3.35544
171,-1.44284,17.2518,3.35544
172,-2.14516,17.8499,1.08242
171,-2.14516,17.8499,1.08242
172,-3.63806,18.2825,4.29831
171,-3.63806,18.2825,4.29831
172,-12.2111,20.3741,-2.70211
171,-12.2111,20.3741,-2.70211
172,-7.71614,17.2883,3.94278
171,-7.71614,17.2883,3.94278
172,-5.90298,21.2446,4.62144
171,-5.90298,21.2446,4.62144
172,-7.59042,17.1477,2.077
171,-7.59042,17.1477,2.077
172,-4.80765,16.4518,1.40507
171,-4.80765,16.4518,1.40507
172,-5.2616,12.5552,1.44645
171,-5.2616,12.5552,1.44645
172,-5.7727,22.0134,4.77029
171,-5.7727,22.0134,4.77029
172,-1.14117,16.0636,0.378726
171,-1.14117,16.0636,0.378726
172,-6.17877,18.7131,1.94037
171,-6.17877,18.7131,1.94037
172,-7.57724,16.8599,2.13418
171,-7.57724,16.8599,2.13418
172,-1.11507,17.6389,3.40494
171,-1.11507,17.6389,3.40494
172,-12.6144,19.9551,-2.59273
171,-12.6144,19.9551,-2.59273
172,-4.67078,17.4446,2.05974
171,-4.67078,17.4446,2.05974
172,-1.44304,15.7781,0.487492
171,-1.44304,15.7781,0.487492
172,-5.38168,12.4216,1.50897
171,-5.38168,12.4216,1.50897
172,-12.2242,19.1581,-2.19368
171,-12.2242,19.1581,-2.19368
172,-12.9359,20.1071,-2.57974
171,-12.9359,20.1071,-2.57974
172,-5.36883,18.0855,3.9602
171,-5.36883,18.0855,3.9602
172,-7.54414,16.569,2.16489
171,-7.54414,16.569,2.16489
172,-1.68052,16.9642,3.35358
171,-1.68052,16.9642,3.35358
172,-7.56463,18.373,3.98625
171,-7.56463,18.373,3.98625
172,-10.2724,17.0805,1.18372
171,-10.2724,17.0805,1.18372
172,-1.42507,17.6472,2.01337
171,-1.42507,17.6472,2.01337
172,-4.77471,13.0981,1.18714
171,-4.77471,13.0981,1.18714
172,-6.31817,17.7062,2.07555
171,-6.31817,17.7062,2.07555
172,-11.1075,21.1383,-1.7304
171,-11.1075,21.1383,-1.7304
172,-5.00871,16.2501,1.22251
170,-5.00871,16.2501,1.22251
172,-5.28694,16.1061,1.13677
170,-5.28694,16.1061,1.13677
172,-2.50021,15.3893,1.10874
170,-2.50021,15.3893,1.10874
172,-4.21052,17.8411,3.9771
170,-4.21052,17.8411,3.9771
172,-2.85012,15.7491,1.4222
170,-2.85012,15.7491,1.4222
172,-2.90596,15.0016,1.22103
170,-2.90596,15.0016,1.22103
172,-9.93461,18.2257,4.08952
170,-9.93461,18.2257,4.08952
172,-7.62692,16.0223,3.68053
170,-7.62692,16.0223,3.68053
172,-9.62932,18.9134,4.17309
170,-9.62932,18.9134,4.17309
172,-7.62636,16.0721,3.68189
170,-7.62636,16.0721,3.68189
172,-4.31162,17.3622,2.00239
170,-4.31162,17.3622,2.00239
172,-9.73411,19.4581,4.27421
170,-9.73411,19.4581,4.27421
172,-4.76791,15.679,1.09825
169,-4.76791,15.679,1.09825
172,-5.44344,16.7199,1.1642
169,-5.44344,16.7199,1.1642
172,-5.3011,16.3991,1.23297
169,-5.3011,16.3991,1.23297
172,-5.22789,16.8877,-0.311151
169,-5.22789,16.8877,-0.311151
172,-5.42797,14.7741,1.16119
168,-5.42797,14.7741,1.16119
172,-5.45733,23.1316,4.9936
168,-5.45733,23.1316,4.9936
172,-5.36029,23.5167,5.07198
168,-5.36029,23.5167,5.07198
172,-11.1816,24.5665,5.17208
168,-11.1816,24.5665,5.17208
172,-12.2622,20.1778,-1.32867
168,-12.2622,20.1778,-1.32867
172,-4.20711,15.8424,1.08753
167,-4.20711,15.8424,1.08753
172,-12.657,19.5161,-2.31547
167,-12.657,19.5161,-2.31547
172,-5.60583,16.0788,1.30605
166,-5.60583,16.0788,1.30605
172,-5.32285,18.3194,0.722004
165,-5.32285,18.3194,0.722004
172,-10.5145,19.436,-1.14404
160,-10.5145,19.436,-1.14404
173,-6.22206,10.7085,1.84986
173,-6.46058,11.477,1.38169
173,-6.0852,11.8013,0.80485
173,-6.07853,11.8075,0.808805
173,-5.9648,12.35,2.7939
173,-6.0683,11.8673,0.774681
173,-5.67734,11.991,1.25457
173,-7.18146,12.1322,1.1239
173,-5.65383,12.0409,1.23168
173,-7.17831,12.186,1.10497
173,-6.18433,12.0889,0.96061
173,-4.32446,12.1345,1.41934
173,-6.00942,12.1879,0.794288
173,-6.02539,12.2266,0.808182
173,-5.93045,12.3495,0.812242
173,-4.17099,12.2974,1.35742
173,-5.92013,12.3921,0.788743
173,-5.90811,12.464,0.76052
173,-6.68766,12.6399,0.972266
173,-6.67952,12.6552,0.967875
173,-3.96827,12.264,0.561798
173,-5.87703,12.5709,0.680408
173,-6.56331,12.7681,0.950511
173,-6.57924,12.8626,0.893561
173,-8.03152,13.1136,0.563345
173,-8.05316,13.182,0.543815
173,-8.08051,13.2003,0.514882
173,-4.80656,12.6119,-0.393145
173,-6.5856,13.3224,0.893663
173,-4.68505,13.1676,1.09012
173,-6.56443,13.3738,0.867512
173,-4.60985,13.2117,1.09076
173,-6.56455,13.3824,0.860242
173,-4.63866,13.2284,1.09596
173,-4.62113,13.2507,1.09059
173,-4.63545,12.8764,-0.640378
173,-5.59144,13.5633,1.09531
173,-8.49064,13.7809,0.181036
173,-3.19896,13.3929,0.942628
173,-6.1696,14.2762,2.96907
173,-4.27218,13.4077,0.428046
173,-5.51857,13.6347,0.595561
173,-4.41918,13.229,-0.459925
173,-3.12365,13.464,0.919382
173,-6.48575,13.9341,0.885454
173,-5.40101,13.8233,0.901098
173,-4.32817,13.3216,-0.552351
173,-7.24945,13.8822,0.174496
173,-5.57567,13.7389,0.359831
173,-2.8509,13.5728,0.872822
173,-3.81214,13.6847,0.869445
173,-3.04943,13.5987,0.876321
173,-2.82746,13.5763,0.868386
173,-9.03241,14.1294,0.202542
173,-7.13195,13.9209,0.182489
173,-7.15053,13.9702,0.33268
173,-4.37446,13.3032,-1.02415
173,-4.28594,13.4428,-0.614509
173,-5.34822,13.9597,0.847268
173,-4.25633,13.4393,-0.645354
173,-4.09987,13.6847,0.290441
173,-7.15553,14.0146,0.154834
173,-5.36777,13.9797,0.792667
173,-4.62553,14.0587,1.25576
173,-5.33437,14.0171,0.773232
173,-6.44892,14.2238,0.938594
173,-3.66327,13.8857,0.796856
173,-7.2881,14.1222,0.0807245
173,-5.50462,14.0476,0.332692
173,-8.64997,15.0949,2.61274
173,-5.25924,14.2171,0.761347
173,-9.05188,14.5188,0.165947
173,-2.45889,14.5792,3.0293
173,-5.88261,14.8475,2.54136
173,-5.57138,14.1145,-0.163014
173,-8.08272,14.6776,0.511088
173,-8.13085,14.6767,0.462552
173,-8.07989,14.7015,0.54637
173,-7.23258,14.5483,-0.0181255
173,-8.08355,15.338,2.45754
173,-6.22326,14.4813,-0.137817
173,-4.57119,14.6738,1.26251
173,-4.44769,14.6329,1.13866
173,-3.67967,14.4077,0.62047
173,-4.87363,14.8643,1.77501
173,-5.53388,14.3906,-0.342737
173,-5.50532,14.787,1.10438
173,-8.15403,14.9735,0.456096
173,-4.81455,14.993,1.76475
173,-8.1484,15.4857,2.14606
173,-5.42731,14.5924,-0.118322
173,-9.2034,15.004,-0.257116
173,-7.88743,15.8333,3.20222
173,-5.76861,15.4746,2.76945
173,-3.48703,15.2528,2.5571
173,-3.4596,15.2723,2.55579
173,-3.43528,15.3301,2.5653
173,-8.22924,16.2124,3.56733
173,-1.89754,14.8613,1.13749
173,-1.96505,14.9084,1.1657
173,-3.21247,15.4645,2.68237
173,-8.27612,15.4116,0.272493
173,-1.78255,14.9395,1.11277
173,-7.94325,16.1422,2.91927
173,-5.3542,15.3743,1.10709
173,-4.45103,15.2956,1.19938
173,-8.02808,15.5704,0.488314
173,-7.94576,16.2253,2.94759
173,-9.78687,16.5296,3.24146
173,-5.45527,15.07,-0.475717
173,-3.06093,15.721,2.9475
173,-1.56706,15.1024,1.25655
173,-1.66898,15.137,1.15096
173,-6.0138,15.9651,2.29162
173,-1.69661,15.1784,1.11146
173,-9.32795,15.6688,-0.371694
173,-5.4295,15.1817,-0.53356
173,-1.63022,15.1953,1.15141
173,-8.07295,15.7683,0.430508
173,-8.39477,15.7451,0.167692
173,-6.16893,15.3099,-0.539525
173,-7.69126,16.1252,1.79841
173,-1.5674,15.2232,1.05222
173,-8.05812,15.8076,0.414081
173,-2.94978,15.9224,2.96479
173,-5.03683,15.9416,2.11413
173,-3.00602,15.8673,2.60941
173,-5.3785,15.7486,1.13493
173,-9.36257,15.7978,-0.42822
173,-1.40169,15.3538,1.19982
173,-1.31716,15.3682,1.21105
173,-2.99334,15.6198,1.28335
173,-5.35461,15.6039,0.16525
173,-3.59655,15.7683,1.48354
173,-6.70004,12.9496,0.850025
172,-6.70004,12.9496,0.850025
173,-1.95431,18.9172,1.99402
172,-1.95431,18.9172,1.99402
173,-7.67694,17.0672,1.22545
172,-7.67694,17.0672,1.22545
173,-2.64483,16.3137,1.04513
172,-2.64483,16.3137,1.04513
173,-4.66946,15.2877,2.51089
172,-4.66946,15.2877,2.51089
173,-5.11844,17.4264,-0.565934
172,-5.11844,17.4264,-0.565934
173,-5.90281,16.6414,1.21384
172,-5.90281,16.6414,1.21384
173,-5.68669,16.3068,1.39623
172,-5.68669,16.3068,1.39623
173,-1.12832,18.1854,2.06852
172,-1.12832,18.1854,2.06852
173,-7.65512,17.6755,2.48859
172,-7.65512,17.6755,2.48859
173,-5.3722,18.9997,-1.07227
172,-5.3722,18.9997,-1.07227
173,-4.5477,17.5923,1.99234
172,-4.5477,17.5923,1.99234
173,-2.378,15.711,1.02428
172,-2.378,15.711,1.02428
173,-4.92766,16.1831,1.40603
172,-4.92766,16.1831,1.40603
173,-7.67725,16.9129,3.84653
172,-7.67725,16.9129,3.84653
173,-7.15444,17.7701,0.186412
172,-7.15444,17.7701,0.186412
173,-1.3668,17.3443,3.38823
172,-1.3668,17.3443,3.38823
173,-4.79843,15.1762,3.06362
172,-4.79843,15.1762,3.06362
173,-8.25737,16.6289,1.11229
172,-8.25737,16.6289,1.11229
173,-7.13756,16.3068,1.42075
172,-7.13756,16.3068,1.42075
173,-2.49702,16.5401,2.46281
172,-2.49702,16.5401,2.46281
173,-2.15949,16.4956,2.45946
172,-2.15949,16.4956,2.45946
173,-1.19107,17.1797,0.671432
172,-1.19107,17.1797,0.671432
173,-6.04291,18.6096,0.893095
172,-6.04291,18.6096,0.893095
173,-2.22062,16.4185,2.4563
172,-2.22062,16.4185,2.4563
173,-1.29485,17.4721,2.44774
172,-1.29485,17.4721,2.44774
173,-1.8998,16.2478,0.894545
172,-1.8998,16.2478,0.894545
173,-7.31633,15.5977,-0.193989
172,-7.31633,15.5977,-0.193989
173,-7.73112,12.9489,0.766189
172,-7.73112,12.9489,0.766189
173,-10.1611,17.2308,1.13971
172,-10.1611,17.2308,1.13971
173,-9.22211,17.3685,3.92425
172,-9.22211,17.3685,3.92425
173,-0.064498,17.4251,2.15902
172,-0.064498,17.4251,2.15902
173,-2.1252,16.5469,2.45512
172,-2.1252,16.5469,2.45512
173,-3.21125,17.6762,3.59653
172,-3.21125,17.6762,3.59653
173,-7.26828,13.5524,0.756637
172,-7.26828,13.5524,0.756637
173,-9.18625,16.5558,3.09946
172,-9.18625,16.5558,3.09946
173,-8.84371,16.0971,3.03894
172,-8.84371,16.0971,3.03894
173,-10.428,17.3695,1.13472
172,-10.428,17.3695,1.13472
173,-9.25614,17.6422,3.96472
172,-9.25614,17.6422,3.96472
173,-0.122851,17.4739,2.02526
172,-0.122851,17.4739,2.02526
173,-3.69851,19.937,2.40767
172,-3.69851,19.937,2.40767
173,-1.98664,17.0743,2.2029
172,-1.98664,17.0743,2.2029
173,-3.10791,17.8369,2.08613
171,-3.10791,17.8369,2.08613
173,-3.58326,15.211,2.91656
171,-3.58326,15.211,2.91656
173,-3.16916,17.8023,3.5973
171,-3.16916,17.8023,3.5973
173,-7.77697,16.5856,1.44554
171,-7.77697,16.5856,1.44554
173,-7.51971,17.2339,1.06031
171,-7.51971,17.2339,1.06031
173,-2.71937,15.8979,1.50171
171,-2.71937,15.8979,1.50171
173,-10.213,17.305,1.12952
171,-10.213,17.305,1.12952
173,-2.62418,15.3101,1.13254
171,-2.62418,15.3101,1.13254
173,-8.35242,16.5954,0.912659
171,-8.35242,16.5954,0.912659
173,-2.78939,15.3024,1.56132
171,-2.78939,15.3024,1.56132
173,-2.70593,15.8477,1.34286
171,-2.70593,15.8477,1.34286
173,-3.3264,16.7052,2.38842
170,-3.3264,16.7052,2.38842
173,-4.58501,16.4702,1.14152
170,-4.58501,16.4702,1.14152
173,-5.47134,18.8909,2.04248
170,-5.47134,18.8909,2.04248
173,-12.4298,20.1522,-1.2691
170,-12.4298,20.1522,-1.2691
173,-12.4466,20.1837,-1.2859
170,-12.4466,20.1837,-1.2859
173,-4.75367,15.449,3.12224
169,-4.75367,15.449,3.12224
173,-1.73186,17.2601,2.07612
169,-1.73186,17.2601,2.07612
173,-5.09755,16.3074,1.61731
167,-5.09755,16.3074,1.61731
173,-7.84121,21.2785,2.03243
166,-7.84121,21.2785,2.03243
173,-5.73398,16.3152,1.30793
166,-5.73398,16.3152,1.30793
174,-6.39885,9.5517,2.19739
174,-5.97408,10.1543,2.28829
174,-5.71151,11.1783,2.0479
174,-6.08623,11.2359,1.97618
174,-6.5274,11.6375,1.94501
174,-5.19958,11.5551,0.649994
174,-7.70087,12.1362,0.975042
174,-5.07036,11.8542,0.470613
174,-6.94446,12.3759,1.00402
174,-7.79287,12.4815,0.910215
174,-6.98473,12.4207,0.97394
174,-7.06434,12.4473,0.888548
174,-5.68934,12.3144,0.905344
174,-7.00317,12.5824,0.941755
174,-7.00298,12.6253,0.922171
174,-4.30445,12.3797,1.28123
174,-6.0534,12.5232,0.714726
174,-4.23186,12.4538,1.25625
174,-4.34386,12.5118,1.24477
174,-7.17455,12.8138,0.773607
174,-6.8572,12.8483,0.977742
174,-6.20184,12.952,1.31938
174,-4.07945,12.7319,1.17423
174,-3.59122,12.7317,1.16392
174,-6.07119,12.9126,0.600472
174,-6.06238,12.9119,0.599655
174,-4.02493,12.8244,1.15869
174,-6.06851,12.9613,0.553348
174,-6.06551,12.9861,0.57777
174,-4.11526,12.8981,1.12634
174,-3.82249,13.2169,2.37285
174,-6.18964,13.2239,1.25
174,-8.13335,13.375,0.827332
174,-4.68523,12.683,-0.0927217
174,-7.01335,13.3753,1.25929
174,-6.06647,13.0867,0.554695
174,-5.77272,13.1672,0.913579
174,-6.06386,13.1098,0.524288
174,-8.18772,13.5532,0.770374
174,-5.64234,13.1883,0.531343
174,-5.65126,13.3916,1.14828
174,-8.20703,13.6149,0.73833
174,-5.66881,13.4009,1.15774
174,-2.83366,13.127,1.02887
174,-7.89082,13.7655,0.837817
174,-8.26001,13.7744,0.677768
174,-6.27853,13.5111,0.444692
174,-7.10236,13.8541,1.14185
174,-6.08203,13.5072,0.372371
174,-6.27978,13.588,0.412921
174,-6.60214,13.7007,0.563214
174,-6.29454,13.6175,0.399769
174,-6.61674,14.3956,2.95915
174,-6.5687,14.4762,2.9564
174,-7.12789,14.0369,1.10348
174,-6.82451,13.8605,0.320256
174,-3.87542,14.1934,2.79538
174,-6.30215,13.8322,0.31484
174,-1.82273,13.97,2.58246
174,-5.71564,14.587,2.8156
174,-3.77809,13.9345,1.36775
174,-5.64036,14.1831,1.22507
174,-6.61906,14.1529,0.559636
174,-7.66175,14.2088,0.227784
174,-5.61468,14.2663,1.22354
174,-6.63679,14.2346,0.558651
174,-5.75933,14.7675,2.84617
174,-6.33809,14.1102,0.227998
174,-5.75694,14.7892,2.85106
174,-6.85435,14.1877,0.189812
174,-5.58349,14.4742,1.17158
174,-6.34518,14.3161,0.137927
174,-8.58405,15.317,2.6236
174,-6.41882,14.3411,0.0200589
174,-3.55665,14.3435,1.29144
174,-5.76635,14.9882,2.55177
174,-6.41222,14.3885,-0.0141089
174,-3.57048,14.8416,2.82246
174,-6.57832,14.6318,0.513999
174,-6.46926,14.9329,1.44891
174,-5.41657,14.8031,1.33464
174,-3.46289,14.5337,1.25166
174,-6.41488,14.5756,-0.0899496
174,-7.37499,15.234,1.69946
174,-7.94879,15.2793,1.47032
174,-3.4349,15.0797,2.85137
174,-6.37608,14.7471,-0.0188446
174,-6.63483,14.8565,0.169696
174,-5.49521,15.0258,1.29846
174,-8.6345,16.0906,3.59479
174,-6.53377,14.8483,-0.0980608
174,-5.5048,15.1147,1.24438
174,-3.4282,15.2725,2.76052
174,-5.47091,15.1775,1.26698
174,-8.77531,15.3756,0.329787
174,-6.42828,15.398,1.40132
174,-4.85753,15.2868,1.73499
174,-4.84367,15.3164,1.73521
174,-5.30782,15.5883,2.47049
174,-7.60211,15.7074,1.55229
174,-3.89509,14.9819,0.646174
174,-4.24956,15.1445,1.00187
174,-2.21537,14.7578,0.537353
174,-6.23551,15.5446,1.37636
174,-8.09558,15.7011,0.985821
174,-6.56421,15.167,-0.232898
174,-3.23041,15.1809,1.35076
174,-7.49835,15.9462,1.7391
174,-7.52059,15.9577,1.45987
174,-7.12976,15.863,1.28854
174,-7.51362,16.0621,1.74022
174,-3.09166,15.4355,1.52771
174,-8.12795,16.5979,3.28943
174,-6.23446,15.8077,1.34325
174,-2.6723,16.0203,1.4703
173,-2.6723,16.0203,1.4703
174,-2.93343,16.3004,1.06598
173,-2.93343,16.3004,1.06598
174,-5.25715,13.4988,1.13452
173,-5.25715,13.4988,1.13452
174,-2.96345,16.1794,1.41069
173,-2.96345,16.1794,1.41069
174,-5.44608,16.4359,1.18239
173,-5.44608,16.4359,1.18239
174,-4.20174,16.774,1.56624
173,-4.20174,16.774,1.56624
174,-7.56898,17.6212,0.231821
173,-7.56898,17.6212,0.231821
174,-6.26306,17.9928,2.53111
173,-6.26306,17.9928,2.53111
174,-7.75576,17.4982,2.3319
173,-7.75576,17.4982,2.3319
174,-4.35571,17.7867,1.87908
173,-4.35571,17.7867,1.87908
174,-2.73083,15.9253,1.48752
173,-2.73083,15.9253,1.48752
174,-7.54707,18.019,2.10398
173,-7.54707,18.019,2.10398
174,-1.87355,19.8992,-2.22799
173,-1.87355,19.8992,-2.22799
174,-1.33493,15.7038,1.50277
173,-1.33493,15.7038,1.50277
174,1.93249,19.0179,2.04804
173,1.93249,19.0179,2.04804
174,-5.65008,13.4615,0.186899
173,-5.65008,13.4615,0.186899
174,-2.35175,16.4258,3.24725
173,-2.35175,16.4258,3.24725
174,-7.6356,17.7062,4.02256
173,-7.6356,17.7062,4.02256
174,-4.30142,17.7549,3.49081
173,-4.30142,17.7549,3.49081
174,-1.44182,15.7393,1.38103
173,-1.44182,15.7393,1.38103
174,-4.3873,17.4435,3.47079
173,-4.3873,17.4435,3.47079
174,-6.21362,16.5752,1.24342
173,-6.21362,16.5752,1.24342
174,-7.42895,19.014,4.11837
173,-7.42895,19.014,4.11837
174,-4.18059,15.4146,1.31525
173,-4.18059,15.4146,1.31525
174,-3.2871,13.1163,1.04577
173,-3.2871,13.1163,1.04577
174,-7.82383,16.7044,0.884075
173,-7.82383,16.7044,0.884075
174,-7.76533,16.6696,1.45434
173,-7.76533,16.6696,1.45434
174,-3.09203,17.9833,3.64155
173,-3.09203,17.9833,3.64155
174,-5.09966,13.6037,1.13531
173,-5.09966,13.6037,1.13531
174,-7.87239,15.5965,3.17116
173,-7.87239,15.5965,3.17116
174,-4.7777,18.3836,2.56726
173,-4.7777,18.3836,2.56726
174,-0.0238553,17.333,2.48523
173,-0.0238553,17.333,2.48523
174,-4.28756,14.8219,1.04751
173,-4.28756,14.8219,1.04751
174,-1.41911,15.9053,1.3025
173,-1.41911,15.9053,1.3025
174,-7.55088,17.3771,2.12064
173,-7.55088,17.3771,2.12064
174,-7.8223,18.2655,2.50026
173,-7.8223,18.2655,2.50026
174,-4.58889,13.3138,1.06149
172,-4.58889,13.3138,1.06149
174,-2.89528,15.9093,1.44783
172,-2.89528,15.9093,1.44783
174,-4.15996,16.2439,1.18396
172,-4.15996,16.2439,1.18396
174,-7.81757,16.5765,0.878366
172,-7.81757,16.5765,0.878366
174,-7.17159,16.625,1.19871
172,-7.17159,16.625,1.19871
174,-7.58689,17.3634,3.85609
172,-7.58689,17.3634,3.85609
174,-1.37626,16.2921,0.916572
172,-1.37626,16.2921,0.916572
174,-7.64152,18.445,2.11724
172,-7.64152,18.445,2.11724
174,-8.79501,17.0106,1.32755
172,-8.79501,17.0106,1.32755
174,-7.65098,16.4619,1.61026
172,-7.65098,16.4619,1.61026
174,-5.90936,13.4075,0.206319
171,-5.90936,13.4075,0.206319
174,-6.11009,12.8004,1.74384
170,-6.11009,12.8004,1.74384
174,-7.0033,15.7155,2.73256
169,-7.0033,15.7155,2.73256
174,-5.85919,17.2618,1.12086
167,-5.85919,17.2618,1.12086
175,-5.70295,9.20751,1.7752
175,-5.99537,9.32153,1.9074
175,-5.90626,9.56511,1.98779
175,-5.24726,9.58027,2.11133
175,-5.66612,9.83818,1.84034
175,-5.44586,10.7333,1.64433
175,-6.45085,10.8564,1.50366
175,-5.13712,10.9377,2.06844
175,-6.24092,10.7662,0.706547
175,-6.23985,10.774,0.70751
175,-6.23651,10.7748,0.710261
175,-6.61987,11.3418,1.37924
175,-5.50727,11.1302,1.19386
175,-6.24898,11.5284,1.79559
175,-5.19064,11.2317,1.15652
175,-5.45961,11.5181,1.05234
175,-3.574,11.5693,1.75622
175,-6.13281,11.6661,0.693823
175,-5.662,11.9204,1.38242
175,-5.40625,12.0561,1.40042
175,-6.87787,12.2113,0.991808
175,-6.99202,12.3828,0.865632
175,-3.58182,11.6406,-0.0621862
175,-5.9916,12.8647,2.70062
175,-5.53628,12.5868,1.57606
175,-5.38726,12.5365,1.23592
175,-3.74939,12.3884,1.21985
175,-3.29509,11.9812,-0.329844
175,-3.66967,12.5198,1.18304
175,-4.67834,12.4429,0.405863
175,-4.83662,12.5364,0.614304
175,-6.10145,12.7462,0.617619
175,-4.40859,12.1534,-0.590645
175,-5.60611,12.8593,1.17803
175,-5.32104,12.3037,-0.622113
175,-6.14291,12.7923,0.614227
175,-2.80122,12.4733,1.16998
175,-5.57922,12.961,1.19193
175,-6.107,12.9023,0.647719
175,-5.57314,12.9915,1.18903
175,-5.67261,13.0111,1.1677
175,-5.66848,13.0197,1.16565
175,-6.10139,12.9314,0.632897
175,-4.60779,12.6407,0.306833
175,-4.61166,12.6505,0.31019
175,-6.10735,12.9602,0.623811
175,-6.71769,13.3358,1.33159
175,-6.86678,13.2248,0.825289
175,-2.02015,12.6396,1.1453
175,-2.15259,12.6796,1.17134
175,-4.56036,12.7755,0.237797
175,-2.03257,12.7206,1.14292
175,-5.63726,13.2655,1.20182
175,-5.63987,13.2992,1.17329
175,-5.63558,13.3033,1.18614
175,-5.14687,13.3134,1.26816
175,-6.25881,13.6992,1.97598
175,-6.93006,13.4652,0.760288
175,-1.80248,12.9292,1.10074
175,-3.49079,12.5708,-1.04557
175,-7.46037,14.3279,2.71661
175,-1.92269,13.0516,1.06514
175,-3.23227,12.9966,0.0852276
175,-6.22942,13.866,1.52618
175,-5.6501,13.7301,1.23955
175,-4.53635,12.9185,-1.19825
175,-5.66471,13.4976,-0.0380733
175,-7.67997,13.9528,0.412687
175,-4.3225,13.4903,0.460553
175,-5.68005,13.2783,-1.00292
175,-7.80691,14.0459,0.369087
175,-5.66867,13.3327,-1.03242
175,-1.84495,13.8267,2.5319
175,-6.46095,13.8967,0.394753
175,-5.67734,13.3891,-1.0794
175,-5.66747,13.677,-0.11133
175,-7.74025,14.148,0.357227
175,-5.48552,14.093,1.27136
175,-4.44838,13.1758,-1.40846
175,-4.44592,13.8515,0.920921
175,-6.78325,14.1079,0.502604
175,-6.77061,14.1283,0.49012
175,-4.42615,13.243,-1.46243
175,-2.93241,13.4811,-0.15049
175,-6.9943,14.2667,0.272263
175,-6.00484,14.041,-0.0639381
175,-5.69128,13.6572,-1.24798
175,-5.69583,13.5308,-1.79003
175,-4.33262,13.5228,-1.16044
175,-6.69164,14.3713,0.565179
175,-5.67224,13.5471,-1.83581
175,-5.46951,14.4346,1.21669
175,-7.6706,14.6866,0.910108
175,-7.87085,14.5433,0.222597
175,-5.68182,14.096,-0.312933
175,-6.63706,14.4176,0.202482
175,-5.67421,15.0471,2.65105
175,-2.81999,14.1324,0.797031
175,-4.20805,14.4433,0.835141
175,-5.68968,14.0347,-1.50147
175,-1.68993,14.2398,1.15219
175,-5.4299,14.8505,1.38023
175,-1.19565,14.7213,2.95157
175,-1.2313,14.7762,3.00874
175,-7.80868,15.1374,0.860167
175,-5.72108,15.416,2.7612
175,-1.13608,14.8892,3.01826
175,-5.73842,15.2589,1.9933
175,-6.6694,14.8372,-0.00826669
175,-3.4022,15.3783,2.77206
175,-2.52988,14.6492,0.679181
175,-3.40851,15.3966,2.77351
175,-6.71027,15.087,-0.0911813
175,-5.6551,14.7855,-0.609826
175,-5.66853,14.4631,-1.80374
175,-6.84461,15.5661,1.35034
175,-4.07613,14.301,-1.69611
175,-2.2349,14.5468,0.0100665
175,-7.38853,16.0465,2.45593
175,-3.87465,14.8449,-0.0110536
175,-2.32558,15.3337,2.43178
175,-1.8971,15.0113,1.4592
175,-3.89605,14.8642,-0.0484343
175,-5.72193,15.7417,1.99064
175,-2.00509,16.061,1.10239
174,-2.00509,16.061,1.10239
175,-1.86869,15.6261,1.02525
174,-1.86869,15.6261,1.02525
175,-4.59606,16.2862,1.19227
174,-4.59606,16.2862,1.19227
175,-5.38732,13.1495,1.16118
174,-5.38732,13.1495,1.16118
175,-4.28224,16.0538,1.49442
174,-4.28224,16.0538,1.49442
175,-6.24256,11.527,0.809834
174,-6.24256,11.527,0.809834
175,-1.57591,17.3742,2.54842
174,-1.57591,17.3742,2.54842
175,-1.26376,19.1252,2.33917
174,-1.26376,19.1252,2.33917
175,-0.946482,19.7543,2.33611
174,-0.946482,19.7543,2.33611
175,-1.28273,17.8686,2.05152
174,-1.28273,17.8686,2.05152
175,-6.30158,12.7913,0.748523
174,-6.30158,12.7913,0.748523
175,-7.12171,16.7221,1.14214
174,-7.12171,16.7221,1.14214
175,-4.51536,16.5996,1.15666
174,-4.51536,16.5996,1.15666
175,-4.35655,17.3838,1.27519
174,-4.35655,17.3838,1.27519
175,-4.89748,16.297,1.38818
174,-4.89748,16.297,1.38818
175,-6.24159,11.5229,0.81399
174,-6.24159,11.5229,0.81399
175,-3.18632,17.7497,3.58012
174,-3.18632,17.7497,3.58012
175,-1.27008,17.6363,1.87218
174,-1.27008,17.6363,1.87218
175,-7.74556,17.2433,1.32409
174,-7.74556,17.2433,1.32409
175,-1.49462,17.5485,2.55456
174,-1.49462,17.5485,2.55456
175,-4.70777,18.5416,2.60098
174,-4.70777,18.5416,2.60098
175,2.7193,20.6797,2.41651
174,2.7193,20.6797,2.41651
175,-1.36933,14.8573,2.89589
174,-1.36933,14.8573,2.89589
175,-7.12364,13.1473,0.706211
174,-7.12364,13.1473,0.706211
175,-6.33777,13.1017,0.644529
174,-6.33777,13.1017,0.644529
175,-7.37872,17.9314,2.58047
174,-7.37872,17.9314,2.58047
175,-7.70779,17.5031,2.56258
174,-7.70779,17.5031,2.56258
175,-7.79985,17.2482,2.55859
174,-7.79985,17.2482,2.55859
175,-5.7971,18.4707,0.976491
174,-5.7971,18.4707,0.976491
175,-0.0934758,15.3298,1.52913
174,-0.0934758,15.3298,1.52913
175,-1.608,17.3547,2.54826
174,-1.608,17.3547,2.54826
175,-4.56038,17.5473,2.55752
174,-4.56038,17.5473,2.55752
175,2.57787,20.4955,2.42714
174,2.57787,20.4955,2.42714
175,2.19229,18.0976,2.31104
174,2.19229,18.0976,2.31104
175,-7.64386,17.2948,3.38843
174,-7.64386,17.2948,3.38843
175,-8.33016,17.4816,3.44416
174,-8.33016,17.4816,3.44416
175,-5.79075,18.0373,1.06021
174,-5.79075,18.0373,1.06021
175,-6.34088,12.8804,0.732407
174,-6.34088,12.8804,0.732407
175,-7.71689,17.6413,2.57436
174,-7.71689,17.6413,2.57436
175,-7.81586,17.3076,2.55326
174,-7.81586,17.3076,2.55326
175,-4.41994,18.3748,2.57023
174,-4.41994,18.3748,2.57023
175,2.05318,17.9528,2.30178
174,2.05318,17.9528,2.30178
175,2.26434,18.2098,2.32795
174,2.26434,18.2098,2.32795
175,-1.39966,14.8587,2.87748
174,-1.39966,14.8587,2.87748
175,-0.0855525,15.5784,1.33546
174,-0.0855525,15.5784,1.33546
175,-0.15184,15.8595,2.49213
174,-0.15184,15.8595,2.49213
175,-1.41137,14.8448,2.87886
174,-1.41137,14.8448,2.87886
175,2.15679,18.0971,2.32089
174,2.15679,18.0971,2.32089
175,-7.39324,16.388,2.12125
174,-7.39324,16.388,2.12125
175,-1.41016,17.7181,2.5599
174,-1.41016,17.7181,2.5599
175,-1.5904,14.3302,2.43379
174,-1.5904,14.3302,2.43379
175,-2.61687,15.9597,1.26581
174,-2.61687,15.9597,1.26581
175,-7.82757,19.2609,2.62372
174,-7.82757,19.2609,2.62372
175,-4.26428,17.2677,2.54007
174,-4.26428,17.2677,2.54007
175,4.55133,23.65,2.52579
174,4.55133,23.65,2.52579
175,-4.87522,16.4035,1.38044
173,-4.87522,16.4035,1.38044
175,-6.20271,18.6904,2.55705
173,-6.20271,18.6904,2.55705
175,-4.48569,13.7085,0.986418
172,-4.48569,13.7085,0.986418
175,-1.30602,15.6376,1.02163
172,-1.30602,15.6376,1.02163
175,-2.70508,16.0183,0.974722
172,-2.70508,16.0183,0.974722
175,-6.2805,18.058,2.13313
172,-6.2805,18.058,2.13313
175,-4.2583,16.009,1.17484
171,-4.2583,16.009,1.17484
175,-7.12618,38.1755,6.98267
163,-7.12618,38.1755,6.98267
176,-5.44629,8.89444,1.94263
176,-5.44154,8.89425,1.93921
176,-5.24454,9.40495,1.8288
176,-5.22858,9.40367,1.82452
176,-5.31188,9.61352,1.5216
176,-5.30894,9.61892,1.52032
176,-5.04614,10.2391,0.747507
176,-5.39649,10.7456,1.70678
176,-5.64736,10.8089,1.71148
176,-4.23364,10.7908,1.77527
176,-6.23648,10.7702,0.690737
176,-6.23344,10.7889,0.682654
176,-5.56111,11.2342,1.76057
176,-4.92589,11.1075,1.1728
176,-4.69648,11.3196,1.38728
176,-5.47632,11.4804,1.38236
176,-4.44758,11.4186,1.3616
176,-5.95648,11.8864,1.62575
176,-6.14104,11.6665,0.673362
176,-6.15979,11.6715,0.59882
176,-5.86129,12.0008,1.60136
176,-4.08778,11.3399,-0.160557
176,-4.02596,11.5289,-0.0796806
176,-2.92073,12.1677,1.19298
176,-6.09313,12.6183,0.684241
176,-6.12083,12.6227,0.672671
176,-6.09909,12.6364,0.679009
176,-6.11752,12.7075,0.670168
176,-6.0882,12.764,0.692786
176,-2.71724,11.9828,-0.336195
176,-2.75414,12.0186,-0.24136
176,-5.05587,12.2139,-0.758748
176,-6.09663,12.8177,0.681019
176,-6.1106,12.8607,0.6739
176,-4.58437,12.5247,-0.112535
176,-5.42561,13.0397,1.17576
176,-1.59063,12.4946,1.19906
176,-2.43857,12.2436,-0.386989
176,-5.66192,13.2148,1.15116
176,-5.54751,13.1798,1.08043
176,-5.50404,13.2062,1.13058
176,-5.65902,13.2507,1.14308
176,-4.81421,12.6136,-0.910195
176,-5.54386,13.2997,1.05451
176,-4.8042,12.6342,-0.927827
176,-1.98962,12.8359,1.11587
176,-5.66495,13.4436,1.20266
176,-2.06063,12.9016,1.08849
176,-5.59977,13.4384,1.1347
176,-3.29771,13.0799,1.03193
176,-2.0062,12.9358,1.06598
176,-5.63275,13.5288,1.20279
176,-5.61489,13.5496,1.19899
176,-4.47641,12.9366,-0.330569
176,-1.68272,12.9365,1.05358
176,-3.41857,12.5992,-1.09726
176,-5.65488,13.3438,-0.0975144
176,-5.16509,13.3628,0.16027
176,-1.44244,13.0893,1.00767
176,-5.15116,13.3961,0.161436
176,-5.65924,13.4534,-0.136242
176,-4.76267,13.0443,-1.20789
176,-5.69727,13.621,-0.060595
176,-5.69462,13.6256,-0.0551546
176,-4.34076,13.4748,0.106419
176,-2.06188,13.5486,1.39259
176,-4.4727,12.9893,-1.75166
176,-0.719275,13.27,1.04277
176,-5.69992,13.4392,-1.13614
176,-5.67769,13.4168,-1.26331
176,-1.68527,13.9979,2.64119
176,-5.66729,13.4393,-1.32909
176,-5.67422,13.4679,-1.29468
176,-4.41835,13.1942,-1.93326
176,-3.10761,13.1716,-1.54446
176,-5.66687,13.4777,-1.96087
176,-5.67015,13.5,-2.02279
176,-3.14055,13.141,-2.01931
176,-5.68086,13.5586,-2.00573
176,-5.67787,13.5665,-2.00876
176,-5.68979,13.6704,-1.74513
176,-5.72508,13.7889,-1.45905
176,-1.35763,14.4318,2.87798
176,-5.70713,13.6515,-2.04464
176,-1.24137,14.4868,2.86674
176,-3.05793,13.2915,-2.15575
176,-3.44969,14.8361,2.79611
176,-5.40394,14.6881,1.18964
176,-5.79647,14.3802,-0.322255
176,-7.75862,15.2446,1.45016
176,-4.94367,14.6731,0.916738
176,-5.38918,14.882,1.17834
176,-6.81303,14.8629,0.358086
176,-0.214128,14.0419,0.809822
176,-5.3884,14.9273,1.16767
176,-7.80846,15.1773,0.796461
176,-4.1446,14.3872,-0.242155
176,-0.447248,14.2031,0.793098
176,-5.92669,14.7078,-0.447592
176,-5.89642,14.6603,-0.611382
176,-5.77474,14.6597,-0.649233
176,-4.91584,14.9827,0.872227
176,-2.84302,13.6911,-2.50174
176,-5.70741,15.6497,2.57352
176,-8.3142,16.077,2.48216
176,-1.34428,17.4295,1.95807
175,-1.34428,17.4295,1.95807
176,-0.313642,17.2422,1.95146
175,-0.313642,17.2422,1.95146
176,-6.01089,16.4885,-4.05671
175,-6.01089,16.4885,-4.05671
176,-4.43343,19.2566,2.32073
175,-4.43343,19.2566,2.32073
176,-4.22935,15.796,1.07327
175,-4.22935,15.796,1.07327
176,-5.47066,16.5842,1.19207
175,-5.47066,16.5842,1.19207
176,-6.07492,18.7055,-3.57949
175,-6.07492,18.7055,-3.57949
176,-3.30675,17.8614,2.43701
175,-3.30675,17.8614,2.43701
176,-5.73807,16.5432,1.20669
175,-5.73807,16.5432,1.20669
176,-1.27761,17.2484,2.07564
175,-1.27761,17.2484,2.07564
176,-2.59229,12.8652,1.059
175,-2.59229,12.8652,1.059
176,1.29813,18.8296,2.24114
175,1.29813,18.8296,2.24114
176,-5.70472,16.6396,1.14701
175,-5.70472,16.6396,1.14701
176,-5.73851,16.5995,1.19776
175,-5.73851,16.5995,1.19776
176,-6.01377,16.2808,-3.88706
175,-6.01377,16.2808,-3.88706
176,-6.22339,17.8274,1.97577
175,-6.22339,17.8274,1.97577
176,-6.17141,18.9285,2.31045
175,-6.17141,18.9285,2.31045
176,-4.23601,15.9577,1.17792
175,-4.23601,15.9577,1.17792
176,-1.01349,16.0517,2.51384
175,-1.01349,16.0517,2.51384
176,-0.12021,17.5366,1.94441
175,-0.12021,17.5366,1.94441
176,-0.197739,17.2379,2.10844
175,-0.197739,17.2379,2.10844
176,3.30054,20.7101,2.40818
175,3.30054,20.7101,2.40818
176,-1.3218,17.4701,1.93977
175,-1.3218,17.4701,1.93977
176,1.53032,17.1267,2.58275
175,1.53032,17.1267,2.58275
176,-6.4107,14.8487,0.744872
175,-6.4107,14.8487,0.744872
176,-3.36007,13.1978,1.00962
175,-3.36007,13.1978,1.00962
176,-1.96851,12.8663,-1.43262
175,-1.96851,12.8663,-1.43262
176,-2.4367,13.0565,1.01188
175,-2.4367,13.0565,1.01188
176,-1.74798,13.6517,-2.26356
175,-1.74798,13.6517,-2.26356
176,-7.14959,16.5599,1.19964
175,-7.14959,16.5599,1.19964
176,-2.67256,16.3683,1.16175
175,-2.67256,16.3683,1.16175
176,-1.09817,17.6056,2.59978
175,-1.09817,17.6056,2.59978
176,-4.29661,15.9935,1.2472
175,-4.29661,15.9935,1.2472
176,-0.104752,15.2721,1.24287
175,-0.104752,15.2721,1.24287
176,-0.448485,17.0306,2.07536
175,-0.448485,17.0306,2.07536
176,-0.256266,17.3303,2.59431
175,-0.256266,17.3303,2.59431
176,1.31719,16.5983,2.58017
175,1.31719,16.5983,2.58017
176,-6.23357,18.085,1.97324
175,-6.23357,18.085,1.97324
176,0.028034,15.4187,1.48699
175,0.028034,15.4187,1.48699
176,1.69238,17.2048,2.63743
175,1.69238,17.2048,2.63743
176,-6.00435,15.6974,-3.42386
175,-6.00435,15.6974,-3.42386
176,2.43923,20.3674,2.80768
175,2.43923,20.3674,2.80768
176,1.06523,18.7003,2.29631
175,1.06523,18.7003,2.29631
176,-6.25539,18.6203,1.96683
175,-6.25539,18.6203,1.96683
176,-6.17788,18.2491,2.65384
175,-6.17788,18.2491,2.65384
176,-7.1859,17.4875,1.09882
175,-7.1859,17.4875,1.09882
176,-0.28841,17.2831,2.11867
175,-0.28841,17.2831,2.11867
176,-6.07035,18.4988,2.18168
175,-6.07035,18.4988,2.18168
176,-1.32124,17.8433,2.15517
175,-1.32124,17.8433,2.15517
176,-4.06157,18.3235,2.58197
175,-4.06157,18.3235,2.58197
176,-3.88412,14.2597,-0.194336
175,-3.88412,14.2597,-0.194336
176,-1.94865,15.1428,-2.83961
175,-1.94865,15.1428,-2.83961
176,-0.289118,17.2845,2.58325
175,-0.289118,17.2845,2.58325
176,1.89528,17.7309,2.5873
175,1.89528,17.7309,2.5873
176,-1.65454,15.1499,0.663929
175,-1.65454,15.1499,0.663929
176,-4.27378,15.7865,1.21236
175,-4.27378,15.7865,1.21236
176,-0.405337,17.0987,2.1572
175,-0.405337,17.0987,2.1572
176,3.52547,21.1846,2.52622
175,3.52547,21.1846,2.52622
176,2.69448,20.5778,2.51037
175,2.69448,20.5778,2.51037
176,-6.12443,16.7161,-2.54703
175,-6.12443,16.7161,-2.54703
176,-6.10787,18.4269,-3.34025
175,-6.10787,18.4269,-3.34025
176,-6.03552,14.4379,-1.19605
175,-6.03552,14.4379,-1.19605
176,-4.47054,12.6624,0.46534
175,-4.47054,12.6624,0.46534
176,-2.06243,14.9673,-2.71063
175,-2.06243,14.9673,-2.71063
176,-4.65029,14.2906,1.38817
175,-4.65029,14.2906,1.38817
176,-4.98354,16.676,1.1862
175,-4.98354,16.676,1.1862
176,-2.53494,16.2038,1.18223
175,-2.53494,16.2038,1.18223
176,-3.03778,15.5448,1.2605
175,-3.03778,15.5448,1.2605
176,-1.30846,17.5988,2.02641
175,-1.30846,17.5988,2.02641
176,-5.88731,19.5776,2.19494
175,-5.88731,19.5776,2.19494
176,3.74907,21.9876,2.62439
175,3.74907,21.9876,2.62439
176,-8.26433,17.402,1.20944
175,-8.26433,17.402,1.20944
176,-6.11722,18.2591,2.63085
175,-6.11722,18.2591,2.63085
176,-1.31349,17.0469,2.51652
175,-1.31349,17.0469,2.51652
176,-4.58248,12.9994,0.394541
175,-4.58248,12.9994,0.394541
176,-3.06778,15.6935,1.2964
175,-3.06778,15.6935,1.2964
176,-4.67298,19.1918,2.15002
175,-4.67298,19.1918,2.15002
176,-4.5757,18.4897,2.65715
175,-4.5757,18.4897,2.65715
176,2.37928,20.3951,2.74993
175,2.37928,20.3951,2.74993
176,2.99,38.8065,2.67568
175,2.99,38.8065,2.67568
176,-1.96758,22.0223,2.33976
175,-1.96758,22.0223,2.33976
176,-4.18529,16.185,1.15735
174,-4.18529,16.185,1.15735
176,-4.14421,16.1386,1.47026
174,-4.14421,16.1386,1.47026
176,-5.02561,13.804,1.06265
174,-5.02561,13.804,1.06265
176,-0.0364645,15.5402,1.34843
174,-0.0364645,15.5402,1.34843
176,-5.78076,16.6766,1.19788
174,-5.78076,16.6766,1.19788
176,-3.03433,18.0312,2.1227
174,-3.03433,18.0312,2.1227
176,-7.85474,16.9792,1.40913
174,-7.85474,16.9792,1.40913
176,-8.08857,16.5499,1.42461
174,-8.08857,16.5499,1.42461
176,-4.53163,17.6856,2.53037
174,-4.53163,17.6856,2.53037
176,-2.32368,15.7772,1.00209
173,-2.32368,15.7772,1.00209
176,-2.19792,15.8169,0.992947
173,-2.19792,15.8169,0.992947
176,-4.14978,16.1016,1.47952
172,-4.14978,16.1016,1.47952
176,-6.26614,17.1299,1.1445
170,-6.26614,17.1299,1.1445
176,-8.01408,20.096,2.12786
166,-8.01408,20.096,2.12786
176,-8.02645,19.838,2.22998
166,-8.02645,19.838,2.22998
177,-5.05197,8.43946,1.74618
177,-5.00995,8.50709,1.75491
177,-4.95875,8.58447,1.78119
177,-5.02623,8.60768,1.49621
177,-5.05942,8.65571,1.42763
177,-5.27989,8.83462,1.6999
177,-5.28148,8.83585,1.70033
177,-5.1833,8.85183,1.79316
177,-5.08035,8.82992,1.71181
177,-5.19124,8.86525,1.76208
177,-5.08762,9.03107,1.81007
177,-5.06883,9.02028,1.76915
177,-4.70562,9.04329,1.80338
177,-4.86959,9.14845,1.6715
177,-4.65354,9.88326,0.627811
177,-5.64094,10.5444,1.60163
177,-6.09816,10.6265,1.58277
177,-5.01658,10.6174,1.84042
177,-5.04701,10.6125,1.58147
177,-4.30893,10.644,1.83615
177,-6.34735,10.8629,0.582749
177,-3.10211,10.5263,0.932158
177,-6.38028,10.9407,0.567052
177,-6.3995,11.2652,1.55508
177,-2.90835,10.7714,1.60347
177,-5.18783,11.1804,1.55819
177,-3.0929,11.5407,2.183
177,-2.95232,10.8733,-0.497171
177,-2.56112,10.826,-0.578398
177,-6.22053,11.7283,0.590446
177,-6.21092,11.7423,0.608694
177,-2.81495,10.8741,-0.671429
177,-2.84586,10.8853,-0.649836
177,-3.89716,11.36,0.342802
177,-2.81693,10.9139,-0.66863
177,-2.43971,10.916,-0.653216
177,-2.88044,11.8646,2.22506
177,-5.23845,12.1726,1.48523
177,-3.40838,11.2414,-0.770404
177,-6.80964,12.2781,0.914098
177,-2.18054,11.7644,1.29706
177,-2.16775,11.1717,-0.894816
177,-1.56568,11.8422,1.33256
177,-2.02529,11.699,0.510151
177,-3.28276,11.4729,-0.962636
177,-2.55639,12.0606,1.23583
177,-5.16645,12.7209,1.87916
177,-5.63721,12.629,1.24442
177,-4.56016,12.3297,0.778416
177,-1.89065,11.8851,0.440997
177,-2.5281,12.2951,1.43269
177,-5.66594,12.962,1.87662
177,-5.55774,12.8484,1.07529
177,-3.21731,12.7377,1.79981
177,-4.51559,12.6185,0.699629
177,-5.61026,12.9002,1.06999
177,-3.07791,11.8391,-1.26502
177,-5.63423,12.959,1.21691
177,-5.6412,12.9685,1.21413
177,-7.09467,13.2656,1.43506
177,-2.08418,12.4269,1.14626
177,-5.5558,13.002,1.04822
177,-3.11676,12.9189,1.80207
177,-2.24935,12.6245,1.13054
177,-5.25712,13.4292,2.3025
177,-5.48418,12.4602,-1.54307
177,-2.30579,12.8635,1.40768
177,-4.60223,13.2758,1.58374
177,-5.27157,13.5061,1.90786
177,-3.37633,12.6092,-0.233756
177,-4.45506,13.0342,0.605827
177,-2.09139,12.8449,1.09949
177,-4.45019,13.0836,0.592
177,-2.05765,12.8847,1.09367
177,-4.44774,13.1765,0.583771
177,-2.13878,13.0375,1.28612
177,-6.27255,12.8347,-1.58214
177,-6.30218,12.9593,-1.66132
177,-5.73094,13.2654,-0.436529
177,-5.70936,13.2609,-0.476647
177,-5.99131,13.3091,-0.834458
177,-5.79502,14.2471,2.35556
177,-4.46034,12.9966,-1.28851
177,-5.99814,13.369,-0.865405
177,-5.76264,13.4919,-0.485029
177,-5.99556,13.412,-0.901214
177,-5.6936,13.505,-0.436954
177,-5.74178,13.5009,-0.544965
177,-4.2069,13.8465,1.34727
177,-5.90285,14.42,2.36755
177,-4.37973,13.5087,-0.151535
177,-4.404,13.4143,-0.513914
177,-5.29429,14.1308,1.36376
177,-3.05517,13.3915,-0.0547422
177,-6.28247,13.8787,-0.329079
177,-5.7792,13.6498,-1.05207
177,-5.72199,13.7048,-1.09684
177,-5.82411,14.7693,2.37797
177,-1.52493,14.2656,2.51619
177,-4.11971,14.3097,1.3117
177,-5.73225,13.8336,-1.1527
177,-5.80292,13.8706,-1.13772
177,-5.91051,14.932,2.39172
177,-4.52121,14.3208,0.934742
177,-4.50995,14.3407,0.921119
177,-7.07059,14.9465,1.59825
177,-5.91663,15.0291,2.37825
177,-5.76729,14.7559,1.33826
177,-6.90007,14.9847,1.35096
177,-3.99937,14.8698,2.40259
177,-5.87643,14.2656,-0.730876
177,-5.95767,14.1563,-1.25907
177,0.249098,14.2173,1.93605
177,-5.92332,14.229,-1.43016
177,0.315964,14.2944,1.95465
177,-4.29643,14.1662,-0.856184
177,-5.92308,14.478,-0.816519
177,0.35363,14.3575,1.93443
177,-5.34087,15.0263,1.26765
177,-7.00652,15.0356,0.388455
177,-4.36563,14.8511,0.980701
177,-6.73949,15.3433,1.39804
177,-5.86225,14.5919,-0.730484
177,-6.25701,14.6243,-0.874779
177,-5.33517,15.1582,1.29578
177,-4.15229,16.3621,1.38528
176,-4.15229,16.3621,1.38528
177,-5.96429,16.9368,1.19527
176,-5.96429,16.9368,1.19527
177,-4.18502,16.0188,1.41056
176,-4.18502,16.0188,1.41056
177,-1.88774,15.3038,-2.92691
176,-1.88774,15.3038,-2.92691
177,-5.82172,19.9045,2.05348
176,-5.82172,19.9045,2.05348
177,1.3019,15.3112,1.40536
176,1.3019,15.3112,1.40536
177,-3.5048,15.4221,2.93751
176,-3.5048,15.4221,2.93751
177,-5.84263,20.4725,2.04735
176,-5.84263,20.4725,2.04735
177,-1.60939,17.3191,2.00055
176,-1.60939,17.3191,2.00055
177,-4.51796,17.5872,2.18387
176,-4.51796,17.5872,2.18387
177,-3.06126,18.0982,2.74782
176,-3.06126,18.0982,2.74782
177,-5.48801,13.7335,1.08459
176,-5.48801,13.7335,1.08459
177,-1.22416,17.7895,1.91655
176,-1.22416,17.7895,1.91655
177,1.00461,16.5753,2.0015
176,1.00461,16.5753,2.0015
177,-2.23631,15.1403,-1.92521
176,-2.23631,15.1403,-1.92521
177,0.0259738,15.4263,1.27742
176,0.0259738,15.4263,1.27742
177,-7.91879,16.9524,1.10088
176,-7.91879,16.9524,1.10088
177,3.22064,19.068,2.88485
176,3.22064,19.068,2.88485
177,-4.64045,19.4241,-1.87737
176,-4.64045,19.4241,-1.87737
177,-7.93271,18.9553,2.3747
176,-7.93271,18.9553,2.3747
177,1.80447,17.2072,2.70381
176,1.80447,17.2072,2.70381
177,-8.04262,16.3213,1.79125
176,-8.04262,16.3213,1.79125
177,0.0381525,15.6866,1.39298
175,0.0381525,15.6866,1.39298
177,-7.66764,17.4051,1.99627
175,-7.66764,17.4051,1.99627
177,-7.61326,17.427,2.11311
175,-7.61326,17.427,2.11311
177,-8.15657,16.6614,1.84366
175,-8.15657,16.6614,1.84366
177,-4.44054,15.3827,1.29162
175,-4.44054,15.3827,1.29162
177,-7.75549,19.7864,2.16983
175,-7.75549,19.7864,2.16983
177,1.52463,17.0036,1.88993
175,1.52463,17.0036,1.88993
177,-3.34952,15.7559,-0.761992
175,-3.34952,15.7559,-0.761992
177,0.565083,20.7363,-2.5135
175,0.565083,20.7363,-2.5135
177,-7.72464,17.6774,2.07487
175,-7.72464,17.6774,2.07487
177,-3.48856,15.3493,-0.578112
175,-3.48856,15.3493,-0.578112
177,0.486344,15.7616,-3.12092
174,0.486344,15.7616,-3.12092
178,-6.26561,10.6757,0.68839
178,-6.26555,10.6844,0.697256
178,-6.24748,10.9172,0.67512
178,-6.16837,11.6405,0.667453
178,-6.19496,11.6524,0.622524
178,-1.75995,10.7667,-0.760098
178,-1.96362,10.8895,-0.785557
178,-1.96744,10.8988,-0.791826
178,-2.2702,10.9134,-0.971082
178,-2.60331,11.0129,-0.919385
178,-2.73058,11.0752,-0.815359
178,-2.57393,11.0261,-0.905911
178,-2.60912,11.0417,-0.892827
178,-2.5874,11.0413,-0.935406
178,-2.59715,11.0598,-0.90812
178,-2.61276,11.1,-0.816056
178,-2.65188,11.1038,-0.823436
178,-2.59032,11.068,-0.915253
178,-1.96132,11.015,-0.86255
178,-2.58893,11.1365,-0.87571
178,-1.74414,10.9862,-0.957608
178,-2.00505,11.021,-0.977017
178,-1.97162,11.0603,-1.01092
178,-1.95481,11.0734,-1.04463
178,-2.12962,11.1707,-0.911772
178,-2.14374,11.1871,-0.895805
178,-6.18913,11.8091,-0.910481
178,-2.08447,11.2148,-0.949172
178,-6.13492,11.8637,-0.830554
178,-2.62732,11.2462,-1.24887
178,-2.64511,11.2333,-1.32029
178,-2.61602,11.2625,-1.25855
178,-1.96064,11.2419,-1.00491
178,-2.54441,11.266,-1.24248
178,-2.60826,11.2682,-1.27828
178,-3.43664,12.1977,1.12991
178,-2.49224,12.0653,0.754344
178,-2.53311,12.01,0.365529
178,-4.60435,12.3433,0.314733
178,-2.4386,12.1459,0.735882
178,-6.05501,12.374,-0.907444
178,-2.30172,12.5048,1.19347
178,-7.1465,13.1231,0.741432
178,-6.10284,12.4762,-0.972252
178,-4.27302,12.8206,1.07315
178,-6.19045,12.9948,0.688435
178,-6.09173,12.5008,-0.95621
178,-5.70189,13.1412,1.14485
178,-6.11822,12.5677,-0.999703
178,-4.41752,12.9455,1.03282
178,-6.14018,12.6344,-1.02414
178,-1.27288,12.161,-0.583038
178,-2.26463,12.4186,-0.223881
178,-3.35277,12.6045,-0.241383
178,-6.10368,12.9074,-0.612052
178,-4.42432,12.3767,-1.60413
178,-2.30285,12.359,-0.625602
178,-3.85585,12.2903,-1.64634
178,-2.13651,12.6268,0.159084
178,-4.39166,12.9395,0.062398
178,-1.21059,12.227,-0.747009
178,-5.56879,13.4299,1.08025
178,-1.27697,12.5216,0.18596
178,-2.12942,12.6426,0.15639
178,-2.05557,12.7693,0.594705
178,-4.45313,13.2507,0.996618
178,-6.56861,13.4906,0.719705
178,-1.92223,12.9409,1.11689
178,-4.44834,13.2818,0.983528
178,-5.84112,13.4261,0.723337
178,-5.74519,13.3114,0.367125
178,-2.08701,12.7016,0.128584
178,-3.93949,13.1367,0.647653
178,-2.09308,12.7171,0.138259
178,-4.38829,12.5157,-1.69575
178,-1.18972,12.2335,-1.05743
178,-4.41333,12.5404,-1.74132
178,-0.262341,12.7781,1.13196
178,-4.39114,12.5581,-1.71599
178,-2.18248,12.5452,-0.733199
178,-4.78497,13.1954,0.120693
178,-0.600223,12.8697,1.10162
178,-1.14505,12.9716,1.15349
178,-4.38998,12.6254,-1.76306
178,-6.074,13.8612,1.36343
178,-1.00192,12.4598,-0.878258
178,-1.03768,13.0738,1.13663
178,-1.03795,13.1071,1.12597
178,-3.20378,12.9872,-0.409491
178,-4.45057,12.9255,-1.24459
178,-1.52915,13.185,1.04313
178,-5.82982,13.9157,1.3291
178,-1.98578,12.7386,-0.699189
178,-5.73958,13.5831,0.238057
178,-3.26857,13.5003,1.01221
178,-0.94036,12.5161,-1.26532
178,-3.75398,12.7219,-1.99403
178,-4.43241,13.1613,-0.911398
178,-4.4351,13.2107,-0.938344
178,-2.06496,12.7491,-1.31818
178,-3.19052,13.0419,-0.925392
178,-2.02137,12.9171,-0.775629
178,-6.25944,13.691,-0.344057
178,-4.40878,13.373,-0.506854
178,-2.57866,12.6679,-1.99561
178,-5.77207,13.811,0.188618
178,-1.13,13.1653,0.290678
178,-0.834998,13.0436,0.030339
178,-4.42779,13.1951,-1.41806
178,-4.37154,13.5977,-0.0920137
178,-4.42413,13.2382,-1.44623
178,-2.52841,12.7756,-2.08671
178,-1.56981,13.6813,1.31507
178,-5.80304,13.9786,0.153788
178,-0.506041,13.4669,1.05628
178,-3.77721,13.024,-2.1958
178,-0.928314,13.552,0.999103
178,-3.02021,13.2839,-1.10077
178,-0.747934,12.727,-1.88787
178,-5.56173,13.3669,-2.22392
178,-3.75499,13.0914,-2.25292
178,-1.17323,12.7669,-2.18567
178,-3.54347,13.0198,-2.54736
178,-3.74348,13.1287,-2.28558
178,-4.47082,14.2584,0.998955
178,-3.47261,13.035,-2.60853
178,-3.90771,13.2107,-2.24532
178,-4.89523,13.4765,-1.8651
178,-4.67582,13.2548,-2.54852
178,-3.8922,13.2607,-2.28415
178,-2.91358,13.0451,-2.66235
178,-2.63354,13.1067,-2.3291
178,-3.45068,13.1288,-2.67876
178,-2.15461,13.2283,-1.93633
178,-5.17443,13.4928,-2.68229
178,-0.807325,13.5718,-0.304677
178,-2.88423,13.161,-2.75264
178,-2.11005,13.2993,-1.98985
178,-2.75186,13.146,-2.84833
178,0.092926,13.5238,-0.1571
178,-2.73941,13.1612,-2.86272
178,-0.0450397,13.9795,0.997815
178,-6.48641,14.6022,-0.726808
178,-1.43216,17.2905,2.03293
177,-1.43216,17.2905,2.03293
178,-2.25926,20.2262,2.29306
177,-2.25926,20.2262,2.29306
178,-2.25663,17.9532,1.98459
177,-2.25663,17.9532,1.98459
178,-3.8832,13.3981,-0.0482925
177,-3.8832,13.3981,-0.0482925
178,-1.64334,17.0844,1.23649
177,-1.64334,17.0844,1.23649
178,-0.184654,17.5352,2.06324
177,-0.184654,17.5352,2.06324
178,-2.7754,18.3583,-1.46355
177,-2.7754,18.3583,-1.46355
178,-0.178462,17.5356,2.17747
177,-0.178462,17.5356,2.17747
178,-2.75462,15.9042,1.19378
177,-2.75462,15.9042,1.19378
178,-2.79318,16.1576,1.497
177,-2.79318,16.1576,1.497
178,-1.63877,21.932,3.14612
177,-1.63877,21.932,3.14612
178,-3.16874,13.1271,0.0451729
177,-3.16874,13.1271,0.0451729
178,2.61489,18.6747,2.0872
177,2.61489,18.6747,2.0872
178,-1.07668,16.1375,0.981094
177,-1.07668,16.1375,0.981094
178,2.02901,21.0832,2.55765
177,2.02901,21.0832,2.55765
178,-4.46727,12.5726,0.246459
177,-4.46727,12.5726,0.246459
178,-3.79436,13.1591,0.994898
177,-3.79436,13.1591,0.994898
178,-1.16561,17.9257,1.86965
177,-1.16561,17.9257,1.86965
178,-6.05719,19.002,2.24922
177,-6.05719,19.002,2.24922
178,-4.65682,13.5851,-1.8282
177,-4.65682,13.5851,-1.8282
178,-1.0702,16.2027,0.978279
177,-1.0702,16.2027,0.978279
178,1.58614,17.053,1.87872
177,1.58614,17.053,1.87872
178,2.08764,17.9699,2.05361
177,2.08764,17.9699,2.05361
178,-3.66236,13.6088,0.579953
177,-3.66236,13.6088,0.579953
178,-3.87142,12.8771,0.723799
177,-3.87142,12.8771,0.723799
178,-3.31035,16.9709,2.67937
177,-3.31035,16.9709,2.67937
178,-1.48457,12.691,0.427921
177,-1.48457,12.691,0.427921
178,-3.20593,18.0397,2.74902
177,-3.20593,18.0397,2.74902
178,-4.23806,17.4577,2.65401
177,-4.23806,17.4577,2.65401
178,1.71498,17.4981,2.03108
177,1.71498,17.4981,2.03108
178,-6.19357,20.3425,2.31989
177,-6.19357,20.3425,2.31989
178,-4.67455,18.5829,1.0697
177,-4.67455,18.5829,1.0697
178,2.48063,16.71,2.01531
177,2.48063,16.71,2.01531
178,-2.71448,16.3007,1.56424
177,-2.71448,16.3007,1.56424
178,-3.16186,17.6837,2.75355
177,-3.16186,17.6837,2.75355
178,-4.36599,13.2215,0.02214
177,-4.36599,13.2215,0.02214
178,-4.63792,13.8625,-2.02301
177,-4.63792,13.8625,-2.02301
178,-3.34238,17.3433,2.17392
177,-3.34238,17.3433,2.17392
178,-3.14783,18.3538,2.77113
177,-3.14783,18.3538,2.77113
178,6.11895,20.346,2.56429
177,6.11895,20.346,2.56429
178,-2.29516,15.2879,-2.14148
177,-2.29516,15.2879,-2.14148
178,-3.38205,15.6765,-0.637204
177,-3.38205,15.6765,-0.637204
178,-0.659967,21.0164,-7.04824
177,-0.659967,21.0164,-7.04824
178,1.79026,15.6191,1.2742
177,1.79026,15.6191,1.2742
178,-4.34879,13.2517,0.0432746
177,-4.34879,13.2517,0.0432746
178,-4.68168,13.6372,-0.0169918
177,-4.68168,13.6372,-0.0169918
178,-3.16655,18.2736,2.75256
177,-3.16655,18.2736,2.75256
178,-7.86423,16.7725,1.12846
177,-7.86423,16.7725,1.12846
178,1.95097,17.8786,2.05194
177,1.95097,17.8786,2.05194
178,4.1648,18.2559,2.39464
177,4.1648,18.2559,2.39464
178,-5.90336,23.3096,2.42603
177,-5.90336,23.3096,2.42603
178,-2.10527,20.5599,2.28894
177,-2.10527,20.5599,2.28894
178,-3.42529,16.2689,2.5432
177,-3.42529,16.2689,2.5432
178,-5.71657,20.6109,2.31357
177,-5.71657,20.6109,2.31357
178,0.598054,16.7248,2.00935
177,0.598054,16.7248,2.00935
178,-2.36785,19.3939,2.26572
177,-2.36785,19.3939,2.26572
178,-3.37115,16.5671,2.57924
177,-3.37115,16.5671,2.57924
178,-1.00715,19.6645,2.48364
177,-1.00715,19.6645,2.48364
178,-4.71383,12.8954,0.215439
177,-4.71383,12.8954,0.215439
178,-1.90689,16.7704,1.97003
177,-1.90689,16.7704,1.97003
178,1.2148,16.8353,2.02202
177,1.2148,16.8353,2.02202
178,-2.87828,13.279,-1.50667
177,-2.87828,13.279,-1.50667
178,-3.74231,14.186,-0.177587
177,-3.74231,14.186,-0.177587
178,-0.886824,12.5965,-1.30055
176,-0.886824,12.5965,-1.30055
178,1.54725,16.977,2.19504
176,1.54725,16.977,2.19504
178,-7.62647,17.547,2.61844
176,-7.62647,17.547,2.61844
178,-4.58952,19.2037,-1.98844
175,-4.58952,19.2037,-1.98844
178,-1.80543,14.6953,1.10115
175,-1.80543,14.6953,1.10115
178,-7.64739,17.1843,2.00055
175,-7.64739,17.1843,2.00055
178,-2.80521,15.7649,1.04263
174,-2.80521,15.7649,1.04263
178,-5.74986,14.255,2.31373
174,-5.74986,14.255,2.31373
178,1.73594,18.8041,2.54326
174,1.73594,18.8041,2.54326
179,-4.41151,8.51673,1.27207
179,-4.41024,8.52192,1.27114
179,-4.26842,8.80468,0.843836
179,-4.26705,8.81606,0.838584
179,-4.33808,9.26926,1.23795
179,-4.50546,9.0608,0.451951
179,-3.9161,10.2246,0.288966
179,-3.66686,10.9356,0.66199
179,-6.15127,11.5834,0.658663
179,-6.13233,11.0867,-0.939084
179,-6.13651,11.1096,-0.946628
179,-6.19472,11.2224,-1.01508
179,-2.40114,10.7173,-0.824643
179,-1.73904,10.7067,-0.812758
179,-2.07157,10.7755,-0.848371
179,-1.73644,10.7829,-0.777721
179,-1.56785,10.7333,-0.888078
179,-2.31345,10.8998,-0.861627
179,-1.96331,10.8799,-0.784446
179,-2.27808,10.8872,-0.959888
179,-2.26788,10.9043,-0.972883
179,-2.62289,11.0166,-0.801081
179,-1.47216,10.8667,-0.802436
179,-1.90126,10.9294,-0.819931
179,-2.61325,11.0432,-0.818954
179,-5.26715,12.1667,1.34852
179,-1.44265,10.8977,-0.831249
179,-1.44975,10.9081,-0.878921
179,-2.26246,11.0637,-0.790615
179,-1.4351,10.9289,-0.851561
179,-2.25664,11.0731,-0.792784
179,-2.21429,11.0712,-0.829568
179,-1.79379,10.9723,-0.944179
179,-1.51298,10.9668,-0.833024
179,-2.21122,11.0797,-0.813408
179,-1.81675,10.9838,-0.936321
179,-1.41252,10.9591,-0.854759
179,-1.78557,10.9783,-0.96805
179,-2.919,11.1579,-0.948669
179,-2.53626,10.9602,-1.42121
179,-2.52349,10.9745,-1.43047
179,-2.6045,11.0387,-1.29424
179,-2.51901,10.9865,-1.43191
179,-2.29893,10.9358,-1.49858
179,-2.44674,10.9562,-1.51864
179,-2.29599,10.9426,-1.50688
179,-2.09341,11.1233,-0.894859
179,-2.62145,11.004,-1.51024
179,-2.51048,11.0082,-1.45435
179,-2.30395,10.9584,-1.51173
179,-2.4311,10.9706,-1.5353
179,-1.97288,11.0807,-1.01092
179,-2.65104,11.0983,-1.30886
179,-1.8938,11.1098,-0.930813
179,-2.15179,11.1718,-0.88886
179,-2.62588,11.0956,-1.3371
179,-1.96709,11.099,-1.03889
179,-2.28033,10.9889,-1.53725
179,-2.64142,11.1652,-1.17536
179,-2.46434,11.0455,-1.4814
179,-2.67608,11.156,-1.25465
179,-2.63266,11.1651,-1.21883
179,-2.05221,11.1851,-0.895676
179,-2.63902,11.1722,-1.2037
179,-2.59158,11.0622,-1.55579
179,-1.94681,11.1299,-1.05649
179,-4.56019,11.4667,-1.23496
179,-2.07204,11.1141,-1.17515
179,-2.7321,11.1589,-1.43946
179,-2.62013,11.1792,-1.35376
179,-2.69643,11.1552,-1.48019
179,-2.12094,11.2552,-0.930463
179,-2.38832,11.0988,-1.53011
179,-2.63817,11.124,-1.5914
179,-2.73299,11.1911,-1.4402
179,-2.70321,11.1967,-1.48243
179,-2.37248,11.1565,-1.4598
179,-2.61135,11.1526,-1.60022
179,-3.91019,12.0017,0.359903
179,-2.1854,11.1428,-1.45822
179,-2.36072,11.1794,-1.48257
179,-2.17414,11.1549,-1.47194
179,-1.91385,11.2556,-1.07418
179,-2.58474,11.2947,-1.26321
179,-2.4165,11.2243,-1.41503
179,-2.29367,11.2348,-1.33472
179,-2.42785,11.2312,-1.41173
179,-2.73378,11.281,-1.4053
179,-2.29002,11.1754,-1.57048
179,-2.72434,11.2932,-1.41906
179,-2.17767,11.2146,-1.48713
179,-2.64189,11.1836,-1.80099
179,-2.13291,11.2014,-1.51822
179,-2.25922,11.2719,-1.36609
179,-6.18675,12.0267,-0.904877
179,-2.69938,11.3476,-1.45795
179,-4.55739,11.6602,-1.37697
179,-2.73173,11.2296,-1.8641
179,-2.68527,11.3663,-1.47861
179,-3.94432,12.3273,0.828688
179,-2.07537,11.2924,-1.58457
179,-3.91244,11.8381,-0.917573
179,-2.38377,12.321,1.18781
179,-2.15931,11.4055,-1.48196
179,-2.15105,11.4409,-1.5037
179,-2.028,11.3816,-1.65982
179,-4.3664,11.9209,-1.34513
179,-4.56357,11.8746,-1.74519
179,-1.52186,12.4163,1.19198
179,-2.4169,12.0043,-0.48152
179,-6.25415,12.9575,0.614507
179,-5.61038,13.0571,1.15411
179,-6.21514,13.0162,0.693856
179,-2.87425,12.0258,-0.956924
179,-6.39862,13.156,0.784285
179,-3.14178,12.6419,0.593745
179,-2.33574,12.1498,-0.55816
179,-2.6674,12.5942,0.586021
179,-3.12293,12.6869,0.589999
179,-3.4695,12.1659,-1.17623
179,-4.37888,12.7097,0.0443178
179,-5.74276,13.276,1.0641
179,-5.64731,13.3007,1.13856
179,-6.14998,12.6609,-1.03679
179,-6.48855,13.3283,0.734886
179,-1.34259,12.3892,0.22885
179,-4.5,12.2157,-1.79111
179,-3.10599,12.7927,0.563259
179,-5.53158,13.3198,1.04631
179,-1.31526,12.4177,0.229194
179,-6.19344,12.7398,-1.12064
179,-1.94966,12.1927,-0.851642
179,-5.63283,13.3329,0.912714
179,-5.51376,13.3326,0.947019
179,-3.4283,12.304,-1.27382
179,-5.57752,13.1486,0.228012
179,-1.91947,12.2319,-0.882654
179,-4.53155,12.3304,-1.86537
179,-1.22874,12.5541,0.188072
179,-4.35387,12.4151,-1.68524
179,-3.83257,12.4752,-1.33799
179,-3.19158,13.0197,0.569583
179,-4.36195,12.4672,-1.70884
179,-4.34372,13.0427,-0.0383626
179,-4.4317,13.1278,0.110925
179,-3.21485,12.9517,0.101964
179,-4.36643,13.095,-0.0432018
179,-4.95593,12.6414,-1.69387
179,-6.64168,13.7023,0.687985
179,-4.42894,13.1817,0.0870116
179,-2.13479,12.5668,-0.740526
179,-0.965784,13.0136,1.0936
179,-3.15893,13.1633,0.541281
179,-1.0608,13.1123,1.13929
179,-3.17489,13.1007,0.062241
179,-3.3486,12.6309,-1.46195
179,-1.05575,12.8105,0.125965
179,-3.12888,13.2585,0.527428
179,-3.12853,13.2595,0.519765
179,-3.27993,12.7485,-1.22813
179,-0.058691,13.0379,1.10809
179,-3.06928,13.162,0.0564505
179,-3.81779,12.6286,-1.90466
179,-2.64097,12.668,-1.25859
179,-4.60823,13.8444,1.02885
179,-4.35725,13.4819,-0.0725499
179,-2.16138,12.6789,-1.66099
179,-3.19019,13.0325,-1.11848
179,-6.3313,13.6567,-0.670447
179,-4.49102,13.5174,-0.279222
179,-6.32642,13.6923,-0.622154
179,-4.5064,13.5245,-0.321665
179,-4.6811,12.8502,-2.47426
179,-4.66755,14.007,1.02557
179,-6.33129,13.7057,-0.674799
179,-4.42048,13.1936,-1.39389
179,-5.49912,13.1574,-2.0484
179,-3.03918,13.768,0.918688
179,-5.5179,13.1586,-2.06599
179,0.687127,12.4034,-1.56482
179,-4.59791,14.0558,1.00816
179,0.697971,12.4284,-1.5536
179,-5.52525,13.1965,-2.08856
179,-0.657279,12.853,-0.95379
179,1.02956,13.0803,0.474593
179,-5.52008,13.2197,-2.09954
179,0.863806,12.4235,-1.67183
179,0.891541,12.4358,-1.67102
179,0.231838,13.4292,1.01723
179,-3.71612,13.1334,-1.73301
179,-3.49963,12.8775,-2.47609
179,-1.05256,13.2116,-0.370364
179,-3.17,13.1747,-1.46402
179,-3.46455,12.8852,-2.48649
179,-6.39091,13.9051,-0.741085
179,-3.72266,13.1667,-1.75804
179,-3.74273,13.2053,-1.70504
179,-0.777462,12.7208,-1.8354
179,-3.05435,13.2988,-1.13559
179,-0.443026,13.6985,1.20068
179,-5.78232,13.7135,-1.24522
179,-3.48045,12.9495,-2.54586
179,-2.98215,14.0343,0.89929
179,0.917871,12.6095,-1.69222
179,-0.372317,13.7162,1.05173
179,-0.727172,13.7574,0.977625
179,-3.12331,13.2825,-1.56296
179,-5.08299,13.233,-2.63412
179,-5.57213,13.4333,-2.25798
179,-0.388059,13.8076,1.20555
179,-3.50997,13.0087,-2.67991
179,-5.22819,13.2405,-2.80336
179,-0.304343,13.788,1.04878
179,-5.19568,13.2847,-2.72638
179,-3.47355,13.0705,-2.62338
179,-5.21076,13.367,-2.80377
179,-2.80579,12.9959,-2.90333
179,-5.86088,14.1323,-0.898947
179,-5.2075,13.3944,-2.84621
179,1.23289,13.3347,-0.116924
179,-3.87847,13.2037,-2.92331
179,-5.22067,13.43,-2.86566
179,-2.09955,12.3382,1.14045
178,-2.09955,12.3382,1.14045
179,-5.23872,16.8298,1.71674
178,-5.23872,16.8298,1.71674
179,-2.84091,15.5377,1.68947
178,-2.84091,15.5377,1.68947
179,0.160905,15.6722,1.49881
178,0.160905,15.6722,1.49881
179,-3.54276,12.9214,-2.58084
178,-3.54276,12.9214,-2.58084
179,-3.47853,13.0001,-2.56069
178,-3.47853,13.0001,-2.56069
179,-4.8249,16.4468,1.20343
178,-4.8249,16.4468,1.20343
179,-4.63341,17.3112,1.38836
178,-4.63341,17.3112,1.38836
179,-4.48798,17.5233,2.17001
178,-4.48798,17.5233,2.17001
179,-4.69718,9.39659,1.26308
178,-4.69718,9.39659,1.26308
179,-1.82237,13.166,-0.521499
178,-1.82237,13.166,-0.521499
179,-1.89375,12.845,1.11212
178,-1.89375,12.845,1.11212
179,-1.68705,10.8374,-0.815145
178,-1.68705,10.8374,-0.815145
179,-5.23943,16.5965,1.70729
178,-5.23943,16.5965,1.70729
179,2.95476,17.2578,2.79232
178,2.95476,17.2578,2.79232
179,-6.20958,17.8105,2.70047
178,-6.20958,17.8105,2.70047
179,-7.57456,18.5315,2.0267
178,-7.57456,18.5315,2.0267
179,1.26495,15.2688,1.38991
178,1.26495,15.2688,1.38991
179,-0.0528946,15.5997,1.36835
178,-0.0528946,15.5997,1.36835
179,-8.00614,16.1881,1.85219
178,-8.00614,16.1881,1.85219
179,-3.18772,17.4942,2.12806
178,-3.18772,17.4942,2.12806
179,-5.86209,17.0467,1.32984
178,-5.86209,17.0467,1.32984
179,-5.3075,17.2174,1.72804
178,-5.3075,17.2174,1.72804
179,3.4085,21.5661,2.66054
178,3.4085,21.5661,2.66054
179,3.55984,17.3804,2.26272
178,3.55984,17.3804,2.26272
179,-0.755159,17.31,1.55013
178,-0.755159,17.31,1.55013
179,-8.06291,16.01,0.757191
178,-8.06291,16.01,0.757191
179,-3.09578,17.9828,2.15645
178,-3.09578,17.9828,2.15645
179,-2.92781,18.7825,2.20706
178,-2.92781,18.7825,2.20706
179,-3.55137,12.9889,0.947604
177,-3.55137,12.9889,0.947604
179,-4.33078,17.9147,1.88379
177,-4.33078,17.9147,1.88379
179,-6.01469,14.8971,-0.052892
177,-6.01469,14.8971,-0.052892
179,-1.52316,17.4476,2.06073
177,-1.52316,17.4476,2.06073
179,-2.08082,10.9823,-0.843147
177,-2.08082,10.9823,-0.843147
179,-5.3604,16.5743,1.2154
177,-5.3604,16.5743,1.2154
179,-3.09807,17.2269,-1.2766
177,-3.09807,17.2269,-1.2766
179,-0.427393,17.0506,1.99699
177,-0.427393,17.0506,1.99699
179,-1.29946,15.7848,1.53276
177,-1.29946,15.7848,1.53276
179,-7.70371,16.9989,1.86482
177,-7.70371,16.9989,1.86482
179,-7.35833,18.3265,2.691
177,-7.35833,18.3265,2.691
179,-1.64921,20.081,2.50289
177,-1.64921,20.081,2.50289
179,-1.19581,15.9048,-3.0387
177,-1.19581,15.9048,-3.0387
179,-7.85857,15.8454,1.83694
177,-7.85857,15.8454,1.83694
179,-7.46677,17.8629,2.3042
176,-7.46677,17.8629,2.3042
179,-4.12844,20.9004,-2.10156
175,-4.12844,20.9004,-2.10156
179,-7.48851,17.2729,2.17304
174,-7.48851,17.2729,2.17304
179,-7.59655,17.3735,2.1981
172,-7.59655,17.3735,2.1981
179,6.73277,35.4005,-13.8546
170,6.73277,35.4005,-13.8546
180,-4.03222,7.54336,1.23759
180,-4.08475,7.68996,1.27558
180,-4.11093,7.84502,1.25356
180,-4.22755,8.4857,1.14503
180,-4.30156,8.73381,1.36771
180,-3.33989,8.87963,0.336919
180,-4.24249,9.38775,-0.121726
180,-4.37053,9.97536,1.27857
180,-4.38054,10.0221,1.28176
180,-4.30211,10.0425,1.33717
180,-4.01152,10.6387,0.904828
180,-4.20711,10.2022,-0.699128
180,-3.62753,10.6722,-0.512625
180,-6.2433,11.0863,-0.841948
180,-6.23565,11.0941,-1.24894
180,-6.25827,11.1069,-1.28213
180,-4.39327,10.9436,-1.02353
180,-2.01392,10.7179,-0.844299
180,-2.01179,10.7212,-0.846454
180,-1.6877,10.7325,-0.847475
180,-2.00564,10.8235,-0.750626
180,-2.67364,10.9293,-0.747086
180,-1.75554,10.7469,-0.88106
180,-2.02141,10.8236,-0.863104
180,-6.37226,11.2886,-1.39674
180,-1.95568,10.8057,-0.912585
180,-1.71443,10.8206,-0.798288
180,-1.76483,10.8121,-0.887045
180,-2.3062,10.8795,-0.933433
180,-1.71925,10.8049,-0.900255
180,-1.53282,10.7523,-0.995836
180,-2.32304,10.8842,-0.983381
180,-2.26573,10.8964,-0.927191
180,-2.26337,10.895,-0.934243
180,-1.51304,10.7667,-1.02084
180,-2.28479,10.9119,-0.949626
180,-2.66399,11.035,-0.794339
180,-1.50586,10.7853,-1.02641
180,-2.64921,11.0383,-0.823021
180,-1.50822,10.886,-0.826561
180,-1.46537,10.9148,-0.820532
180,-1.4516,10.9357,-0.832956
180,-4.43556,11.2576,-1.22251
180,-1.41732,10.9504,-0.84036
180,-1.39943,10.9483,-0.844704
180,-2.78824,10.9751,-1.35499
180,-2.24419,11.0903,-0.805154
180,-1.67154,10.9477,-0.980724
180,-2.67796,10.9343,-1.44185
180,-2.21757,11.1262,-0.843717
180,-1.77237,11.0019,-1.04016
180,-2.20642,11.1377,-0.850869
180,-2.20362,11.1459,-0.829223
180,-2.6129,11.0586,-1.28917
180,-2.46273,11.0253,-1.39503
180,-2.33648,10.982,-1.48274
180,-2.83235,11.1161,-1.32108
180,-2.64687,11.0949,-1.32311
180,-2.63504,11.0913,-1.33597
180,-4.44561,11.3753,-1.31351
180,-1.98394,11.1278,-1.04068
180,-2.80129,11.1347,-1.36667
180,-2.62206,11.1141,-1.37394
180,-2.5982,11.0585,-1.52859
180,-2.66912,11.0486,-1.61831
180,-2.41549,11.1892,-1.12664
180,-2.28003,11.0836,-1.37246
180,-2.70984,11.2015,-1.25383
180,-1.57142,11.156,-0.965951
180,-2.25878,11.1086,-1.39167
180,-2.62825,10.9963,-1.86351
180,-2.25543,11.1176,-1.38391
180,-2.37032,11.0846,-1.56168
180,-1.56775,11.1729,-0.982265
180,-2.75893,11.2155,-1.3686
180,-2.6167,11.2518,-1.25387
180,-2.38375,11.1513,-1.44128
180,-2.37732,11.2148,-1.26303
180,-2.04135,11.2754,-0.957005
180,-2.21609,11.1438,-1.4059
180,-1.6424,11.2105,-0.995317
180,-2.40894,11.1588,-1.47211
180,-3.74937,11.9068,0.0693487
180,-2.34446,11.1696,-1.43439
180,-2.78903,11.2596,-1.37302
180,-2.37954,11.1753,-1.45086
180,-2.727,11.1222,-1.76291
180,-1.69093,12.0271,1.19318
180,-2.73494,11.2655,-1.39747
180,-2.67313,11.132,-1.74799
180,-2.61059,11.0654,-1.91281
180,-2.39012,11.0655,-1.82845
180,-2.69772,11.2574,-1.42766
180,-2.38041,11.0705,-1.8437
180,-2.71009,11.1168,-1.88052
180,-2.1928,11.1372,-1.63712
180,-2.33356,11.2718,-1.34029
180,-2.32126,11.3263,-1.20391
180,-2.3696,11.0858,-1.90261
180,-2.37077,11.098,-1.90717
180,-1.95637,11.3089,-1.15877
180,-2.18457,11.2233,-1.49922
180,-2.5962,11.1475,-1.95519
180,-2.66402,11.1015,-2.11916
180,-2.32575,11.1364,-1.91748
180,-2.66796,11.1353,-2.06991
180,-2.58024,11.1553,-1.98589
180,-2.58573,11.1585,-1.98033
180,-2.26725,11.3267,-1.39282
180,-2.6534,11.1219,-2.14361
180,-2.19135,11.2343,-1.68145
180,-2.66086,11.1981,-2.12937
180,-2.28159,11.2042,-1.95346
180,-2.33156,11.1853,-2.03787
180,-2.65135,11.2198,-2.13439
180,-3.48211,11.7206,-1.07266
180,-2.3443,11.1878,-2.15933
180,-2.55577,11.1353,-2.40999
180,-6.36586,12.8241,0.729071
180,-1.53076,11.9643,0.311646
180,-2.365,11.1399,-2.38979
180,-2.31599,11.2346,-2.19533
180,-2.23497,12.256,0.668156
180,-2.30987,11.2441,-2.21933
180,-2.30504,11.2502,-2.21982
180,-3.83188,12.5792,0.855238
180,-3.61774,12.6104,1.02866
180,-2.12046,11.1514,-2.47963
180,-3.59984,12.6978,1.02808
180,-2.63416,11.3332,-2.47435
180,-3.81921,12.6598,0.736353
180,-6.24227,13.0189,0.70616
180,-2.83591,12.2774,-0.0368311
180,-1.40898,12.1759,0.259941
180,-3.14135,12.5746,0.606937
180,-3.77862,12.5728,0.113313
180,-2.61948,11.4625,-2.57319
180,-3.16622,12.8362,0.984615
180,-1.29735,12.3474,0.236296
180,-6.36856,13.3098,0.670795
180,-4.35053,13.0844,0.841653
180,-5.62494,13.293,0.771289
180,-1.49472,11.4483,-2.85263
180,-3.81497,13.0397,0.582603
180,-1.82421,11.5292,-2.89109
180,-3.93044,11.8616,-2.86855
180,-4.42192,12.8614,-0.307727
180,-4.42925,13.0289,0.123803
180,-0.951094,11.7184,-2.14941
180,-3.22475,13.1779,0.992689
180,-4.41734,12.8926,-0.312187
180,-4.43841,13.258,0.572543
180,-0.747698,12.9375,1.13931
180,-1.39752,12.418,-0.618719
180,-3.37554,12.4399,-1.47351
180,-4.42963,13.1519,0.0829694
180,-4.45248,13.354,0.55733
180,-3.38478,12.4869,-1.51018
180,-4.43951,13.2123,0.0781592
180,-4.44512,13.394,0.557981
180,0.748741,11.7473,-1.91645
180,-1.57113,11.7528,-2.89908
180,-1.56194,11.7737,-2.93188
180,-1.92006,13.077,0.560826
180,-0.963844,13.1277,1.10283
180,-1.55152,11.7871,-2.93146
180,-6.56139,12.8397,-2.077
180,-1.04258,11.9387,-2.34189
180,-1.53556,11.8078,-2.95586
180,-3.1819,13.1269,0.0629978
180,-4.30928,12.6257,-1.83156
180,-0.917155,13.1736,1.10819
180,1.09336,11.7688,-2.02412
180,-0.919873,13.1953,1.09289
180,-1.50366,13.2814,1.07474
180,-4.9943,12.6941,-2.10421
180,-3.23003,12.8913,-0.8413
180,-3.1682,13.2079,0.0586336
180,-1.53698,13.338,1.09592
180,-1.49893,13.3273,1.07689
180,-0.87952,13.2577,1.09947
180,-0.720944,13.2428,1.11434
180,-3.16904,13.2416,0.0421011
180,-0.687473,13.2787,1.10772
180,-3.16392,13.2724,0.0354338
180,-1.50556,13.4154,1.08885
180,-3.17886,12.704,-1.69049
180,-1.58515,13.4767,1.06722
180,-1.59589,13.4838,1.07027
180,-1.56998,13.545,1.06417
180,-4.33359,12.8901,-2.02747
180,-0.765208,13.4713,1.09571
180,-3.13861,13.486,0.01933
180,0.868434,12.2524,-1.78488
180,0.862561,12.2457,-1.80729
180,-1.76238,13.4581,0.506552
180,-3.13259,13.488,0.0129057
180,0.816555,12.2663,-1.7822
180,0.181507,13.4329,1.102
180,0.923317,12.2848,-1.84336
180,-3.12748,12.9478,-1.74286
180,-0.668575,13.6284,1.09924
180,-3.12099,12.9989,-1.77067
180,-5.03308,13.0845,-2.35869
180,-3.75746,12.9679,-2.16463
180,-3.11339,13.0046,-1.80236
180,-5.10227,13.1011,-2.37093
180,-5.5327,14.5002,1.34302
180,-5.07017,13.1026,-2.39904
180,-1.0576,13.035,-0.916666
180,1.18823,12.3601,-1.90662
180,1.05533,13.2449,0.515108
180,0.839081,12.5258,-1.64542
180,-4.52558,14.2962,1.04434
180,-0.442969,13.7195,1.0837
180,-5.16218,13.0959,-2.64795
180,-5.09991,13.1624,-2.44843
180,-5.06432,13.1679,-2.41979
180,-3.04109,12.8214,-2.64549
180,1.06065,12.5076,-1.92727
180,0.997929,12.5377,-1.91639
180,1.01922,12.6034,-1.74549
180,1.21002,13.3868,0.462476
180,-2.77078,13.1517,-3.05633
179,-2.77078,13.1517,-3.05633
180,-2.25703,11.042,-1.37147
179,-2.25703,11.042,-1.37147
180,-2.82551,12.9767,-3.39632
179,-2.82551,12.9767,-3.39632
180,-5.56119,16.8915,1.22001
179,-5.56119,16.8915,1.22001
180,-2.73785,16.0714,1.41861
179,-2.73785,16.0714,1.41861
180,-1.92865,11.0452,-0.858976
179,-1.92865,11.0452,-0.858976
180,-4.04371,12.9735,-2.74141
179,-4.04371,12.9735,-2.74141
180,-2.11812,19.3344,2.40196
179,-2.11812,19.3344,2.40196
180,-4.06399,16.1883,1.55267
179,-4.06399,16.1883,1.55267
180,-4.26658,17.4179,-1.34172
179,-4.26658,17.4179,-1.34172
180,3.98698,16.8861,2.46599
179,3.98698,16.8861,2.46599
180,-3.07548,18.5202,2.18062
179,-3.07548,18.5202,2.18062
180,-3.13855,17.966,2.17507
179,-3.13855,17.966,2.17507
180,-4.50565,17.4352,2.03048
179,-4.50565,17.4352,2.03048
180,-4.66148,18.9811,2.20279
179,-4.66148,18.9811,2.20279
180,-2.79704,13.0939,-2.99995
179,-2.79704,13.0939,-2.99995
180,-0.501997,12.9599,0.0682289
179,-0.501997,12.9599,0.0682289
180,-5.25315,15.7951,1.22871
179,-5.25315,15.7951,1.22871
180,-1.36532,17.6231,2.20012
179,-1.36532,17.6231,2.20012
180,-7.60706,17.4015,2.21507
179,-7.60706,17.4015,2.21507
180,-4.54514,19.3441,2.42414
179,-4.54514,19.3441,2.42414
180,-2.85185,12.9001,-2.64622
179,-2.85185,12.9001,-2.64622
180,2.02164,15.9625,2.01959
179,2.02164,15.9625,2.01959
180,-6.29725,19.2475,2.36323
179,-6.29725,19.2475,2.36323
180,-2.449,11.0804,-1.38732
179,-2.449,11.0804,-1.38732
180,-2.67485,15.523,-3.232
179,-2.67485,15.523,-3.232
180,0.362591,13.1912,1.25038
179,0.362591,13.1912,1.25038
180,2.27951,15.683,2.08239
179,2.27951,15.683,2.08239
180,-1.4158,17.4676,2.18773
179,-1.4158,17.4676,2.18773
180,-2.44596,15.7203,-3.34278
179,-2.44596,15.7203,-3.34278
180,-6.03134,22.8248,2.50298
179,-6.03134,22.8248,2.50298
180,-6.2236,13.7404,0.854648
179,-6.2236,13.7404,0.854648
180,-1.63256,10.8218,-0.91679
178,-1.63256,10.8218,-0.91679
180,-6.25787,18.1283,2.51952
178,-6.25787,18.1283,2.51952
180,-3.28453,17.6364,2.28267
178,-3.28453,17.6364,2.28267
180,-1.44951,20.6813,-2.17645
177,-1.44951,20.6813,-2.17645
180,-1.3907,17.4051,1.90383
177,-1.3907,17.4051,1.90383
180,-1.94,21.6538,-2.7167
177,-1.94,21.6538,-2.7167
180,-4.61943,20.5894,-2.27573
177,-4.61943,20.5894,-2.27573
180,-2.44376,15.5382,-3.21211
176,-2.44376,15.5382,-3.21211
180,-7.41359,17.7371,2.03777
176,-7.41359,17.7371,2.03777
180,-6.55127,14.0723,-0.794306
73,-6.55127,14.0723,-0.794306
180,10.1771,44.894,-12.7206
64,10.1771,44.894,-12.7206
181,-3.71268,7.52259,1.09135
181,-4.04411,8.77787,0.994568
181,-3.90442,8.74664,0.0467877
181,-3.4986,9.51734,0.47212
181,-3.60463,10.7188,-0.721629
181,-1.60972,10.4702,-0.865878
181,-1.76392,10.6472,-0.896262
181,-4.26052,10.9532,-1.17679
181,-1.69316,10.7404,-0.812677
181,-2.61859,10.8865,-0.844022
181,-4.29582,11.0312,-1.23362
181,-2.65528,10.9609,-0.797229
181,-2.62534,10.9741,-0.782056
181,-2.60731,10.9839,-0.764926
181,-2.64698,10.9791,-0.812725
181,-1.62979,10.7482,-1.03231
181,-1.60258,10.7616,-1.02341
181,-4.30006,11.0946,-1.26514
181,-1.89001,10.8979,-0.875592
181,-2.84376,10.909,-1.23873
181,-1.51135,10.883,-0.823161
181,-1.87878,10.9193,-0.91508
181,-2.05468,10.9209,-1.00746
181,-2.03877,11.0199,-0.758588
181,-1.86307,10.9545,-0.899769
181,-1.83338,10.953,-0.896539
181,-1.35119,10.9304,-0.868007
181,-1.41944,10.9691,-0.85641
181,-1.32664,10.9616,-0.889128
181,-1.33562,10.9675,-0.877748
181,-1.7308,11.0237,-0.919516
181,-1.39608,11.0013,-0.860337
181,-1.55021,10.9872,-0.978205
181,-2.03264,11.0699,-0.986268
181,-2.3245,10.9379,-1.47772
181,-2.34395,10.958,-1.47429
181,-1.67675,11.0454,-0.997798
181,-1.90379,11.0266,-1.14392
181,-2.86317,10.6802,-2.43014
181,-1.60308,11.0158,-1.07134
181,-2.70234,11.0191,-1.49937
181,-2.89513,10.702,-2.40395
181,-1.25529,11.0428,-0.903187
181,-2.8136,11.1027,-1.36313
181,-2.88847,10.7133,-2.4049
181,-2.07039,11.1302,-1.01093
181,-2.64356,11.1546,-1.18289
181,-2.643,11.1711,-1.20951
181,-2.41496,10.6612,-2.44929
181,-4.73051,11.0258,-2.45614
181,-1.36684,11.0543,-1.06544
181,-2.50064,11.0697,-1.49111
181,-2.67909,11.0088,-1.74794
181,-2.84499,10.823,-2.31739
181,-2.39231,11.2131,-1.13391
181,-2.81506,11.0489,-1.75557
181,-2.84517,10.8398,-2.31388
181,-2.85305,10.8517,-2.29146
181,-1.69476,11.1537,-1.11492
181,-2.36376,11.0593,-1.63503
181,-2.789,10.8662,-2.36316
181,-2.39764,10.7437,-2.52974
181,-6.20815,11.9628,-0.869546
181,-2.76902,11.2297,-1.4445
181,-2.40192,10.7768,-2.51106
181,-2.47126,11.2561,-1.36493
181,-1.37231,11.1373,-1.2696
181,-1.36175,11.1428,-1.26843
181,-2.86496,11.03,-2.15938
181,-2.61994,11.0874,-1.92514
181,-2.63633,11.1282,-1.83339
181,-2.45186,10.8122,-2.58689
181,-2.48274,10.8256,-2.56737
181,-2.63012,11.1145,-1.91781
181,-2.5217,10.9172,-2.39767
181,-3.55311,11.5618,-1.13427
181,-2.51291,10.9456,-2.333
181,-2.54678,10.9299,-2.39352
181,-2.21452,10.8107,-2.5911
181,-2.46887,11.0062,-2.18793
181,-4.34624,11.6892,-1.15723
181,-2.52173,10.9393,-2.41153
181,-2.7291,10.988,-2.39122
181,-2.20476,10.8152,-2.64155
181,-2.44494,10.9374,-2.43321
181,-2.18348,10.8198,-2.66022
181,-2.85601,11.0456,-2.36977
181,-2.1981,10.8393,-2.65856
181,-2.36648,11.146,-1.94007
181,-4.30339,12.0015,-0.488955
181,-2.70624,11.1362,-2.16064
181,-2.4062,11.0204,-2.34751
181,-2.66972,11.1547,-2.10828
181,-2.24906,11.3768,-1.37415
181,-2.84463,11.1165,-2.29303
181,-2.64975,11.1011,-2.26329
181,-2.45817,10.9265,-2.65986
181,-2.84856,11.1259,-2.30028
181,-1.28181,11.2608,-1.34659
181,-2.83781,11.1397,-2.31381
181,-2.61766,11.0997,-2.34234
181,-2.35042,11.1557,-2.09487
181,-2.2211,10.9251,-2.67466
181,-2.58537,11.0989,-2.37419
181,-2.34765,11.1544,-2.15052
181,-2.34034,11.1818,-2.09739
181,-2.55694,11.1247,-2.41891
181,-2.25233,11.3197,-1.81007
181,-2.55378,11.1784,-2.44452
181,-4.46364,11.4272,-2.56085
181,-2.22724,11.1221,-2.47234
181,-2.60617,11.2042,-2.42329
181,-2.78817,11.2816,-2.31364
181,-2.802,11.2782,-2.37525
181,-4.44555,11.4445,-2.60141
181,-2.77414,11.3109,-2.34697
181,-4.22879,11.3294,-2.87723
181,-4.45939,11.4961,-2.61676
181,-4.36177,11.4705,-2.648
181,-4.45633,11.497,-2.6226
181,-2.18944,11.2159,-2.55622
181,-4.45402,11.5323,-2.67174
181,-4.23415,11.3943,-2.94469
181,-3.73993,12.3348,-0.308391
181,-4.00061,11.3675,-2.93747
181,-4.16166,11.4263,-2.85284
181,-4.13672,11.417,-2.90168
181,-3.7376,12.3701,-0.320635
181,-4.36822,12.5073,-0.222812
181,-3.96915,11.4101,-2.91886
181,-4.34928,11.5785,-2.64804
181,-3.74634,11.9056,-1.56504
181,-4.35381,11.4547,-2.97932
181,-4.32782,11.6187,-2.64055
181,-4.16898,11.4667,-2.97748
181,-4.17834,11.5069,-2.92228
181,-4.35823,12.5686,-0.244936
181,-4.14548,11.4878,-2.97015
181,-3.80033,12.4447,-0.351067
181,-1.78981,11.7015,-1.53723
181,-0.424388,12.334,0.579984
181,-5.66937,13.3458,1.10109
181,-5.48615,13.3099,1.06736
181,-3.79923,12.9148,0.689259
181,-5.72776,13.329,0.930134
181,-4.36083,11.6484,-2.9158
181,-0.376356,12.4149,0.573816
181,-5.67016,13.3469,0.894466
181,-1.74493,11.3048,-2.87023
181,-4.36459,11.6746,-2.94266
181,-4.07224,11.6489,-2.89695
181,-4.2344,12.1629,-1.64589
181,-4.55484,11.6841,-3.01871
181,-4.35734,11.7385,-2.80073
181,-4.37139,12.7257,-0.295171
181,-1.88488,11.3969,-2.79332
181,-6.70619,12.2467,-2.48739
181,-4.56684,11.7131,-3.03636
181,-3.73292,13.1478,1.00516
181,-4.56564,11.7188,-3.04933
181,-2.07229,12.5726,0.147398
181,-5.7976,13.4473,0.94037
181,-4.22259,12.2168,-1.64572
181,-6.2286,12.7498,-1.05334
181,-6.26355,12.7525,-1.06147
181,1.22846,11.0487,-2.57306
181,-2.06201,12.6074,0.147615
181,-3.11573,13.0567,0.893771
181,-3.04795,12.9164,0.543984
181,-1.6788,11.8779,-1.61857
181,-3.82412,13.0232,0.475868
181,-2.05462,12.63,0.13455
181,-4.03523,11.7057,-3.05719
181,-3.93963,11.7739,-2.85252
181,-3.93931,11.7715,-2.87849
181,-4.43582,13.179,0.574532
181,-3.95704,11.7253,-3.02777
181,-1.52079,11.4339,-2.84995
181,-1.18813,12.9417,1.16426
181,-1.50336,11.4489,-2.84675
181,-3.09699,13.1643,0.961686
181,-3.94375,11.7653,-3.01774
181,-3.93893,11.8129,-2.93303
181,-1.83773,11.5155,-2.88345
181,-3.88273,11.7611,-3.05402
181,-4.43599,13.2475,0.571649
181,-3.03271,12.9865,0.44275
181,-6.42357,13.6188,0.742588
181,-1.82667,11.519,-2.91057
181,-1.80701,11.5203,-2.90876
181,-1.41283,11.4307,-2.98702
181,-3.99312,11.8064,-3.07107
181,1.42546,11.1066,-2.75477
181,-2.06249,12.5698,-0.329471
181,0.126677,11.1186,-3.25386
181,-3.27023,13.2514,0.947154
181,-2.01727,12.7519,0.11068
181,-3.99413,11.8266,-3.08902
181,-3.96374,11.8254,-3.1138
181,-1.79173,11.5682,-2.95153
181,-4.15602,12.9604,-0.346111
181,-0.4606,11.2266,-3.42641
181,-3.8885,11.8553,-3.15078
181,-6.60591,12.7004,-2.06225
181,-3.08743,13.3176,0.913823
181,-3.14308,13.2804,0.78222
181,-1.42333,11.4209,-3.38807
181,-1.40974,11.4404,-3.41213
181,-1.32666,12.8932,0.38738
181,-6.34482,13.1236,-1.00625
181,-3.06968,13.3769,0.94259
181,1.37639,11.5892,-1.99574
181,-1.49147,12.2587,-1.3943
181,-2.12526,12.6393,-0.661764
181,-4.34278,12.5542,-1.77906
181,-4.50969,12.6303,-1.66948
181,-0.954799,13.1796,1.12752
181,-2.00077,12.7626,-0.375592
181,-6.55216,12.8433,-2.02759
181,-3.26965,13.4806,0.908756
181,-1.80543,11.833,-2.80549
181,-0.072865,13.0849,1.12422
181,-4.5087,13.293,-0.131148
181,-3.13418,12.9764,-0.426198
181,-4.19694,13.1702,-0.404861
181,-3.26479,13.0348,-0.411582
181,-3.16715,13.2915,0.288927
181,1.43004,11.6664,-2.21175
181,-4.46781,13.4338,0.0303265
181,-1.24288,13.0868,0.35967
181,-1.04822,13.3048,0.996063
181,-0.294394,11.4825,-3.44347
181,1.58874,11.7495,-2.06635
181,-1.91304,12.8045,-0.725165
181,-0.451821,11.5832,-3.33851
181,-0.982998,13.4139,1.17552
181,-3.12422,13.1094,-0.465345
181,-1.2412,13.1525,0.367673
181,-4.46784,13.528,0.0278474
181,-0.97085,13.4302,1.14056
181,-6.49361,12.6298,-3.22075
181,-6.65885,13.0828,-2.16629
181,0.0712748,13.1039,0.48832
181,1.57694,11.842,-2.28524
181,0.115208,13.3872,1.10532
181,-3.19817,13.1249,-0.927461
181,-3.18896,13.1337,-0.933829
181,-3.09903,13.3004,-0.491236
181,0.496746,12.5968,-0.936157
181,1.44807,11.9153,-2.3393
181,-5.1379,12.8589,-2.49066
181,-1.24141,12.486,-1.98673
181,-1.97703,13.0755,-0.794458
181,-0.00416613,11.6205,-3.80678
181,-0.737014,13.6569,1.14074
181,-4.51419,13.8013,-0.00695419
181,-0.100041,12.6001,-1.3966
181,-4.42952,13.2538,-1.42323
181,-6.60547,12.8228,-3.41279
181,-4.31982,12.9937,-2.07469
181,-1.9814,13.1335,-0.80853
181,1.75501,11.9629,-2.45181
181,-5.16454,12.9992,-2.57929
181,-3.0037,12.7223,-3.24768
180,-3.0037,12.7223,-3.24768
181,-3.24978,12.5178,-2.60033
180,-3.24978,12.5178,-2.60033
181,-2.91927,13.0349,-2.63985
180,-2.91927,13.0349,-2.63985
181,-2.92912,12.9593,-2.909
180,-2.92912,12.9593,-2.909
181,-1.96309,10.8792,-0.838616
180,-1.96309,10.8792,-0.838616
181,-2.89216,13.201,-2.73887
180,-2.89216,13.201,-2.73887
181,-2.95467,12.9104,-2.5365
180,-2.95467,12.9104,-2.5365
181,-5.4553,13.7471,-3.7702
180,-5.4553,13.7471,-3.7702
181,2.51576,16.6447,2.21187
180,2.51576,16.6447,2.21187
181,-5.34901,16.3111,1.14187
180,-5.34901,16.3111,1.14187
181,2.76304,14.9814,1.57265
180,2.76304,14.9814,1.57265
181,-2.41569,11.1204,-1.40417
180,-2.41569,11.1204,-1.40417
181,-5.70529,16.435,1.58105
180,-5.70529,16.435,1.58105
181,3.76656,15.7532,1.53356
180,3.76656,15.7532,1.53356
181,-3.28464,17.4601,2.0052
180,-3.28464,17.4601,2.0052
181,0.694276,12.6815,1.33726
180,0.694276,12.6815,1.33726
181,3.04896,15.4987,1.53016
180,3.04896,15.4987,1.53016
181,-5.41534,17.2104,1.20118
180,-5.41534,17.2104,1.20118
181,-2.33773,12.8984,1.26449
180,-2.33773,12.8984,1.26449
181,-3.36201,13.4612,-2.92999
180,-3.36201,13.4612,-2.92999
181,-4.57966,13.2255,-2.78932
179,-4.57966,13.2255,-2.78932
181,-3.03235,12.8858,-2.705
179,-3.03235,12.8858,-2.705
181,-1.48479,15.6185,1.41225
179,-1.48479,15.6185,1.41225
181,-4.12015,13.0095,-2.09156
179,-4.12015,13.0095,-2.09156
181,3.81711,16.2727,2.10619
179,3.81711,16.2727,2.10619
181,-3.0588,12.804,-2.62389
179,-3.0588,12.804,-2.62389
181,-5.70717,16.4939,1.56782
179,-5.70717,16.4939,1.56782
181,-7.07404,16.9096,1.27506
179,-7.07404,16.9096,1.27506
181,0.992858,17.2584,1.44026
179,0.992858,17.2584,1.44026
181,-2.16199,22.2041,-2.61862
178,-2.16199,22.2041,-2.61862
181,-5.50104,16.1817,1.3495
178,-5.50104,16.1817,1.3495
181,-2.09934,22.5509,-2.73594
178,-2.09934,22.5509,-2.73594
181,-2.95228,14.4615,-2.57997
177,-2.95228,14.4615,-2.57997
181,-7.4253,17.3147,1.55624
177,-7.4253,17.3147,1.55624
181,-3.55528,21.2072,-2.56338
177,-3.55528,21.2072,-2.56338
182,-3.30829,6.93287,0.941513
182,-3.37037,7.24593,0.960825
182,-3.29861,7.42086,0.929507
182,-3.32199,7.91191,0.906936
182,-3.49552,8.34657,0.948826
182,-3.86144,9.70721,-0.0995189
182,-1.56461,9.89291,-0.675882
182,-1.5883,10.2318,-0.698699
182,-1.82336,10.4642,-0.823423
182,-2.34547,10.6428,-0.898635
182,-1.71442,10.6249,-0.827107
182,-1.70185,10.6529,-0.844818
182,-2.34171,10.7545,-0.865305
182,0.361277,10.4247,-0.829572
182,-1.73493,10.7401,-0.890843
182,-2.27149,10.8545,-0.92329
182,-2.31755,11.3751,0.322642
182,0.373401,10.4919,-0.838224
182,0.401916,10.4958,-0.856819
182,-2.29341,10.8898,-0.938051
182,-1.56988,10.8677,-0.808375
182,-2.99182,10.4259,-2.48894
182,-2.28762,10.9418,-1.01892
182,0.340515,9.97158,-2.41137
182,-1.89597,10.9584,-0.855942
182,-2.99549,10.4509,-2.52791
182,-2.25489,10.938,-1.05354
182,-2.62587,11.0782,-0.855463
182,-3.00847,10.3969,-2.6839
182,-0.109925,10.0343,-2.50463
182,-0.373124,10.0585,-2.54777
182,-2.58798,11.0957,-0.866984
182,-1.88669,10.997,-0.864871
182,-2.57383,11.1161,-0.841242
182,0.305057,10.0216,-2.43348
182,0.00299215,10.095,-2.40464
182,-2.26992,10.3394,-2.68928
182,0.762148,10.5725,-1.00465
182,0.798601,10.5635,-1.02838
182,-2.71208,10.9446,-1.4613
182,0.347055,10.067,-2.47228
182,-0.122311,10.0784,-2.62616
182,0.638289,10.0178,-2.48734
182,0.652545,10.0226,-2.47945
182,-2.63156,11.0127,-1.32776
182,-4.59107,10.8571,-2.45651
182,-0.252616,10.1603,-2.52889
182,-2.64514,11.0541,-1.30831
182,-2.71395,11.0016,-1.48408
182,-2.65918,11.1256,-1.17638
182,0.598897,10.6205,-1.18848
182,0.700041,10.0692,-2.54492
182,-2.62159,11.0183,-1.49559
182,-1.38774,11.094,-0.88272
182,-2.81503,11.1236,-1.38861
182,-2.38846,11.1392,-1.18912
182,-1.40011,11.0603,-1.05647
182,-4.69557,11.0282,-2.40728
182,-4.74119,11.0374,-2.40971
182,-2.92601,10.7759,-2.36542
182,-2.68126,11.0645,-1.57265
182,-4.70329,11.03,-2.43042
182,0.147107,10.2323,-2.54924
182,-3.01894,10.6679,-2.71227
182,-2.84835,10.8017,-2.35879
182,-1.73676,11.1807,-1.0134
182,-4.72193,11.0593,-2.44906
182,-3.48299,12.0835,0.495469
182,-3.02329,10.6457,-2.96505
182,-0.706002,11.1513,-0.886446
182,-0.716393,11.1573,-0.890773
182,-2.29461,11.1283,-1.58043
182,-2.37344,11.1365,-1.59401
182,-3.24753,10.7678,-2.83142
182,-2.33952,11.1354,-1.60776
182,-2.23616,11.1859,-1.44766
182,0.258623,10.3158,-2.63781
182,-2.36223,11.1374,-1.62505
182,0.770551,10.4195,-2.24958
182,-2.2316,11.2137,-1.46587
182,-2.71248,11.3028,-1.43439
182,-2.39021,11.2513,-1.45711
182,-1.20463,11.254,-1.00277
182,0.869036,10.4372,-2.22702
182,-3.46815,11.0559,-2.35561
182,-3.25113,10.8189,-2.87602
182,-0.677377,10.3552,-3.06014
182,-2.23775,10.7915,-2.59668
182,-0.744161,10.3948,-3.01334
182,-3.01289,10.7332,-3.05464
182,-1.91687,10.5847,-3.01366
182,-2.32868,11.1959,-1.67605
182,-3.37459,10.7946,-3.09576
182,-3.42914,10.8239,-3.05779
182,-2.43026,10.8546,-2.61787
182,-2.82996,11.0701,-2.25246
182,0.56322,11.2878,-0.442085
182,-2.41252,11.3014,-1.54357
182,-3.3993,10.8992,-2.92698
182,-1.51656,10.5645,-3.03388
182,-2.51799,10.9988,-2.35271
182,-1.90287,10.6195,-3.05921
182,-1.51608,10.5742,-3.04955
182,0.94131,10.5131,-2.31625
182,-3.43473,10.8732,-3.11834
182,-3.91786,10.9457,-3.14201
182,-3.40738,10.9577,-2.96938
182,-1.48491,10.6251,-3.07884
182,-1.16881,11.7714,-0.180575
182,0.950679,10.5581,-2.35653
182,-3.46622,11.1979,-2.46414
182,-3.39917,10.9801,-2.99163
182,-2.82895,11.1533,-2.39071
182,-2.34447,11.1762,-2.16754
182,-2.42127,10.9683,-2.71195
182,-2.748,11.2095,-2.29298
182,-3.94636,11.0251,-3.21798
182,-4.4517,11.3857,-2.53757
182,-3.87861,11.0446,-3.23154
182,-3.41245,11.0601,-3.03998
182,-2.12543,11.9244,-0.478133
182,-3.42149,11.0718,-3.07107
182,-2.15747,11.0007,-2.82243
182,-2.12697,10.9935,-2.84383
182,-2.49564,11.1473,-2.73357
182,0.551561,10.6,-2.93493
182,-3.16412,11.8088,-1.38084
182,-3.07299,12.487,0.313336
182,-0.93256,12.2976,0.606038
182,-4.05144,11.9655,-1.40182
182,-0.434935,11.5495,-1.06282
182,-4.25735,11.3937,-2.89972
182,-1.27921,12.2035,0.206973
182,-4.33359,11.5375,-2.59543
182,-4.01514,12.2779,-0.663605
182,-4.25043,11.4148,-2.94114
182,-5.58172,13.1548,0.807641
182,-5.65259,13.3048,1.12453
182,-2.36256,11.173,-2.85653
182,-2.38284,11.1726,-2.87681
182,-2.03725,11.2133,-2.66026
182,-4.29059,11.5073,-2.80129
182,-3.31105,11.4549,-2.59373
182,-4.31298,11.5314,-2.81858
182,-2.03447,11.2491,-2.65852
182,-4.58628,11.4662,-3.12602
182,-4.35878,11.4043,-3.20984
182,-3.71286,12.4407,-0.450462
182,-0.171937,10.679,-3.46285
182,-0.903101,10.8713,-3.27611
182,-3.0745,12.6762,0.299641
182,-4.27184,11.5069,-3.02801
182,1.27539,11.9592,0.180692
182,-4.14385,11.3928,-3.26531
182,-1.6461,10.9658,-3.36969
182,-4.37231,11.4465,-3.23591
182,-1.64208,10.968,-3.3842
182,-2.18332,11.3693,-2.61738
182,-2.02944,12.6576,0.582306
182,-2.17565,11.4254,-2.49648
182,-4.24438,11.6005,-2.85511
182,-4.62822,11.6215,-2.95042
182,-1.64207,10.9808,-3.39682
182,-4.36945,11.4616,-3.25963
182,-3.98494,11.5196,-3.00031
182,-4.32714,11.6258,-2.88162
182,-3.6903,12.6063,-0.273089
182,-1.99638,11.2978,-2.86509
182,-2.55606,12.9703,1.00819
182,-4.00899,11.5568,-3.01084
182,-4.37625,11.5095,-3.26969
182,-1.88911,11.341,-2.74591
182,-4.03446,11.6217,-2.87701
182,-3.14331,12.0495,-1.50061
182,-4.03141,11.4581,-3.29981
182,-4.02406,11.4614,-3.29446
182,-3.11426,13.0664,0.973557
182,-4.0169,11.4604,-3.31276
182,-4.60702,11.6804,-3.00962
182,-1.9831,11.3336,-2.88065
182,-3.79556,13.0757,0.679892
182,-4.35141,11.5633,-3.24118
182,1.18707,10.9894,-2.55737
182,-5.58484,13.532,1.06114
182,-1.74558,11.3311,-2.88599
182,-1.84801,11.2362,-3.20293
182,-1.87638,11.2541,-3.17161
182,-4.02618,11.5144,-3.35537
182,-3.04199,11.4279,-3.23434
182,-1.88847,11.4262,-2.80997
182,-4.61897,11.7529,-3.05269
182,-1.88162,11.4302,-2.81701
182,-1.09722,11.059,-3.43034
182,-1.9692,11.3958,-2.93609
182,-1.87563,11.4064,-2.89101
182,-2.02755,12.6623,0.119159
182,-3.23108,13.2172,1.00068
182,0.281484,10.9709,-3.1834
182,-1.8476,11.4137,-2.92231
182,0.309374,11.0009,-3.20547
182,-1.53815,11.256,-3.28753
182,-3.39359,12.2368,-1.58869
182,0.0545039,11.0595,-3.17878
182,-2.01721,12.7433,0.112386
182,-2.01835,12.7466,0.119141
182,1.20513,12.4296,0.558978
182,-3.884,11.6999,-3.19455
182,-4.01503,11.7922,-3.01888
182,0.101413,11.0801,-3.2354
182,0.0905073,11.0874,-3.22342
182,-3.54498,13.3469,0.938434
182,-1.42952,12.6579,0.0135288
182,-3.96304,11.8615,-2.9226
182,0.10452,11.1122,-3.24688
182,1.40966,11.1429,-2.6983
182,-3.87743,11.7396,-3.25752
182,-3.88587,11.8132,-3.09955
182,-3.35086,13.3163,0.782093
182,-1.03638,13.1049,1.13236
182,0.13963,11.1549,-3.26957
182,-6.62898,12.0984,-3.52704
182,-1.02361,11.2047,-3.5989
182,-4.11217,11.8998,-3.11398
182,-1.04325,11.2664,-3.50565
182,-3.12482,12.3634,-1.6645
182,-3.88235,11.8089,-3.32714
182,-4.04336,11.9269,-3.13203
182,-1.74279,11.7079,-2.80128
182,-2.55799,12.6239,-0.904144
182,-3.07083,12.8824,-0.47827
182,-2.03811,12.5968,-0.800584
182,1.46757,11.5613,-2.01415
182,1.53986,11.2447,-2.78605
182,-1.36564,12.8279,-0.0245709
182,0.814483,11.1546,-3.33602
182,-0.0529122,12.1698,-1.1803
182,-3.71552,12.4459,-1.90775
182,-1.42402,11.4868,-3.41235
182,-0.425995,11.3063,-3.49152
182,-2.02927,12.6472,-0.81603
182,-1.35194,12.8684,-0.0341029
182,-0.396324,11.3746,-3.36506
182,-2.62983,13.3817,0.67661
182,-4.04555,13.5381,0.520838
182,-0.382589,11.3214,-3.53026
182,-4.07522,12.0788,-3.08097
182,-3.11434,13.0478,-0.387395
182,-0.403853,11.3173,-3.65934
182,-0.413489,11.3383,-3.66349
182,-4.38501,12.9337,-1.30327
182,-1.93241,12.7973,-0.717868
182,-0.232804,11.424,-3.44564
182,-3.21946,12.9564,-0.86353
182,0.800848,11.9643,-1.82187
182,-0.898117,13.4491,1.14843
182,-1.39554,11.6287,-3.51809
182,-6.4481,13.5724,-0.731982
182,-3.74673,11.84,-3.99228
182,-4.39096,13.0266,-1.34555
182,-1.38442,11.8013,-3.21139
182,-3.11401,13.1816,-0.511306
182,0.150186,11.592,-3.20787
182,-3.11972,13.2944,-0.406507
182,0.135453,11.471,-3.6578
182,-0.318123,11.4906,-3.82398
182,0.0700579,11.4779,-3.71884
182,-5.45477,13.0495,-1.9983
182,-3.43219,12.5933,-2.35052
182,-1.0777,13.6506,1.07793
182,-4.29792,13.3469,-2.94739
181,-4.29792,13.3469,-2.94739
182,-4.13995,11.4054,-2.8888
181,-4.13995,11.4054,-2.8888
182,0.337112,12.7641,-2.91341
181,0.337112,12.7641,-2.91341
182,-2.75861,11.172,-1.4383
181,-2.75861,11.172,-1.4383
182,-2.56139,15.101,-2.99664
181,-2.56139,15.101,-2.99664
182,-1.22782,12.7889,-0.400828
181,-1.22782,12.7889,-0.400828
182,-2.9399,12.9098,-2.55528
181,-2.9399,12.9098,-2.55528
182,3.57567,16.664,-2.43038
181,3.57567,16.664,-2.43038
182,2.76507,14.2569,1.38305
181,2.76507,14.2569,1.38305
182,0.246094,11.7085,-1.34472
181,0.246094,11.7085,-1.34472
182,-3.03071,13.0234,-2.79548
181,-3.03071,13.0234,-2.79548
182,1.73849,17.5034,1.85064
181,1.73849,17.5034,1.85064
182,-1.39712,15.7905,1.56802
181,-1.39712,15.7905,1.56802
182,-4.96093,23.1526,-2.99469
181,-4.96093,23.1526,-2.99469
182,0.396777,12.3577,-4.36876
181,0.396777,12.3577,-4.36876
182,1.99863,12.2326,-2.60285
181,1.99863,12.2326,-2.60285
182,-6.44482,13.2717,-3.26449
181,-6.44482,13.2717,-3.26449
182,-1.33832,15.9343,1.5629
181,-1.33832,15.9343,1.5629
182,-6.46212,13.3003,-3.26733
181,-6.46212,13.3003,-3.26733
182,-1.35694,20.1702,0.520194
181,-1.35694,20.1702,0.520194
182,-1.53912,19.2092,0.54933
181,-1.53912,19.2092,0.54933
182,-1.06015,12.9622,1.1407
181,-1.06015,12.9622,1.1407
182,-5.82772,13.5291,0.891988
181,-5.82772,13.5291,0.891988
182,-3.7254,12.9537,0.514506
180,-3.7254,12.9537,0.514506
182,-2.25408,19.7892,-2.22394
180,-2.25408,19.7892,-2.22394
182,-3.72707,12.9192,0.521222
180,-3.72707,12.9192,0.521222
182,-6.46123,14.8923,-0.769759
180,-6.46123,14.8923,-0.769759
182,3.20183,15.9093,1.4317
180,3.20183,15.9093,1.4317
182,-5.86869,16.5429,1.35158
180,-5.86869,16.5429,1.35158
182,-3.35226,11.1811,0.323755
179,-3.35226,11.1811,0.323755
182,-4.66758,13.3126,-2.87094
179,-4.66758,13.3126,-2.87094
182,-3.82865,13.1908,0.662174
177,-3.82865,13.1908,0.662174
183,-3.23096,8.73114,0.789189
183,-3.00588,9.06505,0.241421
183,-1.43267,9.41807,-0.630544
183,0.692047,9.90735,-0.74723
183,-2.65018,9.75208,-2.55758
183,-2.79967,9.8127,-2.57005
183,-2.89353,9.85269,-2.54901
183,-2.8178,9.83811,-2.5828
183,-2.51396,9.83927,-2.58375
183,-2.54263,9.85114,-2.6465
183,-3.02311,10.0581,-2.43179
183,-3.00124,10.0569,-2.43749
183,0.674426,10.1398,-0.844741
183,-0.259948,9.69531,-2.46094
183,-4.75531,10.4716,-2.35804
183,-1.99237,10.6435,-0.854948
183,-4.77309,10.5016,-2.36808
183,-0.194112,9.84583,-2.20622
183,0.645881,9.68837,-2.26742
183,-1.95898,10.6999,-0.818809
183,-2.75592,11.4615,0.713431
183,0.766975,10.2199,-0.971335
183,0.370101,10.3634,-0.801803
183,0.786974,10.2275,-0.972346
183,-3.02634,10.2062,-2.55371
183,0.794852,10.2642,-0.897997
183,-2.25107,10.0304,-2.69001
183,0.703411,9.72553,-2.28923
183,-4.79065,10.5781,-2.42474
183,-4.75441,10.4827,-2.65028
183,1.14939,10.2595,-0.849998
183,-4.76027,10.4767,-2.67619
183,-1.69818,10.712,-0.874566
183,0.3363,10.4043,-0.829201
183,-0.147876,9.90816,-2.25614
183,0.832992,10.2964,-0.909009
183,0.678384,9.75554,-2.30412
183,-1.69566,10.7335,-0.858293
183,-3.01949,10.2545,-2.57506
183,-0.217209,9.87138,-2.40057
183,-1.73115,10.7301,-0.893692
183,0.402055,10.414,-0.828122
183,0.836695,10.3075,-0.917657
183,-3.12827,10.2722,-2.60525
183,-2.03581,10.7887,-0.89884
183,0.713734,9.75295,-2.35086
183,0.887854,10.2806,-1.00343
183,-2.34468,10.8586,-0.890097
183,0.894243,10.3271,-0.937535
183,0.726262,9.78021,-2.35234
183,-2.81612,10.8139,-1.24643
183,0.733205,9.79261,-2.35703
183,-0.314005,9.94821,-2.40727
183,0.592907,9.82557,-2.35953
183,0.929004,10.3198,-1.019
183,-3.0298,10.3157,-2.63405
183,0.253548,9.85148,-2.47929
183,-1.48748,10.7312,-1.03805
183,0.261163,9.86138,-2.48227
183,-2.32587,10.9664,-0.797098
183,0.505228,9.85584,-2.42229
183,-2.19453,10.956,-0.796219
183,-0.179009,9.88761,-2.66555
183,-2.32347,10.9353,-0.955229
183,-2.25294,11.0068,-0.79447
183,-2.8048,10.9063,-1.28499
183,-2.32556,10.2887,-2.61905
183,-2.56448,11.0455,-0.855985
183,0.310431,9.9048,-2.57032
183,-1.47121,10.8128,-1.07789
183,-2.11847,10.9778,-0.932964
183,-1.78482,10.9359,-0.920433
183,-2.16439,11.037,-0.82842
183,-0.190148,10.0194,-2.5655
183,-2.9786,10.4803,-2.58663
183,-1.84538,10.9511,-0.989455
183,-2.78602,10.9692,-1.32188
183,-2.04999,10.9947,-0.966942
183,0.644948,9.88334,-2.63104
183,-3.01166,10.3525,-2.94279
183,-1.76341,10.0986,-3.07323
183,-2.30561,11.0946,-0.846956
183,-0.144847,10.0367,-2.58951
183,-0.35853,10.0743,-2.59305
183,-1.74847,10.137,-3.00465
183,-1.81645,10.9898,-0.939605
183,-0.460597,9.93068,-3.01345
183,-2.17782,11.0916,-0.850774
183,-2.29372,10.3654,-2.69128
183,-0.349514,10.0942,-2.58261
183,0.747239,10.5108,-1.12672
183,-0.126978,10.0561,-2.611
183,-2.20853,10.348,-2.7279
183,-0.193988,10.1021,-2.54416
183,-1.85955,10.1789,-3.02524
183,-1.86147,10.185,-3.01256
183,-0.352244,10.1088,-2.59959
183,0.626617,9.9519,-2.61384
183,-2.26648,10.4201,-2.61691
183,-2.98333,10.5376,-2.62617
183,-0.743813,10.9035,-0.833624
183,0.556848,10.0376,-2.46739
183,-2.06194,11.0384,-1.06713
183,-2.13669,10.2705,-2.99116
183,-2.19417,10.3881,-2.77367
183,-2.73314,11.8876,0.699241
183,-2.05169,11.056,-1.07958
183,-2.53006,11.8471,0.667704
183,-1.22932,10.1026,-3.12309
183,-0.384378,10.1074,-2.80501
183,1.28978,10.1821,-1.9654
183,-2.13112,10.3192,-3.04483
183,-2.67732,11.0804,-1.42268
183,-0.137739,10.1817,-2.62982
183,-2.22439,10.5518,-2.56361
183,-2.83274,11.1205,-1.40792
183,-0.207108,10.0476,-3.00279
183,-4.61558,10.9375,-2.57547
183,0.704497,10.0314,-2.68424
183,1.35316,10.207,-1.99388
183,-1.92716,10.2501,-3.20441
183,-2.95588,10.6471,-2.67068
183,-0.0302668,10.0346,-3.0312
183,1.2749,10.2034,-2.09578
183,0.424195,10.1563,-2.55586
183,-2.67123,11.1107,-1.44276
183,-0.179282,10.241,-2.59143
183,-4.64778,10.9673,-2.58991
183,-1.6551,10.2949,-3.06406
183,-0.21063,10.095,-3.01953
183,-0.0203743,10.0572,-3.0514
183,-0.211802,10.0956,-3.03348
183,-4.62629,10.8426,-2.96543
183,-0.199389,10.0994,-3.03584
183,-2.62744,10.989,-1.83438
183,-1.06239,10.2706,-2.99035
183,-2.87054,10.764,-2.50025
183,1.41357,10.2639,-2.04179
183,-3.39884,10.5915,-3.15764
183,-1.07475,11.7467,0.610402
183,-0.0993543,10.2615,-2.65819
183,-3.02227,10.7559,-2.62404
183,-3.26694,10.5541,-3.24652
183,-1.05222,10.294,-3.00284
183,-3.40939,10.6115,-3.17934
183,-1.04835,10.3007,-3.01547
183,-3.23633,10.7453,-2.80505
183,-0.823481,10.2898,-2.97467
183,-3.40067,10.6247,-3.19571
183,-1.03543,10.313,-3.02054
183,-2.76082,11.2326,-1.45025
183,-0.169661,10.1432,-3.10094
183,1.50209,10.2057,-2.28279
183,-3.52863,10.6414,-3.22499
183,-2.47739,11.137,-1.59068
183,-3.80577,10.7276,-3.13091
183,-2.40376,11.1683,-1.53281
183,-2.88025,10.8264,-2.5676
183,-1.61606,10.391,-3.16488
183,-4.66012,10.9353,-3.06077
183,0.804639,10.2861,-2.47714
183,0.801892,10.3121,-2.42019
183,-1.78999,10.451,-3.14506
183,-3.26189,10.8018,-2.87003
183,-2.24244,10.7514,-2.6019
183,-3.44674,10.7808,-3.03666
183,-2.38929,11.2133,-1.56905
183,-0.0987606,10.2544,-3.03298
183,-1.90209,10.5581,-3.01358
183,-3.28441,10.654,-3.34712
183,-0.749326,10.3803,-3.0236
183,-3.00509,10.8705,-2.75264
183,-0.77464,10.3844,-3.06763
183,1.53983,10.387,-2.13727
183,0.743996,10.3343,-2.58668
183,-1.77676,10.4968,-3.19647
183,-2.43238,10.9138,-2.45494
183,-0.739913,10.4024,-3.04655
183,-0.299655,10.3088,-3.10315
183,-1.59061,10.5407,-3.04819
183,-1.4696,10.4333,-3.28355
183,-0.727627,10.4109,-3.05224
183,-2.67195,11.0893,-2.1638
183,-3.41714,10.9069,-2.92182
183,-0.310255,10.324,-3.12292
183,1.80486,10.8142,-1.07325
183,-3.86367,10.8886,-3.16172
183,-0.733888,10.4178,-3.07704
183,-1.89049,10.6294,-3.09132
183,0.0714555,10.3232,-3.11736
183,-1.89501,10.6548,-3.101
183,-0.275523,10.3724,-3.1634
183,-2.19813,10.8689,-2.71633
183,0.621527,10.161,-3.33316
183,-2.4257,10.9961,-2.52674
183,-2.81879,11.1243,-2.37825
183,0.415241,10.4846,-2.66815
183,-0.00644541,10.4995,-2.80193
183,-3.45735,10.9199,-3.1482
183,-0.500906,11.2998,-1.0526
183,1.6478,10.4904,-2.18864
183,-2.61099,11.2606,-2.03411
183,-3.75567,10.9516,-3.26139
183,1.7714,10.1583,-3.00839
183,-2.82525,11.1578,-2.40054
183,-2.40875,11.4328,-1.56328
183,-3.93428,11.0169,-3.22982
183,-2.78176,11.1074,-2.56248
183,-1.93202,10.7577,-3.09376
183,-0.471392,11.3461,-1.06335
183,-2.23767,10.9876,-2.6595
183,-2.83078,11.1326,-2.54545
183,-3.94869,11.0266,-3.25939
183,-1.31022,10.5825,-3.30749
183,-3.9557,11.0431,-3.24981
183,-3.39618,10.9688,-3.23038
183,-2.83438,11.2228,-2.3857
183,-1.30207,10.6127,-3.32445
183,1.05879,10.6005,-2.42824
183,-2.82922,11.2432,-2.40565
183,-2.27384,11.0481,-2.66556
183,-3.79092,11.0297,-3.33658
183,-2.00331,10.8645,-3.05364
183,1.84916,10.2236,-3.10631
183,-2.62301,11.1935,-2.50611
183,1.84396,10.2173,-3.13259
183,-4.55912,11.2775,-3.09696
183,0.737916,10.5207,-2.87658
183,-3.17055,11.001,-3.26466
183,-1.90213,10.9304,-2.96674
183,-1.28682,10.6683,-3.37887
183,-1.16162,10.584,-3.53739
183,-4.26865,12.4192,-0.263222
183,1.17557,11.7206,0.177694
183,1.91391,10.2655,-3.15121
183,-2.56367,12.4791,0.493595
183,-4.04722,11.1627,-3.35268
183,0.984482,11.4737,-0.618702
183,-0.37939,11.5004,-1.14003
183,-1.52089,10.8654,-3.18974
183,-4.51304,11.5702,-2.65362
183,-4.28175,11.4796,-2.79453
183,-1.37874,12.6337,1.19892
183,-1.41708,10.8219,-3.29524
183,-4.29345,11.4975,-2.80667
183,-2.07251,11.6343,-1.58411
183,-2.24556,11.3471,-2.38155
183,-4.33542,11.3761,-3.15869
183,-1.11524,10.6764,-3.62551
183,-4.60166,11.461,-3.09145
183,-4.59264,11.5484,-2.89315
183,-4.12316,11.4436,-2.97311
183,-4.56237,11.5507,-2.90036
183,-1.91635,11.06,-3.06365
183,-2.15664,11.3048,-2.57785
183,1.13482,10.7755,-2.57473
183,-4.09572,11.3739,-3.19121
183,-1.39678,10.8792,-3.35856
183,-1.84509,11.0812,-3.06794
183,-4.1763,11.5064,-2.95982
183,-0.807796,10.8304,-3.29183
183,-0.651486,11.1849,-2.35725
183,-1.90957,11.2724,-2.71533
183,-4.22583,11.4359,-3.24262
183,-1.90547,11.1328,-3.08732
183,-2.14993,11.3795,-2.59225
183,-0.173914,12.5804,1.13538
183,-1.49108,12.3547,0.0418502
183,-0.170885,12.5924,1.15307
183,-2.14004,11.4175,-2.52721
183,-3.98651,11.5778,-2.89673
183,-3.23384,11.2375,-3.44238
183,-1.8809,11.1408,-3.14142
183,-4.32288,11.6749,-2.80683
183,-2.13929,11.4388,-2.54446
183,-2.22563,11.4912,-2.4636
183,-1.09364,10.9567,-3.37166
183,-1.36847,10.9812,-3.42493
183,-1.97644,11.2997,-2.88745
183,-3.93875,11.6622,-2.78092
183,-3.16907,12.0718,-1.4861
183,-3.92151,11.6853,-2.76256
183,-4.31649,11.4483,-3.513
183,-1.3584,11.0093,-3.4582
183,-0.605412,11.3028,-2.44845
183,-1.53765,11.3253,-2.78023
183,-3.04245,12.9171,0.522238
183,-1.02335,10.9965,-3.41215
183,-3.22958,13.1523,0.998604
183,-3.98913,11.7007,-2.9338
183,-1.88476,11.2667,-3.19272
183,-4.43194,11.6182,-3.37586
183,-1.54707,11.2438,-3.16342
183,-3.23742,11.3794,-3.56923
183,0.074198,11.0474,-3.20083
183,-0.272192,12.4726,0.150317
183,-1.93682,11.4604,-3.00842
183,-4.14471,11.7845,-3.14775
183,-0.849742,12.3963,-0.333846
183,-3.68028,12.7466,-0.628115
183,0.0918701,11.0781,-3.24032
183,-4.45381,11.7449,-3.44454
183,0.155027,11.1177,-3.19127
183,0.105007,11.1105,-3.2481
183,-3.67959,12.7901,-0.632779
183,-1.9497,13.0205,0.558109
183,-0.232986,12.5754,0.138419
183,-0.46224,11.235,-3.27753
183,-2.65287,12.8352,-0.226445
183,-0.456581,11.2043,-3.43097
183,-0.578341,11.2304,-3.44236
183,-1.02038,13.1919,1.15099
183,-3.26304,12.8285,-0.649826
183,-4.13977,11.808,-3.53279
183,-0.555506,11.2833,-3.48916
183,-5.73094,13.2534,-0.746692
183,-0.407912,11.3386,-3.34129
183,-3.10296,12.9613,-0.426131
183,-4.37544,12.4651,-2.1662
183,0.713194,11.8084,-1.75444
183,0.142486,12.087,-1.3032
183,-5.72617,13.2818,-0.718946
183,-3.20689,13.1954,0.0551426
183,2.52744,12.7928,1.33069
183,-2.89594,12.1876,-2.40296
183,-3.20587,13.2352,0.0476853
183,-4.41026,12.5315,-2.22119
183,-1.45048,11.5675,-3.41364
183,-0.753765,12.6867,-0.402787
183,0.351334,12.8962,0.546363
183,-0.0459971,12.9876,0.527065
183,1.47292,12.7388,0.521157
183,-0.419117,11.3448,-3.6849
183,2.59143,12.9005,1.31991
183,-2.44931,10.6963,-2.5041
182,-2.44931,10.6963,-2.5041
183,-3.76975,13.5699,-0.732515
182,-3.76975,13.5699,-0.732515
183,0.503714,12.562,0.566428
182,0.503714,12.562,0.566428
183,-0.445461,9.96632,-2.69099
182,-0.445461,9.96632,-2.69099
183,-0.718463,12.7445,-2.84589
182,-0.718463,12.7445,-2.84589
183,2.20189,12.4606,-2.73768
182,2.20189,12.4606,-2.73768
183,-3.4638,13.1747,-2.68939
182,-3.4638,13.1747,-2.68939
183,0.547063,12.6264,0.565259
182,0.547063,12.6264,0.565259
183,2.78438,13.6582,1.59486
182,2.78438,13.6582,1.59486
183,-3.6181,16.4366,1.52678
182,-3.6181,16.4366,1.52678
183,-0.751108,11.089,-1.17584
182,-0.751108,11.089,-1.17584
183,1.92477,12.1777,-2.56034
182,1.92477,12.1777,-2.56034
183,0.897749,12.0511,-1.88387
182,0.897749,12.0511,-1.88387
183,-0.721091,12.73,-2.82599
182,-0.721091,12.73,-2.82599
183,0.517152,12.5915,0.574906
182,0.517152,12.5915,0.574906
183,-4.11741,15.6875,1.34948
182,-4.11741,15.6875,1.34948
183,-3.46195,11.2586,-2.51797
182,-3.46195,11.2586,-2.51797
183,-5.24395,13.7861,-2.82354
182,-5.24395,13.7861,-2.82354
183,-1.40722,12.6935,0.410075
182,-1.40722,12.6935,0.410075
183,3.3276,13.5822,-3.48155
182,3.3276,13.5822,-3.48155
183,4.18747,41.4712,1.97797
182,4.18747,41.4712,1.97797
183,-6.3289,12.981,-3.08445
182,-6.3289,12.981,-3.08445
183,-5.42638,13.3687,-3.62862
182,-5.42638,13.3687,-3.62862
183,-1.79412,10.8369,-0.917008
181,-1.79412,10.8369,-0.917008
183,2.21037,12.465,-3.21947
181,2.21037,12.465,-3.21947
183,-2.28497,11.0594,-1.56899
181,-2.28497,11.0594,-1.56899
183,-2.3437,10.892,-1.45017
181,-2.3437,10.892,-1.45017
183,-4.0626,16.0869,1.20282
181,-4.0626,16.0869,1.20282
183,-1.15486,18.514,1.34242
181,-1.15486,18.514,1.34242
183,-1.35539,12.8402,0.402611
181,-1.35539,12.8402,0.402611
183,-1.47453,20.4732,0.562778
181,-1.47453,20.4732,0.562778
183,-1.62012,11.6662,-2.83695
180,-1.62012,11.6662,-2.83695
183,-2.45143,13.163,0.480991
180,-2.45143,13.163,0.480991
183,-2.1699,35.2899,-5.14697
180,-2.1699,35.2899,-5.14697
183,-4.35734,13.3617,-2.2693
64,-4.35734,13.3617,-2.2693
183,0.608779,10.3881,-0.940095
66,0.608779,10.3881,-0.940095
183,-2.80557,19.2339,-1.83468
178,-2.80557,19.2339,-1.83468
184,-2.34137,6.8344,0.42427
184,-2.91928,8.42204,0.764956
184,-2.93694,8.51784,0.764382
184,-2.73003,8.74242,0.183987
184,-2.74287,8.87234,0.1551
184,-3.19402,9.01074,0.261512
184,-3.19291,9.01637,0.264592
184,-0.0375605,9.79917,0.609495
184,-1.175,9.46226,-0.746304
184,-1.16843,9.47927,-0.761243
184,-1.00907,9.70704,-0.655187
184,-2.82205,9.6486,-2.70779
184,-2.83529,9.68983,-2.75004
184,-2.54842,9.67471,-2.70676
184,-2.82502,9.70487,-2.76628
184,-2.62989,9.67331,-2.77365
184,-2.74649,9.71778,-2.72338
184,-3.10446,9.76715,-2.76513
184,-2.52805,9.67355,-2.75181
184,-2.71747,9.71393,-2.73648
184,-2.52003,9.67888,-2.75387
184,-2.63504,9.77919,-2.57582
184,-3.12273,9.80462,-2.73089
184,-3.004,9.80756,-2.68558
184,-2.63667,9.71034,-2.79628
184,-2.90252,9.88022,-2.54434
184,-3.11764,9.79888,-2.82126
184,-2.51739,9.69941,-2.81703
184,-2.73426,9.75396,-2.81585
184,0.573944,10.0241,-0.888678
184,-3.06074,9.81785,-2.83137
184,-2.93389,9.93092,-2.61874
184,-2.53685,9.7653,-2.8574
184,-2.41361,9.80836,-2.711
184,-3.29197,9.83319,-3.01159
184,-2.40357,9.80778,-2.71968
184,-2.71199,9.90395,-2.66135
184,-2.98097,9.96123,-2.75256
184,-2.97988,10.0023,-2.66133
184,-2.97598,9.95963,-2.75876
184,-2.41947,9.87047,-2.76179
184,0.842284,10.1261,-0.924788
184,-2.93837,10.0135,-2.71098
184,-4.70479,10.4014,-2.57068
184,0.421934,10.2741,-0.846227
184,-2.43026,9.9275,-2.80969
184,-4.77342,10.5326,-2.36872
184,-4.66777,10.3221,-2.84023
184,-3.62575,11.2026,-0.494721
184,-2.13737,9.76852,-3.17305
184,-4.31076,11.9449,0.906936
184,-4.74902,10.4731,-2.64215
184,-3.16858,10.1243,-2.86759
184,0.803174,10.2596,-0.988403
184,0.377729,10.3979,-0.874482
184,-3.16808,10.1451,-2.8747
184,1.33481,10.0804,-1.22824
184,-3.05106,10.26,-2.57498
184,-3.17649,10.1615,-2.86944
184,0.378666,10.4259,-0.856821
184,0.372044,10.4361,-0.853298
184,1.36968,10.0983,-1.22795
184,-1.49069,10.7994,-0.773871
184,-2.30143,10.117,-2.65467
184,-1.6687,10.7831,-0.899442
184,-2.33183,9.91062,-3.16396
184,0.719903,9.74215,-2.33105
184,-1.63833,10.7731,-0.929119
184,-0.0897329,9.81719,-2.51374
184,-2.96015,10.1359,-2.94491
184,-1.08937,9.67983,-3.24221
184,-0.53423,9.61615,-3.16786
184,-0.523227,9.6045,-3.19832
184,-2.29337,10.1476,-2.68416
184,-4.61888,10.4891,-2.84714
184,1.41885,10.1365,-1.24416
184,-2.33939,9.94026,-3.2021
184,-1.70749,10.8254,-0.93406
184,-1.08648,9.76326,-3.1236
184,-2.35548,10.2372,-2.56459
184,-1.08701,9.77451,-3.12143
184,0.22299,9.77091,-2.61808
184,-2.02966,10.8952,-0.95859
184,-1.86702,9.95976,-3.03548
184,-1.85575,9.96394,-3.02178
184,-0.143052,9.59073,-3.19265
184,-1.86512,9.96122,-3.03595
184,0.235867,9.7919,-2.60923
184,-1.98323,9.90742,-3.24176
184,0.922797,10.3954,-0.973816
184,-0.119784,9.64746,-3.10102
184,-2.71544,10.844,-1.41802
184,-2.78538,10.9075,-1.31261
184,-1.06554,9.80571,-3.16632
184,-2.35734,10.2851,-2.60809
184,-1.86706,10.0615,-2.93251
184,-2.52279,11.0668,-0.95838
184,-1.83497,10.9631,-0.923298
184,-0.801897,9.81033,-3.1496
184,-2.52292,11.0724,-0.963141
184,0.273011,9.83383,-2.67633
184,-2.31996,10.3421,-2.55698
184,-1.53198,10.9512,-0.861338
184,-0.104874,9.65794,-3.25279
184,-2.70884,10.9091,-1.4482
184,-2.8114,10.9842,-1.35244
184,0.690897,10.5228,-1.01212
184,-1.15858,9.9073,-3.15457
184,-1.42374,10.9657,-0.847193
184,-2.70169,10.9262,-1.45204
184,-1.59982,9.91743,-3.31566
184,-0.0907369,10.0019,-2.52301
184,-0.359351,10.0225,-2.58856
184,-1.86301,10.1086,-2.9962
184,1.41057,10.102,-1.71038
184,-2.21549,11.1207,-0.843879
184,-1.39617,9.99285,-3.12669
184,-0.0220268,9.80043,-3.01707
184,0.709913,10.55,-1.01955
184,-2.17589,10.2016,-2.96947
184,-0.790976,9.86382,-3.18924
184,-2.70423,10.9545,-1.46625
184,-2.31122,10.3694,-2.65037
184,0.164466,10.0516,-2.38997
184,-2.05126,11.0516,-0.996997
184,0.734184,10.5607,-1.03016
184,-1.58952,9.95086,-3.35174
184,-4.70105,10.94,-2.38124
184,0.00372553,9.83364,-3.04191
184,0.248533,9.74023,-3.18424
184,-1.57936,10.0425,-3.23312
184,0.0112185,9.84379,-3.0559
184,0.262595,9.74113,-3.18998
184,0.624018,9.71624,-3.11359
184,-1.22778,10.0188,-3.16856
184,-4.59747,10.8827,-2.54747
184,0.0405052,9.86819,-3.03639
184,-2.61131,11.009,-1.49534
184,-1.21226,10.0334,-3.18898
184,-0.19552,10.1136,-2.62875
184,-1.22435,10.032,-3.22602
184,-1.1115,10.0384,-3.17377
184,-1.23318,10.077,-3.14104
184,-2.19801,10.4033,-2.7878
184,-0.213864,10.133,-2.61358
184,0.0362468,9.88177,-3.09098
184,-2.75995,11.1171,-1.41508
184,-0.320395,10.1513,-2.65659
184,-1.64495,10.1342,-3.23521
184,-0.328213,10.168,-2.65868
184,0.294417,9.85355,-3.16639
184,-2.21035,10.5541,-2.57647
184,-1.4263,11.1619,-0.898142
184,0.312531,9.86361,-3.16601
184,0.60324,10.0956,-2.52426
184,-0.434925,10.031,-3.08586
184,-0.913919,10.9965,-1.09715
184,-1.20785,10.0906,-3.28211
184,-0.302971,10.1992,-2.67412
184,-3.38048,10.538,-3.1329
184,-1.17948,10.1056,-3.28482
184,-3.25263,10.7057,-2.78522
184,-2.37738,11.228,-1.24564
184,0.621729,10.1344,-2.54927
184,-2.16512,10.4053,-3.04841
184,0.491051,9.85799,-3.24143
184,-2.19307,10.4039,-3.06995
184,-0.267999,10.2364,-2.70379
184,-1.4278,10.179,-3.32446
184,0.506079,9.87424,-3.25591
184,-2.41947,11.265,-1.274
184,-3.36385,10.5832,-3.20595
184,-2.1372,10.4358,-3.0526
184,-1.22022,10.1907,-3.25418
184,-3.35314,10.9921,-2.30941
184,-0.817473,9.98385,-3.60423
184,-1.64513,10.2475,-3.34757
184,-2.19597,10.4572,-3.09021
184,-0.810041,11.07,-1.1585
184,0.813314,9.87475,-3.29516
184,0.371396,9.97138,-3.26077
184,-2.41371,11.3221,-1.29392
184,-2.24489,10.7259,-2.58817
184,0.556508,9.94215,-3.32396
184,-2.87036,11.8299,-0.397955
184,-1.66147,10.3659,-3.25438
184,0.813801,9.78651,-3.59371
184,0.384781,10.0077,-3.30591
184,0.856142,9.92231,-3.34962
184,-2.22412,10.7762,-2.6361
184,-0.422725,10.1967,-3.23914
184,-1.11657,10.2925,-3.29861
184,2.14789,9.945,-2.80307
184,-1.38454,10.3243,-3.36008
184,-1.4186,10.3219,-3.38109
184,-2.18403,10.5543,-3.22228
184,-3.38942,10.7326,-3.30057
184,-2.18521,10.5691,-3.2007
184,1.42555,10.3744,-2.22771
184,-2.48001,10.9667,-2.43851
184,-2.2245,11.3353,-1.50857
184,1.0406,9.80748,-3.69755
184,0.670605,9.95695,-3.50477
184,-0.744328,10.4048,-3.04858
184,-0.0759089,10.2883,-3.06826
184,-2.81633,11.0141,-2.53156
184,2.17881,10.0606,-2.71543
184,-3.43091,10.775,-3.33937
184,-3.46184,10.875,-3.12663
184,-0.662161,10.4045,-3.09455
184,-0.677432,10.4112,-3.10606
184,1.03926,10.4664,-2.32091
184,1.36275,11.8452,0.939092
184,-3.40564,10.857,-3.22153
184,-3.42374,10.8652,-3.21901
184,0.9297,10.4748,-2.38186
184,0.993976,10.5074,-2.38661
184,1.63664,10.3889,-2.40906
184,-3.513,10.9503,-3.18413
184,-1.32949,10.5334,-3.26864
184,2.28961,10.0862,-2.84691
184,0.870217,9.98523,-3.66582
184,-2.18334,10.9432,-2.70208
184,-1.49976,10.6784,-3.15064
184,-4.11187,12.5636,0.0989878
184,2.30571,10.1775,-2.80763
184,-1.88021,10.7516,-3.17353
184,-1.87731,10.7718,-3.20457
184,2.27049,10.9288,-1.20952
184,1.09239,10.6031,-2.442
184,-1.49088,10.728,-3.19472
184,-1.47853,10.7253,-3.2015
184,2.85543,10.3129,-2.42686
184,2.24938,10.9592,-1.23645
184,1.94737,10.4771,-2.4654
184,-4.81747,11.3227,-3.24169
184,-2.31314,11.2975,-2.34351
184,-2.29879,11.293,-2.35908
184,-1.76899,10.8236,-3.24562
184,-1.28776,10.6809,-3.39974
184,1.53206,12.0647,0.864721
184,2.02788,10.6509,-2.17052
184,1.52502,12.1057,0.943732
184,2.42409,10.0191,-3.48126
184,-0.652883,11.5214,-1.3317
184,2.43095,10.0407,-3.4827
184,-4.58909,11.454,-3.11272
184,-4.13446,11.4661,-2.91937
184,-1.67169,10.8763,-3.30704
184,-1.5489,10.8839,-3.33288
184,-4.13789,11.515,-2.93173
184,-2.18161,11.386,-2.44892
184,-1.91544,11.0805,-3.04401
184,2.02691,10.3157,-3.23447
184,1.97084,10.3338,-3.2293
184,-2.16558,11.3855,-2.49789
184,-1.24796,10.7949,-3.49802
184,-2.15855,11.3949,-2.50039
184,-4.54426,11.7141,-2.73856
184,-2.1584,11.3985,-2.51158
184,-2.04402,12.8855,0.923729
184,-1.30033,10.6188,-3.97667
184,-2.51867,12.8006,0.511855
184,-1.56335,10.9526,-3.35354
184,-1.86752,11.2825,-2.72511
184,-3.54253,12.7984,0.0455944
184,2.51518,11.1692,-1.31131
184,0.853667,10.485,-3.59192
184,-4.66254,11.6143,-3.26203
184,-1.87723,11.3524,-2.7824
184,-4.61382,11.8455,-2.79463
184,2.64723,10.1983,-3.65557
184,-2.96338,12.5858,-0.484808
184,-3.56099,12.9204,0.00774795
184,-1.94111,11.3607,-2.95892
184,-4.75642,11.3865,-4.04449
184,-1.61863,11.1092,-3.44449
184,1.12021,10.8576,-2.99175
184,-0.695737,12.5551,0.131065
184,-2.16135,11.6044,-2.64289
184,1.32257,10.9944,-2.67423
184,-4.09077,12.3196,-1.82812
184,1.32658,11.0184,-2.67421
184,-2.73708,11.8961,-2.41359
184,-3.26036,12.8153,-0.551412
184,-1.08734,13.167,1.11066
184,-2.80052,11.7783,-2.74768
184,-4.05447,11.2879,-4.41128
184,0.100969,11.0939,-3.24799
184,-4.11561,12.4418,-1.89969
184,3.10835,12.5977,1.29669
184,-4.40523,13.174,-0.426139
184,0.10347,11.1523,-3.27554
184,-0.651969,11.0213,-3.50806
183,-0.651969,11.0213,-3.50806
184,-0.744616,12.6353,-2.80145
183,-0.744616,12.6353,-2.80145
184,-0.731995,12.6903,-3.39988
183,-0.731995,12.6903,-3.39988
184,-3.40519,10.8642,-2.8944
183,-3.40519,10.8642,-2.8944
184,0.112977,12.6877,-2.18809
183,0.112977,12.6877,-2.18809
184,-2.50048,19.9423,-2.20921
183,-2.50048,19.9423,-2.20921
184,-2.90763,15.7655,1.20498
183,-2.90763,15.7655,1.20498
184,2.41338,12.3359,0.553328
183,2.41338,12.3359,0.553328
184,0.535117,12.8443,-2.29451
183,0.535117,12.8443,-2.29451
184,0.266615,12.3453,-2.05253
183,0.266615,12.3453,-2.05253
184,-5.59328,13.7453,-3.81877
183,-5.59328,13.7453,-3.81877
184,2.50282,11.5969,-2.41613
183,2.50282,11.5969,-2.41613
184,-5.54362,13.586,-3.73199
183,-5.54362,13.586,-3.73199
184,1.91791,14.9695,-2.21988
182,1.91791,14.9695,-2.21988
184,-1.42154,11.1549,-0.938238
182,-1.42154,11.1549,-0.938238
184,-4.80465,21.747,-2.54517
181,-4.80465,21.747,-2.54517
184,-1.49876,11.4739,-2.91151
181,-1.49876,11.4739,-2.91151
185,-1.89967,6.39086,0.545046
185,-3.24941,9.0591,-3.00207
185,2.03781,9.21772,-1.59944
185,-2.80242,9.63366,-2.71313
185,-2.80283,9.62784,-2.72418
185,-0.726518,10.2272,-0.889019
185,2.1904,9.29523,-1.67892
185,-1.00388,10.3337,-0.87807
185,2.07693,9.34981,-1.65062
185,-2.69852,9.65453,-2.74229
185,-2.77524,9.69283,-2.72059
185,-2.68845,9.64952,-2.7719
185,-0.994892,10.3476,-0.893461
185,-2.50464,9.66328,-2.76916
185,-3.01739,9.78969,-2.72685
185,2.11266,9.39427,-1.69214
185,0.928251,10.0456,-0.88914
185,-2.71948,9.73597,-2.80098
185,-0.679802,10.3549,-0.94128
185,-2.75182,9.77037,-2.78844
185,0.971373,10.1003,-0.902951
185,0.986267,10.1165,-0.9117
185,-3.82979,11.4284,-0.181108
185,1.0008,10.1439,-0.930999
185,1.25894,9.96289,-1.19002
185,1.26615,9.9612,-1.20133
185,0.313916,10.354,-0.819722
185,-2.40752,9.83019,-2.74669
185,1.12554,10.2227,-0.821916
185,1.14851,10.2025,-0.861046
185,-1.8248,9.33196,-3.54057
185,0.823934,10.2735,-0.866624
185,-1.84005,9.34168,-3.54082
185,0.695557,10.3124,-0.854311
185,-3.17611,9.84563,-3.07101
185,-1.44012,10.6793,-0.926819
185,-1.81875,9.34068,-3.57754
185,2.11256,8.84291,-3.14358
185,1.17625,10.2341,-0.872204
185,2.09883,8.83615,-3.1666
185,1.19997,10.2424,-0.855747
185,1.20847,10.2442,-0.852702
185,0.328024,10.4161,-0.849721
185,-2.51711,10.9493,-0.847566
185,1.1744,10.2688,-0.842331
185,-2.59624,9.66647,-3.29229
185,-0.130153,9.78834,-2.21545
185,0.400836,10.4322,-0.83041
185,0.365524,10.4243,-0.858997
185,1.10033,10.258,-0.925537
185,-1.65794,9.41772,-3.46663
185,0.834089,10.3156,-0.934397
185,0.592078,10.3558,-0.95797
185,1.1875,10.1836,-1.07734
185,0.88675,10.3072,-0.965839
185,-1.81395,9.3882,-3.62896
185,-1.98917,9.47805,-3.52295
185,0.423676,10.4694,-0.835614
185,-1.96737,9.47054,-3.53327
185,1.09474,10.2863,-0.949645
185,-2.13787,9.72509,-3.12325
185,-2.77194,9.65924,-3.46885
185,-2.76918,9.65684,-3.47565
185,-1.97727,9.48084,-3.53291
185,2.16867,8.89017,-3.20788
185,0.434921,10.4766,-0.846356
185,-2.14107,9.75342,-3.14189
185,-1.45357,9.41634,-3.54076
185,-2.60333,9.71898,-3.38659
185,1.05409,10.306,-1.02753
185,-1.48544,10.7573,-1.07008
185,-2.99995,9.73423,-3.51875
185,-1.60445,9.47492,-3.54561
185,0.955954,9.43898,-2.72576
185,-2.18546,10.9676,-0.95952
185,-1.37452,10.8733,-0.861077
185,0.628327,10.4536,-0.951724
185,-1.60698,10.8794,-0.951533
185,-2.77613,9.71248,-3.54274
185,1.31541,10.3636,-0.907632
185,-1.95491,9.54007,-3.59246
185,-1.5608,9.47016,-3.58831
185,1.40014,10.3539,-0.929631
185,0.784904,9.70927,-2.35567
185,-1.72137,10.9555,-0.897727
185,-2.19811,11.0076,-0.972207
185,-1.43917,9.46524,-3.59595
185,-1.372,9.37408,-3.74885
185,-0.193249,9.51241,-3.08468
185,-1.45631,10.8137,-1.09748
185,-2.54517,9.7721,-3.42553
185,-1.32378,9.39248,-3.72805
185,-3.08467,10.3253,-2.6035
185,-2.23717,11.1061,-0.857608
185,-1.25095,9.36927,-3.76752
185,-1.35933,9.39115,-3.77832
185,-2.07647,11.0266,-0.978571
185,-2.01519,9.70281,-3.43543
185,2.29076,8.98333,-3.28774
185,-0.13513,9.56607,-3.0465
185,0.471732,10.4834,-1.12284
185,-2.31365,9.80416,-3.37223
185,-2.01777,9.71387,-3.43917
185,-2.76573,9.68034,-3.76263
185,-1.24117,9.39467,-3.77164
185,-4.57401,10.4948,-2.88069
185,-2.28786,11.1431,-0.883333
185,-1.71156,9.94474,-2.93065
185,-0.161328,9.54169,-3.15771
185,0.212169,9.8766,-2.42163
185,-0.831131,9.7169,-3.0854
185,-2.61415,9.82946,-3.49478
185,0.253973,9.8982,-2.37167
185,0.860212,9.17546,-3.51495
185,2.8932,9.61794,-1.984
185,-2.01557,9.73154,-3.47881
185,-1.24639,9.41441,-3.81666
185,0.498945,10.5336,-1.13231
185,-1.05185,9.3967,-3.8018
185,0.260781,9.92046,-2.3743
185,-0.162254,9.57108,-3.17994
185,-0.0366578,9.99302,-2.3602
185,2.55541,8.97403,-3.38415
185,-0.0845542,9.60552,-3.12779
185,0.274405,9.34564,-3.49033
185,-2.24648,9.67846,-3.75219
185,-2.03401,9.77924,-3.50652
185,-2.03872,9.77569,-3.53034
185,-0.0569139,9.98722,-2.48385
185,0.284149,9.96258,-2.41666
185,-0.35671,10.0136,-2.58369
185,-2.25834,9.71985,-3.79856
185,0.28897,9.387,-3.54113
185,2.20559,9.45439,-2.75346
185,2.65292,9.01036,-3.42993
185,-2.26321,9.72612,-3.80109
185,0.184723,9.66138,-3.09078
185,0.91995,9.25862,-3.61426
185,0.925262,9.25609,-3.62443
185,-1.96438,9.95314,-3.3307
185,-0.932203,9.70066,-3.44718
185,-2.34057,9.78598,-3.77855
185,0.125694,9.54789,-3.37227
185,-1.58955,9.789,-3.51918
185,-1.03576,9.72261,-3.45637
185,2.69322,9.02519,-3.48051
185,0.948703,9.27965,-3.61327
185,1.19884,9.25031,-3.58424
185,1.23203,9.09655,-3.86284
185,-1.20502,9.94104,-3.14911
185,-0.0705118,9.92473,-2.79082
185,0.260251,9.68,-3.14869
185,-2.85615,10.6237,-2.47331
185,1.59225,9.97954,-2.13333
185,-1.75495,10.0936,-3.08291
185,1.52771,10.1854,-1.79048
185,-2.25358,11.3535,-0.923351
185,-2.24899,9.80352,-3.82787
185,-2.16612,10.0208,-3.40318
185,-1.09714,9.92071,-3.22355
185,1.22961,9.26425,-3.66548
185,0.601794,10.0072,-2.49867
185,-0.715562,9.47544,-3.95176
185,1.26711,9.12137,-3.93451
185,2.61432,9.76661,-2.26094
185,-1.97078,10.0182,-3.38667
185,-0.0595871,9.32397,-4.02237
185,-0.711953,9.50846,-3.90416
185,0.182403,9.74584,-3.15444
185,-1.0195,9.77782,-3.51529
185,-1.57117,10.0253,-3.24759
185,1.1646,9.2742,-3.71642
185,-1.82547,10.1752,-3.07987
185,-1.58483,9.86396,-3.57817
185,-1.10123,9.97395,-3.2084
185,-1.92522,10.1682,-3.14535
185,-2.8373,10.6944,-2.48658
185,0.427972,9.3821,-3.81013
185,-2.41016,11.1887,-1.42217
185,-0.817344,9.46991,-4.09019
185,0.459286,9.37279,-3.8316
185,-2.40326,11.194,-1.42171
185,-0.867854,9.77836,-3.55031
185,1.25818,9.31738,-3.67426
185,-0.362394,9.48268,-3.94099
185,-2.75329,10.7692,-2.37605
185,-0.690421,9.5512,-3.93991
185,1.44549,10.1435,-2.09889
185,-1.74864,10.18,-3.14555
185,-1.75558,10.1825,-3.16081
185,0.46616,9.40154,-3.84941
185,-2.32645,11.134,-1.58288
185,-1.0017,9.83563,-3.55059
185,-0.572631,9.54506,-3.95004
185,-1.64326,10.1979,-3.10181
185,-1.05506,9.84142,-3.56873
185,-2.75366,10.7804,-2.42199
185,-1.57613,9.91151,-3.64341
185,0.375733,9.52155,-3.69726
185,-1.96765,10.0883,-3.4592
185,0.710745,9.40241,-3.83762
185,-1.00411,9.85519,-3.59375
185,0.070318,9.64191,-3.62086
185,-2.48523,11.9854,-0.132963
185,-0.440593,9.62081,-3.84805
185,1.40997,10.2446,-2.04268
185,-2.44263,11.2761,-1.46172
185,1.41596,10.2576,-2.03617
185,-4.66346,10.5113,-3.67931
185,-0.066386,10.0826,-2.88738
185,-0.355758,9.63932,-3.82405
185,-0.489359,9.67336,-3.80966
185,-0.421038,10.9162,-1.46818
185,-0.554599,9.5908,-4.01067
185,0.0699348,9.67499,-3.6511
185,1.50313,10.3871,-1.82689
185,-2.36395,10.7359,-2.52027
185,0.238727,9.70177,-3.55687
185,-4.70107,10.5429,-3.69979
185,0.739265,9.44116,-3.88217
185,2.51324,9.69951,-2.78447
185,0.404928,9.57132,-3.76092
185,-1.53686,10.2776,-3.13134
185,-0.441843,9.6842,-3.87312
185,0.798076,9.80276,-3.2546
185,0.749963,9.82781,-3.22714
185,1.36834,9.48502,-3.66413
185,-2.17264,10.4428,-3.11575
185,0.791623,9.83353,-3.25561
185,2.56816,9.75401,-2.79293
185,-1.40395,10.1442,-3.45661
185,-2.11441,10.4712,-3.0991
185,-1.21683,10.2016,-3.29212
185,-2.34909,11.3052,-1.63809
185,0.802412,9.85213,-3.26377
185,-0.333135,9.723,-3.90541
185,-0.445063,9.75577,-3.89312
185,2.6463,10.0493,-2.27197
185,2.60937,9.76466,-2.81783
185,-0.311202,9.71342,-3.9276
185,1.53106,9.50538,-3.70608
185,0.55673,9.89576,-3.31629
185,0.990295,9.65084,-3.65391
185,1.12736,9.62548,-3.67995
185,-2.08188,10.489,-3.18096
185,-2.77953,11.0597,-2.35773
185,-2.28566,11.0106,-2.27857
185,0.998672,9.69432,-3.60607
185,-2.40824,10.8651,-2.60182
185,-0.31517,9.771,-3.92621
185,1.59185,10.5092,-1.88509
185,2.62675,9.80854,-2.85037
185,1.4003,9.56934,-3.72589
185,1.63232,10.5502,-1.82112
185,-2.51067,11.0206,-2.38987
185,-1.30899,10.2972,-3.33396
185,-2.16852,10.5308,-3.20834
185,2.84941,10.0198,-2.42312
185,1.11785,9.67889,-3.66288
185,0.339096,9.52565,-4.22363
185,-2.40636,11.226,-2.00013
185,1.04579,9.70708,-3.64833
185,1.46418,10.3759,-2.25533
185,-4.76774,10.6864,-3.84175
185,-3.39208,11.1675,-2.47478
185,-3.42142,11.1759,-2.47361
185,-2.41137,11.2347,-2.01677
185,-2.79973,11.1219,-2.38254
185,0.998381,9.71965,-3.69101
185,0.994249,9.74957,-3.63652
185,-2.77976,11.1316,-2.40422
185,-2.70295,11.4172,-1.85322
185,-1.49951,10.5466,-3.06316
185,2.7592,10.1618,-2.32243
185,-1.3246,10.441,-3.23822
185,2.0092,9.4127,-4.01243
185,1.67226,9.49968,-3.9706
185,2.02995,9.41055,-4.01921
185,-3.42123,11.2411,-2.49674
185,-3.88045,10.5853,-3.88804
185,-3.44053,11.2434,-2.52244
185,2.03346,9.41933,-4.03415
185,1.76221,9.45655,-4.06328
185,2.04142,9.41854,-4.03881
185,-3.39345,11.2501,-2.50694
185,-1.48717,10.5826,-3.09695
185,1.95042,11.3809,-0.424077
185,1.7457,10.4287,-2.292
185,-2.78539,11.2031,-2.44074
185,1.7228,9.52162,-4.02452
185,-0.647212,10.435,-3.14556
185,1.9008,9.6532,-3.81486
185,-3.87746,10.6838,-3.93756
185,1.76687,9.56938,-4.08102
185,-2.27552,11.5883,-1.73456
185,-1.87386,10.7605,-3.19232
185,-0.943636,10.5462,-3.27078
185,3.17501,10.7222,-1.52366
185,2.94331,10.2745,-2.44645
185,3.17158,10.7561,-1.4878
185,1.74225,10.1963,-3.07555
185,-3.55698,11.062,-3.29871
185,2.96422,10.3132,-2.46581
185,-1.14564,10.5586,-3.46233
185,-2.16829,11.2202,-2.58132
185,-0.318838,11.3748,-1.65651
185,-4.27317,11.5372,-2.73717
185,-2.12885,10.9164,-3.1857
185,-4.26194,11.5551,-2.74332
185,2.15924,10.465,-2.5822
185,1.78851,10.2419,-3.12898
185,3.02383,10.3475,-2.50888
185,3.13612,10.8909,-1.46732
185,-4.0341,11.207,-3.38404
185,1.80733,10.8561,-2.02566
185,2.13342,10.531,-2.55229
185,2.22574,10.5293,-2.62003
185,-3.8916,11.5975,-2.7626
185,-2.09986,11.27,-2.76999
185,3.03312,10.4828,-2.48287
185,-2.93297,11.7054,-2.28947
185,2.20478,10.6108,-2.57665
185,-4.64299,11.1928,-3.89025
185,1.24908,10.8018,-2.6179
185,-1.47464,10.9158,-3.35301
185,1.87331,10.9989,-2.09312
185,-4.05613,11.03,-4.12925
185,0.0123429,10.8467,-3.07991
185,-4.59772,11.2612,-3.94497
185,-1.8493,11.3872,-2.82409
185,-0.753043,12.4931,-0.391913
185,-4.07039,11.0907,-4.17501
185,-2.24283,12.0343,-1.8157
185,-3.32,13.2345,0.0232786
185,-5.18297,13.2081,-0.682332
185,-1.84226,11.436,-2.85563
185,-1.84184,11.4528,-2.87112
185,-1.46677,11.3612,-2.91245
185,-4.13074,11.1363,-4.26239
185,-4.1529,11.1601,-4.2591
185,-1.88482,11.4445,-2.96172
185,1.75402,12.4313,0.12314
185,-0.963997,10.5771,-0.933576
184,-0.963997,10.5771,-0.933576
185,0.461684,12.5211,-2.13364
184,0.461684,12.5211,-2.13364
185,-0.239539,10.0195,-2.98865
184,-0.239539,10.0195,-2.98865
185,2.13224,12.1021,-2.74489
184,2.13224,12.1021,-2.74489
185,-1.93872,12.826,-0.419939
184,-1.93872,12.826,-0.419939
185,0.259998,12.6644,-0.0632458
184,0.259998,12.6644,-0.0632458
185,0.512691,12.6337,-2.1897
184,0.512691,12.6337,-2.1897
185,-1.21316,13.1623,-2.35766
184,-1.21316,13.1623,-2.35766
185,-2.18654,12.9742,-0.186112
184,-2.18654,12.9742,-0.186112
185,-2.20253,12.6152,-0.140955
184,-2.20253,12.6152,-0.140955
185,1.71321,11.7338,-2.38066
184,1.71321,11.7338,-2.38066
185,2.36278,12.4687,-2.62528
184,2.36278,12.4687,-2.62528
185,1.585,10.244,-2.16002
184,1.585,10.244,-2.16002
185,0.291878,12.7405,-0.0701267
184,0.291878,12.7405,-0.0701267
185,0.83502,11.9378,-1.69927
184,0.83502,11.9378,-1.69927
185,-5.49603,26.2165,-3.42868
184,-5.49603,26.2165,-3.42868
185,-1.49307,11.3864,-2.87409
184,-1.49307,11.3864,-2.87409
185,-2.08229,6.92678,0.532704
184,-2.08229,6.92678,0.532704
185,-4.56914,13.5875,-1.26283
184,-4.56914,13.5875,-1.26283
185,-1.52582,11.2325,-2.78213
184,-1.52582,11.2325,-2.78213
185,3.17788,12.0468,-0.943819
184,3.17788,12.0468,-0.943819
185,2.02,12.0574,-2.59613
184,2.02,12.0574,-2.59613
185,2.84539,11.6967,-0.849132
184,2.84539,11.6967,-0.849132
185,-4.56883,13.6049,-1.25526
184,-4.56883,13.6049,-1.25526
185,-3.33827,13.1179,-2.72309
184,-3.33827,13.1179,-2.72309
185,-1.5418,11.0649,-2.68769
184,-1.5418,11.0649,-2.68769
185,-0.99812,12.8817,-2.23606
184,-0.99812,12.8817,-2.23606
185,-1.29611,12.9009,-2.23566
184,-1.29611,12.9009,-2.23566
185,-0.043854,10.1356,-2.94422
184,-0.043854,10.1356,-2.94422
185,-4.56752,14.2025,-2.62358
184,-4.56752,14.2025,-2.62358
185,2.34253,12.7948,-2.73976
184,2.34253,12.7948,-2.73976
185,0.948711,12.1565,-1.79174
184,0.948711,12.1565,-1.79174
185,-1.36873,12.4081,-2.0022
184,-1.36873,12.4081,-2.0022
185,-2.41788,11.0309,-1.75456
183,-2.41788,11.0309,-1.75456
185,2.04502,12.1276,-2.62973
183,2.04502,12.1276,-2.62973
185,-0.164609,9.98806,-2.55372
183,-0.164609,9.98806,-2.55372
185,-5.48661,13.4415,-0.752727
183,-5.48661,13.4415,-0.752727
185,1.54345,11.5558,-2.20581
183,1.54345,11.5558,-2.20581
185,-0.936797,9.96539,-0.561139
182,-0.936797,9.96539,-0.561139
185,-5.20841,13.2586,-2.76705
182,-5.20841,13.2586,-2.76705
185,0.604502,10.4276,-0.959977
64,0.604502,10.4276,-0.959977
185,-1.22618,10.1977,-3.32165
66,-1.22618,10.1977,-3.32165
185,-1.92386,10.9252,-0.840269
179,-1.92386,10.9252,-0.840269
186,-3.29353,8.97922,-2.58078
186,-0.537778,10.2538,0.0462972
186,2.10916,8.36766,-2.77647
186,-0.679715,10.1682,-0.912284
186,-2.47546,9.77107,-2.48921
186,-2.59787,9.64627,-2.84351
186,0.675045,10.012,-0.863443
186,-2.80546,9.72427,-2.81185
186,-2.53197,9.67272,-2.82186
186,0.707022,10.0821,-0.889187
186,-2.43732,9.77176,-2.71999
186,0.614084,10.0966,-0.909186
186,-2.56769,9.55301,-3.22804
186,-2.71804,9.53864,-3.35594
186,0.750842,9.45509,-2.22394
186,-0.542899,9.31715,-3.00461
186,-2.57455,9.60013,-3.27483
186,-1.29874,10.5477,-0.911334
186,-1.96891,9.39266,-3.46786
186,-1.6564,9.35147,-3.44526
186,1.05717,10.113,-0.887596
186,0.152936,9.50974,-2.44515
186,0.401839,10.1969,-0.987463
186,0.782099,10.1634,-0.91012
186,-1.64821,9.35834,-3.45426
186,-1.49616,9.28874,-3.54983
186,-1.49491,9.24967,-3.64471
186,1.02782,10.1552,-0.879538
186,1.2347,10.103,-0.929867
186,-1.7913,9.42366,-3.4494
186,0.947726,9.18647,-2.87925
186,-1.57105,9.36123,-3.50716
186,-3.22766,9.90817,-3.06523
186,0.431534,10.3232,-0.843582
186,0.850733,10.2491,-0.861665
186,-1.4633,10.7307,-0.802923
186,1.05935,10.2012,-0.901344
186,-1.64369,9.41328,-3.51111
186,2.17232,8.84628,-3.21326
186,-3.09211,11.5631,0.152578
186,-1.4078,10.7356,-0.84748
186,0.504425,10.3538,-0.874908
186,-2.31133,10.0693,-2.52687
186,-1.62786,10.7486,-0.918577
186,-2.31789,9.89343,-2.91593
186,0.876766,10.2948,-0.886793
186,-2.14503,9.73446,-3.19014
186,-3.24545,9.95823,-3.17333
186,-2.18633,9.55573,-3.58228
186,-1.41942,10.8069,-0.82163
186,-0.200773,9.44531,-3.06174
186,0.656657,10.3115,-1.01243
186,-2.29884,9.59979,-3.58159
186,0.899217,10.3316,-0.895953
186,-1.91038,10.8863,-0.879355
186,-1.56674,9.45257,-3.61629
186,0.636938,10.384,-0.924249
186,-2.09786,9.65838,-3.42867
186,2.24051,8.89874,-3.28405
186,0.592807,10.4069,-0.937376
186,-2.32678,10.1521,-2.5827
186,-1.1044,9.33902,-3.73436
186,-2.32284,9.96434,-2.98188
186,0.559758,10.4652,-0.8973
186,-1.4073,10.8511,-0.891391
186,-2.0442,10.9275,-1.00015
186,-0.103322,9.52141,-3.05079
186,-1.23236,9.37492,-3.77738
186,-1.23981,9.36612,-3.81344
186,-2.16987,11.0246,-0.878941
186,-2.04586,10.9509,-0.978798
186,-1.40455,10.795,-1.07316
186,-0.159986,9.50974,-3.15215
186,-0.108193,9.53952,-3.07777
186,0.423033,9.24784,-3.47555
186,2.83709,9.56122,-1.94325
186,-3.85363,11.6517,-0.36845
186,-2.14973,11.0097,-0.988307
186,0.858876,9.70619,-2.43424
186,-1.82269,9.913,-3.08031
186,-1.40436,10.8377,-1.0894
186,-2.5896,10.8166,-1.60404
186,-1.43891,10.855,-1.08437
186,-0.343419,9.91926,-2.5462
186,-0.566201,9.54755,-3.38089
186,-0.550722,9.54306,-3.38885
186,-2.11766,11.0612,-1.00162
186,-2.16648,11.0085,-1.13083
186,-0.788576,9.74683,-3.14494
186,-0.333299,9.91486,-2.65046
186,1.57557,10.2188,-1.31778
186,-1.8385,9.97701,-3.14649
186,0.306867,9.93122,-2.41324
186,-1.57681,9.74437,-3.52489
186,0.344051,9.93645,-2.42022
186,-0.0844544,9.97462,-2.5271
186,-1.35072,9.57457,-3.82063
186,-2.15506,11.1329,-1.03448
186,-1.68603,9.98673,-3.14931
186,-1.83374,10.0667,-3.06116
186,-1.56956,9.9591,-3.18404
186,-1.979,10.0447,-3.18763
186,1.7071,10.4312,-1.01255
186,0.587214,9.92304,-2.45682
186,-0.0951934,9.52056,-3.52182
186,0.537413,9.23465,-3.86685
186,0.599326,9.93612,-2.45509
186,0.318537,9.99862,-2.45691
186,-1.35804,9.95613,-3.18985
186,2.70378,9.03617,-3.46303
186,-0.721893,9.47817,-3.91125
186,-0.0877078,9.54238,-3.54503
186,0.793179,9.97342,-2.35784
186,1.78345,10.4587,-1.02391
186,-0.172259,9.35583,-3.98454
186,-2.06731,9.89761,-3.6543
186,-1.47176,11.0274,-1.18136
186,-1.2107,11.1315,-0.878696
186,-1.66292,10.1231,-3.07548
186,-0.317049,10.0188,-2.77549
186,0.265109,9.70704,-3.19487
186,0.613309,9.99397,-2.49312
186,1.81285,10.5011,-1.033
186,-1.5744,10.0296,-3.28011
186,1.30529,9.28865,-3.65091
186,-1.41441,10.0149,-3.25801
186,1.61777,10.0132,-2.09466
186,0.698067,9.3203,-3.82695
186,-1.58639,10.0315,-3.29699
186,0.547968,10.0361,-2.47773
186,-1.80557,10.1782,-3.10388
186,-2.1333,9.94449,-3.70141
186,0.219602,9.74231,-3.20428
186,-1.32582,9.70873,-3.87112
186,2.62867,9.78634,-2.19988
186,-0.209385,9.94561,-2.97833
186,1.30732,9.21754,-3.84366
186,-2.44002,11.1684,-1.41882
186,-2.6696,11.0682,-1.71166
186,-0.539599,9.50858,-4.01345
186,0.0759605,9.60003,-3.59957
186,-1.33295,9.70065,-3.94507
186,-1.47322,9.85436,-3.69795
186,-1.41455,10.0563,-3.27559
186,0.0319288,9.86378,-3.10807
186,1.7909,10.5649,-1.0447
186,-0.879082,9.81387,-3.56889
186,0.655392,10.0516,-2.53227
186,1.30878,10.1384,-2.13722
186,-1.82395,10.2134,-3.1988
186,1.29678,9.33031,-3.75903
186,-2.57413,11.0111,-1.91504
186,1.31388,10.1419,-2.1513
186,-1.34887,10.0186,-3.42584
186,-0.811382,9.82601,-3.61814
186,1.39956,10.1941,-2.0484
186,-1.63676,10.2317,-3.15302
186,2.69341,9.84443,-2.2596
186,-2.80231,10.8556,-2.37025
186,-1.35059,10.1037,-3.31072
186,-2.43834,11.1772,-1.59602
186,-1.64885,10.2349,-3.16783
186,-2.47476,11.2559,-1.46442
186,-2.17001,10.3636,-3.12734
186,1.47072,10.3476,-1.76307
186,-2.20394,12.1546,0.412361
186,1.49607,10.3454,-1.76159
186,-1.36268,10.1188,-3.31555
186,-1.51194,10.1557,-3.30216
186,1.53269,10.4104,-1.62683
186,1.87888,10.6225,-1.07633
186,-0.562229,9.61372,-4.06141
186,-2.15345,10.3952,-3.13489
186,2.57845,9.7327,-2.62954
186,0.810043,9.77254,-3.23845
186,1.06327,9.52828,-3.6381
186,-0.272749,10.8698,-1.50178
186,-2.25829,11.261,-1.49441
186,-3.86771,10.6882,-3.26123
186,0.272844,10.2398,-2.55902
186,1.44544,10.2018,-2.19885
186,1.90126,10.678,-1.09934
186,-2.25623,11.2851,-1.50637
186,1.21964,9.5271,-3.68145
186,0.843385,9.79112,-3.31446
186,-1.39274,10.1955,-3.37471
186,1.47719,10.2874,-2.0875
186,0.558457,9.84724,-3.32001
186,2.10915,9.86709,-2.69976
186,-2.25295,11.3142,-1.50538
186,1.68444,10.2504,-2.12228
186,1.93849,10.7211,-1.09504
186,-0.550658,9.74678,-3.99724
186,2.79901,9.95537,-2.32629
186,-1.49186,10.3173,-3.26611
186,1.54267,9.5053,-3.71882
186,1.14032,9.61424,-3.66456
186,-3.55791,10.8073,-3.11177
186,-2.22626,10.7823,-2.67821
186,2.70906,10.0504,-2.23549
186,-2.43508,12.0961,-0.156864
186,1.56593,10.4886,-1.83657
186,1.15047,9.64631,-3.67674
186,1.53636,10.4836,-1.86425
186,-2.25947,11.383,-1.54476
186,1.73832,9.37599,-4.01226
186,0.221819,11.198,-1.03197
186,1.1825,9.65997,-3.72783
186,1.5342,10.3843,-2.17439
186,2.34162,9.53507,-3.55361
186,1.75787,9.40673,-4.03655
186,2.18288,9.96068,-2.77595
186,-2.48611,11.017,-2.49718
186,-2.81969,11.0497,-2.58721
186,-1.31899,12.2583,0.387488
186,1.77696,9.42489,-4.07248
186,0.355922,9.76063,-3.96213
186,-3.94957,10.9704,-3.22339
186,0.876545,9.94637,-3.41934
186,-1.50659,10.5665,-3.10931
186,0.357191,9.77628,-3.96875
186,0.223973,11.2648,-1.06392
186,2.0752,9.40406,-4.05433
186,-2.26874,10.9069,-2.75718
186,-2.17336,10.816,-2.94861
186,1.71248,10.067,-2.9403
186,-4.13781,11.3021,-2.73989
186,-1.94728,10.6815,-3.131
186,-1.50054,10.5982,-3.13352
186,-0.961476,10.486,-3.20055
186,0.343256,9.69803,-4.2727
186,-2.12378,10.7678,-3.11775
186,-1.33272,10.547,-3.27075
186,1.74361,10.4453,-2.29885
186,1.68539,10.1368,-2.97767
186,0.279983,11.3707,-1.0704
186,-0.692207,10.507,-3.17339
186,-1.90026,10.759,-3.14816
186,1.8489,10.1391,-3.00347
186,2.4825,9.68192,-3.68344
186,-2.49887,11.4845,-2.02516
186,2.5114,9.64614,-3.74968
186,-4.23208,12.5923,-0.502889
186,0.385887,9.78922,-4.38259
186,2.54387,9.67389,-3.78454
186,-2.35382,11.1619,-2.76386
186,1.67102,10.2466,-3.0556
186,3.27345,9.8456,-3.26039
186,1.44368,11.4902,-0.714468
186,1.61524,12.0844,0.516477
186,2.59573,9.72264,-3.84894
186,2.35338,10.2288,-2.9455
186,1.56551,11.9236,0.0558559
186,-2.1967,11.3898,-2.48032
186,-1.79513,10.9023,-3.30555
186,-0.621874,10.6648,-3.33103
186,-1.90592,10.9732,-3.2605
186,-3.82954,11.3789,-3.20734
186,2.52477,10.0084,-3.54047
186,-0.621327,10.7067,-3.37197
186,-2.04249,12.9323,0.481937
186,0.924813,10.3038,-3.60754
186,2.55266,10.2013,-3.18806
186,-1.83292,11.2704,-2.7727
186,-1.80458,11.2536,-2.82993
186,-3.29681,12.9813,0.00079459
186,-0.498141,10.7661,-3.34304
186,-1.31812,12.6201,-0.0438735
186,0.950581,10.4174,-3.55617
186,-3.282,13.0246,-0.00703549
186,2.71947,10.2726,-3.23254
186,-0.718753,12.6001,0.0504327
186,3.14181,12.2486,0.822011
186,3.1574,12.2362,0.798518
186,2.29759,10.4032,-3.23593
186,0.965854,10.4812,-3.61985
186,-1.31466,12.7272,-0.0581176
186,-1.4909,11.3309,-2.93664
186,0.790791,10.3801,-3.96574
186,-4.44522,11.9035,-2.9753
186,-1.85572,11.4381,-2.95528
186,-0.623555,12.8099,-2.31924
185,-0.623555,12.8099,-2.31924
186,1.06514,12.3673,-1.82554
185,1.06514,12.3673,-1.82554
186,-2.03628,9.98491,-3.10462
185,-2.03628,9.98491,-3.10462
186,-2.35658,11.2116,-1.3262
185,-2.35658,11.2116,-1.3262
186,2.55944,12.4388,0.118217
185,2.55944,12.4388,0.118217
186,1.03389,12.2992,-1.80378
185,1.03389,12.2992,-1.80378
186,-0.631962,12.7736,-2.31142
185,-0.631962,12.7736,-2.31142
186,-1.03909,9.30234,-3.75208
185,-1.03909,9.30234,-3.75208
186,1.33211,10.2193,-0.893237
185,1.33211,10.2193,-0.893237
186,3.28778,12.3176,-0.124397
185,3.28778,12.3176,-0.124397
186,1.30676,10.186,-0.878609
185,1.30676,10.186,-0.878609
186,-1.96028,9.40432,-3.48857
185,-1.96028,9.40432,-3.48857
186,2.40777,12.6439,-2.9107
185,2.40777,12.6439,-2.9107
186,-4.2684,13.291,-2.11713
185,-4.2684,13.291,-2.11713
186,-1.2015,10.2822,-3.45765
185,-1.2015,10.2822,-3.45765
186,0.588323,9.91823,-2.42411
185,0.588323,9.91823,-2.42411
186,0.216482,9.79477,-0.663896
185,0.216482,9.79477,-0.663896
186,-4.36643,13.0763,0.0718959
185,-4.36643,13.0763,0.0718959
186,-1.19778,10.2974,-3.4574
185,-1.19778,10.2974,-3.4574
186,4.39181,12.1835,-2.01028
185,4.39181,12.1835,-2.01028
186,6.26287,15.7052,-1.87862
185,6.26287,15.7052,-1.87862
186,0.596729,9.95003,-2.46455
185,0.596729,9.95003,-2.46455
186,0.477353,12.8163,-2.27118
185,0.477353,12.8163,-2.27118
186,-1.63116,10.9898,-2.4767
185,-1.63116,10.9898,-2.4767
186,2.23456,12.394,-2.76553
184,2.23456,12.394,-2.76553
186,-1.67368,9.87976,-3.32575
184,-1.67368,9.87976,-3.32575
186,0.789247,10.2307,-0.983471
184,0.789247,10.2307,-0.983471
186,1.84311,10.0617,-3.02536
184,1.84311,10.0617,-3.02536
186,-4.83601,22.1595,-2.61207
184,-4.83601,22.1595,-2.61207
186,0.936982,14.6439,-4.62691
184,0.936982,14.6439,-4.62691
186,-1.73687,10.7393,-0.932447
183,-1.73687,10.7393,-0.932447
186,-2.4484,10.9784,-1.01995
183,-2.4484,10.9784,-1.01995
186,-1.76422,10.8705,-0.897406
182,-1.76422,10.8705,-0.897406
186,1.3466,9.50881,-2.52277
64,1.3466,9.50881,-2.52277
186,3.27227,12.4319,0.314024
64,3.27227,12.4319,0.314024
186,3.29547,12.4446,0.141004
64,3.29547,12.4446,0.141004
186,2.57415,12.4662,0.532054
64,2.57415,12.4662,0.532054
186,-1.2,10.1426,-3.23342
66,-1.2,10.1426,-3.23342
186,-4.71613,13.9854,-0.588135
66,-4.71613,13.9854,-0.588135
187,-0.475224,9.25408,-0.622231
187,-0.797063,9.56568,-0.796749
187,0.625497,9.73821,0.289068
187,-0.456655,9.4727,-0.947612
187,-0.527868,9.96586,0.272382
187,0.0698452,9.84114,-0.825734
187,-2.71494,9.66188,-2.77476
187,-2.59202,9.64924,-2.83295
187,-2.5382,9.6823,-2.85004
187,-2.5391,9.69591,-2.81804
187,-0.187957,9.70822,-1.76787
187,0.126573,10.0156,-0.8807
187,0.959424,9.97062,-0.900065
187,0.92048,9.23506,-2.86421
187,1.21095,9.84387,-1.13166
187,0.968832,10.0045,-0.858209
187,3.1488,8.90566,-2.72963
187,1.16728,9.96391,-0.908448
187,1.27968,9.85145,-1.17071
187,0.747579,10.0597,-0.877327
187,0.666931,10.1036,-0.81023
187,0.922642,10.023,-0.932123
187,-2.14685,9.73588,-3.17155
187,2.72213,9.41244,-1.74492
187,-3.00016,10.0551,-2.80162
187,-0.250213,9.91117,-1.8875
187,2.73901,9.4149,-1.7786
187,2.77304,9.43549,-1.75098
187,-1.52118,10.5311,-0.901791
187,-2.1594,9.77838,-3.19859
187,-1.45422,10.5843,-0.756349
187,1.27542,9.94392,-1.15097
187,-2.33596,10.0879,-2.49458
187,-0.244058,9.94971,-1.90968
187,-2.27469,10.1045,-2.48149
187,-3.11516,10.1767,-2.70848
187,-2.2791,10.1355,-2.44951
187,-0.13437,9.98888,-1.91428
187,-0.84275,10.2301,-1.67439
187,-0.512468,9.57616,-3.24641
187,-0.101943,9.5698,-3.07291
187,-0.0563394,9.6318,-2.90151
187,2.74086,9.51718,-1.93069
187,0.644876,10.2586,-0.976172
187,-0.816047,9.71488,-3.14559
187,-1.65998,10.7112,-0.923297
187,-0.0813956,9.60128,-3.10859
187,-3.31447,10.2494,-2.93634
187,-0.78619,9.73135,-3.12497
187,-2.09237,10.8208,-0.88184
187,-3.14735,10.2548,-2.91429
187,1.2963,10.248,-0.875015
187,0.663055,10.3186,-0.990153
187,2.563,9.63929,-1.90001
187,1.55829,9.91607,-1.65734
187,-2.02709,10.0827,-2.92133
187,-1.60336,10.7889,-0.876846
187,-1.11774,9.83702,-3.17916
187,-1.70689,10.8319,-0.86738
187,0.638564,10.3718,-0.9888
187,1.64905,10.0875,-1.26559
187,-2.1876,10.8996,-0.956085
187,1.5092,10.1138,-1.29037
187,0.620613,9.76051,-2.65996
187,-1.45521,10.8342,-0.833857
187,-1.60241,9.90517,-3.36881
187,0.016713,9.75553,-3.00683
187,0.188941,9.96316,-2.38969
187,-2.19607,10.9419,-0.972377
187,1.07281,10.3215,-1.07064
187,-0.322401,9.99543,-2.59463
187,-0.195974,9.98497,-2.57092
187,-1.40223,10.8425,-0.890832
187,-1.88802,10.9323,-0.898473
187,-0.169558,9.99438,-2.5895
187,-2.49105,11.7266,0.871406
187,-1.57972,9.94667,-3.39749
187,0.255863,9.70363,-3.18923
187,-1.96206,10.018,-3.42087
187,1.56845,10.1789,-1.32468
187,0.601352,9.93016,-2.4491
187,-2.03599,10.1937,-3.01922
187,-0.320863,9.98676,-2.76557
187,-2.09501,10.2223,-3.00431
187,-0.856225,9.83597,-3.4423
187,-0.250511,9.98414,-2.77205
187,-2.11554,11.0009,-0.982412
187,1.52874,10.1582,-1.49742
187,-2.53358,10.9331,-1.39889
187,-1.68193,10.0876,-3.2516
187,-2.08765,10.2333,-3.08259
187,-1.51356,10.0784,-3.25596
187,0.698009,9.87669,-2.75344
187,1.48299,10.2022,-1.53327
187,1.17584,9.6417,-3.17653
187,-2.28335,10.5031,-2.62857
187,1.68955,10.4159,-0.995005
187,0.701726,9.91586,-2.78779
187,1.74653,10.4196,-1.00652
187,-0.230542,10.0859,-2.82771
187,-1.63352,10.2234,-3.14365
187,-2.43813,11.0429,-1.39203
187,0.307414,9.86637,-3.2207
187,-1.0092,10.1987,-2.9904
187,-1.4598,10.1126,-3.43671
187,-0.273083,10.1823,-2.70692
187,-2.06513,10.3436,-3.14502
187,-1.01101,10.2183,-2.99987
187,0.74501,9.97967,-2.83871
187,-1.18635,10.1974,-3.20021
187,0.841249,10.1097,-2.47366
187,0.75515,10.0149,-2.88081
187,-2.55609,12.0421,0.888513
187,0.83557,9.84427,-3.30786
187,0.88381,10.1454,-2.50443
187,0.86836,9.85431,-3.33409
187,1.93806,9.59749,-3.5045
187,0.869114,10.1691,-2.504
187,-2.12921,10.4708,-3.15658
187,1.4011,10.6072,-1.12992
187,0.585466,9.90377,-3.37628
187,-1.3172,10.1805,-3.55893
187,-1.20281,10.2538,-3.32759
187,-1.59411,10.3899,-3.188
187,0.887761,10.202,-2.52648
187,-1.55797,10.378,-3.22495
187,0.84155,9.80583,-3.61133
187,0.869322,9.89197,-3.37297
187,-0.0293767,10.5756,-2.23769
187,-2.04289,10.5895,-3.18543
187,-2.66501,11.0239,-2.33767
187,-1.50621,10.5096,-3.16613
187,-0.0851558,10.4734,-2.73249
187,-1.18377,10.4638,-3.28801
187,2.23793,9.98564,-2.9614
187,-1.96289,10.6796,-3.20731
187,-0.928581,10.5154,-3.20662
187,2.33707,9.8969,-3.36756
187,-2.22876,10.967,-2.72028
187,-1.32974,10.409,-3.7769
187,-1.31646,10.5706,-3.39209
187,-2.24179,10.9986,-2.73184
187,2.37234,9.92407,-3.38714
187,-2.30882,11.2074,-2.23201
187,-1.17838,10.5409,-3.48821
187,0.686098,10.1639,-3.60661
187,-1.33901,10.6334,-3.34697
187,-2.42032,11.1835,-2.46284
187,-2.16988,10.9958,-2.85043
187,1.70874,10.2072,-3.11733
187,-2.50276,11.184,-2.55377
187,3.3276,9.89615,-3.24429
187,3.3099,9.91858,-3.24885
187,-0.265141,11.6881,-0.320979
187,0.714689,10.3008,-3.54647
187,-0.746103,10.6526,-3.32499
187,2.09116,10.6719,-1.9712
187,1.57753,10.1108,-3.73381
187,2.50239,10.824,-1.47849
187,-1.01743,12.3753,0.935881
187,-2.35044,11.3262,-2.49821
187,-0.00476861,11.0562,-2.11055
187,-2.18887,11.3176,-2.46495
187,1.73781,10.4173,-2.9761
187,3.42382,9.9862,-3.34241
187,-4.03547,11.4782,-2.95425
187,-1.14496,10.7141,-3.5977
187,-1.93117,11.0699,-3.05728
187,2.54709,10.8609,-1.51937
187,-1.93229,11.0084,-3.30262
187,0.699763,10.4069,-3.6524
187,-1.9358,11.1085,-3.05583
187,-1.93802,11.1089,-3.08637
187,-2.19703,11.3972,-2.48742
187,-2.23204,12.451,0.269972
187,0.913491,10.4531,-3.57006
187,1.98436,10.5501,-2.80639
187,1.84463,10.4283,-3.26539
187,-4.3765,11.6183,-3.09894
187,-3.76218,11.5602,-2.97713
187,2.02262,10.5812,-2.84431
187,-1.15913,10.8681,-3.62321
187,-3.4691,13.0299,0.924659
187,-2.32111,11.5168,-2.52471
187,1.55709,11.0215,-2.09116
187,2.83454,11.7256,0.311534
187,2.82618,11.7215,0.217531
187,2.9967,11.9777,0.955939
187,1.78031,11.024,-2.14797
187,-2.23913,11.5972,-2.60664
187,2.73514,11.07,-1.66116
187,2.38134,10.7084,-2.80849
187,-1.91943,11.2397,-3.47823
187,1.65222,12.1097,0.513291
187,-1.75647,11.457,-2.86688
187,1.41553,10.9721,-2.67463
187,-1.78571,11.4724,-2.89169
187,-0.998828,12.4711,0.0811261
187,1.68724,12.1549,0.518903
187,-0.605511,12.7339,0.952739
187,-1.95512,12.7584,0.339092
187,1.43241,11.0157,-2.7037
187,-1.68402,11.3089,-3.41505
187,-0.66718,12.8751,1.19888
187,4.2843,11.0445,-1.28095
187,2.86875,12.2678,1.27077
187,-0.97998,11.1522,-3.54715
187,0.0541543,11.1206,-3.14168
187,3.10455,12.1642,0.982752
187,-0.667017,11.0977,-3.63283
187,-0.990878,12.5672,0.079794
187,0.134934,11.316,-2.69389
187,4.26825,11.1123,-1.2794
187,-1.69809,11.3688,-3.47058
187,0.0665255,11.175,-3.17319
187,1.31361,12.3492,0.513527
187,-0.351156,11.0752,-3.65249
187,-0.109027,12.3423,-0.199024
187,-3.94338,12.4083,-1.91036
187,4.32003,11.1562,-1.30288
187,0.576463,13.2665,-3.86212
186,0.576463,13.2665,-3.86212
187,-0.675777,12.959,-2.23396
186,-0.675777,12.959,-2.23396
187,-1.81635,12.7767,-2.16505
186,-1.81635,12.7767,-2.16505
187,0.641251,12.7916,-1.47365
186,0.641251,12.7916,-1.47365
187,0.643915,12.8111,-0.978532
186,0.643915,12.8111,-0.978532
187,5.41236,14.527,-1.61795
186,5.41236,14.527,-1.61795
187,2.58557,10.9955,-2.87234
186,2.58557,10.9955,-2.87234
187,0.38454,12.8278,-2.99733
186,0.38454,12.8278,-2.99733
187,-1.82031,12.8523,-2.19241
186,-1.82031,12.8523,-2.19241
187,6.19374,15.5415,-1.86831
186,6.19374,15.5415,-1.86831
187,0.688285,12.96,-0.480499
186,0.688285,12.96,-0.480499
187,-1.19025,12.9937,-0.467605
186,-1.19025,12.9937,-0.467605
187,0.663413,12.8695,0.566313
186,0.663413,12.8695,0.566313
187,-0.748685,12.9158,0.0935537
186,-0.748685,12.9158,0.0935537
187,3.15313,13.4626,0.542986
186,3.15313,13.4626,0.542986
187,-1.30553,12.2775,-3.37042
186,-1.30553,12.2775,-3.37042
187,5.69833,13.342,-1.97619
186,5.69833,13.342,-1.97619
187,3.24065,11.0496,-1.52626
186,3.24065,11.0496,-1.52626
187,-1.95497,12.9036,0.476587
186,-1.95497,12.9036,0.476587
187,-2.4056,11.0519,-1.76179
186,-2.4056,11.0519,-1.76179
187,-0.410989,11.1555,-3.244
186,-0.410989,11.1555,-3.244
187,1.84973,10.3484,-1.79075
186,1.84973,10.3484,-1.79075
187,10.475,19.1773,-0.190183
186,10.475,19.1773,-0.190183
187,1.23284,10.0559,-0.842901
186,1.23284,10.0559,-0.842901
187,-0.157696,12.4709,0.512663
186,-0.157696,12.4709,0.512663
187,-1.81808,12.6664,-0.748456
186,-1.81808,12.6664,-0.748456
187,-1.19068,12.9645,-0.461677
186,-1.19068,12.9645,-0.461677
187,2.47232,10.8447,-2.78361
186,2.47232,10.8447,-2.78361
187,1.04122,9.4207,-1.83401
186,1.04122,9.4207,-1.83401
187,-0.419225,11.3275,-3.56031
186,-0.419225,11.3275,-3.56031
187,5.37886,14.4857,-1.61247
186,5.37886,14.4857,-1.61247
187,-1.3091,12.7047,-0.058812
186,-1.3091,12.7047,-0.058812
187,-1.83994,13.0127,-0.822419
186,-1.83994,13.0127,-0.822419
187,-1.10222,13.6727,-1.5958
186,-1.10222,13.6727,-1.5958
187,-1.10228,13.5651,-1.53577
186,-1.10228,13.5651,-1.53577
187,-0.0670436,12.7226,-0.229097
186,-0.0670436,12.7226,-0.229097
187,-4.35655,13.1384,-1.42876
186,-4.35655,13.1384,-1.42876
187,4.97899,13.9565,-1.50534
186,4.97899,13.9565,-1.50534
187,-3.2479,13.3925,-0.491119
186,-3.2479,13.3925,-0.491119
187,1.95413,10.5193,-1.89843
186,1.95413,10.5193,-1.89843
187,1.95878,11.7801,-2.50933
186,1.95878,11.7801,-2.50933
187,-1.98163,15.7598,-1.32903
186,-1.98163,15.7598,-1.32903
187,1.98809,10.5148,-1.91768
186,1.98809,10.5148,-1.91768
187,1.67509,11.2673,-2.23469
186,1.67509,11.2673,-2.23469
187,2.19891,9.51471,-1.88264
186,2.19891,9.51471,-1.88264
187,-0.0118651,9.98722,-2.38779
185,-0.0118651,9.98722,-2.38779
187,0.620256,12.6992,-1.96378
185,0.620256,12.6992,-1.96378
187,-0.397473,11.2732,-3.34187
185,-0.397473,11.2732,-3.34187
187,8.03614,16.9933,-2.53847
185,8.03614,16.9933,-2.53847
187,1.44693,12.7039,0.0846195
185,1.44693,12.7039,0.0846195
187,2.38036,12.8983,-2.82566
185,2.38036,12.8983,-2.82566
187,7.25963,16.0938,-2.28062
185,7.25963,16.0938,-2.28062
187,-2.19668,12.9407,-0.185095
185,-2.19668,12.9407,-0.185095
187,-0.460239,11.1778,-3.58284
184,-0.460239,11.1778,-3.58284
187,2.22406,12.4551,-2.77558
184,2.22406,12.4551,-2.77558
187,-2.02494,10.0001,-3.13917
184,-2.02494,10.0001,-3.13917
187,3.02036,12.3823,0.408954
184,3.02036,12.3823,0.408954
187,-0.428196,11.2192,-3.4787
184,-0.428196,11.2192,-3.4787
187,1.90985,12.5692,0.962871
184,1.90985,12.5692,0.962871
187,-2.56306,10.8906,-2.3892
184,-2.56306,10.8906,-2.3892
187,1.46389,9.83011,-2.7826
183,1.46389,9.83011,-2.7826
187,0.740583,16.6469,1.37391
181,0.740583,16.6469,1.37391
187,-2.5421,9.61028,-2.68735
64,-2.5421,9.61028,-2.68735
187,-2.39994,11.025,-1.37843
66,-2.39994,11.025,-1.37843
187,1.97126,12.7114,0.975393
66,1.97126,12.7114,0.975393
187,-2.74294,12.9511,0.739751
61,-2.74294,12.9511,0.739751
187,-2.55603,15.1836,-3.05115
180,-2.55603,15.1836,-3.05115
188,0.669285,9.6039,0.244824
188,0.691968,9.70793,0.230735
188,-2.6897,9.46239,-2.56138
188,-2.49317,9.51637,-2.71738
188,-2.99421,9.62915,-2.67054
188,-0.411874,10.2457,0.267628
188,0.839855,9.68493,-0.880485
188,0.123638,9.87395,-0.822888
188,0.341401,9.8511,-0.820721
188,-0.289712,9.86641,-1.1047
188,1.15143,9.71332,-0.819217
188,0.129024,9.9388,-0.854894
188,0.612051,9.91248,-0.747382
188,-2.37354,9.75225,-2.88684
188,-2.38306,9.78422,-2.93584
188,-2.42728,9.93569,-2.66843
188,0.479684,10.0967,-0.74417
188,0.744148,10.0286,-0.833804
188,-2.39535,9.97978,-2.62526
188,2.33413,9.44296,-1.76639
188,1.31551,9.9372,-0.905013
188,-2.34912,9.99269,-2.6456
188,2.37054,9.46382,-1.80976
188,-3.07359,10.1973,-2.5753
188,-2.97018,10.1023,-2.80644
188,3.04494,9.1179,-2.57735
188,-2.3328,10.0888,-2.61911
188,-0.227463,10.2,-1.24551
188,-0.546748,9.60625,-3.09354
188,-0.566966,9.62058,-3.08267
188,-2.39652,10.1644,-2.53116
188,-0.743623,9.66716,-3.10363
188,0.870945,9.64108,-2.3749
188,0.413154,10.2856,-0.803892
188,-0.0888644,9.56712,-3.09677
188,-0.549507,9.63883,-3.13143
188,1.38579,10.0677,-0.940165
188,1.1847,10.0751,-1.0438
188,0.927663,9.60106,-2.51842
188,-0.84929,9.70336,-3.15677
188,1.21053,10.1545,-0.835367
188,1.20861,10.1593,-0.828678
188,1.17367,10.1546,-0.863827
188,1.5349,9.83332,-1.60533
188,0.420648,10.3202,-0.817271
188,1.55866,9.85004,-1.58027
188,1.55263,9.8849,-1.48593
188,-0.528021,10.8032,0.0316257
188,-0.0474867,9.60646,-3.12204
188,0.215643,9.65152,-2.86696
188,0.906582,9.66829,-2.47382
188,0.239791,9.71326,-2.69067
188,0.212102,9.65059,-2.8886
188,1.56631,9.88757,-1.54802
188,0.163722,9.57616,-3.16365
188,-0.0585017,9.70468,-2.91908
188,-0.0847586,9.81176,-2.64539
188,-1.04408,9.78908,-3.20839
188,0.895224,9.52341,-2.98509
188,-1.8343,9.96667,-3.13807
188,-1.44738,10.6403,-1.06608
188,-2.67813,10.7732,-1.32658
188,1.26489,10.1577,-1.05873
188,-1.44181,10.6619,-1.05675
188,1.48119,10.0401,-1.33931
188,1.59598,9.76435,-2.06795
188,0.458088,10.4118,-0.839513
188,0.18333,9.91739,-2.37654
188,0.326989,9.884,-2.39744
188,-1.43686,10.7656,-0.822437
188,-0.0140172,9.95119,-2.39346
188,-0.758787,10.3244,-1.72739
188,0.566484,9.85836,-2.42696
188,1.62106,9.96668,-1.59977
188,0.519551,9.87692,-2.41984
188,1.65645,10.0894,-1.24942
188,-1.40702,10.7099,-1.08747
188,-2.26034,10.2941,-2.70497
188,0.574014,9.89647,-2.40073
188,1.5442,10.1129,-1.29692
188,1.44099,9.9859,-1.70904
188,0.24536,9.95376,-2.41639
188,1.61062,10.2146,-1.00833
188,-2.21536,10.9744,-0.843544
188,1.65694,10.2358,-0.942837
188,-1.43691,10.7515,-1.09504
188,-2.69871,10.8887,-1.35821
188,0.602636,9.93087,-2.45922
188,1.57437,9.90557,-2.03745
188,-2.131,10.9899,-0.884986
188,1.15079,9.58725,-3.15677
188,-0.0132366,10.0169,-2.55851
188,-3.24788,10.4383,-3.05492
188,1.48271,10.0459,-1.74557
188,0.0460687,10.0551,-2.45573
188,-0.0405063,9.93416,-2.86137
188,1.67313,10.0534,-1.69431
188,1.47697,10.0471,-1.81808
188,0.022464,10.0819,-2.46649
188,-1.48806,10.8361,-1.13109
188,1.61021,9.96457,-2.07611
188,-2.26427,10.3587,-2.97229
188,-2.58927,10.9111,-1.59547
188,3.01117,9.58374,-2.49086
188,0.871676,9.97887,-2.4803
188,1.4157,10.0522,-2.01343
188,-0.0675675,9.96757,-3.02978
188,-1.76112,10.2567,-3.10137
188,1.70111,10.3885,-0.991513
188,-1.20254,10.1228,-3.22546
188,-2.30371,10.4677,-2.82725
188,-0.213855,10.0179,-3.03493
188,1.42672,10.1507,-1.83113
188,1.40476,10.0736,-2.15391
188,-2.9784,10.7038,-2.63889
188,1.3538,10.1018,-2.13755
188,1.39482,10.1323,-2.03097
188,-2.52296,11.1045,-1.51121
188,1.49804,10.3157,-1.68043
188,-0.181849,10.1262,-3.13409
188,-0.0871261,10.1587,-3.02239
188,-1.0244,10.3061,-3.09635
188,1.46356,10.3359,-1.77041
188,1.39748,10.2128,-2.21117
188,-0.0563121,10.1971,-3.05643
188,1.21095,9.94601,-3.1416
188,2.69736,10.0065,-2.23937
188,-2.14683,10.6525,-2.9217
188,1.62999,9.98855,-2.86911
188,-2.68869,11.1153,-1.91239
188,-2.48618,10.8381,-2.60243
188,1.54281,10.2085,-2.34426
188,-1.16766,10.3914,-3.32537
188,-3.06089,11.3772,-1.62216
188,-1.31836,10.4692,-3.31552
188,1.66744,10.2447,-2.45979
188,1.61561,10.0711,-2.98378
188,-1.31574,10.4996,-3.33723
188,-1.759,10.612,-3.2493
188,-2.48182,11.043,-2.49333
188,2.79842,10.15,-2.3211
188,-3.67419,11.1042,-3.00974
188,2.23333,10.132,-2.75072
188,-2.29998,11.4205,-1.53671
188,-0.716443,10.5429,-3.20532
188,2.85712,10.2024,-2.3462
188,-1.50631,10.6957,-3.21606
188,-1.0302,10.5825,-3.29161
188,-1.52324,10.7171,-3.22083
188,-2.23085,10.8785,-3.13227
188,-0.461138,10.6093,-2.99445
188,-2.34745,11.1179,-2.7244
188,-1.93548,10.8609,-3.31597
188,-0.206806,11.9222,0.530102
188,-2.89958,11.5354,-1.99607
188,1.26255,10.601,-2.52313
188,-2.16564,11.0765,-2.99758
188,2.79274,10.7056,-1.53401
188,-2.93615,11.5228,-2.16837
188,-2.22237,11.3336,-2.46855
188,-1.96873,10.9826,-3.40171
188,-0.684723,10.762,-3.37643
188,-1.94155,11.0328,-3.33488
188,2.81404,10.2257,-3.2082
188,1.31815,10.7355,-2.59144
188,0.918406,10.4431,-3.65216
188,-3.237,11.8514,-1.81717
188,2.59875,10.1644,-3.62107
188,2.85722,10.2758,-3.25612
188,-1.95181,11.1133,-3.39329
188,-1.95351,12.6621,0.920804
188,1.50438,11.6348,-0.310323
188,2.72181,10.2022,-3.75253
188,2.21752,10.685,-2.66201
188,-3.92076,11.5625,-3.34893
188,2.74757,10.2229,-3.75905
188,-1.49745,11.3151,-2.87884
188,2.74405,11.5174,-0.161207
188,1.41277,10.8856,-2.6363
188,-0.601355,12.5306,0.948259
188,-3.01934,11.8947,-2.1622
188,-1.46202,11.3935,-2.90573
188,2.98949,11.915,0.790325
188,-1.54644,11.404,-2.99006
188,-1.31309,12.5666,0.39171
188,-1.91477,11.3463,-3.35915
188,-1.8944,12.5799,0.0812431
188,-0.554872,11.1072,-3.4264
188,2.78314,11.1346,-1.6513
188,-1.34163,12.6006,0.347433
188,-1.10151,12.8573,1.11414
188,2.47301,10.7955,-2.89933
188,-1.11559,12.0876,-1.12236
188,1.30953,12.243,0.53795
188,3.0669,12.0447,0.813937
188,-0.460779,11.1867,-3.4343
188,-1.48763,11.5438,-2.9926
188,-1.45708,11.9349,-1.90529
188,-0.432961,11.2129,-3.49099
188,3.8693,10.3815,-3.65932
188,2.49009,10.9183,-2.85532
188,2.98941,11.9183,0.188199
188,0.291294,12.5768,0.556482
188,3.53393,12.7121,0.649205
187,3.53393,12.7121,0.649205
188,2.25099,12.485,-2.7972
187,2.25099,12.485,-2.7972
188,-0.0936383,7.12066,-0.660846
187,-0.0936383,7.12066,-0.660846
188,-1.06939,12.5122,-2.14611
187,-1.06939,12.5122,-2.14611
188,3.07258,11.9004,-2.71306
187,3.07258,11.9004,-2.71306
188,0.86529,8.65349,-1.81823
187,0.86529,8.65349,-1.81823
188,1.53912,10.1482,-1.50206
187,1.53912,10.1482,-1.50206
188,0.987144,10.3653,-1.16638
187,0.987144,10.3653,-1.16638
188,-1.15488,12.6588,-1.73006
187,-1.15488,12.6588,-1.73006
188,-1.151,12.9315,-3.1782
187,-1.151,12.9315,-3.1782
188,0.313206,12.7599,0.543429
187,0.313206,12.7599,0.543429
188,-0.0742031,10.22,-2.79102
187,-0.0742031,10.22,-2.79102
188,1.10865,15.3198,-5.01055
187,1.10865,15.3198,-5.01055
188,-1.78713,11.2394,-2.77072
187,-1.78713,11.2394,-2.77072
188,-1.14947,13.4132,-3.41321
187,-1.14947,13.4132,-3.41321
188,2.99918,11.7912,-2.65951
187,2.99918,11.7912,-2.65951
188,1.89566,9.46213,-0.883966
187,1.89566,9.46213,-0.883966
188,6.69008,16.237,-3.19431
187,6.69008,16.237,-3.19431
188,-0.756535,10.4096,-3.78655
187,-0.756535,10.4096,-3.78655
188,-0.469556,11.1546,-3.73851
187,-0.469556,11.1546,-3.73851
188,0.596422,10.2412,-0.944709
187,0.596422,10.2412,-0.944709
188,6.51391,15.1157,1.97044
187,6.51391,15.1157,1.97044
188,1.02022,14.9455,-1.06752
187,1.02022,14.9455,-1.06752
188,-1.85348,12.5254,0.974429
187,-1.85348,12.5254,0.974429
188,5.93987,15.2175,-2.83605
187,5.93987,15.2175,-2.83605
188,0.0533023,16.0508,1.6192
187,0.0533023,16.0508,1.6192
188,2.74153,12.5857,1.54584
187,2.74153,12.5857,1.54584
188,3.63508,9.92258,-0.890226
187,3.63508,9.92258,-0.890226
188,1.52067,10.4573,-2.36108
187,1.52067,10.4573,-2.36108
188,7.4893,16.3268,2.17383
187,7.4893,16.3268,2.17383
188,1.43142,12.6132,0.535161
187,1.43142,12.6132,0.535161
188,1.35873,15.1713,1.55975
187,1.35873,15.1713,1.55975
188,-0.895751,6.58087,0.254127
187,-0.895751,6.58087,0.254127
188,-2.87177,10.0803,-2.35904
187,-2.87177,10.0803,-2.35904
188,3.58578,12.8558,0.841186
187,3.58578,12.8558,0.841186
188,7.18942,15.9573,2.12811
187,7.18942,15.9573,2.12811
188,1.49149,14.7734,1.48816
187,1.49149,14.7734,1.48816
188,-1.91216,11.2057,-1.00445
187,-1.91216,11.2057,-1.00445
188,3.41411,11.3,-1.6067
187,3.41411,11.3,-1.6067
188,3.09447,12.1128,0.802377
187,3.09447,12.1128,0.802377
188,1.46263,14.6722,1.48123
187,1.46263,14.6722,1.48123
188,-1.37648,13.9685,-4.40162
187,-1.37648,13.9685,-4.40162
188,-0.768713,13.1687,0.120021
187,-0.768713,13.1687,0.120021
188,-2.02218,13.1025,-0.793528
187,-2.02218,13.1025,-0.793528
188,5.44284,13.7747,1.75585
187,5.44284,13.7747,1.75585
188,-4.28428,13.0716,-0.802044
187,-4.28428,13.0716,-0.802044
188,-0.579799,12.9357,0.949358
187,-0.579799,12.9357,0.949358
188,-1.35831,13.2412,-3.97808
187,-1.35831,13.2412,-3.97808
188,-0.481472,13.6236,0.568457
187,-0.481472,13.6236,0.568457
188,4.28976,13.5244,-1.75337
187,4.28976,13.5244,-1.75337
188,-2.08815,10.6429,-2.09923
187,-2.08815,10.6429,-2.09923
188,0.0405532,12.246,-2.05751
186,0.0405532,12.246,-2.05751
188,0.610496,12.6372,-0.435211
186,0.610496,12.6372,-0.435211
188,1.16026,12.3723,-2.07948
186,1.16026,12.3723,-2.07948
188,0.9779,14.7858,-4.71763
186,0.9779,14.7858,-4.71763
188,2.52628,12.3521,0.556991
186,2.52628,12.3521,0.556991
188,0.894824,14.2988,-4.38188
186,0.894824,14.2988,-4.38188
188,0.46466,12.4188,-2.12619
186,0.46466,12.4188,-2.12619
188,-1.32346,12.7753,-3.64549
186,-1.32346,12.7753,-3.64549
188,-1.98149,15.5213,-1.27688
186,-1.98149,15.5213,-1.27688
188,2.91416,10.6807,-1.3871
186,2.91416,10.6807,-1.3871
188,3.43957,12.4964,-0.371138
185,3.43957,12.4964,-0.371138
188,5.87805,14.3522,-1.82512
185,5.87805,14.3522,-1.82512
188,-0.744683,12.6925,0.0154425
185,-0.744683,12.6925,0.0154425
188,3.43661,12.493,-0.369114
185,3.43661,12.493,-0.369114
188,-1.07609,10.7053,-0.811814
185,-1.07609,10.7053,-0.811814
188,0.628371,10.3462,-0.967225
185,0.628371,10.3462,-0.967225
188,0.307647,9.9318,-2.41765
185,0.307647,9.9318,-2.41765
188,0.965447,11.7262,-1.28309
185,0.965447,11.7262,-1.28309
188,3.33036,12.3374,0.154073
184,3.33036,12.3374,0.154073
188,1.73362,9.93946,-2.93449
184,1.73362,9.93946,-2.93449
188,0.355874,12.2897,-2.11299
183,0.355874,12.2897,-2.11299
188,0.556627,12.6374,-2.2235
183,0.556627,12.6374,-2.2235
188,-2.42798,10.846,-2.38356
183,-2.42798,10.846,-2.38356
188,0.0563025,17.4329,1.50191
64,0.0563025,17.4329,1.50191
188,-2.39665,10.9991,-1.52646
61,-2.39665,10.9991,-1.52646
188,0.728267,12.536,0.38907
66,0.728267,12.536,0.38907
188,-5.26849,19.9268,-1.42269
181,-5.26849,19.9268,-1.42269
189,-1.90959,9.94395,0.666165
189,-0.373907,9.74679,0.309607
189,-0.351711,9.43938,-0.668677
189,-0.352271,9.93229,0.296431
189,-0.305031,9.55562,-0.715808
189,-0.546217,9.58634,-0.989288
189,-0.626401,9.73207,-0.748798
189,0.789659,9.50217,-0.808878
189,0.879184,9.92964,0.223648
189,-2.60458,9.68247,-2.56789
189,2.23355,9.21797,-1.66295
189,2.27239,9.19304,-1.73475
189,-2.45093,9.73741,-2.681
189,2.26183,9.22117,-1.72973
189,2.47275,9.291,-1.57029
189,2.50767,9.31738,-1.59732
189,-0.372583,10.023,-1.17225
189,-0.183694,9.9925,-1.16856
189,1.09467,9.93288,-0.731594
189,2.28308,9.36199,-1.73609
189,1.30979,9.86292,-0.890533
189,1.28325,9.78922,-1.14185
189,2.29939,9.39219,-1.7441
189,2.56996,9.38992,-1.63661
189,-2.32423,9.99667,-2.50389
189,0.188507,10.1346,-0.899955
189,2.61405,9.42243,-1.65239
189,-1.91644,10.7892,-0.374027
189,-2.28724,10.1023,-2.44177
189,-2.40279,10.1275,-2.59078
189,2.47525,9.51664,-1.83935
189,0.904635,9.62983,-2.42717
189,0.517408,10.2858,-0.864506
189,0.146566,9.68497,-2.69372
189,0.631269,10.2314,-0.958839
189,0.203759,9.62413,-2.84101
189,-0.788948,9.71138,-3.12396
189,-0.022144,9.73255,-2.67961
189,0.871847,10.2157,-0.923339
189,0.629463,10.2486,-0.962515
189,-2.60142,10.6989,-1.39584
189,-2.08216,9.99196,-3.07935
189,-0.0832335,9.61811,-3.1119
189,-0.0193309,9.67365,-2.92968
189,0.873825,10.2705,-0.857508
189,1.07023,9.60077,-2.59287
189,-0.539836,9.69584,-3.16539
189,0.20633,9.67993,-2.89347
189,1.62613,10.0087,-1.28413
189,1.51544,10.086,-1.28033
189,0.521338,9.86414,-2.39653
189,-2.2545,10.3257,-2.55324
189,0.327448,9.90588,-2.39826
189,0.243323,9.64467,-3.16037
189,-2.6667,10.857,-1.32819
189,-2.21059,10.9603,-0.825318
189,1.25148,10.3014,-0.872885
189,-2.50966,10.9838,-0.92089
189,0.199848,9.94701,-2.3966
189,-1.58802,10.8054,-0.96125
189,0.562182,9.87127,-2.42937
189,1.53223,10.1088,-1.29235
189,-2.88775,10.4869,-2.50369
189,0.208628,9.75449,-2.9467
189,-2.63933,10.8281,-1.45652
189,-2.26988,10.9784,-0.860291
189,-0.090575,9.8296,-2.89935
189,-2.49848,11.0259,-0.852988
189,1.54907,10.1103,-1.31692
189,-2.39798,11.6462,0.878556
189,1.43745,9.99492,-1.70182
189,-2.88918,10.5106,-2.48565
189,-1.43564,10.8024,-0.974035
189,-1.39206,9.97974,-3.20329
189,0.578952,9.89756,-2.44064
189,-1.19079,10.0004,-3.09508
189,-0.109504,10.0076,-2.54626
189,-1.43671,10.8805,-0.841152
189,0.540796,9.92961,-2.44354
189,-2.9224,10.563,-2.52429
189,1.5831,9.92354,-2.03044
189,-0.417975,10.0179,-2.81649
189,1.68336,10.3187,-0.952367
189,1.67339,10.3184,-0.964394
189,-0.332154,10.0906,-2.64727
189,-1.19531,10.078,-3.16197
189,-0.208202,10.0943,-2.63243
189,1.59622,9.96639,-2.1354
189,1.39077,10.0896,-1.96977
189,-1.60114,11.0124,-0.993093
189,-1.49268,10.2006,-3.18178
189,-0.194925,10.1514,-2.67186
189,0.895914,10.047,-2.48031
189,1.6395,10.0441,-2.11903
189,3.04564,9.65223,-2.47858
189,0.90202,10.0524,-2.49407
189,-0.0746193,10.2015,-2.70447
189,0.0274301,10.2258,-2.6017
189,-0.407313,10.1974,-2.92124
189,1.77385,10.2256,-1.75448
189,1.78198,10.2535,-1.72969
189,0.573027,9.89489,-3.36334
189,0.78907,10.059,-2.86219
189,-2.23998,10.7156,-2.60843
189,3.12444,9.75707,-2.56415
189,-1.4822,10.413,-3.1693
189,-0.512053,10.3089,-3.06367
189,-1.09002,10.3724,-3.20947
189,1.39103,10.2678,-2.24119
189,3.17128,9.81624,-2.59469
189,-2.33285,10.8863,-2.58027
189,-1.09075,10.4369,-3.2682
189,-2.28382,11.341,-1.49651
189,2.78344,10.1143,-2.28384
189,1.43122,9.92512,-3.52447
189,2.77539,10.1812,-2.17787
189,-1.12997,10.4656,-3.37987
189,0.806125,10.0079,-3.65012
189,1.55651,10.5902,-1.90591
189,-2.30319,11.1432,-2.3615
189,-2.21863,10.8988,-3.13701
189,2.87846,10.2955,-2.24868
189,-0.0280167,11.277,-1.0603
189,1.60852,10.661,-1.97722
189,2.66925,11.3651,0.372429
189,-1.54646,10.8159,-3.27669
189,0.529157,10.3494,-3.59797
189,-2.22598,11.3076,-2.46067
189,1.50154,11.5681,0.0955327
189,-2.17408,11.1222,-2.99764
189,2.43482,10.2136,-3.14825
189,0.543421,10.4127,-3.655
189,-1.99221,10.9944,-3.39301
189,1.33978,10.7484,-2.60377
189,3.04841,10.5131,-2.38908
189,-2.01529,11.1114,-3.38205
189,2.87573,11.9047,1.25881
189,3.5173,10.1537,-3.26449
189,4.11305,10.8151,-1.17987
189,-1.86264,11.3434,-2.87628
189,-1.19368,12.4925,0.592958
189,2.3028,10.6255,-2.75621
189,-1.79609,11.369,-2.81487
189,1.57169,11.8735,0.257694
189,-0.671051,11.3912,-2.21556
189,2.64381,11.0328,-1.51819
189,-1.31822,12.4666,0.375453
189,-1.53558,11.3353,-2.84732
189,0.914107,10.5388,-3.82425
189,3.04213,10.973,-1.56233
189,2.67203,11.0746,-1.49796
189,-0.156773,12.2082,0.156701
189,-0.650581,11.8292,-1.17041
189,2.67234,11.0872,-1.53964
189,3.08177,11.0251,-1.58052
189,-1.13854,12.8146,1.13647
189,0.0352026,11.7491,-1.20124
189,-1.12361,12.8221,1.12765
189,1.77341,12.2271,0.967144
189,-0.282557,11.1069,-3.15548
189,-0.891185,11.0975,-3.53982
189,-1.30215,12.63,0.399477
189,-1.50682,11.467,-2.95137
189,-1.53068,11.4723,-2.95413
189,3.12683,11.102,-1.61541
189,2.73719,11.2012,-1.57372
189,-1.54816,11.4751,-3.01087
189,-1.55122,11.5599,-2.80236
189,-0.916311,11.1417,-3.63447
189,0.877555,10.7154,-3.89267
189,2.7389,11.2233,-1.57438
189,-1.98511,11.4045,-3.54441
189,-1.49497,11.5238,-2.97269
189,4.33653,11.0753,-1.26958
189,-1.13867,11.2048,-3.69006
189,-1.31875,12.7751,0.395833
189,-0.969032,11.2509,-3.61267
189,-0.265554,11.2552,-3.25179
189,-3.37773,13.3442,0.810152
189,-0.999782,12.6429,0.0862748
189,-0.557844,12.9016,0.964711
189,-1.94783,13.0142,0.559266
189,5.06114,10.8485,-1.8219
189,-2.56882,12.0881,-2.33048
189,-2.54791,12.0962,-2.32109
189,-0.633946,12.1762,-1.27223
189,-0.648506,12.8606,0.56101
189,-2.01306,11.5745,-3.69136
189,0.657793,13.3087,-3.85177
188,0.657793,13.3087,-3.85177
189,2.67582,12.6202,0.111642
188,2.67582,12.6202,0.111642
189,1.43579,9.36361,-2.38729
188,1.43579,9.36361,-2.38729
189,1.33412,9.21857,-2.40918
188,1.33412,9.21857,-2.40918
189,1.35544,12.5623,-2.90258
188,1.35544,12.5623,-2.90258
189,0.755328,13.6814,-4.06845
188,0.755328,13.6814,-4.06845
189,-0.673713,12.7974,-0.933741
188,-0.673713,12.7974,-0.933741
189,0.0392888,13.1226,-0.513759
188,0.0392888,13.1226,-0.513759
189,1.60556,10.3672,-2.43857
188,1.60556,10.3672,-2.43857
189,3.39813,12.4634,-0.35471
188,3.39813,12.4634,-0.35471
189,-0.826511,11.2122,-3.69052
188,-0.826511,11.2122,-3.69052
189,2.16432,10.0568,-2.63925
188,2.16432,10.0568,-2.63925
189,2.46623,10.8127,-2.74384
188,2.46623,10.8127,-2.74384
189,-1.65724,11.5773,-3.07555
188,-1.65724,11.5773,-3.07555
189,1.47151,12.8964,-3.07141
188,1.47151,12.8964,-3.07141
189,10.0715,19.3326,-0.152479
188,10.0715,19.3326,-0.152479
189,-0.98842,12.5005,0.0939122
188,-0.98842,12.5005,0.0939122
189,1.52114,10.2161,-2.33779
188,1.52114,10.2161,-2.33779
189,1.06425,13.5686,1.20892
188,1.06425,13.5686,1.20892
189,-0.749707,13.3018,0.99775
188,-0.749707,13.3018,0.99775
189,2.97507,13.3324,1.38454
188,2.97507,13.3324,1.38454
189,2.91884,12.9403,1.60581
188,2.91884,12.9403,1.60581
189,4.69993,14.4978,1.84013
188,4.69993,14.4978,1.84013
189,-0.0276135,15.4132,1.30987
188,-0.0276135,15.4132,1.30987
189,-2.4211,14.2608,-2.62619
188,-2.4211,14.2608,-2.62619
189,-0.68325,12.667,-0.412029
188,-0.68325,12.667,-0.412029
189,1.48189,10.2992,-1.31881
188,1.48189,10.2992,-1.31881
189,-2.19996,10.1138,-2.43124
188,-2.19996,10.1138,-2.43124
189,4.80209,10.6409,-1.73385
188,4.80209,10.6409,-1.73385
189,2.74844,10.3855,-3.76864
188,2.74844,10.3855,-3.76864
189,11.8229,24.55,-0.493527
188,11.8229,24.55,-0.493527
189,-1.90573,13.2541,0.957505
188,-1.90573,13.2541,0.957505
189,-2.80203,15.4833,1.2857
188,-2.80203,15.4833,1.2857
189,11.6275,18.0718,-1.70066
188,11.6275,18.0718,-1.70066
189,-1.24182,12.4081,-2.0575
188,-1.24182,12.4081,-2.0575
189,-1.3753,13.8175,-4.25534
188,-1.3753,13.8175,-4.25534
189,-3.10844,12.8988,-0.421989
188,-3.10844,12.8988,-0.421989
189,-3.63565,14.6724,-0.642302
188,-3.63565,14.6724,-0.642302
189,9.70869,18.2715,-0.115947
188,9.70869,18.2715,-0.115947
189,-1.18818,12.3814,-0.347686
188,-1.18818,12.3814,-0.347686
189,3.91305,11.5756,-2.70796
188,3.91305,11.5756,-2.70796
189,-2.30673,10.3863,-2.32346
188,-2.30673,10.3863,-2.32346
189,5.76763,14.2892,-1.80313
188,5.76763,14.2892,-1.80313
189,-2.15219,9.71038,-2.2088
188,-2.15219,9.71038,-2.2088
189,0.550558,10.7473,-0.924877
188,0.550558,10.7473,-0.924877
189,10.4158,19.1342,-0.192367
188,10.4158,19.1342,-0.192367
189,1.1278,13.8076,-4.21236
187,1.1278,13.8076,-4.21236
189,3.09514,12.5178,0.392156
187,3.09514,12.5178,0.392156
189,0.340326,12.6722,-2.22351
187,0.340326,12.6722,-2.22351
189,1.21057,9.9502,-2.41107
187,1.21057,9.9502,-2.41107
189,-0.0625779,9.5516,-2.6931
187,-0.0625779,9.5516,-2.6931
189,1.59846,9.92652,-2.38638
187,1.59846,9.92652,-2.38638
189,3.02307,12.6585,-0.255518
187,3.02307,12.6585,-0.255518
189,2.62966,12.5368,0.556498
187,2.62966,12.5368,0.556498
189,3.39583,12.4617,0.187465
187,3.39583,12.4617,0.187465
189,2.37905,10.3325,-2.86431
187,2.37905,10.3325,-2.86431
189,-0.0475936,9.60353,-2.7373
187,-0.0475936,9.60353,-2.7373
189,-0.572769,12.6631,0.113324
187,-0.572769,12.6631,0.113324
189,1.84204,10.0849,-3.12319
187,1.84204,10.0849,-3.12319
189,5.71925,14.9296,-1.69797
187,5.71925,14.9296,-1.69797
189,3.49791,12.6223,-0.352355
187,3.49791,12.6223,-0.352355
189,0.789979,14.0808,-4.25292
187,0.789979,14.0808,-4.25292
189,-2.3921,14.1354,-2.70291
187,-2.3921,14.1354,-2.70291
189,-2.31831,15.8401,-1.31856
187,-2.31831,15.8401,-1.31856
189,4.71949,21.6591,1.82837
187,4.71949,21.6591,1.82837
189,-2.42334,14.2326,-2.70521
187,-2.42334,14.2326,-2.70521
189,-0.986538,12.8316,0.0716181
187,-0.986538,12.8316,0.0716181
189,1.87116,13.2186,1.17491
187,1.87116,13.2186,1.17491
189,12.3221,18.8543,-1.82057
187,12.3221,18.8543,-1.82057
189,10.9674,19.7832,-0.509815
187,10.9674,19.7832,-0.509815
189,11.1978,20.0665,-0.207585
187,11.1978,20.0665,-0.207585
189,0.58793,10.3238,-0.912912
187,0.58793,10.3238,-0.912912
189,5.21661,12.9667,-2.63862
187,5.21661,12.9667,-2.63862
189,-2.27911,11.5619,-3.1592
187,-2.27911,11.5619,-3.1592
189,3.39659,12.5704,-0.124748
186,3.39659,12.5704,-0.124748
189,1.68474,10.0677,-2.75996
186,1.68474,10.0677,-2.75996
189,1.47508,9.77724,-2.52262
186,1.47508,9.77724,-2.52262
189,3.4712,12.387,-0.909638
186,3.4712,12.387,-0.909638
189,3.47164,12.3731,-0.897744
186,3.47164,12.3731,-0.897744
189,1.79624,10.2263,-2.88039
186,1.79624,10.2263,-2.88039
189,5.78979,14.1149,-1.80638
186,5.78979,14.1149,-1.80638
189,-0.173121,11.6885,-1.18298
185,-0.173121,11.6885,-1.18298
189,3.36947,12.4317,-0.165487
185,3.36947,12.4317,-0.165487
189,2.66358,12.5365,-0.386717
185,2.66358,12.5365,-0.386717
189,1.417,9.7992,-2.74451
185,1.417,9.7992,-2.74451
189,-0.158908,9.8263,-2.69447
185,-0.158908,9.8263,-2.69447
189,-3.39993,21.0049,0.235598
183,-3.39993,21.0049,0.235598
190,0.303886,6.95967,-0.405478
190,-0.441003,9.2657,-0.838881
190,-1.84146,10.1563,0.69741
190,0.898068,9.69557,-0.759175
190,-0.149504,9.80766,-1.04778
190,2.55656,9.27557,-1.68236
190,1.27777,9.7531,-1.18843
190,2.32827,9.36829,-1.71397
190,2.50136,9.2985,-1.86175
190,2.51042,9.40486,-1.71912
190,0.995249,10.0229,-0.839686
190,2.55025,9.35803,-1.90041
190,0.648364,10.1501,-0.813047
190,0.314518,10.264,-0.809856
190,0.417829,10.2535,-0.804979
190,0.316872,10.2797,-0.80391
190,-2.31999,10.0834,-2.63654
190,0.676881,10.2607,-0.844195
190,-0.516379,10.4198,-1.05022
190,0.523492,9.7742,-2.31446
190,1.46895,10.009,-1.24801
190,0.215904,9.71357,-2.66215
190,0.946153,9.63223,-2.54185
190,0.415018,10.2969,-1.10061
190,-0.0391563,9.70648,-2.92818
190,0.975782,9.65713,-2.56587
190,-0.0839247,9.94842,-2.31556
190,-2.0922,10.8427,-0.896918
190,0.423754,10.3158,-1.10997
190,-1.62014,10.7861,-0.931669
190,-2.0722,10.0843,-3.05415
190,1.59632,9.97752,-1.55368
190,0.993826,9.70195,-2.60252
190,-1.4356,10.7758,-0.958033
190,-1.59573,10.8116,-0.954886
190,-2.50193,10.8406,-1.35152
190,0.231865,9.70264,-3.0882
190,0.630671,9.77523,-2.71848
190,-2.54435,11.0371,-0.897143
190,1.44154,10.0159,-1.71765
190,-1.61607,10.9033,-0.925627
190,-0.132693,10.0075,-2.6288
190,1.57923,9.91747,-2.0289
190,-1.44911,10.8236,-1.10011
190,1.61112,10.1861,-1.31319
190,0.376886,9.72585,-3.19151
190,-1.41316,10.0374,-3.24157
190,-0.350183,10.0655,-2.64744
190,0.656126,9.81578,-2.84116
190,-0.232187,11.1375,0.229403
190,0.514776,9.72779,-3.20494
190,-1.44408,10.8792,-1.10328
190,-0.315086,10.1061,-2.65311
190,-0.226012,10.7458,-0.900662
190,-0.234438,9.9813,-2.99587
190,-1.13147,10.0888,-3.15841
190,2.98126,9.61535,-2.45041
190,-2.72684,10.9416,-1.69499
190,-1.32043,10.1145,-3.23458
190,0.868362,10.0155,-2.46044
190,3.01063,9.63045,-2.4768
190,0.403219,9.83684,-3.28963
190,-0.130509,10.1786,-2.63508
190,-0.330355,10.1885,-2.72499
190,-1.47217,10.3046,-3.10681
190,-2.44266,11.118,-1.40243
190,0.214078,10.4048,-2.10885
190,0.866427,10.1612,-2.46816
190,-1.5008,11.0868,-1.19463
190,-1.04327,10.3134,-3.08357
190,1.49285,9.92839,-2.92635
190,-1.12838,10.3035,-3.23219
190,-2.11925,10.4908,-3.22597
190,1.56229,9.97069,-2.85008
190,1.56157,10.2225,-2.17662
190,3.144,9.79094,-2.57949
190,-1.04858,10.3655,-3.12246
190,3.30384,9.70191,-2.83923
190,-2.07753,10.5564,-3.19144
190,2.29899,10.4586,-1.2999
190,-2.68311,11.1482,-1.97044
190,1.63496,10.2593,-2.26964
190,-3.13745,11.1334,-2.32748
190,2.64936,9.98678,-2.60687
190,1.39909,10.7596,-1.1917
190,-1.61626,10.6056,-3.21818
190,-3.1905,11.2207,-2.37494
190,-0.203007,11.6453,0.19539
190,2.37553,10.5985,-1.36419
190,1.58536,10.1567,-3.07487
190,-2.35493,11.4473,-1.5593
190,1.81596,10.0275,-3.3616
190,-2.22314,10.8941,-3.11012
190,-2.31802,11.125,-2.6841
190,0.559188,10.3573,-3.48083
190,1.57074,10.7612,-1.97063
190,1.88858,10.1509,-3.47711
190,3.44368,10.0133,-3.16673
190,2.80268,10.7399,-1.55588
190,1.62786,10.7858,-2.02684
190,-1.34982,10.8025,-3.57504
190,-0.16008,10.7971,-3.04229
190,-1.29833,10.8772,-3.39737
190,1.57529,11.817,0.531776
190,0.907111,10.4269,-3.55109
190,-0.162531,12.0242,0.168005
190,2.68802,10.2485,-3.21774
190,0.913516,10.4509,-3.57249
190,1.61705,11.7828,0.356742
190,4.64342,10.4974,-1.66554
190,-2.49336,11.6491,-2.13888
190,3.06184,10.5442,-2.38895
190,0.63385,10.5294,-3.69926
190,2.75247,12.003,1.29861
190,0.936743,10.5148,-3.62987
190,1.54175,11.6447,-0.294971
190,0.628535,10.561,-3.7302
190,-2.64554,12.4546,-0.261174
190,0.804836,10.5075,-3.85248
190,-1.68407,11.1875,-3.30649
190,-1.14123,12.732,1.10922
190,-0.606923,12.5825,0.963067
190,-1.27053,12.4945,0.394228
190,-0.989386,12.6772,0.975628
190,-1.03421,12.7135,1.05123
190,-2.50659,11.8385,-2.17595
190,2.97032,11.0283,-1.66516
190,-1.68423,11.2586,-3.37813
190,1.82316,11.6549,-0.641378
190,-2.00908,11.4029,-3.23498
190,1.7052,12.1459,0.540022
190,-0.568676,12.725,0.973905
190,-0.898717,11.1226,-3.56312
190,1.62521,11.2617,-1.98726
190,2.82335,10.3656,-3.90555
190,-0.210607,11.2629,-3.19616
190,-0.986109,12.6413,0.0831804
190,-1.31473,12.8105,0.377027
190,1.50154,10.756,-3.79381
190,4.43244,11.1572,-1.28631
190,0.519053,12.5449,0.510006
190,-2.40726,11.8634,-2.77046
190,-1.04586,13.0554,1.05375
190,-0.456643,11.2589,-3.50248
190,-0.33159,11.2802,-3.39617
190,1.36172,12.4322,0.53777
190,2.54835,10.9799,-2.83186
190,-0.562671,12.6692,0.0761272
190,-0.989717,12.7685,0.0740702
190,-1.04733,12.829,0.156486
190,2.92515,12.5359,1.27942
190,1.11255,11.0437,-3.64045
190,-1.93511,11.5671,-3.78758
190,-3.16315,13.0411,-0.44734
190,0.446657,12.4988,-2.15533
189,0.446657,12.4988,-2.15533
190,-0.676679,12.9136,-0.968106
189,-0.676679,12.9136,-0.968106
190,-1.16586,12.8257,-0.972952
189,-1.16586,12.8257,-0.972952
190,-1.287,12.7304,-3.63934
189,-1.287,12.7304,-3.63934
190,-1.17046,13.0506,-3.21959
189,-1.17046,13.0506,-3.21959
190,5.52791,14.2328,-1.69939
189,5.52791,14.2328,-1.69939
190,3.02763,10.8166,-4.02658
189,3.02763,10.8166,-4.02658
190,3.20887,12.1287,-2.83092
189,3.20887,12.1287,-2.83092
190,3.95383,13.1193,0.268166
189,3.95383,13.1193,0.268166
190,-1.78344,13.7344,-3.27427
189,-1.78344,13.7344,-3.27427
190,3.43182,12.5499,0.992789
189,3.43182,12.5499,0.992789
190,-1.31558,12.9266,-3.76596
189,-1.31558,12.9266,-3.76596
190,-0.640655,12.5068,-1.36876
189,-0.640655,12.5068,-1.36876
190,-1.1481,12.6028,-0.940542
189,-1.1481,12.6028,-0.940542
190,0.319878,12.5475,-2.84562
189,0.319878,12.5475,-2.84562
190,3.10228,10.9123,-4.11122
189,3.10228,10.9123,-4.11122
190,-0.685431,13.1285,-0.487192
189,-0.685431,13.1285,-0.487192
190,3.08518,14.3136,-0.14924
189,3.08518,14.3136,-0.14924
190,-1.2423,13.2301,-0.476226
189,-1.2423,13.2301,-0.476226
190,10.2693,18.8491,-0.171839
189,10.2693,18.8491,-0.171839
190,7.94355,16.951,2.23052
189,7.94355,16.951,2.23052
190,0.468903,12.2044,0.979985
189,0.468903,12.2044,0.979985
190,5.45698,14.5478,-1.61444
189,5.45698,14.5478,-1.61444
190,2.49026,12.3013,0.129894
189,2.49026,12.3013,0.129894
190,1.62966,10.0537,-2.12109
189,1.62966,10.0537,-2.12109
190,4.1409,15.1365,1.2991
189,4.1409,15.1365,1.2991
190,1.57613,15.311,1.55698
189,1.57613,15.311,1.55698
190,-2.16383,12.2235,-4.16254
189,-2.16383,12.2235,-4.16254
190,11.2756,17.8602,-1.68811
189,11.2756,17.8602,-1.68811
190,2.93975,13.7944,1.60325
189,2.93975,13.7944,1.60325
190,1.2517,9.14376,-1.63204
189,1.2517,9.14376,-1.63204
190,-2.21148,10.5057,-1.65838
189,-2.21148,10.5057,-1.65838
190,2.95791,11.7947,-2.62592
189,2.95791,11.7947,-2.62592
190,8.33023,17.1367,-0.0382773
189,8.33023,17.1367,-0.0382773
190,11.9986,18.5386,-1.8237
189,11.9986,18.5386,-1.8237
190,1.57847,12.5771,1.11364
189,1.57847,12.5771,1.11364
190,0.452829,11.9899,-3.06912
189,0.452829,11.9899,-3.06912
190,-2.06101,13.2592,-0.825479
189,-2.06101,13.2592,-0.825479
190,3.42431,12.5981,-3.02661
189,3.42431,12.5981,-3.02661
190,0.7393,14.2807,-2.85605
189,0.7393,14.2807,-2.85605
190,-0.101684,14.5462,1.27451
189,-0.101684,14.5462,1.27451
190,-2.45661,11.7382,-2.30821
189,-2.45661,11.7382,-2.30821
190,-1.01977,12.3489,-2.03589
189,-1.01977,12.3489,-2.03589
190,0.0704405,12.5744,1.10608
189,0.0704405,12.5744,1.10608
190,-2.33154,10.2614,-2.55465
189,-2.33154,10.2614,-2.55465
190,5.96473,14.4522,-1.88725
189,5.96473,14.4522,-1.88725
190,0.00273345,10.1216,-2.52572
189,0.00273345,10.1216,-2.52572
190,3.49224,12.7194,0.988311
189,3.49224,12.7194,0.988311
190,-1.02594,13.1582,-2.34251
189,-1.02594,13.1582,-2.34251
190,1.77786,9.83109,-2.10092
189,1.77786,9.83109,-2.10092
190,0.742336,9.75252,-3.24418
188,0.742336,9.75252,-3.24418
190,2.05091,12.1595,-3.34692
188,2.05091,12.1595,-3.34692
190,2.10053,12.7131,0.525436
188,2.10053,12.7131,0.525436
190,2.61303,12.4631,-0.781184
188,2.61303,12.4631,-0.781184
190,0.409781,11.9842,-1.97419
188,0.409781,11.9842,-1.97419
190,2.1799,12.5005,-0.820715
188,2.1799,12.5005,-0.820715
190,-1.1036,12.554,-1.35157
188,-1.1036,12.554,-1.35157
190,-1.32222,12.5739,-3.58023
188,-1.32222,12.5739,-3.58023
190,1.44791,17.8501,-4.39232
188,1.44791,17.8501,-4.39232
190,-1.8516,12.8314,0.93194
188,-1.8516,12.8314,0.93194
190,-1.10682,12.586,-1.3476
188,-1.10682,12.586,-1.3476
190,3.14223,15.7275,1.54516
188,3.14223,15.7275,1.54516
190,0.572201,12.5241,-1.40156
188,0.572201,12.5241,-1.40156
190,4.56016,14.2663,1.80736
188,4.56016,14.2663,1.80736
190,1.29779,12.2565,0.533475
188,1.29779,12.2565,0.533475
190,-2.23603,10.2813,-2.88483
188,-2.23603,10.2813,-2.88483
190,7.35608,15.871,0.0292643
188,7.35608,15.871,0.0292643
190,8.50132,18.9895,-4.28626
188,8.50132,18.9895,-4.28626
190,1.52932,9.78522,-2.36775
187,1.52932,9.78522,-2.36775
190,1.01808,10.1967,-0.995588
187,1.01808,10.1967,-0.995588
190,0.672785,10.1192,-0.91691
187,0.672785,10.1192,-0.91691
190,1.02621,15.2196,-5.04823
187,1.02621,15.2196,-5.04823
190,0.921097,12.7942,0.481522
187,0.921097,12.7942,0.481522
190,0.973013,9.91991,-2.58337
187,0.973013,9.91991,-2.58337
190,1.02621,15.2196,-5.04823
187,1.02621,15.2196,-5.04823
190,0.844559,8.56863,-1.69068
187,0.844559,8.56863,-1.69068
190,8.13122,15.2281,1.26288
187,8.13122,15.2281,1.26288
190,0.176194,13.0044,-2.34332
187,0.176194,13.0044,-2.34332
190,-0.132911,14.5046,1.21612
187,-0.132911,14.5046,1.21612
190,2.72489,12.4946,-0.668509
186,2.72489,12.4946,-0.668509
190,2.29173,12.2594,-0.0733217
186,2.29173,12.2594,-0.0733217
190,1.47596,10.5075,-1.07282
186,1.47596,10.5075,-1.07282
190,1.42723,12.6144,0.100156
186,1.42723,12.6144,0.100156
190,0.16013,12.9955,-2.37595
186,0.16013,12.9955,-2.37595
190,0.454047,12.2573,0.505104
186,0.454047,12.2573,0.505104
190,-2.64157,16.2276,-1.42694
185,-2.64157,16.2276,-1.42694
190,-0.659546,12.7579,-4.06231
183,-0.659546,12.7579,-4.06231
191,1.15831,8.27056,-1.85008
191,-0.234879,10.2187,0.287323
191,2.24822,9.15854,-1.7166
191,-0.20101,10.2968,0.0636386
191,-0.290941,9.90151,-1.09032
191,2.23639,9.19057,-1.71344
191,2.57633,9.262,-1.65034
191,2.54805,9.27812,-1.67631
191,1.22948,9.84228,-0.855078
191,2.28129,9.31005,-1.76261
191,2.51766,9.34554,-1.6175
191,2.2683,9.35781,-1.72119
191,2.53035,9.34565,-1.63143
191,0.74013,9.9577,-0.907975
191,1.1942,9.88953,-0.877555
191,0.981741,9.98343,-0.891276
191,0.19854,10.1295,-0.897686
191,-2.25362,10.0266,-2.42598
191,1.11618,9.93235,-0.997641
191,2.53221,9.42353,-1.7217
191,-2.39141,10.0472,-2.55118
191,1.2765,10.0114,-0.882285
191,0.919847,10.0705,-0.946165
191,1.1337,10.0876,-0.832289
191,2.7914,9.38513,-1.91642
191,0.152916,9.62415,-2.61017
191,1.18738,10.1161,-0.817357
191,0.839967,10.1308,-0.974592
191,-0.0580407,10.2232,-1.2068
191,0.155554,9.63602,-2.66605
191,-2.29255,10.1598,-2.50837
191,0.848079,10.1452,-0.975378
191,0.396361,10.2113,-1.06663
191,0.431722,10.3135,-0.803037
191,-2.28923,10.1935,-2.51298
191,0.526156,10.3151,-0.810701
191,2.75001,9.48798,-1.95603
191,1.47001,9.92301,-1.47542
191,1.56862,9.92093,-1.43239
191,-0.0395238,9.66287,-2.95875
191,0.527418,9.78837,-2.34103
191,0.397571,10.2979,-1.0638
191,-0.0538556,9.67881,-2.94332
191,0.912084,9.69669,-2.41407
191,-2.61449,10.747,-1.39521
191,1.43844,10.0358,-1.24934
191,0.435197,10.3899,-0.841393
191,1.20092,10.4668,-0.286068
191,-2.50112,10.9868,-0.872129
191,0.55381,10.3903,-0.954519
191,0.509273,9.86379,-2.38234
191,0.566778,9.85691,-2.37208
191,1.52845,10.004,-1.51423
191,-2.65332,10.8709,-1.32134
191,-2.47205,11.0128,-0.8563
191,-2.12305,10.9266,-0.934925
191,-0.691589,9.87652,-3.01483
191,1.62155,10.0165,-1.49672
191,-1.44746,10.8481,-0.843218
191,-1.42656,10.8559,-0.821571
191,-1.44445,10.7621,-1.09663
191,1.61165,10.0173,-1.56925
191,0.568804,9.90547,-2.43377
191,0.332333,9.96105,-2.43518
191,1.63396,9.86807,-2.0714
191,-1.36993,10.8944,-0.8709
191,-2.50333,10.9372,-1.34297
191,-1.61801,10.9081,-0.99359
191,-2.30544,10.4176,-2.64844
191,1.47813,10.0695,-1.68159
191,-2.58282,11.0576,-1.12996
191,-0.164402,10.0498,-2.62609
191,-0.0265237,10.5139,-1.32974
191,1.64777,9.90701,-2.10274
191,-0.104298,9.98046,-2.82438
191,-0.0494652,10.0764,-2.58018
191,-0.00204971,10.1045,-2.48817
191,0.00351146,10.0997,-2.5007
191,1.50117,10.1196,-1.70862
191,-2.02403,10.2895,-3.03631
191,-1.42261,10.0828,-3.29075
191,-0.0926079,10.0037,-2.86373
191,-0.122871,10.028,-2.87395
191,1.72413,10.1559,-1.63564
191,-1.2048,10.131,-3.21152
191,1.61429,10.0577,-2.02484
191,-2.38527,10.6502,-2.48087
191,-0.316447,10.1632,-2.73533
191,1.41446,9.8121,-2.82373
191,1.445,10.1645,-1.92318
191,0.603342,10.0856,-2.57909
191,-2.24102,10.6388,-2.57169
191,-2.21752,10.6507,-2.57325
191,-2.66966,11.2544,-1.20316
191,-1.1496,10.249,-3.21337
191,-2.7412,10.8467,-2.43394
191,1.53213,10.1464,-2.14631
191,1.49992,10.1661,-2.11538
191,1.54524,10.2392,-2.07084
191,-1.12914,10.3244,-3.2401
191,-2.80932,11.1429,-2.00435
191,-0.143162,11.3707,-0.0674174
191,1.576,9.97186,-2.98035
191,3.17202,9.83987,-2.60215
191,-1.02992,10.4277,-3.15734
191,-2.31961,10.8879,-2.58778
191,-2.4908,10.9879,-2.44599
191,1.75842,10.6935,-1.12002
191,1.58249,10.2422,-2.4488
191,-0.445706,10.4716,-2.87811
191,2.35742,10.5281,-1.33785
191,2.27871,9.98894,-2.95454
191,-2.04906,10.7424,-3.15378
191,2.69399,10.5528,-1.29528
191,-1.52494,10.6693,-3.19021
191,-2.47042,11.1428,-2.49339
191,-1.5281,10.6985,-3.21334
191,-0.155732,11.2533,-1.08064
191,-1.31952,10.611,-3.37627
191,3.43337,9.92802,-2.84466
191,-0.178085,11.3005,-1.0831
191,-1.36087,10.6776,-3.42265
191,-0.470186,10.6566,-3.04721
191,-0.126744,11.7301,-0.0998195
191,1.45316,10.5652,-2.41345
191,-1.81729,10.8248,-3.39138
191,-0.696165,10.6496,-3.3201
191,1.61697,10.0886,-3.65214
191,1.64252,10.3453,-2.99374
191,2.8067,11.7517,1.22309
191,2.84869,10.7563,-1.56994
191,-0.858711,10.7853,-3.42298
191,-1.4073,10.8559,-3.5115
191,-1.93786,11.134,-3.07464
191,2.7746,10.2072,-3.18036
191,0.0464059,10.8391,-2.92792
191,-1.27869,12.6046,1.08921
191,2.83552,10.8612,-1.56022
191,0.616401,10.5018,-3.63508
191,-2.06602,11.1592,-3.29784
191,-2.82813,12.5134,-0.138356
191,2.23669,11.4369,-0.477653
191,-1.21327,12.4879,0.573072
191,-1.66037,11.162,-3.29942
191,-1.1183,12.7348,1.11537
191,2.68399,10.2038,-3.74163
191,-2.43654,11.6379,-2.52067
191,1.6924,12.1781,0.936718
191,0.920596,10.5392,-3.83572
191,-0.162619,11.6174,-1.54282
191,-1.67827,11.2568,-3.36913
191,1.72627,12.1276,0.578447
191,-3.28071,13.1575,0.789393
191,1.99768,10.5646,-3.46962
191,3.04035,12.1625,1.26801
191,-1.8253,11.5095,-2.93587
191,-1.50504,11.4545,-2.9339
191,-1.87582,11.5269,-2.9505
191,3.05605,12.0067,0.8051
191,-0.287194,11.1456,-3.18094
191,-1.5576,11.5157,-2.96895
191,-1.30058,12.7327,0.384863
191,2.64815,11.2222,-1.73165
191,-1.72212,12.3601,-0.952464
191,-2.40833,11.8709,-2.75231
191,0.53809,12.5013,0.399735
191,-0.967687,12.6721,0.0773393
191,3.14765,12.348,1.28037
191,-1.1785,12.5535,-0.354564
191,-1.95397,11.4536,-3.73027
191,-1.54609,11.4993,-3.40964
191,-3.03869,12.931,-0.38507
191,-0.693731,12.6946,0.141779
191,-0.987693,12.7279,0.0643039
191,2.55937,10.9835,-2.86062
191,0.574789,12.49,0.080295
191,-1.13459,12.6829,-0.281687
191,4.63843,11.2173,-1.33091
191,0.578716,12.5152,0.0783636
191,-1.75758,12.5745,-1.00649
191,-0.560819,13.1239,1.00392
191,-3.24091,13.2945,0.0400484
191,0.295485,12.5964,-0.0583916
191,2.91486,11.5118,-1.62602
191,-0.438771,12.9761,0.571505
191,-1.09916,12.4022,-1.30083
191,-1.62492,11.6928,-3.51229
191,2.63457,11.8994,-0.835439
191,-3.21131,13.1593,-0.448294
191,-0.704125,12.9088,0.144232
191,-1.60281,11.904,-3.00417
191,-0.617656,12.7126,-2.15711
190,-0.617656,12.7126,-2.15711
191,-0.656208,12.8697,-1.96676
190,-0.656208,12.8697,-1.96676
191,1.70942,13.3538,-4.04211
190,1.70942,13.3538,-4.04211
191,3.05385,11.8706,-2.69382
190,3.05385,11.8706,-2.69382
191,0.547474,12.5732,0.034799
190,0.547474,12.5732,0.034799
191,-0.6679,12.8877,-0.453216
190,-0.6679,12.8877,-0.453216
191,-1.09812,12.6987,-1.43268
190,-1.09812,12.6987,-1.43268
191,-0.643204,12.2749,-3.1925
190,-0.643204,12.2749,-3.1925
191,-0.657416,12.6028,-2.81196
190,-0.657416,12.6028,-2.81196
191,4.68834,14.2526,0.25377
190,4.68834,14.2526,0.25377
191,0.552304,12.3328,-1.34969
190,0.552304,12.3328,-1.34969
191,0.656072,12.8672,-3.659
190,0.656072,12.8672,-3.659
191,-0.547023,10.7974,-3.39032
190,-0.547023,10.7974,-3.39032
191,1.28051,9.80021,-1.1484
190,1.28051,9.80021,-1.1484
191,9.65714,21.2795,-0.922097
190,9.65714,21.2795,-0.922097
191,-0.646593,12.2414,-2.6296
190,-0.646593,12.2414,-2.6296
191,-0.665007,12.777,-0.936071
190,-0.665007,12.777,-0.936071
191,0.0277942,11.2633,-1.05917
190,0.0277942,11.2633,-1.05917
191,8.02167,17.0633,2.24418
190,8.02167,17.0633,2.24418
191,-1.10396,12.2413,-2.79979
190,-1.10396,12.2413,-2.79979
191,3.62334,13.0162,-1.22966
190,3.62334,13.0162,-1.22966
191,0.569066,12.9128,-0.178876
190,0.569066,12.9128,-0.178876
191,3.06292,13.51,0.0480061
190,3.06292,13.51,0.0480061
191,-0.601964,12.7822,0.972293
190,-0.601964,12.7822,0.972293
191,-0.596427,12.3976,1.16562
190,-0.596427,12.3976,1.16562
191,3.10635,11.9792,-2.74721
190,3.10635,11.9792,-2.74721
191,3.34535,13.585,1.18988
190,3.34535,13.585,1.18988
191,1.40706,15.3691,1.33538
190,1.40706,15.3691,1.33538
191,5.94433,13.8701,-3.04165
190,5.94433,13.8701,-3.04165
191,5.20748,14.0231,-2.63711
190,5.20748,14.0231,-2.63711
191,0.86435,11.2957,-1.62495
190,0.86435,11.2957,-1.62495
191,-2.30552,10.9304,-1.50101
190,-2.30552,10.9304,-1.50101
191,-1.04153,12.6857,-2.18975
190,-1.04153,12.6857,-2.18975
191,2.54457,11.0482,-2.89967
190,2.54457,11.0482,-2.89967
191,2.92456,13.2422,1.35663
190,2.92456,13.2422,1.35663
191,6.25975,14.2591,-3.21819
190,6.25975,14.2591,-3.21819
191,-2.98006,12.2833,0.0394574
190,-2.98006,12.2833,0.0394574
191,0.617217,10.9644,0.865264
190,0.617217,10.9644,0.865264
191,5.98852,14.4746,-1.91922
190,5.98852,14.4746,-1.91922
191,3.64077,13.0527,-3.26433
190,3.64077,13.0527,-3.26433
191,-2.59132,11.0304,-1.21725
190,-2.59132,11.0304,-1.21725
191,1.07623,15.781,1.12165
190,1.07623,15.781,1.12165
191,13.0355,19.6112,-2.01201
190,13.0355,19.6112,-2.01201
191,-1.98919,15.8823,-1.3957
190,-1.98919,15.8823,-1.3957
191,-0.444104,13.0637,-2.39422
189,-0.444104,13.0637,-2.39422
191,0.627141,9.94174,-3.31618
189,0.627141,9.94174,-3.31618
191,1.54481,10.2185,-1.83508
189,1.54481,10.2185,-1.83508
191,0.305565,12.3962,-3.337
189,0.305565,12.3962,-3.337
191,-1.31321,13.773,-2.61625
189,-1.31321,13.773,-2.61625
191,2.27028,10.659,-1.51902
189,2.27028,10.659,-1.51902
191,0.91256,10.3867,-0.925164
189,0.91256,10.3867,-0.925164
191,-1.77976,12.6884,-2.12641
189,-1.77976,12.6884,-2.12641
191,3.63541,12.8715,-0.420642
189,3.63541,12.8715,-0.420642
191,6.48537,14.9474,-2.11286
189,6.48537,14.9474,-2.11286
191,4.89612,11.1561,-4.59963
189,4.89612,11.1561,-4.59963
191,0.859314,14.8656,-3.11927
189,0.859314,14.8656,-3.11927
191,0.542028,10.4896,-0.908932
189,0.542028,10.4896,-0.908932
191,6.82941,15.3966,-2.23257
189,6.82941,15.3966,-2.23257
191,1.66378,12.8917,1.11872
189,1.66378,12.8917,1.11872
191,4.94815,11.2038,-4.64856
189,4.94815,11.2038,-4.64856
191,-1.11114,12.8688,-2.31783
189,-1.11114,12.8688,-2.31783
191,1.46671,9.85268,-1.89602
189,1.46671,9.85268,-1.89602
191,-2.11327,10.9198,-2.87457
189,-2.11327,10.9198,-2.87457
191,-2.22055,10.8991,-2.2251
189,-2.22055,10.8991,-2.2251
191,-2.91283,12.754,-0.185796
189,-2.91283,12.754,-0.185796
191,5.20684,11.9236,-1.84654
189,5.20684,11.9236,-1.84654
191,-2.3765,10.9911,-2.92521
189,-2.3765,10.9911,-2.92521
191,9.25709,17.7175,-0.0836538
189,9.25709,17.7175,-0.0836538
191,-1.21732,11.9896,-3.17012
189,-1.21732,11.9896,-3.17012
191,3.82123,11.7638,-1.07737
189,3.82123,11.7638,-1.07737
191,-0.296494,9.98692,-2.96562
188,-0.296494,9.98692,-2.96562
191,-0.0833495,11.5172,-1.37002
188,-0.0833495,11.5172,-1.37002
191,-1.24889,13.1547,-2.39251
188,-1.24889,13.1547,-2.39251
191,0.466872,10.2209,-0.853154
188,0.466872,10.2209,-0.853154
191,0.579102,10.5679,-0.951128
188,0.579102,10.5679,-0.951128
191,0.476239,12.3952,0.935262
188,0.476239,12.3952,0.935262
191,-1.07447,11.9359,-4.09533
188,-1.07447,11.9359,-4.09533
191,-2.29039,9.96279,-2.38382
188,-2.29039,9.96279,-2.38382
191,7.0687,13.138,-1.96931
188,7.0687,13.138,-1.96931
191,0.138753,9.86861,-2.37267
188,0.138753,9.86861,-2.37267
191,-1.36155,13.0199,-3.82055
188,-1.36155,13.0199,-3.82055
191,2.61594,12.5245,0.105334
186,2.61594,12.5245,0.105334
191,1.01802,9.91616,-2.58189
186,1.01802,9.91616,-2.58189
191,-0.575823,12.7634,-1.86219
185,-0.575823,12.7634,-1.86219
191,7.12951,26.7885,-4.14349
185,7.12951,26.7885,-4.14349
191,0.184263,9.66384,-2.51587
185,0.184263,9.66384,-2.51587
191,0.291504,11.6521,-1.23838
183,0.291504,11.6521,-1.23838
191,-1.75756,11.0439,0.203243
183,-1.75756,11.0439,0.203243
191,2.4486,12.586,-0.0607267
61,2.4486,12.586,-0.0607267
192,-0.192047,6.12636,0.42875
192,0.153393,6.54485,0.500965
192,0.481381,7.084,-0.440221
192,0.477693,7.08797,-0.43739
192,-1.81486,10.2209,0.660934
192,-0.374144,10.1892,-0.245663
192,2.32488,9.17055,-1.76221
192,1.20292,9.67094,-1.02675
192,1.25395,9.72068,-1.0785
192,0.938277,9.86834,-0.956845
192,2.47009,9.2543,-1.86145
192,0.708353,9.9955,-0.856375
192,2.64629,9.32437,-1.69615
192,-0.123827,10.5135,-0.128704
192,2.53096,9.34322,-1.89721
192,1.02466,10.0032,-0.934705
192,1.00428,10.0454,-0.919016
192,0.486593,10.1717,-0.876685
192,2.51978,9.44931,-1.76824
192,2.53041,9.44968,-1.76604
192,2.54836,9.40452,-1.88968
192,0.932463,10.1159,-0.84005
192,0.934432,10.1215,-0.844027
192,0.427496,10.1962,-0.929081
192,0.457172,10.1845,-0.945609
192,1.14652,10.0225,-1.03602
192,1.03749,10.125,-0.887538
192,2.64043,9.4853,-1.83421
192,0.425686,10.3052,-0.807009
192,0.588115,10.234,-0.939784
192,1.24601,10.1529,-0.836262
192,-0.075978,9.68371,-2.8164
192,0.472172,10.3307,-0.824694
192,1.29131,10.1675,-0.866138
192,-0.0458976,9.63956,-2.94494
192,0.571785,10.2783,-0.968624
192,0.875518,10.2701,-0.869687
192,0.85515,10.2786,-0.869292
192,-0.104236,9.73276,-2.81984
192,0.592608,10.3094,-0.968837
192,1.40287,10.1969,-0.924519
192,0.514072,9.82352,-2.37571
192,-1.55742,10.7861,-0.906447
192,0.92348,10.2464,-1.11504
192,-1.56653,10.7835,-0.957623
192,1.28646,10.277,-0.879461
192,-0.0161811,10.3807,-1.27754
192,-1.68074,10.8293,-0.968144
192,2.56319,9.57222,-2.16605
192,0.483746,9.87094,-2.43477
192,-2.08739,10.9316,-0.923779
192,-2.48035,11.0304,-0.863292
192,-2.26882,10.3108,-2.68204
192,1.60222,10.0005,-1.55322
192,0.569714,9.89549,-2.41693
192,-1.87563,10.928,-0.917104
192,1.26204,10.3468,-0.888879
192,-2.00039,10.9733,-0.878721
192,-2.2161,10.3057,-2.76003
192,-1.76398,10.114,-3.08726
192,-1.64502,10.9062,-0.963904
192,-2.67768,10.9121,-1.47325
192,-2.6825,10.9094,-1.48648
192,1.53998,10.1834,-1.33283
192,1.61394,10.2943,-1.04653
192,-0.704364,9.96279,-3.10194
192,-0.103887,9.96438,-2.83643
192,-0.275092,10.0191,-2.7933
192,1.66817,10.338,-0.993158
192,1.38226,9.72989,-2.76132
192,-2.27555,11.1403,-0.881701
192,3.29873,9.35305,-2.81408
192,-0.0508281,9.99273,-2.82494
192,-1.48951,11.0013,-0.887596
192,1.52887,10.1899,-1.52896
192,0.836652,9.97222,-2.48655
192,-0.33592,10.065,-2.83696
192,-0.338419,10.0704,-2.84768
192,-2.04307,10.3035,-3.09138
192,1.68798,10.4134,-1.018
192,1.41165,10.0881,-2.02496
192,-2.51395,11.0431,-1.4809
192,-2.20516,10.594,-2.54487
192,-0.340167,10.1868,-2.738
192,1.514,10.1881,-1.80376
192,1.61376,10.3257,-1.39043
192,1.60163,9.73755,-2.98681
192,1.52446,10.1354,-2.12687
192,0.900647,10.1207,-2.48203
192,1.51411,10.1382,-2.13278
192,-0.129307,11.2396,-0.0593363
192,0.915841,10.11,-2.54429
192,1.49538,10.1164,-2.31026
192,1.35301,10.1994,-2.19299
192,-0.784124,10.2905,-3.11097
192,1.4233,10.4413,-1.61842
192,-0.430867,10.2718,-3.01333
192,-0.780894,10.3004,-3.12806
192,-2.36903,10.948,-2.23512
192,-2.26735,11.2153,-1.48569
192,1.46061,10.3103,-2.12444
192,1.96133,10.7589,-0.692405
192,3.18356,9.85245,-2.60894
192,2.6474,10.4853,-1.27678
192,1.48838,10.4087,-2.20142
192,-2.13496,10.8304,-3.0567
192,-1.95101,10.7475,-3.20486
192,1.43918,10.447,-2.37957
192,2.41321,10.6466,-1.35974
192,2.03589,10.2871,-2.50771
192,2.39073,10.6494,-1.37691
192,3.29025,9.98054,-2.69793
192,-1.95607,10.7846,-3.25559
192,-2.16375,10.8811,-3.11867
192,-2.41629,11.3892,-1.9064
192,-0.579553,11.3754,-1.04685
192,-0.0872902,11.6734,-0.119828
192,0.773853,10.2285,-3.62781
192,-2.43142,11.4779,-1.94653
192,1.53846,10.7852,-1.80549
192,-2.44486,11.4921,-1.96221
192,1.58814,10.7582,-1.95088
192,1.5711,11.7105,0.511997
192,1.27076,10.6322,-2.51069
192,1.59795,10.7685,-1.99761
192,1.8143,10.2999,-3.18077
192,-1.20522,12.1014,0.00773287
192,-1.77754,11.2504,-2.8038
192,0.835844,11.2781,-1.48109
192,-0.774977,12.3501,0.526952
192,2.63528,10.133,-3.67333
192,-0.313006,11.984,-0.344913
192,0.928492,10.5255,-3.6348
192,0.0542604,10.956,-2.99415
192,0.169395,11.1186,-2.54634
192,-1.88084,11.2047,-3.35596
192,-1.12402,12.7499,1.11285
192,4.38048,10.858,-1.13696
192,1.70562,11.9734,0.449233
192,2.97204,12.051,1.25796
192,-1.91883,11.3982,-3.00899
192,2.76023,12.1242,1.26573
192,-0.637018,10.9767,-3.50392
192,1.59192,11.755,-0.325887
192,-1.86957,11.4299,-2.9364
192,1.75269,12.0394,0.449787
192,4.28009,10.951,-1.24163
192,-2.71888,12.6536,-0.263333
192,-1.52849,11.4278,-2.92549
192,-1.45277,12.299,-0.620634
192,-1.87816,11.5141,-2.96077
192,-0.789884,12.4947,0.154409
192,-1.92488,11.3551,-3.4679
192,-1.70293,11.3455,-3.40249
192,1.61219,11.7349,-0.785829
192,3.24801,10.7938,-2.53623
192,-0.749254,12.879,0.945361
192,-1.1699,12.7361,0.242138
192,-1.56445,11.4655,-3.36326
192,2.39631,11.6783,-0.826268
192,-1.17706,12.7949,0.239477
192,-0.774236,12.6836,0.125271
192,2.53557,10.9523,-2.82089
192,-0.63278,12.685,0.167529
192,-0.409351,11.3449,-3.40034
192,-0.995718,12.768,0.0660937
192,1.6806,11.9486,-0.804158
192,-1.58118,11.7773,-2.9519
192,3.30553,12.3385,0.977274
192,2.51822,11.0302,-2.92511
192,-1.2637,13.101,0.609464
192,-1.49574,12.7159,-0.74712
192,2.9587,11.5769,-1.63868
192,4.61806,11.3947,-1.37409
192,0.674639,13.0496,1.02053
192,5.27942,11.0879,-1.93683
192,2.59227,12.0893,-0.659039
192,0.573922,12.5624,-0.429961
192,1.42457,12.615,0.0895052
192,-1.23987,12.9255,-0.434713
192,3.02221,11.6504,-1.67461
192,3.18468,12.36,-2.78523
191,3.18468,12.36,-2.78523
192,3.39847,12.923,-2.97605
191,3.39847,12.923,-2.97605
192,0.890246,15.0036,-3.20087
191,0.890246,15.0036,-3.20087
192,0.979654,15.5192,-3.4212
191,0.979654,15.5192,-3.4212
192,0.638135,12.9143,-1.52611
191,0.638135,12.9143,-1.52611
192,-0.610547,12.1638,-1.29748
191,-0.610547,12.1638,-1.29748
192,6.41928,14.8553,-2.11254
191,6.41928,14.8553,-2.11254
192,3.01558,11.887,-2.06321
191,3.01558,11.887,-2.06321
192,3.0037,12.6085,-3.627
191,3.0037,12.6085,-3.627
192,5.30889,13.1261,-3.5775
191,5.30889,13.1261,-3.5775
192,1.54592,13.0158,0.0569682
191,1.54592,13.0158,0.0569682
192,5.30533,13.1093,-3.55459
191,5.30533,13.1093,-3.55459
192,3.04509,11.8462,-2.67978
191,3.04509,11.8462,-2.67978
192,5.4109,13.2384,-2.82386
191,5.4109,13.2384,-2.82386
192,1.10992,12.2375,-2.02215
191,1.10992,12.2375,-2.02215
192,4.07516,13.2708,0.27985
191,4.07516,13.2708,0.27985
192,3.32534,13.5549,1.18908
191,3.32534,13.5549,1.18908
192,8.22451,13.48,-1.57737
191,8.22451,13.48,-1.57737
192,0.587091,12.3895,-3.32656
191,0.587091,12.3895,-3.32656
192,-2.57506,12.4866,-2.49599
191,-2.57506,12.4866,-2.49599
192,3.07966,10.8416,-4.05786
191,3.07966,10.8416,-4.05786
192,3.53647,14.5544,-0.0154703
191,3.53647,14.5544,-0.0154703
192,2.91611,13.1656,1.35543
191,2.91611,13.1656,1.35543
192,-3.19935,13.1862,-0.454515
191,-3.19935,13.1862,-0.454515
192,-1.00863,10.2898,-3.0537
191,-1.00863,10.2898,-3.0537
192,5.88032,14.3547,-1.87617
191,5.88032,14.3547,-1.87617
192,-1.73221,13.962,-0.987504
191,-1.73221,13.962,-0.987504
192,-1.10738,11.9395,-0.277116
191,-1.10738,11.9395,-0.277116
192,2.62684,10.1693,-3.15144
190,2.62684,10.1693,-3.15144
192,0.563829,12.3997,-1.86424
190,0.563829,12.3997,-1.86424
192,-0.433721,12.735,-3.05059
190,-0.433721,12.735,-3.05059
192,2.13575,12.1003,0.0286857
190,2.13575,12.1003,0.0286857
192,1.0612,9.60538,-3.09343
190,1.0612,9.60538,-3.09343
192,1.00758,11.8217,-1.851
190,1.00758,11.8217,-1.851
192,-1.10105,12.2943,-1.6619
190,-1.10105,12.2943,-1.6619
192,0.602479,12.6283,-1.94598
190,0.602479,12.6283,-1.94598
192,0.356164,12.7838,-2.96737
190,0.356164,12.7838,-2.96737
192,-1.13669,12.6508,-3.02024
190,-1.13669,12.6508,-3.02024
192,-0.43844,12.5171,-2.92628
190,-0.43844,12.5171,-2.92628
192,5.23044,13.8359,-1.59682
190,5.23044,13.8359,-1.59682
192,-1.21031,12.4325,1.05313
190,-1.21031,12.4325,1.05313
192,0.933461,11.0602,-3.60005
190,0.933461,11.0602,-3.60005
192,0.311949,12.8125,0.540065
190,0.311949,12.8125,0.540065
192,-0.0394585,11.391,0.988441
190,-0.0394585,11.391,0.988441
192,-1.77501,10.7699,-3.22762
190,-1.77501,10.7699,-3.22762
192,9.08835,18.072,-0.0913153
190,9.08835,18.072,-0.0913153
192,7.35281,17.8147,-0.540355
190,7.35281,17.8147,-0.540355
192,-2.88649,13.2735,-2.74428
190,-2.88649,13.2735,-2.74428
192,-3.66238,14.5018,-0.644606
190,-3.66238,14.5018,-0.644606
192,5.86178,15.1465,-2.89906
190,5.86178,15.1465,-2.89906
192,-2.48348,11.0994,-2.29071
190,-2.48348,11.0994,-2.29071
192,2.69801,12.7155,-1.0252
189,2.69801,12.7155,-1.0252
192,9.788,21.4589,-0.324764
189,9.788,21.4589,-0.324764
192,8.55141,15.6788,1.29518
189,8.55141,15.6788,1.29518
192,5.30884,14.2458,-2.70858
189,5.30884,14.2458,-2.70858
192,-1.973,13.0318,0.407277
189,-1.973,13.0318,0.407277
192,2.61202,13.0645,-0.590779
188,2.61202,13.0645,-0.590779
192,1.20109,9.55403,-2.65582
188,1.20109,9.55403,-2.65582
192,-0.676795,12.6546,-0.91406
188,-0.676795,12.6546,-0.91406
192,3.03786,11.9629,0.0852482
188,3.03786,11.9629,0.0852482
192,-2.16838,10.9062,-2.51975
188,-2.16838,10.9062,-2.51975
192,3.53664,12.8581,0.833155
188,3.53664,12.8581,0.833155
192,3.33329,12.3668,-0.122191
186,3.33329,12.3668,-0.122191
192,1.00966,9.97838,-2.63574
186,1.00966,9.97838,-2.63574
192,-0.0192966,13.3039,-1.96404
184,-0.0192966,13.3039,-1.96404
193,-0.240787,6.58217,0.297862
193,-0.418146,6.6898,0.285279
193,-0.222128,8.14907,-0.218843
193,-0.225278,8.52567,-0.517823
193,-0.274618,8.90499,-0.458776
193,2.23179,9.17685,-1.71486
193,2.23681,9.21874,-1.66872
193,2.26446,9.18874,-1.74641
193,2.23108,9.27398,-1.70024
193,1.25994,9.72464,-1.11669
193,2.31813,9.368,-1.73608
193,1.00403,9.93395,-0.912599
193,0.987789,9.99409,-0.897626
193,1.14722,10.0164,-1.02834
193,1.17646,10.0947,-0.81367
193,1.1602,10.1024,-0.844861
193,0.146138,9.60792,-2.73693
193,0.90046,9.61224,-2.36018
193,0.14006,9.61398,-2.73548
193,0.367687,10.2824,-0.835123
193,0.418644,10.2333,-0.961488
193,1.36947,10.0794,-0.95517
193,-1.52973,10.603,-0.896576
193,0.958225,10.1521,-0.97742
193,1.44275,9.99189,-1.24177
193,0.918657,9.67861,-2.42994
193,0.852905,10.2052,-0.995839
193,0.913249,9.69911,-2.40293
193,0.264601,10.3239,-0.958524
193,0.240565,9.83167,-2.36565
193,0.28361,9.82951,-2.35369
193,0.205943,9.82507,-2.41188
193,0.402382,10.3575,-0.855243
193,0.450272,9.82146,-2.35466
193,0.602681,10.3073,-0.969184
193,1.24539,10.1705,-1.061
193,0.142167,9.90314,-2.37273
193,-1.34458,10.7076,-0.819577
193,-1.3241,10.6823,-0.906962
193,-1.43925,10.7506,-0.825376
193,1.6072,9.94987,-1.6296
193,1.61532,9.95531,-1.6245
193,1.6174,9.97574,-1.57694
193,0.288905,9.9065,-2.42572
193,1.65444,10.0905,-1.25909
193,1.61235,9.96524,-1.63547
193,1.61065,9.99538,-1.56632
193,0.512267,9.88598,-2.41922
193,-0.01456,9.98672,-2.40264
193,1.43446,9.98122,-1.71599
193,0.249404,10.4498,-1.01133
193,0.196126,9.96501,-2.41366
193,0.896897,10.3314,-1.04278
193,0.815569,9.89835,-2.32039
193,0.00508586,10.4058,-1.28885
193,0.554965,9.91768,-2.40702
193,-1.58787,10.8122,-0.921481
193,-0.0906494,9.99256,-2.59471
193,-0.102797,9.94215,-2.74582
193,-0.140525,10.0019,-2.62368
193,0.177761,10.0169,-2.44329
193,-1.48326,10.8722,-0.832556
193,1.5033,10.1278,-1.50072
193,1.64875,10.2937,-0.970806
193,-1.62545,10.8884,-0.915027
193,-1.46412,10.8857,-0.859073
193,-2.53206,11.0561,-0.898449
193,-0.150167,10.0396,-2.64392
193,1.40533,9.99787,-2.04519
193,0.586607,9.98812,-2.4954
193,1.66863,9.93483,-2.12409
193,-1.49527,10.9346,-0.875732
193,-0.317405,10.1094,-2.65703
193,-1.40403,10.9118,-0.957176
193,0.857433,10.0488,-2.35669
193,-2.27315,11.0832,-1.02739
193,-0.194825,10.0176,-3.03423
193,0.870362,10.031,-2.48176
193,0.941503,10.0972,-2.28287
193,1.52552,10.2134,-1.74786
193,-0.224424,10.0514,-3.05896
193,2.05997,9.80045,-2.67978
193,-0.34867,10.1896,-2.77416
193,0.860855,10.0962,-2.46368
193,-2.04491,11.4552,-0.0806259
193,1.44697,9.87428,-2.89754
193,-0.429096,10.299,-2.63009
193,1.53657,10.2689,-1.79664
193,1.45219,10.1125,-2.2912
193,1.72377,10.5082,-1.05809
193,0.883543,10.1417,-2.50632
193,1.52642,10.1595,-2.14966
193,1.48838,10.2904,-1.86833
193,3.10555,9.71656,-2.78454
193,1.37526,10.22,-2.20939
193,-2.459,11.1649,-1.44277
193,1.56791,10.2148,-2.19349
193,1.51541,10.331,-1.90673
193,1.40632,10.2401,-2.22572
193,1.47838,9.92688,-3.07935
193,-2.21865,10.7387,-2.58515
193,-2.67595,10.9159,-2.32875
193,-2.40399,11.1424,-1.5875
193,-2.39584,11.1559,-1.60042
193,2.33848,11.0693,0.424197
193,2.09753,10.0421,-2.61218
193,-0.376222,10.4402,-2.83885
193,1.60986,10.2589,-2.40421
193,-1.90338,10.63,-3.13144
193,2.33999,10.5384,-1.3346
193,2.04415,10.1715,-2.56636
193,-1.34703,10.5301,-3.26312
193,-2.32135,11.0516,-2.26766
193,-2.32444,11.3511,-1.5456
193,1.60383,10.5811,-1.83176
193,1.54402,10.654,-1.8916
193,-2.41644,11.2325,-2.40523
193,1.29902,10.2772,-3.37429
193,2.94962,10.4024,-2.27914
193,-0.461089,10.6828,-3.19629
193,2.62161,11.3174,0.0342618
193,3.57794,10.0978,-2.98173
193,-1.18205,12.0115,0.0154092
193,-0.478471,10.6825,-3.42819
193,3.47643,10.1418,-3.15637
193,-0.395087,11.5117,-1.31068
193,2.47982,10.9279,-1.61092
193,4.12638,10.8036,-1.17096
193,-1.22092,12.515,1.0638
193,-1.22931,12.5286,1.06834
193,-2.15887,12.4069,0.259548
193,2.90621,10.8841,-1.63182
193,4.14375,10.7691,-1.39379
193,1.41283,10.8652,-2.60611
193,0.957311,10.5745,-3.65889
193,3.81666,10.133,-3.5388
193,2.91208,10.9669,-1.64436
193,-1.81602,11.3633,-2.88414
193,-1.46881,11.39,-2.88102
193,-0.127112,11.0457,-3.21656
193,-1.50081,11.396,-2.90215
193,-1.19164,12.7864,1.12055
193,-0.598238,12.6435,0.954488
193,-0.975889,12.7239,0.963081
193,-0.567756,11.1243,-3.41773
193,-1.12229,12.8461,1.12614
193,0.113179,11.113,-3.17891
193,1.64001,11.8645,-0.350635
193,4.40661,11.0639,-1.28322
193,-2.56406,11.8351,-2.49566
193,-1.53746,11.5647,-2.82465
193,-1.06249,12.8807,1.06234
193,-0.400475,11.2213,-3.31104
193,-2.39216,11.8146,-2.67461
193,-0.551769,11.1738,-3.68929
193,3.32521,10.8977,-2.6044
193,3.16396,12.2029,0.975836
193,0.519321,12.6129,0.832645
193,2.55959,10.996,-2.85486
193,-0.960099,12.639,0.0838204
193,-1.21252,12.8329,0.491174
193,-2.37501,11.8961,-2.77763
193,2.56171,11.0007,-2.94441
193,0.960422,11.7426,-1.6682
193,-0.700232,12.7116,0.169279
193,-1.12214,11.3921,-3.77408
193,3.02254,10.5967,-4.04181
193,-0.670245,12.8406,0.499967
193,0.586879,12.6634,0.568348
193,-2.64391,12.1907,-2.33778
193,0.509168,11.5209,-2.77362
193,-0.748495,12.7954,0.0984664
193,0.572883,12.7116,0.501147
193,0.625428,12.9395,0.9775
193,-0.551727,12.8521,0.0622642
193,-0.590941,12.8626,0.0677455
193,-1.11612,11.5779,-3.83036
193,-2.04773,11.768,-3.77575
193,-0.661078,12.7173,-0.426891
193,3.14351,10.7479,-4.18413
193,-1.119,11.6063,-3.84872
193,-0.826958,13.015,0.137276
193,0.592185,12.5769,-0.421613
193,2.61731,11.3026,-3.05251
193,-0.150483,13.2973,1.22532
193,3.11497,10.9062,-4.14436
193,4.44732,10.6787,-4.1437
193,0.288181,11.9705,-2.5528
193,1.10023,12.1314,-1.79058
193,0.512043,12.9233,0.108528
193,-0.337187,10.1906,-2.74105
192,-0.337187,10.1906,-2.74105
193,1.24934,10.1567,-0.839602
192,1.24934,10.1567,-0.839602
193,3.69865,26.0573,-11.8044
192,3.69865,26.0573,-11.8044
193,3.06162,11.8756,-2.69844
192,3.06162,11.8756,-2.69844
193,3.01552,22.843,-9.72166
192,3.01552,22.843,-9.72166
193,-1.04133,12.2391,-4.30413
192,-1.04133,12.2391,-4.30413
193,1.25534,10.1781,-0.846718
192,1.25534,10.1781,-0.846718
193,3.46622,12.312,-1.24412
192,3.46622,12.312,-1.24412
193,3.58174,12.5526,-1.16189
192,3.58174,12.5526,-1.16189
193,-1.1865,12.9778,-1.89979
192,-1.1865,12.9778,-1.89979
193,3.09715,13.5971,0.0654305
192,3.09715,13.5971,0.0654305
193,4.1423,13.3657,0.251562
192,4.1423,13.3657,0.251562
193,0.355863,13.3566,-0.109737
192,0.355863,13.3566,-0.109737
193,5.61088,12.3331,-1.98587
192,5.61088,12.3331,-1.98587
193,3.16407,12.1165,-2.81761
192,3.16407,12.1165,-2.81761
193,7.64038,13.6759,-2.16427
192,7.64038,13.6759,-2.16427
193,1.52755,10.1392,-2.13026
192,1.52755,10.1392,-2.13026
193,-2.92518,12.2039,-0.504031
192,-2.92518,12.2039,-0.504031
193,1.11522,12.3139,-2.05894
192,1.11522,12.3139,-2.05894
193,-3.64633,19.251,-4.73772
192,-3.64633,19.251,-4.73772
193,6.82519,16.4825,-3.35611
192,6.82519,16.4825,-3.35611
193,0.918017,10.3856,-3.07963
191,0.918017,10.3856,-3.07963
193,3.53793,12.7117,-0.393803
191,3.53793,12.7117,-0.393803
193,0.550608,10.8902,0.470958
191,0.550608,10.8902,0.470958
193,2.43179,12.0504,-0.312005
191,2.43179,12.0504,-0.312005
193,5.22142,12.9035,-3.66611
191,5.22142,12.9035,-3.66611
193,7.16656,16.316,0.081266
191,7.16656,16.316,0.081266
193,-0.453472,10.6228,-3.01973
191,-0.453472,10.6228,-3.01973
193,-1.7492,10.4842,-0.765669
191,-1.7492,10.4842,-0.765669
193,5.35146,12.0411,-1.89622
191,5.35146,12.0411,-1.89622
193,2.23911,11.6943,0.164331
191,2.23911,11.6943,0.164331
193,5.28313,13.8228,-1.59422
191,5.28313,13.8228,-1.59422
193,-2.53838,10.5859,-1.61756
191,-2.53838,10.5859,-1.61756
193,7.03832,15.4768,0.0685404
191,7.03832,15.4768,0.0685404
193,0.126202,9.76818,-2.29899
191,0.126202,9.76818,-2.29899
193,2.06656,12.1463,-0.196842
189,2.06656,12.1463,-0.196842
193,2.36707,11.2568,-3.69747
189,2.36707,11.2568,-3.69747
193,1.58435,9.62093,-2.60634
189,1.58435,9.62093,-2.60634
193,2.41592,12.7787,-0.0255727
189,2.41592,12.7787,-0.0255727
193,-1.5153,11.3237,-2.92384
189,-1.5153,11.3237,-2.92384
193,1.62862,9.79298,-2.05424
189,1.62862,9.79298,-2.05424
193,4.97758,11.4061,-1.30155
189,4.97758,11.4061,-1.30155
193,2.27879,12.7575,0.588565
188,2.27879,12.7575,0.588565
193,-1.28537,12.7313,-3.64852
188,-1.28537,12.7313,-3.64852
193,2.04165,12.6828,0.444466
188,2.04165,12.6828,0.444466
193,-0.030006,6.8908,0.207301
188,-0.030006,6.8908,0.207301
193,1.21482,10.0925,-1.03489
188,1.21482,10.0925,-1.03489
193,1.31797,12.2893,0.524313
188,1.31797,12.2893,0.524313
193,2.08106,12.2679,0.575432
188,2.08106,12.2679,0.575432
193,0.271111,12.5118,-0.0460031
188,0.271111,12.5118,-0.0460031
193,1.48482,12.8317,0.53703
188,1.48482,12.8317,0.53703
193,0.520177,12.2484,-1.38779
186,0.520177,12.2484,-1.38779
193,0.731125,13.8761,-4.21004
186,0.731125,13.8761,-4.21004
193,1.66047,9.80936,-2.80997
186,1.66047,9.80936,-2.80997
193,11.5674,20.5041,-0.264574
186,11.5674,20.5041,-0.264574
193,-0.0581303,9.55125,-0.563455
185,-0.0581303,9.55125,-0.563455
193,0.131445,12.8722,-2.34038
184,0.131445,12.8722,-2.34038
193,-0.170865,9.47361,-0.559398
184,-0.170865,9.47361,-0.559398
193,-4.47064,19.7607,-2.10173
184,-4.47064,19.7607,-2.10173
194,-0.149121,6.56277,0.295284
194,-0.17717,6.66831,0.244521
194,-0.304153,7.33563,0.0301623
194,-0.16279,8.66578,-0.479761
194,2.23132,9.12665,-1.70255
194,2.28597,9.12831,-1.73572
194,-0.372597,10.0497,-0.699285
194,1.18656,9.71437,-0.822471
194,0.707397,9.96143,-0.870091
194,2.66359,9.32641,-1.74623
194,0.981575,9.92387,-0.87633
194,2.3761,9.39709,-1.74846
194,0.982613,9.94822,-0.896564
194,2.50637,9.35979,-1.86684
194,0.894744,10.0028,-0.803691
194,0.992199,9.9575,-0.891193
194,0.998353,9.97951,-0.836046
194,0.982404,9.97848,-0.889011
194,2.7355,9.33877,-1.86889
194,1.30846,9.8562,-1.13675
194,2.35338,9.46117,-1.7714
194,2.54515,9.39093,-1.88881
194,0.990273,9.99496,-0.902957
194,1.1931,9.96301,-0.907461
194,2.76841,9.36371,-1.90265
194,0.712243,10.0974,-0.826765
194,1.21247,9.97261,-0.931185
194,0.45384,10.139,-0.917865
194,0.211304,10.2179,-0.824656
194,1.43766,9.95149,-1.23205
194,0.267798,10.2643,-0.94963
194,0.20656,9.83106,-2.4185
194,0.466806,10.2353,-0.952841
194,0.483146,10.2104,-1.07047
194,0.922385,9.69279,-2.47659
194,0.989707,9.65123,-2.57335
194,0.613981,9.71309,-2.62352
194,0.979804,9.66719,-2.5725
194,0.222003,10.3422,-0.860572
194,1.36711,10.0975,-0.96878
194,2.73346,9.53206,-1.95448
194,1.57452,9.91409,-1.44219
194,0.557097,10.2827,-0.89226
194,0.625642,9.72996,-2.64404
194,0.934296,9.73002,-2.51179
194,1.61455,10.0062,-1.22352
194,2.77955,9.60202,-1.81332
194,1.58689,9.94653,-1.4479
194,0.860035,10.2243,-1.00884
194,0.513494,9.86519,-2.40566
194,0.181505,9.94382,-2.38453
194,1.46967,10.055,-1.26346
194,-0.323183,9.96097,-2.70122
194,1.59691,9.95917,-1.53068
194,1.44599,10.0205,-1.44164
194,0.298924,9.93519,-2.44416
194,0.880027,10.3044,-0.891519
194,1.41183,10.0933,-1.27274
194,-1.59467,10.7927,-0.898559
194,1.62948,10.0655,-1.24505
194,0.196567,9.9971,-2.41746
194,-1.86021,10.8581,-0.917479
194,0.616943,10.3809,-0.924025
194,1.08001,9.80593,-2.50245
194,0.60208,9.91793,-2.45167
194,1.4018,10.1767,-1.11557
194,0.613409,10.3701,-0.992491
194,3.24929,9.32396,-2.7556
194,0.618783,10.4001,-0.923798
194,-0.0110671,10.0559,-2.44671
194,0.594524,9.94849,-2.4394
194,-1.44484,10.799,-0.972939
194,0.5586,10.4275,-0.939322
194,-1.63218,10.8469,-0.950943
194,-0.16993,10.0476,-2.63493
194,1.45554,10.0138,-1.74104
194,1.62434,10.0321,-1.58425
194,0.596566,10.4199,-1.01531
194,0.605514,9.97228,-2.46445
194,1.59325,10.2522,-1.00514
194,1.58157,9.92272,-2.1088
194,1.60539,10.1698,-1.31078
194,1.64538,10.2714,-0.96327
194,-1.47138,10.8732,-0.994614
194,0.595805,10.013,-2.51604
194,-2.24779,11.0832,-0.855895
194,1.60152,9.9761,-2.06327
194,0.666531,10.445,-1.18127
194,-2.17724,11.0852,-0.967746
194,1.64141,10.332,-1.04629
194,-0.142657,10.2154,-2.67403
194,-0.314345,11.0963,-0.018202
194,0.884364,10.1236,-2.49312
194,-2.45227,11.1075,-1.39537
194,-2.36514,10.7833,-2.41082
194,-2.40398,10.8282,-2.34876
194,-2.44491,11.1343,-1.42594
194,-2.37785,11.0886,-1.55943
194,0.258317,10.7238,-1.12136
194,1.57324,10.1516,-2.20822
194,0.921192,10.1838,-2.53366
194,0.885346,10.5368,-1.42354
194,1.47484,10.1506,-2.35919
194,3.27907,9.67239,-2.82364
194,1.54703,10.2167,-2.17564
194,1.51026,9.99232,-3.01598
194,-2.44099,10.9171,-2.49831
194,1.58201,10.2478,-2.22064
194,2.30872,11.0058,0.501393
194,1.36339,10.3458,-2.23005
194,0.501792,10.8093,-1.29559
194,-2.23064,11.0501,-2.32148
194,-2.32233,11.3262,-1.54246
194,-2.3288,11.3266,-1.57754
194,1.61978,10.314,-2.51729
194,2.26925,10.0616,-3.01137
194,0.28041,11.0142,-1.22892
194,-2.13806,10.9863,-2.93807
194,1.43406,10.4768,-2.37604
194,1.54273,10.5466,-2.29402
194,0.916321,10.3807,-3.23039
194,2.41073,10.1729,-3.11916
194,1.49684,11.3734,0.131688
194,0.540765,11.8092,0.89455
194,1.33133,10.6282,-2.45201
194,-2.4917,11.5735,-2.00814
194,2.69194,11.3293,0.347835
194,1.34773,10.7311,-2.5717
194,1.39365,10.77,-2.55162
194,2.26806,10.6213,-2.77667
194,-2.44248,11.6245,-2.56279
194,-1.19144,12.5503,1.1737
194,-1.85037,11.4112,-2.93844
194,1.60011,11.6978,0.112049
194,4.69859,10.552,-1.71095
194,-1.25251,12.6053,1.07604
194,-1.09663,12.6261,1.0974
194,1.44993,10.9895,-2.675
194,1.70001,12.0901,0.985334
194,1.62394,11.7072,-0.352867
194,-0.979085,12.6211,0.955833
194,-0.573039,12.5618,0.939476
194,-0.966359,12.4115,0.188228
194,-1.55086,11.4518,-3.37083
194,1.58947,11.6618,-0.758028
194,2.49574,10.8734,-2.77122
194,2.96158,12.0415,1.26359
194,2.50866,10.8825,-2.88036
194,-0.407239,11.3059,-3.36438
194,-0.594638,12.677,0.94763
194,4.38529,11.0716,-1.2714
194,-1.11598,12.8955,1.08542
194,-1.09443,12.9002,1.05293
194,-0.804199,12.6798,0.491827
194,2.83727,12.2499,1.28665
194,0.94762,11.7239,-1.66918
194,-0.753217,12.8805,0.976942
194,1.35731,12.3367,0.524158
194,1.34899,12.3468,0.527036
194,0.560443,12.6813,1.01477
194,-0.815321,12.8307,0.508402
194,-1.19142,12.8363,0.250199
194,-0.589408,12.9431,0.956244
194,-0.825545,12.8765,0.503869
194,0.98308,11.8662,-1.69935
194,-1.02735,12.559,-0.711767
194,2.65257,11.1704,-3.00882
194,-0.59384,12.7532,0.0555432
194,-1.94891,12.7779,-0.736706
194,3.05133,10.8111,-3.99386
194,-0.612136,12.336,-1.34096
194,0.522831,12.2547,-0.902886
194,0.581806,12.8651,1.03193
194,-0.108883,13.0647,1.17674
194,3.22154,12.3111,0.809895
194,0.610504,12.9297,1.03051
194,-3.24329,13.2707,-0.461952
194,3.30448,12.4251,0.816478
194,0.624814,13.011,1.011
194,2.70105,11.358,-3.1093
194,-2.81026,12.5971,-2.53714
194,-1.01841,11.8029,-4.00025
194,0.587172,12.63,-0.433937
194,-0.575595,12.7641,-0.74263
194,-0.655513,13.064,0.0306027
194,-3.35166,13.4554,-0.495092
194,0.592551,12.6078,-0.932262
194,-0.508697,12.6396,-1.63705
194,5.21055,12.9219,-3.66528
193,5.21055,12.9219,-3.66528
194,0.129183,6.87205,-0.161364
193,0.129183,6.87205,-0.161364
194,3.34656,12.1404,-1.06417
193,3.34656,12.1404,-1.06417
194,1.17905,10.1053,-0.820564
193,1.17905,10.1053,-0.820564
194,0.596771,12.6992,0.573036
193,0.596771,12.6992,0.573036
194,5.37893,14.0617,-1.63515
193,5.37893,14.0617,-1.63515
194,5.67622,14.8966,-2.69612
193,5.67622,14.8966,-2.69612
194,3.66006,12.985,-1.62154
193,3.66006,12.985,-1.62154
194,3.5468,12.4606,-1.14085
193,3.5468,12.4606,-1.14085
194,-1.3165,12.9585,-3.78839
193,-1.3165,12.9585,-3.78839
194,2.9936,11.7634,-2.64988
193,2.9936,11.7634,-2.64988
194,-1.18014,12.0214,0.00835842
193,-1.18014,12.0214,0.00835842
194,-0.409987,14.6425,1.10957
193,-0.409987,14.6425,1.10957
194,7.48511,14.5945,1.23378
193,7.48511,14.5945,1.23378
194,5.88535,15.1996,-2.83058
193,5.88535,15.1996,-2.83058
194,2.82129,13.7,1.4276
193,2.82129,13.7,1.4276
194,3.11267,15.6366,1.66085
193,3.11267,15.6366,1.66085
194,-1.00786,16.5603,1.78555
193,-1.00786,16.5603,1.78555
194,4.05294,15.8951,-2.10969
193,4.05294,15.8951,-2.10969
194,-2.78991,15.6305,1.48686
193,-2.78991,15.6305,1.48686
194,3.56647,14.7108,0.0101186
193,3.56647,14.7108,0.0101186
194,-1.02913,12.2463,-4.28257
193,-1.02913,12.2463,-4.28257
194,0.82046,14.2506,-0.0658528
193,0.82046,14.2506,-0.0658528
194,1.86925,10.2246,-2.34295
193,1.86925,10.2246,-2.34295
194,4.79582,18.2288,-0.548645
193,4.79582,18.2288,-0.548645
194,4.10176,13.3473,-1.41804
193,4.10176,13.3473,-1.41804
194,3.88717,13.0342,-1.37932
193,3.88717,13.0342,-1.37932
194,5.6803,13.5501,-3.98637
193,5.6803,13.5501,-3.98637
194,1.56512,10.6813,-1.92881
193,1.56512,10.6813,-1.92881
194,5.32897,13.1115,-3.71391
193,5.32897,13.1115,-3.71391
194,-3.42012,15.8165,1.51927
193,-3.42012,15.8165,1.51927
194,0.596017,12.1343,-3.1476
193,0.596017,12.1343,-3.1476
194,0.315505,20.5794,0.463281
193,0.315505,20.5794,0.463281
194,1.86611,15.7376,1.02778
193,1.86611,15.7376,1.02778
194,-1.09303,13.5987,-0.940191
193,-1.09303,13.5987,-0.940191
194,-0.650153,12.5566,-1.37737
192,-0.650153,12.5566,-1.37737
194,0.624806,12.795,-1.49562
192,0.624806,12.795,-1.49562
194,1.41651,10.098,-2.03283
192,1.41651,10.098,-2.03283
194,3.53348,12.745,-1.45026
192,3.53348,12.745,-1.45026
194,-0.659776,12.8578,-3.54427
192,-0.659776,12.8578,-3.54427
194,4.90946,13.9952,0.0908363
192,4.90946,13.9952,0.0908363
194,-0.643454,13.0355,0.138912
192,-0.643454,13.0355,0.138912
194,-1.46269,11.4586,-3.35553
192,-1.46269,11.4586,-3.35553
194,-1.04257,12.6285,-2.16607
192,-1.04257,12.6285,-2.16607
194,1.54334,10.7951,-1.81341
192,1.54334,10.7951,-1.81341
194,4.59007,13.9216,1.71599
192,4.59007,13.9216,1.71599
194,6.36353,14.7959,-2.04624
192,6.36353,14.7959,-2.04624
194,7.71558,14.1678,-1.01302
192,7.71558,14.1678,-1.01302
194,2.39286,11.5844,1.01477
192,2.39286,11.5844,1.01477
194,-1.2365,12.4783,-3.47981
192,-1.2365,12.4783,-3.47981
194,-2.65459,11.9634,-0.27744
192,-2.65459,11.9634,-0.27744
194,5.35486,13.1493,-2.80355
191,5.35486,13.1493,-2.80355
194,2.7789,10.2174,-3.19117
191,2.7789,10.2174,-3.19117
194,-0.135996,9.91817,-2.57061
191,-0.135996,9.91817,-2.57061
194,3.61809,11.8437,-0.942878
191,3.61809,11.8437,-0.942878
194,0.872722,9.77074,-0.844075
191,0.872722,9.77074,-0.844075
194,8.18107,16.9177,-0.0368067
191,8.18107,16.9177,-0.0368067
194,1.62974,11.9783,0.91674
191,1.62974,11.9783,0.91674
194,0.663053,13.0456,0.0260227
191,0.663053,13.0456,0.0260227
194,5.76711,13.6848,-3.02267
191,5.76711,13.6848,-3.02267
194,1.30324,10.0785,-0.917246
191,1.30324,10.0785,-0.917246
194,1.02626,10.0501,-2.7691
191,1.02626,10.0501,-2.7691
194,0.793471,10.9914,-3.25309
191,0.793471,10.9914,-3.25309
194,-5.47742,19.9058,-1.00711
191,-5.47742,19.9058,-1.00711
194,0.548132,13.3461,-2.52345
191,0.548132,13.3461,-2.52345
194,8.27534,14.7507,-1.11006
191,8.27534,14.7507,-1.11006
194,2.40238,11.396,-3.78861
189,2.40238,11.396,-3.78861
194,1.12561,13.7837,-4.21481
189,1.12561,13.7837,-4.21481
194,1.40564,9.65801,-2.44067
189,1.40564,9.65801,-2.44067
194,1.84287,9.63861,-2.65055
189,1.84287,9.63861,-2.65055
194,1.15426,13.9257,-4.28915
189,1.15426,13.9257,-4.28915
194,0.301039,12.4019,-2.12302
189,0.301039,12.4019,-2.12302
194,2.5568,10.4436,-1.4029
189,2.5568,10.4436,-1.4029
194,-2.41305,10.8429,-2.1977
189,-2.41305,10.8429,-2.1977
194,7.24779,15.3183,-0.00432196
189,7.24779,15.3183,-0.00432196
194,-1.21132,12.5416,-0.21257
188,-1.21132,12.5416,-0.21257
194,-0.499009,9.89273,-0.768946
188,-0.499009,9.89273,-0.768946
194,1.3532,10.1348,-0.964571
188,1.3532,10.1348,-0.964571
194,3.23445,12.2884,-0.633816
186,3.23445,12.2884,-0.633816
194,-1.30442,12.7992,-0.0562776
186,-1.30442,12.7992,-0.0562776
194,0.385123,16.6117,-2.99923
185,0.385123,16.6117,-2.99923
194,-0.665856,11.8412,-1.37378
185,-0.665856,11.8412,-1.37378
194,0.385123,16.6117,-2.99923
185,0.385123,16.6117,-2.99923
194,2.82919,12.5589,-0.657494
185,2.82919,12.5589,-0.657494
194,-0.0916828,9.83341,-0.796634
184,-0.0916828,9.83341,-0.796634
194,-0.244132,9.59037,-0.707357
184,-0.244132,9.59037,-0.707357
195,-0.00859877,6.34937,0.322054
195,0.902601,9.71497,-0.909325
195,2.20754,9.21435,-1.6912
195,1.20303,9.74972,-0.837409
195,2.52264,9.19996,-1.62098
195,2.51191,9.20867,-1.64311
195,2.54814,9.21017,-1.67943
195,2.24323,9.3039,-1.68838
195,0.719301,9.98345,-0.866286
195,2.4752,9.29883,-1.59682
195,2.53512,9.30332,-1.63872
195,2.30602,9.39075,-1.70566
195,0.997166,9.99725,-0.911085
195,-1.58278,10.7191,-0.909143
195,0.998124,10.0161,-0.919174
195,2.54429,9.35852,-1.70936
195,-1.62127,10.7164,-1.01893
195,2.55434,9.38712,-1.6588
195,-1.60231,10.7163,-1.02525
195,2.50961,9.39603,-1.7092
195,1.16091,10.0384,-0.80212
195,0.785718,10.1212,-0.909548
195,2.71724,9.31134,-1.86676
195,0.196666,9.83289,-2.44301
195,2.62066,9.30799,-1.9809
195,2.62699,9.30932,-1.98917
195,-1.58142,10.7735,-0.952266
195,1.08129,9.57718,-2.53357
195,1.21088,10.0226,-0.9354
195,-1.4158,10.7777,-0.827253
195,-1.38168,10.7649,-0.847021
195,1.16649,10.0776,-0.820083
195,1.18529,10.0818,-0.826938
195,1.13936,9.68331,-2.22626
195,-1.36531,10.7139,-1.0743
195,2.52036,9.44398,-1.77143
195,2.5424,9.44816,-1.7672
195,1.27927,10.0665,-0.867226
195,1.14683,9.70396,-2.20989
195,-1.66038,10.8212,-1.04698
195,0.654158,10.2139,-0.980641
195,-1.37925,10.7503,-1.06533
195,-1.40283,10.7593,-1.08621
195,1.16331,10.0744,-1.06236
195,0.520245,9.86026,-2.39837
195,0.499917,10.3189,-0.874656
195,-1.59837,10.8727,-0.948372
195,0.189253,9.96307,-2.38709
195,0.520856,9.87371,-2.39481
195,-0.0099038,10.0211,-2.42372
195,0.229855,9.96082,-2.4212
195,1.09081,10.1728,-0.921179
195,0.443778,10.3826,-0.842192
195,-0.0108093,10.04,-2.43097
195,2.65049,9.50867,-1.85652
195,0.337387,9.96855,-2.44736
195,0.4622,10.3418,-1.10084
195,0.643313,10.342,-0.941
195,-1.44388,10.8723,-1.11038
195,0.610997,10.3688,-0.915691
195,0.857609,10.2728,-1.02568
195,2.6442,9.49135,-2.01403
195,0.301593,9.99767,-2.4831
195,0.571595,9.93167,-2.46516
195,0.942097,10.2614,-1.02922
195,1.62188,10.0216,-1.23515
195,0.948513,10.2785,-1.03557
195,-1.51431,10.9653,-1.02508
195,0.350154,10.4953,-0.903574
195,1.46543,10.0578,-1.35242
195,1.50117,10.0884,-1.29851
195,1.58864,10.0135,-1.51471
195,1.40442,10.2141,-1.01551
195,1.60869,10.0939,-1.27733
195,1.42718,10.1088,-1.49986
195,1.62173,10.038,-1.57326
195,-0.129799,10.2319,-2.67886
195,1.46042,10.0764,-1.76151
195,-0.470656,10.862,-0.911691
195,1.67836,9.95384,-2.1109
195,1.37892,10.2238,-1.5277
195,1.57597,10.2127,-1.3935
195,1.58274,10.2185,-1.39457
195,1.70716,9.99017,-2.13512
195,0.458337,10.63,-1.24487
195,1.66934,10.3713,-0.998282
195,2.55803,9.857,-1.93019
195,1.8156,9.81559,-2.84389
195,1.67909,10.3987,-1.02111
195,2.97545,9.62974,-2.42133
195,0.46512,10.6709,-1.25484
195,0.923962,10.1729,-2.51717
195,1.8643,9.82853,-2.82582
195,2.10197,10.2362,-1.31258
195,1.73443,10.0851,-2.21153
195,4.33221,9.66055,-1.24441
195,1.36859,10.1966,-2.18484
195,1.78889,10.0818,-2.2337
195,1.54656,9.95638,-2.93827
195,2.64721,9.96608,-2.00638
195,1.46399,10.1802,-2.38701
195,1.50339,10.2052,-2.34718
195,1.44947,10.2998,-2.13369
195,2.15254,10.3329,-1.38121
195,1.59693,10.2356,-2.22664
195,1.56833,10.2493,-2.21731
195,3.28499,9.62745,-2.74583
195,4.3599,9.79066,-1.26362
195,1.51586,10.126,-2.84436
195,-0.680814,11.2037,-1.25198
195,1.58217,10.3091,-2.25702
195,4.43354,9.8392,-1.28239
195,1.04159,10.7117,-1.49659
195,2.28556,10.4379,-1.30995
195,1.5736,10.2186,-2.7397
195,1.46475,11.2487,0.537955
195,1.35635,10.4409,-2.35056
195,1.6524,10.2095,-2.91569
195,1.64622,10.2109,-2.91901
195,2.74981,10.1363,-2.33591
195,4.55483,9.9475,-1.32567
195,0.427413,11.0782,-1.37892
195,2.80432,10.2004,-2.14151
195,1.26144,10.5397,-2.4376
195,2.33458,10.0744,-3.03338
195,-1.83699,11.3049,-2.87539
195,3.40158,9.91077,-2.83345
195,1.76902,10.3899,-2.75409
195,4.5973,9.98823,-1.54411
195,1.78438,10.404,-2.77036
195,1.35778,10.653,-2.45322
195,2.86368,10.2918,-2.44306
195,1.36059,10.7029,-2.5077
195,2.11674,10.4805,-2.6366
195,-1.82928,12.6448,0.941773
195,4.70553,10.1066,-1.61566
195,4.7569,10.1052,-1.62162
195,2.79416,10.7193,-1.36701
195,-0.120613,10.9943,-3.18469
195,2.9474,10.4367,-2.27563
195,1.4024,10.8103,-2.57026
195,-0.775865,12.4821,0.940302
195,-1.1839,12.6668,1.05653
195,2.20209,10.6136,-2.73151
195,-0.97366,12.5922,0.96302
195,3.62253,10.1491,-3.03159
195,1.02072,10.7909,-3.32587
195,3.05,10.5375,-2.3586
195,4.01582,10.6663,-1.11457
195,1.95316,10.5993,-3.42171
195,0.532916,11.78,-0.779754
195,2.27935,10.7064,-2.80868
195,-0.607291,12.0213,-1.22353
195,2.93695,10.9272,-1.64917
195,-0.534482,12.3941,0.0764821
195,-1.86555,12.5336,-0.690125
195,-0.363593,11.3325,-3.40742
195,-0.575386,12.6974,0.947764
195,2.99929,10.9774,-1.61091
195,-0.580895,12.7233,0.920698
195,3.65932,10.3404,-3.26985
195,-0.6613,12.9141,1.01105
195,5.27259,10.5315,-1.59846
195,-1.19873,12.8649,0.250158
195,1.32739,12.2658,0.51334
195,2.88825,11.7566,0.14876
195,1.63832,11.8155,-0.812126
195,2.84241,12.1379,1.30449
195,-0.587071,11.9571,-2.48284
195,1.33678,12.3289,0.509636
195,-0.621595,12.3463,-1.31665
195,3.10159,11.1914,-1.76832
195,-1.22228,12.9844,0.251962
195,3.06736,12.0314,0.97669
195,2.56881,11.0292,-2.88406
195,2.72266,11.3201,-1.83109
195,2.88622,12.2256,1.31801
195,-1.02223,12.7389,-0.767682
195,0.573146,12.8533,1.005
195,-0.246541,13.1472,1.16057
195,1.35647,12.5278,0.526566
195,2.60018,11.1455,-2.98355
195,2.57392,11.1576,-3.0055
195,-0.124177,13.155,1.18358
195,3.21186,11.3467,-1.82292
195,2.93426,11.4886,-1.60841
195,2.96146,12.368,1.36582
195,3.14206,12.1589,0.774094
195,4.038,10.6077,-3.68659
195,3.18027,12.2049,0.798713
195,-0.137521,13.2937,1.19309
195,3.2349,11.4564,-1.88195
195,-2.66694,12.7533,-2.97767
195,2.65295,11.2874,-3.07709
195,3.10327,12.1577,0.23128
195,4.53848,11.3089,-1.35951
195,0.314905,12.8531,-0.0788219
195,0.616698,12.5192,-0.93772
195,-2.27536,13.7676,0.415093
195,1.04835,12.2089,-1.86444
195,1.17858,11.5419,-4.09017
195,0.547342,13.26,0.991564
195,0.611653,12.0503,-3.0859
195,1.02874,13.2113,1.17832
195,4.9854,11.4075,-1.28937
195,3.46895,12.4591,0.738238
195,3.05352,12.7967,1.36521
195,0.577779,13.3984,1.03343
195,3.06583,11.9009,-2.71148
193,3.06583,11.9009,-2.71148
195,5.55838,14.6866,-1.66297
193,5.55838,14.6866,-1.66297
195,5.22532,12.9329,-3.67851
193,5.22532,12.9329,-3.67851
195,0.228005,10.2362,-0.946519
193,0.228005,10.2362,-0.946519
195,1.61895,9.98942,-1.64737
193,1.61895,9.98942,-1.64737
195,0.554515,12.3971,-0.414666
193,0.554515,12.3971,-0.414666
195,-1.11596,12.6031,-2.98179
193,-1.11596,12.6031,-2.98179
195,4.34132,13.6977,0.235616
193,4.34132,13.6977,0.235616
195,0.549423,26.5728,0.378158
193,0.549423,26.5728,0.378158
195,3.15787,12.336,-2.77843
193,3.15787,12.336,-2.77843
195,2.26078,13.1777,1.34071
193,2.26078,13.1777,1.34071
195,5.97753,13.8601,-3.04534
193,5.97753,13.8601,-3.04534
195,-1.10168,12.4999,-2.93369
193,-1.10168,12.4999,-2.93369
195,-2.94066,13.1743,-2.73599
193,-2.94066,13.1743,-2.73599
195,1.00082,10.5834,-2.82312
193,1.00082,10.5834,-2.82312
195,2.73176,11.3413,-0.149719
192,2.73176,11.3413,-0.149719
195,3.10933,11.8237,-1.74651
192,3.10933,11.8237,-1.74651
195,4.74369,11.3906,-4.40294
192,4.74369,11.3906,-4.40294
195,0.852967,8.85638,0.476238
192,0.852967,8.85638,0.476238
195,5.4044,14.3496,-2.72223
192,5.4044,14.3496,-2.72223
195,0.72207,10.2207,-2.78258
192,0.72207,10.2207,-2.78258
195,-0.42353,12.6263,-2.99226
192,-0.42353,12.6263,-2.99226
195,1.40462,12.5193,0.0905675
192,1.40462,12.5193,0.0905675
195,0.913656,12.7429,0.348544
192,0.913656,12.7429,0.348544
195,-1.16365,13.7075,-2.17077
192,-1.16365,13.7075,-2.17077
195,1.19476,11.2068,-3.40172
192,1.19476,11.2068,-3.40172
195,7.70981,14.1701,-1.02174
192,7.70981,14.1701,-1.02174
195,-1.34015,12.8868,-3.76571
192,-1.34015,12.8868,-3.76571
195,6.98165,12.5912,-2.00407
192,6.98165,12.5912,-2.00407
195,2.84566,11.9979,-0.0474328
191,2.84566,11.9979,-0.0474328
195,2.43345,10.8169,0.217618
191,2.43345,10.8169,0.217618
195,1.22067,9.60264,-1.07089
191,1.22067,9.60264,-1.07089
195,2.12856,10.3027,-1.78041
191,2.12856,10.3027,-1.78041
195,5.53232,14.4897,-2.79799
191,5.53232,14.4897,-2.79799
195,0.857655,14.3487,-4.47448
191,0.857655,14.3487,-4.47448
195,1.41195,12.5922,0.100458
191,1.41195,12.5922,0.100458
195,0.471418,12.9271,0.123392
189,0.471418,12.9271,0.123392
195,0.659404,12.391,-3.30701
189,0.659404,12.391,-3.30701
195,0.122517,13.104,-0.193167
189,0.122517,13.104,-0.193167
195,3.12445,12.5913,0.374489
189,3.12445,12.5913,0.374489
195,0.108455,12.3175,-1.39214
189,0.108455,12.3175,-1.39214
195,0.519387,12.6456,0.740285
189,0.519387,12.6456,0.740285
195,2.1895,12.5032,0.577637
189,2.1895,12.5032,0.577637
195,1.19839,9.93175,-0.798398
189,1.19839,9.93175,-0.798398
195,3.81427,12.8771,-1.35904
189,3.81427,12.8771,-1.35904
195,8.48351,16.8109,-0.0852421
189,8.48351,16.8109,-0.0852421
195,0.319244,12.1737,-2.07268
188,0.319244,12.1737,-2.07268
195,2.19931,12.5907,0.581235
188,2.19931,12.5907,0.581235
195,0.920521,12.7057,0.966398
188,0.920521,12.7057,0.966398
195,6.4297,15.1257,1.2173
188,6.4297,15.1257,1.2173
195,7.88957,16.9206,2.1966
188,7.88957,16.9206,2.1966
195,0.991397,10.0739,-0.869746
186,0.991397,10.0739,-0.869746
195,1.70911,11.3757,-1.31738
186,1.70911,11.3757,-1.31738
195,0.988328,11.5836,-4.14037
186,0.988328,11.5836,-4.14037
195,0.96287,11.5236,-4.08891
186,0.96287,11.5236,-4.08891
195,6.70136,15.4687,1.23331
186,6.70136,15.4687,1.23331
195,0.159918,12.8362,-1.53664
185,0.159918,12.8362,-1.53664
195,0.0358895,10.0425,-0.851997
184,0.0358895,10.0425,-0.851997
195,0.0324023,10.037,-0.849784
184,0.0324023,10.037,-0.849784
195,0.0642182,10.0875,-0.869979
184,0.0642182,10.0875,-0.869979
195,0.606312,15.5155,-2.81724
184,0.606312,15.5155,-2.81724
196,0.0451022,6.90692,0.371
196,0.627383,6.95054,0.494584
196,0.627468,6.94961,0.470038
196,0.627788,6.95188,0.471798
196,-0.0659587,10.174,0.213558
196,2.20313,9.09477,-1.68297
196,0.736547,9.99932,-0.89272
196,0.712251,10.0161,-0.912123
196,0.693218,10.0822,-0.929968
196,0.359182,10.2973,-0.848024
196,2.22881,9.24186,-1.72505
196,0.691714,10.1432,-0.949237
196,2.23954,9.2631,-1.67203
196,0.783502,10.1227,-0.977899
196,1.03215,10.0417,-0.940181
196,1.02136,10.0657,-0.921075
196,-0.672614,11.358,0.827132
196,1.01191,10.0675,-0.933651
196,2.26746,9.302,-1.67371
196,1.01486,10.0723,-0.932981
196,1.18291,10.0574,-0.807376
196,-0.0190671,10.0014,-2.42844
196,1.02901,10.1102,-0.87308
196,2.27277,9.3183,-1.72541
196,1.04484,10.0865,-0.948024
196,1.26912,10.0109,-0.921836
196,0.958164,10.1684,-0.861839
196,0.230087,9.94945,-2.36865
196,0.456941,10.3827,-0.856319
196,2.51565,9.2821,-1.62555
196,0.845728,10.2236,-0.872717
196,1.02971,10.1363,-0.910705
196,0.536752,10.3134,-0.999748
196,0.99639,9.67173,-2.33383
196,0.559131,10.3154,-0.978962
196,-0.387755,10.9369,-0.304759
196,1.25359,10.0498,-0.939007
196,0.192548,9.97938,-2.409
196,1.13324,9.5421,-2.59005
196,0.496994,9.86062,-2.42884
196,0.198645,9.98833,-2.41342
196,1.17956,10.133,-0.832789
196,1.18081,10.1317,-0.836482
196,1.2313,10.0703,-0.96242
196,0.489641,10.3868,-0.925936
196,0.517923,10.3897,-0.89191
196,0.381111,10.4461,-0.891265
196,0.53269,10.3808,-0.909237
196,0.637967,10.3104,-1.00312
196,0.504523,9.87357,-2.43673
196,0.483583,9.89244,-2.40786
196,1.27192,10.1021,-0.861999
196,0.481804,10.4231,-0.872459
196,1.0776,10.1669,-0.918492
196,0.252059,9.97061,-2.47469
196,1.15641,10.1601,-0.8575
196,0.708994,10.3329,-0.89513
196,0.997097,10.2186,-0.897112
196,0.851802,10.272,-0.920342
196,0.526489,9.89096,-2.42185
196,0.863247,10.2591,-0.967363
196,1.23159,10.1525,-0.846306
196,0.612296,10.36,-0.98495
196,1.213,10.1613,-0.857415
196,0.610197,10.3599,-1.00429
196,0.613742,10.367,-0.98349
196,0.513043,10.4361,-0.902488
196,0.975118,9.66144,-2.61152
196,0.610481,10.3619,-1.00497
196,0.530855,9.91061,-2.44005
196,0.709065,10.3416,-0.979443
196,0.345307,9.97604,-2.50124
196,1.2383,10.1346,-0.976247
196,0.866117,10.2909,-0.974902
196,1.37052,10.0576,-1.05843
196,0.30986,10.0061,-2.49992
196,0.574945,9.92336,-2.46266
196,1.37122,9.89861,-1.60432
196,2.37791,9.35495,-1.99168
196,0.308062,10.0257,-2.51175
196,1.45666,9.99611,-1.26355
196,0.597941,9.96807,-2.44899
196,1.41314,10.1185,-1.07067
196,1.60475,10.0262,-1.1437
196,1.58504,9.95357,-1.3802
196,1.48292,9.97202,-1.50734
196,0.56614,10.5188,-1.04646
196,1.47425,10.0759,-1.29058
196,1.40828,10.0415,-1.47494
196,1.32939,10.0857,-1.4528
196,-0.351042,11.3178,0.0358375
196,2.59356,9.42884,-1.97359
196,1.60785,9.9842,-1.54042
196,1.38468,10.0139,-1.73415
196,1.4665,10.2059,-1.10382
196,1.59554,10.023,-1.50806
196,2.6162,9.44693,-1.98151
196,1.39947,10.0932,-1.55635
196,1.5847,10.2332,-0.960828
196,0.115536,10.2812,-2.5753
196,1.59659,10.2353,-0.950987
196,2.65637,9.47696,-1.90222
196,1.43983,10.0394,-1.74426
196,1.53727,9.96306,-1.87671
196,1.53652,10.1561,-1.33352
196,1.5857,10.0774,-1.51319
196,1.6056,10.1651,-1.25007
196,1.53627,10.0876,-1.57154
196,2.43625,9.65345,-1.80937
196,1.63577,10.0597,-1.58392
196,1.4638,10.1426,-1.57566
196,1.40215,10.1743,-1.61842
196,1.46697,10.3542,-1.07916
196,1.56182,10.1411,-1.60251
196,3.34262,8.96445,-2.91819
196,1.46472,10.1359,-1.74849
196,3.29266,9.01619,-2.8523
196,1.48792,10.1151,-1.80666
196,3.33386,8.98811,-2.90412
196,1.62586,10.2384,-1.29742
196,2.6766,9.55919,-2.04638
196,1.56296,10.2303,-1.42637
196,1.60785,9.97156,-2.14967
196,1.37929,10.1171,-2.05228
196,1.5603,10.2598,-1.46362
196,1.52292,9.82496,-2.78672
196,1.47911,9.87122,-2.72
196,-0.460076,11.5301,-0.204709
196,4.62385,8.62219,-2.63466
196,1.43358,10.1198,-2.0801
196,1.40603,10.1555,-2.03403
196,4.63802,8.62571,-2.64571
196,4.63112,8.63598,-2.65117
196,-0.435614,11.4465,-0.51112
196,4.73544,8.54733,-2.85464
196,1.58975,10.1011,-2.08123
196,-0.51915,11.5604,-0.34494
196,1.43875,10.1182,-2.28503
196,1.48519,10.2118,-1.96047
196,1.44796,9.89548,-2.9372
196,1.56005,9.8661,-2.9181
196,1.44778,9.91811,-2.95981
196,0.869037,10.2571,-2.74221
196,1.46381,10.1657,-2.33213
196,1.3816,10.2405,-2.23941
196,0.937524,10.3182,-2.54988
196,-0.921278,12.2717,0.923761
196,1.47676,10.1827,-2.34259
196,1.49793,10.3134,-1.95631
196,1.59196,10.403,-1.63342
196,1.56113,10.2314,-2.22719
196,3.47663,9.18082,-3.05174
196,1.46371,10.3242,-2.16115
196,1.1934,10.381,-2.33253
196,1.81769,10.1588,-2.25768
196,2.24632,10.3341,-1.25739
196,4.2019,9.57595,-1.19032
196,5.02951,9.21857,-1.40389
196,1.58827,10.1304,-2.84322
196,1.57791,10.3363,-2.29039
196,3.03144,9.69143,-2.45643
196,1.53781,10.1851,-2.91681
196,1.59226,10.1948,-2.85085
196,-0.508217,12.0523,0.0193019
196,2.3453,10.5068,-1.34215
196,3.12743,9.78903,-2.53911
196,1.34988,10.5691,-2.39546
196,4.33228,9.7763,-1.23818
196,1.29961,10.6588,-2.54938
196,5.37027,9.42794,-1.51732
196,2.38794,10.6585,-1.5372
196,-0.786692,12.8236,0.947784
196,2.49113,10.0933,-3.10951
196,3.28948,9.97737,-2.69533
196,2.91845,10.2971,-2.23496
196,2.4933,10.7608,-1.41872
196,1.41458,10.8152,-2.57694
196,3.99975,10.3285,-0.966212
196,2.1205,10.5288,-2.66724
196,1.2656,11.968,0.507901
196,1.28041,11.971,0.50525
196,2.56013,10.1997,-3.20766
196,2.1486,10.5616,-2.68888
196,1.42891,10.9074,-2.61705
196,3.90795,10.4614,-1.06292
196,-1.2378,13.0235,0.239618
196,0.612312,11.9625,-0.717541
196,2.82651,10.2163,-3.19323
196,1.87301,10.6648,-3.31706
196,-1.03074,12.52,-1.39044
196,5.79157,9.69022,-1.6734
196,3.69829,9.97343,-3.35917
196,-0.0544383,12.8049,0.358266
196,0.608506,12.4356,0.0245791
196,2.53463,10.9635,-2.2166
196,-0.971096,12.4529,-2.11099
196,3.76589,10.0671,-3.43862
196,2.27575,12.2373,1.09077
196,1.67485,11.8544,-0.828146
196,-0.170622,13.2961,1.16194
196,1.00388,11.8471,-1.74751
196,2.79414,11.2405,-1.48831
196,0.098142,12.1735,-2.01626
196,4.14199,10.8163,-1.16569
196,2.43687,10.9597,-2.86768
196,-0.105136,13.4299,1.26723
196,2.42152,11.7021,-0.811754
196,5.75866,10.054,-1.67975
196,2.44095,11.718,-0.820626
196,2.8262,11.3624,-1.51222
196,-0.330118,13.5927,1.22376
196,1.02398,12.0117,-1.80512
196,5.84397,10.1031,-1.7046
196,2.45653,11.787,-0.909142
196,-1.01583,12.804,-2.2569
196,-1.2667,12.922,-2.25196
196,-1.01063,12.8253,-2.23172
196,-0.776645,13.4463,-0.1565
196,4.31337,11.0297,-1.26141
196,3.20529,12.2297,0.793645
196,6.02693,10.2342,-1.76414
196,2.51928,11.9579,-0.944395
196,3.20837,12.4484,1.29683
196,-0.87371,14.1349,1.24914
196,0.64125,12.0341,-3.08372
196,3.27316,12.4248,0.967138
196,0.624244,13.0658,-0.510954
196,5.47829,10.7004,-1.68155
196,6.21085,10.3533,-1.8425
196,2.54794,12.9748,1.17921
196,3.28974,12.3849,0.160748
196,1.52214,9.80964,-1.3823
194,1.52214,9.80964,-1.3823
196,1.47798,9.99275,-0.912619
194,1.47798,9.99275,-0.912619
196,4.55326,14.1324,-1.73556
194,4.55326,14.1324,-1.73556
196,0.659378,13.6222,-2.63429
194,0.659378,13.6222,-2.63429
196,3.55044,11.1234,-0.987405
194,3.55044,11.1234,-0.987405
196,3.21155,12.2895,-1.05657
194,3.21155,12.2895,-1.05657
196,1.58929,15.7792,-5.40925
194,1.58929,15.7792,-5.40925
196,5.04334,20.501,1.56437
194,5.04334,20.501,1.56437
196,4.17231,13.5325,-1.4036
194,4.17231,13.5325,-1.4036
196,3.28663,9.69616,-2.8304
194,3.28663,9.69616,-2.8304
196,3.49449,11.0506,-0.962418
194,3.49449,11.0506,-0.962418
196,0.55798,12.7449,-2.26511
194,0.55798,12.7449,-2.26511
196,0.92065,9.68047,-2.45665
194,0.92065,9.68047,-2.45665
196,11.1551,17.6536,-1.63487
194,11.1551,17.6536,-1.63487
196,0.479546,12.2385,0.882033
194,0.479546,12.2385,0.882033
196,3.40168,12.3265,0.725179
194,3.40168,12.3265,0.725179
196,9.99087,18.5821,-0.116488
194,9.99087,18.5821,-0.116488
196,1.60032,15.8666,-5.44854
194,1.60032,15.8666,-5.44854
196,3.29715,12.6006,-2.91645
194,3.29715,12.6006,-2.91645
196,3.97559,13.2037,-1.31487
194,3.97559,13.2037,-1.31487
196,4.70965,21.9602,2.88908
194,4.70965,21.9602,2.88908
196,2.87101,12.511,1.08423
194,2.87101,12.511,1.08423
196,2.70425,12.7385,0.552448
194,2.70425,12.7385,0.552448
196,1.56584,15.657,-5.33289
194,1.56584,15.657,-5.33289
196,0.334153,11.4033,-1.17931
194,0.334153,11.4033,-1.17931
196,2.94268,11.8297,-2.63517
194,2.94268,11.8297,-2.63517
196,1.54818,12.7588,1.17073
194,1.54818,12.7588,1.17073
196,2.71706,12.1928,1.04983
194,2.71706,12.1928,1.04983
196,3.03428,13.4648,1.31174
194,3.03428,13.4648,1.31174
196,2.99868,13.4376,0.0580823
194,2.99868,13.4376,0.0580823
196,7.16931,12.5533,-1.24466
194,7.16931,12.5533,-1.24466
196,1.56631,9.87135,-1.48735
194,1.56631,9.87135,-1.48735
196,1.40968,14.1132,1.3905
194,1.40968,14.1132,1.3905
196,1.66604,12.599,1.11343
194,1.66604,12.599,1.11343
196,0.812219,13.7566,-4.13362
194,0.812219,13.7566,-4.13362
196,1.60358,9.94875,-1.52825
194,1.60358,9.94875,-1.52825
196,1.18672,14.3446,1.29234
194,1.18672,14.3446,1.29234
196,0.155853,14.2171,0.372281
194,0.155853,14.2171,0.372281
196,11.3443,20.2981,-0.242917
194,11.3443,20.2981,-0.242917
196,1.14544,8.79735,-1.86871
193,1.14544,8.79735,-1.86871
196,2.95948,11.722,-0.266636
193,2.95948,11.722,-0.266636
196,10.4498,19.1254,-0.145565
193,10.4498,19.1254,-0.145565
196,9.89879,18.4575,-0.104276
193,9.89879,18.4575,-0.104276
196,0.365645,10.2324,-0.826616
193,0.365645,10.2324,-0.826616
196,5.57076,15.7495,0.178472
193,5.57076,15.7495,0.178472
196,5.05028,11.3107,-4.73664
193,5.05028,11.3107,-4.73664
196,6.56812,12.6992,-1.8226
193,6.56812,12.6992,-1.8226
196,1.46807,14.5269,1.31265
193,1.46807,14.5269,1.31265
196,1.02693,10.0171,-2.68301
193,1.02693,10.0171,-2.68301
196,1.06541,12.0889,-1.93297
193,1.06541,12.0889,-1.93297
196,1.67855,10.2196,-1.33225
193,1.67855,10.2196,-1.33225
196,5.25596,13.813,-1.60368
193,5.25596,13.813,-1.60368
196,3.73965,12.8442,-0.940245
193,3.73965,12.8442,-0.940245
196,3.90916,13.1279,-1.00372
193,3.90916,13.1279,-1.00372
196,4.15169,10.801,-1.40667
193,4.15169,10.801,-1.40667
196,3.32247,12.1485,-0.728749
193,3.32247,12.1485,-0.728749
196,2.6386,12.5986,-0.995788
192,2.6386,12.5986,-0.995788
196,2.33753,12.1207,-0.831823
192,2.33753,12.1207,-0.831823
196,2.51973,13.1855,-0.721876
192,2.51973,13.1855,-0.721876
196,1.43414,12.6346,0.0828938
192,1.43414,12.6346,0.0828938
196,5.47046,11.7655,-5.19895
192,5.47046,11.7655,-5.19895
196,2.92314,10.9393,-1.44586
192,2.92314,10.9393,-1.44586
196,5.18085,15.2665,-1.85599
192,5.18085,15.2665,-1.85599
196,0.20773,13.297,-2.45553
192,0.20773,13.297,-2.45553
196,3.03455,12.691,-1.02793
191,3.03455,12.691,-1.02793
196,0.630175,10.2366,-0.907111
191,0.630175,10.2366,-0.907111
196,3.49398,12.768,0.825904
191,3.49398,12.768,0.825904
196,2.08285,12.5493,0.967568
191,2.08285,12.5493,0.967568
196,3.36556,12.674,-0.468085
191,3.36556,12.674,-0.468085
196,6.6268,13.0578,-0.801271
191,6.6268,13.0578,-0.801271
196,5.32037,15.4115,-2.04276
191,5.32037,15.4115,-2.04276
196,2.3095,12.6179,-0.625748
189,2.3095,12.6179,-0.625748
196,2.38892,12.5033,0.929865
189,2.38892,12.5033,0.929865
196,-1.30385,12.9121,-3.76675
189,-1.30385,12.9121,-3.76675
196,-0.643116,12.6471,0.530414
189,-0.643116,12.6471,0.530414
196,4.06488,13.3869,0.786442
189,4.06488,13.3869,0.786442
196,2.70979,12.4512,-0.883134
188,2.70979,12.4512,-0.883134
196,3.20979,12.2358,0.0579895
188,3.20979,12.2358,0.0579895
196,3.00335,12.3598,0.39148
188,3.00335,12.3598,0.39148
196,0.611122,10.2046,-0.976194
186,0.611122,10.2046,-0.976194
196,0.574524,12.6759,0.499488
186,0.574524,12.6759,0.499488
196,3.50032,13.0092,-3.121
185,3.50032,13.0092,-3.121
196,0.784883,10.6364,-1.07042
185,0.784883,10.6364,-1.07042
196,3.23357,12.3188,0.342665
64,3.23357,12.3188,0.342665
196,2.77622,12.8689,1.27435
64,2.77622,12.8689,1.27435
197,0.495204,7.29625,0.238571
197,0.361249,10.1093,-0.805162
197,0.361577,10.1897,-0.811005
197,0.706606,10.1491,-0.942951
197,1.02966,10.0313,-0.925413
197,1.00864,10.0474,-0.925624
197,1.01701,10.061,-0.928896
197,0.483936,10.3225,-0.980966
197,0.939137,10.1335,-0.85549
197,0.943427,10.133,-0.854005
197,0.469176,10.3858,-0.86304
197,1.04471,10.0658,-0.9417
197,0.975188,10.0979,-0.975071
197,0.981181,10.1839,-0.753143
197,0.945351,10.1616,-0.868016
197,0.451942,10.425,-0.883536
197,0.999851,9.61295,-2.26201
197,0.556099,10.3733,-0.907209
197,1.73115,10.0305,-0.231412
197,0.603092,10.3609,-0.933385
197,0.365288,10.4938,-0.913246
197,2.23354,9.22201,-1.71979
197,0.904586,10.2265,-0.919594
197,1.142,10.1339,-0.851423
197,0.98779,10.1642,-0.985719
197,1.07567,10.1402,-0.9286
197,0.604059,10.3935,-0.943369
197,0.937567,10.2021,-0.997681
197,0.642357,10.3543,-1.01953
197,1.25843,10.0884,-0.867981
197,1.15752,10.1428,-0.868875
197,2.23594,9.25276,-1.73592
197,1.19164,10.1444,-0.842373
197,0.979335,9.68965,-2.3491
197,1.19053,10.1552,-0.842728
197,0.987756,10.1992,-1.01873
197,0.896978,10.2611,-1.01065
197,1.35088,9.9408,-1.22668
197,0.905242,10.2638,-1.00387
197,3.13228,8.42994,-2.75148
197,1.29476,10.11,-0.88795
197,2.4411,9.24948,-1.56494
197,1.26892,10.094,-0.968504
197,1.27381,10.1294,-0.879338
197,0.863311,10.3102,-0.972367
197,1.26694,10.0903,-0.992157
197,1.26078,10.1686,-0.858358
197,1.1756,10.1362,-1.09326
197,1.24822,10.1413,-0.989605
197,1.24887,10.1916,-0.862043
197,2.47076,9.27615,-1.59245
197,1.44005,9.97006,-1.23572
197,1.25348,10.1726,-0.974072
197,4.42432,7.85831,-2.67138
197,0.579984,9.95335,-2.48829
197,4.17197,8.49781,-1.34357
197,4.44272,7.85246,-2.69098
197,1.46124,10.0089,-1.26308
197,1.38308,9.9808,-1.45191
197,1.62719,10.0239,-1.14538
197,1.56368,10.1565,-0.925473
197,1.61156,10.0183,-1.22728
197,1.58484,10.162,-0.941189
197,1.60662,10.0088,-1.42684
197,1.58407,10.2092,-0.952464
197,1.57994,10.1101,-1.26709
197,1.51573,9.9536,-1.8338
197,2.5242,9.45059,-1.76564
197,1.57506,10.1735,-1.32376
197,1.12033,9.95322,-2.62898
197,1.46351,10.192,-1.55064
197,1.45639,10.3745,-1.08666
197,0.498753,10.7994,-1.29689
197,-0.433211,11.596,-0.542297
197,3.32315,8.71023,-2.94023
197,1.4934,10.1303,-1.74064
197,1.56496,10.0334,-1.90031
197,2.57809,9.48105,-1.96176
197,1.48722,10.1445,-1.80006
197,1.5396,10.2205,-1.56994
197,2.43411,9.64391,-1.867
197,3.37288,8.73429,-2.98163
197,2.44507,9.66385,-1.86597
197,2.65654,9.48427,-2.04736
197,3.38682,8.7623,-3.0003
197,1.65826,10.0079,-2.12667
197,1.49804,10.2167,-1.83297
197,1.57497,10.1313,-1.95942
197,0.915967,10.2508,-2.56111
197,1.58108,10.1066,-2.03188
197,2.67023,9.55083,-2.02719
197,1.48203,10.2993,-1.75236
197,1.89762,9.71548,-2.7168
197,1.62015,10.0792,-2.16501
197,1.35615,10.2364,-2.14371
197,1.48314,10.3158,-1.76215
197,1.37837,10.2141,-2.20289
197,1.74761,10.2046,-1.71666
197,1.42252,10.2331,-2.09682
197,4.6751,8.28262,-2.72455
197,2.79704,9.56498,-2.02573
197,1.41802,10.2218,-2.26043
197,1.47079,10.1692,-2.32635
197,1.46598,10.2007,-2.26735
197,1.5478,10.191,-2.19022
197,2.04721,9.73628,-2.73234
197,1.58906,9.9537,-2.90855
197,1.38984,10.3053,-2.30546
197,2.83856,9.7034,-1.88665
197,1.55871,10.1843,-2.40863
197,1.54147,10.2346,-2.36409
197,1.69465,10.1877,-2.29122
197,1.57147,10.3221,-2.13035
197,1.74418,10.1913,-2.24709
197,1.47563,10.3655,-2.2188
197,1.53313,10.268,-2.4005
197,1.59016,10.2464,-2.43396
197,4.67031,8.50116,-2.78281
197,1.59485,10.2597,-2.42362
197,4.67776,8.48388,-2.85385
197,1.71063,10.257,-2.30371
197,1.63181,10.2864,-2.3537
197,5.19462,8.78516,-1.37473
197,1.71125,10.2646,-2.33894
197,1.58531,10.3689,-2.28907
197,1.48514,10.4564,-2.25122
197,4.72902,8.54738,-2.82797
197,1.60586,10.3212,-2.48907
197,4.67165,8.64739,-2.66309
197,3.71022,9.85982,-0.839376
197,2.2952,10.4287,-1.30568
197,4.76503,8.56264,-2.8691
197,2.39552,11.0592,0.408198
197,2.33189,10.4502,-1.30828
197,2.31489,10.4639,-1.29692
197,1.61978,10.3226,-2.67941
197,3.01529,9.69221,-2.42877
197,1.74459,10.2563,-2.71362
197,5.31987,8.86586,-1.4202
197,1.6033,10.3242,-2.73928
197,1.30115,10.5872,-2.48448
197,5.35963,8.88569,-1.43409
197,2.04614,10.1977,-2.60595
197,5.42468,8.88471,-1.46517
197,2.1455,10.1874,-2.65287
197,1.34196,10.6656,-2.51702
197,3.21812,9.59675,-2.76536
197,5.45641,8.94588,-1.48793
197,5.68776,8.8362,-1.51888
197,1.37411,10.7127,-2.55832
197,3.3019,9.62478,-2.75758
197,5.49332,8.95938,-1.49255
197,1.64356,11.7662,0.496368
197,1.39641,10.763,-2.52212
197,2.82068,10.2036,-2.11888
197,1.81735,10.3269,-3.19766
197,2.38089,10.1027,-3.06756
197,2.83341,10.228,-2.12952
197,1.87821,10.4546,-3.02847
197,1.43499,10.8535,-2.59398
197,5.81898,8.94057,-1.56278
197,2.75395,10.6596,-1.33262
197,5.23815,9.3291,-1.47116
197,-0.284259,13.2455,1.17913
197,1.88024,10.4739,-3.12675
197,1.25069,11.361,-1.7746
197,2.05416,10.6202,-2.64956
197,1.90409,10.5145,-3.25042
197,2.78743,10.7002,-1.56486
197,2.01867,10.6958,-2.6927
197,2.08435,10.6826,-2.66905
197,1.64768,11.8222,-0.356595
197,4.63804,9.89235,-1.35285
197,2.79074,10.7771,-1.59453
197,0.0232199,12.0897,-2.02549
197,2.11371,10.744,-2.68302
197,2.87278,10.8583,-1.42336
197,2.79929,10.8348,-1.60897
197,2.83938,10.8152,-1.61191
197,2.21312,10.7209,-2.80165
197,-0.390029,12.3568,-2.1154
197,2.82238,10.8564,-1.62081
197,2.2439,10.7331,-2.81186
197,2.15234,10.8978,-2.76829
197,1.63884,11.7827,-1.23321
197,3.67919,9.96133,-3.33741
197,2.93494,10.9991,-1.66305
197,-0.713918,13.1966,-0.970577
197,4.87574,10.0792,-1.44398
197,-1.03725,12.8851,-2.27034
197,3.53145,10.115,-3.46009
197,2.85348,12.285,1.25691
197,0.162652,12.4308,-2.1233
197,1.68503,11.9815,-1.29589
197,2.51109,10.9589,-2.85213
197,3.78828,10.0871,-3.4187
197,2.52866,10.9641,-2.91554
197,5.03746,10.2116,-1.51006
197,1.05601,12.1733,-1.86958
197,3.15809,12.1587,0.952743
197,1.42784,11.9799,-2.04937
197,5.42595,10.0769,-1.55066
197,2.56098,11.0596,-3.00514
197,2.90824,12.5059,1.25221
197,1.05702,13.4614,1.18659
197,2.61755,12.6739,1.23375
197,2.93502,11.4816,-1.56766
197,3.22131,12.3127,0.972563
197,4.33324,9.88289,-3.91076
197,1.49174,12.0736,-2.08547
197,2.55525,11.1695,-3.01096
197,1.11955,12.3455,-1.94452
197,1.07936,12.3776,-1.9458
197,3.0271,10.5806,-3.99984
197,3.2377,11.4377,-1.64742
197,5.79393,10.0769,-1.68768
197,3.29089,12.423,0.821681
197,3.10939,10.6965,-4.16265
197,1.15492,12.5427,-2.14159
197,3.48631,12.4373,0.731675
197,2.12649,13.3138,0.959875
197,9.92163,19.1634,-0.653272
195,9.92163,19.1634,-0.653272
197,1.30171,9.68795,-1.98687
195,1.30171,9.68795,-1.98687
197,3.39384,12.23,-0.883411
195,3.39384,12.23,-0.883411
197,4.06126,13.9503,0.0536117
195,4.06126,13.9503,0.0536117
197,4.72442,12.294,-2.34579
195,4.72442,12.294,-2.34579
197,5.646,12.3643,-2.02842
195,5.646,12.3643,-2.02842
197,3.94776,13.299,0.777036
195,3.94776,13.299,0.777036
197,9.51222,18.6355,-0.609857
195,9.51222,18.6355,-0.609857
197,1.5819,9.93427,-1.51325
195,1.5819,9.93427,-1.51325
197,1.15441,13.0355,-3.73455
195,1.15441,13.0355,-3.73455
197,8.99788,17.3637,-0.0513579
195,8.99788,17.3637,-0.0513579
197,6.58921,12.3782,-1.87178
195,6.58921,12.3782,-1.87178
197,1.82359,13.4007,1.18553
195,1.82359,13.4007,1.18553
197,1.55302,12.7313,0.979058
195,1.55302,12.7313,0.979058
197,0.519465,10.0388,-0.919375
195,0.519465,10.0388,-0.919375
197,1.73899,13.0305,1.14482
195,1.73899,13.0305,1.14482
197,0.769905,17.1161,-4.07837
195,0.769905,17.1161,-4.07837
197,0.226669,10.3549,-1.02205
195,0.226669,10.3549,-1.02205
197,5.69693,13.5858,-4.02038
195,5.69693,13.5858,-4.02038
197,5.23977,13.728,-1.58335
195,5.23977,13.728,-1.58335
197,1.51692,14.6675,1.44458
195,1.51692,14.6675,1.44458
197,7.42875,12.8304,-1.28351
195,7.42875,12.8304,-1.28351
197,3.25231,10.8847,-1.53567
195,3.25231,10.8847,-1.53567
197,3.40811,11.0414,-0.903656
195,3.40811,11.0414,-0.903656
197,3.02044,12.8811,1.13224
195,3.02044,12.8811,1.13224
197,0.958692,14.9282,-4.81939
195,0.958692,14.9282,-4.81939
197,2.13317,10.3955,-1.8296
195,2.13317,10.3955,-1.8296
197,9.13266,17.6015,-0.0714848
195,9.13266,17.6015,-0.0714848
197,1.13283,8.59748,-1.72075
194,1.13283,8.59748,-1.72075
197,3.39186,12.2208,-1.07283
194,3.39186,12.2208,-1.07283
197,7.19128,16.6589,-2.332
194,7.19128,16.6589,-2.332
197,1.35441,11.3913,-3.22088
194,1.35441,11.3913,-3.22088
197,2.47724,12.2343,-0.285538
194,2.47724,12.2343,-0.285538
197,3.71455,13.1699,0.308616
194,3.71455,13.1699,0.308616
197,2.93383,11.7141,-1.25375
194,2.93383,11.7141,-1.25375
197,5.82199,14.1153,-1.85759
194,5.82199,14.1153,-1.85759
197,10.224,22.2067,-0.276066
194,10.224,22.2067,-0.276066
197,3.14616,11.7966,-1.02026
194,3.14616,11.7966,-1.02026
197,3.96034,13.1799,-1.30328
194,3.96034,13.1799,-1.30328
197,2.99086,12.1625,-2.57972
194,2.99086,12.1625,-2.57972
197,2.70846,12.7503,0.553973
194,2.70846,12.7503,0.553973
197,2.83682,13.0186,1.24358
194,2.83682,13.0186,1.24358
197,0.463167,10.1597,-0.940317
194,0.463167,10.1597,-0.940317
197,0.305984,12.95,-0.088053
194,0.305984,12.95,-0.088053
197,1.58235,9.90311,-1.50498
194,1.58235,9.90311,-1.50498
197,1.66576,16.245,-5.68352
194,1.66576,16.245,-5.68352
197,0.352704,18.4773,0.299761
194,0.352704,18.4773,0.299761
197,1.90099,15.7624,1.36702
194,1.90099,15.7624,1.36702
197,0.47893,12.6752,-2.25504
194,0.47893,12.6752,-2.25504
197,1.19139,8.86794,-1.98723
193,1.19139,8.86794,-1.98723
197,2.04435,12.4021,0.821412
193,2.04435,12.4021,0.821412
197,3.4296,12.6551,0.0174775
193,3.4296,12.6551,0.0174775
197,2.19567,12.5337,0.435044
193,2.19567,12.5337,0.435044
197,3.01623,10.6074,-4.03775
193,3.01623,10.6074,-4.03775
197,0.761378,11.4097,-1.37001
193,0.761378,11.4097,-1.37001
197,3.98073,13.3316,-1.04679
193,3.98073,13.3316,-1.04679
197,1.6134,10.1548,-1.19269
193,1.6134,10.1548,-1.19269
197,2.8114,18.8775,1.43718
193,2.8114,18.8775,1.43718
197,1.31966,13.3436,0.851998
193,1.31966,13.3436,0.851998
197,3.59841,12.6118,-0.916448
192,3.59841,12.6118,-0.916448
197,3.0604,11.9034,-0.216862
192,3.0604,11.9034,-0.216862
197,1.31668,13.7529,-4.16385
192,1.31668,13.7529,-4.16385
197,2.19718,12.1099,0.183618
192,2.19718,12.1099,0.183618
197,3.487,12.8763,-0.598331
192,3.487,12.8763,-0.598331
197,0.992458,9.90947,-2.58389
192,0.992458,9.90947,-2.58389
197,6.69973,17.8104,-2.74308
192,6.69973,17.8104,-2.74308
197,3.37547,12.6722,-0.483628
191,3.37547,12.6722,-0.483628
197,3.64727,13.0852,-1.25977
191,3.64727,13.0852,-1.25977
197,3.31237,12.3971,0.0448993
188,3.31237,12.3971,0.0448993
197,0.594687,10.2953,-0.96115
185,0.594687,10.2953,-0.96115
198,0.983092,6.94948,0.445635
198,0.342559,10.2888,-0.843415
198,0.498234,10.2331,-0.844405
198,0.561076,10.2103,-0.90375
198,0.622542,10.1481,-0.963234
198,0.968069,10.0501,-0.825843
198,1.04074,10.0119,-0.863506
198,0.408662,10.4068,-0.991173
198,0.428027,10.4145,-0.97565
198,1.0432,10.1165,-0.906605
198,0.858617,10.2195,-0.943358
198,0.568921,10.3892,-0.998186
198,0.594077,10.3816,-1.0067
198,1.06637,10.1019,-0.971431
198,0.962484,10.2087,-0.884849
198,0.641033,10.3591,-1.02298
198,0.630999,10.3699,-1.03551
198,1.00522,10.1748,-0.99777
198,0.731964,10.3469,-0.997429
198,1.23124,10.1109,-0.825069
198,2.2355,9.10754,-1.69776
198,1.02826,10.1631,-1.05841
198,1.21785,10.0922,-0.964092
198,0.968458,10.2902,-0.905923
198,2.26954,9.13748,-1.71995
198,1.01729,10.2108,-1.08251
198,1.23303,10.2045,-0.875816
198,1.38698,9.99121,-1.24872
198,1.19789,10.1825,-1.11027
198,1.39526,10.0269,-1.22584
198,1.39486,10.0332,-1.23181
198,1.1909,10.2162,-1.11913
198,2.2739,9.26892,-1.75241
198,1.39224,10.0368,-1.26212
198,1.40881,9.99986,-1.32343
198,0.954967,9.75803,-2.53002
198,2.52945,9.21177,-1.64677
198,3.23708,8.23344,-2.87864
198,1.37248,10.1155,-1.2639
198,0.975489,9.79779,-2.55257
198,2.55258,9.21149,-1.64376
198,2.47274,9.27389,-1.64456
198,2.49496,9.28213,-1.5978
198,3.11792,8.40951,-2.72392
198,4.97221,7.78172,-1.52664
198,0.95766,9.83432,-2.5696
198,2.3079,9.35041,-1.75982
198,1.41405,10.234,-1.03383
198,1.56369,10.1826,-0.941963
198,1.62128,10.0176,-1.23641
198,1.40862,10.0515,-1.47508
198,1.1269,9.85215,-2.33711
198,1.59369,10.0389,-1.25852
198,1.14011,9.85716,-2.32373
198,3.13191,8.42961,-2.75044
198,1.48826,10.0722,-1.37203
198,2.37702,9.31935,-1.83772
198,1.42125,10.0825,-1.50281
198,1.51598,10.1121,-1.31409
198,2.40853,9.36202,-1.80436
198,2.48761,9.36163,-1.72512
198,1.59619,10.1222,-1.27961
198,2.54599,9.34523,-1.75007
198,1.4442,10.0522,-1.74732
198,2.50734,9.39265,-1.73989
198,5.14118,7.82779,-1.6093
198,1.4697,10.0725,-1.7694
198,4.57503,7.71329,-2.79236
198,1.65381,10.1277,-1.48149
198,2.46703,9.46528,-1.85184
198,4.4238,7.86704,-2.70536
198,1.43313,10.1388,-1.80894
198,1.38762,9.73476,-2.79578
198,2.72871,9.30863,-1.87431
198,1.44161,10.1471,-1.81559
198,2.55096,9.40504,-1.93277
198,0.851118,10.7473,-1.32402
198,4.63829,7.73006,-2.82333
198,4.49619,7.87587,-2.70833
198,2.55781,9.4424,-1.92191
198,2.58578,9.45048,-1.88556
198,2.58482,9.42049,-1.96978
198,1.41627,9.88914,-2.6466
198,1.44201,10.0456,-2.25529
198,1.39304,10.1601,-2.07623
198,1.58406,10.0952,-1.95843
198,1.45658,9.78413,-2.85053
198,1.45681,9.80575,-2.82151
198,4.54916,7.91714,-2.75447
198,1.4416,10.155,-2.09201
198,1.4763,9.81075,-2.83509
198,2.67774,9.46396,-1.92748
198,1.40481,10.1929,-2.0975
198,3.26627,8.64294,-2.97489
198,0.891975,10.2421,-2.78553
198,1.40525,9.87675,-2.88963
198,1.5235,10.1368,-2.14891
198,1.55062,10.1252,-2.15328
198,1.63425,10.0944,-2.17755
198,1.39339,10.2388,-2.22319
198,3.32381,8.67877,-3.02864
198,4.64516,7.9424,-2.84215
198,2.68553,9.54583,-2.06012
198,1.44327,10.294,-2.14409
198,3.34415,8.71613,-3.06043
198,1.55083,10.2211,-2.21151
198,1.67065,10.155,-2.26496
198,5.24961,8.2656,-1.52338
198,4.61508,8.18048,-2.68299
198,4.60341,8.70953,-1.51406
198,5.31171,8.25935,-1.53308
198,1.38143,10.4331,-2.26456
198,0.602087,12.3446,0.961198
198,1.61192,10.2733,-2.3439
198,5.36014,8.27228,-1.56344
198,1.68314,11.5873,0.70447
198,5.39271,8.28053,-1.57426
198,1.59267,10.2987,-2.46186
198,5.40803,8.32527,-1.52999
198,2.91819,9.56391,-2.30384
198,1.60215,10.3325,-2.45357
198,4.61961,8.3799,-2.6649
198,5.61164,8.24919,-1.55658
198,5.44127,8.35969,-1.55061
198,1.60264,10.3626,-2.46125
198,5.42041,8.37686,-1.55356
198,0.91898,11.2127,-1.51416
198,5.44554,8.37142,-1.54518
198,2.34483,10.5165,-1.34277
198,1.64961,11.7667,0.48386
198,0.564193,12.7134,0.995979
198,2.62525,10.451,-1.25346
198,1.75513,11.9256,0.857855
198,4.67141,8.50792,-2.77448
198,2.1002,10.2017,-2.58811
198,4.62422,8.61039,-2.62253
198,4.62867,8.64547,-2.56437
198,4.66307,8.62708,-2.59415
198,3.66157,8.96885,-3.28136
198,4.7007,8.64813,-2.66479
198,4.75581,8.55726,-2.8298
198,4.76073,8.55757,-2.84825
198,0.605499,12.4575,0.0353874
198,1.80023,12.1174,0.932093
198,2.14005,10.3518,-2.68199
198,3.27222,9.63331,-2.8095
198,1.7568,12.245,0.973785
198,3.77052,9.07788,-3.42519
198,2.19191,10.0049,-3.58651
198,2.48824,10.7817,-1.44451
198,3.27858,9.58911,-3.3307
198,4.63556,8.63297,-3.69704
198,2.281,10.0692,-3.7945
198,5.21119,9.27831,-1.45606
198,4.76916,8.57704,-3.68937
198,4.78525,8.58454,-3.70928
198,5.23666,9.2993,-1.46423
198,2.96334,10.4095,-2.23062
198,2.8105,10.809,-1.59731
198,4.62369,9.78851,-1.34516
198,2.60326,10.063,-3.62464
198,4.83866,8.61994,-3.74568
198,0.602773,12.7256,-0.45344
198,2.79922,10.8611,-1.61004
198,4.8618,8.63075,-3.77443
198,1.74373,12.0951,-0.349899
198,2.2032,10.7294,-2.80377
198,0.612852,12.8008,-0.472321
198,6.57049,8.70426,-1.31875
198,2.39096,10.2095,-3.85509
198,0.545718,12.9962,-0.166953
198,1.76442,12.1591,-0.447623
198,2.14901,10.8976,-2.78399
198,2.86054,10.9549,-1.66029
198,2.4219,10.7833,-2.71157
198,1.88698,12.7937,1.07829
198,2.73158,10.2892,-3.4507
198,0.595192,13.043,-0.336634
198,2.51633,11.5599,-1.08648
198,2.50948,11.4745,-1.32014
198,2.46274,10.9509,-2.8611
198,2.0976,12.3123,-0.298957
198,2.49964,11.9448,-0.592452
198,0.602909,13.277,-0.364962
198,3.25535,12.302,0.970247
198,4.41117,10.7059,-1.05677
198,2.48111,11.0977,-2.92401
198,5.64846,9.70834,-1.6212
198,7.32142,8.73573,-1.49273
198,2.60005,12.0653,-0.65969
198,4.25021,10.8533,-1.20008
198,2.61694,12.1123,-0.662302
198,5.71294,9.74557,-1.65248
198,3.10181,12.0433,-0.144936
198,7.41812,8.73845,-1.53091
198,2.55392,12.1012,-0.806262
198,0.315658,13.8248,-0.135053
198,2.75201,10.5693,-4.17145
198,2.96714,12.7679,1.11422
198,0.354395,12.6566,-2.91022
198,0.555236,14.169,0.786929
198,2.83332,10.487,-4.46785
198,3.93093,10.2098,-3.53704
198,2.4124,12.4875,-0.590658
198,5.75869,10.0442,-1.66224
198,4.44217,11.0597,-1.29642
198,2.66643,12.293,-1.02762
198,3.08624,11.826,-1.61576
198,4.08955,10.0451,-4.26548
198,3.4083,12.3036,-0.15992
198,4.73516,11.0293,-1.18891
198,0.834744,9.0701,-2.07414
197,0.834744,9.0701,-2.07414
198,5.29007,13.0021,-3.72926
197,5.29007,13.0021,-3.72926
198,6.15964,14.1431,0.0520119
197,6.15964,14.1431,0.0520119
198,5.4353,10.6287,-1.6593
197,5.4353,10.6287,-1.6593
198,5.91984,10.751,-1.70108
197,5.91984,10.751,-1.70108
198,2.33154,10.481,-1.33654
197,2.33154,10.481,-1.33654
198,5.10468,10.9005,-1.8459
197,5.10468,10.9005,-1.8459
198,16.0168,16.909,-1.76427
197,16.0168,16.909,-1.76427
198,2.83128,11.1961,-0.817242
197,2.83128,11.1961,-0.817242
198,8.02542,10.6879,-1.55772
197,8.02542,10.6879,-1.55772
198,6.002,10.7441,-1.63717
197,6.002,10.7441,-1.63717
198,20.3195,19.2089,-0.102632
197,20.3195,19.2089,-0.102632
198,2.60553,11.8289,-3.14331
197,2.60553,11.8289,-3.14331
198,5.10402,10.9,-1.84247
197,5.10402,10.9,-1.84247
198,9.77989,18.2393,-0.102404
197,9.77989,18.2393,-0.102404
198,12.7392,13.4393,-0.914268
197,12.7392,13.4393,-0.914268
198,10.4407,16.8752,-1.50877
197,10.4407,16.8752,-1.50877
198,20.469,19.2908,-0.126753
197,20.469,19.2908,-0.126753
198,10.7615,12.3149,-0.704515
197,10.7615,12.3149,-0.704515
198,5.48013,13.7663,-2.83767
197,5.48013,13.7663,-2.83767
198,2.78705,12.2363,-3.40488
197,2.78705,12.2363,-3.40488
198,6.24909,11.5549,-1.77974
197,6.24909,11.5549,-1.77974
198,18.8438,16.4018,-1.44888
197,18.8438,16.4018,-1.44888
198,26.0223,21.5895,-0.211438
197,26.0223,21.5895,-0.211438
198,8.17728,10.7839,-1.59246
197,8.17728,10.7839,-1.59246
198,5.2058,13.3919,-2.70344
197,5.2058,13.3919,-2.70344
198,2.53155,12.2984,0.539021
197,2.53155,12.2984,0.539021
198,4.42571,10.5229,-4.38313
197,4.42571,10.5229,-4.38313
198,4.4839,9.85606,-1.1558
197,4.4839,9.85606,-1.1558
198,7.82114,11.2409,-0.565963
197,7.82114,11.2409,-0.565963
198,15.5073,16.4906,-1.65304
197,15.5073,16.4906,-1.65304
198,7.95676,10.6358,-1.54459
197,7.95676,10.6358,-1.54459
198,4.13691,10.4728,-3.75267
197,4.13691,10.4728,-3.75267
198,21.789,20.0783,-0.186298
197,21.789,20.0783,-0.186298
198,13.9348,14.1652,-1.05767
197,13.9348,14.1652,-1.05767
198,12.1791,13.3912,0.090993
197,12.1791,13.3912,0.090993
198,13.4189,13.4862,-0.90297
197,13.4189,13.4862,-0.90297
198,23.7105,19.7551,-2.01347
197,23.7105,19.7551,-2.01347
198,4.71083,12.9489,-1.37525
197,4.71083,12.9489,-1.37525
198,9.03115,12.0223,-0.716196
197,9.03115,12.0223,-0.716196
198,5.24529,12.9675,-3.62492
197,5.24529,12.9675,-3.62492
198,8.15742,10.7454,-1.581
197,8.15742,10.7454,-1.581
198,17.3978,17.7812,-1.85053
197,17.3978,17.7812,-1.85053
198,16.9383,17.5085,-1.79331
197,16.9383,17.5085,-1.79331
198,14.384,14.0181,-1.0029
197,14.384,14.0181,-1.0029
198,20.905,19.1073,0.0524909
197,20.905,19.1073,0.0524909
198,20.3611,19.2139,-0.136849
197,20.3611,19.2139,-0.136849
198,8.51975,10.9716,-1.69732
197,8.51975,10.9716,-1.69732
198,4.35794,12.4105,-1.25269
197,4.35794,12.4105,-1.25269
198,1.30411,13.9404,-4.27861
197,1.30411,13.9404,-4.27861
198,3.54555,12.4905,-0.867592
197,3.54555,12.4905,-0.867592
198,0.760438,12.857,-3.58984
197,0.760438,12.857,-3.58984
198,0.457271,12.2153,-2.05942
197,0.457271,12.2153,-2.05942
198,22.2911,19.5097,-0.201896
197,22.2911,19.5097,-0.201896
198,17.14,16.5604,-1.44162
197,17.14,16.5604,-1.44162
198,8.84092,11.135,-1.77416
197,8.84092,11.135,-1.77416
198,1.31457,13.9915,-4.28951
197,1.31457,13.9915,-4.28951
198,1.28399,13.1028,0.821959
197,1.28399,13.1028,0.821959
198,7.46719,11.1468,-2.29067
197,7.46719,11.1468,-2.29067
198,17.914,17.0045,-1.54601
197,17.914,17.0045,-1.54601
198,13.2176,14.0891,0.0687881
197,13.2176,14.0891,0.0687881
198,3.14082,10.6567,-1.92649
197,3.14082,10.6567,-1.92649
198,14.0292,15.4641,-1.38936
197,14.0292,15.4641,-1.38936
198,19.7976,17.0726,-1.55374
197,19.7976,17.0726,-1.55374
198,1.63289,10.04,-1.57533
196,1.63289,10.04,-1.57533
198,9.20742,14.3102,-1.82539
196,9.20742,14.3102,-1.82539
198,0.989191,9.91476,-2.65691
196,0.989191,9.91476,-2.65691
198,9.1487,14.2584,-1.80853
196,9.1487,14.2584,-1.80853
198,0.923754,9.26531,-2.04595
196,0.923754,9.26531,-2.04595
198,14.7638,15.3483,0.130943
196,14.7638,15.3483,0.130943
198,17.9202,17.3711,0.0685604
196,17.9202,17.3711,0.0685604
198,6.50725,12.6366,-1.79194
196,6.50725,12.6366,-1.79194
198,3.12836,12.2848,-2.74456
196,3.12836,12.2848,-2.74456
198,10.6823,19.4268,-0.149578
196,10.6823,19.4268,-0.149578
198,16.3287,17.0295,-1.76109
196,16.3287,17.0295,-1.76109
198,1.06839,9.74844,-2.44893
196,1.06839,9.74844,-2.44893
198,11.9692,18.5196,-1.77273
196,11.9692,18.5196,-1.77273
198,1.47205,12.8906,0.523412
196,1.47205,12.8906,0.523412
198,21.2751,19.7004,-0.143484
196,21.2751,19.7004,-0.143484
198,0.879665,69.261,-3.81866
196,0.879665,69.261,-3.81866
198,0.459166,11.9007,0.379266
196,0.459166,11.9007,0.379266
198,4.38525,13.8799,-1.52488
196,4.38525,13.8799,-1.52488
198,14.1168,15.6052,-1.45271
196,14.1168,15.6052,-1.45271
198,0.125858,12.5366,-2.16844
196,0.125858,12.5366,-2.16844
198,4.65392,14.2632,-1.7558
196,4.65392,14.2632,-1.7558
198,5.17404,14.0621,-2.44137
196,5.17404,14.0621,-2.44137
198,4.68902,14.119,-2.29302
196,4.68902,14.119,-2.29302
198,3.33542,12.4987,-0.536077
195,3.33542,12.4987,-0.536077
198,2.47501,12.1021,-0.651895
195,2.47501,12.1021,-0.651895
198,6.06975,12.5405,-1.62888
195,6.06975,12.5405,-1.62888
198,5.68697,14.4463,-1.76324
195,5.68697,14.4463,-1.76324
198,7.73722,13.3738,-2.26448
195,7.73722,13.3738,-2.26448
198,2.74327,9.73276,-1.95737
195,2.74327,9.73276,-1.95737
198,-0.675438,13.0073,-3.01505
195,-0.675438,13.0073,-3.01505
198,11.2762,17.8344,-1.63397
195,11.2762,17.8344,-1.63397
198,0.342982,8.84294,-0.451789
195,0.342982,8.84294,-0.451789
198,3.21724,12.2619,-0.257821
194,3.21724,12.2619,-0.257821
198,1.57875,9.40779,-2.44629
194,1.57875,9.40779,-2.44629
198,12.0521,22.0159,-0.860613
194,12.0521,22.0159,-0.860613
198,9.96095,19.3103,-0.630251
194,9.96095,19.3103,-0.630251
198,0.255736,16.6392,0.351544
194,0.255736,16.6392,0.351544
198,1.07254,9.66128,-2.80681
193,1.07254,9.66128,-2.80681
198,2.32699,11.1041,-4.12979
193,2.32699,11.1041,-4.12979
198,4.72898,10.4795,-1.22712
193,4.72898,10.4795,-1.22712
198,5.255,12.1633,-1.85555
193,5.255,12.1633,-1.85555
198,1.03967,12.8757,-1.85261
193,1.03967,12.8757,-1.85261
198,0.98986,9.90103,-2.58298
192,0.98986,9.90103,-2.58298
198,2.29395,12.34,0.177622
192,2.29395,12.34,0.177622
198,2.51185,12.7284,-0.613184
192,2.51185,12.7284,-0.613184
198,0.353337,9.9377,-0.72634
189,0.353337,9.9377,-0.72634
198,4.73538,14.3159,-1.82273
189,4.73538,14.3159,-1.82273
198,1.34278,10.2785,-0.956935
186,1.34278,10.2785,-0.956935
199,0.849441,6.83203,0.306386
199,0.416758,10.1905,-0.918768
199,0.438486,10.2475,-0.841893
199,0.377161,10.2934,-0.855225
199,0.557282,10.2641,-0.913326
199,1.02367,10.0734,-0.932355
199,0.618794,10.3266,-1.01317
199,0.59025,10.3618,-0.995234
199,0.961522,10.2115,-0.887693
199,1.27217,9.99388,-0.903056
199,1.21166,10.0888,-0.824265
199,1.24819,10.0449,-0.886332
199,1.24106,10.0175,-0.96447
199,1.05151,10.1971,-0.921246
199,0.175315,10.0716,-2.46604
199,1.269,10.1068,-0.855571
199,1.24787,10.0679,-0.983089
199,4.72584,7.40252,-1.58684
199,4.44289,7.08444,-2.7361
199,0.529572,9.9924,-2.4889
199,1.59299,9.98864,-1.03688
199,0.595198,9.98354,-2.47537
199,2.28189,9.17241,-1.74196
199,1.43578,10.1275,-1.07403
199,4.66576,7.01592,-2.81088
199,2.2821,9.20876,-1.74889
199,1.05209,9.67615,-2.5714
199,1.58545,10.0812,-1.02285
199,0.992335,9.70998,-2.61413
199,1.36378,10.1063,-1.29513
199,1.53922,10.1665,-0.937918
199,0.985747,9.73376,-2.6329
199,2.32491,9.22548,-1.78202
199,1.57039,10.1818,-0.935028
199,2.30715,9.25396,-1.77672
199,1.62111,10.135,-0.999485
199,1.54497,10.2072,-0.991527
199,0.977591,9.84255,-2.53132
199,1.41056,10.283,-1.04164
199,2.48455,9.27404,-1.59632
199,2.48651,9.14109,-1.87256
199,1.62795,10.0569,-1.25485
199,1.58348,10.0917,-1.25912
199,2.31244,9.32213,-1.79149
199,2.39557,9.24966,-1.82874
199,1.46366,10.0812,-1.47189
199,1.51811,10.1394,-1.31842
199,2.57619,9.24701,-1.6509
199,2.32262,9.35486,-1.81146
199,2.30666,9.37753,-1.79748
199,1.53771,10.135,-1.36571
199,2.34672,9.36774,-1.7847
199,1.42971,10.0352,-1.72913
199,2.52273,9.33225,-1.62465
199,1.57876,10.1903,-1.22991
199,1.45809,10.3083,-1.16613
199,1.36189,9.68612,-2.74881
199,2.42509,9.44079,-1.77668
199,1.36722,9.64014,-2.88702
199,1.65152,10.1451,-1.49571
199,1.41797,9.70419,-2.72147
199,2.51237,9.42569,-1.76173
199,3.13733,8.40533,-2.95639
199,2.51849,9.4252,-1.77234
199,5.16181,7.76791,-1.41667
199,1.43438,9.69807,-2.77194
199,1.41878,9.70944,-2.77191
199,2.59189,9.43086,-1.69212
199,2.60781,9.36148,-1.84963
199,2.56843,9.4135,-1.80095
199,2.62501,9.34468,-1.86587
199,1.65653,10.1535,-1.60133
199,2.53832,9.45436,-1.78883
199,1.58695,10.0273,-2.01268
199,1.42802,9.80927,-2.76328
199,3.24742,8.4906,-2.87106
199,1.60677,10.0619,-2.04525
199,3.17501,8.56564,-2.87946
199,1.53296,9.75731,-2.7975
199,1.52512,9.7686,-2.79846
199,1.41433,10.1283,-2.22918
199,3.16496,8.42958,-3.21987
199,1.42789,10.2173,-2.10104
199,1.41651,10.237,-2.1067
199,1.55143,9.79283,-2.82727
199,4.56966,7.69804,-2.82279
199,2.50746,9.56985,-1.94987
199,1.64161,10.0804,-2.15049
199,1.54727,9.81337,-2.82776
199,1.47935,9.9526,-2.65213
199,0.928352,10.3473,-2.64622
199,1.60725,10.1605,-2.07852
199,5.36699,7.82744,-1.49961
199,1.65873,10.0966,-2.15134
199,1.68109,10.0773,-2.16397
199,1.53091,10.1893,-2.18618
199,1.69039,10.0865,-2.17222
199,4.39326,8.58049,-1.4223
199,1.60609,10.2456,-2.03387
199,3.17338,8.61839,-3.14243
199,5.3268,7.89209,-1.68416
199,1.53728,10.1834,-2.40117
199,5.4262,7.7313,-1.89279
199,4.46771,8.62051,-1.45869
199,4.57562,7.91911,-2.76396
199,4.71066,7.76349,-2.90047
199,5.70199,7.7081,-1.62952
199,4.72031,7.75744,-2.9269
199,4.73883,7.75327,-2.93848
199,1.60059,10.1665,-2.53036
199,3.21245,8.65157,-3.35127
199,4.53688,8.66484,-1.4922
199,5.32071,8.19049,-1.462
199,4.68662,7.96169,-2.85353
199,1.66503,10.1874,-2.62127
199,1.64365,10.2153,-2.61574
199,4.61834,8.69004,-1.52037
199,1.64671,10.2246,-2.613
199,1.66725,10.219,-2.71843
199,2.30312,10.474,-1.3116
199,2.29585,10.4655,-1.34687
199,2.31604,10.4622,-1.33072
199,5.29914,8.2826,-1.53205
199,2.11591,9.98637,-2.62276
199,4.53055,7.92968,-3.45855
199,2.08868,10.0492,-2.62077
199,4.59071,8.86176,-1.53376
199,1.8351,10.3882,-2.38422
199,2.3544,10.5402,-1.34647
199,2.36495,10.552,-1.34195
199,2.36308,10.5471,-1.36335
199,2.35459,9.65083,-3.20541
199,4.59707,7.9285,-3.56591
199,5.5588,8.24218,-1.59934
199,4.63885,7.92424,-3.62871
199,2.17935,10.1084,-2.73686
199,0.989628,11.5166,-1.60791
199,2.41352,10.6414,-1.38831
199,2.43963,10.6765,-1.37553
199,4.59576,8.62234,-2.53739
199,2.13356,9.77001,-3.73943
199,2.40471,11.1202,-0.714291
199,2.76378,9.43595,-3.6311
199,0.51131,12.7686,-0.122895
199,2.69527,10.5653,-1.50062
199,2.18034,9.84729,-3.69972
199,2.73437,10.6426,-1.32636
199,2.72181,10.6058,-1.44497
199,2.67398,10.6125,-1.5098
199,5.21322,8.98199,-1.44302
199,2.70015,10.7466,-1.54371
199,2.80404,10.7827,-1.37154
199,2.53933,9.79956,-3.83593
199,0.637247,12.7744,-0.508515
199,2.17962,10.6406,-2.75454
199,2.70782,11.6903,0.104007
199,2.56308,9.83388,-3.88056
199,2.63421,10.0586,-3.33602
199,2.52477,10.0296,-3.59674
199,2.57088,10.2096,-3.22338
199,3.24641,9.55384,-3.6132
199,3.31626,9.62505,-3.37879
199,2.57974,10.035,-3.59288
199,2.59318,9.93247,-3.78429
199,2.58372,10.0514,-3.60677
199,2.60767,9.94247,-3.80323
199,4.62019,8.6198,-3.68652
199,5.59857,9.01398,-1.52166
199,4.62465,8.62818,-3.68305
199,4.74688,8.56067,-3.65806
199,5.62812,9.02353,-1.52261
199,2.60322,10.0288,-3.76884
199,1.74089,12.0733,-0.855565
199,4.77164,8.57086,-3.66339
199,4.65798,8.63896,-3.713
199,2.61801,10.0992,-3.64424
199,2.58516,9.92345,-4.07838
199,2.5685,9.96543,-4.06391
199,3.33344,10.1157,-2.69534
199,5.89247,8.90896,-1.57106
199,1.76179,12.1408,-0.865523
199,2.6002,9.96278,-4.1199
199,2.17737,10.9198,-2.80627
199,2.63944,10.3491,-3.33336
199,1.76443,12.1855,-0.880714
199,5.88847,8.96932,-1.58127
199,3.00774,11.026,-1.58842
199,2.11917,11.0211,-2.86018
199,2.39913,10.8539,-2.81302
199,2.52426,11.0547,-2.25119
199,1.0667,12.2928,-1.89507
199,3.52665,10.0762,-2.97272
199,0.152773,12.7987,-2.26545
199,1.11144,12.2737,-2.03565
199,3.18951,12.2439,0.812885
199,2.68201,11.676,-1.16327
199,3.26944,12.2782,0.797145
199,4.75548,10.0542,-1.61446
199,6.81702,8.78638,-1.35738
199,2.47853,11.0592,-2.91709
199,2.63522,12.1354,-0.570924
199,3.18997,12.2033,0.325584
199,2.53726,11.1358,-2.95292
199,3.11007,12.0418,-0.314111
199,7.21299,8.69377,-1.4579
199,5.64226,9.93852,-1.61809
199,2.70026,12.3053,-0.983074
199,5.63419,9.94889,-1.6191
199,7.81087,8.55439,-1.64246
199,7.52071,8.81077,-1.53928
199,4.52783,11.1892,-1.06244
199,4.5221,11.0854,-1.29019
199,3.15816,12.1842,-1.03607
199,2.705,12.4499,-1.14564
199,7.78996,8.67478,-1.63035
199,7.66718,8.84693,-1.59185
199,5.22977,12.9066,-3.6802
198,5.22977,12.9066,-3.6802
199,6.36019,12.0307,-1.63275
198,6.36019,12.0307,-1.63275
199,16.3412,17.0585,-1.47115
198,16.3412,17.0585,-1.47115
199,17.6665,16.9365,-1.51285
198,17.6665,16.9365,-1.51285
199,23.5931,19.7043,-2.13225
198,23.5931,19.7043,-2.13225
199,4.80695,13.3984,-2.36488
198,4.80695,13.3984,-2.36488
199,9.3991,16.1144,-1.19068
198,9.3991,16.1144,-1.19068
199,22.0809,19.9532,-1.57122
198,22.0809,19.9532,-1.57122
199,5.18762,12.9477,-1.65474
198,5.18762,12.9477,-1.65474
199,1.5039,10.0878,-2.11891
198,1.5039,10.0878,-2.11891
199,2.83911,12.6379,-0.653119
198,2.83911,12.6379,-0.653119
199,23.6918,20.1505,-0.148145
198,23.6918,20.1505,-0.148145
199,1.18685,9.68052,-0.790679
198,1.18685,9.68052,-0.790679
199,4.95469,13.009,-2.7017
198,4.95469,13.009,-2.7017
199,13.0978,14.1267,-1.0129
198,13.0978,14.1267,-1.0129
199,2.2343,8.93532,-1.47187
198,2.2343,8.93532,-1.47187
199,5.38387,13.4344,-1.69179
198,5.38387,13.4344,-1.69179
199,2.91038,10.3355,-2.19759
198,2.91038,10.3355,-2.19759
199,5.16581,12.8536,-3.59966
198,5.16581,12.8536,-3.59966
199,4.43116,12.4628,-2.17664
198,4.43116,12.4628,-2.17664
199,19.5412,16.8239,-2.11294
198,19.5412,16.8239,-2.11294
199,4.49457,14.3265,0.0485514
198,4.49457,14.3265,0.0485514
199,14.5007,12.5288,-1.5406
198,14.5007,12.5288,-1.5406
199,8.25447,13.4917,-1.46982
198,8.25447,13.4917,-1.46982
199,16.0136,16.8536,-1.71998
198,16.0136,16.8536,-1.71998
199,15.9556,16.788,-1.39975
198,15.9556,16.788,-1.39975
199,0.889831,9.59935,-0.793947
198,0.889831,9.59935,-0.793947
199,15.7902,13.594,-0.968058
198,15.7902,13.594,-0.968058
199,13.86,13.7684,-0.711884
198,13.86,13.7684,-0.711884
199,4.41472,12.4652,-1.2633
198,4.41472,12.4652,-1.2633
199,17.7704,16.6922,-0.0535697
198,17.7704,16.6922,-0.0535697
199,1.56997,9.81696,-1.48955
198,1.56997,9.81696,-1.48955
199,0.987339,10.0957,-0.969115
198,0.987339,10.0957,-0.969115
199,0.589241,10.1883,-0.876702
198,0.589241,10.1883,-0.876702
199,27.4314,16.6686,-1.59029
198,27.4314,16.6686,-1.59029
199,16.0861,15.0885,-0.865801
198,16.0861,15.0885,-0.865801
199,17.5595,14.3714,-1.10123
198,17.5595,14.3714,-1.10123
199,0.4273,10.4202,-0.975556
198,0.4273,10.4202,-0.975556
199,20.4553,17.9859,-1.71065
198,20.4553,17.9859,-1.71065
199,3.54748,12.601,-0.20844
198,3.54748,12.601,-0.20844
199,22.2013,15.7832,-1.3824
198,22.2013,15.7832,-1.3824
199,7.0206,16.9758,-3.48868
198,7.0206,16.9758,-3.48868
199,6.90343,17.8585,-3.79776
198,6.90343,17.8585,-3.79776
199,0.398587,10.0442,-0.856424
198,0.398587,10.0442,-0.856424
199,4.16729,13.8406,0.209218
198,4.16729,13.8406,0.209218
199,21.2564,15.4334,-1.33518
198,21.2564,15.4334,-1.33518
199,6.39779,17.3316,-3.25979
197,6.39779,17.3316,-3.25979
199,3.51052,12.3967,-1.05685
197,3.51052,12.3967,-1.05685
199,5.61411,15.9481,-2.04175
197,5.61411,15.9481,-2.04175
199,5.15537,14.8139,-2.11841
197,5.15537,14.8139,-2.11841
199,1.35411,10.3592,-1.04944
197,1.35411,10.3592,-1.04944
199,2.94259,11.818,-0.368522
197,2.94259,11.818,-0.368522
199,4.24591,9.84965,-1.06419
197,4.24591,9.84965,-1.06419
199,1.75268,10.3626,-1.74518
197,1.75268,10.3626,-1.74518
199,12.3567,11.9605,-0.676384
197,12.3567,11.9605,-0.676384
199,18.31,18.367,-1.32722
197,18.31,18.367,-1.32722
199,6.30772,14.7843,-2.04629
197,6.30772,14.7843,-2.04629
199,2.49689,12.6639,0.479681
197,2.49689,12.6639,0.479681
199,9.23417,17.6499,-0.0790611
197,9.23417,17.6499,-0.0790611
199,6.34193,14.8324,-2.06329
197,6.34193,14.8324,-2.06329
199,21.7198,18.144,-1.28041
197,21.7198,18.144,-1.28041
199,3.40905,11.2226,-1.67277
197,3.40905,11.2226,-1.67277
199,1.42493,9.91713,-1.99363
197,1.42493,9.91713,-1.99363
199,1.79783,10.4249,-1.81372
197,1.79783,10.4249,-1.81372
199,1.02859,9.9959,-0.916844
197,1.02859,9.9959,-0.916844
199,8.82225,11.1302,-1.75167
197,8.82225,11.1302,-1.75167
199,2.1207,10.6886,-3.5442
195,2.1207,10.6886,-3.5442
199,2.34755,10.8635,-3.74646
195,2.34755,10.8635,-3.74646
199,1.69054,9.82492,-2.77558
195,1.69054,9.82492,-2.77558
199,2.9446,11.7825,-0.548833
195,2.9446,11.7825,-0.548833
199,1.76197,9.70879,-2.73654
195,1.76197,9.70879,-2.73654
199,6.08806,12.5298,-1.6514
195,6.08806,12.5298,-1.6514
199,11.0625,17.5851,-1.63315
195,11.0625,17.5851,-1.63315
199,1.44829,12.7816,0.530387
195,1.44829,12.7816,0.530387
199,8.20243,17.5896,-2.76757
195,8.20243,17.5896,-2.76757
199,2.79801,12.2593,-4.97651
193,2.79801,12.2593,-4.97651
199,1.30884,9.17683,-2.02691
193,1.30884,9.17683,-2.02691
199,1.78888,9.58659,-2.59891
193,1.78888,9.58659,-2.59891
199,16.3559,22.7894,-5.1678
193,16.3559,22.7894,-5.1678
199,1.66211,10.1109,-1.62921
194,1.66211,10.1109,-1.62921
199,1.40256,9.08915,-2.16546
194,1.40256,9.08915,-2.16546
199,1.39846,10.0665,-1.22983
194,1.39846,10.0665,-1.22983
199,2.6687,12.387,0.542125
194,2.6687,12.387,0.542125
199,2.65943,12.3658,-0.194138
192,2.65943,12.3658,-0.194138
199,2.49651,12.2554,0.119239
192,2.49651,12.2554,0.119239
199,2.51611,10.3781,-1.36077
191,2.51611,10.3781,-1.36077
199,5.01037,10.8295,-1.82875
191,5.01037,10.8295,-1.82875
199,2.56649,12.3637,-0.599679
189,2.56649,12.3637,-0.599679
199,1.49298,10.0219,-1.00154
189,1.49298,10.0219,-1.00154
199,0.509692,12.6573,-2.23883
188,0.509692,12.6573,-2.23883
199,0.898525,14.4134,-4.51292
186,0.898525,14.4134,-4.51292
200,0.973483,6.83615,0.221558
200,1.04506,6.96673,0.24726
200,0.716563,10.1032,-0.929344
200,0.76606,10.0732,-0.951483
200,0.706917,10.1683,-0.906364
200,0.760846,10.203,-0.864183
200,0.947125,10.0829,-0.8531
200,1.03803,10.1107,-0.895976
200,0.955909,10.2439,-0.889092
200,1.22014,10.1328,-0.839291
200,1.27466,10.1,-0.855959
200,1.03533,10.191,-1.07712
200,1.21456,10.1953,-0.859911
200,1.28327,10.1526,-0.867864
200,0.592908,9.99586,-2.47179
200,4.63928,7.30283,-1.5571
200,1.05014,10.3993,-1.1369
200,0.480144,10.1097,-2.5807
200,0.323698,10.1994,-2.64862
200,1.44575,9.99615,-1.40133
200,1.61251,10.033,-1.08688
200,0.470812,10.1511,-2.61034
200,0.998233,9.73207,-2.62174
200,1.44942,10.0612,-1.34926
200,1.56539,10.0411,-1.23645
200,2.28615,9.20411,-1.76047
200,1.50086,10.0833,-1.28847
200,2.29644,9.21906,-1.74097
200,0.991794,9.83299,-2.53438
200,1.50036,10.1033,-1.29504
200,1.60617,10.1728,-1.01
200,5.10123,7.07066,-1.661
200,1.46231,10.071,-1.45108
200,4.39214,7.08834,-2.7026
200,2.29501,9.25127,-1.76528
200,2.35481,9.20003,-1.79323
200,4.40015,7.09168,-2.71645
200,1.47462,10.2666,-1.11123
200,1.64036,10.0602,-1.25886
200,1.08696,9.84096,-2.51341
200,1.0042,9.882,-2.56421
200,4.54396,7.00052,-2.72547
200,1.50935,10.0394,-1.53969
200,2.3224,9.27984,-1.78605
200,4.57754,7.00379,-2.7305
200,1.54929,10.0889,-1.55666
200,5.20005,7.13871,-1.69572
200,2.53498,9.26479,-1.6676
200,1.33051,9.67919,-2.70078
200,4.62605,7.04327,-2.75482
200,2.33093,9.37884,-1.79496
200,2.41423,9.28768,-1.84708
200,2.57667,9.23707,-1.70215
200,0.922248,10.114,-2.52157
200,2.58133,9.27419,-1.66181
200,2.35066,9.41095,-1.79536
200,2.34629,9.42147,-1.79855
200,2.34714,9.42276,-1.79733
200,2.59975,9.25493,-1.73804
200,1.65468,10.1353,-1.51298
200,2.35791,9.41551,-1.82638
200,1.72728,10.1771,-1.34918
200,3.0596,8.37337,-2.75813
200,5.33866,7.21832,-1.56995
200,1.41448,9.72551,-2.71753
200,1.66064,10.0628,-1.72213
200,1.38207,10.1232,-2.03682
200,5.1723,7.41169,-1.49933
200,5.14834,7.42986,-1.50351
200,2.6509,9.24268,-1.82119
200,2.49303,9.33316,-1.89424
200,2.40593,9.44057,-1.82268
200,2.48858,9.35202,-1.89611
200,2.52365,9.34628,-1.91127
200,2.67103,9.29247,-1.799
200,1.42606,9.78532,-2.75619
200,1.47368,10.0428,-2.25338
200,2.5739,9.42227,-1.78442
200,1.6034,10.0624,-2.03473
200,5.25681,7.44651,-1.54335
200,3.11657,8.3903,-2.99222
200,1.61718,10.0902,-2.05035
200,3.38358,8.14975,-3.09174
200,4.5067,7.40893,-2.85327
200,2.5537,9.45788,-1.92416
200,1.51341,9.84297,-2.79174
200,1.65147,10.0971,-2.13114
200,1.52144,9.86408,-2.79309
200,1.52774,10.1403,-2.33397
200,5.11087,7.62101,-1.73736
200,1.83757,9.70133,-2.70326
200,1.52654,10.1853,-2.33858
200,1.47043,9.97744,-2.83792
200,1.55355,10.2093,-2.3772
200,4.6451,7.51523,-2.98942
200,1.61308,10.1599,-2.54113
200,1.60018,10.1672,-2.56015
200,1.60707,9.97731,-2.91056
200,4.42948,8.59541,-1.43337
200,1.61977,10.2119,-2.60469
200,4.60954,7.73573,-2.81041
200,4.61725,7.73858,-2.81617
200,2.41529,9.60319,-2.6444
200,2.10375,9.82498,-2.72778
200,3.10292,9.02002,-2.77908
200,5.36361,7.8877,-1.56043
200,4.56997,7.89236,-2.75401
200,5.7271,7.59765,-1.60157
200,4.57627,7.8993,-2.75884
200,4.67707,7.76194,-2.88022
200,2.09081,9.78392,-2.93503
200,2.09408,9.79657,-2.94773
200,2.08616,9.80586,-2.96284
200,2.13042,9.86422,-2.79021
200,2.78282,9.02452,-3.51188
200,2.11595,9.85072,-2.98612
200,2.55894,11.297,0.373944
200,2.35123,10.552,-1.34654
200,2.13155,10.0472,-2.64447
200,5.456,8.03341,-1.52265
200,2.38253,10.6065,-1.37126
200,5.24172,8.26773,-1.51852
200,2.46293,9.73587,-2.9573
200,2.41344,10.6283,-1.36208
200,2.39225,10.6538,-1.3656
200,2.42005,10.642,-1.36043
200,2.97135,9.71333,-2.32845
200,1.89141,10.5204,-2.4681
200,3.01027,9.69032,-2.37829
200,5.33853,8.30046,-1.54503
200,5.35056,8.32155,-1.52623
200,4.53491,7.9114,-3.51877
200,4.66091,7.75723,-3.68525
200,4.5971,7.90422,-3.58905
200,4.59278,7.91292,-3.59326
200,4.81154,7.76441,-3.54687
200,4.70217,7.76888,-3.70662
200,2.14046,9.9203,-3.48426
200,1.73996,11.9495,-0.433899
200,3.2127,9.54391,-2.79367
200,4.58359,8.58294,-2.61035
200,1.93877,10.6853,-2.60761
200,2.19959,9.91296,-3.74268
200,5.57962,8.38651,-1.58557
200,5.64442,8.34033,-1.58715
200,1.03028,11.9166,-1.74741
200,4.68362,8.51606,-2.79182
200,2.60818,10.0181,-3.21073
200,2.43836,10.8503,-2.031
200,2.00844,10.8691,-2.71651
200,2.45256,10.8804,-2.18893
200,4.52889,9.74353,-1.29411
200,2.54306,9.8792,-4.02954
200,4.57334,9.72435,-1.3125
200,2.55981,9.90242,-3.97959
200,2.50331,11.0225,-2.03406
200,4.53502,9.81899,-1.29506
200,2.61157,9.9283,-4.12931
200,5.7083,8.92021,-1.59576
200,4.66693,8.64445,-3.69962
200,4.79257,8.58805,-3.68283
200,2.21884,11.0687,-2.88076
200,2.45019,10.9344,-2.8151
200,4.72205,9.91224,-1.36892
200,2.43821,10.9473,-2.83446
200,2.47226,10.9533,-2.8505
200,1.11874,12.4339,-2.09848
200,2.63556,12.387,-0.000706434
200,2.62307,12.3734,-0.057303
200,2.48853,10.9655,-2.91624
200,2.61118,11.316,-2.10172
200,7.27504,7.90606,-1.5828
200,1.13993,12.522,-2.13044
200,7.36676,7.88089,-1.61733
200,7.36243,7.91177,-1.59667
200,6.5805,8.71878,-1.32116
200,3.77428,9.5496,-4.09871
200,0.948275,11.7994,-4.08405
200,4.88194,10.1152,-1.42956
200,2.83581,12.7529,0.473404
200,2.68758,12.718,0.105109
200,4.98538,10.2284,-1.47462
200,4.45631,10.9767,-1.27764
200,5.60169,9.93632,-1.60744
200,5.59782,9.95008,-1.61013
200,6.11969,7.97565,-4.63172
200,4.56636,11.1094,-1.29478
200,6.14386,8.173,-4.64146
200,5.48975,10.4279,-1.54275
200,5.38808,13.6959,-3.04383
199,5.38808,13.6959,-3.04383
200,16.1747,16.9502,-1.79561
199,16.1747,16.9502,-1.79561
200,7.98957,10.6687,-1.55896
199,7.98957,10.6687,-1.55896
200,4.65267,12.5958,-3.00396
199,4.65267,12.5958,-3.00396
200,18.0876,17.8441,-1.24003
199,18.0876,17.8441,-1.24003
200,16.5633,16.9809,-1.59915
199,16.5633,16.9809,-1.59915
200,4.85075,13.1083,-1.43362
199,4.85075,13.1083,-1.43362
200,2.45513,9.24373,-1.56902
199,2.45513,9.24373,-1.56902
200,8.08801,14.4122,-1.07291
199,8.08801,14.4122,-1.07291
200,15.1992,13.3048,-0.955638
199,15.1992,13.3048,-0.955638
200,5.13575,13.285,-2.62221
199,5.13575,13.285,-2.62221
200,4.96641,10.0949,-1.33881
199,4.96641,10.0949,-1.33881
200,20.3995,17.9869,-1.80714
199,20.3995,17.9869,-1.80714
200,18.2299,18.0777,-1.79148
199,18.2299,18.0777,-1.79148
200,1.69996,10.2318,-1.69562
199,1.69996,10.2318,-1.69562
200,13.9101,15.4157,0.106803
199,13.9101,15.4157,0.106803
200,16.606,15.7359,0.0971119
199,16.606,15.7359,0.0971119
200,5.90068,12.0381,-1.58261
199,5.90068,12.0381,-1.58261
200,7.96456,18.6693,-0.0889567
199,7.96456,18.6693,-0.0889567
200,5.40794,13.329,-2.96907
199,5.40794,13.329,-2.96907
200,25.6365,15.9354,-1.48669
199,25.6365,15.9354,-1.48669
200,5.47194,14.0945,-1.67146
199,5.47194,14.0945,-1.67146
200,25.8774,17.5716,-1.7478
199,25.8774,17.5716,-1.7478
200,4.46752,9.67732,-1.15931
199,4.46752,9.67732,-1.15931
200,2.53608,9.1122,-1.87973
199,2.53608,9.1122,-1.87973
200,14.5202,15.8308,0.0943862
199,14.5202,15.8308,0.0943862
200,19.0789,14.3336,-1.14454
199,19.0789,14.3336,-1.14454
200,12.8911,13.569,0.140514
199,12.8911,13.569,0.140514
200,12.3758,12.874,-0.833133
199,12.3758,12.874,-0.833133
200,5.58318,13.5821,-3.07795
199,5.58318,13.5821,-3.07795
200,19.5992,19.3015,0.000510067
199,19.5992,19.3015,0.000510067
200,15.7152,16.6664,-1.68078
199,15.7152,16.6664,-1.68078
200,28.295,17.1249,-1.72778
199,28.295,17.1249,-1.72778
200,19.9695,19.5528,-0.0194297
199,19.9695,19.5528,-0.0194297
200,1.0062,11.7585,-1.68536
199,1.0062,11.7585,-1.68536
200,0.604201,10.4123,-0.938212
199,0.604201,10.4123,-0.938212
200,16.9347,16.4173,-1.43013
199,16.9347,16.4173,-1.43013
200,2.77857,13.0594,0.0900382
199,2.77857,13.0594,0.0900382
200,5.97588,14.8164,-1.87735
199,5.97588,14.8164,-1.87735
200,5.32404,13.1765,-3.6737
199,5.32404,13.1765,-3.6737
200,14.8138,12.6141,-0.87271
199,14.8138,12.6141,-0.87271
200,25.7789,16.0476,-1.45385
199,25.7789,16.0476,-1.45385
200,0.59545,9.9921,-0.903552
199,0.59545,9.9921,-0.903552
200,2.01962,11.6111,0.0410483
199,2.01962,11.6111,0.0410483
200,24.284,20.7016,-0.178609
199,24.284,20.7016,-0.178609
200,1.6194,10.0719,-1.26483
199,1.6194,10.0719,-1.26483
200,1.3226,12.0819,0.121924
199,1.3226,12.0819,0.121924
200,11.6553,13.4569,0.0437157
199,11.6553,13.4569,0.0437157
200,4.51274,12.0408,-3.00812
199,4.51274,12.0408,-3.00812
200,2.01963,11.6111,0.0410477
199,2.01963,11.6111,0.0410477
200,24.3404,15.441,-1.37439
199,24.3404,15.441,-1.37439
200,12.1771,13.7397,0.0843533
199,12.1771,13.7397,0.0843533
200,1.11689,12.4508,-3.36609
199,1.11689,12.4508,-3.36609
200,5.75058,12.5663,-1.80999
198,5.75058,12.5663,-1.80999
200,4.65035,13.1887,-2.174
198,4.65035,13.1887,-2.174
200,5.22756,13.4446,-2.68127
198,5.22756,13.4446,-2.68127
200,6.0173,10.9194,-1.7153
198,6.0173,10.9194,-1.7153
200,4.63386,9.8054,-1.21818
198,4.63386,9.8054,-1.21818
200,17.0505,17.5592,-1.20844
198,17.0505,17.5592,-1.20844
200,4.82638,8.60284,-2.89429
198,4.82638,8.60284,-2.89429
200,5.96107,15.2553,-2.95204
198,5.96107,15.2553,-2.95204
200,10.5022,13.0259,-0.93028
198,10.5022,13.0259,-0.93028
200,21.3982,18.8207,-0.28223
198,21.3982,18.8207,-0.28223
200,22.9841,20.583,-1.64579
198,22.9841,20.583,-1.64579
200,5.10007,10.1041,-1.39924
198,5.10007,10.1041,-1.39924
200,3.37774,9.77231,-2.91254
198,3.37774,9.77231,-2.91254
200,16.3374,16.4029,-1.06571
198,16.3374,16.4029,-1.06571
200,17.0273,17.5547,-1.53555
198,17.0273,17.5547,-1.53555
200,6.95173,16.8127,-3.53217
198,6.95173,16.8127,-3.53217
200,5.95702,10.35,-1.75906
198,5.95702,10.35,-1.75906
200,2.44025,12.0774,0.528634
198,2.44025,12.0774,0.528634
200,1.84843,10.6314,-1.85992
198,1.84843,10.6314,-1.85992
200,16.3817,13.2985,-0.959613
198,16.3817,13.2985,-0.959613
200,5.06327,12.7887,-2.6615
198,5.06327,12.7887,-2.6615
200,5.60879,8.38177,-1.64791
198,5.60879,8.38177,-1.64791
200,13.9549,14.4851,0.0510683
198,13.9549,14.4851,0.0510683
200,4.61349,12.9676,-2.37528
198,4.61349,12.9676,-2.37528
200,5.75789,10.3644,-1.6372
197,5.75789,10.3644,-1.6372
200,9.22771,20.6956,-0.81808
197,9.22771,20.6956,-0.81808
200,1.73053,10.2868,-1.70857
197,1.73053,10.2868,-1.70857
200,6.11144,10.6372,-1.75772
197,6.11144,10.6372,-1.75772
200,1.73058,10.3828,-1.68615
197,1.73058,10.3828,-1.68615
200,3.5462,12.5647,-1.01677
197,3.5462,12.5647,-1.01677
200,5.08692,15.0555,-1.93429
197,5.08692,15.0555,-1.93429
200,2.35889,12.4745,0.629604
197,2.35889,12.4745,0.629604
200,12.9287,22.9693,-0.323094
197,12.9287,22.9693,-0.323094
200,20.4946,19.0329,-1.4235
197,20.4946,19.0329,-1.4235
200,9.17309,20.6026,-0.797852
197,9.17309,20.6026,-0.797852
200,0.629934,10.1739,-0.901472
197,0.629934,10.1739,-0.901472
200,5.66729,9.64466,-1.62734
197,5.66729,9.64466,-1.62734
200,3.78524,12.8507,-1.25029
195,3.78524,12.8507,-1.25029
200,3.6947,12.7007,-1.22889
195,3.6947,12.7007,-1.22889
200,8.03594,13.333,-1.42149
195,8.03594,13.333,-1.42149
200,1.04505,10.1225,-0.884075
194,1.04505,10.1225,-0.884075
200,1.52719,9.5493,-2.59409
193,1.52719,9.5493,-2.59409
200,8.88439,18.2045,-3.06772
193,8.88439,18.2045,-3.06772
200,22.1497,33.4756,-0.75069
193,22.1497,33.4756,-0.75069
200,0.931603,14.7914,-4.76606
192,0.931603,14.7914,-4.76606
200,1.24031,14.2915,-4.45762
188,1.24031,14.2915,-4.45762
200,1.42843,9.47984,-2.54021
188,1.42843,9.47984,-2.54021
201,1.2068,10.0669,-0.858508
201,1.26477,10.0417,-0.853228
201,1.19866,10.0087,-1.07851
201,1.20196,10.0155,-1.06936
201,1.20871,10.1417,-0.831054
201,4.5753,6.81302,-1.87456
201,4.61762,6.82425,-1.883
201,1.48312,10.0436,-1.27989
201,1.52999,10.1532,-0.999577
201,1.49606,10.052,-1.26517
201,1.63125,10.0342,-1.09858
201,1.60752,9.9961,-1.24187
201,1.61222,10.0045,-1.23053
201,1.53802,10.2179,-0.953104
201,1.56827,10.1064,-1.2373
201,1.66154,10.1006,-1.10914
201,1.63211,10.0717,-1.2569
201,2.32044,9.26072,-1.77492
201,2.31425,9.28521,-1.79251
201,1.36889,9.79323,-2.56434
201,2.30885,9.32373,-1.78722
201,2.36828,9.25108,-1.82952
201,2.302,9.34241,-1.77281
201,4.5959,7.38031,-1.52887
201,1.41589,9.81831,-2.59108
201,1.4495,9.77003,-2.63654
201,2.32527,9.39818,-1.77402
201,2.32794,9.40619,-1.77129
201,2.41002,9.29605,-1.86052
201,1.43227,9.85636,-2.60688
201,1.49115,10.0946,-2.11384
201,2.35514,9.46497,-1.81783
201,1.47562,10.163,-2.08842
201,1.35559,10.2478,-2.16857
201,1.59398,10.1116,-2.04069
201,2.51035,9.35612,-1.90521
201,1.77003,10.3049,-1.40933
201,4.47836,7.10855,-2.78651
201,4.60724,7.01934,-2.75408
201,2.52009,9.38323,-1.92679
201,2.43505,9.52165,-1.81941
201,2.53193,9.42135,-1.90934
201,2.5301,9.42306,-1.93301
201,2.53078,9.42046,-1.94118
201,2.51162,9.44661,-1.92631
201,1.36692,10.3633,-2.21978
201,2.50138,9.51618,-1.82709
201,2.47666,9.54083,-1.83299
201,5.33084,7.02245,-1.6141
201,2.54575,9.47114,-1.93267
201,1.6186,10.0523,-2.5093
201,5.36782,7.03595,-1.63445
201,3.12003,8.53277,-2.82027
201,4.42284,7.37073,-2.76848
201,3.13718,8.54117,-2.83629
201,1.73364,10.158,-2.21509
201,4.89378,7.52255,-1.6541
201,5.42838,7.05695,-1.6581
201,3.15271,8.5726,-2.86339
201,2.60157,9.59601,-1.8668
201,5.54622,6.97795,-1.65583
201,5.46262,7.04697,-1.67562
201,3.06108,8.80907,-2.70354
201,5.19873,7.42687,-1.53012
201,5.52628,7.04406,-1.71095
201,2.81791,9.51083,-1.97992
201,5.66713,7.01402,-1.69589
201,5.31992,7.47302,-1.44441
201,3.1255,8.86101,-2.77379
201,5.72377,6.99084,-1.73331
201,5.65778,7.10461,-1.73723
201,5.48358,7.23132,-1.82389
201,5.21235,7.76973,-1.43447
201,2.3606,10.4898,-1.31683
201,2.89229,9.58762,-2.21071
201,2.75916,10.1656,-1.31493
201,5.2485,7.81215,-1.44278
201,2.44895,9.69498,-2.88984
201,2.77106,10.1878,-1.32351
201,2.12043,10.1544,-2.61387
201,2.10587,10.1749,-2.60277
201,5.23758,7.68605,-1.81126
201,2.38272,10.6146,-1.35035
201,4.53761,7.92546,-2.78495
201,2.80797,10.2511,-1.35187
201,2.40544,10.6313,-1.37806
201,5.62566,7.55994,-1.55399
201,5.29202,7.74868,-1.84146
201,5.34185,7.85208,-1.55866
201,2.41874,10.6692,-1.40504
201,5.30117,7.87846,-1.67637
201,5.47461,7.93197,-1.60898
201,5.65385,8.01,-1.52692
201,1.9911,10.835,-2.69547
201,5.43108,8.27151,-1.49378
201,5.38322,8.30636,-1.52242
201,4.66541,7.93204,-3.61867
201,2.20933,10.6829,-2.77365
201,2.20694,10.691,-2.78202
201,4.59467,8.58123,-2.60993
201,4.65538,8.4869,-2.76713
201,5.19777,7.67266,-3.4277
201,5.6748,8.16213,-1.58686
201,4.67211,8.5011,-2.78049
201,4.63762,8.60503,-2.64152
201,5.51841,8.34893,-1.56731
201,5.72037,8.17364,-1.6074
201,5.78301,8.1621,-1.59111
201,2.20166,10.8685,-2.83071
201,3.37049,9.78724,-2.93613
201,5.63242,8.37556,-1.60295
201,2.50896,11.0803,-2.05449
201,3.40196,9.83724,-2.97023
201,4.78214,8.68753,-2.73421
201,4.7185,8.50679,-3.27771
201,2.49368,11.1117,-2.2948
201,7.08022,7.26588,-1.61817
201,2.25227,11.1097,-2.90489
201,4.63356,9.75718,-1.34477
201,4.6452,8.63576,-3.71045
201,5.19664,9.26148,-1.44729
201,4.67333,9.84196,-1.35775
201,5.75647,8.74785,-1.5805
201,7.39348,7.31299,-1.70624
201,3.20845,12.225,0.336316
201,1.174,12.3112,-3.31683
201,5.33164,9.37278,-1.50479
201,5.81573,8.92881,-1.56216
201,7.58393,7.27242,-1.62651
201,5.86155,8.94832,-1.56882
201,3.43329,12.4622,0.925697
201,7.65558,7.28096,-1.62167
201,7.44722,7.42939,-1.85704
201,7.491,7.46276,-1.88165
201,7.72065,7.36718,-1.66184
201,7.6119,7.52498,-1.62002
201,7.24753,7.91945,-1.51645
201,7.60935,7.58647,-1.60414
201,7.67686,7.5353,-1.62711
201,3.26412,11.966,-0.96921
201,3.78909,10.3445,-3.41133
201,5.60536,9.57873,-1.58367
201,7.30942,8.04742,-1.5144
201,3.32165,12.0507,-0.947114
201,5.03922,10.2257,-1.49746
201,7.3916,7.98407,-1.64386
201,7.78758,7.60783,-1.66166
201,6.72307,8.74886,-1.35922
201,6.76719,8.78652,-1.42138
201,4.47496,11.0048,-1.28564
201,5.9859,8.01734,-4.51353
201,4.72341,10.933,-1.18228
201,3.23627,12.3943,-1.08246
201,8.0268,7.66882,-1.71302
201,7.60565,8.20044,-1.5795
201,7.23526,8.6791,-1.49573
201,7.24557,8.76204,-1.50676
201,7.33661,8.70641,-1.51703
201,7.35033,8.70722,-1.50779
201,4.88275,12.4302,-2.41177
200,4.88275,12.4302,-2.41177
201,25.0648,17.4158,-1.79562
200,25.0648,17.4158,-1.79562
201,24.6328,17.2703,-1.7627
200,24.6328,17.2703,-1.7627
201,16.6566,15.2087,-1.2574
200,16.6566,15.2087,-1.2574
201,16.0119,16.7579,-1.63639
200,16.0119,16.7579,-1.63639
201,19.5167,17.4814,-1.72873
200,19.5167,17.4814,-1.72873
201,21.3075,18.1757,-1.84404
200,21.3075,18.1757,-1.84404
201,6.19888,15.2232,-4.3335
200,6.19888,15.2232,-4.3335
201,4.88667,13.0581,-3.2166
200,4.88667,13.0581,-3.2166
201,5.47968,15.7236,-1.8597
200,5.47968,15.7236,-1.8597
201,5.23355,14.1919,-1.60554
200,5.23355,14.1919,-1.60554
201,5.66863,13.1883,0.0210696
200,5.66863,13.1883,0.0210696
201,22.8201,16.5945,-1.5287
200,22.8201,16.5945,-1.5287
201,16.399,13.9033,-1.07214
200,16.399,13.9033,-1.07214
201,6.36439,15.4786,-4.02422
200,6.36439,15.4786,-4.02422
201,10.5867,18.8848,-0.0784974
200,10.5867,18.8848,-0.0784974
201,11.5071,13.3723,0.0153412
200,11.5071,13.3723,0.0153412
201,22.1102,18.3153,-1.37847
200,22.1102,18.3153,-1.37847
201,5.85179,16.6338,-0.533296
200,5.85179,16.6338,-0.533296
201,5.39771,15.5552,-1.83253
200,5.39771,15.5552,-1.83253
201,5.45296,15.6886,-1.96969
200,5.45296,15.6886,-1.96969
201,4.98773,11.7442,-1.51363
200,4.98773,11.7442,-1.51363
201,23.3492,16.676,-1.67569
200,23.3492,16.676,-1.67569
201,21.3673,15.942,-1.41582
200,21.3673,15.942,-1.41582
201,4.71691,12.8364,-2.32878
200,4.71691,12.8364,-2.32878
201,4.78747,12.9745,-3.16526
200,4.78747,12.9745,-3.16526
201,6.15032,15.1413,-3.86809
200,6.15032,15.1413,-3.86809
201,19.7489,17.5877,-1.76831
200,19.7489,17.5877,-1.76831
201,5.22063,13.0852,-2.73115
200,5.22063,13.0852,-2.73115
201,12.311,13.8947,-0.00404034
200,12.311,13.8947,-0.00404034
201,17.8583,15.8941,-1.35297
200,17.8583,15.8941,-1.35297
201,6.06676,17.1357,-0.0511895
200,6.06676,17.1357,-0.0511895
201,9.99738,18.6434,-0.183516
200,9.99738,18.6434,-0.183516
201,4.1219,10.5804,-1.35766
200,4.1219,10.5804,-1.35766
201,3.74966,11.5565,-1.64211
200,3.74966,11.5565,-1.64211
201,12.236,21.0127,-0.121194
200,12.236,21.0127,-0.121194
201,5.84564,10.1557,-1.70798
200,5.84564,10.1557,-1.70798
201,21.3625,17.8459,-1.28443
200,21.3625,17.8459,-1.28443
201,14.6403,12.5746,-1.58275
200,14.6403,12.5746,-1.58275
201,5.13376,12.9429,-3.41377
200,5.13376,12.9429,-3.41377
201,15.051,12.8698,-0.967605
200,15.051,12.8698,-0.967605
201,5.32463,14.1433,-2.58213
200,5.32463,14.1433,-2.58213
201,3.79329,11.6302,-1.67153
200,3.79329,11.6302,-1.67153
201,4.23102,12.1026,-2.6067
200,4.23102,12.1026,-2.6067
201,10.9067,12.9808,0.0338006
200,10.9067,12.9808,0.0338006
201,18.0693,17.3977,0.162731
200,18.0693,17.3977,0.162731
201,5.18811,15.9797,-0.0170655
200,5.18811,15.9797,-0.0170655
201,4.95313,12.5475,-2.45093
200,4.95313,12.5475,-2.45093
201,4.90778,14.7968,-0.386856
200,4.90778,14.7968,-0.386856
201,8.5621,19.6354,-0.104813
200,8.5621,19.6354,-0.104813
201,4.53752,12.0773,-2.93564
200,4.53752,12.0773,-2.93564
201,12.7792,14.6368,-1.29593
200,12.7792,14.6368,-1.29593
201,9.84843,12.2953,0.0523631
200,9.84843,12.2953,0.0523631
201,5.38197,14.2505,-2.76876
200,5.38197,14.2505,-2.76876
201,9.11017,8.44809,-1.49979
200,9.11017,8.44809,-1.49979
201,5.57367,14.5525,-2.73189
200,5.57367,14.5525,-2.73189
201,3.70272,11.4821,-1.61871
200,3.70272,11.4821,-1.61871
201,14.6636,14.1562,-1.06813
200,14.6636,14.1562,-1.06813
201,13.6267,13.9006,-1.01772
200,13.6267,13.9006,-1.01772
201,1.47862,9.96981,-0.976634
200,1.47862,9.96981,-0.976634
201,9.32782,8.4966,-1.50682
200,9.32782,8.4966,-1.50682
201,1.301,9.46422,-1.09752
200,1.301,9.46422,-1.09752
201,2.76703,12.5736,0.461776
200,2.76703,12.5736,0.461776
201,4.45253,13.9449,-0.266016
200,4.45253,13.9449,-0.266016
201,8.83969,20.1925,-0.143657
200,8.83969,20.1925,-0.143657
201,6.9779,14.3303,0.0158859
200,6.9779,14.3303,0.0158859
201,4.52555,12.027,-3.04191
200,4.52555,12.027,-3.04191
201,15.0673,14.4271,-0.798501
200,15.0673,14.4271,-0.798501
201,4.96677,13.2313,-1.49346
200,4.96677,13.2313,-1.49346
201,4.6192,14.8343,-1.45896
200,4.6192,14.8343,-1.45896
201,1.33588,10.8542,-1.05165
200,1.33588,10.8542,-1.05165
201,3.28296,10.2042,-0.846368
200,3.28296,10.2042,-0.846368
201,5.92871,14.5964,-1.88388
200,5.92871,14.5964,-1.88388
201,5.09612,12.8278,-2.84209
199,5.09612,12.8278,-2.84209
201,6.05183,16.8069,-2.16981
199,6.05183,16.8069,-2.16981
201,7.45452,18.183,-2.35749
199,7.45452,18.183,-2.35749
201,8.10146,10.6832,-1.59933
199,8.10146,10.6832,-1.59933
201,4.51097,9.92689,-1.15376
199,4.51097,9.92689,-1.15376
201,3.90701,9.24424,-3.64479
199,3.90701,9.24424,-3.64479
201,5.45785,9.40695,-1.911
199,5.45785,9.40695,-1.911
201,25.4542,16.4186,-1.57062
199,25.4542,16.4186,-1.57062
201,5.49811,11.6136,-1.44801
199,5.49811,11.6136,-1.44801
201,4.38994,10.9192,-1.47528
199,4.38994,10.9192,-1.47528
201,26.6029,16.446,-1.67463
199,26.6029,16.446,-1.67463
201,18.9598,17.7208,-1.67436
199,18.9598,17.7208,-1.67436
201,3.45359,8.86168,-3.12622
199,3.45359,8.86168,-3.12622
201,22.1297,15.0538,-1.31445
199,22.1297,15.0538,-1.31445
201,8.57588,10.9551,-1.71498
199,8.57588,10.9551,-1.71498
201,5.7761,11.8472,-1.55222
199,5.7761,11.8472,-1.55222
201,29.9834,18.3021,-1.8946
199,29.9834,18.3021,-1.8946
201,20.9561,14.632,-1.23238
199,20.9561,14.632,-1.23238
201,4.7974,12.33,-2.3458
199,4.7974,12.33,-2.3458
201,14.453,12.4803,-1.56144
199,14.453,12.4803,-1.56144
201,17.0959,13.6388,-1.88858
199,17.0959,13.6388,-1.88858
201,2.51043,12.2938,0.609268
199,2.51043,12.2938,0.609268
201,3.62317,12.5825,0.0732599
199,3.62317,12.5825,0.0732599
201,25.4996,15.9932,-1.44835
199,25.4996,15.9932,-1.44835
201,11.5062,13.7574,-1.09361
199,11.5062,13.7574,-1.09361
201,16.9785,28.5301,-0.515537
198,16.9785,28.5301,-0.515537
201,4.67246,11.3317,-1.38999
198,4.67246,11.3317,-1.38999
201,30.8838,19.4726,-2.13486
198,30.8838,19.4726,-2.13486
201,5.01778,11.7228,-1.51786
198,5.01778,11.7228,-1.51786
201,5.55842,10.779,-1.54822
198,5.55842,10.779,-1.54822
201,5.4425,11.4519,-1.4516
198,5.4425,11.4519,-1.4516
201,15.7977,13.5507,-0.991387
198,15.7977,13.5507,-0.991387
201,5.30508,10.5679,-1.4563
198,5.30508,10.5679,-1.4563
201,3.7719,7.57309,-0.899052
198,3.7719,7.57309,-0.899052
201,7.48035,14.5004,1.19859
198,7.48035,14.5004,1.19859
201,1.51579,9.58929,-1.83425
198,1.51579,9.58929,-1.83425
201,30.0472,18.5142,-1.93688
198,30.0472,18.5142,-1.93688
201,15.9573,16.6957,-1.06608
198,15.9573,16.6957,-1.06608
201,5.32504,11.3933,-1.39163
198,5.32504,11.3933,-1.39163
201,11.4028,17.9584,-1.65076
198,11.4028,17.9584,-1.65076
201,9.26416,11.4033,-1.85529
198,9.26416,11.4033,-1.85529
201,5.82401,11.0117,-1.60629
197,5.82401,11.0117,-1.60629
201,7.68241,16.6564,-2.63092
197,7.68241,16.6564,-2.63092
201,31.9081,25.0497,-0.399706
197,31.9081,25.0497,-0.399706
201,2.37141,9.3472,-1.98996
197,2.37141,9.3472,-1.98996
201,2.10187,9.82089,-2.65357
197,2.10187,9.82089,-2.65357
201,1.08003,12.567,-3.4308
197,1.08003,12.567,-3.4308
201,6.08423,14.6613,1.16862
195,6.08423,14.6613,1.16862
201,6.08057,13.0633,-1.92576
194,6.08057,13.0633,-1.92576
201,5.18143,12.8989,-3.6465
193,5.18143,12.8989,-3.6465
202,4.49983,6.2192,-1.79871
202,4.56539,6.32692,-1.66128
202,4.66708,6.21238,-1.67953
202,4.87912,6.37077,-1.76502
202,2.3281,9.34597,-1.80055
202,2.34163,9.36999,-1.80298
202,2.42949,9.31949,-1.82893
202,1.59563,10.13,-2.07278
202,2.38118,9.39712,-1.80297
202,2.4325,9.31746,-1.86577
202,4.48829,7.2737,-1.48768
202,2.48391,9.33924,-1.88517
202,2.50112,9.32344,-1.88704
202,4.99789,6.69513,-1.57864
202,4.55705,7.27861,-1.51395
202,5.17616,6.38826,-1.88149
202,5.42257,6.3595,-1.60092
202,5.43374,6.35646,-1.59755
202,5.35421,6.58927,-1.55399
202,5.43949,6.50691,-1.56507
202,5.39795,6.56459,-1.5483
202,5.18202,6.8189,-1.64449
202,5.49665,6.50706,-1.58531
202,4.44007,7.09077,-2.74321
202,2.39487,9.51129,-2.52501
202,3.18149,8.47419,-2.81631
202,4.73245,7.39206,-1.58747
202,3.14275,8.59651,-2.77168
202,2.03744,9.9668,-2.53914
202,3.15625,8.54985,-2.84342
202,2.40884,9.53883,-2.58291
202,4.48909,7.09394,-2.78266
202,4.4882,7.10462,-2.76579
202,4.75482,7.42852,-1.59568
202,4.49876,7.09461,-2.78945
202,4.59717,7.01424,-2.75758
202,5.09346,7.1145,-1.56227
202,4.6202,7.00634,-2.77512
202,4.62094,7.00917,-2.78167
202,5.1508,7.09258,-1.53972
202,4.67143,6.98872,-2.76497
202,4.67545,6.98658,-2.76414
202,5.47096,6.73466,-1.59389
202,4.68646,7.01068,-2.78175
202,5.4859,6.77183,-1.59498
202,2.44906,9.63499,-2.79507
202,2.42558,9.6259,-2.89461
202,2.37431,10.5132,-1.34341
202,2.38446,10.541,-1.35311
202,2.46236,9.68202,-2.82961
202,2.44621,9.72533,-2.7826
202,2.45481,9.66021,-2.95329
202,5.594,6.86516,-1.60093
202,5.52095,6.96272,-1.64547
202,4.31154,8.46202,-1.38489
202,2.44702,9.70054,-3.0172
202,5.1947,7.42014,-1.53741
202,1.86867,10.6575,-2.52048
202,5.21177,7.4311,-1.53933
202,5.54824,6.93142,-1.79874
202,5.56793,6.99665,-1.6555
202,1.88904,10.6995,-2.5631
202,4.38279,8.53607,-1.41029
202,2.51647,9.8674,-2.89696
202,5.36609,7.36299,-1.59803
202,5.66366,6.98402,-1.69344
202,5.31739,7.46464,-1.57907
202,4.47121,7.89392,-2.72212
202,4.59419,7.72288,-2.78914
202,4.61255,7.70875,-2.8347
202,2.62059,10.6926,-1.49852
202,2.90124,10.4253,-1.4134
202,2.7359,10.65,-1.42433
202,4.57706,7.89693,-2.77446
202,4.66508,7.73984,-2.88952
202,5.27193,7.77184,-1.5448
202,4.56811,7.91542,-2.76601
202,5.19514,7.70874,-1.83188
202,5.25041,7.81347,-1.54321
202,5.27954,7.78289,-1.55292
202,5.2294,7.88253,-1.52706
202,4.54727,8.14688,-2.61863
202,3.23512,9.57721,-2.74739
202,2.18496,10.7765,-2.71973
202,2.58649,10.0281,-3.30193
202,5.66945,7.55723,-1.56692
202,2.97869,10.6348,-1.51066
202,2.22533,10.7809,-2.83923
202,5.71788,7.57531,-1.61021
202,2.58205,10.2408,-3.23333
202,2.49573,10.3468,-3.26332
202,2.50367,10.3416,-3.25796
202,2.48667,11.0628,-2.02951
202,2.63701,10.2472,-3.25422
202,2.47512,11.0982,-2.00039
202,6.03462,7.38207,-1.4868
202,5.3839,8.13524,-1.55712
202,2.23395,11.0063,-2.85457
202,4.58074,8.56662,-2.60126
202,2.51702,11.1539,-2.10327
202,2.3793,10.9633,-2.84885
202,4.59994,8.58772,-2.63673
202,3.53177,9.34889,-3.47681
202,3.4036,9.63962,-3.21848
202,3.13581,12.0887,0.779264
202,2.43627,10.9657,-2.84766
202,4.66788,8.50581,-2.78159
202,2.05813,11.7282,-2.30164
202,3.30369,9.60748,-3.66639
202,4.69704,8.52832,-2.806
202,5.52185,8.31999,-1.52315
202,4.72799,8.52869,-2.83845
202,3.40279,10.017,-2.86876
202,2.62955,12.012,-0.8938
202,4.76745,8.65203,-2.75027
202,4.56848,9.76859,-1.32225
202,5.57243,8.61165,-1.52588
202,7.04828,6.77604,-1.94129
202,4.64606,8.62841,-3.73758
202,4.66277,8.64063,-3.71072
202,4.74735,8.56896,-3.66659
202,4.80173,9.9542,-1.39976
202,5.72896,8.82807,-1.57136
202,5.74342,8.89482,-1.53657
202,7.14424,7.28163,-1.63684
202,2.74007,12.887,-0.417324
202,7.3189,6.94177,-1.93182
202,7.16343,7.29187,-1.65894
202,2.58567,11.7099,-3.0522
202,6.91965,7.58167,-1.7768
202,4.91529,10.1028,-1.45157
202,5.46057,9.47799,-1.56355
202,5.49347,9.44983,-1.55607
202,7.43141,7.28532,-1.56307
202,5.51268,9.49456,-1.56902
202,7.5075,7.25856,-1.60034
202,7.43358,7.29951,-1.68812
202,7.45707,7.36692,-1.58906
202,5.01912,10.2448,-1.50003
202,7.1394,7.89434,-1.56617
202,7.21963,7.83182,-1.57413
202,2.49256,12.6522,-2.72592
202,7.40197,7.81139,-1.56005
202,4.57004,11.1326,-1.31392
202,7.335,7.88309,-1.59451
202,7.49643,7.80433,-1.58757
202,5.78563,9.59135,-1.98504
202,6.06204,7.95461,-4.57919
202,7.67465,7.72428,-1.62958
202,7.96958,7.37986,-1.70429
202,6.09937,7.97176,-4.62271
202,8.15243,6.88864,-2.32032
202,6.08566,8.03443,-4.58007
202,7.86213,7.58492,-1.68035
202,8.47019,6.99318,-1.55031
202,7.67835,7.85512,-1.62905
202,6.91334,8.82247,-1.45844
202,7.82247,7.8611,-1.6512
202,4.80917,11.4022,-1.39215
202,7.04882,8.84455,-1.48875
202,24.8375,20.7589,-0.338277
201,24.8375,20.7589,-0.338277
202,24.7337,20.7619,-0.336091
201,24.7337,20.7619,-0.336091
202,4.36501,11.716,-1.30321
201,4.36501,11.716,-1.30321
202,16.7213,16.6953,-0.236176
201,16.7213,16.6953,-0.236176
202,26.1153,17.4521,-1.90646
201,26.1153,17.4521,-1.90646
202,11.3184,17.8491,-1.65201
201,11.3184,17.8491,-1.65201
202,7.80281,14.0212,-1.04441
201,7.80281,14.0212,-1.04441
202,11.3441,13.1841,0.145777
201,11.3441,13.1841,0.145777
202,19.424,18.6335,0.0706608
201,19.424,18.6335,0.0706608
202,6.11043,12.1845,-1.68848
201,6.11043,12.1845,-1.68848
202,10.7305,19.5924,-0.229385
201,10.7305,19.5924,-0.229385
202,10.191,8.6938,-1.60006
201,10.191,8.6938,-1.60006
202,14.5169,15.1103,0.152141
201,14.5169,15.1103,0.152141
202,16.3176,13.8446,-1.06642
201,16.3176,13.8446,-1.06642
202,5.18263,10.8164,-1.2649
201,5.18263,10.8164,-1.2649
202,7.88702,8.94328,-1.55907
201,7.88702,8.94328,-1.55907
202,28.1158,16.8573,-1.67611
201,28.1158,16.8573,-1.67611
202,18.5484,28.9302,-0.288742
201,18.5484,28.9302,-0.288742
202,18.9508,18.2498,0.122345
201,18.9508,18.2498,0.122345
202,25.7501,17.2044,-1.69266
201,25.7501,17.2044,-1.69266
202,27.0514,16.4637,-1.61595
201,27.0514,16.4637,-1.61595
202,10.0143,22.0779,-0.141402
201,10.0143,22.0779,-0.141402
202,6.09371,15.0758,-3.20261
201,6.09371,15.0758,-3.20261
202,16.3464,17.0273,-1.49782
201,16.3464,17.0273,-1.49782
202,19.7433,16.9673,-1.53661
201,19.7433,16.9673,-1.53661
202,9.92909,8.63246,-1.54438
201,9.92909,8.63246,-1.54438
202,4.71428,12.6214,-3.06351
201,4.71428,12.6214,-3.06351
202,14.7561,10.8542,-1.63802
201,14.7561,10.8542,-1.63802
202,13.6603,13.5318,-1.39488
201,13.6603,13.5318,-1.39488
202,4.83003,11.5438,-1.44996
201,4.83003,11.5438,-1.44996
202,17.2878,17.6651,-0.196641
201,17.2878,17.6651,-0.196641
202,21.4965,13.9787,2.15683
201,21.4965,13.9787,2.15683
202,28.8936,15.4322,2.62474
201,28.8936,15.4322,2.62474
202,5.62092,14.0475,-3.78189
201,5.62092,14.0475,-3.78189
202,5.23796,13.096,-3.47563
201,5.23796,13.096,-3.47563
202,8.03304,16.251,-0.115842
201,8.03304,16.251,-0.115842
202,14.6181,10.8488,-1.6232
201,14.6181,10.8488,-1.6232
202,7.70511,8.82586,-1.5372
201,7.70511,8.82586,-1.5372
202,9.31851,8.52476,-1.52163
201,9.31851,8.52476,-1.52163
202,9.12019,20.5853,-0.128552
201,9.12019,20.5853,-0.128552
202,4.42269,10.3622,-1.08376
201,4.42269,10.3622,-1.08376
202,6.2206,14.8637,1.19832
201,6.2206,14.8637,1.19832
202,5.2078,13.3979,-3.45659
201,5.2078,13.3979,-3.45659
202,7.90635,21.1755,-0.198405
201,7.90635,21.1755,-0.198405
202,33.5063,16.4014,2.97273
201,33.5063,16.4014,2.97273
202,33.652,16.5026,3.38277
201,33.652,16.5026,3.38277
202,5.27652,13.5067,-3.17759
201,5.27652,13.5067,-3.17759
202,10.9335,8.21756,-1.45664
201,10.9335,8.21756,-1.45664
202,7.25547,17.4064,-0.0508309
201,7.25547,17.4064,-0.0508309
202,26.1646,17.5717,-1.69181
201,26.1646,17.5717,-1.69181
202,7.33149,20.5784,-0.154079
201,7.33149,20.5784,-0.154079
202,13.5431,13.5194,-1.36478
201,13.5431,13.5194,-1.36478
202,1.75814,10.486,-1.75166
201,1.75814,10.486,-1.75166
202,10.373,8.07633,-1.37683
201,10.373,8.07633,-1.37683
202,5.60044,13.6415,-3.10688
201,5.60044,13.6415,-3.10688
202,6.71719,16.1175,-2.19691
201,6.71719,16.1175,-2.19691
202,15.3257,14.5667,-1.1358
201,15.3257,14.5667,-1.1358
202,27.6936,14.5879,2.36273
201,27.6936,14.5879,2.36273
202,10.613,8.21716,-1.40148
201,10.613,8.21716,-1.40148
202,10.5435,8.16142,-1.38616
201,10.5435,8.16142,-1.38616
202,5.24508,13.001,-2.60473
201,5.24508,13.001,-2.60473
202,2.78148,9.69847,-1.14493
201,2.78148,9.69847,-1.14493
202,14.3502,11.6158,-0.70986
201,14.3502,11.6158,-0.70986
202,8.99694,23.022,-0.262074
201,8.99694,23.022,-0.262074
202,5.7151,13.7339,-2.86475
201,5.7151,13.7339,-2.86475
202,8.67593,8.2965,-1.37322
201,8.67593,8.2965,-1.37322
202,8.10214,13.3935,-1.44748
200,8.10214,13.3935,-1.44748
202,5.47954,13.8116,-3.24743
200,5.47954,13.8116,-3.24743
202,5.14257,12.8771,-2.76322
200,5.14257,12.8771,-2.76322
202,20.1213,15.3444,-1.35686
200,20.1213,15.3444,-1.35686
202,17.4715,17.4481,-1.21342
200,17.4715,17.4481,-1.21342
202,5.47315,10.7742,-1.4971
200,5.47315,10.7742,-1.4971
202,6.00081,12.8142,-1.58681
200,6.00081,12.8142,-1.58681
202,9.73441,14.9205,-1.81693
200,9.73441,14.9205,-1.81693
202,7.5928,12.9023,-1.32906
200,7.5928,12.9023,-1.32906
202,5.28702,13.089,-2.88223
200,5.28702,13.089,-2.88223
202,19.2384,19.0078,-1.39671
200,19.2384,19.0078,-1.39671
202,4.59118,10.5965,-4.34725
200,4.59118,10.5965,-4.34725
202,8.72229,10.9373,-1.71392
200,8.72229,10.9373,-1.71392
202,5.10497,7.07515,-1.66664
200,5.10497,7.07515,-1.66664
202,5.25782,13.0672,-2.86619
200,5.25782,13.0672,-2.86619
202,9.0815,14.3074,-1.67508
200,9.0815,14.3074,-1.67508
202,16.9115,13.8406,-1.07413
200,16.9115,13.8406,-1.07413
202,4.67258,9.74131,-1.23627
200,4.67258,9.74131,-1.23627
202,14.2422,10.4448,-1.59386
200,14.2422,10.4448,-1.59386
202,30.3786,25.3245,-2.21745
200,30.3786,25.3245,-2.21745
202,5.59328,13.8633,-3.22209
200,5.59328,13.8633,-3.22209
202,5.34243,7.22288,-1.57579
200,5.34243,7.22288,-1.57579
202,5.10497,7.07515,-1.66664
200,5.10497,7.07515,-1.66664
202,16.5617,13.9326,-1.04851
200,16.5617,13.9326,-1.04851
202,8.52007,18.8291,-2.93738
200,8.52007,18.8291,-2.93738
202,15.3477,13.2594,-0.976866
200,15.3477,13.2594,-0.976866
202,22.1654,19.334,-0.104635
200,22.1654,19.334,-0.104635
202,23.0648,19.6649,-2.13672
199,23.0648,19.6649,-2.13672
202,7.15421,16.0165,-2.39706
199,7.15421,16.0165,-2.39706
202,5.60003,11.7239,-1.48396
199,5.60003,11.7239,-1.48396
202,4.95476,10.2671,-1.32031
199,4.95476,10.2671,-1.32031
202,6.17649,15.9421,-1.96536
199,6.17649,15.9421,-1.96536
202,5.49294,14.7981,-1.6891
199,5.49294,14.7981,-1.6891
202,6.06941,16.4662,-2.6063
199,6.06941,16.4662,-2.6063
202,4.43185,10.1509,-1.11724
199,4.43185,10.1509,-1.11724
202,8.20708,15.5976,-2.30212
199,8.20708,15.5976,-2.30212
202,12.8791,13.5594,-0.053464
199,12.8791,13.5594,-0.053464
202,8.63656,18.8913,-2.96235
199,8.63656,18.8913,-2.96235
202,16.7137,17.2375,-1.15144
199,16.7137,17.2375,-1.15144
202,10.1016,9.75663,-2.22166
199,10.1016,9.75663,-2.22166
202,10.2584,9.32967,-2.27949
199,10.2584,9.32967,-2.27949
202,18.294,18.2926,-1.25725
199,18.294,18.2926,-1.25725
202,7.48176,17.8468,-0.119026
199,7.48176,17.8468,-0.119026
202,5.96737,8.54037,-1.80552
199,5.96737,8.54037,-1.80552
202,21.1518,18.4326,-1.79941
199,21.1518,18.4326,-1.79941
202,2.49861,9.48116,-1.79794
199,2.49861,9.48116,-1.79794
202,8.28035,17.5001,-2.84029
197,8.28035,17.5001,-2.84029
202,5.87494,11.719,-1.61629
197,5.87494,11.719,-1.61629
202,14.9274,15.329,-1.23991
197,14.9274,15.329,-1.23991
202,6.34258,11.0323,-1.7599
197,6.34258,11.0323,-1.7599
202,2.54912,12.366,0.626259
197,2.54912,12.366,0.626259
202,1.49618,10.114,-2.00293
197,1.49618,10.114,-2.00293
202,2.68204,12.1947,0.149961
197,2.68204,12.1947,0.149961
202,7.18725,15.7636,-2.40059
195,7.18725,15.7636,-2.40059
202,9.28163,18.4269,-0.570867
194,9.28163,18.4269,-0.570867
202,6.47854,15.0175,-2.13432
193,6.47854,15.0175,-2.13432
203,3.97339,6.2973,-1.47473
203,4.24919,5.87941,-1.75266
203,4.05939,6.26783,-1.57359
203,4.1147,6.25984,-1.60075
203,4.3007,6.11613,-1.59951
203,4.27079,6.14655,-1.65364
203,4.19479,6.29542,-1.59062
203,4.32717,6.11546,-1.61322
203,4.34835,6.08761,-1.69321
203,4.31608,6.13563,-1.68609
203,4.26679,6.30488,-1.60374
203,4.39919,6.11263,-1.64516
203,4.41663,6.11141,-1.64923
203,4.4318,6.32091,-1.61405
203,4.74888,5.85586,-1.73409
203,4.71914,6.09068,-1.61818
203,4.74603,6.10948,-1.63721
203,4.65536,6.32366,-1.6995
203,2.42703,9.23911,-1.84975
203,4.86511,6.12116,-1.68453
203,4.49132,6.71478,-1.64706
203,4.47893,6.7644,-1.63949
203,2.52659,9.31387,-1.80491
203,4.39509,6.95979,-1.58119
203,4.47993,6.82108,-1.62927
203,4.5076,6.83009,-1.6462
203,4.48819,6.80334,-1.81038
203,4.48,6.98852,-1.61927
203,4.87217,6.37824,-1.76952
203,4.49495,6.97554,-1.63091
203,4.55826,6.81061,-1.8492
203,4.5701,6.86603,-1.84378
203,4.59762,6.84877,-1.84746
203,4.47506,7.17461,-1.60773
203,2.59506,9.57175,-1.8458
203,4.47352,7.19132,-1.60263
203,4.61632,6.85913,-1.8623
203,4.73765,6.96774,-1.51625
203,4.94601,6.67424,-1.56284
203,3.13644,8.42576,-2.75649
203,5.45593,6.0639,-1.67402
203,5.45193,6.07929,-1.68341
203,4.85714,7.00125,-1.56126
203,4.89173,7.02588,-1.57124
203,3.17675,8.60279,-2.78786
203,2.1581,10.0278,-2.71187
203,2.32166,10.6608,-1.39624
203,3.19721,8.61641,-2.8183
203,4.94242,7.02892,-1.59902
203,3.18509,8.59725,-2.90208
203,5.53376,6.19473,-1.68442
203,3.20842,8.64858,-2.83887
203,4.49669,7.00091,-2.70983
203,4.5109,6.99365,-2.70015
203,4.51015,7.00734,-2.69038
203,4.55776,6.97673,-2.69163
203,4.74944,7.40209,-1.59599
203,4.55152,6.99348,-2.68438
203,5.44639,6.46847,-1.59779
203,5.43431,6.48286,-1.6011
203,2.57629,10.4442,-1.43273
203,4.53922,6.99879,-2.71412
203,4.54256,6.98792,-2.72447
203,3.17111,8.84371,-2.71818
203,4.57278,6.96184,-2.70577
203,2.41183,10.686,-1.41868
203,3.1744,8.84013,-2.75124
203,4.54399,7.00415,-2.74029
203,5.62023,6.21286,-1.68038
203,5.62802,6.21182,-1.68197
203,5.6216,6.21819,-1.68812
203,5.45929,6.4872,-1.6108
203,4.80039,7.37108,-1.62699
203,3.20395,8.8075,-2.801
203,3.21412,8.78624,-2.81379
203,5.41998,6.59364,-1.5744
203,4.5168,7.15235,-2.63862
203,5.4853,6.5095,-1.58117
203,4.50446,7.09245,-2.80139
203,4.5034,7.09722,-2.8053
203,2.59738,10.5351,-1.44667
203,5.68043,6.23433,-1.70414
203,5.51761,6.52168,-1.62182
203,4.5444,7.19371,-2.65698
203,4.54785,7.23525,-2.66208
203,5.76488,6.24343,-1.73411
203,5.13306,7.1391,-1.68181
203,5.14453,7.12501,-1.68865
203,3.26811,9.01221,-2.7984
203,5.1856,7.32319,-1.44143
203,5.3076,7.04856,-1.62111
203,4.45559,8.28927,-1.516
203,5.38696,6.91408,-1.73985
203,4.50052,8.32692,-1.56065
203,5.41481,7.04527,-1.65438
203,5.41764,7.04195,-1.65669
203,4.97619,7.61268,-1.70317
203,5.94085,6.27206,-1.7904
203,5.28658,7.19092,-1.74658
203,5.47669,6.92177,-1.77386
203,5.47542,7.04421,-1.68849
203,5.5384,6.98735,-1.65399
203,5.54579,6.98625,-1.6606
203,5.3643,7.40839,-1.5129
203,2.09829,11.0009,-2.85938
203,5.34501,7.45174,-1.57135
203,5.10114,7.78611,-1.57834
203,4.58844,7.70648,-2.81775
203,5.09621,7.78746,-1.59051
203,2.20637,10.9482,-2.81401
203,3.02555,10.6958,-1.52866
203,3.04053,10.7589,-1.5566
203,3.31496,9.64897,-2.78512
203,4.6091,7.91964,-2.78839
203,2.41965,10.8836,-2.78072
203,3.3011,9.68158,-2.85042
203,2.60019,10.3348,-3.32504
203,5.55185,7.49033,-1.58563
203,5.25092,7.86679,-1.64932
203,3.37037,9.74047,-2.84605
203,5.38287,7.8494,-1.5763
203,3.36114,9.7888,-2.9163
203,3.35479,9.91467,-2.80412
203,5.47255,7.86493,-1.53056
203,4.63393,7.74302,-3.65918
203,5.4565,7.97198,-1.51862
203,6.73363,6.11027,-1.78134
203,4.5631,8.5481,-2.59327
203,6.74333,6.12138,-1.79121
203,4.56441,8.56247,-2.59482
203,3.32563,9.62251,-3.62954
203,5.29258,8.27428,-1.53252
203,4.61723,7.94378,-3.57725
203,5.32503,8.25324,-1.54943
203,4.58739,8.57739,-2.63048
203,5.32773,8.2951,-1.49648
203,5.43652,8.1482,-1.49911
203,5.42248,8.12334,-1.57549
203,6.74823,6.20032,-1.81915
203,3.35879,10.2699,-2.72543
203,4.63822,8.6352,-2.57925
203,3.39575,10.1883,-2.81047
203,4.63773,8.62122,-2.63818
203,4.68319,8.52337,-2.81051
203,4.68887,8.51759,-2.82549
203,4.93979,8.79895,-1.85553
203,5.47902,8.29939,-1.50698
203,6.88873,6.16248,-1.88683
203,7.25884,5.95787,-1.52006
203,4.75161,8.52117,-2.84721
203,4.73817,8.64399,-2.72889
203,3.5094,10.1999,-2.98421
203,7.37618,5.9882,-1.62068
203,7.06356,6.33548,-1.83425
203,4.69251,8.50526,-3.55379
203,4.70774,8.53293,-3.66283
203,7.12729,6.4084,-1.8482
203,4.71225,8.55016,-3.64505
203,6.23741,8.01824,-1.56191
203,4.85648,9.98683,-1.42704
203,4.91316,10.1401,-1.44687
203,5.43699,9.45919,-1.55054
203,6.96225,7.36878,-1.74386
203,7.09344,7.28116,-1.63976
203,5.44583,9.59327,-1.55106
203,5.49605,9.63123,-1.5699
203,5.07818,10.232,-1.51733
203,7.09841,7.36784,-1.77944
203,7.09359,7.38286,-1.78167
203,4.80866,10.6066,-1.73326
203,5.15064,10.278,-1.55054
203,5.11709,10.3565,-1.53043
203,7.18683,7.42617,-1.80544
203,7.10129,7.80493,-1.54807
203,5.22965,10.4284,-1.58017
203,7.58676,7.26831,-1.62862
203,7.52632,7.38111,-1.59831
203,5.49444,10.2059,-1.46696
203,7.5788,7.32847,-1.61936
203,7.53583,7.40185,-1.61738
203,7.25607,7.85516,-1.50685
203,7.50991,7.43616,-1.63422
203,7.56707,7.40054,-1.61379
203,7.67062,7.27728,-1.64732
203,4.76273,11.3665,-1.40454
203,4.79573,11.4329,-1.42682
203,7.66774,7.51048,-1.64026
203,7.73515,7.52965,-1.65314
203,5.03316,11.4008,-1.3521
203,5.88427,10.1478,-1.71895
203,5.64972,10.5485,-1.60301
203,7.22207,8.62466,-1.45485
203,23.2921,16.3792,-1.54473
202,23.2921,16.3792,-1.54473
203,23.3751,16.5751,-1.65366
202,23.3751,16.5751,-1.65366
203,17.3369,16.308,-1.52639
202,17.3369,16.308,-1.52639
203,6.62563,12.9122,-1.85125
202,6.62563,12.9122,-1.85125
203,16.4521,16.1269,-1.41381
202,16.4521,16.1269,-1.41381
203,8.02335,13.2943,-1.44239
202,8.02335,13.2943,-1.44239
203,17.4726,17.7847,-0.225274
202,17.4726,17.7847,-0.225274
203,22.6488,20.6923,-0.28677
202,22.6488,20.6923,-0.28677
203,15.6182,10.9329,-1.75627
202,15.6182,10.9329,-1.75627
203,9.6271,18.1164,-0.258517
202,9.6271,18.1164,-0.258517
203,13.9751,14.4287,0.130271
202,13.9751,14.4287,0.130271
203,11.0949,20.8164,-0.651114
202,11.0949,20.8164,-0.651114
203,18.5781,16.5213,-1.57173
202,18.5781,16.5213,-1.57173
203,8.39807,10.7451,-1.62503
202,8.39807,10.7451,-1.62503
203,21.5844,15.7577,-1.49324
202,21.5844,15.7577,-1.49324
203,6.188,8.18167,-4.70488
202,6.188,8.18167,-4.70488
203,22.0155,15.0012,-1.33591
202,22.0155,15.0012,-1.33591
203,9.45255,8.56592,-1.4932
202,9.45255,8.56592,-1.4932
203,7.88163,8.85728,-1.55632
202,7.88163,8.85728,-1.55632
203,9.86329,19.2385,-0.602216
202,9.86329,19.2385,-0.602216
203,9.79856,7.04735,-1.66692
202,9.79856,7.04735,-1.66692
203,10.232,19.5936,-0.621775
202,10.232,19.5936,-0.621775
203,11.0065,19.4245,-0.203059
202,11.0065,19.4245,-0.203059
203,17.9793,16.2051,-1.51513
202,17.9793,16.2051,-1.51513
203,28.3804,16.1119,2.97179
202,28.3804,16.1119,2.97179
203,11.0116,8.24112,-1.48307
202,11.0116,8.24112,-1.48307
203,38.3244,10.1525,-0.736976
202,38.3244,10.1525,-0.736976
203,9.90621,7.19122,-1.68007
202,9.90621,7.19122,-1.68007
203,9.69128,7.32186,-1.63044
202,9.69128,7.32186,-1.63044
203,41.1353,10.5002,1.49817
202,41.1353,10.5002,1.49817
203,40.202,12.3422,-1.48207
202,40.202,12.3422,-1.48207
203,42.6943,12.6875,1.82816
202,42.6943,12.6875,1.82816
203,4.8567,12.5091,-3.16973
202,4.8567,12.5091,-3.16973
203,8.16913,15.7611,-0.0207692
202,8.16913,15.7611,-0.0207692
203,12.2448,13.1971,-0.0648756
202,12.2448,13.1971,-0.0648756
203,27.327,15.51,2.59742
202,27.327,15.51,2.59742
203,5.29713,14.2305,-3.54639
202,5.29713,14.2305,-3.54639
203,7.69289,14.8815,1.25107
202,7.69289,14.8815,1.25107
203,26.9828,18.0602,-1.79295
202,26.9828,18.0602,-1.79295
203,11.2681,19.5909,-0.0830407
202,11.2681,19.5909,-0.0830407
203,15.5998,11.7503,1.56138
202,15.5998,11.7503,1.56138
203,7.39253,12.6687,-1.31457
202,7.39253,12.6687,-1.31457
203,38.2061,11.9899,1.64586
202,38.2061,11.9899,1.64586
203,5.30366,15.3337,-2.06256
202,5.30366,15.3337,-2.06256
203,12.4621,7.16872,-1.73108
202,12.4621,7.16872,-1.73108
203,11.2642,7.30508,0.495648
202,11.2642,7.30508,0.495648
203,32.8381,9.54151,-1.26245
202,32.8381,9.54151,-1.26245
203,5.60638,11.5566,-5.45417
202,5.60638,11.5566,-5.45417
203,5.74598,14.2412,-1.85998
202,5.74598,14.2412,-1.85998
203,5.28536,13.0753,-3.64575
202,5.28536,13.0753,-3.64575
203,36.8559,11.7834,1.61178
202,36.8559,11.7834,1.61178
203,4.594,7.01815,-2.75744
202,4.594,7.01815,-2.75744
203,13.4867,13.8523,-1.03879
202,13.4867,13.8523,-1.03879
203,29.7557,9.24083,-1.10727
202,29.7557,9.24083,-1.10727
203,9.8162,7.0741,-1.66146
202,9.8162,7.0741,-1.66146
203,9.1411,8.43316,-1.48031
202,9.1411,8.43316,-1.48031
203,36.0268,11.6584,1.60196
202,36.0268,11.6584,1.60196
203,5.13473,12.8338,-3.60605
202,5.13473,12.8338,-3.60605
203,5.21662,12.9544,-3.646
202,5.21662,12.9544,-3.646
203,3.99107,11.32,-1.95783
202,3.99107,11.32,-1.95783
203,10.1568,7.13675,-1.74301
202,10.1568,7.13675,-1.74301
203,5.91019,17.4477,-0.0666269
202,5.91019,17.4477,-0.0666269
203,2.90161,9.59015,-2.19205
202,2.90161,9.59015,-2.19205
203,5.20909,15.0993,-2.10896
202,5.20909,15.0993,-2.10896
203,40.2692,12.3823,1.78235
202,40.2692,12.3823,1.78235
203,10.1667,11.9576,0.066718
202,10.1667,11.9576,0.066718
203,11.2703,8.23964,-1.48866
202,11.2703,8.23964,-1.48866
203,4.89445,14.542,-1.93807
202,4.89445,14.542,-1.93807
203,15.0982,14.6815,-1.18034
201,15.0982,14.6815,-1.18034
203,17.1158,17.3422,-1.67829
201,17.1158,17.3422,-1.67829
203,6.17375,12.4881,-1.74091
201,6.17375,12.4881,-1.74091
203,13.5315,11.2224,-0.703449
201,13.5315,11.2224,-0.703449
203,4.62609,7.92068,-2.81495
201,4.62609,7.92068,-2.81495
203,25.06,15.6752,-1.53214
201,25.06,15.6752,-1.53214
203,14.3107,11.5237,-0.75413
201,14.3107,11.5237,-0.75413
203,6.3099,12.6413,-1.78489
201,6.3099,12.6413,-1.78489
203,22.7523,21.5529,-2.49537
201,22.7523,21.5529,-2.49537
203,15.2347,16.3317,-1.55767
201,15.2347,16.3317,-1.55767
203,4.83358,8.75179,-3.87352
201,4.83358,8.75179,-3.87352
203,23.9086,14.4104,2.2592
201,23.9086,14.4104,2.2592
203,35.964,17.1761,3.12091
201,35.964,17.1761,3.12091
203,16.3015,15.0431,-0.926468
201,16.3015,15.0431,-0.926468
203,9.11762,17.0246,0.018116
201,9.11762,17.0246,0.018116
203,8.99949,23.056,-0.986044
201,8.99949,23.056,-0.986044
203,10.9768,13.2822,-0.900768
201,10.9768,13.2822,-0.900768
203,20.3545,17.4139,-2.21268
201,20.3545,17.4139,-2.21268
203,5.33584,7.8653,-1.48005
201,5.33584,7.8653,-1.48005
203,4.68347,15.2288,-2.85677
201,4.68347,15.2288,-2.85677
203,5.27037,13.4463,-3.12487
201,5.27037,13.4463,-3.12487
203,4.68476,8.49861,-2.83408
201,4.68476,8.49861,-2.83408
203,9.98045,25.0049,-1.09012
201,9.98045,25.0049,-1.09012
203,4.91185,12.8404,-2.59607
201,4.91185,12.8404,-2.59607
203,8.554,19.6642,-0.114669
201,8.554,19.6642,-0.114669
203,5.16005,8.34614,-1.38634
200,5.16005,8.34614,-1.38634
203,5.03207,12.6785,-3.43802
200,5.03207,12.6785,-3.43802
203,7.15666,10.0469,-1.36781
200,7.15666,10.0469,-1.36781
203,5.14184,12.8995,-3.42554
200,5.14184,12.8995,-3.42554
203,5.4153,10.4103,-1.49398
200,5.4153,10.4103,-1.49398
203,23.4184,19.7566,-0.228119
200,23.4184,19.7566,-0.228119
203,4.6228,8.49922,-3.53252
200,4.6228,8.49922,-3.53252
203,7.89489,17.2494,-2.71205
200,7.89489,17.2494,-2.71205
203,4.20788,10.1976,-1.00089
200,4.20788,10.1976,-1.00089
203,25.9725,21.7128,-0.182472
200,25.9725,21.7128,-0.182472
203,14.816,15.4329,0.0530641
200,14.816,15.4329,0.0530641
203,5.66399,11.281,-1.55272
199,5.66399,11.281,-1.55272
203,10.1158,16.9239,-1.34397
199,10.1158,16.9239,-1.34397
203,6.56018,12.1345,-1.8805
199,6.56018,12.1345,-1.8805
203,22.8682,19.385,-0.312322
199,22.8682,19.385,-0.312322
203,23.9862,20.0782,-0.0543305
199,23.9862,20.0782,-0.0543305
203,22.4048,19.0983,-0.267698
199,22.4048,19.0983,-0.267698
203,15.2859,16.1039,-1.49686
199,15.2859,16.1039,-1.49686
203,11.8892,12.9929,0.137955
199,11.8892,12.9929,0.137955
203,7.49687,16.5979,-2.55931
199,7.49687,16.5979,-2.55931
203,23.273,20.5433,0.106317
197,23.273,20.5433,0.106317
203,6.62993,15.19,-2.23071
192,6.62993,15.19,-2.23071
203,10.2501,16.7435,-1.48856
191,10.2501,16.7435,-1.48856
203,6.62609,13.1081,-1.83717
193,6.62609,13.1081,-1.83717
204,2.77296,6.17426,0.0240822
204,4.35456,5.75837,-1.53991
204,4.23756,5.85605,-1.72004
204,4.4277,5.75529,-1.57921
204,4.48701,5.69293,-1.76445
204,4.41916,5.93296,-1.64264
204,4.53609,5.69039,-1.81154
204,4.45699,5.93484,-1.66333
204,4.18062,6.59091,-1.47925
204,4.51963,5.92305,-1.69315
204,4.49585,5.97845,-1.83906
204,4.5107,5.95296,-1.84875
204,2.48349,9.11942,-1.84463
204,4.6027,5.92768,-1.74352
204,4.719,5.82891,-1.72666
204,2.49992,9.18197,-1.89205
204,4.44427,6.38182,-1.64107
204,4.45927,6.37362,-1.64511
204,4.49249,6.32261,-1.6463
204,4.66772,6.10066,-1.58811
204,4.46261,6.3695,-1.65501
204,4.47708,6.33729,-1.66857
204,4.77422,5.84136,-1.75096
204,4.45598,6.41467,-1.64979
204,4.42886,6.4854,-1.61794
204,4.41342,6.52193,-1.60969
204,2.43984,9.46747,-1.7772
204,4.52557,6.37783,-1.61721
204,4.56568,6.32169,-1.65322
204,4.42378,6.59131,-1.61295
204,2.52326,9.42613,-1.75892
204,4.41668,6.62021,-1.60637
204,4.5633,6.37837,-1.64008
204,4.36657,6.77336,-1.57053
204,4.45622,6.5953,-1.63267
204,4.45074,6.61173,-1.62496
204,4.62576,6.36598,-1.65661
204,2.57437,9.46564,-1.77326
204,4.64291,6.36306,-1.65605
204,4.45575,6.73251,-1.62385
204,4.29818,6.32186,-2.52069
204,4.82991,6.12958,-1.67626
204,4.29993,6.31681,-2.53874
204,4.46313,6.74867,-1.62385
204,4.46538,6.75089,-1.6219
204,4.47514,6.73451,-1.63403
204,4.83523,6.20991,-1.59398
204,5.17645,5.71801,-1.58091
204,4.33737,6.32161,-2.55
204,4.45938,6.9188,-1.61201
204,5.21158,5.85214,-1.56042
204,4.51664,6.83864,-1.80085
204,5.08687,6.13662,-1.62913
204,5.02417,6.18706,-1.76762
204,4.98895,6.33003,-1.72358
204,4.50501,7.27777,-1.60873
204,5.10858,6.33959,-1.77521
204,5.65443,5.70903,-1.56011
204,4.56058,7.35748,-1.63601
204,5.05013,6.68438,-1.59887
204,3.17235,8.77732,-2.73066
204,5.06677,6.69426,-1.60833
204,5.4658,6.10688,-1.64462
204,3.18958,8.80837,-2.75723
204,5.59468,5.68822,-1.94958
204,5.47509,6.07937,-1.68215
204,3.19993,8.8034,-2.76316
204,4.69638,7.38842,-1.56269
204,5.08995,6.77563,-1.61208
204,4.72044,7.39733,-1.58286
204,3.17856,8.99721,-2.68506
204,3.19157,8.96278,-2.7099
204,5.2983,6.32389,-1.87589
204,5.12331,6.79224,-1.62807
204,3.19637,9.01208,-2.71372
204,4.9495,7.15584,-1.70432
204,4.47265,7.10502,-2.78552
204,5.66423,6.03409,-1.78093
204,4.5365,7.13798,-2.66776
204,5.04454,7.12928,-1.63965
204,5.42238,6.54887,-1.65221
204,5.03588,7.16591,-1.69414
204,5.49665,6.56846,-1.58622
204,5.56085,6.46359,-1.62222
204,5.69225,6.19575,-1.71208
204,5.52735,6.54057,-1.59356
204,5.57541,6.49932,-1.60009
204,5.58573,6.49506,-1.6059
204,5.56534,6.53605,-1.60505
204,4.63642,7.85565,-1.79014
204,5.63079,6.49111,-1.63178
204,5.27412,7.10233,-1.58641
204,4.53714,7.12194,-3.16942
204,5.27282,7.14781,-1.58397
204,5.32093,7.05782,-1.61208
204,4.94615,7.7164,-1.52119
204,5.30353,7.11393,-1.59513
204,5.26348,7.19896,-1.57969
204,5.35521,7.02867,-1.62858
204,5.68917,6.49527,-1.65514
204,5.3433,7.07487,-1.59404
204,4.96776,7.73238,-1.52641
204,5.29782,7.21039,-1.58671
204,5.40317,7.0197,-1.65496
204,5.32973,7.20853,-1.56952
204,5.44635,7.00633,-1.62736
204,5.4456,7.0113,-1.63023
204,5.31406,7.28761,-1.55481
204,4.59723,8.24733,-1.75989
204,5.45216,7.02305,-1.65378
204,5.28823,7.4792,-1.46423
204,5.32208,7.38002,-1.59092
204,5.32199,7.38766,-1.59251
204,5.65049,6.88058,-1.61259
204,3.318,9.63051,-2.79588
204,3.27758,9.77312,-2.68767
204,3.33017,9.66373,-2.7924
204,3.30678,9.64672,-2.8819
204,5.11121,7.82055,-1.58865
204,5.37341,7.41654,-1.59603
204,5.38198,7.40939,-1.59757
204,5.36723,7.45377,-1.60163
204,5.41435,7.49949,-1.47232
204,5.64304,6.87233,-1.85411
204,5.73841,6.88785,-1.6483
204,5.37785,7.49838,-1.59355
204,5.38058,7.61051,-1.49913
204,5.17508,7.84038,-1.62515
204,3.33771,9.88061,-2.76582
204,4.67198,7.86577,-2.78597
204,5.42579,7.58809,-1.58581
204,5.80927,6.91809,-1.71854
204,5.33483,7.76112,-1.5724
204,4.72968,8.7532,-1.57189
204,5.35449,7.80424,-1.56167
204,5.18069,8.13153,-1.54624
204,5.38523,7.81777,-1.55284
204,4.67963,7.96909,-2.85489
204,5.60164,7.53791,-1.56986
204,5.39144,7.88622,-1.54625
204,5.62442,7.54131,-1.5736
204,5.3735,7.95527,-1.55355
204,5.34523,8.01576,-1.56028
204,5.64299,7.56258,-1.57847
204,5.27688,8.14576,-1.56947
204,5.36286,8.01677,-1.5728
204,5.49368,7.93657,-1.45505
204,5.35041,8.09984,-1.56467
204,4.83058,8.73491,-1.80317
204,5.32133,8.26155,-1.54608
204,5.74139,7.60695,-1.58396
204,5.34965,8.24784,-1.55256
204,4.60568,7.90275,-3.59331
204,6.67102,6.14509,-1.67465
204,5.57278,7.95745,-1.52814
204,4.63878,7.96162,-3.56151
204,6.74456,6.11481,-1.64396
204,6.75367,6.11587,-1.64056
204,4.66108,8.6061,-2.65813
204,4.66425,8.6173,-2.6595
204,4.70762,8.67773,-2.6261
204,5.29486,8.74691,-1.37911
204,5.89559,7.65831,-1.61964
204,3.41562,10.7246,-2.68002
204,4.73352,8.67496,-2.7031
204,4.72975,8.71112,-2.67507
204,3.42611,10.7189,-2.68845
204,5.9253,7.64167,-1.62129
204,4.74759,8.5369,-2.89624
204,5.93331,7.64919,-1.61823
204,7.12988,5.88161,-1.56774
204,6.31746,6.98273,-1.83889
204,7.16792,5.87314,-1.57268
204,7.15771,5.88171,-1.59743
204,6.00078,7.62292,-1.66976
204,3.45984,10.807,-2.75457
204,7.2035,5.87937,-1.59718
204,5.54938,8.50847,-1.52053
204,4.78324,8.55442,-3.16064
204,6.34368,7.43799,-1.57333
204,7.27039,5.9925,-1.59855
204,7.35715,5.96532,-1.53256
204,4.70414,8.54612,-3.62207
204,4.84699,9.95077,-1.41343
204,6.73582,6.85364,-1.73591
204,7.44136,5.85171,-1.63735
204,5.60489,8.79176,-1.52588
204,7.51576,5.74099,-1.70812
204,5.55361,8.92997,-1.49927
204,6.47055,7.47262,-1.61301
204,6.46748,7.47589,-1.61757
204,7.5705,5.73571,-1.69819
204,6.86986,6.86661,-1.77552
204,4.97099,10.0505,-1.4721
204,5.64074,9.00602,-1.52588
204,7.69061,5.74426,-1.72937
204,6.33624,8.04731,-1.65041
204,5.53239,9.47254,-1.56716
204,7.00038,7.26043,-1.61922
204,5.12388,10.2418,-1.53811
204,5.57158,9.62529,-1.6044
204,5.55603,9.69546,-1.59549
204,5.60059,9.62916,-1.62273
204,5.16748,10.3573,-1.5543
204,8.18939,5.74294,-1.55947
204,5.51959,9.89057,-1.57638
204,7.05696,7.3841,-1.77105
204,8.2281,5.74688,-1.56318
204,7.11178,7.41316,-1.79184
204,6.65307,8.20446,-1.69169
204,4.96257,10.7597,-1.79392
204,7.45513,6.99073,-1.96851
204,6.97795,8.00698,-1.61806
204,7.15679,7.81506,-1.55383
204,7.50253,7.3009,-1.59667
204,7.2136,7.81223,-1.57002
204,8.61782,5.59208,-1.66668
204,4.94552,11.5474,-1.47008
204,7.56474,7.50942,-1.61081
204,5.71211,10.5102,-1.53661
204,7.63842,7.49761,-1.61584
204,7.49673,7.76949,-1.56595
204,8.83961,5.5911,-1.72857
204,5.65712,10.6325,-1.59663
204,5.64406,10.6766,-1.59962
204,5.67639,10.6522,-1.60414
204,5.80928,10.5948,-1.57695
204,4.88007,9.65242,-4.82476
204,4.89069,9.66865,-4.82435
204,7.0405,8.8734,-1.44312
204,4.90403,9.72568,-4.84407
204,7.76902,7.63612,-1.66401
204,7.10779,8.86965,-1.42551
204,5.71275,11.0131,-1.5931
204,7.52502,8.26942,-1.56315
204,7.35653,8.65762,-1.50123
204,7.48763,8.41627,-1.55767
204,4.96215,9.89271,-4.89212
204,7.41686,8.63384,-1.52478
204,7.50342,8.75008,-1.49728
203,7.50342,8.75008,-1.49728
204,15.7803,16.5122,-1.51749
203,15.7803,16.5122,-1.51749
204,18.4043,17.1719,-1.59545
203,18.4043,17.1719,-1.59545
204,23.8944,17.1054,-1.61946
203,23.8944,17.1054,-1.61946
204,4.34669,7.61102,-3.30838
203,4.34669,7.61102,-3.30838
204,4.83298,8.04723,-3.79458
203,4.83298,8.04723,-3.79458
204,24.1222,16.5336,-1.58371
203,24.1222,16.5336,-1.58371
204,9.64521,8.58484,-1.59172
203,9.64521,8.58484,-1.59172
204,4.76672,8.58938,-3.69457
203,4.76672,8.58938,-3.69457
204,11.817,8.39652,-1.60512
203,11.817,8.39652,-1.60512
204,16.5734,13.4993,-1.82624
203,16.5734,13.4993,-1.82624
204,38.6983,28.9229,-0.412029
203,38.6983,28.9229,-0.412029
204,5.86426,12.0101,-1.59166
203,5.86426,12.0101,-1.59166
204,4.67011,8.46485,-2.78982
203,4.67011,8.46485,-2.78982
204,18.4882,14.3152,-1.2628
203,18.4882,14.3152,-1.2628
204,9.50709,9.57097,-2.07113
203,9.50709,9.57097,-2.07113
204,25.8435,8.88412,-1.03825
203,25.8435,8.88412,-1.03825
204,6.11079,8.21081,-1.13872
203,6.11079,8.21081,-1.13872
204,24.8246,15.6154,-1.47847
203,24.8246,15.6154,-1.47847
204,9.58079,8.57658,-1.57928
203,9.58079,8.57658,-1.57928
204,11.7099,8.37342,-1.59197
203,11.7099,8.37342,-1.59197
204,37.2844,10.1713,-1.53101
203,37.2844,10.1713,-1.53101
204,17.7062,7.80917,1.12267
203,17.7062,7.80917,1.12267
204,13.2093,14.6683,-1.24741
203,13.2093,14.6683,-1.24741
204,15.9158,14.8256,-0.920204
203,15.9158,14.8256,-0.920204
204,7.0818,13.5662,-2.04513
203,7.0818,13.5662,-2.04513
204,4.574,7.20485,-2.67863
203,4.574,7.20485,-2.67863
204,23.0716,20.9484,-0.295435
203,23.0716,20.9484,-0.295435
204,9.12126,11.0004,-0.662987
203,9.12126,11.0004,-0.662987
204,4.38808,6.37119,-1.64215
203,4.38808,6.37119,-1.64215
204,4.52768,8.53225,-1.64457
203,4.52768,8.53225,-1.64457
204,20.4735,19.6886,-2.07103
203,20.4735,19.6886,-2.07103
204,25.0353,8.52613,1.52489
203,25.0353,8.52613,1.52489
204,34.6821,9.89352,-1.44717
203,34.6821,9.89352,-1.44717
204,5.37855,13.1731,-3.81896
203,5.37855,13.1731,-3.81896
204,10.0208,16.4598,-1.43022
203,10.0208,16.4598,-1.43022
204,8.27573,13.5553,-1.50042
203,8.27573,13.5553,-1.50042
204,14.3085,10.4588,-1.59805
203,14.3085,10.4588,-1.59805
204,4.73669,8.68736,-3.77192
203,4.73669,8.68736,-3.77192
204,44.4386,9.23316,2.53662
203,44.4386,9.23316,2.53662
204,39.1112,8.84954,1.09076
203,39.1112,8.84954,1.09076
204,40.3108,10.4718,1.39422
203,40.3108,10.4718,1.39422
204,19.9539,18.8673,-0.224511
203,19.9539,18.8673,-0.224511
204,17.5121,14.4093,-1.13989
203,17.5121,14.4093,-1.13989
204,11.4968,6.85983,-1.57252
203,11.4968,6.85983,-1.57252
204,6.35208,15.8194,-4.4864
203,6.35208,15.8194,-4.4864
204,42.7213,9.78922,-0.845819
203,42.7213,9.78922,-0.845819
204,4.86508,14.3357,-0.401453
203,4.86508,14.3357,-0.401453
204,6.05605,16.9005,-2.44246
203,6.05605,16.9005,-2.44246
204,18.6129,17.6776,-1.21019
203,18.6129,17.6776,-1.21019
204,37.1605,11.7765,1.59917
203,37.1605,11.7765,1.59917
204,47.7771,10.4543,-0.927711
203,47.7771,10.4543,-0.927711
204,14.5297,7.63032,0.593792
203,14.5297,7.63032,0.593792
204,23.9879,20.4462,-0.112885
203,23.9879,20.4462,-0.112885
204,6.04814,14.743,-3.43809
203,6.04814,14.743,-3.43809
204,5.63157,14.0193,-3.00912
203,5.63157,14.0193,-3.00912
204,9.23357,20.848,-0.115806
203,9.23357,20.848,-0.115806
204,23.0976,8.17294,-0.376716
203,23.0976,8.17294,-0.376716
204,4.59626,8.55636,-2.61678
203,4.59626,8.55636,-2.61678
204,11.441,6.85195,-1.57103
203,11.441,6.85195,-1.57103
204,5.5487,14.3835,-3.59248
203,5.5487,14.3835,-3.59248
204,5.24626,12.9962,-3.63
203,5.24626,12.9962,-3.63
204,4.73534,11.1855,0.00694261
203,4.73534,11.1855,0.00694261
204,8.80192,7.59174,-1.44495
203,8.80192,7.59174,-1.44495
204,9.1034,23.2382,-0.902861
203,9.1034,23.2382,-0.902861
204,5.17493,13.7264,-3.25229
203,5.17493,13.7264,-3.25229
204,9.62611,7.12563,-1.61208
203,9.62611,7.12563,-1.61208
204,12.4017,7.30063,-1.69765
203,12.4017,7.30063,-1.69765
204,21.4454,19.6371,-0.048245
203,21.4454,19.6371,-0.048245
204,4.75481,8.51874,-2.91565
203,4.75481,8.51874,-2.91565
204,6.14996,17.1888,-2.58216
203,6.14996,17.1888,-2.58216
204,11.3432,6.8134,-1.56359
203,11.3432,6.8134,-1.56359
204,9.91221,8.63411,-1.54591
202,9.91221,8.63411,-1.54591
204,10.2396,8.80261,-1.62957
202,10.2396,8.80261,-1.62957
204,16.3972,16.2796,-1.38304
202,16.3972,16.2796,-1.38304
204,4.74186,8.55386,-2.84277
202,4.74186,8.55386,-2.84277
204,15.2341,12.6924,-1.01083
202,15.2341,12.6924,-1.01083
204,10.445,8.85887,-1.66872
202,10.445,8.85887,-1.66872
204,19.5865,12.5244,-2.25919
202,19.5865,12.5244,-2.25919
204,4.97345,7.0681,-1.46419
202,4.97345,7.0681,-1.46419
204,14.7397,15.9117,0.0861261
202,14.7397,15.9117,0.0861261
204,24.7614,16.1239,-1.50195
202,24.7614,16.1239,-1.50195
204,5.49399,7.56853,-1.6115
202,5.49399,7.56853,-1.6115
204,38.4437,31.8559,-3.70852
202,38.4437,31.8559,-3.70852
204,11.5614,6.89084,-1.59212
202,11.5614,6.89084,-1.59212
204,11.1435,17.7571,-1.63438
202,11.1435,17.7571,-1.63438
204,34.1666,9.55054,-1.4199
202,34.1666,9.55054,-1.4199
204,5.48556,14.1587,-3.73554
202,5.48556,14.1587,-3.73554
204,5.49254,13.3844,-3.83691
202,5.49254,13.3844,-3.83691
204,18.5103,16.7741,-1.52138
202,18.5103,16.7741,-1.52138
204,14.0005,13.8147,-1.02902
202,14.0005,13.8147,-1.02902
204,5.49592,6.50506,-1.5707
202,5.49592,6.50506,-1.5707
204,11.2901,21.233,-0.707591
202,11.2901,21.233,-0.707591
204,7.87203,10.5993,-1.53354
202,7.87203,10.5993,-1.53354
204,49.1105,25.4875,-2.88197
202,49.1105,25.4875,-2.88197
204,4.76739,7.78309,-2.97436
201,4.76739,7.78309,-2.97436
204,18.1841,18.3929,-1.99649
201,18.1841,18.3929,-1.99649
204,7.71991,10.4516,-1.50922
201,7.71991,10.4516,-1.50922
204,9.43587,8.50187,-1.45208
201,9.43587,8.50187,-1.45208
204,4.73933,7.00559,-2.84755
201,4.73933,7.00559,-2.84755
204,16.1552,13.2175,-1.76602
201,16.1552,13.2175,-1.76602
204,11.0412,8.97198,-1.88823
201,11.0412,8.97198,-1.88823
204,10.1848,19.1703,-0.189149
201,10.1848,19.1703,-0.189149
204,17.1846,17.7336,-1.81759
201,17.1846,17.7336,-1.81759
204,7.2807,10.2131,-1.37172
201,7.2807,10.2131,-1.37172
204,4.76227,8.72406,-2.66331
199,4.76227,8.72406,-2.66331
204,27.4573,22.1077,-0.0933449
199,27.4573,22.1077,-0.0933449
204,17.369,15.6314,-1.30723
199,17.369,15.6314,-1.30723
204,11.6665,18.2398,-1.73929
199,11.6665,18.2398,-1.73929
204,7.89978,13.175,-1.40774
197,7.89978,13.175,-1.40774
204,19.095,17.7199,-1.7399
197,19.095,17.7199,-1.7399
205,4.3114,5.83141,-1.77525
205,4.34492,5.83335,-1.77631
205,4.3584,5.8516,-1.78623
205,4.39073,5.84978,-1.81031
205,4.37035,6.1135,-1.51861
205,4.49791,5.94564,-1.7006
205,4.41423,6.21212,-1.6481
205,4.47543,6.23324,-1.58258
205,4.47711,6.2241,-1.59706
205,4.49383,6.23232,-1.58517
205,4.61097,6.1094,-1.56714
205,4.43425,6.32705,-1.65784
205,4.47157,6.31711,-1.67605
205,4.47162,6.3335,-1.67242
205,4.44351,6.41131,-1.64466
205,4.4538,6.39124,-1.6515
205,4.48536,6.32801,-1.68265
205,4.50332,6.39028,-1.60463
205,4.48168,6.45724,-1.66793
205,4.46724,6.61369,-1.64117
205,4.46903,6.61031,-1.64819
205,4.45241,6.66545,-1.62953
205,4.62247,6.37417,-1.6803
205,4.74439,6.22976,-1.67505
205,4.46395,6.69993,-1.63362
205,4.65183,6.38938,-1.68085
205,4.46004,6.80469,-1.62412
205,5.12239,5.75117,-1.74794
205,4.47393,6.83338,-1.63265
205,4.46371,6.92937,-1.61102
205,4.48202,6.81432,-1.80708
205,4.49307,6.82549,-1.80168
205,4.49143,6.84791,-1.78511
205,4.49549,6.84533,-1.78316
205,4.5101,6.85083,-1.80356
205,4.49873,6.87691,-1.80729
205,4.5055,6.87036,-1.81026
205,5.10935,6.14905,-1.64414
205,5.14454,6.19843,-1.59662
205,4.58544,6.87514,-1.86118
205,4.53035,7.20832,-1.6326
205,4.55174,7.16924,-1.65472
205,4.53542,7.22515,-1.64062
205,4.53846,7.24609,-1.66404
205,4.55699,7.24801,-1.64958
205,5.74942,5.70057,-1.59628
205,5.46493,6.07631,-1.69487
205,5.46155,6.09511,-1.69035
205,4.58699,7.49996,-1.64309
205,4.70842,7.39087,-1.56287
205,4.93667,7.02798,-1.58485
205,4.75452,7.33601,-1.60847
205,4.75253,7.37577,-1.59872
205,4.74931,7.41537,-1.58822
205,4.75916,7.42306,-1.59382
205,5.19908,6.79533,-1.55011
205,4.76708,7.42063,-1.60254
205,5.41422,6.51327,-1.54669
205,4.53463,6.97705,-2.68223
205,4.52981,6.98137,-2.70122
205,4.51702,7,-2.71141
205,4.52473,7.03288,-2.66411
205,4.54761,7.84284,-1.58918
205,4.52517,7.87497,-1.59789
205,5.42038,6.54244,-1.58373
205,4.51878,7.09045,-2.64979
205,4.53104,7.90721,-1.57429
205,5.50658,6.47196,-1.60058
205,4.78123,7.53569,-1.65135
205,5.05678,7.14047,-1.65239
205,4.53565,7.17404,-2.6566
205,4.80295,7.55541,-1.64843
205,4.58953,7.7966,-1.7914
205,4.5352,7.21807,-2.64846
205,4.84176,7.54731,-1.65341
205,4.55123,8.05438,-1.57891
205,4.5473,7.24032,-2.65913
205,5.52549,6.57616,-1.60392
205,4.55499,8.07657,-1.57748
205,4.84477,7.60273,-1.65254
205,4.57116,8.07967,-1.5865
205,4.555,7.26028,-2.67556
205,5.15937,7.10765,-1.69004
205,4.55456,7.27806,-2.67403
205,4.88211,7.56508,-1.67741
205,5.61408,6.49451,-1.63526
205,4.56367,7.29973,-2.68181
205,4.5733,7.31386,-2.67535
205,5.64129,6.50557,-1.64039
205,4.5707,7.34863,-2.68073
205,4.58436,7.38322,-2.67684
205,5.31596,7.11684,-1.60581
205,4.93924,7.63896,-1.70088
205,6.08304,5.92403,-1.73208
205,5.39171,7.03165,-1.65907
205,6.0965,5.92169,-1.72619
205,5.39478,7.04013,-1.66893
205,5.49057,6.99521,-1.63205
205,5.28437,7.21376,-1.75512
205,5.3008,7.32743,-1.57981
205,5.25585,7.43806,-1.53281
205,5.39741,7.17554,-1.59677
205,5.41867,7.17625,-1.605
205,5.3273,7.35992,-1.58069
205,5.52078,7.01349,-1.65988
205,5.37785,7.31744,-1.57856
205,5.65513,6.88796,-1.60664
205,5.5482,7.01753,-1.68613
205,5.34505,7.46364,-1.56844
205,5.6054,6.98003,-1.69847
205,5.35004,7.47076,-1.58636
205,5.11886,7.82109,-1.60052
205,4.57885,7.71109,-2.81787
205,5.6075,7.06788,-1.63569
205,5.38271,7.51004,-1.59091
205,3.33599,9.68583,-2.83518
205,3.31049,9.81982,-2.72328
205,3.30963,9.83772,-2.72181
205,5.78746,6.94006,-1.6208
205,5.3407,7.64539,-1.59003
205,5.3538,7.64587,-1.58499
205,6.45009,5.84524,-1.86937
205,4.59974,7.93279,-2.82993
205,3.36205,9.75855,-2.90173
205,4.7708,8.65535,-1.57771
205,4.64584,7.7241,-3.03883
205,3.34419,9.92024,-2.76138
205,6.07104,6.68256,-1.61113
205,4.63375,7.92902,-2.82576
205,5.88508,6.94826,-1.65429
205,5.45134,7.66485,-1.59397
205,4.6472,7.94441,-2.81035
205,5.63307,7.47517,-1.52437
205,5.57011,7.54077,-1.56504
205,5.3555,7.87665,-1.55778
205,5.91542,6.95263,-1.69446
205,5.39175,7.85087,-1.56788
205,5.38498,7.88894,-1.56447
205,5.42026,7.84444,-1.56587
205,6.14551,6.68908,-1.64114
205,4.79637,8.81828,-1.6029
205,4.71087,8.81861,-1.77909
205,5.65586,7.55933,-1.57918
205,5.99572,6.96189,-1.7295
205,4.83158,8.85161,-1.62464
205,5.4109,8.03088,-1.56303
205,5.36234,8.13327,-1.5587
205,4.84189,8.87316,-1.63318
205,6.57921,6.1709,-1.74036
205,5.38306,8.15092,-1.56636
205,5.55007,7.91336,-1.55176
205,4.87111,8.9098,-1.62046
205,5.34496,8.29822,-1.54071
205,5.42278,8.14237,-1.59422
205,5.3728,8.28108,-1.54564
205,5.77667,7.64188,-1.58499
205,5.38994,8.31529,-1.57018
205,5.6323,7.97724,-1.54671
205,5.55802,8.12293,-1.51009
205,6.49048,6.56398,-1.70689
205,5.45926,8.25389,-1.5679
205,5.49434,8.2078,-1.5793
205,5.44316,8.30179,-1.5586
205,5.44229,8.30114,-1.5624
205,5.49907,8.20813,-1.58085
205,5.91141,7.62976,-1.58815
205,5.48802,8.305,-1.56678
205,4.77113,8.43037,-2.81295
205,5.50119,8.28967,-1.56752
205,5.94238,7.57692,-1.63228
205,6.87222,6.1415,-1.678
205,5.61643,8.15003,-1.55155
205,4.81372,8.37355,-2.85899
205,5.63257,8.14996,-1.54579
205,4.72729,8.56528,-2.83535
205,4.69045,9.58367,-1.61754
205,4.72719,8.6886,-2.70425
205,5.5379,8.35786,-1.56126
205,4.72744,8.66623,-2.75467
205,4.7688,8.60718,-2.75527
205,5.71443,8.12173,-1.56448
205,5.50015,8.49938,-1.50373
205,5.99085,7.66019,-1.6255
205,6.05109,7.60457,-1.66498
205,6.06267,7.61096,-1.66576
205,7.29634,5.86996,-1.61365
205,7.28535,5.89014,-1.61921
205,6.32526,7.44941,-1.56386
205,5.62176,8.58119,-1.54963
205,4.92946,8.39091,-3.19433
205,7.38015,5.96136,-1.54318
205,3.49252,10.8935,-2.81855
205,4.85352,9.92796,-1.40728
205,5.64521,8.66466,-1.5453
205,6.75252,6.87246,-1.74873
205,7.44268,5.971,-1.57257
205,6.76277,6.87194,-1.76343
205,4.73084,8.58207,-3.62058
205,6.81753,6.89116,-1.78704
205,4.74264,8.58757,-3.67076
205,4.6989,8.6696,-3.73366
205,6.53798,7.50737,-1.63628
205,5.62206,9.01613,-1.55652
205,5.73349,8.86333,-1.53761
205,5.68812,9.03893,-1.55028
205,5.68371,9.06301,-1.54203
205,7.00306,6.84712,-1.8379
205,7.15807,6.63478,-1.9656
205,6.40708,8.07355,-1.60714
205,5.52875,9.46708,-1.56487
205,6.55196,8.01388,-1.63297
205,5.54365,9.595,-1.59247
205,6.92759,7.39814,-1.74015
205,5.15509,10.2797,-1.54642
205,5.53352,9.6929,-1.59117
205,6.95446,7.41559,-1.7517
205,6.6094,8.03319,-1.65491
205,5.49734,9.88481,-1.58771
205,5.19452,10.447,-1.56488
205,6.72142,8.05246,-1.67698
205,7.10097,7.41184,-1.78059
205,5.55427,9.95771,-1.61295
205,6.09437,9.21564,-1.54174
205,7.33908,7.34389,-1.72121
205,5.73847,9.9012,-1.59898
205,7.56197,7.26721,-1.61259
205,7.57532,7.26019,-1.60187
205,5.09198,11.3458,-1.23963
205,7.54816,7.32248,-1.61897
205,8.66854,5.60054,-1.68361
205,5.60116,10.324,-1.6135
205,7.52499,7.39975,-1.62692
205,5.52359,8.7339,-3.8247
205,5.67643,10.2074,-1.66887
205,7.29151,7.83366,-1.58079
205,7.60917,7.34824,-1.62586
205,7.33839,7.85979,-1.53253
205,7.72311,7.19886,-1.64108
205,7.60231,7.41259,-1.62717
205,7.15897,8.07318,-1.66813
205,5.68124,10.3515,-1.62467
205,7.30015,7.97081,-1.60957
205,7.358,7.90161,-1.60721
205,7.61438,7.52216,-1.63043
205,5.61558,10.6033,-1.58618
205,7.65803,7.51728,-1.62119
205,5.55119,10.925,-1.54706
205,7.39674,8.15723,-1.53282
205,7.62163,7.77928,-1.61811
205,5.07114,11.7714,-1.55342
205,6.00291,8.10683,-4.48867
205,5.86384,10.58,-1.60997
205,7.2445,8.62646,-1.44849
205,5.84305,10.6466,-1.60521
205,7.8574,7.4117,-1.84364
205,7.43383,8.28921,-1.54259
205,3.56282,11.8993,-4.55715
205,7.14532,8.90638,-1.46497
205,7.46965,8.40448,-1.54885
205,4.88287,9.92163,-4.78263
205,7.5244,8.43992,-1.56046
205,4.89157,9.97228,-4.78925
205,6.21757,8.07809,-4.68828
205,4.93028,9.90045,-4.87802
205,7.52332,8.54247,-1.56185
205,7.27352,8.97723,-1.50433
205,4.90002,10.0483,-4.77525
205,4.88968,10.0655,-4.77811
205,7.52087,8.58168,-1.56065
205,7.45732,8.733,-1.53664
205,7.32474,8.99146,-1.5106
205,4.93857,10.0221,-4.86516
205,7.58483,8.60988,-1.56586
205,4.92944,10.1429,-4.81723
205,8.48149,7.33873,-1.58086
205,8.47399,7.37159,-1.61288
205,4.94311,10.2758,-4.81159
205,7.73692,8.5152,-1.62518
205,8.55097,7.34377,-1.59075
205,7.70573,8.65356,-1.60403
205,7.64578,8.86926,-1.52128
205,4.95255,10.4916,-4.71818
205,8.81758,7.0434,-1.62948
205,4.95039,10.4063,-4.90394
205,7.72469,8.892,-1.51116
205,7.86122,8.59153,-1.63923
205,6.0085,11.6369,-1.54237
205,5.60564,8.08336,-1.63015
204,5.60564,8.08336,-1.63015
205,5.4799,7.26391,-1.63292
204,5.4799,7.26391,-1.63292
205,4.97214,10.1221,-4.8913
204,4.97214,10.1221,-4.8913
205,17.4903,17.9095,-1.82364
204,17.4903,17.9095,-1.82364
205,17.238,17.5695,-1.6689
204,17.238,17.5695,-1.6689
205,7.82866,10.5116,-1.54475
204,7.82866,10.5116,-1.54475
205,26.4562,22.6661,-2.40028
204,26.4562,22.6661,-2.40028
205,15.6504,14.6286,-1.62518
204,15.6504,14.6286,-1.62518
205,14.242,10.4963,-1.5839
204,14.242,10.4963,-1.5839
205,7.69858,8.84183,-1.59837
204,7.69858,8.84183,-1.59837
205,5.01149,10.4464,-4.88014
204,5.01149,10.4464,-4.88014
205,5.56544,8.21635,-1.65606
204,5.56544,8.21635,-1.65606
205,4.94238,10.4681,-4.74254
204,4.94238,10.4681,-4.74254
205,4.89168,10.4156,-4.66604
204,4.89168,10.4156,-4.66604
205,9.57234,7.16147,-1.62747
204,9.57234,7.16147,-1.62747
205,9.43039,7.26418,-1.59548
204,9.43039,7.26418,-1.59548
205,5.04687,10.382,-4.9602
204,5.04687,10.382,-4.9602
205,5.65584,8.10318,-1.65461
204,5.65584,8.10318,-1.65461
205,9.63622,7.01454,-1.63813
204,9.63622,7.01454,-1.63813
205,4.99406,10.8649,-4.7651
204,4.99406,10.8649,-4.7651
205,5.55562,7.28393,-1.66346
204,5.55562,7.28393,-1.66346
205,16.0765,13.7373,-1.09352
204,16.0765,13.7373,-1.09352
205,49.7194,13.7893,-1.99613
204,49.7194,13.7893,-1.99613
205,5.09332,11.5281,-4.77804
204,5.09332,11.5281,-4.77804
205,33.0729,8.58173,-1.84256
204,33.0729,8.58173,-1.84256
205,31.7407,8.62657,-1.39915
204,31.7407,8.62657,-1.39915
205,44.1755,9.18717,1.60807
204,44.1755,9.18717,1.60807
205,5.01592,10.6724,-4.81162
204,5.01592,10.6724,-4.81162
205,5.01323,10.3569,-4.90068
204,5.01323,10.3569,-4.90068
205,38.2949,10.0453,-1.56554
204,38.2949,10.0453,-1.56554
205,50.7714,10.5621,-1.00541
204,50.7714,10.5621,-1.00541
205,5.74547,11.5981,-1.58562
204,5.74547,11.5981,-1.58562
205,41.7307,10.548,2.08566
204,41.7307,10.548,2.08566
205,14.2603,12.8102,-0.94641
204,14.2603,12.8102,-0.94641
205,9.64835,7.03178,-1.64678
204,9.64835,7.03178,-1.64678
205,5.09598,11.5452,-4.75991
204,5.09598,11.5452,-4.75991
205,10.8752,17.4641,-1.59604
204,10.8752,17.4641,-1.59604
205,11.8147,20.3714,-0.0493781
204,11.8147,20.3714,-0.0493781
205,46.3052,4.44701,-1.97511
204,46.3052,4.44701,-1.97511
205,11.9366,7.11381,-1.66499
204,11.9366,7.11381,-1.66499
205,13.8873,12.1593,-1.48541
204,13.8873,12.1593,-1.48541
205,11.9764,5.49486,-1.69965
204,11.9764,5.49486,-1.69965
205,13.6967,12.0679,-1.45221
204,13.6967,12.0679,-1.45221
205,41.2002,10.5762,-0.799095
204,41.2002,10.5762,-0.799095
205,5.55882,13.913,-2.95053
204,5.55882,13.913,-2.95053
205,37.002,11.7914,-1.35282
204,37.002,11.7914,-1.35282
205,9.77979,7.17924,-1.64337
204,9.77979,7.17924,-1.64337
205,5.41933,15.2087,-4.51042
204,5.41933,15.2087,-4.51042
205,5.28588,12.3306,-4.90731
204,5.28588,12.3306,-4.90731
205,5.96413,16.7946,-2.48003
204,5.96413,16.7946,-2.48003
205,5.61789,15.9858,-2.24321
204,5.61789,15.9858,-2.24321
205,14.7915,12.5886,-1.61253
204,14.7915,12.5886,-1.61253
205,32.8453,5.52154,-1.24515
204,32.8453,5.52154,-1.24515
205,5.23585,12.2506,-4.8501
204,5.23585,12.2506,-4.8501
205,7.53689,10.3909,-1.44235
204,7.53689,10.3909,-1.44235
205,5.99222,16.8689,-2.52867
204,5.99222,16.8689,-2.52867
205,8.49258,19.5068,-0.0979861
204,8.49258,19.5068,-0.0979861
205,4.81623,8.85211,-1.61605
204,4.81623,8.85211,-1.61605
205,5.66899,14.5985,-3.93609
204,5.66899,14.5985,-3.93609
205,8.64826,16.2016,-0.0224264
204,8.64826,16.2016,-0.0224264
205,10.1389,19.1247,-0.243084
204,10.1389,19.1247,-0.243084
205,5.34635,13.1967,-3.71133
204,5.34635,13.1967,-3.71133
205,5.66829,14.7261,-3.36705
204,5.66829,14.7261,-3.36705
205,26.7271,22.4104,-0.195182
204,26.7271,22.4104,-0.195182
205,18.8982,13.3026,-0.990961
204,18.8982,13.3026,-0.990961
205,16.2616,16.9919,-1.76512
203,16.2616,16.9919,-1.76512
205,5.47507,11.0315,-1.49697
203,5.47507,11.0315,-1.49697
205,22.8438,15.3643,-1.39229
203,22.8438,15.3643,-1.39229
205,30.1033,8.21251,0.820334
203,30.1033,8.21251,0.820334
205,15.17,16.2229,-1.62719
203,15.17,16.2229,-1.62719
205,32.4393,18.772,-1.95459
203,32.4393,18.772,-1.95459
205,31.8524,9.12914,-1.05289
203,31.8524,9.12914,-1.05289
205,23.7806,21.4686,-0.317701
203,23.7806,21.4686,-0.317701
205,11.587,6.90783,-1.60268
203,11.587,6.90783,-1.60268
205,36.3567,20.3343,-2.21
203,36.3567,20.3343,-2.21
205,20.5261,14.3929,-1.21508
203,20.5261,14.3929,-1.21508
205,33.0739,19.014,-1.93866
203,33.0739,19.014,-1.93866
205,5.9673,6.69566,-1.58085
203,5.9673,6.69566,-1.58085
205,33.9863,9.32268,-1.1291
203,33.9863,9.32268,-1.1291
205,14.5514,14.4042,-0.182318
203,14.5514,14.4042,-0.182318
205,5.72594,9.68194,-1.66542
203,5.72594,9.68194,-1.66542
205,23.9687,20.0376,-0.285265
203,23.9687,20.0376,-0.285265
205,14.6972,14.1574,-1.50835
203,14.6972,14.1574,-1.50835
205,40.2143,9.6367,-0.801785
203,40.2143,9.6367,-0.801785
205,5.35896,11.5892,-1.39283
203,5.35896,11.5892,-1.39283
205,9.5582,7.03072,-1.61258
203,9.5582,7.03072,-1.61258
205,5.5711,14.5534,-3.14572
203,5.5711,14.5534,-3.14572
205,15.6449,16.5965,0.0153121
203,15.6449,16.5965,0.0153121
205,8.66731,8.35898,-1.36882
203,8.66731,8.35898,-1.36882
205,9.66855,7.39685,-1.6173
203,9.66855,7.39685,-1.6173
205,11.357,7.10569,-1.56024
203,11.357,7.10569,-1.56024
205,16.0527,15.7663,-1.34066
203,16.0527,15.7663,-1.34066
205,8.62955,7.28073,-1.41042
203,8.62955,7.28073,-1.41042
205,16.9616,17.5725,-1.76273
203,16.9616,17.5725,-1.76273
205,10.5882,8.97651,-1.75188
202,10.5882,8.97651,-1.75188
205,7.89826,8.10253,-1.17353
202,7.89826,8.10253,-1.17353
205,5.99085,6.83701,-1.59904
202,5.99085,6.83701,-1.59904
205,5.51356,12.2061,-1.4081
202,5.51356,12.2061,-1.4081
205,5.38837,6.77428,-1.56068
202,5.38837,6.77428,-1.56068
205,16.4788,13.9626,-1.07488
202,16.4788,13.9626,-1.07488
205,5.61948,14.4282,-2.93844
202,5.61948,14.4282,-2.93844
205,4.80862,8.7358,-2.79154
202,4.80862,8.7358,-2.79154
205,29.765,17.7092,-1.76373
202,29.765,17.7092,-1.76373
205,17.3947,16.6919,-1.46975
202,17.3947,16.6919,-1.46975
205,5.05867,12.9012,-2.83684
202,5.05867,12.9012,-2.83684
205,5.26478,11.3037,-1.37014
201,5.26478,11.3037,-1.37014
205,7.78553,10.4997,-1.51958
201,7.78553,10.4997,-1.51958
205,19.3315,18.3736,0.107502
201,19.3315,18.3736,0.107502
205,5.64883,10.5202,-1.61734
199,5.64883,10.5202,-1.61734
205,7.70764,10.5042,-1.49102
199,7.70764,10.5042,-1.49102
206,4.37994,5.95338,-1.62183
206,4.37054,6.11409,-1.49998
206,4.37732,6.11785,-1.50144
206,4.41744,6.05147,-1.66075
206,4.40231,6.1735,-1.52086
206,4.40953,6.08025,-1.65866
206,4.40658,6.13067,-1.6425
206,4.419,6.27329,-1.6356
206,4.40777,6.4006,-1.53129
206,4.41376,6.40035,-1.54013
206,4.42095,6.32434,-1.63571
206,4.52209,6.23592,-1.59519
206,4.42104,6.37837,-1.63107
206,4.45016,6.38949,-1.55932
206,4.49082,6.32806,-1.6084
206,4.47584,6.38818,-1.57817
206,4.50479,6.39638,-1.596
206,4.45151,6.46866,-1.65094
206,4.46992,6.46101,-1.65727
206,4.45948,6.48202,-1.65149
206,4.45724,6.53538,-1.63985
206,4.47384,6.54192,-1.65376
206,4.47533,6.54711,-1.65699
206,4.47746,6.5467,-1.65811
206,4.58999,6.40742,-1.66041
206,4.41427,6.77285,-1.58853
206,4.64447,6.38335,-1.67853
206,4.67562,6.38301,-1.67378
206,4.67415,6.38963,-1.69593
206,4.67658,6.38866,-1.6951
206,4.99271,6.01559,-1.58737
206,4.69782,6.38841,-1.70598
206,4.39947,6.91404,-1.56707
206,4.70966,6.39513,-1.68901
206,4.7141,6.40563,-1.71215
206,4.44729,6.92192,-1.59236
206,4.46754,6.87467,-1.77837
206,4.81036,6.40191,-1.77269
206,4.48796,6.86582,-1.79597
206,4.83895,6.40191,-1.78233
206,5.2032,6.19614,-1.62376
206,5.42125,6.06383,-1.67183
206,5.4175,6.12345,-1.62546
206,5.41855,6.11688,-1.63479
206,4.73007,7.30834,-1.5906
206,4.71371,7.3871,-1.5553
206,4.55871,7.69889,-1.53791
206,5.54319,6.21807,-1.66343
206,5.4526,6.47765,-1.60597
206,5.49644,6.47583,-1.59338
206,4.81167,7.45987,-1.62521
206,5.45774,6.5762,-1.57025
206,5.51282,6.52922,-1.58463
206,4.65738,7.76648,-1.60847
206,4.8339,7.54228,-1.63613
206,5.54768,6.55436,-1.5964
206,4.82715,7.5713,-1.63742
206,5.53873,6.5782,-1.60579
206,5.28167,6.91674,-1.71192
206,5.29588,7.06617,-1.59482
206,5.54803,6.74191,-1.62776
206,5.30686,7.16004,-1.59616
206,5.46532,6.95264,-1.62501
206,5.30108,7.21828,-1.58403
206,5.44225,6.99085,-1.62558
206,5.39353,7.0367,-1.66349
206,5.2732,7.31653,-1.56674
206,5.32211,7.22747,-1.5943
206,5.38485,7.1443,-1.60873
206,5.46216,7.01738,-1.63821
206,5.46793,7.00987,-1.63863
206,5.30164,7.3019,-1.57102
206,5.30988,7.29061,-1.5854
206,5.43257,7.08271,-1.63305
206,5.45533,7.04083,-1.65733
206,5.48556,7.02019,-1.64736
206,5.42625,7.15967,-1.62522
206,5.12538,7.62417,-1.59691
206,5.3473,7.30168,-1.6039
206,5.35795,7.32406,-1.56397
206,5.3553,7.32618,-1.56704
206,5.31505,7.45463,-1.56191
206,5.43516,7.25233,-1.60978
206,5.69203,6.94073,-1.58673
206,5.1162,7.7603,-1.60251
206,6.36765,5.98287,-1.60967
206,6.37315,5.98793,-1.61927
206,5.22404,7.72168,-1.50223
206,5.14144,7.79223,-1.59438
206,5.47996,7.32204,-1.62133
206,5.18279,7.77748,-1.62797
206,5.17113,7.86293,-1.63348
206,5.35177,7.64604,-1.58719
206,5.19061,7.85696,-1.63072
206,5.19528,7.87043,-1.64702
206,5.41274,7.61069,-1.60223
206,6.53846,5.96458,-1.67316
206,5.41961,7.63259,-1.58834
206,5.34009,7.77559,-1.56395
206,6.45945,6.10768,-1.66827
206,5.35037,7.7839,-1.55363
206,5.40917,7.68203,-1.59082
206,5.38109,7.72355,-1.59011
206,5.35681,7.77863,-1.57759
206,5.35781,7.78158,-1.57207
206,4.64857,7.94116,-2.83907
206,5.37861,7.78503,-1.57438
206,5.40552,7.74718,-1.57747
206,5.46305,7.65117,-1.61325
206,5.45831,7.6834,-1.58663
206,4.663,7.947,-2.85132
206,4.78046,8.66678,-1.56971
206,5.40523,7.84879,-1.46807
206,5.44222,7.72937,-1.57817
206,5.39274,7.79946,-1.58696
206,5.49352,7.63768,-1.61241
206,4.67396,7.96434,-2.83649
206,5.47936,7.67788,-1.5981
206,5.3864,7.82965,-1.57129
206,5.39973,7.84625,-1.56526
206,5.44348,7.76315,-1.59556
206,5.41526,7.82514,-1.58098
206,5.44278,7.79968,-1.57033
206,6.17247,6.69772,-1.65445
206,5.63527,7.55535,-1.58086
206,6.63333,6.14307,-1.58207
206,5.407,7.90729,-1.57836
206,5.41738,7.90134,-1.57328
206,5.42995,7.88063,-1.58063
206,5.73505,7.49764,-1.53966
206,5.46554,7.86051,-1.57963
206,5.67021,7.57362,-1.57499
206,6.69695,6.12653,-1.57402
206,6.59573,6.26984,-1.69329
206,5.50086,7.95687,-1.59547
206,6.4316,6.56181,-1.69399
206,6.67613,6.22564,-1.72731
206,5.57346,7.9268,-1.55461
206,5.35138,8.27316,-1.53838
206,5.43742,8.1438,-1.56414
206,5.40073,8.19939,-1.56349
206,5.44782,8.15093,-1.60084
206,5.4675,8.14176,-1.59604
206,5.51376,8.075,-1.60737
206,5.53587,8.05641,-1.61111
206,5.44557,8.2126,-1.59423
206,5.40127,8.31298,-1.57131
206,5.39168,8.32839,-1.57133
206,6.72071,6.32337,-1.73941
206,5.65402,7.98822,-1.54063
206,5.53364,8.12797,-1.59673
206,5.49989,8.18181,-1.59673
206,5.47352,8.26175,-1.57538
206,5.51075,8.29375,-1.49436
206,4.69415,8.69337,-2.6078
206,5.49729,8.3176,-1.4948
206,5.51867,8.22971,-1.58047
206,5.69563,8.02138,-1.52879
206,5.43756,8.40987,-1.52343
206,4.71046,8.69896,-2.61818
206,5.61931,8.14627,-1.54104
206,4.71448,8.66316,-2.69373
206,4.72641,8.55738,-2.8289
206,4.7106,8.69011,-2.68393
206,4.72724,8.66933,-2.69533
206,4.73071,8.55766,-2.86734
206,5.53924,8.33076,-1.55862
206,6.32609,7.0194,-1.87407
206,4.77506,8.72628,-2.75902
206,6.36103,7.45889,-1.5596
206,6.73402,6.86466,-1.75086
206,5.67316,8.56649,-1.52607
206,5.48995,8.91659,-1.56161
206,4.74909,8.71346,-3.48377
206,5.8414,8.57178,-1.56183
206,6.8916,6.92022,-1.81204
206,6.58007,7.51318,-1.64184
206,4.96176,10.0109,-1.42286
206,5.6931,9.03092,-1.54508
206,5.77662,8.91443,-1.5486
206,5.73179,9.07474,-1.56736
206,7.00228,7.28842,-1.64066
206,6.52076,8.08949,-1.63281
206,7.1099,7.29861,-1.64603
206,7.09653,7.31222,-1.65724
206,5.6003,9.52255,-1.59837
206,5.5439,9.61501,-1.60296
206,5.53072,9.69362,-1.59725
206,5.66989,9.66426,-1.64891
206,5.23738,10.3761,-1.57937
206,7.46549,7.26915,-1.58303
206,7.06885,7.89184,-1.52672
206,5.58362,9.98022,-1.62311
206,7.46624,7.3231,-1.5783
206,7.51533,7.26193,-1.59623
206,7.52473,7.2531,-1.59731
206,7.16883,7.81964,-1.54636
206,7.46956,7.38587,-1.58927
206,7.25641,7.79376,-1.50504
206,7.46342,7.41559,-1.63859
206,5.02537,10.8698,-1.8517
206,7.5713,7.40574,-1.6124
206,5.34263,10.6048,-1.63373
206,7.32776,7.92286,-1.59118
206,7.34798,7.89377,-1.59186
206,7.38808,7.91338,-1.53136
206,7.65569,7.51709,-1.63769
206,7.30373,8.14411,-1.50486
206,7.32694,8.12206,-1.49518
206,7.35846,8.10844,-1.52782
206,5.64333,10.6362,-1.58485
206,7.42127,8.24752,-1.53767
206,7.44208,8.27398,-1.54127
206,5.83439,10.6498,-1.60499
206,5.8785,10.5762,-1.62745
206,7.14794,8.90804,-1.46774
206,7.20436,8.94416,-1.53108
206,5.43322,11.5888,-1.39405
206,7.48202,8.56853,-1.5449
206,9.44849,5.7946,-1.68619
206,5.71177,11.2604,-1.60218
206,7.34421,9.01987,-1.56433
206,7.53503,8.76389,-1.55922
206,8.55523,7.35387,-1.58511
206,5.73589,11.3904,-1.59425
206,7.62023,8.80307,-1.51696
206,5.67056,11.6863,-1.52065
206,7.66226,8.82285,-1.59362
206,4.90518,10.7201,-4.71703
206,4.73453,11.0611,-4.61605
206,4.78412,11.0467,-4.61282
206,7.78678,8.93066,-1.55159
206,7.84814,8.94622,-1.53845
206,4.94137,11.0375,-4.76951
206,4.81662,11.2282,-4.76021
206,4.94028,11.0472,-4.78941
206,7.985,8.92113,-1.58732
206,5.05143,10.977,-4.8021
206,9.30345,7.29133,-1.53322
206,9.51908,7.04161,-1.60822
206,14.3418,15.5935,-1.30473
205,14.3418,15.5935,-1.30473
206,9.62828,8.62679,-1.50672
205,9.62828,8.62679,-1.50672
206,9.67531,8.64504,-1.48342
205,9.67531,8.64504,-1.48342
206,8.07149,10.6882,-1.60364
205,8.07149,10.6882,-1.60364
206,20.8742,20.4443,-2.34118
205,20.8742,20.4443,-2.34118
206,5.52217,7.81775,-1.6307
205,5.52217,7.81775,-1.6307
206,5.4808,7.08029,-1.66945
205,5.4808,7.08029,-1.66945
206,14.6307,15.7827,-1.58068
205,14.6307,15.7827,-1.58068
206,9.3114,7.96519,-1.63323
205,9.3114,7.96519,-1.63323
206,4.61923,7.7484,-2.82962
205,4.61923,7.7484,-2.82962
206,8.16646,13.4677,-1.46611
205,8.16646,13.4677,-1.46611
206,26.964,16.4638,-1.61683
205,26.964,16.4638,-1.61683
206,17.9946,17.4551,-0.209339
205,17.9946,17.4551,-0.209339
206,5.40212,7.49639,-1.61261
205,5.40212,7.49639,-1.61261
206,24.6632,16.085,-1.51542
205,24.6632,16.085,-1.51542
206,6.82284,12.5135,-1.634
205,6.82284,12.5135,-1.634
206,5.01962,10.6817,-4.83836
205,5.01962,10.6817,-4.83836
206,29.2393,9.16002,1.4388
205,29.2393,9.16002,1.4388
206,5.8013,10.6053,-1.5793
205,5.8013,10.6053,-1.5793
206,22.2672,20.4263,-0.280286
205,22.2672,20.4263,-0.280286
206,9.9548,16.3283,-1.4241
205,9.9548,16.3283,-1.4241
206,5.6877,8.00573,-1.56496
205,5.6877,8.00573,-1.56496
206,34.683,9.81245,-0.649848
205,34.683,9.81245,-0.649848
206,5.23581,12.282,-4.84418
205,5.23581,12.282,-4.84418
206,12.6248,21.8529,-0.618238
205,12.6248,21.8529,-0.618238
206,9.84982,18.0279,-0.261314
205,9.84982,18.0279,-0.261314
206,21.3715,18.7444,0.160775
205,21.3715,18.7444,0.160775
206,38.7959,12.1443,-1.50029
205,38.7959,12.1443,-1.50029
206,5.51151,14.9368,-4.73743
205,5.51151,14.9368,-4.73743
206,8.83862,17.6932,-0.628855
205,8.83862,17.6932,-0.628855
206,17.6652,18.0457,-1.85047
205,17.6652,18.0457,-1.85047
206,38.7549,10.2713,1.96767
205,38.7549,10.2713,1.96767
206,5.68457,16.1387,-2.24941
205,5.68457,16.1387,-2.24941
206,31.0845,9.36787,-0.578434
205,31.0845,9.36787,-0.578434
206,17.4541,14.4817,-1.1483
205,17.4541,14.4817,-1.1483
206,14.5553,12.4906,-1.55493
205,14.5553,12.4906,-1.55493
206,16.1916,12.9026,-0.991381
205,16.1916,12.9026,-0.991381
206,11.0315,6.85296,0.292251
205,11.0315,6.85296,0.292251
206,5.68315,15.0016,-3.88265
205,5.68315,15.0016,-3.88265
206,34.5765,9.34582,-1.10514
205,34.5765,9.34582,-1.10514
206,27.298,22.6887,-0.0827799
205,27.298,22.6887,-0.0827799
206,5.60928,15.2479,-4.85501
205,5.60928,15.2479,-4.85501
206,12.4542,21.8412,-0.332343
205,12.4542,21.8412,-0.332343
206,9.90453,18.1028,-0.248121
205,9.90453,18.1028,-0.248121
206,5.37452,14.0948,-2.83367
205,5.37452,14.0948,-2.83367
206,9.60121,18.3139,-0.243952
205,9.60121,18.3139,-0.243952
206,11.7093,7.13367,-1.63174
205,11.7093,7.13367,-1.63174
206,9.93086,22.4859,-0.154044
205,9.93086,22.4859,-0.154044
206,5.22548,13.0131,-3.56373
205,5.22548,13.0131,-3.56373
206,16.7343,17.3619,-0.128214
205,16.7343,17.3619,-0.128214
206,9.3963,11.7377,-1.91347
205,9.3963,11.7377,-1.91347
206,29.4961,19.1371,-2.01754
204,29.4961,19.1371,-2.01754
206,6.65934,8.41056,-1.27754
204,6.65934,8.41056,-1.27754
206,22.0167,15.9047,-1.50169
204,22.0167,15.9047,-1.50169
206,7.14696,9.40465,-1.746
204,7.14696,9.40465,-1.746
206,6.91656,11.6908,-1.60047
204,6.91656,11.6908,-1.60047
206,4.90107,8.64366,-1.65513
204,4.90107,8.64366,-1.65513
206,9.78432,9.01703,-1.00345
204,9.78432,9.01703,-1.00345
206,8.03387,8.83163,-1.63602
204,8.03387,8.83163,-1.63602
206,5.02924,10.8242,-4.83404
204,5.02924,10.8242,-4.83404
206,23.9943,21.0855,0.263504
204,23.9943,21.0855,0.263504
206,9.5722,7.16467,-1.61634
204,9.5722,7.16467,-1.61634
206,18.1717,17.2795,0.186702
204,18.1717,17.2795,0.186702
206,5.42391,7.48404,-1.62846
204,5.42391,7.48404,-1.62846
206,8.12172,8.64891,-1.42647
204,8.12172,8.64891,-1.42647
206,9.02129,7.89973,-1.55969
204,9.02129,7.89973,-1.55969
206,9.80385,7.04589,-1.66773
204,9.80385,7.04589,-1.66773
206,17.0719,13.5715,-1.14911
204,17.0719,13.5715,-1.14911
206,12.3683,10.1769,-2.37639
204,12.3683,10.1769,-2.37639
206,6.3598,6.76843,-1.59639
204,6.3598,6.76843,-1.59639
206,15.0371,14.3308,-0.888302
204,15.0371,14.3308,-0.888302
206,5.09437,11.4874,-4.79398
204,5.09437,11.4874,-4.79398
206,9.97646,11.4717,0.107145
204,9.97646,11.4717,0.107145
206,42.6601,10.2766,1.58854
204,42.6601,10.2766,1.58854
206,37.3065,10.1651,1.30427
204,37.3065,10.1651,1.30427
206,17.9306,17.9203,-1.76792
204,17.9306,17.9203,-1.76792
206,33.3029,9.67157,1.1786
204,33.3029,9.67157,1.1786
206,5.53743,14.6734,-2.70574
204,5.53743,14.6734,-2.70574
206,15.0443,10.6694,-1.64922
204,15.0443,10.6694,-1.64922
206,5.59808,14.7954,-2.76703
204,5.59808,14.7954,-2.76703
206,9.65308,7.05986,-1.65043
204,9.65308,7.05986,-1.65043
206,11.5716,29.7435,-1.36217
204,11.5716,29.7435,-1.36217
206,13.9121,23.3425,-0.710642
204,13.9121,23.3425,-0.710642
206,16.9358,17.5753,-1.78197
204,16.9358,17.5753,-1.78197
206,14.6281,10.6093,-1.63121
203,14.6281,10.6093,-1.63121
206,7.96834,10.6748,-1.55355
203,7.96834,10.6748,-1.55355
206,18.9397,17.7072,-1.64607
203,18.9397,17.7072,-1.64607
206,3.87419,9.7756,-0.902453
203,3.87419,9.7756,-0.902453
206,17.1243,17.6514,-0.0034926
203,17.1243,17.6514,-0.0034926
206,19.6278,18.1439,-1.68364
203,19.6278,18.1439,-1.68364
206,5.52269,14.515,-2.88839
203,5.52269,14.515,-2.88839
206,5.86492,12.5994,0.00300468
203,5.86492,12.5994,0.00300468
206,16.3621,17.1345,0.0286966
203,16.3621,17.1345,0.0286966
206,12.4733,7.42136,-2.23825
203,12.4733,7.42136,-2.23825
206,32.8916,9.5333,-1.14972
203,32.8916,9.5333,-1.14972
206,36.8511,9.47581,-0.666484
203,36.8511,9.47581,-0.666484
206,33.9217,20.8483,-2.33899
201,33.9217,20.8483,-2.33899
206,21.8124,15.5271,-1.41083
201,21.8124,15.5271,-1.41083
206,20.9721,18.3031,-1.73933
201,20.9721,18.3031,-1.73933
206,32.65,20.2903,-2.25038
201,32.65,20.2903,-2.25038
206,16.0276,16.8519,-1.61058
199,16.0276,16.8519,-1.61058
206,15.1757,15.2837,0.012684
199,15.1757,15.2837,0.012684
206,8.11309,13.4345,-1.45313
195,8.11309,13.4345,-1.45313
207,4.31214,6.39537,-1.46036
207,4.39411,6.24721,-1.5146
207,4.42152,6.23701,-1.52368
207,4.56683,6.11983,-1.52393
207,4.58113,6.11444,-1.52434
207,4.44027,6.32332,-1.57563
207,4.47172,6.34051,-1.60858
207,4.4808,6.3311,-1.67579
207,4.48755,6.32917,-1.67682
207,4.42974,6.60235,-1.62045
207,4.61068,6.38202,-1.67521
207,4.61179,6.36199,-1.70642
207,4.89909,6.02053,-1.53871
207,4.62631,6.38194,-1.68793
207,4.76769,6.21795,-1.62634
207,4.68904,6.36499,-1.76454
207,4.71109,6.39012,-1.71525
207,4.71451,6.39136,-1.7169
207,4.72306,6.37903,-1.72744
207,4.74852,6.37932,-1.73697
207,4.75401,6.38138,-1.74296
207,4.87146,6.20584,-1.73064
207,4.49059,6.83438,-1.82197
207,5.18568,5.90855,-1.57851
207,5.17731,5.94107,-1.56989
207,5.20792,5.91828,-1.56826
207,4.51804,6.84843,-1.82287
207,4.52241,6.86092,-1.82425
207,5.22048,5.94391,-1.58303
207,5.14652,6.14232,-1.67598
207,5.19222,6.20612,-1.62467
207,4.98063,6.69474,-1.56069
207,5.00476,6.68592,-1.5709
207,5.13525,6.4268,-1.66347
207,5.36345,6.12641,-1.60177
207,4.83475,7.01488,-1.52137
207,5.05554,6.72677,-1.60168
207,5.43865,6.0953,-1.69872
207,5.45928,6.08571,-1.69362
207,5.50094,6.22566,-1.65039
207,5.48498,6.23286,-1.68961
207,5.54663,6.12227,-1.7126
207,5.52061,6.2098,-1.65683
207,5.4294,6.46982,-1.55545
207,5.42435,6.52884,-1.5482
207,5.57003,6.22442,-1.67805
207,5.57203,6.21948,-1.68095
207,5.40053,6.58671,-1.53141
207,5.46646,6.4623,-1.57803
207,5.47049,6.47366,-1.5961
207,5.4317,6.58181,-1.56264
207,5.56101,6.48008,-1.63047
207,5.58562,6.50745,-1.62066
207,5.50665,6.4568,-1.90189
207,5.54559,6.58526,-1.61623
207,5.60213,6.50342,-1.633
207,5.57808,6.56434,-1.61959
207,5.58446,6.56037,-1.61715
207,4.91611,7.60156,-1.7097
207,5.16394,7.20562,-1.76382
207,5.32849,7.04309,-1.62131
207,5.32209,7.03739,-1.65292
207,5.33544,7.04228,-1.62295
207,5.29744,7.12464,-1.59477
207,5.19915,7.20648,-1.75312
207,5.36491,7.03291,-1.65414
207,5.23063,7.3363,-1.62371
207,6.09293,6.03095,-1.55273
207,5.44304,7.01329,-1.6303
207,5.45921,6.99298,-1.62665
207,5.37846,7.1767,-1.55151
207,5.43659,7.03545,-1.63899
207,6.17188,5.73411,-1.89885
207,5.46259,7.03165,-1.62751
207,5.42563,7.05827,-1.6777
207,5.45219,7.05228,-1.63898
207,5.47175,7.01918,-1.64523
207,5.44927,7.04298,-1.67571
207,5.49687,6.9899,-1.6466
207,5.44001,7.06191,-1.67546
207,5.47066,7.03863,-1.6649
207,5.44216,7.07078,-1.6882
207,5.38375,7.23511,-1.58745
207,5.50941,6.99589,-1.65384
207,5.00814,7.71739,-1.76388
207,5.49243,7.03312,-1.65388
207,6.19379,6.00646,-1.54504
207,5.60323,6.9033,-1.61206
207,5.29885,7.44091,-1.56935
207,5.3087,7.44521,-1.56848
207,5.04525,7.7182,-1.80096
207,5.30281,7.46572,-1.57187
207,5.63572,6.91672,-1.63158
207,5.3264,7.4441,-1.58628
207,5.33078,7.45411,-1.56199
207,5.33365,7.45009,-1.56652
207,5.4386,7.26132,-1.61612
207,5.33113,7.49044,-1.5715
207,5.08763,7.75334,-1.78955
207,5.3469,7.47806,-1.58594
207,5.36441,7.49988,-1.58154
207,5.34497,7.53197,-1.5793
207,5.77487,6.92834,-1.52634
207,5.19033,7.86637,-1.64696
207,5.44843,7.50115,-1.60544
207,5.37735,7.62966,-1.60453
207,5.19212,7.89319,-1.65342
207,5.47372,7.50515,-1.62245
207,5.37729,7.72328,-1.59714
207,5.39713,7.69823,-1.59232
207,6.04781,6.68233,-1.60111
207,5.44149,7.65941,-1.61267
207,5.36455,7.79849,-1.58538
207,5.37191,7.79176,-1.58726
207,5.47138,7.67295,-1.60212
207,5.44337,7.76471,-1.60749
207,6.47129,6.11592,-1.69644
207,5.42726,7.82742,-1.59488
207,5.45941,7.8039,-1.58473
207,5.46559,7.8111,-1.59921
207,6.53676,6.14537,-1.64028
207,6.55331,6.11957,-1.65768
207,5.47268,7.85969,-1.59339
207,5.48549,7.84986,-1.59337
207,5.99415,6.96825,-1.72705
207,5.46836,7.9039,-1.60858
207,5.70995,7.58852,-1.61744
207,5.42095,8.05535,-1.59848
207,6.59849,6.16269,-1.67534
207,6.05272,6.96923,-1.76285
207,5.72017,7.58924,-1.62898
207,6.36541,6.56368,-1.67428
207,6.06891,7.01947,-1.79824
207,6.66392,6.16634,-1.67208
207,5.50064,8.03485,-1.61858
207,6.67342,6.10996,-1.77969
207,5.52191,8.04582,-1.60173
207,5.50614,8.09408,-1.58544
207,5.39119,8.30694,-1.56976
207,5.3936,8.29864,-1.57692
207,6.74681,6.144,-1.62465
207,4.69023,8.69177,-2.693
207,4.71346,8.6695,-2.67704
207,4.72287,8.55022,-2.84301
207,6.27289,6.85405,-1.71711
207,4.7247,8.65876,-2.6988
207,4.70494,8.6936,-2.7195
207,4.72455,8.67509,-2.70631
207,4.72671,8.68583,-2.69128
207,6.18824,7.0043,-1.8252
207,5.42975,8.40058,-1.53359
207,4.75275,8.71899,-2.6972
207,5.46407,8.33626,-1.59763
207,5.52017,8.25002,-1.60519
207,6.32795,6.89179,-1.74639
207,6.40109,6.76682,-1.7654
207,5.46985,8.38989,-1.5567
207,5.56113,8.23802,-1.61336
207,5.64121,8.13027,-1.59005
207,5.64634,8.15932,-1.54245
207,5.52668,8.36211,-1.55443
207,5.50956,8.39473,-1.56885
207,7.09311,5.91485,-1.58224
207,5.7132,8.1126,-1.54599
207,6.74249,6.42392,-1.75212
207,6.43474,6.93018,-1.78533
207,7.17595,6.0043,-1.55346
207,5.75629,8.20762,-1.59747
207,6.83781,6.39843,-1.7784
207,7.31647,5.76544,-1.65632
207,7.31976,5.76917,-1.66465
207,5.86843,8.07473,-1.62845
207,7.24025,5.99929,-1.56175
207,6.35415,7.43958,-1.5895
207,6.43334,7.46372,-1.62083
207,6.75089,6.87229,-1.77084
207,7.48318,5.93549,-1.5155
207,6.04145,8.13489,-1.64027
207,7.40938,6.00109,-1.62929
207,6.78813,6.88131,-1.78433
207,6.44366,7.53149,-1.62669
207,6.46953,7.50088,-1.64154
207,6.49904,7.48559,-1.62329
207,6.50624,7.47625,-1.62448
207,6.50596,7.50301,-1.63425
207,6.04642,8.21164,-1.67629
207,5.70824,9.062,-1.56569
207,5.71113,9.06252,-1.57097
207,7.00091,6.93076,-1.86334
207,5.8776,8.88714,-1.56557
207,5.58403,9.50692,-1.58917
207,5.91109,9.02653,-1.61963
207,8.10548,5.76131,-1.51678
207,5.62901,9.63165,-1.62061
207,5.57426,9.70354,-1.64846
207,8.17083,5.75428,-1.54263
207,5.99243,9.10277,-1.6586
207,8.1955,5.75632,-1.54043
207,5.61985,9.73775,-1.66019
207,6.03463,9.11007,-1.67413
207,7.36972,7.33407,-1.5576
207,7.45732,7.26925,-1.57984
207,7.47041,7.2774,-1.59429
207,7.48452,7.26514,-1.59707
207,7.14676,7.83532,-1.54541
207,7.46074,7.31708,-1.58875
207,7.45252,7.35229,-1.58303
207,7.52974,7.25729,-1.60231
207,7.46819,7.39341,-1.59874
207,7.27827,7.8417,-1.58359
207,7.59009,7.50002,-1.62069
207,5.74674,10.5239,-1.57178
207,7.16839,8.38865,-1.45856
207,7.19564,8.42642,-1.46892
207,7.45527,8.40021,-1.54659
207,7.19832,8.9297,-1.4778
207,7.54561,8.7818,-1.5612
207,8.71917,6.99755,-1.58094
207,7.58874,8.83683,-1.49599
207,7.58594,8.80141,-1.57632
207,7.60986,8.81045,-1.5832
207,7.63884,8.86726,-1.51511
207,7.76248,8.86668,-1.56149
207,7.814,8.94207,-1.56359
207,7.92039,8.95057,-1.60416
207,5.56712,12.9152,-1.85924
207,9.2975,7.29982,-1.61153
207,9.50917,7.03125,-1.611
207,9.46049,7.16426,-1.60648
207,9.445,7.25715,-1.57947
207,9.60006,7.01009,-1.62721
207,9.53181,7.1451,-1.59229
207,9.44268,7.33203,-1.58423
207,9.4422,7.30969,-1.64123
207,5.48447,7.42938,-1.66131
206,5.48447,7.42938,-1.66131
207,15.5622,16.5089,-1.70569
206,15.5622,16.5089,-1.70569
207,5.34657,8.60591,-1.38027
206,5.34657,8.60591,-1.38027
207,7.90408,10.5717,-1.55533
206,7.90408,10.5717,-1.55533
207,5.33437,7.08184,-1.59282
206,5.33437,7.08184,-1.59282
207,5.72482,8.01954,-1.59196
206,5.72482,8.01954,-1.59196
207,14.748,10.6302,-1.66343
206,14.748,10.6302,-1.66343
207,9.45268,8.53994,-1.55833
206,9.45268,8.53994,-1.55833
207,9.55123,8.60652,-1.50042
206,9.55123,8.60652,-1.50042
207,5.28501,7.25379,-1.55913
206,5.28501,7.25379,-1.55913
207,5.23534,7.14401,-1.54323
206,5.23534,7.14401,-1.54323
207,22.7806,19.5502,0.193419
206,22.7806,19.5502,0.193419
207,24.2491,21.4884,0.269515
206,24.2491,21.4884,0.269515
207,21.0555,19.5895,-0.276347
206,21.0555,19.5895,-0.276347
207,9.6547,7.17398,-1.63973
206,9.6547,7.17398,-1.63973
207,16.4592,12.1382,-0.942323
206,16.4592,12.1382,-0.942323
207,15.3317,14.9871,0.198436
206,15.3317,14.9871,0.198436
207,5.1522,7.11244,-1.51387
206,5.1522,7.11244,-1.51387
207,17.7216,13.8229,-1.19166
206,17.7216,13.8229,-1.19166
207,17.7959,17.2457,0.129982
206,17.7959,17.2457,0.129982
207,13.3509,12.3233,-0.912716
206,13.3509,12.3233,-0.912716
207,42.0755,34.4596,-0.608568
206,42.0755,34.4596,-0.608568
207,22.4047,20.5397,-0.284384
206,22.4047,20.5397,-0.284384
207,4.5195,6.3999,-1.61045
206,4.5195,6.3999,-1.61045
207,50.0358,11.0992,3.03795
206,50.0358,11.0992,3.03795
207,9.75343,7.06142,-1.67216
206,9.75343,7.06142,-1.67216
207,44.9412,6.78713,-0.450898
206,44.9412,6.78713,-0.450898
207,15.8447,16.7653,-0.185455
206,15.8447,16.7653,-0.185455
207,22.5342,6.46426,-0.924982
206,22.5342,6.46426,-0.924982
207,4.76329,7.34775,-1.60992
206,4.76329,7.34775,-1.60992
207,11.1267,19.5619,-0.0244021
206,11.1267,19.5619,-0.0244021
207,39.1821,5.48714,-1.51885
206,39.1821,5.48714,-1.51885
207,40.4328,5.64043,-1.66979
206,40.4328,5.64043,-1.66979
207,23.0066,21.7302,0.112864
206,23.0066,21.7302,0.112864
207,22.0245,19.094,0.184532
206,22.0245,19.094,0.184532
207,16.2947,15.4229,0.140137
206,16.2947,15.4229,0.140137
207,35.2025,9.84851,-0.653786
206,35.2025,9.84851,-0.653786
207,12.5449,11.8842,-0.846188
206,12.5449,11.8842,-0.846188
207,4.78459,8.74207,-2.77764
206,4.78459,8.74207,-2.77764
207,8.39843,13.7977,-1.52909
206,8.39843,13.7977,-1.52909
207,5.486,13.8439,-2.98238
206,5.486,13.8439,-2.98238
207,17.1956,16.823,0.130312
206,17.1956,16.823,0.130312
207,14.6895,24.8265,-0.640334
206,14.6895,24.8265,-0.640334
207,6.11539,17.1561,-5.44733
206,6.11539,17.1561,-5.44733
207,5.61802,14.3431,-2.98523
206,5.61802,14.3431,-2.98523
207,12.6382,21.6639,-0.0638642
206,12.6382,21.6639,-0.0638642
207,8.8116,16.0335,-0.0470702
206,8.8116,16.0335,-0.0470702
207,5.27349,13.6993,-3.5143
206,5.27349,13.6993,-3.5143
207,5.79756,14.9588,-4.09116
206,5.79756,14.9588,-4.09116
207,28.7456,9.14431,-1.09771
206,28.7456,9.14431,-1.09771
207,8.86387,17.0386,-0.230244
206,8.86387,17.0386,-0.230244
207,18.1162,18.4368,-0.0609675
206,18.1162,18.4368,-0.0609675
207,5.48579,13.8513,-3.00923
206,5.48579,13.8513,-3.00923
207,5.27081,13.0972,-3.62738
206,5.27081,13.0972,-3.62738
207,17.4447,14.5573,-1.19122
206,17.4447,14.5573,-1.19122
207,28.656,9.1167,-0.55845
206,28.656,9.1167,-0.55845
207,8.12008,15.8293,-0.187166
206,8.12008,15.8293,-0.187166
207,18.131,29.9272,-0.120082
206,18.131,29.9272,-0.120082
207,31.8002,18.5725,-1.75515
206,31.8002,18.5725,-1.75515
207,16.3509,16.1156,0.00764196
206,16.3509,16.1156,0.00764196
207,13.5191,15.0041,-0.0823156
205,13.5191,15.0041,-0.0823156
207,21.4168,15.605,-1.47576
205,21.4168,15.605,-1.47576
207,5.33807,7.10275,-1.60018
205,5.33807,7.10275,-1.60018
207,27.689,8.19303,-1.46048
205,27.689,8.19303,-1.46048
207,24.0567,20.1207,-0.302702
205,24.0567,20.1207,-0.302702
207,34.82,20.6627,-2.10251
205,34.82,20.6627,-2.10251
207,10.0292,8.77604,-1.59989
205,10.0292,8.77604,-1.59989
207,39.2321,10.4286,1.91885
205,39.2321,10.4286,1.91885
207,8.17361,13.4784,-1.49601
205,8.17361,13.4784,-1.49601
207,14.1207,13.8958,-0.120409
205,14.1207,13.8958,-0.120409
207,31.8907,9.48339,-0.611299
205,31.8907,9.48339,-0.611299
207,5.19227,7.86722,-1.64015
205,5.19227,7.86722,-1.64015
207,10.7924,6.81673,-1.47166
205,10.7924,6.81673,-1.47166
207,5.51374,13.9607,-3.69909
205,5.51374,13.9607,-3.69909
207,7.55488,8.6459,-1.56937
204,7.55488,8.6459,-1.56937
207,16.2725,11.3994,-1.82996
204,16.2725,11.3994,-1.82996
207,7.93631,8.79035,-1.5061
204,7.93631,8.79035,-1.5061
207,17.5619,16.1077,-0.231265
204,17.5619,16.1077,-0.231265
207,15.9613,15.0062,-1.25612
204,15.9613,15.0062,-1.25612
207,35.1182,9.84989,-1.62254
204,35.1182,9.84989,-1.62254
207,34.6734,9.85186,-0.677258
204,34.6734,9.85186,-0.677258
207,16.8191,15.6536,-0.210606
204,16.8191,15.6536,-0.210606
207,13.5496,11.8557,-0.811995
204,13.5496,11.8557,-0.811995
207,62.6334,7.05631,-2.35736
204,62.6334,7.05631,-2.35736
207,40.2331,6.28353,-0.787455
204,40.2331,6.28353,-0.787455
207,9.79738,7.04872,-1.65917
204,9.79738,7.04872,-1.65917
207,59.3418,7.24891,3.78098
204,59.3418,7.24891,3.78098
207,17.1744,16.221,0.213937
204,17.1744,16.221,0.213937
207,29.6627,10.641,1.27208
204,29.6627,10.641,1.27208
207,27.374,6.69808,1.65692
204,27.374,6.69808,1.65692
207,14.2219,7.86064,-1.6272
204,14.2219,7.86064,-1.6272
207,5.24054,12.7213,-4.75224
204,5.24054,12.7213,-4.75224
207,22.0504,20.3289,-0.251358
204,22.0504,20.3289,-0.251358
207,9.95565,7.13941,-1.86511
204,9.95565,7.13941,-1.86511
207,36.4622,4.92658,-1.49933
204,36.4622,4.92658,-1.49933
207,41.1654,4.7638,-1.70565
204,41.1654,4.7638,-1.70565
207,36.0394,5.44012,-1.27765
204,36.0394,5.44012,-1.27765
207,11.9685,5.5923,-1.72403
204,11.9685,5.5923,-1.72403
207,11.4222,19.9301,-0.464721
204,11.4222,19.9301,-0.464721
207,19.5697,17.4281,-0.260632
203,19.5697,17.4281,-0.260632
207,20.2824,17.847,-0.23232
203,20.2824,17.847,-0.23232
207,22.5786,14.7129,-1.38455
203,22.5786,14.7129,-1.38455
207,5.65266,8.61508,-1.56288
203,5.65266,8.61508,-1.56288
207,20.5476,18.0015,-0.219858
203,20.5476,18.0015,-0.219858
207,16.9538,15.8642,-0.231934
203,16.9538,15.8642,-0.231934
207,8.12856,13.4232,-1.46407
203,8.12856,13.4232,-1.46407
207,23.4264,13.5884,2.08766
203,23.4264,13.5884,2.08766
207,25.8611,15.0371,2.44357
203,25.8611,15.0371,2.44357
207,13.4523,22.6677,-0.106607
203,13.4523,22.6677,-0.106607
207,26.2319,17.5506,-1.69467
201,26.2319,17.5506,-1.69467
207,22.5551,15.858,-1.45592
201,22.5551,15.858,-1.45592
207,5.65906,8.68889,-1.56395
201,5.65906,8.68889,-1.56395
207,21.8857,20.0526,0.186754
201,21.8857,20.0526,0.186754
207,25.8052,17.3687,-1.66939
201,25.8052,17.3687,-1.66939
207,21.8358,14.1359,2.36045
201,21.8358,14.1359,2.36045
207,24.6271,14.6729,2.35084
201,24.6271,14.6729,2.35084
207,4.80915,7.45934,-1.62977
201,4.80915,7.45934,-1.62977
207,13.499,13.8383,-1.04676
201,13.499,13.8383,-1.04676
207,26.4753,17.0638,-1.62776
201,26.4753,17.0638,-1.62776
207,27.2145,14.4636,2.44758
201,27.2145,14.4636,2.44758
207,16.4784,17.2075,-0.0725984
201,16.4784,17.2075,-0.0725984
207,21.9839,15.625,-1.40739
199,21.9839,15.625,-1.40739
207,21.3084,19.2563,-1.90374
197,21.3084,19.2563,-1.90374
207,21.4392,19.5711,-1.48078
197,21.4392,19.5711,-1.48078
208,4.61509,6.10858,-1.55374
208,4.6537,6.22835,-1.61155
208,4.72439,6.22246,-1.66115
208,4.79334,6.22747,-1.54912
208,4.78597,6.2321,-1.56905
208,4.79235,6.22408,-1.57398
208,4.95518,6.0257,-1.56533
208,4.9553,6.03456,-1.56692
208,5.05291,5.7602,-1.73499
208,4.90826,6.24404,-1.6207
208,5.26806,5.72702,-1.62957
208,5.28844,5.72515,-1.64557
208,5.06865,6.18133,-1.6633
208,5.40801,5.49567,-1.69044
208,5.40076,5.52623,-1.67393
208,5.11449,6.19187,-1.58145
208,5.40252,5.52754,-1.68395
208,5.32917,5.71349,-1.6591
208,5.37917,5.66456,-1.65874
208,5.15457,6.19204,-1.60702
208,5.39166,5.6597,-1.66211
208,5.1506,6.20706,-1.60174
208,5.40534,5.65471,-1.66909
208,5.18925,6.20861,-1.62535
208,4.99793,6.68935,-1.571
208,5.23227,6.14971,-1.73042
208,4.95109,7.04004,-1.59321
208,5.39947,6.11354,-1.62064
208,5.39235,6.12759,-1.62997
208,5.40835,6.12374,-1.63678
208,5.70493,5.7161,-1.56259
208,5.19626,6.7985,-1.53372
208,5.40966,6.36724,-1.58972
208,5.15225,6.88325,-1.65348
208,5.04066,7.11819,-1.66435
208,5.4296,6.40617,-1.59188
208,5.49649,6.22425,-1.65763
208,5.49932,6.21932,-1.65705
208,5.49917,6.22569,-1.65189
208,5.50476,6.21606,-1.65812
208,5.51384,6.20936,-1.66197
208,5.17896,6.90303,-1.67356
208,5.17451,6.9143,-1.67329
208,5.44708,6.40055,-1.61003
208,5.06108,7.15734,-1.67677
208,5.51934,6.22509,-1.65645
208,5.19348,6.91585,-1.67928
208,5.45436,6.45812,-1.56971
208,5.53158,6.2305,-1.66929
208,5.40685,6.59486,-1.52804
208,4.87334,7.60985,-1.69062
208,5.07474,7.20372,-1.6822
208,5.44553,6.52808,-1.55701
208,5.22949,6.89909,-1.69902
208,5.47809,6.46284,-1.58668
208,4.8832,7.64513,-1.69726
208,5.44541,6.54723,-1.60215
208,4.89404,7.63191,-1.70386
208,5.47116,6.52171,-1.57629
208,5.49475,6.47277,-1.59836
208,5.48654,6.52402,-1.56731
208,5.33335,6.8355,-1.61431
208,4.9291,7.62869,-1.69996
208,5.49424,6.54647,-1.57481
208,5.20222,7.14874,-1.60903
208,5.53176,6.47306,-1.60587
208,5.52777,6.4778,-1.61999
208,5.53699,6.49995,-1.60322
208,5.53562,6.48553,-1.62991
208,5.21599,7.16731,-1.61293
208,4.94011,7.66783,-1.73471
208,5.88957,5.93496,-1.65537
208,5.372,7.05032,-1.65377
208,5.36688,7.06659,-1.6564
208,5.37883,7.05281,-1.68028
208,5.40044,7.04575,-1.69075
208,5.43817,7.03978,-1.63054
208,5.40354,7.23238,-1.59941
208,5.48363,7.03521,-1.65765
208,6.21496,5.67055,-1.52206
208,5.61581,6.92364,-1.60624
208,6.36334,5.34842,-1.65443
208,5.44669,7.34021,-1.60734
208,5.46727,7.3101,-1.64622
208,5.21895,7.88658,-1.6697
208,5.43192,7.50031,-1.62911
208,5.25081,7.84711,-1.69912
208,6.46623,5.38443,-1.69469
208,6.25235,6.00566,-1.56878
208,6.12902,6.16793,-1.72626
208,5.45365,7.81159,-1.63235
208,5.59954,7.567,-1.56296
208,5.44767,7.85065,-1.60907
208,6.6209,5.33252,-1.7532
208,5.59762,7.61419,-1.57715
208,5.58571,7.67411,-1.56403
208,5.4784,7.94123,-1.62343
208,6.27932,6.1871,-1.7773
208,5.4881,7.96211,-1.62844
208,5.53008,7.88061,-1.62721
208,5.50738,7.92962,-1.63249
208,5.44567,8.08507,-1.61029
208,6.47667,5.95288,-1.66085
208,5.98329,6.98689,-1.7359
208,5.97683,6.99091,-1.77673
208,5.58391,7.97242,-1.57622
208,5.76227,7.56448,-1.63565
208,6.51916,5.96998,-1.68148
208,5.55571,8.08141,-1.53835
208,5.53621,8.05441,-1.63907
208,5.79763,7.55496,-1.62439
208,5.45646,8.33507,-1.59661
208,5.46865,8.33226,-1.59647
208,5.4735,8.31931,-1.60195
208,5.46227,8.33986,-1.60766
208,6.07464,6.94742,-1.7734
208,5.46056,8.36544,-1.6071
208,5.6621,8.01393,-1.54371
208,5.64306,8.02257,-1.60479
208,5.63663,8.07016,-1.58331
208,5.55507,8.28095,-1.53373
208,6.43626,6.38533,-1.6305
208,6.43865,6.37798,-1.63677
208,6.45951,6.33387,-1.65015
208,6.11153,6.97939,-1.79579
208,6.46985,6.31454,-1.68327
208,6.46353,6.35324,-1.65258
208,6.47187,6.31447,-1.68586
208,6.45994,6.39069,-1.6472
208,5.51198,8.42853,-1.56624
208,5.54974,8.33031,-1.59778
208,5.66139,8.1022,-1.60195
208,5.65278,8.15257,-1.59839
208,5.55269,8.37344,-1.59201
208,5.59663,8.26901,-1.6274
208,5.54979,8.40101,-1.59451
208,5.93682,7.56731,-1.63434
208,6.61317,6.15468,-1.698
208,6.15308,7.01295,-1.84403
208,5.95216,7.57733,-1.64224
208,6.51111,6.44503,-1.66462
208,6.5802,6.28205,-1.70435
208,5.58015,8.48182,-1.59176
208,6.53581,6.44784,-1.67691
208,6.53578,6.484,-1.66892
208,6.56386,6.44656,-1.67783
208,6.66409,6.17562,-1.79902
208,5.69955,8.4125,-1.59977
208,6.58793,6.49826,-1.6956
208,5.69757,8.47266,-1.58769
208,6.1029,7.61659,-1.65649
208,5.69725,8.56653,-1.58794
208,5.70854,8.5877,-1.58749
208,5.71737,8.57455,-1.60229
208,5.97347,8.10555,-1.63735
208,6.3328,7.44133,-1.56531
208,6.42149,7.46252,-1.60413
208,7.17543,5.9071,-1.60911
208,5.76238,8.877,-1.60017
208,6.43492,7.48586,-1.61172
208,6.70401,6.87081,-1.7509
208,6.4621,7.47815,-1.62297
208,5.72375,9.05313,-1.57068
208,5.81524,8.88955,-1.62762
208,5.74283,9.10721,-1.57754
208,5.74954,9.09307,-1.5785
208,5.82269,8.94651,-1.57627
208,6.62673,7.235,-1.65784
208,5.83437,8.9113,-1.62604
208,7.24464,6.00931,-1.58233
208,6.27959,8.0622,-1.63672
208,5.77146,9.12787,-1.66241
208,5.53086,9.67014,-1.62938
208,6.83549,6.91634,-1.79482
208,7.34275,6.00853,-1.61076
208,5.6094,9.61591,-1.63329
208,7.4393,5.75467,-1.71486
208,5.57368,9.70427,-1.62975
208,7.39877,5.96183,-1.55381
208,7.45145,5.75051,-1.71013
208,5.61119,9.63775,-1.63662
208,7.37726,5.99879,-1.59755
208,5.59252,9.69438,-1.63602
208,7.06304,6.37708,-2.1415
208,7.42772,6.00262,-1.63377
208,7.47208,5.9696,-1.55374
208,7.5379,5.75396,-1.71827
208,7.63413,5.74595,-1.73249
208,7.19626,6.38896,-2.18785
208,6.53741,8.16954,-1.67262
208,6.62262,8.02289,-1.64619
208,7.30972,6.3379,-2.26466
208,7.08259,7.31114,-1.64781
208,6.99378,7.41547,-1.78236
208,5.72668,10.1892,-1.72585
208,7.36073,7.22162,-1.55549
208,7.21074,7.67483,-1.49314
208,8.13082,5.69013,-1.61746
208,7.1777,7.82596,-1.54035
208,7.19829,7.79395,-1.5435
208,7.20989,7.85901,-1.48287
208,8.21626,5.75586,-1.56657
208,7.45926,7.36493,-1.57568
208,7.47372,7.50094,-1.59239
208,8.45191,5.63103,-1.62314
208,7.60945,7.51259,-1.62155
208,8.55238,5.61859,-1.6376
208,7.81852,7.23778,-1.54891
208,7.8626,7.16353,-1.57556
208,7.86488,7.21452,-1.5601
208,7.90667,7.16261,-1.58532
208,7.91211,7.20451,-1.57523
208,7.42797,8.47136,-1.52673
208,7.35287,8.97641,-1.5653
208,7.37805,8.97645,-1.51432
208,7.39033,9.03457,-1.54175
208,7.54853,8.80301,-1.59309
208,7.56667,8.786,-1.57406
208,7.55622,8.82201,-1.5735
208,7.46212,9.04568,-1.60344
208,7.64091,8.83692,-1.55974
208,7.62085,8.90994,-1.62004
208,8.41216,7.39408,-1.57048
208,7.78946,8.71506,-1.63891
208,8.54175,7.366,-1.58223
208,8.57049,7.37252,-1.59759
208,8.57972,7.36399,-1.6074
208,8.67987,7.31946,-1.47498
208,8.67822,7.32405,-1.48541
208,8.61172,7.40593,-1.63631
208,8.75602,7.51227,-1.42947
208,8.75774,7.52537,-1.42707
208,9.06563,6.36444,-3.0994
208,8.79583,8.29554,-1.42626
208,9.28237,7.26561,-1.55006
208,9.45032,7.03746,-1.6029
208,9.52605,7.00917,-1.60773
208,16.8561,16.5821,-0.221457
207,16.8561,16.5821,-0.221457
208,34.6806,27.3396,0.26457
207,34.6806,27.3396,0.26457
208,9.45061,8.52029,-1.55375
207,9.45061,8.52029,-1.55375
208,9.05654,8.41609,-1.47
207,9.05654,8.41609,-1.47
208,14.4108,15.7155,-1.39027
207,14.4108,15.7155,-1.39027
208,7.56581,8.86623,-1.53721
207,7.56581,8.86623,-1.53721
208,7.10984,8.40063,-1.89219
207,7.10984,8.40063,-1.89219
208,22.9663,14.8913,-1.36853
207,22.9663,14.8913,-1.36853
208,23.0539,8.46343,-0.853903
207,23.0539,8.46343,-0.853903
208,24.1426,16.9576,-1.68421
207,24.1426,16.9576,-1.68421
208,41.0712,10.5507,-1.16848
207,41.0712,10.5507,-1.16848
208,14.1218,14.3297,0.151803
207,14.1218,14.3297,0.151803
208,20.9032,20.766,-0.320655
207,20.9032,20.766,-0.320655
208,12.7839,14.3426,-1.3577
207,12.7839,14.3426,-1.3577
208,7.67623,10.3966,-1.4967
207,7.67623,10.3966,-1.4967
208,5.80949,7.27777,-1.35338
207,5.80949,7.27777,-1.35338
208,12.9398,11.249,-0.781432
207,12.9398,11.249,-0.781432
208,34.3615,29.148,-0.468296
207,34.3615,29.148,-0.468296
208,15.2925,13.4173,-1.09884
207,15.2925,13.4173,-1.09884
208,11.8521,7.07515,-1.63644
207,11.8521,7.07515,-1.63644
208,32.3082,9.53246,-1.2635
207,32.3082,9.53246,-1.2635
208,19.582,19.4285,-0.201172
207,19.582,19.4285,-0.201172
208,21.743,21.4401,-0.317267
207,21.743,21.4401,-0.317267
208,9.54965,7.15914,-1.62157
207,9.54965,7.15914,-1.62157
208,26.7347,17.0823,-1.61361
207,26.7347,17.0823,-1.61361
208,15.2269,15.8255,0.12025
207,15.2269,15.8255,0.12025
208,27.0022,16.5411,-1.59999
207,27.0022,16.5411,-1.59999
208,15.5196,8.01121,-1.81202
207,15.5196,8.01121,-1.81202
208,19.3574,14.8454,2.35683
207,19.3574,14.8454,2.35683
208,19.8866,13.2724,1.90032
207,19.8866,13.2724,1.90032
208,60.9354,11.2673,3.88457
207,60.9354,11.2673,3.88457
208,12.8918,11.2253,-0.769853
207,12.8918,11.2253,-0.769853
208,21.1416,20.3486,-0.329996
207,21.1416,20.3486,-0.329996
208,64.9924,11.7482,4.17504
207,64.9924,11.7482,4.17504
208,22.6552,19.5048,-0.191259
207,22.6552,19.5048,-0.191259
208,29.983,24.3473,0.258217
207,29.983,24.3473,0.258217
208,35.9194,9.88731,-0.634644
207,35.9194,9.88731,-0.634644
208,21.3905,15.9985,2.67609
207,21.3905,15.9985,2.67609
208,27.6598,15.7899,2.73167
207,27.6598,15.7899,2.73167
208,25.5749,21.6109,-0.383623
207,25.5749,21.6109,-0.383623
208,20.5732,18.2491,0.221746
207,20.5732,18.2491,0.221746
208,38.2997,8.29148,2.34574
207,38.2997,8.29148,2.34574
208,37.2777,10.2559,1.80953
207,37.2777,10.2559,1.80953
208,18.1667,12.983,1.61666
207,18.1667,12.983,1.61666
208,11.9337,7.12175,-1.64708
207,11.9337,7.12175,-1.64708
208,60.6598,7.40594,3.79798
207,60.6598,7.40594,3.79798
208,22.2864,8.2914,1.20235
207,22.2864,8.2914,1.20235
208,24.0441,21.7065,-0.270341
207,24.0441,21.7065,-0.270341
208,36.1733,8.11126,2.25423
207,36.1733,8.11126,2.25423
208,13.8772,12.0822,-1.45867
207,13.8772,12.0822,-1.45867
208,15.2897,15.1458,-1.27873
207,15.2897,15.1458,-1.27873
208,6.55031,6.11715,-1.72942
207,6.55031,6.11715,-1.72942
208,34.9901,27.5819,-0.185444
207,34.9901,27.5819,-0.185444
208,13.9705,7.12542,0.639236
207,13.9705,7.12542,0.639236
208,8.4578,8.25076,0.657515
207,8.4578,8.25076,0.657515
208,13.3977,13.6737,0.166277
207,13.3977,13.6737,0.166277
208,23.1786,19.9497,0.00598549
207,23.1786,19.9497,0.00598549
208,5.1822,6.91481,-1.48201
207,5.1822,6.91481,-1.48201
208,13.4957,12.4285,-0.910865
207,13.4957,12.4285,-0.910865
208,7.03376,9.919,-1.28719
207,7.03376,9.919,-1.28719
208,12.5403,9.57627,-2.10027
206,12.5403,9.57627,-2.10027
208,24.8855,17.6807,-1.67454
206,24.8855,17.6807,-1.67454
208,18.9812,14.7079,-1.24612
206,18.9812,14.7079,-1.24612
208,14.5486,10.7826,-1.60673
206,14.5486,10.7826,-1.60673
208,17.848,16.4297,-1.42857
206,17.848,16.4297,-1.42857
208,33.29,21.0225,-2.27282
206,33.29,21.0225,-2.27282
208,18.5094,13.763,-1.16651
206,18.5094,13.763,-1.16651
208,29.9639,9.21039,-0.802147
206,29.9639,9.21039,-0.802147
208,45.8947,10.9049,2.27666
206,45.8947,10.9049,2.27666
208,19.104,8.03692,0.886026
206,19.104,8.03692,0.886026
208,15.6752,13.0781,-1.71157
206,15.6752,13.0781,-1.71157
208,18.3307,11.9284,-2.10934
206,18.3307,11.9284,-2.10934
208,10.1586,9.48944,-1.91335
206,10.1586,9.48944,-1.91335
208,39.4712,12.2013,1.70811
206,39.4712,12.2013,1.70811
208,48.2717,10.2833,2.78833
206,48.2717,10.2833,2.78833
208,72.0947,13.5901,3.65091
206,72.0947,13.5901,3.65091
208,15.6947,16.6067,-1.15889
206,15.6947,16.6067,-1.15889
208,7.89294,10.6338,-1.53691
206,7.89294,10.6338,-1.53691
208,40.3259,10.4637,1.37177
206,40.3259,10.4637,1.37177
208,5.8267,8.08765,-1.62641
206,5.8267,8.08765,-1.62641
208,15.0383,13.2018,-1.00712
206,15.0383,13.2018,-1.00712
208,26.8076,8.12389,0.827306
206,26.8076,8.12389,0.827306
208,8.91712,7.7466,-1.65472
205,8.91712,7.7466,-1.65472
208,6.36245,8.80436,-1.47739
205,6.36245,8.80436,-1.47739
208,34.8854,9.94747,-1.46062
205,34.8854,9.94747,-1.46062
208,9.06261,8.50822,-1.42446
205,9.06261,8.50822,-1.42446
208,52.7528,11.4865,3.12975
205,52.7528,11.4865,3.12975
208,18.7021,15.2026,-1.3467
205,18.7021,15.2026,-1.3467
208,121.475,19.5304,-5.27439
205,121.475,19.5304,-5.27439
208,20.4929,11.2111,-1.51148
205,20.4929,11.2111,-1.51148
208,32.8348,9.42769,1.92032
205,32.8348,9.42769,1.92032
208,53.4355,11.3052,1.98743
205,53.4355,11.3052,1.98743
208,11.9435,7.09697,-1.64284
205,11.9435,7.09697,-1.64284
208,11.2344,9.10279,-1.92947
205,11.2344,9.10279,-1.92947
208,15.3734,14.5967,-1.55863
205,15.3734,14.5967,-1.55863
208,13.8771,23.8515,-0.0141263
205,13.8771,23.8515,-0.0141263
208,29.7276,9.23349,-1.11223
205,29.7276,9.23349,-1.11223
208,62.4639,12.8826,-1.78864
204,62.4639,12.8826,-1.78864
208,21.8886,18.7684,0.0340759
204,21.8886,18.7684,0.0340759
208,23.1966,8.44531,-0.994847
204,23.1966,8.44531,-0.994847
208,19.9753,18.5895,-1.75374
204,19.9753,18.5895,-1.75374
208,41.4921,10.2,1.98814
204,41.4921,10.2,1.98814
208,17.9304,17.2334,-1.55356
204,17.9304,17.2334,-1.55356
208,39.95,8.43727,1.10741
204,39.95,8.43727,1.10741
208,74.8365,3.22555,-3.09425
204,74.8365,3.22555,-3.09425
208,5.40717,7.44324,-1.61626
204,5.40717,7.44324,-1.61626
208,5.6015,10.5445,-1.60559
204,5.6015,10.5445,-1.60559
208,11.0862,5.56895,-1.53397
204,11.0862,5.56895,-1.53397
208,12.4501,8.57018,-1.72805
203,12.4501,8.57018,-1.72805
208,15.8304,16.4955,-1.54751
203,15.8304,16.4955,-1.54751
208,23.3936,14.3651,2.5069
203,23.3936,14.3651,2.5069
208,25.0139,14.6267,2.69109
203,25.0139,14.6267,2.69109
208,19.545,12.4087,2.06652
203,19.545,12.4087,2.06652
208,40.4972,9.6632,-0.751198
203,40.4972,9.6632,-0.751198
208,24.4668,15.1385,2.4521
203,24.4668,15.1385,2.4521
208,5.6463,7.53003,-1.63003
203,5.6463,7.53003,-1.63003
208,28.4703,15.1393,2.94603
201,28.4703,15.1393,2.94603
208,14.8068,15.6593,-1.42577
201,14.8068,15.6593,-1.42577
208,15.8517,16.3537,-1.52476
201,15.8517,16.3537,-1.52476
208,24.0711,16.0006,-1.4799
199,24.0711,16.0006,-1.4799
208,10.5958,17.1341,-1.55209
199,10.5958,17.1341,-1.55209
209,3.29811,6.1542,-0.110184
209,3.67935,6.15436,-0.0921928
209,4.93365,5.75807,-1.65413
209,4.99163,5.80511,-1.48152
209,4.98582,5.77316,-1.64374
209,4.99179,5.7671,-1.69701
209,4.96403,6.00543,-1.55524
209,5.01569,5.76456,-1.67121
209,4.90757,6.15462,-1.66122
209,4.998,5.9956,-1.58389
209,5.00631,6.00358,-1.59237
209,4.99844,6.03764,-1.71122
209,4.95116,6.24365,-1.65387
209,5.35209,5.15412,-1.68864
209,5.37475,5.20621,-1.69535
209,5.38185,5.20246,-1.69501
209,5.38321,5.20037,-1.70398
209,5.20189,5.92006,-1.55563
209,5.39073,5.23313,-1.6993
209,5.37154,5.38229,-1.66659
209,5.36825,5.38786,-1.673
209,4.76193,7.31973,-1.60127
209,5.38746,5.35691,-1.68549
209,4.76803,7.32794,-1.60463
209,5.37005,5.5006,-1.66225
209,5.41287,5.31974,-1.71335
209,5.38383,5.44928,-1.6786
209,5.0827,6.42402,-1.64144
209,5.36118,5.61135,-1.64501
209,4.7921,7.3501,-1.62893
209,5.37622,5.56476,-1.66421
209,5.18514,6.18649,-1.61966
209,5.18447,6.19642,-1.62134
209,5.44724,5.29745,-1.73024
209,5.44211,5.32024,-1.7322
209,5.44298,5.32481,-1.73081
209,4.80812,7.36667,-1.63566
209,5.53638,5.29384,-1.53921
209,5.0525,6.68895,-1.59708
209,5.56141,5.28752,-1.55424
209,4.76744,7.5484,-1.66623
209,5.0739,6.70702,-1.60313
209,4.77809,7.55596,-1.67362
209,5.42978,5.59896,-1.68448
209,4.78657,7.54743,-1.67793
209,5.59866,5.26885,-1.57043
209,5.36757,5.97341,-1.61822
209,5.62532,5.258,-1.59347
209,5.47905,5.54976,-1.73244
209,5.35378,5.96737,-1.7564
209,5.3839,6.02294,-1.62779
209,5.37426,6.11142,-1.6174
209,5.67114,5.24333,-1.61078
209,5.38226,6.11117,-1.61734
209,5.03726,7.14591,-1.66368
209,4.89793,7.6066,-1.67475
209,5.09565,7.20435,-1.69728
209,5.45215,6.2248,-1.6334
209,5.48156,5.84521,-1.94269
209,5.48106,6.20931,-1.64204
209,5.19554,7.11285,-1.6007
209,5.69057,5.71067,-1.55679
209,5.2066,7.14311,-1.60642
209,5.70483,5.70239,-1.56172
209,5.71465,5.69246,-1.57055
209,5.73543,5.70406,-1.5724
209,5.91208,4.98488,-1.75847
209,5.74432,5.68771,-1.59113
209,5.38145,6.7656,-1.62317
209,5.37531,6.8135,-1.64207
209,5.7784,5.6779,-1.59375
209,5.45927,6.68364,-1.58393
209,5.54109,6.47415,-1.63158
209,5.80748,5.71182,-1.61651
209,5.61438,5.82708,-2.04467
209,5.56041,6.49603,-1.61876
209,5.37521,7.08902,-1.62178
209,5.35828,7.13554,-1.62713
209,5.18529,7.67288,-1.63465
209,5.42676,7.03383,-1.6517
209,5.46292,6.96686,-1.63965
209,6.07848,4.91788,-1.84283
209,5.32769,7.43227,-1.6762
209,5.1959,7.88537,-1.66211
209,5.3985,7.34427,-1.62917
209,5.20249,7.899,-1.66417
209,5.43622,7.24931,-1.6225
209,5.40373,7.33322,-1.63754
209,5.3935,7.39101,-1.62698
209,5.8795,5.92355,-1.65305
209,5.89621,5.91602,-1.66267
209,5.38603,7.51424,-1.60686
209,5.41954,7.39665,-1.62792
209,5.90028,5.92093,-1.66474
209,5.4422,7.34412,-1.63915
209,5.43342,7.38231,-1.63327
209,5.44411,7.36572,-1.62909
209,5.46718,7.30582,-1.63934
209,5.45834,7.36408,-1.61744
209,5.41321,7.50024,-1.62112
209,5.43235,7.45017,-1.62342
209,5.47799,7.32287,-1.62894
209,5.43615,7.52693,-1.6142
209,5.66369,6.92404,-1.58208
209,5.44824,7.53331,-1.61486
209,5.43274,7.75045,-1.61972
209,5.48489,7.64587,-1.64462
209,5.46236,7.73105,-1.63089
209,6.16809,5.69911,-1.58481
209,5.46437,7.77172,-1.63841
209,5.48597,7.72222,-1.63438
209,6.27739,5.01655,-1.96353
209,5.5121,7.66126,-1.64629
209,5.46183,7.86291,-1.62836
209,5.47041,7.86868,-1.63066
209,5.52777,7.68596,-1.65079
209,5.50906,7.75945,-1.63697
209,6.24671,5.66424,-1.53842
209,5.50588,7.78924,-1.63995
209,6.37352,5.23107,-1.66496
209,6.27227,5.67688,-1.53846
209,5.51501,7.87363,-1.63441
209,5.62808,7.62593,-1.58424
209,6.30882,5.63842,-1.56715
209,6.493,4.94737,-1.73761
209,5.54851,7.89899,-1.62872
209,6.34173,5.56186,-1.62836
209,5.99127,6.6712,-1.57379
209,6.40942,5.33391,-1.67394
209,5.68724,7.58619,-1.59966
209,5.56638,7.90036,-1.64481
209,6.38459,5.44154,-1.65468
209,6.38762,5.54756,-1.6511
209,5.51847,8.21648,-1.62265
209,5.89489,6.96878,-1.74828
209,6.42001,5.48547,-1.66916
209,6.41732,5.49577,-1.67203
209,5.92198,6.96898,-1.73828
209,6.44604,5.48508,-1.68005
209,5.51338,8.39533,-1.61815
209,5.58029,8.25729,-1.6196
209,6.00603,6.97747,-1.62704
209,5.80723,7.57823,-1.64921
209,6.0191,6.96586,-1.63165
209,5.68176,8.03357,-1.62086
209,5.6929,8.07135,-1.62575
209,6.42833,5.85174,-1.65387
209,5.67438,8.19776,-1.59926
209,6.28715,6.21533,-1.78714
209,5.75731,8.03093,-1.58616
209,6.14307,6.83589,-1.66421
209,6.08512,7.01525,-1.67012
209,6.28238,6.55536,-1.63355
209,6.33448,6.26057,-1.8101
209,6.456,6.11574,-1.67844
209,6.48549,6.12899,-1.65704
209,6.48072,6.11287,-1.68954
209,5.99514,7.61757,-1.6466
209,6.22291,6.88515,-1.70902
209,6.49536,6.25848,-1.66629
209,6.50323,6.17238,-1.74531
209,6.62286,6.11409,-1.67215
209,6.01624,8.1185,-1.65731
209,5.80163,8.93548,-1.60885
209,5.8025,9.01927,-1.60086
209,5.62369,9.55842,-1.61006
209,6.59815,6.3234,-1.94655
209,6.30622,7.52673,-1.65436
209,6.31635,7.5275,-1.66057
209,5.65525,9.77595,-1.55114
209,6.65312,6.38595,-1.96537
209,5.67269,9.67257,-1.65555
209,6.63111,6.85929,-1.72871
209,6.46504,7.48847,-1.63297
209,7.39331,4.66287,-1.68666
209,6.50094,7.46662,-1.68242
209,6.60537,7.30831,-1.64019
209,6.06858,9.14903,-1.52586
209,7.17681,5.89822,-1.61913
209,7.22685,5.88371,-1.58559
209,7.21009,5.88978,-1.62682
209,7.62791,4.54305,-1.76087
209,7.22508,5.99312,-1.54818
209,7.29069,5.76209,-1.66668
209,7.30198,5.75934,-1.67065
209,6.80315,7.39409,-1.71
209,7.34601,5.99347,-1.58294
209,7.32984,5.98848,-1.63612
209,7.346,5.99065,-1.61236
209,7.38611,5.96258,-1.53444
209,6.91787,7.27504,-1.61716
209,6.98563,6.96713,-1.88024
209,6.98944,7.29582,-1.63543
209,7.52371,5.68611,-1.64888
209,7.52458,5.6888,-1.65553
209,7.21478,7.76298,-1.48332
209,7.21848,7.78141,-1.54279
209,7.2236,7.77242,-1.54147
209,7.22402,7.78315,-1.53181
209,7.19262,7.86861,-1.58113
209,7.20442,7.87195,-1.54662
209,7.43039,7.3716,-1.57345
209,7.29126,7.8544,-1.56687
209,7.46273,7.38494,-1.58246
209,7.48048,7.3899,-1.5774
209,7.40022,8.07316,-1.53245
209,7.57827,7.49534,-1.61651
209,7.43418,8.13597,-1.54557
209,7.43111,8.20534,-1.53569
209,8.35461,5.73021,-1.57432
209,7.50759,8.30568,-1.5657
209,8.40433,5.61746,-1.62317
209,7.52145,8.38825,-1.55941
209,8.43301,5.61569,-1.62127
209,7.52048,8.44142,-1.56327
209,8.45213,5.61178,-1.60775
209,7.40357,8.97783,-1.51561
209,8.52916,5.59663,-1.61908
209,7.64286,8.79907,-1.57826
209,8.41096,7.53677,-1.62633
209,8.71962,6.9976,-1.57385
209,7.88038,10.5654,-1.55157
209,8.89727,7.85631,-1.52882
209,9.30379,7.12307,-1.57805
209,9.32946,7.12226,-1.56392
209,9.46127,6.99246,-1.60602
209,9.476,6.99505,-1.59506
209,9.41877,7.25526,-1.5827
209,9.5075,7.02268,-1.61949
209,51.0716,10.5651,-1.0309
208,51.0716,10.5651,-1.0309
209,6.06151,6.20731,-1.69651
208,6.06151,6.20731,-1.69651
209,30.3109,20.645,-2.05796
208,30.3109,20.645,-2.05796
209,28.2544,18.822,-1.82737
208,28.2544,18.822,-1.82737
209,13.2153,7.52834,-1.50225
208,13.2153,7.52834,-1.50225
209,13.0636,7.65622,-1.47304
208,13.0636,7.65622,-1.47304
209,40.1257,10.4569,-0.742295
208,40.1257,10.4569,-0.742295
209,5.36661,7.28829,-1.61379
208,5.36661,7.28829,-1.61379
209,4.96975,7.07806,-1.6073
208,4.96975,7.07806,-1.6073
209,6.48284,6.90681,-1.62488
208,6.48284,6.90681,-1.62488
209,8.11483,8.05866,-1.18924
208,8.11483,8.05866,-1.18924
209,11.5364,7.03289,-1.59352
208,11.5364,7.03289,-1.59352
209,38.4846,7.4225,-2.27818
208,38.4846,7.4225,-2.27818
209,46.7999,7.08669,0.118211
208,46.7999,7.08669,0.118211
209,6.1126,7.02646,-1.67663
208,6.1126,7.02646,-1.67663
209,48.1066,10.2762,-0.957337
208,48.1066,10.2762,-0.957337
209,14.035,12.2067,-1.51078
208,14.035,12.2067,-1.51078
209,19.4914,15.6859,-1.47412
208,19.4914,15.6859,-1.47412
209,18.5156,3.93824,-2.20387
208,18.5156,3.93824,-2.20387
209,44.3464,7.56512,-2.62723
208,44.3464,7.56512,-2.62723
209,54.8766,-0.837584,-2.89013
208,54.8766,-0.837584,-2.89013
209,35.4388,21.0394,-2.21431
208,35.4388,21.0394,-2.21431
209,22.0877,17.3116,-1.62324
208,22.0877,17.3116,-1.62324
209,54.1586,-1.01514,-3.30272
208,54.1586,-1.01514,-3.30272
209,13.8674,10.2917,-1.51766
208,13.8674,10.2917,-1.51766
209,22.6578,21.5176,-0.349379
208,22.6578,21.5176,-0.349379
209,16.1442,15.1052,0.117817
208,16.1442,15.1052,0.117817
209,16.1795,4.42963,-1.86827
208,16.1795,4.42963,-1.86827
209,35.4536,2.35832,-2.05356
208,35.4536,2.35832,-2.05356
209,12.1544,5.46689,-1.74095
208,12.1544,5.46689,-1.74095
209,20.3221,13.7008,-1.19066
208,20.3221,13.7008,-1.19066
209,5.0855,6.15359,-1.63384
208,5.0855,6.15359,-1.63384
209,6.14145,6.1662,-1.74012
208,6.14145,6.1662,-1.74012
209,58.0854,-1.91698,-3.10916
208,58.0854,-1.91698,-3.10916
209,18.8904,3.72268,-2.3974
208,18.8904,3.72268,-2.3974
209,19.7101,17.4542,-0.22047
208,19.7101,17.4542,-0.22047
209,34.383,27.4604,0.445575
208,34.383,27.4604,0.445575
209,15.1669,14.4447,0.0817685
208,15.1669,14.4447,0.0817685
209,17.1683,4.29671,-2.01613
208,17.1683,4.29671,-2.01613
209,5.14725,7.64827,-1.61191
208,5.14725,7.64827,-1.61191
209,18.8682,3.76564,-2.34225
208,18.8682,3.76564,-2.34225
209,31.3881,16.414,3.05239
208,31.3881,16.414,3.05239
209,24.8039,18.8706,-1.81676
208,24.8039,18.8706,-1.81676
209,22.5839,22.3663,-2.2693
208,22.5839,22.3663,-2.2693
209,19.6093,17.3913,-0.186712
208,19.6093,17.3913,-0.186712
209,25.4785,17.3983,-1.63341
208,25.4785,17.3983,-1.63341
209,15.8108,10.5451,1.26727
208,15.8108,10.5451,1.26727
209,36.2671,2.1485,-1.99899
208,36.2671,2.1485,-1.99899
209,63.7989,1.8632,-0.539742
208,63.7989,1.8632,-0.539742
209,47.4703,0.0141025,-2.46238
208,47.4703,0.0141025,-2.46238
209,17.8776,4.0634,-2.05786
208,17.8776,4.0634,-2.05786
209,19.8305,5.54434,-0.794115
208,19.8305,5.54434,-0.794115
209,12.5847,5.19063,-0.187198
208,12.5847,5.19063,-0.187198
209,5.02139,7.57512,-1.52669
208,5.02139,7.57512,-1.52669
209,11.577,5.54225,-1.64727
208,11.577,5.54225,-1.64727
209,4.6197,7.43096,-1.47291
208,4.6197,7.43096,-1.47291
209,43.1954,12.9949,2.00513
208,43.1954,12.9949,2.00513
209,26.2076,3.82565,-0.2578
208,26.2076,3.82565,-0.2578
209,20.1395,14.6746,-1.3345
208,20.1395,14.6746,-1.3345
209,20.871,6.69534,1.06951
208,20.871,6.69534,1.06951
209,5.71249,8.17894,-1.61592
208,5.71249,8.17894,-1.61592
209,28.9371,9.10411,1.15931
208,28.9371,9.10411,1.15931
209,15.4098,10.8761,-1.73634
207,15.4098,10.8761,-1.73634
209,14.3189,10.4864,-1.59378
207,14.3189,10.4864,-1.59378
209,65.2086,36.2915,-4.42825
207,65.2086,36.2915,-4.42825
209,10.5103,8.08107,-1.39503
207,10.5103,8.08107,-1.39503
209,8.60239,8.0233,-1.5502
207,8.60239,8.0233,-1.5502
209,57.8791,2.04243,-1.83202
207,57.8791,2.04243,-1.83202
209,5.36407,7.22106,-1.58164
207,5.36407,7.22106,-1.58164
209,71.4145,17.3799,-2.87201
207,71.4145,17.3799,-2.87201
209,12.5065,6.97927,-1.76215
207,12.5065,6.97927,-1.76215
209,5.39403,7.44031,-1.59934
207,5.39403,7.44031,-1.59934
209,6.69508,6.11352,-1.70762
207,6.69508,6.11352,-1.70762
209,5.24634,5.92949,-1.59857
207,5.24634,5.92949,-1.59857
209,43.8186,3.96887,-1.22042
207,43.8186,3.96887,-1.22042
209,13.3801,14.4852,0.0171743
207,13.3801,14.4852,0.0171743
209,5.65637,8.45238,-1.60914
207,5.65637,8.45238,-1.60914
209,16.7655,17.4151,-0.119843
207,16.7655,17.4151,-0.119843
209,5.00405,7.06665,-1.6205
207,5.00405,7.06665,-1.6205
209,5.07817,7.0787,-1.39245
207,5.07817,7.0787,-1.39245
209,12.5533,5.98126,-0.468514
207,12.5533,5.98126,-0.468514
209,37.2076,11.8911,1.58884
207,37.2076,11.8911,1.58884
209,24.3778,17.4312,-1.65573
206,24.3778,17.4312,-1.65573
209,7.71308,8.24508,-1.63302
206,7.71308,8.24508,-1.63302
209,58.4221,6.30711,-1.04664
206,58.4221,6.30711,-1.04664
209,44.0622,7.05778,-0.871269
206,44.0622,7.05778,-0.871269
209,34.2889,8.56803,0.942227
206,34.2889,8.56803,0.942227
209,23.1298,21.8223,-0.211598
206,23.1298,21.8223,-0.211598
209,21.1935,20.3749,0.118174
206,21.1935,20.3749,0.118174
209,25.857,21.7527,-0.117302
206,25.857,21.7527,-0.117302
209,7.7609,8.29246,-1.63671
205,7.7609,8.29246,-1.63671
209,9.34901,7.92626,-1.57384
205,9.34901,7.92626,-1.57384
209,48.7939,6.82611,-2.15249
205,48.7939,6.82611,-2.15249
209,5.01139,7.12953,-1.63026
205,5.01139,7.12953,-1.63026
209,15.4363,12.7038,-0.977999
204,15.4363,12.7038,-0.977999
209,8.38453,7.17383,-1.69285
204,8.38453,7.17383,-1.69285
209,16.0447,13.6565,-0.00795871
203,16.0447,13.6565,-0.00795871
209,20.8908,19.4298,0.175717
201,20.8908,19.4298,0.175717
210,4.74799,6.10855,-0.172496
210,5.03888,5.69712,-1.57585
210,5.06824,5.6981,-1.59735
210,5.04442,5.78256,-1.62887
210,5.08322,5.81275,-1.51729
210,5.00555,5.97967,-1.62999
210,5.06306,5.78091,-1.64541
210,4.94307,6.24482,-1.64019
210,5.03007,5.9995,-1.60094
210,5.03873,5.98927,-1.60938
210,5.03298,5.97733,-1.65244
210,5.09781,5.76057,-1.67539
210,5.28292,5.14749,-1.63648
210,5.29516,5.13241,-1.62465
210,5.14027,5.75361,-1.66787
210,5.06823,6.04763,-1.65587
210,5.34071,5.08336,-1.65534
210,5.08291,6.04636,-1.67046
210,5.12866,5.88335,-1.67492
210,5.10568,6.14475,-1.64352
210,5.19715,5.78835,-1.67533
210,5.2356,5.84248,-1.57078
210,5.36148,5.21338,-1.68765
210,5.21211,5.78606,-1.68699
210,5.2638,5.72774,-1.60023
210,5.2631,5.73246,-1.60398
210,5.26564,5.73362,-1.60297
210,5.18089,5.87547,-1.72311
210,5.22542,5.92515,-1.58251
210,5.35816,5.33913,-1.66888
210,5.228,5.92933,-1.59679
210,5.20365,5.89854,-1.73929
210,5.09727,6.42548,-1.64472
210,5.054,6.67874,-1.58906
210,5.30008,5.70696,-1.65535
210,5.2267,5.95435,-1.67144
210,4.82326,7.4574,-1.64621
210,5.21711,5.89637,-1.75427
210,5.24736,5.97105,-1.63815
210,5.23682,5.9776,-1.67297
210,5.34636,5.67264,-1.62936
210,5.24984,5.95565,-1.67841
210,5.20426,6.19758,-1.62994
210,5.34566,5.69499,-1.62596
210,4.82167,7.60274,-1.64372
210,5.26958,5.96897,-1.654
210,5.24534,5.87363,-1.7814
210,5.35622,5.77335,-1.61849
210,5.26798,5.99599,-1.68519
210,5.35581,5.77142,-1.62737
210,5.3739,5.73117,-1.63725
210,5.35674,5.8398,-1.61932
210,5.29328,6.00049,-1.69526
210,5.02719,7.05425,-1.63534
210,5.2948,5.99997,-1.7027
210,5.30391,6.021,-1.68342
210,5.00211,7.15432,-1.6594
210,5.0207,7.134,-1.63956
210,5.37028,5.89153,-1.62369
210,5.37594,5.88971,-1.6293
210,5.3763,5.88968,-1.62958
210,5.37741,5.91306,-1.62744
210,5.38249,5.91174,-1.6282
210,5.14182,6.79484,-1.65306
210,5.35385,6.02634,-1.69966
210,5.61128,5.28225,-1.57189
210,5.34132,6.13319,-1.66062
210,5.3202,6.29346,-1.62375
210,5.70915,4.93008,-1.63805
210,5.44144,5.97548,-1.59536
210,5.40473,6.11248,-1.62168
210,5.40683,6.12412,-1.62747
210,5.1736,6.90699,-1.67475
210,5.40722,6.0937,-1.65445
210,5.53938,5.73367,-1.58729
210,5.38785,6.23251,-1.64159
210,5.76915,4.89789,-1.65972
210,5.47708,6.23049,-1.60646
210,5.47439,6.21929,-1.63343
210,5.45608,6.32735,-1.61707
210,5.44058,6.45771,-1.59164
210,5.84633,4.86464,-1.71412
210,5.47907,6.44518,-1.56949
210,5.48546,6.45635,-1.56779
210,5.49337,6.50825,-1.56171
210,5.4794,6.49446,-1.61505
210,5.48016,6.56857,-1.58217
210,5.6803,5.79484,-1.66166
210,5.44455,6.70489,-1.63083
210,5.63953,5.91833,-1.71146
210,5.51214,6.57042,-1.60725
210,5.714,5.80472,-1.68433
210,5.54825,6.4794,-1.63884
210,5.56017,6.50251,-1.61592
210,5.35842,7.25692,-1.61898
210,5.80853,5.67498,-1.61903
210,5.579,6.49699,-1.62849
210,5.74641,5.79529,-1.69838
210,5.39612,7.16396,-1.65229
210,5.75029,5.80579,-1.71003
210,5.4722,7.01708,-1.64559
210,5.40707,7.2605,-1.64242
210,5.86769,5.62871,-1.63691
210,5.48408,7.04209,-1.64973
210,5.8794,5.61756,-1.6456
210,5.87188,5.57447,-1.69921
210,5.45648,7.10516,-1.70957
210,5.56515,6.88633,-1.59245
210,5.88672,5.56778,-1.70975
210,5.53756,7.02096,-1.6753
210,5.44114,7.45024,-1.62614
210,5.59329,6.87815,-1.64113
210,6.02738,5.36038,-1.6162
210,5.48212,7.34741,-1.62244
210,5.44403,7.53365,-1.61114
210,5.44624,7.47297,-1.65001
210,6.04277,5.35071,-1.62599
210,5.44994,7.47209,-1.64802
210,5.94997,5.54918,-1.74975
210,5.88931,5.90106,-1.66087
210,5.83447,6.16324,-1.62495
210,5.47923,7.54446,-1.63477
210,5.47905,7.58406,-1.62322
210,5.60352,7.15916,-1.61781
210,5.88296,6.15477,-1.61793
210,5.99473,5.81343,-1.58491
210,5.48189,7.61169,-1.62903
210,5.80295,6.35097,-1.71173
210,5.94998,5.86059,-1.70224
210,5.57155,7.48188,-1.58482
210,5.39554,8.24735,-1.54603
210,5.48537,7.79431,-1.65285
210,5.53797,7.72881,-1.65056
210,5.62679,7.55829,-1.54911
210,5.54544,7.75539,-1.63687
210,5.47524,8.06512,-1.63401
210,6.00117,6.16749,-1.63637
210,5.54913,7.8827,-1.61976
210,5.54785,7.89632,-1.62859
210,6.39993,4.67892,-1.72026
210,6.13834,5.6466,-1.70912
210,5.66247,7.56667,-1.58803
210,6.37793,4.81781,-1.70041
210,5.46034,8.3236,-1.58078
210,5.65571,7.58144,-1.61076
210,5.58474,7.77529,-1.65726
210,5.60607,7.83558,-1.5732
210,6.40051,4.80594,-1.70442
210,5.57794,7.90666,-1.6401
210,5.54744,8.05407,-1.63691
210,5.68551,7.60148,-1.61511
210,5.54069,8.20589,-1.61147
210,6.31397,5.43357,-1.62465
210,5.71149,7.61648,-1.64954
210,6.34499,5.35795,-1.64744
210,6.33663,5.63135,-1.62029
210,5.93453,6.99147,-1.73824
210,6.40135,5.45257,-1.66739
210,6.10027,6.6437,-1.62579
210,6.10513,6.64976,-1.61794
210,6.37994,5.61798,-1.645
210,6.09861,6.68124,-1.62325
210,6.56019,4.76029,-1.79279
210,5.71174,8.1854,-1.57589
210,6.47763,5.32077,-1.66308
210,6.4715,5.27951,-1.71579
210,6.37246,5.77689,-1.62892
210,5.99883,6.97834,-1.74618
210,6.36562,5.83058,-1.62386
210,6.48378,5.26882,-1.72129
210,6.50252,5.31019,-1.66836
210,5.7738,8.05154,-1.61956
210,6.35138,5.99315,-1.60408
210,5.73893,8.22106,-1.60548
210,6.36003,5.98312,-1.60516
210,6.36177,5.98599,-1.61016
210,6.02166,6.98661,-1.77186
210,5.89718,7.59883,-1.66643
210,6.37059,5.98223,-1.61729
210,6.24524,6.54373,-1.61084
210,6.59605,4.99913,-1.79858
210,6.24697,6.54395,-1.61558
210,5.80004,8.23934,-1.6084
210,6.27559,6.32461,-1.7886
210,6.28875,6.54634,-1.6357
210,6.41429,6.11673,-1.63442
210,6.21369,6.88627,-1.70477
210,6.39689,6.46136,-1.60723
210,6.40616,6.44785,-1.6103
210,6.38892,6.51909,-1.60962
210,6.25193,6.89708,-1.72511
210,6.72232,5.00502,-1.85861
210,6.52641,5.99408,-1.68622
210,6.29664,6.7536,-1.73861
210,6.09271,7.62001,-1.66718
210,6.02063,8.28463,-1.69605
210,6.67273,6.1324,-1.58993
210,6.96277,5.26668,-1.49294
210,6.70511,6.13912,-1.60188
210,7.05412,5.12085,-1.53198
210,7.09486,5.10567,-1.55004
210,6.58008,6.84378,-1.70296
210,6.55666,7.14305,-1.63423
210,6.61585,6.84897,-1.72064
210,7.25186,4.9819,-1.61465
210,6.80121,6.8092,-1.63844
210,6.45612,8.03568,-1.66988
210,6.60954,7.5389,-1.66793
210,7.20104,5.54748,-1.57208
210,6.46759,8.04969,-1.68382
210,6.61858,7.54312,-1.6742
210,7.20998,5.76566,-1.64242
210,7.20736,5.83356,-1.61935
210,6.837,6.94271,-1.83286
210,6.62309,8.07652,-1.66121
210,7.36259,5.53729,-1.62899
210,6.89683,7.27783,-1.60434
210,7.27507,5.88982,-1.63595
210,6.90208,7.27874,-1.62057
210,6.70255,8.05437,-1.68348
210,7.32579,5.88202,-1.649
210,6.99923,7.30167,-1.62566
210,6.78771,8.01823,-1.66735
210,7.52622,5.43577,-1.702
210,7.77215,4.33613,-1.84855
210,7.42639,5.95853,-1.6107
210,7.47424,5.96339,-1.55083
210,7.59067,5.75265,-1.60669
210,7.88017,4.28907,-1.88848
210,7.10458,7.03898,-1.97299
210,7.64798,5.81077,-1.63209
210,7.75625,5.39172,-1.78823
210,7.08681,8.05171,-1.65717
210,7.91474,5.35719,-1.85406
210,7.97362,5.09438,-1.8874
210,7.50619,7.24239,-1.59362
210,8.4207,3.85549,-1.70934
210,7.49876,7.41874,-1.64603
210,7.62648,6.94316,-1.67803
210,7.39471,7.90129,-1.6161
210,7.55764,7.49283,-1.60308
210,8.55608,3.81922,-1.74324
210,8.35699,4.72182,-1.65532
210,7.3787,8.98963,-1.51608
210,8.48018,5.71985,-1.61195
210,8.49231,5.72429,-1.60436
210,7.66628,8.80111,-1.59415
210,8.54794,5.60915,-1.62313
210,8.57188,5.57848,-1.61183
210,7.67778,8.83507,-1.60385
210,8.8721,4.47095,-1.75527
210,8.48689,7.33656,-1.57298
210,9.24582,3.76398,-2.43312
210,8.77814,6.99032,-1.58487
210,8.77811,7.00262,-1.59308
210,7.86699,10.5729,-1.54498
210,8.31283,8.93249,-1.60821
210,8.60875,8.00728,-1.55163
210,8.8868,7.02726,-1.62053
210,8.4231,8.98688,-1.61279
210,8.89886,7.54861,-1.43709
210,7.98567,10.6903,-1.58427
210,9.47594,5.10323,-1.98485
210,10.2072,3.31184,-1.44289
210,9.03052,7.58685,-1.46494
210,9.54556,5.70803,-1.57847
210,10.2743,3.27979,-1.44231
210,9.54265,5.71254,-1.59508
210,9.55343,5.70498,-1.60707
210,8.77816,8.7662,-1.55098
210,9.6265,5.71513,-1.61197
210,8.86329,8.86745,-1.57663
210,9.33807,7.26375,-1.55187
210,9.40742,7.03025,-1.58832
210,9.43642,7.00544,-1.58596
210,8.91264,9.0123,-1.59534
210,9.47293,6.99929,-1.60283
210,8.96318,9.00719,-1.5936
210,8.99678,8.89476,-1.62113
210,9.51553,7.90833,-1.60843
210,11.4253,6.90233,-1.57078
209,11.4253,6.90233,-1.57078
210,11.5176,5.53096,-1.63731
209,11.5176,5.53096,-1.63731
210,32.2981,2.71395,-1.92743
209,32.2981,2.71395,-1.92743
210,17.6479,4.07371,-2.08582
209,17.6479,4.07371,-2.08582
210,36.458,2.13137,-2.00811
209,36.458,2.13137,-2.00811
210,5.41692,7.22076,-1.63953
209,5.41692,7.22076,-1.63953
210,9.64087,8.60849,-1.59339
209,9.64087,8.60849,-1.59339
210,51.5438,4.24797,-2.13287
209,51.5438,4.24797,-2.13287
210,11.5327,5.51387,-1.63971
209,11.5327,5.51387,-1.63971
210,26.1544,16.7744,-1.62432
209,26.1544,16.7744,-1.62432
210,17.8365,3.86761,-2.25129
209,17.8365,3.86761,-2.25129
210,31.2256,18.4711,-1.8859
209,31.2256,18.4711,-1.8859
210,36.8964,9.43318,-1.20634
209,36.8964,9.43318,-1.20634
210,57.6547,-2.00291,-3.06753
209,57.6547,-2.00291,-3.06753
210,5.82515,6.77004,-1.49463
209,5.82515,6.77004,-1.49463
210,11.6857,5.50059,-1.6618
209,11.6857,5.50059,-1.6618
210,49.173,0.971323,-1.58382
209,49.173,0.971323,-1.58382
210,18.3919,3.79034,-2.31667
209,18.3919,3.79034,-2.31667
210,30.205,21.8294,-1.36074
209,30.205,21.8294,-1.36074
210,20.8447,16.5928,-1.20536
209,20.8447,16.5928,-1.20536
210,5.45629,7.16847,-1.64626
209,5.45629,7.16847,-1.64626
210,16.2809,2.55614,-2.12292
209,16.2809,2.55614,-2.12292
210,16.5318,2.49826,-1.73144
209,16.5318,2.49826,-1.73144
210,17.4287,2.07384,-1.87881
209,17.4287,2.07384,-1.87881
210,5.29477,5.64246,-1.59219
209,5.29477,5.64246,-1.59219
210,39.245,-4.78853,-0.358871
209,39.245,-4.78853,-0.358871
210,6.34887,6.16032,-1.64107
209,6.34887,6.16032,-1.64107
210,42.8926,-5.26163,-0.00257721
209,42.8926,-5.26163,-0.00257721
210,52.0587,-6.5646,-0.522835
209,52.0587,-6.5646,-0.522835
210,14.5127,10.5388,-1.601
209,14.5127,10.5388,-1.601
210,44.9868,7.12966,2.77962
209,44.9868,7.12966,2.77962
210,11.79,5.50164,-1.67756
209,11.79,5.50164,-1.67756
210,5.41367,7.23422,-1.60405
209,5.41367,7.23422,-1.60405
210,19.6502,15.7896,-1.41376
209,19.6502,15.7896,-1.41376
210,51.7118,-0.196752,-0.47338
209,51.7118,-0.196752,-0.47338
210,19.0358,4.26856,-1.06417
209,19.0358,4.26856,-1.06417
210,37.2378,-1.45589,-0.352454
209,37.2378,-1.45589,-0.352454
210,37.7161,-4.36591,-0.315235
209,37.7161,-4.36591,-0.315235
210,52.0587,-6.5646,-0.522835
209,52.0587,-6.5646,-0.522835
210,45.0852,-5.70228,-0.954735
209,45.0852,-5.70228,-0.954735
210,36.214,-3.98513,-0.326133
209,36.214,-3.98513,-0.326133
210,24.2126,20.6311,-2.00644
209,24.2126,20.6311,-2.00644
210,46.5387,-7.84526,-1.01514
209,46.5387,-7.84526,-1.01514
210,14.4565,15.5086,-0.166084
209,14.4565,15.5086,-0.166084
210,18.3556,18.4335,-0.221941
209,18.3556,18.4335,-0.221941
210,14.6497,15.67,-0.10243
209,14.6497,15.67,-0.10243
210,5.32449,8.0618,-1.43319
209,5.32449,8.0618,-1.43319
210,24.1698,17.4389,-1.64805
209,24.1698,17.4389,-1.64805
210,45.3954,-3.23238,-0.494319
209,45.3954,-3.23238,-0.494319
210,42.7079,-4.9998,-0.186567
209,42.7079,-4.9998,-0.186567
210,13.2597,14.2699,-1.29548
209,13.2597,14.2699,-1.29548
210,8.9864,10.8603,-0.805028
209,8.9864,10.8603,-0.805028
210,17.1473,2.22629,-2.27215
209,17.1473,2.22629,-2.27215
210,33.3452,11.1694,1.39818
209,33.3452,11.1694,1.39818
210,69.1813,-6.2132,-0.324487
209,69.1813,-6.2132,-0.324487
210,37.9489,1.52599,-0.551168
209,37.9489,1.52599,-0.551168
210,14.9952,3.48028,-0.212243
209,14.9952,3.48028,-0.212243
210,17.0479,17.2905,-1.74561
209,17.0479,17.2905,-1.74561
210,18.366,1.88253,-2.0206
209,18.366,1.88253,-2.0206
210,48.3294,-2.45728,-1.76046
209,48.3294,-2.45728,-1.76046
210,23.4331,20.2437,-1.94414
209,23.4331,20.2437,-1.94414
210,22.9581,7.80982,-1.20478
208,22.9581,7.80982,-1.20478
210,34.3865,6.61112,-1.53164
208,34.3865,6.61112,-1.53164
210,24.8405,3.6158,-1.44049
208,24.8405,3.6158,-1.44049
210,21.3862,16.7506,-1.57871
208,21.3862,16.7506,-1.57871
210,6.02592,6.17792,-1.64384
208,6.02592,6.17792,-1.64384
210,19.7377,15.8204,-1.4315
208,19.7377,15.8204,-1.4315
210,44.5163,-1.82523,-1.76551
208,44.5163,-1.82523,-1.76551
210,9.2381,7.92137,-1.53939
208,9.2381,7.92137,-1.53939
210,15.1148,15.7146,-0.254223
208,15.1148,15.7146,-0.254223
210,16.3592,16.7475,-1.60433
208,16.3592,16.7475,-1.60433
210,17.0705,4.19758,-1.96525
208,17.0705,4.19758,-1.96525
210,7.37608,8.96847,-1.50812
208,7.37608,8.96847,-1.50812
210,9.76284,8.68369,-1.53435
207,9.76284,8.68369,-1.53435
210,11.8423,9.60466,-1.2679
207,11.8423,9.60466,-1.2679
210,41.6502,3.45599,0.0469895
207,41.6502,3.45599,0.0469895
210,8.55594,9.08279,-1.65753
207,8.55594,9.08279,-1.65753
210,5.4016,7.43967,-1.60361
207,5.4016,7.43967,-1.60361
210,14.1418,7.8611,-1.61978
207,14.1418,7.8611,-1.61978
210,12.8229,8.673,-1.77344
207,12.8229,8.673,-1.77344
210,22.3591,17.3979,-1.61617
207,22.3591,17.3979,-1.61617
210,11.1584,7.0933,-1.53137
207,11.1584,7.0933,-1.53137
210,27.7603,17.7842,-1.67733
207,27.7603,17.7842,-1.67733
210,24.1352,16.7373,-1.54308
207,24.1352,16.7373,-1.54308
210,41.9606,5.34185,-1.60097
206,41.9606,5.34185,-1.60097
210,35.3069,5.53744,-1.02174
206,35.3069,5.53744,-1.02174
210,6.38534,6.13605,-1.46269
206,6.38534,6.13605,-1.46269
210,8.71642,9.37057,-1.78044
206,8.71642,9.37057,-1.78044
210,15.6172,13.6114,-1.11433
206,15.6172,13.6114,-1.11433
210,17.3587,13.9842,0.569742
206,17.3587,13.9842,0.569742
210,17.9067,14.2713,0.752588
206,17.9067,14.2713,0.752588
210,5.56312,8.22805,-1.61013
206,5.56312,8.22805,-1.61013
210,5.29165,6.8264,-1.4408
206,5.29165,6.8264,-1.4408
210,16.6797,15.4507,-1.33457
205,16.6797,15.4507,-1.33457
210,45.8385,13.2684,-1.83577
204,45.8385,13.2684,-1.83577
210,16.0145,7.87808,-1.88115
204,16.0145,7.87808,-1.88115
210,71.8463,3.47135,-2.93486
204,71.8463,3.47135,-2.93486
210,12.0267,8.48881,-1.66232
203,12.0267,8.48881,-1.66232
210,12.7303,6.99994,-1.79123
203,12.7303,6.99994,-1.79123
210,15.6268,15.1952,-1.27128
197,15.6268,15.1952,-1.27128
211,3.82569,5.96188,-0.0856728
211,5.21451,5.84875,-1.54372
211,5.26412,5.91975,-1.59523
211,5.30054,5.70354,-1.65052
211,5.20921,6.20301,-1.6343
211,5.31101,5.83623,-1.63391
211,5.32766,5.8335,-1.65206
211,5.35074,5.715,-1.69747
211,5.3344,5.84184,-1.66417
211,5.33242,6.03468,-1.70018
211,5.34571,6.06012,-1.70681
211,5.32255,6.29569,-1.62092
211,5.70336,4.9426,-1.62378
211,5.40168,6.11653,-1.60597
211,5.63958,5.2769,-1.57408
211,5.16958,6.91183,-1.67344
211,5.40459,6.12335,-1.62323
211,5.48398,6.2198,-1.64383
211,5.49183,6.2263,-1.62672
211,5.49072,6.2412,-1.62238
211,5.53685,6.10344,-1.62862
211,5.26362,7.161,-1.63679
211,5.27114,7.17655,-1.6462
211,5.66533,5.79476,-1.65188
211,5.15261,7.82002,-1.60469
211,5.4833,6.65834,-1.59176
211,5.50139,6.53069,-1.62896
211,5.50898,6.58848,-1.57686
211,5.49134,6.60387,-1.61123
211,5.53227,6.51848,-1.58273
211,5.17804,7.83915,-1.60487
211,5.36298,7.04749,-1.66166
211,5.86859,5.00881,-1.75324
211,5.54456,6.47768,-1.61564
211,5.20438,7.78373,-1.64296
211,5.39675,7.04588,-1.6502
211,5.55358,6.48174,-1.64169
211,5.40711,7.0598,-1.62859
211,5.55981,6.54551,-1.60097
211,5.55983,6.55834,-1.60832
211,5.55875,6.55832,-1.61146
211,5.57786,6.47913,-1.62743
211,5.40609,7.11912,-1.64494
211,5.54478,6.63151,-1.62881
211,5.39385,7.22562,-1.63331
211,5.3979,7.26018,-1.64264
211,5.4242,7.14462,-1.65873
211,5.47157,7.03535,-1.64946
211,5.40907,7.29657,-1.63499
211,5.47393,7.03976,-1.64294
211,5.44081,7.18517,-1.63138
211,5.48015,7.01863,-1.64409
211,5.9445,4.97716,-1.81828
211,5.41783,7.26847,-1.65186
211,5.57155,6.7188,-1.63843
211,5.50013,6.99038,-1.63953
211,5.44672,7.21001,-1.6323
211,5.42012,7.29114,-1.64966
211,5.49116,7.03541,-1.65714
211,5.56801,6.80798,-1.62446
211,5.43822,7.29305,-1.64008
211,5.45091,7.25612,-1.63549
211,5.45696,7.25085,-1.62963
211,5.50415,7.02386,-1.66578
211,5.58134,6.78496,-1.63729
211,5.4449,7.34382,-1.61388
211,5.50598,7.06848,-1.67294
211,5.46449,7.29946,-1.62917
211,5.43602,7.45165,-1.6154
211,5.89533,5.79142,-1.59526
211,5.84927,5.92901,-1.63198
211,5.44741,7.46967,-1.63622
211,5.49469,7.3724,-1.63193
211,5.8544,5.78755,-1.79196
211,5.58722,7.14407,-1.595
211,5.4662,7.55975,-1.62139
211,5.47266,7.54468,-1.62987
211,5.88699,5.9334,-1.65678
211,5.93399,5.79976,-1.63197
211,6.05396,5.35033,-1.63028
211,5.48963,7.50075,-1.62892
211,5.76692,6.36639,-1.68641
211,6.06351,5.3469,-1.6351
211,5.61336,7.15419,-1.61229
211,5.61419,7.14281,-1.62092
211,5.49456,7.55947,-1.65072
211,5.49666,7.57635,-1.63833
211,5.79454,6.35404,-1.6981
211,5.62722,7.15094,-1.63479
211,5.90857,6.1651,-1.63254
211,5.92382,6.16107,-1.62866
211,6.03148,5.82349,-1.58938
211,6.03469,5.82117,-1.58979
211,5.61975,7.42847,-1.62772
211,5.50491,7.88325,-1.62055
211,5.49256,7.94264,-1.61382
211,5.96395,6.15384,-1.62021
211,5.50673,7.90796,-1.61834
211,5.50564,7.93967,-1.61514
211,5.97686,6.17295,-1.61076
211,5.53172,7.87769,-1.60669
211,5.5378,7.86467,-1.61131
211,5.99028,6.16231,-1.61811
211,6.08992,5.86215,-1.59149
211,6.16144,5.69772,-1.56263
211,5.6483,7.51871,-1.63582
211,6.16462,5.71011,-1.55959
211,6.24271,5.41694,-1.57866
211,6.17352,5.69595,-1.57268
211,5.5063,8.10566,-1.65265
211,5.76551,7.14926,-1.6408
211,6.06622,5.89817,-1.71532
211,5.66435,7.59128,-1.61294
211,6.18843,5.68849,-1.58094
211,5.53961,8.08594,-1.62969
211,5.6857,7.60856,-1.59749
211,5.68694,7.60869,-1.61537
211,6.14556,5.85792,-1.62519
211,6.25185,5.63633,-1.52129
211,5.51859,8.22228,-1.6429
211,6.25471,5.55394,-1.57396
211,6.2989,5.3606,-1.59409
211,6.21103,5.72136,-1.58521
211,5.54067,8.1937,-1.62481
211,5.50477,8.36777,-1.60419
211,6.13299,5.93982,-1.64432
211,6.19327,5.78126,-1.61068
211,6.19262,5.77719,-1.61685
211,5.89831,6.88383,-1.62719
211,6.32362,5.2733,-1.63758
211,6.27563,5.65559,-1.52589
211,5.8512,6.96587,-1.71222
211,5.85083,6.96462,-1.7147
211,6.2175,5.75311,-1.61487
211,6.21968,5.75187,-1.61463
211,6.28736,5.55238,-1.59537
211,5.77227,7.51384,-1.58838
211,6.21642,5.7939,-1.61972
211,5.53357,8.40406,-1.64352
211,5.93772,6.90571,-1.65233
211,5.59375,8.28228,-1.60714
211,6.36357,5.34745,-1.62933
211,5.67795,8.00923,-1.6104
211,5.94134,6.93866,-1.7058
211,6.35664,5.63774,-1.57314
211,6.3621,5.6285,-1.57516
211,5.6905,8.12139,-1.60824
211,5.62994,8.3993,-1.58008
211,6.42764,5.33424,-1.63448
211,6.4298,5.33667,-1.63168
211,6.30764,5.86554,-1.61346
211,5.66803,8.38291,-1.55701
211,6.38143,5.62093,-1.59512
211,6.38276,5.62361,-1.59183
211,6.10647,6.66144,-1.62372
211,6.34753,5.80047,-1.60932
211,5.72292,8.2092,-1.5886
211,5.73021,8.18972,-1.59047
211,5.68927,8.38139,-1.57319
211,6.3331,5.86436,-1.627
211,5.73368,8.2029,-1.58913
211,6.37728,5.72046,-1.63488
211,5.98947,6.99202,-1.75925
211,5.98822,6.99679,-1.75965
211,6.34943,5.98287,-1.59893
211,5.70871,8.48011,-1.57876
211,6.46435,5.76865,-1.53246
211,6.2022,6.68547,-1.6808
211,5.73463,8.62703,-1.58091
211,5.9974,7.65653,-1.62104
211,6.51189,5.75312,-1.64599
211,6.19465,6.88879,-1.6963
211,6.5235,5.75694,-1.65616
211,6.32043,6.56083,-1.65336
211,6.54886,5.75317,-1.66516
211,6.61623,5.75215,-1.61962
211,6.5009,6.32459,-1.67041
211,6.48926,6.4079,-1.65451
211,6.49814,6.36662,-1.6642
211,6.47601,6.4524,-1.66523
211,6.30584,6.92421,-1.77475
211,6.51089,6.32288,-1.67737
211,6.63894,4.83607,-2.29551
211,6.51339,6.29957,-1.71317
211,6.70067,5.74427,-1.65781
211,6.58704,6.44223,-1.64301
211,6.79209,5.74313,-1.70784
211,6.63204,6.44761,-1.66728
211,6.58188,6.85531,-1.70284
211,6.50237,7.47356,-1.62871
211,6.88747,4.71692,-2.48168
211,6.60392,7.29071,-1.64122
211,6.76773,6.79935,-1.62004
211,6.68653,6.91138,-1.75671
211,6.61057,7.54803,-1.67083
211,6.51436,8.11554,-1.64298
211,6.66616,7.55589,-1.66345
211,7.29973,5.30244,-1.61411
211,6.68401,7.5609,-1.66545
211,6.88024,6.94343,-1.6165
211,7.18586,5.91032,-1.61557
211,7.23274,5.76591,-1.65028
211,7.25607,5.83275,-1.63802
211,7.27591,5.87445,-1.5853
211,7.24015,6.01444,-1.62184
211,7.26683,5.89187,-1.63939
211,6.92352,7.28691,-1.6119
211,6.92868,7.29473,-1.63459
211,7.43594,5.32625,-1.67435
211,7.44881,5.33347,-1.67888
211,7.37161,5.96328,-1.58954
211,7.42538,5.77494,-1.58901
211,7.37325,5.87762,-1.66569
211,7.38679,5.96739,-1.59173
211,7.37083,6.00081,-1.61061
211,7.4203,5.96767,-1.54345
211,7.47,5.71164,-1.63941
211,7.80799,4.0544,-1.88733
211,7.05708,7.32498,-1.65926
211,7.48118,5.81048,-1.61787
211,7.47031,5.98484,-1.58064
211,7.48501,5.9831,-1.6098
211,7.50245,5.97763,-1.58577
211,7.53441,5.81042,-1.633
211,7.66431,5.74635,-1.63452
211,7.65288,5.94905,-1.5759
211,7.69592,5.78127,-1.63066
211,7.41775,7.27303,-1.55808
211,7.42321,7.25643,-1.56254
211,7.47344,7.23723,-1.57837
211,7.4876,7.23784,-1.58173
211,7.35842,7.87556,-1.58292
211,7.40356,7.843,-1.58852
211,7.54281,7.40369,-1.60414
211,8.46621,3.85141,-1.73199
211,7.59897,7.50992,-1.62016
211,8.44742,4.6024,-1.62435
211,8.37051,5.73794,-1.58647
211,7.52464,9.06911,-1.56632
211,8.50681,5.62119,-1.61456
211,7.67195,8.80328,-1.60515
211,7.72521,8.95627,-1.59082
211,8.54246,7.36229,-1.57384
211,8.56508,7.35285,-1.58768
211,7.9815,10.7019,-1.5646
211,8.98798,7.35021,-1.53456
211,8.70833,8.93208,-1.59491
211,9.61166,5.71152,-1.60159
211,9.34912,6.99994,-1.56333
211,9.1099,7.90325,-1.58082
211,9.36641,6.99391,-1.59282
211,10.4243,3.21218,-1.47067
211,9.39637,6.9863,-1.57383
211,9.38775,7.23805,-1.56087
211,9.43868,7.12728,-1.57318
211,9.42571,7.14696,-1.60845
211,9.62054,7.07778,-1.62297
211,9.68553,8.62002,-1.59913
211,22.813,15.5264,-1.42706
210,22.813,15.5264,-1.42706
211,16.9938,4.36206,-1.99099
210,16.9938,4.36206,-1.99099
211,9.10552,8.41787,-1.38397
210,9.10552,8.41787,-1.38397
211,9.76016,8.68815,-1.52262
210,9.76016,8.68815,-1.52262
211,30.4628,1.04105,-2.12772
210,30.4628,1.04105,-2.12772
211,5.36005,5.93277,-1.63196
210,5.36005,5.93277,-1.63196
211,8.449,8.91553,-1.93136
210,8.449,8.91553,-1.93136
211,24.2503,15.8815,-1.49333
210,24.2503,15.8815,-1.49333
211,28.637,17.3153,-1.7421
210,28.637,17.3153,-1.7421
211,6.04057,6.84051,-1.6149
210,6.04057,6.84051,-1.6149
211,56.9797,-1.28637,-3.5245
210,56.9797,-1.28637,-3.5245
211,54.2292,-0.965189,-3.34647
210,54.2292,-0.965189,-3.34647
211,5.4189,7.35316,-1.63619
210,5.4189,7.35316,-1.63619
211,53.877,5.07076,-1.60274
210,53.877,5.07076,-1.60274
211,30.4628,1.04105,-2.12772
210,30.4628,1.04105,-2.12772
211,5.40399,7.0855,-1.65429
210,5.40399,7.0855,-1.65429
211,25.6143,16.8877,-1.6184
210,25.6143,16.8877,-1.6184
211,46.9569,1.17335,-0.625078
210,46.9569,1.17335,-0.625078
211,17.8475,13.1148,-1.07638
210,17.8475,13.1148,-1.07638
211,16.5374,4.40654,-1.89459
210,16.5374,4.40654,-1.89459
211,59.7209,-1.25015,-1.28251
210,59.7209,-1.25015,-1.28251
211,19.0669,15.206,0.10598
210,19.0669,15.206,0.10598
211,39.1884,-1.92374,-0.635584
210,39.1884,-1.92374,-0.635584
211,52.8463,-6.7943,-1.13111
210,52.8463,-6.7943,-1.13111
211,54.928,-10.7044,-1.24019
210,54.928,-10.7044,-1.24019
211,63.5438,-13.1901,-0.572996
210,63.5438,-13.1901,-0.572996
211,5.49747,7.2487,-1.68128
210,5.49747,7.2487,-1.68128
211,46.2028,10.4314,1.54273
210,46.2028,10.4314,1.54273
211,5.75781,5.17091,-1.62636
210,5.75781,5.17091,-1.62636
211,45.0503,-5.6712,-0.400158
210,45.0503,-5.6712,-0.400158
211,17.7735,17.5344,0.0559401
210,17.7735,17.5344,0.0559401
211,35.6395,2.40796,-2.07841
210,35.6395,2.40796,-2.07841
211,27.6659,5.20165,-1.10936
210,27.6659,5.20165,-1.10936
211,22.3092,21.6874,-0.274378
210,22.3092,21.6874,-0.274378
211,23.1201,3.06295,-0.0291665
210,23.1201,3.06295,-0.0291665
211,23.8468,21.5732,0.240406
210,23.8468,21.5732,0.240406
211,42.6307,-8.40167,-0.854666
210,42.6307,-8.40167,-0.854666
211,42.5021,-8.47852,0.0219743
210,42.5021,-8.47852,0.0219743
211,16.9304,1.66578,-0.0557263
210,16.9304,1.66578,-0.0557263
211,42.3476,-5.0672,0.0163572
210,42.3476,-5.0672,0.0163572
211,49.1607,-4.81439,-0.387131
210,49.1607,-4.81439,-0.387131
211,52.8352,-11.027,-1.34212
210,52.8352,-11.027,-1.34212
211,55.1192,-10.5471,-1.16424
210,55.1192,-10.5471,-1.16424
211,5.62058,8.37101,-1.61571
210,5.62058,8.37101,-1.61571
211,15.0057,4.82253,-1.79266
210,15.0057,4.82253,-1.79266
211,15.9473,13.5711,-1.09812
210,15.9473,13.5711,-1.09812
211,13.0651,7.34931,-1.87623
210,13.0651,7.34931,-1.87623
211,62.5873,-2.08541,-3.84019
210,62.5873,-2.08541,-3.84019
211,15.3072,4.78711,-1.87307
210,15.3072,4.78711,-1.87307
211,11.4631,4.96905,-1.19288
210,11.4631,4.96905,-1.19288
211,6.35459,6.16745,-1.6597
210,6.35459,6.16745,-1.6597
211,12.5047,5.13439,-1.44492
210,12.5047,5.13439,-1.44492
211,17.529,2.16286,-1.89773
210,17.529,2.16286,-1.89773
211,18.8958,3.88937,-2.32389
209,18.8958,3.88937,-2.32389
211,20.4351,16.2006,-1.56104
209,20.4351,16.2006,-1.56104
211,16.2625,4.44552,-1.88279
209,16.2625,4.44552,-1.88279
211,7.16788,7.76642,-1.51632
209,7.16788,7.76642,-1.51632
211,31.3337,4.6388,-0.916898
209,31.3337,4.6388,-0.916898
211,6.21974,5.78004,-1.6266
209,6.21974,5.78004,-1.6266
211,67.7504,-2.371,-0.570634
209,67.7504,-2.371,-0.570634
211,51.0271,10.6309,-2.2117
209,51.0271,10.6309,-2.2117
211,5.6681,7.6506,-1.60435
209,5.6681,7.6506,-1.60435
211,48.0099,-6.38307,-1.06417
209,48.0099,-6.38307,-1.06417
211,17.1712,2.18039,-1.86157
209,17.1712,2.18039,-1.86157
211,7.80598,8.90989,-1.64344
209,7.80598,8.90989,-1.64344
211,23.0193,16.7365,-1.55927
209,23.0193,16.7365,-1.55927
211,10.607,9.0521,-1.06732
209,10.607,9.0521,-1.06732
211,59.2395,2.06593,-1.81032
209,59.2395,2.06593,-1.81032
211,43.0147,1.67402,-0.55363
209,43.0147,1.67402,-0.55363
211,58.7512,5.44093,-2.43103
209,58.7512,5.44093,-2.43103
211,5.01617,7.16399,-1.62298
209,5.01617,7.16399,-1.62298
211,15.5969,10.9579,-1.74219
209,15.5969,10.9579,-1.74219
211,8.55049,6.97811,-1.53027
209,8.55049,6.97811,-1.53027
211,7.64904,7.03628,-1.47541
209,7.64904,7.03628,-1.47541
211,6.35356,5.29975,-1.64407
209,6.35356,5.29975,-1.64407
211,60.4104,-1.61942,-3.59641
209,60.4104,-1.61942,-3.59641
211,16.0013,2.58295,-1.67971
209,16.0013,2.58295,-1.67971
211,39.2068,5.43491,-1.40015
209,39.2068,5.43491,-1.40015
211,256.81,-11.6914,-2.04419
209,256.81,-11.6914,-2.04419
211,47.7306,-6.52445,-0.0240673
209,47.7306,-6.52445,-0.0240673
211,15.7939,10.1516,-1.51549
208,15.7939,10.1516,-1.51549
211,25.0079,17.4481,-1.77897
208,25.0079,17.4481,-1.77897
211,6.48618,8.16428,-1.72188
208,6.48618,8.16428,-1.72188
211,25.4984,18.0837,-1.72174
208,25.4984,18.0837,-1.72174
211,27.6151,16.8944,-1.65501
208,27.6151,16.8944,-1.65501
211,17.179,17.5286,-1.73988
208,17.179,17.5286,-1.73988
211,15.704,16.5217,-1.68289
208,15.704,16.5217,-1.68289
211,18.3424,18.7066,-0.280716
208,18.3424,18.7066,-0.280716
211,16.0992,16.871,-1.1937
208,16.0992,16.871,-1.1937
211,45.853,5.55528,-1.91736
207,45.853,5.55528,-1.91736
211,24.5096,7.97787,-1.29378
207,24.5096,7.97787,-1.29378
211,21.4837,21.0118,0.0593529
207,21.4837,21.0118,0.0593529
211,15.1956,12.8088,-1.66162
207,15.1956,12.8088,-1.66162
211,15.1455,16.1391,-1.50678
207,15.1455,16.1391,-1.50678
211,12.1775,6.80619,-1.82591
207,12.1775,6.80619,-1.82591
211,23.8046,16.4896,-1.64066
206,23.8046,16.4896,-1.64066
211,18.9098,19.1603,-0.311426
206,18.9098,19.1603,-0.311426
211,17.7238,17.8343,0.0552081
206,17.7238,17.8343,0.0552081
211,7.36943,7.31454,-1.5437
206,7.36943,7.31454,-1.5437
211,11.5293,9.47594,-1.18443
206,11.5293,9.47594,-1.18443
211,9.39327,5.79846,-1.68228
206,9.39327,5.79846,-1.68228
211,14.9208,10.6431,-1.66002
206,14.9208,10.6431,-1.66002
211,5.2611,7.19247,-1.43558
206,5.2611,7.19247,-1.43558
211,55.0429,10.1007,3.16482
205,55.0429,10.1007,3.16482
211,8.29361,8.44858,-2.03454
204,8.29361,8.44858,-2.03454
211,8.23823,8.43161,-2.01603
204,8.23823,8.43161,-2.01603
211,15.7348,16.1528,-0.0810728
201,15.7348,16.1528,-0.0810728
212,5.64215,5.79478,-1.62498
212,5.55017,6.20254,-1.62181
212,5.58741,6.18351,-1.62718
212,5.58432,6.20574,-1.63375
212,5.66193,6.03329,-1.62496
212,5.53669,6.62206,-1.61488
212,5.56297,6.47675,-1.64755
212,5.56251,6.49317,-1.64679
212,5.5682,6.49518,-1.64654
212,5.65699,6.18957,-1.63098
212,5.54732,6.62966,-1.61966
212,5.80393,5.67741,-1.60576
212,5.5504,6.6325,-1.62623
212,5.81221,5.6722,-1.6096
212,5.44442,7.03127,-1.64647
212,5.57833,6.55885,-1.62306
212,5.8309,5.62672,-1.60268
212,5.57151,6.57184,-1.63254
212,5.67606,6.17396,-1.63234
212,5.67779,6.17435,-1.63133
212,5.59428,6.50307,-1.63332
212,5.59648,6.49973,-1.63075
212,5.44977,7.03009,-1.65118
212,5.83657,5.62673,-1.60788
212,5.68078,6.18911,-1.62898
212,5.42817,7.13574,-1.64915
212,5.44557,7.11409,-1.63891
212,5.44791,7.15936,-1.62675
212,5.56894,6.73879,-1.60321
212,5.42749,7.28263,-1.60847
212,5.48276,7.01761,-1.64851
212,5.73179,6.04663,-1.6941
212,5.73106,6.17937,-1.62281
212,5.45507,7.28992,-1.61392
212,5.46316,7.25475,-1.63322
212,5.42257,7.42391,-1.62931
212,5.73818,6.18731,-1.64493
212,5.42643,7.44582,-1.61415
212,5.45944,7.30754,-1.62733
212,5.75044,6.18819,-1.64084
212,5.4386,7.45743,-1.62978
212,5.48422,7.32259,-1.60799
212,5.77814,6.17414,-1.6305
212,5.48256,7.32029,-1.62351
212,5.4911,7.26815,-1.64229
212,5.59812,6.91131,-1.61597
212,5.78627,6.1592,-1.63654
212,5.60695,6.89994,-1.62083
212,5.85163,5.9331,-1.64203
212,5.61152,6.90946,-1.6143
212,5.85713,5.92885,-1.63941
212,5.81255,6.15545,-1.62399
212,5.80879,6.15704,-1.64039
212,5.49636,7.38118,-1.63239
212,5.81941,6.16712,-1.61989
212,5.80865,6.1779,-1.64075
212,5.45254,7.61593,-1.60536
212,5.82068,6.17734,-1.63805
212,5.82399,6.17246,-1.63414
212,5.5103,7.36988,-1.64546
212,5.8574,6.14793,-1.62574
212,5.5082,7.59373,-1.60958
212,5.49139,7.64424,-1.63708
212,5.89432,6.15946,-1.62945
212,5.47623,7.76969,-1.62664
212,5.90829,6.15675,-1.62726
212,5.91443,6.16058,-1.62294
212,5.9194,6.14283,-1.6266
212,5.91913,6.15884,-1.6235
212,5.93111,6.13973,-1.62229
212,5.51938,7.79418,-1.61248
212,5.62653,7.57408,-1.57131
212,5.95941,6.17587,-1.6848
212,5.55081,7.85626,-1.62052
212,5.64307,7.60374,-1.57027
212,5.65276,7.56171,-1.58231
212,5.55423,7.89039,-1.61401
212,5.6419,7.66537,-1.55491
212,5.6434,7.61826,-1.585
212,6.16605,5.70271,-1.54452
212,6.16722,5.68956,-1.55472
212,6.04644,5.90218,-1.71069
212,5.64549,7.67314,-1.57515
212,5.66235,7.61365,-1.60325
212,6.04073,6.14039,-1.62126
212,6.10212,5.8971,-1.63039
212,6.18265,5.69829,-1.56797
212,5.65695,7.70127,-1.58435
212,6.10325,5.90767,-1.6336
212,6.04934,6.1424,-1.6297
212,6.05888,6.14557,-1.62821
212,5.88866,6.86458,-1.60872
212,6.1331,5.93883,-1.64026
212,6.19121,5.77355,-1.61051
212,6.07965,6.14788,-1.64663
212,6.08574,6.14872,-1.6491
212,6.24429,5.69702,-1.58656
212,6.30132,5.65345,-1.58568
212,6.28233,5.69826,-1.62256
212,5.99015,6.9477,-1.58025
212,5.91569,6.97223,-1.73614
212,5.92351,6.95743,-1.73898
212,6.32741,5.62784,-1.61334
212,6.1918,6.13247,-1.6452
212,6.40055,5.33421,-1.65276
212,6.23253,6.02011,-1.62993
212,6.24016,6.02321,-1.62733
212,6.2538,6.01807,-1.60562
212,6.25297,6.01763,-1.61591
212,6.26556,5.99656,-1.6065
212,6.09051,6.65441,-1.61503
212,6.09456,6.65572,-1.6111
212,5.95336,6.96626,-1.7499
212,6.38393,5.56728,-1.61371
212,5.95383,6.97944,-1.75317
212,6.39113,5.56664,-1.61584
212,6.33523,5.85165,-1.58879
212,6.41698,5.55646,-1.63917
212,6.33177,5.91223,-1.64963
212,6.00529,6.98631,-1.77258
212,6.36203,5.98718,-1.59843
212,6.00377,7.01742,-1.80551
212,6.09713,6.98916,-1.66467
212,6.03132,7.04424,-1.82917
212,6.11288,7.01747,-1.68117
212,6.59721,4.86716,-1.85822
212,6.27951,6.55119,-1.63795
212,6.21704,6.931,-1.56568
212,6.17066,6.8787,-1.70124
212,6.29355,6.54245,-1.62358
212,6.16796,6.89157,-1.7168
212,6.17698,6.89129,-1.7156
212,6.18138,6.89732,-1.71987
212,5.91134,8.16633,-1.60936
212,6.19626,6.89268,-1.71671
212,6.18632,6.91348,-1.73407
212,6.20082,6.89833,-1.72281
212,6.53314,5.75693,-1.66327
212,5.93349,8.19395,-1.63272
212,6.23261,6.90847,-1.73242
212,6.22271,6.94246,-1.73486
212,6.31299,6.47956,-1.82053
212,6.22804,6.95436,-1.7363
212,6.24288,6.94473,-1.74462
212,5.96138,8.2239,-1.6445
212,6.50881,6.12278,-1.65683
212,6.52467,6.12185,-1.63103
212,6.52872,6.12251,-1.62919
212,6.30153,6.87688,-1.71604
212,6.32133,6.86821,-1.71833
212,6.3244,6.89362,-1.70206
212,6.49317,6.34165,-1.68604
212,6.00137,8.25768,-1.67564
212,6.50347,6.29603,-1.71517
212,6.39654,6.41228,-1.91023
212,6.673,6.14256,-1.61073
212,6.41613,6.94154,-1.73438
212,6.70548,6.11845,-1.59073
212,6.7035,6.14034,-1.60101
212,6.54811,6.60914,-1.68911
212,6.71605,6.12139,-1.60511
212,6.46293,6.93975,-1.764
212,6.50273,6.91411,-1.76848
212,7.25844,4.43825,-1.6407
212,6.54108,7.48847,-1.63746
212,6.78219,6.80113,-1.63087
212,6.69735,6.89849,-1.78775
212,7.19561,5.77064,-1.64066
212,6.78927,6.98007,-1.85236
212,7.21117,5.87399,-1.59257
212,7.2298,5.76665,-1.65438
212,6.77191,7.49289,-1.67224
212,6.77231,7.5004,-1.67875
212,7.23856,5.83633,-1.62374
212,7.3659,5.3475,-1.63443
212,6.87962,7.27802,-1.6278
212,7.27173,5.77922,-1.66067
212,6.90168,7.28456,-1.62928
212,6.92353,7.30131,-1.60764
212,7.6131,4.42644,-1.81855
212,7.3372,5.83371,-1.64376
212,7.34739,5.97672,-1.54344
212,7.34803,5.84957,-1.64257
212,6.97489,7.31061,-1.64361
212,7.39657,5.84392,-1.63887
212,7.45313,5.71286,-1.63874
212,7.47465,5.7641,-1.6024
212,7.49805,5.70608,-1.64352
212,7.48733,5.80906,-1.62349
212,7.55794,5.80119,-1.63717
212,7.64264,5.74652,-1.63177
212,7.6752,5.75533,-1.6264
212,7.68126,5.812,-1.63923
212,7.74404,5.79701,-1.63687
212,8.28823,3.90623,-1.66565
212,8.12986,4.83044,-1.56776
212,7.46442,7.57576,-1.55726
212,7.52077,7.30651,-1.59759
212,7.53738,7.24462,-1.60072
212,7.50499,7.48719,-1.58289
212,8.21799,4.79095,-1.60387
212,7.5554,7.33923,-1.6058
212,7.98142,5.74157,-1.61107
212,7.51823,7.54911,-1.59469
212,7.43336,7.88147,-1.60526
212,7.99295,5.74352,-1.61012
212,7.5756,7.39757,-1.61109
212,7.56117,7.42876,-1.65642
212,7.56278,7.56785,-1.57926
212,7.59016,7.4115,-1.61859
212,8.07324,5.70108,-1.59782
212,7.51611,7.87574,-1.63437
212,8.12041,5.72165,-1.60496
212,7.57563,7.84969,-1.59257
212,7.54989,7.99415,-1.57525
212,7.52643,7.98846,-1.65008
212,8.14119,5.72558,-1.61766
212,8.16412,5.70953,-1.61591
212,7.68906,7.63473,-1.58703
212,7.72823,7.54235,-1.59134
212,7.70504,7.64878,-1.60073
212,8.35301,5.18914,-1.63397
212,7.4502,8.96103,-1.51905
212,8.40505,5.11482,-1.65817
212,7.72136,7.87807,-1.59211
212,7.74973,7.80155,-1.59408
212,7.77928,7.81897,-1.61687
212,7.78418,7.81719,-1.61849
212,8.39334,5.73013,-1.57373
212,7.81958,7.92483,-1.63097
212,7.82683,7.92885,-1.6362
212,7.66956,8.63397,-1.59203
212,7.90361,7.64437,-1.6541
212,8.52502,5.35111,-1.69291
212,8.51623,5.60041,-1.62128
212,8.55697,5.62398,-1.64831
212,8.54501,5.73151,-1.62892
212,7.79446,8.65674,-1.63866
212,7.77128,8.86285,-1.63776
212,7.80754,8.70852,-1.64883
212,8.12512,7.96321,-1.58711
212,8.7498,5.25356,-1.78006
212,8.14419,7.94575,-1.59832
212,8.84551,4.90971,-1.83387
212,8.15721,8.00801,-1.58683
212,8.94988,5.08171,-1.86144
212,9.15836,4.38346,-1.87207
212,8.5309,7.33347,-1.57347
212,8.53157,7.34508,-1.57481
212,8.54415,7.35737,-1.58502
212,8.76074,6.98535,-1.5773
212,8.77101,6.99115,-1.57075
212,8.89099,7.32777,-1.48369
212,8.49549,8.95642,-1.57568
212,9.362,5.72761,-1.58004
212,8.78713,7.82276,-1.64557
212,9.45626,5.7196,-1.6098
212,9.47197,5.72056,-1.60216
212,8.88533,8.0902,-1.62556
212,9.54963,5.72628,-1.61758
212,9.07812,7.8915,-1.56634
212,8.84869,8.79017,-1.57144
212,9.25533,7.43774,-1.50158
212,9.32002,7.20659,-1.53935
212,9.31027,7.30252,-1.52055
212,9.40701,6.9723,-1.56847
212,9.39292,6.99362,-1.59714
212,9.44158,6.98928,-1.57935
212,9.43208,7.06417,-1.57124
212,8.95221,8.86026,-1.60566
212,10.4933,3.2027,-1.48517
212,9.46199,7.03233,-1.57663
212,10.3195,3.65683,-1.65547
212,9.42356,7.26068,-1.56215
212,9.48152,6.95008,-1.61801
212,9.23715,7.95035,-1.60567
212,9.4657,7.28032,-1.57053
212,9.40524,7.75714,-1.53986
212,9.56932,7.05993,-1.60693
212,9.32751,7.98404,-1.66496
212,10.5108,3.58858,-1.70551
212,9.42218,8.50993,-1.48916
212,9.44586,8.4811,-1.53269
212,9.42609,8.55754,-1.53381
212,9.53905,8.53563,-1.55173
212,9.62244,8.58961,-1.58241
212,9.72356,8.64636,-1.51292
212,9.71848,8.67403,-1.5138
212,9.78023,8.64505,-1.55406
212,10.4856,6.38345,-1.38511
212,7.55539,5.99117,-1.69869
211,7.55539,5.99117,-1.69869
212,7.53646,7.24896,-1.60353
211,7.53646,7.24896,-1.60353
212,8.42282,5.42415,-1.64899
211,8.42282,5.42415,-1.64899
212,6.8873,7.41372,-1.61136
211,6.8873,7.41372,-1.61136
212,28.108,17.0512,-1.74873
211,28.108,17.0512,-1.74873
212,11.6974,8.39814,-1.59123
211,11.6974,8.39814,-1.59123
212,48.3581,-3.04851,-2.41466
211,48.3581,-3.04851,-2.41466
212,19.9774,14.1664,-1.25435
211,19.9774,14.1664,-1.25435
212,6.54335,6.40782,-1.6879
211,6.54335,6.40782,-1.6879
212,24.6638,1.93909,-1.66871
211,24.6638,1.93909,-1.66871
212,5.38759,7.07222,-1.64026
211,5.38759,7.07222,-1.64026
212,18.5365,3.97593,-2.21292
211,18.5365,3.97593,-2.21292
212,29.5146,1.2353,-1.40488
211,29.5146,1.2353,-1.40488
212,6.09025,6.90625,-1.66726
211,6.09025,6.90625,-1.66726
212,44.4515,10.9493,-0.818161
211,44.4515,10.9493,-0.818161
212,14.9006,4.72487,-1.84589
211,14.9006,4.72487,-1.84589
212,6.57775,6.60468,-1.7082
211,6.57775,6.60468,-1.7082
212,5.87475,5.92893,-1.64812
211,5.87475,5.92893,-1.64812
212,30.299,2.01926,-0.00300066
211,30.299,2.01926,-0.00300066
212,18.1283,1.88829,-1.96219
211,18.1283,1.88829,-1.96219
212,44.8443,1.51072,0.0608771
211,44.8443,1.51072,0.0608771
212,53.295,-7.87607,-1.12683
211,53.295,-7.87607,-1.12683
212,22.2077,17.2794,-1.69333
211,22.2077,17.2794,-1.69333
212,15.8566,13.2141,-1.74791
211,15.8566,13.2141,-1.74791
212,45.4636,-1.9539,0.0846204
211,45.4636,-1.9539,0.0846204
212,57.2985,-11.3183,-1.17073
211,57.2985,-11.3183,-1.17073
212,58.192,-11.8813,0.0554493
211,58.192,-11.8813,0.0554493
212,42.7053,1.69825,0.0385626
211,42.7053,1.69825,0.0385626
212,17.0323,2.26679,-0.120501
211,17.0323,2.26679,-0.120501
212,42.2197,9.79147,-1.79743
211,42.2197,9.79147,-1.79743
212,6.35006,5.52776,-1.63019
211,6.35006,5.52776,-1.63019
212,17.4434,15.9978,-0.179849
211,17.4434,15.9978,-0.179849
212,27.1994,3.34541,-1.55342
211,27.1994,3.34541,-1.55342
212,25.9046,16.1084,-1.54325
211,25.9046,16.1084,-1.54325
212,104.565,-9.07387,0.08768
211,104.565,-9.07387,0.08768
212,59.0382,-7.37175,-0.48976
211,59.0382,-7.37175,-0.48976
212,15.768,11.0435,-1.79479
211,15.768,11.0435,-1.79479
212,53.7026,-11.4705,-1.32323
211,53.7026,-11.4705,-1.32323
212,41.096,-1.14736,0.075366
211,41.096,-1.14736,0.075366
212,16.8506,17.6193,-1.65189
211,16.8506,17.6193,-1.65189
212,15.322,16.1959,0.0604778
211,15.322,16.1959,0.0604778
212,14.0135,3.12456,-1.80272
211,14.0135,3.12456,-1.80272
212,62.3862,-9.09412,-1.54697
211,62.3862,-9.09412,-1.54697
212,16.9726,17.6409,0.0982108
211,16.9726,17.6409,0.0982108
212,16.971,17.7316,-1.68472
211,16.971,17.7316,-1.68472
212,47.4752,-9.11187,-1.15753
211,47.4752,-9.11187,-1.15753
212,49.0123,-8.6354,-0.980292
211,49.0123,-8.6354,-0.980292
212,5.52898,7.5314,-1.66134
211,5.52898,7.5314,-1.66134
212,28.8508,-2.08641,-0.170898
211,28.8508,-2.08641,-0.170898
212,5.50975,7.81868,-1.58373
211,5.50975,7.81868,-1.58373
212,25.0745,16.6191,-1.58768
210,25.0745,16.6191,-1.58768
212,17.5363,3.91705,-2.20835
210,17.5363,3.91705,-2.20835
212,6.84939,8.05276,-1.69277
210,6.84939,8.05276,-1.69277
212,35.1766,0.184978,-1.64808
210,35.1766,0.184978,-1.64808
212,46.4999,-3.09712,-1.886
210,46.4999,-3.09712,-1.886
212,6.44902,7.57604,-1.67332
210,6.44902,7.57604,-1.67332
212,23.8783,-1.45234,-0.0444835
210,23.8783,-1.45234,-0.0444835
212,5.95221,5.78669,-1.63535
210,5.95221,5.78669,-1.63535
212,22.3542,17.3723,-1.6633
210,22.3542,17.3723,-1.6633
212,17.2626,15.9207,0.136103
210,17.2626,15.9207,0.136103
212,16.3496,4.62441,-2.01033
210,16.3496,4.62441,-2.01033
212,16.4628,17.1743,-1.80583
210,16.4628,17.1743,-1.80583
212,15.4323,2.92601,-0.087194
210,15.4323,2.92601,-0.087194
212,60.2136,-7.64086,-0.434593
210,60.2136,-7.64086,-0.434593
212,55.3667,11.08,-2.24541
210,55.3667,11.08,-2.24541
212,36.1739,2.27717,-2.12123
210,36.1739,2.27717,-2.12123
212,14.8596,4.80306,-1.77982
210,14.8596,4.80306,-1.77982
212,16.109,16.8768,-1.74516
210,16.109,16.8768,-1.74516
212,25.6881,1.07374,-0.348033
210,25.6881,1.07374,-0.348033
212,48.5921,-4.10546,-0.641667
210,48.5921,-4.10546,-0.641667
212,37.1439,-4.64127,-0.794383
210,37.1439,-4.64127,-0.794383
212,15.7652,16.578,-1.09926
210,15.7652,16.578,-1.09926
212,11.7496,8.40434,-1.60809
209,11.7496,8.40434,-1.60809
212,14.9992,10.7499,-1.6716
209,14.9992,10.7499,-1.6716
212,6.21737,5.75301,-1.61767
209,6.21737,5.75301,-1.61767
212,47.4252,11.3371,1.62659
209,47.4252,11.3371,1.62659
212,34.1014,8.99679,-1.37482
209,34.1014,8.99679,-1.37482
212,19.2013,19.4119,-0.161242
209,19.2013,19.4119,-0.161242
212,16.7789,15.6034,-1.34549
209,16.7789,15.6034,-1.34549
212,15.4204,14.6671,-1.21461
209,15.4204,14.6671,-1.21461
212,19.3679,17.308,-0.160399
209,19.3679,17.308,-0.160399
212,29.4679,8.55343,-1.0211
209,29.4679,8.55343,-1.0211
212,15.4606,14.6222,-0.204851
209,15.4606,14.6222,-0.204851
212,25.2567,17.524,-1.77541
208,25.2567,17.524,-1.77541
212,7.97081,8.71678,-1.71162
208,7.97081,8.71678,-1.71162
212,16.0297,15.023,-1.67148
208,16.0297,15.023,-1.67148
212,23.2287,16.1619,-1.53142
208,23.2287,16.1619,-1.53142
212,18.3828,18.4662,-1.88242
208,18.3828,18.4662,-1.88242
212,9.46318,7.15284,-1.58254
207,9.46318,7.15284,-1.58254
212,32.5855,9.53153,-1.25905
207,32.5855,9.53153,-1.25905
212,26.7643,18.6345,-1.83838
206,26.7643,18.6345,-1.83838
212,23.702,17.0827,-1.64607
206,23.702,17.0827,-1.64607
212,17.7456,11.9501,-2.07201
206,17.7456,11.9501,-2.07201
212,12.0328,8.4884,-1.6473
205,12.0328,8.4884,-1.6473
212,15.3963,15.7377,-0.0104853
204,15.3963,15.7377,-0.0104853
212,9.46721,8.59217,-1.50608
203,9.46721,8.59217,-1.50608
212,15.5711,13.5037,-1.06831
201,15.5711,13.5037,-1.06831
212,15.7528,16.2697,-0.0924366
201,15.7528,16.2697,-0.0924366
213,6.06334,6.14309,-1.62822
213,6.07095,6.13985,-1.62444
213,5.67214,7.69909,-1.56816
213,5.9009,6.85519,-1.58854
213,5.70325,7.64423,-1.58173
213,5.90943,6.87632,-1.62258
213,5.91509,6.881,-1.62163
213,5.94725,6.84874,-1.59922
213,5.92376,6.89099,-1.6306
213,5.96653,6.92477,-1.52133
213,6.1624,6.12843,-1.6198
213,5.89898,6.95422,-1.71282
213,5.90699,6.95969,-1.71879
213,5.7585,7.60078,-1.66498
213,5.94268,6.91569,-1.68848
213,6.22549,6.03003,-1.61627
213,6.27473,6.00812,-1.60647
213,6.25005,6.11896,-1.629
213,5.82034,7.69063,-1.63389
213,6.4105,5.6253,-1.59062
213,6.113,6.67866,-1.61605
213,6.11182,6.66194,-1.63074
213,6.26819,6.11724,-1.62429
213,6.26903,6.11976,-1.62878
213,5.84424,7.67453,-1.63051
213,6.13427,6.65715,-1.61658
213,6.13375,6.65948,-1.62224
213,6.06962,6.97756,-1.62972
213,5.87025,7.6185,-1.68596
213,6.11528,6.8236,-1.6502
213,5.91167,7.61045,-1.6633
213,6.39069,5.993,-1.613
213,6.38239,5.92344,-1.70665
213,6.39798,5.99808,-1.62328
213,6.38877,5.91098,-1.70907
213,5.93476,7.64191,-1.69868
213,6.39981,6.1025,-1.62848
213,5.97982,7.59143,-1.66247
213,6.33674,6.47426,-1.54741
213,6.41204,6.09924,-1.62383
213,6.27992,6.55552,-1.64348
213,6.16103,6.8953,-1.70857
213,6.15659,6.90626,-1.72135
213,6.29987,6.54656,-1.61845
213,6.4244,6.09597,-1.61919
213,6.17013,6.91882,-1.7149
213,6.30803,6.54753,-1.6297
213,6.44092,6.09318,-1.6178
213,6.438,6.12096,-1.61488
213,6.00599,7.61282,-1.67026
213,6.0199,7.62171,-1.64325
213,6.0053,7.61758,-1.6823
213,6.4424,6.12219,-1.62956
213,6.05191,7.62315,-1.59976
213,6.33841,6.55826,-1.63513
213,6.45551,6.12611,-1.68596
213,6.20509,6.95629,-1.73695
213,6.04991,7.60494,-1.68035
213,6.04393,7.63828,-1.69194
213,6.2176,6.95173,-1.73395
213,6.26707,6.86457,-1.70143
213,6.08419,7.61657,-1.64688
213,6.09265,7.59909,-1.64254
213,6.50234,6.13252,-1.65362
213,6.28986,6.90384,-1.71003
213,6.29683,6.90201,-1.70798
213,6.31489,6.86492,-1.70664
213,6.11643,7.63654,-1.67467
213,6.44338,6.56993,-1.61879
213,6.31905,6.91183,-1.71558
213,6.33038,6.87608,-1.73305
213,6.14886,7.63533,-1.67884
213,6.5324,6.31246,-1.75271
213,6.54035,6.30842,-1.74329
213,6.60196,6.15056,-1.72016
213,6.68361,6.13952,-1.61558
213,6.69808,6.14285,-1.59716
213,6.74015,6.15641,-1.63643
213,6.48261,6.91355,-1.76496
213,6.49195,6.92852,-1.78435
213,6.49786,7.46011,-1.59142
213,6.62901,6.8893,-1.77451
213,6.65032,6.89923,-1.79173
213,6.53543,7.51929,-1.66088
213,6.54218,7.52292,-1.65477
213,6.56555,7.50216,-1.63963
213,6.82066,6.81684,-1.65295
213,6.5015,8.07677,-1.6187
213,7.16995,5.8221,-1.59522
213,7.18502,5.80224,-1.60071
213,7.18616,5.78678,-1.62256
213,7.17126,5.90167,-1.6096
213,7.35282,5.44628,-1.62128
213,7.22979,5.90289,-1.63805
213,7.24629,6.01398,-1.59824
213,6.87984,7.30065,-1.62788
213,7.28118,5.89007,-1.65122
213,7.31839,5.88745,-1.67078
213,7.36841,6.00033,-1.59789
213,7.37875,5.77965,-1.72299
213,7.38198,5.98421,-1.58682
213,7.42761,5.79666,-1.62373
213,7.45916,5.70964,-1.64401
213,7.41603,5.78372,-1.74068
213,7.43314,5.85113,-1.6609
213,7.41497,5.98702,-1.62758
213,7.41939,5.9837,-1.62653
213,7.44356,5.98298,-1.57518
213,7.49093,5.80694,-1.61979
213,7.48434,5.96332,-1.56997
213,7.5791,5.80807,-1.64764
213,7.61508,5.64704,-1.71598
213,7.64949,5.75199,-1.63231
213,7.69541,5.81227,-1.65627
213,7.52899,7.25319,-1.60135
213,7.54363,7.24837,-1.59639
213,7.54144,7.25145,-1.60503
213,7.5475,7.28533,-1.61837
213,7.58295,7.30102,-1.62761
213,7.55717,7.39815,-1.63407
213,7.57427,7.40512,-1.62032
213,7.59701,7.41836,-1.63021
213,7.47174,7.91094,-1.62534
213,7.59406,7.51008,-1.61378
213,7.62369,7.49702,-1.61164
213,7.51242,7.87326,-1.63187
213,7.51027,7.8955,-1.63384
213,7.62321,7.5109,-1.63003
213,7.50491,7.94838,-1.62572
213,7.52511,7.87118,-1.63348
213,8.17951,5.71424,-1.60368
213,7.55093,7.94806,-1.65203
213,8.28174,5.72972,-1.54085
213,7.64443,8.02585,-1.61602
213,7.79618,7.60733,-1.61108
213,8.35575,5.74334,-1.57291
213,7.47514,9.01525,-1.54733
213,7.51572,9.01357,-1.53461
213,7.99819,7.17642,-1.60232
213,7.68247,8.31773,-1.61663
213,8.00525,7.18094,-1.60377
213,8.4856,5.61283,-1.61107
213,8.49015,5.61413,-1.61512
213,7.72649,8.35337,-1.63623
213,8.50613,5.72391,-1.60432
213,8.51892,5.63874,-1.66405
213,7.74248,8.67266,-1.62446
213,7.71343,8.81279,-1.60371
213,8.5837,5.69329,-1.6424
213,8.20417,8.03189,-1.60789
213,8.4397,7.34501,-1.58389
213,8.47869,7.31051,-1.53567
213,8.47467,7.32495,-1.57262
213,8.50485,7.29418,-1.55615
213,8.04706,9.04625,-1.59555
213,8.56161,7.30083,-1.56364
213,9.13598,5.80577,-1.61333
213,8.81382,7.00305,-1.60167
213,8.83599,7.01208,-1.61027
213,9.31743,5.73209,-1.56091
213,8.43167,8.9708,-1.60482
213,9.95776,3.6655,-1.47178
213,9.35539,5.72887,-1.58801
213,10.0434,3.59748,-1.49778
213,8.90575,8.06704,-1.78564
213,8.83712,8.88375,-1.58464
213,9.38132,7.11627,-1.55216
213,8.90282,8.84685,-1.60127
213,9.3887,7.2221,-1.55563
213,9.38537,7.30155,-1.56376
213,9.46407,6.99215,-1.58488
213,9.48422,7.01378,-1.59181
213,9.42971,7.28335,-1.5607
213,8.95368,8.99866,-1.59734
213,8.97175,8.99845,-1.59893
213,9.06026,8.93621,-1.63828
213,9.09494,8.93479,-1.64859
213,9.58869,7.16901,-1.63731
213,9.17423,8.99431,-1.65884
213,9.59195,8.22701,-1.57931
213,9.68778,7.96229,-1.65876
213,9.58405,8.59308,-1.55299
213,9.59924,8.5712,-1.55526
213,9.63077,8.57074,-1.61303
213,9.6706,8.64984,-1.51844
213,9.70059,8.64423,-1.47672
213,9.69661,8.62718,-1.50699
213,9.70562,8.58689,-1.59116
213,9.6929,8.61558,-1.60624
213,9.71008,8.60983,-1.61039
213,9.7129,8.62495,-1.59861
213,9.73186,8.62008,-1.60327
213,9.78874,8.71872,-1.55676
213,9.81618,8.71607,-1.53573
213,10.8365,6.64244,-1.51437
213,23.0777,16.3347,-1.59392
212,23.0777,16.3347,-1.59392
213,15.0332,4.71392,-1.78027
212,15.0332,4.71392,-1.78027
213,9.52586,5.84878,-1.90188
212,9.52586,5.84878,-1.90188
213,24.0607,17.2923,-1.71227
212,24.0607,17.2923,-1.71227
213,11.7325,8.409,-1.602
212,11.7325,8.409,-1.602
213,38.4165,9.9425,-0.710789
212,38.4165,9.9425,-0.710789
213,60.2459,-2.06439,-2.73026
212,60.2459,-2.06439,-2.73026
213,7.15717,5.86301,-1.58422
212,7.15717,5.86301,-1.58422
213,25.2515,4.82252,-1.3939
212,25.2515,4.82252,-1.3939
213,43.8559,-0.429703,-1.46947
212,43.8559,-0.429703,-1.46947
213,11.7082,8.4026,-1.59516
212,11.7082,8.4026,-1.59516
213,41.1378,-1.52443,-1.96978
212,41.1378,-1.52443,-1.96978
213,42.3106,-1.57033,-2.03879
212,42.3106,-1.57033,-2.03879
213,29.2244,-0.660055,0.0226118
212,29.2244,-0.660055,0.0226118
213,47.1119,-6.15604,0.00849698
212,47.1119,-6.15604,0.00849698
213,41.4041,-0.989607,-0.289873
212,41.4041,-0.989607,-0.289873
213,41.1684,-0.929301,-0.195473
212,41.1684,-0.929301,-0.195473
213,11.0624,6.64771,-1.52801
212,11.0624,6.64771,-1.52801
213,40.9769,1.64871,-2.22963
212,40.9769,1.64871,-2.22963
213,44.1157,-5.76875,-0.370666
212,44.1157,-5.76875,-0.370666
213,37.9746,10.1592,-1.00978
212,37.9746,10.1592,-1.00978
213,41.0426,9.85278,1.33617
212,41.0426,9.85278,1.33617
213,12.4196,3.52193,-1.54447
212,12.4196,3.52193,-1.54447
213,18.2705,1.18748,-1.67053
212,18.2705,1.18748,-1.67053
213,15.0725,13.1509,-0.806654
212,15.0725,13.1509,-0.806654
213,38.1297,-0.662371,-2.70031
212,38.1297,-0.662371,-2.70031
213,36.5349,-1.68971,-1.76091
212,36.5349,-1.68971,-1.76091
213,45.8805,-2.04271,0.0851131
212,45.8805,-2.04271,0.0851131
213,15.4838,12.9849,-1.6969
212,15.4838,12.9849,-1.6969
213,22.1473,17.2506,-1.66267
212,22.1473,17.2506,-1.66267
213,35.81,9.8657,-0.592099
212,35.81,9.8657,-0.592099
213,36.5202,-0.307105,-2.58748
212,36.5202,-0.307105,-2.58748
213,39.9858,-1.23338,-1.96337
212,39.9858,-1.23338,-1.96337
213,21.8099,-0.654862,-0.440625
212,21.8099,-0.654862,-0.440625
213,46.0778,-9.5982,-1.03795
212,46.0778,-9.5982,-1.03795
213,39.7099,-0.650425,-0.221042
212,39.7099,-0.650425,-0.221042
213,17.0426,17.79,-1.28788
212,17.0426,17.79,-1.28788
213,12.8448,12.5343,-0.957767
212,12.8448,12.5343,-0.957767
213,6.56943,7.4992,-1.60066
212,6.56943,7.4992,-1.60066
213,46.6856,-5.98782,0.00829447
212,46.6856,-5.98782,0.00829447
213,49.3454,-8.58509,-0.999467
212,49.3454,-8.58509,-0.999467
213,24.3532,23.5003,-0.178488
212,24.3532,23.5003,-0.178488
213,12.4683,13.2227,-0.0362169
212,12.4683,13.2227,-0.0362169
213,14.9171,13.0087,-1.0316
212,14.9171,13.0087,-1.0316
213,63.8921,-9.6032,0.0429649
212,63.8921,-9.6032,0.0429649
213,23.569,18.2306,-1.75884
212,23.569,18.2306,-1.75884
213,34.3862,9.4266,-1.10085
212,34.3862,9.4266,-1.10085
213,37.2916,-0.341951,0.00381989
212,37.2916,-0.341951,0.00381989
213,20.1818,16.1011,-1.43892
212,20.1818,16.1011,-1.43892
213,15.4937,16.3236,-1.09093
212,15.4937,16.3236,-1.09093
213,32.3356,2.75981,-1.90082
212,32.3356,2.75981,-1.90082
213,27.3939,17.3845,-1.72969
211,27.3939,17.3845,-1.72969
213,25.1917,16.3297,-1.5677
211,25.1917,16.3297,-1.5677
213,25.5584,17.3976,-1.80216
211,25.5584,17.3976,-1.80216
213,17.1277,14.0416,0.10268
211,17.1277,14.0416,0.10268
213,17.3035,13.9347,0.49803
211,17.3035,13.9347,0.49803
213,42.8948,9.55755,-0.856376
211,42.8948,9.55755,-0.856376
213,31.7347,0.811156,-1.50639
211,31.7347,0.811156,-1.50639
213,9.62398,8.62579,-1.50133
211,9.62398,8.62579,-1.50133
213,20.4495,18.9289,0.110738
211,20.4495,18.9289,0.110738
213,15.0884,12.7468,-1.64334
211,15.0884,12.7468,-1.64334
213,25.61,18.1677,-1.77555
211,25.61,18.1677,-1.77555
213,29.7511,0.83474,-0.207218
211,29.7511,0.83474,-0.207218
213,16.0115,16.775,-1.78287
211,16.0115,16.775,-1.78287
213,15.6046,14.7164,-0.154395
211,15.6046,14.7164,-0.154395
213,20.4997,20.172,-0.170468
211,20.4997,20.172,-0.170468
213,37.079,-3.53398,-0.0396059
211,37.079,-3.53398,-0.0396059
213,21.7295,11.6132,-1.62228
210,21.7295,11.6132,-1.62228
213,26.4637,16.9111,-1.67774
210,26.4637,16.9111,-1.67774
213,50.9862,-3.07536,0.0504223
210,50.9862,-3.07536,0.0504223
213,96.3961,-7.7053,0.0710996
210,96.3961,-7.7053,0.0710996
213,8.13644,7.21899,-1.65301
210,8.13644,7.21899,-1.65301
213,68.1745,7.73139,4.38331
210,68.1745,7.73139,4.38331
213,7.68709,8.57787,-1.39263
210,7.68709,8.57787,-1.39263
213,8.50417,9.74363,-0.0267281
210,8.50417,9.74363,-0.0267281
213,46.7408,10.9661,2.81038
210,46.7408,10.9661,2.81038
213,23.0486,15.3575,-1.38458
210,23.0486,15.3575,-1.38458
213,11.2585,5.54983,-1.57155
210,11.2585,5.54983,-1.57155
213,15.0737,4.74291,-1.80955
210,15.0737,4.74291,-1.80955
213,21.2117,14.9663,-1.38395
209,21.2117,14.9663,-1.38395
213,48.553,11.4672,-0.895288
209,48.553,11.4672,-0.895288
213,34.1798,9.45095,-1.13633
209,34.1798,9.45095,-1.13633
213,7.71659,8.24337,-1.63697
209,7.71659,8.24337,-1.63697
213,7.68899,8.23342,-1.62383
209,7.68899,8.23342,-1.62383
213,16.1799,13.872,-1.1547
209,16.1799,13.872,-1.1547
213,51.6906,-6.51967,-0.0170566
209,51.6906,-6.51967,-0.0170566
213,43.6208,10.8663,1.50136
209,43.6208,10.8663,1.50136
213,5.31926,6.58516,0.0676328
209,5.31926,6.58516,0.0676328
213,34.9729,11.5896,1.54484
209,34.9729,11.5896,1.54484
213,28.247,-0.379224,-0.105224
209,28.247,-0.379224,-0.105224
213,25.525,17.4801,-1.70219
208,25.525,17.4801,-1.70219
213,25.5786,17.5079,-1.70146
208,25.5786,17.5079,-1.70146
213,51.8515,11.3831,2.50799
208,51.8515,11.3831,2.50799
213,19.3186,19.5022,-0.326415
208,19.3186,19.5022,-0.326415
213,16.3497,15.2738,0.0929161
208,16.3497,15.2738,0.0929161
213,38.353,10.1833,-0.703382
208,38.353,10.1833,-0.703382
213,50.2137,11.7419,2.57021
208,50.2137,11.7419,2.57021
213,6.03936,7.75523,-1.82032
208,6.03936,7.75523,-1.82032
213,6.06398,7.77197,-1.75211
208,6.06398,7.77197,-1.75211
213,9.54534,7.38648,-1.60434
207,9.54534,7.38648,-1.60434
213,15.6658,16.5569,-0.0512813
207,15.6658,16.5569,-0.0512813
213,36.3719,10.0402,-1.3992
207,36.3719,10.0402,-1.3992
213,23.7548,8.24233,-0.372302
207,23.7548,8.24233,-0.372302
213,17.386,13.999,0.788832
206,17.386,13.999,0.788832
213,15.9187,13.2488,0.710489
206,15.9187,13.2488,0.710489
213,7.78085,8.72182,-1.57461
206,7.78085,8.72182,-1.57461
213,11.7312,6.94217,-1.62894
206,11.7312,6.94217,-1.62894
213,15.7801,16.6548,0.0011097
206,15.7801,16.6548,0.0011097
213,18.157,13.3737,-1.03554
204,18.157,13.3737,-1.03554
213,14.6958,12.4531,-0.937622
204,14.6958,12.4531,-0.937622
213,32.7353,25.1281,-2.79046
204,32.7353,25.1281,-2.79046
213,16.3025,17.1025,0.0633872
204,16.3025,17.1025,0.0633872
213,16.4837,15.3555,-1.28574
204,16.4837,15.3555,-1.28574
213,11.9011,6.90955,-1.67211
205,11.9011,6.90955,-1.67211
213,15.929,15.2479,-0.181224
203,15.929,15.2479,-0.181224
213,11.9374,7.12364,-1.66468
203,11.9374,7.12364,-1.66468
213,16.0118,16.7997,-1.14387
203,16.0118,16.7997,-1.14387
214,5.26134,5.74016,0.0205518
214,6.45747,6.1171,-1.62576
214,6.33709,6.54423,-1.64012
214,6.51969,6.08085,-1.62154
214,6.54895,6.07704,-1.6211
214,6.48019,6.52103,-1.64706
214,6.69157,5.75278,-1.66426
214,6.62525,6.07209,-1.62805
214,6.77506,5.58524,-1.60963
214,6.49817,6.53048,-1.66722
214,6.65945,6.0682,-1.63378
214,6.51715,6.6077,-1.65889
214,6.67724,6.11723,-1.60365
214,6.42024,6.89921,-1.73326
214,6.69742,6.06301,-1.63238
214,6.52055,6.64937,-1.67407
214,6.71673,6.05836,-1.62048
214,6.44235,6.90107,-1.74654
214,6.84924,5.56442,-1.66039
214,6.53734,6.67113,-1.66987
214,6.85045,5.56349,-1.66795
214,6.54016,6.66682,-1.67782
214,6.74292,6.05302,-1.61885
214,6.74843,6.05496,-1.6222
214,6.76393,6.05042,-1.61892
214,6.93636,5.62649,-1.55412
214,6.79497,6.04912,-1.62705
214,6.54006,6.85577,-1.71343
214,6.82882,6.04808,-1.63706
214,6.5737,6.8439,-1.73265
214,6.58447,6.84265,-1.72023
214,6.85093,6.04531,-1.63706
214,6.59948,6.86632,-1.73173
214,6.86788,6.04179,-1.63265
214,6.79327,6.80103,-1.62151
214,6.57546,7.5271,-1.66253
214,7.31177,5.19012,-1.62379
214,7.16333,5.89732,-1.60121
214,7.193,5.76748,-1.6439
214,7.17491,5.89579,-1.60581
214,7.17911,5.87346,-1.61251
214,7.18543,5.88841,-1.59816
214,7.19831,5.89707,-1.622
214,6.5603,8.13992,-1.66408
214,7.33943,5.49288,-1.58465
214,7.32463,5.54375,-1.59666
214,7.34651,5.4915,-1.59769
214,7.33222,5.53912,-1.60609
214,7.35174,5.48644,-1.59857
214,7.3345,5.53656,-1.60705
214,6.92836,6.9493,-1.63897
214,7.2558,5.77281,-1.66412
214,6.77921,7.50206,-1.67946
214,6.95437,6.96608,-1.65846
214,6.97199,6.96702,-1.6704
214,6.90686,7.28747,-1.61752
214,7.30544,5.85762,-1.62203
214,6.91293,7.30341,-1.61164
214,6.98131,6.98029,-1.67217
214,6.93871,7.29831,-1.60622
214,7.30532,5.99727,-1.61182
214,7.37223,5.73012,-1.63632
214,6.94779,7.29728,-1.6299
214,6.9507,7.30665,-1.63877
214,7.3535,5.99281,-1.58756
214,7.36425,5.97739,-1.58955
214,7.39324,5.96543,-1.54737
214,7.40325,5.84704,-1.6458
214,7.44697,5.70976,-1.63533
214,7.41455,5.96863,-1.54155
214,7.45344,5.71408,-1.64663
214,7.46336,5.80856,-1.59994
214,7.43501,6.01973,-1.56375
214,7.47629,5.83265,-1.67039
214,7.5204,5.83095,-1.65768
214,7.53229,5.82533,-1.65584
214,7.55548,5.80831,-1.6318
214,7.54896,5.82727,-1.65036
214,7.60071,5.74634,-1.60885
214,7.58176,5.95385,-1.58997
214,7.599,5.80958,-1.661
214,7.64438,5.79345,-1.62808
214,7.66159,5.81204,-1.643
214,7.70001,5.80015,-1.62134
214,7.72607,5.78955,-1.60313
214,7.71921,5.77211,-1.64536
214,7.43402,6.90542,-1.60942
214,7.77895,5.72371,-1.58356
214,7.73417,5.79989,-1.64788
214,7.76305,5.80195,-1.648
214,7.467,6.91973,-1.63421
214,7.42572,7.22847,-1.57591
214,7.81755,5.7837,-1.64991
214,7.51491,6.94159,-1.66463
214,7.4706,7.24405,-1.59353
214,7.91482,5.74536,-1.59718
214,7.52247,7.2136,-1.57644
214,7.50902,7.33129,-1.5644
214,7.5269,7.2494,-1.58345
214,7.52583,7.26955,-1.57927
214,7.95317,5.73873,-1.59116
214,7.54584,7.24047,-1.60067
214,7.5435,7.25964,-1.60281
214,7.54876,7.24987,-1.59756
214,7.58104,7.16775,-1.59813
214,7.53582,7.359,-1.57817
214,8.00239,5.70184,-1.60544
214,7.55977,7.37219,-1.5851
214,8.01881,5.72694,-1.63246
214,7.56923,7.37524,-1.65889
214,7.56051,7.423,-1.6628
214,8.04532,5.73862,-1.6343
214,7.68606,7.16565,-1.59778
214,7.61077,7.49199,-1.62006
214,7.60653,7.54252,-1.59571
214,8.11747,5.69713,-1.6195
214,8.13127,5.70751,-1.61247
214,7.62204,7.51566,-1.62888
214,8.31864,5.07174,-1.62319
214,7.52189,7.9593,-1.63489
214,7.53283,7.93384,-1.63595
214,8.33878,5.05867,-1.63917
214,7.6508,7.55819,-1.64663
214,8.41275,4.89037,-1.6844
214,8.39946,5.00828,-1.67193
214,7.59421,8.06924,-1.55719
214,7.57994,7.97225,-1.68165
214,8.51365,6.29934,-0.474602
214,8.22041,5.72765,-1.66774
214,8.44363,4.94633,-1.69185
214,7.61199,7.99376,-1.67333
214,7.67854,7.87754,-1.63303
214,8.41093,5.24749,-1.66037
214,7.6977,7.9588,-1.64353
214,7.69958,8.05578,-1.63667
214,8.39118,5.72632,-1.54808
214,8.66233,4.52461,-1.73066
214,7.7079,8.15912,-1.63343
214,8.42589,5.71249,-1.57275
214,8.02247,7.17556,-1.58668
214,7.66337,8.48012,-1.58459
214,7.91491,7.65497,-1.65641
214,8.4848,5.7163,-1.59035
214,8.51199,5.60243,-1.61736
214,8.49616,5.72617,-1.597
214,7.59135,9.11908,-1.58682
214,7.72459,8.80923,-1.60061
214,8.58692,5.61469,-1.68876
214,8.13871,7.5837,-1.58194
214,8.68599,5.59234,-1.67123
214,8.45753,7.30841,-1.5345
214,8.34998,7.62293,-1.68506
214,8.50209,7.32332,-1.5534
214,8.77871,6.99619,-1.595
214,8.80619,6.99479,-1.58957
214,9.43964,5.07303,-1.65978
214,8.67258,7.73965,-1.75718
214,9.32592,5.75095,-1.55565
214,9.34544,5.71978,-1.56968
214,8.96605,7.04998,-1.6453
214,8.5323,8.94611,-1.58923
214,9.4581,5.71511,-1.55299
214,9.08575,7.10011,-1.70565
214,8.86156,8.0755,-1.60524
214,8.88164,8.07915,-1.77975
214,9.75661,5.1018,-1.77361
214,9.34209,6.97347,-1.53614
214,8.98487,8.14728,-1.65329
214,9.36366,6.97264,-1.57375
214,9.39448,6.95802,-1.57024
214,9.33986,7.2417,-1.51042
214,9.38994,6.94414,-1.60253
214,9.40356,6.96075,-1.5617
214,9.39636,7.02493,-1.57115
214,9.03751,8.16983,-1.68349
214,8.93143,8.83165,-1.58522
214,9.41723,7.12787,-1.57181
214,9.41766,7.23078,-1.54972
214,9.44326,7.12217,-1.56565
214,9.2157,7.93276,-1.5937
214,9.37925,7.49259,-1.53187
214,9.47796,7.14555,-1.59332
214,9.46854,7.23881,-1.57962
214,9.50066,7.31722,-1.58512
214,10.1149,5.05187,-1.91097
214,9.70283,7.12066,-1.66281
214,9.66023,8.58254,-1.59279
214,9.75032,8.66784,-1.51388
214,9.83008,8.6525,-1.55073
214,9.8545,8.67157,-1.56828
214,9.88176,8.67517,-1.57316
214,10.4986,6.99029,-1.59287
214,10.8652,5.9942,-1.46552
214,10.9452,6.49407,-1.46071
214,11.0765,6.76042,-1.47255
214,11.1474,6.69564,-1.54163
214,57.2747,-1.36462,-3.699
213,57.2747,-1.36462,-3.699
214,29.1435,9.05283,-1.05983
213,29.1435,9.05283,-1.05983
214,7.61751,5.99646,-1.75081
213,7.61751,5.99646,-1.75081
214,27.2239,18.6676,-1.96352
213,27.2239,18.6676,-1.96352
214,22.9998,16.0937,-1.49064
213,22.9998,16.0937,-1.49064
214,33.6952,8.59088,-0.605935
213,33.6952,8.59088,-0.605935
214,25.9026,2.46995,-1.14531
213,25.9026,2.46995,-1.14531
214,45.8686,4.02149,-1.79767
213,45.8686,4.02149,-1.79767
214,23.174,16.5858,-1.56558
213,23.174,16.5858,-1.56558
214,46.463,9.86785,-1.48854
213,46.463,9.86785,-1.48854
214,39.6214,12.169,-1.47691
213,39.6214,12.169,-1.47691
214,34.0553,5.36578,-1.3299
213,34.0553,5.36578,-1.3299
214,49.7147,14.8636,-0.593603
213,49.7147,14.8636,-0.593603
214,23.2263,16.8176,-1.61975
213,23.2263,16.8176,-1.61975
214,34.2779,9.6769,-0.919508
213,34.2779,9.6769,-0.919508
214,49.3988,10.7233,1.63845
213,49.3988,10.7233,1.63845
214,7.24805,5.7872,-1.59443
213,7.24805,5.7872,-1.59443
214,50.9034,4.19222,-0.528717
213,50.9034,4.19222,-0.528717
214,32.1,21.0999,-2.3504
213,32.1,21.0999,-2.3504
214,32.3586,0.646812,-1.47538
213,32.3586,0.646812,-1.47538
214,68.159,-4.25857,0.0276956
213,68.159,-4.25857,0.0276956
214,59.9777,-1.47282,-1.4514
213,59.9777,-1.47282,-1.4514
214,14.6963,7.87351,-1.67917
213,14.6963,7.87351,-1.67917
214,29.1318,9.0173,-0.747938
213,29.1318,9.0173,-0.747938
214,15.7722,4.63752,-1.95381
213,15.7722,4.63752,-1.95381
214,40.9794,-2.80649,-1.54755
213,40.9794,-2.80649,-1.54755
214,18.2782,7.46309,0.793167
213,18.2782,7.46309,0.793167
214,38.5121,12.3497,2.92863
213,38.5121,12.3497,2.92863
214,53.1596,-5.81684,-0.476618
213,53.1596,-5.81684,-0.476618
214,50.4173,-0.413968,-2.54013
213,50.4173,-0.413968,-2.54013
214,42.8884,10.055,1.41182
213,42.8884,10.055,1.41182
214,46.7544,10.1071,2.56688
213,46.7544,10.1071,2.56688
214,26.4219,18.5583,-1.85536
213,26.4219,18.5583,-1.85536
214,23.2684,15.3623,-1.39934
213,23.2684,15.3623,-1.39934
214,13.1433,7.56918,-1.41409
213,13.1433,7.56918,-1.41409
214,30.6518,6.60687,1.81207
213,30.6518,6.60687,1.81207
214,16.0082,13.3462,-1.77787
213,16.0082,13.3462,-1.77787
214,19.6068,7.72232,-0.276837
213,19.6068,7.72232,-0.276837
214,11.8888,5.05166,-1.25952
213,11.8888,5.05166,-1.25952
214,55.355,11.0622,3.00347
213,55.355,11.0622,3.00347
214,28.9868,19.3969,-2.03443
213,28.9868,19.3969,-2.03443
214,38.9562,-1.93016,-0.413593
213,38.9562,-1.93016,-0.413593
214,16.7414,11.5074,-1.93476
213,16.7414,11.5074,-1.93476
214,14.4091,10.7055,-1.56705
213,14.4091,10.7055,-1.56705
214,25.4669,16.4886,-1.55932
213,25.4669,16.4886,-1.55932
214,37.6503,10.1216,1.37285
213,37.6503,10.1216,1.37285
214,27.5457,19.2971,-1.94264
213,27.5457,19.2971,-1.94264
214,20.7654,16.3744,-1.54132
213,20.7654,16.3744,-1.54132
214,35.3689,9.79182,-0.59753
213,35.3689,9.79182,-0.59753
214,7.92786,9.01567,-1.70878
213,7.92786,9.01567,-1.70878
214,20.2779,16.6684,-1.55033
213,20.2779,16.6684,-1.55033
214,37.7971,12.1236,1.65693
213,37.7971,12.1236,1.65693
214,35.4717,-0.0446134,-1.27552
213,35.4717,-0.0446134,-1.27552
214,17.7087,6.2347,0.966632
213,17.7087,6.2347,0.966632
214,8.68985,9.06879,-1.6445
213,8.68985,9.06879,-1.6445
214,11.1886,4.48133,-0.198713
213,11.1886,4.48133,-0.198713
214,15.8925,16.7189,-1.54564
213,15.8925,16.7189,-1.54564
214,25.584,19.6096,-1.97744
213,25.584,19.6096,-1.97744
214,18.6253,19.2671,-1.43698
213,18.6253,19.2671,-1.43698
214,44.0635,-5.61952,0.0660104
213,44.0635,-5.61952,0.0660104
214,21.6889,14.9039,-1.32929
212,21.6889,14.9039,-1.32929
214,7.42448,5.96269,-1.54231
212,7.42448,5.96269,-1.54231
214,32.0687,8.68913,-1.02225
212,32.0687,8.68913,-1.02225
214,35.9916,9.09711,-1.13694
212,35.9916,9.09711,-1.13694
214,7.70206,7.92952,-1.65184
212,7.70206,7.92952,-1.65184
214,26.9647,8.19202,-1.46268
212,26.9647,8.19202,-1.46268
214,57.0734,11.2811,-2.5981
212,57.0734,11.2811,-2.5981
214,7.54184,5.76192,-1.63041
212,7.54184,5.76192,-1.63041
214,37.365,10.1002,1.283
212,37.365,10.1002,1.283
214,28.9549,9.04584,-1.14587
212,28.9549,9.04584,-1.14587
214,45.6581,1.38523,-0.455954
212,45.6581,1.38523,-0.455954
214,8.68795,7.7841,-1.60764
212,8.68795,7.7841,-1.60764
214,16.0464,11.2109,-1.8363
212,16.0464,11.2109,-1.8363
214,11.8024,8.42124,-1.61955
212,11.8024,8.42124,-1.61955
214,6.55249,7.52578,-1.67945
212,6.55249,7.52578,-1.67945
214,16.1284,11.2485,-1.8457
212,16.1284,11.2485,-1.8457
214,14.4143,13.7329,-0.17629
212,14.4143,13.7329,-0.17629
214,18.9042,19.546,-0.264996
212,18.9042,19.546,-0.264996
214,16.1394,16.9431,0.0496563
212,16.1394,16.9431,0.0496563
214,15.4443,14.564,-0.127128
212,15.4443,14.564,-0.127128
214,33.6531,2.61035,-2.0061
212,33.6531,2.61035,-2.0061
214,42.2971,-2.57018,-0.521569
212,42.2971,-2.57018,-0.521569
214,35.6549,-0.0794454,0.0996689
212,35.6549,-0.0794454,0.0996689
214,16.4182,17.1964,0.0611232
212,16.4182,17.1964,0.0611232
214,14.6067,3.00123,-1.45991
212,14.6067,3.00123,-1.45991
214,11.5818,8.34765,-1.54919
212,11.5818,8.34765,-1.54919
214,63.4719,-7.30367,-0.809238
212,63.4719,-7.30367,-0.809238
214,22.0542,8.69249,-1.70735
211,22.0542,8.69249,-1.70735
214,60.1388,-9.81138,-0.630895
211,60.1388,-9.81138,-0.630895
214,6.52488,6.6122,-1.66517
211,6.52488,6.6122,-1.66517
214,37.6483,-3.88103,-0.828728
211,37.6483,-3.88103,-0.828728
214,53.3461,4.3676,-2.22101
211,53.3461,4.3676,-2.22101
214,11.8825,8.43499,-1.62621
211,11.8825,8.43499,-1.62621
214,39.322,-2.0111,-0.330971
210,39.322,-2.0111,-0.330971
214,18.4098,18.8334,-0.0802628
210,18.4098,18.8334,-0.0802628
214,40.8751,9.54178,2.09999
210,40.8751,9.54178,2.09999
214,36.3782,-0.286519,-1.30748
210,36.3782,-0.286519,-1.30748
214,40.3774,6.53963,-0.130106
209,40.3774,6.53963,-0.130106
214,31.8367,6.46631,-0.103566
209,31.8367,6.46631,-0.103566
214,33.9002,9.35094,1.23015
209,33.9002,9.35094,1.23015
214,57.002,7.27335,0.820643
209,57.002,7.27335,0.820643
214,51.2133,6.00499,-1.22389
209,51.2133,6.00499,-1.22389
214,54.7713,0.917752,0.0263576
209,54.7713,0.917752,0.0263576
214,52.3027,7.27735,1.91596
209,52.3027,7.27735,1.91596
214,28.9675,15.076,2.7521
209,28.9675,15.076,2.7521
214,9.69518,10.6509,-0.0334652
209,9.69518,10.6509,-0.0334652
214,40.693,-1.33929,-1.97998
209,40.693,-1.33929,-1.97998
214,28.2584,13.4687,-8.8661
209,28.2584,13.4687,-8.8661
214,15.4756,14.5927,0.088815
209,15.4756,14.5927,0.088815
214,43.5712,10.3566,2.59636
209,43.5712,10.3566,2.59636
214,71.4691,8.2311,4.35949
209,71.4691,8.2311,4.35949
214,40.7182,10.4609,1.62262
209,40.7182,10.4609,1.62262
214,42.6665,10.7876,-0.799225
208,42.6665,10.7876,-0.799225
214,26.4061,14.2309,2.68801
208,26.4061,14.2309,2.68801
214,20.164,13.8681,1.82069
208,20.164,13.8681,1.82069
214,45.4502,11.2494,2.21725
208,45.4502,11.2494,2.21725
214,38.5738,10.0057,2.2738
208,38.5738,10.0057,2.2738
214,16.7134,17.4311,-1.24231
208,16.7134,17.4311,-1.24231
214,17.3194,18.0489,-1.69762
208,17.3194,18.0489,-1.69762
214,16.0978,15.1033,-0.987308
208,16.0978,15.1033,-0.987308
214,48.9038,11.1965,3.02588
208,48.9038,11.1965,3.02588
214,43.4266,10.7224,1.86761
208,43.4266,10.7224,1.86761
214,48.5481,8.62319,2.85998
208,48.5481,8.62319,2.85998
214,24.0098,16.5481,-1.47063
207,24.0098,16.5481,-1.47063
214,15.2273,10.8321,-1.68711
205,15.2273,10.8321,-1.68711
214,14.0318,10.4252,-1.51546
205,14.0318,10.4252,-1.51546
214,11.6878,6.89532,-1.63441
205,11.6878,6.89532,-1.63441
215,5.54284,5.69389,0.0376857
215,6.70788,6.1347,-1.59942
215,6.72102,6.10352,-1.6185
215,6.82005,6.03551,-1.61652
215,6.8424,6.03667,-1.62786
215,6.85579,6.03506,-1.62702
215,6.8866,6.02779,-1.62087
215,6.93091,6.02849,-1.62665
215,6.93952,6.02207,-1.62133
215,6.94691,6.02516,-1.62097
215,6.9591,6.0959,-1.58796
215,6.96624,6.0205,-1.63153
215,6.98013,6.01314,-1.61492
215,6.99829,6.01483,-1.61529
215,6.57786,7.50708,-1.65447
215,7.10009,5.60817,-1.68871
215,7.00879,6.02181,-1.64209
215,6.60082,7.51346,-1.638
215,6.59752,7.51497,-1.64676
215,7.02948,6.01387,-1.62267
215,7.02777,6.01743,-1.63394
215,6.63905,7.50413,-1.61133
215,6.64571,7.50193,-1.62304
215,7.06581,6.00844,-1.61691
215,7.15629,5.79638,-1.59685
215,7.16868,5.89071,-1.60338
215,7.30983,5.48347,-1.54847
215,6.74066,7.43968,-1.62728
215,7.18229,5.88783,-1.5998
215,7.2044,5.80803,-1.60239
215,7.19068,5.87111,-1.61578
215,7.20571,5.75887,-1.65219
215,7.19337,5.88331,-1.60838
215,7.26258,5.8336,-1.64376
215,7.26936,5.78686,-1.69124
215,7.30234,5.80263,-1.62275
215,6.91924,7.29711,-1.61787
215,7.31629,5.84903,-1.63903
215,7.32235,5.84879,-1.6509
215,7.39332,5.76431,-1.60348
215,7.35659,5.83688,-1.64532
215,6.96707,7.33048,-1.66511
215,7.45497,5.68959,-1.62621
215,7.43191,5.83174,-1.64042
215,7.06708,7.28381,-1.56755
215,7.47589,5.7026,-1.636
215,7.06806,7.2861,-1.57663
215,7.43898,5.84085,-1.66493
215,7.44799,5.82449,-1.65999
215,7.07649,7.33482,-1.58702
215,7.07884,7.36667,-1.57996
215,7.49637,5.79964,-1.61683
215,7.08831,7.32811,-1.59769
215,7.48563,5.81859,-1.64907
215,7.50663,5.80417,-1.63827
215,7.50577,5.81127,-1.63944
215,7.51209,5.82235,-1.64681
215,7.52874,5.81359,-1.63405
215,7.53992,5.79773,-1.62305
215,7.58725,5.95006,-1.58556
215,7.65428,5.75707,-1.59924
215,7.69521,5.78817,-1.60791
215,7.67648,5.8051,-1.65076
215,7.72582,5.77439,-1.62983
215,7.78848,5.70808,-1.585
215,7.46045,6.90786,-1.62585
215,7.52048,7.23291,-1.56918
215,7.94797,5.68997,-1.56837
215,7.56409,7.2405,-1.59821
215,7.93195,5.89462,-1.61099
215,7.54738,7.35304,-1.64297
215,7.54486,7.41583,-1.65189
215,7.5937,7.30016,-1.61775
215,7.59312,7.37936,-1.6174
215,7.60423,7.38666,-1.62099
215,7.60396,7.40399,-1.61897
215,8.09398,5.68074,-1.59917
215,8.05978,5.87784,-1.60779
215,8.11212,5.68243,-1.61363
215,7.61436,7.49292,-1.61893
215,8.09569,5.85974,-1.61608
215,8.1072,5.86932,-1.60772
215,8.14652,5.71179,-1.62775
215,8.12931,5.86532,-1.6024
215,8.16151,5.84746,-1.59967
215,8.20813,5.69071,-1.615
215,8.23739,5.65854,-1.58615
215,8.20498,5.8535,-1.59053
215,8.26356,5.65399,-1.59951
215,8.58761,4.54742,-1.69737
215,8.61121,4.52314,-1.70612
215,8.40156,5.70338,-1.55519
215,7.84203,7.6966,-1.64278
215,7.86477,7.64792,-1.64505
215,8.4658,5.5981,-1.58648
215,7.68221,8.46476,-1.58697
215,8.46403,5.5732,-1.63851
215,8.49307,5.60215,-1.60549
215,7.91521,7.6345,-1.65504
215,7.92254,7.64846,-1.66132
215,8.52549,5.5874,-1.61025
215,8.51847,5.71413,-1.59457
215,7.96286,7.85881,-1.61144
215,8.14045,7.29306,-1.62422
215,8.57979,5.67979,-1.64631
215,8.59636,5.68214,-1.63666
215,7.76912,8.8393,-1.60843
215,8.19727,7.3216,-1.66984
215,8.20546,7.32414,-1.67423
215,7.91163,8.92135,-1.59172
215,8.24815,7.96349,-1.62375
215,8.2671,8.01952,-1.63201
215,8.52756,7.31941,-1.55698
215,8.44427,7.54306,-1.63009
215,8.55533,7.34415,-1.57515
215,8.54303,7.37481,-1.60506
215,8.56683,7.33282,-1.57805
215,8.63882,7.32529,-1.60116
215,8.8119,6.99542,-1.58935
215,8.82521,6.98556,-1.58837
215,8.36442,8.89,-1.55885
215,8.62271,7.72274,-1.73486
215,8.37903,8.89061,-1.57475
215,8.89362,7.05006,-1.64445
215,8.7245,7.77582,-1.61113
215,8.4991,8.89575,-1.56602
215,9.37967,5.71049,-1.58753
215,8.52851,8.91565,-1.55786
215,9.41437,5.72393,-1.59078
215,8.85588,7.73097,-1.64014
215,8.8793,7.74411,-1.65537
215,9.55079,5.71717,-1.61178
215,9.66415,5.45928,-1.59499
215,9.70476,5.35828,-1.61693
215,9.35671,6.97009,-1.56431
215,9.29938,7.37237,-1.48911
215,9.39696,6.96073,-1.57704
215,9.43258,6.94224,-1.55136
215,9.43199,6.95026,-1.56558
215,9.28733,7.4273,-1.60564
215,9.33306,7.30624,-1.60307
215,9.37066,7.28108,-1.53941
215,9.31145,7.41492,-1.6123
215,9.45693,6.99552,-1.561
215,9.33639,7.58891,-1.4909
215,9.3896,7.36189,-1.53031
215,9.4494,7.11859,-1.56857
215,9.46198,7.11132,-1.57903
215,9.43064,7.27677,-1.56553
215,9.47011,7.25409,-1.55501
215,9.50078,7.13806,-1.58193
215,9.5165,7.15432,-1.60089
215,9.52759,7.23786,-1.59351
215,9.31762,7.97394,-1.63705
215,9.53912,7.25262,-1.58752
215,9.98572,5.64792,-1.60613
215,9.47917,7.72775,-1.54673
215,9.54144,7.77493,-1.56686
215,9.55753,7.94604,-1.57124
215,9.5722,7.94267,-1.61112
215,9.58388,7.91391,-1.61097
215,9.61229,7.96561,-1.62688
215,9.54646,8.4694,-1.54711
215,9.60191,8.3124,-1.57323
215,9.68827,8.06952,-1.61589
215,9.63109,8.53722,-1.57671
215,9.63973,8.55739,-1.56716
215,10.5803,5.46669,-1.66195
215,9.82453,8.72251,-1.53545
215,9.83064,8.70661,-1.53519
215,10.6339,7.11098,-1.46034
215,11.0247,5.54168,-1.60177
215,10.9991,6.19813,-1.47218
215,10.8667,6.62481,-1.50698
215,10.9827,6.72555,-1.46488
215,11.3753,5.57897,-1.59911
215,11.3963,5.56612,-1.60099
215,11.4103,5.52492,-1.60216
215,11.1624,6.79651,-1.48365
215,11.4652,5.5151,-1.65543
215,11.4891,5.4927,-1.63095
215,11.2458,6.83684,-1.50746
215,11.3,6.8698,-1.52933
215,11.6342,5.5393,-1.67717
215,11.3783,6.97198,-1.54519
215,11.4051,6.9754,-1.54036
215,11.7856,5.5639,-1.72482
215,11.2205,8.17683,-1.47394
215,7.24748,5.86079,-1.63812
214,7.24748,5.86079,-1.63812
215,7.36195,5.86559,-1.71645
214,7.36195,5.86559,-1.71645
215,7.55607,5.74172,-1.58397
214,7.55607,5.74172,-1.58397
215,7.74914,5.73784,-1.6989
214,7.74914,5.73784,-1.6989
215,7.29781,5.79075,-1.68008
214,7.29781,5.79075,-1.68008
215,64.3885,-2.20745,-2.70399
214,64.3885,-2.20745,-2.70399
215,65.9851,-3.22201,-3.50448
214,65.9851,-3.22201,-3.50448
215,36.6358,6.70403,-1.8715
214,36.6358,6.70403,-1.8715
215,7.82224,7.42761,-1.81185
214,7.82224,7.42761,-1.81185
215,37.1055,2.13081,-2.22126
214,37.1055,2.13081,-2.22126
215,18.2942,3.81058,-2.3347
214,18.2942,3.81058,-2.3347
215,18.3339,3.98334,-2.19903
214,18.3339,3.98334,-2.19903
215,7.10169,5.77732,-1.5153
214,7.10169,5.77732,-1.5153
215,47.6383,1.02337,-0.434462
214,47.6383,1.02337,-0.434462
215,46.9702,1.1849,-0.430276
214,46.9702,1.1849,-0.430276
215,9.77129,7.05166,-1.70177
214,9.77129,7.05166,-1.70177
215,7.35663,5.78028,-1.69496
214,7.35663,5.78028,-1.69496
215,7.37587,5.7833,-1.68489
214,7.37587,5.7833,-1.68489
215,54.6535,5.01896,-1.82673
214,54.6535,5.01896,-1.82673
215,38.7144,1.95877,-2.363
214,38.7144,1.95877,-2.363
215,8.44878,8.17707,-1.72765
214,8.44878,8.17707,-1.72765
215,14.8437,7.89224,-1.71655
214,14.8437,7.89224,-1.71655
215,54.7346,-1.01621,-3.56649
214,54.7346,-1.01621,-3.56649
215,7.44134,5.95558,-1.55078
214,7.44134,5.95558,-1.55078
215,53.7816,-1.98576,-2.78544
214,53.7816,-1.98576,-2.78544
215,39.3751,6.76926,-2.01461
214,39.3751,6.76926,-2.01461
215,15.1323,4.68004,-1.89612
214,15.1323,4.68004,-1.89612
215,14.9419,4.71256,-1.78657
214,14.9419,4.71256,-1.78657
215,7.66393,7.29706,-1.67287
214,7.66393,7.29706,-1.67287
215,7.62359,7.34831,-1.64025
214,7.62359,7.34831,-1.64025
215,55.4385,2.68187,-1.62544
214,55.4385,2.68187,-1.62544
215,14.7034,7.69939,-1.68544
214,14.7034,7.69939,-1.68544
215,13.9479,7.70853,-1.5449
214,13.9479,7.70853,-1.5449
215,33.73,8.48258,1.01338
214,33.73,8.48258,1.01338
215,83.8805,-1.41268,-2.30112
214,83.8805,-1.41268,-2.30112
215,32.3079,-0.766588,-1.55756
214,32.3079,-0.766588,-1.55756
215,50.814,-5.27724,-0.498129
214,50.814,-5.27724,-0.498129
215,49.8064,-6.88873,-1.15865
214,49.8064,-6.88873,-1.15865
215,8.27852,5.80278,-1.9556
214,8.27852,5.80278,-1.9556
215,22.0389,17.1367,-1.66695
214,22.0389,17.1367,-1.66695
215,41.6206,8.41343,2.55615
214,41.6206,8.41343,2.55615
215,38.9314,10.3324,-0.704149
214,38.9314,10.3324,-0.704149
215,39.8793,-4.49136,-0.809028
214,39.8793,-4.49136,-0.809028
215,7.52319,7.93226,-1.6428
214,7.52319,7.93226,-1.6428
215,18.9707,3.75265,-2.42444
214,18.9707,3.75265,-2.42444
215,7.34749,5.78853,-1.42076
214,7.34749,5.78853,-1.42076
215,35.9537,-1.25195,-0.359351
214,35.9537,-1.25195,-0.359351
215,36.3787,9.94458,1.76632
214,36.3787,9.94458,1.76632
215,6.64381,6.00309,-1.4412
214,6.64381,6.00309,-1.4412
215,7.21509,6.07702,-1.89199
214,7.21509,6.07702,-1.89199
215,15.6927,11.3271,-1.79382
214,15.6927,11.3271,-1.79382
215,76.0946,-17.9083,-0.0297436
214,76.0946,-17.9083,-0.0297436
215,15.7142,13.1293,-1.7482
214,15.7142,13.1293,-1.7482
215,32.9299,9.52407,1.17706
214,32.9299,9.52407,1.17706
215,11.5052,8.30416,-1.54656
214,11.5052,8.30416,-1.54656
215,16.0804,15.1142,-1.26767
214,16.0804,15.1142,-1.26767
215,7.7771,7.94269,-1.69219
214,7.7771,7.94269,-1.69219
215,26.2655,18.5297,-1.81886
214,26.2655,18.5297,-1.81886
215,39.1738,-3.95751,0.0626947
214,39.1738,-3.95751,0.0626947
215,15.4043,16.1946,0.0634485
214,15.4043,16.1946,0.0634485
215,14.7874,14.6593,0.0572496
214,14.7874,14.6593,0.0572496
215,17.1215,17.8448,-2.07486
214,17.1215,17.8448,-2.07486
215,16.9252,14.3622,-0.90251
214,16.9252,14.3622,-0.90251
215,32.9114,20.4716,-2.18073
214,32.9114,20.4716,-2.18073
215,17.6513,8.24123,-2.21211
214,17.6513,8.24123,-2.21211
215,6.70799,7.15432,-1.362
214,6.70799,7.15432,-1.362
215,12.9404,13.1882,-0.0531417
214,12.9404,13.1882,-0.0531417
215,16.7484,14.2338,-0.881833
214,16.7484,14.2338,-0.881833
215,62.5804,-1.62457,-2.63932
214,62.5804,-1.62457,-2.63932
215,30.3583,0.935754,-2.04387
214,30.3583,0.935754,-2.04387
215,15.3719,7.76948,-1.80312
214,15.3719,7.76948,-1.80312
215,18.7637,4.02891,-2.23491
214,18.7637,4.02891,-2.23491
215,19.6753,19.2885,-0.207132
214,19.6753,19.2885,-0.207132
215,18.1236,14.6426,-1.24597
214,18.1236,14.6426,-1.24597
215,44.8678,-5.7888,0.0286463
214,44.8678,-5.7888,0.0286463
215,28.7064,3.16908,-1.75212
213,28.7064,3.16908,-1.75212
215,24.587,17.1759,-1.74704
213,24.587,17.1759,-1.74704
215,9.9033,7.9481,-1.89459
213,9.9033,7.9481,-1.89459
215,11.8815,8.45594,-1.63593
213,11.8815,8.45594,-1.63593
215,47.6191,4.35317,-1.51469
213,47.6191,4.35317,-1.51469
215,35.2155,2.45203,-2.24869
213,35.2155,2.45203,-2.24869
215,57.2137,-1.43891,-3.62819
213,57.2137,-1.43891,-3.62819
215,9.22449,7.68923,-1.65352
213,9.22449,7.68923,-1.65352
215,7.2944,7.43026,-1.74448
213,7.2944,7.43026,-1.74448
215,24.4795,17.1351,-1.72875
213,24.4795,17.1351,-1.72875
215,23.2559,16.137,-1.60048
213,23.2559,16.137,-1.60048
215,48.3353,10.3602,-0.962442
213,48.3353,10.3602,-0.962442
215,40.1698,9.12261,2.08207
213,40.1698,9.12261,2.08207
215,53.1529,-6.84259,-0.480094
213,53.1529,-6.84259,-0.480094
215,9.15596,7.66339,-1.62871
213,9.15596,7.66339,-1.62871
215,15.3993,12.9228,-1.69535
213,15.3993,12.9228,-1.69535
215,20.7757,20.2448,-0.00384408
213,20.7757,20.2448,-0.00384408
215,40.1756,-0.724805,-0.178506
213,40.1756,-0.724805,-0.178506
215,40.1001,-4.21481,0.0818223
213,40.1001,-4.21481,0.0818223
215,48.7979,-5.72522,0.0375989
213,48.7979,-5.72522,0.0375989
215,39.4923,-4.41432,0.0984973
213,39.4923,-4.41432,0.0984973
215,33.8413,-1.08935,-1.25816
213,33.8413,-1.08935,-1.25816
215,62.3371,4.0926,-2.6406
213,62.3371,4.0926,-2.6406
215,19.7611,20.3683,-0.281644
213,19.7611,20.3683,-0.281644
215,13.7252,13.4491,-0.136494
213,13.7252,13.4491,-0.136494
215,19.7141,3.8114,-2.40299
213,19.7141,3.8114,-2.40299
215,34.3819,1.88599,-0.593593
213,34.3819,1.88599,-0.593593
215,40.1591,-0.731327,-0.219582
213,40.1591,-0.731327,-0.219582
215,35.1454,-1.09936,-0.328434
213,35.1454,-1.09936,-0.328434
215,27.4815,-0.212035,-0.584759
213,27.4815,-0.212035,-0.584759
215,24.1882,0.107309,0.0741177
213,24.1882,0.107309,0.0741177
215,17.9222,2.78059,-0.181792
213,17.9222,2.78059,-0.181792
215,7.94276,7.91156,-1.69438
213,7.94276,7.91156,-1.69438
215,21.4103,16.7753,-1.59555
213,21.4103,16.7753,-1.59555
215,38.4701,-5.09684,-0.77499
213,38.4701,-5.09684,-0.77499
215,16.0825,16.8943,-0.182111
213,16.0825,16.8943,-0.182111
215,17.2136,18.0107,-0.0279238
213,17.2136,18.0107,-0.0279238
215,18.6924,19.3594,-0.237347
213,18.6924,19.3594,-0.237347
215,11.609,11.7224,-0.0718494
213,11.609,11.7224,-0.0718494
215,9.52716,8.54787,-1.45806
213,9.52716,8.54787,-1.45806
215,16.4256,17.1378,-1.93406
213,16.4256,17.1378,-1.93406
215,15.9041,13.2745,-1.75059
213,15.9041,13.2745,-1.75059
215,37.8792,-3.79051,0.072632
213,37.8792,-3.79051,0.072632
215,24.3005,3.63326,-1.30414
213,24.3005,3.63326,-1.30414
215,15.0647,10.7728,-1.68967
212,15.0647,10.7728,-1.68967
215,15.2531,10.8708,-1.77264
212,15.2531,10.8708,-1.77264
215,18.1256,4.02326,-2.15593
212,18.1256,4.02326,-2.15593
215,41.9067,-3.96317,-0.361353
212,41.9067,-3.96317,-0.361353
215,14.446,3.97905,-0.36241
212,14.446,3.97905,-0.36241
215,22.7764,22.6847,-0.162321
212,22.7764,22.6847,-0.162321
215,31.3047,0.641753,-2.15214
212,31.3047,0.641753,-2.15214
215,84.0965,51.2175,-6.74036
212,84.0965,51.2175,-6.74036
215,34.578,9.05176,-1.29241
212,34.578,9.05176,-1.29241
215,50.226,-7.08891,-0.485754
211,50.226,-7.08891,-0.485754
215,87.6553,-21.0591,-0.760467
211,87.6553,-21.0591,-0.760467
215,7.48431,5.96814,-1.57858
211,7.48431,5.96814,-1.57858
215,17.9061,1.96926,-1.95691
211,17.9061,1.96926,-1.95691
215,7.84523,8.92284,-1.65939
211,7.84523,8.92284,-1.65939
215,18.6119,1.83507,-2.01327
210,18.6119,1.83507,-2.01327
215,18.4503,1.78834,-2.03226
209,18.4503,1.78834,-2.03226
215,50.5572,4.25807,-2.16993
208,50.5572,4.25807,-2.16993
215,39.2081,10.0505,1.82971
208,39.2081,10.0505,1.82971
215,13.1557,13.1353,0.0335524
208,13.1557,13.1353,0.0335524
215,22.8796,15.9709,-1.47134
207,22.8796,15.9709,-1.47134
215,14.2513,11.8547,-0.856719
207,14.2513,11.8547,-0.856719
215,13.271,13.2832,-0.106703
207,13.271,13.2832,-0.106703
215,15.2725,11.0463,-1.72302
206,15.2725,11.0463,-1.72302
215,49.0768,11.4618,-1.03488
206,49.0768,11.4618,-1.03488
215,15.3422,10.8945,-1.73105
205,15.3422,10.8945,-1.73105
216,6.72557,6.23647,-0.464951
216,6.74028,6.22959,-0.469439
216,6.7412,6.23342,-0.468339
216,7.36928,5.95749,-1.59288
216,7.42444,5.70176,-1.63411
216,7.36866,5.96336,-1.59719
216,7.45748,5.74466,-1.55858
216,6.98673,7.46489,-1.6732
216,7.04859,7.36697,-1.59193
216,7.52664,5.79782,-1.62894
216,7.52456,5.94582,-1.58317
216,7.59215,5.73886,-1.60351
216,7.64007,5.77265,-1.64304
216,7.63324,5.91376,-1.60505
216,7.69294,5.92373,-1.61677
216,7.70076,5.92499,-1.61889
216,7.72423,5.93147,-1.59326
216,7.72445,5.92114,-1.61512
216,7.7436,5.9167,-1.6076
216,7.77447,5.89663,-1.6043
216,7.78554,5.90799,-1.59458
216,7.8137,5.90426,-1.59292
216,7.47394,7.22715,-1.58026
216,7.84692,5.88283,-1.60043
216,7.52168,7.23053,-1.56755
216,7.8782,5.89484,-1.60708
216,7.93972,5.72574,-1.60917
216,7.53962,7.25933,-1.5896
216,7.53511,7.28186,-1.59197
216,7.53769,7.25914,-1.60135
216,7.55342,7.23736,-1.59533
216,7.55526,7.24757,-1.60311
216,7.93412,5.88588,-1.59888
216,7.9373,5.87324,-1.60536
216,7.93324,5.89473,-1.62061
216,7.59637,7.40528,-1.62749
216,7.61043,7.51445,-1.6273
216,7.53292,7.88022,-1.63694
216,7.55455,7.87959,-1.63089
216,7.56458,7.91408,-1.64134
216,7.56045,7.91723,-1.65423
216,8.48793,4.55897,-1.66046
216,8.16745,5.8558,-1.59342
216,7.71801,7.59732,-1.5697
216,8.20777,5.85264,-1.59863
216,7.95802,7.13094,-1.57965
216,7.97475,7.14014,-1.57492
216,8.48067,5.58831,-1.60569
216,8.48008,5.60547,-1.61021
216,8.50855,5.58894,-1.62185
216,7.93999,7.67997,-1.69171
216,8.54955,5.56417,-1.61999
216,8.54589,5.71601,-1.61564
216,8.57286,5.67505,-1.65163
216,8.35452,7.53365,-1.60686
216,8.63045,7.16139,-1.63762
216,8.77,6.97234,-1.57804
216,8.65327,7.3463,-1.61432
216,8.77437,6.96324,-1.57837
216,8.89897,7.02795,-1.63198
216,8.61991,7.96051,-1.70783
216,8.66526,7.98745,-1.71633
216,8.67943,7.97552,-1.70884
216,9.37157,5.70641,-1.59789
216,9.38015,5.70796,-1.59005
216,9.42371,5.70539,-1.54888
216,9.42608,5.70541,-1.54987
216,9.41929,5.71687,-1.61418
216,9.44734,5.69816,-1.55759
216,8.76412,8.00951,-1.73694
216,9.46013,5.70864,-1.57845
216,9.02676,7.09535,-1.72282
216,8.73875,8.94996,-1.60873
216,8.87745,8.89448,-1.55804
216,9.42553,7.08865,-1.56826
216,9.43875,7.02917,-1.5817
216,9.46173,7.01132,-1.58746
216,9.47022,6.99712,-1.58402
216,9.47667,6.96878,-1.58895
216,9.47849,6.97972,-1.59131
216,9.43524,7.21322,-1.56035
216,8.98476,8.85252,-1.58904
216,9.46598,7.13359,-1.58997
216,9.38054,7.62326,-1.51331
216,9.48944,7.13476,-1.5936
216,8.97493,8.98508,-1.6184
216,9.2558,7.95491,-1.62335
216,9.5117,7.13391,-1.5981
216,9.50194,7.23138,-1.58492
216,9.50015,7.27172,-1.5702
216,9.49458,7.26491,-1.58949
216,9.29394,7.96555,-1.6319
216,9.54084,7.1313,-1.60832
216,9.32365,7.99655,-1.65744
216,9.48231,7.68259,-1.55839
216,9.48318,7.69421,-1.5582
216,9.43976,7.88739,-1.53926
216,9.11008,8.99652,-1.681
216,9.53683,7.66287,-1.57757
216,9.54222,8.08457,-1.56805
216,9.65777,8.62157,-1.52419
216,9.69891,8.63607,-1.49287
216,9.72978,8.59345,-1.52303
216,9.77635,8.61884,-1.54667
216,10.577,7.00158,-1.62587
216,11.2499,5.55096,-1.56702
216,11.2779,5.51457,-1.57039
216,11.3258,5.55268,-1.6092
216,11.3877,5.48299,-1.5992
216,11.1011,6.75113,-1.48025
216,11.4148,5.52268,-1.61457
216,11.2542,6.80883,-1.50723
216,11.2671,6.85503,-1.53278
216,11.3392,6.86794,-1.54167
216,11.415,6.79561,-1.5661
216,11.3925,7.04469,-1.5414
216,11.4085,6.96627,-1.55704
216,11.379,8.19431,-1.51566
216,11.3949,8.25466,-1.50276
216,11.4723,8.29016,-1.5376
216,37.0871,2.10965,-2.22685
215,37.0871,2.10965,-2.22685
216,37.0871,2.10965,-2.22685
215,37.0871,2.10965,-2.22685
216,35.1974,2.43208,-2.25423
215,35.1974,2.43208,-2.25423
216,36.046,2.33785,-2.15871
215,36.046,2.33785,-2.15871
216,62.6713,-2.30926,-3.36467
215,62.6713,-2.30926,-3.36467
216,48.4538,10.3896,-2.2747
215,48.4538,10.3896,-2.2747
216,28.167,8.45808,-1.25756
215,28.167,8.45808,-1.25756
216,18.1136,3.80087,-2.33476
215,18.1136,3.80087,-2.33476
216,36.8778,0.686256,-1.25654
215,36.8778,0.686256,-1.25654
216,17.8479,4.25424,-2.09667
215,17.8479,4.25424,-2.09667
216,45.5336,1.31874,-0.405798
215,45.5336,1.31874,-0.405798
216,11.7338,8.39963,-1.60099
215,11.7338,8.39963,-1.60099
216,55.1369,4.91357,-1.94287
215,55.1369,4.91357,-1.94287
216,7.42568,5.9535,-1.5535
215,7.42568,5.9535,-1.5535
216,28.9366,19.7633,-2.15567
215,28.9366,19.7633,-2.15567
216,21.634,16.8638,-1.69139
215,21.634,16.8638,-1.69139
216,21.5559,16.8011,-1.59247
215,21.5559,16.8011,-1.59247
216,45.3703,1.3122,-0.533311
215,45.3703,1.3122,-0.533311
216,46.1617,3.4867,-2.60087
215,46.1617,3.4867,-2.60087
216,45.2085,4.36034,-1.95025
215,45.2085,4.36034,-1.95025
216,15.0342,7.77106,-1.73292
215,15.0342,7.77106,-1.73292
216,11.4104,8.90211,-1.03446
215,11.4104,8.90211,-1.03446
216,22.5762,18.2635,-1.87049
215,22.5762,18.2635,-1.87049
216,17.2534,14.4268,-1.2202
215,17.2534,14.4268,-1.2202
216,17.9576,3.85625,-2.27003
215,17.9576,3.85625,-2.27003
216,46.5173,-4.24397,-0.370305
215,46.5173,-4.24397,-0.370305
216,12.3587,10.8984,-0.519695
215,12.3587,10.8984,-0.519695
216,13.6854,10.0259,-1.45
215,13.6854,10.0259,-1.45
216,7.54833,5.75054,-1.6401
215,7.54833,5.75054,-1.6401
216,35.1155,9.34978,-1.4935
215,35.1155,9.34978,-1.4935
216,48.115,1.20213,-1.14929
215,48.115,1.20213,-1.14929
216,14.0826,7.71799,-1.58135
215,14.0826,7.71799,-1.58135
216,12.938,6.05348,-1.47609
215,12.938,6.05348,-1.47609
216,35.807,6.65181,-1.78999
215,35.807,6.65181,-1.78999
216,40.8087,10.4846,-0.717971
215,40.8087,10.4846,-0.717971
216,17.9532,4.01868,-2.13777
215,17.9532,4.01868,-2.13777
216,34.5976,0.254259,-2.40442
215,34.5976,0.254259,-2.40442
216,38.7646,10.2369,1.37237
215,38.7646,10.2369,1.37237
216,37.4555,10.1092,1.83103
215,37.4555,10.1092,1.83103
216,40.9327,-4.85405,-0.82493
215,40.9327,-4.85405,-0.82493
216,34.6561,9.66403,-0.908337
215,34.6561,9.66403,-0.908337
216,40.6673,4.70621,-1.72322
215,40.6673,4.70621,-1.72322
216,60.0157,-12.5995,-0.00987271
215,60.0157,-12.5995,-0.00987271
216,63.2107,-13.0496,-0.0455547
215,63.2107,-13.0496,-0.0455547
216,22.1905,17.987,-1.7617
215,22.1905,17.987,-1.7617
216,13.7649,7.49763,-1.54694
215,13.7649,7.49763,-1.54694
216,44.8339,1.55493,-1.11763
215,44.8339,1.55493,-1.11763
216,22.9325,22.3143,-0.365493
215,22.9325,22.3143,-0.365493
216,52.0124,1.4128,-1.22251
215,52.0124,1.4128,-1.22251
216,46.2851,-5.98997,-0.988899
215,46.2851,-5.98997,-0.988899
216,47.7429,-7.95527,-1.06319
215,47.7429,-7.95527,-1.06319
216,13.1633,6.06462,-1.52819
215,13.1633,6.06462,-1.52819
216,21.8122,7.46732,-0.768699
215,21.8122,7.46732,-0.768699
216,35.6772,-1.15785,-0.444057
215,35.6772,-1.15785,-0.444057
216,17.9621,3.83407,-2.27603
215,17.9621,3.83407,-2.27603
216,23.4313,0.355836,-0.373931
215,23.4313,0.355836,-0.373931
216,43.5297,-6.33771,-0.281557
215,43.5297,-6.33771,-0.281557
216,16.8013,17.5775,-1.61724
215,16.8013,17.5775,-1.61724
216,23.1419,16.6234,-1.55087
215,23.1419,16.6234,-1.55087
216,37.1888,-2.00065,-1.7594
215,37.1888,-2.00065,-1.7594
216,44.682,-4.78963,-1.11016
215,44.682,-4.78963,-1.11016
216,40.5778,-4.73533,0.086109
215,40.5778,-4.73533,0.086109
216,35.1659,21.0015,-1.80086
215,35.1659,21.0015,-1.80086
216,34.5498,9.62501,1.2848
215,34.5498,9.62501,1.2848
216,57.6299,0.821525,-1.44271
215,57.6299,0.821525,-1.44271
216,18.4469,19.3155,0.023215
215,18.4469,19.3155,0.023215
216,17.5429,18.1717,-1.31002
215,17.5429,18.1717,-1.31002
216,33.7241,-1.05342,-1.60799
215,33.7241,-1.05342,-1.60799
216,7.84808,7.91958,-1.64675
215,7.84808,7.91958,-1.64675
216,16.6349,13.7863,-1.90069
215,16.6349,13.7863,-1.90069
216,18.0567,4.12069,-2.15177
215,18.0567,4.12069,-2.15177
216,20.997,1.09524,0.0579445
215,20.997,1.09524,0.0579445
216,35.4705,-1.50739,-1.6556
215,35.4705,-1.50739,-1.6556
216,78.8128,-4.38224,-5.26091
215,78.8128,-4.38224,-5.26091
216,18.6732,19.5103,-0.101667
215,18.6732,19.5103,-0.101667
216,9.6495,7.36534,-1.65442
215,9.6495,7.36534,-1.65442
216,20.7855,1.97484,-0.834576
215,20.7855,1.97484,-0.834576
216,20.337,2.31751,-0.106572
215,20.337,2.31751,-0.106572
216,44.564,3.58712,-2.49633
214,44.564,3.58712,-2.49633
216,36.9152,5.27167,-1.12031
214,36.9152,5.27167,-1.12031
216,23.3736,16.1867,-1.6143
214,23.3736,16.1867,-1.6143
216,31.4372,8.92038,-0.531357
214,31.4372,8.92038,-0.531357
216,30.6134,0.931614,-1.40446
214,30.6134,0.931614,-1.40446
216,43.0805,9.34108,1.32
214,43.0805,9.34108,1.32
216,25.9387,16.7246,-1.6339
214,25.9387,16.7246,-1.6339
216,23.8821,17.1927,-1.67511
214,23.8821,17.1927,-1.67511
216,36.1383,12.0975,-0.365536
214,36.1383,12.0975,-0.365536
216,20.9896,2.78867,-0.654238
214,20.9896,2.78867,-0.654238
216,43.8776,10.1306,1.43966
214,43.8776,10.1306,1.43966
216,12.6944,8.06738,-1.87705
214,12.6944,8.06738,-1.87705
216,27.6277,6.44155,1.58847
214,27.6277,6.44155,1.58847
216,107.94,25.5746,8.83294
214,107.94,25.5746,8.83294
216,26.4233,16.9747,-1.67915
214,26.4233,16.9747,-1.67915
216,50.0009,-6.2333,-0.372222
214,50.0009,-6.2333,-0.372222
216,44.4714,-5.88639,0.0169142
214,44.4714,-5.88639,0.0169142
216,23.7444,8.08904,-0.699983
214,23.7444,8.08904,-0.699983
216,67.5979,-3.56167,0.0197343
214,67.5979,-3.56167,0.0197343
216,39.0906,-6.45778,0.136851
214,39.0906,-6.45778,0.136851
216,8.7255,8.92741,-1.60798
214,8.7255,8.92741,-1.60798
216,32.2734,9.14162,-0.491055
214,32.2734,9.14162,-0.491055
216,22.3993,17.4207,-1.66516
214,22.3993,17.4207,-1.66516
216,33.3026,0.283084,-2.27163
214,33.3026,0.283084,-2.27163
216,17.3702,3.97946,-2.10378
214,17.3702,3.97946,-2.10378
216,15.1764,15.9506,-1.41393
214,15.1764,15.9506,-1.41393
216,19.3134,19.9591,-0.23753
214,19.3134,19.9591,-0.23753
216,19.7276,13.5148,-1.13457
214,19.7276,13.5148,-1.13457
216,27.3024,27.7953,0.069139
214,27.3024,27.7953,0.069139
216,45.3189,9.99331,2.13871
214,45.3189,9.99331,2.13871
216,60.4879,11.8635,-1.15384
214,60.4879,11.8635,-1.15384
216,20.6254,16.2996,-1.53876
214,20.6254,16.2996,-1.53876
216,17.6204,17.8045,-1.87679
214,17.6204,17.8045,-1.87679
216,42.1224,9.81985,-0.763126
214,42.1224,9.81985,-0.763126
216,42.5779,9.79289,-1.55902
214,42.5779,9.79289,-1.55902
216,24.1152,16.6879,-1.60399
213,24.1152,16.6879,-1.60399
216,24.3684,17.0442,-1.72749
213,24.3684,17.0442,-1.72749
216,24.7362,17.4795,-1.7222
213,24.7362,17.4795,-1.7222
216,25.0041,18.9155,-1.01242
213,25.0041,18.9155,-1.01242
216,24.68,18.8356,-0.473602
213,24.68,18.8356,-0.473602
216,44.1166,9.92017,-2.01161
213,44.1166,9.92017,-2.01161
216,40.5937,4.14474,-1.52543
213,40.5937,4.14474,-1.52543
216,41.154,-0.953557,-0.214817
213,41.154,-0.953557,-0.214817
216,38.5098,-2.54372,-0.264548
213,38.5098,-2.54372,-0.264548
216,17.0102,13.942,0.750732
213,17.0102,13.942,0.750732
216,24.6688,8.15707,1.39308
213,24.6688,8.15707,1.39308
216,17.639,4.10592,-2.06583
213,17.639,4.10592,-2.06583
216,83.0434,-4.97145,-4.39127
213,83.0434,-4.97145,-4.39127
216,51.8869,-0.576013,-2.64676
213,51.8869,-0.576013,-2.64676
216,7.64329,5.7428,-1.64255
213,7.64329,5.7428,-1.64255
216,23.4976,3.71082,-1.26641
213,23.4976,3.71082,-1.26641
216,33.5801,0.190804,-1.04028
213,33.5801,0.190804,-1.04028
216,39.4023,10.185,1.25427
213,39.4023,10.185,1.25427
216,35.6521,4.80677,-1.07881
212,35.6521,4.80677,-1.07881
216,15.2422,13.1365,-0.147831
212,15.2422,13.1365,-0.147831
216,24.3212,16.7326,-1.60792
212,24.3212,16.7326,-1.60792
216,14.6266,15.044,-0.175716
212,14.6266,15.044,-0.175716
216,102.626,-22.1764,-0.846321
212,102.626,-22.1764,-0.846321
216,16.337,2.38098,-1.72207
212,16.337,2.38098,-1.72207
216,23.4447,16.2693,-1.51084
212,23.4447,16.2693,-1.51084
216,39.0027,25.689,-2.90747
212,39.0027,25.689,-2.90747
216,22.1031,17.2169,-1.60869
212,22.1031,17.2169,-1.60869
216,7.57014,8.398,-1.28434
211,7.57014,8.398,-1.28434
216,44.0033,5.23956,-1.36867
210,44.0033,5.23956,-1.36867
216,15.3453,14.4713,-0.960926
210,15.3453,14.4713,-0.960926
216,43.7691,-4.43288,-1.09139
210,43.7691,-4.43288,-1.09139
216,25.8026,19.2666,-1.19094
209,25.8026,19.2666,-1.19094
216,23.0937,16.7214,-1.62366
209,23.0937,16.7214,-1.62366
216,103.861,-9.37228,2.75561
209,103.861,-9.37228,2.75561
216,55.0663,-0.688364,-0.565252
209,55.0663,-0.688364,-0.565252
216,34.3767,0.282695,-1.08736
209,34.3767,0.282695,-1.08736
216,16.0914,16.8815,-1.63635
209,16.0914,16.8815,-1.63635
216,40.2969,10.4167,-0.821531
208,40.2969,10.4167,-0.821531
216,34.7068,9.06419,2.04668
208,34.7068,9.06419,2.04668
216,44.8788,0.403774,-2.80125
208,44.8788,0.403774,-2.80125
216,14.9798,15.2082,0.0660838
207,14.9798,15.2082,0.0660838
217,7.74657,5.78328,-1.64914
217,7.77257,5.77132,-1.64879
217,7.81507,5.70739,-1.60737
217,7.78199,5.78273,-1.65391
217,7.82541,5.71001,-1.61576
217,7.82661,5.70327,-1.61857
217,7.79078,5.7835,-1.65918
217,7.83642,5.69964,-1.60344
217,7.82135,5.7331,-1.62027
217,7.84252,5.69988,-1.60731
217,7.5213,7.22638,-1.57471
217,7.52703,7.21173,-1.57509
217,7.49718,7.30628,-1.59766
217,7.9172,5.76297,-1.64721
217,7.92596,5.75354,-1.65305
217,7.50619,7.38376,-1.62841
217,7.93719,5.76551,-1.6588
217,7.97886,5.72789,-1.59504
217,7.54956,7.34896,-1.58758
217,7.55076,7.36687,-1.58971
217,7.56559,7.30921,-1.60516
217,7.9789,5.74342,-1.6518
217,7.58042,7.33919,-1.57025
217,7.59092,7.34175,-1.57494
217,8.01339,5.73002,-1.62409
217,8.02781,5.73347,-1.63903
217,8.06594,5.67374,-1.5964
217,7.58297,7.46688,-1.60634
217,8.10046,5.86788,-1.60329
217,8.17895,5.70287,-1.63473
217,7.59788,7.93934,-1.66612
217,8.20239,5.72201,-1.70474
217,8.2786,5.64033,-1.57721
217,7.67122,7.94139,-1.52614
217,8.28371,5.71424,-1.63882
217,8.29716,5.69555,-1.64056
217,8.60577,4.50931,-1.74548
217,8.3117,5.7141,-1.6512
217,8.61549,4.49425,-1.7489
217,8.36895,5.71047,-1.53086
217,8.00447,7.15796,-1.60094
217,8.02368,7.16353,-1.60874
217,8.03528,7.14403,-1.60243
217,8.05954,7.17031,-1.5833
217,8.48594,5.5939,-1.60808
217,8.06718,7.15459,-1.59712
217,7.8717,7.8532,-1.64319
217,8.47924,5.70244,-1.59208
217,8.49384,5.60527,-1.63166
217,8.51584,5.71355,-1.59977
217,8.52357,5.7114,-1.60381
217,8.53035,5.67988,-1.63451
217,8.55799,5.67352,-1.63268
217,8.60664,5.84056,-1.57347
217,8.64183,5.82399,-1.57448
217,8.21,7.95804,-1.59348
217,8.89776,5.77789,-1.5933
217,8.50154,7.30603,-1.54862
217,8.36095,7.6572,-1.72138
217,8.52709,7.31438,-1.55944
217,8.61942,7.35902,-1.61772
217,8.75512,6.95894,-1.56799
217,9.11647,5.76227,-1.57475
217,8.78275,6.96827,-1.59716
217,9.1193,5.78524,-1.58063
217,9.13988,5.81007,-1.58688
217,8.74802,7.21305,-1.70744
217,8.69025,7.71657,-1.63812
217,9.35962,5.70728,-1.59275
217,8.46762,8.98814,-1.61906
217,8.46503,9.01405,-1.63083
217,9.39049,5.68218,-1.59158
217,9.40017,5.73514,-1.55218
217,9.41401,5.69944,-1.55167
217,8.82876,7.72229,-1.65084
217,8.49125,9.01854,-1.63839
217,8.60418,9.03102,-1.61851
217,8.95545,8.10758,-1.64309
217,9.36512,6.94012,-1.62034
217,9.43871,6.97149,-1.56296
217,9.45165,6.98818,-1.57505
217,9.46175,6.95696,-1.58753
217,9.46083,6.9756,-1.5933
217,9.47076,6.95643,-1.58305
217,9.48057,6.96019,-1.57556
217,9.44684,7.109,-1.56802
217,9.46388,7.1079,-1.58106
217,8.9911,8.83714,-1.60694
217,9.47651,7.11575,-1.58589
217,9.24872,7.9439,-1.6154
217,9.24746,7.96155,-1.61778
217,9.47528,7.1361,-1.61459
217,9.48732,7.14022,-1.59616
217,9.47605,7.24027,-1.57284
217,9.51954,7.15846,-1.58276
217,9.0366,8.90699,-1.64297
217,9.53297,7.23516,-1.61072
217,9.32314,7.99318,-1.65266
217,9.54598,7.24069,-1.60637
217,9.55162,7.25332,-1.621
217,9.56268,7.25806,-1.6157
217,9.66251,7.12696,-1.66153
217,10.1097,5.56317,-1.62189
217,9.53747,7.76708,-1.57776
217,9.54886,7.9266,-1.6108
217,9.58207,7.91267,-1.6165
217,9.59789,8.52299,-1.54357
217,9.63428,8.54496,-1.57844
217,9.66937,8.3926,-1.60111
217,9.68374,8.61222,-1.49108
217,9.65725,8.60237,-1.58788
217,9.66514,8.57851,-1.58705
217,9.67792,8.56702,-1.58961
217,9.69486,8.64798,-1.51394
217,9.73524,8.65983,-1.5081
217,9.71604,8.60548,-1.60306
217,9.79236,8.62393,-1.54561
217,9.8164,8.63752,-1.56605
217,9.85493,8.66214,-1.57826
217,10.4906,6.98676,-1.59523
217,10.4987,6.98637,-1.6062
217,10.6454,6.97823,-1.67746
217,11.2533,5.53194,-1.5716
217,11.2702,5.50761,-1.61267
217,11.2914,5.53987,-1.57822
217,11.3237,5.54528,-1.54313
217,11.3423,5.5039,-1.62998
217,11.1803,6.24422,-1.52653
217,11.3772,5.4831,-1.6122
217,11.3988,5.48846,-1.60444
217,11.1776,6.62158,-1.53772
217,11.173,6.65838,-1.54124
217,11.2013,6.76604,-1.52256
217,11.3511,6.79938,-1.52813
217,11.3358,6.86256,-1.54665
217,11.4085,7.00716,-1.5608
217,11.4954,6.98009,-1.57727
217,11.3714,8.2082,-1.50814
217,11.49,8.28506,-1.52895
217,11.4999,8.27002,-1.55155
217,11.5035,8.29618,-1.54145
217,14.1588,4.91759,-1.88066
217,28.6067,2.42294,-1.15406
216,28.6067,2.42294,-1.15406
217,54.7656,10.6492,-2.53038
216,54.7656,10.6492,-2.53038
217,36.1524,2.35402,-2.35519
216,36.1524,2.35402,-2.35519
217,29.3467,10.6308,-0.576124
216,29.3467,10.6308,-0.576124
217,44.2573,1.48014,-0.522388
216,44.2573,1.48014,-0.522388
217,59.1194,-1.68021,-3.89906
216,59.1194,-1.68021,-3.89906
217,14.3199,6.78949,0.656528
216,14.3199,6.78949,0.656528
217,14.0398,6.7631,0.638021
216,14.0398,6.7631,0.638021
217,23.8301,17.1639,-1.67026
216,23.8301,17.1639,-1.67026
217,25.4005,17.3922,-1.80129
216,25.4005,17.3922,-1.80129
217,51.0403,10.2778,-2.25736
216,51.0403,10.2778,-2.25736
217,69.8223,-3.47864,-3.28511
216,69.8223,-3.47864,-3.28511
217,30.7405,0.935467,-1.41737
216,30.7405,0.935467,-1.41737
217,56.2313,-1.28999,-3.62315
216,56.2313,-1.28999,-3.62315
217,43.5375,6.22974,-2.37838
216,43.5375,6.22974,-2.37838
217,45.6179,10.2743,1.50929
216,45.6179,10.2743,1.50929
217,45.6956,10.2948,1.62052
216,45.6956,10.2948,1.62052
217,41.7013,6.28406,-2.16014
216,41.7013,6.28406,-2.16014
217,42.4006,-3.17582,-2.16038
216,42.4006,-3.17582,-2.16038
217,48.0737,-6.47168,-0.460004
216,48.0737,-6.47168,-0.460004
217,21.7519,14.4594,-1.27574
216,21.7519,14.4594,-1.27574
217,17.955,4.03336,-2.14156
216,17.955,4.03336,-2.14156
217,17.3799,2.07152,-1.85146
216,17.3799,2.07152,-1.85146
217,27.6319,18.7098,-1.99683
216,27.6319,18.7098,-1.99683
217,14.5073,7.64095,-1.60711
216,14.5073,7.64095,-1.60711
217,22.6952,18.3095,-1.38914
216,22.6952,18.3095,-1.38914
217,49.2423,7.19145,3.14236
216,49.2423,7.19145,3.14236
217,58.2249,-0.0039506,1.30403
216,58.2249,-0.0039506,1.30403
217,16.5882,2.44866,-1.71301
216,16.5882,2.44866,-1.71301
217,41.4772,-4.96976,-0.919587
216,41.4772,-4.96976,-0.919587
217,82.0263,-20.109,-1.43335
216,82.0263,-20.109,-1.43335
217,13.7837,13.377,0.0559199
216,13.7837,13.377,0.0559199
217,44.646,9.65508,-0.906332
216,44.646,9.65508,-0.906332
217,42.7083,-5.30696,-0.390483
216,42.7083,-5.30696,-0.390483
217,27.2224,-0.758977,0.057625
216,27.2224,-0.758977,0.057625
217,17.6163,3.91265,-2.20338
216,17.6163,3.91265,-2.20338
217,33.0108,9.06129,-1.39048
216,33.0108,9.06129,-1.39048
217,41.9134,9.65353,-1.84822
216,41.9134,9.65353,-1.84822
217,43.2905,5.18136,-1.38381
216,43.2905,5.18136,-1.38381
217,40.9966,-4.88745,0.0860153
216,40.9966,-4.88745,0.0860153
217,26.9022,-1.5355,-0.339274
216,26.9022,-1.5355,-0.339274
217,12.8556,12.5116,0.0537812
216,12.8556,12.5116,0.0537812
217,22.3065,3.22203,-0.873997
216,22.3065,3.22203,-0.873997
217,16.9911,14.4648,0.0489769
216,16.9911,14.4648,0.0489769
217,21.5148,15.6154,-1.42027
216,21.5148,15.6154,-1.42027
217,14.7414,10.5058,-1.64004
216,14.7414,10.5058,-1.64004
217,18.3143,3.78456,-2.33726
216,18.3143,3.78456,-2.33726
217,47.4934,-5.42944,-1.22755
216,47.4934,-5.42944,-1.22755
217,26.1969,24.9518,-0.00817446
216,26.1969,24.9518,-0.00817446
217,25.8102,-0.869556,-0.468544
216,25.8102,-0.869556,-0.468544
217,40.4981,8.24374,2.52635
216,40.4981,8.24374,2.52635
217,33.1577,2.66049,-2.01615
216,33.1577,2.66049,-2.01615
217,41.5545,13.0051,3.17035
216,41.5545,13.0051,3.17035
217,33.4708,6.69371,-1.64513
216,33.4708,6.69371,-1.64513
217,7.6589,7.32521,-1.69073
216,7.6589,7.32521,-1.69073
217,15.2,14.3374,-0.890307
216,15.2,14.3374,-0.890307
217,24.0099,16.4346,-1.59045
216,24.0099,16.4346,-1.59045
217,24.0433,16.5752,-1.60455
216,24.0433,16.5752,-1.60455
217,36.6771,10.071,1.74518
216,36.6771,10.071,1.74518
217,26.9804,2.55726,-1.15506
216,26.9804,2.55726,-1.15506
217,34.2367,-4.04083,-0.459616
216,34.2367,-4.04083,-0.459616
217,24.2296,17.3078,-1.661
216,24.2296,17.3078,-1.661
217,40.2761,-4.49323,-0.832761
216,40.2761,-4.49323,-0.832761
217,38.598,-4.05896,0.0816183
216,38.598,-4.05896,0.0816183
217,9.01667,7.89978,-1.33116
216,9.01667,7.89978,-1.33116
217,15.6199,13.0445,-1.7479
216,15.6199,13.0445,-1.7479
217,14.5643,10.4116,-1.61064
216,14.5643,10.4116,-1.61064
217,25.4326,3.88426,-0.504352
216,25.4326,3.88426,-0.504352
217,17.2794,13.8622,-1.11303
216,17.2794,13.8622,-1.11303
217,50.6825,-0.45889,-3.24535
216,50.6825,-0.45889,-3.24535
217,16.3507,4.20596,-0.553769
216,16.3507,4.20596,-0.553769
217,17.5394,18.3469,-2.147
216,17.5394,18.3469,-2.147
217,24.0982,18.319,-1.27305
216,24.0982,18.319,-1.27305
217,54.0029,12.3624,2.30113
216,54.0029,12.3624,2.30113
217,15.353,3.81463,-0.312972
216,15.353,3.81463,-0.312972
217,93.0384,-20.0955,-0.242566
216,93.0384,-20.0955,-0.242566
217,88.8095,-14.3563,-4.93407
216,88.8095,-14.3563,-4.93407
217,56.0336,1.84503,-2.52551
215,56.0336,1.84503,-2.52551
217,58.16,1.60211,-2.53092
215,58.16,1.60211,-2.53092
217,25.7385,17.64,-1.75517
215,25.7385,17.64,-1.75517
217,36.9198,6.81693,-1.9388
215,36.9198,6.81693,-1.9388
217,37.0942,2.12481,-2.23846
215,37.0942,2.12481,-2.23846
217,36.053,2.35258,-2.17005
215,36.053,2.35258,-2.17005
217,26.9889,3.23636,-1.49223
215,26.9889,3.23636,-1.49223
217,8.81325,7.25422,-1.62022
215,8.81325,7.25422,-1.62022
217,24.2201,7.8454,-1.27932
215,24.2201,7.8454,-1.27932
217,62.8432,-1.93557,-3.34297
215,62.8432,-1.93557,-3.34297
217,33.4108,24.8553,-2.96801
215,33.4108,24.8553,-2.96801
217,49.2528,10.1117,-1.02146
215,49.2528,10.1117,-1.02146
217,45.4116,9.5223,1.65437
215,45.4116,9.5223,1.65437
217,63.2785,0.338881,-1.68376
215,63.2785,0.338881,-1.68376
217,54.6827,12.4905,1.87668
215,54.6827,12.4905,1.87668
217,45.1795,9.55414,1.62552
215,45.1795,9.55414,1.62552
217,32.1838,9.13404,-1.05634
215,32.1838,9.13404,-1.05634
217,8.79065,7.82003,-1.65299
215,8.79065,7.82003,-1.65299
217,27.3997,8.24704,-1.5188
215,27.3997,8.24704,-1.5188
217,27.9313,-1.72293,-0.171869
215,27.9313,-1.72293,-0.171869
217,58.6766,-12.1179,0.00558764
215,58.6766,-12.1179,0.00558764
217,71.7818,-17.0265,-1.94039
215,71.7818,-17.0265,-1.94039
217,8.02886,8.06758,-1.17868
215,8.02886,8.06758,-1.17868
217,13.9687,7.71894,-1.55336
215,13.9687,7.71894,-1.55336
217,45.0935,-5.57531,0.0310452
215,45.0935,-5.57531,0.0310452
217,15.184,15.0386,0.0201889
215,15.184,15.0386,0.0201889
217,9.72009,7.80859,-1.65669
215,9.72009,7.80859,-1.65669
217,27.3996,8.24704,-1.5188
215,27.3996,8.24704,-1.5188
217,43.3419,-5.08977,0.0580059
215,43.3419,-5.08977,0.0580059
217,71.3896,-16.9048,-1.91278
215,71.3896,-16.9048,-1.91278
217,16.0052,16.8201,-0.185624
215,16.0052,16.8201,-0.185624
217,13.4473,13.9901,0.0384829
215,13.4473,13.9901,0.0384829
217,23.2025,-0.184634,-0.104648
215,23.2025,-0.184634,-0.104648
217,11.8673,11.7725,-0.0838198
215,11.8673,11.7725,-0.0838198
217,15.8741,14.9424,-1.26775
215,15.8741,14.9424,-1.26775
217,15.4396,2.65314,-1.56359
215,15.4396,2.65314,-1.56359
217,15.1545,8.03901,-1.78876
215,15.1545,8.03901,-1.78876
217,14.9665,2.90486,-2.12273
215,14.9665,2.90486,-2.12273
217,173.461,-25.7611,-0.24194
215,173.461,-25.7611,-0.24194
217,15.7371,16.1109,-0.0562693
215,15.7371,16.1109,-0.0562693
217,88.9294,-16.2254,-0.202061
215,88.9294,-16.2254,-0.202061
217,15.9461,16.6912,-1.58754
215,15.9461,16.6912,-1.58754
217,20.7784,21.4462,-1.64609
215,20.7784,21.4462,-1.64609
217,22.5713,15.3748,-1.40816
214,22.5713,15.3748,-1.40816
217,18.261,12.5361,-2.26096
214,18.261,12.5361,-2.26096
217,36.1822,-0.206384,-0.034181
214,36.1822,-0.206384,-0.034181
217,43.2478,-1.55054,-0.0240616
214,43.2478,-1.55054,-0.0240616
217,51.2907,11.9096,-1.03982
214,51.2907,11.9096,-1.03982
217,11.7717,6.77477,-1.71784
214,11.7717,6.77477,-1.71784
217,46.0422,1.14426,-1.10006
214,46.0422,1.14426,-1.10006
217,53.0387,7.21098,3.20525
214,53.0387,7.21098,3.20525
217,11.5687,6.72879,-1.72496
214,11.5687,6.72879,-1.72496
217,37.1345,-0.481523,-2.62222
214,37.1345,-0.481523,-2.62222
217,22.5436,14.8523,2.02644
214,22.5436,14.8523,2.02644
217,44.1765,10.6809,2.69266
214,44.1765,10.6809,2.69266
217,29.2373,8.47882,0.984094
214,29.2373,8.47882,0.984094
217,40.5504,10.1506,2.44527
214,40.5504,10.1506,2.44527
217,76.8966,-8.49603,-2.98943
214,76.8966,-8.49603,-2.98943
217,72.7285,8.18691,4.63494
214,72.7285,8.18691,4.63494
217,42.9161,12.7671,-1.65796
213,42.9161,12.7671,-1.65796
217,51.2585,0.657972,-0.0447777
213,51.2585,0.657972,-0.0447777
217,33.0248,0.223446,-1.5441
213,33.0248,0.223446,-1.5441
217,39.0327,9.81699,2.34995
213,39.0327,9.81699,2.34995
217,47.5721,1.08142,-1.15238
213,47.5721,1.08142,-1.15238
217,43.232,-6.08559,-0.355345
213,43.232,-6.08559,-0.355345
217,34.137,-0.139596,-1.60474
213,34.137,-0.139596,-1.60474
217,17.766,1.34681,-1.6264
213,17.766,1.34681,-1.6264
217,7.70057,8.05666,-1.76395
213,7.70057,8.05666,-1.76395
217,23.5729,16.6212,-1.68389
213,23.5729,16.6212,-1.68389
217,29.9483,0.456395,-1.10342
213,29.9483,0.456395,-1.10342
217,15.0088,7.92762,-1.76228
212,15.0088,7.92762,-1.76228
217,8.66421,5.66303,-1.89526
212,8.66421,5.66303,-1.89526
217,25.2514,18.7984,-1.54256
212,25.2514,18.7984,-1.54256
217,28.7694,27.924,-0.316246
212,28.7694,27.924,-0.316246
217,30.8858,0.201388,-1.23466
212,30.8858,0.201388,-1.23466
217,50.286,0.791848,-0.369456
212,50.286,0.791848,-0.369456
217,16.3371,17.1616,-1.58132
212,16.3371,17.1616,-1.58132
217,16.3813,17.2025,-1.61449
212,16.3813,17.2025,-1.61449
217,48.5233,10.9577,2.75757
211,48.5233,10.9577,2.75757
217,22.3484,15.9996,-1.54353
211,22.3484,15.9996,-1.54353
217,21.8848,15.75,-1.51403
211,21.8848,15.75,-1.51403
217,24.5212,17.1537,-1.77923
211,24.5212,17.1537,-1.77923
217,21.5277,0.509391,-0.107984
211,21.5277,0.509391,-0.107984
217,43.7073,12.9057,-1.84717
210,43.7073,12.9057,-1.84717
217,44.3858,-1.6277,-3.21823
210,44.3858,-1.6277,-3.21823
217,9.72483,8.71401,-1.59275
210,9.72483,8.71401,-1.59275
217,27.7803,14.6436,2.60677
209,27.7803,14.6436,2.60677
217,37.8588,8.78728,1.79979
209,37.8588,8.78728,1.79979
217,25.3813,14.8092,2.419
209,25.3813,14.8092,2.419
217,43.4867,10.8624,-0.824535
208,43.4867,10.8624,-0.824535
217,15.3758,12.4545,-0.966026
208,15.3758,12.4545,-0.966026
217,24.8711,13.6988,2.50943
208,24.8711,13.6988,2.50943
217,26.5102,14.2538,2.71046
208,26.5102,14.2538,2.71046
217,41.0111,9.55735,2.46239
208,41.0111,9.55735,2.46239
217,15.0264,15.1638,0.000587273
208,15.0264,15.1638,0.000587273
217,46.5458,7.13666,2.76253
208,46.5458,7.13666,2.76253
217,43.2221,10.3451,2.63551
208,43.2221,10.3451,2.63551
217,40.8038,10.0811,2.39249
208,40.8038,10.0811,2.39249
217,9.6454,7.96244,-1.62204
207,9.6454,7.96244,-1.62204
217,14.6706,12.0648,-0.884196
207,14.6706,12.0648,-0.884196
217,9.61509,7.95633,-1.61341
207,9.61509,7.95633,-1.61341
217,49.7163,11.5946,-0.956723
207,49.7163,11.5946,-0.956723
218,7.91603,5.69571,-1.61323
218,7.92374,5.69713,-1.60798
218,7.92266,5.71101,-1.61791
218,7.95509,5.68893,-1.57604
218,7.95637,5.68726,-1.57411
218,7.95679,5.70155,-1.61037
218,7.99218,5.71326,-1.62435
218,8.00163,5.7302,-1.61702
218,8.00299,5.73362,-1.64064
218,8.01166,5.73149,-1.62103
218,7.5781,7.34333,-1.63158
218,7.56074,7.37668,-1.6608
218,7.59872,7.36642,-1.59621
218,7.5839,7.39688,-1.61994
218,7.59752,7.38871,-1.60383
218,7.58504,7.40469,-1.63238
218,7.59618,7.45327,-1.57741
218,8.07206,5.67688,-1.60482
218,8.08363,5.67759,-1.60845
218,8.38172,4.59795,-1.60514
218,8.08971,5.68765,-1.61307
218,7.58944,7.55288,-1.60794
218,8.39282,4.59364,-1.60993
218,8.28104,5.00849,-1.62504
218,8.28959,4.99823,-1.63598
218,8.12172,5.66895,-1.60367
218,8.296,4.9984,-1.64043
218,8.06677,5.8643,-1.63139
218,8.31919,4.95775,-1.66438
218,8.14763,5.66624,-1.61967
218,8.10473,5.87283,-1.60692
218,8.15984,5.67822,-1.61976
218,8.12258,5.86837,-1.60073
218,8.17872,5.66537,-1.60434
218,8.32911,5.05904,-1.6618
218,8.14956,5.72459,-1.68739
218,8.15976,5.72259,-1.68587
218,8.3252,5.29076,-1.63454
218,8.24743,5.65257,-1.61294
218,8.28109,5.64193,-1.61186
218,8.24912,5.70548,-1.65331
218,8.28193,5.64518,-1.61344
218,8.26122,5.71726,-1.65085
218,8.26184,5.71822,-1.65306
218,8.3034,5.64263,-1.60148
218,8.3224,5.64802,-1.61056
218,8.33744,5.58863,-1.63393
218,8.29283,5.83002,-1.60366
218,8.33107,5.66523,-1.62235
218,8.31746,5.69719,-1.63467
218,8.28264,5.85053,-1.62362
218,8.36731,5.64094,-1.60807
218,7.98954,7.15174,-1.59457
218,8.41567,5.57722,-1.64909
218,8.41553,5.74052,-1.57282
218,8.01194,7.16884,-1.62304
218,8.45415,5.70398,-1.57119
218,8.4723,5.67446,-1.64544
218,8.07117,7.17487,-1.63049
218,8.48717,5.70638,-1.59875
218,8.46766,5.69044,-1.66111
218,8.51066,5.60047,-1.62051
218,8.51349,5.58412,-1.63639
218,8.51989,5.58812,-1.63616
218,8.89435,6.14879,-0.341112
218,8.52064,5.60103,-1.64117
218,8.52549,5.58834,-1.64025
218,8.50846,5.71943,-1.60112
218,8.52507,5.71686,-1.61179
218,8.55666,5.57177,-1.63647
218,8.5347,5.6752,-1.63153
218,8.53457,5.66747,-1.64463
218,8.58489,5.5641,-1.66042
218,8.22866,7.58366,-1.64327
218,8.24321,7.58803,-1.64041
218,8.21512,7.99022,-1.59668
218,8.20589,8.03716,-1.61769
218,9.289,4.26304,-1.67442
218,8.41008,7.56345,-1.63746
218,9.3052,4.41939,-1.67841
218,9.3064,4.45497,-1.65826
218,9.31133,4.45189,-1.67536
218,8.58084,7.35458,-1.60441
218,9.25284,4.94557,-1.60885
218,8.5932,7.37311,-1.62293
218,8.64005,7.16854,-1.65734
218,8.93624,6.19383,-1.60384
218,9.29985,4.84866,-1.6418
218,8.61569,7.38311,-1.63479
218,8.61987,7.37383,-1.63524
218,8.6256,7.38476,-1.63879
218,8.96117,6.19806,-1.6225
218,9.29396,4.96954,-1.62865
218,8.67852,7.19777,-1.68104
218,8.80592,6.98767,-1.60551
218,9.02635,6.09016,-1.66858
218,9.29741,5.18142,-1.614
218,9.30339,5.17854,-1.62033
218,9.29968,5.36428,-1.60137
218,9.33695,5.20249,-1.63615
218,9.29944,5.71574,-1.57755
218,9.32478,5.71428,-1.59258
218,9.3332,5.71542,-1.58843
218,9.33534,5.72915,-1.58332
218,9.35915,5.71056,-1.54071
218,9.33648,5.72387,-1.59616
218,9.38888,5.71622,-1.56447
218,8.71323,8.93363,-1.61033
218,9.69367,5.45043,-1.6326
218,9.0119,8.16673,-1.69127
218,9.27145,7.44166,-1.62942
218,9.41897,6.97367,-1.59589
218,9.2869,7.44463,-1.62512
218,8.89429,8.92535,-1.60738
218,8.91774,8.86117,-1.61072
218,9.45518,6.95073,-1.57946
218,8.93625,8.86266,-1.615
218,9.3364,7.42826,-1.64724
218,9.33103,7.46431,-1.65109
218,8.98557,8.85666,-1.61115
218,9.48663,7.01401,-1.61548
218,9.24346,7.94939,-1.6189
218,9.48546,7.13146,-1.58646
218,9.51137,6.99625,-1.61542
218,9.25051,7.94654,-1.62544
218,9.51729,7.05635,-1.62777
218,9.4794,7.27221,-1.58317
218,9.5141,7.12359,-1.60256
218,9.51842,7.13114,-1.60574
218,9.51941,7.14796,-1.61094
218,9.52616,7.13979,-1.61402
218,9.51115,7.2616,-1.60945
218,9.53958,7.16481,-1.61424
218,9.54203,7.2439,-1.61871
218,9.32168,8.0103,-1.66843
218,9.55453,7.2494,-1.61508
218,9.65419,7.08552,-1.57237
218,9.52435,7.61154,-1.5867
218,10.4752,4.9258,-1.69846
218,9.54232,8.63942,-1.51991
218,9.75669,8.69699,-1.57769
218,9.77877,8.71151,-1.56025
218,9.84478,8.67655,-1.58127
218,10.56,6.99812,-1.62291
218,10.6032,6.987,-1.66019
218,11.1436,5.55495,-1.51993
218,11.131,5.96718,-1.52863
218,11.3255,5.50429,-1.6054
218,11.3387,5.49364,-1.60541
218,11.3642,5.48363,-1.58282
218,11.3846,5.5334,-1.61213
218,11.4042,5.49936,-1.61398
218,11.2726,6.19385,-1.50347
218,11.4125,5.49913,-1.669
218,11.1588,6.66458,-1.53236
218,11.4389,5.47923,-1.64994
218,11.4556,5.48218,-1.63072
218,11.2005,6.76807,-1.47998
218,11.3931,6.20663,-1.5567
218,11.4707,6.21812,-1.54347
218,11.2748,7.05517,-1.49204
218,11.3222,6.82274,-1.53768
218,11.3178,7.05022,-1.52674
218,11.3559,6.88277,-1.55609
218,11.377,6.96554,-1.54678
218,11.3914,6.95621,-1.54977
218,11.4108,6.88008,-1.56929
218,11.4178,6.87881,-1.58819
218,11.5,6.9949,-1.59411
218,11.3036,8.14162,-1.48289
218,11.3137,8.19518,-1.49178
218,11.5014,7.56373,-1.51969
218,11.4357,8.26392,-1.52005
218,11.5159,8.31299,-1.53264
218,11.5387,8.31946,-1.55282
218,11.5546,8.34127,-1.5315
218,13.851,4.99227,-1.84104
218,42.618,10.7383,-0.839434
217,42.618,10.7383,-0.839434
218,25.0842,7.97869,-1.3548
217,25.0842,7.97869,-1.3548
218,38.0178,6.84081,-2.01863
217,38.0178,6.84081,-2.01863
218,14.2031,4.77273,-1.73275
217,14.2031,4.77273,-1.73275
218,15.393,10.9651,-1.7316
217,15.393,10.9651,-1.7316
218,14.8707,10.8181,-1.63072
217,14.8707,10.8181,-1.63072
218,46.0963,9.07894,-2.52791
217,46.0963,9.07894,-2.52791
218,22.2994,14.8806,-1.33335
217,22.2994,14.8806,-1.33335
218,13.9604,7.54338,-1.59899
217,13.9604,7.54338,-1.59899
218,8.29165,5.46309,-1.59208
217,8.29165,5.46309,-1.59208
218,24.2724,16.7779,-1.62916
217,24.2724,16.7779,-1.62916
218,22.181,17.2853,-1.74644
217,22.181,17.2853,-1.74644
218,14.2983,7.62417,-1.66818
217,14.2983,7.62417,-1.66818
218,14.5014,7.67474,-1.66708
217,14.5014,7.67474,-1.66708
218,8.56342,7.33388,-1.59117
217,8.56342,7.33388,-1.59117
218,22.9862,16.5517,-1.62326
217,22.9862,16.5517,-1.62326
218,26.7533,19.8288,-1.65579
217,26.7533,19.8288,-1.65579
218,39.9521,8.48194,0.956669
217,39.9521,8.48194,0.956669
218,49.2724,10.4974,-1.63196
217,49.2724,10.4974,-1.63196
218,49.5402,10.1688,-1.01685
217,49.5402,10.1688,-1.01685
218,28.2374,2.58489,-1.55703
217,28.2374,2.58489,-1.55703
218,49.3242,10.0646,-2.73525
217,49.3242,10.0646,-2.73525
218,20.393,14.1325,-1.19952
217,20.393,14.1325,-1.19952
218,8.2618,5.41533,-1.57556
217,8.2618,5.41533,-1.57556
218,14.6792,10.7127,-1.64445
217,14.6792,10.7127,-1.64445
218,14.5321,7.82521,-1.66451
217,14.5321,7.82521,-1.66451
218,29.1419,2.00873,-1.28875
217,29.1419,2.00873,-1.28875
218,17.2179,2.1089,-1.86768
217,17.2179,2.1089,-1.86768
218,17.3132,2.08604,-1.85385
217,17.3132,2.08604,-1.85385
218,45.5047,10.6464,2.83343
217,45.5047,10.6464,2.83343
218,21.7159,15.4488,-1.50517
217,21.7159,15.4488,-1.50517
218,37.465,10.1252,-1.0469
217,37.465,10.1252,-1.0469
218,34.7503,9.54657,-1.17715
217,34.7503,9.54657,-1.17715
218,17.713,4.2542,-2.09355
217,17.713,4.2542,-2.09355
218,55.5376,-7.51895,0.0467653
217,55.5376,-7.51895,0.0467653
218,16.3929,2.51369,-1.67421
217,16.3929,2.51369,-1.67421
218,46.2654,9.86571,-0.967992
217,46.2654,9.86571,-0.967992
218,25.4987,8.06519,-1.34917
217,25.4987,8.06519,-1.34917
218,41.22,-2.57545,-0.864795
217,41.22,-2.57545,-0.864795
218,14.2032,10.3128,-0.607781
217,14.2032,10.3128,-0.607781
218,38.243,10.1852,1.90813
217,38.243,10.1852,1.90813
218,42.0846,9.68353,-1.85832
217,42.0846,9.68353,-1.85832
218,11.3691,5.15108,-1.20917
217,11.3691,5.15108,-1.20917
218,13.7413,4.92811,-1.76313
217,13.7413,4.92811,-1.76313
218,42.0305,-5.07161,-0.906263
217,42.0305,-5.07161,-0.906263
218,9.4246,8.38854,-1.48048
217,9.4246,8.38854,-1.48048
218,48.319,-0.104019,-3.10777
217,48.319,-0.104019,-3.10777
218,22.0397,17.8177,-1.34214
217,22.0397,17.8177,-1.34214
218,24.4368,3.95326,-1.19889
217,24.4368,3.95326,-1.19889
218,17.7956,4.08548,-2.12133
217,17.7956,4.08548,-2.12133
218,17.1986,4.31978,-1.98128
217,17.1986,4.31978,-1.98128
218,13.4397,9.88992,-0.545018
217,13.4397,9.88992,-0.545018
218,12.9944,9.57989,-1.28498
217,12.9944,9.57989,-1.28498
218,14.2126,7.78443,-1.59783
217,14.2126,7.78443,-1.59783
218,30.8514,-2.74344,-0.175666
217,30.8514,-2.74344,-0.175666
218,30.1157,8.66478,-1.17593
217,30.1157,8.66478,-1.17593
218,14.7878,15.503,-0.152837
217,14.7878,15.503,-0.152837
218,18.3478,4.01817,-2.18512
217,18.3478,4.01817,-2.18512
218,40.8518,-4.80835,0.0655538
217,40.8518,-4.80835,0.0655538
218,16.2966,15.35,-1.32349
217,16.2966,15.35,-1.32349
218,21.8003,1.46533,0.0528183
217,21.8003,1.46533,0.0528183
218,27.5395,2.73425,-1.4609
217,27.5395,2.73425,-1.4609
218,20.669,21.3999,-1.71576
217,20.669,21.3999,-1.71576
218,14.9069,15.5021,-1.7186
217,14.9069,15.5021,-1.7186
218,15.9833,16.6747,-1.90634
217,15.9833,16.6747,-1.90634
218,32.9883,9.33125,-0.540096
217,32.9883,9.33125,-0.540096
218,17.4852,7.27145,-0.160416
217,17.4852,7.27145,-0.160416
218,14.1216,4.93616,-1.88892
217,14.1216,4.93616,-1.88892
218,17.6182,1.98983,-1.94299
217,17.6182,1.98983,-1.94299
218,25.5303,-0.130885,-0.440375
217,25.5303,-0.130885,-0.440375
218,37.9999,-3.86761,0.136194
217,37.9999,-3.86761,0.136194
218,35.5621,9.90953,1.73652
217,35.5621,9.90953,1.73652
218,39.2096,9.06044,1.36827
217,39.2096,9.06044,1.36827
218,36.9145,4.06412,-1.94792
217,36.9145,4.06412,-1.94792
218,14.1873,10.2238,-1.52318
217,14.1873,10.2238,-1.52318
218,15.7267,13.5102,-1.03487
217,15.7267,13.5102,-1.03487
218,14.0658,11.8909,-1.45312
217,14.0658,11.8909,-1.45312
218,22.8447,3.87524,-0.869021
217,22.8447,3.87524,-0.869021
218,20.1646,14.2703,-1.22512
217,20.1646,14.2703,-1.22512
218,13.6871,14.2373,-1.16944
217,13.6871,14.2373,-1.16944
218,42.9883,10.8878,1.63249
217,42.9883,10.8878,1.63249
218,14.17,10.1512,-1.51068
217,14.17,10.1512,-1.51068
218,16.5088,16.9398,-0.0949894
217,16.5088,16.9398,-0.0949894
218,35.5715,-1.50116,-1.69717
217,35.5715,-1.50116,-1.69717
218,17.4436,3.91123,-2.21401
216,17.4436,3.91123,-2.21401
218,37.3682,11.6274,-1.12828
216,37.3682,11.6274,-1.12828
218,24.7762,16.9991,-1.72285
216,24.7762,16.9991,-1.72285
218,15.7076,11.4911,-0.792153
216,15.7076,11.4911,-0.792153
218,39.72,9.87902,-1.8512
216,39.72,9.87902,-1.8512
218,50.4496,10.5624,-2.30488
216,50.4496,10.5624,-2.30488
218,25.9395,9.64891,1.83579
216,25.9395,9.64891,1.83579
218,41.3875,10.6127,1.33155
216,41.3875,10.6127,1.33155
218,75.0814,15.2914,2.69073
216,75.0814,15.2914,2.69073
218,57.318,-1.91987,-2.95245
216,57.318,-1.91987,-2.95245
218,31.1286,-1.86604,0.0156729
216,31.1286,-1.86604,0.0156729
218,54.5605,-8.29257,-1.27033
216,54.5605,-8.29257,-1.27033
218,35.702,-3.21739,0.0414503
216,35.702,-3.21739,0.0414503
218,14.4543,12.5159,-0.700445
216,14.4543,12.5159,-0.700445
218,33.3346,6.15861,-1.69306
216,33.3346,6.15861,-1.69306
218,21.8955,7.58347,0.70908
216,21.8955,7.58347,0.70908
218,13.5582,4.95725,-1.73642
216,13.5582,4.95725,-1.73642
218,19.3302,4.04429,-2.38937
216,19.3302,4.04429,-2.38937
218,38.4662,6.2619,-1.96154
216,38.4662,6.2619,-1.96154
218,24.8314,19.918,-1.57712
216,24.8314,19.918,-1.57712
218,15.2002,6.17083,-1.96833
216,15.2002,6.17083,-1.96833
218,7.651,8.00927,-1.72465
216,7.651,8.00927,-1.72465
218,16.3711,16.8677,-1.68025
216,16.3711,16.8677,-1.68025
218,32.7889,0.621869,-1.05656
216,32.7889,0.621869,-1.05656
218,34.4359,-2.76078,-0.643368
216,34.4359,-2.76078,-0.643368
218,15.7195,6.91472,0.516054
216,15.7195,6.91472,0.516054
218,15.927,16.6572,-1.9164
216,15.927,16.6572,-1.9164
218,16.2645,2.43332,-1.73575
216,16.2645,2.43332,-1.73575
218,48.5551,-2.52886,-1.71605
216,48.5551,-2.52886,-1.71605
218,54.7206,-8.66928,-1.18278
216,54.7206,-8.66928,-1.18278
218,51.8399,-7.79925,0.0355681
216,51.8399,-7.79925,0.0355681
218,44.5778,1.42923,-2.78402
215,44.5778,1.42923,-2.78402
218,85.3012,14.5074,-4.58885
215,85.3012,14.5074,-4.58885
218,15.0108,4.70174,-1.82687
215,15.0108,4.70174,-1.82687
218,15.0707,10.9406,-1.73325
215,15.0707,10.9406,-1.73325
218,32.9274,0.564205,-1.52714
215,32.9274,0.564205,-1.52714
218,23.719,17.1347,-1.65628
215,23.719,17.1347,-1.65628
218,86.918,-21.4681,0.0306553
215,86.918,-21.4681,0.0306553
218,31.7932,4.95619,-1.16563
215,31.7932,4.95619,-1.16563
218,36.2019,0.887026,-1.73668
215,36.2019,0.887026,-1.73668
218,31.4767,24.0765,-2.74371
215,31.4767,24.0765,-2.74371
218,15.2243,12.8023,-1.6789
215,15.2243,12.8023,-1.6789
218,57.7944,-11.4135,-0.437188
215,57.7944,-11.4135,-0.437188
218,42.9904,1.67711,-1.03994
215,42.9904,1.67711,-1.03994
218,19.6972,3.82488,-0.645651
215,19.6972,3.82488,-0.645651
218,19.556,20.178,-0.261813
215,19.556,20.178,-0.261813
218,18.0429,18.6044,-0.0275786
215,18.0429,18.6044,-0.0275786
218,25.1531,17.3088,-1.62668
215,25.1531,17.3088,-1.62668
218,15.8396,11.9088,-0.805067
215,15.8396,11.9088,-0.805067
218,24.1608,16.6046,-1.59557
214,24.1608,16.6046,-1.59557
218,37.3361,9.43207,2.21346
214,37.3361,9.43207,2.21346
218,39.8143,2.43604,0.0720702
214,39.8143,2.43604,0.0720702
218,16.65,7.10305,0.863618
214,16.65,7.10305,0.863618
218,32.0246,6.37252,-0.0856631
214,32.0246,6.37252,-0.0856631
218,14.8883,14.7432,-0.182977
214,14.8883,14.7432,-0.182977
218,18.1116,18.3066,-0.0774011
214,18.1116,18.3066,-0.0774011
218,40.112,10.1162,2.40523
214,40.112,10.1162,2.40523
218,15.0668,7.76406,-1.77631
214,15.0668,7.76406,-1.77631
218,23.4688,16.8458,-1.58398
214,23.4688,16.8458,-1.58398
218,46.0292,-1.93963,-3.34233
214,46.0292,-1.93963,-3.34233
218,67.4903,-2.5684,-3.59053
213,67.4903,-2.5684,-3.59053
218,49.4086,10.0059,2.81348
213,49.4086,10.0059,2.81348
218,8.27097,7.19788,-1.66779
213,8.27097,7.19788,-1.66779
218,13.7904,13.5125,-0.13849
213,13.7904,13.5125,-0.13849
218,26.4624,12.938,1.53397
211,26.4624,12.938,1.53397
218,8.2027,5.74118,-1.5382
211,8.2027,5.74118,-1.5382
218,40.6429,10.0148,2.28886
208,40.6429,10.0148,2.28886
218,24.4775,20.7155,0.0827576
208,24.4775,20.7155,0.0827576
218,14.6262,14.1276,-0.0305372
208,14.6262,14.1276,-0.0305372
219,8.28286,5.70259,-1.65105
219,8.33012,5.59401,-1.63458
219,7.78994,7.64306,-1.66356
219,7.80651,7.63992,-1.63513
219,8.34047,5.69349,-1.64054
219,7.83686,7.59958,-1.62166
219,7.81969,7.68129,-1.63597
219,7.85083,7.63343,-1.6489
219,7.93876,7.44777,-1.61943
219,8.48342,5.61005,-1.60849
219,8.46404,5.71956,-1.5905
219,8.4909,5.59832,-1.62978
219,8.5029,5.71848,-1.60143
219,8.53691,5.57772,-1.63465
219,8.50782,5.71618,-1.61644
219,8.26712,7.75139,-1.72429
219,8.26141,8.05183,-1.6502
219,8.39548,7.57078,-1.6508
219,8.57,7.35176,-1.59936
219,8.57764,7.35451,-1.6081
219,8.64026,7.1562,-1.65956
219,8.65736,7.18615,-1.67774
219,8.62228,7.38093,-1.64117
219,8.76941,6.96944,-1.58204
219,8.68206,7.20892,-1.70104
219,8.79263,7.24808,-1.71811
219,9.29983,5.72095,-1.57687
219,8.72199,7.74442,-1.66452
219,9.30934,5.72266,-1.56841
219,9.3161,5.7168,-1.59519
219,9.35308,5.71037,-1.53984
219,9.36976,5.71174,-1.5497
219,9.28413,5.80938,-1.74028
219,9.41656,5.70538,-1.54452
219,9.37925,5.73041,-1.62206
219,9.38612,5.72689,-1.6254
219,9.40351,5.71776,-1.59093
219,9.42116,5.71166,-1.59134
219,9.41427,5.72289,-1.63049
219,9.44341,5.71435,-1.59183
219,9.25219,7.45571,-1.60875
219,9.33737,7.27413,-1.59197
219,9.3346,7.44032,-1.64753
219,9.34471,7.45138,-1.65508
219,9.49566,6.9757,-1.61443
219,9.34068,7.48993,-1.6737
219,9.51324,6.95785,-1.61242
219,9.50925,6.97759,-1.61406
219,9.42477,7.34969,-1.62914
219,9.50675,7.16041,-1.63497
219,9.54945,7.02406,-1.65532
219,9.52833,7.17214,-1.62721
219,9.53325,7.20832,-1.59971
219,9.52003,7.24735,-1.60943
219,9.53627,7.21482,-1.59776
219,9.56807,7.16276,-1.58996
219,9.5555,7.14001,-1.64158
219,9.54191,7.24974,-1.62071
219,9.52135,7.18114,-1.71799
219,9.32139,8.01247,-1.66795
219,9.56432,7.16681,-1.64122
219,9.5475,7.29759,-1.63277
219,9.59064,7.83958,-1.60543
219,9.64642,7.99673,-1.65885
219,10.3499,5.48126,-1.62007
219,10.4184,5.46139,-1.64819
219,9.64943,8.54473,-1.59584
219,9.66471,8.5242,-1.59879
219,9.65135,8.6051,-1.60169
219,9.7026,8.67341,-1.52562
219,9.84331,8.67556,-1.58269
219,10.16,7.85765,-1.65321
219,10.1726,7.86679,-1.65521
219,10.5084,6.99632,-1.61301
219,10.6299,7.03305,-1.66973
219,10.9269,6.69645,-1.57295
219,11.1398,5.98251,-1.52313
219,11.1375,6.21719,-1.5103
219,11.334,5.50553,-1.64436
219,11.3467,5.48382,-1.64588
219,11.3616,5.48823,-1.616
219,11.096,6.6595,-1.5838
219,11.4164,5.54158,-1.6535
219,11.4302,5.5089,-1.65376
219,11.1765,6.67104,-1.61066
219,11.2814,6.82806,-1.53685
219,11.4969,6.22959,-1.55607
219,11.3324,6.87417,-1.54437
219,11.5025,6.20186,-1.58161
219,11.3679,6.86818,-1.54878
219,11.3609,7.04277,-1.54668
219,11.4101,6.98168,-1.56783
219,11.4285,6.91657,-1.59245
219,11.4999,7.00765,-1.59006
219,11.3602,7.68035,-1.514
219,11.3461,7.73057,-1.51684
219,11.2949,8.17691,-1.47973
219,11.2943,8.21718,-1.48443
219,11.3869,8.24276,-1.49352
219,11.4878,8.24942,-1.53451
219,11.5738,8.33986,-1.56572
219,11.5877,8.38145,-1.57453
219,11.6069,8.37089,-1.5758
219,37.222,6.70543,-1.90852
218,37.222,6.70543,-1.90852
219,38.0651,6.84987,-2.03479
218,38.0651,6.84987,-2.03479
219,37.3014,2.13329,-2.28195
218,37.3014,2.13329,-2.28195
219,30.9931,2.33847,-1.93706
218,30.9931,2.33847,-1.93706
219,45.575,6.41203,-2.59263
218,45.575,6.41203,-2.59263
219,13.5957,4.86029,-1.51182
218,13.5957,4.86029,-1.51182
219,47.7752,13.6148,-1.56902
218,47.7752,13.6148,-1.56902
219,38.9614,2.61204,-2.39599
218,38.9614,2.61204,-2.39599
219,25.5002,17.3332,-1.70957
218,25.5002,17.3332,-1.70957
219,20.8165,14.6821,-1.29355
218,20.8165,14.6821,-1.29355
219,24.285,18.2952,-1.09737
218,24.285,18.2952,-1.09737
219,30.3441,4.43197,-1.56678
218,30.3441,4.43197,-1.56678
219,50.0904,10.2259,-1.07666
218,50.0904,10.2259,-1.07666
219,42.9532,10.8437,-0.851582
218,42.9532,10.8437,-0.851582
219,17.8233,4.04944,-2.11825
218,17.8233,4.04944,-2.11825
219,39.9228,1.82449,-2.45163
218,39.9228,1.82449,-2.45163
219,28.1078,1.46542,-1.21802
218,28.1078,1.46542,-1.21802
219,14.8712,10.6786,-1.62618
218,14.8712,10.6786,-1.62618
219,14.5221,7.83299,-1.63832
218,14.5221,7.83299,-1.63832
219,14.8086,7.74212,-1.75126
218,14.8086,7.74212,-1.75126
219,13.1499,7.36534,-1.37566
218,13.1499,7.36534,-1.37566
219,34.9081,6.74591,-1.76345
218,34.9081,6.74591,-1.76345
219,34.1768,6.79895,-1.7185
218,34.1768,6.79895,-1.7185
219,31.635,-0.543862,-1.45857
218,31.635,-0.543862,-1.45857
219,37.5766,10.1491,-1.06966
218,37.5766,10.1491,-1.06966
219,23.4961,16.3092,-1.56926
218,23.4961,16.3092,-1.56926
219,41.8992,10.7076,1.49286
218,41.8992,10.7076,1.49286
219,42.4163,-2.81768,-0.0236439
218,42.4163,-2.81768,-0.0236439
219,30.946,0.177056,-1.36453
218,30.946,0.177056,-1.36453
219,32.8944,-0.169368,-1.07518
218,32.8944,-0.169368,-1.07518
219,24.7409,7.97564,-1.32826
218,24.7409,7.97564,-1.32826
219,16.6437,11.7031,-0.809916
218,16.6437,11.7031,-0.809916
219,38.5618,2.62578,-2.28395
218,38.5618,2.62578,-2.28395
219,14.7606,2.92185,-1.40143
218,14.7606,2.92185,-1.40143
219,16.4447,2.49942,-1.67603
218,16.4447,2.49942,-1.67603
219,41.3769,13.0255,3.08132
218,41.3769,13.0255,3.08132
219,46.9666,-6.51402,-0.976242
218,46.9666,-6.51402,-0.976242
219,46.9296,-6.39013,-0.981313
218,46.9296,-6.39013,-0.981313
219,40.8489,-4.77646,-0.0603367
218,40.8489,-4.77646,-0.0603367
219,42.7813,-6.25706,-0.0297268
218,42.7813,-6.25706,-0.0297268
219,210.895,-63.1811,-0.827242
218,210.895,-63.1811,-0.827242
219,40.45,12.5192,3.11623
218,40.45,12.5192,3.11623
219,36.8252,9.98374,-0.693284
218,36.8252,9.98374,-0.693284
219,33.7285,6.72663,-1.7465
218,33.7285,6.72663,-1.7465
219,15.5417,4.40023,-1.68402
218,15.5417,4.40023,-1.68402
219,39.0214,-0.630972,0.0637549
218,39.0214,-0.630972,0.0637549
219,14.0333,3.15529,-1.27428
218,14.0333,3.15529,-1.27428
219,40.8342,-4.74598,0.0406184
218,40.8342,-4.74598,0.0406184
219,147.589,-41.7364,-0.239207
218,147.589,-41.7364,-0.239207
219,37.9889,10.1704,1.85037
218,37.9889,10.1704,1.85037
219,43.4532,-6.95318,-0.667492
218,43.4532,-6.95318,-0.667492
219,21.3214,14.9906,-1.34221
218,21.3214,14.9906,-1.34221
219,40.4816,3.86232,-2.25783
218,40.4816,3.86232,-2.25783
219,30.7603,2.31291,-1.75479
218,30.7603,2.31291,-1.75479
219,34.8869,-0.717354,-1.6415
218,34.8869,-0.717354,-1.6415
219,45.4817,-8.91862,-1.45805
218,45.4817,-8.91862,-1.45805
219,37.2901,10.0586,-0.603058
218,37.2901,10.0586,-0.603058
219,8.12919,7.4864,-1.55053
218,8.12919,7.4864,-1.55053
219,38.201,-2.91768,-0.865599
218,38.201,-2.91768,-0.865599
219,14.2872,12.0824,-1.48738
218,14.2872,12.0824,-1.48738
219,37.977,4.02238,-2.05951
218,37.977,4.02238,-2.05951
219,27.5894,-1.25395,-0.506629
218,27.5894,-1.25395,-0.506629
219,43.7486,-7.11464,-0.294389
218,43.7486,-7.11464,-0.294389
219,9.10932,9.08091,-1.73337
218,9.10932,9.08091,-1.73337
219,14.0412,14.626,-1.28633
218,14.0412,14.626,-1.28633
219,38.1268,-1.68784,0.0460129
218,38.1268,-1.68784,0.0460129
219,13.7663,13.9665,-0.830524
218,13.7663,13.9665,-0.830524
219,44.6188,-5.93465,0.00886887
218,44.6188,-5.93465,0.00886887
219,30.6707,2.3192,-1.69937
218,30.6707,2.3192,-1.69937
219,8.85278,8.71845,-1.53127
218,8.85278,8.71845,-1.53127
219,32.218,9.28913,-0.534766
218,32.218,9.28913,-0.534766
219,32.318,3.28138,-1.81938
218,32.318,3.28138,-1.81938
219,34.3912,9.80137,1.63545
218,34.3912,9.80137,1.63545
219,44.3152,-5.54014,-0.901217
218,44.3152,-5.54014,-0.901217
219,44.153,-4.46171,-1.11833
218,44.153,-4.46171,-1.11833
219,15.096,10.7101,-1.69498
218,15.096,10.7101,-1.69498
219,18.7543,3.29831,-0.392974
218,18.7543,3.29831,-0.392974
219,16.0502,13.4475,-1.84609
218,16.0502,13.4475,-1.84609
219,16.084,2.50065,-1.68112
218,16.084,2.50065,-1.68112
219,17.399,13.8961,-1.13459
218,17.399,13.8961,-1.13459
219,33.6882,0.372156,-0.626437
218,33.6882,0.372156,-0.626437
219,40.3783,-4.51843,-0.797663
218,40.3783,-4.51843,-0.797663
219,22.6457,4.60855,0.124064
218,22.6457,4.60855,0.124064
219,14.4291,7.8992,-1.62172
218,14.4291,7.8992,-1.62172
219,15.3793,13.256,-0.98567
218,15.3793,13.256,-0.98567
219,18.2923,15.6242,-1.33177
218,18.2923,15.6242,-1.33177
219,41.473,3.83849,-2.27245
218,41.473,3.83849,-2.27245
219,36.7868,-1.7866,-1.77212
218,36.7868,-1.7866,-1.77212
219,28.829,2.27782,0.0731457
218,28.829,2.27782,0.0731457
219,58.4027,-9.78744,-1.34333
218,58.4027,-9.78744,-1.34333
219,40.3566,-4.3968,0.0413466
218,40.3566,-4.3968,0.0413466
219,36.5193,2.36887,-2.34482
217,36.5193,2.36887,-2.34482
219,35.0985,9.73036,-0.646921
217,35.0985,9.73036,-0.646921
219,25.5126,7.68103,-1.16115
217,25.5126,7.68103,-1.16115
219,54.6697,1.943,-2.38945
217,54.6697,1.943,-2.38945
219,14.3589,7.63561,-1.60027
217,14.3589,7.63561,-1.60027
219,31.7113,11.1372,-0.680629
217,31.7113,11.1372,-0.680629
219,22.3769,15.2955,-1.38947
217,22.3769,15.2955,-1.38947
219,22.6085,13.301,-1.02612
217,22.6085,13.301,-1.02612
219,31.5896,2.69928,-1.81233
217,31.5896,2.69928,-1.81233
219,21.8683,15.9399,-1.49107
217,21.8683,15.9399,-1.49107
219,28.5308,4.47657,-1.39178
217,28.5308,4.47657,-1.39178
219,14.6471,7.86004,-1.73585
217,14.6471,7.86004,-1.73585
219,35.8722,6.17061,-1.90152
217,35.8722,6.17061,-1.90152
219,45.5455,3.04355,-0.00152733
217,45.5455,3.04355,-0.00152733
219,22.0674,7.96907,-0.507553
217,22.0674,7.96907,-0.507553
219,22.8582,7.68388,1.14145
217,22.8582,7.68388,1.14145
219,48.3897,10.4227,2.97642
217,48.3897,10.4227,2.97642
219,23.0607,7.82646,1.00739
217,23.0607,7.82646,1.00739
219,22.0672,17.2311,-1.69409
217,22.0672,17.2311,-1.69409
219,50.4577,7.23517,3.0768
217,50.4577,7.23517,3.0768
219,18.2787,3.81836,-2.34233
217,18.2787,3.81836,-2.34233
219,34.0225,-2.37301,0.0399804
217,34.0225,-2.37301,0.0399804
219,30.624,0.60514,-1.39578
217,30.624,0.60514,-1.39578
219,12.7833,7.26173,-1.2744
217,12.7833,7.26173,-1.2744
219,31.9082,-2.88584,-0.164128
217,31.9082,-2.88584,-0.164128
219,20.3611,16.6842,-1.56062
217,20.3611,16.6842,-1.56062
219,40.1614,-4.13458,0.0271963
217,40.1614,-4.13458,0.0271963
219,38.7161,10.0861,-0.697089
217,38.7161,10.0861,-0.697089
219,47.8776,7.19984,2.81845
217,47.8776,7.19984,2.81845
219,15.1464,4.77104,-1.91131
217,15.1464,4.77104,-1.91131
219,53.9253,-0.44583,-0.956859
217,53.9253,-0.44583,-0.956859
219,20.2768,14.2617,-1.22621
217,20.2768,14.2617,-1.22621
219,14.5851,12.5917,-0.0261951
217,14.5851,12.5917,-0.0261951
219,49.9203,0.749739,-3.19568
215,49.9203,0.749739,-3.19568
219,26.4678,3.48682,-1.59301
215,26.4678,3.48682,-1.59301
219,17.4203,3.91584,-2.23955
215,17.4203,3.91584,-2.23955
219,24.126,18.5741,-1.88182
215,24.126,18.5741,-1.88182
219,17.0225,10.5266,-1.67092
215,17.0225,10.5266,-1.67092
219,39.187,10.0809,1.82085
215,39.187,10.0809,1.82085
219,55.5163,5.14939,-2.34888
215,55.5163,5.14939,-2.34888
219,34.2982,9.55909,-0.523748
215,34.2982,9.55909,-0.523748
219,40.1517,9.1429,1.23162
215,40.1517,9.1429,1.23162
219,16.3446,2.4908,-1.67798
215,16.3446,2.4908,-1.67798
219,20.7452,21.4639,-0.284377
215,20.7452,21.4639,-0.284377
219,24.1799,16.7088,-1.6563
215,24.1799,16.7088,-1.6563
219,15.0415,14.223,-0.86321
215,15.0415,14.223,-0.86321
219,50.8943,4.21155,-0.576743
214,50.8943,4.21155,-0.576743
219,50.8943,4.21155,-0.576743
214,50.8943,4.21155,-0.576743
219,52.8111,11.2007,1.74323
214,52.8111,11.2007,1.74323
219,16.1178,16.7069,-1.64423
214,16.1178,16.7069,-1.64423
219,17.4549,12.9356,-0.998404
214,17.4549,12.9356,-0.998404
219,40.8737,0.548899,-1.84655
214,40.8737,0.548899,-1.84655
219,27.498,19.3907,-1.95826
214,27.498,19.3907,-1.95826
219,23.8871,18.2396,-0.967891
213,23.8871,18.2396,-0.967891
219,27.6672,8.53035,1.61887
213,27.6672,8.53035,1.61887
219,16.6792,16.9867,-0.046981
213,16.6792,16.9867,-0.046981
219,15.1516,15.598,-0.0031694
213,15.1516,15.598,-0.0031694
219,64.9317,12.3014,-2.74912
213,64.9317,12.3014,-2.74912
219,41.2418,9.98337,1.45216
212,41.2418,9.98337,1.45216
219,16.5699,17.351,0.0124624
212,16.5699,17.351,0.0124624
219,16.3659,17.2103,-1.60515
212,16.3659,17.2103,-1.60515
219,12.7118,12.7894,-1.01026
212,12.7118,12.7894,-1.01026
219,72.5658,3.65674,-2.1476
211,72.5658,3.65674,-2.1476
219,9.33047,9.11535,-0.489191
210,9.33047,9.11535,-0.489191
219,19.3917,2.28075,-0.216263
210,19.3917,2.28075,-0.216263
219,25.4213,17.975,-1.83184
209,25.4213,17.975,-1.83184
219,13.6637,13.8894,-1.15338
208,13.6637,13.8894,-1.15338
220,8.35837,7.57067,-1.61388
220,8.37757,7.53719,-1.61996
220,8.37107,7.58251,-1.62639
220,8.38532,7.55157,-1.65388
220,8.39501,7.54501,-1.63507
220,8.88965,5.78569,-1.6045
220,8.90873,5.79163,-1.62065
220,8.57076,7.34271,-1.5932
220,8.62572,7.09288,-1.64367
220,8.63682,7.1074,-1.66112
220,8.60472,7.32404,-1.59792
220,8.58636,7.36717,-1.6185
220,8.63845,7.1355,-1.65147
220,8.64415,7.11533,-1.66337
220,8.66194,7.14776,-1.68518
220,8.63067,7.35483,-1.62845
220,8.67591,7.1441,-1.68175
220,8.67145,7.15896,-1.6916
220,8.66243,7.19741,-1.69836
220,8.67526,7.20549,-1.69702
220,8.68082,7.20817,-1.68615
220,8.81507,6.99031,-1.6085
220,8.82124,6.99365,-1.60995
220,8.72601,7.64276,-1.57895
220,9.31193,5.71138,-1.56023
220,9.32669,5.7207,-1.58632
220,9.34629,5.71594,-1.54589
220,9.35779,5.71271,-1.55588
220,9.36662,5.7145,-1.54564
220,9.23657,6.94158,-1.60064
220,9.20573,7.06396,-1.69499
220,9.67073,5.45263,-1.62509
220,9.21888,7.21909,-1.71286
220,9.22199,7.22562,-1.72609
220,9.26003,7.24441,-1.74381
220,9.2994,7.2135,-1.74032
220,9.32224,7.21513,-1.73351
220,9.1939,7.90953,-1.59681
220,9.451,6.9772,-1.59046
220,9.45941,7.00117,-1.58692
220,9.47922,6.97872,-1.62795
220,9.46491,7.10235,-1.58394
220,9.36791,7.23186,-1.75613
220,9.5024,6.95045,-1.60529
220,9.22972,7.95284,-1.62024
220,9.29056,7.67281,-1.66303
220,9.2966,7.73807,-1.64145
220,9.25481,7.94983,-1.62218
220,9.4887,7.13507,-1.58785
220,9.3187,7.7433,-1.65028
220,9.49788,7.24479,-1.57741
220,9.51325,7.15682,-1.63448
220,9.29395,7.99595,-1.65511
220,9.52516,7.29511,-1.6013
220,9.54449,7.24038,-1.62281
220,9.56259,7.73317,-1.59335
220,9.59116,7.77926,-1.64624
220,9.61568,7.88417,-1.62127
220,9.66287,8.01258,-1.6457
220,9.6707,8.63399,-1.51576
220,9.65928,8.58492,-1.59927
220,9.66737,8.5657,-1.59958
220,9.70198,8.66295,-1.56249
220,9.76712,8.6088,-1.53516
220,9.7639,8.70399,-1.54565
220,9.79852,8.64332,-1.56727
220,10.1588,7.8763,-1.65052
220,11.3255,5.50812,-1.64161
220,11.3512,5.48668,-1.64853
220,11.3735,5.4802,-1.62179
220,11.3968,5.56526,-1.62921
220,11.4593,5.5142,-1.66328
220,11.2297,6.69102,-1.55456
220,11.443,6.21194,-1.53234
220,11.1437,7.26217,-1.62786
220,11.3008,6.81713,-1.53366
220,11.4615,6.2195,-1.53415
220,11.4742,6.18572,-1.56801
220,11.3217,6.87637,-1.53944
220,11.1767,7.28546,-1.64215
220,11.344,6.9684,-1.53053
220,11.3678,6.93304,-1.57982
220,11.3861,6.97363,-1.57479
220,11.4143,6.97501,-1.55769
220,11.3985,7.03361,-1.56084
220,11.4815,8.27533,-1.52717
220,11.5235,8.32138,-1.55936
220,11.5765,8.34152,-1.55445
220,63.7742,-2.94207,-3.41171
219,63.7742,-2.94207,-3.41171
220,23.7771,3.6972,-1.19635
219,23.7771,3.6972,-1.19635
220,37.0611,2.14701,-2.25747
219,37.0611,2.14701,-2.25747
220,50.5285,3.41137,-3.1122
219,50.5285,3.41137,-3.1122
220,24.6471,2.78821,-0.972235
219,24.6471,2.78821,-0.972235
220,52.6633,6.09785,-3.18542
219,52.6633,6.09785,-3.18542
220,17.0248,4.3499,-1.96856
219,17.0248,4.3499,-1.96856
220,42.7,13.4621,-0.503188
219,42.7,13.4621,-0.503188
220,19.8346,13.4889,-1.1162
219,19.8346,13.4889,-1.1162
220,15.3941,10.9741,-1.74192
219,15.3941,10.9741,-1.74192
220,14.7956,7.89716,-1.77476
219,14.7956,7.89716,-1.77476
220,23.7034,16.0856,-1.51571
219,23.7034,16.0856,-1.51571
220,18.8314,13.174,-1.03432
219,18.8314,13.174,-1.03432
220,9.58686,7.26783,-1.64458
219,9.58686,7.26783,-1.64458
220,42.7936,10.8375,-1.26609
219,42.7936,10.8375,-1.26609
220,49.4665,10.1204,-1.04426
219,49.4665,10.1204,-1.04426
220,22.0931,16.0233,-1.50159
219,22.0931,16.0233,-1.50159
220,14.7549,10.5981,-1.61326
219,14.7549,10.5981,-1.61326
220,49.8171,4.37634,-1.34986
219,49.8171,4.37634,-1.34986
220,22.7217,15.8557,-1.49249
219,22.7217,15.8557,-1.49249
220,18.5158,14.1949,0.092442
219,18.5158,14.1949,0.092442
220,26.4578,3.79882,-1.37629
219,26.4578,3.79882,-1.37629
220,43.904,10.9842,1.54468
219,43.904,10.9842,1.54468
220,14.8896,7.76038,-1.77519
219,14.8896,7.76038,-1.77519
220,45.4598,10.6731,2.15642
219,45.4598,10.6731,2.15642
220,40.7745,10.2772,1.9142
219,40.7745,10.2772,1.9142
220,46.5572,9.89436,-1.03858
219,46.5572,9.89436,-1.03858
220,37.3699,2.76143,-2.11082
219,37.3699,2.76143,-2.11082
220,33.6019,-1.02753,-1.59409
219,33.6019,-1.02753,-1.59409
220,23.6078,0.676836,0.0982461
219,23.6078,0.676836,0.0982461
220,48.0354,10.5918,2.95542
219,48.0354,10.5918,2.95542
220,18.2874,6.13934,-0.62327
219,18.2874,6.13934,-0.62327
220,66.4611,-11.7529,-0.676561
219,66.4611,-11.7529,-0.676561
220,9.60084,7.28225,-1.64986
219,9.60084,7.28225,-1.64986
220,9.53977,5.59477,-1.73397
219,9.53977,5.59477,-1.73397
220,44.035,9.58718,-2.45721
219,44.035,9.58718,-2.45721
220,42.4405,13.2281,3.1736
219,42.4405,13.2281,3.1736
220,10.18,5.55359,-1.5267
219,10.18,5.55359,-1.5267
220,25.9214,8.11538,-1.42176
219,25.9214,8.11538,-1.42176
220,8.2195,7.14013,-1.60525
219,8.2195,7.14013,-1.60525
220,27.0412,-0.509372,-0.40453
219,27.0412,-0.509372,-0.40453
220,45.9957,-6.2245,-0.952974
219,45.9957,-6.2245,-0.952974
220,16.1445,13.5651,-1.87769
219,16.1445,13.5651,-1.87769
220,26.1897,-0.0784418,0.0842991
219,26.1897,-0.0784418,0.0842991
220,15.1851,12.3786,0.416548
219,15.1851,12.3786,0.416548
220,18.0892,14.2761,-1.19543
219,18.0892,14.2761,-1.19543
220,15.3693,4.29332,-1.73374
219,15.3693,4.29332,-1.73374
220,25.2478,20.9572,-0.429944
219,25.2478,20.9572,-0.429944
220,37.6094,10.1159,1.81387
219,37.6094,10.1159,1.81387
220,48.9826,-0.2309,-3.23132
219,48.9826,-0.2309,-3.23132
220,25.5268,1.67884,-1.05808
219,25.5268,1.67884,-1.05808
220,34.0461,9.66824,-0.92582
219,34.0461,9.66824,-0.92582
220,47.8746,-6.5656,-1.02109
219,47.8746,-6.5656,-1.02109
220,42.297,2.5065,-0.925865
219,42.297,2.5065,-0.925865
220,9.2873,5.59966,-1.57985
219,9.2873,5.59966,-1.57985
220,14.9032,7.77489,-1.77961
219,14.9032,7.77489,-1.77961
220,13.5935,4.89623,-1.54153
219,13.5935,4.89623,-1.54153
220,51.6987,-10.6852,-1.34454
219,51.6987,-10.6852,-1.34454
220,58.3309,-13.0706,-1.4779
219,58.3309,-13.0706,-1.4779
220,18.7945,19.3774,-1.48277
219,18.7945,19.3774,-1.48277
220,48.1785,-8.37794,0.0557096
219,48.1785,-8.37794,0.0557096
220,35.0895,9.7812,1.6817
219,35.0895,9.7812,1.6817
220,14.5779,12.5274,0.293043
219,14.5779,12.5274,0.293043
220,16.9492,14.5491,-0.903152
219,16.9492,14.5491,-0.903152
220,25.1098,17.2731,-1.70395
219,25.1098,17.2731,-1.70395
220,33.8498,9.51807,-0.538835
219,33.8498,9.51807,-0.538835
220,16.4804,2.45369,-1.68855
219,16.4804,2.45369,-1.68855
220,48.8651,-1.17528,-2.40861
219,48.8651,-1.17528,-2.40861
220,47.2161,8.72112,2.85107
219,47.2161,8.72112,2.85107
220,23.1281,19.197,-0.0333559
219,23.1281,19.197,-0.0333559
220,49.1148,-0.234044,-3.15863
219,49.1148,-0.234044,-3.15863
220,18.5808,19.3775,-2.05199
219,18.5808,19.3775,-2.05199
220,21.6353,4.20127,-0.270096
219,21.6353,4.20127,-0.270096
220,20.1751,3.07731,-1.07066
219,20.1751,3.07731,-1.07066
220,32.0157,0.766952,-2.08936
219,32.0157,0.766952,-2.08936
220,16.272,15.4187,-0.972079
219,16.272,15.4187,-0.972079
220,19.9243,1.0254,-0.271923
219,19.9243,1.0254,-0.271923
220,13.0701,9.54861,-1.25848
219,13.0701,9.54861,-1.25848
220,42.5515,6.41341,-2.35316
219,42.5515,6.41341,-2.35316
220,33.2965,0.427653,-0.618343
219,33.2965,0.427653,-0.618343
220,16.9527,17.3178,-1.25937
219,16.9527,17.3178,-1.25937
220,14.8643,8.02928,-1.75643
219,14.8643,8.02928,-1.75643
220,19.8178,20.3816,-0.0512675
219,19.8178,20.3816,-0.0512675
220,22.8482,15.8202,-1.42827
219,22.8482,15.8202,-1.42827
220,17.8369,4.67234,-0.681389
219,17.8369,4.67234,-0.681389
220,19.3991,3.94715,-0.836141
219,19.3991,3.94715,-0.836141
220,56.5462,-9.28554,-1.17717
219,56.5462,-9.28554,-1.17717
220,8.22358,6.88379,-1.26746
219,8.22358,6.88379,-1.26746
220,26.0056,-0.123494,0.0887258
219,26.0056,-0.123494,0.0887258
220,19.2189,15.659,-1.41015
219,19.2189,15.659,-1.41015
220,16.8781,16.805,-1.29593
219,16.8781,16.805,-1.29593
220,21.3899,7.50651,-1.06394
217,21.3899,7.50651,-1.06394
220,42.1436,3.33855,-1.08145
217,42.1436,3.33855,-1.08145
220,49.6781,10.7337,1.59473
217,49.6781,10.7337,1.59473
220,55.5613,2.44886,-1.48636
217,55.5613,2.44886,-1.48636
220,18.2204,12.8806,-1.00993
217,18.2204,12.8806,-1.00993
220,25.6141,15.0386,2.31856
217,25.6141,15.0386,2.31856
220,18.3095,11.5849,1.5009
217,18.3095,11.5849,1.5009
220,44.6551,10.0466,-1.97489
217,44.6551,10.0466,-1.97489
220,55.158,-2.18363,-2.88079
217,55.158,-2.18363,-2.88079
220,48.4313,9.90267,2.78045
217,48.4313,9.90267,2.78045
220,34.0895,9.23412,-1.37755
217,34.0895,9.23412,-1.37755
220,71.1657,-13.8743,-0.0675008
217,71.1657,-13.8743,-0.0675008
220,38.0048,10.2332,1.32593
217,38.0048,10.2332,1.32593
220,40.6866,10.2369,2.41739
217,40.6866,10.2369,2.41739
220,15.4318,14.5309,-1.61463
217,15.4318,14.5309,-1.61463
220,23.863,16.4854,-1.62573
217,23.863,16.4854,-1.62573
220,28.0151,1.46653,-1.19577
217,28.0151,1.46653,-1.19577
220,42.9801,-6.78432,-0.481154
217,42.9801,-6.78432,-0.481154
220,14.0184,13.8911,-0.0264844
217,14.0184,13.8911,-0.0264844
220,16.6768,4.23516,-1.89261
217,16.6768,4.23516,-1.89261
220,18.2762,18.156,-0.0296837
217,18.2762,18.156,-0.0296837
220,18.7717,18.2826,-0.00634862
217,18.7717,18.2826,-0.00634862
220,15.5479,16.312,-1.47586
217,15.5479,16.312,-1.47586
220,19.3565,19.897,-0.231031
217,19.3565,19.897,-0.231031
220,15.6323,13.4501,0.0580489
217,15.6323,13.4501,0.0580489
220,22.3533,6.38394,-0.941812
217,22.3533,6.38394,-0.941812
220,14.4258,7.63544,-1.66699
217,14.4258,7.63544,-1.66699
220,19.8434,20.4571,-0.196497
217,19.8434,20.4571,-0.196497
220,25.8341,6.53956,-1.15976
217,25.8341,6.53956,-1.15976
220,24.5134,6.4416,-1.07932
217,24.5134,6.4416,-1.07932
220,17.1583,4.28216,-1.95815
217,17.1583,4.28216,-1.95815
220,68.1328,-3.1514,-5.07998
218,68.1328,-3.1514,-5.07998
220,34.8231,1.421,-1.64346
218,34.8231,1.421,-1.64346
220,39.5344,1.77613,-2.19655
218,39.5344,1.77613,-2.19655
220,35.2926,1.05736,-1.67654
218,35.2926,1.05736,-1.67654
220,51.2951,-0.487012,-3.66485
218,51.2951,-0.487012,-3.66485
220,26.1718,2.89499,-2.97942
218,26.1718,2.89499,-2.97942
220,21.6606,3.6225,-2.06758
218,21.6606,3.6225,-2.06758
220,24.7174,3.0551,-2.50252
218,24.7174,3.0551,-2.50252
220,45.4904,10.1269,-1.02316
218,45.4904,10.1269,-1.02316
220,19.3341,4.48898,-0.23571
218,19.3341,4.48898,-0.23571
220,16.3932,4.28308,-1.84472
218,16.3932,4.28308,-1.84472
220,49.9082,-9.30961,-1.39508
218,49.9082,-9.30961,-1.39508
220,28.5826,6.09525,-1.32319
218,28.5826,6.09525,-1.32319
220,12.695,12.8267,0.0492516
218,12.695,12.8267,0.0492516
220,20.9482,17.1253,-1.64949
218,20.9482,17.1253,-1.64949
220,37.7283,9.65638,1.25688
218,37.7283,9.65638,1.25688
220,13.3722,9.99989,-1.31899
218,13.3722,9.99989,-1.31899
220,13.6959,7.41414,-1.49991
218,13.6959,7.41414,-1.49991
220,24.9662,7.99515,-1.33965
214,24.9662,7.99515,-1.33965
220,20.4764,11.8751,1.64455
214,20.4764,11.8751,1.64455
220,16.5575,16.9069,0.0602572
214,16.5575,16.9069,0.0602572
220,14.9033,12.9217,-0.958137
214,14.9033,12.9217,-0.958137
220,14.3637,13.7187,-0.0563557
214,14.3637,13.7187,-0.0563557
220,25.3288,17.4247,-1.66131
214,25.3288,17.4247,-1.66131
220,19.4434,8.28599,-1.42592
215,19.4434,8.28599,-1.42592
220,18.3446,18.6905,-0.0108168
215,18.3446,18.6905,-0.0108168
220,36.3714,9.96679,1.73533
215,36.3714,9.96679,1.73533
220,28.3423,19.1376,-1.75118
215,28.3423,19.1376,-1.75118
220,42.9568,-1.36216,0.0712772
215,42.9568,-1.36216,0.0712772
220,56.8749,12.7031,-2.33113
213,56.8749,12.7031,-2.33113
220,47.8433,0.0482592,-2.40031
213,47.8433,0.0482592,-2.40031
220,45.8955,9.88591,1.40033
213,45.8955,9.88591,1.40033
220,16.6498,2.30292,-1.7629
212,16.6498,2.30292,-1.7629
220,23.7651,17.0984,-1.67164
212,23.7651,17.0984,-1.67164
220,27.1421,2.88315,-1.44099
210,27.1421,2.88315,-1.44099
220,54.1026,11.3524,1.78016
210,54.1026,11.3524,1.78016
220,59.2938,12.6205,-1.21237
210,59.2938,12.6205,-1.21237
220,25.2893,17.9035,-1.82172
209,25.2893,17.9035,-1.82172
220,26.6812,14.2854,2.35677
209,26.6812,14.2854,2.35677
220,49.988,-6.06679,-0.47455
209,49.988,-6.06679,-0.47455
220,41.9756,10.2988,2.5162
209,41.9756,10.2988,2.5162
221,8.62182,7.10335,-1.65384
221,8.57886,7.35228,-1.59791
221,8.59385,7.36803,-1.62907
221,8.61629,7.34289,-1.6123
221,8.63012,7.36449,-1.64657
221,8.97239,6.09813,-1.65593
221,9.10726,5.79948,-1.59373
221,9.11016,5.81349,-1.59146
221,8.82225,6.99612,-1.62142
221,8.83167,6.97802,-1.61332
221,9.30105,5.42439,-1.62886
221,8.67727,7.72325,-1.65789
221,8.60611,8.05626,-1.64616
221,9.31915,5.72354,-1.60645
221,9.34571,5.61423,-1.61369
221,9.3378,5.71798,-1.58068
221,9.36215,5.71517,-1.55366
221,9.36602,5.71453,-1.55043
221,9.38179,5.71559,-1.54735
221,9.43153,5.71897,-1.60034
221,9.43519,5.71837,-1.60666
221,9.14761,7.02239,-1.65755
221,9.1536,7.02688,-1.65821
221,9.61227,5.46822,-1.59539
221,9.1833,7.04983,-1.6836
221,8.92366,8.09843,-1.63996
221,9.25831,6.92109,-1.59336
221,8.97056,8.1012,-1.64885
221,9.28898,7.46316,-1.64775
221,9.32061,7.42888,-1.63665
221,9.5278,6.99631,-1.6259
221,9.26221,7.96255,-1.64521
221,9.50737,7.16621,-1.60961
221,9.4737,7.28447,-1.65036
221,9.53003,7.17475,-1.62489
221,9.30081,7.99306,-1.66313
221,9.29975,8.00094,-1.67466
221,9.54065,7.21169,-1.61347
221,9.55856,7.14529,-1.64202
221,9.54468,7.25498,-1.62778
221,9.34313,7.99003,-1.65592
221,9.5525,7.59918,-1.61195
221,9.55725,7.70731,-1.59266
221,9.56002,7.77324,-1.58528
221,9.58517,7.92477,-1.60585
221,9.61458,8.01479,-1.61629
221,9.63612,7.98726,-1.63673
221,9.64018,8.10357,-1.62388
221,10.8924,6.59289,0.382702
221,9.63318,8.66739,-1.56673
221,9.67764,8.57319,-1.61373
221,9.69444,8.66262,-1.52646
221,9.68385,8.60522,-1.5946
221,9.98291,7.4536,-1.6341
221,9.7062,8.61735,-1.61206
221,10.0028,7.46766,-1.64103
221,9.7949,8.7073,-1.55133
221,10.1727,7.87575,-1.65435
221,10.4986,7.01319,-1.65007
221,10.5714,7.01992,-1.65817
221,10.6269,6.96698,-1.69128
221,10.6262,6.98645,-1.69424
221,11.3941,5.48726,-1.62629
221,11.3836,5.48189,-1.66522
221,11.4248,5.49798,-1.62986
221,11.4139,5.50289,-1.67949
221,11.4311,5.52805,-1.67227
221,11.2349,6.65626,-1.51566
221,11.2279,6.68575,-1.55364
221,11.3887,6.19332,-1.54437
221,11.288,6.65981,-1.57452
221,11.4355,6.22805,-1.52919
221,11.3022,6.65796,-1.57786
221,11.2936,6.70692,-1.58356
221,11.2973,6.82394,-1.5225
221,11.4885,6.22213,-1.55039
221,11.2954,7.06003,-1.51438
221,11.3262,6.99433,-1.53644
221,11.5282,6.24601,-1.55527
221,11.3628,6.88267,-1.55239
221,11.4083,6.90285,-1.57226
221,11.3917,6.98649,-1.56089
221,11.3909,6.97614,-1.58799
221,11.2864,7.57172,-1.48251
221,11.4403,6.98533,-1.58384
221,11.2898,7.71906,-1.47919
221,11.3742,7.5293,-1.47783
221,11.4608,7.56248,-1.5107
221,11.5218,8.31595,-1.54329
221,11.5371,8.3096,-1.56286
221,11.5827,8.36317,-1.60169
221,11.607,8.35555,-1.5719
221,11.5877,8.38877,-1.62896
221,13.6317,6.11613,-1.60218
221,46.4393,0.109307,-2.37002
219,46.4393,0.109307,-2.37002
221,54.0637,-0.967815,-2.81761
219,54.0637,-0.967815,-2.81761
221,53.9227,-0.606941,-2.82944
219,53.9227,-0.606941,-2.82944
221,46.9599,-0.398531,-2.37699
219,46.9599,-0.398531,-2.37699
221,54.2848,-1.51164,-2.80039
219,54.2848,-1.51164,-2.80039
221,16.2515,4.46059,-1.81592
219,16.2515,4.46059,-1.81592
221,16.7669,4.39946,-1.92484
219,16.7669,4.39946,-1.92484
221,16.9237,4.37038,-1.94642
219,16.9237,4.37038,-1.94642
221,18.4519,4.17459,-2.25419
219,18.4519,4.17459,-2.25419
221,44.6827,7.13101,-2.51916
219,44.6827,7.13101,-2.51916
221,15.5092,11.0439,-1.77319
219,15.5092,11.0439,-1.77319
221,21.6542,14.6098,-1.31415
219,21.6542,14.6098,-1.31415
221,35.6081,2.3295,-2.12244
219,35.6081,2.3295,-2.12244
221,31.2146,21.1224,-2.46542
219,31.2146,21.1224,-2.46542
221,19.8751,13.9163,-1.1681
219,19.8751,13.9163,-1.1681
221,23.4913,16.3334,-1.57388
219,23.4913,16.3334,-1.57388
221,14.6944,7.87655,-1.68144
219,14.6944,7.87655,-1.68144
221,45.961,3.22132,-2.72311
219,45.961,3.22132,-2.72311
221,49.9231,10.1505,-1.09274
219,49.9231,10.1505,-1.09274
221,44.2522,10.9715,-0.896639
219,44.2522,10.9715,-0.896639
221,29.8573,4.9801,-1.55898
219,29.8573,4.9801,-1.55898
221,8.6337,7.17728,-1.65318
219,8.6337,7.17728,-1.65318
221,15.3501,10.9473,-1.74393
219,15.3501,10.9473,-1.74393
221,47.3427,10.5659,2.61507
219,47.3427,10.5659,2.61507
221,16.5856,13.1107,-1.0285
219,16.5856,13.1107,-1.0285
221,16.9897,13.4071,-1.06083
219,16.9897,13.4071,-1.06083
221,13.1625,7.36403,-1.38135
219,13.1625,7.36403,-1.38135
221,45.298,10.6176,2.07736
219,45.298,10.6176,2.07736
221,42.7608,-3.29757,-2.15911
219,42.7608,-3.29757,-2.15911
221,45.9554,13.5611,3.51209
219,45.9554,13.5611,3.51209
221,41.2482,13.0301,3.01672
219,41.2482,13.0301,3.01672
221,15.5888,11.2862,-1.82571
219,15.5888,11.2862,-1.82571
221,20.5782,14.2247,-1.20789
219,20.5782,14.2247,-1.20789
221,17.0911,7.51795,-1.77199
219,17.0911,7.51795,-1.77199
221,49.7624,5.15583,-1.32689
219,49.7624,5.15583,-1.32689
221,183.768,-10.3283,-5.43284
219,183.768,-10.3283,-5.43284
221,16.0873,2.49227,-1.65434
219,16.0873,2.49227,-1.65434
221,18.1431,1.92303,-2.02232
219,18.1431,1.92303,-2.02232
221,27.8081,7.93679,-1.32067
219,27.8081,7.93679,-1.32067
221,50.9,7.3196,3.13389
219,50.9,7.3196,3.13389
221,40.7087,-2.36292,-0.000804022
219,40.7087,-2.36292,-0.000804022
221,43.4512,10.3906,2.02669
219,43.4512,10.3906,2.02669
221,38.126,10.2769,1.84947
219,38.126,10.2769,1.84947
221,39.1429,10.1234,2.32207
219,39.1429,10.1234,2.32207
221,34.1551,2.78256,-1.72596
219,34.1551,2.78256,-1.72596
221,41.5678,-4.87779,-0.851624
219,41.5678,-4.87779,-0.851624
221,16.9131,2.20638,-1.81974
219,16.9131,2.20638,-1.81974
221,46.6885,5.28529,-1.90534
219,46.6885,5.28529,-1.90534
221,59.2033,-2.13375,-3.16725
219,59.2033,-2.13375,-3.16725
221,14.6875,12.6418,-0.0894165
219,14.6875,12.6418,-0.0894165
221,47.9699,9.15239,-2.75391
219,47.9699,9.15239,-2.75391
221,14.4655,10.6724,-1.55124
219,14.4655,10.6724,-1.55124
221,9.87821,7.48372,-1.63539
219,9.87821,7.48372,-1.63539
221,16.516,4.1043,-1.95882
219,16.516,4.1043,-1.95882
221,45.7815,-7.21316,-1.05181
219,45.7815,-7.21316,-1.05181
221,16.2338,17.0022,-2.11565
219,16.2338,17.0022,-2.11565
221,41.7205,10.0589,1.49438
219,41.7205,10.0589,1.49438
221,47.1873,9.09776,-2.61386
219,47.1873,9.09776,-2.61386
221,11.3109,7.96867,-1.4765
219,11.3109,7.96867,-1.4765
221,16.0569,13.4944,-1.87444
219,16.0569,13.4944,-1.87444
221,62.5496,-2.11267,-4.23743
219,62.5496,-2.11267,-4.23743
221,78.3694,-15.9328,-1.92113
219,78.3694,-15.9328,-1.92113
221,20.6671,21.439,-1.7344
219,20.6671,21.439,-1.7344
221,34.1574,9.55546,-0.539255
219,34.1574,9.55546,-0.539255
221,74.1052,-17.5134,-0.697029
219,74.1052,-17.5134,-0.697029
221,16.1554,2.56395,-1.64782
219,16.1554,2.56395,-1.64782
221,19.2149,19.8401,-1.56238
219,19.2149,19.8401,-1.56238
221,15.1229,15.3144,-1.00729
219,15.1229,15.3144,-1.00729
221,16.6415,2.33563,-1.79772
219,16.6415,2.33563,-1.79772
221,17.174,2.23779,-1.84718
219,17.174,2.23779,-1.84718
221,25.8319,1.93556,-1.01478
219,25.8319,1.93556,-1.01478
221,14.9268,12.8766,-0.062076
219,14.9268,12.8766,-0.062076
221,56.9364,7.54342,3.34399
219,56.9364,7.54342,3.34399
221,34.4075,9.80856,1.61584
219,34.4075,9.80856,1.61584
221,26.4108,1.87878,-1.6091
219,26.4108,1.87878,-1.6091
221,45.3737,10.1501,-1.84904
219,45.3737,10.1501,-1.84904
221,96.1787,-0.317675,-0.223761
219,96.1787,-0.317675,-0.223761
221,22.1009,17.3027,-1.71546
219,22.1009,17.3027,-1.71546
221,39.1923,1.03597,-2.57237
220,39.1923,1.03597,-2.57237
221,40.4222,8.41081,-2.25371
220,40.4222,8.41081,-2.25371
221,32.7492,4.36781,-1.77634
220,32.7492,4.36781,-1.77634
221,22.3955,6.10079,-0.98378
220,22.3955,6.10079,-0.98378
221,38.935,6.46179,-2.26653
220,38.935,6.46179,-2.26653
221,33.3653,4.03118,-1.80386
220,33.3653,4.03118,-1.80386
221,14.7339,7.75143,-1.76954
220,14.7339,7.75143,-1.76954
221,44.2573,0.346758,-1.97479
220,44.2573,0.346758,-1.97479
221,40.63,2.28662,-0.363598
220,40.63,2.28662,-0.363598
221,35.6928,2.459,-2.28264
220,35.6928,2.459,-2.28264
221,9.46522,6.96869,-1.61567
220,9.46522,6.96869,-1.61567
221,25.0033,7.94864,-1.36922
220,25.0033,7.94864,-1.36922
221,53.4308,-0.447268,-2.8804
220,53.4308,-0.447268,-2.8804
221,14.574,4.75082,-1.83731
220,14.574,4.75082,-1.83731
221,14.7949,7.76103,-1.75949
220,14.7949,7.76103,-1.75949
221,49.8403,10.8233,1.55596
220,49.8403,10.8233,1.55596
221,17.4388,4.2838,-1.5462
220,17.4388,4.2838,-1.5462
221,58.9708,2.2051,-1.6599
220,58.9708,2.2051,-1.6599
221,44.1506,7.28682,-2.65461
220,44.1506,7.28682,-2.65461
221,21.4241,8.6885,-1.67068
220,21.4241,8.6885,-1.67068
221,19.4458,10.7403,-1.36799
220,19.4458,10.7403,-1.36799
221,45.9343,10.5972,1.84886
220,45.9343,10.5972,1.84886
221,48.4435,-0.761814,1.32513
220,48.4435,-0.761814,1.32513
221,47.0256,-4.36081,-2.32549
220,47.0256,-4.36081,-2.32549
221,25.3927,13.7214,2.12605
220,25.3927,13.7214,2.12605
221,28.9443,2.1113,-1.2221
220,28.9443,2.1113,-1.2221
221,27.3169,4.39773,-0.481165
220,27.3169,4.39773,-0.481165
221,49.1137,9.22028,-2.83511
220,49.1137,9.22028,-2.83511
221,50.346,-7.49865,-0.436409
220,50.346,-7.49865,-0.436409
221,18.007,7.03835,-0.144319
220,18.007,7.03835,-0.144319
221,45.3965,4.62806,-1.16156
220,45.3965,4.62806,-1.16156
221,47.318,5.23543,-1.2634
220,47.318,5.23543,-1.2634
221,53.6757,-8.35516,-1.25822
220,53.6757,-8.35516,-1.25822
221,54.643,-10.947,-1.53941
220,54.643,-10.947,-1.53941
221,69.9013,-15.9699,-1.23793
220,69.9013,-15.9699,-1.23793
221,25.1132,17.2805,-1.71663
220,25.1132,17.2805,-1.71663
221,38.2424,10.2484,1.34918
220,38.2424,10.2484,1.34918
221,40.8597,9.30086,-2.28241
220,40.8597,9.30086,-2.28241
221,54.7423,-0.545634,-1.2521
220,54.7423,-0.545634,-1.2521
221,21.03,15.7989,-1.15038
220,21.03,15.7989,-1.15038
221,15.2757,11.1079,-1.77761
220,15.2757,11.1079,-1.77761
221,39.356,10.0889,1.90169
220,39.356,10.0889,1.90169
221,34.1335,3.11231,-1.95623
220,34.1335,3.11231,-1.95623
221,18.8411,1.77043,-0.289031
220,18.8411,1.77043,-0.289031
221,36.5595,-4.5503,-0.461066
220,36.5595,-4.5503,-0.461066
221,18.8151,15.427,-1.36106
220,18.8151,15.427,-1.36106
221,16.7611,17.4827,-1.64083
220,16.7611,17.4827,-1.64083
221,17.4938,18.332,-1.74023
220,17.4938,18.332,-1.74023
221,37.7352,9.77414,-0.701326
220,37.7352,9.77414,-0.701326
221,41.1959,10.1736,2.44787
220,41.1959,10.1736,2.44787
221,22.5376,17.6228,-1.7093
220,22.5376,17.6228,-1.7093
221,20.6628,16.8317,-1.59152
220,20.6628,16.8317,-1.59152
221,9.26851,7.03376,-1.45022
220,9.26851,7.03376,-1.45022
221,50.3629,0.843067,-3.27635
220,50.3629,0.843067,-3.27635
221,272.362,-23.6416,-16.0408
220,272.362,-23.6416,-16.0408
221,13.7163,12.8941,-0.668123
220,13.7163,12.8941,-0.668123
221,52.1007,1.1622,-1.18601
220,52.1007,1.1622,-1.18601
221,42.6269,10.7599,-0.868492
217,42.6269,10.7599,-0.868492
221,14.4243,7.79955,-1.6195
217,14.4243,7.79955,-1.6195
221,23.7178,4.3941,-1.30793
217,23.7178,4.3941,-1.30793
221,8.65815,7.18402,-1.53456
217,8.65815,7.18402,-1.53456
221,25.108,5.95657,-1.17193
217,25.108,5.95657,-1.17193
221,28.1479,10.5347,1.16215
217,28.1479,10.5347,1.16215
221,44.5034,11.1215,1.44719
217,44.5034,11.1215,1.44719
221,44.2086,10.4406,2.72002
217,44.2086,10.4406,2.72002
221,27.7126,14.6414,2.6112
217,27.7126,14.6414,2.6112
221,65.4833,-14.1934,-0.799409
217,65.4833,-14.1934,-0.799409
221,17.1943,4.32019,-1.99397
217,17.1943,4.32019,-1.99397
221,17.3618,1.52085,-1.5742
217,17.3618,1.52085,-1.5742
221,14.7738,14.6493,-0.0432681
217,14.7738,14.6493,-0.0432681
221,15.372,13.217,0.0836177
217,15.372,13.217,0.0836177
221,15.3625,7.86949,-1.85787
217,15.3625,7.86949,-1.85787
221,9.51778,7.24799,-1.60588
217,9.51778,7.24799,-1.60588
221,16.8199,6.80684,0.820887
217,16.8199,6.80684,0.820887
221,23.9416,2.08142,-0.680926
217,23.9416,2.08142,-0.680926
221,35.9233,9.09384,-1.11462
215,35.9233,9.09384,-1.11462
221,19.5389,13.7965,-1.16321
215,19.5389,13.7965,-1.16321
221,19.1093,19.2434,-0.105384
215,19.1093,19.2434,-0.105384
221,15.2795,13.2064,-1.00449
215,15.2795,13.2064,-1.00449
221,22.1498,0.71153,0.107906
215,22.1498,0.71153,0.107906
221,24.8098,17.7762,-1.82199
214,24.8098,17.7762,-1.82199
221,23.5053,17.0039,-1.66584
214,23.5053,17.0039,-1.66584
221,22.8839,12.8092,1.89867
214,22.8839,12.8092,1.89867
221,26.3091,14.6301,2.36397
214,26.3091,14.6301,2.36397
221,36.0574,11.8306,2.68608
214,36.0574,11.8306,2.68608
221,21.7339,7.97386,-0.352806
214,21.7339,7.97386,-0.352806
221,23.1593,8.12468,1.00574
214,23.1593,8.12468,1.00574
221,11.2144,6.71626,-1.64623
214,11.2144,6.71626,-1.64623
221,23.3442,7.96153,1.26231
214,23.3442,7.96153,1.26231
221,21.7562,17.0305,-1.62549
214,21.7562,17.0305,-1.62549
221,27.1706,13.1549,1.77752
213,27.1706,13.1549,1.77752
221,31.4109,10.8146,1.28788
212,31.4109,10.8146,1.28788
221,44.5943,1.18172,-2.56473
212,44.5943,1.18172,-2.56473
221,14.9617,14.2218,-0.122205
212,14.9617,14.2218,-0.122205
221,20.2476,1.36902,-0.426081
211,20.2476,1.36902,-0.426081
221,24.7649,21.4443,0.293221
211,24.7649,21.4443,0.293221
221,14.375,13.8335,0.0544016
211,14.375,13.8335,0.0544016
221,25.4662,14.3552,2.2293
209,25.4662,14.3552,2.2293
221,26.2987,14.6603,2.31838
209,26.2987,14.6603,2.31838
221,15.5353,13.0608,-1.74847
210,15.5353,13.0608,-1.74847
222,8.62724,6.08672,-0.253661
222,9.36314,5.71892,-1.54435
222,9.36893,5.72456,-1.54385
222,9.18692,7.044,-1.68891
222,9.19315,7.08065,-1.6874
222,9.19892,7.08414,-1.69445
222,9.2039,7.18138,-1.68675
222,9.20559,7.1769,-1.6869
222,9.22594,7.08789,-1.72095
222,9.17871,7.63738,-1.67907
222,9.18521,7.64143,-1.67173
222,9.18275,7.70506,-1.68573
222,9.19122,7.8937,-1.57736
222,9.28964,7.4586,-1.64994
222,9.29122,7.46192,-1.65188
222,9.19817,7.91458,-1.58537
222,9.31829,7.43508,-1.63168
222,9.29758,7.50674,-1.65617
222,9.27255,7.64887,-1.6503
222,9.24198,7.9419,-1.62446
222,9.51282,6.96812,-1.62445
222,9.5122,6.98516,-1.62647
222,9.26376,7.93345,-1.62374
222,9.51187,6.99742,-1.62913
222,9.50911,7.02298,-1.61898
222,9.50305,7.12327,-1.61007
222,9.53059,7.00763,-1.63956
222,9.47269,7.26149,-1.63561
222,9.52411,7.12784,-1.61067
222,9.50934,7.16174,-1.62794
222,9.487,7.24639,-1.62937
222,9.51263,7.16506,-1.62462
222,9.48637,7.26138,-1.62912
222,9.52875,7.20537,-1.58226
222,9.50844,7.24142,-1.63622
222,9.5256,7.25019,-1.59027
222,9.52406,7.26194,-1.59518
222,9.5457,7.17809,-1.63942
222,9.527,7.26141,-1.65525
222,9.52597,7.27198,-1.66163
222,9.55719,7.24959,-1.6322
222,9.54732,7.3024,-1.62345
222,9.56055,7.24847,-1.63416
222,9.56977,7.25635,-1.63234
222,9.60114,7.59778,-1.64248
222,10.3514,5.49427,-1.61768
222,9.74573,8.58543,-1.51899
222,9.75117,8.58981,-1.51522
222,9.70795,8.70002,-1.55428
222,9.87764,7.92891,-1.6713
222,9.91044,7.95747,-1.70579
222,9.78276,8.64157,-1.566
222,9.93135,7.96333,-1.71257
222,10.7588,5.51002,-1.62054
222,10.9071,5.20156,-1.58392
222,10.9225,5.20177,-1.59203
222,10.4714,6.9946,-1.62644
222,10.4691,7.01173,-1.62842
222,10.4777,6.99692,-1.62053
222,10.4966,6.9948,-1.60283
222,10.514,7.00063,-1.61058
222,10.5795,6.98675,-1.66127
222,10.5929,6.96233,-1.65255
222,10.588,6.97865,-1.67272
222,10.5866,6.97796,-1.68172
222,10.6092,7.03299,-1.66688
222,11.2154,6.1922,-1.4649
222,11.3581,5.49194,-1.61851
222,11.5146,4.9218,-1.72028
222,11.3938,5.5046,-1.64476
222,11.3834,5.51411,-1.67216
222,11.315,6.19232,-1.51312
222,11.1174,6.90421,-1.75987
222,11.386,6.20055,-1.54066
222,11.4282,6.23621,-1.51686
222,11.1209,7.2617,-1.62464
222,11.4785,6.21753,-1.58626
222,11.4909,6.20085,-1.58655
222,11.4896,6.21263,-1.58784
222,11.4694,6.59518,-1.5196
222,11.3559,7.05089,-1.54307
222,11.5015,6.59425,-1.53184
222,11.4182,6.91057,-1.56938
222,11.4246,6.8911,-1.57127
222,11.409,6.90376,-1.60562
222,11.4283,6.89822,-1.57058
222,11.4291,6.9759,-1.56112
222,11.4858,7.00573,-1.59292
222,11.5994,7.6126,-1.56487
222,11.616,7.5791,-1.5566
222,11.6256,7.61806,-1.57726
222,18.1916,3.97305,-2.22241
221,18.1916,3.97305,-2.22241
222,41.9316,3.77689,-2.33745
221,41.9316,3.77689,-2.33745
222,9.52137,6.98799,-1.65046
221,9.52137,6.98799,-1.65046
222,26.6472,5.10051,-1.29698
221,26.6472,5.10051,-1.29698
222,14.0518,4.82562,-1.70102
221,14.0518,4.82562,-1.70102
222,11.1952,5.3755,-1.55271
221,11.1952,5.3755,-1.55271
222,67.7203,4.58223,-0.769248
221,67.7203,4.58223,-0.769248
222,22.265,6.44885,-0.939283
221,22.265,6.44885,-0.939283
222,11.3536,8.22466,-1.47516
221,11.3536,8.22466,-1.47516
222,24.7399,16.4567,-1.60142
221,24.7399,16.4567,-1.60142
222,45.9515,3.4753,-2.61645
221,45.9515,3.4753,-2.61645
222,44.7208,3.63778,-2.53133
221,44.7208,3.63778,-2.53133
222,26.5564,7.81586,-0.397032
221,26.5564,7.81586,-0.397032
222,48.934,10.0822,-1.05609
221,48.934,10.0822,-1.05609
222,44.1567,0.800301,-2.24484
221,44.1567,0.800301,-2.24484
222,24.0585,3.17146,-2.65875
221,24.0585,3.17146,-2.65875
222,34.6275,2.45131,-2.04587
221,34.6275,2.45131,-2.04587
222,44.975,9.55285,1.34141
221,44.975,9.55285,1.34141
222,39.2949,3.5707,-0.9383
221,39.2949,3.5707,-0.9383
222,9.58006,7.20085,-1.65509
221,9.58006,7.20085,-1.65509
222,15.1078,10.7934,-1.69096
221,15.1078,10.7934,-1.69096
222,39.8477,10.0672,-1.60306
221,39.8477,10.0672,-1.60306
222,50.2697,10.8004,1.56993
221,50.2697,10.8004,1.56993
222,39.41,1.08188,-2.43838
221,39.41,1.08188,-2.43838
222,11.2442,5.36766,-1.57044
221,11.2442,5.36766,-1.57044
222,42.4328,0.128515,1.14214
221,42.4328,0.128515,1.14214
222,16.646,7.42866,-1.70045
221,16.646,7.42866,-1.70045
222,22.9888,16.1988,-1.64436
221,22.9888,16.1988,-1.64436
222,14.9516,10.8789,-1.69266
221,14.9516,10.8789,-1.69266
222,17.1001,12.2024,-0.894087
221,17.1001,12.2024,-0.894087
222,26.6303,14.1599,2.48279
221,26.6303,14.1599,2.48279
222,40.1903,10.4692,-0.784618
221,40.1903,10.4692,-0.784618
222,41.1259,10.5058,-0.712104
221,41.1259,10.5058,-0.712104
222,47.6934,10.6556,2.59461
221,47.6934,10.6556,2.59461
222,41.1008,6.84548,-2.16166
221,41.1008,6.84548,-2.16166
222,39.5044,-4.02882,-0.312124
221,39.5044,-4.02882,-0.312124
222,50.7465,10.1312,2.67864
221,50.7465,10.1312,2.67864
222,42.61,9.4831,-2.4271
221,42.61,9.4831,-2.4271
222,37.7475,4.71883,-2.14593
221,37.7475,4.71883,-2.14593
222,157.319,-7.89283,-4.69794
221,157.319,-7.89283,-4.69794
222,45.9038,3.88503,-1.23699
221,45.9038,3.88503,-1.23699
222,25.6035,17.0253,-1.71522
221,25.6035,17.0253,-1.71522
222,27.4443,6.52817,1.59482
221,27.4443,6.52817,1.59482
222,11.3249,5.35938,-1.60406
221,11.3249,5.35938,-1.60406
222,43.1628,13.3638,3.22356
221,43.1628,13.3638,3.22356
222,23.4204,9.12837,-1.92593
221,23.4204,9.12837,-1.92593
222,29.7517,-1.07892,-0.155313
221,29.7517,-1.07892,-0.155313
222,46.6524,-6.19129,-0.441197
221,46.6524,-6.19129,-0.441197
222,14.3858,12.3618,-0.00161667
221,14.3858,12.3618,-0.00161667
222,15.9202,13.713,0.117916
221,15.9202,13.713,0.117916
222,41.1213,12.6594,3.09518
221,41.1213,12.6594,3.09518
222,18.1417,4.01352,-2.18691
221,18.1417,4.01352,-2.18691
222,16.3758,4.44243,-1.81695
221,16.3758,4.44243,-1.81695
222,17.4475,2.01316,-1.89989
221,17.4475,2.01316,-1.89989
222,49.296,-10.1006,-1.60019
221,49.296,-10.1006,-1.60019
222,62.5224,1.92769,-1.6718
221,62.5224,1.92769,-1.6718
222,16.8997,3.46431,0.135836
221,16.8997,3.46431,0.135836
222,38.4682,10.2359,1.39854
221,38.4682,10.2359,1.39854
222,36.8858,1.83616,-0.718113
221,36.8858,1.83616,-0.718113
222,27.8854,-1.19123,-0.7552
221,27.8854,-1.19123,-0.7552
222,14.1812,11.9192,-1.43489
221,14.1812,11.9192,-1.43489
222,15.2725,11.0983,-1.77367
221,15.2725,11.0983,-1.77367
222,36.5573,7.04017,-1.99559
221,36.5573,7.04017,-1.99559
222,36.5378,-3.1634,-0.714725
221,36.5378,-3.1634,-0.714725
222,130.996,-31.8122,-3.51116
221,130.996,-31.8122,-3.51116
222,55.9897,-1.60452,-2.88502
221,55.9897,-1.60452,-2.88502
222,51.0987,-6.4632,-1.27428
221,51.0987,-6.4632,-1.27428
222,44.3997,-6.87829,-1.53842
221,44.3997,-6.87829,-1.53842
222,14.3881,12.3137,0.300953
221,14.3881,12.3137,0.300953
222,32.2234,2.23219,-1.85627
221,32.2234,2.23219,-1.85627
222,17.2645,4.17328,-1.98806
221,17.2645,4.17328,-1.98806
222,37.9431,12.1602,2.86447
221,37.9431,12.1602,2.86447
222,43.2884,4.75003,-1.61731
221,43.2884,4.75003,-1.61731
222,52.2485,-10.054,-1.48149
221,52.2485,-10.054,-1.48149
222,33.5259,9.66293,1.56458
221,33.5259,9.66293,1.56458
222,38.2549,9.75771,2.24897
221,38.2549,9.75771,2.24897
222,25.815,7.94997,-0.32596
221,25.815,7.94997,-0.32596
222,17.699,4.10569,-2.09397
221,17.699,4.10569,-2.09397
222,40.6156,-3.37414,0.000268202
221,40.6156,-3.37414,0.000268202
222,15.9102,2.68613,-1.59834
221,15.9102,2.68613,-1.59834
222,31.8684,5.48476,-1.10272
221,31.8684,5.48476,-1.10272
222,42.108,8.28844,2.54332
221,42.108,8.28844,2.54332
222,23.3876,16.1674,-1.58122
221,23.3876,16.1674,-1.58122
222,46.4196,-6.21368,0.0220925
221,46.4196,-6.21368,0.0220925
222,42.7741,-3.23933,-2.12621
221,42.7741,-3.23933,-2.12621
222,25.9131,6.16283,-1.20626
221,25.9131,6.16283,-1.20626
222,26.0972,17.1868,-1.75173
220,26.0972,17.1868,-1.75173
222,17.6015,4.20106,-1.44291
220,17.6015,4.20106,-1.44291
222,49.4031,0.692751,-3.28506
220,49.4031,0.692751,-3.28506
222,49.9471,-0.042728,-2.62462
220,49.9471,-0.042728,-2.62462
222,77.6103,0.907738,-0.13575
220,77.6103,0.907738,-0.13575
222,33.914,1.26317,-1.56055
220,33.914,1.26317,-1.56055
222,45.9098,10.1238,-1.61505
220,45.9098,10.1238,-1.61505
222,37.0709,2.15471,-2.2744
220,37.0709,2.15471,-2.2744
222,19.3567,7.44972,0.840695
220,19.3567,7.44972,0.840695
222,113.848,-4.1557,-3.2952
220,113.848,-4.1557,-3.2952
222,22.9799,3.525,-2.443
220,22.9799,3.525,-2.443
222,32.1357,3.30646,-1.77864
220,32.1357,3.30646,-1.77864
222,16.4019,11.7032,-0.782642
220,16.4019,11.7032,-0.782642
222,25.6221,17.9048,-1.91071
220,25.6221,17.9048,-1.91071
222,12.8256,9.3923,-1.18226
220,12.8256,9.3923,-1.18226
222,23.886,6.52356,-1.08596
220,23.886,6.52356,-1.08596
222,30.974,6.81688,-1.59617
220,30.974,6.81688,-1.59617
222,70.101,-3.89672,-3.84644
220,70.101,-3.89672,-3.84644
222,44.4091,4.59244,-1.12798
220,44.4091,4.59244,-1.12798
222,45.8068,-5.96116,-0.0268383
220,45.8068,-5.96116,-0.0268383
222,47.1579,0.110993,-3.35657
220,47.1579,0.110993,-3.35657
222,46.3769,-7.32542,-0.0605443
220,46.3769,-7.32542,-0.0605443
222,38.6539,1.23004,-2.35931
220,38.6539,1.23004,-2.35931
222,58.9003,-8.51582,-1.53352
220,58.9003,-8.51582,-1.53352
222,26.2695,18.6253,-1.95098
220,26.2695,18.6253,-1.95098
222,28.4336,-2.36452,-0.72572
220,28.4336,-2.36452,-0.72572
222,9.11268,7.11677,-1.59876
220,9.11268,7.11677,-1.59876
222,95.0266,-0.159635,-0.287083
220,95.0266,-0.159635,-0.287083
222,15.192,12.7265,0.0835111
220,15.192,12.7265,0.0835111
222,47.7427,10.2151,2.35498
220,47.7427,10.2151,2.35498
222,60.6142,-13.8772,-1.57781
220,60.6142,-13.8772,-1.57781
222,19.7784,7.41942,0.668707
220,19.7784,7.41942,0.668707
222,16.5356,4.38889,-1.84087
220,16.5356,4.38889,-1.84087
222,13.4945,3.70636,0.0088956
220,13.4945,3.70636,0.0088956
222,15.1864,3.19603,-0.046724
220,15.1864,3.19603,-0.046724
222,9.54988,7.93329,-1.5709
220,9.54988,7.93329,-1.5709
222,31.6645,9.0454,-0.543323
220,31.6645,9.0454,-0.543323
222,14.8255,7.70493,-1.76279
220,14.8255,7.70493,-1.76279
222,17.09,16.5198,-0.117822
220,17.09,16.5198,-0.117822
222,16.7979,16.1942,-0.0242959
220,16.7979,16.1942,-0.0242959
222,22.4401,17.5202,-1.65806
220,22.4401,17.5202,-1.65806
222,20.5925,14.8739,-1.24055
220,20.5925,14.8739,-1.24055
222,17.3644,4.08661,-2.09915
219,17.3644,4.08661,-2.09915
222,33.9592,6.61909,-1.72189
219,33.9592,6.61909,-1.72189
222,20.7216,14.0799,-1.18691
219,20.7216,14.0799,-1.18691
222,31.296,8.83966,-1.22938
219,31.296,8.83966,-1.22938
222,16.4334,2.51635,-1.67886
219,16.4334,2.51635,-1.67886
222,20.7617,16.1295,-1.51526
219,20.7617,16.1295,-1.51526
222,58.1445,-1.99262,-3.04843
219,58.1445,-1.99262,-3.04843
222,15.9388,2.93048,0.145615
219,15.9388,2.93048,0.145615
222,15.3385,12.8679,-1.71046
219,15.3385,12.8679,-1.71046
222,28.8774,1.02863,-1.15045
219,28.8774,1.02863,-1.15045
222,46.3372,10.2306,-1.00236
217,46.3372,10.2306,-1.00236
222,49.0354,10.5592,-1.08422
217,49.0354,10.5592,-1.08422
222,24.092,16.0996,2.26758
217,24.092,16.0996,2.26758
222,19.9558,7.0779,0.999137
217,19.9558,7.0779,0.999137
222,16.653,2.46259,-1.75123
217,16.653,2.46259,-1.75123
222,15.922,15.4615,0.0330278
217,15.922,15.4615,0.0330278
222,38.5552,8.15797,2.31826
217,38.5552,8.15797,2.31826
222,15.248,14.3874,-1.17583
217,15.248,14.3874,-1.17583
222,15.4616,14.58,-1.23016
217,15.4616,14.58,-1.23016
222,15.1059,14.2571,-1.15018
217,15.1059,14.2571,-1.15018
222,20.3075,20.8617,-0.26784
217,20.3075,20.8617,-0.26784
222,35.9362,11.8513,2.71335
217,35.9362,11.8513,2.71335
222,13.7909,6.1361,-1.64156
217,13.7909,6.1361,-1.64156
222,57.7742,11.1359,3.53797
217,57.7742,11.1359,3.53797
222,22.8044,15.8517,-1.55495
215,22.8044,15.8517,-1.55495
222,15.2717,12.8551,-1.69445
215,15.2717,12.8551,-1.69445
222,19.1695,15.0033,-1.36839
215,19.1695,15.0033,-1.36839
222,18.922,19.0558,-0.0759678
215,18.922,19.0558,-0.0759678
222,18.886,19.1773,0.080846
215,18.886,19.1773,0.080846
222,21.3683,16.7721,-1.64192
215,21.3683,16.7721,-1.64192
222,23.042,16.6058,-1.5636
215,23.042,16.6058,-1.5636
222,27.8453,14.8088,2.74878
214,27.8453,14.8088,2.74878
222,26.4016,1.5454,-0.806775
214,26.4016,1.5454,-0.806775
222,16.021,11.674,-0.831815
214,16.021,11.674,-0.831815
222,59.419,7.8283,3.72504
214,59.419,7.8283,3.72504
222,46.2237,13.4018,-1.84062
213,46.2237,13.4018,-1.84062
222,24.1354,21.0416,-0.326693
212,24.1354,21.0416,-0.326693
222,18.8014,18.6482,-0.174548
212,18.8014,18.6482,-0.174548
222,69.122,-15.0877,-1.57341
212,69.122,-15.0877,-1.57341
222,26.715,1.53722,-1.05956
211,26.715,1.53722,-1.05956
222,25.0653,17.7808,-1.82589
209,25.0653,17.7808,-1.82589
222,29.5349,15.7628,2.69159
209,29.5349,15.7628,2.69159
222,20.1687,8.44755,-1.52132
210,20.1687,8.44755,-1.52132
223,7.73069,5.89845,0.244243
223,7.80433,5.96629,0.201701
223,7.80991,5.96557,0.200624
223,7.80806,6.02148,0.202441
223,9.24486,6.92276,-1.58477
223,9.24665,6.94519,-1.58468
223,9.64615,5.47287,-1.60544
223,9.27294,6.93109,-1.59521
223,9.30697,7.4256,-1.61468
223,9.5084,6.97725,-1.6495
223,9.5196,6.9819,-1.618
223,9.51374,6.97967,-1.644
223,9.52173,6.98361,-1.65291
223,9.5366,6.97711,-1.63902
223,9.27553,7.98013,-1.64696
223,9.54177,7.0018,-1.64997
223,9.28324,7.99045,-1.64781
223,9.45725,7.35444,-1.63146
223,9.45697,7.35892,-1.64104
223,9.54315,7.04219,-1.6394
223,9.2995,7.96824,-1.65436
223,9.54311,7.16311,-1.62622
223,9.53378,7.17799,-1.64502
223,9.53309,7.27986,-1.60383
223,9.55346,7.18115,-1.63058
223,9.57616,7.23024,-1.61461
223,9.57399,7.19366,-1.64564
223,9.56939,7.2525,-1.63354
223,9.56034,7.29701,-1.62835
223,9.57013,7.27619,-1.62396
223,9.56645,7.2831,-1.62932
223,9.56448,7.26685,-1.64638
223,9.57158,7.27053,-1.63941
223,9.58244,7.26063,-1.64992
223,9.63396,8.21979,-1.59933
223,9.64629,8.26544,-1.60038
223,10.3643,5.49551,-1.62816
223,10.3852,5.50043,-1.63474
223,10.3959,5.48941,-1.63943
223,9.95821,7.1441,-1.67805
223,9.67332,8.29014,-1.6368
223,10.0516,7.19395,-1.6239
223,10.0051,7.47404,-1.63
223,9.70523,8.61353,-1.63298
223,9.71514,8.62077,-1.61942
223,9.71357,8.6985,-1.57214
223,9.75379,8.6629,-1.5249
223,9.72533,8.64351,-1.63273
223,9.73676,8.70498,-1.56146
223,9.7873,8.63177,-1.5369
223,10.1468,7.24027,-1.68997
223,9.82394,8.66175,-1.56285
223,10.1753,7.87142,-1.64031
223,10.1717,7.9041,-1.66131
223,10.1994,7.91538,-1.68359
223,10.2404,7.91027,-1.69468
223,10.591,7.02434,-1.65267
223,11.3409,4.93485,-1.6434
223,10.5412,8.2663,-1.72527
223,11.2696,5.87997,-1.56571
223,10.8738,7.34148,-1.62666
223,11.303,5.77334,-1.59219
223,10.8926,7.34709,-1.63671
223,11.3859,5.51137,-1.63974
223,11.383,5.48037,-1.67291
223,11.3922,5.49231,-1.64943
223,11.3817,5.5072,-1.66726
223,11.3977,5.48482,-1.64069
223,11.3821,5.49722,-1.67569
223,11.4174,5.4679,-1.64335
223,11.2665,6.21123,-1.53679
223,11.4199,5.47766,-1.64647
223,11.3167,6.4822,-1.54371
223,11.1174,7.26406,-1.61413
223,11.4642,6.21069,-1.56622
223,11.3833,6.71526,-1.60804
223,11.3971,6.67583,-1.6074
223,11.5371,6.24085,-1.56415
223,11.5289,6.222,-1.60316
223,11.5521,6.24048,-1.56269
223,11.5846,6.22391,-1.62069
223,11.4735,6.90149,-1.59548
223,11.4762,6.91627,-1.58499
223,11.4785,6.92409,-1.60239
223,11.4718,6.99603,-1.60719
223,11.5102,6.92074,-1.58913
223,11.678,6.24561,-1.62433
223,11.5131,6.99522,-1.60261
223,11.5049,7.08565,-1.59936
223,11.5192,7.04136,-1.61534
223,11.546,7.04943,-1.60496
223,11.623,7.15751,-1.56294
223,11.6908,7.12274,-1.58416
223,11.7141,7.55738,-1.5555
223,11.6134,8.35961,-1.57777
223,11.6461,8.38011,-1.59816
223,11.667,8.39097,-1.5836
223,14.2649,4.92431,-1.90581
223,14.9802,7.95688,-1.84671
222,14.9802,7.95688,-1.84671
223,14.8643,7.91195,-1.74123
222,14.8643,7.91195,-1.74123
223,214.297,7.17122,-16.2169
222,214.297,7.17122,-16.2169
223,43.9595,5.3727,-2.54958
222,43.9595,5.3727,-2.54958
223,41.8678,4.1136,-2.50127
222,41.8678,4.1136,-2.50127
223,40.9771,0.0431023,-2.02091
222,40.9771,0.0431023,-2.02091
223,14.8976,7.92243,-1.71482
222,14.8976,7.92243,-1.71482
223,30.8247,18.7718,-1.86756
222,30.8247,18.7718,-1.86756
223,20.9523,3.81635,-1.92274
222,20.9523,3.81635,-1.92274
223,49.558,10.1932,-1.25854
222,49.558,10.1932,-1.25854
223,49.4003,10.096,-1.0501
222,49.4003,10.096,-1.0501
223,43.3354,1.54844,-2.78968
222,43.3354,1.54844,-2.78968
223,23.7875,2.43665,-1.38343
222,23.7875,2.43665,-1.38343
223,25.7505,2.02369,-1.55733
222,25.7505,2.02369,-1.55733
223,30.875,3.46347,-1.71494
222,30.875,3.46347,-1.71494
223,55.5846,-1.19139,-2.96584
222,55.5846,-1.19139,-2.96584
223,66.3656,-3.77207,-0.216671
222,66.3656,-3.77207,-0.216671
223,39.1671,5.34174,-0.952175
222,39.1671,5.34174,-0.952175
223,47.7681,3.58527,-1.38427
222,47.7681,3.58527,-1.38427
223,47.3783,3.80321,-1.28861
222,47.3783,3.80321,-1.28861
223,49.1778,10.6563,1.53093
222,49.1778,10.6563,1.53093
223,42.7412,10.2091,-1.89872
222,42.7412,10.2091,-1.89872
223,17.2737,4.104,-2.80042
222,17.2737,4.104,-2.80042
223,47.2071,3.00537,-1.22465
222,47.2071,3.00537,-1.22465
223,14.9693,10.7127,-1.65729
222,14.9693,10.7127,-1.65729
223,15.4857,4.32829,-2.16301
222,15.4857,4.32829,-2.16301
223,17.2632,10.6702,-1.72262
222,17.2632,10.6702,-1.72262
223,40.7997,10.5108,-0.770469
222,40.7997,10.5108,-0.770469
223,41.566,6.92739,-2.23031
222,41.566,6.92739,-2.23031
223,15.0757,10.7684,-1.6694
222,15.0757,10.7684,-1.6694
223,48.5997,10.6491,2.97997
222,48.5997,10.6491,2.97997
223,23.641,7.72139,-0.296268
222,23.641,7.72139,-0.296268
223,47.9452,10.1937,2.62642
222,47.9452,10.1937,2.62642
223,44.3255,9.30472,2.52784
222,44.3255,9.30472,2.52784
223,38.8916,4.00808,-2.01971
222,38.8916,4.00808,-2.01971
223,36.4058,1.36525,-1.69647
222,36.4058,1.36525,-1.69647
223,42.7965,6.21395,-2.5734
222,42.7965,6.21395,-2.5734
223,32.3118,6.08238,-1.65711
222,32.3118,6.08238,-1.65711
223,21.4302,6.4605,-0.876445
222,21.4302,6.4605,-0.876445
223,41.0066,12.9747,3.02103
222,41.0066,12.9747,3.02103
223,25.5038,2.02962,-0.389797
222,25.5038,2.02962,-0.389797
223,64.7555,-11.7312,-0.133106
222,64.7555,-11.7312,-0.133106
223,40.2517,10.4989,-1.13307
222,40.2517,10.4989,-1.13307
223,19.1377,7.57764,0.662003
222,19.1377,7.57764,0.662003
223,38.0212,0.636469,-1.77304
222,38.0212,0.636469,-1.77304
223,41.1149,10.3776,2.46941
222,41.1149,10.3776,2.46941
223,46.5622,4.60497,-1.22987
222,46.5622,4.60497,-1.22987
223,34.2697,6.76158,2.05074
222,34.2697,6.76158,2.05074
223,20.0065,13.6474,-1.11636
222,20.0065,13.6474,-1.11636
223,16.1876,4.47976,-1.78183
222,16.1876,4.47976,-1.78183
223,72.2558,-14.0729,-0.281326
222,72.2558,-14.0729,-0.281326
223,28.6607,6.27954,-1.44208
222,28.6607,6.27954,-1.44208
223,15.0439,4.6907,-1.97455
222,15.0439,4.6907,-1.97455
223,44.7277,-6.68589,0.0115131
222,44.7277,-6.68589,0.0115131
223,18.3528,7.46678,0.819581
222,18.3528,7.46678,0.819581
223,69.8159,-3.87856,-3.89801
222,69.8159,-3.87856,-3.89801
223,15.0482,10.8536,-0.616779
222,15.0482,10.8536,-0.616779
223,74.359,-18.9764,-0.294634
222,74.359,-18.9764,-0.294634
223,18.3584,15.1794,-0.138343
222,18.3584,15.1794,-0.138343
223,46.5412,9.03411,-2.63574
222,46.5412,9.03411,-2.63574
223,17.0401,14.2984,-0.121756
222,17.0401,14.2984,-0.121756
223,14.395,10.5367,-1.55237
222,14.395,10.5367,-1.55237
223,37.9948,10.1524,-0.632519
222,37.9948,10.1524,-0.632519
223,39.1922,1.31089,-2.58067
222,39.1922,1.31089,-2.58067
223,31.414,2.471,-1.31488
222,31.414,2.471,-1.31488
223,16.696,4.26751,-1.86664
222,16.696,4.26751,-1.86664
223,37.3932,2.48057,-1.88481
222,37.3932,2.48057,-1.88481
223,75.2827,-14.9792,-0.185696
222,75.2827,-14.9792,-0.185696
223,43.9675,9.61814,-2.44613
222,43.9675,9.61814,-2.44613
223,17.4923,14.2916,-1.16257
222,17.4923,14.2916,-1.16257
223,36.9068,11.8818,2.79298
222,36.9068,11.8818,2.79298
223,15.6288,13.4117,0.305188
222,15.6288,13.4117,0.305188
223,16.0381,7.15159,0.552368
222,16.0381,7.15159,0.552368
223,23.7472,19.6525,-0.256859
222,23.7472,19.6525,-0.256859
223,26.1762,5.29427,-0.736942
222,26.1762,5.29427,-0.736942
223,47.5958,10.3989,-1.04255
222,47.5958,10.3989,-1.04255
223,45.6211,-4.75004,-0.00501548
222,45.6211,-4.75004,-0.00501548
223,35.8913,1.36663,0.0169562
222,35.8913,1.36663,0.0169562
223,15.7893,2.6527,-1.56276
222,15.7893,2.6527,-1.56276
223,14.3399,7.58942,-1.59437
222,14.3399,7.58942,-1.59437
223,19.9507,16.2477,-1.46854
222,19.9507,16.2477,-1.46854
223,40.7094,1.2097,-1.85312
222,40.7094,1.2097,-1.85312
223,22.2173,15.9417,-1.52619
222,22.2173,15.9417,-1.52619
223,14.7018,12.3042,-1.54244
222,14.7018,12.3042,-1.54244
223,17.1138,12.1653,-0.829226
222,17.1138,12.1653,-0.829226
223,65.6964,-11.983,-0.0904827
222,65.6964,-11.983,-0.0904827
223,46.9799,11.3759,1.81121
222,46.9799,11.3759,1.81121
223,14.3112,7.55586,-1.59977
222,14.3112,7.55586,-1.59977
223,43.3487,0.554115,-3.04367
221,43.3487,0.554115,-3.04367
223,28.3696,3.91492,-1.47612
221,28.3696,3.91492,-1.47612
223,37.0596,12.2924,-0.448806
221,37.0596,12.2924,-0.448806
223,64.4007,1.83999,-0.0737482
221,64.4007,1.83999,-0.0737482
223,17.8142,8.99701,-1.6279
221,17.8142,8.99701,-1.6279
223,26.8352,18.0721,-1.85605
221,26.8352,18.0721,-1.85605
223,26.2015,17.8624,-1.8529
221,26.2015,17.8624,-1.8529
223,15.1532,4.6473,-1.53768
221,15.1532,4.6473,-1.53768
223,56.4227,0.116302,-1.36
221,56.4227,0.116302,-1.36
223,26.5119,15.1641,-1.34292
221,26.5119,15.1641,-1.34292
223,14.7291,10.5445,-1.61475
221,14.7291,10.5445,-1.61475
223,26.5645,14.2443,2.27049
221,26.5645,14.2443,2.27049
223,48.2531,10.6919,2.6303
221,48.2531,10.6919,2.6303
223,25.0094,14.2734,2.243
221,25.0094,14.2734,2.243
223,28.7372,2.71247,-1.54468
221,28.7372,2.71247,-1.54468
223,25.0921,8.01546,-1.35066
221,25.0921,8.01546,-1.35066
223,14.7897,10.5915,-1.62387
221,14.7897,10.5915,-1.62387
223,36.3805,6.79382,-1.8644
221,36.3805,6.79382,-1.8644
223,8.99484,7.62897,0.224877
221,8.99484,7.62897,0.224877
223,38.7734,10.0467,1.92921
221,38.7734,10.0467,1.92921
223,40.7281,9.29604,-0.822531
221,40.7281,9.29604,-0.822531
223,33.9172,4.955,-1.16312
221,33.9172,4.955,-1.16312
223,15.0926,11.044,-1.73141
221,15.0926,11.044,-1.73141
223,41.7249,-1.32991,-2.00242
221,41.7249,-1.32991,-2.00242
223,48.4159,10.4893,-1.87922
221,48.4159,10.4893,-1.87922
223,18.0846,3.86238,-2.29746
221,18.0846,3.86238,-2.29746
223,120.096,-5.50578,-3.39205
221,120.096,-5.50578,-3.39205
223,19.5341,3.80039,-2.52854
221,19.5341,3.80039,-2.52854
223,40.3472,1.81186,-2.60501
219,40.3472,1.81186,-2.60501
223,39.2655,9.40729,2.35077
219,39.2655,9.40729,2.35077
223,36.9158,9.78476,1.70468
219,36.9158,9.78476,1.70468
223,44.8305,9.54158,1.32903
219,44.8305,9.54158,1.32903
223,17.1467,4.32948,-1.98364
219,17.1467,4.32948,-1.98364
223,114.754,-27.2613,-3.19319
219,114.754,-27.2613,-3.19319
223,19.4027,16.2218,-0.163963
219,19.4027,16.2218,-0.163963
223,42.2202,1.37154,-2.1456
219,42.2202,1.37154,-2.1456
223,37.0265,8.14689,1.09466
219,37.0265,8.14689,1.09466
223,40.1476,10.5498,-1.17414
219,40.1476,10.5498,-1.17414
223,52.5082,0.13363,-2.83987
219,52.5082,0.13363,-2.83987
223,11.4195,6.36421,-1.6045
217,11.4195,6.36421,-1.6045
223,14.3965,7.63755,-1.59781
217,14.3965,7.63755,-1.59781
223,28.7629,19.7423,-2.32669
217,28.7629,19.7423,-2.32669
223,43.0852,9.38956,1.49521
217,43.0852,9.38956,1.49521
223,40.2836,-1.05469,-2.93907
217,40.2836,-1.05469,-2.93907
223,57.9155,-1.37817,-3.87759
217,57.9155,-1.37817,-3.87759
223,14.3504,7.62837,-1.68857
217,14.3504,7.62837,-1.68857
223,18.7916,18.6084,-0.346212
217,18.7916,18.6084,-0.346212
223,43.0922,10.558,2.65807
217,43.0922,10.558,2.65807
223,14.1671,6.88919,0.529947
217,14.1671,6.88919,0.529947
223,51.4695,11.9527,-1.04816
217,51.4695,11.9527,-1.04816
223,35.7106,2.44574,-2.21206
215,35.7106,2.44574,-2.21206
223,37.2462,2.25134,-2.27923
215,37.2462,2.25134,-2.27923
223,39.5601,2.01186,-2.46457
215,39.5601,2.01186,-2.46457
223,21.0184,8.54511,-1.61763
215,21.0184,8.54511,-1.61763
223,14.8751,3.33065,-0.0328287
215,14.8751,3.33065,-0.0328287
223,86.0152,13.5547,2.60938
215,86.0152,13.5547,2.60938
223,39.5086,6.52202,-0.169514
214,39.5086,6.52202,-0.169514
223,38.6038,6.65544,-0.166119
214,38.6038,6.65544,-0.166119
223,39.3876,6.38488,-0.0123279
214,39.3876,6.38488,-0.0123279
223,25.3056,8.45362,-0.687145
214,25.3056,8.45362,-0.687145
223,22.8407,12.7898,1.8989
214,22.8407,12.7898,1.8989
223,15.4398,10.944,-1.76892
214,15.4398,10.944,-1.76892
223,42.4084,1.46105,-2.39387
214,42.4084,1.46105,-2.39387
223,35.3211,9.01898,-1.18205
214,35.3211,9.01898,-1.18205
223,43.6769,10.1248,1.4129
214,43.6769,10.1248,1.4129
223,14.7488,14.0041,-0.132742
214,14.7488,14.0041,-0.132742
223,21.0992,16.5916,-1.58081
214,21.0992,16.5916,-1.58081
223,24.7307,17.5062,-1.7591
213,24.7307,17.5062,-1.7591
223,49.5699,14.136,2.06538
213,49.5699,14.136,2.06538
223,16.1671,15.9748,0.0618761
213,16.1671,15.9748,0.0618761
223,18.9392,19.1981,-0.152405
213,18.9392,19.1981,-0.152405
223,28.5945,1.15213,-0.924995
213,28.5945,1.15213,-0.924995
223,41.7565,9.70522,-0.869153
212,41.7565,9.70522,-0.869153
223,45.292,6.83153,-0.58039
209,45.292,6.83153,-0.58039
224,9.53405,6.9738,-1.62721
224,9.5363,6.96768,-1.62723
224,9.53173,6.99442,-1.63179
224,9.5361,6.97242,-1.63556
224,9.53059,6.99387,-1.63758
224,9.56341,7.24356,-1.62808
224,9.56702,7.25365,-1.63424
224,9.57682,7.22474,-1.63071
224,9.58362,7.23044,-1.6304
224,9.57819,7.31702,-1.64002
224,9.58279,7.29027,-1.65017
224,9.57382,7.45334,-1.61154
224,9.6679,7.15155,-1.61519
224,9.57954,7.49161,-1.6275
224,9.59993,7.64341,-1.60659
224,9.59715,7.67058,-1.61226
224,9.59619,7.71291,-1.60851
224,9.61943,7.6203,-1.64599
224,9.61095,7.67834,-1.63524
224,9.62255,7.62611,-1.64644
224,9.64129,7.61319,-1.61676
224,9.606,7.79227,-1.5928
224,9.59937,7.81655,-1.59468
224,9.62285,7.66404,-1.63926
224,9.61685,7.70206,-1.6456
224,9.6024,7.84823,-1.59055
224,9.63275,7.66875,-1.64824
224,9.59433,7.88852,-1.61109
224,9.63166,7.70394,-1.65755
224,9.62603,7.75175,-1.64227
224,9.63432,7.74088,-1.65164
224,9.63485,7.83238,-1.63311
224,9.63044,7.87857,-1.62988
224,9.62297,7.95775,-1.60515
224,9.64144,7.85227,-1.63272
224,9.6217,7.91084,-1.64536
224,9.62072,7.9892,-1.62765
224,9.6444,7.98304,-1.63379
224,9.65057,7.98551,-1.63528
224,9.62038,8.21051,-1.58399
224,9.75464,7.82401,-1.57845
224,9.91495,7.43019,-1.56143
224,10.0052,7.1776,-1.60602
224,10.004,7.18732,-1.61684
224,9.69372,8.59164,-1.59804
224,9.70653,8.6194,-1.58066
224,10.2292,7.90614,-1.69332
224,10.4979,7.00656,-1.62585
224,10.5244,7.00457,-1.61274
224,10.5805,6.98953,-1.66819
224,10.6186,6.97974,-1.66308
224,10.3731,8.62253,-1.70272
224,10.3734,8.62741,-1.70778
224,11.6703,6.83869,0.452298
224,11.3015,5.55611,-1.61114
224,11.2993,6.13807,-1.55588
224,11.4402,5.51325,-1.6627
224,11.4473,5.49258,-1.66194
224,11.3374,6.2427,-1.56853
224,11.3965,6.20194,-1.53068
224,11.5118,6.26604,-1.53972
224,11.4068,6.67975,-1.60943
224,11.5321,6.22083,-1.60242
224,11.3944,6.88035,-1.55857
224,11.4086,7.00714,-1.55219
224,11.6189,6.25775,-1.59255
224,11.4859,6.98171,-1.63166
224,11.5712,6.88016,-1.6353
224,11.5791,7.10104,-1.52979
224,11.5955,7.10053,-1.65169
224,11.5767,7.63242,-1.52446
224,11.6687,7.6269,-1.58969
224,11.7853,7.59546,-1.57702
224,11.6494,8.35787,-1.59099
224,11.6717,8.43934,-1.61839
224,13.7111,6.13699,-1.58453
224,14.1965,6.16006,-1.73225
224,41.7816,3.50892,-0.0194868
223,41.7816,3.50892,-0.0194868
224,66.9348,1.69062,-0.104279
223,66.9348,1.69062,-0.104279
224,14.7126,7.88271,-1.67154
223,14.7126,7.88271,-1.67154
224,54.6259,0.81764,-2.91353
223,54.6259,0.81764,-2.91353
224,35.9257,2.45244,-2.29364
223,35.9257,2.45244,-2.29364
224,41.0846,1.26415,-2.00205
223,41.0846,1.26415,-2.00205
224,14.6239,4.72154,-1.7718
223,14.6239,4.72154,-1.7718
224,45.6039,-0.772095,-2.34108
223,45.6039,-0.772095,-2.34108
224,43.1847,3.95258,-1.19713
223,43.1847,3.95258,-1.19713
224,13.9413,4.93079,-2.03871
223,13.9413,4.93079,-2.03871
224,18.4733,3.71103,-2.47799
223,18.4733,3.71103,-2.47799
224,28.4826,8.40545,1.48328
223,28.4826,8.40545,1.48328
224,48.261,10.6947,2.62059
223,48.261,10.6947,2.62059
224,33.6709,4.19929,-1.87042
223,33.6709,4.19929,-1.87042
224,40.1875,3.84811,-2.20298
223,40.1875,3.84811,-2.20298
224,23.7566,16.8832,-1.66775
223,23.7566,16.8832,-1.66775
224,24.0191,17.1263,-1.6099
223,24.0191,17.1263,-1.6099
224,26.6797,6.476,-1.12946
223,26.6797,6.476,-1.12946
224,40.2324,9.95531,-1.78989
223,40.2324,9.95531,-1.78989
224,30.4532,8.47855,-0.86241
223,30.4532,8.47855,-0.86241
224,49.5363,10.1694,-1.20221
223,49.5363,10.1694,-1.20221
224,50.2181,10.808,1.60553
223,50.2181,10.808,1.60553
224,14.39,4.8573,-1.93528
223,14.39,4.8573,-1.93528
224,46.9004,3.03205,-1.21851
223,46.9004,3.03205,-1.21851
224,36.5185,7.26125,-2.10551
223,36.5185,7.26125,-2.10551
224,13.6778,9.8868,-1.31776
223,13.6778,9.8868,-1.31776
224,43.0241,10.8714,1.4128
223,43.0241,10.8714,1.4128
224,64.9215,-3.20993,1.3825
223,64.9215,-3.20993,1.3825
224,27.8883,6.5896,1.57251
223,27.8883,6.5896,1.57251
224,23.7707,16.3968,-1.71689
223,23.7707,16.3968,-1.71689
224,23.7655,16.3908,-1.66169
223,23.7655,16.3908,-1.66169
224,45.3518,13.4627,3.39951
223,45.3518,13.4627,3.39951
224,25.0627,8.40172,-0.490733
223,25.0627,8.40172,-0.490733
224,36.0614,9.07499,-0.711744
223,36.0614,9.07499,-0.711744
224,46.6169,10.3964,1.56515
223,46.6169,10.3964,1.56515
224,45.2781,9.59938,1.5585
223,45.2781,9.59938,1.5585
224,47.7233,10.1855,2.59214
223,47.7233,10.1855,2.59214
224,23.2477,16.3688,-1.67883
223,23.2477,16.3688,-1.67883
224,43.4727,9.25317,2.46751
223,43.4727,9.25317,2.46751
224,32.887,1.95853,-1.4021
223,32.887,1.95853,-1.4021
224,51.6982,-1.00595,-2.65251
223,51.6982,-1.00595,-2.65251
224,36.0294,0.996019,-1.66671
223,36.0294,0.996019,-1.66671
224,40.7685,10.5681,-0.716982
223,40.7685,10.5681,-0.716982
224,22.3429,7.92209,1.23034
223,22.3429,7.92209,1.23034
224,46.0187,8.98444,-2.68911
223,46.0187,8.98444,-2.68911
224,42.1707,9.40723,-2.45387
223,42.1707,9.40723,-2.45387
224,9.5816,7.19536,-1.65116
223,9.5816,7.19536,-1.65116
224,26.5721,14.2458,2.26309
223,26.5721,14.2458,2.26309
224,48.9645,7.23886,3.03579
223,48.9645,7.23886,3.03579
224,25.2687,14.6223,-1.2645
223,25.2687,14.6223,-1.2645
224,65.2597,-11.9251,-1.65233
223,65.2597,-11.9251,-1.65233
224,43.404,9.9286,-1.58435
223,43.404,9.9286,-1.58435
224,39.3836,10.122,1.88307
223,39.3836,10.122,1.88307
224,38.9903,10.3986,1.84606
223,38.9903,10.3986,1.84606
224,36.9265,9.99793,-1.0013
223,36.9265,9.99793,-1.0013
224,15.3419,11.166,-1.81766
223,15.3419,11.166,-1.81766
224,25.3087,1.87869,-0.672441
223,25.3087,1.87869,-0.672441
224,28.0448,-1.01472,0.10763
223,28.0448,-1.01472,0.10763
224,44.844,2.10638,-2.2419
223,44.844,2.10638,-2.2419
224,31.2887,1.82432,-1.3296
223,31.2887,1.82432,-1.3296
224,15.325,10.8895,-1.78012
223,15.325,10.8895,-1.78012
224,35.6032,1.49588,0.0586215
223,35.6032,1.49588,0.0586215
224,40.3002,4.01047,-2.39505
223,40.3002,4.01047,-2.39505
224,32.8993,9.48615,-0.878697
223,32.8993,9.48615,-0.878697
224,21.363,7.78468,0.990218
223,21.363,7.78468,0.990218
224,42.4969,9.73084,2.10395
223,42.4969,9.73084,2.10395
224,37.2777,2.81098,-2.15563
223,37.2777,2.81098,-2.15563
224,34.0506,-2.23586,0.0905999
223,34.0506,-2.23586,0.0905999
224,23.4668,16.7901,-1.65564
223,23.4668,16.7901,-1.65564
224,46.2452,-4.91826,-0.039188
223,46.2452,-4.91826,-0.039188
224,68.1872,-3.80092,-0.169513
223,68.1872,-3.80092,-0.169513
224,39.3558,12.4618,3.01824
223,39.3558,12.4618,3.01824
224,16.9528,2.20231,-1.85044
223,16.9528,2.20231,-1.85044
224,17.7436,4.09864,-2.13185
223,17.7436,4.09864,-2.13185
224,36.3182,10.036,1.77566
223,36.3182,10.036,1.77566
224,21.9009,17.0911,-1.6529
223,21.9009,17.0911,-1.6529
224,19.2243,15.6976,-1.41811
223,19.2243,15.6976,-1.41811
224,15.8968,7.05947,0.824647
223,15.8968,7.05947,0.824647
224,15.6423,14.8251,-1.60656
223,15.6423,14.8251,-1.60656
224,25.2109,7.92881,-0.667575
223,25.2109,7.92881,-0.667575
224,57.6416,11.5213,-1.24263
223,57.6416,11.5213,-1.24263
224,17.4089,3.9958,-2.13028
223,17.4089,3.9958,-2.13028
224,13.1869,9.76249,-1.20499
223,13.1869,9.76249,-1.20499
224,15.227,10.7782,-1.74899
223,15.227,10.7782,-1.74899
224,21.7275,18.4002,-0.163341
223,21.7275,18.4002,-0.163341
224,31.4431,-0.759365,-1.32082
223,31.4431,-0.759365,-1.32082
224,14.6276,4.81127,-1.80728
223,14.6276,4.81127,-1.80728
224,17.0752,4.17223,-1.97647
222,17.0752,4.17223,-1.97647
224,38.5235,8.85569,-2.20616
222,38.5235,8.85569,-2.20616
224,25.973,2.83439,-2.77151
222,25.973,2.83439,-2.77151
224,16.1035,4.67197,-1.66567
222,16.1035,4.67197,-1.66567
224,35.1074,8.61351,1.7835
222,35.1074,8.61351,1.7835
224,44.9406,9.56949,2.34151
222,44.9406,9.56949,2.34151
224,24.8705,15.082,2.25313
222,24.8705,15.082,2.25313
224,21.6201,7.85538,-0.176531
222,21.6201,7.85538,-0.176531
224,160.009,-10.0839,-4.54486
222,160.009,-10.0839,-4.54486
224,16.2635,4.47032,-1.76757
222,16.2635,4.47032,-1.76757
224,68.1927,-2.83113,-5.18847
222,68.1927,-2.83113,-5.18847
224,22.7119,3.45535,-2.41765
222,22.7119,3.45535,-2.41765
224,15.3951,13.2339,0.12497
222,15.3951,13.2339,0.12497
224,39.2273,8.28158,2.35148
222,39.2273,8.28158,2.35148
224,46,0.619309,-0.941978
222,46,0.619309,-0.941978
224,36.7754,0.838228,-1.71233
222,36.7754,0.838228,-1.71233
224,17.2819,2.18727,-1.87881
222,17.2819,2.18727,-1.87881
224,25.7133,18.0175,-1.98984
222,25.7133,18.0175,-1.98984
224,14.7231,13.8338,0.11204
222,14.7231,13.8338,0.11204
224,16.4529,14.1221,0.288066
222,16.4529,14.1221,0.288066
224,39.6149,10.069,2.41317
222,39.6149,10.069,2.41317
224,15.4937,13.0405,-1.74826
222,15.4937,13.0405,-1.74826
224,14.0963,7.54301,-1.53414
222,14.0963,7.54301,-1.53414
224,14.6083,6.15307,-1.86992
222,14.6083,6.15307,-1.86992
224,48.1051,-0.0456502,-3.10739
222,48.1051,-0.0456502,-3.10739
224,68.5354,-13.0267,-0.147072
222,68.5354,-13.0267,-0.147072
224,31.651,8.91015,1.42534
221,31.651,8.91015,1.42534
224,15.1442,10.989,-1.73554
221,15.1442,10.989,-1.73554
224,63.7177,5.05573,-2.83624
221,63.7177,5.05573,-2.83624
224,27.4577,2.89426,-1.44797
221,27.4577,2.89426,-1.44797
224,25.4735,18.943,-1.56365
221,25.4735,18.943,-1.56365
224,40.2967,10.2728,-0.663009
221,40.2967,10.2728,-0.663009
224,38.0272,6.89585,2.15871
221,38.0272,6.89585,2.15871
224,39.0246,6.43521,-2.10999
221,39.0246,6.43521,-2.10999
224,33.3294,9.53286,1.26878
221,33.3294,9.53286,1.26878
224,16.3928,4.3155,-1.79071
221,16.3928,4.3155,-1.79071
224,15.9392,11.1862,-1.92581
221,15.9392,11.1862,-1.92581
224,35.0065,11.1973,-1.0224
219,35.0065,11.1973,-1.0224
224,34.4983,2.60708,-2.21683
219,34.4983,2.60708,-2.21683
224,23.1569,16.1208,-1.56163
219,23.1569,16.1208,-1.56163
224,14.9982,10.7412,-1.76146
219,14.9982,10.7412,-1.76146
224,23.8774,16.9896,-1.6998
219,23.8774,16.9896,-1.6998
224,72.5764,-14.0318,-1.84439
219,72.5764,-14.0318,-1.84439
224,48.7815,7.29681,-2.86437
219,48.7815,7.29681,-2.86437
224,53.7374,-1.3315,-2.79514
219,53.7374,-1.3315,-2.79514
224,24.0882,0.334412,0.0891202
219,24.0882,0.334412,0.0891202
224,59.8569,-13.6258,-1.69015
219,59.8569,-13.6258,-1.69015
224,60.2929,4.94718,-2.54506
219,60.2929,4.94718,-2.54506
224,14.7825,7.72956,-1.73459
219,14.7825,7.72956,-1.73459
224,13.8629,6.12162,-1.6661
219,13.8629,6.12162,-1.6661
224,46.7225,10.1827,2.55663
217,46.7225,10.1827,2.55663
224,52.6981,11.1328,1.85246
217,52.6981,11.1328,1.85246
224,27.1152,0.55681,-1.26275
217,27.1152,0.55681,-1.26275
224,15.6266,13.4064,0.0625662
217,15.6266,13.4064,0.0625662
224,55.2901,9.28389,3.32514
217,55.2901,9.28389,3.32514
224,43.1442,7.12671,2.51615
217,43.1442,7.12671,2.51615
224,55.7763,9.176,3.14726
217,55.7763,9.176,3.14726
224,48.272,7.25183,-0.516197
214,48.272,7.25183,-0.516197
224,23.0221,12.8624,1.90265
214,23.0221,12.8624,1.90265
224,45.7423,10.9229,-1.40223
214,45.7423,10.9229,-1.40223
224,27.5172,27.9389,-0.47055
214,27.5172,27.9389,-0.47055
224,19.2877,6.78271,1.02345
214,19.2877,6.78271,1.02345
224,21.6234,16.9386,-1.63369
214,21.6234,16.9386,-1.63369
224,19.8021,14.2592,-1.22381
214,19.8021,14.2592,-1.22381
224,51.6299,11.3926,-1.58299
215,51.6299,11.3926,-1.58299
224,38.4537,2.12249,-2.54329
215,38.4537,2.12249,-2.54329
224,23.573,16.3094,-1.59277
215,23.573,16.3094,-1.59277
224,15.8142,7.14511,0.77593
213,15.8142,7.14511,0.77593
224,17.8093,14.5007,-1.25483
213,17.8093,14.5007,-1.25483
224,40.4842,10.5237,1.39008
213,40.4842,10.5237,1.39008
224,24.0441,17.2358,-1.76613
209,24.0441,17.2358,-1.76613
224,42.2165,38.3822,-0.478069
209,42.2165,38.3822,-0.478069
225,8.25276,6.12664,0.265688
225,8.2767,6.12249,0.256874
225,8.27717,6.12288,0.257028
225,9.96537,7.13115,-1.6812
225,9.9704,7.13604,-1.69005
225,9.67037,8.33875,-1.61786
225,9.67191,8.38608,-1.61255
225,9.92015,7.50712,-1.66476
225,9.93333,7.52442,-1.67199
225,10.0735,7.21365,-1.62611
225,10.0801,7.19009,-1.659
225,10.0877,7.20538,-1.64579
225,10.0027,7.50156,-1.67218
225,9.72233,8.5744,-1.56663
225,10.1166,7.22202,-1.67492
225,9.89065,7.95083,-1.70722
225,10.079,7.50059,-1.6937
225,9.80657,8.65653,-1.56763
225,10.4843,6.99445,-1.61093
225,10.4968,7.01499,-1.62452
225,10.5128,7.01098,-1.61083
225,10.5245,6.99973,-1.61513
225,10.6099,6.97745,-1.7052
225,10.6261,6.96497,-1.69609
225,10.6295,6.96663,-1.69036
225,11.3509,5.53218,-1.64019
225,10.9478,7.37991,-1.67505
225,11.3798,6.68282,-1.60133
225,11.1836,7.29042,-1.66589
225,11.4362,6.91062,-1.56712
225,11.4523,6.87219,-1.57812
225,11.4436,6.88711,-1.5931
225,11.4332,6.91224,-1.60589
225,11.4681,6.91888,-1.57966
225,11.6577,6.26353,-1.6168
225,11.5065,6.88759,-1.61461
225,11.5076,7.08401,-1.58625
225,11.5331,6.99368,-1.61587
225,11.5185,7.05776,-1.60295
225,11.5513,6.96622,-1.60585
225,11.5382,7.02538,-1.65036
225,11.6703,6.65289,-1.60237
225,11.5604,7.04517,-1.62958
225,11.6391,7.5736,-1.55548
225,11.6718,8.3997,-1.59457
225,11.6908,8.4019,-1.60459
225,13.8746,6.15989,-1.63325
225,40.3631,6.69573,-0.474743
223,40.3631,6.69573,-0.474743
225,15.2669,7.85791,-1.84468
223,15.2669,7.85791,-1.84468
225,40.5483,6.52779,-0.219961
223,40.5483,6.52779,-0.219961
225,36.6538,6.16219,-2.09344
223,36.6538,6.16219,-2.09344
225,46.3055,10.1696,-0.982979
223,46.3055,10.1696,-0.982979
225,16.5502,7.4277,-1.68229
223,16.5502,7.4277,-1.68229
225,48.4235,11.5812,-1.01862
223,48.4235,11.5812,-1.01862
225,14.0874,7.59103,-1.58948
223,14.0874,7.59103,-1.58948
225,46.8331,0.821889,-3.08768
223,46.8331,0.821889,-3.08768
225,23.2726,16.4015,-1.6893
223,23.2726,16.4015,-1.6893
225,15.9959,11.3532,-1.94315
223,15.9959,11.3532,-1.94315
225,18.3703,7.39972,0.974166
223,18.3703,7.39972,0.974166
225,26.499,8.46931,1.47517
223,26.499,8.46931,1.47517
225,24.1496,18.5505,-2.02452
223,24.1496,18.5505,-2.02452
225,48.2625,10.6865,2.60914
223,48.2625,10.6865,2.60914
225,19.4372,7.5169,1.03727
223,19.4372,7.5169,1.03727
225,49.967,10.0148,1.48817
223,49.967,10.0148,1.48817
225,52.7438,10.3065,1.8108
223,52.7438,10.3065,1.8108
225,43.0844,7.03164,2.54792
223,43.0844,7.03164,2.54792
225,49.7088,7.2194,3.02548
223,49.7088,7.2194,3.02548
225,15.6876,7.94435,-2.08452
223,15.6876,7.94435,-2.08452
225,26.4985,14.2212,2.28546
223,26.4985,14.2212,2.28546
225,50.2834,11.4865,3.06029
223,50.2834,11.4865,3.06029
225,49.7285,10.4244,2.71191
223,49.7285,10.4244,2.71191
225,48.0476,0.359935,-2.47253
223,48.0476,0.359935,-2.47253
225,34.38,11.5869,2.45915
223,34.38,11.5869,2.45915
225,26.7147,8.19136,-1.50605
223,26.7147,8.19136,-1.50605
225,20.7707,7.49807,1.12666
223,20.7707,7.49807,1.12666
225,37.2263,10.0557,1.33306
223,37.2263,10.0557,1.33306
225,38.7021,10.3367,1.86066
223,38.7021,10.3367,1.86066
225,32.9276,6.33181,-1.79044
223,32.9276,6.33181,-1.79044
225,38.4483,10.2343,-1.45852
223,38.4483,10.2343,-1.45852
225,32.1312,8.97,1.09288
223,32.1312,8.97,1.09288
225,30.4821,2.0296,-1.24505
223,30.4821,2.0296,-1.24505
225,12.8705,11.8098,0.0120131
223,12.8705,11.8098,0.0120131
225,40.5883,10.2863,1.98032
223,40.5883,10.2863,1.98032
225,52.1735,-0.385124,-2.68875
223,52.1735,-0.385124,-2.68875
225,19.1597,19.3823,-1.62454
223,19.1597,19.3823,-1.62454
225,13.2115,13.0281,-1.34435
223,13.2115,13.0281,-1.34435
225,45.8186,-0.20204,-0.0693484
223,45.8186,-0.20204,-0.0693484
225,22.08,15.8563,-1.47534
223,22.08,15.8563,-1.47534
225,39.0245,12.359,2.96293
223,39.0245,12.359,2.96293
225,38.2461,8.25245,2.25638
223,38.2461,8.25245,2.25638
225,26.7646,18.2941,-1.93462
223,26.7646,18.2941,-1.93462
225,22.2708,15.4626,-1.41638
223,22.2708,15.4626,-1.41638
225,57.5022,11.491,-1.40495
223,57.5022,11.491,-1.40495
225,41.256,0.0890241,-1.99487
223,41.256,0.0890241,-1.99487
225,18.2428,18.565,-1.40527
223,18.2428,18.565,-1.40527
225,32.7369,7.7356,1.92552
223,32.7369,7.7356,1.92552
225,17.3036,4.17253,-2.02337
223,17.3036,4.17253,-2.02337
225,18.6534,3.93248,-2.35355
223,18.6534,3.93248,-2.35355
225,49.9802,-0.252568,-3.55408
223,49.9802,-0.252568,-3.55408
225,25.7084,17.6783,-1.7973
223,25.7084,17.6783,-1.7973
225,48.5453,1.78074,-1.04147
223,48.5453,1.78074,-1.04147
225,52.9395,-0.436683,-2.57265
223,52.9395,-0.436683,-2.57265
225,15.1581,10.6731,-1.75133
223,15.1581,10.6731,-1.75133
225,43.147,1.52775,-2.98496
224,43.147,1.52775,-2.98496
225,47.4127,7.03225,-0.084019
224,47.4127,7.03225,-0.084019
225,23.767,16.3876,-1.671
224,23.767,16.3876,-1.671
225,38.4641,9.03166,-0.73952
224,38.4641,9.03166,-0.73952
225,36.9768,6.00439,-2.04958
224,36.9768,6.00439,-2.04958
225,121.016,-6.09159,-3.60213
224,121.016,-6.09159,-3.60213
225,27.1414,6.73806,-1.26872
224,27.1414,6.73806,-1.26872
225,40.6905,7.44761,-2.49849
224,40.6905,7.44761,-2.49849
225,37.1982,10.1038,1.20688
224,37.1982,10.1038,1.20688
225,23.767,16.3876,-1.671
224,23.767,16.3876,-1.671
225,16.139,7.6268,-1.56939
224,16.139,7.6268,-1.56939
225,16.9727,8.88902,-0.569971
224,16.9727,8.88902,-0.569971
225,48.5936,9.94813,2.56025
224,48.5936,9.94813,2.56025
225,14.1049,7.59225,-1.51502
224,14.1049,7.59225,-1.51502
225,24.8263,15.2079,2.32899
224,24.8263,15.2079,2.32899
225,23.5548,18.9118,-1.50286
224,23.5548,18.9118,-1.50286
225,16.978,8.89098,-0.565741
224,16.978,8.89098,-0.565741
225,24.7944,1.19206,-0.859682
224,24.7944,1.19206,-0.859682
225,16.2487,14.0506,0.111842
224,16.2487,14.0506,0.111842
225,16.3043,14.0408,0.288792
224,16.3043,14.0408,0.288792
225,15.7465,11.5652,-0.703073
224,15.7465,11.5652,-0.703073
225,26.5674,8.63996,0.941938
224,26.5674,8.63996,0.941938
225,32.079,8.62814,1.55884
224,32.079,8.62814,1.55884
225,16.5351,15.8202,-1.02542
224,16.5351,15.8202,-1.02542
225,14.86,7.74508,-1.76504
224,14.86,7.74508,-1.76504
225,34.5324,1.7366,-1.99137
224,34.5324,1.7366,-1.99137
225,19.9024,17.061,-0.245125
224,19.9024,17.061,-0.245125
225,42.1447,8.19365,2.52678
224,42.1447,8.19365,2.52678
225,15.39,13.2676,-0.919955
224,15.39,13.2676,-0.919955
225,15.4942,13.3001,-0.88114
224,15.4942,13.3001,-0.88114
225,9.59838,8.53837,-1.45326
224,9.59838,8.53837,-1.45326
225,34.0947,8.5999,1.15366
224,34.0947,8.5999,1.15366
225,40.765,10.2002,2.45943
224,40.765,10.2002,2.45943
225,9.26916,7.8181,0.234678
224,9.26916,7.8181,0.234678
225,20.7563,17.841,-0.311288
224,20.7563,17.841,-0.311288
225,13.8876,7.52266,-1.48833
224,13.8876,7.52266,-1.48833
225,54.0762,7.3433,3.1864
224,54.0762,7.3433,3.1864
225,15.4849,12.9946,-1.74604
224,15.4849,12.9946,-1.74604
225,14.5062,7.88015,-1.63808
224,14.5062,7.88015,-1.63808
225,24.9325,1.15597,-0.866527
224,24.9325,1.15597,-0.866527
225,22.5803,8.07914,-0.179405
224,22.5803,8.07914,-0.179405
225,78.6327,8.31048,4.6537
224,78.6327,8.31048,4.6537
225,30.7702,8.64265,1.43894
222,30.7702,8.64265,1.43894
225,35.5299,24.9325,-3.20138
222,35.5299,24.9325,-3.20138
225,24.0559,14.507,2.15471
222,24.0559,14.507,2.15471
225,18.4416,14.3776,-1.22027
222,18.4416,14.3776,-1.22027
225,22.1069,15.8418,-1.4925
222,22.1069,15.8418,-1.4925
225,52.6317,-0.427359,-2.77587
222,52.6317,-0.427359,-2.77587
225,21.1074,14.0414,1.86023
222,21.1074,14.0414,1.86023
225,15.8578,15.3758,0.0332664
222,15.8578,15.3758,0.0332664
225,16.0897,15.2556,-0.127427
222,16.0897,15.2556,-0.127427
225,23.0818,20.2179,-2.14234
222,23.0818,20.2179,-2.14234
225,19.6217,17.1069,-1.60902
222,19.6217,17.1069,-1.60902
225,46.2429,10.6631,1.60689
222,46.2429,10.6631,1.60689
225,14.8362,13.9511,0.11406
222,14.8362,13.9511,0.11406
225,15.5068,14.6808,-1.16491
222,15.5068,14.6808,-1.16491
225,27.5316,7.28974,1.55398
222,27.5316,7.28974,1.55398
225,42.5468,7.30259,-2.44397
222,42.5468,7.30259,-2.44397
225,83.6427,9.00988,-5.66044
222,83.6427,9.00988,-5.66044
225,13.1143,12.6567,-0.872639
222,13.1143,12.6567,-0.872639
225,16.7269,16.0781,0.0544069
222,16.7269,16.0781,0.0544069
225,24.5645,7.88971,-1.34125
221,24.5645,7.88971,-1.34125
225,27.4544,8.24794,-1.61679
221,27.4544,8.24794,-1.61679
225,21.6355,15.1487,-1.38229
221,21.6355,15.1487,-1.38229
225,38.9993,9.38635,-1.81664
221,38.9993,9.38635,-1.81664
225,16.9614,4.23572,-1.94504
221,16.9614,4.23572,-1.94504
225,14.3545,7.78866,-1.60821
221,14.3545,7.78866,-1.60821
225,61.8184,6.19032,-4.03539
221,61.8184,6.19032,-4.03539
225,105.904,-4.26896,-3.01605
221,105.904,-4.26896,-3.01605
225,74.52,12.5298,4.55626
221,74.52,12.5298,4.55626
225,37.8069,9.59385,1.28336
221,37.8069,9.59385,1.28336
225,9.87328,8.3944,0.24721
221,9.87328,8.3944,0.24721
225,10.1141,8.60496,0.247212
221,10.1141,8.60496,0.247212
225,15.9269,15.4784,0.0357765
221,15.9269,15.4784,0.0357765
225,20.2616,7.35528,1.08446
219,20.2616,7.35528,1.08446
225,16.0035,7.3881,-1.54238
219,16.0035,7.3881,-1.54238
225,38.702,8.29134,0.983585
219,38.702,8.29134,0.983585
225,19.4341,20.6507,-0.0845809
219,19.4341,20.6507,-0.0845809
225,21.3501,16.7176,-1.58351
219,21.3501,16.7176,-1.58351
225,15.0556,10.7793,-1.68693
217,15.0556,10.7793,-1.68693
225,21.0715,11.3978,-1.57353
217,21.0715,11.3978,-1.57353
225,21.6648,14.3639,2.15766
217,21.6648,14.3639,2.15766
225,22.1923,13.3015,2.15051
217,22.1923,13.3015,2.15051
225,15.276,13.1281,0.0661237
217,15.276,13.1281,0.0661237
225,23.2289,14.4406,2.16462
217,23.2289,14.4406,2.16462
225,64.3543,69.4734,-1.77827
217,64.3543,69.4734,-1.77827
225,21.4337,12.9842,1.89365
217,21.4337,12.9842,1.89365
225,62.1726,12.7653,3.57482
217,62.1726,12.7653,3.57482
225,43.1519,6.39086,-0.561205
214,43.1519,6.39086,-0.561205
225,22.8411,12.7885,1.87917
214,22.8411,12.7885,1.87917
225,27.2325,14.5609,2.68205
214,27.2325,14.5609,2.68205
225,25.8855,14.6618,2.34522
214,25.8855,14.6618,2.34522
225,25.4337,13.7946,2.13242
214,25.4337,13.7946,2.13242
225,15.636,14.7717,-0.158915
214,15.636,14.7717,-0.158915
225,33.2658,7.64703,1.90921
214,33.2658,7.64703,1.90921
225,39.5671,2.01468,-2.50078
215,39.5671,2.01468,-2.50078
225,25.2002,19.6911,-2.11583
215,25.2002,19.6911,-2.11583
225,19.1293,19.3663,-0.167204
213,19.1293,19.3663,-0.167204
225,25.3281,17.9173,-1.85726
209,25.3281,17.9173,-1.85726
225,27.1579,14.4174,2.9578
209,27.1579,14.4174,2.9578
225,25.8921,14.4352,2.3797
209,25.8921,14.4352,2.3797
225,26.1657,22.2292,0.3311
209,26.1657,22.2292,0.3311
226,8.4889,6.26173,0.296949
226,9.84222,8.67086,-1.5631
226,10.197,7.81576,-1.63453
226,10.1945,7.8328,-1.63769
226,10.5125,7.01572,-1.62072
226,10.2172,7.83298,-1.65092
226,10.5548,7.00931,-1.63437
226,10.5747,7.00834,-1.63405
226,10.2863,7.87931,-1.64096
226,10.9587,6.86373,-1.67339
226,11.4533,5.50553,-1.68778
226,10.9735,6.86939,-1.68684
226,10.3346,8.72787,-1.71018
226,10.8877,7.36163,-1.61324
226,10.9424,7.37576,-1.65359
226,10.9453,7.37292,-1.65663
226,11.4074,6.21664,-1.59073
226,11.4547,6.23286,-1.547
226,11.4748,6.22861,-1.54007
226,11.4701,6.22207,-1.56395
226,11.5262,6.27356,-1.52944
226,11.5258,6.26915,-1.58837
226,11.546,6.26071,-1.54529
226,11.4396,6.60942,-1.53397
226,11.5874,6.26273,-1.55066
226,11.406,7.06219,-1.53761
226,11.4492,6.9162,-1.58088
226,11.699,6.25069,-1.63757
226,11.4838,6.92304,-1.58149
226,11.4745,7.00911,-1.58734
226,11.485,6.96244,-1.61145
226,11.4727,7.04715,-1.57436
226,11.4923,7.02877,-1.58585
226,11.5078,7.01415,-1.59674
226,11.7638,6.25285,-1.67079
226,11.7028,7.18293,-1.58882
226,11.6894,7.59494,-1.58365
226,11.7685,7.56756,-1.57295
226,11.5589,8.40525,-1.56646
226,11.5958,8.36315,-1.51106
226,11.6868,8.40331,-1.60487
226,14.3477,4.7912,-1.70696
226,14.3284,4.79915,-1.77084
226,14.4251,4.73669,-1.72078
226,14.4104,4.78387,-1.72499
226,14.0063,6.18437,-1.66319
226,14.5897,7.692,-1.67993
226,26.1819,8.04823,-1.4943
225,26.1819,8.04823,-1.4943
226,32.0956,8.69373,-0.507825
225,32.0956,8.69373,-0.507825
226,36.1587,9.13139,-0.679658
225,36.1587,9.13139,-0.679658
226,35.4771,9.83578,-1.3587
225,35.4771,9.83578,-1.3587
226,29.9665,9.16545,-0.978938
225,29.9665,9.16545,-0.978938
226,39.1813,10.3607,1.30347
225,39.1813,10.3607,1.30347
226,45.1641,3.52971,-2.66172
225,45.1641,3.52971,-2.66172
226,51.2047,2.60001,-3.60399
225,51.2047,2.60001,-3.60399
226,35.901,9.89208,1.2704
225,35.901,9.89208,1.2704
226,45.0393,10.2361,1.33191
225,45.0393,10.2361,1.33191
226,37.2997,7.04064,-2.12775
225,37.2997,7.04064,-2.12775
226,42.0472,6.33228,-2.37389
225,42.0472,6.33228,-2.37389
226,33.2466,9.56011,-0.533977
225,33.2466,9.56011,-0.533977
226,34.3021,9.70202,-0.94116
225,34.3021,9.70202,-0.94116
226,48.4268,10.3828,-1.72871
225,48.4268,10.3828,-1.72871
226,37.7519,9.0189,-2.20188
225,37.7519,9.0189,-2.20188
226,21.7566,8.01059,-0.522417
225,21.7566,8.01059,-0.522417
226,41.7773,6.43719,-2.49799
225,41.7773,6.43719,-2.49799
226,39.3593,6.69625,-0.0247647
225,39.3593,6.69625,-0.0247647
226,36.8495,8.31779,0.819174
225,36.8495,8.31779,0.819174
226,35.888,6.83415,0.791431
225,35.888,6.83415,0.791431
226,26.6621,15.1943,-1.35807
225,26.6621,15.1943,-1.35807
226,15.2065,10.8828,-1.72082
225,15.2065,10.8828,-1.72082
226,17.3554,7.91637,-1.07333
225,17.3554,7.91637,-1.07333
226,14.7167,7.73574,-1.68201
225,14.7167,7.73574,-1.68201
226,26.186,11.67,-1.43801
225,26.186,11.67,-1.43801
226,27.5703,8.78389,0.972084
225,27.5703,8.78389,0.972084
226,40.971,9.30951,-2.44931
225,40.971,9.30951,-2.44931
226,24.395,17.2822,-1.79788
225,24.395,17.2822,-1.79788
226,23.6268,16.2537,-1.57654
225,23.6268,16.2537,-1.57654
226,21.2538,16.5573,-1.66654
225,21.2538,16.5573,-1.66654
226,15.07,10.7772,-0.554181
225,15.07,10.7772,-0.554181
226,43.727,9.8996,-1.50257
225,43.727,9.8996,-1.50257
226,21.3731,16.5966,-1.59864
225,21.3731,16.5966,-1.59864
226,43.5171,12.9877,1.73993
225,43.5171,12.9877,1.73993
226,33.2044,11.348,2.3549
225,33.2044,11.348,2.3549
226,14.7065,7.88904,-1.67033
225,14.7065,7.88904,-1.67033
226,42.3096,10.802,-0.875441
225,42.3096,10.802,-0.875441
226,42.7442,7.05496,2.5414
225,42.7442,7.05496,2.5414
226,47.4205,7.17135,2.88976
225,47.4205,7.17135,2.88976
226,18.6463,7.52665,0.983133
225,18.6463,7.52665,0.983133
226,27.8008,8.68729,1.54415
225,27.8008,8.68729,1.54415
226,23.5613,16.5658,-1.70115
225,23.5613,16.5658,-1.70115
226,23.9249,16.4746,-1.60872
225,23.9249,16.4746,-1.60872
226,26.0081,14.7641,2.55173
225,26.0081,14.7641,2.55173
226,26.8139,14.493,3.08982
225,26.8139,14.493,3.08982
226,45.2505,9.60992,1.39659
225,45.2505,9.60992,1.39659
226,24.1491,15.1157,2.31477
225,24.1491,15.1157,2.31477
226,24.728,14.9802,2.55509
225,24.728,14.9802,2.55509
226,41.3875,10.6369,-1.24562
225,41.3875,10.6369,-1.24562
226,43.2697,13.4093,3.19889
225,43.2697,13.4093,3.19889
226,35.3446,6.2179,-1.95716
225,35.3446,6.2179,-1.95716
226,24.2026,14.5587,2.13868
225,24.2026,14.5587,2.13868
226,28.0364,8.34127,-1.65138
225,28.0364,8.34127,-1.65138
226,44.3069,13.2301,1.80068
225,44.3069,13.2301,1.80068
226,20.9985,18.0088,-0.301294
225,20.9985,18.0088,-0.301294
226,21.3954,16.6672,-1.5498
225,21.3954,16.6672,-1.5498
226,21.1768,16.5732,-1.64077
225,21.1768,16.5732,-1.64077
226,25.5763,8.51611,-0.267531
225,25.5763,8.51611,-0.267531
226,39.5158,10.2111,1.85028
225,39.5158,10.2111,1.85028
226,19.3017,7.60691,1.03234
225,19.3017,7.60691,1.03234
226,23.5257,16.2432,-1.6046
225,23.5257,16.2432,-1.6046
226,25.9674,14.5028,2.65857
225,25.9674,14.5028,2.65857
226,31.5835,9.38119,1.47689
225,31.5835,9.38119,1.47689
226,16.6789,4.37692,-1.86332
225,16.6789,4.37692,-1.86332
226,20.402,13.8943,1.79237
225,20.402,13.8943,1.79237
226,16.7713,13.9511,0.280052
225,16.7713,13.9511,0.280052
226,37.016,10.0794,-1.40343
225,37.016,10.0794,-1.40343
226,25.2342,11.3786,-1.36205
225,25.2342,11.3786,-1.36205
226,17.2501,17.6643,-1.27705
225,17.2501,17.6643,-1.27705
226,36.5698,10.0236,1.31063
225,36.5698,10.0236,1.31063
226,16.8477,17.5713,-1.83189
225,16.8477,17.5713,-1.83189
226,16.9722,17.7013,-1.6947
225,16.9722,17.7013,-1.6947
226,12.767,11.5794,-0.42069
225,12.767,11.5794,-0.42069
226,16.0101,13.8235,-0.723232
225,16.0101,13.8235,-0.723232
226,25.1257,17.2266,-1.70382
225,25.1257,17.2266,-1.70382
226,29.5838,8.66563,0.993816
225,29.5838,8.66563,0.993816
226,47.2798,4.37393,-1.88536
225,47.2798,4.37393,-1.88536
226,51.6448,2.95837,-0.037925
225,51.6448,2.95837,-0.037925
226,15.3748,15.9542,-1.34933
225,15.3748,15.9542,-1.34933
226,26.6356,11.846,-1.42367
225,26.6356,11.846,-1.42367
226,37.0313,12.0744,2.7321
225,37.0313,12.0744,2.7321
226,28.1183,8.63014,1.6161
225,28.1183,8.63014,1.6161
226,30.1737,2.90702,-1.15609
225,30.1737,2.90702,-1.15609
226,15.965,13.7569,-0.706506
225,15.965,13.7569,-0.706506
226,14.8371,10.5472,-1.64215
225,14.8371,10.5472,-1.64215
226,28.976,15.391,2.61812
225,28.976,15.391,2.61812
226,34.0417,5.16779,-1.14085
225,34.0417,5.16779,-1.14085
226,16.0109,16.5533,-1.48831
225,16.0109,16.5533,-1.48831
226,15.9881,16.7959,-1.48282
225,15.9881,16.7959,-1.48282
226,29.9268,8.5378,-0.443383
225,29.9268,8.5378,-0.443383
226,55.1599,-0.778489,-2.84983
225,55.1599,-0.778489,-2.84983
226,17.1023,17.9072,-1.91281
225,17.1023,17.9072,-1.91281
226,14.0186,11.6657,-1.34113
225,14.0186,11.6657,-1.34113
226,18.728,19.2357,-1.4829
225,18.728,19.2357,-1.4829
226,11.8388,10.8691,-0.315729
225,11.8388,10.8691,-0.315729
226,30.1328,9.08616,-0.461182
225,30.1328,9.08616,-0.461182
226,19.2217,19.3149,0.0205206
225,19.2217,19.3149,0.0205206
226,11.9621,10.6474,0.103238
225,11.9621,10.6474,0.103238
226,13.5666,12.4745,0.1566
225,13.5666,12.4745,0.1566
226,32.1004,5.25118,-1.01905
225,32.1004,5.25118,-1.01905
226,78.6861,-0.56891,-1.88374
225,78.6861,-0.56891,-1.88374
226,30.3219,3.39339,-1.23823
225,30.3219,3.39339,-1.23823
226,26.7685,8.46764,1.51256
225,26.7685,8.46764,1.51256
226,64.9308,-4.24106,-3.54246
225,64.9308,-4.24106,-3.54246
226,24.0253,16.6404,-1.61624
225,24.0253,16.6404,-1.61624
226,73.1814,3.62834,-3.22947
225,73.1814,3.62834,-3.22947
226,65.7375,-2.66137,-4.93304
225,65.7375,-2.66137,-4.93304
226,56.634,-0.971662,-2.80607
225,56.634,-0.971662,-2.80607
226,50.9633,11.8562,1.8718
225,50.9633,11.8562,1.8718
226,11.7855,10.8052,-0.315998
225,11.7855,10.8052,-0.315998
226,31.7063,1.92063,-1.2696
225,31.7063,1.92063,-1.2696
226,26.9713,10.0747,1.9445
225,26.9713,10.0747,1.9445
226,35.1251,9.58264,1.20773
223,35.1251,9.58264,1.20773
226,21.8866,15.7337,-1.51416
223,21.8866,15.7337,-1.51416
226,11.2162,6.34207,-1.50654
223,11.2162,6.34207,-1.50654
226,21.6568,15.5808,-1.4848
223,21.6568,15.5808,-1.4848
226,41.8222,10.4261,1.49279
223,41.8222,10.4261,1.49279
226,24.1366,19.9294,-0.349661
223,24.1366,19.9294,-0.349661
226,46.4491,10.4313,2.09016
223,46.4491,10.4313,2.09016
226,38.793,8.8128,2.12893
223,38.793,8.8128,2.12893
226,26.3295,21.8737,-0.507192
223,26.3295,21.8737,-0.507192
226,41.7262,10.7421,1.38546
223,41.7262,10.7421,1.38546
226,50.0195,10.8208,2.99876
223,50.0195,10.8208,2.99876
226,27.0988,14.3963,2.54069
223,27.0988,14.3963,2.54069
226,41.8653,10.1046,-1.20085
223,41.8653,10.1046,-1.20085
226,39.8266,12.3428,2.91293
223,39.8266,12.3428,2.91293
226,44.5397,7.01822,-2.49421
223,44.5397,7.01822,-2.49421
226,14.5071,13.5709,-0.0582287
223,14.5071,13.5709,-0.0582287
226,22.0483,15.8339,-1.35529
223,22.0483,15.8339,-1.35529
226,77.2463,-5.16556,-4.40948
223,77.2463,-5.16556,-4.40948
226,38.8594,3.86392,-2.31445
223,38.8594,3.86392,-2.31445
226,75.9966,1.46408,-5.46093
223,75.9966,1.46408,-5.46093
226,20.7546,17.1348,-0.167451
223,20.7546,17.1348,-0.167451
226,13.8194,13.7636,-1.52413
223,13.8194,13.7636,-1.52413
226,15.8681,11.243,-1.92002
223,15.8681,11.243,-1.92002
226,13.9424,13.9112,-1.56437
223,13.9424,13.9112,-1.56437
226,14.8804,12.2034,0.0430593
223,14.8804,12.2034,0.0430593
226,26.5192,7.98025,1.32036
223,26.5192,7.98025,1.32036
226,46.8709,10.3444,-1.87583
223,46.8709,10.3444,-1.87583
226,43.5599,0.711877,-3.0373
223,43.5599,0.711877,-3.0373
226,14.5923,7.94108,-1.67351
223,14.5923,7.94108,-1.67351
226,15.1388,12.9264,0.305621
223,15.1388,12.9264,0.305621
226,24.3233,17.3788,-1.79018
223,24.3233,17.3788,-1.79018
226,54.1466,5.1113,-1.56718
224,54.1466,5.1113,-1.56718
226,34.4328,9.48938,-0.939517
224,34.4328,9.48938,-0.939517
226,45.7205,1.21336,-3.18255
224,45.7205,1.21336,-3.18255
226,18.1824,3.94737,-2.24404
224,18.1824,3.94737,-2.24404
226,19.4491,14.579,-0.929001
224,19.4491,14.579,-0.929001
226,35.7469,6.90395,-1.86488
224,35.7469,6.90395,-1.86488
226,20.2038,16.5218,-1.57842
224,20.2038,16.5218,-1.57842
226,51.0681,-1.74207,-2.64071
224,51.0681,-1.74207,-2.64071
226,16.4883,14.2408,0.0801752
224,16.4883,14.2408,0.0801752
226,16.5764,14.2295,0.282045
224,16.5764,14.2295,0.282045
226,43.2206,9.58171,-2.54622
224,43.2206,9.58171,-2.54622
226,22.406,8.12316,-0.425015
224,22.406,8.12316,-0.425015
226,31.4421,24.901,-3.07392
224,31.4421,24.901,-3.07392
226,36.1651,9.99791,1.78047
224,36.1651,9.99791,1.78047
226,22.3591,17.6989,-1.7922
224,22.3591,17.6989,-1.7922
226,36.5197,7.83471,2.15881
224,36.5197,7.83471,2.15881
226,15.0547,11.0507,-1.6978
224,15.0547,11.0507,-1.6978
226,16.3492,13.7898,-1.99476
224,16.3492,13.7898,-1.99476
226,26.0704,18.3974,-2.01626
221,26.0704,18.3974,-2.01626
226,20.7079,14.309,-1.22387
221,20.7079,14.309,-1.22387
226,24.7479,17.3499,-1.87519
221,24.7479,17.3499,-1.87519
226,92.8166,15.9435,5.75598
221,92.8166,15.9435,5.75598
226,24.5362,18.8267,-2.02293
221,24.5362,18.8267,-2.02293
226,15.5984,14.756,0.0746086
221,15.5984,14.756,0.0746086
226,26.1964,13.9927,2.39003
221,26.1964,13.9927,2.39003
226,15.2135,15.9791,-1.87863
221,15.2135,15.9791,-1.87863
226,66.81,12.2366,3.53562
221,66.81,12.2366,3.53562
226,14.5137,14.8973,-1.74608
221,14.5137,14.8973,-1.74608
226,10.4702,8.91149,0.255838
221,10.4702,8.91149,0.255838
226,16.4792,14.2654,-1.14287
221,16.4792,14.2654,-1.14287
226,14.5778,15.1857,-1.74313
221,14.5778,15.1857,-1.74313
226,39.3241,10.3451,1.3992
221,39.3241,10.3451,1.3992
226,13.6527,14.0694,-1.46747
221,13.6527,14.0694,-1.46747
226,16.8277,16.716,-0.0524619
221,16.8277,16.716,-0.0524619
226,43.1674,3.81674,-2.54781
221,43.1674,3.81674,-2.54781
226,24.927,7.99716,-1.36973
219,24.927,7.99716,-1.36973
226,33.1542,9.13144,1.50362
219,33.1542,9.13144,1.50362
226,15.1784,10.8393,-1.72015
219,15.1784,10.8393,-1.72015
226,14.6879,7.87499,-1.75547
219,14.6879,7.87499,-1.75547
226,27.5709,28.9013,-0.476304
219,27.5709,28.9013,-0.476304
226,45.3063,10.6374,-2.13426
219,45.3063,10.6374,-2.13426
226,22.3675,16.0696,-1.54953
219,22.3675,16.0696,-1.54953
226,23.4162,13.5184,2.3571
217,23.4162,13.5184,2.3571
226,16.1027,11.4528,-0.764164
217,16.1027,11.4528,-0.764164
226,22.7145,15.8121,-1.49609
214,22.7145,15.8121,-1.49609
226,22.4786,15.7818,-1.5542
214,22.4786,15.7818,-1.5542
226,27.406,8.6311,-0.764773
214,27.406,8.6311,-0.764773
226,26.282,14.8331,2.38793
214,26.282,14.8331,2.38793
226,15.658,14.7528,-0.141904
214,15.658,14.7528,-0.141904
226,15.6895,14.7788,-0.142955
214,15.6895,14.7788,-0.142955
226,15.2768,14.4794,-0.136907
214,15.2768,14.4794,-0.136907
226,14.7353,7.90533,-1.71751
214,14.7353,7.90533,-1.71751
226,15.3975,12.9325,-1.74686
215,15.3975,12.9325,-1.74686
226,24.0617,16.6139,-1.54797
213,24.0617,16.6139,-1.54797
226,26.3988,4.77951,-1.55841
213,26.3988,4.77951,-1.55841
226,34.4369,9.48674,-1.19105
213,34.4369,9.48674,-1.19105
226,18.8505,15.3319,-1.4473
213,18.8505,15.3319,-1.4473
226,42.3808,10.7979,-1.71746
213,42.3808,10.7979,-1.71746
226,41.3994,10.3687,-1.27538
209,41.3994,10.3687,-1.27538
226,30.1092,15.9757,2.77481
209,30.1092,15.9757,2.77481
226,25.6681,14.5593,2.9756
209,25.6681,14.5593,2.9756
226,26.7543,14.3544,2.33842
209,26.7543,14.3544,2.33842
226,27.5592,15.0425,2.59669
209,27.5592,15.0425,2.59669
226,30.2047,16.0102,2.73973
209,30.2047,16.0102,2.73973
226,22.7009,14.9757,2.03281
209,22.7009,14.9757,2.03281
226,26.5964,14.6945,2.47513
209,26.5964,14.6945,2.47513
226,15.173,10.9902,-1.78632
212,15.173,10.9902,-1.78632
227,9.84354,8.6878,-1.58983
227,10.5862,7.03019,-1.65162
227,10.2206,7.88651,-1.66773
227,10.206,7.91135,-1.68042
227,10.5049,7.31942,-1.6673
227,10.5081,7.32076,-1.67592
227,10.546,7.33211,-1.71299
227,11.3691,5.52479,-1.63217
227,11.3161,5.7921,-1.57677
227,10.3758,7.99837,-1.68015
227,10.3787,8.00015,-1.67826
227,10.9237,6.96967,-1.63592
227,11.4909,6.83916,-0.404154
227,10.3309,8.61461,-1.67395
227,10.8726,7.42103,-1.69418
227,10.3561,8.65329,-1.7242
227,10.5266,8.26705,-1.73963
227,11.3671,6.69407,-1.57195
227,11.578,6.24118,-1.62861
227,11.5646,6.40871,-1.58981
227,11.1799,7.29008,-1.64833
227,11.6008,6.35939,-1.60932
227,11.5879,6.42974,-1.60062
227,11.6259,6.33037,-1.62683
227,11.6354,6.3337,-1.62941
227,11.4417,6.90698,-1.57279
227,11.7124,6.26095,-1.63875
227,11.6168,6.52309,-1.61408
227,11.6517,6.44485,-1.626
227,11.7196,6.27094,-1.67148
227,11.4638,6.93559,-1.60613
227,11.4825,6.89164,-1.61344
227,11.7356,6.25032,-1.66761
227,11.4899,6.93293,-1.57861
227,11.4682,7.02609,-1.57181
227,11.7624,6.25956,-1.67573
227,11.5073,6.94264,-1.60011
227,11.6714,6.53905,-1.62964
227,11.5155,6.94441,-1.59647
227,11.6802,6.6086,-1.61838
227,11.6756,6.65299,-1.59967
227,11.6611,6.68288,-1.61303
227,11.5449,6.99578,-1.61654
227,11.7084,6.61043,-1.63565
227,11.717,6.92667,-1.61766
227,11.7506,7.1966,-1.61163
227,11.7754,7.16531,-1.61875
227,11.7,7.60132,-1.58263
227,11.7163,7.60474,-1.58948
227,11.7985,7.583,-1.58082
227,11.833,7.59616,-1.61469
227,11.8573,7.59667,-1.62527
227,11.8714,7.61263,-1.63564
227,11.6024,8.33877,-1.55804
227,11.6057,8.34392,-1.54391
227,11.6679,8.39205,-1.58179
227,11.6688,8.39525,-1.62206
227,12.7174,6.04813,-1.74967
227,11.9313,9.64738,-1.69387
227,14.3929,4.87638,-1.92049
227,14.4505,6.2022,-1.81737
227,14.4782,6.16607,-1.82278
227,14.5531,7.7106,-1.72192
227,14.6227,7.72886,-1.65542
227,14.6222,7.71581,-1.74745
227,14.6833,7.87897,-1.70374
227,46.2027,9.77353,-2.75174
226,46.2027,9.77353,-2.75174
227,22.0516,17.135,-1.69253
226,22.0516,17.135,-1.69253
227,37.0963,6.06664,-2.25082
226,37.0963,6.06664,-2.25082
227,44.6373,6.11815,-2.78623
226,44.6373,6.11815,-2.78623
227,43.9635,9.86629,-0.929327
226,43.9635,9.86629,-0.929327
227,22.8816,8.21282,-0.631802
226,22.8816,8.21282,-0.631802
227,25.7367,11.5514,-1.41848
226,25.7367,11.5514,-1.41848
227,49.7308,7.34336,-3.18765
226,49.7308,7.34336,-3.18765
227,22.5643,16.1896,-1.58547
226,22.5643,16.1896,-1.58547
227,37.7908,10.1519,-1.11637
226,37.7908,10.1519,-1.11637
227,42.8598,5.46525,-1.10559
226,42.8598,5.46525,-1.10559
227,17.0988,10.5634,-1.72109
226,17.0988,10.5634,-1.72109
227,15.3956,11.0007,-1.76892
226,15.3956,11.0007,-1.76892
227,25.5561,7.98356,-1.42768
226,25.5561,7.98356,-1.42768
227,27.3759,22.7129,-0.486443
226,27.3759,22.7129,-0.486443
227,24.3967,17.2787,-1.7964
226,24.3967,17.2787,-1.7964
227,15.2662,12.8393,-1.65085
226,15.2662,12.8393,-1.65085
227,17.2329,14.0782,0.287094
226,17.2329,14.0782,0.287094
227,42.7766,9.78261,-1.0759
226,42.7766,9.78261,-1.0759
227,38.3913,9.35823,-1.72968
226,38.3913,9.35823,-1.72968
227,49.7638,10.5073,-1.82953
226,49.7638,10.5073,-1.82953
227,43.5538,9.14691,1.52555
226,43.5538,9.14691,1.52555
227,38.9467,9.13415,-2.30463
226,38.9467,9.13415,-2.30463
227,21.5688,16.8373,-1.70445
226,21.5688,16.8373,-1.70445
227,15.3377,10.9483,-1.77644
226,15.3377,10.9483,-1.77644
227,50.8129,1.6684,-1.09456
226,50.8129,1.6684,-1.09456
227,111.814,-4.989,-3.17613
226,111.814,-4.989,-3.17613
227,24.0654,16.5405,-1.63166
226,24.0654,16.5405,-1.63166
227,23.8781,16.6171,-1.61267
226,23.8781,16.6171,-1.61267
227,25.7207,15.0934,2.62223
226,25.7207,15.0934,2.62223
227,31.4208,8.82202,1.84094
226,31.4208,8.82202,1.84094
227,43.3403,6.00654,-2.77625
226,43.3403,6.00654,-2.77625
227,39.8779,6.14254,-2.3667
226,39.8779,6.14254,-2.3667
227,40.6512,4.01436,-2.47386
226,40.6512,4.01436,-2.47386
227,16.9016,13.8051,0.295385
226,16.9016,13.8051,0.295385
227,16.9631,13.7129,0.442814
226,16.9631,13.7129,0.442814
227,26.2957,14.4406,2.18564
226,26.2957,14.4406,2.18564
227,27.5288,14.5908,2.61255
226,27.5288,14.5908,2.61255
227,41.5848,10.6532,-1.23736
226,41.5848,10.6532,-1.23736
227,43.0642,10.8814,-0.840703
226,43.0642,10.8814,-0.840703
227,37.4914,10.155,-1.95756
226,37.4914,10.155,-1.95756
227,16.4691,13.6915,0.291425
226,16.4691,13.6915,0.291425
227,24.2016,14.5547,2.13969
226,24.2016,14.5547,2.13969
227,42.504,10.8397,2.02121
226,42.504,10.8397,2.02121
227,22.3695,7.76518,-1.09071
226,22.3695,7.76518,-1.09071
227,43.877,7.2244,-2.62119
226,43.877,7.2244,-2.62119
227,15.4283,11.0104,-1.78639
226,15.4283,11.0104,-1.78639
227,19.9323,7.58405,1.10205
226,19.9323,7.58405,1.10205
227,16.0003,13.8386,-0.988781
226,16.0003,13.8386,-0.988781
227,20.053,16.3817,-1.53498
226,20.053,16.3817,-1.53498
227,20.4011,13.8912,1.7914
226,20.4011,13.8912,1.7914
227,23.5627,16.5624,-1.70018
226,23.5627,16.5624,-1.70018
227,36.1265,9.73183,1.30253
226,36.1265,9.73183,1.30253
227,31.4986,9.21039,1.46311
226,31.4986,9.21039,1.46311
227,22.423,7.76697,-1.08798
226,22.423,7.76697,-1.08798
227,29.8663,8.32998,-1.46269
226,29.8663,8.32998,-1.46269
227,17.4533,4.11762,-2.05675
226,17.4533,4.11762,-2.05675
227,19.9897,3.5188,-2.7287
226,19.9897,3.5188,-2.7287
227,32.3749,1.28888,-0.0135459
226,32.3749,1.28888,-0.0135459
227,20.9998,18.1042,-0.254177
226,20.9998,18.1042,-0.254177
227,16.4759,13.798,0.390421
226,16.4759,13.798,0.390421
227,44.7355,10.0369,-1.02189
226,44.7355,10.0369,-1.02189
227,18.6824,7.62009,0.850704
226,18.6824,7.62009,0.850704
227,21.6317,7.8439,1.22609
226,21.6317,7.8439,1.22609
227,42.6775,3.86464,-2.65134
226,42.6775,3.86464,-2.65134
227,15.3914,10.9637,-0.5273
226,15.3914,10.9637,-0.5273
227,43.1894,-0.586826,-0.0781581
226,43.1894,-0.586826,-0.0781581
227,16.4402,13.8056,0.425369
226,16.4402,13.8056,0.425369
227,37.6105,10.1621,-1.45899
226,37.6105,10.1621,-1.45899
227,26.5996,2.49467,0.100917
226,26.5996,2.49467,0.100917
227,16.4375,13.7289,0.424047
226,16.4375,13.7289,0.424047
227,16.4482,13.7943,0.425097
226,16.4482,13.7943,0.425097
227,26.0414,8.64425,-0.736037
226,26.0414,8.64425,-0.736037
227,27.8757,8.87958,-0.809081
226,27.8757,8.87958,-0.809081
227,22.2087,8.08975,-0.132436
226,22.2087,8.08975,-0.132436
227,25.596,8.07295,1.28999
226,25.596,8.07295,1.28999
227,42.9546,0.97915,-2.00626
226,42.9546,0.97915,-2.00626
227,34.0651,0.914517,-1.05
226,34.0651,0.914517,-1.05
227,23.7838,17.039,-1.65031
226,23.7838,17.039,-1.65031
227,15.0839,10.7536,-1.68307
226,15.0839,10.7536,-1.68307
227,27.3125,2.34192,0.0586185
226,27.3125,2.34192,0.0586185
227,24.8932,17.0799,-1.69331
226,24.8932,17.0799,-1.69331
227,24.0495,17.1237,-1.68267
226,24.0495,17.1237,-1.68267
227,59.3486,11.9225,1.94609
226,59.3486,11.9225,1.94609
227,16.6921,14.4993,-0.826271
226,16.6921,14.4993,-0.826271
227,20.7567,13.8596,1.82297
226,20.7567,13.8596,1.82297
227,36.4311,10.0539,1.68018
226,36.4311,10.0539,1.68018
227,20.3703,13.8261,1.78869
226,20.3703,13.8261,1.78869
227,14.8973,10.6766,-0.481043
226,14.8973,10.6766,-0.481043
227,24.5786,16.9152,-1.6384
226,24.5786,16.9152,-1.6384
227,16.1088,13.8123,0.308022
226,16.1088,13.8123,0.308022
227,14.4784,7.66571,-1.64812
226,14.4784,7.66571,-1.64812
227,39.8801,4.88767,-1.41558
226,39.8801,4.88767,-1.41558
227,37.7942,0.117736,-0.0747589
226,37.7942,0.117736,-0.0747589
227,21.2136,21.9083,-0.304678
226,21.2136,21.9083,-0.304678
227,47.6114,10.4356,-1.11735
226,47.6114,10.4356,-1.11735
227,29.0046,5.87582,-0.798117
226,29.0046,5.87582,-0.798117
227,25.023,8.48455,-0.671845
226,25.023,8.48455,-0.671845
227,32.2594,9.50709,-1.13268
226,32.2594,9.50709,-1.13268
227,39.5682,10.3245,-0.689077
226,39.5682,10.3245,-0.689077
227,38.7013,4.99846,-1.34883
226,38.7013,4.99846,-1.34883
227,11.5299,11.0668,-0.737606
226,11.5299,11.0668,-0.737606
227,13.0008,11.7981,0.172599
226,13.0008,11.7981,0.172599
227,47.2775,10.3771,-0.957303
226,47.2775,10.3771,-0.957303
227,11.326,6.28817,-1.41573
226,11.326,6.28817,-1.41573
227,17.3527,16.9317,-1.15029
226,17.3527,16.9317,-1.15029
227,10.4336,8.68649,-1.78292
226,10.4336,8.68649,-1.78292
227,30.4465,5.67755,-0.849361
226,30.4465,5.67755,-0.849361
227,58.8267,4.9767,-2.38235
226,58.8267,4.9767,-2.38235
227,13.937,12.9132,-0.0067558
226,13.937,12.9132,-0.0067558
227,18.5829,19.4908,-0.203822
226,18.5829,19.4908,-0.203822
227,48.3756,10.34,-2.43807
225,48.3756,10.34,-2.43807
227,41.6093,9.3588,-0.930325
225,41.6093,9.3588,-0.930325
227,55.3873,6.33594,-1.62606
225,55.3873,6.33594,-1.62606
227,23.4012,12.329,-1.91617
225,23.4012,12.329,-1.91617
227,16.1908,13.3676,-0.0244901
225,16.1908,13.3676,-0.0244901
227,25.5058,19.0015,-1.61649
225,25.5058,19.0015,-1.61649
227,15.5364,11.2468,-1.862
225,15.5364,11.2468,-1.862
227,15.5512,11.2726,-1.86777
225,15.5512,11.2726,-1.86777
227,15.1743,7.83451,-1.92754
225,15.1743,7.83451,-1.92754
227,15.4934,13.2876,0.0821789
225,15.4934,13.2876,0.0821789
227,25.4405,8.15583,1.3238
225,25.4405,8.15583,1.3238
227,15.3595,7.8697,-1.88596
225,15.3595,7.8697,-1.88596
227,15.5671,13.3476,0.132205
225,15.5671,13.3476,0.132205
227,42.2178,2.20149,-2.06384
225,42.2178,2.20149,-2.06384
227,25.5539,14.4928,2.64992
225,25.5539,14.4928,2.64992
227,18.9186,20.1993,-2.15762
225,18.9186,20.1993,-2.15762
227,18.7148,19.557,-1.52502
225,18.7148,19.557,-1.52502
227,16.3789,16.9541,-1.57695
225,16.3789,16.9541,-1.57695
227,19.424,15.8349,-1.42666
225,19.424,15.8349,-1.42666
227,18.7016,14.9253,-0.916555
225,18.7016,14.9253,-0.916555
227,69.2866,6.24504,-4.62788
225,69.2866,6.24504,-4.62788
227,19.1501,16.4614,-1.47254
225,19.1501,16.4614,-1.47254
227,56.9387,4.25199,-1.59025
225,56.9387,4.25199,-1.59025
227,66.2562,7.65501,3.98127
225,66.2562,7.65501,3.98127
227,28.3008,4.82133,-1.31141
225,28.3008,4.82133,-1.31141
227,21.7229,18.5922,-1.89449
225,21.7229,18.5922,-1.89449
227,43.6723,6.91202,-2.45571
223,43.6723,6.91202,-2.45571
227,15.1417,7.97863,-1.82502
223,15.1417,7.97863,-1.82502
227,42.7887,6.32581,-2.43858
223,42.7887,6.32581,-2.43858
227,86.2964,6.42048,-6.24194
223,86.2964,6.42048,-6.24194
227,74.7399,4.64009,-2.36482
223,74.7399,4.64009,-2.36482
227,20.9522,18.2834,-0.2993
223,20.9522,18.2834,-0.2993
227,23.0231,16.4215,-1.58836
223,23.0231,16.4215,-1.58836
227,44.0693,6.46059,-2.64791
223,44.0693,6.46059,-2.64791
227,14.955,10.6934,-1.67764
223,14.955,10.6934,-1.67764
227,16.8907,14.5461,0.290218
223,16.8907,14.5461,0.290218
227,11.9353,10.9479,0.127018
223,11.9353,10.9479,0.127018
227,93.2651,15.798,5.77329
223,93.2651,15.798,5.77329
227,14.0134,13.991,-1.59587
223,14.0134,13.991,-1.59587
227,39.3455,6.00886,-2.25959
224,39.3455,6.00886,-2.25959
227,36.8484,4.39501,-2.23729
224,36.8484,4.39501,-2.23729
227,16.4056,14.1294,0.295637
224,16.4056,14.1294,0.295637
227,49.4889,3.13727,-2.93752
224,49.4889,3.13727,-2.93752
227,14.9819,7.80484,-1.81564
224,14.9819,7.80484,-1.81564
227,13.9119,13.0874,-0.0255651
224,13.9119,13.0874,-0.0255651
227,13.2801,12.2186,-1.41723
224,13.2801,12.2186,-1.41723
227,26.0236,6.63558,-1.17454
224,26.0236,6.63558,-1.17454
227,27.9185,19.7884,-2.19502
224,27.9185,19.7884,-2.19502
227,66.6807,12.5192,-1.58151
224,66.6807,12.5192,-1.58151
227,18.3831,15.6382,-1.34926
224,18.3831,15.6382,-1.34926
227,47.1397,10.4212,-1.67444
221,47.1397,10.4212,-1.67444
227,43.04,10.3338,1.93215
221,43.04,10.3338,1.93215
227,15.2078,12.7776,-1.68945
221,15.2078,12.7776,-1.68945
227,16.7731,14.45,-0.100623
221,16.7731,14.45,-0.100623
227,15.4748,12.9935,-1.7588
221,15.4748,12.9935,-1.7588
227,45.4705,9.67082,2.53555
221,45.4705,9.67082,2.53555
227,23.5388,14.0538,2.07195
217,23.5388,14.0538,2.07195
227,26.9136,6.46431,-1.29424
217,26.9136,6.46431,-1.29424
227,13.3354,12.7964,0.0209365
217,13.3354,12.7964,0.0209365
227,16.9713,17.3597,-0.214765
217,16.9713,17.3597,-0.214765
227,17.7336,17.3052,-0.260246
217,17.7336,17.3052,-0.260246
227,11.2481,10.6907,-0.638561
217,11.2481,10.6907,-0.638561
227,26.1255,19.8375,-1.14319
219,26.1255,19.8375,-1.14319
227,19.7099,20.9095,-0.157925
219,19.7099,20.9095,-0.157925
227,63.0566,13.5508,-1.47904
219,63.0566,13.5508,-1.47904
227,17.5077,17.8071,0.00365599
214,17.5077,17.8071,0.00365599
227,27.9507,8.94568,-1.19318
214,27.9507,8.94568,-1.19318
227,27.3903,15.3436,2.4606
214,27.3903,15.3436,2.4606
227,58.2607,15.8587,2.43247
215,58.2607,15.8587,2.43247
227,11.6707,11.3239,-0.760132
215,11.6707,11.3239,-0.760132
227,23.6246,16.3368,-1.6042
215,23.6246,16.3368,-1.6042
227,15.3273,10.849,-1.79178
215,15.3273,10.849,-1.79178
227,27.2223,10.0606,1.10146
213,27.2223,10.0606,1.10146
227,25.2529,18.995,-1.21493
213,25.2529,18.995,-1.21493
227,15.3557,14.5325,-0.0896908
213,15.3557,14.5325,-0.0896908
227,29.1579,9.08618,-1.27356
213,29.1579,9.08618,-1.27356
227,32.9892,7.95201,0.898798
213,32.9892,7.95201,0.898798
228,11.1949,7.18474,-0.158505
228,10.3824,7.99071,-1.69459
228,10.9687,6.88244,-1.70399
228,10.9795,6.8621,-1.71421
228,10.3179,8.55063,-1.68184
228,11.009,6.8977,-1.73563
228,10.3187,8.59157,-1.67693
228,10.3132,8.59745,-1.68505
228,10.9303,7.3825,-1.65417
228,11.4105,6.70661,-1.60932
228,11.5748,6.34431,-1.61785
228,11.416,6.72815,-1.6146
228,11.4407,6.7058,-1.62484
228,11.6198,6.25853,-1.6682
228,11.5982,6.34067,-1.63623
228,11.6269,6.26515,-1.66678
228,11.6245,6.30238,-1.63444
228,11.617,6.32906,-1.62888
228,11.1963,7.29121,-1.68078
228,11.1968,7.29855,-1.68338
228,11.6411,6.29534,-1.63863
228,11.1999,7.29178,-1.69197
228,11.2001,7.29906,-1.69437
228,11.658,6.27726,-1.655
228,11.6347,6.35889,-1.65005
228,11.6735,6.27178,-1.65997
228,11.6962,6.24785,-1.65028
228,11.7033,6.24556,-1.65613
228,11.6635,6.35952,-1.6427
228,11.7139,6.25638,-1.66091
228,11.7237,6.24969,-1.65961
228,11.472,6.93008,-1.59375
228,11.7023,6.3586,-1.6618
228,11.4988,6.91554,-1.6052
228,11.4902,6.94097,-1.60493
228,11.5047,6.92265,-1.60389
228,11.5042,6.9348,-1.60606
228,11.4944,6.94698,-1.62654
228,11.4993,6.9916,-1.62522
228,11.6804,6.57246,-1.64036
228,11.5115,7.01472,-1.59843
228,11.6708,6.6062,-1.64383
228,11.6477,6.69056,-1.62679
228,11.5327,6.9917,-1.61546
228,11.5317,6.99112,-1.61987
228,11.6859,6.6044,-1.64613
228,11.6872,6.68692,-1.63361
228,10.8547,8.57534,-1.72245
228,11.6807,6.79557,-1.62459
228,11.7026,6.76763,-1.63949
228,11.7565,7.19235,-1.64112
228,11.6437,7.63904,-1.57257
228,11.7989,7.22659,-1.64667
228,11.7783,7.34618,-1.63704
228,11.783,7.49135,-1.64763
228,11.7363,7.62431,-1.62586
228,11.7892,7.57105,-1.58495
228,11.828,7.59446,-1.62103
228,11.8303,7.61309,-1.61706
228,11.6509,8.37556,-1.59194
228,11.6692,8.38687,-1.61941
228,11.6433,8.42439,-1.66571
228,11.6988,8.40636,-1.63046
228,11.7106,8.41235,-1.61381
228,11.6964,8.41401,-1.65501
228,11.7357,8.7291,-1.65393
228,14.3707,7.61593,-1.62047
228,14.3974,7.86325,-1.62204
228,14.553,7.86022,-1.6777
228,14.6523,7.71551,-1.66211
228,14.6481,7.72253,-1.66766
228,14.682,7.74023,-1.72651
228,14.6658,7.85131,-1.69127
228,14.6871,7.87201,-1.67103
228,14.6768,7.8764,-1.77281
228,14.732,7.74561,-1.79488
228,14.7891,7.7242,-1.78411
228,14.8513,7.77506,-1.75004
228,51.5483,10.2265,-1.45265
227,51.5483,10.2265,-1.45265
228,38.7464,10.2558,-1.51328
227,38.7464,10.2558,-1.51328
228,39.8071,7.47144,-2.4181
227,39.8071,7.47144,-2.4181
228,22.7754,16.365,-1.65929
227,22.7754,16.365,-1.65929
228,22.4557,16.1812,-1.54662
227,22.4557,16.1812,-1.54662
228,21.565,16.832,-1.71477
227,21.565,16.832,-1.71477
228,21.565,16.832,-1.71477
227,21.565,16.832,-1.71477
228,27.6365,16.7453,-1.70075
227,27.6365,16.7453,-1.70075
228,22.5606,16.1842,-1.59574
227,22.5606,16.1842,-1.59574
228,24.3173,18.7788,-1.51077
227,24.3173,18.7788,-1.51077
228,23.2043,17.6689,-0.968452
227,23.2043,17.6689,-0.968452
228,39.0619,6.42381,-2.47183
227,39.0619,6.42381,-2.47183
228,42.924,6.68246,-1.82736
227,42.924,6.68246,-1.82736
228,63.7397,4.87992,-1.97981
227,63.7397,4.87992,-1.97981
228,25.2698,8.04126,-1.41186
227,25.2698,8.04126,-1.41186
228,23.1754,17.7282,-0.433892
227,23.1754,17.7282,-0.433892
228,17.3098,10.6884,-1.75898
227,17.3098,10.6884,-1.75898
228,44.1548,9.24486,0.970549
227,44.1548,9.24486,0.970549
228,21.5209,18.0732,-1.30535
227,21.5209,18.0732,-1.30535
228,39.9519,10.4097,-1.74809
227,39.9519,10.4097,-1.74809
228,51.5718,10.6259,-1.45216
227,51.5718,10.6259,-1.45216
228,46.4471,6.67004,-2.1078
227,46.4471,6.67004,-2.1078
228,17.3125,14.0145,0.430439
227,17.3125,14.0145,0.430439
228,17.2994,14.3955,0.397451
227,17.2994,14.3955,0.397451
228,17.209,14.3679,0.270306
227,17.209,14.3679,0.270306
228,36.5602,10.0195,-1.91782
227,36.5602,10.0195,-1.91782
228,15.135,12.7045,-1.65572
227,15.135,12.7045,-1.65572
228,15.3514,10.9643,-1.81222
227,15.3514,10.9643,-1.81222
228,43.5178,9.60619,-2.74455
227,43.5178,9.60619,-2.74455
228,45.6886,7.29904,-2.72281
227,45.6886,7.29904,-2.72281
228,33.616,6.46164,-1.82798
227,33.616,6.46164,-1.82798
228,34.2871,6.46512,-1.85152
227,34.2871,6.46512,-1.85152
228,43.1572,6.23486,-2.65556
227,43.1572,6.23486,-2.65556
228,38.9697,4.14044,-2.30482
227,38.9697,4.14044,-2.30482
228,22.2543,18.7476,-1.40101
227,22.2543,18.7476,-1.40101
228,22.282,18.7648,-1.35263
227,22.282,18.7648,-1.35263
228,15.4102,13.2273,-0.0295056
227,15.4102,13.2273,-0.0295056
228,24.2321,16.6718,-1.64257
227,24.2321,16.6718,-1.64257
228,32.5837,9.51623,-0.807077
227,32.5837,9.51623,-0.807077
228,19.9888,13.6252,1.73652
227,19.9888,13.6252,1.73652
228,25.7974,14.177,2.43184
227,25.7974,14.177,2.43184
228,39.1996,10.395,-2.06232
227,39.1996,10.395,-2.06232
228,40.0751,10.2052,-1.5863
227,40.0751,10.2052,-1.5863
228,35.4913,4.08516,-1.9899
227,35.4913,4.08516,-1.9899
228,254.212,-20.7566,-8.00048
227,254.212,-20.7566,-8.00048
228,112.593,-6.36186,2.04068
227,112.593,-6.36186,2.04068
228,50.2472,-0.706299,-2.53257
227,50.2472,-0.706299,-2.53257
228,36.6762,4.43919,-2.22032
227,36.6762,4.43919,-2.22032
228,36.7263,10.0931,1.7286
227,36.7263,10.0931,1.7286
228,15.5696,13.4123,-0.675374
227,15.5696,13.4123,-0.675374
228,23.019,17.189,-1.34406
227,23.019,17.189,-1.34406
228,16.3185,13.375,0.706297
227,16.3185,13.375,0.706297
228,15.1661,12.7387,-1.66122
227,15.1661,12.7387,-1.66122
228,58.4028,-2.09504,-3.08615
227,58.4028,-2.09504,-3.08615
228,15.838,14.9777,-1.27406
227,15.838,14.9777,-1.27406
228,15.8795,15.009,-1.20787
227,15.8795,15.009,-1.20787
228,16.0634,13.8835,-1.0092
227,16.0634,13.8835,-1.0092
228,15.0192,10.7431,-1.70457
227,15.0192,10.7431,-1.70457
228,15.0086,10.7019,-1.69721
227,15.0086,10.7019,-1.69721
228,44.9782,10.5161,2.65773
227,44.9782,10.5161,2.65773
228,44.4448,9.31029,2.49638
227,44.4448,9.31029,2.49638
228,16.8512,17.5816,-1.69646
227,16.8512,17.5816,-1.69646
228,18.5202,18.836,-1.47091
227,18.5202,18.836,-1.47091
228,46.0402,4.25017,-1.73171
227,46.0402,4.25017,-1.73171
228,42.191,-0.345168,-0.478615
227,42.191,-0.345168,-0.478615
228,16.4752,13.6503,0.412032
227,16.4752,13.6503,0.412032
228,31.3547,3.44251,0.128313
227,31.3547,3.44251,0.128313
228,17.9399,18.5476,-1.43676
227,17.9399,18.5476,-1.43676
228,37.2896,1.04025,-1.70071
227,37.2896,1.04025,-1.70071
228,45.6961,-0.950329,-1.31958
227,45.6961,-0.950329,-1.31958
228,38.7163,10.0885,-0.700077
227,38.7163,10.0885,-0.700077
228,16.2882,7.43035,-1.60959
227,16.2882,7.43035,-1.60959
228,28.0814,12.2472,-1.61343
227,28.0814,12.2472,-1.61343
228,33.9216,9.73,-1.69594
227,33.9216,9.73,-1.69594
228,34.4095,9.897,-1.74
227,34.4095,9.897,-1.74
228,28.4762,8.97776,-0.873088
227,28.4762,8.97776,-0.873088
228,25.9815,5.4969,-0.592772
227,25.9815,5.4969,-0.592772
228,17.9153,18.0545,-1.32862
227,17.9153,18.0545,-1.32862
228,18.1695,17.7792,-0.278581
227,18.1695,17.7792,-0.278581
228,24.4182,17.3632,-1.77155
227,24.4182,17.3632,-1.77155
228,37.1396,2.34729,-2.31544
227,37.1396,2.34729,-2.31544
228,16.6566,15.9251,-1.86054
227,16.6566,15.9251,-1.86054
228,16.7828,16.6772,-1.47887
227,16.7828,16.6772,-1.47887
228,16.9045,16.2278,-1.06246
227,16.9045,16.2278,-1.06246
228,14.8363,13.8398,-1.96576
227,14.8363,13.8398,-1.96576
228,16.1857,15.3672,-1.97074
227,16.1857,15.3672,-1.97074
228,17.1611,14.2966,0.418746
227,17.1611,14.2966,0.418746
228,25.2255,17.2927,-1.76427
227,25.2255,17.2927,-1.76427
228,51.3749,11.0796,1.76775
227,51.3749,11.0796,1.76775
228,42.1755,4.91722,-0.978666
227,42.1755,4.91722,-0.978666
228,44.6203,1.7175,0.0187504
227,44.6203,1.7175,0.0187504
228,53.8753,-1.86828,-1.61584
227,53.8753,-1.86828,-1.61584
228,16.6974,13.8641,0.388352
227,16.6974,13.8641,0.388352
228,13.8085,11.4957,-0.562572
227,13.8085,11.4957,-0.562572
228,15.1657,10.8094,-1.74226
227,15.1657,10.8094,-1.74226
228,14.5825,15.6696,-1.80755
227,14.5825,15.6696,-1.80755
228,42.9815,9.98441,-0.990226
227,42.9815,9.98441,-0.990226
228,26.8317,6.40369,-1.18921
227,26.8317,6.40369,-1.18921
228,13.3163,12.4183,-0.711563
227,13.3163,12.4183,-0.711563
228,24.9797,17.2765,-1.77316
227,24.9797,17.2765,-1.77316
228,15.0552,10.7309,-1.72061
227,15.0552,10.7309,-1.72061
228,39.2844,0.300274,-0.994284
227,39.2844,0.300274,-0.994284
228,14.7648,15.9202,-1.87107
227,14.7648,15.9202,-1.87107
228,16.2387,13.6178,0.399461
227,16.2387,13.6178,0.399461
228,33.1917,9.52459,-0.524071
227,33.1917,9.52459,-0.524071
228,22.2461,16.0038,-1.49325
227,22.2461,16.0038,-1.49325
228,62.2624,-0.485354,-0.16655
227,62.2624,-0.485354,-0.16655
228,35.1965,9.18198,-0.582788
227,35.1965,9.18198,-0.582788
228,13.2718,12.097,-0.658245
227,13.2718,12.097,-0.658245
228,11.6858,7.55097,-1.54263
227,11.6858,7.55097,-1.54263
228,18.5017,19.3285,-0.162761
227,18.5017,19.3285,-0.162761
228,42.2241,10.7145,-0.842894
226,42.2241,10.7145,-0.842894
228,39.5454,9.47674,-1.28296
226,39.5454,9.47674,-1.28296
228,23.8912,16.2163,-1.61979
226,23.8912,16.2163,-1.61979
228,11.5591,8.36995,-1.56412
226,11.5591,8.36995,-1.56412
228,25.1234,12.9472,-2.19548
226,25.1234,12.9472,-2.19548
228,40.2576,6.74719,0.246604
226,40.2576,6.74719,0.246604
228,47.3366,9.78167,1.39884
226,47.3366,9.78167,1.39884
228,47.7823,10.5483,1.65698
226,47.7823,10.5483,1.65698
228,23.9232,16.4672,-1.61749
226,23.9232,16.4672,-1.61749
228,44.6026,11.0218,-0.919836
226,44.6026,11.0218,-0.919836
228,17.2128,14.4899,0.396195
226,17.2128,14.4899,0.396195
228,17.775,7.58393,-1.99807
226,17.775,7.58393,-1.99807
228,167.97,11.1023,-13.5004
226,167.97,11.1023,-13.5004
228,35.3214,9.85166,1.13926
226,35.3214,9.85166,1.13926
228,37.3984,10.1211,1.27694
226,37.3984,10.1211,1.27694
228,17.1968,14.4874,0.406171
226,17.1968,14.4874,0.406171
228,24.1988,14.5509,2.12989
226,24.1988,14.5509,2.12989
228,32.3868,9.49391,-1.20446
226,32.3868,9.49391,-1.20446
228,41.2313,0.811993,-1.92317
226,41.2313,0.811993,-1.92317
228,103.363,9.14721,-7.86318
226,103.363,9.14721,-7.86318
228,59.4255,11.4743,3.15648
226,59.4255,11.4743,3.15648
228,67.5103,-3.60724,-3.65212
226,67.5103,-3.60724,-3.65212
228,50.5409,-0.134371,-2.5842
226,50.5409,-0.134371,-2.5842
228,29.2657,9.06813,1.00981
226,29.2657,9.06813,1.00981
228,21.6405,16.9283,-1.68126
226,21.6405,16.9283,-1.68126
228,39.4405,2.75872,-1.83993
226,39.4405,2.75872,-1.83993
228,41.7845,9.32262,2.28786
226,41.7845,9.32262,2.28786
228,43.5212,4.74466,-1.66364
226,43.5212,4.74466,-1.66364
228,16.7495,14.4752,0.0739101
226,16.7495,14.4752,0.0739101
228,38.7857,7.12374,2.27698
226,38.7857,7.12374,2.27698
228,28.0159,12.2465,-1.60764
226,28.0159,12.2465,-1.60764
228,101.692,1.65446,-5.06886
226,101.692,1.65446,-5.06886
228,38.2274,1.76869,-1.70662
226,38.2274,1.76869,-1.70662
228,30.9239,8.37376,1.62458
226,30.9239,8.37376,1.62458
228,19.6333,20.1295,-0.209318
226,19.6333,20.1295,-0.209318
228,16.6978,11.8562,-0.666514
226,16.6978,11.8562,-0.666514
228,30.5291,5.38582,-0.88095
226,30.5291,5.38582,-0.88095
228,11.9333,7.76793,-1.731
226,11.9333,7.76793,-1.731
228,30.4771,9.20677,1.18557
226,30.4771,9.20677,1.18557
228,16.4621,15.7679,0.0468125
226,16.4621,15.7679,0.0468125
228,23.1365,13.563,-1.07435
225,23.1365,13.563,-1.07435
228,20.4053,14.6149,-1.16887
225,20.4053,14.6149,-1.16887
228,24.9189,17.4879,-1.88086
225,24.9189,17.4879,-1.88086
228,46.4748,10.1545,-1.25816
225,46.4748,10.1545,-1.25816
228,38.6974,6.3847,-0.000738058
225,38.6974,6.3847,-0.000738058
228,28.1559,6.31887,0.0733274
225,28.1559,6.31887,0.0733274
228,24.6208,14.9697,2.24293
225,24.6208,14.9697,2.24293
228,26.9793,15.4269,-1.41869
225,26.9793,15.4269,-1.41869
228,15.2385,13.0975,-0.926409
225,15.2385,13.0975,-0.926409
228,25.0004,17.7984,-1.8662
225,25.0004,17.7984,-1.8662
228,23.2471,16.308,-1.67556
225,23.2471,16.308,-1.67556
228,37.6166,6.30125,-2.02323
225,37.6166,6.30125,-2.02323
228,34.2015,14.0045,-2.24075
225,34.2015,14.0045,-2.24075
228,45.9977,6.93005,-2.65072
223,45.9977,6.93005,-2.65072
228,22.3619,14.9673,-1.40405
223,22.3619,14.9673,-1.40405
228,42.7812,1.43212,-2.47533
223,42.7812,1.43212,-2.47533
228,31.1251,10.564,-0.736661
223,31.1251,10.564,-0.736661
228,44.0563,9.26244,1.09248
223,44.0563,9.26244,1.09248
228,43.6693,3.36737,-2.72489
223,43.6693,3.36737,-2.72489
228,14.2709,14.3047,-1.67318
223,14.2709,14.3047,-1.67318
228,36.0936,9.13138,-1.32273
223,36.0936,9.13138,-1.32273
228,38.661,9.41436,-1.44475
223,38.661,9.41436,-1.44475
228,19.1163,19.3835,-0.225815
223,19.1163,19.3835,-0.225815
228,17.7689,14.9219,-0.159494
223,17.7689,14.9219,-0.159494
228,25.2307,17.8516,-1.91222
224,25.2307,17.8516,-1.91222
228,15.1706,6.18944,-2.05596
224,15.1706,6.18944,-2.05596
228,17.0221,14.4871,-0.120227
224,17.0221,14.4871,-0.120227
228,30.3836,14.3097,1.96802
224,30.3836,14.3097,1.96802
228,11.2881,9.9971,0.157663
224,11.2881,9.9971,0.157663
228,46.2248,2.42251,-0.796006
224,46.2248,2.42251,-0.796006
228,43.4655,9.85467,-1.67394
224,43.4655,9.85467,-1.67394
228,17.8419,15.1333,-2.47931
224,17.8419,15.1333,-2.47931
228,15.2906,11.1196,-1.80137
221,15.2906,11.1196,-1.80137
228,41.2628,6.01836,-2.39615
221,41.2628,6.01836,-2.39615
228,43.1667,13.5613,-1.10314
221,43.1667,13.5613,-1.10314
228,23.5592,13.965,2.02826
221,23.5592,13.965,2.02826
228,14.9961,15.7057,-1.83193
221,14.9961,15.7057,-1.83193
228,20.2647,15.8386,-1.46464
221,20.2647,15.8386,-1.46464
228,15.1842,15.8492,-1.61099
221,15.1842,15.8492,-1.61099
228,14.4409,15.0144,-1.71064
221,14.4409,15.0144,-1.71064
228,23.3281,16.1956,-1.6133
219,23.3281,16.1956,-1.6133
228,46.6135,9.98054,2.82872
217,46.6135,9.98054,2.82872
228,33.5289,9.30467,1.9829
217,33.5289,9.30467,1.9829
228,22.7606,15.8296,-1.50193
214,22.7606,15.8296,-1.50193
228,23.0913,16.3096,-1.62909
214,23.0913,16.3096,-1.62909
228,23.2093,16.0793,-1.54284
214,23.2093,16.0793,-1.54284
228,25.6424,8.06225,-1.43836
214,25.6424,8.06225,-1.43836
228,15.0832,10.7916,-1.78482
215,15.0832,10.7916,-1.78482
229,10.9337,7.35375,-1.66948
229,10.9442,7.35868,-1.67649
229,10.9508,7.36416,-1.68858
229,10.9626,7.38717,-1.67854
229,11.4216,6.72376,-1.61536
229,11.1801,7.28398,-1.66838
229,11.4347,6.72929,-1.62243
229,11.4568,6.70773,-1.63158
229,11.643,6.29174,-1.64774
229,11.6206,6.35322,-1.64419
229,11.6512,6.34891,-1.63327
229,11.6799,6.26483,-1.6582
229,11.6814,6.25611,-1.67268
229,11.7024,6.2499,-1.67006
229,11.7124,6.23824,-1.66533
229,11.6747,6.38246,-1.65427
229,11.6235,6.60005,-1.58552
229,11.4874,6.92185,-1.59526
229,11.6362,6.53929,-1.62843
229,11.6475,6.53476,-1.64503
229,11.5107,6.9238,-1.63635
229,11.6551,6.64229,-1.58741
229,11.5079,6.94021,-1.65056
229,11.673,6.56391,-1.6318
229,11.6834,6.54189,-1.65756
229,11.5318,6.94065,-1.62282
229,11.5389,6.94218,-1.61998
229,11.537,6.93208,-1.63946
229,11.5478,6.98363,-1.63137
229,11.5407,7.00422,-1.63677
229,11.5422,6.98741,-1.65045
229,11.6923,6.68347,-1.6345
229,11.7038,6.67698,-1.64043
229,10.8727,8.57629,-1.74091
229,11.6907,6.7232,-1.63788
229,11.7317,6.73451,-1.63574
229,11.7615,6.78715,-1.68157
229,11.7639,6.82426,-1.66893
229,11.8136,7.24171,-1.66901
229,11.5694,7.84801,-1.64951
229,11.8198,7.34603,-1.66694
229,11.8144,7.40968,-1.6546
229,11.7427,7.61732,-1.6248
229,11.6671,8.38095,-1.6056
229,11.6905,8.39495,-1.62172
229,11.7048,8.41828,-1.63162
229,11.7015,8.41673,-1.64862
229,11.7035,8.40848,-1.65718
229,11.7148,8.42372,-1.61915
229,11.7306,8.409,-1.65184
229,14.3647,6.19438,-1.79905
229,14.4869,6.19073,-1.84736
229,14.5001,7.64005,-1.64737
229,14.5059,7.87906,-1.64699
229,14.5494,7.84468,-1.67605
229,14.6952,7.73051,-1.78706
229,14.6908,7.85747,-1.68499
229,14.7271,7.74734,-1.7133
229,14.7373,7.87722,-1.7968
229,14.7907,7.88343,-1.71211
229,14.8827,7.74417,-1.78991
229,14.8291,7.94517,-1.76878
229,14.8429,7.95132,-1.73713
229,23.5285,17.5715,-1.43269
228,23.5285,17.5715,-1.43269
229,23.92,17.8751,-1.47537
228,23.92,17.8751,-1.47537
229,38.1864,10.2214,-1.70604
228,38.1864,10.2214,-1.70604
229,42.2059,8.64046,-2.42842
228,42.2059,8.64046,-2.42842
229,23.7886,17.8805,-1.04967
228,23.7886,17.8805,-1.04967
229,54.145,5.18372,-1.56385
228,54.145,5.18372,-1.56385
229,38.8523,10.3287,-2.06919
228,38.8523,10.3287,-2.06919
229,15.1458,8.85424,-2.01734
228,15.1458,8.85424,-2.01734
229,15.2193,10.8771,-1.73659
228,15.2193,10.8771,-1.73659
229,37.5534,10.1589,-0.661435
228,37.5534,10.1589,-0.661435
229,22.6042,7.96781,-0.228651
228,22.6042,7.96781,-0.228651
229,20.1251,16.4667,-1.53988
228,20.1251,16.4667,-1.53988
229,24.2244,16.6663,-1.64067
228,24.2244,16.6663,-1.64067
229,33.677,9.64832,-1.33624
228,33.677,9.64832,-1.33624
229,47.8591,5.29561,-1.94401
228,47.8591,5.29561,-1.94401
229,11.7418,6.82465,-1.67589
228,11.7418,6.82465,-1.67589
229,16.7162,7.52581,-1.70406
228,16.7162,7.52581,-1.70406
229,26.1435,21.6675,-0.222814
228,26.1435,21.6675,-0.222814
229,23.7939,19.0316,-1.55696
228,23.7939,19.0316,-1.55696
229,39.7026,10.3946,-2.13609
228,39.7026,10.3946,-2.13609
229,23.8635,16.912,-1.73582
228,23.8635,16.912,-1.73582
229,30.7173,9.34167,1.43554
228,30.7173,9.34167,1.43554
229,20.3426,13.8222,1.76985
228,20.3426,13.8222,1.76985
229,38.9207,10.2945,-1.67257
228,38.9207,10.2945,-1.67257
229,29.7805,9.0493,-0.391137
228,29.7805,9.0493,-0.391137
229,16.9751,14.1494,0.27289
228,16.9751,14.1494,0.27289
229,16.4863,13.6157,0.388545
228,16.4863,13.6157,0.388545
229,21.3164,6.45313,-0.751942
228,21.3164,6.45313,-0.751942
229,37.5518,6.45283,-2.0864
228,37.5518,6.45283,-2.0864
229,25.4089,21.0434,-0.39408
228,25.4089,21.0434,-0.39408
229,63.8281,-0.154215,1.84456
228,63.8281,-0.154215,1.84456
229,22.6598,7.80878,-1.12824
228,22.6598,7.80878,-1.12824
229,24.3659,16.7155,-1.66053
228,24.3659,16.7155,-1.66053
229,28.7903,13.7046,1.87146
228,28.7903,13.7046,1.87146
229,12.1728,6.28555,-2.02091
228,12.1728,6.28555,-2.02091
229,15.2028,12.765,-1.67809
228,15.2028,12.765,-1.67809
229,11.8059,8.45761,-1.69469
228,11.8059,8.45761,-1.69469
229,15.0922,10.7736,-1.72192
228,15.0922,10.7736,-1.72192
229,15.0778,10.698,-1.73808
228,15.0778,10.698,-1.73808
229,39.9199,7.50505,-2.45842
228,39.9199,7.50505,-2.45842
229,34.8725,8.98831,-0.883301
228,34.8725,8.98831,-0.883301
229,40.9074,9.40884,-2.51609
228,40.9074,9.40884,-2.51609
229,41.3804,3.65884,-2.54477
228,41.3804,3.65884,-2.54477
229,13.7752,12.5562,-0.767719
228,13.7752,12.5562,-0.767719
229,35.8791,6.48028,-1.97488
228,35.8791,6.48028,-1.97488
229,53.0596,1.14974,1.58747
228,53.0596,1.14974,1.58747
229,74.0298,-6.83009,-2.51064
228,74.0298,-6.83009,-2.51064
229,46.8607,-1.16213,-1.22487
228,46.8607,-1.16213,-1.22487
229,16.764,14.4451,0.291569
228,16.764,14.4451,0.291569
229,35.1161,5.26839,-0.714898
228,35.1161,5.26839,-0.714898
229,39.1043,9.79261,1.35619
228,39.1043,9.79261,1.35619
229,38.7613,10.3428,1.32328
228,38.7613,10.3428,1.32328
229,15.3221,15.0419,-1.5976
228,15.3221,15.0419,-1.5976
229,23.6133,16.9475,-1.65746
228,23.6133,16.9475,-1.65746
229,44.6435,10.5219,2.71246
228,44.6435,10.5219,2.71246
229,29.1309,2.32288,-0.174708
228,29.1309,2.32288,-0.174708
229,20.2965,16.2175,-1.12219
228,20.2965,16.2175,-1.12219
229,130.473,-6.8255,-3.65093
228,130.473,-6.8255,-3.65093
229,17.6273,17.4919,-0.173588
228,17.6273,17.4919,-0.173588
229,39.4224,10.5044,1.7808
228,39.4224,10.5044,1.7808
229,27.2767,8.43596,-0.333272
228,27.2767,8.43596,-0.333272
229,40.8986,6.3535,-2.43264
228,40.8986,6.3535,-2.43264
229,15.0807,10.7467,-1.73696
228,15.0807,10.7467,-1.73696
229,43.9744,7.2197,2.6216
228,43.9744,7.2197,2.6216
229,21.24,16.9976,-1.2315
228,21.24,16.9976,-1.2315
229,65.0478,1.16311,-1.31664
228,65.0478,1.16311,-1.31664
229,13.1542,13.4256,-1.26645
228,13.1542,13.4256,-1.26645
229,15.81,13.5916,-0.654251
228,15.81,13.5916,-0.654251
229,17.1199,16.6354,-1.10028
228,17.1199,16.6354,-1.10028
229,15.4534,11.2866,-1.8286
228,15.4534,11.2866,-1.8286
229,18.2611,17.8078,-0.0111442
228,18.2611,17.8078,-0.0111442
229,15.8804,13.7052,-0.956642
228,15.8804,13.7052,-0.956642
229,17.2629,18.4027,-1.79895
228,17.2629,18.4027,-1.79895
229,18.7244,19.5969,-0.221022
228,18.7244,19.5969,-0.221022
229,37.9945,9.35573,-1.21446
227,37.9945,9.35573,-1.21446
229,42.5459,9.75779,-1.06814
227,42.5459,9.75779,-1.06814
229,22.7651,15.6033,-0.788126
227,22.7651,15.6033,-0.788126
229,51.5662,10.6314,-1.44343
227,51.5662,10.6314,-1.44343
229,21.4616,16.7044,-1.6206
227,21.4616,16.7044,-1.6206
229,23.1078,17.8525,-1.38803
227,23.1078,17.8525,-1.38803
229,15.6742,13.2134,-1.7849
227,15.6742,13.2134,-1.7849
229,24.1461,8.31128,0.891492
227,24.1461,8.31128,0.891492
229,25.5851,21.6785,-0.518194
227,25.5851,21.6785,-0.518194
229,25.577,21.1676,-0.222822
227,25.577,21.1676,-0.222822
229,56.837,11.4355,3.48838
227,56.837,11.4355,3.48838
229,38.9528,6.6902,-1.67464
227,38.9528,6.6902,-1.67464
229,17.9407,11.1377,-0.598631
227,17.9407,11.1377,-0.598631
229,14.1438,10.1223,-1.40305
227,14.1438,10.1223,-1.40305
229,16.9991,14.5802,0.263105
227,16.9991,14.5802,0.263105
229,39.9934,9.58107,-0.807421
227,39.9934,9.58107,-0.807421
229,26.3245,8.02624,-1.17749
227,26.3245,8.02624,-1.17749
229,30.8056,8.27914,0.854616
227,30.8056,8.27914,0.854616
229,21.7696,17.4819,-1.31636
227,21.7696,17.4819,-1.31636
229,16.2588,16.0042,-1.87532
227,16.2588,16.0042,-1.87532
229,24.8815,17.0703,-1.70155
227,24.8815,17.0703,-1.70155
229,48.1958,0.299847,-2.35458
227,48.1958,0.299847,-2.35458
229,40.6248,6.74229,-1.75388
227,40.6248,6.74229,-1.75388
229,24.5701,17.5109,-1.78202
227,24.5701,17.5109,-1.78202
229,24.6529,17.5584,-1.6306
227,24.6529,17.5584,-1.6306
229,37.9465,6.35952,-2.09921
227,37.9465,6.35952,-2.09921
229,17.6039,18.1281,-1.351
227,17.6039,18.1281,-1.351
229,36.2442,8.65639,1.94276
227,36.2442,8.65639,1.94276
229,18.1653,14.7216,-1.21916
227,18.1653,14.7216,-1.21916
229,14.8545,15.2747,-1.95328
227,14.8545,15.2747,-1.95328
229,12.7371,10.4761,-0.368808
227,12.7371,10.4761,-0.368808
229,111.952,-3.50978,-2.98257
227,111.952,-3.50978,-2.98257
229,25.9111,8.631,-0.262841
227,25.9111,8.631,-0.262841
229,18.1118,20.7283,-3.06516
227,18.1118,20.7283,-3.06516
229,17.8697,15.1943,-1.24927
227,17.8697,15.1943,-1.24927
229,17.6881,15.0272,-1.21792
227,17.6881,15.0272,-1.21792
229,40.6784,4.9118,-1.44757
227,40.6784,4.9118,-1.44757
229,66.4317,-1.05861,-0.272706
227,66.4317,-1.05861,-0.272706
229,16.9046,16.7472,-0.0864943
227,16.9046,16.7472,-0.0864943
229,44.147,9.94258,-0.896891
225,44.147,9.94258,-0.896891
229,40.4497,10.5131,-0.767484
225,40.4497,10.5131,-0.767484
229,20.7571,11.2701,-1.5427
225,20.7571,11.2701,-1.5427
229,14.9112,12.8089,-0.844526
225,14.9112,12.8089,-0.844526
229,13.9009,14.0721,-1.41325
225,13.9009,14.0721,-1.41325
229,15.6198,13.1164,-1.791
225,15.6198,13.1164,-1.791
229,13.7888,13.9329,-1.36875
225,13.7888,13.9329,-1.36875
229,22.7808,18.6243,-1.98983
225,22.7808,18.6243,-1.98983
229,22.2237,15.9154,-1.44422
225,22.2237,15.9154,-1.44422
229,14.455,14.3065,-1.22948
225,14.455,14.3065,-1.22948
229,19.3215,13.5367,-1.02538
225,19.3215,13.5367,-1.02538
229,43.4633,5.39637,-1.68746
225,43.4633,5.39637,-1.68746
229,41.2835,10.0833,1.28839
223,41.2835,10.0833,1.28839
229,36.5693,9.33749,1.96596
223,36.5693,9.33749,1.96596
229,45.5838,10.3801,2.44422
223,45.5838,10.3801,2.44422
229,16.8598,14.0362,-0.0683567
223,16.8598,14.0362,-0.0683567
229,22.0675,8.72737,-1.79595
223,22.0675,8.72737,-1.79595
229,22.9548,8.90511,-1.93298
223,22.9548,8.90511,-1.93298
229,18.2531,15.6795,-0.185606
223,18.2531,15.6795,-0.185606
229,15.5159,13.0355,-1.77037
223,15.5159,13.0355,-1.77037
229,15.3906,11.2906,-1.81817
223,15.3906,11.2906,-1.81817
229,24.7322,17.0626,-1.78571
224,24.7322,17.0626,-1.78571
229,22.0927,15.3139,-1.477
224,22.0927,15.3139,-1.477
229,21.8466,12.5759,1.81755
224,21.8466,12.5759,1.81755
229,20.566,16.7783,-1.66867
224,20.566,16.7783,-1.66867
229,26.2945,12.8151,1.45122
224,26.2945,12.8151,1.45122
229,15.6301,15.2896,-0.0846067
224,15.6301,15.2896,-0.0846067
229,14.5436,4.82522,-2.00866
224,14.5436,4.82522,-2.00866
229,14.8156,10.8662,-1.64392
224,14.8156,10.8662,-1.64392
229,40.1356,8.2611,2.28876
224,40.1356,8.2611,2.28876
229,46.3619,10.3145,-1.01113
224,46.3619,10.3145,-1.01113
229,24.5819,16.8404,-1.70004
221,24.5819,16.8404,-1.70004
229,25.003,17.4816,-1.91881
221,25.003,17.4816,-1.91881
229,24.4908,17.1622,-1.85376
221,24.4908,17.1622,-1.85376
229,48.142,10.2327,2.50398
221,48.142,10.2327,2.50398
229,20.2989,15.8736,-1.46183
221,20.2989,15.8736,-1.46183
229,14.6309,15.2547,-1.75709
221,14.6309,15.2547,-1.75709
229,37.521,10.217,1.31136
219,37.521,10.217,1.31136
229,11.5977,6.66156,-1.58854
219,11.5977,6.66156,-1.58854
229,43.1718,12.8227,-1.8604
217,43.1718,12.8227,-1.8604
229,64.6117,13.4351,-2.0173
217,64.6117,13.4351,-2.0173
229,20.695,16.2271,-1.56664
217,20.695,16.2271,-1.56664
229,15.7907,13.5549,0.0204237
217,15.7907,13.5549,0.0204237
230,11.438,6.69363,-1.62464
230,11.4411,6.70445,-1.63162
230,11.6147,6.31896,-1.63344
230,11.6364,6.3466,-1.63166
230,11.8458,7.0819,-0.369105
230,11.6305,6.3621,-1.64068
230,11.6065,6.51181,-1.62912
230,11.6795,6.32453,-1.6546
230,11.6566,6.43317,-1.65523
230,11.6453,6.52824,-1.65475
230,11.6803,6.4614,-1.66575
230,11.6364,6.64016,-1.5944
230,11.4862,6.94033,-1.67516
230,11.6377,6.59473,-1.65013
230,11.6608,6.53592,-1.6525
230,11.6461,6.59525,-1.6491
230,10.8155,8.56016,-1.72243
230,10.823,8.54724,-1.72239
230,11.6541,6.59711,-1.63808
230,11.6816,6.52246,-1.65818
230,11.7021,6.46153,-1.67893
230,11.6761,6.56087,-1.64421
230,11.6969,6.52207,-1.66231
230,11.5384,6.9234,-1.64906
230,10.839,8.56157,-1.73224
230,10.8531,8.55287,-1.72083
230,11.7033,6.52032,-1.67333
230,11.6343,6.75465,-1.62847
230,11.6933,6.58933,-1.65256
230,11.5503,6.96973,-1.63288
230,11.716,6.53733,-1.66085
230,11.5172,7.08953,-1.61095
230,11.5575,7.09912,-1.5966
230,11.68,6.85607,-1.6325
230,11.6767,6.91957,-1.62307
230,11.6962,6.89011,-1.62713
230,11.6986,6.96747,-1.64631
230,11.7239,7.00367,-1.64749
230,11.7421,6.96454,-1.65726
230,11.745,6.99845,-1.65096
230,11.7455,7.07112,-1.66627
230,11.7489,7.10525,-1.65179
230,11.7336,7.17573,-1.6281
230,11.753,7.0983,-1.66056
230,11.738,7.18564,-1.63935
230,11.7165,7.25244,-1.63056
230,11.7677,7.14208,-1.64561
230,11.7317,7.29148,-1.63699
230,11.7168,7.33326,-1.6319
230,11.754,7.28907,-1.64297
230,11.7836,7.29494,-1.65653
230,11.7777,7.33034,-1.6415
230,11.5885,7.84472,-1.63871
230,11.7933,7.33497,-1.65008
230,11.7621,7.47698,-1.64879
230,11.8205,7.38632,-1.65866
230,11.7988,7.48846,-1.64156
230,11.7826,7.57883,-1.60653
230,11.7975,7.51069,-1.6477
230,11.7823,7.57753,-1.62352
230,11.8071,7.56831,-1.6455
230,11.6423,8.33492,-1.59402
230,11.6317,8.3692,-1.58778
230,11.6843,8.40551,-1.64011
230,11.6836,8.39625,-1.65543
230,11.6913,8.39933,-1.63469
230,11.697,8.39474,-1.63533
230,14.2762,6.19851,-1.77224
230,14.4603,6.15436,-1.85597
230,14.5207,7.67561,-1.67629
230,14.8068,7.67402,-1.76708
230,14.8184,7.72756,-1.79683
230,14.8052,7.8852,-1.73095
230,14.83,7.9366,-1.76703
230,14.8611,7.97606,-1.78909
230,14.8679,9.51931,-1.15703
228,14.8679,9.51931,-1.15703
230,15.3651,9.76755,-1.28553
228,15.3651,9.76755,-1.28553
230,61.8479,6.04962,-4.66916
228,61.8479,6.04962,-4.66916
230,41.4694,7.46152,-2.58025
228,41.4694,7.46152,-2.58025
230,23.6623,16.6749,-1.53325
228,23.6623,16.6749,-1.53325
230,48.5806,5.35931,-1.3535
228,48.5806,5.35931,-1.3535
230,19.7575,16.1134,-1.48567
228,19.7575,16.1134,-1.48567
230,20.3219,17.0158,-1.14932
228,20.3219,17.0158,-1.14932
230,45.6802,6.89899,0.991464
228,45.6802,6.89899,0.991464
230,54.1389,5.7406,-0.68201
228,54.1389,5.7406,-0.68201
230,47.3048,4.04832,-1.90776
228,47.3048,4.04832,-1.90776
230,46.6398,9.7324,1.37164
228,46.6398,9.7324,1.37164
230,17.8029,10.1248,-1.06047
228,17.8029,10.1248,-1.06047
230,16.5119,14.009,-2.07666
228,16.5119,14.009,-2.07666
230,34.4135,4.02508,-0.445252
228,34.4135,4.02508,-0.445252
230,15.278,10.9088,-0.484438
228,15.278,10.9088,-0.484438
230,20.1845,14.0561,-1.12202
228,20.1845,14.0561,-1.12202
230,25.57,15.7716,-1.50089
228,25.57,15.7716,-1.50089
230,46.6819,11.2632,-2.03502
228,46.6819,11.2632,-2.03502
230,36.2175,9.81005,-0.638798
228,36.2175,9.81005,-0.638798
230,43.6159,6.42946,-2.60642
228,43.6159,6.42946,-2.60642
230,37.8151,9.97525,-1.45201
228,37.8151,9.97525,-1.45201
230,42.2902,10.7134,-1.27479
228,42.2902,10.7134,-1.27479
230,25.7786,14.1709,2.43605
228,25.7786,14.1709,2.43605
230,22.0486,11.3534,1.35756
228,22.0486,11.3534,1.35756
230,17.0033,14.5301,-1.20089
228,17.0033,14.5301,-1.20089
230,34.0199,9.02364,-0.58492
228,34.0199,9.02364,-0.58492
230,18.8799,13.6805,-1.04748
228,18.8799,13.6805,-1.04748
230,13.8337,11.5414,-0.543069
228,13.8337,11.5414,-0.543069
230,24.212,16.6654,-1.63805
228,24.212,16.6654,-1.63805
230,44.3837,3.31298,-2.83362
228,44.3837,3.31298,-2.83362
230,18.9221,12.1679,-0.767834
228,18.9221,12.1679,-0.767834
230,19.7156,10.8695,-1.36592
228,19.7156,10.8695,-1.36592
230,13.3829,13.2259,-1.3521
228,13.3829,13.2259,-1.3521
230,14.9118,12.4954,-1.58801
228,14.9118,12.4954,-1.58801
230,15.3529,12.889,-1.72737
228,15.3529,12.889,-1.72737
230,20.0138,14.4422,-1.16472
228,20.0138,14.4422,-1.16472
230,12.4914,11.2963,0.15852
228,12.4914,11.2963,0.15852
230,19.8813,7.99989,0.921726
228,19.8813,7.99989,0.921726
230,28.6437,9.10518,1.34483
228,28.6437,9.10518,1.34483
230,15.7944,11.1972,-1.96024
228,15.7944,11.1972,-1.96024
230,61.8053,12.1989,2.05847
228,61.8053,12.1989,2.05847
230,39.553,10.4157,1.31676
228,39.553,10.4157,1.31676
230,13.0455,13.3409,-1.23247
228,13.0455,13.3409,-1.23247
230,34.2004,11.2442,1.41427
228,34.2004,11.2442,1.41427
230,42.9749,10.4512,2.56941
228,42.9749,10.4512,2.56941
230,34.544,4.57473,0.124889
228,34.544,4.57473,0.124889
230,27.7974,12.1669,-1.58435
228,27.7974,12.1669,-1.58435
230,20.4479,16.3001,-1.08536
228,20.4479,16.3001,-1.08536
230,13.9569,13.2922,-0.598304
228,13.9569,13.2922,-0.598304
230,24.931,17.2144,-1.74954
228,24.931,17.2144,-1.74954
230,30.5684,6.37487,-1.54282
228,30.5684,6.37487,-1.54282
230,51.6875,4.63295,-1.36253
228,51.6875,4.63295,-1.36253
230,13.7527,11.6189,-0.564929
228,13.7527,11.6189,-0.564929
230,20.4113,16.2842,-1.06945
228,20.4113,16.2842,-1.06945
230,16.0615,13.8728,-0.702372
228,16.0615,13.8728,-0.702372
230,58.3511,4.33316,-1.6352
228,58.3511,4.33316,-1.6352
230,50.8674,11.6784,1.85687
228,50.8674,11.6784,1.85687
230,26.447,6.34669,-1.14374
229,26.447,6.34669,-1.14374
230,19.6407,14.3009,0.0258449
229,19.6407,14.3009,0.0258449
230,21.9583,17.1167,-1.71364
229,21.9583,17.1167,-1.71364
230,21.9153,16.8722,-1.6286
229,21.9153,16.8722,-1.6286
230,24.3523,16.713,-1.65677
229,24.3523,16.713,-1.65677
230,35.2788,8.9046,-0.611274
229,35.2788,8.9046,-0.611274
230,15.1004,10.8014,-1.71012
229,15.1004,10.8014,-1.71012
230,45.0441,13.0776,-1.80029
229,45.0441,13.0776,-1.80029
230,21.1737,16.552,-1.59398
229,21.1737,16.552,-1.59398
230,19.9885,16.2305,-1.58954
229,19.9885,16.2305,-1.58954
230,30.4962,8.96147,0.967374
229,30.4962,8.96147,0.967374
230,45.8828,9.76488,-3.0746
229,45.8828,9.76488,-3.0746
230,33.7876,4.96093,-1.70508
229,33.7876,4.96093,-1.70508
230,21.9153,16.8722,-1.6286
229,21.9153,16.8722,-1.6286
230,54.2595,5.14587,-2.34632
229,54.2595,5.14587,-2.34632
230,26.7237,14.4675,2.29678
229,26.7237,14.4675,2.29678
230,26.692,14.4692,2.38063
229,26.692,14.4692,2.38063
230,20.7125,18.1294,-0.0382943
229,20.7125,18.1294,-0.0382943
230,48.205,5.35337,-1.97707
229,48.205,5.35337,-1.97707
230,40.0199,4.74607,-2.5824
229,40.0199,4.74607,-2.5824
230,48.449,9.59416,2.66622
229,48.449,9.59416,2.66622
230,22.0769,17.2013,-1.72025
229,22.0769,17.2013,-1.72025
230,35.54,1.70975,-2.08634
229,35.54,1.70975,-2.08634
230,38.7397,1.09328,-1.01954
229,38.7397,1.09328,-1.01954
230,52.8766,-2.4219,-0.182853
229,52.8766,-2.4219,-0.182853
230,41.6127,9.12816,1.04908
229,41.6127,9.12816,1.04908
230,32.2415,5.18055,-1.85069
229,32.2415,5.18055,-1.85069
230,38.7305,2.39389,0.834502
229,38.7305,2.39389,0.834502
230,58.1509,-0.261118,-0.174151
229,58.1509,-0.261118,-0.174151
230,18.1698,18.1573,-1.46479
229,18.1698,18.1573,-1.46479
230,15.1733,12.7315,-1.64105
229,15.1733,12.7315,-1.64105
230,15.2016,12.7105,-1.64433
229,15.2016,12.7105,-1.64433
230,24.6391,17.5559,-1.62671
229,24.6391,17.5559,-1.62671
230,15.9862,15.4664,-1.34563
229,15.9862,15.4664,-1.34563
230,14.5294,13.707,-0.991368
229,14.5294,13.707,-0.991368
230,96.5386,-3.03127,-2.427
229,96.5386,-3.03127,-2.427
230,15.9422,15.0989,-1.26191
229,15.9422,15.0989,-1.26191
230,34.6569,1.34598,-1.45451
229,34.6569,1.34598,-1.45451
230,56.8794,-2.79969,-3.08343
229,56.8794,-2.79969,-3.08343
230,25.0414,17.2755,-1.74128
229,25.0414,17.2755,-1.74128
230,18.1439,18.3483,-1.39315
229,18.1439,18.3483,-1.39315
230,21.1228,18.3622,-0.295119
229,21.1228,18.3622,-0.295119
230,21.4261,16.7236,-1.58235
229,21.4261,16.7236,-1.58235
230,33.5208,6.41505,-1.75589
229,33.5208,6.41505,-1.75589
230,22.6955,17.7713,-1.77361
229,22.6955,17.7713,-1.77361
230,20.1239,16.3715,-1.56262
229,20.1239,16.3715,-1.56262
230,14.9511,10.9365,-1.70794
229,14.9511,10.9365,-1.70794
230,42.4638,-0.158382,-1.10136
229,42.4638,-0.158382,-1.10136
230,16.2955,15.5853,-1.36191
229,16.2955,15.5853,-1.36191
230,20.8384,16.9375,-1.60714
229,20.8384,16.9375,-1.60714
230,37.7658,9.34539,1.83373
229,37.7658,9.34539,1.83373
230,22.3417,16.0426,-1.4874
229,22.3417,16.0426,-1.4874
230,78.2317,-0.0820625,-1.95748
229,78.2317,-0.0820625,-1.95748
230,31.6566,8.60196,-1.60736
229,31.6566,8.60196,-1.60736
230,30.7024,10.6834,1.33132
229,30.7024,10.6834,1.33132
230,30.2972,9.10241,-1.13749
227,30.2972,9.10241,-1.13749
230,33.6293,9.67802,-0.523703
227,33.6293,9.67802,-0.523703
230,69.3805,12.3683,-2.21149
227,69.3805,12.3683,-2.21149
230,35.3599,9.6676,-1.28547
227,35.3599,9.6676,-1.28547
230,25.6012,21.6939,-0.52975
227,25.6012,21.6939,-0.52975
230,26.7194,14.644,2.24748
227,26.7194,14.644,2.24748
230,47.084,3.07913,-3.00419
227,47.084,3.07913,-3.00419
230,24.7055,14.9907,2.23043
227,24.7055,14.9907,2.23043
230,48.9795,-0.0348288,-3.60506
227,48.9795,-0.0348288,-3.60506
230,40.5176,3.85685,-2.24123
227,40.5176,3.85685,-2.24123
230,46.4715,10.675,2.75846
227,46.4715,10.675,2.75846
230,13.8769,13.0638,-0.00222631
227,13.8769,13.0638,-0.00222631
230,18.1902,18.4001,-1.80939
227,18.1902,18.4001,-1.80939
230,15.582,16.0718,-2.21497
227,15.582,16.0718,-2.21497
230,19.8036,20.3651,-2.16802
227,19.8036,20.3651,-2.16802
230,17.9963,18.6437,-1.41265
227,17.9963,18.6437,-1.41265
230,13.7085,12.8772,0.0897298
227,13.7085,12.8772,0.0897298
230,43.8753,7.19535,2.58638
227,43.8753,7.19535,2.58638
230,14.7131,15.149,-1.57042
227,14.7131,15.149,-1.57042
230,15.6171,16.1215,-2.20538
227,15.6171,16.1215,-2.20538
230,41.09,6.3129,-2.41654
227,41.09,6.3129,-2.41654
230,38.6137,10.2665,-0.686569
225,38.6137,10.2665,-0.686569
230,16.5583,7.67483,-1.69494
225,16.5583,7.67483,-1.69494
230,17.0712,9.21774,-1.75802
225,17.0712,9.21774,-1.75802
230,19.7118,15.363,-1.41314
225,19.7118,15.363,-1.41314
230,19.1874,14.9682,-1.33192
225,19.1874,14.9682,-1.33192
230,43.7149,10.3143,1.5403
225,43.7149,10.3143,1.5403
230,37.7211,6.3801,0.048047
225,37.7211,6.3801,0.048047
230,24.7428,17.2995,-1.86907
225,24.7428,17.2995,-1.86907
230,49.3426,7.11236,1.72701
225,49.3426,7.11236,1.72701
230,16.6511,7.6917,-1.71739
225,16.6511,7.6917,-1.71739
230,21.4801,13.5797,-0.995365
225,21.4801,13.5797,-0.995365
230,14.343,12.2201,-0.70065
225,14.343,12.2201,-0.70065
230,11.4542,7.00503,-1.58115
225,11.4542,7.00503,-1.58115
230,18.1061,18.1973,-0.174393
225,18.1061,18.1973,-0.174393
230,14.0934,13.3188,0.0883933
225,14.0934,13.3188,0.0883933
230,50.8515,6.24396,-3.26771
225,50.8515,6.24396,-3.26771
230,37.8941,6.22472,-2.19988
225,37.8941,6.22472,-2.19988
230,42.3745,8.36717,2.54907
225,42.3745,8.36717,2.54907
230,19.9749,12.8015,-0.892578
223,19.9749,12.8015,-0.892578
230,19.82,12.7026,-0.875168
223,19.82,12.7026,-0.875168
230,20.066,12.8721,-0.903845
223,20.066,12.8721,-0.903845
230,42.859,10.2222,-1.24083
223,42.859,10.2222,-1.24083
230,27.3285,19.3831,-2.07472
223,27.3285,19.3831,-2.07472
230,16.0303,13.3552,0.0522719
223,16.0303,13.3552,0.0522719
230,11.631,7.63244,-1.57987
223,11.631,7.63244,-1.57987
230,23.5322,16.7059,-1.66392
224,23.5322,16.7059,-1.66392
230,22.3772,15.505,-1.51296
224,22.3772,15.505,-1.51296
230,16.4579,15.9844,-0.170425
224,16.4579,15.9844,-0.170425
230,33.369,9.34959,1.55596
224,33.369,9.34959,1.55596
230,42.9471,9.93872,-0.889181
224,42.9471,9.93872,-0.889181
230,24.992,17.4765,-1.91905
221,24.992,17.4765,-1.91905
230,23.6189,16.7722,-1.7383
221,23.6189,16.7722,-1.7383
230,18.8332,15.8688,0.0338339
221,18.8332,15.8688,0.0338339
230,15.3549,16.074,-1.64008
221,15.3549,16.074,-1.64008
230,24.7962,7.92847,-1.36281
219,24.7962,7.92847,-1.36281
230,40.6558,10.0871,1.86442
219,40.6558,10.0871,1.86442
230,37.5182,10.2157,1.33809
219,37.5182,10.2157,1.33809
230,22.8549,15.8855,-1.51637
214,22.8549,15.8855,-1.51637
230,11.5206,7.31925,-1.59809
215,11.5206,7.31925,-1.59809
230,15.5234,13.0119,-1.77973
215,15.5234,13.0119,-1.77973
231,11.695,6.78087,-1.64951
231,11.6952,6.81544,-1.65704
231,11.7064,6.82005,-1.63688
231,11.7184,6.85265,-1.63737
231,11.7291,6.9285,-1.66279
231,11.7437,6.96402,-1.64954
231,11.7448,7.06107,-1.64237
231,11.7141,7.16782,-1.62953
231,11.7544,7.06266,-1.64251
231,11.7184,7.17904,-1.61764
231,11.7444,7.09768,-1.65713
231,11.756,7.09442,-1.6524
231,11.7704,7.05997,-1.6606
231,11.7414,7.17974,-1.63121
231,11.7506,7.1785,-1.63455
231,11.7754,7.23186,-1.64529
231,11.74,7.33955,-1.64473
231,11.6061,7.75182,-1.63629
231,11.7637,7.47182,-1.64727
231,11.7753,7.48582,-1.65041
231,11.7309,7.61926,-1.6329
231,11.7331,7.61456,-1.63769
231,11.7403,7.62683,-1.64244
231,11.7707,7.5538,-1.64158
231,11.7485,7.62052,-1.64593
231,11.7776,7.60106,-1.63045
231,11.8007,7.59687,-1.60278
231,11.7989,7.60314,-1.60179
231,11.8108,7.60079,-1.61112
231,11.8204,7.58676,-1.62279
231,11.8148,7.60642,-1.62131
231,11.8257,7.58296,-1.6349
231,11.6845,8.37944,-1.62042
231,11.681,8.40328,-1.63762
231,11.7001,8.38942,-1.62573
231,11.7239,8.4224,-1.62506
231,11.7214,8.41418,-1.65049
231,14.5197,7.71387,-1.71355
231,14.5852,7.70576,-1.70459
231,14.6251,7.72817,-1.67394
231,14.6685,7.72706,-1.78072
231,14.6683,7.87213,-1.69428
231,14.7301,7.88809,-1.78797
231,14.814,7.88267,-1.75583
231,14.8001,7.93574,-1.76437
231,15.0478,10.9233,-1.67885
231,15.1407,10.8305,-1.72409
231,15.0864,10.9259,-1.77747
231,15.0813,10.9375,-1.78493
231,15.1876,10.8046,-1.74936
231,16.6637,7.52817,-1.68318
231,15.2254,11.0664,-1.77016
231,38.877,10.3241,-1.5337
230,38.877,10.3241,-1.5337
231,40.6934,12.3347,-1.55331
230,40.6934,12.3347,-1.55331
231,44.1219,9.93289,-1.98423
230,44.1219,9.93289,-1.98423
231,40.09,8.91893,-2.44438
230,40.09,8.91893,-2.44438
231,38.8614,10.293,-0.657099
230,38.8614,10.293,-0.657099
231,62.3751,4.94702,-1.92384
230,62.3751,4.94702,-1.92384
231,19.0386,10.6188,-1.24209
230,19.0386,10.6188,-1.24209
231,21.2659,16.5697,-1.68401
230,21.2659,16.5697,-1.68401
231,21.1652,16.5362,-1.67152
230,21.1652,16.5362,-1.67152
231,35.4088,4.88186,-2.18852
230,35.4088,4.88186,-2.18852
231,45.7963,9.76486,-2.74281
230,45.7963,9.76486,-2.74281
231,26.9752,22.3905,-0.416122
230,26.9752,22.3905,-0.416122
231,24.2228,16.7936,-1.73731
230,24.2228,16.7936,-1.73731
231,25.6293,15.8204,-1.56456
230,25.6293,15.8204,-1.56456
231,16.8124,13.9388,0.266932
230,16.8124,13.9388,0.266932
231,36.5337,8.29317,-1.934
230,36.5337,8.29317,-1.934
231,40.5379,10.5104,-0.769384
230,40.5379,10.5104,-0.769384
231,27.4693,10.2498,1.12274
230,27.4693,10.2498,1.12274
231,46.4218,9.72344,1.38892
230,46.4218,9.72344,1.38892
231,43.1935,5.56127,-1.65446
230,43.1935,5.56127,-1.65446
231,49.9292,10.9347,2.2384
230,49.9292,10.9347,2.2384
231,34.6597,8.52596,-1.92392
230,34.6597,8.52596,-1.92392
231,34.6447,11.2767,-1.20526
230,34.6447,11.2767,-1.20526
231,24.1197,16.5596,-1.66006
230,24.1197,16.5596,-1.66006
231,24.2435,16.8307,-1.6971
230,24.2435,16.8307,-1.6971
231,26.813,15.5583,-1.52008
230,26.813,15.5583,-1.52008
231,25.3138,15.6287,-1.48783
230,25.3138,15.6287,-1.48783
231,26.9168,14.8837,2.3603
230,26.9168,14.8837,2.3603
231,26.5398,14.4173,2.27658
230,26.5398,14.4173,2.27658
231,22.7783,9.38539,0.952545
230,22.7783,9.38539,0.952545
231,47.7664,9.55842,2.23336
230,47.7664,9.55842,2.23336
231,54.588,11.4619,2.48092
230,54.588,11.4619,2.48092
231,48.9801,5.9262,-3.26299
230,48.9801,5.9262,-3.26299
231,32.1406,3.72112,-1.70234
230,32.1406,3.72112,-1.70234
231,20.032,13.645,1.73185
230,20.032,13.645,1.73185
231,15.9184,15.1449,-1.16898
230,15.9184,15.1449,-1.16898
231,40.5372,10.3017,-0.778096
230,40.5372,10.3017,-0.778096
231,15.8571,15.0388,-1.25395
230,15.8571,15.0388,-1.25395
231,27.671,10.2964,1.14763
230,27.671,10.2964,1.14763
231,11.7478,7.18196,-1.63698
230,11.7478,7.18196,-1.63698
231,23.4601,16.2313,-1.54755
230,23.4601,16.2313,-1.54755
231,44.6571,9.37903,2.45044
230,44.6571,9.37903,2.45044
231,41.4882,4.02857,0.019425
230,41.4882,4.02857,0.019425
231,47.2342,5.45907,-1.90358
230,47.2342,5.45907,-1.90358
231,15.1056,12.6749,-1.65897
230,15.1056,12.6749,-1.65897
231,24.9176,15.4153,-1.44077
230,24.9176,15.4153,-1.44077
231,15.2251,12.7869,-1.6571
230,15.2251,12.7869,-1.6571
231,34.7436,1.05858,0.0229
230,34.7436,1.05858,0.0229
231,34.2855,1.17449,0.0725723
230,34.2855,1.17449,0.0725723
231,37.6745,10.1948,1.27295
230,37.6745,10.1948,1.27295
231,38.449,10.2637,1.85266
230,38.449,10.2637,1.85266
231,36.6885,9.65147,1.25472
230,36.6885,9.65147,1.25472
231,42.3728,10.4502,2.05652
230,42.3728,10.4502,2.05652
231,25.6952,7.00146,1.43907
230,25.6952,7.00146,1.43907
231,13.8625,12.7043,-0.487474
230,13.8625,12.7043,-0.487474
231,55.9573,4.21343,-1.55367
230,55.9573,4.21343,-1.55367
231,35.8237,4.96123,-2.16401
230,35.8237,4.96123,-2.16401
231,52.6073,2.5081,-1.0382
230,52.6073,2.5081,-1.0382
231,25.0996,8.54531,1.44091
230,25.0996,8.54531,1.44091
231,21.5546,17.2158,-1.22495
230,21.5546,17.2158,-1.22495
231,26.4576,22.0233,-0.408164
230,26.4576,22.0233,-0.408164
231,37.5924,11.8352,1.51034
230,37.5924,11.8352,1.51034
231,15.7088,14.8741,-1.19811
230,15.7088,14.8741,-1.19811
231,15.811,16.6943,-1.89737
230,15.811,16.6943,-1.89737
231,20.4933,16.754,-1.61528
230,20.4933,16.754,-1.61528
231,22.6543,17.7329,-1.8214
230,22.6543,17.7329,-1.8214
231,41.8655,5.14319,-0.969587
230,41.8655,5.14319,-0.969587
231,27.4525,8.75542,0.980698
230,27.4525,8.75542,0.980698
231,46.8804,10.4037,-1.05033
230,46.8804,10.4037,-1.05033
231,33.8135,5.18714,-1.96792
230,33.8135,5.18714,-1.96792
231,52.8353,0.696183,-0.199182
230,52.8353,0.696183,-0.199182
231,44.3547,3.76325,-0.0419974
230,44.3547,3.76325,-0.0419974
231,12.7831,12.0493,-1.0621
230,12.7831,12.0493,-1.0621
231,16.7276,14.6317,-1.16394
230,16.7276,14.6317,-1.16394
231,16.6848,16.7946,-1.15565
230,16.6848,16.7946,-1.15565
231,33.8669,4.57814,-1.76322
230,33.8669,4.57814,-1.76322
231,12.935,10.5537,-0.892262
230,12.935,10.5537,-0.892262
231,47.4254,10.359,2.15084
230,47.4254,10.359,2.15084
231,22.0846,18.4878,-0.193008
230,22.0846,18.4878,-0.193008
231,18.8219,7.97836,0.758518
230,18.8219,7.97836,0.758518
231,26.2172,4.29441,-0.864508
230,26.2172,4.29441,-0.864508
231,33.8739,11.3526,1.42858
230,33.8739,11.3526,1.42858
231,19.1473,20.1529,-0.237837
230,19.1473,20.1529,-0.237837
231,16.6426,14.4282,-0.761147
230,16.6426,14.4282,-0.761147
231,18.8838,13.1805,-0.938389
229,18.8838,13.1805,-0.938389
231,38.178,10.2349,-0.859328
229,38.178,10.2349,-0.859328
231,49.5241,6.90706,-2.92454
229,49.5241,6.90706,-2.92454
231,18.5292,13.8903,-0.770012
229,18.5292,13.8903,-0.770012
231,19.3888,15.0988,-1.30043
229,19.3888,15.0988,-1.30043
231,21.038,17.2814,-0.188729
229,21.038,17.2814,-0.188729
231,41.5621,9.05344,2.30893
229,41.5621,9.05344,2.30893
231,24.413,18.8181,-1.55231
229,24.413,18.8181,-1.55231
231,23.4001,8.14222,1.3221
229,23.4001,8.14222,1.3221
231,24.7603,20.5418,-0.343905
229,24.7603,20.5418,-0.343905
231,47.3319,13.5717,1.911
229,47.3319,13.5717,1.911
231,36.1834,10.0085,1.69885
229,36.1834,10.0085,1.69885
231,25.8738,8.41828,1.37043
229,25.8738,8.41828,1.37043
231,24.6654,19.0849,-1.56365
229,24.6654,19.0849,-1.56365
231,19.195,13.7989,-1.03786
229,19.195,13.7989,-1.03786
231,25.7303,8.0553,-1.45082
229,25.7303,8.0553,-1.45082
231,39.1001,0.179366,-0.524674
229,39.1001,0.179366,-0.524674
231,33.1241,8.84033,1.95152
229,33.1241,8.84033,1.95152
231,31.8211,3.0444,-1.72156
229,31.8211,3.0444,-1.72156
231,36.8514,4.08909,-2.14648
229,36.8514,4.08909,-2.14648
231,12.7864,12.0517,-1.06775
229,12.7864,12.0517,-1.06775
231,13.5568,13.2976,-1.47251
229,13.5568,13.2976,-1.47251
231,16.7423,13.926,0.282815
229,16.7423,13.926,0.282815
231,52.9661,5.69005,-3.58287
229,52.9661,5.69005,-3.58287
231,17.2621,16.7548,-1.15107
229,17.2621,16.7548,-1.15107
231,23.3072,15.8804,-0.775557
229,23.3072,15.8804,-0.775557
231,19.2632,15.6762,-1.32864
229,19.2632,15.6762,-1.32864
231,90.4292,-7.79729,-5.29781
229,90.4292,-7.79729,-5.29781
231,14.3967,13.3094,-0.85409
229,14.3967,13.3094,-0.85409
231,64.3058,7.53703,3.90374
229,64.3058,7.53703,3.90374
231,16.9426,12.003,-0.699597
228,16.9426,12.003,-0.699597
231,21.8311,14.7267,-1.32333
228,21.8311,14.7267,-1.32333
231,20.659,14.7648,-1.26512
228,20.659,14.7648,-1.26512
231,29.4792,9.21481,1.35846
228,29.4792,9.21481,1.35846
231,18.8048,15.3166,-1.3537
228,18.8048,15.3166,-1.3537
231,37.8531,9.20866,2.27975
228,37.8531,9.20866,2.27975
231,16.4567,14.1926,0.0742104
228,16.4567,14.1926,0.0742104
231,24.2615,14.3441,2.10868
228,24.2615,14.3441,2.10868
231,38.8075,12.1103,1.59989
228,38.8075,12.1103,1.59989
231,17.2532,14.9741,0.057883
228,17.2532,14.9741,0.057883
231,13.8618,12.706,0.140971
228,13.8618,12.706,0.140971
231,14.0815,12.9676,0.141112
228,14.0815,12.9676,0.141112
231,13.7403,13.7124,-1.49034
228,13.7403,13.7124,-1.49034
231,14.0567,14.0162,-1.61368
228,14.0567,14.0162,-1.61368
231,19.2138,20.6932,-2.26709
228,19.2138,20.6932,-2.26709
231,47.5325,5.39878,-1.8119
228,47.5325,5.39878,-1.8119
231,20.026,16.6954,-1.03317
228,20.026,16.6954,-1.03317
231,50.97,5.2463,-1.36535
228,50.97,5.2463,-1.36535
231,13.9127,13.8246,-1.60398
228,13.9127,13.8246,-1.60398
231,44.011,10.8078,-0.907537
228,44.011,10.8078,-0.907537
231,66.7822,4.82191,-2.92248
228,66.7822,4.82191,-2.92248
231,21.8882,15.3366,-1.33818
228,21.8882,15.3366,-1.33818
231,723.11,-115.701,-50.8465
228,723.11,-115.701,-50.8465
231,21.6976,15.568,-1.40738
228,21.6976,15.568,-1.40738
231,28.8624,8.26927,-1.81564
227,28.8624,8.26927,-1.81564
231,24.406,11.1543,-1.27952
227,24.406,11.1543,-1.27952
231,11.5564,7.58137,-1.65889
227,11.5564,7.58137,-1.65889
231,20.0596,16.6601,-1.62395
227,20.0596,16.6601,-1.62395
231,19.735,14.1432,-1.1246
227,19.735,14.1432,-1.1246
231,24.7033,14.9943,2.2296
227,24.7033,14.9943,2.2296
231,29.4151,15.4392,2.87733
227,29.4151,15.4392,2.87733
231,51.9619,10.7841,-1.26932
227,51.9619,10.7841,-1.26932
231,19.9123,15.3869,-0.975604
227,19.9123,15.3869,-0.975604
231,22.1047,16.4968,-1.19557
227,22.1047,16.4968,-1.19557
231,13.7314,11.2101,0.402359
227,13.7314,11.2101,0.402359
231,15.1215,15.4363,-1.98469
227,15.1215,15.4363,-1.98469
231,34.344,9.80532,-1.14665
225,34.344,9.80532,-1.14665
231,18.7257,12.0664,-0.727921
225,18.7257,12.0664,-0.727921
231,41.7834,7.01859,2.45162
225,41.7834,7.01859,2.45162
231,24.4934,15.2531,-1.29442
225,24.4934,15.2531,-1.29442
231,47.1483,8.76414,2.92557
225,47.1483,8.76414,2.92557
231,14.858,14.2106,0.048948
225,14.858,14.2106,0.048948
231,15.5723,14.984,0.0679307
225,15.5723,14.984,0.0679307
231,15.7534,16.1405,-1.48734
225,15.7534,16.1405,-1.48734
231,18.2065,19.052,-2.08398
225,18.2065,19.052,-2.08398
231,46.2004,8.42628,2.74123
225,46.2004,8.42628,2.74123
231,37.7486,9.94624,2.16288
223,37.7486,9.94624,2.16288
231,23.6435,16.8889,-1.54965
223,23.6435,16.8889,-1.54965
231,55.3735,12.2152,-2.60115
223,55.3735,12.2152,-2.60115
231,18.4093,15.4152,0.012068
223,18.4093,15.4152,0.012068
231,40.0189,10.4471,1.35696
223,40.0189,10.4471,1.35696
231,40.1276,9.15,2.08108
223,40.1276,9.15,2.08108
231,18.1529,15.2255,0.0536601
224,18.1529,15.2255,0.0536601
231,17.621,14.7606,0.0693687
224,17.621,14.7606,0.0693687
231,57.8812,-0.569002,-3.39095
224,57.8812,-0.569002,-3.39095
231,26.2151,19.4872,-1.66313
219,26.2151,19.4872,-1.66313
231,36.9893,11.6951,-1.58842
217,36.9893,11.6951,-1.58842
231,16.3636,14.099,-1.13177
217,16.3636,14.099,-1.13177
231,47.2966,7.2734,2.79424
217,47.2966,7.2734,2.79424
231,48.7213,11.0866,2.76423
217,48.7213,11.0866,2.76423
232,10.0258,7.17608,0.356136
232,11.7331,7.61681,-1.62728
232,11.7707,7.60525,-1.58038
232,11.7949,7.57622,-1.60505
232,11.6918,8.14995,-1.66638
232,11.7082,8.19628,-1.67749
232,11.6975,8.40727,-1.6248
232,11.7187,8.36096,-1.65604
232,11.7129,8.41647,-1.64496
232,11.7273,8.42768,-1.66249
232,14.5574,7.70943,-1.67289
232,14.6903,7.70234,-1.7151
232,14.6544,7.73526,-1.78384
232,14.7353,7.7122,-1.70699
232,14.7233,7.71511,-1.74966
232,14.7096,7.74086,-1.79149
232,14.7319,7.73788,-1.81447
232,14.8005,7.74361,-1.73947
232,14.796,7.76238,-1.77093
232,14.8125,7.91049,-1.77503
232,14.8064,7.91082,-1.81544
232,14.8058,7.92239,-1.82315
232,14.842,7.89127,-1.8533
232,14.8886,7.91258,-1.77406
232,14.9232,7.90227,-1.80319
232,14.9377,7.93643,-1.80092
232,15.0647,10.6621,-1.73812
232,15.0555,10.9356,-1.77266
232,16.7278,7.46625,-1.75203
232,16.751,7.4504,-1.76835
232,15.2116,10.8629,-1.75201
232,15.2482,10.8941,-1.7679
232,16.7919,7.52135,-1.76334
232,15.2628,10.8955,-1.78538
232,16.85,7.46839,-1.79683
232,16.8879,7.47601,-1.78003
232,16.9592,7.77657,-1.80887
232,17.0309,7.77985,-1.8172
232,17.045,7.73782,-1.83464
232,17.0564,7.75418,-1.84149
232,14.2091,15.2423,-1.68613
232,15.3715,12.9322,-1.78019
232,15.3889,12.9472,-1.74832
232,14.2918,15.3918,-1.71343
232,15.4952,13.0647,-1.75932
232,15.5802,13.1448,-1.83518
232,16.9583,10.4909,-1.7048
232,16.1241,13.9528,0.0399612
232,15.4526,14.565,-1.13268
232,16.3955,14.1165,0.259858
232,16.5091,14.2426,0.260829
232,16.1999,14.057,-0.724795
232,16.6561,14.2571,0.376938
232,16.1832,14.1553,-1.02175
232,15.8385,15.0449,-1.26642
232,42.9044,9.88582,-1.48614
231,42.9044,9.88582,-1.48614
232,54.9803,10.9774,-1.76007
231,54.9803,10.9774,-1.76007
232,19.7747,16.1051,-1.54589
231,19.7747,16.1051,-1.54589
232,22.0895,17.2011,-1.7333
231,22.0895,17.2011,-1.7333
232,35.2279,9.33924,-0.636693
231,35.2279,9.33924,-0.636693
232,24.1845,18.6736,-1.52966
231,24.1845,18.6736,-1.52966
232,24.9308,11.3119,-1.36291
231,24.9308,11.3119,-1.36291
232,19.8607,16.3353,-1.61066
231,19.8607,16.3353,-1.61066
232,19.8205,16.3442,-1.60862
231,19.8205,16.3442,-1.60862
232,46.2166,13.3832,-1.98001
231,46.2166,13.3832,-1.98001
232,21.4959,16.7289,-1.639
231,21.4959,16.7289,-1.639
232,19.9304,16.2622,-1.5725
231,19.9304,16.2622,-1.5725
232,19.8627,16.2459,-1.49726
231,19.8627,16.2459,-1.49726
232,24.8218,20.5917,-0.291522
231,24.8218,20.5917,-0.291522
232,42.4159,9.14892,2.34728
231,42.4159,9.14892,2.34728
232,19.0037,15.8682,-1.4819
231,19.0037,15.8682,-1.4819
232,21.2533,14.1212,1.82763
231,21.2533,14.1212,1.82763
232,39.7469,10.1939,2.20644
231,39.7469,10.1939,2.20644
232,45.0348,13.2097,-1.94048
231,45.0348,13.2097,-1.94048
232,26.0051,16.146,-1.60918
231,26.0051,16.146,-1.60918
232,24.045,16.7069,-1.66745
231,24.045,16.7069,-1.66745
232,23.7944,16.9172,-1.72915
231,23.7944,16.9172,-1.72915
232,37.0364,10.1359,1.7007
231,37.0364,10.1359,1.7007
232,18.8966,16.1653,-1.54371
231,18.8966,16.1653,-1.54371
232,26.0857,16.0582,-1.6034
231,26.0857,16.0582,-1.6034
232,37.3079,9.1862,-0.798937
231,37.3079,9.1862,-0.798937
232,22.6953,7.11686,1.27214
231,22.6953,7.11686,1.27214
232,15.8483,15.0527,-1.23407
231,15.8483,15.0527,-1.23407
232,43.3141,8.67872,-2.94277
231,43.3141,8.67872,-2.94277
232,25.8252,15.9314,-1.57336
231,25.8252,15.9314,-1.57336
232,38.6205,7.25115,-2.1374
231,38.6205,7.25115,-2.1374
232,16.6506,14.6131,-1.13891
231,16.6506,14.6131,-1.13891
232,27.0173,8.80823,-1.28609
231,27.0173,8.80823,-1.28609
232,29.6549,3.65328,-1.62301
231,29.6549,3.65328,-1.62301
232,18.7118,19.7227,-0.403194
231,18.7118,19.7227,-0.403194
232,50.2204,3.08067,-1.44899
231,50.2204,3.08067,-1.44899
232,15.9916,16.3513,-2.41409
231,15.9916,16.3513,-2.41409
232,23.4421,16.166,-1.58388
231,23.4421,16.166,-1.58388
232,65.9846,-3.54051,-3.62301
231,65.9846,-3.54051,-3.62301
232,42.5865,12.7836,-1.81599
231,42.5865,12.7836,-1.81599
232,12.3795,11.0862,0.200587
231,12.3795,11.0862,0.200587
232,53.8383,4.39055,-1.49872
231,53.8383,4.39055,-1.49872
232,36.6735,4.87599,-0.80645
231,36.6735,4.87599,-0.80645
232,42.4029,10.5091,2.40971
231,42.4029,10.5091,2.40971
232,39.213,10.4449,1.31221
231,39.213,10.4449,1.31221
232,16.2299,15.5384,-1.25572
231,16.2299,15.5384,-1.25572
232,16.8455,14.7468,-1.14987
231,16.8455,14.7468,-1.14987
232,20.8496,17.0604,-1.68463
231,20.8496,17.0604,-1.68463
232,42.5272,6.29632,-2.55103
231,42.5272,6.29632,-2.55103
232,16.952,14.7627,-0.843309
231,16.952,14.7627,-0.843309
232,45.8525,4.31437,-1.25419
231,45.8525,4.31437,-1.25419
232,50.8906,1.28789,-3.93405
231,50.8906,1.28789,-3.93405
232,41.6851,7.26154,2.36956
231,41.6851,7.26154,2.36956
232,39.2341,2.02595,-2.52183
231,39.2341,2.02595,-2.52183
232,31.2477,4.86601,-1.55653
231,31.2477,4.86601,-1.55653
232,24.9146,9.76948,1.01114
231,24.9146,9.76948,1.01114
232,21.5686,17.3214,-1.27505
231,21.5686,17.3214,-1.27505
232,24.1463,16.6788,-1.64205
231,24.1463,16.6788,-1.64205
232,44.2189,10.821,1.63994
231,44.2189,10.821,1.63994
232,34.589,11.5142,1.39264
231,34.589,11.5142,1.39264
232,12.197,10.6155,-0.305986
231,12.197,10.6155,-0.305986
232,35.9881,9.34802,-1.43421
230,35.9881,9.34802,-1.43421
232,18.9118,16.1203,-1.53908
230,18.9118,16.1203,-1.53908
232,39.6556,7.1104,2.37571
230,39.6556,7.1104,2.37571
232,174.543,24.0441,10.331
230,174.543,24.0441,10.331
232,23.3314,8.87478,-2.05868
230,23.3314,8.87478,-2.05868
232,55.9821,6.90563,0.0923348
230,55.9821,6.90563,0.0923348
232,26.5445,14.4285,2.33581
230,26.5445,14.4285,2.33581
232,62.6036,12.4226,3.77645
230,62.6036,12.4226,3.77645
232,23.7817,16.3491,-1.60747
230,23.7817,16.3491,-1.60747
232,51.5113,11.8625,-2.60381
230,51.5113,11.8625,-2.60381
232,77.412,12.9608,-2.22587
230,77.412,12.9608,-2.22587
232,23.9079,19.7559,-0.194474
230,23.9079,19.7559,-0.194474
232,22.825,16.4698,-1.63998
230,22.825,16.4698,-1.63998
232,36.4474,6.29974,-2.105
230,36.4474,6.29974,-2.105
232,15.9081,15.8101,-1.78071
230,15.9081,15.8101,-1.78071
232,24.2422,13.9387,2.07223
230,24.2422,13.9387,2.07223
232,30.7934,4.74325,-1.53546
230,30.7934,4.74325,-1.53546
232,17.4713,17.9079,-1.29362
230,17.4713,17.9079,-1.29362
232,16.908,14.8074,-1.10936
230,16.908,14.8074,-1.10936
232,21.1648,17.1304,-1.71667
230,21.1648,17.1304,-1.71667
232,39.9137,12.3876,-1.52923
230,39.9137,12.3876,-1.52923
232,67.1524,12.0078,3.30745
230,67.1524,12.0078,3.30745
232,17.2881,14.9799,0.279608
230,17.2881,14.9799,0.279608
232,19.9699,13.9172,-1.09549
229,19.9699,13.9172,-1.09549
232,19.0128,13.2712,-0.960499
229,19.0128,13.2712,-0.960499
232,19.9624,14.3307,-1.06984
229,19.9624,14.3307,-1.06984
232,20.4065,14.1796,-1.14766
229,20.4065,14.1796,-1.14766
232,17.7209,14.5366,-0.834267
229,17.7209,14.5366,-0.834267
232,25.6626,15.8769,-1.43901
229,25.6626,15.8769,-1.43901
232,43.0045,9.24709,0.901011
229,43.0045,9.24709,0.901011
232,41.0525,3.14088,-0.67883
229,41.0525,3.14088,-0.67883
232,13.965,13.8635,-1.64992
229,13.965,13.8635,-1.64992
232,13.4346,13.1402,-1.4325
229,13.4346,13.1402,-1.4325
232,16.7418,13.9393,0.273209
229,16.7418,13.9393,0.273209
232,36.8063,4.12762,-2.16567
229,36.8063,4.12762,-2.16567
232,15.3799,15.8071,-2.21429
229,15.3799,15.8071,-2.21429
232,11.497,8.30369,-1.52073
229,11.497,8.30369,-1.52073
232,67.6245,10.9848,2.18071
229,67.6245,10.9848,2.18071
232,13.9553,13.8569,-1.64156
229,13.9553,13.8569,-1.64156
232,17.9631,15.8156,-1.01133
229,17.9631,15.8156,-1.01133
232,21.6506,10.3909,-0.952031
229,21.6506,10.3909,-0.952031
232,16.6819,13.4378,-0.968339
229,16.6819,13.4378,-0.968339
232,19.1236,16.4567,-0.120301
229,19.1236,16.4567,-0.120301
232,20.5082,14.9055,-1.1151
229,20.5082,14.9055,-1.1151
232,14.3912,13.4101,-0.603742
229,14.3912,13.4101,-0.603742
232,44.1384,9.65706,2.53325
229,44.1384,9.65706,2.53325
232,22.4676,15.6428,-1.41225
229,22.4676,15.6428,-1.41225
232,44.5156,13.0597,-1.84537
228,44.5156,13.0597,-1.84537
232,47.0959,13.5424,-2.04897
228,47.0959,13.5424,-2.04897
232,20.5882,14.7391,-1.26398
228,20.5882,14.7391,-1.26398
232,15.6123,13.5275,-0.936203
228,15.6123,13.5275,-0.936203
232,20.0117,14.0181,-1.1085
228,20.0117,14.0181,-1.1085
232,20.9032,17.5533,-1.2021
228,20.9032,17.5533,-1.2021
232,44.1444,10.0684,2.44441
228,44.1444,10.0684,2.44441
232,16.1609,13.8973,0.263182
228,16.1609,13.8973,0.263182
232,15.4501,13.369,-0.904279
228,15.4501,13.369,-0.904279
232,15.9531,13.7109,0.0755194
228,15.9531,13.7109,0.0755194
232,54.1776,11.5775,3.13998
228,54.1776,11.5775,3.13998
232,14.5277,14.6772,-1.78843
228,14.5277,14.6772,-1.78843
232,37.0351,3.12834,-0.537382
228,37.0351,3.12834,-0.537382
232,26.0789,8.87674,-1.13844
228,26.0789,8.87674,-1.13844
232,33.7201,8.71141,1.82301
228,33.7201,8.71141,1.82301
232,15.5584,15.8395,-1.53779
228,15.5584,15.8395,-1.53779
232,15.6159,16.6013,-2.09292
228,15.6159,16.6013,-2.09292
232,41.4284,6.3871,-2.39136
227,41.4284,6.3871,-2.39136
232,22.1021,15.8017,-1.33709
227,22.1021,15.8017,-1.33709
232,32.5416,27.8833,-0.91584
227,32.5416,27.8833,-0.91584
232,17.237,13.9644,0.671217
227,17.237,13.9644,0.671217
232,25.9042,15.6494,2.35796
227,25.9042,15.6494,2.35796
232,17.1202,14.8607,0.0526704
227,17.1202,14.8607,0.0526704
232,23.7731,14.1923,2.08569
227,23.7731,14.1923,2.08569
232,18.0195,18.7145,-0.26897
227,18.0195,18.7145,-0.26897
232,20.9473,18.101,-0.254487
227,20.9473,18.101,-0.254487
232,21.1976,15.2422,-1.33201
227,21.1976,15.2422,-1.33201
232,38.0216,7.10981,2.18549
227,38.0216,7.10981,2.18549
232,16.2025,16.6091,-1.68454
227,16.2025,16.6091,-1.68454
232,45.1469,6.27532,-2.80246
225,45.1469,6.27532,-2.80246
232,17.2159,18.0436,-1.8187
225,17.2159,18.0436,-1.8187
232,16.9904,17.7985,-1.91369
225,16.9904,17.7985,-1.91369
232,17.7215,11.5555,-0.575419
225,17.7215,11.5555,-0.575419
232,47.4183,10.7913,1.62572
225,47.4183,10.7913,1.62572
232,26.7541,21.0107,-2.50556
225,26.7541,21.0107,-2.50556
232,40.5202,10.1793,2.41411
225,40.5202,10.1793,2.41411
232,44.7102,6.05644,-2.77497
224,44.7102,6.05644,-2.77497
232,17.7116,15.4464,-0.118969
224,17.7116,15.4464,-0.118969
232,30.9178,27.5544,0.26977
224,30.9178,27.5544,0.26977
232,21.9774,13.8957,-1.07687
223,21.9774,13.8957,-1.07687
232,22.6509,16.2783,-1.61081
223,22.6509,16.2783,-1.61081
232,16.6696,16.8423,-0.203774
221,16.6696,16.8423,-0.203774
232,16.7129,16.8909,-0.209739
221,16.7129,16.8909,-0.209739
232,16.7956,16.7756,-0.232855
217,16.7956,16.7756,-0.232855
232,16.7814,16.7618,-0.213973
217,16.7814,16.7618,-0.213973
232,19.1827,15.6667,0.817975
219,19.1827,15.6667,0.817975
232,16.9452,14.6132,-1.22425
219,16.9452,14.6132,-1.22425
232,11.7863,11.0227,-0.639303
219,11.7863,11.0227,-0.639303
233,11.6772,8.42405,-1.63932
233,11.6938,8.41818,-1.61812
233,11.7041,8.43458,-1.60817
233,11.7063,8.41917,-1.63377
233,11.7111,8.41391,-1.6425
233,11.7145,8.42393,-1.63559
233,11.7171,8.43053,-1.62735
233,14.6666,7.74743,-1.72723
233,14.7134,7.76028,-1.69861
233,14.7511,7.76282,-1.72501
233,14.7894,7.76146,-1.74458
233,14.7593,7.90844,-1.78688
233,14.8719,7.92662,-1.7801
233,14.9545,7.90187,-1.82011
233,14.9135,7.93997,-1.88075
233,14.9646,7.918,-1.80271
233,14.9702,7.93804,-1.8238
233,14.8847,10.6253,-1.62566
233,14.9471,10.659,-1.74004
233,15.0346,10.7175,-1.70077
233,14.9327,10.9254,-1.70863
233,15.0765,10.6872,-1.74294
233,14.9931,10.9516,-1.7231
233,15.0265,10.9377,-1.69564
233,15.076,10.9587,-1.78268
233,17.1301,7.77607,-1.86557
233,14.8195,12.3152,-1.54341
233,14.9499,12.5376,-1.59156
233,13.934,14.6996,-1.54291
233,15.248,12.8393,-1.74908
233,15.2433,12.8822,-1.73776
233,15.3169,12.8811,-1.73427
233,15.3334,12.9438,-1.69378
233,15.3681,12.9297,-1.71651
233,14.1275,15.1732,-1.65658
233,15.9852,13.6204,0.402813
233,14.258,15.453,-1.71237
233,16.2483,13.8292,0.385154
233,16.3338,14.0526,0.27542
233,16.4687,14.1039,0.409237
233,15.5697,14.6943,-1.0771
233,16.1853,14.0539,-0.690757
233,15.7442,14.9321,-1.12882
233,16.7028,14.3016,0.257531
233,15.7447,14.9418,-1.21759
233,15.7759,14.9246,-1.24833
233,16.7841,14.4215,0.26776
233,16.8011,14.5456,0.256526
233,17.1192,14.3418,0.270627
233,17.032,14.6026,0.237902
233,16.013,15.2955,-1.31684
233,16.7382,14.5888,-0.763111
233,15.9198,15.1834,-1.98494
233,17.311,14.4062,0.250765
233,16.652,14.6138,-1.13208
233,68.4981,13.7018,-1.79648
231,68.4981,13.7018,-1.79648
233,49.2774,11.5535,-1.75655
231,49.2774,11.5535,-1.75655
233,21.28,8.57887,-1.71747
231,21.28,8.57887,-1.71747
233,28.0141,9.49086,-2.92955
231,28.0141,9.49086,-2.92955
233,21.0935,11.4089,-1.60358
231,21.0935,11.4089,-1.60358
233,23.2677,14.4998,-1.27209
231,23.2677,14.4998,-1.27209
233,25.4574,15.6648,-1.51828
231,25.4574,15.6648,-1.51828
233,20.2059,13.0245,-0.898384
231,20.2059,13.0245,-0.898384
233,24.4006,18.8413,-1.55949
231,24.4006,18.8413,-1.55949
233,18.1899,18.4131,-1.39616
231,18.1899,18.4131,-1.39616
233,27.9796,17.0287,-1.84243
231,27.9796,17.0287,-1.84243
233,25.5974,15.9626,-1.51068
231,25.5974,15.9626,-1.51068
233,16.5971,16.5558,-1.0846
231,16.5971,16.5558,-1.0846
233,11.2544,9.54747,0.298595
231,11.2544,9.54747,0.298595
233,22.2499,14.1312,2.03154
231,22.2499,14.1312,2.03154
233,75.5688,13.5306,4.24082
231,75.5688,13.5306,4.24082
233,38.4735,10.3026,1.78061
231,38.4735,10.3026,1.78061
233,19.8488,15.4595,-1.34346
231,19.8488,15.4595,-1.34346
233,16.4419,11.6697,-0.570525
231,16.4419,11.6697,-0.570525
233,24.0588,16.6979,-1.63332
231,24.0588,16.6979,-1.63332
233,27.9792,17.0285,-1.84239
231,27.9792,17.0285,-1.84239
233,32.3572,6.60417,-1.59427
231,32.3572,6.60417,-1.59427
233,41.5092,10.6006,1.90221
231,41.5092,10.6006,1.90221
233,20.7699,14.4983,-1.1775
231,20.7699,14.4983,-1.1775
233,64.8547,7.26303,3.96232
231,64.8547,7.26303,3.96232
233,16.468,16.597,-1.58074
231,16.468,16.597,-1.58074
233,17.01,16.8943,-1.14043
231,17.01,16.8943,-1.14043
233,15.0411,14.3975,-0.737261
231,15.0411,14.3975,-0.737261
233,15.4757,15.0493,-1.62979
231,15.4757,15.0493,-1.62979
233,24.4762,19.0349,-1.5412
231,24.4762,19.0349,-1.5412
233,13.0373,11.8045,0.212789
231,13.0373,11.8045,0.212789
233,76.2084,4.29169,-2.4934
231,76.2084,4.29169,-2.4934
233,17.7511,18.0726,-0.203547
231,17.7511,18.0726,-0.203547
233,16.9991,14.8757,-0.813304
231,16.9991,14.8757,-0.813304
233,31.9098,9.34078,-1.75727
231,31.9098,9.34078,-1.75727
233,50.2159,10.5394,2.36474
231,50.2159,10.5394,2.36474
233,22.7826,16.3709,-1.59854
231,22.7826,16.3709,-1.59854
233,21.99,15.8025,-1.47364
231,21.99,15.8025,-1.47364
233,18.3047,19.0141,-0.196645
231,18.3047,19.0141,-0.196645
233,17.7301,17.859,-1.82476
231,17.7301,17.859,-1.82476
233,29.9233,10.6798,1.28242
231,29.9233,10.6798,1.28242
233,19.7388,16.9088,0.401307
231,19.7388,16.9088,0.401307
233,21.6455,15.4217,-1.40107
230,21.6455,15.4217,-1.40107
233,23.0898,16.1879,-1.63761
230,23.0898,16.1879,-1.63761
233,35.4574,9.93633,1.6033
230,35.4574,9.93633,1.6033
233,34.6428,6.49763,-2.14355
230,34.6428,6.49763,-2.14355
233,45.7039,10.6619,2.74839
230,45.7039,10.6619,2.74839
233,13.868,13.6916,-1.49339
230,13.868,13.6916,-1.49339
233,14.1875,14.1515,-1.61209
230,14.1875,14.1515,-1.61209
233,20.5582,13.097,-0.965362
230,20.5582,13.097,-0.965362
233,13.0244,12.3235,-1.15091
230,13.0244,12.3235,-1.15091
233,55.5503,11.6485,3.13782
230,55.5503,11.6485,3.13782
233,56.5834,5.92148,-3.81959
230,56.5834,5.92148,-3.81959
233,26.058,16.0771,-1.61328
230,26.058,16.0771,-1.61328
233,17.3246,18.2068,-1.8535
230,17.3246,18.2068,-1.8535
233,22.8643,19.267,-0.207101
230,22.8643,19.267,-0.207101
233,13.6625,13.3662,-1.4598
230,13.6625,13.3662,-1.4598
233,14.8951,15.0942,-1.9537
230,14.8951,15.0942,-1.9537
233,15.1735,15.7866,-1.72012
230,15.1735,15.7866,-1.72012
233,14.198,14.1519,-1.02774
230,14.198,14.1519,-1.02774
233,14.5915,15.1232,-1.71738
230,14.5915,15.1232,-1.71738
233,20.7775,10.198,-0.876191
232,20.7775,10.198,-0.876191
233,26.1234,11.6948,-1.47788
232,26.1234,11.6948,-1.47788
233,39.8782,12.4125,-1.61614
232,39.8782,12.4125,-1.61614
233,20.3439,17.1173,-1.74622
232,20.3439,17.1173,-1.74622
233,24.1021,19.303,-1.60978
232,24.1021,19.303,-1.60978
233,24.7422,20.5832,-0.300046
232,24.7422,20.5832,-0.300046
233,25.9979,16.1476,-1.60391
232,25.9979,16.1476,-1.60391
233,23.8833,8.5472,-1.00631
232,23.8833,8.5472,-1.00631
233,19.4861,17.1184,-1.74476
232,19.4861,17.1184,-1.74476
233,37.1714,9.4663,-0.830875
232,37.1714,9.4663,-0.830875
233,18.8332,16.0492,-0.123089
232,18.8332,16.0492,-0.123089
233,23.5782,16.5029,-1.73065
232,23.5782,16.5029,-1.73065
233,21.6083,14.3872,1.87903
232,21.6083,14.3872,1.87903
233,65.9055,12.0107,-2.11398
232,65.9055,12.0107,-2.11398
233,18.7444,11.7165,1.49915
232,18.7444,11.7165,1.49915
233,45.5961,7.08409,1.82885
232,45.5961,7.08409,1.82885
233,39.0484,6.30225,-2.64704
232,39.0484,6.30225,-2.64704
233,48.4528,6.08684,-3.63503
232,48.4528,6.08684,-3.63503
233,13.392,13.0393,-1.05378
232,13.392,13.0393,-1.05378
233,16.7713,17.4108,-1.62872
232,16.7713,17.4108,-1.62872
233,15.758,16.5253,-1.93951
232,15.758,16.5253,-1.93951
233,17.7142,17.4219,-1.23312
232,17.7142,17.4219,-1.23312
233,24.7385,8.62849,-1.04869
232,24.7385,8.62849,-1.04869
233,54.3589,5.79416,-4.23614
232,54.3589,5.79416,-4.23614
233,48.2578,6.16157,-2.99561
232,48.2578,6.16157,-2.99561
233,42.7788,10.4093,2.58559
232,42.7788,10.4093,2.58559
233,16.8155,16.9004,-2.09609
232,16.8155,16.9004,-2.09609
233,17.9605,18.4573,-2.44451
232,17.9605,18.4573,-2.44451
233,17.6434,17.5338,-1.20471
232,17.6434,17.5338,-1.20471
233,18.3081,18.2344,-0.0601548
232,18.3081,18.2344,-0.0601548
233,12.7677,11.9719,-1.01528
232,12.7677,11.9719,-1.01528
233,17.0171,13.8914,0.280132
229,17.0171,13.8914,0.280132
233,14.1162,12.9846,0.142607
229,14.1162,12.9846,0.142607
233,13.728,13.5479,-1.54984
229,13.728,13.5479,-1.54984
233,13.5264,13.2762,-1.46593
229,13.5264,13.2762,-1.46593
233,14.1472,14.1089,-1.72358
229,14.1472,14.1089,-1.72358
233,54.1179,5.21495,-1.51452
229,54.1179,5.21495,-1.51452
233,15.7465,14.9409,-1.60948
229,15.7465,14.9409,-1.60948
233,19.8342,21.0919,-0.26627
229,19.8342,21.0919,-0.26627
233,14.9697,15.6612,-1.81052
229,14.9697,15.6612,-1.81052
233,17.7334,15.461,0.0470173
227,17.7334,15.461,0.0470173
233,15.3805,14.8691,-0.0462848
227,15.3805,14.8691,-0.0462848
233,21.5128,13.3752,2.12765
227,21.5128,13.3752,2.12765
233,19.9728,16.3573,-1.53884
227,19.9728,16.3573,-1.53884
233,20.0776,13.7348,1.76495
227,20.0776,13.7348,1.76495
233,15.3571,15.8149,-1.3206
227,15.3571,15.8149,-1.3206
233,22.5213,14.0503,2.05335
227,22.5213,14.0503,2.05335
233,19.0121,20.7052,-2.22674
227,19.0121,20.7052,-2.22674
233,20.2922,17.496,-0.227206
227,20.2922,17.496,-0.227206
233,21.4919,14.3211,1.8768
227,21.4919,14.3211,1.8768
233,19.0996,13.0688,1.62982
227,19.0996,13.0688,1.62982
233,15.7616,16.0544,-1.60925
227,15.7616,16.0544,-1.60925
233,39.6564,10.3546,2.03488
225,39.6564,10.3546,2.03488
233,39.828,12.3775,2.96117
225,39.828,12.3775,2.96117
233,24.4704,13.839,2.46119
225,24.4704,13.839,2.46119
233,21.7981,13.5078,1.91197
225,21.7981,13.5078,1.91197
233,25.6407,11.5012,-1.42961
225,25.6407,11.5012,-1.42961
233,36.5071,6.32034,-2.21588
225,36.5071,6.32034,-2.21588
233,18.8835,15.7633,-0.0715469
224,18.8835,15.7633,-0.0715469
233,43.3714,9.57372,2.50687
224,43.3714,9.57372,2.50687
233,16.1077,13.8333,0.0425386
217,16.1077,13.8333,0.0425386
233,24.9757,17.3055,-1.75625
219,24.9757,17.3055,-1.75625
234,11.8082,9.53155,-1.65278
234,14.8463,7.78261,-1.76853
234,14.7413,7.92696,-1.7739
234,14.8548,7.92156,-1.8487
234,14.894,7.93315,-1.82057
234,14.8906,7.93321,-1.87239
234,14.9183,7.94802,-1.82631
234,14.9762,7.90802,-1.83364
234,14.9845,7.91159,-1.8212
234,14.9526,7.93305,-1.90215
234,14.9813,7.93416,-1.84546
234,16.8811,7.75998,-1.80792
234,14.7842,10.5402,-1.63178
234,14.8991,10.6737,-1.73114
234,14.9581,10.7178,-1.65281
234,15.0863,10.9496,-1.78992
234,14.9269,12.4157,-1.57682
234,14.9868,12.5638,-1.58495
234,15.0364,12.6246,-1.63723
234,15.0458,12.6209,-1.65165
234,16.9568,10.5285,-1.69373
234,15.2156,12.7619,-1.70644
234,13.9785,14.8554,-1.54698
234,14.1304,15.1614,-1.62741
234,16.096,13.691,0.408097
234,15.3651,14.4712,0.0792387
234,16.1271,13.7526,0.4068
234,15.4441,14.5638,0.0700661
234,15.4212,14.5998,0.0722129
234,15.7546,13.6916,-0.94845
234,14.2083,15.4308,-1.69591
234,15.8221,13.7715,-0.893092
234,16.9549,13.8549,1.94802
234,16.005,13.8915,-0.631371
234,15.9762,13.8971,-0.917112
234,15.6185,14.8536,0.0535269
234,17.1255,13.8967,1.93758
234,15.4547,14.583,-1.02884
234,17.1422,14.0447,2.04876
234,16.0788,13.9893,-0.883908
234,17.1252,14.0659,1.97001
234,16.4719,14.0917,0.265288
234,16.5161,14.1019,0.26504
234,17.3438,13.9888,1.91539
234,17.2917,14.1999,2.04479
234,17.3133,14.2372,2.16726
234,16.3297,14.1667,-0.683814
234,15.6757,14.8002,-1.18253
234,17.5019,14.2471,2.16944
234,17.2416,13.9722,0.66267
234,16.3567,14.2967,-1.01746
234,17.2622,14.0014,0.678792
234,17.1166,13.9909,0.263021
234,17.3005,14.0359,0.72728
234,20.4219,14.8203,-1.23334
233,20.4219,14.8203,-1.23334
234,24.8487,15.3476,-1.44
233,24.8487,15.3476,-1.44
234,19.237,12.5023,-0.781873
233,19.237,12.5023,-0.781873
234,23.3519,16.2015,-1.49279
233,23.3519,16.2015,-1.49279
234,22.503,17.4787,-1.87511
233,22.503,17.4787,-1.87511
234,22.2497,17.3729,-1.7343
233,22.2497,17.3729,-1.7343
234,19.1216,16.6437,-0.0194142
233,19.1216,16.6437,-0.0194142
234,20.0381,17.4038,-1.80158
233,20.0381,17.4038,-1.80158
234,19.7713,17.4918,-1.74143
233,19.7713,17.4918,-1.74143
234,21.3224,14.9504,-1.25446
233,21.3224,14.9504,-1.25446
234,24.0543,15.1338,-1.36388
233,24.0543,15.1338,-1.36388
234,20.3033,16.6882,-1.57518
233,20.3033,16.6882,-1.57518
234,20.7366,17.0583,-1.63992
233,20.7366,17.0583,-1.63992
234,20.2033,17.9778,-1.85069
233,20.2033,17.9778,-1.85069
234,17.9669,15.3912,0.0382118
233,17.9669,15.3912,0.0382118
234,18.2776,15.5672,-1.39279
233,18.2776,15.5672,-1.39279
234,20.9558,18.274,-1.88164
233,20.9558,18.274,-1.88164
234,16.0456,15.5956,-0.0876032
233,16.0456,15.5956,-0.0876032
234,16.392,16.2063,-1.96375
233,16.392,16.2063,-1.96375
234,24.2893,15.2332,-1.38055
233,24.2893,15.2332,-1.38055
234,19.8687,13.5676,1.7271
233,19.8687,13.5676,1.7271
234,19.123,19.6497,-1.74715
233,19.123,19.6497,-1.74715
234,17.1806,16.7345,-1.11774
233,17.1806,16.7345,-1.11774
234,19.1883,19.6619,-1.59784
233,19.1883,19.6619,-1.59784
234,18.4514,19.2608,-0.23518
233,18.4514,19.2608,-0.23518
234,18.7378,15.3104,-0.0396639
233,18.7378,15.3104,-0.0396639
234,22.16,17.2018,-1.78985
233,22.16,17.2018,-1.78985
234,19.3217,19.911,-1.65146
233,19.3217,19.911,-1.65146
234,20.606,13.9346,1.90449
233,20.606,13.9346,1.90449
234,16.3147,11.3601,1.38624
233,16.3147,11.3601,1.38624
234,21.2736,14.2586,2.16641
233,21.2736,14.2586,2.16641
234,17.3433,11.2358,1.40207
233,17.3433,11.2358,1.40207
234,24.5891,14.923,2.22984
233,24.5891,14.923,2.22984
234,21.6203,14.3876,1.88217
233,21.6203,14.3876,1.88217
234,20.3505,13.8567,1.77468
233,20.3505,13.8567,1.77468
234,20.8146,12.7007,1.94639
233,20.8146,12.7007,1.94639
234,19.5807,11.4465,1.72312
233,19.5807,11.4465,1.72312
234,48.3176,13.6237,1.8751
233,48.3176,13.6237,1.8751
234,20.6226,12.5991,1.82556
233,20.6226,12.5991,1.82556
234,23.9777,15.082,2.26233
233,23.9777,15.082,2.26233
234,19.5052,20.2369,-1.8487
233,19.5052,20.2369,-1.8487
234,17.3724,16.9624,-1.13332
233,17.3724,16.9624,-1.13332
234,16.6327,14.4696,-0.718873
233,16.6327,14.4696,-0.718873
234,21.2647,14.361,1.97718
233,21.2647,14.361,1.97718
234,22.0478,14.6223,2.29663
233,22.0478,14.6223,2.29663
234,14.4409,11.9904,0.220767
233,14.4409,11.9904,0.220767
234,24.1714,14.684,2.18843
233,24.1714,14.684,2.18843
234,18.5229,11.9658,1.53995
233,18.5229,11.9658,1.53995
234,26.1057,14.1832,2.57935
233,26.1057,14.1832,2.57935
234,40.0125,9.56573,2.38308
233,40.0125,9.56573,2.38308
234,17.2612,18.102,-1.76631
233,17.2612,18.102,-1.76631
234,27.0237,8.00486,-1.29894
233,27.0237,8.00486,-1.29894
234,24.6283,11.2398,-1.32043
233,24.6283,11.2398,-1.32043
234,17.3048,14.6087,0.400758
233,17.3048,14.6087,0.400758
234,17.288,14.5932,0.444115
233,17.288,14.5932,0.444115
234,24.9853,13.8722,2.42829
233,24.9853,13.8722,2.42829
234,21.3151,14.1989,1.86336
233,21.3151,14.1989,1.86336
234,20.1048,13.7309,1.77583
233,20.1048,13.7309,1.77583
234,21.1103,14.2195,1.99767
233,21.1103,14.2195,1.99767
234,24.9461,8.89187,1.17259
233,24.9461,8.89187,1.17259
234,19.6664,16.9984,-0.036801
233,19.6664,16.9984,-0.036801
234,21.4194,14.219,2.13381
233,21.4194,14.219,2.13381
234,17.9134,15.7413,-0.91956
233,17.9134,15.7413,-0.91956
234,16.3619,15.7306,-1.80121
233,16.3619,15.7306,-1.80121
234,20.8446,13.9773,1.8395
233,20.8446,13.9773,1.8395
234,20.0787,13.7369,1.75471
233,20.0787,13.7369,1.75471
234,28.4002,15.0177,3.16236
233,28.4002,15.0177,3.16236
234,19.787,13.9278,-1.01865
233,19.787,13.9278,-1.01865
234,13.891,13.0848,0.125104
233,13.891,13.0848,0.125104
234,14.9967,12.0013,-0.539431
233,14.9967,12.0013,-0.539431
234,22.5547,12.6532,1.84518
233,22.5547,12.6532,1.84518
234,16.1993,13.2481,0.120181
233,16.1993,13.2481,0.120181
234,22.7299,16.3572,-1.53241
233,22.7299,16.3572,-1.53241
234,13.8962,13.8224,-1.65097
233,13.8962,13.8224,-1.65097
234,21.0544,18.0136,-0.0174288
233,21.0544,18.0136,-0.0174288
234,21.6417,14.4093,1.8964
233,21.6417,14.4093,1.8964
234,19.9927,17.1243,0.383286
233,19.9927,17.1243,0.383286
234,21.7905,15.6905,-1.40227
233,21.7905,15.6905,-1.40227
234,45.5337,10.9764,1.58542
233,45.5337,10.9764,1.58542
234,14.5217,13.5058,-0.851778
233,14.5217,13.5058,-0.851778
234,23.0952,15.8632,-1.53594
232,23.0952,15.8632,-1.53594
234,21.6466,14.9991,-1.32877
232,21.6466,14.9991,-1.32877
234,24.488,11.1936,-1.30802
232,24.488,11.1936,-1.30802
234,27.5315,12.0248,-1.67192
232,27.5315,12.0248,-1.67192
234,20.5496,14.8641,-1.30224
232,20.5496,14.8641,-1.30224
234,19.7829,16.931,-1.70918
232,19.7829,16.931,-1.70918
234,22.803,18.7803,-2.11906
232,22.803,18.7803,-2.11906
234,31.9391,13.2191,-2.17976
232,31.9391,13.2191,-2.17976
234,25.4307,13.9476,2.11458
232,25.4307,13.9476,2.11458
234,14.0635,13.6364,-1.5837
232,14.0635,13.6364,-1.5837
234,22.5976,15.6066,-1.45958
232,22.5976,15.6066,-1.45958
234,17.5045,14.808,0.396793
232,17.5045,14.808,0.396793
234,16.8962,17.2064,-0.196492
232,16.8962,17.2064,-0.196492
234,23.4857,14.7125,2.12775
232,23.4857,14.7125,2.12775
234,25.7723,13.9294,2.20533
232,25.7723,13.9294,2.20533
234,17.356,14.5299,0.251587
232,17.356,14.5299,0.251587
234,35.7155,21.2769,-2.79705
232,35.7155,21.2769,-2.79705
234,19.2389,11.4867,1.49212
232,19.2389,11.4867,1.49212
234,13.9488,13.8082,-1.42992
232,13.9488,13.8082,-1.42992
234,21.8918,18.4345,-1.35352
232,21.8918,18.4345,-1.35352
234,23.8316,13.1232,1.94393
232,23.8316,13.1232,1.94393
234,29.0628,15.2964,2.54383
232,29.0628,15.2964,2.54383
234,15.3121,15.0332,0.0188921
232,15.3121,15.0332,0.0188921
234,17.3363,14.503,0.252532
232,17.3363,14.503,0.252532
234,19.1192,11.4291,1.48704
232,19.1192,11.4291,1.48704
234,19.096,16.2567,-0.0336316
232,19.096,16.2567,-0.0336316
234,43.1583,9.99098,2.4132
232,43.1583,9.99098,2.4132
234,14.6951,14.2095,0.060734
232,14.6951,14.2095,0.060734
234,17.4122,17.5221,-0.199176
232,17.4122,17.5221,-0.199176
234,51.6009,9.77794,2.95087
232,51.6009,9.77794,2.95087
234,16.0519,15.3869,0.0271743
232,16.0519,15.3869,0.0271743
234,32.865,11.1782,-1.11159
232,32.865,11.1782,-1.11159
234,44.0797,10.4679,1.49969
232,44.0797,10.4679,1.49969
234,33.4418,9.5869,1.86979
232,33.4418,9.5869,1.86979
234,14.7352,13.7791,0.118816
232,14.7352,13.7791,0.118816
234,21.1176,14.7219,-1.22101
232,21.1176,14.7219,-1.22101
234,18.1744,15.5318,0.399353
232,18.1744,15.5318,0.399353
234,24.3073,19.5327,-1.66857
231,24.3073,19.5327,-1.66857
234,18.2707,18.3368,-1.48334
231,18.2707,18.3368,-1.48334
234,14.6929,14.4962,-1.05485
231,14.6929,14.4962,-1.05485
234,13.1203,12.3996,-1.18345
231,13.1203,12.3996,-1.18345
234,37.4728,10.1919,-0.854279
231,37.4728,10.1919,-0.854279
234,15.1077,15.0638,-1.16695
231,15.1077,15.0638,-1.16695
234,26.4236,14.148,2.44666
227,26.4236,14.148,2.44666
234,20.9321,18.2863,-0.338617
227,20.9321,18.2863,-0.338617
234,21.9562,14.5608,2.15656
227,21.9562,14.5608,2.15656
234,26.2759,15.4558,2.37159
227,26.2759,15.4558,2.37159
234,15.5767,16.1197,-1.35926
227,15.5767,16.1197,-1.35926
234,51.3237,11.0038,3.12333
227,51.3237,11.0038,3.12333
234,20.9766,16.4116,-1.53554
227,20.9766,16.4116,-1.53554
234,24.2391,20.5379,-0.356552
227,24.2391,20.5379,-0.356552
234,35.0061,17.9049,3.13815
227,35.0061,17.9049,3.13815
234,16.5651,17.0908,-1.8281
227,16.5651,17.0908,-1.8281
234,16.6022,17.1532,-1.57505
229,16.6022,17.1532,-1.57505
234,15.596,12.8981,0.123134
229,15.596,12.8981,0.123134
234,14.6604,10.6567,-1.55246
229,14.6604,10.6567,-1.55246
234,15.0438,10.9115,-1.67711
229,15.0438,10.9115,-1.67711
234,19.5417,16.9125,-0.23323
229,19.5417,16.9125,-0.23323
234,18.9056,11.8778,1.5378
229,18.9056,11.8778,1.5378
234,31.4605,26.6501,-2.69406
229,31.4605,26.6501,-2.69406
234,16.908,14.0729,0.0671925
229,16.908,14.0729,0.0671925
234,18.6298,15.6388,0.00158154
229,18.6298,15.6388,0.00158154
234,41.2889,9.59692,2.48677
229,41.2889,9.59692,2.48677
234,14.082,14.2302,-1.37864
229,14.082,14.2302,-1.37864
234,21.2797,13.4814,-0.974163
229,21.2797,13.4814,-0.974163
234,25.2107,15.6483,-1.44334
229,25.2107,15.6483,-1.44334
234,14.2592,14.6374,-1.54756
229,14.2592,14.6374,-1.54756
234,18.997,16.1527,-0.0649981
230,18.997,16.1527,-0.0649981
234,14.4595,14.2661,-1.07334
230,14.4595,14.2661,-1.07334
234,27.8081,17.0646,-1.77561
230,27.8081,17.0646,-1.77561
234,21.568,14.3331,2.22249
225,21.568,14.3331,2.22249
234,34.4434,18.4568,3.79919
225,34.4434,18.4568,3.79919
234,23.7058,13.2946,2.19112
225,23.7058,13.2946,2.19112
234,24.1606,14.7177,2.21717
225,24.1606,14.7177,2.21717
234,24.7745,15.0412,2.27789
225,24.7745,15.0412,2.27789
234,28.5854,15.7036,2.66005
225,28.5854,15.7036,2.66005
234,35.4724,18.8855,3.45237
225,35.4724,18.8855,3.45237
234,28.5803,15.7362,3.02173
225,28.5803,15.7362,3.02173
234,29.8142,16.2696,2.81314
225,29.8142,16.2696,2.81314
234,22.642,12.8095,1.8213
224,22.642,12.8095,1.8213
234,20.1177,11.9696,1.61231
224,20.1177,11.9696,1.61231
234,21.3791,12.5708,1.74961
224,21.3791,12.5708,1.74961
234,24.1952,20.0061,-0.352492
224,24.1952,20.0061,-0.352492
234,20.8224,12.6629,1.7494
221,20.8224,12.6629,1.7494
234,19.9527,13.6976,1.72969
221,19.9527,13.6976,1.72969
234,38.6931,10.3493,1.32088
221,38.6931,10.3493,1.32088
234,22.4993,16.1719,-1.59599
223,22.4993,16.1719,-1.59599
235,14.6657,7.77272,-1.76118
235,14.6851,7.91825,-1.74436
235,14.7293,7.91745,-1.74249
235,14.8162,7.90731,-1.75869
235,14.8559,7.95899,-1.82009
235,14.9605,10.8875,-1.6482
235,14.92,10.9122,-1.69621
235,15.0522,10.9269,-1.78592
235,15.2056,10.7928,-1.8011
235,15.1026,10.9692,-1.80125
235,15.1284,10.969,-1.8155
235,15.1674,10.9802,-1.75518
235,15.1684,11.0666,-1.7896
235,15.204,11.163,-1.79463
235,14.9962,12.5957,-1.60148
235,15.7174,13.6419,-0.891804
235,16.3397,13.8077,0.744083
235,16.5597,13.584,0.711642
235,14.0907,15.3401,-1.63839
235,15.8274,13.7279,-0.941688
235,15.8659,13.7678,-0.928623
235,15.8928,13.7971,-0.83671
235,16.9448,13.8883,1.83298
235,16.0344,13.8768,-0.845453
235,14.251,15.5336,-1.72615
235,17.1786,13.9492,1.91649
235,15.6293,14.8594,0.0339995
235,16.6504,13.8732,0.270757
235,15.6275,14.9105,0.0310646
235,16.4913,14.0986,0.28
235,15.5424,15.0366,-0.0130649
235,16.4174,14.1897,0.257289
235,16.4212,14.194,0.27597
235,16.5407,14.1184,0.241247
235,17.3755,14.092,2.13321
235,17.3208,14.2635,2.14007
235,15.6274,15.1921,-0.035102
235,17.4236,14.3281,2.23857
235,17.5611,14.2903,2.17559
235,15.5773,14.7281,-1.96821
235,15.6004,14.7111,-1.9994
235,15.8465,15.8155,-0.922211
234,15.8465,15.8155,-0.922211
235,17.8844,18.5302,-1.3302
234,17.8844,18.5302,-1.3302
235,14.9743,14.5454,0.0540538
234,14.9743,14.5454,0.0540538
235,16.3296,17.2147,-1.52525
234,16.3296,17.2147,-1.52525
235,16.2511,17.1854,-1.53726
234,16.2511,17.1854,-1.53726
235,24.2766,15.0592,-1.37567
234,24.2766,15.0592,-1.37567
235,27.461,16.745,-1.75954
234,27.461,16.745,-1.75954
235,19.2981,19.8049,-1.78675
234,19.2981,19.8049,-1.78675
235,19.1146,19.4615,-1.66332
234,19.1146,19.4615,-1.66332
235,15.0719,15.5804,-1.73582
234,15.0719,15.5804,-1.73582
235,19.0984,15.9583,-1.48689
234,19.0984,15.9583,-1.48689
235,14.7052,12.0209,0.208694
234,14.7052,12.0209,0.208694
235,18.4433,15.514,-0.0905039
234,18.4433,15.514,-0.0905039
235,14.6921,14.2731,-0.571608
234,14.6921,14.2731,-0.571608
235,17.3616,18.0292,-1.81107
234,17.3616,18.0292,-1.81107
235,17.4528,14.7076,0.380605
234,17.4528,14.7076,0.380605
235,24.4269,16.755,-1.71834
234,24.4269,16.755,-1.71834
235,19.128,14.3008,-1.12771
234,19.128,14.3008,-1.12771
235,15.703,16.0346,-1.49638
234,15.703,16.0346,-1.49638
235,15.9542,15.1771,-0.813716
234,15.9542,15.1771,-0.813716
235,24.1144,16.6079,-1.60322
234,24.1144,16.6079,-1.60322
235,17.4928,14.7509,0.379493
234,17.4928,14.7509,0.379493
235,17.3218,14.6264,0.38218
234,17.3218,14.6264,0.38218
235,19.2947,14.9587,-1.26583
234,19.2947,14.9587,-1.26583
235,20.4376,14.3008,-1.15309
234,20.4376,14.3008,-1.15309
235,23.6254,16.2744,-1.62584
234,23.6254,16.2744,-1.62584
235,24.5998,14.7207,2.17096
234,24.5998,14.7207,2.17096
235,25.3267,13.957,2.09905
234,25.3267,13.957,2.09905
235,21.1959,17.3802,-1.79365
234,21.1959,17.3802,-1.79365
235,18.319,19.1166,-0.2762
234,18.319,19.1166,-0.2762
235,15.7995,16.6066,-1.96608
234,15.7995,16.6066,-1.96608
235,15.7076,16.5699,-2.00262
234,15.7076,16.5699,-2.00262
235,15.2036,14.919,-0.842543
234,15.2036,14.919,-0.842543
235,16.6069,17.168,-1.78394
234,16.6069,17.168,-1.78394
235,16.4983,17.1673,-1.77022
234,16.4983,17.1673,-1.77022
235,17.249,18.0648,-1.77012
234,17.249,18.0648,-1.77012
235,27.8874,16.9659,-1.81561
234,27.8874,16.9659,-1.81561
235,22.9147,14.5045,-1.21002
234,22.9147,14.5045,-1.21002
235,20.3637,15.1912,-1.36019
234,20.3637,15.1912,-1.36019
235,23.8226,14.5404,2.09332
234,23.8226,14.5404,2.09332
235,22.1464,14.6519,1.92754
234,22.1464,14.6519,1.92754
235,25.1978,14.0985,2.09309
234,25.1978,14.0985,2.09309
235,19.1745,11.9759,1.55206
234,19.1745,11.9759,1.55206
235,23.8516,13.1359,1.91965
234,23.8516,13.1359,1.91965
235,22.9573,14.4934,2.07779
234,22.9573,14.4934,2.07779
235,20.6677,14.9757,-1.26523
234,20.6677,14.9757,-1.26523
235,16.5028,16.7992,-1.53599
234,16.5028,16.7992,-1.53599
235,16.2018,16.8103,-2.09323
234,16.2018,16.8103,-2.09323
235,16.1892,16.7827,-1.96722
234,16.1892,16.7827,-1.96722
235,17.9814,17.9287,-1.38719
234,17.9814,17.9287,-1.38719
235,16.8392,16.2912,-1.00504
234,16.8392,16.2912,-1.00504
235,25.0746,20.1524,-1.754
234,25.0746,20.1524,-1.754
235,23.5349,16.1803,-1.57035
234,23.5349,16.1803,-1.57035
235,14.0893,12.8582,-1.32652
234,14.0893,12.8582,-1.32652
235,19.1043,15.2531,2.28206
234,19.1043,15.2531,2.28206
235,19.2067,15.3417,2.36522
234,19.2067,15.3417,2.36522
235,21.3342,16.5713,-1.64505
234,21.3342,16.5713,-1.64505
235,19.5519,15.4007,2.47989
234,19.5519,15.4007,2.47989
235,19.4688,14.0188,-1.01493
234,19.4688,14.0188,-1.01493
235,23.2537,16.5916,-1.47783
234,23.2537,16.5916,-1.47783
235,20.8733,14.0897,1.92095
234,20.8733,14.0897,1.92095
235,24.3655,13.6385,1.97738
234,24.3655,13.6385,1.97738
235,26.4916,14.4457,2.57474
234,26.4916,14.4457,2.57474
235,26.8012,14.6815,2.66438
234,26.8012,14.6815,2.66438
235,40.1176,12.7922,2.97496
234,40.1176,12.7922,2.97496
235,17.9239,18.53,-1.37145
234,17.9239,18.53,-1.37145
235,16.3032,17.4101,-2.16755
234,16.3032,17.4101,-2.16755
235,16.4605,17.4747,-1.60345
234,16.4605,17.4747,-1.60345
235,15.7124,15.9095,-1.29471
234,15.7124,15.9095,-1.29471
235,16.6878,16.6447,-0.134241
234,16.6878,16.6447,-0.134241
235,17.5153,18.2018,-1.82634
234,17.5153,18.2018,-1.82634
235,19.5935,15.4408,2.58627
234,19.5935,15.4408,2.58627
235,21.4783,14.2784,2.08091
234,21.4783,14.2784,2.08091
235,23.5707,14.5095,2.12624
234,23.5707,14.5095,2.12624
235,24.5581,14.7837,2.18394
234,24.5581,14.7837,2.18394
235,26.7508,14.6782,3.11846
234,26.7508,14.6782,3.11846
235,20.7955,14.0999,2.4117
234,20.7955,14.0999,2.4117
235,20.7957,14.2304,2.48722
234,20.7957,14.2304,2.48722
235,24.3976,14.8397,2.8096
234,24.3976,14.8397,2.8096
235,23.2301,14.1123,2.83367
234,23.2301,14.1123,2.83367
235,19.436,11.5708,1.67072
234,19.436,11.5708,1.67072
235,19.5971,15.2089,2.43829
234,19.5971,15.2089,2.43829
235,19.468,15.5177,2.51051
234,19.468,15.5177,2.51051
235,19.8262,15.0782,2.52317
234,19.8262,15.0782,2.52317
235,23.6765,14.1008,2.85375
234,23.6765,14.1008,2.85375
235,23.2223,14.3731,2.85321
234,23.2223,14.3731,2.85321
235,22.3436,14.1818,2.03127
234,22.3436,14.1818,2.03127
235,14.6208,14.6455,-1.94541
234,14.6208,14.6455,-1.94541
235,16.5904,17.39,-2.2453
234,16.5904,17.39,-2.2453
235,14.703,14.0169,-1.31891
234,14.703,14.0169,-1.31891
235,16.2165,16.2586,-1.87845
234,16.2165,16.2586,-1.87845
235,24.3724,16.7676,-1.69036
234,24.3724,16.7676,-1.69036
235,24.6953,11.3179,-1.32681
234,24.6953,11.3179,-1.32681
235,17.8608,14.3958,2.0282
234,17.8608,14.3958,2.0282
235,18.6044,15.0529,2.17259
234,18.6044,15.0529,2.17259
235,22.0464,14.6202,2.29468
234,22.0464,14.6202,2.29468
235,23.5662,14.4043,2.92438
234,23.5662,14.4043,2.92438
235,24.1835,14.8809,3.04507
234,24.1835,14.8809,3.04507
235,15.7306,16.4488,-2.24445
234,15.7306,16.4488,-2.24445
235,16.871,16.8869,-0.145906
234,16.871,16.8869,-0.145906
235,14.9593,14.5523,0.0324308
234,14.9593,14.5523,0.0324308
235,17.3234,14.4679,0.2427
234,17.3234,14.4679,0.2427
235,18.6119,14.3812,2.08572
234,18.6119,14.3812,2.08572
235,18.7201,14.5265,2.28573
234,18.7201,14.5265,2.28573
235,18.8722,14.3473,2.22133
234,18.8722,14.3473,2.22133
235,18.7033,14.3608,2.16559
234,18.7033,14.3608,2.16559
235,21.5996,14.6332,2.76725
234,21.5996,14.6332,2.76725
235,21.5408,14.4406,2.41771
234,21.5408,14.4406,2.41771
235,20.8889,14.0977,2.38602
234,20.8889,14.0977,2.38602
235,22.8788,15.0914,2.88733
234,22.8788,15.0914,2.88733
235,18.366,11.7415,1.54351
234,18.366,11.7415,1.54351
235,25.0357,14.8261,2.22923
234,25.0357,14.8261,2.22923
235,24.161,14.6954,2.1441
234,24.161,14.6954,2.1441
235,18.1984,18.8554,-1.34592
234,18.1984,18.8554,-1.34592
235,25.21,14.0233,2.86669
234,25.21,14.0233,2.86669
235,25.2734,14.0453,2.47367
234,25.2734,14.0453,2.47367
235,21.407,12.5254,2.03195
234,21.407,12.5254,2.03195
235,37.9788,11.9961,1.53888
234,37.9788,11.9961,1.53888
235,18.4933,14.793,2.18385
234,18.4933,14.793,2.18385
235,19.2109,14.7116,2.43946
234,19.2109,14.7116,2.43946
235,24.4619,14.4364,2.94996
234,24.4619,14.4364,2.94996
235,19.2319,15.6862,-1.36832
234,19.2319,15.6862,-1.36832
235,19.5665,14.105,-1.04382
234,19.5665,14.105,-1.04382
235,13.6637,13.492,-1.50766
234,13.6637,13.492,-1.50766
235,13.8498,13.3292,-1.48329
234,13.8498,13.3292,-1.48329
235,16.6362,17.4549,-2.28304
234,16.6362,17.4549,-2.28304
235,16.1197,15.3918,-1.28353
234,16.1197,15.3918,-1.28353
235,15.3384,16.0791,-1.87276
234,15.3384,16.0791,-1.87276
235,23.8294,16.4591,-1.63062
234,23.8294,16.4591,-1.63062
235,23.2171,14.6139,2.94018
234,23.2171,14.6139,2.94018
235,14.5869,13.5009,-1.54125
234,14.5869,13.5009,-1.54125
235,16.7067,17.8274,-1.68648
234,16.7067,17.8274,-1.68648
235,18.9071,16.4742,-1.5625
234,18.9071,16.4742,-1.5625
235,18.4239,16.0804,-1.46031
234,18.4239,16.0804,-1.46031
235,22.4549,14.1948,2.72439
234,22.4549,14.1948,2.72439
235,19.0284,14.7059,2.16079
234,19.0284,14.7059,2.16079
235,25.4141,18.0643,-1.93552
234,25.4141,18.0643,-1.93552
235,16.7187,11.6418,1.68693
234,16.7187,11.6418,1.68693
235,20.8534,14.2081,2.51413
234,20.8534,14.2081,2.51413
235,22.1885,14.6806,2.72725
234,22.1885,14.6806,2.72725
235,21.5828,14.3754,1.91307
234,21.5828,14.3754,1.91307
235,23.2421,14.6586,-1.23077
234,23.2421,14.6586,-1.23077
235,20.0346,11.8414,2.0947
234,20.0346,11.8414,2.0947
235,22.5867,12.737,2.13239
234,22.5867,12.737,2.13239
235,14.7415,14.5984,-1.91099
234,14.7415,14.5984,-1.91099
235,18.6044,15.0529,2.17259
234,18.6044,15.0529,2.17259
235,23.2549,13.9116,2.80779
234,23.2549,13.9116,2.80779
235,23.011,14.2928,2.80544
234,23.011,14.2928,2.80544
235,24.72,14.1132,2.90063
234,24.72,14.1132,2.90063
235,19.4092,14.8572,2.28407
234,19.4092,14.8572,2.28407
235,21.8264,14.4823,2.20141
234,21.8264,14.4823,2.20141
235,21.6512,14.5191,2.28762
234,21.6512,14.5191,2.28762
235,20.1378,16.838,-0.990759
234,20.1378,16.838,-0.990759
235,25.0733,17.2629,-1.81398
234,25.0733,17.2629,-1.81398
235,14.9723,15.5608,-2.11852
234,14.9723,15.5608,-2.11852
235,14.9441,15.0337,-2.01003
234,14.9441,15.0337,-2.01003
235,16.4168,14.3356,-1.01118
234,16.4168,14.3356,-1.01118
235,19.0868,14.8123,2.16025
234,19.0868,14.8123,2.16025
235,18.9703,13.7617,-0.957758
234,18.9703,13.7617,-0.957758
235,22.3089,16.2302,-1.29832
234,22.3089,16.2302,-1.29832
235,16.6855,11.542,1.32891
234,16.6855,11.542,1.32891
235,24.28,14.7756,2.21467
234,24.28,14.7756,2.21467
235,17.3374,10.8352,1.36905
234,17.3374,10.8352,1.36905
235,28.3967,15.092,2.985
234,28.3967,15.092,2.985
235,21.7846,14.5041,2.15659
234,21.7846,14.5041,2.15659
235,17.3039,13.521,-0.871629
234,17.3039,13.521,-0.871629
235,23.4399,13.0773,1.93517
234,23.4399,13.0773,1.93517
235,24.7712,17.1608,-1.68628
234,24.7712,17.1608,-1.68628
235,18.0849,11.89,1.57257
234,18.0849,11.89,1.57257
235,24.13,15.1224,2.34676
234,24.13,15.1224,2.34676
235,18.6856,11.1276,1.44529
234,18.6856,11.1276,1.44529
235,20.4235,14.7674,-1.16585
234,20.4235,14.7674,-1.16585
235,23.8796,17.3709,-1.53136
234,23.8796,17.3709,-1.53136
235,15.8077,10.7084,-0.289223
234,15.8077,10.7084,-0.289223
235,14.6697,14.1636,-0.595796
234,14.6697,14.1636,-0.595796
235,16.9205,18.1503,-1.75261
234,16.9205,18.1503,-1.75261
235,22.5297,14.9228,2.01658
234,22.5297,14.9228,2.01658
235,25.6086,15.4371,2.70392
234,25.6086,15.4371,2.70392
235,42.9834,12.8215,-1.85747
234,42.9834,12.8215,-1.85747
235,16.3253,17.1905,-2.77871
234,16.3253,17.1905,-2.77871
235,19.6015,11.5027,1.5409
234,19.6015,11.5027,1.5409
235,17.3506,11.446,1.39298
234,17.3506,11.446,1.39298
235,19.6789,14.3152,-1.06924
234,19.6789,14.3152,-1.06924
235,18.0326,14.1147,-0.997141
234,18.0326,14.1147,-0.997141
235,21.6831,14.4914,1.93595
234,21.6831,14.4914,1.93595
235,26.6249,18.5116,-2.18543
233,26.6249,18.5116,-2.18543
235,23.2964,16.1959,-1.50985
233,23.2964,16.1959,-1.50985
235,23.4986,18.1482,-1.43314
233,23.4986,18.1482,-1.43314
235,22.1959,17.0866,-1.75022
233,22.1959,17.0866,-1.75022
235,22.1134,11.7828,-1.80315
233,22.1134,11.7828,-1.80315
235,20.7416,14.563,-1.17513
233,20.7416,14.563,-1.17513
235,13.7118,13.5129,-1.54816
233,13.7118,13.5129,-1.54816
235,21.0318,11.3905,-1.60472
233,21.0318,11.3905,-1.60472
235,19.6946,15.3931,-1.2835
233,19.6946,15.3931,-1.2835
235,21.8861,14.5423,1.91809
233,21.8861,14.5423,1.91809
235,23.1093,16.0388,-1.53521
233,23.1093,16.0388,-1.53521
235,13.9115,13.8534,-1.65211
233,13.9115,13.8534,-1.65211
235,19.7414,16.6115,-1.63179
233,19.7414,16.6115,-1.63179
235,47.1897,11.2227,-1.15055
233,47.1897,11.2227,-1.15055
235,36.0361,10.1681,-0.580025
233,36.0361,10.1681,-0.580025
235,26.7833,15.0649,2.78928
233,26.7833,15.0649,2.78928
235,20.3095,15.888,-1.38986
233,20.3095,15.888,-1.38986
235,15.4934,15.2578,0.0134238
233,15.4934,15.2578,0.0134238
235,18.4722,19.2268,-1.50246
233,18.4722,19.2268,-1.50246
235,16.4103,14.1132,0.0465646
233,16.4103,14.1132,0.0465646
235,17.8476,15.1363,-0.0125294
233,17.8476,15.1363,-0.0125294
235,17.02,17.7936,-1.66058
233,17.02,17.7936,-1.66058
235,16.925,16.441,-2.03639
233,16.925,16.441,-2.03639
235,14.5837,14.0538,0.087782
233,14.5837,14.0538,0.087782
235,24.2491,16.9694,-1.8546
233,24.2491,16.9694,-1.8546
235,14.7809,14.8405,-1.97672
233,14.7809,14.8405,-1.97672
235,21.5617,16.7973,-1.15199
233,21.5617,16.7973,-1.15199
235,14.7149,15.1976,-1.64225
233,14.7149,15.1976,-1.64225
235,12.9985,12.18,-0.676983
233,12.9985,12.18,-0.676983
235,19.6788,20.1026,-1.62278
233,19.6788,20.1026,-1.62278
235,13.6908,13.4567,-1.39955
233,13.6908,13.4567,-1.39955
235,14.0266,13.7599,-1.46578
233,14.0266,13.7599,-1.46578
235,24.5616,17.2937,-1.64263
231,24.5616,17.2937,-1.64263
235,24.6883,18.443,-1.56147
231,24.6883,18.443,-1.56147
235,124.043,28.3047,9.66926
231,124.043,28.3047,9.66926
235,21.3065,17.5798,-0.190301
231,21.3065,17.5798,-0.190301
235,16.3618,16.9823,-1.71087
231,16.3618,16.9823,-1.71087
235,26.0788,16.2982,-1.63541
231,26.0788,16.2982,-1.63541
235,40.2003,12.3545,-1.64277
231,40.2003,12.3545,-1.64277
235,13.5025,13.2461,-1.38912
231,13.5025,13.2461,-1.38912
235,22.916,17.0782,-1.262
231,22.916,17.0782,-1.262
235,15.2066,10.8188,-1.80036
231,15.2066,10.8188,-1.80036
235,16.4534,15.8537,-1.82399
231,16.4534,15.8537,-1.82399
235,24.5876,14.1222,2.14388
229,24.5876,14.1222,2.14388
235,27.1668,13.1522,1.49237
229,27.1668,13.1522,1.49237
235,24.9461,14.2899,2.19045
229,24.9461,14.2899,2.19045
235,22.8032,16.4327,-1.61626
229,22.8032,16.4327,-1.61626
235,15.4786,16.124,-1.61177
229,15.4786,16.124,-1.61177
235,18.5835,19.6464,-1.44052
229,18.5835,19.6464,-1.44052
235,24.5815,11.2628,-1.29618
229,24.5815,11.2628,-1.29618
235,21.7823,16.7937,-1.73357
230,21.7823,16.7937,-1.73357
235,13.4732,12.9468,-1.31697
230,13.4732,12.9468,-1.31697
235,25.4715,14.1232,2.0945
230,25.4715,14.1232,2.0945
235,16.0433,16.1291,-1.00466
230,16.0433,16.1291,-1.00466
235,39.363,12.5817,2.92815
230,39.363,12.5817,2.92815
235,23.2621,16.3193,-1.47027
227,23.2621,16.3193,-1.47027
235,17.0728,14.819,0.0656176
227,17.0728,14.819,0.0656176
235,16.7633,14.5289,0.0802165
227,16.7633,14.5289,0.0802165
235,23.4386,19.6055,-1.67921
227,23.4386,19.6055,-1.67921
235,23.1469,18.5779,-1.48145
227,23.1469,18.5779,-1.48145
235,26.5264,16.2061,2.55923
227,26.5264,16.2061,2.55923
235,24.386,13.6277,2.25098
227,24.386,13.6277,2.25098
235,21.3192,16.4229,-1.64397
225,21.3192,16.4229,-1.64397
235,20.9321,14.136,2.03189
225,20.9321,14.136,2.03189
235,29.0689,15.2718,3.33514
225,29.0689,15.2718,3.33514
235,21.4582,12.5971,2.10068
225,21.4582,12.5971,2.10068
235,24.1053,13.8569,2.4577
225,24.1053,13.8569,2.4577
235,24.0605,13.837,2.46823
225,24.0605,13.837,2.46823
235,20.9587,18.6098,-0.268492
225,20.9587,18.6098,-0.268492
235,15.8459,13.5751,0.299229
225,15.8459,13.5751,0.299229
235,23.4527,15.6895,2.08416
224,23.4527,15.6895,2.08416
235,21.8217,12.5939,1.78831
223,21.8217,12.5939,1.78831
236,14.757,7.9323,-1.81917
236,14.806,7.90679,-1.85147
236,15.0861,10.7471,-1.71723
236,15.1038,10.7892,-1.73538
236,15.112,10.7993,-1.72162
236,15.1587,10.9582,-1.73915
236,15.2801,10.8654,-1.82012
236,15.2461,11.091,-1.84419
236,14.9188,12.4858,-1.52521
236,14.9149,12.4799,-1.56369
236,15.0912,12.6633,-1.63231
236,17.0813,10.5992,-1.72656
236,15.1602,12.7451,-1.61701
236,15.7512,13.5346,-0.464039
236,15.3319,14.4648,0.078573
236,15.8391,13.7857,-0.869166
236,14.182,15.3463,-1.72443
236,15.5433,14.7584,0.0207174
236,16.5048,13.978,0.508233
236,15.9821,13.8551,-0.946674
236,16.9235,13.6829,0.714281
236,15.9885,13.9025,-0.900212
236,15.6237,14.7698,0.0369333
236,16.9448,13.6918,0.721968
236,16.1404,13.9806,-0.572847
236,16.9434,13.6947,0.397521
236,16.8578,13.7312,0.263481
236,16.7847,14.0724,0.389018
236,17.1101,13.8541,0.393586
236,24.3338,16.9646,-1.85567
235,24.3338,16.9646,-1.85567
236,24.3396,17.0152,-1.82662
235,24.3396,17.0152,-1.82662
236,18.1948,19.1049,-1.34011
235,18.1948,19.1049,-1.34011
236,24.1133,16.7113,-1.69556
235,24.1133,16.7113,-1.69556
236,20.5135,14.7357,-1.07894
235,20.5135,14.7357,-1.07894
236,22.5384,19.0113,-1.4428
235,22.5384,19.0113,-1.4428
236,27.3389,16.6566,-1.78055
235,27.3389,16.6566,-1.78055
236,18.0868,15.2877,-0.0544171
235,18.0868,15.2877,-0.0544171
236,16.3103,17.2745,-1.92074
235,16.3103,17.2745,-1.92074
236,24.2037,16.6032,-1.6883
235,24.2037,16.6032,-1.6883
236,20.9718,13.9027,-0.994078
235,20.9718,13.9027,-0.994078
236,16.0611,16.1083,-1.81651
235,16.0611,16.1083,-1.81651
236,16.2819,16.8982,-1.99717
235,16.2819,16.8982,-1.99717
236,22.1501,18.8447,-1.54102
235,22.1501,18.8447,-1.54102
236,22.5477,17.4501,-1.91113
235,22.5477,17.4501,-1.91113
236,15.2908,14.3218,-1.87701
235,15.2908,14.3218,-1.87701
236,17.306,14.0243,-0.990029
235,17.306,14.0243,-0.990029
236,18.2222,18.9582,-1.47732
235,18.2222,18.9582,-1.47732
236,18.2615,19.0097,-1.41579
235,18.2615,19.0097,-1.41579
236,18.232,19.1479,-1.39544
235,18.232,19.1479,-1.39544
236,17.8885,18.2239,-1.35631
235,17.8885,18.2239,-1.35631
236,17.5488,17.8566,-0.246121
235,17.5488,17.8566,-0.246121
236,16.1397,17.0544,-1.76106
235,16.1397,17.0544,-1.76106
236,23.46,19.5905,-1.67969
235,23.46,19.5905,-1.67969
236,24.0088,16.7979,-1.80561
235,24.0088,16.7979,-1.80561
236,16.7003,14.4708,0.0593171
235,16.7003,14.4708,0.0593171
236,14.5826,13.4393,-1.54184
235,14.5826,13.4393,-1.54184
236,13.8289,13.3037,-1.47039
235,13.8289,13.3037,-1.47039
236,16.1381,16.5686,-2.67075
235,16.1381,16.5686,-2.67075
236,21.4965,14.202,-1.03875
235,21.4965,14.202,-1.03875
236,25.2156,16.3405,-1.57924
235,25.2156,16.3405,-1.57924
236,16.0851,16.9866,-1.82422
235,16.0851,16.9866,-1.82422
236,16.2079,17.1666,-1.7652
235,16.2079,17.1666,-1.7652
236,16.9875,14.7572,0.0215336
235,16.9875,14.7572,0.0215336
236,14.9172,12.2387,0.222703
235,14.9172,12.2387,0.222703
236,21.6682,14.4923,2.47259
235,21.6682,14.4923,2.47259
236,24.2375,14.6238,2.16767
235,24.2375,14.6238,2.16767
236,28.0657,15.0418,3.25936
235,28.0657,15.0418,3.25936
236,26.709,14.4799,2.27395
235,26.709,14.4799,2.27395
236,21.7878,14.442,2.2448
235,21.7878,14.442,2.2448
236,26.4391,14.9044,2.69912
235,26.4391,14.9044,2.69912
236,28.4858,14.9831,3.21213
235,28.4858,14.9831,3.21213
236,23.2511,14.6985,2.86848
235,23.2511,14.6985,2.86848
236,21.6893,15.0944,-1.29492
235,21.6893,15.0944,-1.29492
236,16.0971,17.2104,-2.18938
235,16.0971,17.2104,-2.18938
236,24.462,14.7138,2.2102
235,24.462,14.7138,2.2102
236,18.4488,19.1353,-1.49731
235,18.4488,19.1353,-1.49731
236,18.3589,19.0977,-1.38233
235,18.3589,19.0977,-1.38233
236,17.091,14.7762,0.21136
235,17.091,14.7762,0.21136
236,17.7477,14.342,1.97319
235,17.7477,14.342,1.97319
236,24.8827,16.099,-1.55087
235,24.8827,16.099,-1.55087
236,26.8875,14.4408,2.6466
235,26.8875,14.4408,2.6466
236,20.773,12.4607,1.76296
235,20.773,12.4607,1.76296
236,18.6525,14.2794,1.98188
235,18.6525,14.2794,1.98188
236,23.4362,16.1997,-1.54915
235,23.4362,16.1997,-1.54915
236,22.0643,18.0765,-1.9288
235,22.0643,18.0765,-1.9288
236,22.6437,17.6015,-1.317
235,22.6437,17.6015,-1.317
236,15.6177,15.8887,-1.45469
235,15.6177,15.8887,-1.45469
236,18.26,19.2224,-1.39095
235,18.26,19.2224,-1.39095
236,21.738,18.9111,-2.20299
235,21.738,18.9111,-2.20299
236,28.0106,14.8232,3.11842
235,28.0106,14.8232,3.11842
236,20.4606,11.8515,2.08429
235,20.4606,11.8515,2.08429
236,13.944,13.6235,-1.51049
235,13.944,13.6235,-1.51049
236,15.0265,15.6468,-1.74973
235,15.0265,15.6468,-1.74973
236,17.2825,18.2141,-2.02231
235,17.2825,18.2141,-2.02231
236,16.9469,17.8268,-1.91715
235,16.9469,17.8268,-1.91715
236,20.6803,14.7669,-1.238
235,20.6803,14.7669,-1.238
236,21.5092,14.2926,2.18343
235,21.5092,14.2926,2.18343
236,21.4977,14.3029,1.88927
235,21.4977,14.3029,1.88927
236,21.23,14.3274,1.86491
235,21.23,14.3274,1.86491
236,40.5719,12.4737,-1.70844
235,40.5719,12.4737,-1.70844
236,14.1568,14.2693,-1.7768
235,14.1568,14.2693,-1.7768
236,20.3838,13.7057,1.78333
235,20.3838,13.7057,1.78333
236,20.7835,13.0375,1.80415
235,20.7835,13.0375,1.80415
236,24.4259,16.8531,-1.7271
235,24.4259,16.8531,-1.7271
236,17.4765,15.3529,-0.813446
235,17.4765,15.3529,-0.813446
236,25.4997,15.8641,-1.49338
235,25.4997,15.8641,-1.49338
236,19.1708,14.9712,-1.18851
235,19.1708,14.9712,-1.18851
236,23.24,14.6273,2.15115
235,23.24,14.6273,2.15115
236,38.7635,12.2017,-1.46702
235,38.7635,12.2017,-1.46702
236,18.0899,11.9296,-0.515369
235,18.0899,11.9296,-0.515369
236,21.0506,13.5067,-0.917802
235,21.0506,13.5067,-0.917802
236,21.175,14.163,1.81602
235,21.175,14.163,1.81602
236,18.6544,13.6455,-0.908164
235,18.6544,13.6455,-0.908164
236,16.0998,15.4507,-1.7189
235,16.0998,15.4507,-1.7189
236,16.2778,15.6692,-0.857663
235,16.2778,15.6692,-0.857663
236,12.1792,11.1715,-0.646365
235,12.1792,11.1715,-0.646365
236,17.3635,12.4292,-0.577537
235,17.3635,12.4292,-0.577537
236,23.0479,16.1391,-1.48861
235,23.0479,16.1391,-1.48861
236,16.6469,12.2579,-0.563295
235,16.6469,12.2579,-0.563295
236,17.2969,17.1451,-1.08944
235,17.2969,17.1451,-1.08944
236,14.3369,14.1899,-1.73977
235,14.3369,14.1899,-1.73977
236,13.6668,13.1535,-1.40131
234,13.6668,13.1535,-1.40131
236,16.0545,15.737,-1.83534
234,16.0545,15.737,-1.83534
236,16.8322,17.6718,-1.88833
234,16.8322,17.6718,-1.88833
236,13.757,13.3726,-1.48769
234,13.757,13.3726,-1.48769
236,16.5199,13.5501,0.122941
234,16.5199,13.5501,0.122941
236,16.0961,13.2131,0.136937
234,16.0961,13.2131,0.136937
236,14.2097,13.6701,-1.62821
234,14.2097,13.6701,-1.62821
236,16.3924,16.484,-1.95405
234,16.3924,16.484,-1.95405
236,17.0822,14.0521,0.0940818
234,17.0822,14.0521,0.0940818
236,21.4566,15.5333,-1.37548
234,21.4566,15.5333,-1.37548
236,26.2625,15.8905,2.42237
234,26.2625,15.8905,2.42237
236,13.9645,13.588,-1.54464
234,13.9645,13.588,-1.54464
236,20.0392,13.4581,2.36706
234,20.0392,13.4581,2.36706
236,26.1946,14.4271,2.49081
234,26.1946,14.4271,2.49081
236,18.1587,13.8856,1.89118
234,18.1587,13.8856,1.89118
236,21.0639,17.5653,-0.207091
234,21.0639,17.5653,-0.207091
236,28.7752,15.3189,2.48303
234,28.7752,15.3189,2.48303
236,22.2105,14.7021,2.1731
234,22.2105,14.7021,2.1731
236,21.0114,15.1583,-1.13483
234,21.0114,15.1583,-1.13483
236,15.8156,15.0216,-1.65481
234,15.8156,15.0216,-1.65481
236,22.9055,14.2836,2.12693
234,22.9055,14.2836,2.12693
236,23.9316,13.1561,2.54009
234,23.9316,13.1561,2.54009
236,23.3628,13.0526,2.22659
234,23.3628,13.0526,2.22659
236,21.8896,13.2609,1.88622
234,21.8896,13.2609,1.88622
236,14.564,14.363,-1.12482
234,14.564,14.363,-1.12482
236,14.8864,14.7887,-1.23685
234,14.8864,14.7887,-1.23685
236,16.4288,17.11,-2.20441
234,16.4288,17.11,-2.20441
236,30.0063,12.6069,-1.99385
234,30.0063,12.6069,-1.99385
236,14.3233,13.9953,-1.04876
234,14.3233,13.9953,-1.04876
236,19.8149,13.5689,1.72143
234,19.8149,13.5689,1.72143
236,19.2707,15.6997,-1.36475
234,19.2707,15.6997,-1.36475
236,13.4721,13.1419,-1.43178
234,13.4721,13.1419,-1.43178
236,22.1825,11.8081,-1.82208
233,22.1825,11.8081,-1.82208
236,20.4843,13.8688,1.95933
233,20.4843,13.8688,1.95933
236,16.0992,13.843,0.0441791
233,16.0992,13.843,0.0441791
236,29.2711,12.4092,-1.89544
233,29.2711,12.4092,-1.89544
236,13.648,13.3185,-1.39658
233,13.648,13.3185,-1.39658
236,24.4924,13.8564,2.42497
233,24.4924,13.8564,2.42497
236,24.503,13.9969,2.25068
233,24.503,13.9969,2.25068
236,34.1435,20.0825,-2.64211
233,34.1435,20.0825,-2.64211
236,17.1735,16.7644,-1.4515
233,17.1735,16.7644,-1.4515
236,16.4662,14.143,0.248779
233,16.4662,14.143,0.248779
236,14.6341,14.8025,-1.84376
233,14.6341,14.8025,-1.84376
236,13.5837,13.2349,-1.43429
233,13.5837,13.2349,-1.43429
236,18.3111,15.6743,-0.0687707
233,18.3111,15.6743,-0.0687707
236,25.5124,14.8248,-1.3803
231,25.5124,14.8248,-1.3803
236,19.931,16.2772,-1.57077
231,19.931,16.2772,-1.57077
236,30.0247,20.843,-2.71488
231,30.0247,20.843,-2.71488
236,19.0368,15.5628,-0.0725131
231,19.0368,15.5628,-0.0725131
236,25.6517,14.887,-1.38946
231,25.6517,14.887,-1.38946
236,20.1942,16.6386,-1.66798
231,20.1942,16.6386,-1.66798
236,22.6711,18.1807,-1.39223
231,22.6711,18.1807,-1.39223
236,13.745,13.5824,-1.56301
231,13.745,13.5824,-1.56301
236,17.1594,17.6629,-1.80135
231,17.1594,17.6629,-1.80135
236,13.5664,13.2906,-1.48555
231,13.5664,13.2906,-1.48555
236,16.3109,15.6749,-1.32781
231,16.3109,15.6749,-1.32781
236,17.3375,17.5866,-0.223285
227,17.3375,17.5866,-0.223285
236,16.4798,14.256,0.0785374
227,16.4798,14.256,0.0785374
236,16.1385,13.9413,0.0961953
227,16.1385,13.9413,0.0961953
236,24.6746,14.6323,2.47278
227,24.6746,14.6323,2.47278
236,25.6484,19.3369,-1.27784
227,25.6484,19.3369,-1.27784
236,26.0251,14.0355,2.1826
227,26.0251,14.0355,2.1826
236,20.9039,16.3879,-1.55794
227,20.9039,16.3879,-1.55794
236,17.4357,15.3279,-1.22636
229,17.4357,15.3279,-1.22636
236,16.5615,16.5151,-1.55904
229,16.5615,16.5151,-1.55904
236,18.111,13.149,0.126887
230,18.111,13.149,0.126887
236,26.1718,15.0836,-1.37422
225,26.1718,15.0836,-1.37422
236,26.1777,14.9648,-1.30415
225,26.1777,14.9648,-1.30415
236,22.9765,20.4408,-0.0886163
225,22.9765,20.4408,-0.0886163
236,25.6996,14.5961,2.29446
225,25.6996,14.5961,2.29446
236,20.777,11.2994,-1.55472
225,20.777,11.2994,-1.55472
236,24.7934,11.3109,-1.3323
225,24.7934,11.3109,-1.3323
237,14.798,7.90629,-1.85247
237,14.8896,10.6322,-1.72431
237,14.9109,10.6504,-1.69534
237,15.1679,10.8226,-1.80069
237,15.2,11.0439,-1.81432
237,13.8776,13.8204,-1.66685
237,15.1861,12.7427,-1.66802
237,15.2213,12.8626,-1.70343
237,15.4741,14.4711,0.214282
237,15.8528,13.7318,-0.912418
237,14.1909,15.4281,-1.6983
237,16.5958,13.7841,0.397328
237,16.0529,13.9102,-0.80471
237,16.3618,14.0773,0.244775
237,16.365,14.0821,0.26238
237,15.6453,14.8172,0.0277517
237,15.6094,14.8713,0.0203448
237,16.9411,13.6981,0.503316
237,15.6406,14.9,0.020033
237,16.9686,13.734,0.609992
237,16.6173,14.0767,0.37695
237,15.5388,14.6404,-0.958145
237,17.3008,14.1915,2.13078
237,16.2748,14.0955,-0.550321
237,16.5049,14.2273,0.244593
237,15.5816,14.6605,-1.03019
237,16.7766,13.9639,0.257607
237,16.5929,14.1698,0.222858
237,16.2776,14.1317,-0.590312
237,17.4554,14.0677,1.91811
237,15.6627,14.8067,-0.696217
237,15.6323,14.7167,-1.04841
237,17.4828,14.201,2.1354
237,15.6254,14.7118,-1.10124
237,16.8333,14.0476,0.265121
237,17.478,14.3886,2.22064
237,15.6307,14.7285,-1.5596
237,17.637,14.3785,2.24614
237,15.6856,14.7955,-1.5935
237,15.8482,15.0651,-0.80444
237,22.6401,15.6366,-1.44761
235,22.6401,15.6366,-1.44761
237,23.2575,16.3279,-1.64146
235,23.2575,16.3279,-1.64146
237,33.1326,22.7987,-3.29374
235,33.1326,22.7987,-3.29374
237,22.0756,16.2673,-1.63219
235,22.0756,16.2673,-1.63219
237,17.2175,17.7595,-1.35365
235,17.2175,17.7595,-1.35365
237,16.1319,16.9685,-1.52216
235,16.1319,16.9685,-1.52216
237,24.1035,16.5357,-1.66491
235,24.1035,16.5357,-1.66491
237,28.1805,15.1015,2.54249
235,28.1805,15.1015,2.54249
237,22.4657,15.82,-1.5179
235,22.4657,15.82,-1.5179
237,23.4904,16.2875,-1.66747
235,23.4904,16.2875,-1.66747
237,23.5525,16.3368,-1.59652
235,23.5525,16.3368,-1.59652
237,17.6298,19.3259,-2.1877
235,17.6298,19.3259,-2.1877
237,14.6627,14.8411,-1.95023
235,14.6627,14.8411,-1.95023
237,22.449,16.5415,-1.70297
235,22.449,16.5415,-1.70297
237,18.5818,12.7956,1.54843
235,18.5818,12.7956,1.54843
237,24.9411,14.9676,2.25665
235,24.9411,14.9676,2.25665
237,26.2217,14.7198,2.34158
235,26.2217,14.7198,2.34158
237,25.877,13.955,2.25531
235,25.877,13.955,2.25531
237,24.7856,13.8373,2.02808
235,24.7856,13.8373,2.02808
237,20.2021,15.5673,-1.42713
235,20.2021,15.5673,-1.42713
237,23.3641,15.2581,-1.33482
235,23.3641,15.2581,-1.33482
237,14.5775,14.0114,0.105812
235,14.5775,14.0114,0.105812
237,28.8425,17.469,-1.95808
235,28.8425,17.469,-1.95808
237,25.1956,19.4454,-1.67432
235,25.1956,19.4454,-1.67432
237,15.0113,14.6254,0.0634823
235,15.0113,14.6254,0.0634823
237,23.6353,18.416,-1.98759
235,23.6353,18.416,-1.98759
237,19.5849,15.432,2.58397
235,19.5849,15.432,2.58397
237,20.5778,15.3538,-1.37575
235,20.5778,15.3538,-1.37575
237,21.091,15.1552,-1.27619
235,21.091,15.1552,-1.27619
237,18.7256,12.8831,1.5712
235,18.7256,12.8831,1.5712
237,21.7636,14.4448,2.0841
235,21.7636,14.4448,2.0841
237,19.9652,13.4263,1.97653
235,19.9652,13.4263,1.97653
237,26.5771,15.7644,2.4466
235,26.5771,15.7644,2.4466
237,22.5133,13.8902,2.75062
235,22.5133,13.8902,2.75062
237,23.0382,14.0399,2.05109
235,23.0382,14.0399,2.05109
237,26.7116,14.6398,2.65139
235,26.7116,14.6398,2.65139
237,22.2267,12.5995,2.0608
235,22.2267,12.5995,2.0608
237,26.9714,14.7499,2.22438
235,26.9714,14.7499,2.22438
237,20.2785,15.4438,2.5788
235,20.2785,15.4438,2.5788
237,24.2726,15.8227,3.16174
235,24.2726,15.8227,3.16174
237,22.5725,15.2065,2.93384
235,22.5725,15.2065,2.93384
237,21.6512,15.0659,-1.28033
235,21.6512,15.0659,-1.28033
237,21.7638,16.7829,-1.73661
235,21.7638,16.7829,-1.73661
237,25.5389,19.2755,-1.24777
235,25.5389,19.2755,-1.24777
237,14.7905,15.0265,-2.01556
235,14.7905,15.0265,-2.01556
237,22.0281,17.0776,-1.20514
235,22.0281,17.0776,-1.20514
237,26.5189,11.7704,-1.57053
235,26.5189,11.7704,-1.57053
237,17.151,14.0614,2.00769
235,17.151,14.0614,2.00769
237,26.9019,15.6215,3.40716
235,26.9019,15.6215,3.40716
237,18.6646,14.8989,2.33669
235,18.6646,14.8989,2.33669
237,19.5994,13.2348,1.66947
235,19.5994,13.2348,1.66947
237,22.8313,14.0408,1.97667
235,22.8313,14.0408,1.97667
237,23.2936,14.4286,2.87605
235,23.2936,14.4286,2.87605
237,26.5731,16.3745,3.51363
235,26.5731,16.3745,3.51363
237,23.0369,14.162,2.60386
235,23.0369,14.162,2.60386
237,24.281,14.635,2.98014
235,24.281,14.635,2.98014
237,26.6306,14.7767,2.99155
235,26.6306,14.7767,2.99155
237,17.1425,17.1152,-1.24743
235,17.1425,17.1152,-1.24743
237,27.6525,15.3538,2.70929
235,27.6525,15.3538,2.70929
237,17.3518,17.4245,-1.30688
235,17.3518,17.4245,-1.30688
237,17.9518,13.7589,2.1753
235,17.9518,13.7589,2.1753
237,14.9589,12.0409,1.61681
235,14.9589,12.0409,1.61681
237,17.633,11.558,1.91553
235,17.633,11.558,1.91553
237,25.2756,15.2469,2.31889
235,25.2756,15.2469,2.31889
237,16.7383,11.7514,1.75519
235,16.7383,11.7514,1.75519
237,20.8417,14.2418,2.49253
235,20.8417,14.2418,2.49253
237,15.2108,15.3162,-1.31553
235,15.2108,15.3162,-1.31553
237,27.4804,17.1176,-0.396922
235,27.4804,17.1176,-0.396922
237,26.0653,17.8727,-1.98621
235,26.0653,17.8727,-1.98621
237,16.9494,13.037,0.115844
235,16.9494,13.037,0.115844
237,41.1686,12.4866,1.63862
235,41.1686,12.4866,1.63862
237,21.1154,14.0629,2.53491
235,21.1154,14.0629,2.53491
237,22.7077,15.0141,2.81029
235,22.7077,15.0141,2.81029
237,16.4674,17.5376,-1.77832
235,16.4674,17.5376,-1.77832
237,20.0224,13.6442,1.72416
235,20.0224,13.6442,1.72416
237,21.4183,14.2539,2.12516
235,21.4183,14.2539,2.12516
237,22.1148,13.7149,2.18443
235,22.1148,13.7149,2.18443
237,23.7529,14.5012,2.70866
235,23.7529,14.5012,2.70866
237,24.1326,14.8573,3.00596
235,24.1326,14.8573,3.00596
237,25.0851,14.7679,3.10443
235,25.0851,14.7679,3.10443
237,15.9009,10.2655,1.38615
235,15.9009,10.2655,1.38615
237,27.9663,15.1207,3.31844
235,27.9663,15.1207,3.31844
237,22.4698,14.8532,2.59245
235,22.4698,14.8532,2.59245
237,23.4057,14.6865,2.89372
235,23.4057,14.6865,2.89372
237,45.129,13.1646,-1.99966
235,45.129,13.1646,-1.99966
237,16.2279,16.1676,-0.967275
235,16.2279,16.1676,-0.967275
237,12.9107,12.1913,-0.904057
235,12.9107,12.1913,-0.904057
237,13.6928,13.2395,-1.412
235,13.6928,13.2395,-1.412
237,20.52,13.7992,1.78283
235,20.52,13.7992,1.78283
237,22.5787,16.1982,-1.56663
235,22.5787,16.1982,-1.56663
237,14.8135,14.6432,-0.971902
235,14.8135,14.6432,-0.971902
237,15.703,14.9409,-1.59391
235,15.703,14.9409,-1.59391
237,22.6858,14.3846,-1.1296
235,22.6858,14.3846,-1.1296
237,23.1611,18.029,-1.37705
235,23.1611,18.029,-1.37705
237,21.0802,13.5266,1.90667
235,21.0802,13.5266,1.90667
237,43.4248,12.8978,-1.89795
235,43.4248,12.8978,-1.89795
237,21.9265,13.9642,-1.03709
235,21.9265,13.9642,-1.03709
237,19.5034,12.6731,-0.700254
235,19.5034,12.6731,-0.700254
237,22.2086,12.7985,1.98748
235,22.2086,12.7985,1.98748
237,18.9793,12.8705,1.61788
235,18.9793,12.8705,1.61788
237,20.2327,14.7204,-1.15872
235,20.2327,14.7204,-1.15872
237,18.2096,14.7676,-1.1098
235,18.2096,14.7676,-1.1098
237,23.6516,18.5639,-2.10842
235,23.6516,18.5639,-2.10842
237,19.7139,12.8011,1.77919
235,19.7139,12.8011,1.77919
237,24.3887,11.227,-1.30268
235,24.3887,11.227,-1.30268
237,14.5777,14.5582,-1.86776
235,14.5777,14.5582,-1.86776
237,16.9417,18.0279,-3.07926
235,16.9417,18.0279,-3.07926
237,12.9399,12.233,-1.03288
235,12.9399,12.233,-1.03288
237,16.3751,15.962,-0.901287
235,16.3751,15.962,-0.901287
237,16.2546,10.3122,1.26996
235,16.2546,10.3122,1.26996
237,18.2643,12.4986,1.54775
235,18.2643,12.4986,1.54775
237,14.5128,13.4817,-0.763915
235,14.5128,13.4817,-0.763915
237,46.8576,13.5959,-2.152
235,46.8576,13.5959,-2.152
237,15.4856,10.9537,-1.9299
235,15.4856,10.9537,-1.9299
237,24.2343,17.5608,-1.8932
236,24.2343,17.5608,-1.8932
237,22.5706,18.8807,-1.57448
236,22.5706,18.8807,-1.57448
237,17.163,17.8461,-1.78751
236,17.163,17.8461,-1.78751
237,17.0295,17.7886,-1.95128
236,17.0295,17.7886,-1.95128
237,16.4585,17.1408,-1.76964
236,16.4585,17.1408,-1.76964
237,17.7631,17.572,-1.30495
236,17.7631,17.572,-1.30495
237,24.3285,17.1666,-1.92262
236,24.3285,17.1666,-1.92262
237,18.5971,13.9764,-1.00754
236,18.5971,13.9764,-1.00754
237,22.1133,17.249,-1.71075
236,22.1133,17.249,-1.71075
237,23.1357,15.2764,-1.29886
236,23.1357,15.2764,-1.29886
237,17.1474,14.9874,0.0220097
236,17.1474,14.9874,0.0220097
237,19.6598,16.453,-1.61049
236,19.6598,16.453,-1.61049
237,16.5442,17.1696,-2.96726
236,16.5442,17.1696,-2.96726
237,19.798,12.8628,-0.691059
236,19.798,12.8628,-0.691059
237,25.947,16.2396,-0.317558
236,25.947,16.2396,-0.317558
237,23.5353,13.9239,-1.1145
236,23.5353,13.9239,-1.1145
237,23.9254,16.91,-1.75807
236,23.9254,16.91,-1.75807
237,25.4311,14.4492,2.35194
236,25.4311,14.4492,2.35194
237,21.8521,18.2556,-1.30602
236,21.8521,18.2556,-1.30602
237,17.5186,18.3364,-1.92487
236,17.5186,18.3364,-1.92487
237,16.1765,16.2605,-1.8676
236,16.1765,16.2605,-1.8676
237,16.684,17.2622,-1.83568
236,16.684,17.2622,-1.83568
237,21.0835,17.3175,-1.70861
236,21.0835,17.3175,-1.70861
237,20.5308,14.9097,-1.18621
236,20.5308,14.9097,-1.18621
237,16.0102,16.7272,-2.76462
236,16.0102,16.7272,-2.76462
237,18.9236,19.4297,-1.71695
236,18.9236,19.4297,-1.71695
237,16.2203,16.7374,-2.80465
236,16.2203,16.7374,-2.80465
237,28.9283,17.8223,-0.490143
236,28.9283,17.8223,-0.490143
237,21.8129,14.4605,2.46081
236,21.8129,14.4605,2.46081
237,27.0425,16.6815,-1.76773
236,27.0425,16.6815,-1.76773
237,25.6021,14.3219,2.93605
236,25.6021,14.3219,2.93605
237,18.2241,18.9345,-1.37038
236,18.2241,18.9345,-1.37038
237,26.5543,14.4463,2.22858
236,26.5543,14.4463,2.22858
237,16.3793,17.5405,-2.18942
236,16.3793,17.5405,-2.18942
237,17.196,14.9771,0.0191036
236,17.196,14.9771,0.0191036
237,18.7491,14.7085,2.20312
236,18.7491,14.7085,2.20312
237,25.988,14.1961,2.18252
236,25.988,14.1961,2.18252
237,20.8023,17.5799,-1.87454
236,20.8023,17.5799,-1.87454
237,16.0945,15.3334,-1.78149
236,16.0945,15.3334,-1.78149
237,24.7665,19.9119,-1.73241
236,24.7665,19.9119,-1.73241
237,20.7031,12.0449,2.1268
236,20.7031,12.0449,2.1268
237,22.923,14.3135,2.12942
236,22.923,14.3135,2.12942
237,24.2991,14.383,2.16922
236,24.2991,14.383,2.16922
237,24.7017,17.6021,-1.69938
236,24.7017,17.6021,-1.69938
237,17.3588,18.2843,-1.8309
236,17.3588,18.2843,-1.8309
237,17.2312,18.0074,-1.77051
236,17.2312,18.0074,-1.77051
237,22.3502,18.8793,-1.38986
236,22.3502,18.8793,-1.38986
237,20.2486,17.0763,-1.73137
236,20.2486,17.0763,-1.73137
237,22.9164,10.8969,-1.07795
236,22.9164,10.8969,-1.07795
237,17.7582,15.4577,0.181233
236,17.7582,15.4577,0.181233
237,17.6408,15.4009,-0.0336035
236,17.6408,15.4009,-0.0336035
237,24.9202,16.2058,-1.59276
236,24.9202,16.2058,-1.59276
237,24.9671,16.2494,-1.49486
236,24.9671,16.2494,-1.49486
237,20.2684,13.8147,1.77728
236,20.2684,13.8147,1.77728
237,22.9842,18.884,-2.11632
236,22.9842,18.884,-2.11632
237,15.1446,11.0696,-0.204506
236,15.1446,11.0696,-0.204506
237,19.7008,13.9959,-0.950294
236,19.7008,13.9959,-0.950294
237,22.5389,15.7275,-1.42708
233,22.5389,15.7275,-1.42708
237,24.1488,13.3204,2.26571
233,24.1488,13.3204,2.26571
237,22.005,14.9325,1.9746
233,22.005,14.9325,1.9746
237,22.3606,15.1472,2.02287
233,22.3606,15.1472,2.02287
237,26.5536,14.9278,2.68574
233,26.5536,14.9278,2.68574
237,21.0992,12.4797,1.79467
233,21.0992,12.4797,1.79467
237,16.6644,16.8801,-1.1117
233,16.6644,16.8801,-1.1117
237,13.6644,13.4422,-1.53238
233,13.6644,13.4422,-1.53238
237,20.562,16.1292,-1.49312
233,20.562,16.1292,-1.49312
237,30.9788,17.509,-2.03422
231,30.9788,17.509,-2.03422
237,22.3732,18.8806,-1.41482
231,22.3732,18.8806,-1.41482
237,25.4278,15.8104,-1.53521
231,25.4278,15.8104,-1.53521
237,25.9471,18.4606,-2.07143
231,25.9471,18.4606,-2.07143
237,27.1428,14.5392,2.64799
231,27.1428,14.5392,2.64799
237,18.2609,18.9848,-1.49094
227,18.2609,18.9848,-1.49094
237,21.4452,14.2594,2.07743
227,21.4452,14.2594,2.07743
237,25.7067,14.2189,2.39005
227,25.7067,14.2189,2.39005
237,25.3079,14.2274,2.14411
227,25.3079,14.2274,2.14411
237,27.1573,14.8678,2.57655
227,27.1573,14.8678,2.57655
237,21.3489,16.7593,-1.60815
227,21.3489,16.7593,-1.60815
237,24.3966,14.1442,-1.12946
230,24.3966,14.1442,-1.12946
237,23.9038,19.1946,-1.58037
230,23.9038,19.1946,-1.58037
237,26.4824,18.1184,-1.9727
229,26.4824,18.1184,-1.9727
237,14.4272,14.6192,-1.30157
229,14.4272,14.6192,-1.30157
237,26.8848,15.3376,-1.40029
225,26.8848,15.3376,-1.40029
237,23.3077,14.2986,2.10807
225,23.3077,14.2986,2.10807
237,17.2959,18.1595,-2.00023
225,17.2959,18.1595,-2.00023
237,26.8671,14.9065,2.48506
225,26.8671,14.9065,2.48506
237,30.2695,15.8705,3.13516
225,30.2695,15.8705,3.13516
237,23.1013,13.1901,2.24842
225,23.1013,13.1901,2.24842
237,27.346,13.2323,1.48214
224,27.346,13.2323,1.48214
237,25.057,14.3152,2.15897
224,25.057,14.3152,2.15897
237,22.18,12.817,2.18489
208,22.18,12.817,2.18489
237,23.8002,14.1766,2.74402
208,23.8002,14.1766,2.74402
237,27.381,16.7869,-1.72509
208,27.381,16.7869,-1.72509
237,28.3945,17.1959,-1.81688
208,28.3945,17.1959,-1.81688
237,25.7834,14.5028,2.82279
208,25.7834,14.5028,2.82279
237,24.2258,14.7373,2.43502
208,24.2258,14.7373,2.43502
238,10.4296,8.1604,0.662757
238,10.4585,8.16908,0.664009
238,10.7985,8.1363,0.585908
238,11.425,9.11072,0.676107
238,15.0268,10.7536,-1.79716
238,15.0339,10.7698,-1.77186
238,15.091,10.8096,-1.72984
238,15.1103,10.8017,-1.74451
238,15.1295,10.8122,-1.76451
238,15.0885,10.9234,-1.79622
238,15.1199,10.9428,-1.73965
238,15.1743,10.9665,-1.76663
238,15.1554,10.9801,-1.83673
238,15.2388,11.0564,-1.82817
238,13.8423,13.7977,-1.64014
238,13.848,13.8126,-1.62956
238,15.0135,12.5791,-1.60683
238,15.1421,12.7315,-1.72657
238,15.238,13.121,-0.596766
238,15.1647,12.7595,-1.68175
238,15.2265,12.7429,-1.68801
238,15.3336,13.2052,-0.713823
238,15.3476,13.231,-0.618415
238,15.4111,13.2513,-0.59204
238,15.4661,13.2544,-0.629808
238,15.4519,13.2283,-0.726563
238,15.4752,13.2675,-0.598606
238,15.4629,13.2989,-0.680035
238,15.9789,13.8068,-0.490388
238,16.0173,13.8418,-0.52333
238,14.1475,15.4461,-1.70701
238,16.016,13.8768,-0.515656
238,14.1586,15.4754,-1.68898
238,14.1669,15.534,-1.6777
238,16.138,13.9496,-0.494154
238,17.0693,14.0196,2.0779
238,16.3753,14.0793,0.25376
238,16.8222,13.8231,0.700439
238,16.8927,13.6572,0.398966
238,15.5554,14.634,-0.945598
238,15.5406,14.6432,-0.965224
238,16.7153,13.8515,0.26666
238,14.3065,15.7053,-1.74676
238,16.5207,14.1246,0.232251
238,16.8662,13.8622,0.354645
238,17.286,14.2226,2.23099
238,16.5921,14.1618,0.230712
238,15.7192,14.8606,-0.692047
238,17.0611,13.8072,0.371272
238,17.4608,14.1428,2.11866
238,23.9488,16.6225,-1.68221
237,23.9488,16.6225,-1.68221
238,21.2726,14.7972,-1.22608
237,21.2726,14.7972,-1.22608
238,21.2871,17.4962,-1.79402
237,21.2871,17.4962,-1.79402
238,23.7603,14.8922,-1.27704
237,23.7603,14.8922,-1.27704
238,26.2011,16.244,-1.65971
237,26.2011,16.244,-1.65971
238,13.8809,13.8209,-1.67009
237,13.8809,13.8209,-1.67009
238,19.6404,20.2396,-1.74266
237,19.6404,20.2396,-1.74266
238,18.0795,18.7787,-1.46751
237,18.0795,18.7787,-1.46751
238,23.6558,21.0977,-0.553477
237,23.6558,21.0977,-0.553477
238,16.1365,17.0183,-1.77139
237,16.1365,17.0183,-1.77139
238,26.0842,16.3814,-1.71702
237,26.0842,16.3814,-1.71702
238,16.0334,16.9848,-2.89197
237,16.0334,16.9848,-2.89197
238,21.3883,13.6774,-0.931605
237,21.3883,13.6774,-0.931605
238,23.1123,16.0498,-1.40466
237,23.1123,16.0498,-1.40466
238,23.4714,16.2826,-1.66815
237,23.4714,16.2826,-1.66815
238,23.4474,16.2817,-1.58479
237,23.4474,16.2817,-1.58479
238,26.8103,14.3404,2.17407
237,26.8103,14.3404,2.17407
238,23.1284,12.9303,1.86335
237,23.1284,12.9303,1.86335
238,22.1551,12.666,1.96541
237,22.1551,12.666,1.96541
238,20.2616,14.4104,-1.13259
237,20.2616,14.4104,-1.13259
238,23.1974,15.9849,-1.55618
237,23.1974,15.9849,-1.55618
238,20.6085,17.1291,-1.84455
237,20.6085,17.1291,-1.84455
238,16.0252,16.8217,-1.83194
237,16.0252,16.8217,-1.83194
238,18.4956,19.3203,-1.47301
237,18.4956,19.3203,-1.47301
238,20.0891,13.6549,1.7263
237,20.0891,13.6549,1.7263
238,24.3544,13.6823,2.54398
237,24.3544,13.6823,2.54398
238,24.9733,14.7011,2.18478
237,24.9733,14.7011,2.18478
238,26.4016,16.5581,-1.79777
237,26.4016,16.5581,-1.79777
238,13.5544,13.1442,-1.31643
237,13.5544,13.1442,-1.31643
238,22.03,18.146,-1.90894
237,22.03,18.146,-1.90894
238,20.2752,13.9579,1.73712
237,20.2752,13.9579,1.73712
238,20.3878,12.9972,2.35262
237,20.3878,12.9972,2.35262
238,21.4938,14.3202,2.0152
237,21.4938,14.3202,2.0152
238,23.5634,13.3694,2.27923
237,23.5634,13.3694,2.27923
238,16.35,17.2201,-2.95059
237,16.35,17.2201,-2.95059
238,16.3106,17.2882,-2.88905
237,16.3106,17.2882,-2.88905
238,19.6571,20.256,-1.72998
237,19.6571,20.256,-1.72998
238,19.9428,14.0584,-0.98597
237,19.9428,14.0584,-0.98597
238,22.3537,14.2265,2.05378
237,22.3537,14.2265,2.05378
238,25.1479,14.8138,2.21654
237,25.1479,14.8138,2.21654
238,27.938,14.7541,3.12544
237,27.938,14.7541,3.12544
238,20.803,14.0684,1.79809
237,20.803,14.0684,1.79809
238,26.1021,14.7166,3.08944
237,26.1021,14.7166,3.08944
238,19.0457,14.7026,2.29717
237,19.0457,14.7026,2.29717
238,21.4887,14.2835,2.0497
237,21.4887,14.2835,2.0497
238,27.6887,14.6828,2.27047
237,27.6887,14.6828,2.27047
238,19.4394,15.2848,2.3459
237,19.4394,15.2848,2.3459
238,24.3931,19.5693,-1.6734
237,24.3931,19.5693,-1.6734
238,16.2794,17.3352,-2.16616
237,16.2794,17.3352,-2.16616
238,16.9259,14.6321,0.0373117
237,16.9259,14.6321,0.0373117
238,18.4858,19.4135,-1.60726
237,18.4858,19.4135,-1.60726
238,18.5488,19.3268,-1.595
237,18.5488,19.3268,-1.595
238,25.3309,15.2633,2.25345
237,25.3309,15.2633,2.25345
238,25.9841,14.1996,2.24914
237,25.9841,14.1996,2.24914
238,16.936,14.6904,0.0308403
237,16.936,14.6904,0.0308403
238,17.1742,14.3213,0.246941
237,17.1742,14.3213,0.246941
238,20.3496,14.3074,-1.0421
237,20.3496,14.3074,-1.0421
238,26.628,14.4305,3.02324
237,26.628,14.4305,3.02324
238,21.3152,14.194,1.85
237,21.3152,14.194,1.85
238,26.4056,14.2516,2.56477
237,26.4056,14.2516,2.56477
238,25.5526,14.5053,2.61052
237,25.5526,14.5053,2.61052
238,18.8696,14.6534,2.29547
237,18.8696,14.6534,2.29547
238,20.9118,12.5639,1.72325
237,20.9118,12.5639,1.72325
238,25.5595,14.5403,2.2392
237,25.5595,14.5403,2.2392
238,19.7387,15.8192,-0.938518
237,19.7387,15.8192,-0.938518
238,16.2493,17.213,-2.8398
237,16.2493,17.213,-2.8398
238,25.5554,15.8505,-1.53444
237,25.5554,15.8505,-1.53444
238,25.5831,13.8584,2.82855
237,25.5831,13.8584,2.82855
238,42.5546,12.6862,1.64745
237,42.5546,12.6862,1.64745
238,16.0196,17.1146,-2.17713
237,16.0196,17.1146,-2.17713
238,25.1015,17.8007,-1.97171
237,25.1015,17.8007,-1.97171
238,20.4611,14.3945,-1.07729
237,20.4611,14.3945,-1.07729
238,17.9953,18.5479,-1.24561
237,17.9953,18.5479,-1.24561
238,17.8603,18.5442,-1.41484
237,17.8603,18.5442,-1.41484
238,21.2211,14.1467,2.01103
237,21.2211,14.1467,2.01103
238,16.6272,11.2578,1.38791
237,16.6272,11.2578,1.38791
238,24.1281,14.3292,2.09584
237,24.1281,14.3292,2.09584
238,20.3795,11.9242,2.07229
237,20.3795,11.9242,2.07229
238,21.0937,14.3485,2.52323
237,21.0937,14.3485,2.52323
238,22.8356,16.8837,-1.74679
237,22.8356,16.8837,-1.74679
238,15.8701,15.0785,-1.67161
237,15.8701,15.0785,-1.67161
238,25.5919,11.55,-1.41497
237,25.5919,11.55,-1.41497
238,24.894,17.7529,-1.98341
237,24.894,17.7529,-1.98341
238,17.6509,12.1814,1.46754
237,17.6509,12.1814,1.46754
238,23.6539,14.4614,2.43179
237,23.6539,14.4614,2.43179
238,17.8794,11.8974,1.53525
237,17.8794,11.8974,1.53525
238,18.7966,14.7328,2.22642
237,18.7966,14.7328,2.22642
238,29.7133,15.893,3.60545
237,29.7133,15.893,3.60545
238,20.0709,13.6966,1.73416
237,20.0709,13.6966,1.73416
238,18.7175,19.4849,-1.56903
237,18.7175,19.4849,-1.56903
238,17.3165,14.8393,-0.00431639
237,17.3165,14.8393,-0.00431639
238,16.3056,15.5722,-1.84902
237,16.3056,15.5722,-1.84902
238,18.6612,19.4203,-1.40437
237,18.6612,19.4203,-1.40437
238,16.3798,12.8523,-0.633641
237,16.3798,12.8523,-0.633641
238,25.0015,17.4746,-2.03345
237,25.0015,17.4746,-2.03345
238,37.2013,12.0562,-1.37363
237,37.2013,12.0562,-1.37363
238,19.7868,13.3561,1.71683
237,19.7868,13.3561,1.71683
238,17.5315,12.2284,1.46537
237,17.5315,12.2284,1.46537
238,16.1225,10.9701,-0.171826
237,16.1225,10.9701,-0.171826
238,17.3813,13.6379,-0.835355
237,17.3813,13.6379,-0.835355
238,24.0382,17.9096,-1.37219
237,24.0382,17.9096,-1.37219
238,26.0765,11.6103,-1.51899
237,26.0765,11.6103,-1.51899
238,13.8111,13.4454,-1.4426
237,13.8111,13.4454,-1.4426
238,13.6433,13.3727,-1.44855
237,13.6433,13.3727,-1.44855
238,13.1546,12.629,-0.705635
237,13.1546,12.629,-0.705635
238,24.1542,18.9876,-2.17921
237,24.1542,18.9876,-2.17921
238,20.9215,14.0299,1.85566
237,20.9215,14.0299,1.85566
238,24.2476,16.6922,-1.63428
235,24.2476,16.6922,-1.63428
238,14.6204,13.493,-1.5671
235,14.6204,13.493,-1.5671
238,13.4427,13.0181,-1.31684
235,13.4427,13.0181,-1.31684
238,21.4753,17.8755,-1.37292
235,21.4753,17.8755,-1.37292
238,18.4803,15.3876,-1.35124
235,18.4803,15.3876,-1.35124
238,24.7909,17.0275,-1.70824
235,24.7909,17.0275,-1.70824
238,23.3021,14.2768,2.03422
235,23.3021,14.2768,2.03422
238,24.3932,14.077,2.68726
235,24.3932,14.077,2.68726
238,24.7017,13.4915,2.6718
235,24.7017,13.4915,2.6718
238,25.8338,14.1268,2.16042
235,25.8338,14.1268,2.16042
238,27.3128,14.729,2.37755
235,27.3128,14.729,2.37755
238,13.6924,13.5568,-1.51826
235,13.6924,13.5568,-1.51826
238,23.3179,14.2861,2.02628
235,23.3179,14.2861,2.02628
238,19.7086,15.5391,2.7353
235,19.7086,15.5391,2.7353
238,17.7004,18.427,-1.26515
235,17.7004,18.427,-1.26515
238,24.5424,13.6727,2.2514
235,24.5424,13.6727,2.2514
238,13.665,13.4774,-1.49434
235,13.665,13.4774,-1.49434
238,13.6174,13.4472,-1.47884
235,13.6174,13.4472,-1.47884
238,24.2296,15.8613,3.1325
235,24.2296,15.8613,3.1325
238,22.1678,14.8406,2.58861
235,22.1678,14.8406,2.58861
238,15.9126,12.9661,1.75351
235,15.9126,12.9661,1.75351
238,19.844,12.0087,1.86147
235,19.844,12.0087,1.86147
238,23.4098,13.5787,2.67533
235,23.4098,13.5787,2.67533
238,15.7367,13.456,0.286485
235,15.7367,13.456,0.286485
238,23.6719,20.0433,-1.59759
235,23.6719,20.0433,-1.59759
238,21.4296,14.96,-1.28273
235,21.4296,14.96,-1.28273
238,24.3436,18.9875,-2.13314
235,24.3436,18.9875,-2.13314
238,19.6614,13.2407,2.30978
235,19.6614,13.2407,2.30978
238,16.9155,17.0939,-1.13289
235,16.9155,17.0939,-1.13289
238,20.3325,12.2233,1.92756
235,20.3325,12.2233,1.92756
238,17.6511,13.6902,2.0686
235,17.6511,13.6902,2.0686
238,19.3328,15.2363,2.65581
235,19.3328,15.2363,2.65581
238,14.1217,14.2052,-1.74685
235,14.1217,14.2052,-1.74685
238,30.8635,19.4893,-2.36748
235,30.8635,19.4893,-2.36748
238,23.0084,14.5349,2.20001
235,23.0084,14.5349,2.20001
238,36.2844,12.4322,2.68164
235,36.2844,12.4322,2.68164
238,46.9271,13.3959,-2.12995
235,46.9271,13.3959,-2.12995
238,27.4147,16.0214,2.56842
235,27.4147,16.0214,2.56842
238,18.2731,13.4462,-0.672124
235,18.2731,13.4462,-0.672124
238,19.8679,14.5646,-0.92507
235,19.8679,14.5646,-0.92507
238,26.3829,18.7999,-2.23047
235,26.3829,18.7999,-2.23047
238,15.4311,11.9618,1.54751
235,15.4311,11.9618,1.54751
238,19.5267,12.7114,2.23804
235,19.5267,12.7114,2.23804
238,19.7882,14.4077,-1.07168
235,19.7882,14.4077,-1.07168
238,22.3485,13.1151,2.44711
235,22.3485,13.1151,2.44711
238,20.8482,15.1558,-1.27686
235,20.8482,15.1558,-1.27686
238,17.5305,17.7641,-1.25621
236,17.5305,17.7641,-1.25621
238,19.5231,16.0896,-1.53097
236,19.5231,16.0896,-1.53097
238,19.9199,16.5394,-1.67505
236,19.9199,16.5394,-1.67505
238,16.263,16.6208,-1.44143
236,16.263,16.6208,-1.44143
238,20.7115,14.8656,-0.0239653
236,20.7115,14.8656,-0.0239653
238,21.1182,15.471,-1.34603
236,21.1182,15.471,-1.34603
238,24.0458,13.8898,2.75932
236,24.0458,13.8898,2.75932
238,16.4146,12.6077,-0.62837
236,16.4146,12.6077,-0.62837
238,25.4197,14.1214,2.64084
236,25.4197,14.1214,2.64084
238,15.687,15.8554,-1.44775
236,15.687,15.8554,-1.44775
238,20.6348,14.6293,-0.0381107
236,20.6348,14.6293,-0.0381107
238,23.3852,13.5141,2.1552
236,23.3852,13.5141,2.1552
238,22.4923,18.9961,-2.25289
236,22.4923,18.9961,-2.25289
238,22.903,13.859,2.01849
236,22.903,13.859,2.01849
238,45.9118,13.1933,1.78638
236,45.9118,13.1933,1.78638
238,20.9459,14.0112,1.9981
233,20.9459,14.0112,1.9981
238,25.433,13.8284,2.18221
233,25.433,13.8284,2.18221
238,25.0889,13.6928,2.11674
233,25.0889,13.6928,2.11674
238,26.51,14.4917,2.49551
233,26.51,14.4917,2.49551
238,41.9139,21.0965,4.64732
233,41.9139,21.0965,4.64732
238,13.5596,13.1605,-1.39828
231,13.5596,13.1605,-1.39828
238,47.3575,13.4933,-2.08782
231,47.3575,13.4933,-2.08782
238,20.7978,18.3099,-0.316557
227,20.7978,18.3099,-0.316557
238,17.5244,14.2046,0.692549
227,17.5244,14.2046,0.692549
238,18.7244,13.6823,0.0597089
227,18.7244,13.6823,0.0597089
238,26.181,14.4302,2.45754
227,26.181,14.4302,2.45754
238,21.8696,18.4318,-1.31187
230,21.8696,18.4318,-1.31187
238,21.4627,13.5724,1.87891
230,21.4627,13.5724,1.87891
238,20.1739,17.377,-0.276679
225,20.1739,17.377,-0.276679
238,25.2292,14.1562,2.26879
225,25.2292,14.1562,2.26879
238,26.0115,14.747,2.31534
225,26.0115,14.747,2.31534
238,33.1057,11.3412,2.45792
225,33.1057,11.3412,2.45792
238,25.5058,14.2881,2.28683
225,25.5058,14.2881,2.28683
238,20.4241,15.4338,2.99208
208,20.4241,15.4338,2.99208
238,19.7671,15.0754,2.92431
208,19.7671,15.0754,2.92431
238,29.7103,16.2339,3.20258
208,29.7103,16.2339,3.20258
238,23.2826,15.3177,2.89292
208,23.2826,15.3177,2.89292
238,28.4306,15.7587,3.02589
208,28.4306,15.7587,3.02589
238,23.9169,15.5881,3.04061
208,23.9169,15.5881,3.04061
238,23.0363,15.2,2.89942
208,23.0363,15.2,2.89942
238,48.6322,26.4143,4.81813
208,48.6322,26.4143,4.81813
238,25.5883,15.664,2.99743
208,25.5883,15.664,2.99743
239,13.5272,9.23133,0.860632
239,15.0836,10.7986,-1.7276
239,15.2063,10.8641,-1.78556
239,15.1528,11.0181,-1.82318
239,15.2294,11.0145,-1.88231
239,15.0812,12.6493,-1.61756
239,13.9052,13.9769,-1.68265
239,15.2826,12.8727,-1.68926
239,15.2826,12.882,-1.73923
239,15.3359,12.9209,-1.71739
239,15.4669,13.3249,-0.374302
239,15.1041,14.0192,0.108231
239,15.0168,14.3195,-0.00353003
239,15.733,13.6108,-0.712077
239,15.192,14.6272,-0.0262221
239,16.2348,13.7245,0.72488
239,14.2109,15.226,-1.79388
239,15.3747,14.492,-0.115565
239,16.2514,13.7407,0.381577
239,16.099,13.8885,0.106233
239,14.2951,15.3894,-1.8544
239,15.9915,13.858,-0.765911
239,16.0123,13.8581,-0.771605
239,16.2366,13.9762,0.261586
239,16.0344,13.9009,-0.754924
239,16.8673,13.8914,1.88683
239,14.2499,15.7217,-1.74499
239,14.2781,15.7381,-1.72925
239,15.5407,14.6108,-0.990174
239,16.966,13.919,1.87012
239,16.9849,13.9316,1.83136
239,16.6277,13.8521,0.268615
239,14.4018,15.659,-1.89488
239,15.5947,14.7053,-0.955554
239,15.6238,14.6983,-1.01792
239,17.1586,13.8848,1.86172
239,17.16,13.9057,1.87366
239,16.8153,13.8248,0.35807
239,16.9368,13.7092,0.369229
239,17.2225,13.8649,1.86888
239,17.1573,13.966,1.94057
239,16.8344,13.8412,0.360842
239,17.2226,13.899,1.88142
239,17.1714,14.0021,2.00795
239,15.6445,14.7553,-1.09843
239,25.27,17.4456,-1.8891
237,25.27,17.4456,-1.8891
239,27.8043,19.0376,-2.31917
237,27.8043,19.0376,-2.31917
239,15.4702,15.4611,-1.20955
237,15.4702,15.4611,-1.20955
239,16.09,16.3386,-1.43049
237,16.09,16.3386,-1.43049
239,25.4213,17.7089,-2.01885
237,25.4213,17.7089,-2.01885
239,15.5157,14.7399,-0.72173
237,15.5157,14.7399,-0.72173
239,18.0595,17.9576,-1.38476
237,18.0595,17.9576,-1.38476
239,24.9359,21.045,-2.03907
237,24.9359,21.045,-2.03907
239,16.0619,13.8579,0.116726
237,16.0619,13.8579,0.116726
239,16.1581,16.7424,-1.67762
237,16.1581,16.7424,-1.67762
239,15.4189,15.568,-2.34087
237,15.4189,15.568,-2.34087
239,24.9946,14.2736,2.15489
237,24.9946,14.2736,2.15489
239,24.3015,15.0182,2.2098
237,24.3015,15.0182,2.2098
239,15.2024,15.6659,-2.25856
237,15.2024,15.6659,-2.25856
239,15.5635,14.6846,-0.661064
237,15.5635,14.6846,-0.661064
239,23.7362,16.7783,-1.8108
237,23.7362,16.7783,-1.8108
239,19.6491,13.5458,2.29486
237,19.6491,13.5458,2.29486
239,14.8225,14.4744,-0.943525
237,14.8225,14.4744,-0.943525
239,16.0648,16.2377,-1.39404
237,16.0648,16.2377,-1.39404
239,21.1237,14.2573,1.82552
237,21.1237,14.2573,1.82552
239,23.8625,13.4679,2.19595
237,23.8625,13.4679,2.19595
239,32.1966,16.3982,3.79238
237,32.1966,16.3982,3.79238
239,23.7635,16.4635,-1.72176
237,23.7635,16.4635,-1.72176
239,15.7558,16.0647,-2.53782
237,15.7558,16.0647,-2.53782
239,16.7633,17.4729,-3.07476
237,16.7633,17.4729,-3.07476
239,19.3579,14.9209,-1.23979
237,19.3579,14.9209,-1.23979
239,27.0689,16.6747,-1.79839
237,27.0689,16.6747,-1.79839
239,16.6016,16.7827,-0.982538
237,16.6016,16.7827,-0.982538
239,24.0195,14.2533,2.06523
237,24.0195,14.2533,2.06523
239,20.0251,15.4295,2.48845
237,20.0251,15.4295,2.48845
239,21.7197,13.2451,2.48939
237,21.7197,13.2451,2.48939
239,23.0798,15.9187,-1.53697
237,23.0798,15.9187,-1.53697
239,16.7344,13.85,-0.45933
237,16.7344,13.85,-0.45933
239,20.0523,16.8173,-1.02941
237,20.0523,16.8173,-1.02941
239,28.7838,17.7639,-0.503008
237,28.7838,17.7639,-0.503008
239,21.1254,14.4105,2.538
237,21.1254,14.4105,2.538
239,26.424,14.3995,2.65293
237,26.424,14.3995,2.65293
239,18.006,18.6611,-1.3279
237,18.006,18.6611,-1.3279
239,39.531,26.3434,-4.51202
237,39.531,26.3434,-4.51202
239,19.7379,14.278,-1.05092
237,19.7379,14.278,-1.05092
239,25.4571,14.4987,2.21419
237,25.4571,14.4987,2.21419
239,17.6624,18.2149,-1.32919
237,17.6624,18.2149,-1.32919
239,16.8382,13.7435,1.88832
237,16.8382,13.7435,1.88832
239,26.1047,14.2675,2.17199
237,26.1047,14.2675,2.17199
239,27.4454,14.577,3.10944
237,27.4454,14.577,3.10944
239,23.8219,14.6768,2.14553
237,23.8219,14.6768,2.14553
239,20.9279,14.6769,-1.14289
237,20.9279,14.6769,-1.14289
239,22.7223,18.2484,-1.41689
237,22.7223,18.2484,-1.41689
239,22.4912,17.5458,-1.77649
237,22.4912,17.5458,-1.77649
239,15.4778,16.0709,-2.40655
237,15.4778,16.0709,-2.40655
239,28.6747,17.3911,-1.98533
237,28.6747,17.3911,-1.98533
239,27.8105,17.8475,2.54531
237,27.8105,17.8475,2.54531
239,18.3491,19.2164,-1.53382
237,18.3491,19.2164,-1.53382
239,16.3327,16.5587,-0.913147
237,16.3327,16.5587,-0.913147
239,19.9249,13.7041,2.31567
237,19.9249,13.7041,2.31567
239,25.6325,16.8589,2.33825
237,25.6325,16.8589,2.33825
239,24.196,14.3619,2.92922
237,24.196,14.3619,2.92922
239,26.0741,14.764,2.29542
237,26.0741,14.764,2.29542
239,16.7393,18.0796,-2.33498
237,16.7393,18.0796,-2.33498
239,15.269,15.782,-1.52103
237,15.269,15.782,-1.52103
239,17.7385,13.8142,2.04558
237,17.7385,13.8142,2.04558
239,23.2678,14.423,2.87016
237,23.2678,14.423,2.87016
239,14.9053,14.263,-0.576563
237,14.9053,14.263,-0.576563
239,17.0791,17.3761,-1.18268
237,17.0791,17.3761,-1.18268
239,16.4136,16.4753,-0.906551
237,16.4136,16.4753,-0.906551
239,15.0463,14.7056,-1.40686
237,15.0463,14.7056,-1.40686
239,17.3523,16.8816,-2.27365
237,17.3523,16.8816,-2.27365
239,14.5091,13.4082,-1.50518
237,14.5091,13.4082,-1.50518
239,27.8105,21.1276,-2.96597
237,27.8105,21.1276,-2.96597
239,20.3318,12.9625,1.74508
237,20.3318,12.9625,1.74508
239,21.2165,13.6388,2.57221
237,21.2165,13.6388,2.57221
239,43.5388,12.828,1.65599
237,43.5388,12.828,1.65599
239,27.1642,17.7716,2.48157
237,27.1642,17.7716,2.48157
239,26.5542,17.4295,2.45293
237,26.5542,17.4295,2.45293
239,25.3527,14.8616,2.26272
237,25.3527,14.8616,2.26272
239,27.3054,15.1721,2.56912
237,27.3054,15.1721,2.56912
239,21.9647,12.8672,1.93033
237,21.9647,12.8672,1.93033
239,18.957,14.8605,2.25909
237,18.957,14.8605,2.25909
239,23.1784,16.5349,-1.62487
237,23.1784,16.5349,-1.62487
239,24.0869,14.6732,2.45863
237,24.0869,14.6732,2.45863
239,23.0765,12.9765,2.4966
237,23.0765,12.9765,2.4966
239,15.9757,16.7273,-1.43654
237,15.9757,16.7273,-1.43654
239,15.1593,15.0768,-1.22401
237,15.1593,15.0768,-1.22401
239,25.0791,13.7388,2.10119
237,25.0791,13.7388,2.10119
239,14.4552,13.3298,-1.08673
237,14.4552,13.3298,-1.08673
239,15.2635,15.5779,-2.30106
237,15.2635,15.5779,-2.30106
239,22.8953,17.7859,2.99332
237,22.8953,17.7859,2.99332
239,36.2664,25.0904,-4.02159
237,36.2664,25.0904,-4.02159
239,44.308,21.7716,4.86244
237,44.308,21.7716,4.86244
239,343.052,143.186,42.5954
237,343.052,143.186,42.5954
239,13.4702,13.2111,-1.35792
237,13.4702,13.2111,-1.35792
239,13.699,13.4396,-1.52704
237,13.699,13.4396,-1.52704
239,23.2104,16.1162,-1.53418
237,23.2104,16.1162,-1.53418
239,24.9048,16.2711,2.2554
237,24.9048,16.2711,2.2554
239,18.1595,14.3138,-0.976254
237,18.1595,14.3138,-0.976254
239,44.9479,13.0362,1.71826
237,44.9479,13.0362,1.71826
239,15.2404,12.9899,0.327619
237,15.2404,12.9899,0.327619
239,14.4444,14.6565,-1.28555
237,14.4444,14.6565,-1.28555
239,14.4742,11.0236,-0.144163
237,14.4742,11.0236,-0.144163
239,22.0206,13.9782,2.04861
237,22.0206,13.9782,2.04861
239,25.215,14.0431,2.48282
237,25.215,14.0431,2.48282
239,15.9505,15.1993,-1.21024
237,15.9505,15.1993,-1.21024
239,14.7218,14.8149,-2.0181
237,14.7218,14.8149,-2.0181
239,28.0479,18.3215,2.61196
237,28.0479,18.3215,2.61196
239,21.6616,14.4,2.129
237,21.6616,14.4,2.129
239,29.7758,16.1157,2.73814
237,29.7758,16.1157,2.73814
239,23.815,13.2757,2.50184
237,23.815,13.2757,2.50184
239,33.2481,22.9026,-3.29746
237,33.2481,22.9026,-3.29746
239,18.1751,13.0324,-0.689435
237,18.1751,13.0324,-0.689435
239,21.2236,14.9625,-1.20832
237,21.2236,14.9625,-1.20832
239,34.1664,21.3977,3.30842
237,34.1664,21.3977,3.30842
239,23.2993,13.0747,1.97925
237,23.2993,13.0747,1.97925
239,28.9205,15.239,3.29403
237,28.9205,15.239,3.29403
239,15.7454,16.6596,-1.85784
237,15.7454,16.6596,-1.85784
239,22.3874,14.8205,-1.15727
237,22.3874,14.8205,-1.15727
239,24.5164,19.2455,-2.26937
237,24.5164,19.2455,-2.26937
239,15.6409,16.1269,-2.52663
237,15.6409,16.1269,-2.52663
239,26.6753,14.4899,2.20307
238,26.6753,14.4899,2.20307
239,20.0298,14.4391,0.00759652
238,20.0298,14.4391,0.00759652
239,16.5513,16.2023,-1.00928
238,16.5513,16.2023,-1.00928
239,15.749,14.8771,-1.80655
238,15.749,14.8771,-1.80655
239,16.2091,16.8189,-1.77672
238,16.2091,16.8189,-1.77672
239,16.5376,17.1104,-1.78758
238,16.5376,17.1104,-1.78758
239,16.1024,17.0879,-2.93442
238,16.1024,17.0879,-2.93442
239,24.795,13.9452,2.82657
238,24.795,13.9452,2.82657
239,26.0157,13.9836,2.86211
238,26.0157,13.9836,2.86211
239,17.9417,14.8759,-0.663056
238,17.9417,14.8759,-0.663056
239,26.9124,14.3672,2.17774
238,26.9124,14.3672,2.17774
239,22.5226,13.8541,2.32059
238,22.5226,13.8541,2.32059
239,25.9511,14.6844,2.63775
238,25.9511,14.6844,2.63775
239,25.3526,14.44,2.5807
238,25.3526,14.44,2.5807
239,23.6242,13.3188,2.22975
238,23.6242,13.3188,2.22975
239,27.1874,14.4189,3.01904
238,27.1874,14.4189,3.01904
239,16.131,17.1392,-2.96415
238,16.131,17.1392,-2.96415
239,16.4679,13.5889,2.24559
238,16.4679,13.5889,2.24559
239,19.5508,15.4057,2.80377
238,19.5508,15.4057,2.80377
239,20.0623,12.8571,2.31913
238,20.0623,12.8571,2.31913
239,26.3419,15.6135,2.71649
238,26.3419,15.6135,2.71649
239,26.3697,14.5775,3.06709
238,26.3697,14.5775,3.06709
239,26.8408,14.5459,3.05386
238,26.8408,14.5459,3.05386
239,26.351,17.9929,-1.98189
238,26.351,17.9929,-1.98189
239,26.3655,14.4731,2.5896
238,26.3655,14.4731,2.5896
239,23.8291,13.2259,2.22071
238,23.8291,13.2259,2.22071
239,19.3805,15.2189,2.93451
238,19.3805,15.2189,2.93451
239,17.287,13.2487,-0.762155
238,17.287,13.2487,-0.762155
239,16.305,12.5977,1.72075
238,16.305,12.5977,1.72075
239,24.6251,17.4545,-1.85711
238,24.6251,17.4545,-1.85711
239,16.7116,13.3165,2.20951
238,16.7116,13.3165,2.20951
239,26.1584,14.7802,3.08152
238,26.1584,14.7802,3.08152
239,21.7482,18.2897,-2.14432
238,21.7482,18.2897,-2.14432
239,17.9343,13.7442,2.49725
238,17.9343,13.7442,2.49725
239,20.4904,15.6075,3.09569
238,20.4904,15.6075,3.09569
239,18.0965,13.8641,2.54039
238,18.0965,13.8641,2.54039
239,17.5148,18.208,-1.19959
238,17.5148,18.208,-1.19959
239,17.5807,14.4801,2.28145
238,17.5807,14.4801,2.28145
239,17.192,14.0529,2.17791
238,17.192,14.0529,2.17791
239,16.8015,13.7258,2.10482
238,16.8015,13.7258,2.10482
239,18.2638,14.4587,2.64255
238,18.2638,14.4587,2.64255
239,19.5405,15.3564,2.99744
238,19.5405,15.3564,2.99744
239,16.4467,17.4339,-1.61069
238,16.4467,17.4339,-1.61069
239,16.7459,17.3861,-1.85471
238,16.7459,17.3861,-1.85471
239,17.5869,14.0547,2.21646
238,17.5869,14.0547,2.21646
239,17.2539,13.6675,2.21977
238,17.2539,13.6675,2.21977
239,23.8714,13.4005,2.06813
238,23.8714,13.4005,2.06813
239,16.1374,13.0838,1.90004
238,16.1374,13.0838,1.90004
239,18.3722,15.2573,2.7219
238,18.3722,15.2573,2.7219
239,20.1244,16.7736,-0.994543
238,20.1244,16.7736,-0.994543
239,15.3144,12.7753,0.453473
238,15.3144,12.7753,0.453473
239,32.4764,11.3384,-0.968111
238,32.4764,11.3384,-0.968111
239,17.1034,14.1432,2.40092
238,17.1034,14.1432,2.40092
239,21.6764,15.6815,-1.20384
238,21.6764,15.6815,-1.20384
239,17.8902,14.7484,2.35473
238,17.8902,14.7484,2.35473
239,17.442,14.1389,0.371183
238,17.442,14.1389,0.371183
239,15.9866,12.3753,2.04918
238,15.9866,12.3753,2.04918
239,17.9331,12.4263,-0.51896
238,17.9331,12.4263,-0.51896
239,23.2633,15.4104,-1.34255
238,23.2633,15.4104,-1.34255
239,19.2542,13.1868,1.62582
238,19.2542,13.1868,1.62582
239,17.8829,18.7424,-2.0245
238,17.8829,18.7424,-2.0245
239,17.7251,13.6434,1.97229
238,17.7251,13.6434,1.97229
239,19.9748,9.50859,-0.0534002
238,19.9748,9.50859,-0.0534002
239,23.8489,17.7859,-1.3727
238,23.8489,17.7859,-1.3727
239,25.6877,19.0878,-1.63597
238,25.6877,19.0878,-1.63597
239,21.9614,13.8326,1.97032
238,21.9614,13.8326,1.97032
239,25.655,14.2198,2.63092
238,25.655,14.2198,2.63092
239,23.8703,13.8021,2.70133
238,23.8703,13.8021,2.70133
239,17.9828,13.8356,2.21953
238,17.9828,13.8356,2.21953
239,16.8078,11.4391,-0.264127
238,16.8078,11.4391,-0.264127
239,18.4621,15.3422,2.75992
238,18.4621,15.3422,2.75992
239,19.7835,14.504,-0.882846
238,19.7835,14.504,-0.882846
239,26.2019,12.8548,1.61962
238,26.2019,12.8548,1.61962
239,18.6868,14.8538,2.36314
238,18.6868,14.8538,2.36314
239,18.3703,14.7947,2.10793
238,18.3703,14.7947,2.10793
239,14.06,9.99778,1.2238
238,14.06,9.99778,1.2238
239,25.6523,15.4017,3.28583
238,25.6523,15.4017,3.28583
239,26.0165,15.6024,2.72075
238,26.0165,15.6024,2.72075
239,15.1402,10.5515,1.50083
238,15.1402,10.5515,1.50083
239,22.7957,13.3124,2.54855
238,22.7957,13.3124,2.54855
239,17.8795,14.4174,2.0507
238,17.8795,14.4174,2.0507
239,24.5061,11.3101,-1.2783
238,24.5061,11.3101,-1.2783
239,23.3798,16.5503,-1.66303
235,23.3798,16.5503,-1.66303
239,16.0825,16.9835,-1.61302
235,16.0825,16.9835,-1.61302
239,20.232,16.7855,-1.63036
235,20.232,16.7855,-1.63036
239,24.6799,14.1586,2.13933
235,24.6799,14.1586,2.13933
239,20.0834,15.2522,2.45786
235,20.0834,15.2522,2.45786
239,22.7895,15.3522,2.97073
235,22.7895,15.3522,2.97073
239,20.9399,15.0021,-1.27387
235,20.9399,15.0021,-1.27387
239,20.4613,15.5347,2.53087
235,20.4613,15.5347,2.53087
239,23.8552,13.8243,2.53067
235,23.8552,13.8243,2.53067
239,24.0373,13.7744,2.25199
235,24.0373,13.7744,2.25199
239,31.1801,21.8311,-2.97104
235,31.1801,21.8311,-2.97104
239,16.9741,13.9169,1.83662
235,16.9741,13.9169,1.83662
239,69.9198,17.8621,5.24499
235,69.9198,17.8621,5.24499
239,24.1138,14.564,2.21922
235,24.1138,14.564,2.21922
239,16.6072,16.4212,-1.39919
235,16.6072,16.4212,-1.39919
239,16.4374,13.4344,1.86491
235,16.4374,13.4344,1.86491
239,17.2198,13.5276,2.09576
235,17.2198,13.5276,2.09576
239,21.4363,14.2986,2.51541
235,21.4363,14.2986,2.51541
239,21.3112,14.2315,2.51473
235,21.3112,14.2315,2.51473
239,24.2742,14.0081,2.13223
235,24.2742,14.0081,2.13223
239,14.8872,14.8681,-1.21966
235,14.8872,14.8681,-1.21966
239,16.5784,16.3051,-1.36556
235,16.5784,16.3051,-1.36556
239,25.0873,13.7987,2.5168
235,25.0873,13.7987,2.5168
239,14.2131,13.8135,-1.62508
235,14.2131,13.8135,-1.62508
239,24.7707,13.8727,2.30568
235,24.7707,13.8727,2.30568
239,25.338,11.4775,-1.43183
235,25.338,11.4775,-1.43183
239,29.8043,18.0249,-2.26954
235,29.8043,18.0249,-2.26954
239,26.7167,18.3427,-2.20176
233,26.7167,18.3427,-2.20176
239,20.6363,17.7975,-1.88339
233,20.6363,17.7975,-1.88339
239,25.7136,14.4759,2.36146
233,25.7136,14.4759,2.36146
239,21.5145,14.6172,1.92378
233,21.5145,14.6172,1.92378
239,23.143,13.3176,2.01643
233,23.143,13.3176,2.01643
239,18.7866,19.2135,-1.53291
233,18.7866,19.2135,-1.53291
239,23.4557,15.7277,2.13347
233,23.4557,15.7277,2.13347
239,19.228,19.1998,-1.552
231,19.228,19.1998,-1.552
239,20.4097,14.4764,-0.0134171
227,20.4097,14.4764,-0.0134171
239,26.7193,12.8332,2.38697
227,26.7193,12.8332,2.38697
239,26.9576,12.9162,2.41282
227,26.9576,12.9162,2.41282
239,13.9615,13.9726,-1.60786
227,13.9615,13.9726,-1.60786
239,22.2718,18.8085,-1.37148
230,22.2718,18.8085,-1.37148
239,21.7169,13.7155,1.88959
230,21.7169,13.7155,1.88959
239,28.823,15.8357,3.0339
225,28.823,15.8357,3.0339
239,23.0932,13.8389,2.0553
225,23.0932,13.8389,2.0553
239,23.5452,16.9346,-1.69967
224,23.5452,16.9346,-1.69967
239,192.209,31.5018,-9.05557
224,192.209,31.5018,-9.05557
240,15.1334,10.8329,-1.75252
240,15.078,10.9939,-1.78029
240,15.262,10.8965,-1.84601
240,15.2631,10.897,-1.84657
240,15.3085,10.8937,-1.83206
240,15.334,10.9361,-1.82648
240,15.3678,10.9244,-1.83327
240,15.2779,11.1493,-1.88085
240,15.0881,12.6713,-1.65343
240,15.0946,12.6729,-1.65698
240,15.1174,12.7858,-1.68269
240,15.353,13.1679,0.177078
240,13.9617,14.1183,-1.70514
240,15.2201,12.8194,-1.67391
240,15.3729,13.1853,0.157051
240,15.207,12.8577,-1.74849
240,15.2478,12.8361,-1.71806
240,15.2264,12.8762,-1.72579
240,15.2748,12.8797,-1.6896
240,15.2737,12.8781,-1.70514
240,15.5628,13.3993,-0.391556
240,14.0066,14.7816,-1.68349
240,15.9366,13.6936,0.2767
240,15.9907,13.719,0.122648
240,15.4331,14.4145,0.0605046
240,16.0794,13.7946,0.271829
240,16.2028,13.9146,0.235285
240,16.2301,13.9231,0.0735373
240,16.8433,13.8897,1.93361
240,16.8395,13.8838,1.88157
240,16.8972,13.8368,1.85068
240,16.881,13.8838,1.94124
240,16.8964,13.887,1.94002
240,16.9427,13.8524,1.89156
240,14.194,15.7235,-1.74258
240,16.9404,13.8916,1.80817
240,17.0531,13.8701,1.88893
240,16.4391,14.0583,0.222792
240,14.2952,15.8435,-1.7725
240,14.3164,15.833,-1.8292
240,16.9047,13.8938,0.690781
240,16.9956,13.7453,0.375037
240,17.058,13.8077,0.768243
240,15.6706,14.7822,-0.971946
240,15.5454,14.6241,-2.07074
240,16.0317,16.9768,-2.90365
239,16.0317,16.9768,-2.90365
240,19.7871,20.5161,-1.97057
239,19.7871,20.5161,-1.97057
240,25.5119,18.014,-1.82845
239,25.5119,18.014,-1.82845
240,23.1822,16.2098,-1.5565
239,23.1822,16.2098,-1.5565
240,21.0788,14.8939,-1.16427
239,21.0788,14.8939,-1.16427
240,19.7207,14.0862,-1.01072
239,19.7207,14.0862,-1.01072
240,23.2694,16.2565,-1.63748
239,23.2694,16.2565,-1.63748
240,24.2738,15.1425,2.23291
239,24.2738,15.1425,2.23291
240,27.1401,14.3994,2.9989
239,27.1401,14.3994,2.9989
240,25.8282,13.9357,2.8476
239,25.8282,13.9357,2.8476
240,17.5027,18.8774,-3.7164
239,17.5027,18.8774,-3.7164
240,15.6259,16.2924,-2.5227
239,15.6259,16.2924,-2.5227
240,17.6252,15.1427,0.148607
239,17.6252,15.1427,0.148607
240,22.6842,18.6455,-2.1117
239,22.6842,18.6455,-2.1117
240,23.0325,14.1099,2.02346
239,23.0325,14.1099,2.02346
240,23.7042,14.0887,2.15364
239,23.7042,14.0887,2.15364
240,25.8652,14.9963,2.47408
239,25.8652,14.9963,2.47408
240,27.2286,14.7827,3.17286
239,27.2286,14.7827,3.17286
240,26.2595,14.1324,2.14824
239,26.2595,14.1324,2.14824
240,25.8465,13.9716,2.25981
239,25.8465,13.9716,2.25981
240,25.3246,13.9917,2.40904
239,25.3246,13.9917,2.40904
240,15.8063,14.9314,-1.70787
239,15.8063,14.9314,-1.70787
240,18.5639,19.1685,-1.56375
239,18.5639,19.1685,-1.56375
240,16.5921,17.2241,-2.99897
239,16.5921,17.2241,-2.99897
240,23.7285,16.3063,-1.63543
239,23.7285,16.3063,-1.63543
240,20.7421,13.9181,2.39518
239,20.7421,13.9181,2.39518
240,20.5604,13.9254,2.37232
239,20.5604,13.9254,2.37232
240,25.1574,14.7431,2.16802
239,25.1574,14.7431,2.16802
240,22.7854,14.1436,2.01527
239,22.7854,14.1436,2.01527
240,17.8219,14.2462,2.01384
239,17.8219,14.2462,2.01384
240,24.8286,13.801,2.78393
239,24.8286,13.801,2.78393
240,17.8138,13.8307,-0.920869
239,17.8138,13.8307,-0.920869
240,23.7639,13.7776,2.7336
239,23.7639,13.7776,2.7336
240,24.3959,14.7286,2.95095
239,24.3959,14.7286,2.95095
240,20.9175,14.2494,2.46669
239,20.9175,14.2494,2.46669
240,21.6115,18.3549,-1.45145
239,21.6115,18.3549,-1.45145
240,15.575,15.0114,-1.69482
239,15.575,15.0114,-1.69482
240,18.7046,14.307,2.09902
239,18.7046,14.307,2.09902
240,17.453,13.4225,1.90276
239,17.453,13.4225,1.90276
240,20.484,16.8148,-1.60607
239,20.484,16.8148,-1.60607
240,16.2825,17.1064,-2.96141
239,16.2825,17.1064,-2.96141
240,16.1347,16.9425,-2.85174
239,16.1347,16.9425,-2.85174
240,21.7348,17.8557,-1.88324
239,21.7348,17.8557,-1.88324
240,30.0006,20.8724,-2.56074
239,30.0006,20.8724,-2.56074
240,20.7376,13.2238,1.79254
239,20.7376,13.2238,1.79254
240,17.4651,19.1524,-2.78348
239,17.4651,19.1524,-2.78348
240,16.9711,17.8483,-1.98727
239,16.9711,17.8483,-1.98727
240,18.285,19.181,-1.65139
239,18.285,19.181,-1.65139
240,17.6839,14.6219,-1.05161
239,17.6839,14.6219,-1.05161
240,18.386,14.652,2.28958
239,18.386,14.652,2.28958
240,18.2848,14.442,2.57806
239,18.2848,14.442,2.57806
240,18.6704,14.6949,2.18285
239,18.6704,14.6949,2.18285
240,20.1074,15.5698,2.52978
239,20.1074,15.5698,2.52978
240,18.6615,14.2772,2.09575
239,18.6615,14.2772,2.09575
240,25.7018,15.2277,3.21963
239,25.7018,15.2277,3.21963
240,24.2805,14.3188,2.30979
239,24.2805,14.3188,2.30979
240,26.2604,14.3198,2.62181
239,26.2604,14.3198,2.62181
240,19.4985,15.8944,2.48638
239,19.4985,15.8944,2.48638
240,25.4365,15.3278,2.56443
239,25.4365,15.3278,2.56443
240,18.2199,18.9221,-1.39429
239,18.2199,18.9221,-1.39429
240,15.4185,14.4793,-1.02275
239,15.4185,14.4793,-1.02275
240,16.3465,14.0321,-0.847257
239,16.3465,14.0321,-0.847257
240,24.8357,16.9648,-1.82049
239,24.8357,16.9648,-1.82049
240,23.8054,16.5513,-1.65458
239,23.8054,16.5513,-1.65458
240,27.0288,14.3871,2.58675
239,27.0288,14.3871,2.58675
240,18.4754,18.6363,-1.51891
239,18.4754,18.6363,-1.51891
240,21.6541,17.0205,3.40218
239,21.6541,17.0205,3.40218
240,21.5799,16.3642,2.5979
239,21.5799,16.3642,2.5979
240,22.5863,15.948,-1.53505
239,22.5863,15.948,-1.53505
240,23.6927,14.2597,2.34931
239,23.6927,14.2597,2.34931
240,16.5078,13.6038,1.82698
239,16.5078,13.6038,1.82698
240,16.5795,14.1725,0.222764
239,16.5795,14.1725,0.222764
240,15.6372,14.7593,-1.62448
239,15.6372,14.7593,-1.62448
240,27.3877,16.6819,-1.80366
239,27.3877,16.6819,-1.80366
240,24.6876,17.0194,-1.89214
239,24.6876,17.0194,-1.89214
240,19.6473,16.0172,2.48442
239,19.6473,16.0172,2.48442
240,19.7741,16.1217,2.54397
239,19.7741,16.1217,2.54397
240,17.3245,13.4732,-0.811155
239,17.3245,13.4732,-0.811155
240,19.4074,15.2569,2.32495
239,19.4074,15.2569,2.32495
240,18.8471,14.7265,2.19766
239,18.8471,14.7265,2.19766
240,22.9481,16.4333,-1.42599
239,22.9481,16.4333,-1.42599
240,23.1878,14.2844,2.0149
239,23.1878,14.2844,2.0149
240,22.997,14.2867,2.04087
239,22.997,14.2867,2.04087
240,23.9449,13.8912,2.04981
239,23.9449,13.8912,2.04981
240,30.2813,15.612,3.49696
239,30.2813,15.612,3.49696
240,15.657,16.4411,-1.85496
239,15.657,16.4411,-1.85496
240,26.5354,15.9507,2.42562
239,26.5354,15.9507,2.42562
240,22.3708,14.2484,2.03841
239,22.3708,14.2484,2.03841
240,21.1922,12.2854,1.69425
239,21.1922,12.2854,1.69425
240,26.6116,14.2639,2.20897
239,26.6116,14.2639,2.20897
240,23.0233,16.679,-1.75462
239,23.0233,16.679,-1.75462
240,17.3733,14.3406,2.6386
239,17.3733,14.3406,2.6386
240,23.9696,14.2855,2.08926
239,23.9696,14.2855,2.08926
240,22.9853,16.555,-1.58877
239,22.9853,16.555,-1.58877
240,26.7634,16.4449,-1.7133
239,26.7634,16.4449,-1.7133
240,17.2669,14.4977,0.374535
239,17.2669,14.4977,0.374535
240,30.8265,20.731,-2.95945
239,30.8265,20.731,-2.95945
240,26.1426,11.6478,-1.54285
239,26.1426,11.6478,-1.54285
240,18.3941,19.1043,-1.41916
239,18.3941,19.1043,-1.41916
240,14.9509,15.3075,-1.28231
239,14.9509,15.3075,-1.28231
240,18.4957,15.2426,-1.27199
239,18.4957,15.2426,-1.27199
240,22.3631,17.2333,-1.88715
239,22.3631,17.2333,-1.88715
240,18.6414,14.6687,2.17927
239,18.6414,14.6687,2.17927
240,24.9072,15.185,2.24858
239,24.9072,15.185,2.24858
240,23.4602,14.1901,2.78986
239,23.4602,14.1901,2.78986
240,29.5707,15.3491,3.41335
239,29.5707,15.3491,3.41335
240,20.4939,12.8697,2.32841
239,20.4939,12.8697,2.32841
240,23.0063,17.1987,-1.88618
239,23.0063,17.1987,-1.88618
240,18.3104,14.3744,2.65992
239,18.3104,14.3744,2.65992
240,18.7614,15.4845,2.98844
239,18.7614,15.4845,2.98844
240,22.3531,14.2282,2.64857
239,22.3531,14.2282,2.64857
240,21.3097,14.2367,2.555
239,21.3097,14.2367,2.555
240,23.8323,14.5821,2.0785
239,23.8323,14.5821,2.0785
240,18.0042,18.7515,-1.46441
239,18.0042,18.7515,-1.46441
240,24.844,17.0355,-1.81964
239,24.844,17.0355,-1.81964
240,22.3937,15.8723,-0.243157
239,22.3937,15.8723,-0.243157
240,40.5933,12.4647,1.65748
239,40.5933,12.4647,1.65748
240,14.5479,13.4883,-1.12988
239,14.5479,13.4883,-1.12988
240,14.8434,13.8373,-1.23449
239,14.8434,13.8373,-1.23449
240,17.4385,17.8356,-1.27031
239,17.4385,17.8356,-1.27031
240,19.2202,15.3514,2.89095
239,19.2202,15.3514,2.89095
240,19.1409,15.2966,2.96251
239,19.1409,15.2966,2.96251
240,18.989,13.1737,2.20125
239,18.989,13.1737,2.20125
240,21.5172,14.5866,2.64919
239,21.5172,14.5866,2.64919
240,18.1674,12.6068,1.54886
239,18.1674,12.6068,1.54886
240,26.1474,15.81,2.33802
239,26.1474,15.81,2.33802
240,25.4264,15.4849,2.36318
239,25.4264,15.4849,2.36318
240,21.8595,13.6693,1.87599
239,21.8595,13.6693,1.87599
240,17.4314,11.6957,1.46322
239,17.4314,11.6957,1.46322
240,20.032,15.2729,2.97009
239,20.032,15.2729,2.97009
240,15.2937,14.4743,-0.876079
239,15.2937,14.4743,-0.876079
240,25.0654,14.2968,2.31488
239,25.0654,14.2968,2.31488
240,16.9715,18.1923,-1.81365
239,16.9715,18.1923,-1.81365
240,17.4509,14.3589,2.64589
239,17.4509,14.3589,2.64589
240,17.2946,13.7552,1.90012
239,17.2946,13.7552,1.90012
240,22.4809,13.2441,2.5108
239,22.4809,13.2441,2.5108
240,23.356,13.9783,2.75185
239,23.356,13.9783,2.75185
240,22.5121,13.6302,1.99062
239,22.5121,13.6302,1.99062
240,15.6315,15.4339,-1.11997
239,15.6315,15.4339,-1.11997
240,19.5209,15.2783,2.97977
239,19.5209,15.2783,2.97977
240,15.4463,14.5999,-0.611181
239,15.4463,14.5999,-0.611181
240,22.2352,15.4854,-1.37244
239,22.2352,15.4854,-1.37244
240,44.7223,12.6934,-1.19386
239,44.7223,12.6934,-1.19386
240,17.9001,14.4086,2.5821
239,17.9001,14.4086,2.5821
240,18.6379,14.9917,2.82906
239,18.6379,14.9917,2.82906
240,16.9643,18.0103,-3.27378
239,16.9643,18.0103,-3.27378
240,18.5753,14.7376,2.76531
239,18.5753,14.7376,2.76531
240,19.1106,14.9317,2.85062
239,19.1106,14.9317,2.85062
240,17.3201,14.1179,2.01304
239,17.3201,14.1179,2.01304
240,19.5127,15.2576,2.39175
239,19.5127,15.2576,2.39175
240,19.3785,15.3702,2.26877
239,19.3785,15.3702,2.26877
240,19.4126,15.1921,2.48569
239,19.4126,15.1921,2.48569
240,18.4644,15.2528,2.51564
239,18.4644,15.2528,2.51564
240,17.815,14.7977,2.57997
239,17.815,14.7977,2.57997
240,26.4883,15.782,3.38243
239,26.4883,15.782,3.38243
240,19.3226,13.2326,1.64561
239,19.3226,13.2326,1.64561
240,19.7828,20.506,-1.79358
239,19.7828,20.506,-1.79358
240,17.1413,16.6171,-2.20159
239,17.1413,16.6171,-2.20159
240,16.303,17.4678,-2.17635
239,16.303,17.4678,-2.17635
240,15.8868,16.9594,-2.86075
239,15.8868,16.9594,-2.86075
240,19.0433,13.2518,1.62094
239,19.0433,13.2518,1.62094
240,21.8586,14.7733,2.69884
239,21.8586,14.7733,2.69884
240,18.2149,15.0022,2.85744
239,18.2149,15.0022,2.85744
240,21.2541,16.146,3.26516
239,21.2541,16.146,3.26516
240,22.2118,13.1198,1.92413
239,22.2118,13.1198,1.92413
240,14.4264,16.0137,-1.84556
239,14.4264,16.0137,-1.84556
240,14.9767,15.1484,-2.08675
239,14.9767,15.1484,-2.08675
240,17.837,14.5682,2.10945
239,17.837,14.5682,2.10945
240,16.2262,13.2888,1.93754
239,16.2262,13.2888,1.93754
240,20.3822,16.1403,3.27331
239,20.3822,16.1403,3.27331
240,17.9167,14.4249,2.64752
239,17.9167,14.4249,2.64752
240,26.5872,14.8353,3.12852
239,26.5872,14.8353,3.12852
240,20.0992,15.7089,2.623
239,20.0992,15.7089,2.623
240,16.1255,13.2735,2.01162
239,16.1255,13.2735,2.01162
240,20.4846,17.2513,-1.04643
239,20.4846,17.2513,-1.04643
240,18.2935,15.0533,2.87244
239,18.2935,15.0533,2.87244
240,16.7111,12.9782,1.81813
239,16.7111,12.9782,1.81813
240,23.0536,17.4328,3.70025
239,23.0536,17.4328,3.70025
240,18.5692,14.7342,2.13844
239,18.5692,14.7342,2.13844
240,18.5814,12.9903,1.56081
239,18.5814,12.9903,1.56081
240,14.912,12.7684,-0.523038
239,14.912,12.7684,-0.523038
240,16.605,14.385,-0.922701
239,16.605,14.385,-0.922701
240,18.2373,11.2613,1.76438
239,18.2373,11.2613,1.76438
240,21.6649,12.5359,2.24096
239,21.6649,12.5359,2.24096
240,19.2654,14.1589,-0.949724
239,19.2654,14.1589,-0.949724
240,27.5226,19.5309,-2.42587
239,27.5226,19.5309,-2.42587
240,31.971,16.2658,2.89993
239,31.971,16.2658,2.89993
240,17.8159,14.4376,2.55313
239,17.8159,14.4376,2.55313
240,18.0243,14.8453,2.66551
239,18.0243,14.8453,2.66551
240,16.3589,13.3239,1.80635
239,16.3589,13.3239,1.80635
240,23.8802,14.9138,2.95031
239,23.8802,14.9138,2.95031
240,18.0636,12.6397,2.04119
239,18.0636,12.6397,2.04119
240,20.2632,15.4121,2.97698
239,20.2632,15.4121,2.97698
240,18.9053,14.1323,-0.748866
239,18.9053,14.1323,-0.748866
240,15.8873,13.7694,-0.80466
238,15.8873,13.7694,-0.80466
240,15.8196,16.538,-1.84007
238,15.8196,16.538,-1.84007
240,26.2973,17.1073,-1.79827
238,26.2973,17.1073,-1.79827
240,31.563,20.0492,-2.61808
238,31.563,20.0492,-2.61808
240,26.1192,14.7503,2.64083
238,26.1192,14.7503,2.64083
240,20.5677,14.7469,-1.01915
238,20.5677,14.7469,-1.01915
240,17.7455,14.8081,-1.1508
238,17.7455,14.8081,-1.1508
240,15.559,13.4603,-0.781047
238,15.559,13.4603,-0.781047
240,23.1772,18.5687,-1.52803
238,23.1772,18.5687,-1.52803
240,17.1247,13.1996,1.87329
238,17.1247,13.1996,1.87329
240,24.9041,14.5958,2.53846
238,24.9041,14.5958,2.53846
240,23.508,13.6893,2.46111
238,23.508,13.6893,2.46111
240,18.5865,14.2008,2.61507
238,18.5865,14.2008,2.61507
240,24.4046,13.436,2.65843
238,24.4046,13.436,2.65843
240,26.5733,14.4685,2.48882
238,26.5733,14.4685,2.48882
240,26.8817,14.4547,2.65274
238,26.8817,14.4547,2.65274
240,16.476,14.0573,0.243314
238,16.476,14.0573,0.243314
240,27.5419,14.7926,2.30815
238,27.5419,14.7926,2.30815
240,18.6604,15.3215,2.40942
238,18.6604,15.3215,2.40942
240,25.8979,14.2024,2.3996
238,25.8979,14.2024,2.3996
240,26.6539,14.4604,2.31646
238,26.6539,14.4604,2.31646
240,25.808,15.1119,2.2794
238,25.808,15.1119,2.2794
240,15.8803,16.9148,-2.12365
238,15.8803,16.9148,-2.12365
240,24.8059,16.2679,-1.57689
238,24.8059,16.2679,-1.57689
240,25.6671,14.0795,2.22148
238,25.6671,14.0795,2.22148
240,21.5067,12.5285,1.89125
238,21.5067,12.5285,1.89125
240,29.3208,15.2884,2.51463
238,29.3208,15.2884,2.51463
240,22.7022,14.0601,2.01426
238,22.7022,14.0601,2.01426
240,49.8282,26.1452,7.13831
238,49.8282,26.1452,7.13831
240,22.8173,14.3671,2.84944
238,22.8173,14.3671,2.84944
240,14.1241,13.9553,-0.754543
238,14.1241,13.9553,-0.754543
240,22.3689,15.1103,2.7842
238,22.3689,15.1103,2.7842
240,18.2177,20.3843,-4.23433
238,18.2177,20.3843,-4.23433
240,60.1006,41.2926,-8.62783
238,60.1006,41.2926,-8.62783
240,15.3007,14.4825,-0.948878
238,15.3007,14.4825,-0.948878
240,15.5081,14.5685,-1.51017
237,15.5081,14.5685,-1.51017
240,27.6999,15.7766,-1.6578
237,27.6999,15.7766,-1.6578
240,15.9609,16.2858,-1.36437
237,15.9609,16.2858,-1.36437
240,23.5799,18.1995,-1.43587
237,23.5799,18.1995,-1.43587
240,25.0644,16.1961,-1.59735
237,25.0644,16.1961,-1.59735
240,19.6659,13.5486,2.27511
237,19.6659,13.5486,2.27511
240,24.1694,13.8439,2.21399
237,24.1694,13.8439,2.21399
240,20.1296,13.8268,2.38074
237,20.1296,13.8268,2.38074
240,16.4839,17.1802,-1.77744
237,16.4839,17.1802,-1.77744
240,21.845,17.0417,-1.66688
237,21.845,17.0417,-1.66688
240,23.1211,17.8979,-1.36609
237,23.1211,17.8979,-1.36609
240,23.8429,19.1576,-1.60104
237,23.8429,19.1576,-1.60104
240,16.346,16.189,-0.996274
237,16.346,16.189,-0.996274
240,23.1886,14.232,2.8639
237,23.1886,14.232,2.8639
240,18.3788,14.8387,2.06898
237,18.3788,14.8387,2.06898
240,27.065,20.3324,-1.50393
237,27.065,20.3324,-1.50393
240,16.378,17.0821,-2.04242
237,16.378,17.0821,-2.04242
240,15.2356,14.2696,-1.41986
237,15.2356,14.2696,-1.41986
240,22.0955,17.2089,-1.7705
237,22.0955,17.2089,-1.7705
240,26.3568,14.6659,2.28285
237,26.3568,14.6659,2.28285
240,22.914,13.0882,2.03289
237,22.914,13.0882,2.03289
240,23.9801,14.388,2.91458
237,23.9801,14.388,2.91458
240,23.1793,14.2282,2.86671
237,23.1793,14.2282,2.86671
240,24.8562,13.8938,2.02318
237,24.8562,13.8938,2.02318
240,24.7103,13.8725,2.30681
237,24.7103,13.8725,2.30681
240,20.604,15.3788,-1.36324
237,20.604,15.3788,-1.36324
240,25.1216,14.0375,2.34225
237,25.1216,14.0375,2.34225
240,17.7704,18.7632,-1.94844
237,17.7704,18.7632,-1.94844
240,15.3225,15.7862,-1.26643
237,15.3225,15.7862,-1.26643
240,15.4281,15.988,-1.38718
235,15.4281,15.988,-1.38718
240,19.7301,14.9851,2.39613
235,19.7301,14.9851,2.39613
240,18.738,19.8546,-1.52852
235,18.738,19.8546,-1.52852
240,17.0686,13.8506,1.87602
235,17.0686,13.8506,1.87602
240,16.2833,17.275,-1.68496
235,16.2833,17.275,-1.68496
240,40.5155,13.1816,2.99152
235,40.5155,13.1816,2.99152
240,23.6821,14.8835,2.27449
235,23.6821,14.8835,2.27449
240,27.3313,14.8524,2.6139
233,27.3313,14.8524,2.6139
240,13.6424,13.3385,-1.51325
233,13.6424,13.3385,-1.51325
240,23.5546,14.1201,2.07001
233,23.5546,14.1201,2.07001
240,13.8588,13.6648,-1.61843
233,13.8588,13.6648,-1.61843
240,15.2441,15.7894,-2.13303
233,15.2441,15.7894,-2.13303
240,25.961,14.9531,-1.30786
227,25.961,14.9531,-1.30786
240,23.9049,13.7316,2.08495
227,23.9049,13.7316,2.08495
240,27.1,15.3323,-1.41339
225,27.1,15.3323,-1.41339
240,28.8501,15.8118,2.79567
225,28.8501,15.8118,2.79567
241,14.9941,10.749,-1.69236
241,15.0444,10.7954,-1.79427
241,15.0833,10.7849,-1.72322
241,15.0751,10.8077,-1.71574
241,15.1465,10.8341,-1.77064
241,15.155,10.8402,-1.75619
241,15.0615,10.9771,-1.73113
241,15.0665,10.9773,-1.75297
241,15.1912,10.8466,-1.79347
241,15.1002,10.9556,-1.81892
241,15.2626,11.1081,-1.84522
241,14.1278,14.2038,1.16926
241,15.1188,12.7034,-1.63987
241,15.1833,12.7722,-1.65002
241,15.2407,12.8295,-1.68292
241,15.2885,12.8692,-1.72243
241,15.7056,13.4838,0.147362
241,15.8106,13.5251,0.16035
241,16.5629,13.7085,2.42362
241,16.351,13.453,0.701278
241,15.8285,13.6186,-0.390741
241,14.118,15.064,-1.72473
241,14.1576,15.2247,-1.75421
241,16.4044,13.8749,0.483445
241,16.2769,13.9799,0.269085
241,16.7335,13.7449,0.695102
241,16.78,13.7816,0.709446
241,16.642,13.8025,0.275039
241,15.5911,14.7232,-0.137003
241,15.5652,14.7485,-0.138109
241,15.619,14.7274,-0.138743
241,16.4289,14.0896,0.278327
241,15.6346,14.772,-0.143652
241,15.635,14.7924,-0.136865
241,16.835,13.8245,0.360584
241,15.408,14.4371,-1.98023
241,15.4957,15.0358,-0.0475972
241,15.5763,14.6569,-0.91552
241,15.3474,14.5063,-2.00475
241,14.2114,15.7521,-1.72171
241,14.262,15.7043,-1.73326
241,14.2446,15.7429,-1.70243
241,15.5896,14.6648,-0.967065
241,17.3552,14.0466,1.90829
241,17.0713,13.8149,0.388152
241,14.2985,15.8787,-1.7568
241,15.8075,14.9401,-1.14969
239,15.8075,14.9401,-1.14969
241,22.3659,15.6985,-1.45086
239,22.3659,15.6985,-1.45086
241,24.7948,18.5355,-1.54439
239,24.7948,18.5355,-1.54439
241,23.2798,16.3739,-1.64561
239,23.2798,16.3739,-1.64561
241,19.1162,19.6521,-1.78275
239,19.1162,19.6521,-1.78275
241,21.7945,15.6418,-1.22671
239,21.7945,15.6418,-1.22671
241,25.8195,15.9311,-1.57415
239,25.8195,15.9311,-1.57415
241,15.7446,14.8372,-1.0698
239,15.7446,14.8372,-1.0698
241,15.7899,14.9268,-1.00058
239,15.7899,14.9268,-1.00058
241,19.2989,20.4767,-1.94283
239,19.2989,20.4767,-1.94283
241,18.8056,19.4644,-1.63623
239,18.8056,19.4644,-1.63623
241,17.633,17.7528,-1.37444
239,17.633,17.7528,-1.37444
241,18.928,15.4076,2.22035
239,18.928,15.4076,2.22035
241,17.1818,13.9843,2.03781
239,17.1818,13.9843,2.03781
241,27.3834,16.826,-1.85506
239,27.3834,16.826,-1.85506
241,24.0292,14.5351,2.89066
239,24.0292,14.5351,2.89066
241,19.0697,20.0507,-1.60588
239,19.0697,20.0507,-1.60588
241,18.2103,18.2978,-1.43663
239,18.2103,18.2978,-1.43663
241,22.149,15.5659,-1.40949
239,22.149,15.5659,-1.40949
241,15.8106,13.6837,-0.807851
239,15.8106,13.6837,-0.807851
241,19.9173,15.646,2.54089
239,19.9173,15.646,2.54089
241,26.3051,14.7453,2.74408
239,26.3051,14.7453,2.74408
241,25.0595,14.9971,2.65924
239,25.0595,14.9971,2.65924
241,25.8252,19.3435,-1.31435
239,25.8252,19.3435,-1.31435
241,24.0856,16.511,-1.71047
239,24.0856,16.511,-1.71047
241,17.8631,14.4529,2.21595
239,17.8631,14.4529,2.21595
241,15.8274,16.6931,-1.93031
239,15.8274,16.6931,-1.93031
241,16.2365,17.2906,-2.08328
239,16.2365,17.2906,-2.08328
241,19.081,20.1916,-1.73213
239,19.081,20.1916,-1.73213
241,21.6748,17.5493,2.94158
239,21.6748,17.5493,2.94158
241,19.6669,15.9128,2.57819
239,19.6669,15.9128,2.57819
241,26.8179,14.3431,3.02279
239,26.8179,14.3431,3.02279
241,19.3246,15.4036,3.02668
239,19.3246,15.4036,3.02668
241,23.1635,14.267,2.02535
239,23.1635,14.267,2.02535
241,24.7328,15.0971,2.23919
239,24.7328,15.0971,2.23919
241,15.9886,16.6577,-2.74582
239,15.9886,16.6577,-2.74582
241,18.799,13.8143,-0.718907
239,18.799,13.8143,-0.718907
241,18.7142,15.2842,2.22694
239,18.7142,15.2842,2.22694
241,24.7554,14.2199,2.14445
239,24.7554,14.2199,2.14445
241,23.4246,14.4533,2.91701
239,23.4246,14.4533,2.91701
241,23.9204,15.0053,2.24533
239,23.9204,15.0053,2.24533
241,21.7307,18.143,-1.263
239,21.7307,18.143,-1.263
241,24.0341,20.2663,-1.69675
239,24.0341,20.2663,-1.69675
241,27.8202,16.9617,-1.85929
239,27.8202,16.9617,-1.85929
241,17.9552,18.6085,-0.448839
239,17.9552,18.6085,-0.448839
241,46.2524,25.577,-4.40012
239,46.2524,25.577,-4.40012
241,26.5398,19.7152,-1.83781
239,26.5398,19.7152,-1.83781
241,15.6024,14.77,-0.635384
239,15.6024,14.77,-0.635384
241,31.3174,20.8113,-2.91456
239,31.3174,20.8113,-2.91456
241,19.7021,15.0053,2.92746
239,19.7021,15.0053,2.92746
241,26.2891,14.33,2.1688
239,26.2891,14.33,2.1688
241,17.8045,14.1372,2.32347
239,17.8045,14.1372,2.32347
241,18.962,14.9045,2.2536
239,18.962,14.9045,2.2536
241,28.6386,14.9357,3.20187
239,28.6386,14.9357,3.20187
241,15.8871,16.6943,-1.65602
239,15.8871,16.6943,-1.65602
241,19.1789,20.1453,-1.74841
239,19.1789,20.1453,-1.74841
241,19.5207,20.5915,-1.69404
239,19.5207,20.5915,-1.69404
241,25.646,14.0044,2.5358
239,25.646,14.0044,2.5358
241,15.0175,15.3628,-2.34959
239,15.0175,15.3628,-2.34959
241,14.2458,14.4994,-1.86962
239,14.2458,14.4994,-1.86962
241,15.8637,16.4699,-2.65935
239,15.8637,16.4699,-2.65935
241,33.5664,16.8092,4.00575
239,33.5664,16.8092,4.00575
241,22.5649,14.8983,2.18574
239,22.5649,14.8983,2.18574
241,23.0158,15.1367,2.26412
239,23.0158,15.1367,2.26412
241,14.284,14.1675,-1.71572
239,14.284,14.1675,-1.71572
241,26.2467,20.0001,-2.69121
239,26.2467,20.0001,-2.69121
241,16.0652,13.1582,1.89924
239,16.0652,13.1582,1.89924
241,17.0727,14.0244,2.08979
239,17.0727,14.0244,2.08979
241,18.8923,14.9756,2.17645
239,18.8923,14.9756,2.17645
241,28.0651,19.3045,-2.59335
239,28.0651,19.3045,-2.59335
241,25.6282,14.9312,3.06068
239,25.6282,14.9312,3.06068
241,30.1686,16.8939,3.80218
239,30.1686,16.8939,3.80218
241,19.7198,22.0728,-4.86234
239,19.7198,22.0728,-4.86234
241,20.6117,12.799,1.81258
239,20.6117,12.799,1.81258
241,27.2163,15.1512,3.2056
239,27.2163,15.1512,3.2056
241,19.0445,15.7457,2.29532
239,19.0445,15.7457,2.29532
241,25.1364,17.2212,-1.86323
239,25.1364,17.2212,-1.86323
241,26.1146,16.1198,-1.59355
239,26.1146,16.1198,-1.59355
241,15.635,13.4427,-0.363745
239,15.635,13.4427,-0.363745
241,22.8304,15.3088,2.89317
239,22.8304,15.3088,2.89317
241,15.9747,17.0698,-2.919
239,15.9747,17.0698,-2.919
241,15.7718,16.1169,-1.55518
239,15.7718,16.1169,-1.55518
241,17.0777,12.0856,1.89271
239,17.0777,12.0856,1.89271
241,18.0239,12.612,2.05982
239,18.0239,12.612,2.05982
241,39.9148,22.5237,-3.48317
239,39.9148,22.5237,-3.48317
241,14.639,13.6651,-0.650362
239,14.639,13.6651,-0.650362
241,16.1969,15.5717,-1.12647
239,16.1969,15.5717,-1.12647
241,15.3398,14.4496,-0.991914
239,15.3398,14.4496,-0.991914
241,20.3477,16.3194,2.90112
239,20.3477,16.3194,2.90112
241,17.2533,19.0349,-3.61444
239,17.2533,19.0349,-3.61444
241,17.3896,14.1687,2.02186
239,17.3896,14.1687,2.02186
241,18.6906,15.2403,2.26509
239,18.6906,15.2403,2.26509
241,16.8505,13.8169,2.0562
239,16.8505,13.8169,2.0562
241,30.7896,15.8593,2.67375
239,30.7896,15.8593,2.67375
241,20.8529,13.4975,1.93043
239,20.8529,13.4975,1.93043
241,19.7791,16.2677,2.72299
239,19.7791,16.2677,2.72299
241,22.1702,17.3557,-1.81485
239,22.1702,17.3557,-1.81485
241,15.0227,15.0442,-1.19016
239,15.0227,15.0442,-1.19016
241,29.192,19.6536,-2.53924
239,29.192,19.6536,-2.53924
241,26.8454,17.2987,-1.85569
239,26.8454,17.2987,-1.85569
241,20.2602,13.7361,1.74583
239,20.2602,13.7361,1.74583
241,25.1601,13.7602,2.73773
239,25.1601,13.7602,2.73773
241,16.9747,10.9573,1.37117
239,16.9747,10.9573,1.37117
241,26.1403,14.3944,2.46533
239,26.1403,14.3944,2.46533
241,25.9878,14.5969,3.02117
239,25.9878,14.5969,3.02117
241,16.9475,13.8961,2.08868
239,16.9475,13.8961,2.08868
241,18.4096,15.277,2.35596
239,18.4096,15.277,2.35596
241,19.0871,15.3775,2.29284
239,19.0871,15.3775,2.29284
241,13.077,10.5688,1.3271
239,13.077,10.5688,1.3271
241,22.5029,17.004,3.39547
239,22.5029,17.004,3.39547
241,25.4085,19.7263,-1.75044
239,25.4085,19.7263,-1.75044
241,14.6391,15.0263,-2.1059
239,14.6391,15.0263,-2.1059
241,19.4044,14.9492,-1.21026
239,19.4044,14.9492,-1.21026
241,16.9677,14.03,1.90636
239,16.9677,14.03,1.90636
241,24.3989,13.9049,2.1422
239,24.3989,13.9049,2.1422
241,22.5078,13.7435,2.05728
239,22.5078,13.7435,2.05728
241,16.6699,13.5769,1.88258
239,16.6699,13.5769,1.88258
241,17.2888,14.3036,1.98604
239,17.2888,14.3036,1.98604
241,14.1828,11.5307,1.39904
239,14.1828,11.5307,1.39904
241,17.9336,14.2769,2.25693
239,17.9336,14.2769,2.25693
241,19.3471,13.3538,2.27471
239,19.3471,13.3538,2.27471
241,19.3886,14.8469,2.3142
239,19.3886,14.8469,2.3142
241,18.7943,18.7455,-1.57095
240,18.7943,18.7455,-1.57095
241,16.4957,15.7137,-1.33945
240,16.4957,15.7137,-1.33945
241,24.8467,14.2087,2.28871
240,24.8467,14.2087,2.28871
241,19.1845,14.0382,-1.02005
240,19.1845,14.0382,-1.02005
241,23.3331,16.6868,-1.5299
240,23.3331,16.6868,-1.5299
241,15.8383,16.6257,-1.56882
240,15.8383,16.6257,-1.56882
241,16.1981,16.9817,-3.1198
240,16.1981,16.9817,-3.1198
241,22.7881,16.4853,-1.58673
240,22.7881,16.4853,-1.58673
241,26.0731,18.6718,-2.27332
240,26.0731,18.6718,-2.27332
241,20.7677,13.9583,1.80231
240,20.7677,13.9583,1.80231
241,19.0626,13.2397,1.6134
240,19.0626,13.2397,1.6134
241,15.498,16.2851,-1.89252
240,15.498,16.2851,-1.89252
241,27.0373,15.7338,-1.56118
240,27.0373,15.7338,-1.56118
241,22.1672,14.6635,2.12093
240,22.1672,14.6635,2.12093
241,14.1984,14.1452,-1.67026
240,14.1984,14.1452,-1.67026
241,16.6648,11.9552,1.78637
240,16.6648,11.9552,1.78637
241,21.8064,13.9947,2.31094
240,21.8064,13.9947,2.31094
241,25.8895,14.3776,2.52703
240,25.8895,14.3776,2.52703
241,15.8007,16.4178,-2.87105
240,15.8007,16.4178,-2.87105
241,23.7903,13.2587,2.21715
240,23.7903,13.2587,2.21715
241,21.4944,12.9334,1.78735
240,21.4944,12.9334,1.78735
241,21.4759,14.3149,1.8685
240,21.4759,14.3149,1.8685
241,22.3207,14.2166,2.76917
240,22.3207,14.2166,2.76917
241,26.5505,17.0081,-1.80573
240,26.5505,17.0081,-1.80573
241,17.6604,14.2065,1.95265
240,17.6604,14.2065,1.95265
241,20.4906,16.0779,2.67236
240,20.4906,16.0779,2.67236
241,20.8378,21.167,-2.61548
240,20.8378,21.167,-2.61548
241,22.2232,14.6881,2.13716
240,22.2232,14.6881,2.13716
241,21.3697,14.5076,1.87216
240,21.3697,14.5076,1.87216
241,25.077,19.3324,-1.68338
240,25.077,19.3324,-1.68338
241,18.3994,19.0301,-2.11882
240,18.3994,19.0301,-2.11882
241,23.996,18.6356,-2.12232
240,23.996,18.6356,-2.12232
241,15.9662,16.7731,-1.47508
240,15.9662,16.7731,-1.47508
241,19.2213,14.6564,2.76614
240,19.2213,14.6564,2.76614
241,25.3419,14.0058,2.18057
240,25.3419,14.0058,2.18057
241,18.8472,15.3675,2.5436
240,18.8472,15.3675,2.5436
241,19.048,11.6303,1.72207
240,19.048,11.6303,1.72207
241,19.8069,15.625,3.13439
240,19.8069,15.625,3.13439
241,19.5378,15.5783,3.08471
240,19.5378,15.5783,3.08471
241,23.88,14.5558,2.97498
240,23.88,14.5558,2.97498
241,25.814,14.2647,2.48678
240,25.814,14.2647,2.48678
241,18.7394,15.3908,-1.18922
240,18.7394,15.3908,-1.18922
241,17.5092,17.6619,-1.34446
240,17.5092,17.6619,-1.34446
241,18.9878,15.0511,2.8335
240,18.9878,15.0511,2.8335
241,24.2986,13.7385,1.98124
240,24.2986,13.7385,1.98124
241,18.0229,19.5834,-4.24563
240,18.0229,19.5834,-4.24563
241,22.0615,16.8112,-0.859749
240,22.0615,16.8112,-0.859749
241,22.5737,13.6984,1.97285
240,22.5737,13.6984,1.97285
241,23.7969,14.3183,2.13202
240,23.7969,14.3183,2.13202
241,29.5316,17.771,-2.06276
240,29.5316,17.771,-2.06276
241,27.199,14.7892,3.15686
240,27.199,14.7892,3.15686
241,18.0215,19.1019,-2.0269
240,18.0215,19.1019,-2.0269
241,17.4594,11.0464,1.39143
240,17.4594,11.0464,1.39143
241,16.3958,17.3325,-1.58515
240,16.3958,17.3325,-1.58515
241,12.7334,12.288,-0.896389
240,12.7334,12.288,-0.896389
241,16.2875,15.6314,-1.83368
240,16.2875,15.6314,-1.83368
241,17.2312,17.9403,-1.84011
237,17.2312,17.9403,-1.84011
241,19.8509,16.438,-1.53296
237,19.8509,16.438,-1.53296
241,20.3943,16.9138,-1.65853
237,20.3943,16.9138,-1.65853
241,25.6957,14.5579,2.3502
237,25.6957,14.5579,2.3502
241,23.3972,14.3413,2.15271
237,23.3972,14.3413,2.15271
241,16.2807,17.2473,-1.92915
237,16.2807,17.2473,-1.92915
241,20.8706,17.391,-1.14924
237,20.8706,17.391,-1.14924
241,27.3912,14.5298,3.02729
237,27.3912,14.5298,3.02729
241,25.3122,14.8356,2.19864
237,25.3122,14.8356,2.19864
241,24.0903,16.637,-1.60493
237,24.0903,16.637,-1.60493
241,17.2744,18.0774,-1.79195
237,17.2744,18.0774,-1.79195
241,19.4974,15.1006,2.41532
237,19.4974,15.1006,2.41532
241,25.9766,14.4998,2.27273
237,25.9766,14.4998,2.27273
241,26.2256,14.425,2.45209
237,26.2256,14.425,2.45209
241,26.4452,14.2722,2.62727
237,26.4452,14.2722,2.62727
241,25.9896,11.6055,-1.48733
237,25.9896,11.6055,-1.48733
241,16.1081,15.4799,-0.792458
237,16.1081,15.4799,-0.792458
241,24.8231,13.9165,2.32658
237,24.8231,13.9165,2.32658
241,26.8965,19.8769,-1.77213
237,26.8965,19.8769,-1.77213
241,16.4159,14.113,0.264656
235,16.4159,14.113,0.264656
241,15.8448,16.7064,-1.98181
235,15.8448,16.7064,-1.98181
241,25.3394,14.2549,2.28978
235,25.3394,14.2549,2.28978
241,28.6718,17.5419,-2.0285
235,28.6718,17.5419,-2.0285
241,18.6482,15.41,2.39697
235,18.6482,15.41,2.39697
241,15.119,10.9567,-1.74712
235,15.119,10.9567,-1.74712
241,23.1203,14.1135,2.25441
235,23.1203,14.1135,2.25441
241,19.1023,15.8119,2.49618
235,19.1023,15.8119,2.49618
241,25.3572,11.4766,-1.42677
235,25.3572,11.4766,-1.42677
241,15.2162,15.6483,-1.25523
235,15.2162,15.6483,-1.25523
241,21.7067,15.1677,-1.28852
233,21.7067,15.1677,-1.28852
241,25.5869,14.4853,2.38161
233,25.5869,14.4853,2.38161
241,22.0273,14.8487,1.96522
233,22.0273,14.8487,1.96522
241,17.7851,18.0648,-1.29896
231,17.7851,18.0648,-1.29896
241,27.6272,15.7331,-1.54575
230,27.6272,15.7331,-1.54575
241,17.8662,18.144,-1.33337
230,17.8662,18.144,-1.33337
241,24.7496,14.1468,2.55358
227,24.7496,14.1468,2.55358
241,19.9565,16.265,-1.44163
229,19.9565,16.265,-1.44163
242,15.1203,10.837,-1.73498
242,15.2278,10.8491,-1.81863
242,15.2293,10.8843,-1.79681
242,15.2351,10.8893,-1.78086
242,15.1552,11.0183,-1.79324
242,15.7764,13.0344,2.22912
242,15.012,12.6628,-1.61012
242,15.0395,12.6755,-1.59648
242,15.0578,12.6526,-1.61773
242,15.0457,12.7649,-1.63532
242,15.159,12.7803,-1.63862
242,15.1642,12.8038,-1.70215
242,16.1325,13.4298,2.21092
242,15.5908,13.3915,0.187728
242,15.7939,13.5748,0.296183
242,15.7964,13.5781,0.312091
242,15.1508,14.276,-0.075305
242,15.9449,13.6962,0.294501
242,16.0059,13.765,0.296736
242,16.0675,13.7863,0.127718
242,16.1182,13.7542,0.157678
242,16.1369,13.8106,0.266131
242,15.8433,13.7225,-0.77636
242,15.324,14.459,-0.0976477
242,16.0455,13.813,-0.420242
242,17.0583,13.8888,2.01787
242,17.0889,13.9855,2.08622
242,16.3669,13.9627,0.122999
242,14.1112,15.3936,-1.62895
242,16.1277,13.948,-0.827822
242,16.1981,13.9528,-0.736129
242,16.1927,13.989,-0.727813
242,16.9675,13.7412,0.487997
242,14.1018,15.6684,-1.67002
242,16.264,14.0165,-0.854807
242,16.2841,14.0421,-0.744598
242,16.7829,13.9882,0.243883
242,16.7857,13.9919,0.261806
242,14.1183,15.7355,-1.66746
242,16.9561,13.8707,0.264876
242,15.416,14.4705,-2.02101
242,15.4274,14.4846,-1.98026
242,14.1799,15.7195,-1.70193
242,14.1845,15.72,-1.699
242,15.4484,14.5016,-1.99319
242,17.429,14.2531,2.2508
242,17.4081,14.1645,1.93365
242,15.7381,16.538,-1.94067
239,15.7381,16.538,-1.94067
242,15.6122,16.1199,-2.54795
239,15.6122,16.1199,-2.54795
242,20.7142,14.6929,-1.17039
239,20.7142,14.6929,-1.17039
242,20.1698,14.3354,-1.01838
239,20.1698,14.3354,-1.01838
242,18.6541,19.5208,-0.573473
239,18.6541,19.5208,-0.573473
242,31.0697,16.9541,-1.94391
239,31.0697,16.9541,-1.94391
242,18.3454,19.089,-1.42842
239,18.3454,19.089,-1.42842
242,24.1112,14.7342,2.4597
239,24.1112,14.7342,2.4597
242,23.8248,16.5606,-1.62308
239,23.8248,16.5606,-1.62308
242,24.5656,17.0634,-1.80104
239,24.5656,17.0634,-1.80104
242,26.8629,18.874,-2.04821
239,26.8629,18.874,-2.04821
242,15.4876,14.5256,-0.975615
239,15.4876,14.5256,-0.975615
242,15.7371,14.8744,-1.66556
239,15.7371,14.8744,-1.66556
242,26.0663,16.9741,-1.76906
239,26.0663,16.9741,-1.76906
242,24.1166,16.5382,-1.7045
239,24.1166,16.5382,-1.7045
242,26.5443,16.2939,-1.67948
239,26.5443,16.2939,-1.67948
242,20.687,13.9882,2.38889
239,20.687,13.9882,2.38889
242,24.5533,14.9389,2.62872
239,24.5533,14.9389,2.62872
242,19.7315,14.9799,2.46712
239,19.7315,14.9799,2.46712
242,14.5888,16.3272,-1.93686
239,14.5888,16.3272,-1.93686
242,28.4345,23.6208,-3.54717
239,28.4345,23.6208,-3.54717
242,16.3243,16.925,-1.72514
239,16.3243,16.925,-1.72514
242,19.1835,15.8355,2.59333
239,19.1835,15.8355,2.59333
242,25.49,17.8817,-2.14351
239,25.49,17.8817,-2.14351
242,23.9925,14.7557,2.15304
239,23.9925,14.7557,2.15304
242,21.8561,13.6452,2.24907
239,21.8561,13.6452,2.24907
242,15.3996,16.0106,-1.65494
239,15.3996,16.0106,-1.65494
242,19.169,15.2924,2.53533
239,19.169,15.2924,2.53533
242,26.7105,18.2411,-2.22777
239,26.7105,18.2411,-2.22777
242,28.6043,17.442,-2.03323
239,28.6043,17.442,-2.03323
242,20.767,17.0988,2.53848
239,20.767,17.0988,2.53848
242,18.9839,14.9308,2.85166
239,18.9839,14.9308,2.85166
242,24.8266,14.6131,2.19784
239,24.8266,14.6131,2.19784
242,25.0764,18.6931,-1.60484
239,25.0764,18.6931,-1.60484
242,16.0501,16.6144,-1.88651
239,16.0501,16.6144,-1.88651
242,21.9236,17.1165,-1.67571
239,21.9236,17.1165,-1.67571
242,18.0876,14.8382,2.03711
239,18.0876,14.8382,2.03711
242,18.4269,19.3168,-1.57026
239,18.4269,19.3168,-1.57026
242,18.7053,19.6811,-1.61923
239,18.7053,19.6811,-1.61923
242,25.726,18.1542,-2.05331
239,25.726,18.1542,-2.05331
242,29.5037,19.8724,-2.67364
239,29.5037,19.8724,-2.67364
242,31.3473,20.9638,-2.95022
239,31.3473,20.9638,-2.95022
242,22.7437,15.7971,-1.4823
239,22.7437,15.7971,-1.4823
242,23.7434,16.3752,-1.63187
239,23.7434,16.3752,-1.63187
242,20.0011,16.6498,-1.08102
239,20.0011,16.6498,-1.08102
242,22.8786,19.1197,-1.61166
239,22.8786,19.1197,-1.61166
242,27.5484,15.7881,3.4196
239,27.5484,15.7881,3.4196
242,16.2183,17.1832,-1.79406
239,16.2183,17.1832,-1.79406
242,15.9086,16.8013,-1.95274
239,15.9086,16.8013,-1.95274
242,16.9192,14.0303,2.33224
239,16.9192,14.0303,2.33224
242,22.8389,14.4823,2.1038
239,22.8389,14.4823,2.1038
242,21.0845,13.3895,1.82995
239,21.0845,13.3895,1.82995
242,23.9924,14.7557,2.15303
239,23.9924,14.7557,2.15303
242,26.3679,15.8701,2.42957
239,26.3679,15.8701,2.42957
242,23.7077,14.3915,2.18568
239,23.7077,14.3915,2.18568
242,17.8201,14.6189,1.97575
239,17.8201,14.6189,1.97575
242,20.7919,17.0963,2.51606
239,20.7919,17.0963,2.51606
242,19.0999,15.2938,2.52929
239,19.0999,15.2938,2.52929
242,23.6359,14.8841,2.16832
239,23.6359,14.8841,2.16832
242,24.0938,15.8802,2.95111
239,24.0938,15.8802,2.95111
242,17.1932,17.2602,-1.56896
239,17.1932,17.2602,-1.56896
242,15.4844,14.6337,-0.589879
239,15.4844,14.6337,-0.589879
242,23.169,18.6526,-1.52209
239,23.169,18.6526,-1.52209
242,26.8448,14.3616,3.02974
239,26.8448,14.3616,3.02974
242,19.0131,21.0572,-4.38934
239,19.0131,21.0572,-4.38934
242,20.5474,15.615,3.11457
239,20.5474,15.615,3.11457
242,18.8146,14.9207,2.15574
239,18.8146,14.9207,2.15574
242,19.7812,13.6249,2.29692
239,19.7812,13.6249,2.29692
242,26.0718,14.1015,2.18488
239,26.0718,14.1015,2.18488
242,25.4176,17.9142,-2.07298
239,25.4176,17.9142,-2.07298
242,39.1767,26.7366,-4.46113
239,39.1767,26.7366,-4.46113
242,20.1947,12.9672,1.75223
239,20.1947,12.9672,1.75223
242,21.1751,13.3277,2.06591
239,21.1751,13.3277,2.06591
242,24.2871,14.7649,2.4507
239,24.2871,14.7649,2.4507
242,23.0751,14.3743,2.11879
239,23.0751,14.3743,2.11879
242,16.3241,17.0827,-2.91358
239,16.3241,17.0827,-2.91358
242,23.2759,16.1099,-1.54688
239,23.2759,16.1099,-1.54688
242,17.5817,14.5773,2.54709
239,17.5817,14.5773,2.54709
242,15.2256,15.8648,-2.45949
239,15.2256,15.8648,-2.45949
242,16.1602,16.6575,-1.65911
239,16.1602,16.6575,-1.65911
242,18.4192,14.6153,2.08518
239,18.4192,14.6153,2.08518
242,20.6531,13.9588,1.77291
239,20.6531,13.9588,1.77291
242,23.4338,15.6333,3.01589
239,23.4338,15.6333,3.01589
242,19.0445,15.1074,2.58251
239,19.0445,15.1074,2.58251
242,19.8802,15.9159,2.74311
239,19.8802,15.9159,2.74311
242,17.5722,14.4116,1.93319
239,17.5722,14.4116,1.93319
242,19.3439,15.5659,2.28881
239,19.3439,15.5659,2.28881
242,19.0664,14.6584,2.45128
239,19.0664,14.6584,2.45128
242,16.267,12.9613,1.95758
239,16.267,12.9613,1.95758
242,23.0726,13.4714,2.03838
239,23.0726,13.4714,2.03838
242,14.9559,16.9667,-2.1225
239,14.9559,16.9667,-2.1225
242,111.584,70.6889,-17.5353
239,111.584,70.6889,-17.5353
242,52.3166,35.059,-7.09267
239,52.3166,35.059,-7.09267
242,22.0624,17.0013,2.8316
239,22.0624,17.0013,2.8316
242,16.224,12.942,1.92496
239,16.224,12.942,1.92496
242,24.5384,14.1476,2.4413
239,24.5384,14.1476,2.4413
242,26.2669,14.4522,2.48353
239,26.2669,14.4522,2.48353
242,18.7127,14.8582,2.48762
239,18.7127,14.8582,2.48762
242,16.4995,17.3286,-2.99223
239,16.4995,17.3286,-2.99223
242,26.9366,14.9787,3.20423
239,26.9366,14.9787,3.20423
242,15.989,16.6219,-2.72044
239,15.989,16.6219,-2.72044
242,14.9554,12.2564,1.64869
239,14.9554,12.2564,1.64869
242,18.45,12.2532,1.63214
239,18.45,12.2532,1.63214
242,25.5582,14.3696,2.28712
239,25.5582,14.3696,2.28712
242,25.605,14.197,2.41044
239,25.605,14.197,2.41044
242,21.3301,14.3637,1.87733
239,21.3301,14.3637,1.87733
242,17.6561,11.6061,1.70125
239,17.6561,11.6061,1.70125
242,21.4366,14.3106,1.85648
241,21.4366,14.3106,1.85648
242,22.5938,14.9222,1.9637
241,22.5938,14.9222,1.9637
242,22.3363,18.8238,-1.41016
241,22.3363,18.8238,-1.41016
242,24.7107,17.3915,-2.00544
241,24.7107,17.3915,-2.00544
242,16.7601,17.5253,-1.89682
241,16.7601,17.5253,-1.89682
242,20.7593,21.9719,-2.12291
241,20.7593,21.9719,-2.12291
242,16.8859,17.949,-1.72885
241,16.8859,17.949,-1.72885
242,17.1954,16.6429,-1.00681
241,17.1954,16.6429,-1.00681
242,26.0192,17.8793,-2.12916
241,26.0192,17.8793,-2.12916
242,25.8252,19.7936,-1.79427
241,25.8252,19.7936,-1.79427
242,16.1223,17.0687,-1.6654
241,16.1223,17.0687,-1.6654
242,20.1803,13.8946,1.74373
241,20.1803,13.8946,1.74373
242,22.4641,13.6309,1.97959
241,22.4641,13.6309,1.97959
242,23.4688,14.7852,2.41803
241,23.4688,14.7852,2.41803
242,15.9631,16.8029,-1.80414
241,15.9631,16.8029,-1.80414
242,16.2343,17.2141,-1.56127
241,16.2343,17.2141,-1.56127
242,15.6058,14.6904,-1.76302
241,15.6058,14.6904,-1.76302
242,17.126,18.2326,-3.68251
241,17.126,18.2326,-3.68251
242,23.3024,15.3406,-1.31035
241,23.3024,15.3406,-1.31035
242,19.8066,15.1266,2.48282
241,19.8066,15.1266,2.48282
242,18.567,14.8845,2.09437
241,18.567,14.8845,2.09437
242,22.4069,13.9369,2.48606
241,22.4069,13.9369,2.48606
242,17.0408,14.1475,2.27245
241,17.0408,14.1475,2.27245
242,26.0472,14.394,2.72122
241,26.0472,14.394,2.72122
242,18.4765,18.8408,-1.46158
241,18.4765,18.8408,-1.46158
242,20.9952,14.2916,2.46064
241,20.9952,14.2916,2.46064
242,17.8406,13.9491,2.11547
241,17.8406,13.9491,2.11547
242,24.0078,14.6401,2.73879
241,24.0078,14.6401,2.73879
242,27.0017,20.733,-1.9932
241,27.0017,20.733,-1.9932
242,27.2624,14.467,3.01788
241,27.2624,14.467,3.01788
242,20.4925,14.0535,1.76636
241,20.4925,14.0535,1.76636
242,18.3535,14.3101,2.20694
241,18.3535,14.3101,2.20694
242,17.1659,18.4766,-1.95891
241,17.1659,18.4766,-1.95891
242,20.3001,13.7712,1.75174
241,20.3001,13.7712,1.75174
242,23.7532,14.5264,2.94954
241,23.7532,14.5264,2.94954
242,24.5903,14.105,2.31423
241,24.5903,14.105,2.31423
242,18.4019,14.79,2.09072
241,18.4019,14.79,2.09072
242,21.4795,17.6533,-1.80444
241,21.4795,17.6533,-1.80444
242,23.2952,14.1312,2.06803
241,23.2952,14.1312,2.06803
242,13.9295,13.5314,-0.338722
241,13.9295,13.5314,-0.338722
242,18.1985,19.0882,-1.52246
241,18.1985,19.0882,-1.52246
242,23.1425,14.4037,2.12394
241,23.1425,14.4037,2.12394
242,23.7297,14.2249,2.82614
241,23.7297,14.2249,2.82614
242,15.4753,14.6675,-0.553497
241,15.4753,14.6675,-0.553497
242,20.8609,16.4009,-1.54384
241,20.8609,16.4009,-1.54384
242,22.9609,18.721,-2.15768
241,22.9609,18.721,-2.15768
242,16.3583,17.3113,-1.56657
241,16.3583,17.3113,-1.56657
242,15.698,14.8391,-1.07077
241,15.698,14.8391,-1.07077
242,19.7127,15.5617,-1.30185
241,19.7127,15.5617,-1.30185
242,13.1679,11.2366,0.152265
241,13.1679,11.2366,0.152265
242,17.4733,15.0107,-0.650547
241,17.4733,15.0107,-0.650547
242,21.8494,15.3924,-1.2493
241,21.8494,15.3924,-1.2493
242,20.5115,12.9146,2.33953
241,20.5115,12.9146,2.33953
242,16.0299,16.9172,-1.54809
240,16.0299,16.9172,-1.54809
242,30.7945,17.0502,-2.03961
240,30.7945,17.0502,-2.03961
242,23.9144,15.0017,2.22515
240,23.9144,15.0017,2.22515
242,21.7665,14.4641,2.07616
240,21.7665,14.4641,2.07616
242,18.8255,14.7046,2.17868
240,18.8255,14.7046,2.17868
242,18.1229,19.77,-3.9987
240,18.1229,19.77,-3.9987
242,16.0633,16.6399,-1.63943
240,16.0633,16.6399,-1.63943
242,17.9408,14.8474,2.51952
240,17.9408,14.8474,2.51952
242,19.1852,15.1916,2.839
240,19.1852,15.1916,2.839
242,22.51,14.3571,2.32413
240,22.51,14.3571,2.32413
242,16.648,16.1637,-1.33735
240,16.648,16.1637,-1.33735
242,26.0155,15.9788,2.56777
240,26.0155,15.9788,2.56777
242,35.7611,17.4934,3.14428
240,35.7611,17.4934,3.14428
242,16.4986,15.6919,-1.89176
240,16.4986,15.6919,-1.89176
242,18.863,19.9706,-1.55562
240,18.863,19.9706,-1.55562
242,23.6106,14.2001,2.8727
240,23.6106,14.2001,2.8727
242,23.0262,14.6006,2.3989
240,23.0262,14.6006,2.3989
242,17.8867,13.7392,2.05556
240,17.8867,13.7392,2.05556
242,15.8659,16.6514,-1.57086
240,15.8659,16.6514,-1.57086
242,18.9521,15.9988,-1.44848
240,18.9521,15.9988,-1.44848
242,19.599,12.4943,2.21299
240,19.599,12.4943,2.21299
242,16.9925,13.7872,2.18581
240,16.9925,13.7872,2.18581
242,24.0479,15.0505,2.30859
240,24.0479,15.0505,2.30859
242,22.6926,16.4768,-1.55884
240,22.6926,16.4768,-1.55884
242,19.4651,20.6939,-1.72274
237,19.4651,20.6939,-1.72274
242,21.466,14.9427,-1.24063
237,21.466,14.9427,-1.24063
242,29.7768,17.9566,-2.09169
237,29.7768,17.9566,-2.09169
242,26.093,14.3956,2.60478
237,26.093,14.3956,2.60478
242,25.7588,14.2448,2.38724
237,25.7588,14.2448,2.38724
242,27.88,16.5025,3.68071
237,27.88,16.5025,3.68071
242,26.2354,14.4516,2.67471
237,26.2354,14.4516,2.67471
242,25.8906,14.4685,2.58798
237,25.8906,14.4685,2.58798
242,26.1378,14.3969,2.45033
237,26.1378,14.3969,2.45033
242,26.6852,14.3679,2.6287
237,26.6852,14.3679,2.6287
242,17.6154,18.0764,-1.18064
237,17.6154,18.0764,-1.18064
242,16.6162,17.3264,-1.88404
237,16.6162,17.3264,-1.88404
242,20.4055,16.8417,2.52701
237,20.4055,16.8417,2.52701
242,25.292,14.1144,2.37178
237,25.292,14.1144,2.37178
242,25.6585,14.6154,2.53566
237,25.6585,14.6154,2.53566
242,32.364,16.9441,3.43111
237,32.364,16.9441,3.43111
242,23.2356,18.6603,-1.50849
235,23.2356,18.6603,-1.50849
242,19.2002,15.5862,2.26024
235,19.2002,15.5862,2.26024
242,17.2106,18.5165,-3.21922
235,17.2106,18.5165,-3.21922
242,21.9517,16.0231,-1.24072
235,21.9517,16.0231,-1.24072
242,23.2635,16.9431,-1.45477
235,23.2635,16.9431,-1.45477
242,16.1176,16.9414,-1.51405
235,16.1176,16.9414,-1.51405
242,24.5756,14.4673,2.57478
233,24.5756,14.4673,2.57478
242,24.8296,14.0861,2.24716
233,24.8296,14.0861,2.24716
242,15.9648,17.2285,-2.29597
233,15.9648,17.2285,-2.29597
242,30.0002,17.0118,-1.92379
231,30.0002,17.0118,-1.92379
242,26.7403,14.2867,2.47067
227,26.7403,14.2867,2.47067
242,15.9613,16.3829,-1.64348
230,15.9613,16.3829,-1.64348
242,16.5681,17.1958,-1.80972
230,16.5681,17.1958,-1.80972
242,23.4794,16.5284,-1.77087
229,23.4794,16.5284,-1.77087
242,24.0167,16.8773,-1.83725
229,24.0167,16.8773,-1.83725
242,15.5761,16.2926,-1.64395
229,15.5761,16.2926,-1.64395
242,17.1012,17.1429,-1.68665
229,17.1012,17.1429,-1.68665
243,12.6908,10.6429,0.772474
243,15.0683,10.7821,-1.74556
243,15.0853,10.8335,-1.8109
243,15.1446,10.8243,-1.81094
243,15.0171,10.9595,-1.71613
243,15.1733,10.8594,-1.76412
243,15.1061,11.0232,-1.76169
243,15.2094,10.9923,-1.77329
243,15.2072,11.005,-1.78368
243,10.4086,16.3964,-1.42484
243,15.1569,12.7497,-1.64587
243,15.1393,12.7766,-1.63242
243,15.1809,12.7887,-1.62528
243,13.8415,14.5346,-1.58541
243,15.6549,13.5524,-0.738002
243,13.8301,14.6908,-1.56671
243,13.87,14.6854,-1.61072
243,15.774,13.6276,-0.713143
243,15.7876,13.6308,-0.736698
243,13.8906,14.7904,-1.59996
243,16.0954,13.816,0.271777
243,16.0986,13.8209,0.291457
243,13.9725,14.8337,-1.66982
243,13.9267,14.9288,-1.59532
243,13.9601,15.0992,-1.51702
243,14,15.0343,-1.64032
243,16.1001,13.8055,-0.644635
243,16.0587,13.8528,-0.683658
243,16.1165,13.9104,-0.685006
243,17.0418,14.2004,1.93804
243,17.0801,13.8219,0.652809
243,17.1002,13.8457,0.690747
243,16.7872,13.9805,0.276076
243,15.5151,14.6047,-0.844938
243,15.5675,14.6752,-1.03342
243,15.6005,14.6638,-1.00083
243,17.3381,14.4798,2.0119
243,17.3951,14.4558,2.01495
243,15.757,14.8017,-0.578839
243,16.7891,14.3143,0.219192
243,15.6204,14.7469,-1.06475
243,17.4802,14.5517,2.19206
243,18.9532,13.2336,1.61984
243,15.4863,14.5426,-2.06664
243,14.1771,15.7177,-1.67386
243,23.2406,16.4676,-1.74483
239,23.2406,16.4676,-1.74483
243,21.755,15.429,-1.37392
239,21.755,15.429,-1.37392
243,15.0891,16.8472,-2.30108
239,15.0891,16.8472,-2.30108
243,16.8068,18.0225,-2.15574
239,16.8068,18.0225,-2.15574
243,15.537,16.2453,-1.79727
239,15.537,16.2453,-1.79727
243,21.0075,17.2428,-1.71711
239,21.0075,17.2428,-1.71711
243,21.8009,17.9046,-1.89745
239,21.8009,17.9046,-1.89745
243,18.6393,19.4713,-1.49249
239,18.6393,19.4713,-1.49249
243,25.3286,17.7784,-2.1148
239,25.3286,17.7784,-2.1148
243,16.4899,17.2003,-1.91543
239,16.4899,17.2003,-1.91543
243,22.7902,16.4512,-1.57128
239,22.7902,16.4512,-1.57128
243,25.33,17.6507,-2.01174
239,25.33,17.6507,-2.01174
243,22.9909,16.4079,-1.57263
239,22.9909,16.4079,-1.57263
243,16.5445,17.175,-3.00037
239,16.5445,17.175,-3.00037
243,20.2701,16.6622,2.61107
239,20.2701,16.6622,2.61107
243,27.1117,18.902,-2.44582
239,27.1117,18.902,-2.44582
243,20.9488,14.1098,1.79923
239,20.9488,14.1098,1.79923
243,24.6132,14.5137,2.18115
239,24.6132,14.5137,2.18115
243,33.6596,21.0633,4.5472
239,33.6596,21.0633,4.5472
243,19.2574,15.3588,2.54626
239,19.2574,15.3588,2.54626
243,23.3236,14.6736,2.14689
239,23.3236,14.6736,2.14689
243,22.8181,14.1947,2.03868
239,22.8181,14.1947,2.03868
243,25.5259,15.7538,2.38497
239,25.5259,15.7538,2.38497
243,25.6958,14.556,3.04261
239,25.6958,14.556,3.04261
243,18.0735,18.745,-1.34314
239,18.0735,18.745,-1.34314
243,15.5366,13.099,-1.85612
239,15.5366,13.099,-1.85612
243,16.1979,17.2368,-2.10192
239,16.1979,17.2368,-2.10192
243,21.3804,17.5376,2.79279
239,21.3804,17.5376,2.79279
243,18.5395,14.5906,2.13572
239,18.5395,14.5906,2.13572
243,27.2135,18.4927,-2.27943
239,27.2135,18.4927,-2.27943
243,25.2898,17.2969,-1.87605
239,25.2898,17.2969,-1.87605
243,16.6054,17.4883,-3.08997
239,16.6054,17.4883,-3.08997
243,18.2014,14.9285,2.0463
239,18.2014,14.9285,2.0463
243,20.3834,16.7521,2.42782
239,20.3834,16.7521,2.42782
243,18.7146,14.6862,-1.03138
239,18.7146,14.6862,-1.03138
243,22.3446,17.4368,-1.78577
239,22.3446,17.4368,-1.78577
243,21.0663,13.3761,1.82678
239,21.0663,13.3761,1.82678
243,24.483,14.9849,2.19581
239,24.483,14.9849,2.19581
243,25.1995,15.1528,2.76586
239,25.1995,15.1528,2.76586
243,34.0508,23.2657,-3.69888
239,34.0508,23.2657,-3.69888
243,29.2877,16.0033,2.54043
239,29.2877,16.0033,2.54043
243,35.9789,20.6744,-2.99073
239,35.9789,20.6744,-2.99073
243,24.3028,19.5172,-1.69919
239,24.3028,19.5172,-1.69919
243,23.5788,27.7522,-7.3364
239,23.5788,27.7522,-7.3364
243,24.6281,15.3558,2.31588
239,24.6281,15.3558,2.31588
243,25.6417,18.054,-2.11038
239,25.6417,18.054,-2.11038
243,24.8821,17.6095,-1.89863
239,24.8821,17.6095,-1.89863
243,25.839,17.66,-2.02846
239,25.839,17.66,-2.02846
243,25.1196,17.4866,-2.05028
239,25.1196,17.4866,-2.05028
243,19.1003,15.1366,2.20271
239,19.1003,15.1366,2.20271
243,23.855,14.6831,2.14935
239,23.855,14.6831,2.14935
243,25.0298,17.1436,-1.85008
239,25.0298,17.1436,-1.85008
243,17.8387,14.623,1.98957
239,17.8387,14.623,1.98957
243,18.925,14.8263,2.25031
239,18.925,14.8263,2.25031
243,24.7536,19.2626,-1.6522
239,24.7536,19.2626,-1.6522
243,16.5589,17.7573,-2.22506
239,16.5589,17.7573,-2.22506
243,14.6306,16.3587,-1.92408
239,14.6306,16.3587,-1.92408
243,20.2266,13.7191,1.7327
239,20.2266,13.7191,1.7327
243,15.6826,16.5815,-1.85822
239,15.6826,16.5815,-1.85822
243,23.5689,14.8384,2.26147
239,23.5689,14.8384,2.26147
243,56.8591,38.4905,-8.13186
239,56.8591,38.4905,-8.13186
243,27.3093,17.4759,-1.8956
239,27.3093,17.4759,-1.8956
243,18.599,12.3214,1.64165
239,18.599,12.3214,1.64165
243,27.0809,14.9796,2.40748
239,27.0809,14.9796,2.40748
243,21.3058,14.3463,1.86399
239,21.3058,14.3463,1.86399
243,16.8058,17.579,-1.9191
241,16.8058,17.579,-1.9191
243,23.6975,19.0275,-1.61527
241,23.6975,19.0275,-1.61527
243,14.2455,14.3588,1.17538
241,14.2455,14.3588,1.17538
243,23.4591,15.0231,-1.29503
241,23.4591,15.0231,-1.29503
243,25.4277,16.4389,-1.65658
241,25.4277,16.4389,-1.65658
243,17.1076,18.3848,-2.04808
241,17.1076,18.3848,-2.04808
243,21.967,14.2267,-1.05901
241,21.967,14.2267,-1.05901
243,17.6877,19.2214,-2.43265
241,17.6877,19.2214,-2.43265
243,16.7163,17.6557,-3.20394
241,16.7163,17.6557,-3.20394
243,21.7049,14.4376,1.87742
241,21.7049,14.4376,1.87742
243,16.4888,16.6346,-2.00281
241,16.4888,16.6346,-2.00281
243,23.3889,18.8203,-1.56955
241,23.3889,18.8203,-1.56955
243,16.609,13.3528,1.94455
241,16.609,13.3528,1.94455
243,22.908,15.2468,2.7482
241,22.908,15.2468,2.7482
243,21.1028,16.4624,-1.03664
241,21.1028,16.4624,-1.03664
243,17.3385,18.7114,-3.44075
241,17.3385,18.7114,-3.44075
243,19.4833,11.8019,1.75833
241,19.4833,11.8019,1.75833
243,28.1646,31.6775,-3.92615
241,28.1646,31.6775,-3.92615
243,28.5678,14.9173,3.18665
241,28.5678,14.9173,3.18665
243,15.0627,14.1177,-0.738137
241,15.0627,14.1177,-0.738137
243,25.7941,14.6364,3.02204
241,25.7941,14.6364,3.02204
243,16.6889,17.7948,-3.04764
241,16.6889,17.7948,-3.04764
243,15.1118,12.235,1.74385
241,15.1118,12.235,1.74385
243,23.9919,13.8585,2.2573
241,23.9919,13.8585,2.2573
243,26.7126,15.7931,3.42875
241,26.7126,15.7931,3.42875
243,28.9486,17.5788,-2.08384
241,28.9486,17.5788,-2.08384
243,19.4287,11.7754,1.75499
241,19.4287,11.7754,1.75499
243,17.0707,18.2535,-1.82116
241,17.0707,18.2535,-1.82116
243,25.6038,15.5297,2.36739
241,25.6038,15.5297,2.36739
243,25.3746,20.6084,-2.63216
241,25.3746,20.6084,-2.63216
243,14.6375,14.8615,-0.932407
241,14.6375,14.8615,-0.932407
243,34.0321,22.3835,-3.33774
241,34.0321,22.3835,-3.33774
243,15.7563,11.0916,-2.05998
241,15.7563,11.0916,-2.05998
243,17.0932,12.2231,1.43482
241,17.0932,12.2231,1.43482
243,22.3071,15.652,-1.32614
241,22.3071,15.652,-1.32614
243,15.9751,15.0893,-0.651152
242,15.9751,15.0893,-0.651152
243,16.385,16.1278,-1.98084
242,16.385,16.1278,-1.98084
243,15.8971,15.2877,-1.69108
242,15.8971,15.2877,-1.69108
243,17.3516,18.588,-1.86934
242,17.3516,18.588,-1.86934
243,14.4468,13.4732,-0.30369
242,14.4468,13.4732,-0.30369
243,16.4569,17.3133,-1.54437
242,16.4569,17.3133,-1.54437
243,16.4142,14.119,-0.488453
242,16.4142,14.119,-0.488453
243,28.4425,17.3099,-1.90108
242,28.4425,17.3099,-1.90108
243,24.4538,19.6353,-1.63927
242,24.4538,19.6353,-1.63927
243,18.0866,12.3076,1.68305
242,18.0866,12.3076,1.68305
243,25.0485,14.6615,2.3268
242,25.0485,14.6615,2.3268
243,19.8355,15.3253,2.44957
242,19.8355,15.3253,2.44957
243,23.2793,14.2435,2.4436
242,23.2793,14.2435,2.4436
243,23.8435,14.7993,3.07637
242,23.8435,14.7993,3.07637
243,25.1244,14.7208,2.49059
242,25.1244,14.7208,2.49059
243,22.8658,14.5547,2.43367
242,22.8658,14.5547,2.43367
243,25.1152,14.6698,2.63877
242,25.1152,14.6698,2.63877
243,18.8893,18.5906,-1.41749
242,18.8893,18.5906,-1.41749
243,19.0656,15.1273,2.18626
242,19.0656,15.1273,2.18626
243,19.1251,14.9174,2.2424
242,19.1251,14.9174,2.2424
243,24.5897,14.0985,2.30399
242,24.5897,14.0985,2.30399
243,25.9835,15.0661,2.45526
242,25.9835,15.0661,2.45526
243,13.8917,13.4353,-0.277276
242,13.8917,13.4353,-0.277276
243,23.6133,14.4652,2.37252
242,23.6133,14.4652,2.37252
243,17.2756,13.8614,2.06665
242,17.2756,13.8614,2.06665
243,18.7526,14.0467,-0.688061
242,18.7526,14.0467,-0.688061
243,15.4563,14.6032,-0.545886
242,15.4563,14.6032,-0.545886
243,17.5086,17.7499,-1.22002
242,17.5086,17.7499,-1.22002
243,27.1492,14.4199,2.4825
242,27.1492,14.4199,2.4825
243,17.2756,13.8614,2.06665
242,17.2756,13.8614,2.06665
243,16.3073,13.5837,1.82599
242,16.3073,13.5837,1.82599
243,21.3677,17.4172,-1.8039
242,21.3677,17.4172,-1.8039
243,15.823,15.1477,-1.65169
240,15.823,15.1477,-1.65169
243,18.9811,14.9022,-1.09717
240,18.9811,14.9022,-1.09717
243,17.3474,14.4621,-1.054
240,17.3474,14.4621,-1.054
243,18.7534,15.6495,-1.40147
240,18.7534,15.6495,-1.40147
243,16.3878,17.4086,-1.65339
240,16.3878,17.4086,-1.65339
243,25.4266,16.6428,-1.68514
240,25.4266,16.6428,-1.68514
243,16.356,17.3681,-2.00004
240,16.356,17.3681,-2.00004
243,27.1506,19.0032,-2.56989
240,27.1506,19.0032,-2.56989
243,16.5227,17.6014,-1.69665
240,16.5227,17.6014,-1.69665
243,16.2418,16.7368,-2.74938
240,16.2418,16.7368,-2.74938
243,18.3501,14.422,2.12976
240,18.3501,14.422,2.12976
243,22.359,14.2902,2.28827
240,22.359,14.2902,2.28827
243,26.7206,15.8192,2.76981
240,26.7206,15.8192,2.76981
243,16.5912,17.7021,-1.72607
240,16.5912,17.7021,-1.72607
243,18.3141,14.6037,2.28032
240,18.3141,14.6037,2.28032
243,30.1018,20.8328,-3.10966
240,30.1018,20.8328,-3.10966
243,26.9312,15.8688,3.47019
240,26.9312,15.8688,3.47019
243,16.4775,17.4626,-1.61324
240,16.4775,17.4626,-1.61324
243,24.5555,15.3048,2.33252
240,24.5555,15.3048,2.33252
243,25.1587,19.4694,-2.4157
240,25.1587,19.4694,-2.4157
243,25.3848,14.0855,2.07498
240,25.3848,14.0855,2.07498
243,15.3532,14.5231,-0.942566
240,15.3532,14.5231,-0.942566
243,27.1006,16.5903,-1.71279
237,27.1006,16.5903,-1.71279
243,23.868,14.9916,-1.23373
237,23.868,14.9916,-1.23373
243,25.9812,14.3531,2.12086
237,25.9812,14.3531,2.12086
243,15.8481,16.0334,-1.27994
237,15.8481,16.0334,-1.27994
243,16.1308,16.9715,-1.544
237,16.1308,16.9715,-1.544
243,25.3573,14.1372,2.40411
237,25.3573,14.1372,2.40411
243,25.1438,14.2469,2.5916
237,25.1438,14.2469,2.5916
243,22.2285,15.8325,-1.4531
235,22.2285,15.8325,-1.4531
243,19.0875,15.2451,2.32158
235,19.0875,15.2451,2.32158
243,23.3481,13.5494,2.34055
235,23.3481,13.5494,2.34055
243,22.2143,15.5795,-1.49646
233,22.2143,15.5795,-1.49646
243,22.4936,15.7664,-1.54611
233,22.4936,15.7664,-1.54611
243,16.0599,16.9384,-1.58742
233,16.0599,16.9384,-1.58742
243,26.4543,14.4813,2.50288
233,26.4543,14.4813,2.50288
243,13.4392,10.783,0.132515
227,13.4392,10.783,0.132515
244,15.132,10.8308,-1.77295
244,15.1736,10.8205,-1.78013
244,15.1656,10.8382,-1.82038
244,15.2212,10.8808,-1.79372
244,15.211,11.0263,-1.8566
244,15.3087,11.1361,-1.85938
244,15.0607,12.6621,-1.61465
244,15.0846,12.7274,-1.64112
244,15.3537,12.9137,-1.73565
244,15.9875,13.7273,0.269405
244,15.9904,13.7321,0.285077
244,16.0932,13.7996,0.29953
244,15.3748,14.3415,0.077498
244,15.2645,14.3824,-0.0770806
244,10.4743,17.0136,-1.64052
244,9.69007,18.2598,-0.427571
244,10.4441,17.2724,-1.68158
244,10.5055,17.2387,-1.6823
244,15.424,14.5758,-0.105094
244,15.4602,14.5611,-0.12273
244,16.9615,13.9265,0.678842
244,15.4576,14.6458,-0.121427
244,17.1657,13.8728,0.734015
244,13.8202,15.2944,-1.49017
244,17.1962,13.9251,0.661523
244,17.1562,13.9024,0.447167
244,17.2451,13.9474,0.588767
244,17.2757,13.9741,0.361157
244,14.0319,15.4023,-1.57296
244,17.7727,13.5861,0.139755
244,15.5833,14.6987,-0.859274
244,15.6104,14.6488,-0.985278
244,14.091,15.4364,-1.62698
244,14.0364,15.4917,-1.60487
244,15.6595,14.7445,-0.837051
244,15.4028,14.4447,-2.0087
244,15.6437,14.7119,-1.02796
244,15.4022,14.4485,-2.01777
244,15.6504,14.7509,-1.03636
244,15.6922,14.7996,-0.879085
244,15.4574,14.5057,-1.98881
244,15.7129,14.824,-0.857833
244,16.6425,14.2659,-0.753395
244,15.5693,14.6482,-1.58229
244,16.6492,14.2546,-0.867165
244,15.4706,14.5545,-2.03989
244,15.6246,14.6823,-1.55914
244,15.6672,14.7303,-1.53718
244,18.2998,19.1445,-2.15978
239,18.2998,19.1445,-2.15978
244,21.19,17.4016,-1.76124
239,21.19,17.4016,-1.76124
244,19.8583,15.5613,-1.28761
239,19.8583,15.5613,-1.28761
244,24.129,16.7901,-1.69779
239,24.129,16.7901,-1.69779
244,16.2752,16.3916,-2.67909
239,16.2752,16.3916,-2.67909
244,16.227,16.4663,-2.73427
239,16.227,16.4663,-2.73427
244,14.4994,14.7982,-1.94925
239,14.4994,14.7982,-1.94925
244,16.4725,17.0502,-1.53575
239,16.4725,17.0502,-1.53575
244,25.7981,21.3669,-2.94005
239,25.7981,21.3669,-2.94005
244,21.517,17.9516,-1.35279
239,21.517,17.9516,-1.35279
244,15.5779,16.2852,-1.7398
239,15.5779,16.2852,-1.7398
244,22.9386,16.2926,-1.61725
239,22.9386,16.2926,-1.61725
244,25.3784,18.9058,-1.64255
239,25.3784,18.9058,-1.64255
244,21.9732,17.1572,-1.6889
239,21.9732,17.1572,-1.6889
244,25.8745,19.7169,-2.619
239,25.8745,19.7169,-2.619
244,16.0617,17.0298,-2.0153
239,16.0617,17.0298,-2.0153
244,18.3202,19.0046,-1.49708
239,18.3202,19.0046,-1.49708
244,18.2747,19.1099,-1.50887
239,18.2747,19.1099,-1.50887
244,26.9135,20.4767,-2.83623
239,26.9135,20.4767,-2.83623
244,16.2035,17.2392,-2.04596
239,16.2035,17.2392,-2.04596
244,15.9475,16.7831,-1.66737
239,15.9475,16.7831,-1.66737
244,26.8431,18.3297,-2.27893
239,26.8431,18.3297,-2.27893
244,21.9501,15.4175,-1.30439
239,21.9501,15.4175,-1.30439
244,23.0576,14.5775,2.15335
239,23.0576,14.5775,2.15335
244,24.3966,19.6058,-1.74045
239,24.3966,19.6058,-1.74045
244,22.7403,17.7451,-1.87886
239,22.7403,17.7451,-1.87886
244,15.5419,16.4953,-1.99392
239,15.5419,16.4953,-1.99392
244,27.6945,19.2984,-2.49496
239,27.6945,19.2984,-2.49496
244,16.285,17.1072,-2.94143
239,16.285,17.1072,-2.94143
244,18.3153,18.989,-1.3561
239,18.3153,18.989,-1.3561
244,30.779,23.295,-3.61812
239,30.779,23.295,-3.61812
244,15.2617,14.3423,-1.41314
239,15.2617,14.3423,-1.41314
244,24.4338,16.7888,-1.74312
239,24.4338,16.7888,-1.74312
244,16.4407,17.2826,-2.94262
239,16.4407,17.2826,-2.94262
244,15.4809,16.315,-2.59758
239,15.4809,16.315,-2.59758
244,26.4546,18.6273,-2.21034
239,26.4546,18.6273,-2.21034
244,30.2805,21.2499,-2.62654
239,30.2805,21.2499,-2.62654
244,25.4395,17.389,-1.89659
239,25.4395,17.389,-1.89659
244,28.0238,19.5983,-2.61587
239,28.0238,19.5983,-2.61587
244,25.3707,18.0386,-2.08595
239,25.3707,18.0386,-2.08595
244,15.6699,16.605,-2.71781
239,15.6699,16.605,-2.71781
244,16.2876,17.0611,-2.87815
239,16.2876,17.0611,-2.87815
244,25.9143,17.6921,-1.97518
239,25.9143,17.6921,-1.97518
244,36.4598,20.9157,-3.06967
239,36.4598,20.9157,-3.06967
244,15.606,13.4219,-0.650644
239,15.606,13.4219,-0.650644
244,26.4785,17.1016,-1.77042
239,26.4785,17.1016,-1.77042
244,23.3495,16.2497,-1.54588
239,23.3495,16.2497,-1.54588
244,21.1263,14.9217,-1.14572
240,21.1263,14.9217,-1.14572
244,24.9545,17.1944,-1.78577
240,24.9545,17.1944,-1.78577
244,19.1805,19.2079,-1.67341
240,19.1805,19.2079,-1.67341
244,15.4882,16.2118,-1.81945
240,15.4882,16.2118,-1.81945
244,26.1081,18.6554,-2.28454
240,26.1081,18.6554,-2.28454
244,27.8714,19.791,-2.61922
240,27.8714,19.791,-2.61922
244,16.6582,17.7661,-1.85602
240,16.6582,17.7661,-1.85602
244,16.0183,16.8815,-1.50763
240,16.0183,16.8815,-1.50763
244,16.4592,17.4314,-2.09644
240,16.4592,17.4314,-2.09644
244,24.6091,18.9887,-1.59863
240,24.6091,18.9887,-1.59863
244,27.9012,16.3787,2.54503
240,27.9012,16.3787,2.54503
244,17.1827,18.3914,-3.26291
240,17.1827,18.3914,-3.26291
244,22.6571,14.4091,2.35865
240,22.6571,14.4091,2.35865
244,29.9651,16.7082,-1.94551
240,29.9651,16.7082,-1.94551
244,17.7889,19.2542,-3.60192
240,17.7889,19.2542,-3.60192
244,14.5402,14.7858,-1.91976
243,14.5402,14.7858,-1.91976
244,16.657,16.5205,-2.09605
243,16.657,16.5205,-2.09605
244,15.0676,14.1314,-0.712111
243,15.0676,14.1314,-0.712111
244,15.5868,14.6515,-0.999599
243,15.5868,14.6515,-0.999599
244,15.7654,16.5732,-1.72254
243,15.7654,16.5732,-1.72254
244,23.1007,14.6089,2.50288
243,23.1007,14.6089,2.50288
244,18.6194,15.2386,-0.691615
243,18.6194,15.2386,-0.691615
244,15.7824,14.8925,-1.65427
243,15.7824,14.8925,-1.65427
244,15.244,15.8396,-1.17907
243,15.244,15.8396,-1.17907
244,15.407,13.2743,-0.258997
243,15.407,13.2743,-0.258997
244,16.1082,12.3722,-0.402342
243,16.1082,12.3722,-0.402342
244,25.7933,16.6702,-1.6775
243,25.7933,16.6702,-1.6775
244,19.3486,16.5707,-0.98606
243,19.3486,16.5707,-0.98606
244,15.9741,16.7859,-1.39904
243,15.9741,16.7859,-1.39904
244,23.9862,17.1602,-1.81554
243,23.9862,17.1602,-1.81554
244,16.8818,17.4035,-1.13911
243,16.8818,17.4035,-1.13911
244,10.3337,22.9292,-1.12221
243,10.3337,22.9292,-1.12221
244,25.534,14.9076,2.31546
243,25.534,14.9076,2.31546
244,15.4629,14.6086,-0.51729
243,15.4629,14.6086,-0.51729
244,22.1913,14.1385,1.99742
243,22.1913,14.1385,1.99742
244,10.2745,23.1406,-1.10204
243,10.2745,23.1406,-1.10204
244,10.1823,19.5239,-0.509625
243,10.1823,19.5239,-0.509625
244,10.5029,27.7851,-1.73865
243,10.5029,27.7851,-1.73865
244,16.0125,13.3152,-0.578838
243,16.0125,13.3152,-0.578838
244,14.0249,13.0923,-0.50073
243,14.0249,13.0923,-0.50073
244,13.0627,12.9437,-1.11783
242,13.0627,12.9437,-1.11783
244,28.487,19.6436,-2.7006
242,28.487,19.6436,-2.7006
244,22.6562,22.7277,-2.33269
242,22.6562,22.7277,-2.33269
244,27.6837,19.0236,-2.59623
242,27.6837,19.0236,-2.59623
244,24.6968,17.3777,-2.01215
242,24.6968,17.3777,-2.01215
244,18.1007,19.4336,-2.0572
242,18.1007,19.4336,-2.0572
244,23.5973,17,-1.5093
242,23.5973,17,-1.5093
244,17.3616,12.3962,1.48792
242,17.3616,12.3962,1.48792
244,18.153,19.0481,-1.26985
237,18.153,19.0481,-1.26985
244,21.6381,15.6402,-1.3447
237,21.6381,15.6402,-1.3447
244,27.0556,16.6955,-1.77849
237,27.0556,16.6955,-1.77849
244,16.1565,16.9851,-1.48479
237,16.1565,16.9851,-1.48479
244,16.6632,17.8463,-1.72884
233,16.6632,17.8463,-1.72884
244,28.779,16.5471,-1.75406
231,28.779,16.5471,-1.75406
244,27.0541,15.4404,-1.4462
230,27.0541,15.4404,-1.4462
245,14.8901,10.6956,-1.69173
245,14.919,10.7328,-1.67459
245,15.026,10.7516,-1.78194
245,15.0425,10.7669,-1.75278
245,15.0865,10.8109,-1.73285
245,15.21,11.0278,-1.8383
245,15.2263,11.0951,-1.89116
245,9.6046,16.4934,1.22577
245,14.9436,12.639,-1.57564
245,15.0897,12.6948,-1.61568
245,15.1773,12.8117,-1.69646
245,16.4508,13.56,0.720791
245,15.8986,13.7426,-0.595127
245,9.37581,18.112,-0.342108
245,9.72883,18.0341,-0.359228
245,9.73772,18.0578,-0.320002
245,16.0636,13.8641,-0.631337
245,9.73307,18.1773,-0.399093
245,13.8054,15.0561,-1.44057
245,17.0981,14.0315,0.359668
245,15.4373,14.4957,-0.935643
245,17.1522,14.0592,0.348812
245,15.4618,14.6133,-0.808039
245,17.1728,14.0747,0.350812
245,9.75371,18.4876,-0.474193
245,17.4045,14.0679,0.348517
245,17.6274,14.2189,0.797174
245,15.6934,14.8588,-1.02959
245,15.6889,14.8476,-1.08511
245,15.7863,14.9116,-0.99179
245,15.6721,14.7333,-1.581
245,15.7418,14.8123,-1.6146
245,15.7967,14.8893,-1.87602
245,16.2091,15.3189,-0.630953
245,15.9314,15.2531,-1.14434
245,16.4708,15.6816,-0.740526
245,16.1021,15.4909,-1.74683
245,9.80599,20.406,-0.673102
245,16.742,15.9452,-0.732749
245,16.5287,15.8945,-1.17667
245,16.7575,16.1782,-0.846015
245,16.0873,16.1806,-1.82545
245,14.6128,14.7232,-1.90066
244,14.6128,14.7232,-1.90066
245,15.5872,16.3283,-1.52736
244,15.5872,16.3283,-1.52736
245,22.6394,18.936,-1.59759
244,22.6394,18.936,-1.59759
245,15.6338,14.6999,-1.03245
244,15.6338,14.6999,-1.03245
245,24.4832,18.8456,-1.59241
244,24.4832,18.8456,-1.59241
245,25.2629,17.738,-2.08198
244,25.2629,17.738,-2.08198
245,15.7852,14.9087,-0.600565
244,15.7852,14.9087,-0.600565
245,16.8694,17.5509,-3.15114
244,16.8694,17.5509,-3.15114
245,26.0619,17.9032,-2.14071
244,26.0619,17.9032,-2.14071
245,16.3165,17.1304,-1.42369
244,16.3165,17.1304,-1.42369
245,25.2642,17.8176,-2.05197
244,25.2642,17.8176,-2.05197
245,24.4035,18.8243,-1.5594
244,24.4035,18.8243,-1.5594
245,25.4035,18.0051,-1.83636
244,25.4035,18.0051,-1.83636
245,16.8934,17.5062,-1.02798
244,16.8934,17.5062,-1.02798
245,18.0251,18.8946,-1.28817
244,18.0251,18.8946,-1.28817
245,18.3517,19.0517,-1.33786
244,18.3517,19.0517,-1.33786
245,27.0008,16.6771,-1.79321
244,27.0008,16.6771,-1.79321
245,27.078,16.7268,-1.74613
244,27.078,16.7268,-1.74613
245,18.3704,19.0613,-1.49336
244,18.3704,19.0613,-1.49336
245,18.112,18.9099,-1.44725
244,18.112,18.9099,-1.44725
245,16.387,17.1914,-1.45074
244,16.387,17.1914,-1.45074
245,24.8831,17.0225,-1.77546
244,24.8831,17.0225,-1.77546
245,14.9907,15.7555,-1.7152
244,14.9907,15.7555,-1.7152
245,23.3146,16.6574,-1.67538
244,23.3146,16.6574,-1.67538
245,26.3575,19.5148,-1.75385
244,26.3575,19.5148,-1.75385
245,14.6357,15.0949,-0.982359
244,14.6357,15.0949,-0.982359
245,16.4304,17.4001,-1.52293
244,16.4304,17.4001,-1.52293
245,24.9701,17.735,-2.01368
244,24.9701,17.735,-2.01368
245,27.222,18.3875,-2.2322
244,27.222,18.3875,-2.2322
245,29.5305,17.7846,-2.15184
244,29.5305,17.7846,-2.15184
245,14.5122,15.209,-1.51429
244,14.5122,15.209,-1.51429
245,25.9437,17.6979,-1.99224
244,25.9437,17.6979,-1.99224
245,25.7903,17.7212,-1.9818
244,25.7903,17.7212,-1.9818
245,15.383,12.207,-0.291709
244,15.383,12.207,-0.291709
245,28.2197,17.1911,-1.89858
244,28.2197,17.1911,-1.89858
245,23.2634,16.8659,-1.73494
244,23.2634,16.8659,-1.73494
245,22.297,17.4488,-1.84788
244,22.297,17.4488,-1.84788
245,25.8487,16.8,-1.72545
244,25.8487,16.8,-1.72545
245,22.1418,17.0928,-1.75774
239,22.1418,17.0928,-1.75774
245,22.6744,17.4886,-1.87078
239,22.6744,17.4886,-1.87078
245,16.154,17.1768,-2.14588
239,16.154,17.1768,-2.14588
245,24.4351,18.2969,-1.50136
239,24.4351,18.2969,-1.50136
245,21.6894,17.9044,-1.9624
239,21.6894,17.9044,-1.9624
245,22.32,18.4362,-2.11272
239,22.32,18.4362,-2.11272
245,26.2935,18.5154,-1.95673
239,26.2935,18.5154,-1.95673
245,26.6796,18.7562,-1.99762
239,26.6796,18.7562,-1.99762
245,14.597,14.9527,-2.00654
239,14.597,14.9527,-2.00654
245,27.7294,16.8746,-1.83727
239,27.7294,16.8746,-1.83727
245,26.1943,18.3383,-2.29858
239,26.1943,18.3383,-2.29858
245,23.2032,16.4458,-1.72341
239,23.2032,16.4458,-1.72341
245,24.2198,15.238,-1.34373
239,24.2198,15.238,-1.34373
245,16.1395,17.1583,-2.06372
239,16.1395,17.1583,-2.06372
245,19.0551,14.9468,-1.08864
239,19.0551,14.9468,-1.08864
245,17.6306,18.468,-3.55866
239,17.6306,18.468,-3.55866
245,16.6057,17.3901,-2.12926
239,16.6057,17.3901,-2.12926
245,26.3884,20.2344,-2.61159
239,26.3884,20.2344,-2.61159
245,29.2741,18.1315,-0.614419
239,29.2741,18.1315,-0.614419
245,22.5177,17.2235,-1.85707
239,22.5177,17.2235,-1.85707
245,25.287,18.7864,-1.57172
239,25.287,18.7864,-1.57172
245,16.4869,17.3603,-3.02092
239,16.4869,17.3603,-3.02092
245,13.5626,13.7984,-1.41682
243,13.5626,13.7984,-1.41682
245,24.9079,19.1256,-2.27349
243,24.9079,19.1256,-2.27349
245,17.9396,15.3292,-0.629281
243,17.9396,15.3292,-0.629281
245,17.6428,14.2351,0.651561
243,17.6428,14.2351,0.651561
245,24.7255,16.9461,-1.74521
243,24.7255,16.9461,-1.74521
245,22.944,17.8234,-1.89485
240,22.944,17.8234,-1.89485
245,30.5626,18.7212,-2.44123
240,30.5626,18.7212,-2.44123
245,33.5726,22.6468,-3.12736
240,33.5726,22.6468,-3.12736
245,17.5228,18.8692,-3.41628
240,17.5228,18.8692,-3.41628
245,43.4182,29.2687,-4.78326
240,43.4182,29.2687,-4.78326
245,22.8153,16.8425,-1.76011
240,22.8153,16.8425,-1.76011
245,20.7518,17.1809,-1.73345
242,20.7518,17.1809,-1.73345
245,19.039,19.5118,-1.60075
242,19.039,19.5118,-1.60075
245,14.4421,14.773,-1.93988
242,14.4421,14.773,-1.93988
245,29.9273,23.7608,-2.68793
242,29.9273,23.7608,-2.68793
245,21.346,17.4811,-1.84667
242,21.346,17.4811,-1.84667
245,15.8851,16.7268,-1.77419
242,15.8851,16.7268,-1.77419
245,18.9075,19.9752,-1.6536
242,18.9075,19.9752,-1.6536
245,21.4106,17.5954,-1.79589
235,21.4106,17.5954,-1.79589
245,11.9913,10.5448,0.273831
233,11.9913,10.5448,0.273831
246,9.33743,11.9354,-1.64694
246,9.27412,13.05,-1.67643
246,15.024,10.7456,-1.7621
246,15.1502,10.812,-1.79173
246,15.0289,10.9215,-1.78308
246,15.1099,10.9471,-1.76785
246,15.281,11.1009,-1.88476
246,14.1605,14.2451,1.17317
246,14.9393,12.5624,-1.59157
246,15.0206,12.7054,-1.65531
246,15.0391,12.6941,-1.67527
246,15.0517,12.7068,-1.66211
246,15.0565,12.7389,-1.63372
246,15.1208,12.7582,-1.66513
246,9.19157,17.2837,-0.442485
246,15.1797,12.8079,-1.66089
246,15.2173,12.8021,-1.69827
246,9.39993,17.3309,-0.428604
246,16.604,13.6876,0.695276
246,16.166,13.8475,0.283605
246,9.31128,17.9586,-0.411023
246,15.9568,13.7242,-0.595267
246,10.384,16.8918,-1.66182
246,10.3964,16.9122,-1.60612
246,10.448,16.8836,-1.60678
246,10.4855,16.9561,-1.63327
246,16.0749,13.8631,-0.636909
246,16.1295,13.8587,-0.620201
246,17.0395,13.9985,0.682257
246,15.3758,14.481,-0.751085
246,17.2629,13.9554,0.564868
246,17.3405,14.0134,0.411919
246,15.2108,14.2674,-1.94729
246,15.6778,14.781,-0.429379
246,17.5407,14.1365,0.648828
246,13.9905,15.4845,-1.58023
246,16.0452,15.1332,-0.949481
244,16.0452,15.1332,-0.949481
246,18.0566,18.4084,-1.35822
244,18.0566,18.4084,-1.35822
246,19.351,20.5083,-1.538
244,19.351,20.5083,-1.538
246,15.5721,16.305,-1.52899
244,15.5721,16.305,-1.52899
246,16.137,16.7612,-1.94935
244,16.137,16.7612,-1.94935
246,14.6818,13.7409,-0.732536
244,14.6818,13.7409,-0.732536
246,23.6682,16.7971,-1.80897
244,23.6682,16.7971,-1.80897
246,18.0664,14.4066,-0.533562
244,18.0664,14.4066,-0.533562
246,14.6859,13.7452,-0.732188
244,14.6859,13.7452,-0.732188
246,16.0086,16.3246,-0.876832
244,16.0086,16.3246,-0.876832
246,26.1089,17.984,-2.19194
244,26.1089,17.984,-2.19194
246,18.3405,19.0186,-1.49453
244,18.3405,19.0186,-1.49453
246,18.2356,19.0519,-1.4908
244,18.2356,19.0519,-1.4908
246,18.5143,13.6716,-0.822621
244,18.5143,13.6716,-0.822621
246,25.3991,17.283,-1.88889
244,25.3991,17.283,-1.88889
246,14.9387,15.4653,-1.04563
244,14.9387,15.4653,-1.04563
246,19.1148,18.8919,-1.48828
244,19.1148,18.8919,-1.48828
246,23.0462,13.9095,-0.994444
244,23.0462,13.9095,-0.994444
246,17.0142,18.465,-2.6537
244,17.0142,18.465,-2.6537
246,21.0397,16.4934,-1.49697
244,21.0397,16.4934,-1.49697
246,22.0574,15.5925,-1.39675
244,22.0574,15.5925,-1.39675
246,20.1762,14.8493,-1.09021
244,20.1762,14.8493,-1.09021
246,18.3665,18.7423,-1.41416
244,18.3665,18.7423,-1.41416
246,15.0436,14.1125,-1.34127
244,15.0436,14.1125,-1.34127
246,23.9355,15.2183,-1.31159
244,23.9355,15.2183,-1.31159
246,24.8655,17.0323,-1.78255
244,24.8655,17.0323,-1.78255
246,15.4008,14.5168,-0.939985
244,15.4008,14.5168,-0.939985
246,15.6185,14.7368,-0.880022
244,15.6185,14.7368,-0.880022
246,17.9036,18.6439,-1.38522
244,17.9036,18.6439,-1.38522
246,20.627,13.6729,-0.83418
244,20.627,13.6729,-0.83418
246,25.313,16.6683,-1.69694
244,25.313,16.6683,-1.69694
246,27.2861,18.4071,-2.2259
244,27.2861,18.4071,-2.2259
246,23.8491,17.0599,-1.78254
244,23.8491,17.0599,-1.78254
246,27.3739,16.7586,-1.78187
244,27.3739,16.7586,-1.78187
246,14.488,14.8262,-0.884189
244,14.488,14.8262,-0.884189
246,17.5402,18.0147,-1.25059
244,17.5402,18.0147,-1.25059
246,24.5168,16.9511,-1.71033
244,24.5168,16.9511,-1.71033
246,23.7258,17.0713,-1.77476
244,23.7258,17.0713,-1.77476
246,25.1156,16.4811,-1.57416
244,25.1156,16.4811,-1.57416
246,16.656,15.933,-1.28265
245,16.656,15.933,-1.28265
246,20.8421,17.6122,-1.12394
245,20.8421,17.6122,-1.12394
246,16.1316,16.7893,-1.8151
245,16.1316,16.7893,-1.8151
246,16.2738,16.9225,-1.80418
245,16.2738,16.9225,-1.80418
246,11.509,11.1781,-0.279026
245,11.509,11.1781,-0.279026
246,14.0373,14.3474,-0.74486
245,14.0373,14.3474,-0.74486
246,18.351,17.6697,-1.79336
245,18.351,17.6697,-1.79336
246,15.119,15.405,-2.20797
245,15.119,15.405,-2.20797
246,21.8237,17.0066,-1.6479
245,21.8237,17.0066,-1.6479
246,16.5306,17.0978,-2.9102
245,16.5306,17.0978,-2.9102
246,16.1197,16.2036,-1.85097
245,16.1197,16.2036,-1.85097
246,25.4345,17.9078,-2.16831
245,25.4345,17.9078,-2.16831
246,22.8472,15.5193,-1.2833
245,22.8472,15.5193,-1.2833
246,16.401,17.0002,-1.47582
245,16.401,17.0002,-1.47582
246,19.7635,20.3548,-1.79334
245,19.7635,20.3548,-1.79334
246,22.5438,17.2972,-1.79308
245,22.5438,17.2972,-1.79308
246,22.3874,17.402,-1.75039
245,22.3874,17.402,-1.75039
246,28.2488,17.071,-1.92073
245,28.2488,17.071,-1.92073
246,24.8379,17.4136,-2.03988
245,24.8379,17.4136,-2.03988
246,15.0973,10.9606,-1.81015
245,15.0973,10.9606,-1.81015
246,13.5768,13.9202,-1.1033
245,13.5768,13.9202,-1.1033
246,15.7124,13.2517,-0.508225
245,15.7124,13.2517,-0.508225
246,17.5781,18.3657,-1.22116
245,17.5781,18.3657,-1.22116
246,27.7077,16.9407,-1.85404
245,27.7077,16.9407,-1.85404
246,25.2436,16.652,-1.6067
245,25.2436,16.652,-1.6067
246,27.3298,18.4745,-2.04805
245,27.3298,18.4745,-2.04805
246,16.3248,17.2594,-1.57643
239,16.3248,17.2594,-1.57643
246,16.2408,17.1264,-1.51768
239,16.2408,17.1264,-1.51768
246,18.0888,18.3464,-1.49409
239,18.0888,18.3464,-1.49409
246,18.0799,17.9805,-1.36796
239,18.0799,17.9805,-1.36796
246,20.9831,17.3105,-1.79718
239,20.9831,17.3105,-1.79718
246,18.4788,19.3901,-1.7205
239,18.4788,19.3901,-1.7205
246,18.303,19.0397,-1.40197
239,18.303,19.0397,-1.40197
246,16.1174,17.0475,-1.74809
239,16.1174,17.0475,-1.74809
246,15.6514,16.6451,-2.60991
239,15.6514,16.6451,-2.60991
246,25.2397,15.5228,-1.39635
239,25.2397,15.5228,-1.39635
246,16.1542,16.9299,-2.89045
239,16.1542,16.9299,-2.89045
246,16.0153,16.7135,-2.69365
239,16.0153,16.7135,-2.69365
246,24.6584,16.0333,-1.51196
239,24.6584,16.0333,-1.51196
246,16.0995,16.8443,-2.80143
239,16.0995,16.8443,-2.80143
246,23.9256,18.4553,-1.49977
240,23.9256,18.4553,-1.49977
246,17.7454,17.7352,-1.29927
240,17.7454,17.7352,-1.29927
246,28.2008,17.8362,-2.08898
240,28.2008,17.8362,-2.08898
246,16.9998,18.1265,-3.12056
240,16.9998,18.1265,-3.12056
246,15.9824,17.1573,-2.79393
240,15.9824,17.1573,-2.79393
246,15.0549,14.1802,-1.3459
240,15.0549,14.1802,-1.3459
246,40.667,27.9495,-5.3127
242,40.667,27.9495,-5.3127
246,16.5484,17.099,-1.83104
242,16.5484,17.099,-1.83104
246,16.2124,17.101,-1.47565
237,16.2124,17.101,-1.47565
246,19.8603,16.4103,-1.63823
237,19.8603,16.4103,-1.63823
246,15.8452,17.0966,-2.64055
237,15.8452,17.0966,-2.64055
246,18.3486,19.3464,-1.42159
235,18.3486,19.3464,-1.42159
246,16.0988,17.0278,-2.40467
235,16.0988,17.0278,-2.40467
246,16.0548,16.9532,-2.39887
235,16.0548,16.9532,-2.39887
246,15.1918,15.2949,-2.17428
235,15.1918,15.2949,-2.17428
246,12.0769,10.6609,0.272756
233,12.0769,10.6609,0.272756
246,12.0881,10.6776,0.270297
233,12.0881,10.6776,0.270297
246,14.5127,14.7571,-1.95809
233,14.5127,14.7571,-1.95809
247,10.6821,9.53202,0.874123
247,10.7086,9.55141,0.886848
247,11.1907,9.91875,0.773252
247,9.24697,12.9,-1.60388
247,15.1581,10.834,-1.78377
247,15.1541,10.824,-1.83544
247,9.62365,15.2798,-0.00639153
247,9.61877,15.3021,-0.0530647
247,15.2927,11.1026,-1.86936
247,14.9218,12.5525,-1.58305
247,14.9057,12.5799,-1.58451
247,16.0815,13.4366,1.80176
247,15.0825,12.728,-1.65125
247,15.1484,12.7876,-1.68285
247,15.1575,12.7924,-1.66917
247,9.25239,18.74,1.72295
247,13.6893,14.5831,-1.5039
247,9.34968,18.0394,-0.435143
247,15.8534,13.7011,-0.723238
247,15.8807,13.7004,-0.704192
247,13.7715,14.7543,-1.54694
247,13.7931,14.7658,-1.55352
247,15.9381,13.753,-0.607318
247,13.7698,14.8436,-1.55322
247,16.0504,13.8176,-0.576449
247,10.4141,17.1391,-1.69438
247,17.1721,13.8629,0.773555
247,17.1809,13.8728,0.794264
247,17.1124,13.8396,0.521041
247,17.0637,13.8141,0.345345
247,15.4234,14.4952,-0.999638
247,16.4803,14.0834,-0.404768
247,15.2089,14.273,-1.96346
247,15.5068,14.5511,-0.970095
247,16.9445,14.2878,0.650307
247,16.3964,14.0597,-0.81929
247,15.3032,14.3675,-2.01419
247,13.9692,15.4428,-1.57481
247,15.3454,14.43,-2.02268
247,15.9069,16.6394,-1.38578
239,15.9069,16.6394,-1.38578
247,20.864,21.4427,-2.13929
239,20.864,21.4427,-2.13929
247,17.2494,14.6182,-1.08186
239,17.2494,14.6182,-1.08186
247,19.7741,20.09,-1.84027
239,19.7741,20.09,-1.84027
247,23.6097,16.4698,-1.69015
239,23.6097,16.4698,-1.69015
247,23.9666,16.6911,-1.66094
239,23.9666,16.6911,-1.66094
247,21.9469,17.9961,-1.90611
239,21.9469,17.9961,-1.90611
247,16.7731,14.1863,-0.952071
239,16.7731,14.1863,-0.952071
247,21.8587,15.3984,-1.3853
239,21.8587,15.3984,-1.3853
247,14.8281,16.3083,-2.14982
239,14.8281,16.3083,-2.14982
247,21.0075,17.2153,-1.69126
239,21.0075,17.2153,-1.69126
247,16.2317,16.3496,-1.89771
239,16.2317,16.3496,-1.89771
247,22.1104,15.5515,-1.42477
239,22.1104,15.5515,-1.42477
247,22.9279,16.1276,-1.60484
239,22.9279,16.1276,-1.60484
247,14.8004,15.2921,-2.11412
239,14.8004,15.2921,-2.11412
247,26.3001,19.5496,-1.75662
239,26.3001,19.5496,-1.75662
247,23.8889,16.5429,-1.75646
239,23.8889,16.5429,-1.75646
247,21.8515,13.7385,1.93448
239,21.8515,13.7385,1.93448
247,23.3452,14.4399,2.09868
239,23.3452,14.4399,2.09868
247,19.8007,15.5137,-1.23672
239,19.8007,15.5137,-1.23672
247,16.0388,17.0068,-2.00427
239,16.0388,17.0068,-2.00427
247,27.27,19.0949,-2.15091
239,27.27,19.0949,-2.15091
247,25.6667,17.8323,-2.1445
239,25.6667,17.8323,-2.1445
247,16.0671,16.795,-2.72079
239,16.0671,16.795,-2.72079
247,15.9943,17.1206,-2.7959
239,15.9943,17.1206,-2.7959
247,38.9116,26.3706,-4.50231
239,38.9116,26.3706,-4.50231
247,20.8627,15.7017,-1.41541
239,20.8627,15.7017,-1.41541
247,15.2932,14.3918,-1.43138
239,15.2932,14.3918,-1.43138
247,20.4772,16.1473,-1.44551
239,20.4772,16.1473,-1.44551
247,27.0374,16.6411,-1.75776
239,27.0374,16.6411,-1.75776
247,23.2154,16.1731,-1.5414
239,23.2154,16.1731,-1.5414
247,24.3653,17.3968,-1.925
239,24.3653,17.3968,-1.925
247,16.1038,16.8594,-2.82419
239,16.1038,16.8594,-2.82419
247,33.7338,23.502,-3.81066
239,33.7338,23.502,-3.81066
247,38.3657,26.5042,-4.69285
239,38.3657,26.5042,-4.69285
247,18.4489,19.3945,-1.43376
242,18.4489,19.3945,-1.43376
247,26.1998,18.2794,-2.33432
242,26.1998,18.2794,-2.33432
247,15.5724,13.4174,-0.597022
242,15.5724,13.4174,-0.597022
247,22.4037,15.9063,-1.532
242,22.4037,15.9063,-1.532
247,21.7078,14.4647,2.56444
242,21.7078,14.4647,2.56444
247,15.9994,16.903,-1.61606
242,15.9994,16.903,-1.61606
247,16.2581,13.7246,-0.790887
242,16.2581,13.7246,-0.790887
247,20.2204,14.5204,-1.03307
242,20.2204,14.5204,-1.03307
247,16.6554,14.1679,-0.809114
242,16.6554,14.1679,-0.809114
247,26.0245,17.8102,-1.97584
242,26.0245,17.8102,-1.97584
247,17.3677,18.0213,-1.2793
242,17.3677,18.0213,-1.2793
247,20.278,14.9755,-1.10454
242,20.278,14.9755,-1.10454
247,24.6989,17.1013,-1.82241
242,24.6989,17.1013,-1.82241
247,16.859,17.1241,-1.05765
242,16.859,17.1241,-1.05765
247,16.4842,16.8919,-1.02635
242,16.4842,16.8919,-1.02635
247,18.2061,19.0909,-1.50784
242,18.2061,19.0909,-1.50784
247,17.7174,18.4701,-1.38611
242,17.7174,18.4701,-1.38611
247,15.3802,11.9629,-0.122926
242,15.3802,11.9629,-0.122926
247,16.4027,16.7316,-0.966825
242,16.4027,16.7316,-0.966825
247,17.9574,17.7503,-1.3328
240,17.9574,17.7503,-1.3328
247,15.1582,15.5195,-2.24008
240,15.1582,15.5195,-2.24008
247,23.2794,18.0756,-1.97553
240,23.2794,18.0756,-1.97553
247,24.8123,14.9952,2.5421
240,24.8123,14.9952,2.5421
247,23.0403,17.9006,-1.93093
240,23.0403,17.9006,-1.93093
247,22.7559,17.665,-1.839
246,22.7559,17.665,-1.839
247,16.3248,17.2602,-1.83696
246,16.3248,17.2602,-1.83696
247,15.874,16.3764,-1.29947
246,15.874,16.3764,-1.29947
247,22.687,17.5907,-1.81342
246,22.687,17.5907,-1.81342
247,22.6854,17.629,-1.79608
246,22.6854,17.629,-1.79608
247,16.8487,17.5491,-1.63178
246,16.8487,17.5491,-1.63178
247,14.9564,14.0758,-0.648038
246,14.9564,14.0758,-0.648038
247,16.7136,15.8261,-0.680388
246,16.7136,15.8261,-0.680388
247,13.5616,12.7682,0.00998027
246,13.5616,12.7682,0.00998027
247,23.3717,17.9035,-0.587464
246,23.3717,17.9035,-0.587464
247,27.2715,18.3729,-2.17039
246,27.2715,18.3729,-2.17039
247,14.0504,12.2379,-0.157911
246,14.0504,12.2379,-0.157911
247,15.8407,16.6223,-1.37459
246,15.8407,16.6223,-1.37459
247,25.909,17.6833,-1.78089
246,25.909,17.6833,-1.78089
247,15.7203,13.2629,-0.506136
246,15.7203,13.2629,-0.506136
247,29.373,20.0511,-0.965458
244,29.373,20.0511,-0.965458
247,15.3317,14.47,-0.482449
244,15.3317,14.47,-0.482449
247,18.5713,19.4821,-1.6375
244,18.5713,19.4821,-1.6375
247,10.2701,21.7446,-0.864091
244,10.2701,21.7446,-0.864091
247,20.7864,17.0521,-1.6485
244,20.7864,17.0521,-1.6485
247,25.7352,19.084,-1.66711
244,25.7352,19.084,-1.66711
247,24.3042,19.5604,-2.46835
244,24.3042,19.5604,-2.46835
247,16.1663,17.5361,-2.76135
244,16.1663,17.5361,-2.76135
247,15.7549,16.5365,-1.71431
245,15.7549,16.5365,-1.71431
247,30.0883,20.3084,-1.28324
245,30.0883,20.3084,-1.28324
247,28.0591,19.4391,-2.75065
245,28.0591,19.4391,-2.75065
247,18.0539,15.0377,-1.03509
245,18.0539,15.0377,-1.03509
247,14.6044,14.963,-0.889066
245,14.6044,14.963,-0.889066
247,9.76502,20.0956,-0.6417
245,9.76502,20.0956,-0.6417
247,24.4452,16.8541,-1.68062
245,24.4452,16.8541,-1.68062
247,22.2324,13.7786,2.05143
237,22.2324,13.7786,2.05143
247,27.5238,16.7621,-1.79325
237,27.5238,16.7621,-1.79325
247,28.3062,17.1445,-1.8492
237,28.3062,17.1445,-1.8492
247,24.1287,16.7531,-1.61044
237,24.1287,16.7531,-1.61044
247,26.317,16.3438,-1.6693
233,26.317,16.3438,-1.6693
248,8.87565,14.5909,1.40957
248,8.93021,14.5863,1.41802
248,8.87215,14.6133,1.37162
248,15.1103,10.799,-1.78593
248,15.07,10.9351,-1.84144
248,15.1698,10.996,-1.87296
248,15.3885,11.1108,-1.92253
248,9.53206,16.477,-0.185922
248,15.1173,12.7815,-1.68828
248,15.1047,12.787,-1.70465
248,15.1545,12.7374,-1.76404
248,15.1383,12.7797,-1.70623
248,15.1399,12.7955,-1.67281
248,15.1341,12.7874,-1.73021
248,9.57043,17.7184,1.8028
248,15.2882,12.9028,-1.77144
248,15.5077,13.3928,-0.265637
248,16.3557,13.6115,1.87817
248,9.58288,17.9518,1.87362
248,13.507,14.6352,-1.35732
248,16.6991,13.8779,1.88784
248,15.716,13.6044,-0.709973
248,15.3573,14.3147,0.0674568
248,16.9057,13.9955,1.93225
248,16.9342,14.0338,1.93783
248,16.7318,13.7581,0.696295
248,10.347,17.0355,-1.65504
248,13.5744,15.1124,-1.47685
248,16.5073,13.9427,0.385523
248,17.1688,14.0682,1.94072
248,16.8319,13.8339,0.453615
248,10.3792,17.1725,-1.71133
248,10.3823,17.1858,-1.6674
248,9.33716,18.2895,-0.43198
248,15.3489,14.435,-0.816712
248,10.4557,17.2396,-1.72086
248,15.3833,14.4553,-0.830765
248,18.8112,19.3012,-1.70521
239,18.8112,19.3012,-1.70521
248,16.0246,16.8429,-1.45426
239,16.0246,16.8429,-1.45426
248,15.4639,13.059,-1.87066
239,15.4639,13.059,-1.87066
248,16.4197,17.4346,-1.64552
239,16.4197,17.4346,-1.64552
248,16.1509,17.033,-1.52406
239,16.1509,17.033,-1.52406
248,16.2262,16.8754,-1.82772
239,16.2262,16.8754,-1.82772
248,23.6601,17.0346,-1.74756
239,23.6601,17.0346,-1.74756
248,18.5086,19.3435,-1.46847
239,18.5086,19.3435,-1.46847
248,15.3852,14.4543,-1.5038
239,15.3852,14.4543,-1.5038
248,18.1929,18.9548,-1.39145
239,18.1929,18.9548,-1.39145
248,18.3297,19.2213,-1.5358
239,18.3297,19.2213,-1.5358
248,15.7634,16.6109,-1.85235
239,15.7634,16.6109,-1.85235
248,19.65,14.9272,2.46706
239,19.65,14.9272,2.46706
248,25.5557,19.0475,-1.70669
239,25.5557,19.0475,-1.70669
248,30.1558,17.8553,-2.14034
239,30.1558,17.8553,-2.14034
248,26.1316,18.4364,-1.95962
239,26.1316,18.4364,-1.95962
248,27.2684,19.1631,-2.15589
239,27.2684,19.1631,-2.15589
248,18.2796,19.1566,-1.5356
239,18.2796,19.1566,-1.5356
248,19.7326,14.998,2.49855
239,19.7326,14.998,2.49855
248,17.0161,13.995,2.08488
239,17.0161,13.995,2.08488
248,17.305,14.0222,2.1083
239,17.305,14.0222,2.1083
248,23.209,17.6013,3.75973
239,23.209,17.6013,3.75973
248,16.1823,16.9892,-2.79901
239,16.1823,16.9892,-2.79901
248,16.1443,16.9347,-2.79971
239,16.1443,16.9347,-2.79971
248,21.4728,14.642,2.60956
239,21.4728,14.642,2.60956
248,15.6926,16.7799,-2.10909
239,15.6926,16.7799,-2.10909
248,19.6009,14.9309,2.91891
239,19.6009,14.9309,2.91891
248,16.4692,17.1368,-1.79507
239,16.4692,17.1368,-1.79507
248,21.5103,16.8237,-1.60752
239,21.5103,16.8237,-1.60752
248,16.9598,13.6858,2.30306
239,16.9598,13.6858,2.30306
248,17.0056,13.8594,1.9719
239,17.0056,13.8594,1.9719
248,17.0794,13.7944,2.09869
239,17.0794,13.7944,2.09869
248,16.1077,16.898,-2.81608
239,16.1077,16.898,-2.81608
248,15.2305,14.3423,-1.44998
239,15.2305,14.3423,-1.44998
248,17.2627,13.9479,2.12846
239,17.2627,13.9479,2.12846
248,15.6167,12.6327,1.93551
239,15.6167,12.6327,1.93551
248,19.6076,15.3336,2.83787
239,19.6076,15.3336,2.83787
248,25.3595,19.6401,3.55541
239,25.3595,19.6401,3.55541
248,14.637,12.0028,1.76939
239,14.637,12.0028,1.76939
248,26.3403,18.5158,-2.27602
239,26.3403,18.5158,-2.27602
248,15.5132,16.6493,-2.07526
239,15.5132,16.6493,-2.07526
248,23.3674,16.7575,-1.72002
239,23.3674,16.7575,-1.72002
248,24.7824,17.6712,-1.98945
239,24.7824,17.6712,-1.98945
248,14.5398,11.9273,1.73546
239,14.5398,11.9273,1.73546
248,18.6695,14.8843,2.39813
239,18.6695,14.8843,2.39813
248,24.5844,19.0635,3.39247
239,24.5844,19.0635,3.39247
248,17.7555,14.3518,2.45077
239,17.7555,14.3518,2.45077
248,16.9657,13.6889,2.30768
239,16.9657,13.6889,2.30768
248,16.5394,13.5842,2.28529
239,16.5394,13.5842,2.28529
248,14.861,12.2567,1.72656
239,14.861,12.2567,1.72656
248,15.6152,12.5705,2.07417
239,15.6152,12.5705,2.07417
248,15.8621,16.5379,-2.67647
239,15.8621,16.5379,-2.67647
248,25.2674,19.576,3.52345
239,25.2674,19.576,3.52345
248,15.142,12.4109,1.72002
239,15.142,12.4109,1.72002
248,25.4017,16.4636,-1.66933
239,25.4017,16.4636,-1.66933
248,16.3352,13.2091,2.11023
239,16.3352,13.2091,2.11023
248,15.4954,14.5862,-1.03652
240,15.4954,14.5862,-1.03652
248,16.1346,17.0233,-1.98295
240,16.1346,17.0233,-1.98295
248,16.0111,16.9236,-1.88458
240,16.0111,16.9236,-1.88458
248,15.9754,16.8698,-1.67568
240,15.9754,16.8698,-1.67568
248,18.4448,18.8493,-1.60998
240,18.4448,18.8493,-1.60998
248,16.0412,16.9656,-1.8849
240,16.0412,16.9656,-1.8849
248,16.3641,17.2005,-2.93733
240,16.3641,17.2005,-2.93733
248,24.151,18.6678,-1.5523
240,24.151,18.6678,-1.5523
248,32.549,20.0302,4.36946
240,32.549,20.0302,4.36946
248,24.7197,17.1006,-1.79592
240,24.7197,17.1006,-1.79592
248,24.3921,18.4633,-1.16175
240,24.3921,18.4633,-1.16175
248,23.0117,15.0979,2.803
240,23.0117,15.0979,2.803
248,16.2272,13.1697,2.03566
240,16.2272,13.1697,2.03566
248,22.3352,15.0442,2.77364
240,22.3352,15.0442,2.77364
248,22.6669,15.7642,-1.42211
240,22.6669,15.7642,-1.42211
248,25.5219,17.4415,-1.92035
240,25.5219,17.4415,-1.92035
248,26.0369,19.3064,-1.74033
240,26.0369,19.3064,-1.74033
248,15.0306,14.1804,-1.38118
240,15.0306,14.1804,-1.38118
248,16.4855,17.394,-1.56518
242,16.4855,17.394,-1.56518
248,15.1396,14.4442,-0.882587
242,15.1396,14.4442,-0.882587
248,15.1715,14.4804,-0.890929
242,15.1715,14.4804,-0.890929
248,16.5062,17.4229,-1.60465
242,16.5062,17.4229,-1.60465
248,20.1839,15.2892,2.45319
242,20.1839,15.2892,2.45319
248,16.0595,16.9887,-1.56501
242,16.0595,16.9887,-1.56501
248,16.1388,13.7478,-0.69581
242,16.1388,13.7478,-0.69581
248,20.0183,15.1807,2.42457
242,20.0183,15.1807,2.42457
248,16.826,14.175,-0.486007
242,16.826,14.175,-0.486007
248,17.0922,17.8188,-2.06705
242,17.0922,17.8188,-2.06705
248,16.6256,17.1003,-1.07476
242,16.6256,17.1003,-1.07476
248,20.1794,13.803,2.36456
242,20.1794,13.803,2.36456
248,18.9675,13.2594,2.28979
242,18.9675,13.2594,2.28979
248,20.3927,15.4564,3.08124
242,20.3927,15.4564,3.08124
248,15.3451,14.5224,-0.869182
242,15.3451,14.5224,-0.869182
248,16.2998,17.2055,-1.55872
242,16.2998,17.2055,-1.55872
248,15.852,14.959,-0.942246
244,15.852,14.959,-0.942246
248,15.7207,16.5521,-1.66441
244,15.7207,16.5521,-1.66441
248,15.2125,14.305,-0.760611
244,15.2125,14.305,-0.760611
248,18.1148,18.6131,-1.42247
244,18.1148,18.6131,-1.42247
248,17.4682,18.5746,-1.85192
244,17.4682,18.5746,-1.85192
248,18.1804,19.4849,-2.0959
244,18.1804,19.4849,-2.0959
248,19.0916,14.6676,2.17361
244,19.0916,14.6676,2.17361
248,18.7977,19.7862,-1.74238
244,18.7977,19.7862,-1.74238
248,19.3509,19.6603,-1.7459
244,19.3509,19.6603,-1.7459
248,17.3208,18.6814,-3.39222
244,17.3208,18.6814,-3.39222
248,16.8824,17.4314,-1.15603
244,16.8824,17.4314,-1.15603
248,17.5698,18.7043,-1.89531
244,17.5698,18.7043,-1.89531
248,19.6685,20.2984,-1.7879
244,19.6685,20.2984,-1.7879
248,24.4357,15.9772,-1.48412
244,24.4357,15.9772,-1.48412
248,25.3258,15.7679,-1.52294
244,25.3258,15.7679,-1.52294
248,17.387,14.0296,0.716147
244,17.387,14.0296,0.716147
248,24.6641,16.9292,-1.74415
244,24.6641,16.9292,-1.74415
248,15.1611,14.3428,-0.455542
244,15.1611,14.3428,-0.455542
248,14.8992,15.8268,-2.08062
244,14.8992,15.8268,-2.08062
248,23.4738,15.0084,-1.2498
244,23.4738,15.0084,-1.2498
248,14.9351,15.8877,-2.07574
244,14.9351,15.8877,-2.07574
248,14.533,10.5599,-1.54546
244,14.533,10.5599,-1.54546
248,15.6483,14.8049,-0.502673
247,15.6483,14.8049,-0.502673
248,21.1885,20.1878,-1.68877
247,21.1885,20.1878,-1.68877
248,15.5045,14.6722,-0.45367
247,15.5045,14.6722,-0.45367
248,17.534,16.5254,-1.39812
247,17.534,16.5254,-1.39812
248,15.6739,14.9088,-0.973281
247,15.6739,14.9088,-0.973281
248,15.2505,14.5143,-0.40767
247,15.2505,14.5143,-0.40767
248,17.0748,17.8273,-0.85668
247,17.0748,17.8273,-0.85668
248,17.9981,14.2486,2.10637
247,17.9981,14.2486,2.10637
248,15.9362,16.5001,-1.35189
247,15.9362,16.5001,-1.35189
248,18.4984,17.7461,-1.10332
247,18.4984,17.7461,-1.10332
248,16.7515,13.779,1.88125
247,16.7515,13.779,1.88125
248,17.3866,16.5268,-0.812069
247,17.3866,16.5268,-0.812069
248,16.9596,18.2432,-2.46948
247,16.9596,18.2432,-2.46948
248,21.094,16.3711,-0.333176
247,21.094,16.3711,-0.333176
248,14.6286,15.2826,-2.08045
246,14.6286,15.2826,-2.08045
248,16.2865,16.426,-1.94353
246,16.2865,16.426,-1.94353
248,15.9775,16.8684,-1.87331
246,15.9775,16.8684,-1.87331
248,15.3415,16.3016,-2.41006
246,15.3415,16.3016,-2.41006
248,9.3524,18.3107,-0.425405
246,9.3524,18.3107,-0.425405
248,16.7803,18.0441,-2.37721
246,16.7803,18.0441,-2.37721
248,16.4512,17.0871,-2.94483
237,16.4512,17.0871,-2.94483
248,15.296,15.9573,-1.58728
237,15.296,15.9573,-1.58728
248,23.7425,16.5081,-1.54838
237,23.7425,16.5081,-1.54838
248,15.9169,17.0908,-2.7011
235,15.9169,17.0908,-2.7011
248,16.5163,17.2436,-1.60143
235,16.5163,17.2436,-1.60143
249,8.92929,14.7567,1.35737
249,15.0182,10.9168,-1.75595
249,14.9848,10.9296,-1.77679
249,15.3052,11.0904,-1.90888
249,9.28583,16.3812,-0.209554
249,9.31729,16.5003,-0.220762
249,14.956,12.6608,-1.63544
249,9.54785,17.0859,1.75446
249,15.0946,12.7735,-1.69257
249,15.1222,12.7712,-1.68633
249,16.1282,13.4514,1.89782
249,9.3458,16.855,-0.231107
249,9.34306,16.8907,-0.319119
249,16.3501,13.6231,1.86337
249,15.3722,12.9179,-1.79663
249,9.54692,16.9088,-0.347131
249,16.5451,13.7272,1.89824
249,16.5582,13.787,1.90181
249,9.63886,17.3447,-0.379269
249,15.8811,13.6548,-0.361958
249,13.5308,14.7219,-1.33689
249,9.16685,18.3801,1.66673
249,9.2379,18.583,1.68122
249,17.1952,14.0727,1.94877
249,10.3789,16.8939,-1.62783
249,16.5306,13.9559,0.351352
249,16.8809,13.8817,0.681923
249,9.24621,18.7835,1.70962
249,10.3943,17.1194,-1.69035
249,16.3526,14.0114,-0.698322
249,10.4889,17.1668,-1.72436
249,10.5033,17.2879,-1.74581
249,14.0246,15.3341,-1.61903
249,15.8387,16.4233,-1.95327
248,15.8387,16.4233,-1.95327
249,14.7593,15.0877,-2.09234
248,14.7593,15.0877,-2.09234
249,15.1843,15.581,-2.30367
248,15.1843,15.581,-2.30367
249,16.9187,17.9146,-2.27281
248,16.9187,17.9146,-2.27281
249,15.9025,16.7833,-1.49061
248,15.9025,16.7833,-1.49061
249,19.7989,20.4212,-1.84114
248,19.7989,20.4212,-1.84114
249,19.56,20.1642,-1.76501
248,19.56,20.1642,-1.76501
249,14.9854,14.0964,-1.91538
248,14.9854,14.0964,-1.91538
249,19.4933,18.5257,-1.22766
248,19.4933,18.5257,-1.22766
249,16.9613,14.3826,-0.987915
248,16.9613,14.3826,-0.987915
249,13.8471,12.195,-0.249617
248,13.8471,12.195,-0.249617
249,17.5505,16.8769,-1.0283
248,17.5505,16.8769,-1.0283
249,15.3501,16.0338,-1.16869
248,15.3501,16.0338,-1.16869
249,19.0129,14.9912,2.4218
248,19.0129,14.9912,2.4218
249,15.828,13.1879,1.96978
248,15.828,13.1879,1.96978
249,20.3761,15.3759,2.47911
248,20.3761,15.3759,2.47911
249,20.4214,15.3939,2.57995
248,20.4214,15.3939,2.57995
249,18.3814,19.2474,-1.53488
248,18.3814,19.2474,-1.53488
249,20.3978,19.6544,-1.65832
248,20.3978,19.6544,-1.65832
249,20.3903,19.6688,-1.56197
248,20.3903,19.6688,-1.56197
249,15.9657,16.7656,-1.35351
248,15.9657,16.7656,-1.35351
249,15.87,16.7657,-1.56064
248,15.87,16.7657,-1.56064
249,20.7365,14.8185,-1.09074
248,20.7365,14.8185,-1.09074
249,24.6952,17.0666,-1.81745
248,24.6952,17.0666,-1.81745
249,16.5635,13.2465,1.95272
248,16.5635,13.2465,1.95272
249,20.2714,15.3144,2.33871
248,20.2714,15.3144,2.33871
249,15.023,15.9151,-1.79319
248,15.023,15.9151,-1.79319
249,15.8366,16.7455,-1.98091
248,15.8366,16.7455,-1.98091
249,19.0355,14.9244,2.89573
248,19.0355,14.9244,2.89573
249,23.172,18.0103,-1.39396
248,23.172,18.0103,-1.39396
249,15.5071,14.5746,-1.60442
248,15.5071,14.5746,-1.60442
249,19.3563,15.143,2.27289
248,19.3563,15.143,2.27289
249,16.0013,13.0657,1.88848
248,16.0013,13.0657,1.88848
249,14.3254,14.6174,-0.500447
248,14.3254,14.6174,-0.500447
249,17.239,16.2233,-0.893582
248,17.239,16.2233,-0.893582
249,18.6879,19.5851,-1.65314
248,18.6879,19.5851,-1.65314
249,20.7366,14.8186,-1.09077
248,20.7366,14.8186,-1.09077
249,24.2911,16.8322,-1.74504
248,24.2911,16.8322,-1.74504
249,26.2825,16.3216,-1.70381
248,26.2825,16.3216,-1.70381
249,16.4818,13.2295,1.96063
248,16.4818,13.2295,1.96063
249,16.854,13.3083,1.89228
248,16.854,13.3083,1.89228
249,19.7871,15.0336,2.38995
248,19.7871,15.0336,2.38995
249,12.9647,13.1511,-1.18927
248,12.9647,13.1511,-1.18927
249,17.6276,14.1765,0.713408
248,17.6276,14.1765,0.713408
249,15.7404,16.549,-1.37161
248,15.7404,16.549,-1.37161
249,19.0761,18.4312,-1.38227
248,19.0761,18.4312,-1.38227
249,19.9893,15.1514,2.99518
248,19.9893,15.1514,2.99518
249,16.5431,15.782,-0.696351
248,16.5431,15.782,-0.696351
249,17.6853,13.1291,-0.567156
248,17.6853,13.1291,-0.567156
249,15.1125,12.495,1.76399
248,15.1125,12.495,1.76399
249,16.1352,13.1512,1.99464
248,16.1352,13.1512,1.99464
249,20.5053,15.476,2.40734
248,20.5053,15.476,2.40734
249,16.8125,13.3187,1.88521
248,16.8125,13.3187,1.88521
249,19.7732,15.3769,2.32108
248,19.7732,15.3769,2.32108
249,15.7527,12.7753,1.85658
248,15.7527,12.7753,1.85658
249,23.8691,18.1154,-1.08862
248,23.8691,18.1154,-1.08862
249,24.112,16.7422,-1.69314
248,24.112,16.7422,-1.69314
249,19.4219,15.1394,2.27304
248,19.4219,15.1394,2.27304
249,13.8486,11.7257,1.59075
248,13.8486,11.7257,1.59075
249,19.9743,15.2605,2.60485
248,19.9743,15.2605,2.60485
249,13.8147,14.518,-1.34351
248,13.8147,14.518,-1.34351
249,16.9423,18.3924,-2.68577
248,16.9423,18.3924,-2.68577
249,18.167,13.8137,-0.803526
248,18.167,13.8137,-0.803526
249,24.2811,17.3213,-1.92418
248,24.2811,17.3213,-1.92418
249,20.2072,16.0173,-1.36199
248,20.2072,16.0173,-1.36199
249,24.7896,18.5528,-1.54106
248,24.7896,18.5528,-1.54106
249,14.705,15.6323,-1.9543
248,14.705,15.6323,-1.9543
249,25.0021,16.3336,-1.54792
248,25.0021,16.3336,-1.54792
249,14.5799,11.9623,1.61315
248,14.5799,11.9623,1.61315
249,16.5301,13.3092,1.89846
248,16.5301,13.3092,1.89846
249,26.1457,17.65,-1.98969
248,26.1457,17.65,-1.98969
249,24.3584,17.3608,-1.95452
248,24.3584,17.3608,-1.95452
249,14.6361,15.6005,-1.67007
248,14.6361,15.6005,-1.67007
249,10.9581,11.1698,-0.075887
248,10.9581,11.1698,-0.075887
249,18.7972,14.7454,2.2259
248,18.7972,14.7454,2.2259
249,17.0169,18.017,-1.76173
248,17.0169,18.017,-1.76173
249,14.2781,13.5094,-0.574257
248,14.2781,13.5094,-0.574257
249,24.2484,16.7626,-1.6432
248,24.2484,16.7626,-1.6432
249,21.8235,14.7487,-1.09889
248,21.8235,14.7487,-1.09889
249,17.6053,18.2047,-1.30556
248,17.6053,18.2047,-1.30556
249,14.1088,14.061,1.14113
239,14.1088,14.061,1.14113
249,16.9864,17.5836,-3.19599
239,16.9864,17.5836,-3.19599
249,15.7014,16.5054,-1.82273
239,15.7014,16.5054,-1.82273
249,18.1828,18.9172,-1.38053
239,18.1828,18.9172,-1.38053
249,24.6006,17.2016,-1.86351
239,24.6006,17.2016,-1.86351
249,29.5786,20.1325,-2.66029
239,29.5786,20.1325,-2.66029
249,15.0003,15.6008,-2.2223
239,15.0003,15.6008,-2.2223
249,19.194,20.6295,-4.37333
239,19.194,20.6295,-4.37333
249,15.7819,16.6266,-1.86777
239,15.7819,16.6266,-1.86777
249,19.7538,15.0028,2.50219
239,19.7538,15.0028,2.50219
249,17.0738,17.7042,-3.25964
239,17.0738,17.7042,-3.25964
249,24.7137,15.4822,-1.41627
239,24.7137,15.4822,-1.41627
249,17.2248,14.0325,2.00808
239,17.2248,14.0325,2.00808
249,16.1468,16.9149,-2.73745
239,16.1468,16.9149,-2.73745
249,17.1002,13.7944,2.32366
239,17.1002,13.7944,2.32366
249,18.7413,14.4201,2.39871
239,18.7413,14.4201,2.39871
249,22.2291,17.2975,3.09495
239,22.2291,17.2975,3.09495
249,23.0561,17.8978,3.1373
239,23.0561,17.8978,3.1373
249,16.8794,13.607,2.08084
239,16.8794,13.607,2.08084
249,19.0619,15.094,2.2905
239,19.0619,15.094,2.2905
249,17.8588,14.1912,2.32193
239,17.8588,14.1912,2.32193
249,23.0561,17.8977,3.13729
239,23.0561,17.8977,3.13729
249,17.3524,14.1457,2.0113
239,17.3524,14.1457,2.0113
249,15.7628,12.739,1.96542
239,15.7628,12.739,1.96542
249,18.2194,14.5193,2.29768
239,18.2194,14.5193,2.29768
249,16.1012,17.0204,-1.67884
240,16.1012,17.0204,-1.67884
249,16.0156,16.8947,-1.52965
240,16.0156,16.8947,-1.52965
249,25.5656,18.0882,-1.9042
240,25.5656,18.0882,-1.9042
249,23.7836,15.7572,-1.42934
240,23.7836,15.7572,-1.42934
249,34.2956,20.5955,-2.98149
240,34.2956,20.5955,-2.98149
249,15.9926,13.6402,-0.668769
242,15.9926,13.6402,-0.668769
249,16.924,14.3501,-0.896561
242,16.924,14.3501,-0.896561
249,15.8832,16.3352,-1.56601
242,15.8832,16.3352,-1.56601
249,16.7463,13.6294,2.07161
242,16.7463,13.6294,2.07161
249,15.8615,16.6957,-1.65407
244,15.8615,16.6957,-1.65407
249,15.595,14.6414,-0.920847
244,15.595,14.6414,-0.920847
249,14.4328,13.6054,-1.65766
244,14.4328,13.6054,-1.65766
249,10.4041,24.812,-1.40792
244,10.4041,24.812,-1.40792
249,16.7456,17.4562,-1.89943
244,16.7456,17.4562,-1.89943
249,15.9114,15.3987,-0.705117
244,15.9114,15.3987,-0.705117
249,15.5312,16.6022,-2.01136
244,15.5312,16.6022,-2.01136
249,15.8174,17.0739,-2.54592
244,15.8174,17.0739,-2.54592
249,14.5119,15.1501,-1.97999
247,14.5119,15.1501,-1.97999
249,14.5969,15.1879,-2.0223
247,14.5969,15.1879,-2.0223
249,25.43,18.5961,2.96442
247,25.43,18.5961,2.96442
249,15.8209,16.4097,-1.33278
247,15.8209,16.4097,-1.33278
249,25.6302,19.6048,-2.42295
247,25.6302,19.6048,-2.42295
249,17.2521,18.2455,-3.35772
237,17.2521,18.2455,-3.35772
249,16.3976,17.042,-1.53162
235,16.3976,17.042,-1.53162
249,16.3514,17.4749,-2.68207
233,16.3514,17.4749,-2.68207
250,8.21404,13.0456,-1.68235
250,8.2227,13.0802,-1.65687
250,8.23946,13.1047,-1.64478
250,8.23452,13.1644,-1.66471
250,8.89649,14.5341,1.33542
250,8.91664,14.5486,1.33856
250,8.90847,14.7531,1.37123
250,15.1966,12.9085,1.70915
250,9.55387,16.8505,1.68104
250,9.55021,16.9648,1.72456
250,15.09,12.7195,-1.6694
250,15.0291,12.7962,-1.71227
250,8.28578,17.1848,-0.300886
250,15.195,12.8251,-1.70736
250,15.4357,12.9783,-1.85076
250,9.17435,18.2691,1.62025
250,13.5375,14.7884,-1.39358
250,16.1144,13.8745,-0.79858
250,16.1177,13.8834,-0.768505
250,10.3452,16.8678,-1.61983
250,16.1998,13.9263,-0.831801
250,17.063,13.9886,0.70033
250,15.3616,14.4294,-0.842263
250,16.3254,13.9347,-0.714415
250,15.336,14.4603,-0.809441
250,16.2743,13.9722,-0.737579
250,10.3571,17.0155,-1.66766
250,15.3866,14.473,-0.987024
250,17.219,14.0904,0.676719
250,17.43,14.0267,0.705868
250,15.6758,14.7284,-0.172343
250,15.6042,14.64,-0.562379
250,10.3884,17.197,-1.68411
250,10.4622,17.1472,-1.71478
250,15.5032,14.5652,-0.98147
250,15.6257,14.6633,-0.54451
250,13.926,15.4091,-1.5737
250,14.0125,15.3822,-1.60386
250,17.7656,14.2383,0.71159
250,17.727,14.2269,0.61294
250,14.1775,15.4373,-1.6516
250,15.8695,14.9071,-0.59863
250,16.8047,14.2571,-0.97407
250,14.0861,15.5632,-1.6266
250,18.4277,14.5158,2.19253
250,10.4798,17.6513,-1.90301
250,15.5675,16.3742,-1.55224
249,15.5675,16.3742,-1.55224
250,19.598,19.8753,-1.80856
249,19.598,19.8753,-1.80856
250,19.6698,20.006,-1.83658
249,19.6698,20.006,-1.83658
250,15.5655,16.366,-1.67209
249,15.5655,16.366,-1.67209
250,18.0867,18.9181,-1.48227
249,18.0867,18.9181,-1.48227
250,16.4324,16.9799,-0.968203
249,16.4324,16.9799,-0.968203
250,19.6822,18.5913,-1.45961
249,19.6822,18.5913,-1.45961
250,15.9244,16.5633,-2.01616
249,15.9244,16.5633,-2.01616
250,16.231,13.5328,1.83661
249,16.231,13.5328,1.83661
250,15.4057,16.1198,-1.18807
249,15.4057,16.1198,-1.18807
250,17.1959,17.945,-1.78132
249,17.1959,17.945,-1.78132
250,25.453,17.7015,-1.96631
249,25.453,17.7015,-1.96631
250,20.1047,15.2248,2.34277
249,20.1047,15.2248,2.34277
250,20.5943,15.462,2.62333
249,20.5943,15.462,2.62333
250,19.5538,15.2788,2.26654
249,19.5538,15.2788,2.26654
250,25.2241,19.3274,-1.72383
249,25.2241,19.3274,-1.72383
250,18.3774,13.5772,-0.724899
249,18.3774,13.5772,-0.724899
250,24.5458,16.9641,-1.794
249,24.5458,16.9641,-1.794
250,19.1572,14.997,2.24021
249,19.1572,14.997,2.24021
250,15.5393,16.3356,-1.29702
249,15.5393,16.3356,-1.29702
250,15.6256,16.3824,-1.27296
249,15.6256,16.3824,-1.27296
250,25.0858,17.0835,-1.84996
249,25.0858,17.0835,-1.84996
250,20.0247,15.1469,2.54477
249,20.0247,15.1469,2.54477
250,13.3453,13.6016,-0.275811
249,13.3453,13.6016,-0.275811
250,16.5892,17.2467,-1.1123
249,16.5892,17.2467,-1.1123
250,25.0656,17.2135,-1.83922
249,25.0656,17.2135,-1.83922
250,23.9586,17.2554,-1.57568
249,23.9586,17.2554,-1.57568
250,17.1449,13.1477,-0.533115
249,17.1449,13.1477,-0.533115
250,19.7745,15.3812,2.32132
249,19.7745,15.3812,2.32132
250,11.1574,10.0946,1.16584
249,11.1574,10.0946,1.16584
250,9.59512,17.4267,-0.292375
249,9.59512,17.4267,-0.292375
250,15.1085,16.0821,-1.9034
249,15.1085,16.0821,-1.9034
250,15.0055,16.0568,-1.85464
249,15.0055,16.0568,-1.85464
250,25.7506,17.9346,-1.93247
249,25.7506,17.9346,-1.93247
250,14.7048,15.6351,-1.95244
249,14.7048,15.6351,-1.95244
250,13.1137,13.3421,-0.220703
249,13.1137,13.3421,-0.220703
250,20.1053,15.6497,-0.831266
249,20.1053,15.6497,-0.831266
250,15.0562,15.5174,-1.33482
249,15.0562,15.5174,-1.33482
250,24.5024,17.4488,-1.97541
249,24.5024,17.4488,-1.97541
250,15.1085,16.0821,-1.9034
249,15.1085,16.0821,-1.9034
250,16.0612,16.471,-1.6897
249,16.0612,16.471,-1.6897
250,15.5452,16.3081,-1.33466
249,15.5452,16.3081,-1.33466
250,15.1279,15.48,-0.699192
249,15.1279,15.48,-0.699192
250,15.9806,15.0843,-1.03497
249,15.9806,15.0843,-1.03497
250,19.1571,18.1211,-1.35907
248,19.1571,18.1211,-1.35907
250,15.0076,13.0557,-0.527975
248,15.0076,13.0557,-0.527975
250,14.396,12.6025,-0.351776
248,14.396,12.6025,-0.351776
250,18.2875,17.4339,-1.756
248,18.2875,17.4339,-1.756
250,16.5467,17.215,-1.93334
248,16.5467,17.215,-1.93334
250,17.8642,18.7415,-1.33285
248,17.8642,18.7415,-1.33285
250,17.8915,17.0629,-1.64066
248,17.8915,17.0629,-1.64066
250,16.9061,17.233,-1.11194
248,16.9061,17.233,-1.11194
250,19.5886,16.2452,-1.41356
248,19.5886,16.2452,-1.41356
250,15.0106,12.3689,1.7506
248,15.0106,12.3689,1.7506
250,20.7348,19.9131,-1.56526
248,20.7348,19.9131,-1.56526
250,17.4567,17.8356,-1.25718
248,17.4567,17.8356,-1.25718
250,22.1931,23.0438,-2.44759
248,22.1931,23.0438,-2.44759
250,19.6371,14.2699,-0.919871
248,19.6371,14.2699,-0.919871
250,21.0463,15.4934,-1.32522
248,21.0463,15.4934,-1.32522
250,13.7765,11.6995,1.62069
248,13.7765,11.6995,1.62069
250,8.49496,20.6346,1.85913
248,8.49496,20.6346,1.85913
250,13.572,11.7015,1.52368
248,13.572,11.7015,1.52368
250,20.5046,14.7342,-1.0712
248,20.5046,14.7342,-1.0712
250,15.84,16.554,-2.52706
248,15.84,16.554,-2.52706
250,24.4887,16.8028,-1.71983
248,24.4887,16.8028,-1.71983
250,22.1483,15.5775,-1.43112
239,22.1483,15.5775,-1.43112
250,23.6029,16.4681,-1.67289
239,23.6029,16.4681,-1.67289
250,15.9413,16.9519,-2.11315
240,15.9413,16.9519,-2.11315
250,16.1951,17.1265,-1.69189
240,16.1951,17.1265,-1.69189
250,21.8631,17.0373,-1.684
240,21.8631,17.0373,-1.684
250,18.2443,14.4942,2.37427
240,18.2443,14.4942,2.37427
250,16.4234,16.3859,-1.02048
242,16.4234,16.3859,-1.02048
250,16.6782,13.3518,1.82712
242,16.6782,13.3518,1.82712
250,14.9937,14.1674,-1.38113
242,14.9937,14.1674,-1.38113
250,15.9748,16.8626,-1.45125
244,15.9748,16.8626,-1.45125
250,15.1108,16.1221,-2.14145
244,15.1108,16.1221,-2.14145
250,15.8042,17.0748,-2.52578
244,15.8042,17.0748,-2.52578
250,10.412,26.2119,-1.52419
244,10.412,26.2119,-1.52419
250,17.6013,14.2651,2.01859
247,17.6013,14.2651,2.01859
250,15.7588,16.7695,-1.93518
247,15.7588,16.7695,-1.93518
250,14.8841,15.7037,-1.51184
247,14.8841,15.7037,-1.51184
250,16.2619,16.917,-2.0289
246,16.2619,16.917,-2.0289
250,16.2875,16.9859,-1.89629
246,16.2875,16.9859,-1.89629
250,9.38084,20.5108,-0.69038
246,9.38084,20.5108,-0.69038
250,17.3125,18.5969,-3.23282
235,17.3125,18.5969,-3.23282
250,17.5542,18.7233,-3.42599
235,17.5542,18.7233,-3.42599
250,17.7949,13.9235,-0.90436
235,17.7949,13.9235,-0.90436
250,18.0411,14.1194,-0.956379
235,18.0411,14.1194,-0.956379
251,9.2738,11.9642,-1.72331
251,8.1911,12.9725,-1.6368
251,7.99295,13.13,-1.59496
251,7.97921,13.1887,-1.47533
251,7.97682,13.1855,-1.49477
251,7.99453,13.1952,-1.49497
251,7.97709,13.1745,-1.62074
251,7.98037,13.1788,-1.60902
251,7.96201,13.4268,-1.59927
251,9.20067,13.0322,-1.69134
251,10.2834,14.1626,1.37081
251,8.85692,15.9592,1.47361
251,9.37401,16.7931,1.94617
251,13.9549,14.0665,1.16525
251,14.9168,12.6348,-1.62126
251,9.53076,16.8997,1.95131
251,15.0283,12.7366,-1.70411
251,9.63913,17.3447,2.06767
251,13.4357,14.6865,-1.32937
251,10.2845,16.6574,-1.52444
251,16.0628,13.8134,-0.752011
251,16.0716,13.8318,-0.692485
251,16.5163,13.9515,0.350655
251,8.23614,19.1242,2.03636
251,10.2969,16.7807,-1.60307
251,15.3342,14.4255,-0.4778
251,16.6085,14.0256,0.356809
251,17.0102,13.9408,0.698182
251,17.0106,13.9357,0.672794
251,10.2931,16.8602,-1.60153
251,15.3826,14.4906,-0.513631
251,15.3599,14.4406,-0.834371
251,15.3924,14.4452,-0.971526
251,10.3666,16.9866,-1.62123
251,17.4066,14.023,0.699035
251,17.4052,14.0165,0.672928
251,15.5252,14.6814,-0.884593
251,13.8691,15.3637,-1.55511
251,10.3923,17.2416,-1.70331
251,9.40511,18.3151,-0.40864
251,15.577,14.7021,-1.03528
251,13.8944,15.5052,-1.561
251,13.8949,15.4995,-1.61025
251,13.9873,15.4682,-1.56097
251,15.5346,14.6,-1.65994
251,9.38349,18.5769,-0.507082
251,15.6509,14.7645,-1.6908
251,16.6156,17.3508,-2.27453
249,16.6156,17.3508,-2.27453
251,19.9418,19.1577,-1.56756
249,19.9418,19.1577,-1.56756
251,18.1287,19.0621,-1.26912
249,18.1287,19.0621,-1.26912
251,16.1372,17.0329,-1.74517
249,16.1372,17.0329,-1.74517
251,16.7852,17.5367,-2.35514
249,16.7852,17.5367,-2.35514
251,15.6418,16.45,-1.78147
249,15.6418,16.45,-1.78147
251,18.1941,18.7183,-1.43842
249,18.1941,18.7183,-1.43842
251,16.0597,16.8554,-1.41037
249,16.0597,16.8554,-1.41037
251,17.2251,18.3435,-2.59017
249,17.2251,18.3435,-2.59017
251,16.9252,18.0029,-2.44859
249,16.9252,18.0029,-2.44859
251,16.4136,17.3444,-2.08435
249,16.4136,17.3444,-2.08435
251,18.1038,18.9482,-1.5048
249,18.1038,18.9482,-1.5048
251,15.848,16.642,-1.32755
249,15.848,16.642,-1.32755
251,19.9373,14.4029,-0.977303
249,19.9373,14.4029,-0.977303
251,23.7278,16.5411,-1.65796
249,23.7278,16.5411,-1.65796
251,25.3483,17.6249,-1.97817
249,25.3483,17.6249,-1.97817
251,15.308,16.2657,-1.92807
249,15.308,16.2657,-1.92807
251,22.7796,17.7673,-1.34289
249,22.7796,17.7673,-1.34289
251,23.3333,16.182,-1.54607
249,23.3333,16.182,-1.54607
251,17.7685,13.3565,-0.644585
249,17.7685,13.3565,-0.644585
251,16.2855,17.1971,-1.54514
249,16.2855,17.1971,-1.54514
251,16.2019,17.0537,-1.42413
249,16.2019,17.0537,-1.42413
251,16.0352,15.2879,-1.05988
249,16.0352,15.2879,-1.05988
251,15.6655,14.9909,-0.536206
249,15.6655,14.9909,-0.536206
251,19.4214,14.9016,2.21165
249,19.4214,14.9016,2.21165
251,19.2395,14.7318,2.21788
249,19.2395,14.7318,2.21788
251,17.1408,17.8681,-1.26146
249,17.1408,17.8681,-1.26146
251,15.1882,14.5321,-0.411407
249,15.1882,14.5321,-0.411407
251,19.6377,14.2499,-0.919402
249,19.6377,14.2499,-0.919402
251,13.4362,14.0537,-1.33714
249,13.4362,14.0537,-1.33714
251,16.563,17.2116,-1.8407
249,16.563,17.2116,-1.8407
251,16.8113,16.0127,-1.26651
249,16.8113,16.0127,-1.26651
251,17.779,16.9702,-0.956745
249,17.779,16.9702,-0.956745
251,17.0442,18.4213,-2.75462
249,17.0442,18.4213,-2.75462
251,16.2433,17.4812,-2.37453
249,16.2433,17.4812,-2.37453
251,16.2391,15.2357,-1.06974
249,16.2391,15.2357,-1.06974
251,15.5222,14.6721,-0.910631
249,15.5222,14.6721,-0.910631
251,16.296,17.3714,-2.21404
249,16.296,17.3714,-2.21404
251,22.3838,17.4486,-1.80802
249,22.3838,17.4486,-1.80802
251,19.9121,19.0261,-1.40579
249,19.9121,19.0261,-1.40579
251,12.5902,11.1227,1.39235
249,12.5902,11.1227,1.39235
251,15.8792,16.4459,-1.60992
249,15.8792,16.4459,-1.60992
251,16.7901,17.3103,-1.10626
249,16.7901,17.3103,-1.10626
251,15.315,14.4843,-0.852369
249,15.315,14.4843,-0.852369
251,18.2996,19.2564,-1.44127
248,18.2996,19.2564,-1.44127
251,16.3718,17.0264,-2.07386
248,16.3718,17.0264,-2.07386
251,17.3343,18.3882,-1.8622
248,17.3343,18.3882,-1.8622
251,20.0845,21.2514,-1.52953
248,20.0845,21.2514,-1.52953
251,24.7285,18.5293,-1.59255
248,24.7285,18.5293,-1.59255
251,16.5732,17.5735,-1.75187
248,16.5732,17.5735,-1.75187
251,21.2153,15.5983,-1.35393
248,21.2153,15.5983,-1.35393
251,23.4073,16.9203,-1.51016
248,23.4073,16.9203,-1.51016
251,28.1945,19.6289,-2.27873
248,28.1945,19.6289,-2.27873
251,23.4626,16.9708,-1.48364
248,23.4626,16.9708,-1.48364
251,15.6742,14.7654,-1.6415
248,15.6742,14.7654,-1.6415
251,16.1925,16.9572,-2.71294
248,16.1925,16.9572,-2.71294
251,15.6093,16.8233,-2.38749
248,15.6093,16.8233,-2.38749
251,15.7846,16.9583,-2.389
248,15.7846,16.9583,-2.389
251,21.5579,15.8111,-1.38844
248,21.5579,15.8111,-1.38844
251,36.8199,23.2221,-3.77329
248,36.8199,23.2221,-3.77329
251,16.0311,16.9616,-1.63573
250,16.0311,16.9616,-1.63573
251,9.85709,26.3343,2.86864
250,9.85709,26.3343,2.86864
251,17.5233,18.3583,-1.42435
250,17.5233,18.3583,-1.42435
251,8.37125,21.0567,1.98371
250,8.37125,21.0567,1.98371
251,8.47258,20.2202,1.99811
250,8.47258,20.2202,1.99811
251,16.9058,13.1852,-0.597976
250,16.9058,13.1852,-0.597976
251,9.88865,25.9858,2.83487
250,9.88865,25.9858,2.83487
251,32.345,21.6985,-1.18206
250,32.345,21.6985,-1.18206
251,8.47787,19.8363,1.79263
250,8.47787,19.8363,1.79263
251,23.7282,18.2964,-2.12157
250,23.7282,18.2964,-2.12157
251,8.5034,18.6717,1.69554
250,8.5034,18.6717,1.69554
251,11.1755,11.3591,-0.0384019
250,11.1755,11.3591,-0.0384019
251,14.1572,14.7176,-1.6976
250,14.1572,14.7176,-1.6976
251,18.2366,18.9732,-1.40928
239,18.2366,18.9732,-1.40928
251,18.7117,19.3644,-1.59324
239,18.7117,19.3644,-1.59324
251,15.9653,15.2746,-0.71197
242,15.9653,15.2746,-0.71197
251,20.7607,15.2988,-1.0781
242,20.7607,15.2988,-1.0781
251,10.5502,25.0022,-1.40318
247,10.5502,25.0022,-1.40318
251,27.7063,18.965,-1.03749
247,27.7063,18.965,-1.03749
251,17.8395,18.4204,-1.9412
247,17.8395,18.4204,-1.9412
251,9.62423,14.5278,0.0456246
247,9.62423,14.5278,0.0456246
251,18.8786,19.3916,-1.59725
244,18.8786,19.3916,-1.59725
251,16.7581,17.4871,-1.90788
244,16.7581,17.4871,-1.90788
251,16.4212,17.1474,-2.06794
246,16.4212,17.1474,-2.06794
252,8.73802,10.2157,0.64683
252,9.22892,11.5183,-1.7336
252,9.23019,11.824,-1.60966
252,9.25856,11.9312,-1.69784
252,9.26103,11.9422,-1.71234
252,7.98287,13.1472,-1.62352
252,8.20034,13.1125,-1.66594
252,8.1936,13.1688,-1.70432
252,7.96622,13.3568,-1.70583
252,13.7802,13.9076,1.14276
252,14.8444,12.5915,-1.6192
252,14.0817,14.0656,1.14971
252,14.09,14.065,1.15705
252,14.9484,12.7022,-1.69935
252,14.9698,12.7089,-1.68341
252,15.0456,12.7321,-1.6853
252,15.076,12.7745,-1.68501
252,8.22337,17.8336,-0.41802
252,13.5092,14.7944,-1.3821
252,16.7571,13.7942,0.64979
252,9.2681,17.5305,-0.484806
252,9.28098,17.5633,-0.382395
252,13.6451,14.8503,-1.48043
252,9.13299,17.7046,-0.504401
252,9.20178,17.8051,-0.412178
252,13.6852,15.0698,-1.46735
252,17.3421,13.9701,0.670592
252,15.4192,14.489,-0.857461
252,10.3197,17.0357,-1.64818
252,13.7522,15.2766,-1.53967
252,15.4113,14.4736,-1.56254
252,13.8953,15.4033,-1.54132
252,14.0423,15.2831,-1.65749
252,16.6182,14.2034,-0.814387
252,16.5876,14.1903,-0.924149
252,8.49964,19.7683,1.77331
252,15.5965,14.6697,-1.64994
252,18.4377,14.5423,2.14437
252,8.49696,19.8902,1.87337
252,18.5871,17.7303,-1.84444
251,18.5871,17.7303,-1.84444
252,16.2607,16.9036,-2.04461
251,16.2607,16.9036,-2.04461
252,15.629,16.4994,-1.61564
251,15.629,16.4994,-1.61564
252,10.4055,18.9063,-0.616148
251,10.4055,18.9063,-0.616148
252,19.426,20.0597,-1.74584
251,19.426,20.0597,-1.74584
252,18.1015,18.8914,-1.39488
251,18.1015,18.8914,-1.39488
252,17.9695,18.9082,-1.35427
251,17.9695,18.9082,-1.35427
252,16.154,15.7226,-1.9288
251,16.154,15.7226,-1.9288
252,14.1596,13.7661,-1.12602
251,14.1596,13.7661,-1.12602
252,15.4827,16.4743,-2.01191
251,15.4827,16.4743,-2.01191
252,15.94,16.9918,-2.18802
251,15.94,16.9918,-2.18802
252,24.0464,18.1147,-1.50361
251,24.0464,18.1147,-1.50361
252,24.0665,18.1477,-1.40985
251,24.0665,18.1477,-1.40985
252,20.9165,19.7095,-1.59716
251,20.9165,19.7095,-1.59716
252,10.3213,23.025,-1.02753
251,10.3213,23.025,-1.02753
252,16.2987,16.9976,-2.0402
251,16.2987,16.9976,-2.0402
252,16.3513,15.6113,-0.682838
251,16.3513,15.6113,-0.682838
252,15.9698,16.8991,-1.61899
251,15.9698,16.8991,-1.61899
252,17.1606,17.9011,-1.75546
251,17.1606,17.9011,-1.75546
252,16.1417,16.8754,-1.4914
251,16.1417,16.8754,-1.4914
252,24.2686,16.7905,-1.77149
251,24.2686,16.7905,-1.77149
252,15.8319,16.7239,-1.3929
251,15.8319,16.7239,-1.3929
252,16.0821,12.4927,-0.368129
251,16.0821,12.4927,-0.368129
252,15.5822,16.4572,-1.45214
251,15.5822,16.4572,-1.45214
252,10.4571,19.1936,-0.654108
251,10.4571,19.1936,-0.654108
252,24.5938,16.9842,-1.76064
251,24.5938,16.9842,-1.76064
252,24.2843,16.6377,-1.67557
251,24.2843,16.6377,-1.67557
252,24.4312,16.7269,-1.63357
251,24.4312,16.7269,-1.63357
252,13.9255,13.2855,-1.0622
251,13.9255,13.2855,-1.0622
252,14.3815,13.6824,-1.20357
251,14.3815,13.6824,-1.20357
252,16.1401,15.2477,-1.83487
251,16.1401,15.2477,-1.83487
252,14.9736,16.0734,-1.87297
251,14.9736,16.0734,-1.87297
252,15.4292,16.4484,-1.84472
251,15.4292,16.4484,-1.84472
252,24.0659,18.0906,-1.45355
251,24.0659,18.0906,-1.45355
252,15.2956,12.0982,-0.253285
251,15.2956,12.0982,-0.253285
252,24.0199,17.2114,-1.8907
251,24.0199,17.2114,-1.8907
252,9.34547,15.6594,-0.0788197
251,9.34547,15.6594,-0.0788197
252,26.4331,17.8291,-2.06735
251,26.4331,17.8291,-2.06735
252,23.6733,17.8223,-1.37366
251,23.6733,17.8223,-1.37366
252,15.8966,14.9741,-1.01287
251,15.8966,14.9741,-1.01287
252,10.961,11.5933,-0.219197
251,10.961,11.5933,-0.219197
252,14.563,13.8029,-1.28035
251,14.563,13.8029,-1.28035
252,15.9386,15.0099,-1.02346
251,15.9386,15.0099,-1.02346
252,14.6959,15.4883,-2.04537
249,14.6959,15.4883,-2.04537
252,15.889,16.6975,-1.35554
249,15.889,16.6975,-1.35554
252,16.3674,16.882,-1.54007
249,16.3674,16.882,-1.54007
252,17.0042,17.5817,-1.75615
249,17.0042,17.5817,-1.75615
252,17.0449,18.0296,-1.719
249,17.0449,18.0296,-1.719
252,18.1968,19.026,-1.54492
249,18.1968,19.026,-1.54492
252,18.2035,19.0361,-1.52863
249,18.2035,19.0361,-1.52863
252,16.2719,17.1905,-1.94023
249,16.2719,17.1905,-1.94023
252,18.5089,19.0967,-1.54921
249,18.5089,19.0967,-1.54921
252,15.7656,16.7704,-2.53433
249,15.7656,16.7704,-2.53433
252,17.0045,17.729,-1.71206
249,17.0045,17.729,-1.71206
252,24.7652,17.5373,-1.98898
249,24.7652,17.5373,-1.98898
252,15.8278,16.7382,-2.60542
249,15.8278,16.7382,-2.60542
252,22.2569,17.4475,-1.20277
249,22.2569,17.4475,-1.20277
252,25.3921,17.4325,-1.94975
249,25.3921,17.4325,-1.94975
252,16.0231,16.9219,-1.95473
249,16.0231,16.9219,-1.95473
252,15.4106,15.9044,-2.37441
249,15.4106,15.9044,-2.37441
252,24.3723,16.0723,-1.51859
249,24.3723,16.0723,-1.51859
252,13.8217,14.5218,-1.5043
249,13.8217,14.5218,-1.5043
252,15.1701,16.2092,-2.17705
249,15.1701,16.2092,-2.17705
252,15.879,17.0687,-2.50698
249,15.879,17.0687,-2.50698
252,9.61493,17.6152,-0.340121
249,9.61493,17.6152,-0.340121
252,17.3399,18.7714,-2.89677
249,17.3399,18.7714,-2.89677
252,17.7587,19.2767,-3.07268
249,17.7587,19.2767,-3.07268
252,15.7263,14.8828,-1.66972
249,15.7263,14.8828,-1.66972
252,17.8092,16.9511,-1.54562
250,17.8092,16.9511,-1.54562
252,15.4526,16.4098,-1.96192
250,15.4526,16.4098,-1.96192
252,20.5596,19.9502,-3.5374
250,20.5596,19.9502,-3.5374
252,8.97254,17.5253,1.58615
250,8.97254,17.5253,1.58615
252,19.0237,14.5929,2.29986
250,19.0237,14.5929,2.29986
252,8.98212,17.26,1.71828
250,8.98212,17.26,1.71828
252,10.2964,16.7439,-1.6216
250,10.2964,16.7439,-1.6216
252,10.6782,18.6372,-2.16854
250,10.6782,18.6372,-2.16854
252,10.7231,18.8442,-2.20134
250,10.7231,18.8442,-2.20134
252,18.7125,19.5267,-1.65362
248,18.7125,19.5267,-1.65362
252,17.924,18.6915,-1.44114
248,17.924,18.6915,-1.44114
252,14.2693,14.9148,-1.81833
248,14.2693,14.9148,-1.81833
252,15.9844,16.8807,-1.5171
248,15.9844,16.8807,-1.5171
252,17.4063,19.1346,-3.19112
248,17.4063,19.1346,-3.19112
252,16.3448,17.6526,-2.55217
248,16.3448,17.6526,-2.55217
252,25.2615,17.9745,-2.06124
248,25.2615,17.9745,-2.06124
252,9.59576,17.2832,1.22524
247,9.59576,17.2832,1.22524
252,26.23,18.5772,-1.94395
247,26.23,18.5772,-1.94395
252,16.8644,17.4868,-1.10074
247,16.8644,17.4868,-1.10074
252,17.2925,17.3783,-1.63301
239,17.2925,17.3783,-1.63301
252,17.6711,17.8657,-1.75975
239,17.6711,17.8657,-1.75975
252,15.9324,13.1264,2.22127
239,15.9324,13.1264,2.22127
252,15.2769,12.5064,1.73713
239,15.2769,12.5064,1.73713
252,15.4065,14.7948,-0.942429
239,15.4065,14.7948,-0.942429
252,15.9886,16.5301,-1.61946
240,15.9886,16.5301,-1.61946
252,25.5623,18.0785,-1.86983
240,25.5623,18.0785,-1.86983
252,16.3762,17.0524,-2.04928
244,16.3762,17.0524,-2.04928
252,10.4116,17.2369,-1.7196
244,10.4116,17.2369,-1.7196
252,9.98572,16.7869,-0.25335
244,9.98572,16.7869,-0.25335
253,9.22988,11.5295,-1.75416
253,7.94578,13.3059,-1.71155
253,7.9671,13.3488,-1.58379
253,8.18916,13.2751,-1.76042
253,9.19296,13.0739,-1.73802
253,9.19522,13.0805,-1.7272
253,7.67617,14.9966,0.37949
253,10.3776,14.4771,1.39451
253,7.54099,15.645,0.151402
253,7.6534,17.2867,1.20362
253,14.7834,12.9541,-0.156563
253,14.9053,12.9853,-0.168139
253,14.9147,13.0138,-0.173295
253,14.8184,12.6457,-1.64859
253,13.419,14.7704,-1.3284
253,16.4425,13.9069,0.363226
253,16.1279,13.8308,-0.624624
253,16.1327,13.8213,-0.68096
253,16.1363,13.8751,-0.714243
253,16.7578,14.1057,0.678518
253,17.0747,13.8149,0.379635
253,10.3004,16.7845,-1.58556
253,13.6638,14.9862,-1.48293
253,15.2447,14.3603,-0.912791
253,15.2571,14.3861,-0.840611
253,16.2874,13.925,-0.707767
253,16.3274,13.9636,-0.663382
253,15.2897,14.4366,-0.972826
253,10.3211,16.9617,-1.65737
253,15.3925,14.4648,-0.962712
253,9.2286,18.0976,-0.473343
253,15.4765,14.6401,-0.869671
253,15.5024,14.6351,-1.00699
253,15.5284,14.6703,-0.948084
253,15.7816,14.8235,-0.560803
253,13.9438,15.4605,-1.61842
253,16.873,14.2424,-0.791974
253,15.5596,14.6381,-1.68787
253,15.8743,16.6822,-1.35005
249,15.8743,16.6822,-1.35005
253,15.2382,15.6788,-2.28971
249,15.2382,15.6788,-2.28971
253,14.2992,14.6484,-1.85056
249,14.2992,14.6484,-1.85056
253,16.6414,17.375,-2.30209
249,16.6414,17.375,-2.30209
253,15.8117,16.8115,-2.56628
249,15.8117,16.8115,-2.56628
253,16.6261,17.548,-1.59032
249,16.6261,17.548,-1.59032
253,14.4084,14.944,-1.86523
249,14.4084,14.944,-1.86523
253,18.5456,19.3323,-1.49601
249,18.5456,19.3323,-1.49601
253,19.0597,19.3091,-1.68485
249,19.0597,19.3091,-1.68485
253,15.1885,12.8308,-1.70473
249,15.1885,12.8308,-1.70473
253,16.8608,17.8113,-1.64546
249,16.8608,17.8113,-1.64546
253,17.6346,18.7019,-1.88846
249,17.6346,18.7019,-1.88846
253,16.1162,16.9071,-2.66004
249,16.1162,16.9071,-2.66004
253,16.0002,16.7822,-2.58736
249,16.0002,16.7822,-2.58736
253,15.7502,16.6617,-2.55212
249,15.7502,16.6617,-2.55212
253,18.0824,13.6703,-0.705513
249,18.0824,13.6703,-0.705513
253,18.4661,19.3603,-1.57759
249,18.4661,19.3603,-1.57759
253,16.3597,17.3241,-2.51267
249,16.3597,17.3241,-2.51267
253,15.773,16.8174,-2.12859
249,15.773,16.8174,-2.12859
253,25.2026,17.581,-1.92118
249,25.2026,17.581,-1.92118
253,39.9568,24.5808,-4.33331
249,39.9568,24.5808,-4.33331
253,14.3543,14.8827,-1.83401
249,14.3543,14.8827,-1.83401
253,15.7808,16.743,-1.99957
249,15.7808,16.743,-1.99957
253,15.3263,14.4305,-1.55408
249,15.3263,14.4305,-1.55408
253,16.3471,17.2706,-1.55847
249,16.3471,17.2706,-1.55847
253,18.1734,19.322,-2.05766
249,18.1734,19.322,-2.05766
253,25.1042,16.3789,-1.6023
249,25.1042,16.3789,-1.6023
253,14.3558,14.8848,-1.8319
249,14.3558,14.8848,-1.8319
253,15.9307,16.691,-2.58034
249,15.9307,16.691,-2.58034
253,15.2331,15.8994,-2.22324
249,15.2331,15.8994,-2.22324
253,16.5182,15.9328,-1.28528
249,16.5182,15.9328,-1.28528
253,23.2139,16.1234,-1.53045
249,23.2139,16.1234,-1.53045
253,9.70477,18.702,-0.495818
249,9.70477,18.702,-0.495818
253,18.4529,19.1436,-1.52941
249,18.4529,19.1436,-1.52941
253,18.3455,19.2097,-1.53759
249,18.3455,19.2097,-1.53759
253,15.7812,16.7526,-2.00292
249,15.7812,16.7526,-2.00292
253,16.4414,17.0797,-1.79279
249,16.4414,17.0797,-1.79279
253,15.6777,16.0209,-0.797781
249,15.6777,16.0209,-0.797781
253,21.5262,15.2441,-1.2305
249,21.5262,15.2441,-1.2305
253,14.6771,15.7189,-1.93489
249,14.6771,15.7189,-1.93489
253,16.5977,17.8925,-2.53155
249,16.5977,17.8925,-2.53155
253,25.5411,17.3466,-1.90313
249,25.5411,17.3466,-1.90313
253,16.2096,16.585,-0.936339
249,16.2096,16.585,-0.936339
253,19.7443,20.4238,-1.8059
249,19.7443,20.4238,-1.8059
253,22.0935,16.9187,-1.10071
249,22.0935,16.9187,-1.10071
253,31.4504,20.3935,-2.90562
249,31.4504,20.3935,-2.90562
253,23.43,16.3406,-1.54705
249,23.43,16.3406,-1.54705
253,15.1562,14.3554,-1.47254
249,15.1562,14.3554,-1.47254
253,15.9584,15.0722,-1.04381
249,15.9584,15.0722,-1.04381
253,15.6313,16.5076,-1.60925
252,15.6313,16.5076,-1.60925
253,10.5149,19.534,-0.586614
252,10.5149,19.534,-0.586614
253,16.6045,17.44,-1.02555
252,16.6045,17.44,-1.02555
253,16.1804,17.1442,-1.69828
252,16.1804,17.1442,-1.69828
253,16.2834,17.2217,-1.61259
252,16.2834,17.2217,-1.61259
253,15.8084,16.524,-1.38555
252,15.8084,16.524,-1.38555
253,25.6282,19.0611,-1.70974
252,25.6282,19.0611,-1.70974
253,10.4443,19.1629,-0.53662
252,10.4443,19.1629,-0.53662
253,15.8023,16.6849,-1.45777
252,15.8023,16.6849,-1.45777
253,16.7006,16.1065,-0.744019
252,16.7006,16.1065,-0.744019
253,19.0244,18.3228,-1.1984
252,19.0244,18.3228,-1.1984
253,25.3093,17.9236,-1.82464
252,25.3093,17.9236,-1.82464
253,19.6541,18.7609,-1.30041
252,19.6541,18.7609,-1.30041
253,17.9557,18.6462,-1.44706
252,17.9557,18.6462,-1.44706
253,10.9915,22.1522,-0.997694
252,10.9915,22.1522,-0.997694
253,15.695,16.5619,-1.72613
251,15.695,16.5619,-1.72613
253,9.43249,18.5596,-0.520004
251,9.43249,18.5596,-0.520004
253,18.8528,19.1243,-1.61888
251,18.8528,19.1243,-1.61888
253,15.9198,16.8411,-1.58262
251,15.9198,16.8411,-1.58262
253,15.9836,15.3684,-0.591399
251,15.9836,15.3684,-0.591399
253,18.6274,18.8955,-1.57348
251,18.6274,18.8955,-1.57348
253,15.5865,16.0344,-1.26467
251,15.5865,16.0344,-1.26467
253,15.2939,16.1215,-1.20804
251,15.2939,16.1215,-1.20804
253,24.2233,16.7761,-1.45702
251,24.2233,16.7761,-1.45702
253,21.0555,22.3403,-3.01557
251,21.0555,22.3403,-3.01557
253,16.1801,17.1017,-1.73784
248,16.1801,17.1017,-1.73784
253,24.9176,17.6525,-1.96495
248,24.9176,17.6525,-1.96495
253,15.636,16.3999,-2.44306
250,15.636,16.3999,-2.44306
253,15.6199,16.5987,-2.44001
250,15.6199,16.5987,-2.44001
253,15.8014,16.8105,-2.52196
250,15.8014,16.8105,-2.52196
253,18.0124,18.4158,-1.37165
250,18.0124,18.4158,-1.37165
253,16.9006,17.6335,-2.27636
250,16.9006,17.6335,-2.27636
253,18.4265,17.8562,-1.27749
250,18.4265,17.8562,-1.27749
253,20.777,22.1676,-4.77961
250,20.777,22.1676,-4.77961
253,23.4377,16.4215,-1.64953
247,23.4377,16.4215,-1.64953
253,22.3098,15.795,-1.4517
247,22.3098,15.795,-1.4517
253,14.4814,12.0247,-0.108208
247,14.4814,12.0247,-0.108208
253,9.89031,16.5964,-0.180011
246,9.89031,16.5964,-0.180011
253,15.386,14.456,-1.54156
240,15.386,14.456,-1.54156
254,8.28011,8.72639,0.912516
254,7.9744,13.1399,-1.47587
254,7.96954,13.1917,-1.47929
254,7.95479,13.1958,-1.52078
254,9.21583,13.1221,-1.78398
254,8.95312,14.7583,1.38963
254,7.63601,16.9636,1.1554
254,15.0205,12.7369,-1.68956
254,15.7577,13.6119,-0.724027
254,15.7536,13.6537,-0.654503
254,16.0217,13.7327,-0.637436
254,13.4626,14.9397,-1.40965
254,10.2575,16.7164,-1.58149
254,9.26714,17.8883,-0.377091
254,13.6857,15.0477,-1.48814
254,10.3407,17.0011,-1.65944
254,17.4829,14.0509,0.489938
254,15.5906,14.6472,-0.844146
254,15.5495,14.6809,-0.847928
254,9.42412,18.3127,-0.441106
254,9.40664,18.3275,-0.476085
254,15.4671,14.5177,-1.64957
254,17.6771,14.1568,0.316387
254,13.9205,15.4993,-1.62108
254,13.9631,15.496,-1.63268
254,13.939,15.5552,-1.61764
254,15.6649,14.7112,-1.64606
254,15.8375,14.8445,-1.11527
254,14.5336,15.2517,-0.625705
253,14.5336,15.2517,-0.625705
254,17.9094,18.8478,-1.47374
253,17.9094,18.8478,-1.47374
254,15.412,14.4823,-0.957195
253,15.412,14.4823,-0.957195
254,16.2072,16.581,-2.72768
253,16.2072,16.581,-2.72768
254,20.0959,19.1016,-1.39099
253,20.0959,19.1016,-1.39099
254,14.7966,15.5824,-1.05591
253,14.7966,15.5824,-1.05591
254,15.9907,16.8821,-1.40473
253,15.9907,16.8821,-1.40473
254,19.6933,18.7396,-1.3926
253,19.6933,18.7396,-1.3926
254,16.9238,17.712,-1.21593
253,16.9238,17.712,-1.21593
254,18.1902,18.9465,-1.41718
253,18.1902,18.9465,-1.41718
254,17.9741,18.879,-1.3573
253,17.9741,18.879,-1.3573
254,17.6292,18.1696,-1.32264
253,17.6292,18.1696,-1.32264
254,15.412,14.4823,-0.957195
253,15.412,14.4823,-0.957195
254,16.269,16.6784,-2.74702
253,16.269,16.6784,-2.74702
254,16.1376,16.6453,-2.71851
253,16.1376,16.6453,-2.71851
254,13.9924,14.7787,-0.952693
253,13.9924,14.7787,-0.952693
254,17.4118,18.2229,-1.3361
253,17.4118,18.2229,-1.3361
254,17.5797,18.3052,-1.23795
253,17.5797,18.3052,-1.23795
254,10.4249,19.2173,-0.603227
253,10.4249,19.2173,-0.603227
254,18.3113,17.5434,-1.7987
253,18.3113,17.5434,-1.7987
254,24.8364,17.5044,-1.70849
253,24.8364,17.5044,-1.70849
254,15.1022,15.9293,-1.17583
253,15.1022,15.9293,-1.17583
254,18.1696,19.0293,-1.5518
253,18.1696,19.0293,-1.5518
254,24.3859,17.4206,-1.70458
253,24.3859,17.4206,-1.70458
254,25.5379,17.2542,-1.92907
253,25.5379,17.2542,-1.92907
254,12.7915,13.3531,-0.184733
253,12.7915,13.3531,-0.184733
254,25.4211,18.018,-1.82919
253,25.4211,18.018,-1.82919
254,17.3113,16.6699,-0.847824
253,17.3113,16.6699,-0.847824
254,20.0246,19.1586,-1.40318
253,20.0246,19.1586,-1.40318
254,26.6007,17.1864,-1.87174
253,26.6007,17.1864,-1.87174
254,26.7397,17.8844,-2.10463
253,26.7397,17.8844,-2.10463
254,24.5064,18.7553,-2.21181
253,24.5064,18.7553,-2.21181
254,8.08419,20.3634,-0.743786
253,8.08419,20.3634,-0.743786
254,27.2227,18.1793,-2.11684
253,27.2227,18.1793,-2.11684
254,17.0005,15.8729,-1.29314
253,17.0005,15.8729,-1.29314
254,10.405,19.185,-0.596001
253,10.405,19.185,-0.596001
254,11.9808,12.5805,-0.229313
253,11.9808,12.5805,-0.229313
254,14.9563,12.0227,-0.175021
253,14.9563,12.0227,-0.175021
254,24.1724,17.2756,-1.88768
253,24.1724,17.2756,-1.88768
254,15.207,14.4402,-0.852971
253,15.207,14.4402,-0.852971
254,18.5628,17.854,-1.09193
253,18.5628,17.854,-1.09193
254,15.8526,15.3891,-0.631635
252,15.8526,15.3891,-0.631635
254,13.4035,13.7183,-1.42618
252,13.4035,13.7183,-1.42618
254,10.2677,18.1189,-0.501285
252,10.2677,18.1189,-0.501285
254,11.026,22.0662,-0.932752
252,11.026,22.0662,-0.932752
254,16.3184,15.6496,-1.16988
252,16.3184,15.6496,-1.16988
254,9.98268,20.4079,-0.715237
252,9.98268,20.4079,-0.715237
254,15.961,16.8507,-1.93046
252,15.961,16.8507,-1.93046
254,13.6921,14.0145,-1.55799
252,13.6921,14.0145,-1.55799
254,15.4025,16.211,-1.60095
252,15.4025,16.211,-1.60095
254,25.1401,18.053,-2.15333
252,25.1401,18.053,-2.15333
254,15.9052,16.9825,-2.01009
252,15.9052,16.9825,-2.01009
254,24.7322,16.9054,-1.79899
252,24.7322,16.9054,-1.79899
254,16.366,15.3344,-1.92081
252,16.366,15.3344,-1.92081
254,10.2023,17.7217,-0.430853
251,10.2023,17.7217,-0.430853
254,14.9421,15.4427,-2.12895
251,14.9421,15.4427,-2.12895
254,14.1042,12.1057,1.69855
251,14.1042,12.1057,1.69855
254,17.0357,16.2621,-1.34064
251,17.0357,16.2621,-1.34064
254,15.8125,16.7143,-1.52348
251,15.8125,16.7143,-1.52348
254,10.6101,20.0371,-0.768194
251,10.6101,20.0371,-0.768194
254,18.6518,17.6747,-1.10954
251,18.6518,17.6747,-1.10954
254,16.3437,17.2681,-2.08211
251,16.3437,17.2681,-2.08211
254,22.3741,16.9421,-1.83298
251,22.3741,16.9421,-1.83298
254,13.1251,13.5101,-0.670825
251,13.1251,13.5101,-0.670825
254,14.9487,15.5682,-2.08305
249,14.9487,15.5682,-2.08305
254,15.6834,16.5394,-1.41633
249,15.6834,16.5394,-1.41633
254,15.7615,16.6701,-2.55183
249,15.7615,16.6701,-2.55183
254,18.7009,19.6111,-1.70709
249,18.7009,19.6111,-1.70709
254,23.4532,17.9949,-0.922336
249,23.4532,17.9949,-0.922336
254,17.6249,18.1349,-1.29237
249,17.6249,18.1349,-1.29237
254,17.1162,18.0957,-3.12479
249,17.1162,18.0957,-3.12479
254,15.3038,16.4831,-2.227
249,15.3038,16.4831,-2.227
254,15.7966,16.45,-1.96083
250,15.7966,16.45,-1.96083
254,15.9382,16.6002,-1.97784
250,15.9382,16.6002,-1.97784
254,16.4081,17.1132,-2.19924
250,16.4081,17.1132,-2.19924
254,15.9861,17.0204,-2.60059
250,15.9861,17.0204,-2.60059
254,37.4302,23.5403,-4.01372
250,37.4302,23.5403,-4.01372
254,21.9508,15.4944,-1.3946
250,21.9508,15.4944,-1.3946
254,15.1675,16.1647,-1.85821
250,15.1675,16.1647,-1.85821
254,16.6025,17.6596,-2.30047
250,16.6025,17.6596,-2.30047
254,17.9976,18.95,-1.34954
250,17.9976,18.95,-1.34954
254,15.2015,15.6859,-1.33818
250,15.2015,15.6859,-1.33818
254,16.0653,16.7241,-1.66658
250,16.0653,16.7241,-1.66658
254,16.3355,13.1297,-0.570852
250,16.3355,13.1297,-0.570852
254,16.537,13.653,-0.720251
250,16.537,13.653,-0.720251
254,13.3518,13.8105,-0.816398
250,13.3518,13.8105,-0.816398
254,15.2103,16.0579,-2.2748
248,15.2103,16.0579,-2.2748
254,14.6084,15.3275,-1.9728
248,14.6084,15.3275,-1.9728
254,15.4125,16.3367,-1.81252
248,15.4125,16.3367,-1.81252
254,14.127,12.292,-0.209508
248,14.127,12.292,-0.209508
254,16.0933,16.9794,-1.73952
244,16.0933,16.9794,-1.73952
254,15.2715,14.4077,-0.47242
244,15.2715,14.4077,-0.47242
254,21.3022,16.4297,-1.66509
244,21.3022,16.4297,-1.66509
254,26.0915,19.3177,-1.74588
244,26.0915,19.3177,-1.74588
254,19.4363,15.4621,-1.29343
244,19.4363,15.4621,-1.29343
254,15.711,16.2739,-1.56711
247,15.711,16.2739,-1.56711
254,15.2626,14.5682,-0.787053
246,15.2626,14.5682,-0.787053
255,8.20434,8.82432,0.914162
255,9.15737,11.3989,-1.64555
255,9.29191,12.0206,-1.79085
255,7.95942,13.0109,-1.41317
255,7.96715,12.9928,-1.51509
255,7.9516,13.0004,-1.51862
255,7.96533,13.0577,-1.43449
255,8.90882,14.4613,1.36339
255,14.7079,12.5267,-1.55797
255,9.79787,16.3237,-0.205477
255,9.81197,16.4438,-0.178851
255,9.84314,16.4353,-0.202366
255,15.2614,12.8529,-1.78177
255,9.88664,16.5608,-0.262832
255,9.87883,16.5863,-0.215884
255,15.7771,13.6231,-0.720551
255,14.8715,14.4029,-0.788917
255,16.1278,13.803,-0.622626
255,15.2396,14.3302,-0.783383
255,17.185,13.859,0.651193
255,15.242,14.3682,-0.745807
255,15.2655,14.331,-0.877292
255,15.2727,14.3465,-0.835162
255,13.5996,15.0587,-1.46782
255,15.2898,14.3687,-0.945606
255,15.3178,14.4308,-0.77793
255,15.3051,14.4588,-0.755089
255,10.3387,16.9459,-1.66362
255,15.4816,14.6315,-0.882413
255,10.2179,17.6347,-0.809849
255,13.9122,15.4923,-1.61177
255,15.5945,14.6302,-1.71587
255,8.05739,19.3129,-0.659796
255,15.5903,14.6767,-1.68287
255,20.4696,19.4287,-1.44295
253,20.4696,19.4287,-1.44295
255,15.5313,16.1934,-0.848204
253,15.5313,16.1934,-0.848204
255,17.1828,18.0726,-1.75673
253,17.1828,18.0726,-1.75673
255,15.272,16.123,-1.26615
253,15.272,16.123,-1.26615
255,18.5303,19.5053,-2.16268
253,18.5303,19.5053,-2.16268
255,19.2759,18.4126,-1.3088
253,19.2759,18.4126,-1.3088
255,16.2259,17.1477,-1.82376
253,16.2259,17.1477,-1.82376
255,15.3791,16.2475,-1.43773
253,15.3791,16.2475,-1.43773
255,18.1688,18.9379,-1.41806
253,18.1688,18.9379,-1.41806
255,17.9265,18.8459,-1.33508
253,17.9265,18.8459,-1.33508
255,17.8646,18.7067,-1.44999
253,17.8646,18.7067,-1.44999
255,17.8454,17.085,-1.64094
253,17.8454,17.085,-1.64094
255,15.0771,14.2476,-0.417882
253,15.0771,14.2476,-0.417882
255,15.2318,16.1474,-1.78567
253,15.2318,16.1474,-1.78567
255,21.0001,16.334,-1.51832
253,21.0001,16.334,-1.51832
255,20.5909,15.1576,-1.26037
253,20.5909,15.1576,-1.26037
255,14.3791,14.7287,-1.89404
253,14.3791,14.7287,-1.89404
255,21.5007,16.5852,-1.09461
253,21.5007,16.5852,-1.09461
255,16.0291,16.9309,-1.44841
253,16.0291,16.9309,-1.44841
255,22.1506,15.5736,-1.33587
253,22.1506,15.5736,-1.33587
255,16.4654,17.0118,-2.81902
253,16.4654,17.0118,-2.81902
255,23.7999,17.1519,-1.6053
253,23.7999,17.1519,-1.6053
255,23.0886,16.0436,-1.48861
253,23.0886,16.0436,-1.48861
255,25.7343,17.4785,-1.96924
253,25.7343,17.4785,-1.96924
255,14.3385,15.3755,-1.57212
253,14.3385,15.3755,-1.57212
255,13.461,11.6236,1.52759
253,13.461,11.6236,1.52759
255,23.7771,17.1807,-1.57493
253,23.7771,17.1807,-1.57493
255,16.7327,13.2155,-0.567651
253,16.7327,13.2155,-0.567651
255,22.9973,15.5031,-1.31148
253,22.9973,15.5031,-1.31148
255,19.3718,14.1953,-0.834783
253,19.3718,14.1953,-0.834783
255,19.0139,18.1462,-1.15266
253,19.0139,18.1462,-1.15266
255,17.2327,13.1882,-0.558649
253,17.2327,13.1882,-0.558649
255,23.3256,16.799,-1.74991
253,23.3256,16.799,-1.74991
255,20.6917,19.636,-1.44687
253,20.6917,19.636,-1.44687
255,13.8055,13.9391,-0.594887
254,13.8055,13.9391,-0.594887
255,15.5708,16.447,-1.71562
254,15.5708,16.447,-1.71562
255,15.6702,16.5314,-1.62843
254,15.6702,16.5314,-1.62843
255,19.5711,18.5081,-1.48877
254,19.5711,18.5081,-1.48877
255,17.8901,18.6155,-1.40048
254,17.8901,18.6155,-1.40048
255,16.675,16.0266,-0.745909
254,16.675,16.0266,-0.745909
255,20.1439,19.1407,-1.42082
254,20.1439,19.1407,-1.42082
255,17.1035,18.0176,-1.16954
254,17.1035,18.0176,-1.16954
255,16.4671,17.3496,-1.01524
254,16.4671,17.3496,-1.01524
255,25.6512,19.0344,-1.71149
254,25.6512,19.0344,-1.71149
255,7.72696,15.4071,1.11637
254,7.72696,15.4071,1.11637
255,15.7956,16.6576,-1.63452
251,15.7956,16.6576,-1.63452
255,16.1262,16.9922,-1.97351
251,16.1262,16.9922,-1.97351
255,15.462,16.0042,-2.36716
251,15.462,16.0042,-2.36716
255,16.1251,16.6585,-2.66007
251,16.1251,16.6585,-2.66007
255,16.3733,16.955,-1.57087
251,16.3733,16.955,-1.57087
255,16.0897,16.8833,-2.66261
251,16.0897,16.8833,-2.66261
255,16.1029,17.1137,-2.23047
251,16.1029,17.1137,-2.23047
255,10.9942,22.2251,-1.11107
251,10.9942,22.2251,-1.11107
255,17.9809,18.7232,-1.32388
251,17.9809,18.7232,-1.32388
255,16.1535,16.9509,-2.69214
251,16.1535,16.9509,-2.69214
255,16.436,17.4037,-2.84245
251,16.436,17.4037,-2.84245
255,16.249,17.1929,-2.73162
251,16.249,17.1929,-2.73162
255,15.9732,17.038,-2.03298
251,15.9732,17.038,-2.03298
255,14.6723,15.4346,-1.97589
251,14.6723,15.4346,-1.97589
255,21.218,20.1915,-2.57749
252,21.218,20.1915,-2.57749
255,15.3367,16.1676,-1.61427
252,15.3367,16.1676,-1.61427
255,14.7671,15.4643,-2.04051
252,14.7671,15.4643,-2.04051
255,19.8268,20.7039,-1.94568
252,19.8268,20.7039,-1.94568
255,13.7623,13.7593,1.15495
252,13.7623,13.7593,1.15495
255,31.2804,21.4258,-2.73175
252,31.2804,21.4258,-2.73175
255,16.111,16.9929,-1.9736
249,16.111,16.9929,-1.9736
255,14.0489,12.3266,-0.229522
249,14.0489,12.3266,-0.229522
255,15.55,16.5074,-1.86257
248,15.55,16.5074,-1.86257
255,27.107,18.5285,-2.42825
250,27.107,18.5285,-2.42825
255,14.9722,15.9411,-1.74513
250,14.9722,15.9411,-1.74513
255,15.9629,16.9266,-2.0558
250,15.9629,16.9266,-2.0558
255,15.9436,16.8501,-1.42848
250,15.9436,16.8501,-1.42848
255,14.0727,14.6259,-1.07225
250,14.0727,14.6259,-1.07225
255,16.5066,17.2009,-1.05285
250,16.5066,17.2009,-1.05285
255,19.066,18.8242,-1.49007
244,19.066,18.8242,-1.49007
255,15.4959,14.9714,-0.963808
244,15.4959,14.9714,-0.963808
255,15.9182,16.7569,-1.88321
246,15.9182,16.7569,-1.88321
256,8.01803,8.78781,0.935333
256,8.07022,8.84069,0.928823
256,8.20644,8.79173,0.933348
256,8.11323,9.66044,0.806033
256,8.12644,9.7035,0.80361
256,9.61952,9.61912,0.917983
256,8.72228,11.9935,0.463673
256,8.74007,12.0426,0.444803
256,9.16031,11.4164,-1.67155
256,9.21756,11.8565,-1.66747
256,7.9552,12.818,-1.44286
256,7.9658,12.9769,-1.54521
256,9.19775,13.0912,-1.75053
256,8.77871,15.0574,-0.00401479
256,8.89256,15.2187,-0.0295026
256,8.93688,15.2077,-0.0284669
256,9.05585,15.9347,-0.11155
256,10.5257,15.2505,-0.0400121
256,14.0568,14.0373,1.15015
256,14.1408,14.105,1.14929
256,14.0542,14.1725,1.14292
256,14.896,12.6512,-1.66868
256,15.1073,12.7729,-1.74753
256,14.7667,14.0588,-0.696412
256,15.9644,13.7005,-0.579352
256,15.9715,13.7119,-0.555292
256,10.2136,16.6262,-1.53032
256,15.0554,14.2593,-0.816564
256,9.1377,17.8683,-0.426366
256,15.1381,14.2884,-0.923916
256,15.2138,14.3181,-0.781195
256,15.1841,14.2849,-0.90674
256,17.1896,13.8465,0.62953
256,10.3564,17.1143,-1.68268
256,17.1709,18.1098,-1.88261
254,17.1709,18.1098,-1.88261
256,15.3707,16.2343,-1.21967
254,15.3707,16.2343,-1.21967
256,11.6558,24.9362,-1.52889
254,11.6558,24.9362,-1.52889
256,17.8683,18.7003,-1.45889
254,17.8683,18.7003,-1.45889
256,18.0173,18.775,-1.37236
254,18.0173,18.775,-1.37236
256,18.0417,18.956,-1.37017
254,18.0417,18.956,-1.37017
256,14.8258,14.1808,-0.391489
254,14.8258,14.1808,-0.391489
256,15.2744,16.123,-1.19979
254,15.2744,16.123,-1.19979
256,15.348,16.1981,-1.2437
254,15.348,16.1981,-1.2437
256,14.4519,15.26,-0.942363
254,14.4519,15.26,-0.942363
256,16.1759,17.0832,-2.00508
254,16.1759,17.0832,-2.00508
256,10.4062,18.6086,-0.507145
254,10.4062,18.6086,-0.507145
256,15.322,14.4734,-0.482914
254,15.322,14.4734,-0.482914
256,21.8127,16.7679,-1.13311
254,21.8127,16.7679,-1.13311
256,26.7947,17.8471,-2.04983
254,26.7947,17.8471,-2.04983
256,16.1324,17.0204,-1.49306
254,16.1324,17.0204,-1.49306
256,11.2121,22.8275,-1.17499
254,11.2121,22.8275,-1.17499
256,14.106,15.6716,-1.68608
254,14.106,15.6716,-1.68608
256,14.6135,15.4607,-1.11537
254,14.6135,15.4607,-1.11537
256,12.5096,10.9816,0.165806
254,12.5096,10.9816,0.165806
256,11.9702,12.7418,-0.508773
254,11.9702,12.7418,-0.508773
256,25.7704,17.3876,-1.93413
254,25.7704,17.3876,-1.93413
256,13.9728,15.529,-1.60156
254,13.9728,15.529,-1.60156
256,18.6965,13.9127,-0.749646
254,18.6965,13.9127,-0.749646
256,16.8321,16.329,-0.734777
254,16.8321,16.329,-0.734777
256,15.821,16.3279,-2.51946
251,15.821,16.3279,-2.51946
256,13.9674,14.5375,-1.69376
251,13.9674,14.5375,-1.69376
256,15.7512,16.5405,-2.49785
251,15.7512,16.5405,-2.49785
256,30.1607,20.4826,-2.90737
251,30.1607,20.4826,-2.90737
256,14.9487,15.8568,-2.11035
251,14.9487,15.8568,-2.11035
256,15.707,14.7576,-1.70561
251,15.707,14.7576,-1.70561
256,16.2248,17.1314,-2.01943
251,16.2248,17.1314,-2.01943
256,15.9429,16.8588,-1.56966
251,15.9429,16.8588,-1.56966
256,9.25685,14.0771,0.149459
251,9.25685,14.0771,0.149459
256,14.7907,15.5588,-2.0405
251,14.7907,15.5588,-2.0405
256,15.8944,16.7865,-1.38883
251,15.8944,16.7865,-1.38883
256,23.9756,16.6062,-1.67912
251,23.9756,16.6062,-1.67912
256,16.1903,16.8081,-1.72031
251,16.1903,16.8081,-1.72031
256,19.9762,14.5357,-1.00842
251,19.9762,14.5357,-1.00842
256,15.7028,16.6407,-2.45693
251,15.7028,16.6407,-2.45693
256,15.959,17.2045,-2.26638
251,15.959,17.2045,-2.26638
256,15.8174,17.0169,-2.37571
251,15.8174,17.0169,-2.37571
256,22.4191,15.7994,-1.42762
251,22.4191,15.7994,-1.42762
256,16.6696,17.2251,-2.89211
252,16.6696,17.2251,-2.89211
256,10.4432,17.4283,-1.80534
252,10.4432,17.4283,-1.80534
256,17.2836,16.6293,-1.4912
252,17.2836,16.6293,-1.4912
256,15.4361,15.9682,-2.32398
252,15.4361,15.9682,-2.32398
256,17.2058,16.6234,-0.893656
252,17.2058,16.6234,-0.893656
256,15.8331,12.5586,-0.297451
252,15.8331,12.5586,-0.297451
256,17.3733,18.5068,-2.52036
252,17.3733,18.5068,-2.52036
256,16.0621,16.9915,-2.44647
252,16.0621,16.9915,-2.44647
256,14.6494,15.1533,-1.20703
252,14.6494,15.1533,-1.20703
256,15.9959,16.7876,-1.87944
252,15.9959,16.7876,-1.87944
256,17.454,18.6747,-2.59183
252,17.454,18.6747,-2.59183
256,10.8108,21.105,-0.871144
252,10.8108,21.105,-0.871144
256,16.0405,16.9364,-1.79785
249,16.0405,16.9364,-1.79785
256,15.3003,14.3996,-0.470802
249,15.3003,14.3996,-0.470802
256,15.482,14.563,-0.50971
249,15.482,14.563,-0.50971
256,14.8234,15.4178,-2.03067
249,14.8234,15.4178,-2.03067
256,15.7172,16.4489,-2.43875
249,15.7172,16.4489,-2.43875
256,14.8926,14.2469,-0.390326
249,14.8926,14.2469,-0.390326
256,14.9494,14.3004,-0.397289
249,14.9494,14.3004,-0.397289
256,14.936,12.6028,1.86072
249,14.936,12.6028,1.86072
256,18.6708,14.3966,2.24482
249,18.6708,14.3966,2.24482
256,14.9221,15.5306,-2.07939
249,14.9221,15.5306,-2.07939
256,18.3805,14.2247,2.2102
249,18.3805,14.2247,2.2102
256,15.6693,16.6787,-1.90033
249,15.6693,16.6787,-1.90033
256,17.9621,17.2731,-1.04004
255,17.9621,17.2731,-1.04004
256,20.8254,18.9582,-1.56856
255,20.8254,18.9582,-1.56856
256,17.7186,16.6046,-0.98498
255,17.7186,16.6046,-0.98498
256,16.6926,17.2915,-1.68595
255,16.6926,17.2915,-1.68595
256,18.8808,17.9776,-1.91348
255,18.8808,17.9776,-1.91348
256,17.5466,18.0117,-1.39617
255,17.5466,18.0117,-1.39617
256,15.9346,16.8123,-1.48573
255,15.9346,16.8123,-1.48573
256,16.0136,16.8582,-1.47118
255,16.0136,16.8582,-1.47118
256,17.1039,16.0945,-0.863179
255,17.1039,16.0945,-0.863179
256,14.6276,15.6306,-1.69457
255,14.6276,15.6306,-1.69457
256,20.5498,16.4157,-1.03069
255,20.5498,16.4157,-1.03069
256,8.03846,19.9607,-0.708868
255,8.03846,19.9607,-0.708868
256,14.922,13.0115,-0.129652
255,14.922,13.0115,-0.129652
256,17.1482,15.9236,-2.17372
255,17.1482,15.9236,-2.17372
256,18.2747,19.0172,-1.48492
255,18.2747,19.0172,-1.48492
256,18.5445,17.6956,-1.83642
248,18.5445,17.6956,-1.83642
256,16.3114,16.974,-1.80073
244,16.3114,16.974,-1.80073
256,15.5077,14.5878,-0.493485
247,15.5077,14.5878,-0.493485
256,16.2189,16.8698,-2.14531
239,16.2189,16.8698,-2.14531
257,9.12401,11.389,-1.6204
257,7.94266,13.0011,-1.40803
257,7.94545,13.0839,-1.43674
257,7.94306,13.0985,-1.44407
257,7.95231,13.196,-1.65987
257,8.18736,13.2304,-1.7356
257,7.39103,15.1047,0.387317
257,8.60065,14.4404,-1.56883
257,7.61606,15.901,0.311604
257,8.62419,14.5632,-1.63763
257,7.64156,16.8802,1.1658
257,7.63105,17.2431,1.16846
257,14.0347,14.0344,1.14505
257,9.68563,16.3216,-0.147808
257,9.68736,16.3745,-0.151547
257,15.0695,12.756,-1.71383
257,8.09663,17.6926,-0.370826
257,13.4397,14.8581,-1.36862
257,16.7817,13.7849,0.469861
257,9.19286,18.7159,1.71716
257,9.88197,17.4257,-0.346139
257,15.1368,14.2402,-0.826756
257,9.13067,17.9437,-0.427289
257,10.2675,16.7862,-1.61796
257,15.1697,14.2723,-0.894773
257,9.15072,17.9987,-0.453706
257,9.20845,18.9188,1.68617
257,17.2811,13.9109,0.67644
257,10.3186,16.9815,-1.65807
257,10.3538,16.9623,-1.65553
257,8.13629,18.7738,-0.525774
257,15.3985,14.5001,-0.886619
257,8.01197,18.9576,-0.551861
257,13.8821,15.4112,-1.59602
257,17.7317,14.1656,0.349723
257,15.4281,14.4834,-2.12789
257,10.5769,17.4399,-1.83542
257,16.4228,17.3202,-1.84956
255,16.4228,17.3202,-1.84956
257,16.0153,16.6239,-1.46217
255,16.0153,16.6239,-1.46217
257,16.1235,17.0215,-1.44748
255,16.1235,17.0215,-1.44748
257,17.0558,17.8983,-1.76522
255,17.0558,17.8983,-1.76522
257,15.863,16.7535,-1.81187
255,15.863,16.7535,-1.81187
257,15.975,16.8537,-1.70879
255,15.975,16.8537,-1.70879
257,16.1971,16.7894,-1.52634
255,16.1971,16.7894,-1.52634
257,15.8974,16.7654,-1.36519
255,15.8974,16.7654,-1.36519
257,13.1804,30.7146,-2.2586
255,13.1804,30.7146,-2.2586
257,16.2028,17.082,-2.00903
255,16.2028,17.082,-2.00903
257,16.5214,17.4744,-1.78535
255,16.5214,17.4744,-1.78535
257,15.0115,15.4943,-2.15468
255,15.0115,15.4943,-2.15468
257,17.0226,14.1597,-0.783423
255,17.0226,14.1597,-0.783423
257,27.0555,18.5104,-2.43002
255,27.0555,18.5104,-2.43002
257,15.1509,14.3323,-1.51425
255,15.1509,14.3323,-1.51425
257,20.2996,16.164,-1.43212
255,20.2996,16.164,-1.43212
257,13.2321,14.0646,-1.35063
255,13.2321,14.0646,-1.35063
257,15.4299,15.0628,-0.484644
255,15.4299,15.0628,-0.484644
257,20.4112,19.5454,-1.52133
255,20.4112,19.5454,-1.52133
257,18.0157,14.0635,2.1663
255,18.0157,14.0635,2.1663
257,14.2686,15.0195,-0.554476
255,14.2686,15.0195,-0.554476
257,17.1301,14.2329,-0.779436
255,17.1301,14.2329,-0.779436
257,21.3374,15.3522,-1.26095
255,21.3374,15.3522,-1.26095
257,16.9873,17.3989,-1.64406
255,16.9873,17.3989,-1.64406
257,15.7104,16.502,-2.36126
255,15.7104,16.502,-2.36126
257,24.4223,18.3305,-1.48519
255,24.4223,18.3305,-1.48519
257,7.43426,16.0549,0.172462
255,7.43426,16.0549,0.172462
257,10.5223,17.5524,-1.82183
255,10.5223,17.5524,-1.82183
257,11.7876,12.5587,-0.716247
255,11.7876,12.5587,-0.716247
257,15.5513,16.2957,-0.855975
255,15.5513,16.2957,-0.855975
257,16.0495,15.1784,-0.63321
255,16.0495,15.1784,-0.63321
257,16.2284,17.0208,-2.52769
255,16.2284,17.0208,-2.52769
257,15.6952,14.8119,-0.913336
255,15.6952,14.8119,-0.913336
257,16.6852,17.8596,-2.26117
255,16.6852,17.8596,-2.26117
257,26.8205,17.8861,-2.10881
255,26.8205,17.8861,-2.10881
257,16.9005,15.7309,-2.06819
255,16.9005,15.7309,-2.06819
257,18.0029,17.3169,-0.893177
256,18.0029,17.3169,-0.893177
257,18.0682,17.3756,-0.891996
256,18.0682,17.3756,-0.891996
257,8.13381,10.2258,0.741181
256,8.13381,10.2258,0.741181
257,14.4028,15.2943,-1.03932
256,14.4028,15.2943,-1.03932
257,10.1737,18.6513,-0.562189
256,10.1737,18.6513,-0.562189
257,10.654,20.6374,-0.853354
256,10.654,20.6374,-0.853354
257,9.55717,15.7784,-0.106196
256,9.55717,15.7784,-0.106196
257,18.5126,17.724,-1.84877
256,18.5126,17.724,-1.84877
257,18.3742,17.7095,-1.83711
256,18.3742,17.7095,-1.83711
257,17.0512,13.5258,-0.633918
256,17.0512,13.5258,-0.633918
257,24.7774,17.4392,-1.72637
256,24.7774,17.4392,-1.72637
257,19.6656,18.0905,-1.36263
256,19.6656,18.0905,-1.36263
257,16.7298,16.2948,-1.4038
256,16.7298,16.2948,-1.4038
257,18.4219,17.0959,-1.07902
256,18.4219,17.0959,-1.07902
257,128.777,71.9998,-18.2774
256,128.777,71.9998,-18.2774
257,13.7904,11.8718,1.6092
256,13.7904,11.8718,1.6092
257,27.558,18.3761,-2.29127
256,27.558,18.3761,-2.29127
257,26.8096,17.8717,-2.13668
256,26.8096,17.8717,-2.13668
257,15.9627,16.765,-1.83983
256,15.9627,16.765,-1.83983
257,16.0871,16.9675,-1.53142
256,16.0871,16.9675,-1.53142
257,17.1016,17.6998,-1.97489
252,17.1016,17.6998,-1.97489
257,16.0205,16.7003,-1.83772
252,16.0205,16.7003,-1.83772
257,16.8302,17.5425,-1.66579
252,16.8302,17.5425,-1.66579
257,15.8336,16.3545,-2.49551
252,15.8336,16.3545,-2.49551
257,18.0631,14.0636,-0.821361
252,18.0631,14.0636,-0.821361
257,16.0563,16.986,-2.44251
252,16.0563,16.986,-2.44251
257,14.67,15.7005,-1.91681
252,14.67,15.7005,-1.91681
257,15.121,16.2126,-2.12158
252,15.121,16.2126,-2.12158
257,14.471,15.405,-1.87437
252,14.471,15.405,-1.87437
257,14.9739,16.0552,-2.02461
252,14.9739,16.0552,-2.02461
257,16.1644,13.2554,1.95934
252,16.1644,13.2554,1.95934
257,15.3692,14.4669,-1.55896
252,15.3692,14.4669,-1.55896
257,13.576,14.3982,-1.46473
252,13.576,14.3982,-1.46473
257,18.3461,19.1198,-2.83066
252,18.3461,19.1198,-2.83066
257,14.1346,15.3286,-1.66634
252,14.1346,15.3286,-1.66634
257,16.5746,17.897,-2.55114
252,16.5746,17.897,-2.55114
257,14.7007,15.7418,-1.90854
252,14.7007,15.7418,-1.90854
257,13.4381,14.037,-0.902387
252,13.4381,14.037,-0.902387
257,16.2979,16.9413,-2.05468
251,16.2979,16.9413,-2.05468
257,16.1296,13.4049,0.72958
251,16.1296,13.4049,0.72958
257,17.0825,14.0684,-0.777414
251,17.0825,14.0684,-0.777414
257,18.6822,15.0331,-1.07707
249,18.6822,15.0331,-1.07707
257,38.7905,25.4791,-4.55022
249,38.7905,25.4791,-4.55022
257,14.8486,15.6869,-2.05128
250,14.8486,15.6869,-2.05128
257,15.8479,15.3465,-1.01286
250,15.8479,15.3465,-1.01286
257,27.95,18.6163,-2.39085
250,27.95,18.6163,-2.39085
257,19.4249,18.8036,-1.48286
250,19.4249,18.8036,-1.48286
257,21.2456,15.9653,-1.52044
250,21.2456,15.9653,-1.52044
257,10.4907,24.834,-1.37272
247,10.4907,24.834,-1.37272
257,15.7204,16.8761,-2.14361
247,15.7204,16.8761,-2.14361
257,14.8022,15.8221,-1.65149
247,14.8022,15.8221,-1.65149
257,18.0626,18.882,-1.41639
247,18.0626,18.882,-1.41639
257,15.2777,14.4094,-0.461335
244,15.2777,14.4094,-0.461335
257,24.0871,17.9658,-1.91077
244,24.0871,17.9658,-1.91077
258,7.92573,12.9748,-1.48022
258,7.93676,13.0381,-1.43689
258,7.93478,13.2339,-1.66786
258,8.18233,13.2075,-1.73183
258,9.21021,13.1369,-1.77872
258,7.46261,15.4267,-0.0203249
258,7.3691,15.6714,0.329953
258,9.49663,15.5847,-0.0475985
258,9.54684,15.6481,-0.0957803
258,9.55191,15.7965,-0.0818249
258,14.0709,14.0494,1.15034
258,14.8126,12.5647,-1.62946
258,14.7863,12.5903,-1.63068
258,9.71193,16.2909,-0.197101
258,15.0145,12.7367,-1.68258
258,10.2412,16.5737,-1.52902
258,10.2111,16.5935,-1.53226
258,10.2144,16.6497,-1.5693
258,10.2249,16.6984,-1.56379
258,16.8831,13.853,0.678369
258,16.0956,13.7663,-0.590384
258,9.1816,18.7748,1.73353
258,15.1225,14.3049,-0.716299
258,15.5214,14.4147,0.0226922
258,10.0994,17.247,-0.723441
258,15.205,14.303,-0.766683
258,15.2594,14.3114,-0.795044
258,10.124,17.3177,-0.737531
258,10.2853,16.8625,-1.63012
258,15.286,14.3249,-0.8233
258,10.3243,16.9102,-1.63332
258,17.2729,13.9109,0.600599
258,13.6964,15.1398,-1.52116
258,15.3887,14.4994,-0.864412
258,17.2925,13.9231,0.341875
258,9.92665,18.0353,-0.47222
258,17.8555,14.2227,0.653273
258,17.0441,14.2285,-0.764846
258,8.11958,19.5082,-0.641547
258,16.0152,14.9658,-0.582673
258,15.7468,14.7244,-1.91439
258,10.1458,18.5899,-0.497418
258,15.838,14.8055,-1.79265
258,15.9531,14.8882,-1.73934
257,15.9531,14.8882,-1.73934
258,15.1454,14.2488,-0.826714
257,15.1454,14.2488,-0.826714
258,15.0648,14.2073,-1.45162
257,15.0648,14.2073,-1.45162
258,20.3036,20.2007,-1.92715
257,20.3036,20.2007,-1.92715
258,13.503,13.0528,-0.484568
257,13.503,13.0528,-0.484568
258,16.4651,15.33,-0.671433
257,16.4651,15.33,-0.671433
258,16.3101,17.0326,-1.52982
257,16.3101,17.0326,-1.52982
258,10.1424,23.0493,-1.28794
257,10.1424,23.0493,-1.28794
258,9.56537,19.0623,-0.576528
257,9.56537,19.0623,-0.576528
258,16.095,14.993,-1.78528
257,16.095,14.993,-1.78528
258,16.1317,13.6418,-0.602056
257,16.1317,13.6418,-0.602056
258,21.2627,16.739,-1.62004
257,21.2627,16.739,-1.62004
258,14.37,15.2492,-0.934236
257,14.37,15.2492,-0.934236
258,16.3417,17.0086,-2.09977
257,16.3417,17.0086,-2.09977
258,16.7648,17.1502,-2.8788
257,16.7648,17.1502,-2.8788
258,19.2005,18.6157,-1.47216
257,19.2005,18.6157,-1.47216
258,21.74,16.7522,-1.66596
257,21.74,16.7522,-1.66596
258,21.2627,16.739,-1.62004
257,21.2627,16.739,-1.62004
258,25.4517,17.4202,-1.95471
257,25.4517,17.4202,-1.95471
258,15.7701,16.6679,-1.3746
257,15.7701,16.6679,-1.3746
258,25.2244,17.0894,-1.86668
257,25.2244,17.0894,-1.86668
258,12.1636,13.0863,-0.31824
257,12.1636,13.0863,-0.31824
258,17.7962,18.5314,-1.37349
257,17.7962,18.5314,-1.37349
258,14.705,12.0913,-0.174687
257,14.705,12.0913,-0.174687
258,16.2197,13.393,1.88616
257,16.2197,13.393,1.88616
258,16.2197,13.393,1.88616
257,16.2197,13.393,1.88616
258,22.3733,20.2918,-1.84109
257,22.3733,20.2918,-1.84109
258,27.9141,18.563,-2.29511
257,27.9141,18.563,-2.29511
258,18.4373,17.7015,-1.06088
257,18.4373,17.7015,-1.06088
258,24.1266,18.0706,-1.4565
257,24.1266,18.0706,-1.4565
258,15.8098,14.98,-2.31014
257,15.8098,14.98,-2.31014
258,16.1144,15.5354,-1.16824
257,16.1144,15.5354,-1.16824
258,23.0887,16.6726,-1.72104
257,23.0887,16.6726,-1.72104
258,24.8682,17.0455,-1.77593
257,24.8682,17.0455,-1.77593
258,17.4973,18.2582,-1.27178
257,17.4973,18.2582,-1.27178
258,16.381,17.257,-1.54888
256,16.381,17.257,-1.54888
258,15.1326,14.2632,-0.751097
256,15.1326,14.2632,-0.751097
258,16.4134,17.0859,-2.1247
256,16.4134,17.0859,-2.1247
258,13.7808,14.359,-1.61809
256,13.7808,14.359,-1.61809
258,16.4134,17.0859,-2.1247
256,16.4134,17.0859,-2.1247
258,11.2472,23.1817,-1.28742
256,11.2472,23.1817,-1.28742
258,17.6745,16.9078,-1.05969
256,17.6745,16.9078,-1.05969
258,15.1946,13.2224,-0.439362
256,15.1946,13.2224,-0.439362
258,21.1305,15.5834,-1.16852
256,21.1305,15.5834,-1.16852
258,14.1994,15.038,-0.918367
256,14.1994,15.038,-0.918367
258,27.4881,18.3172,-2.25147
256,27.4881,18.3172,-2.25147
258,19.2234,14.6839,2.32066
256,19.2234,14.6839,2.32066
258,15.7516,14.7784,-0.853078
255,15.7516,14.7784,-0.853078
258,14.2707,15.0309,-1.81827
255,14.2707,15.0309,-1.81827
258,15.9542,16.9574,-2.17918
255,15.9542,16.9574,-2.17918
258,15.1021,14.2186,-0.777237
255,15.1021,14.2186,-0.777237
258,16.3057,16.8936,-1.56214
255,16.3057,16.8936,-1.56214
258,16.0843,16.9625,-1.74879
255,16.0843,16.9625,-1.74879
258,15.4756,15.8275,-0.835868
255,15.4756,15.8275,-0.835868
258,16.0772,16.6317,-2.5658
255,16.0772,16.6317,-2.5658
258,15.2396,15.8124,-2.2207
255,15.2396,15.8124,-2.2207
258,17.3906,18.3033,-1.26142
255,17.3906,18.3033,-1.26142
258,14.8574,12.2893,-0.267108
255,14.8574,12.2893,-0.267108
258,15.1497,16.3105,-1.92919
255,15.1497,16.3105,-1.92919
258,15.8241,14.8498,-1.7086
255,15.8241,14.8498,-1.7086
258,24.7175,17.4581,-1.70415
255,24.7175,17.4581,-1.70415
258,13.3765,14.2509,-1.37221
255,13.3765,14.2509,-1.37221
258,15.2569,14.365,-1.54665
252,15.2569,14.365,-1.54665
258,19.421,18.6463,-1.36769
252,19.421,18.6463,-1.36769
258,16.6866,17.5856,-2.80869
252,16.6866,17.5856,-2.80869
258,19.5395,18.8113,-1.34052
252,19.5395,18.8113,-1.34052
258,14.8453,15.653,-1.91647
252,14.8453,15.653,-1.91647
258,14.9132,15.9009,-1.71204
252,14.9132,15.9009,-1.71204
258,15.8629,16.6716,-1.37273
252,15.8629,16.6716,-1.37273
258,14.7067,14.2757,-0.344142
252,14.7067,14.2757,-0.344142
258,14.9162,15.8957,-2.0477
249,14.9162,15.8957,-2.0477
258,16.3447,17.0374,-2.17866
250,16.3447,17.0374,-2.17866
258,9.06796,11.7325,1.05195
250,9.06796,11.7325,1.05195
258,13.907,14.3972,-1.67258
248,13.907,14.3972,-1.67258
258,14.2557,15.3511,-1.80251
247,14.2557,15.3511,-1.80251
258,14.1185,15.2133,-1.71796
247,14.1185,15.2133,-1.71796
258,22.5193,16.3171,-1.33506
244,22.5193,16.3171,-1.33506
258,15.637,13.2165,-0.457003
246,15.637,13.2165,-0.457003
258,14.4319,14.4401,-0.392675
246,14.4319,14.4401,-0.392675
259,7.57436,9.4219,0.892522
259,7.79653,9.92554,0.820053
259,8.00901,11.702,-1.64816
259,7.91716,13.0592,-1.55281
259,7.93771,13.1666,-1.49214
259,7.92436,13.1892,-1.64786
259,7.93472,13.2057,-1.65644
259,7.93163,13.2725,-1.52408
259,7.93488,13.2789,-1.52343
259,8.17052,13.1547,-1.68901
259,7.94569,13.2937,-1.689
259,8.86061,14.3427,1.36504
259,8.87467,14.4363,1.37632
259,9.40341,16.1221,1.63747
259,14.9052,12.6677,-1.71139
259,15.1295,12.7914,-1.7248
259,15.1256,12.8141,-1.73415
259,9.86079,16.8826,-0.24691
259,14.6925,13.9947,-0.601277
259,14.7517,13.9719,-0.635147
259,14.743,13.9477,-0.705199
259,14.7012,14.0052,-0.637157
259,14.7651,14.1244,-0.332053
259,14.7447,14.0082,-0.643028
259,14.736,13.9839,-0.713327
259,14.8617,14.0515,-0.69471
259,14.9052,14.0834,-0.701076
259,10.1737,16.589,-1.50916
259,10.1727,16.5913,-1.54536
259,14.9547,14.1661,-0.837909
259,14.9611,14.2399,-0.745581
259,15.0116,14.1774,-0.829165
259,15.0714,14.2577,-0.872172
259,15.1102,14.2434,-0.871367
259,10.2624,16.8682,-1.59272
259,16.4128,13.9777,-0.727002
259,10.4489,17.1117,-1.71397
259,15.8279,14.8104,-0.524871
259,9.30037,19.5216,1.80942
259,13.9503,15.5087,-1.6151
259,9.24469,19.6774,1.81322
259,9.39199,19.7233,1.9763
259,9.34027,19.7035,1.85017
259,15.5085,14.5668,-2.18272
259,10.118,18.5363,-0.468031
259,15.8445,15.2599,-0.594343
259,8.36836,20.6728,1.88209
259,15.7807,14.7374,-2.30502
259,22.8045,20.5035,-1.93493
258,22.8045,20.5035,-1.93493
259,14.6622,15.7398,-1.70456
258,14.6622,15.7398,-1.70456
259,18.6518,17.6975,-1.77223
258,18.6518,17.6975,-1.77223
259,15.1037,16.0452,-1.14284
258,15.1037,16.0452,-1.14284
259,16.4223,17.1666,-1.55433
258,16.4223,17.1666,-1.55433
259,9.4255,18.9229,-0.534509
258,9.4255,18.9229,-0.534509
259,15.7189,13.5827,-0.572066
258,15.7189,13.5827,-0.572066
259,13.1629,14.3195,-1.15304
258,13.1629,14.3195,-1.15304
259,16.0078,16.9632,-1.6303
258,16.0078,16.9632,-1.6303
259,25.9912,18.0453,-2.20681
258,25.9912,18.0453,-2.20681
259,24.9689,17.6702,-1.9957
258,24.9689,17.6702,-1.9957
259,15.7797,16.499,-2.00765
258,15.7797,16.499,-2.00765
259,24.4461,17.2872,-1.95357
258,24.4461,17.2872,-1.95357
259,13.9253,14.6597,-0.986181
258,13.9253,14.6597,-0.986181
259,25.0677,17.0227,-1.80768
258,25.0677,17.0227,-1.80768
259,24.7164,17.1304,-1.99545
258,24.7164,17.1304,-1.99545
259,18.7126,18.2189,-1.34545
258,18.7126,18.2189,-1.34545
259,16.0682,16.8237,-2.40268
258,16.0682,16.8237,-2.40268
259,16.0682,16.8237,-2.40268
258,16.0682,16.8237,-2.40268
259,17.5576,17.2622,-1.0984
258,17.5576,17.2622,-1.0984
259,17.3023,18.2649,-2.52438
258,17.3023,18.2649,-2.52438
259,20.4653,15.2724,-1.00691
258,20.4653,15.2724,-1.00691
259,14.2297,13.673,-0.227327
258,14.2297,13.673,-0.227327
259,26.4039,17.824,-2.05888
258,26.4039,17.824,-2.05888
259,14.8666,12.2409,-0.184447
258,14.8666,12.2409,-0.184447
259,27.1727,18.1961,-2.16721
258,27.1727,18.1961,-2.16721
259,19.3384,18.497,-1.22935
258,19.3384,18.497,-1.22935
259,10.3921,11.53,-0.0996822
258,10.3921,11.53,-0.0996822
259,18.0346,17.38,-1.00508
258,18.0346,17.38,-1.00508
259,14.4148,12.0213,-0.115036
258,14.4148,12.0213,-0.115036
259,14.7819,14.0721,-1.39123
258,14.7819,14.0721,-1.39123
259,16.9558,15.6914,-2.12521
258,16.9558,15.6914,-2.12521
259,14.0687,15.537,-1.64425
258,14.0687,15.537,-1.64425
259,15.2541,16.3229,-1.75185
258,15.2541,16.3229,-1.75185
259,15.8878,15.6793,-0.604137
258,15.8878,15.6793,-0.604137
259,16.3558,15.7311,-1.21222
258,16.3558,15.7311,-1.21222
259,23.5859,16.9757,-1.83866
258,23.5859,16.9757,-1.83866
259,18.4719,17.5599,-1.73173
257,18.4719,17.5599,-1.73173
259,10.0098,17.3627,-0.345151
257,10.0098,17.3627,-0.345151
259,15.9245,14.8484,-1.74612
257,15.9245,14.8484,-1.74612
259,15.9854,16.8832,-1.43505
257,15.9854,16.8832,-1.43505
259,24.0485,18.1286,-1.43922
257,24.0485,18.1286,-1.43922
259,15.7456,16.643,-1.37495
257,15.7456,16.643,-1.37495
259,15.073,15.9751,-1.16893
257,15.073,15.9751,-1.16893
259,16.4344,15.3219,-0.634333
257,16.4344,15.3219,-0.634333
259,19.6191,14.4343,-0.967461
257,19.6191,14.4343,-0.967461
259,12.3009,12.5246,0.107649
257,12.3009,12.5246,0.107649
259,16.6096,17.4009,-2.08209
257,16.6096,17.4009,-2.08209
259,20.2895,18.6925,-1.47509
256,20.2895,18.6925,-1.47509
259,16.0917,16.623,-2.54327
256,16.0917,16.623,-2.54327
259,15.9409,16.7224,-2.49077
256,15.9409,16.7224,-2.49077
259,15.4026,16.4431,-1.97572
256,15.4026,16.4431,-1.97572
259,15.8704,16.7582,-1.80903
256,15.8704,16.7582,-1.80903
259,15.5238,16.453,-2.32464
256,15.5238,16.453,-2.32464
259,18.3788,18.8485,-2.11174
256,18.3788,18.8485,-2.11174
259,15.8911,16.8151,-1.52978
256,15.8911,16.8151,-1.52978
259,16.5055,17.3917,-1.64539
256,16.5055,17.3917,-1.64539
259,8.21224,21.5513,-0.99082
256,8.21224,21.5513,-0.99082
259,15.9665,17.1846,-2.41543
256,15.9665,17.1846,-2.41543
259,16.0347,17.2885,-2.28245
256,16.0347,17.2885,-2.28245
259,16.2078,15.7784,-1.92056
252,16.2078,15.7784,-1.92056
259,16.0168,16.9247,-1.72748
252,16.0168,16.9247,-1.72748
259,20.4498,18.8546,-1.51557
255,20.4498,18.8546,-1.51557
259,9.46423,29.5054,2.56881
255,9.46423,29.5054,2.56881
259,23.2297,16.8559,-1.49
255,23.2297,16.8559,-1.49
259,14.4881,15.4112,-1.85101
255,14.4881,15.4112,-1.85101
259,17.5209,18.2353,-1.23489
255,17.5209,18.2353,-1.23489
259,11.5564,23.8121,-1.24804
255,11.5564,23.8121,-1.24804
259,17.8639,17.1873,-1.11106
250,17.8639,17.1873,-1.11106
259,21.5414,16.1231,-1.52983
250,21.5414,16.1231,-1.52983
259,16.0042,13.6883,-0.728291
248,16.0042,13.6883,-0.728291
259,16.1668,17.0767,-1.90478
248,16.1668,17.0767,-1.90478
259,17.6415,18.3958,-1.2647
247,17.6415,18.3958,-1.2647
260,7.53442,9.21606,1.05062
260,7.53457,9.21636,1.0508
260,8.02481,11.7637,-1.65363
260,9.14342,11.4242,-1.64237
260,7.92505,13.1207,-1.43812
260,7.92904,13.1414,-1.43378
260,7.93288,13.1905,-1.47242
260,7.94004,13.2365,-1.671
260,7.94192,13.2578,-1.68616
260,8.19079,13.2924,-1.75781
260,8.20559,13.2901,-1.76038
260,8.19648,13.294,-1.77469
260,8.90118,14.4934,1.3872
260,7.38704,15.2163,0.377255
260,10.3183,14.3238,1.39772
260,8.5962,14.5119,-1.59917
260,8.66581,14.8067,-1.73914
260,14.6102,12.5438,-1.5519
260,14.7226,12.6097,-1.58396
260,14.737,12.6283,-1.5429
260,14.3114,14.2122,1.17021
260,15.0169,12.7527,-1.68984
260,15.9093,13.6973,-0.642425
260,10.2411,16.7774,-1.60106
260,10.2464,16.7912,-1.55746
260,10.2397,16.7738,-1.61997
260,10.2995,16.8255,-1.62151
260,10.2751,16.8833,-1.64067
260,10.2783,16.8917,-1.61416
260,9.88032,18.644,2.2427
260,10.3587,16.8954,-1.59939
260,13.6157,15.1461,-1.46877
260,10.3909,16.9593,-1.69133
260,9.20852,19.0086,1.82119
260,8.16579,19.9015,1.92776
260,16.6672,14.0736,-0.777332
260,8.32137,19.9729,2.18389
260,9.9643,19.1009,2.30029
260,10.4272,17.2982,-1.76044
260,8.23606,20.1951,2.13105
260,13.8623,15.602,-1.59533
260,10.477,17.4418,-1.77467
260,14.0344,15.6531,-1.63461
260,14.0758,15.663,-1.66732
260,15.7243,14.7474,-1.71302
260,13.9872,15.7557,-1.65911
260,14.1071,15.6994,-1.65461
260,14.0851,15.7073,-1.68116
260,9.29997,18.8629,-0.573389
260,14.1039,15.7661,-1.67346
260,16.1935,15.0934,-0.577402
260,16.1934,15.0503,-0.884983
260,8.27288,20.6113,1.86444
260,9.9542,19.8912,2.36951
260,8.37871,20.6376,1.87503
260,14.4903,15.7468,-1.88543
260,16.034,14.9587,-1.81203
260,20.4146,19.4853,-1.56068
258,20.4146,19.4853,-1.56068
260,10.3991,18.6355,-0.534938
258,10.3991,18.6355,-0.534938
260,9.33803,15.3463,-0.00189014
258,9.33803,15.3463,-0.00189014
260,9.25587,14.6058,0.0736349
258,9.25587,14.6058,0.0736349
260,16.6253,17.4902,-1.92031
258,16.6253,17.4902,-1.92031
260,18.8765,17.9777,-2.87561
258,18.8765,17.9777,-2.87561
260,16.0462,14.9275,-0.932556
258,16.0462,14.9275,-0.932556
260,9.34876,15.3895,-0.00994054
258,9.34876,15.3895,-0.00994054
260,14.796,14.0484,-0.788589
258,14.796,14.0484,-0.788589
260,16.0239,16.9178,-1.94555
258,16.0239,16.9178,-1.94555
260,16.9694,17.867,-1.9073
258,16.9694,17.867,-1.9073
260,15.9218,16.8186,-1.40928
258,15.9218,16.8186,-1.40928
260,16.5481,17.3987,-1.10134
258,16.5481,17.3987,-1.10134
260,28.14,19.1573,-2.27487
258,28.14,19.1573,-2.27487
260,15.4217,14.4952,-0.917404
258,15.4217,14.4952,-0.917404
260,16.8516,17.6478,-1.60179
258,16.8516,17.6478,-1.60179
260,10.4204,18.9186,-0.543126
258,10.4204,18.9186,-0.543126
260,16.5214,15.3258,-1.23267
258,16.5214,15.3258,-1.23267
260,16.087,14.9864,-1.08475
258,16.087,14.9864,-1.08475
260,27.3881,18.7749,-2.1309
258,27.3881,18.7749,-2.1309
260,17.4976,13.7676,-0.566856
258,17.4976,13.7676,-0.566856
260,10.4334,18.9594,-0.55449
258,10.4334,18.9594,-0.55449
260,17.8989,13.7191,-0.66707
258,17.8989,13.7191,-0.66707
260,18.0717,13.8065,-0.673815
258,18.0717,13.8065,-0.673815
260,22.9261,16.1568,-1.48652
258,22.9261,16.1568,-1.48652
260,23.6281,16.5002,-1.56774
258,23.6281,16.5002,-1.56774
260,14.4475,15.6109,-1.66829
258,14.4475,15.6109,-1.66829
260,15.7017,16.8739,-2.15953
258,15.7017,16.8739,-2.15953
260,16.5909,17.1577,-1.85903
258,16.5909,17.1577,-1.85903
260,17.9925,17.1149,-1.54417
258,17.9925,17.1149,-1.54417
260,16.9039,15.597,-1.13062
258,16.9039,15.597,-1.13062
260,15.6848,16.3548,-1.81319
258,15.6848,16.3548,-1.81319
260,15.8898,16.681,-2.33441
258,15.8898,16.681,-2.33441
260,18.4954,19.6281,-3.44258
258,18.4954,19.6281,-3.44258
260,20.3318,18.7014,-1.46154
258,20.3318,18.7014,-1.46154
260,16.5939,15.4025,-1.10855
258,16.5939,15.4025,-1.10855
260,21.283,15.7561,-1.40242
258,21.283,15.7561,-1.40242
260,19.5319,14.5106,-0.942264
258,19.5319,14.5106,-0.942264
260,14.1884,15.0928,-1.65752
258,14.1884,15.0928,-1.65752
260,26.6549,23.6327,-2.67074
258,26.6549,23.6327,-2.67074
260,20.2281,18.8385,-2.19732
258,20.2281,18.8385,-2.19732
260,23.8804,17.0913,-1.84034
258,23.8804,17.0913,-1.84034
260,17.9114,16.4116,-2.40111
258,17.9114,16.4116,-2.40111
260,17.6016,18.2486,-1.30936
259,17.6016,18.2486,-1.30936
260,14.5275,15.4685,-0.964408
259,14.5275,15.4685,-0.964408
260,22.8684,21.2117,-1.91787
259,22.8684,21.2117,-1.91787
260,18.5782,17.8954,-1.12619
259,18.5782,17.8954,-1.12619
260,17.6794,18.5451,-2.01645
259,17.6794,18.5451,-2.01645
260,17.9244,18.4332,-2.00632
259,17.9244,18.4332,-2.00632
260,16.2687,17.1764,-1.58661
259,16.2687,17.1764,-1.58661
260,24.9648,17.7446,-1.77197
259,24.9648,17.7446,-1.77197
260,9.68211,29.592,2.66565
259,9.68211,29.592,2.66565
260,15.9136,16.575,-1.42753
259,15.9136,16.575,-1.42753
260,10.2307,21.1733,2.18603
259,10.2307,21.1733,2.18603
260,9.98854,27.8087,2.403
259,9.98854,27.8087,2.403
260,10.5539,22.5125,2.32295
259,10.5539,22.5125,2.32295
260,9.82213,26.494,2.3295
259,9.82213,26.494,2.3295
260,14.5575,15.6254,-1.53585
259,14.5575,15.6254,-1.53585
260,11.8472,13.1382,-0.763963
259,11.8472,13.1382,-0.763963
260,14.1175,15.0668,-1.29712
259,14.1175,15.0668,-1.29712
260,10.5306,17.5787,-1.81946
259,10.5306,17.5787,-1.81946
260,18.2664,18.566,-1.50509
257,18.2664,18.566,-1.50509
260,20.0476,18.8911,-1.53245
257,20.0476,18.8911,-1.53245
260,16.9902,17.8624,-1.80971
257,16.9902,17.8624,-1.80971
260,16.1104,16.7458,-1.65491
257,16.1104,16.7458,-1.65491
260,19.1027,19.3515,-1.70522
257,19.1027,19.3515,-1.70522
260,15.9954,16.7959,-2.50321
257,15.9954,16.7959,-2.50321
260,19.915,18.7923,-1.36122
257,19.915,18.7923,-1.36122
260,16.0827,16.8672,-2.50234
257,16.0827,16.8672,-2.50234
260,19.998,18.8589,-1.35349
257,19.998,18.8589,-1.35349
260,16.402,13.5033,1.89842
257,16.402,13.5033,1.89842
260,19.5447,20.2899,-3.88859
257,19.5447,20.2899,-3.88859
260,10.2379,18.3632,-0.471243
257,10.2379,18.3632,-0.471243
260,10.0314,17.554,-0.347148
257,10.0314,17.554,-0.347148
260,17.8408,13.5485,-0.605987
257,17.8408,13.5485,-0.605987
260,12.6426,13.7333,-0.918588
257,12.6426,13.7333,-0.918588
260,26.1414,17.6969,-2.05524
257,26.1414,17.6969,-2.05524
260,14.933,16.1859,-1.89499
257,14.933,16.1859,-1.89499
260,16.4045,13.4467,0.693398
257,16.4045,13.4467,0.693398
260,16.9303,17.3507,-1.94146
257,16.9303,17.3507,-1.94146
260,15.966,16.86,-1.38427
255,15.966,16.86,-1.38427
260,16.2123,16.9176,-2.13337
255,16.2123,16.9176,-2.13337
260,16.464,17.2821,-1.08833
255,16.464,17.2821,-1.08833
260,16.5915,17.1052,-1.1394
255,16.5915,17.1052,-1.1394
260,15.7746,14.8072,-0.852869
255,15.7746,14.8072,-0.852869
260,19.8105,18.9211,-1.32778
255,19.8105,18.9211,-1.32778
260,36.6828,23.6912,-3.90094
252,36.6828,23.6912,-3.90094
260,17.7133,18.6393,-2.59127
252,17.7133,18.6393,-2.59127
260,19.6349,18.6916,-2.13587
250,19.6349,18.6916,-2.13587
260,15.0643,14.2575,-0.409081
250,15.0643,14.2575,-0.409081
260,18.1914,17.3681,-1.72499
249,18.1914,17.3681,-1.72499
260,25.0483,17.8473,-1.77753
249,25.0483,17.8473,-1.77753
260,16.605,17.3177,-1.52129
248,16.605,17.3177,-1.52129
260,14.0539,15.2425,-1.68173
247,14.0539,15.2425,-1.68173
260,14.6915,14.7953,-0.431701
247,14.6915,14.7953,-0.431701
261,7.29898,9.46686,1.01018
261,8.18909,13.1762,-1.73223
261,8.21489,13.2937,-1.7512
261,7.54444,14.9155,1.11102
261,8.85398,14.2495,1.1081
261,7.45556,15.0667,0.29153
261,9.06417,14.9988,1.53252
261,7.47338,15.423,0.265125
261,7.47727,15.337,0.000910878
261,7.46391,15.4468,0.237502
261,6.71357,16.5603,1.56883
261,7.5865,15.96,1.15362
261,6.79253,16.6564,1.16261
261,8.49039,15.3816,-0.0569377
261,13.8106,12.5093,-0.197671
261,8.53572,15.5726,-0.0640221
261,8.63758,15.6746,-0.0610145
261,9.62133,16.6044,2.2615
261,14.7163,12.6266,-1.58464
261,15.9956,13.3074,1.85587
261,14.9761,12.7693,-1.66639
261,10.0508,16.1953,-1.39085
261,9.62723,17.7476,1.84637
261,9.89388,18.168,2.47073
261,9.31599,17.3783,-0.687513
261,9.69504,18.1362,1.87553
261,8.1644,19.1708,2.14544
261,10.2416,16.6813,-1.54542
261,8.64076,17.8714,-0.787798
261,10.2592,16.8085,-1.58894
261,15.3887,14.4945,-0.396135
261,10.3086,16.9492,-1.61527
261,9.82943,18.5,1.8176
261,9.87851,18.665,2.05989
261,9.86725,18.649,1.87271
261,8.2342,19.8286,2.21867
261,9.90397,18.7803,1.89917
261,14.4497,14.923,-1.85656
261,8.32039,19.9116,2.30535
261,8.28498,19.9547,2.29964
261,17.1948,14.1434,0.0791641
261,15.6241,14.7333,-0.881432
261,8.31541,20.0796,2.15114
261,15.8682,14.8425,-0.811364
261,8.31539,20.1362,1.87936
261,16.0107,14.9605,-0.51916
261,16.0344,14.8989,-0.947763
261,16.7363,16.2801,-2.12849
260,16.7363,16.2801,-2.12849
261,16.5682,17.2341,-2.27759
260,16.5682,17.2341,-2.27759
261,14.6154,15.573,-0.965275
260,14.6154,15.573,-0.965275
261,16.3603,17.1965,-2.05371
260,16.3603,17.1965,-2.05371
261,15.6041,14.6191,-0.934755
260,15.6041,14.6191,-0.934755
261,14.853,15.8485,-1.46038
260,14.853,15.8485,-1.46038
261,14.2824,13.7251,-1.23401
260,14.2824,13.7251,-1.23401
261,9.26582,19.476,2.24576
260,9.26582,19.476,2.24576
261,9.54979,19.2668,2.19804
260,9.54979,19.2668,2.19804
261,9.74027,20.3403,2.40037
260,9.74027,20.3403,2.40037
261,10.0165,27.9412,2.94205
260,10.0165,27.9412,2.94205
261,9.98035,23.4591,2.75313
260,9.98035,23.4591,2.75313
261,14.9367,14.1834,-1.43676
260,14.9367,14.1834,-1.43676
261,16.6069,15.3589,-1.98998
260,16.6069,15.3589,-1.98998
261,22.261,20.1669,-1.83268
260,22.261,20.1669,-1.83268
261,9.38942,23.6875,2.08505
260,9.38942,23.6875,2.08505
261,8.30731,19.6615,1.81808
260,8.30731,19.6615,1.81808
261,10.3915,25.6537,2.96691
260,10.3915,25.6537,2.96691
261,8.59005,19.9475,2.10603
260,8.59005,19.9475,2.10603
261,9.33555,18.2842,2.0829
260,9.33555,18.2842,2.0829
261,9.34867,19.6142,2.1569
260,9.34867,19.6142,2.1569
261,9.98477,21.4917,2.51624
260,9.98477,21.4917,2.51624
261,16.3928,13.0891,-0.417193
260,16.3928,13.0891,-0.417193
261,9.57581,24.8431,2.6244
260,9.57581,24.8431,2.6244
261,24.9986,17.3445,-2.0929
260,24.9986,17.3445,-2.0929
261,16.3372,15.1686,-1.89705
260,16.3372,15.1686,-1.89705
261,15.0102,15.9403,-0.727502
260,15.0102,15.9403,-0.727502
261,24.2931,16.7989,-1.70659
260,24.2931,16.7989,-1.70659
261,15.4064,16.4101,-2.24072
260,15.4064,16.4101,-2.24072
261,10.5671,24.357,2.56573
260,10.5671,24.357,2.56573
261,10.7266,24.9987,2.93345
260,10.7266,24.9987,2.93345
261,23.5685,16.3463,-1.56095
260,23.5685,16.3463,-1.56095
261,16.4703,17.6186,-2.44725
260,16.4703,17.6186,-2.44725
261,15.2346,16.4759,-1.97993
260,15.2346,16.4759,-1.97993
261,14.1305,15.7767,-1.6703
260,14.1305,15.7767,-1.6703
261,14.1437,15.7991,-1.62232
260,14.1437,15.7991,-1.62232
261,15.2169,14.4266,-0.725459
260,15.2169,14.4266,-0.725459
261,15.8475,16.9105,-1.98652
260,15.8475,16.9105,-1.98652
261,11.587,12.8513,-0.433299
260,11.587,12.8513,-0.433299
261,27.1946,18.1538,-2.18529
260,27.1946,18.1538,-2.18529
261,9.90623,30.4703,2.56486
260,9.90623,30.4703,2.56486
261,16.479,15.4548,-1.05687
260,16.479,15.4548,-1.05687
261,16.0956,17.2424,-2.00669
260,16.0956,17.2424,-2.00669
261,8.13379,15.8692,1.52988
260,8.13379,15.8692,1.52988
261,15.6812,16.2757,-1.57878
260,15.6812,16.2757,-1.57878
261,14.8741,15.8524,-0.636578
260,14.8741,15.8524,-0.636578
261,14.2829,15.8074,-1.70632
260,14.2829,15.8074,-1.70632
261,9.84201,15.5656,-1.18835
259,9.84201,15.5656,-1.18835
261,16.2367,15.8029,-1.94485
259,16.2367,15.8029,-1.94485
261,16.0551,16.9908,-1.6616
259,16.0551,16.9908,-1.6616
261,15.3568,14.4531,-1.74852
259,15.3568,14.4531,-1.74852
261,16.4194,16.8573,-1.7451
259,16.4194,16.8573,-1.7451
261,40.0279,25.3143,-4.68346
259,40.0279,25.3143,-4.68346
261,15.8768,13.6742,-0.63024
259,15.8768,13.6742,-0.63024
261,16.2089,13.8661,-0.679633
259,16.2089,13.8661,-0.679633
261,17.1543,17.9747,-1.75993
259,17.1543,17.9747,-1.75993
261,15.3451,16.2207,-0.808399
259,15.3451,16.2207,-0.808399
261,19.2196,14.9478,-3.17683
259,19.2196,14.9478,-3.17683
261,19.3078,18.1522,-1.87529
259,19.3078,18.1522,-1.87529
261,15.1335,16.1322,-2.14609
257,15.1335,16.1322,-2.14609
261,18.9649,18.0248,-1.92697
257,18.9649,18.0248,-1.92697
261,15.2196,16.2188,-2.17825
257,15.2196,16.2188,-2.17825
261,16.16,13.7298,0.405832
257,16.16,13.7298,0.405832
261,31.0361,20.8499,-3.09639
257,31.0361,20.8499,-3.09639
261,15.1579,13.195,-0.363682
257,15.1579,13.195,-0.363682
261,14.1581,15.163,-1.6597
257,14.1581,15.163,-1.6597
261,9.1844,17.6934,-0.387051
255,9.1844,17.6934,-0.387051
261,25.1947,17.7802,-2.00915
255,25.1947,17.7802,-2.00915
261,16.6866,13.5907,1.98684
249,16.6866,13.5907,1.98684
261,15.7423,16.7315,-1.96446
248,15.7423,16.7315,-1.96446
261,14.163,15.3937,-1.72696
247,14.163,15.3937,-1.72696
261,15.9395,16.0991,-1.28323
246,15.9395,16.0991,-1.28323
262,7.91756,13.0745,-1.50807
262,7.956,13.2605,-1.51428
262,7.9483,13.2533,-1.65121
262,8.19818,13.2133,-1.69261
262,7.97751,13.4004,-1.57269
262,7.96472,13.3772,-1.73948
262,6.40493,15.2317,0.131457
262,6.49289,15.2979,0.290788
262,6.49345,15.275,0.0896508
262,8.88131,14.4029,1.39639
262,8.89599,14.4761,1.38977
262,6.37988,15.4651,0.112689
262,6.38109,15.6022,0.366619
262,8.94268,14.6172,1.39887
262,6.48687,15.5614,0.0135717
262,7.60924,15.3332,1.14474
262,8.96479,14.6829,1.40145
262,6.4092,16.6157,2.07556
262,7.55136,16.0371,1.90631
262,9.11437,15.1196,1.57482
262,10.3976,14.4143,1.14369
262,9.21625,15.5987,1.68489
262,8.5592,15.4301,0.00737476
262,14.7439,12.6062,-1.56728
262,9.80845,17.2489,2.52074
262,9.86076,17.3979,2.34891
262,15.652,13.5144,-0.147469
262,8.55469,17.4412,-0.689128
262,9.81447,17.7527,2.34131
262,15.6775,13.538,-0.518655
262,9.97417,17.7574,2.39224
262,15.7737,13.6172,-0.432196
262,8.56243,17.5637,-0.746427
262,8.57279,17.5755,-0.725088
262,9.6011,17.883,1.91131
262,15.8482,13.6179,-0.562515
262,8.15375,19.0056,2.2471
262,10.1991,16.6489,-1.53912
262,8.10324,19.3233,2.75084
262,8.15023,19.0907,2.09565
262,10.2215,16.7385,-1.55518
262,8.1237,19.1487,2.09022
262,10.2293,16.7696,-1.58085
262,15.2359,14.4034,-0.326246
262,9.95138,18.2926,2.45285
262,8.13013,19.1072,1.82604
262,10.2463,16.8244,-1.58573
262,10.259,16.8302,-1.56852
262,9.80643,18.4966,2.67777
262,9.74433,18.3034,1.91475
262,13.4662,15.183,-1.37284
262,9.83581,18.5578,2.65757
262,16.0503,16.7673,-2.0899
260,16.0503,16.7673,-2.0899
262,16.721,17.4862,-1.55915
260,16.721,17.4862,-1.55915
262,16.6925,17.5295,-1.56664
260,16.6925,17.5295,-1.56664
262,15.0665,14.2842,-1.50186
260,15.0665,14.2842,-1.50186
262,15.6728,16.6551,-1.50592
260,15.6728,16.6551,-1.50592
262,16.0197,16.9751,-1.59786
260,16.0197,16.9751,-1.59786
262,16.468,17.1143,-1.58276
260,16.468,17.1143,-1.58276
262,17.4334,17.9913,-1.86826
260,17.4334,17.9913,-1.86826
262,15.3705,14.4515,-0.821445
260,15.3705,14.4515,-0.821445
262,16.9587,17.7747,-1.66763
260,16.9587,17.7747,-1.66763
262,15.7186,14.7054,-0.833
260,15.7186,14.7054,-0.833
262,17.2965,18.0024,-3.02394
260,17.2965,18.0024,-3.02394
262,16.0839,17.0344,-1.61451
260,16.0839,17.0344,-1.61451
262,16.172,16.8471,-1.50189
260,16.172,16.8471,-1.50189
262,16.9276,17.7192,-1.18252
260,16.9276,17.7192,-1.18252
262,17.3377,18.095,-1.25482
260,17.3377,18.095,-1.25482
262,17.8234,18.1987,-3.20861
260,17.8234,18.1987,-3.20861
262,16.7427,15.4782,-0.638781
260,16.7427,15.4782,-0.638781
262,15.1527,16.6831,-2.06096
260,15.1527,16.6831,-2.06096
262,25.5526,17.4006,-1.91906
260,25.5526,17.4006,-1.91906
262,15.4077,14.5424,-0.710683
260,15.4077,14.5424,-0.710683
262,19.8804,20.3814,-3.95354
260,19.8804,20.3814,-3.95354
262,21.992,15.4248,-1.2033
260,21.992,15.4248,-1.2033
262,7.97388,17.2609,1.70819
260,7.97388,17.2609,1.70819
262,8.04595,17.9911,1.80017
260,8.04595,17.9911,1.80017
262,15.8175,13.0556,-0.427195
260,15.8175,13.0556,-0.427195
262,25.0932,17.1862,-1.85031
260,25.0932,17.1862,-1.85031
262,10.4201,23.5371,2.39842
260,10.4201,23.5371,2.39842
262,24.2394,21.6977,-2.23442
260,24.2394,21.6977,-2.23442
262,17.8749,17.3665,-0.942809
260,17.8749,17.3665,-0.942809
262,17.7574,16.1793,-2.35264
260,17.7574,16.1793,-2.35264
262,17.0427,18.0424,-2.39134
260,17.0427,18.0424,-2.39134
262,16.4871,17.3869,-1.63694
261,16.4871,17.3869,-1.63694
262,16.1357,14.9668,-1.04149
261,16.1357,14.9668,-1.04149
262,9.40838,18.9729,2.03032
261,9.40838,18.9729,2.03032
262,9.55631,18.4503,2.47623
261,9.55631,18.4503,2.47623
262,24.0303,17.2125,-1.8276
261,24.0303,17.2125,-1.8276
262,23.1853,16.9636,-1.75862
261,23.1853,16.9636,-1.75862
262,15.5313,16.4443,-1.20726
261,15.5313,16.4443,-1.20726
262,18.3197,19.003,-1.98198
261,18.3197,19.003,-1.98198
262,15.3184,15.9109,-1.40185
261,15.3184,15.9109,-1.40185
262,9.66486,27.1064,3.14044
261,9.66486,27.1064,3.14044
262,15.0196,14.2897,-0.62624
261,15.0196,14.2897,-0.62624
262,10.1963,20.9616,2.16419
261,10.1963,20.9616,2.16419
262,9.15982,19.5335,2.16748
261,9.15982,19.5335,2.16748
262,9.82634,23.056,2.53335
261,9.82634,23.056,2.53335
262,9.40944,23.7853,2.41395
261,9.40944,23.7853,2.41395
262,10.1557,30.1507,3.2045
261,10.1557,30.1507,3.2045
262,8.29914,19.7149,2.06925
261,8.29914,19.7149,2.06925
262,9.35085,20.6402,2.46957
261,9.35085,20.6402,2.46957
262,26.6444,18.1471,-1.99254
261,26.6444,18.1471,-1.99254
262,19.821,15.2469,-0.903584
261,19.821,15.2469,-0.903584
262,9.8786,26.7546,2.33624
261,9.8786,26.7546,2.33624
262,9.9371,22.4546,2.04082
261,9.9371,22.4546,2.04082
262,17.5088,17.9448,-2.13616
261,17.5088,17.9448,-2.13616
262,9.41177,20.9012,2.30313
261,9.41177,20.9012,2.30313
262,9.53583,20.9272,2.15653
261,9.53583,20.9272,2.15653
262,9.15639,22.083,2.26421
261,9.15639,22.083,2.26421
262,9.76846,32.0161,2.81324
261,9.76846,32.0161,2.81324
262,16.9335,15.9072,-1.24294
261,16.9335,15.9072,-1.24294
262,10.2582,24.4387,2.17194
261,10.2582,24.4387,2.17194
262,18.1625,16.4149,-1.43407
259,18.1625,16.4149,-1.43407
262,16.3498,15.1189,-1.00555
259,16.3498,15.1189,-1.00555
262,18.2408,16.4715,-1.45545
259,18.2408,16.4715,-1.45545
262,16.8178,17.6897,-2.8203
259,16.8178,17.6897,-2.8203
262,13.8795,14.772,-1.63403
259,13.8795,14.772,-1.63403
262,15.8531,14.8383,-2.29903
259,15.8531,14.8383,-2.29903
262,15.5904,14.7303,-0.445382
259,15.5904,14.7303,-0.445382
262,12.7097,24.6102,-4.0739
257,12.7097,24.6102,-4.0739
262,18.6073,17.7337,-1.83424
257,18.6073,17.7337,-1.83424
262,20.1286,19.1208,-1.25352
255,20.1286,19.1208,-1.25352
262,20.5796,19.5113,-1.34056
255,20.5796,19.5113,-1.34056
262,16.3246,17.1517,-1.51695
255,16.3246,17.1517,-1.51695
262,18.9274,18.0663,-1.19539
252,18.9274,18.0663,-1.19539
262,16.0768,17.0324,-1.64515
248,16.0768,17.0324,-1.64515
262,18.7711,24.1233,3.52484
248,18.7711,24.1233,3.52484
262,18.6418,23.9105,3.50235
248,18.6418,23.9105,3.50235
262,18.5992,23.8483,3.48026
248,18.5992,23.8483,3.48026
262,18.7799,24.1236,3.55311
248,18.7799,24.1236,3.55311
262,18.8158,24.1899,3.54521
248,18.8158,24.1899,3.54521
263,6.93096,9.5501,1.14186
263,6.93271,9.54795,1.12249
263,7.26433,9.40606,1.22339
263,7.94485,13.3315,-1.53519
263,7.9569,13.3406,-1.70233
263,7.96223,13.417,-1.615
263,7.97291,13.4227,-1.7874
263,7.97742,13.4387,-1.78345
263,8.90663,14.4799,1.13948
263,8.88413,14.4909,1.10297
263,8.89408,14.5254,1.10216
263,10.2564,14.2196,1.16565
263,7.47305,15.4488,0.000721931
263,6.40723,16.6452,2.04537
263,10.2919,14.2561,1.15607
263,10.3499,14.3789,1.39781
263,6.46952,16.8448,2.24823
263,6.38459,16.8821,2.20187
263,6.41762,16.889,2.28467
263,7.53421,16.3162,2.31869
263,6.35663,17.0216,2.45498
263,6.33889,16.9962,2.29162
263,7.54509,16.3567,2.30785
263,6.37874,16.9759,2.14214
263,6.64626,16.5461,1.17211
263,6.78178,16.5532,1.16106
263,7.56117,16.568,2.34584
263,6.33896,17.3764,2.26717
263,9.29782,15.8694,1.6157
263,9.30288,15.875,1.61329
263,10.5058,15.1866,0.00466871
263,14.6058,12.5463,-1.52895
263,9.59664,16.6914,2.35007
263,9.61473,16.7313,2.34882
263,8.05089,18.4194,2.49302
263,9.88892,17.5024,2.6785
263,8.12352,18.4971,2.40334
263,9.92106,17.5991,2.59299
263,8.15321,18.6012,2.65408
263,8.12245,18.7344,2.96547
263,10.167,16.5259,-1.49681
263,8.60248,17.6915,-0.734254
263,9.83603,17.9734,2.40294
263,10.2048,16.6637,-1.4736
263,16.0705,13.7789,-0.43836
263,10.2356,16.7254,-1.53316
263,10.2437,16.7675,-1.57613
263,9.33966,19.1816,2.02359
262,9.33966,19.1816,2.02359
263,9.69237,18.5379,1.89037
262,9.69237,18.5379,1.89037
263,9.96336,19.0618,2.02417
262,9.96336,19.0618,2.02417
263,16.5771,17.1157,-2.68937
262,16.5771,17.1157,-2.68937
263,16.9721,17.8179,-1.77762
262,16.9721,17.8179,-1.77762
263,15.9415,14.8627,-0.78142
262,15.9415,14.8627,-0.78142
263,10.1912,23.0569,2.25813
262,10.1912,23.0569,2.25813
263,15.0709,16.1177,-1.09394
262,15.0709,16.1177,-1.09394
263,17.4814,18.257,-1.783
262,17.4814,18.257,-1.783
263,15.8897,14.7961,-0.957447
262,15.8897,14.7961,-0.957447
263,9.47458,19.881,1.99445
262,9.47458,19.881,1.99445
263,9.0003,22.5705,2.63757
262,9.0003,22.5705,2.63757
263,9.87979,20.9057,2.86547
262,9.87979,20.9057,2.86547
263,9.54492,19.7831,2.63731
262,9.54492,19.7831,2.63731
263,9.10635,17.9807,2.50724
262,9.10635,17.9807,2.50724
263,9.95181,19.5048,2.06549
262,9.95181,19.5048,2.06549
263,10.0023,19.664,2.23008
262,10.0023,19.664,2.23008
263,16.8811,17.4674,-1.694
262,16.8811,17.4674,-1.694
263,9.17671,18.301,2.18348
262,9.17671,18.301,2.18348
263,9.93818,19.4211,1.96019
262,9.93818,19.4211,1.96019
263,16.6072,17.2803,-1.05102
262,16.6072,17.2803,-1.05102
263,15.4945,14.5739,-0.364262
262,15.4945,14.5739,-0.364262
263,12.3111,12.5654,-0.0445836
262,12.3111,12.5654,-0.0445836
263,9.88124,21.3486,2.0946
262,9.88124,21.3486,2.0946
263,9.84107,21.4871,2.1
262,9.84107,21.4871,2.1
263,9.47548,19.5355,2.75682
262,9.47548,19.5355,2.75682
263,8.83108,22.0505,2.43682
262,8.83108,22.0505,2.43682
263,9.55306,19.8286,2.64069
262,9.55306,19.8286,2.64069
263,9.86891,19.2778,1.96019
262,9.86891,19.2778,1.96019
263,17.3375,18.1513,-1.9966
262,17.3375,18.1513,-1.9966
263,15.5567,14.6488,-0.685971
262,15.5567,14.6488,-0.685971
263,13.5785,14.7178,-0.648856
262,13.5785,14.7178,-0.648856
263,9.46959,18.2521,1.95592
262,9.46959,18.2521,1.95592
263,9.26974,23.3331,2.32706
262,9.26974,23.3331,2.32706
263,9.66422,20.3946,2.6922
262,9.66422,20.3946,2.6922
263,16.7028,17.767,-2.54718
262,16.7028,17.767,-2.54718
263,8.97133,23.3544,2.5898
262,8.97133,23.3544,2.5898
263,10.214,30.5189,3.51895
262,10.214,30.5189,3.51895
263,9.54345,23.6513,2.92108
262,9.54345,23.6513,2.92108
263,9.77717,22.2365,1.99991
262,9.77717,22.2365,1.99991
263,8.82177,22.0512,1.99017
262,8.82177,22.0512,1.99017
263,8.99353,23.2952,2.31591
262,8.99353,23.2952,2.31591
263,10.3148,24.8053,2.4382
262,10.3148,24.8053,2.4382
263,9.29433,18.8717,1.92641
262,9.29433,18.8717,1.92641
263,9.49322,17.8871,2.34377
262,9.49322,17.8871,2.34377
263,25.7536,17.3508,-1.94044
262,25.7536,17.3508,-1.94044
263,9.83082,19.5326,2.78338
262,9.83082,19.5326,2.78338
263,9.75517,20.7331,2.96446
262,9.75517,20.7331,2.96446
263,15.9299,14.904,-1.78475
262,15.9299,14.904,-1.78475
263,14.6977,14.0798,-0.213198
262,14.6977,14.0798,-0.213198
263,9.26227,17.2394,-0.668213
262,9.26227,17.2394,-0.668213
263,8.9768,14.6569,1.13338
262,8.9768,14.6569,1.13338
263,9.98181,16.149,-1.3372
262,9.98181,16.149,-1.3372
263,9.08609,22.8122,2.69589
262,9.08609,22.8122,2.69589
263,9.91559,21.9782,2.00507
262,9.91559,21.9782,2.00507
263,9.36986,19.2074,1.9509
262,9.36986,19.2074,1.9509
263,10.4898,25.6325,2.25475
262,10.4898,25.6325,2.25475
263,27.5435,18.2886,-2.26922
262,27.5435,18.2886,-2.26922
263,13.9041,15.6049,-1.57038
262,13.9041,15.6049,-1.57038
263,15.9429,16.8836,-1.33363
262,15.9429,16.8836,-1.33363
263,26.5948,18.103,-1.99099
262,26.5948,18.103,-1.99099
263,9.75769,20.8252,2.74395
262,9.75769,20.8252,2.74395
263,9.61775,20.0853,2.89014
262,9.61775,20.0853,2.89014
263,15.8621,14.8531,-1.72586
262,15.8621,14.8531,-1.72586
263,16.7447,15.4309,-0.977283
262,16.7447,15.4309,-0.977283
263,16.3679,15.2012,-1.05317
262,16.3679,15.2012,-1.05317
263,13.7965,13.5172,-0.373547
262,13.7965,13.5172,-0.373547
263,9.23051,18.6826,1.91521
262,9.23051,18.6826,1.91521
263,16.1369,17.3575,-2.43961
262,16.1369,17.3575,-2.43961
263,13.9515,15.6177,-1.5619
262,13.9515,15.6177,-1.5619
263,15.6811,14.7783,-0.755675
262,15.6811,14.7783,-0.755675
263,10.5293,24.0545,3.49101
262,10.5293,24.0545,3.49101
263,9.96837,23.4123,2.59626
262,9.96837,23.4123,2.59626
263,9.53121,21.8933,2.6359
262,9.53121,21.8933,2.6359
263,15.7465,14.8254,-0.900822
262,15.7465,14.8254,-0.900822
263,16.0403,15.0276,-0.932396
262,16.0403,15.0276,-0.932396
263,9.70611,26.7874,2.86549
262,9.70611,26.7874,2.86549
263,21.9596,20.0345,-1.79453
262,21.9596,20.0345,-1.79453
263,18.3086,17.7299,-0.709091
261,18.3086,17.7299,-0.709091
263,14.4778,13.8964,-0.519697
261,14.4778,13.8964,-0.519697
263,15.5343,14.5971,-1.6402
261,15.5343,14.5971,-1.6402
263,15.7011,16.7448,-1.99064
261,15.7011,16.7448,-1.99064
263,21.1742,21.3018,-2.98666
261,21.1742,21.3018,-2.98666
263,17.5566,14.041,-2.60533
261,17.5566,14.041,-2.60533
263,16.7252,17.6202,-2.7757
261,16.7252,17.6202,-2.7757
263,17.2414,17.726,-2.0358
261,17.2414,17.726,-2.0358
263,11.8998,13.4967,-0.778334
261,11.8998,13.4967,-0.778334
263,10.4484,23.9155,2.47141
261,10.4484,23.9155,2.47141
263,15.0796,15.7834,-1.40762
261,15.0796,15.7834,-1.40762
263,16.7707,17.632,-2.82298
260,16.7707,17.632,-2.82298
263,17.3033,15.8156,-1.20092
260,17.3033,15.8156,-1.20092
263,16.7782,17.5166,-2.76986
260,16.7782,17.5166,-2.76986
263,17.273,18.1134,-1.96152
260,17.273,18.1134,-1.96152
263,16.1312,17.9422,-2.48575
260,16.1312,17.9422,-2.48575
263,15.5436,16.2059,-2.24307
260,15.5436,16.2059,-2.24307
263,16.3524,17.0156,-2.20104
257,16.3524,17.0156,-2.20104
263,16.1576,17.1907,-2.50605
257,16.1576,17.1907,-2.50605
263,16.3949,17.3502,-2.68509
257,16.3949,17.3502,-2.68509
263,17.8429,17.2403,-1.67999
257,17.8429,17.2403,-1.67999
263,24.0914,22.5502,-3.40143
257,24.0914,22.5502,-3.40143
263,17.1794,13.8641,0.675159
257,17.1794,13.8641,0.675159
263,24.5889,16.8372,-1.79008
257,24.5889,16.8372,-1.79008
263,10.1822,11.1513,0.017482
257,10.1822,11.1513,0.017482
263,16.3828,17.1787,-2.10268
257,16.3828,17.1787,-2.10268
263,16.0544,17.0257,-2.11015
255,16.0544,17.0257,-2.11015
263,16.6372,17.3453,-1.05124
255,16.6372,17.3453,-1.05124
263,17.0319,17.7723,-1.19004
250,17.0319,17.7723,-1.19004
263,16.5765,13.8394,-0.643553
249,16.5765,13.8394,-0.643553
263,16.353,17.0294,-1.42289
248,16.353,17.0294,-1.42289
263,16.379,17.0592,-1.42619
248,16.379,17.0592,-1.42619
264,6.12832,14.891,1.09673
264,7.97898,13.2947,-1.68163
264,7.99062,13.3223,-1.7139
264,6.11317,14.9991,1.09372
264,8.23612,13.2548,-1.73351
264,7.99639,13.422,-1.59402
264,7.99701,13.4266,-1.60879
264,7.99601,13.4131,-1.7315
264,6.41333,15.1426,0.155831
264,7.5592,14.9327,1.38851
264,7.52877,15.025,1.34991
264,6.39695,15.5496,0.0874813
264,6.51132,15.5291,0.230404
264,6.49434,15.5201,0.081233
264,8.92966,14.5374,1.3904
264,8.92604,14.5478,1.39068
264,6.5073,15.5815,-0.00395417
264,8.98081,14.5961,1.13139
264,8.94555,14.6101,1.10298
264,8.95082,14.6155,1.09968
264,7.4794,15.7066,2.22423
264,7.49046,15.3156,0.271782
264,7.48378,15.3285,0.297312
264,7.502,15.3995,-0.00734568
264,7.48043,15.9974,2.25656
264,6.30445,16.7444,2.34118
264,6.41021,16.7287,2.34504
264,7.79984,16.0181,2.47979
264,6.32305,16.7745,2.22922
264,6.47122,16.2088,0.115251
264,6.36466,16.2953,-0.0398721
264,6.51758,16.7344,2.22048
264,7.50016,16.2523,2.30031
264,6.3911,16.971,2.71532
264,6.37987,16.9343,2.49201
264,6.39925,16.9663,2.5779
264,6.43416,16.976,2.6648
264,7.884,16.1655,2.49414
264,6.46514,17.0544,2.95742
264,8.49957,15.3432,0.259445
264,6.43151,17.0325,2.67138
264,6.4216,16.9817,2.35934
264,6.43223,17.0074,2.25054
264,6.41265,16.9785,2.0759
264,6.26988,17.1326,2.39452
264,6.5047,16.9905,2.25191
264,6.32647,17.0876,2.25548
264,7.95923,16.2736,2.51622
264,7.82995,16.2851,2.26162
264,6.52649,16.9952,2.29179
264,7.83245,16.3583,2.55935
264,7.83941,16.4146,2.55404
264,6.36942,17.2229,2.56158
264,6.3864,17.2524,2.71534
264,6.42143,17.2432,2.69456
264,6.30512,17.2467,2.41281
264,7.8059,16.3967,2.20567
264,7.83663,16.3932,2.24376
264,7.83614,16.4791,2.55579
264,6.36799,17.3306,2.80886
264,6.37587,17.281,2.5948
264,7.89005,16.4624,2.54195
264,6.37517,17.2323,2.31075
264,7.82005,16.4414,2.20866
264,7.81373,16.4507,2.21353
264,6.30601,17.2787,2.27841
264,6.36504,17.3302,2.53275
264,6.36398,17.247,2.1652
264,10.1331,20.0029,2.19274
263,10.1331,20.0029,2.19274
264,9.37791,17.6335,-0.760001
263,9.37791,17.6335,-0.760001
264,11.099,18.6762,-2.2695
263,11.099,18.6762,-2.2695
264,10.2929,22.835,2.6912
263,10.2929,22.835,2.6912
264,9.7371,20.3013,2.73893
263,9.7371,20.3013,2.73893
264,9.21839,19.8395,1.85828
263,9.21839,19.8395,1.85828
264,9.15526,19.4957,2.00127
263,9.15526,19.4957,2.00127
264,9.97104,21.4715,2.30871
263,9.97104,21.4715,2.30871
264,17.2227,17.9402,-2.35065
263,17.2227,17.9402,-2.35065
264,14.0808,17.8679,2.56341
263,14.0808,17.8679,2.56341
264,9.87503,21.0891,3.40129
263,9.87503,21.0891,3.40129
264,10.5501,26.0022,2.71239
263,10.5501,26.0022,2.71239
264,10.6497,17.6393,-1.89708
263,10.6497,17.6393,-1.89708
264,14.2612,15.9515,-1.72315
263,14.2612,15.9515,-1.72315
264,14.0195,15.7737,-1.6174
263,14.0195,15.7737,-1.6174
264,13.7853,15.1429,-1.43412
263,13.7853,15.1429,-1.43412
264,14.0872,15.4137,-1.50184
263,14.0872,15.4137,-1.50184
264,11.4993,13.157,-0.614016
263,11.4993,13.157,-0.614016
264,9.95504,19.999,3.18241
263,9.95504,19.999,3.18241
264,10.1207,20.5773,3.30096
263,10.1207,20.5773,3.30096
264,9.94531,21.3641,3.46414
263,9.94531,21.3641,3.46414
264,11.1379,22.3387,2.12693
263,11.1379,22.3387,2.12693
264,9.7889,18.4174,1.86485
263,9.7889,18.4174,1.86485
264,10.9956,28.5741,2.34276
263,10.9956,28.5741,2.34276
264,9.60326,21.8758,2.32878
263,9.60326,21.8758,2.32878
264,9.7532,18.7497,2.45533
263,9.7532,18.7497,2.45533
264,15.7826,16.6469,-2.36803
263,15.7826,16.6469,-2.36803
264,15.4636,16.6437,-2.21814
263,15.4636,16.6437,-2.21814
264,15.973,17.1005,-2.2212
263,15.973,17.1005,-2.2212
264,17.7158,16.9762,-1.48358
263,17.7158,16.9762,-1.48358
264,13.1193,16.5926,2.37733
263,13.1193,16.5926,2.37733
264,10.2829,22.4717,3.03569
263,10.2829,22.4717,3.03569
264,10.476,24.4574,2.73233
263,10.476,24.4574,2.73233
264,16.5077,17.1753,-1.60747
263,16.5077,17.1753,-1.60747
264,16.1914,17.0515,-1.43553
263,16.1914,17.0515,-1.43553
264,10.3246,23.0926,2.72917
263,10.3246,23.0926,2.72917
264,9.5855,17.6987,2.32812
263,9.5855,17.6987,2.32812
264,10.0648,20.3825,3.25983
263,10.0648,20.3825,3.25983
264,18.2248,18.5431,-2.06383
263,18.2248,18.5431,-2.06383
264,14.8499,14.1833,-0.530968
263,14.8499,14.1833,-0.530968
264,26.7609,17.7517,-2.12762
263,26.7609,17.7517,-2.12762
264,14.787,18.6072,2.70177
263,14.787,18.6072,2.70177
264,10.5526,23.8623,3.90792
263,10.5526,23.8623,3.90792
264,9.31887,20.2805,2.01783
263,9.31887,20.2805,2.01783
264,9.70673,20.2257,2.74362
263,9.70673,20.2257,2.74362
264,8.61077,15.128,2.3196
263,8.61077,15.128,2.3196
264,10.163,20.7113,3.33042
263,10.163,20.7113,3.33042
264,9.82842,18.4454,1.90441
263,9.82842,18.4454,1.90441
264,15.7594,13.382,-0.221117
263,15.7594,13.382,-0.221117
264,15.6015,16.694,-1.91796
263,15.6015,16.694,-1.91796
264,17.3995,13.9591,0.368222
263,17.3995,13.9591,0.368222
264,13.3828,12.3744,0.0490372
263,13.3828,12.3744,0.0490372
264,18.514,17.5469,-1.68193
263,18.514,17.5469,-1.68193
264,10.1714,20.8112,2.96393
263,10.1714,20.8112,2.96393
264,14.2847,15.9396,-1.70026
263,14.2847,15.9396,-1.70026
264,13.7485,13.6092,-0.342114
263,13.7485,13.6092,-0.342114
264,15.1119,12.8248,-1.67535
263,15.1119,12.8248,-1.67535
264,10.1164,22.1189,3.59476
263,10.1164,22.1189,3.59476
264,13.5766,17.1303,2.47419
263,13.5766,17.1303,2.47419
264,10.827,18.0333,-2.02035
263,10.827,18.0333,-2.02035
264,9.62046,19.9104,2.69221
263,9.62046,19.9104,2.69221
264,16.85,14.1318,-0.711403
263,16.85,14.1318,-0.711403
264,16.8496,14.1489,-0.556402
263,16.8496,14.1489,-0.556402
264,12.7024,14.0728,-1.10517
263,12.7024,14.0728,-1.10517
264,9.81709,21.2778,3.05629
263,9.81709,21.2778,3.05629
264,10.6219,24.2178,3.958
263,10.6219,24.2178,3.958
264,10.4872,23.9802,3.97821
263,10.4872,23.9802,3.97821
264,9.37412,18.006,2.59805
263,9.37412,18.006,2.59805
264,14.8443,18.7094,2.6877
263,14.8443,18.7094,2.6877
264,11.3203,28.9543,3.15805
263,11.3203,28.9543,3.15805
264,9.28903,19.64,2.26529
263,9.28903,19.64,2.26529
264,11.811,29.1072,3.60848
263,11.811,29.1072,3.60848
264,9.42164,19.2763,2.60878
263,9.42164,19.2763,2.60878
264,10.1314,22.2267,3.59009
263,10.1314,22.2267,3.59009
264,15.7744,16.6337,-1.29131
263,15.7744,16.6337,-1.29131
264,15.8314,15.0021,-0.821283
263,15.8314,15.0021,-0.821283
264,15.6665,14.8817,-0.909791
263,15.6665,14.8817,-0.909791
264,8.67568,19.5037,2.32469
263,8.67568,19.5037,2.32469
264,10.164,16.502,-1.46892
263,10.164,16.502,-1.46892
264,10.1591,16.4888,-1.4113
263,10.1591,16.4888,-1.4113
264,14.3726,15.9878,-1.71632
263,14.3726,15.9878,-1.71632
264,15.097,16.0472,-1.62247
263,15.097,16.0472,-1.62247
264,8.14706,18.3411,1.82422
263,8.14706,18.3411,1.82422
264,7.60562,14.3309,1.86144
263,7.60562,14.3309,1.86144
264,8.98928,17.7742,2.22591
263,8.98928,17.7742,2.22591
264,9.89829,21.2234,2.87454
263,9.89829,21.2234,2.87454
264,17.756,16.9423,-0.950745
263,17.756,16.9423,-0.950745
264,19.3011,18.1752,-1.26252
263,19.3011,18.1752,-1.26252
264,17.6624,14.5388,-0.826749
263,17.6624,14.5388,-0.826749
264,15.3724,16.8955,-2.1583
263,15.3724,16.8955,-2.1583
264,16.233,17.3318,-2.10979
263,16.233,17.3318,-2.10979
264,8.00756,15.0839,1.69543
263,8.00756,15.0839,1.69543
264,12.349,31.2365,4.44341
263,12.349,31.2365,4.44341
264,11.8981,29.4418,4.90496
263,11.8981,29.4418,4.90496
264,9.7899,23.4132,2.57814
263,9.7899,23.4132,2.57814
264,14.6515,14.0898,-0.6334
263,14.6515,14.0898,-0.6334
264,15.4853,14.6722,-0.316468
263,15.4853,14.6722,-0.316468
264,18.568,19.433,-3.49478
262,18.568,19.433,-3.49478
264,15.4722,16.3692,-2.26716
262,15.4722,16.3692,-2.26716
264,20.7745,19.7619,-1.62433
262,20.7745,19.7619,-1.62433
264,19.9964,19.0009,-1.24413
262,19.9964,19.0009,-1.24413
264,20.3982,17.8947,-1.79036
262,20.3982,17.8947,-1.79036
264,19.4005,18.5698,-1.28834
262,19.4005,18.5698,-1.28834
264,17.1199,17.8467,-1.20136
262,17.1199,17.8467,-1.20136
264,6.52611,15.3425,0.282543
262,6.52611,15.3425,0.282543
264,9.92093,19.4162,2.74859
262,9.92093,19.4162,2.74859
264,17.9151,14.271,-0.800021
262,17.9151,14.271,-0.800021
264,15.7714,16.8738,-1.96426
262,15.7714,16.8738,-1.96426
264,15.3597,14.5458,-1.55413
262,15.3597,14.5458,-1.55413
264,16.2685,13.7886,-0.439017
262,16.2685,13.7886,-0.439017
264,15.4555,14.6095,-1.57932
262,15.4555,14.6095,-1.57932
264,17.1764,18.1575,-2.33073
262,17.1764,18.1575,-2.33073
264,15.1321,16.8231,-2.07994
261,15.1321,16.8231,-2.07994
264,10.3205,16.8011,-1.58685
261,10.3205,16.8011,-1.58685
264,10.5709,17.4306,-1.78648
261,10.5709,17.4306,-1.78648
264,17.1877,16.5001,-2.28866
260,17.1877,16.5001,-2.28866
264,17.1799,17.5554,-1.9932
260,17.1799,17.5554,-1.9932
264,15.797,16.8512,-2.14143
255,15.797,16.8512,-2.14143
264,17.0657,17.8834,-2.9287
255,17.0657,17.8834,-2.9287
264,16.2666,17.1747,-1.46882
255,16.2666,17.1747,-1.46882
264,16.2472,17.1894,-2.62685
257,16.2472,17.1894,-2.62685
264,16.2379,15.6403,-1.8202
252,16.2379,15.6403,-1.8202
264,16.1766,15.7465,-1.89953
252,16.1766,15.7465,-1.89953
264,14.1159,14.2423,1.18011
252,14.1159,14.2423,1.18011
264,15.5908,16.6496,-1.97272
250,15.5908,16.6496,-1.97272
264,15.6793,16.7148,-1.92698
250,15.6793,16.7148,-1.92698
264,16.537,16.6738,-2.01323
248,16.537,16.6738,-2.01323
265,6.13176,14.5785,1.12036
265,6.2185,14.6921,1.3949
265,6.23315,14.7246,1.14069
265,6.21052,14.8112,1.39226
265,6.02968,14.9161,1.13415
265,6.19227,14.8616,1.13196
265,6.19436,14.8804,1.12671
265,7.98454,13.405,-1.59834
265,7.98114,13.3882,-1.74783
265,5.96856,15.0952,1.20402
265,7.99133,13.4314,-1.60545
265,7.98991,13.44,-1.77387
265,7.6381,14.7591,1.39216
265,7.53129,14.7573,1.11058
265,7.5507,14.9658,1.41561
265,8.8771,14.4556,1.36398
265,8.88795,14.4106,1.1402
265,8.88571,14.4082,1.11538
265,5.83107,15.7499,0.183179
265,6.48493,15.4805,0.0893657
265,5.96967,16.4797,2.90836
265,5.96295,16.4469,2.64022
265,5.8019,15.967,0.14183
265,6.02938,16.4499,2.64473
265,5.95185,16.564,2.94581
265,5.97076,16.4412,2.45524
265,5.98014,16.4169,2.26565
265,5.92792,16.5198,2.57743
265,5.96195,16.5213,2.6569
265,5.95681,16.5584,2.48142
265,5.93201,16.5904,2.32717
265,5.94531,16.6951,2.70361
265,5.98751,16.5538,2.16876
265,5.96574,16.6241,2.25271
265,5.89367,16.8067,2.62523
265,5.99081,16.7942,2.69271
265,5.9239,16.7117,2.06743
265,6.03214,16.8131,2.71924
265,5.89665,16.7833,2.216
265,5.99327,16.8012,2.22065
265,5.92918,16.9162,2.54784
265,5.99542,16.8715,2.49258
265,7.50461,15.5886,-0.025259
265,5.92432,16.9426,2.31942
265,5.96836,16.9677,2.36172
265,5.91685,16.9923,2.1565
265,5.96084,17.0684,2.23431
265,7.80215,16.2463,2.54673
265,5.92181,17.1287,2.1338
265,6.4685,17.0566,2.84256
265,5.86903,17.2051,2.10852
265,5.89152,17.2026,2.1203
265,6.45811,17.166,2.96053
265,7.8225,16.4154,2.58175
265,7.82195,16.4256,2.5598
265,8.7429,14.9594,-1.80153
265,7.83952,16.4251,2.3531
265,10.1078,21.108,2.69708
264,10.1078,21.108,2.69708
265,10.6224,22.9631,2.91245
264,10.6224,22.9631,2.91245
265,9.7211,20.7307,2.44295
264,9.7211,20.7307,2.44295
265,16.104,17.0741,-1.55153
264,16.104,17.0741,-1.55153
265,9.94808,18.697,2.45261
264,9.94808,18.697,2.45261
265,9.569,17.8565,1.97741
264,9.569,17.8565,1.97741
265,10.1122,22.9843,2.57545
264,10.1122,22.9843,2.57545
265,17.2759,17.7031,-2.9806
264,17.2759,17.7031,-2.9806
265,15.7886,19.728,2.88216
264,15.7886,19.728,2.88216
265,10.6785,26.7265,2.24588
264,10.6785,26.7265,2.24588
265,16.0313,20.5846,2.90457
264,16.0313,20.5846,2.90457
265,9.49496,17.5814,2.2896
264,9.49496,17.5814,2.2896
265,10.5504,22.0146,2.32577
264,10.5504,22.0146,2.32577
265,10.1964,20.8359,2.68738
264,10.1964,20.8359,2.68738
265,15.2169,19.5671,2.76562
264,15.2169,19.5671,2.76562
265,14.5261,15.7355,-1.57479
264,14.5261,15.7355,-1.57479
265,14.1239,15.893,-1.67053
264,14.1239,15.893,-1.67053
265,9.83686,20.1533,2.57694
264,9.83686,20.1533,2.57694
265,15.9488,14.8583,-0.830299
264,15.9488,14.8583,-0.830299
265,7.55825,17.0409,3.07368
264,7.55825,17.0409,3.07368
265,9.32182,20.6042,1.93749
264,9.32182,20.6042,1.93749
265,9.96232,19.5293,2.68613
264,9.96232,19.5293,2.68613
265,16.6494,21.339,3.01689
264,16.6494,21.339,3.01689
265,17.0766,17.6096,-1.72577
264,17.0766,17.6096,-1.72577
265,16.165,16.9751,-2.50613
264,16.165,16.9751,-2.50613
265,15.7524,14.7442,-0.695267
264,15.7524,14.7442,-0.695267
265,13.9054,15.6951,-1.56333
264,13.9054,15.6951,-1.56333
265,15.7601,19.7457,2.8817
264,15.7601,19.7457,2.8817
265,12.0103,30.7662,3.29852
264,12.0103,30.7662,3.29852
265,15.9894,16.9346,-1.36188
264,15.9894,16.9346,-1.36188
265,16.2278,15.0587,-0.815055
264,16.2278,15.0587,-0.815055
265,9.76052,19.925,2.53795
264,9.76052,19.925,2.53795
265,9.7523,18.2421,2.54174
264,9.7523,18.2421,2.54174
265,6.41992,17.9928,3.14105
264,6.41992,17.9928,3.14105
265,7.59408,17.349,3.1531
264,7.59408,17.349,3.1531
265,10.5333,17.3329,-1.77471
264,10.5333,17.3329,-1.77471
265,13.4457,14.8348,-1.12792
264,13.4457,14.8348,-1.12792
265,10.615,26.355,2.69222
264,10.615,26.355,2.69222
265,8.96056,17.8298,2.28312
264,8.96056,17.8298,2.28312
265,16.5672,15.2653,-0.865049
264,16.5672,15.2653,-0.865049
265,10.1632,20.2127,2.54397
264,10.1632,20.2127,2.54397
265,9.65853,19.5518,2.49914
264,9.65853,19.5518,2.49914
265,14.0182,15.7388,-1.5902
264,14.0182,15.7388,-1.5902
265,22.4684,20.2864,-1.87932
264,22.4684,20.2864,-1.87932
265,7.25629,14.0631,2.39937
264,7.25629,14.0631,2.39937
265,7.69852,18.3273,3.34534
264,7.69852,18.3273,3.34534
265,16.8416,17.3161,-1.59415
264,16.8416,17.3161,-1.59415
265,16.9322,15.5296,-1.20997
264,16.9322,15.5296,-1.20997
265,11.8785,12.3622,0.123844
264,11.8785,12.3622,0.123844
265,7.82739,14.4475,1.75788
264,7.82739,14.4475,1.75788
265,16.6902,15.6205,-1.13551
264,16.6902,15.6205,-1.13551
265,16.9866,15.701,-1.06534
264,16.9866,15.701,-1.06534
265,21.9177,19.9606,-1.80874
264,21.9177,19.9606,-1.80874
265,7.23223,13.8503,2.34722
264,7.23223,13.8503,2.34722
265,7.88963,20.1284,3.75863
264,7.88963,20.1284,3.75863
265,11.0017,22.9237,2.48042
264,11.0017,22.9237,2.48042
265,10.8834,11.7526,0.336747
264,10.8834,11.7526,0.336747
265,12.6274,16.1304,2.34959
264,12.6274,16.1304,2.34959
265,7.78248,14.2114,1.74552
264,7.78248,14.2114,1.74552
265,7.59091,17.4984,3.14271
264,7.59091,17.4984,3.14271
265,10.8113,22.3049,2.47599
264,10.8113,22.3049,2.47599
265,10.8284,17.9805,-1.9858
264,10.8284,17.9805,-1.9858
265,14.6283,16.2164,-1.83081
264,14.6283,16.2164,-1.83081
265,16.3252,16.0094,-0.655175
264,16.3252,16.0094,-0.655175
265,9.69573,18.9728,2.95279
264,9.69573,18.9728,2.95279
265,10.2019,22.6734,3.26229
264,10.2019,22.6734,3.26229
265,13.7256,14.7438,-0.937396
264,13.7256,14.7438,-0.937396
265,18.4594,16.5334,-1.52911
264,18.4594,16.5334,-1.52911
265,10.3532,13.5022,1.93908
264,10.3532,13.5022,1.93908
265,16.5665,17.5538,-2.42045
263,16.5665,17.5538,-2.42045
265,16.1387,17.0216,-1.39784
263,16.1387,17.0216,-1.39784
265,16.6491,17.5238,-1.6962
263,16.6491,17.5238,-1.6962
265,10.3886,17.0667,-1.68352
263,10.3886,17.0667,-1.68352
265,17.47,17.3805,-1.699
263,17.47,17.3805,-1.699
265,9.17296,16.9145,-0.580728
263,9.17296,16.9145,-0.580728
265,19.2731,17.0618,-1.52088
263,19.2731,17.0618,-1.52088
265,10.2677,22.8332,3.68618
263,10.2677,22.8332,3.68618
265,10.8114,25.0505,4.0956
263,10.8114,25.0505,4.0956
265,10.0878,20.4973,2.839
263,10.0878,20.4973,2.839
265,20.2476,21.6162,-4.09676
263,20.2476,21.6162,-4.09676
265,19.0829,14.9531,-0.787432
263,19.0829,14.9531,-0.787432
265,14.4928,15.5924,-0.902387
263,14.4928,15.5924,-0.902387
265,6.43165,16.1217,2.08716
263,6.43165,16.1217,2.08716
265,6.35227,17.8535,2.16964
263,6.35227,17.8535,2.16964
265,9.90812,17.4829,2.76537
263,9.90812,17.4829,2.76537
265,18.3518,16.4149,-2.59156
263,18.3518,16.4149,-2.59156
265,9.32938,19.1937,2.32118
263,9.32938,19.1937,2.32118
265,17.668,18.6336,-2.85576
263,17.668,18.6336,-2.85576
265,15.71,16.6015,-2.22534
263,15.71,16.6015,-2.22534
265,15.963,16.8833,-1.32672
263,15.963,16.8833,-1.32672
265,10.6744,26.5267,2.29703
263,10.6744,26.5267,2.29703
265,19.1971,17.0771,-1.72827
263,19.1971,17.0771,-1.72827
265,16.6772,17.5066,-1.53574
263,16.6772,17.5066,-1.53574
265,10.3679,20.9424,3.34152
263,10.3679,20.9424,3.34152
265,10.9844,25.7503,2.48439
263,10.9844,25.7503,2.48439
265,17.8658,18.7078,-2.69145
263,17.8658,18.7078,-2.69145
265,8.89643,17.9016,2.16616
263,8.89643,17.9016,2.16616
265,16.2952,17.1042,-2.61733
262,16.2952,17.1042,-2.61733
265,17.1405,17.9264,-2.24792
262,17.1405,17.9264,-2.24792
265,17.267,18.0491,-2.10356
262,17.267,18.0491,-2.10356
265,16.3877,17.2905,-1.77359
262,16.3877,17.2905,-1.77359
265,20.2152,17.6422,-1.98483
262,20.2152,17.6422,-1.98483
265,18.0987,16.3462,-1.3528
262,18.0987,16.3462,-1.3528
265,10.3001,24.4989,2.49802
262,10.3001,24.4989,2.49802
265,10.38,17.0448,-1.6873
262,10.38,17.0448,-1.6873
265,17.0296,17.8605,-2.91128
261,17.0296,17.8605,-2.91128
265,17.2756,18.0358,-2.26441
261,17.2756,18.0358,-2.26441
265,16.2504,15.8095,-1.95454
261,16.2504,15.8095,-1.95454
265,19.3204,19.8257,-3.76778
261,19.3204,19.8257,-3.76778
265,16.7213,17.5997,-1.7224
261,16.7213,17.5997,-1.7224
265,10.9891,28.9427,3.21366
261,10.9891,28.9427,3.21366
265,16.5932,17.3085,-1.05872
260,16.5932,17.3085,-1.05872
265,15.7392,16.6659,-1.4736
260,15.7392,16.6659,-1.4736
265,16.7039,17.5721,-1.69825
260,16.7039,17.5721,-1.69825
265,21.8581,20.2978,-2.53243
257,21.8581,20.2978,-2.53243
265,16.4358,17.0544,-1.76973
257,16.4358,17.0544,-1.76973
265,16.0513,16.9182,-1.50804
257,16.0513,16.9182,-1.50804
265,14.0996,14.0826,1.16734
257,14.0996,14.0826,1.16734
265,10.4056,11.4331,-0.0963118
257,10.4056,11.4331,-0.0963118
265,10.5064,17.3369,-1.75349
257,10.5064,17.3369,-1.75349
265,16.043,17.012,-2.11866
255,16.043,17.012,-2.11866
265,16.2524,17.1775,-1.80886
255,16.2524,17.1775,-1.80886
265,18.6742,18.0202,-1.758
250,18.6742,18.0202,-1.758
265,15.9577,16.6046,-1.6202
250,15.9577,16.6046,-1.6202
266,6.69029,9.37375,1.37914
266,6.10282,14.5682,1.40991
266,7.89243,13.1032,-1.4816
266,6.03795,14.7412,1.28108
266,6.07363,14.7237,1.14118
266,6.06071,14.7363,1.14847
266,6.13207,14.79,1.09874
266,7.92958,13.2598,-1.64689
266,6.16717,14.8723,1.13166
266,7.94311,13.3151,-1.51912
266,7.94483,13.3224,-1.549
266,7.94928,13.33,-1.55108
266,7.96861,13.3933,-1.56807
266,6.18369,14.9892,1.13858
266,7.52983,14.5391,1.15606
266,7.46559,14.5737,1.1428
266,7.48994,14.5602,1.12857
266,7.47927,14.6583,1.42195
266,7.46813,14.598,1.11374
266,7.58275,14.6543,1.39778
266,7.54119,14.658,1.13985
266,7.48388,14.6827,1.10504
266,7.49135,14.769,1.36682
266,7.51171,14.6989,1.1283
266,7.52122,14.753,1.1121
266,7.49023,14.774,1.10878
266,7.49952,14.8095,1.14201
266,5.44269,15.5245,0.113821
266,8.80922,14.3435,1.4322
266,8.83599,14.343,1.4077
266,6.36248,15.2034,0.150009
266,8.84996,14.4159,1.14684
266,8.83694,14.4258,1.12654
266,8.84536,14.4381,1.12104
266,6.43199,15.4358,0.18894
266,6.41416,15.5015,0.385921
266,8.9559,14.5668,1.16773
266,6.48457,15.5445,0.261933
266,6.42599,15.5865,0.176029
266,6.05061,16.3967,2.12984
266,5.93786,16.4554,2.07843
266,9.01302,14.7325,1.15649
266,10.2552,14.2432,1.40825
266,10.2964,14.2931,1.40852
266,6.47299,15.8544,0.210829
266,10.2988,14.2902,1.17534
266,5.93462,16.6248,2.03433
266,6.02251,16.6049,2.04069
266,7.46953,15.3692,0.0109172
266,7.51453,15.7828,1.20177
266,6.01649,16.8184,2.05374
266,6.24231,16.2201,0.140625
266,7.76798,16.1484,2.59208
266,6.02686,16.887,2.20787
266,16.3922,17.297,-1.5825
265,16.3922,17.297,-1.5825
266,16.3095,17.2476,-1.67162
265,16.3095,17.2476,-1.67162
266,10.3066,16.831,-1.60248
265,10.3066,16.831,-1.60248
266,16.32,17.2317,-1.43483
265,16.32,17.2317,-1.43483
266,15.2634,16.4569,-1.9409
265,15.2634,16.4569,-1.9409
266,15.5367,19.7003,2.81724
265,15.5367,19.7003,2.81724
266,18.684,17.7927,-1.85251
265,18.684,17.7927,-1.85251
266,15.7177,14.6998,-0.765255
265,15.7177,14.6998,-0.765255
266,7.59644,17.8111,3.1926
265,7.59644,17.8111,3.1926
266,16.8561,17.483,-1.68242
265,16.8561,17.483,-1.68242
266,16.1833,17.0838,-1.36346
265,16.1833,17.0838,-1.36346
266,22.21,20.1163,-1.87331
265,22.21,20.1163,-1.87331
266,15.5367,19.7003,2.81724
265,15.5367,19.7003,2.81724
266,17.3252,17.7129,-2.97653
265,17.3252,17.7129,-2.97653
266,17.4374,17.8144,-2.91811
265,17.4374,17.8144,-2.91811
266,16.2243,15.1494,-0.909021
265,16.2243,15.1494,-0.909021
266,15.9845,14.9347,-0.764897
265,15.9845,14.9347,-0.764897
266,6.45866,16.7025,2.20346
265,6.45866,16.7025,2.20346
266,6.39998,16.821,2.28613
265,6.39998,16.821,2.28613
266,8.79393,17.5739,1.99064
265,8.79393,17.5739,1.99064
266,20.0628,18.8918,-1.53686
265,20.0628,18.8918,-1.53686
266,15.2198,19.6401,2.75849
265,15.2198,19.6401,2.75849
266,15.2252,19.65,2.80534
265,15.2252,19.65,2.80534
266,18.011,16.2049,-0.810684
265,18.011,16.2049,-0.810684
266,8.61956,16.7395,1.93202
265,8.61956,16.7395,1.93202
266,13.8776,15.624,-1.56527
265,13.8776,15.624,-1.56527
266,13.8825,15.6331,-1.52262
265,13.8825,15.6331,-1.52262
266,11.547,15.08,2.19119
265,11.547,15.08,2.19119
266,15.8046,19.8659,2.89165
265,15.8046,19.8659,2.89165
266,17.0331,17.492,-1.94291
265,17.0331,17.492,-1.94291
266,16.4385,17.0791,-1.77208
265,16.4385,17.0791,-1.77208
266,12.7707,14.0195,-1.12173
265,12.7707,14.0195,-1.12173
266,16.5218,17.0565,-2.58391
265,16.5218,17.0565,-2.58391
266,21.9188,20.1998,-1.89977
265,21.9188,20.1998,-1.89977
266,21.6392,20.0261,-1.61287
265,21.6392,20.0261,-1.61287
266,6.47839,15.4926,0.0741894
265,6.47839,15.4926,0.0741894
266,8.27664,18.349,1.8441
265,8.27664,18.349,1.8441
266,10.7997,29.2119,3.05733
265,10.7997,29.2119,3.05733
266,9.23168,21.1662,2.11725
265,9.23168,21.1662,2.11725
266,7.82016,16.338,2.57907
265,7.82016,16.338,2.57907
266,11.4795,12.5619,0.0869119
265,11.4795,12.5619,0.0869119
266,15.9321,14.8788,-0.30516
265,15.9321,14.8788,-0.30516
266,13.1718,16.845,2.44714
265,13.1718,16.845,2.44714
266,9.46116,20.0213,1.91215
265,9.46116,20.0213,1.91215
266,11.8643,28.4292,3.76816
265,11.8643,28.4292,3.76816
266,15.3762,19.3904,2.8036
265,15.3762,19.3904,2.8036
266,6.3194,17.3693,2.16637
265,6.3194,17.3693,2.16637
266,8.68895,18.0124,1.83627
265,8.68895,18.0124,1.83627
266,10.0114,16.27,-1.38604
265,10.0114,16.27,-1.38604
266,17.2896,17.6791,-2.05538
265,17.2896,17.6791,-2.05538
266,16.2612,17.3828,-2.15587
265,16.2612,17.3828,-2.15587
266,17.2187,15.7512,-1.23162
265,17.2187,15.7512,-1.23162
266,7.57353,13.806,1.73623
265,7.57353,13.806,1.73623
266,8.75075,20.2974,2.25522
265,8.75075,20.2974,2.25522
266,6.32694,16.9097,2.10872
265,6.32694,16.9097,2.10872
266,14.986,16.5898,-1.95589
265,14.986,16.5898,-1.95589
266,10.0491,13.2485,1.93916
265,10.0491,13.2485,1.93916
266,10.1415,16.5887,-1.51155
264,10.1415,16.5887,-1.51155
266,17.1139,17.8532,-1.65816
264,17.1139,17.8532,-1.65816
266,15.0282,16.0144,-2.04574
264,15.0282,16.0144,-2.04574
266,16.373,17.149,-2.58704
264,16.373,17.149,-2.58704
266,16.5299,20.6052,3.00591
264,16.5299,20.6052,3.00591
266,14.6614,16.3927,-1.90548
264,14.6614,16.3927,-1.90548
266,14.2942,16.0344,-1.73319
264,14.2942,16.0344,-1.73319
266,21.7424,20.7102,-2.66863
264,21.7424,20.7102,-2.66863
266,16.3185,16.8717,-2.60174
264,16.3185,16.8717,-2.60174
266,21.3646,19.8116,-1.63941
264,21.3646,19.8116,-1.63941
266,10.5124,17.3605,-1.78429
264,10.5124,17.3605,-1.78429
266,17.2029,15.8984,-1.14357
264,17.2029,15.8984,-1.14357
266,21.7424,20.7102,-2.66863
264,21.7424,20.7102,-2.66863
266,20.7037,18.1999,-1.95697
264,20.7037,18.1999,-1.95697
266,14.4278,13.9251,-0.463655
264,14.4278,13.9251,-0.463655
266,9.58652,16.6464,2.33574
264,9.58652,16.6464,2.33574
266,6.34579,17.1432,2.14346
264,6.34579,17.1432,2.14346
266,10.3062,21.2429,3.43459
264,10.3062,21.2429,3.43459
266,6.45503,15.7817,1.98332
264,6.45503,15.7817,1.98332
266,9.11234,18.6873,2.6629
264,9.11234,18.6873,2.6629
266,8.89548,17.7246,2.82399
264,8.89548,17.7246,2.82399
266,10.8336,12.6127,-0.0955984
264,10.8336,12.6127,-0.0955984
266,16.7463,15.3973,-0.955277
264,16.7463,15.3973,-0.955277
266,12.7112,12.8806,0.230046
264,12.7112,12.8806,0.230046
266,10.5787,17.4678,-1.78944
264,10.5787,17.4678,-1.78944
266,17.6371,18.333,-1.86313
263,17.6371,18.333,-1.86313
266,16.0752,17.0155,-1.49862
263,16.0752,17.0155,-1.49862
266,15.8875,16.8719,-1.57406
263,15.8875,16.8719,-1.57406
266,18.0999,19.5845,-3.24186
263,18.0999,19.5845,-3.24186
266,9.6827,20.5806,2.67075
263,9.6827,20.5806,2.67075
266,10.2229,22.655,2.62251
263,10.2229,22.655,2.62251
266,10.1762,22.6813,2.88062
263,10.1762,22.6813,2.88062
266,9.38055,16.081,2.31142
263,9.38055,16.081,2.31142
266,20.1081,20.0553,-4.15557
262,20.1081,20.0553,-4.15557
266,16.7519,17.6143,-2.7789
262,16.7519,17.6143,-2.7789
266,19.9323,19.9057,-4.07927
262,19.9323,19.9057,-4.07927
266,17.1915,17.4742,-1.99636
262,17.1915,17.4742,-1.99636
266,17.671,18.4334,-3.13832
262,17.671,18.4334,-3.13832
266,15.5182,16.0668,-1.47226
262,15.5182,16.0668,-1.47226
266,20.7917,19.9564,-1.78238
262,20.7917,19.9564,-1.78238
266,27.294,24.4773,-2.79571
262,27.294,24.4773,-2.79571
266,10.84,24.9737,2.5818
262,10.84,24.9737,2.5818
266,16.2696,17.2496,-2.19465
260,16.2696,17.2496,-2.19465
266,18.4608,19.0281,-3.37563
260,18.4608,19.0281,-3.37563
266,15.4242,17.0503,-2.16833
260,15.4242,17.0503,-2.16833
266,10.4324,24.7038,2.72413
260,10.4324,24.7038,2.72413
266,16.4158,17.3055,-1.85061
255,16.4158,17.3055,-1.85061
266,15.7435,16.8004,-1.96889
255,15.7435,16.8004,-1.96889
266,16.6158,17.2303,-1.82904
257,16.6158,17.2303,-1.82904
266,16.0705,16.9716,-1.5214
257,16.0705,16.9716,-1.5214
266,16.3007,16.9975,-1.88332
252,16.3007,16.9975,-1.88332
267,6.68749,9.33443,1.43446
267,6.47452,9.45769,1.45237
267,6.16019,14.6389,1.87574
267,7.84393,13.0595,-1.36642
267,6.1257,14.7861,1.90277
267,6.11744,14.6561,1.25574
267,6.17157,14.6143,1.16761
267,7.87772,13.1104,-1.5243
267,7.89471,13.1851,-1.57409
267,7.94386,13.2548,-1.65376
267,7.95167,13.3271,-1.52748
267,7.95741,13.3033,-1.67242
267,7.96474,13.3453,-1.58868
267,6.235,14.9937,1.41042
267,7.96829,13.3619,-1.54689
267,7.56203,14.6395,1.73045
267,7.59348,14.7076,1.76233
267,6.54296,15.4634,2.69719
267,7.56835,14.719,1.74083
267,7.50322,14.6921,1.16699
267,7.54884,14.6819,1.11836
267,7.60729,14.8575,1.76942
267,7.62429,14.7409,1.17355
267,6.9099,15.5403,2.72927
267,5.27916,15.6636,0.241992
267,6.91269,15.6354,2.75022
267,7.53459,14.8927,1.104
267,7.52234,14.9312,1.14393
267,6.6818,15.7859,2.77106
267,5.42987,15.6572,0.114322
267,7.67101,15.0069,1.16606
267,6.08871,15.9887,1.98467
267,5.41429,15.8359,0.0805792
267,8.91395,14.4875,1.13101
267,8.88548,14.5013,1.11475
267,6.47081,15.4112,0.287351
267,6.3953,15.5189,0.410892
267,6.45809,15.4151,0.12473
267,6.4893,15.4616,0.278534
267,5.94645,16.4081,2.69827
267,5.99314,16.426,2.67983
267,5.9444,16.5203,2.6996
267,5.98549,16.5555,2.70941
267,5.97296,16.537,2.53719
267,5.94682,16.5517,2.53709
267,5.90229,16.4733,2.06615
267,5.92836,16.4633,2.06679
267,5.96,16.5878,2.43559
267,6.8451,16.3016,2.86457
267,7.47005,15.3343,0.306889
267,10.2866,14.2912,1.16085
267,5.93014,16.6278,2.16402
267,5.93445,16.6632,2.22324
267,5.91008,16.6876,2.25189
267,5.89616,16.7375,2.39499
267,7.70924,15.7232,1.79486
267,5.94147,16.7037,2.31127
267,7.24129,16.2816,2.875
267,7.47718,15.3715,-0.0190885
267,7.47887,15.3769,-0.00569725
267,5.9041,16.7467,2.1736
267,5.91957,16.8369,2.34475
267,18.0353,18.6835,-2.30504
265,18.0353,18.6835,-2.30504
267,14.6404,18.6028,2.68139
265,14.6404,18.6028,2.68139
267,17.0374,17.8507,-1.81115
265,17.0374,17.8507,-1.81115
267,14.6453,15.8373,-1.2651
265,14.6453,15.8373,-1.2651
267,12.267,15.9759,2.26992
265,12.267,15.9759,2.26992
267,12.5954,14.5587,-1.06097
265,12.5954,14.5587,-1.06097
267,15.7569,16.6924,-1.24377
265,15.7569,16.6924,-1.24377
267,16.2793,17.1812,-1.41553
265,16.2793,17.1812,-1.41553
267,8.60801,14.5845,-1.60612
265,8.60801,14.5845,-1.60612
267,16.7982,17.2908,-2.72401
265,16.7982,17.2908,-2.72401
267,16.9054,17.3823,-2.72574
265,16.9054,17.3823,-2.72574
267,16.5268,17.3116,-2.66943
265,16.5268,17.3116,-2.66943
267,16.8355,17.8248,-2.74002
265,16.8355,17.8248,-2.74002
267,12.8604,12.9597,-0.767511
265,12.8604,12.9597,-0.767511
267,12.3372,20.9174,-3.13338
265,12.3372,20.9174,-3.13338
267,12.6646,16.467,2.33322
265,12.6646,16.467,2.33322
267,15.7271,14.7142,-0.839798
265,15.7271,14.7142,-0.839798
267,15.7492,14.732,-1.9049
265,15.7492,14.732,-1.9049
267,16.8446,17.41,-1.64793
265,16.8446,17.41,-1.64793
267,16.6612,17.3426,-1.64392
265,16.6612,17.3426,-1.64392
267,13.873,15.7161,-1.54898
265,13.873,15.7161,-1.54898
267,5.85003,18.1817,2.3379
265,5.85003,18.1817,2.3379
267,6.58108,16.7697,2.08502
265,6.58108,16.7697,2.08502
267,6.57241,18.3261,2.22153
265,6.57241,18.3261,2.22153
267,10.8278,25.1003,4.12716
265,10.8278,25.1003,4.12716
267,15.9589,15.0148,-0.863102
265,15.9589,15.0148,-0.863102
267,18.8406,19.1995,-2.10073
265,18.8406,19.1995,-2.10073
267,5.96014,16.3566,2.07755
265,5.96014,16.3566,2.07755
267,16.7443,17.4509,-1.50256
265,16.7443,17.4509,-1.50256
267,16.1692,17.1066,-1.36422
265,16.1692,17.1066,-1.36422
267,16.1997,17.0341,-2.43385
265,16.1997,17.0341,-2.43385
267,15.8267,16.5736,-1.33854
265,15.8267,16.5736,-1.33854
267,14.5042,16.1734,-1.78316
265,14.5042,16.1734,-1.78316
267,15.8888,14.9579,-0.743699
265,15.8888,14.9579,-0.743699
267,15.4724,14.5789,-0.578807
265,15.4724,14.5789,-0.578807
267,8.21036,18.2947,2.93114
265,8.21036,18.2947,2.93114
267,10.4717,17.2306,-1.69503
265,10.4717,17.2306,-1.69503
267,16.0177,14.9832,-0.668273
265,16.0177,14.9832,-0.668273
267,11.9118,32.9446,3.67775
265,11.9118,32.9446,3.67775
267,15.882,16.8571,-1.36915
265,15.882,16.8571,-1.36915
267,7.65796,17.3999,2.49151
265,7.65796,17.3999,2.49151
267,17.2043,15.6752,-0.488429
265,17.2043,15.6752,-0.488429
267,11.2805,14.7186,2.17118
265,11.2805,14.7186,2.17118
267,9.11741,21.1654,2.35791
265,9.11741,21.1654,2.35791
267,11.2997,14.7463,2.16731
265,11.2997,14.7463,2.16731
267,10.3273,20.749,2.34307
265,10.3273,20.749,2.34307
267,10.9772,18.2941,-2.14083
265,10.9772,18.2941,-2.14083
267,14.0963,36.7735,4.66234
265,14.0963,36.7735,4.66234
267,10.7641,22.118,2.46133
265,10.7641,22.118,2.46133
267,10.8484,27.0057,2.38455
265,10.8484,27.0057,2.38455
267,17.8058,16.1276,-1.21143
265,17.8058,16.1276,-1.21143
267,15.9447,17.386,-2.33916
265,15.9447,17.386,-2.33916
267,9.52112,17.5352,2.25092
266,9.52112,17.5352,2.25092
267,14.1368,17.892,2.51463
266,14.1368,17.892,2.51463
267,9.86025,19.0556,-1.08685
266,9.86025,19.0556,-1.08685
267,8.36425,16.883,-0.529733
266,8.36425,16.883,-0.529733
267,9.65449,15.5983,-1.11632
266,9.65449,15.5983,-1.11632
267,12.0891,15.5594,2.22585
266,12.0891,15.5594,2.22585
267,16.6319,20.7537,3.01982
266,16.6319,20.7537,3.01982
267,15.5582,14.5974,-0.704175
266,15.5582,14.5974,-0.704175
267,16.8001,17.195,-2.73487
266,16.8001,17.195,-2.73487
267,15.4658,14.5848,-0.602407
266,15.4658,14.5848,-0.602407
267,8.51057,17.4814,-0.678166
266,8.51057,17.4814,-0.678166
267,6.37426,17.8831,2.74101
266,6.37426,17.8831,2.74101
267,8.65884,17.219,2.18821
266,8.65884,17.219,2.18821
267,16.6985,20.8504,2.98854
266,16.6985,20.8504,2.98854
267,6.33007,14.4176,1.91869
266,6.33007,14.4176,1.91869
267,11.3901,27.5546,2.70737
266,11.3901,27.5546,2.70737
267,18.8653,17.005,-1.49375
266,18.8653,17.005,-1.49375
267,19.975,17.8159,-1.83133
266,19.975,17.8159,-1.83133
267,6.19457,18.6823,2.18628
266,6.19457,18.6823,2.18628
267,15.8729,14.8426,-1.74747
266,15.8729,14.8426,-1.74747
267,6.36336,17.1177,2.83001
266,6.36336,17.1177,2.83001
267,6.34898,16.4729,2.06582
266,6.34898,16.4729,2.06582
267,9.53291,17.7031,2.23202
266,9.53291,17.7031,2.23202
267,8.66325,15.8142,2.03153
266,8.66325,15.8142,2.03153
267,4.39457,19.2004,-2.23474
266,4.39457,19.2004,-2.23474
267,16.3462,20.3796,2.98041
266,16.3462,20.3796,2.98041
267,10.9778,19.906,2.68524
266,10.9778,19.906,2.68524
267,4.4609,18.819,-2.11497
266,4.4609,18.819,-2.11497
267,6.46687,14.9336,0.360865
266,6.46687,14.9336,0.360865
267,16.5692,17.3652,-1.53545
266,16.5692,17.3652,-1.53545
267,8.0923,17.7595,1.89092
266,8.0923,17.7595,1.89092
267,6.30327,14.2288,1.9138
266,6.30327,14.2288,1.9138
267,6.55151,18.7706,2.44177
266,6.55151,18.7706,2.44177
267,13.0902,13.9372,0.0781599
266,13.0902,13.9372,0.0781599
267,15.4086,16.5966,-2.19482
264,15.4086,16.5966,-2.19482
267,17.1347,17.8805,-1.75735
264,17.1347,17.8805,-1.75735
267,20.6095,19.0608,-2.24414
264,20.6095,19.0608,-2.24414
267,20.3661,17.7176,-2.0154
264,20.3661,17.7176,-2.0154
267,25.9903,23.2002,-3.75108
264,25.9903,23.2002,-3.75108
267,14.4962,13.9943,-1.2755
264,14.4962,13.9943,-1.2755
267,17.5064,17.9571,-2.53612
263,17.5064,17.9571,-2.53612
267,10.2578,16.7384,-1.54896
263,10.2578,16.7384,-1.54896
267,17.5222,18.3302,-2.66089
263,17.5222,18.3302,-2.66089
267,16.4458,17.3383,-1.60985
263,16.4458,17.3383,-1.60985
267,14.2071,15.4091,-1.75601
263,14.2071,15.4091,-1.75601
267,8.98844,14.6322,1.1311
263,8.98844,14.6322,1.1311
267,18.3215,18.8896,-2.2654
263,18.3215,18.8896,-2.2654
267,16.8823,17.7296,-2.84797
260,16.8823,17.7296,-2.84797
267,16.7932,17.7527,-2.54406
260,16.7932,17.7527,-2.54406
267,16.5171,17.1795,-2.2667
257,16.5171,17.1795,-2.2667
267,16.2413,17.2187,-2.13746
257,16.2413,17.2187,-2.13746
267,16.4371,17.3368,-1.59924
257,16.4371,17.3368,-1.59924
267,16.0413,16.7908,-0.889058
257,16.0413,16.7908,-0.889058
267,15.785,16.8079,-2.00976
255,15.785,16.8079,-2.00976
268,6.39713,9.24565,1.52662
268,6.20806,9.44665,1.41613
268,6.65111,13.2614,-1.76254
268,6.65864,13.2846,-1.77358
268,7.79371,12.9283,-1.29375
268,6.11349,14.662,1.26667
268,7.87497,13.1553,-1.53269
268,7.96252,13.3038,-1.64003
268,6.16987,14.9065,1.16612
268,7.94767,13.3089,-1.65891
268,7.98344,13.4234,-1.57451
268,7.49399,14.6066,1.41675
268,7.47736,14.6394,1.4401
268,7.61984,14.6925,1.41934
268,7.57052,14.6631,1.22278
268,7.53821,14.8564,1.76048
268,6.33341,14.9887,0.237524
268,5.43755,15.5009,0.133883
268,7.53179,14.902,1.10084
268,5.43168,15.6509,0.106447
268,6.44539,15.2085,0.183982
268,6.46143,15.2761,0.154476
268,6.4838,15.4038,0.311879
268,8.93401,14.5583,1.13976
268,6.48162,15.4691,0.30009
268,7.64874,15.3941,1.77448
268,4.9537,16.179,0.140107
268,5.94059,16.4537,2.6883
268,6.4846,15.4982,0.0275519
268,5.94455,16.5114,2.75149
268,5.95137,16.55,2.83935
268,5.95397,16.4829,2.55846
268,5.96223,16.7822,2.80209
268,6.3604,16.7024,2.8785
268,7.49765,16.1885,2.82089
268,5.9415,16.905,2.80472
268,5.90804,16.8173,2.40924
268,7.69511,15.8584,1.78903
268,5.92995,16.7668,2.07701
268,7.70698,15.8885,1.81092
268,7.45251,16.1698,2.36232
268,7.54925,16.296,2.8426
268,7.5025,15.5336,-0.0135111
268,7.50509,15.5425,0.00658023
268,5.92245,16.9264,2.34925
268,15.7214,16.7547,-1.35513
266,15.7214,16.7547,-1.35513
268,16.427,17.3071,-1.46261
266,16.427,17.3071,-1.46261
268,16.4134,17.2779,-0.983283
266,16.4134,17.2779,-0.983283
268,8.00712,17.2877,2.24348
266,8.00712,17.2877,2.24348
268,8.25075,17.9045,2.30738
266,8.25075,17.9045,2.30738
268,19.9783,24.5683,3.45048
266,19.9783,24.5683,3.45048
268,16.3613,15.378,-0.918492
266,16.3613,15.378,-0.918492
268,16.7032,15.3615,-0.410762
266,16.7032,15.3615,-0.410762
268,8.04868,17.497,2.27965
266,8.04868,17.497,2.27965
268,15.761,16.7716,-1.8752
266,15.761,16.7716,-1.8752
268,15.6357,16.7361,-1.96666
266,15.6357,16.7361,-1.96666
268,15.7057,16.6704,-1.21273
266,15.7057,16.6704,-1.21273
268,16.091,17.0542,-1.36102
266,16.091,17.0542,-1.36102
268,22.4569,19.721,-2.46054
266,22.4569,19.721,-2.46054
268,13.96,15.7787,-1.58342
266,13.96,15.7787,-1.58342
268,6.37482,17.4313,2.24374
266,6.37482,17.4313,2.24374
268,16.5065,17.385,-1.48677
266,16.5065,17.385,-1.48677
268,20.6467,18.2298,-1.9402
266,20.6467,18.2298,-1.9402
268,6.28451,16.0016,2.13447
266,6.28451,16.0016,2.13447
268,20.5131,25.2248,3.50478
266,20.5131,25.2248,3.50478
268,18.92,17.0164,-1.50449
266,18.92,17.0164,-1.50449
268,17.3579,17.7541,-2.975
266,17.3579,17.7541,-2.975
268,9.58997,18.5775,1.98361
266,9.58997,18.5775,1.98361
268,10.3743,21.3761,2.21792
266,10.3743,21.3761,2.21792
268,13.4826,14.9478,-1.16797
266,13.4826,14.9478,-1.16797
268,15.4799,16.6204,-1.86574
266,15.4799,16.6204,-1.86574
268,8.09312,17.7867,1.83585
266,8.09312,17.7867,1.83585
268,8.66109,19.8304,2.14899
266,8.66109,19.8304,2.14899
268,6.03587,16.6387,2.06073
266,6.03587,16.6387,2.06073
268,10.438,23.6314,2.61205
266,10.438,23.6314,2.61205
268,16.086,16.9391,-2.37581
266,16.086,16.9391,-2.37581
268,13.5334,14.8715,-0.601847
266,13.5334,14.8715,-0.601847
268,16.9547,15.4885,-0.914109
266,16.9547,15.4885,-0.914109
268,12.0858,13.766,-0.663093
266,12.0858,13.766,-0.663093
268,16.0686,17.0157,-1.82012
266,16.0686,17.0157,-1.82012
268,14.4308,16.1173,-1.74224
266,14.4308,16.1173,-1.74224
268,15.7516,16.7887,-1.28276
266,15.7516,16.7887,-1.28276
268,14.5638,16.0231,-1.7635
266,14.5638,16.0231,-1.7635
268,6.31905,17.0534,2.09938
266,6.31905,17.0534,2.09938
268,9.18668,19.1662,2.18535
266,9.18668,19.1662,2.18535
268,17.2253,16.0267,-1.10739
266,17.2253,16.0267,-1.10739
268,6.21421,17.494,2.47456
266,6.21421,17.494,2.47456
268,14.0758,17.9609,2.57573
266,14.0758,17.9609,2.57573
268,17.1439,17.8232,-2.20996
266,17.1439,17.8232,-2.20996
268,8.06482,17.5776,1.88589
266,8.06482,17.5776,1.88589
268,8.68075,19.2956,2.42231
266,8.68075,19.2956,2.42231
268,12.1133,12.5389,0.0882386
266,12.1133,12.5389,0.0882386
268,12.5323,16.3254,2.29982
265,12.5323,16.3254,2.29982
268,12.5579,16.3504,2.30689
265,12.5579,16.3504,2.30689
268,13.2211,17.1446,2.42626
265,13.2211,17.1446,2.42626
268,7.85745,16.5401,2.27563
265,7.85745,16.5401,2.27563
268,9.93061,18.8846,1.92417
265,9.93061,18.8846,1.92417
268,5.92869,17.3207,2.26241
265,5.92869,17.3207,2.26241
268,5.86951,18.0072,2.32893
265,5.86951,18.0072,2.32893
268,14.3885,15.6409,-1.41084
265,14.3885,15.6409,-1.41084
268,18.0696,18.7122,-2.06342
265,18.0696,18.7122,-2.06342
268,6.42899,18.0683,3.13777
265,6.42899,18.0683,3.13777
268,10.6142,27.2239,3.07124
265,10.6142,27.2239,3.07124
268,6.34195,15.9073,2.54543
265,6.34195,15.9073,2.54543
268,13.6121,14.9632,-1.1344
265,13.6121,14.9632,-1.1344
268,10.0523,16.3445,-1.36493
265,10.0523,16.3445,-1.36493
268,10.6757,17.6642,-1.85638
265,10.6757,17.6642,-1.85638
268,12.0548,26.2158,4.1963
265,12.0548,26.2158,4.1963
268,20.2527,20.4017,-4.02329
265,20.2527,20.4017,-4.02329
268,7.78368,16.2838,1.8083
267,7.78368,16.2838,1.8083
268,9.89732,17.3123,1.6907
267,9.89732,17.3123,1.6907
268,7.56745,15.8377,-0.110633
267,7.56745,15.8377,-0.110633
268,9.96027,17.2805,2.33304
267,9.96027,17.2805,2.33304
268,8.8985,17.466,2.32389
267,8.8985,17.466,2.32389
268,7.7607,16.1498,1.80735
267,7.7607,16.1498,1.80735
268,7.71445,15.9123,2.1535
267,7.71445,15.9123,2.1535
268,8.63732,15.7959,-0.0873306
267,8.63732,15.7959,-0.0873306
268,14.0228,18.0638,2.65834
267,14.0228,18.0638,2.65834
268,12.8612,16.4579,2.32372
267,12.8612,16.4579,2.32372
268,9.06306,17.0425,2.15708
267,9.06306,17.0425,2.15708
268,10.2918,21.8845,2.79364
267,10.2918,21.8845,2.79364
268,8.78039,19.4301,2.43115
267,8.78039,19.4301,2.43115
268,7.75582,16.1568,2.0827
267,7.75582,16.1568,2.0827
268,9.22485,18.5237,2.42993
267,9.22485,18.5237,2.42993
268,8.99366,18.5416,2.17735
267,8.99366,18.5416,2.17735
268,9.57399,19.014,2.29509
267,9.57399,19.014,2.29509
268,13.8669,17.6099,2.4541
267,13.8669,17.6099,2.4541
268,6.24507,18.3743,2.20887
267,6.24507,18.3743,2.20887
268,6.41772,17.6756,2.82384
267,6.41772,17.6756,2.82384
268,6.25717,17.8368,2.52364
267,6.25717,17.8368,2.52364
268,8.00817,16.2405,2.1814
267,8.00817,16.2405,2.1814
268,6.32946,19.3064,2.28294
267,6.32946,19.3064,2.28294
268,6.26022,16.0905,2.32515
267,6.26022,16.0905,2.32515
268,9.50467,17.7451,1.91345
267,9.50467,17.7451,1.91345
268,5.91021,17.027,2.19307
267,5.91021,17.027,2.19307
268,5.93197,16.8638,2.2096
267,5.93197,16.8638,2.2096
268,8.12955,17.8645,2.15917
267,8.12955,17.8645,2.15917
268,7.82189,16.3834,2.05084
267,7.82189,16.3834,2.05084
268,8.91485,17.9572,2.30377
267,8.91485,17.9572,2.30377
268,6.13954,18.8784,2.64277
267,6.13954,18.8784,2.64277
268,10.3976,20.8295,3.36255
267,10.3976,20.8295,3.36255
268,6.24942,18.4812,2.22312
267,6.24942,18.4812,2.22312
268,6.29771,15.0296,2.374
267,6.29771,15.0296,2.374
268,4.31906,18.6444,-2.1012
267,4.31906,18.6444,-2.1012
268,5.8824,17.5944,2.289
267,5.8824,17.5944,2.289
268,10.6394,27.4051,3.22778
267,10.6394,27.4051,3.22778
268,6.25229,17.4372,2.14485
267,6.25229,17.4372,2.14485
268,9.65359,18.8089,2.22916
267,9.65359,18.8089,2.22916
268,8.84249,15.4532,2.19049
267,8.84249,15.4532,2.19049
268,10.0927,22.4269,2.89522
267,10.0927,22.4269,2.89522
268,5.93148,16.3645,2.16137
267,5.93148,16.3645,2.16137
268,5.99279,14.9532,1.94613
267,5.99279,14.9532,1.94613
268,8.97178,14.3271,-0.600516
267,8.97178,14.3271,-0.600516
268,15.5828,16.7495,-2.26504
264,15.5828,16.7495,-2.26504
268,10.3049,16.9002,-1.62288
264,10.3049,16.9002,-1.62288
268,17.4674,18.151,-1.30191
264,17.4674,18.151,-1.30191
268,10.4054,17.119,-1.69427
264,10.4054,17.119,-1.69427
268,18.9436,19.3551,-1.61358
264,18.9436,19.3551,-1.61358
268,17.0837,15.7427,-1.08306
264,17.0837,15.7427,-1.08306
268,8.46692,19.2182,3.08372
264,8.46692,19.2182,3.08372
268,18.6564,19.4564,-2.97442
264,18.6564,19.4564,-2.97442
268,16.4311,17.4327,-2.36581
263,16.4311,17.4327,-2.36581
268,16.1808,17.1435,-2.55837
263,16.1808,17.1435,-2.55837
268,16.7139,17.5719,-1.68709
263,16.7139,17.5719,-1.68709
268,20.0668,20.3676,-4.04117
263,20.0668,20.3676,-4.04117
268,16.5174,17.492,-2.2425
263,16.5174,17.492,-2.2425
268,17.2016,17.8349,-1.62515
263,17.2016,17.8349,-1.62515
268,15.2045,16.2642,-2.09432
263,15.2045,16.2642,-2.09432
268,10.3428,16.9969,-1.65617
260,10.3428,16.9969,-1.65617
268,16.9381,17.8939,-2.61378
260,16.9381,17.8939,-2.61378
268,16.6682,17.5625,-1.68853
260,16.6682,17.5625,-1.68853
268,16.4716,17.0981,-1.77278
257,16.4716,17.0981,-1.77278
268,16.5475,17.2105,-2.27028
257,16.5475,17.2105,-2.27028
268,16.5818,17.3667,-2.69442
257,16.5818,17.3667,-2.69442
268,15.9015,16.9363,-2.0693
255,15.9015,16.9363,-2.0693
268,15.806,16.8334,-2.01567
255,15.806,16.8334,-2.01567
269,6.24159,9.15681,1.58237
269,6.05537,9.36333,1.4723
269,6.15578,9.37172,1.44345
269,4.77565,15.0624,1.14734
269,7.83556,13.0289,-1.45958
269,6.1861,14.6664,1.19796
269,6.10008,14.7037,1.13846
269,4.71801,15.3697,1.13531
269,7.86542,13.1742,-1.41702
269,6.05308,14.8659,1.15059
269,6.10996,14.8786,1.12831
269,6.17125,14.8889,1.14755
269,7.95884,13.3091,-1.52232
269,7.49749,14.7339,1.44852
269,7.52526,14.722,1.41902
269,7.52109,14.7067,1.18567
269,7.51494,14.7623,1.23452
269,7.52663,14.7309,1.14696
269,7.55896,14.8505,1.42566
269,7.50409,14.7901,1.16165
269,4.54362,15.9218,0.213925
269,5.43205,15.6105,0.10876
269,8.91271,14.5056,1.41906
269,8.91826,14.5178,1.43788
269,8.85708,14.4692,1.13115
269,5.43179,15.7082,0.106793
269,4.1902,15.4997,-2.28646
269,4.6621,17.0424,2.24677
269,4.1005,15.838,-2.47254
269,7.46034,16.1309,2.64315
269,5.94098,16.8519,2.61739
269,5.93378,16.8667,2.55012
269,6.51805,15.8012,-0.0561692
269,5.93516,16.8617,2.23639
269,4.51633,16.881,0.018563
269,7.81627,16.3032,2.74978
269,4.15891,16.6072,-1.42815
269,5.64505,16.7969,1.17274
269,10.2344,22.6746,2.03655
268,10.2344,22.6746,2.03655
269,10.2145,22.7925,2.05261
268,10.2145,22.7925,2.05261
269,15.7745,16.8458,-2.03722
268,15.7745,16.8458,-2.03722
269,9.29379,17.334,-0.652127
268,9.29379,17.334,-0.652127
269,8.39442,15.131,0.0601334
268,8.39442,15.131,0.0601334
269,15.4463,16.6391,-2.03338
268,15.4463,16.6391,-2.03338
269,9.6504,20.487,2.51781
268,9.6504,20.487,2.51781
269,9.09768,18.1977,2.20726
268,9.09768,18.1977,2.20726
269,9.7753,21.1679,2.60367
268,9.7753,21.1679,2.60367
269,8.32361,18.5063,2.48442
268,8.32361,18.5063,2.48442
269,10.3344,16.9783,-1.64239
268,10.3344,16.9783,-1.64239
269,8.00921,17.1709,2.2679
268,8.00921,17.1709,2.2679
269,8.32069,18.5291,2.38071
268,8.32069,18.5291,2.38071
269,7.89563,16.6998,2.21716
268,7.89563,16.6998,2.21716
269,15.6293,14.6548,-0.700835
268,15.6293,14.6548,-0.700835
269,12.2975,16.0345,2.39941
268,12.2975,16.0345,2.39941
269,7.50341,14.9807,2.13236
268,7.50341,14.9807,2.13236
269,8.06988,17.4115,2.37749
268,8.06988,17.4115,2.37749
269,10.3919,23.2119,2.78503
268,10.3919,23.2119,2.78503
269,9.87356,20.1491,2.13862
268,9.87356,20.1491,2.13862
269,6.36762,16.5822,2.60988
268,6.36762,16.5822,2.60988
269,8.99945,18.4031,2.28888
268,8.99945,18.4031,2.28888
269,16.5062,20.6451,2.73679
268,16.5062,20.6451,2.73679
269,18.1498,16.2419,-0.681509
268,18.1498,16.2419,-0.681509
269,18.644,16.7577,-1.52001
268,18.644,16.7577,-1.52001
269,16.8131,17.4495,-1.65282
268,16.8131,17.4495,-1.65282
269,13.8962,15.7392,-1.54084
268,13.8962,15.7392,-1.54084
269,10.5013,20.3858,3.03447
268,10.5013,20.3858,3.03447
269,11.0714,22.5076,3.72316
268,11.0714,22.5076,3.72316
269,18.3867,16.3541,-0.734844
268,18.3867,16.3541,-0.734844
269,18.3912,16.3664,-0.690381
268,18.3912,16.3664,-0.690381
269,18.4662,16.4574,-0.712822
268,18.4662,16.4574,-0.712822
269,6.05025,16.7635,2.1005
268,6.05025,16.7635,2.1005
269,9.69832,17.6684,2.13881
268,9.69832,17.6684,2.13881
269,16.0236,15.0311,-0.827135
268,16.0236,15.0311,-0.827135
269,6.02922,18.132,2.16151
268,6.02922,18.132,2.16151
269,6.14845,15.7698,2.06512
268,6.14845,15.7698,2.06512
269,16.3498,20.4963,2.96253
268,16.3498,20.4963,2.96253
269,7.74027,17.2882,2.81906
268,7.74027,17.2882,2.81906
269,5.9594,16.7878,2.62161
268,5.9594,16.7878,2.62161
269,5.93372,15.501,2.52768
268,5.93372,15.501,2.52768
269,5.94649,16.0447,2.14216
268,5.94649,16.0447,2.14216
269,19.429,17.3659,-1.64111
268,19.429,17.3659,-1.64111
269,4.5958,19.9767,-4.51914
268,4.5958,19.9767,-4.51914
269,6.16387,16.2476,2.12754
268,6.16387,16.2476,2.12754
269,6.17799,18.4832,2.27549
268,6.17799,18.4832,2.27549
269,4.41665,16.0395,-1.52861
268,4.41665,16.0395,-1.52861
269,5.90603,18.6751,2.37672
268,5.90603,18.6751,2.37672
269,7.77056,17.4194,2.84707
268,7.77056,17.4194,2.84707
269,16.0872,16.9326,-2.37737
268,16.0872,16.9326,-2.37737
269,20.536,18.1266,-1.93074
268,20.536,18.1266,-1.93074
269,22.0525,19.1753,-2.31436
268,22.0525,19.1753,-2.31436
269,4.31766,16.8836,-1.99577
268,4.31766,16.8836,-1.99577
269,6.34028,16.8864,2.16921
268,6.34028,16.8864,2.16921
269,15.6507,16.7748,-1.90525
268,15.6507,16.7748,-1.90525
269,6.12775,17.2631,2.15196
268,6.12775,17.2631,2.15196
269,6.36382,17.4147,2.14382
268,6.36382,17.4147,2.14382
269,6.12263,15.3415,1.96072
268,6.12263,15.3415,1.96072
269,9.35342,16.8245,2.08171
268,9.35342,16.8245,2.08171
269,9.34913,16.726,2.28707
268,9.34913,16.726,2.28707
269,15.4277,19.4467,2.85918
268,15.4277,19.4467,2.85918
269,23.4922,21.0247,-2.09425
268,23.4922,21.0247,-2.09425
269,6.39347,17.719,2.78708
268,6.39347,17.719,2.78708
269,9.24536,17.0585,1.90523
268,9.24536,17.0585,1.90523
269,4.06115,17.324,-2.31231
268,4.06115,17.324,-2.31231
269,15.7779,16.8063,-2.29728
268,15.7779,16.8063,-2.29728
269,15.9477,16.8449,-0.840097
268,15.9477,16.8449,-0.840097
269,15.3927,19.3714,2.63538
268,15.3927,19.3714,2.63538
269,4.40904,21.4488,-5.30787
268,4.40904,21.4488,-5.30787
269,3.62254,22.9637,-3.65848
268,3.62254,22.9637,-3.65848
269,15.4718,19.5781,2.65074
268,15.4718,19.5781,2.65074
269,15.5852,19.6371,2.85894
268,15.5852,19.6371,2.85894
269,9.44783,18.2907,2.16591
268,9.44783,18.2907,2.16591
269,4.66662,14.8114,-1.24275
268,4.66662,14.8114,-1.24275
269,4.1836,17.4877,-2.28341
268,4.1836,17.4877,-2.28341
269,10.4886,23.6778,2.1271
268,10.4886,23.6778,2.1271
269,4.53235,20.2252,-4.71183
268,4.53235,20.2252,-4.71183
269,6.14836,16.4754,2.40987
268,6.14836,16.4754,2.40987
269,6.15384,17.5081,2.20454
268,6.15384,17.5081,2.20454
269,6.14944,16.1243,2.12427
268,6.14944,16.1243,2.12427
269,7.84674,16.5874,1.97226
268,7.84674,16.5874,1.97226
269,16.7192,17.5038,-2.60814
268,16.7192,17.5038,-2.60814
269,16.4537,20.6332,2.94456
268,16.4537,20.6332,2.94456
269,4.51803,20.2792,-4.75121
268,4.51803,20.2792,-4.75121
269,5.9519,15.6106,1.99622
268,5.9519,15.6106,1.99622
269,6.0221,16.7297,2.20398
268,6.0221,16.7297,2.20398
269,16.7421,15.3876,-2.02674
268,16.7421,15.3876,-2.02674
269,18.0153,16.5448,-1.45348
268,18.0153,16.5448,-1.45348
269,4.87186,15.7796,-1.01148
268,4.87186,15.7796,-1.01148
269,3.65011,22.7011,-3.59639
268,3.65011,22.7011,-3.59639
269,8.05084,17.3232,2.41961
268,8.05084,17.3232,2.41961
269,17.2442,15.7564,-1.15577
268,17.2442,15.7564,-1.15577
269,17.5107,17.8011,-2.12515
268,17.5107,17.8011,-2.12515
269,16.5567,17.5893,-2.18077
268,16.5567,17.5893,-2.18077
269,16.2683,15.0815,-1.86395
268,16.2683,15.0815,-1.86395
269,15.2645,16.6778,-2.05844
268,15.2645,16.6778,-2.05844
269,4.5474,17.6752,-1.68949
268,4.5474,17.6752,-1.68949
269,15.843,19.9359,2.81681
268,15.843,19.9359,2.81681
269,8.17483,16.8673,1.82335
267,8.17483,16.8673,1.82335
269,9.60037,15.4645,-0.0217818
267,9.60037,15.4645,-0.0217818
269,7.8209,15.7616,2.05324
267,7.8209,15.7616,2.05324
269,6.76203,18.5307,2.20389
267,6.76203,18.5307,2.20389
269,8.42477,17.7173,1.89397
267,8.42477,17.7173,1.89397
269,11.3372,14.9497,2.2024
267,11.3372,14.9497,2.2024
269,8.66494,14.715,-1.67178
267,8.66494,14.715,-1.67178
269,15.5047,16.5846,-1.68784
267,15.5047,16.5846,-1.68784
269,15.4896,16.6232,-1.88967
267,15.4896,16.6232,-1.88967
269,12.7518,16.4632,2.43168
267,12.7518,16.4632,2.43168
269,18.0787,16.2932,-0.764344
267,18.0787,16.2932,-0.764344
269,15.9878,16.861,-2.43823
267,15.9878,16.861,-2.43823
269,17.4813,21.7319,3.15849
267,17.4813,21.7319,3.15849
269,8.11829,17.0339,2.10623
267,8.11829,17.0339,2.10623
269,10.5129,22.4634,2.93614
267,10.5129,22.4634,2.93614
269,8.70039,14.8007,-1.71575
267,8.70039,14.8007,-1.71575
269,19.8198,18.9676,-1.28507
267,19.8198,18.9676,-1.28507
269,8.17967,17.2323,2.13136
267,8.17967,17.2323,2.13136
269,6.21802,17.069,2.216
267,6.21802,17.069,2.216
269,15.2003,19.1887,2.60522
267,15.2003,19.1887,2.60522
269,8.22123,16.7763,1.88048
267,8.22123,16.7763,1.88048
269,12.008,13.528,-0.803453
267,12.008,13.528,-0.803453
269,11.2378,23.5028,2.55048
267,11.2378,23.5028,2.55048
269,9.90123,17.336,2.37259
267,9.90123,17.336,2.37259
269,8.42312,18.2319,2.12895
267,8.42312,18.2319,2.12895
269,16.0046,16.9913,-1.35559
267,16.0046,16.9913,-1.35559
269,7.89063,16.7441,2.02673
267,7.89063,16.7441,2.02673
269,6.23145,17.7264,2.54091
267,6.23145,17.7264,2.54091
269,8.29416,17.6963,2.0859
267,8.29416,17.6963,2.0859
269,18.6217,23.6688,3.32074
266,18.6217,23.6688,3.32074
269,6.25297,16.1768,0.157763
266,6.25297,16.1768,0.157763
269,19.8607,18.8012,-1.31389
266,19.8607,18.8012,-1.31389
269,10.2294,16.7632,-1.60857
266,10.2294,16.7632,-1.60857
269,8.82625,19.0285,2.04763
266,8.82625,19.0285,2.04763
269,8.51617,18.6363,2.19545
266,8.51617,18.6363,2.19545
269,6.39573,15.888,2.10709
266,6.39573,15.888,2.10709
269,12.3664,13.6367,-0.998791
266,12.3664,13.6367,-0.998791
269,9.06754,20.6979,2.08525
266,9.06754,20.6979,2.08525
269,8.39271,17.6946,1.91318
266,8.39271,17.6946,1.91318
269,12.2319,12.6054,-0.0258231
266,12.2319,12.6054,-0.0258231
269,9.41508,22.0767,2.22658
266,9.41508,22.0767,2.22658
269,18.0933,23.1,3.23876
265,18.0933,23.1,3.23876
269,15.5186,14.6038,-0.869379
265,15.5186,14.6038,-0.869379
269,11.7913,13.4798,-0.483963
265,11.7913,13.4798,-0.483963
269,16.4971,17.3744,-2.6906
263,16.4971,17.3744,-2.6906
269,16.588,17.5624,-2.65863
263,16.588,17.5624,-2.65863
269,10.5432,15.2108,0.00932911
263,10.5432,15.2108,0.00932911
269,19.7604,18.8683,-1.08456
263,19.7604,18.8683,-1.08456
269,10.0947,19.9455,2.2383
263,10.0947,19.9455,2.2383
269,10.1686,20.1675,2.27568
263,10.1686,20.1675,2.27568
269,19.0453,19.7411,-3.1523
263,19.0453,19.7411,-3.1523
269,10.4847,23.6726,2.84732
260,10.4847,23.6726,2.84732
269,16.0226,16.6674,-1.62446
257,16.0226,16.6674,-1.62446
269,16.5196,17.3145,-2.09113
257,16.5196,17.3145,-2.09113
269,17.3104,17.7118,-1.72653
257,17.3104,17.7118,-1.72653
269,15.8971,16.933,-2.05017
255,15.8971,16.933,-2.05017
269,15.4852,16.535,-1.81202
255,15.4852,16.535,-1.81202
269,16.7039,17.4561,-1.07951
255,16.7039,17.4561,-1.07951
269,11.568,12.2078,-0.450547
252,11.568,12.2078,-0.450547
270,6.51905,12.2219,-1.62097
270,5.77413,12.7104,-1.54702
270,5.8286,12.7569,-1.54513
270,5.78319,12.7902,-1.62055
270,5.8198,12.7966,-1.61073
270,5.83098,12.7999,-1.61393
270,6.0021,12.7376,-1.59137
270,6.00614,12.7626,-1.60587
270,6.01211,12.7797,-1.6236
270,6.00391,12.7991,-1.65023
270,9.12092,11.4492,-1.61813
270,4.79746,14.8816,1.16136
270,6.1513,14.7659,1.34392
270,6.06088,14.8952,1.18145
270,6.05311,14.8762,1.11275
270,6.04876,14.9081,1.18768
270,6.04411,14.8971,1.14641
270,6.05735,14.8925,1.14658
270,6.10562,14.8784,1.12936
270,6.10253,14.8891,1.12502
270,6.14772,14.8823,1.15198
270,6.20444,14.9486,1.4052
270,6.16308,14.901,1.17984
270,6.15945,14.8953,1.14492
270,6.17103,14.9076,1.18635
270,7.54153,14.6106,1.95101
270,6.19578,15.016,1.18276
270,7.45535,14.5936,1.38403
270,7.53999,14.7369,1.78601
270,6.3615,15.0412,1.09403
270,7.55291,14.7906,1.79919
270,7.47544,14.6832,1.16451
270,7.5556,14.7049,1.24274
270,7.50764,14.7311,1.22846
270,8.25667,13.3399,-1.77962
270,7.49197,14.7435,1.12832
270,7.5501,14.7887,1.1319
270,7.51414,14.8569,1.10947
270,5.41813,15.5821,0.112958
270,4.47853,16.744,2.18123
270,4.15878,15.5823,-1.51761
270,4.16739,15.6568,-1.39351
270,4.15245,15.7297,-1.263
270,4.19234,16.2875,0.138408
270,4.10234,15.8134,-1.55454
270,4.11077,15.8593,-1.45847
270,4.13412,15.9764,-1.13894
270,8.9739,14.6158,1.12671
270,4.14635,15.9175,-1.37239
270,4.42673,17.0834,2.23752
270,4.10693,15.8692,-1.66355
270,6.45742,15.5739,0.266037
270,4.15064,16.5928,0.0711564
270,7.5009,15.8014,1.99849
270,4.03943,16.1141,-1.81436
270,10.3403,14.352,1.14902
270,8.77307,18.4364,-0.920263
269,8.77307,18.4364,-0.920263
270,9.53244,16.5347,1.80204
269,9.53244,16.5347,1.80204
270,9.49762,16.505,1.81802
269,9.49762,16.505,1.81802
270,13.7487,15.62,-1.52092
269,13.7487,15.62,-1.52092
270,8.98692,19.3065,2.45661
269,8.98692,19.3065,2.45661
270,9.212,18.5981,2.34983
269,9.212,18.5981,2.34983
270,8.90681,19.1032,2.1912
269,8.90681,19.1032,2.1912
270,9.35602,17.8657,2.16636
269,9.35602,17.8657,2.16636
270,15.0807,19.247,2.81282
269,15.0807,19.247,2.81282
270,14.5878,18.962,2.76915
269,14.5878,18.962,2.76915
270,16.2527,17.1526,-1.39194
269,16.2527,17.1526,-1.39194
270,17.3509,17.7194,-2.03305
269,17.3509,17.7194,-2.03305
270,6.21512,14.7592,1.96791
269,6.21512,14.7592,1.96791
270,15.0489,16.3696,-1.87543
269,15.0489,16.3696,-1.87543
270,8.35632,16.8615,2.10284
269,8.35632,16.8615,2.10284
270,6.22867,15.0045,1.98491
269,6.22867,15.0045,1.98491
270,6.05707,14.5823,1.34668
269,6.05707,14.5823,1.34668
270,10.3852,22.0911,2.62139
269,10.3852,22.0911,2.62139
270,16.524,17.2184,-1.59713
269,16.524,17.2184,-1.59713
270,15.8584,16.8472,-1.28207
269,15.8584,16.8472,-1.28207
270,21.5346,19.6503,-1.76263
269,21.5346,19.6503,-1.76263
270,10.4469,24.0288,2.84424
269,10.4469,24.0288,2.84424
270,18.0922,16.2024,-0.652116
269,18.0922,16.2024,-0.652116
270,18.1394,16.2405,-0.654823
269,18.1394,16.2405,-0.654823
270,5.93591,16.3849,2.05089
269,5.93591,16.3849,2.05089
270,9.8036,20.4028,2.69906
269,9.8036,20.4028,2.69906
270,4.85691,15.4076,-2.52774
269,4.85691,15.4076,-2.52774
270,13.5275,15.3707,-1.4312
269,13.5275,15.3707,-1.4312
270,9.90564,17.4525,2.36746
269,9.90564,17.4525,2.36746
270,15.5526,14.6839,-2.28124
269,15.5526,14.6839,-2.28124
270,7.05203,13.4795,1.89783
269,7.05203,13.4795,1.89783
270,10.1139,19.9873,2.50606
269,10.1139,19.9873,2.50606
270,9.54526,16.5309,1.70651
269,9.54526,16.5309,1.70651
270,9.55989,16.5683,1.81446
269,9.55989,16.5683,1.81446
270,16.0175,17.0408,-1.45232
269,16.0175,17.0408,-1.45232
270,16.1332,17.0178,-1.39948
269,16.1332,17.0178,-1.39948
270,20.4964,18.1328,-1.93025
269,20.4964,18.1328,-1.93025
270,21.1647,18.6351,-2.10879
269,21.1647,18.6351,-2.10879
270,4.17835,16.4449,-1.61915
269,4.17835,16.4449,-1.61915
270,9.43321,18.7352,2.39746
269,9.43321,18.7352,2.39746
270,5.95396,17.558,2.09991
269,5.95396,17.558,2.09991
270,5.92083,17.8193,2.29099
269,5.92083,17.8193,2.29099
270,6.07587,14.7364,1.4178
269,6.07587,14.7364,1.4178
270,9.10483,17.3849,1.96468
269,9.10483,17.3849,1.96468
270,14.4269,18.7862,2.76971
269,14.4269,18.7862,2.76971
270,10.743,23.0829,2.99337
269,10.743,23.0829,2.99337
270,5.9138,14.5503,2.03923
269,5.9138,14.5503,2.03923
270,4.80772,14.9547,1.42577
269,4.80772,14.9547,1.42577
270,6.00137,17.1937,2.20222
269,6.00137,17.1937,2.20222
270,5.92598,13.8149,1.90095
269,5.92598,13.8149,1.90095
270,16.0391,20.1717,2.71516
269,16.0391,20.1717,2.71516
270,16.0722,20.2461,2.92961
269,16.0722,20.2461,2.92961
270,16.1869,17.0093,-2.10421
269,16.1869,17.0093,-2.10421
270,14.9264,16.1909,-2.01643
269,14.9264,16.1909,-2.01643
270,6.21874,14.8515,1.97129
269,6.21874,14.8515,1.97129
270,6.1068,14.7826,2.07319
269,6.1068,14.7826,2.07319
270,4.21909,16.9996,-1.92368
269,4.21909,16.9996,-1.92368
270,4.01329,17.1869,-1.92577
269,4.01329,17.1869,-1.92577
270,14.3599,18.6885,2.73984
269,14.3599,18.6885,2.73984
270,14.1358,15.6941,-1.63286
269,14.1358,15.6941,-1.63286
270,9.73413,19.1352,2.05943
269,9.73413,19.1352,2.05943
270,9.48152,18.4464,2.39446
269,9.48152,18.4464,2.39446
270,13.5337,15.3872,-1.40564
269,13.5337,15.3872,-1.40564
270,16.5481,17.5799,-2.18652
269,16.5481,17.5799,-2.18652
270,4.25368,16.6454,-2.09658
269,4.25368,16.6454,-2.09658
270,5.929,17.6022,2.32687
269,5.929,17.6022,2.32687
270,5.92607,14.2935,1.92486
269,5.92607,14.2935,1.92486
270,5.96499,18.4138,2.16474
269,5.96499,18.4138,2.16474
270,4.32781,19.1756,-4.80152
269,4.32781,19.1756,-4.80152
270,4.25879,16.9756,-2.06796
269,4.25879,16.9756,-2.06796
270,16.4597,20.6741,2.93443
269,16.4597,20.6741,2.93443
270,16.7265,17.5224,-2.58901
269,16.7265,17.5224,-2.58901
270,8.82095,14.1685,-0.5573
269,8.82095,14.1685,-0.5573
270,16.5942,17.3598,-2.50219
269,16.5942,17.3598,-2.50219
270,16.4184,17.3348,-2.47264
269,16.4184,17.3348,-2.47264
270,4.54182,15.0052,-1.02686
269,4.54182,15.0052,-1.02686
270,6.27207,16.5364,2.07336
269,6.27207,16.5364,2.07336
270,6.01,17.3241,2.2237
269,6.01,17.3241,2.2237
270,15.6921,16.5965,-0.710697
269,15.6921,16.5965,-0.710697
270,10.3754,17.0989,-1.65666
269,10.3754,17.0989,-1.65666
270,16.0096,17.0016,-1.57196
268,16.0096,17.0016,-1.57196
270,7.57446,15.4146,2.0164
268,7.57446,15.4146,2.0164
270,19.5532,24.4729,3.23184
268,19.5532,24.4729,3.23184
270,15.1967,19.4148,2.82262
268,15.1967,19.4148,2.82262
270,6.23605,16.1252,2.03917
268,6.23605,16.1252,2.03917
270,7.60574,16.6782,2.71861
268,7.60574,16.6782,2.71861
270,6.32347,16.4439,2.14899
268,6.32347,16.4439,2.14899
270,7.83755,16.5922,1.88593
268,7.83755,16.5922,1.88593
270,6.11964,18.3506,2.59337
268,6.11964,18.3506,2.59337
270,6.36383,18.3455,2.25182
268,6.36383,18.3455,2.25182
270,7.7691,15.8923,2.05774
268,7.7691,15.8923,2.05774
270,11.3746,14.914,2.2032
268,11.3746,14.914,2.2032
270,16.5379,17.1435,-1.82453
268,16.5379,17.1435,-1.82453
270,7.62354,16.0774,-0.113134
268,7.62354,16.0774,-0.113134
270,16.7101,17.4954,-2.61341
268,16.7101,17.4954,-2.61341
270,6.30897,15.687,2.0478
268,6.30897,15.687,2.0478
270,6.34283,16.9131,2.19512
268,6.34283,16.9131,2.19512
270,6.23284,17.462,2.11741
268,6.23284,17.462,2.11741
270,7.7912,16.3035,1.87155
268,7.7912,16.3035,1.87155
270,8.33081,17.3995,2.14325
268,8.33081,17.3995,2.14325
270,16.3063,17.4211,-2.16447
268,16.3063,17.4211,-2.16447
270,6.35297,17.7602,2.20983
268,6.35297,17.7602,2.20983
270,7.72191,15.9723,1.8779
268,7.72191,15.9723,1.8779
270,17.4501,15.9456,-0.609153
268,17.4501,15.9456,-0.609153
270,7.50825,15.5794,-0.0514849
267,7.50825,15.5794,-0.0514849
270,16.2537,17.1501,-1.40829
267,16.2537,17.1501,-1.40829
270,10.6517,17.4551,-1.81457
267,10.6517,17.4551,-1.81457
270,20.6982,25.858,3.4036
267,20.6982,25.858,3.4036
270,7.9003,16.7994,2.14293
267,7.9003,16.7994,2.14293
270,7.85466,16.5917,2.22147
267,7.85466,16.5917,2.22147
270,20.8664,26.0716,3.41975
267,20.8664,26.0716,3.41975
270,16.1831,16.994,-2.40268
267,16.1831,16.994,-2.40268
270,15.7126,16.6271,-0.73386
267,15.7126,16.6271,-0.73386
270,17.3572,18.0912,-2.05884
266,17.3572,18.0912,-2.05884
270,14.9721,16.2185,-1.83263
266,14.9721,16.2185,-1.83263
270,16.7226,17.2922,-1.87978
266,16.7226,17.2922,-1.87978
270,22.6278,21.3972,-2.93076
266,22.6278,21.3972,-2.93076
270,16.2378,16.9198,-1.75339
266,16.2378,16.9198,-1.75339
270,18.0299,18.3568,-2.30442
266,18.0299,18.3568,-2.30442
270,19.733,20.0631,-2.7749
266,19.733,20.0631,-2.7749
270,26.4035,24.3004,-3.94253
266,26.4035,24.3004,-3.94253
270,15.6736,14.6353,-0.596094
266,15.6736,14.6353,-0.596094
270,16.4058,15.4095,-0.871147
266,16.4058,15.4095,-0.871147
270,9.73557,23.5466,2.3074
266,9.73557,23.5466,2.3074
270,8.93125,20.3065,2.56142
266,8.93125,20.3065,2.56142
270,17.5108,15.8412,-1.2489
266,17.5108,15.8412,-1.2489
270,16.8324,17.6365,-1.62563
263,16.8324,17.6365,-1.62563
270,15.9064,17.012,-2.39793
263,15.9064,17.012,-2.39793
270,15.7652,16.769,-1.53337
263,15.7652,16.769,-1.53337
270,16.2259,17.1634,-1.64497
263,16.2259,17.1634,-1.64497
270,10.2301,20.9766,2.31974
263,10.2301,20.9766,2.31974
270,16.8578,17.7226,-2.80492
263,16.8578,17.7226,-2.80492
270,19.8626,18.8206,-1.34021
260,19.8626,18.8206,-1.34021
270,15.3788,16.5135,-2.19708
260,15.3788,16.5135,-2.19708
270,16.6844,17.6118,-1.70626
260,16.6844,17.6118,-1.70626
270,16.6313,17.5144,-1.68206
257,16.6313,17.5144,-1.68206
270,16.3915,17.1907,-2.61204
257,16.3915,17.1907,-2.61204
270,10.9223,18.8672,-2.21425
257,10.9223,18.8672,-2.21425
270,16.2928,17.2828,-2.14944
257,16.2928,17.2828,-2.14944
270,16.4139,17.2118,-2.6144
257,16.4139,17.2118,-2.6144
270,15.7747,16.9066,-1.81213
255,15.7747,16.9066,-1.81213
270,15.9369,16.5853,-1.83824
252,15.9369,16.5853,-1.83824
270,15.9368,16.5847,-1.83127
252,15.9368,16.5847,-1.83127
271,5.81625,8.95637,1.64455
271,5.93754,8.96363,1.6417
271,6.04145,9.64493,1.36727
271,5.76123,10.4391,1.50624
271,6.98008,11.9407,-1.65478
271,7.04323,11.936,-1.67543
271,6.51916,12.219,-1.60158
271,5.76611,12.5559,-1.64952
271,6.52714,12.2399,-1.63162
271,7.97867,11.6086,-1.65613
271,6.54149,12.2598,-1.65954
271,7.99293,11.624,-1.67092
271,5.76176,12.6389,-1.6924
271,5.83422,12.7049,-1.53311
271,7.06217,12.1154,-1.67653
271,5.9693,12.6876,-1.56293
271,5.0765,13.1462,-1.84388
271,6.78271,12.4653,-1.88934
271,6.79141,12.509,-1.91212
271,5.11961,13.3418,-1.75574
271,5.11009,13.4429,-1.82731
271,5.07348,13.7313,-2.0347
271,6.11132,14.754,1.51853
271,6.05918,14.7947,1.46592
271,5.02305,13.9287,-2.20208
271,6.06811,14.8758,1.6692
271,6.05211,14.7807,1.22404
271,6.11432,14.8215,1.26295
271,6.12708,14.8727,1.25964
271,6.04645,14.8949,1.18193
271,7.52501,14.6423,1.80124
271,6.26498,15.0959,1.40361
271,7.96969,13.3386,-1.5352
271,7.95656,13.3461,-1.67957
271,7.51117,14.6899,1.4168
271,7.99448,13.3607,-1.71254
271,7.51063,14.7458,1.43661
271,7.50395,14.7291,1.372
271,8.00489,13.3759,-1.70478
271,8.01373,13.3679,-1.73688
271,4.01293,14.8809,-2.6849
271,7.52971,14.6918,1.13615
271,8.04915,13.4097,-1.73811
271,4.6237,16.3308,1.98197
271,8.02236,13.4945,-1.65897
271,7.6704,14.8003,1.4126
271,7.49883,14.8224,1.22742
271,8.84007,14.3642,1.54684
271,7.52845,14.8464,1.10812
271,4.42223,16.6099,2.04111
271,4.09163,16.0866,0.185596
271,8.87854,14.4302,1.57308
271,8.87539,14.422,1.54639
271,8.81708,14.3088,1.15898
271,8.82036,14.3172,1.18567
271,8.92658,14.5135,1.54463
271,5.41305,15.6683,0.113748
271,8.91918,14.4618,1.14829
271,13.7697,15.6213,-1.51203
270,13.7697,15.6213,-1.51203
271,19.4157,19.3166,-3.74091
270,19.4157,19.3166,-3.74091
271,8.40618,15.1459,0.0555842
270,8.40618,15.1459,0.0555842
271,15.4604,16.5503,-1.67117
270,15.4604,16.5503,-1.67117
271,8.15733,16.4093,-0.396372
270,8.15733,16.4093,-0.396372
271,8.60252,17.8482,-0.756255
270,8.60252,17.8482,-0.756255
271,9.20512,19.4241,2.34025
270,9.20512,19.4241,2.34025
271,9.97349,21.83,2.49399
270,9.97349,21.83,2.49399
271,10.3209,22.9245,2.06067
270,10.3209,22.9245,2.06067
271,8.39211,16.9572,2.29657
270,8.39211,16.9572,2.29657
271,9.15874,19.3025,1.94483
270,9.15874,19.3025,1.94483
271,13.9244,15.6476,-1.55784
270,13.9244,15.6476,-1.55784
271,16.44,17.2898,-1.44755
270,16.44,17.2898,-1.44755
271,10.2958,23.0449,2.7864
270,10.2958,23.0449,2.7864
271,6.24034,19.5998,2.31051
270,6.24034,19.5998,2.31051
271,10.6973,24.0659,2.65578
270,10.6973,24.0659,2.65578
271,7.93858,16.7815,2.18715
270,7.93858,16.7815,2.18715
271,8.26852,18.1584,2.21457
270,8.26852,18.1584,2.21457
271,7.89459,17.8614,2.87365
270,7.89459,17.8614,2.87365
271,16.9043,17.5008,-1.68399
270,16.9043,17.5008,-1.68399
271,15.5429,16.6074,-1.67982
270,15.5429,16.6074,-1.67982
271,16.2453,15.0494,-0.965581
270,16.2453,15.0494,-0.965581
271,9.98995,20.9287,2.26553
270,9.98995,20.9287,2.26553
271,9.41305,18.7249,2.31853
270,9.41305,18.7249,2.31853
271,6.4248,19.2414,2.40952
270,6.4248,19.2414,2.40952
271,10.1552,19.4419,2.37041
270,10.1552,19.4419,2.37041
271,5.07159,21.643,-4.57352
270,5.07159,21.643,-4.57352
271,4.06588,16.473,-3.82731
270,4.06588,16.473,-3.82731
271,9.66823,20.6647,2.37466
270,9.66823,20.6647,2.37466
271,9.16718,19.4912,2.38148
270,9.16718,19.4912,2.38148
271,11.0656,14.766,2.25089
270,11.0656,14.766,2.25089
271,15.2571,16.5208,-1.96591
270,15.2571,16.5208,-1.96591
271,17.5281,18.0079,-1.90783
270,17.5281,18.0079,-1.90783
271,6.12518,14.2686,1.93221
270,6.12518,14.2686,1.93221
271,15.8854,14.9588,-0.80809
270,15.8854,14.9588,-0.80809
271,15.5846,14.5776,-0.574194
270,15.5846,14.5776,-0.574194
271,16.0683,20.1937,2.91127
270,16.0683,20.1937,2.91127
271,9.92891,20.7663,2.25007
270,9.92891,20.7663,2.25007
271,8.42105,15.1814,0.0662181
270,8.42105,15.1814,0.0662181
271,9.28241,17.2675,2.25169
270,9.28241,17.2675,2.25169
271,13.6011,15.4215,-1.46443
270,13.6011,15.4215,-1.46443
271,10.0329,22.254,2.79003
270,10.0329,22.254,2.79003
271,15.1448,16.4539,-1.96372
270,15.1448,16.4539,-1.96372
271,14.8466,16.2671,-1.86966
270,14.8466,16.2671,-1.86966
271,15.6192,16.763,-1.88401
270,15.6192,16.763,-1.88401
271,15.99,14.9217,-2.42201
270,15.99,14.9217,-2.42201
271,4.92479,19.5706,-4.11668
270,4.92479,19.5706,-4.11668
271,16.0062,16.988,-1.46296
270,16.0062,16.988,-1.46296
271,16.0836,16.8929,-1.27329
270,16.0836,16.8929,-1.27329
271,3.90898,17.9356,-1.02966
270,3.90898,17.9356,-1.02966
271,15.7214,19.7938,2.6348
270,15.7214,19.7938,2.6348
271,16.5054,15.4677,-0.916707
270,16.5054,15.4677,-0.916707
271,4.06139,17.0275,-1.93617
270,4.06139,17.0275,-1.93617
271,5.95445,17.0228,2.06326
270,5.95445,17.0228,2.06326
271,8.93029,17.3938,2.07319
270,8.93029,17.3938,2.07319
271,13.9533,15.6975,-1.53454
270,13.9533,15.6975,-1.53454
271,6.51921,18.6499,2.15675
270,6.51921,18.6499,2.15675
271,15.9931,14.9469,-0.915688
270,15.9931,14.9469,-0.915688
271,6.36741,16.8806,2.21822
270,6.36741,16.8806,2.21822
271,6.13346,15.5465,2.01254
270,6.13346,15.5465,2.01254
271,4.09186,16.918,-2.17354
270,4.09186,16.918,-2.17354
271,16.3807,20.5495,2.92719
270,16.3807,20.5495,2.92719
271,3.92317,17.7655,-2.56983
270,3.92317,17.7655,-2.56983
271,16.1215,15.0342,-0.759982
270,16.1215,15.0342,-0.759982
271,8.11753,17.3901,1.92868
270,8.11753,17.3901,1.92868
271,5.95556,17.5493,2.10492
270,5.95556,17.5493,2.10492
271,5.91472,15.0851,1.97205
270,5.91472,15.0851,1.97205
271,16.3348,20.5724,2.72505
270,16.3348,20.5724,2.72505
271,16.592,17.3701,-2.55967
270,16.592,17.3701,-2.55967
271,3.81867,17.3932,-2.02782
270,3.81867,17.3932,-2.02782
271,4.00168,18.2588,-2.81704
270,4.00168,18.2588,-2.81704
271,17.2973,15.7179,-1.14546
270,17.2973,15.7179,-1.14546
271,15.2801,16.7883,-2.00827
270,15.2801,16.7883,-2.00827
271,12.6303,16.2842,2.30376
269,12.6303,16.2842,2.30376
271,16.2631,17.1216,-0.952843
269,16.2631,17.1216,-0.952843
271,10.3232,18.2497,2.4304
269,10.3232,18.2497,2.4304
271,6.63597,19.4431,2.33025
269,6.63597,19.4431,2.33025
271,9.57073,16.5754,1.79431
269,9.57073,16.5754,1.79431
271,15.9449,16.8792,-1.39611
269,15.9449,16.8792,-1.39611
271,6.2049,17.3426,2.15095
269,6.2049,17.3426,2.15095
271,15.6574,16.7724,-1.91658
269,15.6574,16.7724,-1.91658
271,6.22692,14.9863,1.40197
269,6.22692,14.9863,1.40197
271,16.9614,17.4246,-1.97531
269,16.9614,17.4246,-1.97531
271,16.2854,15.0656,-2.46851
269,16.2854,15.0656,-2.46851
271,6.113,16.0314,2.08587
269,6.113,16.0314,2.08587
271,16.0003,16.9418,-1.3352
269,16.0003,16.9418,-1.3352
271,4.05999,17.1612,-2.25097
269,4.05999,17.1612,-2.25097
271,6.41846,17.7381,2.36598
269,6.41846,17.7381,2.36598
271,8.22313,17.2076,2.06206
269,8.22313,17.2076,2.06206
271,4.18679,16.4948,-1.85192
269,4.18679,16.4948,-1.85192
271,4.53517,17.032,2.2302
269,4.53517,17.032,2.2302
271,4.67799,16.4666,-3.24124
269,4.67799,16.4666,-3.24124
271,3.96981,21.5066,-3.12995
269,3.96981,21.5066,-3.12995
271,21.2431,19.5112,-2.36717
269,21.2431,19.5112,-2.36717
271,16.5634,17.587,-2.19197
269,16.5634,17.587,-2.19197
271,4.52857,20.0866,-4.65478
269,4.52857,20.0866,-4.65478
271,6.0486,19.3698,2.36084
269,6.0486,19.3698,2.36084
271,11.3751,29.3215,2.75491
269,11.3751,29.3215,2.75491
271,17.121,17.8642,-1.68945
269,17.121,17.8642,-1.68945
271,6.96844,22.9408,2.5098
269,6.96844,22.9408,2.5098
271,17.5271,17.7588,-2.11143
269,17.5271,17.7588,-2.11143
271,15.75,19.9099,2.76491
269,15.75,19.9099,2.76491
271,15.6529,16.6823,-1.73029
268,15.6529,16.6823,-1.73029
271,15.8494,16.8798,-1.61071
268,15.8494,16.8798,-1.61071
271,15.9673,16.9611,-1.55982
268,15.9673,16.9611,-1.55982
271,9.6009,18.2732,-0.912295
268,9.6009,18.2732,-0.912295
271,6.43471,16.8144,2.12677
268,6.43471,16.8144,2.12677
271,15.5199,16.6295,-1.92116
268,15.5199,16.6295,-1.92116
271,9.815,17.0504,2.31978
268,9.815,17.0504,2.31978
271,6.51258,15.8125,-0.0372699
268,6.51258,15.8125,-0.0372699
271,6.35094,17.3246,2.17412
268,6.35094,17.3246,2.17412
271,6.00244,13.833,1.96705
268,6.00244,13.833,1.96705
271,6.4078,17.0011,2.29641
268,6.4078,17.0011,2.29641
271,6.07876,16.3856,2.05551
268,6.07876,16.3856,2.05551
271,6.16645,16.0538,2.09951
268,6.16645,16.0538,2.09951
271,8.4017,17.721,2.10365
268,8.4017,17.721,2.10365
271,16.0927,16.9316,-2.38703
268,16.0927,16.9316,-2.38703
271,8.90601,20.3745,2.4725
268,8.90601,20.3745,2.4725
271,7.82119,16.3811,1.87042
268,7.82119,16.3811,1.87042
271,10.1991,22.6169,2.33838
268,10.1991,22.6169,2.33838
271,6.31267,15.4496,2.01851
268,6.31267,15.4496,2.01851
271,9.0912,18.9964,2.26096
268,9.0912,18.9964,2.26096
271,6.34708,16.5515,2.04929
268,6.34708,16.5515,2.04929
271,15.5845,16.6124,-1.59794
267,15.5845,16.6124,-1.59794
271,16.9446,17.8693,-2.55082
267,16.9446,17.8693,-2.55082
271,7.51497,15.5249,0.268755
267,7.51497,15.5249,0.268755
271,6.40408,15.6279,0.383298
267,6.40408,15.6279,0.383298
271,16.5586,21.0318,2.85479
267,16.5586,21.0318,2.85479
271,12.9086,14.2467,-1.16892
267,12.9086,14.2467,-1.16892
271,11.6045,15.2214,2.2089
266,11.6045,15.2214,2.2089
271,17.4257,22.2528,3.13576
266,17.4257,22.2528,3.13576
271,6.41171,17.0905,2.3585
266,6.41171,17.0905,2.3585
271,11.0646,23.7515,2.38779
266,11.0646,23.7515,2.38779
271,6.27397,16.7138,2.18799
266,6.27397,16.7138,2.18799
271,16.4846,17.3099,-2.12299
263,16.4846,17.3099,-2.12299
271,19.1893,19.5956,-3.65495
263,19.1893,19.5956,-3.65495
271,15.8329,16.9397,-2.35271
260,15.8329,16.9397,-2.35271
271,16.0697,16.5511,-1.63378
260,16.0697,16.5511,-1.63378
271,16.1305,16.9897,-0.946224
260,16.1305,16.9897,-0.946224
271,16.3849,17.1794,-2.57922
257,16.3849,17.1794,-2.57922
271,16.5516,17.4331,-1.65732
257,16.5516,17.4331,-1.65732
271,16.1804,17.0137,-0.924996
257,16.1804,17.0137,-0.924996
271,15.001,16.0819,-1.53143
255,15.001,16.0819,-1.53143
272,5.58128,8.85299,1.63834
272,5.68953,8.8687,1.66555
272,5.68932,8.87045,1.666
272,5.68803,8.86754,1.65432
272,5.84964,12.7999,-1.61327
272,8.07497,11.8478,-1.69845
272,6.78641,12.4049,-1.81459
272,6.03913,12.8363,-1.66502
272,4.40865,15.7299,2.12403
272,7.8043,12.9992,-1.39558
272,4.39083,15.7977,2.21677
272,6.1295,14.8417,1.6979
272,6.17045,14.8319,1.66939
272,4.40287,15.8103,2.12927
272,4.38283,15.8286,2.1045
272,6.20575,14.8611,1.69963
272,4.3515,15.9399,2.31096
272,4.38895,15.8135,1.9783
272,6.10207,14.8397,1.33972
272,4.36563,16.0281,2.49494
272,4.18469,15.7123,1.27867
272,6.20201,14.8754,1.47697
272,4.16785,15.7159,1.17287
272,4.35824,16.0593,2.44826
272,4.43174,15.8862,1.98972
272,4.40267,16.0534,1.99023
272,7.95336,13.2737,-1.51634
272,4.13094,15.9549,1.21657
272,4.12569,15.9561,1.18375
272,7.45752,14.5305,1.44829
272,7.47511,14.5136,1.41685
272,7.60011,14.5457,1.41654
272,4.45663,16.2274,2.00723
272,4.36294,16.7429,2.55215
272,4.40866,16.5615,2.02928
272,8.82076,14.3083,1.18498
272,8.82225,14.3091,1.16726
272,7.54786,14.9244,1.22459
272,4.12582,16.0148,-0.345066
272,8.83049,14.3953,1.12474
272,7.70829,14.9302,1.16343
272,13.7065,15.5324,-1.50257
270,13.7065,15.5324,-1.50257
272,10.0744,19.2622,2.19443
270,10.0744,19.2622,2.19443
272,15.5979,16.7421,-2.07142
270,15.5979,16.7421,-2.07142
272,9.85435,13.7207,1.18041
270,9.85435,13.7207,1.18041
272,6.27016,15.3321,2.01692
270,6.27016,15.3321,2.01692
272,13.2448,17.2017,2.49203
270,13.2448,17.2017,2.49203
272,15.1134,19.2626,2.79663
270,15.1134,19.2626,2.79663
272,14.9759,16.2686,-1.99346
270,14.9759,16.2686,-1.99346
272,6.40026,16.6542,2.14395
270,6.40026,16.6542,2.14395
272,8.60766,15.593,-0.0495692
270,8.60766,15.593,-0.0495692
272,22.3364,20.1518,-1.91352
270,22.3364,20.1518,-1.91352
272,13.4813,17.3035,2.56544
270,13.4813,17.3035,2.56544
272,13.6403,17.6513,2.5412
270,13.6403,17.6513,2.5412
272,5.97146,16.535,2.04277
270,5.97146,16.535,2.04277
272,6.39543,15.6526,0.0836347
270,6.39543,15.6526,0.0836347
272,14.7533,18.7031,2.50758
270,14.7533,18.7031,2.50758
272,16.2857,17.038,-1.50646
270,16.2857,17.038,-1.50646
272,16.0633,16.9365,-1.2971
270,16.0633,16.9365,-1.2971
272,9.98135,18.2668,2.28642
270,9.98135,18.2668,2.28642
272,10.0177,20.3204,3.32162
270,10.0177,20.3204,3.32162
272,22.6675,20.4372,-2.01883
270,22.6675,20.4372,-2.01883
272,22.5224,20.3501,-1.92031
270,22.5224,20.3501,-1.92031
272,6.08494,17.8344,2.20824
270,6.08494,17.8344,2.20824
272,15.7596,16.8356,-1.95522
270,15.7596,16.8356,-1.95522
272,6.32078,16.7794,2.05143
270,6.32078,16.7794,2.05143
272,6.41356,17.1386,2.14689
270,6.41356,17.1386,2.14689
272,18.2751,18.5312,-2.06768
270,18.2751,18.5312,-2.06768
272,16.6632,17.5481,-1.67035
270,16.6632,17.5481,-1.67035
272,6.07983,16.8619,2.0636
270,6.07983,16.8619,2.0636
272,6.28733,16.2287,1.01188
270,6.28733,16.2287,1.01188
272,16.8609,17.5623,-1.53435
270,16.8609,17.5623,-1.53435
272,16.0684,20.1713,2.90341
270,16.0684,20.1713,2.90341
272,7.50946,15.5096,0.0135936
270,7.50946,15.5096,0.0135936
272,4.24327,19.0892,-2.29111
270,4.24327,19.0892,-2.29111
272,18.3213,16.6398,-1.38684
270,18.3213,16.6398,-1.38684
272,13.5161,15.3679,-1.42544
270,13.5161,15.3679,-1.42544
272,6.08638,17.9245,2.21059
270,6.08638,17.9245,2.21059
272,6.06659,14.9306,1.33473
270,6.06659,14.9306,1.33473
272,8.04295,17.2699,2.13849
270,8.04295,17.2699,2.13849
272,15.4836,16.5978,-2.20311
270,15.4836,16.5978,-2.20311
272,14.8619,16.2334,-1.89762
270,14.8619,16.2334,-1.89762
272,8.18829,17.6536,1.91312
270,8.18829,17.6536,1.91312
272,7.50233,15.4826,0.0285175
270,7.50233,15.4826,0.0285175
272,10.6095,12.828,-0.279346
270,10.6095,12.828,-0.279346
272,8.13702,17.3891,2.27912
270,8.13702,17.3891,2.27912
272,15.2529,19.2716,2.61135
270,15.2529,19.2716,2.61135
272,15.6125,19.7074,2.85231
270,15.6125,19.7074,2.85231
272,5.94395,16.1215,2.02902
270,5.94395,16.1215,2.02902
272,5.95873,16.371,2.07738
270,5.95873,16.371,2.07738
272,16.2725,17.1443,-1.44387
270,16.2725,17.1443,-1.44387
272,6.01002,17.3715,2.38804
270,6.01002,17.3715,2.38804
272,4.15058,16.4512,-1.45981
270,4.15058,16.4512,-1.45981
272,16.3153,15.1225,-1.01052
270,16.3153,15.1225,-1.01052
272,10.0865,19.976,2.09804
270,10.0865,19.976,2.09804
272,16.2563,20.4198,2.89361
270,16.2563,20.4198,2.89361
272,4.20751,15.6075,-0.273751
270,4.20751,15.6075,-0.273751
272,16.5229,15.2701,-0.853893
270,16.5229,15.2701,-0.853893
272,14.8626,16.3594,-1.91478
270,14.8626,16.3594,-1.91478
272,10.5985,12.6534,-0.121269
270,10.5985,12.6534,-0.121269
272,4.2659,15.2677,-1.42738
270,4.2659,15.2677,-1.42738
272,10.1032,12.1595,-0.0669388
270,10.1032,12.1595,-0.0669388
272,11.4597,13.2917,-0.565126
270,11.4597,13.2917,-0.565126
272,10.4178,12.2761,0.0681564
270,10.4178,12.2761,0.0681564
272,16.33,17.4281,-2.09242
270,16.33,17.4281,-2.09242
272,8.50173,18.6792,2.00341
270,8.50173,18.6792,2.00341
272,8.31287,18.2598,2.22795
270,8.31287,18.2598,2.22795
272,5.95389,16.5678,2.05108
270,5.95389,16.5678,2.05108
272,4.17706,15.734,-0.320667
270,4.17706,15.734,-0.320667
272,15.0921,16.571,-2.00787
270,15.0921,16.571,-2.00787
272,9.63463,15.7148,-1.1117
270,9.63463,15.7148,-1.1117
272,15.6024,16.6472,-1.73365
271,15.6024,16.6472,-1.73365
272,7.76721,16.4055,0.989794
271,7.76721,16.4055,0.989794
272,15.6881,16.7686,-2.00428
271,15.6881,16.7686,-2.00428
272,16.4645,17.301,-1.00745
271,16.4645,17.301,-1.00745
272,8.97641,14.5452,1.1396
271,8.97641,14.5452,1.1396
272,9.51873,16.4576,1.79732
271,9.51873,16.4576,1.79732
272,9.51992,16.4616,1.81884
271,9.51992,16.4616,1.81884
272,6.199,15.9819,2.07994
271,6.199,15.9819,2.07994
272,6.23029,16.3087,2.11537
271,6.23029,16.3087,2.11537
272,16.8022,17.5595,-1.08674
271,16.8022,17.5595,-1.08674
272,15.436,16.5123,-1.64709
271,15.436,16.5123,-1.64709
272,6.13863,14.9653,1.39743
271,6.13863,14.9653,1.39743
272,15.7782,16.8186,-1.36403
271,15.7782,16.8186,-1.36403
272,9.82944,18.6297,2.15042
271,9.82944,18.6297,2.15042
272,6.46095,19.0651,2.2054
271,6.46095,19.0651,2.2054
272,6.18719,16.782,2.12712
271,6.18719,16.782,2.12712
272,9.73076,18.3802,2.11192
271,9.73076,18.3802,2.11192
272,17.8047,18.0975,-2.25485
271,17.8047,18.0975,-2.25485
272,4.30765,18.9167,-4.94717
271,4.30765,18.9167,-4.94717
272,6.64138,18.2713,2.17884
271,6.64138,18.2713,2.17884
272,7.77799,16.3979,0.0791115
271,7.77799,16.3979,0.0791115
272,7.80878,16.358,1.99485
271,7.80878,16.358,1.99485
272,4.16228,15.987,-3.48701
271,4.16228,15.987,-3.48701
272,6.32843,18.7739,2.23428
271,6.32843,18.7739,2.23428
272,4.0411,17.1147,-1.533
271,4.0411,17.1147,-1.533
272,5.37771,14.7031,-1.2867
271,5.37771,14.7031,-1.2867
272,5.06621,22.9861,-5.14247
271,5.06621,22.9861,-5.14247
272,4.4269,16.5951,2.02975
271,4.4269,16.5951,2.02975
272,4.25713,19.2338,-2.30884
271,4.25713,19.2338,-2.30884
272,4.37068,17.1133,-4.14796
271,4.37068,17.1133,-4.14796
272,4.50663,16.6542,2.20545
271,4.50663,16.6542,2.20545
272,7.35304,14.9467,0.154709
271,7.35304,14.9467,0.154709
272,3.97893,16.891,-0.791708
271,3.97893,16.891,-0.791708
272,4.15512,15.9311,-1.11514
271,4.15512,15.9311,-1.11514
272,5.09618,21.771,-4.59115
271,5.09618,21.771,-4.59115
272,3.8299,17.6823,-1.00342
271,3.8299,17.6823,-1.00342
272,4.13282,15.7436,-1.5007
271,4.13282,15.7436,-1.5007
272,4.45938,17.0638,2.25378
271,4.45938,17.0638,2.25378
272,4.14947,19.2665,-5.38008
271,4.14947,19.2665,-5.38008
272,4.05203,17.062,-1.8655
271,4.05203,17.062,-1.8655
272,4.4664,19.4377,-4.64625
271,4.4664,19.4377,-4.64625
272,4.21674,15.7404,-2.72217
271,4.21674,15.7404,-2.72217
272,3.73549,18.1725,-1.14482
271,3.73549,18.1725,-1.14482
272,4.5577,19.6592,-4.49855
271,4.5577,19.6592,-4.49855
272,16.2238,17.0868,-0.84835
271,16.2238,17.0868,-0.84835
272,9.83665,13.2781,2.10902
271,9.83665,13.2781,2.10902
272,6.77412,16.8384,1.38319
269,6.77412,16.8384,1.38319
272,12.3514,27.2846,2.41697
269,12.3514,27.2846,2.41697
272,17.1877,17.6728,-2.40858
269,17.1877,17.6728,-2.40858
272,9.65922,16.7217,1.67026
269,9.65922,16.7217,1.67026
272,6.49655,15.4759,0.0514735
269,6.49655,15.4759,0.0514735
272,11.0299,12.8757,0.360726
269,11.0299,12.8757,0.360726
272,10.9088,11.7886,-0.235937
269,10.9088,11.7886,-0.235937
272,4.23693,15.3922,-2.2345
269,4.23693,15.3922,-2.2345
272,5.95087,17.0112,2.2451
269,5.95087,17.0112,2.2451
272,10.129,22.6656,2.23938
269,10.129,22.6656,2.23938
272,8.77911,18.8488,0.96964
269,8.77911,18.8488,0.96964
272,8.2807,17.6316,2.31541
269,8.2807,17.6316,2.31541
272,5.95438,16.0087,2.47893
269,5.95438,16.0087,2.47893
272,10.0167,22.1582,2.31703
269,10.0167,22.1582,2.31703
272,16.6256,17.6295,-1.74044
269,16.6256,17.6295,-1.74044
272,4.40834,15.6684,-1.32439
269,4.40834,15.6684,-1.32439
272,9.03365,20.4185,2.58299
269,9.03365,20.4185,2.58299
272,6.51791,15.5822,0.275384
268,6.51791,15.5822,0.275384
272,14.8201,16.1185,-1.79099
268,14.8201,16.1185,-1.79099
272,15.7819,16.7709,-1.8944
268,15.7819,16.7709,-1.8944
272,5.93798,16.5997,2.12286
268,5.93798,16.5997,2.12286
272,5.93613,16.8926,2.17624
268,5.93613,16.8926,2.17624
272,5.9273,16.6935,2.10673
268,5.9273,16.6935,2.10673
272,15.7975,16.812,-2.31496
268,15.7975,16.812,-2.31496
272,10.1589,20.1268,3.22434
268,10.1589,20.1268,3.22434
272,14.1868,15.4403,-0.435513
268,14.1868,15.4403,-0.435513
272,5.98857,16.0424,2.40092
268,5.98857,16.0424,2.40092
272,11.9864,29.0436,3.60584
268,11.9864,29.0436,3.60584
272,6.13668,16.2752,2.03303
268,6.13668,16.2752,2.03303
272,11.9521,15.6269,2.24682
266,11.9521,15.6269,2.24682
272,15.3781,16.0298,-1.4342
266,15.3781,16.0298,-1.4342
272,15.8959,14.8496,-1.75875
266,15.8959,14.8496,-1.75875
272,14.5629,15.6742,-1.7776
266,14.5629,15.6742,-1.7776
272,8.96706,14.5381,1.14723
263,8.96706,14.5381,1.14723
272,16.2122,17.1754,-2.16305
263,16.2122,17.1754,-2.16305
272,18.5747,19.0616,-3.40671
263,18.5747,19.0616,-3.40671
272,9.82962,16.6069,-1.34222
263,9.82962,16.6069,-1.34222
272,19.0975,19.5131,-3.62082
263,19.0975,19.5131,-3.62082
272,10.9803,18.7479,-2.20005
260,10.9803,18.7479,-2.20005
272,20.0373,18.9568,-1.37163
260,20.0373,18.9568,-1.37163
272,16.2953,17.0918,-2.55413
257,16.2953,17.0918,-2.55413
272,15.8583,16.8327,-1.93119
257,15.8583,16.8327,-1.93119
272,10.3846,16.9931,-1.63757
257,10.3846,16.9931,-1.63757
273,5.48728,8.4425,1.60045
273,5.44815,8.67211,1.59273
273,5.34594,8.74343,1.63173
273,5.67835,8.7839,1.64548
273,5.67875,8.78434,1.64522
273,5.49966,9.00274,1.5325
273,5.60656,9.01757,1.52281
273,5.81882,12.5242,-1.63544
273,5.8375,12.6144,-1.46876
273,5.82641,12.6003,-1.69457
273,5.94121,12.6283,-1.55277
273,6.0146,12.6297,-1.505
273,5.86337,12.7828,-1.60469
273,6.11637,14.6093,1.40726
273,4.40728,15.6417,2.03258
273,4.26382,15.4443,1.23383
273,4.43573,15.6589,2.08529
273,4.40558,15.7264,2.2363
273,6.13171,14.7009,1.40654
273,4.45437,15.7804,1.99062
273,6.07187,14.7838,1.1772
273,4.4061,15.8745,2.13776
273,6.08851,15.0467,1.17443
273,4.22691,15.9313,1.23631
273,8.00066,13.3585,-1.54914
273,4.42714,16.4119,2.67682
273,8.01286,13.3858,-1.58494
273,4.45309,16.212,2.00582
273,6.1611,15.1321,1.09867
273,6.31299,15.2048,1.16011
273,4.35454,16.5024,2.01562
273,4.33268,16.6064,2.26545
273,7.62488,14.7383,1.13384
273,7.5493,14.7955,1.19598
273,8.13613,13.5556,-1.77114
273,7.67029,14.7704,1.17274
273,7.39949,14.8812,1.09687
273,7.60897,14.7979,1.1122
273,7.66178,14.7983,1.13211
273,7.61805,14.8653,1.1067
273,7.2876,15.4471,2.11862
273,7.6206,14.9604,1.08653
273,8.90693,14.407,1.1565
273,5.95296,16.2657,2.66924
273,4.24428,16.2336,0.157417
273,5.94826,16.2826,2.60167
273,8.94765,14.4645,1.15875
273,8.92717,14.4891,1.13139
273,15.7047,16.8065,-2.10358
272,15.7047,16.8065,-2.10358
273,7.67133,15.8868,1.99797
272,7.67133,15.8868,1.99797
273,9.52034,18.5111,2.13105
272,9.52034,18.5111,2.13105
273,10.3294,21.771,2.15761
272,10.3294,21.771,2.15761
273,8.12465,16.291,-0.375157
272,8.12465,16.291,-0.375157
273,10.17,19.8033,2.1765
272,10.17,19.8033,2.1765
273,13.7239,15.5357,-1.51432
272,13.7239,15.5357,-1.51432
273,10.3199,14.2738,1.16409
272,10.3199,14.2738,1.16409
273,15.951,19.9524,2.90966
272,15.951,19.9524,2.90966
273,6.42996,20.3294,2.18873
272,6.42996,20.3294,2.18873
273,8.01063,16.9504,2.04596
272,8.01063,16.9504,2.04596
273,9.87621,19.1175,2.2917
272,9.87621,19.1175,2.2917
273,10.4559,22.1594,2.27532
272,10.4559,22.1594,2.27532
273,6.64445,18.273,2.15352
272,6.64445,18.273,2.15352
273,10.4976,22.2721,2.17535
272,10.4976,22.2721,2.17535
273,8.53016,17.4823,-0.689863
272,8.53016,17.4823,-0.689863
273,13.7789,15.5031,-1.52552
272,13.7789,15.5031,-1.52552
273,15.8763,19.9384,2.87058
272,15.8763,19.9384,2.87058
273,6.34449,18.2053,2.32002
272,6.34449,18.2053,2.32002
273,6.24835,16.9573,2.12451
272,6.24835,16.9573,2.12451
273,6.71716,20.849,2.37059
272,6.71716,20.849,2.37059
273,6.29791,15.9201,2.64652
272,6.29791,15.9201,2.64652
273,6.5913,18.5242,2.98422
272,6.5913,18.5242,2.98422
273,5.87216,15.483,2.25632
272,5.87216,15.483,2.25632
273,5.94562,16.3499,2.11702
272,5.94562,16.3499,2.11702
273,15.3474,16.4489,-1.60666
272,15.3474,16.4489,-1.60666
273,15.7103,16.7624,-1.36416
272,15.7103,16.7624,-1.36416
273,16.1929,16.9604,-1.49877
272,16.1929,16.9604,-1.49877
273,15.4615,16.5197,-1.75802
272,15.4615,16.5197,-1.75802
273,15.9436,16.8372,-1.28165
272,15.9436,16.8372,-1.28165
273,15.5437,16.5448,-0.789021
272,15.5437,16.5448,-0.789021
273,14.9033,18.8715,2.48334
272,14.9033,18.8715,2.48334
273,6.17786,17.2661,2.05454
272,6.17786,17.2661,2.05454
273,7.48172,16.0832,2.01258
272,7.48172,16.0832,2.01258
273,9.97,20.1977,3.25962
272,9.97,20.1977,3.25962
273,7.80999,15.4287,2.60581
272,7.80999,15.4287,2.60581
273,6.06246,17.7201,2.80039
272,6.06246,17.7201,2.80039
273,6.05008,17.7923,2.87836
272,6.05008,17.7923,2.87836
273,7.46546,15.3721,1.07931
272,7.46546,15.3721,1.07931
273,6.415,17.0064,2.72092
272,6.415,17.0064,2.72092
273,17.7418,16.0005,-0.602648
272,17.7418,16.0005,-0.602648
273,23.4523,20.9528,-2.18376
272,23.4523,20.9528,-2.18376
273,23.2869,20.8521,-2.07767
272,23.2869,20.8521,-2.07767
273,6.34652,18.7546,2.22821
272,6.34652,18.7546,2.22821
273,4.23728,16.366,-3.88777
272,4.23728,16.366,-3.88777
273,4.57759,14.9213,-2.9724
272,4.57759,14.9213,-2.9724
273,5.96354,16.573,2.66498
272,5.96354,16.573,2.66498
273,5.94304,16.2587,2.67857
272,5.94304,16.2587,2.67857
273,6.34923,16.9203,2.04262
272,6.34923,16.9203,2.04262
273,15.7527,19.818,2.86859
272,15.7527,19.818,2.86859
273,15.6536,16.7247,-1.91926
272,15.6536,16.7247,-1.91926
273,6.41159,18.9534,2.35143
272,6.41159,18.9534,2.35143
273,16.8044,17.5123,-1.5342
272,16.8044,17.5123,-1.5342
273,6.08108,18.0011,2.08045
272,6.08108,18.0011,2.08045
273,4.68408,14.4431,-2.57878
272,4.68408,14.4431,-2.57878
273,7.58286,16.4585,2.02621
272,7.58286,16.4585,2.02621
273,7.57953,16.4354,2.15332
272,7.57953,16.4354,2.15332
273,6.20341,15.5539,1.97049
272,6.20341,15.5539,1.97049
273,4.42305,17.1567,-4.08754
272,4.42305,17.1567,-4.08754
273,4.38588,16.8529,-2.02724
272,4.38588,16.8529,-2.02724
273,13.5762,15.3919,-1.4322
272,13.5762,15.3919,-1.4322
273,7.92392,16.6969,1.9922
272,7.92392,16.6969,1.9922
273,5.91473,15.8471,2.61885
272,5.91473,15.8471,2.61885
273,7.98105,16.7347,2.34381
272,7.98105,16.7347,2.34381
273,9.13177,18.0157,2.90987
272,9.13177,18.0157,2.90987
273,16.0219,16.8486,-2.32018
272,16.0219,16.8486,-2.32018
273,14.7774,16.1798,-1.84682
272,14.7774,16.1798,-1.84682
273,6.63445,18.9758,2.15569
272,6.63445,18.9758,2.15569
273,8.96745,18.0731,2.29627
272,8.96745,18.0731,2.29627
273,7.78002,16.2253,2.17962
272,7.78002,16.2253,2.17962
273,7.86437,15.8055,2.14731
272,7.86437,15.8055,2.14731
273,6.48861,20.3752,2.32764
272,6.48861,20.3752,2.32764
273,6.45548,19.4828,2.42334
272,6.45548,19.4828,2.42334
273,7.3465,14.8715,0.165726
272,7.3465,14.8715,0.165726
273,13.9473,15.6726,-1.54293
272,13.9473,15.6726,-1.54293
273,9.55399,20.7032,3.31557
272,9.55399,20.7032,3.31557
273,5.11391,19.3659,-3.46034
272,5.11391,19.3659,-3.46034
273,4.39773,17.3499,2.61414
272,4.39773,17.3499,2.61414
273,4.32044,15.2089,-1.41601
272,4.32044,15.2089,-1.41601
273,5.94111,16.5439,2.30382
272,5.94111,16.5439,2.30382
273,8.57372,17.9551,2.00597
272,8.57372,17.9551,2.00597
273,15.1723,19.2185,2.7801
272,15.1723,19.2185,2.7801
273,16.2093,15.364,-0.900252
272,16.2093,15.364,-0.900252
273,5.29281,16.4083,-2.49796
272,5.29281,16.4083,-2.49796
273,15.7261,16.7129,-0.829007
272,15.7261,16.7129,-0.829007
273,6.29282,16.1325,2.62864
272,6.29282,16.1325,2.62864
273,8.61623,17.8402,-0.796625
272,8.61623,17.8402,-0.796625
273,7.42437,15.1383,0.107909
272,7.42437,15.1383,0.107909
273,16.4448,15.1737,-1.06487
272,16.4448,15.1737,-1.06487
273,9.83394,21.5643,3.41949
272,9.83394,21.5643,3.41949
273,6.09212,15.6391,2.0403
272,6.09212,15.6391,2.0403
273,8.13208,16.9497,1.92482
272,8.13208,16.9497,1.92482
273,16.0832,16.9557,-0.891255
272,16.0832,16.9557,-0.891255
273,4.31926,19.007,-4.97171
272,4.31926,19.007,-4.97171
273,6.03714,17.3541,2.3615
272,6.03714,17.3541,2.3615
273,6.04497,17.1531,2.60312
272,6.04497,17.1531,2.60312
273,6.08547,14.3699,2.37163
272,6.08547,14.3699,2.37163
273,3.74859,18.445,-1.24343
272,3.74859,18.445,-1.24343
273,4.28982,15.2303,-0.183842
272,4.28982,15.2303,-0.183842
273,15.1412,16.6163,-1.97355
272,15.1412,16.6163,-1.97355
273,17.1416,17.7202,-2.73295
272,17.1416,17.7202,-2.73295
273,17.9027,18.1044,-2.33831
272,17.9027,18.1044,-2.33831
273,9.24475,15.0076,-0.875993
272,9.24475,15.0076,-0.875993
273,4.39106,17.8245,2.28023
272,4.39106,17.8245,2.28023
273,8.03241,16.5451,1.92376
272,8.03241,16.5451,1.92376
273,9.65095,11.7895,0.0761977
272,9.65095,11.7895,0.0761977
273,16.3966,17.3053,-2.419
272,16.3966,17.3053,-2.419
273,9.15732,11.3104,0.468192
272,9.15732,11.3104,0.468192
273,16.8489,17.5839,-1.65781
272,16.8489,17.5839,-1.65781
273,16.2757,17.3862,-2.09832
272,16.2757,17.3862,-2.09832
273,4.42882,16.1408,-1.68873
272,4.42882,16.1408,-1.68873
273,4.19886,20.4773,-2.78186
272,4.19886,20.4773,-2.78186
273,9.46062,11.8228,0.130778
272,9.46062,11.8228,0.130778
273,15.7913,16.6255,-0.737769
272,15.7913,16.6255,-0.737769
273,10.1203,16.5499,-1.4357
272,10.1203,16.5499,-1.4357
273,6.75263,16.5857,1.39039
271,6.75263,16.5857,1.39039
273,7.99886,16.901,2.15719
271,7.99886,16.901,2.15719
273,6.41959,16.8861,2.13043
271,6.41959,16.8861,2.13043
273,5.98049,16.9011,2.13845
271,5.98049,16.9011,2.13845
273,7.46778,16.0064,2.01495
271,7.46778,16.0064,2.01495
273,17.7897,17.9571,-2.18665
271,17.7897,17.9571,-2.18665
273,6.62467,19.0994,2.14406
271,6.62467,19.0994,2.14406
273,6.472,17.4113,2.16789
271,6.472,17.4113,2.16789
273,7.53907,16.2755,2.13481
271,7.53907,16.2755,2.13481
273,6.46313,18.1603,2.21112
271,6.46313,18.1603,2.21112
273,13.324,17.3092,2.47341
271,13.324,17.3092,2.47341
273,17.7582,17.1924,-1.61368
271,17.7582,17.1924,-1.61368
273,6.58194,15.9087,-0.0557704
271,6.58194,15.9087,-0.0557704
273,4.1607,16.4699,-1.69112
271,4.1607,16.4699,-1.69112
273,9.73621,18.8697,1.99019
271,9.73621,18.8697,1.99019
273,9.64488,18.7565,2.30133
271,9.64488,18.7565,2.30133
273,6.47046,18.9825,2.18588
271,6.47046,18.9825,2.18588
273,4.22074,16.3924,-1.92881
271,4.22074,16.3924,-1.92881
273,4.41024,18.2945,-4.53441
271,4.41024,18.2945,-4.53441
273,13.509,14.917,-1.43214
271,13.509,14.917,-1.43214
273,11.5526,13.4943,-0.623744
271,11.5526,13.4943,-0.623744
273,4.61032,16.6479,1.9646
271,4.61032,16.6479,1.9646
273,10.4852,12.6,-0.218212
271,10.4852,12.6,-0.218212
273,25.8158,22.6301,-2.60693
271,25.8158,22.6301,-2.60693
273,7.77649,15.3382,2.07464
271,7.77649,15.3382,2.07464
273,4.22341,15.7129,-3.35397
271,4.22341,15.7129,-3.35397
273,4.01463,15.0385,-2.81409
271,4.01463,15.0385,-2.81409
273,19.3996,18.6253,-1.22138
271,19.3996,18.6253,-1.22138
273,5.31314,17.1249,-2.64808
271,5.31314,17.1249,-2.64808
273,6.26091,16.1432,2.12437
271,6.26091,16.1432,2.12437
273,4.10925,16.3746,-2.87373
271,4.10925,16.3746,-2.87373
273,4.44519,17.9097,2.03132
271,4.44519,17.9097,2.03132
273,4.25859,15.5198,-1.01607
271,4.25859,15.5198,-1.01607
273,5.28328,16.2668,-2.4128
271,5.28328,16.2668,-2.4128
273,17.2423,15.7565,-1.14985
271,17.2423,15.7565,-1.14985
273,16.2049,15.0667,-0.284385
271,16.2049,15.0667,-0.284385
273,4.09509,16.4729,-1.59089
271,4.09509,16.4729,-1.59089
273,4.1631,16.0031,-1.806
271,4.1631,16.0031,-1.806
273,7.56642,16.3297,2.02731
270,7.56642,16.3297,2.02731
273,12.8744,16.7628,2.43692
270,12.8744,16.7628,2.43692
273,6.24072,17.9683,2.5436
270,6.24072,17.9683,2.5436
273,6.40252,17.6934,2.09415
270,6.40252,17.6934,2.09415
273,14.8141,15.7919,-1.29552
270,14.8141,15.7919,-1.29552
273,4.62767,16.5671,1.35356
270,4.62767,16.5671,1.35356
273,4.20215,15.9071,-1.42027
270,4.20215,15.9071,-1.42027
273,8.62952,10.9062,0.686753
270,8.62952,10.9062,0.686753
273,9.22643,12.653,2.05856
270,9.22643,12.653,2.05856
273,10.2781,16.7859,-1.58979
268,10.2781,16.7859,-1.58979
273,16.0103,20.2782,2.89598
268,16.0103,20.2782,2.89598
273,7.46682,15.9726,2.29054
268,7.46682,15.9726,2.29054
273,6.62439,16.9744,2.40941
268,6.62439,16.9744,2.40941
273,4.38927,17.8475,-0.18098
268,4.38927,17.8475,-0.18098
273,19.4576,17.4431,-1.69577
268,19.4576,17.4431,-1.69577
273,12.7568,26.0632,4.04195
268,12.7568,26.0632,4.04195
273,9.08999,21.703,3.45673
268,9.08999,21.703,3.45673
273,5.97697,16.1549,2.19907
268,5.97697,16.1549,2.19907
273,16.0647,17.0562,-2.12969
266,16.0647,17.0562,-2.12969
273,6.50089,16.1379,2.01445
266,6.50089,16.1379,2.01445
273,9.67947,20.7848,2.34567
266,9.67947,20.7848,2.34567
273,9.60157,20.537,2.30656
266,9.60157,20.537,2.30656
273,16.21,15.3397,-1.02072
266,16.21,15.3397,-1.02072
273,9.40751,18.2442,2.93719
266,9.40751,18.2442,2.93719
273,10.5682,17.3253,-1.79112
266,10.5682,17.3253,-1.79112
273,10.1589,17.5047,-0.747882
263,10.1589,17.5047,-0.747882
273,18.3501,18.8605,-3.30452
263,18.3501,18.8605,-3.30452
273,13.6166,14.7809,-1.404
263,13.6166,14.7809,-1.404
273,15.5564,16.524,-2.19872
260,15.5564,16.524,-2.19872
273,16.7203,16.9546,-1.43743
260,16.7203,16.9546,-1.43743
273,15.8956,16.9117,-2.04337
257,15.8956,16.9117,-2.04337
274,5.29645,8.59988,1.5746
274,5.52941,8.6869,1.66352
274,5.46054,8.92182,1.52783
274,5.88459,11.9582,-1.63059
274,5.88416,11.9688,-1.65133
274,5.87676,11.9879,-1.64941
274,5.68557,12.1169,-1.6709
274,5.693,12.1527,-1.66628
274,5.7984,12.4666,-1.40024
274,7.95082,11.4077,-1.68203
274,6.97069,11.8895,-1.6188
274,5.79894,12.489,-1.57549
274,7.01393,11.9524,-1.66938
274,5.81105,12.633,-1.48941
274,6.55838,12.2521,-1.63701
274,6.565,12.2558,-1.6672
274,5.91378,12.596,-1.64832
274,6.5751,12.2998,-1.69144
274,5.93038,12.6566,-1.59546
274,5.86279,12.7783,-1.60695
274,5.8365,12.789,-1.62271
274,5.11024,13.0917,-1.80332
274,5.85083,12.8424,-1.67777
274,6.79894,12.3701,-1.78854
274,5.13145,13.1506,-1.79162
274,6.0523,12.8109,-1.71596
274,6.90454,12.6495,-2.01757
274,5.10295,13.562,-2.05914
274,4.70672,14.9547,1.12778
274,4.81266,14.9932,1.33794
274,4.82626,14.9216,1.12752
274,4.7107,15.1125,1.35458
274,4.82762,15.1188,1.33586
274,5.14596,13.7552,-2.08584
274,6.06656,14.708,1.45012
274,4.16843,15.8221,2.10553
274,4.85075,15.2541,1.39101
274,6.1389,14.7095,1.51602
274,6.11517,14.7571,1.4037
274,6.12121,14.7716,1.39412
274,6.05879,14.7213,1.1398
274,6.22104,14.7376,1.34084
274,6.1043,14.7515,1.17766
274,4.14758,16.0024,2.12627
274,6.09754,14.8263,1.33315
274,6.11375,14.7415,1.11463
274,6.14926,14.7978,1.25307
274,6.09958,14.8397,1.18737
274,6.18972,14.8381,1.13187
274,7.11948,13.1717,-2.43631
274,7.55631,14.5047,1.14052
274,10.2407,16.7594,-1.56041
273,10.2407,16.7594,-1.56041
274,16.1676,17.0518,-0.943272
273,16.1676,17.0518,-0.943272
274,13.6844,15.5037,-1.51295
273,13.6844,15.5037,-1.51295
274,15.8491,19.8605,2.88873
273,15.8491,19.8605,2.88873
274,15.7579,19.821,2.86454
273,15.7579,19.821,2.86454
274,13.6749,15.4493,-1.47624
273,13.6749,15.4493,-1.47624
274,7.47063,16.0121,2.01149
273,7.47063,16.0121,2.01149
274,7.46547,15.9845,2.10258
273,7.46547,15.9845,2.10258
274,10.2459,21.0097,2.22833
273,10.2459,21.0097,2.22833
274,6.39006,16.3847,2.06365
273,6.39006,16.3847,2.06365
274,6.60934,19.3077,2.14914
273,6.60934,19.3077,2.14914
274,6.58377,19.1174,2.429
273,6.58377,19.1174,2.429
274,6.46359,16.9116,2.09697
273,6.46359,16.9116,2.09697
274,6.21385,15.4016,2.06261
273,6.21385,15.4016,2.06261
274,5.96084,16.7874,2.13293
273,5.96084,16.7874,2.13293
274,6.29815,15.7041,2.0376
273,6.29815,15.7041,2.0376
274,14.9082,18.8749,2.47954
273,14.9082,18.8749,2.47954
274,15.4646,16.5223,-1.76164
273,15.4646,16.5223,-1.76164
274,20.6625,19.3844,-1.53384
273,20.6625,19.3844,-1.53384
274,6.63094,19.5697,2.27072
273,6.63094,19.5697,2.27072
274,5.39577,15.9873,-2.12693
273,5.39577,15.9873,-2.12693
274,7.56653,16.3767,2.02341
273,7.56653,16.3767,2.02341
274,7.7008,16.0232,2.20048
273,7.7008,16.0232,2.20048
274,10.171,20.0851,3.23152
273,10.171,20.0851,3.23152
274,17.17,17.6347,-2.03284
273,17.17,17.6347,-2.03284
274,16.4776,15.1676,-0.951118
273,16.4776,15.1676,-0.951118
274,5.99976,16.8446,2.5027
273,5.99976,16.8446,2.5027
274,6.32233,16.3008,2.01433
273,6.32233,16.3008,2.01433
274,15.5807,16.638,-1.32502
273,15.5807,16.638,-1.32502
274,17.6006,15.9131,-0.586277
273,17.6006,15.9131,-0.586277
274,6.27861,17.8246,2.29873
273,6.27861,17.8246,2.29873
274,6.21814,17.6263,2.1798
273,6.21814,17.6263,2.1798
274,6.55358,18.079,2.09287
273,6.55358,18.079,2.09287
274,6.33047,16.3581,2.01899
273,6.33047,16.3581,2.01899
274,16.025,16.8509,-2.32394
273,16.025,16.8509,-2.32394
274,17.6231,18.0274,-1.92554
273,17.6231,18.0274,-1.92554
274,19.9832,19.033,-1.38813
273,19.9832,19.033,-1.38813
274,15.6465,19.6999,2.8496
273,15.6465,19.6999,2.8496
274,5.40832,16.902,-2.57154
273,5.40832,16.902,-2.57154
274,5.48593,18.4115,-3.06456
273,5.48593,18.4115,-3.06456
274,22.8857,20.5796,-2.02608
273,22.8857,20.5796,-2.02608
274,4.39556,18.2017,-4.8707
273,4.39556,18.2017,-4.8707
274,14.7804,16.1827,-1.85029
273,14.7804,16.1827,-1.85029
274,17.372,16.0103,-1.16862
273,17.372,16.0103,-1.16862
274,13.7107,15.4841,-1.51076
273,13.7107,15.4841,-1.51076
274,4.83057,22.9664,-5.90796
273,4.83057,22.9664,-5.90796
274,4.19276,16.6796,0.0457844
273,4.19276,16.6796,0.0457844
274,6.0911,17.7709,2.61479
273,6.0911,17.7709,2.61479
274,4.59674,16.8478,1.99259
273,4.59674,16.8478,1.99259
274,7.99854,16.8016,2.77201
273,7.99854,16.8016,2.77201
274,4.21151,20.0462,-6.30654
273,4.21151,20.0462,-6.30654
274,16.025,16.8509,-2.32394
273,16.025,16.8509,-2.32394
274,4.95196,17.8255,-3.22238
273,4.95196,17.8255,-3.22238
274,15.665,19.7291,2.83678
273,15.665,19.7291,2.83678
274,7.27705,15.5172,1.97445
273,7.27705,15.5172,1.97445
274,18.2114,16.9014,-2.46801
273,18.2114,16.9014,-2.46801
274,4.39962,17.786,-1.78954
273,4.39962,17.786,-1.78954
274,14.9371,16.4666,-1.94326
273,14.9371,16.4666,-1.94326
274,4.17681,15.9352,-1.44524
273,4.17681,15.9352,-1.44524
274,16.7812,17.4348,-1.06776
273,16.7812,17.4348,-1.06776
274,16.9916,17.6304,-2.63183
273,16.9916,17.6304,-2.63183
274,15.7704,14.8029,-0.255935
273,15.7704,14.8029,-0.255935
274,10.1877,16.6705,-1.49818
273,10.1877,16.6705,-1.49818
274,4.14858,16.2181,-0.492752
273,4.14858,16.2181,-0.492752
274,4.192,15.9222,-0.384251
273,4.192,15.9222,-0.384251
274,17.0867,17.4734,-2.06093
273,17.0867,17.4734,-2.06093
274,16.1064,17.2793,-2.01287
273,16.1064,17.2793,-2.01287
274,15.5506,19.6578,2.67224
273,15.5506,19.6578,2.67224
274,15.5761,19.7195,2.87688
273,15.5761,19.7195,2.87688
274,15.5198,16.8551,-2.14566
273,15.5198,16.8551,-2.14566
274,8.81563,18.5474,1.91467
272,8.81563,18.5474,1.91467
274,6.23971,14.9712,1.69069
272,6.23971,14.9712,1.69069
274,5.89447,15.8862,2.03209
272,5.89447,15.8862,2.03209
274,15.956,16.8956,-1.33242
272,15.956,16.8956,-1.33242
274,5.88239,15.8177,2.01518
272,5.88239,15.8177,2.01518
274,9.47532,19.5372,2.34479
272,9.47532,19.5372,2.34479
274,10.2771,12.3961,-0.115398
272,10.2771,12.3961,-0.115398
274,15.6572,16.727,-1.92277
272,15.6572,16.727,-1.92277
274,8.49466,17.3998,-0.668778
272,8.49466,17.3998,-0.668778
274,9.78401,17.1259,2.2855
272,9.78401,17.1259,2.2855
274,9.22443,14.9519,1.10378
272,9.22443,14.9519,1.10378
274,4.32243,14.7907,-1.07981
272,4.32243,14.7907,-1.07981
274,7.0044,22.1543,2.25801
272,7.0044,22.1543,2.25801
274,6.50197,17.6776,2.18499
272,6.50197,17.6776,2.18499
274,6.40601,16.8955,2.7299
272,6.40601,16.8955,2.7299
274,5.92518,13.0851,1.41858
272,5.92518,13.0851,1.41858
274,15.6572,16.727,-1.92277
272,15.6572,16.727,-1.92277
274,6.40946,16.8454,2.15328
272,6.40946,16.8454,2.15328
274,7.77153,16.1791,1.96957
272,7.77153,16.1791,1.96957
274,15.7115,16.7821,-1.38805
272,15.7115,16.7821,-1.38805
274,7.72547,16.2221,1.02775
272,7.72547,16.2221,1.02775
274,4.5293,15.5541,2.39764
272,4.5293,15.5541,2.39764
274,15.6545,19.6822,2.62421
272,15.6545,19.6822,2.62421
274,5.40383,16.357,-2.11323
272,5.40383,16.357,-2.11323
274,8.44347,18.2867,2.86356
272,8.44347,18.2867,2.86356
274,9.45407,18.3674,2.95451
272,9.45407,18.3674,2.95451
274,16.7137,15.4047,-1.11182
272,16.7137,15.4047,-1.11182
274,4.15385,16.181,-2.73324
272,4.15385,16.181,-2.73324
274,4.05518,17.0899,-1.59001
272,4.05518,17.0899,-1.59001
274,4.66104,16.5125,-3.06894
272,4.66104,16.5125,-3.06894
274,4.90806,16.0112,-3.57265
272,4.90806,16.0112,-3.57265
274,4.521,15.0496,-2.8094
272,4.521,15.0496,-2.8094
274,4.2012,17.2844,-1.96537
272,4.2012,17.2844,-1.96537
274,4.56494,14.6991,-2.54628
272,4.56494,14.6991,-2.54628
274,4.22832,15.6668,-2.38374
272,4.22832,15.6668,-2.38374
274,14.6627,15.9699,-1.72362
271,14.6627,15.9699,-1.72362
274,15.5325,16.5888,-1.71436
271,15.5325,16.5888,-1.71436
274,16.9382,17.6191,-1.56211
271,16.9382,17.6191,-1.56211
274,6.50666,15.4525,0.0405917
271,6.50666,15.4525,0.0405917
274,6.72494,12.1869,-1.62663
271,6.72494,12.1869,-1.62663
274,15.9147,14.8569,-0.696383
271,15.9147,14.8569,-0.696383
274,6.01287,16.1631,2.00031
271,6.01287,16.1631,2.00031
274,4.12386,15.9226,-1.62239
271,4.12386,15.9226,-1.62239
274,6.28854,19.3652,2.66906
271,6.28854,19.3652,2.66906
274,4.39931,19.2052,-2.28334
271,4.39931,19.2052,-2.28334
274,13.4566,14.8846,-0.651345
271,13.4566,14.8846,-0.651345
274,4.16836,16.5521,-1.9917
271,4.16836,16.5521,-1.9917
274,4.2119,15.7959,-1.09179
271,4.2119,15.7959,-1.09179
274,16.2227,17.1523,-1.43667
271,16.2227,17.1523,-1.43667
274,13.4387,13.9825,-0.470615
271,13.4387,13.9825,-0.470615
274,9.09914,19.4392,2.41971
271,9.09914,19.4392,2.41971
274,4.45285,15.575,-3.32352
271,4.45285,15.575,-3.32352
274,8.20186,16.6454,2.16758
271,8.20186,16.6454,2.16758
274,15.6278,16.6707,-1.5478
270,15.6278,16.6707,-1.5478
274,16.0098,16.9801,-1.59305
270,16.0098,16.9801,-1.59305
274,9.83254,13.7203,1.16658
270,9.83254,13.7203,1.16658
274,10.7259,17.5182,-1.8433
270,10.7259,17.5182,-1.8433
274,15.1706,16.4319,-1.777
270,15.1706,16.4319,-1.777
274,8.66906,17.5188,2.21037
270,8.66906,17.5188,2.21037
274,16.216,16.9752,-0.898386
270,16.216,16.9752,-0.898386
274,10.7965,17.6783,-1.91575
270,10.7965,17.6783,-1.91575
274,13.419,14.9151,-1.22854
268,13.419,14.9151,-1.22854
274,14.976,16.1073,-1.60701
268,14.976,16.1073,-1.60701
274,16.9753,21.4081,3.01216
268,16.9753,21.4081,3.01216
274,16.2081,17.149,-2.47308
268,16.2081,17.149,-2.47308
274,20.6204,19.4785,-1.49448
268,20.6204,19.4785,-1.49448
274,15.182,16.241,-0.696375
268,15.182,16.241,-0.696375
274,10.0313,16.2301,-1.35403
268,10.0313,16.2301,-1.35403
274,13.6492,14.7978,-1.48113
268,13.6492,14.7978,-1.48113
274,10.9553,12.8438,-0.268676
268,10.9553,12.8438,-0.268676
274,17.98,18.0747,-2.24467
266,17.98,18.0747,-2.24467
274,19.3678,18.8688,-2.05711
266,19.3678,18.8688,-2.05711
274,19.2909,18.4846,-2.10964
266,19.2909,18.4846,-2.10964
274,16.9286,16.982,-0.935535
266,16.9286,16.982,-0.935535
274,8.98528,14.5856,1.39111
266,8.98528,14.5856,1.39111
274,17.0588,15.6382,-0.597124
266,17.0588,15.6382,-0.597124
274,15.6814,14.684,-1.69395
263,15.6814,14.684,-1.69395
274,14.1321,15.4031,-1.56998
260,14.1321,15.4031,-1.56998
274,16.5412,17.4192,-1.66578
257,16.5412,17.4192,-1.66578
274,15.7588,16.5592,-2.00249
257,15.7588,16.5592,-2.00249
275,5.28185,8.56893,1.67144
275,5.11403,8.74202,1.54602
275,5.20921,8.70006,1.54217
275,5.12101,8.78557,1.54705
275,5.39906,11.8077,-1.53375
275,7.90221,10.6856,-1.65024
275,5.40822,11.8903,-1.60789
275,5.97596,11.6691,-1.60612
275,5.90622,11.7186,-1.65903
275,5.9084,11.7271,-1.66689
275,5.94132,11.7406,-1.62692
275,5.65081,11.8794,-1.65429
275,5.97912,11.7635,-1.60487
275,5.99267,11.7575,-1.60929
275,5.66684,11.8887,-1.66773
275,5.64912,11.8999,-1.66327
275,6.0571,11.7247,-1.63725
275,5.99738,11.7679,-1.62684
275,6.05128,11.7398,-1.65344
275,6.05616,11.7519,-1.61961
275,6.04961,11.7697,-1.6013
275,5.96305,11.8245,-1.64512
275,6.00056,11.8195,-1.62383
275,5.9254,11.8542,-1.63795
275,8.90321,10.5342,-1.50566
275,5.89034,11.9203,-1.60442
275,5.92366,11.8916,-1.65135
275,6.03602,11.8663,-1.63497
275,5.99989,11.8623,-1.69142
275,5.89063,11.9504,-1.63031
275,5.88125,11.9577,-1.63727
275,8.969,10.5837,-1.55973
275,5.90142,11.9781,-1.65639
275,5.69306,12.0899,-1.6539
275,6.04622,11.9486,-1.65518
275,5.70825,12.1171,-1.64906
275,5.69608,12.1368,-1.67151
275,5.89333,12.0683,-1.68523
275,6.05974,11.9871,-1.69865
275,6.02382,12.0286,-1.63997
275,8.41862,11.1851,-0.996428
275,6.08874,12.0249,-1.65872
275,6.03637,12.0663,-1.67592
275,6.04377,12.0787,-1.68461
275,6.09848,12.0753,-1.70017
275,7.06608,11.7395,-1.68503
275,6.88939,11.7905,-2.00722
275,5.82863,12.5815,-1.65635
275,5.82445,12.6172,-1.62055
275,5.86299,12.6046,-1.68254
275,5.13479,12.9475,-1.70066
275,6.74307,12.2287,-1.67329
275,5.09661,12.9296,-1.91402
275,6.02682,12.7145,-1.57508
275,6.05505,12.7827,-1.63134
275,3.93278,15.0122,1.16594
275,3.91488,15.1046,1.2559
275,4.2063,15.4522,2.12778
275,6.19035,14.6949,1.47324
275,6.12009,14.7182,1.40514
275,6.20005,14.769,1.47077
275,6.14316,14.8101,1.39348
275,6.09241,14.726,1.10717
275,6.11536,14.8502,1.44908
275,6.13107,14.7753,1.14273
275,6.15899,14.784,1.12789
275,6.18209,14.7704,1.10131
275,7.87411,13.0784,-1.45256
275,10.2488,16.7237,-1.56022
273,10.2488,16.7237,-1.56022
275,10.5777,17.292,-1.7645
273,10.5777,17.292,-1.7645
275,10.4335,14.4064,1.14727
273,10.4335,14.4064,1.14727
275,13.8512,15.6302,-1.55014
273,13.8512,15.6302,-1.55014
275,6.27277,15.8124,1.99621
273,6.27277,15.8124,1.99621
275,13.6945,15.4447,-1.48749
273,13.6945,15.4447,-1.48749
275,7.76007,12.8942,-1.39306
273,7.76007,12.8942,-1.39306
275,8.00993,13.3481,-1.55176
273,8.00993,13.3481,-1.55176
275,17.4394,17.8998,-1.84979
273,17.4394,17.8998,-1.84979
275,6.08606,17.3304,2.10634
273,6.08606,17.3304,2.10634
275,7.5895,16.386,2.11953
273,7.5895,16.386,2.11953
275,16.9579,17.4262,-1.95406
273,16.9579,17.4262,-1.95406
275,7.92258,13.2092,-1.46178
273,7.92258,13.2092,-1.46178
275,16.3774,17.1864,-0.971135
273,16.3774,17.1864,-0.971135
275,5.94413,16.1729,1.99857
273,5.94413,16.1729,1.99857
275,9.23468,15.8342,1.77432
273,9.23468,15.8342,1.77432
275,14.7924,16.1923,-1.853
273,14.7924,16.1923,-1.853
275,6.14954,16.6821,2.10774
273,6.14954,16.6821,2.10774
275,5.9869,15.9657,2.08248
273,5.9869,15.9657,2.08248
275,10.8735,14.5145,2.27528
273,10.8735,14.5145,2.27528
275,16.9892,15.527,-0.517733
273,16.9892,15.527,-0.517733
275,5.91963,15.9007,2.0747
273,5.91963,15.9007,2.0747
275,8.96136,17.0455,2.82236
273,8.96136,17.0455,2.82236
275,11.3426,22.7266,3.57465
273,11.3426,22.7266,3.57465
275,17.1812,17.6456,-2.0359
273,17.1812,17.6456,-2.0359
275,16.2079,16.973,-1.50551
273,16.2079,16.973,-1.50551
275,16.2613,15.1996,-0.951942
273,16.2613,15.1996,-0.951942
275,6.31344,16.2965,2.00115
273,6.31344,16.2965,2.00115
275,6.37773,16.9815,2.05087
273,6.37773,16.9815,2.05087
275,15.5055,16.5979,-1.32588
273,15.5055,16.5979,-1.32588
275,14.9202,18.8833,2.47757
273,14.9202,18.8833,2.47757
275,5.38377,17.9797,-3.32667
273,5.38377,17.9797,-3.32667
275,5.37805,18.1705,-3.43671
273,5.37805,18.1705,-3.43671
275,5.86513,15.4543,2.05127
273,5.86513,15.4543,2.05127
275,10.2875,13.8755,2.21038
273,10.2875,13.8755,2.21038
275,15.2983,19.313,2.80764
273,15.2983,19.313,2.80764
275,14.7924,16.1923,-1.853
273,14.7924,16.1923,-1.853
275,11.8549,13.5424,-0.77276
273,11.8549,13.5424,-0.77276
275,7.72953,16.0278,2.15846
273,7.72953,16.0278,2.15846
275,6.14954,16.6821,2.10774
273,6.14954,16.6821,2.10774
275,4.14949,17.3739,-4.55427
273,4.14949,17.3739,-4.55427
275,16.6665,17.4075,-1.4777
273,16.6665,17.4075,-1.4777
275,9.83822,20.5412,2.15026
273,9.83822,20.5412,2.15026
275,16.409,15.1446,-1.07135
273,16.409,15.1446,-1.07135
275,16.6667,15.3369,-1.18755
273,16.6667,15.3369,-1.18755
275,10.3001,14.2613,1.1508
273,10.3001,14.2613,1.1508
275,9.00876,14.6118,1.11043
273,9.00876,14.6118,1.11043
275,4.41947,17.1199,-4.03883
273,4.41947,17.1199,-4.03883
275,6.6244,17.5009,2.12195
273,6.6244,17.5009,2.12195
275,13.9415,15.6107,-1.57063
273,13.9415,15.6107,-1.57063
275,5.06926,21.1203,-4.58844
273,5.06926,21.1203,-4.58844
275,20.2213,19.2159,-1.39798
273,20.2213,19.2159,-1.39798
275,4.17572,17.1282,-4.36578
273,4.17572,17.1282,-4.36578
275,16.3384,35.3382,3.41695
273,16.3384,35.3382,3.41695
275,10.8874,12.7693,-0.412283
273,10.8874,12.7693,-0.412283
275,4.19288,15.8416,-0.304631
273,4.19288,15.8416,-0.304631
275,10.3001,14.2613,1.1508
273,10.3001,14.2613,1.1508
275,8.37846,13.5483,1.22966
273,8.37846,13.5483,1.22966
275,14.6982,18.6988,2.53031
273,14.6982,18.6988,2.53031
275,14.7325,18.7713,2.72631
273,14.7325,18.7713,2.72631
275,16.6167,15.341,-0.90886
273,16.6167,15.341,-0.90886
275,15.5678,19.6342,2.64613
273,15.5678,19.6342,2.64613
275,15.5904,19.6894,2.8159
273,15.5904,19.6894,2.8159
275,4.20521,16.1148,-1.78724
273,4.20521,16.1148,-1.78724
275,17.49,15.8715,-1.10119
273,17.49,15.8715,-1.10119
275,15.0375,16.5314,-1.94896
273,15.0375,16.5314,-1.94896
275,4.45166,15.3566,-3.05917
273,4.45166,15.3566,-3.05917
275,16.3825,17.1661,-2.34835
273,16.3825,17.1661,-2.34835
275,16.1365,17.0906,-2.2966
273,16.1365,17.0906,-2.2966
275,16.028,17.1883,-1.98201
273,16.028,17.1883,-1.98201
275,4.17978,16.1006,-0.446412
273,4.17978,16.1006,-0.446412
275,7.93455,16.2086,1.9175
273,7.93455,16.2086,1.9175
275,4.19177,15.9359,-1.42638
273,4.19177,15.9359,-1.42638
275,16.6448,17.43,-1.55606
273,16.6448,17.43,-1.55606
275,10.9957,13.1081,-0.466552
273,10.9957,13.1081,-0.466552
275,12.5739,16.3243,2.32889
273,12.5739,16.3243,2.32889
275,14.8859,16.189,-1.92661
272,14.8859,16.189,-1.92661
275,15.6685,16.7369,-1.92514
272,15.6685,16.7369,-1.92514
275,16.3264,17.2698,-2.53438
272,16.3264,17.2698,-2.53438
275,11.1861,12.8918,-0.167343
272,11.1861,12.8918,-0.167343
275,13.2725,14.8022,-1.35515
272,13.2725,14.8022,-1.35515
275,7.98547,16.8134,2.21032
272,7.98547,16.8134,2.21032
275,15.6439,16.7045,-1.37251
272,15.6439,16.7045,-1.37251
275,4.14697,16.2992,-2.80235
272,4.14697,16.2992,-2.80235
275,4.30549,15.6927,-1.34229
272,4.30549,15.6927,-1.34229
275,16.5731,15.2704,-1.08425
272,16.5731,15.2704,-1.08425
275,15.7099,14.7684,-0.231932
272,15.7099,14.7684,-0.231932
275,16.261,15.0601,-1.91721
272,16.261,15.0601,-1.91721
275,5.37555,16.579,-2.38153
272,5.37555,16.579,-2.38153
275,5.37256,17.2729,-2.50692
272,5.37256,17.2729,-2.50692
275,11.4958,13.2596,0.202584
272,11.4958,13.2596,0.202584
275,8.031,16.0999,2.04323
272,8.031,16.0999,2.04323
275,4.07056,17.047,-1.63663
272,4.07056,17.047,-1.63663
275,7.40702,15.2204,1.08203
274,7.40702,15.2204,1.08203
275,7.69703,16.1374,1.00593
274,7.69703,16.1374,1.00593
275,16.5905,17.3016,-1.47878
274,16.5905,17.3016,-1.47878
275,6.08199,16.1955,2.07463
274,6.08199,16.1955,2.07463
275,15.4318,16.589,-1.83671
274,15.4318,16.589,-1.83671
275,5.06334,19.6942,-3.91676
274,5.06334,19.6942,-3.91676
275,9.96451,21.816,2.22008
274,9.96451,21.816,2.22008
275,6.98703,22.0687,2.22488
274,6.98703,22.0687,2.22488
275,5.58145,21.2822,-4.08973
274,5.58145,21.2822,-4.08973
275,10.0216,20.2878,3.22346
274,10.0216,20.2878,3.22346
275,10.2829,16.7918,-1.54962
274,10.2829,16.7918,-1.54962
275,16.1566,17.1273,-1.88572
274,16.1566,17.1273,-1.88572
275,19.7318,18.695,-1.30506
274,19.7318,18.695,-1.30506
275,4.30355,16.8243,-4.338
274,4.30355,16.8243,-4.338
275,4.58225,16.4862,-4.35968
274,4.58225,16.4862,-4.35968
275,5.02126,26.0208,-6.99679
274,5.02126,26.0208,-6.99679
275,5.69023,24.3412,-5.41553
274,5.69023,24.3412,-5.41553
275,4.1812,15.6923,-3.65677
274,4.1812,15.6923,-3.65677
275,4.67735,15.0222,1.91467
274,4.67735,15.0222,1.91467
275,4.25452,15.1159,-3.24044
274,4.25452,15.1159,-3.24044
275,4.25596,17.0213,-4.51784
274,4.25596,17.0213,-4.51784
275,4.36077,15.9269,-3.70942
274,4.36077,15.9269,-3.70942
275,4.73598,13.2082,-1.96111
274,4.73598,13.2082,-1.96111
275,15.4318,16.589,-1.83671
274,15.4318,16.589,-1.83671
275,4.1424,16.4148,-1.25121
274,4.1424,16.4148,-1.25121
275,4.18322,19.5651,-5.71358
274,4.18322,19.5651,-5.71358
275,4.23867,19.8985,-6.17092
274,4.23867,19.8985,-6.17092
275,15.6566,16.6726,-1.24884
274,15.6566,16.6726,-1.24884
275,4.76091,18.1763,-4.98475
274,4.76091,18.1763,-4.98475
275,4.13678,22.1458,-7.51712
274,4.13678,22.1458,-7.51712
275,4.58754,14.7872,-2.61994
274,4.58754,14.7872,-2.61994
275,4.668,17.5687,-3.33721
274,4.668,17.5687,-3.33721
275,4.14696,19.0544,-6.0135
274,4.14696,19.0544,-6.0135
275,4.75365,17.9164,-4.82996
274,4.75365,17.9164,-4.82996
275,4.22248,18.2241,-5.42214
274,4.22248,18.2241,-5.42214
275,4.03269,17.3346,-1.59621
274,4.03269,17.3346,-1.59621
275,5.16563,13.638,-1.69527
274,5.16563,13.638,-1.69527
275,17.0252,17.3935,-2.03248
274,17.0252,17.3935,-2.03248
275,4.28722,15.9799,0.205641
274,4.28722,15.9799,0.205641
275,5.16208,13.4079,-1.54507
274,5.16208,13.4079,-1.54507
275,6.24446,16.2782,2.09797
274,6.24446,16.2782,2.09797
275,10.1887,16.6222,-1.50401
271,10.1887,16.6222,-1.50401
275,8.94787,14.4721,1.13997
271,8.94787,14.4721,1.13997
275,7.99547,13.3074,-1.65358
271,7.99547,13.3074,-1.65358
275,10.4603,17.1082,-1.68785
271,10.4603,17.1082,-1.68785
275,9.66912,16.6911,1.65831
271,9.66912,16.6911,1.65831
275,6.39538,16.2398,1.69371
271,6.39538,16.2398,1.69371
275,8.27361,17.2723,2.25016
271,8.27361,17.2723,2.25016
275,6.4597,17.3839,2.14882
271,6.4597,17.3839,2.14882
275,4.16215,16.2047,-1.41252
271,4.16215,16.2047,-1.41252
275,4.18147,16.0924,-1.3504
271,4.18147,16.0924,-1.3504
275,4.2628,15.2639,-1.23804
271,4.2628,15.2639,-1.23804
275,10.0292,17.0027,-1.5105
270,10.0292,17.0027,-1.5105
275,11.382,13.1632,-0.0218759
270,11.382,13.1632,-0.0218759
275,13.9397,15.4086,-1.3297
270,13.9397,15.4086,-1.3297
275,15.1085,16.3417,-1.91047
268,15.1085,16.3417,-1.91047
275,6.39994,16.6523,2.0451
268,6.39994,16.6523,2.0451
275,15.2028,16.273,-0.762961
268,15.2028,16.273,-0.762961
275,16.0993,17.0704,-2.42497
268,16.0993,17.0704,-2.42497
275,14.3552,15.5906,-0.535451
268,14.3552,15.5906,-0.535451
275,7.6045,16.5049,2.04417
268,7.6045,16.5049,2.04417
275,15.9292,16.8508,-1.35073
268,15.9292,16.8508,-1.35073
275,12.1879,15.8925,2.27113
266,12.1879,15.8925,2.27113
275,16.2168,15.0557,-0.805899
266,16.2168,15.0557,-0.805899
275,10.2915,20.9899,2.17453
266,10.2915,20.9899,2.17453
275,10.4824,15.0724,0.034741
263,10.4824,15.0724,0.034741
275,10.472,15.0564,0.0304381
263,10.472,15.0564,0.0304381
275,17.1282,17.8756,-2.21523
263,17.1282,17.8756,-2.21523
275,16.3075,17.1043,-2.53229
257,16.3075,17.1043,-2.53229
276,5.13658,8.47106,1.70165
276,5.13482,8.46881,1.69308
276,5.13494,8.46983,1.69258
276,5.396,9.18795,1.40874
276,7.87165,10.5548,-1.68145
276,7.85168,10.634,-1.60097
276,7.85651,10.6332,-1.61173
276,7.85785,10.6416,-1.59676
276,7.86071,10.6448,-1.61074
276,7.90538,10.5893,-1.70354
276,6.70537,11.1075,-1.83346
276,7.90573,10.661,-1.65005
276,5.9868,11.5776,-1.60494
276,7.89058,10.6786,-1.65475
276,5.96084,11.6072,-1.59501
276,5.99238,11.5874,-1.62098
276,7.93354,10.6326,-1.7441
276,6.0027,11.6063,-1.64513
276,6.00873,11.6347,-1.6184
276,5.97249,11.681,-1.59597
276,6.01455,11.661,-1.6446
276,6.50212,11.3702,-1.81431
276,5.98063,11.7059,-1.60285
276,5.66838,11.865,-1.61839
276,5.91245,11.819,-1.50177
276,5.91378,11.8108,-1.58145
276,5.65547,11.8964,-1.67247
276,5.67281,11.9103,-1.65779
276,5.98456,11.8005,-1.63073
276,6.00416,11.774,-1.67392
276,5.68539,12.0382,-1.59796
276,6.07737,11.8447,-1.65762
276,5.88767,11.9606,-1.60584
276,5.96695,12.4691,-1.42618
276,7.00929,11.9266,-1.65645
276,5.89128,12.5301,-1.47886
276,6.54789,12.2036,-1.60937
276,5.78112,12.5476,-1.64607
276,5.79581,12.6043,-1.63688
276,5.83504,12.5899,-1.65583
276,5.79897,12.7677,-1.61612
276,5.86753,12.8075,-1.6234
276,6.03456,12.7646,-1.61529
276,6.04254,12.7694,-1.63323
276,6.0454,12.8106,-1.66499
276,3.90325,15.171,1.25585
276,5.12877,13.2494,-2.24859
276,3.91269,15.3399,1.26732
276,5.13674,13.4505,-1.97559
276,4.21799,15.421,1.24009
276,4.25115,15.4701,1.23215
276,6.16621,14.7989,1.54258
276,4.92233,14.9377,0.384016
276,4.21263,15.7341,1.23968
276,4.20857,15.7662,1.20642
276,6.24531,14.9323,1.3275
276,10.1471,16.5801,-1.48224
275,10.1471,16.5801,-1.48224
276,13.8574,15.632,-1.55332
275,13.8574,15.632,-1.55332
276,17.4466,17.8999,-1.85443
275,17.4466,17.8999,-1.85443
276,16.5977,17.3019,-1.4831
275,16.5977,17.3019,-1.4831
276,16.5101,17.2984,-1.03393
275,16.5101,17.2984,-1.03393
276,8.1949,16.922,2.04829
275,8.1949,16.922,2.04829
276,9.30733,19.9789,2.16575
275,9.30733,19.9789,2.16575
276,6.36248,14.7285,0.198635
275,6.36248,14.7285,0.198635
276,7.5815,14.7492,1.40491
275,7.5815,14.7492,1.40491
276,9.54242,16.4723,1.7825
275,9.54242,16.4723,1.7825
276,5.37093,23.6627,-5.48966
275,5.37093,23.6627,-5.48966
276,6.00826,16.6934,2.02299
275,6.00826,16.6934,2.02299
276,4.9923,17.0448,-5.35308
275,4.9923,17.0448,-5.35308
276,6.1834,18.0689,2.48293
275,6.1834,18.0689,2.48293
276,6.12081,17.8644,2.15616
275,6.12081,17.8644,2.15616
276,17.0289,15.5277,-0.449903
275,17.0289,15.5277,-0.449903
276,5.50717,15.9544,0.0353491
275,5.50717,15.9544,0.0353491
276,6.00014,16.5495,2.0906
275,6.00014,16.5495,2.0906
276,4.37519,15.5409,-3.58215
275,4.37519,15.5409,-3.58215
276,4.98696,17.9445,-5.09123
275,4.98696,17.9445,-5.09123
276,4.24939,16.1034,-4.06516
275,4.24939,16.1034,-4.06516
276,7.76092,16.2531,2.0818
275,7.76092,16.2531,2.0818
276,4.33612,16.0467,-4.53785
275,4.33612,16.0467,-4.53785
276,13.3187,15.1569,-1.35787
275,13.3187,15.1569,-1.35787
276,8.74933,15.7949,-0.0740422
275,8.74933,15.7949,-0.0740422
276,16.528,15.2377,-1.09092
275,16.528,15.2377,-1.09092
276,4.11442,17.9526,-0.181446
275,4.11442,17.9526,-0.181446
276,13.6645,15.3498,-1.46271
275,13.6645,15.3498,-1.46271
276,14.8495,16.2439,-1.68796
275,14.8495,16.2439,-1.68796
276,15.8799,16.8105,-1.34732
275,15.8799,16.8105,-1.34732
276,15.7905,16.7931,-1.39525
275,15.7905,16.7931,-1.39525
276,4.21227,16.7552,-4.8218
275,4.21227,16.7552,-4.8218
276,4.62942,18.4618,-5.84447
275,4.62942,18.4618,-5.84447
276,4.47839,18.3694,2.22478
275,4.47839,18.3694,2.22478
276,6.281,15.5186,2.02551
275,6.281,15.5186,2.02551
276,4.7409,15.8105,-3.77789
275,4.7409,15.8105,-3.77789
276,4.2268,16.3446,-4.2368
275,4.2268,16.3446,-4.2368
276,5.47427,15.7661,0.0764053
275,5.47427,15.7661,0.0764053
276,4.46602,15.2099,-1.30024
275,4.46602,15.2099,-1.30024
276,4.53922,14.5076,-2.36255
275,4.53922,14.5076,-2.36255
276,4.49732,18.98,2.1728
275,4.49732,18.98,2.1728
276,4.03337,14.9941,-2.88479
275,4.03337,14.9941,-2.88479
276,4.60601,14.6637,-2.16906
275,4.60601,14.6637,-2.16906
276,4.67477,16.766,-4.64749
275,4.67477,16.766,-4.64749
276,4.53603,16.9456,-4.67143
275,4.53603,16.9456,-4.67143
276,16.2314,15.0717,-0.991966
275,16.2314,15.0717,-0.991966
276,16.2896,15.1542,-0.823861
275,16.2896,15.1542,-0.823861
276,14.4372,18.3779,2.51634
275,14.4372,18.3779,2.51634
276,16.0348,17.1891,-1.98603
275,16.0348,17.1891,-1.98603
276,4.4873,16.638,-3.43582
275,4.4873,16.638,-3.43582
276,15.1334,14.3947,-0.164236
275,15.1334,14.3947,-0.164236
276,3.81511,16.6278,-3.99427
275,3.81511,16.6278,-3.99427
276,17.0524,17.3844,-1.95973
275,17.0524,17.3844,-1.95973
276,16.0336,17.1451,-2.01402
275,16.0336,17.1451,-2.01402
276,15.5805,16.8489,-2.09769
275,15.5805,16.8489,-2.09769
276,17.6876,16.034,-1.25277
275,17.6876,16.034,-1.25277
276,17.0738,15.7777,-2.70664
275,17.0738,15.7777,-2.70664
276,8.11845,13.4791,-1.73308
275,8.11845,13.4791,-1.73308
276,15.4994,16.6097,-1.9506
274,15.4994,16.6097,-1.9506
276,16.9387,17.4332,-1.94081
274,16.9387,17.4332,-1.94081
276,6.53106,15.475,0.0234883
274,6.53106,15.475,0.0234883
276,6.27221,14.9585,1.39027
274,6.27221,14.9585,1.39027
276,15.9765,16.9062,-1.3395
274,15.9765,16.9062,-1.3395
276,8.71172,14.7361,-1.66693
274,8.71172,14.7361,-1.66693
276,17.6431,18.0382,-1.93345
274,17.6431,18.0382,-1.93345
276,14.0881,18.4369,2.71692
274,14.0881,18.4369,2.71692
276,8.88436,15.0581,-1.82617
274,8.88436,15.0581,-1.82617
276,6.20146,16.8562,2.04542
274,6.20146,16.8562,2.04542
276,6.15206,15.1352,1.15954
274,6.15206,15.1352,1.15954
276,15.6793,14.7358,-0.690613
274,15.6793,14.7358,-0.690613
276,16.7823,15.6377,-1.03004
274,16.7823,15.6377,-1.03004
276,4.69196,17.8816,-5.25477
274,4.69196,17.8816,-5.25477
276,6.01163,12.8866,-1.86694
274,6.01163,12.8866,-1.86694
276,15.4395,16.5896,-1.84057
274,15.4395,16.5896,-1.84057
276,4.15299,16.4173,-3.80674
274,4.15299,16.4173,-3.80674
276,19.3306,18.1402,-1.82373
274,19.3306,18.1402,-1.82373
276,16.769,17.4229,-2.24044
274,16.769,17.4229,-2.24044
276,15.6786,19.6904,2.61905
274,15.6786,19.6904,2.61905
276,4.33599,19.8675,-2.4952
274,4.33599,19.8675,-2.4952
276,10.5042,22.2638,2.54405
274,10.5042,22.2638,2.54405
276,17.0109,17.6417,-2.63941
274,17.0109,17.6417,-2.63941
276,4.1371,17.5686,-4.5557
274,4.1371,17.5686,-4.5557
276,4.27069,17.8846,-4.92032
274,4.27069,17.8846,-4.92032
276,17.0109,17.6417,-2.63941
274,17.0109,17.6417,-2.63941
276,9.87714,11.9906,-0.0250365
274,9.87714,11.9906,-0.0250365
276,16.1533,17.0725,-2.22862
274,16.1533,17.0725,-2.22862
276,4.07956,17.0447,-2.64407
274,4.07956,17.0447,-2.64407
276,4.18798,16.0276,-2.49714
274,4.18798,16.0276,-2.49714
276,15.7277,16.8198,-2.11425
273,15.7277,16.8198,-2.11425
276,6.53307,15.4922,0.0279687
273,6.53307,15.4922,0.0279687
276,10.8709,12.6787,-0.0755258
273,10.8709,12.6787,-0.0755258
276,13.55,17.3558,2.63429
273,13.55,17.3558,2.63429
276,12.908,14.3815,-1.16544
273,12.908,14.3815,-1.16544
276,19.7401,17.6478,-1.7356
273,19.7401,17.6478,-1.7356
276,11.3883,13.3472,-0.599099
273,11.3883,13.3472,-0.599099
276,17.9816,17.4373,-1.68279
273,17.9816,17.4373,-1.68279
276,9.54223,15.5633,-1.10113
273,9.54223,15.5633,-1.10113
276,11.6934,15.3209,2.36285
273,11.6934,15.3209,2.36285
276,11.0211,18.0498,-2.01142
273,11.0211,18.0498,-2.01142
276,16.3922,17.4079,-1.67584
273,16.3922,17.4079,-1.67584
276,15.5055,16.4986,-0.676441
273,15.5055,16.4986,-0.676441
276,4.14378,16.3147,-1.54615
273,4.14378,16.3147,-1.54615
276,14.4658,15.4951,-1.20377
272,14.4658,15.4951,-1.20377
276,3.27422,29.6353,-2.45134
272,3.27422,29.6353,-2.45134
276,4.15413,16.3247,-2.83338
272,4.15413,16.3247,-2.83338
276,9.37644,11.6361,0.286931
272,9.37644,11.6361,0.286931
276,16.4552,15.3202,-0.981257
270,16.4552,15.3202,-0.981257
276,16.3498,17.1966,-1.46588
270,16.3498,17.1966,-1.46588
276,18.2334,23.1478,3.19962
270,18.2334,23.1478,3.19962
276,9.00089,14.5542,1.11196
268,9.00089,14.5542,1.11196
276,15.3586,14.5154,-0.144971
268,15.3586,14.5154,-0.144971
276,10.6584,17.4156,-1.77434
268,10.6584,17.4156,-1.77434
276,20.8316,19.186,-2.22713
268,20.8316,19.186,-2.22713
276,9.91016,16.7305,-1.38095
266,9.91016,16.7305,-1.38095
276,16.1259,20.2259,2.88745
266,16.1259,20.2259,2.88745
276,20.7094,19.5682,-1.52849
263,20.7094,19.5682,-1.52849
276,18.602,17.4886,-1.72656
263,18.602,17.4886,-1.72656
276,16.7155,17.4198,-2.62904
260,16.7155,17.4198,-2.62904
277,4.79979,8.34813,1.68609
277,4.85306,8.41133,1.35711
277,6.44663,11.0477,-1.72829
277,6.47861,11.0438,-1.72401
277,6.45895,11.0535,-1.73545
277,9.08207,9.8632,-1.71937
277,5.59661,11.6413,-1.4701
277,6.67736,11.0208,-1.72675
277,5.94888,11.5352,-1.41329
277,7.877,10.5634,-1.65346
277,7.83035,10.6162,-1.58339
277,7.84967,10.6198,-1.57963
277,5.2132,11.8808,-1.6274
277,7.90472,10.6021,-1.67913
277,6.71872,11.1154,-1.82057
277,5.17718,11.932,-1.63663
277,5.90674,11.6196,-1.61553
277,7.90733,10.6784,-1.65389
277,5.92316,11.6797,-1.65271
277,5.98716,11.6822,-1.59884
277,5.64682,11.8364,-1.62789
277,5.66656,11.7949,-1.71444
277,5.67387,11.862,-1.60997
277,6.41874,11.5937,-1.45639
277,5.65894,11.8752,-1.66539
277,5.99488,11.7692,-1.62737
277,5.67987,11.8983,-1.67536
277,9.41311,10.0133,-1.9919
277,5.93129,11.8487,-1.60903
277,5.25718,12.2707,-1.60781
277,5.91826,11.9767,-1.65969
277,7.04878,11.4811,-1.6938
277,3.66491,14.5865,1.19104
277,7.13481,11.7758,-1.73508
277,3.6206,14.9137,1.17486
277,5.80493,12.7231,-1.5827
277,5.85311,12.7339,-1.57692
277,5.86309,12.7322,-1.57375
277,5.876,12.7246,-1.58699
277,5.8668,12.7436,-1.56037
277,5.80709,12.7678,-1.59566
277,5.96546,12.7032,-1.60403
277,5.8919,12.7038,-1.7021
277,5.98924,12.7474,-1.64495
277,6.04998,12.736,-1.62482
277,6.05627,12.7559,-1.617
277,3.42908,13.9886,-2.08381
277,4.8041,15.0132,1.11089
277,3.84402,13.692,-2.95598
277,4.26125,15.4969,1.23603
277,4.23962,15.5616,1.2554
277,4.22825,15.6905,1.25226
277,6.15121,14.7911,1.14018
277,6.2666,14.8497,1.38361
277,7.92877,16.2934,1.87942
276,7.92877,16.2934,1.87942
277,4.90531,17.9956,-6.0062
276,4.90531,17.9956,-6.0062
277,4.93337,16.9677,-5.00442
276,4.93337,16.9677,-5.00442
277,4.80624,16.5401,-5.55553
276,4.80624,16.5401,-5.55553
277,5.12164,17.3769,-4.84465
276,5.12164,17.3769,-4.84465
277,5.04499,15.2816,-4.29912
276,5.04499,15.2816,-4.29912
277,4.88258,15.534,-4.67626
276,4.88258,15.534,-4.67626
277,16.6133,17.3813,-1.06628
276,16.6133,17.3813,-1.06628
277,5.8848,15.8876,2.07607
276,5.8848,15.8876,2.07607
277,6.40704,16.6797,2.02518
276,6.40704,16.6797,2.02518
277,7.93366,16.7009,2.05111
276,7.93366,16.7009,2.05111
277,14.4579,18.3874,2.51464
276,14.4579,18.3874,2.51464
277,4.72178,18.0473,-5.34299
276,4.72178,18.0473,-5.34299
277,10.2575,18.6707,2.0584
276,10.2575,18.6707,2.0584
277,13.8533,15.5948,-1.55671
276,13.8533,15.5948,-1.55671
277,4.84576,17.0089,-5.7002
276,4.84576,17.0089,-5.7002
277,4.91335,15.6616,-4.011
276,4.91335,15.6616,-4.011
277,10.0631,19.7805,2.06895
276,10.0631,19.7805,2.06895
277,5.53047,20.2697,-3.91356
276,5.53047,20.2697,-3.91356
277,5.04458,15.6353,-5.00885
276,5.04458,15.6353,-5.00885
277,5.08995,22.4168,-4.86583
276,5.08995,22.4168,-4.86583
277,4.68406,15.5426,-4.60236
276,4.68406,15.5426,-4.60236
277,5.02907,17.5786,-4.82477
276,5.02907,17.5786,-4.82477
277,5.89188,15.6982,1.97936
276,5.89188,15.6982,1.97936
277,6.48427,16.8099,2.05404
276,6.48427,16.8099,2.05404
277,8.26751,16.7979,-0.493974
276,8.26751,16.7979,-0.493974
277,6.1532,15.0266,1.16874
276,6.1532,15.0266,1.16874
277,15.429,13.4186,-0.472085
276,15.429,13.4186,-0.472085
277,6.05384,14.179,1.31248
276,6.05384,14.179,1.31248
277,4.23107,17.9605,-6.41811
276,4.23107,17.9605,-6.41811
277,4.19261,15.588,-4.54961
276,4.19261,15.588,-4.54961
277,13.6864,15.3597,-1.46497
276,13.6864,15.3597,-1.46497
277,4.89399,15.7573,-4.86523
276,4.89399,15.7573,-4.86523
277,14.4579,18.3874,2.51464
276,14.4579,18.3874,2.51464
277,5.01676,16.7272,-5.0314
276,5.01676,16.7272,-5.0314
277,6.62591,19.6686,2.49676
276,6.62591,19.6686,2.49676
277,4.24145,15.9944,-4.51353
276,4.24145,15.9944,-4.51353
277,5.79277,14.9693,1.95142
276,5.79277,14.9693,1.95142
277,13.5691,15.3321,-1.44085
276,13.5691,15.3321,-1.44085
277,16.0352,16.9284,-0.889559
276,16.0352,16.9284,-0.889559
277,6.43342,16.3633,2.03456
276,6.43342,16.3633,2.03456
277,4.48001,18.4508,2.12172
276,4.48001,18.4508,2.12172
277,4.8226,14.5295,-3.69744
276,4.8226,14.5295,-3.69744
277,4.26808,15.5546,-4.14873
276,4.26808,15.5546,-4.14873
277,4.35811,15.8713,-4.36598
276,4.35811,15.8713,-4.36598
277,4.34532,16.313,-4.33994
276,4.34532,16.313,-4.33994
277,4.39704,20.2434,-5.42504
276,4.39704,20.2434,-5.42504
277,5.01659,17.2215,-5.40133
276,5.01659,17.2215,-5.40133
277,13.2669,17.5003,2.64046
276,13.2669,17.5003,2.64046
277,14.4579,18.3874,2.51464
276,14.4579,18.3874,2.51464
277,4.27402,15.533,-3.7421
276,4.27402,15.533,-3.7421
277,15.8246,14.8153,-0.927453
276,15.8246,14.8153,-0.927453
277,7.49742,15.3267,0.0623725
276,7.49742,15.3267,0.0623725
277,5.04884,21.9045,-4.6931
276,5.04884,21.9045,-4.6931
277,4.37006,14.1002,-3.06077
276,4.37006,14.1002,-3.06077
277,14.5414,13.9797,-0.0505835
276,14.5414,13.9797,-0.0505835
277,5.0481,19.0201,-6.79483
276,5.0481,19.0201,-6.79483
277,16.8417,17.2734,-2.00106
276,16.8417,17.2734,-2.00106
277,18.0931,16.3403,-1.3254
276,18.0931,16.3403,-1.3254
277,15.8156,17.047,-1.94766
276,15.8156,17.047,-1.94766
277,4.99531,16.8792,-5.10485
276,4.99531,16.8792,-5.10485
277,3.96956,15.465,-3.27133
276,3.96956,15.465,-3.27133
277,17.035,15.6568,-2.75618
276,17.035,15.6568,-2.75618
277,10.5513,14.5069,1.12098
275,10.5513,14.5069,1.12098
277,10.5576,14.5207,1.15388
275,10.5576,14.5207,1.15388
277,6.25862,15.0011,1.1858
275,6.25862,15.0011,1.1858
277,10.2492,16.7349,-1.53718
275,10.2492,16.7349,-1.53718
277,16.1011,16.9805,-0.942085
275,16.1011,16.9805,-0.942085
277,17.4671,17.9101,-1.8563
275,17.4671,17.9101,-1.8563
277,17.4671,17.9101,-1.8563
275,17.4671,17.9101,-1.8563
277,15.5333,16.6082,-1.33184
275,15.5333,16.6082,-1.33184
277,13.722,15.4553,-1.4929
275,13.722,15.4553,-1.4929
277,16.6184,17.3117,-1.48506
275,16.6184,17.3117,-1.48506
277,5.58384,20.7197,-4.13931
275,5.58384,20.7197,-4.13931
277,10.4406,17.9861,1.79191
275,10.4406,17.9861,1.79191
277,5.67761,22.0775,-4.43053
275,5.67761,22.0775,-4.43053
277,6.8509,11.6506,-1.69375
275,6.8509,11.6506,-1.69375
277,8.08033,13.4178,-1.60542
275,8.08033,13.4178,-1.60542
277,5.11813,24.6428,-6.27249
275,5.11813,24.6428,-6.27249
277,10.0977,19.1324,-1.09631
275,10.0977,19.1324,-1.09631
277,16.4884,17.2402,-1.45503
275,16.4884,17.2402,-1.45503
277,19.1089,18.2179,-1.18569
275,19.1089,18.2179,-1.18569
277,15.5333,16.6082,-1.33184
275,15.5333,16.6082,-1.33184
277,8.89721,14.3954,1.12401
275,8.89721,14.3954,1.12401
277,4.31677,14.898,-3.17063
275,4.31677,14.898,-3.17063
277,4.46883,15.6415,-3.29467
275,4.46883,15.6415,-3.29467
277,5.59957,21.8278,-4.2807
275,5.59957,21.8278,-4.2807
277,15.2009,16.2055,-0.704112
275,15.2009,16.2055,-0.704112
277,8.99399,12.4435,2.04584
275,8.99399,12.4435,2.04584
277,15.8711,14.8919,-0.761732
275,15.8711,14.8919,-0.761732
277,4.19739,15.9665,-3.72218
275,4.19739,15.9665,-3.72218
277,9.89317,16.1234,-1.29354
275,9.89317,16.1234,-1.29354
277,16.0555,17.1988,-1.98801
275,16.0555,17.1988,-1.98801
277,9.21077,11.4678,0.158707
275,9.21077,11.4678,0.158707
277,5.47317,15.4975,0.149436
275,5.47317,15.4975,0.149436
277,10.2932,16.7627,-1.52356
275,10.2932,16.7627,-1.52356
277,4.45699,15.4628,-3.4787
275,4.45699,15.4628,-3.4787
277,10.0623,11.2316,0.0703273
275,10.0623,11.2316,0.0703273
277,15.9958,16.9158,-1.34166
274,15.9958,16.9158,-1.34166
277,4.88409,23.3046,-5.99054
274,4.88409,23.3046,-5.99054
277,11.6078,15.2411,2.25034
274,11.6078,15.2411,2.25034
277,5.75914,17.0273,1.1427
274,5.75914,17.0273,1.1427
277,10.0507,11.9904,0.157127
274,10.0507,11.9904,0.157127
277,15.459,16.5991,-1.84278
274,15.459,16.5991,-1.84278
277,15.459,16.5991,-1.84278
274,15.459,16.5991,-1.84278
277,13.4207,14.774,-1.33101
274,13.4207,14.774,-1.33101
277,4.25181,16.3963,0.107017
274,4.25181,16.3963,0.107017
277,10.1737,12.2086,-0.128905
274,10.1737,12.2086,-0.128905
277,15.8269,16.5543,-1.60567
272,15.8269,16.5543,-1.60567
277,14.1288,15.3825,-1.60569
272,14.1288,15.3825,-1.60569
277,10.8924,12.8261,-0.247219
272,10.8924,12.8261,-0.247219
277,14.3867,15.4326,-1.15802
270,14.3867,15.4326,-1.15802
277,16.4719,15.3284,-0.983699
270,16.4719,15.3284,-0.983699
277,17.0605,16.703,-1.42647
270,17.0605,16.703,-1.42647
277,18.8007,18.183,-1.15914
270,18.8007,18.183,-1.15914
277,7.94395,13.2082,-1.52065
270,7.94395,13.2082,-1.52065
277,17.9653,16.1296,-0.672751
268,17.9653,16.1296,-0.672751
277,15.0344,14.316,-0.11186
268,15.0344,14.316,-0.11186
277,14.6305,15.8754,-1.87532
266,14.6305,15.8754,-1.87532
277,13.3319,17.2367,2.4519
266,13.3319,17.2367,2.4519
277,16.313,15.1236,-0.810283
266,16.313,15.1236,-0.810283
277,12.4762,16.2287,2.30325
266,12.4762,16.2287,2.30325
277,14.7445,14.128,-1.3978
266,14.7445,14.128,-1.3978
277,12.4426,16.1859,2.29923
266,12.4426,16.1859,2.29923
277,9.45311,17.7669,-0.778629
263,9.45311,17.7669,-0.778629
277,18.1832,16.3851,-1.47509
263,18.1832,16.3851,-1.47509
277,16.6788,17.0778,-1.8248
260,16.6788,17.0778,-1.8248
277,15.1684,16.1572,-2.02491
260,15.1684,16.1572,-2.02491
277,16.3822,17.0573,-2.21631
257,16.3822,17.0573,-2.21631
278,4.88276,8.29375,1.71128
278,4.84378,8.54423,1.57929
278,5.16891,9.05442,1.41178
278,3.34517,12.099,-1.43145
278,5.00527,11.3707,-1.68736
278,7.8029,10.5786,-1.54843
278,7.84566,10.5469,-1.62084
278,5.59469,11.6654,-1.51084
278,7.81458,10.6346,-1.54048
278,7.89331,10.5869,-1.68886
278,7.85257,10.6567,-1.61934
278,5.94235,11.7812,-1.60166
278,5.62445,11.988,-1.4873
278,6.02347,11.8382,-1.59821
278,5.89318,11.9502,-1.60725
278,3.65964,14.5518,1.78022
278,5.91016,11.9672,-1.65543
278,5.91463,12.0168,-1.66344
278,6.08318,11.986,-1.62091
278,6.09447,12.0165,-1.62807
278,3.53633,14.529,1.25153
278,6.78565,11.7346,-1.65416
278,3.60132,14.5857,1.25645
278,3.57755,14.7148,1.26207
278,3.60107,14.7284,1.2406
278,3.59324,14.8933,1.41208
278,3.36476,13.2888,-2.52845
278,3.57283,15.1616,1.41037
278,3.67974,15.0167,1.16416
278,5.98764,12.7781,-1.6666
278,6.69073,12.5472,-1.85454
278,3.89433,15.3174,1.14962
278,4.86369,14.9433,1.12879
278,4.20524,15.643,1.95488
278,5.96356,14.49,1.19946
278,6.12309,14.6492,1.14449
278,10.2202,17.2598,-1.55652
276,10.2202,17.2598,-1.55652
278,7.71443,16.1639,1.00422
276,7.71443,16.1639,1.00422
278,7.33985,13.977,1.20507
276,7.33985,13.977,1.20507
278,7.56512,15.4921,0.269183
276,7.56512,15.4921,0.269183
278,4.66816,16.8446,-4.82745
276,4.66816,16.8446,-4.82745
278,13.7382,15.4409,-1.52714
276,13.7382,15.4409,-1.52714
278,13.6919,15.4439,-1.49206
276,13.6919,15.4439,-1.49206
278,7.46976,14.4519,1.41559
276,7.46976,14.4519,1.41559
278,16.4342,17.2297,-0.999514
276,16.4342,17.2297,-0.999514
278,4.38649,15.8123,-4.44983
276,4.38649,15.8123,-4.44983
278,6.91191,18.7621,2.14375
276,6.91191,18.7621,2.14375
278,6.33585,16.4096,2.08406
276,6.33585,16.4096,2.08406
278,6.16723,15.0752,1.12924
276,6.16723,15.0752,1.12924
278,10.008,18.2338,2.235
276,10.008,18.2338,2.235
278,13.9231,15.6419,-1.58737
276,13.9231,15.6419,-1.58737
278,5.10356,23.8381,-5.49256
276,5.10356,23.8381,-5.49256
278,7.72835,14.9065,1.13002
276,7.72835,14.9065,1.13002
278,6.47612,17.1166,2.03722
276,6.47612,17.1166,2.03722
278,6.24735,14.9362,1.17992
276,6.24735,14.9362,1.17992
278,9.20315,15.8359,1.65327
276,9.20315,15.8359,1.65327
278,14.3196,15.935,-1.73194
276,14.3196,15.935,-1.73194
278,4.21695,16.8731,-4.18863
276,4.21695,16.8731,-4.18863
278,6.58167,17.0538,2.06851
276,6.58167,17.0538,2.06851
278,6.41262,16.8324,2.10891
276,6.41262,16.8324,2.10891
278,4.15443,16.9746,-4.40584
276,4.15443,16.9746,-4.40584
278,4.43074,16.143,2.08989
276,4.43074,16.143,2.08989
278,16.7817,15.3989,-0.46521
276,16.7817,15.3989,-0.46521
278,19.0594,18.3852,-1.22838
276,19.0594,18.3852,-1.22838
278,15.8263,16.7851,-0.863704
276,15.8263,16.7851,-0.863704
278,12.0036,19.5125,-2.56494
276,12.0036,19.5125,-2.56494
278,4.17966,15.7469,-3.73682
276,4.17966,15.7469,-3.73682
278,4.20637,16.6866,-4.70272
276,4.20637,16.6866,-4.70272
278,13.764,15.4314,-1.479
276,13.764,15.4314,-1.479
278,16.0125,14.9614,-0.403986
276,16.0125,14.9614,-0.403986
278,16.2616,15.0415,-0.330822
276,16.2616,15.0415,-0.330822
278,4.56353,14.2768,-2.76385
276,4.56353,14.2768,-2.76385
278,14.4517,18.3894,2.51387
276,14.4517,18.3894,2.51387
278,4.35341,17.029,-4.0317
276,4.35341,17.029,-4.0317
278,4.30806,14.9733,-3.04965
276,4.30806,14.9733,-3.04965
278,10.3622,20.4288,2.07516
276,10.3622,20.4288,2.07516
278,16.016,14.9749,-0.837846
276,16.016,14.9749,-0.837846
278,4.41762,15.4962,-3.01528
276,4.41762,15.4962,-3.01528
278,4.66985,17.6064,-5.24233
276,4.66985,17.6064,-5.24233
278,15.9877,14.9242,-0.951811
276,15.9877,14.9242,-0.951811
278,4.13588,16.7072,-4.23295
276,4.13588,16.7072,-4.23295
278,10.9192,13.0664,-0.493175
276,10.9192,13.0664,-0.493175
278,9.63393,11.8219,-0.00484498
276,9.63393,11.8219,-0.00484498
278,16.9674,17.2883,-1.92329
276,16.9674,17.2883,-1.92329
278,4.19071,15.93,-3.66835
276,4.19071,15.93,-3.66835
278,17.9998,16.2519,-1.42202
276,17.9998,16.2519,-1.42202
278,21.5206,19.4528,-2.47997
276,21.5206,19.4528,-2.47997
278,15.5901,16.835,-2.10802
276,15.5901,16.835,-2.10802
278,10.0942,16.4946,-1.4676
277,10.0942,16.4946,-1.4676
278,6.3296,15.0074,1.07535
277,6.3296,15.0074,1.07535
278,15.8533,16.777,-0.885255
277,15.8533,16.777,-0.885255
278,4.81531,17.353,-5.18371
277,4.81531,17.353,-5.18371
278,5.08671,17.0116,-4.98844
277,5.08671,17.0116,-4.98844
278,4.99492,16.2974,-4.77337
277,4.99492,16.2974,-4.77337
278,5.66903,19.9686,-4.32485
277,5.66903,19.9686,-4.32485
278,5.5985,21.5553,-5.18177
277,5.5985,21.5553,-5.18177
278,7.99101,13.3165,-1.51872
277,7.99101,13.3165,-1.51872
278,9.48677,16.3165,1.64404
277,9.48677,16.3165,1.64404
278,4.36985,15.1083,-4.24163
277,4.36985,15.1083,-4.24163
278,4.43763,15.6667,-4.69245
277,4.43763,15.6667,-4.69245
278,5.26499,16.5659,-4.87156
277,5.26499,16.5659,-4.87156
278,4.42121,15.6977,-4.1436
277,4.42121,15.6977,-4.1436
278,4.87098,15.4025,-4.54522
277,4.87098,15.4025,-4.54522
278,6.7737,20.6104,2.56405
277,6.7737,20.6104,2.56405
278,6.7737,20.6104,2.56405
277,6.7737,20.6104,2.56405
278,4.50858,15.1085,-4.32506
277,4.50858,15.1085,-4.32506
278,14.4629,18.868,2.77464
277,14.4629,18.868,2.77464
278,4.70737,15.5861,-4.53171
277,4.70737,15.5861,-4.53171
278,6.16371,15.0715,1.32932
277,6.16371,15.0715,1.32932
278,4.80666,18.6729,-5.32294
277,4.80666,18.6729,-5.32294
278,4.47635,17.8283,-1.75051
277,4.47635,17.8283,-1.75051
278,4.29719,19.3006,-6.85357
277,4.29719,19.3006,-6.85357
278,4.37289,16.1741,-4.74832
277,4.37289,16.1741,-4.74832
278,4.42766,16.1329,-5.09017
277,4.42766,16.1329,-5.09017
278,4.5314,12.6952,-2.2337
277,4.5314,12.6952,-2.2337
278,16.3042,15.1246,-0.811381
277,16.3042,15.1246,-0.811381
278,4.09908,14.0182,-3.10289
277,4.09908,14.0182,-3.10289
278,5.2537,16.3161,-4.67631
277,5.2537,16.3161,-4.67631
278,7.61908,14.8517,1.38929
277,7.61908,14.8517,1.38929
278,3.98302,15.4756,-4.50635
277,3.98302,15.4756,-4.50635
278,4.38706,17.1647,-1.5781
277,4.38706,17.1647,-1.5781
278,8.2834,13.5776,-0.3693
277,8.2834,13.5776,-0.3693
278,16.5811,15.3762,-1.13293
277,16.5811,15.3762,-1.13293
278,4.32332,20.2475,-5.73224
277,4.32332,20.2475,-5.73224
278,4.25283,15.0288,-4.25045
277,4.25283,15.0288,-4.25045
278,4.31484,16.114,-4.91029
277,4.31484,16.114,-4.91029
278,4.13438,16.6844,-5.37348
277,4.13438,16.6844,-5.37348
278,5.59574,11.6924,-1.49081
277,5.59574,11.6924,-1.49081
278,4.87221,15.0508,-4.21145
277,4.87221,15.0508,-4.21145
278,15.3229,16.3298,-0.737231
277,15.3229,16.3298,-0.737231
278,4.30524,16.4264,-5.17812
277,4.30524,16.4264,-5.17812
278,4.08264,14.3815,-2.47123
277,4.08264,14.3815,-2.47123
278,9.9365,16.231,-1.32396
277,9.9365,16.231,-1.32396
278,4.23504,16.4214,-4.40749
277,4.23504,16.4214,-4.40749
278,16.3919,17.2918,-1.53253
277,16.3919,17.2918,-1.53253
278,4.47808,12.5467,-0.251709
277,4.47808,12.5467,-0.251709
278,6.08707,15.2803,1.18201
277,6.08707,15.2803,1.18201
278,8.11719,16.0627,1.36427
277,8.11719,16.0627,1.36427
278,6.09777,14.3424,1.17087
275,6.09777,14.3424,1.17087
278,6.18731,14.8507,1.12088
275,6.18731,14.8507,1.12088
278,17.4596,17.9083,-1.85678
275,17.4596,17.9083,-1.85678
278,10.243,17.6391,1.7914
275,10.243,17.6391,1.7914
278,5.51459,15.8204,0.0620857
275,5.51459,15.8204,0.0620857
278,6.1889,17.7494,2.06987
275,6.1889,17.7494,2.06987
278,16.6867,17.4164,-1.48413
275,16.6867,17.4164,-1.48413
278,16.6867,17.4164,-1.48413
275,16.6867,17.4164,-1.48413
278,16.431,17.215,-1.46561
275,16.431,17.215,-1.46561
278,4.16687,16.1496,2.1528
275,4.16687,16.1496,2.1528
278,4.52769,16.3823,2.11984
275,4.52769,16.3823,2.11984
278,4.32867,15.9385,-3.47694
275,4.32867,15.9385,-3.47694
278,5.97968,16.0861,1.98857
275,5.97968,16.0861,1.98857
278,16.0476,17.1977,-1.98794
275,16.0476,17.1977,-1.98794
278,9.10891,14.7132,1.10688
274,9.10891,14.7132,1.10688
278,6.18203,15.0421,1.19128
274,6.18203,15.0421,1.19128
278,6.17817,15.0343,1.15804
274,6.17817,15.0343,1.15804
278,15.2981,16.4706,-1.85466
274,15.2981,16.4706,-1.85466
278,15.6126,16.6567,-1.33299
274,15.6126,16.6567,-1.33299
278,15.5417,16.4112,-1.3251
274,15.5417,16.4112,-1.3251
278,5.13237,12.9685,-1.61807
274,5.13237,12.9685,-1.61807
278,15.4508,16.5978,-1.84159
274,15.4508,16.5978,-1.84159
278,4.88957,22.7903,-5.73231
274,4.88957,22.7903,-5.73231
278,18.8095,19.0933,-3.29172
274,18.8095,19.0933,-3.29172
278,4.4409,15.6217,-3.44589
274,4.4409,15.6217,-3.44589
278,4.28551,16.97,-4.46956
274,4.28551,16.97,-4.46956
278,15.4508,16.5978,-1.84159
274,15.4508,16.5978,-1.84159
278,13.8254,15.1175,-1.47847
274,13.8254,15.1175,-1.47847
278,9.97802,16.2768,-1.38107
274,9.97802,16.2768,-1.38107
278,7.55035,15.4585,0.247823
272,7.55035,15.4585,0.247823
278,7.63895,14.9322,1.33756
272,7.63895,14.9322,1.33756
278,15.5326,16.7147,-2.17056
272,15.5326,16.7147,-2.17056
278,6.5857,15.7621,-0.0220378
272,6.5857,15.7621,-0.0220378
278,12.4445,14.0864,-0.735293
272,12.4445,14.0864,-0.735293
278,15.7803,16.5086,-1.61842
272,15.7803,16.5086,-1.61842
278,11.5418,13.3467,-0.701964
272,11.5418,13.3467,-0.701964
278,14.0488,15.5495,-1.59195
272,14.0488,15.5495,-1.59195
278,15.381,16.4967,-2.16713
272,15.381,16.4967,-2.16713
278,9.85971,18.6663,-1.00928
272,9.85971,18.6663,-1.00928
278,13.1242,14.7519,-1.24766
272,13.1242,14.7519,-1.24766
278,7.55718,15.5314,0.027214
272,7.55718,15.5314,0.027214
278,9.18468,11.4987,0.372233
272,9.18468,11.4987,0.372233
278,15.4809,16.3038,-1.51076
270,15.4809,16.3038,-1.51076
278,19.2885,17.0839,-1.66428
270,19.2885,17.0839,-1.66428
278,19.4071,23.9132,3.25415
270,19.4071,23.9132,3.25415
278,17.3663,18.2812,-2.54954
270,17.3663,18.2812,-2.54954
278,12.5102,14.0357,-0.838436
270,12.5102,14.0357,-0.838436
278,15.0691,16.3118,-1.89138
268,15.0691,16.3118,-1.89138
278,13.161,14.637,-1.31204
268,13.161,14.637,-1.31204
278,16.2909,15.1158,-1.90023
268,16.2909,15.1158,-1.90023
278,14.4074,15.69,-1.78858
266,14.4074,15.69,-1.78858
278,24.1721,22.5448,-3.31575
266,24.1721,22.5448,-3.31575
278,13.0318,14.5114,-0.796125
266,13.0318,14.5114,-0.796125
278,16.2972,15.0899,-1.90002
263,16.2972,15.0899,-1.90002
278,15.9456,13.2416,-1.99207
263,15.9456,13.2416,-1.99207
278,15.2372,16.2264,-2.05731
260,15.2372,16.2264,-2.05731
279,4.52527,8.02107,1.65263
279,5.05429,8.23813,1.66896
279,4.626,8.39077,1.56391
279,4.63103,8.41562,1.56782
279,4.63079,8.418,1.5693
279,5.76882,10.5724,-1.58648
279,5.77527,10.5608,-1.61492
279,5.77101,10.5785,-1.6153
279,5.77654,10.5814,-1.62541
279,5.78804,10.6266,-1.65348
279,5.75178,10.6802,-1.6347
279,3.35737,12.4115,-0.851673
279,3.16278,12.2429,-1.94286
279,7.87699,10.581,-1.65764
279,7.90657,10.573,-1.66138
279,3.29697,12.5689,-2.03945
279,3.30335,12.5881,-2.04027
279,5.40085,11.8326,-1.56454
279,7.88169,10.6653,-1.61307
279,5.56656,11.9122,-1.43923
279,6.06664,11.7222,-1.60652
279,5.89409,11.8965,-1.57305
279,3.55421,14.4336,1.28777
279,3.5196,14.4567,1.19816
279,5.91708,11.9712,-1.65505
279,5.72317,12.0821,-1.64634
279,5.7257,12.0889,-1.63716
279,5.92225,11.9987,-1.63335
279,6.04889,12.0271,-1.65541
279,3.51132,14.665,1.23876
279,3.57763,15.0022,1.43012
279,3.63034,14.9211,1.16879
279,5.94802,12.5126,-1.60018
279,3.97398,14.7835,1.15258
279,5.78236,12.6394,-1.50651
279,5.83638,12.6274,-1.5129
279,5.9497,12.6202,-1.55893
279,4.87728,14.6321,1.22631
279,4.81044,15.1894,1.12722
279,4.90837,15.1477,1.12905
279,3.83692,13.6774,-2.9696
279,3.83922,13.7019,-2.95854
279,4.72271,15.3692,1.14904
279,6.21922,14.9479,1.11425
277,6.21922,14.9479,1.11425
279,14.0992,15.7682,-1.64694
277,14.0992,15.7682,-1.64694
279,16.0451,16.9335,-0.956583
277,16.0451,16.9335,-0.956583
279,8.79955,18.1191,-0.820054
277,8.79955,18.1191,-0.820054
279,10.6697,17.3977,-1.7817
277,10.6697,17.3977,-1.7817
279,13.8827,15.5885,-1.56669
277,13.8827,15.5885,-1.56669
279,5.69024,22.2192,-5.17961
277,5.69024,22.2192,-5.17961
279,16.0303,16.904,-0.914866
277,16.0303,16.904,-0.914866
279,5.09292,17.031,-4.79995
277,5.09292,17.031,-4.79995
279,4.34815,15.8261,-3.6443
277,4.34815,15.8261,-3.6443
279,6.23619,17.9346,2.04661
277,6.23619,17.9346,2.04661
279,6.58866,17.5578,2.13964
277,6.58866,17.5578,2.13964
279,4.28935,15.3059,-4.67217
277,4.28935,15.3059,-4.67217
279,9.46603,18.2137,2.2112
277,9.46603,18.2137,2.2112
279,4.81314,18.2331,-5.03399
277,4.81314,18.2331,-5.03399
279,6.13394,14.8473,1.34369
277,6.13394,14.8473,1.34369
279,4.17963,16.3585,-3.99403
277,4.17963,16.3585,-3.99403
279,4.51794,15.2091,-4.42522
277,4.51794,15.2091,-4.42522
279,19.6438,18.7841,-1.28827
277,19.6438,18.7841,-1.28827
279,4.14678,16.5921,-4.30858
277,4.14678,16.5921,-4.30858
279,16.1231,16.9816,-0.933886
277,16.1231,16.9816,-0.933886
279,14.4314,16.0436,-1.73905
277,14.4314,16.0436,-1.73905
279,14.3993,15.8676,-1.771
277,14.3993,15.8676,-1.771
279,13.9407,15.5655,-1.57737
277,13.9407,15.5655,-1.57737
279,4.36113,15.7033,-3.26387
277,4.36113,15.7033,-3.26387
279,10.2924,12.2741,-0.169148
277,10.2924,12.2741,-0.169148
279,15.7711,14.802,-0.403033
277,15.7711,14.802,-0.403033
279,25.1034,22.1152,-2.4264
277,25.1034,22.1152,-2.4264
279,15.6082,16.5686,-0.787569
277,15.6082,16.5686,-0.787569
279,4.36049,15.8115,-3.34214
277,4.36049,15.8115,-3.34214
279,16.4074,17.1052,-2.2494
277,16.4074,17.1052,-2.2494
279,16.2957,15.093,-1.0529
277,16.2957,15.093,-1.0529
279,16.3638,15.1896,-0.883579
277,16.3638,15.1896,-0.883579
279,4.2449,15.8383,-4.42191
277,4.2449,15.8383,-4.42191
279,6.5103,15.5861,1.15422
277,6.5103,15.5861,1.15422
279,16.4074,17.1052,-2.2494
277,16.4074,17.1052,-2.2494
279,12.4316,13.8551,-0.644302
277,12.4316,13.8551,-0.644302
279,12.3953,14.2232,-0.813577
277,12.3953,14.2232,-0.813577
279,18.0832,17.207,-1.01983
277,18.0832,17.207,-1.01983
279,6.0502,13.7472,1.27078
277,6.0502,13.7472,1.27078
279,4.28705,15.9724,-4.13182
277,4.28705,15.9724,-4.13182
279,17.6819,16.0211,-1.2854
277,17.6819,16.0211,-1.2854
279,16.2043,15.063,-0.393275
277,16.2043,15.063,-0.393275
279,5.85409,13.2308,1.26726
278,5.85409,13.2308,1.26726
279,6.03432,13.9976,1.20387
278,6.03432,13.9976,1.20387
279,16.0146,16.9292,-1.94861
278,16.0146,16.9292,-1.94861
279,6.0371,14.1689,1.30637
278,6.0371,14.1689,1.30637
279,5.30418,21.502,-4.82357
278,5.30418,21.502,-4.82357
279,17.1132,17.5425,-1.99907
278,17.1132,17.5425,-1.99907
279,4.47434,17.7648,-5.87709
278,4.47434,17.7648,-5.87709
279,4.40423,17.9464,-4.93353
278,4.40423,17.9464,-4.93353
279,4.77457,15.021,-4.29815
278,4.77457,15.021,-4.29815
279,4.44534,16.2361,-4.36603
278,4.44534,16.2361,-4.36603
279,10.4089,19.3905,2.04616
278,10.4089,19.3905,2.04616
279,5.13593,17.6691,-5.24061
278,5.13593,17.6691,-5.24061
279,4.85085,15.7944,-4.31592
278,4.85085,15.7944,-4.31592
279,4.51639,14.7711,-3.87862
278,4.51639,14.7711,-3.87862
279,4.77041,15.0838,-4.33737
278,4.77041,15.0838,-4.33737
279,4.22724,15.72,-1.4937
278,4.22724,15.72,-1.4937
279,3.96184,14.3406,-2.89865
278,3.96184,14.3406,-2.89865
279,4.59542,17.5883,-5.10075
278,4.59542,17.5883,-5.10075
279,4.42432,22.8846,-7.88691
278,4.42432,22.8846,-7.88691
279,4.86257,16.5001,-5.29652
278,4.86257,16.5001,-5.29652
279,4.56866,18.0741,-3.61164
278,4.56866,18.0741,-3.61164
279,4.68201,18.0046,-5.5142
278,4.68201,18.0046,-5.5142
279,17.2198,17.8193,-1.97052
278,17.2198,17.8193,-1.97052
279,4.34067,15.2789,-4.25749
278,4.34067,15.2789,-4.25749
279,4.2297,14.8243,-3.88833
278,4.2297,14.8243,-3.88833
279,8.99558,14.7664,-0.791723
278,8.99558,14.7664,-0.791723
279,5.46252,15.6542,0.135523
278,5.46252,15.6542,0.135523
279,10.9701,17.8704,-1.93586
278,10.9701,17.8704,-1.93586
279,7.49979,14.5983,1.15871
276,7.49979,14.5983,1.15871
279,5.05701,15.5762,-4.94625
276,5.05701,15.5762,-4.94625
279,6.23674,17.5906,2.11511
276,6.23674,17.5906,2.11511
279,7.60161,14.8552,1.14505
276,7.60161,14.8552,1.14505
279,5.07239,22.0166,-4.70589
276,5.07239,22.0166,-4.70589
279,8.96136,14.4873,1.15705
276,8.96136,14.4873,1.15705
279,4.41934,16.4884,-3.75006
276,4.41934,16.4884,-3.75006
279,7.80901,12.9723,-1.42218
276,7.80901,12.9723,-1.42218
279,8.01563,13.3348,-1.64087
276,8.01563,13.3348,-1.64087
279,7.31972,12.1807,-0.89951
276,7.31972,12.1807,-0.89951
279,19.8119,18.874,-1.4398
276,19.8119,18.874,-1.4398
279,15.7066,14.7498,-0.692855
276,15.7066,14.7498,-0.692855
279,4.41952,15.6149,-3.41963
276,4.41952,15.6149,-3.41963
279,4.32911,15.7346,-4.62385
276,4.32911,15.7346,-4.62385
279,4.52299,15.5024,-3.64238
276,4.52299,15.5024,-3.64238
279,8.82028,14.2629,1.16916
276,8.82028,14.2629,1.16916
279,4.27041,16.6915,-4.12126
276,4.27041,16.6915,-4.12126
279,4.29166,18.6183,-5.09688
276,4.29166,18.6183,-5.09688
279,15.3717,16.7351,-1.99172
276,15.3717,16.7351,-1.99172
279,8.1493,13.5438,-1.79006
275,8.1493,13.5438,-1.79006
279,17.1039,17.6353,-1.75138
275,17.1039,17.6353,-1.75138
279,17.1237,17.7284,-1.62092
275,17.1237,17.7284,-1.62092
279,4.22034,15.9464,-2.11321
275,4.22034,15.9464,-2.11321
279,14.3607,15.7813,-1.42764
275,14.3607,15.7813,-1.42764
279,5.14701,13.077,-1.6691
275,5.14701,13.077,-1.6691
279,12.9642,14.6179,-1.18049
272,12.9642,14.6179,-1.18049
279,14.4599,15.7537,-1.80668
272,14.4599,15.7537,-1.80668
279,14.793,16.1484,-1.87186
272,14.793,16.1484,-1.87186
279,18.2165,18.4872,-2.05548
272,18.2165,18.4872,-2.05548
279,25.3279,24.3531,-3.91828
272,25.3279,24.3531,-3.91828
279,16.2111,16.8505,-1.75213
272,16.2111,16.8505,-1.75213
279,13.6216,14.9592,-1.41308
272,13.6216,14.9592,-1.41308
279,12.5786,14.1337,-1.01761
272,12.5786,14.1337,-1.01761
279,14.3604,15.6735,-1.76984
270,14.3604,15.6735,-1.76984
279,15.74,16.8059,-1.94421
270,15.74,16.8059,-1.94421
279,13.4934,14.9766,-1.29127
268,13.4934,14.9766,-1.29127
279,10.4567,17.1451,-1.66316
268,10.4567,17.1451,-1.66316
279,7.93506,13.0873,-1.53071
266,7.93506,13.0873,-1.53071
279,14.7346,15.6277,-1.86891
266,14.7346,15.6277,-1.86891
279,12.5585,13.9716,-1.03476
266,12.5585,13.9716,-1.03476
279,8.98199,14.4927,1.13251
263,8.98199,14.4927,1.13251
279,14.8217,16.5387,-1.87101
263,14.8217,16.5387,-1.87101
279,15.2756,12.941,-1.77648
263,15.2756,12.941,-1.77648
279,17.0462,16.4429,-1.35938
263,17.0462,16.4429,-1.35938
279,15.397,16.3669,-2.13972
260,15.397,16.3669,-2.13972
280,4.55624,8.04147,1.61004
280,4.65822,8.42012,1.54169
280,4.65697,8.42103,1.53941
280,3.32796,12.1118,-0.256652
280,3.32466,12.1307,-0.260828
280,3.28541,12.1318,-0.359266
280,5.76072,10.3248,-1.61112
280,5.52263,10.4309,-1.63531
280,6.29582,10.1054,-1.59006
280,3.28925,12.1015,-0.495873
280,5.76623,10.3578,-1.63004
280,6.31034,10.1189,-1.6022
280,5.90676,10.2528,-1.741
280,5.7775,10.375,-1.64291
280,5.77137,10.38,-1.64419
280,5.27146,10.6067,-1.70492
280,5.27319,10.6301,-1.72408
280,5.28561,10.659,-1.76364
280,5.74059,10.6233,-1.58212
280,5.79021,10.5961,-1.59057
280,5.76824,10.6813,-1.63158
280,5.77223,10.6997,-1.62374
280,5.77343,10.6973,-1.63767
280,3.17978,12.3187,-1.14215
280,3.17771,12.3407,-1.15645
280,3.17639,12.2944,-1.97366
280,6.45986,11.0332,-1.70169
280,6.45803,11.0566,-1.66342
280,3.21423,12.38,-2.10023
280,7.78641,10.5757,-1.51366
280,7.805,10.5683,-1.53409
280,3.41138,14.0427,1.11337
280,6.7006,11.0374,-1.7264
280,6.50914,11.1319,-1.7244
280,5.98511,11.5375,-1.42693
280,6.52122,11.1188,-1.78692
280,6.50917,11.1585,-1.73455
280,3.40515,14.2009,1.27254
280,5.94315,11.5598,-1.50955
280,5.92418,11.556,-1.61133
280,3.3738,14.2784,1.25011
280,5.6287,11.7749,-1.56371
280,3.26583,12.5773,-2.19776
280,6.03886,11.7029,-1.56563
280,5.63575,11.9692,-1.4641
280,5.69808,11.8824,-1.65106
280,6.09206,11.777,-1.60859
280,5.73528,11.9175,-1.6894
280,6.04233,11.8135,-1.65082
280,6.03268,11.8217,-1.65352
280,5.71365,12.0285,-1.59878
280,5.73761,12.0199,-1.61545
280,5.92603,11.9448,-1.61983
280,5.98503,11.913,-1.65104
280,6.11764,11.8371,-1.68901
280,6.08181,11.9095,-1.65298
280,6.15043,11.8542,-1.70256
280,6.12523,11.8865,-1.67995
280,5.79242,12.3724,-1.36754
280,5.87084,12.3728,-1.38697
280,6.9076,11.7164,-1.73189
280,6.85722,11.8895,-1.60814
280,6.90146,11.9835,-1.6667
280,7.07767,11.9247,-1.63242
280,5.79923,12.6844,-1.51012
280,3.72051,15.1964,1.44064
280,9.48948,10.9157,-1.90589
280,7.09703,12.024,-1.97653
280,5.88843,12.7985,-1.60927
280,5.853,12.8214,-1.61361
280,6.66793,12.3816,-1.7249
280,3.97175,15.2537,1.13422
280,4.75099,15.0107,1.12949
280,4.88156,15.1231,1.15011
280,4.85804,15.1453,1.11
280,6.08359,14.7522,1.46465
280,6.08998,14.6962,1.32892
280,6.88755,11.6976,-1.45757
278,6.88755,11.6976,-1.45757
280,8.48126,17.3057,-0.63406
278,8.48126,17.3057,-0.63406
280,15.2534,16.1247,-1.43307
278,15.2534,16.1247,-1.43307
280,13.7772,15.4575,-1.5271
278,13.7772,15.4575,-1.5271
280,10.2621,16.7133,-1.54178
278,10.2621,16.7133,-1.54178
280,4.71524,15.7083,-4.66263
278,4.71524,15.7083,-4.66263
280,6.13918,14.5285,1.28354
278,6.13918,14.5285,1.28354
280,4.78029,16.2016,-4.51535
278,4.78029,16.2016,-4.51535
280,4.64589,15.6936,-5.04553
278,4.64589,15.6936,-5.04553
280,4.38761,17.759,-5.94976
278,4.38761,17.759,-5.94976
280,16.3987,17.2027,-1.0242
278,16.3987,17.2027,-1.0242
280,9.91856,16.1779,-1.34853
278,9.91856,16.1779,-1.34853
280,9.25867,14.916,1.07788
278,9.25867,14.916,1.07788
280,6.46595,15.8955,1.02901
278,6.46595,15.8955,1.02901
280,10.8872,17.7032,-1.90739
278,10.8872,17.7032,-1.90739
280,10.0986,16.3237,-1.38551
278,10.0986,16.3237,-1.38551
280,4.34321,19.0934,-5.30084
278,4.34321,19.0934,-5.30084
280,5.06627,21.6727,-4.52359
278,5.06627,21.6727,-4.52359
280,4.88687,16.0754,-4.52252
278,4.88687,16.0754,-4.52252
280,4.81901,17.7162,-4.69464
278,4.81901,17.7162,-4.69464
280,15.6048,14.6327,-0.247331
278,15.6048,14.6327,-0.247331
280,6.07513,12.9549,-1.77872
278,6.07513,12.9549,-1.77872
280,13.0892,14.8956,-1.28179
278,13.0892,14.8956,-1.28179
280,16.9197,17.4572,-2.29355
278,16.9197,17.4572,-2.29355
280,16.2443,17.2084,-1.54616
278,16.2443,17.2084,-1.54616
280,23.5593,21.0455,-2.1701
278,23.5593,21.0455,-2.1701
280,7.23484,13.7132,1.2243
278,7.23484,13.7132,1.2243
280,7.37895,14.2142,1.41384
278,7.37895,14.2142,1.41384
280,16.6242,17.4139,-1.05937
278,16.6242,17.4139,-1.05937
280,14.2195,15.7502,-1.64917
278,14.2195,15.7502,-1.64917
280,13.6728,15.3612,-1.48128
278,13.6728,15.3612,-1.48128
280,16.6608,15.5337,-1.0437
278,16.6608,15.5337,-1.0437
280,16.2443,17.2084,-1.54616
278,16.2443,17.2084,-1.54616
280,15.7011,14.7325,-0.386441
278,15.7011,14.7325,-0.386441
280,4.00182,15.1083,-4.21485
278,4.00182,15.1083,-4.21485
280,15.7147,16.6657,-0.861087
278,15.7147,16.6657,-0.861087
280,12.8773,11.7929,-0.990309
278,12.8773,11.7929,-0.990309
280,3.98679,15.3247,-4.39782
278,3.98679,15.3247,-4.39782
280,11.8854,19.2685,-2.3983
278,11.8854,19.2685,-2.3983
280,16.0888,16.9809,-2.19452
278,16.0888,16.9809,-2.19452
280,3.99267,16.0283,-3.71209
278,3.99267,16.0283,-3.71209
280,4.28788,16.1355,-4.23291
278,4.28788,16.1355,-4.23291
280,15.9929,16.8254,-0.885538
278,15.9929,16.8254,-0.885538
280,4.03507,15.1212,-3.02322
278,4.03507,15.1212,-3.02322
280,3.9775,14.8191,1.19704
278,3.9775,14.8191,1.19704
280,12.6814,14.1971,-1.00655
278,12.6814,14.1971,-1.00655
280,9.89383,12.1564,-0.0411742
278,9.89383,12.1564,-0.0411742
280,6.02011,14.1135,1.17925
278,6.02011,14.1135,1.17925
280,16.4295,16.8973,-1.80244
278,16.4295,16.8973,-1.80244
280,10.837,12.7514,0.299816
278,10.837,12.7514,0.299816
280,10.747,17.5049,-1.77688
278,10.747,17.5049,-1.77688
280,15.4486,16.4765,-1.75563
279,15.4486,16.4765,-1.75563
280,5.27915,15.3114,-4.31889
279,5.27915,15.3114,-4.31889
280,15.8011,16.765,-0.908252
279,15.8011,16.765,-0.908252
280,5.37847,16.0938,-4.90814
279,5.37847,16.0938,-4.90814
280,4.41947,14.0563,-4.35967
279,4.41947,14.0563,-4.35967
280,4.52336,14.6438,-5.05026
279,4.52336,14.6438,-5.05026
280,5.03465,21.1439,-4.31093
279,5.03465,21.1439,-4.31093
280,5.13648,15.0318,-4.83644
279,5.13648,15.0318,-4.83644
280,6.30728,14.9284,1.12384
279,6.30728,14.9284,1.12384
280,4.44411,15.6083,-3.25542
279,4.44411,15.6083,-3.25542
280,5.23124,15.8678,-4.33129
279,5.23124,15.8678,-4.33129
280,4.78778,14.3517,-4.70029
279,4.78778,14.3517,-4.70029
280,4.42089,18.3198,-4.56259
279,4.42089,18.3198,-4.56259
280,5.0055,13.9076,-3.8379
279,5.0055,13.9076,-3.8379
280,4.52295,13.9646,-4.37575
279,4.52295,13.9646,-4.37575
280,5.21588,14.9035,-5.00282
279,5.21588,14.9035,-5.00282
280,5.3463,15.8497,-4.70256
279,5.3463,15.8497,-4.70256
280,4.26836,15.0478,-5.24867
279,4.26836,15.0478,-5.24867
280,4.42372,14.9748,-5.19951
279,4.42372,14.9748,-5.19951
280,4.59782,20.5556,-4.86399
279,4.59782,20.5556,-4.86399
280,4.29985,13.9178,-4.18263
279,4.29985,13.9178,-4.18263
280,19.1194,18.3745,-1.18331
279,19.1194,18.3745,-1.18331
280,6.12791,14.8082,1.46304
279,6.12791,14.8082,1.46304
280,4.35177,15.1711,-4.14387
279,4.35177,15.1711,-4.14387
280,5.00668,21.0029,-4.79496
279,5.00668,21.0029,-4.79496
280,5.09608,14.5313,-3.35471
279,5.09608,14.5313,-3.35471
280,5.60197,22.4648,-5.59094
279,5.60197,22.4648,-5.59094
280,5.02998,22.2209,-5.4362
279,5.02998,22.2209,-5.4362
280,4.81604,13.6511,-3.13375
279,4.81604,13.6511,-3.13375
280,7.68685,14.9154,1.10383
279,7.68685,14.9154,1.10383
280,4.35215,12.7703,-1.85572
279,4.35215,12.7703,-1.85572
280,7.6345,14.8131,1.4086
279,7.6345,14.8131,1.4086
280,8.81841,14.2913,1.17041
279,8.81841,14.2913,1.17041
280,4.99942,15.8034,-4.81204
279,4.99942,15.8034,-4.81204
280,4.85435,16.3618,-5.30219
279,4.85435,16.3618,-5.30219
280,17.245,17.8326,-1.97027
279,17.245,17.8326,-1.97027
280,4.27404,16.0525,-4.60402
279,4.27404,16.0525,-4.60402
280,15.2521,16.6006,-1.92824
279,15.2521,16.6006,-1.92824
280,4.81394,13.0457,-2.58377
279,4.81394,13.0457,-2.58377
280,6.33317,14.6871,1.18609
279,6.33317,14.6871,1.18609
280,4.96198,18.1411,-6.74467
279,4.96198,18.1411,-6.74467
280,5.28116,12.2782,-1.82968
277,5.28116,12.2782,-1.82968
280,5.80302,15.7687,0.0697659
277,5.80302,15.7687,0.0697659
280,5.83243,15.9878,0.0253443
277,5.83243,15.9878,0.0253443
280,10.2771,14.1852,1.15878
277,10.2771,14.1852,1.15878
280,4.92024,17.2273,-5.24644
277,4.92024,17.2273,-5.24644
280,5.48324,24.2754,-6.07573
277,5.48324,24.2754,-6.07573
280,6.0922,17.4917,0.876549
277,6.0922,17.4917,0.876549
280,4.26066,15.9608,-4.4995
277,4.26066,15.9608,-4.4995
280,16.4932,17.2181,-2.0582
277,16.4932,17.2181,-2.0582
280,24.1264,23.4441,-4.54554
277,24.1264,23.4441,-4.54554
280,4.25129,19.6839,-5.95721
277,4.25129,19.6839,-5.95721
280,4.35162,16.5695,-3.81815
277,4.35162,16.5695,-3.81815
280,4.28382,16.6006,-4.59284
277,4.28382,16.6006,-4.59284
280,13.4693,14.6813,-0.890197
276,13.4693,14.6813,-0.890197
280,16.6339,16.9665,-1.7929
276,16.6339,16.9665,-1.7929
280,7.90593,10.5818,-1.65592
276,7.90593,10.5818,-1.65592
280,15.7299,14.7624,-0.694778
276,15.7299,14.7624,-0.694778
280,16.8768,15.7296,-1.10407
276,16.8768,15.7296,-1.10407
280,7.93416,13.1072,-1.50491
276,7.93416,13.1072,-1.50491
280,5.964,11.7244,-1.71975
276,5.964,11.7244,-1.71975
280,12.4865,14.3299,-1.05945
276,12.4865,14.3299,-1.05945
280,16.3999,17.5309,-2.37203
276,16.3999,17.5309,-2.37203
280,18.9463,19.0784,-2.26959
275,18.9463,19.0784,-2.26959
280,19.1628,19.3394,-2.17209
275,19.1628,19.3394,-2.17209
280,6.23832,15.0929,1.11856
275,6.23832,15.0929,1.11856
280,4.26067,16.5036,-4.33822
275,4.26067,16.5036,-4.33822
280,4.26143,15.8939,-3.69038
275,4.26143,15.8939,-3.69038
280,15.9357,16.538,-1.59318
275,15.9357,16.538,-1.59318
280,9.85581,16.9494,1.75247
275,9.85581,16.9494,1.75247
280,10.2978,14.2277,1.15873
275,10.2978,14.2277,1.15873
280,15.8964,17.02,-1.94138
275,15.8964,17.02,-1.94138
280,16.7235,17.5432,-1.69694
272,16.7235,17.5432,-1.69694
280,15.5258,16.5339,-1.78759
272,15.5258,16.5339,-1.78759
280,13.5348,14.9369,-1.46988
272,13.5348,14.9369,-1.46988
280,15.364,16.5622,-2.09699
272,15.364,16.5622,-2.09699
280,13.529,15.028,-1.29946
272,13.529,15.028,-1.29946
280,14.7729,16.0747,-1.78883
272,14.7729,16.0747,-1.78883
280,16.923,17.7451,-2.35456
272,16.923,17.7451,-2.35456
280,12.5912,14.1889,-1.08489
272,12.5912,14.1889,-1.08489
280,9.92646,16.0742,-1.31461
272,9.92646,16.0742,-1.31461
280,16.8544,17.3836,-1.65611
272,16.8544,17.3836,-1.65611
280,13.7821,15.0927,-1.46728
272,13.7821,15.0927,-1.46728
280,18.708,16.7241,-1.52154
270,18.708,16.7241,-1.52154
280,6.52922,20.1058,0.684
270,6.52922,20.1058,0.684
280,16.3858,17.3301,-2.22567
268,16.3858,17.3301,-2.22567
280,14.2122,15.5389,-1.71355
268,14.2122,15.5389,-1.71355
280,6.4939,15.5414,0.381011
268,6.4939,15.5414,0.381011
280,14.2813,15.6222,-1.44426
268,14.2813,15.6222,-1.44426
280,15.3605,15.645,-0.356628
268,15.3605,15.645,-0.356628
280,15.3444,14.5179,-1.56816
268,15.3444,14.5179,-1.56816
280,12.8611,14.219,-1.14601
266,12.8611,14.219,-1.14601
280,19.8999,17.3379,-1.85866
266,19.8999,17.3379,-1.85866
281,4.45109,8.33804,1.51207
281,4.56333,8.37193,1.51769
281,4.88804,8.86165,1.35431
281,3.24892,11.959,-0.412928
281,3.28246,12.0404,-0.38628
281,6.31091,10.1074,-1.60281
281,6.30651,10.1159,-1.60901
281,3.29626,12.0559,-0.500801
281,6.34611,10.1221,-1.63161
281,5.06753,10.7982,-1.65578
281,5.9061,10.4285,-1.66817
281,5.91877,10.4458,-1.6945
281,5.80667,10.6441,-1.62324
281,3.25957,12.1362,-1.05175
281,5.78568,10.7003,-1.65494
281,3.18757,12.2463,-1.10327
281,5.99919,11.0163,-1.71585
281,6.01403,11.0697,-1.73697
281,5.86824,11.3417,-1.49953
281,5.88096,11.3476,-1.56867
281,5.86746,11.3974,-1.48303
281,5.86862,11.3883,-1.52695
281,7.81678,10.5489,-1.52035
281,5.88059,11.4868,-1.49284
281,7.84308,10.533,-1.57373
281,3.34852,12.5328,-1.95249
281,3.39969,14.06,1.4455
281,5.1955,11.8577,-1.58976
281,3.32772,12.5777,-1.98668
281,5.1912,11.9079,-1.57611
281,3.4043,14.151,1.44248
281,5.87644,11.661,-1.5525
281,6.05049,11.6109,-1.5271
281,5.8857,11.7208,-1.48529
281,5.68639,11.841,-1.6168
281,6.60496,11.2996,-1.87314
281,5.67116,11.8678,-1.6598
281,5.73269,11.881,-1.65194
281,5.70897,11.9048,-1.63651
281,5.70405,11.9034,-1.66879
281,5.99883,11.7771,-1.64953
281,5.712,11.8968,-1.70238
281,5.6258,12.0308,-1.51692
281,3.69827,14.4287,1.79638
281,5.92408,11.8588,-1.60706
281,6.09931,11.7781,-1.61856
281,3.35253,12.819,-2.22491
281,3.33737,14.4174,1.27021
281,5.96885,11.8878,-1.61107
281,5.7487,11.9616,-1.68434
281,5.97304,11.8715,-1.66116
281,5.98314,11.8959,-1.65107
281,5.94216,11.9433,-1.63231
281,5.97915,11.9182,-1.6499
281,5.94051,11.9523,-1.6318
281,5.9826,11.9222,-1.66234
281,5.73862,12.0607,-1.62698
281,5.74024,12.0546,-1.65374
281,5.9514,11.9579,-1.6766
281,5.68251,12.125,-1.60545
281,5.71488,12.1134,-1.59842
281,5.95697,11.9811,-1.66791
281,5.95623,12.0187,-1.64956
281,5.96995,12.0271,-1.67062
281,5.95975,12.0364,-1.6788
281,5.96224,12.101,-1.6694
281,5.98741,12.1417,-1.68657
281,3.68563,14.8532,1.76665
281,3.52859,14.7667,1.28377
281,5.74605,12.5163,-1.4221
281,3.68969,14.7384,1.15593
281,3.82282,14.8266,1.42584
281,3.57313,14.9503,1.42199
281,3.70124,14.91,1.36566
281,3.63321,14.9819,1.41475
281,5.96663,12.6116,-1.52774
281,5.98591,12.5887,-1.60514
281,3.46461,15.0731,1.19969
281,3.59079,15.0715,1.19793
281,3.75919,15.0998,1.3151
281,4.02242,14.8459,0.910685
281,3.79622,15.1941,1.42172
281,3.79601,15.2819,1.40467
281,3.97727,15.201,1.1841
281,4.84252,15.0567,1.13048
281,15.6168,16.5833,-0.88548
280,15.6168,16.5833,-0.88548
281,15.6801,16.6399,-0.872249
280,15.6801,16.6399,-0.872249
281,5.69134,16.7777,-2.1605
280,5.69134,16.7777,-2.1605
281,5.55533,15.8928,-1.75394
280,5.55533,15.8928,-1.75394
281,5.70285,16.8891,-2.24767
280,5.70285,16.8891,-2.24767
281,13.9101,15.5578,-1.56774
280,13.9101,15.5578,-1.56774
281,10.497,17.0968,-1.65879
280,10.497,17.0968,-1.65879
281,5.56997,16.0216,-1.80007
280,5.56997,16.0216,-1.80007
281,17.3317,17.7059,-2.03647
280,17.3317,17.7059,-2.03647
281,16.1539,16.9612,-1.37552
280,16.1539,16.9612,-1.37552
281,9.05128,14.5542,1.14196
280,9.05128,14.5542,1.14196
281,6.13593,14.7849,1.16095
280,6.13593,14.7849,1.16095
281,4.43255,18.2722,-5.12208
280,4.43255,18.2722,-5.12208
281,4.47644,18.6453,-5.11308
280,4.47644,18.6453,-5.11308
281,4.54101,16.1767,-4.97136
280,4.54101,16.1767,-4.97136
281,5.00294,15.6557,-4.01296
280,5.00294,15.6557,-4.01296
281,7.63774,14.6088,1.14877
280,7.63774,14.6088,1.14877
281,4.82251,14.1024,1.18875
280,4.82251,14.1024,1.18875
281,4.90253,15.1303,1.33884
280,4.90253,15.1303,1.33884
281,4.81221,17.5331,-4.58455
280,4.81221,17.5331,-4.58455
281,4.26441,15.4457,-3.8501
280,4.26441,15.4457,-3.8501
281,15.6881,16.6011,-1.24565
280,15.6881,16.6011,-1.24565
281,4.96556,15.249,-3.76218
280,4.96556,15.249,-3.76218
281,4.67899,12.9575,-2.61442
280,4.67899,12.9575,-2.61442
281,16.703,15.3464,-0.967719
280,16.703,15.3464,-0.967719
281,4.35636,16.092,-4.91267
280,4.35636,16.092,-4.91267
281,16.3607,15.1273,-0.395482
280,16.3607,15.1273,-0.395482
281,16.6062,17.3615,-1.05474
280,16.6062,17.3615,-1.05474
281,14.4035,15.8572,-1.68766
280,14.4035,15.8572,-1.68766
281,5.45595,20.2345,-4.18157
280,5.45595,20.2345,-4.18157
281,5.64053,22.1722,-4.73711
280,5.64053,22.1722,-4.73711
281,4.83927,15.8303,-4.7629
280,4.83927,15.8303,-4.7629
281,15.6371,16.583,-0.8005
280,15.6371,16.583,-0.8005
281,4.23272,15.7181,1.21143
280,4.23272,15.7181,1.21143
281,4.27093,15.3268,-3.73875
280,4.27093,15.3268,-3.73875
281,4.24649,16.2572,-4.2615
280,4.24649,16.2572,-4.2615
281,4.93829,14.3525,-4.01784
280,4.93829,14.3525,-4.01784
281,5.51557,15.6643,-1.92447
280,5.51557,15.6643,-1.92447
281,4.562,20.2285,-4.81249
280,4.562,20.2285,-4.81249
281,4.30732,12.5106,-2.12905
280,4.30732,12.5106,-2.12905
281,4.27132,15.4693,-4.16062
280,4.27132,15.4693,-4.16062
281,8.05555,15.7112,1.0282
280,8.05555,15.7112,1.0282
281,10.8789,17.6284,-1.84799
280,10.8789,17.6284,-1.84799
281,15.6828,16.5733,-2.08163
280,15.6828,16.5733,-2.08163
281,14.919,16.3401,-1.82753
280,14.919,16.3401,-1.82753
281,15.2458,16.5347,-1.70212
280,15.2458,16.5347,-1.70212
281,6.58049,15.5132,1.12611
280,6.58049,15.5132,1.12611
281,6.38912,15.5084,1.07178
280,6.38912,15.5084,1.07178
281,9.13928,15.0073,-0.915859
280,9.13928,15.0073,-0.915859
281,4.54154,15.8018,-4.92116
279,4.54154,15.8018,-4.92116
281,5.33246,14.0559,-3.30684
279,5.33246,14.0559,-3.30684
281,5.06459,16.9824,-5.21423
279,5.06459,16.9824,-5.21423
281,7.1906,13.8003,1.17393
279,7.1906,13.8003,1.17393
281,4.50828,20.7874,-6.4903
279,4.50828,20.7874,-6.4903
281,5.08201,22.5346,-5.27223
279,5.08201,22.5346,-5.27223
281,6.237,14.7296,1.15419
279,6.237,14.7296,1.15419
281,4.49513,19.2937,-5.52342
279,4.49513,19.2937,-5.52342
281,4.52097,17.2868,-5.497
279,4.52097,17.2868,-5.497
281,7.22384,13.8484,1.18282
279,7.22384,13.8484,1.18282
281,4.39496,18.0172,-4.4095
279,4.39496,18.0172,-4.4095
281,5.8737,11.4757,-1.48455
279,5.8737,11.4757,-1.48455
281,9.56578,18.3933,2.23353
279,9.56578,18.3933,2.23353
281,12.6584,13.4381,0.037986
279,12.6584,13.4381,0.037986
281,6.12526,15.4298,1.99472
279,6.12526,15.4298,1.99472
281,6.55241,17.2847,2.12914
279,6.55241,17.2847,2.12914
281,4.44885,19.5631,-5.08717
279,4.44885,19.5631,-5.08717
281,4.45829,14.8967,-4.82736
279,4.45829,14.8967,-4.82736
281,4.22057,15.6262,-4.55478
279,4.22057,15.6262,-4.55478
281,4.63646,18.1208,-5.47429
279,4.63646,18.1208,-5.47429
281,5.15068,15.2194,-4.9873
279,5.15068,15.2194,-4.9873
281,4.5138,15.5806,-4.2362
279,4.5138,15.5806,-4.2362
281,6.31079,17.7155,2.05852
279,6.31079,17.7155,2.05852
281,6.7643,18.408,2.11129
279,6.7643,18.408,2.11129
281,4.3117,15.8642,-1.54104
279,4.3117,15.8642,-1.54104
281,4.37754,19.5928,-2.41822
279,4.37754,19.5928,-2.41822
281,5.32172,16.6073,-4.8842
279,5.32172,16.6073,-4.8842
281,5.26782,13.3906,-3.50119
279,5.26782,13.3906,-3.50119
281,4.01773,14.4706,-3.70817
279,4.01773,14.4706,-3.70817
281,16.8712,15.4888,-1.20475
279,16.8712,15.4888,-1.20475
281,18.082,16.2802,-1.34856
279,18.082,16.2802,-1.34856
281,14.8186,15.8901,-1.80155
279,14.8186,15.8901,-1.80155
281,8.49445,11.0292,0.340954
279,8.49445,11.0292,0.340954
281,18.5064,17.5451,-1.07723
279,18.5064,17.5451,-1.07723
281,18.1958,17.2799,-1.70831
279,18.1958,17.2799,-1.70831
281,5.43063,15.2098,0.216181
279,5.43063,15.2098,0.216181
281,5.70755,11.8664,-1.73102
277,5.70755,11.8664,-1.73102
281,5.32087,12.4251,-1.73158
277,5.32087,12.4251,-1.73158
281,21.1834,19.3904,-1.67114
277,21.1834,19.3904,-1.67114
281,10.6607,14.6169,1.14871
277,10.6607,14.6169,1.14871
281,4.37886,20.0504,-5.64503
277,4.37886,20.0504,-5.64503
281,4.55882,16.3408,2.06003
277,4.55882,16.3408,2.06003
281,4.27843,15.6646,-4.26525
277,4.27843,15.6646,-4.26525
281,17.8847,16.3542,-1.2897
277,17.8847,16.3542,-1.2897
281,11.475,13.3217,-0.207902
277,11.475,13.3217,-0.207902
281,4.55725,16.416,2.06573
277,4.55725,16.416,2.06573
281,7.49629,15.2854,0.0777285
277,7.49629,15.2854,0.0777285
281,4.45082,18.1737,-1.89498
277,4.45082,18.1737,-1.89498
281,4.34611,16.8164,-3.98399
277,4.34611,16.8164,-3.98399
281,4.43868,17.0415,-3.72306
277,4.43868,17.0415,-3.72306
281,4.31887,17.4344,-4.37928
277,4.31887,17.4344,-4.37928
281,4.29032,18.8199,-5.38645
277,4.29032,18.8199,-5.38645
281,4.28873,16.5492,-4.55256
277,4.28873,16.5492,-4.55256
281,5.26721,12.6571,-2.14731
276,5.26721,12.6571,-2.14731
281,7.50478,14.5503,1.15667
276,7.50478,14.5503,1.15667
281,6.26695,14.8319,1.18096
276,6.26695,14.8319,1.18096
281,14.2613,15.6949,-1.49314
276,14.2613,15.6949,-1.49314
281,26.836,24.0412,-2.75807
276,26.836,24.0412,-2.75807
281,6.19964,15.1019,1.15045
276,6.19964,15.1019,1.15045
281,6.52024,17.3326,2.14762
276,6.52024,17.3326,2.14762
281,12.4927,14.3461,-1.05608
276,12.4927,14.3461,-1.05608
281,8.08293,13.3417,-1.64141
276,8.08293,13.3417,-1.64141
281,8.11164,13.4111,-1.72386
275,8.11164,13.4111,-1.72386
281,6.24626,14.9625,1.11204
275,6.24626,14.9625,1.11204
281,4.43715,16.0427,-3.63522
275,4.43715,16.0427,-3.63522
281,16.7805,17.7379,-2.23976
275,16.7805,17.7379,-2.23976
281,19.377,18.1177,-1.8535
275,19.377,18.1177,-1.8535
281,14.581,15.8529,-1.84843
272,14.581,15.8529,-1.84843
281,14.5697,15.818,-1.84309
272,14.5697,15.818,-1.84309
281,16.8705,17.6791,-2.33852
272,16.8705,17.6791,-2.33852
281,15.198,16.425,-1.94443
272,15.198,16.425,-1.94443
281,4.65423,20.2831,-4.67397
272,4.65423,20.2831,-4.67397
281,10.0746,19.0052,2.10974
272,10.0746,19.0052,2.10974
281,4.58434,15.933,1.9616
272,4.58434,15.933,1.9616
281,13.7939,15.1031,-1.46989
272,13.7939,15.1031,-1.46989
281,17.1511,16.5852,-1.32139
272,17.1511,16.5852,-1.32139
281,17.3169,18.1545,-2.58914
270,17.3169,18.1545,-2.58914
281,13.315,13.2563,-1.37538
270,13.315,13.2563,-1.37538
281,14.7289,15.6961,-1.28733
270,14.7289,15.6961,-1.28733
281,10.3437,16.7868,-1.55642
270,10.3437,16.7868,-1.55642
281,6.2374,16.4955,2.06845
268,6.2374,16.4955,2.06845
281,10.423,14.3514,1.15259
266,10.423,14.3514,1.15259
281,8.97798,17.4179,2.20871
263,8.97798,17.4179,2.20871
282,4.65984,8.12517,1.59699
282,4.39728,8.36017,1.47237
282,4.50486,8.37422,1.47845
282,4.63332,8.33388,1.30342
282,4.8275,8.8619,1.31644
282,5.7191,10.3869,1.91435
282,3.26521,12.0996,0.16006
282,3.19878,12.1336,0.157817
282,3.25328,12.1566,0.122139
282,3.24072,12.1396,-0.509055
282,3.17667,12.333,-0.136105
282,5.85686,10.525,-1.64312
282,5.83217,10.6175,-1.63926
282,3.2777,12.2276,-0.791595
282,5.85284,10.6805,-1.67929
282,5.82382,10.7545,-1.66434
282,3.25852,12.4019,-0.860378
282,3.27212,12.4152,-1.06685
282,3.27516,12.4179,-1.06928
282,5.09453,11.4574,-1.74039
282,3.18549,13.559,1.0772
282,3.22841,12.3055,-1.94704
282,3.22926,12.3297,-2.00943
282,3.18889,13.6355,1.07422
282,5.19405,11.7179,-1.67032
282,5.98214,11.4922,-1.42289
282,7.90399,10.5533,-1.66318
282,5.1919,11.8864,-1.52628
282,5.4233,11.8291,-1.4904
282,5.94362,11.5646,-1.6043
282,5.64915,11.7513,-1.55712
282,7.97971,10.6235,-1.69494
282,3.43265,14.1068,1.4469
282,5.22395,12.0301,-1.5642
282,5.23843,12.0656,-1.66381
282,5.68557,11.8715,-1.66772
282,5.67995,11.9032,-1.59764
282,6.04164,11.7941,-1.48828
282,3.39299,14.2015,1.28378
282,5.2949,12.1307,-1.624
282,5.24939,12.147,-1.64991
282,5.91331,11.8693,-1.56976
282,5.74307,11.9419,-1.71383
282,5.7562,11.9663,-1.72161
282,5.78624,11.9882,-1.71342
282,3.34921,14.4214,1.35883
282,5.96944,11.9738,-1.63443
282,5.98067,12.0398,-1.64402
282,6.14926,12.0098,-1.63822
282,3.6667,14.8757,1.91454
282,3.72257,14.9024,1.97574
282,6.90415,11.7581,-2.22646
282,5.80997,12.6198,-1.51636
282,5.86123,12.6282,-1.50684
282,3.7026,15.0069,1.77637
282,6.02116,12.5153,-1.61407
282,3.81746,14.7841,1.33416
282,5.9524,12.5581,-1.62143
282,5.97932,12.6207,-1.55678
282,5.99305,12.619,-1.55466
282,6.05065,12.6345,-1.53235
282,6.0027,12.6441,-1.56439
282,3.70935,15.0901,1.73
282,6.05218,12.6388,-1.54239
282,6.06496,12.6508,-1.55062
282,5.86083,12.7759,-1.57168
282,6.08104,12.7237,-1.59474
282,6.74905,12.4864,-1.79791
282,3.6466,15.5722,1.79591
282,6.65611,12.9295,-1.54051
282,5.76837,17.5081,-4.29252
281,5.76837,17.5081,-4.29252
282,5.31085,16.5884,-4.86889
281,5.31085,16.5884,-4.86889
282,5.71106,17.1451,-3.10827
281,5.71106,17.1451,-3.10827
282,15.8081,16.7699,-0.907932
281,15.8081,16.7699,-0.907932
282,10.4327,16.9675,-1.61547
281,10.4327,16.9675,-1.61547
282,4.58495,15.9585,-5.03341
281,4.58495,15.9585,-5.03341
282,6.28117,14.7785,1.11849
281,6.28117,14.7785,1.11849
282,6.26318,14.7778,1.15455
281,6.26318,14.7778,1.15455
282,5.70085,16.9483,-3.87317
281,5.70085,16.9483,-3.87317
282,5.70153,22.7004,-4.98308
281,5.70153,22.7004,-4.98308
282,5.68837,17.1559,-3.13917
281,5.68837,17.1559,-3.13917
282,5.67472,16.9873,-2.87976
281,5.67472,16.9873,-2.87976
282,5.68546,16.449,-4.9131
281,5.68546,16.449,-4.9131
282,4.37081,15.8916,-3.88013
281,4.37081,15.8916,-3.88013
282,4.94526,15.9551,-3.76768
281,4.94526,15.9551,-3.76768
282,16.1864,16.9908,-1.38619
281,16.1864,16.9908,-1.38619
282,5.40333,15.275,-3.85695
281,5.40333,15.275,-3.85695
282,16.2849,17.11,-0.98022
281,16.2849,17.11,-0.98022
282,6.22482,14.8186,1.23453
281,6.22482,14.8186,1.23453
282,10.7573,22.5835,2.26241
281,10.7573,22.5835,2.26241
282,5.67581,16.4227,-2.38746
281,5.67581,16.4227,-2.38746
282,5.76765,17.3744,-4.57039
281,5.76765,17.3744,-4.57039
282,5.76679,17.3518,-4.51627
281,5.76679,17.3518,-4.51627
282,13.9296,15.5489,-1.57902
281,13.9296,15.5489,-1.57902
282,4.57799,16.9196,-5.18658
281,4.57799,16.9196,-5.18658
282,4.285,15.8048,-4.09126
281,4.285,15.8048,-4.09126
282,12.1953,16.8005,2.44432
281,12.1953,16.8005,2.44432
282,16.3511,15.1514,-2.43919
281,16.3511,15.1514,-2.43919
282,4.28701,15.8861,0.185774
281,4.28701,15.8861,0.185774
282,5.86837,14.4683,1.92845
281,5.86837,14.4683,1.92845
282,16.2062,15.0436,-0.374911
281,16.2062,15.0436,-0.374911
282,4.25927,15.9761,-4.81457
281,4.25927,15.9761,-4.81457
282,12.1371,16.7251,2.44397
281,12.1371,16.7251,2.44397
282,6.18665,14.9415,1.15494
281,6.18665,14.9415,1.15494
282,5.63867,16.3089,-2.01687
281,5.63867,16.3089,-2.01687
282,5.08385,15.5648,-4.94487
281,5.08385,15.5648,-4.94487
282,6.46343,17.0265,2.04976
281,6.46343,17.0265,2.04976
282,6.20683,17.3141,2.05198
281,6.20683,17.3141,2.05198
282,4.60518,17.131,2.12615
281,4.60518,17.131,2.12615
282,4.35814,12.2164,-1.9827
281,4.35814,12.2164,-1.9827
282,4.52218,16.548,-2.86175
281,4.52218,16.548,-2.86175
282,4.38501,15.5685,-4.46408
281,4.38501,15.5685,-4.46408
282,15.63,16.5361,-0.806235
281,15.63,16.5361,-0.806235
282,5.84122,14.3552,1.92574
281,5.84122,14.3552,1.92574
282,4.27632,15.5915,1.19337
281,4.27632,15.5915,1.19337
282,4.37468,18.1548,-1.93966
281,4.37468,18.1548,-1.93966
282,4.41167,17.1599,-1.56854
281,4.41167,17.1599,-1.56854
282,20.9798,19.2705,-2.21219
281,20.9798,19.2705,-2.21219
282,10.068,16.3856,-1.37971
281,10.068,16.3856,-1.37971
282,4.2943,13.5462,-2.90824
281,4.2943,13.5462,-2.90824
282,4.04704,15.1353,-4.20576
281,4.04704,15.1353,-4.20576
282,5.67312,16.4173,-2.64274
281,5.67312,16.4173,-2.64274
282,4.40236,18.0444,-1.89484
281,4.40236,18.0444,-1.89484
282,4.39131,16.5495,-1.34699
281,4.39131,16.5495,-1.34699
282,15.192,16.5408,-1.67288
281,15.192,16.5408,-1.67288
282,15.2429,16.515,-1.99235
281,15.2429,16.515,-1.99235
282,16.0687,16.6594,-1.67817
281,16.0687,16.6594,-1.67817
282,18.11,16.357,-1.34662
281,18.11,16.357,-1.34662
282,6.15363,14.6971,1.39317
281,6.15363,14.6971,1.39317
282,10.4839,16.976,-1.60112
281,10.4839,16.976,-1.60112
282,5.50977,15.8588,-4.66488
280,5.50977,15.8588,-4.66488
282,5.50368,15.9185,-4.71117
280,5.50368,15.9185,-4.71117
282,5.96263,13.8211,1.17688
280,5.96263,13.8211,1.17688
282,4.64976,17.5521,-5.08442
280,4.64976,17.5521,-5.08442
282,5.41069,22.5355,-5.25866
280,5.41069,22.5355,-5.25866
282,5.29419,16.2662,-4.63658
280,5.29419,16.2662,-4.63658
282,5.23526,16.6422,-4.58274
280,5.23526,16.6422,-4.58274
282,5.53402,17.0656,-4.54035
280,5.53402,17.0656,-4.54035
282,6.27039,14.9222,1.25615
280,6.27039,14.9222,1.25615
282,4.73597,15.5223,-4.56891
280,4.73597,15.5223,-4.56891
282,4.80801,16.7421,-4.09856
280,4.80801,16.7421,-4.09856
282,5.23053,16.7168,-5.19935
280,5.23053,16.7168,-5.19935
282,6.71025,16.8399,0.985432
280,6.71025,16.8399,0.985432
282,14.9802,14.4777,-0.683749
280,14.9802,14.4777,-0.683749
282,6.20072,14.7534,1.11016
280,6.20072,14.7534,1.11016
282,4.55549,21.6921,-7.20758
280,4.55549,21.6921,-7.20758
282,5.17149,13.3434,-3.02203
280,5.17149,13.3434,-3.02203
282,6.50648,15.9417,1.35499
280,6.50648,15.9417,1.35499
282,4.9465,15.2719,1.31678
280,4.9465,15.2719,1.31678
282,5.07609,15.4994,-4.90072
280,5.07609,15.4994,-4.90072
282,8.18961,15.8981,1.35888
280,8.18961,15.8981,1.35888
282,4.58345,21.0517,-5.57505
280,4.58345,21.0517,-5.57505
282,4.34669,14.552,-2.49451
280,4.34669,14.552,-2.49451
282,13.2555,14.9472,-1.32762
280,13.2555,14.9472,-1.32762
282,14.3924,13.9361,-1.29682
280,14.3924,13.9361,-1.29682
282,4.30577,16.1251,0.161167
280,4.30577,16.1251,0.161167
282,4.31313,17.5319,-5.19076
280,4.31313,17.5319,-5.19076
282,4.34138,14.5262,-3.15453
280,4.34138,14.5262,-3.15453
282,4.329,15.667,-4.3715
280,4.329,15.667,-4.3715
282,9.09267,14.5953,1.12067
279,9.09267,14.5953,1.12067
282,5.15322,13.9642,-4.1176
279,5.15322,13.9642,-4.1176
282,4.36559,16.5609,-4.53339
279,4.36559,16.5609,-4.53339
282,4.24904,15.3827,-3.48886
279,4.24904,15.3827,-3.48886
282,4.41076,16.2844,-5.15922
279,4.41076,16.2844,-5.15922
282,5.39787,16.9403,-5.12534
279,5.39787,16.9403,-5.12534
282,4.02985,14.9513,-4.10235
279,4.02985,14.9513,-4.10235
282,9.7667,15.9961,-1.25501
279,9.7667,15.9961,-1.25501
282,4.31602,15.4162,-4.0837
279,4.31602,15.4162,-4.0837
282,124.98,101.483,-33.6802
279,124.98,101.483,-33.6802
282,18.2245,18.6441,-2.23698
279,18.2245,18.6441,-2.23698
282,10.1542,12.4087,-0.216888
279,10.1542,12.4087,-0.216888
282,4.0302,16.0633,-3.7945
279,4.0302,16.0633,-3.7945
282,6.25842,14.3921,1.12647
277,6.25842,14.3921,1.12647
282,6.22863,14.9366,1.41623
277,6.22863,14.9366,1.41623
282,5.13304,15.781,-4.68875
277,5.13304,15.781,-4.68875
282,10.8342,14.7947,1.08879
277,10.8342,14.7947,1.08879
282,4.41017,18.2012,-4.75232
277,4.41017,18.2012,-4.75232
282,4.91047,16.1944,-4.81628
277,4.91047,16.1944,-4.81628
282,4.9251,21.3793,-5.03584
277,4.9251,21.3793,-5.03584
282,4.90001,15.9065,-4.57518
277,4.90001,15.9065,-4.57518
282,5.42498,17.026,-0.029691
277,5.42498,17.026,-0.029691
282,6.48763,16.7822,2.10213
277,6.48763,16.7822,2.10213
282,4.30226,19.4027,-5.76706
277,4.30226,19.4027,-5.76706
282,4.34058,17.8364,-4.64516
277,4.34058,17.8364,-4.64516
282,15.8279,16.7802,-1.89555
275,15.8279,16.7802,-1.89555
282,9.85881,17.8159,2.01867
275,9.85881,17.8159,2.01867
282,9.13513,14.6826,1.53984
275,9.13513,14.6826,1.53984
282,17.7891,18.4087,-1.97541
275,17.7891,18.4087,-1.97541
282,11.0078,15.0036,1.52109
275,11.0078,15.0036,1.52109
282,4.55124,16.0012,1.97695
275,4.55124,16.0012,1.97695
282,24.3508,29.2248,3.75177
275,24.3508,29.2248,3.75177
282,16.2318,17.3189,-2.0398
275,16.2318,17.3189,-2.0398
282,14.0136,15.4229,-1.47348
272,14.0136,15.4229,-1.47348
282,14.1283,15.5822,-1.61028
272,14.1283,15.5822,-1.61028
282,17.0381,17.8126,-2.39519
272,17.0381,17.8126,-2.39519
282,13.3712,14.8095,-1.40054
272,13.3712,14.8095,-1.40054
282,14.4862,15.7597,-1.80489
272,14.4862,15.7597,-1.80489
282,7.98975,13.2466,-1.5166
272,7.98975,13.2466,-1.5166
282,-1.79555,67.6095,4.10081
272,-1.79555,67.6095,4.10081
282,15.306,16.3678,-1.71816
270,15.306,16.3678,-1.71816
282,14.3732,15.6775,-1.76431
270,14.3732,15.6775,-1.76431
282,6.18971,14.7966,1.09395
270,6.18971,14.7966,1.09395
282,6.46333,14.6793,1.09827
270,6.46333,14.6793,1.09827
282,6.51751,15.2316,1.05644
270,6.51751,15.2316,1.05644
282,14.9089,15.7945,-1.35939
270,14.9089,15.7945,-1.35939
282,6.03044,16.6082,2.15269
270,6.03044,16.6082,2.15269
282,19.5455,18.7149,-1.25161
270,19.5455,18.7149,-1.25161
282,6.48743,16.9902,2.21941
270,6.48743,16.9902,2.21941
282,6.02568,16.3772,2.13513
270,6.02568,16.3772,2.13513
282,6.59968,15.5263,0.236064
268,6.59968,15.5263,0.236064
282,15.7645,16.4902,-1.57708
266,15.7645,16.4902,-1.57708
282,18.7795,17.7121,-1.82036
263,18.7795,17.7121,-1.82036
283,4.19103,8.17123,1.4854
283,4.43999,8.37254,1.45893
283,4.44014,8.37378,1.45911
283,3.27216,12.092,0.281416
283,3.24557,12.2446,0.241629
283,3.28984,12.0927,-0.30233
283,5.81842,10.3875,-1.62565
283,5.81925,10.3918,-1.63698
283,3.24269,12.3294,0.040009
283,6.36298,10.1805,-1.62032
283,6.3666,10.1769,-1.62723
283,3.27735,12.1863,-0.338158
283,5.83615,10.4435,-1.66267
283,3.25159,12.2272,-0.346475
283,3.25751,12.2824,-0.560907
283,5.86045,10.6453,-1.6345
283,5.83894,10.6753,-1.61561
283,5.83122,10.7364,-1.64488
283,5.88539,10.7332,-1.66502
283,3.31567,12.4282,-1.0849
283,5.09725,11.354,-1.65161
283,3.14616,13.4833,1.07376
283,3.27229,12.5234,-1.07903
283,5.15659,11.7224,-1.50592
283,5.93393,11.4602,-1.56391
283,3.35364,14.131,1.7179
283,5.13613,11.8729,-1.57873
283,6.00608,11.6394,-1.51372
283,3.47589,14.1159,1.42655
283,3.44851,14.096,1.26902
283,3.40005,14.1851,1.3419
283,3.16832,14.5191,1.77625
283,3.32755,14.4466,1.71867
283,6.05288,11.7968,-1.62157
283,5.75611,11.8968,-1.72155
283,6.01295,11.9118,-1.61661
283,5.9847,11.9536,-1.65155
283,5.23158,12.3329,-1.83467
283,3.61976,14.4011,1.19313
283,5.83313,12.2068,-1.69679
283,3.71925,14.7023,1.17382
283,5.88706,12.6404,-1.49001
283,6.04038,12.5396,-1.63377
283,6.01426,12.6242,-1.5254
283,3.75845,15.0031,1.35703
283,8.65486,11.3023,-1.90443
283,5.99831,12.6897,-1.58137
283,6.02856,12.6923,-1.57418
283,3.75707,15.0345,1.35603
283,3.75378,15.1385,1.48698
283,3.75348,15.1511,1.51345
283,3.07181,15.6649,1.93372
283,6.6158,15.4986,0.0375563
281,6.6158,15.4986,0.0375563
283,13.9629,15.5963,-1.58132
281,13.9629,15.5963,-1.58132
283,15.1297,16.2946,-1.8074
281,15.1297,16.2946,-1.8074
283,7.58715,14.55,1.12353
281,7.58715,14.55,1.12353
283,4.7371,15.3986,-4.97457
281,4.7371,15.3986,-4.97457
283,5.86045,17.6352,-2.30743
281,5.86045,17.6352,-2.30743
283,7.58521,14.5374,1.12617
281,7.58521,14.5374,1.12617
283,7.79973,14.8695,1.11897
281,7.79973,14.8695,1.11897
283,16.1385,16.9573,-1.37546
281,16.1385,16.9573,-1.37546
283,17.0939,17.516,-2.00611
281,17.0939,17.516,-2.00611
283,5.4281,12.7215,-1.90632
281,5.4281,12.7215,-1.90632
283,15.712,16.6726,-0.894887
281,15.712,16.6726,-0.894887
283,10.2772,16.7194,-1.52595
281,10.2772,16.7194,-1.52595
283,4.08462,14.5457,-3.78195
281,4.08462,14.5457,-3.78195
283,5.25963,13.0045,-3.19721
281,5.25963,13.0045,-3.19721
283,5.79747,13.9401,1.9442
281,5.79747,13.9401,1.9442
283,6.78397,16.9497,0.991079
281,6.78397,16.9497,0.991079
283,6.06987,14.3792,1.18801
281,6.06987,14.3792,1.18801
283,8.20495,15.836,1.03124
281,8.20495,15.836,1.03124
283,7.64933,14.8371,1.12697
281,7.64933,14.8371,1.12697
283,4.44528,20.3854,-2.6767
281,4.44528,20.3854,-2.6767
283,4.57183,15.4837,-4.41008
281,4.57183,15.4837,-4.41008
283,5.88743,17.8117,-2.37318
281,5.88743,17.8117,-2.37318
283,20.2346,19.0481,-1.38832
281,20.2346,19.0481,-1.38832
283,4.91907,15.2078,-4.35338
281,4.91907,15.2078,-4.35338
283,4.88831,15.0601,1.92437
281,4.88831,15.0601,1.92437
283,6.27685,15.9618,2.06805
281,6.27685,15.9618,2.06805
283,4.95397,18.9656,-5.4739
281,4.95397,18.9656,-5.4739
283,8.01499,17.3437,2.17647
281,8.01499,17.3437,2.17647
283,8.36672,13.8032,-1.78073
281,8.36672,13.8032,-1.78073
283,16.4787,17.2343,-1.44378
281,16.4787,17.2343,-1.44378
283,15.538,16.535,-0.823259
281,15.538,16.535,-0.823259
283,8.06332,13.3609,-1.51321
281,8.06332,13.3609,-1.51321
283,16.5824,16.5827,-0.755047
281,16.5824,16.5827,-0.755047
283,16.8196,15.4299,-0.998713
281,16.8196,15.4299,-0.998713
283,3.74087,14.6422,1.76455
281,3.74087,14.6422,1.76455
283,4.90917,15.8463,1.2783
281,4.90917,15.8463,1.2783
283,3.77459,14.0343,1.87429
281,3.77459,14.0343,1.87429
283,5.37919,15.1483,-3.72557
281,5.37919,15.1483,-3.72557
283,16.4015,16.0732,-0.712688
281,16.4015,16.0732,-0.712688
283,4.3031,15.7442,1.19215
281,4.3031,15.7442,1.19215
283,5.72658,10.6857,-1.28526
281,5.72658,10.6857,-1.28526
283,12.6351,14.203,-0.167264
281,12.6351,14.203,-0.167264
283,10.7145,17.3549,-1.73601
281,10.7145,17.3549,-1.73601
283,13.1539,21.0749,-3.01222
281,13.1539,21.0749,-3.01222
283,13.0226,13.1176,-0.249903
281,13.0226,13.1176,-0.249903
283,6.002,18.5379,-5.63005
281,6.002,18.5379,-5.63005
283,6.14404,19.5668,-5.8739
281,6.14404,19.5668,-5.8739
283,19.4279,18.2852,-1.90634
281,19.4279,18.2852,-1.90634
283,4.05795,15.0506,1.27495
281,4.05795,15.0506,1.27495
283,6.80809,16.1536,-0.0252756
281,6.80809,16.1536,-0.0252756
283,16.5644,15.3118,-0.444401
281,16.5644,15.3118,-0.444401
283,9.79464,19.0168,2.03317
281,9.79464,19.0168,2.03317
283,10.7739,11.7133,0.241726
281,10.7739,11.7133,0.241726
283,15.3034,16.5805,-1.71475
281,15.3034,16.5805,-1.71475
283,4.35975,19.0015,-7.10773
281,4.35975,19.0015,-7.10773
283,4.59233,18.7611,-4.05426
281,4.59233,18.7611,-4.05426
283,11.2513,18.1426,-2.01446
281,11.2513,18.1426,-2.01446
283,8.29252,13.619,-1.7841
281,8.29252,13.619,-1.7841
283,4.61638,19.5077,-4.46133
281,4.61638,19.5077,-4.46133
283,11.7551,13.7335,-0.803445
281,11.7551,13.7335,-0.803445
283,15.1838,16.5759,-1.92762
281,15.1838,16.5759,-1.92762
283,8.63935,11.2236,0.235865
281,8.63935,11.2236,0.235865
283,6.63019,16.2259,1.00822
281,6.63019,16.2259,1.00822
283,4.71375,16.092,-4.94933
281,4.71375,16.092,-4.94933
283,16.486,16.9416,-1.81989
281,16.486,16.9416,-1.81989
283,10.163,16.4953,-1.44752
281,10.163,16.4953,-1.44752
283,5.50884,15.9076,-4.31067
280,5.50884,15.9076,-4.31067
283,5.05668,16.1106,-4.62134
280,5.05668,16.1106,-4.62134
283,4.94384,15.5735,1.06671
280,4.94384,15.5735,1.06671
283,4.93532,14.8851,1.11904
280,4.93532,14.8851,1.11904
283,4.92696,14.7871,1.13405
280,4.92696,14.7871,1.13405
283,6.12928,14.3992,1.13036
280,6.12928,14.3992,1.13036
283,6.09599,14.2783,1.14748
280,6.09599,14.2783,1.14748
283,4.26826,15.9403,-3.83761
280,4.26826,15.9403,-3.83761
283,4.3602,15.6766,-4.53011
280,4.3602,15.6766,-4.53011
283,5.00621,20.8764,-4.79125
280,5.00621,20.8764,-4.79125
283,4.56693,14.2643,-4.64138
280,4.56693,14.2643,-4.64138
283,6.89044,11.6339,-1.64207
280,6.89044,11.6339,-1.64207
283,5.36395,13.5749,-3.70133
280,5.36395,13.5749,-3.70133
283,6.21663,14.7451,1.10988
280,6.21663,14.7451,1.10988
283,17.2906,18.0303,-1.84584
280,17.2906,18.0303,-1.84584
283,5.34437,13.6355,-3.46556
280,5.34437,13.6355,-3.46556
283,6.16543,14.5565,1.28007
280,6.16543,14.5565,1.28007
283,6.15537,14.7677,1.31483
280,6.15537,14.7677,1.31483
283,16.7888,16.3459,-1.27014
280,16.7888,16.3459,-1.27014
283,4.32566,16.5296,-4.08986
280,4.32566,16.5296,-4.08986
283,4.4336,16.216,-5.03585
280,4.4336,16.216,-5.03585
283,4.3237,15.2523,-3.94076
280,4.3237,15.2523,-3.94076
283,5.39082,13.7254,-3.96641
280,5.39082,13.7254,-3.96641
283,4.5118,17.276,-4.35941
280,4.5118,17.276,-4.35941
283,4.49212,16.4459,-3.81349
280,4.49212,16.4459,-3.81349
283,14.875,14.2221,-0.714724
280,14.875,14.2221,-0.714724
283,4.98596,14.9688,1.17675
280,4.98596,14.9688,1.17675
283,4.8146,17.7581,-6.17996
280,4.8146,17.7581,-6.17996
283,10.4605,12.3007,-0.0985306
280,10.4605,12.3007,-0.0985306
283,5.49265,15.4673,-1.66207
280,5.49265,15.4673,-1.66207
283,5.71931,11.7861,-1.53303
277,5.71931,11.7861,-1.53303
283,10.9299,14.8989,1.08089
277,10.9299,14.8989,1.08089
283,13.3208,14.9379,-1.33966
277,13.3208,14.9379,-1.33966
283,12.7071,14.3374,-0.970618
277,12.7071,14.3374,-0.970618
283,18.4909,16.7193,-1.42276
277,18.4909,16.7193,-1.42276
283,4.40196,15.9609,-4.71175
277,4.40196,15.9609,-4.71175
283,11.0181,15,1.0728
277,11.0181,15,1.0728
283,4.45748,19.1747,-5.07931
277,4.45748,19.1747,-5.07931
283,3.93671,13.7044,-2.93253
277,3.93671,13.7044,-2.93253
283,13.2673,17.9677,2.5476
277,13.2673,17.9677,2.5476
283,4.30973,15.7806,-3.54175
277,4.30973,15.7806,-3.54175
283,16.6186,17.3031,-2.29139
277,16.6186,17.3031,-2.29139
283,15.8066,16.9318,-2.24703
275,15.8066,16.9318,-2.24703
283,13.8375,15.2343,-1.58123
275,13.8375,15.2343,-1.58123
283,10.6541,15.2152,0.00261502
275,10.6541,15.2152,0.00261502
283,15.5272,16.4524,-2.06884
275,15.5272,16.4524,-2.06884
283,15.1692,16.3458,-1.81159
275,15.1692,16.3458,-1.81159
283,4.43519,16.2795,-3.88516
275,4.43519,16.2795,-3.88516
283,9.30038,14.9248,1.5236
275,9.30038,14.9248,1.5236
283,4.2519,16.4157,-3.77035
275,4.2519,16.4157,-3.77035
283,14.2759,15.8185,-1.66972
275,14.2759,15.8185,-1.66972
283,14.6396,15.8462,-1.74241
275,14.6396,15.8462,-1.74241
283,6.64372,15.6469,-0.00827464
272,6.64372,15.6469,-0.00827464
283,13.1651,14.6514,-1.3127
272,13.1651,14.6514,-1.3127
283,6.7788,13.1741,-1.66262
272,6.7788,13.1741,-1.66262
283,10.0497,16.8558,-1.39785
272,10.0497,16.8558,-1.39785
283,4.69563,16.8414,0.0310615
272,4.69563,16.8414,0.0310615
283,4.62506,16.058,1.99473
272,4.62506,16.058,1.99473
283,4.51331,16.0123,2.10961
272,4.51331,16.0123,2.10961
283,2.72843,35.0863,3.05346
272,2.72843,35.0863,3.05346
283,17.1483,17.8294,-1.66622
270,17.1483,17.8294,-1.66622
283,6.20166,14.7579,1.0942
270,6.20166,14.7579,1.0942
283,19.5924,17.2854,-1.73125
270,19.5924,17.2854,-1.73125
283,6.23422,14.5105,1.13814
270,6.23422,14.5105,1.13814
283,6.26156,14.9717,1.09237
270,6.26156,14.9717,1.09237
283,14.7639,15.6657,-1.31092
270,14.7639,15.6657,-1.31092
283,8.06515,13.3081,-1.61856
268,8.06515,13.3081,-1.61856
283,10.2854,16.6247,-1.50578
263,10.2854,16.6247,-1.50578
284,4.16638,7.95555,1.49753
284,4.35554,8.37071,1.44079
284,4.35651,8.37343,1.44219
284,3.22862,12.2556,1.02301
284,3.21209,12.3256,1.00466
284,3.2293,12.2782,0.715588
284,3.25818,12.4046,1.01372
284,3.30393,12.3052,0.638603
284,3.21206,12.217,0.142314
284,5.74686,10.2006,-1.68644
284,5.74854,10.2029,-1.69173
284,5.74481,10.3239,-1.50762
284,5.78344,10.2569,-1.62535
284,5.30685,10.4864,-1.6902
284,5.78112,10.3522,-1.58544
284,5.82756,10.296,-1.70765
284,5.31942,10.5382,-1.7169
284,5.82627,10.3217,-1.69535
284,5.30285,10.6097,-1.65843
284,5.31305,10.6179,-1.6782
284,5.313,10.6274,-1.68418
284,5.32028,10.6638,-1.7245
284,5.82068,10.5929,-1.61427
284,5.80055,10.6959,-1.54166
284,3.20298,12.5356,-0.300663
284,5.86421,10.6617,-1.68199
284,5.86065,10.673,-1.66962
284,5.80799,10.7249,-1.62178
284,5.86972,10.6855,-1.66687
284,5.8557,10.7043,-1.65602
284,5.83373,10.7497,-1.67993
284,5.8757,10.793,-1.6709
284,5.88523,10.8027,-1.66043
284,3.10831,12.8157,-0.187409
284,3.29405,12.5099,-0.811233
284,3.23414,12.3919,-1.17163
284,3.23361,12.4194,-1.16674
284,3.31061,12.4166,-1.0993
284,3.28403,12.4647,-1.0738
284,3.11671,13.5412,1.05953
284,3.25931,12.5717,-0.877164
284,3.26493,12.4633,-1.17973
284,3.33725,12.2913,-1.5309
284,5.87504,11.1739,-1.52774
284,5.87461,11.1963,-1.56172
284,3.36563,14.0037,1.67469
284,5.89526,11.3727,-1.5035
284,5.89154,11.3633,-1.53534
284,3.24864,12.2716,-2.24876
284,2.70627,12.6712,-2.205
284,3.09806,12.4211,-2.3645
284,5.94361,11.5137,-1.61129
284,7.93693,10.6217,-1.65517
284,5.24571,11.9622,-1.65247
284,5.96221,11.6728,-1.59544
284,5.23223,12.0008,-1.67386
284,3.34198,12.6033,-2.29049
284,8.02773,10.6762,-1.7304
284,7.99178,10.7357,-1.65897
284,8.02581,10.691,-1.72542
284,7.98552,10.7472,-1.6504
284,5.70038,11.8581,-1.59632
284,5.28446,12.0607,-1.58478
284,5.70563,11.8878,-1.63793
284,5.63771,11.9963,-1.49125
284,5.76304,11.9132,-1.65036
284,6.12825,11.7822,-1.65878
284,6.07387,11.8341,-1.65696
284,5.74376,12.0387,-1.59407
284,5.97307,11.975,-1.641
284,5.98474,11.9693,-1.64569
284,3.37026,12.8521,-2.38108
284,5.98979,12.0157,-1.64251
284,6.14524,11.9935,-1.59836
284,5.99843,12.0646,-1.64559
284,5.22432,12.335,-1.84407
284,6.55388,11.8238,-1.6202
284,3.72032,14.7151,1.15236
284,7.00545,11.8295,-1.78461
284,3.85661,14.8255,1.36164
284,5.88205,12.6582,-1.50975
284,3.86463,14.9705,1.3705
284,6.07642,12.5938,-1.51957
284,5.97229,12.6766,-1.58469
284,6.69629,12.3744,-1.71122
284,6.07075,12.7779,-1.6947
284,3.73616,15.3123,1.32232
284,3.82547,15.3187,1.28916
284,6.14996,12.879,-1.68528
284,4.04077,15.2325,1.22558
284,3.87277,15.4035,1.38624
284,10.4399,16.9646,-1.61519
282,10.4399,16.9646,-1.61519
284,5.41635,15.1047,-4.43175
282,5.41635,15.1047,-4.43175
284,5.30028,16.9736,-4.99927
282,5.30028,16.9736,-4.99927
284,5.28244,16.8859,-4.74061
282,5.28244,16.8859,-4.74061
284,12.8795,14.6974,-1.23332
282,12.8795,14.6974,-1.23332
284,13.2291,14.9995,-1.33619
282,13.2291,14.9995,-1.33619
284,4.50782,15.6325,-4.637
282,4.50782,15.6325,-4.637
284,4.47369,17.0884,-5.398
282,4.47369,17.0884,-5.398
284,4.75129,17.8579,-3.3265
282,4.75129,17.8579,-3.3265
284,4.4794,17.6853,-4.73902
282,4.4794,17.6853,-4.73902
284,16.219,17.0393,-0.97971
282,16.219,17.0393,-0.97971
284,7.60211,15.477,-0.0116016
282,7.60211,15.477,-0.0116016
284,8.54835,17.4584,-0.795111
282,8.54835,17.4584,-0.795111
284,8.43764,17.206,-0.609742
282,8.43764,17.206,-0.609742
284,5.95277,18.6697,-3.89073
282,5.95277,18.6697,-3.89073
284,7.50939,14.4257,1.13245
282,7.50939,14.4257,1.13245
284,4.71461,16.8869,1.92611
282,4.71461,16.8869,1.92611
284,6.75107,17.7816,2.19722
282,6.75107,17.7816,2.19722
284,7.28397,19.8851,2.32108
282,7.28397,19.8851,2.32108
284,6.14436,16.9746,2.02667
282,6.14436,16.9746,2.02667
284,7.38307,21.0149,2.22511
282,7.38307,21.0149,2.22511
284,4.41596,15.3762,-4.46317
282,4.41596,15.3762,-4.46317
284,5.97458,24.7673,-6.67158
282,5.97458,24.7673,-6.67158
284,4.91793,16.1217,-4.93838
282,4.91793,16.1217,-4.93838
284,4.95664,15.4166,-4.03963
282,4.95664,15.4166,-4.03963
284,5.7419,16.8258,-2.37784
282,5.7419,16.8258,-2.37784
284,5.80826,12.1003,-1.79571
282,5.80826,12.1003,-1.79571
284,9.52418,19.1231,2.29225
282,9.52418,19.1231,2.29225
284,20.2179,17.8174,-1.81598
282,20.2179,17.8174,-1.81598
284,4.30946,15.3256,-3.75849
282,4.30946,15.3256,-3.75849
284,11.2175,13.2078,-0.23449
282,11.2175,13.2078,-0.23449
284,5.79952,23.0881,-5.86533
282,5.79952,23.0881,-5.86533
284,5.35276,15.627,-4.53465
282,5.35276,15.627,-4.53465
284,23.4493,20.9933,-2.10976
282,23.4493,20.9933,-2.10976
284,4.43504,15.9147,-4.89223
282,4.43504,15.9147,-4.89223
284,4.28329,16.0919,-4.88664
282,4.28329,16.0919,-4.88664
284,4.41085,15.4319,-4.48916
282,4.41085,15.4319,-4.48916
284,4.50327,15.1048,-4.21036
282,4.50327,15.1048,-4.21036
284,25.0502,22.0798,-2.34402
282,25.0502,22.0798,-2.34402
284,5.456,15.2962,-1.53336
282,5.456,15.2962,-1.53336
284,6.08864,12.2865,-1.7055
282,6.08864,12.2865,-1.7055
284,4.34673,17.0893,-0.0171095
282,4.34673,17.0893,-0.0171095
284,16.7854,17.7321,-2.23099
282,16.7854,17.7321,-2.23099
284,9.46172,11.6326,0.146601
282,9.46172,11.6326,0.146601
284,11.5584,18.5795,-2.12788
282,11.5584,18.5795,-2.12788
284,13.312,14.5655,-0.913289
282,13.312,14.5655,-0.913289
284,14.3732,14.6725,-0.774969
282,14.3732,14.6725,-0.774969
284,18.647,17.6262,-1.14682
282,18.647,17.6262,-1.14682
284,18.0909,16.3063,-1.42203
282,18.0909,16.3063,-1.42203
284,12.8664,14.6586,-0.97711
282,12.8664,14.6586,-0.97711
284,4.33247,16.9092,-1.52009
282,4.33247,16.9092,-1.52009
284,7.69757,14.7948,1.10072
281,7.69757,14.7948,1.10072
284,10.3559,16.8384,-1.55942
281,10.3559,16.8384,-1.55942
284,6.67671,17.5353,2.04843
281,6.67671,17.5353,2.04843
284,6.96133,18.7104,2.09975
281,6.96133,18.7104,2.09975
284,6.21383,17.3525,2.07247
281,6.21383,17.3525,2.07247
284,5.58784,20.7286,-4.41991
281,5.58784,20.7286,-4.41991
284,4.98611,16.0194,-5.00328
281,4.98611,16.0194,-5.00328
284,5.56292,15.414,-4.76215
281,5.56292,15.414,-4.76215
284,4.94055,18.771,-5.3516
281,4.94055,18.771,-5.3516
284,14.6453,16.1089,-1.80445
281,14.6453,16.1089,-1.80445
284,5.97643,11.6302,-1.64762
281,5.97643,11.6302,-1.64762
284,6.09839,11.9344,-1.82677
281,6.09839,11.9344,-1.82677
284,4.43131,19.4313,-2.36037
281,4.43131,19.4313,-2.36037
284,5.17703,17.5222,-5.54568
281,5.17703,17.5222,-5.54568
284,7.85465,16.0184,-0.0970607
281,7.85465,16.0184,-0.0970607
284,16.7716,15.4113,-1.00025
281,16.7716,15.4113,-1.00025
284,4.34693,14.4897,-4.67284
281,4.34693,14.4897,-4.67284
284,15.1988,16.2695,-1.17039
281,15.1988,16.2695,-1.17039
284,5.34375,13.4951,-3.5642
281,5.34375,13.4951,-3.5642
284,15.3955,16.389,-0.761327
281,15.3955,16.389,-0.761327
284,5.39498,13.7763,-3.81955
281,5.39498,13.7763,-3.81955
284,11.4746,18.5102,-2.13964
281,11.4746,18.5102,-2.13964
284,4.30203,15.5693,-3.41259
281,4.30203,15.5693,-3.41259
284,18.9771,19.153,-1.47135
281,18.9771,19.153,-1.47135
284,8.73336,17.1697,0.954618
281,8.73336,17.1697,0.954618
284,5.3364,19.5404,-4.11275
281,5.3364,19.5404,-4.11275
284,18.0319,16.2314,-0.754499
281,18.0319,16.2314,-0.754499
284,5.47326,16.3842,-4.77034
280,5.47326,16.3842,-4.77034
284,7.19364,12.1403,-1.78279
280,7.19364,12.1403,-1.78279
284,16.1079,17.0375,-1.8669
280,16.1079,17.0375,-1.8669
284,10.5319,16.9323,-1.60629
280,10.5319,16.9323,-1.60629
284,4.51592,16.2251,-4.88636
280,4.51592,16.2251,-4.88636
284,4.83416,16.3236,-4.41639
280,4.83416,16.3236,-4.41639
284,5.10804,17.7474,-4.92923
280,5.10804,17.7474,-4.92923
284,4.46391,14.4433,-4.99163
280,4.46391,14.4433,-4.99163
284,5.30508,15.18,-4.80498
280,5.30508,15.18,-4.80498
284,4.87623,16.9842,-5.06128
280,4.87623,16.9842,-5.06128
284,4.54674,16.8151,-5.3293
280,4.54674,16.8151,-5.3293
284,4.58154,14.3682,-4.70691
280,4.58154,14.3682,-4.70691
284,4.89299,16.0336,-4.37505
280,4.89299,16.0336,-4.37505
284,4.45721,14.3305,-4.8636
280,4.45721,14.3305,-4.8636
284,16.7383,15.3747,-0.593729
280,16.7383,15.3747,-0.593729
284,23.2164,19.4414,-1.75061
280,23.2164,19.4414,-1.75061
284,5.4555,14.3276,-3.79225
280,5.4555,14.3276,-3.79225
284,4.81888,20.5888,-10.7536
280,4.81888,20.5888,-10.7536
284,8.68364,14.0575,1.17115
280,8.68364,14.0575,1.17115
284,5.5654,12.4749,1.31081
280,5.5654,12.4749,1.31081
284,6.19237,15.0445,1.14565
280,6.19237,15.0445,1.14565
284,7.6201,14.7095,1.11365
280,7.6201,14.7095,1.11365
284,5.8063,17.144,-2.79146
280,5.8063,17.144,-2.79146
284,4.78211,15.534,1.11953
280,4.78211,15.534,1.11953
284,14.1322,15.4694,-1.67414
277,14.1322,15.4694,-1.67414
284,14.38,15.8072,-1.72782
277,14.38,15.8072,-1.72782
284,13.0979,14.6112,-1.3103
277,13.0979,14.6112,-1.3103
284,14.3529,15.6531,-1.75195
277,14.3529,15.6531,-1.75195
284,13.8542,15.3877,-1.53305
277,13.8542,15.3877,-1.53305
284,5.60388,21.0781,-4.88121
277,5.60388,21.0781,-4.88121
284,14.3545,15.5352,-1.65838
277,14.3545,15.5352,-1.65838
284,14.7972,16.228,-1.86193
277,14.7972,16.228,-1.86193
284,4.38163,17.4351,-4.38347
277,4.38163,17.4351,-4.38347
284,10.2368,16.5904,-1.48863
275,10.2368,16.5904,-1.48863
284,13.2218,14.8447,-1.2356
275,13.2218,14.8447,-1.2356
284,17.8387,18.2462,-1.74763
275,17.8387,18.2462,-1.74763
284,16.8754,17.6163,-1.58358
272,16.8754,17.6163,-1.58358
284,7.68816,14.5797,1.15859
272,7.68816,14.5797,1.15859
284,4.58798,18.7467,-2.09346
270,4.58798,18.7467,-2.09346
284,15.1462,15.9853,-1.43316
270,15.1462,15.9853,-1.43316
284,17.8884,17.5124,-0.967455
268,17.8884,17.5124,-0.967455
284,14.132,15.2778,-1.6173
268,14.132,15.2778,-1.6173
285,3.04965,12.1904,0.370179
285,3.28211,12.4053,1.04475
285,3.08262,12.6011,0.940293
285,5.54727,10.3476,-1.60335
285,3.24726,12.587,0.998277
285,3.25548,12.2879,0.238478
285,3.06234,12.7027,0.923222
285,5.95323,10.2095,-1.72062
285,5.91542,10.3098,-1.65825
285,5.81238,10.3814,-1.63778
285,5.78375,10.4298,-1.64609
285,5.82589,10.4242,-1.65153
285,5.82298,10.4432,-1.63756
285,5.8327,10.4576,-1.65386
285,5.97206,10.3902,-1.74556
285,3.12093,12.9808,1.07531
285,3.19804,12.9927,1.11981
285,5.97376,10.5834,-1.69945
285,3.09613,13.1863,1.05903
285,5.61416,10.8348,-1.59893
285,5.82558,10.734,-1.64292
285,5.8351,10.7198,-1.66537
285,5.83552,10.7463,-1.65644
285,2.74973,12.445,-1.25641
285,2.74332,12.5123,-1.11476
285,2.73007,12.5259,-1.28513
285,2.70311,12.6094,-1.14523
285,5.89061,11.0127,-1.6316
285,2.872,12.6351,-1.17372
285,3.11745,13.5259,1.08827
285,2.59589,12.5715,-1.96178
285,2.67501,12.5913,-2.00563
285,3.26876,12.2695,-2.25027
285,5.9391,11.5284,-1.59231
285,5.55502,11.8193,-1.37566
285,5.39283,11.8304,-1.53265
285,7.94586,10.6203,-1.68056
285,7.92742,10.6736,-1.5852
285,5.44415,11.8487,-1.55861
285,7.95817,10.6363,-1.66101
285,5.96731,11.6301,-1.61853
285,7.9461,10.7088,-1.62765
285,7.94903,10.7459,-1.62324
285,5.68346,11.8233,-1.58573
285,5.91601,11.762,-1.50433
285,5.98483,11.6886,-1.6327
285,6.10786,11.603,-1.70725
285,5.98701,11.7162,-1.63219
285,5.72839,11.8473,-1.65915
285,5.67362,11.9409,-1.58799
285,5.71119,11.9681,-1.54115
285,6.05582,11.8098,-1.63383
285,5.78589,11.9507,-1.65373
285,5.94226,11.9596,-1.59643
285,5.97548,11.9393,-1.64238
285,6.01913,11.9223,-1.64347
285,5.7844,12.012,-1.72149
285,3.44566,14.3599,1.08049
285,5.81221,12.0239,-1.70096
285,6.02296,11.9732,-1.63326
285,5.82088,12.0517,-1.71355
285,6.10798,11.9663,-1.61629
285,5.98467,12.0201,-1.63046
285,6.07355,11.9969,-1.60107
285,5.80443,12.1105,-1.64606
285,3.41727,14.5301,1.21471
285,6.10825,12.0534,-1.63892
285,6.15324,12.1164,-1.65781
285,6.23978,12.1708,-1.72745
285,6.23258,12.1875,-1.70465
285,7.02601,11.8505,-1.78735
285,5.90318,12.5679,-1.58687
285,6.06822,12.5932,-1.50944
285,5.93494,12.6465,-1.64351
285,6.65231,12.3102,-1.65839
285,5.91808,12.6779,-1.60932
285,5.85697,12.7617,-1.52976
285,6.11592,12.795,-1.60829
285,4.99646,15.98,-5.02808
283,4.99646,15.98,-5.02808
285,4.96829,15.7379,-4.82416
283,4.96829,15.7379,-4.82416
285,15.1309,16.2943,-1.80666
283,15.1309,16.2943,-1.80666
285,4.72522,12.1963,-1.04611
283,4.72522,12.1963,-1.04611
285,5.93677,18.1936,-5.00146
283,5.93677,18.1936,-5.00146
285,7.59646,14.4818,1.14379
283,7.59646,14.4818,1.14379
285,10.8022,17.4876,-1.79543
283,10.8022,17.4876,-1.79543
285,5.1169,17.6498,-4.85103
283,5.1169,17.6498,-4.85103
285,9.9804,16.2773,-1.38393
283,9.9804,16.2773,-1.38393
285,4.35247,16.6991,-3.87077
283,4.35247,16.6991,-3.87077
285,7.69192,14.8919,1.12286
283,7.69192,14.8919,1.12286
285,4.46914,14.9925,-4.12965
283,4.46914,14.9925,-4.12965
285,5.63604,16.1923,-2.08933
283,5.63604,16.1923,-2.08933
285,4.86656,23.2888,-6.18758
283,4.86656,23.2888,-6.18758
285,6.08674,25.9481,-6.84045
283,6.08674,25.9481,-6.84045
285,4.07171,14.0737,-3.28823
283,4.07171,14.0737,-3.28823
285,15.9224,16.8182,-0.922904
283,15.9224,16.8182,-0.922904
285,4.59396,8.31198,1.59073
283,4.59396,8.31198,1.59073
285,4.93678,14.8785,1.12338
283,4.93678,14.8785,1.12338
285,5.80497,17.0923,-5.03638
283,5.80497,17.0923,-5.03638
285,5.84153,15.014,1.96347
283,5.84153,15.014,1.96347
285,6.87421,19.3471,2.18838
283,6.87421,19.3471,2.18838
285,20.8286,18.2355,-1.92654
283,20.8286,18.2355,-1.92654
285,4.3262,15.991,-1.57524
283,4.3262,15.991,-1.57524
285,5.76054,22.6923,-4.97232
283,5.76054,22.6923,-4.97232
285,6.36157,16.3019,2.10284
283,6.36157,16.3019,2.10284
285,7.51769,14.3186,1.16454
283,7.51769,14.3186,1.16454
285,13.7073,15.3822,-1.48072
283,13.7073,15.3822,-1.48072
285,5.81079,17.0335,-5.23103
283,5.81079,17.0335,-5.23103
285,4.39043,16.3142,-1.29168
283,4.39043,16.3142,-1.29168
285,4.36561,17.4411,-1.69333
283,4.36561,17.4411,-1.69333
285,5.03901,16.2819,-5.18843
283,5.03901,16.2819,-5.18843
285,6.13349,19.3965,-5.40598
283,6.13349,19.3965,-5.40598
285,5.83187,17.4484,-4.90197
283,5.83187,17.4484,-4.90197
285,6.56076,15.3658,0.280583
283,6.56076,15.3658,0.280583
285,5.04431,14.2447,-4.1436
283,5.04431,14.2447,-4.1436
285,13.618,15.2615,-1.46161
283,13.618,15.2615,-1.46161
285,16.1921,17.0505,-0.952452
283,16.1921,17.0505,-0.952452
285,5.66017,16.4854,-4.38204
283,5.66017,16.4854,-4.38204
285,4.26047,15.2818,1.94442
283,4.26047,15.2818,1.94442
285,4.39714,17.9968,-5.57338
283,4.39714,17.9968,-5.57338
285,7.71095,12.8595,-1.26366
283,7.71095,12.8595,-1.26366
285,4.28802,14.4455,-3.13882
283,4.28802,14.4455,-3.13882
285,4.98428,20.6883,-4.3122
283,4.98428,20.6883,-4.3122
285,16.2056,16.9749,-0.960173
283,16.2056,16.9749,-0.960173
285,10.4243,21.7759,2.20216
283,10.4243,21.7759,2.20216
285,11.2045,23.5059,2.63775
283,11.2045,23.5059,2.63775
285,5.70154,14.8961,1.93362
283,5.70154,14.8961,1.93362
285,5.16907,22.5599,-5.53105
283,5.16907,22.5599,-5.53105
285,5.61342,16.0585,-2.06709
283,5.61342,16.0585,-2.06709
285,3.72512,13.6651,1.84561
283,3.72512,13.6651,1.84561
285,4.27569,15.3053,-3.62167
283,4.27569,15.3053,-3.62167
285,6.03847,18.5757,-5.68506
283,6.03847,18.5757,-5.68506
285,5.80848,17.3206,-4.7816
283,5.80848,17.3206,-4.7816
285,4.79301,17.2628,-5.82863
283,4.79301,17.2628,-5.82863
285,4.28767,14.4476,-3.14431
283,4.28767,14.4476,-3.14431
285,3.19738,12.2435,0.531932
283,3.19738,12.2435,0.531932
285,6.13047,19.2519,-5.65368
283,6.13047,19.2519,-5.65368
285,4.05811,13.7652,-3.1016
283,4.05811,13.7652,-3.1016
285,13.3167,13.338,-0.380904
283,13.3167,13.338,-0.380904
285,18.9873,16.8206,-1.51223
283,18.9873,16.8206,-1.51223
285,15.7252,16.5862,-0.860722
283,15.7252,16.5862,-0.860722
285,4.08476,15.6477,-4.5223
283,4.08476,15.6477,-4.5223
285,4.74115,16.5373,-5.29532
283,4.74115,16.5373,-5.29532
285,3.70026,14.5858,1.74135
283,3.70026,14.5858,1.74135
285,8.20466,13.5025,-1.70678
283,8.20466,13.5025,-1.70678
285,15.7345,16.702,-2.01064
283,15.7345,16.702,-2.01064
285,11.6899,13.7482,-0.81802
283,11.6899,13.7482,-0.81802
285,5.76995,16.9679,-2.49689
283,5.76995,16.9679,-2.49689
285,11.9875,13.5503,-0.578962
283,11.9875,13.5503,-0.578962
285,5.08061,21.0288,-4.81184
283,5.08061,21.0288,-4.81184
285,4.80037,16.0553,-4.96575
282,4.80037,16.0553,-4.96575
285,5.20011,11.8209,-1.5998
282,5.20011,11.8209,-1.5998
285,5.69786,16.5576,-2.21423
282,5.69786,16.5576,-2.21423
285,5.75621,22.9092,-5.06326
282,5.75621,22.9092,-5.06326
285,4.7956,15.9827,-4.9125
282,4.7956,15.9827,-4.9125
285,5.34972,13.4285,-3.4677
282,5.34972,13.4285,-3.4677
285,5.38129,13.7348,-3.73428
282,5.38129,13.7348,-3.73428
285,5.48783,14.7894,-4.71736
282,5.48783,14.7894,-4.71736
285,4.44706,16.1486,-4.68829
282,4.44706,16.1486,-4.68829
285,5.52171,15.1651,-4.6057
282,5.52171,15.1651,-4.6057
285,6.83288,16.2552,-0.10893
282,6.83288,16.2552,-0.10893
285,4.87695,15.6485,-4.55596
282,4.87695,15.6485,-4.55596
285,4.51187,19.041,-4.68748
282,4.51187,19.041,-4.68748
285,4.86349,14.9507,1.11505
282,4.86349,14.9507,1.11505
285,4.68973,24.2472,-3.92834
282,4.68973,24.2472,-3.92834
285,20.59,18.9772,-1.54987
282,20.59,18.9772,-1.54987
285,5.33568,13.4763,-3.57068
282,5.33568,13.4763,-3.57068
285,5.51296,14.9507,-4.82854
282,5.51296,14.9507,-4.82854
285,5.4891,14.5452,-3.75663
282,5.4891,14.5452,-3.75663
285,6.10807,12.2836,-1.71731
282,6.10807,12.2836,-1.71731
285,17.7006,16.9844,-0.980346
282,17.7006,16.9844,-0.980346
285,5.77208,16.9256,-4.96682
282,5.77208,16.9256,-4.96682
285,4.29878,15.854,-3.5688
282,4.29878,15.854,-3.5688
285,8.69293,11.2776,0.275644
282,8.69293,11.2776,0.275644
285,12.2551,14.1455,-0.831521
282,12.2551,14.1455,-0.831521
285,6.1319,15.0066,1.18084
282,6.1319,15.0066,1.18084
285,18.9622,19.2331,-2.16443
282,18.9622,19.2331,-2.16443
285,4.34223,14.5102,-4.71173
280,4.34223,14.5102,-4.71173
285,5.07768,16.2627,-4.6653
280,5.07768,16.2627,-4.6653
285,5.04946,16.0433,-4.5505
280,5.04946,16.0433,-4.5505
285,4.32631,16.6409,-4.14955
280,4.32631,16.6409,-4.14955
285,15.4957,14.8186,-0.831642
280,15.4957,14.8186,-0.831642
285,4.35411,16.7371,-4.50276
280,4.35411,16.7371,-4.50276
285,5.92065,10.7954,-1.76559
280,5.92065,10.7954,-1.76559
285,4.32472,16.872,-4.30035
280,4.32472,16.872,-4.30035
285,19.0657,17.1552,-1.58135
280,19.0657,17.1552,-1.58135
285,9.32137,14.976,1.09327
280,9.32137,14.976,1.09327
285,17.2577,17.5365,-2.02968
280,17.2577,17.5365,-2.02968
285,13.9794,15.4889,-1.57786
277,13.9794,15.4889,-1.57786
285,15.5429,16.7117,-2.02479
277,15.5429,16.7117,-2.02479
285,5.83749,20.8484,-4.75436
277,5.83749,20.8484,-4.75436
285,4.92973,16.2775,-5.05668
277,4.92973,16.2775,-5.05668
285,4.92917,15.9717,-4.82195
277,4.92917,15.9717,-4.82195
285,14.2848,15.5908,-1.72401
277,14.2848,15.5908,-1.72401
285,7.68314,14.742,1.11039
277,7.68314,14.742,1.11039
285,14.9377,16.0133,-1.87531
277,14.9377,16.0133,-1.87531
285,4.94561,20.3865,-4.53136
277,4.94561,20.3865,-4.53136
285,4.45493,13.9983,0.534883
277,4.45493,13.9983,0.534883
285,4.66191,16.1544,2.08899
277,4.66191,16.1544,2.08899
285,6.60455,17.2787,2.08215
277,6.60455,17.2787,2.08215
285,14.1999,15.449,-1.60255
277,14.1999,15.449,-1.60255
285,15.4974,16.427,-2.02667
277,15.4974,16.427,-2.02667
285,4.3049,15.5855,-1.39543
277,4.3049,15.5855,-1.39543
285,4.30271,16.0992,-3.7636
277,4.30271,16.0992,-3.7636
285,15.5017,16.2583,-1.55996
277,15.5017,16.2583,-1.55996
285,4.36699,18.3864,-5.06983
277,4.36699,18.3864,-5.06983
285,13.1185,14.5491,-1.17751
275,13.1185,14.5491,-1.17751
285,9.41939,15.1097,1.09188
275,9.41939,15.1097,1.09188
285,18.289,17.4055,-1.6151
272,18.289,17.4055,-1.6151
285,7.62353,14.7472,1.1307
270,7.62353,14.7472,1.1307
285,14.0643,13.767,-1.66983
270,14.0643,13.767,-1.66983
285,16.8719,16.7728,-0.559609
270,16.8719,16.7728,-0.559609
285,17.2928,16.736,-1.36171
270,17.2928,16.736,-1.36171
285,15.6586,14.7721,-1.93167
270,15.6586,14.7721,-1.93167
285,15.0881,16.276,-1.72961
268,15.0881,16.276,-1.72961
286,4.08417,8.40837,1.48391
286,3.22865,12.2109,0.957229
286,2.94296,12.2337,0.619123
286,2.9522,12.0656,0.0597632
286,3.04382,12.4514,1.06441
286,2.98557,12.1928,0.054318
286,2.84762,12.2114,-0.0609781
286,2.85293,12.223,-0.0583627
286,2.90854,12.6685,0.930117
286,2.74837,12.1847,-0.603801
286,3.1515,12.6707,0.974466
286,2.99283,12.7416,0.966532
286,3.16402,12.7589,1.12326
286,2.89638,12.8086,0.905866
286,5.83212,10.6158,-1.61228
286,5.83991,10.6563,-1.61283
286,5.86446,10.6635,-1.67386
286,5.86258,10.681,-1.66251
286,3.19824,12.6151,-0.0191544
286,5.86114,10.6993,-1.65183
286,5.87374,10.7064,-1.67236
286,3.20869,12.6395,-0.0377967
286,5.04753,11.3067,-1.6317
286,2.71669,12.6092,-1.1515
286,2.70743,12.6111,-1.30526
286,5.06602,11.3751,-1.69316
286,2.70874,12.6884,-1.20844
286,2.55277,12.6679,-1.69535
286,3.21345,12.5498,-1.23836
286,3.28824,12.5827,-1.12518
286,3.42328,12.7128,-0.717163
286,3.28522,12.7215,-0.863469
286,3.05993,14.0411,1.77713
286,3.23676,12.3983,-2.04526
286,3.07101,14.0968,1.79443
286,3.39021,12.8773,-0.811535
286,3.23422,12.868,-1.0414
286,3.07469,14.1271,1.78589
286,5.57488,11.8064,-1.46256
286,5.21199,11.9355,-1.56302
286,5.22896,11.9074,-1.70078
286,3.14918,14.3246,1.78638
286,7.9824,10.6642,-1.68604
286,7.94602,10.706,-1.62999
286,6.02035,11.6577,-1.50153
286,5.89795,11.7347,-1.47015
286,7.95761,10.7269,-1.63903
286,3.20516,14.4886,1.78062
286,5.71405,11.9169,-1.64043
286,6.04158,11.824,-1.60126
286,6.05234,11.8216,-1.62282
286,5.99911,11.8702,-1.61869
286,3.44518,14.1804,1.07438
286,6.14116,11.8215,-1.62663
286,5.77348,12.01,-1.7162
286,3.41087,14.424,1.41025
286,6.03847,11.9486,-1.64284
286,6.0071,12.0215,-1.66164
286,3.4338,14.5143,1.42673
286,3.41699,14.4736,1.22031
286,3.44984,14.4124,1.0779
286,3.4886,14.4258,1.08624
286,5.82407,12.211,-1.67513
286,6.03564,12.1559,-1.61604
286,5.98298,12.4558,-1.54015
286,5.98313,12.4587,-1.56608
286,5.95688,12.5717,-1.46393
286,6.03437,12.5392,-1.46425
286,5.85299,12.6256,-1.46894
286,3.87889,14.8266,1.40153
286,5.99092,12.6397,-1.54337
286,5.97348,12.6827,-1.55476
286,5.90543,12.7347,-1.54802
286,3.61586,15.0733,1.39397
286,5.88275,12.812,-1.60288
286,5.88824,12.8256,-1.59219
286,4.08488,14.9849,1.31264
286,4.05027,14.9805,1.25678
286,5.88648,17.9212,-4.88904
284,5.88648,17.9212,-4.88904
286,5.01059,17.7812,-5.0239
284,5.01059,17.7812,-5.0239
286,5.2142,17.6013,-5.14733
284,5.2142,17.6013,-5.14733
286,5.88281,17.9844,-4.77338
284,5.88281,17.9844,-4.77338
286,11.0788,17.8843,-1.92993
284,11.0788,17.8843,-1.92993
286,5.02524,21.5896,-5.09933
284,5.02524,21.5896,-5.09933
286,5.42135,14.0755,-2.94483
284,5.42135,14.0755,-2.94483
286,7.59963,14.593,1.12665
284,7.59963,14.593,1.12665
286,5.74944,17.2487,-4.32323
284,5.74944,17.2487,-4.32323
286,4.56203,15.6245,-4.5334
284,4.56203,15.6245,-4.5334
286,15.7731,16.7432,-1.31745
284,15.7731,16.7432,-1.31745
286,15.8953,16.8132,-0.910819
284,15.8953,16.8132,-0.910819
286,10.9192,17.6463,-1.84586
284,10.9192,17.6463,-1.84586
286,4.31546,16.0467,-1.72301
284,4.31546,16.0467,-1.72301
286,4.73772,16.3829,-3.85615
284,4.73772,16.3829,-3.85615
286,4.86535,17.8947,-4.79192
284,4.86535,17.8947,-4.79192
286,5.73682,22.3743,-5.14833
284,5.73682,22.3743,-5.14833
286,5.1636,17.0331,-5.2044
284,5.1636,17.0331,-5.2044
286,5.71107,17.034,-4.26296
284,5.71107,17.034,-4.26296
286,21.3829,19.8747,-1.64315
284,21.3829,19.8747,-1.64315
286,4.44059,15.9383,-4.1364
284,4.44059,15.9383,-4.1364
286,4.64603,17.0709,-4.69839
284,4.64603,17.0709,-4.69839
286,4.90846,15.3291,-4.47165
284,4.90846,15.3291,-4.47165
286,5.57141,17.3078,-4.66134
284,5.57141,17.3078,-4.66134
286,5.92956,17.9147,-5.36049
284,5.92956,17.9147,-5.36049
286,4.75462,17.2775,1.94968
284,4.75462,17.2775,1.94968
286,6.38032,15.4637,1.29762
284,6.38032,15.4637,1.29762
286,5.56921,15.7029,0.0994379
284,5.56921,15.7029,0.0994379
286,7.41698,20.4075,2.18934
284,7.41698,20.4075,2.18934
286,6.58727,17.8779,2.07467
284,6.58727,17.8779,2.07467
286,15.118,16.215,-0.759008
284,15.118,16.215,-0.759008
286,17.7256,18.16,-2.71953
284,17.7256,18.16,-2.71953
286,17.7607,18.2489,-1.78923
284,17.7607,18.2489,-1.78923
286,16.5941,15.2927,-1.13946
284,16.5941,15.2927,-1.13946
286,4.65536,17.2443,-4.8248
284,4.65536,17.2443,-4.8248
286,21.2241,19.4522,-1.67828
284,21.2241,19.4522,-1.67828
286,3.17893,12.4002,-0.0396622
284,3.17893,12.4002,-0.0396622
286,8.13243,16.5955,-0.235479
284,8.13243,16.5955,-0.235479
286,8.17523,16.6864,-0.4872
284,8.17523,16.6864,-0.4872
286,4.379,13.2453,-2.18203
284,4.379,13.2453,-2.18203
286,6.08508,11.9012,-1.54377
284,6.08508,11.9012,-1.54377
286,4.30211,15.7877,0.214326
284,4.30211,15.7877,0.214326
286,19.0293,19.1946,-3.058
284,19.0293,19.1946,-3.058
286,12.5455,14.0311,-0.742868
284,12.5455,14.0311,-0.742868
286,17.6148,15.9152,-1.30982
284,17.6148,15.9152,-1.30982
286,5.79933,17.1816,-2.49366
284,5.79933,17.1816,-2.49366
286,10.0557,16.4216,-1.41372
284,10.0557,16.4216,-1.41372
286,4.34002,17.1141,-1.58566
284,4.34002,17.1141,-1.58566
286,4.35448,17.3225,-1.61628
284,4.35448,17.3225,-1.61628
286,4.2608,14.7836,-0.776935
284,4.2608,14.7836,-0.776935
286,4.20732,12.9913,-1.65746
284,4.20732,12.9913,-1.65746
286,4.38632,17.7401,-4.70258
284,4.38632,17.7401,-4.70258
286,16.2499,16.7643,-1.70035
284,16.2499,16.7643,-1.70035
286,15.9893,16.8501,-2.07804
284,15.9893,16.8501,-2.07804
286,16.3055,17.3988,-1.97186
284,16.3055,17.3988,-1.97186
286,15.3596,16.291,-0.69164
284,15.3596,16.291,-0.69164
286,15.8551,14.9157,-0.941529
284,15.8551,14.9157,-0.941529
286,15.0187,14.3676,-0.241295
284,15.0187,14.3676,-0.241295
286,11.4134,18.3886,-2.05945
284,11.4134,18.3886,-2.05945
286,5.81386,17.1511,-2.61755
283,5.81386,17.1511,-2.61755
286,5.82226,17.177,-2.58003
283,5.82226,17.177,-2.58003
286,5.71897,17.2418,-2.63822
283,5.71897,17.2418,-2.63822
286,5.09413,14.6265,-4.94964
283,5.09413,14.6265,-4.94964
286,4.95342,14.2525,-4.56964
283,4.95342,14.2525,-4.56964
286,5.11821,16.6884,-5.0187
283,5.11821,16.6884,-5.0187
286,4.8647,14.7506,-5.04295
283,4.8647,14.7506,-5.04295
286,5.24038,16.6565,-5.13156
283,5.24038,16.6565,-5.13156
286,6.7821,13.2087,-1.66897
283,6.7821,13.2087,-1.66897
286,5.63174,15.9468,0.042789
283,5.63174,15.9468,0.042789
286,5.77215,23.1241,-5.54395
283,5.77215,23.1241,-5.54395
286,7.97006,13.237,-1.45254
283,7.97006,13.237,-1.45254
286,4.27163,15.4708,-3.27102
283,4.27163,15.4708,-3.27102
286,4.3548,16.8974,-3.96498
283,4.3548,16.8974,-3.96498
286,7.72209,14.9526,1.12043
283,7.72209,14.9526,1.12043
286,7.99697,13.2761,-1.46274
283,7.99697,13.2761,-1.46274
286,12.2293,14.1452,-1.01694
283,12.2293,14.1452,-1.01694
286,4.48724,15.4034,-4.44518
283,4.48724,15.4034,-4.44518
286,5.13909,17.2528,-3.05598
283,5.13909,17.2528,-3.05598
286,4.29474,16.0261,-3.74295
283,4.29474,16.0261,-3.74295
286,5.00698,15.4866,1.08655
283,5.00698,15.4866,1.08655
286,4.96482,15.1202,1.11305
283,4.96482,15.1202,1.11305
286,8.66212,14.1892,-2.09099
283,8.66212,14.1892,-2.09099
286,7.71091,16.6095,2.02584
283,7.71091,16.6095,2.02584
286,6.2136,22.1557,-5.40679
283,6.2136,22.1557,-5.40679
286,10.7155,14.6798,1.10472
283,10.7155,14.6798,1.10472
286,5.68318,16.5423,-2.07034
283,5.68318,16.5423,-2.07034
286,5.39392,19.582,-4.1666
283,5.39392,19.582,-4.1666
286,4.32239,16.3411,-4.23774
283,4.32239,16.3411,-4.23774
286,13.2064,14.6554,-0.322499
283,13.2064,14.6554,-0.322499
286,4.34259,15.3652,-4.29414
283,4.34259,15.3652,-4.29414
286,3.83618,15.2049,1.28549
283,3.83618,15.2049,1.28549
286,8.60976,13.8932,-1.77258
282,8.60976,13.8932,-1.77258
286,8.09569,15.7344,-1.6249
282,8.09569,15.7344,-1.6249
286,4.41419,16.6879,-5.25846
282,4.41419,16.6879,-5.25846
286,5.57786,15.4878,-4.78519
282,5.57786,15.4878,-4.78519
286,4.72863,16.9378,1.97971
282,4.72863,16.9378,1.97971
286,5.46879,14.3752,-3.78432
282,5.46879,14.3752,-3.78432
286,9.72599,16.647,1.64336
282,9.72599,16.647,1.64336
286,13.9778,13.6453,-0.54865
282,13.9778,13.6453,-0.54865
286,4.49061,18.4447,-4.3676
282,4.49061,18.4447,-4.3676
286,16.9257,21.0104,2.93963
282,16.9257,21.0104,2.93963
286,4.63843,17.2139,2.14131
282,4.63843,17.2139,2.14131
286,5.85534,17.7628,-4.73956
282,5.85534,17.7628,-4.73956
286,5.77678,16.8572,-5.19817
282,5.77678,16.8572,-5.19817
286,4.34386,17.3265,-4.53799
282,4.34386,17.3265,-4.53799
286,3.39194,15.7677,2.00079
282,3.39194,15.7677,2.00079
286,7.78848,14.8313,1.14717
282,7.78848,14.8313,1.14717
286,3.34305,16.2684,2.02034
282,3.34305,16.2684,2.02034
286,6.23088,15.9825,2.107
282,6.23088,15.9825,2.107
286,3.00114,16.3614,1.95379
282,3.00114,16.3614,1.95379
286,10.349,21.5968,2.21078
282,10.349,21.5968,2.21078
286,5.08552,16.1994,-5.11436
282,5.08552,16.1994,-5.11436
286,11.0644,17.8503,-1.87325
282,11.0644,17.8503,-1.87325
286,9.12432,11.6368,0.175136
282,9.12432,11.6368,0.175136
286,12.6952,14.3359,-0.672048
282,12.6952,14.3359,-0.672048
286,3.28896,12.0467,-0.428082
282,3.28896,12.0467,-0.428082
286,9.86941,18.584,2.02115
282,9.86941,18.584,2.02115
286,4.99915,16.8911,0.0180503
280,4.99915,16.8911,0.0180503
286,4.45215,15.9718,-4.78045
280,4.45215,15.9718,-4.78045
286,5.66404,17.8641,-5.04606
280,5.66404,17.8641,-5.04606
286,13.2188,13.3624,-0.319867
280,13.2188,13.3624,-0.319867
286,4.99815,15.1844,1.38388
280,4.99815,15.1844,1.38388
286,6.3299,15.1361,1.09644
280,6.3299,15.1361,1.09644
286,21.4559,18.6973,-2.113
280,21.4559,18.6973,-2.113
286,4.92943,15.9884,-4.83277
277,4.92943,15.9884,-4.83277
286,4.90526,16.9458,-4.84062
277,4.90526,16.9458,-4.84062
286,5.1018,17.6597,-4.86765
277,5.1018,17.6597,-4.86765
286,14.5418,15.7099,-1.7255
277,14.5418,15.7099,-1.7255
286,16.7111,15.3711,-0.898609
277,16.7111,15.3711,-0.898609
286,27.825,24.5303,-2.89206
277,27.825,24.5303,-2.89206
286,12.0686,14.0244,-0.862317
277,12.0686,14.0244,-0.862317
286,12.6717,17.3041,2.50291
277,12.6717,17.3041,2.50291
286,6.1276,16.9339,2.12608
277,6.1276,16.9339,2.12608
286,6.11863,15.8329,2.08468
277,6.11863,15.8329,2.08468
286,6.3937,17.4678,2.16286
277,6.3937,17.4678,2.16286
286,6.11347,16.8373,2.12585
277,6.11347,16.8373,2.12585
286,22.4957,20.3287,-1.86527
277,22.4957,20.3287,-1.86527
286,7.72941,14.8919,1.37959
275,7.72941,14.8919,1.37959
286,8.08742,13.3259,-1.64491
275,8.08742,13.3259,-1.64491
286,9.99022,18.0437,1.99586
275,9.99022,18.0437,1.99586
286,4.44369,15.542,0.271324
275,4.44369,15.542,0.271324
286,4.40326,16.003,0.189807
275,4.40326,16.003,0.189807
286,9.72237,16.6582,1.7681
275,9.72237,16.6582,1.7681
286,14.301,15.5226,-0.514362
275,14.301,15.5226,-0.514362
286,7.68502,14.8478,1.41037
272,7.68502,14.8478,1.41037
286,4.86904,15.3079,0.306
272,4.86904,15.3079,0.306
286,10.0272,18.4662,2.06185
272,10.0272,18.4662,2.06185
286,9.10964,14.6132,1.11749
272,9.10964,14.6132,1.11749
286,3.22032,30.5884,2.76389
272,3.22032,30.5884,2.76389
286,3.03223,31.0775,3.0479
272,3.03223,31.0775,3.0479
286,13.4529,14.7975,-0.675949
272,13.4529,14.7975,-0.675949
286,7.62831,14.7522,1.09258
270,7.62831,14.7522,1.09258
286,14.4073,13.9744,-1.80221
270,14.4073,13.9744,-1.80221
286,6.32824,16.566,2.10224
268,6.32824,16.566,2.10224
287,3.95602,8.03226,1.56896
287,3.14024,12.1755,1.20813
287,3.24345,12.216,1.0197
287,3.29668,12.3292,1.04872
287,2.98491,12.2729,0.442354
287,2.96764,12.4686,0.491451
287,2.9125,12.1879,-0.250467
287,2.91559,12.3499,-0.0375288
287,5.77805,10.3531,-1.55069
287,5.53302,10.4593,-1.58528
287,2.99639,12.7994,0.953271
287,2.88688,12.8538,0.901011
287,2.7862,12.3991,-0.331193
287,2.94759,12.7187,0.51919
287,4.94117,10.9081,-1.52968
287,3.17805,12.5052,0.0352008
287,3.16883,12.5133,-0.0821964
287,4.97896,10.9944,-1.61787
287,2.55923,12.6121,-0.53757
287,5.83612,10.6217,-1.63224
287,5.84064,10.648,-1.62997
287,5.84459,10.6736,-1.62674
287,3.18634,12.6181,-0.0698121
287,2.54006,12.705,-0.569088
287,5.82065,10.7493,-1.64068
287,3.22201,12.5429,-0.447243
287,3.30029,12.5088,-0.923981
287,3.27328,12.5618,-0.881945
287,3.21949,12.6677,-0.73524
287,3.28589,12.5497,-0.929933
287,3.34016,12.2836,-1.52509
287,2.59948,12.5167,-1.9523
287,5.1086,11.4724,-1.73365
287,5.88288,11.185,-1.5767
287,3.24742,14.0722,1.75494
287,5.08989,11.7998,-1.53659
287,5.96749,11.5345,-1.41101
287,7.87675,10.6084,-1.61903
287,5.13745,11.9342,-1.6031
287,5.10106,11.9505,-1.617
287,5.22544,11.8565,-1.71667
287,5.14103,11.9586,-1.63399
287,7.98529,10.6273,-1.73292
287,5.23362,11.9379,-1.69064
287,5.22848,11.9574,-1.67323
287,5.64303,11.842,-1.5262
287,3.35527,14.2083,1.3561
287,5.96537,11.667,-1.60897
287,8.00977,10.6703,-1.7173
287,5.67062,11.818,-1.59929
287,5.2403,11.9917,-1.75259
287,8.05152,10.6958,-1.74125
287,3.43209,14.1584,1.07225
287,8.05284,10.7574,-1.71072
287,6.02724,11.7697,-1.59141
287,6.03464,11.8198,-1.48491
287,5.75542,11.9214,-1.61142
287,3.35643,14.4036,1.34173
287,5.31137,12.1651,-1.64664
287,5.75445,12.0422,-1.58333
287,5.96587,11.978,-1.61396
287,5.96352,12.0153,-1.59291
287,5.99341,11.99,-1.65378
287,5.78923,12.1322,-1.6132
287,6.04453,12.1186,-1.62073
287,5.76955,12.5449,-1.45619
287,5.99189,12.4598,-1.55873
287,5.98666,12.4933,-1.56005
287,5.99504,12.5005,-1.54978
287,6.0232,12.5636,-1.46057
287,5.90693,12.5878,-1.60837
287,5.82266,12.6711,-1.56835
287,6.01467,12.6671,-1.54326
287,6.07273,12.6891,-1.55288
287,5.43648,12.6925,-2.22144
287,3.79592,15.2886,1.73458
287,3.86825,15.2318,1.27628
287,4.06861,15.1405,1.11166
287,5.058,16.4927,-4.40192
286,5.058,16.4927,-4.40192
287,10.0243,16.3866,-1.41412
286,10.0243,16.3866,-1.41412
287,5.71306,16.6633,-2.38505
286,5.71306,16.6633,-2.38505
287,5.10167,16.5849,-4.94483
286,5.10167,16.5849,-4.94483
287,5.09403,16.5238,-4.59265
286,5.09403,16.5238,-4.59265
287,8.26414,13.8907,-0.549615
286,8.26414,13.8907,-0.549615
287,8.03413,13.2364,-1.60574
286,8.03413,13.2364,-1.60574
287,7.98151,13.2226,-1.57176
286,7.98151,13.2226,-1.57176
287,5.25033,16.7079,-5.18933
286,5.25033,16.7079,-5.18933
287,7.68663,14.8562,1.11102
286,7.68663,14.8562,1.11102
287,4.30601,15.7951,-3.88927
286,4.30601,15.7951,-3.88927
287,4.62234,16.379,-5.11348
286,4.62234,16.379,-5.11348
287,15.9983,16.8962,-1.58713
286,15.9983,16.8962,-1.58713
287,4.30039,15.7994,-1.52116
286,4.30039,15.7994,-1.52116
287,5.04685,21.8851,-5.25732
286,5.04685,21.8851,-5.25732
287,5.5649,17.3668,-4.72458
286,5.5649,17.3668,-4.72458
287,5.43694,14.4761,-1.71923
286,5.43694,14.4761,-1.71923
287,5.29405,13.1152,-3.72812
286,5.29405,13.1152,-3.72812
287,4.06123,14.2969,-2.8416
286,4.06123,14.2969,-2.8416
287,7.43291,14.2003,1.16488
286,7.43291,14.2003,1.16488
287,15.8174,16.7526,-0.893649
286,15.8174,16.7526,-0.893649
287,5.627,15.9391,-4.7181
286,5.627,15.9391,-4.7181
287,4.44286,15.0717,-3.39417
286,4.44286,15.0717,-3.39417
287,4.83033,14.3272,1.16494
286,4.83033,14.3272,1.16494
287,10.5092,14.4323,1.1311
286,10.5092,14.4323,1.1311
287,8.8967,14.7917,-0.860241
286,8.8967,14.7917,-0.860241
287,5.01956,16.1831,-5.13286
286,5.01956,16.1831,-5.13286
287,5.7798,17.1228,-4.80963
286,5.7798,17.1228,-4.80963
287,5.42169,15.8551,-3.31406
286,5.42169,15.8551,-3.31406
287,5.83401,17.7832,-4.32984
286,5.83401,17.7832,-4.32984
287,16.6852,15.4807,-1.09931
286,16.6852,15.4807,-1.09931
287,4.32807,16.4048,-1.74969
286,4.32807,16.4048,-1.74969
287,5.67868,16.6548,-4.51184
286,5.67868,16.6548,-4.51184
287,5.83533,17.7217,-4.63536
286,5.83533,17.7217,-4.63536
287,5.66455,15.406,-2.1565
286,5.66455,15.406,-2.1565
287,4.09025,15.2392,1.22534
286,4.09025,15.2392,1.22534
287,5.46703,15.2254,-4.19201
286,5.46703,15.2254,-4.19201
287,6.55189,17.8488,2.05835
286,6.55189,17.8488,2.05835
287,3.05866,18.8376,2.07519
286,3.05866,18.8376,2.07519
287,4.51309,15.7821,-4.35649
286,4.51309,15.7821,-4.35649
287,12.207,13.9949,-0.133717
286,12.207,13.9949,-0.133717
287,3.67612,16.4548,1.97382
286,3.67612,16.4548,1.97382
287,5.4624,14.1136,-3.14791
286,5.4624,14.1136,-3.14791
287,18.653,18.0868,-1.15009
286,18.653,18.0868,-1.15009
287,17.9565,17.2228,-1.05217
286,17.9565,17.2228,-1.05217
287,5.55609,14.9712,-3.13517
286,5.55609,14.9712,-3.13517
287,4.98727,12.0593,-2.63702
286,4.98727,12.0593,-2.63702
287,4.34814,15.5729,-3.80281
286,4.34814,15.5729,-3.80281
287,5.23378,15.821,-4.2705
286,5.23378,15.821,-4.2705
287,14.6258,16.0692,-1.77509
286,14.6258,16.0692,-1.77509
287,5.56194,15.7334,0.107582
286,5.56194,15.7334,0.107582
287,5.52821,16.3022,-3.6922
286,5.52821,16.3022,-3.6922
287,4.49964,17.9127,-3.54597
286,4.49964,17.9127,-3.54597
287,5.67183,14.9224,-3.78483
286,5.67183,14.9224,-3.78483
287,5.58099,16.6251,-3.95875
286,5.58099,16.6251,-3.95875
287,10.4542,12.6575,-0.403787
286,10.4542,12.6575,-0.403787
287,18.1111,16.2285,-1.39849
286,18.1111,16.2285,-1.39849
287,9.438,11.8697,0.188179
286,9.438,11.8697,0.188179
287,17.1187,17.5987,-1.60233
286,17.1187,17.5987,-1.60233
287,4.37146,13.0966,-2.57396
286,4.37146,13.0966,-2.57396
287,9.78549,12.281,-0.110689
286,9.78549,12.281,-0.110689
287,5.49944,10.3322,-1.05039
286,5.49944,10.3322,-1.05039
287,17.5876,16.2639,-1.36123
286,17.5876,16.2639,-1.36123
287,8.01694,13.3097,-1.54649
286,8.01694,13.3097,-1.54649
287,4.60746,15.2894,-4.20989
286,4.60746,15.2894,-4.20989
287,16.8453,17.186,-1.85681
286,16.8453,17.186,-1.85681
287,16.4395,17.1854,-1.58923
286,16.4395,17.1854,-1.58923
287,16.2325,17.0221,-2.1015
286,16.2325,17.0221,-2.1015
287,19.2935,17.9639,-1.88634
286,19.2935,17.9639,-1.88634
287,17.8193,16.1294,-1.26152
286,17.8193,16.1294,-1.26152
287,10.5989,17.2389,-1.6539
286,10.5989,17.2389,-1.6539
287,8.70757,17.64,1.72833
286,8.70757,17.64,1.72833
287,5.85623,17.219,-2.68698
285,5.85623,17.219,-2.68698
287,5.68197,16.2466,-2.53712
285,5.68197,16.2466,-2.53712
287,5.65013,16.2996,-4.60663
285,5.65013,16.2996,-4.60663
287,4.33072,16.3842,-1.86718
285,4.33072,16.3842,-1.86718
287,5.73638,16.5542,-2.54187
285,5.73638,16.5542,-2.54187
287,5.14203,16.7721,-5.06001
285,5.14203,16.7721,-5.06001
287,5.79705,11.9961,-1.79081
285,5.79705,11.9961,-1.79081
287,7.72882,14.8819,1.38183
285,7.72882,14.8819,1.38183
287,7.58342,14.5807,1.50332
285,7.58342,14.5807,1.50332
287,4.91319,18.8106,2.11178
285,4.91319,18.8106,2.11178
287,5.80965,23.0205,-5.46962
285,5.80965,23.0205,-5.46962
287,5.11346,13.9272,-2.88763
285,5.11346,13.9272,-2.88763
287,5.78181,17.3912,-5.3182
285,5.78181,17.3912,-5.3182
287,15.2694,14.9979,-1.55213
285,15.2694,14.9979,-1.55213
287,15.6326,19.6782,2.83176
285,15.6326,19.6782,2.83176
287,4.24564,15.0002,-0.848074
285,4.24564,15.0002,-0.848074
287,4.98815,20.9452,-4.81577
285,4.98815,20.9452,-4.81577
287,5.8236,17.6185,-5.48696
285,5.8236,17.6185,-5.48696
287,4.64776,17.1075,-5.76467
285,4.64776,17.1075,-5.76467
287,3.2311,12.0076,0.586064
285,3.2311,12.0076,0.586064
287,4.81789,14.6046,1.13353
285,4.81789,14.6046,1.13353
287,18.3732,17.8801,-0.825724
285,18.3732,17.8801,-0.825724
287,4.30278,15.7477,0.217154
285,4.30278,15.7477,0.217154
287,4.23752,14.6062,0.912225
285,4.23752,14.6062,0.912225
287,5.48868,15.2714,0.182779
285,5.48868,15.2714,0.182779
287,15.6349,14.731,-0.339585
285,15.6349,14.731,-0.339585
287,5.45554,15.6098,-3.67033
285,5.45554,15.6098,-3.67033
287,9.55976,11.8964,-0.116493
285,9.55976,11.8964,-0.116493
287,5.68211,10.4377,-1.36197
285,5.68211,10.4377,-1.36197
287,4.89433,14.7671,-3.99325
285,4.89433,14.7671,-3.99325
287,4.83449,14.8815,-3.64804
285,4.83449,14.8815,-3.64804
287,5.87222,13.3732,1.27109
285,5.87222,13.3732,1.27109
287,13.1877,14.6772,-0.274063
285,13.1877,14.6772,-0.274063
287,18.9403,19.4734,-3.23583
283,18.9403,19.4734,-3.23583
287,4.34162,14.5444,-4.75541
283,4.34162,14.5444,-4.75541
287,5.69136,16.2858,-2.56019
283,5.69136,16.2858,-2.56019
287,4.25148,15.5925,-4.51482
283,4.25148,15.5925,-4.51482
287,16.7866,17.2962,-1.85577
283,16.7866,17.2962,-1.85577
287,6.33265,15.2083,1.06351
283,6.33265,15.2083,1.06351
287,4.91078,14.8807,1.34473
283,4.91078,14.8807,1.34473
287,4.34979,14.7545,-4.92888
283,4.34979,14.7545,-4.92888
287,5.41114,13.9829,-3.7037
283,5.41114,13.9829,-3.7037
287,6.2797,15.1175,1.14149
283,6.2797,15.1175,1.14149
287,4.31862,15.7024,0.999314
283,4.31862,15.7024,0.999314
287,4.23382,15.2796,-3.11757
283,4.23382,15.2796,-3.11757
287,4.57988,15.5458,-4.67742
283,4.57988,15.5458,-4.67742
287,6.34019,14.9172,1.13942
283,6.34019,14.9172,1.13942
287,5.46017,14.0299,-4.00988
283,5.46017,14.0299,-4.00988
287,4.93456,16.0069,1.07131
283,4.93456,16.0069,1.07131
287,5.41943,14.0858,-3.62787
283,5.41943,14.0858,-3.62787
287,5.3749,13.8069,-3.53578
283,5.3749,13.8069,-3.53578
287,4.3632,15.2321,-4.23901
283,4.3632,15.2321,-4.23901
287,5.59454,15.7818,-4.86789
283,5.59454,15.7818,-4.86789
287,6.03755,18.7526,-5.33783
283,6.03755,18.7526,-5.33783
287,6.1466,14.5787,1.12569
283,6.1466,14.5787,1.12569
287,5.61873,15.9471,-4.94713
283,5.61873,15.9471,-4.94713
287,13.6178,37.659,-0.182627
283,13.6178,37.659,-0.182627
287,7.83705,15.0804,1.06829
282,7.83705,15.0804,1.06829
287,7.68197,14.7618,1.10202
282,7.68197,14.7618,1.10202
287,4.84451,15.049,1.43267
282,4.84451,15.049,1.43267
287,5.87059,10.812,-1.72916
282,5.87059,10.812,-1.72916
287,4.57655,16.3818,-4.77365
282,4.57655,16.3818,-4.77365
287,6.31003,14.8316,1.44075
282,6.31003,14.8316,1.44075
287,3.40383,19.8688,2.32082
282,3.40383,19.8688,2.32082
287,17.512,15.8479,-2.21248
282,17.512,15.8479,-2.21248
287,9.47084,15.1338,1.11724
282,9.47084,15.1338,1.11724
287,7.38472,14.9171,1.88023
282,7.38472,14.9171,1.88023
287,5.43828,13.8968,-3.91756
282,5.43828,13.8968,-3.91756
287,14.233,15.5727,-1.70437
280,14.233,15.5727,-1.70437
287,5.23004,15.2511,-4.8104
280,5.23004,15.2511,-4.8104
287,8.54428,13.9755,-2.00479
280,8.54428,13.9755,-2.00479
287,4.40712,16.1011,-4.81869
280,4.40712,16.1011,-4.81869
287,14.8521,15.9922,-1.08983
280,14.8521,15.9922,-1.08983
287,6.30924,14.5946,1.1874
280,6.30924,14.5946,1.1874
287,6.27732,15.0393,1.11798
277,6.27732,15.0393,1.11798
287,5.09497,17.5161,-4.77737
277,5.09497,17.5161,-4.77737
287,6.31634,15.2246,1.09742
277,6.31634,15.2246,1.09742
287,15.234,16.2567,-1.97235
277,15.234,16.2567,-1.97235
287,20.4227,19.1561,-1.45233
277,20.4227,19.1561,-1.45233
287,21.6871,18.4724,-1.99289
277,21.6871,18.4724,-1.99289
287,15.4703,16.2777,-1.50319
277,15.4703,16.2777,-1.50319
287,16.9166,15.4881,-2.3014
275,16.9166,15.4881,-2.3014
287,14.8586,15.7662,-1.90231
275,14.8586,15.7662,-1.90231
287,4.66936,12.2525,-1.21078
275,4.66936,12.2525,-1.21078
287,19.1289,19.2648,-2.1054
275,19.1289,19.2648,-2.1054
287,9.1379,14.6665,1.11668
272,9.1379,14.6665,1.11668
287,6.21855,14.9929,1.1424
272,6.21855,14.9929,1.1424
287,12.1842,12.6188,-0.912149
270,12.1842,12.6188,-0.912149
287,16.6528,17.2939,-0.981723
270,16.6528,17.2939,-0.981723
287,19.4381,17.4142,-1.67206
268,19.4381,17.4142,-1.67206
288,3.90433,8.20006,1.61751
288,4.02761,8.21324,1.60958
288,4.02851,8.21351,1.61049
288,3.87854,8.14858,1.27514
288,3.10699,12.0297,1.73403
288,3.07758,11.971,1.39853
288,3.11444,12.0099,1.21246
288,3.09326,11.8811,0.441286
288,3.25097,12.1434,1.03532
288,3.2379,12.2644,1.0281
288,3.24004,12.2667,0.939818
288,2.98685,12.3062,0.536045
288,3.24228,12.2914,0.745186
288,2.94852,12.3505,0.441705
288,2.9072,12.4757,0.525309
288,3.28357,12.5488,1.01198
288,2.79462,12.4854,0.34725
288,2.85236,12.5158,0.450766
288,5.5477,10.2989,-1.64618
288,5.77087,10.2391,-1.60391
288,5.29879,10.4395,-1.69254
288,5.29309,10.4672,-1.64954
288,2.58336,12.4443,-0.19976
288,2.99381,12.8054,0.960141
288,2.81717,12.7749,0.701782
288,5.31847,10.4818,-1.71974
288,5.33586,10.4559,-1.78138
288,5.31395,10.512,-1.70706
288,5.78059,10.3563,-1.5815
288,2.90927,12.8875,0.941656
288,5.32996,10.5309,-1.71612
288,5.31408,10.5587,-1.72003
288,5.31944,10.5742,-1.72245
288,5.32555,10.5796,-1.72263
288,5.80578,10.3974,-1.62826
288,5.33034,10.5863,-1.74948
288,5.58415,10.549,-1.63969
288,5.83372,10.4187,-1.67761
288,5.8375,10.4243,-1.67649
288,2.76778,12.3286,-0.709827
288,5.84756,10.4587,-1.68014
288,6.00185,10.3763,-1.75863
288,2.75283,12.496,-0.689064
288,5.86022,10.6275,-1.65949
288,5.8468,10.6593,-1.62804
288,5.94765,10.6027,-1.66137
288,3.15497,13.2094,1.09849
288,5.8673,10.6935,-1.63659
288,5.816,10.7369,-1.63148
288,5.60421,10.8689,-1.59036
288,5.856,10.7577,-1.60311
288,5.82358,10.7596,-1.65592
288,5.60174,10.8855,-1.63483
288,6.53872,10.3669,-1.84997
288,3.25857,12.275,-1.27178
288,3.24752,12.3509,-1.14254
288,5.60025,11.0966,-1.52935
288,3.17719,12.69,-0.672457
288,5.08722,11.3927,-1.67355
288,5.85467,11.1363,-1.53972
288,5.02458,11.5928,-1.55246
288,3.24376,12.3014,-2.23401
288,5.71409,11.4168,-1.64924
288,5.86314,11.4733,-1.47351
288,5.89913,11.443,-1.55136
288,3.22938,12.5562,-2.11489
288,5.07983,11.938,-1.58688
288,5.15555,11.8711,-1.67584
288,5.92312,11.5665,-1.56663
288,5.20433,11.8716,-1.64812
288,5.98151,11.5355,-1.6754
288,5.21488,11.9557,-1.62086
288,5.14174,12.0009,-1.6576
288,5.28215,11.8794,-1.81603
288,5.57011,11.9359,-1.42371
288,7.93649,10.7349,-1.62229
288,7.95633,10.7273,-1.62319
288,7.9731,10.7233,-1.63997
288,7.9687,10.7391,-1.63443
288,5.28835,11.9511,-1.77018
288,5.13143,12.0782,-1.67608
288,5.25774,11.9727,-1.77549
288,5.29313,11.9453,-1.82961
288,3.42694,14.2466,1.07059
288,3.19619,12.6142,-2.70296
288,8.03666,10.7978,-1.72057
288,5.77978,11.9087,-1.65131
288,8.09252,10.79,-1.73192
288,3.45418,14.3086,1.08636
288,5.97094,11.9011,-1.55815
288,5.93011,11.9356,-1.54751
288,5.80346,11.9126,-1.73019
288,5.78209,11.9703,-1.63141
288,3.48658,14.3197,1.08322
288,5.96291,11.8975,-1.63737
288,6.12239,11.8297,-1.62946
288,5.79313,11.9674,-1.66769
288,5.79151,12.0059,-1.64827
288,3.42778,14.3879,1.06258
288,6.02541,11.9229,-1.62917
288,5.99264,11.9666,-1.65447
288,3.39926,14.5656,1.27528
288,5.99039,11.9961,-1.63589
288,5.96076,12.037,-1.59279
288,5.78997,12.1077,-1.63101
288,3.40842,14.551,1.21362
288,5.7926,12.149,-1.62038
288,6.03863,12.055,-1.63008
288,3.73982,12.5579,-3.07978
288,3.73129,12.6301,-2.97832
288,3.73427,12.6341,-2.98328
288,3.65651,14.6654,1.24517
288,3.63961,14.7138,1.26429
288,5.76025,12.5638,-1.44509
288,5.99155,12.4547,-1.55156
288,3.85327,14.8555,1.38633
288,5.99147,12.5175,-1.5502
288,5.99161,12.506,-1.5765
288,6.00962,12.4961,-1.60048
288,5.92175,12.6296,-1.65211
288,5.91457,12.6747,-1.59508
288,5.90061,12.7656,-1.56332
288,5.98644,12.7266,-1.59751
288,6.03126,12.7276,-1.57386
288,6.69208,12.3837,-1.68954
288,5.93452,12.7997,-1.58898
288,6.70726,12.4051,-1.72127
288,4.82241,14.6843,1.13811
288,6.28848,20.7626,-4.79438
286,6.28848,20.7626,-4.79438
288,6.27266,20.6759,-4.73472
286,6.27266,20.6759,-4.73472
288,5.46068,15.5485,-1.8366
286,5.46068,15.5485,-1.8366
288,5.50589,15.2121,-4.51507
286,5.50589,15.2121,-4.51507
288,5.62055,15.8959,0.0468108
286,5.62055,15.8959,0.0468108
288,5.02286,15.7585,-4.92952
286,5.02286,15.7585,-4.92952
288,4.92937,15.5891,-3.77869
286,4.92937,15.5891,-3.77869
288,4.97467,16.7299,-5.18415
286,4.97467,16.7299,-5.18415
288,4.85695,16.8085,-5.11768
286,4.85695,16.8085,-5.11768
288,4.97979,16.6553,-4.93718
286,4.97979,16.6553,-4.93718
288,6.32973,19.7224,-3.22554
286,6.32973,19.7224,-3.22554
288,5.19792,17.3938,-4.83007
286,5.19792,17.3938,-4.83007
288,5.53924,18.5697,-5.47494
286,5.53924,18.5697,-5.47494
288,5.2331,18.7162,-5.25769
286,5.2331,18.7162,-5.25769
288,5.96304,20.8597,-4.79225
286,5.96304,20.8597,-4.79225
288,5.56801,20.3318,-4.53931
286,5.56801,20.3318,-4.53931
288,10.5047,17.0635,-1.64468
286,10.5047,17.0635,-1.64468
288,8.12087,15.4537,1.08559
286,8.12087,15.4537,1.08559
288,16.7672,17.4838,-1.79203
286,16.7672,17.4838,-1.79203
288,5.4784,15.472,-4.73833
286,5.4784,15.472,-4.73833
288,4.36237,16.723,-4.50545
286,4.36237,16.723,-4.50545
288,4.28276,15.4939,-3.87535
286,4.28276,15.4939,-3.87535
288,5.621,15.7885,-4.80937
286,5.621,15.7885,-4.80937
288,5.41544,13.9905,-3.74788
286,5.41544,13.9905,-3.74788
288,17.047,17.7058,-1.62779
286,17.047,17.7058,-1.62779
288,7.86383,10.6448,-1.55628
286,7.86383,10.6448,-1.55628
288,5.46825,16.7373,-4.29213
286,5.46825,16.7373,-4.29213
288,5.46703,15.5629,-1.79607
286,5.46703,15.5629,-1.79607
288,5.6689,21.0571,-4.88752
286,5.6689,21.0571,-4.88752
288,5.33644,15.5575,-4.47714
286,5.33644,15.5575,-4.47714
288,4.05865,14.2384,-2.99291
286,4.05865,14.2384,-2.99291
288,10.0345,19.3423,2.10471
286,10.0345,19.3423,2.10471
288,4.35134,15.8331,-4.61716
286,4.35134,15.8331,-4.61716
288,4.97048,16.5864,-4.87005
286,4.97048,16.5864,-4.87005
288,4.35009,15.7724,-4.5357
286,4.35009,15.7724,-4.5357
288,4.45082,17.2654,-5.68363
286,4.45082,17.2654,-5.68363
288,5.63024,16.3407,-2.13401
286,5.63024,16.3407,-2.13401
288,6.09274,21.4256,-5.06506
286,6.09274,21.4256,-5.06506
288,5.38792,13.8561,-2.87862
286,5.38792,13.8561,-2.87862
288,3.67292,15.8266,1.94132
286,3.67292,15.8266,1.94132
288,3.67692,15.7499,1.96174
286,3.67692,15.7499,1.96174
288,5.81947,19.7799,-4.26756
286,5.81947,19.7799,-4.26756
288,5.1045,14.7269,-4.54573
286,5.1045,14.7269,-4.54573
288,7.51709,21.4249,2.22818
286,7.51709,21.4249,2.22818
288,3.07993,18.8343,2.08181
286,3.07993,18.8343,2.08181
288,2.99645,12.3366,1.15344
286,2.99645,12.3366,1.15344
288,2.7788,12.2585,-1.10551
286,2.7788,12.2585,-1.10551
288,4.86725,14.9801,1.11052
286,4.86725,14.9801,1.11052
288,17.6238,15.9848,-0.647637
286,17.6238,15.9848,-0.647637
288,14.6075,14.0937,-0.655007
286,14.6075,14.0937,-0.655007
288,17.8845,18.1572,-1.28081
286,17.8845,18.1572,-1.28081
288,9.10141,15.0877,-0.959022
286,9.10141,15.0877,-0.959022
288,18.8046,18.9913,-2.30907
286,18.8046,18.9913,-2.30907
288,13.4549,14.9499,-0.775563
286,13.4549,14.9499,-0.775563
288,4.99011,15.8709,-4.31402
286,4.99011,15.8709,-4.31402
288,7.62837,14.709,1.15399
286,7.62837,14.709,1.15399
288,14.7978,15.6796,-1.34077
286,14.7978,15.6796,-1.34077
288,18.8914,17.9463,-1.19221
286,18.8914,17.9463,-1.19221
288,12.797,13.0501,-0.274359
286,12.797,13.0501,-0.274359
288,17.2134,15.794,-0.605279
286,17.2134,15.794,-0.605279
288,14.0269,15.5474,-1.57021
286,14.0269,15.5474,-1.57021
288,5.19006,19.1638,-3.9216
286,5.19006,19.1638,-3.9216
288,10.3427,16.8657,-1.56575
286,10.3427,16.8657,-1.56575
288,5.74527,16.8257,-2.28613
285,5.74527,16.8257,-2.28613
288,5.72342,16.656,-2.27967
285,5.72342,16.656,-2.27967
288,5.04489,16.4074,-4.59824
285,5.04489,16.4074,-4.59824
288,7.45138,34.4224,-11.3596
285,7.45138,34.4224,-11.3596
288,8.61654,15.3597,0.0152165
285,8.61654,15.3597,0.0152165
288,5.60121,15.5571,-4.89843
285,5.60121,15.5571,-4.89843
288,7.0345,13.7187,1.19841
285,7.0345,13.7187,1.19841
288,6.74418,12.4615,-1.76074
285,6.74418,12.4615,-1.76074
288,6.44965,15.1227,0.109476
285,6.44965,15.1227,0.109476
288,5.39015,13.6389,-3.52372
285,5.39015,13.6389,-3.52372
288,5.95421,11.5982,-1.59983
285,5.95421,11.5982,-1.59983
288,4.68402,16.7036,2.05804
285,4.68402,16.7036,2.05804
288,5.32193,10.6328,-1.70024
285,5.32193,10.6328,-1.70024
288,5.32994,13.2753,-3.84919
285,5.32994,13.2753,-3.84919
288,14.8118,14.2237,-1.90672
285,14.8118,14.2237,-1.90672
288,5.65939,16.1124,0.0230052
285,5.65939,16.1124,0.0230052
288,5.26749,15.2583,-4.23667
285,5.26749,15.2583,-4.23667
288,4.35333,14.8224,-4.97986
285,4.35333,14.8224,-4.97986
288,5.35712,13.4393,-3.95294
285,5.35712,13.4393,-3.95294
288,5.68638,15.2463,-4.40426
285,5.68638,15.2463,-4.40426
288,7.98695,15.3632,1.41387
285,7.98695,15.3632,1.41387
288,4.86628,14.875,1.12732
283,4.86628,14.875,1.12732
288,10.3266,14.2622,1.13261
283,10.3266,14.2622,1.13261
288,18.4597,18.6658,-2.13594
283,18.4597,18.6658,-2.13594
288,8.51635,17.4098,-0.65297
283,8.51635,17.4098,-0.65297
288,4.74598,16.769,-4.73966
283,4.74598,16.769,-4.73966
288,5.72665,16.8181,-4.639
283,5.72665,16.8181,-4.639
288,4.82603,14.9398,1.43677
283,4.82603,14.9398,1.43677
288,6.31878,14.8557,1.14676
283,6.31878,14.8557,1.14676
288,15.4764,14.601,-0.716753
283,15.4764,14.601,-0.716753
288,20.2283,18.696,-2.04979
283,20.2283,18.696,-2.04979
288,5.42998,14.0871,-3.75664
283,5.42998,14.0871,-3.75664
288,7.31528,15.6963,1.95048
283,7.31528,15.6963,1.95048
288,9.43682,15.5794,-1.12198
283,9.43682,15.5794,-1.12198
288,17.0629,17.5393,-1.96742
280,17.0629,17.5393,-1.96742
288,7.5834,14.7036,1.32659
280,7.5834,14.7036,1.32659
288,16.8405,15.4505,-0.596561
280,16.8405,15.4505,-0.596561
288,8.77038,15.6228,-0.010829
280,8.77038,15.6228,-0.010829
288,14.2872,15.6481,-0.990823
280,14.2872,15.6481,-0.990823
288,16.0106,17.0527,-2.01219
280,16.0106,17.0527,-2.01219
288,4.36406,14.8773,-5.01867
280,4.36406,14.8773,-5.01867
288,5.09396,17.5649,-4.79589
277,5.09396,17.5649,-4.79589
288,5.15863,15.9151,-4.77324
277,5.15863,15.9151,-4.77324
288,9.09866,14.677,1.08601
277,9.09866,14.677,1.08601
288,10.0597,16.8607,-1.38601
277,10.0597,16.8607,-1.38601
288,15.0226,15.9255,-1.37153
277,15.0226,15.9255,-1.37153
288,7.64759,14.7761,1.33509
272,7.64759,14.7761,1.33509
288,7.6684,14.819,1.41714
272,7.6684,14.819,1.41714
288,7.63583,10.0795,0.977563
268,7.63583,10.0795,0.977563
288,17.9129,16.4308,-1.30969
268,17.9129,16.4308,-1.30969
288,18.4383,17.7756,-1.82926
268,18.4383,17.7756,-1.82926
289,3.72152,8.09042,1.56823
289,3.67484,8.17304,1.56135
289,3.7331,8.18556,1.55183
289,3.79949,8.20577,1.54265
289,3.8172,8.53234,1.48221
289,4.06569,8.60172,1.48013
289,3.08019,11.9883,1.54316
289,3.0739,12.0567,1.60928
289,3.11446,12.0826,1.70412
289,2.95089,12.275,1.13276
289,2.90836,12.2189,-0.264776
289,2.7052,12.3434,-0.240922
289,2.80638,12.8084,0.904807
289,2.78683,12.8282,0.917928
289,3.00932,12.7916,0.973536
289,3.2097,12.3477,-0.0129631
289,3.24835,12.4221,0.0598757
289,5.61198,10.8558,-1.60732
289,5.60755,10.8883,-1.59483
289,2.72879,12.5567,-1.11188
289,3.25408,12.3778,-1.14948
289,2.86674,12.9744,-0.184909
289,5.05406,11.3893,-1.60281
289,3.25166,13.4785,1.3441
289,3.31755,12.4647,-1.07898
289,3.24567,13.5233,1.31666
289,5.14759,11.5139,-1.77385
289,3.24696,12.3374,-1.98555
289,6.49611,11.1319,-1.64653
289,7.80944,10.5792,-1.56122
289,7.80528,10.6187,-1.51921
289,7.88482,10.6669,-1.56693
289,5.46085,11.949,-1.58798
289,6.02055,11.6534,-1.69586
289,5.57837,11.9833,-1.43033
289,5.92739,11.8467,-1.47886
289,5.69018,11.9342,-1.54315
289,6.03088,11.7823,-1.59612
289,5.81156,11.8675,-1.71891
289,5.34128,12.0316,-1.90045
289,5.99049,11.9022,-1.54717
289,5.32627,12.2198,-1.65217
289,3.42823,14.2512,1.07778
289,5.76451,12.0885,-1.59205
289,5.79925,12.0919,-1.62749
289,6.00879,12.0511,-1.5527
289,5.81265,12.1448,-1.65199
289,6.91521,11.7016,-1.66792
289,3.41841,14.5191,1.04809
289,8.44249,11.1415,-1.74867
289,5.76295,12.5546,-1.42711
289,7.07046,11.8655,-1.83163
289,6.01574,12.4843,-1.57816
289,6.07014,12.624,-1.51816
289,3.7007,14.9821,1.40276
289,3.64967,15.0219,1.40111
289,6.06905,12.6867,-1.54502
289,8.72959,11.3136,-1.94307
289,3.62889,15.1053,1.22849
289,4.21249,15.1992,2.02247
289,4.11264,15.1664,1.23329
289,6.16164,19.065,-2.82516
288,6.16164,19.065,-2.82516
289,8.39809,15.8655,1.0624
288,8.39809,15.8655,1.0624
289,4.40022,14.9914,-3.92044
288,4.40022,14.9914,-3.92044
289,4.50076,15.9617,-4.9538
288,4.50076,15.9617,-4.9538
289,4.52538,15.7891,-4.73257
288,4.52538,15.7891,-4.73257
289,4.94943,15.8197,-4.26882
288,4.94943,15.8197,-4.26882
289,5.56124,15.3521,-4.76254
288,5.56124,15.3521,-4.76254
289,4.57788,15.5151,-3.85629
288,4.57788,15.5151,-3.85629
289,4.51611,15.9453,-4.46208
288,4.51611,15.9453,-4.46208
289,5.49343,15.8513,-4.62246
288,5.49343,15.8513,-4.62246
289,4.85029,15.7873,-4.11824
288,4.85029,15.7873,-4.11824
289,5.14658,16.8189,-4.7969
288,5.14658,16.8189,-4.7969
289,5.86273,17.6311,-4.9185
288,5.86273,17.6311,-4.9185
289,5.21965,17.3219,-4.96148
288,5.21965,17.3219,-4.96148
289,6.079,18.6193,-2.73455
288,6.079,18.6193,-2.73455
289,10.3596,16.8398,-1.57577
288,10.3596,16.8398,-1.57577
289,5.85801,18.0169,-4.58499
288,5.85801,18.0169,-4.58499
289,5.82558,23.4648,-5.34175
288,5.82558,23.4648,-5.34175
289,4.88182,16.1368,-3.85756
288,4.88182,16.1368,-3.85756
289,4.96649,16.8491,-4.09053
288,4.96649,16.8491,-4.09053
289,4.62087,15.0391,-3.80903
288,4.62087,15.0391,-3.80903
289,4.82599,17.4932,-4.93397
288,4.82599,17.4932,-4.93397
289,4.74091,16.5281,-3.94448
288,4.74091,16.5281,-3.94448
289,15.1769,16.3042,-1.18279
288,15.1769,16.3042,-1.18279
289,5.93396,18.3962,-4.8233
288,5.93396,18.3962,-4.8233
289,4.89451,15.1541,1.38357
288,4.89451,15.1541,1.38357
289,4.51094,15.2925,-4.26606
288,4.51094,15.2925,-4.26606
289,4.30635,14.1384,-2.73499
288,4.30635,14.1384,-2.73499
289,5.86083,17.3215,-2.39072
288,5.86083,17.3215,-2.39072
289,4.48071,15.4225,-4.65011
288,4.48071,15.4225,-4.65011
289,5.86273,17.6311,-4.9185
288,5.86273,17.6311,-4.9185
289,5.62355,15.5918,-4.95959
288,5.62355,15.5918,-4.95959
289,5.542,14.7316,-3.88594
288,5.542,14.7316,-3.88594
289,15.5146,16.5467,-1.45813
288,15.5146,16.5467,-1.45813
289,4.40644,15.8665,-4.48963
288,4.40644,15.8665,-4.48963
289,5.96892,18.088,-2.51202
288,5.96892,18.088,-2.51202
289,4.53608,16.0812,-4.5618
288,4.53608,16.0812,-4.5618
289,8.98065,18.3178,-0.87383
288,8.98065,18.3178,-0.87383
289,4.27533,15.337,0.286431
288,4.27533,15.337,0.286431
289,5.44591,16.1392,-4.91082
288,5.44591,16.1392,-4.91082
289,10.07,19.7336,2.29579
288,10.07,19.7336,2.29579
289,4.77431,14.6354,-3.88764
288,4.77431,14.6354,-3.88764
289,5.86282,17.2967,-2.56551
288,5.86282,17.2967,-2.56551
289,18.0095,16.4681,-1.34955
288,18.0095,16.4681,-1.34955
289,4.48497,16.8433,-1.99067
288,4.48497,16.8433,-1.99067
289,4.64157,13.8692,-3.2889
288,4.64157,13.8692,-3.2889
289,4.72447,15.4077,-4.4662
288,4.72447,15.4077,-4.4662
289,5.35383,15.7171,-4.6032
288,5.35383,15.7171,-4.6032
289,4.38289,16.3467,-4.7516
288,4.38289,16.3467,-4.7516
289,8.68911,14.1086,1.49886
288,8.68911,14.1086,1.49886
289,22.1818,20.0752,-1.84793
288,22.1818,20.0752,-1.84793
289,5.86055,17.2918,-2.55744
288,5.86055,17.2918,-2.55744
289,16.0625,16.9563,-1.37464
288,16.0625,16.9563,-1.37464
289,4.14667,13.3031,-2.72539
288,4.14667,13.3031,-2.72539
289,15.7157,16.6024,-0.845156
288,15.7157,16.6024,-0.845156
289,6.06854,20.9768,-4.85285
288,6.06854,20.9768,-4.85285
289,12.3061,12.8269,0.204674
288,12.3061,12.8269,0.204674
289,7.949,17.1264,2.14286
288,7.949,17.1264,2.14286
289,17.2927,17.5633,-2.03014
288,17.2927,17.5633,-2.03014
289,18.5833,18.8268,-2.4121
288,18.5833,18.8268,-2.4121
289,16.8835,17.5679,-1.59623
288,16.8835,17.5679,-1.59623
289,23.1916,19.6986,-2.55966
288,23.1916,19.6986,-2.55966
289,3.30425,12.4549,1.02816
288,3.30425,12.4549,1.02816
289,15.2186,14.4468,-0.779553
288,15.2186,14.4468,-0.779553
289,4.36016,15.8673,-3.9385
288,4.36016,15.8673,-3.9385
289,16.2508,16.7898,-1.72592
288,16.2508,16.7898,-1.72592
289,9.90016,12.346,0.138423
288,9.90016,12.346,0.138423
289,15.9168,16.8569,-1.38009
288,15.9168,16.8569,-1.38009
289,17.9945,16.5481,-1.47981
288,17.9945,16.5481,-1.47981
289,4.82984,14.9081,1.13955
287,4.82984,14.9081,1.13955
289,4.85564,16.6513,-4.82672
287,4.85564,16.6513,-4.82672
289,4.9905,15.8431,-4.39142
287,4.9905,15.8431,-4.39142
289,4.86335,15.801,-4.29871
287,4.86335,15.801,-4.29871
289,5.22123,17.4729,-4.6891
287,5.22123,17.4729,-4.6891
289,4.70443,16.2071,-5.0856
287,4.70443,16.2071,-5.0856
289,16.4493,17.2393,-1.46773
287,16.4493,17.2393,-1.46773
289,4.60378,16.4959,-5.31049
287,4.60378,16.4959,-5.31049
289,5.69122,16.4649,-4.7313
287,5.69122,16.4649,-4.7313
289,5.39847,22.2518,-5.12995
287,5.39847,22.2518,-5.12995
289,4.75955,15.637,-4.65365
287,4.75955,15.637,-4.65365
289,4.99314,21.2734,-4.97555
287,4.99314,21.2734,-4.97555
289,4.32715,16.1546,1.19378
287,4.32715,16.1546,1.19378
289,4.39733,15.4881,-4.5227
287,4.39733,15.4881,-4.5227
289,5.59144,21.3784,-4.71157
287,5.59144,21.3784,-4.71157
289,6.0398,18.6565,-4.82464
287,6.0398,18.6565,-4.82464
289,6.33692,14.7805,1.39438
287,6.33692,14.7805,1.39438
289,5.79836,12.1716,-1.75696
287,5.79836,12.1716,-1.75696
289,14.1158,14.9048,-0.295469
287,14.1158,14.9048,-0.295469
289,4.7272,16.5206,-4.55274
287,4.7272,16.5206,-4.55274
289,4.77541,16.9436,-4.56398
287,4.77541,16.9436,-4.56398
289,3.6745,8.29935,1.68672
287,3.6745,8.29935,1.68672
289,4.85641,16.2288,1.29515
287,4.85641,16.2288,1.29515
289,4.35303,16.4167,1.19065
287,4.35303,16.4167,1.19065
289,6.17573,14.7994,1.33013
287,6.17573,14.7994,1.33013
289,4.71492,16.6767,-5.5648
287,4.71492,16.6767,-5.5648
289,5.95925,17.2448,-0.181051
287,5.95925,17.2448,-0.181051
289,6.11301,14.2828,1.18076
287,6.11301,14.2828,1.18076
289,8.14089,19.8694,0.764247
287,8.14089,19.8694,0.764247
289,5.61772,15.8694,-4.70602
287,5.61772,15.8694,-4.70602
289,6.3121,17.3749,2.04952
287,6.3121,17.3749,2.04952
289,18.9401,18.2781,-1.19429
287,18.9401,18.2781,-1.19429
289,18.6486,18.8146,-1.45652
287,18.6486,18.8146,-1.45652
289,5.74431,22.5082,-5.25157
287,5.74431,22.5082,-5.25157
289,9.28098,14.8394,1.49584
287,9.28098,14.8394,1.49584
289,6.14139,12.9141,-2.32008
287,6.14139,12.9141,-2.32008
289,2.97975,12.1331,1.14405
287,2.97975,12.1331,1.14405
289,3.03849,12.0024,0.6042
287,3.03849,12.0024,0.6042
289,3.01478,12.6794,1.06462
287,3.01478,12.6794,1.06462
289,15.0681,16.0636,-1.10877
287,15.0681,16.0636,-1.10877
289,18.4449,18.5764,-1.31056
287,18.4449,18.5764,-1.31056
289,11.1078,13.3144,-0.63973
287,11.1078,13.3144,-0.63973
289,5.07462,15.8001,1.06402
285,5.07462,15.8001,1.06402
289,5.73584,16.7492,-4.76653
285,5.73584,16.7492,-4.76653
289,5.84184,17.3496,-5.00459
285,5.84184,17.3496,-5.00459
289,4.93532,16.0002,-4.84109
285,4.93532,16.0002,-4.84109
289,5.88214,17.5395,-5.11644
285,5.88214,17.5395,-5.11644
289,5.69532,16.5615,-4.65095
285,5.69532,16.5615,-4.65095
289,4.81862,16.1244,-4.95568
285,4.81862,16.1244,-4.95568
289,5.83267,22.8481,-5.05148
285,5.83267,22.8481,-5.05148
289,5.35413,16.3361,0.104388
285,5.35413,16.3361,0.104388
289,4.66733,16.401,2.04485
285,4.66733,16.401,2.04485
289,5.59915,15.3451,-5.05731
285,5.59915,15.3451,-5.05731
289,30.2492,23.9469,-4.00768
285,30.2492,23.9469,-4.00768
289,4.81777,15.0995,1.14193
285,4.81777,15.0995,1.14193
289,9.0385,14.5668,1.1081
285,9.0385,14.5668,1.1081
289,6.05745,16.6081,2.01797
285,6.05745,16.6081,2.01797
289,18.2283,17.3516,-1.60457
285,18.2283,17.3516,-1.60457
289,5.58546,15.3572,-4.91064
285,5.58546,15.3572,-4.91064
289,2.75575,12.4327,-1.22191
285,2.75575,12.4327,-1.22191
289,3.68601,16.4273,2.13465
285,3.68601,16.4273,2.13465
289,5.68045,16.8443,-4.92345
285,5.68045,16.8443,-4.92345
289,5.47153,14.8298,-4.6066
285,5.47153,14.8298,-4.6066
289,5.69154,15.8228,-5.39501
285,5.69154,15.8228,-5.39501
289,8.18997,13.5324,-1.66045
285,8.18997,13.5324,-1.66045
289,5.73871,15.2999,1.93152
285,5.73871,15.2999,1.93152
289,7.71255,14.7957,1.1139
283,7.71255,14.7957,1.1139
289,5.10277,14.6383,-4.97792
283,5.10277,14.6383,-4.97792
289,10.3799,14.3112,1.13103
283,10.3799,14.3112,1.13103
289,6.69936,15.7418,-0.0193112
283,6.69936,15.7418,-0.0193112
289,11.2826,18.0631,-2.00131
283,11.2826,18.0631,-2.00131
289,16.6082,17.277,-2.36323
283,16.6082,17.277,-2.36323
289,16.5256,17.4096,-2.19853
283,16.5256,17.4096,-2.19853
289,5.18331,15.1527,-4.91553
283,5.18331,15.1527,-4.91553
289,5.79381,17.1124,-2.29456
283,5.79381,17.1124,-2.29456
289,4.98375,15.6881,-4.71203
283,4.98375,15.6881,-4.71203
289,16.7134,17.1326,-1.84474
283,16.7134,17.1326,-1.84474
289,11.5774,16.0712,2.3901
283,11.5774,16.0712,2.3901
289,5.87516,17.8822,-4.74846
283,5.87516,17.8822,-4.74846
289,5.89439,17.9662,-4.76422
283,5.89439,17.9662,-4.76422
289,3.67881,16.3502,1.95285
283,3.67881,16.3502,1.95285
289,5.54488,15.4086,-4.60055
283,5.54488,15.4086,-4.60055
289,4.26122,14.6723,-2.82196
283,4.26122,14.6723,-2.82196
289,6.64605,15.5677,0.277838
280,6.64605,15.5677,0.277838
289,4.87639,16.8055,-4.93662
280,4.87639,16.8055,-4.93662
289,9.01361,14.511,1.11037
280,9.01361,14.511,1.11037
289,5.30378,17.0707,-4.85403
280,5.30378,17.0707,-4.85403
289,3.24854,12.3591,-0.41159
280,3.24854,12.3591,-0.41159
289,7.56687,14.564,1.12492
280,7.56687,14.564,1.12492
289,4.9125,16.9502,-4.852
277,4.9125,16.9502,-4.852
289,4.95229,20.6406,-4.649
277,4.95229,20.6406,-4.649
289,30.3264,35.2834,4.32668
277,30.3264,35.2834,4.32668
289,5.46738,14.8803,1.09559
275,5.46738,14.8803,1.09559
289,14.5444,18.5927,2.71636
275,14.5444,18.5927,2.71636
289,14.5444,18.5927,2.71636
275,14.5444,18.5927,2.71636
289,6.47753,17.0932,2.08783
275,6.47753,17.0932,2.08783
289,15.9398,14.8615,-1.02637
275,15.9398,14.8615,-1.02637
289,3.2913,49.373,3.5848
275,3.2913,49.373,3.5848
289,15.7136,19.7584,2.81908
275,15.7136,19.7584,2.81908
289,3.81726,35.1932,2.56695
275,3.81726,35.1932,2.56695
289,9.19963,19.3394,3.06638
272,9.19963,19.3394,3.06638
289,26.1535,31.1632,3.66879
272,26.1535,31.1632,3.66879
289,35.1271,104.805,5.67579
268,35.1271,104.805,5.67579
290,3.58442,8.08725,1.66156
290,3.58851,8.12017,1.65408
290,3.31497,9.17741,1.38706
290,3.73215,9.14027,1.47498
290,2.93532,12.0985,1.72908
290,3.01278,12.1063,1.73058
290,3.00801,12.1255,1.734
290,3.06639,12.0434,1.55826
290,2.8464,12.1071,1.15165
290,2.87851,12.1055,1.16433
290,3.06194,12.1095,1.40432
290,3.04067,12.2781,1.13646
290,3.24079,12.2256,1.04831
290,2.72892,12.5956,0.963431
290,2.65816,12.422,0.385051
290,3.291,12.4139,1.05575
290,2.9323,12.3791,0.450669
290,2.6733,12.447,0.183877
290,3.19116,12.2995,0.116529
290,3.22258,12.5138,0.685417
290,3.19899,12.2665,-0.0925503
290,3.24146,12.3393,0.0619011
290,2.83092,12.4251,-0.328429
290,2.81672,12.4935,-0.358441
290,3.29389,12.3134,-0.636928
290,3.3285,12.2682,-0.955802
290,3.32634,12.3972,-0.630483
290,3.23438,12.3429,-1.11886
290,3.2203,12.3691,-1.12656
290,3.33379,12.347,-1.07724
290,5.0545,11.3241,-1.58621
290,3.30478,12.3376,-1.80732
290,5.72646,11.3451,-1.67655
290,5.08721,11.7068,-1.57799
290,5.69518,11.4116,-1.6205
290,6.8588,10.8125,-1.80823
290,5.07106,11.808,-1.51642
290,5.72355,11.4546,-1.65415
290,5.12905,11.7785,-1.61661
290,5.09255,11.8273,-1.54557
290,6.554,11.1152,-1.73783
290,5.7099,11.6022,-1.58584
290,6.56889,11.1331,-1.74261
290,3.20557,14.1051,1.7716
290,7.83761,10.641,-1.53466
290,5.90104,11.5973,-1.50744
290,6.78503,11.1196,-1.74272
290,3.24866,14.1587,1.74281
290,5.90892,11.7579,-1.48618
290,5.78554,11.8028,-1.68148
290,8.00059,10.7459,-1.66517
290,5.32811,11.9738,-1.87334
290,5.26984,12.0558,-1.73355
290,5.31166,12.0502,-1.88261
290,6.00801,11.8717,-1.61927
290,5.95176,11.9201,-1.58072
290,5.33936,12.1147,-1.90914
290,5.80506,11.9972,-1.66581
290,6.01413,11.9572,-1.59463
290,3.41326,14.2853,1.09015
290,5.80571,12.124,-1.6498
290,3.92318,14.5615,2.42698
290,5.73177,12.5561,-1.41852
290,6.02266,12.5338,-1.58677
290,6.03329,12.5266,-1.59246
290,5.97751,12.6393,-1.51198
290,6.82008,12.2715,-1.65126
290,5.86412,12.7783,-1.57041
290,3.69626,15.0034,1.51588
290,5.86751,12.8193,-1.56338
290,6.04279,12.7397,-1.58572
290,6.04911,12.7534,-1.57925
290,6.10432,12.7712,-1.58509
290,4.82047,14.9572,1.74056
290,5.83037,12.0135,-1.71234
289,5.83037,12.0135,-1.71234
290,6.35968,20.2455,-3.23635
289,6.35968,20.2455,-3.23635
290,6.33346,20.13,-3.12842
289,6.33346,20.13,-3.12842
290,4.89722,16.5486,-5.37152
289,4.89722,16.5486,-5.37152
290,5.20012,16.4031,-4.58108
289,5.20012,16.4031,-4.58108
290,5.2719,18.6426,-5.51006
289,5.2719,18.6426,-5.51006
290,5.21021,17.3604,-4.98889
289,5.21021,17.3604,-4.98889
290,4.59234,14.8651,-4.11908
289,4.59234,14.8651,-4.11908
290,5.69592,16.2348,-4.94885
289,5.69592,16.2348,-4.94885
290,6.10347,18.2726,-2.70296
289,6.10347,18.2726,-2.70296
290,6.77124,22.0727,-5.02982
289,6.77124,22.0727,-5.02982
290,5.60948,16.2172,-2.24854
289,5.60948,16.2172,-2.24854
290,5.71559,16.6324,-2.26421
289,5.71559,16.6324,-2.26421
290,5.94488,18.3431,-3.65216
289,5.94488,18.3431,-3.65216
290,5.82821,17.919,-4.51852
289,5.82821,17.919,-4.51852
290,5.4489,17.9662,-5.07271
289,5.4489,17.9662,-5.07271
290,5.25744,13.7912,-3.1068
289,5.25744,13.7912,-3.1068
290,5.34087,16.286,0.119363
289,5.34087,16.286,0.119363
290,6.32182,20.2201,-4.12506
289,6.32182,20.2201,-4.12506
290,5.41143,15.8063,-4.18925
289,5.41143,15.8063,-4.18925
290,5.8435,17.2019,-5.1192
289,5.8435,17.2019,-5.1192
290,6.22267,17.1392,2.02548
289,6.22267,17.1392,2.02548
290,4.23014,15.3485,-1.32299
289,4.23014,15.3485,-1.32299
290,4.32281,16.2793,-1.68325
289,4.32281,16.2793,-1.68325
290,5.14425,17.8409,-4.98024
289,5.14425,17.8409,-4.98024
290,5.80257,17.0455,-2.27646
289,5.80257,17.0455,-2.27646
290,6.10347,18.2726,-2.70296
289,6.10347,18.2726,-2.70296
290,5.89321,16.9852,-5.54173
289,5.89321,16.9852,-5.54173
290,4.80096,13.029,-2.12723
289,4.80096,13.029,-2.12723
290,4.64122,16.3488,1.93108
289,4.64122,16.3488,1.93108
290,6.52429,17.0118,2.02079
289,6.52429,17.0118,2.02079
290,4.29424,15.8902,-3.90153
289,4.29424,15.8902,-3.90153
290,4.33011,16.1033,-3.77379
289,4.33011,16.1033,-3.77379
290,4.97519,13.4896,0.536629
289,4.97519,13.4896,0.536629
290,6.57994,15.4576,0.0501957
289,6.57994,15.4576,0.0501957
290,8.92312,18.2012,-0.835061
289,8.92312,18.2012,-0.835061
290,10.0232,16.397,-1.4164
289,10.0232,16.397,-1.4164
290,15.1476,16.2863,-1.14396
289,15.1476,16.2863,-1.14396
290,6.27869,19.9734,-3.11314
289,6.27869,19.9734,-3.11314
290,5.459,14.3931,-3.54051
289,5.459,14.3931,-3.54051
290,6.30966,14.8653,1.85697
289,6.30966,14.8653,1.85697
290,4.98791,11.482,-1.14312
289,4.98791,11.482,-1.14312
290,4.89659,16.266,-1.69832
289,4.89659,16.266,-1.69832
290,4.80649,19.673,-4.19822
289,4.80649,19.673,-4.19822
290,5.79408,17.6951,-3.36935
289,5.79408,17.6951,-3.36935
290,8.61432,14.0301,1.52044
289,8.61432,14.0301,1.52044
290,7.33311,20.4516,2.9073
289,7.33311,20.4516,2.9073
290,6.24645,17.2349,2.0329
289,6.24645,17.2349,2.0329
290,7.88917,16.7224,2.69309
289,7.88917,16.7224,2.69309
290,16.0726,16.9577,-1.60177
289,16.0726,16.9577,-1.60177
290,4.36426,16.3841,-4.48882
289,4.36426,16.3841,-4.48882
290,6.58272,17.1703,2.02655
289,6.58272,17.1703,2.02655
290,5.99479,20.995,-4.85651
289,5.99479,20.995,-4.85651
290,4.32281,16.2793,-1.68325
289,4.32281,16.2793,-1.68325
290,9.0109,15.6198,1.6575
289,9.0109,15.6198,1.6575
290,5.6973,15.38,-3.29625
289,5.6973,15.38,-3.29625
290,3.69524,16.2382,1.98422
289,3.69524,16.2382,1.98422
290,5.39647,15.958,-4.79245
289,5.39647,15.958,-4.79245
290,19.4205,17.0945,-0.917078
289,19.4205,17.0945,-0.917078
290,21.2549,19.4684,-1.69842
289,21.2549,19.4684,-1.69842
290,16.0498,14.9212,-1.79574
289,16.0498,14.9212,-1.79574
290,4.37583,15.6081,-4.47963
289,4.37583,15.6081,-4.47963
290,8.05204,15.3757,1.06996
289,8.05204,15.3757,1.06996
290,5.08669,14.5821,-2.62536
289,5.08669,14.5821,-2.62536
290,5.46114,16.1588,-3.60787
289,5.46114,16.1588,-3.60787
290,21.1291,18.1393,-1.1509
289,21.1291,18.1393,-1.1509
290,17.6544,15.8341,-1.20302
289,17.6544,15.8341,-1.20302
290,9.2106,18.7401,2.05381
289,9.2106,18.7401,2.05381
290,3.00565,16.966,2.20371
289,3.00565,16.966,2.20371
290,9.9911,16.3776,-1.41861
289,9.9911,16.3776,-1.41861
290,3.45642,19.8714,2.22926
289,3.45642,19.8714,2.22926
290,21.2071,19.8744,-1.59774
289,21.2071,19.8744,-1.59774
290,2.98852,17.3115,2.2226
289,2.98852,17.3115,2.2226
290,3.26987,24.4777,2.66797
289,3.26987,24.4777,2.66797
290,12.9169,14.6622,-0.627357
289,12.9169,14.6622,-0.627357
290,4.2381,13.5002,1.86716
289,4.2381,13.5002,1.86716
290,18.5924,16.3805,-1.41888
289,18.5924,16.3805,-1.41888
290,3.41663,14.371,1.0805
289,3.41663,14.371,1.0805
290,3.96625,12.3389,-1.50381
289,3.96625,12.3389,-1.50381
290,4.3042,15.5534,-3.68814
289,4.3042,15.5534,-3.68814
290,5.17867,12.0348,-1.70173
289,5.17867,12.0348,-1.70173
290,14.4917,15.7113,-0.504014
289,14.4917,15.7113,-0.504014
290,2.91923,11.4703,0.423787
289,2.91923,11.4703,0.423787
290,18.2219,17.2689,-1.68279
289,18.2219,17.2689,-1.68279
290,13.3737,13.4592,-0.405144
289,13.3737,13.4592,-0.405144
290,19.2622,17.3577,-1.66941
289,19.2622,17.3577,-1.66941
290,4.36159,15.9329,-3.63063
289,4.36159,15.9329,-3.63063
290,6.58005,17.366,2.15452
289,6.58005,17.366,2.15452
290,3.65384,16.8022,1.88587
289,3.65384,16.8022,1.88587
290,13.9533,15.4135,-0.873525
289,13.9533,15.4135,-0.873525
290,11.0828,13.1543,-0.368925
289,11.0828,13.1543,-0.368925
290,5.44868,14.5714,-1.74336
288,5.44868,14.5714,-1.74336
290,6.06133,18.5092,-5.47669
288,6.06133,18.5092,-5.47669
290,5.13606,12.6333,-2.38051
288,5.13606,12.6333,-2.38051
290,5.21527,17.5167,-4.90009
288,5.21527,17.5167,-4.90009
290,5.58417,15.7268,0.0883558
288,5.58417,15.7268,0.0883558
290,4.50567,15.7312,-4.89566
288,4.50567,15.7312,-4.89566
290,4.11198,14.5551,-3.55594
288,4.11198,14.5551,-3.55594
290,5.02042,11.2328,-1.27886
288,5.02042,11.2328,-1.27886
290,4.23368,15.118,1.18297
288,4.23368,15.118,1.18297
290,7.59547,15.4314,0.0276493
288,7.59547,15.4314,0.0276493
290,4.29249,15.4525,0.811115
288,4.29249,15.4525,0.811115
290,5.31522,13.6471,-3.27426
288,5.31522,13.6471,-3.27426
290,6.32868,16.3317,2.10598
288,6.32868,16.3317,2.10598
290,5.11138,16.8808,-4.92076
288,5.11138,16.8808,-4.92076
290,5.68401,17.7816,-4.97389
288,5.68401,17.7816,-4.97389
290,5.42731,14.3587,-3.59754
288,5.42731,14.3587,-3.59754
290,5.28026,13.8261,-3.1762
288,5.28026,13.8261,-3.1762
290,7.76446,26.3625,-5.67293
288,7.76446,26.3625,-5.67293
290,5.89675,11.8637,-1.50522
288,5.89675,11.8637,-1.50522
290,4.13006,12.9954,-2.45017
288,4.13006,12.9954,-2.45017
290,16.3228,17.0072,-0.962396
288,16.3228,17.0072,-0.962396
290,10.4178,16.8699,-1.56742
288,10.4178,16.8699,-1.56742
290,8.03776,13.3264,-1.60943
287,8.03776,13.3264,-1.60943
290,5.50844,17.0921,-4.53459
287,5.50844,17.0921,-4.53459
290,6.50336,15.2483,1.39122
287,6.50336,15.2483,1.39122
290,8.07448,13.3171,-1.63026
287,8.07448,13.3171,-1.63026
290,11.2477,17.9813,-1.98166
287,11.2477,17.9813,-1.98166
290,5.75722,14.4715,1.93602
287,5.75722,14.4715,1.93602
290,6.32444,16.0894,2.03879
287,6.32444,16.0894,2.03879
290,5.78659,17.2065,-4.84306
287,5.78659,17.2065,-4.84306
290,6.02866,18.6578,-4.82314
287,6.02866,18.6578,-4.82314
290,5.05276,16.2502,-4.66425
287,5.05276,16.2502,-4.66425
290,4.95555,20.6363,-4.04705
287,4.95555,20.6363,-4.04705
290,5.42085,14.0508,-3.41882
287,5.42085,14.0508,-3.41882
290,5.12296,11.7815,-1.63439
287,5.12296,11.7815,-1.63439
290,7.07781,18.8514,2.10391
287,7.07781,18.8514,2.10391
290,4.47012,16.5429,-5.19658
287,4.47012,16.5429,-5.19658
290,9.23273,14.7846,1.10747
287,9.23273,14.7846,1.10747
290,2.78764,24.2679,2.46613
287,2.78764,24.2679,2.46613
290,3.80424,15.2526,1.768
287,3.80424,15.2526,1.768
290,4.87168,15.7115,-4.61083
287,4.87168,15.7115,-4.61083
290,15.5541,14.6702,-1.66063
287,15.5541,14.6702,-1.66063
290,6.26619,19.8534,-5.92929
287,6.26619,19.8534,-5.92929
290,5.36976,14.1462,-3.40744
287,5.36976,14.1462,-3.40744
290,6.05217,14.4905,-3.57609
287,6.05217,14.4905,-3.57609
290,5.0902,16.2271,-4.65541
285,5.0902,16.2271,-4.65541
290,5.05976,16.1879,-4.67121
285,5.05976,16.1879,-4.67121
290,4.93443,16.0415,-5.06306
285,4.93443,16.0415,-5.06306
290,5.28313,12.1502,-1.69762
285,5.28313,12.1502,-1.69762
290,5.11487,15.4475,-4.79144
285,5.11487,15.4475,-4.79144
290,6.7724,13.1772,-1.65002
285,6.7724,13.1772,-1.65002
290,6.74313,13.1199,-1.61561
285,6.74313,13.1199,-1.61561
290,16.1126,16.8973,-2.2213
285,16.1126,16.8973,-2.2213
290,4.08283,14.9757,0.92525
285,4.08283,14.9757,0.92525
290,18.4265,28.3234,-5.49298
285,18.4265,28.3234,-5.49298
290,4.8709,15.2973,1.33697
285,4.8709,15.2973,1.33697
290,16.0965,17.2376,-2.2558
285,16.0965,17.2376,-2.2558
290,6.21523,15.0035,1.13255
285,6.21523,15.0035,1.13255
290,4.30299,15.8906,-4.39362
285,4.30299,15.8906,-4.39362
290,3.28675,11.6453,0.691309
285,3.28675,11.6453,0.691309
290,7.56478,21.6218,2.21669
285,7.56478,21.6218,2.21669
290,4.30873,15.9577,-4.43518
285,4.30873,15.9577,-4.43518
290,3.27115,11.7715,0.670964
285,3.27115,11.7715,0.670964
290,14.4398,15.6968,-1.5847
285,14.4398,15.6968,-1.5847
290,14.7787,15.9585,-1.68181
285,14.7787,15.9585,-1.68181
290,4.94136,15.9502,-4.77725
283,4.94136,15.9502,-4.77725
290,5.42034,16.0044,-4.81592
283,5.42034,16.0044,-4.81592
290,10.3058,14.2355,1.14781
283,10.3058,14.2355,1.14781
290,6.52444,17.8694,2.12284
283,6.52444,17.8694,2.12284
290,15.846,16.827,-1.78218
283,15.846,16.827,-1.78218
290,4.7278,16.8302,1.98413
283,4.7278,16.8302,1.98413
290,4.7234,15.277,-4.86065
283,4.7234,15.277,-4.86065
290,10.2522,14.1783,1.1559
283,10.2522,14.1783,1.1559
290,5.94081,18.5893,-3.1762
283,5.94081,18.5893,-3.1762
290,16.427,17.3122,-2.18209
283,16.427,17.3122,-2.18209
290,5.55559,12.2018,-1.73559
283,5.55559,12.2018,-1.73559
290,15.5747,14.9196,-0.863984
283,15.5747,14.9196,-0.863984
290,5.94257,18.6196,-3.20934
283,5.94257,18.6196,-3.20934
290,15.586,14.6592,-0.319491
283,15.586,14.6592,-0.319491
290,5.36283,13.6014,-3.57087
280,5.36283,13.6014,-3.57087
290,4.36084,13.1873,0.712448
280,4.36084,13.1873,0.712448
290,4.36116,13.1631,0.717929
280,4.36116,13.1631,0.717929
290,6.27803,24.7775,-1.44537
280,6.27803,24.7775,-1.44537
290,9.03392,14.5077,1.13201
280,9.03392,14.5077,1.13201
290,6.20893,14.936,1.46153
280,6.20893,14.936,1.46153
290,15.6497,19.6024,2.85309
277,15.6497,19.6024,2.85309
290,4.45863,15.3415,0.320663
275,4.45863,15.3415,0.320663
290,19.9413,24.3725,3.24756
275,19.9413,24.3725,3.24756
290,3.08652,44.1191,3.61226
275,3.08652,44.1191,3.61226
290,21.2411,25.7898,3.37456
275,21.2411,25.7898,3.37456
290,6.47132,16.7672,2.64915
272,6.47132,16.7672,2.64915
290,10.3483,20.9341,3.23594
272,10.3483,20.9341,3.23594
290,10.1454,20.4078,3.16735
272,10.1454,20.4078,3.16735
290,7.65326,14.8185,1.12616
270,7.65326,14.8185,1.12616
290,15.747,16.7479,-1.49841
270,15.747,16.7479,-1.49841
291,3.51285,8.18666,1.718
291,3.55486,8.22077,1.71438
291,2.79383,12.0122,1.21417
291,2.79242,12.0354,1.22565
291,2.92034,12.1643,1.72621
291,2.71341,12.0656,1.13322
291,3.10378,12.085,1.24079
291,2.99824,12.1722,1.22496
291,2.7861,12.3119,1.00596
291,2.67115,12.4734,0.442863
291,2.67223,12.4717,0.30559
291,2.55459,12.4631,0.0360208
291,2.54168,12.4696,0.0151386
291,3.00158,12.625,0.986957
291,2.69244,12.2959,-0.653162
291,2.96398,12.679,0.645873
291,3.29643,12.3018,-0.323688
291,3.2272,12.3392,-1.13796
291,3.22341,13.483,1.7722
291,2.7048,12.744,-1.23947
291,3.15658,13.731,1.78918
291,3.22763,13.5422,1.34144
291,3.23071,13.5558,1.37596
291,5.31495,11.6491,-1.16452
291,5.70274,11.3891,-1.65253
291,5.09269,11.7934,-1.55405
291,5.95025,11.5488,-1.39843
291,5.10135,11.8929,-1.58772
291,6.09384,11.3961,-1.74054
291,3.0951,14.2139,1.77886
291,3.22896,14.1537,1.73627
291,5.98529,11.6516,-1.49356
291,6.66059,11.2403,-1.8726
291,5.89626,11.7612,-1.48273
291,5.31223,11.9334,-1.86343
291,5.92423,11.863,-1.56965
291,3.37446,14.2244,1.46077
291,5.73927,11.9422,-1.66706
291,5.99838,11.8758,-1.63189
291,5.9344,11.9697,-1.56007
291,3.8814,14.4337,2.40493
291,5.94946,11.966,-1.5956
291,5.95159,11.9958,-1.58765
291,3.90108,14.481,2.47195
291,3.90375,14.5167,2.47255
291,3.97282,14.5307,2.50051
291,6.83491,11.7233,-1.43945
291,3.78942,14.6263,2.43244
291,5.79662,12.3127,-1.58344
291,5.82091,12.3496,-1.62468
291,5.72618,12.5598,-1.42504
291,3.43412,14.7667,1.43695
291,7.07595,11.8628,-1.85137
291,5.79348,12.5978,-1.58496
291,6.0249,12.5098,-1.61014
291,6.02052,12.5362,-1.60697
291,3.78339,14.9848,1.78552
291,3.78701,15.0196,1.80774
291,5.98309,12.7422,-1.60174
291,3.87447,14.9062,1.41178
291,5.94595,12.8523,-1.61125
291,6.05413,12.7913,-1.64708
291,4.85639,14.9425,2.57062
291,3.79273,15.4342,1.7581
291,4.23287,14.9431,0.874505
291,4.21326,15.1098,1.20949
291,6.41756,20.4595,-4.03821
290,6.41756,20.4595,-4.03821
291,6.56413,21.1857,-4.30136
290,6.56413,21.1857,-4.30136
291,5.49988,14.7595,-2.8509
290,5.49988,14.7595,-2.8509
291,4.90758,11.3105,-1.2408
290,4.90758,11.3105,-1.2408
291,5.03307,16.494,-4.38353
290,5.03307,16.494,-4.38353
291,5.1413,16.4109,-4.53397
290,5.1413,16.4109,-4.53397
291,9.21003,13.2392,1.2359
290,9.21003,13.2392,1.2359
291,4.96817,11.4714,-1.38578
290,4.96817,11.4714,-1.38578
291,5.29525,13.935,-2.53715
290,5.29525,13.935,-2.53715
291,7.59413,14.6121,1.54375
290,7.59413,14.6121,1.54375
291,4.91321,16.6121,-4.15265
290,4.91321,16.6121,-4.15265
291,5.17819,16.3857,-4.57769
290,5.17819,16.3857,-4.57769
291,5.4386,16.113,-4.91527
290,5.4386,16.113,-4.91527
291,8.40753,13.7977,1.54237
290,8.40753,13.7977,1.54237
291,9.16814,18.1788,2.00476
290,9.16814,18.1788,2.00476
291,4.74594,15.3534,-4.12184
290,4.74594,15.3534,-4.12184
291,5.05708,14.681,-2.59791
290,5.05708,14.681,-2.59791
291,5.95872,18.5372,-4.89203
290,5.95872,18.5372,-4.89203
291,6.32927,14.9464,1.87528
290,6.32927,14.9464,1.87528
291,6.69776,22.7952,-5.8215
290,6.69776,22.7952,-5.8215
291,4.34135,14.7788,-3.53674
290,4.34135,14.7788,-3.53674
291,4.30669,15.975,-4.19686
290,4.30669,15.975,-4.19686
291,6.32692,20.2412,-3.8967
290,6.32692,20.2412,-3.8967
291,5.52289,14.7892,-2.89627
290,5.52289,14.7892,-2.89627
291,8.64731,11.7056,0.0824101
290,8.64731,11.7056,0.0824101
291,10.5895,13.1296,-0.528841
290,10.5895,13.1296,-0.528841
291,5.07926,17.53,-4.77412
290,5.07926,17.53,-4.77412
291,5.40972,13.8805,-2.95622
290,5.40972,13.8805,-2.95622
291,9.96149,19.5582,2.05183
290,9.96149,19.5582,2.05183
291,11.5911,16.036,2.48505
290,11.5911,16.036,2.48505
291,9.48922,13.9612,2.26607
290,9.48922,13.9612,2.26607
291,5.06134,13.1861,-2.01352
290,5.06134,13.1861,-2.01352
291,4.74475,17.9336,-4.25059
290,4.74475,17.9336,-4.25059
291,4.4382,15.9032,1.10735
290,4.4382,15.9032,1.10735
291,6.05965,14.2786,0.319121
290,6.05965,14.2786,0.319121
291,4.71486,16.953,-0.41431
290,4.71486,16.953,-0.41431
291,5.53406,14.8213,-2.89215
290,5.53406,14.8213,-2.89215
291,5.23992,11.8096,-1.73686
290,5.23992,11.8096,-1.73686
291,9.26102,13.2842,1.23317
290,9.26102,13.2842,1.23317
291,6.74875,13.146,-1.64301
290,6.74875,13.146,-1.64301
291,5.75663,17.6931,-4.34136
290,5.75663,17.6931,-4.34136
291,6.33848,20.1672,-3.95532
290,6.33848,20.1672,-3.95532
291,7.69012,15.9616,2.61617
290,7.69012,15.9616,2.61617
291,4.04933,13.2698,-2.5684
290,4.04933,13.2698,-2.5684
291,4.30615,15.6294,-4.40998
290,4.30615,15.6294,-4.40998
291,5.58123,17.4019,-4.72484
290,5.58123,17.4019,-4.72484
291,5.80858,15.3683,2.5385
290,5.80858,15.3683,2.5385
291,6.01214,12.7211,-1.57566
290,6.01214,12.7211,-1.57566
291,6.62042,17.6922,2.76696
290,6.62042,17.6922,2.76696
291,4.51472,14.4705,-3.66399
290,4.51472,14.4705,-3.66399
291,6.22344,20.8437,-4.82382
290,6.22344,20.8437,-4.82382
291,5.82284,20.159,-4.43896
290,5.82284,20.159,-4.43896
291,7.17902,14.0661,1.2072
290,7.17902,14.0661,1.2072
291,4.57939,16.1506,1.96244
290,4.57939,16.1506,1.96244
291,9.79707,19.2735,2.04701
290,9.79707,19.2735,2.04701
291,5.48621,21.0962,-4.57802
290,5.48621,21.0962,-4.57802
291,4.93894,15.4252,1.9556
290,4.93894,15.4252,1.9556
291,4.17505,15.4116,-4.2355
290,4.17505,15.4116,-4.2355
291,7.48383,14.6263,1.1432
290,7.48383,14.6263,1.1432
291,4.28304,15.955,2.06666
290,4.28304,15.955,2.06666
291,3.67146,16.2687,1.98088
290,3.67146,16.2687,1.98088
291,2.91116,16.4982,1.98394
290,2.91116,16.4982,1.98394
291,4.27683,13.9963,1.89858
290,4.27683,13.9963,1.89858
291,14.5723,15.857,-0.607204
290,14.5723,15.857,-0.607204
291,3.38835,16.9319,2.05934
290,3.38835,16.9319,2.05934
291,3.29037,23.5036,3.07002
290,3.29037,23.5036,3.07002
291,3.69172,15.5018,1.39738
290,3.69172,15.5018,1.39738
291,2.98504,17.0484,2.59968
290,2.98504,17.0484,2.59968
291,5.239,15.3293,-4.28234
290,5.239,15.3293,-4.28234
291,3.68338,16.3183,2.10944
290,3.68338,16.3183,2.10944
291,12.9817,17.4551,2.61253
290,12.9817,17.4551,2.61253
291,7.53088,16.2593,2.65358
290,7.53088,16.2593,2.65358
291,13.8104,15.351,-0.831859
290,13.8104,15.351,-0.831859
291,5.80827,17.9151,-3.4576
290,5.80827,17.9151,-3.4576
291,5.79411,17.6956,-4.54427
290,5.79411,17.6956,-4.54427
291,4.98398,16.0678,-4.44577
290,4.98398,16.0678,-4.44577
291,3.27382,23.1078,3.01787
290,3.27382,23.1078,3.01787
291,2.83228,16.4789,2.3404
290,2.83228,16.4789,2.3404
291,11.5964,16.0423,2.48407
290,11.5964,16.0423,2.48407
291,3.23751,21.554,2.1064
290,3.23751,21.554,2.1064
291,3.40834,17.3523,2.0965
290,3.40834,17.3523,2.0965
291,3.0029,16.8822,2.04733
290,3.0029,16.8822,2.04733
291,9.28492,18.8336,2.92927
290,9.28492,18.8336,2.92927
291,20.2187,19.2127,-1.41362
290,20.2187,19.2127,-1.41362
291,6.50737,17.3483,2.60081
290,6.50737,17.3483,2.60081
291,2.95489,17.4834,2.06404
290,2.95489,17.4834,2.06404
291,9.17024,11.9824,0.326037
290,9.17024,11.9824,0.326037
291,3.24162,20.5382,2.1242
290,3.24162,20.5382,2.1242
291,17.1793,17.6335,-1.13316
290,17.1793,17.6335,-1.13316
291,5.67184,16.5588,-2.44702
290,5.67184,16.5588,-2.44702
291,11.1301,17.8494,-1.94185
290,11.1301,17.8494,-1.94185
291,6.15993,16.0624,2.11239
290,6.15993,16.0624,2.11239
291,16.7316,16.8561,-0.709507
290,16.7316,16.8561,-0.709507
291,13.216,15.0429,-1.33195
290,13.216,15.0429,-1.33195
291,2.80181,16.7358,2.07095
290,2.80181,16.7358,2.07095
291,19.8582,17.6996,-1.80134
290,19.8582,17.6996,-1.80134
291,6.9756,12.0958,-0.806821
290,6.9756,12.0958,-0.806821
291,14.3981,18.8386,2.75176
290,14.3981,18.8386,2.75176
291,16.5661,16.9256,-1.85576
290,16.5661,16.9256,-1.85576
291,6.3463,20.2005,-4.0218
289,6.3463,20.2005,-4.0218
291,6.7519,22.0017,-5.46009
289,6.7519,22.0017,-5.46009
291,4.84915,16.5086,-5.27376
289,4.84915,16.5086,-5.27376
291,5.87583,16.648,-5.73465
289,5.87583,16.648,-5.73465
291,4.99607,11.4552,-1.25024
289,4.99607,11.4552,-1.25024
291,4.9373,15.176,1.44147
289,4.9373,15.176,1.44147
291,4.96227,15.3038,1.34538
289,4.96227,15.3038,1.34538
291,4.83426,14.6233,1.16133
289,4.83426,14.6233,1.16133
291,6.72672,21.8201,-5.35185
289,6.72672,21.8201,-5.35185
291,5.3201,16.5081,-4.79853
289,5.3201,16.5081,-4.79853
291,5.44488,13.9728,-3.96993
289,5.44488,13.9728,-3.96993
291,5.18627,16.3386,-4.90642
289,5.18627,16.3386,-4.90642
291,4.56661,15.741,-4.86835
289,4.56661,15.741,-4.86835
291,4.59395,16.7308,-5.04945
289,4.59395,16.7308,-5.04945
291,5.13783,11.6834,-1.50748
289,5.13783,11.6834,-1.50748
291,5.87531,16.6373,-5.72341
289,5.87531,16.6373,-5.72341
291,5.44274,14.0116,-3.04662
289,5.44274,14.0116,-3.04662
291,19.4217,17.317,-1.65645
289,19.4217,17.317,-1.65645
291,17.3714,17.9107,-1.93598
289,17.3714,17.9107,-1.93598
291,4.06202,14.7624,1.26384
289,4.06202,14.7624,1.26384
291,5.11845,11.5456,-1.50762
289,5.11845,11.5456,-1.50762
291,5.54571,14.3438,-3.29679
289,5.54571,14.3438,-3.29679
291,19.0498,18.3657,-1.22734
289,19.0498,18.3657,-1.22734
291,5.58377,15.8721,0.0789908
289,5.58377,15.8721,0.0789908
291,2.97617,12.3322,1.74079
289,2.97617,12.3322,1.74079
291,6.51328,20.6772,-6.42916
289,6.51328,20.6772,-6.42916
291,2.75238,12.3871,0.0752358
289,2.75238,12.3871,0.0752358
291,14.3985,15.6899,-1.62332
289,14.3985,15.6899,-1.62332
291,3.00004,12.2939,1.16646
289,3.00004,12.2939,1.16646
291,3.08531,12.2173,1.72135
289,3.08531,12.2173,1.72135
291,16.0846,16.9041,-2.09146
289,16.0846,16.9041,-2.09146
291,24.5388,22.7808,-4.06605
289,24.5388,22.7808,-4.06605
291,11.9602,13.5288,0.121219
289,11.9602,13.5288,0.121219
291,3.79858,15.4925,1.76036
289,3.79858,15.4925,1.76036
291,3.04511,12.0934,1.55933
289,3.04511,12.0934,1.55933
291,5.36813,14.758,-4.17871
288,5.36813,14.758,-4.17871
291,5.31223,12.3002,-2.00422
288,5.31223,12.3002,-2.00422
291,4.65948,16.3253,-4.61855
288,4.65948,16.3253,-4.61855
291,5.06436,12.5539,-2.53395
288,5.06436,12.5539,-2.53395
291,4.65187,16.2243,-4.53993
288,4.65187,16.2243,-4.53993
291,6.17087,19.015,-5.81213
288,6.17087,19.015,-5.81213
291,4.90046,17.9893,-4.85969
288,4.90046,17.9893,-4.85969
291,5.46665,17.0159,-0.0191206
288,5.46665,17.0159,-0.0191206
291,4.90902,15.5917,-4.66092
288,4.90902,15.5917,-4.66092
291,4.13078,14.8759,-3.71641
288,4.13078,14.8759,-3.71641
291,5.66938,17.0437,-4.25766
288,5.66938,17.0437,-4.25766
291,8.84676,14.3573,1.16765
288,8.84676,14.3573,1.16765
291,16.5908,17.1919,-0.896737
288,16.5908,17.1919,-0.896737
291,5.65349,16.7878,-4.39008
287,5.65349,16.7878,-4.39008
291,6.02161,21.2024,-4.96224
287,6.02161,21.2024,-4.96224
291,4.63679,16.1033,-5.11067
287,4.63679,16.1033,-5.11067
291,6.3426,14.9384,1.15866
287,6.3426,14.9384,1.15866
291,4.14657,14.3373,-2.5465
287,4.14657,14.3373,-2.5465
291,16.4077,16.971,-1.74903
287,16.4077,16.971,-1.74903
291,16.3023,15.1235,-0.438823
287,16.3023,15.1235,-0.438823
291,5.53044,15.6365,0.14039
287,5.53044,15.6365,0.14039
291,15.1141,14.407,-1.54586
287,15.1141,14.407,-1.54586
291,9.75198,16.0591,-1.26712
287,9.75198,16.0591,-1.26712
291,16.1232,17.1323,-2.00069
287,16.1232,17.1323,-2.00069
291,10.4688,14.3954,1.49743
285,10.4688,14.3954,1.49743
291,10.5142,14.4416,1.50481
285,10.5142,14.4416,1.50481
291,5.01032,16.6286,-4.85426
285,5.01032,16.6286,-4.85426
291,5.74552,17.2521,-4.57052
285,5.74552,17.2521,-4.57052
291,6.65413,17.4541,2.09564
285,6.65413,17.4541,2.09564
291,8.8378,14.316,1.15218
285,8.8378,14.316,1.15218
291,15.7664,16.7691,-1.76188
283,15.7664,16.7691,-1.76188
291,15.0736,16.1359,-1.07808
283,15.0736,16.1359,-1.07808
291,5.9218,18.4548,-3.79456
283,5.9218,18.4548,-3.79456
291,4.71769,15.6965,-4.80284
280,4.71769,15.6965,-4.80284
291,4.42771,16.2239,-4.74874
280,4.42771,16.2239,-4.74874
291,4.44316,16.0437,-4.84847
280,4.44316,16.0437,-4.84847
291,21.4533,19.5757,-1.75602
280,21.4533,19.5757,-1.75602
291,6.85526,16.4248,1.01368
280,6.85526,16.4248,1.01368
291,8.12403,13.4218,-1.57576
277,8.12403,13.4218,-1.57576
291,5.01907,15.2428,1.07329
277,5.01907,15.2428,1.07329
291,4.9586,13.3645,1.24532
277,4.9586,13.3645,1.24532
291,4.95796,13.3329,1.25105
277,4.95796,13.3329,1.25105
291,10.5964,14.5587,1.10098
275,10.5964,14.5587,1.10098
291,4.64103,12.5798,-0.557918
275,4.64103,12.5798,-0.557918
291,6.08926,16.7219,2.52574
275,6.08926,16.7219,2.52574
291,10.4968,14.4444,1.12337
275,10.4968,14.4444,1.12337
291,3.25548,40.4279,3.32475
275,3.25548,40.4279,3.32475
291,14.854,14.2226,-0.712054
275,14.854,14.2226,-0.712054
291,10.0687,16.8888,-1.41122
272,10.0687,16.8888,-1.41122
291,6.10584,16.8453,2.66068
272,6.10584,16.8453,2.66068
292,3.44737,8.30486,1.76621
292,3.44717,8.30523,1.76531
292,3.62854,8.54493,1.79327
292,3.6883,8.57696,1.70461
292,3.74603,8.8088,1.67086
292,4.05796,9.20487,1.76574
292,2.72976,12.083,1.29135
292,2.72164,12.0853,1.28011
292,2.69635,12.1,1.20012
292,2.79092,12.066,1.20258
292,2.72683,12.1231,1.27458
292,3.04152,12.1437,1.64758
292,2.64611,12.1689,1.15641
292,2.73651,12.1413,1.16045
292,2.70398,12.1506,1.12814
292,2.77201,12.1654,1.21427
292,2.64144,12.235,1.14847
292,2.86245,12.1398,1.15202
292,3.1784,11.8035,0.376044
292,3.0653,12.1751,1.14609
292,3.23831,12.1619,0.982451
292,3.04976,12.3161,1.12101
292,2.53124,12.4561,0.603806
292,3.28623,12.2571,1.06393
292,2.55689,12.4775,0.550294
292,2.88782,12.3965,0.630374
292,2.72035,12.485,0.392412
292,2.54349,12.465,0.0237635
292,2.89685,12.5757,0.385514
292,3.28188,12.1959,-0.543231
292,3.31272,12.1986,-0.533465
292,3.22483,12.3872,-0.414246
292,2.6871,12.6028,-1.19018
292,3.28308,12.4443,-1.15561
292,3.15595,13.5836,1.75414
292,5.02216,11.7354,-1.4408
292,5.06018,11.7968,-1.5081
292,5.36508,11.7885,-1.47564
292,5.15563,11.9031,-1.49593
292,5.42388,11.8182,-1.49871
292,5.96019,11.6069,-1.44853
292,5.93476,11.6382,-1.43437
292,5.37947,11.8742,-1.5524
292,5.92527,11.6692,-1.46313
292,5.13195,12.0306,-1.54431
292,5.53347,11.9706,-1.4056
292,5.91368,11.7666,-1.50865
292,5.48119,11.9887,-1.66558
292,5.7474,11.8892,-1.60736
292,5.94035,11.8383,-1.52674
292,5.73771,12.0096,-1.57749
292,5.78854,11.9888,-1.65863
292,5.94647,11.9716,-1.49645
292,5.97329,12.0007,-1.6209
292,6.11292,11.9602,-1.56222
292,6.02421,12.0888,-1.58139
292,3.92967,14.4115,2.37675
292,3.3135,14.3987,1.46263
292,6.04619,12.129,-1.63153
292,3.8394,14.5798,2.51261
292,3.8825,14.5462,2.41274
292,6.92892,11.7421,-1.69755
292,3.79039,14.7263,2.43637
292,5.70263,12.5523,-1.37966
292,5.75683,12.6469,-1.43957
292,3.89881,14.8463,2.46249
292,5.95963,12.623,-1.49495
292,7.14817,11.9349,-1.90581
292,3.59251,14.6923,1.18498
292,3.68221,15.228,2.61385
292,5.86387,12.8382,-1.59188
292,3.79073,14.9728,1.7679
292,3.79781,15.0372,1.75217
292,3.86574,14.9843,1.39263
292,4.83463,14.9004,1.70511
292,3.6226,15.3199,1.22353
292,3.69566,15.3677,1.33548
292,9.96411,14.4782,2.29146
291,9.96411,14.4782,2.29146
292,6.5731,21.2798,-4.50406
291,6.5731,21.2798,-4.50406
292,6.46254,20.625,-4.44185
291,6.46254,20.625,-4.44185
292,5.4335,14.3711,-3.50932
291,5.4335,14.3711,-3.50932
292,5.66622,17.3503,-4.145
291,5.66622,17.3503,-4.145
292,5.97307,18.5118,-3.74055
291,5.97307,18.5118,-3.74055
292,6.3195,20.18,-4.49957
291,6.3195,20.18,-4.49957
292,5.2546,15.4287,-1.35944
291,5.2546,15.4287,-1.35944
292,9.3478,16.0211,2.20176
291,9.3478,16.0211,2.20176
292,4.99848,16.3062,-4.24395
291,4.99848,16.3062,-4.24395
292,8.58556,14.0194,1.17761
291,8.58556,14.0194,1.17761
292,8.4808,17.3849,-0.640183
291,8.4808,17.3849,-0.640183
292,9.43959,16.138,2.2154
291,9.43959,16.138,2.2154
292,6.37968,20.3467,-4.29223
291,6.37968,20.3467,-4.29223
292,8.85829,17.2832,2.12132
291,8.85829,17.2832,2.12132
292,4.72494,19.458,-4.05589
291,4.72494,19.458,-4.05589
292,4.28101,15.8819,-3.85785
291,4.28101,15.8819,-3.85785
292,4.46544,16.5108,-4.96459
291,4.46544,16.5108,-4.96459
292,4.89216,15.1623,1.9424
291,4.89216,15.1623,1.9424
292,5.77392,14.8919,2.02647
291,5.77392,14.8919,2.02647
292,4.84343,17.7255,-4.68727
291,4.84343,17.7255,-4.68727
292,15.8576,16.8493,-1.58836
291,15.8576,16.8493,-1.58836
292,4.35214,15.9384,-4.27348
291,4.35214,15.9384,-4.27348
292,5.87189,17.8012,-4.94382
291,5.87189,17.8012,-4.94382
292,7.56982,16.5157,2.65631
291,7.56982,16.5157,2.65631
292,4.29564,15.9946,-3.92889
291,4.29564,15.9946,-3.92889
292,21.2956,18.2048,-2.09794
291,21.2956,18.2048,-2.09794
292,6.50343,22.1149,-5.48081
291,6.50343,22.1149,-5.48081
292,5.69224,17.4559,-4.1975
291,5.69224,17.4559,-4.1975
292,11.1013,15.5973,2.38493
291,11.1013,15.5973,2.38493
292,3.86449,15.3217,1.38439
291,3.86449,15.3217,1.38439
292,7.86812,13.1489,-1.39631
291,7.86812,13.1489,-1.39631
292,21.115,18.1023,-1.20738
291,21.115,18.1023,-1.20738
292,3.67554,16.3313,1.96727
291,3.67554,16.3313,1.96727
292,7.82565,16.1981,2.6225
291,7.82565,16.1981,2.6225
292,4.33641,16.2537,-4.40233
291,4.33641,16.2537,-4.40233
292,19.0771,18.4238,-1.28183
291,19.0771,18.4238,-1.28183
292,6.0328,19.1943,-3.96772
291,6.0328,19.1943,-3.96772
292,2.99174,18.5488,2.22223
291,2.99174,18.5488,2.22223
292,10.5431,19.6564,2.35162
291,10.5431,19.6564,2.35162
292,5.82777,13.7232,1.27897
291,5.82777,13.7232,1.27897
292,4.28047,15.9568,-1.55279
291,4.28047,15.9568,-1.55279
292,4.73876,14.4492,1.19247
291,4.73876,14.4492,1.19247
292,8.47625,13.9023,1.19037
291,8.47625,13.9023,1.19037
292,3.30902,22.9134,2.31524
291,3.30902,22.9134,2.31524
292,5.01198,14.5692,-2.5141
291,5.01198,14.5692,-2.5141
292,15.277,16.3667,-1.17397
291,15.277,16.3667,-1.17397
292,10.3925,19.4162,2.34994
291,10.3925,19.4162,2.34994
292,5.76875,13.5767,1.29697
291,5.76875,13.5767,1.29697
292,2.8273,10.9111,0.911125
291,2.8273,10.9111,0.911125
292,3.79534,15.4398,1.76106
291,3.79534,15.4398,1.76106
292,5.96391,18.8944,-3.30023
291,5.96391,18.8944,-3.30023
292,4.85936,13.9858,-2.1757
291,4.85936,13.9858,-2.1757
292,3.76032,15.8744,2.54632
291,3.76032,15.8744,2.54632
292,3.40127,17.4738,2.0909
291,3.40127,17.4738,2.0909
292,17.116,15.4851,-1.18496
291,17.116,15.4851,-1.18496
292,8.70582,14.1643,1.16939
291,8.70582,14.1643,1.16939
292,10.0849,16.4913,-1.42691
291,10.0849,16.4913,-1.42691
292,5.57915,16.571,-4.28031
291,5.57915,16.571,-4.28031
292,5.8059,12.832,2.00072
291,5.8059,12.832,2.00072
292,6.52996,14.2959,2.05753
291,6.52996,14.2959,2.05753
292,6.54566,14.2764,2.42049
291,6.54566,14.2764,2.42049
292,7.63756,16.5094,2.61866
291,7.63756,16.5094,2.61866
292,14.7555,15.707,-1.37709
291,14.7555,15.707,-1.37709
292,11.8794,13.6442,0.174627
291,11.8794,13.6442,0.174627
292,12.6646,13.4571,-0.246263
291,12.6646,13.4571,-0.246263
292,87.349,66.4215,-19.1554
291,87.349,66.4215,-19.1554
292,4.33933,10.9106,2.07393
291,4.33933,10.9106,2.07393
292,3.56286,17.5506,1.97508
291,3.56286,17.5506,1.97508
292,2.97376,16.6516,2.04607
291,2.97376,16.6516,2.04607
292,16.4048,16.8426,-1.77332
291,16.4048,16.8426,-1.77332
292,5.80578,15.878,2.55686
291,5.80578,15.878,2.55686
292,13.15,13.7558,-0.369847
291,13.15,13.7558,-0.369847
292,3.89336,13.6192,1.39735
291,3.89336,13.6192,1.39735
292,4.99092,16.0279,-4.5096
290,4.99092,16.0279,-4.5096
292,7.79088,16.144,2.07583
290,7.79088,16.144,2.07583
292,11.9253,16.3617,2.50895
290,11.9253,16.3617,2.50895
292,5.25392,17.3496,-4.37223
290,5.25392,17.3496,-4.37223
292,6.16745,14.7795,1.65544
290,6.16745,14.7795,1.65544
292,7.73232,14.8255,1.10907
290,7.73232,14.8255,1.10907
292,4.35634,16.4118,-4.51147
290,4.35634,16.4118,-4.51147
292,4.4585,17.2787,-4.54549
290,4.4585,17.2787,-4.54549
292,9.1246,24.8842,3.37395
290,9.1246,24.8842,3.37395
292,6.88619,22.6956,-5.30578
290,6.88619,22.6956,-5.30578
292,5.64354,16.6875,-4.47966
290,5.64354,16.6875,-4.47966
292,4.9729,11.5167,-1.35384
290,4.9729,11.5167,-1.35384
292,7.6714,14.7323,1.11315
290,7.6714,14.7323,1.11315
292,4.99436,11.5346,-1.43511
290,4.99436,11.5346,-1.43511
292,4.21208,15.1,-3.10394
290,4.21208,15.1,-3.10394
292,4.05511,15.0183,1.13384
290,4.05511,15.0183,1.13384
292,6.52239,15.3918,1.88045
290,6.52239,15.3918,1.88045
292,4.97332,15.9198,-4.42405
290,4.97332,15.9198,-4.42405
292,8.11228,15.4546,1.04254
290,8.11228,15.4546,1.04254
292,5.01922,16.1466,-4.59507
290,5.01922,16.1466,-4.59507
292,12.6388,17.0653,2.58663
290,12.6388,17.0653,2.58663
292,11.9326,16.3694,2.50917
290,11.9326,16.3694,2.50917
292,3.33107,17.6001,2.15885
290,3.33107,17.6001,2.15885
292,18.7086,17.8142,-1.20857
290,18.7086,17.8142,-1.20857
292,4.75214,14.1069,1.25536
290,4.75214,14.1069,1.25536
292,2.85758,16.0734,2.03048
290,2.85758,16.0734,2.03048
292,14.6518,14.1532,-0.496965
290,14.6518,14.1532,-0.496965
292,9.91715,12.5417,0.114144
290,9.91715,12.5417,0.114144
292,2.93534,19.411,2.2128
290,2.93534,19.411,2.2128
292,2.88528,18.3201,2.24318
290,2.88528,18.3201,2.24318
292,6.09729,16.7865,2.11979
290,6.09729,16.7865,2.11979
292,5.87757,17.5276,-2.63661
290,5.87757,17.5276,-2.63661
292,5.81087,14.8963,2.05825
290,5.81087,14.8963,2.05825
292,16.5085,17.2975,-1.81375
290,16.5085,17.2975,-1.81375
292,4.79769,13.3237,-0.749449
290,4.79769,13.3237,-0.749449
292,16.1628,16.9376,-2.10256
290,16.1628,16.9376,-2.10256
292,6.28198,17.3833,2.15444
290,6.28198,17.3833,2.15444
292,18.798,19.0704,-3.04743
290,18.798,19.0704,-3.04743
292,5.44252,16.8545,-5.06378
289,5.44252,16.8545,-5.06378
292,5.92481,18.1993,-4.91419
289,5.92481,18.1993,-4.91419
292,5.01756,11.5203,-1.29919
289,5.01756,11.5203,-1.29919
292,4.58353,16.6268,-4.96708
289,4.58353,16.6268,-4.96708
292,4.91343,15.452,1.13034
289,4.91343,15.452,1.13034
292,6.13988,15.821,2.48968
289,6.13988,15.821,2.48968
292,6.02417,16.5555,2.63045
289,6.02417,16.5555,2.63045
292,4.89429,16.3912,-4.62222
289,4.89429,16.3912,-4.62222
292,5.45751,16.0376,-4.35914
289,5.45751,16.0376,-4.35914
292,16.0441,16.9342,-1.58161
289,16.0441,16.9342,-1.58161
292,18.4822,17.5268,-1.69431
289,18.4822,17.5268,-1.69431
292,15.0688,16.0305,-1.91322
289,15.0688,16.0305,-1.91322
292,9.6483,16.4109,2.20738
289,9.6483,16.4109,2.20738
292,5.60956,16.7113,-4.22455
289,5.60956,16.7113,-4.22455
292,6.56174,17.3244,2.1602
289,6.56174,17.3244,2.1602
292,17.0914,16.5956,-1.46047
289,17.0914,16.5956,-1.46047
292,6.25854,14.9272,1.3944
287,6.25854,14.9272,1.3944
292,4.25179,15.5754,-3.31568
287,4.25179,15.5754,-3.31568
292,4.93292,15.3093,1.09933
287,4.93292,15.3093,1.09933
292,15.8673,16.8983,-1.99846
287,15.8673,16.8983,-1.99846
292,16.2114,16.8678,-1.73732
287,16.2114,16.8678,-1.73732
292,15.6512,16.9041,-2.11817
287,15.6512,16.9041,-2.11817
292,3.66703,16.017,1.79717
287,3.66703,16.017,1.79717
292,14.8851,14.2836,-1.90156
287,14.8851,14.2836,-1.90156
292,9.21048,17.2374,-0.634391
288,9.21048,17.2374,-0.634391
292,15.0952,14.3874,-2.01002
288,15.0952,14.3874,-2.01002
292,15.2905,15.4381,-1.01823
288,15.2905,15.4381,-1.01823
292,13.8326,14.7598,-0.235874
288,13.8326,14.7598,-0.235874
292,16.2707,17.12,-1.79484
288,16.2707,17.12,-1.79484
292,6.61902,15.5425,0.278851
285,6.61902,15.5425,0.278851
292,16.564,17.3646,-1.66493
285,16.564,17.3646,-1.66493
292,5.42398,15.5774,-4.0311
285,5.42398,15.5774,-4.0311
292,7.73369,14.8387,1.12321
283,7.73369,14.8387,1.12321
292,3.17435,12.3854,-0.475286
283,3.17435,12.3854,-0.475286
292,15.2648,14.4644,-0.601973
280,15.2648,14.4644,-0.601973
292,15.2309,16.228,-0.675552
280,15.2309,16.228,-0.675552
292,9.79121,16.7136,1.77091
275,9.79121,16.7136,1.77091
292,4.75924,16.3962,1.9501
275,4.75924,16.3962,1.9501
292,10.4066,16.8855,-1.57669
275,10.4066,16.8855,-1.57669
292,8.96406,19.8973,-8.91746
277,8.96406,19.8973,-8.91746
292,17.3292,17.4829,-1.57346
277,17.3292,17.4829,-1.57346
293,3.37333,8.36225,1.78171
293,3.5462,8.59926,1.79159
293,3.66963,8.85588,1.66032
293,4.02894,9.3439,1.50843
293,2.6876,12.0727,1.49355
293,3.04998,12.0017,1.67409
293,3.05033,12.05,1.66899
293,3.03417,11.7716,0.544936
293,3.09792,12.2458,1.74502
293,3.01926,12.1317,1.17608
293,3.01067,11.9489,0.484362
293,2.95565,11.9696,0.251912
293,2.50098,12.4339,0.817496
293,3.23416,12.2651,1.03845
293,3.23776,12.2875,1.04283
293,3.29397,12.3814,1.05568
293,2.54349,12.4419,0.0364895
293,2.55824,12.4583,0.0350957
293,2.4989,12.5029,0.0501859
293,3.22234,12.3959,0.712686
293,2.37132,12.5448,-0.162812
293,2.53812,12.5296,-0.00738502
293,2.78522,12.4315,-0.138229
293,2.36287,12.6319,-0.198808
293,2.75543,12.4062,-0.509527
293,2.72253,12.4087,-0.758897
293,3.28643,12.2955,-0.637539
293,3.22616,12.5893,0.182148
293,3.31701,12.3107,-0.591462
293,3.20607,12.5738,-0.0309978
293,2.89498,12.7244,-0.0640849
293,2.31193,12.777,-0.80338
293,2.80241,13.0262,0.644343
293,3.2215,12.2952,-1.09994
293,3.21694,12.3135,-1.10478
293,2.29721,12.8619,-0.838438
293,2.28529,12.9396,-0.890984
293,2.82923,13.0985,0.362227
293,5.0235,11.7886,-1.46764
293,2.92392,13.4848,0.437124
293,5.35111,11.8031,-1.44913
293,5.07925,11.9369,-1.52258
293,5.17629,11.9528,-1.44459
293,3.25668,13.8609,1.74614
293,2.85814,13.4462,-0.40222
293,5.75807,11.6898,-1.68333
293,3.25557,13.9613,1.72638
293,5.99617,11.6783,-1.49785
293,5.50938,11.9449,-1.37978
293,5.96142,11.7241,-1.51674
293,5.9706,11.736,-1.53044
293,5.78361,11.8042,-1.69609
293,5.97773,11.7654,-1.53975
293,5.73585,12.0317,-1.5644
293,5.79227,11.9979,-1.65975
293,5.80411,12.0171,-1.66285
293,3.8244,14.3781,2.80956
293,3.83539,14.2765,2.47506
293,5.98379,11.9935,-1.64445
293,3.88133,14.2988,2.53502
293,3.90611,14.3151,2.45637
293,3.95419,14.3528,2.49019
293,3.51948,14.6949,2.85442
293,6.04603,12.1391,-1.60547
293,6.90783,11.713,-1.68238
293,3.49734,14.7026,2.69756
293,3.34302,14.4045,1.3907
293,3.93447,14.4507,2.42063
293,5.84929,12.3914,-1.66554
293,3.85786,14.6748,2.52561
293,5.93494,12.5731,-1.50979
293,3.58564,14.5238,1.18359
293,3.83195,14.805,2.43434
293,6.0262,12.5171,-1.61605
293,4.01202,14.764,2.53921
293,3.58855,14.5584,1.19117
293,3.4023,14.6865,1.2844
293,6.03921,12.5961,-1.6181
293,3.65757,15.1407,2.63802
293,5.85691,12.8333,-1.57257
293,3.80186,15.0302,1.77527
293,3.68777,15.1572,1.21852
293,3.8488,15.1445,1.39552
293,5.04583,16.5465,-4.41389
291,5.04583,16.5465,-4.41389
293,5.21536,17.4286,-5.05619
291,5.21536,17.4286,-5.05619
293,4.81682,14.9762,1.37685
291,4.81682,14.9762,1.37685
293,4.87901,15.1169,1.40491
291,4.87901,15.1169,1.40491
293,5.095,16.6512,-5.05853
291,5.095,16.6512,-5.05853
293,5.19299,16.7052,-4.39372
291,5.19299,16.7052,-4.39372
293,6.43205,20.6486,-4.74987
291,6.43205,20.6486,-4.74987
293,9.45823,19.0526,2.02183
291,9.45823,19.0526,2.02183
293,5.48324,11.9953,-1.67072
291,5.48324,11.9953,-1.67072
293,5.19772,18.2226,-5.25986
291,5.19772,18.2226,-5.25986
293,5.37552,15.8785,-4.72403
291,5.37552,15.8785,-4.72403
293,6.12305,19.1358,-4.06523
291,6.12305,19.1358,-4.06523
293,5.86432,18.1511,-4.64584
291,5.86432,18.1511,-4.64584
293,10.3108,14.2504,1.11993
291,10.3108,14.2504,1.11993
293,5.37122,14.4936,2.42513
291,5.37122,14.4936,2.42513
293,4.4387,15.3452,2.04272
291,4.4387,15.3452,2.04272
293,5.54105,16.505,-4.54197
291,5.54105,16.505,-4.54197
293,4.84375,17.7113,-4.68343
291,4.84375,17.7113,-4.68343
293,4.39249,15.718,1.13292
291,4.39249,15.718,1.13292
293,6.48995,15.2884,0.0948676
291,6.48995,15.2884,0.0948676
293,4.99967,15.2433,1.39731
291,4.99967,15.2433,1.39731
293,6.75963,12.4572,-1.76443
291,6.75963,12.4572,-1.76443
293,9.73419,16.0682,-1.28316
291,9.73419,16.0682,-1.28316
293,10.1341,14.0899,1.13952
291,10.1341,14.0899,1.13952
293,6.42682,20.3477,-4.74173
291,6.42682,20.3477,-4.74173
293,7.56485,20.6525,2.9827
291,7.56485,20.6525,2.9827
293,5.4679,14.1124,2.33795
291,5.4679,14.1124,2.33795
293,5.37771,13.8329,2.3227
291,5.37771,13.8329,2.3227
293,4.78502,18.2163,-5.55372
291,4.78502,18.2163,-5.55372
293,4.81957,15.8156,-4.08049
291,4.81957,15.8156,-4.08049
293,6.52508,22.2045,-5.52381
291,6.52508,22.2045,-5.52381
293,5.85892,18.1209,-4.61253
291,5.85892,18.1209,-4.61253
293,7.05444,23.0717,-5.64741
291,7.05444,23.0717,-5.64741
293,5.51006,17.0835,-5.42567
291,5.51006,17.0835,-5.42567
293,10.9389,15.436,2.37167
291,10.9389,15.436,2.37167
293,16.0176,17.1303,-2.22391
291,16.0176,17.1303,-2.22391
293,8.04792,13.3518,-1.51538
291,8.04792,13.3518,-1.51538
293,9.95101,16.3435,-1.38591
291,9.95101,16.3435,-1.38591
293,5.2156,19.564,-3.56509
291,5.2156,19.564,-3.56509
293,3.71328,15.6599,2.5537
291,3.71328,15.6599,2.5537
293,9.06181,18.4422,2.86343
291,9.06181,18.4422,2.86343
293,23.7824,19.5716,-1.66971
291,23.7824,19.5716,-1.66971
293,6.09481,19.1144,-5.25086
291,6.09481,19.1144,-5.25086
293,15.8238,16.9909,-2.16675
291,15.8238,16.9909,-2.16675
293,21.7908,20.8248,-2.71691
291,21.7908,20.8248,-2.71691
293,2.70096,12.0682,1.47698
291,2.70096,12.0682,1.47698
293,8.16575,13.5689,1.23682
291,8.16575,13.5689,1.23682
293,8.24055,16.9327,2.70524
291,8.24055,16.9327,2.70524
293,3.71286,14.0026,1.76381
291,3.71286,14.0026,1.76381
293,2.999,12.3661,0.452898
291,2.999,12.3661,0.452898
293,4.31794,14.5705,2.0932
291,4.31794,14.5705,2.0932
293,7.31988,14.2648,1.15663
291,7.31988,14.2648,1.15663
293,3.40816,19.9509,2.16869
291,3.40816,19.9509,2.16869
293,13.0112,14.5905,-0.850211
291,13.0112,14.5905,-0.850211
293,4.53009,15.9405,2.17056
291,4.53009,15.9405,2.17056
293,14.6037,16.0887,-1.75518
291,14.6037,16.0887,-1.75518
293,18.2506,16.2307,-1.37518
291,18.2506,16.2307,-1.37518
293,14.189,14.3566,-0.597872
291,14.189,14.3566,-0.597872
293,3.73318,14.3057,1.76601
291,3.73318,14.3057,1.76601
293,13.0508,14.7675,-1.16279
291,13.0508,14.7675,-1.16279
293,9.86307,16.1999,-1.31966
291,9.86307,16.1999,-1.31966
293,8.03108,17.2244,2.71936
291,8.03108,17.2244,2.71936
293,16.5829,16.9347,-1.81005
291,16.5829,16.9347,-1.81005
293,8.16097,13.4532,-1.64704
291,8.16097,13.4532,-1.64704
293,5.43189,15.9619,-4.31544
290,5.43189,15.9619,-4.31544
293,4.54503,17.3224,-2.16587
290,4.54503,17.3224,-2.16587
293,7.30786,14.2752,1.15831
290,7.30786,14.2752,1.15831
293,5.60744,16.9015,-4.12043
290,5.60744,16.9015,-4.12043
293,5.1586,16.7579,-5.11772
290,5.1586,16.7579,-5.11772
293,7.92034,13.148,-1.53187
290,7.92034,13.148,-1.53187
293,8.17884,13.4606,-1.73825
290,8.17884,13.4606,-1.73825
293,5.60259,17.5844,-4.87958
290,5.60259,17.5844,-4.87958
293,5.69837,16.5867,-4.8091
290,5.69837,16.5867,-4.8091
293,7.81129,20.3976,2.18732
290,7.81129,20.3976,2.18732
293,7.34909,15.8601,2.06444
290,7.34909,15.8601,2.06444
293,4.69547,18.7396,-3.69446
290,4.69547,18.7396,-3.69446
293,6.1452,16.9472,2.67592
290,6.1452,16.9472,2.67592
293,5.61026,16.623,-4.33109
290,5.61026,16.623,-4.33109
293,5.69043,16.6518,-4.71892
290,5.69043,16.6518,-4.71892
293,5.73409,16.7157,-4.90273
290,5.73409,16.7157,-4.90273
293,6.10467,16.8188,2.65889
290,6.10467,16.8188,2.65889
293,6.36169,17.6381,2.73313
290,6.36169,17.6381,2.73313
293,6.17189,14.916,1.14598
290,6.17189,14.916,1.14598
293,13.3487,13.4438,-0.307407
290,13.3487,13.4438,-0.307407
293,12.5202,16.945,2.58056
290,12.5202,16.945,2.58056
293,7.55478,14.3893,1.20087
290,7.55478,14.3893,1.20087
293,13.4783,13.4998,-0.258162
290,13.4783,13.4998,-0.258162
293,3.717,15.8073,2.55134
290,3.717,15.8073,2.55134
293,15.9296,16.7716,-0.864044
290,15.9296,16.7716,-0.864044
293,14.1639,13.8828,-0.402962
290,14.1639,13.8828,-0.402962
293,3.33018,21.9035,2.93972
290,3.33018,21.9035,2.93972
293,7.78947,14.7576,1.17467
290,7.78947,14.7576,1.17467
293,5.57338,16.7339,-4.00132
290,5.57338,16.7339,-4.00132
293,5.40383,14.4114,-2.68856
290,5.40383,14.4114,-2.68856
293,6.11081,18.3822,-2.99321
290,6.11081,18.3822,-2.99321
293,5.48978,14.6934,-2.87775
290,5.48978,14.6934,-2.87775
293,6.14556,16.063,2.114
290,6.14556,16.063,2.114
293,15.752,16.858,-2.11387
290,15.752,16.858,-2.11387
293,5.06985,16.5083,-4.57706
289,5.06985,16.5083,-4.57706
293,5.07666,16.5998,-4.65436
289,5.07666,16.5998,-4.65436
293,7.58216,14.5903,1.13835
289,7.58216,14.5903,1.13835
293,6.58188,18.3837,2.73174
289,6.58188,18.3837,2.73174
293,15.3705,16.3739,-1.96352
289,15.3705,16.3739,-1.96352
293,17.3738,17.6053,-2.05561
289,17.3738,17.6053,-2.05561
293,4.82637,17.4291,-4.88239
289,4.82637,17.4291,-4.88239
293,5.92278,17.5516,-2.60791
289,5.92278,17.5516,-2.60791
293,9.64092,16.4022,2.20541
289,9.64092,16.4022,2.20541
293,7.88939,13.1848,-1.46254
289,7.88939,13.1848,-1.46254
293,4.47323,12.0152,0.88934
288,4.47323,12.0152,0.88934
293,5.34643,16.331,-4.82606
288,5.34643,16.331,-4.82606
293,15.6054,16.7277,-1.92973
288,15.6054,16.7277,-1.92973
293,6.0053,18.4809,-5.14086
288,6.0053,18.4809,-5.14086
293,16.176,17.1575,-2.09692
288,16.176,17.1575,-2.09692
293,16.4936,16.9903,-1.77007
288,16.4936,16.9903,-1.77007
293,13.2235,14.7633,-1.21929
288,13.2235,14.7633,-1.21929
293,6.17573,14.7734,1.1156
287,6.17573,14.7734,1.1156
293,6.20609,14.9278,1.16368
287,6.20609,14.9278,1.16368
293,5.75295,11.9651,-1.70895
287,5.75295,11.9651,-1.70895
293,17.1186,17.5995,-1.12195
287,17.1186,17.5995,-1.12195
293,4.70585,16.9532,0.020637
285,4.70585,16.9532,0.020637
293,4.79084,14.9622,1.16024
285,4.79084,14.9622,1.16024
293,16.7029,16.3784,-1.30717
283,16.7029,16.3784,-1.30717
293,7.63895,14.5267,1.15318
275,7.63895,14.5267,1.15318
293,8.65318,15.456,0.0101469
275,8.65318,15.456,0.0101469
293,4.92055,16.0786,-4.70371
277,4.92055,16.0786,-4.70371
293,19.3253,18.5616,-1.27037
277,19.3253,18.5616,-1.27037
293,15.165,14.4135,-0.558052
277,15.165,14.4135,-0.558052
293,15.9582,16.8019,-0.827934
277,15.9582,16.8019,-0.827934
294,3.46602,8.64557,1.76541
294,3.45199,8.64844,1.75104
294,3.43895,8.84266,1.6294
294,3.58236,8.91428,1.63057
294,2.67158,12.068,1.46111
294,3.10475,11.988,1.48381
294,3.04658,12.0541,1.53814
294,3.04571,12.0434,1.40139
294,2.61825,12.1892,1.16154
294,2.66364,12.2777,1.11659
294,3.01519,12.1595,1.17495
294,2.51894,12.3724,0.664502
294,2.71329,12.5336,0.99562
294,3.31573,12.3226,1.10368
294,2.54479,12.5351,0.53171
294,2.89738,12.4238,-0.00682402
294,3.26523,12.2431,-0.175625
294,3.23725,12.3524,0.0661689
294,2.80437,12.8696,0.881521
294,2.69946,12.3839,-0.76175
294,3.28842,12.3327,-0.418692
294,3.27607,12.2408,-0.86918
294,2.77674,12.6357,-0.420237
294,3.30267,12.1997,-0.978606
294,3.30484,12.2905,-0.731845
294,3.31315,12.2893,-0.735822
294,3.30975,12.2802,-0.822763
294,3.22823,12.2535,-1.06716
294,3.2295,12.5699,-0.4683
294,3.32022,12.3184,-1.55756
294,2.81408,12.9289,-0.599452
294,2.79777,13.0193,-0.622193
294,4.99805,11.7509,-1.44747
294,5.03442,11.8455,-1.50283
294,5.14019,11.8952,-1.38993
294,5.13099,11.945,-1.4608
294,5.13475,12.0662,-1.65462
294,3.25986,14.0987,1.72503
294,5.93867,11.7969,-1.40207
294,5.72531,11.8788,-1.59246
294,5.99126,11.8648,-1.46164
294,5.74598,11.9358,-1.60141
294,3.8092,14.2786,2.48246
294,3.49018,14.521,2.6533
294,6.01767,12.0631,-1.57062
294,3.9091,14.5356,2.48381
294,5.77682,12.2885,-1.57241
294,3.3967,14.3795,1.09271
294,3.79777,14.6836,2.42777
294,3.65938,14.8799,2.58424
294,5.74751,12.646,-1.45052
294,5.82198,12.624,-1.47711
294,3.40095,14.7094,1.27438
294,5.93098,12.6232,-1.50319
294,7.17004,11.9258,-1.92058
294,7.17997,11.9437,-1.93632
294,3.65374,14.832,1.23668
294,3.77491,14.9952,1.74774
294,3.66046,14.8992,1.24705
294,3.64164,14.9593,1.25595
294,3.77578,15.4594,2.05502
294,3.78662,15.5237,1.95942
294,4.17424,15.3919,2.09003
294,4.32988,15.7164,-4.34134
292,4.32988,15.7164,-4.34134
294,9.28434,16.0533,1.76934
292,9.28434,16.0533,1.76934
294,6.13382,19.2902,-3.60893
292,6.13382,19.2902,-3.60893
294,5.73635,17.8522,-3.28755
292,5.73635,17.8522,-3.28755
294,5.87576,18.1999,-4.71525
292,5.87576,18.1999,-4.71525
294,5.0021,17.1982,-4.56141
292,5.0021,17.1982,-4.56141
294,4.58137,16.5924,-4.9476
292,4.58137,16.5924,-4.9476
294,5.1698,17.1721,-4.88638
292,5.1698,17.1721,-4.88638
294,4.38933,16.6378,-4.41932
292,4.38933,16.6378,-4.41932
294,7.25427,23.9314,-6.50806
292,7.25427,23.9314,-6.50806
294,5.23026,17.4631,-5.10667
292,5.23026,17.4631,-5.10667
294,5.00228,15.8403,1.42634
292,5.00228,15.8403,1.42634
294,6.37372,15.0563,1.14297
292,6.37372,15.0563,1.14297
294,12.6662,17.0775,2.5315
292,12.6662,17.0775,2.5315
294,4.99678,17.101,-4.48636
292,4.99678,17.101,-4.48636
294,8.47026,17.3619,2.74264
292,8.47026,17.3619,2.74264
294,6.19492,16.6165,2.63704
292,6.19492,16.6165,2.63704
294,4.56375,16.1309,1.96052
292,4.56375,16.1309,1.96052
294,4.60766,16.3509,2.08996
292,4.60766,16.3509,2.08996
294,5.03206,16.2171,-4.66891
292,5.03206,16.2171,-4.66891
294,4.93671,15.5743,1.32827
292,4.93671,15.5743,1.32827
294,4.79026,17.4158,-4.49009
292,4.79026,17.4158,-4.49009
294,7.38321,16.0134,2.62612
292,7.38321,16.0134,2.62612
294,7.38018,16.0056,2.07264
292,7.38018,16.0056,2.07264
294,10.021,16.4497,-1.43028
292,10.021,16.4497,-1.43028
294,6.75726,15.9176,-0.052992
292,6.75726,15.9176,-0.052992
294,5.19288,12.0176,-1.75965
292,5.19288,12.0176,-1.75965
294,7.2732,14.1577,1.55491
292,7.2732,14.1577,1.55491
294,7.77854,15.0153,1.13489
292,7.77854,15.0153,1.13489
294,14.1259,18.4848,2.6443
292,14.1259,18.4848,2.6443
294,12.2702,16.7082,2.55357
292,12.2702,16.7082,2.55357
294,5.83662,17.5527,-4.95649
292,5.83662,17.5527,-4.95649
294,14.612,16.1681,-1.7814
292,14.612,16.1681,-1.7814
294,2.79395,13.126,0.615507
292,2.79395,13.126,0.615507
294,2.93521,14.4191,2.41261
292,2.93521,14.4191,2.41261
294,6.63778,21.4405,-4.87213
292,6.63778,21.4405,-4.87213
294,3.69738,15.8255,1.37695
292,3.69738,15.8255,1.37695
294,3.63522,15.572,1.9608
292,3.63522,15.572,1.9608
294,3.03395,18.7172,2.13126
292,3.03395,18.7172,2.13126
294,2.96498,23.396,2.31422
292,2.96498,23.396,2.31422
294,3.03986,12.1792,1.62577
292,3.03986,12.1792,1.62577
294,14.0593,18.423,2.64713
292,14.0593,18.423,2.64713
294,7.06638,15.6679,2.56106
292,7.06638,15.6679,2.56106
294,6.64745,21.4277,-4.53477
292,6.64745,21.4277,-4.53477
294,21.3088,18.2026,-1.25401
292,21.3088,18.2026,-1.25401
294,2.96023,12.2303,1.14307
292,2.96023,12.2303,1.14307
294,8.11686,13.4352,-1.58439
292,8.11686,13.4352,-1.58439
294,6.86534,16.1594,-0.121661
292,6.86534,16.1594,-0.121661
294,6.34397,14.9028,1.15912
292,6.34397,14.9028,1.15912
294,2.96825,18.4885,2.08191
292,2.96825,18.4885,2.08191
294,9.86856,16.6987,2.22861
292,9.86856,16.6987,2.22861
294,3.00856,17.4471,2.55083
292,3.00856,17.4471,2.55083
294,6.04707,19.281,-4.0046
292,6.04707,19.281,-4.0046
294,2.04717,16.5023,2.5682
292,2.04717,16.5023,2.5682
294,21.2122,18.0954,-1.18942
292,21.2122,18.0954,-1.18942
294,9.44424,19.1259,1.19689
292,9.44424,19.1259,1.19689
294,5.28136,13.6069,-2.68703
292,5.28136,13.6069,-2.68703
294,4.68394,16.8619,2.18338
292,4.68394,16.8619,2.18338
294,3.75117,14.7673,1.76589
292,3.75117,14.7673,1.76589
294,2.953,18.7313,2.09906
292,2.953,18.7313,2.09906
294,5.71098,17.7511,-3.37665
292,5.71098,17.7511,-3.37665
294,2.92948,16.0821,2.551
292,2.92948,16.0821,2.551
294,9.63058,12.3291,0.133941
292,9.63058,12.3291,0.133941
294,14.1602,15.6488,-1.14054
292,14.1602,15.6488,-1.14054
294,4.36206,16.2776,-1.75214
292,4.36206,16.2776,-1.75214
294,17.5742,18.1714,-2.71425
292,17.5742,18.1714,-2.71425
294,19.2036,17.2484,-1.70955
292,19.2036,17.2484,-1.70955
294,3.29002,20.5387,2.81517
292,3.29002,20.5387,2.81517
294,2.93727,16.0228,2.51323
292,2.93727,16.0228,2.51323
294,4.16149,15.1645,2.25664
292,4.16149,15.1645,2.25664
294,10.736,20.8027,3.02849
292,10.736,20.8027,3.02849
294,6.93167,15.1583,2.50317
292,6.93167,15.1583,2.50317
294,3.16392,17.5659,2.15104
292,3.16392,17.5659,2.15104
294,14.9456,15.8582,-1.39274
292,14.9456,15.8582,-1.39274
294,13.5632,15.1681,-1.30431
292,13.5632,15.1681,-1.30431
294,6.15037,16.9812,2.65575
292,6.15037,16.9812,2.65575
294,5.83932,17.636,-4.89227
290,5.83932,17.636,-4.89227
294,5.88795,17.8168,-5.00305
290,5.88795,17.8168,-5.00305
294,8.64292,17.6997,-0.868029
290,8.64292,17.6997,-0.868029
294,5.15685,16.3032,-4.52083
290,5.15685,16.3032,-4.52083
294,5.28305,16.3111,-4.81895
290,5.28305,16.3111,-4.81895
294,6.20345,14.8851,1.73468
290,6.20345,14.8851,1.73468
294,5.51838,17.2014,-4.62195
290,5.51838,17.2014,-4.62195
294,4.09872,14.7241,-3.70638
290,4.09872,14.7241,-3.70638
294,5.10671,16.1861,-4.51275
290,5.10671,16.1861,-4.51275
294,5.37329,17.6688,-4.8959
290,5.37329,17.6688,-4.8959
294,5.29933,18.7269,-0.343765
290,5.29933,18.7269,-0.343765
294,5.4732,16.2881,-5.0684
290,5.4732,16.2881,-5.0684
294,6.65802,18.3714,2.11534
290,6.65802,18.3714,2.11534
294,4.35865,16.307,-4.35397
290,4.35865,16.307,-4.35397
294,4.9115,17.0614,-5.14803
290,4.9115,17.0614,-5.14803
294,4.85136,15.978,-4.62032
290,4.85136,15.978,-4.62032
294,6.03308,18.0782,-5.52448
290,6.03308,18.0782,-5.52448
294,4.08703,14.648,-3.64349
290,4.08703,14.648,-3.64349
294,6.26011,17.3495,2.7117
290,6.26011,17.3495,2.7117
294,4.26731,15.6714,-3.98461
290,4.26731,15.6714,-3.98461
294,7.14029,15.4385,2.56027
290,7.14029,15.4385,2.56027
294,6.43864,21.8501,-5.3572
290,6.43864,21.8501,-5.3572
294,4.25076,15.4375,1.16361
290,4.25076,15.4375,1.16361
294,5.73289,11.9085,-1.58564
290,5.73289,11.9085,-1.58564
294,5.65278,17.8018,-5.03328
290,5.65278,17.8018,-5.03328
294,6.88341,12.3707,-1.7177
290,6.88341,12.3707,-1.7177
294,15.8077,16.7609,-1.30923
290,15.8077,16.7609,-1.30923
294,9.57653,15.8231,-1.19531
290,9.57653,15.8231,-1.19531
294,6.03936,18.5847,-5.22815
290,6.03936,18.5847,-5.22815
294,7.68334,14.8037,1.12939
290,7.68334,14.8037,1.12939
294,10.1631,16.6157,-1.50997
290,10.1631,16.6157,-1.50997
294,5.88487,17.2878,-2.68632
290,5.88487,17.2878,-2.68632
294,3.61806,15.5568,2.14088
290,3.61806,15.5568,2.14088
294,10.8741,17.4761,-1.80459
290,10.8741,17.4761,-1.80459
294,5.37969,16.1973,-3.6212
290,5.37969,16.1973,-3.6212
294,3.6289,16.0183,1.95213
290,3.6289,16.0183,1.95213
294,7.44876,12.6698,-1.15286
290,7.44876,12.6698,-1.15286
294,4.49065,16.8024,-4.96326
293,4.49065,16.8024,-4.96326
294,4.51059,16.6851,-5.05907
293,4.51059,16.6851,-5.05907
294,4.22242,15.4702,-4.03223
293,4.22242,15.4702,-4.03223
294,7.56637,15.4488,0.0260215
293,7.56637,15.4488,0.0260215
294,6.10946,19.2987,-3.43072
293,6.10946,19.2987,-3.43072
294,4.59832,16.3166,1.98395
293,4.59832,16.3166,1.98395
294,5.48685,14.611,-2.86114
293,5.48685,14.611,-2.86114
294,5.50463,14.6624,-3.85931
293,5.50463,14.6624,-3.85931
294,5.06034,16.4861,-4.95539
293,5.06034,16.4861,-4.95539
294,7.68632,14.7709,1.10949
293,7.68632,14.7709,1.10949
294,5.62864,15.4424,2.03331
293,5.62864,15.4424,2.03331
294,4.28806,16.0333,-3.95734
293,4.28806,16.0333,-3.95734
294,6.19033,14.8454,1.11172
293,6.19033,14.8454,1.11172
294,4.81306,17.2683,-5.15482
293,4.81306,17.2683,-5.15482
294,6.43264,20.5173,-4.40675
293,6.43264,20.5173,-4.40675
294,5.40957,16.046,-4.20131
293,5.40957,16.046,-4.20131
294,4.22483,15.4832,-4.03377
293,4.22483,15.4832,-4.03377
294,6.49767,16.8596,2.55488
293,6.49767,16.8596,2.55488
294,4.79375,17.3754,-4.8622
293,4.79375,17.3754,-4.8622
294,7.41487,15.1644,0.0987174
293,7.41487,15.1644,0.0987174
294,5.94411,16.0657,2.59608
293,5.94411,16.0657,2.59608
294,4.33825,14.8701,2.45162
293,4.33825,14.8701,2.45162
294,4.18324,14.9417,2.50178
293,4.18324,14.9417,2.50178
294,5.49514,16.0103,-1.55117
293,5.49514,16.0103,-1.55117
294,4.85948,17.6081,-5.01672
293,4.85948,17.6081,-5.01672
294,2.79313,16.7159,2.36331
293,2.79313,16.7159,2.36331
294,6.26923,20.2604,-4.52799
293,6.26923,20.2604,-4.52799
294,2.70951,17.2071,2.67901
293,2.70951,17.2071,2.67901
294,2.91315,17.1042,2.68344
293,2.91315,17.1042,2.68344
294,2.67783,17.5526,2.70618
293,2.67783,17.5526,2.70618
294,9.09467,14.6199,1.12377
293,9.09467,14.6199,1.12377
294,2.90294,17.3004,2.69721
293,2.90294,17.3004,2.69721
294,4.21324,15.7147,2.51995
293,4.21324,15.7147,2.51995
294,5.37544,14.3292,-2.64434
293,5.37544,14.3292,-2.64434
294,5.6633,16.9393,-4.54905
293,5.6633,16.9393,-4.54905
294,2.66096,12.4588,0.448923
293,2.66096,12.4588,0.448923
294,7.14021,12.3865,-0.953313
293,7.14021,12.3865,-0.953313
294,1.91966,17.4844,2.15181
293,1.91966,17.4844,2.15181
294,4.12496,15.0037,2.11476
293,4.12496,15.0037,2.11476
294,3.75704,14.8606,1.73247
293,3.75704,14.8606,1.73247
294,3.22305,20.4093,2.73601
293,3.22305,20.4093,2.73601
294,5.76713,17.8694,-3.49017
293,5.76713,17.8694,-3.49017
294,4.53876,16.3519,-4.97693
289,4.53876,16.3519,-4.97693
294,4.91225,17.1533,-5.02406
289,4.91225,17.1533,-5.02406
294,4.47535,16.7174,-4.69848
289,4.47535,16.7174,-4.69848
294,5.28068,17.7532,-5.29423
289,5.28068,17.7532,-5.29423
294,15.5773,16.5277,-2.0386
289,15.5773,16.5277,-2.0386
294,5.61911,16.012,0.0525597
289,5.61911,16.012,0.0525597
294,19.4399,16.9086,-0.973686
289,19.4399,16.9086,-0.973686
294,20.8046,17.69,-1.21476
289,20.8046,17.69,-1.21476
294,5.47272,15.5509,0.133249
288,5.47272,15.5509,0.133249
294,4.63679,15.2295,1.43773
288,4.63679,15.2295,1.43773
294,5.91559,12.4004,-1.49094
288,5.91559,12.4004,-1.49094
294,5.90597,12.3834,-1.48232
288,5.90597,12.3834,-1.48232
294,7.71757,14.8853,1.08489
287,7.71757,14.8853,1.08489
294,5.54777,15.7329,0.118013
287,5.54777,15.7329,0.118013
294,5.86716,12.2952,-1.7774
287,5.86716,12.2952,-1.7774
294,9.64782,17.9874,-0.824887
285,9.64782,17.9874,-0.824887
294,10.3748,14.318,1.13054
283,10.3748,14.318,1.13054
294,4.98429,15.3463,1.10902
283,4.98429,15.3463,1.10902
294,15.4837,16.4471,-1.21344
283,15.4837,16.4471,-1.21344
294,10.3901,14.3342,1.13051
283,10.3901,14.3342,1.13051
294,5.20449,16.3085,-4.88793
280,5.20449,16.3085,-4.88793
294,16.5242,17.303,-1.54195
280,16.5242,17.303,-1.54195
294,8.12035,13.4147,-1.57698
277,8.12035,13.4147,-1.57698
294,8.11585,13.4104,-1.56292
277,8.11585,13.4104,-1.56292
294,6.36298,14.8089,1.10701
277,6.36298,14.8089,1.10701
294,4.92412,16.3216,-4.89607
277,4.92412,16.3216,-4.89607
295,2.57816,12.2684,1.15261
295,2.65415,12.245,1.18285
295,3.21536,12.0085,1.02162
295,2.59457,12.2712,0.432566
295,2.57665,12.5733,1.10385
295,2.67987,12.2287,0.278929
295,2.69078,12.3282,0.485653
295,3.28828,12.2618,1.08917
295,2.51236,12.5612,0.790423
295,3.3011,12.2939,1.08414
295,3.30117,12.3177,1.08527
295,2.6605,12.3612,0.234979
295,2.55511,12.507,0.460037
295,2.57848,12.5428,0.558408
295,2.55307,12.5463,0.384841
295,3.98812,12.0952,0.947545
295,2.72805,12.3944,0.0522013
295,2.55099,12.5364,0.00978208
295,3.32386,12.3413,0.443946
295,2.37345,12.6051,-0.156719
295,2.7292,12.5182,0.0273274
295,2.36539,12.6025,-0.227852
295,2.76485,12.7744,0.271276
295,3.23853,12.545,0.001266
295,3.29342,12.24,-0.77229
295,3.21839,12.2466,-1.04475
295,5.02013,11.3768,-1.58658
295,5.07393,11.3819,-1.6455
295,3.32893,12.3525,-1.39514
295,4.99452,11.5482,-1.43789
295,4.95505,11.6477,-1.36564
295,3.25203,13.7549,1.76919
295,5.67334,11.358,-1.61206
295,5.6421,11.5288,-1.5173
295,5.64897,11.5404,-1.54597
295,5.6881,11.6144,-1.59232
295,7.83355,10.6675,-1.53407
295,5.50772,11.9448,-1.39444
295,6.87007,11.1785,-1.82643
295,5.21626,12.123,-1.61165
295,5.74555,11.9384,-1.60062
295,5.49047,12.046,-1.6488
295,5.50744,12.0467,-1.68165
295,5.699,12.0215,-1.56148
295,5.80867,11.9972,-1.68352
295,5.81069,12.0286,-1.67714
295,5.5834,12.136,-1.80849
295,5.98515,12.0556,-1.61658
295,7.12259,11.3805,-2.07289
295,3.43038,14.3516,1.09667
295,6.14205,12.0958,-1.64051
295,3.38678,14.5247,1.29728
295,3.41236,14.5573,1.24688
295,3.51724,14.4948,1.09567
295,3.38889,14.7236,1.26826
295,6.01898,12.5251,-1.59879
295,3.55919,14.8406,1.43203
295,5.90908,12.632,-1.51316
295,3.58432,14.8033,1.284
295,3.45631,14.9311,1.43857
295,3.63594,14.8144,1.26349
295,5.94606,12.7145,-1.56064
295,5.87088,12.8497,-1.59382
295,2.10933,16.093,1.94436
295,3.84905,15.5007,1.79098
295,3.70901,15.4255,1.39036
295,4.20886,15.0164,0.845821
295,4.82467,15.0487,1.66307
295,5.20882,17.2718,-4.95454
294,5.20882,17.2718,-4.95454
295,5.19715,17.3012,-4.98009
294,5.19715,17.3012,-4.98009
295,6.84853,22.3449,-5.6842
294,6.84853,22.3449,-5.6842
295,5.6075,14.8643,-3.93551
294,5.6075,14.8643,-3.93551
295,5.19783,18.057,-5.15903
294,5.19783,18.057,-5.15903
295,4.54316,16.6569,-4.4235
294,4.54316,16.6569,-4.4235
295,4.97993,16.5141,-5.05967
294,4.97993,16.5141,-5.05967
295,5.90926,18.6501,-5.62862
294,5.90926,18.6501,-5.62862
295,7.89928,13.1962,-1.40388
294,7.89928,13.1962,-1.40388
295,10.4139,14.3656,1.09086
294,10.4139,14.3656,1.09086
295,5.2123,16.9178,-5.23705
294,5.2123,16.9178,-5.23705
295,5.14867,16.7676,-5.11249
294,5.14867,16.7676,-5.11249
295,11.9467,16.4044,2.41834
294,11.9467,16.4044,2.41834
295,11.9104,16.4055,2.41586
294,11.9104,16.4055,2.41586
295,4.20995,15.4219,1.97346
294,4.20995,15.4219,1.97346
295,4.11008,14.6097,-3.12498
294,4.11008,14.6097,-3.12498
295,5.74958,18.1112,-3.19781
294,5.74958,18.1112,-3.19781
295,7.3609,24.2774,-6.27137
294,7.3609,24.2774,-6.27137
295,6.28571,13.154,-1.86111
294,6.28571,13.154,-1.86111
295,3.72726,15.5111,1.38778
294,3.72726,15.5111,1.38778
295,4.74189,16.995,-4.58212
294,4.74189,16.995,-4.58212
295,4.27402,15.505,-4.23132
294,4.27402,15.505,-4.23132
295,5.8809,15.3456,2.03494
294,5.8809,15.3456,2.03494
295,4.83698,17.5797,-4.60292
294,4.83698,17.5797,-4.60292
295,4.51403,16.3768,1.08007
294,4.51403,16.3768,1.08007
295,7.54893,14.5657,1.13557
294,7.54893,14.5657,1.13557
295,7.24425,16.9268,-0.301053
294,7.24425,16.9268,-0.301053
295,8.58953,16.9881,1.98261
294,8.58953,16.9881,1.98261
295,12.2406,16.6814,2.46828
294,12.2406,16.6814,2.46828
295,5.70771,17.5636,-4.29493
294,5.70771,17.5636,-4.29493
295,7.39084,16.0306,2.62339
294,7.39084,16.0306,2.62339
295,10.0213,16.8964,2.16518
294,10.0213,16.8964,2.16518
295,5.75575,22.5466,-4.96284
294,5.75575,22.5466,-4.96284
295,3.72004,16.5465,2.00107
294,3.72004,16.5465,2.00107
295,4.30283,16.1059,2.58795
294,4.30283,16.1059,2.58795
295,6.16516,17.0717,2.50957
294,6.16516,17.0717,2.50957
295,3.67724,15.3291,2.5338
294,3.67724,15.3291,2.5338
295,3.62044,13.7569,0.457784
294,3.62044,13.7569,0.457784
295,5.62896,14.7125,2.05345
294,5.62896,14.7125,2.05345
295,4.39589,16.6208,2.11626
294,4.39589,16.6208,2.11626
295,9.75402,18.1196,-0.874801
294,9.75402,18.1196,-0.874801
295,11.7254,16.2152,2.42637
294,11.7254,16.2152,2.42637
295,23.8248,19.5394,-1.66869
294,23.8248,19.5394,-1.66869
295,1.97982,17.0731,2.42691
294,1.97982,17.0731,2.42691
295,2.90936,16.5087,2.15367
294,2.90936,16.5087,2.15367
295,16.5963,16.9262,-1.86155
294,16.5963,16.9262,-1.86155
295,1.78914,17.4799,1.85181
294,1.78914,17.4799,1.85181
295,3.84975,16.1721,-0.316303
294,3.84975,16.1721,-0.316303
295,10.4957,17.0047,-1.66266
294,10.4957,17.0047,-1.66266
295,12.1092,14.3748,-1.02911
294,12.1092,14.3748,-1.02911
295,7.76729,11.3654,0.323177
294,7.76729,11.3654,0.323177
295,24.6633,20.3463,-2.88616
294,24.6633,20.3463,-2.88616
295,5.14134,14.8958,-1.47559
294,5.14134,14.8958,-1.47559
295,5.45238,14.3806,-3.05074
294,5.45238,14.3806,-3.05074
295,11.6852,18.4222,-2.18938
294,11.6852,18.4222,-2.18938
295,16.1796,16.9764,-2.14313
294,16.1796,16.9764,-2.14313
295,16.7666,17.0713,-1.89173
294,16.7666,17.0713,-1.89173
295,10.6543,13.2758,-0.409046
294,10.6543,13.2758,-0.409046
295,8.21815,17.608,2.22263
294,8.21815,17.608,2.22263
295,8.51851,13.8209,-1.88592
294,8.51851,13.8209,-1.88592
295,5.61908,16.6717,-4.85257
290,5.61908,16.6717,-4.85257
295,7.5262,14.5004,1.13157
290,7.5262,14.5004,1.13157
295,5.01747,15.4186,1.11444
290,5.01747,15.4186,1.11444
295,5.84176,17.5946,-4.85998
290,5.84176,17.5946,-4.85998
295,5.11269,16.4934,-4.92016
290,5.11269,16.4934,-4.92016
295,7.57202,14.6207,1.40095
290,7.57202,14.6207,1.40095
295,8.063,13.3197,-1.63321
290,8.063,13.3197,-1.63321
295,8.04806,13.3555,-1.62056
290,8.04806,13.3555,-1.62056
295,20.1939,23.9697,3.25359
290,20.1939,23.9697,3.25359
295,5.93011,18.1387,-4.89549
290,5.93011,18.1387,-4.89549
295,5.90448,17.9374,-4.89802
290,5.90448,17.9374,-4.89802
295,4.51898,15.9144,-4.85759
290,4.51898,15.9144,-4.85759
295,6.41069,16.6902,2.01389
290,6.41069,16.6902,2.01389
295,6.83451,17.5584,2.09638
290,6.83451,17.5584,2.09638
295,5.70669,16.6771,-4.73635
290,5.70669,16.6771,-4.73635
295,6.06168,18.8509,-3.96557
290,6.06168,18.8509,-3.96557
295,6.6966,13.0672,-1.58101
290,6.6966,13.0672,-1.58101
295,5.95827,18.0539,-5.14604
290,5.95827,18.0539,-5.14604
295,4.69776,15.5191,-4.51298
290,4.69776,15.5191,-4.51298
295,6.58787,17.1987,2.02568
290,6.58787,17.1987,2.02568
295,6.11494,16.8093,2.01688
290,6.11494,16.8093,2.01688
295,5.62296,16.6776,-4.83776
290,5.62296,16.6776,-4.83776
295,3.20563,12.423,-0.863262
290,3.20563,12.423,-0.863262
295,6.10769,19.0966,-5.26841
290,6.10769,19.0966,-5.26841
295,6.61456,17.2136,2.52927
290,6.61456,17.2136,2.52927
295,5.88433,12.3476,-1.88581
290,5.88433,12.3476,-1.88581
295,6.04223,18.7028,-5.11534
290,6.04223,18.7028,-5.11534
295,4.11559,14.5393,-3.51666
290,4.11559,14.5393,-3.51666
295,6.05631,18.4624,-2.6304
290,6.05631,18.4624,-2.6304
295,8.97431,14.4837,1.41624
290,8.97431,14.4837,1.41624
295,6.86819,18.0665,2.18339
290,6.86819,18.0665,2.18339
295,18.2478,17.8743,-1.07239
290,18.2478,17.8743,-1.07239
295,5.72973,16.6529,-2.54171
290,5.72973,16.6529,-2.54171
295,6.14226,16.8979,2.12212
290,6.14226,16.8979,2.12212
295,3.42872,8.96356,1.76603
290,3.42872,8.96356,1.76603
295,3.31138,15.7365,1.99185
290,3.31138,15.7365,1.99185
295,5.98846,18.0105,-5.30821
290,5.98846,18.0105,-5.30821
295,11.5559,16.0299,2.43189
290,11.5559,16.0299,2.43189
295,5.36252,15.7068,-4.1063
293,5.36252,15.7068,-4.1063
295,5.41053,13.8843,-2.91029
293,5.41053,13.8843,-2.91029
295,4.92308,15.2544,1.5369
293,4.92308,15.2544,1.5369
295,4.13033,14.7508,-2.97806
293,4.13033,14.7508,-2.97806
295,5.82496,18.2558,-2.37853
293,5.82496,18.2558,-2.37853
295,7.13443,24.5327,-6.79533
293,7.13443,24.5327,-6.79533
295,7.83088,14.8142,1.39489
293,7.83088,14.8142,1.39489
295,7.12303,24.602,-6.78268
293,7.12303,24.602,-6.78268
295,5.4442,13.9496,-2.98311
293,5.4442,13.9496,-2.98311
295,10.6948,17.7458,2.30089
293,10.6948,17.7458,2.30089
295,3.81701,15.0683,1.79717
293,3.81701,15.0683,1.79717
295,4.67541,18.4042,-3.52384
293,4.67541,18.4042,-3.52384
295,5.5021,14.5988,-3.00537
293,5.5021,14.5988,-3.00537
295,34.7935,26.0941,-4.93461
293,34.7935,26.0941,-4.93461
295,2.75221,12.6674,0.432304
293,2.75221,12.6674,0.432304
295,6.57085,17.1412,2.71262
293,6.57085,17.1412,2.71262
295,14.0274,14.7476,-0.699955
293,14.0274,14.7476,-0.699955
295,2.70283,12.1633,1.50603
293,2.70283,12.1633,1.50603
295,2.58324,12.7155,1.14822
293,2.58324,12.7155,1.14822
295,5.76182,16.4259,-0.0364922
293,5.76182,16.4259,-0.0364922
295,2.95974,20.2686,2.7085
293,2.95974,20.2686,2.7085
295,1.92045,17.5143,2.15849
293,1.92045,17.5143,2.15849
295,3.24125,18.5545,2.22678
293,3.24125,18.5545,2.22678
295,20.3367,20.0455,-3.1724
293,20.3367,20.0455,-3.1724
295,2.69445,12.8013,0.961301
293,2.69445,12.8013,0.961301
295,6.32013,20.1802,-3.90981
293,6.32013,20.1802,-3.90981
295,16.0045,15.9597,-1.16675
293,16.0045,15.9597,-1.16675
295,13.7474,14.6088,-0.680777
293,13.7474,14.6088,-0.680777
295,5.2076,14.0354,2.04005
293,5.2076,14.0354,2.04005
295,5.16329,16.9831,-4.93477
292,5.16329,16.9831,-4.93477
295,8.55095,17.5097,1.25725
292,8.55095,17.5097,1.25725
295,4.36932,16.4011,-3.90428
292,4.36932,16.4011,-3.90428
295,5.16223,18.7376,-5.19319
292,5.16223,18.7376,-5.19319
295,4.96112,15.1942,1.35211
292,4.96112,15.1942,1.35211
295,4.35604,16.4491,2.09751
292,4.35604,16.4491,2.09751
295,5.27423,17.4146,-5.25704
292,5.27423,17.4146,-5.25704
295,2.9707,12.7114,0.504084
292,2.9707,12.7114,0.504084
295,7.10624,23.1481,-5.32079
292,7.10624,23.1481,-5.32079
295,10.1664,16.5773,-1.47335
292,10.1664,16.5773,-1.47335
295,5.28404,13.5862,-2.66348
292,5.28404,13.5862,-2.66348
295,2.98975,15.722,2.18113
292,2.98975,15.722,2.18113
295,4.32456,16.2153,2.12583
292,4.32456,16.2153,2.12583
295,6.14885,19.5715,-3.98295
292,6.14885,19.5715,-3.98295
295,5.76653,22.6218,-5.3524
289,5.76653,22.6218,-5.3524
295,4.78896,16.0245,-4.88095
289,4.78896,16.0245,-4.88095
295,5.91039,15.9882,0.0392147
289,5.91039,15.9882,0.0392147
295,4.80691,16.1316,-4.96199
289,4.80691,16.1316,-4.96199
295,3.64171,14.825,1.42698
289,3.64171,14.825,1.42698
295,14.7132,15.7167,-1.30945
289,14.7132,15.7167,-1.30945
295,4.5094,15.7845,-4.94882
288,4.5094,15.7845,-4.94882
295,4.26851,15.7589,-3.14067
288,4.26851,15.7589,-3.14067
295,6.66519,12.3483,-1.65847
288,6.66519,12.3483,-1.65847
295,5.63889,18.7688,-3.77262
288,5.63889,18.7688,-3.77262
295,3.17586,12.5022,0.608559
288,3.17586,12.5022,0.608559
295,5.83287,12.4067,-1.77883
287,5.83287,12.4067,-1.77883
295,6.2754,15.108,1.12643
287,6.2754,15.108,1.12643
295,4.29776,15.4292,0.82791
287,4.29776,15.4292,0.82791
295,8.01735,13.2889,-1.59495
287,8.01735,13.2889,-1.59495
295,6.10213,16.7346,2.12912
287,6.10213,16.7346,2.12912
295,6.06527,11.7278,-1.52928
287,6.06527,11.7278,-1.52928
295,4.87764,15.9687,-4.81057
285,4.87764,15.9687,-4.81057
295,8.14601,15.8089,-1.65856
285,8.14601,15.8089,-1.65856
295,4.85797,15.698,-4.79394
285,4.85797,15.698,-4.79394
295,6.68101,15.7631,-0.0217929
283,6.68101,15.7631,-0.0217929
295,5.43889,12.5443,-2.26358
283,5.43889,12.5443,-2.26358
295,5.48404,16.4566,-4.82725
280,5.48404,16.4566,-4.82725
295,5.10426,16.5862,-4.88618
280,5.10426,16.5862,-4.88618
296,3.54597,8.74235,1.62154
296,3.40339,8.97949,1.47144
296,3.4071,8.98967,1.46916
296,3.36514,9.12631,1.45855
296,2.69368,12.0486,0.906953
296,3.03082,12.1472,1.20409
296,3.01552,12.1891,1.22749
296,3.07506,12.1522,1.17637
296,2.54995,12.5197,1.17249
296,2.59275,12.5786,1.08697
296,3.26429,12.2325,1.08246
296,2.98942,12.1559,0.417731
296,3.28075,12.24,1.10999
296,3.28954,12.248,1.09642
296,2.64389,12.3755,0.422488
296,3.30257,12.303,1.09549
296,2.57552,12.6793,1.08191
296,2.66363,12.4321,0.483892
296,3.32775,12.342,1.10009
296,2.89859,12.4191,0.610127
296,2.68171,12.4404,0.325622
296,2.78516,12.2898,-0.0496886
296,2.72558,12.6713,0.97606
296,2.57232,12.457,0.036386
296,2.64072,12.3843,-0.0831226
296,2.6353,12.4223,-0.111566
296,2.78243,12.3691,-0.0954595
296,2.39134,12.5794,-0.154028
296,2.55345,12.581,0.00644958
296,2.52595,12.5792,-0.161769
296,2.59752,12.4934,-0.406568
296,3.22622,12.4536,0.0629754
296,2.38052,12.6304,-0.708437
296,2.24493,12.8554,-0.620566
296,2.73184,12.4849,-1.08273
296,2.32358,12.8297,-0.788965
296,3.31448,12.2067,-1.17583
296,2.93371,12.948,0.380724
296,4.96784,11.5522,-1.45491
296,2.73337,12.7797,-1.24602
296,5.03793,11.5897,-1.40634
296,5.00892,11.6401,-1.51126
296,2.85292,13.4691,0.591498
296,3.27396,13.7363,1.76922
296,4.92851,11.8131,-1.45184
296,5.66922,11.3892,-1.60071
296,5.03621,11.8306,-1.51037
296,4.99521,11.9378,-1.53605
296,5.69635,11.6129,-1.57991
296,5.37807,11.8755,-1.32234
296,5.71781,11.7499,-1.60535
296,5.62325,11.9387,-1.45601
296,5.78135,11.798,-1.65258
296,5.74342,11.9187,-1.58725
296,5.74025,11.9324,-1.59662
296,5.73766,11.9882,-1.61462
296,5.80642,11.9957,-1.66073
296,5.79838,12.0115,-1.64274
296,6.0218,11.9204,-1.63189
296,6.03515,11.9617,-1.63603
296,3.38772,14.3274,1.31458
296,3.3917,14.3652,1.26414
296,3.38175,14.4347,1.23761
296,3.61263,14.3282,1.23152
296,3.57394,14.3451,1.20504
296,3.63997,14.3704,1.23136
296,3.63534,14.4161,1.27081
296,3.58007,14.4347,1.2019
296,3.62851,14.5767,1.30358
296,3.59794,14.6061,1.31499
296,3.59789,14.5709,1.18094
296,5.7143,12.6104,-1.44238
296,3.61499,14.6369,1.30315
296,3.69245,14.6677,1.30473
296,7.13894,11.8928,-1.86382
296,5.99041,12.6384,-1.56966
296,5.19463,13.021,-1.66071
296,5.20344,13.0146,-1.66886
296,5.20619,13.0253,-1.65773
296,6.83652,12.1278,-1.86824
296,3.04897,14.8309,0.173145
296,3.90564,14.9145,1.41609
296,5.90568,12.8979,-1.62987
296,4.10591,15.0649,1.33466
296,4.0669,15.0271,1.13048
296,4.09587,15.0893,1.34278
296,3.68909,15.3382,1.35923
296,4.04569,15.1397,1.22619
296,4.09861,15.1641,1.3417
296,7.34758,12.3917,-1.98445
296,4.25357,15.0478,1.08853
296,4.8944,14.9822,1.66054
296,7.89285,15.0401,1.09362
295,7.89285,15.0401,1.09362
296,7.41782,24.291,-5.99635
295,7.41782,24.291,-5.99635
296,6.52892,20.7122,-4.11459
295,6.52892,20.7122,-4.11459
296,6.0254,18.667,-4.99617
295,6.0254,18.667,-4.99617
296,4.47116,15.1978,-4.39375
295,4.47116,15.1978,-4.39375
296,4.64548,15.0563,-3.867
295,4.64548,15.0563,-3.867
296,9.08455,13.2573,1.21197
295,9.08455,13.2573,1.21197
296,5.36174,13.665,-2.86362
295,5.36174,13.665,-2.86362
296,9.19104,14.6855,1.50787
295,9.19104,14.6855,1.50787
296,4.30191,14.7789,-3.88745
295,4.30191,14.7789,-3.88745
296,4.4582,15.6071,-4.58719
295,4.4582,15.6071,-4.58719
296,5.19001,16.7707,-5.13071
295,5.19001,16.7707,-5.13071
296,5.04097,16.199,-4.66071
295,5.04097,16.199,-4.66071
296,5.32039,15.9532,-1.584
295,5.32039,15.9532,-1.584
296,5.93446,17.961,-2.34944
295,5.93446,17.961,-2.34944
296,4.53992,16.8424,-3.91048
295,4.53992,16.8424,-3.91048
296,4.84712,18.1491,-4.65207
295,4.84712,18.1491,-4.65207
296,5.21014,17.2102,-5.20854
295,5.21014,17.2102,-5.20854
296,6.28457,15.0421,1.44523
295,6.28457,15.0421,1.44523
296,8.67767,15.2263,2.14777
295,8.67767,15.2263,2.14777
296,4.0703,14.3822,-3.56698
295,4.0703,14.3822,-3.56698
296,6.35887,15.0925,0.135238
295,6.35887,15.0925,0.135238
296,6.47169,17.8831,2.56839
295,6.47169,17.8831,2.56839
296,5.81745,17.3846,-4.85524
295,5.81745,17.3846,-4.85524
296,5.34054,13.6047,-2.83614
295,5.34054,13.6047,-2.83614
296,5.16383,19.1987,-5.69925
295,5.16383,19.1987,-5.69925
296,4.99404,18.777,-4.91454
295,4.99404,18.777,-4.91454
296,10.1009,16.5267,-1.47377
295,10.1009,16.5267,-1.47377
296,7.21466,15.7458,2.11063
295,7.21466,15.7458,2.11063
296,4.56306,16,-4.78927
295,4.56306,16,-4.78927
296,7.12513,24.6302,-6.76526
295,7.12513,24.6302,-6.76526
296,5.61987,16.7906,-4.39904
295,5.61987,16.7906,-4.39904
296,5.70687,17.1426,-4.52679
295,5.70687,17.1426,-4.52679
296,5.48051,13.9382,-3.11184
295,5.48051,13.9382,-3.11184
296,6.30021,16.4691,2.01159
295,6.30021,16.4691,2.01159
296,3.23049,12.1995,0.992365
295,3.23049,12.1995,0.992365
296,4.05785,14.2249,-2.87959
295,4.05785,14.2249,-2.87959
296,4.6205,15.8151,-4.86047
295,4.6205,15.8151,-4.86047
296,4.44749,16.8442,1.93165
295,4.44749,16.8442,1.93165
296,5.73447,16.7768,-1.8572
295,5.73447,16.7768,-1.8572
296,13.1163,15.1185,-1.34448
295,13.1163,15.1185,-1.34448
296,11.831,14.2499,-0.944135
295,11.831,14.2499,-0.944135
296,3.30862,18.5764,2.14334
295,3.30862,18.5764,2.14334
296,16.8101,17.2478,-1.93553
295,16.8101,17.2478,-1.93553
296,2.73497,12.6728,0.975495
295,2.73497,12.6728,0.975495
296,5.10914,15.0597,-4.0341
295,5.10914,15.0597,-4.0341
296,5.9911,18.57,-4.91521
295,5.9911,18.57,-4.91521
296,13.7193,13.6938,-0.511424
295,13.7193,13.6938,-0.511424
296,2.7007,12.3157,1.20134
295,2.7007,12.3157,1.20134
296,9.21945,13.9037,2.22529
295,9.21945,13.9037,2.22529
296,6.88295,18.2666,2.747
295,6.88295,18.2666,2.747
296,3.02913,12.2744,1.19188
295,3.02913,12.2744,1.19188
296,2.64081,13.0397,1.11265
295,2.64081,13.0397,1.11265
296,4.32143,15.6751,-3.42136
295,4.32143,15.6751,-3.42136
296,18.3583,16.8513,-1.62341
295,18.3583,16.8513,-1.62341
296,13.8513,15.2007,-1.12232
295,13.8513,15.2007,-1.12232
296,5.81513,16.9515,-2.61959
295,5.81513,16.9515,-2.61959
296,5.56332,17.7049,-3.0905
295,5.56332,17.7049,-3.0905
296,5.6584,16.5935,-2.26829
295,5.6584,16.5935,-2.26829
296,3.38058,19.4365,2.20367
295,3.38058,19.4365,2.20367
296,11.6976,18.4183,-2.19909
295,11.6976,18.4183,-2.19909
296,6.42783,16.8933,2.04832
295,6.42783,16.8933,2.04832
296,7.4327,16.1501,2.13412
295,7.4327,16.1501,2.13412
296,14.8859,14.8536,-0.825325
295,14.8859,14.8536,-0.825325
296,8.01714,16.3709,1.93896
295,8.01714,16.3709,1.93896
296,5.7656,18.0148,-3.61847
295,5.7656,18.0148,-3.61847
296,8.13389,13.4546,-1.62164
295,8.13389,13.4546,-1.62164
296,12.4419,14.4841,-1.03974
295,12.4419,14.4841,-1.03974
296,12.2557,16.7058,2.48191
295,12.2557,16.7058,2.48191
296,4.45123,15.5234,-3.59869
290,4.45123,15.5234,-3.59869
296,5.83616,17.5477,-4.82112
290,5.83616,17.5477,-4.82112
296,5.90088,18.003,-4.81453
290,5.90088,18.003,-4.81453
296,5.17909,16.3368,-4.53328
290,5.17909,16.3368,-4.53328
296,4.61585,15.425,-4.87809
290,4.61585,15.425,-4.87809
296,5.09853,17.4027,-0.0762341
290,5.09853,17.4027,-0.0762341
296,6.06826,13.7531,1.44872
290,6.06826,13.7531,1.44872
296,6.31438,17.5093,2.13573
290,6.31438,17.5093,2.13573
296,9.52112,16.3415,1.65286
290,9.52112,16.3415,1.65286
296,9.03843,14.5392,1.51509
290,9.03843,14.5392,1.51509
296,5.83892,17.5596,-4.82075
290,5.83892,17.5596,-4.82075
296,6.14371,16.6436,2.06615
290,6.14371,16.6436,2.06615
296,4.73602,15.7317,-4.71853
290,4.73602,15.7317,-4.71853
296,6.12188,16.8232,2.67894
290,6.12188,16.8232,2.67894
296,7.98746,13.2841,-1.47363
290,7.98746,13.2841,-1.47363
296,9.08284,14.5924,1.51501
290,9.08284,14.5924,1.51501
296,6.4098,16.833,2.70813
290,6.4098,16.833,2.70813
296,6.31869,16.5483,2.14818
290,6.31869,16.5483,2.14818
296,6.56769,17.2662,2.11022
290,6.56769,17.2662,2.11022
296,6.47863,17.0397,2.16671
290,6.47863,17.0397,2.16671
296,20.5821,17.4668,-1.95566
290,20.5821,17.4668,-1.95566
296,7.45101,14.487,1.13233
294,7.45101,14.487,1.13233
296,10.9506,15.4732,2.32438
294,10.9506,15.4732,2.32438
296,4.89504,17.5836,-5.36661
294,4.89504,17.5836,-5.36661
296,5.29033,16.7215,-5.22479
294,5.29033,16.7215,-5.22479
296,6.0541,18.7932,-3.89268
294,6.0541,18.7932,-3.89268
296,3.30901,12.0836,1.06048
294,3.30901,12.0836,1.06048
296,4.82554,17.226,-5.08875
294,4.82554,17.226,-5.08875
296,11.0427,14.8636,1.51531
294,11.0427,14.8636,1.51531
296,8.9936,14.4849,1.11962
294,8.9936,14.4849,1.11962
296,6.57716,15.298,1.38685
294,6.57716,15.298,1.38685
296,8.11153,10.8447,-1.67904
294,8.11153,10.8447,-1.67904
296,5.93554,16.3625,2.53654
294,5.93554,16.3625,2.53654
296,6.70568,18.0053,2.79664
294,6.70568,18.0053,2.79664
296,4.28184,15.8954,2.41861
294,4.28184,15.8954,2.41861
296,10.3606,17.3046,2.2543
294,10.3606,17.3046,2.2543
296,9.22448,16.0005,1.74858
294,9.22448,16.0005,1.74858
296,2.77664,12.2902,1.1661
294,2.77664,12.2902,1.1661
296,5.95963,17.4729,-2.67828
294,5.95963,17.4729,-2.67828
296,2.24573,12.6323,-0.122614
294,2.24573,12.6323,-0.122614
296,5.80285,16.4645,-0.047899
294,5.80285,16.4645,-0.047899
296,8.84876,14.356,1.16133
294,8.84876,14.356,1.16133
296,8.26772,13.5728,-1.71009
294,8.26772,13.5728,-1.71009
296,19.7408,18.8058,-1.38
294,19.7408,18.8058,-1.38
296,9.74148,16.5298,2.16095
292,9.74148,16.5298,2.16095
296,4.91067,16.313,-4.67244
292,4.91067,16.313,-4.67244
296,5.77777,17.1446,-4.82638
292,5.77777,17.1446,-4.82638
296,4.15675,15.3473,1.25621
292,4.15675,15.3473,1.25621
296,5.81244,17.6776,-4.57307
292,5.81244,17.6776,-4.57307
296,6.74994,17.5355,2.08578
292,6.74994,17.5355,2.08578
296,6.21803,21.8856,-5.32529
292,6.21803,21.8856,-5.32529
296,18.2748,16.6917,-1.42865
292,18.2748,16.6917,-1.42865
296,5.63752,16.7388,-4.85315
292,5.63752,16.7388,-4.85315
296,3.02145,18.1654,2.22437
292,3.02145,18.1654,2.22437
296,6.60324,15.3501,1.1334
292,6.60324,15.3501,1.1334
296,9.59583,12.4173,-0.0655688
292,9.59583,12.4173,-0.0655688
296,20.1125,18.3594,-2.11507
292,20.1125,18.3594,-2.11507
296,4.89541,15.1637,1.4013
289,4.89541,15.1637,1.4013
296,4.3033,15.2155,1.09135
289,4.3033,15.2155,1.09135
296,5.33745,14.4179,1.14794
289,5.33745,14.4179,1.14794
296,7.95113,10.7192,-1.5863
289,7.95113,10.7192,-1.5863
296,4.75436,15.83,-4.68829
289,4.75436,15.83,-4.68829
296,4.99568,15.8675,-4.91147
289,4.99568,15.8675,-4.91147
296,8.89717,14.3984,1.12915
289,8.89717,14.3984,1.12915
296,8.3815,11.0826,-1.69842
289,8.3815,11.0826,-1.69842
296,8.96622,14.4518,1.14463
288,8.96622,14.4518,1.14463
296,4.25427,15.7109,-3.17228
288,4.25427,15.7109,-3.17228
296,4.26917,15.8287,-3.21964
288,4.26917,15.8287,-3.21964
296,5.05072,13.7216,0.503266
288,5.05072,13.7216,0.503266
296,6.26429,15.0639,1.13415
287,6.26429,15.0639,1.13415
296,18.6252,18.7342,-2.78121
287,18.6252,18.7342,-2.78121
296,15.0257,14.3478,-1.51994
287,15.0257,14.3478,-1.51994
296,6.63213,15.6419,0.0139502
285,6.63213,15.6419,0.0139502
296,4.08856,15.1891,0.890178
285,4.08856,15.1891,0.890178
296,3.22173,12.481,-1.18765
285,3.22173,12.481,-1.18765
296,16.2519,17.0325,-1.63529
283,16.2519,17.0325,-1.63529
296,4.93076,15.6433,0.2513
280,4.93076,15.6433,0.2513
296,5.5919,15.6256,-4.81476
280,5.5919,15.6256,-4.81476
296,5.01221,16.986,0.00249477
280,5.01221,16.986,0.00249477
296,5.78982,15.5754,1.05627
280,5.78982,15.5754,1.05627
296,32.7467,70.6314,-2.77028
280,32.7467,70.6314,-2.77028
297,3.02676,8.67008,1.5069
297,3.64309,9.50703,1.27503
297,2.69765,12.0836,1.62258
297,2.71617,12.1916,1.12454
297,3.02163,12.0851,1.20204
297,3.00735,12.1338,1.23371
297,2.66144,12.2727,1.09956
297,2.68692,12.2537,1.05004
297,3.05615,12.115,1.16995
297,2.66555,12.1641,0.525886
297,2.97285,12.2455,1.17184
297,3.2146,12.1196,1.07263
297,2.55498,12.3876,0.501425
297,3.28219,12.2391,1.11819
297,3.26794,12.2475,1.08559
297,3.27158,12.2764,1.0984
297,2.573,12.6542,1.10505
297,3.27877,12.2939,1.08028
297,2.72219,12.3228,0.143226
297,2.31427,12.6987,0.618888
297,3.21843,12.3737,1.03751
297,2.13933,12.9993,1.18907
297,2.91039,12.2702,0.138965
297,3.20698,12.3214,0.337603
297,3.22306,12.3447,0.423836
297,3.27639,12.4009,0.673768
297,2.61441,12.4963,-0.11597
297,2.8507,12.7506,1.01017
297,3.2199,12.2955,0.144953
297,3.22925,12.3785,0.409883
297,3.28522,12.452,0.658283
297,3.25766,12.4474,0.591808
297,3.28822,12.4482,0.557995
297,2.54645,12.5757,-0.237126
297,2.54526,12.6726,-0.0164236
297,2.54514,12.6043,-0.239031
297,3.31936,12.4468,0.404871
297,2.55888,12.6066,-0.335812
297,3.3304,12.4605,0.424166
297,2.56559,12.4639,-0.84234
297,2.21328,12.8822,-0.210875
297,2.44441,13.1115,0.849614
297,2.71639,12.5162,-0.762345
297,2.47253,12.9112,-0.0781407
297,2.33468,12.7668,-0.741871
297,2.527,12.8934,-0.0964921
297,2.67507,12.5094,-1.61437
297,2.35279,13.2659,-0.0421244
297,3.25011,13.4593,1.75057
297,2.45651,13.2617,-0.191524
297,2.85704,13.0936,-0.620568
297,3.33654,13.9545,1.45261
297,3.34667,14.021,1.43834
297,5.69682,11.8878,-1.55061
297,6.87178,11.6764,-1.62595
297,3.50645,14.4406,1.11099
297,5.70423,12.6137,-1.43513
297,5.16992,12.8783,-1.66554
297,6.54481,12.2085,-1.55729
297,3.56138,14.7111,1.28395
297,5.20853,12.9168,-1.70066
297,5.22933,12.946,-1.73709
297,3.79067,14.9632,1.80749
297,3.86847,14.9728,1.39889
297,3.64562,15.1077,1.26888
297,3.65303,15.2092,1.36472
297,4.07096,15.0428,1.27741
297,4.12009,14.9788,1.14012
297,6.1035,19.6918,-4.2863
296,6.1035,19.6918,-4.2863
297,4.92611,17.8033,-5.19362
296,4.92611,17.8033,-5.19362
297,5.11164,18.7134,-5.82416
296,5.11164,18.7134,-5.82416
297,7.03722,22.7567,-5.08905
296,7.03722,22.7567,-5.08905
297,6.98038,22.809,-5.10993
296,6.98038,22.809,-5.10993
297,4.83716,16.2661,-5.10112
296,4.83716,16.2661,-5.10112
297,4.86332,15.1575,-4.43555
296,4.86332,15.1575,-4.43555
297,4.95659,16.0357,-5.09333
296,4.95659,16.0357,-5.09333
297,5.27789,16.7217,-4.83076
296,5.27789,16.7217,-4.83076
297,4.95877,15.5525,-4.28624
296,4.95877,15.5525,-4.28624
297,4.99403,16.6841,-4.96246
296,4.99403,16.6841,-4.96246
297,4.92506,17.0199,-4.93113
296,4.92506,17.0199,-4.93113
297,9.197,17.5815,2.22542
296,9.197,17.5815,2.22542
297,4.72935,17.2251,-0.0294638
296,4.72935,17.2251,-0.0294638
297,8.75176,14.2478,1.52769
296,8.75176,14.2478,1.52769
297,6.37819,14.9754,1.12331
296,6.37819,14.9754,1.12331
297,7.95782,15.2082,1.442
296,7.95782,15.2082,1.442
297,7.45049,19.0514,2.22891
296,7.45049,19.0514,2.22891
297,6.76248,17.5832,2.08838
296,6.76248,17.5832,2.08838
297,3.69374,16.1215,1.95782
296,3.69374,16.1215,1.95782
297,3.6895,16.0625,1.90404
296,3.6895,16.0625,1.90404
297,7.42162,24.1081,-5.71709
296,7.42162,24.1081,-5.71709
297,5.75027,16.9832,-4.77855
296,5.75027,16.9832,-4.77855
297,4.83631,15.1213,1.45309
296,4.83631,15.1213,1.45309
297,5.12399,14.1808,2.22255
296,5.12399,14.1808,2.22255
297,7.32317,15.8248,2.05561
296,7.32317,15.8248,2.05561
297,8.98313,17.2647,2.2072
296,8.98313,17.2647,2.2072
297,5.1928,13.7576,1.89416
296,5.1928,13.7576,1.89416
297,6.34236,16.404,2.0825
296,6.34236,16.404,2.0825
297,4.82447,14.7976,1.74559
296,4.82447,14.7976,1.74559
297,4.82432,14.9292,1.94042
296,4.82432,14.9292,1.94042
297,6.12982,16.927,2.17404
296,6.12982,16.927,2.17404
297,4.09913,14.9605,1.94932
296,4.09913,14.9605,1.94932
297,6.46084,15.3105,0.0897965
296,6.46084,15.3105,0.0897965
297,5.51851,14.9046,2.38232
296,5.51851,14.9046,2.38232
297,6.64958,15.8764,1.09206
296,6.64958,15.8764,1.09206
297,5.60531,17.3204,-3.14571
296,5.60531,17.3204,-3.14571
297,5.54553,15.7644,-4.98702
296,5.54553,15.7644,-4.98702
297,4.52438,15.7971,-4.21018
296,4.52438,15.7971,-4.21018
297,7.29586,18.8781,2.14931
296,7.29586,18.8781,2.14931
297,5.26758,17.0844,-5.35503
296,5.26758,17.0844,-5.35503
297,4.68447,15.0947,-4.26976
296,4.68447,15.0947,-4.26976
297,6.23645,17.1567,2.4893
296,6.23645,17.1567,2.4893
297,3.82823,17.6677,2.2157
296,3.82823,17.6677,2.2157
297,8.47823,29.9135,-2.37957
296,8.47823,29.9135,-2.37957
297,8.49218,17.4847,-0.686281
296,8.49218,17.4847,-0.686281
297,5.03369,12.5885,-1.44973
296,5.03369,12.5885,-1.44973
297,5.99273,18.3575,-5.03016
296,5.99273,18.3575,-5.03016
297,19.5939,17.2515,-1.00555
296,19.5939,17.2515,-1.00555
297,4.86461,15.8355,-4.74849
296,4.86461,15.8355,-4.74849
297,5.85225,17.1138,-2.55025
296,5.85225,17.1138,-2.55025
297,2.70193,12.2403,1.23159
296,2.70193,12.2403,1.23159
297,5.52365,15.6931,-4.93238
296,5.52365,15.6931,-4.93238
297,8.72961,14.0255,-1.94082
296,8.72961,14.0255,-1.94082
297,7.59756,16.421,2.03878
296,7.59756,16.421,2.03878
297,6.81561,18.6806,2.34822
296,6.81561,18.6806,2.34822
297,5.74865,15.2275,2.51642
296,5.74865,15.2275,2.51642
297,1.67885,18.2866,1.88008
296,1.67885,18.2866,1.88008
297,2.50502,12.7503,-0.22964
296,2.50502,12.7503,-0.22964
297,5.40862,15.7569,-4.18539
296,5.40862,15.7569,-4.18539
297,13.9018,14.1297,-0.144461
296,13.9018,14.1297,-0.144461
297,5.24047,17.147,-5.31926
296,5.24047,17.147,-5.31926
297,5.4446,15.9129,-2.0043
296,5.4446,15.9129,-2.0043
297,7.05621,12.386,-0.940127
296,7.05621,12.386,-0.940127
297,5.59876,16.3821,-2.21989
296,5.59876,16.3821,-2.21989
297,5.28853,12.5649,1.96417
296,5.28853,12.5649,1.96417
297,5.1731,12.3518,1.92013
296,5.1731,12.3518,1.92013
297,6.2502,20.2887,-4.06436
296,6.2502,20.2887,-4.06436
297,13.4281,13.5654,-0.444561
296,13.4281,13.5654,-0.444561
297,13.6011,15.0366,-1.06791
296,13.6011,15.0366,-1.06791
297,8.50689,14.7331,-0.801548
296,8.50689,14.7331,-0.801548
297,13.1361,14.6582,-0.950122
296,13.1361,14.6582,-0.950122
297,4.08189,14.5098,-2.68264
296,4.08189,14.5098,-2.68264
297,5.12552,13.7498,-2.25445
296,5.12552,13.7498,-2.25445
297,18.3541,16.7988,-1.57485
296,18.3541,16.7988,-1.57485
297,5.87733,18.9681,-3.38345
296,5.87733,18.9681,-3.38345
297,7.67159,12.9937,-1.33658
296,7.67159,12.9937,-1.33658
297,7.73132,16.7613,2.12796
295,7.73132,16.7613,2.12796
297,8.0512,17.3464,2.15816
295,8.0512,17.3464,2.15816
297,5.52446,17.2704,-4.64877
295,5.52446,17.2704,-4.64877
297,4.33017,15.9547,0.207956
295,4.33017,15.9547,0.207956
297,6.20925,17.0636,2.02561
295,6.20925,17.0636,2.02561
297,4.98348,15.4655,1.52859
295,4.98348,15.4655,1.52859
297,9.06961,18.3632,-1.03027
295,9.06961,18.3632,-1.03027
297,7.65936,14.7566,1.40972
295,7.65936,14.7566,1.40972
297,8.30152,13.8064,1.18236
295,8.30152,13.8064,1.18236
297,7.26644,15.9331,2.05052
295,7.26644,15.9331,2.05052
297,4.78773,15.9416,-4.90013
295,4.78773,15.9416,-4.90013
297,3.23096,12.5153,-1.22006
295,3.23096,12.5153,-1.22006
297,5.00521,15.3563,1.45711
295,5.00521,15.3563,1.45711
297,3.17192,12.425,0.637778
295,3.17192,12.425,0.637778
297,5.33864,13.6861,-2.77287
295,5.33864,13.6861,-2.77287
297,4.11198,14.2523,-2.65786
295,4.11198,14.2523,-2.65786
297,4.0584,14.4942,-2.59617
295,4.0584,14.4942,-2.59617
297,6.88339,18.4727,2.7346
295,6.88339,18.4727,2.7346
297,3.23291,12.5836,-1.26255
295,3.23291,12.5836,-1.26255
297,3.33548,12.4952,-1.48286
295,3.33548,12.4952,-1.48286
297,5.58339,11.9062,-1.51651
295,5.58339,11.9062,-1.51651
297,17.7591,18.0568,-1.81096
295,17.7591,18.0568,-1.81096
297,6.17033,16.4334,2.04969
295,6.17033,16.4334,2.04969
297,8.18638,13.4684,-1.70665
295,8.18638,13.4684,-1.70665
297,9.39205,14.9109,1.51134
295,9.39205,14.9109,1.51134
297,2.97767,12.4381,0.595485
295,2.97767,12.4381,0.595485
297,5.96498,19.153,-3.98253
295,5.96498,19.153,-3.98253
297,18.9625,18.3225,-1.23288
295,18.9625,18.3225,-1.23288
297,6.70026,18.36,2.19161
295,6.70026,18.36,2.19161
297,29.9328,22.5446,-2.69225
295,29.9328,22.5446,-2.69225
297,2.03894,12.6371,-1.20607
295,2.03894,12.6371,-1.20607
297,7.78206,14.9389,1.40718
295,7.78206,14.9389,1.40718
297,10.6567,17.212,-1.71971
295,10.6567,17.212,-1.71971
297,7.51564,19.6472,2.25634
295,7.51564,19.6472,2.25634
297,6.34502,17.4265,2.1099
295,6.34502,17.4265,2.1099
297,22.9087,21.2603,-2.17451
295,22.9087,21.2603,-2.17451
297,5.77347,17.052,-4.82087
290,5.77347,17.052,-4.82087
297,5.84284,17.3332,-4.99401
290,5.84284,17.3332,-4.99401
297,5.81434,17.4931,-4.79377
290,5.81434,17.4931,-4.79377
297,5.4151,16.0237,-4.8436
290,5.4151,16.0237,-4.8436
297,4.9393,16.4131,-4.96043
290,4.9393,16.4131,-4.96043
297,5.34654,17.4722,-4.75102
290,5.34654,17.4722,-4.75102
297,6.55023,15.4128,0.0601236
290,6.55023,15.4128,0.0601236
297,10.4084,16.9,-1.60326
290,10.4084,16.9,-1.60326
297,6.69912,15.7719,-0.0196712
290,6.69912,15.7719,-0.0196712
297,7.74358,16.6832,2.03663
290,7.74358,16.6832,2.03663
297,5.80942,17.0264,-2.43339
290,5.80942,17.0264,-2.43339
297,6.15262,16.9475,2.68134
290,6.15262,16.9475,2.68134
297,6.55417,17.153,2.75516
290,6.55417,17.153,2.75516
297,5.96794,14.3856,1.18009
290,5.96794,14.3856,1.18009
297,5.69278,16.8195,-4.63987
290,5.69278,16.8195,-4.63987
297,8.47366,18.3167,2.29959
290,8.47366,18.3167,2.29959
297,7.7051,16.6976,2.16664
290,7.7051,16.6976,2.16664
297,6.95366,18.5222,2.26782
290,6.95366,18.5222,2.26782
297,5.81325,17.3658,-4.866
294,5.81325,17.3658,-4.866
297,4.94271,15.5034,1.1198
294,4.94271,15.5034,1.1198
297,6.32125,14.9304,1.16682
294,6.32125,14.9304,1.16682
297,7.10481,23.1557,-5.80569
294,7.10481,23.1557,-5.80569
297,10.1431,14.1258,1.15425
294,10.1431,14.1258,1.15425
297,10.1144,14.1069,1.16219
294,10.1144,14.1069,1.16219
297,5.89283,16.2991,2.49366
294,5.89283,16.2991,2.49366
297,3.24298,12.4967,-1.43443
294,3.24298,12.4967,-1.43443
297,2.72047,12.3518,1.2774
294,2.72047,12.3518,1.2774
297,13.5266,15.0216,-1.01599
294,13.5266,15.0216,-1.01599
297,6.58951,15.3459,1.14381
294,6.58951,15.3459,1.14381
297,7.22845,15.7557,2.13645
294,7.22845,15.7557,2.13645
297,4.02419,14.8102,1.29112
294,4.02419,14.8102,1.29112
297,13.8615,15.1404,-1.12096
294,13.8615,15.1404,-1.12096
297,7.21841,15.752,2.61341
294,7.21841,15.752,2.61341
297,6.65556,17.3151,2.09169
292,6.65556,17.3151,2.09169
297,6.12479,16.8954,2.06899
292,6.12479,16.8954,2.06899
297,6.04661,18.8455,-5.1031
292,6.04661,18.8455,-5.1031
297,5.82986,12.2082,-1.7838
292,5.82986,12.2082,-1.7838
297,8.81471,14.3426,1.19189
292,8.81471,14.3426,1.19189
297,17.0308,17.3433,-1.95885
289,17.0308,17.3433,-1.95885
297,8.56609,15.325,0.04755
288,8.56609,15.325,0.04755
297,14.8236,14.2306,-1.88845
288,14.8236,14.2306,-1.88845
297,2.64479,12.5223,0.191238
288,2.64479,12.5223,0.191238
297,7.88042,15.105,1.1009
288,7.88042,15.105,1.1009
297,7.18206,13.9084,1.23933
288,7.18206,13.9084,1.23933
297,4.3426,15.1651,-3.56367
287,4.3426,15.1651,-3.56367
297,7.56095,16.3976,2.04556
287,7.56095,16.3976,2.04556
297,8.97426,14.5055,1.13154
287,8.97426,14.5055,1.13154
297,6.15037,16.8795,2.02202
283,6.15037,16.8795,2.02202
297,13.2907,36.5345,-4.05155
283,13.2907,36.5345,-4.05155
297,7.78139,16.7614,2.04853
285,7.78139,16.7614,2.04853
297,4.25391,15.0476,0.880706
285,4.25391,15.0476,0.880706
298,2.75253,9.62649,1.29993
298,3.45994,9.55197,1.26177
298,2.97444,12.1373,1.76331
298,2.98229,12.1919,1.7714
298,2.78273,12.1119,1.21886
298,3.0999,12.0198,1.29365
298,3.02297,12.0539,1.20999
298,2.74427,12.1928,1.17525
298,2.61735,12.2073,0.976171
298,3.05974,12.0547,1.18625
298,2.65406,12.2134,0.99171
298,2.64239,12.2107,0.91033
298,3.02203,12.1401,1.21007
298,3.12702,12.1629,1.28622
298,2.11583,12.485,0.646745
298,3.06788,11.8616,0.210143
298,3.01068,12.2523,1.26773
298,3.02454,12.2574,1.16463
298,3.08047,11.9448,0.178348
298,2.96892,12.341,1.16868
298,2.95384,12.1034,0.439661
298,3.19013,12.1943,1.03694
298,2.1271,12.5835,0.508923
298,3.12946,12.1066,0.600993
298,2.37751,12.4992,0.522751
298,3.24919,12.2378,1.06865
298,3.29996,12.2388,1.12955
298,2.96858,12.2016,0.412229
298,2.96678,12.2222,0.414512
298,3.14413,12.1866,0.578583
298,3.30737,12.2875,1.1259
298,2.51883,12.6749,1.05523
298,2.53476,12.6708,1.06729
298,3.28809,12.3181,1.08392
298,1.82442,12.5643,-0.483326
298,2.55436,12.7896,1.16166
298,2.72803,12.363,0.122297
298,1.86821,12.5966,-0.526467
298,1.92718,12.5659,-0.527632
298,2.12543,12.8062,0.472324
298,3.10537,12.3109,0.50176
298,2.57398,12.7921,1.1
298,3.20724,12.2606,0.459782
298,3.12818,12.1488,-0.00760412
298,2.66376,12.5838,0.549101
298,2.74419,12.4162,0.113447
298,2.56128,12.8106,0.939449
298,1.82104,12.5454,-0.984735
298,1.84965,12.4034,-1.37593
298,2.60294,12.8785,1.16194
298,1.8557,12.4213,-1.39482
298,2.38018,12.5909,-0.134182
298,2.64244,12.5816,0.192192
298,3.32846,12.4114,0.682169
298,2.50567,12.885,0.753271
298,3.25754,12.5065,0.723851
298,3.21089,12.3763,0.247409
298,2.36398,13.0676,0.948256
298,3.27916,12.5762,0.732844
298,2.47304,13.035,0.814849
298,3.27281,12.601,0.725101
298,3.16794,12.3094,-0.449179
298,2.91778,12.9452,1.03023
298,2.24081,12.8911,-0.214599
298,2.71942,12.4572,-0.773031
298,2.49708,13.0198,0.552492
298,3.174,12.3331,-0.463746
298,2.41678,13.1831,0.85787
298,2.95141,12.6435,0.0307664
298,2.15392,13.3266,0.836851
298,2.5731,12.8135,-0.33759
298,2.20271,12.9459,-0.518054
298,2.73349,12.5825,-0.790602
298,2.54746,12.9141,-0.0975151
298,2.73216,13.0103,0.269902
298,2.29016,13.3966,0.470053
298,5.01035,11.3844,-1.59347
298,3.23637,12.2509,-1.88964
298,5.03616,11.4433,-1.61882
298,2.34946,13.2843,-0.393194
298,2.56459,12.8062,-1.60151
298,5.59066,11.3243,-1.52634
298,2.25502,13.2855,-0.818096
298,5.69014,11.31,-1.63806
298,5.70393,11.3218,-1.62499
298,2.34244,13.4427,-0.489879
298,2.41134,13.4407,-0.408604
298,5.72689,11.3519,-1.65487
298,2.39021,13.5961,-0.141499
298,5.73278,11.4371,-1.64653
298,2.3367,13.4236,-1.03392
298,5.05829,11.9142,-1.55939
298,5.70358,11.6399,-1.5912
298,5.62602,11.79,-1.51495
298,5.40308,11.9464,-1.5504
298,5.43021,12.0063,-1.58485
298,7.01644,11.2448,-1.89262
298,6.04837,11.9985,-1.56071
298,3.95698,14.5753,2.45966
298,3.97108,14.627,2.43737
298,5.72771,12.535,-1.46527
298,3.5146,14.5509,1.1082
298,1.49469,15.7526,1.55555
298,5.69646,12.6063,-1.42325
298,3.64564,14.5721,1.23427
298,3.53271,14.6085,1.10495
298,3.79335,14.843,2.17361
298,5.14666,12.9314,-1.59813
298,3.62896,14.7505,1.28572
298,3.8178,14.9682,2.18088
298,3.66302,14.791,1.40614
298,5.92743,12.658,-1.49987
298,5.15907,13.0265,-1.59458
298,3.77564,14.8991,1.8014
298,5.94203,12.6855,-1.48673
298,5.81013,12.7718,-1.52067
298,5.28846,13.0812,-1.78571
298,1.58577,16.1128,1.41677
298,5.16355,12.9446,-2.76596
298,5.34007,13.1719,-1.87474
298,3.86015,15.0539,1.41226
298,3.71912,15.1931,1.42751
298,5.27001,13.0177,-2.74612
298,5.18989,12.9985,-3.0036
298,5.2804,13.0446,-2.73552
298,5.24991,13.0049,-3.07526
298,3.71592,15.3434,1.41936
298,3.71399,15.4219,1.4184
298,6.79363,23.1516,-6.05875
297,6.79363,23.1516,-6.05875
298,7.56029,25.9758,-7.50799
297,7.56029,25.9758,-7.50799
298,4.3046,15.6527,-3.37587
297,4.3046,15.6527,-3.37587
298,5.53238,16.4324,-4.32602
297,5.53238,16.4324,-4.32602
298,5.37049,13.7311,-2.80041
297,5.37049,13.7311,-2.80041
298,4.70917,16.5814,-4.79892
297,4.70917,16.5814,-4.79892
298,6.2786,19.4563,-5.48749
297,6.2786,19.4563,-5.48749
298,4.06421,14.3673,-2.88131
297,4.06421,14.3673,-2.88131
298,5.00276,15.3255,1.45391
297,5.00276,15.3255,1.45391
298,9.04099,18.3036,-0.89051
297,9.04099,18.3036,-0.89051
298,5.62367,17.5768,-4.85261
297,5.62367,17.5768,-4.85261
298,5.38653,15.9401,-4.75831
297,5.38653,15.9401,-4.75831
298,4.2726,15.6391,0.267586
297,4.2726,15.6391,0.267586
298,5.68306,16.026,0.0654768
297,5.68306,16.026,0.0654768
298,4.90845,15.2953,1.75881
297,4.90845,15.2953,1.75881
298,8.40783,13.6902,-1.82363
297,8.40783,13.6902,-1.82363
298,3.99667,14.1988,-2.36622
297,3.99667,14.1988,-2.36622
298,5.78242,17.1813,-4.83329
297,5.78242,17.1813,-4.83329
298,6.0522,16.7264,2.17563
297,6.0522,16.7264,2.17563
298,7.59222,14.7215,1.35285
297,7.59222,14.7215,1.35285
298,4.88759,14.8929,1.14519
297,4.88759,14.8929,1.14519
298,5.9556,18.4307,-4.84015
297,5.9556,18.4307,-4.84015
298,4.89429,15.1521,1.53465
297,4.89429,15.1521,1.53465
298,9.16291,14.6646,1.5185
297,9.16291,14.6646,1.5185
298,4.04908,14.342,-2.77609
297,4.04908,14.342,-2.77609
298,8.58789,17.6008,-0.709818
297,8.58789,17.6008,-0.709818
298,6.46848,17.7397,2.10496
297,6.46848,17.7397,2.10496
298,4.58051,13.94,1.20223
297,4.58051,13.94,1.20223
298,6.7613,15.8715,-0.0392614
297,6.7613,15.8715,-0.0392614
298,10.9156,14.7531,1.11344
297,10.9156,14.7531,1.11344
298,6.74314,17.4675,2.23604
297,6.74314,17.4675,2.23604
298,6.24806,15.0957,1.15362
297,6.24806,15.0957,1.15362
298,7.69553,16.6114,2.06812
297,7.69553,16.6114,2.06812
298,8.43561,26.5629,-6.4538
297,8.43561,26.5629,-6.4538
298,4.42852,16.1815,-3.75288
297,4.42852,16.1815,-3.75288
298,5.89421,17.5019,-5.08119
297,5.89421,17.5019,-5.08119
298,6.25787,15.0282,1.34705
297,6.25787,15.0282,1.34705
298,11.8808,14.082,-0.674877
297,11.8808,14.082,-0.674877
298,5.52026,15.1114,2.35497
297,5.52026,15.1114,2.35497
298,5.07608,15.9231,1.10152
297,5.07608,15.9231,1.10152
298,5.60383,17.4068,-4.19047
297,5.60383,17.4068,-4.19047
298,11.6578,13.9381,-0.622202
297,11.6578,13.9381,-0.622202
298,7.46378,12.8151,-1.18553
297,7.46378,12.8151,-1.18553
298,4.31967,15.7452,-3.49741
297,4.31967,15.7452,-3.49741
298,5.53568,17.1843,-4.05776
297,5.53568,17.1843,-4.05776
298,6.09258,14.6153,1.15491
297,6.09258,14.6153,1.15491
298,11.7596,14.1494,-0.450471
297,11.7596,14.1494,-0.450471
298,3.00356,12.771,0.524501
297,3.00356,12.771,0.524501
298,33.5095,24.4913,-3.16805
297,33.5095,24.4913,-3.16805
298,5.74264,14.2041,1.21502
297,5.74264,14.2041,1.21502
298,5.24329,14.0198,-2.64438
297,5.24329,14.0198,-2.64438
298,1.97839,17.1718,2.01461
297,1.97839,17.1718,2.01461
298,5.88686,17.1374,-2.61011
297,5.88686,17.1374,-2.61011
298,5.18058,13.8624,-2.56565
297,5.18058,13.8624,-2.56565
298,2.54643,12.6745,-0.00892215
297,2.54643,12.6745,-0.00892215
298,14.0134,15.3015,-1.17754
297,14.0134,15.3015,-1.17754
298,7.32194,12.6554,-1.14666
297,7.32194,12.6554,-1.14666
298,6.082,18.4819,-5.20267
297,6.082,18.4819,-5.20267
298,16.8645,17.4207,-2.33144
297,16.8645,17.4207,-2.33144
298,2.66661,12.2807,1.57298
297,2.66661,12.2807,1.57298
298,6.10574,16.7734,2.05277
297,6.10574,16.7734,2.05277
298,2.66994,12.2234,1.18482
297,2.66994,12.2234,1.18482
298,5.81568,17.6559,-4.70536
297,5.81568,17.6559,-4.70536
298,17.4923,17.7407,-1.65391
297,17.4923,17.7407,-1.65391
298,19.9727,19.3458,-2.35339
297,19.9727,19.3458,-2.35339
298,6.26924,16.6458,2.07986
297,6.26924,16.6458,2.07986
298,11.5772,13.7782,-0.585992
297,11.5772,13.7782,-0.585992
298,10.9796,18.2216,2.45774
297,10.9796,18.2216,2.45774
298,7.93442,13.2554,-1.48542
297,7.93442,13.2554,-1.48542
298,4.87846,15.1959,1.15323
296,4.87846,15.1959,1.15323
298,5.04284,15.7798,1.11293
296,5.04284,15.7798,1.11293
298,6.13138,16.0088,1.98498
296,6.13138,16.0088,1.98498
298,4.20944,14.4049,-3.71425
296,4.20944,14.4049,-3.71425
298,5.64957,14.9829,-4.08455
296,5.64957,14.9829,-4.08455
298,7.87679,16.9055,2.18444
296,7.87679,16.9055,2.18444
298,9.32055,18.5905,2.00487
296,9.32055,18.5905,2.00487
298,5.68151,15.7242,-5.07931
296,5.68151,15.7242,-5.07931
298,5.62314,15.998,-2.41399
296,5.62314,15.998,-2.41399
298,5.91778,20.657,-4.70628
296,5.91778,20.657,-4.70628
298,6.76815,15.9056,-0.0348769
296,6.76815,15.9056,-0.0348769
298,5.4994,14.2573,-3.201
296,5.4994,14.2573,-3.201
298,5.50133,14.7017,-2.79255
296,5.50133,14.7017,-2.79255
298,5.26727,17.9387,-3.3267
296,5.26727,17.9387,-3.3267
298,6.57513,17.0861,2.49949
296,6.57513,17.0861,2.49949
298,7.89489,16.8123,2.12814
296,7.89489,16.8123,2.12814
298,10.4185,16.9138,-1.60486
296,10.4185,16.9138,-1.60486
298,7.73728,16.789,2.10638
296,7.73728,16.789,2.10638
298,6.55504,14.8317,1.11361
296,6.55504,14.8317,1.11361
298,7.37032,16.0456,2.01507
296,7.37032,16.0456,2.01507
298,5.96468,11.9777,-1.59658
296,5.96468,11.9777,-1.59658
298,8.79255,17.7815,2.25763
296,8.79255,17.7815,2.25763
298,7.20482,18.6556,2.26379
296,7.20482,18.6556,2.26379
298,6.60317,17.1508,2.18771
296,6.60317,17.1508,2.18771
298,6.25381,17.1965,2.75144
296,6.25381,17.1965,2.75144
298,6.22791,18.87,-2.80809
296,6.22791,18.87,-2.80809
298,5.83599,17.2408,-5.26652
296,5.83599,17.2408,-5.26652
298,5.31582,16.6579,-5.14251
296,5.31582,16.6579,-5.14251
298,6.64521,17.4419,2.66804
296,6.64521,17.4419,2.66804
298,2.66714,12.5292,-0.960657
296,2.66714,12.5292,-0.960657
298,18.7555,16.9944,-1.56253
296,18.7555,16.9944,-1.56253
298,6.28845,19.608,-4.34606
296,6.28845,19.608,-4.34606
298,5.63232,16.7061,-4.83841
296,5.63232,16.7061,-4.83841
298,5.96671,15.9987,2.50456
296,5.96671,15.9987,2.50456
298,7.31588,14.3074,1.17146
296,7.31588,14.3074,1.17146
298,9.49749,15.0432,1.11768
296,9.49749,15.0432,1.11768
298,9.18695,14.706,1.4059
296,9.18695,14.706,1.4059
298,14.1332,15.6358,-1.47516
296,14.1332,15.6358,-1.47516
298,7.9068,17.028,2.75597
296,7.9068,17.028,2.75597
298,5.84869,16.7324,-2.56184
290,5.84869,16.7324,-2.56184
298,5.20319,17.4566,-4.86257
290,5.20319,17.4566,-4.86257
298,4.20095,14.888,-3.38208
290,4.20095,14.888,-3.38208
298,6.8219,12.2859,-1.63393
290,6.8219,12.2859,-1.63393
298,4.31617,14.2833,0.517286
290,4.31617,14.2833,0.517286
298,16.337,16.9348,-1.77029
290,16.337,16.9348,-1.77029
298,5.64511,17.597,-4.84992
290,5.64511,17.597,-4.84992
298,4.21798,14.9781,-3.43006
290,4.21798,14.9781,-3.43006
298,9.08376,14.6031,1.40246
290,9.08376,14.6031,1.40246
298,9.0014,14.5129,1.42448
290,9.0014,14.5129,1.42448
298,10.7813,17.3474,-1.74137
290,10.7813,17.3474,-1.74137
298,5.21283,17.2829,-4.94354
294,5.21283,17.2829,-4.94354
298,5.18683,17.1877,-4.85991
294,5.18683,17.1877,-4.85991
298,4.1144,14.5595,-3.11816
294,4.1144,14.5595,-3.11816
298,4.81789,14.9595,1.1667
294,4.81789,14.9595,1.1667
298,9.06702,14.5961,1.13559
294,9.06702,14.5961,1.13559
298,6.69384,21.7831,-5.32631
294,6.69384,21.7831,-5.32631
298,16.419,17.0905,-0.964273
294,16.419,17.0905,-0.964273
298,6.48808,15.1346,1.1753
294,6.48808,15.1346,1.1753
298,9.94774,16.2955,-1.36939
292,9.94774,16.2955,-1.36939
298,5.76931,17.7856,-4.36666
292,5.76931,17.7856,-4.36666
298,2.98108,12.4912,0.536209
292,2.98108,12.4912,0.536209
298,10.4897,16.9865,-1.61008
292,10.4897,16.9865,-1.61008
298,4.94261,15.3743,1.11053
289,4.94261,15.3743,1.11053
298,4.91481,15.1912,1.13264
289,4.91481,15.1912,1.13264
298,8.73273,17.8833,-0.839724
289,8.73273,17.8833,-0.839724
298,5.62554,16.0724,-2.27682
289,5.62554,16.0724,-2.27682
298,9.12899,14.6496,1.48124
289,9.12899,14.6496,1.48124
298,9.19043,14.7526,1.43261
288,9.19043,14.7526,1.43261
298,5.40092,19.1075,-4.81556
285,5.40092,19.1075,-4.81556
298,12.7765,14.1527,-0.655823
285,12.7765,14.1527,-0.655823
298,7.76033,14.7651,1.1788
283,7.76033,14.7651,1.1788
299,2.43166,9.35034,1.25634
299,1.79053,12.4977,0.966494
299,1.78944,12.5073,0.965025
299,2.76738,12.094,1.20601
299,1.85783,12.4859,0.973034
299,1.85772,12.5158,0.968735
299,1.83554,12.5584,0.950038
299,3.01889,12.068,1.21343
299,3.00503,12.077,1.2112
299,3.07887,11.9441,0.828959
299,3.01768,12.0945,1.18632
299,1.82882,12.5111,0.551591
299,3.03231,12.1183,1.20849
299,2.98565,12.1468,1.21845
299,1.83076,12.534,0.538336
299,2.99414,12.1718,1.2182
299,3.01225,12.1562,1.18296
299,2.88203,11.9637,0.176119
299,3.10474,11.9511,0.422233
299,3.15642,12.2305,1.32963
299,3.18023,12.1441,1.09312
299,3.04178,12.2424,1.17601
299,3.1004,12.1169,0.728625
299,1.80369,12.5412,-0.0503346
299,1.80872,12.563,0.0114859
299,2.12216,12.5743,0.524705
299,3.22731,12.1951,1.08132
299,1.66497,12.9885,1.01003
299,1.8128,12.5943,0.00399435
299,1.68599,12.9892,1.01524
299,1.86255,12.5754,-0.00962007
299,3.25117,12.2311,1.11167
299,2.8904,12.2723,0.650027
299,2.93661,12.2505,0.654419
299,3.101,12.0672,0.149701
299,1.83136,12.5765,-0.476333
299,2.14932,12.9538,1.19652
299,1.90999,12.5602,-0.528285
299,3.21071,12.3322,0.756858
299,2.75943,12.3147,-0.0438924
299,3.21177,12.3077,0.653051
299,3.23478,12.3115,0.660055
299,2.74195,12.703,1.01798
299,2.70652,12.7312,1.00793
299,2.74012,12.7236,1.02116
299,2.66273,12.7732,1.02822
299,2.72419,12.7359,0.999576
299,1.83677,12.5358,-1.08442
299,3.25387,12.4066,0.769919
299,1.8153,12.5979,-0.99084
299,2.56376,12.8181,0.87655
299,3.26064,12.3971,0.632478
299,2.5534,12.5693,0.0383612
299,2.76708,12.4655,-0.107593
299,3.22174,12.3681,0.26877
299,2.6518,12.4972,-0.251446
299,3.22839,12.3954,0.257782
299,2.86323,12.8405,1.01394
299,3.26011,12.4128,0.261591
299,2.90685,12.8519,1.05408
299,2.61953,13.0348,1.15147
299,3.23626,12.4403,0.252142
299,2.89863,12.8563,0.996559
299,2.89128,12.8845,1.00334
299,2.88114,12.4135,-0.522232
299,2.56607,12.8689,0.398832
299,2.75115,12.5137,-0.522208
299,2.55059,12.7706,-0.0391742
299,2.88978,12.4407,-0.537848
299,2.89806,12.9333,0.996952
299,2.82107,12.7687,0.349156
299,2.75045,12.5268,-0.526144
299,2.69766,12.4085,-0.997149
299,1.72657,12.8469,-1.23799
299,3.15025,12.7284,0.640109
299,2.66796,12.405,-1.15205
299,2.54918,12.818,-0.0514151
299,3.34508,12.296,-0.423988
299,3.38185,12.4094,-0.103163
299,2.66498,12.4417,-1.17306
299,3.35585,12.3482,-0.456808
299,2.54797,12.8855,-0.0636564
299,2.65313,12.4816,-1.20719
299,2.45054,12.9795,-0.245108
299,3.18441,12.9026,0.661367
299,3.20525,13.0161,0.64008
299,3.30373,12.5271,-0.839498
299,3.331,12.6629,-0.464277
299,2.94608,13.1336,0.389248
299,2.2684,13.5312,0.267296
299,4.94212,11.7537,-1.42747
299,5.71822,11.3461,-1.65699
299,5.72914,11.3949,-1.64638
299,1.46938,13.539,-1.87172
299,5.74729,11.4477,-1.65282
299,5.76658,11.4622,-1.66864
299,5.63658,11.5829,-1.53245
299,5.31633,11.7887,-1.4358
299,1.46963,13.6008,-1.90819
299,1.62051,14.5613,1.20706
299,5.56327,11.7689,-1.46261
299,5.1274,12.0138,-1.45599
299,5.47596,11.8746,-1.35406
299,5.68734,11.9243,-1.57516
299,1.57352,14.8999,1.18437
299,5.71236,11.9399,-1.57932
299,1.37316,15.068,1.19328
299,1.58226,15.0768,1.55201
299,5.69258,12.0001,-1.54523
299,5.75661,11.9797,-1.59059
299,5.76439,11.9966,-1.60039
299,5.42,12.3257,-1.20615
299,1.41766,15.292,1.43203
299,1.56037,15.1381,1.15779
299,1.54294,15.3295,1.51994
299,1.46915,15.3526,1.33099
299,5.77663,12.316,-1.56214
299,1.54243,15.5469,1.74918
299,1.34417,15.4998,1.19113
299,3.94266,14.6206,2.4473
299,3.95385,14.637,2.47886
299,3.98373,14.6575,2.46536
299,3.96459,14.7085,2.47895
299,5.79969,12.3858,-1.97339
299,5.86409,12.5987,-1.43981
299,7.10198,11.8724,-1.79002
299,5.21088,12.9427,-1.67305
299,5.2406,12.9939,-1.74629
299,4.14551,14.964,2.56084
299,5.21796,13.1219,-1.65291
299,5.23559,13.1664,-1.70068
299,5.2393,13.268,-1.69804
299,1.53208,16.4297,1.94157
299,1.31138,16.6761,1.9462
299,7.29583,23.8227,-5.99368
298,7.29583,23.8227,-5.99368
299,6.00225,15.9954,2.07007
298,6.00225,15.9954,2.07007
299,7.66216,14.7419,1.13533
298,7.66216,14.7419,1.13533
299,2.9862,12.1423,1.21187
298,2.9862,12.1423,1.21187
299,4.70029,15.1889,-4.34256
298,4.70029,15.1889,-4.34256
299,6.70667,21.9732,-5.23766
298,6.70667,21.9732,-5.23766
299,5.89693,18.4038,-5.42966
298,5.89693,18.4038,-5.42966
299,4.31977,15.2603,1.1015
298,4.31977,15.2603,1.1015
299,4.33651,14.3521,0.495848
298,4.33651,14.3521,0.495848
299,5.74716,16.8629,-1.88945
298,5.74716,16.8629,-1.88945
299,5.66028,16.6786,-5.37083
298,5.66028,16.6786,-5.37083
299,6.54619,14.5336,0.872263
298,6.54619,14.5336,0.872263
299,6.18522,19.1188,-5.27175
298,6.18522,19.1188,-5.27175
299,7.11723,12.5118,-1.08494
298,7.11723,12.5118,-1.08494
299,7.16847,18.8812,2.76898
298,7.16847,18.8812,2.76898
299,6.73006,22.1,-5.51826
298,6.73006,22.1,-5.51826
299,6.89253,16.1151,-0.0832353
298,6.89253,16.1151,-0.0832353
299,5.65393,16.3123,-5.00202
298,5.65393,16.3123,-5.00202
299,5.63251,17.5595,-4.84277
298,5.63251,17.5595,-4.84277
299,6.78311,17.5618,2.22799
298,6.78311,17.5618,2.22799
299,6.82819,15.3406,2.5999
298,6.82819,15.3406,2.5999
299,5.75689,16.8889,-1.8954
298,5.75689,16.8889,-1.8954
299,5.65284,15.959,0.0812896
298,5.65284,15.959,0.0812896
299,4.0965,15.1271,1.28068
298,4.0965,15.1271,1.28068
299,3.28724,12.6654,0.879233
298,3.28724,12.6654,0.879233
299,6.97222,22.6209,-4.15483
298,6.97222,22.6209,-4.15483
299,6.58494,17.2295,2.0944
298,6.58494,17.2295,2.0944
299,9.01621,14.557,1.1367
298,9.01621,14.557,1.1367
299,2.64116,13.2678,1.18158
298,2.64116,13.2678,1.18158
299,1.98045,16.7785,2.02232
298,1.98045,16.7785,2.02232
299,6.22715,19.2333,-5.3658
298,6.22715,19.2333,-5.3658
299,6.96766,16.1815,1.04773
298,6.96766,16.1815,1.04773
299,5.84501,17.1167,-2.51779
298,5.84501,17.1167,-2.51779
299,4.10828,15.2186,1.25878
298,4.10828,15.2186,1.25878
299,1.67663,16.4968,1.79832
298,1.67663,16.4968,1.79832
299,5.25818,14.1858,-2.47718
298,5.25818,14.1858,-2.47718
299,10.5779,17.1373,-1.6729
298,10.5779,17.1373,-1.6729
299,5.63525,16.8563,-4.51655
298,5.63525,16.8563,-4.51655
299,2.57307,12.8362,0.309009
298,2.57307,12.8362,0.309009
299,7.04203,15.6217,2.19834
298,7.04203,15.6217,2.19834
299,11.9156,18.5695,-2.16171
298,11.9156,18.5695,-2.16171
299,8.81021,14.3869,1.16169
298,8.81021,14.3869,1.16169
299,2.77926,12.6139,1.14407
298,2.77926,12.6139,1.14407
299,18.3055,18.2739,-1.81771
298,18.3055,18.2739,-1.81771
299,15.658,16.404,-1.6238
298,15.658,16.404,-1.6238
299,7.3618,12.7409,-1.16234
298,7.3618,12.7409,-1.16234
299,6.00533,18.3206,-5.0622
297,6.00533,18.3206,-5.0622
299,5.83626,17.4307,-4.90477
297,5.83626,17.4307,-4.90477
299,5.58098,15.548,-4.81763
297,5.58098,15.548,-4.81763
299,6.69009,17.3845,2.09419
297,6.69009,17.3845,2.09419
299,4.13966,14.3663,-2.72997
297,4.13966,14.3663,-2.72997
299,5.82962,17.035,-2.51343
297,5.82962,17.035,-2.51343
299,6.25078,14.984,1.15373
297,6.25078,14.984,1.15373
299,10.9073,17.4711,-1.822
297,10.9073,17.4711,-1.822
299,5.33405,16.9057,-4.95775
297,5.33405,16.9057,-4.95775
299,5.94735,16.4282,2.59097
297,5.94735,16.4282,2.59097
299,5.72876,16.2925,-4.9835
297,5.72876,16.2925,-4.9835
299,3.22786,12.2999,0.452643
297,3.22786,12.2999,0.452643
299,5.61611,16.6829,-4.50439
297,5.61611,16.6829,-4.50439
299,5.95613,16.4496,2.59559
297,5.95613,16.4496,2.59559
299,4.93558,15.1531,1.18418
297,4.93558,15.1531,1.18418
299,5.1519,15.6932,1.34741
297,5.1519,15.6932,1.34741
299,7.02604,15.4389,2.61421
297,7.02604,15.4389,2.61421
299,10.654,14.5547,1.54088
297,10.654,14.5547,1.54088
299,1.78137,17.4204,1.84858
297,1.78137,17.4204,1.84858
299,2.68381,12.5576,-1.63085
297,2.68381,12.5576,-1.63085
299,3.05466,12.1348,1.17611
297,3.05466,12.1348,1.17611
299,14.6764,14.9063,-1.54799
297,14.6764,14.9063,-1.54799
299,8.3592,13.6496,-1.80404
297,8.3592,13.6496,-1.80404
299,5.79408,17.7217,-4.61162
297,5.79408,17.7217,-4.61162
299,1.80594,17.207,1.85162
297,1.80594,17.207,1.85162
299,15.0239,15.1046,-1.62168
297,15.0239,15.1046,-1.62168
299,10.0522,16.5629,-1.43737
297,10.0522,16.5629,-1.43737
299,7.66021,14.7843,1.42738
297,7.66021,14.7843,1.42738
299,1.42629,18.9579,1.87923
297,1.42629,18.9579,1.87923
299,10.1759,13.0673,0.216984
297,10.1759,13.0673,0.216984
299,8.12732,17.3602,2.87223
297,8.12732,17.3602,2.87223
299,5.7886,16.9418,-2.41813
296,5.7886,16.9418,-2.41813
299,4.09575,15.1284,1.13744
296,4.09575,15.1284,1.13744
299,5.13241,14.7626,1.427
296,5.13241,14.7626,1.427
299,5.55241,14.9838,1.1147
296,5.55241,14.9838,1.1147
299,5.89105,17.7441,-4.95463
296,5.89105,17.7441,-4.95463
299,6.16949,17.0461,2.06739
296,6.16949,17.0461,2.06739
299,15.1855,23.229,2.69119
296,15.1855,23.229,2.69119
299,6.6275,17.2251,2.51508
296,6.6275,17.2251,2.51508
299,14.2237,22.0608,2.62807
296,14.2237,22.0608,2.62807
299,9.12912,14.6395,1.11727
296,9.12912,14.6395,1.11727
299,2.57391,12.6899,-0.955475
296,2.57391,12.6899,-0.955475
299,6.9682,11.7652,-1.69665
296,6.9682,11.7652,-1.69665
299,15.7693,14.7497,-1.69407
296,15.7693,14.7497,-1.69407
299,8.08073,13.3992,-1.60098
296,8.08073,13.3992,-1.60098
299,6.94099,11.7463,-1.66744
296,6.94099,11.7463,-1.66744
299,8.61741,17.3625,2.83791
296,8.61741,17.3625,2.83791
299,4.36982,14.9593,-3.09057
294,4.36982,14.9593,-3.09057
299,4.32679,14.7196,-2.91978
294,4.32679,14.7196,-2.91978
299,5.81746,12.1455,-1.6511
294,5.81746,12.1455,-1.6511
299,6.12231,16.9254,2.51663
294,6.12231,16.9254,2.51663
299,6.61869,17.2905,2.73745
294,6.61869,17.2905,2.73745
299,6.50879,17.0042,2.71032
294,6.50879,17.0042,2.71032
299,7.87618,15.2421,1.15107
294,7.87618,15.2421,1.15107
299,5.96759,16.4097,2.61283
294,5.96759,16.4097,2.61283
299,5.741,16.8275,-2.16332
290,5.741,16.8275,-2.16332
299,5.23076,16.8294,-4.83147
290,5.23076,16.8294,-4.83147
299,5.75089,16.8584,-2.20037
290,5.75089,16.8584,-2.20037
299,18.7349,16.9251,-1.66852
290,18.7349,16.9251,-1.66852
299,7.76069,14.8809,1.13536
292,7.76069,14.8809,1.13536
299,5.85974,19.4654,-5.70502
292,5.85974,19.4654,-5.70502
299,6.59844,17.2339,2.63658
292,6.59844,17.2339,2.63658
299,5.51703,15.6759,0.160834
292,5.51703,15.6759,0.160834
299,5.08227,16.7178,-4.802
289,5.08227,16.7178,-4.802
299,5.8107,17.0468,-2.11137
289,5.8107,17.0468,-2.11137
299,6.79472,22.2416,-7.12393
289,6.79472,22.2416,-7.12393
299,5.4403,17.2039,-4.88376
288,5.4403,17.2039,-4.88376
299,5.78279,16.8905,-2.63801
288,5.78279,16.8905,-2.63801
299,5.3641,16.3979,-4.87063
288,5.3641,16.3979,-4.87063
299,17.9792,17.1808,-1.58512
288,17.9792,17.1808,-1.58512
299,14.6403,16.0146,-1.70822
288,14.6403,16.0146,-1.70822
299,8.73519,15.3362,1.38987
287,8.73519,15.3362,1.38987
300,2.3998,9.05348,1.49762
300,2.98373,9.64604,1.31696
300,1.41558,12.4142,0.54494
300,1.86905,12.1696,0.114311
300,1.76391,12.3234,0.332097
300,2.78109,12.1177,1.20412
300,1.86791,12.5424,0.963781
300,1.80188,12.5943,0.957921
300,1.84244,12.4601,0.559188
300,3.05902,12.0547,1.20098
300,3.10748,12.1465,1.51108
300,3.0347,12.0989,1.2142
300,3.03255,12.1037,1.21494
300,2.84717,12.0642,0.748207
300,1.38229,12.6853,0.035862
300,2.89938,12.0451,0.483862
300,3.08135,12.3887,1.74035
300,1.89966,12.8023,0.992694
300,3.07493,12.25,1.16639
300,3.2139,12.167,1.08632
300,1.83986,12.5295,0.0166109
300,1.28028,13.1936,1.0263
300,2.87823,12.1675,0.436385
300,1.27368,13.2229,1.03657
300,3.28729,12.2886,1.12682
300,1.70064,13.1054,0.995879
300,1.69067,13.1081,0.987112
300,1.70099,13.1209,1.00497
300,1.76127,13.1035,1.02643
300,2.9835,12.2675,0.405905
300,2.65409,12.4337,0.334886
300,3.15176,12.1411,0.230108
300,2.78838,12.6022,1.02937
300,1.6564,13.1823,0.976849
300,1.83363,12.4927,-0.890025
300,1.83932,12.5097,-0.875141
300,3.22657,12.3438,0.789638
300,1.77027,12.4594,-1.16197
300,1.83941,12.5043,-0.926203
300,2.78142,12.7,1.1031
300,2.56894,12.6036,0.469589
300,3.20051,12.2809,0.466514
300,1.84205,12.3894,-1.36723
300,3.17623,12.2025,0.157773
300,2.66294,12.7703,1.04898
300,1.76859,12.4961,-1.18715
300,1.814,13.2592,1.14399
300,2.25068,12.5506,-0.325985
300,2.56009,12.5322,0.0478235
300,3.26619,12.0544,-0.30425
300,2.84685,12.7138,1.01649
300,2.64397,12.4141,-0.208181
300,2.62856,12.8598,1.08302
300,3.29246,12.1594,0.0001508
300,3.31777,12.1742,0.0662622
300,1.68872,13.4307,1.11213
300,2.87917,12.784,1.01752
300,2.77128,12.4647,-0.112103
300,1.75712,12.6648,-1.1223
300,2.59602,12.4764,-0.371139
300,3.30328,12.4919,0.759557
300,3.33279,12.2559,0.0944411
300,2.56848,12.4314,-0.587417
300,3.30448,12.4923,0.749772
300,2.5708,12.4942,-0.425191
300,3.3421,12.2766,0.0861813
300,2.57135,12.5188,-0.428138
300,3.34122,12.3042,0.0877904
300,2.57812,12.4973,-0.618294
300,2.89383,12.392,-0.514626
300,2.70974,12.3944,-1.01697
300,1.82374,12.7856,-1.23725
300,2.63675,13.2078,1.15398
300,1.93447,13.5767,1.12494
300,2.90979,12.8481,0.324325
300,2.74503,12.4936,-1.04301
300,2.92981,12.2874,-1.37559
300,2.97227,12.7089,-0.0766867
300,2.59681,12.6391,-0.924777
300,2.73459,12.5464,-1.07766
300,2.60769,12.7118,-0.968423
300,3.01116,12.9058,0.100618
300,3.3761,12.3603,-1.17679
300,2.99625,13.062,0.328628
300,5.02748,11.374,-1.58866
300,2.89237,13.7292,1.61236
300,2.91207,13.7202,1.61227
300,2.87989,13.646,1.30503
300,2.89424,13.7432,1.61933
300,2.89297,13.7502,1.61178
300,3.07388,13.3378,0.608164
300,2.89104,13.786,1.60157
300,4.88141,11.7822,-1.34111
300,4.99423,11.6935,-1.49958
300,1.42459,14.4901,1.17245
300,5.71561,11.3452,-1.62851
300,5.69552,11.3627,-1.60862
300,5.22052,11.7847,-1.20929
300,5.71105,11.3953,-1.61133
300,5.72738,11.4185,-1.62537
300,3.61497,13.8542,2.36185
300,5.26765,11.8031,-1.22925
300,2.75279,14.0998,1.23511
300,2.86941,14.1892,1.67183
300,2.75148,14.1714,1.22862
300,1.3974,14.8714,1.13709
300,5.51397,11.886,-1.40873
300,5.61161,11.8369,-1.49465
300,5.90293,11.7324,-1.46439
300,5.76019,11.7785,-1.60943
300,2.94105,14.1964,1.06415
300,2.2715,14.3988,0.469248
300,2.92229,14.55,1.67647
300,5.64279,12.2023,-1.45167
300,1.22472,15.3991,1.20714
300,5.84898,12.052,-1.66777
300,1.55168,15.2584,1.15037
300,5.49462,12.4382,-1.2661
300,3.67496,14.7502,1.98026
300,2.97703,14.9646,1.48404
300,1.58082,15.9679,1.92957
300,1.62326,15.7316,1.18318
300,2.99475,15.0833,1.22309
300,3.84621,14.9758,2.21847
300,3.75073,13.4548,-2.526
300,2.9809,15.2265,1.55239
300,5.14327,13.0747,-1.55142
300,5.18131,13.0616,-1.61357
300,2.95662,15.2475,1.43519
300,5.94295,12.719,-1.53314
300,3.89391,13.3309,-2.96001
300,3.02431,15.2396,1.39725
300,5.25647,13.0455,-1.70814
300,2.95204,15.4082,1.67125
300,2.96821,15.3826,1.43391
300,2.95069,15.4959,1.68247
300,5.16424,12.94,-2.64256
300,3.7795,13.5998,-2.97468
300,5.35794,13.1733,-1.84042
300,7.45068,12.0555,-2.00421
300,5.8189,16.9479,-2.66639
299,5.8189,16.9479,-2.66639
300,5.42056,15.6149,-2.09104
299,5.42056,15.6149,-2.09104
300,5.45685,15.6979,-2.12268
299,5.45685,15.6979,-2.12268
300,6.2307,16.4049,2.15283
299,6.2307,16.4049,2.15283
300,5.95846,18.0343,-2.37563
299,5.95846,18.0343,-2.37563
300,5.8837,16.9445,-2.10346
299,5.8837,16.9445,-2.10346
300,6.90291,19.3731,-3.15368
299,6.90291,19.3731,-3.15368
300,5.62542,15.8662,0.107655
299,5.62542,15.8662,0.107655
300,5.7543,16.8707,-2.23198
299,5.7543,16.8707,-2.23198
300,5.47614,15.6741,-4.52577
299,5.47614,15.6741,-4.52577
300,5.7211,15.8306,-5.06015
299,5.7211,15.8306,-5.06015
300,4.90217,14.35,-1.54306
299,4.90217,14.35,-1.54306
300,5.41575,13.9898,-3.6535
299,5.41575,13.9898,-3.6535
300,4.39336,12.8681,1.48967
299,4.39336,12.8681,1.48967
300,6.28755,15.0213,1.1661
299,6.28755,15.0213,1.1661
300,5.39411,17.0403,-5.06041
299,5.39411,17.0403,-5.06041
300,5.58652,16.459,-2.25579
299,5.58652,16.459,-2.25579
300,5.94978,17.9716,-2.49314
299,5.94978,17.9716,-2.49314
300,5.88583,17.1698,-2.00427
299,5.88583,17.1698,-2.00427
300,5.92728,16.8753,-2.10018
299,5.92728,16.8753,-2.10018
300,5.31637,15.8079,-4.6436
299,5.31637,15.8079,-4.6436
300,5.55335,17.4201,-4.749
299,5.55335,17.4201,-4.749
300,5.06437,14.1925,1.18463
299,5.06437,14.1925,1.18463
300,6.0158,17.4703,-2.42505
299,6.0158,17.4703,-2.42505
300,5.67399,15.5729,2.43069
299,5.67399,15.5729,2.43069
300,7.34117,16.1019,2.16831
299,7.34117,16.1019,2.16831
300,6.17611,17.0169,2.07869
299,6.17611,17.0169,2.07869
300,5.33966,13.8549,-3.52201
299,5.33966,13.8549,-3.52201
300,5.57499,15.982,-2.02732
299,5.57499,15.982,-2.02732
300,5.29498,13.0507,-2.75825
299,5.29498,13.0507,-2.75825
300,5.72714,16.7844,-1.83924
299,5.72714,16.7844,-1.83924
300,5.26634,13.0076,-2.70988
299,5.26634,13.0076,-2.70988
300,9.25451,14.7616,1.12218
299,9.25451,14.7616,1.12218
300,2.90257,16.7545,2.698
299,2.90257,16.7545,2.698
300,5.49978,15.8205,-1.93475
299,5.49978,15.8205,-1.93475
300,6.53392,15.5161,1.13721
299,6.53392,15.5161,1.13721
300,8.46239,13.7254,-1.71341
299,8.46239,13.7254,-1.71341
300,5.50318,13.3818,-3.03809
299,5.50318,13.3818,-3.03809
300,2.82485,17.5708,2.43339
299,2.82485,17.5708,2.43339
300,2.32914,12.5513,-0.926178
299,2.32914,12.5513,-0.926178
300,5.51098,14.6578,-3.81205
299,5.51098,14.6578,-3.81205
300,1.6436,17.4165,2.20957
299,1.6436,17.4165,2.20957
300,5.65284,16.63,1.08424
299,5.65284,16.63,1.08424
300,1.74808,18.4372,1.45363
299,1.74808,18.4372,1.45363
300,1.61559,17.5944,1.83613
299,1.61559,17.5944,1.83613
300,5.16203,12.0226,-1.66106
299,5.16203,12.0226,-1.66106
300,11.3904,17.9662,-1.93972
299,11.3904,17.9662,-1.93972
300,16.1591,16.9683,-2.09969
299,16.1591,16.9683,-2.09969
300,13.186,15.1261,-1.27988
299,13.186,15.1261,-1.27988
300,12.7182,14.6312,-0.882315
299,12.7182,14.6312,-0.882315
300,23.3934,20.9708,-1.99378
299,23.3934,20.9708,-1.99378
300,6.59445,17.2102,2.68813
299,6.59445,17.2102,2.68813
300,13.239,14.8931,-0.29849
299,13.239,14.8931,-0.29849
300,10.0552,16.5844,-1.44395
299,10.0552,16.5844,-1.44395
300,5.64345,16.7761,-4.5655
298,5.64345,16.7761,-4.5655
300,6.70443,17.377,2.22396
298,6.70443,17.377,2.22396
300,5.38767,15.3362,-2.23245
298,5.38767,15.3362,-2.23245
300,6.07137,16.7766,2.13581
298,6.07137,16.7766,2.13581
300,5.43337,14.017,-3.80206
298,5.43337,14.017,-3.80206
300,3.22758,12.2724,1.00115
298,3.22758,12.2724,1.00115
300,5.6035,15.5259,-4.88612
298,5.6035,15.5259,-4.88612
300,6.23698,17.1846,2.13914
298,6.23698,17.1846,2.13914
300,5.41379,13.9802,-3.76104
298,5.41379,13.9802,-3.76104
300,6.63749,15.6566,0.0259399
298,6.63749,15.6566,0.0259399
300,5.46324,15.5233,-2.32925
298,5.46324,15.5233,-2.32925
300,5.89801,12.7525,-1.62091
298,5.89801,12.7525,-1.62091
300,5.78518,16.3779,-5.07683
298,5.78518,16.3779,-5.07683
300,3.2171,12.5282,-0.549346
298,3.2171,12.5282,-0.549346
300,9.39441,14.8911,1.45728
298,9.39441,14.8911,1.45728
300,17.1325,15.3717,-1.15317
298,17.1325,15.3717,-1.15317
300,1.2767,18.4141,2.01599
298,1.2767,18.4141,2.01599
300,1.90026,14.9647,1.44213
298,1.90026,14.9647,1.44213
300,5.76972,16.7236,-4.93137
298,5.76972,16.7236,-4.93137
300,7.98301,17.4341,2.33984
298,7.98301,17.4341,2.33984
300,7.7612,13.098,-1.38665
298,7.7612,13.098,-1.38665
300,7.75141,16.6961,2.05173
297,7.75141,16.6961,2.05173
300,6.34317,15.9924,1.38853
297,6.34317,15.9924,1.38853
300,6.32753,17.3361,2.50708
297,6.32753,17.3361,2.50708
300,5.90148,18.02,-4.82205
297,5.90148,18.02,-4.82205
300,6.99562,17.594,2.10337
297,6.99562,17.594,2.10337
300,5.76298,17.588,-4.54752
297,5.76298,17.588,-4.54752
300,18.6042,18.4944,-2.77665
297,18.6042,18.4944,-2.77665
300,2.11553,14.7362,1.45092
297,2.11553,14.7362,1.45092
300,9.0444,14.555,1.53515
296,9.0444,14.555,1.53515
300,3.29733,12.3222,1.11327
296,3.29733,12.3222,1.11327
300,5.94084,18.3698,-4.79125
296,5.94084,18.3698,-4.79125
300,6.80831,17.7533,2.18711
296,6.80831,17.7533,2.18711
300,5.5231,12.7949,1.48747
296,5.5231,12.7949,1.48747
300,7.45393,18.2075,2.12911
296,7.45393,18.2075,2.12911
300,6.65392,11.9578,-1.68447
296,6.65392,11.9578,-1.68447
300,15.7779,14.7438,-1.70491
296,15.7779,14.7438,-1.70491
300,15.6757,15.2593,-1.67284
296,15.6757,15.2593,-1.67284
300,8.10653,13.413,-1.53811
290,8.10653,13.413,-1.53811
300,5.65352,16.5723,-2.23459
290,5.65352,16.5723,-2.23459
300,7.88522,14.1942,2.09953
294,7.88522,14.1942,2.09953
300,6.33625,14.9444,1.36344
292,6.33625,14.9444,1.36344
300,6.04977,16.45,2.59573
292,6.04977,16.45,2.59573
300,10.4033,16.8838,-1.55845
292,10.4033,16.8838,-1.55845
300,5.7722,16.8027,-2.49807
292,5.7722,16.8027,-2.49807
300,5.70806,17.9939,-0.176002
289,5.70806,17.9939,-0.176002
300,10.5219,17.0536,-1.6317
289,10.5219,17.0536,-1.6317
300,6.39682,14.967,1.37189
288,6.39682,14.967,1.37189
300,5.77071,16.8865,-2.50407
288,5.77071,16.8865,-2.50407
300,9.12935,14.646,1.13111
287,9.12935,14.646,1.13111
301,2.20366,11.9963,1.30257
301,2.74961,12.0185,1.74796
301,0.940078,12.7092,1.12219
301,2.23836,12.1575,1.28129
301,0.929275,12.7728,1.13691
301,2.89386,11.7031,0.726191
301,0.897812,12.8213,1.11811
301,0.901549,12.8399,1.1122
301,2.74909,12.03,1.2321
301,1.83705,12.2423,0.586405
301,3.04722,12.0866,1.80448
301,2.73986,12.1537,1.55944
301,3.01267,12.1053,1.78389
301,3.04838,12.0536,1.66536
301,2.74184,12.1654,1.55721
301,1.8418,12.2586,0.579645
301,3.06246,12.1081,1.80749
301,3.08258,12.1118,1.8163
301,3.06268,11.9893,1.41821
301,3.02295,12.1365,1.78274
301,3.07299,12.1348,1.8082
301,2.15098,12.3948,1.24369
301,2.78173,12.0926,1.20265
301,1.39154,12.5269,0.513289
301,1.38086,12.5305,0.506047
301,1.81854,12.3522,0.57925
301,2.56082,12.0088,0.384626
301,3.03283,12.0707,1.21526
301,3.01978,12.0817,1.22659
301,3.02878,12.0838,1.21288
301,2.53066,11.9218,0.0198574
301,2.58474,12.2016,0.905025
301,2.28945,12.4685,1.24587
301,2.98902,12.1317,1.19169
301,2.47213,12.3304,1.04806
301,2.81907,12.2366,1.22806
301,3.05356,12.1356,1.17789
301,2.63393,11.9246,-0.0288622
301,3.08571,12.1356,1.18004
301,1.81859,12.5238,0.530176
301,1.84705,12.3476,0.0399076
301,2.59649,12.1544,0.468066
301,2.12536,12.6447,1.22888
301,2.11328,12.6659,1.22523
301,3.10036,12.0843,0.854469
301,2.08652,12.6174,1.01002
301,2.04979,12.6544,1.00127
301,3.16444,12.4176,1.82401
301,1.15881,12.9786,0.649908
301,3.08217,12.2851,1.26274
301,2.15224,12.7061,1.20406
301,2.47617,12.5244,1.07421
301,0.684918,12.6277,-1.12028
301,1.3099,13.0979,1.02584
301,1.81882,12.5176,0.026548
301,3.10049,12.3,1.15422
301,2.49095,12.5832,1.0706
301,3.26088,12.2369,1.11788
301,2.14392,12.8094,1.20104
301,1.99285,12.8146,0.98097
301,3.29039,12.2476,1.11137
301,3.29468,12.2619,1.12726
301,3.23153,12.5467,1.81235
301,1.76118,12.9718,1.01018
301,2.24684,12.7425,0.987626
301,2.57565,12.6192,1.06573
301,1.30318,13.2098,1.01598
301,3.17827,12.2623,0.817285
301,2.62031,12.6216,1.05945
301,2.63429,12.6106,1.04469
301,2.61561,12.6683,1.1479
301,1.72565,13.0415,1.00347
301,1.98067,12.94,1.04884
301,1.64073,13.122,1.08055
301,1.63785,13.1355,1.07208
301,2.54966,12.7052,1.07005
301,1.28143,13.294,1.00723
301,2.55436,12.381,0.0955017
301,2.54318,12.3998,0.119523
301,2.26993,12.8224,0.927547
301,2.62815,12.745,1.16388
301,2.61399,12.7689,1.16882
301,1.92585,13.0896,1.13615
301,2.55184,12.4499,0.105652
301,2.53957,12.4362,0.0374846
301,3.22135,12.3701,0.749177
301,3.34562,12.4315,1.05081
301,3.16818,12.2713,0.31922
301,1.83453,12.6165,-0.519516
301,3.14765,12.2424,0.192252
301,1.81706,12.3497,-1.33894
301,1.58924,13.2615,0.950155
301,2.59237,12.6227,0.446727
301,2.53787,12.5162,0.0423759
301,1.64215,13.2655,0.914587
301,1.60161,13.292,0.927729
301,2.787,12.7758,0.984898
301,2.8113,12.7912,0.979293
301,2.63037,12.9451,1.155
301,3.19875,12.3197,0.0977398
301,2.81611,12.9242,1.32077
301,2.6551,12.9491,1.15639
301,2.58634,12.4996,-0.266972
301,3.34393,12.8686,1.82997
301,2.20968,12.9863,0.570703
301,3.34758,12.5127,0.737368
301,1.68211,13.4096,1.0231
301,2.59236,12.5426,-0.295339
301,2.96745,12.8307,0.967324
301,2.64951,12.8343,0.515337
301,1.58307,13.5039,0.893845
301,1.779,12.7794,-0.95961
301,2.6712,12.5796,-0.455862
301,2.45105,12.9968,0.451261
301,1.73732,12.7308,-1.32584
301,2.86796,13.0933,1.25127
301,1.97178,13.49,1.12323
301,2.82576,13.1705,1.36479
301,1.11372,13.9388,1.21945
301,2.91419,13.0997,1.23732
301,1.10345,12.8959,-1.88192
301,2.87134,13.2894,1.70342
301,1.07419,13.9876,1.2281
301,2.84057,13.2337,1.40511
301,2.83875,13.2336,1.40086
301,2.84343,13.3646,1.7856
301,2.83993,13.2663,1.48992
301,2.8847,13.1686,1.25602
301,2.88067,13.3348,1.70708
301,2.86122,13.3992,1.7793
301,2.65576,13.0019,0.331255
301,2.84071,13.285,1.40306
301,2.83008,13.2935,1.40718
301,2.8513,13.3043,1.40839
301,2.65866,12.6695,-0.717202
301,2.9003,13.246,1.29408
301,2.87081,13.3079,1.41004
301,2.65226,12.7788,-0.595577
301,2.84442,13.4731,1.69651
301,2.39628,13.3211,0.626708
301,2.90904,13.268,1.17452
301,2.7022,13.3538,1.11177
301,1.36758,13.4988,-0.315937
301,2.86751,13.4207,1.4922
301,2.64246,12.8257,-0.610411
301,2.85877,13.3632,1.25833
301,2.91428,13.3188,1.17941
301,1.78092,12.9923,-1.3477
301,2.68627,13.1405,0.309395
301,2.91774,13.3408,1.21454
301,2.91521,13.3333,1.17452
301,2.86684,13.4678,1.4873
301,2.78091,13.4143,1.10968
301,2.84924,13.5592,1.60736
301,2.86849,13.4363,1.26581
301,0.671033,13.4738,-1.67361
301,1.86426,13.038,-1.32429
301,2.90437,13.6263,1.67511
301,3.10433,13.1722,0.619885
301,1.91524,13.0884,-1.37117
301,2.87579,13.6782,1.68252
301,2.86784,13.6367,1.54711
301,2.25712,13.4859,0.253726
301,4.86009,11.7192,-1.37674
301,2.83014,13.6824,1.54018
301,2.83672,13.6748,1.52535
301,2.76122,13.7552,1.61968
301,2.88739,13.6661,1.49021
301,2.96461,13.6671,1.56416
301,2.8901,13.7053,1.51854
301,2.84756,13.7439,1.53332
301,2.89917,13.7507,1.60456
301,2.90152,13.7401,1.53964
301,2.44549,13.6632,0.557465
301,2.68164,12.9711,-1.15384
301,2.78778,13.7628,1.19087
301,2.85721,13.8782,1.5467
301,2.79796,13.7878,1.18887
301,2.22884,14.0025,0.906485
301,2.98457,13.681,0.975825
301,2.8066,13.8402,1.18633
301,2.41875,13.8425,0.653559
301,3.51514,13.9832,2.39747
301,1.19271,14.7392,1.22517
301,0.687052,14.0092,-1.73675
301,3.67008,14.0629,2.38585
301,2.8198,14.0678,1.19564
301,5.91998,11.6077,-1.80948
301,3.58977,13.9865,1.92645
301,2.82505,14.1212,1.19603
301,1.22073,14.913,1.2162
301,2.84119,14.1508,1.18846
301,2.93227,14.1163,1.13344
301,2.84176,14.1892,1.19501
301,2.81672,13.2537,-1.63618
301,2.88774,14.2451,1.17809
301,3.75364,14.2867,2.42824
301,3.03892,13.4628,-1.04349
301,3.79541,14.4019,2.73433
301,3.13675,13.5981,-0.862694
301,1.41269,15.1401,1.10348
301,2.24437,14.6743,0.80605
301,3.71126,14.4028,1.90828
301,3.69554,12.9908,-2.26382
301,3.74559,14.5533,2.17122
301,1.4547,15.2975,1.14776
301,3.74907,14.4899,1.93399
301,3.75162,14.5247,1.93398
301,3.61055,14.8951,2.73426
301,3.76828,14.6429,2.15606
301,3.78554,14.6701,2.17672
301,1.47959,15.5419,1.48618
301,1.47803,15.5404,1.35089
301,2.91291,14.993,1.57344
301,2.95958,14.8722,1.25538
301,2.80579,14.9605,1.25997
301,3.80063,13.2089,-2.50134
301,1.59831,15.5981,1.33923
301,2.31856,14.9528,0.268604
301,1.66538,15.6398,1.33577
301,1.60626,15.62,1.19457
301,3.13024,14.9577,1.1661
301,1.63394,15.7255,1.33215
301,0.678908,14.923,-2.38404
301,2.8241,15.1564,1.25054
301,1.2655,15.1447,-0.971845
301,2.90983,15.2147,1.46725
301,2.97186,15.268,1.55421
301,2.88186,15.2927,1.4994
301,3.15239,15.0138,1.04991
301,2.91349,15.2876,1.44589
301,0.702657,15.0069,-2.47131
301,3.77366,15.1123,1.98227
301,7.81707,14.8986,1.52842
300,7.81707,14.8986,1.52842
301,2.98287,12.5956,0.292328
300,2.98287,12.5956,0.292328
301,6.25617,14.9748,1.16224
300,6.25617,14.9748,1.16224
301,5.33079,15.1644,-2.24337
300,5.33079,15.1644,-2.24337
301,5.69924,16.7141,-2.24397
300,5.69924,16.7141,-2.24397
301,5.0542,15.1255,-1.34249
300,5.0542,15.1255,-1.34249
301,10.0437,17.2998,2.27951
300,10.0437,17.2998,2.27951
301,3.17678,12.1626,0.401404
300,3.17678,12.1626,0.401404
301,2.76877,16.1772,2.10707
300,2.76877,16.1772,2.10707
301,2.88685,17.1831,1.9533
300,2.88685,17.1831,1.9533
301,2.94945,17.6363,2.07192
300,2.94945,17.6363,2.07192
301,5.60193,16.5051,-2.18645
300,5.60193,16.5051,-2.18645
301,6.2745,17.1689,2.61083
300,6.2745,17.1689,2.61083
301,5.34693,14.3929,-3.59137
300,5.34693,14.3929,-3.59137
301,7.25996,15.8995,2.06571
300,7.25996,15.8995,2.06571
301,5.39045,14.504,-2.60977
300,5.39045,14.504,-2.60977
301,5.86188,16.3668,2.04288
300,5.86188,16.3668,2.04288
301,7.37101,16.1984,2.02881
300,7.37101,16.1984,2.02881
301,1.9726,17.8025,2.05746
300,1.9726,17.8025,2.05746
301,2.88556,17.1714,2.00515
300,2.88556,17.1714,2.00515
301,2.89386,17.0544,2.48737
300,2.89386,17.0544,2.48737
301,5.6759,16.1705,-4.88149
300,5.6759,16.1705,-4.88149
301,5.8335,12.8302,-1.55933
300,5.8335,12.8302,-1.55933
301,1.6538,16.7374,1.99598
300,1.6538,16.7374,1.99598
301,10.8773,18.1994,2.40931
300,10.8773,18.1994,2.40931
301,4.14702,14.7457,2.50904
300,4.14702,14.7457,2.50904
301,5.24613,13.5224,-2.77007
300,5.24613,13.5224,-2.77007
301,1.97172,17.7589,2.05327
300,1.97172,17.7589,2.05327
301,5.46756,15.4395,-2.39513
300,5.46756,15.4395,-2.39513
301,19.0767,18.4378,-2.36334
300,19.0767,18.4378,-2.36334
301,6.40555,17.4083,2.09784
300,6.40555,17.4083,2.09784
301,5.37374,14.6267,-2.50653
300,5.37374,14.6267,-2.50653
301,2.72636,9.91881,1.8093
300,2.72636,9.91881,1.8093
301,1.72712,17.3522,2.10501
300,1.72712,17.3522,2.10501
301,3.68496,16.1764,2.57681
300,3.68496,16.1764,2.57681
301,10.8035,17.3553,-1.77177
300,10.8035,17.3553,-1.77177
301,29.2717,24.3347,-4.8294
300,29.2717,24.3347,-4.8294
301,5.6787,14.9595,-3.04818
300,5.6787,14.9595,-3.04818
301,2.59035,12.5629,-0.673971
300,2.59035,12.5629,-0.673971
301,6.94932,12.4933,-1.02769
300,6.94932,12.4933,-1.02769
301,1.74798,17.0746,1.25631
300,1.74798,17.0746,1.25631
301,4.93695,23.7242,2.70227
300,4.93695,23.7242,2.70227
301,12.1541,18.7278,-2.25586
300,12.1541,18.7278,-2.25586
301,8.79829,13.9516,-2.01786
299,8.79829,13.9516,-2.01786
301,3.20708,12.3378,0.601018
299,3.20708,12.3378,0.601018
301,3.18912,12.1877,0.778762
299,3.18912,12.1877,0.778762
301,4.95686,15.0703,1.13021
299,4.95686,15.0703,1.13021
301,12.3759,19.7214,2.45734
299,12.3759,19.7214,2.45734
301,8.87416,14.016,-2.0664
299,8.87416,14.016,-2.0664
301,6.9895,15.7983,2.05877
299,6.9895,15.7983,2.05877
301,3.20424,12.4354,0.723712
299,3.20424,12.4354,0.723712
301,5.59751,15.5786,-4.82188
299,5.59751,15.5786,-4.82188
301,7.85061,14.9694,1.11588
299,7.85061,14.9694,1.11588
301,1.7944,17.427,2.04498
299,1.7944,17.427,2.04498
301,6.28505,14.8295,1.17795
299,6.28505,14.8295,1.17795
301,6.38196,16.9076,2.07644
299,6.38196,16.9076,2.07644
301,1.71068,17.1457,2.09886
299,1.71068,17.1457,2.09886
301,1.61071,17.6414,2.01542
299,1.61071,17.6414,2.01542
301,1.60663,16.9181,2.16232
299,1.60663,16.9181,2.16232
301,17.4832,17.713,-1.65301
299,17.4832,17.713,-1.65301
301,15.6365,16.6753,-1.9826
299,15.6365,16.6753,-1.9826
301,6.43484,17.0251,2.07313
299,6.43484,17.0251,2.07313
301,7.28362,18.607,2.89862
299,7.28362,18.607,2.89862
301,9.99239,16.4494,-1.41668
298,9.99239,16.4494,-1.41668
301,10.733,17.2595,-1.72105
298,10.733,17.2595,-1.72105
301,6.23255,17.0616,2.08274
298,6.23255,17.0616,2.08274
301,7.70437,16.6013,2.14011
296,7.70437,16.6013,2.14011
301,5.71885,16.7121,-2.35695
296,5.71885,16.7121,-2.35695
301,5.72947,16.7445,-2.36994
296,5.72947,16.7445,-2.36994
301,8.10782,13.4331,-1.60163
296,8.10782,13.4331,-1.60163
301,8.17657,13.5112,-1.59573
294,8.17657,13.5112,-1.59573
301,2.66364,12.4651,-0.250353
294,2.66364,12.4651,-0.250353
301,6.03027,16.6575,2.51117
294,6.03027,16.6575,2.51117
301,1.87036,17.383,2.43277
294,1.87036,17.383,2.43277
301,50.1731,76.7136,-4.73198
294,50.1731,76.7136,-4.73198
301,7.6919,14.8922,1.13589
290,7.6919,14.8922,1.13589
301,6.41158,16.664,2.03642
290,6.41158,16.664,2.03642
301,9.11109,14.6477,1.13384
290,9.11109,14.6477,1.13384
301,4.85109,15.138,1.19178
292,4.85109,15.138,1.19178
301,6.13223,16.91,2.16219
287,6.13223,16.91,2.16219
302,1.72894,8.93205,1.74689
302,1.72975,8.93728,1.73605
302,2.79933,12.1354,1.77366
302,2.79871,12.1379,1.77195
302,0.558721,12.7735,0.913781
302,2.79901,12.1617,1.77927
302,2.76114,12.0258,1.23932
302,2.76078,12.0407,1.20968
302,3.06387,12.0057,1.45607
302,0.754376,12.8264,1.01668
302,0.52666,12.887,0.90755
302,2.7461,12.0669,1.17938
302,2.49931,11.9422,0.547754
302,2.73777,12.1169,1.30019
302,0.950457,12.7773,1.0593
302,2.73366,12.1199,1.29628
302,3.08734,12.028,1.4504
302,0.754107,12.8469,1.00416
302,0.939183,12.8055,1.10281
302,1.39393,12.4147,0.523368
302,0.588325,12.6727,0.296978
302,0.529579,12.9197,0.905513
302,0.585675,12.7282,0.438021
302,2.75555,12.0943,1.17656
302,1.37988,12.4434,0.528131
302,2.74619,12.1121,1.1717
302,2.75659,12.1642,1.31351
302,0.588366,12.6837,0.242995
302,2.75061,12.1686,1.31277
302,3.08228,12.1988,1.77306
302,2.26005,12.1984,0.818106
302,1.85123,12.232,0.407889
302,0.939601,12.8917,1.17084
302,0.693453,12.5921,0.0563257
302,2.79571,12.1512,1.2515
302,0.932176,12.9049,1.16888
302,3.13259,12.2219,1.81892
302,3.13007,12.0936,1.4582
302,0.586674,12.6517,0.0483732
302,0.589635,12.7313,0.228467
302,0.663928,12.7554,0.379458
302,0.587468,12.6752,0.0502995
302,0.988073,12.8877,1.04594
302,1.8835,12.2998,0.450074
302,0.219432,13.2631,1.17595
302,1.85717,12.3104,0.4065
302,3.01148,12.127,1.19654
302,3.08015,12.0956,1.18408
302,3.08404,12.0972,1.1818
302,1.88879,12.3411,0.441654
302,2.55124,12.0886,0.490267
302,1.79115,12.2838,0.130532
302,1.87148,12.3432,0.365748
302,1.8072,12.4417,0.54584
302,3.09833,12.1322,1.18124
302,0.999428,12.9603,1.03952
302,2.20778,12.5409,1.24685
302,1.80267,12.3198,0.114614
302,1.3033,12.9001,1.06563
302,2.78028,11.9724,0.178941
302,1.30981,12.937,1.05098
302,2.79041,12.4237,1.30426
302,2.85574,12.1073,0.462545
302,2.57796,12.3474,0.799567
302,2.83112,12.4411,1.31538
302,1.64629,12.8707,1.12216
302,2.56598,12.473,1.07665
302,2.95088,12.5472,1.70114
302,2.58989,12.4722,1.06574
302,0.499624,12.6028,-1.03955
302,3.08889,12.2162,0.851783
302,1.76892,12.062,-1.10887
302,0.509285,12.6168,-1.08464
302,3.10659,12.2078,0.782195
302,0.504599,12.6379,-1.07943
302,2.60807,11.7684,-1.06368
302,1.93208,12.8849,1.18402
302,0.498855,12.6644,-1.11124
302,1.82704,12.5293,0.0183089
302,2.5972,12.567,0.972463
302,1.63935,13.0715,1.24234
302,1.81322,12.4111,-0.413918
302,1.7975,12.4197,-0.418786
302,3.18469,12.2746,0.777857
302,1.67201,13.0233,1.09279
302,2.15525,12.8986,1.19696
302,1.70628,13.0461,0.99182
302,1.64926,13.0837,1.01305
302,3.25139,12.0517,-0.000120401
302,2.26648,12.6741,0.569921
302,1.67726,13.0897,1.01946
302,0.658626,12.759,-1.0959
302,1.75034,13.0597,0.992757
302,1.82161,12.5069,-0.485894
302,1.67769,13.1391,1.06399
302,3.11812,12.2178,0.145344
302,0.163294,13.8322,1.14707
302,0.664796,12.818,-1.11744
302,1.67466,13.2422,1.2197
302,0.64679,12.8132,-1.19202
302,2.56579,12.4618,0.0484143
302,1.64806,13.1931,0.986172
302,2.5642,12.4904,0.0478935
302,2.94941,12.5208,0.549345
302,0.275849,12.9735,-1.29361
302,2.87702,12.9164,1.51213
302,0.645194,12.8654,-1.22513
302,3.11619,11.7844,-1.37144
302,1.81208,12.347,-1.33752
302,3.18977,12.1723,-0.328467
302,1.73982,13.3239,1.17766
302,0.280648,13.0374,-1.3344
302,1.0822,13.6297,1.23062
302,1.69616,13.3763,1.21593
302,2.91388,12.9807,1.50887
302,2.67257,12.7613,0.592845
302,1.96218,13.264,1.14264
302,2.63634,12.833,0.728127
302,0.133689,14.0292,1.12422
302,3.24219,12.4137,0.224538
302,2.97033,12.7969,0.96448
302,0.407502,13.9259,1.1197
302,2.96426,12.8359,0.978043
302,0.252173,13.1205,-1.37964
302,3.23271,12.4032,0.0756141
302,0.526053,13.9345,1.13577
302,1.75872,13.4326,1.16691
302,2.85564,12.9049,0.958198
302,2.85992,12.9101,0.972964
302,3.24045,12.2715,-0.370142
302,3.02074,12.8662,0.951593
302,2.70896,12.8306,0.476844
302,2.43055,12.6861,-0.258865
302,0.0594825,14.2255,1.25434
302,2.68813,12.3397,-0.975099
302,3.26168,12.3095,-0.403354
302,1.88871,12.366,-1.8375
302,2.89248,12.9631,0.947568
302,1.77124,13.5187,1.1715
302,2.80228,13.1779,1.41421
302,2.99006,12.9769,1.01653
302,2.97055,13.1615,1.49256
302,2.70568,12.3803,-1.00415
302,2.83892,12.3519,-0.934421
302,2.92053,13.3079,1.7951
302,3.33623,12.3353,-0.456122
302,1.12731,13.8671,1.21951
302,2.85647,13.2117,1.37355
302,4.82403,11.5362,-0.987602
302,2.95297,13.1227,1.2256
302,2.93849,13.366,1.79509
302,2.79158,13.1702,1.07247
302,1.10775,12.8129,-1.86597
302,0.0260365,14.3929,1.23909
302,2.35307,13.236,0.70436
302,2.90745,13.2194,1.25685
302,3.00713,13.1038,1.0211
302,3.02258,13.0705,0.944631
302,0.370983,14.2348,1.07743
302,3.05285,13.0383,0.864619
302,2.81009,13.4113,1.57873
302,3.13562,13.0295,0.850328
302,2.96735,13.2405,1.23535
302,2.27916,13.2511,0.454101
302,2.85612,13.3538,1.40252
302,3.01076,13.3325,1.49274
302,2.76421,13.0495,0.400708
302,3.51783,12.5794,-0.0558864
302,2.85826,13.4198,1.50448
302,4.79791,11.6118,-1.27299
302,1.81322,13.7611,1.18824
302,2.71381,13.0875,0.363596
302,3.35108,12.3598,-0.921649
302,2.8442,13.4201,1.37429
302,2.93764,13.4522,1.57071
302,4.76064,11.6579,-1.29887
302,3.56027,12.6358,-0.0650069
302,2.93847,13.3421,1.16354
302,2.93468,13.3662,1.21036
302,2.95577,13.4971,1.56246
302,2.83153,13.5629,1.56998
302,2.97496,13.5497,1.69637
302,3.01274,13.5707,1.79324
302,2.90783,13.5963,1.67697
302,2.40248,13.4456,0.657399
302,1.90875,12.9605,-1.27736
302,2.85754,13.6136,1.56388
302,4.83781,11.7498,-1.31797
302,2.7509,12.9768,-0.434195
302,2.73089,12.9892,-0.437808
302,4.87695,11.787,-1.34692
302,0.133276,14.6865,1.16404
302,4.88403,11.7809,-1.39883
302,3.29663,13.6084,1.79348
302,0.0627167,14.7567,1.22956
302,2.87079,13.7867,1.70397
302,0.142823,14.7533,1.19451
302,3.63377,12.8149,-0.154922
302,3.01189,13.5915,1.2015
302,5.73006,11.4617,-1.67884
302,0.122252,14.8517,1.15324
302,4.9599,11.8792,-1.48555
302,2.90549,13.6813,1.04239
302,5.8505,11.544,-1.73163
302,0.221489,14.947,1.16732
302,3.27856,13.9259,1.84642
302,3.02797,14.0432,1.80065
302,1.23126,14.6058,1.24057
302,1.5514,14.5284,1.09368
302,1.26081,14.7376,1.23633
302,3.21179,14.1314,1.79806
302,5.90012,11.7954,-1.74042
302,5.96871,11.8329,-1.812
302,1.34609,14.8413,1.13783
302,1.83402,14.6638,1.20712
302,1.51116,14.7917,1.09867
302,5.34457,12.3579,-1.21799
302,1.30146,14.9319,1.22556
302,2.82928,14.054,0.534225
302,3.66836,14.2039,1.90663
302,1.31235,14.9764,1.21856
302,5.96861,11.963,-1.79035
302,3.59218,12.6925,-2.53931
302,2.51406,14.0818,0.0566638
302,2.78991,14.3996,1.21141
302,0.19214,15.5649,1.18248
302,3.91831,14.4968,2.52539
302,2.89546,14.5005,1.28248
302,3.76697,14.4224,1.94208
302,2.39475,14.5311,0.581228
302,1.44021,15.154,1.17092
302,0.0150241,15.887,1.46507
302,0.00682545,15.8475,1.33175
302,4.09778,14.5952,2.4798
302,1.48739,15.226,1.20449
302,3.74173,14.642,2.17776
302,3.74833,14.528,1.85186
302,0.148149,15.9324,1.47655
302,-0.0420696,16.0299,1.50029
302,6.10487,12.2445,-1.86706
302,1.55603,15.4117,1.54597
302,3.59819,14.6704,1.8388
302,3.80143,14.7074,2.15805
302,3.60912,14.6923,1.84444
302,3.59753,14.7092,1.8465
302,3.04533,14.7153,1.20327
302,1.90884,15.1799,1.16177
302,6.16494,12.2922,-1.90943
302,1.45964,15.441,1.14982
302,3.05801,14.8198,1.20444
302,1.5268,15.5785,1.40769
302,5.95066,12.7421,-1.54964
302,1.51146,15.6911,1.46697
302,2.99685,15.0034,1.25353
302,-0.0759996,16.3624,1.45529
302,-0.0064019,16.3641,1.52809
302,3.01535,15.1071,1.51277
302,2.86451,12.4051,0.503884
301,2.86451,12.4051,0.503884
302,2.91419,15.1966,1.21355
301,2.91419,15.1966,1.21355
302,10.5963,17.1318,-1.69785
301,10.5963,17.1318,-1.69785
302,3.05883,15.402,1.1825
301,3.05883,15.402,1.1825
302,6.63912,17.116,2.08439
301,6.63912,17.116,2.08439
302,5.38264,14.3728,-2.7743
301,5.38264,14.3728,-2.7743
302,3.00633,15.4274,1.42546
301,3.00633,15.4274,1.42546
302,3.73594,15.6801,1.99145
301,3.73594,15.6801,1.99145
302,5.38643,14.337,-2.66572
301,5.38643,14.337,-2.66572
302,5.32497,13.6199,-2.82057
301,5.32497,13.6199,-2.82057
302,3.33972,12.2382,0.109281
301,3.33972,12.2382,0.109281
302,3.79359,15.8918,2.25012
301,3.79359,15.8918,2.25012
302,9.78337,16.3412,-1.38666
301,9.78337,16.3412,-1.38666
302,5.39838,12.2702,-1.86277
301,5.39838,12.2702,-1.86277
302,2.91635,17.2071,2.14819
301,2.91635,17.2071,2.14819
302,4.39712,20.762,3.0434
301,4.39712,20.762,3.0434
302,3.19945,12.1663,0.982123
301,3.19945,12.1663,0.982123
302,3.37926,12.2724,-0.0997222
301,3.37926,12.2724,-0.0997222
302,4.05189,20.2664,2.21858
301,4.05189,20.2664,2.21858
302,1.8276,12.5232,0.528453
301,1.8276,12.5232,0.528453
302,4.14816,20.9735,2.25059
301,4.14816,20.9735,2.25059
302,2.34049,18.6042,1.28513
301,2.34049,18.6042,1.28513
302,12.9172,19.249,-2.52232
301,12.9172,19.249,-2.52232
302,8.92496,14.4853,1.14016
301,8.92496,14.4853,1.14016
302,3.96994,17.1072,2.72131
301,3.96994,17.1072,2.72131
302,0.766138,12.9962,-1.36417
301,0.766138,12.9962,-1.36417
302,7.83822,13.2196,-1.44123
301,7.83822,13.2196,-1.44123
302,5.71853,14.821,-3.27931
301,5.71853,14.821,-3.27931
302,3.68149,15.4254,1.8069
301,3.68149,15.4254,1.8069
302,0.33489,15.3644,-2.90089
301,0.33489,15.3644,-2.90089
302,7.67472,16.6473,2.22519
301,7.67472,16.6473,2.22519
302,7.3974,16.3098,2.66764
301,7.3974,16.3098,2.66764
302,3.49555,16.9457,2.07287
301,3.49555,16.9457,2.07287
302,3.78297,16.5048,2.21536
301,3.78297,16.5048,2.21536
302,4.39971,14.0074,-1.08466
301,4.39971,14.0074,-1.08466
302,6.62815,17.5774,2.08435
300,6.62815,17.5774,2.08435
302,8.23415,13.5316,-1.62165
300,8.23415,13.5316,-1.62165
302,8.09152,13.3608,-1.58287
300,8.09152,13.3608,-1.58287
302,2.59969,12.5223,-0.458364
299,2.59969,12.5223,-0.458364
302,2.99145,12.4597,0.592739
299,2.99145,12.4597,0.592739
302,7.81906,14.7899,1.18417
299,7.81906,14.7899,1.18417
302,6.02645,16.6914,2.04755
299,6.02645,16.6914,2.04755
302,5.53825,14.718,-2.81105
299,5.53825,14.718,-2.81105
302,9.21509,14.7438,1.13061
299,9.21509,14.7438,1.13061
302,5.75553,16.0462,-2.43701
298,5.75553,16.0462,-2.43701
302,2.52501,12.4525,0.828524
298,2.52501,12.4525,0.828524
302,13.518,23.895,0.398712
290,13.518,23.895,0.398712
302,2.79416,17.2975,2.42636
290,2.79416,17.2975,2.42636
302,2.95771,14.7304,2.45161
294,2.95771,14.7304,2.45161
302,5.21986,14.1085,1.19237
296,5.21986,14.1085,1.19237
302,6.59817,14.6801,1.41779
296,6.59817,14.6801,1.41779
302,2.97993,15.8392,2.03131
296,2.97993,15.8392,2.03131
302,5.66156,15.2442,1.08585
296,5.66156,15.2442,1.08585
302,6.78933,15.2516,1.07342
296,6.78933,15.2516,1.07342
302,5.59622,15.9749,-2.372
289,5.59622,15.9749,-2.372
302,5.59826,15.9814,-2.36611
289,5.59826,15.9814,-2.36611
302,3.01158,15.1148,2.46952
292,3.01158,15.1148,2.46952
302,2.97287,15.7961,2.50825
292,2.97287,15.7961,2.50825
303,1.09381,11.7126,0.996558
303,1.82152,12.1285,1.02589
303,2.19916,11.9692,0.737692
303,-0.289188,13.0648,1.20374
303,1.82617,12.1491,0.831239
303,-0.277888,13.0679,1.2002
303,-0.152391,12.9981,1.10809
303,2.81833,12.1402,1.78087
303,2.32697,11.6199,-0.243657
303,2.82414,12.1624,1.77408
303,-0.205684,13.0829,1.10924
303,-0.157681,13.0607,1.08777
303,1.75642,12.198,0.583372
303,2.8056,12.2407,1.79344
303,2.78318,12.0488,1.21893
303,0.633191,12.8656,1.23187
303,2.86304,12.2262,1.7609
303,3.08905,12.0628,1.45578
303,-0.0048002,13.1161,1.14838
303,0.625753,12.5037,0.0771887
303,2.74954,12.1494,1.29465
303,2.75458,12.1454,1.28509
303,2.77845,12.1065,1.17757
303,1.78341,12.2844,0.593528
303,0.611585,12.9553,1.25244
303,3.11499,12.0995,1.44662
303,2.86312,12.3423,1.79456
303,1.77122,12.3274,0.591727
303,0.946176,12.8221,1.11386
303,1.70279,11.9563,-0.570151
303,3.13264,12.0809,1.27624
303,0.756917,12.8692,1.01389
303,1.37579,12.4902,0.512931
303,2.88005,12.3914,1.79696
303,1.13737,12.7887,1.07399
303,2.87922,12.4002,1.79543
303,1.79835,12.375,0.566314
303,0.948076,12.886,1.10769
303,0.593546,12.6475,0.0601504
303,0.950647,12.9105,1.17695
303,0.599488,12.805,0.499833
303,3.10855,12.1217,1.18016
303,1.78461,12.3979,0.569175
303,2.83831,12.219,1.15768
303,1.14727,12.8253,1.07326
303,0.0319361,13.2197,0.989043
303,0.59428,12.6795,0.0464246
303,0.951903,12.956,1.16886
303,3.18156,12.137,1.18922
303,0.536468,13.023,0.889315
303,0.952387,12.978,1.1602
303,0.0805228,13.2563,1.0071
303,0.819423,12.9849,1.00697
303,0.0879427,13.2737,1.00432
303,0.656131,12.4196,-0.824321
303,0.575357,12.7518,0.00973165
303,-0.0230908,13.3855,1.12506
303,1.70731,11.9867,-1.02606
303,-0.528166,13.2516,0.187486
303,1.79342,12.3821,0.0788193
303,1.27776,12.9294,1.07093
303,-0.580214,13.2139,-0.154511
303,3.02348,12.546,1.71199
303,-0.00586909,13.4599,1.11526
303,1.90643,12.7869,1.21518
303,2.11791,12.7173,1.22201
303,1.73298,12.1739,-0.729855
303,1.27755,12.2961,-0.867825
303,1.31026,12.9695,1.0549
303,1.7567,12.1779,-0.74588
303,1.68111,12.8702,1.11873
303,-0.550679,13.3705,0.150497
303,2.12016,12.7604,1.2252
303,1.28404,12.3511,-0.91311
303,1.91418,12.8898,1.20065
303,2.59461,12.4608,0.568742
303,2.12535,12.8821,1.20698
303,1.41326,12.7368,-0.0130718
303,0.189631,13.6106,1.11857
303,1.76349,12.207,-1.23021
303,0.498402,12.8435,-0.759214
303,2.84852,12.7838,1.52455
303,0.486232,13.5362,1.16633
303,1.7628,13.0109,0.979012
303,2.90546,12.8309,1.51274
303,0.323432,12.8731,-1.22733
303,2.65306,12.6476,0.521164
303,1.88987,13.0512,0.821386
303,0.483128,13.708,1.14819
303,1.84912,12.5387,-1.00086
303,2.86799,13.157,1.80704
303,2.65975,12.6083,0.0207127
303,1.82952,13.2547,0.949316
303,0.888659,13.5716,0.807144
303,2.83582,12.934,1.02517
303,2.88477,13.1947,1.80268
303,0.580439,12.857,-1.61841
303,2.92187,12.9009,0.957796
303,2.77618,13.0176,1.12959
303,2.98515,13.0966,1.50456
303,3.06273,12.8857,0.968948
303,2.95531,12.9186,0.943546
303,0.57287,12.8949,-1.63943
303,2.95209,12.933,0.944971
303,2.91818,13.0581,1.22451
303,2.86171,13.1663,1.46754
303,2.78441,13.0732,1.11928
303,2.88262,13.2769,1.75333
303,1.0758,12.6752,-1.85589
303,-0.37047,13.9218,0.141252
303,2.98168,13.1664,1.51873
303,1.10531,12.7228,-1.72448
303,2.85148,13.2949,1.71249
303,2.88169,13.129,1.24587
303,1.09564,12.6837,-1.88487
303,2.30874,13.0893,0.476494
303,1.80823,12.4481,-1.9175
303,1.82012,12.4502,-1.922
303,3.05755,13.0091,0.94753
303,2.89298,13.1599,1.19555
303,2.86071,13.3716,1.71978
303,2.94543,13.3383,1.7053
303,1.10226,12.7675,-1.84854
303,2.88562,13.3849,1.71507
303,-0.0955042,14.3329,1.20347
303,2.44508,13.1262,0.43522
303,1.10074,12.8116,-1.88517
303,3.32464,13.2985,1.76073
303,0.644203,13.1806,-1.46472
303,1.76474,13.5994,0.849097
303,2.84462,13.2648,0.791807
303,2.83139,13.3872,1.11393
303,3.78978,13.1262,1.36694
303,2.88909,13.5183,1.51566
303,2.90279,13.5528,1.5167
303,2.97147,13.5801,1.59673
303,2.85199,13.6435,1.62652
303,0.101757,14.5069,1.09175
303,1.6779,12.8439,-1.96265
303,2.7716,12.8497,-0.869749
303,2.84029,13.691,1.5655
303,0.786754,13.488,-1.16616
303,2.64776,13.0824,-0.368089
303,2.94755,13.7517,1.78649
303,2.94786,13.6588,1.51602
303,1.81855,13.9805,1.21306
303,2.87841,13.7376,1.62205
303,2.87778,13.7137,1.53111
303,1.15884,14.2454,1.21228
303,2.75057,12.841,-1.09317
303,1.14364,14.27,1.21175
303,0.631696,13.4541,-1.6414
303,2.94271,13.7789,1.65805
303,2.76431,12.867,-1.10804
303,2.75114,12.8722,-1.11229
303,3.14066,13.7769,1.79853
303,2.98122,13.796,1.60082
303,5.75815,11.6569,-1.63121
303,5.06161,12.1567,-1.02546
303,3.78864,12.882,-0.319094
303,0.777065,13.6716,-1.27449
303,5.78828,11.6898,-1.65773
303,1.70119,13.0352,-2.14672
303,3.03001,13.9697,1.80734
303,1.72696,13.0573,-2.17026
303,3.04433,13.9777,1.80331
303,3.85875,12.9864,-0.372612
303,1.74349,13.17,-2.21894
303,2.88286,14.1166,1.20134
303,5.83642,12.0349,-1.65746
303,1.31201,15.2214,2.60499
303,-0.027235,15.224,1.18263
303,0.140142,15.1795,1.17279
303,1.2757,14.8486,1.23573
303,-0.141394,14.1741,-2.18366
303,3.40669,14.2959,1.86025
303,3.98242,13.2426,-0.543209
303,0.625049,13.9775,-2.12034
303,1.32969,14.9338,1.16547
303,3.23214,14.5016,1.81068
303,1.29901,15.0165,1.23187
303,2.85022,14.4987,1.34429
303,4.08418,13.3641,-0.584307
303,0.243643,15.4389,1.21104
303,1.45809,14.9696,1.10443
303,1.34838,15.0496,1.16352
303,3.03558,13.8944,-0.354007
303,3.53637,14.4984,1.82436
303,1.32162,15.1087,1.22085
303,-0.735313,16.1426,1.88915
303,1.46315,15.1498,1.383
303,0.617096,14.1819,-2.2822
303,1.44249,15.087,1.11742
303,0.164837,15.7103,1.4993
303,1.46093,15.1336,1.22225
303,3.96207,14.6707,2.45266
303,4.04573,14.6471,2.46497
303,0.626411,14.2278,-2.32494
303,4.01569,14.677,2.48403
303,1.45776,15.1864,1.21973
303,1.43121,15.2594,1.16159
303,3.07848,14.1065,-0.434115
303,1.5415,15.3275,1.15266
303,1.52389,15.3536,1.15595
303,7.56938,18.8008,2.19992
302,7.56938,18.8008,2.19992
303,6.23762,14.8826,1.15488
302,6.23762,14.8826,1.15488
303,3.04701,15.2874,1.47966
302,3.04701,15.2874,1.47966
303,2.6695,12.536,-0.0881021
302,2.6695,12.536,-0.0881021
303,5.35917,14.2833,-2.64534
302,5.35917,14.2833,-2.64534
303,5.31799,13.138,-2.84044
302,5.31799,13.138,-2.84044
303,5.00319,11.9034,-1.52249
302,5.00319,11.9034,-1.52249
303,5.30538,12.1887,-1.76841
302,5.30538,12.1887,-1.76841
303,3.55951,15.6416,2.09561
302,3.55951,15.6416,2.09561
303,3.80358,16.4449,2.03514
302,3.80358,16.4449,2.03514
303,5.49396,14.0643,-3.74787
302,5.49396,14.0643,-3.74787
303,1.72049,17.9407,1.98926
302,1.72049,17.9407,1.98926
303,1.55163,16.7582,2.04364
302,1.55163,16.7582,2.04364
303,1.63631,17.0097,2.10359
302,1.63631,17.0097,2.10359
303,4.70891,21.8532,2.29989
302,4.70891,21.8532,2.29989
303,5.54089,14.6608,-3.8258
302,5.54089,14.6608,-3.8258
303,3.29921,12.4117,0.451568
302,3.29921,12.4117,0.451568
303,1.60438,15.4635,1.47501
302,1.60438,15.4635,1.47501
303,3.01355,15.1859,1.22739
302,3.01355,15.1859,1.22739
303,1.83952,17.8021,2.01838
302,1.83952,17.8021,2.01838
303,4.61354,20.6212,2.24639
302,4.61354,20.6212,2.24639
303,4.72968,21.0411,2.39662
302,4.72968,21.0411,2.39662
303,5.31745,13.1365,-2.8429
302,5.31745,13.1365,-2.8429
303,1.87958,17.3636,2.42701
302,1.87958,17.3636,2.42701
303,1.75444,13.0687,0.996146
302,1.75444,13.0687,0.996146
303,4.82596,21.898,2.89433
302,4.82596,21.898,2.89433
303,3.86346,16.0783,2.59285
302,3.86346,16.0783,2.59285
303,3.7382,16.2294,2.63374
302,3.7382,16.2294,2.63374
303,4.73816,21.0585,2.27373
302,4.73816,21.0585,2.27373
303,3.82332,16.5334,2.03271
302,3.82332,16.5334,2.03271
303,5.70845,13.5905,-3.27727
302,5.70845,13.5905,-3.27727
303,6.26784,13.0014,-1.74817
302,6.26784,13.0014,-1.74817
303,5.27255,13.6505,-1.66884
302,5.27255,13.6505,-1.66884
303,4.83637,13.7535,-1.22805
302,4.83637,13.7535,-1.22805
303,4.41572,19.9126,2.241
302,4.41572,19.9126,2.241
303,1.63215,17.2276,2.13988
302,1.63215,17.2276,2.13988
303,1.86162,17.1757,2.40736
302,1.86162,17.1757,2.40736
303,6.20749,14.8657,1.14652
302,6.20749,14.8657,1.14652
303,7.5049,12.989,-1.26317
302,7.5049,12.989,-1.26317
303,4.51524,22.2718,3.1313
302,4.51524,22.2718,3.1313
303,1.74508,12.9817,1.01449
302,1.74508,12.9817,1.01449
303,8.15299,13.9064,1.21039
302,8.15299,13.9064,1.21039
303,6.04125,12.6734,-1.61837
302,6.04125,12.6734,-1.61837
303,7.49563,16.4199,2.12227
302,7.49563,16.4199,2.12227
303,3.69095,18.7874,2.81141
302,3.69095,18.7874,2.81141
303,1.91793,16.9081,2.47794
302,1.91793,16.9081,2.47794
303,4.56355,22.4688,3.15729
302,4.56355,22.4688,3.15729
303,0.675512,12.5949,-1.03857
302,0.675512,12.5949,-1.03857
303,3.17748,18.2225,2.0234
302,3.17748,18.2225,2.0234
303,4.23394,21.1034,3.00425
302,4.23394,21.1034,3.00425
303,0.668498,12.6559,-1.0622
302,0.668498,12.6559,-1.0622
303,3.20395,17.0539,2.22956
302,3.20395,17.0539,2.22956
303,2.91394,16.8988,1.99252
302,2.91394,16.8988,1.99252
303,6.40475,15.1625,1.14532
301,6.40475,15.1625,1.14532
303,9.58916,16.8139,2.323
301,9.58916,16.8139,2.323
303,10.4596,17.0078,-1.62766
301,10.4596,17.0078,-1.62766
303,0.19918,16.0763,-3.40426
301,0.19918,16.0763,-3.40426
303,0.693383,15.1118,-2.54297
301,0.693383,15.1118,-2.54297
303,5.41952,14.4996,-3.68409
300,5.41952,14.4996,-3.68409
303,6.24931,14.9799,1.45838
300,6.24931,14.9799,1.45838
303,6.95613,17.9431,2.80962
300,6.95613,17.9431,2.80962
303,10.0038,16.5481,-1.41719
300,10.0038,16.5481,-1.41719
303,6.3444,14.9095,1.16809
299,6.3444,14.9095,1.16809
303,6.41525,17.0559,2.12906
298,6.41525,17.0559,2.12906
303,2.10262,13.6954,1.12817
298,2.10262,13.6954,1.12817
303,7.64342,14.699,1.13009
298,7.64342,14.699,1.13009
303,6.31945,16.9098,2.69619
294,6.31945,16.9098,2.69619
303,6.28898,14.8558,1.16195
294,6.28898,14.8558,1.16195
303,7.7311,14.8298,1.40422
294,7.7311,14.8298,1.40422
304,1.09625,11.4518,1.24149
304,1.39966,11.3286,-0.136777
304,0.586629,11.7871,0.408499
304,1.80978,11.7613,1.37387
304,2.06244,11.3023,-0.00535238
304,-0.533937,12.4299,1.0554
304,1.6231,11.8444,0.890861
304,1.48135,11.5299,-0.276618
304,1.50554,11.5946,-0.314412
304,1.53035,11.7026,0.0139798
304,1.55592,11.7368,-0.0204915
304,1.84159,12.0952,1.33431
304,-0.610232,12.7498,0.986791
304,-0.626177,12.7668,0.97835
304,-1.09777,12.9462,1.03888
304,-0.587893,12.901,1.26642
304,-0.292975,12.7749,1.09158
304,-0.584792,12.9322,1.26611
304,1.62826,11.9,-0.122942
304,2.75691,12.0067,1.27778
304,1.12364,12.4506,1.12345
304,2.68666,12.0404,1.21937
304,-0.60007,13.0345,1.23633
304,-0.546437,12.6817,0.134634
304,-0.286702,12.9516,1.21778
304,1.14987,12.4954,1.11532
304,-0.17781,12.8809,1.07074
304,3.87668,11.2611,-0.318279
304,2.76108,12.0679,1.18627
304,2.86652,12.0578,1.21373
304,0.031352,12.3445,-0.614209
304,-0.975359,12.865,0.0815703
304,1.57557,12.4716,1.25867
304,2.78123,12.101,1.17586
304,0.748079,12.7062,1.04858
304,0.82896,12.6922,1.06377
304,-0.23101,13.0653,1.15783
304,0.743425,12.7482,1.04705
304,-0.232501,13.0737,1.14709
304,-0.233604,13.0751,1.1377
304,0.757976,12.7607,1.03584
304,0.0261978,12.4621,-0.688416
304,0.594389,12.9003,1.23255
304,0.930808,12.7746,1.13171
304,-0.200902,13.0841,1.03708
304,1.89085,12.4753,1.04969
304,-1.15157,13.461,1.25131
304,-0.825876,13.0622,0.25406
304,0.939845,12.8003,1.05544
304,0.600686,12.9642,1.22494
304,0.0051966,12.5424,-0.752044
304,2.40103,12.4014,1.10145
304,0.00353792,13.1247,1.14108
304,-0.965619,13.4239,1.18057
304,0.643409,12.3993,-0.616229
304,-1.14386,13.4982,1.23621
304,2.93404,12.4671,1.80479
304,0.973678,12.8607,1.18194
304,-0.85775,13.1277,0.249025
304,-0.131585,12.9698,0.419309
304,0.00792849,12.5816,-0.758864
304,-0.637593,13.002,-0.0150459
304,1.38019,12.5651,0.495512
304,1.13237,12.8438,1.03
304,0.66046,12.5037,-0.569396
304,-1.01073,12.8707,-0.998304
304,-1.13403,13.5995,1.24975
304,1.93164,12.6245,1.02288
304,1.31883,12.7828,0.943085
304,1.85244,12.7246,1.22481
304,3.39215,12.4987,1.80099
304,0.973039,12.9809,1.03253
304,1.8905,12.7842,1.21799
304,1.05424,12.9844,1.05344
304,0.536072,13.2109,1.19399
304,0.520784,13.2538,1.20147
304,-0.993292,13.7436,1.28939
304,0.514096,13.2814,1.18222
304,1.75658,12.8683,1.03051
304,1.69772,12.8881,1.03474
304,-0.712032,12.9819,-1.05755
304,3.4141,12.4704,1.25461
304,0.028646,13.3901,0.956008
304,1.6707,12.9104,0.974715
304,0.508559,13.3218,1.1872
304,2.84982,12.7669,1.52637
304,0.609448,12.8085,-0.552604
304,-1.02573,13.8904,1.2675
304,2.22648,12.8461,0.890294
304,0.968696,13.3185,1.15791
304,-1.0529,13.9485,1.2599
304,0.149705,13.5732,1.13257
304,3.52904,12.6001,1.2088
304,0.567653,13.3539,0.799237
304,2.73418,12.824,1.14503
304,0.605386,13.0827,-0.136809
304,0.149984,13.6158,1.13138
304,-0.0251901,13.6871,1.0903
304,0.609252,13.2728,0.32396
304,0.331357,12.9906,-0.903802
304,2.82877,12.8871,1.04144
304,2.85277,12.9482,1.24479
304,2.80712,12.9927,1.27921
304,0.342361,13.0502,-0.938117
304,0.606692,13.3705,0.320524
304,2.79479,13.0159,1.21504
304,0.613116,13.082,-0.706698
304,3.56685,12.7472,1.05077
304,3.70838,12.9519,1.78607
304,2.68283,13.0714,1.15948
304,0.587306,13.463,0.287712
304,3.63678,12.8072,1.03959
304,2.75947,13.1627,1.22776
304,3.65904,12.8352,1.02713
304,-0.0246821,13.2597,-1.46416
304,-0.0265784,13.2822,-1.47031
304,0.600859,13.6209,0.209458
304,2.98097,13.382,1.7101
304,1.11347,12.8535,-1.85655
304,2.7925,13.2982,1.21002
304,-0.0447681,13.3777,-1.53224
304,1.27713,14.3842,2.83699
304,1.28083,14.3323,2.6261
304,0.315709,13.3935,-1.40992
304,-0.0760103,14.3454,1.24543
304,-1.19981,14.7345,1.34709
304,2.89395,13.6917,1.77224
304,0.302121,13.512,-1.48173
304,2.83745,13.7093,1.58882
304,3.39663,13.9401,2.81983
304,2.98948,13.6803,1.55275
304,0.615944,13.9529,0.121232
304,2.88757,13.7459,1.62364
304,2.91116,13.7276,1.53964
304,0.587158,13.6366,-1.05874
304,2.97646,13.8207,1.80671
304,0.623311,13.6559,-1.03017
304,1.32,14.6603,2.89699
304,3.23206,13.8594,1.79792
304,3.87371,13.275,0.485459
304,2.88634,13.9517,1.73114
304,0.624339,13.9571,-0.557531
304,-1.21145,15.1714,1.58328
304,1.23667,14.8133,2.75633
304,1.25393,14.849,2.7606
304,0.332515,13.743,-1.74652
304,3.63879,14.0438,2.39808
304,1.25919,14.3894,1.22182
304,2.87898,14.0828,1.47731
304,0.610516,14.2913,-0.0495473
304,0.0264826,14.8554,1.15638
304,1.19258,15.0315,2.70644
304,1.18163,15.0416,2.72383
304,3.76572,14.3387,2.88075
304,3.52489,14.5314,3.14427
304,4.1325,13.247,-0.664053
304,1.92419,14.471,1.16485
304,0.319301,14.0028,-1.97035
304,0.0417592,15.0434,1.14823
304,0.057118,15.1017,1.14589
304,1.23504,15.3238,2.99741
304,-1.14608,15.5304,1.19816
304,0.0518041,15.2443,1.40741
304,-0.0572748,15.2101,1.18634
304,3.0264,14.3261,1.16629
304,0.0642742,15.3244,1.5165
304,0.0480585,15.3273,1.48272
304,3.89566,14.599,2.77895
304,4.27657,13.4226,-0.742705
304,1.40395,14.8641,1.15474
304,0.195291,15.2643,1.23491
304,1.41201,14.8799,1.1532
304,-0.696365,15.7346,1.90056
304,4.29864,13.451,-0.757854
304,2.82893,14.2439,0.364879
304,0.0834432,15.3356,1.1583
304,0.115321,15.4571,1.58122
304,-1.24123,15.7507,1.20467
304,0.0433674,15.493,1.50263
304,0.0380848,15.5194,1.50082
304,2.86832,14.2089,-0.0535455
304,-0.757637,14.7701,-2.18912
304,6.87959,17.4879,2.1284
303,6.87959,17.4879,2.1284
304,7.89913,19.4008,2.94677
303,7.89913,19.4008,2.94677
304,5.67085,14.2857,-1.94628
303,5.67085,14.2857,-1.94628
304,1.75593,16.9516,1.83796
303,1.75593,16.9516,1.83796
304,2.94321,12.9766,1.51373
303,2.94321,12.9766,1.51373
304,3.11031,12.0404,1.65826
303,3.11031,12.0404,1.65826
304,6.18176,16.4445,2.09221
303,6.18176,16.4445,2.09221
304,3.06044,15.6783,1.18924
303,3.06044,15.6783,1.18924
304,6.77689,15.3153,-2.76917
303,6.77689,15.3153,-2.76917
304,1.65014,15.7085,1.35945
303,1.65014,15.7085,1.35945
304,2.90445,12.6614,1.28487
303,2.90445,12.6614,1.28487
304,2.93016,14.9307,1.78101
303,2.93016,14.9307,1.78101
304,3.19486,12.2864,1.03662
303,3.19486,12.2864,1.03662
304,2.95099,15.0117,1.41647
303,2.95099,15.0117,1.41647
304,3.77297,16.3317,1.95141
303,3.77297,16.3317,1.95141
304,1.91784,17.1027,2.66018
303,1.91784,17.1027,2.66018
304,5.52296,13.847,-3.0161
303,5.52296,13.847,-3.0161
304,2.01816,15.6271,2.61534
303,2.01816,15.6271,2.61534
304,3.09094,15.7899,1.46568
303,3.09094,15.7899,1.46568
304,2.80908,15.0073,1.27328
303,2.80908,15.0073,1.27328
304,3.11067,12.1146,1.18174
303,3.11067,12.1146,1.18174
304,1.99909,15.5106,2.60377
303,1.99909,15.5106,2.60377
304,2.71435,12.4619,1.04938
303,2.71435,12.4619,1.04938
304,5.52008,13.8418,-3.01898
303,5.52008,13.8418,-3.01898
304,-0.26467,17.6896,2.43276
303,-0.26467,17.6896,2.43276
304,-0.263461,17.6473,2.41806
303,-0.263461,17.6473,2.41806
304,3.3396,12.9124,1.06872
303,3.3396,12.9124,1.06872
304,6.24778,14.7858,1.19729
303,6.24778,14.7858,1.19729
304,6.79463,30.898,3.89877
303,6.79463,30.898,3.89877
304,5.38905,13.6896,-2.88752
303,5.38905,13.6896,-2.88752
304,3.98249,16.8829,2.68202
303,3.98249,16.8829,2.68202
304,2.92945,13.7847,1.54255
303,2.92945,13.7847,1.54255
304,1.69151,16.5233,1.98094
303,1.69151,16.5233,1.98094
304,2.55903,19.1461,2.97535
303,2.55903,19.1461,2.97535
304,2.92681,15.3993,1.23552
303,2.92681,15.3993,1.23552
304,-1.36982,17.4183,2.13578
303,-1.36982,17.4183,2.13578
304,5.98035,12.7721,-1.56307
303,5.98035,12.7721,-1.56307
304,0.61832,18.6964,-4.83347
303,0.61832,18.6964,-4.83347
304,0.643851,9.51326,1.15048
303,0.643851,9.51326,1.15048
304,-0.0952762,12.6456,0.536364
303,-0.0952762,12.6456,0.536364
304,6.07612,28.2475,3.62752
303,6.07612,28.2475,3.62752
304,8.85077,15.5674,-1.03688
303,8.85077,15.5674,-1.03688
304,2.31901,11.7738,1.22379
303,2.31901,11.7738,1.22379
304,3.43701,15.5606,2.13023
303,3.43701,15.5606,2.13023
304,1.64313,17.4482,2.6128
303,1.64313,17.4482,2.6128
304,10.1332,16.7085,-1.49228
303,10.1332,16.7085,-1.49228
304,3.2893,15.2681,1.97335
303,3.2893,15.2681,1.97335
304,3.54163,15.822,2.57977
303,3.54163,15.822,2.57977
304,-0.906885,15.461,-2.70341
303,-0.906885,15.461,-2.70341
304,-0.0147325,17.7359,2.09776
303,-0.0147325,17.7359,2.09776
304,3.85868,19.8302,2.90048
303,3.85868,19.8302,2.90048
304,2.95014,17.4033,2.28829
303,2.95014,17.4033,2.28829
304,1.53931,16.7735,2.23044
303,1.53931,16.7735,2.23044
304,7.00062,17.8553,2.805
302,7.00062,17.8553,2.805
304,3.24937,12.2329,0.981433
302,3.24937,12.2329,0.981433
304,4.80016,21.4276,2.50224
302,4.80016,21.4276,2.50224
304,1.64987,17.3026,2.11631
302,1.64987,17.3026,2.11631
304,3.16344,12.271,0.124233
302,3.16344,12.271,0.124233
304,1.57775,16.7606,1.95577
302,1.57775,16.7606,1.95577
304,1.91361,17.0468,2.1302
302,1.91361,17.0468,2.1302
304,4.93439,22.1536,2.32044
302,4.93439,22.1536,2.32044
304,1.71686,12.9123,1.02977
302,1.71686,12.9123,1.02977
304,1.62597,17.5244,2.21582
302,1.62597,17.5244,2.21582
304,1.98738,12.6238,1.02107
301,1.98738,12.6238,1.02107
304,2.94103,11.9541,1.2223
301,2.94103,11.9541,1.2223
304,2.12026,12.9439,1.05874
301,2.12026,12.9439,1.05874
304,2.02208,12.2597,1.08599
301,2.02208,12.2597,1.08599
304,2.0659,12.6984,1.00052
301,2.0659,12.6984,1.00052
304,7.54512,14.6238,1.41777
301,7.54512,14.6238,1.41777
304,8.02655,14.9291,1.18931
301,8.02655,14.9291,1.18931
304,7.61083,14.699,1.44235
301,7.61083,14.699,1.44235
304,2.13278,12.3337,1.011
299,2.13278,12.3337,1.011
304,6.21551,16.9964,2.10099
298,6.21551,16.9964,2.10099
304,7.6358,14.8215,1.15764
290,7.6358,14.8215,1.15764
304,20.5013,24.9614,3.10362
290,20.5013,24.9614,3.10362
304,9.49896,17.7557,-0.769739
294,9.49896,17.7557,-0.769739
304,7.70124,14.7876,1.41379
294,7.70124,14.7876,1.41379
304,25.0735,28.724,3.34207
294,25.0735,28.724,3.34207
304,2.91777,17.8004,2.74983
294,2.91777,17.8004,2.74983
304,3.11189,17.386,2.1349
292,3.11189,17.386,2.1349
304,2.96288,15.9097,2.55884
292,2.96288,15.9097,2.55884
305,1.01092,10.7321,0.336393
305,1.79734,11.1137,0.913012
305,1.9409,11.2512,0.385569
305,1.12203,11.7769,0.440488
305,1.16422,11.903,0.760834
305,-0.574707,12.47,1.05579
305,-0.525329,12.3381,0.574065
305,-0.530751,12.3646,0.559819
305,1.62848,12.082,1.0269
305,-0.589984,12.6607,1.03798
305,-0.917424,12.5075,0.239377
305,-1.04199,12.7955,1.07036
305,-1.06102,12.827,1.05951
305,-1.55212,12.966,1.06953
305,-1.12782,12.8592,0.968215
305,0.911677,12.0145,-0.438821
305,2.23607,11.7636,-0.245495
305,2.75526,12.07,1.18703
305,-1.28798,12.8269,0.441376
305,2.76342,12.0811,1.19334
305,2.94756,12.0214,1.10492
305,-0.225223,12.7732,1.00125
305,2.82697,12.1129,1.22178
305,-0.935361,12.9896,1.08749
305,-0.54806,12.6411,0.161856
305,-1.13493,13.0678,1.0881
305,2.96774,12.0525,0.894889
305,1.04202,12.598,1.14576
305,0.942613,12.1345,-0.519083
305,-0.558615,12.6914,0.124769
305,-0.189679,12.8885,1.04336
305,2.29601,11.809,-0.608394
305,-0.576342,12.7204,0.114417
305,-0.144275,12.3614,-0.74865
305,-0.629784,13.0718,1.23861
305,-1.77764,12.7893,-0.684848
305,1.02494,12.6578,1.10729
305,1.73112,12.5491,1.28993
305,2.34289,11.8256,-0.650107
305,-1.20014,13.2252,1.18993
305,-0.292943,13.0161,1.20858
305,-0.339941,13.0245,0.942452
305,-1.27255,13.3318,1.20693
305,3.0874,12.195,0.846951
305,1.59002,12.6683,1.22872
305,0.936681,12.7991,1.0849
305,-1.23104,13.3645,1.21457
305,0.947389,12.8138,1.08764
305,0.939848,12.8354,1.06806
305,0.254384,13.042,1.20489
305,1.66662,12.7016,1.18295
305,0.967075,12.8637,1.10659
305,-1.35804,13.4487,1.18267
305,1.3698,12.5029,0.0999411
305,0.975397,12.9285,1.17767
305,-0.247707,13.2087,1.12056
305,-0.227281,13.2019,1.11238
305,-0.00598801,13.1621,1.14034
305,0.4894,13.0726,1.23444
305,-1.04126,12.919,-0.520025
305,-1.87226,13.0549,-0.852744
305,-0.232153,13.2489,1.10037
305,-0.736055,13.1695,0.404056
305,0.00357288,13.2288,1.13731
305,0.865074,13.0717,1.27769
305,-0.247785,13.2919,1.10553
305,-0.175945,12.6874,-0.966372
305,0.0946889,13.2168,1.01953
305,-0.70458,12.9574,-0.5267
305,0.068783,13.2486,0.987737
305,0.0477812,13.2547,0.984764
305,2.11033,12.8457,1.23672
305,0.16013,13.3171,1.18581
305,0.154681,13.3257,1.1775
305,0.0429257,13.304,0.980129
305,0.0726295,13.3147,1.00178
305,-0.153582,12.7682,-1.02873
305,0.0692261,13.317,0.984414
305,-0.00125446,13.3759,1.11541
305,2.66407,12.8011,1.32941
305,-1.12127,13.735,1.25207
305,-0.662888,13.233,-0.0998461
305,-1.32167,13.067,-1.19024
305,-1.04917,13.4478,0.301036
305,2.94107,13.2112,2.54903
305,0.909586,13.3263,1.23319
305,3.43499,12.5333,0.38497
305,-0.150908,12.9524,-1.21634
305,2.69143,12.6289,-0.0179522
305,-0.729635,13.1533,-1.18119
305,3.42532,12.5421,0.0931554
305,-0.17546,13.0184,-1.24056
305,-0.16454,13.0502,-1.25215
305,2.79411,13.2447,1.73258
305,3.67428,12.8446,1.03516
305,0.618975,12.8124,-1.58353
305,-0.162912,13.0992,-1.30285
305,-0.197246,13.1062,-1.45152
305,3.50175,12.566,-0.342308
305,0.607611,13.594,0.776178
305,-1.05867,14.1426,1.26854
305,0.670949,13.2828,-0.261091
305,0.644538,13.0534,-1.25244
305,-0.726464,13.2545,-1.79835
305,3.8225,12.9977,0.818833
305,3.14778,13.6467,2.41539
305,1.05278,13.8497,1.27163
305,3.396,12.4384,-1.5828
305,3.17241,13.6877,2.40948
305,-0.886337,14.7497,2.60514
305,-0.909404,14.7791,2.60521
305,-0.0364614,14.155,1.21142
305,-0.926208,14.7866,2.59974
305,2.86345,13.4962,1.1934
305,1.19885,13.995,1.20731
305,-0.26284,13.5155,-1.59781
305,3.01946,13.6977,1.59994
305,2.98197,13.6682,1.40635
305,-0.13848,14.5041,1.22967
305,1.3169,13.342,-1.59783
305,0.26591,14.4658,1.2252
305,3.64092,12.8785,-1.50948
305,3.38052,14.3503,3.11974
305,-2.62118,15.2559,1.31797
305,3.36817,13.9771,1.78419
305,2.86818,14.1247,1.50043
305,-0.831868,13.8855,-2.29852
305,-2.55932,15.3608,1.24137
305,1.38775,13.5258,-1.77131
305,2.93584,14.2187,1.48814
305,-2.01953,15.4226,1.47661
305,-0.0785451,14.9325,1.22482
305,3.30928,14.3069,1.83221
305,-1.19263,15.6397,2.63836
305,-2.72429,15.6001,1.26688
305,-2.69925,15.6029,1.28059
305,0.1465,14.9505,1.21817
305,-0.822887,15.1734,1.1339
305,-0.133486,14.5596,-0.717775
305,0.00154197,15.0991,1.15424
305,3.03809,14.4493,1.32503
305,1.25555,15.3889,2.99558
305,-1.37579,15.9614,2.78435
305,-2.60776,15.8569,1.29353
305,0.534731,15.092,1.15344
305,3.07609,14.5334,1.32378
305,-2.35419,15.7475,0.976757
305,0.038519,15.2378,1.14363
305,1.27379,15.5216,3.01386
305,3.7056,14.9425,2.96226
305,1.33079,12.6317,-0.880498
304,1.33079,12.6317,-0.880498
305,5.19205,21.4131,2.21942
304,5.19205,21.4131,2.21942
305,2.01764,12.4947,0.498425
304,2.01764,12.4947,0.498425
305,1.26445,20.2576,2.4336
304,1.26445,20.2576,2.4336
305,1.86917,15.4383,1.16419
304,1.86917,15.4383,1.16419
305,0.0114187,12.7928,-1.12675
304,0.0114187,12.7928,-1.12675
305,2.98593,17.4808,2.11218
304,2.98593,17.4808,2.11218
305,1.84714,12.8893,0.966544
304,1.84714,12.8893,0.966544
305,1.45426,15.2672,1.23699
304,1.45426,15.2672,1.23699
305,5.21958,14.2505,-2.6285
304,5.21958,14.2505,-2.6285
305,3.99214,14.4306,2.44593
304,3.99214,14.4306,2.44593
305,3.07921,14.3159,1.73013
304,3.07921,14.3159,1.73013
305,3.69409,19.3127,2.85075
304,3.69409,19.3127,2.85075
305,1.34761,21.4265,2.48342
304,1.34761,21.4265,2.48342
305,0.700764,14.5236,1.21538
304,0.700764,14.5236,1.21538
305,5.04848,21.0238,2.20949
304,5.04848,21.0238,2.20949
305,1.2818,12.4066,-0.727685
304,1.2818,12.4066,-0.727685
305,3.91287,16.1499,2.31246
304,3.91287,16.1499,2.31246
305,0.17421,15.6242,1.37492
304,0.17421,15.6242,1.37492
305,-0.0442352,17.3745,2.65855
304,-0.0442352,17.3745,2.65855
305,-1.16483,18.1828,2.66343
304,-1.16483,18.1828,2.66343
305,1.99573,17.4815,2.63641
304,1.99573,17.4815,2.63641
305,3.18778,15.0981,1.18836
304,3.18778,15.0981,1.18836
305,3.82277,20.3161,2.03896
304,3.82277,20.3161,2.03896
305,2.00487,17.5512,2.63323
304,2.00487,17.5512,2.63323
305,-2.75123,20.1899,2.16556
304,-2.75123,20.1899,2.16556
305,-0.176013,17.9687,2.10111
304,-0.176013,17.9687,2.10111
305,3.89041,16.6579,2.10278
304,3.89041,16.6579,2.10278
305,0.548387,12.6502,0.962168
304,0.548387,12.6502,0.962168
305,-1.47319,18.0177,2.12362
304,-1.47319,18.0177,2.12362
305,1.80676,12.4808,-0.944908
304,1.80676,12.4808,-0.944908
305,-1.13411,17.9661,2.63522
304,-1.13411,17.9661,2.63522
305,0.0145185,16.8875,2.05954
304,0.0145185,16.8875,2.05954
305,-0.185941,18.1985,2.12083
304,-0.185941,18.1985,2.12083
305,4.89505,20.6744,2.22488
304,4.89505,20.6744,2.22488
305,3.0507,12.7858,0.975743
304,3.0507,12.7858,0.975743
305,2.81187,12.2304,1.28014
304,2.81187,12.2304,1.28014
305,1.43114,15.131,2.94257
304,1.43114,15.131,2.94257
305,0.559236,14.9697,-2.12978
304,0.559236,14.9697,-2.12978
305,-1.07647,17.5409,2.12255
304,-1.07647,17.5409,2.12255
305,-1.16116,18.1481,2.60675
304,-1.16116,18.1481,2.60675
305,-3.3009,20.441,2.19859
304,-3.3009,20.441,2.19859
305,-3.06728,21.359,2.2255
304,-3.06728,21.359,2.2255
305,-3.4681,20.9819,2.21307
304,-3.4681,20.9819,2.21307
305,6.29993,17.1294,2.64509
304,6.29993,17.1294,2.64509
305,3.01784,15.7585,1.20635
304,3.01784,15.7585,1.20635
305,-1.25651,19.3842,1.89429
304,-1.25651,19.3842,1.89429
305,-1.03855,17.3772,2.54328
304,-1.03855,17.3772,2.54328
305,-1.55294,18.3429,2.18482
304,-1.55294,18.3429,2.18482
305,11.2017,17.6189,-1.88211
304,11.2017,17.6189,-1.88211
305,2.8392,13.6212,1.58977
304,2.8392,13.6212,1.58977
305,-1.96082,19.2294,2.38261
304,-1.96082,19.2294,2.38261
305,-1.51423,18.0463,2.21699
304,-1.51423,18.0463,2.21699
305,-1.74339,18.6416,2.47939
304,-1.74339,18.6416,2.47939
305,3.51533,15.8743,2.56844
304,3.51533,15.8743,2.56844
305,-0.35125,17.9837,2.35189
304,-0.35125,17.9837,2.35189
305,2.5817,12.43,-0.81486
303,2.5817,12.43,-0.81486
305,2.66058,12.7293,1.17684
303,2.66058,12.7293,1.17684
305,2.76669,12.5234,1.03246
303,2.76669,12.5234,1.03246
305,5.26191,14.2596,-1.57848
303,5.26191,14.2596,-1.57848
305,5.41218,14.4578,-1.68618
303,5.41218,14.4578,-1.68618
305,1.97756,17.3856,1.98581
303,1.97756,17.3856,1.98581
305,3.85326,15.8202,2.61075
303,3.85326,15.8202,2.61075
305,0.372165,15.3383,1.45787
303,0.372165,15.3383,1.45787
305,3.85464,15.8285,2.60477
303,3.85464,15.8285,2.60477
305,2.86369,13.655,1.58611
303,2.86369,13.655,1.58611
305,2.00171,15.8913,-3.45964
302,2.00171,15.8913,-3.45964
305,2.57834,12.4421,0.685914
302,2.57834,12.4421,0.685914
305,3.67475,15.4957,2.54453
302,3.67475,15.4957,2.54453
305,2.08244,12.5032,0.266649
301,2.08244,12.5032,0.266649
305,0.759832,15.2746,-2.40052
301,0.759832,15.2746,-2.40052
305,6.44132,16.9224,2.6286
299,6.44132,16.9224,2.6286
305,3.16089,40.1296,3.4807
290,3.16089,40.1296,3.4807
305,2.94536,16.3993,2.5839
292,2.94536,16.3993,2.5839
306,0.636212,10.9186,0.903893
306,-0.345487,11.5731,0.315023
306,1.17871,11.3892,0.629178
306,-0.58642,11.9033,0.872862
306,0.773109,11.9676,1.25304
306,0.809611,12.0911,1.20611
306,-0.618703,12.2448,0.747859
306,0.639966,12.1729,1.13484
306,0.807493,12.1631,1.18955
306,0.824237,12.1502,1.13494
306,0.540657,12.3546,1.24017
306,0.613442,11.8872,-0.327988
306,0.475056,12.4055,1.23069
306,0.536175,12.4186,1.23014
306,-0.483211,12.605,1.16666
306,-0.456638,12.6082,1.16917
306,-1.04175,12.688,1.0589
306,-0.936901,12.7195,1.16484
306,0.631125,12.4653,1.2113
306,0.56841,12.5438,1.19958
306,-0.960214,12.5407,0.235911
306,-1.07481,12.8256,1.08083
306,-2.43494,12.9386,0.545263
306,0.668478,12.0526,-0.462481
306,-0.636127,12.8594,1.30579
306,-0.969344,12.595,0.215644
306,1.27331,12.3184,0.613142
306,-1.84088,12.8614,0.370384
306,2.97266,12.1086,0.851912
306,-1.79817,12.8736,0.388097
306,-0.86839,12.8876,1.00986
306,-1.79589,12.8861,0.4016
306,-0.88731,12.9906,1.27712
306,-0.897438,12.9373,1.04778
306,0.0622598,12.7738,1.10571
306,1.54041,11.9999,-0.545954
306,-0.582311,12.628,0.190117
306,-2.35687,13.2293,1.01147
306,-0.118202,12.6672,0.552037
306,-0.65908,12.5283,-0.264157
306,-1.53611,13.1145,1.10236
306,-0.543191,12.9499,1.12125
306,3.40392,12.4167,1.79611
306,-1.13862,13.0829,1.14264
306,-1.08844,13.0654,1.09703
306,-0.207215,12.9246,1.17834
306,-1.22927,13.0879,1.07721
306,-1.55235,13.1469,1.06043
306,-1.68795,12.9745,0.359587
306,-2.4606,13.3194,1.00095
306,0.8164,12.2506,-0.547871
306,-0.0969177,12.7498,0.520291
306,-2.62685,13.3741,0.999086
306,-0.210596,12.9796,1.17831
306,-2.6228,13.3818,0.994144
306,-0.227769,12.9646,1.07626
306,-2.49239,13.3692,0.996513
306,-2.51554,13.0107,-0.218064
306,-1.29189,13.1485,0.958826
306,-0.200648,13.0043,1.16195
306,-0.591345,12.7636,0.108056
306,-0.196678,12.9811,1.06123
306,0.536266,12.9059,1.26407
306,-0.998099,12.8488,0.12294
306,2.96775,12.4501,1.25263
306,2.38898,12.0006,-0.633704
306,-0.0883229,12.8206,0.489915
306,-2.0454,13.1466,0.339056
306,-0.343806,13.0984,1.22602
306,-0.653888,13.171,1.24657
306,-0.211308,13.0331,1.05458
306,0.244017,13.012,1.22782
306,-1.33812,13.0475,0.348094
306,-2.54809,13.0974,-0.247035
306,-0.240815,13.0658,1.07059
306,-0.585369,12.8425,0.0752516
306,0.0691698,13.0253,1.07064
306,-0.917355,13.2798,1.22361
306,3.59762,12.6048,1.78969
306,-1.31119,13.1345,0.471166
306,0.0264466,13.0881,1.11921
306,-0.668755,12.7875,-0.421258
306,3.24341,12.7232,1.78646
306,1.6791,12.2354,-0.78378
306,-2.11054,13.3191,0.307634
306,0.987661,13.0054,1.1887
306,-0.841079,13.3125,1.05916
306,0.0679986,13.141,1.03929
306,-0.77913,13.3102,1.05664
306,0.521633,13.1451,1.23081
306,-1.32528,13.2371,0.377715
306,0.956541,13.0606,1.20013
306,-0.671225,12.8905,-0.486293
306,2.89827,12.8654,1.52846
306,2.70507,13.3659,2.99005
306,2.71181,13.0087,1.78646
306,-1.29209,13.0889,-0.60022
306,-0.662259,12.8579,-0.972314
306,-2.25914,13.2546,-0.667972
306,2.64919,12.9313,1.19233
306,-1.2965,13.1431,-0.620458
306,2.73955,12.9319,1.15888
306,-0.965588,13.6868,1.13943
306,-1.30557,13.1998,-0.678571
306,2.78466,13.0315,1.24184
306,-0.679461,12.8649,-1.47532
306,2.92833,13.5955,3.01913
306,-2.38598,13.7339,0.178521
306,-1.25813,13.8638,1.28611
306,2.7251,12.5863,-0.437545
306,3.06425,13.1133,1.4961
306,-2.60533,13.439,-1.02586
306,2.79717,13.0815,1.14511
306,-0.664049,12.9543,-1.54475
306,2.98526,13.6681,3.03353
306,-0.984544,13.8391,1.10828
306,-1.22977,13.0167,-1.74187
306,-1.22155,13.0212,-1.73336
306,3.18098,13.0358,0.9048
306,2.80285,13.3181,1.59397
306,-2.23023,13.2965,-1.6013
306,0.644278,12.9197,-1.14742
306,0.632509,12.7987,-1.55206
306,0.643063,12.9338,-1.15798
306,-1.26114,14.0719,1.24412
306,-0.699221,13.142,-1.67971
306,-0.260787,13.177,-1.31273
306,-1.40699,14.1768,1.11108
306,0.660172,13.0694,-1.24475
306,-1.40048,14.2179,1.10566
306,-0.763869,13.8502,0.15145
306,2.85573,13.5189,1.22817
306,2.82956,13.063,-0.392642
306,-1.26138,14.3258,1.19759
306,-0.165378,14.1835,1.22865
306,1.07861,13.9352,1.15307
306,2.88546,13.6293,1.20312
306,-0.316699,13.4463,-1.45312
306,3.48598,13.7449,1.77148
306,-1.73035,13.7114,-1.6453
306,-0.877886,14.9771,2.91779
306,-0.946659,15.0283,2.96706
306,-1.00967,15.0938,3.01653
306,3.07353,13.9231,1.64628
306,-1.1454,14.645,1.22399
306,-0.892373,14.6141,1.2754
306,-0.241962,13.611,-1.62054
306,-0.869757,14.2688,0.110692
306,-0.234432,13.6377,-1.62482
306,3.65077,13.8824,1.43005
306,-0.0760307,13.7023,-1.70863
306,3.38242,14.2507,2.19883
306,-1.29193,14.8163,1.12873
306,-1.17458,14.8323,1.20675
306,-0.23699,13.7766,-1.67589
306,-0.369636,14.7168,1.2264
306,-0.851082,14.5053,0.233773
306,-1.15333,15.3795,2.78763
306,0.194885,15.2733,3.166
306,-1.23795,15.4677,2.74737
306,1.42831,15.0952,3.1596
306,0.256752,15.332,3.20313
306,-0.773698,14.9152,1.17141
306,1.30406,14.974,2.61705
306,-0.40871,14.8699,1.20755
306,3.17756,13.6055,-0.7539
306,-0.0795379,13.9005,-1.86832
306,-0.0771681,13.9907,-1.89656
306,4.11175,13.7643,-0.0725288
306,1.52037,15.2368,2.95432
306,-3.593,15.6877,1.26172
306,-0.018687,14.9965,1.19073
306,-0.0250844,15.0014,1.18915
306,1.28048,15.4168,3.00801
306,1.28657,15.3753,2.75545
306,-0.220026,12.8191,0.993672
305,-0.220026,12.8191,0.993672
306,2.00146,15.3743,1.09456
305,2.00146,15.3743,1.09456
306,2.0008,15.475,1.17335
305,2.0008,15.475,1.17335
306,1.70685,24.3579,2.57833
305,1.70685,24.3579,2.57833
306,2.74586,15.3543,2.0989
305,2.74586,15.3543,2.0989
306,-0.48822,15.8637,2.02217
305,-0.48822,15.8637,2.02217
306,0.0498319,15.8148,1.3893
305,0.0498319,15.8148,1.3893
306,0.6187,13.0166,1.08465
305,0.6187,13.0166,1.08465
306,3.35574,18.9189,-5.23614
305,3.35574,18.9189,-5.23614
306,2.77138,12.4846,-0.671473
305,2.77138,12.4846,-0.671473
306,3.99914,18.1803,2.07926
305,3.99914,18.1803,2.07926
306,1.74239,17.042,2.09393
305,1.74239,17.042,2.09393
306,-1.25944,17.7241,2.08648
305,-1.25944,17.7241,2.08648
306,2.93589,17.4482,-4.22144
305,2.93589,17.4482,-4.22144
306,3.07473,15.6109,1.38388
305,3.07473,15.6109,1.38388
306,1.95072,15.3149,1.18743
305,1.95072,15.3149,1.18743
306,0.456775,13.0929,0.906523
305,0.456775,13.0929,0.906523
306,-0.0546178,17.7593,2.40568
305,-0.0546178,17.7593,2.40568
306,2.76119,17.07,-3.95107
305,2.76119,17.07,-3.95107
306,1.82203,15.1635,3.17621
305,1.82203,15.1635,3.17621
306,-0.548161,14.7592,1.20946
305,-0.548161,14.7592,1.20946
306,0.812184,16.0503,1.4023
305,0.812184,16.0503,1.4023
306,2.31758,16.9978,3.48492
305,2.31758,16.9978,3.48492
306,1.99522,15.5076,1.16874
305,1.99522,15.5076,1.16874
306,1.56414,15.3182,1.2625
305,1.56414,15.3182,1.2625
306,-0.311466,14.9126,1.50872
305,-0.311466,14.9126,1.50872
306,-0.054573,18.192,2.43232
305,-0.054573,18.192,2.43232
306,2.69523,15.7118,3.28415
305,2.69523,15.7118,3.28415
306,2.83919,16.6587,2.58305
305,2.83919,16.6587,2.58305
306,3.29763,18.5539,-4.99269
305,3.29763,18.5539,-4.99269
306,4.13774,16.5512,2.41758
305,4.13774,16.5512,2.41758
306,2.27221,14.6813,3.11259
305,2.27221,14.6813,3.11259
306,3.45471,17.7641,3.63499
305,3.45471,17.7641,3.63499
306,-3.036,20.7722,2.85454
305,-3.036,20.7722,2.85454
306,2.05727,13.3051,1.16213
305,2.05727,13.3051,1.16213
306,2.90309,16.4111,3.41329
305,2.90309,16.4111,3.41329
306,-3.04375,17.388,1.95886
305,-3.04375,17.388,1.95886
306,3.92006,16.1906,2.38969
305,3.92006,16.1906,2.38969
306,4.05853,12.978,-0.761268
305,4.05853,12.978,-0.761268
306,3.24868,18.0234,2.20211
305,3.24868,18.0234,2.20211
306,-0.00948203,18.2439,2.50432
305,-0.00948203,18.2439,2.50432
306,3.99766,16.3141,2.36891
305,3.99766,16.3141,2.36891
306,-3.29741,23.7217,2.81715
305,-3.29741,23.7217,2.81715
306,-1.08204,17.5007,2.59254
305,-1.08204,17.5007,2.59254
306,3.07472,15.3507,1.48956
304,3.07472,15.3507,1.48956
306,-0.0548729,17.5821,2.38255
304,-0.0548729,17.5821,2.38255
306,0.679831,13.3765,-1.17692
304,0.679831,13.3765,-1.17692
306,2.06169,12.9258,0.957759
304,2.06169,12.9258,0.957759
306,1.18683,12.5753,1.00921
304,1.18683,12.5753,1.00921
306,0.813972,15.2463,-2.38376
304,0.813972,15.2463,-2.38376
306,3.11931,18.06,2.65499
304,3.11931,18.06,2.65499
306,3.06179,15.5286,1.43707
304,3.06179,15.5286,1.43707
306,-1.32632,18.2382,-4.32103
304,-1.32632,18.2382,-4.32103
306,3.09235,17.9862,2.62626
304,3.09235,17.9862,2.62626
306,1.94955,12.955,1.20141
303,1.94955,12.955,1.20141
306,1.23312,15.2939,1.46468
303,1.23312,15.2939,1.46468
306,2.92821,15.3112,1.50182
302,2.92821,15.3112,1.50182
306,1.97452,13.0335,1.19018
302,1.97452,13.0335,1.19018
306,-0.418815,16.2657,-3.15378
302,-0.418815,16.2657,-3.15378
306,2.32879,15.9711,1.41385
301,2.32879,15.9711,1.41385
306,0.108758,16.6117,-3.58843
301,0.108758,16.6117,-3.58843
306,-0.013401,17.7501,2.13071
301,-0.013401,17.7501,2.13071
306,1.4246,14.5315,-2.2891
191,1.4246,14.5315,-2.2891
306,1.50249,19.5043,-5.07302
191,1.50249,19.5043,-5.07302
307,-0.129611,10.2686,0.902853
307,0.799516,11.017,0.866471
307,0.828063,11.0679,0.827138
307,1.04177,11.3797,0.657359
307,1.21615,11.6328,0.922588
307,1.23135,11.6353,0.918429
307,1.12038,11.4934,0.225231
307,0.406081,11.9985,1.21173
307,-0.180987,12.1593,1.18912
307,-0.187999,12.1839,1.18108
307,-0.0552184,12.1818,1.17695
307,1.24266,11.68,0.105096
307,-1.78839,12.5981,1.1009
307,0.17552,12.3197,1.13187
307,0.72658,12.2885,1.21909
307,0.191015,12.3463,1.12326
307,-0.335262,12.4673,1.21148
307,2.63349,11.8271,0.582395
307,0.281978,11.8819,-0.356061
307,2.69998,12.0718,1.27
307,-0.323885,12.52,1.20263
307,0.424667,12.3875,1.10453
307,-0.968426,12.3614,0.364721
307,0.764757,12.3816,1.18885
307,0.146707,12.4471,1.1037
307,-0.297224,12.5498,1.17746
307,-1.02142,12.3975,0.338164
307,-1.82374,12.503,0.293704
307,0.326312,12.5615,1.21013
307,0.071283,12.601,1.20274
307,-1.02108,12.499,0.279867
307,-0.511236,12.7233,1.18137
307,-0.437549,12.7494,1.17051
307,-1.78178,12.7445,0.512178
307,-2.10873,12.8477,0.680336
307,-1.03837,12.8257,1.09336
307,-1.96052,12.796,0.564383
307,-0.213399,12.7244,1.14004
307,-1.07973,12.843,1.09612
307,0.369753,12.1178,-0.533056
307,-1.87071,12.7173,0.19763
307,-1.54521,13.0082,1.09094
307,0.220043,12.7332,1.02059
307,0.432193,12.8076,1.31252
307,-1.11986,12.9351,0.989434
307,0.445177,12.8076,1.31034
307,-1.0752,12.9615,1.07213
307,-2.4773,12.5438,-0.866206
307,-1.55601,13.0431,1.08991
307,0.235277,12.7571,1.02568
307,1.61112,12.6236,1.22608
307,1.33269,12.4665,0.57777
307,-1.53535,13.0691,1.0737
307,-1.55132,13.0805,1.0768
307,-1.12701,13.0288,1.08952
307,0.419832,12.8869,1.30944
307,-1.56442,13.1157,1.09068
307,-0.883393,13.0855,1.29992
307,-1.11962,13.0558,1.09887
307,-1.09769,13.0666,1.12544
307,-1.57868,13.1289,1.09047
307,0.447619,12.8992,1.28846
307,-1.20713,13.0881,1.08771
307,-0.604215,12.7051,0.170246
307,-1.13577,13.1057,1.14591
307,-1.99929,13.0038,0.433443
307,0.470248,12.917,1.28657
307,-1.13192,13.1141,1.14232
307,-1.10058,13.0963,1.09721
307,-1.11715,13.0988,1.07366
307,-1.1055,13.1083,1.09822
307,-0.716603,13.0118,0.978488
307,-0.826576,13.0903,1.11939
307,-0.829229,13.0919,1.12128
307,-2.57498,13.3254,1.01087
307,-3.4265,13.4843,1.00508
307,-1.93846,12.7497,-0.594533
307,-0.643452,13.1097,1.09997
307,0.441733,13.0217,1.30119
307,-1.24099,13.2311,1.1256
307,-3.43,13.5189,0.99476
307,1.42865,12.6391,0.503852
307,-0.317784,13.1341,1.21509
307,-0.65963,13.2145,1.25064
307,-3.19168,13.1999,0.0446887
307,-1.7955,12.7708,-0.64501
307,-1.79754,12.7785,-0.629117
307,-3.47666,13.5931,0.970386
307,-3.23052,13.2551,0.0135069
307,2.85557,12.8483,1.54128
307,0.508723,13.12,1.24162
307,-0.715508,12.5246,-1.17726
307,-1.05703,12.5648,-1.2216
307,-1.14463,13.3851,1.24494
307,-1.05156,12.5852,-1.23315
307,0.157612,13.2073,1.22154
307,2.92611,12.9054,1.55465
307,0.0440112,13.1798,1.01023
307,-0.461708,12.6655,-0.818773
307,2.52936,12.9157,1.31714
307,0.516362,12.5201,-0.838688
307,-1.31747,13.1754,0.281654
307,-2.0011,13.331,0.421477
307,-0.573903,13.006,0.0261166
307,-1.9224,12.9274,-0.884833
307,1.76125,12.9829,0.968103
307,0.540877,12.5742,-0.88178
307,-0.916554,13.4747,1.19726
307,-3.11562,12.9933,-1.30866
307,0.185663,13.3483,1.20146
307,-3.12872,13.033,-1.32603
307,-1.05604,12.7379,-1.35103
307,-1.22218,13.36,0.397789
307,3.08499,13.0952,1.51625
307,-0.53888,13.127,-0.0549939
307,-3.2389,13.2634,-1.0014
307,-1.22734,13.4592,0.518767
307,-3.23889,13.2721,-1.01234
307,-1.1862,12.8913,-1.64711
307,-2.17714,13.7525,0.437766
307,-3.34164,13.4566,-1.12456
307,-1.18673,12.9648,-1.69079
307,-1.21987,13.4081,-0.373952
307,-1.23042,13.4358,-0.37959
307,-1.22085,13.4323,-0.391909
307,3.27453,13.8087,2.57355
307,-0.534026,13.5607,-0.248176
307,-1.25884,13.208,-1.72304
307,-1.26917,13.4027,-1.23606
307,-1.22826,13.5256,-0.850878
307,3.49542,13.5741,1.42452
307,0.72573,13.006,-1.72544
307,3.49879,14.089,2.87917
307,-0.65352,13.5089,-0.850214
307,-0.645378,13.5573,-0.882174
307,-1.40923,14.3238,1.12261
307,0.758217,13.0801,-1.78937
307,-1.38982,14.3471,1.12326
307,-3.17666,13.8847,-1.12373
307,-0.611213,13.3057,-1.82135
307,1.28637,14.0022,1.17716
307,-1.40586,14.3959,1.11023
307,1.24806,14.5381,2.69689
307,-1.33697,14.4802,1.11889
307,-1.33916,14.5141,1.11274
307,-0.953435,14.9778,2.65122
307,-2.4352,14.7386,1.23001
307,-1.379,14.5774,1.18807
307,-2.30903,13.7146,-1.89689
307,-1.3215,14.6201,1.15743
307,-1.05932,15.0539,2.59688
307,-1.06324,15.0836,2.60114
307,2.98767,14.2328,1.83119
307,-1.19726,15.2221,2.95504
307,-0.489001,14.5896,1.20972
307,-3.35856,15.5062,2.63319
307,2.42449,14.4037,1.84622
307,-2.00069,13.833,-2.01905
307,0.0446754,14.584,1.22546
307,-1.49606,15.2452,2.54803
307,0.338805,14.566,1.14808
307,-0.916684,14.7956,1.26105
307,-1.11145,15.3309,2.78096
307,2.97247,14.2305,1.152
307,1.32046,14.9708,2.62961
307,-0.0299067,13.8079,-1.58346
307,2.95477,14.3737,1.50011
307,1.21028,15.1097,2.94205
307,-3.81018,15.2699,1.04864
307,-0.698115,14.0072,-1.44061
307,-1.20867,15.5327,2.98917
307,-2.43228,14.1255,-2.23321
307,2.69464,14.3836,0.905661
307,-2.9561,14.9175,-0.224635
307,1.39191,15.2003,2.62624
307,-3.91447,15.4953,1.0374
307,-1.11948,15.5966,2.6255
307,-2.71229,15.3707,1.12559
307,-1.31948,15.1691,1.08841
307,-0.664661,17.4258,2.00824
306,-0.664661,17.4258,2.00824
307,3.77019,16.2016,2.56839
306,3.77019,16.2016,2.56839
307,3.33866,17.8448,2.66564
306,3.33866,17.8448,2.66564
307,-0.678309,13.6528,0.974303
306,-0.678309,13.6528,0.974303
307,-0.0531916,17.5874,2.10646
306,-0.0531916,17.5874,2.10646
307,1.47809,15.4354,1.4214
306,1.47809,15.4354,1.4214
307,1.59477,15.4285,1.51192
306,1.59477,15.4285,1.51192
307,3.14952,15.4834,1.48708
306,3.14952,15.4834,1.48708
307,-1.0366,14.8326,1.28312
306,-1.0366,14.8326,1.28312
307,1.14731,14.6697,2.70193
306,1.14731,14.6697,2.70193
307,1.24849,15.0665,2.73426
306,1.24849,15.0665,2.73426
307,1.74342,14.3924,-2.09479
306,1.74342,14.3924,-2.09479
307,1.94104,12.392,1.04558
306,1.94104,12.392,1.04558
307,2.10092,22.664,2.49377
306,2.10092,22.664,2.49377
307,1.70124,15.7424,1.21705
306,1.70124,15.7424,1.21705
307,-0.0317811,17.8656,2.10901
306,-0.0317811,17.8656,2.10901
307,-1.30627,12.8691,0.408835
306,-1.30627,12.8691,0.408835
307,1.12895,14.951,3.21379
306,1.12895,14.951,3.21379
307,-0.00880376,18.16,2.13124
306,-0.00880376,18.16,2.13124
307,0.0585006,15.8422,1.37673
306,0.0585006,15.8422,1.37673
307,2.15214,22.9448,2.50336
306,2.15214,22.9448,2.50336
307,3.7737,18.5292,1.15083
306,3.7737,18.5292,1.15083
307,5.02771,20.9988,2.21851
306,5.02771,20.9988,2.21851
307,-1.95155,19.0449,2.40332
306,-1.95155,19.0449,2.40332
307,-1.38851,17.5054,2.08455
306,-1.38851,17.5054,2.08455
307,3.07041,14.5657,1.33392
306,3.07041,14.5657,1.33392
307,-3.73962,22.4831,2.17631
306,-3.73962,22.4831,2.17631
307,2.18298,23.0918,2.52424
306,2.18298,23.0918,2.52424
307,-5.11741,20.7284,2.70437
306,-5.11741,20.7284,2.70437
307,-0.0271715,17.7476,2.13391
306,-0.0271715,17.7476,2.13391
307,4.17494,16.8981,2.30005
306,4.17494,16.8981,2.30005
307,1.36673,17.6195,3.53262
306,1.36673,17.6195,3.53262
307,-2.8545,20.9457,2.77884
306,-2.8545,20.9457,2.77884
307,-3.44579,16.8336,0.0785852
306,-3.44579,16.8336,0.0785852
307,0.10373,14.2701,3.02408
306,0.10373,14.2701,3.02408
307,-2.75395,20.5682,2.77318
306,-2.75395,20.5682,2.77318
307,0.998842,16.2523,2.39101
306,0.998842,16.2523,2.39101
307,-1.93645,19.1219,2.4013
306,-1.93645,19.1219,2.4013
307,-2.92445,21.5151,2.80488
306,-2.92445,21.5151,2.80488
307,1.56906,17.2894,2.60074
306,1.56906,17.2894,2.60074
307,2.94695,15.2497,1.47603
306,2.94695,15.2497,1.47603
307,4.14509,19.4547,3.8627
306,4.14509,19.4547,3.8627
307,-2.9173,21.4207,2.73344
306,-2.9173,21.4207,2.73344
307,4.11103,16.4544,2.3883
306,4.11103,16.4544,2.3883
307,0.936356,12.9765,1.21599
306,0.936356,12.9765,1.21599
307,-1.85511,18.1605,2.38223
306,-1.85511,18.1605,2.38223
307,1.1659,13.0783,0.890304
305,1.1659,13.0783,0.890304
307,0.60114,13.8562,0.902986
305,0.60114,13.8562,0.902986
307,2.61031,17.1392,1.29885
305,2.61031,17.1392,1.29885
307,-1.10263,17.5304,2.07732
305,-1.10263,17.5304,2.07732
307,0.313069,18.0576,-4.11354
305,0.313069,18.0576,-4.11354
307,4.02195,16.7271,2.0792
305,4.02195,16.7271,2.0792
307,4.02055,16.1483,2.58416
305,4.02055,16.1483,2.58416
307,-0.207094,15.2521,-2.86918
304,-0.207094,15.2521,-2.86918
307,1.70005,15.0775,1.49183
304,1.70005,15.0775,1.49183
307,2.34834,12.7904,0.927612
304,2.34834,12.7904,0.927612
307,1.42221,22.4036,2.53657
304,1.42221,22.4036,2.53657
307,4.95853,20.7738,2.21264
304,4.95853,20.7738,2.21264
307,1.45622,26.9772,-9.84787
304,1.45622,26.9772,-9.84787
307,1.72024,14.3729,-2.06979
304,1.72024,14.3729,-2.06979
307,1.73491,14.4395,-2.11272
304,1.73491,14.4395,-2.11272
307,3.64204,16.0612,2.57089
304,3.64204,16.0612,2.57089
307,0.987412,13.0182,1.04122
304,0.987412,13.0182,1.04122
307,1.36814,22.4652,2.72525
304,1.36814,22.4652,2.72525
308,-1.41297,8.57706,2.17476
308,-1.42238,8.66277,2.09539
308,-1.46787,8.86479,2.12276
308,-1.51902,9.13423,2.00631
308,-1.68971,9.91884,1.74342
308,-2.01191,11.9876,0.99795
308,-0.820993,11.638,-0.0607533
308,-0.524195,12.0735,1.22377
308,-0.520464,12.0737,1.22213
308,1.00063,11.5982,0.188196
308,-1.77057,12.2341,1.01514
308,0.200397,12.1068,1.18692
308,1.2074,11.7581,0.481118
308,0.634023,12.0836,1.24643
308,0.225439,12.142,1.17696
308,0.664011,12.1159,1.23795
308,0.659402,12.1209,1.21755
308,1.36211,11.9064,0.80797
308,-2.25604,12.5074,1.16791
308,-1.79262,12.391,0.98162
308,-0.908828,12.3558,1.16275
308,0.586842,12.2257,1.2469
308,1.33737,11.9224,0.384801
308,-0.724788,12.6072,1.21917
308,-0.574387,12.6974,1.33459
308,-1.81507,12.6354,0.540848
308,1.22318,12.3121,0.629184
308,-1.81105,12.3777,-0.389169
308,-1.07757,12.808,1.15678
308,0.854283,12.6081,1.23842
308,0.843081,12.5771,1.13294
308,-1.81294,12.3995,-0.40617
308,0.866749,12.64,1.23739
308,-1.79051,12.3802,-0.64107
308,-0.439692,12.7695,1.04065
308,-0.285702,12.8087,1.14013
308,-0.942815,12.9487,1.31558
308,1.49272,12.65,1.27333
308,-1.91928,12.751,0.170116
308,-0.305385,12.8752,1.12074
308,-1.92042,12.762,0.162501
308,0.940706,12.787,1.18372
308,1.52187,12.1308,-0.65277
308,-1.91544,12.6787,-0.2556
308,-0.818467,13.0749,1.26369
308,-0.614335,12.7112,0.160645
308,1.76186,12.7866,1.26986
308,-0.844077,13.1012,1.25186
308,1.40754,12.5909,0.508566
308,-1.98007,13.1502,0.945852
308,0.994071,12.886,1.20335
308,-0.38947,12.9778,0.969951
308,-0.122044,12.6778,0.141996
308,-3.34364,13.3575,1.02757
308,-0.865367,13.1514,1.26519
308,-1.81208,12.5914,-0.817689
308,-1.21704,13.1128,0.958364
308,-0.83646,13.171,1.22989
308,1.82211,12.864,1.24063
308,-3.21723,13.253,0.519933
308,-1.08676,13.136,0.884405
308,1.54116,12.1716,-1.12569
308,-0.723568,12.5579,-0.792841
308,2.39529,12.9873,1.64609
308,1.25223,12.9493,1.09795
308,-1.14287,13.2964,1.26011
308,1.82978,12.8919,1.03489
308,1.90519,12.9539,1.22058
308,-0.509583,13.253,1.22976
308,-3.27577,13.3668,0.493746
308,-0.915205,13.3215,1.22164
308,-1.95142,13.2684,0.620829
308,-1.14694,13.3785,1.25134
308,-1.15982,13.3863,1.25113
308,-0.544879,12.9251,0.0251162
308,-2.00205,13.397,0.88209
308,-3.07219,12.849,-1.19387
308,1.102,13.1155,1.09328
308,-3.18204,13.1374,-0.439025
308,0.957488,13.1067,0.963167
308,-2.04342,13.3303,0.416795
308,-1.99845,13.4824,0.886921
308,1.77992,13.057,0.979855
308,-3.20833,13.1911,-0.456989
308,-4.34104,13.1136,-1.30504
308,-4.34636,13.1234,-1.30688
308,-3.1261,12.9817,-1.33104
308,-2.00325,13.0171,-0.809736
308,-1.53581,13.6427,1.22419
308,-1.12329,12.8634,-1.02227
308,2.54778,13.3032,1.67832
308,-4.5111,13.9354,0.994177
308,-1.13563,12.955,-0.776617
308,-3.23795,13.2992,-0.519799
308,-1.14206,12.9646,-0.775458
308,-1.13486,12.8859,-1.02604
308,-3.30508,13.4568,-0.083324
308,-4.53211,13.9652,0.986937
308,-1.37172,13.6133,1.03182
308,-1.37879,13.6194,1.03468
308,-1.13767,13.013,-0.806021
308,0.778052,13.012,-0.141234
308,-2.07136,13.4801,0.234672
308,-1.13015,13.0321,-0.843262
308,0.245289,13.5374,1.15199
308,0.692832,12.9174,-0.621165
308,-2.04231,13.9272,1.36333
308,-0.666295,12.9616,-1.09003
308,-1.37499,13.736,0.996165
308,-1.94894,13.0079,-1.46448
308,-2.33155,13.0136,-1.62657
308,-1.52392,13.5869,0.396625
308,-1.93518,13.0469,-1.49619
308,-1.94445,13.0544,-1.50239
308,-1.11553,13.7028,0.591567
308,2.95998,13.5589,1.60892
308,-1.95895,13.1765,-1.602
308,2.82542,13.5277,1.22526
308,-2.08091,14.0091,0.706972
308,-0.71118,13.2005,-1.29167
308,3.04181,13.7121,1.62757
308,-2.55575,13.3905,-1.56814
308,-2.12406,14.0097,0.38732
308,-2.12977,13.9085,0.0695205
308,-1.40669,14.2184,1.23976
308,-2.55417,13.4374,-1.59774
308,-2.55033,13.4355,-1.60492
308,-1.06077,14.2158,1.30282
308,-1.23946,13.2314,-1.78993
308,-1.0418,14.2291,1.29281
308,-1.05852,14.2326,1.29183
308,-2.07643,14.1023,0.509139
308,-2.82767,13.5278,-1.59448
308,-2.56245,13.4928,-1.6282
308,1.75844,13.795,0.890731
308,-1.05201,14.2771,1.28824
308,-3.192,14.9996,2.59691
308,0.918442,13.3706,-0.904742
308,-3.058,14.1668,0.0415113
308,3.32264,14.4343,3.15955
308,-1.05678,14.3507,1.23897
308,2.77778,14.0232,1.63944
308,-2.85207,13.6153,-1.69303
308,-2.57485,13.5911,-1.679
308,-1.02892,14.8379,2.70507
308,-2.9078,14.23,0.125641
308,-1.02852,14.8942,2.71147
308,-2.8621,13.6665,-1.73211
308,-1.08641,15.059,3.06682
308,-1.01361,14.9099,2.57106
308,-1.99147,14.6376,1.24255
308,-1.21703,13.5018,-1.95219
308,-0.913492,15.1125,3.06006
308,0.999369,13.5562,-1.0211
308,-1.00884,14.9753,2.57038
308,-2.56552,14.3863,0.107108
308,-1.08364,15.1801,3.07224
308,-2.58933,14.3928,0.0621297
308,3.42905,14.3755,2.22372
308,-1.07417,15.0813,2.5947
308,1.13504,14.9308,2.92446
308,-2.97133,14.4981,0.0299118
308,-1.75807,15.2101,2.54278
308,-2.76291,15.0169,1.47391
308,-1.42128,13.7048,-2.11332
308,-2.42598,13.8082,-2.19253
308,-1.61841,14.8333,1.20246
308,-1.42073,13.798,-2.18737
308,3.05154,14.3989,1.20973
308,3.04286,14.5054,1.43782
308,-2.9965,15.2815,1.54622
308,-1.43076,13.8771,-2.24484
308,3.709,14.7197,2.22866
308,-1.08331,15.4789,2.76281
308,1.45883,14.6194,1.01573
308,-2.46079,14.0018,-2.36831
308,-1.11176,15.04,1.26723
308,-3.91045,15.3147,1.06404
308,-2.56229,15.4551,0.36901
307,-2.56229,15.4551,0.36901
308,2.31014,21.3188,2.38029
307,2.31014,21.3188,2.38029
308,-0.343883,12.6656,1.17116
307,-0.343883,12.6656,1.17116
308,0.15611,15.6713,1.23825
307,0.15611,15.6713,1.23825
308,-1.518,17.7346,2.08453
307,-1.518,17.7346,2.08453
308,-1.09698,12.8903,1.15858
307,-1.09698,12.8903,1.15858
308,-1.87249,15.1078,1.14568
307,-1.87249,15.1078,1.14568
308,0.793696,13.7573,1.09301
307,0.793696,13.7573,1.09301
308,2.80107,17.1316,2.59554
307,2.80107,17.1316,2.59554
308,2.34021,21.4033,2.38996
307,2.34021,21.4033,2.38996
308,1.56688,17.2095,1.26986
307,1.56688,17.2095,1.26986
308,-2.54403,15.3762,0.390189
307,-2.54403,15.3762,0.390189
308,-2.13088,13.4721,0.946784
307,-2.13088,13.4721,0.946784
308,-1.29365,15.8505,1.50883
307,-1.29365,15.8505,1.50883
308,-2.02041,19.6644,2.26217
307,-2.02041,19.6644,2.26217
308,-3.18221,18.5021,0.601684
307,-3.18221,18.5021,0.601684
308,-1.50383,17.6254,2.10196
307,-1.50383,17.6254,2.10196
308,-0.51874,16.8639,1.33642
307,-0.51874,16.8639,1.33642
308,2.11181,22.6997,2.78976
307,2.11181,22.6997,2.78976
308,1.7462,17.3926,2.60349
307,1.7462,17.3926,2.60349
308,1.20211,13.21,-1.27712
307,1.20211,13.21,-1.27712
308,1.19473,14.8433,2.94395
307,1.19473,14.8433,2.94395
308,-1.9649,13.2789,0.991202
307,-1.9649,13.2789,0.991202
308,1.25002,15.0076,2.72746
307,1.25002,15.0076,2.72746
308,3.18498,17.6183,-4.46154
307,3.18498,17.6183,-4.46154
308,-2.91732,20.9456,2.08516
307,-2.91732,20.9456,2.08516
308,-0.452608,15.7601,1.45375
307,-0.452608,15.7601,1.45375
308,-1.84816,15.7065,1.04719
307,-1.84816,15.7065,1.04719
308,-1.52727,17.6431,2.57213
307,-1.52727,17.6431,2.57213
308,2.3321,15.2512,-2.77558
307,2.3321,15.2512,-2.77558
308,-0.394334,16.4019,1.38228
307,-0.394334,16.4019,1.38228
308,3.47465,15.9624,1.26782
307,3.47465,15.9624,1.26782
308,4.00243,17.0289,2.07682
307,4.00243,17.0289,2.07682
308,-1.53843,17.8075,2.57498
307,-1.53843,17.8075,2.57498
308,-2.00793,19.4719,2.40707
307,-2.00793,19.4719,2.40707
308,1.29248,13.4108,-1.42226
307,1.29248,13.4108,-1.42226
308,0.669025,17.4217,3.45923
307,0.669025,17.4217,3.45923
308,-1.08546,15.4107,1.19823
307,-1.08546,15.4107,1.19823
308,-3.94921,16.6797,1.15398
307,-3.94921,16.6797,1.15398
308,1.57256,17.4946,2.18482
307,1.57256,17.4946,2.18482
308,-2.04814,19.7871,2.44033
307,-2.04814,19.7871,2.44033
308,1.213,13.2617,-1.30445
307,1.213,13.2617,-1.30445
308,-0.0137275,15.5564,1.3244
307,-0.0137275,15.5564,1.3244
308,-0.939167,14.8067,2.63718
307,-0.939167,14.8067,2.63718
308,1.213,13.2617,-1.30445
307,1.213,13.2617,-1.30445
308,-4.08048,15.2744,0.538207
307,-4.08048,15.2744,0.538207
308,1.39334,15.4168,1.32215
307,1.39334,15.4168,1.32215
308,-0.0619218,15.5472,1.30504
307,-0.0619218,15.5472,1.30504
308,4.144,16.8654,2.54638
307,4.144,16.8654,2.54638
308,3.22798,15.4768,1.3192
307,3.22798,15.4768,1.3192
308,3.63475,14.3757,1.85301
307,3.63475,14.3757,1.85301
308,1.88605,15.3755,1.20443
307,1.88605,15.3755,1.20443
308,-3.91049,15.7439,1.40428
307,-3.91049,15.7439,1.40428
308,-3.3008,17.2646,-0.901482
307,-3.3008,17.2646,-0.901482
308,6.67481,21.075,2.32532
307,6.67481,21.075,2.32532
308,-1.03167,14.5016,1.22959
307,-1.03167,14.5016,1.22959
308,1.40302,16.0316,1.35717
306,1.40302,16.0316,1.35717
308,-0.955668,13.0759,1.12002
306,-0.955668,13.0759,1.12002
308,1.15326,17.1549,1.28125
306,1.15326,17.1549,1.28125
308,2.94175,17.551,-4.34619
306,2.94175,17.551,-4.34619
308,1.52702,13.8028,-1.71397
306,1.52702,13.8028,-1.71397
308,-1.12308,12.8294,1.00049
306,-1.12308,12.8294,1.00049
308,0.214592,15.7409,1.43806
306,0.214592,15.7409,1.43806
308,0.141381,14.7121,3.08937
306,0.141381,14.7121,3.08937
308,0.344082,16.2404,3.33612
306,0.344082,16.2404,3.33612
308,3.17549,15.5007,1.49047
306,3.17549,15.5007,1.49047
308,1.00865,15.2348,1.48907
306,1.00865,15.2348,1.48907
308,1.26043,14.8245,2.5982
306,1.26043,14.8245,2.5982
308,-4.18014,17.6492,1.9257
306,-4.18014,17.6492,1.9257
308,-2.67174,18.7245,2.20429
306,-2.67174,18.7245,2.20429
308,1.58726,19.4104,2.52605
306,1.58726,19.4104,2.52605
308,1.18671,12.866,0.934465
305,1.18671,12.866,0.934465
308,-0.0172096,15.0687,-2.60775
305,-0.0172096,15.0687,-2.60775
308,-0.017338,15.1005,-2.63049
305,-0.017338,15.1005,-2.63049
308,-3.05527,21.9429,2.12876
305,-3.05527,21.9429,2.12876
308,1.68094,18.9228,2.58451
305,1.68094,18.9228,2.58451
308,0.490072,16.179,-3.3525
305,0.490072,16.179,-3.3525
308,-1.45963,18.6984,-1.3147
304,-1.45963,18.6984,-1.3147
308,-2.16525,22.2261,-2.52414
304,-2.16525,22.2261,-2.52414
308,2.90078,15.2457,1.4112
303,2.90078,15.2457,1.4112
308,2.93864,15.3638,1.39194
303,2.93864,15.3638,1.39194
308,0.177908,16.023,-3.35096
176,0.177908,16.023,-3.35096
309,-2.03035,10.2984,1.54048
309,-1.41108,10.885,1.88589
309,-1.93968,11.0349,1.01674
309,-1.94786,11.109,0.980148
309,-1.00123,11.3405,0.150557
309,-2.33556,12.1911,0.993109
309,-2.36016,12.1636,0.812964
309,-2.33459,12.2454,0.969971
309,-2.33875,12.25,0.964656
309,-2.3892,12.2715,0.977704
309,-2.39481,12.3231,0.963707
309,-1.17874,12.3209,1.183
309,-2.63692,12.4137,0.910791
309,-2.39587,12.4139,0.801793
309,-2.65546,12.5034,0.881326
309,-0.406283,12.412,1.21535
309,-1.03619,12.5899,1.21541
309,-0.344571,12.5306,1.1783
309,-2.68695,12.6805,0.707966
309,-0.530748,12.632,1.3257
309,0.572294,12.4492,1.13881
309,-2.71257,12.7427,0.701062
309,-1.0354,12.8152,1.07745
309,-1.03641,12.8455,1.14496
309,-0.453836,12.8369,1.29041
309,-0.706114,12.6519,0.615309
309,-2.53192,13.0228,1.07144
309,0.836591,12.6466,1.11319
309,0.353277,12.8393,1.4639
309,-3.0637,13.0763,0.89428
309,0.920926,12.7108,1.20985
309,-1.08263,12.9259,1.11715
309,-1.11492,13.0045,1.13892
309,-1.99825,12.5811,-0.517175
309,-4.50423,13.4181,1.09948
309,0.410942,12.949,1.4408
309,-0.11852,12.732,0.519565
309,-4.46831,13.4608,1.04664
309,0.0418117,12.9751,1.186
309,-1.94346,13.1438,0.940484
309,-2.5422,13.2627,1.00121
309,-4.49615,13.5329,1.09264
309,-4.54364,13.5393,1.07582
309,0.0755198,12.9831,1.05983
309,-2.50982,13.279,1.00862
309,-3.20664,13.2153,0.540159
309,-2.80379,13.1687,0.522639
309,1.68161,12.3456,-0.378338
309,-1.19039,13.1818,1.1161
309,0.0888538,13.0663,1.17794
309,-4.35748,13.1172,-0.329978
309,-4.34148,13.1189,-0.333526
309,-3.21678,13.2644,0.50873
309,-0.71004,12.6964,-0.365248
309,-0.701415,12.6969,-0.377087
309,-1.19699,13.1933,0.94702
309,-4.59241,13.6367,1.05239
309,0.426747,12.5279,-0.533517
309,-0.614415,12.9834,0.480516
309,-3.20925,13.4419,0.905814
309,-3.19242,13.1614,0.0471826
309,-3.23266,13.3165,0.502923
309,-1.56304,13.2913,1.01386
309,0.421031,12.5663,-0.602297
309,-1.14512,13.2693,0.966272
309,-1.91796,13.2035,0.463854
309,-2.50611,13.4399,0.967045
309,-1.92894,12.7927,-0.814076
309,0.120404,13.2096,1.22472
309,-1.99768,12.8371,-0.706338
309,-1.99998,12.8385,-0.704663
309,0.134685,13.1398,1.01077
309,-1.82827,12.7531,-0.910519
309,1.71727,12.3846,-0.781752
309,-3.25723,13.3962,0.483414
309,0.13868,13.2041,1.13934
309,-1.92636,12.8127,-0.833567
309,0.139995,13.2045,1.13234
309,-1.17555,13.3025,0.925852
309,0.139813,13.1855,1.04309
309,-1.90873,13.2444,0.45324
309,-3.14476,12.9885,-0.84752
309,0.334451,12.6069,-0.769157
309,1.13746,13.1163,1.09353
309,-0.735591,12.5886,-1.26302
309,0.151397,13.2298,1.00731
309,1.17794,13.1755,1.12449
309,-3.17919,13.1887,-0.480902
309,-4.54467,13.4989,-0.0379217
309,-2.51739,13.5711,0.929316
309,-3.95637,13.7578,0.933985
309,-1.15411,13.4269,0.874062
309,-1.1434,13.4307,0.873397
309,-3.20529,13.2379,-0.501102
309,-1.53517,13.5225,0.987904
309,-1.20522,13.4662,0.933423
309,-4.3587,13.1189,-1.32998
309,-2.00909,13.0185,-0.826934
309,-1.11041,12.8376,-1.16835
309,-0.649341,12.8495,-0.970667
309,1.98446,13.1429,0.901757
309,-3.15143,13.037,-1.36827
309,-0.422264,13.2298,-0.127825
309,-1.92021,12.9957,-1.47332
309,-1.53449,13.7364,0.919446
309,-4.68723,13.7755,-0.148987
309,-2.67963,13.6619,0.241953
309,-1.32366,13.7477,1.00035
309,-3.19443,13.1745,-1.46331
309,-3.08877,13.7288,0.278085
309,0.0644376,13.59,1.01361
309,0.951226,13.2582,0.298868
309,-0.401889,13.353,-0.183794
309,-1.83967,13.5058,-0.246624
309,-0.674226,13.0214,-1.33001
309,-1.3185,13.8439,0.945683
309,-0.450561,13.5251,0.280285
309,-0.403798,13.37,-0.192519
309,-1.21172,13.8466,0.967155
309,-1.10283,13.2835,-0.735312
309,-2.50162,13.2108,-1.4795
309,-1.16008,13.9375,1.25251
309,1.83295,13.5965,1.18829
309,-2.51372,13.2975,-1.47272
309,-2.72377,13.8713,0.168061
309,-2.48557,13.2891,-1.54133
309,2.8733,13.7071,1.54982
309,2.87617,13.6128,1.21197
309,-0.627393,13.2688,-1.22436
309,-2.493,13.383,-1.61226
309,-3.16417,14.0486,0.131211
309,-1.83038,13.3328,-1.64276
309,1.04613,13.4189,-0.357203
309,-0.992911,14.6641,2.6474
309,-2.75112,14.0511,0.100351
309,-0.980286,14.7808,2.96998
309,-4.87573,14.1939,-0.354019
309,-0.941412,14.8158,2.95944
309,-0.92175,14.8261,2.91562
309,-1.4673,14.3146,1.13286
309,-1.05999,13.3684,-1.6689
309,0.992594,13.1892,-1.56967
309,-0.928209,14.9013,2.97311
309,-0.491127,14.4146,1.60322
309,-0.937878,14.9424,3.05167
309,-1.04947,14.8736,2.7774
309,-0.993805,14.4398,1.37609
309,-1.07123,14.9361,2.85765
309,-1.13552,14.3331,0.839075
309,-1.82647,13.5578,-1.83266
309,-1.40148,14.4907,1.18552
309,-3.31227,14.912,1.66397
309,-1.11451,15.06,2.78389
309,-1.37978,14.5713,1.17134
309,-2.75079,13.7578,-1.8596
309,-0.625284,14.6257,1.58422
309,-1.0185,14.6856,1.33784
309,-3.32468,15.497,2.96806
309,-0.986835,14.7049,1.34122
309,1.26776,14.4409,1.3577
309,-3.43115,15.4418,2.6065
309,-0.0464071,14.5066,0.944654
309,-3.41977,15.4843,2.63707
309,-1.07344,15.3821,3.10223
309,-0.969334,14.8017,1.29695
309,1.37678,15.01,2.79599
309,-1.3481,14.8778,1.14368
309,-2.68237,15.0867,1.16821
309,-1.07286,15.3744,2.63852
309,-1.19035,15.5169,2.9742
309,0.466174,14.6944,1.22709
308,0.466174,14.6944,1.22709
309,1.464,17.0851,2.22679
308,1.464,17.0851,2.22679
309,1.50024,15.3639,2.57065
308,1.50024,15.3639,2.57065
309,-0.749454,12.4365,1.25505
308,-0.749454,12.4365,1.25505
309,-2.75732,16.0806,1.48939
308,-2.75732,16.0806,1.48939
309,-0.722109,12.5934,1.21431
308,-0.722109,12.5934,1.21431
309,-2.43768,16.1998,1.1133
308,-2.43768,16.1998,1.1133
309,-1.92789,12.8396,1.05467
308,-1.92789,12.8396,1.05467
309,0.742793,16.3936,1.35304
308,0.742793,16.3936,1.35304
309,2.01559,17.4969,2.0248
308,2.01559,17.4969,2.0248
309,-0.0986768,17.4377,2.56723
308,-0.0986768,17.4377,2.56723
309,2.16796,19.1399,2.21515
308,2.16796,19.1399,2.21515
309,5.73247,20.6835,1.97614
308,5.73247,20.6835,1.97614
309,-1.1887,17.688,2.58133
308,-1.1887,17.688,2.58133
309,0.125653,15.523,1.50502
308,0.125653,15.523,1.50502
309,2.88534,17.2871,2.56118
308,2.88534,17.2871,2.56118
309,0.17676,14.8621,1.21294
308,0.17676,14.8621,1.21294
309,1.64341,17.1184,2.56358
308,1.64341,17.1184,2.56358
309,-2.74248,16.0289,1.25823
308,-2.74248,16.0289,1.25823
309,-2.74709,16.0641,1.50276
308,-2.74709,16.0641,1.50276
309,0.0417475,15.5884,1.8439
308,0.0417475,15.5884,1.8439
309,1.77841,17.2641,1.11647
308,1.77841,17.2641,1.11647
309,-1.6761,12.6947,0.780004
308,-1.6761,12.6947,0.780004
309,-1.34177,17.5862,3.51573
308,-1.34177,17.5862,3.51573
309,0.933321,13.4908,1.23238
308,0.933321,13.4908,1.23238
309,1.57152,16.9476,2.54735
308,1.57152,16.9476,2.54735
309,2.90459,15.3261,1.26307
308,2.90459,15.3261,1.26307
309,6.62416,22.2063,1.96752
308,6.62416,22.2063,1.96752
309,1.4173,15.3568,1.26565
308,1.4173,15.3568,1.26565
309,4.12879,16.9758,2.2812
308,4.12879,16.9758,2.2812
309,-0.309317,17.8124,3.57393
308,-0.309317,17.8124,3.57393
309,-1.20524,17.5459,2.5698
308,-1.20524,17.5459,2.5698
309,0.850466,16.4365,3.30935
308,0.850466,16.4365,3.30935
309,-1.53681,18.142,2.14049
308,-1.53681,18.142,2.14049
309,2.94354,17.45,2.53303
308,2.94354,17.45,2.53303
309,2.93452,14.4097,3.09469
308,2.93452,14.4097,3.09469
309,-4.43747,13.32,-0.965945
308,-4.43747,13.32,-0.965945
309,-5.93867,20.8666,2.69896
308,-5.93867,20.8666,2.69896
309,-10.2029,32.1941,-0.794036
308,-10.2029,32.1941,-0.794036
309,2.22971,12.2977,0.0108335
308,2.22971,12.2977,0.0108335
309,1.26251,15.0195,2.92773
308,1.26251,15.0195,2.92773
309,-1.24684,14.7637,2.88748
308,-1.24684,14.7637,2.88748
309,-1.91478,13.7648,1.38763
308,-1.91478,13.7648,1.38763
309,-6.26813,18.0327,2.58104
308,-6.26813,18.0327,2.58104
309,-1.45329,17.8478,2.08106
308,-1.45329,17.8478,2.08106
309,-1.04329,18.2949,2.55595
308,-1.04329,18.2949,2.55595
309,0.849501,12.7483,1.0942
308,0.849501,12.7483,1.0942
309,-6.09088,17.9159,2.11093
308,-6.09088,17.9159,2.11093
309,-6.31401,18.1382,2.58818
308,-6.31401,18.1382,2.58818
309,1.83145,15.7885,1.25897
308,1.83145,15.7885,1.25897
309,3.30488,15.2273,1.20012
308,3.30488,15.2273,1.20012
309,0.306601,15.9444,1.29751
308,0.306601,15.9444,1.29751
309,0.0890291,15.0119,1.42215
308,0.0890291,15.0119,1.42215
309,3.27856,14.8749,1.39416
308,3.27856,14.8749,1.39416
309,-1.27944,17.6945,1.92243
307,-1.27944,17.6945,1.92243
309,2.19281,23.2399,2.48626
307,2.19281,23.2399,2.48626
309,0.111565,15.6691,1.56313
307,0.111565,15.6691,1.56313
309,-0.919144,13.2769,1.22259
307,-0.919144,13.2769,1.22259
309,-0.748039,17.2615,-0.883105
307,-0.748039,17.2615,-0.883105
309,0.0616355,15.67,1.37682
307,0.0616355,15.67,1.37682
309,1.95768,18.7429,2.07168
307,1.95768,18.7429,2.07168
309,-2.11949,19.505,0.4196
307,-2.11949,19.505,0.4196
309,6.4404,21.5611,2.20906
307,6.4404,21.5611,2.20906
309,1.61057,17.5273,2.15609
307,1.61057,17.5273,2.15609
309,2.0639,18.4734,2.64503
307,2.0639,18.4734,2.64503
309,0.164381,15.6941,1.2724
307,0.164381,15.6941,1.2724
309,-3.47385,15.9367,0.333187
307,-3.47385,15.9367,0.333187
309,-2.88854,16.1207,1.25207
307,-2.88854,16.1207,1.25207
309,-1.83655,15.5745,1.06348
307,-1.83655,15.5745,1.06348
309,2.26679,14.9163,-2.91438
307,2.26679,14.9163,-2.91438
309,-4.86029,19.0359,2.18961
307,-4.86029,19.0359,2.18961
309,-0.865029,15.0244,2.90043
307,-0.865029,15.0244,2.90043
309,0.460085,14.6192,1.56265
307,0.460085,14.6192,1.56265
309,3.92455,15.9755,2.51421
307,3.92455,15.9755,2.51421
309,-5.93092,23.044,-1.48543
307,-5.93092,23.044,-1.48543
309,-3.73113,14.761,1.48919
307,-3.73113,14.761,1.48919
309,-0.153557,15.3239,1.36309
307,-0.153557,15.3239,1.36309
309,-3.70908,21.3147,2.1158
307,-3.70908,21.3147,2.1158
309,2.08888,19.4188,-0.253053
307,2.08888,19.4188,-0.253053
309,1.50454,14.5503,1.5484
306,1.50454,14.5503,1.5484
309,-4.2565,18.3653,0.905102
306,-4.2565,18.3653,0.905102
309,2.82892,17.2786,2.56197
306,2.82892,17.2786,2.56197
309,0.558167,12.7386,1.04127
305,0.558167,12.7386,1.04127
309,0.373926,15.3076,1.46947
305,0.373926,15.3076,1.46947
309,1.70378,14.8149,-2.67006
305,1.70378,14.8149,-2.67006
309,-4.23133,23.504,2.42181
305,-4.23133,23.504,2.42181
309,2.55873,22.0514,-7.70383
302,2.55873,22.0514,-7.70383
309,-2.35389,19.6416,-2.11039
176,-2.35389,19.6416,-2.11039
309,1.52836,15.5903,1.38197
178,1.52836,15.5903,1.38197
310,-2.18882,8.80258,1.97581
310,-2.38828,9.08941,2.0138
310,-2.38793,9.09578,2.01226
310,-2.49081,9.21455,2.00297
310,-2.52866,9.27858,1.80105
310,-2.44451,11.7073,1.16483
310,-2.45107,11.9522,0.952867
310,-2.4571,12.0449,0.915568
310,-1.09392,12.0373,1.2451
310,-1.10057,11.7446,0.235883
310,-2.47115,12.2226,0.770233
310,-2.46738,12.2672,0.750515
310,-2.42664,12.059,0.0900514
310,-2.46972,12.3911,0.712895
310,-2.89852,12.6553,1.14133
310,-0.876354,12.2949,0.757297
310,-3.43822,12.5124,0.319827
310,-1.19755,12.2602,0.385561
310,-0.6736,12.4827,1.21674
310,-1.16423,12.3139,0.354018
310,-3.54682,12.3879,-0.50975
310,-3.55089,12.4044,-0.512973
310,-3.56504,12.4258,-0.531359
310,-1.0547,12.7818,1.56014
310,-0.898664,12.2498,-0.0797112
310,1.37431,12.4165,1.34253
310,-2.06653,12.3568,-0.372477
310,-4.94322,13.3245,1.41816
310,-3.10953,12.97,1.03337
310,-1.7659,12.8132,1.05168
310,1.37468,12.0686,-0.148725
310,-1.20966,12.8673,1.26518
310,1.40476,12.0899,-0.157887
310,0.258157,12.761,1.3281
310,0.710528,12.6696,1.08012
310,1.27565,12.4373,0.570972
310,1.58808,12.2767,0.171709
310,-0.224962,12.5376,0.211365
310,-3.5903,12.7144,-0.784231
310,-0.163085,12.8889,1.10033
310,-0.142492,12.8926,1.10239
310,0.363284,12.8978,1.27896
310,-4.55274,13.4713,1.05689
310,-3.08927,13.1101,0.476857
310,-1.56905,13.1178,1.06069
310,-3.17998,13.1592,0.536968
310,0.0408494,12.953,1.17815
310,-4.38098,13.1878,0.104281
310,-3.08859,13.1395,0.475345
310,-0.75909,12.5906,-0.312136
310,-3.0974,13.144,0.427029
310,-5.20581,13.7424,1.3458
310,0.212034,12.4656,-0.514659
310,-1.56276,13.2081,1.04961
310,-3.1876,13.2573,0.531599
310,-3.26509,13.302,0.635818
310,-3.27516,13.309,0.649068
310,-0.731622,12.664,-0.360822
310,0.338028,13.0765,1.33334
310,-3.2614,13.3202,0.634581
310,-5.18544,13.7963,1.34439
310,-3.55222,13.4367,0.853713
310,0.087543,13.0448,1.08835
310,0.401318,13.0919,1.35575
310,-0.180854,13.126,1.14731
310,-4.38513,13.1977,-0.389405
310,0.127414,13.0896,1.07161
310,-0.128243,13.152,1.13787
310,-0.304056,13.2185,1.1865
310,-0.910357,13.257,1.04847
310,-3.18624,13.2285,0.010303
310,-3.18843,13.2396,-0.00220084
310,-5.26191,13.9297,1.3104
310,-0.679065,12.7945,-0.43941
310,0.158487,13.1902,1.12189
310,-3.18793,13.267,-0.0176067
310,-3.16238,13.0005,-0.852868
310,-1.16312,12.6309,-1.22974
310,-3.19668,13.2777,-0.0203803
310,-0.0515337,13.2402,1.09274
310,-0.00127196,13.2189,1.04567
310,-1.19823,12.6933,-1.12345
310,-4.5736,13.6494,0.452682
310,-3.18335,13.2139,-0.506987
310,0.405784,13.2917,1.16495
310,-0.036773,13.3355,1.08432
310,-0.674961,12.7803,-0.928599
310,-3.19224,13.2437,-0.516397
310,-3.16198,13.1101,-0.934274
310,-0.0109701,13.3894,1.07447
310,-0.707192,12.7117,-1.38045
310,-1.92854,12.8794,-1.37324
310,-3.18128,13.1789,-0.986982
310,-1.04436,13.1133,-0.503467
310,-1.93171,12.9532,-1.42634
310,-1.63722,13.6438,0.823354
310,-0.346782,13.6259,1.13152
310,0.884502,13.0813,-0.17977
310,-3.18675,13.1951,-1.51454
310,-5.20284,14.7511,2.55774
310,-1.17633,13.0546,-1.2448
310,-3.16206,13.1847,-1.69995
310,0.834545,13.0068,-0.682876
310,0.992373,14.1707,2.88763
310,0.962912,13.1886,-0.228396
310,1.46362,13.5403,1.05179
310,1.09041,13.3406,0.252563
310,-2.9213,13.8321,0.151688
310,-0.318181,13.4102,-0.222407
310,-4.52449,13.5108,-1.62488
310,-1.11755,14.0506,1.30158
310,1.5027,13.6272,1.02381
310,-1.11571,14.0727,1.32866
310,-2.63087,14.2717,1.30059
310,-1.09459,13.1162,-1.79241
310,-0.582318,13.2684,-1.20045
310,-1.07669,14.6651,2.92352
310,-4.05785,15.1649,3.08312
310,-1.28351,14.8035,2.8804
310,-0.561906,13.3749,-1.3349
310,1.21328,14.4953,2.8759
310,2.06057,13.8599,1.13342
310,-1.07674,13.5781,-1.0457
310,-1.04667,13.6245,-1.00736
310,-0.944978,14.8702,2.91275
310,-3.29638,15.1865,2.91573
310,-0.161442,13.7879,-0.381177
310,-3.34762,15.1427,2.58003
310,1.1666,13.4604,-0.942216
310,-3.36099,15.2216,2.57036
310,-1.05715,14.9708,2.58007
310,-1.0046,14.9794,2.56051
310,-1.10927,14.5935,1.21506
310,-1.56299,13.6334,-2.08011
310,1.3952,14.8443,2.89881
310,-1.22226,15.2263,2.91586
310,-2.6192,14.2071,-0.915626
310,-2.72195,14.9202,1.19797
310,-1.413,14.7472,1.13566
310,1.3398,14.9375,2.79128
310,-0.982132,13.9451,-1.27835
310,-2.82805,14.9861,1.24315
310,-3.35832,18.1299,2.46358
309,-3.35832,18.1299,2.46358
310,-2.17684,16.786,-0.054517
309,-2.17684,16.786,-0.054517
310,-1.68714,16.2967,0.0687024
309,-1.68714,16.2967,0.0687024
310,1.00526,17.0624,2.10257
309,1.00526,17.0624,2.10257
310,1.55326,15.5804,1.69069
309,1.55326,15.5804,1.69069
310,0.956921,17.9797,2.06466
309,0.956921,17.9797,2.06466
310,-1.42314,15.5591,1.22658
309,-1.42314,15.5591,1.22658
310,-1.93938,22.5206,2.59967
309,-1.93938,22.5206,2.59967
310,0.516011,15.612,1.18123
309,0.516011,15.612,1.18123
310,1.40383,15.2881,1.25073
309,1.40383,15.2881,1.25073
310,-2.14045,9.41295,2.19213
309,-2.14045,9.41295,2.19213
310,-0.0205771,13.9997,0.649648
309,-0.0205771,13.9997,0.649648
310,-3.63943,16.8938,1.08733
309,-3.63943,16.8938,1.08733
310,-1.10071,12.8175,1.12875
309,-1.10071,12.8175,1.12875
310,-2.98693,21.2939,2.64825
309,-2.98693,21.2939,2.64825
310,2.9002,17.2083,2.01846
309,2.9002,17.2083,2.01846
310,2.9972,17.4906,2.55202
309,2.9972,17.4906,2.55202
310,-2.19671,19.2725,1.07499
309,-2.19671,19.2725,1.07499
310,1.23373,18.9394,2.03934
309,1.23373,18.9394,2.03934
310,-4.24477,17.7521,0.99602
309,-4.24477,17.7521,0.99602
310,-1.9393,22.9508,2.59635
309,-1.9393,22.9508,2.59635
310,-2.42716,17.7086,3.6049
309,-2.42716,17.7086,3.6049
310,-3.15238,17.9247,3.62198
309,-3.15238,17.9247,3.62198
310,3.34539,15.2094,1.20392
309,3.34539,15.2094,1.20392
310,-1.10362,13.0663,1.11353
309,-1.10362,13.0663,1.11353
310,4.67247,17.594,3.48659
309,4.67247,17.594,3.48659
310,-3.36609,15.2631,2.57761
309,-3.36609,15.2631,2.57761
310,-1.13826,17.3933,2.06807
309,-1.13826,17.3933,2.06807
310,-5.23434,15.8043,1.2331
309,-5.23434,15.8043,1.2331
310,-5.02524,15.8954,1.39582
309,-5.02524,15.8954,1.39582
310,-0.47622,13.8442,1.9479
309,-0.47622,13.8442,1.9479
310,-5.46417,19.1141,2.24214
309,-5.46417,19.1141,2.24214
310,4.24821,17.063,3.42194
309,4.24821,17.063,3.42194
310,3.90535,15.5355,1.72822
309,3.90535,15.5355,1.72822
310,-1.3857,17.4208,3.47281
309,-1.3857,17.4208,3.47281
310,2.50012,22.0077,2.44578
309,2.50012,22.0077,2.44578
310,-0.30968,15.436,3.16241
309,-0.30968,15.436,3.16241
310,-3.74258,14.2835,1.56711
309,-3.74258,14.2835,1.56711
310,-0.387812,15.1024,3.1255
309,-0.387812,15.1024,3.1255
310,-1.21583,25.824,2.05883
309,-1.21583,25.824,2.05883
310,2.11414,13.9993,2.43536
309,2.11414,13.9993,2.43536
310,-4.21733,16.4807,1.29547
309,-4.21733,16.4807,1.29547
310,3.13959,17.5271,2.08324
309,3.13959,17.5271,2.08324
310,-5.92604,17.4633,2.1315
309,-5.92604,17.4633,2.1315
310,3.06928,15.4523,1.44614
309,3.06928,15.4523,1.44614
310,-5.48103,18.9894,2.26245
309,-5.48103,18.9894,2.26245
310,1.16565,16.9592,2.088
308,1.16565,16.9592,2.088
310,-2.83621,15.8764,1.27714
308,-2.83621,15.8764,1.27714
310,-1.88815,16.3942,0.91916
308,-1.88815,16.3942,0.91916
310,-0.0730476,12.9769,-0.948033
308,-0.0730476,12.9769,-0.948033
310,-0.765858,14.6266,1.57717
308,-0.765858,14.6266,1.57717
310,-1.08411,12.9288,1.13245
308,-1.08411,12.9288,1.13245
310,1.2915,16.953,1.2834
308,1.2915,16.953,1.2834
310,2.94379,15.3602,1.38112
308,2.94379,15.3602,1.38112
310,-4.97743,20.6469,0.578983
308,-4.97743,20.6469,0.578983
310,0.143872,15.5766,1.84467
308,0.143872,15.5766,1.84467
310,-1.75173,13.9209,1.34252
308,-1.75173,13.9209,1.34252
310,-2.81142,16.1355,1.54771
308,-2.81142,16.1355,1.54771
310,-3.0346,21.9222,2.06317
308,-3.0346,21.9222,2.06317
310,3.29947,15.6283,1.2917
308,3.29947,15.6283,1.2917
310,-2.47653,20.1797,0.304866
308,-2.47653,20.1797,0.304866
310,2.48316,16.614,2.47971
308,2.48316,16.614,2.47971
310,3.07269,14.5637,1.34794
308,3.07269,14.5637,1.34794
310,-2.6906,15.9342,1.31538
308,-2.6906,15.9342,1.31538
310,0.0824501,13.959,2.42942
308,0.0824501,13.959,2.42942
310,2.13306,15.4397,1.05342
308,2.13306,15.4397,1.05342
310,3.05801,15.1806,1.64978
308,3.05801,15.1806,1.64978
310,-3.14273,18.8401,2.29542
308,-3.14273,18.8401,2.29542
310,-5.33756,17.0185,2.21507
308,-5.33756,17.0185,2.21507
310,-1.19205,10.3665,0.884
307,-1.19205,10.3665,0.884
310,1.34522,14.7879,2.70031
307,1.34522,14.7879,2.70031
310,-0.280042,12.7447,1.01099
307,-0.280042,12.7447,1.01099
310,-1.61672,13.4829,0.216121
307,-1.61672,13.4829,0.216121
310,2.16693,17.9458,2.54562
307,2.16693,17.9458,2.54562
310,-2.47363,20.6312,0.229154
307,-2.47363,20.6312,0.229154
310,-1.20028,15.0573,2.93295
307,-1.20028,15.0573,2.93295
310,2.80866,15.168,1.52879
307,2.80866,15.168,1.52879
310,-2.69041,15.307,1.37694
307,-2.69041,15.307,1.37694
310,3.78177,16.0774,3.97785
307,3.78177,16.0774,3.97785
310,-4.36739,16.2439,1.30062
307,-4.36739,16.2439,1.30062
310,0.287241,12.6692,0.531283
306,0.287241,12.6692,0.531283
310,-1.10988,14.8193,-2.2768
306,-1.10988,14.8193,-2.2768
310,0.728734,15.1321,-2.27165
306,0.728734,15.1321,-2.27165
310,-3.5673,19.5621,-1.69757
306,-3.5673,19.5621,-1.69757
310,-2.35394,19.0301,-1.42784
178,-2.35394,19.0301,-1.42784
310,-3.39699,21.5631,-2.66598
178,-3.39699,21.5631,-2.66598
310,-0.377025,16.0186,1.42911
177,-0.377025,16.0186,1.42911
311,-3.09915,10.0146,1.63843
311,-2.40714,11.0008,0.510972
311,-2.74569,11.2884,0.683741
311,-2.54036,11.6088,1.40689
311,-2.80778,11.6424,1.01681
311,-1.71926,11.9838,1.27434
311,-0.730472,11.8527,1.27026
311,-2.70307,11.8906,0.350464
311,-2.24361,11.8194,-0.0392649
311,-3.65349,12.3293,0.958688
311,-3.43811,12.4846,1.23997
311,-1.74482,12.477,1.14937
311,-4.20705,12.5449,-0.0172906
311,-3.25791,12.6475,0.634885
311,-1.21751,12.32,0.347903
311,-2.64744,12.779,1.10265
311,-2.80581,12.6433,0.499257
311,-1.14105,12.7008,1.10891
311,-0.81258,12.5252,0.665752
311,0.601742,12.4961,1.17926
311,-1.64563,12.8529,1.14677
311,-1.66666,12.8591,1.14803
311,-0.336197,12.6955,1.1291
311,-1.08727,12.7968,1.09033
311,-0.403551,12.7364,1.14121
311,-2.00479,12.5753,-0.216944
311,-2.09196,12.5033,-0.488926
311,-3.08015,12.9557,0.509023
311,-3.32155,13.1836,1.06356
311,-4.37612,13.1038,0.144068
311,1.26784,12.0937,-0.698354
311,-3.27902,13.0706,0.465672
311,-1.02603,12.9696,1.1222
311,-4.3615,13.137,0.12623
311,-0.00880051,12.8968,1.20399
311,-1.00412,13.0084,1.10788
311,0.0206788,12.9121,1.20512
311,-1.09953,13.0658,1.1171
311,1.07351,12.762,1.08148
311,-0.130284,12.9437,1.09248
311,-3.09053,13.2135,0.66328
311,-1.21087,12.5483,-0.945072
311,-5.40508,13.8332,1.23336
311,-5.63758,13.1629,-1.05746
311,-2.01916,12.8122,-0.66958
311,-1.90049,13.0132,0.0299156
311,-2.02333,12.8135,-0.673053
311,-5.77383,13.4117,-0.462236
311,-2.45838,13.4073,0.925885
311,-1.93372,12.9205,-0.423257
311,-1.36078,12.6879,-0.940078
311,-0.148114,13.191,1.13003
311,0.166527,13.1617,1.15108
311,-5.66744,13.2446,-1.13839
311,-3.15146,13.153,-0.470026
311,1.6246,12.7921,0.419021
311,-5.84025,13.5207,-0.543152
311,-0.042331,13.2664,1.11131
311,-0.633013,12.8827,-0.502114
311,-1.85694,13.2295,-0.0798211
311,-4.52887,13.9244,0.981041
311,-1.08946,13.4812,1.05078
311,-1.8158,13.3883,0.393766
311,-3.17247,13.1909,-0.989331
311,-1.26519,12.9053,-1.19996
311,0.841036,12.9677,-0.107244
311,-1.13345,12.8665,-1.31855
311,-0.597444,13.5018,0.961438
311,-3.17959,13.3752,-0.597243
311,1.22777,13.3219,1.14606
311,-3.61674,13.7133,0.274351
311,0.865072,12.9992,-0.106915
311,0.749341,12.8746,-0.594133
311,-1.21374,12.9618,-1.18609
311,-0.325073,13.5646,1.14952
311,-0.781231,14.2205,3.04345
311,-0.157013,13.5502,1.12379
311,-3.18555,13.4372,-0.624669
311,-0.992265,13.6212,0.877871
311,-5.4845,14.3486,1.2356
311,-4.44337,13.3616,-1.50272
311,-6.05232,13.9295,-0.418038
311,0.814099,12.9344,-0.63205
311,-1.08526,14.3048,2.96439
311,-6.06981,13.9465,-0.447007
311,-0.263854,13.6537,1.12701
311,-3.19345,13.5112,-0.660323
311,-2.43905,14.1322,1.65879
311,-3.18296,13.5233,-0.686235
311,-1.19435,13.0897,-1.27566
311,0.036077,13.7212,1.28582
311,-1.67478,13.9593,1.29484
311,-2.94173,13.3243,-1.51639
311,0.938261,13.0718,-0.722649
311,-3.1893,13.6256,-0.739023
311,-0.957874,13.357,-0.761722
311,-5.45515,15.1097,2.87979
311,0.131032,13.8926,1.25925
311,-2.92798,13.4276,-1.59888
311,-3.27506,13.5146,-1.60414
311,-3.0467,14.4973,1.6253
311,-1.44473,14.1602,1.18845
311,-3.54544,14.6502,1.63003
311,-3.27159,13.598,-1.66678
311,-1.06633,14.6721,2.73014
311,0.128876,14.1012,1.27763
311,-3.82814,14.2598,0.0159123
311,-4.45051,14.6543,1.00921
311,-0.0558038,14.0678,1.0351
311,-4.73712,14.819,1.38729
311,-1.56904,14.3614,1.2446
311,-1.52617,14.3738,1.20728
311,-0.991749,14.7915,2.65707
311,-5.60176,15.5058,2.93973
311,-0.860312,14.2018,0.773299
311,-6.18824,14.0695,-1.999
311,-0.0575268,13.7691,-0.389204
311,-3.39426,15.267,2.79854
311,-3.03975,14.5667,0.628285
311,-4.69191,15.6061,3.13758
311,-0.953133,14.9564,2.65832
311,-4.71413,15.7701,3.15404
311,-4.04174,15.7151,-0.646437
310,-4.04174,15.7151,-0.646437
311,-1.34915,17.9903,2.01628
310,-1.34915,17.9903,2.01628
311,-1.23853,14.8127,1.30227
310,-1.23853,14.8127,1.30227
311,1.67628,17.0817,1.92807
310,1.67628,17.0817,1.92807
311,-1.1339,23.5523,0.59271
310,-1.1339,23.5523,0.59271
311,-2.51264,12.8711,1.06726
310,-2.51264,12.8711,1.06726
311,2.31605,21.4131,2.66379
310,2.31605,21.4131,2.66379
311,-1.2885,12.9712,-0.10346
310,-1.2885,12.9712,-0.10346
311,1.77768,17.1268,2.56904
310,1.77768,17.1268,2.56904
311,-4.03376,15.7765,-2.32629
310,-4.03376,15.7765,-2.32629
311,2.99107,17.3499,2.02255
310,2.99107,17.3499,2.02255
311,-1.16723,14.3485,1.61083
310,-1.16723,14.3485,1.61083
311,-3.27249,16.4411,0.706773
310,-3.27249,16.4411,0.706773
311,-1.21611,14.9287,1.28257
310,-1.21611,14.9287,1.28257
311,-1.76101,15.1728,1.13244
310,-1.76101,15.1728,1.13244
311,0.19175,15.706,1.25248
310,0.19175,15.706,1.25248
311,-0.78307,14.4385,1.25052
310,-0.78307,14.4385,1.25052
311,-1.74184,16.4862,1.39294
310,-1.74184,16.4862,1.39294
311,-2.05108,17.8657,-1.30591
310,-2.05108,17.8657,-1.30591
311,-2.77742,10.6098,2.57306
310,-2.77742,10.6098,2.57306
311,1.89437,17.3475,3.51803
310,1.89437,17.3475,3.51803
311,-0.734589,14.5811,1.22223
310,-0.734589,14.5811,1.22223
311,-1.10953,17.6599,2.05896
310,-1.10953,17.6599,2.05896
311,-4.26222,15.9262,1.32951
310,-4.26222,15.9262,1.32951
311,2.02766,17.6136,2.57385
310,2.02766,17.6136,2.57385
311,-4.0465,15.8374,-2.36418
310,-4.0465,15.8374,-2.36418
311,0.173783,15.6196,1.83061
310,0.173783,15.6196,1.83061
311,-5.64449,16.0909,1.36783
310,-5.64449,16.0909,1.36783
311,-6.17972,23.6759,2.01974
310,-6.17972,23.6759,2.01974
311,2.88898,15.2974,1.66884
310,2.88898,15.2974,1.66884
311,0.660485,13.137,-1.13316
310,0.660485,13.137,-1.13316
311,3.63121,15.9791,2.52429
310,3.63121,15.9791,2.52429
311,-4.30771,18.53,2.57513
310,-4.30771,18.53,2.57513
311,2.94055,15.1287,1.57306
310,2.94055,15.1287,1.57306
311,-5.77469,21.9982,2.08068
310,-5.77469,21.9982,2.08068
311,-1.49698,16.9909,3.42929
310,-1.49698,16.9909,3.42929
311,1.87661,22.1571,2.58836
310,1.87661,22.1571,2.58836
311,-2.4249,18.2325,3.70796
310,-2.4249,18.2325,3.70796
311,-7.54861,18.336,2.13342
310,-7.54861,18.336,2.13342
311,-4.54028,13.1923,1.12066
310,-4.54028,13.1923,1.12066
311,0.148483,15.104,1.23044
310,0.148483,15.104,1.23044
311,-2.4182,13.1877,0.559836
310,-2.4182,13.1877,0.559836
311,6.22593,19.0555,2.58932
310,6.22593,19.0555,2.58932
311,1.65625,17.1925,2.51785
310,1.65625,17.1925,2.51785
311,1.0877,14.714,2.89079
310,1.0877,14.714,2.89079
311,-1.40343,17.8116,3.52991
310,-1.40343,17.8116,3.52991
311,-6.96834,18.886,2.76796
310,-6.96834,18.886,2.76796
311,0.899683,14.454,2.86821
310,0.899683,14.454,2.86821
311,0.337391,15.135,1.12822
310,0.337391,15.135,1.12822
311,-9.50964,26.8792,0.189941
310,-9.50964,26.8792,0.189941
311,1.25479,14.5468,2.90005
310,1.25479,14.5468,2.90005
311,-5.29627,15.7623,1.44123
310,-5.29627,15.7623,1.44123
311,-1.8366,14.6137,0.057205
310,-1.8366,14.6137,0.057205
311,1.22487,15.2832,1.35446
310,1.22487,15.2832,1.35446
311,-1.16776,17.691,2.57442
309,-1.16776,17.691,2.57442
311,-1.07799,21.5773,-2.41689
309,-1.07799,21.5773,-2.41689
311,-1.07749,11.4846,1.38915
309,-1.07749,11.4846,1.38915
311,-1.29468,15.8086,1.3987
309,-1.29468,15.8086,1.3987
311,-0.170275,14.882,3.10702
309,-0.170275,14.882,3.10702
311,1.56824,34.1513,-6.95613
309,1.56824,34.1513,-6.95613
311,-2.76761,15.8723,1.0338
309,-2.76761,15.8723,1.0338
311,0.269752,15.282,1.2016
309,0.269752,15.282,1.2016
311,-4.30512,17.9603,1.92243
309,-4.30512,17.9603,1.92243
311,-2.27896,14.579,0.0215454
309,-2.27896,14.579,0.0215454
311,-2.27792,14.5588,0.0308765
309,-2.27792,14.5588,0.0308765
311,-1.69163,18.3003,3.49151
309,-1.69163,18.3003,3.49151
311,-4.4127,18.9969,0.807364
309,-4.4127,18.9969,0.807364
311,1.69118,15.5918,1.23589
309,1.69118,15.5918,1.23589
311,-5.70926,16.2531,1.36715
309,-5.70926,16.2531,1.36715
311,-1.95104,12.9262,0.530644
309,-1.95104,12.9262,0.530644
311,2.61937,15.1134,1.38356
309,2.61937,15.1134,1.38356
311,-2.6588,28.1125,-5.36704
309,-2.6588,28.1125,-5.36704
311,-0.186081,13.2264,1.15269
309,-0.186081,13.2264,1.15269
311,-0.18691,17.5177,2.03387
308,-0.18691,17.5177,2.03387
311,-2.83616,15.8885,1.27362
308,-2.83616,15.8885,1.27362
311,-3.15284,18.6335,2.19458
308,-3.15284,18.6335,2.19458
311,5.69562,34.4447,-0.682585
308,5.69562,34.4447,-0.682585
311,2.22177,15.7105,-3.05986
308,2.22177,15.7105,-3.05986
311,-3.13986,18.5595,2.20172
308,-3.13986,18.5595,2.20172
311,0.0218297,15.6397,1.83936
308,0.0218297,15.6397,1.83936
311,1.65877,17.068,1.28056
308,1.65877,17.068,1.28056
311,-1.20866,15.0773,2.72094
308,-1.20866,15.0773,2.72094
311,-0.806778,11.418,0.0474677
308,-0.806778,11.418,0.0474677
311,-3.39756,15.624,-3.20885
308,-3.39756,15.624,-3.20885
311,-5.57572,16.3609,1.37023
308,-5.57572,16.3609,1.37023
311,-3.33641,16.7548,1.38316
308,-3.33641,16.7548,1.38316
311,-4.71643,15.266,1.01242
308,-4.71643,15.266,1.01242
311,-3.70258,16.7036,1.4098
308,-3.70258,16.7036,1.4098
311,-4.43184,25.1377,-4.26706
307,-4.43184,25.1377,-4.26706
311,-3.07172,21.1998,0.1675
307,-3.07172,21.1998,0.1675
311,-4.80531,20.7306,-2.43909
307,-4.80531,20.7306,-2.43909
311,0.18194,14.4978,1.56714
307,0.18194,14.4978,1.56714
311,-4.80478,20.7279,-2.44107
307,-4.80478,20.7279,-2.44107
311,2.81049,28.7935,0.0361348
307,2.81049,28.7935,0.0361348
311,-1.20034,15.0532,2.93829
307,-1.20034,15.0532,2.93829
311,0.925321,15.4297,0.277095
306,0.925321,15.4297,0.277095
311,0.984793,16.2478,1.37211
306,0.984793,16.2478,1.37211
311,1.03423,16.6993,2.40483
306,1.03423,16.6993,2.40483
311,-0.530393,13.9692,1.07625
305,-0.530393,13.9692,1.07625
311,6.39196,26.6037,-0.778844
305,6.39196,26.6037,-0.778844
311,0.550262,14.8935,-2.06167
305,0.550262,14.8935,-2.06167
311,-1.2534,16.8905,0.84852
175,-1.2534,16.8905,0.84852
311,1.43618,39.6781,-9.50106
175,1.43618,39.6781,-9.50106
311,-2.44781,17.8272,3.64799
175,-2.44781,17.8272,3.64799
311,-4.45367,23.0505,-3.15253
177,-4.45367,23.0505,-3.15253
311,-1.90352,12.9999,0.543449
177,-1.90352,12.9999,0.543449
311,-2.47418,17.2438,-1.12135
177,-2.47418,17.2438,-1.12135
311,-3.23446,20.3357,-2.28831
177,-3.23446,20.3357,-2.28831
311,-3.82119,22.6107,-2.96427
177,-3.82119,22.6107,-2.96427
311,-2.57635,16.2362,0.970437
174,-2.57635,16.2362,0.970437
311,-3.32401,15.4639,1.52723
174,-3.32401,15.4639,1.52723
311,-0.325839,23.1671,0.643543
174,-0.325839,23.1671,0.643543
311,-1.16565,15.1214,2.62826
174,-1.16565,15.1214,2.62826
311,-3.71355,13.6694,1.53536
174,-3.71355,13.6694,1.53536
312,-3.44788,8.53382,2.13591
312,-3.51107,8.77534,1.84821
312,-3.55374,9.49861,1.89691
312,-3.55292,9.51213,1.89262
312,-3.42356,10.0206,1.60229
312,-3.05006,12.2277,1.23822
312,-1.20837,12.3082,1.25938
312,-2.13532,12.2987,0.353231
312,-4.30524,12.5157,0.0542159
312,-1.30668,12.2882,0.348399
312,-0.926101,12.2665,0.332215
312,-3.36364,12.8289,1.09173
312,-2.21631,12.0991,-0.7891
312,-0.976596,12.5461,1.0808
312,-1.02533,12.5902,1.19191
312,-1.2479,12.4086,0.286785
312,-1.22419,12.4151,0.295615
312,-0.745312,12.6864,1.10866
312,-1.98508,12.7168,0.63448
312,-1.09746,12.7514,1.08455
312,-0.420691,12.6945,1.12673
312,-1.04744,12.7771,1.10014
312,-3.21554,13.0467,1.03613
312,-5.77332,13.4141,1.06182
312,-1.06935,12.8406,1.16303
312,-1.61681,12.9183,1.0945
312,-1.03161,12.8536,1.1262
312,-2.39034,12.409,-0.902742
312,-2.17266,12.4501,-0.73328
312,-3.36808,13.1535,1.01627
312,-0.861787,12.9154,1.30403
312,-4.23885,13.2868,1.05552
312,-1.04022,12.8856,1.1287
312,-5.8399,13.5012,1.0125
312,-0.843321,12.9421,1.29424
312,-2.00517,12.7606,0.137477
312,-3.81648,13.1406,0.501593
312,-3.93643,13.1467,0.468364
312,-1.09833,12.9816,1.14126
312,-0.986902,12.9367,1.04372
312,-2.1164,12.5953,-0.564716
312,-0.950641,12.9473,1.03639
312,-4.68505,13.4702,1.06084
312,-5.9728,13.6381,1.04816
312,-0.200458,12.8916,1.09735
312,-1.0657,13.0375,1.12502
312,-3.40367,13.3205,0.972789
312,-0.972723,13.042,1.10232
312,-4.40769,13.1889,0.0886703
312,-6.37425,13.2235,-0.727444
312,-4.36889,12.9551,-0.738
312,-4.58524,13.5498,1.05043
312,-1.61335,13.1735,1.09041
312,0.398654,12.962,1.25638
312,-1.01927,13.1181,1.1045
312,-4.69086,13.5865,1.03541
312,-1.02215,13.1186,1.09473
312,-1.58643,12.6423,-0.920749
312,-5.44352,13.865,1.28114
312,-1.56407,12.6563,-0.966607
312,-3.72392,13.5589,0.928646
312,-1.25531,12.6158,-1.08757
312,-3.39769,13.5434,0.969766
312,-4.41813,13.1444,-0.870497
312,-4.41114,13.1523,-0.872228
312,-3.80327,13.6412,0.92968
312,-3.18606,13.0714,-0.94198
312,-3.12182,12.8839,-1.54244
312,-1.33851,13.9415,2.60525
312,1.32142,13.1915,1.12259
312,-0.200756,13.4041,1.14186
312,-3.19045,12.9223,-1.77405
312,-3.9797,13.6621,0.258116
312,-2.9868,13.041,-1.4046
312,-4.51861,13.8155,0.377211
312,-0.352149,13.1352,-0.0528719
312,-2.9407,13.0739,-1.37995
312,-0.905825,13.5286,0.900764
312,0.876965,12.9823,-0.110363
312,-4.54391,13.8609,0.347668
312,-0.135392,13.52,1.12185
312,-2.9314,13.1527,-1.43601
312,-0.889958,13.5835,0.822988
312,-1.21437,13.0136,-1.20685
312,-4.52622,14.1416,1.00348
312,-1.68393,13.5964,0.323423
312,0.64905,12.7202,-1.51716
312,-4.53162,14.191,0.993211
312,-5.99743,13.8915,-0.698618
312,-5.46316,14.9362,2.88607
312,-1.36217,13.1152,-1.27117
312,-2.92064,13.3208,-1.55217
312,-6.41383,13.9235,-1.28683
312,1.26833,13.5717,0.825374
312,1.16505,13.2609,-0.230743
312,-2.55826,13.4256,-1.39937
312,-0.916112,13.9355,0.941567
312,-0.0256758,13.933,1.29791
312,-2.56273,13.4847,-1.2388
312,-6.50267,14.0761,-1.3881
312,-2.91155,13.5122,-1.70615
312,-1.19062,14.6091,2.56232
312,-1.87906,13.3543,-1.92775
312,-4.01282,14.2676,-0.0621109
312,-1.89291,13.3999,-1.96437
312,-2.86953,14.5848,1.2367
312,-6.03393,14.0722,-1.78714
312,-6.51705,14.6194,-0.627056
312,-2.88261,14.7196,1.22535
312,-6.32914,14.6103,-0.664017
312,-3.40281,15.3433,2.79632
312,-0.497675,14.9742,1.52314
311,-0.497675,14.9742,1.52314
312,-0.598243,15.5232,1.4763
311,-0.598243,15.5232,1.4763
312,-1.4401,15.1222,2.54503
311,-1.4401,15.1222,2.54503
312,-1.07317,12.6339,1.06684
311,-1.07317,12.6339,1.06684
312,3.07926,21.0137,2.4103
311,3.07926,21.0137,2.4103
312,-1.33965,15.8571,0.4683
311,-1.33965,15.8571,0.4683
312,0.198384,15.9533,1.83289
311,0.198384,15.9533,1.83289
312,-1.23742,18.2839,-1.29755
311,-1.23742,18.2839,-1.29755
312,-4.41946,17.6537,-0.0847091
311,-4.41946,17.6537,-0.0847091
312,-1.62723,17.7879,-1.11319
311,-1.62723,17.7879,-1.11319
312,1.85158,19.1317,2.25415
311,1.85158,19.1317,2.25415
312,-1.28878,15.6456,1.0406
311,-1.28878,15.6456,1.0406
312,-3.91505,17.3708,-1.02585
311,-3.91505,17.3708,-1.02585
312,-0.831242,17.8372,1.98656
311,-0.831242,17.8372,1.98656
312,-3.63547,12.6585,1.1622
311,-3.63547,12.6585,1.1622
312,-1.36786,17.5587,1.82776
311,-1.36786,17.5587,1.82776
312,-4.22863,20.6917,-2.28451
311,-4.22863,20.6917,-2.28451
312,-4.16193,16.0906,1.2974
311,-4.16193,16.0906,1.2974
312,-2.8672,14.8198,0.568572
311,-2.8672,14.8198,0.568572
312,-0.948683,12.3688,1.18411
311,-0.948683,12.3688,1.18411
312,-4.28109,16.3736,0.859801
311,-4.28109,16.3736,0.859801
312,-3.0104,20.4988,2.68247
311,-3.0104,20.4988,2.68247
312,-1.35128,15.8041,0.480944
311,-1.35128,15.8041,0.480944
312,-1.30972,15.7204,1.52211
311,-1.30972,15.7204,1.52211
312,-4.41595,18.2141,2.59548
311,-4.41595,18.2141,2.59548
312,-2.82752,11.2748,1.14395
311,-2.82752,11.2748,1.14395
312,-1.58282,18.1041,-1.21396
311,-1.58282,18.1041,-1.21396
312,-1.97444,16.6208,1.39265
311,-1.97444,16.6208,1.39265
312,-3.63086,17.58,1.01577
311,-3.63086,17.58,1.01577
312,1.14311,14.7662,2.93566
311,1.14311,14.7662,2.93566
312,-6.26814,25.2403,4.28748
311,-6.26814,25.2403,4.28748
312,-3.70988,11.955,2.71143
311,-3.70988,11.955,2.71143
312,1.59695,15.4348,1.52117
311,1.59695,15.4348,1.52117
312,2.53662,21.2148,4.87606
311,2.53662,21.2148,4.87606
312,6.11147,20.5206,2.51524
311,6.11147,20.5206,2.51524
312,-5.04157,17.0035,1.38849
311,-5.04157,17.0035,1.38849
312,-5.78221,16.3517,1.23039
311,-5.78221,16.3517,1.23039
312,-2.44093,18.0711,3.71061
311,-2.44093,18.0711,3.71061
312,-2.9359,15.2911,-3.04319
311,-2.9359,15.2911,-3.04319
312,2.57376,16.6509,2.06467
311,2.57376,16.6509,2.06467
312,3.22765,17.6318,2.03888
311,3.22765,17.6318,2.03888
312,0.059457,14.5918,2.16419
311,0.059457,14.5918,2.16419
312,1.71133,17.7981,2.18899
311,1.71133,17.7981,2.18899
312,-3.60271,15.4186,1.5437
311,-3.60271,15.4186,1.5437
312,-3.54587,14.7425,1.61377
311,-3.54587,14.7425,1.61377
312,-7.36404,17.6991,2.13949
311,-7.36404,17.6991,2.13949
312,-7.46048,17.8952,2.59586
311,-7.46048,17.8952,2.59586
312,-0.35891,16.349,2.20608
311,-0.35891,16.349,2.20608
312,-0.0203104,15.5355,1.24205
310,-0.0203104,15.5355,1.24205
312,-4.39965,17.8833,0.994523
310,-4.39965,17.8833,0.994523
312,-3.51396,15.2616,2.7191
310,-3.51396,15.2616,2.7191
312,0.722073,20.0877,0.968563
310,0.722073,20.0877,0.968563
312,-2.50152,15.0997,-2.94169
310,-2.50152,15.0997,-2.94169
312,2.79212,20.4514,3.82179
310,2.79212,20.4514,3.82179
312,1.73936,17.1987,4.0105
310,1.73936,17.1987,4.0105
312,-0.679797,14.9016,1.54323
310,-0.679797,14.9016,1.54323
312,-3.52425,15.3313,2.72471
310,-3.52425,15.3313,2.72471
312,-2.48552,16.3259,0.961938
310,-2.48552,16.3259,0.961938
312,-4.25307,16.2381,0.885919
310,-4.25307,16.2381,0.885919
312,-4.09277,17.7948,1.93507
310,-4.09277,17.7948,1.93507
312,1.38525,14.8124,2.90677
310,1.38525,14.8124,2.90677
312,-2.3065,22.4009,-2.66922
310,-2.3065,22.4009,-2.66922
312,-4.29815,15.6434,0.971045
310,-4.29815,15.6434,0.971045
312,1.95999,17.6374,1.87187
310,1.95999,17.6374,1.87187
312,-5.03237,16.032,2.24324
310,-5.03237,16.032,2.24324
312,-6.21353,18.1823,2.15424
310,-6.21353,18.1823,2.15424
312,-1.29695,17.5559,1.92832
309,-1.29695,17.5559,1.92832
312,0.113857,15.5477,1.81846
309,0.113857,15.5477,1.81846
312,-2.63415,12.1389,0.879376
309,-2.63415,12.1389,0.879376
312,0.462432,15.5569,1.4442
309,0.462432,15.5569,1.4442
312,-1.08805,14.8821,3.09171
309,-1.08805,14.8821,3.09171
312,-6.14018,18.1412,2.26398
309,-6.14018,18.1412,2.26398
312,2.95868,17.2844,2.05153
309,2.95868,17.2844,2.05153
312,-7.26518,24.9244,2.83421
309,-7.26518,24.9244,2.83421
312,-6.16975,18.2114,2.26624
309,-6.16975,18.2114,2.26624
312,-2.61704,13.1295,0.994363
309,-2.61704,13.1295,0.994363
312,-5.39819,16.121,1.207
309,-5.39819,16.121,1.207
312,1.51023,14.4291,-1.99451
309,1.51023,14.4291,-1.99451
312,-2.70554,15.3505,-3.1098
309,-2.70554,15.3505,-3.1098
312,-2.63914,26.9199,-4.91452
309,-2.63914,26.9199,-4.91452
312,0.388574,17.0393,-4.0887
308,0.388574,17.0393,-4.0887
312,-1.92979,13.9363,1.60133
308,-1.92979,13.9363,1.60133
312,-2.72187,13.4501,0.39507
308,-2.72187,13.4501,0.39507
312,0.127404,15.5417,1.82455
308,0.127404,15.5417,1.82455
312,2.9688,20.8094,2.74717
307,2.9688,20.8094,2.74717
312,-2.20746,14.4641,-0.155246
307,-2.20746,14.4641,-0.155246
312,-1.42215,14.5763,1.57809
307,-1.42215,14.5763,1.57809
312,-1.13411,17.5568,2.53631
307,-1.13411,17.5568,2.53631
312,-2.01191,14.0865,1.63612
307,-2.01191,14.0865,1.63612
312,1.34309,17.573,3.48239
307,1.34309,17.573,3.48239
312,-1.40012,17.6653,2.04667
307,-1.40012,17.6653,2.04667
312,0.138562,15.594,1.51546
307,0.138562,15.594,1.51546
312,0.399308,12.8382,1.29025
307,0.399308,12.8382,1.29025
312,-1.57717,19.3029,-5.35262
306,-1.57717,19.3029,-5.35262
312,-3.68337,17.165,-1.06109
306,-3.68337,17.165,-1.06109
312,-1.30627,17.6145,1.28451
306,-1.30627,17.6145,1.28451
312,-0.68944,17.7517,2.00274
306,-0.68944,17.7517,2.00274
312,-1.45648,17.6478,1.90333
306,-1.45648,17.6478,1.90333
312,-1.31618,15.7531,1.22602
175,-1.31618,15.7531,1.22602
312,-1.27658,15.7924,1.41901
175,-1.27658,15.7924,1.41901
312,1.42037,19.2224,2.55481
175,1.42037,19.2224,2.55481
312,-4.53828,13.9377,2.32047
177,-4.53828,13.9377,2.32047
312,-4.17648,18.0475,2.52462
174,-4.17648,18.0475,2.52462
312,-2.73913,15.964,1.25871
174,-2.73913,15.964,1.25871
312,-4.65922,16.175,1.68906
174,-4.65922,16.175,1.68906
312,-3.3631,13.9834,1.68035
174,-3.3631,13.9834,1.68035
312,-3.51939,13.6039,2.91026
174,-3.51939,13.6039,2.91026
312,51.9014,78.7724,4.19232
174,51.9014,78.7724,4.19232
312,7.98458,44.1153,-11.6835
174,7.98458,44.1153,-11.6835
312,-5.21826,15.8195,2.53764
174,-5.21826,15.8195,2.53764
313,-3.97136,8.31576,2.08996
313,-3.973,8.3205,2.08807
313,-3.92767,8.38507,2.04521
313,-4.00861,8.58035,1.90699
313,-4.02387,8.63748,1.85892
313,-3.88466,10.5635,1.22311
313,-3.17721,10.7932,1.98848
313,-3.99327,10.7502,1.35128
313,-3.97267,10.7885,1.33009
313,-4.73369,11.1666,1.86311
313,-3.72327,11.1236,1.49535
313,-3.50884,10.962,0.701676
313,-4.00948,11.3501,1.15135
313,-3.74481,11.4292,1.40045
313,-3.80484,11.6245,0.900558
313,-4.03774,11.7224,0.970777
313,-4.72404,11.9395,1.34039
313,-4.03877,11.94,0.889368
313,-4.03986,12.0592,0.842146
313,-1.68269,11.7713,0.566154
313,-3.06559,12.2763,1.58661
313,-3.80632,12.1466,0.75705
313,-1.44573,11.738,0.152259
313,-1.57756,11.5551,-0.498473
313,-3.97343,12.3631,1.21623
313,-1.5678,11.9152,0.501152
313,-4.83568,12.5952,1.18641
313,-1.46116,12.12,0.40797
313,-6.19289,12.7334,0.736154
313,-2.18202,12.377,0.73595
313,-1.49933,12.0207,-0.23891
313,-1.24865,12.5168,1.35283
313,-1.4741,12.0839,-0.249413
313,-4.39778,12.7032,0.733512
313,-3.76992,12.228,-0.650579
313,-3.80773,12.6803,0.596214
313,-2.4067,12.0575,-0.936242
313,-6.40265,13.0033,0.805808
313,-3.29855,12.4548,-0.118563
313,-3.39875,12.2434,-0.811973
313,-2.4176,12.6317,0.526407
313,-2.35924,12.1658,-1.03688
313,-4.42659,12.9631,0.642491
313,-4.45902,13.0159,0.631406
313,-6.54066,13.2513,0.740541
313,-4.22989,12.5447,-0.85314
313,-1.45857,12.3019,-0.877619
313,-5.70567,13.3534,1.10405
313,-2.07771,12.4826,-0.538503
313,-4.42292,12.9791,0.153129
313,-0.598169,12.9233,1.0323
313,-1.40136,12.3988,-0.946365
313,-1.69187,13.1224,1.10821
313,-0.992614,13.1172,1.08886
313,-1.21886,12.7644,-0.0899599
313,-4.44081,13.0452,-0.360631
313,-0.378541,12.5218,-0.861844
313,-2.1214,12.4901,-1.56523
313,-1.30979,12.5563,-1.12387
313,-5.20288,13.7649,1.36935
313,-2.88603,12.9214,-0.637423
313,-2.47928,12.8418,-0.811759
313,-0.991409,13.2742,0.901609
313,-2.11239,12.5725,-1.65402
313,-4.59445,13.6896,1.01003
313,-0.233884,12.6535,-0.960553
313,-2.7116,13.6576,1.36163
313,0.742373,12.7621,-0.535801
313,-0.863626,13.3204,0.713399
313,-1.4134,14.0567,2.75826
313,-1.18066,12.7493,-1.21504
313,-2.81425,13.0841,-0.751434
313,-1.44666,13.7091,1.39738
313,-4.3614,12.9232,-2.01797
313,-6.45876,13.5118,-0.840574
313,-4.54163,13.9215,0.949264
313,-3.11228,13.2916,-0.59518
313,-5.52776,14.0983,1.17666
313,-5.55069,14.1268,1.20806
313,-3.1671,13.1962,-1.02699
313,-0.923341,13.2385,-0.317545
313,-4.40975,13.0839,-1.81978
313,-0.420144,13.6097,0.937874
313,-5.50183,13.1746,-1.97828
313,-5.5555,14.2211,1.20229
313,-6.51462,13.7196,-0.753209
313,-4.54643,14.1108,0.920513
313,-3.2818,13.083,-1.89782
313,0.923158,12.9323,-1.18506
313,-1.37047,13.9478,1.26622
313,-4.41533,13.2149,-1.91771
313,-1.15326,13.0758,-1.40229
313,0.813728,12.8623,-1.64912
313,-3.24756,13.15,-1.97335
313,-0.594921,12.8786,-2.04799
313,-4.53204,14.2149,0.922201
313,1.00119,12.999,-1.21088
313,-0.589445,12.8977,-2.06494
313,-5.4846,14.542,1.55055
313,-1.15562,14.4892,2.62194
313,-3.91111,13.1912,-2.2494
313,-5.96475,14.0864,-0.227448
313,-1.41739,14.2014,1.40037
313,-3.23284,13.2713,-2.0846
313,-1.31059,14.2612,1.37265
313,-6.23285,14.2341,-0.161546
313,-3.90669,13.3434,-2.38406
313,-3.78398,14.193,0.131653
313,-4.72228,13.6599,-1.80288
313,-6.05566,14.2722,-0.307198
313,-5.70832,15.0154,2.08716
313,-7.68555,14.8132,0.875762
313,-2.09405,14.2637,0.761789
313,-4.65644,15.1366,2.53398
313,-1.78561,13.4755,-1.75851
313,-6.06661,14.3631,-0.322728
313,-4.74857,13.8147,-1.70084
313,-6.09222,14.3947,-0.311676
313,-6.11827,14.4675,-0.371976
313,-5.34771,14.9142,1.22211
313,-1.56883,14.43,0.708915
313,0.498763,15.6366,1.08719
312,0.498763,15.6366,1.08719
313,-2.79613,13.7506,0.842477
312,-2.79613,13.7506,0.842477
313,-5.74204,24.1753,2.19173
312,-5.74204,24.1753,2.19173
313,-1.3695,15.858,1.48187
312,-1.3695,15.858,1.48187
313,-4.09079,15.8263,0.383928
312,-4.09079,15.8263,0.383928
313,-4.16366,14.1166,0.805974
312,-4.16366,14.1166,0.805974
313,-3.35154,13.7754,0.686023
312,-3.35154,13.7754,0.686023
313,-4.635,16.3261,1.399
312,-4.635,16.3261,1.399
313,-3.44899,14.7586,-3.4618
312,-3.44899,14.7586,-3.4618
313,2.26504,21.4485,2.75763
312,2.26504,21.4485,2.75763
313,-1.12179,15.0499,2.794
312,-1.12179,15.0499,2.794
313,-4.04296,16.0625,1.57683
312,-4.04296,16.0625,1.57683
313,-4.26904,16.4376,1.18247
312,-4.26904,16.4376,1.18247
313,-6.03521,18.9861,2.24355
312,-6.03521,18.9861,2.24355
313,-3.58152,16.4588,1.18052
312,-3.58152,16.4588,1.18052
313,-4.51572,13.7339,1.00079
312,-4.51572,13.7339,1.00079
313,-3.23542,14.3848,0.77313
312,-3.23542,14.3848,0.77313
313,-1.47902,15.0025,2.53254
312,-1.47902,15.0025,2.53254
313,2.89331,20.6418,2.71823
312,2.89331,20.6418,2.71823
313,-6.32563,18.3871,2.08112
312,-6.32563,18.3871,2.08112
313,-4.62102,16.3217,1.40516
312,-4.62102,16.3217,1.40516
313,-3.52671,15.4454,2.72781
312,-3.52671,15.4454,2.72781
313,0.375866,52.9735,-13.343
312,0.375866,52.9735,-13.343
313,-3.80056,13.0824,0.470282
312,-3.80056,13.0824,0.470282
313,-4.49211,18.1948,2.07102
312,-4.49211,18.1948,2.07102
313,-1.92068,23.2933,2.61887
312,-1.92068,23.2933,2.61887
313,-5.29398,16.2079,1.46691
312,-5.29398,16.2079,1.46691
313,-7.87596,17.5562,1.8311
312,-7.87596,17.5562,1.8311
313,-1.47014,15.6567,1.25744
312,-1.47014,15.6567,1.25744
313,1.66399,17.2304,3.55365
312,1.66399,17.2304,3.55365
313,-4.25518,18.2633,3.59829
312,-4.25518,18.2633,3.59829
313,-5.85339,16.6077,1.32708
312,-5.85339,16.6077,1.32708
313,1.47767,17.0637,2.55705
312,1.47767,17.0637,2.55705
313,-6.23535,23.7149,2.79508
312,-6.23535,23.7149,2.79508
313,-5.57538,13.784,1.05076
312,-5.57538,13.784,1.05076
313,3.35533,16.4315,-3.44906
312,3.35533,16.4315,-3.44906
313,-6.08331,14.1406,-0.311672
312,-6.08331,14.1406,-0.311672
313,1.83557,17.1764,3.56632
312,1.83557,17.1764,3.56632
313,0.168012,14.9775,2.43349
312,0.168012,14.9775,2.43349
313,2.57232,19.3309,2.49016
312,2.57232,19.3309,2.49016
313,-6.25544,17.3839,2.0479
312,-6.25544,17.3839,2.0479
313,3.68787,22.4288,2.76907
312,3.68787,22.4288,2.76907
313,-5.03867,14.8904,2.48369
312,-5.03867,14.8904,2.48369
313,-4.27813,17.6762,2.47812
312,-4.27813,17.6762,2.47812
313,-4.19708,14.8918,1.22577
312,-4.19708,14.8918,1.22577
313,-4.32476,17.9584,2.06263
311,-4.32476,17.9584,2.06263
313,0.0679836,15.6549,1.68344
311,0.0679836,15.6549,1.68344
313,-2.27849,23.5403,-3.09032
311,-2.27849,23.5403,-3.09032
313,0.169833,35.6254,-7.65401
311,0.169833,35.6254,-7.65401
313,0.99707,14.7811,1.5917
311,0.99707,14.7811,1.5917
313,0.163116,17.9344,2.20352
311,0.163116,17.9344,2.20352
313,-4.11621,17.0104,1.11115
310,-4.11621,17.0104,1.11115
313,-2.68875,16.1963,0.968664
310,-2.68875,16.1963,0.968664
313,-4.1757,18.0108,2.07049
310,-4.1757,18.0108,2.07049
313,-1.14348,17.5324,1.89292
310,-1.14348,17.5324,1.89292
313,-1.49359,17.529,3.44713
310,-1.49359,17.529,3.44713
313,0.170771,15.6168,1.27547
310,0.170771,15.6168,1.27547
313,-3.13486,13.3386,0.409125
310,-3.13486,13.3386,0.409125
313,-5.49003,13.8729,1.20438
310,-5.49003,13.8729,1.20438
313,-0.108529,17.3838,2.57394
309,-0.108529,17.3838,2.57394
313,-1.11957,17.5942,2.05964
309,-1.11957,17.5942,2.05964
313,1.45453,46.0022,-10.5332
309,1.45453,46.0022,-10.5332
313,1.5486,46.9992,-10.9127
309,1.5486,46.9992,-10.9127
313,-3.16795,15.2395,-0.276448
308,-3.16795,15.2395,-0.276448
313,-2.5361,15.0669,-2.90611
308,-2.5361,15.0669,-2.90611
313,2.86033,17.1063,2.05853
308,2.86033,17.1063,2.05853
313,0.330726,17.7268,2.50194
308,0.330726,17.7268,2.50194
313,1.21748,16.638,2.12933
307,1.21748,16.638,2.12933
313,1.02464,14.9009,0.866664
307,1.02464,14.9009,0.866664
313,-7.69671,17.2966,2.58945
178,-7.69671,17.2966,2.58945
313,-4.3005,13.4556,-2.48045
177,-4.3005,13.4556,-2.48045
313,-2.34812,28.1747,-8.95942
177,-2.34812,28.1747,-8.95942
313,-2.7902,16.3059,-0.768717
177,-2.7902,16.3059,-0.768717
313,1.1866,15.2305,1.3664
177,1.1866,15.2305,1.3664
313,-2.85598,15.9245,1.2512
175,-2.85598,15.9245,1.2512
313,-1.31845,15.8228,1.58596
175,-1.31845,15.8228,1.58596
313,-5.07,13.4439,1.00313
175,-5.07,13.4439,1.00313
313,-1.24823,15.8985,0.443368
175,-1.24823,15.8985,0.443368
313,-3.73262,27.9456,-5.32919
175,-3.73262,27.9456,-5.32919
313,-4.07002,16.917,1.51958
175,-4.07002,16.917,1.51958
313,1.31671,20.2144,-1.97333
175,1.31671,20.2144,-1.97333
313,-3.09574,17.9842,-1.54807
175,-3.09574,17.9842,-1.54807
313,0.210824,15.6546,1.56254
175,0.210824,15.6546,1.56254
313,-3.12121,17.8314,-1.44962
175,-3.12121,17.8314,-1.44962
313,-7.67738,17.8617,2.61735
175,-7.67738,17.8617,2.61735
313,-2.23471,18.9829,1.10607
179,-2.23471,18.9829,1.10607
313,-4.00165,11.6377,0.86261
179,-4.00165,11.6377,0.86261
313,-0.695569,20.4922,-2.14525
179,-0.695569,20.4922,-2.14525
313,-7.34323,16.906,1.18951
179,-7.34323,16.906,1.18951
313,-8.03041,16.1994,1.84727
179,-8.03041,16.1994,1.84727
313,1.26158,17.6802,2.4325
306,1.26158,17.6802,2.4325
314,-4.16878,10.4261,0.554528
314,-4.20191,10.8613,1.52999
314,-6.2331,10.731,0.76767
314,-6.2019,10.7802,0.715048
314,-6.25571,10.8348,0.696473
314,-4.03645,11.1225,1.10417
314,-3.59056,11.3874,1.68284
314,-2.37164,11.0249,0.323227
314,-6.17265,11.5166,0.635033
314,-6.17179,11.6033,0.674739
314,-6.21932,11.6426,0.594652
314,-4.14339,11.6088,0.875367
314,-6.18521,11.7068,0.675119
314,-6.19043,11.7508,0.702361
314,-3.38951,11.4774,-0.182296
314,-3.34545,12.2147,1.56785
314,-3.29314,12.3773,1.53979
314,-6.13858,12.3751,0.612889
314,-2.9825,12.0829,0.163625
314,-1.33906,12.3998,1.10353
314,-4.63906,12.4787,0.517109
314,-3.41543,12.6577,1.15587
314,-2.07255,11.9683,-0.582289
314,-2.1813,12.4602,0.697693
314,-7.27319,12.8248,0.787151
314,-2.1708,12.4807,0.681867
314,-1.08635,12.6211,1.17318
314,-7.05483,12.889,0.822583
314,-3.65279,12.7589,1.06054
314,-6.21158,12.8053,0.704586
314,-3.15976,12.8875,1.45373
314,-3.90837,12.1932,-0.818577
314,-6.08037,12.3511,-0.909775
314,-4.52633,12.735,0.454988
314,-6.09232,12.3927,-0.943626
314,-5.65832,13.1406,1.15122
314,-6.10528,12.4517,-0.986481
314,-5.51105,13.1447,1.06617
314,-4.3711,12.8495,0.428912
314,-5.52466,13.1606,1.06939
314,-4.54733,12.8932,0.420179
314,-4.36977,12.8853,0.426083
314,-4.43997,12.9684,0.634289
314,-2.13231,12.4384,-0.519398
314,-3.68075,12.7237,-0.0264974
314,-4.43882,13.0147,0.626787
314,-5.65225,13.2471,1.02861
314,-4.52809,12.9598,0.37571
314,-5.55159,13.2913,1.08397
314,-4.35721,12.9432,0.301634
314,-4.44359,12.7861,-0.224828
314,-4.3479,12.9944,0.333262
314,-3.07567,12.6374,-0.568846
314,-0.90828,13.0925,1.1306
314,-2.13567,12.5308,-0.711256
314,-1.59998,13.1154,1.04987
314,-3.3329,13.2249,1.04007
314,-4.3499,13.0611,0.266133
314,-4.34941,13.1031,0.340617
314,-1.05024,13.1719,0.926497
314,-1.93388,12.9165,0.0298378
314,-1.60824,13.2885,0.999858
314,-0.939849,13.2041,0.872192
314,-0.912485,12.5003,-1.24697
314,-3.61601,13.0506,-0.181701
314,-1.55218,13.345,0.979291
314,-3.37982,12.5908,-1.54757
314,-3.33577,13.5605,0.958798
314,-3.59089,13.2168,-0.25068
314,-4.43476,13.0329,-1.33538
314,-3.17833,13.0851,-0.976429
314,-5.55076,14.011,1.21036
314,-3.5607,13.3734,-0.33288
314,-1.70188,13.3412,-0.155463
314,-1.03726,13.2679,-0.268091
314,-1.91722,12.9364,-1.47149
314,-1.75472,13.2341,-0.638639
314,-3.26009,13.0652,-1.4473
314,-4.35181,12.9344,-2.04627
314,-3.24642,13.0909,-1.47354
314,-4.33435,12.9813,-2.04839
314,-0.671945,12.7851,-1.9733
314,-6.56411,13.1081,-2.18179
314,-1.15215,14.5398,2.91632
314,-0.0525904,13.3821,-0.200499
314,-0.654694,12.8022,-2.00255
314,-0.420754,13.0843,-1.17667
314,-1.2069,14.5786,2.93966
314,-3.57335,14.1831,1.27381
314,-0.909657,13.9289,0.936605
314,-1.09994,13.1212,-1.47777
314,-2.06924,12.914,-2.27291
314,-0.348364,13.1719,-1.23534
314,-6.34617,13.598,-1.14291
314,-2.65561,12.9799,-2.28093
314,-0.106636,14.0158,1.03781
314,-5.56071,13.2616,-2.20822
314,-2.6423,13.0376,-2.32624
314,-2.02767,13.0002,-2.35204
314,-1.12824,12.9463,-2.34286
314,-5.58115,13.2792,-2.29046
314,-1.06226,12.9853,-2.43705
314,-4.32056,13.2699,-2.30041
314,-0.193501,13.3425,-1.34422
314,-0.196269,13.3626,-1.34243
314,-3.68374,13.4794,-1.72327
314,-5.39495,14.6494,1.22736
314,-3.70685,13.2737,-2.46026
314,-1.95701,13.1681,-2.49323
314,-1.75353,14.3025,0.739796
314,-1.4335,14.4258,1.10837
314,-0.117769,13.4734,-1.42432
314,-6.46418,14.2379,-0.422721
314,-2.09605,13.3794,-2.15354
314,-0.622539,16.029,1.15457
313,-0.622539,16.029,1.15457
314,-5.24803,16.2771,1.11658
313,-5.24803,16.2771,1.11658
314,-3.71381,13.6733,0.502068
313,-3.71381,13.6733,0.502068
314,-5.14085,15.1672,-3.91544
313,-5.14085,15.1672,-3.91544
314,-4.90036,16.4273,1.39422
313,-4.90036,16.4273,1.39422
314,-3.96952,13.126,0.276168
313,-3.96952,13.126,0.276168
314,-3.69697,11.3467,1.06056
313,-3.69697,11.3467,1.06056
314,-3.65621,11.6051,1.02036
313,-3.65621,11.6051,1.02036
314,-4.24694,15.7411,1.10839
313,-4.24694,15.7411,1.10839
314,-5.75906,16.4394,1.4949
313,-5.75906,16.4394,1.4949
314,-3.97098,13.1086,0.295469
313,-3.97098,13.1086,0.295469
314,-3.04618,15.1386,-0.173559
313,-3.04618,15.1386,-0.173559
314,-4.2046,16.4725,0.261021
313,-4.2046,16.4725,0.261021
314,-5.8909,20.1014,2.20881
313,-5.8909,20.1014,2.20881
314,-1.93723,17.1122,1.33737
313,-1.93723,17.1122,1.33737
314,-3.29408,18.0237,2.00191
313,-3.29408,18.0237,2.00191
314,-5.78182,16.5094,1.29203
313,-5.78182,16.5094,1.29203
314,-1.42749,17.5645,2.05097
313,-1.42749,17.5645,2.05097
314,1.62982,18.7176,2.24891
313,1.62982,18.7176,2.24891
314,-6.56523,17.1776,1.17966
313,-6.56523,17.1776,1.17966
314,-6.4505,14.4262,-0.635549
313,-6.4505,14.4262,-0.635549
314,-4.18529,15.3976,0.516428
313,-4.18529,15.3976,0.516428
314,-3.19187,12.9617,0.591172
313,-3.19187,12.9617,0.591172
314,-5.35184,16.2462,-4.65092
313,-5.35184,16.2462,-4.65092
314,-3.15152,17.6057,2.10711
313,-3.15152,17.6057,2.10711
314,-3.96932,13.1856,0.262386
313,-3.96932,13.1856,0.262386
314,-4.24449,15.6388,1.12624
313,-4.24449,15.6388,1.12624
314,-3.17826,13.0406,0.569498
313,-3.17826,13.0406,0.569498
314,-6.53055,14.6355,-0.729266
313,-6.53055,14.6355,-0.729266
314,-3.33072,17.9907,2.45969
313,-3.33072,17.9907,2.45969
314,-5.29968,15.918,-4.36897
313,-5.29968,15.918,-4.36897
314,-2.9122,15.7118,1.27172
313,-2.9122,15.7118,1.27172
314,-5.43532,15.1116,1.17014
313,-5.43532,15.1116,1.17014
314,-5.809,16.5816,1.29024
313,-5.809,16.5816,1.29024
314,-5.23048,12.1759,1.73197
313,-5.23048,12.1759,1.73197
314,-4.24903,15.8151,1.10118
313,-4.24903,15.8151,1.10118
314,-5.9292,21.4174,2.26811
313,-5.9292,21.4174,2.26811
314,0.0968552,14.9805,1.1752
313,0.0968552,14.9805,1.1752
314,-4.32408,15.1262,1.00475
313,-4.32408,15.1262,1.00475
314,-7.94235,16.9987,1.73488
313,-7.94235,16.9987,1.73488
314,-7.18738,16.4792,1.24236
313,-7.18738,16.4792,1.24236
314,-5.78666,15.7222,2.62544
313,-5.78666,15.7222,2.62544
314,-4.34212,15.5816,0.921705
313,-4.34212,15.5816,0.921705
314,-4.23161,15.9065,1.23853
313,-4.23161,15.9065,1.23853
314,-6.01047,16.202,2.96008
313,-6.01047,16.202,2.96008
314,-8.23545,15.7741,2.08323
313,-8.23545,15.7741,2.08323
314,-7.87644,16.2578,2.49181
313,-7.87644,16.2578,2.49181
314,-8.44066,16.2655,2.48883
313,-8.44066,16.2655,2.48883
314,-5.3817,16.9419,1.18983
313,-5.3817,16.9419,1.18983
314,-1.24674,17.1465,2.53132
313,-1.24674,17.1465,2.53132
314,-7.93063,16.3594,2.49531
313,-7.93063,16.3594,2.49531
314,-1.05844,14.7727,-3.14931
313,-1.05844,14.7727,-3.14931
314,2.06467,17.549,2.54772
313,2.06467,17.549,2.54772
314,-1.40348,15.6464,1.53748
313,-1.40348,15.6464,1.53748
314,0.479239,15.8051,1.11569
313,0.479239,15.8051,1.11569
314,-7.66246,16.2962,1.12234
313,-7.66246,16.2962,1.12234
314,-6.32831,18.5465,2.13122
313,-6.32831,18.5465,2.13122
314,-4.73373,19.4795,2.22707
313,-4.73373,19.4795,2.22707
314,-1.22019,17.643,1.99661
313,-1.22019,17.643,1.99661
314,-3.14862,17.7635,2.10803
312,-3.14862,17.7635,2.10803
314,-5.24586,17.747,-0.988572
312,-5.24586,17.747,-0.988572
314,-4.17566,16.2734,1.24396
312,-4.17566,16.2734,1.24396
314,-2.56473,15.8044,1.1667
312,-2.56473,15.8044,1.1667
314,-0.841447,14.9117,1.52402
312,-0.841447,14.9117,1.52402
314,-0.0247947,15.5267,1.24201
312,-0.0247947,15.5267,1.24201
314,-0.749356,15.0685,1.50739
312,-0.749356,15.0685,1.50739
314,0.774161,18.8206,1.12073
312,0.774161,18.8206,1.12073
314,-1.32147,13.9877,1.61798
312,-1.32147,13.9877,1.61798
314,1.51189,15.3021,1.29543
312,1.51189,15.3021,1.29543
314,1.41113,15.158,1.54885
312,1.41113,15.158,1.54885
314,1.84586,20.7083,2.47248
312,1.84586,20.7083,2.47248
314,-3.79054,16.3468,1.16027
312,-3.79054,16.3468,1.16027
314,-7.49672,18.7269,1.90964
312,-7.49672,18.7269,1.90964
314,-4.10939,18.0923,1.91722
312,-4.10939,18.0923,1.91722
314,-4.24119,15.6299,1.13143
312,-4.24119,15.6299,1.13143
314,-7.43925,17.9143,2.11721
312,-7.43925,17.9143,2.11721
314,-1.42626,18.0334,1.88011
312,-1.42626,18.0334,1.88011
314,-7.72777,16.136,0.623543
312,-7.72777,16.136,0.623543
314,-2.71653,17.3589,2.54096
312,-2.71653,17.3589,2.54096
314,1.51487,16.732,2.47358
312,1.51487,16.732,2.47358
314,-2.15735,20.218,-2.19992
311,-2.15735,20.218,-2.19992
314,-4.79432,21.0127,-2.72453
311,-4.79432,21.0127,-2.72453
314,-1.29638,15.7686,1.50307
311,-1.29638,15.7686,1.50307
314,-3.61809,12.5045,0.682711
311,-3.61809,12.5045,0.682711
314,-1.10187,15.5104,2.77374
311,-1.10187,15.5104,2.77374
314,-4.3326,13.9931,1.29438
311,-4.3326,13.9931,1.29438
314,-2.12185,20.5306,-2.4383
310,-2.12185,20.5306,-2.4383
314,0.770365,18.5884,2.45663
310,0.770365,18.5884,2.45663
314,-1.64809,19.8318,0.404539
310,-1.64809,19.8318,0.404539
314,-4.13594,15.0825,1.44587
310,-4.13594,15.0825,1.44587
314,-1.35895,15.781,1.16995
176,-1.35895,15.781,1.16995
314,-5.73691,16.2606,1.51897
176,-5.73691,16.2606,1.51897
314,-1.02298,15.7083,1.14735
176,-1.02298,15.7083,1.14735
314,-7.82472,16.6672,1.45154
176,-7.82472,16.6672,1.45154
314,-5.78059,16.9774,1.52248
176,-5.78059,16.9774,1.52248
314,-0.322611,21.0526,-2.47816
176,-0.322611,21.0526,-2.47816
314,-0.372207,20.9454,-2.424
176,-0.372207,20.9454,-2.424
314,-3.23491,19.4274,-1.74003
176,-3.23491,19.4274,-1.74003
314,-2.94892,18.4669,2.25267
176,-2.94892,18.4669,2.25267
314,-7.83555,17.1957,1.2834
176,-7.83555,17.1957,1.2834
314,-0.555484,20.5483,-2.20884
176,-0.555484,20.5483,-2.20884
314,-6.07593,16.5434,2.54274
178,-6.07593,16.5434,2.54274
314,1.44878,17.785,2.05468
178,1.44878,17.785,2.05468
314,-3.15864,17.531,2.17073
178,-3.15864,17.531,2.17073
314,-6.28825,10.6696,0.660604
178,-6.28825,10.6696,0.660604
314,-1.21288,15.9702,0.413278
175,-1.21288,15.9702,0.413278
314,-4.16651,16.1907,1.51576
175,-4.16651,16.1907,1.51576
314,-1.2688,17.6763,1.86552
175,-1.2688,17.6763,1.86552
314,-4.18635,17.8994,2.12733
175,-4.18635,17.8994,2.12733
314,-1.45412,17.5434,2.08823
175,-1.45412,17.5434,2.08823
314,1.77911,17.1406,2.61191
175,1.77911,17.1406,2.61191
314,-1.00231,15.0998,2.47303
175,-1.00231,15.0998,2.47303
314,1.897,17.2877,2.61663
175,1.897,17.2877,2.61663
314,-5.60422,22.857,2.26877
175,-5.60422,22.857,2.26877
314,-6.89066,17.9803,-1.72242
177,-6.89066,17.9803,-1.72242
314,0.157247,15.8764,1.3629
177,0.157247,15.8764,1.3629
314,-1.91717,12.9519,-1.97591
177,-1.91717,12.9519,-1.97591
314,-4.54878,18.3085,1.89804
177,-4.54878,18.3085,1.89804
314,-8.42673,16.2526,2.51237
177,-8.42673,16.2526,2.51237
314,-4.75405,16.4911,-0.960389
177,-4.75405,16.4911,-0.960389
314,-7.03383,16.6064,1.3247
177,-7.03383,16.6064,1.3247
314,-0.996192,25.8442,-3.88995
177,-0.996192,25.8442,-3.88995
314,1.5089,18.2515,-4.9734
309,1.5089,18.2515,-4.9734
314,1.38611,15.3223,1.27405
309,1.38611,15.3223,1.27405
314,0.0146189,15.6343,1.82083
309,0.0146189,15.6343,1.82083
314,1.73035,14.8343,-2.69356
309,1.73035,14.8343,-2.69356
314,-4.64634,17.8121,0.976919
174,-4.64634,17.8121,0.976919
314,1.79861,20.8701,0.894094
174,1.79861,20.8701,0.894094
314,-1.91228,21.3879,-2.87723
174,-1.91228,21.3879,-2.87723
314,0.599412,19.1414,1.09409
174,0.599412,19.1414,1.09409
314,0.353226,17.3028,2.10639
174,0.353226,17.3028,2.10639
314,1.60076,17.2439,2.05834
174,1.60076,17.2439,2.05834
314,-0.0130408,15.8451,-3.12502
308,-0.0130408,15.8451,-3.12502
314,-4.81464,21.0469,-2.63964
308,-4.81464,21.0469,-2.63964
315,-4.75929,8.47121,1.82925
315,-4.69169,8.70416,1.84402
315,-6.33263,9.91185,0.733721
315,-6.34825,9.92104,0.707447
315,-6.33938,9.94215,0.750065
315,-6.3659,9.99654,0.719299
315,-6.35177,10.0267,0.718713
315,-6.35993,10.0386,0.706587
315,-6.34146,10.1001,0.696061
315,-6.29952,10.3632,0.748158
315,-4.29767,10.8738,1.8429
315,-6.28139,10.5667,0.673457
315,-6.28382,10.6154,0.685452
315,-6.25299,10.6903,0.733316
315,-4.77077,10.94,1.13983
315,-4.92953,11.3021,1.042
315,-4.30099,11.209,0.608676
315,-4.2718,11.3405,0.54318
315,-6.17173,11.5875,0.677594
315,-4.24878,11.4206,0.501323
315,-6.20902,11.3677,-0.830454
315,-4.1758,11.7302,0.352458
315,-6.2122,11.4309,-0.858472
315,-4.73005,12.1695,0.619398
315,-6.13529,11.7463,-0.790161
315,-2.46012,12.0831,-0.426191
315,-4.78312,12.189,-0.677317
315,-2.42113,12.1416,-0.456192
315,-2.10943,12.6415,0.627962
315,-1.29031,12.4544,0.228984
315,-3.97635,12.2176,-0.872613
315,-2.43004,12.8426,1.08026
315,-3.37621,12.4908,-0.157728
315,-2.30306,12.3126,-0.570838
315,-2.38659,12.2019,-0.924293
315,-1.23283,12.5437,0.193699
315,-0.97218,12.858,1.05682
315,-1.14331,12.607,0.171024
315,-2.00871,12.8035,0.575256
315,-2.17638,12.5263,-0.262094
315,-2.30548,12.3126,-1.01901
315,-2.13808,12.5944,-0.272583
315,-5.69236,13.2982,1.15534
315,-5.69814,13.1025,0.535841
315,-3.8556,12.4551,-1.03619
315,-0.961408,13.122,1.23901
315,-2.00264,12.7956,0.100141
315,-1.53517,13.1387,1.04622
315,-1.1202,13.1166,1.00797
315,-3.28342,12.7714,-0.302969
315,-2.59286,12.4118,-1.27996
315,-1.94662,12.8997,0.0615182
315,-4.06736,12.6498,-1.02614
315,-4.12257,13.0871,0.187369
315,-3.58459,13.5327,1.46335
315,-1.15501,12.831,-0.139358
315,-2.02088,12.6302,-0.919536
315,-2.219,12.5847,-1.1284
315,-4.05642,12.7156,-1.06982
315,-1.9477,12.7669,-0.723536
315,-0.725317,13.3972,1.19322
315,-2.48834,12.5672,-1.41936
315,-3.30548,12.8949,-0.64256
315,-0.853931,12.552,-1.29068
315,-4.96194,12.7873,-1.26319
315,-2.01464,12.6624,-1.20158
315,-3.29951,12.9365,-0.672056
315,-4.07237,12.5486,-1.97585
315,-2.10927,12.7967,-1.01294
315,-5.03818,13.7148,1.10613
315,-5.05076,13.7154,1.10591
315,-2.05859,12.8073,-1.04994
315,-4.44567,13.1378,-0.90193
315,-3.15891,13.0898,-0.974195
315,-3.15875,13.0965,-0.981288
315,-1.27335,14.3094,2.62954
315,-0.989341,13.2691,-0.272579
315,-4.1637,14.0413,1.31221
315,-2.05443,14.3587,2.49762
315,-8.66015,14.0721,0.497838
315,-3.80247,12.8791,-2.10602
315,-6.26975,13.7075,-0.186843
315,-6.27452,13.6433,-0.437963
315,-4.4216,13.3382,-1.02608
315,-6.2786,13.6678,-0.431598
315,-4.57673,12.8728,-2.49207
315,-2.22117,13.0396,-1.7955
315,-2.21263,13.0848,-1.80111
315,-3.23148,14.2548,1.25804
315,-2.18579,13.1096,-1.81675
315,-1.44219,14.2134,1.37955
315,-3.76856,13.045,-2.24112
315,-4.38986,13.4883,-1.09961
315,-1.50977,13.229,-1.39498
315,-4.86998,13.7741,-0.435948
315,-2.16684,13.138,-1.86697
315,-5.16711,13.1161,-2.3836
315,-2.16926,13.1516,-1.85933
315,-5.82836,14.0943,0.189582
315,-4.86514,13.8361,-0.4639
315,-5.20455,13.0811,-2.65458
315,-8.17857,14.4709,0.726647
315,-3.72845,13.19,-2.38742
315,-5.2949,15.0997,2.52813
315,-5.30903,15.1488,2.52647
315,-4.33365,14.9391,1.04386
314,-4.33365,14.9391,1.04386
315,-4.31828,15.3976,0.968176
314,-4.31828,15.3976,0.968176
315,-3.89027,16.2145,1.18237
314,-3.89027,16.2145,1.18237
315,-1.37366,15.7342,1.17337
314,-1.37366,15.7342,1.17337
315,-3.62486,13.2141,0.853934
314,-3.62486,13.2141,0.853934
315,-1.52132,17.609,2.09471
314,-1.52132,17.609,2.09471
315,-5.0245,15.1525,-3.86699
314,-5.0245,15.1525,-3.86699
315,-4.52103,13.8082,0.979415
314,-4.52103,13.8082,0.979415
315,-4.77168,19.8421,-2.24615
314,-4.77168,19.8421,-2.24615
315,-3.20117,16.0332,1.46606
314,-3.20117,16.0332,1.46606
315,-3.08466,18.0324,2.11265
314,-3.08466,18.0324,2.11265
315,-7.26932,18.2141,2.61508
314,-7.26932,18.2141,2.61508
315,-4.75464,17.7884,-1.42919
314,-4.75464,17.7884,-1.42919
315,-3.79099,16.2997,1.17766
314,-3.79099,16.2997,1.17766
315,-0.929994,15.3521,1.25047
314,-0.929994,15.3521,1.25047
315,-2.98748,13.2243,-2.43564
314,-2.98748,13.2243,-2.43564
315,-8.48207,16.8891,1.26228
314,-8.48207,16.8891,1.26228
315,-5.14559,17.6096,1.67889
314,-5.14559,17.6096,1.67889
315,-1.1112,14.987,1.29264
314,-1.1112,14.987,1.29264
315,-1.48643,15.7499,0.512133
314,-1.48643,15.7499,0.512133
315,-4.98588,14.9919,1.81016
314,-4.98588,14.9919,1.81016
315,-0.159376,17.2672,2.19508
314,-0.159376,17.2672,2.19508
315,-1.60009,13.4127,1.0028
314,-1.60009,13.4127,1.0028
315,-0.956635,16.4198,0.375794
314,-0.956635,16.4198,0.375794
315,-6.47062,14.9748,0.760595
314,-6.47062,14.9748,0.760595
315,-1.40744,14.3705,1.36942
314,-1.40744,14.3705,1.36942
315,0.0997435,17.8096,2.19966
314,0.0997435,17.8096,2.19966
315,-1.45638,18.1376,2.18772
314,-1.45638,18.1376,2.18772
315,-9.55299,18.3365,1.1627
314,-9.55299,18.3365,1.1627
315,-6.55444,14.9883,0.719645
314,-6.55444,14.9883,0.719645
315,-7.14593,16.4997,2.54667
314,-7.14593,16.4997,2.54667
315,-6.25457,22.7044,2.77239
314,-6.25457,22.7044,2.77239
315,-8.12737,16.4866,1.35393
314,-8.12737,16.4866,1.35393
315,-8.51885,20.9821,2.7366
314,-8.51885,20.9821,2.7366
315,-7.72065,15.8718,2.4514
314,-7.72065,15.8718,2.4514
315,-0.00872055,22.942,-3.01302
313,-0.00872055,22.942,-3.01302
315,-4.48056,21.3603,-2.30957
313,-4.48056,21.3603,-2.30957
315,-1.39021,15.8171,1.48695
313,-1.39021,15.8171,1.48695
315,-6.30928,18.4546,2.57868
313,-6.30928,18.4546,2.57868
315,-5.76751,13.9075,1.05956
313,-5.76751,13.9075,1.05956
315,-4.33597,18.0771,2.10733
313,-4.33597,18.0771,2.10733
315,-1.20558,22.6642,-3.1703
313,-1.20558,22.6642,-3.1703
315,-4.06425,16.3264,1.56375
313,-4.06425,16.3264,1.56375
315,-1.31889,12.9873,1.59847
313,-1.31889,12.9873,1.59847
315,-0.697529,14.4403,1.64399
313,-0.697529,14.4403,1.64399
315,0.219747,15.5962,1.30072
313,0.219747,15.5962,1.30072
315,-0.504493,21.3512,-2.56925
312,-0.504493,21.3512,-2.56925
315,-2.06205,17.708,-1.12331
312,-2.06205,17.708,-1.12331
315,-1.95342,16.6398,0.895072
312,-1.95342,16.6398,0.895072
315,0.18529,17.4674,1.27397
312,0.18529,17.4674,1.27397
315,-3.76665,16.2793,1.39648
312,-3.76665,16.2793,1.39648
315,-1.34098,17.6577,1.81196
312,-1.34098,17.6577,1.81196
315,-0.869988,19.4464,1.1116
312,-0.869988,19.4464,1.1116
315,-0.788874,22.1129,-2.59929
312,-0.788874,22.1129,-2.59929
315,-0.869903,15.1657,1.50738
312,-0.869903,15.1657,1.50738
315,-4.39934,18.1264,2.59223
312,-4.39934,18.1264,2.59223
315,-2.45079,20.6293,-2.05198
312,-2.45079,20.6293,-2.05198
315,-2.91968,15.1874,-0.199337
312,-2.91968,15.1874,-0.199337
315,-6.75568,22.5029,2.79744
312,-6.75568,22.5029,2.79744
315,-4.02648,15.6901,-2.27352
311,-4.02648,15.6901,-2.27352
315,-2.34843,17.466,-1.18477
311,-2.34843,17.466,-1.18477
315,-2.70617,18.377,-1.49974
311,-2.70617,18.377,-1.49974
315,-4.70328,20.0244,-2.17832
311,-4.70328,20.0244,-2.17832
315,-3.81882,16.5867,1.14405
311,-3.81882,16.5867,1.14405
315,-4.70346,20.0267,-2.18217
311,-4.70346,20.0267,-2.18217
315,-4.3163,18.0005,1.8946
311,-4.3163,18.0005,1.8946
315,-1.02781,15.247,1.50326
311,-1.02781,15.247,1.50326
315,-2.34154,18.2832,3.49952
311,-2.34154,18.2832,3.49952
315,1.67389,17.2381,1.19283
311,1.67389,17.2381,1.19283
315,-3.25621,21.0681,-2.51885
311,-3.25621,21.0681,-2.51885
315,-0.883501,15.2324,2.15772
311,-0.883501,15.2324,2.15772
315,-4.90112,16.5361,1.3851
177,-4.90112,16.5361,1.3851
315,-6.28482,17.3695,0.0588493
177,-6.28482,17.3695,0.0588493
315,-6.55736,18.0834,0.122452
177,-6.55736,18.0834,0.122452
315,-4.62497,16.352,1.42411
177,-4.62497,16.352,1.42411
315,-4.83859,16.518,1.40686
177,-4.83859,16.518,1.40686
315,-6.66247,16.746,-1.83637
177,-6.66247,16.746,-1.83637
315,-6.57755,18.1926,0.104652
177,-6.57755,18.1926,0.104652
315,-4.39881,18.1378,2.4712
177,-4.39881,18.1378,2.4712
315,-7.18901,17.3002,2.58387
177,-7.18901,17.3002,2.58387
315,-6.26602,18.3712,-3.51039
177,-6.26602,18.3712,-3.51039
315,-6.45262,18.5919,-1.05426
177,-6.45262,18.5919,-1.05426
315,-6.56032,19.2842,-1.21443
177,-6.56032,19.2842,-1.21443
315,-6.53094,17.3891,0.0687933
177,-6.53094,17.3891,0.0687933
315,-1.1298,16.1052,1.18149
177,-1.1298,16.1052,1.18149
315,-8.14148,15.6574,2.47255
177,-8.14148,15.6574,2.47255
315,-6.31886,17.7273,-3.11546
177,-6.31886,17.7273,-3.11546
315,-6.55914,19.2206,-1.19641
177,-6.55914,19.2206,-1.19641
315,-4.3217,16.3828,2.5
177,-4.3217,16.3828,2.5
315,-6.44757,19.1091,-3.83353
177,-6.44757,19.1091,-3.83353
315,-6.26499,16.6027,-4.18985
177,-6.26499,16.6027,-4.18985
315,-2.00319,16.507,-2.74253
177,-2.00319,16.507,-2.74253
315,-6.52283,18.7915,-1.01861
177,-6.52283,18.7915,-1.01861
315,-3.60228,15.3907,2.47626
177,-3.60228,15.3907,2.47626
315,-3.58461,15.4391,2.48006
177,-3.58461,15.4391,2.48006
315,-6.1327,16.4277,-3.1941
177,-6.1327,16.4277,-3.1941
315,-6.67882,19.9206,-1.31147
177,-6.67882,19.9206,-1.31147
315,-6.74014,20.2616,-1.39705
177,-6.74014,20.2616,-1.39705
315,-2.56912,16.8177,1.52573
177,-2.56912,16.8177,1.52573
315,-4.2031,16.7625,2.56606
177,-4.2031,16.7625,2.56606
315,0.821937,16.3743,2.60085
177,0.821937,16.3743,2.60085
315,-4.07032,16.0008,1.1033
178,-4.07032,16.0008,1.1033
315,-4.72546,9.19322,1.30278
178,-4.72546,9.19322,1.30278
315,-8.15095,18.8739,2.08866
178,-8.15095,18.8739,2.08866
315,-2.35447,12.8032,-2.09063
178,-2.35447,12.8032,-2.09063
315,-7.35272,16.1534,2.53776
178,-7.35272,16.1534,2.53776
315,-3.21035,12.7573,-0.838917
178,-3.21035,12.7573,-0.838917
315,-4.78452,13.2319,1.06112
176,-4.78452,13.2319,1.06112
315,-6.17242,19.6332,2.392
176,-6.17242,19.6332,2.392
315,-4.89075,10.5291,0.45852
176,-4.89075,10.5291,0.45852
315,-2.72897,15.8837,1.24625
176,-2.72897,15.8837,1.24625
315,-1.94218,14.8693,0.787673
176,-1.94218,14.8693,0.787673
315,0.271617,15.6273,1.30284
176,0.271617,15.6273,1.30284
315,0.293597,15.8981,1.44072
176,0.293597,15.8981,1.44072
315,-4.34188,17.9295,1.97691
175,-4.34188,17.9295,1.97691
315,-4.26999,16.194,1.25254
175,-4.26999,16.194,1.25254
315,-4.12719,12.2403,1.26984
175,-4.12719,12.2403,1.26984
315,-6.33536,18.4663,2.10787
175,-6.33536,18.4663,2.10787
315,-7.88697,17.5531,2.60707
175,-7.88697,17.5531,2.60707
315,-8.21155,16.3326,0.606373
175,-8.21155,16.3326,0.606373
315,-1.03077,16.2071,0.427748
175,-1.03077,16.2071,0.427748
315,-4.65996,19.3115,2.2052
175,-4.65996,19.3115,2.2052
315,-5.28763,11.7038,1.24334
174,-5.28763,11.7038,1.24334
315,-1.5098,15.0603,1.18258
174,-1.5098,15.0603,1.18258
315,-6.44072,14.8838,0.774227
174,-6.44072,14.8838,0.774227
315,1.243,23.0428,4.19982
174,1.243,23.0428,4.19982
315,-5.77348,15.6616,2.79652
174,-5.77348,15.6616,2.79652
315,-9.95947,16.8949,1.37359
174,-9.95947,16.8949,1.37359
315,-1.25012,15.5666,1.05667
174,-1.25012,15.5666,1.05667
315,-2.7728,13.4125,2.4125
174,-2.7728,13.4125,2.4125
315,-1.13101,14.9427,2.77631
309,-1.13101,14.9427,2.77631
316,-5.31595,9.21935,1.67406
316,-5.25375,9.237,1.64735
316,-6.34879,9.9138,0.71888
316,-6.35662,9.93489,0.710812
316,-6.2401,10.6044,0.767936
316,-6.26651,10.5889,0.713593
316,-6.27262,10.6166,0.698756
316,-6.24834,10.6396,0.762957
316,-5.02101,11.0152,1.01939
316,-6.1657,11.4866,0.701002
316,-6.1417,11.5462,0.752966
316,-6.15067,11.5643,0.748241
316,-6.18975,11.1056,-0.890815
316,-4.91188,11.6838,0.782514
316,-2.22482,11.0671,-0.830693
316,-4.85301,11.8001,0.679708
316,-4.37328,11.9785,0.890962
316,-5.11277,11.9988,0.791141
316,-4.77026,11.9702,0.69832
316,-4.81837,12.0047,0.62323
316,-5.12386,12.0507,0.679471
316,-8.0429,12.3647,0.852369
316,-7.93632,12.7001,0.832999
316,-5.00063,12.3297,0.22127
316,-7.93965,12.7016,0.81751
316,-4.06471,12.8026,1.50536
316,-6.10587,12.642,0.756572
316,-6.12489,12.6476,0.754936
316,-6.13722,12.6734,0.710269
316,-8.21597,12.8373,0.849212
316,-3.45389,12.7328,1.1336
316,-2.33013,12.3846,0.28197
316,-2.98907,12.0033,-0.993407
316,-7.05158,12.869,0.815931
316,-7.8937,12.9904,0.801417
316,-7.93861,13.0134,0.771353
316,-7.33809,12.9709,0.735911
316,-7.3665,12.9921,0.716575
316,-5.64523,12.977,0.814856
316,-2.85787,12.0744,-1.50675
316,-4.47519,12.7926,0.181463
316,-2.10202,12.6766,0.165526
316,-2.08512,12.7098,0.143049
316,-6.39585,13.1506,0.633591
316,-2.04661,12.7682,0.11873
316,-4.46647,12.9564,0.156935
316,-3.44348,12.6695,-0.535512
316,-4.40185,12.9962,0.171881
316,-4.4589,12.9914,0.140544
316,-4.54079,13.0567,0.242447
316,-5.63672,13.4896,1.16117
316,-5.64416,13.4931,1.15321
316,-3.4076,12.7774,-0.603029
316,-7.24251,13.5009,0.789909
316,-3.36591,12.8259,-0.611203
316,-7.31662,13.5864,0.763063
316,-5.6723,13.6873,1.24729
316,-3.06184,13.2894,0.485737
316,-3.05893,13.2987,0.4923
316,-0.923522,13.3657,0.965471
316,-2.15851,12.7303,-0.991531
316,-4.46632,12.5845,-1.74979
316,-5.69182,13.2786,-0.0598724
316,-4.56322,13.6293,1.00414
316,-3.99081,13.596,0.989456
316,-7.01254,13.6626,0.729283
316,-7.35443,13.6906,0.747714
316,-4.43802,12.6453,-1.77498
316,-4.57249,13.6655,0.99689
316,-5.69402,13.351,-0.0896015
316,-7.37247,13.7463,0.730511
316,-4.50849,13.7255,1.02245
316,-1.8493,13.0352,-0.513371
316,-4.57841,13.7219,0.993107
316,-2.12169,12.7811,-1.25653
316,-2.12691,12.787,-1.25181
316,-5.72036,13.4341,0.0156925
316,-4.4563,13.4142,0.110298
316,-1.03958,13.5583,0.9388
316,-1.27952,12.516,-1.98009
316,-6.14794,13.0891,-1.09952
316,-5.73607,13.4755,0.0143075
316,-3.18242,13.0424,-0.939711
316,-5.0502,13.8966,1.0711
316,-3.16794,13.1033,-0.976176
316,-4.40645,12.8304,-1.92706
316,-5.70537,13.1899,-1.21395
316,-6.87231,13.9189,0.571392
316,-1.16651,12.6496,-2.13386
316,-4.45058,13.0993,-1.38243
316,-2.97734,13.5162,-0.112739
316,-3.44752,14.0633,1.27685
316,-3.17167,13.0635,-1.43503
316,-4.67097,12.8783,-2.24416
316,-3.15157,13.1006,-1.48451
316,-5.69564,13.3034,-1.28959
316,-5.03565,14.1291,1.04155
316,-5.72273,13.3717,-1.15891
316,-3.1354,13.1303,-1.5247
316,-4.40875,13.2467,-1.48292
316,-3.14522,13.1677,-1.52943
316,-1.89771,12.9467,-1.98665
316,-4.56448,12.9221,-2.53901
316,-3.45668,14.7745,2.701
316,-5.26087,12.9542,-2.56981
316,-2.18235,12.9178,-2.2561
316,-5.21738,12.9903,-2.56963
316,-3.7627,13.0667,-2.26573
316,-3.94521,13.2905,-1.68407
316,-5.20009,13.1032,-2.39202
316,-5.71749,13.4242,-1.6773
316,-5.69088,13.3398,-1.95291
316,-3.47044,12.978,-2.64753
316,-3.83093,13.0526,-2.74229
316,-4.50192,13.0998,-2.71491
316,-5.6877,13.4231,-2.02287
316,-3.4625,13.0775,-2.68271
316,-1.74527,13.182,-2.1626
316,-5.57946,13.3496,-2.23932
316,-5.75706,13.4575,-1.98501
316,-2.85532,13.0399,-2.74266
316,-4.57372,17.3292,1.33665
315,-4.57372,17.3292,1.33665
316,-4.29511,18.4028,2.07444
315,-4.29511,18.4028,2.07444
316,-1.54199,15.1126,0.977671
315,-1.54199,15.1126,0.977671
316,-4.06672,15.0025,1.32581
315,-4.06672,15.0025,1.32581
316,-4.1627,16.2855,1.80688
315,-4.1627,16.2855,1.80688
316,-4.66482,16.5521,1.18943
315,-4.66482,16.5521,1.18943
316,-5.80712,19.1152,1.97056
315,-5.80712,19.1152,1.97056
316,-4.76133,13.3019,-2.59381
315,-4.76133,13.3019,-2.59381
316,-5.66211,16.2552,1.27097
315,-5.66211,16.2552,1.27097
316,-3.15218,17.7479,2.12744
315,-3.15218,17.7479,2.12744
316,-5.84897,14.287,-3.52816
315,-5.84897,14.287,-3.52816
316,-1.96782,13.4883,-2.70948
315,-1.96782,13.4883,-2.70948
316,-4.21069,12.7323,-1.85238
315,-4.21069,12.7323,-1.85238
316,-3.26053,16.2428,0.426342
315,-3.26053,16.2428,0.426342
316,-3.76003,13.9389,0.908188
315,-3.76003,13.9389,0.908188
316,-4.71228,19.9617,-2.17613
315,-4.71228,19.9617,-2.17613
316,-1.87649,20.1878,-2.23419
315,-1.87649,20.1878,-2.23419
316,-4.70873,13.2742,-1.40738
315,-4.70873,13.2742,-1.40738
316,-1.40797,15.5734,0.55488
315,-1.40797,15.5734,0.55488
316,-2.04205,14.572,0.778143
315,-2.04205,14.572,0.778143
316,-6.68242,16.0863,0.518491
315,-6.68242,16.0863,0.518491
316,-5.73891,15.9192,1.57073
315,-5.73891,15.9192,1.57073
316,-4.56978,18.2403,2.2739
315,-4.56978,18.2403,2.2739
316,-1.49527,15.3615,1.27159
315,-1.49527,15.3615,1.27159
316,-1.9509,14.7714,0.736514
315,-1.9509,14.7714,0.736514
316,-8.33338,16.6544,0.53893
315,-8.33338,16.6544,0.53893
316,1.74679,18.702,2.2894
315,1.74679,18.702,2.2894
316,-7.67558,17.2106,2.57185
315,-7.67558,17.2106,2.57185
316,-7.80781,17.6723,1.38808
315,-7.80781,17.6723,1.38808
316,-0.230994,15.2781,1.29626
315,-0.230994,15.2781,1.29626
316,-6.2898,10.6488,0.671794
315,-6.2898,10.6488,0.671794
316,-10.5885,18.5119,2.58695
315,-10.5885,18.5119,2.58695
316,-7.66187,18.5412,2.63103
315,-7.66187,18.5412,2.63103
316,-8.36779,16.9551,1.34633
315,-8.36779,16.9551,1.34633
316,0.360255,15.8178,1.25446
315,0.360255,15.8178,1.25446
316,-7.75496,15.4035,1.43818
315,-7.75496,15.4035,1.43818
316,-11.3998,20.0957,2.25146
315,-11.3998,20.0957,2.25146
316,-6.89209,30.3145,3.08283
315,-6.89209,30.3145,3.08283
316,-0.590573,14.903,1.38402
315,-0.590573,14.903,1.38402
316,-4.48238,15.7504,1.39558
315,-4.48238,15.7504,1.39558
316,-3.12031,14.0628,0.865527
314,-3.12031,14.0628,0.865527
316,-3.60661,12.9516,0.372522
314,-3.60661,12.9516,0.372522
316,-1.28735,15.7558,1.50085
314,-1.28735,15.7558,1.50085
316,-0.823618,21.9488,2.8094
314,-0.823618,21.9488,2.8094
316,-1.22533,15.9024,0.996303
314,-1.22533,15.9024,0.996303
316,-3.25743,17.7847,2.09464
314,-3.25743,17.7847,2.09464
316,-2.94599,15.7986,1.26689
314,-2.94599,15.7986,1.26689
316,-6.45153,14.9078,0.782328
314,-6.45153,14.9078,0.782328
316,1.18078,25.6991,-4.16853
314,1.18078,25.6991,-4.16853
316,-4.46472,15.7075,2.4381
314,-4.46472,15.7075,2.4381
316,-1.95552,16.9883,-4.45469
314,-1.95552,16.9883,-4.45469
316,-6.95024,16.3951,1.31058
314,-6.95024,16.3951,1.31058
316,-2.86603,15.915,-0.574004
313,-2.86603,15.915,-0.574004
316,-4.32849,18.009,2.08863
313,-4.32849,18.009,2.08863
316,-3.01169,18.0064,-1.62609
313,-3.01169,18.0064,-1.62609
316,5.63685,52.5653,-14.0978
313,5.63685,52.5653,-14.0978
316,3.35598,21.5033,2.47512
313,3.35598,21.5033,2.47512
316,1.5788,16.9799,1.91975
313,1.5788,16.9799,1.91975
316,-1.47614,17.871,2.21637
313,-1.47614,17.871,2.21637
316,-2.56696,17.8412,-1.31125
313,-2.56696,17.8412,-1.31125
316,-4.01512,17.1677,1.33971
176,-4.01512,17.1677,1.33971
316,-6.02323,16.0117,-3.66358
176,-6.02323,16.0117,-3.66358
316,-4.92944,16.8054,1.18091
176,-4.92944,16.8054,1.18091
316,-1.50191,17.4986,1.98844
176,-1.50191,17.4986,1.98844
316,-6.2146,15.7363,-1.32666
176,-6.2146,15.7363,-1.32666
316,-6.2405,15.7165,-1.03772
176,-6.2405,15.7165,-1.03772
316,-4.45463,16.294,1.55252
176,-4.45463,16.294,1.55252
316,-6.14945,16.341,-2.40676
176,-6.14945,16.341,-2.40676
316,-4.7854,17.1964,1.14072
176,-4.7854,17.1964,1.14072
316,-5.51626,16.3236,1.24501
176,-5.51626,16.3236,1.24501
316,-4.81908,18.2053,2.30792
176,-4.81908,18.2053,2.30792
316,-6.40274,20.2257,-5.64074
176,-6.40274,20.2257,-5.64074
316,-6.21648,15.7651,-1.31909
176,-6.21648,15.7651,-1.31909
316,-6.2439,15.6672,-1.03724
176,-6.2439,15.6672,-1.03724
316,-6.11659,15.9292,-1.3675
176,-6.11659,15.9292,-1.3675
316,-6.1031,15.5567,2.47479
176,-6.1031,15.5567,2.47479
316,-5.7075,12.7711,0.760347
176,-5.7075,12.7711,0.760347
316,-6.10935,15.9938,-0.952528
176,-6.10935,15.9938,-0.952528
316,-6.38062,15.1753,-2.39147
176,-6.38062,15.1753,-2.39147
316,-6.43605,14.7875,0.787697
176,-6.43605,14.7875,0.787697
316,-8.14992,18.6703,1.07461
176,-8.14992,18.6703,1.07461
316,-4.89511,13.4916,0.162566
176,-4.89511,13.4916,0.162566
316,-4.51785,16.1707,2.54511
176,-4.51785,16.1707,2.54511
316,-7.11421,16.2296,2.12696
176,-7.11421,16.2296,2.12696
316,-6.04455,16.9419,-2.63692
176,-6.04455,16.9419,-2.63692
316,-5.63707,17.0397,1.49274
176,-5.63707,17.0397,1.49274
316,-4.82107,18.3542,2.31908
176,-4.82107,18.3542,2.31908
316,-5.66704,17.3952,1.15859
176,-5.66704,17.3952,1.15859
316,-6.23661,17.708,-5.2261
176,-6.23661,17.708,-5.2261
316,-4.86609,13.6949,0.0983561
176,-4.86609,13.6949,0.0983561
316,-5.69307,13.2302,1.16864
176,-5.69307,13.2302,1.16864
316,-6.28164,14.877,-1.53307
176,-6.28164,14.877,-1.53307
316,-6.14358,16.5663,-1.494
176,-6.14358,16.5663,-1.494
316,-5.80055,16.2425,2.68298
176,-5.80055,16.2425,2.68298
316,-3.36987,17.5789,1.06
176,-3.36987,17.5789,1.06
316,-5.61424,15.3922,1.35864
176,-5.61424,15.3922,1.35864
316,-3.72931,15.4255,2.49434
176,-3.72931,15.4255,2.49434
316,-6.11164,15.7521,-1.24565
176,-6.11164,15.7521,-1.24565
316,-6.03771,15.3748,-0.688861
176,-6.03771,15.3748,-0.688861
316,-1.47413,15.7991,1.2411
176,-1.47413,15.7991,1.2411
316,-5.90824,15.7987,-2.13763
176,-5.90824,15.7987,-2.13763
316,-2.99242,18.3436,2.20396
176,-2.99242,18.3436,2.20396
316,-3.06988,15.6334,1.30319
176,-3.06988,15.6334,1.30319
316,-4.57484,14.901,1.41325
176,-4.57484,14.901,1.41325
316,-3.55571,16.6011,2.54021
176,-3.55571,16.6011,2.54021
316,-2.81531,16.5002,2.51653
176,-2.81531,16.5002,2.51653
316,-3.35147,16.5698,2.16673
176,-3.35147,16.5698,2.16673
316,-2.72861,16.3196,2.00513
175,-2.72861,16.3196,2.00513
316,-4.9459,16.5782,1.4023
175,-4.9459,16.5782,1.4023
316,-4.77048,18.9799,-1.86637
175,-4.77048,18.9799,-1.86637
316,-1.29458,17.6166,2.08914
175,-1.29458,17.6166,2.08914
316,-5.53213,19.2885,2.08639
175,-5.53213,19.2885,2.08639
316,-5.21554,16.8352,1.18903
175,-5.21554,16.8352,1.18903
316,-1.29131,15.7826,1.23267
175,-1.29131,15.7826,1.23267
316,-6.17383,20.3912,2.30927
175,-6.17383,20.3912,2.30927
316,-4.53839,20.0003,2.72183
175,-4.53839,20.0003,2.72183
316,-7.4536,14.817,0.870545
175,-7.4536,14.817,0.870545
316,-8.22543,16.2364,1.33263
175,-8.22543,16.2364,1.33263
316,-6.46855,17.0561,0.335341
175,-6.46855,17.0561,0.335341
316,-5.80252,16.2762,1.28006
175,-5.80252,16.2762,1.28006
316,-4.3222,18.1463,1.92926
175,-4.3222,18.1463,1.92926
316,-7.53786,16.2102,1.4279
175,-7.53786,16.2102,1.4279
316,-0.282948,17.3156,2.11171
175,-0.282948,17.3156,2.11171
316,4.88397,22.9313,2.5659
175,4.88397,22.9313,2.5659
316,-1.17372,18.0051,2.03986
175,-1.17372,18.0051,2.03986
316,-4.23994,17.5458,2.56266
175,-4.23994,17.5458,2.56266
316,-6.0832,14.6991,-1.33864
175,-6.0832,14.6991,-1.33864
316,-6.14085,17.6692,-3.11318
175,-6.14085,17.6692,-3.11318
316,-2.82845,17.2316,-1.37594
175,-2.82845,17.2316,-1.37594
316,-1.05612,15.7378,1.17111
175,-1.05612,15.7378,1.17111
316,-7.60938,16.1265,2.46655
175,-7.60938,16.1265,2.46655
316,-4.08441,13.7649,0.893332
312,-4.08441,13.7649,0.893332
316,-3.96255,18.4433,-1.40946
312,-3.96255,18.4433,-1.40946
316,-1.34523,17.4714,1.30998
312,-1.34523,17.4714,1.30998
316,-0.64814,20.794,-2.34287
312,-0.64814,20.794,-2.34287
316,-1.03277,14.9155,2.77092
312,-1.03277,14.9155,2.77092
316,-1.34018,15.9999,1.11918
174,-1.34018,15.9999,1.11918
316,-7.75079,17.1105,1.36217
174,-7.75079,17.1105,1.36217
316,-7.87681,16.7152,1.13559
174,-7.87681,16.7152,1.13559
316,-1.07974,17.7128,2.05924
174,-1.07974,17.7128,2.05924
316,-7.3566,13.2464,0.721802
174,-7.3566,13.2464,0.721802
316,-10.44,18.1467,2.57818
174,-10.44,18.1467,2.57818
316,-4.48594,18.2672,2.15957
174,-4.48594,18.2672,2.15957
316,-0.995688,15.7988,1.14521
174,-0.995688,15.7988,1.14521
316,-2.82095,12.9787,-2.73152
178,-2.82095,12.9787,-2.73152
316,-4.20149,19.3971,-1.93481
311,-4.20149,19.3971,-1.93481
317,-6.44826,9.87941,0.859944
317,-6.33189,9.89306,0.794121
317,-6.45499,9.92851,0.82427
317,-6.33018,9.927,0.792472
317,-6.32868,9.96405,0.778676
317,-6.48543,10.0596,0.738849
317,-6.49177,10.0601,0.738616
317,-6.48841,10.0758,0.73983
317,-6.48449,10.0719,0.725197
317,-6.47852,10.0853,0.737187
317,-6.39951,10.6966,0.75001
317,-6.62758,10.7927,0.715578
317,-7.32545,11.0109,0.664719
317,-6.23758,11.3656,0.879306
317,-6.22603,11.5164,0.830013
317,-6.1541,10.9598,-0.811861
317,-7.31302,11.4781,0.443307
317,-6.19723,11.0873,-0.876801
317,-7.88559,11.708,0.382946
317,-6.28026,11.7804,0.720374
317,-6.28354,11.8298,0.722576
317,-6.84487,11.887,0.715137
317,-2.55615,11.1134,-0.92331
317,-6.07917,12.2417,0.82337
317,-8.24306,12.3827,0.64265
317,-6.0966,12.3439,0.803054
317,-6.09338,12.3556,0.799723
317,-8.28667,12.4887,0.623882
317,-8.06318,12.592,0.933068
317,-8.09359,12.6358,0.918668
317,-7.25969,12.6057,0.858423
317,-8.21392,12.6684,0.775022
317,-5.74963,12.546,0.803135
317,-5.7647,12.555,0.813307
317,-8.2246,12.7032,0.754082
317,-8.21922,12.7274,0.81868
317,-8.14234,12.7573,0.893568
317,-8.35717,12.6534,0.562594
317,-8.26057,12.7437,0.791176
317,-6.70667,12.6699,0.811802
317,-8.18291,12.8016,0.882729
317,-6.7124,12.7051,0.794415
317,-8.36931,12.7339,0.551841
317,-6.36627,12.733,0.789607
317,-6.47637,12.7587,0.776308
317,-6.43713,12.8076,0.763357
317,-4.76186,12.7973,0.336297
317,-7.13966,13.0685,0.710998
317,-4.77054,12.8175,0.323214
317,-7.10886,13.132,0.737895
317,-6.63438,13.1615,0.804687
317,-5.03735,12.9157,0.348873
317,-5.07493,12.9357,0.311945
317,-5.0539,12.9766,0.353218
317,-5.06504,12.9619,0.295214
317,-2.41503,13.1304,1.04178
317,-5.74393,13.0219,0.162948
317,-6.56487,13.2946,0.75803
317,-6.65955,13.3247,0.783157
317,-8.82167,13.3985,0.617025
317,-4.51661,13.1153,0.373184
317,-4.67116,13.1062,0.296173
317,-1.82842,13.0468,0.521902
317,-5.73924,13.1261,0.129602
317,-4.53063,13.0919,0.209803
317,-3.3207,13.324,1.02872
317,-4.53798,13.0983,0.168129
317,-6.97184,13.4603,0.779492
317,-4.46999,13.1212,0.172856
317,-6.52343,13.4477,0.748583
317,-7.20003,13.3005,0.232011
317,-4.5396,13.4545,1.05827
317,-4.5601,13.4771,1.06648
317,-3.17347,13.0494,0.0501454
317,-4.43447,13.1319,0.089077
317,-4.39903,12.3653,-2.07287
317,-5.1705,13.3338,0.166666
317,-3.19411,13.0273,-0.421883
317,-7.00579,13.6518,0.749185
317,-1.90049,12.9573,-0.46946
317,-4.32562,12.4823,-2.19318
317,-4.32192,13.2795,0.0440397
317,-3.17252,12.5385,-1.87606
317,-5.15029,13.3832,0.139484
317,-2.86047,12.5852,-1.93847
317,-7.02044,13.7629,0.732789
317,-4.31033,13.5641,0.485975
317,-4.40243,13.2669,-0.469646
317,-3.17007,13.0697,-0.952408
317,-4.25742,12.6503,-2.34883
317,-3.16316,12.96,-1.32812
317,-2.08179,12.7309,-1.8111
317,-8.16817,14.0233,0.724888
317,-3.12778,13.1524,-1.00363
317,-2.73268,12.7578,-2.08569
317,-1.35891,13.8875,1.09391
317,-2.0534,13.0641,-1.44254
317,-2.04146,13.0691,-1.44602
317,-3.19887,13.0077,-1.91689
317,-4.4005,14.1229,1.00288
317,-4.46553,14.1852,1.10522
317,-3.17005,13.228,-1.42704
317,-3.11093,13.1893,-1.53173
317,-3.03122,12.8348,-2.51787
317,-1.49519,12.8539,-2.27457
317,-1.98645,13.1906,-1.40986
317,-3.17526,13.0826,-1.95455
317,-1.31982,13.2047,-1.33212
317,-4.01678,12.8747,-2.73704
317,-3.77659,13.0383,-2.24228
317,-3.1307,13.3151,-1.41524
317,-1.18572,14.0487,0.937808
317,-2.65109,13.0412,-2.30676
317,-5.73202,13.2322,-2.39123
317,-5.74694,13.2173,-2.43919
317,-5.73664,13.2604,-2.42193
317,-4.38465,14.4546,0.900237
316,-4.38465,14.4546,0.900237
317,-3.92429,13.8275,0.94403
316,-3.92429,13.8275,0.94403
317,-3.66411,14.8122,0.754757
316,-3.66411,14.8122,0.754757
317,-5.99251,16.022,-4.76934
316,-5.99251,16.022,-4.76934
317,-5.71704,19.4812,0.948028
316,-5.71704,19.4812,0.948028
317,-3.5229,12.9223,-2.53476
316,-3.5229,12.9223,-2.53476
317,-5.5752,13.0876,-2.07542
316,-5.5752,13.0876,-2.07542
317,-4.20472,15.9444,1.53852
316,-4.20472,15.9444,1.53852
317,-5.88012,14.5703,-3.56676
316,-5.88012,14.5703,-3.56676
317,-5.99521,16.0433,-4.77659
316,-5.99521,16.0433,-4.77659
317,-3.38876,17.2727,2.10744
316,-3.38876,17.2727,2.10744
317,-5.70502,17.8375,1.09874
316,-5.70502,17.8375,1.09874
317,-5.66268,16.2402,1.2741
316,-5.66268,16.2402,1.2741
317,-7.86646,16.8107,1.45719
316,-7.86646,16.8107,1.45719
317,-6.10747,17.4283,-2.88763
316,-6.10747,17.4283,-2.88763
317,-3.14957,14.2118,-2.38686
316,-3.14957,14.2118,-2.38686
317,-2.925,12.7868,-2.55293
316,-2.925,12.7868,-2.55293
317,-6.31581,18.5145,2.61381
316,-6.31581,18.5145,2.61381
317,-7.57288,17.2809,2.13516
316,-7.57288,17.2809,2.13516
317,0.934331,19.0231,2.41613
316,0.934331,19.0231,2.41613
317,-6.43795,14.8246,0.783958
316,-6.43795,14.8246,0.783958
317,-3.59807,16.5184,1.16517
316,-3.59807,16.5184,1.16517
317,-2.96493,12.7215,-2.47615
316,-2.96493,12.7215,-2.47615
317,-0.928851,15.0718,-4.08689
316,-0.928851,15.0718,-4.08689
317,-2.88042,13.3593,-2.99758
316,-2.88042,13.3593,-2.99758
317,-0.829574,15.2221,-4.22382
316,-0.829574,15.2221,-4.22382
317,0.60544,18.4853,2.65698
316,0.60544,18.4853,2.65698
317,-5.57792,13.22,-2.17328
316,-5.57792,13.22,-2.17328
317,-8.21026,16.2639,0.628041
316,-8.21026,16.2639,0.628041
317,-1.41986,18.6771,2.42383
316,-1.41986,18.6771,2.42383
317,-3.42078,18.1702,-4.77754
316,-3.42078,18.1702,-4.77754
317,-6.83011,20.0447,-0.229801
316,-6.83011,20.0447,-0.229801
317,-4.26002,13.4751,-2.49542
316,-4.26002,13.4751,-2.49542
317,-5.73387,14.022,-0.408822
316,-5.73387,14.022,-0.408822
317,-6.18758,15.8512,-3.61374
316,-6.18758,15.8512,-3.61374
317,3.13211,20.5752,2.60232
316,3.13211,20.5752,2.60232
317,-7.73036,16.3418,1.14122
316,-7.73036,16.3418,1.14122
317,-6.24541,19.6034,2.65333
316,-6.24541,19.6034,2.65333
317,-1.87855,13.5566,-2.18624
316,-1.87855,13.5566,-2.18624
317,-4.57654,13.4855,-3.06445
315,-4.57654,13.4855,-3.06445
317,-7.75137,17.2366,1.68707
315,-7.75137,17.2366,1.68707
317,-2.65691,16.2649,0.9723
315,-2.65691,16.2649,0.9723
317,-4.35871,18.9459,2.64581
315,-4.35871,18.9459,2.64581
317,-5.73224,12.9325,0.720859
315,-5.73224,12.9325,0.720859
317,-10.4342,17.4244,1.19107
315,-10.4342,17.4244,1.19107
317,-4.76936,16.546,2.27636
315,-4.76936,16.546,2.27636
317,-9.81273,16.7419,1.33404
315,-9.81273,16.7419,1.33404
317,-1.29825,25.5301,-3.79779
315,-1.29825,25.5301,-3.79779
317,-3.38296,13.3492,1.01805
314,-3.38296,13.3492,1.01805
317,-4.20041,17.9271,2.08477
314,-4.20041,17.9271,2.08477
317,-3.42357,12.8626,1.11993
314,-3.42357,12.8626,1.11993
317,4.48148,23.4099,2.88045
314,4.48148,23.4099,2.88045
317,-1.26569,14.9207,2.44169
314,-1.26569,14.9207,2.44169
317,-3.64725,12.4119,1.18335
176,-3.64725,12.4119,1.18335
317,-4.88033,13.7868,1.00151
176,-4.88033,13.7868,1.00151
317,-6.09033,15.8424,-2.07879
176,-6.09033,15.8424,-2.07879
317,-5.39836,16.3908,1.23865
176,-5.39836,16.3908,1.23865
317,-1.29787,19.5349,2.3198
176,-1.29787,19.5349,2.3198
317,-1.19386,18.5017,2.40326
176,-1.19386,18.5017,2.40326
317,-3.59171,16.6308,1.14584
176,-3.59171,16.6308,1.14584
317,-6.1276,16.2883,-1.52203
176,-6.1276,16.2883,-1.52203
317,-1.05693,16.149,1.18517
176,-1.05693,16.149,1.18517
317,-1.28112,15.7926,1.51761
176,-1.28112,15.7926,1.51761
317,-4.60134,19.2001,2.37464
176,-4.60134,19.2001,2.37464
317,-4.34168,17.0593,2.14162
176,-4.34168,17.0593,2.14162
317,-2.05529,16.1987,0.985891
176,-2.05529,16.1987,0.985891
317,1.39081,19.2389,2.38548
176,1.39081,19.2389,2.38548
317,-4.8894,17.6531,1.11555
176,-4.8894,17.6531,1.11555
317,0.121189,16.2458,2.58509
176,0.121189,16.2458,2.58509
317,-7.81741,16.4997,1.16486
176,-7.81741,16.4997,1.16486
317,-7.27638,16.7938,1.55897
176,-7.27638,16.7938,1.55897
317,0.1602,18.0503,2.66307
176,0.1602,18.0503,2.66307
317,-1.74977,14.906,2.15125
176,-1.74977,14.906,2.15125
317,-4.68622,17.1569,2.00744
176,-4.68622,17.1569,2.00744
317,-1.63931,23.6894,2.33531
176,-1.63931,23.6894,2.33531
317,-3.37787,16.8365,2.5915
176,-3.37787,16.8365,2.5915
317,2.61458,20.6142,2.42218
176,2.61458,20.6142,2.42218
317,-8.64137,17.5309,0.694808
176,-8.64137,17.5309,0.694808
317,0.208813,16.3479,2.5764
176,0.208813,16.3479,2.5764
317,-1.16327,15.9935,0.862901
176,-1.16327,15.9935,0.862901
317,-5.82829,13.3099,2.17302
176,-5.82829,13.3099,2.17302
317,-2.04638,13.685,2.23773
176,-2.04638,13.685,2.23773
317,-8.69455,17.681,0.667455
176,-8.69455,17.681,0.667455
317,-2.58806,16.3304,1.48491
175,-2.58806,16.3304,1.48491
317,-1.1309,17.9391,1.84813
175,-1.1309,17.9391,1.84813
317,-4.80211,15.6517,-0.591279
175,-4.80211,15.6517,-0.591279
317,-2.6668,16.1272,2.01265
175,-2.6668,16.1272,2.01265
317,-5.51861,18.7075,-5.18581
175,-5.51861,18.7075,-5.18581
317,-2.60169,16.2727,1.18982
175,-2.60169,16.2727,1.18982
317,-6.24581,23.2645,-6.11408
175,-6.24581,23.2645,-6.11408
317,-0.900213,18.3696,2.10351
175,-0.900213,18.3696,2.10351
317,-5.84872,18.6812,-5.3208
175,-5.84872,18.6812,-5.3208
317,-5.33162,21.8345,2.31371
175,-5.33162,21.8345,2.31371
317,-1.59052,22.7349,2.16847
175,-1.59052,22.7349,2.16847
317,-1.04923,21.0189,2.81844
175,-1.04923,21.0189,2.81844
317,-2.54763,16.3972,2.01044
175,-2.54763,16.3972,2.01044
317,-5.86683,18.4479,-5.14148
175,-5.86683,18.4479,-5.14148
317,-4.49061,18.008,2.126
175,-4.49061,18.008,2.126
317,-4.53197,19.6676,2.16128
175,-4.53197,19.6676,2.16128
317,-7.52517,18.6207,2.66214
175,-7.52517,18.6207,2.66214
317,-5.35172,21.8474,2.31358
175,-5.35172,21.8474,2.31358
317,-7.62278,16.4095,1.43616
175,-7.62278,16.4095,1.43616
317,-7.86986,17.4221,2.6063
175,-7.86986,17.4221,2.6063
317,-6.32084,28.2348,-8.73652
175,-6.32084,28.2348,-8.73652
317,-6.15019,19.6137,-3.99972
175,-6.15019,19.6137,-3.99972
317,-4.81051,18.9724,2.35166
175,-4.81051,18.9724,2.35166
317,-1.67266,20.5593,2.47947
175,-1.67266,20.5593,2.47947
317,-5.5613,17.6644,-1.56888
175,-5.5613,17.6644,-1.56888
317,-6.11509,17.3705,-1.46822
175,-6.11509,17.3705,-1.46822
317,-4.84061,16.9022,1.37082
175,-4.84061,16.9022,1.37082
317,-1.522,19.7931,2.72964
175,-1.522,19.7931,2.72964
317,-1.46264,17.6288,2.57335
175,-1.46264,17.6288,2.57335
317,-0.589572,21.4841,2.39042
175,-0.589572,21.4841,2.39042
317,-6.39809,18.2838,2.08131
175,-6.39809,18.2838,2.08131
317,-1.91795,17.5421,2.38371
175,-1.91795,17.5421,2.38371
317,-0.845676,20.9848,2.36615
175,-0.845676,20.9848,2.36615
317,-2.92165,18.8895,0.908001
175,-2.92165,18.8895,0.908001
317,-5.67962,16.4634,-1.3651
175,-5.67962,16.4634,-1.3651
317,-7.17645,16.2974,1.57315
174,-7.17645,16.2974,1.57315
317,-7.96393,15.0504,2.44351
174,-7.96393,15.0504,2.44351
317,-7.28638,16.9563,2.55408
174,-7.28638,16.9563,2.55408
317,-5.82797,17.819,1.12489
174,-5.82797,17.819,1.12489
317,-5.8444,17.3528,1.1878
174,-5.8444,17.3528,1.1878
317,-1.96538,14.3797,2.4445
174,-1.96538,14.3797,2.4445
317,-2.05993,14.2664,2.43916
174,-2.05993,14.2664,2.43916
317,-3.93076,15.9373,2.11904
174,-3.93076,15.9373,2.11904
317,4.14103,38.2687,-8.42428
313,4.14103,38.2687,-8.42428
317,-4.06905,12.7793,1.10586
313,-4.06905,12.7793,1.10586
317,-1.15929,24.3716,-3.2449
313,-1.15929,24.3716,-3.2449
317,-1.28754,15.7841,1.20711
313,-1.28754,15.7841,1.20711
317,3.19076,21.5349,2.84493
313,3.19076,21.5349,2.84493
317,-8.4952,16.7631,1.27405
313,-8.4952,16.7631,1.27405
317,-3.15313,12.7835,-2.061
178,-3.15313,12.7835,-2.061
317,-2.79672,15.9761,1.59232
178,-2.79672,15.9761,1.59232
317,-1.92001,15.6692,-2.93258
178,-1.92001,15.6692,-2.93258
317,-8.66924,17.2144,1.24206
178,-8.66924,17.2144,1.24206
317,-2.6329,15.1775,1.1343
312,-2.6329,15.1775,1.1343
317,-7.81525,16.3822,0.93568
171,-7.81525,16.3822,0.93568
318,-6.26116,7.97959,1.91906
318,-6.2573,7.98409,1.91606
318,-6.52005,8.56826,1.72233
318,-6.49717,8.7028,1.66601
318,-6.43572,9.02425,1.92888
318,-6.60333,9.00167,1.54009
318,-6.60081,9.5216,1.47956
318,-6.92321,9.35198,0.913286
318,-6.9381,9.35432,0.913752
318,-6.93826,9.36482,0.892446
318,-6.93115,9.36653,0.897903
318,-6.93889,9.36736,0.892941
318,-6.94237,9.40451,0.868119
318,-7.05332,9.43025,0.734222
318,-7.06867,9.46065,0.708171
318,-7.07019,9.47168,0.711921
318,-7.07119,9.47219,0.706415
318,-6.82673,9.67991,1.27929
318,-7.39613,9.57382,0.836611
318,-5.61299,9.88504,1.37937
318,-6.91182,9.93842,1.17967
318,-6.71374,10.15,1.28241
318,-6.46537,9.96863,0.783602
318,-6.96414,10.1567,1.08691
318,-7.21167,10.0746,0.807858
318,-7.32519,10.2946,0.984209
318,-7.35219,10.3649,0.958212
318,-6.54203,10.4092,1.18764
318,-6.91478,10.4785,1.18453
318,-6.75234,10.4018,0.959067
318,-6.75309,10.4129,0.95366
318,-6.4049,10.3743,0.895767
318,-6.95935,10.3338,0.617961
318,-6.39843,10.4344,0.869058
318,-6.34665,10.5011,0.853146
318,-6.34416,10.5082,0.851667
318,-4.08403,10.4101,0.591431
318,-7.00927,10.7677,0.830849
318,-8.12818,10.8422,0.836826
318,-7.03884,10.6487,0.446025
318,-6.28635,11.016,0.977446
318,-7.08319,11.0828,0.702652
318,-7.1388,11.0248,0.227445
318,-4.51036,11.4199,1.58202
318,-7.51057,11.1174,0.201704
318,-8.35781,11.4788,1.01835
318,-8.34674,11.4785,1.01847
318,-8.24809,11.4551,0.924239
318,-8.36346,11.5122,1.01895
318,-8.26685,11.4687,0.904794
318,-8.36438,11.5161,1.00101
318,-6.63116,11.3866,0.86905
318,-8.27376,11.5143,0.875231
318,-5.27448,11.3395,0.819628
318,-8.08849,11.5246,0.809033
318,-8.23844,11.5713,0.811469
318,-8.32614,11.6507,0.991624
318,-8.19746,11.5874,0.787652
318,-8.08283,11.6661,0.897625
318,-8.02944,11.7352,0.91055
318,-6.0989,11.5931,0.701278
318,-8.09636,11.8578,0.865663
318,-7.99762,11.9808,0.896899
318,-6.17415,11.3913,-0.853513
318,-7.81271,12.1333,0.915723
318,-4.18974,12.1612,1.48803
318,-5.07249,11.9573,0.66588
318,-7.83742,12.2083,0.89149
318,-7.75592,12.2392,0.879793
318,-5.43404,12.1368,0.581261
318,-7.87973,12.4232,0.846168
318,-6.13005,11.7526,-0.864538
318,-6.13271,11.7713,-0.885536
318,-6.07874,12.1759,0.274258
318,-6.13062,11.791,-0.902128
318,-5.4246,12.2808,0.551162
318,-6.06922,12.4332,0.758752
318,-7.02838,12.5296,0.873214
318,-6.06879,12.439,0.757156
318,-7.83813,12.6009,0.782453
318,-5.91682,12.5219,0.80027
318,-7.95723,12.6972,0.86753
318,-5.37141,12.4211,0.454249
318,-4.65352,12.5661,0.74417
318,-4.48798,12.0472,-0.850822
318,-6.0947,12.7525,0.741137
318,-6.90675,12.8993,0.920982
318,-4.41267,12.1717,-0.938623
318,-7.9863,13.0791,0.751648
318,-2.45606,12.3286,-0.593237
318,-5.78683,12.9674,0.662019
318,-7.40878,13.3039,0.669028
318,-3.16723,13.0625,0.560696
318,-7.43197,13.3727,0.677248
318,-6.3204,13.301,0.609619
318,-3.54281,12.5897,-1.10732
318,-4.6131,12.4735,-1.65618
318,-4.84997,12.4471,-1.90219
318,-6.9722,13.54,0.768203
318,-4.52563,12.7398,-1.21619
318,-4.70225,12.5671,-1.77321
318,-4.59332,12.7331,-1.60101
318,-2.27446,12.7738,-1.27684
318,-4.82602,12.5657,-2.29038
318,-2.27097,12.778,-1.27964
318,-4.80464,12.6067,-2.26248
318,-4.77894,12.6869,-2.10533
318,-4.51725,12.9695,-1.27766
318,-4.38067,12.7436,-1.93657
318,-4.449,13.7637,0.989946
318,-4.71169,12.638,-2.30932
318,-2.1864,12.8696,-1.33545
318,-4.40394,13.8067,0.99871
318,-4.4195,13.8121,1.00733
318,-4.40846,13.8284,1.00295
318,-6.57718,13.8581,0.629904
318,-1.43859,12.6454,-2.07907
318,-4.73751,12.8273,-2.22423
318,-5.62168,12.9772,-1.96708
318,-7.80169,14.0968,0.875256
318,-4.45066,13.1394,-1.40635
318,-3.08963,13.8228,0.779317
318,-5.62844,13.0056,-2.01513
318,-1.66721,13.9179,1.24206
318,-1.31798,13.6069,0.383821
318,-3.15379,13.0857,-1.47298
318,-7.8059,14.1914,0.86068
318,-4.35425,13.3893,-1.03646
318,-4.7421,12.9212,-2.54277
318,-3.59157,12.8458,-2.5785
318,-3.5844,12.8483,-2.58097
318,-3.60467,12.896,-2.64076
318,-3.89799,12.9218,-2.76178
318,-5.22923,13.1756,-2.41839
318,-1.02853,12.9717,-2.38261
318,-2.80403,15.814,1.43086
317,-2.80403,15.814,1.43086
318,-7.11182,13.015,0.794289
317,-7.11182,13.015,0.794289
318,-3.78992,14.0061,-3.58291
317,-3.78992,14.0061,-3.58291
318,-4.32879,17.3205,2.01877
317,-4.32879,17.3205,2.01877
318,-7.82868,18.7947,2.1591
317,-7.82868,18.7947,2.1591
318,-7.67176,17.1812,2.02849
317,-7.67176,17.1812,2.02849
318,-7.76672,17.3071,2.30938
317,-7.76672,17.3071,2.30938
318,-8.16928,15.4779,2.03955
317,-8.16928,15.4779,2.03955
318,-7.808,16.5441,1.48044
317,-7.808,16.5441,1.48044
318,-3.24374,14.7969,1.16949
317,-3.24374,14.7969,1.16949
318,-5.70497,13.4399,0.536077
317,-5.70497,13.4399,0.536077
318,-2.73941,15.9306,1.2408
317,-2.73941,15.9306,1.2408
318,-1.64516,15.1894,1.26343
317,-1.64516,15.1894,1.26343
318,-1.43931,15.5308,1.53312
317,-1.43931,15.5308,1.53312
318,-5.79099,19.0206,1.03477
317,-5.79099,19.0206,1.03477
318,3.02159,20.2001,2.81844
317,3.02159,20.2001,2.81844
318,-1.6492,15.2951,1.61406
317,-1.6492,15.2951,1.61406
318,-10.6879,18.6422,2.61982
317,-10.6879,18.6422,2.61982
318,-10.0695,16.7122,1.24612
317,-10.0695,16.7122,1.24612
318,-5.76045,30.8511,-0.0170096
317,-5.76045,30.8511,-0.0170096
318,-5.75894,13.1012,1.57324
317,-5.75894,13.1012,1.57324
318,-4.18448,15.8202,1.07186
317,-4.18448,15.8202,1.07186
318,-4.56715,18.0064,2.00964
317,-4.56715,18.0064,2.00964
318,-1.51302,15.6059,0.667345
317,-1.51302,15.6059,0.667345
318,-5.23534,34.3008,2.53747
317,-5.23534,34.3008,2.53747
318,-1.84478,16.8344,2.25559
317,-1.84478,16.8344,2.25559
318,-9.03905,18.1816,2.26255
317,-9.03905,18.1816,2.26255
318,-4.55919,13.2072,0.256653
317,-4.55919,13.2072,0.256653
318,-7.27499,15.9588,1.34677
317,-7.27499,15.9588,1.34677
318,-7.53531,18.3117,2.14364
316,-7.53531,18.3117,2.14364
318,-4.79657,13.1876,-2.4919
316,-4.79657,13.1876,-2.4919
318,-1.31807,22.4448,-3.29446
316,-1.31807,22.4448,-3.29446
318,-1.44695,15.2841,2.15173
316,-1.44695,15.2841,2.15173
318,-6.3181,15.6764,0.653042
175,-6.3181,15.6764,0.653042
318,-4.83921,17.6884,2.13266
175,-4.83921,17.6884,2.13266
318,-4.48244,17.9169,2.11431
175,-4.48244,17.9169,2.11431
318,-0.353222,19.5813,2.81184
175,-0.353222,19.5813,2.81184
318,-4.50598,19.0475,2.33736
175,-4.50598,19.0475,2.33736
318,-1.47388,18.9535,2.45162
175,-1.47388,18.9535,2.45162
318,-5.66504,16.5095,1.2469
175,-5.66504,16.5095,1.2469
318,-4.68337,18.7728,2.69129
175,-4.68337,18.7728,2.69129
318,-6.18145,18.6658,1.05456
175,-6.18145,18.6658,1.05456
318,-0.241259,24.76,3.12056
175,-0.241259,24.76,3.12056
318,-5.64401,13.5196,1.17166
175,-5.64401,13.5196,1.17166
318,-8.28267,16.5734,0.584024
175,-8.28267,16.5734,0.584024
318,-4.08326,16.3724,-0.779292
175,-4.08326,16.3724,-0.779292
318,-4.79377,18.3194,2.22177
175,-4.79377,18.3194,2.22177
318,3.88114,22.1942,2.60038
175,3.88114,22.1942,2.60038
318,-8.35037,16.7871,0.559337
175,-8.35037,16.7871,0.559337
318,5.00917,22.801,2.95258
175,5.00917,22.801,2.95258
318,-3.13064,18.2642,2.3261
175,-3.13064,18.2642,2.3261
318,-1.50508,25.3981,-3.57831
315,-1.50508,25.3981,-3.57831
318,-3.71116,17.8999,-1.33169
315,-3.71116,17.8999,-1.33169
318,4.05526,22.6869,2.52637
314,4.05526,22.6869,2.52637
318,-7.45071,18.1416,1.18956
314,-7.45071,18.1416,1.18956
318,-1.29327,14.9213,2.38397
314,-1.29327,14.9213,2.38397
318,-6.07167,16.3073,1.28728
174,-6.07167,16.3073,1.28728
318,-5.10197,18.0772,-1.9403
174,-5.10197,18.0772,-1.9403
318,-7.02845,12.6057,0.852682
174,-7.02845,12.6057,0.852682
318,-3.46762,14.9739,-2.82067
174,-3.46762,14.9739,-2.82067
318,-3.23279,17.8872,2.59896
174,-3.23279,17.8872,2.59896
318,-5.06685,16.6009,2.55439
174,-5.06685,16.6009,2.55439
318,-5.20851,17.6168,-1.74633
174,-5.20851,17.6168,-1.74633
318,-4.0184,15.6078,0.894095
174,-4.0184,15.6078,0.894095
318,-5.30488,16.59,1.2279
174,-5.30488,16.59,1.2279
318,-5.24178,17.4876,-1.66368
174,-5.24178,17.4876,-1.66368
318,-5.85931,16.7204,1.2479
174,-5.85931,16.7204,1.2479
318,-0.866881,16.2595,2.48563
174,-0.866881,16.2595,2.48563
318,-7.74148,16.1143,1.02248
172,-7.74148,16.1143,1.02248
318,-3.1965,15.4357,2.26984
172,-3.1965,15.4357,2.26984
318,-2.73274,16.0722,1.60621
311,-2.73274,16.0722,1.60621
318,-1.15725,23.9641,-3.33252
311,-1.15725,23.9641,-3.33252
318,-1.80735,19.9225,-2.24037
311,-1.80735,19.9225,-2.24037
318,-2.86192,17.0357,-0.819503
311,-2.86192,17.0357,-0.819503
319,-6.43943,8.18521,1.73757
319,-6.572,9.05528,0.839727
319,-7.00559,9.10842,0.902562
319,-7.00781,9.11319,0.885129
319,-6.99435,9.1182,0.874641
319,-7.01316,9.14798,0.873182
319,-7.45019,9.35006,0.987771
319,-7.01493,9.30238,0.845764
319,-6.9873,9.33755,0.915327
319,-7.02863,9.32893,0.816677
319,-6.8284,9.55029,1.45991
319,-6.98828,9.37471,0.889297
319,-7.07508,9.32546,0.686826
319,-7.08346,9.34702,0.691978
319,-7.10147,9.35842,0.674629
319,-7.40741,9.50617,0.885041
319,-7.0474,9.44901,0.727148
319,-7.05104,9.45111,0.718066
319,-7.05151,9.46056,0.716271
319,-6.82759,9.68369,1.41787
319,-7.05531,9.46717,0.70068
319,-7.4401,9.58879,0.823853
319,-7.08164,9.54644,0.640411
319,-8.15936,9.69456,0.832625
319,-6.81729,9.81729,1.3758
319,-7.96581,9.7499,0.882439
319,-8.18095,9.73902,0.809803
319,-7.05938,9.72421,0.638493
319,-6.61511,9.98465,1.31069
319,-8.00932,9.95675,0.903138
319,-6.84227,9.95894,1.09235
319,-8.04037,10.0008,0.870168
319,-6.95961,10.0348,1.12068
319,-6.4602,9.93839,0.827388
319,-6.92766,10.0657,1.10908
319,-6.44337,9.95403,0.843094
319,-8.0756,10.053,0.84644
319,-8.08165,10.0664,0.847148
319,-6.44928,9.97219,0.839788
319,-6.44115,9.98019,0.833988
319,-8.0754,10.0894,0.822548
319,-7.33856,10.1432,1.11238
319,-6.86403,10.0974,1.03558
319,-8.10279,10.1088,0.823413
319,-6.44955,10.0572,0.767005
319,-7.07981,10.2,1.06588
319,-6.81865,10.1073,0.742904
319,-8.26704,10.2104,0.798544
319,-8.27365,10.2385,0.800582
319,-8.27469,10.2341,0.786019
319,-7.74369,10.2604,0.923115
319,-7.08183,10.2596,0.995165
319,-6.41378,10.284,0.693516
319,-6.40208,10.3339,0.66212
319,-6.37574,10.4433,0.874311
319,-6.84115,10.6059,0.887684
319,-6.84524,10.6391,0.877344
319,-5.61046,10.5366,0.767185
319,-7.3374,10.6817,0.486213
319,-6.35122,10.7744,0.729694
319,-6.35066,10.9278,0.779767
319,-7.18037,11.0531,1.00096
319,-7.77412,11.1243,1.02769
319,-7.77413,11.1249,1.02941
319,-6.32709,11.1066,1.00026
319,-5.42716,10.9522,0.581116
319,-7.81665,11.2779,0.98177
319,-6.88246,11.2365,0.636164
319,-6.28875,11.2231,0.676058
319,-6.28679,11.2817,0.660677
319,-8.39187,11.4625,0.76806
319,-8.18648,11.5018,0.88261
319,-8.40991,11.6045,0.978512
319,-8.32303,11.5732,0.864722
319,-8.31731,11.5774,0.867165
319,-7.63767,11.307,0.147792
319,-8.33209,11.6618,0.99912
319,-8.32305,11.657,0.970764
319,-8.32987,11.6645,0.959403
319,-8.14247,11.6424,0.787377
319,-8.15367,11.6553,0.773677
319,-8.60843,11.7894,0.982497
319,-8.27522,11.7472,0.870251
319,-5.45796,11.1202,-0.806618
319,-4.85411,11.9049,1.26616
319,-8.33126,12.203,0.802951
319,-7.77082,12.201,0.888151
319,-8.21628,11.9001,-0.135306
319,-7.77723,12.2151,0.888294
319,-7.9762,12.3179,0.913402
319,-3.08391,11.7587,-0.158448
319,-7.93705,12.4493,0.87076
319,-7.97631,12.5119,0.887945
319,-7.93276,12.5188,0.865046
319,-8.05227,12.5573,0.955651
319,-7.77662,12.5034,0.817951
319,-6.10788,12.3969,0.777353
319,-7.96921,12.5739,0.905714
319,-6.05282,12.4407,0.775871
319,-7.96462,12.6775,0.893064
319,-8.0875,12.6942,0.915522
319,-8.12925,12.7733,0.858485
319,-8.11888,12.7905,0.899909
319,-6.09155,12.6975,0.753398
319,-4.95986,11.9947,-1.22744
319,-7.97316,12.8726,0.888601
319,-7.90692,12.8515,0.825486
319,-6.09884,12.7023,0.682186
319,-8.15655,12.8915,0.870982
319,-8.54535,12.8876,0.61
319,-3.09506,12.1561,-0.857701
319,-8.19735,13.1017,0.836266
319,-8.34845,13.0969,0.751073
319,-8.01634,13.124,0.822013
319,-4.85455,12.2168,-1.42212
319,-8.21663,13.1777,0.819335
319,-5.00316,12.1777,-1.70879
319,-3.66385,13.0713,1.0756
319,-5.67997,13.271,1.21014
319,-7.98775,13.2768,0.818021
319,-5.68933,13.274,1.19742
319,-7.99324,13.2916,0.814757
319,-7.25484,13.3606,0.818529
319,-6.26423,13.3024,0.611572
319,-6.28938,13.3651,0.626751
319,-6.26088,13.4276,0.589097
319,-6.22318,13.6391,0.536416
319,-6.65815,13.7489,0.71283
319,-6.56154,13.7915,0.651904
319,-4.43808,13.2128,-0.954757
319,-6.58603,13.8881,0.724686
319,-4.42813,13.2196,-0.949715
319,-3.46706,13.9214,1.26153
319,-4.18528,13.8642,0.89046
319,-6.59535,13.9533,0.699494
319,-3.6522,12.7815,-2.43019
319,-4.40931,13.2337,-1.46374
319,-4.41199,13.2464,-1.46397
319,-4.36181,13.3278,-1.52367
319,-5.64375,14.3488,1.26588
319,-4.35695,14.3007,1.06467
319,-6.64941,14.7761,-0.219496
318,-6.64941,14.7761,-0.219496
319,-4.2839,16.1126,1.42793
318,-4.2839,16.1126,1.42793
319,-3.45728,14.4546,0.843004
318,-3.45728,14.4546,0.843004
319,-7.10822,13.1223,0.732621
318,-7.10822,13.1223,0.732621
319,-4.57494,17.451,2.11718
318,-4.57494,17.451,2.11718
319,-4.36314,18.5552,2.1261
318,-4.36314,18.5552,2.1261
319,-4.22357,17.8188,2.02541
318,-4.22357,17.8188,2.02541
319,-5.21721,16.504,1.42145
318,-5.21721,16.504,1.42145
319,-4.67626,18.7158,2.14284
318,-4.67626,18.7158,2.14284
319,-6.94712,10.6256,1.13505
318,-6.94712,10.6256,1.13505
319,-7.67257,17.204,2.02967
318,-7.67257,17.204,2.02967
319,-4.31266,15.2314,1.09746
318,-4.31266,15.2314,1.09746
319,-8.33105,16.7606,1.13433
318,-8.33105,16.7606,1.13433
319,-8.40167,16.884,1.48279
318,-8.40167,16.884,1.48279
319,-6.99054,9.42515,0.856158
318,-6.99054,9.42515,0.856158
319,-6.93757,11.2623,0.113265
318,-6.93757,11.2623,0.113265
319,-4.99428,16.165,1.43518
318,-4.99428,16.165,1.43518
319,-7.65988,18.1524,2.3118
318,-7.65988,18.1524,2.3118
319,-7.67297,17.253,2.61904
318,-7.67297,17.253,2.61904
319,-2.72985,16.2046,1.19379
318,-2.72985,16.2046,1.19379
319,-4.39908,19.669,2.31983
318,-4.39908,19.669,2.31983
319,-1.74667,15.29,1.5468
318,-1.74667,15.29,1.5468
319,-5.93461,16.5726,1.26022
318,-5.93461,16.5726,1.26022
319,-4.8424,18.6717,2.32692
318,-4.8424,18.6717,2.32692
319,-4.98979,17.8945,2.39061
318,-4.98979,17.8945,2.39061
319,-5.72118,19.0803,2.28848
318,-5.72118,19.0803,2.28848
319,-3.31542,17.6549,2.14879
318,-3.31542,17.6549,2.14879
319,-3.32006,12.8521,-1.78687
318,-3.32006,12.8521,-1.78687
319,-7.67533,18.2845,2.32251
318,-7.67533,18.2845,2.32251
319,-6.29638,18.3402,2.02222
318,-6.29638,18.3402,2.02222
319,-4.57045,19.4865,2.74112
318,-4.57045,19.4865,2.74112
319,-3.77229,34.855,-0.374943
318,-3.77229,34.855,-0.374943
319,-6.32954,13.5262,0.554748
318,-6.32954,13.5262,0.554748
319,-7.74986,16.2289,1.50873
318,-7.74986,16.2289,1.50873
319,-7.8533,16.8851,1.46758
318,-7.8533,16.8851,1.46758
319,-0.377218,17.0564,2.38594
318,-0.377218,17.0564,2.38594
319,-1.6837,17.2574,1.99383
318,-1.6837,17.2574,1.99383
319,-7.46313,9.6805,0.768403
318,-7.46313,9.6805,0.768403
319,-5.23807,28.8315,0.181089
318,-5.23807,28.8315,0.181089
319,-7.91428,16.3751,0.664293
318,-7.91428,16.3751,0.664293
319,-3.87566,19.0479,2.66411
318,-3.87566,19.0479,2.66411
319,-7.48059,9.71325,0.749175
318,-7.48059,9.71325,0.749175
319,-11.6609,15.8567,-0.626239
318,-11.6609,15.8567,-0.626239
319,-4.42986,20.3102,2.79156
318,-4.42986,20.3102,2.79156
319,2.87035,21.1514,2.89745
318,2.87035,21.1514,2.89745
319,-5.93197,13.1142,1.55699
318,-5.93197,13.1142,1.55699
319,-3.75471,15.5642,-0.519745
318,-3.75471,15.5642,-0.519745
319,-4.04798,18.2825,2.60911
318,-4.04798,18.2825,2.60911
319,-4.89246,12.7031,1.19099
318,-4.89246,12.7031,1.19099
319,-6.00975,12.6551,1.60043
318,-6.00975,12.6551,1.60043
319,-4.86363,18.2124,2.12524
318,-4.86363,18.2124,2.12524
319,-11.7991,16.0775,-0.679543
318,-11.7991,16.0775,-0.679543
319,-5.71626,16.0546,2.6675
318,-5.71626,16.0546,2.6675
319,-4.10429,17.9955,2.61329
318,-4.10429,17.9955,2.61329
319,-8.28036,16.0716,2.5221
318,-8.28036,16.0716,2.5221
319,-4.51029,18.0781,2.30594
318,-4.51029,18.0781,2.30594
319,-4.47402,13.6322,1.08656
318,-4.47402,13.6322,1.08656
319,-4.55322,13.7903,1.01558
318,-4.55322,13.7903,1.01558
319,-10.708,18.7034,2.24101
318,-10.708,18.7034,2.24101
319,26.9771,54.392,4.70839
318,26.9771,54.392,4.70839
319,-4.30248,17.8977,2.09155
318,-4.30248,17.8977,2.09155
319,-4.66396,16.5121,1.20277
317,-4.66396,16.5121,1.20277
319,-3.27006,17.7502,1.99821
317,-3.27006,17.7502,1.99821
319,-6.44809,14.4975,0.854851
317,-6.44809,14.4975,0.854851
319,-6.44606,14.9419,0.765318
317,-6.44606,14.9419,0.765318
319,-4.43867,18.2386,2.64897
317,-4.43867,18.2386,2.64897
319,0.144522,17.7969,2.37868
317,0.144522,17.7969,2.37868
319,-10.7513,18.8064,2.63432
317,-10.7513,18.8064,2.63432
319,2.98533,20.051,2.43179
317,2.98533,20.051,2.43179
319,-1.27763,15.5476,1.08162
317,-1.27763,15.5476,1.08162
319,-0.444299,16.8961,0.889876
317,-0.444299,16.8961,0.889876
319,-10.8891,18.7859,2.66505
317,-10.8891,18.7859,2.66505
319,-1.07161,15.6214,1.15802
317,-1.07161,15.6214,1.15802
319,1.29951,18.6825,2.34533
317,1.29951,18.6825,2.34533
319,-4.82041,16.7999,2.5608
317,-4.82041,16.7999,2.5608
319,-4.2568,21.1109,2.79844
317,-4.2568,21.1109,2.79844
319,-4.05271,14.6289,2.41533
317,-4.05271,14.6289,2.41533
319,-6.50809,14.4578,0.823283
317,-6.50809,14.4578,0.823283
319,-6.23577,19.2109,2.65876
317,-6.23577,19.2109,2.65876
319,-4.24494,17.4214,2.57184
317,-4.24494,17.4214,2.57184
319,-7.58045,17.2519,2.57231
316,-7.58045,17.2519,2.57231
319,-7.77818,17.2373,1.86477
316,-7.77818,17.2373,1.86477
319,-1.53068,20.2652,2.33958
174,-1.53068,20.2652,2.33958
319,-0.828902,18.8527,2.11757
174,-0.828902,18.8527,2.11757
319,-1.12501,20.2681,2.34652
174,-1.12501,20.2681,2.34652
319,-5.40211,10.6359,2.0215
174,-5.40211,10.6359,2.0215
319,-4.84975,18.8719,2.2741
174,-4.84975,18.8719,2.2741
319,-10.4404,19.4478,-1.05708
174,-10.4404,19.4478,-1.05708
319,-4.67972,16.8999,3.43497
174,-4.67972,16.8999,3.43497
319,-3.55783,15.2944,2.95144
174,-3.55783,15.2944,2.95144
319,-5.09038,13.6685,1.14019
174,-5.09038,13.6685,1.14019
319,-12.4124,19.5748,-2.22869
174,-12.4124,19.5748,-2.22869
319,-4.89592,17.8166,2.6354
174,-4.89592,17.8166,2.6354
319,-0.650692,20.297,2.44496
174,-0.650692,20.297,2.44496
319,-8.36119,16.5872,0.823591
174,-8.36119,16.5872,0.823591
319,-10.4332,17.3989,1.2031
315,-10.4332,17.3989,1.2031
319,-4.12354,17.9705,1.92262
314,-4.12354,17.9705,1.92262
319,-2.69611,15.6648,1.06654
171,-2.69611,15.6648,1.06654
319,-8.96451,15.7707,3.07238
171,-8.96451,15.7707,3.07238
319,-7.84682,16.6124,1.17177
172,-7.84682,16.6124,1.17177
319,-8.91463,15.8436,3.01988
172,-8.91463,15.8436,3.01988
319,-7.12752,16.6625,1.20562
172,-7.12752,16.6625,1.20562
319,-7.19975,16.3292,1.28484
172,-7.19975,16.3292,1.28484
319,-8.85912,18.9052,2.03712
172,-8.85912,18.9052,2.03712
319,-7.3222,12.9049,0.852483
172,-7.3222,12.9049,0.852483
320,-7.35375,8.72605,1.35746
320,-7.35521,8.74303,1.34684
320,-7.0356,9.05762,0.823076
320,-6.43567,9.07053,0.793177
320,-6.44148,9.07443,0.799319
320,-6.44568,9.07301,0.790642
320,-6.44226,9.07399,0.791531
320,-6.4431,9.07882,0.792973
320,-7.0279,9.14092,0.850015
320,-6.54947,9.11443,0.825225
320,-6.54558,9.11764,0.824937
320,-6.54848,9.11839,0.825349
320,-6.54547,9.12718,0.82278
320,-7.03488,9.16369,0.838308
320,-6.53444,9.15025,0.811002
320,-7.0877,9.17597,0.716946
320,-6.43646,9.19367,0.814594
320,-7.03815,9.23959,0.795684
320,-6.43326,9.22454,0.809495
320,-7.04462,9.28801,0.753284
320,-6.98757,9.35292,0.874693
320,-6.99339,9.35993,0.869101
320,-6.39761,9.30535,0.795309
320,-6.99768,9.39705,0.86934
320,-7.02145,9.37714,0.795822
320,-7.54699,9.51303,0.874165
320,-7.23992,9.69894,1.40711
320,-6.54932,9.49978,0.875009
320,-7.55593,9.55399,0.847748
320,-7.43509,9.57533,0.82652
320,-7.02007,9.58434,0.72912
320,-6.86092,9.78673,1.14489
320,-8.1877,9.76381,0.786706
320,-7.22352,9.90587,1.34007
320,-8.2121,9.80988,0.761724
320,-7.44834,9.87471,0.906827
320,-8.04348,9.89139,0.809828
320,-8.04539,9.89961,0.79543
320,-6.46647,9.84506,0.843293
320,-6.74956,9.95904,1.06986
320,-7.29855,10.1035,1.05573
320,-7.39616,10.0349,0.820949
320,-6.44311,9.97334,0.774502
320,-6.44077,9.97846,0.76792
320,-6.4471,10.0022,0.787293
320,-6.46333,9.9062,0.409117
320,-7.3083,10.1562,1.03505
320,-6.42765,10.0348,0.751754
320,-6.86529,10.1491,1.00064
320,-8.15881,10.1653,0.822371
320,-8.12947,10.1628,0.795264
320,-8.10729,10.1814,0.829522
320,-7.27889,10.2084,1.00355
320,-7.72992,10.1735,0.793695
320,-8.24039,10.2544,0.824014
320,-7.44587,10.2686,0.996729
320,-7.44888,10.3271,1.03683
320,-7.11095,10.3696,1.00912
320,-7.18892,10.3687,0.993477
320,-6.85146,10.3446,0.923604
320,-7.07803,10.3577,0.925966
320,-7.30539,10.4079,0.93261
320,-7.46055,10.469,0.983346
320,-7.123,10.5523,0.852305
320,-7.86175,10.594,0.773679
320,-7.12842,10.6565,0.877507
320,-7.13118,10.6581,0.881404
320,-6.6512,10.6151,0.804249
320,-7.1233,10.6506,0.817071
320,-7,10.556,0.524538
320,-8.11849,10.7296,0.858247
320,-6.37756,10.6218,0.764729
320,-6.33533,10.6461,0.780531
320,-6.35166,10.6399,0.742162
320,-6.3475,10.6575,0.748441
320,-7.50295,10.6549,0.508822
320,-6.34282,10.6896,0.750388
320,-6.34802,10.6908,0.743512
320,-7.02217,10.749,0.464895
320,-8.18226,10.9306,0.789679
320,-6.29602,10.8579,0.765877
320,-7.83384,11.2728,1.72206
320,-7.02035,10.821,0.433733
320,-6.80174,10.9057,0.69523
320,-8.19867,11.0148,0.766166
320,-6.99861,10.9507,0.761357
320,-7.00144,10.9639,0.761598
320,-8.17953,11.0472,0.768605
320,-6.94362,10.9933,0.761883
320,-8.35579,11.3548,0.763948
320,-8.46827,11.4657,1.03182
320,-8.38827,11.4845,1.01739
320,-8.17764,11.4177,0.824878
320,-8.19607,11.4175,0.782391
320,-8.38999,11.5033,1.01248
320,-8.46469,11.525,0.954108
320,-8.27967,11.4953,0.874203
320,-7.3287,11.4488,0.876987
320,-7.92203,11.5055,0.907615
320,-8.29839,11.5321,0.877309
320,-8.37474,11.5863,1.02926
320,-8.43991,11.4892,0.707766
320,-8.27812,11.5467,0.850129
320,-8.46026,11.5526,0.683879
320,-8.49897,11.6099,0.681852
320,-6.86307,11.3734,0.0949905
320,-8.09085,11.6831,0.810094
320,-8.09248,11.6901,0.806119
320,-7.94022,11.7279,0.857371
320,-8.1561,11.726,0.761041
320,-6.2293,11.6318,0.769136
320,-8.16133,11.7755,0.838318
320,-8.16201,11.7791,0.839196
320,-6.22635,11.7286,0.778071
320,-6.80307,11.7756,0.756748
320,-8.20538,11.8691,0.804626
320,-8.12071,11.9081,0.860994
320,-6.21828,11.8758,0.780239
320,-8.17893,12.0201,0.848049
320,-8.1681,12.0372,0.826118
320,-8.18528,12.0574,0.83078
320,-6.07278,11.9485,0.834484
320,-6.10479,12.1581,0.808789
320,-6.81751,12.0437,0.332452
320,-7.97296,12.373,0.874463
320,-6.74923,12.2596,0.639007
320,-6.08133,12.2853,0.807149
320,-7.1643,12.3805,0.908223
320,-7.31524,12.4152,0.900306
320,-6.06732,12.3362,0.794915
320,-8.05282,12.5168,0.957926
320,-8.03423,12.5292,0.946516
320,-6.07338,12.3895,0.790637
320,-8.05243,12.5732,0.940405
320,-7.96826,12.5579,0.85796
320,-5.55928,12.4191,0.393874
320,-4.53832,12.6686,1.15447
320,-6.06471,12.6255,0.74088
320,-6.0959,12.6948,0.746686
320,-6.07008,12.7026,0.692865
320,-6.07259,12.768,0.733011
320,-6.08177,12.7801,0.741427
320,-6.07538,12.8084,0.734394
320,-5.28485,12.8258,0.861257
320,-7.20752,12.914,0.814181
320,-7.31065,12.9834,0.810636
320,-5.68275,13.0725,1.19066
320,-4.08478,12.3529,-0.798553
320,-7.22116,13.0576,0.793676
320,-6.27279,12.9782,0.695645
320,-5.68404,13.2082,1.20894
320,-5.30153,12.9385,0.396652
320,-5.70642,13.2503,1.16351
320,-4.46716,13.119,0.595311
320,-3.1849,13.0441,0.558579
320,-3.17195,13.0651,0.566405
320,-3.82868,12.7208,-1.01987
320,-3.1239,13.1298,0.019701
320,-9.37627,13.48,0.037672
320,-9.44642,13.509,0.0507678
320,-7.31437,13.6329,0.763513
320,-9.42389,13.5523,0.0277944
320,-9.48269,13.6346,-0.00567698
320,-9.83471,13.9189,-0.228491
320,-5.76455,14.1928,1.26308
320,-3.59604,12.8783,-2.52114
320,-3.61593,12.8812,-2.51885
320,-4.05959,14.0206,0.853149
320,-3.55617,12.9058,-2.54159
320,-3.5146,12.9172,-2.66211
320,-4.88974,16.3096,1.22165
319,-4.88974,16.3096,1.22165
320,-4.54524,20.0976,2.19648
319,-4.54524,20.0976,2.19648
320,-4.53228,17.8506,2.1207
319,-4.53228,17.8506,2.1207
320,-1.48714,20.1423,2.34341
319,-1.48714,20.1423,2.34341
320,-1.24477,19.1689,2.35137
319,-1.24477,19.1689,2.35137
320,-8.34904,16.2617,2.11902
319,-8.34904,16.2617,2.11902
320,-3.40907,15.0096,0.765099
319,-3.40907,15.0096,0.765099
320,-4.52335,13.0988,1.03146
319,-4.52335,13.0988,1.03146
320,-6.13757,19.0204,2.23731
319,-6.13757,19.0204,2.23731
320,-3.33693,13.8399,-2.88533
319,-3.33693,13.8399,-2.88533
320,-3.72418,13.159,-2.34903
319,-3.72418,13.159,-2.34903
320,-3.47851,13.5149,-2.61682
319,-3.47851,13.5149,-2.61682
320,-7.19048,16.302,1.23167
319,-7.19048,16.302,1.23167
320,-4.43182,16.1898,1.20146
319,-4.43182,16.1898,1.20146
320,-4.61891,13.8529,1.15134
319,-4.61891,13.8529,1.15134
320,-3.5809,16.4132,1.17829
319,-3.5809,16.4132,1.17829
320,-4.37586,17.8347,2.00355
319,-4.37586,17.8347,2.00355
320,-7.18611,11.3341,0.919248
319,-7.18611,11.3341,0.919248
320,-4.6095,16.5067,1.18887
319,-4.6095,16.5067,1.18887
320,-4.45381,14.2123,1.09939
319,-4.45381,14.2123,1.09939
320,-4.12928,14.934,1.31825
319,-4.12928,14.934,1.31825
320,-4.00006,13.005,-2.11602
319,-4.00006,13.005,-2.11602
320,-10.1615,18.6303,0.122587
319,-10.1615,18.6303,0.122587
320,-8.29262,15.855,2.11878
319,-8.29262,15.855,2.11878
320,-3.47939,13.1266,-2.84022
319,-3.47939,13.1266,-2.84022
320,-9.53072,19.3844,2.0164
319,-9.53072,19.3844,2.0164
320,-7.03493,9.37593,0.785745
319,-7.03493,9.37593,0.785745
320,-1.88864,19.9061,2.42451
319,-1.88864,19.9061,2.42451
320,-5.7435,16.3194,1.42333
319,-5.7435,16.3194,1.42333
320,-8.07746,15.8654,2.52384
319,-8.07746,15.8654,2.52384
320,-6.25419,18.8674,2.67952
319,-6.25419,18.8674,2.67952
320,-7.62208,17.6861,2.6
319,-7.62208,17.6861,2.6
320,-1.26552,15.7913,1.51519
319,-1.26552,15.7913,1.51519
320,-4.34246,18.363,3.65677
319,-4.34246,18.363,3.65677
320,-9.32187,18.4843,2.0192
319,-9.32187,18.4843,2.0192
320,-8.33658,16.1074,2.14722
319,-8.33658,16.1074,2.14722
320,-6.3094,13.8168,0.505653
319,-6.3094,13.8168,0.505653
320,-4.54694,13.994,1.12685
319,-4.54694,13.994,1.12685
320,-7.80534,16.4487,1.50094
319,-7.80534,16.4487,1.50094
320,-7.68739,17.5964,2.03136
319,-7.68739,17.5964,2.03136
320,-10.1249,18.5094,0.135117
319,-10.1249,18.5094,0.135117
320,-10.1569,17.5879,1.15823
319,-10.1569,17.5879,1.15823
320,-8.17924,15.6745,2.49822
319,-8.17924,15.6745,2.49822
320,-8.27498,15.6428,2.15526
319,-8.27498,15.6428,2.15526
320,3.03219,21.3049,2.89344
319,3.03219,21.3049,2.89344
320,-6.99886,9.5196,0.78486
319,-6.99886,9.5196,0.78486
320,-7.82056,16.5848,1.47975
319,-7.82056,16.5848,1.47975
320,-12.4755,20.4768,-0.613681
319,-12.4755,20.4768,-0.613681
320,-12.7896,18.6962,-1.80309
319,-12.7896,18.6962,-1.80309
320,-11.617,16.0469,-0.819138
319,-11.617,16.0469,-0.819138
320,-1.3202,17.9425,1.99302
319,-1.3202,17.9425,1.99302
320,1.7197,19.3234,2.49769
319,1.7197,19.3234,2.49769
320,-8.06355,13.2948,0.805412
319,-8.06355,13.2948,0.805412
320,-4.39228,20.5114,2.8286
319,-4.39228,20.5114,2.8286
320,6.45453,25.5716,2.77774
319,6.45453,25.5716,2.77774
320,-0.652109,19.1103,2.6958
319,-0.652109,19.1103,2.6958
320,-4.44913,18.2546,2.63797
319,-4.44913,18.2546,2.63797
320,-0.635061,19.1078,2.66253
319,-0.635061,19.1078,2.66253
320,-1.24417,19.1296,2.41751
319,-1.24417,19.1296,2.41751
320,-7.97773,17.144,0.556983
319,-7.97773,17.144,0.556983
320,-11.8326,16.2064,0.96619
319,-11.8326,16.2064,0.96619
320,-4.56686,17.975,2.63635
319,-4.56686,17.975,2.63635
320,-2.4693,17.3744,2.29872
319,-2.4693,17.3744,2.29872
320,-2.90093,17.5005,2.57079
319,-2.90093,17.5005,2.57079
320,-10.4859,17.9862,2.56683
319,-10.4859,17.9862,2.56683
320,-10.6492,18.0396,2.56711
319,-10.6492,18.0396,2.56711
320,-4.35572,20.6612,2.79102
319,-4.35572,20.6612,2.79102
320,-6.55648,13.3836,0.777089
319,-6.55648,13.3836,0.777089
320,-4.4179,24.5064,2.49065
318,-4.4179,24.5064,2.49065
320,-2.76725,15.8906,1.22774
318,-2.76725,15.8906,1.22774
320,-8.25062,16.6146,1.40267
318,-8.25062,16.6146,1.40267
320,-1.70862,21.0375,2.84837
318,-1.70862,21.0375,2.84837
320,-7.87249,10.646,0.757619
317,-7.87249,10.646,0.757619
320,-3.73399,16.0814,2.51421
317,-3.73399,16.0814,2.51421
320,-3.12625,18.0746,1.98676
317,-3.12625,18.0746,1.98676
320,-4.3377,15.1305,1.09874
172,-4.3377,15.1305,1.09874
320,-4.43248,14.9622,1.13961
172,-4.43248,14.9622,1.13961
320,-4.54054,16.5124,2.56186
172,-4.54054,16.5124,2.56186
320,-7.54038,17.0732,2.14116
171,-7.54038,17.0732,2.14116
320,-10.1851,17.1946,1.54291
171,-10.1851,17.1946,1.54291
320,-4.15994,12.9885,2.32889
313,-4.15994,12.9885,2.32889
321,-7.85062,8.98108,0.855349
321,-6.59277,8.95293,0.793827
321,-6.5586,9.08729,0.820639
321,-8.0211,9.14943,0.725513
321,-8.36696,9.19306,0.796619
321,-6.4307,9.10426,0.81411
321,-6.53666,9.11683,0.804609
321,-8.02678,9.17441,0.719876
321,-6.53694,9.13788,0.792346
321,-8.03373,9.20568,0.685741
321,-7.0662,9.21483,0.812076
321,-7.0679,9.21692,0.815299
321,-7.05433,9.22562,0.809947
321,-7.07,9.22453,0.798166
321,-7.00224,9.19863,0.721115
321,-7.63653,9.21135,0.592502
321,-6.96783,9.21486,0.682509
321,-6.96271,9.22958,0.669349
321,-8.06495,9.29509,0.605557
321,-7.66889,9.28133,0.535039
321,-7.03282,9.45905,0.832358
321,-7.45167,9.65552,0.790036
321,-8.1718,9.73648,0.811854
321,-8.1639,9.74039,0.815008
321,-7.4323,9.70696,0.759161
321,-7.04624,9.76955,0.934147
321,-7.03735,9.84004,0.899509
321,-8.04167,9.88457,0.810925
321,-8.03274,9.92457,0.798033
321,-8.03699,9.92858,0.790681
321,-8.03305,9.93123,0.788609
321,-6.75191,9.8949,0.855456
321,-8.03044,9.9421,0.786561
321,-6.43484,9.96206,0.793145
321,-6.44471,9.99146,0.801816
321,-6.46107,10.0489,0.777702
321,-8.25173,10.1573,0.810303
321,-6.42927,10.0876,0.798089
321,-8.09263,10.1742,0.783469
321,-8.0903,10.1759,0.786617
321,-8.23719,10.2051,0.82215
321,-8.23287,10.2062,0.818908
321,-7.64231,10.3746,0.958004
321,-6.4325,10.2379,0.662702
321,-7.40646,10.2449,0.449155
321,-6.72766,10.4952,0.865414
321,-7.44969,10.4761,0.669272
321,-7.50187,10.5496,0.882946
321,-7.52827,10.5864,0.869342
321,-6.94093,10.6079,0.835481
321,-7.8382,10.6872,0.85053
321,-6.27299,10.7196,0.809735
321,-8.1468,10.8501,0.823821
321,-7.85139,10.81,0.699523
321,-7.71114,10.7949,0.488861
321,-7.44406,10.8221,0.458179
321,-7.69544,10.5257,-0.506633
321,-7.37011,10.7323,0.166114
321,-6.31534,10.9218,0.794062
321,-7.47433,10.896,0.483715
321,-6.31378,10.9376,0.78672
321,-7.73773,10.9211,0.437733
321,-7.47269,11.1624,0.711814
321,-7.20978,11.1486,0.704753
321,-7.61791,10.7582,-0.645974
321,-8.33708,11.4822,0.982712
321,-8.12326,11.4547,0.808468
321,-8.12355,11.5364,0.788695
321,-8.27143,11.59,0.833489
321,-6.25237,11.4851,0.790961
321,-6.25051,11.5481,0.800456
321,-6.29378,11.5543,0.810397
321,-6.29519,11.5707,0.807814
321,-6.24517,11.5678,0.805457
321,-8.05037,11.6788,0.805345
321,-8.06363,11.6819,0.800758
321,-8.10102,11.7213,0.794127
321,-7.29752,11.4727,0.135633
321,-8.20448,11.8914,1.03908
321,-6.23362,11.7657,0.81518
321,-6.27228,11.8001,0.772493
321,-7.96749,11.9965,0.768797
321,-7.35762,11.7661,-0.00129366
321,-7.14097,11.9567,-0.0336854
321,-6.05115,12.2308,0.843378
321,-7.79051,12.389,0.842716
321,-6.03001,12.3453,0.833513
321,-7.79554,12.5204,0.819086
321,-8.09184,12.5767,0.873712
321,-8.10024,12.5924,0.86347
321,-7.12314,12.4117,0.255698
321,-7.13171,12.6853,0.8319
321,-7.09784,12.7057,0.826975
321,-7.07456,12.7072,0.814844
321,-4.82417,12.7123,1.16138
321,-7.16402,12.7633,0.84462
321,-7.11425,12.8243,0.817261
321,-6.72381,12.8792,0.760877
321,-5.7275,13.0183,1.12947
321,-7.40779,13.0896,0.746088
321,-7.27654,12.9171,-0.0294595
321,-6.03481,12.7424,-0.565272
321,-5.67248,13.3215,1.21971
321,-6.66764,13.2028,0.685054
321,-9.50635,13.1723,-0.00652027
321,-4.46421,13.136,0.610363
321,-9.54425,13.243,-0.0365498
321,-3.25647,12.9718,0.104362
321,-9.54383,13.2535,-0.0415359
321,-6.9636,13.4308,0.792455
321,-7.30114,13.4657,0.802704
321,-6.55462,13.4534,0.741271
321,-9.40224,13.3618,-0.1092
321,-6.48096,13.4958,0.708693
321,-6.60498,13.5939,0.758371
321,-4.46415,13.6301,1.01746
321,-4.3522,13.3202,0.0212799
321,-4.44983,13.183,-0.419277
321,-4.42603,13.1971,-0.437426
321,-5.02754,13.8122,1.10491
321,-6.46513,13.794,0.686703
321,-9.32421,13.7409,-0.0903668
321,-2.95365,13.3381,-0.574936
321,-2.92867,13.3764,-0.583185
321,-3.01368,13.2534,-1.04984
321,-9.36245,13.9042,-0.135156
321,-3.10002,13.1425,-1.49527
321,-5.36164,16.6559,1.21554
320,-5.36164,16.6559,1.21554
321,-5.14494,18.3772,1.07586
320,-5.14494,18.3772,1.07586
321,-7.52559,18.0775,2.02231
320,-7.52559,18.0775,2.02231
321,-1.97055,19.5782,2.26037
320,-1.97055,19.5782,2.26037
321,-6.90603,14.8923,0.783345
320,-6.90603,14.8923,0.783345
321,-9.23874,17.4838,0.294521
320,-9.23874,17.4838,0.294521
321,-9.43054,18.9697,2.02018
320,-9.43054,18.9697,2.02018
321,-7.80914,16.6771,1.48247
320,-7.80914,16.6771,1.48247
321,-7.64146,16.706,2.01489
320,-7.64146,16.706,2.01489
321,-4.26922,16.9005,1.14857
320,-4.26922,16.9005,1.14857
321,-4.26216,18.4139,1.26353
320,-4.26216,18.4139,1.26353
321,-2.79351,15.8409,1.22042
320,-2.79351,15.8409,1.22042
321,-5.36261,16.6522,1.21777
320,-5.36261,16.6522,1.21777
321,-4.72871,15.1339,2.5276
320,-4.72871,15.1339,2.5276
321,-9.46635,19.3054,2.02135
320,-9.46635,19.3054,2.02135
321,-10.2484,18.301,0.174
320,-10.2484,18.301,0.174
321,-7.73585,16.3221,1.43297
320,-7.73585,16.3221,1.43297
321,-9.69109,13.7586,-0.205345
320,-9.69109,13.7586,-0.205345
321,-1.30628,20.605,2.78227
320,-1.30628,20.605,2.78227
321,-9.36619,18.7875,2.02836
320,-9.36619,18.7875,2.02836
321,-6.294,10.9889,0.771283
320,-6.294,10.9889,0.771283
321,-4.04018,16.4239,1.21401
320,-4.04018,16.4239,1.21401
321,-7.81573,16.7767,1.48122
320,-7.81573,16.7767,1.48122
321,-8.37474,16.5433,0.961103
320,-8.37474,16.5433,0.961103
321,-7.80383,16.4987,1.4763
320,-7.80383,16.4987,1.4763
321,-4.88255,19.5625,2.72626
320,-4.88255,19.5625,2.72626
321,-12.6073,18.305,-1.68821
320,-12.6073,18.305,-1.68821
321,-2.96871,18.5536,2.6297
320,-2.96871,18.5536,2.6297
321,-10.5334,13.3459,1.08388
320,-10.5334,13.3459,1.08388
321,-12.8805,17.9458,1.98445
320,-12.8805,17.9458,1.98445
321,-8.41971,16.589,0.942558
320,-8.41971,16.589,0.942558
321,-12.5548,19.5279,-1.9325
320,-12.5548,19.5279,-1.9325
321,-12.1359,17.3024,-1.34652
320,-12.1359,17.3024,-1.34652
321,-6.48878,14.5142,0.836223
320,-6.48878,14.5142,0.836223
321,-1.02775,21.2296,2.82234
320,-1.02775,21.2296,2.82234
321,-12.319,17.6676,-1.4834
320,-12.319,17.6676,-1.4834
321,-12.3179,18.9123,-1.72245
320,-12.3179,18.9123,-1.72245
321,-12.2387,16.6401,1.33737
320,-12.2387,16.6401,1.33737
321,-1.14435,20.9997,2.38435
320,-1.14435,20.9997,2.38435
321,-7.26617,16.7158,1.25
320,-7.26617,16.7158,1.25
321,-13.6114,18.741,0.227902
320,-13.6114,18.741,0.227902
321,-12.455,20.2032,-1.35884
320,-12.455,20.2032,-1.35884
321,-12.8,17.3353,0.422129
320,-12.8,17.3353,0.422129
321,-4.52865,13.8501,1.03043
320,-4.52865,13.8501,1.03043
321,-12.6521,17.3594,1.30453
320,-12.6521,17.3594,1.30453
321,-5.64123,16.2075,1.55148
319,-5.64123,16.2075,1.55148
321,-6.42032,10.0532,0.80734
319,-6.42032,10.0532,0.80734
321,-7.31246,12.9678,0.833075
319,-7.31246,12.9678,0.833075
321,-7.06812,16.5538,1.22587
319,-7.06812,16.5538,1.22587
321,-7.83375,16.4811,0.921759
319,-7.83375,16.4811,0.921759
321,-4.47068,17.9539,2.62386
319,-4.47068,17.9539,2.62386
321,-8.41495,11.6387,0.97749
319,-8.41495,11.6387,0.97749
321,-4.33364,18.5506,2.66686
319,-4.33364,18.5506,2.66686
321,-1.25655,17.5144,1.08402
319,-1.25655,17.5144,1.08402
321,-7.85412,16.7952,2.57332
319,-7.85412,16.7952,2.57332
321,-8.41495,11.6387,0.97749
319,-8.41495,11.6387,0.97749
321,-0.8805,22.9476,2.9769
319,-0.8805,22.9476,2.9769
321,-10.1662,17.1138,1.36475
319,-10.1662,17.1138,1.36475
321,-5.23125,16.3868,1.41885
318,-5.23125,16.3868,1.41885
321,-4.57497,23.1553,2.45415
318,-4.57497,23.1553,2.45415
321,-2.78915,14.9602,1.13856
318,-2.78915,14.9602,1.13856
321,-4.24983,16.0836,1.57533
318,-4.24983,16.0836,1.57533
321,-10.6099,18.4751,2.18829
318,-10.6099,18.4751,2.18829
321,-0.300615,17.2073,2.41391
318,-0.300615,17.2073,2.41391
321,-4.44392,18.5668,1.98082
318,-4.44392,18.5668,1.98082
321,-1.20988,18.2551,2.63126
318,-1.20988,18.2551,2.63126
321,-1.34922,17.4842,2.10913
317,-1.34922,17.4842,2.10913
321,-3.547,15.3162,2.94256
317,-3.547,15.3162,2.94256
321,-3.24151,17.8366,2.12783
316,-3.24151,17.8366,2.12783
321,-3.27886,17.7512,2.18497
316,-3.27886,17.7512,2.18497
321,-3.26846,17.8195,2.21488
316,-3.26846,17.8195,2.21488
321,-4.65261,13.5815,1.07671
172,-4.65261,13.5815,1.07671
321,-4.96318,16.5019,1.2014
172,-4.96318,16.5019,1.2014
321,-8.49361,17.1747,2.31661
172,-8.49361,17.1747,2.31661
321,-8.0357,16.414,1.47241
170,-8.0357,16.414,1.47241
322,-7.68284,8.1437,1.7074
322,-7.57254,8.50147,1.62837
322,-7.70733,8.6101,1.39045
322,-7.59726,8.75443,1.53759
322,-7.32844,8.72325,0.94218
322,-7.19323,8.75696,0.910403
322,-8.07211,8.93771,0.910854
322,-7.58684,8.91892,0.788938
322,-7.54631,8.92049,0.7998
322,-7.55764,8.92207,0.786516
322,-7.55299,8.9221,0.784167
322,-7.42863,8.91839,0.788903
322,-7.71906,8.94536,0.780001
322,-7.61886,8.94687,0.770027
322,-8.30705,8.99982,0.796694
322,-8.31328,9.00383,0.797693
322,-7.90111,8.99343,0.817025
322,-8.31561,9.01003,0.793689
322,-7.98486,8.97296,0.726294
322,-7.41847,8.9568,0.750354
322,-7.94996,9.0168,0.845264
322,-7.96232,8.9926,0.768471
322,-7.13398,9.01279,0.949189
322,-7.76737,8.98203,0.753354
322,-7.9612,9.00067,0.76422
322,-7.76245,8.98988,0.747138
322,-7.76208,8.99277,0.745747
322,-8.2349,9.03145,0.781632
322,-8.2593,9.0417,0.783227
322,-8.02252,9.02023,0.746705
322,-8.16259,9.03667,0.753332
322,-8.0351,9.01511,0.706419
322,-7.89981,9.00901,0.707463
322,-8.21352,9.05797,0.739967
322,-7.9949,9.0747,0.792378
322,-8.47769,9.10906,0.798934
322,-7.13452,9.0978,0.898013
322,-7.8275,9.09733,0.73469
322,-7.98604,9.13544,0.738029
322,-7.08652,9.16769,0.848029
322,-6.53165,9.13278,0.790447
322,-6.52095,9.14887,0.776236
322,-6.90421,9.11755,0.587708
322,-7.0419,9.3321,0.818441
322,-7.03641,9.33945,0.808229
322,-7.02668,9.37631,0.798864
322,-7.32187,9.60542,1.21004
322,-7.00172,9.44867,0.752883
322,-8.17474,9.65491,0.853569
322,-8.17306,9.76657,0.79509
322,-6.79561,9.60653,0.415579
322,-6.85702,9.79458,0.901634
322,-6.92993,9.73965,0.665627
322,-6.92674,9.74064,0.66497
322,-6.93686,9.7585,0.648089
322,-8.02951,9.88531,0.813887
322,-8.04348,9.90013,0.806575
322,-7.59985,9.72915,0.247211
322,-7.3636,10.1358,1.0246
322,-8.23494,10.1258,0.856486
322,-8.3803,9.90861,0.176673
322,-6.41519,10.012,0.77183
322,-8.08455,10.1181,0.814341
322,-8.08597,10.1208,0.809093
322,-7.28081,10.0823,0.795834
322,-8.09797,10.1586,0.801517
322,-7.84012,10.4087,0.852612
322,-6.49234,10.3504,0.627709
322,-9.74998,10.4015,-0.0767598
322,-7.15847,10.5585,0.572371
322,-7.19289,10.6135,0.542733
322,-7.46997,10.7898,0.829899
322,-7.39144,10.8146,0.780977
322,-7.45403,10.8406,0.493303
322,-7.54706,11.1598,1.39404
322,-7.37785,10.8633,0.446542
322,-7.74735,10.938,0.437635
322,-7.50762,11.2497,1.38894
322,-7.3465,11.0704,0.685796
322,-6.25731,11.0735,0.742494
322,-6.21207,10.9466,0.336618
322,-8.32801,11.3964,1.0018
322,-8.3206,11.4113,1.00505
322,-8.39987,11.5045,1.01764
322,-8.31052,11.4981,1.00093
322,-8.38614,11.5117,1.01696
322,-8.39622,11.5387,1.01409
322,-8.30135,11.6117,1.00953
322,-9.20912,11.2441,-0.300275
322,-8.29479,11.6557,1.03625
322,-8.27382,11.6409,0.972415
322,-8.40135,11.6954,1.08864
322,-8.34922,11.769,1.05375
322,-8.4246,11.8482,1.04191
322,-9.53452,11.5186,-0.499921
322,-6.21783,11.7924,0.791173
322,-6.19647,11.7987,0.799482
322,-6.13882,11.8278,0.723119
322,-9.57455,11.6077,-0.536102
322,-9.59118,11.6251,-0.542778
322,-9.58144,11.6244,-0.566425
322,-9.74043,11.629,-0.586032
322,-9.63199,11.6671,-0.669454
322,-9.56545,11.7038,-0.637723
322,-9.61388,11.7356,-0.629588
322,-7.79594,12.1855,0.896638
322,-9.81586,11.8335,-0.51648
322,-8.06732,12.323,0.848829
322,-8.04216,12.3259,0.857702
322,-7.03458,12.3813,0.971224
322,-7.16648,12.3466,0.825642
322,-7.19361,12.4164,0.895751
322,-7.02334,12.4608,0.947711
322,-6.06546,12.3738,0.804081
322,-7.16998,12.4951,0.879628
322,-6.09125,12.4997,0.753009
322,-6.07556,12.5509,0.743554
322,-9.43786,12.2876,-0.715555
322,-9.55327,12.362,-0.704043
322,-9.56938,12.3894,-0.732494
322,-6.26566,12.6642,0.0296541
322,-9.61094,12.5659,-0.818733
322,-10.9388,12.6686,-1.14467
322,-5.65351,13.2089,1.17735
322,-4.54878,13.0422,0.61405
322,-9.66945,12.8064,-0.964036
322,-9.68051,12.8256,-0.987236
322,-9.50481,13.1895,-0.0331557
322,-6.1331,13.2623,0.639214
322,-9.4174,13.304,0.0511236
322,-9.53669,13.2941,-0.0647326
322,-7.30183,13.5498,0.783723
322,-9.41366,13.3705,-0.11635
322,-9.41584,13.4279,0.0165242
322,-9.53748,13.2252,-0.679623
322,-6.50408,13.5352,0.691399
322,-6.56847,13.5269,0.610941
322,-6.52234,13.5763,0.696238
322,-9.43069,13.2427,-0.810956
322,-9.4397,13.5808,-0.0292282
322,-9.63096,13.586,-0.169315
322,-9.32356,13.5185,-0.437108
322,-9.32607,13.6347,-0.12779
322,-9.32959,13.5533,-0.463341
322,-9.29131,13.5565,-0.580424
322,-9.28972,13.5804,-0.612255
322,-9.31651,13.7142,-0.655722
322,-4.88223,14.1449,1.05401
322,-4.66394,20.4984,0.826795
321,-4.66394,20.4984,0.826795
322,-5.47896,16.6901,1.21856
321,-5.47896,16.6901,1.21856
322,-6.30897,10.3032,0.694809
321,-6.30897,10.3032,0.694809
322,-8.22391,14.8869,0.729143
321,-8.22391,14.8869,0.729143
322,-7.16957,16.7033,1.41054
321,-7.16957,16.7033,1.41054
322,-3.64749,16.1835,1.55586
321,-3.64749,16.1835,1.55586
322,-10.0264,16.927,1.18956
321,-10.0264,16.927,1.18956
322,-5.49933,16.7023,1.21174
321,-5.49933,16.7023,1.21174
322,-5.65291,16.1843,1.42875
321,-5.65291,16.1843,1.42875
322,-9.38171,18.8657,2.03974
321,-9.38171,18.8657,2.03974
322,-4.33065,21.1703,2.21994
321,-4.33065,21.1703,2.21994
322,-9.38056,18.8556,2.0344
321,-9.38056,18.8556,2.0344
322,-10.182,17.244,1.54073
321,-10.182,17.244,1.54073
322,-5.77472,10.5705,1.50062
321,-5.77472,10.5705,1.50062
322,-1.4027,19.6312,2.31008
321,-1.4027,19.6312,2.31008
322,-2.95193,18.5264,1.99978
321,-2.95193,18.5264,1.99978
322,-7.80173,16.207,1.49635
321,-7.80173,16.207,1.49635
322,-1.59544,19.2548,2.31732
321,-1.59544,19.2548,2.31732
322,-5.59662,16.332,1.56164
321,-5.59662,16.332,1.56164
322,-4.86064,18.981,2.19277
321,-4.86064,18.981,2.19277
322,-6.36976,15.2981,0.719472
321,-6.36976,15.2981,0.719472
322,-5.84255,15.2595,2.76248
321,-5.84255,15.2595,2.76248
322,-12.3819,16.9709,1.98357
321,-12.3819,16.9709,1.98357
322,-4.68533,19.5375,2.24495
321,-4.68533,19.5375,2.24495
322,-12.0546,16.2923,0.636007
321,-12.0546,16.2923,0.636007
322,-12.3278,15.6806,0.685052
321,-12.3278,15.6806,0.685052
322,-5.59637,13.6493,1.09397
321,-5.59637,13.6493,1.09397
322,-12.6232,15.5533,0.740802
321,-12.6232,15.5533,0.740802
322,-6.50205,11.2362,1.0907
321,-6.50205,11.2362,1.0907
322,-12.52,16.0581,0.686787
321,-12.52,16.0581,0.686787
322,-6.41649,15.2822,0.719688
321,-6.41649,15.2822,0.719688
322,-12.3286,15.0948,0.832693
321,-12.3286,15.0948,0.832693
322,-5.82757,20.2661,2.33037
321,-5.82757,20.2661,2.33037
322,-8.24507,16.5216,2.57958
321,-8.24507,16.5216,2.57958
322,-4.84452,19.7057,2.61962
321,-4.84452,19.7057,2.61962
322,-5.39369,16.1451,1.17372
320,-5.39369,16.1451,1.17372
322,-7.83029,16.5421,0.915036
320,-7.83029,16.5421,0.915036
322,-7.16334,16.5125,1.42482
320,-7.16334,16.5125,1.42482
322,-9.08183,17.0436,1.35818
320,-9.08183,17.0436,1.35818
322,-4.30391,19.356,2.73078
320,-4.30391,19.356,2.73078
322,-7.6532,17.0106,2.03091
320,-7.6532,17.0106,2.03091
322,-5.60604,15.4871,1.31386
320,-5.60604,15.4871,1.31386
322,-10.0999,16.8865,1.21413
320,-10.0999,16.8865,1.21413
322,-0.210121,17.1825,1.48129
320,-0.210121,17.1825,1.48129
322,-7.28936,16.7814,1.24893
320,-7.28936,16.7814,1.24893
322,-4.26136,16.0692,1.20812
319,-4.26136,16.0692,1.20812
322,0.0740319,17.7755,1.99228
319,0.0740319,17.7755,1.99228
322,-0.0454923,17.8448,2.04737
319,-0.0454923,17.8448,2.04737
322,-2.00096,17.0864,2.15517
319,-2.00096,17.0864,2.15517
322,-8.46328,16.7136,2.03709
319,-8.46328,16.7136,2.03709
322,-1.35662,17.7763,1.97552
318,-1.35662,17.7763,1.97552
322,-2.76579,15.8754,1.02021
318,-2.76579,15.8754,1.02021
322,-1.61107,15.2467,0.962205
318,-1.61107,15.2467,0.962205
322,-3.2562,17.7941,2.61989
317,-3.2562,17.7941,2.61989
322,-10.4263,19.5017,-1.05569
170,-10.4263,19.5017,-1.05569
322,-10.4001,16.212,2.61811
170,-10.4001,16.212,2.61811
322,-5.74195,15.4118,2.95097
170,-5.74195,15.4118,2.95097
322,-10.1606,19.5617,-1.20957
172,-10.1606,19.5617,-1.20957
322,-6.58805,16.5757,1.22127
172,-6.58805,16.5757,1.22127
322,-5.60982,16.342,1.29707
171,-5.60982,16.342,1.29707
322,-12.489,17.165,1.53906
163,-12.489,17.165,1.53906
323,-8.09427,7.99778,2.0449
323,-7.89346,8.3108,2.06458
323,-8.39005,8.51938,1.84049
323,-7.81417,8.61203,1.58849
323,-7.26969,8.77065,1.03355
323,-7.48779,8.7493,0.833622
323,-7.55571,8.76185,0.814922
323,-7.63661,8.82536,0.754796
323,-7.04903,8.83787,0.826879
323,-7.0554,8.84269,0.823
323,-7.54312,8.87596,0.762784
323,-8.30095,8.95289,0.840677
323,-8.30266,8.9509,0.832635
323,-8.04313,8.91605,0.725052
323,-8.05793,8.91673,0.724978
323,-8.041,8.91815,0.726577
323,-8.04105,8.92342,0.718365
323,-7.53551,8.91253,0.734405
323,-8.31818,8.98277,0.807424
323,-7.66356,8.93046,0.727841
323,-8.30237,8.99248,0.803871
323,-7.52501,8.93383,0.71409
323,-7.52897,8.95445,0.772854
323,-7.66646,8.94814,0.712436
323,-7.56168,8.96163,0.759643
323,-8.26075,9.0043,0.785226
323,-7.52768,8.96889,0.763174
323,-8.4568,9.03944,0.840284
323,-7.51504,8.95319,0.692688
323,-8.45352,9.04942,0.843303
323,-8.4611,9.04773,0.835502
323,-8.45553,9.05451,0.842903
323,-7.99496,8.98455,0.694502
323,-8.02657,8.99709,0.722346
323,-8.45977,9.05252,0.829492
323,-8.46466,9.05287,0.829376
323,-8.4583,9.05574,0.836267
323,-7.71455,8.9829,0.688683
323,-7.9626,9.00189,0.708404
323,-7.97033,9.00324,0.699117
323,-6.93415,9.01604,0.599069
323,-7.85312,9.10981,0.660309
323,-6.84996,9.08234,0.601245
323,-7.81679,9.26919,0.530573
323,-7.72434,9.2644,0.448985
323,-6.98484,9.34702,0.726702
323,-8.42856,9.47303,0.838548
323,-8.43611,9.50565,0.824169
323,-7.49119,9.51574,0.866521
323,-8.27544,9.71504,0.835219
323,-8.39065,9.85818,0.837472
323,-6.89116,9.74396,0.660632
323,-8.38676,9.96034,0.827436
323,-7.43736,10.0363,0.826376
323,-6.39247,10.0617,0.757105
323,-8.16327,10.1719,0.826086
323,-6.37352,10.0837,0.749119
323,-7.18502,10.5983,0.839166
323,-8.16157,10.6865,0.866245
323,-8.14524,10.7168,0.847136
323,-6.2703,10.7306,0.71753
323,-8.02761,11.0193,1.03506
323,-7.7268,10.8669,0.475489
323,-8.34503,11.1614,0.788439
323,-9.76285,11.0019,-0.209234
323,-6.20946,11.1797,0.724868
323,-8.35977,11.3125,0.712303
323,-7.64065,10.8507,-0.544394
323,-8.3633,11.3692,0.694383
323,-8.29503,11.3799,0.705044
323,-8.36348,11.3854,0.695706
323,-8.3995,11.5299,1.01936
323,-7.51173,11.4604,0.89978
323,-8.28541,11.4881,0.871945
323,-8.30673,11.5494,1.0363
323,-8.13306,11.4734,0.829133
323,-9.35671,10.9415,-0.861323
323,-9.37923,10.9438,-0.869917
323,-8.39943,11.5554,1.01308
323,-8.39687,11.5655,0.991966
323,-8.31032,11.5418,0.924044
323,-8.11039,11.4888,0.79181
323,-8.10093,11.4959,0.808689
323,-7.45191,11.4094,0.626296
323,-8.26163,11.5763,0.984033
323,-8.12748,11.5205,0.820805
323,-8.26349,11.5805,0.9773
323,-8.44204,11.5673,0.887735
323,-8.09686,11.5429,0.808033
323,-8.26487,11.5676,0.84703
323,-9.83349,11.252,-0.317084
323,-8.36102,11.6726,1.04133
323,-9.247,11.0397,-0.910736
323,-8.44187,11.6227,0.870077
323,-8.31637,11.6759,1.0287
323,-9.24483,11.0587,-0.924254
323,-9.24846,11.0639,-0.916582
323,-9.23497,11.0694,-0.925747
323,-8.44353,11.6703,0.858826
323,-8.35621,11.7265,1.02872
323,-9.23663,11.0957,-0.952175
323,-9.25333,11.1151,-0.957513
323,-8.5812,11.9447,1.01984
323,-9.68925,11.4722,-0.687426
323,-9.64512,11.5921,-0.416311
323,-9.67316,11.6442,-0.321832
323,-8.06199,12.0275,0.91858
323,-9.5773,11.6033,-0.550792
323,-9.72861,11.6785,-0.43271
323,-9.58784,11.6311,-0.562386
323,-9.54894,11.6725,-0.475499
323,-9.26085,11.4984,-0.963997
323,-9.27616,11.5017,-0.965456
323,-9.61716,11.6349,-0.645839
323,-9.59109,11.6783,-0.595501
323,-9.60056,11.7602,-0.377077
323,-9.75541,11.6822,-0.624983
323,-9.60371,11.7258,-0.483275
323,-9.27504,11.5377,-1.00053
323,-9.7684,11.6909,-0.643157
323,-9.7963,11.7537,-0.501864
323,-9.60249,11.7951,-0.417385
323,-9.58724,11.7239,-0.624346
323,-9.4266,11.7571,-0.602925
323,-7.94969,12.2226,0.866141
323,-9.6074,11.8101,-0.540061
323,-9.40701,11.7961,-0.688995
323,-9.23445,11.804,-0.663828
323,-9.46723,11.8414,-0.660378
323,-9.54461,11.8544,-0.650338
323,-9.2153,11.7687,-0.929912
323,-6.07913,12.2728,0.826549
323,-9.88313,11.9716,-0.623399
323,-9.15216,11.7755,-1.10429
323,-9.93012,12.0917,-0.709508
323,-5.87864,12.6054,1.23462
323,-9.1909,12.0808,-0.811949
323,-5.41488,12.7586,0.866279
323,-5.76646,12.8979,1.19958
323,-6.00099,12.8093,0.694625
323,-9.21845,12.4752,-0.808268
323,-9.12871,12.4687,-0.877419
323,-9.51654,12.5424,-0.895291
323,-9.51793,12.553,-0.886778
323,-9.05636,12.5287,-0.907376
323,-8.66192,13.0964,0.755977
323,-9.53618,12.5661,-0.904573
323,-9.43107,12.7278,-0.488399
323,-9.65794,12.633,-0.888377
323,-9.07735,12.5995,-0.93447
323,-9.07432,12.6142,-0.956858
323,-9.39037,12.8467,-0.504151
323,-9.46394,13.0395,0.0124285
323,-9.47011,13.1373,-0.0235989
323,-8.76793,13.0924,-0.457924
323,-9.39185,13.2623,-0.0900972
323,-9.38038,13.0294,-0.856705
323,-6.50632,13.4502,0.71003
323,-6.24694,13.4168,0.616945
323,-6.22078,13.445,0.610157
323,-9.38874,13.2417,-0.366884
323,-9.40892,13.0887,-0.817881
323,-6.52531,13.501,0.715645
323,-9.3995,13.1114,-0.829624
323,-6.22433,13.4775,0.619237
323,-9.38575,13.1632,-0.699749
323,-12.31,13.9134,1.07833
323,-9.56,13.1298,-0.87506
323,-9.31099,13.408,-0.0702271
323,-6.49868,13.5803,0.698466
323,-6.49899,13.6455,0.676412
323,-9.39043,13.4227,-0.485321
323,-6.55363,13.7388,0.758616
323,-9.40059,13.3728,-0.720309
323,-9.39923,13.4041,-0.660075
323,-5.0153,13.843,1.09733
323,-12.5098,14.2352,1.03721
323,-9.37315,13.7353,-0.185516
323,-7.21367,13.9975,0.702815
323,-8.06662,11.8065,0.810762
322,-8.06662,11.8065,0.810762
323,-6.12046,12.3188,0.758387
322,-6.12046,12.3188,0.758387
323,-9.34137,18.3315,0.145607
322,-9.34137,18.3315,0.145607
323,-8.66782,16.8751,1.23459
322,-8.66782,16.8751,1.23459
323,-7.14173,10.1699,0.993696
322,-7.14173,10.1699,0.993696
323,-3.55644,16.3043,1.15988
322,-3.55644,16.3043,1.15988
323,-7.61279,8.93462,0.799124
322,-7.61279,8.93462,0.799124
323,-9.30996,11.022,-0.999799
322,-9.30996,11.022,-0.999799
323,-7.34228,8.90443,0.813274
322,-7.34228,8.90443,0.813274
323,-9.24712,14.9056,-0.556046
322,-9.24712,14.9056,-0.556046
323,-9.19451,15.0477,-0.431419
322,-9.19451,15.0477,-0.431419
323,-5.6186,16.7409,1.16199
322,-5.6186,16.7409,1.16199
323,-4.70866,19.393,2.41825
322,-4.70866,19.393,2.41825
323,-9.41512,19.1765,2.02231
322,-9.41512,19.1765,2.02231
323,-7.03004,9.38741,0.794428
322,-7.03004,9.38741,0.794428
323,-4.06095,16.3658,1.49818
322,-4.06095,16.3658,1.49818
323,-9.42274,13.9189,-0.247903
322,-9.42274,13.9189,-0.247903
323,-4.39254,14.3067,1.07663
322,-4.39254,14.3067,1.07663
323,-13.2962,21.4184,-3.11843
322,-13.2962,21.4184,-3.11843
323,-4.2975,15.7015,1.11664
322,-4.2975,15.7015,1.11664
323,-6.03539,16.9022,1.22737
322,-6.03539,16.9022,1.22737
323,-6.39998,16.9955,1.24747
322,-6.39998,16.9955,1.24747
323,-5.9307,16.2024,1.28571
322,-5.9307,16.2024,1.28571
323,-4.58759,17.773,2.16247
322,-4.58759,17.773,2.16247
323,-8.46614,9.2592,0.835081
322,-8.46614,9.2592,0.835081
323,-4.76353,18.9377,2.70618
322,-4.76353,18.9377,2.70618
323,-11.7906,16.4449,-1.28406
322,-11.7906,16.4449,-1.28406
323,-10.6519,20.6025,-0.986209
322,-10.6519,20.6025,-0.986209
323,-0.502877,22.2926,2.88875
322,-0.502877,22.2926,2.88875
323,-3.85648,13.8117,2.42014
322,-3.85648,13.8117,2.42014
323,-4.65112,13.8175,1.14144
322,-4.65112,13.8175,1.14144
323,-12.0088,14.2555,-0.450349
322,-12.0088,14.2555,-0.450349
323,-10.4382,19.5667,-0.754223
322,-10.4382,19.5667,-0.754223
323,-3.01565,18.3243,2.2128
322,-3.01565,18.3243,2.2128
323,-11.7805,16.4278,-1.25508
322,-11.7805,16.4278,-1.25508
323,-12.175,15.3981,0.711007
322,-12.175,15.3981,0.711007
323,-12.0893,14.4032,-1.0789
322,-12.0893,14.4032,-1.0789
323,-11.9507,14.1602,-0.412828
322,-11.9507,14.1602,-0.412828
323,-8.43835,9.51055,0.833609
322,-8.43835,9.51055,0.833609
323,-11.8751,14.0212,-0.881522
322,-11.8751,14.0212,-0.881522
323,-12.0823,14.4019,-0.826539
322,-12.0823,14.4019,-0.826539
323,-6.79466,14.4903,-1.13604
322,-6.79466,14.4903,-1.13604
323,-6.48973,16.29,1.31703
322,-6.48973,16.29,1.31703
323,-7.4308,9.70333,0.764547
322,-7.4308,9.70333,0.764547
323,-2.55175,17.4742,2.26638
322,-2.55175,17.4742,2.26638
323,-6.57972,14.4474,0.86266
322,-6.57972,14.4474,0.86266
323,-6.08494,18.4119,1.15099
322,-6.08494,18.4119,1.15099
323,-6.00034,12.4892,0.777097
322,-6.00034,12.4892,0.777097
323,-2.41032,16.3371,2.00373
322,-2.41032,16.3371,2.00373
323,-4.66313,17.5271,2.57256
322,-4.66313,17.5271,2.57256
323,-13.2342,17.7798,1.55957
322,-13.2342,17.7798,1.55957
323,-12.0757,19.1885,-1.08396
322,-12.0757,19.1885,-1.08396
323,-7.77213,14.3605,0.896878
322,-7.77213,14.3605,0.896878
323,-11.6748,16.9573,-1.28674
322,-11.6748,16.9573,-1.28674
323,-4.18088,23.5353,0.643439
321,-4.18088,23.5353,0.643439
323,-4.5594,14.5637,1.33958
321,-4.5594,14.5637,1.33958
323,-8.32553,15.9832,1.01515
321,-8.32553,15.9832,1.01515
323,-3.26643,17.8088,2.13641
321,-3.26643,17.8088,2.13641
323,-0.454974,22.0763,2.94333
321,-0.454974,22.0763,2.94333
323,-2.90507,15.9382,1.39494
321,-2.90507,15.9382,1.39494
323,-8.79024,15.9767,2.95334
321,-8.79024,15.9767,2.95334
323,-11.6688,15.9371,-0.929025
321,-11.6688,15.9371,-0.929025
323,-5.71343,16.5272,1.54191
321,-5.71343,16.5272,1.54191
323,-1.20929,18.0087,2.6268
321,-1.20929,18.0087,2.6268
323,-4.41839,18.2836,2.62725
321,-4.41839,18.2836,2.62725
323,-8.39092,16.7532,0.953304
321,-8.39092,16.7532,0.953304
323,-11.6947,15.876,1.00847
321,-11.6947,15.876,1.00847
323,-4.85523,17.1589,1.98156
321,-4.85523,17.1589,1.98156
323,-3.60613,22.6742,2.93653
321,-3.60613,22.6742,2.93653
323,-4.12433,16.2381,1.21083
320,-4.12433,16.2381,1.21083
323,-10.3271,17.5353,0.313244
320,-10.3271,17.5353,0.313244
323,-6.4051,10.1322,0.781099
320,-6.4051,10.1322,0.781099
323,-7.10475,13.3227,0.702173
320,-7.10475,13.3227,0.702173
323,-2.8268,15.8108,1.41065
320,-2.8268,15.8108,1.41065
323,-5.82575,19.9488,0.985456
320,-5.82575,19.9488,0.985456
323,-12.5677,17.2685,1.28514
320,-12.5677,17.2685,1.28514
323,-9.88359,15.7005,1.3318
320,-9.88359,15.7005,1.3318
323,-4.60045,13.72,1.13911
320,-4.60045,13.72,1.13911
323,-4.08381,18.0392,2.61715
320,-4.08381,18.0392,2.61715
323,-1.50728,17.5762,2.57829
320,-1.50728,17.5762,2.57829
323,-5.25846,18.294,1.05869
319,-5.25846,18.294,1.05869
323,-7.81105,16.4368,0.919886
318,-7.81105,16.4368,0.919886
323,-5.49746,19.8395,0.870036
318,-5.49746,19.8395,0.870036
323,-10.5369,17.9079,1.14055
318,-10.5369,17.9079,1.14055
323,-7.28025,12.7925,0.894286
317,-7.28025,12.7925,0.894286
323,-3.49771,16.5738,2.50708
317,-3.49771,16.5738,2.50708
323,2.96388,27.2048,2.53721
317,2.96388,27.2048,2.53721
323,-12.2409,19.6589,-1.2381
170,-12.2409,19.6589,-1.2381
323,-7.7751,15.3437,0.712083
170,-7.7751,15.3437,0.712083
323,-7.74519,15.2423,0.761703
170,-7.74519,15.2423,0.761703
323,-12.2396,19.6636,-1.24405
170,-12.2396,19.6636,-1.24405
323,-7.7714,15.2427,0.751613
170,-7.7714,15.2427,0.751613
323,-10.165,19.2665,-0.994633
163,-10.165,19.2665,-0.994633
323,-12.9839,17.2194,1.97744
163,-12.9839,17.2194,1.97744
323,-12.9959,20.5276,-2.83843
171,-12.9959,20.5276,-2.83843
323,-11.9825,19.4438,-1.05101
171,-11.9825,19.4438,-1.05101
323,-10.2426,16.0542,2.55639
167,-10.2426,16.0542,2.55639
323,-10.2193,15.9855,2.56061
167,-10.2193,15.9855,2.56061
324,-7.56024,8.68498,0.822478
324,-7.55534,8.69815,0.819146
324,-7.45596,8.74865,0.831247
324,-7.4565,8.7536,0.82438
324,-7.43319,8.74194,0.789489
324,-7.44911,8.75739,0.826969
324,-7.44659,8.76334,0.819153
324,-7.82752,8.83297,0.909728
324,-7.82724,8.85115,0.885575
324,-7.82676,8.85525,0.887746
324,-7.54384,8.81224,0.784149
324,-7.97805,8.80993,0.728834
324,-7.97614,8.81006,0.725569
324,-7.97284,8.80579,0.714374
324,-7.97228,8.81204,0.726389
324,-7.6709,8.81251,0.747382
324,-7.96227,8.81068,0.714877
324,-7.6726,8.8178,0.747009
324,-7.97543,8.8187,0.72329
324,-7.95154,8.81594,0.71384
324,-7.66893,8.81983,0.742506
324,-7.64006,8.83808,0.777455
324,-7.56483,8.84241,0.792326
324,-7.66287,8.83968,0.768031
324,-7.64577,8.84233,0.773037
324,-7.58131,8.85991,0.808188
324,-7.64423,8.85034,0.771687
324,-8.0617,8.84039,0.70711
324,-8.06962,8.83883,0.701916
324,-7.57455,8.88202,0.782362
324,-8.06623,8.88676,0.717887
324,-8.05232,8.92337,0.725561
324,-8.04907,8.93308,0.72294
324,-7.55841,8.9668,0.800035
324,-7.88848,8.98053,0.793291
324,-7.9084,8.98095,0.788283
324,-7.88628,8.9826,0.787371
324,-7.90124,8.99335,0.784116
324,-7.8884,8.99412,0.782536
324,-8.00936,8.9891,0.718049
324,-7.8939,9.00925,0.771466
324,-8.30148,9.04049,0.783194
324,-8.31003,9.04142,0.783102
324,-8.45632,9.09241,0.812858
324,-8.42844,9.11125,0.823778
324,-7.90934,9.05911,0.704075
324,-8.23265,9.11577,0.746258
324,-7.0763,9.24784,0.799228
324,-7.02088,9.39324,0.804663
324,-10.2013,9.8044,0.0107746
324,-8.00329,10.0344,0.760047
324,-8.092,10.1612,0.81303
324,-7.81996,10.6089,0.792456
324,-8.16979,10.7985,0.842696
324,-6.30963,10.7763,0.803992
324,-8.42621,10.7914,0.375751
324,-8.38027,11.1556,0.806344
324,-8.36716,11.1665,0.783683
324,-6.21666,11.2013,0.726634
324,-6.19084,11.2667,0.732483
324,-8.40366,11.5001,1.03485
324,-9.71397,11.1399,-0.0165262
324,-8.35582,11.3807,0.712132
324,-9.72148,11.1479,-0.0185852
324,-9.36164,10.8208,-0.966878
324,-8.38118,11.2675,0.132204
324,-9.28943,10.9873,-0.955374
324,-9.25019,11.0316,-0.901139
324,-9.40815,11.049,-0.951161
324,-9.37882,11.0892,-0.919799
324,-9.27512,11.0845,-0.943161
324,-6.21934,11.6682,0.781472
324,-9.62799,11.4852,-0.223716
324,-9.69494,11.3828,-0.744573
324,-9.53691,11.468,-0.563867
324,-9.5884,11.5015,-0.542865
324,-9.56468,11.5398,-0.499372
324,-9.71232,11.4768,-0.680621
324,-9.70124,11.4419,-0.780992
324,-9.71562,11.4836,-0.680288
324,-9.71406,11.5005,-0.679355
324,-9.70604,11.4951,-0.756801
324,-8.99262,11.4762,-0.881702
324,-9.56917,11.6306,-0.545511
324,-9.00818,11.5327,-0.917141
324,-9.12216,11.5502,-0.920715
324,-9.28137,11.544,-0.978824
324,-6.16984,12.1565,0.855114
324,-8.6723,11.6525,-0.680787
324,-9.56793,11.7094,-0.630754
324,-8.65223,11.6795,-0.725278
324,-9.77571,11.7495,-0.680628
324,-9.43252,11.7853,-0.587134
324,-9.77674,11.8491,-0.62924
324,-8.83062,11.8325,-0.660011
324,-8.83604,11.8552,-0.671263
324,-9.88239,11.9499,-0.60703
324,-6.07582,12.3998,0.741331
324,-6.05769,12.5266,0.764358
324,-10.5222,13.3394,2.4057
324,-7.12634,12.9177,0.79599
324,-9.09308,12.4474,-0.84672
324,-9.13673,12.5075,-0.896388
324,-7.30445,13.091,0.764233
324,-7.31029,13.0981,0.766677
324,-9.45902,12.678,-0.509385
324,-9.01162,12.5216,-0.913091
324,-9.2619,12.6127,-0.892437
324,-9.27465,12.6213,-0.924974
324,-6.68325,13.2678,0.755044
324,-7.26057,13.2733,0.724571
324,-6.56108,13.2929,0.762784
324,-6.56494,13.3126,0.747368
324,-6.5559,13.3162,0.754489
324,-12.3854,12.6331,-1.51615
324,-12.4605,13.4826,0.707715
324,-12.3938,13.231,-0.00663376
324,-12.3585,13.7905,1.44123
324,-6.60841,13.4051,0.771131
324,-7.00771,13.4041,0.705989
324,-6.48902,13.4159,0.742253
324,-9.38831,12.9987,-0.743731
324,-6.94156,13.5336,0.783747
324,-9.38281,13.0442,-0.775123
324,-9.61673,13.0995,-0.661751
324,-12.078,13.7717,0.724936
324,-6.57465,13.652,0.78389
324,-9.33311,13.4201,-0.0837905
324,-12.6458,13.0114,-1.75791
324,-12.6087,14.2651,1.37543
324,-8.87068,13.3273,-1.04731
324,-5.56242,16.9497,1.20703
323,-5.56242,16.9497,1.20703
324,-8.86574,14.2624,-0.960792
323,-8.86574,14.2624,-0.960792
324,-8.88265,13.5006,-0.875879
323,-8.88265,13.5006,-0.875879
324,-8.99934,16.0156,-0.321191
323,-8.99934,16.0156,-0.321191
324,-6.01875,16.3711,1.26495
323,-6.01875,16.3711,1.26495
324,-6.15167,16.3076,1.28241
323,-6.15167,16.3076,1.28241
324,-10.3329,17.4917,1.39643
323,-10.3329,17.4917,1.39643
324,-5.30033,16.3754,1.23844
323,-5.30033,16.3754,1.23844
324,-4.92007,16.4731,1.19129
323,-4.92007,16.4731,1.19129
324,-11.1353,17.5906,0.322572
323,-11.1353,17.5906,0.322572
324,-9.02179,16.0699,-0.351447
323,-9.02179,16.0699,-0.351447
324,-9.77987,11.7649,-0.690608
323,-9.77987,11.7649,-0.690608
324,-9.19338,14.7298,-0.709796
323,-9.19338,14.7298,-0.709796
324,-9.1724,14.8464,-0.359004
323,-9.1724,14.8464,-0.359004
324,-8.88155,14.4065,-1.03333
323,-8.88155,14.4065,-1.03333
324,-10.2618,18.5744,-0.512883
323,-10.2618,18.5744,-0.512883
324,-8.90911,16.4158,0.0400627
323,-8.90911,16.4158,0.0400627
324,-9.21928,15.2479,-0.480535
323,-9.21928,15.2479,-0.480535
324,-9.30927,15.1629,-0.0732698
323,-9.30927,15.1629,-0.0732698
324,-9.70961,11.6583,-0.656954
323,-9.70961,11.6583,-0.656954
324,-1.60882,17.4265,2.14638
323,-1.60882,17.4265,2.14638
324,-12.0629,17.0072,-1.26715
323,-12.0629,17.0072,-1.26715
324,-3.32099,16.9603,1.11635
323,-3.32099,16.9603,1.11635
324,-3.10201,15.6442,1.43343
323,-3.10201,15.6442,1.43343
324,-12.715,19.4509,-2.16803
323,-12.715,19.4509,-2.16803
324,-9.60737,16.1327,2.57283
323,-9.60737,16.1327,2.57283
324,-12.1261,16.8895,0.871388
323,-12.1261,16.8895,0.871388
324,-12.4002,16.962,1.86147
323,-12.4002,16.962,1.86147
324,-12.4303,16.0752,1.37134
323,-12.4303,16.0752,1.37134
324,-9.23742,15.3904,-0.551494
323,-9.23742,15.3904,-0.551494
324,-7.8122,14.8725,0.811903
323,-7.8122,14.8725,0.811903
324,-8.8584,13.9217,-0.815853
323,-8.8584,13.9217,-0.815853
324,-11.7124,13.757,0.801913
323,-11.7124,13.757,0.801913
324,-9.18586,15.0712,-0.415732
323,-9.18586,15.0712,-0.415732
324,-1.41013,17.7018,2.18584
323,-1.41013,17.7018,2.18584
324,-11.8477,16.4612,-1.0957
323,-11.8477,16.4612,-1.0957
324,-12.5519,21.3569,-1.54744
323,-12.5519,21.3569,-1.54744
324,-9.20115,15.0772,-0.421009
323,-9.20115,15.0772,-0.421009
324,-10.562,19.5294,-1.09664
323,-10.562,19.5294,-1.09664
324,-4.74211,18.2729,1.04624
323,-4.74211,18.2729,1.04624
324,-5.84935,16.7341,1.23858
323,-5.84935,16.7341,1.23858
324,-10.8241,14.0847,-1.5271
323,-10.8241,14.0847,-1.5271
324,-9.29786,13.7626,-0.44322
323,-9.29786,13.7626,-0.44322
324,-9.36698,15.7115,-0.913594
323,-9.36698,15.7115,-0.913594
324,-10.0425,16.4471,-1.1042
323,-10.0425,16.4471,-1.1042
324,-7.99603,12.906,0.809977
323,-7.99603,12.906,0.809977
324,-12.6691,17.3534,1.97459
323,-12.6691,17.3534,1.97459
324,-12.098,14.9583,0.0639701
323,-12.098,14.9583,0.0639701
324,-11.994,16.7255,0.599487
323,-11.994,16.7255,0.599487
324,-14.5697,18.9172,1.1956
323,-14.5697,18.9172,1.1956
324,-10.8548,14.2513,-1.58482
323,-10.8548,14.2513,-1.58482
324,-8.20141,9.03872,0.777583
322,-8.20141,9.03872,0.777583
324,-4.16607,16.1861,1.50385
322,-4.16607,16.1861,1.50385
324,-7.17291,16.5975,1.41903
322,-7.17291,16.5975,1.41903
324,-9.13361,16.1984,2.58868
322,-9.13361,16.1984,2.58868
324,-7.40566,14.3152,1.43333
322,-7.40566,14.3152,1.43333
324,-11.1354,15.7474,-2.59014
322,-11.1354,15.7474,-2.59014
324,-4.19141,17.7613,1.9389
322,-4.19141,17.7613,1.9389
324,-10.3774,17.8343,1.27399
322,-10.3774,17.8343,1.27399
324,-7.80664,16.6673,1.47854
321,-7.80664,16.6673,1.47854
324,-8.33804,16.5253,0.935001
321,-8.33804,16.5253,0.935001
324,-2.77203,15.8978,1.55116
321,-2.77203,15.8978,1.55116
324,-5.4701,15.157,1.33242
321,-5.4701,15.157,1.33242
324,-5.66691,16.3864,1.61148
321,-5.66691,16.3864,1.61148
324,-7.10804,16.6153,0.460515
320,-7.10804,16.6153,0.460515
324,-5.39151,16.2039,1.17135
320,-5.39151,16.2039,1.17135
324,-7.00579,17.7937,1.12723
320,-7.00579,17.7937,1.12723
324,-11.8364,15.542,0.711852
320,-11.8364,15.542,0.711852
324,-1.49766,18.0106,2.15286
320,-1.49766,18.0106,2.15286
324,-11.4341,17.0918,1.23142
318,-11.4341,17.0918,1.23142
324,-7.04044,16.494,1.26143
318,-7.04044,16.494,1.26143
324,-4.48833,18.0489,2.12106
318,-4.48833,18.0489,2.12106
324,-9.45705,18.6114,2.07077
318,-9.45705,18.6114,2.07077
324,-10.1797,19.2683,-0.976727
163,-10.1797,19.2683,-0.976727
324,-14.0848,17.4585,1.96434
163,-14.0848,17.4585,1.96434
324,-10.0433,19.028,-1.00373
166,-10.0433,19.028,-1.00373
324,-18.3604,265.311,14.7227
316,-18.3604,265.311,14.7227
325,-8.63798,7.79852,1.96424
325,-8.587,7.91152,1.92048
325,-8.07846,8.68276,0.721037
325,-8.07948,8.68883,0.71507
325,-8.07952,8.75881,0.720427
325,-7.69582,8.80826,0.803784
325,-7.68401,8.80164,0.776451
325,-7.98421,8.80088,0.741382
325,-7.97806,8.80588,0.740519
325,-7.68159,8.82472,0.785485
325,-8.09237,8.93764,0.852023
325,-8.07134,8.90607,0.759481
325,-8.05253,8.92181,0.746902
325,-7.57535,8.94757,0.820189
325,-7.9084,8.974,0.812368
325,-7.95351,8.97254,0.795943
325,-8.1357,9.2261,1.41374
325,-7.89841,8.98365,0.802776
325,-8.0053,8.98386,0.759097
325,-8.45508,9.11864,0.802134
325,-8.4601,9.12146,0.807328
325,-8.44619,9.14978,0.788448
325,-8.4543,9.15409,0.783431
325,-8.43094,9.03707,0.473484
325,-8.38908,9.17544,0.802175
325,-8.38565,9.17714,0.79833
325,-8.39226,9.18112,0.803971
325,-8.44756,9.17485,0.775576
325,-7.92571,9.33038,1.19547
325,-8.42361,9.18167,0.7658
325,-8.31728,9.06044,0.403534
325,-8.43224,9.22868,0.729488
325,-6.98484,9.6027,0.772912
325,-8.3599,9.74648,0.844427
325,-7.44334,9.71152,0.795452
325,-8.17768,9.7823,0.81012
325,-8.17094,9.82357,0.786546
325,-8.02953,9.95701,0.802969
325,-10.2581,9.82582,0.087234
325,-10.1873,9.81629,0.021976
325,-10.2714,9.85142,0.0693281
325,-9.89511,9.82615,-0.019305
325,-10.1831,9.85792,-0.0296829
325,-8.07295,10.168,0.805638
325,-8.07415,10.1737,0.807679
325,-8.0725,10.2025,0.798273
325,-8.0696,10.2054,0.794557
325,-7.88547,10.3041,1.00301
325,-8.20634,10.2438,0.806241
325,-8.3805,10.2196,-0.114102
325,-8.38661,10.3433,0.0368993
325,-6.32318,10.6812,0.763379
325,-8.16464,10.8355,0.845689
325,-8.26998,10.9107,0.834114
325,-8.27384,10.912,0.827584
325,-8.27303,10.9224,0.823135
325,-6.26086,10.8649,0.789123
325,-9.06053,10.4559,-0.931712
325,-9.06465,10.471,-0.943946
325,-9.39246,10.4891,-0.984567
325,-8.41679,10.6186,-0.953446
325,-8.41632,10.6258,-0.952198
325,-8.15342,11.3292,0.824936
325,-8.23461,11.3395,0.828234
325,-8.28185,11.5205,1.004
325,-8.35944,11.4343,0.707468
325,-9.78303,11.2587,-0.0598097
325,-7.97549,11.7566,0.856394
325,-10.3444,11.2022,-0.696777
325,-8.21401,11.5374,0.156061
325,-8.20164,11.5391,0.14521
325,-9.27636,11.1405,-0.974232
325,-8.198,11.6094,0.247502
325,-8.36686,11.5256,-0.000946045
325,-9.71709,11.2147,-0.881653
325,-8.37014,11.5326,-0.0064671
325,-6.12447,11.786,0.739219
325,-6.13888,11.7913,0.735286
325,-9.88018,11.5174,-0.216275
325,-8.44104,11.4819,-0.583947
325,-6.15415,11.9655,0.765454
325,-8.48256,11.5089,-0.562099
325,-12.1729,11.7681,-0.123041
325,-8.3828,11.5231,-0.541401
325,-8.46095,11.5696,-0.457778
325,-8.45743,11.5723,-0.472535
325,-9.55552,11.5851,-0.525811
325,-8.4471,11.5408,-0.596019
325,-8.44122,11.5371,-0.614721
325,-9.67665,11.5791,-0.584956
325,-8.44708,11.5437,-0.606576
325,-9.71835,11.4496,-0.938446
325,-8.44832,11.6009,-0.49386
325,-8.3697,11.5782,-0.585032
325,-8.49924,11.6345,-0.456969
325,-9.75103,11.6209,-0.573705
325,-8.44008,11.5774,-0.621694
325,-9.5457,11.6284,-0.571778
325,-12.2332,11.8509,-0.17598
325,-8.4437,11.6435,-0.517327
325,-8.48016,11.4889,-0.937294
325,-8.45331,11.6092,-0.639472
325,-8.46833,11.6736,-0.520203
325,-8.58652,11.5168,-0.933861
325,-8.58073,11.5139,-0.945525
325,-9.75434,11.5733,-0.873254
325,-12.0983,12.0796,0.262749
325,-8.4504,11.6413,-0.673185
325,-8.9941,11.736,-0.58607
325,-12.0734,12.0582,0.0381377
325,-9.53827,11.7472,-0.636115
325,-12.1468,12.1489,0.215001
325,-8.66971,11.7278,-0.721512
325,-8.73584,11.7254,-0.734541
325,-6.14163,12.276,0.785734
325,-8.68011,11.7827,-0.749804
325,-12.1872,11.7954,-1.0298
325,-6.15124,12.4023,0.797515
325,-12.2598,12.3136,-0.122005
325,-6.05973,12.6139,0.765147
325,-7.11847,12.7904,0.822022
325,-8.41142,12.6457,0.0507054
325,-8.74986,12.2869,-0.88724
325,-7.18061,12.9265,0.812337
325,-7.34156,12.9452,0.812965
325,-9.55445,12.5408,-0.420812
325,-11.7536,12.1099,-1.66951
325,-9.07736,12.4081,-0.799088
325,-9.56822,12.5841,-0.434645
325,-9.56435,12.5962,-0.457482
325,-7.99461,13.0688,0.819022
325,-7.363,13.0503,0.753106
325,-8.75251,12.4359,-0.969232
325,-9.52545,12.5228,-0.86173
325,-9.07067,12.5117,-0.883958
325,-9.57218,12.6807,-0.489944
325,-9.0542,12.5226,-0.866278
325,-7.43353,12.8867,0.138917
325,-5.59664,13.254,1.16175
325,-5.59092,13.2514,1.15558
325,-6.23102,13.0903,0.698515
325,-9.05788,12.542,-0.897848
325,-7.21839,13.2047,0.826649
325,-9.53215,12.5911,-0.88655
325,-6.26071,13.2356,0.669406
325,-5.69819,13.423,1.1657
325,-12.4403,12.8983,-0.587141
325,-9.09532,12.7263,-0.98368
325,-6.5348,13.3611,0.743258
325,-9.43231,13.1618,0.0500493
325,-9.43307,13.262,0.0161974
325,-7.36412,13.3608,-0.0578074
325,-12.0838,13.8159,0.726627
325,-12.603,13.6021,-0.13947
325,-12.7186,13.9563,0.640789
325,-10.1729,19.1054,0.0387676
324,-10.1729,19.1054,0.0387676
325,-10.2422,18.4203,0.169256
324,-10.2422,18.4203,0.169256
325,-11.0397,18.2189,-1.93798
324,-11.0397,18.2189,-1.93798
325,-8.30148,17.0656,0.362061
324,-8.30148,17.0656,0.362061
325,-7.90284,12.1831,0.730627
324,-7.90284,12.1831,0.730627
325,-6.74566,16.6814,0.486893
324,-6.74566,16.6814,0.486893
325,-11.46,19.7026,-3.19071
324,-11.46,19.7026,-3.19071
325,-9.04438,15.9128,-0.792396
324,-9.04438,15.9128,-0.792396
325,-9.67673,11.7052,-0.572161
324,-9.67673,11.7052,-0.572161
325,-8.65946,15.3144,-0.779946
324,-8.65946,15.3144,-0.779946
325,-8.28919,9.06027,0.490772
324,-8.28919,9.06027,0.490772
325,-10.2794,20.1094,-0.874831
324,-10.2794,20.1094,-0.874831
325,-8.22536,16.7782,0.480047
324,-8.22536,16.7782,0.480047
325,-5.75521,16.7439,1.22647
324,-5.75521,16.7439,1.22647
325,-3.26549,20.3313,1.09759
324,-3.26549,20.3313,1.09759
325,-11.745,16.5987,-1.30364
324,-11.745,16.5987,-1.30364
325,-9.01763,15.2173,-0.578457
324,-9.01763,15.2173,-0.578457
325,-10.975,17.8865,-1.81858
324,-10.975,17.8865,-1.81858
325,-8.90893,16.9556,-0.0974431
324,-8.90893,16.9556,-0.0974431
325,-11.6777,15.1597,0.792073
324,-11.6777,15.1597,0.792073
325,-9.87696,9.7884,0.00888486
324,-9.87696,9.7884,0.00888486
325,-7.79025,17.1301,2.3066
324,-7.79025,17.1301,2.3066
325,-11.7857,16.4044,-1.42805
324,-11.7857,16.4044,-1.42805
325,-8.86726,14.1329,-0.894658
324,-8.86726,14.1329,-0.894658
325,-4.97348,22.4795,0.734866
324,-4.97348,22.4795,0.734866
325,-4.26906,22.572,2.85335
324,-4.26906,22.572,2.85335
325,-9.42535,19.7054,2.1641
324,-9.42535,19.7054,2.1641
325,-12.23,14.5379,0.965496
324,-12.23,14.5379,0.965496
325,-9.90544,9.83952,-0.0441187
324,-9.90544,9.83952,-0.0441187
325,-8.26341,9.01185,0.810302
324,-8.26341,9.01185,0.810302
325,-2.74097,18.0174,1.00688
324,-2.74097,18.0174,1.00688
325,-9.28709,11.035,-0.969817
324,-9.28709,11.035,-0.969817
325,-11.5706,16.6126,2.58648
324,-11.5706,16.6126,2.58648
325,-12.2772,15.5901,2.87422
324,-12.2772,15.5901,2.87422
325,-11.0811,18.3732,-1.9958
324,-11.0811,18.3732,-1.9958
325,-8.98824,14.8609,-0.019613
324,-8.98824,14.8609,-0.019613
325,-13.4172,16.8798,1.98521
324,-13.4172,16.8798,1.98521
325,-12.6106,13.2098,-0.735969
324,-12.6106,13.2098,-0.735969
325,-9.05934,16.2563,-0.398842
324,-9.05934,16.2563,-0.398842
325,-10.6887,20.3665,-1.31239
324,-10.6887,20.3665,-1.31239
325,-2.16436,16.6616,1.19382
324,-2.16436,16.6616,1.19382
325,-4.61051,19.2474,2.25509
324,-4.61051,19.2474,2.25509
325,-11.912,13.4095,0.802104
324,-11.912,13.4095,0.802104
325,-13.611,17.1466,1.31653
324,-13.611,17.1466,1.31653
325,-11.0808,14.3494,-0.32075
324,-11.0808,14.3494,-0.32075
325,-10.7802,20.4617,-1.27527
324,-10.7802,20.4617,-1.27527
325,-5.6372,15.3914,1.15356
324,-5.6372,15.3914,1.15356
325,-12.9661,17.2164,1.29489
324,-12.9661,17.2164,1.29489
325,-11.0404,17.9839,-1.96259
324,-11.0404,17.9839,-1.96259
325,-10.123,16.359,1.38525
324,-10.123,16.359,1.38525
325,-8.32248,16.6884,1.18962
323,-8.32248,16.6884,1.18962
325,-11.1882,18.8329,-1.80111
323,-11.1882,18.8329,-1.80111
325,-9.05973,16.1239,-0.265803
323,-9.05973,16.1239,-0.265803
325,-5.27301,16.9268,1.18638
323,-5.27301,16.9268,1.18638
325,-11.8281,18.498,-1.78275
323,-11.8281,18.498,-1.78275
325,-11.8286,18.5028,-1.77901
323,-11.8286,18.5028,-1.77901
325,-5.39009,16.5591,1.22787
323,-5.39009,16.5591,1.22787
325,-8.32327,16.405,0.953979
323,-8.32327,16.405,0.953979
325,-11.9357,20.0683,-0.328297
323,-11.9357,20.0683,-0.328297
325,-4.02709,16.4048,1.51303
323,-4.02709,16.4048,1.51303
325,-4.19797,18.38,1.91773
323,-4.19797,18.38,1.91773
325,-8.684,16.5378,1.28295
323,-8.684,16.5378,1.28295
325,-6.12554,15.8658,0.609855
323,-6.12554,15.8658,0.609855
325,-12.2217,17.2523,0.844815
323,-12.2217,17.2523,0.844815
325,-5.02491,13.8551,1.10946
323,-5.02491,13.8551,1.10946
325,-10.799,20.4807,0.927449
323,-10.799,20.4807,0.927449
325,-10.9898,16.7296,-1.7422
323,-10.9898,16.7296,-1.7422
325,-9.25664,12.7066,-0.920915
323,-9.25664,12.7066,-0.920915
325,-9.78836,13.15,-1.16513
323,-9.78836,13.15,-1.16513
325,-6.31841,17.0796,1.25545
323,-6.31841,17.0796,1.25545
325,-7.12896,10.678,0.535907
322,-7.12896,10.678,0.535907
325,-7.16205,10.555,0.593277
322,-7.16205,10.555,0.593277
325,-4.15247,18.1147,1.98511
322,-4.15247,18.1147,1.98511
325,-5.77708,13.187,0.713267
322,-5.77708,13.187,0.713267
325,-5.70358,13.3735,0.650016
322,-5.70358,13.3735,0.650016
325,-6.94243,14.5247,0.851958
321,-6.94243,14.5247,0.851958
325,-3.90099,16.3985,1.59501
321,-3.90099,16.3985,1.59501
325,-11.9,15.6171,0.745905
321,-11.9,15.6171,0.745905
325,-9.72885,19.5357,1.31256
320,-9.72885,19.5357,1.31256
325,-11.7353,15.6476,0.772781
320,-11.7353,15.6476,0.772781
325,-10.3647,19.3739,-1.02012
163,-10.3647,19.3739,-1.02012
325,-10.3811,16.1466,2.62125
163,-10.3811,16.1466,2.62125
325,-13.0678,17.4501,1.95842
163,-13.0678,17.4501,1.95842
325,-12.6797,16.0963,2.90177
163,-12.6797,16.0963,2.90177
325,-10.0764,19.29,-1.12876
161,-10.0764,19.29,-1.12876
325,-5.51901,16.113,1.24718
166,-5.51901,16.113,1.24718
326,-7.93689,8.77857,0.866905
326,-7.92934,8.84847,0.808597
326,-8.05554,8.93037,0.748408
326,-8.28234,8.98167,0.844621
326,-7.90697,8.97965,0.79934
326,-8.06128,8.99044,0.814456
326,-8.06415,8.99501,0.80739
326,-8.27017,9.02106,0.804015
326,-8.31117,9.02953,0.806943
326,-8.32684,9.02215,0.756639
326,-8.3441,9.04445,0.734471
326,-8.45679,9.11315,0.786722
326,-8.44816,9.12662,0.800874
326,-8.45589,9.1284,0.80422
326,-8.47229,9.00345,0.445667
326,-8.30236,9.04216,0.518572
326,-8.39508,9.04586,0.466621
326,-8.42,9.05023,0.460317
326,-8.3375,9.03923,0.419916
326,-8.38224,9.05863,0.448604
326,-8.41827,9.21445,0.750183
326,-8.41445,9.25235,0.832218
326,-7.49931,9.60894,0.843667
326,-7.474,9.64974,0.822365
326,-8.44286,9.91658,0.839413
326,-8.05175,9.91649,0.825901
326,-8.04034,9.92346,0.826739
326,-8.43582,9.93091,0.831942
326,-8.4491,9.93772,0.83792
326,-8.02814,9.93579,0.809448
326,-8.4252,9.96997,0.797032
326,-8.42416,9.98451,0.804865
326,-8.40225,10.0567,0.761136
326,-9.88031,9.7621,-0.0368881
326,-9.88291,9.76701,-0.0395062
326,-9.96217,9.78951,-0.0505052
326,-8.10682,10.1271,0.8414
326,-9.85604,9.7944,-0.0457728
326,-10.1839,9.80778,-0.0249484
326,-10.1937,9.82362,-0.0282223
326,-10.1575,9.81342,-0.0663762
326,-10.1577,9.81679,-0.0619438
326,-8.37525,10.1257,0.721677
326,-10.1558,9.83066,-0.0684788
326,-8.45209,9.98398,0.277168
326,-8.44814,9.99911,0.264837
326,-8.45746,10.0023,0.263218
326,-8.19944,10.258,0.797639
326,-8.33453,10.119,0.304659
326,-8.38821,10.1239,0.219834
326,-8.40383,10.1556,0.173743
326,-7.8392,10.5681,0.811464
326,-8.35923,10.3853,-0.23926
326,-8.14535,10.9201,0.812003
326,-8.30405,10.6036,-0.403362
326,-9.17507,10.4599,-0.962543
326,-8.43524,10.5105,-0.829587
326,-6.21636,11.1122,0.75457
326,-8.69139,10.4733,-1.03337
326,-8.43631,10.5468,-0.878727
326,-8.42404,10.5949,-0.927314
326,-8.30804,11.4449,0.910854
326,-8.3896,11.3834,0.719059
326,-8.33245,11.4715,0.692255
326,-9.39207,10.9294,-0.831136
326,-8.33149,11.6265,0.630252
326,-8.32267,11.1095,-0.854523
326,-8.35556,11.1061,-0.874377
326,-12.256,11.8119,0.922111
326,-8.40227,11.4869,0.0372522
326,-12.2664,11.8395,0.900653
326,-6.10182,11.7935,0.73475
326,-6.12663,11.8002,0.749324
326,-12.2133,11.8397,0.737945
326,-6.13058,11.8426,0.786728
326,-8.3859,11.5686,-0.00592494
326,-6.12435,11.8937,0.785607
326,-12.2126,11.913,0.713864
326,-9.63771,11.3165,-0.967769
326,-12.2835,11.971,0.706781
326,-8.47737,11.5061,-0.568275
326,-8.48458,11.3981,-0.880517
326,-12.1162,12.0884,0.822754
326,-9.76897,11.3942,-1.02257
326,-9.75887,11.4403,-0.908706
326,-9.57644,11.6035,-0.53405
326,-12.0905,12.1134,0.756299
326,-8.53248,11.5714,-0.642953
326,-8.59945,11.4884,-0.901452
326,-8.43332,11.6463,-0.53084
326,-9.38016,11.6631,-0.58882
326,-12.5019,11.4992,-1.04435
326,-9.74555,11.5268,-0.988629
326,-9.47215,11.7179,-0.551156
326,-9.39416,11.7337,-0.550098
326,-9.77063,11.571,-1.02037
326,-9.51545,11.728,-0.650898
326,-8.05965,12.3213,0.864571
326,-8.05609,12.3384,0.864791
326,-9.47281,11.7993,-0.590735
326,-9.47332,11.8068,-0.592853
326,-12.3269,11.9662,-0.239665
326,-8.81774,11.8171,-0.640266
326,-12.1632,12.171,0.237169
326,-9.11365,11.6812,-1.0144
326,-8.48829,11.8761,-0.541266
326,-9.00261,11.8722,-0.767748
326,-12.306,12.3898,0.170213
326,-6.06994,12.6333,0.720051
326,-8.02008,12.7435,0.87461
326,-9.95118,12.0046,-1.28024
326,-7.28701,12.8148,0.806392
326,-7.26879,12.869,0.793024
326,-5.72577,13.0409,1.13932
326,-5.88766,13.1099,1.21211
326,-12.2032,12.25,-1.34766
326,-6.31068,13.0548,0.711947
326,-5.75281,13.2534,1.17982
326,-7.23801,13.1695,0.834057
326,-5.7203,13.3416,1.17205
326,-8.68955,12.5988,-1.08776
326,-9.26158,12.6575,-0.942622
326,-9.4343,13.076,0.0755215
326,-12.3948,13.3535,0.748654
326,-9.35186,12.9015,-0.452362
326,-6.96295,13.3942,0.685373
326,-8.35021,12.8397,-0.808246
326,-9.37734,13.0246,-0.578995
326,-12.6314,13.2349,-0.708711
326,-8.34736,10.2389,0.663135
325,-8.34736,10.2389,0.663135
326,-4.87175,17.1444,1.14509
325,-4.87175,17.1444,1.14509
326,-4.8518,16.6457,1.391
325,-4.8518,16.6457,1.391
326,-9.99806,17.5036,0.327128
325,-9.99806,17.5036,0.327128
326,-10.0876,19.0561,-1.054
325,-10.0876,19.0561,-1.054
326,-11.7879,16.7879,-1.14885
325,-11.7879,16.7879,-1.14885
326,-9.89577,9.85412,-0.0253732
325,-9.89577,9.85412,-0.0253732
326,-8.4336,10.461,-0.962452
325,-8.4336,10.461,-0.962452
326,-9.86782,9.7712,0.0187245
325,-9.86782,9.7712,0.0187245
326,-9.32076,13.4345,-0.0497083
325,-9.32076,13.4345,-0.0497083
326,-11.0814,17.2381,0.39179
325,-11.0814,17.2381,0.39179
326,-10.3467,17.6597,1.47599
325,-10.3467,17.6597,1.47599
326,-5.81798,15.4829,1.32526
325,-5.81798,15.4829,1.32526
326,-11.878,15.2522,-3.72259
325,-11.878,15.2522,-3.72259
326,-8.223,17.0391,2.31151
325,-8.223,17.0391,2.31151
326,-8.28959,16.9144,0.883415
325,-8.28959,16.9144,0.883415
326,-10.4223,18.9653,-1.01957
325,-10.4223,18.9653,-1.01957
326,-8.63297,35.275,-3.55804
325,-8.63297,35.275,-3.55804
326,-11.7491,16.7281,-1.59153
325,-11.7491,16.7281,-1.59153
326,-12.2791,22.9267,-3.74993
325,-12.2791,22.9267,-3.74993
326,-11.4961,15.3388,-2.81957
325,-11.4961,15.3388,-2.81957
326,-0.355538,21.0393,2.33976
325,-0.355538,21.0393,2.33976
326,-12.2936,17.4852,0.813721
325,-12.2936,17.4852,0.813721
326,-12.1623,18.0409,-3.85699
325,-12.1623,18.0409,-3.85699
326,-8.14289,18.2985,-0.322591
325,-8.14289,18.2985,-0.322591
326,-8.85297,9.58731,0.680401
325,-8.85297,9.58731,0.680401
326,-8.78001,13.3031,-1.71639
325,-8.78001,13.3031,-1.71639
326,-8.04488,8.79796,0.671032
325,-8.04488,8.79796,0.671032
326,-11.4007,19.9585,-2.57644
325,-11.4007,19.9585,-2.57644
326,-4.1721,21.0123,2.45906
325,-4.1721,21.0123,2.45906
326,-3.16325,23.9291,2.5259
325,-3.16325,23.9291,2.5259
326,-11.0134,17.8098,-1.80449
325,-11.0134,17.8098,-1.80449
326,-10.7104,16.3133,-1.24059
325,-10.7104,16.3133,-1.24059
326,-0.324269,20.0644,2.46501
325,-0.324269,20.0644,2.46501
326,-3.61957,22.6086,2.4874
325,-3.61957,22.6086,2.4874
326,-4.34034,18.4123,2.61885
325,-4.34034,18.4123,2.61885
326,-3.85733,21.9212,2.47202
325,-3.85733,21.9212,2.47202
326,-8.62266,17.2582,-0.544958
325,-8.62266,17.2582,-0.544958
326,-11.8219,15.4605,0.766995
325,-11.8219,15.4605,0.766995
326,-9.03526,14.8487,0.0107355
325,-9.03526,14.8487,0.0107355
326,-9.43244,13.6621,-0.939254
325,-9.43244,13.6621,-0.939254
326,-11.083,14.4772,-1.36194
325,-11.083,14.4772,-1.36194
326,-13.5903,17.1373,1.30247
325,-13.5903,17.1373,1.30247
326,-11.898,13.4412,0.810876
325,-11.898,13.4412,0.810876
326,-7.80927,14.9534,0.814691
325,-7.80927,14.9534,0.814691
326,-5.99201,16.3779,1.27274
325,-5.99201,16.3779,1.27274
326,-11.9638,14.1783,0.722807
325,-11.9638,14.1783,0.722807
326,-12.1481,13.5987,1.16798
325,-12.1481,13.5987,1.16798
326,-7.79524,14.7676,0.823666
325,-7.79524,14.7676,0.823666
326,-9.3133,13.7312,-0.180809
325,-9.3133,13.7312,-0.180809
326,-5.54099,14.4902,1.00182
324,-5.54099,14.4902,1.00182
326,-10.8962,17.1765,-1.55573
324,-10.8962,17.1765,-1.55573
326,-6.87898,12.0784,0.683512
324,-6.87898,12.0784,0.683512
326,-12.0554,17.5275,-1.50251
324,-12.0554,17.5275,-1.50251
326,-9.49504,11.389,-0.432593
324,-9.49504,11.389,-0.432593
326,-5.2536,16.0423,0.863118
324,-5.2536,16.0423,0.863118
326,-10.1843,19.2402,-0.98768
324,-10.1843,19.2402,-0.98768
326,-11.4675,14.2766,1.04094
324,-11.4675,14.2766,1.04094
326,-11.6466,16.1452,-0.903685
324,-11.6466,16.1452,-0.903685
326,-11.7892,16.763,-1.19097
324,-11.7892,16.763,-1.19097
326,-6.50627,16.9167,1.19771
324,-6.50627,16.9167,1.19771
326,-11.4115,17.0176,1.19946
324,-11.4115,17.0176,1.19946
326,-0.419966,19.7093,2.37336
324,-0.419966,19.7093,2.37336
326,-6.38584,15.0781,0.751926
324,-6.38584,15.0781,0.751926
326,-12.0252,13.56,-1.94632
324,-12.0252,13.56,-1.94632
326,-11.3541,19.4075,-3.39547
324,-11.3541,19.4075,-3.39547
326,-8.35213,17.4958,0.887954
324,-8.35213,17.4958,0.887954
326,-11.9904,18.8084,-0.964113
324,-11.9904,18.8084,-0.964113
326,-5.88894,16.6796,1.24994
324,-5.88894,16.6796,1.24994
326,-11.6467,15.9133,0.979273
324,-11.6467,15.9133,0.979273
326,-10.1282,16.3824,1.37685
324,-10.1282,16.3824,1.37685
326,-10.1843,19.3573,-1.0132
323,-10.1843,19.3573,-1.0132
326,-11.1344,16.7458,1.2426
323,-11.1344,16.7458,1.2426
326,-9.17588,15.0113,-0.398971
323,-9.17588,15.0113,-0.398971
326,-9.73043,15.8957,-0.964426
323,-9.73043,15.8957,-0.964426
326,-8.1561,9.03475,0.783406
322,-8.1561,9.03475,0.783406
326,-16.6603,43.0572,-4.13546
320,-16.6603,43.0572,-4.13546
326,-12.1868,19.6459,-1.02379
163,-12.1868,19.6459,-1.02379
326,-13.026,21.238,-4.60298
163,-13.026,21.238,-4.60298
326,-12.5174,15.6366,-1.18529
161,-12.5174,15.6366,-1.18529
326,-11.5177,20.1424,-4.00325
160,-11.5177,20.1424,-4.00325
326,-10.5452,19.7661,-1.21926
160,-10.5452,19.7661,-1.21926
326,-4.20875,17.9433,2.11804
318,-4.20875,17.9433,2.11804
327,-9.58079,7.96608,1.80229
327,-8.09489,8.95289,0.842159
327,-8.085,8.96894,0.82954
327,-8.42882,9.09076,0.863532
327,-8.43762,9.09715,0.874713
327,-8.47015,9.09158,0.83208
327,-8.4533,9.13318,0.810633
327,-8.39368,9.20216,0.850474
327,-8.48645,9.1594,0.741892
327,-8.47345,9.18724,0.708766
327,-8.48048,9.32035,0.848677
327,-8.46755,9.39503,0.835845
327,-8.454,9.45159,0.831538
327,-7.79087,9.87908,0.930495
327,-8.14813,9.82106,0.785646
327,-8.05742,9.88759,0.830291
327,-8.31483,10.0527,0.929585
327,-8.31508,10.0602,0.934425
327,-8.08243,10.1626,0.811201
327,-10.179,9.80023,0.0260277
327,-10.1599,9.81524,-0.0535161
327,-10.1703,9.84316,-0.0175829
327,-9.81644,9.95791,-0.0902576
327,-10.2655,9.96681,-0.0398381
327,-8.40942,10.1642,0.160703
327,-8.39862,10.1705,0.14384
327,-8.35629,10.2105,0.16535
327,-8.41596,10.2107,-0.101066
327,-8.41359,10.2311,-0.117733
327,-7.8279,10.6282,0.789308
327,-8.35668,10.3568,0.112157
327,-8.38346,10.2699,-0.130107
327,-8.37699,10.2955,-0.161534
327,-8.32122,10.4388,-0.829492
327,-8.32151,10.5253,-0.798597
327,-8.18658,11.184,0.851291
327,-8.19327,11.2084,0.872492
327,-8.41657,10.5799,-0.891839
327,-8.13226,11.3812,0.86057
327,-8.42181,11.4889,1.04384
327,-8.15369,11.4518,0.834135
327,-8.06058,11.4975,0.927337
327,-8.35353,11.4274,0.708472
327,-8.10399,11.4906,0.837527
327,-8.41164,11.5442,1.02686
327,-8.33888,11.4329,0.694774
327,-8.23887,11.67,0.96369
327,-8.36095,11.0511,-0.775713
327,-9.30068,10.9607,-0.93349
327,-8.32584,11.7302,0.97353
327,-12.4717,11.4331,0.627276
327,-8.33599,11.1451,-0.852007
327,-8.3391,11.1661,-0.851756
327,-9.2311,11.0949,-0.929055
327,-8.39525,11.516,0.040621
327,-8.38306,11.5345,0.0112946
327,-8.3853,11.5358,-0.000599623
327,-12.5298,11.5242,0.583341
327,-8.26782,11.9003,0.922607
327,-12.5382,11.5474,0.575071
327,-8.37075,11.5758,-0.00458288
327,-8.20131,11.959,0.957729
327,-12.5738,11.5887,0.577221
327,-9.668,11.3912,-0.408096
327,-12.6845,11.3874,-0.0328035
327,-9.71292,11.4406,-0.437142
327,-5.97565,12.0537,0.671634
327,-9.71339,11.4379,-0.455719
327,-9.10793,11.484,-0.518491
327,-6.02157,12.11,0.709704
327,-8.4481,11.5245,-0.563566
327,-9.09955,11.5114,-0.522681
327,-12.7491,12.0459,1.41551
327,-8.99882,11.544,-0.562098
327,-8.1097,12.1636,0.962026
327,-9.72707,11.5478,-0.528308
327,-12.8042,11.5459,-0.109404
327,-12.8224,11.544,-0.121253
327,-8.45129,11.6755,-0.436685
327,-9.63526,11.575,-0.543288
327,-8.43626,11.6845,-0.444333
327,-12.8094,12.134,1.41265
327,-9.21108,11.642,-0.58636
327,-9.5619,11.6088,-0.628513
327,-9.64084,11.626,-0.572775
327,-9.60012,11.6919,-0.42294
327,-9.57746,11.6655,-0.517595
327,-9.56306,11.6554,-0.556592
327,-7.99412,12.2816,0.890248
327,-9.60899,11.7317,-0.451501
327,-8.0445,12.3245,0.925962
327,-7.96734,12.3126,0.876035
327,-9.75063,11.6646,-0.789959
327,-12.1788,11.7823,-0.118282
327,-12.2232,11.8167,-0.176162
327,-12.489,11.4973,-1.03362
327,-7.22143,12.5209,0.870614
327,-7.1496,12.6238,0.944049
327,-9.76694,11.8189,-0.904358
327,-12.1542,12.1525,0.285871
327,-8.09401,12.6719,0.907918
327,-9.79719,11.8854,-1.26195
327,-12.5343,12.4146,0.564233
327,-12.2303,12.3038,0.213113
327,-5.82529,12.8649,0.660531
327,-5.84379,12.9277,0.665029
327,-13.529,12.0156,-0.822423
327,-8.61612,12.275,-0.900724
327,-8.65833,12.2783,-0.889281
327,-12.1563,12.3525,-0.315173
327,-7.14331,13.0686,0.795275
327,-9.23744,12.3962,-0.778653
327,-8.62124,12.382,-0.963885
327,-12.1375,12.1269,-1.22128
327,-12.3183,11.8236,-2.10967
327,-13.5933,12.0941,-1.20799
327,-7.70953,13.1932,0.874348
327,-12.1857,13.0189,1.03524
327,-9.1583,12.5622,-0.870139
327,-12.3826,11.9133,-2.1713
327,-7.2261,13.2914,0.722343
327,-9.1565,12.7378,-0.962676
327,-9.38068,12.852,-0.773927
327,-12.3187,12.4657,-1.48479
327,-9.48243,13.2278,0.0269122
327,-9.60027,13.226,-0.163297
327,-11.7632,16.2782,-3.40178
326,-11.7632,16.2782,-3.40178
327,-11.6147,16.1592,-2.8177
326,-11.6147,16.1592,-2.8177
327,-11.765,16.9297,-4.39668
326,-11.765,16.9297,-4.39668
327,-11.7946,16.9813,0.406701
326,-11.7946,16.9813,0.406701
327,-11.9554,14.2628,-2.50001
326,-11.9554,14.2628,-2.50001
327,-8.14559,15.4416,-1.05283
326,-8.14559,15.4416,-1.05283
327,-11.8793,14.0866,-1.78862
326,-11.8793,14.0866,-1.78862
327,-11.5533,16.0785,-1.09374
326,-11.5533,16.0785,-1.09374
327,-11.4422,17.3017,-4.43464
326,-11.4422,17.3017,-4.43464
327,-11.6493,17.0281,-4.02609
326,-11.6493,17.0281,-4.02609
327,-11.921,14.1401,-0.166454
326,-11.921,14.1401,-0.166454
327,-10.5287,19.187,0.0389929
326,-10.5287,19.187,0.0389929
327,-11.8064,13.8858,-1.65293
326,-11.8064,13.8858,-1.65293
327,-12.0314,22.8007,-5.26338
326,-12.0314,22.8007,-5.26338
327,-5.97509,19.8433,2.03419
326,-5.97509,19.8433,2.03419
327,-10.5961,19.1405,-2.10713
326,-10.5961,19.1405,-2.10713
327,-7.85828,16.3716,-0.458332
326,-7.85828,16.3716,-0.458332
327,-8.2678,9.02851,0.803271
326,-8.2678,9.02851,0.803271
327,-12.0143,17.7668,-4.95457
326,-12.0143,17.7668,-4.95457
327,-11.5683,20.3283,-4.0884
326,-11.5683,20.3283,-4.0884
327,-12.0113,20.9454,-4.36777
326,-12.0113,20.9454,-4.36777
327,-8.84464,18.3778,-0.397456
326,-8.84464,18.3778,-0.397456
327,-8.29005,16.5294,0.550927
326,-8.29005,16.5294,0.550927
327,-7.58748,17.3397,2.13905
326,-7.58748,17.3397,2.13905
327,-10.6874,12.9656,2.41312
326,-10.6874,12.9656,2.41312
327,-9.27254,14.4986,0.121043
326,-9.27254,14.4986,0.121043
327,-8.87416,17.2965,-0.157898
326,-8.87416,17.2965,-0.157898
327,-6.13479,15.782,0.624178
326,-6.13479,15.782,0.624178
327,-11.5293,15.8895,-3.68684
326,-11.5293,15.8895,-3.68684
327,-12.3273,15.3383,1.11003
326,-12.3273,15.3383,1.11003
327,-12.1043,13.9239,0.682292
326,-12.1043,13.9239,0.682292
327,-13.3579,17.9293,0.760405
326,-13.3579,17.9293,0.760405
327,-7.76244,15.0422,0.792572
326,-7.76244,15.0422,0.792572
327,-11.9214,17.3637,-4.66311
326,-11.9214,17.3637,-4.66311
327,-8.84829,14.6936,-1.13936
326,-8.84829,14.6936,-1.13936
327,-11.568,15.9567,-2.70897
326,-11.568,15.9567,-2.70897
327,-4.21716,19.2687,0.893503
326,-4.21716,19.2687,0.893503
327,-5.78743,13.2862,1.17579
326,-5.78743,13.2862,1.17579
327,-8.3794,16.1748,0.878398
326,-8.3794,16.1748,0.878398
327,-5.76193,19.4595,2.36181
326,-5.76193,19.4595,2.36181
327,-9.6046,12.8038,-0.668313
326,-9.6046,12.8038,-0.668313
327,-8.80151,11.2365,-0.260776
326,-8.80151,11.2365,-0.260776
327,-9.04608,15.8702,-0.252422
326,-9.04608,15.8702,-0.252422
327,-11.6198,17.3109,-0.573174
326,-11.6198,17.3109,-0.573174
327,-11.8458,13.9076,-0.239331
326,-11.8458,13.9076,-0.239331
327,-11.4877,18.4533,0.182785
325,-11.4877,18.4533,0.182785
327,-11.4484,16.9935,-1.26561
325,-11.4484,16.9935,-1.26561
327,-9.21295,16.8365,0.432031
325,-9.21295,16.8365,0.432031
327,-8.8037,11.5458,-0.589343
325,-8.8037,11.5458,-0.589343
327,-3.88856,23.0356,0.625484
325,-3.88856,23.0356,0.625484
327,1.04346,33.4822,-0.442094
325,1.04346,33.4822,-0.442094
327,-8.1876,17.6656,-0.160776
325,-8.1876,17.6656,-0.160776
327,-11.4227,19.9446,-2.67338
325,-11.4227,19.9446,-2.67338
327,-12.4192,24.7944,-4.41963
325,-12.4192,24.7944,-4.41963
327,-9.56321,17.6259,-1.60399
325,-9.56321,17.6259,-1.60399
327,-11.2726,19.2018,-2.36723
325,-11.2726,19.2018,-2.36723
327,-9.96378,18.6142,-0.759333
325,-9.96378,18.6142,-0.759333
327,-8.94512,16.2682,-0.451939
324,-8.94512,16.2682,-0.451939
327,-3.16841,25.1079,0.442188
324,-3.16841,25.1079,0.442188
327,-9.8571,16.4035,1.4662
324,-9.8571,16.4035,1.4662
327,-11.7447,16.1737,-0.923856
324,-11.7447,16.1737,-0.923856
327,-10.1747,19.0904,-0.949664
324,-10.1747,19.0904,-0.949664
327,-12.9633,17.2037,1.67995
324,-12.9633,17.2037,1.67995
327,-10.3249,18.9552,-0.892841
324,-10.3249,18.9552,-0.892841
327,-6.55059,14.655,0.821362
324,-6.55059,14.655,0.821362
327,-8.67828,17.1859,1.53424
323,-8.67828,17.1859,1.53424
327,-10.5102,17.0217,1.72289
322,-10.5102,17.0217,1.72289
327,-7.80174,16.4177,0.972357
322,-7.80174,16.4177,0.972357
327,-6.2793,18.4015,2.16479
322,-6.2793,18.4015,2.16479
327,-13.061,17.4712,1.98974
161,-13.061,17.4712,1.98974
327,-10.4671,19.3678,-1.09563
161,-10.4671,19.3678,-1.09563
327,-12.6156,17.4263,1.90848
161,-12.6156,17.4263,1.90848
327,-13.0288,17.4475,1.97507
160,-13.0288,17.4475,1.97507
327,-10.5349,19.2954,-1.02487
160,-10.5349,19.2954,-1.02487
327,-19.9744,36.9275,-0.316558
160,-19.9744,36.9275,-0.316558
327,-16.0482,16.8386,2.36175
160,-16.0482,16.8386,2.36175
327,-8.26936,16.5439,0.0673047
163,-8.26936,16.5439,0.0673047
327,-12.012,19.3529,-1.04065
163,-12.012,19.3529,-1.04065
327,-10.5152,16.0822,2.92906
166,-10.5152,16.0822,2.92906
327,-7.79483,16.3655,0.955513
318,-7.79483,16.3655,0.955513
327,-4.06443,17.9772,2.7059
318,-4.06443,17.9772,2.7059
327,-5.59776,20.4875,0.874836
318,-5.59776,20.4875,0.874836
328,-9.48657,7.44072,2.03763
328,-9.76255,7.80171,1.75766
328,-8.38999,9.24422,0.722589
328,-10.2415,9.29876,0.130024
328,-8.20548,9.98981,0.890149
328,-10.245,9.31035,0.0909619
328,-10.2682,9.35347,0.0800459
328,-10.2694,9.35694,0.0767195
328,-8.15101,10.0863,0.857703
328,-9.82533,9.58429,0.184015
328,-10.3386,9.45533,-0.0212798
328,-8.05892,10.2555,0.769384
328,-10.3608,9.50878,-0.0782111
328,-8.42175,10.0417,0.0178537
328,-8.40132,10.2548,-0.122547
328,-10.2571,9.93696,-0.0142555
328,-10.2186,9.977,-0.105621
328,-8.37631,10.3447,-0.204044
328,-8.35026,10.3929,-0.236993
328,-10.3147,10.0686,-0.115267
328,-8.28742,10.5176,0.00161266
328,-8.2724,10.5484,-0.0337629
328,-8.30882,10.5441,-0.359045
328,-8.41366,11.0334,0.82519
328,-8.18838,10.9124,-0.0389879
328,-7.78489,11.6731,1.0737
328,-12.9318,10.1427,-0.410035
328,-7.99598,11.2321,-0.325027
328,-8.51378,11.1697,-0.296578
328,-8.41089,11.3406,0.0914171
328,-9.24749,10.9161,-0.784264
328,-12.8535,10.1895,-0.988462
328,-8.51382,11.2371,-0.419075
328,-13.075,10.3282,-0.530352
328,-8.53879,11.3049,-0.282835
328,-8.5177,11.2852,-0.428785
328,-8.50411,11.3154,-0.442734
328,-8.84523,11.1905,-0.678265
328,-8.26926,11.2725,-0.820444
328,-9.16213,11.3421,-0.200681
328,-9.3101,12.2799,2.38089
328,-8.70256,11.3938,-0.373245
328,-9.16463,11.3737,-0.230447
328,-8.29894,12.0164,0.898732
328,-8.91363,11.3744,-0.801106
328,-8.23564,11.4526,-1.10352
328,-8.89678,11.4651,-0.869614
328,-8.57194,11.6471,-0.669176
328,-9.73441,11.4063,-0.757544
328,-7.99351,12.2659,0.630709
328,-9.4938,11.5896,-0.483393
328,-9.48109,11.5967,-0.48555
328,-9.45379,11.7723,-0.147423
328,-10.0269,11.5015,-0.593474
328,-9.71701,11.6324,-0.553244
328,-12.4712,11.8831,1.45148
328,-9.72432,11.6682,-0.583823
328,-9.72917,11.671,-0.592493
328,-9.96493,11.5826,-0.744337
328,-9.4649,11.7489,-0.57726
328,-9.77036,11.7087,-0.554181
328,-9.83604,11.7539,-0.597401
328,-9.15765,11.84,-0.731807
328,-12.2403,11.5949,-0.117524
328,-12.2507,11.6161,-0.134151
328,-11.4446,12.2513,1.05571
328,-11.8955,11.8922,0.300187
328,-12.1141,11.7327,-0.105124
328,-12.1609,11.5037,-0.937579
328,-12.1655,11.5066,-0.936803
328,-12.7477,11.9081,0.435985
328,-6.69488,13.4699,1.4549
328,-9.3082,12.2216,-0.5825
328,-13.6407,11.7136,0.192457
328,-13.0818,11.4762,-0.816033
328,-9.41064,12.3481,-0.439075
328,-7.83704,13.4751,1.74379
328,-8.70892,12.4687,-0.556202
328,-12.1085,11.6936,-0.993835
328,-13.1721,11.5109,-0.947311
328,-13.3518,11.1865,-1.84808
328,-12.1434,11.7393,-1.0134
328,-12.1789,12.2108,0.2574
328,-7.00832,13.5699,1.00626
328,-13.8485,11.944,0.100084
328,-12.2102,12.2973,0.188422
328,-13.5044,11.3133,-1.96435
328,-13.9452,11.9816,0.0771458
328,-12.1969,12.2627,-0.156933
328,-6.92592,13.7192,1.00075
328,-9.27524,13.8394,2.37025
328,-11.6325,12.8593,0.911092
328,-9.40314,13.0189,0.0611076
328,-12.2777,11.7433,-2.03111
328,-13.5138,11.9988,-0.857817
328,-13.8582,11.5015,-2.04915
328,-13.9863,11.6303,-2.11462
328,-7.97035,13.5524,-0.0903568
328,-12.2175,12.303,-1.37968
328,-11.6348,12.4823,-1.25994
328,-12.3058,12.4821,-1.02883
328,-13.7915,12.2544,-1.0176
328,-11.8476,13.0938,0.0621877
328,-12.3549,12.5837,-1.07632
328,-8.41138,13.4231,-0.8769
328,-12.3687,12.1202,-2.36666
328,-12.3291,12.4893,-1.47964
328,-12.3141,12.8603,-0.686479
328,-11.9523,17.59,-2.78491
327,-11.9523,17.59,-2.78491
328,-11.5076,16.4642,-3.68415
327,-11.5076,16.4642,-3.68415
328,-11.5104,15.9221,-1.04423
327,-11.5104,15.9221,-1.04423
328,-11.5718,16.8893,-0.481755
327,-11.5718,16.8893,-0.481755
328,-11.9651,13.6061,-1.01423
327,-11.9651,13.6061,-1.01423
328,-10.0011,18.693,-0.96019
327,-10.0011,18.693,-0.96019
328,-12.5119,14.0569,1.40054
327,-12.5119,14.0569,1.40054
328,-12.7666,17.9505,1.4736
327,-12.7666,17.9505,1.4736
328,-8.45033,16.7306,2.30123
327,-8.45033,16.7306,2.30123
328,-12.4697,14.1364,-2.40021
327,-12.4697,14.1364,-2.40021
328,-11.327,15.8278,-0.194342
327,-11.327,15.8278,-0.194342
328,-13.2783,15.9185,-3.59428
327,-13.2783,15.9185,-3.59428
328,-9.98675,18.1249,0.00113939
327,-9.98675,18.1249,0.00113939
328,-11.3724,14.0714,0.987906
327,-11.3724,14.0714,0.987906
328,-12.1091,22.1688,-3.956
327,-12.1091,22.1688,-3.956
328,-9.44363,18.9263,2.6372
327,-9.44363,18.9263,2.6372
328,-10.2276,19.1572,1.06911
327,-10.2276,19.1572,1.06911
328,-8.13139,11.9701,-1.55839
327,-8.13139,11.9701,-1.55839
328,-4.93773,19.3127,2.21462
327,-4.93773,19.3127,2.21462
328,-9.43728,13.3537,-0.0535291
327,-9.43728,13.3537,-0.0535291
328,-11.3942,15.513,-1.16274
327,-11.3942,15.513,-1.16274
328,-12.356,25.0037,-6.29645
327,-12.356,25.0037,-6.29645
328,-12.8126,14.7424,1.3197
327,-12.8126,14.7424,1.3197
328,-8.47848,17.6012,-1.30102
327,-8.47848,17.6012,-1.30102
328,-8.39983,20.2523,-1.40198
327,-8.39983,20.2523,-1.40198
328,-12.4368,16.2763,1.27442
327,-12.4368,16.2763,1.27442
328,-11.3916,15.3079,-3.53703
327,-11.3916,15.3079,-3.53703
328,-11.5194,15.9767,-3.95801
327,-11.5194,15.9767,-3.95801
328,-8.9015,13.5995,-0.64945
327,-8.9015,13.5995,-0.64945
328,-5.11161,18.0614,2.63727
327,-5.11161,18.0614,2.63727
328,-10.7451,21.6261,-1.62959
327,-10.7451,21.6261,-1.62959
328,-12.2029,11.7916,-1.05714
327,-12.2029,11.7916,-1.05714
328,-13.8107,17.6332,1.29121
327,-13.8107,17.6332,1.29121
328,-12.0172,14.7578,0.155581
327,-12.0172,14.7578,0.155581
328,-10.7848,15.4732,-0.938396
327,-10.7848,15.4732,-0.938396
328,-8.26977,17.8383,2.59831
327,-8.26977,17.8383,2.59831
328,-4.82606,19.2466,2.24633
327,-4.82606,19.2466,2.24633
328,-9.37852,13.0705,-0.28586
327,-9.37852,13.0705,-0.28586
328,-12.4344,19.7405,-4.81984
327,-12.4344,19.7405,-4.81984
328,-14.0715,20.4645,1.05035
327,-14.0715,20.4645,1.05035
328,-8.42792,11.2854,-0.394667
326,-8.42792,11.2854,-0.394667
328,-10.7673,15.4667,1.35956
326,-10.7673,15.4667,1.35956
328,-11.2975,18.1222,1.11423
326,-11.2975,18.1222,1.11423
328,-9.25412,12.5326,-0.867618
326,-9.25412,12.5326,-0.867618
328,-11.6637,21.5256,-4.24628
326,-11.6637,21.5256,-4.24628
328,-10.4837,12.2216,2.36842
326,-10.4837,12.2216,2.36842
328,-10.3107,15.4813,2.74526
326,-10.3107,15.4813,2.74526
328,-9.46864,11.8197,-0.628586
326,-9.46864,11.8197,-0.628586
328,-12.6031,13.5263,-2.81364
326,-12.6031,13.5263,-2.81364
328,-12.2586,11.8873,-1.13081
326,-12.2586,11.8873,-1.13081
328,-10.5195,18.9749,-0.910958
326,-10.5195,18.9749,-0.910958
328,-7.94543,17.3312,1.30321
326,-7.94543,17.3312,1.30321
328,-8.38973,11.4424,-0.493001
325,-8.38973,11.4424,-0.493001
328,-11.831,13.8888,-0.100494
325,-11.831,13.8888,-0.100494
328,-10.1759,13.2603,1.08177
325,-10.1759,13.2603,1.08177
328,-9.74252,18.1845,2.6457
325,-9.74252,18.1845,2.6457
328,-12.6451,24.7412,-4.43242
325,-12.6451,24.7412,-4.43242
328,-8.3903,11.4431,-0.489295
325,-8.3903,11.4431,-0.489295
328,-9.73282,18.05,2.63367
325,-9.73282,18.05,2.63367
328,-13.0616,17.4773,1.97102
325,-13.0616,17.4773,1.97102
328,-4.17422,21.9234,2.7702
325,-4.17422,21.9234,2.7702
328,-10.2638,16.895,1.26948
325,-10.2638,16.895,1.26948
328,-10.3373,15.0774,-0.0204545
324,-10.3373,15.0774,-0.0204545
328,-9.31609,18.1898,2.55227
324,-9.31609,18.1898,2.55227
328,-3.50157,22.8134,0.67121
324,-3.50157,22.8134,0.67121
328,-10.4107,16.9298,1.47427
324,-10.4107,16.9298,1.47427
328,-12.5016,16.3835,1.23159
323,-12.5016,16.3835,1.23159
328,-4.48577,21.2699,2.533
323,-4.48577,21.2699,2.533
328,-12.2027,15.8023,1.142
160,-12.2027,15.8023,1.142
328,-11.2539,19.5095,-4.64186
160,-11.2539,19.5095,-4.64186
328,-12.2988,16.578,3.21864
160,-12.2988,16.578,3.21864
328,-16.0349,17.0856,2.48851
160,-16.0349,17.0856,2.48851
328,-16.2882,15.6305,2.45064
160,-16.2882,15.6305,2.45064
328,-10.0411,19.3998,-1.09472
160,-10.0411,19.3998,-1.09472
328,-12.9454,17.2463,1.70455
161,-12.9454,17.2463,1.70455
328,-16.4297,17.2247,2.36123
161,-16.4297,17.2247,2.36123
328,-10.284,16.9908,1.82914
163,-10.284,16.9908,1.82914
328,-10.5509,16.2323,2.92827
163,-10.5509,16.2323,2.92827
328,-12.4514,14.0303,1.07112
156,-12.4514,14.0303,1.07112
328,-10.3798,15.2843,0.713115
322,-10.3798,15.2843,0.713115
328,-12.278,22.8721,-3.11249
322,-12.278,22.8721,-3.11249
328,-6.36817,16.9957,1.26428
322,-6.36817,16.9957,1.26428
328,-6.3199,17.2811,1.23932
322,-6.3199,17.2811,1.23932
328,-12.4259,16.8499,1.92304
320,-12.4259,16.8499,1.92304
328,-6.03475,18.0859,1.14807
320,-6.03475,18.0859,1.14807
329,-10.2454,7.91859,2.16443
329,-10.0378,8.12401,2.06632
329,-12.2833,8.76039,0.502253
329,-12.3229,8.77448,0.477028
329,-12.5219,9.14979,1.20487
329,-12.2676,9.23873,1.03313
329,-10.2334,9.80566,0.0919707
329,-10.1881,9.81921,0.0139668
329,-9.81303,9.92012,-0.136725
329,-10.3696,10.4505,1.88333
329,-12.3629,9.31254,0.956481
329,-12.3725,9.32418,0.976849
329,-8.69955,10.6287,0.45439
329,-12.5907,9.42726,1.22002
329,-8.59324,11.066,1.13536
329,-12.4712,9.39771,0.701634
329,-12.5123,9.4241,0.702358
329,-12.6103,9.5524,0.618175
329,-9.433,10.537,-0.512593
329,-12.4533,9.31514,-0.605786
329,-9.42005,10.6283,-0.549639
329,-11.616,10.2706,0.852967
329,-13.1497,9.83343,1.29086
329,-12.6126,9.87684,0.760153
329,-9.31408,10.7242,-0.641073
329,-12.6534,9.8855,0.656571
329,-13.0979,9.63272,0.387236
329,-8.57749,11.3034,-0.0799866
329,-12.6856,9.92492,0.649859
329,-12.7152,9.98304,0.72113
329,-12.9226,10.0631,1.14149
329,-12.7387,9.96359,0.607547
329,-8.57133,11.3802,-0.147087
329,-9.97853,11.7702,2.31625
329,-12.26,10.2978,0.845894
329,-12.9892,10.1467,1.11318
329,-10.4852,11.4924,1.9643
329,-9.68384,11.0323,-0.137897
329,-13.0351,10.1804,1.10441
329,-12.3301,10.3766,0.801145
329,-12.9122,10.2649,1.11865
329,-9.18732,11.2265,-0.350303
329,-13.0034,10.1695,0.916753
329,-12.9675,10.2908,1.11439
329,-12.947,10.3034,1.10674
329,-11.7774,10.3038,-0.167586
329,-11.1815,10.7395,0.333873
329,-12.0379,10.6437,0.879089
329,-12.4193,10.4639,0.757353
329,-13.0939,10.1353,0.582091
329,-12.6755,10.3782,0.753069
329,-11.8227,10.3858,-0.251747
329,-13.117,10.168,0.550825
329,-13.0811,10.3805,1.05869
329,-13.1605,10.437,1.0491
329,-12.1505,10.8085,0.818424
329,-12.2025,10.8265,0.806767
329,-11.2788,11.0031,0.21844
329,-9.52461,11.465,-0.5925
329,-9.68451,11.4476,-0.500012
329,-9.68396,11.4897,-0.523557
329,-13.4554,10.0283,-0.349946
329,-11.9352,10.6284,-0.41948
329,-12.0101,10.6125,-0.417489
329,-12.6768,10.7467,0.645269
329,-11.9758,10.6668,-0.449954
329,-9.6056,12.5976,2.09581
329,-9.78061,11.5744,-0.552312
329,-10.0699,12.6019,2.49856
329,-9.78268,11.6524,-0.586053
329,-12.1011,10.7489,-0.51869
329,-13.0715,10.8069,0.552343
329,-12.2491,11.0066,0.0954301
329,-11.1625,11.7976,0.944334
329,-11.3973,11.1689,-0.497169
329,-9.60654,11.6425,-1.17929
329,-9.03447,12.1629,-0.41131
329,-11.4363,11.3687,0.0241666
329,-12.9217,10.2943,-1.30841
329,-9.83648,11.8041,-0.620421
329,-9.07174,12.1951,-0.435903
329,-12.9277,10.2979,-1.3361
329,-8.84167,12.1681,-0.841182
329,-12.3243,11.0992,0.0457618
329,-13.0198,10.4377,-0.980413
329,-12.9338,11.0499,0.523304
329,-9.78763,11.8718,-0.716246
329,-9.02724,12.2714,-0.474584
329,-10.0938,12.9712,2.5169
329,-12.7848,11.2919,0.928584
329,-8.14422,12.4337,-1.06509
329,-9.5402,13.116,2.10216
329,-8.87327,12.1285,-1.3216
329,-12.3707,11.205,-0.00790071
329,-11.4115,12.565,2.5863
329,-10.7035,12.5004,1.62133
329,-13.0902,10.4718,-1.23847
329,-9.48717,12.2545,-0.395407
329,-12.9862,10.3799,-1.67219
329,-13.1124,10.4854,-1.25513
329,-13.1053,10.5001,-1.27264
329,-12.1482,10.8735,-1.40785
329,-12.9993,11.4901,0.953425
329,-12.6186,11.8894,1.46454
329,-13.0134,11.5417,0.953861
329,-10.472,11.5845,-1.76341
329,-9.0243,12.7414,-0.302372
329,-13.208,11.3579,0.374078
329,-8.63454,12.5048,-1.58415
329,-12.6854,12.0049,1.45109
329,-12.7448,11.9903,1.43906
329,-13.0929,11.0106,-0.812661
329,-12.6613,11.9252,1.10965
329,-13.2671,10.7888,-1.2795
329,-13.1293,11.0223,-0.82863
329,-12.3335,11.0566,-1.60316
329,-13.1292,11.7031,0.981414
329,-10.1017,13.5783,2.68998
329,-13.2519,11.0923,-0.711974
329,-14.4494,11.7606,2.32217
329,-12.6937,12.0112,1.04005
329,-12.0958,12.2699,1.0083
329,-10.2477,13.5997,2.38306
329,-10.0045,12.3758,-1.29002
329,-10.0185,12.3865,-1.29427
329,-12.6741,12.2069,1.08662
329,-11.5814,11.6891,-1.50515
329,-12.1373,12.1285,0.271029
329,-9.98206,12.4725,-1.18032
329,-10.0253,12.4165,-1.30525
329,-9.87591,13.6002,1.68058
329,-13.416,10.9729,-1.55771
329,-10.0094,12.44,-1.33573
329,-13.4249,11.2532,-0.815475
329,-10.0137,12.5192,-1.1735
329,-13.6635,11.6416,0.420624
329,-12.1516,12.1987,0.224856
329,-13.4442,11.0095,-1.56898
329,-13.8006,11.3285,-0.361264
329,-11.6137,11.7702,-1.57389
329,-13.4688,11.0227,-1.58545
329,-9.09407,12.7678,-1.69827
329,-12.304,12.4776,0.981891
329,-12.3131,12.0058,-0.27051
329,-13.4075,11.5481,-0.314745
329,-13.3835,11.4589,-0.592433
329,-13.2094,10.9784,-2.11663
329,-11.7487,12.2123,-0.406478
329,-10.0166,12.6316,-1.23907
329,-13.4907,11.0836,-1.6333
329,-13.4233,11.5079,-0.602985
329,-12.1847,12.3268,0.242153
329,-11.6481,11.8562,-1.6429
329,-9.64389,12.9017,-1.05525
329,-9.99814,12.5448,-1.64186
329,-13.0629,11.7789,-0.384027
329,-12.2204,12.7151,1.20256
329,-10.5645,13.6432,1.88951
329,-13.9139,11.4378,-0.402231
329,-13.4628,11.5443,-0.618614
329,-13.303,11.7185,-0.333998
329,-13.5638,11.1462,-1.69117
329,-12.1297,11.6445,-1.96974
329,-13.5957,11.7144,-0.411201
329,-10.0211,12.835,-1.3187
329,-13.3715,11.8586,-0.401358
329,-8.47228,14.6103,1.55142
329,-13.3701,11.1796,-2.32312
329,-9.67938,13.1258,-1.15232
329,-12.2241,12.5804,0.0410523
329,-10.5236,12.5984,-1.7547
329,-12.3081,12.5912,0.140103
329,-12.3355,12.5985,0.1215
329,-12.2356,11.8848,-2.15445
329,-9.429,13.5043,-0.937263
329,-11.7195,12.0159,-2.49927
329,-12.2372,12.3259,-1.37928
329,-12.23,12.3461,-1.40544
329,-13.4036,11.9895,-1.10895
329,-8.00872,15.2184,1.55882
329,-9.63328,12.4174,1.1994
328,-9.63328,12.4174,1.1994
329,-9.66417,14.4588,0.855706
328,-9.66417,14.4588,0.855706
329,-12.1313,13.4456,-2.88008
328,-12.1313,13.4456,-2.88008
329,-12.9246,17.2659,0.871779
328,-12.9246,17.2659,0.871779
329,-11.7275,15.6854,1.04504
328,-11.7275,15.6854,1.04504
329,-12.5988,17.4812,1.81569
328,-12.5988,17.4812,1.81569
329,-11.8529,14.2119,0.784259
328,-11.8529,14.2119,0.784259
329,-10.5614,20.3359,-1.38236
328,-10.5614,20.3359,-1.38236
329,-12.3298,14.0367,1.26349
328,-12.3298,14.0367,1.26349
329,-11.9621,12.8451,-1.57914
328,-11.9621,12.8451,-1.57914
329,-13.5917,17.0716,1.53922
328,-13.5917,17.0716,1.53922
329,-14.1156,20.8499,1.32199
328,-14.1156,20.8499,1.32199
329,-12.6056,16.3074,2.007
328,-12.6056,16.3074,2.007
329,-9.0858,16.8265,-0.627675
328,-9.0858,16.8265,-0.627675
329,-10.6868,14.6178,1.63696
328,-10.6868,14.6178,1.63696
329,-12.3937,13.1112,-2.47372
328,-12.3937,13.1112,-2.47372
329,-8.33669,18.0577,2.11229
328,-8.33669,18.0577,2.11229
329,-8.84672,14.0247,-0.855498
328,-8.84672,14.0247,-0.855498
329,-9.20051,14.3072,-0.634951
328,-9.20051,14.3072,-0.634951
329,-14.3244,12.3251,-3.12232
328,-14.3244,12.3251,-3.12232
329,-7.80227,15.8818,-0.344806
328,-7.80227,15.8818,-0.344806
329,-10.555,16.1909,2.75578
328,-10.555,16.1909,2.75578
329,-16.2831,14.3139,2.3017
328,-16.2831,14.3139,2.3017
329,-10.3609,16.9784,-0.433788
328,-10.3609,16.9784,-0.433788
329,-7.78924,15.9276,-0.348295
328,-7.78924,15.9276,-0.348295
329,-11.6077,14.1229,-2.89133
328,-11.6077,14.1229,-2.89133
329,-7.96101,15.9259,0.949946
328,-7.96101,15.9259,0.949946
329,-8.13164,18.0618,-0.225947
328,-8.13164,18.0618,-0.225947
329,-10.4592,18.2895,-0.763123
328,-10.4592,18.2895,-0.763123
329,-11.7939,18.5686,-0.740469
328,-11.7939,18.5686,-0.740469
329,-8.16244,17.803,-0.159199
328,-8.16244,17.803,-0.159199
329,-8.4535,14.028,1.55985
328,-8.4535,14.028,1.55985
329,-8.25331,15.424,1.42898
328,-8.25331,15.424,1.42898
329,-11.4789,17.014,-0.325461
328,-11.4789,17.014,-0.325461
329,-10.0242,12.166,-1.14005
328,-10.0242,12.166,-1.14005
329,-11.4206,18.1326,0.23676
327,-11.4206,18.1326,0.23676
329,-12.3473,13.0484,-2.43158
327,-12.3473,13.0484,-2.43158
329,-11.7568,14.3521,-2.2542
327,-11.7568,14.3521,-2.2542
329,-11.5263,15.4175,-0.620699
327,-11.5263,15.4175,-0.620699
329,-8.19743,17.0831,0.282833
327,-8.19743,17.0831,0.282833
329,-9.37692,13.0334,-0.865878
327,-9.37692,13.0334,-0.865878
329,-7.81436,16.2226,0.988814
327,-7.81436,16.2226,0.988814
329,-11.5932,15.6421,-0.696185
327,-11.5932,15.6421,-0.696185
329,-11.7557,18.2379,-0.738757
327,-11.7557,18.2379,-0.738757
329,-14.4756,15.9482,2.86785
327,-14.4756,15.9482,2.86785
329,-7.879,17.3503,2.54418
327,-7.879,17.3503,2.54418
329,-12.1319,19.5313,-1.15777
327,-12.1319,19.5313,-1.15777
329,-9.39785,11.217,-1.00949
326,-9.39785,11.217,-1.00949
329,-11.5775,28.1823,-1.54635
326,-11.5775,28.1823,-1.54635
329,-13.4845,23.1842,2.87635
326,-13.4845,23.1842,2.87635
329,-12.1144,13.9565,-1.18861
326,-12.1144,13.9565,-1.18861
329,-11.312,15.1087,-0.572123
326,-11.312,15.1087,-0.572123
329,-10.0386,17.7991,-0.776931
326,-10.0386,17.7991,-0.776931
329,-10.2755,17.811,1.23339
326,-10.2755,17.811,1.23339
329,-9.20807,14.0253,-0.387296
326,-9.20807,14.0253,-0.387296
329,-15.857,15.6524,2.33162
160,-15.857,15.6524,2.33162
329,-11.3332,19.3483,-2.42022
160,-11.3332,19.3483,-2.42022
329,-13.0336,17.6133,3.31971
154,-13.0336,17.6133,3.31971
329,-16.2155,15.4933,2.48331
154,-16.2155,15.4933,2.48331
329,-15.8513,16.4707,2.3394
154,-15.8513,16.4707,2.3394
329,-15.702,16.2109,2.35527
154,-15.702,16.2109,2.35527
329,-15.8125,16.2896,2.38063
154,-15.8125,16.2896,2.38063
329,-12.3516,16.0517,1.0597
153,-12.3516,16.0517,1.0597
329,-10.9339,19.1609,-4.81073
153,-10.9339,19.1609,-4.81073
329,-10.9563,19.2771,-4.86274
153,-10.9563,19.2771,-4.86274
329,-10.9661,19.2942,-4.88657
153,-10.9661,19.2942,-4.88657
329,-16.6248,12.1363,2.38054
153,-16.6248,12.1363,2.38054
329,-13.6547,11.5407,-2.1922
152,-13.6547,11.5407,-2.1922
329,-13.7381,11.6101,-2.28287
152,-13.7381,11.6101,-2.28287
329,-12.0395,22.9136,-1.12254
325,-12.0395,22.9136,-1.12254
329,-11.6066,15.8864,-1.21899
325,-11.6066,15.8864,-1.21899
329,-9.07764,15.1818,0.707148
324,-9.07764,15.1818,0.707148
329,-11.6563,17.8925,1.12371
324,-11.6563,17.8925,1.12371
330,-12.4764,8.35924,0.859671
330,-12.5442,8.32898,0.867945
330,-10.3063,10.6309,2.51217
330,-12.6624,8.67527,0.785434
330,-12.7084,8.69688,0.76113
330,-12.7329,8.68941,0.768305
330,-12.7666,8.69158,0.752275
330,-12.2463,9.20929,1.08305
330,-12.2764,9.24005,1.06595
330,-12.2606,9.21304,0.96647
330,-12.2817,9.24178,1.05643
330,-12.2815,9.23206,0.950398
330,-12.2424,9.31217,0.909523
330,-13.0357,9.04175,1.39546
330,-13.1045,9.00163,1.3702
330,-12.3178,9.27686,0.805858
330,-12.4073,9.06614,0.334577
330,-12.3174,9.29555,0.79231
330,-12.2562,9.38087,0.888017
330,-12.3212,9.33584,0.749869
330,-13.4559,8.78129,1.02343
330,-13.4183,9.01314,1.54397
330,-13.4638,8.79638,1.02636
330,-13.516,8.7983,1.01609
330,-13.345,9.06454,1.44901
330,-13.5159,8.81185,1.00517
330,-13.4184,8.89869,1.07837
330,-13.6023,8.8267,1.14805
330,-13.6046,8.8278,1.14741
330,-13.6114,8.831,1.14556
330,-13.4287,8.94367,1.08023
330,-12.693,9.41464,1.14456
330,-12.3584,9.51811,0.853348
330,-13.317,9.06561,1.16365
330,-12.8793,9.52666,1.6655
330,-12.2996,9.57754,0.802591
330,-13.3389,9.08896,1.14995
330,-12.8198,9.61683,1.50751
330,-12.4017,9.13963,-0.542463
330,-12.8677,9.62999,1.49622
330,-12.8708,9.62963,1.4935
330,-12.4023,9.14476,-0.551029
330,-12.8881,9.64775,1.49559
330,-12.8642,9.62027,1.35513
330,-12.8551,9.63011,1.35544
330,-12.9055,9.67149,1.3425
330,-12.3919,9.31629,-0.570642
330,-12.4696,9.61463,0.307963
330,-12.4864,9.63748,0.2987
330,-12.4981,9.64929,0.28255
330,-12.5024,9.65073,0.288086
330,-14.3564,9.02699,1.37395
330,-14.372,9.03292,1.36412
330,-14.0654,8.74237,-0.327304
330,-12.9373,10.0857,1.13302
330,-9.31952,11.6657,-0.56595
330,-12.8776,10.2113,1.09999
330,-12.8758,10.2575,1.11813
330,-12.8997,10.252,1.12753
330,-9.5665,11.7197,-0.41133
330,-12.9178,10.2895,1.11518
330,-9.51596,11.8048,-0.604044
330,-9.50257,11.8674,-0.650629
330,-13.0248,10.5283,0.785894
330,-12.3063,10.963,0.759117
330,-12.7035,10.0311,-1.17258
330,-14.3919,9.19718,-0.80523
330,-12.9259,10.2666,-0.590102
330,-12.792,10.1349,-1.17491
330,-9.26614,12.4289,-0.780532
330,-12.3771,11.1112,0.704803
330,-9.26342,12.4611,-0.802688
330,-12.8057,10.1402,-1.29391
330,-14.5267,9.27123,-0.894343
330,-12.4864,11.1434,0.692286
330,-12.959,10.2938,-0.814112
330,-9.93489,12.0962,-0.914429
330,-12.8749,10.244,-1.29117
330,-12.8799,10.2557,-1.29845
330,-12.9284,10.313,-1.0962
330,-9.93882,12.2627,-1.01097
330,-10.0106,12.1904,-1.18881
330,-10.0487,12.5424,-1.13814
330,-9.38896,13.2072,-0.829315
330,-12.094,11.9109,-0.196431
330,-12.5527,11.6357,-0.226405
330,-12.1183,12.1395,0.331542
330,-12.1471,12.1586,0.308357
330,-12.6352,12.1473,1.05331
330,-12.0892,12.0795,-0.115334
330,-12.3856,11.312,-1.81918
330,-12.4268,11.3104,-1.8266
330,-16.6791,10.3313,2.38401
330,-12.1342,12.1932,-0.171528
330,-12.1189,12.3356,0.124946
330,-11.8506,12.2875,-0.457322
330,-12.4132,12.0031,-0.324068
330,-12.4361,11.4171,-1.91941
330,-12.3405,12.1468,-0.355444
330,-12.2918,12.5417,0.610174
330,-12.2917,12.564,0.594038
330,-12.1276,12.2235,-0.845875
330,-11.9357,12.4585,-0.544819
330,-12.0952,12.1191,-1.20698
330,-12.5048,11.5704,-2.0264
330,-8.81891,14.2021,-0.960278
330,-12.0928,12.1235,-1.2454
330,-8.82855,14.2536,-0.941599
330,-12.1378,12.1938,-1.26764
330,-13.2306,11.7085,-0.869594
330,-11.9696,13.7996,2.5915
330,-12.4015,12.7883,0.509103
330,-12.2263,11.9359,-2.18354
330,-12.4987,12.4349,-0.490563
330,-13.2943,11.8133,-0.884524
330,-9.57306,15.3575,2.08794
330,-11.724,13.5127,-0.0618294
329,-11.724,13.5127,-0.0618294
330,-13.1455,18.0028,1.97912
329,-13.1455,18.0028,1.97912
330,-11.5403,15.6419,-3.17635
329,-11.5403,15.6419,-3.17635
330,-12.4541,13.8726,1.4206
329,-12.4541,13.8726,1.4206
330,-10.5818,15.1054,-2.86154
329,-10.5818,15.1054,-2.86154
330,-12.5259,15.846,1.61347
329,-12.5259,15.846,1.61347
330,-11.7689,14.1697,-0.506295
329,-11.7689,14.1697,-0.506295
330,-11.8837,14.319,0.760056
329,-11.8837,14.319,0.760056
330,-11.874,14.0326,0.875899
329,-11.874,14.0326,0.875899
330,-11.3552,20.7101,-3.81907
329,-11.3552,20.7101,-3.81907
330,-11.9844,18.0438,-4.6794
329,-11.9844,18.0438,-4.6794
330,-11.5717,15.8392,-3.66371
329,-11.5717,15.8392,-3.66371
330,-12.7056,27.6305,-6.16216
329,-12.7056,27.6305,-6.16216
330,-10.3191,20.0089,-4.883
329,-10.3191,20.0089,-4.883
330,-11.8831,14.0629,0.872215
329,-11.8831,14.0629,0.872215
330,-13.6994,12.0752,-2.86791
329,-13.6994,12.0752,-2.86791
330,-11.8726,15.3559,-4.3711
329,-11.8726,15.3559,-4.3711
330,-15.068,13.0921,-2.13912
329,-15.068,13.0921,-2.13912
330,-11.4632,19.4013,-1.95865
329,-11.4632,19.4013,-1.95865
330,-9.55754,16.6875,-2.49836
329,-9.55754,16.6875,-2.49836
330,-10.5542,16.8097,2.78001
329,-10.5542,16.8097,2.78001
330,-12.0702,14.6914,0.752525
329,-12.0702,14.6914,0.752525
330,-12.018,15.9908,-4.89823
329,-12.018,15.9908,-4.89823
330,-13.6533,12.2892,-0.96971
329,-13.6533,12.2892,-0.96971
330,-13.9731,12.4091,-3.22797
329,-13.9731,12.4091,-3.22797
330,-12.9936,11.2876,-1.90187
329,-12.9936,11.2876,-1.90187
330,-12.3183,25.5524,-4.0047
329,-12.3183,25.5524,-4.0047
330,-10.2346,17.3006,-3.4101
329,-10.2346,17.3006,-3.4101
330,-11.9523,18.0994,-4.69568
329,-11.9523,18.0994,-4.69568
330,-10.035,23.3964,-1.03117
329,-10.035,23.3964,-1.03117
330,-10.0302,23.0471,-0.969622
329,-10.0302,23.0471,-0.969622
330,-10.6182,21.1274,-0.662335
329,-10.6182,21.1274,-0.662335
330,-12.9173,27.828,-6.77068
329,-12.9173,27.828,-6.77068
330,-13.341,18.5639,1.1785
329,-13.341,18.5639,1.1785
330,-11.0028,17.2378,-3.31071
329,-11.0028,17.2378,-3.31071
330,-11.7483,13.6622,-0.162473
329,-11.7483,13.6622,-0.162473
330,-12.7562,14.4284,1.03856
329,-12.7562,14.4284,1.03856
330,-11.6347,13.2084,-1.70521
329,-11.6347,13.2084,-1.70521
330,-13.0491,16.2922,0.820324
329,-13.0491,16.2922,0.820324
330,-10.3085,18.5939,1.15384
329,-10.3085,18.5939,1.15384
330,-10.3704,15.6821,2.70208
329,-10.3704,15.6821,2.70208
330,-15.7606,17.8569,2.19893
153,-15.7606,17.8569,2.19893
330,-11.3608,18.5747,-4.96867
153,-11.3608,18.5747,-4.96867
330,-16.0398,16.8002,2.85224
153,-16.0398,16.8002,2.85224
330,-16.5141,13.6703,2.344
153,-16.5141,13.6703,2.344
330,-11.3128,20.0468,-4.95111
153,-11.3128,20.0468,-4.95111
330,-11.2921,19.5442,-4.66783
153,-11.2921,19.5442,-4.66783
330,-12.5716,17.6256,1.92118
153,-12.5716,17.6256,1.92118
330,-12.9543,17.2061,3.28469
153,-12.9543,17.2061,3.28469
330,-11.6616,16.0235,0.654185
328,-11.6616,16.0235,0.654185
330,-11.7828,13.7816,-2.19447
328,-11.7828,13.7816,-2.19447
330,-11.2688,17.4696,-1.32289
328,-11.2688,17.4696,-1.32289
330,-12.0359,19.1857,2.70368
328,-12.0359,19.1857,2.70368
330,-12.4491,11.4788,0.584499
328,-12.4491,11.4788,0.584499
330,-11.7288,13.585,-2.05775
328,-11.7288,13.585,-2.05775
330,-17.4204,15.5956,-3.92167
328,-17.4204,15.5956,-3.92167
330,-12.5203,11.5828,0.544333
328,-12.5203,11.5828,0.544333
330,-12.2243,20.0911,2.74615
328,-12.2243,20.0911,2.74615
330,-15.3552,13.4207,-2.37729
328,-15.3552,13.4207,-2.37729
330,-16.7283,17.8618,2.93561
328,-16.7283,17.8618,2.93561
330,-9.40859,15.0028,-0.559494
328,-9.40859,15.0028,-0.559494
330,-12.9287,17.1395,1.96537
328,-12.9287,17.1395,1.96537
330,-13.4304,11.8334,-0.754116
328,-13.4304,11.8334,-0.754116
330,-14.0383,11.7014,-2.03867
152,-14.0383,11.7014,-2.03867
330,-12.0922,9.53393,0.414307
152,-12.0922,9.53393,0.414307
330,-14.006,11.6642,-1.98343
152,-14.006,11.6642,-1.98343
330,-12.0975,9.53679,0.408065
152,-12.0975,9.53679,0.408065
330,-16.0731,17.31,3.32593
152,-16.0731,17.31,3.32593
330,-16.0859,16.9414,2.36953
152,-16.0859,16.9414,2.36953
330,-16.9895,12.4162,2.37507
152,-16.9895,12.4162,2.37507
330,-16.4803,13.4093,0.748303
154,-16.4803,13.4093,0.748303
330,-16.1038,17.0138,2.35413
154,-16.1038,17.0138,2.35413
330,-15.9344,16.7376,3.44988
154,-15.9344,16.7376,3.44988
330,-16.5917,14.4158,2.59919
151,-16.5917,14.4158,2.59919
330,-16.8939,15.179,-0.414633
155,-16.8939,15.179,-0.414633
330,-16.3265,14.8531,2.33962
155,-16.3265,14.8531,2.33962
330,-16.4427,14.2117,2.51602
155,-16.4427,14.2117,2.51602
330,-16.358,14.064,0.976471
156,-16.358,14.064,0.976471
330,-12.4859,17.3742,1.98365
156,-12.4859,17.3742,1.98365
330,-11.5927,19.3282,-4.76283
156,-11.5927,19.3282,-4.76283
330,-15.496,17.3188,2.99397
156,-15.496,17.3188,2.99397
330,-16.4775,14.2324,2.53652
156,-16.4775,14.2324,2.53652
330,-11.4255,17.2777,1.55502
156,-11.4255,17.2777,1.55502
330,-12.8932,17.0732,1.98447
327,-12.8932,17.0732,1.98447
330,-16.234,17.0875,2.34724
327,-16.234,17.0875,2.34724
330,-10.3945,18.8367,1.0912
327,-10.3945,18.8367,1.0912
330,-12.3036,20.3718,-4.87034
160,-12.3036,20.3718,-4.87034
330,-13.0179,17.4851,1.8025
160,-13.0179,17.4851,1.8025
330,-10.2745,19.5575,-4.65456
160,-10.2745,19.5575,-4.65456
330,-12.1929,16.5207,2.49695
160,-12.1929,16.5207,2.49695
330,-12.8731,16.5137,2.90826
160,-12.8731,16.5137,2.90826
330,-12.8899,16.5088,2.9218
160,-12.8899,16.5088,2.9218
330,-11.421,15.456,-4.06329
326,-11.421,15.456,-4.06329
330,-9.23945,12.5214,-0.825134
326,-9.23945,12.5214,-0.825134
331,-10.3488,7.29653,2.11651
331,-10.3486,7.29653,2.11605
331,-12.4045,7.87143,1.94092
331,-12.5472,7.9156,1.16249
331,-12.5954,7.92037,1.14416
331,-12.5202,7.92722,0.786188
331,-12.7473,7.94708,1.16058
331,-12.5707,7.93639,0.755452
331,-12.5944,7.95662,0.73659
331,-12.6416,7.96868,0.722652
331,-12.0606,8.41302,0.754949
331,-12.2212,8.57565,1.54449
331,-11.9088,8.65672,1.0647
331,-12.3593,8.29556,0.919123
331,-12.4151,8.32387,0.889455
331,-12.4916,8.32516,0.875877
331,-12.5343,8.35448,0.83356
331,-13.1369,8.22807,1.70524
331,-12.5617,8.34741,0.837556
331,-13.1105,8.23117,1.47205
331,-12.0554,8.82538,0.949246
331,-12.0521,8.7327,0.645241
331,-12.0258,8.82349,0.657912
331,-12.0392,8.83603,0.655192
331,-13.2026,8.27344,1.44859
331,-12.0998,8.97627,0.81816
331,-13.4028,8.33361,1.65324
331,-12.1298,9.06707,1.03531
331,-12.9728,8.44802,0.858692
331,-13.355,8.28501,1.06946
331,-12.2421,9.19712,1.0793
331,-11.4205,9.71633,0.820657
331,-13.4533,8.33166,1.03038
331,-12.9003,9.26334,1.94003
331,-12.3068,9.3891,0.858648
331,-12.8497,9.37149,1.83927
331,-12.6985,9.41712,1.62712
331,-12.707,9.44793,1.60917
331,-13.2777,9.2079,2.0814
331,-12.6771,9.44193,1.39666
331,-12.6949,9.43658,1.357
331,-12.7148,9.46194,1.43975
331,-12.7169,9.46198,1.35388
331,-12.4785,9.40821,0.695761
331,-12.6916,9.47899,1.32975
331,-13.9656,8.83447,2.09594
331,-12.4174,9.50957,0.785144
331,-12.7235,9.49766,1.38343
331,-12.5445,9.22376,0.200951
331,-12.7529,9.5063,1.4084
331,-12.7384,9.51764,1.37876
331,-12.5143,9.43552,0.638641
331,-14.3045,8.48634,1.53873
331,-13.7194,8.87769,1.11434
331,-13.6411,8.88024,0.956722
331,-12.5833,9.89897,1.23064
331,-13.3161,9.28868,1.00598
331,-13.3213,9.28738,1.01102
331,-12.1707,10.1196,0.873995
331,-12.619,9.92018,1.22077
331,-12.6159,9.93438,1.21425
331,-14.4043,8.97205,2.10129
331,-12.6609,9.94223,1.22623
331,-14.7088,8.54178,1.45168
331,-13.0473,9.62237,0.979888
331,-13.0814,9.6183,0.966234
331,-14.5687,8.95832,2.14669
331,-14.7747,8.55781,1.44072
331,-13.6398,8.82788,-0.433441
331,-13.9238,9.03592,0.708522
331,-13.7041,9.3924,1.20343
331,-13.4525,9.24127,0.232974
331,-13.7554,9.3858,1.26595
331,-12.4458,10.2372,0.867343
331,-13.4634,9.26656,0.213841
331,-12.4719,10.2347,0.870935
331,-14.0024,9.35681,1.42064
331,-12.4783,10.3473,0.819181
331,-13.1754,9.88856,0.913368
331,-12.4968,10.3832,0.812096
331,-11.2682,11.4879,1.31633
331,-13.0512,10.2104,1.08542
331,-13.0821,10.2549,1.06808
331,-13.3133,10.0316,0.864076
331,-13.9869,9.00868,-0.685125
331,-14.0807,9.01591,-0.559044
331,-11.9302,10.5821,-0.686025
331,-12.709,10.0286,-0.813792
331,-14.2404,9.51338,0.21973
331,-11.9631,10.9294,-0.566115
331,-15.5947,8.89521,1.12258
331,-14.4325,9.19845,-0.781265
331,-11.4112,12.1405,1.18878
331,-12.3753,11.5947,1.16009
331,-12.4224,11.297,-0.0619178
331,-12.7898,11.0116,-0.143948
331,-11.8716,11.9119,0.482273
331,-12.1856,11.5449,-0.108024
331,-12.5924,11.9548,1.42356
331,-12.3269,12.0509,1.05393
331,-12.8899,11.1271,-0.497495
331,-12.3576,12.1408,1.02777
331,-12.2914,11.7917,-0.233749
331,-16.4408,9.71983,2.37339
331,-13.2762,10.8422,-1.2503
331,-12.4256,12.3013,1.00461
331,-14.7336,10.1556,-0.554595
331,-12.8584,12.1569,1.01255
331,-12.829,12.2462,1.02658
331,-13.2784,11.5434,-0.0485039
331,-12.8928,12.2135,0.998107
331,-15.1514,10.5739,0.975032
331,-13.3795,10.9769,-1.56197
331,-12.2569,12.2488,-0.408177
331,-12.1535,12.2459,-0.789376
331,-13.4168,11.0409,-1.58874
331,-13.4184,11.1241,-1.56783
331,-13.4663,11.0765,-1.67938
331,-13.316,11.1981,-1.69073
331,-17.2666,9.71156,2.28623
331,-13.3285,11.2043,-1.68484
331,-16.3288,10.4116,2.27182
331,-13.0208,12.1852,0.306509
331,-11.3386,13.7155,1.1136
331,-13.3547,11.2387,-1.73819
331,-12.1796,12.2814,-1.28015
331,-13.4166,11.3454,-1.83198
331,-13.1621,12.3014,0.253304
331,-11.0079,14.3704,1.59781
331,-13.1197,11.5372,-2.03626
331,-13.1353,11.573,-2.06151
331,-12.2863,13.6295,1.4378
331,-13.553,11.5817,-2.01753
331,-11.9711,14.7952,3.57673
331,-12.298,16.4116,2.10456
330,-12.298,16.4116,2.10456
331,-16.1236,12.8011,2.19918
330,-16.1236,12.8011,2.19918
331,-13.5351,11.3866,-2.26044
330,-13.5351,11.3866,-2.26044
331,-11.418,19.2514,-5.39491
330,-11.418,19.2514,-5.39491
331,-11.6613,17.7494,-4.58933
330,-11.6613,17.7494,-4.58933
331,-13.532,12.041,-2.6082
330,-13.532,12.041,-2.6082
331,-11.9202,16.3211,0.958053
330,-11.9202,16.3211,0.958053
331,-11.9123,13.3111,0.655735
330,-11.9123,13.3111,0.655735
331,-12.7325,13.1469,0.918911
330,-12.7325,13.1469,0.918911
331,-13.9877,12.0741,-1.62997
330,-13.9877,12.0741,-1.62997
331,-11.9984,14.4707,0.793873
330,-11.9984,14.4707,0.793873
331,-13.5178,11.3475,-2.2363
330,-13.5178,11.3475,-2.2363
331,-12.0008,16.7634,0.901257
330,-12.0008,16.7634,0.901257
331,-11.1277,18.9085,-4.81656
330,-11.1277,18.9085,-4.81656
331,-11.2989,19.8628,-4.85064
330,-11.2989,19.8628,-4.85064
331,-12.8593,13.4006,0.864911
330,-12.8593,13.4006,0.864911
331,-14.3593,12.2395,-1.55775
330,-14.3593,12.2395,-1.55775
331,-11.9986,18.9743,-5.23154
330,-11.9986,18.9743,-5.23154
331,-16.7457,14.305,0.775086
330,-16.7457,14.305,0.775086
331,-12.5657,17.5357,1.98234
330,-12.5657,17.5357,1.98234
331,-13.3509,12.6357,0.140248
330,-13.3509,12.6357,0.140248
331,-11.8146,17.7029,2.61591
330,-11.8146,17.7029,2.61591
331,-12.3167,13.2106,0.678625
330,-12.3167,13.2106,0.678625
331,-15.5582,18.633,3.61356
330,-15.5582,18.633,3.61356
331,-13.3918,11.0173,-0.667091
330,-13.3918,11.0173,-0.667091
331,-11.5789,15.5378,-3.07395
330,-11.5789,15.5378,-3.07395
331,-10.4707,18.3795,-0.839028
330,-10.4707,18.3795,-0.839028
331,-9.60585,16.1035,-2.20711
330,-9.60585,16.1035,-2.20711
331,-12.6126,17.7569,1.91427
330,-12.6126,17.7569,1.91427
331,-13.0051,17.3314,3.30532
330,-13.0051,17.3314,3.30532
331,-11.9618,17.5192,0.746873
330,-11.9618,17.5192,0.746873
331,-12.1322,25.1892,-7.01811
330,-12.1322,25.1892,-7.01811
331,-10.5815,20.6672,-1.40648
330,-10.5815,20.6672,-1.40648
331,-15.1924,15.3802,2.30585
330,-15.1924,15.3802,2.30585
331,-15.2684,16.6312,1.43617
330,-15.2684,16.6312,1.43617
331,-16.1875,11.7295,2.42896
330,-16.1875,11.7295,2.42896
331,-14.5181,14.129,2.2824
330,-14.5181,14.129,2.2824
331,-13.697,12.1236,-2.73264
152,-13.697,12.1236,-2.73264
331,-12.6399,8.96842,0.817108
152,-12.6399,8.96842,0.817108
331,-16.0417,16.796,2.83727
152,-16.0417,16.796,2.83727
331,-11.8743,14.076,-1.06708
152,-11.8743,14.076,-1.06708
331,-13.1328,17.7646,1.20202
152,-13.1328,17.7646,1.20202
331,-16.6945,12.4112,2.34251
152,-16.6945,12.4112,2.34251
331,-13.7316,17.5092,1.50261
152,-13.7316,17.5092,1.50261
331,-12.3803,16.5138,3.20856
152,-12.3803,16.5138,3.20856
331,-11.9933,19.4881,-2.4089
152,-11.9933,19.4881,-2.4089
331,-12.074,19.5834,-1.21097
153,-12.074,19.5834,-1.21097
331,-16.3204,17.87,1.37331
153,-16.3204,17.87,1.37331
331,-12.4545,15.2624,2.2067
153,-12.4545,15.2624,2.2067
331,-12.6595,13.1501,1.03676
153,-12.6595,13.1501,1.03676
331,-13.0541,17.4148,1.95862
153,-13.0541,17.4148,1.95862
331,-12.6946,17.649,1.12545
153,-12.6946,17.649,1.12545
331,-15.9435,16.6505,2.37896
153,-15.9435,16.6505,2.37896
331,-12.8771,18.4316,-2.73674
153,-12.8771,18.4316,-2.73674
331,-12.6893,17.8923,2.18051
153,-12.6893,17.8923,2.18051
331,-12.7886,11.8091,-1.31389
329,-12.7886,11.8091,-1.31389
331,-11.1869,15.2232,1.36429
329,-11.1869,15.2232,1.36429
331,-11.8336,13.9353,-1.68885
329,-11.8336,13.9353,-1.68885
331,-12.9867,17.3821,2.16493
329,-12.9867,17.3821,2.16493
331,-9.50373,17.9415,-3.10419
329,-9.50373,17.9415,-3.10419
331,-13.0949,17.7589,3.34211
329,-13.0949,17.7589,3.34211
331,-16.7338,13.9904,2.41527
329,-16.7338,13.9904,2.41527
331,-12.7238,9.44539,1.13411
329,-12.7238,9.44539,1.13411
331,-16.2416,20.0511,3.83122
329,-16.2416,20.0511,3.83122
331,-15.8928,17.6944,1.24948
154,-15.8928,17.6944,1.24948
331,-12.8081,18.1273,-1.60304
154,-12.8081,18.1273,-1.60304
331,-16.4523,14.1713,3.75861
154,-16.4523,14.1713,3.75861
331,-12.7427,16.3806,3.18145
154,-12.7427,16.3806,3.18145
331,-12.3588,9.22224,0.331954
151,-12.3588,9.22224,0.331954
331,-13.1794,8.13659,0.910292
151,-13.1794,8.13659,0.910292
331,-13.7413,17.6744,1.68161
155,-13.7413,17.6744,1.68161
331,-16.2903,15.6009,3.71616
155,-16.2903,15.6009,3.71616
331,-12.4587,21.3783,-3.7114
155,-12.4587,21.3783,-3.7114
331,-16.095,16.9814,3.49661
156,-16.095,16.9814,3.49661
331,-12.9252,16.69,3.20542
156,-12.9252,16.69,3.20542
331,-14.9661,16.8261,2.7589
156,-14.9661,16.8261,2.7589
331,-11.288,19.3155,-2.3537
156,-11.288,19.3155,-2.3537
331,-16.3075,14.0569,3.74312
156,-16.3075,14.0569,3.74312
331,-12.4395,13.6922,1.31828
328,-12.4395,13.6922,1.31828
331,-12.9683,17.3117,1.22106
328,-12.9683,17.3117,1.22106
331,-10.2686,19.2998,-4.50851
160,-10.2686,19.2998,-4.50851
331,-10.288,18.9588,-3.41025
160,-10.288,18.9588,-3.41025
331,-12.2302,12.1541,1.75691
327,-12.2302,12.1541,1.75691
331,-12.5008,17.0571,1.8993
327,-12.5008,17.0571,1.8993
332,-12.484,7.33826,0.951901
332,-12.5167,7.35715,1.05418
332,-12.4597,7.41356,0.945508
332,-12.7768,7.3876,1.13701
332,-12.5463,7.45591,0.745097
332,-12.5633,7.52658,0.840583
332,-12.5523,7.52636,0.750714
332,-12.8426,7.44813,1.16027
332,-12.6477,7.5077,0.839006
332,-12.863,7.44985,1.14662
332,-13.0151,7.38849,1.32923
332,-12.5894,7.58405,0.831781
332,-13.0249,7.38704,1.32609
332,-12.6496,7.55346,0.807245
332,-12.8938,7.59974,1.17506
332,-13.3268,7.66876,1.79099
332,-13.0783,7.79046,1.20352
332,-12.8136,7.86717,0.767769
332,-12.8155,7.86633,0.763292
332,-12.8255,7.87479,0.752915
332,-12.4427,8.28197,0.824586
332,-12.9916,7.98521,0.82347
332,-12.6276,8.78941,1.63436
332,-13.1183,8.0388,0.916803
332,-12.9529,8.5803,1.83994
332,-13.2592,8.05276,1.00712
332,-12.2286,8.83168,0.513655
332,-13.1725,8.20181,1.12658
332,-12.3166,8.90707,0.815409
332,-13.1952,8.2225,1.11136
332,-12.8839,8.78683,1.74993
332,-12.9576,8.41621,0.86004
332,-12.9341,8.79854,1.69138
332,-13.0547,8.74256,1.8199
332,-12.9681,8.43098,0.849332
332,-13.0701,8.7518,1.80473
332,-13.0712,8.76123,1.82086
332,-12.7,8.6833,0.762778
332,-12.9954,8.43717,0.836116
332,-12.995,8.44304,0.833685
332,-12.2455,9.14607,0.831672
332,-12.585,8.81681,0.726484
332,-12.5772,8.83444,0.724826
332,-12.8717,8.90524,1.54454
332,-12.6212,8.80291,0.71981
332,-12.6887,8.78104,0.70418
332,-12.8957,8.67331,0.888522
332,-12.8723,8.90557,1.39194
332,-12.8681,8.9329,1.44151
332,-12.316,9.29333,1.0508
332,-12.7955,8.71952,0.710459
332,-12.9013,8.90218,1.39149
332,-12.6926,8.81085,0.691664
332,-12.9315,8.90972,1.45814
332,-12.8879,8.94867,1.44925
332,-12.8189,8.71074,0.710185
332,-12.9106,8.93293,1.42996
332,-12.7363,8.66504,0.365017
332,-12.5212,8.85848,0.33396
332,-12.9263,8.93553,1.44025
332,-13.1882,8.77901,1.61627
332,-12.9655,8.91962,1.42387
332,-12.3714,9.2699,0.912229
332,-12.3767,9.03828,0.350744
332,-12.7539,8.77472,0.55263
332,-12.9767,8.64352,0.733569
332,-12.7474,8.71959,0.327571
332,-12.6527,8.80136,0.30836
332,-12.8252,8.65731,0.34864
332,-12.9001,8.99583,1.32794
332,-12.7747,8.8169,0.569575
332,-12.608,9.2313,1.18531
332,-12.8936,8.9662,1.18828
332,-12.6467,9.23656,1.20266
332,-12.9168,8.9809,1.14705
332,-12.702,8.8388,0.263555
332,-12.6025,9.31812,1.17288
332,-12.4488,9.14198,0.391739
332,-12.9249,9.00889,1.14762
332,-12.6843,8.87366,0.251
332,-12.8693,9.07815,1.15472
332,-12.9294,9.03892,1.15713
332,-13.0007,8.98403,1.13453
332,-12.8837,9.30553,1.245
332,-12.9265,9.31982,1.23665
332,-13.3631,9.25477,2.06602
332,-13.1819,9.07253,1.0722
332,-12.9178,9.5845,1.66701
332,-12.9092,9.64394,1.63867
332,-12.9198,9.64379,1.63439
332,-13.6181,8.81891,1.12442
332,-13.4329,8.97482,1.07144
332,-13.6314,8.82436,1.12614
332,-12.9419,9.45027,1.05229
332,-12.8735,9.64646,1.29197
332,-12.9223,9.63983,1.37201
332,-13.1729,9.34103,1.20093
332,-14.2078,8.77684,2.09353
332,-13.6624,8.88905,1.12444
332,-12.9529,9.65648,1.36903
332,-13.6783,8.90121,1.12003
332,-13.6272,8.94006,1.05977
332,-13.0661,9.44945,1.01079
332,-13.6435,8.88306,0.938345
332,-14.3447,8.66949,2.0136
332,-13.6578,8.87357,0.93729
332,-12.2396,10.1727,0.843832
332,-13.6685,8.87667,0.931471
332,-12.2506,10.1913,0.842521
332,-13.2561,9.3988,1.17765
332,-14.2403,8.89191,2.09908
332,-14.3209,8.56991,1.47321
332,-12.2908,10.2186,0.85946
332,-12.3446,10.2055,0.869435
332,-14.4619,8.5439,1.64679
332,-14.3271,8.59298,1.45866
332,-12.2916,10.2394,0.808352
332,-14.5432,8.47107,1.63322
332,-14.548,8.47301,1.63243
332,-14.2843,8.66767,1.4773
332,-14.2995,8.94546,2.13494
332,-12.5002,9.77672,0.0523562
332,-14.2552,8.98928,2.06621
332,-14.3044,8.98207,2.12532
332,-13.1059,9.70056,1.12364
332,-14.6432,8.38203,1.32481
332,-14.6744,8.39032,1.30199
332,-12.0329,10.7181,0.871376
332,-14.3862,8.77044,1.4664
332,-13.2392,9.7627,1.25412
332,-14.1531,8.96767,1.3872
332,-13.6408,9.31532,0.937049
332,-14.1875,8.99167,1.38025
332,-12.6956,10.2424,0.882335
332,-12.8914,10.2174,1.05
332,-12.8958,10.2444,1.03866
332,-14.5205,8.81263,1.1925
332,-12.8974,10.2955,1.07633
332,-12.6623,10.0517,-0.0860345
332,-13.9551,8.58163,-0.899955
332,-12.3332,10.854,0.779374
332,-12.3751,10.9709,0.745555
332,-14.9399,8.91048,1.08463
332,-12.0147,11.5389,0.64001
332,-14.5635,9.38691,0.392012
332,-12.6859,11.7404,1.43713
332,-12.5017,11.5599,0.527123
332,-12.6652,11.804,1.43758
332,-14.4283,9.13664,-1.07551
332,-13.1204,10.6814,-0.400621
332,-13.1656,10.7516,-0.446311
332,-13.0955,11.4074,0.878998
332,-12.383,11.6396,-0.208661
332,-13.19,10.7918,-0.489041
332,-12.5979,11.5041,-0.192224
332,-12.1361,12.1428,0.271225
332,-12.7091,12.0088,1.06496
332,-12.5137,11.369,-0.990325
332,-13.0337,11.7028,0.99047
332,-12.1344,12.1147,-0.255005
332,-12.7379,12.2352,1.3709
332,-12.7971,11.5649,-0.151421
332,-12.7229,12.1539,1.0379
332,-12.5172,11.4956,-1.07505
332,-13.0941,11.82,0.958984
332,-12.1311,11.9522,-1.17275
332,-17.1871,8.70809,2.38114
332,-12.1289,12.0449,-1.11936
332,-12.7109,12.3786,0.998846
332,-12.1417,12.1998,-0.755282
332,-12.4435,11.7359,-1.19779
332,-13.2918,11.7567,0.770538
332,-12.8984,11.7529,-0.149113
332,-12.7116,12.4172,0.993996
332,-12.3608,12.7077,0.891549
332,-13.3883,11.0943,-0.703167
332,-12.3444,12.7366,0.905624
332,-12.4486,11.7675,-1.21582
332,-12.1231,12.0978,-1.16273
332,-12.8894,11.757,-0.251189
332,-17.3173,8.71217,2.40641
332,-12.5692,11.6915,-1.21244
332,-12.144,12.1595,-1.20493
332,-12.1624,12.2045,-1.19581
332,-12.4076,12.4067,-0.50964
332,-12.6679,12.7447,0.886082
332,-13.1523,12.9511,2.44891
332,-12.4289,12.9804,0.811758
332,-13.3034,12.2103,0.859453
332,-15.4639,10.2287,0.662608
332,-16.3337,10.1501,2.31609
332,-12.7394,12.4664,-0.633517
332,-13.4116,12.1108,-0.671478
332,-16.6158,10.3686,2.25921
332,-13.6571,12.4604,0.332387
332,-12.7211,13.2532,0.000647545
332,-12.535,14.0877,1.37239
332,-15.7942,16.468,2.51181
331,-15.7942,16.468,2.51181
332,-16.8104,16.0952,-0.413479
331,-16.8104,16.0952,-0.413479
332,-16.5797,14.6572,2.4914
331,-16.5797,14.6572,2.4914
332,-14.2271,9.50113,1.61127
331,-14.2271,9.50113,1.61127
332,-12.1486,11.5817,0.610032
331,-12.1486,11.5817,0.610032
332,-16.413,11.9846,2.32798
331,-16.413,11.9846,2.32798
332,-15.955,17.8065,1.22567
331,-15.955,17.8065,1.22567
332,-12.5063,8.98003,0.292992
331,-12.5063,8.98003,0.292992
332,-12.9377,13.9888,1.62253
331,-12.9377,13.9888,1.62253
332,-11.6715,14.9318,1.13545
331,-11.6715,14.9318,1.13545
332,-15.04,17.4222,3.49862
331,-15.04,17.4222,3.49862
332,-12.3556,16.638,3.90643
331,-12.3556,16.638,3.90643
332,-15.4507,15.8028,2.356
331,-15.4507,15.8028,2.356
332,-11.9439,14.4212,-1.91146
331,-11.9439,14.4212,-1.91146
332,-12.7167,18.2665,4.17302
331,-12.7167,18.2665,4.17302
332,-12.3416,16.5324,1.96079
331,-12.3416,16.5324,1.96079
332,-15.4537,18.3058,3.59576
331,-15.4537,18.3058,3.59576
332,-12.8562,16.7553,3.23431
331,-12.8562,16.7553,3.23431
332,-13.0558,17.693,3.54516
331,-13.0558,17.693,3.54516
332,-13.2253,18.2044,1.17789
331,-13.2253,18.2044,1.17789
332,-11.6507,16.8544,-1.44202
331,-11.6507,16.8544,-1.44202
332,-13.0166,17.3789,1.54417
331,-13.0166,17.3789,1.54417
332,-13.7932,8.73579,1.73715
151,-13.7932,8.73579,1.73715
332,-12.9392,9.63535,1.64091
151,-12.9392,9.63535,1.64091
332,-12.9743,9.90772,1.04403
151,-12.9743,9.90772,1.04403
332,-13.7629,17.6786,1.15969
151,-13.7629,17.6786,1.15969
332,-13.8216,8.74094,1.73247
151,-13.8216,8.74094,1.73247
332,-12.0414,9.33318,1.06711
151,-12.0414,9.33318,1.06711
332,-13.8005,17.8157,1.96007
151,-13.8005,17.8157,1.96007
332,-20.7251,13.992,2.96758
151,-20.7251,13.992,2.96758
332,-13.029,17.437,1.25894
151,-13.029,17.437,1.25894
332,-14.0375,18.4541,1.84679
151,-14.0375,18.4541,1.84679
332,-16.6332,14.4767,2.59064
151,-16.6332,14.4767,2.59064
332,-16.6999,14.1835,2.10056
151,-16.6999,14.1835,2.10056
332,-16.3704,13.8038,2.21683
330,-16.3704,13.8038,2.21683
332,-16.3922,15.481,2.60087
330,-16.3922,15.481,2.60087
332,-16.1818,14.0016,2.15994
330,-16.1818,14.0016,2.15994
332,-16.6157,14.3835,2.54243
330,-16.6157,14.3835,2.54243
332,-16.7325,10.5824,2.38828
330,-16.7325,10.5824,2.38828
332,-16.6512,13.8577,2.19421
154,-16.6512,13.8577,2.19421
332,-13.9078,18.1354,1.20893
154,-13.9078,18.1354,1.20893
332,-16.5704,14.1028,2.32815
154,-16.5704,14.1028,2.32815
332,-16.5765,14.0628,2.47618
154,-16.5765,14.0628,2.47618
332,-12.9196,10.0724,1.11815
154,-12.9196,10.0724,1.11815
332,-12.3885,21.599,-3.70974
154,-12.3885,21.599,-3.70974
332,-12.5163,9.33915,0.834659
149,-12.5163,9.33915,0.834659
332,-16.9673,12.4856,2.32984
149,-16.9673,12.4856,2.32984
332,-16.2383,14.6429,2.35048
149,-16.2383,14.6429,2.35048
332,-12.7616,8.79908,0.261909
149,-12.7616,8.79908,0.261909
332,-14.4621,8.7414,1.32943
149,-14.4621,8.7414,1.32943
332,-13.8075,9.24154,1.56731
149,-13.8075,9.24154,1.56731
332,-12.5216,9.34653,0.82897
149,-12.5216,9.34653,0.82897
332,-20.5557,14.8038,3.18534
149,-20.5557,14.8038,3.18534
332,-14.6722,8.64831,1.59151
149,-14.6722,8.64831,1.59151
332,-16.684,8.84398,0.808139
149,-16.684,8.84398,0.808139
332,-13.4597,12.5876,0.760375
149,-13.4597,12.5876,0.760375
332,-14.8581,14.6138,2.58849
149,-14.8581,14.6138,2.58849
332,-14.9765,8.32403,1.30231
149,-14.9765,8.32403,1.30231
332,-14.9271,8.32343,1.32622
149,-14.9271,8.32343,1.32622
332,-15.8616,17.6318,2.02219
148,-15.8616,17.6318,2.02219
332,-14.4068,8.9349,2.06603
148,-14.4068,8.9349,2.06603
332,-16.5371,14.1112,2.13636
155,-16.5371,14.1112,2.13636
332,-16.5323,15.9135,3.72732
155,-16.5323,15.9135,3.72732
332,-14.3314,8.63691,1.33132
147,-14.3314,8.63691,1.33132
332,-14.3402,8.64384,1.67146
147,-14.3402,8.64384,1.67146
332,-15.1144,16.8814,2.80954
156,-15.1144,16.8814,2.80954
332,-16.0877,14.2677,2.21621
329,-16.0877,14.2677,2.21621
332,-12.1579,13.8618,-1.20078
329,-12.1579,13.8618,-1.20078
332,-12.1748,12.1879,-0.273347
329,-12.1748,12.1879,-0.273347
332,-15.5825,17.9282,1.28035
329,-15.5825,17.9282,1.28035
332,-11.7334,16.5182,-1.43779
329,-11.7334,16.5182,-1.43779
332,-12.2031,12.0023,-0.340952
329,-12.2031,12.0023,-0.340952
332,-12.6831,14.6537,1.29972
329,-12.6831,14.6537,1.29972
332,-11.8563,17.7486,-0.683458
329,-11.8563,17.7486,-0.683458
333,-10.9559,6.78468,2.38711
333,-12.4877,7.34837,1.06534
333,-12.5297,7.26793,0.970568
333,-12.5043,7.327,0.974553
333,-12.4953,7.33689,0.968989
333,-12.4838,7.33309,0.917662
333,-12.4926,7.35594,0.978532
333,-12.5045,7.34085,0.958322
333,-12.5528,7.3535,1.0377
333,-12.4872,7.38016,0.921154
333,-12.4876,7.38033,0.920811
333,-12.4848,7.41438,0.914914
333,-12.4524,7.46046,0.878073
333,-12.4589,7.46816,0.864272
333,-12.4591,7.49359,0.870056
333,-12.4659,7.50478,0.855701
333,-12.4968,7.50101,0.885653
333,-13.0548,6.87017,0.877706
333,-13.1962,7.21065,1.65352
333,-12.837,7.38959,1.09214
333,-13.1236,7.17857,1.28123
333,-13.0173,7.23606,1.10441
333,-13.0496,7.20714,1.11477
333,-12.9117,7.48497,1.35238
333,-12.9674,7.42307,1.3168
333,-13.1018,7.16826,1.11551
333,-12.6647,7.58881,0.867462
333,-13.0747,7.21171,1.10543
333,-13.1483,7.22814,1.24944
333,-12.7097,7.60425,0.836432
333,-12.7113,7.62554,0.863417
333,-12.748,7.61574,0.809523
333,-13.0123,7.59779,1.40047
333,-12.425,8.11479,0.842185
333,-12.427,8.11798,0.841003
333,-13.0593,7.59543,1.36265
333,-13.3976,7.07925,1.1288
333,-12.787,7.75301,0.851553
333,-13.2769,7.65938,1.77231
333,-13.2745,7.66268,1.77017
333,-12.827,7.76876,0.826295
333,-13.0238,7.75253,1.29955
333,-13.1846,7.70011,1.60569
333,-13.3683,7.61342,1.88514
333,-13.2764,7.66963,1.76221
333,-13.6139,6.91055,1.00176
333,-13.2554,7.70262,1.77116
333,-13.0693,7.72976,1.32912
333,-13.3808,7.61739,1.88311
333,-13.5897,7.44367,2.03505
333,-13.3771,7.63834,1.86296
333,-13.0746,7.75514,1.31864
333,-13.0738,7.75738,1.31602
333,-13.6085,7.44693,2.03601
333,-13.101,7.7393,1.32811
333,-12.8882,7.78533,0.758894
333,-13.0616,7.77075,1.15179
333,-13.0514,7.79056,1.09796
333,-12.898,7.88664,0.828894
333,-12.9047,7.88754,0.830306
333,-13.6508,7.09712,1.0674
333,-13.0906,7.81433,1.07534
333,-13.82,6.89733,0.978378
333,-12.9118,7.95633,0.84286
333,-13.7834,7.04294,1.11612
333,-13.8547,6.97399,1.12507
333,-13.8691,6.99213,1.12785
333,-14.3253,7.01848,2.10263
333,-14.3989,6.9789,2.14946
333,-14.4196,6.93207,2.09067
333,-13.1251,8.01402,1.03709
333,-13.1443,8.00696,1.00858
333,-13.1262,8.01861,0.96746
333,-13.1721,8.00277,1.03231
333,-13.2095,7.97438,1.03899
333,-13.1321,8.03373,0.948714
333,-14.3021,6.88882,1.52018
333,-13.195,8.01506,1.02947
333,-13.2019,8.00622,1.02833
333,-13.1718,8.01935,0.956633
333,-13.1694,8.07542,1.07044
333,-13.1656,8.04275,0.965289
333,-12.2584,9.13408,0.947068
333,-13.2171,8.01425,1.02657
333,-13.1804,8.04376,0.96384
333,-12.5316,8.77677,0.765057
333,-12.9057,8.38698,0.883141
333,-13.0919,8.27389,1.10407
333,-13.0784,8.31892,1.14437
333,-13.1032,8.29393,1.12583
333,-12.7725,8.914,1.59558
333,-13.1766,8.20727,1.11234
333,-13.1145,8.27858,1.09162
333,-12.2846,9.25959,1.02663
333,-12.7699,8.94789,1.6124
333,-13.1129,8.29566,1.09197
333,-12.7848,8.9431,1.61642
333,-12.9502,8.40308,0.865867
333,-12.6798,8.96907,1.36775
333,-13.2089,8.19155,1.06498
333,-13.1119,8.34443,1.12177
333,-13.2054,8.22022,1.09462
333,-12.573,8.81759,0.723739
333,-12.5706,8.8253,0.723941
333,-12.5778,8.81742,0.724962
333,-13.1226,8.3403,1.11812
333,-12.8291,8.95095,1.66586
333,-13.0979,8.37272,1.10059
333,-13.229,8.20389,1.06865
333,-12.3221,9.28318,1.01735
333,-12.2946,9.21227,0.787014
333,-12.6216,8.78626,0.644173
333,-12.857,8.63876,0.9073
333,-12.7197,9.01909,1.34696
333,-12.8769,8.649,0.899414
333,-12.7956,8.67743,0.728799
333,-12.5227,8.85664,0.332196
333,-12.3828,9.33321,0.990654
333,-12.7188,8.65208,0.376221
333,-12.8429,8.66539,0.729466
333,-12.5139,8.88575,0.32568
333,-12.5236,8.87993,0.3189
333,-12.2879,9.44308,0.859203
333,-12.913,8.70492,0.872684
333,-12.5744,9.24978,1.13288
333,-13.0076,8.91986,1.52165
333,-12.426,9.22577,0.654654
333,-12.9662,8.98169,1.53056
333,-12.4498,9.21405,0.651459
333,-12.6382,9.21432,1.14431
333,-12.4829,9.293,0.880241
333,-12.7314,8.74216,0.320485
333,-13.166,8.87377,1.68824
333,-12.8172,9.12235,1.30561
333,-12.6521,9.2848,1.16257
333,-12.657,9.26229,1.095
333,-12.4762,9.26581,0.620827
333,-12.8697,9.07455,1.14734
333,-13.3176,8.79895,1.58361
333,-12.9816,9.07268,1.28337
333,-12.6608,9.40872,1.13673
333,-12.6581,9.41625,1.13153
333,-13.0043,9.1864,1.37031
333,-13.026,9.18458,1.34986
333,-13.2927,9.19672,2.07082
333,-12.5467,9.52399,0.812533
333,-13.0615,9.41512,1.90504
333,-13.0777,9.41408,1.92978
333,-13.0856,9.41445,1.93199
333,-13.6601,8.64847,1.76103
333,-13.6634,8.64862,1.76033
333,-13.0179,9.20006,1.24834
333,-13.6784,8.64028,1.76377
333,-12.926,9.55764,1.75759
333,-13.329,9.22708,2.07025
333,-12.5545,9.66143,0.920014
333,-13.3534,9.25983,2.06365
333,-12.1928,10.1754,0.827743
333,-12.2524,10.1451,0.855619
333,-12.2537,10.152,0.834811
333,-12.2269,10.2264,0.821624
333,-12.2767,10.2481,0.840352
333,-12.4419,9.75569,0.173258
333,-12.2551,10.2659,0.785097
333,-13.6486,8.83844,1.11881
333,-14.2085,8.54391,1.79616
333,-13.6841,8.86189,1.09662
333,-13.1023,9.65474,1.26235
333,-12.4853,10.2387,0.856003
333,-13.8089,8.65493,0.886447
333,-12.4801,10.2574,0.845171
333,-14.2369,8.57039,1.72922
333,-14.3579,8.4373,1.67616
333,-14.305,8.47334,1.54429
333,-14.2059,8.87807,2.1451
333,-14.388,8.44538,1.68053
333,-14.1937,8.59933,1.50143
333,-12.9021,10.0257,1.13403
333,-14.2098,8.62314,1.48905
333,-14.2798,8.54032,1.48439
333,-14.1981,8.93857,2.12459
333,-14.1864,8.92985,2.06737
333,-14.2742,8.56309,1.47076
333,-14.4265,8.40337,1.50851
333,-14.26,8.90503,2.13534
333,-14.3015,8.53612,1.41639
333,-14.2293,8.65147,1.47185
333,-14.4064,8.47944,1.54377
333,-14.2406,8.6706,1.5114
333,-14.4852,8.43832,1.64747
333,-12.8812,10.1523,1.09455
333,-12.8671,10.1693,1.0696
333,-14.5125,8.5037,1.77097
333,-12.872,10.1691,1.05905
333,-14.2721,8.68504,1.45948
333,-14.497,8.43316,1.49755
333,-14.4873,8.43916,1.48502
333,-12.8789,10.1976,1.05169
333,-14.4328,8.46134,1.32399
333,-12.8852,10.2112,1.04898
333,-12.927,10.1904,1.1023
333,-14.5625,8.47062,1.646
333,-14.4804,8.44228,1.35761
333,-14.4736,8.45092,1.3513
333,-14.4194,8.60708,1.31156
333,-14.374,8.73065,1.23354
333,-14.4647,8.6506,1.29114
333,-14.3631,8.75572,1.223
333,-14.4168,8.72032,1.2267
333,-14.4903,8.6565,1.25815
333,-14.407,8.7716,1.21775
333,-14.5709,8.86322,1.14596
333,-14.4998,8.64987,0.455175
333,-14.949,8.51415,1.26583
333,-12.7244,11.2556,0.832882
333,-12.7431,11.1162,0.0844963
333,-12.7957,11.4478,0.771698
333,-12.7064,11.2087,-0.108047
333,-12.953,11.405,0.93081
333,-12.6878,11.9302,1.10739
333,-12.4656,11.6312,-0.227388
333,-12.4545,11.6571,-0.235568
333,-12.1791,12.2878,0.351813
333,-12.2772,11.9944,-0.311862
333,-12.279,12.0107,-0.318531
333,-12.7934,11.5232,-0.0443165
333,-12.5164,11.7737,-0.309226
333,-12.6138,11.3499,-0.9998
333,-12.3926,12.3416,0.476756
333,-12.8539,11.6862,-0.232244
333,-12.5939,12.0686,-0.447417
333,-17.0486,8.66393,2.89621
333,-17.0771,8.65187,2.88516
333,-14.8746,9.54513,-1.01664
333,-16.9607,8.66352,2.32162
333,-17.2774,8.94083,2.89793
333,-17.281,8.9453,2.90458
333,-18.3668,8.14085,2.83338
333,-16.5468,10.2524,2.32701
333,-16.3503,14.0643,2.33239
332,-16.3503,14.0643,2.33239
333,-12.9017,9.82615,1.07938
332,-12.9017,9.82615,1.07938
333,-12.737,11.3597,0.777872
332,-12.737,11.3597,0.777872
333,-12.9138,11.8875,0.388169
332,-12.9138,11.8875,0.388169
333,-16.4469,17.8747,2.7219
332,-16.4469,17.8747,2.7219
333,-16.4458,13.6152,2.33
332,-16.4458,13.6152,2.33
333,-12.7151,11.4696,0.54965
332,-12.7151,11.4696,0.54965
333,-14.5455,8.70177,1.26727
332,-14.5455,8.70177,1.26727
333,-16.0684,18.0194,1.18938
332,-16.0684,18.0194,1.18938
333,-16.0017,17.9088,1.22149
332,-16.0017,17.9088,1.22149
333,-12.8308,12.0103,0.345917
332,-12.8308,12.0103,0.345917
333,-16.1153,15.8733,2.34474
332,-16.1153,15.8733,2.34474
333,-15.5776,12.8799,2.15845
332,-15.5776,12.8799,2.15845
333,-16.5802,15.9876,3.75674
332,-16.5802,15.9876,3.75674
333,-15.3796,18.1157,3.5628
332,-15.3796,18.1157,3.5628
333,-15.3579,18.0714,3.57796
332,-15.3579,18.0714,3.57796
333,-12.3393,9.02143,0.767991
332,-12.3393,9.02143,0.767991
333,-16.9781,11.4853,2.18284
149,-16.9781,11.4853,2.18284
333,-15.6414,15.0721,-0.28989
149,-15.6414,15.0721,-0.28989
333,-16.4937,14.242,2.47092
149,-16.4937,14.242,2.47092
333,-20.5623,14.7999,3.18612
149,-20.5623,14.7999,3.18612
333,-16.1841,17.0512,2.83785
149,-16.1841,17.0512,2.83785
333,-17.1568,10.6303,2.34492
149,-17.1568,10.6303,2.34492
333,-12.9815,9.89206,1.07833
149,-12.9815,9.89206,1.07833
333,-17.1202,18.8743,3.03218
149,-17.1202,18.8743,3.03218
333,-16.3647,14.0796,2.50087
149,-16.3647,14.0796,2.50087
333,-14.7016,6.8405,0.0924662
149,-14.7016,6.8405,0.0924662
333,-12.9539,10.3634,1.05677
148,-12.9539,10.3634,1.05677
333,-13.024,8.82774,0.584126
148,-13.024,8.82774,0.584126
333,-12.5011,9.29341,0.814505
148,-12.5011,9.29341,0.814505
333,-12.9421,10.3405,1.06643
148,-12.9421,10.3405,1.06643
333,-15.7587,16.1923,-0.610738
148,-15.7587,16.1923,-0.610738
333,-13.3274,8.86035,0.88518
148,-13.3274,8.86035,0.88518
333,-16.0437,17.1202,2.49846
148,-16.0437,17.1202,2.49846
333,-15.0009,6.89453,1.30323
148,-15.0009,6.89453,1.30323
333,-14.6036,8.26136,1.43906
148,-14.6036,8.26136,1.43906
333,-13.0646,12.1637,0.506823
148,-13.0646,12.1637,0.506823
333,-14.9536,9.97806,-1.15364
147,-14.9536,9.97806,-1.15364
333,-12.925,11.0471,-0.473991
147,-12.925,11.0471,-0.473991
333,-13.3263,9.59461,1.24753
147,-13.3263,9.59461,1.24753
333,-12.5118,9.83562,0.287411
147,-12.5118,9.83562,0.287411
333,-12.991,9.09344,1.31749
146,-12.991,9.09344,1.31749
333,-16.2118,16.095,2.36119
146,-16.2118,16.095,2.36119
333,-16.6436,12.4227,2.38547
146,-16.6436,12.4227,2.38547
333,-12.7466,9.90908,1.20227
146,-12.7466,9.90908,1.20227
333,-16.1838,17.1386,3.50712
331,-16.1838,17.1386,3.50712
333,-12.1776,12.2676,0.340734
331,-12.1776,12.2676,0.340734
333,-15.9729,13.1586,2.38758
331,-15.9729,13.1586,2.38758
333,-16.3594,15.6516,2.43966
331,-16.3594,15.6516,2.43966
333,-16.3115,13.52,2.41567
145,-16.3115,13.52,2.41567
333,-13.8039,8.80694,1.72794
145,-13.8039,8.80694,1.72794
333,-13.1736,7.34084,1.26749
145,-13.1736,7.34084,1.26749
333,-17.0206,15.1024,2.54227
145,-17.0206,15.1024,2.54227
333,-12.8963,9.26289,1.24871
145,-12.8963,9.26289,1.24871
333,-16.5091,14.1395,2.14915
153,-16.5091,14.1395,2.14915
333,-15.6741,17.9183,1.50855
153,-15.6741,17.9183,1.50855
333,-16.5651,15.9253,2.45681
153,-16.5651,15.9253,2.45681
333,-16.4292,10.942,2.21332
154,-16.4292,10.942,2.21332
333,-16.2476,14.3259,2.20582
154,-16.2476,14.3259,2.20582
333,-15.9015,17.7122,0.887331
154,-15.9015,17.7122,0.887331
333,-16.2793,14.3552,2.20919
154,-16.2793,14.3552,2.20919
333,-16.393,14.3653,2.29318
154,-16.393,14.3653,2.29318
333,-16.4019,17.6781,2.52056
330,-16.4019,17.6781,2.52056
333,-16.3802,14.4895,2.55968
330,-16.3802,14.4895,2.55968
334,-12.6142,7.41702,1.03711
334,-13.0563,6.91645,1.11728
334,-13.3209,6.53974,1.1099
334,-13.4145,6.4338,1.10157
334,-13.3617,6.54251,1.07978
334,-12.9219,7.3636,1.35652
334,-12.9294,7.36595,1.37327
334,-12.9244,7.43292,1.47783
334,-12.8591,7.35674,1.12606
334,-12.9214,7.38481,1.34977
334,-12.8659,7.40507,1.16896
334,-12.8709,7.40976,1.11206
334,-13.052,7.30416,1.41519
334,-13.0533,7.39841,1.58864
334,-13.2784,7.16832,1.76367
334,-12.8674,7.4156,1.05307
334,-13.2841,7.19757,1.78488
334,-13.056,7.20035,1.12177
334,-13.0615,7.19609,1.12427
334,-12.8917,7.45638,1.13687
334,-13.0638,7.19928,1.11639
334,-13.1631,7.14865,1.28883
334,-13.1625,7.2821,1.53638
334,-13.1426,7.32048,1.54126
334,-12.9514,7.41275,1.16761
334,-13.1523,7.30335,1.53148
334,-13.2324,7.25159,1.65048
334,-13.1913,7.14908,1.30953
334,-13.1344,7.14058,1.12467
334,-12.9624,7.4219,1.15991
334,-12.9193,7.47054,1.12569
334,-12.9249,7.47702,1.11884
334,-13.167,7.12807,1.11155
334,-13.1616,7.1401,1.11528
334,-13.1211,7.28646,1.29505
334,-13.1261,7.53769,1.79563
334,-12.9408,7.48583,1.13286
334,-13.2177,7.08814,1.13002
334,-13.214,7.09181,1.10173
334,-13.39,7.14992,1.71632
334,-13.2306,7.08912,1.1168
334,-13.4556,7.11801,1.78868
334,-13.2751,7.18574,1.37478
334,-12.44,8.13664,0.840488
334,-13.1055,7.65437,1.636
334,-12.4208,8.25839,0.84835
334,-12.4364,8.27898,0.862781
334,-12.7929,7.85328,0.927535
334,-12.4497,8.30963,0.850856
334,-13.3101,7.59548,1.90561
334,-13.4351,7.1709,1.40344
334,-13.4333,7.17358,1.39749
334,-12.4428,8.35094,0.848612
334,-13.3466,7.5835,1.9042
334,-13.3603,7.58938,1.91455
334,-13.3565,7.59507,1.91255
334,-12.4559,8.37194,0.825645
334,-13.0716,7.7456,1.33085
334,-13.0808,7.73836,1.33856
334,-13.5817,7.44419,2.04896
334,-13.5905,7.44046,2.04513
334,-13.0837,7.75002,1.19384
334,-13.592,7.44546,2.04832
334,-12.5622,8.36192,0.873131
334,-13.9025,7.14454,2.02082
334,-13.8674,6.98161,1.1308
334,-13.1495,7.99657,1.01016
334,-13.1897,7.97293,1.06299
334,-12.4291,8.92333,0.7661
334,-12.43,8.92741,0.768235
334,-12.2943,9.24549,1.01845
334,-12.4323,8.93367,0.766313
334,-12.4402,8.93677,0.766948
334,-13.2043,8.02631,1.07945
334,-12.2378,9.34028,0.927549
334,-14.3524,6.77143,1.87118
334,-13.0219,8.2999,1.09255
334,-12.2976,9.20346,0.804591
334,-13.1126,8.20418,1.15021
334,-13.2716,7.95214,1.0472
334,-12.3219,9.30135,0.995248
334,-13.1308,8.178,1.06226
334,-12.5426,8.86022,0.731196
334,-12.2698,9.27288,0.764568
334,-13.1503,8.19538,1.13975
334,-12.9199,8.40551,0.878907
334,-12.9228,8.40426,0.87767
334,-13.1608,8.181,1.11218
334,-13.2899,7.97153,1.04174
334,-12.2676,9.38665,0.931582
334,-12.9458,8.39936,0.881272
334,-12.9597,8.39467,0.882522
334,-13.2944,8.01661,1.04063
334,-13.1092,8.34284,1.15079
334,-12.7144,8.72478,0.734175
334,-12.6691,8.78374,0.718055
334,-12.4474,9.19175,0.893443
334,-13.3183,8.00982,1.03091
334,-12.4577,9.19696,0.89689
334,-14.615,6.58289,1.73407
334,-12.8193,8.71376,0.713452
334,-14.3993,6.84757,1.48901
334,-12.8804,8.69255,0.715985
334,-12.9126,9.09048,1.5931
334,-12.9007,8.68708,0.721107
334,-12.9088,8.68377,0.718118
334,-12.8919,8.7089,0.707512
334,-12.6246,9.28236,1.08748
334,-14.508,6.74679,1.38746
334,-12.9095,8.70748,0.703454
334,-14.5047,6.75802,1.38168
334,-12.6906,9.24442,1.14052
334,-14.4879,6.81744,1.4454
334,-12.9495,8.73389,0.849651
334,-12.9762,8.64305,0.740393
334,-12.857,9.01992,1.14812
334,-12.6361,9.31819,1.09385
334,-14.6767,6.4974,1.31093
334,-12.8864,9.29393,1.76256
334,-12.8631,9.03398,1.14217
334,-12.8518,9.05692,1.15096
334,-12.7987,9.13566,1.14084
334,-13.0121,9.0816,1.63009
334,-14.6034,6.66075,1.33324
334,-12.5164,9.51489,1.01864
334,-12.728,9.27895,1.08905
334,-12.8301,9.29898,1.39936
334,-14.7454,6.49594,1.27928
334,-14.6414,6.63359,1.25285
334,-13.1344,8.96845,1.5541
334,-13.2249,8.91052,1.6874
334,-13.0651,9.05969,1.52277
334,-13.0072,8.96524,1.15211
334,-13.0701,9.06846,1.52648
334,-12.4106,9.48604,0.426812
334,-13.1963,9.02782,1.78854
334,-13.0217,8.96158,1.14117
334,-12.9997,9.09051,1.32261
334,-13.0054,9.08705,1.32114
334,-13.1424,9.03487,1.59162
334,-13.1987,8.99415,1.64176
334,-13.091,9.02624,1.37915
334,-13.0985,9.06091,1.47133
334,-13.2629,8.94346,1.67618
334,-13.1035,9.09237,1.51112
334,-13.0834,9.0639,1.36743
334,-12.9496,9.469,1.79572
334,-14.5912,6.86041,1.22737
334,-13.0482,9.00772,1.05634
334,-12.192,10.1464,0.851544
334,-13.1732,9.02716,1.42924
334,-12.7244,9.50682,1.08052
334,-13.0585,9.01593,1.0499
334,-13.1055,9.40064,1.9493
334,-12.2432,10.136,0.865337
334,-13.2027,9.00734,1.36751
334,-13.1822,8.81017,0.89866
334,-13.2035,9.02591,1.36785
334,-13.0581,9.17974,1.24266
334,-14.5326,6.7896,0.621359
334,-13.2421,8.79959,0.932842
334,-13.0357,9.54591,1.84716
334,-13.2605,8.81183,0.921239
334,-13.2634,8.81886,0.928192
334,-14.5701,6.8006,0.609121
334,-13.3646,9.29277,2.07849
334,-14.6304,6.80658,0.554993
334,-13.5145,8.99829,1.74262
334,-13.286,9.05071,1.09908
334,-12.3317,10.24,0.628839
334,-13.3803,9.02417,1.05837
334,-13.3809,9.02321,1.05484
334,-15.0255,6.4572,0.483568
334,-12.5328,10.2278,0.86765
334,-13.8481,8.80066,1.72621
334,-13.5759,8.97346,0.981503
334,-13.6888,8.86091,0.997803
334,-15.1914,6.43421,0.389454
334,-12.9404,10.0423,1.11471
334,-14.1041,8.86252,2.08911
334,-14.2584,8.51705,1.77422
334,-14.2355,8.52533,1.71796
334,-14.1238,8.88713,2.09278
334,-14.3187,8.47747,1.7775
334,-14.2492,8.60129,1.80476
334,-14.2481,8.50994,1.6036
334,-14.3029,8.47023,1.6824
334,-14.2328,8.6319,1.79719
334,-14.2896,8.44485,1.57744
334,-14.0264,8.89092,1.69042
334,-14.2478,8.53276,1.49346
334,-14.2356,8.55002,1.48394
334,-14.3006,8.47014,1.46195
334,-14.321,8.4624,1.46657
334,-14.2393,8.56685,1.42171
334,-14.2739,8.8539,2.09226
334,-12.9174,10.2858,1.0212
334,-12.9461,10.3469,1.01722
334,-14.1128,9.01309,1.66068
334,-12.9865,10.3565,1.00758
334,-14.3202,8.59286,1.30211
334,-14.5312,8.54182,1.78763
334,-14.3021,8.65235,1.26353
334,-14.4879,8.76524,2.01479
334,-14.3137,8.65611,1.26147
334,-14.4926,8.77172,2.00773
334,-14.3165,8.73837,1.28548
334,-14.6177,8.63859,1.89939
334,-14.6206,8.85473,2.01048
334,-12.4692,11.6845,-0.251633
334,-12.9321,11.761,0.666863
334,-13.1817,11.7794,0.79609
334,-17.1601,8.71252,2.92242
334,-16.9948,8.68874,2.339
334,-17.1077,8.74429,2.32293
334,-17.1158,8.84627,2.32561
334,-17.0546,8.97793,2.20073
334,-17.6833,8.84665,3.0203
334,-16.8135,14.6887,2.76025
333,-16.8135,14.6887,2.76025
334,-12.6532,8.92736,0.653574
333,-12.6532,8.92736,0.653574
334,-16.4136,14.5145,2.28981
333,-16.4136,14.5145,2.28981
334,-13.0228,7.74008,1.25193
333,-13.0228,7.74008,1.25193
334,-14.5966,8.6517,1.36718
333,-14.5966,8.6517,1.36718
334,-12.6733,8.95374,0.636905
333,-12.6733,8.95374,0.636905
334,-16.8765,14.7839,2.75179
333,-16.8765,14.7839,2.75179
334,-16.4738,18.9332,1.09613
333,-16.4738,18.9332,1.09613
334,-14.2044,8.64608,1.29538
333,-14.2044,8.64608,1.29538
334,-13.0936,9.1929,1.33384
333,-13.0936,9.1929,1.33384
334,-13.3871,12.3841,0.632052
333,-13.3871,12.3841,0.632052
334,-12.8772,8.85409,1.42361
147,-12.8772,8.85409,1.42361
334,-12.9931,9.51315,1.20188
147,-12.9931,9.51315,1.20188
334,-12.6578,9.07861,1.70793
147,-12.6578,9.07861,1.70793
334,-14.2762,7.29739,0.789413
147,-14.2762,7.29739,0.789413
334,-16.9475,11.427,-0.748801
147,-16.9475,11.427,-0.748801
334,-12.9722,7.51933,1.4541
147,-12.9722,7.51933,1.4541
334,-13.1109,7.47603,1.96513
147,-13.1109,7.47603,1.96513
334,-16.7211,14.43,2.35949
147,-16.7211,14.43,2.35949
334,-19.5955,8.44448,3.08845
147,-19.5955,8.44448,3.08845
334,-12.7725,9.23801,1.6553
147,-12.7725,9.23801,1.6553
334,-14.6603,8.53622,1.63468
147,-14.6603,8.53622,1.63468
334,-13.8599,7.22052,0.971742
147,-13.8599,7.22052,0.971742
334,-15.1817,7.34814,0.959587
147,-15.1817,7.34814,0.959587
334,-13.8056,6.53807,0.754336
147,-13.8056,6.53807,0.754336
334,-13.8643,6.86246,0.765693
147,-13.8643,6.86246,0.765693
334,-16.9425,14.8958,2.55196
147,-16.9425,14.8958,2.55196
334,-18.7215,8.97507,3.27703
147,-18.7215,8.97507,3.27703
334,-16.5627,11.0351,-0.485613
147,-16.5627,11.0351,-0.485613
334,-16.2313,10.7239,-0.284159
147,-16.2313,10.7239,-0.284159
334,-17.6682,9.16227,2.40311
147,-17.6682,9.16227,2.40311
334,-19.8057,8.00065,2.52286
147,-19.8057,8.00065,2.52286
334,-15.1935,7.35598,0.916582
147,-15.1935,7.35598,0.916582
334,-13.9066,8.62119,2.19058
146,-13.9066,8.62119,2.19058
334,-15.9093,11.7804,0.0768011
146,-15.9093,11.7804,0.0768011
334,-16.2372,11.8068,0.28097
146,-16.2372,11.8068,0.28097
334,-16.6034,14.2857,2.1208
146,-16.6034,14.2857,2.1208
334,-13.3064,7.27835,1.62141
146,-13.3064,7.27835,1.62141
334,-18.8515,8.19893,2.09847
146,-18.8515,8.19893,2.09847
334,-13.3704,7.0369,1.803
146,-13.3704,7.0369,1.803
334,-13.0395,7.50756,1.41477
146,-13.0395,7.50756,1.41477
334,-14.7462,8.71761,1.45781
146,-14.7462,8.71761,1.45781
334,-16.2542,11.8198,0.00685883
146,-16.2542,11.8198,0.00685883
334,-13.241,8.27206,0.9791
146,-13.241,8.27206,0.9791
334,-13.1392,8.71419,1.05728
146,-13.1392,8.71419,1.05728
334,-12.8947,7.47797,1.14565
146,-12.8947,7.47797,1.14565
334,-13.3345,7.81725,1.64817
146,-13.3345,7.81725,1.64817
334,-16.0573,11.6012,0.315676
146,-16.0573,11.6012,0.315676
334,-12.8325,7.47865,1.19588
149,-12.8325,7.47865,1.19588
334,-12.9414,7.65778,1.13733
149,-12.9414,7.65778,1.13733
334,-15.884,18.497,1.2419
149,-15.884,18.497,1.2419
334,-13.0468,7.3092,1.41935
149,-13.0468,7.3092,1.41935
334,-18.4951,8.15129,2.85296
149,-18.4951,8.15129,2.85296
334,-18.6667,8.96907,3.25377
149,-18.6667,8.96907,3.25377
334,-13.0324,8.83941,1.68877
145,-13.0324,8.83941,1.68877
334,-11.6941,6.77556,2.14477
145,-11.6941,6.77556,2.14477
334,-12.3335,9.2836,0.877762
145,-12.3335,9.2836,0.877762
334,-13.5523,9.26028,1.70535
332,-13.5523,9.26028,1.70535
334,-19.6708,13.7679,2.55047
332,-19.6708,13.7679,2.55047
334,-16.3966,17.4996,3.00171
332,-16.3966,17.4996,3.00171
334,-14.7185,9.02133,1.63504
143,-14.7185,9.02133,1.63504
334,-19.3524,13.7939,2.32595
143,-19.3524,13.7939,2.32595
334,-14.3887,6.69803,1.85197
143,-14.3887,6.69803,1.85197
334,-19.654,14.0981,2.32631
143,-19.654,14.0981,2.32631
334,-16.9404,10.4682,2.39392
143,-16.9404,10.4682,2.39392
334,-16.6998,10.4768,2.34479
142,-16.6998,10.4768,2.34479
334,-16.7865,10.5591,2.34363
142,-16.7865,10.5591,2.34363
334,-18.8534,8.68679,2.30691
142,-18.8534,8.68679,2.30691
334,-16.6515,11.082,2.2101
140,-16.6515,11.082,2.2101
334,-16.9821,13.7877,2.15506
153,-16.9821,13.7877,2.15506
334,-16.2879,16.2389,0.721944
153,-16.2879,16.2389,0.721944
334,-16.564,14.3102,3.78329
331,-16.564,14.3102,3.78329
335,-12.6928,7.18881,2.62518
335,-12.9813,7.22358,1.64748
335,-12.9978,7.24732,1.63743
335,-13.0755,7.19892,1.71412
335,-13.0834,7.2384,1.74483
335,-13.1196,7.18105,1.71635
335,-13.0865,7.2506,1.74167
335,-12.8107,7.37943,1.14365
335,-13.1802,7.18704,1.85429
335,-13.1884,7.14811,1.78705
335,-12.8412,7.37943,1.14309
335,-13.1997,7.15257,1.78144
335,-13.2084,7.15611,1.81281
335,-13.1955,7.19186,1.83986
335,-13.1964,7.20516,1.85237
335,-12.9125,7.40449,1.35964
335,-12.9186,7.4151,1.35995
335,-12.9477,7.4488,1.4624
335,-12.9487,7.38655,1.33579
335,-12.8997,7.36882,1.14635
335,-13.0399,7.25161,1.34549
335,-13.0658,7.33612,1.57275
335,-12.9189,7.37928,1.19987
335,-12.9142,7.3447,1.11658
335,-13.0191,7.35004,1.41966
335,-13.0265,7.34855,1.41903
335,-12.9562,7.31241,1.13007
335,-13.3399,7.07476,1.83265
335,-13.0281,7.35452,1.41396
335,-13.1844,7.12943,1.43739
335,-13.0765,7.23912,1.31903
335,-13.0821,7.23444,1.31732
335,-13.195,7.14812,1.48039
335,-13.0983,7.21837,1.32014
335,-13.2311,7.12097,1.51067
335,-13.0898,7.37488,1.56824
335,-13.1705,7.12482,1.32901
335,-13.1717,7.16552,1.39927
335,-13.242,7.1176,1.51199
335,-13.0912,7.38253,1.55929
335,-13.1928,6.95519,1.02164
335,-13.086,7.27504,1.31029
335,-13.18,7.1718,1.39234
335,-13.0777,7.29324,1.30945
335,-13.2227,7.09005,1.35272
335,-13.2262,7.09314,1.35008
335,-13.2326,7.08834,1.35498
335,-13.1801,7.18987,1.38449
335,-13.2333,7.11151,1.33427
335,-13.0322,7.30396,1.08542
335,-13.1909,7.21239,1.37311
335,-13.297,6.88434,1.02649
335,-12.9327,7.52196,1.11939
335,-13.1858,7.12426,1.11598
335,-13.3033,6.9119,1.03557
335,-13.344,7.07892,1.47948
335,-13.2207,7.08388,1.10212
335,-13.3082,6.91173,1.02757
335,-13.0007,7.59572,1.40481
335,-13.2275,7.09849,1.09173
335,-13.2753,7.04471,1.08043
335,-12.9524,7.65561,1.21361
335,-13.2898,7.07119,1.10259
335,-13.1275,7.60688,1.58626
335,-13.3166,7.09221,1.07771
335,-13.1467,7.61859,1.57637
335,-12.9678,7.68362,1.14305
335,-13.2096,7.64912,1.74803
335,-13.463,6.82434,0.913471
335,-13.442,6.94617,1.02482
335,-13.3733,7.09605,1.09954
335,-13.4553,7.03684,1.10272
335,-12.8567,7.90379,0.898963
335,-13.4847,7.04957,1.08272
335,-12.5716,8.37697,0.85405
335,-12.5913,8.38036,0.85437
335,-12.6332,8.35642,0.880234
335,-13.597,7.43639,2.04644
335,-13.8932,7.04619,2.04645
335,-13.9049,7.04773,2.04274
335,-13.9363,7.14913,2.01123
335,-13.9265,7.17767,2.00474
335,-12.7658,8.46282,0.886503
335,-13.6626,7.15237,1.08474
335,-12.8157,8.38549,0.875423
335,-12.8155,8.38726,0.874936
335,-13.6961,7.13445,1.06908
335,-14.2193,6.73674,1.88577
335,-13.6831,7.1664,1.06133
335,-13.9535,6.95175,1.46283
335,-13.6768,7.17985,1.05248
335,-13.6874,7.16651,1.05334
335,-14.2485,6.74521,1.88314
335,-13.8155,6.96894,0.988666
335,-13.086,8.17271,1.08995
335,-12.8301,8.53865,1.0007
335,-12.8017,8.51667,0.832851
335,-13.865,6.98486,1.10039
335,-12.8911,8.84454,1.70715
335,-13.1436,8.1715,1.15177
335,-14.3124,6.72604,1.89898
335,-12.9202,8.40431,0.875238
335,-12.8538,8.57961,0.973253
335,-13.1092,8.24747,1.09761
335,-12.5717,8.89617,0.701499
335,-13.093,8.26622,1.06706
335,-12.6229,8.82528,0.710706
335,-13.0778,8.29554,1.06676
335,-12.913,8.88737,1.68102
335,-12.9597,8.4001,0.875988
335,-13.1329,8.27102,1.13854
335,-13.1012,8.3009,1.08192
335,-12.9885,8.39087,0.881029
335,-13.0501,8.77364,1.72194
335,-12.5898,9.2142,1.14357
335,-12.8518,8.63311,0.757725
335,-13.131,8.38316,1.09417
335,-12.6729,9.17052,1.18187
335,-12.9832,8.59363,0.995599
335,-13.0968,8.44112,1.0321
335,-14.4983,6.63916,1.81635
335,-13.1582,8.39202,1.10887
335,-13.1035,8.4478,1.00894
335,-12.502,9.32713,0.846706
335,-14.4465,6.98046,2.16644
335,-14.4426,7.00255,2.15213
335,-14.5653,6.58927,1.69781
335,-13.1328,8.92579,1.81622
335,-14.4662,6.95792,2.07763
335,-13.0262,8.9725,1.55564
335,-14.5271,6.62786,1.58603
335,-14.4453,7.03477,2.09578
335,-12.9403,9.08161,1.45538
335,-13.1393,8.95978,1.82012
335,-13.0484,8.66681,0.952183
335,-13.1216,8.61221,1.03804
335,-13.0544,8.68119,0.951529
335,-13.0565,8.68447,0.945479
335,-13.0176,8.99381,1.40575
335,-13.0162,8.96378,1.3289
335,-12.9988,8.86248,1.05728
335,-14.5106,6.70736,1.50014
335,-13.1073,8.97968,1.61108
335,-13.222,8.87402,1.70106
335,-13.0068,9.03839,1.35139
335,-13.1727,8.94583,1.65839
335,-14.6306,6.58962,1.53078
335,-13.0182,9.07084,1.3874
335,-14.5924,6.60966,1.42508
335,-14.7321,6.48779,1.57599
335,-13.0252,9.08312,1.375
335,-12.8838,9.41994,1.57136
335,-14.7511,6.42563,1.35005
335,-13.0722,9.40043,1.93581
335,-13.1711,8.96506,1.3816
335,-13.1394,8.83501,1.01295
335,-14.595,6.76752,1.4446
335,-13.1889,8.76337,1.00736
335,-13.0654,9.01223,1.06289
335,-13.3627,8.87635,1.69936
335,-13.197,8.98708,1.37655
335,-13.7244,8.42617,1.83111
335,-13.1237,9.42517,1.93108
335,-13.119,9.44975,1.92997
335,-12.9537,9.5282,1.56451
335,-13.3939,8.92574,1.67389
335,-13.4456,8.6222,1.10295
335,-14.5566,6.98368,1.32193
335,-14.5549,6.98959,1.3215
335,-13.4217,8.96456,1.66455
335,-13.6466,8.7108,1.7985
335,-14.685,6.89155,1.40298
335,-14.5081,6.77609,0.626591
335,-14.4414,6.91288,0.66328
335,-14.6332,7.00332,1.30263
335,-14.5408,6.76355,0.52966
335,-13.7334,8.67155,1.75899
335,-13.8988,8.47671,1.84061
335,-13.5097,9.24632,2.046
335,-14.729,6.54266,0.332587
335,-13.5042,8.94068,1.06912
335,-13.5134,8.94643,1.07263
335,-13.6244,8.80749,1.14226
335,-14.7802,6.54456,0.284184
335,-13.38,9.19844,1.03066
335,-14.1167,8.60764,2.12475
335,-14.5934,7.04069,0.305986
335,-14.2344,8.54031,1.76455
335,-14.2358,8.52471,1.71602
335,-14.2467,8.52152,1.73107
335,-14.2457,8.54969,1.76547
335,-14.2256,8.77805,2.11997
335,-14.2087,8.79823,2.09798
335,-14.2784,8.56296,1.79815
335,-14.3243,8.46876,1.70165
335,-15.2077,6.45327,0.436505
335,-14.747,7.05961,0.196167
335,-14.1854,8.92974,2.08242
335,-14.2605,8.53403,1.49048
335,-14.3769,8.50465,1.76569
335,-14.2577,8.92829,2.15326
335,-14.3785,8.69015,2.03146
335,-15.9669,6.32021,2.28013
335,-14.4684,8.4053,1.69305
335,-14.2377,8.97578,2.07985
335,-14.3793,8.86841,1.46425
335,-15.5267,6.4419,0.253174
335,-14.3785,8.82501,1.26853
335,-14.3738,8.83059,1.25576
335,-14.4346,8.94453,1.4233
335,-17.3167,5.74116,0.722842
335,-17.3163,5.75153,0.711427
335,-16.742,6.10957,-0.391356
335,-17.182,6.92061,2.3479
335,-16.7211,6.30039,-0.393676
335,-17.4039,6.16128,1.24631
335,-17.4337,6.33625,1.52462
335,-16.963,6.29427,-0.530355
335,-17.4127,6.2539,0.665204
335,-17.4528,6.17975,0.522153
335,-17.4565,6.24706,0.643684
335,-17.4988,6.16792,0.552621
335,-17.0244,8.00085,2.26903
335,-17.0789,7.96776,2.25346
335,-16.9449,8.62558,2.91806
335,-16.8298,8.57824,2.34281
335,-16.9497,8.62835,2.71326
335,-17.2091,7.97042,2.19599
335,-14.7644,10.9278,0.299603
335,-17.0264,8.66066,2.71995
335,-17.0816,8.86932,2.37576
335,-17.3042,8.97053,2.73023
335,-15.3703,11.955,2.40112
335,-16.6973,10.1904,2.74436
335,-16.6159,11.9357,-0.225129
334,-16.6159,11.9357,-0.225129
335,-21.1811,11.8633,2.96019
334,-21.1811,11.8633,2.96019
335,-13.037,7.2396,1.34676
334,-13.037,7.2396,1.34676
335,-14.1454,7.30804,1.53679
334,-14.1454,7.30804,1.53679
335,-13.9689,8.94938,1.67563
334,-13.9689,8.94938,1.67563
335,-16.5845,12.2078,3.50299
334,-16.5845,12.2078,3.50299
335,-19.6021,14.0157,2.27448
334,-19.6021,14.0157,2.27448
335,-21.2,12.1395,3.19598
334,-21.2,12.1395,3.19598
335,-27.473,11.6749,5.42071
334,-27.473,11.6749,5.42071
335,-16.7216,10.3465,2.34436
334,-16.7216,10.3465,2.34436
335,-12.8784,8.65782,0.740083
334,-12.8784,8.65782,0.740083
335,-17.3858,10.819,2.31875
334,-17.3858,10.819,2.31875
335,-12.9336,7.396,1.1826
334,-12.9336,7.396,1.1826
335,-16.6735,14.4939,3.99571
334,-16.6735,14.4939,3.99571
335,-16.6068,14.2843,2.11757
334,-16.6068,14.2843,2.11757
335,-13.334,7.07121,1.83602
334,-13.334,7.07121,1.83602
335,-17.3328,12.8383,2.94881
334,-17.3328,12.8383,2.94881
335,-16.3855,12.0866,2.37853
334,-16.3855,12.0866,2.37853
335,-29.3576,12.2843,5.74216
334,-29.3576,12.2843,5.74216
335,-13.0422,9.29016,1.52321
334,-13.0422,9.29016,1.52321
335,-34.2382,12.3427,5.5096
334,-34.2382,12.3427,5.5096
335,-17.1119,12.7777,-0.159448
334,-17.1119,12.7777,-0.159448
335,-12.9239,9.03576,1.62272
334,-12.9239,9.03576,1.62272
335,-18.7013,8.98486,3.26497
334,-18.7013,8.98486,3.26497
335,-12.8935,7.38226,1.364
147,-12.8935,7.38226,1.364
335,-13.2979,7.08025,1.89202
147,-13.2979,7.08025,1.89202
335,-19.3108,8.61416,2.47588
147,-19.3108,8.61416,2.47588
335,-14.175,9.41678,0.308461
147,-14.175,9.41678,0.308461
335,-17.9693,9.61804,2.15957
147,-17.9693,9.61804,2.15957
335,-12.8736,8.84033,0.839599
147,-12.8736,8.84033,0.839599
335,-16.7941,12.1272,-0.322141
147,-16.7941,12.1272,-0.322141
335,-21.0774,15.2905,2.98903
147,-21.0774,15.2905,2.98903
335,-13.1769,7.06088,1.12878
147,-13.1769,7.06088,1.12878
335,-14.4189,6.62125,1.41092
147,-14.4189,6.62125,1.41092
335,-25.7969,6.57591,3.71524
147,-25.7969,6.57591,3.71524
335,-16.3338,16.398,2.36702
147,-16.3338,16.398,2.36702
335,-14.4763,6.57204,1.73967
147,-14.4763,6.57204,1.73967
335,-12.7806,7.7411,0.919948
146,-12.7806,7.7411,0.919948
335,-12.8864,7.87511,0.920512
146,-12.8864,7.87511,0.920512
335,-12.9113,7.89943,0.900434
146,-12.9113,7.89943,0.900434
335,-21.1721,15.4352,2.87577
146,-21.1721,15.4352,2.87577
335,-19.4725,8.14967,2.61367
146,-19.4725,8.14967,2.61367
335,-19.4912,8.62543,3.34946
146,-19.4912,8.62543,3.34946
335,-13.0461,8.24098,1.10066
146,-13.0461,8.24098,1.10066
335,-12.8871,9.21559,1.56484
146,-12.8871,9.21559,1.56484
335,-27.9114,6.6369,3.85421
146,-27.9114,6.6369,3.85421
335,-14.6349,6.83403,2.03104
146,-14.6349,6.83403,2.03104
335,-14.66,8.66157,1.50854
146,-14.66,8.66157,1.50854
335,-14.8025,6.44121,1.33965
146,-14.8025,6.44121,1.33965
335,-16.363,11.9323,0.187882
146,-16.363,11.9323,0.187882
335,-14.8188,6.45807,1.33195
146,-14.8188,6.45807,1.33195
335,-17.0578,11.7461,2.1968
333,-17.0578,11.7461,2.1968
335,-14.1305,8.65251,1.80467
333,-14.1305,8.65251,1.80467
335,-13.0972,8.27701,1.11514
333,-13.0972,8.27701,1.11514
335,-12.6392,8.85228,0.693286
333,-12.6392,8.85228,0.693286
335,-15.9661,16.5336,2.7008
333,-15.9661,16.5336,2.7008
335,-12.8325,7.80206,0.877512
145,-12.8325,7.80206,0.877512
335,-17.6621,10.1633,2.33431
145,-17.6621,10.1633,2.33431
335,-13.6118,6.56011,0.858199
145,-13.6118,6.56011,0.858199
335,-14.9907,6.83236,1.7637
145,-14.9907,6.83236,1.7637
335,-17.5016,10.0532,2.35524
145,-17.5016,10.0532,2.35524
335,-16.8249,14.2963,2.28147
145,-16.8249,14.2963,2.28147
335,-13.0653,9.24905,1.29416
145,-13.0653,9.24905,1.29416
335,-16.6907,18.4477,0.457916
145,-16.6907,18.4477,0.457916
335,-14.6204,6.59429,1.44423
145,-14.6204,6.59429,1.44423
335,-17.0022,7.02397,2.35865
145,-17.0022,7.02397,2.35865
335,-14.6068,8.94986,1.17569
145,-14.6068,8.94986,1.17569
335,-15.097,6.86021,1.72677
143,-15.097,6.86021,1.72677
335,-12.1369,6.53583,2.27266
143,-12.1369,6.53583,2.27266
335,-13.4115,8.90184,1.69328
143,-13.4115,8.90184,1.69328
335,-12.6393,8.31807,1.70767
143,-12.6393,8.31807,1.70767
335,-14.2152,8.78572,2.11149
142,-14.2152,8.78572,2.11149
335,-16.648,13.8459,2.33434
332,-16.648,13.8459,2.33434
335,-13.3099,9.20047,2.0808
332,-13.3099,9.20047,2.0808
335,-16.4509,9.34421,2.24686
140,-16.4509,9.34421,2.24686
335,-18.62,8.64106,2.83652
140,-18.62,8.64106,2.83652
335,-13.2294,7.31345,1.63457
140,-13.2294,7.31345,1.63457
336,-11.8882,6.06067,2.60171
336,-11.9088,6.09195,2.57169
336,-12.0452,5.97148,2.57683
336,-11.9507,6.21492,2.57747
336,-12.0455,6.1504,2.18311
336,-12.2324,6.05141,2.58221
336,-12.2389,6.30265,2.5734
336,-12.2479,6.30803,2.57204
336,-12.2961,6.47516,2.61605
336,-12.8157,6.21433,2.20603
336,-13.1142,5.66501,2.06931
336,-13.1687,5.65816,2.0522
336,-13.0992,5.73834,1.92715
336,-13.07,5.71603,1.77252
336,-13.0754,5.72487,1.79596
336,-13.1298,5.7117,1.94355
336,-13.0855,5.72347,1.76321
336,-13.0878,5.72712,1.76525
336,-13.1441,5.71682,1.93013
336,-13.2194,5.71813,1.85429
336,-12.7509,7.10347,1.82629
336,-13.407,5.87237,1.58734
336,-12.7549,7.12688,1.82506
336,-13.4271,5.86499,1.55594
336,-13.445,5.86912,1.55405
336,-13.4452,5.877,1.55664
336,-13.445,5.87864,1.55816
336,-13.6664,5.72157,1.96885
336,-13.6286,5.77456,1.92002
336,-13.6782,5.72435,1.96661
336,-13.6478,5.76162,1.91303
336,-12.7954,7.16416,1.80017
336,-13.683,5.75986,1.90375
336,-13.6881,5.76388,1.91245
336,-12.8118,7.1872,1.78582
336,-12.8557,7.25217,1.7523
336,-12.82,7.21964,1.46251
336,-12.9128,7.20551,1.68475
336,-12.6633,7.45204,1.21909
336,-12.9384,7.21655,1.65595
336,-12.9522,7.03421,1.23064
336,-13.3138,6.39646,1.15289
336,-12.8546,7.32642,1.41126
336,-13.0802,7.25763,1.99897
336,-13.0002,7.33999,1.8856
336,-13.3374,6.39066,1.1492
336,-12.8638,7.33514,1.40334
336,-13.3024,6.46555,1.1515
336,-13.0887,7.28012,1.99943
336,-13.3009,6.48992,1.14905
336,-13.0304,7.36304,1.86989
336,-13.0465,7.36904,1.87612
336,-13.4464,6.30493,1.09334
336,-13.1157,7.33975,1.97023
336,-13.4346,6.35528,1.09978
336,-13.442,6.3568,1.09962
336,-13.3835,6.46785,1.12212
336,-13.1383,7.32589,1.97953
336,-13.0705,7.3906,1.87104
336,-13.1358,7.34112,1.9888
336,-12.9133,7.40839,1.37139
336,-13.1523,7.35915,2.00868
336,-13.1371,7.37308,1.96351
336,-13.4199,6.4614,1.10517
336,-13.214,6.97385,1.24134
336,-13.1942,7.41782,1.98478
336,-13.1781,7.43872,1.95526
336,-13.1067,7.5149,1.8457
336,-13.1793,7.14122,1.3193
336,-13.1133,7.52304,1.83914
336,-13.1882,7.14781,1.31631
336,-13.2044,7.45588,1.96119
336,-13.2454,6.97172,1.12999
336,-13.2234,7.44833,1.97143
336,-12.9876,7.50735,1.30195
336,-12.9983,7.48021,1.13359
336,-13.305,7.21398,1.49278
336,-12.9873,7.68566,1.32224
336,-12.5648,8.43926,1.36636
336,-13.3084,7.16538,1.29472
336,-13.2074,7.46842,1.52643
336,-13.0068,7.7097,1.31964
336,-13.0525,7.66054,1.36664
336,-13.4714,7.1808,1.81288
336,-13.5231,7.04095,1.58406
336,-13.2572,7.43223,1.45539
336,-13.4317,6.92654,1.03125
336,-13.0764,7.69937,1.3454
336,-13.4002,7.36721,1.76051
336,-13.5082,7.18795,1.76064
336,-13.3259,7.44015,1.57665
336,-13.0445,7.76993,1.27804
336,-13.5276,6.90759,1.16304
336,-13.5297,6.90865,1.16751
336,-12.7943,8.62897,1.96795
336,-13.5132,7.21487,1.56632
336,-13.5846,6.90329,1.13973
336,-13.0495,7.79901,1.04601
336,-13.4488,7.10645,0.956863
336,-13.1018,7.84176,1.13755
336,-13.6953,7.16023,1.71645
336,-13.6283,7.28311,1.72925
336,-13.0817,7.85601,1.02424
336,-12.6615,8.68504,1.24487
336,-13.4679,7.47292,1.52084
336,-13.7166,7.19559,1.77967
336,-13.7232,7.19969,1.78332
336,-12.8757,8.75517,1.90616
336,-13.1274,7.93076,1.11279
336,-13.0071,8.1649,1.15471
336,-13.0264,8.21741,1.12126
336,-13.7434,6.951,1.019
336,-13.7207,6.9091,0.837406
336,-13.5772,7.14742,0.824235
336,-13.0493,8.24747,1.18221
336,-13.0742,8.18372,1.13238
336,-13.5851,7.15332,0.810226
336,-13.1495,7.93347,0.883392
336,-13.0692,8.21253,1.15663
336,-13.7352,7.06874,1.11323
336,-13.7349,7.06863,1.11203
336,-13.0774,8.21115,1.15268
336,-13.1429,8.5289,1.9229
336,-13.7486,7.06674,1.04917
336,-13.8409,6.96627,1.1429
336,-13.789,7.04064,1.11615
336,-13.7214,7.1357,1.06544
336,-13.1862,8.05937,1.09321
336,-13.8022,7.02894,1.11476
336,-13.8515,6.97141,1.16092
336,-13.8655,6.97807,1.12314
336,-13.7527,7.14195,1.0539
336,-13.8677,6.98605,1.12815
336,-13.2111,8.07815,1.08157
336,-13.8738,6.98521,1.11903
336,-13.6462,7.1955,0.76235
336,-12.9452,8.4375,0.85821
336,-13.8887,6.98335,1.10985
336,-13.7216,7.53663,1.54891
336,-13.7287,7.54435,1.52478
336,-14.2789,6.95082,2.11739
336,-13.1717,8.29361,1.01981
336,-14.3013,6.9573,2.10785
336,-14.2252,6.72648,1.40092
336,-13.2554,8.08095,0.768609
336,-13.2265,8.29282,1.07423
336,-14.3676,6.58892,1.43508
336,-12.9461,8.88816,1.13482
336,-14.3506,6.71446,1.52549
336,-14.393,6.5938,1.42629
336,-13.121,8.43754,0.792287
336,-14.3516,6.71332,1.44754
336,-12.9439,9.24759,1.70429
336,-14.5176,6.63953,1.81478
336,-14.4701,6.61448,1.60063
336,-14.374,6.68559,1.4085
336,-14.4702,6.59201,1.40411
336,-13.4874,8.63918,2.12971
336,-14.4883,6.58904,1.40094
336,-14.4679,6.66949,1.47159
336,-14.5474,6.73846,1.7835
336,-14.3032,6.70687,0.877751
336,-14.6289,6.54127,1.61323
336,-14.6567,6.56261,1.71023
336,-14.518,6.61127,1.34324
336,-14.6459,6.54187,1.61836
336,-14.6477,6.54073,1.61976
336,-14.5956,6.5967,1.44124
336,-14.4323,6.80719,1.3024
336,-14.5931,6.97845,2.06816
336,-14.6346,6.96381,2.09953
336,-14.2683,7.02623,0.970556
336,-14.4038,6.70555,0.636811
336,-14.7955,6.75821,1.90348
336,-13.2932,9.1757,1.59967
336,-14.8087,6.76075,1.89926
336,-14.4498,6.72377,0.596772
336,-14.5314,6.97247,1.33865
336,-14.8795,6.72099,1.88928
336,-14.3144,7.56977,1.58048
336,-14.8916,6.78501,1.89348
336,-13.314,9.2037,1.28814
336,-13.2465,9.40755,1.40928
336,-14.6514,6.61244,0.579779
336,-13.3511,9.26952,1.26555
336,-13.1846,9.35643,0.884922
336,-13.6115,8.79002,1.16825
336,-13.6118,8.80087,1.16594
336,-13.215,9.65113,1.50426
336,-13.566,8.86929,1.13016
336,-13.6305,8.8028,1.14921
336,-14.6727,6.77825,0.649741
336,-14.7304,6.63122,0.541444
336,-13.6306,8.80937,1.14584
336,-13.6156,8.83573,1.13148
336,-13.2264,9.51431,1.14266
336,-13.1968,9.29679,0.587269
336,-13.638,8.83274,1.13623
336,-13.3136,9.49631,1.33003
336,-13.6487,8.83105,1.1357
336,-13.2881,9.49387,1.22386
336,-13.6495,8.84209,1.13348
336,-15.1488,6.47749,1.44853
336,-14.7837,6.66022,0.595848
336,-14.5535,6.99206,0.34097
336,-14.5733,7.00741,0.334912
336,-13.36,9.31163,0.790838
336,-13.4604,9.62421,1.68529
336,-14.0895,8.80954,2.10513
336,-13.4498,9.67147,1.63915
336,-14.1047,8.81356,2.10346
336,-14.2248,8.49632,1.7482
336,-13.5214,9.64839,1.65224
336,-13.4758,9.31304,0.723081
336,-13.4831,9.30539,0.721312
336,-14.168,8.88036,2.14734
336,-13.4859,9.32968,0.708529
336,-14.2085,8.87792,2.16893
336,-14.2182,8.89132,2.17063
336,-14.2328,8.86934,2.14349
336,-14.2321,8.88751,2.13213
336,-14.7833,7.26024,0.664989
336,-13.564,9.82888,1.62893
336,-14.801,7.25351,0.667366
336,-14.2935,8.90936,2.10961
336,-13.5986,9.8649,1.60617
336,-14.3264,8.91718,2.08416
336,-14.764,7.7723,1.27517
336,-15.985,5.97216,1.77496
336,-14.3802,8.95759,2.08349
336,-14.5671,8.81724,1.72431
336,-14.5706,8.81835,1.72349
336,-14.6015,8.83594,1.72509
336,-14.6377,8.94145,1.9957
336,-14.6307,8.87516,1.71545
336,-14.7209,9.02622,1.97662
336,-15.6853,6.51701,0.191812
336,-15.9198,6.57894,0.992672
336,-15.7093,6.52889,0.166247
336,-16.1225,6.94555,2.30993
336,-13.9702,9.90848,0.67336
336,-15.7832,6.54903,0.115436
336,-16.278,7.15757,2.50926
336,-16.4255,7.19925,2.50855
336,-16.4638,7.03713,2.29007
336,-14.6546,9.9004,1.42137
336,-17.0645,6.07323,1.31515
336,-16.6706,6.6666,0.943065
336,-16.7003,7.34239,2.24224
336,-17.1123,6.86482,2.39989
336,-15.3417,9.60339,1.5813
336,-15.7269,8.40127,-0.00259566
336,-15.4488,9.70833,1.51655
336,-17.3981,6.91438,2.50698
336,-17.0395,6.72701,0.823486
336,-17.0098,6.77001,0.774384
336,-17.3652,6.17454,0.568067
336,-17.3975,6.17653,0.553554
336,-17.1475,6.73241,0.692627
336,-17.1771,6.75102,0.680477
336,-17.518,7.12029,2.47398
336,-17.1486,6.63325,-0.0740709
336,-17.2216,6.64032,0.109456
336,-17.2351,6.63216,0.105547
336,-17.1837,6.64904,-0.0664241
336,-16.9807,8.56104,2.95704
336,-17.1999,6.63048,-0.0923955
336,-16.7628,8.65469,2.35784
336,-17.22,6.72675,0.105827
336,-17.3554,6.6608,0.0469623
336,-17.3822,8.11957,2.79924
336,-16.8956,8.7306,2.35228
336,-17.6177,6.61541,0.580412
336,-15.6446,10.3849,1.34369
336,-16.5487,8.30908,0.169863
336,-18.2718,6.11795,1.5382
336,-16.5849,8.33494,0.221343
336,-18.4373,6.18207,2.14244
336,-17.8099,7.57603,2.46762
336,-16.6475,8.37399,0.154562
336,-16.295,8.82752,-0.242523
336,-16.615,8.53461,0.0637531
336,-16.7959,8.45452,0.0983844
336,-17.6064,8.89394,3.0477
336,-16.9258,8.51681,0.0499308
336,-16.6464,10.416,2.78958
336,-17.0197,9.69377,2.36633
336,-16.738,10.512,2.7908
336,-19.0802,8.85205,2.78606
335,-19.0802,8.85205,2.78606
336,-17.1388,10.6795,2.3308
335,-17.1388,10.6795,2.3308
336,-13.0676,7.39912,1.02969
335,-13.0676,7.39912,1.02969
336,-18.7598,8.20916,3.06481
335,-18.7598,8.20916,3.06481
336,-18.7009,8.36552,3.28137
335,-18.7009,8.36552,3.28137
336,-13.1513,8.1533,1.10028
335,-13.1513,8.1533,1.10028
336,-13.1689,9.10263,1.57411
335,-13.1689,9.10263,1.57411
336,-12.8803,7.41233,1.15379
335,-12.8803,7.41233,1.15379
336,-28.6254,12.0483,5.6411
335,-28.6254,12.0483,5.6411
336,-35.4185,6.92503,4.45589
335,-35.4185,6.92503,4.45589
336,-14.8685,6.69746,1.24561
335,-14.8685,6.69746,1.24561
336,-13.1889,9.38941,1.26727
335,-13.1889,9.38941,1.26727
336,-12.6129,7.07094,2.79155
335,-12.6129,7.07094,2.79155
336,-14.6047,6.86727,1.43826
335,-14.6047,6.86727,1.43826
336,-31.1156,6.75445,4.10906
335,-31.1156,6.75445,4.10906
336,-14.5319,6.54397,1.49709
335,-14.5319,6.54397,1.49709
336,-14.1535,7.75162,2.67234
334,-14.1535,7.75162,2.67234
336,-18.0515,8.00336,2.1551
334,-18.0515,8.00336,2.1551
336,-14.1672,7.75804,2.67358
334,-14.1672,7.75804,2.67358
336,-16.6105,14.2773,2.37773
334,-16.6105,14.2773,2.37773
336,-19.0769,8.74388,2.29739
334,-19.0769,8.74388,2.29739
336,-14.2127,6.72292,1.7575
146,-14.2127,6.72292,1.7575
336,-16.731,8.27544,2.31785
146,-16.731,8.27544,2.31785
336,-13.7472,8.82866,1.80054
146,-13.7472,8.82866,1.80054
336,-13.3145,7.12472,1.93468
146,-13.3145,7.12472,1.93468
336,-13.7012,8.78296,1.81973
146,-13.7012,8.78296,1.81973
336,-17.2424,8.80023,2.33313
146,-17.2424,8.80023,2.33313
336,-14.1841,6.71652,1.76708
146,-14.1841,6.71652,1.76708
336,-17.8777,6.2263,0.583728
146,-17.8777,6.2263,0.583728
336,-16.1422,6.45011,1.05087
146,-16.1422,6.45011,1.05087
336,-13.5709,7.15288,1.24662
146,-13.5709,7.15288,1.24662
336,-15.3851,8.13379,2.50308
146,-15.3851,8.13379,2.50308
336,-14.0292,6.99554,1.79635
145,-14.0292,6.99554,1.79635
336,-13.5751,6.99321,1.82754
145,-13.5751,6.99321,1.82754
336,-14.571,8.38158,1.75791
145,-14.571,8.38158,1.75791
336,-14.5375,8.35696,1.76148
145,-14.5375,8.35696,1.76148
336,-17.0834,6.31255,1.57775
145,-17.0834,6.31255,1.57775
336,-14.4873,8.32174,1.7815
145,-14.4873,8.32174,1.7815
336,-14.4952,8.57194,1.71269
145,-14.4952,8.57194,1.71269
336,-14.7806,8.53182,1.70566
145,-14.7806,8.53182,1.70566
336,-18.7031,8.17633,3.2803
142,-18.7031,8.17633,3.2803
336,-13.5614,7.10492,1.75947
142,-13.5614,7.10492,1.75947
336,-18.8436,11.6306,2.74399
142,-18.8436,11.6306,2.74399
336,-18.6127,11.6114,2.81994
142,-18.6127,11.6114,2.81994
336,-17.7678,12.0364,2.76261
142,-17.7678,12.0364,2.76261
336,-16.5412,12.1243,2.30395
142,-16.5412,12.1243,2.30395
336,-13.9194,8.18941,1.8437
142,-13.9194,8.18941,1.8437
336,-16.822,9.77375,2.29923
143,-16.822,9.77375,2.29923
336,-13.8262,8.86175,1.71637
143,-13.8262,8.86175,1.71637
336,-12.9243,8.3718,1.18495
143,-12.9243,8.3718,1.18495
336,-14.4923,6.62893,1.82382
143,-14.4923,6.62893,1.82382
336,-16.5472,10.6348,2.31011
140,-16.5472,10.6348,2.31011
336,-18.5112,8.81138,2.71993
140,-18.5112,8.81138,2.71993
336,-16.6123,14.2867,2.1361
333,-16.6123,14.2867,2.1361
336,-16.2336,15.4167,2.48781
333,-16.2336,15.4167,2.48781
336,-13.2632,7.25721,1.63081
139,-13.2632,7.25721,1.63081
336,-13.0343,7.19334,1.1394
139,-13.0343,7.19334,1.1394
336,-16.5911,12.1366,2.33881
139,-16.5911,12.1366,2.33881
336,-18.5783,8.10838,2.90559
139,-18.5783,8.10838,2.90559
336,-16.1272,13.6143,2.56971
139,-16.1272,13.6143,2.56971
336,-18.7679,8.68629,2.85425
136,-18.7679,8.68629,2.85425
336,-18.7214,8.4396,3.05773
136,-18.7214,8.4396,3.05773
336,-30.7802,5.15228,5.40941
136,-30.7802,5.15228,5.40941
336,-13.3854,5.61003,1.77845
136,-13.3854,5.61003,1.77845
336,-16.5107,14.2328,3.95543
332,-16.5107,14.2328,3.95543
337,-12.3673,5.99182,2.54785
337,-13.3184,5.41248,1.74125
337,-13.3242,5.40869,1.73759
337,-13.3419,5.38542,1.74168
337,-13.3472,5.40466,1.74424
337,-13.3512,5.40986,1.74304
337,-13.3008,5.53607,1.8089
337,-13.428,5.34832,1.88133
337,-13.3069,5.52861,1.80012
337,-13.303,5.54443,1.80466
337,-13.4351,5.32826,1.83919
337,-13.2347,5.59276,1.63731
337,-13.2992,5.68623,1.63749
337,-13.3095,5.69852,1.6297
337,-13.3092,5.71068,1.63335
337,-13.3177,5.70709,1.62861
337,-13.2644,5.76018,1.46071
337,-13.5047,5.61421,1.93137
337,-13.4503,5.69357,1.79549
337,-13.5677,5.63415,1.91337
337,-13.5588,5.78891,1.74844
337,-13.5556,5.80122,1.70378
337,-13.5801,5.80236,1.71987
337,-13.7012,5.71542,1.96254
337,-13.5867,5.79899,1.72206
337,-13.7185,5.71514,1.94904
337,-13.4989,5.88729,1.43956
337,-13.0506,7.07776,1.60886
337,-13.0115,7.1032,1.48947
337,-13.3979,6.26786,1.15104
337,-13.0693,7.08957,1.59901
337,-13.0354,7.17224,1.61228
337,-13.0332,7.11667,1.4785
337,-13.0145,7.148,1.38822
337,-13.0901,7.19481,1.74327
337,-13.1625,7.15391,1.87235
337,-13.1032,7.21004,1.73378
337,-13.3705,6.42812,1.13099
337,-13.0558,7.15943,1.45415
337,-13.055,7.16063,1.45373
337,-13.1729,7.16129,1.87036
337,-13.1729,7.16396,1.86757
337,-13.034,7.16467,1.37251
337,-12.9083,7.34825,1.2181
337,-13.0535,7.27427,1.583
337,-13.0851,7.15564,1.44272
337,-12.9112,7.35773,1.21453
337,-13.2068,7.12131,1.78182
337,-13.2067,7.12192,1.77765
337,-13.0843,7.13028,1.35352
337,-13.0721,7.19495,1.43335
337,-13.086,7.13959,1.35001
337,-12.9015,7.35431,1.11929
337,-12.9089,7.349,1.12163
337,-12.9296,7.43662,1.35754
337,-13.2086,7.1865,1.84949
337,-13.2072,7.15814,1.78844
337,-13.3689,6.52432,1.08236
337,-13.0915,7.17382,1.34835
337,-13.1563,7.07872,1.36966
337,-13.1905,7.05062,1.38339
337,-13.0933,7.20704,1.34703
337,-13.1786,7.07231,1.36482
337,-13.3299,7.04657,1.83386
337,-13.2009,7.04654,1.37847
337,-13.3291,7.09947,1.91159
337,-13.0551,7.19302,1.12682
337,-13.3326,7.07147,1.8659
337,-13.1499,7.33246,1.72598
337,-13.1489,7.33198,1.71589
337,-13.2801,7.06739,1.64862
337,-13.0872,7.37544,1.55118
337,-13.2904,7.06466,1.64127
337,-13.3381,7.12091,1.91677
337,-13.3401,7.10633,1.89131
337,-13.3369,7.13027,1.92495
337,-13.3414,7.1044,1.88494
337,-12.9896,7.44153,1.30678
337,-13.2447,7.0957,1.51374
337,-13.2508,7.09421,1.52172
337,-13.2552,7.11014,1.5646
337,-13.1639,7.19404,1.39841
337,-13.431,6.98612,1.89418
337,-13.305,7.08401,1.63326
337,-13.2649,7.15133,1.5486
337,-13.272,7.14175,1.54935
337,-13.4502,7.0168,1.90655
337,-13.2098,7.06141,1.10657
337,-13.4584,7.02364,1.89919
337,-13.1047,7.51749,1.57316
337,-13.289,7.18348,1.54016
337,-13.2998,7.20017,1.53309
337,-13.13,7.63292,1.76212
337,-13.298,7.01551,1.08245
337,-13.5297,6.99202,1.84052
337,-13.5296,7.00059,1.85051
337,-13.1352,7.5599,1.55561
337,-13.5303,7.00364,1.84202
337,-13.1446,7.67108,1.74321
337,-13.2966,7.07776,1.0985
337,-13.1595,7.59838,1.53419
337,-13.3745,7.0054,1.10366
337,-13.3794,7.01823,1.10165
337,-13.5835,7.16049,2.06033
337,-13.4155,7.46089,2.02136
337,-13.6232,7.1874,2.05356
337,-13.6544,7.18326,2.04417
337,-13.4423,7.10616,1.11988
337,-13.4492,7.11305,1.11389
337,-13.7874,7.12162,2.04543
337,-13.6337,6.84893,0.902461
337,-13.8321,6.97787,1.85193
337,-13.8341,6.97983,1.85216
337,-14.0142,6.67927,1.8065
337,-13.8441,7.11606,2.04073
337,-13.9081,7.05601,2.04953
337,-13.5381,7.69462,1.98096
337,-13.9941,7.03012,2.04993
337,-13.6911,7.09425,1.10085
337,-13.6594,7.14693,1.08984
337,-13.0924,8.18888,1.13692
337,-13.1356,8.13248,1.16754
337,-13.0451,8.25405,1.07794
337,-13.1337,8.14308,1.16856
337,-13.1002,8.18607,1.08516
337,-13.1091,8.18355,1.08482
337,-13.8293,7.37538,2.00053
337,-13.8048,6.95043,1.00587
337,-13.0824,8.2986,1.09239
337,-14.0903,6.87061,1.82514
337,-14.0525,6.94971,1.83024
337,-14.1011,6.87127,1.82618
337,-13.8259,7.02994,1.12794
337,-13.1714,8.20567,1.12728
337,-13.8349,7.02604,1.12432
337,-14.2839,6.65133,1.89244
337,-13.1802,8.24448,1.11348
337,-14.2996,6.65753,1.88321
337,-13.8417,7.0804,1.07837
337,-14.3094,6.66187,1.88426
337,-13.8506,7.08198,1.08175
337,-14.3293,6.69429,1.95249
337,-14.348,6.70319,1.95975
337,-14.3622,6.67947,1.88761
337,-14.3629,6.62879,1.7573
337,-14.4327,6.60612,1.85912
337,-14.4162,6.61397,1.74658
337,-14.4435,6.61097,1.83483
337,-13.0768,8.67856,0.987116
337,-14.5056,6.58436,1.77657
337,-14.4094,6.97774,2.16639
337,-14.4307,6.95841,2.18447
337,-14.4117,6.99453,2.16548
337,-13.1627,8.7014,1.04327
337,-14.4377,6.98806,2.16885
337,-14.42,7.00798,2.08931
337,-14.5545,6.57912,1.70032
337,-14.4571,6.99464,2.16481
337,-14.5624,6.69119,1.93968
337,-14.4841,6.92503,2.09359
337,-14.5797,6.55999,1.57432
337,-14.6101,6.71125,1.94315
337,-14.476,7.06001,2.10628
337,-14.6211,6.5625,1.57198
337,-14.665,6.50224,1.51598
337,-14.6308,6.51705,1.39376
337,-14.6831,6.56768,1.58927
337,-14.61,6.60953,1.35776
337,-14.7766,6.40502,1.31343
337,-14.6748,6.66352,1.26454
337,-14.874,6.50374,1.57072
337,-14.6605,6.75348,1.29532
337,-14.6633,6.76873,1.29177
337,-14.907,6.51799,1.55359
337,-14.6724,6.82533,1.32107
337,-14.9192,6.46924,1.4872
337,-14.7012,6.78031,1.27885
337,-14.4481,6.89929,0.614406
337,-14.6925,6.82344,1.32127
337,-13.963,8.41838,1.861
337,-14.6774,6.83025,1.25793
337,-14.7001,6.83041,1.32081
337,-14.9543,6.46661,1.47234
337,-14.6821,6.84913,1.25301
337,-14.5983,6.62387,0.421246
337,-14.6115,6.60975,0.427698
337,-14.6588,6.60929,0.585005
337,-14.6943,6.89829,1.18309
337,-14.5913,6.75669,0.509469
337,-14.4968,6.83776,0.303151
337,-15.0029,6.52008,1.39897
337,-14.7218,6.92916,1.16709
337,-14.6191,6.72266,0.362682
337,-15.0357,6.52482,1.43974
337,-15.0245,6.52025,1.38744
337,-14.6237,6.7248,0.35268
337,-15.0363,6.54088,1.38757
337,-15.0484,6.54566,1.43241
337,-14.274,7.73911,1.04053
337,-15.0589,6.53956,1.43794
337,-14.7142,7.07169,1.25384
337,-13.79,9.15913,2.09333
337,-14.6498,6.73652,0.328847
337,-13.504,9.15999,1.04289
337,-14.5572,7.14259,0.790333
337,-14.7462,6.557,0.288131
337,-14.7501,6.56505,0.279491
337,-14.5439,6.94726,0.302979
337,-14.5752,7.14553,0.79639
337,-14.2161,8.39796,1.97257
337,-15.1078,6.54858,1.41497
337,-15.1083,6.56574,1.41512
337,-14.6047,7.16168,0.78347
337,-14.1807,8.75604,2.07357
337,-14.2412,8.78109,2.09716
337,-14.2448,8.80952,2.10388
337,-14.7157,7.2667,0.720948
337,-14.2448,8.85882,2.11034
337,-14.243,8.88633,2.13436
337,-14.4476,7.90642,0.917077
337,-14.2439,8.91677,2.16941
337,-14.2225,8.98613,2.09695
337,-14.4935,7.97813,0.869056
337,-15.4544,6.56338,1.34194
337,-15.5322,6.60944,1.31795
337,-14.8991,7.94315,0.836051
337,-16.3479,6.21099,2.264
337,-14.9583,7.98909,0.818854
337,-15.0235,8.04913,0.77239
337,-15.0683,8.08195,0.757736
337,-17.4393,5.12821,2.40642
337,-17.4622,5.29347,2.48189
337,-17.5193,5.14608,2.36617
337,-16.2529,6.78918,0.97069
337,-16.3253,7.43437,2.2672
337,-17.0805,6.07422,2.22008
337,-17.1752,6.89224,2.42594
337,-17.1442,6.90938,2.34578
337,-17.1954,6.92314,2.33916
337,-17.2077,6.90956,2.34033
337,-17.3053,7.11503,2.40627
337,-16.9273,6.98426,0.71342
337,-17.5404,6.18038,1.23606
337,-15.9801,8.51216,0.114924
337,-17.279,6.61043,0.659512
337,-17.1323,6.82219,0.550683
337,-15.9928,8.66696,-0.0308876
337,-17.3,6.77382,0.651412
337,-17.3668,6.81009,0.713686
337,-17.3682,6.82744,0.672321
337,-17.3869,6.83429,0.656538
337,-17.3976,6.79588,0.60922
337,-17.4182,6.80381,0.687473
337,-17.4321,6.79502,0.601779
337,-17.432,6.84292,0.6443
337,-17.4649,6.97338,0.67507
337,-17.1123,8.90944,2.79761
337,-17.444,8.10847,2.25061
337,-17.8196,7.41408,2.19583
337,-17.1488,8.94112,2.79337
337,-16.3883,8.84508,-0.411127
337,-16.435,8.84309,-0.434179
337,-19.0501,9.13395,2.27283
336,-19.0501,9.13395,2.27283
337,-14.6029,6.63,1.22528
336,-14.6029,6.63,1.22528
337,-20.8159,13.288,2.77577
336,-20.8159,13.288,2.77577
337,-18.6012,9.03307,3.0244
336,-18.6012,9.03307,3.0244
337,-13.1544,7.51956,1.79602
336,-13.1544,7.51956,1.79602
337,-20.3687,12.5591,2.86441
336,-20.3687,12.5591,2.86441
337,-18.0837,8.79171,2.99166
336,-18.0837,8.79171,2.99166
337,-18.9841,8.67609,2.16996
336,-18.9841,8.67609,2.16996
337,-13.494,7.02414,1.80054
336,-13.494,7.02414,1.80054
337,-13.404,7.02502,0.969874
336,-13.404,7.02502,0.969874
337,-22.8511,14.6903,5.43278
336,-22.8511,14.6903,5.43278
337,-14.6113,6.56511,1.8348
336,-14.6113,6.56511,1.8348
337,-14.7646,6.59623,1.55158
336,-14.7646,6.59623,1.55158
337,-13.3911,7.10427,1.82734
336,-13.3911,7.10427,1.82734
337,-16.1651,13.6723,3.88963
336,-16.1651,13.6723,3.88963
337,-16.2436,13.8488,2.56357
336,-16.2436,13.8488,2.56357
337,-18.8539,8.46311,2.48937
335,-18.8539,8.46311,2.48937
337,-18.7927,8.8195,2.1041
335,-18.7927,8.8195,2.1041
337,-13.7409,7.11956,2.04815
335,-13.7409,7.11956,2.04815
337,-16.8922,9.62747,2.22098
335,-16.8922,9.62747,2.22098
337,-16.6391,9.59263,2.36446
335,-16.6391,9.59263,2.36446
337,-16.654,12.2744,4.10255
335,-16.654,12.2744,4.10255
337,-14.1038,6.66278,1.79143
142,-14.1038,6.66278,1.79143
337,-14.294,8.61313,1.73475
142,-14.294,8.61313,1.73475
337,-14.8035,9.16752,1.58046
142,-14.8035,9.16752,1.58046
337,-18.9214,9.52187,2.78211
142,-18.9214,9.52187,2.78211
337,-14.1157,8.62493,1.80736
142,-14.1157,8.62493,1.80736
337,-16.694,14.119,2.30092
142,-16.694,14.119,2.30092
337,-17.6653,10.1951,2.34536
142,-17.6653,10.1951,2.34536
337,-13.6974,5.34361,1.78349
142,-13.6974,5.34361,1.78349
337,-13.7163,5.26282,1.75131
142,-13.7163,5.26282,1.75131
337,-17.9183,13.686,2.3692
142,-17.9183,13.686,2.3692
337,-13.7022,5.26221,1.75482
142,-13.7022,5.26221,1.75482
337,-15.2399,6.81785,1.68077
142,-15.2399,6.81785,1.68077
337,-16.9109,9.57159,2.2187
145,-16.9109,9.57159,2.2187
337,-18.8752,8.42282,3.05295
145,-18.8752,8.42282,3.05295
337,-19.0468,8.48048,3.06462
145,-19.0468,8.48048,3.06462
337,-22.23,6.01534,3.01114
145,-22.23,6.01534,3.01114
337,-23.5213,6.05304,3.05711
145,-23.5213,6.05304,3.05711
337,-16.2429,9.59892,2.25385
143,-16.2429,9.59892,2.25385
337,-16.0622,8.72318,2.28012
143,-16.0622,8.72318,2.28012
337,-16.0105,6.7461,0.359102
143,-16.0105,6.7461,0.359102
337,-16.5329,9.48788,2.31557
143,-16.5329,9.48788,2.31557
337,-13.3004,5.3105,1.73189
143,-13.3004,5.3105,1.73189
337,-14.6941,6.72032,1.93174
143,-14.6941,6.72032,1.93174
337,-18.813,8.63051,2.30371
146,-18.813,8.63051,2.30371
337,-13.3541,5.4807,1.77259
146,-13.3541,5.4807,1.77259
337,-14.5473,6.64016,1.91564
146,-14.5473,6.64016,1.91564
337,-13.0322,7.20939,1.45081
140,-13.0322,7.20939,1.45081
337,-13.6258,5.28216,1.77153
140,-13.6258,5.28216,1.77153
337,-13.7757,5.40639,1.7781
140,-13.7757,5.40639,1.7781
337,-13.6678,8.88703,1.13068
140,-13.6678,8.88703,1.13068
337,-27.1025,11.5011,5.33184
334,-27.1025,11.5011,5.33184
337,-14.1067,6.85021,1.74412
139,-14.1067,6.85021,1.74412
337,-13.4444,7.11912,1.63672
139,-13.4444,7.11912,1.63672
337,-13.4154,6.9508,1.83556
139,-13.4154,6.9508,1.83556
337,-13.4145,5.46548,1.73923
139,-13.4145,5.46548,1.73923
337,-16.9774,10.5217,2.35433
333,-16.9774,10.5217,2.35433
337,-16.5038,14.2808,2.50296
333,-16.5038,14.2808,2.50296
338,-13.221,5.37202,1.62103
338,-13.178,5.53195,1.6658
338,-13.2917,5.38778,1.7724
338,-13.1883,5.55749,1.6636
338,-13.2871,5.40368,1.77903
338,-13.2923,5.39869,1.7745
338,-13.2829,5.43336,1.79403
338,-13.2901,5.30139,1.58623
338,-13.2901,5.41865,1.78515
338,-13.1913,5.56568,1.65629
338,-13.3064,5.28519,1.57691
338,-13.2573,5.4295,1.62977
338,-13.279,5.48613,1.80943
338,-13.2817,5.47782,1.80519
338,-13.1578,5.57713,1.48366
338,-13.2782,5.5069,1.81511
338,-13.306,5.30773,1.57842
338,-13.2803,5.50893,1.81529
338,-13.2085,5.60053,1.66159
338,-13.2859,5.39375,1.59213
338,-13.2103,5.61585,1.66107
338,-13.3636,5.31214,1.72054
338,-13.2898,5.55318,1.8246
338,-13.2906,5.55849,1.8249
338,-13.1712,5.63349,1.48642
338,-13.4017,5.36209,1.90555
338,-13.4202,5.31985,1.87459
338,-13.4203,5.32665,1.88196
338,-13.4056,5.38023,1.91281
338,-13.3829,5.31488,1.71018
338,-13.1785,5.64361,1.48555
338,-13.4086,5.37658,1.90995
338,-13.1794,5.64588,1.48142
338,-13.4061,5.39469,1.92099
338,-13.426,5.33114,1.8782
338,-13.4317,5.3236,1.87818
338,-13.4109,5.39527,1.91633
338,-13.4211,5.36901,1.90057
338,-13.412,5.40686,1.92264
338,-13.4176,5.39894,1.91734
338,-13.4152,5.41389,1.92359
338,-13.3998,5.32712,1.71
338,-13.2445,5.66652,1.66661
338,-13.4184,5.52002,1.95881
338,-13.429,5.52444,1.95709
338,-13.4348,5.53775,1.95925
338,-13.3833,5.65316,1.76582
338,-13.4863,5.61471,1.94555
338,-13.4878,5.61375,1.9455
338,-13.4305,5.66881,1.81568
338,-13.4395,5.70218,1.77739
338,-13.4223,5.73994,1.77208
338,-13.6811,5.21591,1.867
338,-13.2954,5.80158,1.36557
338,-13.4418,5.73184,1.79372
338,-13.4498,5.71824,1.80008
338,-13.4432,5.7512,1.76163
338,-13.4791,5.76723,1.77461
338,-13.8773,5.12544,1.92414
338,-13.6688,5.68022,1.94767
338,-13.9163,5.12471,1.91587
338,-12.9073,7.29818,1.38383
338,-13.0721,7.06459,1.6056
338,-13.0744,7.06361,1.60068
338,-13.0895,7.18719,1.72132
338,-13.1128,7.16953,1.72571
338,-13.1073,7.20124,1.73331
338,-13.1193,7.19979,1.71288
338,-13.158,7.16116,1.72682
338,-13.1152,7.2705,1.74331
338,-13.1642,7.14607,1.6953
338,-13.0609,7.18818,1.3429
338,-13.1239,7.29227,1.74012
338,-13.3562,6.44225,1.14594
338,-13.3459,6.46217,1.10443
338,-13.348,6.48896,1.11291
338,-13.2207,7.16307,1.77487
338,-13.3873,6.43278,1.13811
338,-13.1194,7.15883,1.34059
338,-13.2403,7.14353,1.76289
338,-13.2361,7.165,1.77624
338,-13.2551,7.12413,1.7682
338,-13.1252,7.16207,1.33102
338,-13.2594,7.11928,1.76202
338,-13.2613,7.13122,1.76091
338,-13.0881,7.18258,1.12557
338,-13.3373,7.10989,1.92213
338,-13.1363,7.47484,1.73416
338,-13.132,7.14581,1.14555
338,-13.1411,7.13649,1.14995
338,-13.3488,7.11799,1.90939
338,-13.3553,7.11188,1.90096
338,-13.2233,7.13672,1.4107
338,-13.235,7.12035,1.40972
338,-13.3389,7.04749,1.67878
338,-13.2537,7.39352,1.93706
338,-13.3558,7.02396,1.69125
338,-13.2811,7.13786,1.54278
338,-13.3546,7.2969,2.05069
338,-13.3334,7.09829,1.62085
338,-13.4496,6.96901,1.82296
338,-13.3836,7.03685,1.68147
338,-13.3655,7.05276,1.621
338,-13.332,7.37709,2.04825
338,-13.466,7.0113,1.88636
338,-13.299,7.17832,1.53143
338,-13.4694,7.00976,1.85851
338,-13.267,7.26009,1.48123
338,-13.2986,6.9622,1.0794
338,-13.2721,7.2677,1.47908
338,-13.3582,7.42988,2.0261
338,-13.509,7.00662,1.87932
338,-13.5067,7.01417,1.87926
338,-13.5066,7.01119,1.85712
338,-13.5116,7.02021,1.87625
338,-13.5304,6.98683,1.84938
338,-13.9591,6.36167,2.3947
338,-13.5403,7.00816,1.89367
338,-13.5628,6.97831,1.70621
338,-13.5629,6.98675,1.70738
338,-13.5021,6.92554,1.07273
338,-13.5191,6.9022,1.05309
338,-14.6546,5.04252,2.18963
338,-13.4379,7.13628,1.05727
338,-13.6671,7.25232,2.04824
338,-13.8961,6.67568,1.81573
338,-13.7138,7.28257,2.03481
338,-14.6552,4.82761,1.43447
338,-13.5115,7.1885,1.06821
338,-13.5165,7.1878,1.0562
338,-13.5275,7.19997,1.04493
338,-13.7575,7.29837,2.03395
338,-13.686,7.00343,1.12044
338,-13.6894,7.0208,1.11646
338,-14.0332,6.67179,1.80539
338,-13.6516,7.14876,1.08597
338,-13.6627,7.14997,1.09779
338,-13.6555,7.16202,1.08479
338,-13.9478,7.07357,2.04746
338,-13.7469,7.01408,1.14867
338,-13.8148,6.92906,1.17124
338,-14.0057,7.09646,2.05334
338,-13.8291,6.97519,1.14524
338,-13.8174,6.93433,0.974888
338,-13.9953,7.15966,2.03985
338,-13.8204,6.92815,0.97046
338,-13.8276,6.94903,0.99526
338,-13.8248,6.95972,0.995098
338,-13.8687,6.97617,1.14019
338,-13.8715,6.98756,1.14267
338,-14.1756,6.69863,1.77563
338,-14.0432,7.15434,2.03267
338,-14.4247,6.59644,1.851
338,-14.4066,6.57048,1.73561
338,-14.3927,6.62962,1.74789
338,-14.4078,6.83825,2.11956
338,-14.4355,6.58391,1.73387
338,-14.4376,6.79442,2.06145
338,-14.4809,6.62612,1.91728
338,-14.3829,6.98422,2.10477
338,-14.3552,6.88059,1.81998
338,-14.4332,6.93238,2.18972
338,-14.4457,6.73865,1.86367
338,-14.4763,6.59865,1.71719
338,-14.4019,6.99332,2.09719
338,-14.4375,6.93002,2.1215
338,-14.4373,6.99485,2.17836
338,-14.4512,6.9368,2.12113
338,-14.5257,6.56104,1.71967
338,-14.532,6.55606,1.73253
338,-14.4851,6.60651,1.61364
338,-14.5641,6.68374,1.96039
338,-14.5739,6.53684,1.59907
338,-14.5677,6.52451,1.49616
338,-14.604,6.6963,1.90581
338,-14.6093,6.70816,1.9439
338,-14.5941,6.80989,2.04285
338,-14.3596,6.98897,1.40174
338,-14.6093,6.55033,1.59296
338,-14.6351,6.47652,1.54334
338,-14.3653,7.00806,1.39379
338,-14.6091,6.48207,1.41985
338,-14.3714,7.01074,1.39058
338,-14.5477,6.59531,1.29387
338,-14.5905,6.58501,1.37606
338,-14.4077,7.03338,1.37865
338,-14.5874,6.71298,1.33217
338,-14.3679,6.97773,0.917877
338,-14.6967,6.49095,1.33412
338,-14.4441,6.73897,0.787248
338,-14.5906,6.73172,1.3286
338,-14.3684,6.9833,0.906256
338,-14.6185,6.66001,1.2581
338,-14.3855,6.99044,0.913589
338,-14.5945,6.7903,1.36624
338,-14.6251,6.71892,1.32161
338,-14.6187,6.71895,1.24998
338,-14.6212,6.78978,1.36061
338,-14.8357,6.45298,1.59479
338,-14.6348,6.67988,1.20994
338,-14.4771,7.10437,1.32955
338,-14.2916,7.53466,1.20252
338,-14.8536,6.48855,1.56243
338,-14.613,6.88205,1.23339
338,-14.4564,7.04687,0.871987
338,-14.533,6.71277,0.544135
338,-14.5443,6.695,0.428339
338,-14.5458,6.70624,0.403746
338,-14.507,7.08164,0.836915
338,-14.5606,7.14154,0.794774
338,-14.5607,6.86313,0.247068
338,-14.2111,8.8772,2.12041
338,-14.3381,8.46298,1.88226
338,-14.7143,7.2677,1.22996
338,-14.3656,8.5007,1.85815
338,-14.6169,8.49675,1.87224
338,-14.9731,8.51078,0.397156
338,-15.0217,8.56434,0.429784
338,-15.0297,8.5855,0.414759
338,-15.08,8.53131,0.478474
338,-15.0397,8.60176,0.40942
338,-15.0577,8.5197,0.321244
338,-15.16,8.61476,0.431471
338,-15.1167,8.67532,0.349004
338,-15.1915,8.63702,0.406262
338,-16.3126,7.24687,2.28829
338,-17.2645,3.8225,-0.452963
338,-15.482,8.40313,0.547989
338,-15.3666,8.61842,0.438939
338,-17.464,5.13152,2.38614
338,-17.5832,4.97882,2.56992
338,-16.4762,7.30846,2.28522
338,-17.173,5.76117,2.21957
338,-17.9255,4.25468,2.41175
338,-17.1094,6.03708,2.25308
338,-17.6921,4.95732,2.56136
338,-17.5193,5.28302,2.36088
338,-17.5944,5.12631,2.37231
338,-17.0305,6.35492,2.25739
338,-15.595,8.59019,0.508815
338,-18.071,4.27763,2.43687
338,-17.2102,6.09638,2.22537
338,-15.6785,8.68741,0.45511
338,-17.1462,7.03231,2.90537
338,-15.7415,8.741,0.421827
338,-17.6204,5.6396,2.19413
338,-18.3351,4.19703,2.40522
338,-17.6961,5.51166,2.18919
338,-17.3289,6.04842,1.68462
338,-17.3833,5.99358,1.49774
338,-17.2792,7.06842,2.91244
338,-17.1852,7.04312,2.23352
338,-17.3203,6.88984,2.41344
338,-17.3073,6.92502,2.34286
338,-16.0757,8.51208,0.0961022
338,-17.312,7.35763,2.2535
338,-17.725,6.17994,1.62253
338,-17.0594,8.60524,2.89743
338,-17.5057,7.32329,2.22561
338,-17.7587,6.8827,2.34773
338,-17.0229,8.82769,2.3811
338,-17.099,8.88556,2.76837
338,-16.6311,9.96658,2.7566
338,-17.0711,8.82046,2.36372
338,-17.3179,7.36896,0.707984
338,-17.9431,6.98897,2.35934
338,-17.2072,8.96275,2.90815
338,-17.1973,8.69728,2.36303
338,-17.4237,8.85676,2.36051
338,-19.0202,5.60023,2.33737
338,-17.4928,9.16384,2.42019
338,-20.5948,12.9655,2.21644
337,-20.5948,12.9655,2.21644
338,-13.3952,6.40155,1.10688
337,-13.3952,6.40155,1.10688
338,-17.2234,6.3541,2.21823
337,-17.2234,6.3541,2.21823
338,-16.1257,6.17135,2.28289
337,-16.1257,6.17135,2.28289
338,-14.5208,6.82859,1.26422
337,-14.5208,6.82859,1.26422
338,-13.398,6.40291,1.10558
337,-13.398,6.40291,1.10558
338,-16.9617,7.70965,2.22841
337,-16.9617,7.70965,2.22841
338,-13.3808,5.71915,1.58577
337,-13.3808,5.71915,1.58577
338,-17.9286,10.4721,2.15759
337,-17.9286,10.4721,2.15759
338,-43.2643,10.5223,6.65349
337,-43.2643,10.5223,6.65349
338,-23.9815,11.5228,5.67045
337,-23.9815,11.5228,5.67045
338,-23.2039,14.9429,5.52782
337,-23.2039,14.9429,5.52782
338,-29.8068,8.74005,5.87558
337,-29.8068,8.74005,5.87558
338,-26.5079,7.9023,5.27807
337,-26.5079,7.9023,5.27807
338,-12.9666,5.80967,2.71724
337,-12.9666,5.80967,2.71724
338,-29.2769,8.64318,5.78233
337,-29.2769,8.64318,5.78233
338,-27.1128,11.5056,5.38776
337,-27.1128,11.5056,5.38776
338,-15.3112,7.07111,1.46794
337,-15.3112,7.07111,1.46794
338,-17.9722,8.59814,2.33942
337,-17.9722,8.59814,2.33942
338,-13.6114,5.27166,1.78117
337,-13.6114,5.27166,1.78117
338,-13.61,5.40551,1.83833
337,-13.61,5.40551,1.83833
338,-22.7322,14.5786,5.40917
337,-22.7322,14.5786,5.40917
338,-13.5855,5.40604,1.8485
337,-13.5855,5.40604,1.8485
338,-34.989,9.10254,5.68783
337,-34.989,9.10254,5.68783
338,-14.5956,6.69321,1.92333
337,-14.5956,6.69321,1.92333
338,-22.8384,14.6716,5.41595
337,-22.8384,14.6716,5.41595
338,-17.1924,11.03,2.43976
337,-17.1924,11.03,2.43976
338,-17.7064,7.24797,3.01544
337,-17.7064,7.24797,3.01544
338,-13.3814,6.51871,1.07864
336,-13.3814,6.51871,1.07864
338,-16.7086,8.30443,2.37649
140,-16.7086,8.30443,2.37649
338,-16.654,10.3908,2.37226
140,-16.654,10.3908,2.37226
338,-13.7809,5.23427,1.83339
140,-13.7809,5.23427,1.83339
338,-21.33,14.0333,2.89973
140,-21.33,14.0333,2.89973
338,-13.3812,5.26585,1.6759
140,-13.3812,5.26585,1.6759
338,-13.4227,6.95915,1.05067
140,-13.4227,6.95915,1.05067
338,-18.7484,8.68622,2.85004
140,-18.7484,8.68622,2.85004
338,-13.538,5.39006,1.8562
139,-13.538,5.39006,1.8562
338,-17.0139,7.28662,2.22011
139,-17.0139,7.28662,2.22011
338,-16.6069,10.3222,2.3579
139,-16.6069,10.3222,2.3579
338,-17.0958,9.49192,2.29844
139,-17.0958,9.49192,2.29844
338,-13.6781,7.10661,1.65909
139,-13.6781,7.10661,1.65909
338,-14.0639,6.85883,1.83741
142,-14.0639,6.85883,1.83741
338,-13.5119,6.7861,2.12367
142,-13.5119,6.7861,2.12367
338,-13.3555,7.58735,1.97345
142,-13.3555,7.58735,1.97345
338,-13.8483,4.84617,2.08146
142,-13.8483,4.84617,2.08146
338,-13.4684,5.23227,1.78293
142,-13.4684,5.23227,1.78293
338,-17.349,5.80516,1.5227
143,-17.349,5.80516,1.5227
338,-17.7908,5.84634,1.45545
143,-17.7908,5.84634,1.45545
338,-14.6483,4.69636,1.43136
143,-14.6483,4.69636,1.43136
338,-18.0086,5.87009,1.4276
143,-18.0086,5.87009,1.4276
338,-14.5588,6.65641,1.83618
143,-14.5588,6.65641,1.83618
338,-14.575,4.70981,1.45416
143,-14.575,4.70981,1.45416
338,-14.7623,4.91272,1.33288
143,-14.7623,4.91272,1.33288
338,-14.1437,5.91999,1.72964
143,-14.1437,5.91999,1.72964
338,-13.2746,5.33895,1.59739
137,-13.2746,5.33895,1.59739
338,-13.2195,5.29423,1.62896
137,-13.2195,5.29423,1.62896
338,-13.329,5.46115,1.58063
137,-13.329,5.46115,1.58063
338,-13.3766,5.33717,1.71496
137,-13.3766,5.33717,1.71496
338,-13.2786,5.34217,1.59519
137,-13.2786,5.34217,1.59519
338,-13.4026,5.35454,1.70671
137,-13.4026,5.35454,1.70671
338,-13.2538,5.40148,1.61537
137,-13.2538,5.40148,1.61537
338,-13.3068,5.4391,1.59273
137,-13.3068,5.4391,1.59273
338,-13.6177,5.28963,1.56807
137,-13.6177,5.28963,1.56807
338,-13.3881,5.33543,1.71534
137,-13.3881,5.33543,1.71534
338,-13.3109,5.43629,1.5995
137,-13.3109,5.43629,1.5995
338,-13.4196,5.35693,1.70429
137,-13.4196,5.35693,1.70429
338,-13.2518,7.19851,1.76581
137,-13.2518,7.19851,1.76581
338,-13.3816,7.2109,1.5721
137,-13.3816,7.2109,1.5721
338,-13.4433,5.71492,1.77647
137,-13.4433,5.71492,1.77647
338,-16.6654,5.40656,2.24073
136,-16.6654,5.40656,2.24073
338,-13.3378,5.46364,1.54068
136,-13.3378,5.46364,1.54068
338,-13.3392,5.22308,1.69686
136,-13.3392,5.22308,1.69686
338,-13.8374,7.02244,2.05896
335,-13.8374,7.02244,2.05896
338,-18.9904,8.77038,2.77193
335,-18.9904,8.77038,2.77193
338,-18.761,8.80316,2.78459
335,-18.761,8.80316,2.78459
338,-17.0836,8.06702,2.20329
335,-17.0836,8.06702,2.20329
338,-18.7624,8.41848,2.51088
145,-18.7624,8.41848,2.51088
338,-16.0405,9.09204,2.40345
145,-16.0405,9.09204,2.40345
338,-18.988,8.27955,3.05589
334,-18.988,8.27955,3.05589
338,-17.2941,8.77976,2.35582
334,-17.2941,8.77976,2.35582
339,-13.2991,5.2248,2.42815
339,-13.1577,5.45515,1.47839
339,-13.2386,5.34507,1.60849
339,-13.273,5.41448,1.79449
339,-13.2739,5.41378,1.7942
339,-13.2751,5.41291,1.79645
339,-13.1584,5.46659,1.47858
339,-13.2941,5.34322,1.74606
339,-13.275,5.46571,1.80862
339,-13.2759,5.47741,1.81221
339,-13.1611,5.52404,1.47851
339,-13.1622,5.44324,1.38165
339,-13.1401,5.51224,1.38079
339,-13.2568,5.38477,1.60978
339,-13.3278,5.28771,1.7267
339,-13.3302,5.28099,1.72262
339,-13.2789,5.51757,1.82454
339,-13.3328,5.27432,1.71844
339,-13.1819,5.48483,1.46096
339,-13.1478,5.51731,1.38621
339,-13.3389,5.28422,1.72027
339,-13.1872,5.47991,1.45628
339,-13.1586,5.59723,1.48718
339,-13.1985,5.37448,1.34999
339,-13.2733,5.38284,1.59657
339,-13.3491,5.29737,1.71997
339,-13.2931,5.5539,1.82054
339,-13.2102,5.37637,1.34358
339,-13.2687,5.24457,1.37749
339,-13.1498,5.58634,1.38499
339,-13.4234,5.24258,1.8421
339,-13.1714,5.64175,1.48585
339,-13.4122,5.27785,1.83408
339,-13.1779,5.62904,1.47778
339,-13.3231,5.29958,1.5653
339,-13.3002,5.26282,1.44141
339,-13.4208,5.26528,1.82106
339,-13.3707,5.30137,1.69425
339,-13.2739,5.35255,1.42616
339,-13.3389,5.30188,1.55732
339,-13.2414,5.67559,1.66992
339,-13.2427,5.67558,1.67006
339,-13.303,5.24891,1.37309
339,-13.2839,5.34918,1.41105
339,-13.4292,5.3887,1.91406
339,-13.1629,5.6705,1.37219
339,-13.1632,5.67306,1.37489
339,-13.4579,5.24805,1.8284
339,-13.1673,5.67083,1.37141
339,-13.1718,5.66762,1.38063
339,-13.3427,5.23418,1.43208
339,-13.4171,5.50239,1.96017
339,-13.1748,5.67045,1.36628
339,-13.4212,5.49254,1.95414
339,-13.3375,5.22092,1.36373
339,-13.4233,5.51085,1.96051
339,-13.4777,5.18466,1.75425
339,-13.2092,5.70841,1.47737
339,-13.3689,5.31569,1.5361
339,-13.2149,5.71354,1.47351
339,-13.5738,5.20468,1.88923
339,-13.3122,5.75183,1.63869
339,-13.3155,5.75342,1.63587
339,-13.5998,5.20675,1.87435
339,-13.2375,5.7654,1.30749
339,-13.4022,5.73498,1.79689
339,-13.6315,5.18648,1.86576
339,-13.317,5.51994,1.1865
339,-13.2779,5.79788,1.3773
339,-13.5298,5.64663,1.9652
339,-13.5246,5.65127,1.94967
339,-13.5479,5.62622,1.95477
339,-13.5417,5.65063,1.95258
339,-13.2652,5.82382,1.23497
339,-13.8567,5.23124,2.39158
339,-13.5256,5.16512,1.21571
339,-13.5343,5.17036,1.20893
339,-13.5431,5.15752,1.20294
339,-13.5416,5.16606,1.19959
339,-13.5364,5.1702,1.14162
339,-13.5394,5.17008,1.13939
339,-13.6609,5.63645,2.01209
339,-13.823,5.1037,1.88797
339,-13.7763,5.4928,2.10279
339,-13.6577,5.20902,1.38156
339,-13.6585,5.21487,1.37731
339,-13.8002,5.48697,2.09406
339,-13.3685,5.9986,1.08878
339,-13.3699,5.9976,1.08795
339,-13.6986,5.07132,1.07998
339,-13.7075,5.07203,1.07421
339,-13.405,5.96736,1.11818
339,-13.7127,5.05984,1.06678
339,-13.3911,6.00042,1.09904
339,-13.276,6.33907,1.11597
339,-13.2702,6.35679,1.11592
339,-13.391,6.0033,1.09791
339,-13.7152,5.0621,1.06436
339,-13.2576,6.40704,1.11498
339,-13.2597,6.40733,1.11729
339,-13.2951,6.30427,1.1062
339,-13.3061,6.31182,1.12255
339,-13.3003,6.33844,1.12031
339,-13.3138,6.31693,1.11572
339,-13.3445,6.25585,1.12483
339,-13.3287,6.30523,1.12107
339,-13.355,6.25907,1.11992
339,-13.3637,6.27047,1.1409
339,-13.7598,5.06426,1.03274
339,-13.3703,6.27352,1.15873
339,-13.3656,6.31903,1.15819
339,-13.3791,6.26409,1.13498
339,-13.3227,6.44078,1.14375
339,-13.3843,6.2865,1.15731
339,-13.3367,6.42505,1.1617
339,-13.3455,6.39825,1.13381
339,-13.3568,6.38582,1.15348
339,-13.3933,6.25261,1.11278
339,-13.3489,6.42611,1.15858
339,-13.3345,6.45472,1.14142
339,-13.3606,6.39799,1.15163
339,-13.7876,5.07029,1.00695
339,-13.3969,6.26946,1.06725
339,-13.3981,6.27194,1.06579
339,-13.3759,6.38596,1.12242
339,-13.4413,6.13522,1.03343
339,-13.4885,6.08272,1.06921
339,-13.4367,6.96584,1.86868
339,-13.4539,6.95,1.89499
339,-13.4984,6.09754,1.05631
339,-13.9416,5.15806,1.11525
339,-13.9178,5.18792,1.06664
339,-13.9566,5.13428,1.07953
339,-13.324,6.86299,0.955323
339,-13.327,6.86935,0.964161
339,-14.0366,5.05893,1.14015
339,-13.5519,6.9378,1.72598
339,-14.0344,5.07749,1.14487
339,-14.0194,5.10277,1.12032
339,-14.0226,5.09955,1.11901
339,-14.0269,5.09713,1.11686
339,-14.0592,5.03531,1.13348
339,-14.0181,5.12882,1.10539
339,-14.0659,5.04678,1.14006
339,-14.0457,5.12551,1.12848
339,-13.4231,6.95093,1.04719
339,-13.3896,7.10854,1.0997
339,-14.1157,5.17057,1.19094
339,-14.4742,4.84839,1.96283
339,-14.4785,4.82997,1.95351
339,-14.4796,4.83386,1.95687
339,-14.4895,4.83388,1.95897
339,-13.4656,7.09087,1.10332
339,-13.5277,6.87348,1.02644
339,-13.5265,7.18708,1.30028
339,-14.5842,5.06835,2.20272
339,-14.614,5.0451,2.19075
339,-13.5692,7.21771,1.21132
339,-14.6138,5.07313,2.11397
339,-14.6605,5.03205,2.1956
339,-14.6729,4.77749,1.94162
339,-14.6641,5.02984,2.1493
339,-14.5273,4.90104,1.53671
339,-13.594,7.24006,1.1945
339,-14.6757,5.01831,2.12502
339,-13.6327,7.12672,1.10948
339,-14.0018,6.76314,1.78053
339,-14.6334,4.81247,1.46242
339,-14.8184,4.71418,1.90671
339,-13.9525,7.31721,2.02859
339,-14.6687,4.80504,1.44245
339,-13.8127,6.96562,1.15662
339,-14.6711,4.80428,1.43976
339,-14.7087,4.77538,1.48253
339,-14.0769,6.8949,1.83682
339,-14.7397,4.7659,1.47749
339,-14.8783,4.88631,2.05218
339,-14.7419,4.76745,1.47461
339,-13.8167,6.94,0.972965
339,-13.8264,6.94531,0.995794
339,-13.826,6.95645,0.985509
339,-14.1096,6.92175,1.81396
339,-13.8453,6.97518,0.969269
339,-13.8564,6.98737,0.981249
339,-14.735,4.88381,1.39189
339,-13.8623,6.99039,0.967497
339,-14.2457,6.76325,1.7588
339,-15.0009,4.57124,1.59308
339,-14.3831,6.63459,1.75882
339,-14.4002,7.01187,2.11017
339,-14.4059,7.00303,2.10005
339,-14.4382,6.96409,2.15744
339,-14.4191,7.03908,2.12312
339,-14.4528,6.97074,2.14227
339,-14.4763,6.62151,1.7115
339,-14.6833,5.28329,0.847649
339,-14.5281,6.56639,1.72871
339,-14.5702,6.79505,2.05897
339,-14.7468,4.88113,0.428361
339,-14.5564,6.5734,1.73232
339,-14.4765,6.60998,1.51637
339,-14.5824,6.77776,2.04621
339,-14.5818,6.71565,1.96919
339,-14.54,6.52181,1.60742
339,-14.5578,6.51556,1.62474
339,-14.4908,6.61301,1.51895
339,-14.5888,6.80222,2.0486
339,-14.5575,6.52472,1.61768
339,-14.5423,6.6488,1.70584
339,-14.8524,4.72982,0.506668
339,-14.8628,4.74559,0.496023
339,-14.582,6.52634,1.62307
339,-15.0297,4.47619,0.720811
339,-14.8869,4.72512,0.480676
339,-15.0416,4.48273,0.698646
339,-14.624,6.5267,1.49563
339,-14.6582,6.60216,1.66747
339,-14.6659,6.49223,1.54468
339,-14.3422,6.93902,0.922375
339,-14.5232,6.80627,1.26715
339,-14.5214,6.81526,1.26831
339,-14.4643,7.07873,1.35747
339,-14.6045,6.70472,1.34998
339,-14.556,6.79891,1.26674
339,-14.6123,6.71083,1.34271
339,-14.6114,6.73356,1.34125
339,-14.6176,6.79787,1.3745
339,-14.6229,6.79263,1.37718
339,-14.5831,6.81052,1.2629
339,-14.674,6.77207,1.31449
339,-14.4605,6.94303,0.654975
339,-14.4724,6.93286,0.650177
339,-14.4735,6.9455,0.641973
339,-14.473,6.9629,0.647684
339,-15.0844,5.33885,0.612497
339,-14.523,6.96636,0.369105
339,-14.5245,6.92087,0.320545
339,-14.5299,6.97729,0.360154
339,-14.54,6.93388,0.307531
339,-15.1698,8.54996,0.474957
339,-16.6853,3.71175,-0.20642
339,-17.5687,3.54683,2.37477
339,-15.1606,8.63549,0.432685
339,-15.1197,8.68749,0.359193
339,-15.1723,8.64772,0.415638
339,-15.1959,8.67171,0.421053
339,-15.3065,8.53642,0.466843
339,-15.2367,8.69548,0.379647
339,-15.3428,8.52505,0.361445
339,-17.7774,3.5014,2.36536
339,-16.7178,6.50062,2.27487
339,-16.3108,5.56934,-0.116421
339,-16.9413,3.84371,-0.245599
339,-17.3272,5.14888,2.36084
339,-17.402,5.30457,2.77392
339,-17.3574,5.14933,2.35926
339,-17.005,3.82508,-0.297789
339,-17.5004,4.97433,2.57257
339,-15.6127,8.50193,0.483994
339,-17.0736,3.81245,-0.331434
339,-17.4379,3.75298,0.751863
339,-17.4448,3.76597,0.763036
339,-15.664,8.53831,0.430621
339,-17.0914,3.84422,-0.343574
339,-17.5962,4.98834,2.57159
339,-17.5536,5.32799,2.78462
339,-17.4661,5.2962,2.4667
339,-15.689,8.56934,0.460641
339,-15.6807,8.55956,0.412942
339,-17.4893,3.84784,0.789716
339,-15.6996,8.56262,0.379886
339,-17.536,5.30781,2.47088
339,-17.2626,5.87871,2.21966
339,-17.0419,4.22978,-0.413418
339,-15.7639,8.65832,0.396013
339,-17.5657,5.28928,2.33675
339,-17.5742,5.2907,2.36509
339,-17.3229,6.11142,2.2168
339,-17.5724,3.42043,-0.065805
339,-17.1547,6.19455,1.71936
339,-17.1777,7.04365,2.43524
339,-15.8219,9.07066,0.384171
339,-15.8541,9.10805,0.35866
339,-18.3491,3.96113,2.41947
339,-16.888,8.0097,2.23863
339,-17.3422,6.95369,2.36687
339,-17.3486,7.10851,2.43627
339,-17.8763,3.3784,-0.18553
339,-17.2786,7.23564,2.24798
339,-17.7009,3.93809,-0.304243
339,-17.5729,3.76037,-0.933087
339,-17.6334,3.47876,-1.15395
339,-17.3866,7.32235,2.25439
339,-18.0693,3.31962,-0.289795
339,-17.7272,3.48458,-1.25517
339,-17.7446,3.68377,-1.04585
339,-17.7099,3.50828,-1.40534
339,-16.257,9.35143,0.332597
339,-17.1018,8.86866,2.36842
339,-17.1286,8.86197,2.34188
339,-17.1273,8.88533,2.36043
339,-17.1358,8.89573,2.36763
339,-17.9391,3.44597,-1.34985
339,-16.7619,10.2532,2.38126
339,-16.3887,9.47485,0.277191
339,-16.5422,9.00341,-0.497175
339,-16.5391,9.63703,0.187832
339,-16.5918,9.6296,0.226752
339,-17.175,9.89715,2.38023
339,-16.6874,9.78888,0.123602
339,-19.9117,3.4414,3.06519
339,-13.4482,5.63498,1.97198
338,-13.4482,5.63498,1.97198
339,-16.2533,8.7867,2.32728
338,-16.2533,8.7867,2.32728
339,-17.3554,8.22658,2.2038
338,-17.3554,8.22658,2.2038
339,-16.8207,5.7215,2.24082
338,-16.8207,5.7215,2.24082
339,-13.3187,5.39231,1.54397
338,-13.3187,5.39231,1.54397
339,-17.1148,7.37471,2.25315
338,-17.1148,7.37471,2.25315
339,-13.4853,5.54205,1.93511
338,-13.4853,5.54205,1.93511
339,-13.2969,5.35374,1.95979
338,-13.2969,5.35374,1.95979
339,-13.401,5.54692,1.74876
338,-13.401,5.54692,1.74876
339,-13.2553,5.58497,1.6177
338,-13.2553,5.58497,1.6177
339,-13.2405,5.54922,1.85317
338,-13.2405,5.54922,1.85317
339,-13.2523,5.37896,1.58933
338,-13.2523,5.37896,1.58933
339,-13.3867,5.36533,1.51795
338,-13.3867,5.36533,1.51795
339,-18.084,6.48059,2.21191
338,-18.084,6.48059,2.21191
339,-13.5899,5.58557,1.90104
338,-13.5899,5.58557,1.90104
339,-13.6509,5.54719,1.32079
338,-13.6509,5.54719,1.32079
339,-13.5218,7.00461,1.95923
338,-13.5218,7.00461,1.95923
339,-13.5387,7.10642,0.930634
338,-13.5387,7.10642,0.930634
339,-13.5925,5.72201,1.92699
338,-13.5925,5.72201,1.92699
339,-14.6221,6.55993,1.59613
338,-14.6221,6.55993,1.59613
339,-19.3924,9.41292,2.3394
338,-19.3924,9.41292,2.3394
339,-13.5874,7.38629,1.54265
338,-13.5874,7.38629,1.54265
339,-13.3782,5.36826,1.92618
338,-13.3782,5.36826,1.92618
339,-14.3415,6.64484,1.75892
337,-14.3415,6.64484,1.75892
339,-18.8996,8.48683,2.6736
337,-18.8996,8.48683,2.6736
339,-17.1607,10.9416,2.40208
337,-17.1607,10.9416,2.40208
339,-18.7863,8.3759,3.06644
337,-18.7863,8.3759,3.06644
339,-13.3794,5.40475,1.70187
337,-13.3794,5.40475,1.70187
339,-17.2818,11.1211,2.39104
337,-17.2818,11.1211,2.39104
339,-17.2058,11.0376,2.41457
337,-17.2058,11.0376,2.41457
339,-18.1657,9.21762,2.76569
137,-18.1657,9.21762,2.76569
339,-14.4542,4.75877,1.95348
137,-14.4542,4.75877,1.95348
339,-14.5011,4.76743,1.95163
137,-14.5011,4.76743,1.95163
339,-18.6717,8.73088,3.28523
137,-18.6717,8.73088,3.28523
339,-12.6003,4.87347,2.16955
137,-12.6003,4.87347,2.16955
339,-19.3178,9.08613,3.37113
137,-19.3178,9.08613,3.37113
339,-13.2061,5.49283,1.44774
137,-13.2061,5.49283,1.44774
339,-17.0613,8.67479,2.36752
137,-17.0613,8.67479,2.36752
339,-14.7418,4.7232,1.92582
137,-14.7418,4.7232,1.92582
339,-14.8633,4.84093,1.88502
137,-14.8633,4.84093,1.88502
339,-13.8254,6.06214,1.95474
137,-13.8254,6.06214,1.95474
339,-36.2935,16.9458,5.7557
139,-36.2935,16.9458,5.7557
339,-14.7955,4.65727,1.77717
139,-14.7955,4.65727,1.77717
339,-15.9603,8.88507,0.575757
139,-15.9603,8.88507,0.575757
339,-17.4841,6.88868,2.22178
136,-17.4841,6.88868,2.22178
339,-13.4244,5.30835,1.65899
136,-13.4244,5.30835,1.65899
339,-18.5412,8.32189,3.04472
136,-18.5412,8.32189,3.04472
339,-16.5563,10.0583,2.35482
136,-16.5563,10.0583,2.35482
339,-13.8337,6.95372,1.68349
136,-13.8337,6.95372,1.68349
339,-14.6369,4.98936,2.12659
136,-14.6369,4.98936,2.12659
339,-13.3885,5.34455,1.53211
136,-13.3885,5.34455,1.53211
339,-17.8807,6.94505,2.2085
140,-17.8807,6.94505,2.2085
339,-38.1275,9.18856,4.687
140,-38.1275,9.18856,4.687
339,-13.3913,7.11269,1.09615
140,-13.3913,7.11269,1.09615
339,-15.7792,8.63696,0.326805
142,-15.7792,8.63696,0.326805
339,-18.8342,8.02011,2.79223
336,-18.8342,8.02011,2.79223
339,-21.1076,14.5163,2.27216
134,-21.1076,14.5163,2.27216
339,-14.7432,4.87036,1.26934
134,-14.7432,4.87036,1.26934
339,-17.2519,9.03275,2.35323
134,-17.2519,9.03275,2.35323
339,-19.7461,12.4612,2.06102
143,-19.7461,12.4612,2.06102
340,-13.2499,5.2867,1.6237
340,-13.2068,5.44941,1.63977
340,-13.2138,5.44807,1.63448
340,-13.284,5.44221,1.80335
340,-13.2845,5.23902,1.59848
340,-13.1775,5.45197,1.47342
340,-13.2024,5.29229,1.39356
340,-13.2963,5.2488,1.5899
340,-13.2261,5.3401,1.46688
340,-13.2159,5.29504,1.38883
340,-13.2118,5.30193,1.38232
340,-13.2497,5.28789,1.46964
340,-13.3424,5.29379,1.73426
340,-13.2377,5.32808,1.46375
340,-13.1861,5.48996,1.46118
340,-13.1942,5.48568,1.46429
340,-13.3502,5.3269,1.75654
340,-13.4001,5.3283,1.89057
340,-13.4253,5.23495,1.84519
340,-13.1497,5.57343,1.36529
340,-13.4202,5.25138,1.82798
340,-13.2874,5.26702,1.4582
340,-13.2116,5.39623,1.34342
340,-13.3869,5.21168,1.66788
340,-13.2888,5.20528,1.37705
340,-13.4398,5.17982,1.77778
340,-13.4347,5.17358,1.74999
340,-13.2915,5.21223,1.36948
340,-13.1464,5.49575,1.20734
340,-13.1569,5.48909,1.21624
340,-13.4356,5.28212,1.81026
340,-13.2298,5.40621,1.33193
340,-13.2352,5.40749,1.32849
340,-13.2344,5.40744,1.32415
340,-13.1717,5.67193,1.37297
340,-13.3456,5.24404,1.4385
340,-13.2318,5.29507,1.16053
340,-13.3312,5.19624,1.35064
340,-13.3477,5.24488,1.44237
340,-13.5202,5.19208,1.87859
340,-13.2417,5.27797,1.16176
340,-13.5254,5.19349,1.87864
340,-13.343,5.21438,1.37744
340,-13.5351,5.18224,1.88891
340,-13.5283,5.19352,1.87368
340,-13.3587,5.25447,1.43429
340,-13.5421,5.17744,1.88317
340,-13.1417,5.62555,1.14553
340,-13.1458,5.66979,1.19787
340,-13.3564,5.21513,1.37213
340,-13.5545,5.16807,1.89004
340,-13.3582,5.22067,1.37298
340,-13.1463,5.67588,1.19279
340,-13.3842,5.25964,1.41912
340,-13.2418,5.7321,1.44087
340,-13.3847,5.23123,1.37282
340,-13.384,5.23362,1.37277
340,-13.3201,5.23209,1.13461
340,-13.5931,5.13647,1.77064
340,-13.3728,5.20109,1.16716
340,-13.376,5.20406,1.16252
340,-13.681,5.13664,1.90682
340,-13.4774,4.9644,1.04585
340,-13.6988,5.15724,1.61111
340,-13.7003,5.15696,1.60748
340,-13.5344,5.19335,1.07449
340,-13.7185,5.18554,1.55922
340,-13.8138,5.51213,2.09869
340,-13.8156,5.51656,2.09677
340,-13.6089,5.19787,1.20894
340,-13.7071,5.22081,1.48713
340,-13.5662,5.17336,1.03754
340,-13.6212,5.20163,1.19743
340,-13.8378,5.52069,2.09202
340,-13.6456,5.08665,1.12848
340,-13.5813,5.18028,1.0249
340,-13.7312,5.22954,1.47338
340,-13.6429,5.14649,1.12769
340,-13.5939,5.18354,1.01674
340,-13.6487,5.18042,1.12367
340,-13.9043,5.45833,2.10287
340,-13.3188,6.25587,1.15219
340,-13.2996,6.30298,1.13035
340,-13.7494,5.25282,1.4063
340,-13.6626,5.20225,1.10957
340,-13.7172,4.8936,0.948248
340,-13.2863,6.38173,1.10001
340,-13.3549,6.26359,1.17832
340,-13.2876,6.33041,1.04295
340,-13.7323,4.89757,0.934875
340,-13.6878,5.208,1.08666
340,-13.3693,6.27851,1.17021
340,-13.3772,6.25553,1.16995
340,-13.372,6.23839,1.13249
340,-13.3836,6.28406,1.17444
340,-13.3289,6.44734,1.14616
340,-13.4463,6.06693,1.05401
340,-13.8643,5.21919,1.15419
340,-13.8534,5.22095,1.10136
340,-13.9085,5.18551,1.11614
340,-13.883,5.24703,1.08838
340,-13.9467,5.00791,1.02947
340,-13.907,5.22027,1.11244
340,-13.9503,5.0056,1.025
340,-13.9771,5.14757,1.11809
340,-13.9943,5.13048,1.12345
340,-14.0496,5.03944,1.16428
340,-14.0567,5.05486,1.15223
340,-13.5529,6.25667,0.825203
340,-13.5542,6.26472,0.818209
340,-14.4331,4.82008,1.9344
340,-14.4417,4.81955,1.93
340,-14.4542,4.82636,1.93473
340,-14.482,4.81894,1.96356
340,-14.4866,4.81392,1.95606
340,-14.4893,4.8224,1.92499
340,-14.5276,4.79427,1.92359
340,-13.8052,6.81525,1.73215
340,-14.5771,4.77309,1.93858
340,-14.5765,4.77039,1.93299
340,-14.57,4.75171,1.8645
340,-14.6139,5.06532,2.20012
340,-14.5922,5.08976,2.13554
340,-14.5959,5.08712,2.1311
340,-14.6221,4.75451,1.86208
340,-14.7221,4.6824,1.7957
340,-14.7588,4.73033,1.90943
340,-14.1067,6.65347,1.80685
340,-14.1142,6.65339,1.79738
340,-14.8033,4.89872,2.07179
340,-14.7695,4.6599,1.73144
340,-14.8258,4.89494,2.06863
340,-14.826,4.73654,1.90439
340,-14.1582,6.68093,1.79012
340,-14.8103,4.66337,1.72165
340,-14.7115,4.75493,1.49749
340,-14.7895,4.65274,1.59964
340,-14.8286,4.6646,1.7128
340,-14.8557,4.64617,1.6986
340,-14.8304,4.64171,1.60004
340,-14.5997,5.10012,1.36497
340,-14.7289,4.7853,1.42587
340,-14.788,4.66835,1.48021
340,-14.2179,6.74368,1.76519
340,-14.7949,4.67498,1.47284
340,-14.7899,4.68922,1.46468
340,-14.7569,5.42677,2.05428
340,-14.9079,4.56891,1.63444
340,-14.7391,4.85473,1.40192
340,-14.8204,4.62804,1.40343
340,-14.8257,4.63469,1.3992
340,-14.7626,4.77431,1.3501
340,-14.8595,4.63656,1.4883
340,-14.7062,4.92572,1.28995
340,-14.7897,4.73769,1.3458
340,-14.663,5.11941,1.3336
340,-14.7107,4.92655,1.28791
340,-14.7713,4.86985,1.38261
340,-14.778,4.86603,1.38277
340,-14.7687,4.83365,1.31625
340,-14.7981,4.86468,1.37816
340,-14.9976,4.57882,1.60117
340,-14.9169,5.35513,2.08215
340,-14.42,6.63552,1.729
340,-15.0458,4.58208,1.58089
340,-14.4639,7.03798,2.18503
340,-14.4756,6.63814,1.83682
340,-15.0118,4.51687,1.34152
340,-15.0254,4.51311,1.35608
340,-14.4931,6.64413,1.8307
340,-14.4558,6.59678,1.6373
340,-14.4847,6.57142,1.68218
340,-15.05,4.5751,1.40221
340,-15.0517,4.5754,1.40457
340,-15.0972,4.57823,1.50151
340,-14.5907,6.79579,2.06033
340,-14.6031,6.80189,2.05841
340,-14.6854,5.03289,0.607311
340,-14.7123,4.92007,0.560566
340,-14.5319,7.15519,2.09279
340,-14.7956,4.72269,0.567069
340,-14.6735,5.05392,0.510572
340,-14.7359,4.91848,0.552533
340,-14.8074,4.7277,0.553349
340,-14.7159,5.06028,0.586686
340,-14.6712,6.62128,1.85831
340,-14.6745,6.62359,1.85966
340,-14.8823,4.64782,0.599184
340,-14.7093,5.07878,0.494148
340,-14.6806,6.63115,1.85921
340,-14.8876,5.30317,1.15456
340,-15.2752,5.75704,2.66436
340,-14.9048,5.30677,1.14518
340,-14.855,4.73254,0.405444
340,-14.7321,6.54911,1.7271
340,-14.8245,5.27425,0.798449
340,-15.0739,4.50791,0.704896
340,-14.8518,5.28837,0.759095
340,-14.862,5.29152,0.773274
340,-14.8821,5.30901,0.789872
340,-14.8847,5.30979,0.788336
340,-14.6106,6.79835,1.38345
340,-15.0752,4.53441,0.562385
340,-14.5376,7.05042,1.37809
340,-14.8433,6.6256,1.81611
340,-14.8554,6.62937,1.80905
340,-14.5506,7.09816,1.36059
340,-14.5744,6.98205,1.24766
340,-14.6128,6.90552,1.22984
340,-14.5906,7.12348,1.34988
340,-15.3053,4.96742,-0.44896
340,-15.364,4.96448,-0.486216
340,-15.061,8.42573,0.537582
340,-17.62,2.92672,2.31175
340,-17.5971,3.42828,2.36017
340,-15.3412,8.61014,0.454676
340,-17.7099,3.52087,2.36709
340,-15.3629,8.62541,0.422845
340,-15.3742,8.6203,0.436447
340,-17.7864,3.3802,2.37897
340,-17.2641,5.11588,2.39039
340,-17.879,3.33974,2.38224
340,-15.5946,8.47654,0.476163
340,-17.3911,5.1388,2.44238
340,-17.4584,5.15932,2.48686
340,-17.0494,3.82338,0.0347412
340,-17.2202,4.20454,0.865717
340,-17.4495,5.1376,2.37001
340,-16.9507,3.83339,-0.264469
340,-17.5828,4.97937,2.57072
340,-17.1647,6.02212,2.25314
340,-17.118,3.81675,-0.0167053
340,-17.5771,5.04387,2.36735
340,-17.106,6.87732,2.19179
340,-17.5196,5.66441,2.21139
340,-17.1829,6.88743,2.35229
340,-17.2936,3.57066,-0.456758
340,-17.942,2.69608,0.446825
340,-17.7944,2.39199,-0.271206
340,-17.4404,6.16002,2.22464
340,-17.4559,7.19354,2.96922
340,-18.158,4.39734,2.33732
340,-15.8016,8.84093,-0.244954
340,-17.3807,6.26487,1.80339
340,-17.6281,4.2433,0.576087
340,-15.9241,9.26902,0.31318
340,-17.0583,8.63763,2.90464
340,-17.0659,8.65482,2.90546
340,-18.0294,2.3054,-0.358964
340,-17.7451,4.33615,0.692143
340,-17.755,4.33329,0.696962
340,-15.9147,8.89519,-0.313084
340,-17.6444,3.94375,-0.226054
340,-18.1635,2.52731,-0.227409
340,-18.2174,2.61369,-0.207287
340,-17.7399,3.94004,-0.330184
340,-18.1106,2.95642,-0.204107
340,-17.7866,4.18431,-0.128741
340,-17.577,3.9275,-0.982671
340,-17.8029,4.20194,-0.103968
340,-16.8953,10.7126,3.25259
340,-17.6322,3.91331,-1.00246
340,-17.8117,7.1146,2.43204
340,-17.7138,3.48218,-1.24605
340,-17.2163,8.96735,2.37152
340,-17.7906,3.54117,-1.07166
340,-18.9554,3.80497,2.46986
340,-17.7849,3.46757,-1.24785
340,-16.8186,10.5619,2.39925
340,-16.8673,10.6066,2.38303
340,-17.3894,9.20167,2.43323
340,-17.6275,3.74988,-1.98062
340,-18.478,2.91121,-0.418198
340,-18.0437,3.4268,-1.34956
340,-17.0452,10.6315,2.38918
340,-17.6892,8.45675,2.18946
340,-16.6939,9.54842,0.310519
340,-17.1459,10.6861,2.43334
340,-15.0794,5.15612,1.78339
339,-15.0794,5.15612,1.78339
340,-13.4967,5.3133,1.79044
339,-13.4967,5.3133,1.79044
340,-17.4853,8.40721,2.21522
339,-17.4853,8.40721,2.21522
340,-13.4,5.38623,1.68171
339,-13.4,5.38623,1.68171
340,-17.0278,7.12491,2.25819
339,-17.0278,7.12491,2.25819
340,-13.4277,5.50957,1.71057
339,-13.4277,5.50957,1.71057
340,-13.2543,5.46071,1.62456
339,-13.2543,5.46071,1.62456
340,-16.7672,7.85213,2.23517
339,-16.7672,7.85213,2.23517
340,-14.899,4.8051,1.29335
339,-14.899,4.8051,1.29335
340,-13.7679,5.07745,1.02067
339,-13.7679,5.07745,1.02067
340,-13.2009,5.34345,1.62865
339,-13.2009,5.34345,1.62865
340,-17.2003,6.30691,1.60467
339,-17.2003,6.30691,1.60467
340,-36.2549,5.3742,5.86171
339,-36.2549,5.3742,5.86171
340,-13.5008,6.55303,1.8268
339,-13.5008,6.55303,1.8268
340,-13.2043,5.34499,1.62683
339,-13.2043,5.34499,1.62683
340,-17.3226,6.34826,1.58889
339,-17.3226,6.34826,1.58889
340,-14.4575,4.82247,1.93116
339,-14.4575,4.82247,1.93116
340,-13.3983,5.3519,1.69541
339,-13.3983,5.3519,1.69541
340,-20.9457,6.91927,2.68076
339,-20.9457,6.91927,2.68076
340,-17.1572,6.29869,1.62301
339,-17.1572,6.29869,1.62301
340,-14.3191,7.14124,1.75337
339,-14.3191,7.14124,1.75337
340,-21.6691,7.09356,2.72805
339,-21.6691,7.09356,2.72805
340,-20.1459,6.99484,3.10819
339,-20.1459,6.99484,3.10819
340,-13.4541,5.2572,1.62661
136,-13.4541,5.2572,1.62661
340,-13.3809,5.1971,1.66214
136,-13.3809,5.1971,1.66214
340,-13.2443,5.34077,1.62327
136,-13.2443,5.34077,1.62327
340,-13.3454,5.24192,1.55875
136,-13.3454,5.24192,1.55875
340,-13.3482,5.44065,1.56949
136,-13.3482,5.44065,1.56949
340,-14.9345,4.70629,1.80808
136,-14.9345,4.70629,1.80808
340,-13.6404,5.05736,1.03658
136,-13.6404,5.05736,1.03658
340,-18.144,4.59455,-2.17414
136,-18.144,4.59455,-2.17414
340,-13.5735,5.42759,1.60014
136,-13.5735,5.42759,1.60014
340,-13.572,5.41804,1.59202
136,-13.572,5.41804,1.59202
340,-18.4767,8.19651,3.26655
136,-18.4767,8.19651,3.26655
340,-13.4377,5.64649,1.74877
136,-13.4377,5.64649,1.74877
340,-13.7255,6.98606,2.08037
136,-13.7255,6.98606,2.08037
340,-17.529,3.94931,0.735712
136,-17.529,3.94931,0.735712
340,-15.1263,4.81753,1.74002
136,-15.1263,4.81753,1.74002
340,-13.631,5.41543,1.71253
136,-13.631,5.41543,1.71253
340,-18.8332,9.71797,2.3998
136,-18.8332,9.71797,2.3998
340,-13.3458,5.96485,1.2196
136,-13.3458,5.96485,1.2196
340,-14.7301,4.92116,1.29938
136,-14.7301,4.92116,1.29938
340,-13.4228,5.99043,1.1123
137,-13.4228,5.99043,1.1123
340,-14.0045,4.59311,1.98522
137,-14.0045,4.59311,1.98522
340,-13.1732,5.32185,1.66649
137,-13.1732,5.32185,1.66649
340,-14.0587,4.93277,1.92641
137,-14.0587,4.93277,1.92641
340,-13.5083,5.02331,1.04682
137,-13.5083,5.02331,1.04682
340,-18.9826,9.75294,3.02287
137,-18.9826,9.75294,3.02287
340,-13.6227,6.33398,0.749909
137,-13.6227,6.33398,0.749909
340,-14.6417,6.69519,2.89565
137,-14.6417,6.69519,2.89565
340,-13.7466,5.7261,1.99425
137,-13.7466,5.7261,1.99425
340,-13.7166,5.7088,2.0118
137,-13.7166,5.7088,2.0118
340,-13.9697,7.20115,1.6184
137,-13.9697,7.20115,1.6184
340,-17.65,11.3685,2.34795
137,-17.65,11.3685,2.34795
340,-13.875,4.62667,2.04697
137,-13.875,4.62667,2.04697
340,-16.053,8.98954,0.232477
137,-16.053,8.98954,0.232477
340,-17.9659,6.64608,2.18022
338,-17.9659,6.64608,2.18022
340,-17.2395,9.62073,2.28747
338,-17.2395,9.62073,2.28747
340,-18.922,8.78876,2.8537
338,-18.922,8.78876,2.8537
340,-34.9704,18.4201,2.13502
338,-34.9704,18.4201,2.13502
340,-19.2134,9.53713,2.79648
139,-19.2134,9.53713,2.79648
340,-17.3528,3.96697,0.780913
139,-17.3528,3.96697,0.780913
340,-17.8968,4.30578,2.43018
139,-17.8968,4.30578,2.43018
340,-13.6839,5.22328,1.84025
139,-13.6839,5.22328,1.84025
340,-13.9927,5.52152,2.08092
134,-13.9927,5.52152,2.08092
340,-17.5856,5.04014,2.37419
134,-17.5856,5.04014,2.37419
340,-18.5326,9.47742,2.37376
134,-18.5326,9.47742,2.37376
340,-21.0323,13.1643,2.8811
140,-21.0323,13.1643,2.8811
340,-17.4104,5.01137,2.36155
130,-17.4104,5.01137,2.36155
340,-20.4296,12.7066,2.39866
337,-20.4296,12.7066,2.39866
340,-17.3942,5.29864,2.34642
336,-17.3942,5.29864,2.34642
341,-13.1387,5.13102,2.44637
341,-13.153,5.4738,1.39208
341,-13.2105,5.55898,1.6487
341,-13.3046,5.40825,1.7697
341,-13.3098,5.41143,1.76954
341,-13.1426,5.5533,1.39009
341,-13.1417,5.55789,1.37255
341,-13.2343,5.29797,1.38537
341,-13.3035,5.5284,1.80823
341,-13.3274,5.40861,1.7564
341,-13.3062,5.55042,1.81305
341,-13.2527,5.28957,1.36902
341,-13.2087,5.40019,1.34555
341,-13.2793,5.30758,1.44592
341,-13.4128,5.34692,1.89016
341,-13.2847,5.30488,1.44382
341,-13.4153,5.32647,1.87427
341,-13.2694,5.26994,1.34867
341,-13.4182,5.34179,1.88485
341,-13.2885,5.30992,1.44321
341,-13.2234,5.41075,1.33738
341,-13.2922,5.26422,1.3861
341,-13.1572,5.49984,1.19622
341,-13.1871,5.63526,1.43082
341,-13.454,5.23694,1.8004
341,-13.3413,5.24411,1.44104
341,-13.3457,5.2432,1.44235
341,-13.3087,5.26794,1.33557
341,-13.4154,5.26144,1.65651
341,-13.3627,5.23615,1.43818
341,-13.3219,5.25997,1.33426
341,-13.2256,5.73845,1.49504
341,-13.4752,5.3028,1.7841
341,-13.2998,5.23689,1.16015
341,-13.4306,5.36916,1.69178
341,-13.3893,5.20225,1.37016
341,-13.5023,5.23959,1.74509
341,-13.4165,5.30072,1.51805
341,-13.5709,5.17137,1.82051
341,-13.3429,5.19987,1.1304
341,-13.4061,5.06528,1.18003
341,-13.5275,5.31073,1.77017
341,-13.3839,5.15996,1.14509
341,-13.5943,5.20294,1.84631
341,-13.3862,5.16553,1.1398
341,-13.6103,5.21189,1.85296
341,-13.4775,5.26881,1.48844
341,-13.699,5.14947,1.88747
341,-13.7037,5.14357,1.86275
341,-13.7091,5.15167,1.87846
341,-13.7059,5.16937,1.86495
341,-13.7177,5.15297,1.87682
341,-13.6558,5.13345,1.64812
341,-13.7261,5.15675,1.86832
341,-13.7513,5.17493,1.86045
341,-13.7047,5.12717,1.6423
341,-13.6247,5.19788,1.34675
341,-13.6235,5.20266,1.34567
341,-13.6304,5.20757,1.34937
341,-13.6322,5.20394,1.34593
341,-13.6543,5.20201,1.32937
341,-13.6216,5.05334,1.05144
341,-13.6336,4.9967,1.01625
341,-13.6461,5.00964,1.00575
341,-13.6789,5.01375,0.97674
341,-13.6716,5.22349,1.15994
341,-13.6851,5.21619,1.158
341,-13.3403,6.21314,1.09001
341,-13.6986,5.21306,1.14507
341,-13.7229,5.13198,1.06142
341,-13.3902,6.21724,1.07558
341,-13.3962,6.311,1.14026
341,-13.4248,6.22675,1.12204
341,-13.8684,5.24919,1.10941
341,-13.8974,5.00279,0.909989
341,-13.9177,5.20119,1.10434
341,-13.9268,5.15942,1.08335
341,-13.9152,5.20736,1.09561
341,-13.9373,5.16905,1.12006
341,-13.9335,5.2113,1.08746
341,-13.9873,5.09524,1.13003
341,-13.9481,5.17357,1.07038
341,-14.0425,5.03845,1.15341
341,-14.0704,5.05184,1.14875
341,-14.0579,5.06708,1.07431
341,-14.0403,5.03725,0.962819
341,-14.0452,5.07533,0.987369
341,-14.0591,5.07689,0.986146
341,-14.118,5.0229,1.11126
341,-14.4464,5.03436,2.12761
341,-14.4613,4.82526,1.89643
341,-14.5559,4.75678,1.89172
341,-14.5593,5.07517,2.16405
341,-14.5631,5.07658,2.16353
341,-14.6081,4.80615,1.88681
341,-14.6353,4.69995,1.76493
341,-13.8663,7.02886,1.66636
341,-14.7191,4.76396,1.88157
341,-14.7241,5.03373,2.11846
341,-14.7282,5.0359,2.11351
341,-14.6393,4.81784,1.53454
341,-13.8064,6.89167,1.0209
341,-14.7679,4.6519,1.60611
341,-14.7105,4.73836,1.5152
341,-14.5491,5.39573,1.66644
341,-14.867,4.72456,1.95229
341,-14.7006,4.75815,1.4442
341,-14.7069,4.81068,1.48
341,-14.7077,4.76778,1.43764
341,-14.6539,4.85928,1.36484
341,-14.7392,4.7112,1.45828
341,-14.7407,4.72063,1.44819
341,-14.7563,4.74176,1.51145
341,-14.8739,4.91704,2.05334
341,-14.3816,5.0959,0.670684
341,-14.8832,4.92371,2.05165
341,-14.7302,4.77717,1.37424
341,-14.6229,5.39284,1.6667
341,-14.6884,4.89983,1.29115
341,-14.7875,4.67375,1.35817
341,-14.811,4.65812,1.35835
341,-14.7703,4.85364,1.39055
341,-14.6934,5.01009,1.30053
341,-14.6895,5.42611,1.64528
341,-14.7103,5.04439,1.29653
341,-14.7233,5.07752,1.36823
341,-14.5901,4.88933,0.751669
341,-14.7368,5.07536,1.36524
341,-14.8297,4.79139,1.24478
341,-15.0449,4.57767,1.5844
341,-14.434,7.04504,2.10744
341,-14.486,6.93295,2.11146
341,-14.6779,5.09512,0.680735
341,-14.5008,6.68887,1.73756
341,-14.9441,5.29457,1.66834
341,-15.1075,4.53045,1.32629
341,-14.8201,4.72127,0.619871
341,-14.6864,5.03441,0.497701
341,-14.9868,5.31447,1.65744
341,-14.8575,4.72711,0.527389
341,-14.8079,4.86668,0.503827
341,-14.6622,6.59346,1.84806
341,-14.7365,5.05385,0.471873
341,-14.8656,4.75125,0.508449
341,-14.6747,6.62095,1.85911
341,-15.0495,5.33873,1.66288
341,-14.8823,4.74263,0.515631
341,-14.6807,6.63025,1.85357
341,-14.8068,5.0815,0.526643
341,-14.707,6.66223,1.84669
341,-15.1156,4.47873,0.745988
341,-15.1156,4.51818,0.698421
341,-14.8729,5.30398,0.752969
341,-14.8128,6.74386,1.91267
341,-14.8143,6.77034,1.93455
341,-14.8807,6.65597,1.80251
341,-14.9898,5.58181,1.01935
341,-15.1559,5.05846,-0.134276
341,-15.616,4.60494,0.211783
341,-15.2823,5.02803,-0.394278
341,-15.3336,4.98509,-0.435116
341,-15.6867,4.59603,0.170777
341,-15.7437,4.58653,0.136097
341,-15.1184,8.51194,0.476836
341,-15.1783,8.63067,0.432937
341,-16.9144,5.30303,2.27611
341,-16.7195,3.77313,-0.040499
341,-15.3098,8.58504,0.46835
341,-16.7671,3.73427,-0.0695145
341,-17.1223,5.06919,2.40821
341,-17.6697,3.39879,2.37632
341,-17.6587,2.62511,1.26108
341,-17.4691,4.16316,2.22985
341,-17.7851,2.58719,1.20437
341,-15.4768,8.79105,0.351934
341,-17.317,5.10523,2.24956
341,-17.4842,4.60287,2.21562
341,-15.496,8.7197,0.278279
341,-17.8395,4.0328,2.41994
341,-17.6747,4.68554,2.56814
341,-17.271,5.61514,2.22144
341,-17.4513,5.26857,2.35447
341,-17.6579,5.09709,2.55819
341,-17.2854,5.90428,2.22767
341,-17.8208,4.69162,2.57217
341,-17.25,6.10614,2.23302
341,-17.8317,2.5151,0.233156
341,-17.3564,5.85177,2.21327
341,-18.0889,4.03841,2.42816
341,-17.041,7.11294,2.25675
341,-17.7338,3.43321,0.582304
341,-18.4488,3.59852,2.9439
341,-17.0664,7.12964,2.254
341,-16.442,6.66849,-0.278101
341,-17.5524,4.35035,0.746189
341,-17.702,3.85296,0.694421
341,-17.5902,4.30509,0.752131
341,-17.2382,7.0371,2.34642
341,-16.4981,6.70331,-0.316386
341,-17.2647,7.09959,2.47825
341,-17.7575,3.92054,0.650831
341,-17.4111,7.15771,2.94094
341,-16.5496,6.69865,-0.297556
341,-17.6245,4.28752,0.504007
341,-17.5901,4.68255,0.713474
341,-17.6189,3.95657,-0.043808
341,-17.755,3.29234,-0.319894
341,-18.4081,4.03769,2.41927
341,-17.719,4.27987,0.496198
341,-17.6911,3.94799,-0.0822916
341,-17.6621,3.96333,-0.231689
341,-17.643,3.45241,-0.829913
341,-17.7098,4.71332,0.648569
341,-17.1994,8.88633,3.40277
341,-18.1723,2.64626,-0.197639
341,-18.2265,2.26947,-0.445701
341,-17.5314,4.19387,-0.651269
341,-17.679,3.39887,-1.02181
341,-18.053,3.04774,-0.22915
341,-17.5938,3.75437,-0.948564
341,-17.6116,3.76502,-0.948837
341,-18.1068,2.97907,-0.228917
341,-17.6142,3.77423,-0.977894
341,-17.9941,3.34379,-0.247899
341,-17.037,8.89236,2.43409
341,-17.1883,8.24684,2.215
341,-17.7202,3.4844,-1.2379
341,-18.0835,3.32977,-0.273176
341,-16.3588,9.31686,0.494725
341,-17.7725,3.50019,-1.23343
341,-16.8459,10.6779,3.28123
341,-18.3101,2.93614,-0.318983
341,-17.1957,8.97761,2.3793
341,-17.6188,4.22635,-1.64027
341,-17.7952,3.74345,-1.62561
341,-17.7099,3.69691,-1.9479
341,-17.806,3.73761,-1.62017
341,-18.0308,3.43575,-1.38521
341,-16.9213,10.4757,2.34969
341,-16.5469,9.62002,0.245328
341,-17.9415,3.71108,-1.63358
341,-17.7654,4.23322,-1.75853
341,-16.9583,10.7528,2.40819
341,-13.2234,5.26164,1.18379
340,-13.2234,5.26164,1.18379
341,-13.3833,5.7428,1.17063
340,-13.3833,5.7428,1.17063
341,-13.3138,5.41031,1.76483
340,-13.3138,5.41031,1.76483
341,-18.5586,9.17878,2.17373
340,-18.5586,9.17878,2.17373
341,-14.65,4.80376,0.248837
340,-14.65,4.80376,0.248837
341,-25.4496,8.1691,2.69937
340,-25.4496,8.1691,2.69937
341,-13.3291,5.18361,1.70175
340,-13.3291,5.18361,1.70175
341,-13.5738,5.20996,1.87518
340,-13.5738,5.20996,1.87518
341,-13.7497,4.85435,2.23353
340,-13.7497,4.85435,2.23353
341,-22.0367,7.61541,1.97549
340,-22.0367,7.61541,1.97549
341,-13.2065,5.22141,1.6507
340,-13.2065,5.22141,1.6507
341,-15.0682,4.72084,1.7782
340,-15.0682,4.72084,1.7782
341,-36.4365,13.2255,5.74457
340,-36.4365,13.2255,5.74457
341,-18.96,8.81455,2.84754
340,-18.96,8.81455,2.84754
341,-20.2154,12.4856,2.44829
340,-20.2154,12.4856,2.44829
341,-16.951,9.61874,2.21692
340,-16.951,9.61874,2.21692
341,-14.009,5.90146,1.93986
340,-14.009,5.90146,1.93986
341,-17.9909,3.09662,-0.196434
340,-17.9909,3.09662,-0.196434
341,-13.9794,5.87466,1.95369
340,-13.9794,5.87466,1.95369
341,-13.2906,5.25491,1.74652
340,-13.2906,5.25491,1.74652
341,-13.5018,5.3299,1.77496
340,-13.5018,5.3299,1.77496
341,-13.6256,6.13097,1.95834
340,-13.6256,6.13097,1.95834
341,-15.0237,4.56114,1.40584
340,-15.0237,4.56114,1.40584
341,-14.0751,5.94317,1.92777
340,-14.0751,5.94317,1.92777
341,-18.4956,8.54373,2.83686
339,-18.4956,8.54373,2.83686
341,-13.3152,5.4455,1.77011
339,-13.3152,5.4455,1.77011
341,-13.3419,5.49993,1.76746
339,-13.3419,5.49993,1.76746
341,-16.7302,7.9116,2.2379
339,-16.7302,7.9116,2.2379
341,-13.5498,5.19165,1.8441
339,-13.5498,5.19165,1.8441
341,-15.6383,5.69471,2.30331
339,-15.6383,5.69471,2.30331
341,-14.4892,7.01054,2.14555
339,-14.4892,7.01054,2.14555
341,-15.7122,8.06033,2.3454
339,-15.7122,8.06033,2.3454
341,-13.6066,5.39688,1.5523
339,-13.6066,5.39688,1.5523
341,-13.5057,5.35779,1.61421
339,-13.5057,5.35779,1.61421
341,-13.3676,5.46225,1.74241
339,-13.3676,5.46225,1.74241
341,-14.9385,4.5611,1.62622
339,-14.9385,4.5611,1.62622
341,-16.8902,3.74947,-0.0951465
339,-16.8902,3.74947,-0.0951465
341,-13.3775,5.42402,1.7174
136,-13.3775,5.42402,1.7174
341,-14.8201,4.73775,1.7789
136,-14.8201,4.73775,1.7789
341,-18.0949,5.03502,-2.42655
136,-18.0949,5.03502,-2.42655
341,-16.0259,4.89867,1.57769
136,-16.0259,4.89867,1.57769
341,-13.9399,5.21019,0.645553
136,-13.9399,5.21019,0.645553
341,-18.7527,8.73168,2.86954
136,-18.7527,8.73168,2.86954
341,-14.5935,4.84134,1.8926
136,-14.5935,4.84134,1.8926
341,-14.9046,4.7628,1.75968
136,-14.9046,4.7628,1.75968
341,-14.595,5.13759,1.79479
136,-14.595,5.13759,1.79479
341,-16.2589,3.78059,0.169812
136,-16.2589,3.78059,0.169812
341,-17.124,6.06067,2.22915
136,-17.124,6.06067,2.22915
341,-18.8581,8.86579,3.3057
136,-18.8581,8.86579,3.3057
341,-14.5673,5.1239,1.80163
136,-14.5673,5.1239,1.80163
341,-18.2466,8.43241,3.22407
136,-18.2466,8.43241,3.22407
341,-32.7446,5.4755,5.13336
136,-32.7446,5.4755,5.13336
341,-17.5803,5.67889,2.21258
136,-17.5803,5.67889,2.21258
341,-14.5275,5.1241,1.7949
136,-14.5275,5.1241,1.7949
341,-13.7366,5.12434,1.05132
136,-13.7366,5.12434,1.05132
341,-21.8502,11.328,4.41507
136,-21.8502,11.328,4.41507
341,-33.5852,5.53937,5.24178
136,-33.5852,5.53937,5.24178
341,-13.8107,5.20552,1.83076
136,-13.8107,5.20552,1.83076
341,-14.6141,7.17305,1.73259
136,-14.6141,7.17305,1.73259
341,-13.3934,6.07764,1.08238
136,-13.3934,6.07764,1.08238
341,-35.2961,5.64119,5.50354
136,-35.2961,5.64119,5.50354
341,-17.1529,3.85494,0.642297
136,-17.1529,3.85494,0.642297
341,-14.693,4.63828,1.80354
136,-14.693,4.63828,1.80354
341,-16.6044,4.53369,-0.358228
134,-16.6044,4.53369,-0.358228
341,-15.5176,5.7324,1.37726
134,-15.5176,5.7324,1.37726
341,-14.2718,4.81638,1.79676
134,-14.2718,4.81638,1.79676
341,-13.7515,5.10018,1.83409
134,-13.7515,5.10018,1.83409
341,-18.1471,7.11704,2.36253
134,-18.1471,7.11704,2.36253
341,-13.4268,5.20245,1.14898
134,-13.4268,5.20245,1.14898
341,-14.8585,4.73827,1.95827
134,-14.8585,4.73827,1.95827
341,-18.5684,8.87668,2.40005
134,-18.5684,8.87668,2.40005
341,-14.814,4.80915,1.80137
139,-14.814,4.80915,1.80137
341,-13.6653,5.20356,1.18145
139,-13.6653,5.20356,1.18145
341,-16.4042,5.43297,2.26263
338,-16.4042,5.43297,2.26263
341,-14.7299,6.4398,2.3685
338,-14.7299,6.4398,2.3685
341,-20.8276,7.54314,0.0818883
338,-20.8276,7.54314,0.0818883
341,-19.709,7.42091,0.207412
338,-19.709,7.42091,0.207412
341,-18.7077,9.41783,2.76583
338,-18.7077,9.41783,2.76583
341,-18.7859,9.4673,2.76709
338,-18.7859,9.4673,2.76709
341,-13.3204,5.48333,1.5575
338,-13.3204,5.48333,1.5575
341,-14.9621,6.69189,2.3371
338,-14.9621,6.69189,2.3371
341,-17.4679,4.52212,2.22026
130,-17.4679,4.52212,2.22026
341,-19.147,8.95063,2.81873
140,-19.147,8.95063,2.81873
341,-18.9064,9.03013,2.72833
140,-18.9064,9.03013,2.72833
341,-12.7259,5.10522,2.24386
140,-12.7259,5.10522,2.24386
341,-17.1312,7.06215,2.42021
140,-17.1312,7.06215,2.42021
341,-17.463,5.28864,2.34538
142,-17.463,5.28864,2.34538
341,-15.9345,8.33202,2.44522
142,-15.9345,8.33202,2.44522
341,-18.806,9.00076,3.20985
337,-18.806,9.00076,3.20985
342,-12.1617,3.93321,2.49861
342,-12.2658,4.13546,2.47888
342,-12.2658,4.13584,2.47872
342,-12.2665,4.13602,2.48058
342,-12.9806,4.67488,2.43348
342,-13.1075,4.82932,1.44056
342,-13.1521,4.86119,1.41511
342,-13.8203,4.00292,2.39785
342,-13.0543,5.29887,1.27742
342,-13.2957,5.18726,1.48744
342,-13.3309,5.35855,1.74533
342,-13.3104,5.16701,1.49277
342,-13.1747,5.24619,1.1628
342,-13.1899,5.26299,1.14937
342,-13.283,5.24744,1.39726
342,-13.314,5.06943,1.26086
342,-13.1613,5.5073,1.19769
342,-13.1465,5.49474,1.14326
342,-13.2,5.7006,1.45863
342,-13.2609,5.24961,1.17287
342,-13.2896,5.1908,1.19532
342,-13.2211,5.71805,1.48947
342,-13.2765,5.23671,1.17703
342,-13.2971,5.17835,1.17968
342,-13.1823,5.52721,1.17199
342,-13.3454,5.09878,1.22617
342,-13.2178,5.71953,1.43982
342,-13.2169,5.72457,1.43528
342,-13.4875,5.28763,1.78803
342,-13.3033,5.2146,1.17535
342,-13.2264,5.73378,1.42302
342,-13.4111,5.03662,1.25429
342,-13.3854,5.70343,1.79962
342,-13.3953,5.70165,1.81722
342,-13.2439,5.46046,1.092
342,-13.3776,5.78735,1.73054
342,-13.5199,5.66017,2.01701
342,-13.4929,5.33638,1.61906
342,-13.4275,5.30688,1.39007
342,-13.6877,5.27112,1.7967
342,-13.6317,5.33704,1.67376
342,-13.704,5.29091,1.80203
342,-13.5794,5.15094,1.29197
342,-13.5625,5.53746,1.59743
342,-13.607,5.1739,1.26778
342,-13.7981,5.49273,2.09991
342,-13.6387,5.47765,1.5397
342,-13.736,5.42707,1.43752
342,-13.3749,6.23079,1.13103
342,-13.4019,6.25354,1.17362
342,-13.6783,5.01376,0.73987
342,-13.6519,5.75733,1.35718
342,-13.7231,5.67198,1.31544
342,-13.8371,5.23332,1.11581
342,-14.0579,5.36035,1.73824
342,-13.9022,5.22343,1.11849
342,-13.9856,5.09623,1.14916
342,-13.9152,4.9815,0.806701
342,-13.9832,5.14171,1.15035
342,-14.018,5.10269,1.20096
342,-13.9475,5.19018,1.07501
342,-13.9203,5.25461,1.05635
342,-14.0321,5.0661,1.18538
342,-14.0182,5.06831,1.1401
342,-14.0276,5.1087,1.19364
342,-13.954,5.20162,1.06644
342,-14.0319,5.11927,1.18217
342,-13.9678,5.20117,1.05635
342,-14.0343,5.03524,0.970421
342,-14.0342,5.04266,0.954187
342,-14.0491,5.04495,0.95828
342,-14.0659,5.08676,1.02541
342,-14.5778,5.05504,2.1987
342,-14.2937,5.47316,1.68737
342,-14.5889,4.69579,1.75819
342,-14.5934,4.69593,1.75576
342,-14.0326,5.26454,0.663818
342,-14.6028,4.69101,1.76937
342,-14.5138,4.81782,1.60186
342,-14.4769,4.76271,1.43528
342,-14.4507,4.82204,1.40644
342,-14.7135,4.64318,1.75066
342,-14.5242,4.84586,1.37882
342,-14.682,4.68522,1.65486
342,-14.7228,4.65564,1.74261
342,-14.6168,4.70932,1.40714
342,-14.6356,4.81012,1.54018
342,-14.7544,5.05503,2.11174
342,-14.6861,4.81461,1.53562
342,-13.9796,6.30147,0.852484
342,-14.7127,4.81492,1.52956
342,-14.6899,4.72497,1.30456
342,-14.8102,4.6493,1.49232
342,-14.8529,4.61526,1.52001
342,-14.8204,4.61921,1.40587
342,-14.5239,4.82675,0.703732
342,-14.9678,4.70137,1.82851
342,-14.361,6.94555,2.10876
342,-15.0028,4.77169,1.92053
342,-14.3292,5.43295,0.563669
342,-15.0197,4.78931,1.92187
342,-13.9716,7.122,1.07165
342,-14.3836,6.61312,1.76488
342,-14.7544,5.05466,1.35225
342,-14.9006,4.79118,1.21896
342,-15.0936,4.57882,1.56611
342,-14.6512,4.82201,0.508074
342,-14.4991,7.08102,2.16222
342,-14.5239,6.95634,2.11164
342,-14.9039,4.86993,1.20795
342,-14.5569,6.99246,2.10328
342,-14.4438,6.99627,1.75851
342,-15.1229,4.59543,1.46256
342,-15.0811,4.53511,1.28115
342,-15.1693,4.60635,1.56173
342,-15.1442,4.60056,1.45728
342,-14.7148,5.0809,0.649749
342,-15.133,4.59644,1.39464
342,-14.7157,5.10069,0.655884
342,-14.6981,5.03039,0.48192
342,-14.7157,5.03584,0.475936
342,-14.8364,4.72827,0.436021
342,-15.2234,4.60518,1.33571
342,-14.8933,4.74391,0.399444
342,-14.6996,6.8882,1.73518
342,-14.9355,5.33916,0.688162
342,-14.9622,4.86446,0.301622
342,-14.96,5.37329,0.672961
342,-14.9757,5.35457,0.656795
342,-14.9473,6.89035,1.80506
342,-15.1785,4.56881,0.215525
342,-15.3778,4.53186,0.525882
342,-15.4806,4.55544,0.469483
342,-15.6111,4.58917,0.394135
342,-15.2476,4.95191,-0.368937
342,-15.5736,4.60436,0.235304
342,-15.5727,4.60361,0.214907
342,-15.6198,4.57603,0.203098
342,-15.2891,5.05933,-0.468732
342,-14.8683,8.31062,0.504893
342,-16.3582,5.83078,2.29092
342,-16.3707,5.79753,2.26729
342,-14.9782,8.35594,0.54309
342,-14.9343,8.43289,0.466369
342,-16.652,5.38755,2.25549
342,-17.2852,3.62945,2.22735
342,-16.2957,4.53229,-0.0117495
342,-16.3288,4.48347,-0.049948
342,-16.9743,5.01393,2.26625
342,-15.8392,6.27144,0.107087
342,-17.3589,4.30499,2.41753
342,-17.426,4.38343,2.35201
342,-16.8038,3.75963,-0.116251
342,-16.6719,6.86379,2.26998
342,-16.4393,6.13691,0.557868
342,-17.5393,4.9627,2.57082
342,-16.9396,3.68753,-0.367448
342,-17.858,2.57829,1.1916
342,-16.2443,5.14553,-1.07289
342,-17.4858,5.10736,2.39599
342,-17.433,5.26963,2.35773
342,-17.9084,2.56021,1.15579
342,-16.8976,3.91362,-0.528783
342,-17.5257,5.15332,2.40884
342,-17.1866,6.07899,2.22752
342,-17.7637,5.22506,3.04566
342,-16.3862,5.21023,-1.19561
342,-17.6419,5.19364,2.36011
342,-18.3559,3.67407,2.9242
342,-17.3406,6.14112,2.21991
342,-16.9328,7.63389,2.401
342,-16.3295,6.86288,-0.119396
342,-17.7458,2.13424,-0.488662
342,-17.9406,2.60467,0.443192
342,-17.7266,3.44156,0.569536
342,-17.7385,3.44669,0.568127
342,-17.5171,4.31981,0.717254
342,-17.3606,3.93788,-0.135303
342,-17.7999,3.51335,0.652709
342,-17.8174,3.50457,0.620296
342,-17.6785,3.11785,-0.170931
342,-17.5522,6.8911,2.87874
342,-16.4732,6.95592,-0.18519
342,-17.4929,3.38309,-0.637765
342,-17.3938,7.00488,2.3418
342,-17.2358,3.4005,-1.55534
342,-17.5534,3.39674,-0.696636
342,-17.493,4.08481,-0.257075
342,-16.7559,4.91814,-1.62561
342,-17.6837,6.97743,2.88823
342,-17.3036,4.21558,-0.806006
342,-17.4325,4.83957,0.113329
342,-17.7167,6.29475,2.19621
342,-17.3564,4.18841,-0.829898
342,-17.4803,4.83734,0.0854599
342,-17.3497,4.22755,-0.867562
342,-17.0071,8.78002,2.35862
342,-17.5229,4.84763,0.135817
342,-17.6491,3.44871,-0.82202
342,-17.4644,4.76115,-0.140579
342,-18.1039,5.36103,2.21554
342,-17.7434,7.39278,2.98259
342,-18.3889,2.60701,0.315126
342,-17.3699,7.92981,2.36552
342,-17.8094,4.74214,0.613913
342,-17.5945,4.87139,0.101337
342,-17.9715,3.34851,-0.244761
342,-17.39,7.96803,2.36498
342,-17.8449,4.7483,0.616696
342,-18.0049,3.3422,-0.259401
342,-17.0837,6.6534,0.167373
342,-19.0396,3.70985,2.96647
342,-17.091,6.57876,-0.0530171
342,-18.3361,2.26181,-0.514152
342,-17.8296,3.42769,-0.885792
342,-17.8679,3.42158,-0.910919
342,-19.1271,3.71204,2.96633
342,-18.832,3.80524,2.16151
342,-17.4504,4.2266,-1.43294
342,-17.7797,3.94075,-0.766839
342,-18.096,2.33591,-1.42186
342,-17.9978,4.76867,0.568514
342,-18.0559,7.18784,2.91433
342,-17.571,4.08799,-1.40576
342,-17.5673,4.16995,-1.37717
342,-18.4563,2.56469,-0.351516
342,-17.92,4.11086,-0.469512
342,-17.4348,4.21662,-1.78366
342,-17.7348,3.39146,-1.70154
342,-17.2274,6.63777,-0.127693
342,-18.255,4.23843,0.541275
342,-17.2672,6.6546,-0.137616
342,-18.273,4.35611,0.542109
342,-17.9304,3.48042,-1.38657
342,-17.6912,3.7473,-2.04038
342,-17.5578,4.24377,-2.04011
342,-13.7446,5.0487,0.912317
341,-13.7446,5.0487,0.912317
342,-13.3415,5.25168,1.37983
341,-13.3415,5.25168,1.37983
342,-13.5135,5.3166,1.76021
341,-13.5135,5.3166,1.76021
342,-19.1172,7.36636,0.198505
341,-19.1172,7.36636,0.198505
342,-18.9372,7.28513,0.254233
341,-18.9372,7.28513,0.254233
342,-13.7375,5.0451,0.91845
341,-13.7375,5.0451,0.91845
342,-13.6578,5.41659,1.50733
341,-13.6578,5.41659,1.50733
342,-15.1592,5.57003,1.48444
341,-15.1592,5.57003,1.48444
342,-17.0838,7.13662,2.25249
341,-17.0838,7.13662,2.25249
342,-21.9182,7.85372,1.98738
341,-21.9182,7.85372,1.98738
342,-13.6562,5.25106,1.818
341,-13.6562,5.25106,1.818
342,-13.2921,5.33994,1.43527
341,-13.2921,5.33994,1.43527
342,-41.3583,15.056,6.36782
341,-41.3583,15.056,6.36782
342,-38.8834,5.90436,5.88401
341,-38.8834,5.90436,5.88401
342,-13.4052,5.18202,1.17296
341,-13.4052,5.18202,1.17296
342,-13.3676,5.152,1.21278
341,-13.3676,5.152,1.21278
342,-17.6096,4.04858,2.42681
341,-17.6096,4.04858,2.42681
342,-14.772,4.68626,1.43365
341,-14.772,4.68626,1.43365
342,-16.0202,5.6718,2.30577
340,-16.0202,5.6718,2.30577
342,-17.3016,6.06437,2.24677
340,-17.3016,6.06437,2.24677
342,-19.3239,7.6993,2.30867
340,-19.3239,7.6993,2.30867
342,-13.4809,5.24375,1.60432
340,-13.4809,5.24375,1.60432
342,-14.8318,4.73938,1.88973
340,-14.8318,4.73938,1.88973
342,-17.5133,3.92944,-0.917711
340,-17.5133,3.92944,-0.917711
342,-13.2508,5.37131,1.5987
340,-13.2508,5.37131,1.5987
342,-13.9463,5.32019,1.76207
340,-13.9463,5.32019,1.76207
342,-17.0334,8.72529,3.23472
340,-17.0334,8.72529,3.23472
342,-18.6491,9.58062,2.39869
340,-18.6491,9.58062,2.39869
342,-16.8833,8.71656,2.42377
340,-16.8833,8.71656,2.42377
342,-18.2449,9.26606,2.42272
340,-18.2449,9.26606,2.42272
342,-14.9013,4.70127,1.69937
136,-14.9013,4.70127,1.69937
342,-14.7014,4.84581,1.2927
136,-14.7014,4.84581,1.2927
342,-14.6033,6.3775,1.87378
136,-14.6033,6.3775,1.87378
342,-14.6119,6.38606,1.87348
136,-14.6119,6.38606,1.87348
342,-14.7961,6.54624,1.84086
136,-14.7961,6.54624,1.84086
342,-15.4445,7.75448,1.48215
136,-15.4445,7.75448,1.48215
342,-15.0192,4.90046,1.37801
136,-15.0192,4.90046,1.37801
342,-14.6764,6.95576,1.67327
136,-14.6764,6.95576,1.67327
342,-13.4666,5.2349,1.50018
136,-13.4666,5.2349,1.50018
342,-14.6961,6.45856,1.8577
136,-14.6961,6.45856,1.8577
342,-15.192,6.95097,1.78174
136,-15.192,6.95097,1.78174
342,-13.845,5.31862,1.39502
136,-13.845,5.31862,1.39502
342,-20.0711,5.41206,-4.75109
129,-20.0711,5.41206,-4.75109
342,-17.2179,5.42937,2.22012
129,-17.2179,5.42937,2.22012
342,-19.9951,5.77295,-4.79387
129,-19.9951,5.77295,-4.79387
342,-17.2777,5.46483,2.22074
129,-17.2777,5.46483,2.22074
342,-17.6412,3.70699,2.2205
129,-17.6412,3.70699,2.2205
342,-17.8468,3.51409,-1.50634
129,-17.8468,3.51409,-1.50634
342,-15.0717,5.25288,1.70213
130,-15.0717,5.25288,1.70213
342,-17.8561,3.23201,-1.66546
130,-17.8561,3.23201,-1.66546
342,-18.0681,2.97173,-0.201005
130,-18.0681,2.97173,-0.201005
342,-18.6761,9.14799,2.79537
130,-18.6761,9.14799,2.79537
342,-18.0516,2.37803,-1.26304
130,-18.0516,2.37803,-1.26304
342,-17.0825,6.64451,0.976126
338,-17.0825,6.64451,0.976126
342,-16.8929,9.78332,2.28877
338,-16.8929,9.78332,2.28877
343,-12.2146,3.75368,2.48167
343,-12.2183,3.76284,2.48152
343,-12.2632,3.80619,2.47339
343,-12.5426,3.77604,2.50089
343,-13.2322,5.0655,1.76291
343,-13.2529,5.08386,1.7522
343,-13.6371,4.47643,2.40503
343,-13.2563,5.19863,1.75948
343,-13.262,5.1921,1.75149
343,-13.3172,5.09499,1.71976
343,-13.4129,5.01271,1.91101
343,-13.3127,5.14274,1.71632
343,-13.1754,5.26128,1.3847
343,-13.3119,5.07528,1.60165
343,-13.4314,5.02429,1.82323
343,-13.3934,5.17619,1.82022
343,-13.4647,5.06722,1.88095
343,-13.2545,4.80573,1.03361
343,-13.3839,4.79694,1.32799
343,-13.3258,5.20355,1.38032
343,-13.3679,5.20043,1.40328
343,-13.348,4.84895,1.03881
343,-13.3582,5.25661,1.36789
343,-13.4258,4.80663,1.18588
343,-13.6236,4.98704,1.89553
343,-13.4237,4.81274,1.17651
343,-13.3935,5.22032,1.3802
343,-13.4055,5.23298,1.37446
343,-13.6252,5.07073,1.87121
343,-13.4276,5.24069,1.41788
343,-13.4582,4.82763,1.15925
343,-13.4873,4.83078,1.23508
343,-13.4348,4.87425,1.07927
343,-13.453,5.1969,1.36823
343,-13.437,4.87631,1.07608
343,-13.4286,4.879,1.05348
343,-13.426,5.21944,1.12604
343,-13.5095,5.26049,1.3906
343,-13.3917,5.32833,1.09419
343,-13.4313,5.22188,1.11792
343,-13.4595,5.20949,1.14283
343,-13.4183,5.3327,1.07928
343,-13.6444,5.72711,1.9756
343,-13.5828,5.22052,1.35334
343,-13.6635,5.74903,1.96866
343,-13.6935,5.18458,1.58129
343,-13.6088,5.23184,1.35488
343,-13.7251,5.11402,1.5981
343,-13.7291,5.11674,1.60062
343,-13.6564,5.0251,1.18605
343,-13.653,5.31723,1.3525
343,-13.992,4.77878,1.84019
343,-13.7256,4.81247,0.962643
343,-14.04,4.80432,1.82658
343,-13.7472,4.85907,0.827326
343,-13.7673,4.88532,0.795536
343,-13.7931,4.89667,0.777663
343,-13.8156,4.91644,0.850564
343,-13.8289,4.92037,0.88876
343,-13.8877,5.19453,1.1324
343,-13.8937,5.22266,1.14037
343,-14.1673,5.43236,2.07964
343,-14.1639,5.45008,2.07944
343,-14.1742,5.4326,2.0786
343,-14.0026,5.0017,1.20173
343,-13.9768,4.99048,1.00345
343,-14.0718,5.07238,1.15709
343,-14.0609,5.08699,0.972635
343,-13.97,5.46413,0.937185
343,-14.5292,4.74225,1.86404
343,-14.0212,5.49245,0.900835
343,-14.5507,4.78897,1.86463
343,-14.5991,4.97053,2.13562
343,-14.5659,4.79295,1.86646
343,-14.6185,5.03516,2.1955
343,-14.5731,4.76659,1.85704
343,-14.6123,4.98154,2.13376
343,-14.65,5.06635,2.19353
343,-14.6565,5.09495,2.19219
343,-14.6318,5.11343,2.11617
343,-14.6311,4.70362,1.7477
343,-14.5564,4.60615,1.40719
343,-14.6052,4.77026,1.56735
343,-14.7477,4.66905,1.71724
343,-14.634,4.68628,1.3385
343,-14.6882,4.69177,1.4819
343,-14.7053,4.71708,1.53246
343,-14.6994,4.68121,1.48648
343,-14.6518,4.92614,1.53183
343,-14.7056,4.62645,1.40324
343,-14.9031,4.735,1.94826
343,-14.2426,5.69784,0.656365
343,-14.9286,4.68997,1.83899
343,-14.8962,4.6279,1.69079
343,-14.9189,4.62957,1.69991
343,-14.3762,5.78087,0.84898
343,-14.5604,6.73111,2.05973
343,-14.7896,4.83775,1.25662
343,-14.6012,6.79693,2.05001
343,-15.0485,4.5726,1.56164
343,-15.0446,4.58223,1.55258
343,-14.9294,4.90805,1.3447
343,-14.7073,5.208,0.824698
343,-14.723,6.58346,1.88463
343,-14.7897,4.694,0.584972
343,-14.7197,5.07129,0.649948
343,-14.8416,4.70061,0.617171
343,-14.732,5.06249,0.570339
343,-14.7399,5.03392,0.570517
343,-14.7659,5.04076,0.546544
343,-15.0343,4.96462,1.22841
343,-14.8994,4.61088,0.505252
343,-14.9823,5.0639,1.09239
343,-14.8956,4.83539,0.54356
343,-14.9239,5.03278,0.535852
343,-14.8321,6.0728,0.816062
343,-14.8856,5.23134,0.269925
343,-14.8951,5.23664,0.262898
343,-14.9059,5.26003,0.272653
343,-15.0233,4.9593,0.364853
343,-14.9273,5.25399,0.248559
343,-14.9853,5.88109,0.682893
343,-15.3175,4.48211,0.478215
343,-15.1758,6.16933,0.83554
343,-16.4976,4.19137,2.2738
343,-15.5479,6.15971,0.7965
343,-15.7788,4.68478,0.325288
343,-16.6129,4.20316,2.26458
343,-15.4056,6.55025,0.485071
343,-15.8693,4.63601,0.285072
343,-15.5318,6.38246,0.595981
343,-15.774,4.77183,-0.342839
343,-15.8038,4.75814,-0.3652
343,-15.7976,4.79024,-0.366935
343,-15.761,6.55595,0.457042
343,-17.1036,3.77508,2.24777
343,-17.7594,1.70386,2.36957
343,-17.8712,1.81961,2.40388
343,-16.5961,3.68756,-0.077683
343,-17.1811,4.48484,2.23463
343,-17.394,4.01243,2.43872
343,-18.017,1.58002,2.38349
343,-17.7351,3.54747,2.94
343,-17.4005,1.99529,0.768271
343,-17.4374,3.9544,2.35137
343,-16.604,3.67291,-0.311873
343,-16.8862,5.96769,2.24409
343,-17.7824,3.54376,2.84078
343,-17.2769,5.05723,2.4349
343,-16.6821,4.59696,0.335578
343,-17.2762,5.06442,2.39727
343,-17.5238,2.6131,1.24704
343,-17.6806,3.54511,2.37158
343,-16.8154,3.76191,-0.0740004
343,-17.2726,5.15987,2.18701
343,-18.499,1.73486,3.04855
343,-17.6852,4.04791,2.42486
343,-17.0219,4.57154,0.871545
343,-17.4592,5.1128,2.36486
343,-17.4922,5.125,2.40506
343,-17.1005,4.60165,0.860155
343,-17.501,5.1715,2.35771
343,-17.814,1.81401,0.694814
343,-17.962,3.52025,2.34192
343,-17.4077,3.77016,0.778695
343,-17.2021,4.63639,0.810086
343,-17.3192,7.1228,2.93
343,-16.5516,4.66924,-1.19995
343,-17.0989,4.66879,0.351739
343,-18.8523,1.64402,3.08435
343,-17.8124,5.02181,2.5708
343,-16.4862,5.28884,-1.12838
343,-17.6634,5.36346,2.36953
343,-18.0964,3.69135,2.34938
343,-17.2474,4.91575,0.600323
343,-17.3982,6.9918,2.38973
343,-17.2039,3.73303,-0.71092
343,-17.6537,3.93311,0.703342
343,-18.2741,3.70781,2.34425
343,-17.6545,3.94065,0.68491
343,-17.2581,3.74936,-0.725208
343,-17.4266,7.15935,2.35601
343,-18.3362,3.69444,2.34896
343,-18.118,1.21229,-0.18012
343,-17.5857,7.01676,2.6433
343,-17.5221,2.24967,-1.22158
343,-17.2872,4.71933,-0.0654681
343,-17.0617,8.86047,2.39207
343,-17.3095,4.74324,-0.0332713
343,-17.4927,4.81415,0.542051
343,-17.0812,8.84733,2.36261
343,-17.6501,4.2724,0.538605
343,-17.6842,4.34762,0.666528
343,-18.2199,1.17354,-0.193118
343,-17.6695,4.2537,0.532855
343,-17.5209,7.22594,2.34146
343,-17.9079,5.69865,2.19774
343,-18.0755,2.46708,0.191434
343,-17.6624,7.08368,2.46297
343,-17.6456,2.3576,-1.37597
343,-17.6669,2.41168,-1.27374
343,-17.7138,2.39872,-1.15484
343,-17.672,4.96826,0.65653
343,-17.4734,3.73238,-0.86681
343,-17.0941,6.6093,0.183895
343,-18.1923,1.27601,-0.711688
343,-17.5049,3.76012,-0.890001
343,-17.6015,7.48773,2.22767
343,-17.0757,6.64845,-0.00977468
343,-17.5806,3.91658,-0.644912
343,-17.5339,4.87304,-0.0616529
343,-18.0866,2.63218,-0.166192
343,-17.8752,6.94871,2.42994
343,-17.7822,7.48145,2.48806
343,-17.6879,7.4169,2.13152
343,-17.593,4.88689,-0.0853932
343,-18.3235,2.61148,0.294607
343,-17.206,6.67791,0.102855
343,-18.3954,1.45309,-0.411808
343,-18.1814,3.43505,0.421278
343,-17.894,2.39166,-1.2627
343,-17.8908,2.1704,-1.46614
343,-17.7713,3.36519,-1.05166
343,-18.3542,0.762353,-1.40656
343,-18.1119,1.20928,-1.77668
343,-18.0143,7.07991,2.36442
343,-18.0513,3.27874,-0.456014
343,-17.2152,7.01225,-0.0863848
343,-18.3177,3.41676,0.367848
343,-18.0747,7.07992,2.37916
343,-18.5108,1.19789,-0.84372
343,-17.5798,4.14433,-1.38777
343,-18.3646,1.96693,-0.796013
343,-17.9042,7.69718,2.22372
343,-18.2951,2.93967,-0.277529
343,-18.6216,1.38495,-0.52151
343,-14.7599,5.64058,2.0081
342,-14.7599,5.64058,2.0081
343,-17.8751,4.19186,-1.58968
342,-17.8751,4.19186,-1.58968
343,-17.5546,3.93547,-1.26806
342,-17.5546,3.93547,-1.26806
343,-17.0387,3.75335,-0.244043
342,-17.0387,3.75335,-0.244043
343,-17.468,4.21957,-1.71367
342,-17.468,4.21957,-1.71367
343,-17.8565,3.29515,-1.34361
342,-17.8565,3.29515,-1.34361
343,-21.9685,5.16203,2.99425
342,-21.9685,5.16203,2.99425
343,-18.256,4.99471,-3.12736
342,-18.256,4.99471,-3.12736
343,-19.4934,6.72333,2.93857
342,-19.4934,6.72333,2.93857
343,-13.6903,5.23661,1.09034
342,-13.6903,5.23661,1.09034
343,-18.7524,8.92489,3.29161
342,-18.7524,8.92489,3.29161
343,-18.6472,4.50473,-0.190657
342,-18.6472,4.50473,-0.190657
343,-14.2372,4.91146,1.7651
342,-14.2372,4.91146,1.7651
343,-18.0019,3.19575,-1.75826
342,-18.0019,3.19575,-1.75826
343,-13.8854,5.13662,0.915676
342,-13.8854,5.13662,0.915676
343,-21.0773,14.58,2.97297
342,-21.0773,14.58,2.97297
343,-17.8555,3.46816,-1.30749
342,-17.8555,3.46816,-1.30749
343,-13.5785,4.99741,0.933888
342,-13.5785,4.99741,0.933888
343,-18.8083,8.72162,2.84179
342,-18.8083,8.72162,2.84179
343,-21.584,4.77972,2.98673
342,-21.584,4.77972,2.98673
343,-19.3434,8.77945,3.36183
342,-19.3434,8.77945,3.36183
343,-17.7939,4.71543,0.624457
342,-17.7939,4.71543,0.624457
343,-13.4516,5.23839,1.79509
342,-13.4516,5.23839,1.79509
343,-19.0578,9.82108,2.98221
342,-19.0578,9.82108,2.98221
343,-17.8835,2.56953,1.19459
342,-17.8835,2.56953,1.19459
343,-13.5201,5.30574,1.76624
342,-13.5201,5.30574,1.76624
343,-17.6827,3.77763,0.663096
341,-17.6827,3.77763,0.663096
343,-17.2646,5.89483,2.22477
341,-17.2646,5.89483,2.22477
343,-17.7732,4.23186,-2.06572
341,-17.7732,4.23186,-2.06572
343,-13.3104,5.2307,1.16138
341,-13.3104,5.2307,1.16138
343,-18.8995,9.32996,2.78188
341,-18.8995,9.32996,2.78188
343,-19.2136,9.08598,3.34678
341,-19.2136,9.08598,3.34678
343,-18.0357,3.25127,-0.459146
341,-18.0357,3.25127,-0.459146
343,-32.2309,11.6694,5.22847
341,-32.2309,11.6694,5.22847
343,-18.0012,2.99347,-0.190212
341,-18.0012,2.99347,-0.190212
343,-18.156,3.38148,0.44155
341,-18.156,3.38148,0.44155
343,-13.2716,5.33176,1.61113
341,-13.2716,5.33176,1.61113
343,-19.0683,9.74027,2.9987
341,-19.0683,9.74027,2.9987
343,-20.5394,10.5718,2.02609
340,-20.5394,10.5718,2.02609
343,-18.765,9.3213,2.49683
340,-18.765,9.3213,2.49683
343,-18.6454,8.92387,2.36431
340,-18.6454,8.92387,2.36431
343,-14.8666,4.90914,2.06027
340,-14.8666,4.90914,2.06027
343,-16.5852,7.40679,2.37042
129,-16.5852,7.40679,2.37042
343,-17.849,3.62994,-1.76339
129,-17.849,3.62994,-1.76339
343,-17.6227,3.81896,2.21408
129,-17.6227,3.81896,2.21408
343,-17.9278,3.34693,-1.80306
129,-17.9278,3.34693,-1.80306
343,-17.9475,3.90648,2.20682
129,-17.9475,3.90648,2.20682
343,-17.3671,6.19378,2.21493
129,-17.3671,6.19378,2.21493
343,-13.8277,5.20248,1.78282
129,-13.8277,5.20248,1.78282
343,-17.1648,4.30881,0.856887
130,-17.1648,4.30881,0.856887
343,-13.5761,3.52616,1.44899
130,-13.5761,3.52616,1.44899
343,-17.7347,3.48564,-1.28067
130,-17.7347,3.48564,-1.28067
343,-17.8469,3.38561,-1.35885
130,-17.8469,3.38561,-1.35885
343,-17.7587,3.2217,-1.60552
130,-17.7587,3.2217,-1.60552
343,-17.744,3.75747,-2.38904
130,-17.744,3.75747,-2.38904
343,-17.7755,3.28058,-0.326214
130,-17.7755,3.28058,-0.326214
343,-18.0375,1.24012,-0.497689
130,-18.0375,1.24012,-0.497689
343,-17.7312,5.15216,-2.17778
126,-17.7312,5.15216,-2.17778
343,-17.4606,7.97254,2.20306
339,-17.4606,7.97254,2.20306
343,-17.288,6.42383,2.2475
339,-17.288,6.42383,2.2475
343,-17.1137,6.8192,3.24863
339,-17.1137,6.8192,3.24863
343,-17.2049,7.59869,2.2431
338,-17.2049,7.59869,2.2431
344,-12.2749,3.47971,2.47814
344,-12.9788,3.56991,2.44451
344,-13.4425,5.19057,1.66292
344,-13.4633,5.23541,1.65026
344,-13.326,5.22467,1.14632
344,-13.5612,5.14607,1.8004
344,-13.5691,5.15504,1.7602
344,-13.4231,5.21985,1.14803
344,-13.6799,5.11916,1.84085
344,-13.4447,5.1689,1.15444
344,-13.5319,5.17776,1.39586
344,-13.4485,5.22046,1.1543
344,-13.5724,5.24371,1.41942
344,-13.4983,4.91098,0.909928
344,-13.5132,4.94984,0.934937
344,-13.5326,4.96236,0.912152
344,-13.5329,4.96441,0.91374
344,-13.7331,5.11159,1.60629
344,-13.7385,5.10951,1.61811
344,-13.747,5.12778,1.60278
344,-13.636,4.96205,0.980211
344,-13.9267,5.15477,1.55993
344,-13.7816,4.87575,0.866181
344,-13.7943,4.89039,0.848005
344,-13.964,5.19354,1.54149
344,-13.8183,5.09176,0.969215
344,-13.8687,5.15803,1.13321
344,-13.9014,5.22059,1.13011
344,-13.9584,4.96143,0.96814
344,-14.0114,5.0805,1.18835
344,-14.0555,5.04631,1.16956
344,-14.3398,4.85419,1.7828
344,-13.9949,5.01599,0.461743
344,-14.5517,4.7244,1.85838
344,-14.7136,5.09714,2.19067
344,-14.6932,4.70543,1.64017
344,-14.687,4.71293,1.62394
344,-14.6876,4.85852,1.34288
344,-14.7554,4.6435,1.3853
344,-14.7376,4.82493,1.42271
344,-14.7453,4.69394,1.31328
344,-14.7375,4.7202,1.29788
344,-14.8617,4.59062,1.55337
344,-14.8281,4.58546,1.42747
344,-14.8371,4.60801,1.41618
344,-14.6903,4.93285,1.18408
344,-14.8426,4.62222,1.41473
344,-14.7704,4.74883,1.28315
344,-14.8338,4.58386,1.33875
344,-14.7182,4.94814,1.20376
344,-14.6748,5.18866,0.815342
344,-14.6796,4.86442,0.601644
344,-15.0673,4.58917,1.54742
344,-15.0461,4.55062,1.42095
344,-14.7793,4.66928,0.674847
344,-14.7085,5.21419,0.798638
344,-14.7002,4.98716,0.582567
344,-14.711,5.04516,0.577668
344,-14.7441,5.2355,0.771684
344,-14.7025,5.01555,0.475189
344,-14.7897,4.67627,0.503927
344,-14.705,5.01358,0.472852
344,-15.1249,4.60967,1.45996
344,-14.7664,5.26412,0.821302
344,-15.1187,4.59332,1.40439
344,-15.1233,4.5936,1.39959
344,-14.7447,4.91023,0.443043
344,-15.1418,4.60065,1.43045
344,-14.8262,4.64132,0.502093
344,-14.7536,5.04953,0.558437
344,-14.8357,4.64443,0.500688
344,-14.8345,4.6525,0.495553
344,-15.159,4.60551,1.42837
344,-15.1641,4.59288,1.43172
344,-14.7918,5.28777,0.752413
344,-14.8633,4.65664,0.484153
344,-14.9368,4.65623,0.463532
344,-14.9032,4.69291,0.300666
344,-15.0222,4.59168,0.384617
344,-14.9013,4.93623,0.163892
344,-14.93,4.94334,0.143258
344,-14.9483,4.95845,0.142446
344,-14.946,4.96835,0.131623
344,-15.398,4.6273,0.486252
344,-15.0558,4.98989,-0.32095
344,-15.0775,5.01949,-0.34317
344,-15.1136,5.0554,-0.397238
344,-15.5101,4.63533,0.460905
344,-15.1584,5.05977,-0.413726
344,-15.3003,6.50598,0.288821
344,-15.6895,5.97383,0.905695
344,-15.7704,6.16651,0.00607085
344,-16.3108,4.80714,0.425398
344,-18.0981,1.42405,3.0869
344,-17.8227,1.63327,2.39544
344,-17.3152,3.67475,2.24253
344,-15.9919,6.79402,0.365525
344,-17.0935,4.74275,2.24595
344,-16.4083,4.73881,0.164107
344,-17.361,3.57736,2.23078
344,-16.2288,6.34544,0.697247
344,-18.1054,1.42858,3.00335
344,-17.9381,1.30454,2.38019
344,-17.6554,3.55623,2.88557
344,-16.0815,6.85208,0.301196
344,-17.2332,4.77121,2.23698
344,-17.7413,3.58573,2.8945
344,-17.1117,5.5224,2.23777
344,-17.5605,3.61303,2.2292
344,-18.079,1.5595,2.37731
344,-17.687,3.53008,2.3842
344,-17.7223,3.13971,2.21537
344,-17.711,1.04645,0.744789
344,-17.4402,5.28448,2.63877
344,-17.3594,5.09306,2.2549
344,-17.7871,3.4207,2.34052
344,-16.6565,4.54131,-0.387012
344,-18.576,1.28656,3.14129
344,-17.4647,5.09775,2.38793
344,-17.8583,1.04469,0.751035
344,-17.8387,3.53827,2.36316
344,-17.7479,4.06887,2.3999
344,-18.6517,1.13026,3.0498
344,-17.3077,6.854,2.88849
344,-16.9586,3.85663,-0.270045
344,-16.7932,4.61833,-0.298177
344,-17.6061,4.99648,2.40249
344,-17.304,6.1135,2.21612
344,-17.7219,1.12524,0.0414951
344,-17.5792,5.18023,2.36726
344,-16.79,4.56781,-0.474634
344,-17.3596,6.0792,2.24892
344,-17.8263,2.56789,1.20782
344,-17.2023,6.8775,2.25412
344,-17.7945,4.21298,2.21429
344,-17.4071,6.92228,2.89277
344,-17.6637,5.04658,2.36549
344,-17.9421,3.94443,2.37213
344,-17.8834,2.57662,1.19477
344,-17.3434,3.92449,0.459457
344,-17.4582,3.9283,0.753553
344,-17.3054,6.94871,2.35376
344,-17.8681,1.16152,-0.0176919
344,-17.3982,3.93084,0.445745
344,-17.4664,6.23289,2.22261
344,-16.9524,4.65321,-0.41049
344,-17.9542,2.56959,1.184
344,-17.2855,7.27022,2.24594
344,-18.0711,4.08441,2.42225
344,-17.4059,7.01522,2.37787
344,-17.0566,8.67931,2.38401
344,-17.0531,3.21927,-1.37707
344,-17.4039,7.17346,2.36906
344,-17.3495,5.15452,0.790635
344,-17.6437,3.79855,0.705547
344,-17.4756,7.02318,2.38689
344,-17.0729,4.67045,-0.45681
344,-17.4862,4.69948,0.723356
344,-18.2918,1.15611,0.583315
344,-18.9878,1.74731,3.08807
344,-17.3273,5.10617,0.366373
344,-17.1332,8.9254,2.38218
344,-17.4274,4.96352,0.541611
344,-17.4909,4.93622,0.695711
344,-17.4269,5.18435,0.641679
344,-18.1536,0.821007,-0.235292
344,-17.6419,4.31992,0.530366
344,-17.6488,4.27964,0.51657
344,-17.6883,4.29241,0.549042
344,-17.5237,5.13471,0.558796
344,-17.8619,0.949337,-1.31276
344,-19.1547,1.71339,3.08186
344,-17.5385,5.20856,0.589318
344,-17.9689,2.74179,0.176793
344,-17.3954,4.94139,-0.116323
344,-17.4402,4.21152,-0.567634
344,-18.4033,2.49757,1.04664
344,-18.2014,0.818188,-0.720699
344,-18.1534,2.46315,0.134676
344,-19.3223,1.68065,3.12221
344,-17.4037,3.91676,-1.17243
344,-19.3241,1.67033,3.08981
344,-17.4982,3.92191,-0.902657
344,-17.4793,4.175,-0.904629
344,-18.2088,1.43999,-0.67539
344,-17.7742,4.19185,-0.134709
344,-17.478,3.92777,-1.2219
344,-17.1725,6.99238,-0.0550735
344,-17.945,1.12341,-1.94842
344,-17.7695,3.32992,-1.02549
344,-18.6576,1.58606,0.437256
344,-14.5652,4.84785,1.59339
343,-14.5652,4.84785,1.59339
344,-17.8241,4.02492,-0.201968
343,-17.8241,4.02492,-0.201968
344,-18.0327,4.60977,-2.11036
343,-18.0327,4.60977,-2.11036
344,-17.6454,3.62425,2.21485
343,-17.6454,3.62425,2.21485
344,-19.6186,4.81112,-4.51039
343,-19.6186,4.81112,-4.51039
344,-17.3905,3.91604,0.779603
343,-17.3905,3.91604,0.779603
344,-19.7107,5.3869,-3.10991
343,-19.7107,5.3869,-3.10991
344,-13.6691,4.84985,2.19165
343,-13.6691,4.84985,2.19165
344,-18.0132,4.26034,-2.26161
343,-18.0132,4.26034,-2.26161
344,-14.651,4.83689,1.57371
343,-14.651,4.83689,1.57371
344,-18.0287,2.96424,-0.168063
343,-18.0287,2.96424,-0.168063
344,-17.6659,2.6932,0.0227555
343,-17.6659,2.6932,0.0227555
344,-15.7482,4.70351,0.588762
343,-15.7482,4.70351,0.588762
344,-13.346,5.09501,1.49697
343,-13.346,5.09501,1.49697
344,-17.7754,4.96305,-2.17643
343,-17.7754,4.96305,-2.17643
344,-36.793,17.4162,5.77688
343,-36.793,17.4162,5.77688
344,-29.5714,7.44839,4.04974
343,-29.5714,7.44839,4.04974
344,-17.9837,3.46673,-1.40899
343,-17.9837,3.46673,-1.40899
344,-14.558,4.87121,1.57314
343,-14.558,4.87121,1.57314
344,-18.833,9.27636,2.77675
343,-18.833,9.27636,2.77675
344,-18.4547,2.92283,-0.358499
343,-18.4547,2.92283,-0.358499
344,-18.3931,1.83567,-0.692115
343,-18.3931,1.83567,-0.692115
344,-18.248,1.87978,-0.592199
343,-18.248,1.87978,-0.592199
344,-17.3142,5.07541,2.39957
343,-17.3142,5.07541,2.39957
344,-13.5262,5.34387,1.0261
343,-13.5262,5.34387,1.0261
344,-25.1393,2.70395,3.53105
343,-25.1393,2.70395,3.53105
344,-13.5956,5.12499,1.21443
343,-13.5956,5.12499,1.21443
344,-15.7132,5.07716,1.6148
343,-15.7132,5.07716,1.6148
344,-18.2838,5.33899,2.43046
343,-18.2838,5.33899,2.43046
344,-17.308,3.93221,-0.0647012
343,-17.308,3.93221,-0.0647012
344,-19.0238,4.48583,-2.35485
343,-19.0238,4.48583,-2.35485
344,-17.4179,6.31012,2.24435
342,-17.4179,6.31012,2.24435
344,-17.941,2.35325,-0.334508
342,-17.941,2.35325,-0.334508
344,-20.022,8.72925,3.76884
342,-20.022,8.72925,3.76884
344,-17.8942,3.50775,-1.54575
342,-17.8942,3.50775,-1.54575
344,-13.7597,5.06898,0.885119
342,-13.7597,5.06898,0.885119
344,-18.6624,3.61623,0.294765
342,-18.6624,3.61623,0.294765
344,-17.6581,4.22762,-2.10966
342,-17.6581,4.22762,-2.10966
344,-17.7827,2.38353,-1.38869
342,-17.7827,2.38353,-1.38869
344,-18.1401,2.35046,-1.35891
342,-18.1401,2.35046,-1.35891
344,-13.2608,5.15365,1.19802
342,-13.2608,5.15365,1.19802
344,-18.055,4.43812,-0.0960959
342,-18.055,4.43812,-0.0960959
344,-14.4329,4.78872,1.626
342,-14.4329,4.78872,1.626
344,-16.9797,3.57513,2.40082
342,-16.9797,3.57513,2.40082
344,-14.3222,5.28347,1.73619
341,-14.3222,5.28347,1.73619
344,-14.3132,5.2792,1.73831
341,-14.3132,5.2792,1.73831
344,-14.5134,5.34106,1.69746
341,-14.5134,5.34106,1.69746
344,-19.5157,6.86376,2.46708
341,-19.5157,6.86376,2.46708
344,-19.3563,6.68022,2.47748
341,-19.3563,6.68022,2.47748
344,-18.9943,9.62356,2.77945
341,-18.9943,9.62356,2.77945
344,-16.9399,8.54923,2.38657
341,-16.9399,8.54923,2.38657
344,-14.3349,5.28945,1.73321
341,-14.3349,5.28945,1.73321
344,-13.9637,4.97841,2.39752
341,-13.9637,4.97841,2.39752
344,-18.0505,3.70215,-1.71849
341,-18.0505,3.70215,-1.71849
344,-17.856,2.49589,0.238348
341,-17.856,2.49589,0.238348
344,-17.2843,6.93325,2.24608
129,-17.2843,6.93325,2.24608
344,-18.1074,3.04401,-2.28868
129,-18.1074,3.04401,-2.28868
344,-18.0998,2.97417,2.19731
129,-18.0998,2.97417,2.19731
344,-17.7021,3.02335,-1.54971
129,-17.7021,3.02335,-1.54971
344,-17.6886,4.16124,-1.46675
129,-17.6886,4.16124,-1.46675
344,-17.7463,5.17411,-2.18805
129,-17.7463,5.17411,-2.18805
344,-17.8754,2.07011,-1.37986
129,-17.8754,2.07011,-1.37986
344,-17.7995,0.789614,-0.236685
129,-17.7995,0.789614,-0.236685
344,-17.6796,5.14447,-2.14717
129,-17.6796,5.14447,-2.14717
344,-17.3582,2.38459,-1.42448
129,-17.3582,2.38459,-1.42448
344,-14.0586,5.04662,1.13821
340,-14.0586,5.04662,1.13821
344,-18.1461,0.912181,2.57092
127,-18.1461,0.912181,2.57092
344,-19.8747,5.38146,-4.76379
126,-19.8747,5.38146,-4.76379
344,-17.8651,3.32318,-1.06606
126,-17.8651,3.32318,-1.06606
344,-17.7158,3.34572,-2.0383
126,-17.7158,3.34572,-2.0383
344,-17.4281,5.28947,2.36543
126,-17.4281,5.28947,2.36543
344,-31.0709,1.84332,5.28855
339,-31.0709,1.84332,5.28855
344,-46.94,7.12706,0.923663
338,-46.94,7.12706,0.923663
344,-18.3405,7.12419,2.34716
338,-18.3405,7.12419,2.34716
344,-22.7139,12.3698,2.31899
338,-22.7139,12.3698,2.31899
345,-13.4655,5.19279,1.50865
345,-13.4729,5.2058,1.50602
345,-14.2402,3.10012,2.35761
345,-13.3948,4.95447,0.894396
345,-13.7173,5.09812,1.81328
345,-13.7209,5.11926,1.78409
345,-13.7355,5.11426,1.78825
345,-13.6672,5.15626,1.59368
345,-13.5816,5.19559,1.35581
345,-13.5931,5.20524,1.35531
345,-13.6507,5.22557,1.38165
345,-13.6934,5.23012,1.15957
345,-14.6761,3.10362,2.33991
345,-13.9363,5.15081,1.07069
345,-14.0591,5.06102,1.17456
345,-13.8627,4.91821,0.47089
345,-14.6188,5.10592,2.123
345,-14.6484,5.06147,2.15299
345,-14.6253,4.71336,1.82173
345,-14.6822,5.07599,2.15637
345,-14.61,4.94445,1.80758
345,-14.7578,4.85253,2.06608
345,-14.6781,4.72256,1.73857
345,-14.7064,4.75041,1.74865
345,-14.7368,4.76677,1.71976
345,-14.6576,4.90732,1.56737
345,-14.7515,4.66201,1.68802
345,-14.7606,4.71873,1.73531
345,-14.7077,4.72587,1.52996
345,-14.7813,4.63487,1.53784
345,-14.9139,4.853,2.0506
345,-14.6465,4.84772,1.20569
345,-14.7155,4.90009,1.29873
345,-14.7844,4.67637,1.36158
345,-14.6785,4.87208,1.16529
345,-14.7308,5.04086,1.35651
345,-14.7996,4.84377,1.40591
345,-14.7286,5.04468,1.2891
345,-14.7811,5.15917,1.38562
345,-14.7805,5.07611,1.27224
345,-14.8022,5.18144,1.37144
345,-15.0614,4.58503,1.513
345,-14.6958,5.04452,0.656955
345,-14.7157,4.79917,0.494738
345,-14.7996,4.67192,0.659723
345,-14.7535,4.78953,0.573833
345,-14.8151,4.68486,0.665645
345,-14.7866,4.69508,0.581132
345,-14.7855,5.25739,0.858432
345,-14.8824,4.62473,0.591809
345,-14.9237,4.61925,0.5016
345,-14.798,4.8644,0.265587
345,-14.6046,4.90677,-0.310781
345,-14.9295,4.64122,0.492392
345,-14.604,4.91257,-0.334073
345,-14.9357,4.61523,0.358989
345,-15.0007,4.67869,0.440346
345,-14.8758,4.92697,0.195912
345,-14.9744,4.63576,0.216001
345,-15.0381,4.67395,0.167786
345,-15.1961,4.59263,0.385724
345,-15.1813,4.60614,0.319482
345,-14.9976,4.98394,-0.31446
345,-15.2411,6.69075,0.365723
345,-15.3401,5.33676,-0.32197
345,-16.6791,1.0388,0.707627
345,-15.9018,4.50258,0.172048
345,-15.5705,6.67936,0.391539
345,-16.1166,4.71097,0.0778663
345,-16.2096,4.85911,0.35889
345,-16.6492,5.61182,1.82765
345,-17.9602,0.86779,2.54376
345,-15.9893,6.1957,0.00813603
345,-17.1366,4.78133,2.47949
345,-16.3396,4.78323,-0.114174
345,-17.8485,1.64743,2.37672
345,-17.5282,3.39111,2.17871
345,-18.1919,0.744833,2.41559
345,-17.6349,3.5337,2.47565
345,-17.7178,0.966299,0.805882
345,-16.7761,3.68838,-0.288205
345,-17.728,3.42478,2.34672
345,-17.7266,3.54527,2.41159
345,-17.7784,3.36542,2.41165
345,-18.45,1.3218,3.11978
345,-17.7109,1.15001,0.757167
345,-17.6729,3.61687,2.22085
345,-17.3394,5.24547,2.1778
345,-17.0129,7.05117,2.25794
345,-17.5165,4.62524,2.21747
345,-17.9848,3.41478,2.83693
345,-16.8801,3.69304,-0.32647
345,-17.4628,5.16397,2.35492
345,-17.3973,5.35743,2.24678
345,-17.4814,5.15722,2.3606
345,-17.6503,4.39228,2.36128
345,-16.9028,3.76227,-0.313948
345,-18.0633,3.3866,2.90916
345,-17.1258,3.90319,0.363216
345,-17.8742,3.54406,2.3782
345,-17.7349,4.35853,2.42311
345,-17.8353,2.72099,1.64995
345,-17.5714,5.14104,2.37266
345,-17.2353,3.89563,0.485632
345,-18.8072,0.475312,3.00789
345,-17.3677,6.0835,2.20944
345,-17.9077,2.7208,1.63825
345,-17.3951,3.8321,0.796695
345,-16.4085,7.62804,0.184182
345,-18.8809,0.444164,3.0185
345,-17.4125,6.18108,2.20669
345,-17.8485,2.58121,1.20036
345,-17.3226,6.96035,2.36581
345,-17.4379,3.90984,0.760624
345,-17.4617,3.91658,0.756544
345,-17.4799,3.91663,0.751246
345,-16.4818,7.70123,0.167629
345,-17.9128,2.57271,1.18301
345,-17.3622,6.9935,2.35302
345,-17.2018,5.00291,0.38912
345,-17.5058,6.53435,2.23292
345,-17.5944,6.21657,2.23907
345,-18.3034,2.82718,2.20298
345,-17.6332,1.05947,-0.97709
345,-17.3617,4.77409,0.580812
345,-17.9664,0.918857,-0.142395
345,-17.9054,1.26475,-0.117946
345,-17.7478,3.23338,0.61787
345,-17.3905,5.23107,0.812645
345,-17.4752,4.70599,0.716972
345,-17.4942,4.63897,0.720122
345,-17.3734,5.18793,0.66219
345,-17.252,4.7312,-0.00602341
345,-17.298,4.79987,0.154597
345,-17.2629,4.71001,-0.0518644
345,-17.8727,2.85583,0.584596
345,-17.7712,1.58384,-0.551156
345,-17.4335,2.06892,-1.26464
345,-17.5953,4.26594,0.584563
345,-17.4363,4.96747,0.541116
345,-17.8097,3.52568,0.73685
345,-17.4269,5.16372,0.573848
345,-18.0398,-0.0351636,-0.922449
345,-17.9645,2.55719,0.472431
345,-18.2015,1.71967,0.614178
345,-17.4655,5.1906,0.603405
345,-17.6716,4.34796,0.66829
345,-17.7105,6.66136,2.22197
345,-17.8463,0.935362,-1.04395
345,-17.3892,4.73596,-0.0155439
345,-18.2394,2.5304,1.06631
345,-18.1405,-0.0951965,-1.00202
345,-17.9881,3.48645,0.734434
345,-18.0936,2.65802,0.297563
345,-17.9698,0.851727,-1.38707
345,-17.6774,4.21734,-0.206607
345,-18.2039,2.66056,0.277322
345,-17.8552,1.96568,-1.2206
345,-18.1593,7.14823,2.92453
345,-18.5334,1.6567,0.506633
345,-17.4543,4.79091,-1.4992
344,-17.4543,4.79091,-1.4992
345,-15.1088,4.51289,0.776585
344,-15.1088,4.51289,0.776585
345,-19.4687,4.47026,2.46121
344,-19.4687,4.47026,2.46121
345,-18.4309,3.60963,0.367269
344,-18.4309,3.60963,0.367269
345,-14.7087,4.60622,0.434994
344,-14.7087,4.60622,0.434994
345,-17.7652,3.33715,-1.86682
344,-17.7652,3.33715,-1.86682
345,-17.8109,2.77329,-1.2101
344,-17.8109,2.77329,-1.2101
345,-19.8967,5.05195,-4.67453
344,-19.8967,5.05195,-4.67453
345,-18.3428,2.94746,-0.301459
344,-18.3428,2.94746,-0.301459
345,-19.6643,4.15323,2.60915
344,-19.6643,4.15323,2.60915
345,-14.3897,4.74755,1.78984
344,-14.3897,4.74755,1.78984
345,-18.0852,3.77774,0.478445
344,-18.0852,3.77774,0.478445
345,-17.662,5.24861,-1.71149
344,-17.662,5.24861,-1.71149
345,-14.1661,4.62228,1.84784
344,-14.1661,4.62228,1.84784
345,-17.4067,3.7958,2.22688
344,-17.4067,3.7958,2.22688
345,-19.7839,4.1616,2.61521
344,-19.7839,4.1616,2.61521
345,-18.4529,8.10973,3.25557
344,-18.4529,8.10973,3.25557
345,-18.0355,4.40071,-0.147595
344,-18.0355,4.40071,-0.147595
345,-18.0927,3.65216,-1.95518
344,-18.0927,3.65216,-1.95518
345,-16.6713,5.82216,1.78212
344,-16.6713,5.82216,1.78212
345,-17.517,3.91905,-0.916419
344,-17.517,3.91905,-0.916419
345,-18.043,3.51503,-1.64479
344,-18.043,3.51503,-1.64479
345,-18.5738,6.42625,2.97328
344,-18.5738,6.42625,2.97328
345,-18.022,2.94868,-0.175738
344,-18.022,2.94868,-0.175738
345,-18.5266,1.39475,-0.474779
344,-18.5266,1.39475,-0.474779
345,-17.9125,0.440725,-1.10167
344,-17.9125,0.440725,-1.10167
345,-19.4359,1.65219,3.1165
344,-19.4359,1.65219,3.1165
345,-32.3844,14.8981,5.16206
344,-32.3844,14.8981,5.16206
345,-17.1893,5.03136,2.39553
344,-17.1893,5.03136,2.39553
345,-18.6006,1.37406,-0.514145
344,-18.6006,1.37406,-0.514145
345,-17.5758,2.43701,-1.03702
344,-17.5758,2.43701,-1.03702
345,-17.5396,1.41651,-1.43156
344,-17.5396,1.41651,-1.43156
345,-18.3162,1.4415,-0.393924
344,-18.3162,1.4415,-0.393924
345,-17.3813,4.17713,-0.448471
344,-17.3813,4.17713,-0.448471
345,-18.7083,3.66593,2.38136
344,-18.7083,3.66593,2.38136
345,-17.4947,2.44806,-0.982843
344,-17.4947,2.44806,-0.982843
345,-17.7077,3.39437,-1.54396
343,-17.7077,3.39437,-1.54396
345,-17.8245,3.50692,-1.97189
343,-17.8245,3.50692,-1.97189
345,-17.4372,3.87853,2.22139
343,-17.4372,3.87853,2.22139
345,-18.4053,2.30332,-1.73469
343,-18.4053,2.30332,-1.73469
345,-17.5624,3.74019,-1.56934
343,-17.5624,3.74019,-1.56934
345,-18.6656,4.83921,2.16664
343,-18.6656,4.83921,2.16664
345,-17.5496,3.88493,2.21867
343,-17.5496,3.88493,2.21867
345,-18.1968,4.45885,-0.215447
343,-18.1968,4.45885,-0.215447
345,-19.725,9.58398,2.09529
343,-19.725,9.58398,2.09529
345,-13.4646,5.23541,1.13006
343,-13.4646,5.23541,1.13006
345,-18.069,2.98563,-0.214299
343,-18.069,2.98563,-0.214299
345,-17.9811,4.44836,-1.93144
342,-17.9811,4.44836,-1.93144
345,-17.8211,3.33877,-0.952351
342,-17.8211,3.33877,-0.952351
345,-17.1229,5.41385,2.2309
342,-17.1229,5.41385,2.2309
345,-18.1219,3.36439,-2.08255
342,-18.1219,3.36439,-2.08255
345,-17.5824,3.37707,2.90832
342,-17.5824,3.37707,2.90832
345,-17.4581,3.36799,2.8617
342,-17.4581,3.36799,2.8617
345,-18.2238,7.15253,2.34834
341,-18.2238,7.15253,2.34834
345,-18.9619,8.91614,3.22361
341,-18.9619,8.91614,3.22361
345,-18.7282,8.65187,2.83282
341,-18.7282,8.65187,2.83282
345,-17.8414,3.2366,-1.28966
341,-17.8414,3.2366,-1.28966
345,-17.9947,3.14992,-0.306845
127,-17.9947,3.14992,-0.306845
345,-14.4356,4.82821,1.75621
127,-14.4356,4.82821,1.75621
345,-20.0881,7.99325,-4.44061
127,-20.0881,7.99325,-4.44061
345,-17.7394,4.24406,-2.18663
127,-17.7394,4.24406,-2.18663
345,-15.1278,4.52307,0.762459
127,-15.1278,4.52307,0.762459
345,-17.914,3.36108,-1.94492
127,-17.914,3.36108,-1.94492
345,-15.2959,4.66744,0.467706
127,-15.2959,4.66744,0.467706
345,-13.8517,3.96549,1.41736
127,-13.8517,3.96549,1.41736
345,-18.0458,1.90632,-2.26364
127,-18.0458,1.90632,-2.26364
345,-14.8819,4.78101,1.72182
126,-14.8819,4.78101,1.72182
345,-17.8589,3.52933,-1.6343
126,-17.8589,3.52933,-1.6343
345,-18.5313,9.41502,2.35473
340,-18.5313,9.41502,2.35473
345,-18.8331,9.63357,3.00573
340,-18.8331,9.63357,3.00573
345,-17.8889,2.30528,-2.07936
122,-17.8889,2.30528,-2.07936
345,-17.878,2.34482,-1.26363
122,-17.878,2.34482,-1.26363
345,-18.4803,2.04905,-1.82774
122,-18.4803,2.04905,-1.82774
345,-16.7037,4.68343,2.27481
339,-16.7037,4.68343,2.27481
346,-11.9668,2.86015,2.26951
346,-13.2067,3.76544,2.25248
346,-13.3968,4.10871,1.94381
346,-13.264,4.86514,0.762921
346,-13.2714,4.88029,0.765586
346,-13.2734,4.90202,0.74134
346,-13.3846,4.79357,1.01001
346,-13.429,4.86132,0.353359
346,-13.7839,5.35231,1.14718
346,-14.0534,5.06796,0.98829
346,-14.0729,5.06675,0.980058
346,-14.0727,5.08857,0.989078
346,-14.6334,4.97394,2.11821
346,-14.6348,4.97716,2.12178
346,-13.9633,5.01099,0.0127242
346,-14.6695,5.00608,2.12123
346,-14.6689,5.0773,2.15275
346,-14.6802,4.99217,2.12986
346,-13.9929,5.05264,0.0123205
346,-14.6395,4.72129,1.72614
346,-14.7227,5.19297,2.12528
346,-14.0559,5.12806,-0.0370085
346,-14.0895,5.10761,-0.0725374
346,-14.8403,4.89785,2.06107
346,-14.7799,4.71932,1.73105
346,-14.8722,4.68052,1.96094
346,-14.8684,4.70751,1.96055
346,-14.7664,4.68035,1.60736
346,-14.7736,4.68918,1.60378
346,-14.7211,4.95892,1.55652
346,-14.7243,4.96213,1.56203
346,-14.8178,4.71315,1.59784
346,-14.7616,4.80895,1.48656
346,-14.7029,4.84179,1.29579
346,-14.7733,4.81023,1.48593
346,-14.7853,4.71742,1.46094
346,-14.724,4.86174,1.28879
346,-14.8119,4.83322,1.47884
346,-14.8427,4.54702,1.32753
346,-14.7915,4.74069,1.28702
346,-14.8688,4.66842,1.45193
346,-14.7642,4.93614,1.28964
346,-14.8818,4.67964,1.45013
346,-14.8334,4.5606,1.22116
346,-14.8198,4.96962,1.27612
346,-14.8033,5.09158,1.27754
346,-14.9214,4.62695,1.3125
346,-14.8549,4.86335,1.26197
346,-14.826,5.19291,1.3756
346,-14.8465,5.20414,1.37018
346,-14.7571,4.74936,0.700282
346,-14.9666,4.69172,1.27809
346,-14.7663,4.7645,0.692583
346,-14.8579,4.61376,0.597732
346,-14.7422,5.03728,0.451415
346,-15.2689,5.30191,2.24127
346,-14.7448,5.01594,0.437431
346,-14.7491,5.02054,0.438565
346,-14.502,4.93655,-0.414729
346,-14.5678,4.88094,-0.285872
346,-14.5413,4.90194,-0.369966
346,-14.9038,4.58884,0.522794
346,-14.9114,4.65368,0.576953
346,-14.9106,4.59432,0.522805
346,-14.8061,5.11071,0.533418
346,-14.5711,4.89974,-0.343179
346,-15.1842,4.63425,1.36938
346,-15.1867,4.63134,1.37432
346,-14.5822,4.91294,-0.328068
346,-14.8388,5.08609,0.504401
346,-14.9861,4.64084,0.467411
346,-14.9821,4.64898,0.329643
346,-14.6916,4.9631,-0.397518
346,-14.9955,4.65155,0.320373
346,-14.9365,4.95739,0.172996
346,-15.0616,4.58756,0.284312
346,-14.925,5.16034,0.105903
346,-15.2814,4.68741,0.49132
346,-15.3118,4.53885,0.454029
346,-15.3394,4.64373,0.548453
346,-15.308,4.67462,0.429113
346,-15.3599,4.56495,0.428061
346,-15.5877,4.66407,0.491453
346,-15.6752,4.63579,0.49032
346,-15.3854,4.91369,-0.263885
346,-16.5062,0.639207,0.376093
346,-16.5095,0.645909,0.359835
346,-15.868,4.8633,0.70408
346,-15.7481,4.5676,-0.00306606
346,-15.9227,4.72247,0.477574
346,-15.7212,4.95061,-0.380336
346,-17.8632,0.483201,2.59722
346,-17.7822,0.869433,2.40337
346,-17.834,0.858976,2.3834
346,-16.2882,4.66933,-0.0633502
346,-17.5467,3.29028,2.83273
346,-17.9918,0.19154,2.15692
346,-17.9938,0.528822,2.38116
346,-16.5323,4.68731,0.552947
346,-17.0904,4.64123,2.23849
346,-17.0924,4.62752,2.23531
346,-18.1569,0.381838,2.63166
346,-15.9809,7.46768,0.460261
346,-18.1148,0.816543,2.55475
346,-16.8432,5.00301,1.26077
346,-16.6486,3.72228,-0.200203
346,-18.1782,0.799781,2.5624
346,-16.531,4.77774,-0.178531
346,-17.0835,5.99621,2.2224
346,-16.7693,3.74924,-0.254219
346,-18.2786,1.74104,3.05977
346,-17.6359,0.691238,0.327602
346,-17.9113,3.30379,2.85305
346,-17.7806,2.94406,2.20676
346,-16.9379,3.85158,0.194509
346,-17.3579,5.0667,2.2516
346,-18.2311,1.24004,2.39119
346,-18.0175,2.03086,2.21461
346,-18.0519,-0.0703347,0.799294
346,-16.3905,6.53629,-0.190067
346,-17.6892,2.57891,1.22403
346,-17.5154,5.18146,2.35411
346,-17.1642,4.59709,0.797047
346,-17.757,2.58439,1.21462
346,-17.3982,3.75814,0.755508
346,-16.7929,4.94435,-0.347223
346,-16.6067,7.15863,0.521705
346,-17.8193,4.37082,2.42197
346,-17.8267,1.79419,0.712345
346,-17.7316,2.57807,0.930285
346,-17.4347,3.76837,0.765483
346,-17.8147,2.57906,1.15321
346,-17.836,2.57124,1.19904
346,-16.5069,7.51561,0.294922
346,-17.6763,5.21738,2.38178
346,-17.8359,4.4473,2.36761
346,-17.5334,2.73468,0.313812
346,-16.858,4.94758,-0.373254
346,-16.8085,5.00272,-0.498106
346,-17.1496,5.41715,0.816431
346,-17.4471,3.91767,0.753172
346,-16.4853,7.69175,0.198231
346,-17.8971,2.58235,1.20141
346,-17.2247,4.85037,0.59048
346,-18.0254,1.24429,0.664223
346,-18.0248,4.00524,2.37328
346,-16.6402,7.48657,0.357593
346,-17.8763,0.929435,-0.120491
346,-16.9381,5.01743,-0.418157
346,-17.8118,1.91837,0.248503
346,-17.2631,5.12954,0.559953
346,-17.6751,7.46576,3.11969
346,-18.0201,0.87498,-0.156204
346,-17.8834,5.5435,2.454
346,-18.045,1.81903,0.5218
346,-17.818,0.454804,-1.07657
346,-18.3111,0.786797,0.646995
346,-17.863,2.73096,0.486151
346,-18.1301,1.6977,0.600518
346,-18.1328,4.53243,2.40109
346,-17.6258,3.99919,0.291432
346,-17.7639,3.99583,0.618967
346,-16.8917,7.74788,0.300878
346,-17.4764,5.31151,0.504078
346,-16.9917,7.46129,0.398722
346,-18.2258,1.77927,0.482246
346,-17.4548,5.57158,0.581133
346,-16.9056,7.7651,0.223534
346,-19.1235,1.72078,3.08546
346,-17.0297,7.82316,0.562099
346,-18.0585,2.64937,0.296251
346,-18.1272,2.56425,0.394988
346,-17.5388,5.61927,0.553471
346,-17.6592,3.90863,2.21402
345,-17.6592,3.90863,2.21402
346,-17.9239,3.98834,2.3547
345,-17.9239,3.98834,2.3547
346,-17.9514,2.54514,-0.172498
345,-17.9514,2.54514,-0.172498
346,-17.7854,3.99564,-1.42289
345,-17.7854,3.99564,-1.42289
346,-17.8963,2.13134,-1.54936
345,-17.8963,2.13134,-1.54936
346,-16.3261,6.55868,-0.201829
345,-16.3261,6.55868,-0.201829
346,-18.0076,2.55697,0.451526
345,-18.0076,2.55697,0.451526
346,-18.0595,4.40747,-0.161323
345,-18.0595,4.40747,-0.161323
346,-17.4018,8.33464,2.3865
345,-17.4018,8.33464,2.3865
346,-17.8779,2.35592,-1.26699
345,-17.8779,2.35592,-1.26699
346,-18.1615,3.51133,-1.52511
345,-18.1615,3.51133,-1.52511
346,-17.7224,3.49791,-1.44476
345,-17.7224,3.49791,-1.44476
346,-17.7192,5.16819,-2.18885
345,-17.7192,5.16819,-2.18885
346,-17.9344,2.95555,-0.14548
345,-17.9344,2.95555,-0.14548
346,-17.7746,3.54725,-1.58375
345,-17.7746,3.54725,-1.58375
346,-13.6126,5.01265,0.905019
345,-13.6126,5.01265,0.905019
346,-17.9341,0.0218095,-1.82595
345,-17.9341,0.0218095,-1.82595
346,-18.1588,-0.0906663,-1.97929
345,-18.1588,-0.0906663,-1.97929
346,-18.0188,3.39184,2.93226
345,-18.0188,3.39184,2.93226
346,-17.8167,5.15947,-2.00015
345,-17.8167,5.15947,-2.00015
346,-18.3639,2.35009,-1.4952
345,-18.3639,2.35009,-1.4952
346,-18.2803,-0.146714,-2.07907
345,-18.2803,-0.146714,-2.07907
346,-18.0036,2.98769,-0.177134
345,-18.0036,2.98769,-0.177134
346,-17.6489,2.17719,-1.28296
345,-17.6489,2.17719,-1.28296
346,-17.087,4.11909,-0.669883
345,-17.087,4.11909,-0.669883
346,-18.0129,3.52416,-1.46835
344,-18.0129,3.52416,-1.46835
346,-16.6671,4.80418,0.565893
344,-16.6671,4.80418,0.565893
346,-17.9783,3.05439,-2.19632
344,-17.9783,3.05439,-2.19632
346,-17.7441,3.21174,-1.89251
344,-17.7441,3.21174,-1.89251
346,-18.1541,2.87527,-0.253312
344,-18.1541,2.87527,-0.253312
346,-17.8445,2.04492,-1.9873
344,-17.8445,2.04492,-1.9873
346,-21.8298,2.4156,2.47353
344,-21.8298,2.4156,2.47353
346,-16.9911,6.08437,2.24858
344,-16.9911,6.08437,2.24858
346,-17.7681,3.03024,-1.57793
344,-17.7681,3.03024,-1.57793
346,-14.801,4.74344,1.27723
344,-14.801,4.74344,1.27723
346,-17.8406,5.26152,2.36009
344,-17.8406,5.26152,2.36009
346,-17.9525,1.12805,-1.99717
344,-17.9525,1.12805,-1.99717
346,-17.7078,4.23462,-2.14255
344,-17.7078,4.23462,-2.14255
346,-17.7053,9.33881,2.36572
344,-17.7053,9.33881,2.36572
346,-31.9752,14.7302,5.13199
344,-31.9752,14.7302,5.13199
346,-18.3182,1.86885,-0.629905
344,-18.3182,1.86885,-0.629905
346,-18.6356,2.13891,-2.52674
344,-18.6356,2.13891,-2.52674
346,-17.9878,2.46095,0.247778
344,-17.9878,2.46095,0.247778
346,-17.8284,1.09045,0.700838
344,-17.8284,1.09045,0.700838
346,-17.8343,3.62933,-1.74912
343,-17.8343,3.62933,-1.74912
346,-17.5164,4.32744,0.693729
343,-17.5164,4.32744,0.693729
346,-14.0267,5.37874,1.7447
343,-14.0267,5.37874,1.7447
346,-20.8235,2.88111,-4.67696
127,-20.8235,2.88111,-4.67696
346,-16.3909,2.634,-0.973474
127,-16.3909,2.634,-0.973474
346,-17.9215,2.77575,-1.27324
127,-17.9215,2.77575,-1.27324
346,-17.8338,3.39128,-1.35081
127,-17.8338,3.39128,-1.35081
346,-20.4483,8.30703,-4.80677
127,-20.4483,8.30703,-4.80677
346,-17.8215,4.29553,2.23339
127,-17.8215,4.29553,2.23339
346,-14.8677,4.83278,0.411694
127,-14.8677,4.83278,0.411694
346,-17.3365,5.27246,0.538678
127,-17.3365,5.27246,0.538678
346,-18.1502,1.95592,-2.12801
127,-18.1502,1.95592,-2.12801
346,-18.0114,1.79968,2.42174
127,-18.0114,1.79968,2.42174
346,-17.9624,2.19932,-1.9567
126,-17.9624,2.19932,-1.9567
346,-17.5761,3.8236,-2.42112
126,-17.5761,3.8236,-2.42112
346,-17.862,3.30453,-1.34739
126,-17.862,3.30453,-1.34739
346,-17.551,3.59214,2.21589
126,-17.551,3.59214,2.21589
346,-18.4941,1.83243,-0.721899
126,-18.4941,1.83243,-0.721899
346,-17.8204,3.35108,-0.870611
126,-17.8204,3.35108,-0.870611
346,-17.9819,0.622799,0.762021
126,-17.9819,0.622799,0.762021
346,-18.2643,0.803043,-1.94311
126,-18.2643,0.803043,-1.94311
346,-17.6712,3.42222,-2.53635
126,-17.6712,3.42222,-2.53635
346,-17.7084,5.13329,-2.45088
342,-17.7084,5.13329,-2.45088
346,-17.8515,3.38996,-1.36695
342,-17.8515,3.38996,-1.36695
346,-18.004,3.32309,-0.353226
342,-18.004,3.32309,-0.353226
346,-18.0287,3.32151,-0.367207
342,-18.0287,3.32151,-0.367207
346,-17.9173,3.29493,-0.315304
342,-17.9173,3.29493,-0.315304
346,-18.1703,2.6138,-0.216916
342,-18.1703,2.6138,-0.216916
346,-18.5521,9.04541,2.78628
342,-18.5521,9.04541,2.78628
346,-15.0834,5.05598,1.72839
342,-15.0834,5.05598,1.72839
346,-18.0099,3.53359,0.5787
342,-18.0099,3.53359,0.5787
346,-18.0515,1.74329,-1.6728
120,-18.0515,1.74329,-1.6728
346,-18.1526,1.49281,-0.752279
120,-18.1526,1.49281,-0.752279
346,-17.8036,4.17971,-1.65335
118,-17.8036,4.17971,-1.65335
346,-18.0094,2.26039,-2.07285
118,-18.0094,2.26039,-2.07285
346,-17.4313,5.51586,2.21262
340,-17.4313,5.51586,2.21262
347,-13.6756,5.03588,1.78798
347,-13.3752,4.87923,0.34515
347,-13.4093,4.8465,0.35231
347,-13.4011,4.87454,0.339908
347,-14.0858,4.6281,1.79035
347,-13.625,4.87297,0.36293
347,-14.1229,4.65822,1.79138
347,-13.6562,4.91119,0.342492
347,-14.1926,4.71602,1.78656
347,-14.1062,5.29869,1.52838
347,-14.0466,5.04696,0.988406
347,-14.6613,4.85355,1.78943
347,-14.6682,4.86795,1.79948
347,-14.7555,4.95406,2.08445
347,-14.807,4.8673,2.04831
347,-14.7199,4.73706,1.60827
347,-14.7303,4.7332,1.62279
347,-14.8314,4.88331,2.04734
347,-14.8115,4.66123,1.70172
347,-14.152,5.19233,-0.156619
347,-14.8038,4.36699,1.41696
347,-14.7405,4.79429,1.49478
347,-14.7867,4.67777,1.54211
347,-14.8132,4.68226,1.55123
347,-14.8511,4.75498,1.72977
347,-14.8983,4.57688,1.74286
347,-14.7819,5.00807,1.56298
347,-14.9582,4.75408,1.9221
347,-14.8007,4.67342,1.32034
347,-14.6494,4.65583,0.754892
347,-14.8409,4.69903,1.35137
347,-14.9161,4.61233,1.52529
347,-14.7576,5.08491,1.30575
347,-14.6921,4.68364,0.750564
347,-14.6218,4.98626,0.702974
347,-14.7208,4.58879,0.73742
347,-15.0303,4.674,1.82454
347,-14.9239,4.73211,1.50435
347,-14.961,4.63004,1.54277
347,-14.8185,4.94355,1.28544
347,-14.8611,4.77045,1.28249
347,-14.7191,4.69875,0.725674
347,-14.7683,4.97778,1.07794
347,-14.7764,4.97572,1.06742
347,-14.7363,4.71513,0.71585
347,-14.8702,5.02344,1.32115
347,-14.6957,5.04549,0.67284
347,-14.8274,4.60357,0.78146
347,-14.7878,4.65735,0.68375
347,-14.8353,4.61809,0.778072
347,-15.0367,4.50686,1.37342
347,-14.9705,4.62422,1.15365
347,-15.0676,4.51082,1.37445
347,-14.8905,5.26348,1.34058
347,-14.8103,4.85799,0.677528
347,-14.9168,5.25983,1.3418
347,-15.0935,4.52052,1.36542
347,-14.7798,5.01876,0.542793
347,-15.1203,4.61361,1.35033
347,-15.149,4.61004,1.44284
347,-15.1457,4.6064,1.37124
347,-14.9781,5.35646,1.31687
347,-14.7912,5.17667,0.47971
347,-15.7563,0.594039,0.230456
347,-15.2053,4.63754,1.39372
347,-14.797,5.17636,0.3816
347,-14.8328,5.21629,0.464234
347,-14.8899,4.73159,0.289606
347,-14.8979,4.73359,0.28723
347,-14.8193,5.099,0.261609
347,-14.9855,4.63925,0.335699
347,-15.0096,4.62147,0.346757
347,-15.0096,4.62978,0.344129
347,-14.7898,4.89525,-0.325512
347,-15.0643,4.60951,0.364789
347,-14.7952,4.91027,-0.334854
347,-14.9359,5.30956,0.428754
347,-15.0762,4.61595,0.365451
347,-15.0697,5.05371,0.582406
347,-15.224,4.60461,0.65783
347,-14.8576,4.92927,-0.368556
347,-14.8983,4.94604,-0.392302
347,-15.1485,5.0967,0.558546
347,-15.0716,5.02435,0.154107
347,-15.1234,5.15426,0.277609
347,-14.9874,4.96159,-0.359965
347,-15.2835,4.64961,0.314557
347,-15.0282,5.02731,-0.367345
347,-15.3726,4.70704,0.554752
347,-15.0163,5.02564,-0.458518
347,-15.3937,4.71764,0.540849
347,-15.4014,4.70085,0.381611
347,-15.4361,5.25664,-0.617966
347,-15.6113,4.87789,-0.340085
347,-15.9392,4.67111,0.581047
347,-15.6461,4.90061,-0.334751
347,-15.9342,4.6425,0.318527
347,-15.4162,5.44212,-0.993735
347,-16.7918,0.719007,0.0581532
347,-15.721,4.94978,-0.389863
347,-15.7013,7.18376,1.05985
347,-15.7707,4.97667,-0.468081
347,-15.7827,4.99624,-0.421868
347,-16.8869,0.707026,0.0273042
347,-15.8101,5.00451,-0.509415
347,-15.828,5.02249,-0.444178
347,-15.8546,5.04089,-0.461883
347,-15.7054,5.43406,-0.800697
347,-15.9036,7.37357,1.00824
347,-15.8656,6.44028,0.12955
347,-15.8767,6.45865,0.115217
347,-15.8947,6.47449,0.113506
347,-16.451,4.66998,0.312152
347,-18.044,0.203718,2.15296
347,-18.1417,0.283179,2.47266
347,-18.2089,0.258462,2.61874
347,-17.8307,1.66665,2.32387
347,-16.8193,4.96789,1.24021
347,-17.8882,1.65216,2.34445
347,-18.1727,0.151934,2.15639
347,-17.6346,3.38079,2.68235
347,-17.3779,0.214859,-0.703419
347,-17.8742,-0.0044992,0.815562
347,-17.4438,0.181329,-0.741066
347,-17.5233,3.76246,2.2275
347,-16.2687,7.77589,0.941195
347,-18.4509,0.251095,2.64887
347,-16.975,3.85766,0.315136
347,-17.7489,2.94103,2.20473
347,-18.2967,1.03983,2.5564
347,-17.7152,3.42063,2.34599
347,-16.9213,3.88015,-0.0403993
347,-16.3321,7.87107,0.932219
347,-17.0468,3.88842,0.295979
347,-17.3867,5.09765,2.36234
347,-18.3148,1.78526,2.96191
347,-17.0872,3.89079,0.292626
347,-17.7837,3.5602,2.36519
347,-17.489,5.15391,2.36036
347,-17.7148,1.31146,0.202443
347,-17.2647,3.66016,0.444005
347,-17.9889,2.78445,2.22034
347,-17.3048,3.89487,0.726347
347,-17.7655,2.57316,1.21121
347,-17.6912,2.57458,0.936019
347,-16.8313,8.39541,2.36367
347,-17.7097,2.58085,0.92628
347,-18.3046,-0.176143,0.757859
347,-17.5149,2.7784,0.283027
347,-17.8251,0.947709,-0.111985
347,-17.8039,0.962837,-0.254569
347,-17.4069,3.6835,0.406476
347,-17.7716,1.94769,0.244104
347,-17.7864,1.95355,0.275377
347,-17.1914,3.85229,-0.397465
347,-17.8748,0.945688,-0.320167
347,-17.8867,4.47396,2.38933
347,-17.2707,4.90809,0.592184
347,-17.5275,3.93034,0.72331
347,-17.4712,6.21292,2.22496
347,-17.2886,3.97631,-0.113621
347,-17.358,4.73008,0.658561
347,-16.9758,5.04824,-0.418554
347,-17.5463,3.95336,0.674435
347,-17.5121,4.3219,0.713919
347,-17.0263,5.03725,-0.417896
347,-17.5023,4.25738,0.558736
347,-17.2917,2.30283,-1.64167
347,-17.5148,4.24533,0.587517
347,-17.2034,5.48884,0.378817
347,-17.3935,5.21243,0.812044
347,-18.2706,1.0377,0.6219
347,-17.4902,2.41595,-1.01644
347,-17.7245,2.36998,-0.29521
347,-18.0917,0.888643,-0.194149
347,-18.0591,0.909065,-0.370402
347,-17.7105,3.64264,0.505866
347,-17.4089,2.13486,-1.69426
347,-17.3792,5.49994,0.714536
347,-17.3677,4.75332,0.0995078
347,-17.4834,5.23876,0.801678
347,-17.3771,4.75612,0.0316206
347,-17.3532,4.73281,-0.101427
347,-17.7804,3.89456,0.706246
347,-17.46,3.94327,-0.433338
347,-17.9297,-0.00900507,-1.84958
347,-18.2721,4.16905,2.44913
347,-18.2367,1.79241,0.473761
347,-18.1133,2.418,0.495892
347,-18.0408,1.29332,-0.62035
347,-17.6641,4.03501,0.145949
347,-17.9605,-0.00116014,-1.90612
347,-17.7688,2.60773,-1.89235
346,-17.7688,2.60773,-1.89235
347,-17.7826,2.13357,-1.58781
346,-17.7826,2.13357,-1.58781
347,-18.2669,2.34331,-1.49692
346,-18.2669,2.34331,-1.49692
347,-17.9428,2.06754,-1.41951
346,-17.9428,2.06754,-1.41951
347,-17.7299,3.35352,-1.57517
346,-17.7299,3.35352,-1.57517
347,-20.4883,2.32174,-4.77456
346,-20.4883,2.32174,-4.77456
347,-17.7347,2.76793,-1.1704
346,-17.7347,2.76793,-1.1704
347,-17.6771,3.4819,-1.27108
346,-17.6771,3.4819,-1.27108
347,-19.3714,6.21649,-4.45357
346,-19.3714,6.21649,-4.45357
347,-17.1222,4.05855,-0.360066
346,-17.1222,4.05855,-0.360066
347,-18.2995,1.42913,-0.405226
346,-18.2995,1.42913,-0.405226
347,-17.7961,1.65141,-2.55022
346,-17.7961,1.65141,-2.55022
347,-17.2047,5.4119,2.209
346,-17.2047,5.4119,2.209
347,-17.1059,4.05032,-0.349475
346,-17.1059,4.05032,-0.349475
347,-18.0762,3.32838,-0.299685
346,-18.0762,3.32838,-0.299685
347,-17.9166,2.35799,-0.336775
346,-17.9166,2.35799,-0.336775
347,-18.5808,1.82184,-0.759363
346,-18.5808,1.82184,-0.759363
347,-17.44,4.16855,-1.94896
346,-17.44,4.16855,-1.94896
347,-14.8713,4.70498,0.306599
346,-14.8713,4.70498,0.306599
347,-18.16,2.96142,-0.238324
346,-18.16,2.96142,-0.238324
347,-17.9068,2.35832,-1.29003
346,-17.9068,2.35832,-1.29003
347,-18.0329,3.37471,-0.980587
346,-18.0329,3.37471,-0.980587
347,-16.1073,4.81056,0.41137
346,-16.1073,4.81056,0.41137
347,-17.2352,4.96707,-1.83503
346,-17.2352,4.96707,-1.83503
347,-22.7493,5.03065,3.09053
346,-22.7493,5.03065,3.09053
347,-17.9329,-0.159623,-1.05825
346,-17.9329,-0.159623,-1.05825
347,-17.1146,3.26581,-0.506713
346,-17.1146,3.26581,-0.506713
347,-18.4882,2.62821,-0.321262
346,-18.4882,2.62821,-0.321262
347,-17.5853,5.57979,-2.13255
346,-17.5853,5.57979,-2.13255
347,-18.8174,2.35663,-2.39369
346,-18.8174,2.35663,-2.39369
347,-17.6292,3.8207,2.21697
345,-17.6292,3.8207,2.21697
347,-17.7048,3.35935,-1.80575
345,-17.7048,3.35935,-1.80575
347,-17.9422,2.30445,-1.85602
345,-17.9422,2.30445,-1.85602
347,-14.8207,4.71542,1.45773
345,-14.8207,4.71542,1.45773
347,-18.7703,8.92769,3.25877
345,-18.7703,8.92769,3.25877
347,-18.2381,1.7127,0.598661
345,-18.2381,1.7127,0.598661
347,-17.4352,0.714121,0.478235
345,-17.4352,0.714121,0.478235
347,-18.089,2.98145,-0.207692
345,-18.089,2.98145,-0.207692
347,-18.0606,1.90673,-2.27687
345,-18.0606,1.90673,-2.27687
347,-18.5073,1.91655,-0.895835
345,-18.5073,1.91655,-0.895835
347,-18.3538,1.93719,-0.811103
345,-18.3538,1.93719,-0.811103
347,-18.0465,2.60739,-0.165098
345,-18.0465,2.60739,-0.165098
347,-17.9264,1.34326,-1.68307
345,-17.9264,1.34326,-1.68307
347,-17.8256,3.10036,-2.4468
344,-17.8256,3.10036,-2.4468
347,-18.0219,3.36854,-1.88505
344,-18.0219,3.36854,-1.88505
347,-17.7517,3.02001,-1.57579
344,-17.7517,3.02001,-1.57579
347,-18.1277,3.43572,0.477828
344,-18.1277,3.43572,0.477828
347,-18.2324,0.845426,-1.3357
344,-18.2324,0.845426,-1.3357
347,-17.8017,3.39381,2.38313
344,-17.8017,3.39381,2.38313
347,-18.1258,1.23752,-1.79598
344,-18.1258,1.23752,-1.79598
347,-17.9179,0.913337,-1.13789
344,-17.9179,0.913337,-1.13789
347,-18.3008,2.58455,-0.248625
126,-18.3008,2.58455,-0.248625
347,-17.9931,3.39749,0.444509
126,-17.9931,3.39749,0.444509
347,-17.9776,2.40578,1.66836
126,-17.9776,2.40578,1.66836
347,-20.0597,2.55301,2.31306
126,-20.0597,2.55301,2.31306
347,-19.9316,2.61636,-3.96242
126,-19.9316,2.61636,-3.96242
347,-17.3958,5.49715,0.699373
126,-17.3958,5.49715,0.699373
347,-17.9198,2.29491,-1.59754
126,-17.9198,2.29491,-1.59754
347,-20.1162,2.63989,-4.09676
126,-20.1162,2.63989,-4.09676
347,-18.1145,3.12832,-0.278097
126,-18.1145,3.12832,-0.278097
347,-13.6978,2.89716,2.06006
126,-13.6978,2.89716,2.06006
347,-20.2068,8.16598,-4.4894
126,-20.2068,8.16598,-4.4894
347,-17.734,3.43223,-2.57576
126,-17.734,3.43223,-2.57576
347,-19.5992,7.49317,-3.99501
126,-19.5992,7.49317,-3.99501
347,-15.5881,5.65798,1.40913
126,-15.5881,5.65798,1.40913
347,-17.8759,3.32443,-0.818189
126,-17.8759,3.32443,-0.818189
347,-17.6074,4.34669,2.21555
343,-17.6074,4.34669,2.21555
347,-17.8163,3.34984,-1.71397
343,-17.8163,3.34984,-1.71397
347,-18.0259,2.46474,0.149349
122,-18.0259,2.46474,0.149349
347,-18.1479,0.929176,-1.75836
122,-18.1479,0.929176,-1.75836
347,-17.673,5.39381,-1.70319
122,-17.673,5.39381,-1.70319
347,-17.6054,3.31256,-1.92222
122,-17.6054,3.31256,-1.92222
347,-17.3443,2.17467,-1.85578
120,-17.3443,2.17467,-1.85578
347,-17.6129,3.88446,-2.38563
120,-17.6129,3.88446,-2.38563
347,-18.347,1.84758,-0.65652
342,-18.347,1.84758,-0.65652
347,-17.7791,3.77098,-1.90847
118,-17.7791,3.77098,-1.90847
347,-18.0318,3.36368,0.136076
118,-18.0318,3.36368,0.136076
347,-17.7726,4.25432,-2.20748
341,-17.7726,4.25432,-2.20748
347,-17.9419,3.37573,-1.63744
341,-17.9419,3.37573,-1.63744
348,-13.35,4.73668,0.795317
348,-13.3595,4.82321,0.772123
348,-13.9521,5.14522,1.55166
348,-13.9623,5.16225,1.55196
348,-13.9668,5.15563,1.55727
348,-14.9656,2.74041,2.02015
348,-14.0146,5.07244,-0.107633
348,-14.5735,4.93943,1.73305
348,-14.1836,5.24901,0.471438
348,-14.204,5.24904,0.470821
348,-14.6591,4.74236,1.71263
348,-14.7631,4.76902,1.6249
348,-14.7678,4.51761,1.34289
348,-14.8904,4.79591,2.00709
348,-14.6496,4.83463,1.12207
348,-14.9116,4.84577,2.01206
348,-14.7369,4.79797,1.31337
348,-14.6922,5.02705,1.32684
348,-14.6684,4.84833,1.06933
348,-14.9287,4.86005,2.01178
348,-14.8277,4.85545,1.49726
348,-15.0084,4.85253,2.01638
348,-14.7597,4.96108,1.08533
348,-14.7241,4.70181,0.734833
348,-14.7257,4.69763,0.732052
348,-14.9535,4.46224,1.37073
348,-14.7333,4.71647,0.723038
348,-15.0544,4.87525,2.01547
348,-14.802,5.00306,1.07603
348,-14.7269,4.69028,0.499623
348,-14.7684,4.83322,0.704097
348,-14.9006,4.99178,1.29249
348,-14.92,5.00032,1.28401
348,-14.8934,5.24149,1.35166
348,-14.8916,5.06648,1.06783
348,-14.9274,5.28468,1.37755
348,-14.8601,5.32682,1.15945
348,-14.9797,4.64156,1.00721
348,-14.9808,4.64094,0.983289
348,-14.926,5.03245,1.05758
348,-14.5924,4.94725,-0.404914
348,-14.6202,4.92715,-0.330316
348,-14.6168,4.92576,-0.345233
348,-14.5956,4.94772,-0.406763
348,-14.6186,4.93113,-0.344827
348,-14.9328,4.60694,0.504967
348,-14.8278,5.14234,0.549176
348,-14.9523,4.5943,0.505471
348,-14.8582,4.87085,0.256513
348,-14.8253,5.19818,0.372563
348,-14.9565,4.62467,0.356672
348,-14.8715,5.09914,0.406217
348,-15.0171,5.45976,1.13548
348,-14.9659,4.64441,0.203337
348,-14.9688,4.64777,0.207979
348,-15.0963,5.39275,1.29053
348,-14.9147,4.95198,0.217542
348,-15.0376,5.0959,0.617856
348,-15.3118,4.59748,1.11358
348,-14.815,5.10693,-0.530862
348,-14.9992,5.02722,-0.339944
348,-15.3567,4.54777,0.314408
348,-15.1867,5.09693,-0.395899
348,-15.5284,4.79783,0.537431
348,-15.3452,5.68149,0.167597
348,-15.7029,4.58093,0.521161
348,-16.5628,0.631103,0.354665
348,-15.2229,5.41721,-0.768252
348,-15.4617,5.76283,0.232695
348,-16.6857,0.591186,0.331361
348,-15.8499,4.65036,0.45636
348,-15.8035,4.61762,0.137794
348,-15.8788,4.66248,0.110222
348,-17.4719,0.0733721,2.12252
348,-17.4836,0.0638359,2.14561
348,-15.9162,4.68193,0.0966719
348,-15.7757,6.17164,0.712574
348,-17.8461,-0.0874755,2.58848
348,-17.6412,0.0130765,1.6849
348,-15.8598,6.4698,0.0933623
348,-15.554,6.59699,-1.13732
348,-15.589,6.46761,-1.24859
348,-17.8211,0.825927,2.40975
348,-18.1411,-0.193019,2.65076
348,-17.8763,0.831591,2.39505
348,-18.0454,0.0464029,2.37471
348,-17.7606,1.59862,2.35711
348,-16.1033,6.29597,-0.110576
348,-17.9817,1.60396,2.96053
348,-17.914,1.01428,2.2001
348,-18.0355,1.59738,2.96017
348,-17.0228,3.56492,0.752257
348,-17.5738,2.87561,2.21858
348,-17.4306,3.58679,2.20786
348,-18.266,0.358216,2.64585
348,-17.9201,1.77691,2.3628
348,-17.6529,2.88814,2.23213
348,-16.9611,6.17049,2.33894
348,-17.9645,1.77243,2.3551
348,-18.1185,-0.08199,1.33222
348,-18.1968,0.0258658,1.6968
348,-18.0071,1.7661,2.38015
348,-17.607,3.39102,2.16426
348,-17.6061,3.41339,2.17372
348,-16.6396,8.15924,2.48425
348,-18.0432,-0.0758123,0.80736
348,-17.6568,3.41687,2.16948
348,-17.4788,0.542925,-0.938096
348,-17.1308,3.55977,0.242476
348,-17.0829,4.50576,0.787876
348,-17.2316,3.63198,0.605313
348,-17.2041,4.06739,0.815036
348,-18.0302,2.06599,2.22785
348,-17.283,3.76094,0.794699
348,-17.6684,2.56373,1.21724
348,-15.99,6.84356,-1.52251
348,-17.1938,3.62642,0.301094
348,-17.6751,2.56841,1.21202
348,-17.8966,0.966761,0.684714
348,-17.6865,2.56911,1.2208
348,-17.6374,2.55749,0.965409
348,-17.332,3.73963,0.771319
348,-17.7996,2.76588,1.70018
348,-17.623,4.37564,2.35069
348,-17.1995,6.34765,2.40279
348,-18.2921,1.50488,2.46024
348,-17.8377,3.59781,2.43096
348,-16.1135,5.62309,-2.3518
348,-17.6778,2.57393,0.929986
348,-17.2773,3.66484,0.302508
348,-17.2095,4.60635,0.767278
348,-17.8011,0.0393367,-0.82907
348,-17.8736,2.73337,1.65952
348,-17.5163,2.68846,0.27241
348,-17.1527,6.82857,2.34431
348,-18.3078,1.78414,2.47058
348,-17.233,4.60652,0.769134
348,-17.4057,3.84182,0.773678
348,-16.8729,8.45228,2.5403
348,-17.262,4.62439,0.808637
348,-17.4533,3.78235,0.784604
348,-17.2728,3.9271,0.198099
348,-16.1919,5.67135,-2.41831
348,-17.6052,5.198,2.37438
348,-17.1095,4.78058,0.138512
348,-17.4811,3.91757,0.716814
348,-17.8456,2.56783,0.915305
348,-17.4952,3.91692,0.724063
348,-17.2475,4.93548,0.548533
348,-17.2574,5.09912,0.652835
348,-17.296,4.95631,0.550225
348,-18.0492,1.71746,0.654814
348,-18.2126,0.979636,0.619003
348,-17.6133,3.71265,0.639611
348,-17.0445,8.66175,2.61167
348,-17.5054,2.37243,-1.06442
348,-17.9798,0.85929,-0.583562
348,-17.5389,4.2684,0.568654
348,-17.5041,4.0085,0.180976
348,-17.3894,5.1577,0.637229
348,-17.4319,5.24034,0.802715
348,-17.3643,5.50928,0.767003
348,-17.301,5.63343,0.629356
348,-17.5518,1.75328,-1.67443
348,-16.2119,5.1502,0.482243
347,-16.2119,5.1502,0.482243
348,-17.608,3.46301,-2.00167
347,-17.608,3.46301,-2.00167
348,-17.6056,3.47237,-1.23885
347,-17.6056,3.47237,-1.23885
348,-17.2661,4.72371,2.22451
347,-17.2661,4.72371,2.22451
348,-17.9127,2.77071,-1.2611
347,-17.9127,2.77071,-1.2611
348,-17.8607,1.90164,0.505386
347,-17.8607,1.90164,0.505386
348,-17.2641,7.77202,-1.69953
347,-17.2641,7.77202,-1.69953
348,-17.6781,5.15104,-1.24068
347,-17.6781,5.15104,-1.24068
348,-17.2134,3.7565,-0.07814
347,-17.2134,3.7565,-0.07814
348,-18.0391,6.06794,2.41195
347,-18.0391,6.06794,2.41195
348,-17.2932,6.4497,2.37466
347,-17.2932,6.4497,2.37466
348,-17.9245,2.93303,-0.147498
347,-17.9245,2.93303,-0.147498
348,-18.8783,3.00035,-0.463174
347,-18.8783,3.00035,-0.463174
348,-17.4274,4.10062,-1.32487
347,-17.4274,4.10062,-1.32487
348,-14.5729,4.85345,1.59232
347,-14.5729,4.85345,1.59232
348,-18.0723,2.94377,-0.202996
347,-18.0723,2.94377,-0.202996
348,-18.1792,2.05231,-1.55157
347,-18.1792,2.05231,-1.55157
348,-16.1377,4.77576,0.0334571
347,-16.1377,4.77576,0.0334571
348,-17.6457,5.40078,-1.71484
347,-17.6457,5.40078,-1.71484
348,-18.329,6.23743,2.46988
347,-18.329,6.23743,2.46988
348,-18.8432,6.59726,0.46019
347,-18.8432,6.59726,0.46019
348,-18.13,2.35124,-1.40758
347,-18.13,2.35124,-1.40758
348,-23.8512,2.57247,3.35418
347,-23.8512,2.57247,3.35418
348,-15.2958,6.25844,2.28087
347,-15.2958,6.25844,2.28087
348,-17.4836,0.164805,-1.61422
347,-17.4836,0.164805,-1.61422
348,-17.6084,6.31608,-2.51275
347,-17.6084,6.31608,-2.51275
348,-17.5154,5.82306,2.39091
347,-17.5154,5.82306,2.39091
348,-15.1718,6.12259,2.27093
347,-15.1718,6.12259,2.27093
348,-14.6916,4.69592,1.63399
347,-14.6916,4.69592,1.63399
348,-16.5141,4.48217,-0.192283
347,-16.5141,4.48217,-0.192283
348,-16.3259,7.0549,-0.481181
347,-16.3259,7.0549,-0.481181
348,-17.7453,3.60972,-1.69162
346,-17.7453,3.60972,-1.69162
348,-17.7643,3.38641,-2.38376
346,-17.7643,3.38641,-2.38376
348,-17.6041,4.03476,2.24353
346,-17.6041,4.03476,2.24353
348,-17.6644,3.36902,-2.32609
346,-17.6644,3.36902,-2.32609
348,-17.8746,2.3096,-1.55237
346,-17.8746,2.3096,-1.55237
348,-20.3383,3.12284,-4.94354
346,-20.3383,3.12284,-4.94354
348,-17.5536,3.94634,-1.29534
346,-17.5536,3.94634,-1.29534
348,-17.7499,4.24517,-2.17608
346,-17.7499,4.24517,-2.17608
348,-18.705,4.57789,-0.359647
346,-18.705,4.57789,-0.359647
348,-12.641,2.50792,1.99076
346,-12.641,2.50792,1.99076
348,-18.1062,3.50034,-1.43885
346,-18.1062,3.50034,-1.43885
348,-17.6018,0.686426,0.394901
346,-17.6018,0.686426,0.394901
348,-18.1241,0.88443,-1.25921
346,-18.1241,0.88443,-1.25921
348,-18.0188,3.53641,-1.63377
346,-18.0188,3.53641,-1.63377
348,-19.7148,4.80451,-4.89834
126,-19.7148,4.80451,-4.89834
348,-17.6871,2.38565,-2.14593
126,-17.6871,2.38565,-2.14593
348,-17.9761,2.30979,-2.13616
126,-17.9761,2.30979,-2.13616
348,-19.5327,4.72901,-4.74219
126,-19.5327,4.72901,-4.74219
348,-18.0033,1.23148,-1.56041
126,-18.0033,1.23148,-1.56041
348,-20.2801,3.1012,-4.86678
126,-20.2801,3.1012,-4.86678
348,-17.9807,2.70146,0.453766
126,-17.9807,2.70146,0.453766
348,-18.5956,2.62314,-0.344302
126,-18.5956,2.62314,-0.344302
348,-20.0037,3.06417,-4.69279
126,-20.0037,3.06417,-4.69279
348,-17.8675,2.66715,0.467411
126,-17.8675,2.66715,0.467411
348,-17.9803,0.488416,2.37025
126,-17.9803,0.488416,2.37025
348,-17.6548,3.43403,-1.19354
126,-17.6548,3.43403,-1.19354
348,-17.7143,3.43756,-2.57033
126,-17.7143,3.43756,-2.57033
348,-17.5135,5.34548,2.41335
126,-17.5135,5.34548,2.41335
348,-17.4661,4.52986,2.22009
345,-17.4661,4.52986,2.22009
348,-17.488,5.17618,0.766831
345,-17.488,5.17618,0.766831
348,-17.7077,4.41105,2.37153
345,-17.7077,4.41105,2.37153
348,-17.4827,5.15721,0.781535
345,-17.4827,5.15721,0.781535
348,-17.9032,3.37877,-1.8549
345,-17.9032,3.37877,-1.8549
348,-17.73,3.22372,-1.22008
345,-17.73,3.22372,-1.22008
348,-17.7492,3.68528,-1.51699
344,-17.7492,3.68528,-1.51699
348,-17.9656,2.35338,-1.94974
122,-17.9656,2.35338,-1.94974
348,-17.4864,4.87517,-0.0189839
122,-17.4864,4.87517,-0.0189839
348,-18.3506,6.33677,-4.00434
122,-18.3506,6.33677,-4.00434
348,-18.1853,-0.125015,-2.29204
122,-18.1853,-0.125015,-2.29204
348,-15.0094,4.99575,1.76503
343,-15.0094,4.99575,1.76503
348,-15.3624,5.54162,2.41688
343,-15.3624,5.54162,2.41688
348,-18.1127,1.99534,-2.00558
120,-18.1127,1.99534,-2.00558
348,-17.925,3.084,-0.22608
120,-17.925,3.084,-0.22608
348,-17.7791,4.1688,-1.5673
120,-17.7791,4.1688,-1.5673
348,-17.8346,3.37502,-1.09273
118,-17.8346,3.37502,-1.09273
348,-17.8642,2.76294,-1.22179
118,-17.8642,2.76294,-1.22179
349,-12.3222,2.07171,1.5685
349,-13.3128,4.75596,0.769072
349,-13.3475,4.82908,0.45323
349,-13.3975,4.91786,0.426921
349,-13.2231,4.84779,-0.484114
349,-13.2288,4.97282,-0.563908
349,-13.3367,4.82348,-0.496525
349,-13.8757,5.06215,1.54283
349,-13.6708,4.90428,0.356345
349,-13.6745,4.92775,0.339152
349,-13.7039,4.96427,0.350698
349,-13.7168,4.96857,0.32413
349,-13.7435,4.97461,0.353536
349,-13.8579,4.95671,0.438981
349,-14.0011,5.18774,1.05201
349,-14.1049,5.48745,1.05519
349,-14.0258,5.0831,0.341068
349,-14.7153,4.71925,1.74849
349,-14.7141,4.44288,1.33781
349,-14.7679,4.95647,1.81534
349,-14.8015,4.78756,1.62531
349,-14.7944,4.49696,1.32038
349,-14.8521,4.69202,1.69535
349,-14.8228,4.7263,1.5673
349,-14.6629,4.4686,0.725062
349,-14.8418,4.56902,1.48402
349,-14.644,4.55683,0.716381
349,-15.4545,0.414068,0.140139
349,-14.9751,4.67453,1.89417
349,-14.877,4.7649,1.56606
349,-14.882,4.76872,1.56452
349,-14.8471,4.87449,1.50389
349,-15.0031,4.74953,1.90506
349,-14.6264,5.10186,0.732453
349,-15.0216,4.72821,1.90638
349,-14.8975,4.89349,1.51684
349,-14.7425,5.07024,1.0586
349,-14.8956,4.94429,1.48749
349,-14.9251,4.66419,1.33917
349,-14.9527,4.83253,1.46042
349,-14.7011,5.16201,0.72477
349,-15.1023,4.75582,1.88763
349,-14.7881,4.83269,0.710233
349,-14.9855,4.84546,1.46248
349,-14.4965,4.87513,-0.376508
349,-14.5101,4.86949,-0.390502
349,-14.9351,4.61238,0.879805
349,-14.9468,4.61436,0.872596
349,-14.7707,5.21899,0.7059
349,-14.9551,4.62019,0.879385
349,-14.5599,4.92579,-0.413248
349,-14.5927,4.8988,-0.353444
349,-14.8996,5.06843,0.944921
349,-14.7526,5.05196,0.174025
349,-14.7743,5.06979,0.164621
349,-14.9547,5.03592,0.665705
349,-14.7193,4.9708,-0.361959
349,-15.0128,5.4614,1.09022
349,-15.0111,5.08559,0.656463
349,-15.0374,4.83269,0.527366
349,-15.217,5.10754,1.34449
349,-15.0293,4.66332,0.189382
349,-15.0558,4.62108,0.224552
349,-15.0452,4.70793,0.167366
349,-15.0381,4.73008,0.150015
349,-15.2278,5.35269,1.36804
349,-15.2655,5.16599,1.34359
349,-15.0623,4.70512,0.167803
349,-15.1122,4.60656,0.262839
349,-15.0586,4.73129,0.154701
349,-15.1047,5.13885,0.63484
349,-15.005,6.52132,1.43198
349,-15.0895,4.73111,0.150612
349,-15.3436,4.63995,0.975386
349,-15.0966,4.99422,0.219378
349,-15.3246,4.62881,0.741417
349,-15.3856,4.64893,0.982559
349,-15.1821,5.19992,0.634091
349,-15.1532,5.06197,0.177223
349,-14.9513,5.19322,-0.492658
349,-15.448,4.69344,0.964563
349,-15.3486,4.72777,0.443558
349,-15.3935,4.77144,0.534834
349,-15.5856,4.62196,0.426403
349,-15.7891,4.92091,1.36532
349,-15.4769,5.43881,0.563842
349,-16.8492,-0.124932,0.924229
349,-16.8612,-0.133029,0.927847
349,-15.696,4.91354,0.509354
349,-17.2351,0.048737,2.04637
349,-15.801,4.62052,0.442499
349,-15.91,4.67642,0.417086
349,-16.6616,-0.428494,-1.27216
349,-17.4822,-0.00418591,2.09232
349,-16.0723,4.75399,0.373753
349,-16.72,0.693424,-0.707614
349,-16.9124,-0.523521,-1.367
349,-15.8156,6.52894,0.358845
349,-16.3812,4.58154,0.505553
349,-16.9123,0.551558,-1.01554
349,-16.9338,0.59582,-1.02093
349,-17.7639,0.151983,1.66249
349,-15.9136,6.51616,0.0482098
349,-17.9815,-0.453181,1.88233
349,-17.0859,0.617807,-0.844769
349,-16.638,3.69732,-0.196703
349,-17.7402,0.0198305,0.832099
349,-15.5055,6.07765,-2.60085
349,-17.789,1.56983,2.19344
349,-16.4943,7.97682,2.71094
349,-15.5148,6.17949,-2.62465
349,-17.8329,1.56957,2.19858
349,-17.8249,0.137043,0.747213
349,-18.0388,1.26632,2.36536
349,-17.9491,1.77755,2.36532
349,-17.6693,1.21646,0.779772
349,-17.5499,3.53041,2.15293
349,-18.0394,1.78846,2.39523
349,-17.7967,0.920616,0.690426
349,-18.0024,0.230163,0.840552
349,-17.0553,6.21939,2.3387
349,-18.0045,0.0892433,0.717754
349,-17.8347,0.836187,0.704934
349,-16.9454,4.67248,0.472514
349,-17.9562,0.708094,0.722918
349,-17.2796,3.884,0.73623
349,-17.3795,-0.390843,-2.6617
349,-17.8053,1.79372,0.777322
349,-17.8653,1.36814,0.46195
349,-17.7537,2.56063,0.920698
349,-17.8216,2.5758,1.1872
349,-16.9389,8.5337,2.8201
349,-17.5666,2.71839,0.229251
349,-17.2387,4.85902,0.717952
349,-16.6462,5.0472,0.195352
347,-16.6462,5.0472,0.195352
349,-17.9668,2.11575,-1.69187
347,-17.9668,2.11575,-1.69187
349,-16.277,4.8075,0.190367
347,-16.277,4.8075,0.190367
349,-17.8198,7.98845,-4.05921
347,-17.8198,7.98845,-4.05921
349,-17.8383,2.29677,-1.83175
347,-17.8383,2.29677,-1.83175
349,-17.5007,3.92288,0.729725
347,-17.5007,3.92288,0.729725
349,-17.4017,5.16992,0.626072
347,-17.4017,5.16992,0.626072
349,-19.6135,4.72669,-4.80955
347,-19.6135,4.72669,-4.80955
349,-17.8506,3.37064,-1.89713
347,-17.8506,3.37064,-1.89713
349,-17.7763,2.57126,0.923599
347,-17.7763,2.57126,0.923599
349,-17.8984,2.35766,-1.2898
347,-17.8984,2.35766,-1.2898
349,-18.2006,3.42279,-2.69388
347,-18.2006,3.42279,-2.69388
349,-18.3176,0.823076,-1.38346
347,-18.3176,0.823076,-1.38346
349,-17.9864,-0.058154,0.795143
347,-17.9864,-0.058154,0.795143
349,-18.1781,3.41605,-2.67576
347,-18.1781,3.41605,-2.67576
349,-14.6191,4.83671,1.79909
347,-14.6191,4.83671,1.79909
349,-17.9435,0.715742,0.707198
347,-17.9435,0.715742,0.707198
349,-17.8555,1.28099,-1.64333
347,-17.8555,1.28099,-1.64333
349,-18.2318,2.60422,-0.224127
347,-18.2318,2.60422,-0.224127
349,-17.6956,3.99028,0.642333
347,-17.6956,3.99028,0.642333
349,-18.0607,0.871471,-1.20421
347,-18.0607,0.871471,-1.20421
349,-18.1865,-0.0945207,-2.01861
347,-18.1865,-0.0945207,-2.01861
349,-17.8748,2.33763,-0.310665
347,-17.8748,2.33763,-0.310665
349,-18.1631,2.61938,-0.213379
347,-18.1631,2.61938,-0.213379
349,-17.4946,4.70466,0.724427
348,-17.4946,4.70466,0.724427
349,-18.6222,6.48388,-4.22417
348,-18.6222,6.48388,-4.22417
349,-18.3072,6.31672,-3.96253
348,-18.3072,6.31672,-3.96253
349,-17.6017,3.34488,-1.23962
348,-17.6017,3.34488,-1.23962
349,-18.6923,3.89275,0.256835
348,-18.6923,3.89275,0.256835
349,-18.6532,3.63478,0.28852
348,-18.6532,3.63478,0.28852
349,-20.2411,3.11027,-4.84335
348,-20.2411,3.11027,-4.84335
349,-18.6086,1.70097,-3.60835
348,-18.6086,1.70097,-3.60835
349,-17.4222,6.87731,-2.42764
348,-17.4222,6.87731,-2.42764
349,-19.0878,7.2576,-3.51048
348,-19.0878,7.2576,-3.51048
349,-20.1109,5.87587,-4.63606
348,-20.1109,5.87587,-4.63606
349,-18.5377,5.82646,-4.11798
348,-18.5377,5.82646,-4.11798
349,-17.3882,6.85822,-2.39689
348,-17.3882,6.85822,-2.39689
349,-18.6287,1.25733,2.4219
348,-18.6287,1.25733,2.4219
349,-16.3482,6.03671,-2.55216
348,-16.3482,6.03671,-2.55216
349,-17.6816,7.89353,-3.98946
348,-17.6816,7.89353,-3.98946
349,-17.5673,6.51259,-2.07063
348,-17.5673,6.51259,-2.07063
349,-39.9997,10.434,6.3691
348,-39.9997,10.434,6.3691
349,-19.9955,5.32796,-4.6636
348,-19.9955,5.32796,-4.6636
349,-17.9243,2.28385,-1.994
348,-17.9243,2.28385,-1.994
349,-17.3276,7.90751,0.692186
348,-17.3276,7.90751,0.692186
349,-16.9271,7.07259,0.641209
348,-16.9271,7.07259,0.641209
349,-17.7053,3.9778,0.675761
348,-17.7053,3.9778,0.675761
349,-18.9055,3.54368,-1.54767
348,-18.9055,3.54368,-1.54767
349,-17.7841,3.33215,-2.02072
348,-17.7841,3.33215,-2.02072
349,-17.6009,3.35779,0.76973
348,-17.6009,3.35779,0.76973
349,-17.3001,3.39515,-1.26461
348,-17.3001,3.39515,-1.26461
349,-18.4594,0.820535,-1.41445
348,-18.4594,0.820535,-1.41445
349,-18.9179,3.47066,-0.601092
348,-18.9179,3.47066,-0.601092
349,-16.4398,4.97616,0.885268
348,-16.4398,4.97616,0.885268
349,-18.6689,6.92337,-3.241
348,-18.6689,6.92337,-3.241
349,-17.6375,5.56339,0.575178
348,-17.6375,5.56339,0.575178
349,-17.6983,5.60315,0.681483
348,-17.6983,5.60315,0.681483
349,-18.2932,1.41958,-0.739653
348,-18.2932,1.41958,-0.739653
349,-17.1517,0.758544,0.54808
348,-17.1517,0.758544,0.54808
349,-17.8665,4.10667,0.578259
348,-17.8665,4.10667,0.578259
349,-17.983,2.92314,-0.317539
346,-17.983,2.92314,-0.317539
349,-17.8006,3.6168,-1.72445
346,-17.8006,3.6168,-1.72445
349,-17.8213,0.848107,-0.1413
346,-17.8213,0.848107,-0.1413
349,-17.5954,5.28312,0.609694
346,-17.5954,5.28312,0.609694
349,-17.9432,1.30504,-1.99343
346,-17.9432,1.30504,-1.99343
349,-17.5374,4.77287,0.668842
126,-17.5374,4.77287,0.668842
349,-17.6566,4.16015,2.21997
126,-17.6566,4.16015,2.21997
349,-17.6707,3.52568,2.34936
126,-17.6707,3.52568,2.34936
349,-18.3158,6.32613,-3.98716
126,-18.3158,6.32613,-3.98716
349,-17.7012,3.33448,-1.82979
126,-17.7012,3.33448,-1.82979
349,-15.1221,4.61489,0.256259
126,-15.1221,4.61489,0.256259
349,-18.3019,6.30941,-3.97924
126,-18.3019,6.30941,-3.97924
349,-15.8838,0.542569,0.276684
126,-15.8838,0.542569,0.276684
349,-18.0517,0.94037,-1.9911
126,-18.0517,0.94037,-1.9911
349,-18.2498,5.69294,-3.89312
126,-18.2498,5.69294,-3.89312
349,-17.5639,4.44519,0.74903
120,-17.5639,4.44519,0.74903
349,-17.9368,3.38008,0.457939
120,-17.9368,3.38008,0.457939
349,-17.8347,2.34575,-1.59624
120,-17.8347,2.34575,-1.59624
349,-17.9976,1.98962,-1.35042
120,-17.9976,1.98962,-1.35042
349,-18.0281,2.53709,0.456465
120,-18.0281,2.53709,0.456465
349,-20.8186,8.39491,-4.55674
120,-20.8186,8.39491,-4.55674
349,-17.9628,3.39139,0.452319
120,-17.9628,3.39139,0.452319
349,-18.7422,6.01564,-4.28998
120,-18.7422,6.01564,-4.28998
349,-17.5776,3.5437,0.772949
120,-17.5776,3.5437,0.772949
349,-17.847,2.33423,-1.86097
120,-17.847,2.33423,-1.86097
349,-18.0707,2.94544,-0.212722
120,-18.0707,2.94544,-0.212722
349,-17.2305,3.30344,-2.86382
120,-17.2305,3.30344,-2.86382
349,-17.7855,3.4788,0.416711
120,-17.7855,3.4788,0.416711
349,-17.6324,5.20748,2.38308
345,-17.6324,5.20748,2.38308
349,-17.6567,4.22099,-2.1211
345,-17.6567,4.22099,-2.1211
349,-17.5272,4.7416,2.21993
345,-17.5272,4.7416,2.21993
349,-18.1264,1.17645,2.55749
345,-18.1264,1.17645,2.55749
349,-43.6846,-5.48563,5.87043
344,-43.6846,-5.48563,5.87043
349,-18.0892,2.46998,0.164172
344,-18.0892,2.46998,0.164172
349,-18.5355,4.86591,-4.78148
118,-18.5355,4.86591,-4.78148
349,-17.7924,3.32963,-1.98055
118,-17.7924,3.32963,-1.98055
349,-18.1971,0.884759,-1.34376
118,-18.1971,0.884759,-1.34376
349,-17.8608,5.22702,-2.26474
118,-17.8608,5.22702,-2.26474
349,-17.9809,2.41846,-1.22378
118,-17.9809,2.41846,-1.22378
349,-17.8195,3.39813,-0.998911
343,-17.8195,3.39813,-0.998911
349,-15.0803,4.98146,1.74347
343,-15.0803,4.98146,1.74347
349,-15.5836,5.2125,1.62107
343,-15.5836,5.2125,1.62107
350,-12.2105,2.2012,1.39431
350,-13.24,4.73592,0.369352
350,-13.3543,4.83367,0.741106
350,-13.5903,4.80797,1.50275
350,-13.231,4.84388,-0.51278
350,-13.2381,4.83244,-0.507018
350,-13.2636,4.8851,-0.523368
350,-13.2998,4.89916,-0.544124
350,-13.8107,5.09539,1.07129
350,-13.8279,5.1034,1.07007
350,-13.9162,4.94111,1.13496
350,-13.8739,5.17729,1.09089
350,-14.0168,4.99211,1.13557
350,-14.0241,5.0268,1.14407
350,-14.0472,5.04477,1.15814
350,-13.8237,4.88427,-0.677602
350,-13.8775,4.92923,-0.688755
350,-14.6687,4.46812,1.38314
350,-14.4298,4.84591,0.690303
350,-14.533,4.9167,0.67893
350,-14.6808,4.86592,0.997684
350,-15.0272,4.67113,1.80758
350,-15.0306,4.67961,1.80829
350,-14.778,4.50101,0.715489
350,-15.557,0.537022,0.262686
350,-15.0678,4.69733,1.81703
350,-15.5469,0.402508,0.103028
350,-14.855,5.16268,1.32599
350,-15.0628,4.73153,1.71239
350,-15.5674,0.599189,0.13768
350,-14.8298,4.58282,0.657209
350,-14.8522,4.5543,0.703507
350,-15.024,4.88278,1.47452
350,-15.0211,5.01063,1.51253
350,-14.5274,4.95318,-0.450843
350,-15.0562,4.85288,1.33537
350,-15.7243,0.48577,0.23712
350,-15.7297,0.532447,0.280697
350,-15.0788,4.84809,1.31694
350,-15.0017,5.3001,1.33598
350,-15.2096,4.58149,1.38401
350,-14.7682,4.99228,0.0577412
350,-15.1461,5.08186,1.36796
350,-14.801,4.99759,0.0414001
350,-14.9387,4.71112,0.302044
350,-15.8771,0.49657,0.25916
350,-14.8383,5.12285,0.137915
350,-15.1255,5.38004,1.34147
350,-15.0206,4.53689,0.188531
350,-15.0389,4.74158,0.298778
350,-15.0832,4.61308,0.164217
350,-15.2983,4.64169,0.883263
350,-15.1578,4.70415,0.335947
350,-15.1695,4.59156,0.234129
350,-15.0667,5.33318,0.0954551
350,-15.3535,4.7385,0.608962
350,-15.4749,4.71318,0.862679
350,-15.3511,4.73104,0.421334
350,-15.5109,4.74393,0.869175
350,-15.4344,4.74919,0.565583
350,-15.3105,5.72892,0.883435
350,-15.4461,4.78168,0.569955
350,-15.4091,4.74182,0.396635
350,-15.6871,4.96273,1.53419
350,-16.6487,-0.0757209,0.942072
350,-15.4972,4.84406,0.532715
350,-15.6086,4.79038,0.866364
350,-15.5975,4.62464,0.402827
350,-16.4348,-0.257219,-0.731744
350,-15.4661,5.57314,0.329061
350,-15.4237,4.99578,-0.326796
350,-17.0468,-0.15679,1.2746
350,-16.5213,-0.305968,-0.759093
350,-15.4387,6.23667,0.417418
350,-17.3682,-0.24895,1.86888
350,-17.258,-0.243232,1.27309
350,-17.2667,-0.264987,1.28029
350,-16.1326,5.08991,1.38077
350,-16.7484,-0.394091,-0.86162
350,-15.6085,6.31834,0.331405
350,-17.5147,0.0153244,2.08285
350,-15.7414,6.50388,0.370692
350,-15.8201,6.5805,0.374466
350,-15.1505,6.13726,-2.61844
350,-18.0412,-0.614592,2.15877
350,-17.7852,0.108974,1.52536
350,-15.4196,5.60438,-2.685
350,-15.4435,5.61646,-2.70732
350,-15.4507,5.64135,-2.72534
350,-15.4022,5.55556,-2.98516
350,-15.4746,5.64517,-2.72979
350,-15.4365,5.58275,-3.01578
350,-17.7804,1.77486,2.32313
350,-15.4532,5.58883,-3.02299
350,-15.5387,5.58556,-2.76503
350,-15.3305,6.18219,-3.03881
350,-17.3743,3.53187,2.10988
350,-15.5749,5.61363,-2.79472
350,-18.213,0.129337,2.18923
350,-17.4104,0.195363,-0.734155
350,-16.9418,-0.247856,-2.76732
350,-15.4115,6.26163,-3.13346
350,-16.7479,4.72641,0.356942
350,-17.3354,-0.906118,-2.25692
350,-15.6402,5.53633,-3.25503
350,-17.2413,-0.826923,-2.6442
350,-17.1522,3.83441,0.708604
350,-15.6735,5.56532,-3.29259
350,-17.7172,3.35153,2.15268
350,-15.8032,5.34161,-3.16041
350,-18.3004,-0.132267,1.35233
350,-19.0239,4.3564,-4.82397
349,-19.0239,4.3564,-4.82397
350,-19.0113,4.20465,-4.72067
349,-19.0113,4.20465,-4.72067
350,-17.6697,4.77853,0.703112
349,-17.6697,4.77853,0.703112
350,-18.0746,3.44499,-1.08454
349,-18.0746,3.44499,-1.08454
350,-17.8519,3.22205,-2.37374
349,-17.8519,3.22205,-2.37374
350,-18.0843,2.02472,-2.0369
349,-18.0843,2.02472,-2.0369
350,-16.9571,3.75635,-0.51115
349,-16.9571,3.75635,-0.51115
350,-17.4389,7.07862,-2.45976
349,-17.4389,7.07862,-2.45976
350,-18.213,1.30195,-0.573292
349,-18.213,1.30195,-0.573292
350,-18.6211,6.50683,-4.20439
349,-18.6211,6.50683,-4.20439
350,-17.176,7.27447,0.826715
349,-17.176,7.27447,0.826715
350,-18.5496,0.831054,-1.48721
349,-18.5496,0.831054,-1.48721
350,-18.9265,9.17693,-1.7446
349,-18.9265,9.17693,-1.7446
350,-20.4604,7.56182,-4.259
349,-20.4604,7.56182,-4.259
350,-18.725,4.40049,-0.152531
349,-18.725,4.40049,-0.152531
350,-17.5271,6.96955,-2.48734
349,-17.5271,6.96955,-2.48734
350,-17.3413,7.73286,-3.83018
349,-17.3413,7.73286,-3.83018
350,-17.7932,5.19461,-1.305
349,-17.7932,5.19461,-1.305
350,-17.3302,5.06647,-1.34866
349,-17.3302,5.06647,-1.34866
350,-19.2759,1.28972,0.236291
349,-19.2759,1.28972,0.236291
350,-18.2668,1.06229,-2.1731
349,-18.2668,1.06229,-2.1731
350,-15.4513,0.286026,0.579263
349,-15.4513,0.286026,0.579263
350,-15.7162,6.75602,-0.947683
349,-15.7162,6.75602,-0.947683
350,-19.3161,3.75045,-3.57416
349,-19.3161,3.75045,-3.57416
350,-17.3118,0.131016,-0.661164
349,-17.3118,0.131016,-0.661164
350,-14.5856,4.82371,1.7774
349,-14.5856,4.82371,1.7774
350,-17.7804,-0.0829365,1.54529
349,-17.7804,-0.0829365,1.54529
350,-18.3933,2.44566,-1.38379
349,-18.3933,2.44566,-1.38379
350,-19.0724,0.655691,-1.55159
349,-19.0724,0.655691,-1.55159
350,-16.0891,6.423,0.539013
349,-16.0891,6.423,0.539013
350,-17.5094,5.51139,0.473072
349,-17.5094,5.51139,0.473072
350,-16.6546,4.93493,-0.414558
348,-16.6546,4.93493,-0.414558
350,-16.6064,4.9134,-0.395599
348,-16.6064,4.9134,-0.395599
350,-18.0008,2.58809,1.18939
348,-18.0008,2.58809,1.18939
350,-18.4308,4.70619,-2.33991
348,-18.4308,4.70619,-2.33991
350,-17.2665,4.79252,0.0248341
348,-17.2665,4.79252,0.0248341
350,-18.3991,2.59052,-0.267948
348,-18.3991,2.59052,-0.267948
350,-17.7194,3.41536,2.16581
348,-17.7194,3.41536,2.16581
350,-18.0793,2.35814,-1.52286
348,-18.0793,2.35814,-1.52286
350,-18.8608,4.03846,-0.0896898
348,-18.8608,4.03846,-0.0896898
350,-17.5749,5.20906,0.763065
348,-17.5749,5.20906,0.763065
350,-18.0672,2.58118,0.906644
348,-18.0672,2.58118,0.906644
350,-15.5883,0.522477,0.252006
348,-15.5883,0.522477,0.252006
350,-18.1092,2.38319,-1.34085
348,-18.1092,2.38319,-1.34085
350,-19.0366,2.38856,-2.77288
348,-19.0366,2.38856,-2.77288
350,-18.1245,0.846429,-0.622477
348,-18.1245,0.846429,-0.622477
350,-16.7997,4.90306,-0.297192
348,-16.7997,4.90306,-0.297192
350,-17.8427,3.34685,-0.81665
348,-17.8427,3.34685,-0.81665
350,-17.8248,2.37316,-1.20649
348,-17.8248,2.37316,-1.20649
350,-17.6367,4.12075,-1.52266
348,-17.6367,4.12075,-1.52266
350,-17.4692,5.22054,0.604014
347,-17.4692,5.22054,0.604014
350,-17.5782,3.95417,0.672108
347,-17.5782,3.95417,0.672108
350,-19.1395,1.29216,0.258564
347,-19.1395,1.29216,0.258564
350,-17.8266,2.14132,-1.68917
347,-17.8266,2.14132,-1.68917
350,-19.3713,2.30488,-2.6985
347,-19.3713,2.30488,-2.6985
350,-18.4499,1.9275,-0.850099
347,-18.4499,1.9275,-0.850099
350,-17.9682,2.30404,-2.01397
126,-17.9682,2.30404,-2.01397
350,-17.696,2.94095,0.74919
126,-17.696,2.94095,0.74919
350,-18.1714,1.17413,-2.44142
126,-18.1714,1.17413,-2.44142
350,-18.1936,2.97126,-0.232531
126,-18.1936,2.97126,-0.232531
350,-18.0733,0.644262,0.273659
126,-18.0733,0.644262,0.273659
350,-15.5393,6.21492,-2.6407
126,-15.5393,6.21492,-2.6407
350,-18.1467,0.944128,-1.76199
126,-18.1467,0.944128,-1.76199
350,-15.5913,6.2823,-2.7051
126,-15.5913,6.2823,-2.7051
350,-18.2177,5.69684,-3.87293
126,-18.2177,5.69684,-3.87293
350,-18.0083,2.94998,-0.202981
126,-18.0083,2.94998,-0.202981
350,-18.3487,1.97031,-0.816991
126,-18.3487,1.97031,-0.816991
350,-18.3583,1.69025,-4.46691
120,-18.3583,1.69025,-4.46691
350,-17.6898,3.81906,0.705301
120,-17.6898,3.81906,0.705301
350,-18.375,1.67969,-3.4912
120,-18.375,1.67969,-3.4912
350,-16.7567,4.89579,-0.286117
120,-16.7567,4.89579,-0.286117
350,-18.3214,-0.139198,-2.29389
120,-18.3214,-0.139198,-2.29389
350,-17.9982,2.34667,-0.328837
120,-17.9982,2.34667,-0.328837
350,-19.6604,9.56892,-4.70163
346,-19.6604,9.56892,-4.70163
350,-18.1586,1.99773,-2.19625
346,-18.1586,1.99773,-2.19625
350,-17.8949,3.27475,-0.314608
346,-17.8949,3.27475,-0.314608
350,-17.8017,2.34112,-1.97894
118,-17.8017,2.34112,-1.97894
350,-16.0287,5.49889,-3.34794
118,-16.0287,5.49889,-3.34794
350,-17.9156,5.28975,-4.83062
118,-17.9156,5.28975,-4.83062
350,-17.8291,2.28149,-1.54705
118,-17.8291,2.28149,-1.54705
350,-17.6915,4.90992,0.709706
118,-17.6915,4.90992,0.709706
350,-17.8919,2.76961,-1.26163
345,-17.8919,2.76961,-1.26163
350,-17.856,1.37715,0.762663
116,-17.856,1.37715,0.762663
350,-18.0637,2.67347,-4.3415
116,-18.0637,2.67347,-4.3415
350,-22.0738,-0.562374,-4.55996
116,-22.0738,-0.562374,-4.55996
350,-22.3763,-0.631884,-4.67044
116,-22.3763,-0.631884,-4.67044
350,-17.9517,3.37948,-0.875099
116,-17.9517,3.37948,-0.875099
350,-17.632,3.85612,0.727592
343,-17.632,3.85612,0.727592
350,-18.0758,1.2142,-2.03004
343,-18.0758,1.2142,-2.03004
351,-11.0549,2.11518,0.81941
351,-11.491,1.6891,1.13385
351,-13.0317,4.70761,0.369351
351,-13.2158,4.69069,0.719671
351,-13.0735,4.85019,0.339727
351,-13.237,4.85331,0.702239
351,-13.2634,4.86845,0.697636
351,-13.1257,4.65347,-0.432918
351,-13.2253,4.96533,-0.562087
351,-13.7397,5.07943,1.08249
351,-13.9404,5.16028,1.53554
351,-13.7639,5.05758,0.339937
351,-14.0784,5.05887,1.12549
351,-13.3281,4.83441,-1.46094
351,-13.3238,4.86069,-1.47986
351,-15.0081,-0.0383074,0.140683
351,-15.0461,-0.117223,0.0991735
351,-13.9286,4.99394,-0.938038
351,-14.8127,4.54372,1.29213
351,-14.7601,4.47756,0.712595
351,-14.9734,4.80029,1.59505
351,-14.7768,4.50196,0.705563
351,-14.7985,4.99163,0.971323
351,-14.8837,5.01889,0.988355
351,-15.0746,5.03343,1.53205
351,-15.6282,-0.289274,-0.439958
351,-14.5446,4.88234,-0.368636
351,-15.832,0.227394,0.513217
351,-14.5839,4.89965,-0.3361
351,-14.5714,4.91149,-0.378103
351,-14.864,6.40205,1.5557
351,-14.6355,4.93977,-0.365968
351,-15.7708,-0.350389,-0.483348
351,-14.9352,5.38708,0.828508
351,-15.1848,5.02331,1.34233
351,-14.6507,4.98198,-0.433
351,-14.7989,5.04967,0.0676501
351,-15.0638,4.83696,0.694893
351,-14.3751,5.37474,-1.17931
351,-14.9331,5.17529,0.436428
351,-15.026,5.46145,0.825621
351,-15.0634,4.63014,0.345352
351,-14.2228,5.30051,-1.92136
351,-15.2565,4.57058,0.826215
351,-15.2799,4.54741,0.839555
351,-15.0522,5.25703,0.416091
351,-14.1676,5.22415,-2.55924
351,-14.1851,5.22254,-2.55964
351,-15.1994,4.65617,0.243111
351,-15.2,4.67311,0.228655
351,-15.2358,5.23728,0.682769
351,-14.2254,5.26432,-2.59878
351,-15.1055,5.03592,-0.100765
351,-16.606,-0.307329,0.930156
351,-16.04,-0.460158,-1.01368
351,-15.1384,5.07171,-0.101961
351,-15.3697,4.72803,0.399987
351,-15.5019,4.7123,0.811094
351,-15.5076,4.43216,0.421805
351,-16.6851,-0.22424,0.944847
351,-16.6879,-0.108945,0.943001
351,-16.1577,-0.492685,-1.05183
351,-15.4835,4.79331,0.398182
351,-16.963,-0.17377,1.56362
351,-15.3974,5.66556,0.57288
351,-15.3028,5.4722,-0.0218868
351,-16.8315,-0.138519,0.942165
351,-15.8239,4.88867,0.488227
351,-15.8927,4.65616,0.367712
351,-15.5501,5.65365,-0.0530796
351,-14.7906,5.70338,-2.59842
351,-16.5391,4.40528,2.03586
351,-14.8384,5.71337,-2.65744
351,-16.7252,-0.401192,-0.875219
351,-15.8753,6.18923,0.668976
351,-15.6303,2.2112,-3.31369
351,-16.6195,-1.09162,-2.53428
351,-16.3961,-0.350839,-2.85996
351,-15.1098,6.08772,-2.54238
351,-17.0408,-0.523555,-0.930586
351,-15.8849,1.3685,-3.41683
351,-16.6973,-1.11336,-2.54576
351,-15.7238,2.22753,-3.40297
351,-15.3888,5.59538,-2.46286
351,-16.6291,-0.538555,-2.82381
351,-17.92,0.733862,2.19938
351,-15.9065,1.96119,-3.56797
351,-18.0395,0.0810823,1.85661
351,-15.2606,6.08388,-2.98887
351,-16.7422,-0.614958,-2.96801
351,-16.6806,-0.454661,-3.06455
351,-15.5254,5.71764,-2.54377
351,-15.1821,5.78341,-3.62035
351,-17.7507,0.144795,0.702977
351,-15.464,5.72917,-2.8521
351,-17.7921,0.270177,0.825945
351,-15.4032,6.34842,-2.73339
351,-17.0835,5.45285,-4.03965
350,-17.0835,5.45285,-4.03965
351,-17.855,6.06677,-4.04729
350,-17.855,6.06677,-4.04729
351,-15.4215,4.79922,0.203863
350,-15.4215,4.79922,0.203863
351,-17.6704,4.77065,0.706681
350,-17.6704,4.77065,0.706681
351,-18.6754,4.70474,-4.88108
350,-18.6754,4.70474,-4.88108
351,-18.2912,2.02751,-2.12106
350,-18.2912,2.02751,-2.12106
351,-17.673,5.6779,0.55992
350,-17.673,5.6779,0.55992
351,-17.5569,6.3297,-3.99719
350,-17.5569,6.3297,-3.99719
351,-17.3504,3.15869,-4.0325
350,-17.3504,3.15869,-4.0325
351,-18.0975,2.02197,-1.74511
350,-18.0975,2.02197,-1.74511
351,-18.3184,2.44253,-4.242
350,-18.3184,2.44253,-4.242
351,-18.9389,1.6795,-4.90952
350,-18.9389,1.6795,-4.90952
351,-18.1094,2.3698,-2.00509
350,-18.1094,2.3698,-2.00509
351,-17.8865,2.33838,-1.32376
350,-17.8865,2.33838,-1.32376
351,-18.7198,4.36398,0.242537
350,-18.7198,4.36398,0.242537
351,-17.7716,6.37282,-3.92812
350,-17.7716,6.37282,-3.92812
351,-20.7973,5.13532,-4.53799
350,-20.7973,5.13532,-4.53799
351,-18.1905,3.30103,-1.78245
350,-18.1905,3.30103,-1.78245
351,-17.847,5.24669,-4.77488
350,-17.847,5.24669,-4.77488
351,-17.2964,3.3151,-3.71802
350,-17.2964,3.3151,-3.71802
351,-19.3605,1.7293,0.233102
350,-19.3605,1.7293,0.233102
351,-18.3316,1.15573,-2.51135
350,-18.3316,1.15573,-2.51135
351,-17.7168,6.46474,-2.55887
350,-17.7168,6.46474,-2.55887
351,-15.564,6.34676,-2.76105
350,-15.564,6.34676,-2.76105
351,-18.4743,4.28662,0.270905
350,-18.4743,4.28662,0.270905
351,-18.7733,4.03842,0.232715
350,-18.7733,4.03842,0.232715
351,-17.8878,3.87626,0.691683
350,-17.8878,3.87626,0.691683
351,-17.066,3.78355,-0.52788
350,-17.066,3.78355,-0.52788
351,-18.0745,4.46254,0.514945
350,-18.0745,4.46254,0.514945
351,-18.689,6.52668,-4.24246
350,-18.689,6.52668,-4.24246
351,-17.0042,3.23928,-3.5203
350,-17.0042,3.23928,-3.5203
351,-15.4169,6.19877,-2.64109
350,-15.4169,6.19877,-2.64109
351,-18.7046,2.75239,-4.82773
350,-18.7046,2.75239,-4.82773
351,-18.8113,1.92378,-4.83388
350,-18.8113,1.92378,-4.83388
351,-18.4203,3.93109,0.27736
350,-18.4203,3.93109,0.27736
351,-17.8166,7.07015,-3.51364
350,-17.8166,7.07015,-3.51364
351,-17.8602,3.7174,-2.15764
350,-17.8602,3.7174,-2.15764
351,-18.4525,1.69154,-3.52543
350,-18.4525,1.69154,-3.52543
351,-17.886,0.813278,0.67208
350,-17.886,0.813278,0.67208
351,-16.7902,6.33608,-2.83413
350,-16.7902,6.33608,-2.83413
351,-17.9146,4.05849,0.661425
350,-17.9146,4.05849,0.661425
351,-18.6538,0.793358,-1.47248
350,-18.6538,0.793358,-1.47248
351,-18.4414,1.67913,-3.52701
350,-18.4414,1.67913,-3.52701
351,-19.4046,3.85014,0.202064
350,-19.4046,3.85014,0.202064
351,-20.5631,5.59245,-3.92608
350,-20.5631,5.59245,-3.92608
351,-18.3516,0.830122,-1.36746
350,-18.3516,0.830122,-1.36746
351,-19.9518,-0.574069,-3.05412
350,-19.9518,-0.574069,-3.05412
351,-18.9171,-0.0739952,-4.31068
350,-18.9171,-0.0739952,-4.31068
351,-18.2697,0.789759,0.649321
350,-18.2697,0.789759,0.649321
351,-18.0215,5.29423,-1.34693
350,-18.0215,5.29423,-1.34693
351,-18.537,3.02352,-0.301765
350,-18.537,3.02352,-0.301765
351,-18.8048,2.46191,-4.58798
350,-18.8048,2.46191,-4.58798
351,-16.6022,3.7165,-0.186559
350,-16.6022,3.7165,-0.186559
351,-18.9433,2.45762,-1.58005
350,-18.9433,2.45762,-1.58005
351,-22.2485,6.21448,-4.79732
350,-22.2485,6.21448,-4.79732
351,-18.4337,6.99616,-2.93602
350,-18.4337,6.99616,-2.93602
351,-17.5396,5.07157,-1.18121
350,-17.5396,5.07157,-1.18121
351,-15.489,6.20447,-2.64704
350,-15.489,6.20447,-2.64704
351,-23.8192,6.84555,-5.62117
350,-23.8192,6.84555,-5.62117
351,-17.3467,5.39648,0.483164
350,-17.3467,5.39648,0.483164
351,-18.0131,1.9626,-0.722897
350,-18.0131,1.9626,-0.722897
351,-15.3854,4.90859,0.67534
350,-15.3854,4.90859,0.67534
351,-17.8743,2.20673,-2.00918
350,-17.8743,2.20673,-2.00918
351,-17.754,2.38378,-1.16032
350,-17.754,2.38378,-1.16032
351,-18.4763,1.93885,-0.859827
350,-18.4763,1.93885,-0.859827
351,-17.9856,3.84357,-2.10226
349,-17.9856,3.84357,-2.10226
351,-18.7435,3.90567,0.250897
349,-18.7435,3.90567,0.250897
351,-19.6557,5.27856,-4.89599
349,-19.6557,5.27856,-4.89599
351,-17.3449,4.72579,-0.111207
349,-17.3449,4.72579,-0.111207
351,-17.8771,4.03753,0.688202
349,-17.8771,4.03753,0.688202
351,-17.6169,5.6384,0.566835
349,-17.6169,5.6384,0.566835
351,-17.6972,4.8982,0.0352652
349,-17.6972,4.8982,0.0352652
351,-20.1727,5.46648,-2.32635
349,-20.1727,5.46648,-2.32635
351,-18.0135,2.42373,1.68749
349,-18.0135,2.42373,1.68749
351,-17.4754,5.49172,0.706363
349,-17.4754,5.49172,0.706363
351,-16.2082,4.88993,-0.0403024
349,-16.2082,4.88993,-0.0403024
351,-18.1536,2.63476,-0.217608
349,-18.1536,2.63476,-0.217608
351,-17.924,2.77322,-1.26323
348,-17.924,2.77322,-1.26323
351,-18.1306,0.917983,0.652442
348,-18.1306,0.917983,0.652442
351,-15.1184,5.00435,1.62046
348,-15.1184,5.00435,1.62046
351,-18.1301,0.850485,0.668294
348,-18.1301,0.850485,0.668294
351,-18.1717,2.58037,0.4105
348,-18.1717,2.58037,0.4105
351,-18.095,1.20259,-3.79655
120,-18.095,1.20259,-3.79655
351,-17.9646,1.22386,-1.66883
120,-17.9646,1.22386,-1.66883
351,-17.5657,3.93775,0.717524
120,-17.5657,3.93775,0.717524
351,-17.7856,3.21567,-1.9187
120,-17.7856,3.21567,-1.9187
351,-18.0335,1.19184,-2.34171
120,-18.0335,1.19184,-2.34171
351,-18.9427,2.94335,-5.00299
120,-18.9427,2.94335,-5.00299
351,-17.4984,6.63429,-1.87404
120,-17.4984,6.63429,-1.87404
351,-17.609,4.79829,0.656012
120,-17.609,4.79829,0.656012
351,-16.7403,-0.487121,-3.08213
120,-16.7403,-0.487121,-3.08213
351,-15.7373,5.58868,-3.29308
120,-15.7373,5.58868,-3.29308
351,-17.4576,5.19152,0.58133
120,-17.4576,5.19152,0.58133
351,-18.1761,1.56999,0.36622
120,-18.1761,1.56999,0.36622
351,-16.9977,3.74665,-0.0316275
126,-16.9977,3.74665,-0.0316275
351,-18.0424,1.22555,-1.71486
126,-18.0424,1.22555,-1.71486
351,-18.1245,0.987082,2.20656
126,-18.1245,0.987082,2.20656
351,-15.4542,4.93277,0.102181
126,-15.4542,4.93277,0.102181
351,-18.0222,1.92636,-1.28892
126,-18.0222,1.92636,-1.28892
351,-17.6893,4.13367,-1.60826
118,-17.6893,4.13367,-1.60826
351,-17.8706,5.29206,-4.81887
118,-17.8706,5.29206,-4.81887
351,-17.6071,5.38855,2.05805
118,-17.6071,5.38855,2.05805
351,-18.1234,1.87581,-4.29568
118,-18.1234,1.87581,-4.29568
351,-18.2602,2.30814,-2.15456
116,-18.2602,2.30814,-2.15456
351,-18.2291,0.314686,-1.29501
345,-18.2291,0.314686,-1.29501
351,-18.1357,2.35606,-0.424742
344,-18.1357,2.35606,-0.424742
352,-11.1461,2.0329,0.205507
352,-12.8398,4.66905,0.746638
352,-13.0285,4.95014,0.763409
352,-13.0356,4.96035,0.768127
352,-12.9527,4.86426,0.380342
352,-13.1337,4.75162,0.654668
352,-13.0128,4.93357,0.3887
352,-13.2532,5.01275,1.16229
352,-13.1019,4.97805,0.460911
352,-13.3275,5.00813,1.13071
352,-13.3141,4.94582,0.621375
352,-13.1817,5.00874,0.162953
352,-13.345,4.96386,0.613625
352,-13.3655,4.99196,0.60967
352,-12.7201,5.23882,-1.38558
352,-13.1943,4.76657,-0.479742
352,-13.2369,4.76619,-0.493031
352,-13.6762,4.9197,0.929615
352,-13.0067,5.06406,-1.48023
352,-13.8001,4.96083,0.897934
352,-13.1578,5.55028,-0.668835
352,-13.1991,4.83194,-1.43771
352,-13.0813,5.21428,-1.55615
352,-13.0931,5.23852,-1.5767
352,-13.2708,4.91184,-1.49265
352,-13.1666,5.3498,-1.65076
352,-13.1893,5.38895,-1.66992
352,-13.2646,4.7951,-2.34229
352,-13.5528,5.76913,-0.808517
352,-15.3341,0.311586,0.04079
352,-14.5543,0.546637,-2.34316
352,-14.7624,4.51924,1.3026
352,-14.5094,4.56283,0.479261
352,-14.816,4.55781,1.2968
352,-15.4809,0.273333,0.0498208
352,-15.4824,0.270588,0.0284939
352,-14.7038,4.44597,0.723298
352,-14.914,4.77978,1.56436
352,-14.928,4.84808,1.60148
352,-14.9619,4.8728,1.59336
352,-15.068,4.63759,1.72241
352,-15.6535,0.404934,0.183675
352,-13.7289,4.93196,-2.55846
352,-14.567,4.87198,-0.327692
352,-14.936,4.64488,0.623353
352,-14.5854,4.88731,-0.342142
352,-14.5818,4.92373,-0.38562
352,-14.9925,5.13366,0.951961
352,-14.9849,4.70463,0.465041
352,-14.7122,5.01362,-0.431539
352,-15.0008,5.41733,0.773021
352,-16.6283,-0.0103512,1.73105
352,-14.1515,5.13896,-2.47597
352,-15.1943,4.50957,0.260267
352,-14.1841,5.07645,-2.58984
352,-15.3547,5.55432,1.3476
352,-15.2134,4.6796,0.21364
352,-14.1994,5.23559,-2.54286
352,-15.1958,4.83162,0.127643
352,-15.2001,4.84816,0.126427
352,-14.264,5.23539,-2.56962
352,-14.8231,5.78491,-0.506606
352,-14.2962,5.21595,-2.69425
352,-15.2598,5.53274,0.488522
352,-14.3176,5.23003,-2.70352
352,-15.4223,4.67157,0.301396
352,-14.3433,5.23803,-2.74636
352,-15.0464,5.27247,-0.532726
352,-15.2074,6.04328,0.420709
352,-14.9553,5.88599,-0.549255
352,-15.7072,-0.476985,-3.0315
352,-15.3575,5.25402,0.191487
352,-15.3722,5.62345,0.489113
352,-15.3235,5.15715,-0.160217
352,-15.7498,4.70033,0.368465
352,-17.2356,-0.943212,0.601281
352,-17.5456,-0.747261,1.67235
352,-16.1109,-0.795562,-2.85624
352,-14.8994,5.84352,-1.63661
352,-16.5685,-0.742577,-1.60561
352,-15.7139,5.89897,0.633295
352,-16.8706,-0.444488,-0.884022
352,-15.811,5.98733,0.633162
352,-14.5789,5.50263,-3.59338
352,-17.8426,-0.823754,1.72719
352,-17.6104,-0.380628,1.32448
352,-16.7775,-0.835313,-1.68404
352,-15.8681,6.04571,0.649165
352,-15.8434,4.92242,-0.350347
352,-15.8991,6.02742,0.623397
352,-15.9086,6.05131,0.642744
352,-15.7483,6.56419,0.463336
352,-16.6603,-1.06497,-2.52106
352,-15.7913,1.43774,-3.52551
352,-15.8995,5.07044,-0.520042
352,-15.8106,1.45282,-3.54385
352,-15.8388,1.55068,-3.54146
352,-15.8037,1.64169,-3.61845
352,-16.6054,-0.625456,-2.95893
352,-15.9683,1.36368,-3.45089
352,-15.8159,2.13267,-3.46606
352,-17.2753,3.85978,-1.7914
351,-17.2753,3.85978,-1.7914
352,-16.8101,3.37361,-4.31815
351,-16.8101,3.37361,-4.31815
352,-15.8658,5.19745,-3.54904
351,-15.8658,5.19745,-3.54904
352,-17.8721,2.29622,-2.08575
351,-17.8721,2.29622,-2.08575
352,-18.4173,2.88947,-0.357719
351,-18.4173,2.88947,-0.357719
352,-17.6021,1.24932,-1.53979
351,-17.6021,1.24932,-1.53979
352,-17.6983,2.01076,-1.87867
351,-17.6983,2.01076,-1.87867
352,-17.5862,4.72853,0.714233
351,-17.5862,4.72853,0.714233
352,-17.2567,5.21184,-4.72331
351,-17.2567,5.21184,-4.72331
352,-17.5385,6.63675,-1.69053
351,-17.5385,6.63675,-1.69053
352,-17.2491,7.64131,-2.40737
351,-17.2491,7.64131,-2.40737
352,-18.2812,2.86927,-0.334553
351,-18.2812,2.86927,-0.334553
352,-17.3867,2.53475,1.17416
351,-17.3867,2.53475,1.17416
352,-17.3821,5.23066,-4.73432
351,-17.3821,5.23066,-4.73432
352,-17.3905,5.5336,-1.32994
351,-17.3905,5.5336,-1.32994
352,-20.0967,1.40905,-3.46792
351,-20.0967,1.40905,-3.46792
352,-17.8552,0.972111,0.650449
351,-17.8552,0.972111,0.650449
352,-20.1709,4.39111,-3.86069
351,-20.1709,4.39111,-3.86069
352,-17.8375,2.758,-1.22707
351,-17.8375,2.758,-1.22707
352,-18.7793,1.36104,-0.563651
351,-18.7793,1.36104,-0.563651
352,-18.5224,1.71918,0.296846
351,-18.5224,1.71918,0.296846
352,-17.2267,6.15423,-2.31474
351,-17.2267,6.15423,-2.31474
352,-17.1585,3.92435,-0.314741
351,-17.1585,3.92435,-0.314741
352,-18.1201,1.1713,0.590093
351,-18.1201,1.1713,0.590093
352,-17.9715,2.93009,-0.189518
351,-17.9715,2.93009,-0.189518
352,-17.5915,6.11892,-3.99246
351,-17.5915,6.11892,-3.99246
352,-16.8911,3.64323,-0.0837051
351,-16.8911,3.64323,-0.0837051
352,-17.8349,4.36181,0.547548
351,-17.8349,4.36181,0.547548
352,-17.1691,3.33468,-1.10947
351,-17.1691,3.33468,-1.10947
352,-17.6577,0.974558,0.676464
351,-17.6577,0.974558,0.676464
352,-17.8459,2.74201,0.188769
351,-17.8459,2.74201,0.188769
352,-15.3233,5.4949,-2.93795
351,-15.3233,5.4949,-2.93795
352,-18.973,9.06586,-3.23528
351,-18.973,9.06586,-3.23528
352,-19.4082,5.82108,-3.2643
351,-19.4082,5.82108,-3.2643
352,-17.9051,6.60257,-2.64633
351,-17.9051,6.60257,-2.64633
352,-17.0553,5.30124,0.59347
351,-17.0553,5.30124,0.59347
352,-17.9989,2.38969,-4.06015
351,-17.9989,2.38969,-4.06015
352,-19.5021,0.0930005,-1.667
351,-19.5021,0.0930005,-1.667
352,-18.5867,0.754528,0.645572
351,-18.5867,0.754528,0.645572
352,-18.5683,-0.0132073,1.94098
351,-18.5683,-0.0132073,1.94098
352,-17.7276,0.901043,-1.16834
351,-17.7276,0.901043,-1.16834
352,-16.6454,5.45994,-3.68345
351,-16.6454,5.45994,-3.68345
352,-17.4003,7.05032,-2.42566
351,-17.4003,7.05032,-2.42566
352,-18.3194,3.51991,0.548643
351,-18.3194,3.51991,0.548643
352,-18.3497,0.439185,-3.83479
351,-18.3497,0.439185,-3.83479
352,-18.4662,0.778053,0.640885
351,-18.4662,0.778053,0.640885
352,-17.1922,3.30533,-1.07806
351,-17.1922,3.30533,-1.07806
352,-16.8952,0.872656,-0.126152
351,-16.8952,0.872656,-0.126152
352,-17.5908,2.87745,-0.146895
351,-17.5908,2.87745,-0.146895
352,-16.6833,-0.65511,-2.38617
351,-16.6833,-0.65511,-2.38617
352,-17.6431,-0.315884,-3.10568
351,-17.6431,-0.315884,-3.10568
352,-19.7302,2.00927,-1.09819
351,-19.7302,2.00927,-1.09819
352,-16.7405,5.94417,-2.13355
351,-16.7405,5.94417,-2.13355
352,-21.7075,-0.254792,-4.02141
351,-21.7075,-0.254792,-4.02141
352,-16.6717,6.21333,-3.98998
351,-16.6717,6.21333,-3.98998
352,-17.5007,-0.258987,-3.029
351,-17.5007,-0.258987,-3.029
352,-17.8218,3.25162,-0.311518
351,-17.8218,3.25162,-0.311518
352,-18.356,2.3966,-0.476485
351,-18.356,2.3966,-0.476485
352,-18.0203,-0.154082,-1.96522
351,-18.0203,-0.154082,-1.96522
352,-19.3426,4.68948,-2.09796
351,-19.3426,4.68948,-2.09796
352,-16.009,5.71476,-3.45512
351,-16.009,5.71476,-3.45512
352,-17.7283,6.63695,-2.62078
351,-17.7283,6.63695,-2.62078
352,-16.2519,5.48269,-3.85517
350,-16.2519,5.48269,-3.85517
352,-18.9739,4.09302,0.227731
350,-18.9739,4.09302,0.227731
352,-16.8862,3.84816,-0.26954
350,-16.8862,3.84816,-0.26954
352,-18.3133,5.44175,-1.50013
350,-18.3133,5.44175,-1.50013
352,-17.585,5.13388,-1.71105
350,-17.585,5.13388,-1.71105
352,-17.5656,5.18646,0.505006
350,-17.5656,5.18646,0.505006
352,-15.4903,5.9978,-3.14439
350,-15.4903,5.9978,-3.14439
352,-17.925,4.97001,-0.196962
350,-17.925,4.97001,-0.196962
352,-15.9399,5.48504,-3.17912
350,-15.9399,5.48504,-3.17912
352,-18.3542,3.58266,-3.95855
350,-18.3542,3.58266,-3.95855
352,-18.1443,1.08621,-2.11157
350,-18.1443,1.08621,-2.11157
352,-16.3605,6.00682,-2.54393
350,-16.3605,6.00682,-2.54393
352,-18.6463,3.6375,-4.15156
350,-18.6463,3.6375,-4.15156
352,-18.1505,1.46463,-0.715773
350,-18.1505,1.46463,-0.715773
352,-18.2718,1.97946,-0.791948
350,-18.2718,1.97946,-0.791948
352,-18.1043,-1.2189,-2.68369
350,-18.1043,-1.2189,-2.68369
352,-17.4078,0.933885,0.695583
350,-17.4078,0.933885,0.695583
352,-18.2827,3.36069,-0.39241
350,-18.2827,3.36069,-0.39241
352,-17.2066,3.90849,-0.306438
350,-17.2066,3.90849,-0.306438
352,-16.8787,6.15279,1.78472
350,-16.8787,6.15279,1.78472
352,-17.8488,0.868529,-0.616413
350,-17.8488,0.868529,-0.616413
352,-18.6264,1.1212,0.517945
350,-18.6264,1.1212,0.517945
352,-17.5608,5.61403,0.751402
349,-17.5608,5.61403,0.751402
352,-17.7347,4.89527,-0.167352
349,-17.7347,4.89527,-0.167352
352,-18.0721,2.36081,-1.34889
349,-18.0721,2.36081,-1.34889
352,-15.391,4.66881,0.314257
349,-15.391,4.66881,0.314257
352,-18.4723,1.12217,0.496713
349,-18.4723,1.12217,0.496713
352,-17.8904,2.11485,-1.95312
120,-17.8904,2.11485,-1.95312
352,-18.0799,1.18908,-2.34977
120,-18.0799,1.18908,-2.34977
352,-17.9869,3.17922,-0.311964
120,-17.9869,3.17922,-0.311964
352,-17.8067,3.29758,0.177947
120,-17.8067,3.29758,0.177947
352,-17.824,3.27064,-1.29336
120,-17.824,3.27064,-1.29336
352,-18.1487,1.19828,-2.38675
120,-18.1487,1.19828,-2.38675
352,-17.9136,5.31037,-4.83615
120,-17.9136,5.31037,-4.83615
352,-18.101,1.21741,-1.60822
348,-18.101,1.21741,-1.60822
352,-17.8699,2.58255,0.906211
348,-17.8699,2.58255,0.906211
352,-19.5657,5.07011,-4.79705
348,-19.5657,5.07011,-4.79705
352,-17.8284,4.03587,-1.42756
348,-17.8284,4.03587,-1.42756
352,-13.8189,5.05487,1.05205
348,-13.8189,5.05487,1.05205
352,-18.2493,-0.130793,0.766249
348,-18.2493,-0.130793,0.766249
352,-17.8156,3.3657,-1.57962
347,-17.8156,3.3657,-1.57962
352,-18.0203,3.34994,0.147743
347,-18.0203,3.34994,0.147743
352,-17.6572,5.78239,-4.42134
118,-17.6572,5.78239,-4.42134
352,-17.8065,3.29597,-1.31809
126,-17.8065,3.29597,-1.31809
352,-18.4843,2.67306,1.12225
126,-18.4843,2.67306,1.12225
352,-18.1805,3.87646,-1.85348
126,-18.1805,3.87646,-1.85348
352,-18.0939,3.13198,-0.323868
116,-18.0939,3.13198,-0.323868
352,-17.8611,1.32383,-1.85388
116,-17.8611,1.32383,-1.85388
352,-17.7492,3.19456,-1.90015
116,-17.7492,3.19456,-1.90015
352,-18.0233,0.835402,-1.84481
116,-18.0233,0.835402,-1.84481
352,-18.3636,1.72092,-0.648611
345,-18.3636,1.72092,-0.648611
353,-13.0894,4.69904,0.781945
353,-13.0975,4.69749,0.759937
353,-13.1075,4.68497,0.737414
353,-13.1118,4.70151,0.741104
353,-13.1357,4.70857,0.73531
353,-13.1911,4.59788,0.736125
353,-13.1992,4.69282,0.826344
353,-13.1663,4.79924,0.7797
353,-13.2724,5.03171,1.30526
353,-13.3231,5.08724,1.31452
353,-13.2987,5.07643,1.18812
353,-12.9953,4.56645,-0.408346
353,-13.2048,5.50803,1.15051
353,-13.2252,4.73295,0.372802
353,-13.2602,4.75444,0.457501
353,-13.1642,5.71892,1.15882
353,-12.7312,5.42387,-0.539693
353,-13.0735,5.29745,0.357138
353,-13.0863,5.28336,0.352802
353,-13.2069,5.74903,1.156
353,-13.0606,4.65893,-0.447093
353,-12.7702,5.44699,-0.550026
353,-13.1134,5.33091,0.345479
353,-13.0521,4.7698,-0.469104
353,-13.096,5.80332,0.654072
353,-12.648,4.57072,-2.01975
353,-13.3667,4.86527,0.452912
353,-13.1616,5.37284,0.328517
353,-12.6828,5.21877,-1.36153
353,-13.1563,4.68928,-0.457125
353,-13.1787,5.74794,0.693155
353,-13.1791,4.7721,-0.487846
353,-13.1964,4.75973,-0.48047
353,-12.7125,4.6659,-2.08016
353,-13.4122,5.04318,0.45816
353,-13.4559,4.94747,0.444325
353,-13.1912,4.83495,-0.507244
353,-13.2269,4.76301,-0.485806
353,-13.3652,5.13731,0.318935
353,-13.4762,4.97664,0.431359
353,-13.228,4.82138,-0.504712
353,-12.9102,5.6507,-0.6367
353,-12.8516,5.47995,-1.02659
353,-12.7938,5.57956,-1.12583
353,-13.3626,5.52227,0.529827
353,-13.2704,4.81259,-0.503947
353,-13.3694,5.53575,0.538605
353,-12.8089,5.60508,-1.139
353,-12.8187,5.60433,-1.14737
353,-13.3997,5.54373,0.538189
353,-13.7352,4.9299,0.918007
353,-13.057,5.99025,-0.0794392
353,-12.8399,5.61079,-1.14621
353,-12.8045,4.74806,-2.16858
353,-13.3146,6.01593,0.682514
353,-13.1099,4.7421,-1.36296
353,-12.8391,4.7702,-2.19425
353,-13.4924,5.2907,0.30198
353,-12.876,5.70464,-1.16708
353,-12.9035,5.67133,-1.15325
353,-13.0446,5.96711,-0.595253
353,-12.9552,4.90264,-2.31456
353,-13.2147,4.9585,-1.49107
353,-13.2258,4.96429,-1.49497
353,-12.9793,4.92323,-2.33405
353,-13.6018,4.86466,-0.522881
353,-13.6313,4.83466,-0.506922
353,-13.2708,6.57207,0.17526
353,-14.1145,5.07135,1.14207
353,-13.0365,5.05669,-2.42331
353,-12.9027,5.57987,-2.48091
353,-12.9572,5.59865,-2.36939
353,-12.9168,5.592,-2.51141
353,-12.9387,5.60013,-2.52696
353,-13.2826,4.88007,-2.41307
353,-13.271,4.92762,-2.44347
353,-13.3162,4.85411,-2.40269
353,-13.0471,5.41669,-2.75263
353,-13.0986,5.49023,-2.62052
353,-13.3116,5.73954,-1.77341
353,-13.3249,5.73901,-1.7832
353,-13.0376,5.41902,-3.01594
353,-14.703,4.49763,0.726455
353,-14.738,4.5577,0.753521
353,-14.1224,5.08702,-0.860193
353,-13.6449,5.35993,-2.17915
353,-14.9016,4.68602,0.720853
353,-14.7365,4.97199,0.287453
353,-13.0638,6.66425,-3.30448
353,-13.9063,4.95217,-2.49631
353,-14.9778,5.08557,0.871719
353,-15.7007,-0.566554,-2.98151
353,-15.6696,-0.299568,-2.85119
353,-16.3621,-0.277275,-0.735731
353,-16.8973,-0.127086,0.937382
353,-15.075,4.56536,0.163353
353,-15.8219,-0.522974,-3.03876
353,-14.6322,5.61009,-0.456264
353,-15.1977,4.65155,0.241398
353,-15.2122,4.72006,0.219689
353,-15.0345,5.07155,-0.0435034
353,-13.5391,6.91803,-2.79562
353,-15.3347,4.62181,0.312361
353,-15.2225,4.97339,0.262325
353,-15.1141,5.12603,-0.0510314
353,-16.7228,-0.388406,-0.840038
353,-15.1262,5.12727,-0.0592245
353,-13.4185,6.74176,-3.65612
353,-14.809,5.76512,-0.499169
353,-15.5692,4.4787,0.387514
353,-15.1894,5.1709,-0.0735876
353,-14.7366,5.63121,-1.14976
353,-15.3883,5.73532,0.738228
353,-15.4444,5.35114,0.434282
353,-15.7208,4.5542,0.379593
353,-13.7269,7.25717,-2.99492
353,-15.4606,5.74303,0.713545
353,-15.115,2.55429,-3.73898
353,-15.5619,1.54101,-3.56151
353,-15.1598,2.55153,-3.7767
353,-15.1671,2.53985,-3.77076
353,-15.5375,5.84575,0.75118
353,-15.3605,2.27797,-3.55873
353,-15.5608,1.61806,-3.71827
353,-15.7145,6.37193,-2.74673
352,-15.7145,6.37193,-2.74673
353,-16.1861,3.38064,-4.62615
352,-16.1861,3.38064,-4.62615
353,-16.4963,3.45659,-3.80757
352,-16.4963,3.45659,-3.80757
353,-19.2592,2.60295,0.0638416
352,-19.2592,2.60295,0.0638416
353,-18.0967,2.31425,-2.16696
352,-18.0967,2.31425,-2.16696
353,-17.3127,6.68295,-1.6285
352,-17.3127,6.68295,-1.6285
353,-16.2895,5.56383,-4.36714
352,-16.2895,5.56383,-4.36714
353,-16.39,3.96963,-4.84601
352,-16.39,3.96963,-4.84601
353,-21.0107,8.45477,-4.23689
352,-21.0107,8.45477,-4.23689
353,-16.0416,6.33929,-0.208663
352,-16.0416,6.33929,-0.208663
353,-18.3688,1.61721,0.0236073
352,-18.3688,1.61721,0.0236073
353,-17.5167,3.38843,-2.45278
352,-17.5167,3.38843,-2.45278
353,-15.5467,6.13782,-4.28827
352,-15.5467,6.13782,-4.28827
353,-16.261,3.91928,-4.72721
352,-16.261,3.91928,-4.72721
353,-18.4817,2.04789,-4.21461
352,-18.4817,2.04789,-4.21461
353,-18.6367,3.87677,0.251311
352,-18.6367,3.87677,0.251311
353,-19.0852,3.00051,-5.07575
352,-19.0852,3.00051,-5.07575
353,-15.2857,5.43174,-4.06829
352,-15.2857,5.43174,-4.06829
353,-18.213,2.96356,-0.214213
352,-18.213,2.96356,-0.214213
353,-16.1852,5.88205,-2.44479
352,-16.1852,5.88205,-2.44479
353,-15.6265,5.36737,-3.56925
352,-15.6265,5.36737,-3.56925
353,-17.4473,4.78574,0.067031
352,-17.4473,4.78574,0.067031
353,-18.6621,4.97951,0.268647
352,-18.6621,4.97951,0.268647
353,-15.9191,5.31793,-4.02315
352,-15.9191,5.31793,-4.02315
353,-15.7634,5.08554,-3.07349
352,-15.7634,5.08554,-3.07349
353,-17.5583,4.99945,-2.39926
352,-17.5583,4.99945,-2.39926
353,-18.8013,1.76365,0.675135
352,-18.8013,1.76365,0.675135
353,-17.3341,2.29347,-1.13901
352,-17.3341,2.29347,-1.13901
353,-18.2035,0.852933,-1.32056
352,-18.2035,0.852933,-1.32056
353,-17.8921,4.29852,-2.20996
352,-17.8921,4.29852,-2.20996
353,-18.956,6.93438,-4.80107
352,-18.956,6.93438,-4.80107
353,-18.4687,7.00493,-2.8582
352,-18.4687,7.00493,-2.8582
353,-16.7656,0.683545,-3.8341
352,-16.7656,0.683545,-3.8341
353,-16.0801,3.55569,-0.113072
352,-16.0801,3.55569,-0.113072
353,-16.986,3.99481,-1.85187
352,-16.986,3.99481,-1.85187
353,-29.0523,10.7307,-13.019
352,-29.0523,10.7307,-13.019
353,-18.0551,5.38731,-4.92755
352,-18.0551,5.38731,-4.92755
353,-17.8432,1.51327,-2.31796
352,-17.8432,1.51327,-2.31796
353,-18.3858,3.01085,-0.248145
352,-18.3858,3.01085,-0.248145
353,-16.9985,0.934385,0.675942
352,-16.9985,0.934385,0.675942
353,-17.5443,0.864935,-0.121189
352,-17.5443,0.864935,-0.121189
353,-18.3829,-0.0604865,-1.56857
352,-18.3829,-0.0604865,-1.56857
353,-16.9759,5.44936,-1.84013
352,-16.9759,5.44936,-1.84013
353,-18.2047,1.16689,0.543045
352,-18.2047,1.16689,0.543045
353,-17.8194,0.912632,0.672651
352,-17.8194,0.912632,0.672651
353,-18.0921,5.74677,-5.71284
352,-18.0921,5.74677,-5.71284
353,-18.1288,2.39096,-1.29541
352,-18.1288,2.39096,-1.29541
353,-19.0492,5.81628,-3.23375
352,-19.0492,5.81628,-3.23375
353,-17.7486,0.0660545,-1.37864
352,-17.7486,0.0660545,-1.37864
353,-17.2949,2.32422,-1.07621
352,-17.2949,2.32422,-1.07621
353,-17.8668,-0.633113,-3.68412
352,-17.8668,-0.633113,-3.68412
353,-16.0714,3.57925,-1.03275
352,-16.0714,3.57925,-1.03275
353,-17.3509,0.0514612,-0.66846
352,-17.3509,0.0514612,-0.66846
353,-18.3334,3.37261,-5.02862
352,-18.3334,3.37261,-5.02862
353,-15.8853,2.42166,-3.49672
351,-15.8853,2.42166,-3.49672
353,-19.5631,4.37922,-4.46671
351,-19.5631,4.37922,-4.46671
353,-17.7341,2.33745,-1.26923
351,-17.7341,2.33745,-1.26923
353,-17.1881,3.82797,0.721727
351,-17.1881,3.82797,0.721727
353,-16.5989,4.87995,-0.385507
351,-16.5989,4.87995,-0.385507
353,-21.1446,5.6937,-4.52981
351,-21.1446,5.6937,-4.52981
353,-16.7581,3.35511,-4.26142
351,-16.7581,3.35511,-4.26142
353,-17.8803,5.22573,-0.863393
351,-17.8803,5.22573,-0.863393
353,-16.5544,3.81105,-0.405999
351,-16.5544,3.81105,-0.405999
353,-18.1637,5.40389,-5.01091
351,-18.1637,5.40389,-5.01091
353,-17.8159,5.22567,-4.73744
351,-17.8159,5.22567,-4.73744
353,-17.9266,2.75793,0.172025
351,-17.9266,2.75793,0.172025
353,-18.4667,1.46778,-0.686912
351,-18.4667,1.46778,-0.686912
353,-14.8032,4.48685,0.660009
351,-14.8032,4.48685,0.660009
353,-18.2377,2.60005,-0.226603
351,-18.2377,2.60005,-0.226603
353,-17.4515,5.85628,0.759139
350,-17.4515,5.85628,0.759139
353,-19.0199,1.47516,0.261432
350,-19.0199,1.47516,0.261432
353,-15.9242,5.67815,-3.08186
350,-15.9242,5.67815,-3.08186
353,-21.3573,5.74371,-4.6105
350,-21.3573,5.74371,-4.6105
353,-17.5561,4.7999,-0.140218
349,-17.5561,4.7999,-0.140218
353,-19.8477,8.62129,-4.48175
349,-19.8477,8.62129,-4.48175
353,-17.6499,4.85034,-0.128102
349,-17.6499,4.85034,-0.128102
353,-14.7296,4.38934,0.290191
349,-14.7296,4.38934,0.290191
353,-18.2663,0.856301,-1.28556
349,-18.2663,0.856301,-1.28556
353,-17.8925,1.386,-1.83202
348,-17.8925,1.386,-1.83202
353,-17.6453,3.96382,0.698583
347,-17.6453,3.96382,0.698583
353,-17.7925,3.02935,-1.59794
347,-17.7925,3.02935,-1.59794
353,-18.0513,2.42165,-1.63822
347,-18.0513,2.42165,-1.63822
353,-16.007,5.53772,-3.20997
120,-16.007,5.53772,-3.20997
353,-18.0841,1.10377,-1.70865
120,-18.0841,1.10377,-1.70865
353,-17.8558,2.56969,1.19274
120,-17.8558,2.56969,1.19274
353,-18.2046,5.68639,-3.83927
120,-18.2046,5.68639,-3.83927
353,-17.5445,3.14876,-0.300252
120,-17.5445,3.14876,-0.300252
353,-17.9621,2.34614,-1.32646
126,-17.9621,2.34614,-1.32646
353,-18.2105,1.96357,-0.7574
126,-18.2105,1.96357,-0.7574
353,-18.1305,2.59483,-0.201733
118,-18.1305,2.59483,-0.201733
353,-17.5208,3.93268,-1.30226
118,-17.5208,3.93268,-1.30226
354,-9.79538,1.76179,0.298534
354,-12.2333,4.27051,0.106841
354,-12.2129,4.35906,-0.138963
354,-12.8103,4.72594,0.758771
354,-12.8376,4.74721,0.760873
354,-12.8845,4.72271,0.204345
354,-12.7918,4.59689,-1.26593
354,-14.4803,0.475279,-2.24075
354,-12.927,4.70811,-0.813316
354,-13.0073,5.66938,0.659566
354,-13.0674,5.67339,0.760177
354,-14.5678,0.460706,-2.29696
354,-13.3845,4.85196,0.358262
354,-13.1873,5.61688,0.826877
354,-12.7755,6.48085,0.863862
354,-13.2621,5.06179,0.163168
354,-13.1056,5.76351,0.669426
354,-12.6713,4.65438,-2.10361
354,-13.42,4.92431,0.354373
354,-12.7462,6.37049,0.418103
354,-13.2805,5.41074,0.535304
354,-12.7801,5.33428,-1.00283
354,-13.3113,5.09944,0.167056
354,-12.783,5.344,-1.00895
354,-12.9331,6.44055,0.830635
354,-13.2526,5.60092,0.560303
354,-12.7869,6.47734,0.40068
354,-12.8044,6.463,0.428857
354,-12.9537,6.44776,0.826988
354,-12.4161,6.01224,-1.32364
354,-13.2008,6.20535,1.10107
354,-12.8467,6.53669,0.427301
354,-12.9527,6.70189,0.890725
354,-12.7907,5.59037,-1.1228
354,-12.8076,5.58248,-1.11773
354,-12.6219,7.47271,0.823922
354,-13.8612,5.01587,0.888647
354,-12.5069,6.15367,-1.36725
354,-12.9232,6.6233,0.432837
354,-12.4361,6.13716,-1.63714
354,-12.4488,6.12103,-1.65663
354,-13.0617,5.94056,-0.227139
354,-13.1221,4.93721,-1.46215
354,-12.3842,6.8302,-0.913904
354,-12.4519,6.16031,-1.66236
354,-12.8525,5.48427,-1.50777
354,-12.5427,6.19791,-1.40028
354,-12.5485,6.19606,-1.40989
354,-12.9428,6.31846,-0.128342
354,-12.5418,6.21253,-1.40817
354,-14.049,5.00585,1.14223
354,-13.2428,4.79699,-1.42738
354,-13.0366,5.76247,-0.685428
354,-12.7546,6.22659,-0.845528
354,-12.4677,6.21136,-1.68049
354,-12.6641,6.23046,-1.13899
354,-12.9055,4.90744,-2.3182
354,-12.8862,5.54399,-1.52301
354,-12.5538,5.93519,-1.94582
354,-12.4307,6.92854,-0.926392
354,-13.18,6.48339,0.560801
354,-12.8004,6.30734,-0.892223
354,-13.0415,6.50378,0.0294345
354,-12.8038,6.32346,-0.898911
354,-13.1808,6.08537,-0.263126
354,-12.9246,6.36025,-0.615497
354,-12.8432,6.34486,-0.881104
354,-13.1179,6.38654,-0.0546222
354,-12.749,4.9277,-3.19946
354,-13.6883,5.60963,0.341568
354,-12.2076,6.38292,-2.80604
354,-13.2819,5.10873,-1.56155
354,-13.1543,6.46289,-0.0654685
354,-13.3672,6.29596,0.284878
354,-12.4978,6.40343,-2.06172
354,-12.9022,6.50361,-0.890906
354,-13.0981,6.52793,-0.316701
354,-13.276,6.56838,0.185853
354,-12.568,7.16592,-0.982954
354,-13.2822,6.57171,0.191146
354,-12.8717,7.82142,0.757941
354,-13.756,4.82078,-1.01824
354,-12.5742,7.24448,-1.01164
354,-12.2606,6.54039,-2.90774
354,-13.178,6.69503,-0.148622
354,-12.2665,6.58936,-2.92901
354,-13.8114,5.64316,0.106794
354,-14.8684,4.6041,1.32795
354,-14.1182,2.78045,-3.39323
354,-14.145,2.80514,-3.43816
354,-12.6542,5.60557,-3.75104
354,-13.2196,4.83682,-3.31012
354,-12.3436,6.80884,-3.05127
354,-13.2108,4.86197,-3.3294
354,-12.6161,6.93321,-2.20933
354,-12.751,5.5271,-3.78913
354,-13.1386,5.55863,-2.664
354,-12.8844,5.52129,-3.44052
354,-14.7503,4.90284,0.962168
354,-13.51,6.2,-0.74091
354,-13.5024,6.23048,-0.753214
354,-13.2498,4.88387,-3.35305
354,-12.6541,7.69789,-1.1434
354,-12.6483,7.72324,-1.16456
354,-12.3715,6.89178,-3.1232
354,-13.3716,4.76927,-3.26346
354,-12.6505,6.9714,-2.24168
354,-13.2587,4.91663,-3.38695
354,-12.2305,6.84208,-3.61068
354,-13.281,4.89664,-3.37552
354,-12.3947,6.89329,-3.12027
354,-12.9323,5.55614,-3.48093
354,-12.9269,5.57643,-3.4893
354,-12.943,5.54461,-3.50547
354,-12.9934,5.58208,-3.51278
354,-13.61,6.32021,-0.777346
354,-13.2733,6.34146,-1.73474
354,-13.0127,5.59142,-3.54899
354,-14.5035,4.85687,-0.382857
354,-13.6272,6.34654,-0.787447
354,-14.6862,4.96391,0.276915
354,-13.4874,4.62414,-3.75882
354,-13.318,6.40394,-1.76266
354,-12.4958,6.59523,-3.85452
354,-14.759,4.98855,0.285257
354,-13.8108,7.5858,1.22205
354,-15.8096,0.420069,-3.11364
354,-13.4818,4.79006,-3.61455
354,-12.7582,6.60871,-3.1765
354,-13.4981,4.79405,-3.61845
354,-13.5018,4.79326,-3.63205
354,-13.5133,4.7997,-3.64914
354,-13.457,4.82531,-3.92573
354,-13.5671,4.69494,-3.85161
354,-12.8313,6.71369,-3.24845
354,-15.0679,4.75498,0.315445
354,-14.9769,2.11585,-3.62514
354,-12.5184,7.40896,-3.2796
354,-15.0883,4.78295,0.313694
354,-15.0189,2.13224,-3.64629
354,-13.5891,6.83899,-1.15691
354,-12.824,6.45502,-3.88161
354,-13.9457,6.22023,-1.05458
354,-15.0533,2.1238,-3.67296
354,-15.0674,2.1382,-3.68319
354,-15.0171,5.36565,0.341361
354,-16.2704,0.366521,-3.39008
354,-14.2499,5.23289,-2.51988
354,-13.3116,6.52608,-3.64657
354,-14.8585,5.52146,-4.27957
353,-14.8585,5.52146,-4.27957
354,-16.0235,2.53232,-3.63876
353,-16.0235,2.53232,-3.63876
354,-16.1445,5.31507,-3.32499
353,-16.1445,5.31507,-3.32499
354,-16.7463,3.213,-3.60167
353,-16.7463,3.213,-3.60167
354,-20.9921,5.62137,-4.46268
353,-20.9921,5.62137,-4.46268
354,-17.2881,5.60102,-1.90949
353,-17.2881,5.60102,-1.90949
354,-16.3783,5.889,-4.15855
353,-16.3783,5.889,-4.15855
354,-15.7574,5.00068,-4.7
353,-15.7574,5.00068,-4.7
354,-15.1853,5.79168,-4.62559
353,-15.1853,5.79168,-4.62559
354,-20.7108,5.52487,-4.33178
353,-20.7108,5.52487,-4.33178
354,-15.1484,5.72735,-4.38451
353,-15.1484,5.72735,-4.38451
354,-15.2696,5.85796,-3.73701
353,-15.2696,5.85796,-3.73701
354,-18.6451,3.46452,0.3986
353,-18.6451,3.46452,0.3986
354,-21.9826,6.12469,-4.63785
353,-21.9826,6.12469,-4.63785
354,-17.5615,4.26781,0.551354
353,-17.5615,4.26781,0.551354
354,-18.1432,2.26711,-4.22028
353,-18.1432,2.26711,-4.22028
354,-15.973,5.37239,-4.30847
353,-15.973,5.37239,-4.30847
354,-15.2203,4.57408,-4.06082
353,-15.2203,4.57408,-4.06082
354,-20.1873,5.4282,-3.84914
353,-20.1873,5.4282,-3.84914
354,-17.8772,4.04554,0.695626
353,-17.8772,4.04554,0.695626
354,-17.226,3.88136,-0.274509
353,-17.226,3.88136,-0.274509
354,-17.9146,3.49324,-1.30522
353,-17.9146,3.49324,-1.30522
354,-16.7803,6.26816,-1.70906
353,-16.7803,6.26816,-1.70906
354,-15.1226,4.86138,0.29424
353,-15.1226,4.86138,0.29424
354,-16.2149,3.04573,-3.97467
353,-16.2149,3.04573,-3.97467
354,-14.5837,5.28343,-4.00064
353,-14.5837,5.28343,-4.00064
354,-17.8443,2.35028,-1.26913
353,-17.8443,2.35028,-1.26913
354,-17.6151,3.97554,0.680609
353,-17.6151,3.97554,0.680609
354,-17.2901,5.12036,0.59384
353,-17.2901,5.12036,0.59384
354,-15.1112,5.70862,-4.36022
353,-15.1112,5.70862,-4.36022
354,-17.0218,6.42452,-1.79596
353,-17.0218,6.42452,-1.79596
354,-17.4657,3.95992,-0.305379
353,-17.4657,3.95992,-0.305379
354,-15.7569,5.60891,-3.29821
353,-15.7569,5.60891,-3.29821
354,-18.371,7.00704,-2.79457
353,-18.371,7.00704,-2.79457
354,-15.9092,2.14442,-3.91532
353,-15.9092,2.14442,-3.91532
354,-16.072,3.32302,-3.51499
353,-16.072,3.32302,-3.51499
354,-17.1278,-0.293053,-2.8935
353,-17.1278,-0.293053,-2.8935
354,-16.6174,3.70309,-0.19104
353,-16.6174,3.70309,-0.19104
354,-18.6628,1.82252,0.529396
353,-18.6628,1.82252,0.529396
354,-20.6942,2.91156,0.363077
353,-20.6942,2.91156,0.363077
354,-17.6485,5.27303,0.573174
353,-17.6485,5.27303,0.573174
354,-15.7847,2.12579,-3.8186
353,-15.7847,2.12579,-3.8186
354,-18.6677,0.217861,-2.59338
353,-18.6677,0.217861,-2.59338
354,-19.0156,6.31589,-6.5446
353,-19.0156,6.31589,-6.5446
354,-16.8237,6.10545,-4.43975
353,-16.8237,6.10545,-4.43975
354,-19.0004,0.103808,-2.71536
353,-19.0004,0.103808,-2.71536
354,-19.7123,3.63894,-0.575161
353,-19.7123,3.63894,-0.575161
354,-15.9605,4.90855,0.476841
353,-15.9605,4.90855,0.476841
354,-17.7339,4.33625,0.656318
352,-17.7339,4.33625,0.656318
354,-17.8175,5.2248,-4.74748
352,-17.8175,5.2248,-4.74748
354,-18.1037,2.25785,-4.21258
352,-18.1037,2.25785,-4.21258
354,-17.8462,1.21918,-2.25835
352,-17.8462,1.21918,-2.25835
354,-18.0623,2.60216,1.1951
352,-18.0623,2.60216,1.1951
354,-17.7344,5.21767,-4.69404
352,-17.7344,5.21767,-4.69404
354,-18.0816,0.879668,-1.26569
352,-18.0816,0.879668,-1.26569
354,-18.2827,2.98766,-0.235308
352,-18.2827,2.98766,-0.235308
354,-17.3715,6.65816,-1.62649
352,-17.3715,6.65816,-1.62649
354,-18.1605,-0.109037,-2.01418
352,-18.1605,-0.109037,-2.01418
354,-18.2289,3.50618,-1.09081
352,-18.2289,3.50618,-1.09081
354,-19.0704,1.53925,0.274157
352,-19.0704,1.53925,0.274157
354,-17.7528,4.06778,0.614776
352,-17.7528,4.06778,0.614776
354,-18.8099,1.63037,0.277324
352,-18.8099,1.63037,0.277324
354,-17.4209,3.90261,0.711819
351,-17.4209,3.90261,0.711819
354,-17.3819,4.0574,-1.35044
351,-17.3819,4.0574,-1.35044
354,-14.8754,4.69936,0.729704
351,-14.8754,4.69936,0.729704
354,-17.7338,3.88169,0.746663
351,-17.7338,3.88169,0.746663
354,-17.5787,3.30602,-1.64459
351,-17.5787,3.30602,-1.64459
354,-15.6493,5.52804,-3.25229
351,-15.6493,5.52804,-3.25229
354,-18.3007,0.827386,0.679138
351,-18.3007,0.827386,0.679138
354,-19.4044,1.64764,0.255448
351,-19.4044,1.64764,0.255448
354,-17.7838,3.5022,0.65376
351,-17.7838,3.5022,0.65376
354,-17.6319,2.36665,-1.10941
351,-17.6319,2.36665,-1.10941
354,-17.8211,1.94049,-0.707329
351,-17.8211,1.94049,-0.707329
354,-17.8951,4.45396,0.670422
350,-17.8951,4.45396,0.670422
354,-15.5986,5.7548,-2.83334
350,-15.5986,5.7548,-2.83334
354,-17.4848,4.87867,-0.00624191
350,-17.4848,4.87867,-0.00624191
354,-20.2855,4.78081,-2.34707
350,-20.2855,4.78081,-2.34707
354,-17.66,3.69887,-1.66853
350,-17.66,3.69887,-1.66853
354,-17.5035,4.89277,-0.00914877
350,-17.5035,4.89277,-0.00914877
354,-20.9607,4.16765,-4.51391
350,-20.9607,4.16765,-4.51391
354,-32.2328,15.9283,-12.263
349,-32.2328,15.9283,-12.263
354,-18.1483,0.85935,-1.30954
349,-18.1483,0.85935,-1.30954
354,-18.0993,2.60903,1.1774
349,-18.0993,2.60903,1.1774
354,-18.0216,0.383795,-1.19167
349,-18.0216,0.383795,-1.19167
354,-17.87,2.36474,-1.59476
118,-17.87,2.36474,-1.59476
354,-17.4037,4.8472,0.015637
118,-17.4037,4.8472,0.015637
354,-18.259,5.74208,-3.93021
118,-18.259,5.74208,-3.93021
354,-17.8481,3.36268,-2.1233
120,-17.8481,3.36268,-2.1233
354,-18.1737,2.95743,-0.230984
348,-18.1737,2.95743,-0.230984
354,-17.8811,2.38464,-1.5144
126,-17.8811,2.38464,-1.5144
354,-17.8338,3.53238,-1.60581
346,-17.8338,3.53238,-1.60581
354,-17.0882,5.28231,0.593198
346,-17.0882,5.28231,0.593198
354,-18.1861,0.203228,-1.56599
346,-18.1861,0.203228,-1.56599
355,-9.44631,1.9446,0.429715
355,-9.44653,1.94629,0.430421
355,-9.46056,1.96258,0.430257
355,-9.93159,4.03451,-0.963296
355,-9.93003,4.04513,-0.961735
355,-9.93918,4.06097,-0.98044
355,-10.51,4.20234,-0.8598
355,-10.5005,4.2206,-0.865998
355,-10.4951,4.24449,-0.862289
355,-10.5039,4.24376,-0.875414
355,-10.5296,4.23047,-0.871231
355,-10.609,4.32497,-0.685294
355,-10.7501,4.61,-0.0583208
355,-10.5996,4.96208,-0.645417
355,-10.5999,4.96488,-0.652617
355,-10.6212,5.22739,-0.457669
355,-10.6537,5.27408,-0.462793
355,-10.6562,5.28465,-0.475897
355,-10.669,5.27118,-0.467851
355,-11.8754,3.81359,-0.871237
355,-12.3254,4.54488,0.117926
355,-12.9146,4.77707,0.739009
355,-12.9199,4.77217,0.739464
355,-12.7589,5.456,0.804327
355,-12.9933,4.96888,0.39329
355,-12.7827,5.57941,0.849639
355,-13.0912,5.03157,0.502915
355,-12.986,5.20011,0.369203
355,-13.1091,5.21603,0.580306
355,-12.8367,4.64696,-1.32202
355,-13.1799,5.28459,0.588792
355,-12.5913,5.18246,-1.34427
355,-12.7097,6.38644,0.852122
355,-12.9805,4.78963,-1.39097
355,-13.008,4.85174,-1.413
355,-12.1597,5.90684,-1.82524
355,-12.4448,5.9371,-1.05843
355,-12.1862,5.93364,-1.83096
355,-12.722,6.47825,0.475764
355,-12.3833,5.98257,-1.32557
355,-12.9163,6.41401,0.800142
355,-12.8498,6.55596,0.869965
355,-14.0241,5.00997,1.13432
355,-12.7074,6.20565,-0.245459
355,-12.6153,6.20312,-0.521637
355,-12.6011,6.20775,-0.569352
355,-12.4179,6.04703,-1.34469
355,-12.5159,6.04872,-1.09494
355,-12.2404,6.0179,-1.87303
355,-12.7196,6.2423,-0.256759
355,-12.3674,6.07001,-1.63461
355,-14.122,5.05258,1.07839
355,-12.828,6.63453,0.475855
355,-12.568,6.11655,-1.10975
355,-13.0871,6.25597,0.421403
355,-12.6826,5.3011,-2.312
355,-12.2367,6.55481,-1.25246
355,-12.574,6.13724,-1.12179
355,-12.8625,6.33772,-0.0541205
355,-12.2899,6.708,-0.90101
355,-12.9828,6.72836,0.891075
355,-13.589,5.59902,0.327634
355,-12.3253,6.18599,-1.92639
355,-14.0949,2.78028,-3.38927
355,-13.0151,6.4105,0.208215
355,-12.735,5.38144,-2.36684
355,-12.7361,6.24177,-0.877759
355,-12.3128,5.29523,-3.84307
355,-13.0913,6.36686,-0.0449533
355,-14.2172,2.79746,-3.46996
355,-12.9052,6.34233,-0.617359
355,-13.264,5.8259,-0.638112
355,-13.0727,6.43436,-0.118093
355,-13.1712,6.46855,0.180956
355,-13.1703,6.46173,0.164151
355,-12.3333,6.84135,-1.38619
355,-14.7291,4.55028,0.725791
355,-13.1421,6.45121,-0.0612024
355,-12.6783,7.76378,1.01786
355,-12.3663,5.47717,-3.81944
355,-12.4242,7.80164,0.408162
355,-12.4326,7.82486,0.411617
355,-12.2773,6.36272,-2.60581
355,-12.3953,5.50918,-3.8394
355,-12.4823,7.7835,0.37929
355,-12.3887,6.3979,-2.33548
355,-12.4319,7.90895,0.421236
355,-12.5549,5.3449,-3.79774
355,-12.555,5.34581,-3.8174
355,-12.7245,7.86324,1.03501
355,-12.9072,5.5893,-2.50633
355,-12.5878,5.19452,-4.05765
355,-13.5413,6.28757,0.308213
355,-12.5627,5.35596,-3.8591
355,-12.4592,5.61662,-3.68069
355,-12.6471,5.15463,-4.02829
355,-12.4675,7.93417,0.398615
355,-12.22,6.42567,-2.90738
355,-14.5283,4.88553,0.288405
355,-12.5969,5.37054,-3.85092
355,-14.5598,4.84396,0.278588
355,-13.2525,5.65111,-1.67096
355,-14.7659,4.92813,0.949352
355,-13.2229,6.86761,0.327721
355,-13.1578,6.58815,-0.365931
355,-12.2478,6.47088,-2.93136
355,-12.2585,6.47583,-2.92956
355,-12.4539,7.05329,-1.47864
355,-13.1934,4.9171,-3.35456
355,-13.4019,6.70176,0.326563
355,-13.8273,4.9112,-1.78454
355,-13.2764,6.91938,0.314704
355,-14.9596,4.7025,0.744554
355,-12.6198,5.60535,-3.73832
355,-12.5626,8.0555,0.40573
355,-12.5349,8.10303,0.407082
355,-12.3042,6.54736,-2.99999
355,-13.1238,5.10715,-3.44102
355,-14.9741,4.63527,0.489818
355,-12.9135,5.44494,-3.44722
355,-15.1145,4.55668,0.658834
355,-14.6924,4.96273,0.283123
355,-13.7954,6.38479,0.370005
355,-13.5393,7.22904,1.1751
355,-13.8155,4.92998,-2.25974
355,-12.8575,5.69291,-3.41056
355,-12.7516,8.00538,0.318136
355,-15.0702,4.61092,0.174531
355,-15.374,2.06327,-3.57159
355,-12.5686,6.45472,-3.072
355,-15.107,4.58227,0.165298
355,-12.3605,6.41174,-3.70999
355,-12.8406,7.03664,-1.49352
355,-12.7437,6.94461,-1.91101
355,-12.627,8.44913,0.433043
355,-13.5062,4.85025,-3.67627
355,-12.5146,6.7774,-2.84878
355,-15.1373,4.67507,0.159371
355,-13.1614,8.00494,0.898621
355,-12.3903,6.53305,-3.7742
355,-13.063,5.64804,-3.60885
355,-15.2069,4.69999,0.223805
355,-13.3284,5.27095,-3.61362
355,-15.923,1.5417,-3.55631
355,-12.9409,5.69204,-3.95171
355,-13.5754,4.89819,-3.72814
355,-12.7301,7.43019,-1.5358
355,-18.4358,5.43429,-2.69939
354,-18.4358,5.43429,-2.69939
355,-18.3067,5.07441,0.700846
354,-18.3067,5.07441,0.700846
355,-18.7179,7.23522,-2.86612
354,-18.7179,7.23522,-2.86612
355,-14.3934,4.75871,-4.58214
354,-14.3934,4.75871,-4.58214
355,-13.735,5.51642,0.131926
354,-13.735,5.51642,0.131926
355,-12.9738,6.11368,-2.89587
354,-12.9738,6.11368,-2.89587
355,-13.4302,4.90687,0.79114
354,-13.4302,4.90687,0.79114
355,-16.1414,2.66474,-3.79608
354,-16.1414,2.66474,-3.79608
355,-13.5008,7.77407,-3.99274
354,-13.5008,7.77407,-3.99274
355,-14.2874,4.67623,-4.45844
354,-14.2874,4.67623,-4.45844
355,-14.0456,4.17554,-3.55699
354,-14.0456,4.17554,-3.55699
355,-17.6309,7.69392,0.590145
354,-17.6309,7.69392,0.590145
355,-22.6328,6.21493,-5.16729
354,-22.6328,6.21493,-5.16729
355,-15.2451,2.38361,-3.8273
354,-15.2451,2.38361,-3.8273
355,-17.3906,5.28898,-1.60101
354,-17.3906,5.28898,-1.60101
355,-17.2053,5.20601,-1.54733
354,-17.2053,5.20601,-1.54733
355,-18.5634,4.27349,0.718043
354,-18.5634,4.27349,0.718043
355,-15.6195,5.5202,-3.23439
354,-15.6195,5.5202,-3.23439
355,-16.09,5.49516,-3.33836
354,-16.09,5.49516,-3.33836
355,-18.1132,3.75228,-4.91518
354,-18.1132,3.75228,-4.91518
355,-14.6439,5.33913,-4.08457
354,-14.6439,5.33913,-4.08457
355,-13.3853,4.86634,0.36689
354,-13.3853,4.86634,0.36689
355,-20.226,6.36815,-3.86603
354,-20.226,6.36815,-3.86603
355,-15.5433,5.72285,0.443209
354,-15.5433,5.72285,0.443209
355,-20.082,5.26965,-4.06507
354,-20.082,5.26965,-4.06507
355,-18.3755,4.21347,0.697433
354,-18.3755,4.21347,0.697433
355,-18.9224,5.40363,0.724417
354,-18.9224,5.40363,0.724417
355,-18.4722,3.62095,-1.37109
354,-18.4722,3.62095,-1.37109
355,-15.2134,5.93508,-2.51382
354,-15.2134,5.93508,-2.51382
355,-13.0406,6.46353,-3.6744
354,-13.0406,6.46353,-3.6744
355,-20.1683,6.32883,-3.83015
354,-20.1683,6.32883,-3.83015
355,-16.2088,2.91322,-0.192801
354,-16.2088,2.91322,-0.192801
355,-15.8521,1.9834,-3.57987
354,-15.8521,1.9834,-3.57987
355,-17.5682,6.54422,-2.48238
354,-17.5682,6.54422,-2.48238
355,-17.1903,2.30145,-1.12137
354,-17.1903,2.30145,-1.12137
355,-13.2327,4.90609,-3.37953
354,-13.2327,4.90609,-3.37953
355,-14.3109,5.0618,-3.76526
354,-14.3109,5.0618,-3.76526
355,-18.9993,3.71817,-3.02836
354,-18.9993,3.71817,-3.02836
355,-17.3349,5.15213,0.580405
354,-17.3349,5.15213,0.580405
355,-18.3745,2.4521,-1.63394
354,-18.3745,2.4521,-1.63394
355,-18.9224,2.70322,-0.288852
354,-18.9224,2.70322,-0.288852
355,-17.0959,3.20947,-4.45721
354,-17.0959,3.20947,-4.45721
355,-17.78,1.60117,-2.55725
354,-17.78,1.60117,-2.55725
355,-18.0246,1.31185,-2.00933
354,-18.0246,1.31185,-2.00933
355,-16.2163,5.21213,-0.47392
354,-16.2163,5.21213,-0.47392
355,-20.6336,1.86033,-3.97378
354,-20.6336,1.86033,-3.97378
355,-19.9066,2.6423,-2.00683
354,-19.9066,2.6423,-2.00683
355,-18.2254,3.46087,-2.12257
354,-18.2254,3.46087,-2.12257
355,-25.2592,4.61449,-3.42696
354,-25.2592,4.61449,-3.42696
355,-13.0945,6.42781,0.131902
354,-13.0945,6.42781,0.131902
355,-17.0441,2.47087,0.416417
354,-17.0441,2.47087,0.416417
355,-15.1211,5.75848,-2.44273
354,-15.1211,5.75848,-2.44273
355,-16.7632,3.55218,-4.28816
353,-16.7632,3.55218,-4.28816
355,-15.6591,4.30244,-4.59134
353,-15.6591,4.30244,-4.59134
355,-16.6455,3.75282,-0.232175
353,-16.6455,3.75282,-0.232175
355,-17.4857,5.10657,-4.56608
353,-17.4857,5.10657,-4.56608
355,-18.0183,3.5528,-1.53102
353,-18.0183,3.5528,-1.53102
355,-17.8903,5.91971,-2.17408
353,-17.8903,5.91971,-2.17408
355,-15.8345,4.39572,-3.582
353,-15.8345,4.39572,-3.582
355,-17.0819,4.60977,-0.0545246
353,-17.0819,4.60977,-0.0545246
355,-18.576,2.64556,-0.263221
353,-18.576,2.64556,-0.263221
355,-16.9764,6.858,0.0434982
352,-16.9764,6.858,0.0434982
355,-18.091,4.46276,-4.63597
352,-18.091,4.46276,-4.63597
355,-17.7488,4.01995,-1.27919
352,-17.7488,4.01995,-1.27919
355,-17.5265,4.98511,0.549426
352,-17.5265,4.98511,0.549426
355,-17.5221,4.98802,0.551134
352,-17.5221,4.98802,0.551134
355,-16.4864,3.45001,-3.79351
352,-16.4864,3.45001,-3.79351
355,-18.5468,3.61351,-4.57071
352,-18.5468,3.61351,-4.57071
355,-17.3338,3.99978,-1.45002
352,-17.3338,3.99978,-1.45002
355,-18.2913,3.36635,-0.382828
352,-18.2913,3.36635,-0.382828
355,-18.223,5.52009,-4.70021
351,-18.223,5.52009,-4.70021
355,-18.004,3.46853,-1.23366
351,-18.004,3.46853,-1.23366
355,-17.5397,4.07913,-1.19306
90,-17.5397,4.07913,-1.19306
355,-17.9283,3.42873,0.525141
90,-17.9283,3.42873,0.525141
355,-18.6837,1.94393,-0.756418
90,-18.6837,1.94393,-0.756418
355,-17.6361,2.64817,0.422131
90,-17.6361,2.64817,0.422131
355,-16.1518,1.48928,-0.509797
90,-16.1518,1.48928,-0.509797
355,-21.3047,5.17483,-3.95806
90,-21.3047,5.17483,-3.95806
355,-12.9886,5.60111,-0.562639
93,-12.9886,5.60111,-0.562639
355,-14.7837,4.58445,-4.21797
93,-14.7837,4.58445,-4.21797
355,-20.1665,4.87349,-3.56814
93,-20.1665,4.87349,-3.56814
355,-18.4804,1.69771,-3.57888
93,-18.4804,1.69771,-3.57888
355,-17.3857,3.79664,0.713713
93,-17.3857,3.79664,0.713713
355,-20.3516,4.48495,-3.88743
93,-20.3516,4.48495,-3.88743
355,-20.4707,4.02266,-3.66218
93,-20.4707,4.02266,-3.66218
355,-18.193,2.28305,-1.84845
349,-18.193,2.28305,-1.84845
355,-18.2824,5.7328,-3.9092
120,-18.2824,5.7328,-3.9092
355,-17.8639,2.57217,1.19382
120,-17.8639,2.57217,1.19382
355,-14.4705,4.90341,-4.84078
95,-14.4705,4.90341,-4.84078
355,-17.0065,5.04641,0.581183
95,-17.0065,5.04641,0.581183
356,-9.09124,1.79662,0.35694
356,-9.14097,2.75228,0.353673
356,-9.42222,2.36739,-0.0643251
356,-9.21923,4.06728,-1.09547
356,-9.22583,4.08815,-1.09691
356,-9.23776,4.11221,-1.11854
356,-9.25561,4.1163,-1.10443
356,-9.5795,3.96134,-0.790128
356,-9.57624,3.97011,-0.789595
356,-9.3232,4.18934,-0.911852
356,-9.57694,3.98849,-0.757374
356,-9.33207,4.20655,-0.907309
356,-9.33349,4.21387,-0.921279
356,-9.58629,3.9955,-0.80993
356,-9.79854,4.16071,-0.46658
356,-9.90442,4.02177,-0.944
356,-9.90359,4.06444,-0.972545
356,-9.80542,4.37693,-0.594923
356,-9.91468,4.07405,-1.03561
356,-10.4438,3.89365,-0.226634
356,-9.82186,4.15747,-1.10099
356,-9.82705,4.16403,-1.10216
356,-9.8357,4.1776,-1.10364
356,-9.83898,4.18853,-1.10847
356,-10.5555,4.06697,-0.271546
356,-10.639,4.14809,0.00528425
356,-10.3283,4.15997,-0.990015
356,-10.448,4.1398,-0.764545
356,-10.5638,4.17156,-0.81948
356,-9.99567,5.04315,-0.902977
356,-9.95184,5.12506,-0.930781
356,-10.8969,4.51265,-0.120344
356,-10.5072,4.86095,-0.36344
356,-10.6519,4.35125,-1.13474
356,-9.93719,5.22118,-0.967619
356,-9.93688,5.24601,-0.969357
356,-9.97058,5.29125,-0.993875
356,-10.9643,4.61315,-0.138114
356,-10.7374,4.48489,-0.947599
356,-9.85669,5.57575,-0.90124
356,-9.8498,5.62352,-0.90051
356,-9.86471,5.63768,-0.928943
356,-10.0374,5.49113,-1.06822
356,-10.7607,4.26463,-2.00455
356,-10.6361,5.13554,-0.592438
356,-10.6331,5.22439,-0.438112
356,-10.624,5.24916,-0.451001
356,-10.6343,5.22269,-0.492091
356,-10.845,4.35292,-2.0241
356,-9.87953,6.02241,-1.05397
356,-10.711,5.24052,-0.788167
356,-9.88129,6.04928,-1.06107
356,-10.7502,5.4208,-0.463991
356,-10.745,5.19079,-1.00203
356,-12.122,4.0706,-0.304538
356,-10.3584,5.95525,-0.408363
356,-10.755,5.30446,-0.895321
356,-10.7761,5.24707,-1.01841
356,-10.148,6.1712,-0.796336
356,-10.4043,6.08326,-0.410411
356,-10.8985,5.68086,-0.163865
356,-10.3614,6.10777,-0.610595
356,-10.7896,5.44931,-1.14608
356,-10.2584,6.27066,-0.752715
356,-10.2806,6.34513,-0.769292
356,-12.4323,4.588,0.330705
356,-10.4276,6.37347,-0.831365
356,-10.338,6.53069,-0.800274
356,-11.1948,4.85918,-2.42881
356,-12.7217,4.72313,0.745745
356,-12.2904,4.15226,-1.82081
356,-10.1514,7.30702,-0.352355
356,-12.5865,4.5092,-0.80884
356,-12.7717,4.87184,0.325003
356,-13.1749,4.65597,0.784425
356,-12.5622,4.4726,-1.21765
356,-13.1298,4.69937,0.429317
356,-12.8789,5.0308,0.33505
356,-12.9217,5.06876,0.475887
356,-13.1959,4.85552,0.494665
356,-13.0015,5.13626,0.494492
356,-12.9991,5.13793,0.483884
356,-12.9621,5.11811,0.322603
356,-13.0103,5.13419,0.462492
356,-12.4362,5.08524,-0.977504
356,-12.8274,5.6625,1.09425
356,-12.867,5.48402,0.677421
356,-13.3572,4.88536,0.448021
356,-12.5754,5.17158,-0.928463
356,-10.3305,7.72386,-0.918838
356,-10.3395,7.76085,-0.900674
356,-13.4817,4.98243,0.43745
356,-13.291,5.57857,1.18287
356,-12.7043,5.4798,-0.467956
356,-12.608,5.36465,-1.06023
356,-13.1338,5.63155,0.578219
356,-10.2648,8.14942,-0.776072
356,-10.3928,7.97623,-0.914183
356,-13.5848,5.15555,0.438349
356,-13.5471,4.79605,-0.488389
356,-14.1364,2.79196,-3.40416
356,-13.0665,6.02366,0.859432
356,-13.0529,6.01872,0.781482
356,-12.7354,5.49835,-1.06776
356,-11.9615,5.66342,-2.50229
356,-14.2258,2.79871,-3.4702
356,-12.0373,5.91994,-2.08209
356,-12.7943,5.5708,-1.09618
356,-12.8287,5.38452,-1.4575
356,-12.4455,6.16271,-0.818729
356,-12.1907,5.03221,-3.79327
356,-12.4552,6.17564,-0.8324
356,-10.1089,8.72234,-0.896651
356,-12.6781,6.15543,-0.381416
356,-13.2321,6.23597,1.04939
356,-10.0921,8.76492,-0.869237
356,-11.835,5.77102,-3.1834
356,-12.1201,6.95411,-0.197052
356,-12.3901,6.12545,-1.33794
356,-12.9812,5.87286,-0.529304
356,-12.2502,5.09161,-3.85045
356,-12.0961,5.16002,-4.07066
356,-14.7285,4.57996,0.727621
356,-11.4752,7.67573,-0.33394
356,-12.4198,6.15202,-1.36561
356,-12.9547,5.49749,-1.519
356,-12.2333,5.22124,-3.76227
356,-13.434,6.02114,0.573949
356,-12.9049,6.28288,-0.0997761
356,-12.149,5.20013,-4.12878
356,-13.1287,6.33047,0.461792
356,-13.0745,6.3099,0.196056
356,-12.5056,6.19206,-1.40308
356,-13.1827,6.36381,0.472595
356,-13.2189,6.38715,0.48385
356,-12.7631,6.26583,-0.841398
356,-13.1351,6.38947,0.200098
356,-13.0744,6.50315,0.281989
356,-13.042,6.50743,0.215642
356,-13.0696,6.38893,-0.0383551
356,-12.4913,5.28199,-3.72905
356,-13.1793,6.56276,0.493834
356,-12.6019,7.51007,1.13444
356,-12.4886,5.18245,-3.98262
356,-12.4852,5.18683,-3.98995
356,-12.3394,5.45492,-3.79369
356,-12.1404,5.46286,-4.28856
356,-14.3811,5.31502,0.51135
356,-13.0226,6.43671,-0.283871
356,-13.2086,6.46993,0.206067
356,-12.4497,5.32556,-3.92526
356,-12.9489,4.76463,-3.95909
356,-13.2243,6.27533,-0.187796
356,-12.8923,6.43431,-0.660269
356,-12.1592,5.48574,-4.31461
356,-12.6431,6.49723,-1.15965
356,-12.1051,5.61783,-4.32942
356,-13.3217,5.9984,-0.760422
356,-13.2984,6.69269,0.570803
356,-12.6381,5.1814,-4.09167
356,-12.5833,5.37843,-3.85124
356,-14.587,4.91306,-0.32962
356,-15.0185,2.74674,-3.90277
356,-15.0321,2.76426,-3.93822
356,-13.2126,6.60877,-0.0873217
356,-15.8657,2.00288,-3.6314
356,-13.3177,6.37649,-0.352826
356,-14.5625,4.99875,-0.382924
356,-13.2787,6.67091,0.166216
356,-12.5763,5.4487,-4.05638
356,-12.9921,5.29823,-3.44234
356,-13.5346,4.64114,-3.64589
356,-13.1681,4.9663,-1.475
355,-13.1681,4.9663,-1.475
356,-14.0819,3.99355,-4.46214
355,-14.0819,3.99355,-4.46214
356,-20.2058,8.55724,-3.38618
355,-20.2058,8.55724,-3.38618
356,-17.3485,5.84966,-3.34102
355,-17.3485,5.84966,-3.34102
356,-12.996,6.05431,-0.905507
355,-12.996,6.05431,-0.905507
356,-16.1187,5.78283,-3.19711
355,-16.1187,5.78283,-3.19711
356,-15.919,5.08949,0.20922
355,-15.919,5.08949,0.20922
356,-14.6696,4.40923,0.245779
355,-14.6696,4.40923,0.245779
356,-15.3775,4.66913,0.337543
355,-15.3775,4.66913,0.337543
356,-18.578,5.54495,-0.97158
355,-18.578,5.54495,-0.97158
356,-19.7442,6.23817,-5.55214
355,-19.7442,6.23817,-5.55214
356,-12.9278,5.36946,0.753015
355,-12.9278,5.36946,0.753015
356,-12.3574,10.4359,0.894686
355,-12.3574,10.4359,0.894686
356,-12.8051,9.65071,0.584895
355,-12.8051,9.65071,0.584895
356,-13.0156,6.07511,-0.917025
355,-13.0156,6.07511,-0.917025
356,-14.7136,5.50071,0.43663
355,-14.7136,5.50071,0.43663
356,-13.0891,5.60087,0.577065
355,-13.0891,5.60087,0.577065
356,-14.7357,5.41382,-4.16295
355,-14.7357,5.41382,-4.16295
356,-16.4937,6.80107,0.585094
355,-16.4937,6.80107,0.585094
356,-21.6476,9.03855,-3.84511
355,-21.6476,9.03855,-3.84511
356,-13.3136,6.35466,1.12001
355,-13.3136,6.35466,1.12001
356,-18.3542,5.43024,-2.64849
355,-18.3542,5.43024,-2.64849
356,-16.9249,4.85013,-4.23236
355,-16.9249,4.85013,-4.23236
356,-16.4165,3.9563,-4.82429
355,-16.4165,3.9563,-4.82429
356,-17.1004,4.65347,0.0714323
355,-17.1004,4.65347,0.0714323
356,-19.6543,7.8398,-3.20307
355,-19.6543,7.8398,-3.20307
356,-16.5526,3.47367,-3.82736
355,-16.5526,3.47367,-3.82736
356,-20.1426,8.14757,-3.35376
355,-20.1426,8.14757,-3.35376
356,-16.8508,3.54982,-3.9994
355,-16.8508,3.54982,-3.9994
356,-20.8502,5.53888,-4.36476
355,-20.8502,5.53888,-4.36476
356,-17.7536,3.91739,0.70833
355,-17.7536,3.91739,0.70833
356,-17.0188,3.57816,-4.0537
355,-17.0188,3.57816,-4.0537
356,-15.9035,4.51146,0.545977
355,-15.9035,4.51146,0.545977
356,-17.1701,4.65775,0.687016
355,-17.1701,4.65775,0.687016
356,-16.2555,3.07246,-0.904662
355,-16.2555,3.07246,-0.904662
356,-16.6093,2.94343,-0.987749
355,-16.6093,2.94343,-0.987749
356,-17.7735,3.23315,-0.386922
355,-17.7735,3.23315,-0.386922
356,-12.4734,9.67398,0.865469
355,-12.4734,9.67398,0.865469
356,-15.2927,5.53394,-2.73766
354,-15.2927,5.53394,-2.73766
356,-15.4236,5.49942,-2.8454
354,-15.4236,5.49942,-2.8454
356,-16.7318,5.68099,-3.40484
354,-16.7318,5.68099,-3.40484
356,-15.4677,5.6598,-4.12424
354,-15.4677,5.6598,-4.12424
356,-13.0432,6.48877,-3.68873
354,-13.0432,6.48877,-3.68873
356,-13.5087,3.72667,0.330049
354,-13.5087,3.72667,0.330049
356,-16.4558,5.89804,-4.15764
354,-16.4558,5.89804,-4.15764
356,-15.7156,4.93751,-0.417701
354,-15.7156,4.93751,-0.417701
356,-14.8515,4.4871,0.255417
354,-14.8515,4.4871,0.255417
356,-15.1163,4.80562,-4.51198
354,-15.1163,4.80562,-4.51198
356,-20.6942,4.92246,0.718948
354,-20.6942,4.92246,0.718948
356,-15.532,5.08655,-4.8852
353,-15.532,5.08655,-4.8852
356,-16.1357,5.33032,-5.23061
353,-16.1357,5.33032,-5.23061
356,-15.0551,4.64542,0.663878
353,-15.0551,4.64542,0.663878
356,-15.6016,5.80839,-3.12806
353,-15.6016,5.80839,-3.12806
356,-20.5993,6.64249,-3.9305
353,-20.5993,6.64249,-3.9305
356,-17.3086,4.74514,-0.0116956
352,-17.3086,4.74514,-0.0116956
356,-17.8242,4.0337,0.676843
351,-17.8242,4.0337,0.676843
356,-17.7803,4.87124,0.673516
93,-17.7803,4.87124,0.673516
356,-16.0979,3.94752,-4.88148
95,-16.0979,3.94752,-4.88148
356,-13.1118,5.82606,0.34429
94,-13.1118,5.82606,0.34429
356,-13.1115,5.01529,0.791499
94,-13.1115,5.01529,0.791499
356,-15.2221,4.59277,0.329789
94,-15.2221,4.59277,0.329789
356,-15.8854,5.77988,-3.05386
97,-15.8854,5.77988,-3.05386
356,-13.3363,7.28187,1.37154
90,-13.3363,7.28187,1.37154
356,-12.6873,7.40731,0.740535
90,-12.6873,7.40731,0.740535
356,-17.7175,4.84564,-0.104767
90,-17.7175,4.84564,-0.104767
356,-17.411,3.93116,-0.269115
90,-17.411,3.93116,-0.269115
356,-17.518,2.39902,-3.92191
90,-17.518,2.39902,-3.92191
357,-8.578,3.92797,-0.192099
357,-8.5857,3.90076,-0.594836
357,-8.58043,4.08561,-0.222454
357,-8.5127,3.90291,-0.975546
357,-8.94149,3.86575,-0.350438
357,-8.94254,3.87137,-0.353433
357,-8.93944,3.87643,-0.348368
357,-8.94709,3.91343,-0.36036
357,-8.93513,3.9274,-0.370437
357,-8.94799,3.94039,-0.359247
357,-8.69019,3.88616,-1.02847
357,-8.69754,3.89682,-1.02923
357,-8.81544,3.82485,-0.981331
357,-8.63214,4.12665,-0.67692
357,-8.80468,3.86003,-0.997461
357,-8.41458,4.25342,-0.919881
357,-8.81503,3.90285,-1.01166
357,-8.92536,4.06669,-0.486948
357,-8.57808,4.17259,-0.959342
357,-8.42367,4.31671,-0.958327
357,-8.93626,3.93727,-0.943445
357,-8.94787,3.93006,-0.94612
357,-8.94293,3.94215,-0.941345
357,-8.94511,3.95105,-0.922231
357,-8.76116,4.1171,-0.930222
357,-8.75584,4.12574,-0.933164
357,-8.96371,3.99846,-0.866812
357,-8.8913,4.63637,0.421384
357,-8.96116,4.03115,-0.886597
357,-8.89015,4.67597,0.424132
357,-8.96712,4.0547,-0.897582
357,-8.87897,4.39477,-0.294679
357,-8.88673,4.69508,0.42125
357,-8.97839,4.37221,-0.580271
357,-9.28322,3.95075,-1.00688
357,-9.28357,3.96957,-0.997152
357,-9.21204,4.05197,-1.07573
357,-9.53502,3.91131,-0.769072
357,-9.53031,3.93032,-0.774348
357,-8.98245,4.46495,-0.60302
357,-9.21023,4.3466,-0.560495
357,-9.2188,4.36702,-0.565384
357,-9.22404,4.36771,-0.568286
357,-9.23952,4.13121,-1.10797
357,-9.32696,4.19022,-0.906695
357,-9.33991,4.18926,-0.902401
357,-8.97487,4.42244,-1.08886
357,-9.35986,4.18659,-0.882377
357,-9.25108,4.40628,-0.583624
357,-9.24428,4.41599,-0.576588
357,-9.25612,4.4044,-0.590689
357,-9.18468,4.30079,-0.990008
357,-8.98059,4.43842,-1.07105
357,-10.2901,3.95387,-0.239193
357,-9.04997,4.66969,-1.07783
357,-9.05465,4.70662,-1.09953
357,-9.09656,4.87123,-0.729377
357,-10.0513,4.04317,-0.791946
357,-9.73499,4.38011,-0.726537
357,-9.83012,4.19937,-1.10074
357,-10.4999,4.11087,-0.0655964
357,-9.85058,4.21938,-1.1159
357,-9.78257,4.49604,-0.766136
357,-10.3277,4.03517,-0.773974
357,-9.98693,4.31867,-1.00372
357,-9.4063,5.09036,-0.666001
357,-9.4093,5.15135,-0.685049
357,-9.43469,5.23989,-0.708736
357,-9.93062,4.78221,-0.819181
357,-9.94492,4.80505,-0.893283
357,-9.92712,4.88024,-0.914453
357,-9.92804,4.91503,-0.853461
357,-10.6385,4.45355,-0.61685
357,-9.88449,4.97795,-0.885584
357,-9.89654,4.97948,-0.879437
357,-9.89291,4.99054,-0.877495
357,-9.90465,4.98673,-0.88624
357,-10.3613,4.93972,-0.193561
357,-10.631,4.34428,-1.13942
357,-10.0205,4.9488,-0.949521
357,-10.4463,4.91163,-0.23166
357,-10.5624,4.02597,-2.12504
357,-9.92032,5.08553,-0.904333
357,-10.5104,4.72228,-0.63719
357,-10.4501,4.95111,-0.232621
357,-10.9471,4.64319,-0.0132824
357,-10.6911,4.3817,-1.13771
357,-10.7008,4.37691,-1.14007
357,-10.982,4.61943,-0.0315212
357,-11.0044,4.62728,-0.0301836
357,-9.94039,5.22851,-0.94515
357,-9.92061,5.31904,-0.967338
357,-10.9527,4.76339,-0.352956
357,-10.0578,5.31109,-0.885645
357,-10.5337,5.19723,-0.267988
357,-9.86558,5.54424,-0.801747
357,-9.91625,5.49948,-0.829011
357,-9.67008,5.66484,-0.93968
357,-10.5629,4.21914,-2.69571
357,-10.1273,5.36424,-0.89444
357,-9.96064,5.59426,-0.856583
357,-10.721,5.3131,-0.101309
357,-10.7135,5.08671,-0.901881
357,-10.1483,5.60655,-0.976392
357,-11.2761,5.06322,-0.0605742
357,-10.8205,5.4584,-0.11678
357,-10.3938,5.57407,-0.847432
357,-10.4042,5.6194,-0.862782
357,-10.3864,5.65433,-0.863438
357,-10.413,5.64706,-0.872446
357,-10.8129,5.40814,-0.804089
357,-9.90223,6.10112,-1.0396
357,-10.0141,6.14096,-0.833528
357,-10.1929,6.06943,-0.713972
357,-10.8575,5.46089,-1.05614
357,-10.2148,6.1743,-0.746061
357,-11.4459,5.25357,-0.577065
357,-10.1646,6.30182,-0.790718
357,-10.4183,6.29611,-0.410681
357,-10.4156,6.29797,-0.413914
357,-10.267,6.38071,-0.745516
357,-12.392,4.77776,-0.417159
357,-11.2473,5.79802,-0.319869
357,-12.3549,4.86394,-0.415746
357,-12.5544,4.72377,-0.433235
357,-10.4207,6.35986,-0.834828
357,-10.2957,6.48254,-0.801886
357,-10.0506,6.62367,-0.986051
357,-10.4257,6.39477,-0.837294
357,-12.552,4.48225,-1.234
357,-10.4414,6.54665,-0.591131
357,-10.0715,6.70356,-1.00061
357,-13.0361,4.90171,0.478289
357,-13.259,4.52284,-0.17177
357,-10.3848,6.70097,-0.835996
357,-13.2733,4.92761,0.497723
357,-12.4265,5.05338,-0.889259
357,-12.8236,5.42997,0.756925
357,-10.5936,6.62248,-1.05043
357,-10.1254,7.33561,-0.356481
357,-12.8934,5.33182,0.386753
357,-11.521,6.19559,-0.370069
357,-13.1516,5.27587,0.597971
357,-12.5442,5.16038,-0.924337
357,-10.1591,7.45189,-0.35777
357,-10.7359,6.96695,-0.53753
357,-13.3652,4.60709,-1.03893
357,-10.2304,7.54277,-0.685411
357,-12.1947,5.90535,-0.757904
357,-12.4684,6.22525,0.390609
357,-14.2631,5.17666,1.19499
357,-13.1491,5.01448,-1.46915
357,-12.2297,5.8953,-1.27386
357,-12.8478,5.92453,-0.0336065
357,-12.453,6.02033,-0.665013
357,-13.0724,6.06087,0.390957
357,-12.4877,6.15381,-0.552111
357,-12.9044,5.48131,-1.48519
357,-11.7882,5.39241,-3.90146
357,-12.9217,5.63849,-1.10644
357,-12.5235,6.20837,-0.558631
357,-12.0816,5.11486,-4.04694
357,-13.0274,6.25022,0.471225
357,-12.2172,5.10919,-3.8431
357,-12.9876,5.8807,-0.527139
357,-11.8676,7.03522,-0.0481549
357,-14.6928,3.1014,-3.74235
357,-12.8999,5.97445,-0.564655
357,-12.3962,6.09148,-1.35326
357,-12.8077,6.32253,-0.0344907
357,-11.988,6.8518,-0.464461
357,-12.1069,5.21356,-4.10338
357,-13.0328,6.40849,0.502595
357,-12.4706,5.08689,-3.8061
357,-12.2528,5.33839,-3.65185
357,-13.8284,5.75506,0.357939
357,-12.1644,5.24372,-4.15241
357,-13.1414,4.86943,-3.27307
357,-12.8369,6.28651,-0.579667
357,-12.4518,5.26052,-3.75995
357,-13.2706,6.45276,0.500273
357,-14.9348,3.17422,-3.91749
357,-13.1283,6.44877,0.173939
357,-14.9543,3.16766,-3.93207
357,-10.3349,7.68589,-0.891423
356,-10.3349,7.68589,-0.891423
357,-13.0169,8.42877,-0.700816
356,-13.0169,8.42877,-0.700816
357,-14.1535,4.88029,-4.93028
356,-14.1535,4.88029,-4.93028
357,-12.8632,4.97445,-4.04798
356,-12.8632,4.97445,-4.04798
357,-12.163,5.4525,-4.17867
356,-12.163,5.4525,-4.17867
357,-12.5624,9.40869,0.389294
356,-12.5624,9.40869,0.389294
357,-12.2104,8.65776,0.391144
356,-12.2104,8.65776,0.391144
357,-13.1269,9.18962,0.410226
356,-13.1269,9.18962,0.410226
357,-10.3577,7.77934,-0.911898
356,-10.3577,7.77934,-0.911898
357,-17.9828,7.13043,-0.140228
356,-17.9828,7.13043,-0.140228
357,-13.4077,4.76523,-3.82394
356,-13.4077,4.76523,-3.82394
357,-12.1391,14.7853,0.714971
356,-12.1391,14.7853,0.714971
357,-12.7256,4.85171,-3.9003
356,-12.7256,4.85171,-3.9003
357,-13.379,6.82608,-3.87848
356,-13.379,6.82608,-3.87848
357,-13.1384,7.39203,0.746248
356,-13.1384,7.39203,0.746248
357,-13.0661,6.11773,-0.571631
356,-13.0661,6.11773,-0.571631
357,-12.2302,15.1582,0.716598
356,-12.2302,15.1582,0.716598
357,-12.16,8.55037,0.390791
356,-12.16,8.55037,0.390791
357,-13.0912,7.32063,0.746598
356,-13.0912,7.32063,0.746598
357,-15.8658,6.03165,-3.26734
356,-15.8658,6.03165,-3.26734
357,-16.373,5.51876,-3.82655
356,-16.373,5.51876,-3.82655
357,-14.5917,5.45088,-2.25506
356,-14.5917,5.45088,-2.25506
357,-15.91,5.93816,-3.02447
356,-15.91,5.93816,-3.02447
357,-12.628,8.51217,0.915295
356,-12.628,8.51217,0.915295
357,-12.4954,4.92737,-1.3025
356,-12.4954,4.92737,-1.3025
357,-13.4023,4.75649,-3.80827
356,-13.4023,4.75649,-3.80827
357,-19.4458,7.43825,-3.00736
356,-19.4458,7.43825,-3.00736
357,-17.5631,6.88723,-0.099545
356,-17.5631,6.88723,-0.099545
357,-12.5279,8.32526,0.904321
356,-12.5279,8.32526,0.904321
357,-12.7594,9.30229,1.29933
356,-12.7594,9.30229,1.29933
357,-12.8198,7.46162,1.16546
356,-12.8198,7.46162,1.16546
357,-11.7641,8.33729,-0.402298
356,-11.7641,8.33729,-0.402298
357,-12.4582,5.79472,-4.25546
356,-12.4582,5.79472,-4.25546
357,-12.9851,7.48428,0.646482
356,-12.9851,7.48428,0.646482
357,-12.4069,9.47266,1.16548
356,-12.4069,9.47266,1.16548
357,-12.5348,14.3484,1.45898
356,-12.5348,14.3484,1.45898
357,-12.4939,11.545,1.34007
356,-12.4939,11.545,1.34007
357,-15.0913,5.73267,-2.46028
356,-15.0913,5.73267,-2.46028
357,-16.4128,3.45769,-3.75017
356,-16.4128,3.45769,-3.75017
357,-13.3878,5.38313,-0.576891
356,-13.3878,5.38313,-0.576891
357,-17.7765,4.29851,-2.11693
356,-17.7765,4.29851,-2.11693
357,-16.5307,5.70548,-4.3815
356,-16.5307,5.70548,-4.3815
357,-12.3522,11.1577,1.28255
356,-12.3522,11.1577,1.28255
357,-13.0483,6.08787,-0.580462
356,-13.0483,6.08787,-0.580462
357,-24.2275,6.91079,-5.46768
356,-24.2275,6.91079,-5.46768
357,-13.7653,5.00202,-3.84347
356,-13.7653,5.00202,-3.84347
357,-16.5302,5.00362,0.658231
356,-16.5302,5.00362,0.658231
357,-17.453,5.24836,0.616739
356,-17.453,5.24836,0.616739
357,-12.9965,11.7296,0.86148
356,-12.9965,11.7296,0.86148
357,-11.8569,13.6645,0.62868
356,-11.8569,13.6645,0.62868
357,-13.0789,6.33641,0.381995
356,-13.0789,6.33641,0.381995
357,-18.2689,6.22469,-0.655367
356,-18.2689,6.22469,-0.655367
357,-9.3415,4.061,-1.11013
356,-9.3415,4.061,-1.11013
357,-13.1367,6.76674,0.343854
355,-13.1367,6.76674,0.343854
357,-12.8872,6.34862,-3.56605
355,-12.8872,6.34862,-3.56605
357,-12.9005,5.60909,0.346866
355,-12.9005,5.60909,0.346866
357,-12.6071,9.88938,1.03406
355,-12.6071,9.88938,1.03406
357,-17.4646,5.74305,0.295
355,-17.4646,5.74305,0.295
357,-19.8807,7.98284,-3.27193
355,-19.8807,7.98284,-3.27193
357,-15.4397,4.77211,0.250485
355,-15.4397,4.77211,0.250485
357,-20.4307,8.36969,-3.60823
355,-20.4307,8.36969,-3.60823
357,-16.3831,5.48675,-5.53814
355,-16.3831,5.48675,-5.53814
357,-17.2492,5.09365,0.597585
354,-17.2492,5.09365,0.597585
357,-13.6615,7.53008,1.26332
89,-13.6615,7.53008,1.26332
357,-18.281,5.61268,-4.72795
89,-18.281,5.61268,-4.72795
357,-10.5231,4.62351,0.0562243
89,-10.5231,4.62351,0.0562243
357,-16.208,5.09397,-4.77692
88,-16.208,5.09397,-4.77692
357,-13.6733,4.8595,-5.03353
90,-13.6733,4.8595,-5.03353
357,-13.0999,5.65101,-2.55897
95,-13.0999,5.65101,-2.55897
357,-14.416,4.88144,-4.80731
95,-14.416,4.88144,-4.80731
357,-18.1111,6.00885,-2.21198
95,-18.1111,6.00885,-2.21198
357,-17.3377,4.01396,-1.43421
352,-17.3377,4.01396,-1.43421
358,-8.45383,1.70019,0.0850343
358,-8.42352,2.75975,0.344237
358,-8.42993,2.79485,0.349364
358,-8.4358,2.82519,0.349436
358,-8.41354,2.89686,0.446016
358,-7.99386,3.28969,-0.506364
358,-8.21625,3.56163,-0.298031
358,-8.21028,3.57987,-0.262211
358,-7.82788,3.63203,-0.745493
358,-8.21632,3.60493,-0.269826
358,-7.82328,3.67264,-0.767362
358,-8.44462,3.42724,-0.423451
358,-8.44179,3.44436,-0.428677
358,-8.21315,3.6486,-0.283836
358,-8.00866,3.61175,-0.816768
358,-7.63352,3.82435,-0.991187
358,-8.23501,3.72998,-0.354684
358,-8.24978,3.59796,-0.711045
358,-8.24883,3.63476,-0.735191
358,-8.24749,3.6832,-0.747296
358,-8.03091,3.76397,-0.92159
358,-8.27528,3.72026,-0.767268
358,-8.24931,3.75385,-0.79069
358,-7.71346,4.00758,-0.996487
358,-8.248,3.77853,-0.799756
358,-8.02183,3.88714,-0.952085
358,-8.24176,3.80398,-0.819493
358,-8.53195,3.87214,-0.187782
358,-8.24775,3.82514,-0.819767
358,-8.25758,3.83869,-0.831507
358,-8.12087,3.92384,-0.880181
358,-8.4638,3.75574,-0.774103
358,-8.13682,3.9291,-0.871938
358,-8.46774,3.77654,-0.786648
358,-8.432,3.76885,-0.865258
358,-8.68294,3.6722,-0.738822
358,-7.78095,4.079,-1.18737
358,-10.153,3.25137,0.333996
358,-8.79612,3.79242,-0.787477
358,-8.82024,3.85871,-0.814634
358,-8.65785,3.99923,-0.876679
358,-9.16773,3.76805,-0.72359
358,-8.83532,3.95693,-0.783128
358,-8.70612,3.98309,-1.07391
358,-8.70071,4.0006,-1.08512
358,-8.7009,4.01101,-1.09292
358,-8.7042,4.014,-1.0957
358,-8.87209,4.0291,-0.816391
358,-8.72414,4.01865,-1.09244
358,-9.09866,4.30574,-0.0864021
358,-8.9257,4.46372,0.00548658
358,-9.09621,4.3423,-0.0712787
358,-9.15103,3.94146,-1.02172
358,-8.92984,4.49885,0.000822157
358,-8.93465,4.54979,0.129055
358,-8.96263,4.48986,-0.00492367
358,-9.17001,3.96767,-1.03346
358,-8.7872,4.17063,-1.12189
358,-9.51969,3.93256,-0.589489
358,-8.93772,4.53056,-0.0102225
358,-9.50445,3.944,-0.624768
358,-8.94661,4.58488,0.129684
358,-7.6536,4.79122,-1.40663
358,-8.97183,4.53062,0.00984243
358,-8.1602,4.56746,-1.18948
358,-9.07448,4.29874,-0.467936
358,-9.12448,4.44813,-0.0410693
358,-8.16847,4.60818,-1.20659
358,-8.98358,4.5811,0.00906301
358,-9.8495,3.86946,-0.620685
358,-9.39904,4.02208,-0.988096
358,-9.92269,4.11458,0.0113118
358,-8.96539,4.34824,-0.956264
358,-8.62838,4.49817,-1.12445
358,-8.63567,4.51991,-1.13357
358,-8.36171,4.87473,-0.67966
358,-9.04978,4.30192,-1.1459
358,-8.64223,4.56067,-1.15403
358,-9.04976,4.94453,0.181477
358,-8.70701,4.94679,-0.40061
358,-8.70622,4.77372,-0.917397
358,-8.70174,4.78013,-0.918851
358,-9.02995,4.56617,-1.03256
358,-9.68202,4.22996,-0.90448
358,-8.71927,5.02258,-0.415614
358,-9.69807,4.22831,-0.904453
358,-7.71313,5.22848,-1.51715
358,-9.12158,4.63453,-0.827832
358,-8.72,5.05987,-0.417031
358,-7.81245,5.46705,-0.898829
358,-7.99165,5.27924,-1.12633
358,-9.69608,4.31208,-0.932406
358,-9.05653,4.91554,-0.406145
358,-7.70702,5.6256,-0.754253
358,-8.86721,4.74544,-1.22452
358,-9.30181,4.47605,-1.23143
358,-9.05103,4.9988,-0.298571
358,-9.71779,4.35116,-0.956059
358,-9.3117,4.50337,-1.25005
358,-8.76028,4.97065,-0.987475
358,-8.76164,4.97628,-0.987092
358,-10.1291,4.26398,-0.673484
358,-8.92867,4.8079,-1.25514
358,-10.228,4.51253,-0.0325784
358,-8.7823,5.2608,-0.458412
358,-8.41445,5.35407,-0.80918
358,-8.41957,5.36688,-0.817694
358,-8.78538,5.2863,-0.46096
358,-10.316,4.30164,-0.573842
358,-8.41618,5.39321,-0.826197
358,-9.2205,4.77218,-1.24345
358,-10.4356,4.10063,-1.04078
358,-9.86365,4.90679,-0.000740618
358,-9.23898,5.27356,-0.247443
358,-9.69623,4.77264,-0.812687
358,-10.4032,4.33821,-0.902191
358,-9.7166,4.81315,-0.81897
358,-10.5399,4.21781,-1.08261
358,-9.89156,4.06581,-2.53785
358,-9.88651,4.0803,-2.56071
358,-9.28191,5.34618,-0.282685
358,-9.92671,5.04807,-0.0407523
358,-8.46385,5.63759,-0.905013
358,-10.5915,4.27069,-1.09137
358,-11.3065,4.21508,-0.255996
358,-9.54061,5.32971,-0.321689
358,-9.78757,5.03019,-0.746922
358,-9.78684,5.04574,-0.74674
358,-9.83491,4.96933,-0.876908
358,-9.85595,4.99004,-0.88977
358,-9.85946,5.1857,-0.791113
358,-9.10561,5.41734,-1.40246
358,-12.7553,3.99246,0.645957
358,-7.17544,6.25198,-2.45664
358,-10.1005,5.09744,-0.965906
358,-9.88581,5.30238,-0.804769
358,-12.8474,4.03735,0.631339
358,-9.90446,5.34593,-0.826689
358,-10.6308,4.15508,-2.81516
358,-9.99065,5.35887,-0.887504
358,-10.1401,5.23249,-0.980496
358,-10.2928,5.23656,-0.729
358,-10.6791,4.18861,-2.80109
358,-9.94187,5.69828,-0.1483
358,-10.2171,5.29448,-0.790065
358,-9.64832,5.80995,-0.379903
358,-9.95356,5.71231,-0.173491
358,-10.1543,5.27893,-0.984296
358,-9.66535,5.86669,-0.388615
358,-10.1375,5.39257,-1.08836
358,-10.2829,5.42552,-0.820799
358,-11.0608,4.56567,-1.88554
358,-9.9581,5.7449,-0.621582
358,-12.1611,4.93812,0.7491
358,-10.2953,5.47246,-0.850549
358,-10.0529,5.90038,-0.387965
358,-10.0998,5.90928,-0.385455
358,-9.62519,6.13094,-0.581333
358,-10.4984,5.51143,-0.79607
358,-10.1125,5.93136,-0.382528
358,-10.0385,5.87619,-0.651092
358,-10.4979,5.5367,-0.796982
358,-10.521,5.5598,-0.811594
358,-10.536,5.59993,-0.857171
358,-12.3496,5.25574,0.992324
358,-10.9773,4.42908,-3.3456
358,-10.0792,6.08201,-0.688797
358,-11.0555,4.55125,-3.14244
358,-12.0154,4.48741,-1.90834
358,-12.3877,5.46591,0.98522
358,-12.8567,5.23657,1.11706
358,-10.2921,6.12034,-0.765432
358,-11.1327,4.57015,-3.52349
358,-12.3318,5.44587,0.600288
358,-13.7238,4.4679,0.304065
358,-12.5769,5.48077,1.01194
358,-9.78913,6.55743,-0.658556
358,-10.226,6.28091,-0.72356
358,-11.5523,6.0456,0.710459
358,-12.4698,5.59167,0.820304
358,-10.2584,6.35026,-0.752243
358,-12.4752,4.19595,-3.08996
358,-10.5121,6.64674,-0.116272
358,-13.9853,4.77696,0.604656
358,-11.4402,6.15655,-0.077273
358,-12.6194,4.29747,-3.01786
358,-10.5583,6.72018,-0.112539
358,-10.4447,6.8204,-0.295344
358,-12.0675,6.081,0.213555
358,-10.6733,6.86574,-0.175685
358,-11.7231,5.00137,-3.3589
358,-12.1366,6.1747,0.203915
358,-10.7322,6.89413,-0.292487
358,-10.6921,6.76835,-0.685597
358,-11.1887,7.00375,0.703945
358,-10.0368,7.1633,-0.806282
358,-12.2763,6.02826,-0.156837
358,-10.7322,6.69274,-0.952477
358,-10.4236,7.27884,0.0581851
358,-12.1612,6.68785,1.05035
358,-12.1411,6.70669,1.04986
358,-12.4152,6.07246,-0.192155
358,-11.7125,6.55841,-0.0689088
358,-12.3705,6.12323,-0.158578
358,-12.5843,6.1997,0.336721
358,-10.7967,6.9044,-0.723389
358,-11.7203,6.5814,-0.0886673
358,-12.6926,6.06555,-0.0442434
358,-11.8071,5.13986,-3.85905
358,-12.4195,5.07478,-3.05411
358,-12.5965,6.03657,-0.311773
358,-12.6772,5.77848,-0.869018
358,-11.7602,6.66295,-0.0766282
358,-12.6705,5.80301,-0.847862
358,-12.4483,6.21369,-0.154682
358,-11.8685,5.14421,-3.83837
358,-10.9008,6.90277,-0.999711
358,-10.8271,7.22861,-0.348498
358,-12.9029,5.51235,-1.49411
358,-11.7528,5.15596,-4.25143
358,-12.2456,5.10945,-3.60471
358,-12.4353,6.51056,0.266958
358,-13.017,6.23511,0.475574
358,-10.8174,7.27795,-0.356378
358,-12.7354,6.1355,-0.29295
358,-11.786,5.17749,-4.2826
358,-12.2653,5.14915,-3.60469
358,-12.606,5.12895,-3.15747
358,-12.851,5.89737,-0.885179
358,-10.9757,7.02229,-1.03933
358,-10.8978,7.34783,-0.365019
358,-14.8507,5.29431,0.63319
358,-10.904,7.35422,-0.360247
358,-12.6576,6.33959,-0.22068
358,-12.8286,5.97794,-0.90409
358,-12.6874,6.22045,-0.633642
358,-13.0363,6.04537,-0.665672
358,-12.218,7.22235,0.983375
358,-12.2409,5.38919,-3.74627
358,-13.1932,6.46886,0.209594
357,-13.1932,6.46886,0.209594
358,-12.3821,5.46688,-3.79574
357,-12.3821,5.46688,-3.79574
358,-8.98472,4.09282,-1.03978
357,-8.98472,4.09282,-1.03978
358,-9.04272,4.41019,-1.06889
357,-9.04272,4.41019,-1.06889
358,-9.0029,4.16896,-1.02764
357,-9.0029,4.16896,-1.02764
358,-13.1734,8.25839,0.903427
357,-13.1734,8.25839,0.903427
358,-13.4825,5.60119,-2.74139
357,-13.4825,5.60119,-2.74139
358,-12.6873,13.5313,0.993263
357,-12.6873,13.5313,0.993263
358,-12.9561,8.321,0.349144
357,-12.9561,8.321,0.349144
358,-13.3929,4.76457,-3.79954
357,-13.3929,4.76457,-3.79954
358,-11.9507,5.53961,-4.39473
357,-11.9507,5.53961,-4.39473
358,-12.6771,7.89714,0.340883
357,-12.6771,7.89714,0.340883
358,-13.1517,5.5524,0.382966
357,-13.1517,5.5524,0.382966
358,-8.88577,4.47627,-0.330221
357,-8.88577,4.47627,-0.330221
358,-12.8017,11.9339,1.0847
357,-12.8017,11.9339,1.0847
358,-11.345,5.43126,0.875689
357,-11.345,5.43126,0.875689
358,-8.89257,4.52045,-0.339109
357,-8.89257,4.52045,-0.339109
358,-12.5662,17.2752,2.00977
357,-12.5662,17.2752,2.00977
358,-12.4261,12.9051,0.703288
357,-12.4261,12.9051,0.703288
358,-13.3501,6.03776,1.23182
357,-13.3501,6.03776,1.23182
358,-8.98485,4.13233,-1.04489
357,-8.98485,4.13233,-1.04489
358,-13.6673,7.13134,1.07648
357,-13.6673,7.13134,1.07648
358,-14.8286,4.96152,-4.86707
357,-14.8286,4.96152,-4.86707
358,-12.2894,7.92148,0.437341
357,-12.2894,7.92148,0.437341
358,-12.8755,5.199,-3.34029
356,-12.8755,5.199,-3.34029
358,-13.3897,5.40538,-0.596403
356,-13.3897,5.40538,-0.596403
358,-12.8995,11.5402,-0.0990771
356,-12.8995,11.5402,-0.0990771
358,-12.5251,14.7399,1.2
356,-12.5251,14.7399,1.2
358,-12.8976,7.29377,1.15843
355,-12.8976,7.29377,1.15843
358,-13.4058,5.47794,0.562494
355,-13.4058,5.47794,0.562494
358,-16.4204,5.16526,-4.93328
355,-16.4204,5.16526,-4.93328
358,-13.3701,9.12902,1.46043
88,-13.3701,9.12902,1.46043
358,-8.02635,4.20433,-0.286554
90,-8.02635,4.20433,-0.286554
358,-8.85766,4.85169,0.543394
86,-8.85766,4.85169,0.543394
358,-8.8907,4.82663,0.475598
86,-8.8907,4.82663,0.475598
358,-13.5347,6.97851,1.02092
84,-13.5347,6.97851,1.02092
358,-33.1305,12.5812,-15.3564
93,-33.1305,12.5812,-15.3564
358,-13.2664,5.20254,0.383884
93,-13.2664,5.20254,0.383884
359,-7.54764,1.5874,0.331052
359,-7.55758,1.61957,0.258462
359,-7.55787,1.61975,0.258253
359,-7.61346,1.90758,0.278791
359,-7.6116,1.90842,0.278669
359,-7.68792,1.92854,0.201285
359,-7.69205,1.97788,0.267973
359,-7.61725,2.03978,0.286385
359,-7.78538,2.18716,0.23914
359,-7.78765,2.18621,0.238875
359,-7.97921,2.43627,0.394256
359,-7.98203,2.43425,0.381953
359,-7.69029,2.8837,0.142471
359,-7.68992,2.88517,0.144057
359,-7.21745,3.57292,-0.513357
359,-7.66812,3.33978,-0.664237
359,-7.78575,3.58979,-0.0335548
359,-7.66904,3.3904,-0.694221
359,-7.7542,3.64989,0.0115841
359,-7.6687,3.43256,-0.718661
359,-7.80505,3.66571,-0.0556683
359,-7.77207,3.70801,-0.00893262
359,-7.80576,3.68052,-0.0564006
359,-7.81305,3.68305,-0.0587794
359,-7.69257,3.48477,-0.73914
359,-7.92046,3.62197,-0.156514
359,-7.67321,3.50064,-0.750546
359,-7.69554,3.56365,-0.781062
359,-7.99168,3.48169,-0.66898
359,-7.64439,3.65023,-0.615549
359,-7.99043,3.4875,-0.674188
359,-7.70696,3.5832,-0.759701
359,-8.13189,3.58801,-0.28779
359,-7.7827,3.57185,-0.722085
359,-7.77224,3.84349,-0.0258113
359,-8.13082,3.58304,-0.31249
359,-7.70164,3.59198,-0.766058
359,-7.86319,3.82728,0.0179722
359,-7.87289,3.88046,0.0036737
359,-7.35207,3.81178,-0.826665
359,-7.90998,3.70559,-0.54925
359,-8.48326,3.57223,-0.299874
359,-7.49678,3.80477,-0.804711
359,-8.17208,3.69994,-0.348765
359,-7.91638,3.74144,-0.563411
359,-8.4304,3.51312,-0.652263
359,-8.1116,3.5767,-0.843745
359,-8.43653,3.53727,-0.592555
359,-7.34536,3.91518,-0.880242
359,-8.8453,3.64607,0.0670397
359,-8.39911,3.55314,-0.677861
359,-7.7863,4.0836,-0.0677311
359,-7.78775,4.08909,-0.0696904
359,-8.44482,3.58065,-0.68528
359,-7.23509,4.13884,-0.585775
359,-7.21772,4.15101,-0.588632
359,-7.78173,3.75419,-1.0204
359,-8.7717,3.72068,-0.0214925
359,-8.78524,3.74339,0.0237876
359,-8.18184,3.74847,-0.633062
359,-7.20002,4.17904,-0.611307
359,-8.5084,3.81507,-0.117895
359,-8.77905,3.74444,-0.0252739
359,-8.79038,3.7578,0.0194578
359,-8.67573,3.54125,-0.73347
359,-8.78725,3.77075,-0.0174752
359,-8.78917,3.7684,-0.0269192
359,-8.80204,3.76769,-0.021754
359,-7.78508,3.80968,-1.04917
359,-8.78793,3.7773,-0.0250318
359,-8.80318,3.79396,0.00542593
359,-7.2465,4.22144,-0.63065
359,-8.84896,3.78798,0.0020051
359,-8.94301,3.77439,0.0596537
359,-8.66424,3.57701,-0.772236
359,-8.67132,3.59096,-0.779477
359,-8.43674,3.91732,-0.19605
359,-8.72184,3.57937,-0.780466
359,-8.68018,3.60992,-0.780726
359,-8.17245,4.1305,-0.0411265
359,-8.1751,4.1728,0.0721428
359,-8.19395,4.13105,-0.0321089
359,-8.439,3.82001,-0.573061
359,-8.02454,4.11602,-0.271718
359,-8.73299,3.61829,-0.7996
359,-8.17966,4.18801,0.0729644
359,-8.68129,3.64401,-0.808842
359,-8.7283,3.64991,-0.784404
359,-8.23665,3.91004,-0.695809
359,-7.59417,4.0409,-1.08083
359,-8.7516,3.66973,-0.789382
359,-7.59371,4.06533,-1.08713
359,-7.5913,4.07578,-1.08909
359,-8.19699,4.26541,0.0672172
359,-8.70076,3.96389,-0.16366
359,-8.58664,3.80288,-0.71999
359,-8.21245,4.24504,-0.0505909
359,-7.67733,4.52689,0.0846658
359,-7.67551,4.5321,0.0889651
359,-9.04051,3.61175,-0.846649
359,-8.72589,3.75028,-0.842453
359,-8.63388,3.85715,-0.738627
359,-8.66872,4.12162,-0.0197124
359,-7.67635,4.53481,-0.0401032
359,-7.23723,4.66664,-0.233974
359,-8.22752,4.30919,-0.0741896
359,-8.7375,3.78452,-0.880135
359,-7.67957,4.55694,-0.0415863
359,-8.92826,4.03448,-0.029168
359,-8.77961,4.08691,-0.0593256
359,-8.33259,3.9967,-0.821574
359,-8.7772,4.10594,-0.0670941
359,-8.76227,4.11684,-0.0649226
359,-8.74936,4.08848,-0.155572
359,-8.77861,4.13019,-0.0163166
359,-8.77988,4.13911,-0.0187869
359,-8.77912,4.06834,-0.206293
359,-8.34433,4.02011,-0.832721
359,-8.76923,4.15939,-0.00132445
359,-8.79172,4.12401,-0.0770228
359,-8.38793,4.30843,-0.0740286
359,-7.69254,4.20477,-1.12308
359,-8.06049,4.07274,-1.06621
359,-9.09338,3.70426,-0.892118
359,-9.30579,3.71388,-0.673489
359,-8.10819,4.07903,-1.07628
359,-8.80991,4.16507,-0.0780877
359,-8.80665,4.28762,0.220488
359,-8.80631,3.88939,-0.837145
359,-8.80761,3.89335,-0.830401
359,-8.25047,4.41934,-0.0853314
359,-8.81927,4.30088,0.223279
359,-8.84474,4.23091,0.0397205
359,-8.83816,4.2348,0.0353358
359,-8.41091,4.38541,-0.0699777
359,-7.2082,4.57078,-0.930717
359,-7.56786,4.09435,-1.80561
359,-8.83338,4.30365,0.139903
359,-7.20937,4.58681,-0.935812
359,-8.26662,4.46302,-0.103207
359,-8.26764,4.4674,-0.0906463
359,-8.42391,4.42238,-0.0820356
359,-8.84228,3.96617,-0.864877
359,-8.44661,4.44237,-0.0801635
359,-7.74607,4.68344,-0.233325
359,-7.73463,4.68681,-0.256846
359,-7.66944,4.34821,-1.21377
359,-9.88991,3.91559,0.0758785
359,-8.85211,4.00116,-0.885487
359,-7.8129,4.35569,-1.11257
359,-9.63231,3.89505,-0.339336
359,-8.10553,4.55305,-0.355397
359,-8.87034,4.02553,-0.894687
359,-7.73893,4.74127,-0.284948
359,-7.72979,4.7446,-0.288198
359,-7.716,4.75304,-0.286783
359,-8.45685,4.51612,-0.0855013
359,-9.42525,3.8778,-0.752194
359,-8.75819,4.42339,-0.0699924
359,-8.08287,4.28261,-1.18747
359,-8.46829,4.54393,-0.0825238
359,-7.60879,4.1714,-2.0085
359,-8.47125,4.56955,-0.0819221
359,-8.95578,4.06226,-0.890262
359,-7.58183,4.25576,-1.92194
359,-9.34014,4.01759,-0.602539
359,-8.78595,4.46689,-0.0467462
359,-8.7997,4.45225,-0.0697375
359,-8.28355,4.33558,-0.958835
359,-8.0846,4.33144,-1.21263
359,-7.74606,4.8394,-0.300567
359,-8.3343,4.50911,-0.518669
359,-7.57263,4.59203,-1.17488
359,-8.8149,4.48807,-0.085943
359,-8.81599,4.49277,-0.0724838
359,-7.72416,4.86812,-0.305612
359,-8.80005,4.50468,-0.0668424
359,-8.9823,4.11023,-0.909765
359,-7.66761,4.59911,-1.16944
359,-8.79853,4.23095,-0.900624
359,-7.32481,4.47178,-2.05251
359,-8.41009,4.7314,-0.201303
359,-7.32798,4.50515,-2.07549
359,-8.31758,4.48909,-1.03888
359,-7.57643,4.3655,-2.21865
359,-8.70421,4.45134,-0.808565
359,-8.38544,4.47133,-1.1345
359,-7.64837,4.77385,-1.24958
359,-7.57024,4.42567,-2.26657
359,-7.63221,4.7919,-1.25844
359,-8.74673,4.67097,-0.353402
359,-7.84298,4.69678,-1.28977
359,-7.57214,5.62222,0.748081
359,-9.0607,4.68146,-0.12055
359,-8.96337,4.95453,0.409507
359,-7.81676,5.06404,-0.625811
359,-8.97187,4.98202,0.425547
359,-8.98603,4.98534,0.410654
359,-8.49012,4.99449,-0.268794
359,-9.93978,4.30516,-0.46323
359,-7.49584,4.61621,-2.40348
359,-9.48301,4.33716,-0.977782
359,-9.45604,4.38186,-0.980345
359,-8.54834,4.72881,-1.08992
359,-9.54428,4.36977,-0.941633
359,-9.51045,4.37932,-0.99515
359,-7.4809,4.70125,-2.44223
359,-7.49421,4.70879,-2.47591
359,-8.51566,5.11711,-0.291836
359,-9.62065,4.47745,-0.751575
359,-8.57019,4.80254,-1.12374
359,-7.5092,4.72916,-2.49496
359,-8.17183,5.00812,-1.03969
359,-9.13766,4.56068,-1.25739
359,-8.45536,4.84521,-1.33014
359,-9.67474,4.54512,-0.77009
359,-6.59136,5.43888,-1.8504
359,-9.28579,4.9416,-0.186161
359,-9.63634,3.91003,-2.49506
359,-7.47517,4.81473,-2.53164
359,-8.53937,5.25955,-0.291767
359,-6.56693,5.50299,-1.87018
359,-9.63898,4.64009,-0.873856
359,-9.68264,3.99307,-2.54807
359,-8.52727,5.21779,-0.646121
359,-6.55165,5.59456,-1.91285
359,-8.49652,4.9836,-1.39278
359,-8.50715,4.99945,-1.40133
359,-9.6742,4.70696,-0.902374
359,-7.15219,6.12634,-0.0990171
359,-8.63046,5.4511,-0.401907
359,-10.0232,4.87222,-0.398257
359,-9.73965,4.83611,-0.839244
359,-8.65442,5.50636,-0.412306
359,-7.21013,5.25589,-2.68259
359,-8.543,5.21033,-1.35568
359,-9.77149,4.89764,-0.851772
359,-7.38759,5.16481,-2.87131
359,-7.41416,5.15826,-2.8617
359,-7.42075,5.18442,-2.87467
359,-9.99021,4.17545,-2.67398
359,-7.1903,5.33384,-2.75005
359,-9.89193,5.17148,-0.464206
359,-10.1762,5.08298,-0.671357
359,-8.69871,5.83719,-0.395292
359,-7.37664,5.73553,-2.1684
359,-10.2549,5.11118,-0.620692
359,-10.2248,5.11665,-0.678423
359,-10.2299,5.12658,-0.689911
359,-10.3821,5.26175,-0.173042
359,-7.20923,6.54403,-0.46992
359,-10.2836,5.2038,-0.705774
359,-10.2789,5.20653,-0.710429
359,-10.1852,5.24158,-0.847764
359,-9.77988,5.52595,-0.607804
359,-11.4087,5.24316,0.386647
359,-7.36328,5.96896,-2.34377
359,-7.36345,5.98384,-2.3152
359,-11.5888,5.37183,0.743795
359,-9.98496,5.48001,-0.892352
359,-10.3744,5.42702,-0.761531
359,-10.2382,5.43058,-0.930812
359,-10.3396,5.48461,-0.841561
359,-9.88351,5.81828,-0.575201
359,-10.3684,5.50781,-0.86189
359,-10.7152,5.85459,0.401469
359,-10.2362,5.54184,-0.945782
359,-11.7887,5.57175,0.760098
359,-10.0922,5.64228,-0.946992
359,-7.15792,7.0262,-0.641107
359,-11.9224,4.29334,-2.60322
359,-11.9574,5.62121,0.888792
359,-11.7644,5.63707,0.664985
359,-7.17895,6.17644,-3.01249
359,-7.21213,6.16682,-3.00552
359,-7.20938,6.17779,-3.00125
359,-10.4795,5.6758,-0.905767
359,-7.20228,6.26791,-3.06789
359,-7.15468,6.38097,-3.08306
359,-10.4645,5.84337,-0.836831
359,-12.0311,4.84077,-1.98663
359,-7.19693,6.45098,-3.19884
359,-7.32566,6.64055,-2.70744
359,-7.33922,6.65981,-2.69748
359,-6.89439,6.39595,-3.90828
359,-11.1804,6.39726,0.754618
359,-10.4659,5.99089,-1.14518
359,-11.1928,6.06405,-0.212325
359,-10.0823,6.30393,-0.871116
359,-11.462,6.58568,0.808226
359,-12.6042,6.05491,0.539285
359,-11.5251,4.88355,-3.74444
359,-11.5097,6.67481,0.839568
359,-12.2041,6.04686,-0.132791
359,-11.8563,5.06005,-3.38013
359,-11.5637,6.86564,0.957378
359,-11.6318,6.81793,0.860131
359,-7.28159,7.18535,-3.17626
359,-12.6442,6.08442,-0.125259
359,-11.6229,6.93483,0.955689
359,-11.5382,6.50402,-0.266784
359,-7.27453,7.27366,-3.0807
359,-11.82,5.18346,-3.52251
359,-13.4189,6.24032,0.996449
359,-12.6597,5.29492,-2.33267
359,-12.4109,6.23741,-0.157796
359,-12.9521,6.1763,0.260659
359,-13.1545,6.28414,0.534017
359,-11.6622,6.64156,-0.28648
359,-12.8887,6.17402,-0.188535
359,-12.9379,6.27796,0.136579
359,-12.8238,6.23144,-0.113184
359,-12.0571,5.2386,-3.55312
359,-12.9008,6.29229,-0.101979
359,-11.9718,7.06954,0.862024
359,-13.3296,6.43174,0.542186
359,-13.7263,6.46867,1.03491
359,-6.48583,7.41878,-4.50442
359,-10.9915,6.93642,-0.820498
359,-12.5339,5.71007,-2.32106
359,-13.1162,6.42219,0.172603
359,-12.9354,6.46812,0.0415955
359,-7.18422,8.55193,-0.903198
359,-7.25091,7.62462,-3.29497
359,-12.3071,5.23676,-3.96602
359,-13.7281,6.60291,1.099
359,-11.8363,6.91239,-0.307601
359,-6.22574,8.15397,-3.29413
359,-12.3989,5.28993,-4.05128
359,-13.1639,6.25285,-0.708337
359,-13.9075,13.5368,-0.288432
358,-13.9075,13.5368,-0.288432
359,-8.11446,3.77787,-0.930412
358,-8.11446,3.77787,-0.930412
359,-8.1099,3.68422,-0.881797
358,-8.1099,3.68422,-0.881797
359,-8.11943,3.87981,-0.98674
358,-8.11943,3.87981,-0.98674
359,-12.1585,9.86419,0.830985
358,-12.1585,9.86419,0.830985
359,-13.1001,11.9948,-0.17545
358,-13.1001,11.9948,-0.17545
359,-8.95387,4.63592,0.189147
358,-8.95387,4.63592,0.189147
359,-12.5548,7.44039,0.830155
358,-12.5548,7.44039,0.830155
359,-7.97234,4.27924,-0.938284
358,-7.97234,4.27924,-0.938284
359,-12.0053,9.55322,0.810861
358,-12.0053,9.55322,0.810861
359,-12.7596,5.4087,-4.14659
358,-12.7596,5.4087,-4.14659
359,-13.4355,13.5907,1.57773
358,-13.4355,13.5907,1.57773
359,-13.0287,8.42746,0.859036
358,-13.0287,8.42746,0.859036
359,-15.0763,16.1243,1.05512
358,-15.0763,16.1243,1.05512
359,-9.11438,5.5895,0.553221
358,-9.11438,5.5895,0.553221
359,-12.0612,6.55527,0.792992
357,-12.0612,6.55527,0.792992
359,-14.1458,7.07911,0.958026
357,-14.1458,7.07911,0.958026
359,-12.5525,12.1221,1.12098
357,-12.5525,12.1221,1.12098
359,-13.8328,6.07593,0.933852
86,-13.8328,6.07593,0.933852
359,-7.73166,5.59797,-1.70297
88,-7.73166,5.59797,-1.70297
359,-8.62631,4.34264,-0.282343
88,-8.62631,4.34264,-0.282343
359,-8.61905,4.33735,-0.279351
88,-8.61905,4.33735,-0.279351
359,-8.59059,4.31561,-0.274916
88,-8.59059,4.31561,-0.274916
359,-8.25095,4.23825,-0.436134
88,-8.25095,4.23825,-0.436134
359,-13.5609,13.12,0.896445
356,-13.5609,13.12,0.896445
359,-9.04145,4.2048,-1.07238
82,-9.04145,4.2048,-1.07238
359,-13.5444,6.82684,1.10009
81,-13.5444,6.82684,1.10009
359,-12.6836,5.37378,0.912348
355,-12.6836,5.37378,0.912348
360,-7.2262,2.07691,0.293271
360,-7.59037,2.80359,0.214572
360,-7.59097,2.80508,0.214412
360,-7.69066,2.85263,-0.336304
360,-7.56451,3.68278,-0.331128
360,-7.62175,3.78637,-0.100741
360,-7.26237,3.72594,-0.464909
360,-7.25135,3.73609,-0.450483
360,-7.25323,3.75064,-0.45766
360,-7.25838,3.69488,-0.605178
360,-7.58659,3.73123,-0.345669
360,-7.24979,3.70876,-0.605824
360,-7.65899,3.7581,-0.284226
360,-7.24393,3.74562,-0.543594
360,-7.23512,3.77625,-0.490153
360,-7.20725,3.78634,-0.541166
360,-7.66518,3.87809,-0.10656
360,-7.8663,3.99294,0.260157
360,-7.64627,3.62476,-0.743899
360,-7.66272,3.81496,-0.298075
360,-7.77248,3.64104,-0.648663
360,-7.73999,3.93472,-0.026977
360,-7.66376,3.83256,-0.305569
360,-7.72321,3.92615,-0.0918505
360,-7.71083,3.92115,-0.11782
360,-7.65504,3.65521,-0.761974
360,-7.17776,3.83639,-0.622467
360,-7.65737,3.97299,-0.0551547
360,-7.62992,3.84176,-0.379215
360,-7.15846,3.85594,-0.616866
360,-7.71776,3.93945,-0.119001
360,-7.16906,3.89519,-0.531606
360,-7.66799,3.67951,-0.768833
360,-8.12121,3.72358,-0.416151
360,-7.67816,3.87841,-0.311665
360,-7.66453,3.88095,-0.314139
360,-7.61524,3.99095,-0.0906083
360,-7.88917,4.07931,0.258484
360,-8.12365,3.72944,-0.416471
360,-7.15565,3.87265,-0.643227
360,-7.65904,4.01207,-0.045569
360,-7.66402,4.01203,-0.0573786
360,-8.11046,3.68468,-0.607132
360,-7.64399,4.07842,0.0223123
360,-7.63655,4.17675,0.24288
360,-7.63425,4.07854,0.0157041
360,-7.61739,4.04209,-0.0801084
360,-7.14868,3.94692,-0.563724
360,-8.10342,3.95763,-0.0121706
360,-8.13944,3.91858,-0.0845497
360,-7.64764,4.08251,0.0162632
360,-7.66422,4.05219,-0.0444378
360,-7.76038,4.02359,-0.058034
360,-7.1845,3.96131,-0.526263
360,-8.1407,3.9284,-0.071488
360,-7.63884,4.09045,0.0176474
360,-8.14165,3.77753,-0.437576
360,-7.61084,4.10942,0.0291234
360,-8.14672,3.93702,-0.0716883
360,-7.65282,4.07977,-0.0186167
360,-8.32949,3.70289,-0.526036
360,-7.66294,4.08439,-0.0214086
360,-7.29629,3.77119,-0.957242
360,-8.14216,3.72443,-0.616537
360,-8.11113,3.99228,-0.0192631
360,-7.60027,4.26298,0.316146
360,-8.64841,3.86496,-0.0186222
360,-7.60786,4.26434,0.316661
360,-8.16467,3.96311,-0.0755284
360,-7.57927,3.7388,-0.916853
360,-7.929,3.68513,-0.854981
360,-7.13963,4.0055,-0.586055
360,-7.20639,4.0119,-0.535961
360,-8.16566,3.98493,-0.0685916
360,-8.24372,4.00422,0.0140643
360,-7.62217,3.75744,-0.899153
360,-8.66744,3.88712,-0.0234706
360,-7.92504,3.70791,-0.868937
360,-8.2577,4.0133,0.0103028
360,-7.91209,3.8392,-0.597033
360,-7.92962,3.71588,-0.874633
360,-7.90852,3.72227,-0.877029
360,-8.17075,4.01934,-0.0740374
360,-8.18118,4.01518,-0.0868057
360,-7.545,3.85367,-0.812974
360,-7.55215,3.85436,-0.813696
360,-8.18784,4.01947,-0.0892408
360,-7.63342,3.79863,-0.91697
360,-8.26616,4.03394,-0.0271533
360,-7.56092,3.86735,-0.819968
360,-8.13984,4.07369,-0.0488966
360,-8.11739,3.78857,-0.803286
360,-8.13692,4.12386,-0.039615
360,-8.16809,3.97018,-0.385923
360,-7.68196,3.88805,-0.948521
360,-7.58532,3.92415,-1.02858
360,-7.61953,4.00049,-0.882765
360,-7.69908,3.93815,-0.982092
360,-8.27485,4.20964,-0.12291
360,-7.52499,3.9889,-1.06987
360,-7.31843,4.04174,-1.10123
360,-7.54397,4.00715,-1.08014
360,-6.47502,3.82877,-2.1012
360,-8.36082,4.25897,-0.0684078
360,-8.38546,4.23759,-0.12045
360,-8.23513,4.33007,-0.057679
360,-8.2337,4.37648,0.042417
360,-7.59323,4.05853,-1.08977
360,-7.88881,4.39569,-0.163188
360,-8.24369,4.41376,0.0401318
360,-9.04011,4.17746,-0.101803
360,-9.05677,4.20109,-0.103547
360,-6.94593,4.31717,-1.01835
360,-8.74325,3.95651,-0.861359
360,-7.59387,4.1263,-1.12784
360,-8.93554,4.31015,0.00426865
360,-7.52418,4.16166,-1.1328
360,-8.29513,4.10162,-0.866397
360,-7.92562,4.54031,-0.156223
360,-7.92642,4.54039,-0.172514
360,-7.94251,4.53257,-0.200745
360,-7.8959,4.57124,-0.152595
360,-7.92741,4.5614,-0.16141
360,-6.19874,4.59053,-1.06146
360,-7.77677,4.19269,-1.12585
360,-7.95218,4.5628,-0.209541
360,-7.597,4.23387,-1.21224
360,-7.9575,4.58519,-0.205341
360,-7.9659,4.60543,-0.225754
360,-7.90962,4.64856,-0.166769
360,-7.98634,4.639,-0.21921
360,-7.79548,4.27689,-1.17497
360,-7.92903,4.70052,-0.17065
360,-9.01553,4.59073,0.179345
360,-9.21698,4.40374,-0.140028
360,-6.15509,4.72445,-1.13216
360,-9.03015,4.61762,0.180002
360,-7.80601,4.31493,-1.19907
360,-7.95874,4.77005,-0.129035
360,-8.51211,4.66634,-0.0711662
360,-8.53629,4.64623,-0.131067
360,-9.06724,4.59914,0.0536279
360,-8.37384,4.69412,-0.126994
360,-9.03517,4.70328,0.200178
360,-7.8407,4.37803,-1.2301
360,-7.96408,4.85626,-0.14329
360,-7.97624,4.85713,-0.135348
360,-8.55314,4.73338,-0.146386
360,-8.39667,4.78066,-0.160217
360,-9.03326,4.67728,-0.0844988
360,-7.91099,4.47481,-1.18369
360,-6.39286,4.23835,-2.57143
360,-8.45454,4.45288,-0.993601
360,-9.07601,4.72636,-0.0328972
360,-8.96769,4.72996,-0.0964113
360,-9.08193,4.73817,-0.0893793
360,-6.56595,4.85671,-1.21858
360,-9.12933,4.76167,-0.0500103
360,-8.42896,4.89468,-0.148268
360,-7.80929,4.60355,-1.22597
360,-8.62028,4.91028,-0.107592
360,-6.58092,4.36865,-2.54576
360,-7.96476,4.60289,-1.24923
360,-6.57351,4.3954,-2.57447
360,-9.10068,4.82179,-0.199556
360,-6.55338,4.42337,-2.61199
360,-6.55205,4.43126,-2.61994
360,-7.58341,4.41888,-2.08849
360,-8.65919,5.01566,-0.119423
360,-9.95897,4.77471,-0.0663805
360,-9.67011,4.82701,-0.139911
360,-7.59982,4.47258,-2.11285
360,-6.35914,4.48961,-2.78439
360,-6.97715,4.535,-2.37536
360,-6.34746,4.49734,-2.83619
360,-6.03027,5.22734,-1.3678
360,-8.6321,4.70157,-1.16028
360,-9.12185,5.04676,-0.139758
360,-6.61382,4.62922,-2.53175
360,-6.61315,4.63819,-2.51394
360,-7.25075,4.63816,-2.20205
360,-6.98687,4.60589,-2.4285
360,-6.6044,4.65176,-2.54546
360,-7.23982,4.65273,-2.21126
360,-6.59348,4.67544,-2.54469
360,-6.59341,4.66879,-2.58247
360,-6.06481,5.4332,-1.1311
360,-9.78836,4.9798,-0.139582
360,-7.28871,4.68773,-2.2096
360,-8.65384,5.00195,-0.742546
360,-6.57353,4.70952,-2.59018
360,-7.26286,4.58051,-2.52021
360,-7.26135,4.58775,-2.52011
360,-7.41335,4.60633,-2.3933
360,-6.58341,4.72551,-2.60603
360,-8.67207,5.02824,-0.754077
360,-6.56746,4.7403,-2.61366
360,-6.58071,4.75074,-2.5904
360,-9.06644,5.17741,-0.234773
360,-8.39134,5.21267,-0.536752
360,-7.55478,4.47969,-2.73826
360,-8.37695,5.55855,0.197554
360,-6.56505,4.77639,-2.63223
360,-7.28585,4.77299,-2.30348
360,-7.26816,4.65836,-2.58278
360,-6.99209,4.75802,-2.55889
360,-6.57349,4.81281,-2.6755
360,-7.27848,4.69496,-2.62038
360,-7.43892,4.72204,-2.50107
360,-7.5818,4.56724,-2.79845
360,-7.22155,4.81571,-2.43571
360,-6.65809,4.81088,-2.76927
360,-6.65902,4.815,-2.76201
360,-7.53939,4.62743,-2.70811
360,-7.28315,4.72942,-2.63231
360,-7.54929,4.63266,-2.71383
360,-7.29957,4.72828,-2.6361
360,-7.53004,4.6628,-2.65906
360,-7.51696,4.65221,-2.69271
360,-7.20484,4.83076,-2.45656
360,-7.51374,4.65394,-2.69649
360,-7.2915,4.73606,-2.64853
360,-6.3177,4.78439,-3.08173
360,-7.5615,4.6309,-2.76028
360,-7.59117,4.60238,-2.82977
360,-9.87158,4.95086,-0.762291
360,-6.55776,4.89403,-2.74323
360,-8.4545,5.00925,-1.42654
360,-9.95948,5.19056,-0.197899
360,-6.64036,4.85985,-2.81029
360,-7.54284,4.69775,-2.69498
360,-7.60577,4.60209,-2.9032
360,-10.7521,5.38203,0.626673
360,-7.55794,4.72474,-2.71886
360,-7.60028,4.68981,-2.77884
360,-7.31349,4.79213,-2.70663
360,-6.75859,5.48309,-1.43206
360,-7.59538,4.69773,-2.81049
360,-7.57827,4.73909,-2.73389
360,-7.55404,4.75432,-2.72073
360,-7.33127,4.81601,-2.71436
360,-8.48168,5.08594,-1.46964
360,-7.33179,4.8189,-2.72277
360,-7.55693,4.75794,-2.75751
360,-6.72823,4.97931,-2.71002
360,-8.51586,5.09187,-1.48803
360,-7.62807,4.72987,-2.84401
360,-9.99134,5.0967,-0.690254
360,-7.31826,4.97612,-2.46566
360,-6.63927,4.95763,-2.93289
360,-6.62133,5.00223,-2.91892
360,-7.45285,4.91951,-2.65282
360,-7.63669,4.80142,-2.8603
360,-10.0479,5.11626,-0.813629
360,-7.63574,4.79127,-2.92216
360,-8.25179,5.89014,-0.0903869
360,-9.85053,5.21022,-0.828243
360,-6.5467,5.13771,-2.88387
360,-7.00345,5.06653,-2.82031
360,-6.99994,5.06206,-2.83668
360,-7.59011,4.95869,-2.74647
360,-7.55439,4.97523,-2.76416
360,-7.53681,5.00134,-2.76138
360,-7.65905,4.89459,-2.96052
360,-10.2657,5.24146,-0.717858
360,-7.55376,5.00723,-2.80242
360,-7.58106,5.0223,-2.8072
360,-7.65402,4.94133,-2.96116
360,-7.67734,4.93747,-2.95904
360,-7.68302,4.939,-2.95316
360,-11.0546,4.46715,-2.21602
360,-7.60189,5.0458,-2.83013
360,-9.99888,5.39994,-0.698139
360,-7.56079,5.08523,-2.81083
360,-10.6319,5.51256,-0.155296
360,-7.26346,6.15245,-0.568876
360,-7.66393,5.0186,-2.98786
360,-7.61221,5.09451,-2.87273
360,-7.67544,5.02611,-2.9956
360,-7.36026,6.612,0.401175
360,-7.61627,5.11959,-2.89615
360,-10.075,5.48234,-0.726864
360,-10.3007,6.04782,0.665556
360,-10.0682,5.53789,-0.719339
360,-10.3996,5.4262,-0.79986
360,-10.0646,5.54636,-0.712525
360,-7.27525,6.28045,-0.589647
360,-10.0989,5.57232,-0.744349
360,-10.4262,5.4616,-0.828592
360,-7.33424,6.47871,-0.599153
360,-6.99535,5.44893,-3.17741
360,-9.95479,5.82394,-0.715595
360,-10.0588,5.82093,-0.731729
360,-7.35534,6.52019,-0.635957
360,-10.0332,5.89743,-0.746118
360,-11.4461,6.26464,0.851189
360,-10.0874,5.91054,-0.739849
360,-10.0558,5.89312,-0.818768
360,-10.0714,5.92695,-0.752394
360,-9.06088,6.09338,-0.980675
360,-6.94835,6.05577,-2.25239
360,-6.75599,6.34362,-1.77614
360,-6.74768,6.35235,-1.78905
360,-6.74896,6.36716,-1.80043
360,-7.72244,5.56905,-3.16842
360,-6.75254,6.40158,-1.81226
360,-7.00695,6.13405,-2.32532
360,-7.13457,6.82682,-0.674767
360,-6.7393,6.43125,-1.81706
360,-7.21398,6.90642,-0.601723
360,-10.7208,6.66628,0.697574
360,-11.6761,6.49943,0.792601
360,-7.16393,6.26149,-2.31727
360,-6.59445,7.582,0.388429
360,-7.23746,7.01113,-0.579944
360,-7.21561,7.05119,-0.588638
360,-6.9945,5.91271,-3.60976
360,-5.64234,7.10913,-1.76239
360,-7.1915,6.46129,-2.40814
360,-7.04651,7.24651,-0.781526
360,-11.8524,6.80847,0.854378
360,-10.9674,6.9846,0.743807
360,-7.02481,6.52613,-2.53682
360,-7.02044,7.33587,-0.791255
360,-7.32487,6.4273,-2.72137
360,-7.32493,6.43967,-2.71451
360,-5.59193,7.25263,-1.82661
360,-7.3263,6.49836,-2.70684
360,-7.04151,6.63742,-2.60141
360,-7.3551,6.55285,-2.7328
360,-7.07457,6.68146,-2.61501
360,-7.32782,6.56916,-2.75299
360,-7.31884,6.62464,-2.69109
360,-7.31271,6.65064,-2.70222
360,-7.32636,6.65815,-2.72225
360,-7.32337,6.63148,-2.79304
360,-7.08405,6.78562,-2.66728
360,-7.0661,6.81373,-2.67997
360,-7.02238,7.6349,-0.838354
360,-7.34728,6.76073,-2.8105
360,-7.12462,7.68532,-0.8265
360,-7.0417,7.72202,-0.801926
360,-11.1538,7.56207,0.712014
360,-7.05731,7.91728,-0.831492
360,-11.2069,7.61968,0.721341
360,-7.10038,8.09169,-0.916078
360,-11.4584,7.88426,0.881236
360,-11.4532,7.90514,0.880677
360,-11.3839,7.88383,0.742256
360,-8.38201,4.28345,-0.0180033
359,-8.38201,4.28345,-0.0180033
360,-8.27988,4.29466,-0.181067
359,-8.27988,4.29466,-0.181067
360,-8.93318,4.12044,-1.04574
359,-8.93318,4.12044,-1.04574
360,-8.43038,4.85139,0.389228
359,-8.43038,4.85139,0.389228
360,-8.19534,4.67217,0.414617
359,-8.19534,4.67217,0.414617
360,-9.04929,4.20505,-1.07948
359,-9.04929,4.20505,-1.07948
360,-8.19635,4.67876,0.412813
359,-8.19635,4.67876,0.412813
360,-12.7481,8.55376,0.917606
359,-12.7481,8.55376,0.917606
360,-7.95824,4.54896,0.0412718
359,-7.95824,4.54896,0.0412718
360,-8.99623,4.12585,-0.907597
359,-8.99623,4.12585,-0.907597
360,-8.7593,4.39973,-0.157467
359,-8.7593,4.39973,-0.157467
360,-9.6921,7.34764,-1.35722
358,-9.6921,7.34764,-1.35722
360,-4.36818,11.1832,-3.32143
79,-4.36818,11.1832,-3.32143
360,-4.36983,11.195,-3.32095
79,-4.36983,11.195,-3.32095
360,-4.4126,8.99626,-2.49805
80,-4.4126,8.99626,-2.49805
360,-8.10798,4.17616,-0.998188
88,-8.10798,4.17616,-0.998188
360,-4.71511,17.0395,-3.02224
78,-4.71511,17.0395,-3.02224
360,-5.69173,6.07106,-2.81572
78,-5.69173,6.07106,-2.81572
360,-4.70638,16.976,-3.00953
78,-4.70638,16.976,-3.00953
360,-4.09188,12.2029,-3.70645
78,-4.09188,12.2029,-3.70645
360,-9.02419,4.36662,-0.00851891
357,-9.02419,4.36662,-0.00851891
361,-7.16459,3.8069,-0.487915
361,-7.15293,3.77257,-0.590197
361,-7.1812,3.81471,-0.4732
361,-7.17774,3.82696,-0.466321
361,-7.14198,3.82792,-0.490665
361,-7.19116,3.83592,-0.469256
361,-7.13604,3.79542,-0.60621
361,-7.20404,3.84024,-0.476295
361,-7.2394,3.84505,-0.540531
361,-7.24352,3.86575,-0.501915
361,-7.27664,3.79524,-0.697043
361,-7.28811,3.86947,-0.499064
361,-7.25729,3.84287,-0.582101
361,-7.26202,3.84357,-0.582288
361,-7.27696,3.80364,-0.697354
361,-7.25732,3.87959,-0.506776
361,-7.25018,3.86394,-0.562687
361,-7.28696,3.88596,-0.510482
361,-7.28103,3.82042,-0.83027
361,-7.26957,3.79006,-0.975944
361,-7.27248,3.79236,-0.975985
361,-6.69989,3.88424,-0.896659
361,-7.66317,4.07517,-0.158896
361,-7.66519,4.07584,-0.164042
361,-7.65072,4.07953,-0.160339
361,-7.66888,4.09836,-0.16376
361,-7.50164,3.89005,-0.831236
361,-7.59677,3.83431,-0.967949
361,-7.53218,3.90366,-0.836257
361,-7.51997,3.9088,-0.827662
361,-7.68946,4.16333,-0.0821512
361,-6.97198,3.97231,-0.821159
361,-7.76166,4.1384,-0.147098
361,-7.66448,4.23207,0.0670282
361,-7.00598,4.00129,-0.82151
361,-7.54466,3.93839,-0.842298
361,-7.66718,4.25392,0.0573521
361,-7.01197,4.01335,-0.829886
361,-7.74154,4.10557,-0.376067
361,-8.06973,3.87398,-0.960097
361,-7.70123,4.08961,-0.477918
361,-7.67794,3.91202,-0.976889
361,-7.8084,4.24173,-0.0901803
361,-8.02972,3.90119,-0.975958
361,-7.57911,3.99642,-0.875952
361,-7.82046,4.32178,0.0746136
361,-7.65415,4.43532,0.324284
361,-7.64334,4.45015,0.330285
361,-7.73104,3.98947,-0.930127
361,-7.73594,4.48988,0.40018
361,-7.8428,4.35945,0.0710993
361,-7.84604,4.35601,0.0600398
361,-7.8536,4.37967,0.0663159
361,-7.63074,4.51722,0.367829
361,-7.36786,4.02353,-1.09773
361,-7.95356,4.32526,-0.137518
361,-7.75987,4.05519,-0.959594
361,-7.55838,4.04735,-1.04178
361,-7.74111,4.03024,-1.03737
361,-8.23248,4.38531,0.0552789
361,-8.02817,4.49301,0.251615
361,-7.76225,4.57844,0.400584
361,-7.96103,4.3522,-0.161133
361,-8.41884,4.35283,-0.026169
361,-7.86502,4.3981,-0.073161
361,-8.22669,4.04844,-0.937947
361,-8.03874,4.51739,0.258118
361,-8.3865,4.41096,0.0621481
361,-8.38518,4.41344,0.0639637
361,-7.77405,4.61595,0.399553
361,-7.63594,4.72527,0.622512
361,-7.11823,4.49617,-0.256382
361,-8.16109,4.63153,0.41693
361,-7.88912,4.31216,-0.54984
361,-8.34405,4.6172,0.394198
361,-7.90331,4.7167,0.533768
361,-8.17313,4.64973,0.424319
361,-8.17572,4.65344,0.421328
361,-8.18652,4.66679,0.417153
361,-7.89954,4.34856,-0.560233
361,-7.9163,4.75941,0.535925
361,-8.3365,4.55407,0.0312219
361,-7.64807,4.55331,-0.213262
361,-7.52521,4.6935,0.124342
361,-8.39878,4.36606,-0.547444
361,-7.70034,4.87947,0.63287
361,-8.37028,4.40242,-0.497962
361,-7.62552,4.24711,-1.169
361,-7.68309,4.59183,-0.219658
361,-7.59252,4.92642,0.623488
361,-7.6879,4.61766,-0.226104
361,-7.54785,4.31623,-1.10042
361,-7.69279,4.62169,-0.226725
361,-7.60033,4.94802,0.63084
361,-7.54428,4.97843,0.691143
361,-7.53674,4.29403,-1.19641
361,-7.55333,5.02468,0.688777
361,-8.24503,4.58235,-0.374484
361,-8.09993,4.96588,0.629828
361,-7.57626,5.0436,0.687715
361,-8.79319,4.56665,-0.342178
361,-8.78483,4.90354,0.566444
361,-7.48294,5.09445,0.701047
361,-7.61295,4.7926,-0.146426
361,-7.6158,4.80697,-0.135692
361,-8.82928,4.95285,0.565623
361,-7.63698,4.82708,-0.136604
361,-8.98164,4.74744,0.0244666
361,-7.49123,5.16092,0.708954
361,-7.49275,4.87153,-0.188363
361,-5.02759,4.51472,-1.90419
361,-7.69093,4.89964,-0.13154
361,-8.11905,5.14962,0.680434
361,-7.48447,4.91675,-0.181103
361,-7.60181,5.00012,0.0103985
361,-7.36751,4.98553,-0.105515
361,-7.54971,5.02925,0.015269
361,-8.22075,5.21241,0.653016
361,-7.5781,5.00119,-0.122028
361,-7.63038,5.04573,-0.00507155
361,-7.51302,4.98989,-0.197588
361,-7.62805,5.06587,-0.00301346
361,-7.62142,5.07126,-0.000938624
361,-7.59569,4.31951,-2.10895
361,-7.52276,5.03927,-0.205642
361,-7.61543,5.06323,-0.131227
361,-8.39296,4.59361,-1.23722
361,-8.27015,5.33081,0.665529
361,-7.57092,5.18248,0.00711361
361,-7.57625,5.19665,0.00738817
361,-7.6019,4.44673,-2.09612
361,-7.50238,5.18492,-0.103759
361,-7.50318,5.24643,0.0281779
361,-7.52047,5.25602,0.0265071
361,-7.60017,4.48811,-2.10948
361,-7.54712,5.31826,0.0152027
361,-7.34328,5.25131,-0.346687
361,-7.35433,5.24881,-0.355814
361,-7.34151,5.2779,-0.348533
361,-7.35636,5.2766,-0.363305
361,-7.61039,4.57696,-2.35741
361,-7.61874,4.5826,-2.37312
361,-7.3736,5.34211,-0.375742
361,-7.47298,5.53934,0.135139
361,-5.1603,4.9816,-2.12723
361,-7.30079,4.72905,-2.26799
361,-7.62589,4.6512,-2.39643
361,-7.2492,4.74096,-2.28131
361,-7.30552,4.75732,-2.29553
361,-7.58011,5.52111,-0.139727
361,-7.48778,5.88775,0.734054
361,-7.31325,4.79225,-2.32628
361,-7.30597,4.79603,-2.32781
361,-7.63927,5.55183,-0.1829
361,-7.2255,4.80831,-2.42318
361,-7.22767,4.81018,-2.42481
361,-7.42082,4.76225,-2.51334
361,-7.21662,4.81918,-2.4223
361,-7.21052,4.83787,-2.43484
361,-7.21371,4.8399,-2.44982
361,-7.20936,4.78365,-2.73636
361,-7.18407,4.80036,-2.73783
361,-7.18599,4.80965,-2.74898
361,-3.81667,5.37924,-2.20351
361,-7.63041,4.84481,-2.57322
361,-7.60887,5.96011,0.108982
361,-7.6172,6.29021,0.445899
361,-4.8985,5.51675,-2.54926
361,-7.50314,6.08288,-0.228826
361,-7.50244,6.0832,-0.229293
361,-7.45169,5.48139,-2.17635
361,-7.59319,6.54219,0.607598
361,-3.76483,6.12923,-2.01267
361,-3.53471,6.14019,-2.15997
361,-3.58381,6.19201,-2.18742
361,-3.89354,6.23809,-1.9805
361,-3.58044,6.21442,-2.21635
361,-7.27283,6.68947,0.153556
361,-3.87092,6.29257,-2.02297
361,-3.58518,6.28329,-2.13524
361,-3.48788,6.30831,-2.12926
361,-3.37114,6.35564,-2.06164
361,-3.351,6.38403,-2.06331
361,-3.79731,6.3605,-2.0505
361,-3.6139,6.3524,-2.15019
361,-3.84533,6.38127,-2.06958
361,-3.576,6.44116,-2.15888
361,-3.46178,6.47248,-2.17631
361,-7.41088,7.05987,0.464754
361,-6.474,6.26082,-2.29312
361,-7.30899,6.98675,-0.114199
361,-3.76019,6.70594,-2.11794
361,-7.33349,7.13456,-0.14003
361,-7.48397,7.2468,0.106246
361,-7.34238,6.47776,-2.81823
361,-7.53001,7.53417,0.0938658
361,-3.48469,7.18288,-2.36369
361,-7.42234,6.68409,-2.87496
361,-7.38146,6.80088,-2.85632
361,-7.07805,7.82751,-0.25091
361,-7.33462,6.86869,-2.85171
361,-7.24117,6.92858,-2.84784
361,-7.18536,7.77849,-0.544159
361,-7.17334,7.82608,-0.980613
361,-3.50032,7.72032,-2.61765
361,-3.40594,7.85235,-2.64873
361,-7.03093,7.11917,-3.60064
361,-6.9946,8.46474,-0.275774
361,-5.86755,5.32797,-2.32314
360,-5.86755,5.32797,-2.32314
361,-5.91446,5.28132,-2.28031
360,-5.91446,5.28132,-2.28031
361,-5.62049,13.4722,-1.4003
360,-5.62049,13.4722,-1.4003
361,-5.36814,10.8417,-3.91422
360,-5.36814,10.8417,-3.91422
361,-4.40103,11.2146,-3.35146
360,-4.40103,11.2146,-3.35146
361,-3.72238,10.9115,-3.27909
360,-3.72238,10.9115,-3.27909
361,-7.40448,4.75549,-2.51224
360,-7.40448,4.75549,-2.51224
361,-6.68774,3.89784,-0.165049
360,-6.68774,3.89784,-0.165049
361,-4.58534,11.2045,-4.12203
360,-4.58534,11.2045,-4.12203
361,-5.38205,10.7661,-3.87715
360,-5.38205,10.7661,-3.87715
361,-4.59648,10.3443,-3.01331
360,-4.59648,10.3443,-3.01331
361,-5.63627,13.1529,-1.33566
360,-5.63627,13.1529,-1.33566
361,-6.26321,5.93104,-1.62024
360,-6.26321,5.93104,-1.62024
361,-1.07509,16.7304,-5.57364
360,-1.07509,16.7304,-5.57364
361,-3.23442,11.0086,-3.18577
360,-3.23442,11.0086,-3.18577
361,-5.90637,5.28242,-2.28133
360,-5.90637,5.28242,-2.28133
361,-5.8574,5.36185,-2.34464
360,-5.8574,5.36185,-2.34464
361,-5.99514,12.1721,0.693547
360,-5.99514,12.1721,0.693547
361,-3.25721,10.729,-3.59212
360,-3.25721,10.729,-3.59212
361,-3.17653,11.3936,-3.47463
360,-3.17653,11.3936,-3.47463
361,-6.11882,10.6111,-1.10757
360,-6.11882,10.6111,-1.10757
361,-7.25377,3.82615,-0.574268
360,-7.25377,3.82615,-0.574268
361,-4.64681,10.9226,-2.6458
360,-4.64681,10.9226,-2.6458
361,-2.42808,14.1127,-3.24732
360,-2.42808,14.1127,-3.24732
361,-3.31135,8.74726,-2.98486
360,-3.31135,8.74726,-2.98486
361,-4.68644,10.8998,-3.97069
360,-4.68644,10.8998,-3.97069
361,-5.43893,10.6237,-3.63121
360,-5.43893,10.6237,-3.63121
361,-8.03427,4.16458,-0.727511
360,-8.03427,4.16458,-0.727511
361,-4.61744,11.0363,-2.6854
360,-4.61744,11.0363,-2.6854
361,-5.4592,10.5089,-3.58089
360,-5.4592,10.5089,-3.58089
361,-2.78842,10.7499,-2.45323
360,-2.78842,10.7499,-2.45323
361,-2.16246,12.4373,-1.62707
360,-2.16246,12.4373,-1.62707
361,-2.47692,11.3188,-2.62541
360,-2.47692,11.3188,-2.62541
361,-8.39732,4.33173,-0.0713421
360,-8.39732,4.33173,-0.0713421
361,-8.01225,3.88472,-0.96222
360,-8.01225,3.88472,-0.96222
361,-8.43349,4.40812,-0.0846117
360,-8.43349,4.40812,-0.0846117
361,-5.84648,12.2127,-1.15474
360,-5.84648,12.2127,-1.15474
361,-3.3767,10.4208,-3.45324
360,-3.3767,10.4208,-3.45324
361,-8.5657,4.2481,-0.259823
360,-8.5657,4.2481,-0.259823
361,-5.37241,11.0363,-3.84203
360,-5.37241,11.0363,-3.84203
361,-9.0228,4.15624,-1.06176
360,-9.0228,4.15624,-1.06176
361,-7.79182,4.16453,-0.102448
360,-7.79182,4.16453,-0.102448
361,-8.73887,4.3616,-0.0561859
360,-8.73887,4.3616,-0.0561859
361,-5.47588,10.2772,-2.98296
360,-5.47588,10.2772,-2.98296
361,-4.4309,7.36275,-2.17089
360,-4.4309,7.36275,-2.17089
361,-3.94627,10.5041,-3.08471
360,-3.94627,10.5041,-3.08471
361,-8.6195,4.32236,-0.264121
360,-8.6195,4.32236,-0.264121
361,-4.50543,10.5431,-3.07926
360,-4.50543,10.5431,-3.07926
361,-4.07243,12.0532,-3.65504
78,-4.07243,12.0532,-3.65504
361,-4.07235,12.056,-3.64842
78,-4.07235,12.056,-3.64842
361,-4.87744,5.5595,-2.5682
78,-4.87744,5.5595,-2.5682
361,-4.70382,5.997,-2.90587
78,-4.70382,5.997,-2.90587
361,-7.80662,3.8791,-1.08948
359,-7.80662,3.8791,-1.08948
361,-7.87614,4.19234,0.251354
359,-7.87614,4.19234,0.251354
361,-4.5921,6.29146,-3.14042
75,-4.5921,6.29146,-3.14042
361,-3.93144,10.8743,-3.23544
75,-3.93144,10.8743,-3.23544
361,-4.27952,10.5765,-3.10574
79,-4.27952,10.5765,-3.10574
361,-3.53076,10.2949,-3.17669
79,-3.53076,10.2949,-3.17669
361,-3.09639,9.70912,-2.84127
79,-3.09639,9.70912,-2.84127
361,-5.48971,11.1597,-4.09419
79,-5.48971,11.1597,-4.09419
361,-5.83157,13.5571,0.69816
79,-5.83157,13.5571,0.69816
361,-6.62268,4.34704,-2.24282
80,-6.62268,4.34704,-2.24282
361,-5.36034,10.3918,-3.81992
80,-5.36034,10.3918,-3.81992
361,-6.46868,6.17727,-2.1644
81,-6.46868,6.17727,-2.1644
361,-6.50891,6.17037,-2.217
82,-6.50891,6.17037,-2.217
361,-4.28164,10.6587,-3.15213
73,-4.28164,10.6587,-3.15213
361,-3.91569,12.4938,-3.88046
73,-3.91569,12.4938,-3.88046
361,-7.25693,7.74035,-0.652926
73,-7.25693,7.74035,-0.652926
361,-4.27102,10.621,-3.13877
73,-4.27102,10.621,-3.13877
361,-4.62814,28.9076,-5.96308
73,-4.62814,28.9076,-5.96308
362,-7.00967,3.96646,-0.141775
362,-7.10153,3.84768,-0.517719
362,-6.94589,3.98491,-0.155192
362,-6.92002,3.99115,-0.158869
362,-6.98568,3.82611,-0.767192
362,-7.29613,3.8308,-0.700843
362,-6.98898,3.85077,-0.737831
362,-6.96717,3.859,-0.747454
362,-6.98512,3.84985,-0.780873
362,-7.30902,3.85004,-0.718596
362,-7.31143,3.859,-0.719494
362,-6.9617,3.88308,-0.801155
362,-7.14285,4.09687,-0.158951
362,-7.18752,4.14952,-0.165531
362,-7.23512,3.89191,-1.01155
362,-7.25586,4.1896,-0.171326
362,-8.01085,3.90247,-0.956766
362,-7.76975,4.1343,-0.382157
362,-8.07351,3.93444,-0.984681
362,-7.85368,4.27461,-0.0864117
362,-7.9084,4.27657,-0.119403
362,-7.8473,4.36247,0.0640349
362,-7.64652,4.10398,-0.803183
362,-8.25921,4.32118,-0.106231
362,-7.65291,4.12875,-0.810842
362,-7.75705,4.5554,0.408824
362,-8.04696,4.07891,-0.94179
362,-8.06271,4.09088,-0.960793
362,-7.78328,4.59018,0.403606
362,-7.79832,4.62411,0.39986
362,-7.57912,4.18151,-1.0523
362,-8.18191,4.65844,0.411108
362,-7.60356,4.22152,-1.1638
362,-7.51139,4.23369,-1.22879
362,-7.64682,4.96885,0.573159
362,-7.5562,4.34523,-1.34891
362,-7.60481,4.88142,0.10468
362,-7.62004,5.03799,0.51459
362,-8.55233,5.0529,0.685077
362,-8.57007,5.08481,0.690742
362,-8.57672,5.08902,0.691228
362,-7.56989,5.14722,0.291134
362,-7.5747,5.15943,0.290881
362,-7.2524,4.61564,-1.42072
362,-3.98459,4.64549,-2.03916
362,-5.24265,4.73386,-1.94733
362,-6.64149,4.57529,-2.22398
362,-7.31292,4.80707,-1.55553
362,-7.57038,5.4517,0.365938
362,-7.55092,5.64645,0.72825
362,-7.56069,5.64838,0.732978
362,-3.79718,5.0471,-2.10298
362,-5.15517,4.97324,-2.14144
362,-3.85397,5.07579,-2.10871
362,-5.69736,4.90708,-2.2534
362,-3.76984,5.14358,-1.98158
362,-7.60788,4.75318,-2.43805
362,-5.14281,5.0146,-2.17973
362,-3.82304,5.13669,-2.14703
362,-7.54809,4.90146,-2.13645
362,-3.72154,5.22359,-2.03311
362,-5.72405,4.98384,-2.35122
362,-7.32124,4.89151,-2.34742
362,-5.72152,5.00398,-2.35996
362,-7.54475,5.8451,0.398222
362,-7.54753,5.8642,0.40557
362,-7.1543,4.91879,-2.55482
362,-7.16529,4.93522,-2.57857
362,-6.55649,5.12177,-2.22641
362,-3.81966,5.33545,-2.13415
362,-7.53239,5.15302,-2.09098
362,-3.8234,5.38113,-2.14366
362,-4.14653,5.27068,-2.41707
362,-7.52166,5.17503,-2.08058
362,-7.44835,5.83234,-0.194335
362,-7.58807,6.1458,0.752801
362,-5.70407,5.16282,-2.49874
362,-3.85004,5.37121,-2.27166
362,-7.51442,5.76698,-0.413707
362,-7.53206,5.84522,-0.430429
362,-7.51516,5.29801,-2.14026
362,-3.41109,5.62662,-2.09665
362,-3.30033,5.64785,-2.17426
362,-7.51398,5.43851,-2.19432
362,-7.68496,6.20937,0.0952279
362,-3.40141,5.73987,-2.18884
362,-3.35263,5.74476,-2.1906
362,-3.43644,5.74502,-2.23698
362,-3.44299,5.76182,-2.20331
362,-3.41123,5.78976,-2.26883
362,-3.02334,5.9067,-2.03515
362,-3.11957,5.85129,-2.27841
362,-3.30637,5.90851,-2.09855
362,-3.1355,5.86387,-2.28198
362,-7.4451,6.28892,-0.216301
362,-3.13829,5.94124,-2.11493
362,-2.96484,5.97967,-2.06419
362,-3.24816,5.9432,-2.14583
362,-7.45855,6.48447,0.217661
362,-7.40321,6.48331,0.125801
362,-2.9894,5.99684,-2.24509
362,-7.39805,6.51709,0.00299543
362,-7.49826,6.36376,-0.485287
362,-7.41346,6.53448,-0.00256434
362,-7.32018,6.40961,-0.38903
362,-7.39292,6.7201,0.449519
362,-3.21137,6.16533,-2.06059
362,-2.98783,6.22818,-2.13102
362,-4.61037,5.92309,-2.82965
362,-7.4248,6.89803,0.432065
362,-2.96597,6.31252,-2.18782
362,-3.16819,6.36956,-2.06773
362,-7.4339,6.83311,0.11841
362,-7.37379,6.8776,0.179839
362,-3.07569,6.39183,-2.0943
362,-5.58217,6.07812,-2.53522
362,-4.67069,6.23023,-2.26981
362,-4.65458,6.26478,-2.29214
362,-3.04617,6.52589,-2.14798
362,-3.31729,6.52064,-2.11841
362,-3.39413,6.48682,-2.22235
362,-3.28818,6.53181,-2.15257
362,-7.35902,7.21593,0.42264
362,-3.38634,6.67538,-2.21004
362,-7.02436,6.38062,-2.4642
362,-7.03687,6.46569,-2.51501
362,-7.10038,6.4876,-2.49598
362,-6.97039,6.5461,-2.36241
362,-6.98554,6.58165,-2.37409
362,-3.11168,6.85935,-2.32352
362,-7.09813,6.62376,-2.27484
362,-6.98646,6.56083,-2.54983
362,-7.24256,6.5926,-2.50948
362,-7.28514,7.14525,-0.9035
362,-7.08902,6.62148,-2.59921
362,-7.37362,6.53643,-2.92407
362,-7.11631,6.6714,-2.61501
362,-7.34218,6.62412,-2.71955
362,-6.89786,6.7145,-2.56043
362,-4.4531,6.86621,-2.63618
362,-7.09809,6.70451,-2.63661
362,-6.90087,6.75916,-2.58269
362,-7.10702,6.85298,-2.36207
362,-6.90852,6.78995,-2.60817
362,-6.79361,6.79335,-2.64708
362,-7.28243,7.39914,-0.949019
362,-5.14319,7.07954,-2.31481
362,-5.55268,6.79324,-3.15828
362,-7.11227,6.95564,-2.44519
362,-7.33421,6.92761,-2.82529
362,-7.36597,7.7166,-0.718948
362,-7.23971,6.94428,-3.01799
362,-7.3105,7.77852,-0.703194
362,-7.27312,7.67597,-1.13804
362,-3.51361,7.67018,-2.52243
361,-3.51361,7.67018,-2.52243
362,-5.95543,20.1584,-3.47625
361,-5.95543,20.1584,-3.47625
362,-3.33072,10.089,-3.11091
361,-3.33072,10.089,-3.11091
362,-3.29341,10.5025,-3.24609
361,-3.29341,10.5025,-3.24609
362,-5.88261,13.5144,-5.03233
361,-5.88261,13.5144,-5.03233
362,-5.9133,13.3888,-4.8959
361,-5.9133,13.3888,-4.8959
362,-3.1814,11.0262,-3.71026
361,-3.1814,11.0262,-3.71026
362,-6.10853,14.3971,-3.71881
361,-6.10853,14.3971,-3.71881
362,-5.66875,13.7388,-3.63197
361,-5.66875,13.7388,-3.63197
362,-5.9889,16.739,-4.61126
361,-5.9889,16.739,-4.61126
362,-5.77054,12.7895,-4.43968
361,-5.77054,12.7895,-4.43968
362,-3.31849,10.8881,-4.03208
361,-3.31849,10.8881,-4.03208
362,-6.02307,11.2583,0.313765
361,-6.02307,11.2583,0.313765
362,-4.51341,10.981,-2.4679
361,-4.51341,10.981,-2.4679
362,-2.55099,11.7312,-2.54967
361,-2.55099,11.7312,-2.54967
362,-5.68213,13.5706,-3.17842
361,-5.68213,13.5706,-3.17842
362,-5.19683,10.2513,-2.95057
361,-5.19683,10.2513,-2.95057
362,-5.42745,10.2979,-3.08045
361,-5.42745,10.2979,-3.08045
362,-3.32829,11.3226,-3.37293
361,-3.32829,11.3226,-3.37293
362,-3.09889,10.2402,-3.04725
361,-3.09889,10.2402,-3.04725
362,-4.78066,10.3508,-2.99266
361,-4.78066,10.3508,-2.99266
362,-4.52919,10.9153,-2.43938
361,-4.52919,10.9153,-2.43938
362,-2.79851,11.0066,-2.32298
361,-2.79851,11.0066,-2.32298
362,-7.33992,6.28112,0.144701
361,-7.33992,6.28112,0.144701
362,-6.01629,16.0834,-4.37848
361,-6.01629,16.0834,-4.37848
362,-3.42645,10.5805,-3.88659
361,-3.42645,10.5805,-3.88659
362,-2.81791,10.4914,-1.66937
361,-2.81791,10.4914,-1.66937
362,-3.55891,8.64454,-2.98537
361,-3.55891,8.64454,-2.98537
362,-5.60109,14.8726,-1.52158
361,-5.60109,14.8726,-1.52158
362,-6.00716,15.2279,-1.56412
361,-6.00716,15.2279,-1.56412
362,-2.24677,11.7778,-3.05369
361,-2.24677,11.7778,-3.05369
362,-2.77257,10.5485,-2.62857
361,-2.77257,10.5485,-2.62857
362,-6.06246,16.8337,-2.83647
361,-6.06246,16.8337,-2.83647
362,-3.31783,10.5907,-3.20416
361,-3.31783,10.5907,-3.20416
362,-3.77227,9.57956,-2.77882
361,-3.77227,9.57956,-2.77882
362,-6.10413,5.73197,-1.5835
361,-6.10413,5.73197,-1.5835
362,-3.32242,13.7554,1.00003
361,-3.32242,13.7554,1.00003
362,-5.70454,13.3445,0.748411
361,-5.70454,13.3445,0.748411
362,-4.66399,10.3186,-2.183
361,-4.66399,10.3186,-2.183
362,-4.71639,10.0997,-2.11669
361,-4.71639,10.0997,-2.11669
362,-7.38428,7.45295,-0.154612
361,-7.38428,7.45295,-0.154612
362,-4.05585,16.4012,1.62597
361,-4.05585,16.4012,1.62597
362,-1.6464,9.21096,-2.84206
361,-1.6464,9.21096,-2.84206
362,-4.65956,10.1602,-2.94307
361,-4.65956,10.1602,-2.94307
362,-2.68565,11.2906,-2.39869
361,-2.68565,11.2906,-2.39869
362,-1.54367,10.8162,-0.883056
361,-1.54367,10.8162,-0.883056
362,-8.43851,17.1219,1.97671
361,-8.43851,17.1219,1.97671
362,-5.34704,13.1848,-3.51963
361,-5.34704,13.1848,-3.51963
362,-3.42871,10.5093,-3.86741
361,-3.42871,10.5093,-3.86741
362,-2.92865,10.7443,-3.24945
361,-2.92865,10.7443,-3.24945
362,-5.98698,16.3663,-4.47985
361,-5.98698,16.3663,-4.47985
362,-2.86238,10.9387,-3.29071
361,-2.86238,10.9387,-3.29071
362,-3.99065,11.1388,-2.76199
361,-3.99065,11.1388,-2.76199
362,-4.75351,10.8847,-3.20399
361,-4.75351,10.8847,-3.20399
362,-5.37269,12.8554,-3.38139
361,-5.37269,12.8554,-3.38139
362,-6.0553,15.1414,-2.70731
361,-6.0553,15.1414,-2.70731
362,-3.03056,9.37001,-3.24864
361,-3.03056,9.37001,-3.24864
362,-5.94651,16.754,-4.55063
361,-5.94651,16.754,-4.55063
362,-1.88719,10.5579,-2.61324
361,-1.88719,10.5579,-2.61324
362,-5.7115,13.8862,-3.23949
361,-5.7115,13.8862,-3.23949
362,-3.49,10.4298,-2.96735
361,-3.49,10.4298,-2.96735
362,-3.65937,11.464,-3.44116
361,-3.65937,11.464,-3.44116
362,-2.86979,10.0455,-1.99896
361,-2.86979,10.0455,-1.99896
362,-2.45628,11.1681,-0.906968
361,-2.45628,11.1681,-0.906968
362,-6.04598,14.3724,-3.78509
361,-6.04598,14.3724,-3.78509
362,-3.75611,12.0096,-4.51501
361,-3.75611,12.0096,-4.51501
362,-3.19336,9.00531,-3.09413
361,-3.19336,9.00531,-3.09413
362,-3.17908,9.78125,-3.2285
361,-3.17908,9.78125,-3.2285
362,-2.60009,9.39419,-2.63237
361,-2.60009,9.39419,-2.63237
362,-2.98499,12.5588,-2.67277
361,-2.98499,12.5588,-2.67277
362,-2.51873,11.0275,-1.35771
361,-2.51873,11.0275,-1.35771
362,-2.53899,10.1317,-0.777008
361,-2.53899,10.1317,-0.777008
362,-3.07776,8.64215,-2.49002
361,-3.07776,8.64215,-2.49002
362,-3.86076,11.8382,-2.92212
361,-3.86076,11.8382,-2.92212
362,-3.38389,9.43788,-3.04919
361,-3.38389,9.43788,-3.04919
362,-5.90205,11.2018,0.658674
361,-5.90205,11.2018,0.658674
362,-6.07031,14.7666,-2.62092
361,-6.07031,14.7666,-2.62092
362,-5.66471,11.4505,-4.13294
361,-5.66471,11.4505,-4.13294
362,-2.98071,10.8886,-3.26842
361,-2.98071,10.8886,-3.26842
362,-4.78511,10.5287,-3.84639
78,-4.78511,10.5287,-3.84639
362,-7.97384,5.99448,0.768297
78,-7.97384,5.99448,0.768297
362,-6.0183,7.28709,-2.28009
360,-6.0183,7.28709,-2.28009
362,-5.48794,10.4129,-3.53
360,-5.48794,10.4129,-3.53
362,-4.97813,11.2072,-2.71845
360,-4.97813,11.2072,-2.71845
362,-6.00463,7.36641,-2.31221
360,-6.00463,7.36641,-2.31221
362,-2.8573,10.6799,-2.41269
360,-2.8573,10.6799,-2.41269
362,-5.72032,12.7386,-1.32971
360,-5.72032,12.7386,-1.32971
362,-3.27079,10.767,-3.59592
360,-3.27079,10.767,-3.59592
362,-5.40107,10.9964,-3.40879
360,-5.40107,10.9964,-3.40879
362,-7.76677,4.26732,-0.046426
360,-7.76677,4.26732,-0.046426
362,-3.18834,15.4247,-4.9327
360,-3.18834,15.4247,-4.9327
362,-3.49746,10.0188,-3.29522
360,-3.49746,10.0188,-3.29522
362,-3.27743,10.5523,-3.51257
360,-3.27743,10.5523,-3.51257
362,-2.08404,10.85,-0.897807
76,-2.08404,10.85,-0.897807
362,-2.08319,10.9029,-0.904199
76,-2.08319,10.9029,-0.904199
362,-1.08022,9.50707,-2.96172
76,-1.08022,9.50707,-2.96172
362,-3.82256,9.00695,-2.5764
75,-3.82256,9.00695,-2.5764
362,-5.98481,11.2493,-4.21113
79,-5.98481,11.2493,-4.21113
362,-5.79145,11.2895,-4.2169
79,-5.79145,11.2895,-4.2169
362,-6.05407,11.4766,-4.30014
79,-6.05407,11.4766,-4.30014
362,-6.91775,8.9166,-0.428361
73,-6.91775,8.9166,-0.428361
362,-5.54378,47.6729,-9.04835
73,-5.54378,47.6729,-9.04835
362,-7.74354,4.29361,-0.107233
80,-7.74354,4.29361,-0.107233
362,-5.36271,6.70986,-2.04169
81,-5.36271,6.70986,-2.04169
363,-6.73849,3.95192,-0.168522
363,-7.18529,3.86874,-0.619942
363,-7.12322,3.95216,-0.539879
363,-7.28735,3.79235,-0.931019
363,-7.31545,3.85721,-0.802986
363,-7.35488,3.97986,-0.540802
363,-7.34415,3.9043,-0.823714
363,-6.82452,3.88702,-1.00572
363,-7.17953,4.05839,-0.590675
363,-7.62926,3.90278,-1.03915
363,-7.51527,3.95566,-0.977309
363,-7.56728,3.98926,-1.00726
363,-7.61701,4.42185,-0.182996
363,-7.6113,4.42174,-0.196551
363,-7.57594,4.83904,0.575751
363,-7.58381,4.85908,0.569106
363,-4.08976,4.59384,-2.2739
363,-6.67089,4.41927,-2.28918
363,-3.9853,4.63487,-2.23222
363,-6.69169,4.41964,-2.31064
363,-4.07711,4.66176,-2.29131
363,-4.87343,4.75441,-2.23734
363,-3.35338,4.8926,-2.16809
363,-7.63154,5.43196,-0.166887
363,-4.64928,4.88013,-2.18812
363,-4.64463,4.89841,-2.20341
363,-3.79499,4.95788,-2.2527
363,-4.62085,4.9155,-2.21683
363,-3.78466,4.97766,-2.26081
363,-3.86443,5.0515,-2.20919
363,-4.65763,5.0386,-2.20671
363,-4.2768,5.06756,-2.24537
363,-4.27241,5.07251,-2.2484
363,-4.64025,5.06276,-2.21676
363,-4.26912,5.07344,-2.25755
363,-4.63362,5.06671,-2.24175
363,-4.62804,5.0658,-2.26907
363,-7.02979,4.8135,-2.58773
363,-4.1213,5.11429,-2.33668
363,-4.24243,5.12988,-2.27641
363,-4.26221,5.12878,-2.2898
363,-4.92415,5.11554,-2.21464
363,-7.2492,4.89377,-2.43909
363,-7.2647,4.87276,-2.49802
363,-7.24206,4.90117,-2.44993
363,-4.63334,5.15368,-2.29909
363,-4.76887,5.13331,-2.35291
363,-5.92684,5.13519,-2.14876
363,-3.12752,5.32618,-2.18315
363,-7.25899,4.93204,-2.48642
363,-7.07164,4.89394,-2.66506
363,-7.26364,4.95083,-2.5099
363,-3.75611,5.37176,-2.06139
363,-5.08268,5.19209,-2.29288
363,-2.82203,5.49241,-1.97113
363,-7.20333,4.87937,-2.77641
363,-4.0454,5.27813,-2.31791
363,-5.92316,5.19757,-2.19574
363,-3.71588,5.36818,-2.17715
363,-3.70745,5.34201,-2.27826
363,-3.66086,5.41104,-2.13071
363,-3.76906,5.41266,-2.13269
363,-3.78942,5.40046,-2.16674
363,-3.67138,5.41286,-2.16512
363,-7.4676,6.2889,0.685562
363,-3.88253,5.3864,-2.2506
363,-4.60299,5.28902,-2.38733
363,-3.83024,5.4243,-2.18561
363,-7.53826,5.88464,-0.43589
363,-4.78984,5.43942,-2.1785
363,-3.42373,5.48411,-2.30843
363,-4.7676,5.51592,-2.24364
363,-3.35425,5.57665,-2.35467
363,-3.80023,5.55072,-2.35256
363,-2.86438,5.8856,-2.06185
363,-7.45851,6.67546,0.731339
363,-7.3417,6.46351,0.146395
363,-5.64865,5.65026,-2.25266
363,-2.81508,5.92895,-2.0828
363,-4.06697,5.8239,-2.1385
363,-3.01304,5.89567,-2.15521
363,-2.69804,5.95147,-2.08349
363,-2.70284,5.95263,-2.09404
363,-7.48737,6.76379,0.747251
363,-7.4481,6.3972,-0.20172
363,-7.49015,6.79762,0.736619
363,-4.03677,5.89327,-2.18192
363,-3.1996,5.93832,-2.27956
363,-7.40266,6.5627,0.0303566
363,-7.43595,6.63723,0.123512
363,-2.96769,6.07377,-2.09516
363,-2.91813,6.08446,-2.12219
363,-4.4096,5.94392,-2.23831
363,-7.44295,6.71181,0.137784
363,-7.42238,6.58648,-0.220687
363,-3.80434,6.07583,-2.24185
363,-2.5835,6.26163,-1.99104
363,-3.51811,6.15773,-2.1952
363,-3.02048,6.23266,-2.12081
363,-2.55346,6.31201,-2.02644
363,-7.47974,6.41657,-1.02695
363,-2.45206,6.32762,-2.13099
363,-3.09285,6.30252,-2.16353
363,-3.1225,6.35708,-2.05768
363,-7.37798,6.94297,0.166073
363,-7.48588,6.47883,-1.04025
363,-2.76039,6.39821,-2.10108
363,-7.48474,7.20154,0.749668
363,-7.47207,6.07265,-2.20431
363,-7.52655,7.2471,0.740788
363,-3.54497,6.37564,-2.2188
363,-3.82335,6.41381,-2.13354
363,-2.70613,6.49955,-2.12535
363,-3.80165,6.43383,-2.17312
363,-3.44601,6.47721,-2.21903
363,-3.30155,6.53133,-2.13164
363,-3.78714,6.49357,-2.19859
363,-7.38998,7.26178,0.382773
363,-3.51643,6.50078,-2.23439
363,-3.46946,6.55086,-2.12515
363,-3.41309,6.52249,-2.24394
363,-2.86112,6.61694,-2.18806
363,-3.26064,6.59897,-2.17287
363,-3.40547,6.69799,-2.22269
363,-3.42599,6.78601,-2.13376
363,-6.53512,6.50851,-2.30752
363,-3.37854,6.78384,-2.18772
363,-7.44469,7.10806,-0.744223
363,-7.33645,7.3987,-0.0504604
363,-7.39555,6.28847,-2.96513
363,-7.0455,6.50817,-2.53466
363,-7.32811,7.40239,-0.214717
363,-7.39463,6.60866,-2.35963
363,-7.40011,6.61237,-2.35347
363,-7.04293,6.67334,-2.28858
363,-7.32181,7.12653,-1.10681
363,-3.33204,7.01486,-2.25645
363,-7.11705,6.76926,-2.33576
363,-7.30064,7.31442,-0.977723
363,-5.07995,6.97743,-2.25844
363,-7.10563,6.83357,-2.35934
363,-7.32942,7.37915,-0.943581
363,-6.98572,6.54753,-3.12386
363,-6.31353,6.99548,-2.17919
363,-7.39104,6.72784,-2.8643
363,-7.40095,6.76823,-2.76889
363,-7.38512,6.74179,-2.88188
363,-7.30132,7.0701,-2.09317
363,-7.39582,6.78682,-2.93354
363,-7.3471,6.92958,-2.66822
363,-7.41552,6.83827,-2.89937
363,-7.27576,7.17128,-2.09084
363,-7.15302,7.84774,-0.475071
363,-7.1628,7.86921,-0.489509
363,-7.41681,6.93468,-2.89288
363,-6.32528,7.23416,-2.32343
363,-7.40301,7.67329,-1.06716
363,-7.2066,7.73758,-0.958814
363,-7.18704,7.99808,-0.505721
363,-5.08803,7.41484,-2.49465
363,-7.21888,7.87179,-0.976593
363,-7.03861,8.36817,0.186612
363,-3.35145,7.59078,-2.49789
363,-7.30235,7.97577,-1.02753
363,-7.01498,8.31973,-0.27606
363,-7.35038,8.06497,-1.05972
363,-4.04071,11.2537,-2.97961
362,-4.04071,11.2537,-2.97961
363,-3.00819,9.70525,-2.33672
362,-3.00819,9.70525,-2.33672
363,-2.52483,10.7294,-1.29932
362,-2.52483,10.7294,-1.29932
363,-5.75472,13.5542,-4.75915
362,-5.75472,13.5542,-4.75915
363,-2.63155,10.8483,-1.46905
362,-2.63155,10.8483,-1.46905
363,-2.97837,12.2581,-3.66112
362,-2.97837,12.2581,-3.66112
363,-2.54112,10.8539,-1.70027
362,-2.54112,10.8539,-1.70027
363,-1.56393,11.3161,-2.8492
362,-1.56393,11.3161,-2.8492
363,-5.38371,12.8491,-3.40628
362,-5.38371,12.8491,-3.40628
363,-2.61939,10.9073,-1.8554
362,-2.61939,10.9073,-1.8554
363,-2.67491,10.8909,-1.76973
362,-2.67491,10.8909,-1.76973
363,-4.57775,10.8254,-2.33139
362,-4.57775,10.8254,-2.33139
363,-3.08011,9.13966,-2.43867
362,-3.08011,9.13966,-2.43867
363,-2.94824,9.98073,-2.46037
362,-2.94824,9.98073,-2.46037
363,-6.00121,15.4605,-3.70304
362,-6.00121,15.4605,-3.70304
363,-4.65887,10.466,-2.62068
362,-4.65887,10.466,-2.62068
363,-5.66811,13.5262,-1.49843
362,-5.66811,13.5262,-1.49843
363,-6.0275,16.673,-3.19837
362,-6.0275,16.673,-3.19837
363,-2.50438,11.1263,-0.902924
362,-2.50438,11.1263,-0.902924
363,-4.94939,11.0008,-3.07759
362,-4.94939,11.0008,-3.07759
363,-3.67996,10.4895,-3.09555
362,-3.67996,10.4895,-3.09555
363,-5.69295,13.7042,-3.60105
362,-5.69295,13.7042,-3.60105
363,-5.66308,13.623,-1.51897
362,-5.66308,13.623,-1.51897
363,-2.14311,10.759,-0.872278
362,-2.14311,10.759,-0.872278
363,-3.32227,8.76251,-2.98139
362,-3.32227,8.76251,-2.98139
363,-7.11666,8.63749,-2.80271
362,-7.11666,8.63749,-2.80271
363,-1.55875,11.3282,-2.85102
362,-1.55875,11.3282,-2.85102
363,-6.92321,8.59259,-0.213744
362,-6.92321,8.59259,-0.213744
363,-5.99767,12.27,0.140364
362,-5.99767,12.27,0.140364
363,-4.05818,10.3424,-3.85422
362,-4.05818,10.3424,-3.85422
363,-1.13006,9.16475,-2.81778
362,-1.13006,9.16475,-2.81778
363,-0.842888,10.3844,-3.08607
362,-0.842888,10.3844,-3.08607
363,-2.77597,12.9662,-2.76091
362,-2.77597,12.9662,-2.76091
363,-6.01809,15.5415,-4.18197
362,-6.01809,15.5415,-4.18197
363,-6.02307,17.3694,-3.32772
362,-6.02307,17.3694,-3.32772
363,-7.52204,5.31874,0.713289
362,-7.52204,5.31874,0.713289
363,-6.87363,6.62363,-2.49657
362,-6.87363,6.62363,-2.49657
363,-3.35801,12.9982,-2.66729
362,-3.35801,12.9982,-2.66729
363,-6.01007,16.0338,-3.01399
362,-6.01007,16.0338,-3.01399
363,-5.11361,13.0341,0.764535
362,-5.11361,13.0341,0.764535
363,-2.21377,10.6511,-0.855404
362,-2.21377,10.6511,-0.855404
363,-2.83432,12.8542,-2.74146
362,-2.83432,12.8542,-2.74146
363,0.786504,11.8647,-1.75382
362,0.786504,11.8647,-1.75382
363,-1.1764,12.5688,1.10856
362,-1.1764,12.5688,1.10856
363,-2.86384,10.4912,-2.41565
362,-2.86384,10.4912,-2.41565
363,-2.17137,10.8529,-0.876626
362,-2.17137,10.8529,-0.876626
363,-2.67226,9.75648,-2.75494
362,-2.67226,9.75648,-2.75494
363,-5.98673,14.86,-2.69089
362,-5.98673,14.86,-2.69089
363,-5.51517,10.3263,-3.53077
362,-5.51517,10.3263,-3.53077
363,-4.71517,10.0447,-2.13623
362,-4.71517,10.0447,-2.13623
363,-4.11655,10.8847,-3.21549
362,-4.11655,10.8847,-3.21549
363,-2.97691,10.9265,-3.30169
362,-2.97691,10.9265,-3.30169
363,-2.6598,10.4989,-0.809791
362,-2.6598,10.4989,-0.809791
363,-0.367126,10.3231,-3.31986
362,-0.367126,10.3231,-3.31986
363,-4.05361,12.8893,-4.03137
361,-4.05361,12.8893,-4.03137
363,-6.51861,6.33813,-2.25691
361,-6.51861,6.33813,-2.25691
363,-3.44678,10.6049,-3.27168
361,-3.44678,10.6049,-3.27168
363,-3.99172,10.7858,-3.20335
361,-3.99172,10.7858,-3.20335
363,-4.09038,9.56795,-2.6761
361,-4.09038,9.56795,-2.6761
363,-3.49734,10.5141,-3.22842
361,-3.49734,10.5141,-3.22842
363,-5.73409,13.0183,-1.20491
361,-5.73409,13.0183,-1.20491
363,-3.81565,11.3408,-4.06707
361,-3.81565,11.3408,-4.06707
363,-3.97743,10.2538,-2.94047
361,-3.97743,10.2538,-2.94047
363,-1.43475,15.9653,1.39101
361,-1.43475,15.9653,1.39101
363,-2.53605,11.0027,-0.875016
361,-2.53605,11.0027,-0.875016
363,-1.60155,10.7377,-0.873181
361,-1.60155,10.7377,-0.873181
363,-3.89464,10.6354,-3.11052
79,-3.89464,10.6354,-3.11052
363,-4.53296,10.7463,-3.16112
79,-4.53296,10.7463,-3.16112
363,-6.97388,8.72628,-0.293441
76,-6.97388,8.72628,-0.293441
363,-7.00336,8.77204,-0.292726
76,-7.00336,8.77204,-0.292726
363,-1.1052,9.9656,-3.31271
76,-1.1052,9.9656,-3.31271
363,-1.49701,11.2331,-2.8465
75,-1.49701,11.2331,-2.8465
363,-0.903258,9.7976,-3.05599
75,-0.903258,9.7976,-3.05599
363,-7.5501,5.65284,0.597266
80,-7.5501,5.65284,0.597266
363,-6.56688,38.0467,-8.29639
73,-6.56688,38.0467,-8.29639
363,-0.513938,9.42302,-3.13015
73,-0.513938,9.42302,-3.13015
363,-5.88381,11.3827,-4.32095
81,-5.88381,11.3827,-4.32095
363,-5.87379,11.3405,-4.30022
81,-5.87379,11.3405,-4.30022
363,-5.88856,11.5426,-4.34397
81,-5.88856,11.5426,-4.34397
363,-7.03826,8.82713,-0.356679
81,-7.03826,8.82713,-0.356679
363,-4.05565,11.3025,-2.85329
360,-4.05565,11.3025,-2.85329
363,-5.72822,12.8976,-1.50967
360,-5.72822,12.8976,-1.50967
363,-4.67672,10.6768,-3.80014
360,-4.67672,10.6768,-3.80014
364,-6.70404,3.90011,-0.152454
364,-6.77689,3.80336,-0.947132
364,-6.78511,3.80786,-0.956932
364,-4.29939,4.43413,-1.94271
364,-4.26842,4.52,-2.02379
364,-7.56548,5.17597,-0.00330761
364,-7.51861,5.6097,0.588978
364,-4.87216,4.74852,-2.21986
364,-2.94115,4.94951,-2.15825
364,-4.86558,4.75637,-2.22922
364,-3.81062,4.90172,-2.20187
364,-3.83343,4.906,-2.19358
364,-3.34772,4.94332,-2.22552
364,-3.81578,4.9279,-2.21604
364,-4.01148,4.91433,-2.21794
364,-2.92804,5.02413,-2.20309
364,-3.82555,4.9381,-2.21606
364,-7.5121,5.08954,-1.06745
364,-3.80537,4.94274,-2.23296
364,-2.76623,5.08496,-2.14921
364,-2.8736,5.10029,-2.10546
364,-2.99564,5.05274,-2.20605
364,-2.93213,5.05497,-2.2331
364,-2.85409,5.13833,-2.05978
364,-2.84754,5.14662,-2.1133
364,-2.72925,5.13742,-2.18146
364,-2.89368,5.15045,-2.11775
364,-2.86662,5.16525,-2.13341
364,-5.75662,4.88298,-2.23233
364,-5.75225,4.90956,-2.25255
364,-2.68554,5.20987,-2.21042
364,-4.29463,5.0672,-2.2351
364,-4.18143,5.05793,-2.2879
364,-4.09835,5.13124,-2.18763
364,-6.99868,4.74715,-2.51898
364,-4.64479,5.08104,-2.26222
364,-3.81856,5.17481,-2.29914
364,-5.14355,5.09653,-2.24096
364,-7.25948,4.79863,-2.53298
364,-4.66918,5.16321,-2.28654
364,-3.165,5.33935,-2.24641
364,-3.7362,5.34018,-2.15907
364,-7.58549,5.5282,-0.928241
364,-7.5774,5.53227,-0.933384
364,-3.65403,5.39976,-2.10889
364,-3.09735,5.43252,-2.16273
364,-7.55421,5.61862,-0.767842
364,-2.70104,5.5324,-2.04247
364,-2.68268,5.54723,-2.0432
364,-3.79409,5.4112,-2.13081
364,-3.66995,5.4221,-2.13888
364,-3.77562,5.43409,-2.12952
364,-3.78511,5.42634,-2.1505
364,-3.80077,5.42163,-2.18307
364,-3.49457,5.42159,-2.25341
364,-7.51645,5.69512,-0.751634
364,-3.91241,5.38734,-2.26321
364,-2.61305,5.60581,-2.1069
364,-7.45445,5.61649,-1.07705
364,-5.93994,5.26866,-2.23683
364,-3.46032,5.47896,-2.28451
364,-2.45954,5.67817,-2.15049
364,-5.6319,5.4254,-2.07787
364,-4.03189,5.51054,-2.28955
364,-2.45098,5.72793,-2.11357
364,-4.02935,5.55329,-2.24917
364,-2.52984,5.73325,-2.17477
364,-3.49709,5.67842,-2.17991
364,-4.02376,5.59285,-2.28345
364,-2.63687,5.84937,-2.06962
364,-3.09431,5.79845,-2.10663
364,-7.62806,5.84936,-1.07135
364,-3.36307,5.81707,-2.23849
364,-3.45491,5.79316,-2.2804
364,-3.26371,5.84082,-2.21571
364,-3.11685,5.90343,-2.14961
364,-3.42684,5.81857,-2.28534
364,-3.3858,5.82611,-2.28832
364,-4.48362,5.75519,-2.22975
364,-3.38382,5.83549,-2.29263
364,-3.24067,5.9049,-2.25285
364,-3.23939,5.89416,-2.28089
364,-2.28784,6.05736,-2.13006
364,-2.72797,6.02356,-2.13884
364,-3.3001,5.89887,-2.31902
364,-2.95051,6.10668,-2.1215
364,-3.21118,6.08263,-2.19474
364,-2.19285,6.20089,-2.21933
364,-2.5303,6.2443,-2.09854
364,-3.0367,6.21158,-2.1083
364,-3.2024,6.17162,-2.21342
364,-3.07888,6.1846,-2.23092
364,-2.45535,6.3117,-2.12004
364,-2.46555,6.31365,-2.12176
364,-3.01786,6.27501,-2.1436
364,-2.2169,6.36527,-2.11325
364,-2.16442,6.38496,-2.14175
364,-7.41411,6.4364,-0.994123
364,-2.14441,6.41833,-2.17143
364,-3.32106,6.33708,-2.19663
364,-4.69684,6.20132,-2.24681
364,-3.1645,6.42597,-2.09902
364,-7.45959,6.0112,-2.17043
364,-3.10519,6.44953,-2.09768
364,-3.15495,6.4555,-2.10026
364,-3.29631,6.3927,-2.23347
364,-3.09784,6.46227,-2.1134
364,-3.18342,6.44215,-2.14401
364,-3.28813,6.39721,-2.23584
364,-2.45842,6.52294,-2.1218
364,-3.04994,6.50238,-2.12246
364,-3.05358,6.51192,-2.12564
364,-3.53904,6.46346,-2.21224
364,-3.03226,6.54167,-2.14187
364,-3.45611,6.48009,-2.23098
364,-3.42032,6.50529,-2.20573
364,-3.52437,6.46722,-2.2756
364,-2.91143,6.58742,-2.17744
364,-3.45598,6.58188,-2.13774
364,-7.39183,7.05258,-0.220494
364,-3.2719,6.61733,-2.17374
364,-7.27558,7.23741,0.119046
364,-2.86365,6.70133,-2.2422
364,-7.36078,7.5524,0.723307
364,-3.41609,6.6974,-2.2186
364,-7.3137,7.34096,0.109821
364,-3.65551,6.71715,-2.20923
364,-3.55085,6.74135,-2.23407
364,-7.42206,7.70858,0.727534
364,-3.62415,6.94045,-2.31393
364,-7.39468,7.17942,-1.14639
364,-7.32466,7.32845,-1.00675
364,-6.81832,6.71543,-2.5833
364,-7.16408,6.82021,-2.35417
364,-7.11387,6.82531,-2.36159
364,-7.13571,6.8428,-2.36534
364,-7.32974,6.78136,-2.60802
364,-7.36132,7.4511,-1.02842
364,-7.28886,6.80628,-2.58556
364,-7.28748,7.65823,-0.691849
364,-7.31142,7.70284,-0.71005
364,-7.27252,7.73917,-0.651155
364,-7.4392,6.83059,-2.91959
364,-7.15551,8.05692,-0.297849
364,-8.11402,8.52168,0.775508
364,-7.27536,7.85828,-1.02383
364,-7.01097,8.49711,0.393928
364,-7.25627,7.97254,-1.02289
364,-7.01023,8.51712,0.0271198
364,-7.01451,8.52532,0.0371765
364,-7.18926,8.05352,-1.0976
364,-3.46105,7.76808,-2.65038
364,-7.14526,8.15314,-1.07789
364,-6.9842,8.60298,-0.25254
364,-3.53837,7.88047,-2.73291
364,-7.03241,8.81308,0.134697
364,-2.94955,12.7642,-2.84198
363,-2.94955,12.7642,-2.84198
364,-3.00774,12.9309,-2.73166
363,-3.00774,12.9309,-2.73166
364,-2.01363,10.5269,-0.827431
363,-2.01363,10.5269,-0.827431
364,-2.48636,9.61639,-2.71153
363,-2.48636,9.61639,-2.71153
364,-3.2811,10.4997,-3.23712
363,-3.2811,10.4997,-3.23712
364,-5.70487,13.2262,-1.25201
363,-5.70487,13.2262,-1.25201
364,-2.45369,18.3934,-4.1601
363,-2.45369,18.3934,-4.1601
364,-3.13727,14.9216,-3.2006
363,-3.13727,14.9216,-3.2006
364,-2.18564,9.50291,-2.99373
363,-2.18564,9.50291,-2.99373
364,-7.09646,8.75825,-0.988877
363,-7.09646,8.75825,-0.988877
364,-2.38355,11.0615,-0.929309
363,-2.38355,11.0615,-0.929309
364,-2.61929,10.8097,-0.911626
363,-2.61929,10.8097,-0.911626
364,-6.68064,8.38508,-2.50559
363,-6.68064,8.38508,-2.50559
364,-6.1786,10.8855,-1.19177
363,-6.1786,10.8855,-1.19177
364,-2.0791,10.9304,-0.8994
363,-2.0791,10.9304,-0.8994
364,-3.52794,10.4992,-3.14467
363,-3.52794,10.4992,-3.14467
364,-3.49285,10.5421,-3.02011
363,-3.49285,10.5421,-3.02011
364,-2.65111,10.8856,-1.32088
363,-2.65111,10.8856,-1.32088
364,-1.95877,10.6587,-0.842761
363,-1.95877,10.6587,-0.842761
364,-2.19413,11.0175,-2.39243
363,-2.19413,11.0175,-2.39243
364,-3.44599,8.09508,-2.85584
363,-3.44599,8.09508,-2.85584
364,-3.74647,11.6149,-3.59106
363,-3.74647,11.6149,-3.59106
364,-2.81415,9.76178,-2.54548
363,-2.81415,9.76178,-2.54548
364,-6.13687,16.1776,-2.15999
363,-6.13687,16.1776,-2.15999
364,-5.16057,10.5088,-3.03582
363,-5.16057,10.5088,-3.03582
364,-3.96262,12.7354,-2.12176
363,-3.96262,12.7354,-2.12176
364,-3.09015,10.3388,-3.49028
363,-3.09015,10.3388,-3.49028
364,-5.3505,12.5553,-3.33643
363,-5.3505,12.5553,-3.33643
364,-6.54347,6.32709,-2.259
363,-6.54347,6.32709,-2.259
364,-4.53212,13.2722,0.321197
363,-4.53212,13.2722,0.321197
364,-6.1385,16.2098,-2.15834
363,-6.1385,16.2098,-2.15834
364,-5.74011,13.4557,-1.28431
363,-5.74011,13.4557,-1.28431
364,-6.83495,10.9206,-1.31284
363,-6.83495,10.9206,-1.31284
364,-1.55797,10.372,-2.98291
363,-1.55797,10.372,-2.98291
364,-1.14919,9.40576,-2.87725
363,-1.14919,9.40576,-2.87725
364,-6.99529,8.56158,-2.28806
363,-6.99529,8.56158,-2.28806
364,-0.616964,8.88744,-2.80265
363,-0.616964,8.88744,-2.80265
364,-3.83772,9.23714,-2.73675
363,-3.83772,9.23714,-2.73675
364,-0.392921,9.86404,-2.56954
363,-0.392921,9.86404,-2.56954
364,-1.31325,9.48178,-2.75764
363,-1.31325,9.48178,-2.75764
364,-2.52252,11.1289,-1.37543
363,-2.52252,11.1289,-1.37543
364,-6.9949,8.58857,-0.342486
363,-6.9949,8.58857,-0.342486
364,-2.54323,10.8388,-1.6493
362,-2.54323,10.8388,-1.6493
364,-4.75318,10.6423,-3.14939
362,-4.75318,10.6423,-3.14939
364,-6.60487,8.85583,-0.401798
362,-6.60487,8.85583,-0.401798
364,-2.74468,11.1207,-1.42898
362,-2.74468,11.1207,-1.42898
364,-3.3247,10.6876,-3.09068
362,-3.3247,10.6876,-3.09068
364,-2.9055,10.4425,-2.36301
362,-2.9055,10.4425,-2.36301
364,-1.16231,9.81678,-2.87018
362,-1.16231,9.81678,-2.87018
364,-3.23173,11.1464,-3.44078
361,-3.23173,11.1464,-3.44078
364,-3.13133,10.7848,-3.40146
361,-3.13133,10.7848,-3.40146
364,-1.67067,10.6621,-0.881009
361,-1.67067,10.6621,-0.881009
364,-5.53109,9.38481,-3.32585
361,-5.53109,9.38481,-3.32585
364,-2.45777,11.1823,-2.2971
361,-2.45777,11.1823,-2.2971
364,-2.3046,10.6702,-0.843869
361,-2.3046,10.6702,-0.843869
364,-4.45622,10.8176,-3.17884
361,-4.45622,10.8176,-3.17884
364,-4.23205,9.1519,-2.54222
76,-4.23205,9.1519,-2.54222
364,-6.99983,8.76546,-0.297018
76,-6.99983,8.76546,-0.297018
364,-1.90283,21.1545,0.359957
76,-1.90283,21.1545,0.359957
364,-7.05312,8.84766,-0.298422
76,-7.05312,8.84766,-0.298422
364,-1.90101,21.3354,0.37302
76,-1.90101,21.3354,0.37302
364,-4.89938,7.78573,-2.62352
79,-4.89938,7.78573,-2.62352
364,-5.81874,13.1583,-1.66934
79,-5.81874,13.1583,-1.66934
364,-3.42545,10.5965,-3.02373
79,-3.42545,10.5965,-3.02373
364,-5.73902,11.1068,-3.86472
79,-5.73902,11.1068,-3.86472
364,-7.22545,7.69063,-1.0834
80,-7.22545,7.69063,-1.0834
364,-6.97284,9.59524,-2.20277
80,-6.97284,9.59524,-2.20277
364,-7.46945,5.26862,-1.0632
80,-7.46945,5.26862,-1.0632
364,-7.06315,8.48324,-0.961647
80,-7.06315,8.48324,-0.961647
364,-4.60229,6.24943,-1.84496
80,-4.60229,6.24943,-1.84496
364,-6.11545,11.5945,-4.41735
80,-6.11545,11.5945,-4.41735
364,-7.18848,8.70952,-1.00107
80,-7.18848,8.70952,-1.00107
364,-5.80286,11.8362,-4.63707
81,-5.80286,11.8362,-4.63707
364,-7.66193,5.09544,0.520009
81,-7.66193,5.09544,0.520009
364,-5.15946,10.8157,-3.16644
360,-5.15946,10.8157,-3.16644
364,-5.17155,10.7543,-3.14581
360,-5.17155,10.7543,-3.14581
365,-7.44904,5.11087,-1.04985
365,-3.83954,5.12636,-2.25072
365,-4.82226,5.10449,-2.32469
365,-3.15914,5.35069,-2.25859
365,-3.70853,5.40038,-2.08188
365,-3.74056,5.39301,-2.1172
365,-3.67235,5.39417,-2.14256
365,-3.91749,5.32175,-2.27876
365,-5.14718,5.20113,-2.3082
365,-3.69984,5.44061,-2.10761
365,-3.74943,5.38081,-2.31559
365,-3.70797,5.44393,-2.23907
365,-2.34504,5.64191,-2.13363
365,-7.59699,5.52729,-0.952861
365,-7.56299,5.30369,-1.64446
365,-2.29252,5.72457,-2.19008
365,-7.5491,5.21272,-2.01743
365,-2.28126,5.7366,-2.19915
365,-7.54511,5.20892,-2.10113
365,-5.12687,5.4088,-2.32523
365,-5.12547,5.42341,-2.337
365,-2.40662,5.78916,-2.15712
365,-3.07521,5.73897,-2.10676
365,-7.72428,6.22187,0.738901
365,-7.44095,5.63766,-1.07845
365,-3.06496,5.8017,-2.09784
365,-7.50866,5.69423,-1.12206
365,-3.08032,5.83668,-2.1564
365,-2.02177,5.95116,-2.17837
365,-3.45564,5.77989,-2.25416
365,-3.07164,5.86252,-2.14814
365,-3.38597,5.81346,-2.21629
365,-3.36834,5.80708,-2.25635
365,-2.73405,5.93775,-2.09143
365,-3.31527,5.82208,-2.25605
365,-3.28429,5.84342,-2.21213
365,-4.65863,5.68611,-2.22754
365,-3.49311,5.79834,-2.28794
365,-3.26995,5.85436,-2.22815
365,-2.81623,5.9565,-2.10263
365,-2.55442,5.99132,-2.12648
365,-1.95257,6.04447,-2.26289
365,-3.35228,5.91365,-2.24452
365,-2.88806,6.02349,-2.08762
365,-2.91291,6.04941,-2.09347
365,-2.2642,6.11453,-2.14558
365,-2.86748,6.07932,-2.09669
365,-4.66765,5.81501,-2.31532
365,-2.9867,6.0768,-2.11711
365,-7.95709,6.52399,0.757996
365,-2.86543,6.09973,-2.1123
365,-5.48561,5.87903,-1.95848
365,-3.07575,6.06546,-2.2063
365,-2.98105,6.11522,-2.11789
365,-2.21539,6.19258,-2.17808
365,-2.9453,6.16466,-2.15244
365,-2.96702,6.173,-2.14541
365,-7.5728,6.00583,-1.15264
365,-4.66948,5.90699,-2.38643
365,-2.50192,6.25401,-2.10873
365,-3.20506,6.20254,-2.22852
365,-3.01627,6.25655,-2.15497
365,-7.50917,5.72802,-2.24024
365,-3.13779,6.26837,-2.16185
365,-3.11721,6.3006,-2.17642
365,-3.18507,6.32246,-2.15275
365,-3.06331,6.32922,-2.18471
365,-7.42526,6.59792,-0.0185955
365,-3.49097,6.30449,-2.21947
365,-3.15167,6.38281,-2.10317
365,-3.11187,6.3802,-2.12485
365,-4.70452,6.16992,-2.227
365,-2.48319,6.4683,-2.10499
365,-3.1455,6.40564,-2.11907
365,-2.14493,6.49876,-2.20647
365,-2.14088,6.49755,-2.21576
365,-2.00214,6.53512,-2.23002
365,-4.70878,6.23005,-2.25704
365,-2.7033,6.5279,-2.1618
365,-2.69756,6.5357,-2.1686
365,-4.74007,6.43451,-1.91209
365,-2.38962,6.62264,-2.1928
365,-3.10328,6.54933,-2.19573
365,-2.92162,6.58462,-2.20121
365,-2.66163,6.64769,-2.2292
365,-3.5216,6.58945,-2.24411
365,-3.70641,6.6034,-2.15324
365,-3.7777,6.58108,-2.25608
365,-3.17015,6.6953,-2.14699
365,-3.30992,6.66183,-2.19871
365,-3.68513,6.64992,-2.21595
365,-3.15923,6.73364,-2.16894
365,-3.66274,6.67072,-2.189
365,-3.14166,6.76607,-2.18352
365,-2.84017,6.78619,-2.29064
365,-3.65138,6.73394,-2.22769
365,-2.58436,6.84316,-2.34015
365,-6.77435,6.46605,-2.38988
365,-7.02003,6.45462,-2.44677
365,-7.39396,6.46062,-2.36177
365,-7.44145,6.36964,-3.02667
365,-7.1205,6.59678,-2.56081
365,-5.74822,6.91247,-2.10903
365,-5.05307,6.6714,-3.07705
365,-7.28567,7.81061,0.708438
365,-7.20743,7.82941,0.706243
365,-7.14858,6.78441,-2.33089
365,-7.46297,7.68618,0.107067
365,-7.37658,6.86722,-2.6227
365,-7.38938,7.84514,0.11962
365,-7.41541,6.79139,-2.92745
365,-7.54138,7.78688,-0.10234
365,-7.12777,8.11924,0.682425
365,-7.44855,8.18986,0.727602
365,-7.35391,7.7624,-0.706577
365,-6.42477,8.49332,0.761486
365,-7.21468,7.45271,-2.12327
365,-6.4333,8.57162,0.757776
365,-7.00945,8.31069,0.173603
365,-7.44271,7.98099,-0.760978
365,-7.53266,8.49809,0.73532
365,-7.02699,8.5614,0.389954
365,-6.49756,8.37779,-0.658037
365,-3.08269,8.19656,-2.85009
365,-2.81532,12.9223,-2.96006
364,-2.81532,12.9223,-2.96006
365,-3.56104,10.3491,-3.08776
364,-3.56104,10.3491,-3.08776
365,-2.09623,9.36854,-3.21894
364,-2.09623,9.36854,-3.21894
365,-1.80402,10.3071,-0.836228
364,-1.80402,10.3071,-0.836228
365,-4.93005,11.4698,-3.26037
364,-4.93005,11.4698,-3.26037
365,-4.34359,11.5724,-2.63764
364,-4.34359,11.5724,-2.63764
365,-6.85263,8.54671,-2.47066
364,-6.85263,8.54671,-2.47066
365,-7.00867,9.87438,-2.72722
364,-7.00867,9.87438,-2.72722
365,-1.68189,10.6152,-0.877634
364,-1.68189,10.6152,-0.877634
365,-4.00965,10.9058,-3.24854
364,-4.00965,10.9058,-3.24854
365,-4.3168,10.5741,-3.09638
364,-4.3168,10.5741,-3.09638
365,-4.57277,10.8602,-2.61991
364,-4.57277,10.8602,-2.61991
365,-6.44207,12.9674,-3.1986
364,-6.44207,12.9674,-3.1986
365,-0.598921,14.1187,-2.56374
364,-0.598921,14.1187,-2.56374
365,-0.976338,12.9143,0.0473148
364,-0.976338,12.9143,0.0473148
365,-3.26031,6.01543,-2.13589
364,-3.26031,6.01543,-2.13589
365,-3.07682,11.7017,-2.57414
364,-3.07682,11.7017,-2.57414
365,-5.74831,12.9541,-1.22452
364,-5.74831,12.9541,-1.22452
365,-1.65775,10.9349,-2.73073
364,-1.65775,10.9349,-2.73073
365,-0.179704,9.58158,-2.29092
364,-0.179704,9.58158,-2.29092
365,-4.02736,10.1889,-3.93637
364,-4.02736,10.1889,-3.93637
365,0.83008,12.1733,-1.71421
364,0.83008,12.1733,-1.71421
365,-7.09671,9.00734,-0.311655
364,-7.09671,9.00734,-0.311655
365,-6.33227,12.8993,-5.24964
364,-6.33227,12.8993,-5.24964
365,-5.34503,8.66723,-3.03271
364,-5.34503,8.66723,-3.03271
365,-3.67808,6.82912,-2.27403
364,-3.67808,6.82912,-2.27403
365,-6.16028,13.1901,-1.48422
364,-6.16028,13.1901,-1.48422
365,-1.12134,10.2374,-3.29832
364,-1.12134,10.2374,-3.29832
365,-3.09491,11.8711,-2.47704
364,-3.09491,11.8711,-2.47704
365,-7.15241,9.15664,-0.430116
364,-7.15241,9.15664,-0.430116
365,-5.72952,13.4264,0.147987
363,-5.72952,13.4264,0.147987
365,-3.49906,10.1892,-3.38808
363,-3.49906,10.1892,-3.38808
365,-2.53381,10.9423,-2.3768
363,-2.53381,10.9423,-2.3768
365,-3.97366,11.2492,-2.8675
363,-3.97366,11.2492,-2.8675
365,-4.01066,11.0547,-2.79332
363,-4.01066,11.0547,-2.79332
365,0.92745,12.1196,-1.81958
363,0.92745,12.1196,-1.81958
365,-7.41499,6.34626,-1.00604
363,-7.41499,6.34626,-1.00604
365,-0.879586,13.3116,1.14009
363,-0.879586,13.3116,1.14009
365,-3.64438,12.9276,-2.63853
363,-3.64438,12.9276,-2.63853
365,-0.4041,9.84601,-2.5614
363,-0.4041,9.84601,-2.5614
365,-3.4758,10.4055,-3.40017
362,-3.4758,10.4055,-3.40017
365,2.19005,20.7276,2.59369
362,2.19005,20.7276,2.59369
365,-1.19005,12.5746,1.0911
362,-1.19005,12.5746,1.0911
365,-5.70409,13.253,-2.33633
361,-5.70409,13.253,-2.33633
365,0.185268,39.9065,0.122148
361,0.185268,39.9065,0.122148
365,-2.24433,10.9793,-2.34508
361,-2.24433,10.9793,-2.34508
365,-6.98079,9.61026,-2.21216
78,-6.98079,9.61026,-2.21216
365,-4.22906,11.3803,-2.93099
78,-4.22906,11.3803,-2.93099
365,-6.68783,12.1413,-1.39475
78,-6.68783,12.1413,-1.39475
365,-3.5084,10.5744,-3.16747
78,-3.5084,10.5744,-3.16747
365,-7.13363,8.80436,-1.00171
76,-7.13363,8.80436,-1.00171
365,-1.01496,10.1002,-2.98401
76,-1.01496,10.1002,-2.98401
365,-3.91426,10.534,-3.1173
79,-3.91426,10.534,-3.1173
365,-6.97448,8.74255,-0.310392
75,-6.97448,8.74255,-0.310392
365,-0.535136,9.81378,-2.98188
75,-0.535136,9.81378,-2.98188
365,-7.0021,9.29467,-2.2655
73,-7.0021,9.29467,-2.2655
365,-6.96967,8.85946,-0.324165
80,-6.96967,8.85946,-0.324165
365,-6.97863,9.75372,-2.69724
80,-6.97863,9.75372,-2.69724
365,-4.91757,5.18072,-2.26354
80,-4.91757,5.18072,-2.26354
365,-6.96752,13.3655,-1.63782
80,-6.96752,13.3655,-1.63782
365,-3.80738,11.0431,-3.30256
360,-3.80738,11.0431,-3.30256
365,-5.16452,10.6861,-3.13815
360,-5.16452,10.6861,-3.13815
366,-2.78868,5.26435,-2.13797
366,-3.43487,5.23944,-2.09015
366,-3.15213,5.33284,-2.17256
366,-2.78849,5.45725,-1.94567
366,-2.69731,5.46219,-2.10558
366,-3.4001,5.35671,-2.18937
366,-3.16564,5.36086,-2.26605
366,-2.76719,5.51154,-1.98072
366,-2.66973,5.53732,-2.0286
366,-2.68196,5.51049,-2.11208
366,-2.64781,5.598,-2.06436
366,-5.15741,5.22622,-2.32868
366,-3.81287,5.4312,-2.21382
366,-3.92735,5.4105,-2.30095
366,-2.61146,5.64156,-2.0917
366,-2.78912,5.73992,-1.97645
366,-2.78312,5.76055,-1.98633
366,-2.35003,5.84103,-2.20627
366,-2.37618,5.8455,-2.24705
366,-4.77969,5.56526,-2.28436
366,-2.35481,5.87456,-2.27461
366,-2.81256,5.94366,-1.99082
366,-3.38903,5.79899,-2.29676
366,-4.63423,5.76259,-1.95122
366,-2.58914,5.94889,-2.16426
366,-3.42793,5.81305,-2.31114
366,-3.43894,5.82138,-2.29265
366,-3.33343,5.83681,-2.29881
366,-5.6272,5.59142,-2.21659
366,-2.55962,6.00731,-2.16179
366,-7.46501,5.43044,-2.11482
366,-3.05917,5.96031,-2.23103
366,-2.56395,6.05377,-2.16107
366,-2.83842,6.04367,-2.18836
366,-2.51922,6.15266,-2.06186
366,-4.6538,5.91767,-2.05994
366,-2.22276,6.23817,-2.09597
366,-2.78783,6.13421,-2.2409
366,-1.8757,6.29808,-2.32563
366,-7.58771,6.6141,0.733228
366,-3.12162,6.22733,-2.14738
366,-3.12675,6.24342,-2.1582
366,-2.17816,6.37822,-2.14408
366,-2.27192,6.42201,-2.1576
366,-2.99257,6.32734,-2.17893
366,-2.27655,6.42597,-2.15938
366,-3.31264,6.30809,-2.18865
366,-2.60625,6.41778,-2.13974
366,-3.13056,6.38014,-2.08861
366,-3.30375,6.35396,-2.22057
366,-3.46132,6.33405,-2.25516
366,-3.29063,6.39867,-2.22244
366,-3.28955,6.40932,-2.26862
366,-3.01931,6.53779,-2.14926
366,-2.299,6.63465,-2.19042
366,-2.91153,6.59882,-2.21459
366,-3.40085,6.55153,-2.26412
366,-3.34611,6.61027,-2.20016
366,-3.55264,6.57823,-2.22927
366,-6.59997,6.19324,-2.28206
366,-3.5162,6.57159,-2.28537
366,-3.25596,6.63493,-2.19373
366,-3.28672,6.66846,-2.21104
366,-3.40642,6.70425,-2.23116
366,-4.2268,6.57618,-2.49912
366,-3.6779,6.73117,-2.23609
366,-6.69575,6.36802,-2.31898
366,-7.90827,7.24868,0.763881
366,-5.62428,6.51711,-2.3678
366,-7.20432,6.33425,-2.66816
366,-3.96206,6.71705,-2.76726
366,-7.42919,6.98754,-0.775416
366,-6.51261,7.42528,0.078071
366,-5.18283,6.91546,-2.24536
366,-6.23461,6.85407,-2.15048
366,-5.25941,7.08862,-2.32979
366,-7.44414,7.23391,-1.1792
366,-7.01523,7.93144,0.703178
366,-3.72717,7.35326,-2.52196
366,-6.35065,7.12468,-2.27674
366,-5.61295,7.21383,-2.37649
366,-3.71429,7.47151,-2.58535
366,-5.66079,7.32474,-2.44697
366,-4.23246,7.46201,-3.08053
366,-6.70346,8.0798,-0.285499
366,-3.37564,7.90197,-2.71366
366,-7.2638,8.14775,-1.15489
366,-0.00620031,8.37895,-3.47122
366,-6.92002,8.67834,-0.331512
366,-2.72515,14.8486,-3.34396
365,-2.72515,14.8486,-3.34396
366,-4.71056,10.6087,-3.77999
365,-4.71056,10.6087,-3.77999
366,-1.35563,12.7169,0.375055
365,-1.35563,12.7169,0.375055
366,-2.75844,10.0248,-2.66704
365,-2.75844,10.0248,-2.66704
366,-6.15368,16.6101,-1.75443
365,-6.15368,16.6101,-1.75443
366,-3.76269,6.60165,-2.27746
365,-3.76269,6.60165,-2.27746
366,-4.227,11.2109,-2.86875
365,-4.227,11.2109,-2.86875
366,-3.39329,8.48495,-2.85468
365,-3.39329,8.48495,-2.85468
366,-3.54224,6.41559,-2.24996
365,-3.54224,6.41559,-2.24996
366,-6.6684,11.2658,-1.38061
365,-6.6684,11.2658,-1.38061
366,-6.82383,10.9313,-3.3982
365,-6.82383,10.9313,-3.3982
366,-2.56976,10.9932,-0.900578
365,-2.56976,10.9932,-0.900578
366,-3.33268,8.82123,-3.02103
365,-3.33268,8.82123,-3.02103
366,-3.5017,10.5959,-3.17822
365,-3.5017,10.5959,-3.17822
366,-6.98814,8.68203,-0.227609
365,-6.98814,8.68203,-0.227609
366,-4.77214,10.1455,-3.97242
365,-4.77214,10.1455,-3.97242
366,-4.29822,10.5845,-3.10703
365,-4.29822,10.5845,-3.10703
366,-1.44795,10.7912,-0.852984
365,-1.44795,10.7912,-0.852984
366,-7.02606,8.76824,0.126913
365,-7.02606,8.76824,0.126913
366,-5.94625,9.76071,-1.00972
365,-5.94625,9.76071,-1.00972
366,-6.7512,11.6316,-1.46657
365,-6.7512,11.6316,-1.46657
366,-3.9136,11.9436,-2.94341
365,-3.9136,11.9436,-2.94341
366,-2.94808,8.38255,-2.92801
365,-2.94808,8.38255,-2.92801
366,-1.31783,12.8401,0.372845
365,-1.31783,12.8401,0.372845
366,-6.68121,11.3188,-1.40297
365,-6.68121,11.3188,-1.40297
366,-4.04003,9.97138,-3.9182
365,-4.04003,9.97138,-3.9182
366,-2.26558,10.8446,-0.824242
365,-2.26558,10.8446,-0.824242
366,-3.27051,17.8882,2.03433
365,-3.27051,17.8882,2.03433
366,-6.546,15.324,-6.6558
365,-6.546,15.324,-6.6558
366,-0.147875,17.7048,2.05444
365,-0.147875,17.7048,2.05444
366,2.51507,21.7026,2.94598
365,2.51507,21.7026,2.94598
366,-3.38771,8.53397,-2.87075
365,-3.38771,8.53397,-2.87075
366,-2.11034,10.8918,-2.80422
365,-2.11034,10.8918,-2.80422
366,-7.09109,8.76081,-2.38335
365,-7.09109,8.76081,-2.38335
366,-0.00778637,17.7458,2.20637
365,-0.00778637,17.7458,2.20637
366,-6.43256,14.545,-6.24011
365,-6.43256,14.545,-6.24011
366,-5.7333,13.3753,-4.41792
365,-5.7333,13.3753,-4.41792
366,-5.47123,10.7181,-3.30183
365,-5.47123,10.7181,-3.30183
366,-1.44107,11.5464,-2.94408
365,-1.44107,11.5464,-2.94408
366,-7.20755,15.2659,-1.96167
365,-7.20755,15.2659,-1.96167
366,-7.28619,8.48796,0.717397
365,-7.28619,8.48796,0.717397
366,-2.24031,10.4395,-2.61895
365,-2.24031,10.4395,-2.61895
366,-7.14113,8.83744,-1.00381
365,-7.14113,8.83744,-1.00381
366,-0.0452004,9.8624,-3.26313
365,-0.0452004,9.8624,-3.26313
366,-2.12022,11.1875,-2.89607
365,-2.12022,11.1875,-2.89607
366,-2.41185,11.4842,-2.39231
365,-2.41185,11.4842,-2.39231
366,-3.643,7.76972,-2.27522
365,-3.643,7.76972,-2.27522
366,-0.353299,9.80189,-3.30813
365,-0.353299,9.80189,-3.30813
366,-0.0662969,8.7698,-3.96062
365,-0.0662969,8.7698,-3.96062
366,0.133118,9.84809,-2.98036
365,0.133118,9.84809,-2.98036
366,-2.93563,6.15445,-2.15273
365,-2.93563,6.15445,-2.15273
366,-7.78431,15.1076,1.23858
365,-7.78431,15.1076,1.23858
366,-1.41247,10.9488,-3.49572
365,-1.41247,10.9488,-3.49572
366,1.21156,12.0938,-3.16018
365,1.21156,12.0938,-3.16018
366,-2.44583,10.0424,-2.4701
365,-2.44583,10.0424,-2.4701
366,-2.06216,11.0007,-0.924643
364,-2.06216,11.0007,-0.924643
366,-1.59907,10.8191,-0.919482
364,-1.59907,10.8191,-0.919482
366,-2.55904,11.134,-1.55344
364,-2.55904,11.134,-1.55344
366,-4.14708,16.2069,1.34258
364,-4.14708,16.2069,1.34258
366,-5.66199,5.69611,-2.2832
364,-5.66199,5.69611,-2.2832
366,-2.49219,9.68814,-2.74717
364,-2.49219,9.68814,-2.74717
366,-5.83241,11.4761,-4.5137
364,-5.83241,11.4761,-4.5137
366,0.192791,9.60548,-3.06222
364,0.192791,9.60548,-3.06222
366,-1.62433,11.0564,-2.77231
364,-1.62433,11.0564,-2.77231
366,0.195366,9.89019,-2.40169
364,0.195366,9.89019,-2.40169
366,-2.53221,9.72093,-2.77393
364,-2.53221,9.72093,-2.77393
366,-0.853989,9.58747,-3.00211
364,-0.853989,9.58747,-3.00211
366,-0.0648169,9.89492,-2.57093
364,-0.0648169,9.89492,-2.57093
366,-4.38627,10.6793,-3.18725
363,-4.38627,10.6793,-3.18725
366,-1.04425,10.0955,-3.3731
363,-1.04425,10.0955,-3.3731
366,-4.53369,10.2596,-2.96328
363,-4.53369,10.2596,-2.96328
366,-0.978079,10.1043,-3.02256
362,-0.978079,10.1043,-3.02256
366,-0.892727,9.90022,-3.1193
362,-0.892727,9.90022,-3.1193
366,-7.77328,7.30064,0.805097
362,-7.77328,7.30064,0.805097
366,-7.44118,5.80997,-1.09414
76,-7.44118,5.80997,-1.09414
366,-3.17374,9.97784,-2.94333
78,-3.17374,9.97784,-2.94333
366,-4.52354,11.0586,-2.97861
79,-4.52354,11.0586,-2.97861
366,-2.5272,9.7307,-2.57535
73,-2.5272,9.7307,-2.57535
366,-5.37475,10.9737,-3.35032
73,-5.37475,10.9737,-3.35032
366,-7.53235,5.33985,-2.22465
73,-7.53235,5.33985,-2.22465
367,-4.50779,5.11364,-1.81216
367,-2.65501,5.22684,-2.18345
367,-4.2355,5.03049,-2.20647
367,-2.80428,5.23512,-2.12671
367,-3.39661,5.2819,-2.12485
367,-4.82056,5.06127,-2.30827
367,-4.67778,5.21995,-1.99906
367,-3.73214,5.28416,-2.16818
367,-3.69977,5.33308,-2.05275
367,-4.61246,5.17711,-2.26918
367,-2.29336,5.44229,-2.35151
367,-5.13404,5.13054,-2.27397
367,-4.81111,5.18304,-2.26728
367,-4.83355,5.17958,-2.27869
367,-2.39744,5.4937,-2.26294
367,-4.7072,5.34737,-2.09475
367,-2.58421,5.68654,-2.1419
367,-3.78038,5.5515,-2.22249
367,-3.77875,5.56492,-2.23277
367,-2.25215,5.75531,-2.2209
367,-2.56984,5.75925,-2.14795
367,-3.787,5.58347,-2.23836
367,-2.2583,5.77405,-2.25115
367,-2.25414,5.7777,-2.2597
367,-3.79673,5.51646,-2.52968
367,-4.75366,5.50724,-2.23452
367,-2.3854,5.81824,-2.22065
367,-2.60355,5.84409,-2.11218
367,-3.79848,5.54677,-2.56306
367,-2.58534,5.87084,-2.13772
367,-2.37563,5.87169,-2.25283
367,-2.36344,5.86709,-2.27356
367,-2.36503,5.90187,-2.19195
367,-2.35421,5.88243,-2.30104
367,-2.30475,5.96742,-2.0685
367,-2.30238,5.92566,-2.27524
367,-2.28155,6.02652,-2.11693
367,-3.24434,5.86888,-2.24908
367,-3.46338,5.82804,-2.30594
367,-2.27872,6.03861,-2.1229
367,-3.26975,5.8745,-2.25588
367,-2.57434,5.99764,-2.15734
367,-2.83577,5.9716,-2.14195
367,-2.25521,6.05892,-2.12402
367,-5.64713,5.67947,-2.2663
367,-3.03905,6.1478,-2.09857
367,-2.49252,6.22429,-2.10009
367,-2.93224,6.2322,-2.11007
367,-2.9324,6.24012,-2.11511
367,-6.69582,5.724,-2.31608
367,-3.11958,6.22727,-2.15092
367,-7.38309,6.5159,0.00731009
367,-2.55858,6.37607,-2.13293
367,-3.16976,6.26086,-2.27417
367,-2.4949,6.46032,-2.1116
367,-4.68322,6.17281,-2.22986
367,-3.29028,6.37258,-2.23255
367,-1.96852,6.50998,-2.34701
367,-1.953,6.53203,-2.36267
367,-3.11015,6.48194,-2.15466
367,-2.09446,6.57459,-2.26353
367,-1.94776,6.60718,-2.28001
367,-3.39491,6.46222,-2.22865
367,-3.38505,6.48252,-2.2403
367,-1.95241,6.64617,-2.29358
367,-3.57493,6.49893,-2.26159
367,-3.5158,6.51058,-2.30647
367,-6.65328,6.15809,-2.288
367,-7.44854,6.28256,-1.79177
367,-3.72696,6.61418,-2.2159
367,-1.86943,6.79586,-2.38435
367,-6.56972,6.30478,-2.19497
367,-6.8676,6.23201,-2.30835
367,-6.70086,6.31444,-2.21151
367,-3.13018,6.82795,-2.24744
367,-5.08769,6.922,-2.24154
367,-6.93374,6.65533,-2.40841
367,-7.34971,7.08508,-1.12224
367,-3.7388,7.15668,-2.41175
367,-7.39037,7.15099,-1.14146
367,-5.20942,7.087,-2.35505
367,-5.34792,7.29977,-2.43076
367,-6.42502,7.22815,-2.33244
367,-7.21166,8.07409,0.302987
367,-7.38611,7.71255,-1.14944
367,-6.5757,8.14607,-0.399384
367,-6.69275,8.20592,-0.321313
367,-6.93522,8.84485,0.685595
367,-3.37969,8.10646,-2.77556
367,-3.48486,8.2027,-2.67832
367,-7.07105,9.07196,0.663369
367,-6.88384,10.2107,-2.64898
366,-6.88384,10.2107,-2.64898
367,-1.88168,9.6395,-3.61441
366,-1.88168,9.6395,-3.61441
367,-1.34032,10.8948,-0.880728
366,-1.34032,10.8948,-0.880728
367,-5.52812,10.0517,-3.90224
366,-5.52812,10.0517,-3.90224
367,-5.54744,9.7263,-3.68995
366,-5.54744,9.7263,-3.68995
367,-4.03139,10.3848,-4.18107
366,-4.03139,10.3848,-4.18107
367,-2.05799,11.0178,-0.935408
366,-2.05799,11.0178,-0.935408
367,-2.12481,9.65054,-3.07992
366,-2.12481,9.65054,-3.07992
367,-2.85365,12.3075,-2.58511
366,-2.85365,12.3075,-2.58511
367,-3.08376,5.77697,-2.12972
366,-3.08376,5.77697,-2.12972
367,-4.32353,11.2253,-3.17008
366,-4.32353,11.2253,-3.17008
367,-2.62189,11.0458,-1.2267
366,-2.62189,11.0458,-1.2267
367,-3.17436,12.9771,-0.430619
366,-3.17436,12.9771,-0.430619
367,-5.561,10.247,-4.00139
366,-5.561,10.247,-4.00139
367,-6.88668,10.2181,-2.65381
366,-6.88668,10.2181,-2.65381
367,-0.923248,13.2364,-2.3476
366,-0.923248,13.2364,-2.3476
367,-6.49159,13.7962,-2.16777
366,-6.49159,13.7962,-2.16777
367,-5.06803,13.1105,0.738845
366,-5.06803,13.1105,0.738845
367,-2.02074,12.8325,0.920739
366,-2.02074,12.8325,0.920739
367,-6.29125,11.2838,-0.879209
366,-6.29125,11.2838,-0.879209
367,-2.55881,9.58468,-2.78507
366,-2.55881,9.58468,-2.78507
367,-3.17249,12.9998,-0.434422
366,-3.17249,12.9998,-0.434422
367,-6.26906,11.188,-0.866389
366,-6.26906,11.188,-0.866389
367,-2.16117,10.5879,-0.861842
366,-2.16117,10.5879,-0.861842
367,0.00869189,8.95784,-4.05035
366,0.00869189,8.95784,-4.05035
367,0.0582774,9.33657,-3.36071
366,0.0582774,9.33657,-3.36071
367,-5.60011,10.0041,-3.83031
366,-5.60011,10.0041,-3.83031
367,-1.22534,12.3323,1.06806
366,-1.22534,12.3323,1.06806
367,-3.08567,9.99317,-2.87427
366,-3.08567,9.99317,-2.87427
367,-3.14271,9.86224,-2.87063
366,-3.14271,9.86224,-2.87063
367,0.403188,10.2775,-0.838441
366,0.403188,10.2775,-0.838441
367,-2.0599,9.90797,-3.19079
366,-2.0599,9.90797,-3.19079
367,-1.26855,9.53393,-3.1054
366,-1.26855,9.53393,-3.1054
367,-11.7265,14.9206,1.33132
366,-11.7265,14.9206,1.33132
367,-5.472,10.6982,-3.30711
366,-5.472,10.6982,-3.30711
367,-5.16288,8.48412,-3.00799
366,-5.16288,8.48412,-3.00799
367,-1.27689,9.81507,-3.11782
366,-1.27689,9.81507,-3.11782
367,-0.836062,9.64289,-3.02485
366,-0.836062,9.64289,-3.02485
367,-3.07772,18.6454,2.31073
366,-3.07772,18.6454,2.31073
367,-0.989961,9.29848,-2.87955
366,-0.989961,9.29848,-2.87955
367,-1.93161,6.66688,-2.33517
366,-1.93161,6.66688,-2.33517
367,-0.148645,9.6684,-3.18257
366,-0.148645,9.6684,-3.18257
367,0.182636,9.58931,-3.465
366,0.182636,9.58931,-3.465
367,-5.50954,10.9535,-3.37872
366,-5.50954,10.9535,-3.37872
367,-5.18751,9.98036,-3.14442
366,-5.18751,9.98036,-3.14442
367,-5.39853,10.6005,-0.947486
366,-5.39853,10.6005,-0.947486
367,-5.3503,9.6921,-3.63195
366,-5.3503,9.6921,-3.63195
367,-5.75796,9.70631,-3.66842
366,-5.75796,9.70631,-3.66842
367,-5.40808,10.3083,-3.08314
366,-5.40808,10.3083,-3.08314
367,0.459764,10.8987,-3.57451
366,0.459764,10.8987,-3.57451
367,-0.594451,9.39262,-2.38323
366,-0.594451,9.39262,-2.38323
367,-3.47292,10.9319,-3.25493
366,-3.47292,10.9319,-3.25493
367,-5.49259,11.256,-1.04182
366,-5.49259,11.256,-1.04182
367,-2.42371,10.1006,-3.00447
365,-2.42371,10.1006,-3.00447
367,-2.55788,9.60832,-2.79669
365,-2.55788,9.60832,-2.79669
367,-4.22886,11.2277,-2.87439
365,-4.22886,11.2277,-2.87439
367,-1.43566,10.8328,-0.922324
365,-1.43566,10.8328,-0.922324
367,-2.20345,11.0136,-0.924684
365,-2.20345,11.0136,-0.924684
367,-3.6739,10.5525,-3.14045
365,-3.6739,10.5525,-3.14045
367,-2.73258,11.2107,-1.44997
365,-2.73258,11.2107,-1.44997
367,-3.09472,8.7372,-3.03221
365,-3.09472,8.7372,-3.03221
367,-2.95256,9.72257,-2.69195
365,-2.95256,9.72257,-2.69195
367,-2.53913,6.46639,-2.18682
365,-2.53913,6.46639,-2.18682
367,-5.7743,13.5955,0.745515
365,-5.7743,13.5955,0.745515
367,-6.97315,8.74172,-0.311833
365,-6.97315,8.74172,-0.311833
367,-3.27044,5.76929,-2.18759
365,-3.27044,5.76929,-2.18759
367,-0.0705327,9.7737,-3.05636
365,-0.0705327,9.7737,-3.05636
367,-0.494464,9.91513,-3.01899
365,-0.494464,9.91513,-3.01899
367,-3.1189,10.3339,-3.07558
365,-3.1189,10.3339,-3.07558
367,-6.98664,8.70646,-0.273465
365,-6.98664,8.70646,-0.273465
367,-1.23952,12.1933,1.06472
365,-1.23952,12.1933,1.06472
367,-2.0965,9.84659,-3.10663
365,-2.0965,9.84659,-3.10663
367,-0.347789,9.29719,-2.84105
365,-0.347789,9.29719,-2.84105
367,-4.31672,10.7632,-3.18489
364,-4.31672,10.7632,-3.18489
367,-2.26696,10.8266,-0.883654
363,-2.26696,10.8266,-0.883654
367,-1.57349,10.8147,-0.910511
363,-1.57349,10.8147,-0.910511
367,-1.78386,28.3092,0.343682
362,-1.78386,28.3092,0.343682
367,-6.90498,10.5429,-2.09957
78,-6.90498,10.5429,-2.09957
367,-3.40613,9.52693,-2.76698
78,-3.40613,9.52693,-2.76698
367,-6.86428,10.463,-2.07573
78,-6.86428,10.463,-2.07573
367,-6.76388,9.14173,-0.3666
78,-6.76388,9.14173,-0.3666
367,-6.62819,8.80225,-0.486606
78,-6.62819,8.80225,-0.486606
367,-3.76394,6.54889,-2.24434
78,-3.76394,6.54889,-2.24434
367,-7.01638,8.3425,0.193666
78,-7.01638,8.3425,0.193666
367,-7.05522,8.65123,-2.32277
78,-7.05522,8.65123,-2.32277
367,-6.54353,8.72975,0.756206
78,-6.54353,8.72975,0.756206
367,-2.49729,9.53157,-2.6922
76,-2.49729,9.53157,-2.6922
367,-7.07657,8.64422,-0.993828
76,-7.07657,8.64422,-0.993828
367,-2.73866,9.50698,-2.75084
75,-2.73866,9.50698,-2.75084
367,-7.37647,6.30805,-1.09056
73,-7.37647,6.30805,-1.09056
367,-0.511396,9.49791,-3.17142
64,-0.511396,9.49791,-3.17142
367,0.188002,9.70401,-3.07113
64,0.188002,9.70401,-3.07113
368,-2.82642,5.23344,-2.19389
368,-5.06986,5.14096,-2.20876
368,-3.74345,5.40216,-2.15041
368,-2.11161,5.55658,-2.26107
368,-2.1036,5.57195,-2.27692
368,-5.8599,5.19611,-2.19094
368,-2.29818,5.63724,-2.13238
368,-2.29197,5.63302,-2.1813
368,-5.20655,5.26135,-2.36576
368,-2.26556,5.64501,-2.27941
368,-3.94528,5.45905,-2.34222
368,-3.93091,5.48392,-2.35212
368,-2.70414,5.69704,-2.14445
368,-2.17246,5.78586,-2.22558
368,-3.76927,5.61442,-2.23568
368,-2.22733,5.8535,-2.07103
368,-5.52416,5.50621,-2.12338
368,-2.74343,5.84952,-2.04205
368,-2.3772,5.86471,-2.26498
368,-3.34935,5.80097,-2.26926
368,-2.28052,5.98772,-2.08162
368,-2.55388,5.93764,-2.19227
368,-2.36879,5.92688,-2.31593
368,-2.61779,5.95224,-2.1607
368,-2.73086,5.93081,-2.19223
368,-2.10196,5.96092,-2.35888
368,-2.6055,5.97763,-2.16682
368,-3.46121,5.88751,-2.29096
368,-3.47543,5.92601,-2.35772
368,-2.84669,6.11943,-2.12079
368,-2.33164,6.24701,-2.05102
368,-2.56437,6.28923,-2.01844
368,-3.17336,6.13867,-2.27908
368,-2.93385,6.23582,-2.11271
368,-3.01539,6.22673,-2.15946
368,-3.11988,6.23367,-2.15858
368,-3.17494,6.20311,-2.26838
368,-2.04827,6.29894,-2.37761
368,-3.16641,6.25881,-2.14061
368,-3.2952,6.25613,-2.18036
368,-3.29988,6.26187,-2.18452
368,-3.17855,6.26186,-2.23382
368,-2.72676,6.3483,-2.17073
368,-1.85605,6.41706,-2.36592
368,-3.14152,6.37307,-2.0981
368,-2.22184,6.47804,-2.19703
368,-2.15385,6.57708,-2.18129
368,-3.27246,6.4778,-2.21135
368,-3.48081,6.41809,-2.34376
368,-2.9159,6.54185,-2.18751
368,-3.30418,6.47257,-2.35279
368,-3.62943,6.44455,-2.33072
368,-2.26023,6.66497,-2.17959
368,-5.54392,6.2953,-2.22993
368,-3.03483,6.60341,-2.1795
368,-3.10971,6.50713,-2.44365
368,-3.27606,6.61023,-2.18877
368,-1.82671,6.72095,-2.46927
368,-3.57632,6.62405,-2.2661
368,-6.53198,6.34682,-2.25713
368,-1.96908,6.86266,-2.33582
368,-1.88949,6.86077,-2.44353
368,-1.94427,6.96181,-2.40675
368,-1.35946,6.85064,-2.99701
368,-1.32957,6.85249,-3.007
368,-3.69229,6.82914,-2.30715
368,-2.94302,7.3342,-1.51463
368,-7.05666,6.64395,-2.27564
368,-1.08034,7.0282,-3.14547
368,-6.18523,6.84091,-2.12159
368,-1.46761,7.13557,-2.84716
368,-7.23444,7.18692,-1.10375
368,-7.37172,7.34312,-1.14799
368,-6.46688,7.84353,-0.306262
368,-5.30591,7.27083,-2.46532
368,-4.16168,7.4493,-2.54289
368,-7.90673,8.20711,0.778501
368,-4.45628,7.51812,-2.55326
368,-1.80296,8.27144,-1.20789
368,-7.67396,8.27446,0.762465
368,-1.79178,8.30071,-1.22273
368,-3.49379,7.69544,-2.49465
368,-3.49605,7.73359,-2.52597
368,-3.45688,7.73038,-2.6126
368,-7.34581,7.87607,-1.1373
368,-7.23179,8.05855,-1.11114
368,-3.3962,8.07367,-2.76741
368,-6.21515,7.83358,-2.59899
368,-1.09265,8.11691,-3.50209
368,-7.04342,8.93167,0.614087
368,-3.43104,8.15517,-2.92437
368,-3.38659,8.23235,-2.85054
368,-3.06813,8.25627,-2.94204
368,0.644179,9.41405,-0.811076
368,0.160501,8.47457,-3.52554
368,0.0250783,8.49941,-3.54478
368,-3.29404,8.32638,-2.97184
368,-3.23443,8.37679,-3.0256
368,-3.7313,12.0933,-4.18873
367,-3.7313,12.0933,-4.18873
368,-3.23771,5.9879,-2.36637
367,-3.23771,5.9879,-2.36637
368,-6.60543,11.3196,-2.01398
367,-6.60543,11.3196,-2.01398
368,-1.02373,9.87694,-3.15347
367,-1.02373,9.87694,-3.15347
368,-1.03995,12.8811,-2.27944
367,-1.03995,12.8811,-2.27944
368,-0.478883,9.80384,-3.19153
367,-0.478883,9.80384,-3.19153
368,-0.317106,10.2106,-3.16277
367,-0.317106,10.2106,-3.16277
368,-1.7792,10.286,-3.16595
367,-1.7792,10.286,-3.16595
368,-3.28042,8.68563,-3.08218
367,-3.28042,8.68563,-3.08218
368,-5.71397,13.2147,0.700632
367,-5.71397,13.2147,0.700632
368,-6.96884,10.4152,-2.73408
367,-6.96884,10.4152,-2.73408
368,-1.08944,9.46979,-2.93146
367,-1.08944,9.46979,-2.93146
368,-0.894477,8.8932,-2.57979
367,-0.894477,8.8932,-2.57979
368,-3.22095,8.9697,-2.50455
367,-3.22095,8.9697,-2.50455
368,-6.68009,9.19769,-1.00527
367,-6.68009,9.19769,-1.00527
368,-4.1256,6.6512,-2.30452
367,-4.1256,6.6512,-2.30452
368,-5.86215,8.90562,-3.3188
367,-5.86215,8.90562,-3.3188
368,0.128145,16.3675,2.02584
367,0.128145,16.3675,2.02584
368,-5.51542,10.3694,-3.5337
367,-5.51542,10.3694,-3.5337
368,-2.91772,8.64671,-3.0623
367,-2.91772,8.64671,-3.0623
368,-1.3132,8.76103,-2.60899
367,-1.3132,8.76103,-2.60899
368,-1.31108,9.63163,-3.04113
367,-1.31108,9.63163,-3.04113
368,-0.606878,9.29629,-3.05917
367,-0.606878,9.29629,-3.05917
368,-4.31072,10.5498,-3.0921
367,-4.31072,10.5498,-3.0921
368,-3.72937,11.6749,-4.00139
367,-3.72937,11.6749,-4.00139
368,-0.483727,27.4594,3.28634
367,-0.483727,27.4594,3.28634
368,2.54732,14.3337,-1.52837
367,2.54732,14.3337,-1.52837
368,-4.12579,6.65289,-2.30727
367,-4.12579,6.65289,-2.30727
368,-8.35116,19.8866,2.33223
367,-8.35116,19.8866,2.33223
368,-4.25535,10.4413,-3.04242
367,-4.25535,10.4413,-3.04242
368,2.23608,13.7428,-1.42834
367,2.23608,13.7428,-1.42834
368,0.537043,8.86599,-3.77995
367,0.537043,8.86599,-3.77995
368,-0.241836,9.48785,-3.09878
367,-0.241836,9.48785,-3.09878
368,-2.89487,12.3241,-2.66567
367,-2.89487,12.3241,-2.66567
368,-7.10882,9.18045,-2.86655
367,-7.10882,9.18045,-2.86655
368,-3.95322,10.8542,-3.2282
367,-3.95322,10.8542,-3.2282
368,2.03965,15.132,1.81536
367,2.03965,15.132,1.81536
368,-2.00064,9.40058,-2.21505
367,-2.00064,9.40058,-2.21505
368,-0.141433,8.68828,-3.91166
367,-0.141433,8.68828,-3.91166
368,-1.53468,11.264,-2.86834
367,-1.53468,11.264,-2.86834
368,0.636683,10.4679,-0.936636
367,0.636683,10.4679,-0.936636
368,0.000620388,9.57226,-2.33286
367,0.000620388,9.57226,-2.33286
368,-2.85306,10.5293,-2.60204
367,-2.85306,10.5293,-2.60204
368,-2.97603,11.8619,-2.51724
367,-2.97603,11.8619,-2.51724
368,-3.99606,10.6095,-2.56482
367,-3.99606,10.6095,-2.56482
368,-3.7964,6.14263,-2.29152
366,-3.7964,6.14263,-2.29152
368,-3.93948,11.605,-2.8433
366,-3.93948,11.605,-2.8433
368,-2.52722,9.74143,-2.58027
366,-2.52722,9.74143,-2.58027
368,-1.46388,10.7717,-0.899428
366,-1.46388,10.7717,-0.899428
368,-3.95952,11.1904,-2.96601
366,-3.95952,11.1904,-2.96601
368,-1.31663,10.7293,-0.924504
366,-1.31663,10.7293,-0.924504
368,-6.31959,9.77008,-0.819296
366,-6.31959,9.77008,-0.819296
368,-2.22494,19.1106,2.2695
366,-2.22494,19.1106,2.2695
368,-2.58014,9.60828,-3.31943
366,-2.58014,9.60828,-3.31943
368,-1.47532,11.4406,-2.92438
366,-1.47532,11.4406,-2.92438
368,-7.0227,8.55766,0.0127356
366,-7.0227,8.55766,0.0127356
368,-6.73898,11.5072,-1.45297
366,-6.73898,11.5072,-1.45297
368,-3.46235,9.94231,-3.25422
366,-3.46235,9.94231,-3.25422
368,-2.213,10.7606,-2.73277
366,-2.213,10.7606,-2.73277
368,-4.21012,10.0918,-2.92466
366,-4.21012,10.0918,-2.92466
368,-0.169324,9.63487,-3.16345
366,-0.169324,9.63487,-3.16345
368,1.77954,15.5953,1.62595
366,1.77954,15.5953,1.62595
368,-0.0118724,9.54448,-3.13687
366,-0.0118724,9.54448,-3.13687
368,-3.91302,10.7658,-3.21696
366,-3.91302,10.7658,-3.21696
368,-3.43431,5.45048,-2.27582
365,-3.43431,5.45048,-2.27582
368,-2.54053,10.92,-2.38726
365,-2.54053,10.92,-2.38726
368,-4.02712,10.7462,-3.19046
365,-4.02712,10.7462,-3.19046
368,-1.13071,9.81609,-2.87268
365,-1.13071,9.81609,-2.87268
368,-1.58658,10.8538,-0.925571
364,-1.58658,10.8538,-0.925571
368,-4.35199,10.3843,-3.05931
363,-4.35199,10.3843,-3.05931
368,-0.0876259,9.87126,-2.54608
363,-0.0876259,9.87126,-2.54608
368,-6.46367,10.8299,-1.07118
75,-6.46367,10.8299,-1.07118
368,-6.45067,9.69207,-0.938726
75,-6.45067,9.69207,-0.938726
368,-2.10874,11.0231,-0.928921
75,-2.10874,11.0231,-0.928921
368,-5.22938,11.1219,-3.28508
76,-5.22938,11.1219,-3.28508
368,-2.96847,9.70953,-2.69879
76,-2.96847,9.70953,-2.69879
368,-6.78042,11.9113,-2.10964
76,-6.78042,11.9113,-2.10964
368,-1.29351,13.0348,-0.0892325
76,-1.29351,13.0348,-0.0892325
368,-6.73108,24.9105,2.94807
76,-6.73108,24.9105,2.94807
368,-3.89431,10.8089,-3.1843
78,-3.89431,10.8089,-3.1843
368,-6.38348,8.62035,-0.893989
78,-6.38348,8.62035,-0.893989
368,-2.76858,9.49765,-2.6815
78,-2.76858,9.49765,-2.6815
369,-2.62077,2.99606,-0.0598611
369,-2.81275,3.41608,0.261845
369,-2.94444,3.41489,0.254962
369,-2.82739,5.24638,-2.19855
369,-3.68874,5.25001,-2.12637
369,-3.22963,5.38427,-2.30059
369,-2.10153,5.5659,-2.27746
369,-3.72838,5.48778,-2.14654
369,-2.62876,5.60872,-2.13584
369,-2.72793,5.69207,-1.93984
369,-2.62261,5.63206,-2.15795
369,-2.71015,5.66725,-2.12668
369,-3.96127,5.48764,-2.33784
369,-2.74789,5.78768,-2.00626
369,-2.6521,5.78239,-2.10997
369,-2.76742,5.85365,-1.92867
369,-2.26727,5.85405,-2.30808
369,-3.01644,5.89455,-1.98614
369,-2.58062,5.91787,-2.16285
369,-3.36075,5.80224,-2.28096
369,-2.35731,5.91084,-2.29579
369,-2.34029,5.91798,-2.28936
369,-2.2854,5.96737,-2.17874
369,-3.35427,5.87664,-2.24355
369,-2.50258,6.054,-1.98965
369,-2.8768,6.02416,-2.18064
369,-3.4693,5.92259,-2.3341
369,-3.49383,5.93864,-2.38597
369,-2.56494,6.28147,-2.0376
369,-2.14153,6.32628,-2.10639
369,-3.00108,6.25603,-2.14665
369,-2.93948,6.28605,-2.14238
369,-2.56286,6.34669,-2.07911
369,-3.13175,6.30599,-2.07903
369,-0.0922742,6.4391,-2.77196
369,-2.79895,6.6587,-1.25896
369,-3.18253,6.28394,-2.28675
369,-2.65822,6.44218,-2.15575
369,-3.10151,6.35456,-2.29235
369,-2.25822,6.512,-2.20788
369,-2.43871,7.30576,0.207235
369,-3.2833,6.41642,-2.25783
369,-3.09576,6.35139,-2.54571
369,-3.49273,6.42843,-2.33957
369,-3.49107,6.43061,-2.35225
369,-3.04215,6.60697,-2.18394
369,-1.53229,6.57186,-2.7926
369,-3.27488,6.60533,-2.17832
369,-3.14573,6.62864,-2.21992
369,-3.53336,6.55082,-2.34838
369,-3.51576,6.57664,-2.29578
369,-1.5286,6.63122,-2.83347
369,-1.97303,6.74861,-2.36472
369,-3.77257,6.61758,-2.2943
369,-3.58047,6.68095,-2.34399
369,-1.36893,6.73968,-2.92676
369,-5.67921,6.51877,-2.36847
369,-3.72574,6.89524,-2.32995
369,-1.71414,7.07396,-2.87051
369,-3.7538,7.07649,-2.37288
369,-3.76125,7.10362,-2.38334
369,-6.17646,7.55837,-0.267793
369,-2.78322,7.49887,-1.55732
369,-6.95168,7.90723,0.6957
369,-0.752785,7.37955,-3.42866
369,-0.703442,7.54615,-3.54548
369,-0.404016,7.6628,-3.65147
369,-5.55099,7.5272,-2.57779
369,-5.51073,7.60397,-2.6498
369,-6.81928,8.58047,0.596475
369,-3.57022,7.86661,-2.75215
369,-3.39026,7.94533,-2.58939
369,-3.39354,8.07051,-2.6685
369,-1.10622,8.05189,-3.45504
369,-3.43469,8.16634,-2.41954
369,-3.3668,8.09731,-2.78643
369,-0.982313,8.43124,-2.53785
369,-0.255019,9.10855,-0.752589
369,-5.66748,7.8971,-2.83827
369,-5.70474,7.93154,-2.83616
369,0.136263,8.39005,-3.47929
369,-2.90349,8.61801,-1.95586
369,-1.42057,8.27827,-3.52194
369,-3.0156,8.3079,-2.95171
369,0.666671,9.40956,-0.803565
369,-1.18947,8.30676,-3.59152
369,-1.39287,8.37288,-3.58973
369,-6.90771,8.19726,-2.39885
369,-2.57153,9.5288,-3.24699
368,-2.57153,9.5288,-3.24699
369,-2.11064,9.66473,-3.08939
368,-2.11064,9.66473,-3.08939
369,-2.87712,8.62127,-3.05856
368,-2.87712,8.62127,-3.05856
369,-2.93081,9.81209,-2.40024
368,-2.93081,9.81209,-2.40024
369,-4.95629,9.73363,-3.77895
368,-4.95629,9.73363,-3.77895
369,-1.76722,15.2339,-1.39693
368,-1.76722,15.2339,-1.39693
369,-2.13399,12.1807,-1.01179
368,-2.13399,12.1807,-1.01179
369,-3.10819,8.47296,-2.89511
368,-3.10819,8.47296,-2.89511
369,1.24969,12.7762,-1.97473
368,1.24969,12.7762,-1.97473
369,0.0270413,13.2278,0.0984604
368,0.0270413,13.2278,0.0984604
369,-4.91468,9.55015,-3.68401
368,-4.91468,9.55015,-3.68401
369,-0.427139,9.70542,-3.25617
368,-0.427139,9.70542,-3.25617
369,-0.121923,9.61814,-2.93091
368,-0.121923,9.61814,-2.93091
369,-5.44537,11.27,-3.44671
368,-5.44537,11.27,-3.44671
369,0.21791,9.64882,-3.09922
368,0.21791,9.64882,-3.09922
369,-1.40932,20.6892,2.47253
368,-1.40932,20.6892,2.47253
369,0.238301,9.22545,-3.487
368,0.238301,9.22545,-3.487
369,-1.16205,10.1471,-3.26652
368,-1.16205,10.1471,-3.26652
369,0.0438659,10.0305,-3.37484
368,0.0438659,10.0305,-3.37484
369,-0.333886,9.17838,-2.95819
368,-0.333886,9.17838,-2.95819
369,-3.08975,9.50516,-2.74978
368,-3.08975,9.50516,-2.74978
369,-1.72398,6.01374,-2.37849
368,-1.72398,6.01374,-2.37849
369,-5.55239,9.75834,-3.71919
368,-5.55239,9.75834,-3.71919
369,-4.22127,10.1886,-2.93924
368,-4.22127,10.1886,-2.93924
369,-1.58707,10.8693,-2.72901
368,-1.58707,10.8693,-2.72901
369,-4.24923,10.4244,-3.03205
368,-4.24923,10.4244,-3.03205
369,-2.91748,8.63501,-3.03608
368,-2.91748,8.63501,-3.03608
369,-3.09303,9.60194,-2.77018
368,-3.09303,9.60194,-2.77018
369,0.0676624,9.37595,-2.95158
368,0.0676624,9.37595,-2.95158
369,0.124268,10.6993,-5.22148
368,0.124268,10.6993,-5.22148
369,-0.416978,9.34209,-3.79984
368,-0.416978,9.34209,-3.79984
369,-6.63501,10.1065,-3.99563
368,-6.63501,10.1065,-3.99563
369,-1.09548,9.29433,-2.86336
368,-1.09548,9.29433,-2.86336
369,-1.10807,9.80705,-2.8674
368,-1.10807,9.80705,-2.8674
369,-0.363088,9.19594,-2.94731
368,-0.363088,9.19594,-2.94731
369,1.36046,9.17552,-3.98451
368,1.36046,9.17552,-3.98451
369,0.00932039,8.98639,-4.11103
368,0.00932039,8.98639,-4.11103
369,0.0417679,9.9486,-2.41836
368,0.0417679,9.9486,-2.41836
369,-1.0706,14.32,-3.95611
368,-1.0706,14.32,-3.95611
369,-0.467275,12.0461,-3.7939
368,-0.467275,12.0461,-3.7939
369,0.797829,10.4545,-2.73969
368,0.797829,10.4545,-2.73969
369,2.40708,12.733,-2.86839
368,2.40708,12.733,-2.86839
369,-2.73431,11.1156,-2.14253
368,-2.73431,11.1156,-2.14253
369,-0.381596,9.42392,-2.25673
368,-0.381596,9.42392,-2.25673
369,-4.23671,11.3421,-2.91615
367,-4.23671,11.3421,-2.91615
369,-3.14571,5.31617,-2.27567
367,-3.14571,5.31617,-2.27567
369,-3.06822,5.86377,-2.18918
367,-3.06822,5.86377,-2.18918
369,-2.0675,10.9762,-0.92669
367,-2.0675,10.9762,-0.92669
369,-3.08659,10.0003,-2.87114
367,-3.08659,10.0003,-2.87114
369,-3.50585,10.5363,-3.27426
367,-3.50585,10.5363,-3.27426
369,-3.16923,13.0664,-0.436464
367,-3.16923,13.0664,-0.436464
369,2.00956,19.5843,-2.21171
367,2.00956,19.5843,-2.21171
369,-1.92858,9.50606,-3.54731
367,-1.92858,9.50606,-3.54731
369,-4.64825,18.2467,2.16566
367,-4.64825,18.2467,2.16566
369,-2.55047,10.8459,-1.70472
367,-2.55047,10.8459,-1.70472
369,-13.495,18.0559,2.02513
367,-13.495,18.0559,2.02513
369,-10.944,19.2409,2.2205
367,-10.944,19.2409,2.2205
369,-7.3393,9.14146,-1.08481
367,-7.3393,9.14146,-1.08481
369,-5.49706,10.804,-3.36055
367,-5.49706,10.804,-3.36055
369,-0.388958,10.1643,-3.11394
367,-0.388958,10.1643,-3.11394
369,-3.13081,10.6732,-3.23475
367,-3.13081,10.6732,-3.23475
369,-5.5244,10.9443,-3.40682
367,-5.5244,10.9443,-3.40682
369,-0.330339,9.98103,-2.59418
367,-0.330339,9.98103,-2.59418
369,-0.147542,14.1956,-1.43812
366,-0.147542,14.1956,-1.43812
369,-2.53798,10.9105,-2.39703
366,-2.53798,10.9105,-2.39703
369,-1.78761,9.38027,-3.60402
366,-1.78761,9.38027,-3.60402
369,7.2178,28.6336,-11.5595
366,7.2178,28.6336,-11.5595
369,-5.68444,12.7551,-1.2501
366,-5.68444,12.7551,-1.2501
369,-5.50021,10.2055,-3.47304
366,-5.50021,10.2055,-3.47304
369,-4.01093,10.9628,-2.73713
365,-4.01093,10.9628,-2.73713
369,-0.619502,30.3035,0.358126
364,-0.619502,30.3035,0.358126
369,-2.9185,9.74364,-2.99615
76,-2.9185,9.74364,-2.99615
369,-3.97979,11.4568,-3.07552
76,-3.97979,11.4568,-3.07552
369,-6.24278,11.0531,-1.25372
76,-6.24278,11.0531,-1.25372
369,-5.77884,11.7042,0.603399
76,-5.77884,11.7042,0.603399
369,-4.9064,10.6323,-3.09499
76,-4.9064,10.6323,-3.09499
369,-10.4103,15.4216,1.35511
76,-10.4103,15.4216,1.35511
369,-2.55744,9.72777,-2.80331
76,-2.55744,9.72777,-2.80331
369,-1.06473,9.47756,-3.28471
76,-1.06473,9.47756,-3.28471
369,-5.56088,10.5515,-3.62042
75,-5.56088,10.5515,-3.62042
369,-6.92933,10.5679,-2.11694
75,-6.92933,10.5679,-2.11694
369,-5.82859,13.4781,-0.931464
75,-5.82859,13.4781,-0.931464
369,-4.85519,10.2995,-2.94657
75,-4.85519,10.2995,-2.94657
369,-4.96109,10.6078,-3.05871
75,-4.96109,10.6078,-3.05871
369,-6.53624,13.7143,-1.12468
78,-6.53624,13.7143,-1.12468
369,-3.98993,10.9157,-3.19145
78,-3.98993,10.9157,-3.19145
369,-6.56986,11.1665,-1.12324
78,-6.56986,11.1665,-1.12324
369,-3.85036,5.6456,-2.29879
78,-3.85036,5.6456,-2.29879
369,-7.11319,9.11925,-0.975145
78,-7.11319,9.11925,-0.975145
369,-2.76163,9.27465,-2.60307
78,-2.76163,9.27465,-2.60307
369,-6.72015,15.5737,-0.859609
78,-6.72015,15.5737,-0.859609
369,-5.39715,11.8127,0.597477
78,-5.39715,11.8127,0.597477
369,-7.03398,9.61435,0.831532
78,-7.03398,9.61435,0.831532
369,-3.07806,9.717,-2.84291
73,-3.07806,9.717,-2.84291
369,-6.67804,8.90183,-0.795811
73,-6.67804,8.90183,-0.795811
369,-4.11117,6.5852,-2.26605
362,-4.11117,6.5852,-2.26605
369,-0.357775,19.5771,1.66407
362,-0.357775,19.5771,1.66407
370,-2.64061,5.24212,-2.20073
370,-2.19905,5.55916,-2.05287
370,-2.14555,5.65447,-2.2042
370,-2.71251,5.65772,-2.11401
370,-2.20255,5.7486,-2.08346
370,-2.73953,5.69056,-2.15237
370,-2.58117,5.73489,-2.16039
370,-2.76067,5.74358,-2.18686
370,-4.80532,5.60888,-2.31069
370,-2.27872,5.91599,-2.05205
370,-2.82192,5.93567,-2.01118
370,-3.36136,5.83428,-2.27242
370,-3.48606,5.81824,-2.29545
370,-3.35929,5.8822,-2.23497
370,-3.35567,5.89004,-2.24706
370,-2.888,6.00188,-2.16815
370,-1.96179,6.04501,-2.2678
370,-3.50002,5.91334,-2.35741
370,-1.94314,6.07892,-2.32974
370,-2.47218,6.12986,-2.05022
370,-3.78499,5.9775,-2.23556
370,-1.92172,6.1879,-2.3377
370,-3.03833,6.24859,-2.1346
370,-3.79781,6.16329,-2.30328
370,-2.74127,6.34479,-2.17203
370,-2.69124,6.42235,-2.12991
370,-3.01156,6.35432,-2.30796
370,-2.11151,6.49768,-2.17838
370,-3.28286,6.3998,-2.25526
370,-2.63739,6.78236,-1.32122
370,-2.68937,6.49991,-2.17816
370,-4.72143,6.29408,-2.30455
370,-4.75214,6.34975,-2.34537
370,-3.41214,6.54553,-2.26403
370,-2.74285,6.6167,-2.27518
370,-3.05868,6.65412,-2.1995
370,-3.77591,6.60939,-2.2812
370,-1.94302,6.74869,-2.36532
370,-3.40016,6.68551,-2.21953
370,-1.81382,6.66599,-2.83485
370,-3.40127,6.88138,-2.26605
370,-2.15802,6.98408,-2.48904
370,-2.84798,8.06329,0.525467
370,-2.96801,7.08979,-2.48095
370,-6.08394,7.57467,-0.286099
370,-2.88764,7.27598,-2.61636
370,-0.105299,7.32509,-3.44088
370,-6.38019,8.03435,-0.278075
370,0.0435095,7.62305,-3.66845
370,-3.67469,8.04927,-2.07113
370,-5.67978,7.75546,-2.72355
370,1.58363,8.11618,-3.57488
370,1.65813,8.36089,-2.85797
370,-6.83573,8.56282,-0.288754
370,1.31768,8.21027,-3.42296
370,1.67535,8.28629,-3.62962
370,-1.75704,8.20651,-3.04811
370,-2.49102,8.98529,-0.632162
370,0.353076,8.29788,-3.70312
370,0.0179951,8.39131,-3.48243
370,-1.16225,8.32006,-3.58464
370,1.55258,8.55411,-3.64259
370,0.211353,8.48972,-3.55526
370,-6.98199,8.32133,-2.45645
370,-1.25392,8.41071,-3.66983
370,0.423916,8.49519,-3.84075
370,0.228615,8.56641,-3.59058
370,-1.96682,10.0952,-3.19639
369,-1.96682,10.0952,-3.19639
370,-1.47114,10.6013,-3.10195
369,-1.47114,10.6013,-3.10195
370,-4.20616,11.148,-2.84468
369,-4.20616,11.148,-2.84468
370,-0.394755,9.33777,-3.84186
369,-0.394755,9.33777,-3.84186
370,-1.63359,10.0908,-3.22253
369,-1.63359,10.0908,-3.22253
370,-4.4428,10.9679,-3.30413
369,-4.4428,10.9679,-3.30413
370,-2.18645,11.5318,-0.985749
369,-2.18645,11.5318,-0.985749
370,-2.00919,12.0022,-1.06771
369,-2.00919,12.0022,-1.06771
370,-0.734892,9.91795,-3.20027
369,-0.734892,9.91795,-3.20027
370,-3.04516,11.2584,-2.20567
369,-3.04516,11.2584,-2.20567
370,-3.93958,11.6335,-2.84262
369,-3.93958,11.6335,-2.84262
370,0.717392,14.9516,-1.5196
369,0.717392,14.9516,-1.5196
370,-1.78471,9.48067,-3.6642
369,-1.78471,9.48067,-3.6642
370,0.205312,9.95629,-2.4014
369,0.205312,9.95629,-2.4014
370,-3.12473,9.80516,-3.30568
369,-3.12473,9.80516,-3.30568
370,0.0932003,8.49926,-3.96545
369,0.0932003,8.49926,-3.96545
370,-3.03783,10.8505,-2.09416
369,-3.03783,10.8505,-2.09416
370,-6.64212,14.7036,-2.32077
369,-6.64212,14.7036,-2.32077
370,-2.74569,9.35018,-3.34606
369,-2.74569,9.35018,-3.34606
370,-5.04696,10.0508,-3.97047
369,-5.04696,10.0508,-3.97047
370,-2.12021,10.5142,-0.863971
369,-2.12021,10.5142,-0.863971
370,-1.24802,12.8263,-2.24574
369,-1.24802,12.8263,-2.24574
370,-0.228062,10.259,-2.71231
369,-0.228062,10.259,-2.71231
370,0.230787,9.71561,-3.04364
369,0.230787,9.71561,-3.04364
370,-2.53765,9.56358,-2.77378
369,-2.53765,9.56358,-2.77378
370,1.15768,8.77527,-4.09057
369,1.15768,8.77527,-4.09057
370,-4.93206,9.64307,-3.73904
369,-4.93206,9.64307,-3.73904
370,-0.00558892,10.0394,-3.36384
369,-0.00558892,10.0394,-3.36384
370,-6.85108,11.517,-2.33935
369,-6.85108,11.517,-2.33935
370,-4.68854,10.9408,-2.37616
369,-4.68854,10.9408,-2.37616
370,0.951519,9.20426,-3.63629
369,0.951519,9.20426,-3.63629
370,1.52405,17.5646,2.22921
369,1.52405,17.5646,2.22921
370,0.56227,10.2768,-0.920629
369,0.56227,10.2768,-0.920629
370,-4.41497,11.3901,-3.43201
369,-4.41497,11.3901,-3.43201
370,-0.700443,7.70887,-2.24149
369,-0.700443,7.70887,-2.24149
370,-1.4516,11.744,-3.01055
369,-1.4516,11.744,-3.01055
370,-0.300061,8.70027,-3.92746
369,-0.300061,8.70027,-3.92746
370,-6.91669,8.44258,-2.26012
369,-6.91669,8.44258,-2.26012
370,-2.68355,5.51074,-2.07034
369,-2.68355,5.51074,-2.07034
370,-1.10847,7.72506,-3.23423
369,-1.10847,7.72506,-3.23423
370,-5.22836,11.1151,-3.78994
369,-5.22836,11.1151,-3.78994
370,1.40455,10.7515,-0.991369
369,1.40455,10.7515,-0.991369
370,-0.136466,10.5486,-2.81633
369,-0.136466,10.5486,-2.81633
370,-0.514588,9.88206,-3.00924
368,-0.514588,9.88206,-3.00924
370,-5.51407,10.6617,-3.46047
368,-5.51407,10.6617,-3.46047
370,-0.784352,9.93451,-3.17979
368,-0.784352,9.93451,-3.17979
370,-3.4152,10.6464,-2.91258
368,-3.4152,10.6464,-2.91258
370,0.329378,9.07071,-4.33656
368,0.329378,9.07071,-4.33656
370,-0.156416,10.4266,-2.75674
368,-0.156416,10.4266,-2.75674
370,0.911637,10.2681,-2.56743
368,0.911637,10.2681,-2.56743
370,-1.13888,10.3805,-3.39022
368,-1.13888,10.3805,-3.39022
370,1.28048,12.307,0.510209
368,1.28048,12.307,0.510209
370,-1.57712,7.59923,-0.502528
368,-1.57712,7.59923,-0.502528
370,-0.396007,9.81466,-3.31503
368,-0.396007,9.81466,-3.31503
370,-1.505,6.7806,-2.62272
368,-1.505,6.7806,-2.62272
370,-2.79641,9.85414,-2.51308
368,-2.79641,9.85414,-2.51308
370,-0.0608955,9.89135,-3.2818
368,-0.0608955,9.89135,-3.2818
370,-1.15007,9.82398,-3.24432
368,-1.15007,9.82398,-3.24432
370,1.29716,9.0657,-3.90342
368,1.29716,9.0657,-3.90342
370,-3.88785,10.3076,-3.02571
368,-3.88785,10.3076,-3.02571
370,-6.97205,8.78969,-2.93192
368,-6.97205,8.78969,-2.93192
370,0.989173,10.2242,-2.50132
368,0.989173,10.2242,-2.50132
370,-3.6742,10.6775,-3.18267
367,-3.6742,10.6775,-3.18267
370,-0.990918,12.8835,0.0502983
367,-0.990918,12.8835,0.0502983
370,-3.67399,10.7044,-3.19789
367,-3.67399,10.7044,-3.19789
370,-7.94841,16.2374,1.13796
367,-7.94841,16.2374,1.13796
370,-2.02531,19.9518,2.46075
367,-2.02531,19.9518,2.46075
370,-1.48348,10.6668,-0.826783
367,-1.48348,10.6668,-0.826783
370,-6.29158,10.1458,-0.794671
367,-6.29158,10.1458,-0.794671
370,0.252483,9.72505,-3.51092
367,0.252483,9.72505,-3.51092
370,0.147472,9.6142,-3.16096
365,0.147472,9.6142,-3.16096
370,-3.00066,11.9402,-2.44374
76,-3.00066,11.9402,-2.44374
370,-2.97128,10.5729,-2.62898
76,-2.97128,10.5729,-2.62898
370,-6.39988,13.7754,-0.765618
76,-6.39988,13.7754,-0.765618
370,-6.58367,11.1777,-1.40324
76,-6.58367,11.1777,-1.40324
370,-2.75659,11.1447,-1.45011
75,-2.75659,11.1447,-1.45011
370,-2.61475,9.78987,-2.60633
75,-2.61475,9.78987,-2.60633
370,-6.9084,12.1117,-2.20642
75,-6.9084,12.1117,-2.20642
370,-2.90029,15.4821,1.4879
75,-2.90029,15.4821,1.4879
370,-1.02026,9.90229,-3.57964
75,-1.02026,9.90229,-3.57964
370,-2.02616,13.1673,0.274984
75,-2.02616,13.1673,0.274984
370,-2.07117,13.773,0.329064
75,-2.07117,13.773,0.329064
370,-6.33302,12.8184,-0.916015
75,-6.33302,12.8184,-0.916015
370,-0.649285,9.58184,-3.90236
61,-0.649285,9.58184,-3.90236
370,1.96546,10.5476,-2.29098
61,1.96546,10.5476,-2.29098
370,2.15075,10.157,-2.66314
64,2.15075,10.157,-2.66314
370,-2.55994,9.57039,-2.67585
363,-2.55994,9.57039,-2.67585
370,-0.68384,12.404,-1.10419
363,-0.68384,12.404,-1.10419
370,1.5868,20.2158,-2.21519
363,1.5868,20.2158,-2.21519
371,-2.10797,3.2167,0.18731
371,-2.16903,4.69153,0.241876
371,-2.71991,5.46341,-2.12519
371,-3.70467,5.40267,-2.17239
371,-2.67331,5.52553,-2.17033
371,-2.32173,5.68662,-2.01886
371,-2.14814,5.68442,-2.22364
371,-2.73069,5.68015,-2.1385
371,-2.74724,5.68438,-2.15632
371,-2.15048,5.75641,-2.09445
371,-2.70992,5.76034,-1.98151
371,-2.35782,5.68458,-2.32597
371,-2.73083,5.81871,-2.03372
371,-2.2952,5.78741,-2.25868
371,-2.13673,5.87012,-2.24067
371,-2.61682,5.88189,-2.14053
371,-2.64716,5.88635,-2.12038
371,-2.10431,5.94274,-2.14343
371,-3.31051,5.8652,-2.29184
371,-3.27837,5.87161,-2.29395
371,-2.27846,6.02113,-2.12709
371,-2.87962,5.99104,-2.12983
371,-3.29879,5.95143,-2.3393
371,-3.29056,6.00614,-2.36298
371,-2.5161,6.23909,-2.01055
371,-3.18385,6.21272,-2.28043
371,-2.53013,6.34299,-2.08388
371,-2.51519,6.37315,-2.0695
371,-3.25102,6.25472,-2.28137
371,-2.96565,6.32261,-2.15956
371,-0.122355,6.34641,-2.73699
371,-0.125106,6.37804,-2.73547
371,-3.29581,6.31626,-2.26062
371,-2.66055,6.41975,-2.11737
371,-0.0981441,6.43088,-2.76558
371,-3.1629,6.47591,-2.15579
371,-3.30081,6.44193,-2.27215
371,-3.11452,6.52967,-2.16951
371,-3.04483,6.55215,-2.16463
371,-1.25349,7.21575,-0.534283
371,-1.85113,6.49418,-2.71451
371,-2.96324,6.65171,-2.22982
371,-1.96964,6.69098,-2.34707
371,-3.06449,6.6828,-2.21687
371,-3.20215,6.74595,-2.24681
371,-1.97733,6.82381,-2.45138
371,-1.98035,6.88431,-2.48339
371,-1.9315,6.9111,-2.4173
371,-3.59798,7.22259,-1.72919
371,-1.18881,8.51911,0.756519
371,-0.79339,7.29279,-3.3798
371,-5.47521,7.35388,-2.51826
371,-0.762767,7.40749,-3.4614
371,-5.56942,7.48193,-2.58136
371,-5.55343,7.53208,-2.59205
371,-1.8296,7.6267,-3.11983
371,-6.47854,8.22792,-0.296009
371,-0.31129,8.56419,-0.67557
371,1.52014,8.06312,-3.19451
371,-1.81546,7.86724,-3.25598
371,-3.31546,7.97092,-2.7272
371,1.60101,8.31595,-2.81841
371,1.63466,8.33471,-2.86597
371,-1.80268,7.96595,-3.32343
371,1.61639,8.15558,-3.88623
371,1.57259,8.51364,-3.08835
371,2.08692,8.35595,-3.73502
371,-3.66442,8.44436,-2.22829
371,1.8129,8.62103,-3.01816
371,1.79962,8.51805,-3.40981
371,-3.40043,8.31985,-2.89389
371,-3.51524,8.31233,-2.92516
371,-3.49047,8.34794,-2.85211
371,-3.01455,8.36775,-2.98795
371,-3.55421,8.36802,-2.94438
371,0.924553,8.53052,-3.59069
371,1.58081,8.56733,-3.64064
371,0.218279,8.51134,-3.55185
371,-7.02361,8.39037,-2.5157
371,-1.38962,8.34885,-3.91515
371,-1.75787,11.2864,-2.86904
370,-1.75787,11.2864,-2.86904
371,-2.76566,5.92732,-1.88003
370,-2.76566,5.92732,-1.88003
371,-0.971989,8.88394,-3.99298
370,-0.971989,8.88394,-3.99298
371,-0.0409486,8.93989,-4.05018
370,-0.0409486,8.93989,-4.05018
371,-4.83753,10.394,-3.01256
370,-4.83753,10.394,-3.01256
371,-4.69769,10.8157,-3.00264
370,-4.69769,10.8157,-3.00264
371,-2.731,9.60219,-2.31399
370,-2.731,9.60219,-2.31399
371,-0.663253,9.94955,-3.05097
370,-0.663253,9.94955,-3.05097
371,-0.277825,11.7868,-3.54319
370,-0.277825,11.7868,-3.54319
371,-0.702777,10.3652,-3.04469
370,-0.702777,10.3652,-3.04469
371,0.262556,8.47434,-3.72899
370,0.262556,8.47434,-3.72899
371,0.345261,8.53452,-3.59271
370,0.345261,8.53452,-3.59271
371,-2.96983,9.59022,-2.64615
370,-2.96983,9.59022,-2.64615
371,-0.170184,12.4656,0.105162
370,-0.170184,12.4656,0.105162
371,0.188813,9.91801,-2.38926
370,0.188813,9.91801,-2.38926
371,-0.875597,9.69756,-3.50296
370,-0.875597,9.69756,-3.50296
371,-3.48296,12.9265,0.920069
370,-3.48296,12.9265,0.920069
371,-1.42368,8.16057,-3.77249
370,-1.42368,8.16057,-3.77249
371,1.22304,13.0015,-1.89353
370,1.22304,13.0015,-1.89353
371,0.471456,12.2562,-1.39029
370,0.471456,12.2562,-1.39029
371,0.160269,8.42789,-3.81427
370,0.160269,8.42789,-3.81427
371,-0.482929,8.68765,-3.90423
370,-0.482929,8.68765,-3.90423
371,0.50669,9.82491,-3.83345
370,0.50669,9.82491,-3.83345
371,-5.70697,9.82412,-3.86552
370,-5.70697,9.82412,-3.86552
371,1.48619,9.38372,-4.11617
370,1.48619,9.38372,-4.11617
371,1.3093,9.47972,-3.78748
370,1.3093,9.47972,-3.78748
371,0.210096,9.97193,-2.4198
370,0.210096,9.97193,-2.4198
371,-0.655194,8.17164,-3.55455
370,-0.655194,8.17164,-3.55455
371,-2.53515,9.024,-2.5427
370,-2.53515,9.024,-2.5427
371,3.84755,16.6162,2.17481
370,3.84755,16.6162,2.17481
371,-0.616146,9.15337,-2.92442
370,-0.616146,9.15337,-2.92442
371,-5.50534,12.8208,1.08542
370,-5.50534,12.8208,1.08542
371,-0.517312,9.23155,-2.30891
370,-0.517312,9.23155,-2.30891
371,-1.39523,8.35418,-3.90287
370,-1.39523,8.35418,-3.90287
371,-1.03038,8.59679,-0.663212
370,-1.03038,8.59679,-0.663212
371,-6.28615,11.1625,-0.877374
370,-6.28615,11.1625,-0.877374
371,0.111133,10.2871,-2.52055
370,0.111133,10.2871,-2.52055
371,-0.264878,9.28523,-3.00819
370,-0.264878,9.28523,-3.00819
371,0.945892,10.1069,-3.43525
370,0.945892,10.1069,-3.43525
371,-3.41595,10.3371,-2.9598
370,-3.41595,10.3371,-2.9598
371,-1.21015,9.51139,-3.09633
370,-1.21015,9.51139,-3.09633
371,-6.3595,10.2679,-0.838778
370,-6.3595,10.2679,-0.838778
371,-6.25868,10.0997,-0.810206
370,-6.25868,10.0997,-0.810206
371,-1.05016,9.92717,-2.93494
370,-1.05016,9.92717,-2.93494
371,-3.9653,10.7309,-3.20433
370,-3.9653,10.7309,-3.20433
371,-6.41747,13.0085,-0.940977
370,-6.41747,13.0085,-0.940977
371,-7.82726,15.6816,1.24327
370,-7.82726,15.6816,1.24327
371,-4.89202,8.59127,-3.12718
370,-4.89202,8.59127,-3.12718
371,1.94379,10.4946,-2.21444
370,1.94379,10.4946,-2.21444
371,3.90629,16.1719,1.69977
370,3.90629,16.1719,1.69977
371,1.54747,10.1513,-2.75921
370,1.54747,10.1513,-2.75921
371,2.34675,11.2254,-2.43281
370,2.34675,11.2254,-2.43281
371,1.22172,13.0156,-1.88777
370,1.22172,13.0156,-1.88777
371,1.0224,9.17797,-2.3757
370,1.0224,9.17797,-2.3757
371,0.497444,10.3247,-2.87651
370,0.497444,10.3247,-2.87651
371,-2.23029,9.56865,-3.61888
369,-2.23029,9.56865,-3.61888
371,-0.663535,9.59295,-3.96469
369,-0.663535,9.59295,-3.96469
371,-0.165737,9.5803,-2.96569
369,-0.165737,9.5803,-2.96569
371,0.0640101,9.62142,-3.62647
369,0.0640101,9.62142,-3.62647
371,0.647413,9.23935,-3.71295
369,0.647413,9.23935,-3.71295
371,0.216084,8.59445,-3.92421
369,0.216084,8.59445,-3.92421
371,-6.54544,12.8255,-2.08453
369,-6.54544,12.8255,-2.08453
371,-2.10984,10.8716,-0.904222
369,-2.10984,10.8716,-0.904222
371,-4.75418,10.4479,-2.6354
369,-4.75418,10.4479,-2.6354
371,-6.42115,10.0163,-0.84888
369,-6.42115,10.0163,-0.84888
371,0.293996,9.90434,-3.19936
369,0.293996,9.90434,-3.19936
371,-0.26683,9.64893,-4.51665
369,-0.26683,9.64893,-4.51665
371,-2.12292,10.7307,-0.883261
369,-2.12292,10.7307,-0.883261
371,0.529469,8.93995,-3.84479
369,0.529469,8.93995,-3.84479
371,-3.2225,9.40746,-3.03788
369,-3.2225,9.40746,-3.03788
371,-2.2235,10.0738,-1.55628
368,-2.2235,10.0738,-1.55628
371,-2.2339,10.9655,-0.892272
368,-2.2339,10.9655,-0.892272
371,-0.504471,10.8026,-0.951266
368,-0.504471,10.8026,-0.951266
371,0.20673,9.65372,-2.61525
368,0.20673,9.65372,-2.61525
371,-4.36468,11.0218,-3.27988
368,-4.36468,11.0218,-3.27988
371,2.99688,17.4011,2.06986
368,2.99688,17.4011,2.06986
371,-3.21181,10.1661,-2.99939
368,-3.21181,10.1661,-2.99939
371,-2.12514,6.12825,-2.25753
367,-2.12514,6.12825,-2.25753
371,-1.22469,12.9334,-2.28441
367,-1.22469,12.9334,-2.28441
371,-6.868,10.4669,-2.077
367,-6.868,10.4669,-2.077
371,-3.89986,10.5633,-3.17554
366,-3.89986,10.5633,-3.17554
371,-2.35886,11.0944,-1.30197
365,-2.35886,11.0944,-1.30197
371,-4.71182,10.318,-2.60499
64,-4.71182,10.318,-2.60499
371,0.18444,12.8311,-2.265
64,0.18444,12.8311,-2.265
371,-4.7209,10.3427,-2.61095
64,-4.7209,10.3427,-2.61095
371,-3.91004,10.7343,-3.14668
64,-3.91004,10.7343,-3.14668
371,-6.96619,10.3764,-2.71166
64,-6.96619,10.3764,-2.71166
371,-6.14899,13.0645,-0.742384
64,-6.14899,13.0645,-0.742384
371,0.969791,10.2621,-2.5625
64,0.969791,10.2621,-2.5625
371,0.211525,9.65976,-2.61062
66,0.211525,9.65976,-2.61062
371,-7.16986,8.87749,-1.02697
66,-7.16986,8.87749,-1.02697
371,0.789413,9.75647,-3.26475
61,0.789413,9.75647,-3.26475
371,0.219613,9.62724,-3.48426
61,0.219613,9.62724,-3.48426
372,-2.3304,4.82756,-0.609995
372,-2.64088,5.30394,-2.26128
372,-2.38387,5.35,-2.27452
372,-2.74791,5.66727,-2.12692
372,-2.6664,5.79142,-1.90306
372,-2.67697,5.76412,-1.99508
372,-2.55623,5.72604,-2.15444
372,-2.56218,5.77579,-2.20561
372,-2.63047,5.87991,-2.16795
372,-2.32901,5.93854,-2.29172
372,-3.3235,5.89197,-2.29935
372,-2.87372,5.97489,-2.17016
372,-3.16033,5.9788,-2.27576
372,-2.09905,6.05997,-2.22688
372,-3.5561,5.93043,-2.39154
372,-2.93135,6.08286,-2.13672
372,-2.50068,6.16273,-2.06952
372,-2.28664,6.16475,-2.2267
372,-2.08772,6.18748,-2.29485
372,-2.51248,6.22597,-2.11167
372,-2.0676,6.20983,-2.29515
372,-2.25491,6.30841,-2.13702
372,-3.18645,6.28644,-2.29457
372,-3.78678,6.29011,-2.30584
372,-0.0597534,6.37887,-2.81533
372,-0.0970787,6.43295,-2.77057
372,-0.0931884,6.45637,-2.79152
372,-3.56713,6.408,-2.36004
372,-3.15018,6.56404,-2.12137
372,-3.14158,6.57224,-2.12515
372,-2.92314,6.56417,-2.21636
372,-3.6696,6.47895,-2.37298
372,-2.37986,6.66378,-2.21737
372,-2.0368,6.64404,-2.37454
372,-1.84429,6.54563,-2.75391
372,-1.90826,6.6207,-2.53449
372,-1.99605,6.68277,-2.36254
372,-2.39011,6.70843,-2.24595
372,-1.91159,6.61518,-2.67008
372,-1.91359,6.66965,-2.70051
372,-3.2165,6.74126,-2.24562
372,-2.41123,6.78575,-2.30067
372,-1.91121,6.68341,-2.71564
372,-3.61642,6.70386,-2.3393
372,-1.91244,6.69448,-2.69178
372,-1.91162,6.72708,-2.74751
372,-3.73023,6.85483,-2.31245
372,-3.76313,6.89839,-2.33582
372,-1.16242,7.12737,-3.23983
372,-0.906717,7.17073,-3.28638
372,-0.723239,7.25797,-3.36668
372,-0.720336,7.25924,-3.37018
372,-0.757409,7.31869,-3.40681
372,-0.985516,8.31813,-0.642429
372,-0.945956,8.5068,-0.671876
372,-1.77385,7.71443,-3.37065
372,2.13286,8.28859,-2.83724
372,2.16676,8.29159,-2.86407
372,1.63162,8.24194,-2.95468
372,1.63348,8.25552,-2.93253
372,2.16753,8.32893,-2.84754
372,0.252098,8.01291,-3.54596
372,1.90669,8.13835,-3.56068
372,-3.30641,8.0511,-2.87237
372,1.64635,8.21063,-3.34082
372,-3.33227,8.09358,-2.78982
372,1.93901,8.17017,-3.59021
372,2.22683,8.43139,-2.93367
372,-3.34093,8.14558,-2.92837
372,0.550391,9.04639,-0.874101
372,1.65686,8.24397,-3.65849
372,-3.17465,8.19293,-2.98604
372,0.549543,8.69621,-2.1246
372,1.53295,8.4244,-3.5439
372,-0.44814,8.30291,-3.65847
372,-3.31826,8.52389,-2.44023
372,-0.722977,8.62091,-2.65013
372,1.12948,8.20055,-4.38919
372,1.13749,8.2252,-4.39602
372,-1.40661,8.29315,-3.86978
372,-3.29105,8.51486,-2.88819
372,0.980182,8.57897,-3.64949
372,0.0897101,8.46628,-3.95602
372,-1.42891,8.39396,-3.91183
372,-1.8743,11.2135,-2.95477
371,-1.8743,11.2135,-2.95477
372,0.865804,9.38312,-4.35582
371,0.865804,9.38312,-4.35582
372,0.0732133,10.1206,-2.47419
371,0.0732133,10.1206,-2.47419
372,-1.35435,10.3105,-3.18181
371,-1.35435,10.3105,-3.18181
372,-1.58982,10.9202,-0.933618
371,-1.58982,10.9202,-0.933618
372,0.148524,8.39387,-3.7958
371,0.148524,8.39387,-3.7958
372,-2.91784,9.83171,-2.40375
371,-2.91784,9.83171,-2.40375
372,-2.28882,10.2252,-2.6142
371,-2.28882,10.2252,-2.6142
372,-4.92967,11.7654,-3.90474
371,-4.92967,11.7654,-3.90474
372,0.499191,10.4499,-0.959429
371,0.499191,10.4499,-0.959429
372,0.242307,9.73798,-3.14709
371,0.242307,9.73798,-3.14709
372,-1.43259,10.7067,-1.10033
371,-1.43259,10.7067,-1.10033
372,0.437067,12.3785,0.762592
371,0.437067,12.3785,0.762592
372,1.24271,10.777,-1.07405
371,1.24271,10.777,-1.07405
372,-1.21171,8.48609,-3.72836
371,-1.21171,8.48609,-3.72836
372,-0.641798,9.63538,-4.00525
371,-0.641798,9.63538,-4.00525
372,0.138238,9.78301,-3.72069
371,0.138238,9.78301,-3.72069
372,-0.497447,9.60193,-3.14751
371,-0.497447,9.60193,-3.14751
372,-4.84892,11.5286,-3.81371
371,-4.84892,11.5286,-3.81371
372,-2.9177,11.1333,-2.20215
371,-2.9177,11.1333,-2.20215
372,-6.45071,15.3214,0.786204
371,-6.45071,15.3214,0.786204
372,-2.78543,11.3784,-1.48126
371,-2.78543,11.3784,-1.48126
372,0.568551,12.9208,0.776291
371,0.568551,12.9208,0.776291
372,-1.13697,9.90471,-3.31037
371,-1.13697,9.90471,-3.31037
372,-1.33217,10.6512,-4.04889
371,-1.33217,10.6512,-4.04889
372,-3.13259,9.66457,-3.4273
371,-3.13259,9.66457,-3.4273
372,1.32518,9.72107,-2.58413
371,1.32518,9.72107,-2.58413
372,0.0306694,9.12358,-2.85795
371,0.0306694,9.12358,-2.85795
372,-1.14596,8.81171,-3.95003
371,-1.14596,8.81171,-3.95003
372,-0.611688,12.7968,0.127437
371,-0.611688,12.7968,0.127437
372,-1.34473,10.7418,-0.914849
371,-1.34473,10.7418,-0.914849
372,-4.42653,11.2595,-3.37587
371,-4.42653,11.2595,-3.37587
372,5.65375,16.0016,2.05312
371,5.65375,16.0016,2.05312
372,0.659373,10.5909,-0.957888
371,0.659373,10.5909,-0.957888
372,-5.69005,20.6103,2.49564
371,-5.69005,20.6103,2.49564
372,-1.14791,8.79392,-3.91373
371,-1.14791,8.79392,-3.91373
372,-2.69597,5.53188,-2.11268
371,-2.69597,5.53188,-2.11268
372,8.44883,20.9039,2.71103
371,8.44883,20.9039,2.71103
372,3.44269,15.0482,1.7738
371,3.44269,15.0482,1.7738
372,-7.71272,12.1528,-2.73516
371,-7.71272,12.1528,-2.73516
372,1.40992,10.0046,-0.908877
371,1.40992,10.0046,-0.908877
372,-6.2465,14.4942,1.10992
371,-6.2465,14.4942,1.10992
372,-6.35935,10.2864,-0.837778
371,-6.35935,10.2864,-0.837778
372,-6.41263,12.9981,-0.95311
371,-6.41263,12.9981,-0.95311
372,1.09959,9.35612,-0.805385
371,1.09959,9.35612,-0.805385
372,1.1464,9.33861,-2.45001
371,1.1464,9.33861,-2.45001
372,1.38477,9.9101,-1.19362
371,1.38477,9.9101,-1.19362
372,-1.13142,8.53003,-3.76075
371,-1.13142,8.53003,-3.76075
372,-1.43217,8.50021,-3.9487
371,-1.43217,8.50021,-3.9487
372,-0.61282,9.68021,-3.99668
371,-0.61282,9.68021,-3.99668
372,1.37379,9.90157,-2.64233
371,1.37379,9.90157,-2.64233
372,-4.2689,11.4616,-2.96384
370,-4.2689,11.4616,-2.96384
372,-2.75612,11.2539,-1.46581
370,-2.75612,11.2539,-1.46581
372,-1.66083,9.86228,-3.11828
370,-1.66083,9.86228,-3.11828
372,-2.16009,10.8825,-0.86375
370,-2.16009,10.8825,-0.86375
372,-2.61691,9.88453,-2.65436
370,-2.61691,9.88453,-2.65436
372,-3.90961,11.4477,-2.78792
370,-3.90961,11.4477,-2.78792
372,-2.49498,10.8364,-2.26334
370,-2.49498,10.8364,-2.26334
372,-5.20926,13.7972,0.760263
370,-5.20926,13.7972,0.760263
372,-1.84294,12.9808,-0.800244
370,-1.84294,12.9808,-0.800244
372,0.588542,11.9196,-6.08277
370,0.588542,11.9196,-6.08277
372,-2.60334,11.1428,-1.23794
370,-2.60334,11.1428,-1.23794
372,-0.223487,8.93477,-4.07593
370,-0.223487,8.93477,-4.07593
372,-2.02517,12.7162,0.26138
370,-2.02517,12.7162,0.26138
372,-0.125243,12.767,0.507113
370,-0.125243,12.767,0.507113
372,-2.50904,10.9849,-1.88764
370,-2.50904,10.9849,-1.88764
372,-3.37273,10.1135,-3.34714
370,-3.37273,10.1135,-3.34714
372,-1.20919,9.96304,-3.17365
370,-1.20919,9.96304,-3.17365
372,1.16656,9.5346,-3.81346
370,1.16656,9.5346,-3.81346
372,-0.276615,10.0793,-2.65998
370,-0.276615,10.0793,-2.65998
372,-2.78155,9.50888,-2.71688
369,-2.78155,9.50888,-2.71688
372,-2.76164,10.8077,-1.38805
369,-2.76164,10.8077,-1.38805
372,0.00305371,9.75101,-2.52971
369,0.00305371,9.75101,-2.52971
372,-0.124905,12.7515,0.488363
369,-0.124905,12.7515,0.488363
372,-4.32828,10.8029,-3.20968
369,-4.32828,10.8029,-3.20968
372,-6.89604,10.5154,-1.18601
369,-6.89604,10.5154,-1.18601
372,-2.93637,16.9962,2.01545
369,-2.93637,16.9962,2.01545
372,1.8109,11.5906,1.36208
369,1.8109,11.5906,1.36208
372,-6.6662,8.89326,-0.500464
369,-6.6662,8.89326,-0.500464
372,-2.75068,9.60458,-2.7343
369,-2.75068,9.60458,-2.7343
372,-0.428825,9.31534,-3.79753
369,-0.428825,9.31534,-3.79753
372,-0.0600984,10.3075,-2.60449
369,-0.0600984,10.3075,-2.60449
372,-2.24807,11.2351,-0.904095
368,-2.24807,11.2351,-0.904095
372,-2.52931,9.67955,-2.56143
368,-2.52931,9.67955,-2.56143
372,-3.94535,13.3914,-2.27961
368,-3.94535,13.3914,-2.27961
372,-1.25016,9.97361,-3.19984
368,-1.25016,9.97361,-3.19984
372,-0.844182,12.1342,-1.12834
366,-0.844182,12.1342,-1.12834
372,-2.61978,13.8632,-0.290847
64,-2.61978,13.8632,-0.290847
372,-5.88575,13.9963,1.18479
64,-5.88575,13.9963,1.18479
372,1.03697,10.1091,-0.927969
66,1.03697,10.1091,-0.927969
372,-2.55255,9.65944,-2.7773
66,-2.55255,9.65944,-2.7773
372,-7.00931,10.6399,-2.25495
66,-7.00931,10.6399,-2.25495
372,0.0898636,9.62502,-3.64513
61,0.0898636,9.62502,-3.64513
373,-1.53172,2.97786,-0.0848541
373,-2.33147,5.28505,-2.22064
373,-2.15156,5.7299,-2.25642
373,-2.30639,5.76833,-2.19748
373,-2.60214,5.81239,-2.05618
373,-2.70981,5.82658,-2.02752
373,-2.56147,5.78815,-2.18619
373,-3.45915,5.77989,-2.25283
373,-2.09688,5.83642,-2.19288
373,-3.74197,5.86703,-2.21732
373,-2.88073,5.92376,-2.09379
373,-2.59647,5.8756,-2.26109
373,-3.28908,5.88445,-2.24881
373,-2.89967,5.9299,-2.11655
373,-2.87604,6.08681,-2.06011
373,-2.27983,6.15935,-2.20338
373,-3.78774,6.14857,-2.29059
373,-2.19244,6.20304,-2.23465
373,-3.04218,6.25706,-2.1496
373,-2.29945,6.25706,-2.22568
373,-1.94875,6.93691,-0.0851543
373,-2.20424,6.26619,-2.27554
373,-2.53939,6.31586,-2.15495
373,-0.191866,6.41892,-2.81904
373,-0.0727171,6.49778,-2.80965
373,-0.0994364,6.50924,-2.82017
373,-0.187895,6.44465,-3.14829
373,-0.171505,6.46411,-3.15969
373,-1.53004,6.58558,-2.80227
373,-1.52395,6.58502,-2.80634
373,-1.90377,6.59412,-2.77843
373,-1.9037,6.61477,-2.79328
373,-2.46283,6.90535,-2.34875
373,-2.49242,6.9455,-2.37018
373,-0.975349,6.78644,-2.99762
373,-2.50459,6.97443,-2.39847
373,-0.859318,6.84974,-3.03851
373,0.276392,6.80508,-3.52265
373,2.39221,7.18392,-3.33471
373,-0.970074,7.2086,-3.28141
373,-0.472503,7.3162,-3.41739
373,2.58064,7.32129,-3.45329
373,2.66249,7.41353,-3.53791
373,-1.21891,7.5167,-3.49632
373,1.75597,8.21311,-2.93844
373,2.11806,8.26385,-2.8216
373,1.51249,7.99677,-3.95044
373,-1.40323,8.03941,-3.81711
373,2.30121,8.3434,-2.98187
373,1.9439,8.16851,-3.59373
373,-0.432909,8.19555,-3.60997
373,2.33696,8.40726,-2.97863
373,0.998868,8.04057,-4.20623
373,0.985966,8.02372,-4.28425
373,-3.31011,8.42199,-3.00257
373,1.65407,8.21272,-3.9437
373,0.732442,9.19886,-0.810763
373,1.0255,8.16249,-4.21025
373,-1.40616,8.28536,-3.84917
373,1.6562,8.209,-4.16529
373,1.74723,8.09814,-4.54328
373,-1.40991,8.31624,-3.90065
373,1.03682,8.25642,-4.25821
373,3.11253,8.44438,-3.76424
373,1.08305,8.27276,-4.29574
373,1.23249,10.6099,-0.99383
372,1.23249,10.6099,-0.99383
373,-2.24485,11.2484,-0.900169
372,-2.24485,11.2484,-0.900169
373,-0.21834,9.19994,-2.97886
372,-0.21834,9.19994,-2.97886
373,1.12525,8.74455,-4.08864
372,1.12525,8.74455,-4.08864
373,1.47407,8.66392,-3.87482
372,1.47407,8.66392,-3.87482
373,-1.18228,9.68443,-4.30723
372,-1.18228,9.68443,-4.30723
373,-1.23239,9.21667,-3.72073
372,-1.23239,9.21667,-3.72073
373,-3.35088,9.06676,-3.13372
372,-3.35088,9.06676,-3.13372
373,-1.6428,9.4876,-2.82222
372,-1.6428,9.4876,-2.82222
373,-2.97375,9.87223,-2.50097
372,-2.97375,9.87223,-2.50097
373,-2.57982,9.56167,-2.53557
372,-2.57982,9.56167,-2.53557
373,-1.46289,8.3454,-3.41441
372,-1.46289,8.3454,-3.41441
373,0.500071,8.77849,-3.73513
372,0.500071,8.77849,-3.73513
373,1.40569,9.83929,-2.63839
372,1.40569,9.83929,-2.63839
373,0.0928433,9.62927,-3.64872
372,0.0928433,9.62927,-3.64872
373,-2.51129,11.2407,-1.53086
372,-2.51129,11.2407,-1.53086
373,-1.47661,11.5638,-2.97387
372,-1.47661,11.5638,-2.97387
373,-0.724641,9.13752,-3.71332
372,-0.724641,9.13752,-3.71332
373,0.475814,8.71501,-3.69547
372,0.475814,8.71501,-3.69547
373,0.267475,8.56361,-3.60996
372,0.267475,8.56361,-3.60996
373,-1.48541,15.6977,1.51754
372,-1.48541,15.6977,1.51754
373,2.09075,9.41383,-4.19212
372,2.09075,9.41383,-4.19212
373,1.62542,9.00532,-3.97318
372,1.62542,9.00532,-3.97318
373,-3.29952,8.32235,-2.93951
372,-3.29952,8.32235,-2.93951
373,-2.71021,10.7155,-1.35903
372,-2.71021,10.7155,-1.35903
373,0.00629411,8.85876,-2.75749
372,0.00629411,8.85876,-2.75749
373,-1.28428,12.2964,-2.11816
372,-1.28428,12.2964,-2.11816
373,-2.76054,9.68668,-2.76357
372,-2.76054,9.68668,-2.76357
373,-1.53289,9.30817,-4.17683
372,-1.53289,9.30817,-4.17683
373,-0.674739,21.4679,1.958
372,-0.674739,21.4679,1.958
373,-1.23774,10.077,-3.23807
372,-1.23774,10.077,-3.23807
373,-2.54825,9.63675,-2.7697
372,-2.54825,9.63675,-2.7697
373,-3.34679,10.7103,-3.24196
372,-3.34679,10.7103,-3.24196
373,-1.56029,8.62386,-3.74463
372,-1.56029,8.62386,-3.74463
373,-5.55693,14.1997,-3.03445
372,-5.55693,14.1997,-3.03445
373,-6.41285,10.9767,-4.40957
372,-6.41285,10.9767,-4.40957
373,-1.27158,8.96603,-3.97962
372,-1.27158,8.96603,-3.97962
373,-0.16862,8.99756,-2.09556
372,-0.16862,8.99756,-2.09556
373,-1.56223,11.2286,-2.83012
372,-1.56223,11.2286,-2.83012
373,4.8619,13.1282,-1.55281
372,4.8619,13.1282,-1.55281
373,1.28243,9.03286,-3.89565
372,1.28243,9.03286,-3.89565
373,0.632435,9.24515,-2.18781
372,0.632435,9.24515,-2.18781
373,-1.37893,8.53988,-3.81243
371,-1.37893,8.53988,-3.81243
373,-2.03687,10.3518,-3.09996
371,-2.03687,10.3518,-3.09996
373,-2.55926,12.9933,-0.263097
371,-2.55926,12.9933,-0.263097
373,-2.22465,9.34114,-3.49439
371,-2.22465,9.34114,-3.49439
373,0.155178,9.7885,-2.35675
371,0.155178,9.7885,-2.35675
373,-0.88122,9.623,-3.11155
371,-0.88122,9.623,-3.11155
373,1.89276,9.04414,-3.95594
371,1.89276,9.04414,-3.95594
373,-2.56645,13.2201,-0.259795
371,-2.56645,13.2201,-0.259795
373,-1.89434,6.52371,-2.37501
371,-1.89434,6.52371,-2.37501
373,-1.89343,6.54174,-2.38917
371,-1.89343,6.54174,-2.38917
373,-1.51973,10.6684,-2.6678
371,-1.51973,10.6684,-2.6678
373,-0.666116,7.44349,-0.533677
371,-0.666116,7.44349,-0.533677
373,-0.663815,7.45074,-0.532836
371,-0.663815,7.45074,-0.532836
373,-0.0951384,8.65786,-3.94174
370,-0.0951384,8.65786,-3.94174
373,-1.4579,10.2362,-0.791753
370,-1.4579,10.2362,-0.791753
373,-2.4701,6.17957,-2.08188
370,-2.4701,6.17957,-2.08188
373,-3.91185,11.4722,-2.78715
370,-3.91185,11.4722,-2.78715
373,-1.28029,8.81334,-3.88022
370,-1.28029,8.81334,-3.88022
373,-3.92254,11.5411,-2.80738
370,-3.92254,11.5411,-2.80738
373,-4.83558,10.3659,-2.93782
370,-4.83558,10.3659,-2.93782
373,-0.0223805,9.79848,-3.20678
370,-0.0223805,9.79848,-3.20678
373,-0.0859649,12.9308,0.529696
370,-0.0859649,12.9308,0.529696
373,-1.00748,9.95533,-3.60464
370,-1.00748,9.95533,-3.60464
373,1.22632,28.6533,2.69621
370,1.22632,28.6533,2.69621
373,0.0605364,12.4449,-2.1747
369,0.0605364,12.4449,-2.1747
373,-2.74623,10.9774,-1.4044
368,-2.74623,10.9774,-1.4044
373,0.0643571,12.4213,-1.18026
368,0.0643571,12.4213,-1.18026
373,-3.93604,11.5385,-2.79773
368,-3.93604,11.5385,-2.79773
373,-2.26581,5.15151,-0.959366
368,-2.26581,5.15151,-0.959366
373,-1.3442,10.0558,-3.26136
368,-1.3442,10.0558,-3.26136
373,-10.9717,19.2504,2.18241
368,-10.9717,19.2504,2.18241
373,-4.21981,11.3566,-2.89552
368,-4.21981,11.3566,-2.89552
373,0.945731,9.14096,-3.6109
368,0.945731,9.14096,-3.6109
373,-5.51518,10.3164,-3.53621
368,-5.51518,10.3164,-3.53621
373,-0.986268,13.0863,0.0492996
64,-0.986268,13.0863,0.0492996
373,-4.52918,10.4688,-2.26141
64,-4.52918,10.4688,-2.26141
373,-4.66721,10.8607,-2.35403
64,-4.66721,10.8607,-2.35403
373,-2.4957,10.8888,-0.891453
64,-2.4957,10.8888,-0.891453
373,-6.27629,14.9337,1.27963
64,-6.27629,14.9337,1.27963
373,-1.68195,10.6431,-2.62161
366,-1.68195,10.6431,-2.62161
373,-1.03766,10.0623,-3.01271
61,-1.03766,10.0623,-3.01271
373,-2.0678,13.3012,-0.0176736
66,-2.0678,13.3012,-0.0176736
373,-2.23641,12.6447,-2.15741
66,-2.23641,12.6447,-2.15741
373,0.694851,12.3498,0.37419
66,0.694851,12.3498,0.37419
373,-1.19575,9.45268,-3.13655
66,-1.19575,9.45268,-3.13655
374,-0.760467,3.39977,-0.0585087
374,-1.34355,3.49659,-0.0374723
374,-2.29889,5.54198,-2.21825
374,-2.13688,5.64377,-2.21356
374,-2.30229,5.66615,-2.23981
374,-2.16888,5.67575,-2.25252
374,-3.46869,5.7961,-2.24877
374,-3.23558,5.82963,-2.22148
374,-3.26053,5.84373,-2.22405
374,-3.26087,5.86346,-2.23331
374,-2.72208,5.88989,-2.0653
374,-3.35142,5.8943,-2.22995
374,-2.75873,5.93168,-2.10643
374,-2.60008,5.9484,-2.0879
374,-2.61104,5.95697,-2.10038
374,-2.90688,5.97743,-2.1177
374,-3.27159,6.17941,-2.3008
374,-2.25999,6.36208,-2.22006
374,-2.56328,6.45622,-2.16935
374,-2.27281,6.42571,-2.25514
374,-2.91517,6.56289,-2.18825
374,-3.0464,6.57329,-2.18727
374,-1.88282,6.50456,-2.38101
374,-0.0772789,6.31644,-2.80928
374,-1.98623,6.6302,-2.28869
374,-0.127247,6.3635,-2.70736
374,-0.108186,6.37273,-2.73138
374,-2.42193,6.71563,-2.23652
374,-0.0543783,6.37467,-2.87079
374,-0.0550966,6.37787,-2.87552
374,-2.67465,6.74895,-2.36874
374,-0.0811138,6.4777,-2.81107
374,-0.0801935,6.48503,-2.80015
374,-3.01717,6.85304,-2.34275
374,-0.12713,6.50058,-2.82131
374,-1.45614,6.4213,-3.45958
374,-0.189288,6.48036,-3.15325
374,-0.217753,6.51012,-3.52638
374,-0.0605643,6.66411,-3.08286
374,-1.62151,6.81299,-2.96211
374,0.39896,6.54476,-3.53093
374,-1.83214,6.69267,-3.66778
374,-1.84515,6.98785,-3.05719
374,2.48369,6.75131,-2.9182
374,-1.1312,6.72577,-3.77631
374,0.708773,6.75291,-3.56081
374,0.654093,6.79732,-3.53828
374,0.626517,6.80851,-3.52319
374,2.43033,6.69056,-3.55748
374,0.627706,6.8327,-3.54326
374,0.74822,6.81441,-3.61413
374,0.33399,6.89381,-3.60437
374,-1.90305,7.21647,-3.20954
374,2.75395,7.0665,-2.8339
374,2.68608,6.98589,-3.11383
374,2.7955,7.07778,-2.8637
374,2.79463,7.06977,-2.90026
374,2.55438,6.83943,-3.63009
374,2.67143,7.23395,-2.95034
374,2.89429,7.22176,-2.94613
374,2.69102,7.08474,-3.62155
374,2.71865,7.12697,-3.64281
374,2.48608,7.23744,-3.41268
374,2.77805,7.18164,-3.63593
374,2.76203,7.39158,-3.09109
374,-0.779549,8.44876,-0.764878
374,2.81168,7.61169,-2.81007
374,2.88441,7.67932,-2.8423
374,2.7251,7.47454,-3.59781
374,-0.559518,8.95045,0.0380612
374,-1.56406,7.77554,-3.64606
374,-3.43821,8.37308,-2.86745
374,-3.30748,8.35827,-2.9646
374,0.510379,7.57043,-4.56093
374,2.3981,7.49203,-4.4252
374,2.41664,7.49976,-4.44468
374,2.09415,8.00418,-3.22622
374,2.05078,7.99764,-3.73218
374,1.67736,8.25611,-3.08038
374,2.14594,8.31787,-2.83508
374,2.87811,7.75377,-4.39611
374,-1.39827,8.24746,-3.84793
374,-3.23968,8.69931,-2.92881
374,1.67756,8.39381,-2.86807
374,1.60889,7.88114,-4.40597
374,1.90688,8.14203,-3.57888
374,-2.08476,8.35664,-3.87494
374,2.21383,8.41658,-2.87759
374,1.65074,8.20208,-3.64556
374,1.74583,8.38675,-3.14493
374,1.95656,8.22459,-3.62629
374,-2.12112,8.45329,-3.7883
374,1.63657,8.08841,-4.13759
374,2.98888,7.86859,-4.54667
374,-1.04377,9.16455,-3.99345
373,-1.04377,9.16455,-3.99345
374,-1.84046,8.68377,-3.89195
373,-1.84046,8.68377,-3.89195
374,1.58135,9.44691,-4.37288
373,1.58135,9.44691,-4.37288
374,1.27978,8.93416,-3.84268
373,1.27978,8.93416,-3.84268
374,0.518268,8.51827,-3.60836
373,0.518268,8.51827,-3.60836
374,1.78924,8.83057,-3.83668
373,1.78924,8.83057,-3.83668
374,-3.47773,12.8893,-2.6673
373,-3.47773,12.8893,-2.6673
374,-2.62135,13.6452,-0.292247
373,-2.62135,13.6452,-0.292247
374,-2.55906,9.45605,-2.49525
373,-2.55906,9.45605,-2.49525
374,-2.7254,9.47124,-3.41316
373,-2.7254,9.47124,-3.41316
374,1.51324,10.0466,-0.902539
373,1.51324,10.0466,-0.902539
374,1.57784,9.95177,-1.28877
373,1.57784,9.95177,-1.28877
374,1.50176,10.1034,-2.76715
373,1.50176,10.1034,-2.76715
374,-0.0764682,9.54649,-2.26681
373,-0.0764682,9.54649,-2.26681
374,0.0941344,9.62779,-3.65028
373,0.0941344,9.62779,-3.65028
374,-2.48583,11.049,-1.49952
373,-2.48583,11.049,-1.49952
374,0.929806,9.63856,-2.4603
373,0.929806,9.63856,-2.4603
374,-2.73042,9.49649,-3.42763
373,-2.73042,9.49649,-3.42763
374,-0.0280511,9.7702,-2.33867
373,-0.0280511,9.7702,-2.33867
374,0.269352,9.79076,-3.19057
373,0.269352,9.79076,-3.19057
374,10.4724,22.9891,-0.123456
373,10.4724,22.9891,-0.123456
374,-0.931028,9.11345,-3.95563
373,-0.931028,9.11345,-3.95563
374,3.53807,8.99529,-5.18293
373,3.53807,8.99529,-5.18293
374,-3.4033,9.20938,-3.1888
373,-3.4033,9.20938,-3.1888
374,-0.173337,9.08168,-2.88664
373,-0.173337,9.08168,-2.88664
374,8.32148,19.3596,-0.108498
373,8.32148,19.3596,-0.108498
374,0.452394,12.4134,-2.16468
373,0.452394,12.4134,-2.16468
374,-3.22868,12.1068,-2.43607
373,-3.22868,12.1068,-2.43607
374,1.0865,10.214,-0.941896
373,1.0865,10.214,-0.941896
374,-1.50967,10.8532,-2.71906
373,-1.50967,10.8532,-2.71906
374,-2.68605,9.26344,-2.60712
373,-2.68605,9.26344,-2.60712
374,-6.40867,10.9909,-4.39815
373,-6.40867,10.9909,-4.39815
374,-2.68722,10.3872,-3.06452
373,-2.68722,10.3872,-3.06452
374,5.29223,15.9366,-0.167404
373,5.29223,15.9366,-0.167404
374,3.08693,12.0518,0.88434
373,3.08693,12.0518,0.88434
374,-2.63975,11.7395,-1.51114
373,-2.63975,11.7395,-1.51114
374,3.63578,11.5951,-2.32092
373,3.63578,11.5951,-2.32092
374,-3.37409,13.8936,-2.91165
373,-3.37409,13.8936,-2.91165
374,-2.59621,11.3787,-1.45145
373,-2.59621,11.3787,-1.45145
374,1.1185,8.06273,-4.25743
372,1.1185,8.06273,-4.25743
374,-1.53711,8.55736,-3.69303
372,-1.53711,8.55736,-3.69303
374,-0.0657287,12.4231,-2.24195
372,-0.0657287,12.4231,-2.24195
374,1.36671,9.11864,-3.94879
372,1.36671,9.11864,-3.94879
374,-3.88418,11.4079,-2.76908
372,-3.88418,11.4079,-2.76908
374,-1.35023,9.74989,-3.12106
372,-1.35023,9.74989,-3.12106
374,-3.24014,10.161,-3.01209
372,-3.24014,10.161,-3.01209
374,0.037685,9.09618,-2.8502
372,0.037685,9.09618,-2.8502
374,-3.96682,11.3787,-3.02161
371,-3.96682,11.3787,-3.02161
374,-1.08901,9.30301,-2.88038
371,-1.08901,9.30301,-2.88038
374,-0.950846,10.5533,-3.15739
371,-0.950846,10.5533,-3.15739
374,0.572104,9.9711,-2.47339
371,0.572104,9.9711,-2.47339
374,-0.360409,9.44994,-3.91454
370,-0.360409,9.44994,-3.91454
374,0.723872,9.39633,-3.80652
370,0.723872,9.39633,-3.80652
374,-2.57817,9.64886,-2.56315
370,-2.57817,9.64886,-2.56315
374,-4.32926,10.8105,-3.21548
369,-4.32926,10.8105,-3.21548
374,-0.381991,9.54142,-3.93393
369,-0.381991,9.54142,-3.93393
374,-2.45423,11.4006,-1.59737
64,-2.45423,11.4006,-1.59737
374,0.451989,10.3713,-0.861603
64,0.451989,10.3713,-0.861603
374,0.845328,9.90496,-3.32912
64,0.845328,9.90496,-3.32912
374,-1.23067,10.4695,-3.43779
64,-1.23067,10.4695,-3.43779
374,-4.00764,11.1041,-3.2644
64,-4.00764,11.1041,-3.2644
374,1.05929,10.0556,-2.61069
64,1.05929,10.0556,-2.61069
374,-5.93858,13.7496,-2.02728
64,-5.93858,13.7496,-2.02728
374,-1.2276,9.88573,-3.12127
64,-1.2276,9.88573,-3.12127
374,8.63712,19.8826,-0.152134
64,8.63712,19.8826,-0.152134
374,-6.0563,14.003,-2.04503
64,-6.0563,14.003,-2.04503
374,-2.58704,11.587,-0.974634
64,-2.58704,11.587,-0.974634
374,-0.659167,9.54408,-3.90853
64,-0.659167,9.54408,-3.90853
374,-2.64109,5.36242,-2.09451
64,-2.64109,5.36242,-2.09451
374,-0.43978,9.5593,-3.22351
64,-0.43978,9.5593,-3.22351
374,-1.67764,10.1383,-3.08093
61,-1.67764,10.1383,-3.08093
374,-2.8109,5.27074,-2.19011
61,-2.8109,5.27074,-2.19011
374,-1.25589,10.0283,-3.20065
61,-1.25589,10.0283,-3.20065
374,-6.60607,11.9785,-2.17285
61,-6.60607,11.9785,-2.17285
374,-6.63728,13.4554,-0.953874
61,-6.63728,13.4554,-0.953874
374,1.46387,8.64615,-3.73308
66,1.46387,8.64615,-3.73308
374,1.75006,9.42559,-3.63114
66,1.75006,9.42559,-3.63114
374,-2.13368,9.74556,-3.11664
66,-2.13368,9.74556,-3.11664
374,-1.56993,10.5497,-0.935059
66,-1.56993,10.5497,-0.935059
374,-2.98453,10.2645,-2.54428
66,-2.98453,10.2645,-2.54428
374,-1.27155,13.2351,-2.29885
66,-1.27155,13.2351,-2.29885
374,-3.07469,9.16347,-2.60015
66,-3.07469,9.16347,-2.60015
374,-2.75453,10.996,-1.41836
368,-2.75453,10.996,-1.41836
374,0.949524,10.1637,-2.50458
368,0.949524,10.1637,-2.50458
374,-2.55569,9.55053,-2.5286
58,-2.55569,9.55053,-2.5286
375,-0.827743,4.85063,-0.233244
375,-2.69637,5.21502,-2.18924
375,-2.68889,5.67635,-2.18137
375,-2.13304,5.64775,-2.19844
375,-2.64727,5.75127,-2.20188
375,-2.15928,5.69773,-2.22869
375,-2.5896,5.91883,-2.05241
375,-2.73038,5.93944,-2.094
375,-2.54465,6.38901,-2.18868
375,2.17728,5.72595,-2.72727
375,2.19682,5.76411,-2.75368
375,2.19191,5.76564,-2.7613
375,-3.01676,6.51489,-2.13745
375,-2.73219,6.50945,-2.19086
375,-3.03719,6.56038,-2.17036
375,-1.97764,6.59535,-2.26579
375,-0.182512,6.40249,-2.81955
375,-1.79221,6.67871,-2.8371
375,-0.0768496,6.55695,-2.93487
375,-1.96794,6.78704,-2.87271
375,-1.87299,6.78693,-2.90875
375,-0.221336,6.4552,-3.49164
375,-1.83094,6.71625,-3.68577
375,-1.83822,6.71917,-3.68612
375,0.391182,6.5779,-3.56894
375,0.436789,6.56137,-3.63846
375,-1.5841,6.97888,-3.06225
375,-1.14055,6.70865,-3.72719
375,0.592308,6.60062,-3.62192
375,-0.580094,6.66213,-3.79451
375,-1.66184,7.03641,-3.09589
375,3.36576,6.82427,-3.10802
375,0.65515,6.93378,-3.60145
375,2.7275,7.03253,-3.11131
375,2.84896,7.1319,-2.92281
375,2.68889,7.26525,-2.97202
375,2.59015,7.10029,-3.82399
375,3.203,7.27833,-3.20525
375,2.79717,7.53172,-2.83489
375,2.94387,7.54698,-2.86596
375,0.397126,7.31146,-4.38292
375,0.39252,7.33089,-4.40072
375,2.65639,7.45222,-3.51206
375,-3.46552,8.31593,-2.93018
375,-3.45513,8.3683,-2.94084
375,2.53872,7.37348,-4.39022
375,2.56043,7.37245,-4.39776
375,-0.93859,8.97499,-0.802782
375,2.61308,7.44108,-4.47445
375,4.37115,7.73762,-3.40323
375,1.64291,8.21438,-2.9043
375,1.5368,7.87307,-3.99008
375,-1.40492,8.23804,-3.844
375,0.775302,7.84756,-4.35366
375,2.25129,8.24515,-2.92744
375,-0.937318,9.34647,-0.84685
375,1.91127,7.85605,-4.40198
375,0.253001,9.61612,-4.26276
374,0.253001,9.61612,-4.26276
375,-0.273829,7.99037,-3.43294
374,-0.273829,7.99037,-3.43294
375,0.465006,9.9169,-3.87113
374,0.465006,9.9169,-3.87113
375,-1.5132,10.1013,-3.22624
374,-1.5132,10.1013,-3.22624
375,-1.80303,10.0621,-3.05265
374,-1.80303,10.0621,-3.05265
375,-1.11832,12.5904,-1.01047
374,-1.11832,12.5904,-1.01047
375,1.45848,10.0695,-1.3205
374,1.45848,10.0695,-1.3205
375,1.06926,12.5051,-1.7796
374,1.06926,12.5051,-1.7796
375,0.665702,13.3857,-2.39022
374,0.665702,13.3857,-2.39022
375,5.19789,13.6646,-1.65087
374,5.19789,13.6646,-1.65087
375,0.685702,6.8584,-3.57963
374,0.685702,6.8584,-3.57963
375,1.59048,9.48591,-4.00163
374,1.59048,9.48591,-4.00163
375,0.542599,9.74061,-3.2698
374,0.542599,9.74061,-3.2698
375,1.15729,8.28558,-4.43249
374,1.15729,8.28558,-4.43249
375,0.548244,12.5485,0.610969
374,0.548244,12.5485,0.610969
375,1.94814,11.3172,-3.13493
374,1.94814,11.3172,-3.13493
375,0.121405,6.79537,-3.71335
374,0.121405,6.79537,-3.71335
375,0.692604,6.87316,-3.59485
374,0.692604,6.87316,-3.59485
375,2.87408,12.7697,-0.658595
374,2.87408,12.7697,-0.658595
375,-4.40866,17.1213,-3.76277
374,-4.40866,17.1213,-3.76277
375,-1.20313,10.2324,-3.25232
374,-1.20313,10.2324,-3.25232
375,1.11788,8.46079,-4.31974
374,1.11788,8.46079,-4.31974
375,0.0844294,9.88362,-4.62911
374,0.0844294,9.88362,-4.62911
375,-2.13828,9.85229,-3.15468
374,-2.13828,9.85229,-3.15468
375,0.686479,8.17241,-4.44375
374,0.686479,8.17241,-4.44375
375,1.07666,10.2194,-0.924568
374,1.07666,10.2194,-0.924568
375,1.87293,10.5391,-2.28398
374,1.87293,10.5391,-2.28398
375,-3.09191,11.4392,-2.2716
374,-3.09191,11.4392,-2.2716
375,0.869143,8.89577,-3.46464
374,0.869143,8.89577,-3.46464
375,-1.376,8.22407,-3.60465
374,-1.376,8.22407,-3.60465
375,1.04662,8.28871,-4.19528
374,1.04662,8.28871,-4.19528
375,0.529362,9.69516,-2.38533
374,0.529362,9.69516,-2.38533
375,0.279027,6.7591,-3.48311
374,0.279027,6.7591,-3.48311
375,-1.87721,11.9264,-3.05376
374,-1.87721,11.9264,-3.05376
375,0.679066,9.25265,-2.22486
374,0.679066,9.25265,-2.22486
375,0.491289,12.637,-2.21184
374,0.491289,12.637,-2.21184
375,-0.717256,11.4626,-2.0119
374,-0.717256,11.4626,-2.0119
375,-1.87278,9.74596,-3.79013
374,-1.87278,9.74596,-3.79013
375,1.13457,8.36579,-4.50854
374,1.13457,8.36579,-4.50854
375,-3.26234,8.76881,-2.97309
374,-3.26234,8.76881,-2.97309
375,-4.41344,12.7023,-3.47724
374,-4.41344,12.7023,-3.47724
375,1.19758,8.26708,-3.78315
374,1.19758,8.26708,-3.78315
375,0.972725,9.20885,-3.64656
374,0.972725,9.20885,-3.64656
375,5.40107,15.9967,-0.0856496
374,5.40107,15.9967,-0.0856496
375,-1.79858,10.8432,-2.70686
374,-1.79858,10.8432,-2.70686
375,0.6089,9.01725,-2.14207
374,0.6089,9.01725,-2.14207
375,-3.80951,11.7888,-4.07607
374,-3.80951,11.7888,-4.07607
375,2.8734,8.39948,-3.10181
374,2.8734,8.39948,-3.10181
375,3.85384,13.7047,1.0372
374,3.85384,13.7047,1.0372
375,-1.25652,9.45086,-2.97725
374,-1.25652,9.45086,-2.97725
375,-2.91511,5.64173,-2.33861
374,-2.91511,5.64173,-2.33861
375,0.345033,10.5763,-3.46705
374,0.345033,10.5763,-3.46705
375,-5.46748,11.0578,-0.769747
374,-5.46748,11.0578,-0.769747
375,2.80487,7.24284,-3.59861
374,2.80487,7.24284,-3.59861
375,-2.95259,7.81873,-2.51571
374,-2.95259,7.81873,-2.51571
375,-7.73331,15.6502,-1.13055
374,-7.73331,15.6502,-1.13055
375,-2.59898,13.4455,-0.271405
373,-2.59898,13.4455,-0.271405
375,0.00954123,9.0831,-4.24257
373,0.00954123,9.0831,-4.24257
375,-1.87367,11.1852,-3.09599
373,-1.87367,11.1852,-3.09599
375,-0.168193,6.54056,-2.85771
373,-0.168193,6.54056,-2.85771
375,-1.19655,9.34532,-4.09146
373,-1.19655,9.34532,-4.09146
375,-1.81228,9.30249,-3.5805
373,-1.81228,9.30249,-3.5805
375,1.21608,9.29762,-3.69606
373,1.21608,9.29762,-3.69606
375,-2.58661,13.4746,-0.262785
373,-2.58661,13.4746,-0.262785
375,-1.8234,13.0985,-0.192389
373,-1.8234,13.0985,-0.192389
375,-1.8311,8.54632,-3.79924
373,-1.8311,8.54632,-3.79924
375,-1.27194,8.9845,-3.94771
373,-1.27194,8.9845,-3.94771
375,-0.148305,12.4633,0.502875
373,-0.148305,12.4633,0.502875
375,-0.307502,10.1232,-2.63534
373,-0.307502,10.1232,-2.63534
375,-0.534715,9.2656,-3.06151
373,-0.534715,9.2656,-3.06151
375,-2.49228,9.28712,-2.62529
373,-2.49228,9.28712,-2.62529
375,-0.124195,9.94228,-3.301
373,-0.124195,9.94228,-3.301
375,-1.43576,8.49779,-3.98126
373,-1.43576,8.49779,-3.98126
375,1.42633,9.3817,-4.10716
373,1.42633,9.3817,-4.10716
375,-1.36313,7.48568,-3.20907
373,-1.36313,7.48568,-3.20907
375,-1.02283,10.0508,-2.98906
373,-1.02283,10.0508,-2.98906
375,2.5513,12.4212,0.105202
372,2.5513,12.4212,0.105202
375,-0.168308,9.5944,-3.1619
372,-0.168308,9.5944,-3.1619
375,-0.454203,9.18985,-3.74903
372,-0.454203,9.18985,-3.74903
375,-0.311213,9.8865,-2.58985
372,-0.311213,9.8865,-2.58985
375,1.43967,9.92167,-2.63802
372,1.43967,9.92167,-2.63802
375,-2.56994,9.65438,-2.8032
371,-2.56994,9.65438,-2.8032
375,1.22951,8.36539,-4.22905
371,1.22951,8.36539,-4.22905
375,1.32923,9.12524,-3.94713
371,1.32923,9.12524,-3.94713
375,-1.79365,11.2933,-2.84518
371,-1.79365,11.2933,-2.84518
375,1.54503,8.78794,-4.08827
64,1.54503,8.78794,-4.08827
375,0.0513287,7.49381,-0.580844
64,0.0513287,7.49381,-0.580844
375,-0.145813,9.58383,-3.16344
64,-0.145813,9.58383,-3.16344
375,0.848679,9.9175,-3.33066
64,0.848679,9.9175,-3.33066
375,1.10994,8.81635,-4.09255
64,1.10994,8.81635,-4.09255
375,-1.01684,9.67996,-3.42473
64,-1.01684,9.67996,-3.42473
375,-2.46463,10.4564,-1.30456
64,-2.46463,10.4564,-1.30456
375,5.98463,14.2459,-1.89521
64,5.98463,14.2459,-1.89521
375,-1.50781,10.4873,-2.62616
64,-1.50781,10.4873,-2.62616
375,2.46264,11.231,-2.47662
64,2.46264,11.231,-2.47662
375,-1.60037,9.85869,-3.30822
61,-1.60037,9.85869,-3.30822
375,-1.20761,13.2926,-0.444857
61,-1.20761,13.2926,-0.444857
375,-1.19962,13.0724,-0.4374
61,-1.19962,13.0724,-0.4374
375,2.96546,7.43885,-2.7631
61,2.96546,7.43885,-2.7631
375,1.41833,9.32011,-3.73178
61,1.41833,9.32011,-3.73178
375,-4.09159,11.9548,-2.9268
61,-4.09159,11.9548,-2.9268
375,-1.51504,11.0406,-0.906375
61,-1.51504,11.0406,-0.906375
375,-0.657557,9.68146,-3.89921
370,-0.657557,9.68146,-3.89921
375,-0.804454,7.69717,-3.64107
370,-0.804454,7.69717,-3.64107
375,-0.819812,7.65104,-3.60596
370,-0.819812,7.65104,-3.60596
375,0.274144,9.55288,-3.69821
370,0.274144,9.55288,-3.69821
375,0.147454,9.5599,-3.12624
370,0.147454,9.5599,-3.12624
375,0.0937181,13.0823,1.12529
370,0.0937181,13.0823,1.12529
375,-4.97422,10.5935,-3.05886
370,-4.97422,10.5935,-3.05886
375,-1.85049,13.3046,-2.30146
66,-1.85049,13.3046,-2.30146
375,1.39758,9.71666,-0.863741
66,1.39758,9.71666,-0.863741
375,-3.92539,13.7315,-0.800341
66,-3.92539,13.7315,-0.800341
375,1.90799,8.46916,-4.12496
66,1.90799,8.46916,-4.12496
375,-2.10081,12.346,-0.516915
66,-2.10081,12.346,-0.516915
375,-2.95824,9.58869,-2.6465
66,-2.95824,9.58869,-2.6465
375,-3.3264,13.1778,0.0358185
59,-3.3264,13.1778,0.0358185
375,-3.26719,12.9086,0.0602764
59,-3.26719,12.9086,0.0602764
375,-1.04115,10.0972,-2.98501
369,-1.04115,10.0972,-2.98501
375,-4.55585,11.4347,-3.51691
368,-4.55585,11.4347,-3.51691
375,-2.57991,9.56939,-3.29148
368,-2.57991,9.56939,-3.29148
376,-2.13139,5.60709,-2.20412
376,-2.14616,5.66493,-2.21506
376,-2.59101,5.80758,-2.10165
376,-2.59989,5.88835,-2.07857
376,-0.750317,6.18061,-3.35495
376,-1.42926,6.33569,-3.40362
376,-1.91799,6.66393,-2.83423
376,-0.0359586,6.44749,-2.91989
376,-1.93899,6.70977,-2.76581
376,2.97743,6.23186,-2.8512
376,-0.903562,6.81874,-3.01772
376,-1.58199,6.88979,-3.02343
376,-2.03625,7.07923,-2.75931
376,-1.53124,6.93747,-3.05481
376,-0.226253,6.8214,-3.05059
376,-0.374703,6.8349,-3.07557
376,-0.892639,6.9006,-3.08524
376,-0.217485,6.84209,-3.05222
376,0.423369,6.60333,-3.60791
376,-0.895721,6.99247,-3.1448
376,-0.903491,7.00116,-3.15251
376,0.0670028,6.74097,-3.6778
376,0.709191,6.71752,-3.56534
376,-2.04161,7.21003,-3.05897
376,-0.467645,8.15564,0.0470549
376,-0.908991,7.09431,-3.22549
376,-0.182177,7.05519,-3.21758
376,2.85499,6.91184,-2.97856
376,3.01052,7.09749,-3.11431
376,2.5387,6.87646,-3.91398
376,2.66213,7.05407,-3.52476
376,2.50083,7.0897,-3.54889
376,2.70909,7.07312,-3.64051
376,2.94312,7.52319,-2.88449
376,2.78768,7.57654,-2.86865
376,2.84121,7.60698,-2.81281
376,2.99146,7.62211,-2.72826
376,2.6242,7.42522,-3.57446
376,-3.37075,8.31355,-2.91695
376,2.9302,7.67249,-2.89557
376,3.04414,7.66873,-2.92245
376,2.70354,7.49778,-3.56309
376,2.83154,7.50215,-3.59813
376,2.643,7.79644,-3.31956
376,0.831555,8.00828,-3.57707
376,2.4849,7.5415,-4.50709
376,0.365112,7.7208,-4.66379
376,-1.41361,8.23453,-3.78541
376,4.61138,7.70394,-3.61623
376,0.870703,8.15763,-3.66691
376,-2.98109,8.76545,-3.13493
376,-2.30179,10.5719,-3.00729
375,-2.30179,10.5719,-3.00729
376,0.679967,8.16273,-4.44463
375,0.679967,8.16273,-4.44463
376,-1.06497,9.80405,-3.56087
375,-1.06497,9.80405,-3.56087
376,-1.33353,10.6902,-4.08827
375,-1.33353,10.6902,-4.08827
376,0.454321,8.58601,-3.5962
375,0.454321,8.58601,-3.5962
376,1.48777,8.71404,-3.76114
375,1.48777,8.71404,-3.76114
376,0.141346,8.53145,-3.60475
375,0.141346,8.53145,-3.60475
376,-1.47044,11.2252,-2.83517
375,-1.47044,11.2252,-2.83517
376,2.99657,10.6069,-1.42563
375,2.99657,10.6069,-1.42563
376,0.542463,9.52061,-3.68478
375,0.542463,9.52061,-3.68478
376,3.30512,8.81746,-2.84955
375,3.30512,8.81746,-2.84955
376,6.19159,15.4795,-0.080805
375,6.19159,15.4795,-0.080805
376,1.6738,10.0439,-2.14112
375,1.6738,10.0439,-2.14112
376,4.28194,10.3231,-4.15372
375,4.28194,10.3231,-4.15372
376,5.1955,13.3291,-1.65187
375,5.1955,13.3291,-1.65187
376,1.48207,10.1314,-1.31686
375,1.48207,10.1314,-1.31686
376,2.18881,8.00171,-4.71365
375,2.18881,8.00171,-4.71365
376,-1.10278,11.952,-0.936462
375,-1.10278,11.952,-0.936462
376,3.27807,8.61905,-4.93823
375,3.27807,8.61905,-4.93823
376,4.71671,13.0825,-2.48065
375,4.71671,13.0825,-2.48065
376,-0.495906,9.76091,-3.28946
375,-0.495906,9.76091,-3.28946
376,-2.92174,11.8612,-1.56056
375,-2.92174,11.8612,-1.56056
376,-1.87714,8.8066,-3.19312
375,-1.87714,8.8066,-3.19312
376,-1.27378,9.80942,-3.63866
375,-1.27378,9.80942,-3.63866
376,-0.00513383,6.51556,-3.53253
375,-0.00513383,6.51556,-3.53253
376,1.04358,9.45234,-3.77374
375,1.04358,9.45234,-3.77374
376,2.4999,12.2739,0.108014
375,2.4999,12.2739,0.108014
376,-3.69418,13.9197,1.00095
375,-3.69418,13.9197,1.00095
376,-3.20609,10.4955,-2.31783
375,-3.20609,10.4955,-2.31783
376,2.71005,7.51778,-4.18005
375,2.71005,7.51778,-4.18005
376,-1.94082,9.18376,-3.41027
375,-1.94082,9.18376,-3.41027
376,-1.37653,9.11014,-2.15343
375,-1.37653,9.11014,-2.15343
376,4.99037,8.3293,-3.84418
375,4.99037,8.3293,-3.84418
376,-1.54866,6.49309,-3.45812
375,-1.54866,6.49309,-3.45812
376,-5.14461,11.8727,-0.61085
375,-5.14461,11.8727,-0.61085
376,-1.87478,13.4012,0.99665
375,-1.87478,13.4012,0.99665
376,-1.25749,12.2764,-2.10013
375,-1.25749,12.2764,-2.10013
376,8.28215,16.2987,-0.297467
375,8.28215,16.2987,-0.297467
376,12.0601,29.4872,-0.120539
375,12.0601,29.4872,-0.120539
376,-4.01316,10.1574,-1.98483
375,-4.01316,10.1574,-1.98483
376,3.05531,9.99302,-2.34474
375,3.05531,9.99302,-2.34474
376,-1.6175,11.4566,-1.01988
375,-1.6175,11.4566,-1.01988
376,3.49367,10.7771,-2.58881
375,3.49367,10.7771,-2.58881
376,-0.888169,12.0164,0.201498
375,-0.888169,12.0164,0.201498
376,-5.18055,10.7851,-2.53754
375,-5.18055,10.7851,-2.53754
376,-7.07811,14.0966,-0.992947
375,-7.07811,14.0966,-0.992947
376,-1.21185,10.885,-1.80594
375,-1.21185,10.885,-1.80594
376,-1.40068,7.60145,-3.27673
375,-1.40068,7.60145,-3.27673
376,2.42065,11.0778,-2.40486
375,2.42065,11.0778,-2.40486
376,-0.47598,9.37457,-3.7042
374,-0.47598,9.37457,-3.7042
376,-1.57861,9.36532,-3.73371
374,-1.57861,9.36532,-3.73371
376,-2.1528,10.4236,-3.19076
374,-2.1528,10.4236,-3.19076
376,1.41533,9.04257,-4.1094
374,1.41533,9.04257,-4.1094
376,-0.938132,9.27769,-4.06795
374,-0.938132,9.27769,-4.06795
376,-0.558763,9.27147,-4.01281
374,-0.558763,9.27147,-4.01281
376,-2.0748,9.06698,-3.95219
374,-2.0748,9.06698,-3.95219
376,1.66347,9.46696,-2.8303
374,1.66347,9.46696,-2.8303
376,0.227126,9.61428,-3.01562
374,0.227126,9.61428,-3.01562
376,1.48345,10.0529,-2.77227
374,1.48345,10.0529,-2.77227
376,2.66576,12.5975,-0.394149
374,2.66576,12.5975,-0.394149
376,0.945332,9.57795,-2.56849
374,0.945332,9.57795,-2.56849
376,3.2201,8.93248,-4.7664
374,3.2201,8.93248,-4.7664
376,1.74426,9.40849,-3.6294
374,1.74426,9.40849,-3.6294
376,-1.01627,6.61146,-2.86719
374,-1.01627,6.61146,-2.86719
376,-2.23138,11.1876,-1.45758
374,-2.23138,11.1876,-1.45758
376,2.67888,7.09159,-3.93208
374,2.67888,7.09159,-3.93208
376,0.0987739,8.99633,-2.83802
374,0.0987739,8.99633,-2.83802
376,-1.58265,10.8329,-0.96859
374,-1.58265,10.8329,-0.96859
376,14.6129,24.4547,-0.133222
374,14.6129,24.4547,-0.133222
376,3.51476,9.00731,-4.09994
374,3.51476,9.00731,-4.09994
376,-1.98151,13.0155,-0.128399
374,-1.98151,13.0155,-0.128399
376,-0.104588,8.82646,-3.9662
374,-0.104588,8.82646,-3.9662
376,-2.4898,5.05753,-1.88136
374,-2.4898,5.05753,-1.88136
376,-0.96981,9.99165,-2.93196
374,-0.96981,9.99165,-2.93196
376,-1.12117,11.9007,-0.874993
374,-1.12117,11.9007,-0.874993
376,-1.10509,12.8519,-0.959541
374,-1.10509,12.8519,-0.959541
376,2.92082,7.24934,-2.93577
374,2.92082,7.24934,-2.93577
376,-0.513909,8.68265,-3.32858
374,-0.513909,8.68265,-3.32858
376,-0.737535,6.91516,-2.39127
374,-0.737535,6.91516,-2.39127
376,-0.557932,8.47332,-2.73471
374,-0.557932,8.47332,-2.73471
376,-3.13778,9.38583,-2.69315
374,-3.13778,9.38583,-2.69315
376,1.07831,10.3394,-1.07925
373,1.07831,10.3394,-1.07925
376,-2.12302,9.66899,-3.087
373,-2.12302,9.66899,-3.087
376,-0.953764,7.07308,-3.20396
373,-0.953764,7.07308,-3.20396
376,-4.87431,14.7054,-0.827644
373,-4.87431,14.7054,-0.827644
376,-5.54459,13.2815,-2.21714
373,-5.54459,13.2815,-2.21714
376,-2.71482,9.44282,-2.67227
373,-2.71482,9.44282,-2.67227
376,-2.50323,9.34512,-2.66049
373,-2.50323,9.34512,-2.66049
376,-2.60207,11.317,-1.45312
373,-2.60207,11.317,-1.45312
376,-1.55846,10.8223,-2.70972
373,-1.55846,10.8223,-2.70972
376,-2.77278,11.1665,-2.41328
372,-2.77278,11.1665,-2.41328
376,2.76556,12.8353,1.26184
372,2.76556,12.8353,1.26184
376,-1.59616,10.6478,-0.93375
64,-1.59616,10.6478,-0.93375
376,1.61976,8.0829,-3.85236
64,1.61976,8.0829,-3.85236
376,4.26557,20.6451,2.55461
64,4.26557,20.6451,2.55461
376,0.820102,9.77363,-3.27664
64,0.820102,9.77363,-3.27664
376,-3.93772,10.8586,-3.17788
64,-3.93772,10.8586,-3.17788
376,-1.16493,12.0965,-0.369636
64,-1.16493,12.0965,-0.369636
376,1.45006,10.1937,-2.06874
64,1.45006,10.1937,-2.06874
376,-9.6029,19.9877,-1.2745
64,-9.6029,19.9877,-1.2745
376,3.30166,8.00148,-2.95944
61,3.30166,8.00148,-2.95944
376,4.63735,8.41567,-2.811
61,4.63735,8.41567,-2.811
376,1.30485,10.4486,-0.895651
66,1.30485,10.4486,-0.895651
376,1.54922,10.2604,-2.12263
66,1.54922,10.2604,-2.12263
376,1.35378,9.55286,-0.851122
66,1.35378,9.55286,-0.851122
376,1.4716,10.012,-1.24968
66,1.4716,10.012,-1.24968
376,1.1006,8.7175,-3.95296
66,1.1006,8.7175,-3.95296
376,-2.01006,5.96511,-2.68136
66,-2.01006,5.96511,-2.68136
376,4.95641,14.7741,-0.488162
66,4.95641,14.7741,-0.488162
376,-0.50721,9.06758,-3.02859
66,-0.50721,9.06758,-3.02859
376,1.61498,10.7485,-2.16342
66,1.61498,10.7485,-2.16342
376,-0.946857,10.1057,-2.97701
66,-0.946857,10.1057,-2.97701
376,0.532285,8.67323,-3.96004
370,0.532285,8.67323,-3.96004
377,-2.13326,5.5815,-2.19746
377,-2.1425,5.64513,-2.208
377,-2.60241,5.69607,-2.17557
377,-2.62217,5.7597,-2.20941
377,-2.59835,5.81497,-2.10109
377,-2.74058,5.85255,-2.07003
377,-1.29022,5.70243,-2.46279
377,-2.2704,6.33378,-2.21256
377,-1.26691,6.02496,-2.98317
377,-2.7708,6.4124,-2.12405
377,-1.04092,6.42617,-2.74099
377,-0.0219245,6.32686,-3.10991
377,-1.9383,6.76238,-2.55979
377,-0.0495471,6.43619,-3.23609
377,-0.0621107,6.55215,-2.86278
377,-1.96046,6.78753,-2.5921
377,-0.196999,6.50838,-3.18128
377,2.94157,6.39123,-2.81672
377,-0.963011,6.67606,-2.92087
377,2.76204,6.53118,-2.78994
377,0.272016,6.74831,-3.50441
377,0.723548,6.73478,-3.56933
377,0.28802,6.81059,-3.55511
377,0.289053,6.82467,-3.57001
377,-2.07029,7.23749,-3.08825
377,2.91839,6.93886,-2.98849
377,-0.419765,8.1729,0.0600076
377,-1.97975,7.29372,-3.26476
377,3.13189,7.53132,-2.86099
377,2.86617,7.42831,-3.38146
377,-1.99152,7.74513,-3.60144
377,2.95511,7.69432,-2.94446
377,0.872411,8.79571,0.0154102
377,-1.4517,8.02093,-3.82704
377,1.58153,8.09679,-3.02287
377,0.412894,7.80631,-4.59715
377,2.25167,8.25941,-2.94279
377,4.73861,7.84497,-3.71604
377,0.207141,9.51769,-3.49758
376,0.207141,9.51769,-3.49758
377,-2.10156,13.5808,0.131747
376,-2.10156,13.5808,0.131747
377,-1.46442,9.50673,-3.60619
376,-1.46442,9.50673,-3.60619
377,-1.86767,7.2894,-3.16775
376,-1.86767,7.2894,-3.16775
377,-1.00003,10.1408,-2.97291
376,-1.00003,10.1408,-2.97291
377,-1.5234,10.8677,-3.20818
376,-1.5234,10.8677,-3.20818
377,2.93055,10.4835,-1.40856
376,2.93055,10.4835,-1.40856
377,1.70608,8.34384,-4.93797
376,1.70608,8.34384,-4.93797
377,0.726476,10.6153,-2.67426
376,0.726476,10.6153,-2.67426
377,-0.0616992,9.47053,-2.24634
376,-0.0616992,9.47053,-2.24634
377,3.42569,8.86456,-3.87919
376,3.42569,8.86456,-3.87919
377,3.56178,9.20451,-5.2021
376,3.56178,9.20451,-5.2021
377,6.90094,19.7141,-0.0890859
376,6.90094,19.7141,-0.0890859
377,0.17811,9.86899,-2.37493
376,0.17811,9.86899,-2.37493
377,1.90788,8.79697,-5.30409
376,1.90788,8.79697,-5.30409
377,-0.136553,9.68472,-3.21434
376,-0.136553,9.68472,-3.21434
377,-2.17336,11.0686,-0.868047
376,-2.17336,11.0686,-0.868047
377,0.485119,6.85255,-2.83978
376,0.485119,6.85255,-2.83978
377,-3.54074,14.2705,0.456933
376,-3.54074,14.2705,0.456933
377,-1.50321,9.26017,-3.52956
376,-1.50321,9.26017,-3.52956
377,-0.575603,8.39402,-2.67044
376,-0.575603,8.39402,-2.67044
377,0.62909,7.98705,-4.31808
376,0.62909,7.98705,-4.31808
377,-1.36237,7.55084,-3.38583
376,-1.36237,7.55084,-3.38583
377,3.57617,9.34386,-3.56215
376,3.57617,9.34386,-3.56215
377,1.81046,8.67229,-3.00154
376,1.81046,8.67229,-3.00154
377,8.03168,17.1978,2.25824
376,8.03168,17.1978,2.25824
377,2.75733,13.0289,0.123445
376,2.75733,13.0289,0.123445
377,1.28022,9.42724,-1.15117
376,1.28022,9.42724,-1.15117
377,-1.32512,7.31138,-3.00014
376,-1.32512,7.31138,-3.00014
377,-1.89632,7.48936,-3.29583
376,-1.89632,7.48936,-3.29583
377,-2.85752,9.65576,-2.38707
376,-2.85752,9.65576,-2.38707
377,-1.53261,9.42731,-3.63018
376,-1.53261,9.42731,-3.63018
377,0.730093,9.44196,-3.12362
376,0.730093,9.44196,-3.12362
377,0.417372,9.08469,-2.16773
376,0.417372,9.08469,-2.16773
377,-0.0191176,6.54146,-2.99253
376,-0.0191176,6.54146,-2.99253
377,8.20622,17.5317,2.29593
376,8.20622,17.5317,2.29593
377,6.44651,18.6828,-0.081603
376,6.44651,18.6828,-0.081603
377,-3.27272,12.9424,0.033417
376,-3.27272,12.9424,0.033417
377,-1.57856,10.6349,-0.945725
376,-1.57856,10.6349,-0.945725
377,0.939313,8.29461,-3.75411
376,0.939313,8.29461,-3.75411
377,1.58073,9.81766,-4.36494
376,1.58073,9.81766,-4.36494
377,-1.442,8.67832,-3.19666
376,-1.442,8.67832,-3.19666
377,1.62813,9.16647,-4.05214
376,1.62813,9.16647,-4.05214
377,7.64943,14.661,-0.0551183
376,7.64943,14.661,-0.0551183
377,-4.8349,11.1779,-2.42152
376,-4.8349,11.1779,-2.42152
377,-3.1303,12.3759,0.0582971
376,-3.1303,12.3759,0.0582971
377,7.19516,20.2811,-0.125805
376,7.19516,20.2811,-0.125805
377,2.88717,7.65372,-2.8437
376,2.88717,7.65372,-2.8437
377,0.510181,8.51614,-2.69815
376,0.510181,8.51614,-2.69815
377,-2.83869,9.82129,-2.81737
376,-2.83869,9.82129,-2.81737
377,6.6315,11.1867,-1.88959
376,6.6315,11.1867,-1.88959
377,6.48143,14.6818,1.84385
376,6.48143,14.6818,1.84385
377,4.59869,8.39189,-3.55795
376,4.59869,8.39189,-3.55795
377,-0.691676,11.7388,0.043545
376,-0.691676,11.7388,0.043545
377,3.05989,8.96651,-4.57333
376,3.05989,8.96651,-4.57333
377,2.85114,7.60441,-2.82861
376,2.85114,7.60441,-2.82861
377,6.80195,19.492,-0.0783767
376,6.80195,19.492,-0.0783767
377,2.39139,10.6221,1.0512
376,2.39139,10.6221,1.0512
377,-0.56764,11.5971,0.837454
376,-0.56764,11.5971,0.837454
377,2.29843,7.72038,-3.65469
376,2.29843,7.72038,-3.65469
377,4.5715,8.48131,-3.62994
376,4.5715,8.48131,-3.62994
377,-2.08155,8.56891,-3.9095
376,-2.08155,8.56891,-3.9095
377,1.50737,8.89254,-3.86705
376,1.50737,8.89254,-3.86705
377,-0.477339,9.73484,-3.31176
376,-0.477339,9.73484,-3.31176
377,-0.562915,9.56117,-3.83704
375,-0.562915,9.56117,-3.83704
377,0.279816,9.87068,-3.226
375,0.279816,9.87068,-3.226
377,-2.49646,12.0504,-1.24479
375,-2.49646,12.0504,-1.24479
377,-0.207323,8.44046,-3.7353
375,-0.207323,8.44046,-3.7353
377,-0.565111,6.33207,-2.7022
375,-0.565111,6.33207,-2.7022
377,0.454677,12.0899,-1.21186
375,0.454677,12.0899,-1.21186
377,2.26975,8.17125,-4.84292
375,2.26975,8.17125,-4.84292
377,1.61304,10.4438,-5.21377
375,1.61304,10.4438,-5.21377
377,1.0389,8.7676,-4.10279
375,1.0389,8.7676,-4.10279
377,3.08428,8.40317,-3.73003
375,3.08428,8.40317,-3.73003
377,3.21817,8.59181,-3.83845
375,3.21817,8.59181,-3.83845
377,-0.688257,9.42023,-3.88319
375,-0.688257,9.42023,-3.88319
377,2.58396,7.10392,-3.69315
375,2.58396,7.10392,-3.69315
377,3.08464,10.8521,-1.46901
375,3.08464,10.8521,-1.46901
377,-3.51801,14.0675,0.0438183
375,-3.51801,14.0675,0.0438183
377,-1.8292,11.4122,-2.87888
375,-1.8292,11.4122,-2.87888
377,1.29008,8.98707,-3.89386
375,1.29008,8.98707,-3.89386
377,5.30683,10.5136,-1.60766
375,5.30683,10.5136,-1.60766
377,-1.2712,12.7465,-2.21309
375,-1.2712,12.7465,-2.21309
377,4.82999,8.63961,-2.8854
375,4.82999,8.63961,-2.8854
377,0.163327,9.35067,-2.93954
375,0.163327,9.35067,-2.93954
377,-2.54261,4.97283,-1.99358
375,-2.54261,4.97283,-1.99358
377,8.5913,17.4213,1.99146
375,8.5913,17.4213,1.99146
377,-3.59662,14.2961,0.115153
375,-3.59662,14.2961,0.115153
377,6.51103,15.0998,-2.02696
375,6.51103,15.0998,-2.02696
377,-4.62346,9.02848,-2.7872
375,-4.62346,9.02848,-2.7872
377,-4.38699,9.74413,-2.12264
375,-4.38699,9.74413,-2.12264
377,-1.61578,12.292,-3.22353
375,-1.61578,12.292,-3.22353
377,5.07344,8.89444,-3.8466
375,5.07344,8.89444,-3.8466
377,-1.57079,11.5127,-2.95759
375,-1.57079,11.5127,-2.95759
377,12.6416,23.5159,-0.776222
375,12.6416,23.5159,-0.776222
377,2.26066,8.47688,-2.98141
375,2.26066,8.47688,-2.98141
377,0.0775151,9.52884,-3.60088
374,0.0775151,9.52884,-3.60088
377,0.511862,12.5281,-2.20781
374,0.511862,12.5281,-2.20781
377,2.22205,8.19867,-3.35822
374,2.22205,8.19867,-3.35822
377,0.648012,13.1723,-0.00826589
374,0.648012,13.1723,-0.00826589
377,3.26317,8.76996,-4.84656
374,3.26317,8.76996,-4.84656
377,-0.915575,9.35631,-4.10798
374,-0.915575,9.35631,-4.10798
377,7.86816,19.6636,2.55787
374,7.86816,19.6636,2.55787
377,-1.82393,9.18014,-3.4655
374,-1.82393,9.18014,-3.4655
377,-0.645478,9.88435,-4.08907
374,-0.645478,9.88435,-4.08907
377,-0.693543,9.35857,-3.82051
374,-0.693543,9.35857,-3.82051
377,-2.41647,8.90367,-2.49254
374,-2.41647,8.90367,-2.49254
377,-4.59973,10.1574,-2.28135
374,-4.59973,10.1574,-2.28135
377,-3.06954,9.14314,-2.60454
374,-3.06954,9.14314,-2.60454
377,-5.2442,10.6549,-0.706832
374,-5.2442,10.6549,-0.706832
377,-1.11322,12.3924,-0.897641
374,-1.11322,12.3924,-0.897641
377,14.2883,24.1096,-0.210177
374,14.2883,24.1096,-0.210177
377,-1.81709,12.9208,-0.192427
373,-1.81709,12.9208,-0.192427
377,-0.613954,10.3482,-1.00083
373,-0.613954,10.3482,-1.00083
377,0.030406,11.4787,-1.96799
373,0.030406,11.4787,-1.96799
377,0.864198,9.224,-3.90719
373,0.864198,9.224,-3.90719
377,0.524395,12.629,-0.717086
373,0.524395,12.629,-0.717086
377,-2.56146,9.48487,-3.22657
373,-2.56146,9.48487,-3.22657
377,-1.52978,8.69783,-3.79406
373,-1.52978,8.69783,-3.79406
377,9.244,17.7272,-0.282008
373,9.244,17.7272,-0.282008
377,-1.29038,8.7357,-3.83277
373,-1.29038,8.7357,-3.83277
377,-4.18505,11.2547,-2.86871
373,-4.18505,11.2547,-2.86871
377,-6.45953,13.6873,-0.787267
373,-6.45953,13.6873,-0.787267
377,1.45565,12.755,0.527294
372,1.45565,12.755,0.527294
377,-0.889406,9.62838,-3.46302
372,-0.889406,9.62838,-3.46302
377,2.95216,11.7845,1.20014
61,2.95216,11.7845,1.20014
377,3.3679,13.0313,1.35342
61,3.3679,13.0313,1.35342
377,-4.57434,13.064,0.374129
61,-4.57434,13.064,0.374129
377,-1.36706,9.81924,-0.750661
64,-1.36706,9.81924,-0.750661
377,-2.61005,10.0177,-2.89565
64,-2.61005,10.0177,-2.89565
377,-2.40219,12.3346,0.462985
64,-2.40219,12.3346,0.462985
377,-2.24257,11.179,-1.45345
64,-2.24257,11.179,-1.45345
377,-2.36938,12.0707,0.445021
64,-2.36938,12.0707,0.445021
377,-1.26634,15.1726,-0.477926
66,-1.26634,15.1726,-0.477926
377,1.58125,9.28283,-3.58142
66,1.58125,9.28283,-3.58142
377,1.1407,12.3528,0.773219
66,1.1407,12.3528,0.773219
377,1.03323,9.3505,-3.71734
371,1.03323,9.3505,-3.71734
377,-5.39796,10.6179,-3.27239
371,-5.39796,10.6179,-3.27239
378,-2.11744,5.60399,-2.19531
378,-2.12871,5.64089,-2.19784
378,2.08323,5.62687,-2.67507
378,2.1257,5.6471,-2.67871
378,2.14146,5.68367,-2.72087
378,-0.743454,5.8515,-3.07464
378,-2.9887,6.44507,-2.11191
378,-1.38637,6.12936,-3.22414
378,-1.38089,6.12834,-3.23383
378,-3.30009,6.7351,-2.25034
378,-3.02315,6.74024,-2.27767
378,2.92898,6.06458,-3.0196
378,-0.947261,6.53377,-2.82545
378,-0.0364274,6.43709,-2.92327
378,-1.83544,6.62684,-2.81846
378,2.95389,6.21351,-2.84081
378,-0.0237218,6.50017,-2.93048
378,-0.0748596,6.54587,-2.8638
378,-0.945605,6.64958,-2.905
378,-1.63482,6.73778,-2.90934
378,-0.185034,6.4546,-3.39666
378,-1.87102,6.77907,-2.9187
378,-0.189823,6.53822,-3.21643
378,-0.00846887,6.60928,-3.00441
378,-1.99375,6.89126,-2.68582
378,-1.98013,6.86607,-2.86644
378,-0.260911,6.51364,-3.52688
378,-0.220126,6.65155,-3.59863
378,-1.15501,6.69168,-3.7439
378,0.435707,6.64744,-3.64505
378,-1.17276,6.81748,-3.84676
378,-0.941879,6.80109,-3.85307
378,2.57351,6.84192,-2.95614
378,-0.358147,7.10691,-3.26844
378,-3.67011,7.72916,-2.62513
378,0.682749,7.01131,-3.68457
378,2.94108,7.10034,-3.08223
378,1.26922,8.22981,-0.358594
378,2.45941,7.0384,-3.54835
378,2.5432,7.05151,-3.59566
378,2.73562,7.25823,-2.98802
378,2.51918,6.91091,-4.214
378,2.78426,7.10506,-3.67661
378,0.340249,7.17675,-4.40296
378,2.59004,7.31915,-3.44797
378,2.94409,7.52051,-2.86995
378,2.84757,7.58776,-2.82041
378,2.6896,7.17924,-4.19096
378,2.95673,7.74944,-2.9471
378,2.5992,7.26101,-4.52467
378,2.61764,7.47511,-4.48967
378,2.46152,7.51647,-4.4831
378,1.68983,7.93318,-3.59193
378,2.68815,7.52897,-4.57005
378,0.411118,7.73975,-4.54872
378,2.69284,7.55809,-4.57458
378,-0.0711209,9.04815,-4.10271
376,-0.0711209,9.04815,-4.10271
378,-1.40493,10.3105,-2.53929
376,-1.40493,10.3105,-2.53929
378,-0.0910545,9.19492,-2.15727
376,-0.0910545,9.19492,-2.15727
378,2.90028,11.8558,-1.58796
376,2.90028,11.8558,-1.58796
378,-0.561499,9.34612,-4.05665
376,-0.561499,9.34612,-4.05665
378,-0.91682,8.66851,-3.70239
376,-0.91682,8.66851,-3.70239
378,-1.91277,6.68376,-2.83993
376,-1.91277,6.68376,-2.83993
378,-0.675127,9.56442,-2.75307
376,-0.675127,9.56442,-2.75307
378,-1.59926,10.7206,-0.946406
376,-1.59926,10.7206,-0.946406
378,-0.891462,9.95363,-3.63217
376,-0.891462,9.95363,-3.63217
378,1.91453,8.58721,-3.15918
376,1.91453,8.58721,-3.15918
378,-2.15759,9.25327,-3.52298
376,-2.15759,9.25327,-3.52298
378,-3.32934,10.361,-2.94954
376,-3.32934,10.361,-2.94954
378,-2.80583,9.50042,-2.32801
376,-2.80583,9.50042,-2.32801
378,-2.23601,11.2639,-1.47152
376,-2.23601,11.2639,-1.47152
378,-2.66496,11.2591,-2.32461
376,-2.66496,11.2591,-2.32461
378,9.75273,20.1115,2.66718
376,9.75273,20.1115,2.66718
378,10.8945,17.6265,-1.63279
376,10.8945,17.6265,-1.63279
378,1.6762,11.0585,-2.2856
376,1.6762,11.0585,-2.2856
378,1.68295,7.96218,-3.6203
376,1.68295,7.96218,-3.6203
378,-2.81496,9.5492,-2.33931
376,-2.81496,9.5492,-2.33931
378,0.52763,9.61422,-2.3412
376,0.52763,9.61422,-2.3412
378,-1.42633,10.5014,-0.810518
376,-1.42633,10.5014,-0.810518
378,1.74273,9.78474,-4.75804
376,1.74273,9.78474,-4.75804
378,-1.69337,10.1374,-3.10719
376,-1.69337,10.1374,-3.10719
378,-3.10508,12.2858,0.0386908
376,-3.10508,12.2858,0.0386908
378,1.37171,15.7471,1.43494
376,1.37171,15.7471,1.43494
378,-1.23603,9.79198,-3.0631
376,-1.23603,9.79198,-3.0631
378,-5.34614,10.5464,-3.24064
376,-5.34614,10.5464,-3.24064
378,-2.27345,11.3123,-2.8076
376,-2.27345,11.3123,-2.8076
378,-1.80786,12.6853,0.922305
376,-1.80786,12.6853,0.922305
378,6.93748,19.0414,-0.0793767
376,6.93748,19.0414,-0.0793767
378,5.14812,9.01759,-3.0852
376,5.14812,9.01759,-3.0852
378,1.60577,17.1165,1.58875
376,1.60577,17.1165,1.58875
378,-0.515039,9.13165,-3.04951
376,-0.515039,9.13165,-3.04951
378,-1.28102,9.92991,-3.18834
376,-1.28102,9.92991,-3.18834
378,3.76261,11.1735,-2.14985
376,3.76261,11.1735,-2.14985
378,0.937727,8.50708,-1.56977
376,0.937727,8.50708,-1.56977
378,3.07454,9.2223,-4.51638
376,3.07454,9.2223,-4.51638
378,-0.436525,9.34172,-3.12756
376,-0.436525,9.34172,-3.12756
378,-0.314977,9.91922,-2.60121
376,-0.314977,9.91922,-2.60121
378,0.747248,9.05488,-2.18842
376,0.747248,9.05488,-2.18842
378,5.00508,8.80239,-3.07581
376,5.00508,8.80239,-3.07581
378,5.95533,15.5587,-4.04643
376,5.95533,15.5587,-4.04643
378,-1.74157,10.4426,-2.58074
375,-1.74157,10.4426,-2.58074
378,-1.37468,7.7844,-3.54746
375,-1.37468,7.7844,-3.54746
378,-2.05388,10.6982,-1.07673
375,-2.05388,10.6982,-1.07673
378,0.83854,9.37877,-4.34451
375,0.83854,9.37877,-4.34451
378,8.20374,18.5141,-2.47456
375,8.20374,18.5141,-2.47456
378,2.19547,8.22653,-4.75057
375,2.19547,8.22653,-4.75057
378,-1.66937,10.2655,-3.13866
375,-1.66937,10.2655,-3.13866
378,2.74066,13.0162,0.728238
375,2.74066,13.0162,0.728238
378,0.197908,9.12867,-0.726903
375,0.197908,9.12867,-0.726903
378,-2.0288,9.14412,-2.8548
375,-2.0288,9.14412,-2.8548
378,1.12061,10.3585,-0.939428
375,1.12061,10.3585,-0.939428
378,-2.36425,8.71984,-2.438
375,-2.36425,8.71984,-2.438
378,-1.82564,11.3931,-2.88524
375,-1.82564,11.3931,-2.88524
378,-1.26159,12.3257,-2.12336
375,-1.26159,12.3257,-2.12336
378,-1.27381,12.9589,-2.26613
375,-1.27381,12.9589,-2.26613
378,-3.15528,9.21195,-2.08275
375,-3.15528,9.21195,-2.08275
378,-5.6216,13.0178,-1.88786
375,-5.6216,13.0178,-1.88786
378,5.37633,9.25315,-4.03767
375,5.37633,9.25315,-4.03767
378,-3.47468,13.7053,0.110311
375,-3.47468,13.7053,0.110311
378,6.51904,15.1195,-2.03378
375,6.51904,15.1195,-2.03378
378,-2.33579,11.8159,-2.57723
375,-2.33579,11.8159,-2.57723
378,-4.31427,9.53334,-2.29526
375,-4.31427,9.53334,-2.29526
378,-5.08018,10.0835,-3.06194
375,-5.08018,10.0835,-3.06194
378,2.6776,11.1959,-1.44608
375,2.6776,11.1959,-1.44608
378,0.614771,13.0372,0.905235
375,0.614771,13.0372,0.905235
378,-0.481933,9.54406,-0.859611
374,-0.481933,9.54406,-0.859611
378,-1.01463,6.62854,-2.87532
374,-1.01463,6.62854,-2.87532
378,0.446176,12.174,-2.12215
374,0.446176,12.174,-2.12215
378,1.77813,8.18147,-4.6714
374,1.77813,8.18147,-4.6714
378,2.1613,7.909,-4.71759
374,2.1613,7.909,-4.71759
378,2.18515,12.5391,0.560656
374,2.18515,12.5391,0.560656
378,-1.01799,6.58017,-2.84254
374,-1.01799,6.58017,-2.84254
378,1.84771,9.73891,-4.18793
374,1.84771,9.73891,-4.18793
378,1.43418,9.6791,-3.76726
374,1.43418,9.6791,-3.76726
378,0.524619,12.4702,-0.0158596
374,0.524619,12.4702,-0.0158596
378,12.5229,23.366,2.65304
374,12.5229,23.366,2.65304
378,-7.63473,16.2864,0.953437
374,-7.63473,16.2864,0.953437
378,-2.49158,9.32377,-2.64383
374,-2.49158,9.32377,-2.64383
378,0.121494,11.9913,-2.08181
373,0.121494,11.9913,-2.08181
378,-2.5254,9.50913,-2.71977
373,-2.5254,9.50913,-2.71977
378,-1.49604,9.0155,-3.38685
373,-1.49604,9.0155,-3.38685
378,2.88707,11.5276,0.70654
64,2.88707,11.5276,0.70654
378,1.49049,8.74525,-3.76797
64,1.49049,8.74525,-3.76797
378,-0.622219,12.6309,0.0496456
64,-0.622219,12.6309,0.0496456
378,0.887052,9.87788,-2.44944
64,0.887052,9.87788,-2.44944
378,2.74831,11.3468,-1.47867
64,2.74831,11.3468,-1.47867
378,1.66949,8.78235,-4.01337
61,1.66949,8.78235,-4.01337
378,2.56289,8.07769,-3.9341
61,2.56289,8.07769,-3.9341
378,-0.188853,13.3121,1.26297
61,-0.188853,13.3121,1.26297
378,-4.08429,13.1667,-0.993993
61,-4.08429,13.1667,-0.993993
378,0.527818,8.23665,-2.72061
61,0.527818,8.23665,-2.72061
378,-1.82471,9.79925,-3.13465
372,-1.82471,9.79925,-3.13465
378,1.57853,10.346,-2.14054
66,1.57853,10.346,-2.14054
378,1.83905,8.9177,-3.89133
66,1.83905,8.9177,-3.89133
378,1.40629,8.59086,-3.70058
66,1.40629,8.59086,-3.70058
378,0.186186,8.59551,-3.9278
370,0.186186,8.59551,-3.9278
379,-0.631465,4.97201,-1.77519
379,-2.62631,5.56569,-2.11284
379,-2.61517,5.58776,-2.14767
379,-2.29202,5.56317,-2.20665
379,-2.13397,5.58898,-2.20564
379,-2.13737,5.6746,-2.23739
379,-2.62454,5.9218,-2.15919
379,-2.94638,6.03673,-2.18107
379,-2.00197,5.9235,-2.67192
379,-2.01264,5.94157,-2.68198
379,2.20698,5.52862,-2.85605
379,2.09857,5.6152,-2.70462
379,2.68244,5.52613,-2.88479
379,2.24907,5.58186,-2.90699
379,-2.54178,6.37152,-2.14
379,-1.44966,6.21105,-2.55005
379,-2.81994,6.55611,-2.18173
379,-1.40016,6.23708,-3.32728
379,-2.07061,6.72166,-2.33863
379,2.82177,6.01932,-2.92355
379,2.86051,6.03401,-2.98248
379,2.09897,5.97305,-3.45
379,-0.17051,6.43953,-2.86764
379,0.305981,6.20598,-3.59144
379,0.676407,6.25842,-3.61649
379,0.692758,6.25841,-3.6403
379,-1.80493,6.55358,-3.56076
379,-0.180386,6.51978,-3.19693
379,0.289399,6.37181,-3.52961
379,-1.96929,6.9318,-2.69221
379,-1.80837,6.59496,-3.59695
379,2.77473,6.52413,-2.77739
379,2.77683,6.54119,-2.777
379,0.385141,6.52484,-3.53412
379,0.430983,6.51097,-3.60824
379,0.418953,6.5149,-3.61024
379,0.438074,6.55106,-3.64287
379,-2.02972,7.14189,-2.81692
379,0.288013,6.77676,-3.51867
379,-0.582199,6.75716,-3.89546
379,2.41841,6.65367,-3.6265
379,-3.26356,7.67816,-2.66098
379,2.97759,6.98271,-2.97112
379,0.402688,7.14894,-3.84305
379,4.34241,6.98258,-3.48567
379,2.60416,7.05053,-3.88185
379,0.337369,7.11996,-4.3657
379,2.55627,6.95309,-4.21529
379,2.56681,6.96315,-4.21366
379,2.59155,7.00398,-4.28192
379,2.81265,7.2388,-3.62127
379,2.77562,7.22765,-3.66377
379,2.60381,7.02977,-4.28526
379,2.94981,7.50711,-2.87482
379,2.86588,7.61154,-2.84456
379,2.00845,7.13601,-4.52899
379,0.182988,7.29861,-4.6348
379,2.02187,7.15822,-4.55368
379,2.69101,7.47609,-3.54284
379,2.80329,7.46774,-3.58343
379,2.03597,7.21819,-4.5794
379,-3.11976,9.36317,-0.491521
379,-0.179793,8.69902,-3.89334
377,-0.179793,8.69902,-3.89334
379,0.0068754,10.0272,-2.41997
377,0.0068754,10.0272,-2.41997
379,-1.53006,11.9835,-3.0956
377,-1.53006,11.9835,-3.0956
379,2.76259,9.81936,-1.74654
377,2.76259,9.81936,-1.74654
379,7.01273,19.9469,-0.0952806
377,7.01273,19.9469,-0.0952806
379,8.88891,20.2326,-0.107078
377,8.88891,20.2326,-0.107078
379,1.67914,8.2014,-4.17612
377,1.67914,8.2014,-4.17612
379,2.23348,9.22642,-3.19844
377,2.23348,9.22642,-3.19844
379,2.87867,9.63937,-2.76219
377,2.87867,9.63937,-2.76219
379,1.50179,9.81786,-3.88153
377,1.50179,9.81786,-3.88153
379,4.0125,9.99969,-3.8959
377,4.0125,9.99969,-3.8959
379,-3.13883,10.1555,-3.66782
377,-3.13883,10.1555,-3.66782
379,-1.24545,12.6994,-2.20792
377,-1.24545,12.6994,-2.20792
379,3.86617,10.899,-3.59981
377,3.86617,10.899,-3.59981
379,2.16256,9.05764,-3.11918
377,2.16256,9.05764,-3.11918
379,-1.65967,11.5217,-0.167403
377,-1.65967,11.5217,-0.167403
379,-1.58237,10.842,-0.974736
377,-1.58237,10.842,-0.974736
379,0.254158,8.79195,-4.06219
377,0.254158,8.79195,-4.06219
379,-1.30005,10.538,-4.01133
377,-1.30005,10.538,-4.01133
379,-1.84678,8.61935,-3.82667
377,-1.84678,8.61935,-3.82667
379,1.54463,10.256,-1.29305
377,1.54463,10.256,-1.29305
379,-2.78488,9.44872,-2.31666
377,-2.78488,9.44872,-2.31666
379,1.6283,8.12931,-4.0992
377,1.6283,8.12931,-4.0992
379,1.31964,8.98332,-3.86706
377,1.31964,8.98332,-3.86706
379,1.77139,9.05168,-3.8692
377,1.77139,9.05168,-3.8692
379,0.67568,11.1962,-4.13129
377,0.67568,11.1962,-4.13129
379,-0.00277781,9.83611,-2.37104
377,-0.00277781,9.83611,-2.37104
379,1.46315,9.9974,-1.2542
377,1.46315,9.9974,-1.2542
379,-2.37033,11.9946,-1.58489
377,-2.37033,11.9946,-1.58489
379,-2.7099,9.41375,-2.68152
377,-2.7099,9.41375,-2.68152
379,-3.206,17.7492,1.74176
377,-3.206,17.7492,1.74176
379,-1.1305,13.0384,1.1104
377,-1.1305,13.0384,1.1104
379,1.59087,8.12128,-3.03074
377,1.59087,8.12128,-3.03074
379,3.19877,8.5773,-3.83047
377,3.19877,8.5773,-3.83047
379,0.247733,9.80004,-3.12939
377,0.247733,9.80004,-3.12939
379,7.85631,12.6828,-2.19588
377,7.85631,12.6828,-2.19588
379,-4.36561,12.5346,1.1065
377,-4.36561,12.5346,1.1065
379,-4.71372,10.9435,-2.37897
377,-4.71372,10.9435,-2.37897
379,-2.6677,9.95855,-2.86547
377,-2.6677,9.95855,-2.86547
379,-2.89011,11.2152,0.109794
377,-2.89011,11.2152,0.109794
379,-6.97429,14.6434,-0.847784
377,-6.97429,14.6434,-0.847784
379,-5.92742,13.8246,1.1325
377,-5.92742,13.8246,1.1325
379,0.89633,8.80652,-3.44582
377,0.89633,8.80652,-3.44582
379,-0.657859,9.59997,-3.94211
377,-0.657859,9.59997,-3.94211
379,7.24067,11.9726,-2.04144
377,7.24067,11.9726,-2.04144
379,3.87729,11.5492,-3.49305
377,3.87729,11.5492,-3.49305
379,4.67026,17.1117,-4.13511
377,4.67026,17.1117,-4.13511
379,-0.482844,9.23198,-3.08485
377,-0.482844,9.23198,-3.08485
379,-0.341622,9.29462,-2.40293
377,-0.341622,9.29462,-2.40293
379,-1.49125,9.29921,-3.57279
376,-1.49125,9.29921,-3.57279
379,-1.27054,10.5087,-3.74865
376,-1.27054,10.5087,-3.74865
379,-1.03243,9.4684,-3.87465
376,-1.03243,9.4684,-3.87465
379,0.910343,9.18917,-4.94351
376,0.910343,9.18917,-4.94351
379,0.13495,7.10325,-4.09595
376,0.13495,7.10325,-4.09595
379,11.3486,28.5068,-0.726286
376,11.3486,28.5068,-0.726286
379,2.8684,7.18656,-3.67932
376,2.8684,7.18656,-3.67932
379,12.3021,30.6089,-0.786911
376,12.3021,30.6089,-0.786911
379,-2.11554,9.12859,-3.61068
376,-2.11554,9.12859,-3.61068
379,1.79449,8.21274,-4.6537
376,1.79449,8.21274,-4.6537
379,0.794509,10.9345,-2.77802
376,0.794509,10.9345,-2.77802
379,0.942589,9.10078,-5.18514
376,0.942589,9.10078,-5.18514
379,-1.62414,9.1397,-3.37678
376,-1.62414,9.1397,-3.37678
379,-0.889239,9.6193,-3.45232
376,-0.889239,9.6193,-3.45232
379,0.429021,8.51625,-3.54679
376,0.429021,8.51625,-3.54679
379,-3.29942,10.2989,-2.9344
376,-3.29942,10.2989,-2.9344
379,-0.540841,9.01867,-2.96176
376,-0.540841,9.01867,-2.96176
379,2.53557,10.3344,-3.84235
376,2.53557,10.3344,-3.84235
379,0.423569,16.0583,1.44182
376,0.423569,16.0583,1.44182
379,-5.25369,12.0859,-0.627087
376,-5.25369,12.0859,-0.627087
379,0.847228,8.07593,-3.62638
376,0.847228,8.07593,-3.62638
379,-1.56211,11.2928,-2.84148
376,-1.56211,11.2928,-2.84148
379,21.799,34.8261,-0.310075
376,21.799,34.8261,-0.310075
379,-0.828736,9.34242,-4.07189
375,-0.828736,9.34242,-4.07189
379,-1.9995,10.691,-0.94384
375,-1.9995,10.691,-0.94384
379,1.12524,12.5898,-1.93698
375,1.12524,12.5898,-1.93698
379,1.78466,8.21224,-3.83887
375,1.78466,8.21224,-3.83887
379,1.08947,12.4373,-1.89637
375,1.08947,12.4373,-1.89637
379,-1.56534,6.87485,-3.86349
375,-1.56534,6.87485,-3.86349
379,2.33418,8.30462,-4.81056
375,2.33418,8.30462,-4.81056
379,-2.28601,11.4991,-1.51566
375,-2.28601,11.4991,-1.51566
379,-1.92242,9.21828,-3.40575
375,-1.92242,9.21828,-3.40575
379,1.04643,12.2958,-1.86158
375,1.04643,12.2958,-1.86158
379,-3.19059,10.0558,-2.98924
375,-3.19059,10.0558,-2.98924
379,2.99092,7.04729,-3.05807
375,2.99092,7.04729,-3.05807
379,-1.10644,12.3969,1.04866
375,-1.10644,12.3969,1.04866
379,-0.254252,9.47627,-2.78631
375,-0.254252,9.47627,-2.78631
379,-1.23681,12.6934,-0.362359
375,-1.23681,12.6934,-0.362359
379,4.21807,14.1411,0.758907
375,4.21807,14.1411,0.758907
379,4.48664,14.717,0.790952
375,4.48664,14.717,0.790952
379,2.83033,10.1504,-1.95266
375,2.83033,10.1504,-1.95266
379,-1.46227,9.97462,-0.818937
375,-1.46227,9.97462,-0.818937
379,-1.16168,7.96535,-3.36694
374,-1.16168,7.96535,-3.36694
379,-0.461244,9.49935,-3.7708
374,-0.461244,9.49935,-3.7708
379,2.9652,7.84072,-4.48847
374,2.9652,7.84072,-4.48847
379,-3.04953,10.861,-2.16977
374,-3.04953,10.861,-2.16977
379,0.83087,7.26299,-3.91322
374,0.83087,7.26299,-3.91322
379,-0.331225,9.95314,-2.61668
374,-0.331225,9.95314,-2.61668
379,-2.65836,10.8005,-1.4769
374,-2.65836,10.8005,-1.4769
379,-1.31111,8.83082,-3.91474
374,-1.31111,8.83082,-3.91474
379,-2.67956,5.2026,-2.02863
374,-2.67956,5.2026,-2.02863
379,-5.40575,12.4588,-0.91539
374,-5.40575,12.4588,-0.91539
379,-3.38363,10.289,-3.0319
374,-3.38363,10.289,-3.0319
379,-1.85852,10.472,-3.04561
373,-1.85852,10.472,-3.04561
379,1.77589,8.56037,-3.31769
373,1.77589,8.56037,-3.31769
379,-3.18398,9.85807,-3.32158
373,-3.18398,9.85807,-3.32158
379,8.95267,17.3229,-0.274514
373,8.95267,17.3229,-0.274514
379,-6.76172,15.4133,-0.862483
373,-6.76172,15.4133,-0.862483
379,0.722204,9.54861,-3.17741
373,0.722204,9.54861,-3.17741
379,0.874853,7.64114,-3.98871
66,0.874853,7.64114,-3.98871
379,0.599157,10.4422,-0.991057
66,0.599157,10.4422,-0.991057
379,-0.306435,10.1803,-2.65279
66,-0.306435,10.1803,-2.65279
379,0.779261,9.70352,-3.24191
66,0.779261,9.70352,-3.24191
379,-1.09679,11.9975,-0.915844
66,-1.09679,11.9975,-0.915844
379,2.50353,10.8764,-1.42686
64,2.50353,10.8764,-1.42686
379,-1.06671,11.0711,-0.864917
64,-1.06671,11.0711,-0.864917
379,0.663787,10.3484,-2.5659
64,0.663787,10.3484,-2.5659
379,-1.20571,9.13624,-3.68563
64,-1.20571,9.13624,-3.68563
379,1.025,9.27328,-3.6648
64,1.025,9.27328,-3.6648
379,-2.49583,10.6528,-1.33942
64,-2.49583,10.6528,-1.33942
379,1.22376,9.29944,-2.43838
64,1.22376,9.29944,-2.43838
379,1.54248,10.1503,-2.75624
372,1.54248,10.1503,-2.75624
379,-5.26113,10.505,-3.09758
372,-5.26113,10.505,-3.09758
380,-0.933242,3.29213,0.104747
380,-2.24041,5.59229,-2.12517
380,-2.12197,5.65499,-2.21721
380,-2.59331,5.8858,-2.08844
380,-2.62722,5.92107,-2.15474
380,-2.59031,5.98267,-2.19525
380,-2.58724,5.9737,-2.25091
380,-1.20614,5.77691,-2.80984
380,-3.11309,6.27806,-2.06725
380,-1.22289,5.88432,-2.89459
380,2.20279,5.76847,-2.84942
380,-1.93147,6.67311,-2.27858
380,-2.0462,6.70237,-2.32344
380,-0.14483,6.38353,-2.76734
380,-2.01699,6.62491,-2.90264
380,2.85957,6.00754,-2.94625
380,-0.176501,6.47194,-2.86429
380,-1.95724,6.83125,-2.65943
380,-1.93257,6.86242,-2.94231
380,-1.96941,6.88255,-2.92726
380,-2.00022,7.06961,-2.79856
380,-1.97915,7.08514,-2.85273
380,-2.6382,7.462,-2.60096
380,2.4075,6.62639,-3.52489
380,2.57073,6.83903,-2.95526
380,4.2516,6.89586,-2.69279
380,2.81117,7.05362,-2.91087
380,-0.955492,7.45502,-3.41985
380,3.13225,7.02336,-3.09194
380,0.748151,7.15213,-3.78951
380,2.54625,6.89634,-3.92455
380,-0.94921,7.50316,-3.45195
380,4.40924,7.03594,-2.75409
380,3.06015,7.1262,-3.10414
380,2.69573,7.07172,-3.63856
380,4.30167,7.00622,-3.45373
380,2.73844,7.41854,-2.7401
380,2.96846,7.38611,-2.78102
380,4.36753,7.00684,-3.47787
380,2.79652,7.35702,-3.0349
380,2.96783,7.43761,-2.77163
380,2.8474,7.59675,-2.85337
380,2.84736,7.61195,-2.82159
380,2.69396,7.43981,-3.58272
380,4.57403,7.23803,-3.62332
380,3.20126,7.73792,-2.95425
380,-1.28794,9.19794,-4.07759
377,-1.28794,9.19794,-4.07759
380,-1.52795,11.9717,-3.08467
377,-1.52795,11.9717,-3.08467
380,1.91814,8.81574,-4.61402
377,1.91814,8.81574,-4.61402
380,3.67293,10.538,-3.48537
377,3.67293,10.538,-3.48537
380,1.01943,10.0118,-3.9532
377,1.01943,10.0118,-3.9532
380,3.54921,9.22362,-3.03268
377,3.54921,9.22362,-3.03268
380,2.36033,8.47955,-3.0482
377,2.36033,8.47955,-3.0482
380,-1.57551,10.7454,-0.972106
377,-1.57551,10.7454,-0.972106
380,3.34991,10.0198,-5.48589
377,3.34991,10.0198,-5.48589
380,2.69185,9.69501,-1.73866
377,2.69185,9.69501,-1.73866
380,-2.20973,11.3102,0.406225
377,-2.20973,11.3102,0.406225
380,0.688986,11.3474,-4.21937
377,0.688986,11.3474,-4.21937
380,0.419238,7.13252,-3.68364
377,0.419238,7.13252,-3.68364
380,1.68654,9.33187,-4.26501
377,1.68654,9.33187,-4.26501
380,-0.0597174,17.2594,2.28072
377,-0.0597174,17.2594,2.28072
380,3.1115,8.40013,-3.59231
377,3.1115,8.40013,-3.59231
380,1.75795,8.74633,-3.86272
377,1.75795,8.74633,-3.86272
380,0.585219,7.96889,-4.03778
377,0.585219,7.96889,-4.03778
380,-0.518039,9.56644,-3.21426
377,-0.518039,9.56644,-3.21426
380,-3.06318,21.7978,2.6492
377,-3.06318,21.7978,2.6492
380,-1.51426,8.72203,-3.79244
377,-1.51426,8.72203,-3.79244
380,2.35478,8.51735,-3.05262
377,2.35478,8.51735,-3.05262
380,6.51143,18.8109,-0.109274
377,6.51143,18.8109,-0.109274
380,-2.14474,10.6815,-1.37869
377,-2.14474,10.6815,-1.37869
380,-2.14353,9.77054,-3.12966
377,-2.14353,9.77054,-3.12966
380,-2.88259,20.3067,2.45847
377,-2.88259,20.3067,2.45847
380,11.4969,28.5592,-0.157198
377,11.4969,28.5592,-0.157198
380,-1.58096,11.8962,-3.07007
377,-1.58096,11.8962,-3.07007
380,-1.62219,18.2577,2.21485
377,-1.62219,18.2577,2.21485
380,0.204993,9.77934,-3.12973
377,0.204993,9.77934,-3.12973
380,-5.45176,12.5382,-2.81032
377,-5.45176,12.5382,-2.81032
380,9.04748,18.1749,2.0672
377,9.04748,18.1749,2.0672
380,11.2264,28.0921,-1.01308
377,11.2264,28.0921,-1.01308
380,-0.683133,8.48835,-3.33202
377,-0.683133,8.48835,-3.33202
380,-2.56518,9.82496,0.0779204
377,-2.56518,9.82496,0.0779204
380,-0.479526,14.9573,0.235857
377,-0.479526,14.9573,0.235857
380,-5.32048,12.1331,-3.66187
377,-5.32048,12.1331,-3.66187
380,3.0184,12.2213,1.26441
377,3.0184,12.2213,1.26441
380,-1.06566,11.8479,1.0021
377,-1.06566,11.8479,1.0021
380,4.7196,11.8082,-6.50952
377,4.7196,11.8082,-6.50952
380,-1.28968,8.52895,-3.68849
377,-1.28968,8.52895,-3.68849
380,-2.07711,9.51653,-4.16068
377,-2.07711,9.51653,-4.16068
380,-5.5297,12.9882,1.05802
377,-5.5297,12.9882,1.05802
380,3.15658,9.32215,-1.10467
377,3.15658,9.32215,-1.10467
380,0.912413,9.28657,-0.810281
377,0.912413,9.28657,-0.810281
380,-1.31003,8.69087,-0.651806
377,-1.31003,8.69087,-0.651806
380,4.9425,17.9875,-4.343
377,4.9425,17.9875,-4.343
380,0.443782,8.18333,-3.67229
377,0.443782,8.18333,-3.67229
380,-2.28096,9.57607,-4.5501
377,-2.28096,9.57607,-4.5501
380,-4.82057,11.6358,-1.83512
377,-4.82057,11.6358,-1.83512
380,-0.978656,11.4168,0.939134
377,-0.978656,11.4168,0.939134
380,1.85011,8.6186,-4.22635
376,1.85011,8.6186,-4.22635
380,-1.8684,8.78712,-3.74767
376,-1.8684,8.78712,-3.74767
380,-1.68333,9.51014,-2.8535
376,-1.68333,9.51014,-2.8535
380,-1.67732,9.56817,-3.61569
376,-1.67732,9.56817,-3.61569
380,1.1366,9.09655,-3.43947
376,1.1366,9.09655,-3.43947
380,-0.891957,9.2394,-3.27358
376,-0.891957,9.2394,-3.27358
380,0.859811,11.2791,-2.89388
376,0.859811,11.2791,-2.89388
380,-0.922666,9.37176,-4.12478
376,-0.922666,9.37176,-4.12478
380,1.27669,9.31,-4.4389
376,1.27669,9.31,-4.4389
380,2.18061,8.02428,-4.71897
376,2.18061,8.02428,-4.71897
380,-2.33216,10.7011,-2.75187
376,-2.33216,10.7011,-2.75187
380,-1.71238,9.84682,-3.73427
376,-1.71238,9.84682,-3.73427
380,-2.78724,9.76238,-2.79326
376,-2.78724,9.76238,-2.79326
380,2.7898,11.9204,-2.68138
376,2.7898,11.9204,-2.68138
380,1.5168,6.46316,-2.74042
376,1.5168,6.46316,-2.74042
380,-5.33133,12.8211,-2.13781
376,-5.33133,12.8211,-2.13781
380,1.59179,9.04771,-3.9747
376,1.59179,9.04771,-3.9747
380,1.35499,8.4108,-3.57486
376,1.35499,8.4108,-3.57486
380,0.611568,10.0351,-2.47761
376,0.611568,10.0351,-2.47761
380,1.8533,8.79857,-3.07787
376,1.8533,8.79857,-3.07787
380,12.9481,22.1456,-0.141413
376,12.9481,22.1456,-0.141413
380,-1.23014,9.90241,-3.1241
376,-1.23014,9.90241,-3.1241
380,-5.19595,11.9972,-0.60103
376,-5.19595,11.9972,-0.60103
380,3.05693,8.57963,-3.1337
376,3.05693,8.57963,-3.1337
380,-3.51691,10.8378,-1.71678
376,-3.51691,10.8378,-1.71678
380,-1.57058,11.1,-2.8405
376,-1.57058,11.1,-2.8405
380,5.46168,14.1356,-3.6392
379,5.46168,14.1356,-3.6392
380,0.645643,10.5398,-0.986672
379,0.645643,10.5398,-0.986672
380,0.893978,10.9077,-3.93238
379,0.893978,10.9077,-3.93238
380,0.712255,9.36601,-3.80981
379,0.712255,9.36601,-3.80981
380,0.486715,9.40365,-3.81738
379,0.486715,9.40365,-3.81738
380,-0.76413,9.37393,-4.19659
379,-0.76413,9.37393,-4.19659
380,-0.727492,10.2926,-3.02076
379,-0.727492,10.2926,-3.02076
380,10.3756,20.3334,-0.689804
379,10.3756,20.3334,-0.689804
380,-1.97593,10.0605,-3.18462
379,-1.97593,10.0605,-3.18462
380,-1.34297,13.8216,1.29525
379,-1.34297,13.8216,1.29525
380,0.610476,10.4446,-0.982435
379,0.610476,10.4446,-0.982435
380,1.35662,7.53587,-4.25205
379,1.35662,7.53587,-4.25205
380,0.961926,8.54457,-1.63141
379,0.961926,8.54457,-1.63141
380,7.09626,18.9745,0.369175
379,7.09626,18.9745,0.369175
380,-1.94158,8.63516,-2.63366
379,-1.94158,8.63516,-2.63366
380,1.93707,8.14671,-3.59911
379,1.93707,8.14671,-3.59911
380,-1.81459,8.17101,-2.69163
379,-1.81459,8.17101,-2.69163
380,-0.53453,9.29023,-3.11068
379,-0.53453,9.29023,-3.11068
380,0.88286,10.1469,-3.44165
379,0.88286,10.1469,-3.44165
380,2.42882,8.5423,-1.47678
379,2.42882,8.5423,-1.47678
380,-1.5624,10.72,-0.943026
379,-1.5624,10.72,-0.943026
380,5.7267,14.8674,-3.03702
379,5.7267,14.8674,-3.03702
380,-1.58397,11.9191,-3.07102
379,-1.58397,11.9191,-3.07102
380,-4.83209,11.1183,-2.45863
379,-4.83209,11.1183,-2.45863
380,0.0538908,8.10862,-3.60204
379,0.0538908,8.10862,-3.60204
380,0.516578,8.69612,-2.79403
379,0.516578,8.69612,-2.79403
380,4.17271,12.8414,-1.84372
379,4.17271,12.8414,-1.84372
380,3.98263,7.8484,-1.18111
379,3.98263,7.8484,-1.18111
380,-0.752931,13.545,-0.00826469
378,-0.752931,13.545,-0.00826469
380,-1.44415,10.7092,-0.968015
378,-1.44415,10.7092,-0.968015
380,-1.81439,11.056,-2.80495
378,-1.81439,11.056,-2.80495
380,4.68983,11.2142,-1.46879
378,4.68983,11.2142,-1.46879
380,-2.3519,13.7298,-2.39829
378,-2.3519,13.7298,-2.39829
380,2.23927,8.27775,-4.53404
378,2.23927,8.27775,-4.53404
380,1.68478,10.204,-1.32453
378,1.68478,10.204,-1.32453
380,0.394198,7.70394,-4.50231
378,0.394198,7.70394,-4.50231
380,3.05643,7.90367,-4.20522
378,3.05643,7.90367,-4.20522
380,-1.66668,10.7363,-1.01874
378,-1.66668,10.7363,-1.01874
380,2.54879,12.4229,-2.79798
378,2.54879,12.4229,-2.79798
380,8.02328,17.849,-2.46661
378,8.02328,17.849,-2.46661
380,0.571115,11.057,-0.928974
375,0.571115,11.057,-0.928974
380,-0.182467,8.65448,-3.85929
375,-0.182467,8.65448,-3.85929
380,2.53689,6.81516,-3.6077
375,2.53689,6.81516,-3.6077
380,-1.89634,8.89439,-3.25703
375,-1.89634,8.89439,-3.25703
380,-0.125307,9.93815,-3.33503
375,-0.125307,9.93815,-3.33503
380,0.318985,9.69154,-4.61126
375,0.318985,9.69154,-4.61126
380,0.173233,9.6023,-3.04677
375,0.173233,9.6023,-3.04677
380,-0.262466,10.3023,-2.72573
375,-0.262466,10.3023,-2.72573
380,-2.48579,9.26399,-2.60216
375,-2.48579,9.26399,-2.60216
380,-2.14264,11.2692,-1.01095
374,-2.14264,11.2692,-1.01095
380,-1.99101,8.93602,-3.83389
374,-1.99101,8.93602,-3.83389
380,3.2106,11.0739,-1.54089
374,3.2106,11.0739,-1.54089
380,1.77682,8.44511,-3.77276
374,1.77682,8.44511,-3.77276
380,-1.94696,10.5616,-5.61163
374,-1.94696,10.5616,-5.61163
380,-2.61591,11.3147,-1.41882
374,-2.61591,11.3147,-1.41882
380,-1.80116,10.0574,-3.07285
373,-1.80116,10.0574,-3.07285
380,-1.52996,8.68338,-3.78041
373,-1.52996,8.68338,-3.78041
380,-5.45606,13.3566,-0.885055
373,-5.45606,13.3566,-0.885055
380,-0.185306,13.0448,1.11781
64,-0.185306,13.0448,1.11781
380,-1.04103,9.46522,-3.39175
64,-1.04103,9.46522,-3.39175
380,-0.994766,10.6257,-3.14691
64,-0.994766,10.6257,-3.14691
380,-4.21404,12.5392,1.36536
64,-4.21404,12.5392,1.36536
380,-1.92506,10.7399,-3.38108
64,-1.92506,10.7399,-3.38108
380,2.41786,10.6451,-1.38708
61,2.41786,10.6451,-1.38708
380,-0.481556,10.1525,-3.38659
61,-0.481556,10.1525,-3.38659
380,-1.21736,9.34546,-3.7665
61,-1.21736,9.34546,-3.7665
380,-2.54104,11.3237,-0.952504
61,-2.54104,11.3237,-0.952504
380,0.569167,13.2706,-2.36604
66,0.569167,13.2706,-2.36604
380,-0.887007,9.6005,-3.44557
372,-0.887007,9.6005,-3.44557
381,-2.3573,5.01368,-2.17848
381,-2.69171,5.32228,-2.20776
381,-1.96599,5.28544,-2.4908
381,-2.1511,5.67272,-2.22875
381,2.08297,5.21393,-2.74188
381,2.41046,5.34552,-2.74739
381,2.19068,5.56538,-2.86607
381,2.1041,5.65047,-2.73502
381,-2.22148,6.33973,-2.2933
381,2.28748,5.65716,-2.92758
381,2.26904,5.65694,-2.94677
381,-1.97161,6.5297,-2.25758
381,2.71816,5.89084,-2.84052
381,0.23875,6.01038,-3.52329
381,-2.03562,6.73822,-2.33236
381,0.262604,6.12142,-3.58362
381,-0.176651,6.42,-2.84971
381,0.595568,6.13252,-3.48895
381,2.09167,5.98623,-3.46225
381,-1.68831,6.48663,-3.69454
381,-1.23133,6.38158,-3.8677
381,0.74792,6.26221,-3.94424
381,-1.70875,6.61934,-3.79221
381,-1.12402,6.56241,-3.79712
381,-1.24947,6.51622,-3.98488
381,-1.17574,6.63735,-3.71572
381,0.783827,6.33661,-4.02001
381,-1.21565,6.66431,-3.70174
381,-1.38669,6.61803,-3.90246
381,-1.20741,6.59134,-3.92362
381,-1.14125,6.66408,-3.87952
381,-1.08619,6.62146,-4.07556
381,-1.85627,6.81748,-3.7699
381,0.401976,6.66793,-3.62609
381,-1.88219,7.02075,-3.90325
381,0.354162,6.9524,-3.64298
381,2.7792,6.93887,-2.9545
381,2.79378,7.08881,-2.86335
381,-1.56008,7.24128,-4.15161
381,1.82668,6.95123,-4.25253
381,2.5983,7.20609,-3.68857
381,1.6086,6.96799,-4.78167
381,-3.13718,8.19667,-2.75824
381,1.91019,7.14112,-4.39776
381,0.219149,7.4829,-4.123
381,3.09178,7.66297,-2.79545
381,-1.97373,9.27438,-3.20845
379,-1.97373,9.27438,-3.20845
381,-0.736616,6.60957,-3.73304
379,-0.736616,6.60957,-3.73304
381,-0.709325,10.9942,-3.28517
379,-0.709325,10.9942,-3.28517
381,-1.44031,10.9069,-2.74834
379,-1.44031,10.9069,-2.74834
381,1.70841,8.30651,-4.00369
379,1.70841,8.30651,-4.00369
381,-0.171724,6.34413,-3.39876
379,-0.171724,6.34413,-3.39876
381,0.438002,6.20004,-3.58569
379,0.438002,6.20004,-3.58569
381,5.31344,13.1443,-3.76257
379,5.31344,13.1443,-3.76257
381,2.05517,6.5438,-3.79443
379,2.05517,6.5438,-3.79443
381,-0.665399,10.1015,-0.93692
379,-0.665399,10.1015,-0.93692
381,0.532687,14.7114,-0.0914524
379,0.532687,14.7114,-0.0914524
381,8.99184,20.4761,-0.127553
379,8.99184,20.4761,-0.127553
381,-2.13875,8.63765,-3.90726
379,-2.13875,8.63765,-3.90726
381,-1.42847,10.6953,-0.843446
379,-1.42847,10.6953,-0.843446
381,2.42534,6.82775,-3.85853
379,2.42534,6.82775,-3.85853
381,-2.17937,10.8836,-1.42035
379,-2.17937,10.8836,-1.42035
381,-2.80611,9.53759,-2.34171
379,-2.80611,9.53759,-2.34171
381,-0.320046,9.98034,-2.58248
379,-0.320046,9.98034,-2.58248
381,-1.48628,9.22887,-3.51904
379,-1.48628,9.22887,-3.51904
381,3.00763,7.95821,-3.8692
379,3.00763,7.95821,-3.8692
381,-1.19631,8.92676,-3.56287
379,-1.19631,8.92676,-3.56287
381,1.2404,9.0511,-3.44067
379,1.2404,9.0511,-3.44067
381,0.64846,15.9485,-0.0915196
379,0.64846,15.9485,-0.0915196
381,-3.49115,12.4574,-2.61926
379,-3.49115,12.4574,-2.61926
381,-4.44604,10.3732,-2.22465
379,-4.44604,10.3732,-2.22465
381,1.87301,8.06721,-3.52306
379,1.87301,8.06721,-3.52306
381,-2.37781,12.0848,-1.60752
379,-2.37781,12.0848,-1.60752
381,0.46226,8.7038,-3.65609
379,0.46226,8.7038,-3.65609
381,0.841819,9.99856,-3.37028
379,0.841819,9.99856,-3.37028
381,1.7127,6.70819,-4.08399
379,1.7127,6.70819,-4.08399
381,1.68597,8.35631,-2.8864
379,1.68597,8.35631,-2.8864
381,3.79419,12.449,-1.77917
379,3.79419,12.449,-1.77917
381,-0.420108,14.4617,0.260025
379,-0.420108,14.4617,0.260025
381,-0.661584,9.07453,-3.64917
379,-0.661584,9.07453,-3.64917
381,1.42333,10.0265,-2.69752
379,1.42333,10.0265,-2.69752
381,-1.48871,9.06924,-3.40523
379,-1.48871,9.06924,-3.40523
381,5.63682,16.1149,-0.123027
379,5.63682,16.1149,-0.123027
381,2.35664,8.61617,-3.05446
379,2.35664,8.61617,-3.05446
381,4.02984,7.41775,-3.1585
379,4.02984,7.41775,-3.1585
381,2.21168,11.5097,-2.51023
379,2.21168,11.5097,-2.51023
381,-1.70431,12.8564,-1.15962
379,-1.70431,12.8564,-1.15962
381,1.26591,9.44918,-2.48923
379,1.26591,9.44918,-2.48923
381,-1.28361,10.0586,-3.25645
379,-1.28361,10.0586,-3.25645
381,1.15945,8.55324,-4.5152
379,1.15945,8.55324,-4.5152
381,-2.7348,9.53946,-2.7265
379,-2.7348,9.53946,-2.7265
381,-1.59851,9.64585,-3.88553
380,-1.59851,9.64585,-3.88553
381,0.868201,15.2222,-2.76149
380,0.868201,15.2222,-2.76149
381,0.321927,10.011,-0.828326
380,0.321927,10.011,-0.828326
381,7.42681,14.8714,-0.256306
380,7.42681,14.8714,-0.256306
381,-1.42223,6.62639,-2.96037
380,-1.42223,6.62639,-2.96037
381,-1.39214,10.8335,-0.885067
380,-1.39214,10.8335,-0.885067
381,0.45914,10.4547,-0.881817
380,0.45914,10.4547,-0.881817
381,1.34027,9.89936,-2.0012
380,1.34027,9.89936,-2.0012
381,0.383725,8.25631,-4.70882
380,0.383725,8.25631,-4.70882
381,0.594359,9.90481,-2.46036
380,0.594359,9.90481,-2.46036
381,-0.177586,8.12962,-3.54167
380,-0.177586,8.12962,-3.54167
381,5.33283,14.1703,-2.79552
380,5.33283,14.1703,-2.79552
381,3.25375,10.1493,-1.84557
380,3.25375,10.1493,-1.84557
381,-2.70134,10.9012,-1.41829
380,-2.70134,10.9012,-1.41829
381,-1.036,8.79892,-3.07378
380,-1.036,8.79892,-3.07378
381,-1.97815,8.82175,-2.72967
380,-1.97815,8.82175,-2.72967
381,0.834314,7.83914,-1.95315
380,0.834314,7.83914,-1.95315
381,-1.96324,8.72187,-2.68632
380,-1.96324,8.72187,-2.68632
381,-4.49931,11.8051,0.383981
380,-4.49931,11.8051,0.383981
381,-4.05933,11.6675,0.310872
380,-4.05933,11.6675,0.310872
381,7.67063,20.2487,0.418661
380,7.67063,20.2487,0.418661
381,-1.17929,6.71696,-2.83498
380,-1.17929,6.71696,-2.83498
381,5.80212,9.90552,-1.67584
380,5.80212,9.90552,-1.67584
381,-3.29583,12.9412,0.108347
380,-3.29583,12.9412,0.108347
381,5.28325,8.42646,-3.22248
380,5.28325,8.42646,-3.22248
381,3.3453,13.6192,-3.13296
380,3.3453,13.6192,-3.13296
381,0.094013,8.31343,-3.74576
380,0.094013,8.31343,-3.74576
381,1.32341,7.44857,-2.51296
380,1.32341,7.44857,-2.51296
381,2.94909,11.9253,-1.57146
380,2.94909,11.9253,-1.57146
381,3.93651,7.3262,-3.09413
380,3.93651,7.3262,-3.09413
381,-1.57979,11.5468,-0.955124
380,-1.57979,11.5468,-0.955124
381,1.18243,10.4364,-0.957511
380,1.18243,10.4364,-0.957511
381,-0.368085,9.07717,-2.3361
380,-0.368085,9.07717,-2.3361
381,1.05768,8.46937,-3.59127
377,1.05768,8.46937,-3.59127
381,3.64568,9.49891,-3.60818
377,3.64568,9.49891,-3.60818
381,-1.30842,6.52905,-3.39486
377,-1.30842,6.52905,-3.39486
381,10.9303,27.2563,-1.16911
377,10.9303,27.2563,-1.16911
381,1.13607,11.142,-2.87149
377,1.13607,11.142,-2.87149
381,7.45604,19.842,0.389518
377,7.45604,19.842,0.389518
381,1.86437,8.81524,-3.41019
377,1.86437,8.81524,-3.41019
381,-3.15722,9.9872,-2.97734
377,-3.15722,9.9872,-2.97734
381,-1.25978,12.7014,-2.20576
377,-1.25978,12.7014,-2.20576
381,-2.04759,9.39962,-4.08488
377,-2.04759,9.39962,-4.08488
381,2.50116,7.07397,-2.57615
377,2.50116,7.07397,-2.57615
381,5.75939,9.95102,-3.27953
377,5.75939,9.95102,-3.27953
381,-1.07568,11.7201,-0.843402
377,-1.07568,11.7201,-0.843402
381,1.27327,9.50598,-0.956431
376,1.27327,9.50598,-0.956431
381,-1.23277,12.5254,-2.19099
376,-1.23277,12.5254,-2.19099
381,-2.8444,10.8703,-3.2701
376,-2.8444,10.8703,-3.2701
381,1.19562,9.06461,-4.27728
376,1.19562,9.06461,-4.27728
381,-1.58834,10.7708,-0.966733
376,-1.58834,10.7708,-0.966733
381,-3.19813,12.6056,-0.652163
376,-3.19813,12.6056,-0.652163
381,3.26827,8.89382,-3.30173
376,3.26827,8.89382,-3.30173
381,1.59013,8.10441,-3.64069
376,1.59013,8.10441,-3.64069
381,2.45408,6.8641,-3.90413
378,2.45408,6.8641,-3.90413
381,2.60008,7.3747,-4.23449
378,2.60008,7.3747,-4.23449
381,1.48426,8.32306,-3.70988
378,1.48426,8.32306,-3.70988
381,1.82324,9.22588,-3.97308
378,1.82324,9.22588,-3.97308
381,11.0359,27.5222,-1.19674
378,11.0359,27.5222,-1.19674
381,2.07355,8.91237,-4.42093
378,2.07355,8.91237,-4.42093
381,1.58739,8.58131,-3.87406
378,1.58739,8.58131,-3.87406
381,-1.90271,11.8547,0.118754
378,-1.90271,11.8547,0.118754
381,1.74522,8.69994,-3.60275
378,1.74522,8.69994,-3.60275
381,2.54152,8.49417,-4.42338
378,2.54152,8.49417,-4.42338
381,-0.65697,12.5459,0.0373072
378,-0.65697,12.5459,0.0373072
381,-3.60092,10.569,-3.15916
378,-3.60092,10.569,-3.15916
381,4.07787,12.7209,-1.76458
378,4.07787,12.7209,-1.76458
381,2.84368,10.1049,-1.30414
378,2.84368,10.1049,-1.30414
381,-2.52738,13.0252,-0.262948
375,-2.52738,13.0252,-0.262948
381,2.68379,7.47573,-3.55317
375,2.68379,7.47573,-3.55317
381,-0.532951,9.28226,-3.08169
375,-0.532951,9.28226,-3.08169
381,0.566988,9.61116,-3.72633
375,0.566988,9.61116,-3.72633
381,1.45514,9.39878,-3.77632
375,1.45514,9.39878,-3.77632
381,0.930026,13.141,1.16435
375,0.930026,13.141,1.16435
381,1.10004,8.93108,-2.28419
375,1.10004,8.93108,-2.28419
381,1.60224,10.1225,-1.92463
374,1.60224,10.1225,-1.92463
381,1.52755,9.92825,-1.87113
374,1.52755,9.92825,-1.87113
381,10.394,16.9761,-1.55807
374,10.394,16.9761,-1.55807
381,-2.0923,10.0781,-3.26936
374,-2.0923,10.0781,-3.26936
381,-0.360019,9.252,-2.37924
64,-0.360019,9.252,-2.37924
381,1.03531,10.292,-1.06086
64,1.03531,10.292,-1.06086
381,-3.17,10.0079,-2.97902
64,-3.17,10.0079,-2.97902
381,-6.5871,19.6175,2.35919
64,-6.5871,19.6175,2.35919
381,-1.01287,10.406,-3.76502
64,-1.01287,10.406,-3.76502
381,-3.05888,10.3585,-0.814789
64,-3.05888,10.3585,-0.814789
381,0.991571,9.0517,-3.5823
64,0.991571,9.0517,-3.5823
381,-0.847485,9.63743,-3.6
61,-0.847485,9.63743,-3.6
381,1.70315,8.33025,-3.9055
61,1.70315,8.33025,-3.9055
381,-1.92099,13.7549,-0.865409
61,-1.92099,13.7549,-0.865409
381,1.51065,8.83922,-3.8129
61,1.51065,8.83922,-3.8129
381,1.08438,9.43191,-3.58931
373,1.08438,9.43191,-3.58931
381,-0.0425649,9.51956,-3.06238
373,-0.0425649,9.51956,-3.06238
381,-3.35472,5.83882,-2.28555
373,-3.35472,5.83882,-2.28555
381,-2.33276,9.72829,-2.95402
372,-2.33276,9.72829,-2.95402
381,1.11896,10.4363,-1.01668
372,1.11896,10.4363,-1.01668
381,-0.569058,9.53602,-3.44909
372,-0.569058,9.53602,-3.44909
381,-4.06994,18.106,1.91625
372,-4.06994,18.106,1.91625
382,-0.917625,2.73768,0.0221393
382,-2.35966,5.01311,-2.16881
382,-2.30858,4.9965,-2.22763
382,-2.25765,5.00915,-2.25929
382,-2.7081,5.29976,-2.239
382,2.60695,4.74757,-2.68482
382,2.59208,4.75049,-2.69496
382,2.64045,4.77815,-2.72766
382,-2.12414,5.65319,-2.21353
382,-2.56772,5.88624,-2.06605
382,-2.56466,5.87047,-2.11815
382,2.21421,4.96906,-3.05678
382,2.6726,5.05124,-2.73
382,2.67903,5.08331,-2.7245
382,2.66389,5.09117,-2.72541
382,2.69539,5.12494,-2.73648
382,-3.29234,6.3139,-2.25994
382,-1.34097,5.8181,-3.0622
382,-3.52078,6.60136,-2.24859
382,2.23392,5.64354,-2.93095
382,-3.49714,6.67665,-2.26155
382,2.28574,5.66533,-2.93284
382,2.27519,5.6689,-2.92925
382,2.7363,5.6349,-2.94062
382,2.20427,5.81207,-2.77681
382,-0.763248,5.96225,-3.68163
382,-2.39713,7.12003,-1.02922
382,-1.29502,6.07844,-3.7896
382,2.06507,5.63078,-3.74856
382,-3.03148,6.88005,-2.29869
382,-1.39581,6.1378,-3.79328
382,-1.2927,6.11082,-3.83697
382,-1.38121,6.20412,-3.60912
382,-1.41931,6.10411,-3.93268
382,-1.26374,6.17188,-3.85178
382,-1.81524,6.22506,-3.95028
382,-1.75791,6.40296,-3.46325
382,-1.40435,6.22211,-3.86976
382,-0.065701,6.47606,-2.79772
382,-1.36088,6.37322,-3.66997
382,-1.35319,6.37154,-3.68636
382,-0.16691,6.50033,-2.88232
382,1.65508,7.22451,-0.260136
382,-1.24336,6.35011,-3.9401
382,0.302593,6.25803,-3.59414
382,-1.31584,6.44076,-3.83362
382,-1.80708,6.64558,-3.6311
382,-0.128732,6.60201,-3.58844
382,4.15953,6.84768,-1.36506
382,0.427083,6.63809,-3.66808
382,0.294691,6.82855,-3.54256
382,2.15504,6.85765,-2.84956
382,2.91852,6.73573,-2.89901
382,-0.000274956,6.67303,-4.46771
382,-2.9861,7.92009,-2.62
382,0.0698578,6.95893,-4.31282
382,2.80428,7.0921,-2.90342
382,0.151994,6.89967,-4.61008
382,2.91978,7.17078,-2.87072
382,3.03874,7.21794,-2.78944
382,0.313425,7.14682,-4.11017
382,1.52391,6.82393,-4.62588
382,0.0701975,7.10155,-4.43993
382,4.4493,7.15994,-2.82135
382,3.12286,7.33427,-2.85254
382,1.62444,10.2048,-0.994617
381,1.62444,10.2048,-0.994617
382,2.90875,7.47745,-2.85019
381,2.90875,7.47745,-2.85019
382,-1.18558,12.6326,-1.34504
381,-1.18558,12.6326,-1.34504
382,-0.504769,9.64061,-3.23258
381,-0.504769,9.64061,-3.23258
382,6.53859,17.8169,-0.100119
381,6.53859,17.8169,-0.100119
382,10.4996,19.6657,-0.346123
381,10.4996,19.6657,-0.346123
382,2.10325,6.63853,-3.82185
381,2.10325,6.63853,-3.82185
382,-0.34199,9.86728,-2.56971
381,-0.34199,9.86728,-2.56971
382,2.69451,7.23968,-4.1762
381,2.69451,7.23968,-4.1762
382,5.47812,13.4399,-3.85793
381,5.47812,13.4399,-3.85793
382,10.3408,19.4157,-0.341505
381,10.3408,19.4157,-0.341505
382,2.00481,9.55432,-1.20676
381,2.00481,9.55432,-1.20676
382,2.64468,7.3869,-3.49576
381,2.64468,7.3869,-3.49576
382,1.35645,8.35599,-3.5701
381,1.35645,8.35599,-3.5701
382,-1.19448,13.6271,1.19229
381,-1.19448,13.6271,1.19229
382,1.65842,10.6417,-0.965443
381,1.65842,10.6417,-0.965443
382,-0.680387,9.53458,-3.92195
381,-0.680387,9.53458,-3.92195
382,-2.58155,9.80543,-2.84124
381,-2.58155,9.80543,-2.84124
382,-2.01725,9.70287,-3.66164
381,-2.01725,9.70287,-3.66164
382,2.8379,8.13114,-4.33787
381,2.8379,8.13114,-4.33787
382,-1.3391,13.3415,-3.89362
381,-1.3391,13.3415,-3.89362
382,1.59652,8.14933,-2.79039
381,1.59652,8.14933,-2.79039
382,-1.56165,12.4844,-3.23664
381,-1.56165,12.4844,-3.23664
382,-1.23448,10.003,-3.15855
381,-1.23448,10.003,-3.15855
382,-1.08935,12.0679,-0.956113
381,-1.08935,12.0679,-0.956113
382,-4.16495,9.08671,-2.96195
381,-4.16495,9.08671,-2.96195
382,2.57239,7.4521,-4.38566
381,2.57239,7.4521,-4.38566
382,-1.06609,13.1329,1.10992
381,-1.06609,13.1329,1.10992
382,-4.57302,11.3673,-3.0707
381,-4.57302,11.3673,-3.0707
382,2.85123,6.39669,-0.930941
381,2.85123,6.39669,-0.930941
382,4.26256,7.94067,-2.63295
381,4.26256,7.94067,-2.63295
382,1.53682,10.4028,-2.81114
381,1.53682,10.4028,-2.81114
382,9.77384,24.8549,0.488929
381,9.77384,24.8549,0.488929
382,1.65937,7.64614,-2.39724
381,1.65937,7.64614,-2.39724
382,3.38785,11.1976,-1.50334
381,3.38785,11.1976,-1.50334
382,-2.69018,5.30965,-2.198
381,-2.69018,5.30965,-2.198
382,1.79885,6.22476,-3.36394
381,1.79885,6.22476,-3.36394
382,1.47427,7.42078,-4.06299
381,1.47427,7.42078,-4.06299
382,3.07097,7.76647,-4.43123
381,3.07097,7.76647,-4.43123
382,4.58064,13.8514,-1.90607
381,4.58064,13.8514,-1.90607
382,0.917669,9.19661,-0.779822
381,0.917669,9.19661,-0.779822
382,-2.77492,9.65004,-2.74844
381,-2.77492,9.65004,-2.74844
382,-1.02434,6.48894,-3.6472
379,-1.02434,6.48894,-3.6472
382,0.418653,10.4893,-3.21105
379,0.418653,10.4893,-3.21105
382,1.83626,7.81139,-2.83148
379,1.83626,7.81139,-2.83148
382,8.00537,18.6709,-0.100295
379,8.00537,18.6709,-0.100295
382,6.3355,15.1901,-4.01651
379,6.3355,15.1901,-4.01651
382,-1.589,10.9236,-0.985966
379,-1.589,10.9236,-0.985966
382,3.22233,11.8968,0.626935
379,3.22233,11.8968,0.626935
382,2.46615,5.34963,-2.71064
379,2.46615,5.34963,-2.71064
382,1.58704,8.1316,-3.95785
379,1.58704,8.1316,-3.95785
382,2.01604,5.89618,-3.36274
379,2.01604,5.89618,-3.36274
382,-0.0177651,9.82781,-2.36669
379,-0.0177651,9.82781,-2.36669
382,-2.66437,9.27164,-2.62506
379,-2.66437,9.27164,-2.62506
382,2.66524,7.0594,-3.54947
379,2.66524,7.0594,-3.54947
382,-0.531636,9.19783,-3.05711
379,-0.531636,9.19783,-3.05711
382,-4.23088,10.2977,-2.85138
379,-4.23088,10.2977,-2.85138
382,2.64226,7.41037,-3.52358
379,2.64226,7.41037,-3.52358
382,-5.73103,13.1512,-0.710446
379,-5.73103,13.1512,-0.710446
382,2.25941,10.1438,-1.28104
379,2.25941,10.1438,-1.28104
382,0.294336,10.7151,-3.50451
379,0.294336,10.7151,-3.50451
382,-0.27907,10.6963,-2.83393
379,-0.27907,10.6963,-2.83393
382,1.71947,10.9664,-2.9076
379,1.71947,10.9664,-2.9076
382,2.65464,7.40573,-4.08264
380,2.65464,7.40573,-4.08264
382,2.45528,7.11023,-3.84882
380,2.45528,7.11023,-3.84882
382,-2.21127,11.1158,0.366142
380,-2.21127,11.1158,0.366142
382,2.07209,8.07861,-2.74487
380,2.07209,8.07861,-2.74487
382,2.31884,8.28584,-4.92503
380,2.31884,8.28584,-4.92503
382,-1.01106,9.93071,-2.90813
380,-1.01106,9.93071,-2.90813
382,0.135732,9.42436,-2.50374
380,0.135732,9.42436,-2.50374
382,-2.26952,9.16934,0.067388
380,-2.26952,9.16934,0.067388
382,-0.186764,12.3396,-3.39043
380,-0.186764,12.3396,-3.39043
382,-0.265091,10.8498,-2.88446
380,-0.265091,10.8498,-2.88446
382,7.29414,16.0277,2.01995
380,7.29414,16.0277,2.01995
382,5.08243,9.38624,-1.49709
380,5.08243,9.38624,-1.49709
382,-1.99637,8.08491,-3.50913
380,-1.99637,8.08491,-3.50913
382,6.02375,16.6952,0.291669
380,6.02375,16.6952,0.291669
382,-1.4829,10.669,-2.67513
380,-1.4829,10.669,-2.67513
382,-4.30174,9.9923,-2.12653
380,-4.30174,9.9923,-2.12653
382,5.34227,8.6519,-1.49243
380,5.34227,8.6519,-1.49243
382,-6.01671,12.9034,0.827407
380,-6.01671,12.9034,0.827407
382,4.36532,7.4898,-2.73048
380,4.36532,7.4898,-2.73048
382,6.14581,9.45186,-1.69703
380,6.14581,9.45186,-1.69703
382,0.550039,10.059,-2.53641
380,0.550039,10.059,-2.53641
382,1.27496,9.58203,-0.858542
380,1.27496,9.58203,-0.858542
382,-1.91387,7.726,-3.39769
380,-1.91387,7.726,-3.39769
382,0.514334,6.34813,-3.41802
378,0.514334,6.34813,-3.41802
382,0.510678,6.49461,-3.24997
378,0.510678,6.49461,-3.24997
382,0.415891,6.7709,-3.47729
378,0.415891,6.7709,-3.47729
382,-2.0249,9.14081,-3.35224
378,-2.0249,9.14081,-3.35224
382,-2.71191,11.3756,0.125463
378,-2.71191,11.3756,0.125463
382,-0.900555,9.14934,-3.89692
378,-0.900555,9.14934,-3.89692
382,2.03453,5.58849,-2.62473
378,2.03453,5.58849,-2.62473
382,0.494957,9.19904,-3.51106
378,0.494957,9.19904,-3.51106
382,1.49123,8.80946,-3.80424
378,1.49123,8.80946,-3.80424
382,2.69999,7.52584,-4.10202
378,2.69999,7.52584,-4.10202
382,0.193,9.61327,-3.07609
378,0.193,9.61327,-3.07609
382,-3.00583,16.4278,1.56039
378,-3.00583,16.4278,1.56039
382,0.530713,9.30486,-3.55385
378,0.530713,9.30486,-3.55385
382,1.78181,18.0273,1.65196
378,1.78181,18.0273,1.65196
382,-5.53668,12.8587,-1.86005
378,-5.53668,12.8587,-1.86005
382,2.65413,13.4573,1.21007
378,2.65413,13.4573,1.21007
382,0.969688,8.44502,-0.718742
378,0.969688,8.44502,-0.718742
382,-1.68804,8.76502,-3.83481
377,-1.68804,8.76502,-3.83481
382,-1.96137,11.4052,-3.16975
377,-1.96137,11.4052,-3.16975
382,-0.975468,12.2625,0.0273664
377,-0.975468,12.2625,0.0273664
382,-0.153885,9.43855,-3.10067
377,-0.153885,9.43855,-3.10067
382,-1.94107,8.6642,-3.65967
377,-1.94107,8.6642,-3.65967
382,0.943602,8.29198,-3.79702
377,0.943602,8.29198,-3.79702
382,-0.628242,12.6803,0.0377931
377,-0.628242,12.6803,0.0377931
382,0.0320014,9.91453,-2.38467
377,0.0320014,9.91453,-2.38467
382,6.57933,19.0393,-0.614605
377,6.57933,19.0393,-0.614605
382,-2.59293,5.73029,-2.18375
377,-2.59293,5.73029,-2.18375
382,2.36022,9.3409,-1.96542
376,2.36022,9.3409,-1.96542
382,-0.177498,10.2605,-3.09334
376,-0.177498,10.2605,-3.09334
382,1.12535,8.84036,-4.1284
376,1.12535,8.84036,-4.1284
382,-1.55437,10.6737,-0.954977
376,-1.55437,10.6737,-0.954977
382,7.70393,12.9721,-1.4521
376,7.70393,12.9721,-1.4521
382,0.849265,10.0026,-3.37463
376,0.849265,10.0026,-3.37463
382,-2.82009,14.9399,1.27057
376,-2.82009,14.9399,1.27057
382,7.10663,19.5803,-0.179586
376,7.10663,19.5803,-0.179586
382,2.16963,7.84927,-4.73159
375,2.16963,7.84927,-4.73159
382,-0.592488,14.7199,-2.73349
375,-0.592488,14.7199,-2.73349
382,-0.810458,12.3397,0.465752
375,-0.810458,12.3397,0.465752
382,0.521625,12.3617,0.586838
375,0.521625,12.3617,0.586838
382,-1.20496,13.5952,-0.474987
375,-1.20496,13.5952,-0.474987
382,-0.206425,10.699,-0.77284
375,-0.206425,10.699,-0.77284
382,-1.11335,9.59868,-3.87793
375,-1.11335,9.59868,-3.87793
382,-2.13589,9.61344,-2.38528
375,-2.13589,9.61344,-2.38528
382,1.33559,9.58782,-2.5113
375,1.33559,9.58782,-2.5113
382,-1.50123,12.149,-1.22527
375,-1.50123,12.149,-1.22527
382,-0.362841,8.08039,-0.529027
374,-0.362841,8.08039,-0.529027
382,1.01696,9.90142,-2.55657
374,1.01696,9.90142,-2.55657
382,-2.61323,13.0179,-0.120696
374,-2.61323,13.0179,-0.120696
382,-2.82129,9.84718,-2.37434
374,-2.82129,9.84718,-2.37434
382,0.912449,10.0874,-2.54912
61,0.912449,10.0874,-2.54912
382,2.22395,12.7226,0.560642
61,2.22395,12.7226,0.560642
382,0.67674,10.9755,-1.03035
61,0.67674,10.9755,-1.03035
382,-0.562854,9.55817,-4.14763
61,-0.562854,9.55817,-4.14763
382,5.31649,12.5721,-1.74421
61,5.31649,12.5721,-1.74421
382,-1.54745,10.639,-0.943843
61,-1.54745,10.639,-0.943843
382,-1.75033,12.1859,0.889197
61,-1.75033,12.1859,0.889197
382,6.98248,18.9769,-0.171609
61,6.98248,18.9769,-0.171609
382,-0.650435,9.12008,-3.69009
61,-0.650435,9.12008,-3.69009
382,2.96156,11.9848,-1.51577
61,2.96156,11.9848,-1.51577
382,7.0937,16.3931,-2.20164
61,7.0937,16.3931,-2.20164
382,2.4864,12.217,0.0866265
64,2.4864,12.217,0.0866265
382,-1.37245,10.7645,-0.878423
64,-1.37245,10.7645,-0.878423
382,-1.24168,11.0078,-0.0546711
64,-1.24168,11.0078,-0.0546711
382,-1.00872,11.1751,-3.33007
64,-1.00872,11.1751,-3.33007
382,2.89466,6.93663,-2.93711
64,2.89466,6.93663,-2.93711
382,0.481641,11.0347,-3.40839
64,0.481641,11.0347,-3.40839
382,-1.50081,11.1181,-2.82697
64,-1.50081,11.1181,-2.82697
382,1.15384,8.59379,-4.5157
64,1.15384,8.59379,-4.5157
382,1.48422,12.9041,0.522716
373,1.48422,12.9041,0.522716
382,0.00494681,9.75484,-2.33757
373,0.00494681,9.75484,-2.33757
383,-2.27581,4.93632,-2.20059
383,-2.36589,5.01421,-2.16685
383,-2.3595,5.02202,-2.16636
383,-2.33198,5.03739,-2.26404
383,1.9878,4.63166,-2.76646
383,-2.13836,5.63693,-2.21386
383,2.6448,4.71945,-2.91161
383,1.94796,5.09433,-2.77773
383,2.66798,5.06534,-2.72163
383,2.46846,5.513,-2.79573
383,-3.16686,6.55756,-2.14511
383,2.2059,5.56118,-2.8356
383,-1.96804,5.98665,-3.5072
383,-2.90552,6.59049,-2.18789
383,2.23339,5.60515,-2.88907
383,2.23957,5.61102,-2.87193
383,-0.771779,5.8488,-3.53883
383,-1.97843,6.03627,-3.5488
383,-2.02513,6.57319,-2.26965
383,-0.78145,5.92829,-3.65391
383,-0.767409,5.98541,-3.69588
383,-0.291631,5.88829,-3.84225
383,-1.29031,6.03068,-3.88047
383,-1.94648,6.7012,-2.27753
383,-0.273985,5.96591,-3.80404
383,-1.27936,6.07845,-3.91594
383,2.12485,5.69053,-3.69408
383,-1.51905,6.15748,-3.98164
383,-1.29604,6.17464,-3.88325
383,-1.8559,6.24022,-3.95838
383,-1.29993,6.26839,-3.97796
383,2.09159,5.97126,-3.44613
383,-0.0243036,6.46383,-2.92529
383,0.296264,6.21112,-3.56556
383,2.86614,6.06197,-2.95492
383,2.8145,6.08648,-2.948
383,2.82774,6.14125,-2.96206
383,-1.34181,6.43134,-3.90693
383,2.91914,6.14649,-2.99074
383,-1.25259,6.41736,-3.98571
383,0.370407,6.30321,-3.65675
383,-1.24162,6.50838,-3.96035
383,-0.181281,6.64918,-3.24147
383,-2.01257,7.01402,-3.04471
383,-2.01741,7.03268,-3.06377
383,-1.15009,6.64494,-3.85207
383,0.688674,6.32572,-4.06644
383,0.724344,6.49967,-3.55111
383,-1.17422,6.67695,-3.85833
383,0.727563,6.51419,-3.54422
383,0.722317,6.53265,-3.57917
383,2.76145,6.52447,-2.7701
383,2.77472,6.56444,-2.81367
383,2.81177,6.58153,-2.81031
383,-2.05913,7.30387,-3.03529
383,2.33001,6.44467,-3.75551
383,-2.0593,7.37868,-3.0629
383,-2.05606,7.39897,-3.0426
383,-0.919564,6.96143,-3.91742
383,0.0401369,6.87033,-4.26024
383,2.78246,7.04888,-2.87498
383,1.71172,6.89909,-4.11579
383,0.313272,7.13581,-4.11256
383,-1.13811,6.65501,-3.89076
382,-1.13811,6.65501,-3.89076
383,-0.122176,8.79104,-3.93189
382,-0.122176,8.79104,-3.93189
383,0.0890512,7.21871,-4.53343
382,0.0890512,7.21871,-4.53343
383,-0.0487697,9.75486,-2.46294
382,-0.0487697,9.75486,-2.46294
383,-0.981976,12.1718,0.0491823
382,-0.981976,12.1718,0.0491823
383,-0.33866,9.85507,-2.55075
382,-0.33866,9.85507,-2.55075
383,2.13978,8.07401,-4.37339
382,2.13978,8.07401,-4.37339
383,1.88183,8.02557,-3.51259
382,1.88183,8.02557,-3.51259
383,3.00371,7.62609,-2.92276
382,3.00371,7.62609,-2.92276
383,4.27596,9.02072,-1.34238
382,4.27596,9.02072,-1.34238
383,8.80769,20.2005,-0.127522
382,8.80769,20.2005,-0.127522
383,1.29175,9.68674,-1.94477
382,1.29175,9.68674,-1.94477
383,2.7637,11.8904,-2.65851
382,2.7637,11.8904,-2.65851
383,2.19535,8.18359,-2.87522
382,2.19535,8.18359,-2.87522
383,0.827068,9.06785,-2.30419
382,0.827068,9.06785,-2.30419
383,-1.16784,12.6089,-0.468431
382,-1.16784,12.6089,-0.468431
383,2.2797,8.77852,-3.29953
382,2.2797,8.77852,-3.29953
383,-0.977101,9.88936,-2.88098
382,-0.977101,9.88936,-2.88098
383,2.97214,7.94967,-4.44656
382,2.97214,7.94967,-4.44656
383,1.53076,8.82442,-3.82205
382,1.53076,8.82442,-3.82205
383,-0.212396,9.81485,-2.9313
382,-0.212396,9.81485,-2.9313
383,6.64644,19.115,-0.0863385
382,6.64644,19.115,-0.0863385
383,5.00495,15.6531,-3.63562
382,5.00495,15.6531,-3.63562
383,1.62223,9.76336,-2.09684
382,1.62223,9.76336,-2.09684
383,-0.674805,9.48168,-3.8945
382,-0.674805,9.48168,-3.8945
383,4.47758,20.2386,2.51834
382,4.47758,20.2386,2.51834
383,-2.61337,9.9334,-2.88205
382,-2.61337,9.9334,-2.88205
383,-1.29528,9.05587,-4.00356
382,-1.29528,9.05587,-4.00356
383,1.60772,8.13866,-2.78424
382,1.60772,8.13866,-2.78424
383,3.97254,10.4385,-1.30706
382,3.97254,10.4385,-1.30706
383,-1.18505,12.6689,-0.42969
382,-1.18505,12.6689,-0.42969
383,-1.57997,12.4085,-3.21845
382,-1.57997,12.4085,-3.21845
383,0.649082,8.19272,-4.21848
382,0.649082,8.19272,-4.21848
383,-2.89891,9.66044,-2.95657
382,-2.89891,9.66044,-2.95657
383,-2.68274,9.3298,-2.64953
382,-2.68274,9.3298,-2.64953
383,-1.22556,9.96198,-3.15956
382,-1.22556,9.96198,-3.15956
383,14.6241,24.6437,-0.144572
382,14.6241,24.6437,-0.144572
383,2.3839,8.73748,-1.70064
382,2.3839,8.73748,-1.70064
383,-1.57059,11.8388,-3.03285
382,-1.57059,11.8388,-3.03285
383,-1.58141,12.3423,-3.60287
382,-1.58141,12.3423,-3.60287
383,-1.34032,8.80926,-3.99577
382,-1.34032,8.80926,-3.99577
383,2.70955,7.45239,-3.57084
382,2.70955,7.45239,-3.57084
383,7.30294,14.6706,-0.253585
382,7.30294,14.6706,-0.253585
383,8.02696,10.7823,-1.59334
382,8.02696,10.7823,-1.59334
383,0.45427,9.77979,0.808632
382,0.45427,9.77979,0.808632
383,-2.11609,9.76358,-3.08282
382,-2.11609,9.76358,-3.08282
383,-2.30494,10.7072,-2.68938
382,-2.30494,10.7072,-2.68938
383,-1.54571,10.669,-0.925723
382,-1.54571,10.669,-0.925723
383,-0.0421225,9.616,-2.29373
382,-0.0421225,9.616,-2.29373
383,0.186201,9.70016,-2.5546
382,0.186201,9.70016,-2.5546
383,-0.13243,9.66476,-2.87382
382,-0.13243,9.66476,-2.87382
383,4.39093,7.09556,-3.48955
382,4.39093,7.09556,-3.48955
383,-6.17906,12.6464,-3.14366
382,-6.17906,12.6464,-3.14366
383,-0.0285351,7.61674,-3.3528
382,-0.0285351,7.61674,-3.3528
383,5.19739,13.8496,-2.76214
382,5.19739,13.8496,-2.76214
383,2.48202,13.8004,-3.83172
382,2.48202,13.8004,-3.83172
383,0.308798,8.72628,-3.68671
382,0.308798,8.72628,-3.68671
383,4.81059,14.2143,-1.99551
382,4.81059,14.2143,-1.99551
383,1.39395,8.18089,-1.67123
382,1.39395,8.18089,-1.67123
383,0.94839,9.43983,-0.825071
382,0.94839,9.43983,-0.825071
383,6.92131,13.2796,-0.132552
382,6.92131,13.2796,-0.132552
383,-1.85401,13.0118,-0.817223
381,-1.85401,13.0118,-0.817223
383,0.559257,9.84562,-3.31401
381,0.559257,9.84562,-3.31401
383,-1.82394,11.1639,-2.83629
381,-1.82394,11.1639,-2.83629
383,0.454896,9.1398,-2.21862
381,0.454896,9.1398,-2.21862
383,2.33128,7.2613,-4.29608
381,2.33128,7.2613,-4.29608
383,3.06758,8.04867,-3.92346
381,3.06758,8.04867,-3.92346
383,2.46026,7.50244,-4.46828
381,2.46026,7.50244,-4.46828
383,-1.92712,13.3805,0.976832
381,-1.92712,13.3805,0.976832
383,0.930364,11.6689,-1.74754
381,0.930364,11.6689,-1.74754
383,-0.400034,8.76938,-2.1958
381,-0.400034,8.76938,-2.1958
383,0.0297319,9.29331,-3.47237
381,0.0297319,9.29331,-3.47237
383,1.43229,5.20652,-2.73238
381,1.43229,5.20652,-2.73238
383,1.47843,8.73521,-3.75871
381,1.47843,8.73521,-3.75871
383,2.6566,8.14489,-4.08444
381,2.6566,8.14489,-4.08444
383,0.652017,9.06991,-2.9794
381,0.652017,9.06991,-2.9794
383,-1.09167,12.0556,-0.952387
381,-1.09167,12.0556,-0.952387
383,-3.14901,5.65939,-2.12098
381,-3.14901,5.65939,-2.12098
383,-3.2031,12.5811,-0.642097
381,-3.2031,12.5811,-0.642097
383,7.42312,19.9885,-0.160267
381,7.42312,19.9885,-0.160267
383,0.166045,7.2511,-4.57634
379,0.166045,7.2511,-4.57634
383,-1.21862,9.02715,-3.62537
379,-1.21862,9.02715,-3.62537
383,0.0216096,10.256,-2.49214
379,0.0216096,10.256,-2.49214
383,-0.15618,9.44579,-3.11537
379,-0.15618,9.44579,-3.11537
383,-0.911673,9.31775,-4.005
379,-0.911673,9.31775,-4.005
383,-1.97029,13.166,0.61067
379,-1.97029,13.166,0.61067
383,-1.66838,11.4776,-0.181351
379,-1.66838,11.4776,-0.181351
383,-1.58934,10.9481,-0.990148
379,-1.58934,10.9481,-0.990148
383,-2.1109,9.57336,-3.03368
379,-2.1109,9.57336,-3.03368
383,-1.21206,9.123,-3.66991
379,-1.21206,9.123,-3.66991
383,-0.0154148,9.84649,-2.36707
379,-0.0154148,9.84649,-2.36707
383,-1.24282,9.61925,-3.9381
379,-1.24282,9.61925,-3.9381
383,3.24847,10.3603,-3.06159
379,3.24847,10.3603,-3.06159
383,3.5581,10.9611,-3.28081
379,3.5581,10.9611,-3.28081
383,6.85245,15.7826,-2.1346
379,6.85245,15.7826,-2.1346
383,2.42838,10.5766,-1.35752
379,2.42838,10.5766,-1.35752
383,-0.977156,9.56693,-3.40119
379,-0.977156,9.56693,-3.40119
383,-1.10464,9.61973,-3.24758
380,-1.10464,9.61973,-3.24758
383,4.72903,10.4558,-1.72891
380,4.72903,10.4558,-1.72891
383,3.53551,11.4689,-2.13653
380,3.53551,11.4689,-2.13653
383,-1.96963,9.43637,-3.5132
380,-1.96963,9.43637,-3.5132
383,8.54962,18.1602,2.33953
380,8.54962,18.1602,2.33953
383,4.87889,10.6905,-1.78735
380,4.87889,10.6905,-1.78735
383,4.4358,7.77817,-3.46381
380,4.4358,7.77817,-3.46381
383,-2.7797,7.37011,-2.36678
380,-2.7797,7.37011,-2.36678
383,-1.27186,7.29359,-3.17064
380,-1.27186,7.29359,-3.17064
383,-1.95389,7.80627,-3.43798
380,-1.95389,7.80627,-3.43798
383,-2.54263,10.0428,-1.27419
380,-2.54263,10.0428,-1.27419
383,-4.19123,12.9993,-2.06517
380,-4.19123,12.9993,-2.06517
383,2.96013,8.76792,-4.43785
380,2.96013,8.76792,-4.43785
383,7.56067,21.3001,-0.144115
380,7.56067,21.3001,-0.144115
383,1.47718,9.31268,-4.41901
380,1.47718,9.31268,-4.41901
383,-1.64063,6.73823,-1.4367
380,-1.64063,6.73823,-1.4367
383,0.516031,12.7885,-2.25472
378,0.516031,12.7885,-2.25472
383,-0.288556,6.29626,-3.31904
378,-0.288556,6.29626,-3.31904
383,-0.980022,10.5386,-1.09084
378,-0.980022,10.5386,-1.09084
383,3.83846,13.9323,0.892193
378,3.83846,13.9323,0.892193
383,2.98617,8.80874,-4.46102
378,2.98617,8.80874,-4.46102
383,-1.0401,13.1418,0.997579
378,-1.0401,13.1418,0.997579
383,10.631,17.2766,-1.62237
378,10.631,17.2766,-1.62237
383,2.55558,8.47826,-4.443
378,2.55558,8.47826,-4.443
383,1.30704,8.23897,-4.04184
377,1.30704,8.23897,-4.04184
383,-1.97292,10.0331,-0.872559
377,-1.97292,10.0331,-0.872559
383,-1.58884,11.7208,-3.01058
377,-1.58884,11.7208,-3.01058
383,0.822559,9.81167,-3.2959
376,0.822559,9.81167,-3.2959
383,-1.52102,10.6356,-1.09033
376,-1.52102,10.6356,-1.09033
383,-1.38566,9.1866,-2.5546
376,-1.38566,9.1866,-2.5546
383,2.892,7.48935,-2.80766
376,2.892,7.48935,-2.80766
383,-2.07953,10.6925,-0.901912
374,-2.07953,10.6925,-0.901912
383,-2.59308,11.6812,-0.975277
374,-2.59308,11.6812,-0.975277
383,1.49823,10.3467,-1.52479
61,1.49823,10.3467,-1.52479
383,0.515144,9.88807,-0.920192
61,0.515144,9.88807,-0.920192
383,-0.514108,9.29947,-3.08638
61,-0.514108,9.29947,-3.08638
383,1.86657,8.97364,-3.92068
61,1.86657,8.97364,-3.92068
383,1.58852,9.47659,-3.99401
61,1.58852,9.47659,-3.99401
383,0.447553,10.7297,-3.32088
61,0.447553,10.7297,-3.32088
383,-6.72777,13.6697,-1.09388
61,-6.72777,13.6697,-1.09388
383,1.96489,7.3906,-4.51689
61,1.96489,7.3906,-4.51689
383,0.996833,10.5402,-2.67158
61,0.996833,10.5402,-2.67158
383,2.21098,6.23692,-3.6513
61,2.21098,6.23692,-3.6513
383,1.79508,11.7733,-1.08026
61,1.79508,11.7733,-1.08026
383,1.42522,12.7117,0.522559
373,1.42522,12.7117,0.522559
384,-0.378116,2.23131,-0.0150356
384,-0.298337,2.28682,0.00866655
384,-2.36562,5.02679,-2.18456
384,-2.4049,5.08657,-2.2338
384,-2.40867,5.10334,-2.23577
384,2.5622,4.64701,-2.85693
384,-2.13201,5.6133,-2.20853
384,2.07612,4.75032,-2.88427
384,2.60702,4.77684,-2.92127
384,2.69052,4.84995,-2.97815
384,2.19764,5.00392,-3.18383
384,2.2351,5.05205,-3.22184
384,-1.36426,5.81476,-3.08543
384,1.96185,5.45692,-2.79263
384,2.65249,5.42997,-2.92361
384,2.20375,5.56206,-2.84455
384,-2.56827,6.0219,-3.61602
384,-1.98136,5.99973,-3.54475
384,-0.770297,5.83274,-3.55376
384,2.66181,5.55457,-2.87565
384,-1.92658,5.94072,-3.83911
384,2.67215,5.62279,-2.81634
384,-1.99182,6.05358,-3.59577
384,2.71985,5.66554,-2.85632
384,-0.843018,5.8585,-3.88418
384,2.02581,5.63445,-3.32856
384,-1.50166,6.05119,-3.89066
384,-1.46162,6.05298,-3.91342
384,-1.52196,6.1524,-3.95652
384,-0.855734,6.00586,-4.11219
384,-1.52567,6.17143,-3.98575
384,-1.30172,6.19936,-3.88803
384,-2.72105,6.41017,-3.95669
384,-0.0344419,6.40138,-2.88966
384,2.15429,5.86502,-3.50885
384,-1.99088,6.93715,-2.38001
384,-1.22823,6.31734,-4.03416
384,-1.3091,6.34338,-3.99623
384,-0.0288379,6.53543,-2.933
384,2.87808,6.13233,-2.97546
384,2.92654,6.15412,-3.00743
384,-0.18143,6.62604,-2.99909
384,2.16908,6.11428,-3.55207
384,-0.147045,6.48145,-3.50061
384,2.98705,6.29584,-2.84835
384,-0.594873,7.45222,-1.2571
384,0.67608,6.44381,-3.7318
384,0.713788,6.55572,-3.77791
384,-1.14692,6.89017,-3.86557
384,0.837175,6.53819,-4.22723
384,0.82939,6.53302,-4.60718
384,0.399801,6.99332,-3.66784
384,0.206258,6.976,-4.0628
384,1.64695,8.17276,-3.20643
383,1.64695,8.17276,-3.20643
384,-0.103837,8.81485,-3.94296
383,-0.103837,8.81485,-3.94296
384,0.572299,11.2254,-4.02892
383,0.572299,11.2254,-4.02892
384,0.267216,9.98867,-3.14355
383,0.267216,9.98867,-3.14355
384,0.593905,10.3975,-0.978946
383,0.593905,10.3975,-0.978946
384,2.88665,32.9682,-6.35883
383,2.88665,32.9682,-6.35883
384,-1.3429,6.42533,-3.90701
383,-1.3429,6.42533,-3.90701
384,6.97575,26.7556,0.202226
383,6.97575,26.7556,0.202226
384,5.01412,10.1032,-1.54006
383,5.01412,10.1032,-1.54006
384,1.53606,8.86972,-3.83322
383,1.53606,8.86972,-3.83322
384,8.83414,20.2344,-0.124502
383,8.83414,20.2344,-0.124502
384,3.08064,12.7778,-3.44122
383,3.08064,12.7778,-3.44122
384,5.4304,13.3857,-3.83317
383,5.4304,13.3857,-3.83317
384,0.617549,10.0662,-2.49096
383,0.617549,10.0662,-2.49096
384,1.57621,9.60306,-2.06059
383,1.57621,9.60306,-2.06059
384,0.768341,9.52943,-3.17069
383,0.768341,9.52943,-3.17069
384,0.819699,9.06997,-2.31104
383,0.819699,9.06997,-2.31104
384,1.2827,9.66161,-1.93607
383,1.2827,9.66161,-1.93607
384,0.590506,10.4016,-0.975677
383,0.590506,10.4016,-0.975677
384,-1.17641,12.6337,-0.421127
383,-1.17641,12.6337,-0.421127
384,-0.50776,9.58007,-3.2091
383,-0.50776,9.58007,-3.2091
384,-0.796744,9.71026,-3.10729
383,-0.796744,9.71026,-3.10729
384,-0.312312,9.87433,-2.54489
383,-0.312312,9.87433,-2.54489
384,-2.11392,10.9922,-0.991895
383,-2.11392,10.9922,-0.991895
384,0.44491,10.6062,-3.25865
383,0.44491,10.6062,-3.25865
384,8.28176,17.7497,2.26305
383,8.28176,17.7497,2.26305
384,-0.683275,9.44812,-3.88344
383,-0.683275,9.44812,-3.88344
384,-0.99545,10.0094,-2.94338
383,-0.99545,10.0094,-2.94338
384,-2.30542,10.5926,-2.66724
383,-2.30542,10.5926,-2.66724
384,-1.0801,10.0052,-3.02933
383,-1.0801,10.0052,-3.02933
384,-1.22966,9.62332,-3.91876
383,-1.22966,9.62332,-3.91876
384,1.6427,8.25522,-2.82931
383,1.6427,8.25522,-2.82931
384,5.28798,13.1384,-3.71702
383,5.28798,13.1384,-3.71702
384,-1.17563,12.6284,-0.39987
383,-1.17563,12.6284,-0.39987
384,0.615455,10.1138,-2.495
383,0.615455,10.1138,-2.495
384,0.716202,9.20404,-2.268
383,0.716202,9.20404,-2.268
384,-2.34309,10.9848,-2.80267
383,-2.34309,10.9848,-2.80267
384,4.4551,7.82261,-3.48496
383,4.4551,7.82261,-3.48496
384,2.24359,7.03571,-4.15131
383,2.24359,7.03571,-4.15131
384,14.6571,24.698,-0.128708
383,14.6571,24.698,-0.128708
384,10.6225,19.24,-0.36857
383,10.6225,19.24,-0.36857
384,-1.55379,11.8005,-3.01464
383,-1.55379,11.8005,-3.01464
384,-2.65122,10.6794,-1.36274
383,-2.65122,10.6794,-1.36274
384,-2.56614,9.68889,-2.76394
383,-2.56614,9.68889,-2.76394
384,-2.12281,9.7597,-3.08194
383,-2.12281,9.7597,-3.08194
384,-1.54712,8.76305,-3.82785
383,-1.54712,8.76305,-3.82785
384,4.74699,8.54537,-2.84911
383,4.74699,8.54537,-2.84911
384,2.15741,6.90709,-4.02254
383,2.15741,6.90709,-4.02254
384,3.62716,14.0561,1.48672
383,3.62716,14.0561,1.48672
384,0.497449,8.57511,-3.89753
383,0.497449,8.57511,-3.89753
384,-0.135096,14.9577,1.45811
383,-0.135096,14.9577,1.45811
384,-2.36063,11.0248,-2.76923
383,-2.36063,11.0248,-2.76923
384,-2.53132,9.98113,-1.2393
383,-2.53132,9.98113,-1.2393
384,4.6091,7.70444,-2.87348
383,4.6091,7.70444,-2.87348
384,2.84243,13.0905,1.27213
383,2.84243,13.0905,1.27213
384,-1.18091,11.5695,-0.318014
383,-1.18091,11.5695,-0.318014
384,0.783498,9.51407,-2.35387
383,0.783498,9.51407,-2.35387
384,1.8976,7.19695,-4.35186
383,1.8976,7.19695,-4.35186
384,-1.50111,8.67848,-3.95104
383,-1.50111,8.67848,-3.95104
384,2.78701,9.73797,-1.94987
383,2.78701,9.73797,-1.94987
384,4.30359,11.0811,-1.40633
383,4.30359,11.0811,-1.40633
384,-2.63358,12.6844,-3.14153
383,-2.63358,12.6844,-3.14153
384,-1.57306,11.8134,-1.00361
383,-1.57306,11.8134,-1.00361
384,2.36724,13.6148,-3.79629
383,2.36724,13.6148,-3.79629
384,1.35143,9.91524,-0.895246
383,1.35143,9.91524,-0.895246
384,-0.980522,9.42229,-3.3459
383,-0.980522,9.42229,-3.3459
384,-0.350696,8.9538,-2.30558
383,-0.350696,8.9538,-2.30558
384,-2.20302,9.4854,-0.786249
383,-2.20302,9.4854,-0.786249
384,5.61648,8.9003,-1.54459
383,5.61648,8.9003,-1.54459
384,1.10544,8.77254,-4.09821
382,1.10544,8.77254,-4.09821
384,1.75688,8.67982,-3.62837
382,1.75688,8.67982,-3.62837
384,-1.43553,10.7343,-1.12495
382,-1.43553,10.7343,-1.12495
384,0.934763,16.6198,0.067764
382,0.934763,16.6198,0.067764
384,-0.144029,9.55697,-3.15593
382,-0.144029,9.55697,-3.15593
384,2.19359,5.32526,-2.84579
382,2.19359,5.32526,-2.84579
384,1.92892,9.2562,-1.15353
382,1.92892,9.2562,-1.15353
384,2.24025,5.37897,-2.88787
382,2.24025,5.37897,-2.88787
384,1.28607,9.35464,-1.77664
382,1.28607,9.35464,-1.77664
384,-1.36948,10.6294,-0.852022
382,-1.36948,10.6294,-0.852022
384,1.18415,10.0304,-0.836403
382,1.18415,10.0304,-0.836403
384,0.37347,7.42914,-4.3541
382,0.37347,7.42914,-4.3541
384,-1.99967,12.8898,0.88717
382,-1.99967,12.8898,0.88717
384,1.18894,10.1314,-0.842454
382,1.18894,10.1314,-0.842454
384,-0.234464,5.86172,-3.04527
382,-0.234464,5.86172,-3.04527
384,0.93229,8.98372,-3.54103
382,0.93229,8.98372,-3.54103
384,5.52794,9.94004,-1.61143
382,5.52794,9.94004,-1.61143
384,1.18698,8.95842,-0.785659
382,1.18698,8.95842,-0.785659
384,2.59868,6.96396,-3.50357
382,2.59868,6.96396,-3.50357
384,-1.83315,10.255,-3.19617
382,-1.83315,10.255,-3.19617
384,-0.634603,13.083,0.0474017
382,-0.634603,13.083,0.0474017
384,-2.88988,10.5202,0.731631
382,-2.88988,10.5202,0.731631
384,0.0277296,10.3264,-2.53444
382,0.0277296,10.3264,-2.53444
384,3.15022,10.7294,-0.0668943
382,3.15022,10.7294,-0.0668943
384,-1.26403,9.65775,-3.06343
382,-1.26403,9.65775,-3.06343
384,6.58775,15.4383,-2.01819
382,6.58775,15.4383,-2.01819
384,3.22547,7.96575,-3.08247
381,3.22547,7.96575,-3.08247
384,2.01647,7.80921,-3.71637
381,2.01647,7.80921,-3.71637
384,5.50127,15.696,-2.14579
381,5.50127,15.696,-2.14579
384,0.536493,12.7264,-2.24016
381,0.536493,12.7264,-2.24016
384,-2.03423,9.14179,-2.85833
381,-2.03423,9.14179,-2.85833
384,0.516228,10.2511,-3.73578
381,0.516228,10.2511,-3.73578
384,-2.11661,9.30859,-2.2822
381,-2.11661,9.30859,-2.2822
384,-2.32013,11.8992,-1.57852
381,-2.32013,11.8992,-1.57852
384,0.427008,8.48291,-3.53557
381,0.427008,8.48291,-3.53557
384,0.687253,11.2826,-4.19517
381,0.687253,11.2826,-4.19517
384,13.498,23.0311,-0.157128
381,13.498,23.0311,-0.157128
384,2.90674,10.4759,-1.45802
381,2.90674,10.4759,-1.45802
384,1.48137,16.456,1.49421
381,1.48137,16.456,1.49421
384,0.750216,11.9786,1.04072
381,0.750216,11.9786,1.04072
384,-0.56669,11.3386,0.169429
381,-0.56669,11.3386,0.169429
384,4.58991,8.02919,-3.53251
381,4.58991,8.02919,-3.53251
384,-4.52457,9.9397,-2.23131
381,-4.52457,9.9397,-2.23131
384,2.93059,8.47366,-4.44139
379,2.93059,8.47366,-4.44139
384,1.34866,8.55897,-3.97808
379,1.34866,8.55897,-3.97808
384,2.99517,7.83588,-2.93272
379,2.99517,7.83588,-2.93272
384,-1.03319,14.2001,-2.53516
379,-1.03319,14.2001,-2.53516
384,0.560424,10.6216,-3.85153
379,0.560424,10.6216,-3.85153
384,-1.55424,11.2271,-2.83813
379,-1.55424,11.2271,-2.83813
384,8.077,21.8303,-0.967478
380,8.077,21.8303,-0.967478
384,2.69451,6.66102,-2.79929
380,2.69451,6.66102,-2.79929
384,-2.22197,11.2827,0.399859
380,-2.22197,11.2827,0.399859
384,8.84838,16.4281,-0.306301
380,8.84838,16.4281,-0.306301
384,0.264973,7.66873,-4.59091
378,0.264973,7.66873,-4.59091
384,-0.17813,10.1765,-3.06789
378,-0.17813,10.1765,-3.06789
384,2.01739,7.94471,-4.4844
378,2.01739,7.94471,-4.4844
384,-2.73537,10.3944,-3.04837
378,-2.73537,10.3944,-3.04837
384,-2.57586,11.3041,-0.961005
378,-2.57586,11.3041,-0.961005
384,2.3225,13.2349,0.740461
376,2.3225,13.2349,0.740461
384,-2.00697,9.76423,-2.93905
376,-2.00697,9.76423,-2.93905
384,-3.09473,9.76651,-2.88341
376,-3.09473,9.76651,-2.88341
384,0.139416,9.47907,-3.01985
376,0.139416,9.47907,-3.01985
384,-0.317543,12.9143,-0.477043
375,-0.317543,12.9143,-0.477043
384,1.92359,8.09273,-3.56241
64,1.92359,8.09273,-3.56241
384,1.24064,7.95997,-3.36253
64,1.24064,7.95997,-3.36253
384,3.37542,11.032,-2.24756
64,3.37542,11.032,-2.24756
384,-0.655677,9.38719,-3.8194
64,-0.655677,9.38719,-3.8194
384,1.85976,8.31395,-4.69773
64,1.85976,8.31395,-4.69773
384,1.5034,9.42619,-3.65257
374,1.5034,9.42619,-3.65257
384,1.46205,10.4408,-2.27527
374,1.46205,10.4408,-2.27527
384,-4.13977,11.3624,0.931097
374,-4.13977,11.3624,0.931097
384,2.28982,9.54538,-3.52014
374,2.28982,9.54538,-3.52014
385,-2.36086,4.13673,-2.23256
385,-2.42683,4.25818,-2.24932
385,-2.40339,5.07981,-2.22705
385,-2.40374,5.0858,-2.23423
385,2.62984,4.30459,-2.76156
385,-2.65442,5.35013,-2.10118
385,2.6223,4.31306,-2.78168
385,2.66064,4.32596,-2.81297
385,1.99463,4.60086,-2.76186
385,2.48217,4.65595,-2.83735
385,-2.18752,5.64856,-2.28237
385,2.10428,4.77092,-2.93111
385,2.13947,4.78596,-2.92208
385,1.92402,5.03245,-2.75257
385,-1.35096,5.68094,-3.00753
385,-3.20081,6.28222,-2.21747
385,-1.36364,5.78044,-3.07158
385,1.98544,5.15366,-3.69652
385,2.03082,5.15819,-3.73328
385,2.09425,5.22792,-3.809
385,-1.37578,5.92668,-3.45648
385,1.93791,5.49505,-3.25261
385,2.59264,5.52672,-2.88424
385,-0.774291,5.80905,-3.54819
385,2.23316,5.59352,-2.88161
385,1.98816,5.55394,-3.32779
385,2.18455,5.76901,-2.75364
385,-0.758975,5.91448,-3.61596
385,2.17023,5.7501,-2.81951
385,-1.50775,5.9753,-3.79652
385,-0.370184,5.81298,-4.03868
385,-0.768901,5.9987,-3.72902
385,-1.21954,5.96077,-4.05593
385,2.04159,5.65968,-3.54697
385,2.10837,5.73458,-3.42597
385,-0.312576,5.88981,-4.03895
385,2.0981,5.75986,-3.42997
385,-1.52839,6.14081,-3.95648
385,-1.52404,6.17022,-3.97121
385,-1.30218,6.17383,-3.89583
385,-2.03016,6.83979,-2.36712
385,-1.70116,6.26633,-3.98004
385,-1.30498,6.23116,-3.94705
385,-1.24712,6.27405,-3.92484
385,-1.37607,6.42366,-3.75767
385,-1.984,6.87459,-2.77006
385,-2.93229,7.16161,-2.39496
385,-1.37709,6.47715,-3.79478
385,-1.81997,6.61736,-3.61846
385,-1.36033,6.48526,-3.95843
385,0.316791,6.34166,-3.65973
385,2.94259,6.24238,-2.8375
385,0.69697,6.37946,-3.64482
385,-1.16083,6.6102,-3.83897
385,0.017832,6.5559,-3.56592
385,-1.14715,6.69448,-3.88681
385,-0.0340852,6.32419,-4.58376
385,-1.13722,6.73276,-3.92479
385,-0.0420794,6.37032,-4.57367
385,0.203282,6.31063,-4.71588
385,0.73931,6.59907,-3.80971
385,0.16122,6.6965,-4.03407
385,0.24896,6.8159,-3.92019
385,0.824126,6.50158,-4.6018
385,0.435035,6.79394,-4.00921
385,1.43077,6.55363,-4.42088
385,2.96708,7.5617,-2.8924
384,2.96708,7.5617,-2.8924
385,1.05396,8.58264,-3.99077
384,1.05396,8.58264,-3.99077
385,3.14785,7.32008,-3.14905
384,3.14785,7.32008,-3.14905
385,-1.49321,9.283,-3.5391
384,-1.49321,9.283,-3.5391
385,-1.44757,9.40825,-3.55614
384,-1.44757,9.40825,-3.55614
385,1.10192,8.70594,-3.69194
384,1.10192,8.70594,-3.69194
385,-0.509635,9.48723,-3.15054
384,-0.509635,9.48723,-3.15054
385,0.782534,9.48995,-2.36394
384,0.782534,9.48995,-2.36394
385,1.56382,9.53858,-2.05538
384,1.56382,9.53858,-2.05538
385,2.49423,8.63627,-3.27384
384,2.49423,8.63627,-3.27384
385,0.352268,7.4316,-4.35929
384,0.352268,7.4316,-4.35929
385,2.6475,5.52722,-2.85591
384,2.6475,5.52722,-2.85591
385,1.95767,9.30285,-1.17624
384,1.95767,9.30285,-1.17624
385,2.85586,7.60918,-2.82642
384,2.85586,7.60918,-2.82642
385,-1.1762,12.4472,-0.394085
384,-1.1762,12.4472,-0.394085
385,1.18216,10.0342,-0.841355
384,1.18216,10.0342,-0.841355
385,0.767774,9.50379,-3.17097
384,0.767774,9.50379,-3.17097
385,0.913634,8.86685,-3.49541
384,0.913634,8.86685,-3.49541
385,1.52407,8.85534,-3.83301
384,1.52407,8.85534,-3.83301
385,12.6535,20.1591,-1.88373
384,12.6535,20.1591,-1.88373
385,-0.686122,9.33863,-3.81618
384,-0.686122,9.33863,-3.81618
385,-1.36746,10.7748,-0.867427
384,-1.36746,10.7748,-0.867427
385,2.65338,5.54799,-2.8598
384,2.65338,5.54799,-2.8598
385,5.95667,15.4402,-3.06858
384,5.95667,15.4402,-3.06858
385,0.759919,9.37414,-2.31045
384,0.759919,9.37414,-2.31045
385,-2.30137,10.6539,-2.69702
384,-2.30137,10.6539,-2.69702
385,0.869743,7.59545,-3.80544
384,0.869743,7.59545,-3.80544
385,2.61348,6.94094,-3.49046
384,2.61348,6.94094,-3.49046
385,2.64215,7.02581,-3.54228
384,2.64215,7.02581,-3.54228
385,-2.14598,9.89891,-3.14065
384,-2.14598,9.89891,-3.14065
385,1.00281,9.92831,-4.69014
384,1.00281,9.92831,-4.69014
385,0.952399,9.08034,-3.57956
384,0.952399,9.08034,-3.57956
385,1.70559,8.45277,-2.91292
384,1.70559,8.45277,-2.91292
385,10.5151,17.8827,1.93355
384,10.5151,17.8827,1.93355
385,2.27232,5.36527,-2.48263
384,2.27232,5.36527,-2.48263
385,2.18981,6.60256,-3.84188
384,2.18981,6.60256,-3.84188
385,2.32069,6.49851,-3.19789
384,2.32069,6.49851,-3.19789
385,-1.15966,8.01656,-3.14997
384,-1.15966,8.01656,-3.14997
385,7.48956,16.3717,2.0557
384,7.48956,16.3717,2.0557
385,-1.57768,11.9765,-3.0855
384,-1.57768,11.9765,-3.0855
385,16.4887,20.5995,2.93688
384,16.4887,20.5995,2.93688
385,8.08381,14.8767,-0.097346
384,8.08381,14.8767,-0.097346
385,6.53571,10.9379,-1.81509
384,6.53571,10.9379,-1.81509
385,-2.10952,9.74997,-3.05384
384,-2.10952,9.74997,-3.05384
385,1.96655,19.8251,1.84407
384,1.96655,19.8251,1.84407
385,-2.59921,10.373,-1.32717
384,-2.59921,10.373,-1.32717
385,-3.37282,10.2347,-1.6537
384,-3.37282,10.2347,-1.6537
385,5.90213,10.2139,-1.67883
384,5.90213,10.2139,-1.67883
385,2.68366,7.27131,-2.74703
384,2.68366,7.27131,-2.74703
385,-3.43985,10.3917,-1.67498
384,-3.43985,10.3917,-1.67498
385,0.827697,9.70651,-2.4053
384,0.827697,9.70651,-2.4053
385,8.71335,23.3584,-0.201644
384,8.71335,23.3584,-0.201644
385,-2.78997,9.63016,-2.35612
384,-2.78997,9.63016,-2.35612
385,4.65291,8.11789,-2.88466
384,4.65291,8.11789,-2.88466
385,-0.683329,7.81124,-3.05033
384,-0.683329,7.81124,-3.05033
385,3.05568,5.89108,-2.05941
384,3.05568,5.89108,-2.05941
385,-2.67938,9.25892,-2.24039
384,-2.67938,9.25892,-2.24039
385,11.7981,25.3134,-3.51494
384,11.7981,25.3134,-3.51494
385,4.98074,14.5076,-2.04946
384,4.98074,14.5076,-2.04946
385,-2.18693,9.49581,-0.766326
384,-2.18693,9.49581,-0.766326
385,-1.94331,8.3721,-1.93791
384,-1.94331,8.3721,-1.93791
385,3.03799,7.86578,-3.77747
383,3.03799,7.86578,-3.77747
385,-1.58688,10.5204,-0.927968
383,-1.58688,10.5204,-0.927968
385,-1.50062,6.02713,-3.87767
383,-1.50062,6.02713,-3.87767
385,0.689585,14.2368,-2.54601
383,0.689585,14.2368,-2.54601
385,2.13853,10.0663,-2.20721
383,2.13853,10.0663,-2.20721
385,0.236772,6.55331,-4.4855
383,0.236772,6.55331,-4.4855
385,-1.57028,11.4905,-3.40108
383,-1.57028,11.4905,-3.40108
385,-0.3198,9.88833,-2.56846
383,-0.3198,9.88833,-2.56846
385,2.73961,7.55282,-4.17185
383,2.73961,7.55282,-4.17185
385,-0.205579,9.89835,-2.96811
383,-0.205579,9.89835,-2.96811
385,-2.4226,10.4616,-0.868488
383,-2.4226,10.4616,-0.868488
385,0.117199,9.02609,-3.90791
383,0.117199,9.02609,-3.90791
385,3.1779,10.4371,-2.11002
383,3.1779,10.4371,-2.11002
385,3.43953,12.97,0.323853
383,3.43953,12.97,0.323853
385,4.57606,11.8015,-3.2765
383,4.57606,11.8015,-3.2765
385,1.49151,10.4685,-4.24883
383,1.49151,10.4685,-4.24883
385,-2.35608,8.6169,-2.89117
383,-2.35608,8.6169,-2.89117
385,-0.0119712,9.90328,-2.39933
383,-0.0119712,9.90328,-2.39933
385,-0.0139771,8.88167,-2.86762
383,-0.0139771,8.88167,-2.86762
385,1.91075,8.0914,-3.52847
383,1.91075,8.0914,-3.52847
385,2.27048,7.62332,-3.57607
383,2.27048,7.62332,-3.57607
385,0.89892,9.92068,-2.4604
383,0.89892,9.92068,-2.4604
385,-0.242425,8.95788,-2.88437
383,-0.242425,8.95788,-2.88437
385,2.22132,10.5191,-2.31184
383,2.22132,10.5191,-2.31184
385,-1.74863,10.8482,-1.01852
383,-1.74863,10.8482,-1.01852
385,1.85532,8.21717,-2.9562
383,1.85532,8.21717,-2.9562
385,-4.44548,9.84449,-2.25407
383,-4.44548,9.84449,-2.25407
385,-5.27412,11.9403,-0.603085
383,-5.27412,11.9403,-0.603085
385,0.960494,9.38506,-0.830045
383,0.960494,9.38506,-0.830045
385,0.782697,9.01115,-3.45606
382,0.782697,9.01115,-3.45606
385,1.04038,8.04878,-3.67991
382,1.04038,8.04878,-3.67991
385,3.30511,12.0844,0.650271
382,3.30511,12.0844,0.650271
385,0.00670538,10.1884,-2.47416
382,0.00670538,10.1884,-2.47416
385,1.70221,6.1377,-2.97268
382,1.70221,6.1377,-2.97268
385,-0.384106,8.81643,-2.23838
382,-0.384106,8.81643,-2.23838
385,-1.4625,7.85735,-3.35566
382,-1.4625,7.85735,-3.35566
385,-1.2414,9.77339,-3.08525
382,-1.2414,9.77339,-3.08525
385,-1.71914,11.9889,0.877337
382,-1.71914,11.9889,0.877337
385,0.136211,9.51187,-3.03408
382,0.136211,9.51187,-3.03408
385,7.79477,20.9969,-3.07781
382,7.79477,20.9969,-3.07781
385,1.2623,8.07087,-3.41776
382,1.2623,8.07087,-3.41776
385,-1.50301,10.3455,-0.86429
382,-1.50301,10.3455,-0.86429
385,-3.62704,10.2589,-2.44336
382,-3.62704,10.2589,-2.44336
385,5.37528,8.61238,-1.49192
382,5.37528,8.61238,-1.49192
385,1.62123,7.74963,-4.62583
381,1.62123,7.74963,-4.62583
385,-2.68029,9.02115,-2.17839
381,-2.68029,9.02115,-2.17839
385,-2.42331,8.98371,-2.53933
381,-2.42331,8.98371,-2.53933
385,-6.26955,14.5951,-1.05247
381,-6.26955,14.5951,-1.05247
385,-0.4933,14.1666,1.06137
381,-0.4933,14.1666,1.06137
385,3.30093,12.4926,0.841614
381,3.30093,12.4926,0.841614
385,2.23363,8.39843,-2.91854
381,2.23363,8.39843,-2.91854
385,6.33571,15.0185,-1.9582
381,6.33571,15.0185,-1.9582
385,-6.04749,14.6215,-2.44461
381,-6.04749,14.6215,-2.44461
385,-0.644765,8.96734,-3.94973
379,-0.644765,8.96734,-3.94973
385,-0.15939,9.5919,-3.16263
379,-0.15939,9.5919,-3.16263
385,8.22585,19.0808,-0.102078
379,8.22585,19.0808,-0.102078
385,0.687022,10.4887,-2.60763
379,0.687022,10.4887,-2.60763
385,4.70919,8.56723,-3.61674
379,4.70919,8.56723,-3.61674
385,8.06903,18.8202,-0.107632
379,8.06903,18.8202,-0.107632
385,1.78991,8.57521,-3.91423
379,1.78991,8.57521,-3.91423
385,-6.49824,13.7128,-0.789012
379,-6.49824,13.7128,-0.789012
385,1.78502,8.07899,-4.57031
379,1.78502,8.07899,-4.57031
385,-0.479622,9.91086,-3.39055
379,-0.479622,9.91086,-3.39055
385,-0.490795,9.21304,-3.07044
379,-0.490795,9.21304,-3.07044
385,5.36386,12.6183,-1.77641
380,5.36386,12.6183,-1.77641
385,2.10438,5.6522,-2.75563
380,2.10438,5.6522,-2.75563
385,-2.18473,10.9435,0.383911
380,-2.18473,10.9435,0.383911
385,3.20541,10.2417,-3.01483
380,3.20541,10.2417,-3.01483
385,-2.50059,9.28483,-2.65917
380,-2.50059,9.28483,-2.65917
385,0.0747815,9.20372,-3.02716
380,0.0747815,9.20372,-3.02716
385,5.17366,9.45109,-1.50487
380,5.17366,9.45109,-1.50487
385,10.5366,19.0645,-0.364243
380,10.5366,19.0645,-0.364243
385,-2.45113,10.8171,-0.887555
380,-2.45113,10.8171,-0.887555
385,-1.04029,9.47978,-3.87454
377,-1.04029,9.47978,-3.87454
385,0.128308,9.11564,-3.95664
377,0.128308,9.11564,-3.95664
385,1.22295,9.41922,-3.61206
377,1.22295,9.41922,-3.61206
385,1.92744,8.1287,-3.57685
377,1.92744,8.1287,-3.57685
385,-0.422263,11.4315,0.822173
377,-0.422263,11.4315,0.822173
385,2.92757,6.96262,-2.95786
377,2.92757,6.96262,-2.95786
385,-0.0775725,9.71373,-3.14525
377,-0.0775725,9.71373,-3.14525
385,7.01356,18.9361,-0.108179
377,7.01356,18.9361,-0.108179
385,3.01848,12.1855,1.24523
377,3.01848,12.1855,1.24523
385,-0.667386,12.3867,0.0552176
377,-0.667386,12.3867,0.0552176
385,-0.526688,14.0691,1.05189
377,-0.526688,14.0691,1.05189
385,-0.0617843,9.15452,-2.184
377,-0.0617843,9.15452,-2.184
385,0.651459,9.22003,-3.02551
377,0.651459,9.22003,-3.02551
385,3.23998,12.5403,-0.435664
378,3.23998,12.5403,-0.435664
385,-2.63896,14.1285,1.31598
378,-2.63896,14.1285,1.31598
385,-1.38508,9.85839,-3.20468
378,-1.38508,9.85839,-3.20468
385,1.03683,16.2092,1.14109
378,1.03683,16.2092,1.14109
385,2.66856,8.70531,-4.62961
378,2.66856,8.70531,-4.62961
385,-1.34302,13.6001,-3.98079
64,-1.34302,13.6001,-3.98079
385,0.125384,7.16554,-4.34885
64,0.125384,7.16554,-4.34885
385,-0.98077,12.7658,0.0493637
64,-0.98077,12.7658,0.0493637
385,3.54636,10.2054,-5.06275
64,3.54636,10.2054,-5.06275
385,-0.180329,10.1602,-3.04299
64,-0.180329,10.1602,-3.04299
385,2.02299,4.7444,-2.85698
64,2.02299,4.7444,-2.85698
385,-0.332766,6.50979,-3.53486
64,-0.332766,6.50979,-3.53486
385,-5.97046,13.6728,-2.02162
64,-5.97046,13.6728,-2.02162
385,2.53597,6.99791,-2.63374
64,2.53597,6.99791,-2.63374
385,2.72925,7.39751,-2.50456
376,2.72925,7.39751,-2.50456
385,-1.47611,11.122,-0.872134
376,-1.47611,11.122,-0.872134
385,2.67742,12.2632,0.453562
375,2.67742,12.2632,0.453562
386,-2.43424,3.98914,-2.27667
386,-2.34426,4.09612,-2.19381
386,2.55125,4.0416,-2.73443
386,-2.36226,4.99372,-2.17889
386,2.54575,4.0444,-2.7496
386,2.57514,4.06713,-2.77305
386,-2.39831,5.05118,-2.23257
386,-2.31809,5.05046,-2.20762
386,2.61914,4.10224,-2.80526
386,2.56196,4.24222,-2.73879
386,-2.45594,5.20105,-2.2926
386,2.09103,4.26898,-2.98366
386,2.13016,4.3088,-3.01527
386,2.72554,4.44403,-2.85353
386,2.04711,4.65634,-2.81549
386,2.03397,4.71686,-2.90121
386,-2.67174,5.70745,-2.19908
386,2.59115,4.66675,-2.87684
386,2.15034,4.79397,-2.94729
386,2.58515,4.74938,-2.9145
386,-2.15797,5.72539,-2.25783
386,2.59866,4.76885,-2.93695
386,-0.628281,5.10693,-3.53875
386,-0.633139,5.18714,-3.57443
386,1.98564,4.7546,-3.79104
386,2.01695,4.7737,-3.78266
386,-1.2152,5.27124,-3.80697
386,-1.20341,5.29777,-3.80145
386,-1.20927,5.37173,-3.89341
386,2.10543,5.28317,-2.95628
386,-1.93517,5.60913,-3.84744
386,-2.85993,6.43496,-2.14346
386,2.07748,5.16508,-3.73118
386,-1.94597,5.74594,-3.80451
386,2.08587,5.24443,-3.82415
386,-1.93629,5.92348,-3.84791
386,2.26464,5.64985,-2.93314
386,2.1315,5.31057,-3.89882
386,2.19117,5.77073,-2.75634
386,2.17864,5.37481,-3.93812
386,-0.380976,5.762,-3.9911
386,-0.778273,5.97428,-3.695
386,-0.856311,5.97782,-3.74661
386,-0.375917,5.81398,-4.01472
386,2.21013,5.44775,-4.01669
386,-1.28044,6.10266,-3.82489
386,-1.29416,6.11514,-3.85519
386,2.70542,5.94875,-2.86126
386,-0.226061,6.39842,-2.88512
386,-1.52162,6.20199,-3.97048
386,-0.216785,6.41453,-2.90707
386,0.623479,6.09949,-3.47981
386,-0.209084,6.46489,-2.90452
386,-1.39612,6.22055,-4.05446
386,2.15144,5.93458,-3.50655
386,2.87348,6.13986,-2.78451
386,0.663816,5.9726,-4.16084
386,0.0105258,6.42924,-3.20561
386,-0.20747,6.5774,-2.97519
386,0.0137383,6.47091,-3.22322
386,0.306612,6.29279,-3.63657
386,2.2718,5.9922,-3.64711
386,1.72747,5.79286,-4.48155
386,-0.781363,6.35821,-3.99961
386,-1.14966,6.56559,-3.63437
386,0.684805,6.08929,-4.25187
386,0.0455865,6.10227,-4.64491
386,1.84293,5.86362,-4.60236
386,-1.98955,7.11715,-2.98487
386,2.77509,6.49493,-2.79005
386,-0.0596492,6.85164,-3.06766
386,1.69693,6.06692,-4.58982
386,-1.48066,6.83857,-3.81749
386,-1.85957,6.90635,-3.82908
386,1.94875,6.02659,-4.72743
386,5.00173,6.73281,-1.59912
386,1.6561,6.13047,-4.60502
386,-1.59302,6.73731,-4.32931
386,-0.0301604,6.57929,-4.45282
386,3.00232,7.3862,-3.05228
385,3.00232,7.3862,-3.05228
386,2.93545,7.49939,-2.86737
385,2.93545,7.49939,-2.86737
386,2.93149,7.51287,-4.07873
385,2.93149,7.51287,-4.07873
386,1.33414,19.5546,-3.55009
385,1.33414,19.5546,-3.55009
386,-1.15832,12.4338,-0.358415
385,-1.15832,12.4338,-0.358415
386,-1.57237,6.47716,-4.25213
385,-1.57237,6.47716,-4.25213
386,-0.510571,9.488,-3.15147
385,-0.510571,9.488,-3.15147
386,2.97139,9.97477,-2.79033
385,2.97139,9.97477,-2.79033
386,0.8808,9.95101,-2.51538
385,0.8808,9.95101,-2.51538
386,3.3505,7.62336,-3.30765
385,3.3505,7.62336,-3.30765
386,1.38866,7.5264,-2.5283
385,1.38866,7.5264,-2.5283
386,-0.329878,10.0123,-2.61001
385,-0.329878,10.0123,-2.61001
386,1.63509,10.0511,-1.28788
385,1.63509,10.0511,-1.28788
386,3.73454,10.8309,-3.45352
385,3.73454,10.8309,-3.45352
386,-0.418718,8.54236,-3.47935
385,-0.418718,8.54236,-3.47935
386,3.29034,9.65049,-4.76767
385,3.29034,9.65049,-4.76767
386,1.31173,9.79159,-1.96644
385,1.31173,9.79159,-1.96644
386,0.768318,9.54235,-3.20317
385,0.768318,9.54235,-3.20317
386,1.97457,8.22107,-3.63705
385,1.97457,8.22107,-3.63705
386,2.68595,7.42192,-3.53117
385,2.68595,7.42192,-3.53117
386,5.69966,10.1902,-1.65749
385,5.69966,10.1902,-1.65749
386,-0.693092,8.74269,-3.53227
385,-0.693092,8.74269,-3.53227
386,3.65248,10.6819,-3.40023
385,3.65248,10.6819,-3.40023
386,14.1655,34.6479,-1.42593
385,14.1655,34.6479,-1.42593
386,-3.20843,12.2293,-2.4987
385,-3.20843,12.2293,-2.4987
386,0.823975,9.65555,-2.4092
385,0.823975,9.65555,-2.4092
386,-1.20936,7.81577,-3.37589
385,-1.20936,7.81577,-3.37589
386,5.97083,15.4495,-3.0676
385,5.97083,15.4495,-3.0676
386,-2.14598,9.8244,-3.11553
385,-2.14598,9.8244,-3.11553
386,8.54851,19.7689,-0.09962
385,8.54851,19.7689,-0.09962
386,5.80717,13.8499,-1.81067
385,5.80717,13.8499,-1.81067
386,-1.45451,10.8755,-0.849366
385,-1.45451,10.8755,-0.849366
386,-0.0181618,9.91363,-2.39494
385,-0.0181618,9.91363,-2.39494
386,-1.09015,10.0778,-3.62223
385,-1.09015,10.0778,-3.62223
386,-1.15421,8.14152,-2.50678
385,-1.15421,8.14152,-2.50678
386,1.63406,8.23,-2.85106
385,1.63406,8.23,-2.85106
386,11.4038,28.7476,-0.110711
385,11.4038,28.7476,-0.110711
386,0.885776,9.91298,-2.4937
385,0.885776,9.91298,-2.4937
386,-1.54118,11.4892,-2.93368
385,-1.54118,11.4892,-2.93368
386,0.916756,11.6957,-1.66549
385,0.916756,11.6957,-1.66549
386,-2.9819,10.2593,-2.53788
385,-2.9819,10.2593,-2.53788
386,1.98738,8.22725,-3.60025
385,1.98738,8.22725,-3.60025
386,12.706,22.4134,-0.414955
385,12.706,22.4134,-0.414955
386,-2.51311,9.47728,-2.70557
385,-2.51311,9.47728,-2.70557
386,-2.63617,10.5843,-1.3615
385,-2.63617,10.5843,-1.3615
386,4.28275,6.87073,-3.58302
385,4.28275,6.87073,-3.58302
386,-2.59392,11.4847,-0.964785
385,-2.59392,11.4847,-0.964785
386,0.963733,10.0924,-2.53535
385,0.963733,10.0924,-2.53535
386,-0.666376,9.84891,-4.06605
385,-0.666376,9.84891,-4.06605
386,8.80476,23.2973,-0.142046
385,8.80476,23.2973,-0.142046
386,0.160525,6.69749,-4.03553
385,0.160525,6.69749,-4.03553
386,3.01898,7.11661,-3.01243
385,3.01898,7.11661,-3.01243
386,-0.636711,9.31118,-3.80738
385,-0.636711,9.31118,-3.80738
386,-0.580648,7.46474,-2.42639
385,-0.580648,7.46474,-2.42639
386,1.86874,8.8538,-3.12886
385,1.86874,8.8538,-3.12886
386,2.71444,7.28113,-2.78965
385,2.71444,7.28113,-2.78965
386,0.192816,6.89421,-4.25137
385,0.192816,6.89421,-4.25137
386,-2.80344,9.76469,-2.38885
385,-2.80344,9.76469,-2.38885
386,5.18989,15.0923,-2.14983
385,5.18989,15.0923,-2.14983
386,2.98525,7.02925,-2.96901
385,2.98525,7.02925,-2.96901
386,-0.451074,9.45774,-3.16518
385,-0.451074,9.45774,-3.16518
386,-2.62825,11.9995,-0.973005
385,-2.62825,11.9995,-0.973005
386,0.839257,12.7564,-1.1376
385,0.839257,12.7564,-1.1376
386,0.0847615,6.71461,-4.86862
384,0.0847615,6.71461,-4.86862
386,-1.56439,11.0767,-4.07814
384,-1.56439,11.0767,-4.07814
386,2.54658,11.2424,-2.9719
384,2.54658,11.2424,-2.9719
386,7.89269,16.2747,-0.0919905
384,7.89269,16.2747,-0.0919905
386,3.13491,9.67892,-5.18666
384,3.13491,9.67892,-5.18666
386,-2.98822,13.3022,0.0106792
384,-2.98822,13.3022,0.0106792
386,-0.802933,10.2187,-3.30276
384,-0.802933,10.2187,-3.30276
386,-2.51937,11.0297,-0.924378
384,-2.51937,11.0297,-0.924378
386,0.0746878,7.09992,-4.85417
384,0.0746878,7.09992,-4.85417
386,0.626986,10.1964,-2.52045
384,0.626986,10.1964,-2.52045
386,0.10482,6.67619,-3.84793
384,0.10482,6.67619,-3.84793
386,-2.39602,8.82984,-2.50885
384,-2.39602,8.82984,-2.50885
386,4.36187,7.0008,-3.50568
384,4.36187,7.0008,-3.50568
386,4.9661,9.18967,-1.4689
384,4.9661,9.18967,-1.4689
386,4.91853,8.37819,-3.80492
384,4.91853,8.37819,-3.80492
386,1.71025,15.6122,1.39786
384,1.71025,15.6122,1.39786
386,8.5891,22.1638,0.420765
384,8.5891,22.1638,0.420765
386,-2.1835,9.93693,-2.451
384,-2.1835,9.93693,-2.451
386,1.67919,7.91932,-2.85905
384,1.67919,7.91932,-2.85905
386,9.49579,24.3161,0.499198
384,9.49579,24.3161,0.499198
386,1.39599,9.8623,-0.87962
384,1.39599,9.8623,-0.87962
386,-2.49309,10.6924,-1.33985
384,-2.49309,10.6924,-1.33985
386,-2.87849,9.87695,-2.41878
384,-2.87849,9.87695,-2.41878
386,4.82595,8.31646,-3.67981
384,4.82595,8.31646,-3.67981
386,0.520126,8.66935,-5.3137
384,0.520126,8.66935,-5.3137
386,5.40856,13.4382,-3.73432
384,5.40856,13.4382,-3.73432
386,-1.30964,10.9669,-3.57761
384,-1.30964,10.9669,-3.57761
386,-4.47505,9.82287,-2.20864
384,-4.47505,9.82287,-2.20864
386,-6.04113,14.6555,-2.46262
384,-6.04113,14.6555,-2.46262
386,0.232578,8.20693,-3.44389
384,0.232578,8.20693,-3.44389
386,7.26827,10.7948,-1.95463
384,7.26827,10.7948,-1.95463
386,-1.2626,13.122,-2.31077
383,-1.2626,13.122,-2.31077
386,-0.270986,6.43477,-3.42895
383,-0.270986,6.43477,-3.42895
386,2.92828,7.71725,-2.88323
383,2.92828,7.71725,-2.88323
386,-0.21851,6.55693,-3.52757
383,-0.21851,6.55693,-3.52757
386,3.24796,8.03911,-3.07816
383,3.24796,8.03911,-3.07816
386,-1.68992,12.779,-3.32309
383,-1.68992,12.779,-3.32309
386,2.61663,7.39409,-4.15746
383,2.61663,7.39409,-4.15746
386,-1.04135,6.66537,-3.80084
382,-1.04135,6.66537,-3.80084
386,-1.44316,6.75763,-3.05372
382,-1.44316,6.75763,-3.05372
386,-3.24274,14.0139,0.151867
382,-3.24274,14.0139,0.151867
386,1.58944,8.08611,-3.93204
382,1.58944,8.08611,-3.93204
386,-1.01801,12.0581,-2.09922
382,-1.01801,12.0581,-2.09922
386,-2.81582,9.86963,-2.84165
382,-2.81582,9.86963,-2.84165
386,0.230566,9.94035,-3.21022
382,0.230566,9.94035,-3.21022
386,-1.73827,6.31368,-3.43527
382,-1.73827,6.31368,-3.43527
386,1.28771,8.81925,-1.85775
381,1.28771,8.81925,-1.85775
386,0.996176,13.8688,-1.2187
381,0.996176,13.8688,-1.2187
386,2.68253,11.3804,-1.47704
381,2.68253,11.3804,-1.47704
386,0.592336,13.6057,-2.42683
381,0.592336,13.6057,-2.42683
386,-0.670865,12.0419,0.0376589
381,-0.670865,12.0419,0.0376589
386,-1.48872,9.06039,-3.40841
381,-1.48872,9.06039,-3.40841
386,1.0706,8.23502,-4.30817
381,1.0706,8.23502,-4.30817
386,-3.42968,13.4315,0.131756
381,-3.42968,13.4315,0.131756
386,9.13427,20.8993,-0.231488
381,9.13427,20.8993,-0.231488
386,5.0408,14.7689,-0.423555
380,5.0408,14.7689,-0.423555
386,0.219111,9.59124,-3
379,0.219111,9.59124,-3
386,0.23118,9.6431,-3.55643
379,0.23118,9.6431,-3.55643
386,-1.25951,12.8678,-2.24286
379,-1.25951,12.8678,-2.24286
386,-1.53544,6.66444,-3.67439
379,-1.53544,6.66444,-3.67439
386,-1.5098,11.0076,-2.76996
379,-1.5098,11.0076,-2.76996
386,0.501432,8.92696,-3.76487
377,0.501432,8.92696,-3.76487
386,0.514658,9.57177,-3.20015
377,0.514658,9.57177,-3.20015
386,-0.972381,12.9227,0.0554818
376,-0.972381,12.9227,0.0554818
386,1.02264,9.36219,-3.73019
376,1.02264,9.36219,-3.73019
386,-1.47792,11.2974,-0.89002
376,-1.47792,11.2974,-0.89002
386,-5.4955,12.9748,0.520654
376,-5.4955,12.9748,0.520654
386,2.51225,10.2879,-1.26663
378,2.51225,10.2879,-1.26663
386,2.59685,10.5256,-1.30648
378,2.59685,10.5256,-1.30648
386,-2.99891,12.2923,0.983404
378,-2.99891,12.2923,0.983404
387,-0.723452,1.15268,-0.132909
387,-0.734857,1.8819,-0.845717
387,-2.29572,3.85387,-2.32384
387,-2.43837,3.98963,-2.29496
387,-1.35225,4.32057,-2.92124
387,-1.37018,4.32286,-2.932
387,-1.37697,4.36545,-2.96444
387,-1.35793,4.37981,-2.96609
387,1.93981,4.08124,-2.8132
387,-2.37296,4.99477,-2.18046
387,-2.32742,4.98129,-2.25185
387,2.59884,4.07887,-2.77711
387,-2.37494,5.22664,-2.27346
387,-2.24617,5.01705,-2.95905
387,2.01234,4.61101,-2.79898
387,-2.14689,5.64629,-2.23261
387,2.65738,4.69694,-2.92005
387,1.74929,4.72636,-3.35869
387,-0.546937,5.06089,-3.64788
387,-0.628439,5.12221,-3.54149
387,1.93181,5.01435,-2.76075
387,-0.628504,5.15089,-3.56718
387,2.19491,4.97477,-3.04514
387,2.83336,5.39339,-2.82867
387,-1.97867,5.74012,-3.95999
387,0.931963,5.26586,-4.15737
387,-1.21635,5.6523,-4.06238
387,-1.9326,5.86818,-3.82092
387,-0.794772,5.83315,-3.5919
387,2.23934,5.6195,-2.90194
387,2.26423,5.64426,-2.89813
387,-0.893532,5.75035,-4.19662
387,-2.66404,6.23105,-3.81067
387,4.49311,5.84672,-1.79675
387,-0.885769,5.82728,-4.26835
387,-0.896545,5.83996,-4.29097
387,-1.28765,6.09572,-3.83125
387,1.99181,5.59047,-4.0845
387,-0.792673,6.13164,-3.77268
387,2.16677,5.78627,-3.52337
387,0.260423,6.09242,-3.58992
387,-1.91211,6.7228,-2.8203
387,-1.9531,6.71985,-2.90575
387,2.02598,5.91755,-3.46956
387,0.271122,6.14427,-3.61957
387,-1.77466,6.49724,-3.55944
387,-2.23162,6.96333,-2.47008
387,-0.0172582,6.48948,-2.91744
387,0.325696,6.21315,-3.59289
387,-1.24773,6.37551,-3.8807
387,-1.01737,6.17368,-4.36797
387,2.86144,6.09714,-2.93746
387,-1.33018,6.38545,-4.02485
387,2.89127,6.12456,-2.95969
387,0.676795,6.24716,-3.60636
387,0.643185,6.3003,-3.55342
387,0.707925,6.27835,-3.72615
387,-1.20101,6.61658,-3.82813
387,-2.19295,7.23095,-2.52816
387,0.703256,6.4069,-3.68918
387,0.735848,6.42561,-3.82325
387,0.286392,6.19339,-4.73164
387,0.308058,6.69165,-3.47759
387,3.0349,7.66446,-2.94108
386,3.0349,7.66446,-2.94108
387,-1.31359,7.20169,-3.0931
386,-1.31359,7.20169,-3.0931
387,1.06267,8.61819,-4.00595
386,1.06267,8.61819,-4.00595
387,3.24908,11.4413,-1.47584
386,3.24908,11.4413,-1.47584
387,0.881905,9.94981,-2.51431
386,0.881905,9.94981,-2.51431
387,0.886365,6.7464,-4.81708
386,0.886365,6.7464,-4.81708
387,2.88456,7.17828,-2.68257
386,2.88456,7.17828,-2.68257
387,2.65893,6.82269,-2.77477
386,2.65893,6.82269,-2.77477
387,4.72791,8.7101,-3.78977
386,4.72791,8.7101,-3.78977
387,-2.6214,10.6123,-1.46081
386,-2.6214,10.6123,-1.46081
387,-1.43184,7.68951,-3.30046
386,-1.43184,7.68951,-3.30046
387,8.80634,20.2012,-0.0933082
386,8.80634,20.2012,-0.0933082
387,3.63298,14.4792,-3.91333
386,3.63298,14.4792,-3.91333
387,2.47864,8.60635,-3.26192
386,2.47864,8.60635,-3.26192
387,1.82538,8.3853,-3.02672
386,1.82538,8.3853,-3.02672
387,1.30602,9.72469,-1.9639
386,1.30602,9.72469,-1.9639
387,4.2564,7.50667,-3.36312
386,4.2564,7.50667,-3.36312
387,0.776981,9.55941,-3.20785
386,0.776981,9.55941,-3.20785
387,2.54339,8.97831,-2.47487
386,2.54339,8.97831,-2.47487
387,3.27107,8.46462,-4.11835
386,3.27107,8.46462,-4.11835
387,-0.500487,9.75991,-3.26085
386,-0.500487,9.75991,-3.26085
387,6.45381,11.2007,-1.84821
386,6.45381,11.2007,-1.84821
387,2.61169,6.51376,-4.0366
386,2.61169,6.51376,-4.0366
387,3.33317,5.55774,-1.0496
386,3.33317,5.55774,-1.0496
387,-0.432117,8.68167,-3.5463
386,-0.432117,8.68167,-3.5463
387,-0.135229,6.64602,-3.58856
386,-0.135229,6.64602,-3.58856
387,-2.15253,9.79649,-3.12346
386,-2.15253,9.79649,-3.12346
387,5.54552,13.346,-1.72838
386,5.54552,13.346,-1.72838
387,-1.18791,12.3747,-0.379771
386,-1.18791,12.3747,-0.379771
387,-1.58515,12.214,-3.12259
386,-1.58515,12.214,-3.12259
387,-2.34196,10.8761,-2.71748
386,-2.34196,10.8761,-2.71748
387,0.367056,9.56071,-3.66594
386,0.367056,9.56071,-3.66594
387,0.213071,9.84259,-3.59207
386,0.213071,9.84259,-3.59207
387,0.0629259,8.53975,-2.70168
386,0.0629259,8.53975,-2.70168
387,-2.42104,7.25859,-2.43225
386,-2.42104,7.25859,-2.43225
387,-2.7671,9.70394,-2.76466
386,-2.7671,9.70394,-2.76466
387,1.63033,8.15733,-2.84413
386,1.63033,8.15733,-2.84413
387,-0.655895,11.809,0.0393053
386,-0.655895,11.809,0.0393053
387,-1.57351,11.9285,-3.066
386,-1.57351,11.9285,-3.066
387,-0.0256006,9.90305,-2.39575
386,-0.0256006,9.90305,-2.39575
387,-0.0160353,7.65396,-2.66849
386,-0.0160353,7.65396,-2.66849
387,4.79639,8.77526,-3.80052
386,4.79639,8.77526,-3.80052
387,0.25121,6.46182,-4.47296
386,0.25121,6.46182,-4.47296
387,11.3611,14.465,-2.16419
386,11.3611,14.465,-2.16419
387,11.4061,28.7478,-0.125541
386,11.4061,28.7478,-0.125541
387,0.702128,8.91343,-2.21086
386,0.702128,8.91343,-2.21086
387,0.213318,6.96877,-4.28272
386,0.213318,6.96877,-4.28272
387,-6.49308,14.0398,-1.53461
386,-6.49308,14.0398,-1.53461
387,-2.49741,9.81578,-1.2394
386,-2.49741,9.81578,-1.2394
387,4.69979,8.66499,-3.73231
386,4.69979,8.66499,-3.73231
387,0.438634,7.30669,-5.18964
386,0.438634,7.30669,-5.18964
387,-1.36834,8.48194,-2.10027
386,-1.36834,8.48194,-2.10027
387,-0.681467,7.31692,-2.87827
386,-0.681467,7.31692,-2.87827
387,5.83613,10.0462,-1.68775
386,5.83613,10.0462,-1.68775
387,6.22444,17.3595,-0.114311
386,6.22444,17.3595,-0.114311
387,-2.75127,9.47787,-2.30395
386,-2.75127,9.47787,-2.30395
387,0.360323,7.75253,-4.84861
386,0.360323,7.75253,-4.84861
387,4.40516,13.2545,-1.92427
386,4.40516,13.2545,-1.92427
387,-0.482518,9.16664,-3.09249
386,-0.482518,9.16664,-3.09249
387,0.0367141,5.97864,-3.57126
386,0.0367141,5.97864,-3.57126
387,-0.307592,9.29935,-2.40505
386,-0.307592,9.29935,-2.40505
387,-5.07202,11.6367,-2.56153
386,-5.07202,11.6367,-2.56153
387,-5.95426,14.3905,-2.40672
386,-5.95426,14.3905,-2.40672
387,-1.20051,8.37749,-3.30497
386,-1.20051,8.37749,-3.30497
387,-0.449192,10.6504,-3.64342
386,-0.449192,10.6504,-3.64342
387,-2.13492,9.12009,-0.713591
386,-2.13492,9.12009,-0.713591
387,-0.262079,5.04944,-0.402089
386,-0.262079,5.04944,-0.402089
387,-1.42823,6.86582,-4.07901
385,-1.42823,6.86582,-4.07901
387,11.8983,23.2228,-0.145718
385,11.8983,23.2228,-0.145718
387,0.384186,7.5545,-4.72417
385,0.384186,7.5545,-4.72417
387,0.185711,7.5294,-4.61917
385,0.185711,7.5294,-4.61917
387,-2.42505,11.4341,-2.92146
385,-2.42505,11.4341,-2.92146
387,-0.193487,12.4178,-3.31335
385,-0.193487,12.4178,-3.31335
387,0.460731,10.3642,-0.859655
385,0.460731,10.3642,-0.859655
387,-1.35608,10.6023,-0.841945
385,-1.35608,10.6023,-0.841945
387,-0.149182,6.48084,-3.50104
385,-0.149182,6.48084,-3.50104
387,1.19002,10.1577,-4.07924
385,1.19002,10.1577,-4.07924
387,5.78757,10.2796,-1.6683
385,5.78757,10.2796,-1.6683
387,9.21191,19.4853,2.50192
385,9.21191,19.4853,2.50192
387,-3.89573,16.861,1.74365
385,-3.89573,16.861,1.74365
387,2.99853,8.66439,-4.48928
385,2.99853,8.66439,-4.48928
387,1.74758,7.96103,-4.4978
385,1.74758,7.96103,-4.4978
387,0.667387,9.0543,-2.98456
385,0.667387,9.0543,-2.98456
387,14.2841,24.2763,-0.127521
385,14.2841,24.2763,-0.127521
387,2.32854,21.9131,2.06238
385,2.32854,21.9131,2.06238
387,-3.37637,10.1447,-1.61061
385,-3.37637,10.1447,-1.61061
387,-4.49142,17.3925,1.26231
385,-4.49142,17.3925,1.26231
387,3.50622,30.2567,2.92362
385,3.50622,30.2567,2.92362
387,2.16594,7.09021,-3.51718
385,2.16594,7.09021,-3.51718
387,-2.14793,9.57709,-2.37884
385,-2.14793,9.57709,-2.37884
387,3.27864,9.23205,-4.83405
385,3.27864,9.23205,-4.83405
387,-0.351427,6.64884,-3.62053
385,-0.351427,6.64884,-3.62053
387,-1.2615,7.44014,-0.569262
385,-1.2615,7.44014,-0.569262
387,-1.83425,11.3235,-1.04025
385,-1.83425,11.3235,-1.04025
387,-2.7312,13.2669,-3.29096
385,-2.7312,13.2669,-3.29096
387,1.04174,10.0562,-2.51657
385,1.04174,10.0562,-2.51657
387,1.45744,9.79647,-1.72758
385,1.45744,9.79647,-1.72758
387,4.64973,11.7139,-1.50659
385,4.64973,11.7139,-1.50659
387,4.4829,13.4439,-1.91796
385,4.4829,13.4439,-1.91796
387,4.36153,6.97534,-3.59052
385,4.36153,6.97534,-3.59052
387,12.7007,31.4247,-0.125708
384,12.7007,31.4247,-0.125708
387,1.91689,11.679,-3.18192
384,1.91689,11.679,-3.18192
387,3.14859,7.6719,-2.89434
384,3.14859,7.6719,-2.89434
387,2.5951,5.52182,-2.75165
384,2.5951,5.52182,-2.75165
387,4.91448,8.36456,-3.78982
384,4.91448,8.36456,-3.78982
387,2.71599,7.34606,-3.45396
384,2.71599,7.34606,-3.45396
387,-0.638068,12.568,0.0455425
384,-0.638068,12.568,0.0455425
387,4.46062,7.82452,-3.49306
384,4.46062,7.82452,-3.49306
387,0.969615,11.7943,-1.76192
384,0.969615,11.7943,-1.76192
387,2.61263,7.27071,-3.46052
384,2.61263,7.27071,-3.46052
387,-2.57752,9.70238,-2.76509
384,-2.57752,9.70238,-2.76509
387,-0.650338,9.01112,-3.63496
384,-0.650338,9.01112,-3.63496
387,-0.915857,6.303,-3.4362
384,-0.915857,6.303,-3.4362
387,-5.6403,13.8696,1.0135
384,-5.6403,13.8696,1.0135
387,-6.94865,14.8024,1.0432
384,-6.94865,14.8024,1.0432
387,1.57908,6.46787,-3.87408
384,1.57908,6.46787,-3.87408
387,4.51625,7.95424,-3.49704
384,4.51625,7.95424,-3.49704
387,7.9878,17.9726,-2.41769
384,7.9878,17.9726,-2.41769
387,1.36244,8.2957,-4.89395
384,1.36244,8.2957,-4.89395
387,-1.2906,10.3698,-3.34563
384,-1.2906,10.3698,-3.34563
387,0.212112,10.7284,-3.43548
384,0.212112,10.7284,-3.43548
387,0.301157,6.23103,-3.59138
383,0.301157,6.23103,-3.59138
387,-1.98049,10.1003,-3.38818
383,-1.98049,10.1003,-3.38818
387,1.54085,8.91425,-3.8581
383,1.54085,8.91425,-3.8581
387,-1.9715,13.1496,0.617599
383,-1.9715,13.1496,0.617599
387,0.0291048,10.4207,-2.5376
383,0.0291048,10.4207,-2.5376
387,4.29824,19.6038,2.45481
383,4.29824,19.6038,2.45481
387,2.88114,7.20352,-2.94554
383,2.88114,7.20352,-2.94554
387,16.7548,20.886,3.02741
383,16.7548,20.886,3.02741
387,-2.41557,10.6697,-0.865061
383,-2.41557,10.6697,-0.865061
387,4.47465,7.04768,-2.71177
383,4.47465,7.04768,-2.71177
387,4.77907,8.72594,-3.77544
383,4.77907,8.72594,-3.77544
387,-0.842795,9.55447,-3.54906
382,-0.842795,9.55447,-3.54906
387,5.19782,12.8884,-2.64932
382,5.19782,12.8884,-2.64932
387,-1.02523,6.502,-3.65858
382,-1.02523,6.502,-3.65858
387,-1.49558,9.29549,-3.54842
382,-1.49558,9.29549,-3.54842
387,7.59117,11.0455,-2.01258
382,7.59117,11.0455,-2.01258
387,0.301357,8.78013,-3.73384
381,0.301357,8.78013,-3.73384
387,1.00637,9.30576,-3.69775
381,1.00637,9.30576,-3.69775
387,2.92899,7.26487,-2.97901
381,2.92899,7.26487,-2.97901
387,0.0615199,12.2393,1.03155
381,0.0615199,12.2393,1.03155
387,-2.79616,9.49214,-2.31959
381,-2.79616,9.49214,-2.31959
387,-3.05762,11.8789,-0.582323
381,-3.05762,11.8789,-0.582323
387,1.66309,8.27932,-2.89468
381,1.66309,8.27932,-2.89468
387,1.66497,7.85229,-4.42773
61,1.66497,7.85229,-4.42773
387,-1.80306,11.1507,-2.83042
61,-1.80306,11.1507,-2.83042
387,1.57527,7.58212,-4.25898
61,1.57527,7.58212,-4.25898
387,0.190243,9.55648,-3.49718
61,0.190243,9.55648,-3.49718
387,-2.29256,11.8978,-2.58368
61,-2.29256,11.8978,-2.58368
387,2.02716,5.51726,-2.86769
61,2.02716,5.51726,-2.86769
387,4.17046,12.3841,-5.59756
61,4.17046,12.3841,-5.59756
387,-3.25639,10.3192,-3.08838
61,-3.25639,10.3192,-3.08838
387,-0.354246,4.32258,-3.04464
61,-0.354246,4.32258,-3.04464
387,0.199074,6.22177,-3.2137
61,0.199074,6.22177,-3.2137
387,2.53959,5.37552,-2.75022
61,2.53959,5.37552,-2.75022
387,1.01678,9.88062,-0.891942
61,1.01678,9.88062,-0.891942
387,-1.5418,8.5527,-3.71166
61,-1.5418,8.5527,-3.71166
387,1.13099,8.56688,-4.46277
61,1.13099,8.56688,-4.46277
387,1.50161,6.64226,-4.60886
61,1.50161,6.64226,-4.60886
387,-1.62669,12.3635,-3.17229
61,-1.62669,12.3635,-3.17229
387,-4.99301,11.027,-2.56929
61,-4.99301,11.027,-2.56929
387,-0.660344,8.89531,-3.55926
61,-0.660344,8.89531,-3.55926
387,0.530757,9.01543,-3.82633
379,0.530757,9.01543,-3.82633
387,2.61188,13.2198,-0.113932
379,2.61188,13.2198,-0.113932
387,-1.54372,10.4428,-0.926203
379,-1.54372,10.4428,-0.926203
387,-2.61268,9.86876,-2.85728
379,-2.61268,9.86876,-2.85728
387,-5.78644,16.6117,1.52291
379,-5.78644,16.6117,1.52291
387,-0.985741,9.62422,-3.31337
378,-0.985741,9.62422,-3.31337
387,2.02843,8.37318,-3.70679
378,2.02843,8.37318,-3.70679
387,1.3551,8.6647,-4.02128
378,1.3551,8.6647,-4.02128
387,3.20437,12.3224,0.850483
378,3.20437,12.3224,0.850483
388,-2.36076,3.78466,-2.4695
388,-2.3026,3.86877,-2.33102
388,-2.34017,3.9089,-2.32893
388,-0.939321,3.58961,-2.79487
388,-1.04978,3.61527,-2.81711
388,-0.949432,3.61,-2.81409
388,-1.46644,3.90574,-2.99422
388,-1.48073,3.94802,-3.02888
388,-0.361165,4.08881,-2.976
388,-1.46716,4.29667,-3.04898
388,-1.43817,4.29164,-3.05227
388,-1.37634,4.39705,-2.9743
388,-1.40135,4.45166,-3.05454
388,-3.0255,5.09693,-2.18162
388,-1.35794,4.51589,-3.07005
388,-2.42195,5.12113,-2.2432
388,-2.21603,4.65096,-3.3282
388,-2.24564,4.72833,-3.40531
388,1.70045,4.65625,-2.51985
388,-3.41831,5.72552,-2.20832
388,-1.87865,4.9464,-3.7315
388,2.01188,4.68864,-2.86694
388,-1.91685,4.98709,-3.69081
388,-1.855,4.97321,-3.70511
388,-2.13627,5.63818,-2.22056
388,-2.58714,5.76397,-2.08705
388,-1.88521,5.01264,-3.70163
388,2.09125,4.75879,-2.92052
388,-1.94642,5.08028,-3.79614
388,-0.61773,5.0364,-3.50371
388,-0.611718,5.0536,-3.47761
388,-0.599358,5.06159,-3.58869
388,-0.597489,5.09547,-3.52862
388,-0.582362,5.07185,-3.6058
388,-0.592762,5.19183,-3.63348
388,3.56343,4.5737,-4.16448
388,1.94332,5.04427,-3.64503
388,-3.14066,6.47084,-2.11784
388,2.8075,5.29161,-2.81615
388,-1.94687,5.7169,-3.73892
388,2.81084,5.36965,-2.80669
388,2.02216,5.1277,-3.7417
388,2.8125,5.39511,-2.81023
388,1.9095,4.90048,-4.42465
388,0.0850304,5.21542,-4.38607
388,0.0786322,5.25638,-4.31655
388,0.0689384,5.26444,-4.31835
388,-0.798143,5.74613,-3.5197
388,4.30234,5.77627,-1.47412
388,-0.0969062,5.32041,-4.30969
388,-1.93564,5.83168,-3.80174
388,2.21303,5.5623,-2.8687
388,-0.0355886,5.32537,-4.38162
388,-1.98346,5.98643,-3.53374
388,-1.142,5.67979,-3.98006
388,-0.768672,5.80592,-3.56122
388,1.28603,5.12305,-4.50896
388,-0.781271,5.83828,-3.56706
388,-0.379216,5.66152,-3.89249
388,-1.9318,5.92716,-3.83787
388,-0.0610829,5.4116,-4.4268
388,1.14826,5.27017,-4.51697
388,0.816947,5.35785,-4.47279
388,1.08512,5.34451,-4.42254
388,1.08569,5.34699,-4.42003
388,1.10016,5.35841,-4.42813
388,2.05472,5.62764,-3.39727
388,1.43109,5.2926,-4.47201
388,-1.4991,6.01401,-3.86505
388,-1.40226,6.03638,-3.79335
388,-1.34016,6.04326,-3.76581
388,1.44554,5.32485,-4.48905
388,1.10509,5.40025,-4.48092
388,0.862059,5.41689,-4.53745
388,-0.901476,5.90406,-4.06889
388,1.12649,5.42089,-4.4918
388,1.45858,5.36418,-4.51233
388,-1.87987,6.6035,-2.75075
388,1.48183,5.3608,-4.53499
388,-1.86669,6.19903,-3.8929
388,-1.30077,6.13633,-3.85526
388,0.89778,5.50673,-4.62588
388,1.50773,5.42254,-4.59914
388,-1.10531,5.98593,-4.25554
388,-1.21895,6.00288,-4.27955
388,0.0464616,5.77287,-4.40436
388,0.273139,6.12798,-3.50878
388,1.15087,5.56159,-4.57317
388,0.886428,5.60169,-4.60727
388,0.315203,6.14815,-3.54627
388,0.915874,5.65572,-4.67799
388,-1.23697,6.29141,-3.9977
388,2.82882,6.13765,-2.91102
388,0.81436,9.75241,-3.25994
387,0.81436,9.75241,-3.25994
388,-1.05504,9.72391,-3.96373
387,-1.05504,9.72391,-3.96373
388,-1.24888,9.71277,-3.94066
387,-1.24888,9.71277,-3.94066
388,2.72672,9.41995,-1.84724
387,2.72672,9.41995,-1.84724
388,1.5801,7.17995,-2.34886
387,1.5801,7.17995,-2.34886
388,2.53149,11.3232,-2.53451
387,2.53149,11.3232,-2.53451
388,0.839175,6.59855,-4.68688
387,0.839175,6.59855,-4.68688
388,1.01416,8.42758,-3.90289
387,1.01416,8.42758,-3.90289
388,1.53555,9.18971,-3.87004
387,1.53555,9.18971,-3.87004
388,1.53738,7.07596,-2.30762
387,1.53738,7.07596,-2.30762
388,1.86567,5.92848,-4.67731
387,1.86567,5.92848,-4.67731
388,2.81685,7.07297,-2.89358
387,2.81685,7.07297,-2.89358
388,2.98112,7.79126,-2.91392
387,2.98112,7.79126,-2.91392
388,0.401775,10.6723,-0.890993
387,0.401775,10.6723,-0.890993
388,0.70922,6.38393,-3.67633
387,0.70922,6.38393,-3.67633
388,-0.496328,9.92505,-3.31048
387,-0.496328,9.92505,-3.31048
388,1.91922,8.03525,-3.53766
387,1.91922,8.03525,-3.53766
388,-1.80199,11.1537,-2.83137
387,-1.80199,11.1537,-2.83137
388,0.799612,9.71843,-3.2474
387,0.799612,9.71843,-3.2474
388,0.191253,9.5587,-3.49654
387,0.191253,9.5587,-3.49654
388,6.04963,15.6703,-3.11266
387,6.04963,15.6703,-3.11266
388,-2.81227,9.50517,-2.33407
387,-2.81227,9.50517,-2.33407
388,-1.20861,12.7733,-0.440907
387,-1.20861,12.7733,-0.440907
388,0.289002,6.77056,-3.53249
387,0.289002,6.77056,-3.53249
388,0.703739,6.40442,-3.68487
387,0.703739,6.40442,-3.68487
388,-0.0407953,9.74682,-2.35426
387,-0.0407953,9.74682,-2.35426
388,0.914343,8.82056,-3.47469
387,0.914343,8.82056,-3.47469
388,-2.11153,9.69244,-3.07313
387,-2.11153,9.69244,-3.07313
388,4.75127,8.57329,-2.84335
387,4.75127,8.57329,-2.84335
388,1.48168,10.7108,0.785089
387,1.48168,10.7108,0.785089
388,2.93896,6.77377,-2.91603
387,2.93896,6.77377,-2.91603
388,-2.75637,9.61352,-2.72321
387,-2.75637,9.61352,-2.72321
388,0.242378,10.0749,-3.24428
387,0.242378,10.0749,-3.24428
388,-2.32625,10.7932,-2.70769
387,-2.32625,10.7932,-2.70769
388,-1.17844,9.70144,-3.26311
387,-1.17844,9.70144,-3.26311
388,0.751057,9.28579,-2.31484
387,0.751057,9.28579,-2.31484
388,-0.661998,12.2613,0.0529271
387,-0.661998,12.2613,0.0529271
388,0.18495,9.36357,-3.33659
387,0.18495,9.36357,-3.33659
388,2.47313,8.60857,-3.25088
387,2.47313,8.60857,-3.25088
388,7.34086,13.5746,-0.0664339
387,7.34086,13.5746,-0.0664339
388,0.702822,8.91656,-2.20963
387,0.702822,8.91656,-2.20963
388,-0.663392,8.99157,-3.64022
387,-0.663392,8.99157,-3.64022
388,-5.09731,12.033,-2.58498
387,-5.09731,12.033,-2.58498
388,-1.56642,9.59198,-3.64664
387,-1.56642,9.59198,-3.64664
388,-0.48014,12.8257,0.214847
387,-0.48014,12.8257,0.214847
388,3.45244,6.78878,-1.06708
387,3.45244,6.78878,-1.06708
388,0.819172,9.61089,-2.40767
387,0.819172,9.61089,-2.40767
388,1.28545,7.58972,-1.62846
387,1.28545,7.58972,-1.62846
388,-0.667703,9.66925,-3.93896
387,-0.667703,9.66925,-3.93896
388,8.59098,22.9444,-0.151774
387,8.59098,22.9444,-0.151774
388,1.51892,6.67616,-4.63506
387,1.51892,6.67616,-4.63506
388,0.781452,9.06783,-2.21615
387,0.781452,9.06783,-2.21615
388,-0.50509,9.53294,-3.24774
387,-0.50509,9.53294,-3.24774
388,3.86639,10.3122,-2.80635
387,3.86639,10.3122,-2.80635
388,5.71877,16.2602,-2.35552
387,5.71877,16.2602,-2.35552
388,0.246573,7.06993,-4.34658
387,0.246573,7.06993,-4.34658
388,0.170596,10.3908,-3.31819
387,0.170596,10.3908,-3.31819
388,-0.41515,10.86,-3.70956
387,-0.41515,10.86,-3.70956
388,5.30084,15.2618,-2.24358
387,5.30084,15.2618,-2.24358
388,-5.47009,10.8021,-3.21287
387,-5.47009,10.8021,-3.21287
388,-5.22014,11.5667,-2.63101
387,-5.22014,11.5667,-2.63101
388,0.570048,10.3356,-0.960797
386,0.570048,10.3356,-0.960797
388,0.688049,8.91824,-2.2153
386,0.688049,8.91824,-2.2153
388,-3.15774,13.2454,-0.532014
386,-3.15774,13.2454,-0.532014
388,-0.328683,10.0638,-2.62176
386,-0.328683,10.0638,-2.62176
388,-2.16287,11.3215,-1.00032
386,-2.16287,11.3215,-1.00032
388,0.369969,7.13293,-3.74848
386,0.369969,7.13293,-3.74848
388,0.311417,8.3732,-4.3792
386,0.311417,8.3732,-4.3792
388,-2.5538,9.99373,-1.27574
386,-2.5538,9.99373,-1.27574
388,-0.639557,11.72,-4.90936
386,-0.639557,11.72,-4.90936
388,0.584608,10.4529,-0.969123
386,0.584608,10.4529,-0.969123
388,-1.59519,12.0945,-3.08701
386,-1.59519,12.0945,-3.08701
388,-0.318575,5.72498,-3.56815
386,-0.318575,5.72498,-3.56815
388,-2.34411,11.1425,-2.83412
386,-2.34411,11.1425,-2.83412
388,9.37162,17.1753,-0.332316
386,9.37162,17.1753,-0.332316
388,4.066,7.36127,-3.19838
386,4.066,7.36127,-3.19838
388,1.9992,6.2158,-3.52998
386,1.9992,6.2158,-3.52998
388,2.32721,6.80278,-3.93997
386,2.32721,6.80278,-3.93997
388,2.16858,6.33005,-2.34895
386,2.16858,6.33005,-2.34895
388,5.11782,8.23847,-1.43029
386,5.11782,8.23847,-1.43029
388,-1.39618,6.59144,-3.87584
385,-1.39618,6.59144,-3.87584
388,-1.42902,10.6409,-0.833741
385,-1.42902,10.6409,-0.833741
388,-0.913266,9.76403,-3.36835
385,-0.913266,9.76403,-3.36835
388,0.218178,6.98851,-5.09815
385,0.218178,6.98851,-5.09815
388,2.54553,11.3153,-2.40849
385,2.54553,11.3153,-2.40849
388,4.55443,8.32592,-2.74438
385,4.55443,8.32592,-2.74438
388,1.55727,9.00554,-3.91482
385,1.55727,9.00554,-3.91482
388,0.464989,8.64917,-3.63413
385,0.464989,8.64917,-3.63413
388,-0.919027,6.57829,-3.62534
385,-0.919027,6.57829,-3.62534
388,0.884764,10.3321,-3.47984
385,0.884764,10.3321,-3.47984
388,2.44988,8.59345,-3.25444
385,2.44988,8.59345,-3.25444
388,6.69736,9.61506,-1.85079
385,6.69736,9.61506,-1.85079
388,-1.17861,6.34281,-3.48381
385,-1.17861,6.34281,-3.48381
388,2.01255,6.24657,-3.50526
385,2.01255,6.24657,-3.50526
388,0.959096,9.10775,-3.6115
383,0.959096,9.10775,-3.6115
388,-0.914686,6.46591,-3.55867
383,-0.914686,6.46591,-3.55867
388,-1.47346,6.6728,-3.68685
383,-1.47346,6.6728,-3.68685
388,2.67752,11.6737,-2.61543
383,2.67752,11.6737,-2.61543
388,8.44864,21.9028,-0.0997119
383,8.44864,21.9028,-0.0997119
388,5.46044,13.4585,-3.8193
383,5.46044,13.4585,-3.8193
388,1.71125,8.35753,-4.34664
383,1.71125,8.35753,-4.34664
388,2.02947,7.49267,-4.60026
383,2.02947,7.49267,-4.60026
388,5.63069,13.5271,-1.77148
383,5.63069,13.5271,-1.77148
388,-0.297027,5.78682,-3.83827
384,-0.297027,5.78682,-3.83827
388,-1.73299,9.56864,-3.79164
384,-1.73299,9.56864,-3.79164
388,1.62575,10.5782,-0.959267
384,1.62575,10.5782,-0.959267
388,5.71503,10.1799,-1.65827
384,5.71503,10.1799,-1.65827
388,-0.201992,8.98506,-2.9318
384,-0.201992,8.98506,-2.9318
388,1.41078,9.77228,-0.87183
384,1.41078,9.77228,-0.87183
388,5.28685,9.6083,-1.54067
384,5.28685,9.6083,-1.54067
388,8.94555,23.1363,0.441509
384,8.94555,23.1363,0.441509
388,-2.18383,9.1342,-0.742322
384,-2.18383,9.1342,-0.742322
388,-0.0458843,9.57249,-2.31561
384,-0.0458843,9.57249,-2.31561
388,-4.53711,9.95927,-2.24412
384,-4.53711,9.95927,-2.24412
388,-0.651292,13.0309,-3.20071
381,-0.651292,13.0309,-3.20071
388,0.437004,10.9142,-0.915044
381,0.437004,10.9142,-0.915044
388,1.70815,8.32373,-3.909
381,1.70815,8.32373,-3.909
388,1.11065,8.75436,-3.97227
381,1.11065,8.75436,-3.97227
388,0.501034,14.6243,-0.0707862
381,0.501034,14.6243,-0.0707862
388,-0.580021,9.46602,-3.40342
381,-0.580021,9.46602,-3.40342
388,-4.98369,13.053,0.444801
381,-4.98369,13.053,0.444801
388,1.32044,9.69967,-2.14661
381,1.32044,9.69967,-2.14661
388,-2.38935,10.4384,-2.64369
380,-2.38935,10.4384,-2.64369
388,-2.58887,10.0542,-0.723616
378,-2.58887,10.0542,-0.723616
388,-0.871344,13.6302,0.278568
378,-0.871344,13.6302,0.278568
389,-2.28574,3.86436,-2.30205
389,-2.29706,3.88578,-2.33359
389,-2.35256,4.13472,-2.21645
389,-2.39486,5.07306,-2.21025
389,-2.86883,5.24226,-2.22128
389,-2.13322,5.57968,-2.17948
389,-2.07522,5.5992,-2.18119
389,-0.629939,5.10908,-3.50749
389,-2.59561,5.88593,-2.08177
389,-1.34137,5.41993,-2.94646
389,3.89176,5.18584,-1.43556
389,2.68133,5.10438,-2.80661
389,-2.75706,6.27287,-2.08741
389,1.95941,5.10544,-3.66782
389,-1.93568,5.77546,-3.7595
389,-1.37411,5.87395,-3.18831
389,1.90073,5.41358,-3.38333
389,-2.39549,6.43757,-2.2861
389,-0.7678,5.82916,-3.57022
389,2.24374,5.60047,-2.86845
389,-1.95264,5.96588,-3.84916
389,2.27616,5.65913,-2.88348
389,-1.49712,6.06971,-3.76536
389,-1.50263,6.05263,-3.88685
389,-0.901956,5.90785,-4.06116
389,-1.67896,6.11825,-3.86191
389,-1.40969,6.10087,-3.83584
389,-0.122142,6.37045,-2.83066
389,-1.21028,7.49876,0.0834416
389,-2.07763,6.85768,-2.35952
389,0.0698901,7.41759,0.0931073
389,-0.189494,6.50657,-2.93263
389,0.0841405,5.95056,-4.60948
389,0.655286,6.21691,-3.55209
389,2.11894,6.01432,-3.51434
389,1.7639,5.8419,-4.53319
389,-1.31359,6.46997,-4.05282
389,-1.68536,6.90827,-2.88832
389,0.0087924,6.11103,-4.68448
389,1.82486,5.86834,-4.60609
389,0.845663,9.05333,-3.81945
387,0.845663,9.05333,-3.81945
389,-0.931985,6.34278,-4.24212
387,-0.931985,6.34278,-4.24212
389,0.236051,6.46213,-3.35616
387,0.236051,6.46213,-3.35616
389,2.67237,7.03934,-2.66629
387,2.67237,7.03934,-2.66629
389,0.440533,8.89052,-3.39167
387,0.440533,8.89052,-3.39167
389,-1.21103,6.25254,-3.60408
387,-1.21103,6.25254,-3.60408
389,0.434775,10.0432,-0.822603
387,0.434775,10.0432,-0.822603
389,-1.37634,10.6747,-0.859262
387,-1.37634,10.6747,-0.859262
389,2.24654,10.3961,-2.32956
387,2.24654,10.3961,-2.32956
389,0.260968,6.24447,-4.48712
387,0.260968,6.24447,-4.48712
389,1.01694,8.42992,-3.90706
387,1.01694,8.42992,-3.90706
389,8.82919,20.2488,-0.125844
387,8.82919,20.2488,-0.125844
389,1.98288,4.74728,-3.73295
387,1.98288,4.74728,-3.73295
389,7.35549,19.3854,-0.0827398
387,7.35549,19.3854,-0.0827398
389,-1.84213,11.6036,-2.95928
387,-1.84213,11.6036,-2.95928
389,0.237481,6.10491,-4.38319
387,0.237481,6.10491,-4.38319
389,2.37878,6.68533,-2.47306
387,2.37878,6.68533,-2.47306
389,1.18337,9.1906,-1.8436
387,1.18337,9.1906,-1.8436
389,1.69226,7.97063,-3.91542
387,1.69226,7.97063,-3.91542
389,1.72854,7.59045,-3.31395
387,1.72854,7.59045,-3.31395
389,-0.248967,6.09881,-3.8784
387,-0.248967,6.09881,-3.8784
389,-1.12425,6.33708,-3.47597
387,-1.12425,6.33708,-3.47597
389,5.6794,14.9024,-2.9176
387,5.6794,14.9024,-2.9176
389,1.38856,10.2035,-2.20245
387,1.38856,10.2035,-2.20245
389,-1.24251,9.40394,-3.80194
387,-1.24251,9.40394,-3.80194
389,0.752192,8.12102,-3.18176
387,0.752192,8.12102,-3.18176
389,-1.20023,12.4856,-0.408777
387,-1.20023,12.4856,-0.408777
389,-1.91789,8.31622,-2.60979
387,-1.91789,8.31622,-2.60979
389,4.44191,8.16254,-2.68815
387,4.44191,8.16254,-2.68815
389,5.46158,9.82569,-1.58483
387,5.46158,9.82569,-1.58483
389,-1.50526,11.2439,-2.86369
387,-1.50526,11.2439,-2.86369
389,1.36295,7.33511,-3.56963
387,1.36295,7.33511,-3.56963
389,1.79261,8.64702,0.838506
387,1.79261,8.64702,0.838506
389,0.189146,9.57291,-3.06366
387,0.189146,9.57291,-3.06366
389,-2.73462,9.54595,-2.71384
387,-2.73462,9.54595,-2.71384
389,1.51396,7.82866,-2.71456
387,1.51396,7.82866,-2.71456
389,-0.0252458,9.90848,-2.39792
387,-0.0252458,9.90848,-2.39792
389,0.108812,5.2942,-2.94971
387,0.108812,5.2942,-2.94971
389,3.34606,10.6329,-1.52814
387,3.34606,10.6329,-1.52814
389,0.224274,7.00542,-4.3051
387,0.224274,7.00542,-4.3051
389,-0.677931,12.1328,0.0479843
387,-0.677931,12.1328,0.0479843
389,-6.33396,12.8469,-0.934171
387,-6.33396,12.8469,-0.934171
389,4.85685,7.89436,-1.37931
387,4.85685,7.89436,-1.37931
389,-5.2707,10.5073,-0.753425
387,-5.2707,10.5073,-0.753425
389,5.59339,13.5993,-1.76455
387,5.59339,13.5993,-1.76455
389,3.94042,12.0365,-1.75404
387,3.94042,12.0365,-1.75404
389,0.658315,8.70064,-2.15656
387,0.658315,8.70064,-2.15656
389,-2.54242,11.0836,-1.40869
387,-2.54242,11.0836,-1.40869
389,-0.628114,10.195,-4.16463
387,-0.628114,10.195,-4.16463
389,-2.55408,8.66351,-2.09453
387,-2.55408,8.66351,-2.09453
389,4.12323,10.5374,-1.39339
387,4.12323,10.5374,-1.39339
389,5.47338,15.5421,-2.26965
387,5.47338,15.5421,-2.26965
389,8.60685,19.4905,-2.55704
387,8.60685,19.4905,-2.55704
389,5.04392,14.528,-2.13968
387,5.04392,14.528,-2.13968
389,-1.80294,7.3327,-1.72366
387,-1.80294,7.3327,-1.72366
389,-1.71821,13.3774,-1.08065
387,-1.71821,13.3774,-1.08065
389,-2.13503,9.1274,-0.715465
387,-2.13503,9.1274,-0.715465
389,0.671602,8.97028,-4.11489
387,0.671602,8.97028,-4.11489
389,1.53786,7.89445,-2.75943
387,1.53786,7.89445,-2.75943
389,-0.0908113,7.87802,-2.44324
387,-0.0908113,7.87802,-2.44324
389,0.249238,6.64897,-3.46094
388,0.249238,6.64897,-3.46094
389,-1.31049,10.404,-3.98897
388,-1.31049,10.404,-3.98897
389,4.10768,12.3687,-1.67012
388,4.10768,12.3687,-1.67012
389,11.7078,20.4217,-0.844592
388,11.7078,20.4217,-0.844592
389,1.68848,8.38989,-2.86871
388,1.68848,8.38989,-2.86871
389,4.78667,8.65896,-2.8619
388,4.78667,8.65896,-2.8619
389,1.4601,8.74022,-3.79359
388,1.4601,8.74022,-3.79359
389,0.455378,8.61209,-3.61161
388,0.455378,8.61209,-3.61161
389,-0.0590378,9.47581,-2.29008
388,-0.0590378,9.47581,-2.29008
389,0.101368,5.31071,-3.94593
388,0.101368,5.31071,-3.94593
389,3.01551,7.09516,-2.83995
388,3.01551,7.09516,-2.83995
389,2.66722,8.95953,-3.898
388,2.66722,8.95953,-3.898
389,4.50579,7.81504,-3.53208
388,4.50579,7.81504,-3.53208
389,-0.806147,9.99696,-3.21625
388,-0.806147,9.99696,-3.21625
389,-0.158662,9.80519,-3.22684
388,-0.158662,9.80519,-3.22684
389,5.91431,12.4232,-2.12602
388,5.91431,12.4232,-2.12602
389,0.663833,13.3327,1.02906
388,0.663833,13.3327,1.02906
389,-1.31373,3.99848,-2.64406
388,-1.31373,3.99848,-2.64406
389,-1.29478,6.08949,-3.81913
388,-1.29478,6.08949,-3.81913
389,1.48663,10.1126,-0.915016
388,1.48663,10.1126,-0.915016
389,9.44674,18.9494,-0.115045
388,9.44674,18.9494,-0.115045
389,1.52768,6.63999,-4.60109
388,1.52768,6.63999,-4.60109
389,1.57354,8.01039,-1.03554
388,1.57354,8.01039,-1.03554
389,-2.30999,9.78881,-0.820574
388,-2.30999,9.78881,-0.820574
389,-1.13202,8.14387,-2.67713
388,-1.13202,8.14387,-2.67713
389,2.38222,10.3557,-1.28649
388,2.38222,10.3557,-1.28649
389,-1.84992,8.15763,-3.45034
388,-1.84992,8.15763,-3.45034
389,1.55981,5.33259,-2.90517
388,1.55981,5.33259,-2.90517
389,2.59344,7.1104,-2.70135
388,2.59344,7.1104,-2.70135
389,3.76148,7.29262,-3.08
388,3.76148,7.29262,-3.08
389,-4.19031,9.07591,-2.03656
388,-4.19031,9.07591,-2.03656
389,4.23356,6.8063,-3.53275
388,4.23356,6.8063,-3.53275
389,-1.74824,11.9435,-1.16937
386,-1.74824,11.9435,-1.16937
389,0.780662,9.50078,-2.3878
386,0.780662,9.50078,-2.3878
389,3.45249,12.9155,0.991762
386,3.45249,12.9155,0.991762
389,1.52029,5.83873,-4.32612
386,1.52029,5.83873,-4.32612
389,6.55097,15.6505,-4.44909
386,6.55097,15.6505,-4.44909
389,-1.81975,12.7354,-2.20346
386,-1.81975,12.7354,-2.20346
389,1.85455,8.45492,-3.04918
386,1.85455,8.45492,-3.04918
389,1.50557,10.3223,-2.77507
386,1.50557,10.3223,-2.77507
389,2.56569,5.74836,-2.72803
386,2.56569,5.74836,-2.72803
389,5.05713,12.5613,-1.61838
386,5.05713,12.5613,-1.61838
389,-0.00815009,10.0617,-2.4313
386,-0.00815009,10.0617,-2.4313
389,0.851091,9.75652,-2.43126
386,0.851091,9.75652,-2.43126
389,-2.71801,9.16962,-2.23341
386,-2.71801,9.16962,-2.23341
389,-2.5186,6.21228,-2.82785
386,-2.5186,6.21228,-2.82785
389,5.97233,10.3426,-1.69641
386,5.97233,10.3426,-1.69641
389,0.171358,6.14458,-4.55555
385,0.171358,6.14458,-4.55555
389,-1.99463,12.9865,-0.81331
385,-1.99463,12.9865,-0.81331
389,1.50392,9.75644,-0.932116
385,1.50392,9.75644,-0.932116
389,1.14472,9.08327,-3.5869
385,1.14472,9.08327,-3.5869
389,-0.165291,10.4913,-3.14911
385,-0.165291,10.4913,-3.14911
389,0.135505,9.67705,-3.2033
385,0.135505,9.67705,-3.2033
389,7.14787,9.81945,-1.43207
385,7.14787,9.81945,-1.43207
389,0.440651,10.5943,-3.2348
385,0.440651,10.5943,-3.2348
389,1.99733,8.2829,-3.62127
385,1.99733,8.2829,-3.62127
389,1.96729,4.60658,-2.78515
385,1.96729,4.60658,-2.78515
389,-1.58121,11.6837,-2.99123
385,-1.58121,11.6837,-2.99123
389,3.05172,11.8232,0.807836
385,3.05172,11.8232,0.807836
389,-0.337916,9.72027,-2.50908
383,-0.337916,9.72027,-2.50908
389,-0.598267,12.2389,0.0451069
383,-0.598267,12.2389,0.0451069
389,2.35881,11.7886,0.0903137
383,2.35881,11.7886,0.0903137
389,-1.02654,12.2487,0.888545
383,-1.02654,12.2487,0.888545
389,6.97624,19.3499,-0.0844483
383,6.97624,19.3499,-0.0844483
389,6.24151,13.1232,-5.49239
383,6.24151,13.1232,-5.49239
389,4.59447,7.29875,-3.63632
383,4.59447,7.29875,-3.63632
389,1.73851,7.95834,-4.47706
383,1.73851,7.95834,-4.47706
389,1.34225,9.59603,-0.863916
383,1.34225,9.59603,-0.863916
389,3.40428,6.03749,-1.05493
383,3.40428,6.03749,-1.05493
389,3.60279,6.24254,-1.09867
383,3.60279,6.24254,-1.09867
389,-1.14103,6.6718,-3.6898
384,-1.14103,6.6718,-3.6898
389,5.09945,9.2281,-4.02401
384,5.09945,9.2281,-4.02401
389,3.11638,9.84029,-2.93323
384,3.11638,9.84029,-2.93323
389,5.3144,14.0816,-3.33999
384,5.3144,14.0816,-3.33999
389,2.38779,10.5827,-1.3613
382,2.38779,10.5827,-1.3613
389,3.14034,8.50844,-3.76779
382,3.14034,8.50844,-3.76779
389,-5.40973,13.3245,1.05138
382,-5.40973,13.3245,1.05138
389,1.8598,8.28856,-4.69276
382,1.8598,8.28856,-4.69276
389,0.34568,13.1356,-0.0744994
381,0.34568,13.1356,-0.0744994
389,2.87071,7.17845,-2.92931
381,2.87071,7.17845,-2.92931
389,-2.01088,9.48997,-3.03397
381,-2.01088,9.48997,-3.03397
389,-3.38024,12.3895,0.849222
381,-3.38024,12.3895,0.849222
389,36.4235,47.023,-8.87273
381,36.4235,47.023,-8.87273
389,-0.68622,9.48452,-3.91113
379,-0.68622,9.48452,-3.91113
389,1.24276,9.478,-3.63513
379,1.24276,9.478,-3.63513
389,10.967,27.1596,3.62588
380,10.967,27.1596,3.62588
389,-4.07935,16.4628,0.146856
380,-4.07935,16.4628,0.146856
390,0.420413,2.04168,-1.28662
390,-0.594622,2.78106,-2.30014
390,1.2546,3.13735,-2.8012
390,1.28341,3.17393,-2.72972
390,-2.31699,3.88663,-2.29538
390,-2.31002,3.87899,-2.3196
390,-2.50994,3.76607,-2.71169
390,-2.30635,3.89195,-2.33846
390,-2.37469,3.84725,-2.51279
390,-2.50602,3.79584,-2.73038
390,-2.51057,3.80915,-2.75557
390,-2.10812,3.74655,-2.77842
390,1.32117,3.21194,-2.86245
390,-2.12197,3.7589,-2.79484
390,1.25018,3.25392,-2.81332
390,-0.968054,3.59658,-2.78534
390,-0.595711,3.51961,-2.84505
390,-0.975491,3.58958,-2.84495
390,-1.06545,3.59435,-2.86968
390,-0.968712,3.58679,-2.87542
390,1.2739,3.26954,-2.84814
390,-0.968406,3.63268,-2.82816
390,-0.957508,3.60614,-2.89874
390,-0.981541,3.66131,-2.83654
390,-0.983065,3.6309,-2.92485
390,-2.14055,3.83802,-2.84815
390,-0.829716,3.6043,-2.96677
390,-0.973329,3.64307,-2.92741
390,-0.62674,3.57755,-3.08694
390,0.0386509,3.75704,-3.3948
390,-2.132,4.16066,-3.21736
390,2.4086,3.64833,-2.80722
390,1.80102,3.57354,-3.22665
390,2.42479,3.64372,-2.82866
390,-2.12836,4.17503,-3.2108
390,2.43033,3.67706,-2.8458
390,-1.46901,4.22682,-3.01467
390,-1.32898,4.27436,-2.87108
390,1.85054,3.64044,-3.28127
390,-1.47297,4.2516,-3.03124
390,-1.36354,4.31631,-2.90569
390,2.5366,3.75212,-2.91514
390,2.48053,3.8155,-2.90017
390,2.51533,3.84878,-2.92914
390,2.5303,3.87961,-2.93994
390,-1.34702,4.53797,-3.07012
390,-2.39689,5.06424,-2.22695
390,-2.4166,5.09993,-2.2473
390,-2.42823,5.15405,-2.26947
390,2.25498,4.01872,-3.49428
390,-1.89822,4.65407,-3.74686
390,2.32925,4.10607,-3.58036
390,-3.40033,5.7087,-2.19628
390,-1.89446,4.98313,-3.68414
390,0.112172,4.56449,-4.15675
390,-1.84883,5.03199,-3.72064
390,-1.93681,5.05464,-3.76359
390,-1.94443,5.15802,-3.83094
390,-0.611195,5.19457,-3.58148
390,-1.97785,5.80119,-2.60846
390,-0.231615,4.98792,-4.04246
390,-0.0861956,4.90173,-4.21149
390,-1.35033,5.59011,-3.0412
390,-0.198902,5.06763,-4.08468
390,-0.0228984,4.97972,-4.24233
390,-2.50221,5.71383,-3.46114
390,-0.174351,4.9552,-4.50327
390,-3.08645,6.381,-2.07359
390,-0.162449,5.03145,-4.58042
390,0.112577,5.16064,-4.26799
390,0.114677,5.07156,-4.54305
390,0.979458,5.09132,-4.17098
390,-0.844892,5.64015,-3.4944
390,0.130322,5.21905,-4.3253
390,1.31829,5.11309,-4.27904
390,2.22293,5.57243,-2.85441
390,-1.91731,5.83332,-3.76802
390,-1.95791,5.80537,-3.87171
390,0.174998,5.26387,-4.49782
390,-1.93281,5.85409,-3.80591
390,-1.71161,6.03405,-3.28118
390,2.13447,5.26325,-3.81574
390,0.178512,5.27868,-4.52146
390,-1.93202,5.88255,-3.81719
390,-1.20137,5.75339,-3.97624
390,2.7101,5.62345,-2.88766
390,-1.9738,5.92186,-3.88962
390,-0.774782,5.88919,-3.58519
390,-0.061243,5.4412,-4.44459
390,-1.71818,6.15121,-3.38762
390,-3.28263,6.84797,-2.22806
390,1.41898,5.27738,-4.46747
390,-1.50633,5.98994,-3.84037
390,-0.601687,5.79255,-4.053
390,1.42723,5.33121,-4.51552
390,-0.206689,5.80379,-4.0437
390,-1.30193,6.09946,-3.83864
390,-2.02336,6.8441,-2.33225
390,-2.0934,6.90651,-2.35878
390,-1.39345,6.15852,-3.98237
390,-0.84215,6.00472,-4.16967
390,-1.77633,6.42558,-3.53377
390,-1.79645,6.45924,-3.52219
390,0.89261,5.63592,-4.6442
390,0.838513,5.36486,-4.48821
388,0.838513,5.36486,-4.48821
390,0.980622,8.30568,-3.84392
388,0.980622,8.30568,-3.84392
390,-1.0522,3.65305,-2.85675
388,-1.0522,3.65305,-2.85675
390,1.69081,10.7626,-0.965241
388,1.69081,10.7626,-0.965241
390,4.69305,8.51818,-2.81085
388,4.69305,8.51818,-2.81085
390,1.71297,5.55258,-4.30485
388,1.71297,5.55258,-4.30485
390,2.08986,9.55821,-3.31111
388,2.08986,9.55821,-3.31111
390,4.03687,7.20158,-3.2244
388,4.03687,7.20158,-3.2244
390,0.921352,10.2152,-2.56965
388,0.921352,10.2152,-2.56965
390,2.85265,5.30949,-3.05528
388,2.85265,5.30949,-3.05528
390,0.624151,10.6626,-0.994546
388,0.624151,10.6626,-0.994546
390,1.5103,10.2197,-1.27824
388,1.5103,10.2197,-1.27824
390,2.65075,7.197,-2.67261
388,2.65075,7.197,-2.67261
390,1.73892,7.58769,-3.32425
388,1.73892,7.58769,-3.32425
390,-1.84979,11.5653,-2.93365
388,-1.84979,11.5653,-2.93365
390,0.761407,11.1243,-2.76164
388,0.761407,11.1243,-2.76164
390,0.926216,8.90715,-3.51531
388,0.926216,8.90715,-3.51531
390,1.51602,10.1987,-0.92871
388,1.51602,10.1987,-0.92871
390,2.75501,5.19277,-2.97747
388,2.75501,5.19277,-2.97747
390,-0.186796,6.29058,-3.36645
388,-0.186796,6.29058,-3.36645
390,1.08578,8.33858,-4.29967
388,1.08578,8.33858,-4.29967
390,-1.42164,9.59051,-2.41249
388,-1.42164,9.59051,-2.41249
390,-2.14183,9.84102,-3.12485
388,-2.14183,9.84102,-3.12485
390,4.94285,8.84452,-2.94515
388,4.94285,8.84452,-2.94515
390,-1.20189,10.775,-1.85529
388,-1.20189,10.775,-1.85529
390,-1.3917,3.5345,-2.63472
388,-1.3917,3.5345,-2.63472
390,0.542278,9.85139,-2.4453
388,0.542278,9.85139,-2.4453
390,-2.91137,10.2967,-2.9343
388,-2.91137,10.2967,-2.9343
390,2.6667,9.10414,-3.46627
388,2.6667,9.10414,-3.46627
390,1.10316,9.13883,-1.98273
388,1.10316,9.13883,-1.98273
390,8.21112,15.3311,-0.314106
388,8.21112,15.3311,-0.314106
390,12.5047,21.5885,-0.041686
388,12.5047,21.5885,-0.041686
390,10.6366,23.9623,-0.936174
388,10.6366,23.9623,-0.936174
390,-0.650408,9.81842,-4.00852
388,-0.650408,9.81842,-4.00852
390,-2.27917,9.68637,-0.799896
388,-2.27917,9.68637,-0.799896
390,-1.16962,9.68541,-1.65329
388,-1.16962,9.68541,-1.65329
390,-2.58776,11.2721,-1.44106
388,-2.58776,11.2721,-1.44106
390,5.67468,8.9324,-1.57579
388,5.67468,8.9324,-1.57579
390,1.58073,8.08377,-2.80874
388,1.58073,8.08377,-2.80874
390,0.190541,5.86978,-4.26708
388,0.190541,5.86978,-4.26708
390,0.637614,4.4885,-3.02593
388,0.637614,4.4885,-3.02593
390,-4.72115,10.885,-2.35101
388,-4.72115,10.885,-2.35101
390,3.84363,10.279,-2.79409
388,3.84363,10.279,-2.79409
390,-2.39154,8.78066,-2.47236
388,-2.39154,8.78066,-2.47236
390,5.92242,16.635,-0.114581
388,5.92242,16.635,-0.114581
390,2.75595,12.303,-2.72836
388,2.75595,12.303,-2.72836
390,1.83051,11.8729,-2.70772
388,1.83051,11.8729,-2.70772
390,2.6684,7.14089,-2.73817
388,2.6684,7.14089,-2.73817
390,-4.64913,9.06395,-2.67204
388,-4.64913,9.06395,-2.67204
390,-3.91316,8.40831,-1.88212
388,-3.91316,8.40831,-1.88212
390,4.63697,7.33509,-3.80698
388,4.63697,7.33509,-3.80698
390,-2.94284,8.96366,-2.02103
388,-2.94284,8.96366,-2.02103
390,-5.24748,11.5344,-0.599315
388,-5.24748,11.5344,-0.599315
390,-1.39632,5.94562,-3.82315
387,-1.39632,5.94562,-3.82315
390,-1.39854,10.8843,-0.872635
387,-1.39854,10.8843,-0.872635
390,1.35342,9.5696,-1.18246
387,1.35342,9.5696,-1.18246
390,-0.180043,6.1999,-3.31951
387,-0.180043,6.1999,-3.31951
390,5.45143,9.80967,-1.58134
387,5.45143,9.80967,-1.58134
390,3.80869,11.9936,-3.40014
387,3.80869,11.9936,-3.40014
390,10.8423,19.716,-0.378157
387,10.8423,19.716,-0.378157
390,1.49049,7.74428,-2.67986
387,1.49049,7.74428,-2.67986
390,-1.39775,9.06695,-2.26491
387,-1.39775,9.06695,-2.26491
390,-0.35012,8.99916,-2.32684
387,-0.35012,8.99916,-2.32684
390,-5.37468,10.7348,-0.77418
387,-5.37468,10.7348,-0.77418
390,-5.53568,12.7054,-1.87455
387,-5.53568,12.7054,-1.87455
390,1.95807,7.40127,-4.53423
387,1.95807,7.40127,-4.53423
390,-0.645564,9.67465,-3.92956
387,-0.645564,9.67465,-3.92956
390,1.63467,8.645,-3.55232
387,1.63467,8.645,-3.55232
390,-2.32889,10.3487,-0.818966
387,-2.32889,10.3487,-0.818966
390,1.07618,9.78462,-0.870089
387,1.07618,9.78462,-0.870089
390,1.66186,7.9455,-2.83889
386,1.66186,7.9455,-2.83889
390,0.516172,12.5902,-2.21577
386,0.516172,12.5902,-2.21577
390,1.34782,9.51583,-2.50732
386,1.34782,9.51583,-2.50732
390,3.96685,10.2662,-3.78816
386,3.96685,10.2662,-3.78816
390,0.401411,8.95028,-4.71604
386,0.401411,8.95028,-4.71604
390,0.509944,9.49446,-3.16669
386,0.509944,9.49446,-3.16669
390,-0.0258587,9.85198,-2.37322
386,-0.0258587,9.85198,-2.37322
390,-2.78243,9.4362,-2.30534
386,-2.78243,9.4362,-2.30534
390,0.412513,8.57926,-3.24998
386,0.412513,8.57926,-3.24998
390,5.0409,12.6694,-3.52839
386,5.0409,12.6694,-3.52839
390,0.055635,8.76048,-2.77345
386,0.055635,8.76048,-2.77345
390,-3.57011,11.0493,-3.30279
386,-3.57011,11.0493,-3.30279
390,-0.786749,6.27896,-3.64407
385,-0.786749,6.27896,-3.64407
390,0.978189,9.17114,-3.63523
385,0.978189,9.17114,-3.63523
390,-3.54423,13.6895,-2.81643
385,-3.54423,13.6895,-2.81643
390,-0.182358,6.50056,-3.41231
385,-0.182358,6.50056,-3.41231
390,0.509789,9.35295,-3.0961
385,0.509789,9.35295,-3.0961
390,-0.672967,11.2572,0.0491142
385,-0.672967,11.2572,0.0491142
390,0.049048,9.88698,-2.37885
385,0.049048,9.88698,-2.37885
390,-1.22474,9.38641,-3.80375
384,-1.22474,9.38641,-3.80375
390,10.6635,17.3913,-1.58401
384,10.6635,17.3913,-1.58401
390,1.9003,8.36005,-4.74223
384,1.9003,8.36005,-4.74223
390,4.53342,8.27254,-2.74759
384,4.53342,8.27254,-2.74759
390,3.41693,12.3854,-1.47376
384,3.41693,12.3854,-1.47376
390,19.8842,25.3194,-4.97389
384,19.8842,25.3194,-4.97389
390,4.64039,12.7094,-2.98039
384,4.64039,12.7094,-2.98039
390,1.27535,8.5323,-3.96802
383,1.27535,8.5323,-3.96802
390,-1.01575,11.9067,-2.05675
383,-1.01575,11.9067,-2.05675
390,-1.60042,9.84155,-3.31615
382,-1.60042,9.84155,-3.31615
390,-1.0331,6.6114,-3.7551
382,-1.0331,6.6114,-3.7551
390,2.91887,7.29629,-2.96841
61,2.91887,7.29629,-2.96841
390,0.609323,10.6144,-0.986551
61,0.609323,10.6144,-0.986551
390,0.810489,6.52856,-4.62683
61,0.810489,6.52856,-4.62683
390,-1.92131,5.71323,-3.37185
61,-1.92131,5.71323,-3.37185
390,2.53074,9.54982,-1.24074
61,2.53074,9.54982,-1.24074
390,-0.796886,9.64291,-3.08271
61,-0.796886,9.64291,-3.08271
390,-1.09424,3.89904,-3.03874
61,-1.09424,3.89904,-3.03874
390,0.277408,6.16333,-3.52922
61,0.277408,6.16333,-3.52922
390,-2.11727,7.40666,-2.86566
61,-2.11727,7.40666,-2.86566
390,1.12862,6.63421,-2.50913
61,1.12862,6.63421,-2.50913
390,-2.05292,4.39828,-3.15484
61,-2.05292,4.39828,-3.15484
390,-2.12547,9.81035,-4.22219
61,-2.12547,9.81035,-4.22219
390,-2.18223,7.71662,-3.00054
61,-2.18223,7.71662,-3.00054
390,3.2204,7.87751,-2.93711
61,3.2204,7.87751,-2.93711
390,-1.24342,9.49851,-3.84107
61,-1.24342,9.49851,-3.84107
390,7.56813,20.8645,-0.10911
61,7.56813,20.8645,-0.10911
390,-2.39878,5.08313,-1.93137
61,-2.39878,5.08313,-1.93137
390,8.31122,16.8329,-0.653187
61,8.31122,16.8329,-0.653187
390,1.5569,6.67236,-2.28814
61,1.5569,6.67236,-2.28814
390,-1.80821,10.1351,-3.14517
61,-1.80821,10.1351,-3.14517
390,-2.10895,7.24018,-2.03851
61,-2.10895,7.24018,-2.03851
390,1.15936,7.09264,-3.98706
61,1.15936,7.09264,-3.98706
390,3.23639,9.23247,-4.76993
381,3.23639,9.23247,-4.76993
390,-1.59303,10.6034,-0.888644
381,-1.59303,10.6034,-0.888644
390,-1.30468,6.49323,-3.38457
381,-1.30468,6.49323,-3.38457
390,-1.48806,9.15949,-3.48675
381,-1.48806,9.15949,-3.48675
390,-2.84776,13.5012,0.987858
381,-2.84776,13.5012,0.987858
390,0.0354355,10.2536,-2.48562
381,0.0354355,10.2536,-2.48562
391,0.577843,1.97064,-1.06109
391,0.595261,1.99629,-1.08757
391,0.675361,1.97969,-1.1219
391,0.314299,2.02594,-1.431
391,1.2826,3.15323,-2.72672
391,1.2952,3.16726,-2.74785
391,-2.3777,3.8274,-2.52045
391,-2.34412,3.90517,-2.30845
391,-0.935533,3.58401,-2.79522
391,-2.10655,3.74659,-2.79729
391,-2.36624,3.96689,-2.33653
391,-2.53008,3.82792,-2.78152
391,-2.33509,3.99678,-2.32793
391,-2.46156,4.05056,-2.28941
391,-2.64627,4.06842,-2.39363
391,-1.84807,4.95178,0.288815
391,-1.17551,3.70029,-2.94332
391,-1.44124,3.83791,-2.91965
391,2.51042,3.51793,-2.75222
391,-1.42761,4.08781,-2.93412
391,2.54355,3.62551,-2.75764
391,-1.35181,4.18662,-2.82379
391,-1.33655,4.17995,-2.85431
391,2.47917,3.76355,-2.68459
391,-1.34621,4.24,-2.86613
391,2.4952,3.77679,-2.72195
391,2.55053,3.81798,-2.75657
391,-1.3556,4.29317,-2.90507
391,-1.35917,4.31764,-2.94277
391,2.57171,3.84995,-2.9709
391,-2.30785,4.83925,-2.33951
391,-2.92594,5.14315,-2.29111
391,-3.05237,5.18311,-2.23165
391,-2.92551,5.22684,-2.16918
391,-2.21614,4.68219,-3.4013
391,-2.4277,5.13477,-2.26613
391,-2.93503,5.26905,-2.17632
391,2.77653,4.15133,-3.21423
391,-2.46058,5.21515,-2.29129
391,-2.45554,5.22943,-2.29896
391,-2.35063,5.23053,-2.28123
391,-3.01564,5.36925,-2.21813
391,2.03905,4.54002,-2.77774
391,2.00035,4.59724,-2.7986
391,2.0218,4.61916,-2.80645
391,2.95573,4.32367,-3.3475
391,2.02486,4.66143,-2.87618
391,-1.89141,4.90374,-3.71792
391,-3.4002,5.67509,-2.20461
391,1.91328,4.84273,-2.59286
391,-2.11591,5.53347,-2.27313
391,-1.88731,4.96658,-3.76589
391,-1.89473,5.00331,-3.69382
391,-2.35397,5.62905,-2.19064
391,1.94796,4.8951,-2.63053
391,-2.13499,5.60084,-2.21097
391,-2.12152,5.58832,-2.29439
391,-2.65962,5.77207,-2.0349
391,-3.59013,5.87746,-2.14491
391,0.112613,4.77975,-3.89504
391,-2.42785,5.75566,-2.2517
391,-3.52866,5.93276,-2.29637
391,-0.626286,5.15585,-3.58357
391,1.96731,5.16052,-2.64602
391,-0.552387,5.19768,-3.64795
391,-3.69857,6.16319,-2.22848
391,-3.49215,6.15118,-2.19838
391,0.918088,4.82919,-4.2119
391,2.81111,5.03438,-3.077
391,1.83863,5.20811,-3.17093
391,2.80612,5.20532,-2.82173
391,-1.41263,5.68138,-3.20817
391,2.09431,5.36523,-2.82631
391,-0.782976,5.60346,-3.44623
391,-2.1714,6.28816,-2.17398
391,2.16594,5.47772,-2.81579
391,2.18481,5.51942,-2.85011
391,-0.775119,5.69851,-3.49038
391,-0.849946,5.70843,-3.56269
391,-0.789908,5.60839,-3.84348
391,-1.92582,5.81995,-3.77401
391,1.83514,5.51007,-3.24706
391,-1.75865,6.22413,-2.63667
391,-1.95853,5.82974,-3.83785
391,-0.31584,5.70315,-3.8947
391,-2.01136,6.55153,-2.25242
391,1.07634,5.34665,-4.44624
391,-0.375765,5.75738,-3.99289
391,1.12569,5.41084,-4.47855
391,-1.82749,6.06724,-3.82363
391,-0.305025,5.78711,-4.04095
391,-1.2875,6.05644,-3.81294
391,-1.75756,6.26184,-3.42784
391,-1.87006,6.22491,-3.95451
391,0.35299,6.17695,-3.39453
391,2.06452,5.92133,-3.47964
391,-0.0121824,6.29044,-3.27347
391,-1.31517,6.22943,-3.9248
391,-1.31055,6.23852,-3.91708
391,-0.805091,6.25756,-3.88334
391,1.44357,9.88764,-1.22134
388,1.44357,9.88764,-1.22134
391,1.06641,8.65099,-4.01965
388,1.06641,8.65099,-4.01965
391,-2.0906,9.55889,-3.03125
388,-2.0906,9.55889,-3.03125
391,1.06093,10.9595,-2.77065
388,1.06093,10.9595,-2.77065
391,-0.344757,9.56291,-2.48611
388,-0.344757,9.56291,-2.48611
391,-1.73735,10.4763,-2.64175
388,-1.73735,10.4763,-2.64175
391,-1.22723,6.25572,-3.97564
388,-1.22723,6.25572,-3.97564
391,-1.20215,5.91415,-3.72745
388,-1.20215,5.91415,-3.72745
391,0.707712,10.7301,-2.66263
388,0.707712,10.7301,-2.66263
391,2.39745,10.4823,-3.6578
388,2.39745,10.4823,-3.6578
391,1.62647,8.18186,-2.79498
388,1.62647,8.18186,-2.79498
391,-0.201322,9.36491,-3.07501
388,-0.201322,9.36491,-3.07501
391,1.73722,11.0832,-0.99516
388,1.73722,11.0832,-0.99516
391,-1.22035,6.07453,-3.84223
388,-1.22035,6.07453,-3.84223
391,-1.28648,12.8525,-2.23395
388,-1.28648,12.8525,-2.23395
391,2.57581,6.4925,-3.99415
388,2.57581,6.4925,-3.99415
391,1.97849,6.0952,-3.48011
388,1.97849,6.0952,-3.48011
391,-0.390641,4.08751,-2.85907
388,-0.390641,4.08751,-2.85907
391,0.125236,7.39028,-4.70903
388,0.125236,7.39028,-4.70903
391,0.720854,11.415,-1.00484
388,0.720854,11.415,-1.00484
391,0.49999,9.56856,-2.36876
388,0.49999,9.56856,-2.36876
391,-3.59617,14.4338,-2.97311
388,-3.59617,14.4338,-2.97311
391,-2.32242,9.673,-1.22241
388,-2.32242,9.673,-1.22241
391,2.37075,8.39024,-3.16929
388,2.37075,8.39024,-3.16929
391,-0.384943,4.15329,-2.91568
388,-0.384943,4.15329,-2.91568
391,3.42123,8.57421,-3.27377
388,3.42123,8.57421,-3.27377
391,13.6106,23.3532,-0.0448087
388,13.6106,23.3532,-0.0448087
391,1.60786,10.5942,-1.28853
388,1.60786,10.5942,-1.28853
391,3.29203,8.38484,-3.20898
388,3.29203,8.38484,-3.20898
391,10.0533,17.8617,-0.0752662
388,10.0533,17.8617,-0.0752662
391,-0.0333679,6.27117,-4.28269
388,-0.0333679,6.27117,-4.28269
391,11.3504,24.7167,-3.29341
388,11.3504,24.7167,-3.29341
391,4.30139,6.93316,-3.57417
388,4.30139,6.93316,-3.57417
391,5.56933,15.9663,-2.32462
388,5.56933,15.9663,-2.32462
391,0.0696445,10.9664,-2.6829
387,0.0696445,10.9664,-2.6829
391,1.22441,8.89786,-3.72639
387,1.22441,8.89786,-3.72639
391,3.0922,7.98691,-2.99631
387,3.0922,7.98691,-2.99631
391,2.95643,7.75493,-2.90199
387,2.95643,7.75493,-2.90199
391,1.93397,9.18012,-4.02101
387,1.93397,9.18012,-4.02101
391,1.47692,8.71314,-3.75849
387,1.47692,8.71314,-3.75849
391,5.70347,10.1756,-1.65424
387,5.70347,10.1756,-1.65424
391,4.6007,7.73616,-3.62897
387,4.6007,7.73616,-3.62897
391,0.0985789,8.65637,-2.77404
387,0.0985789,8.65637,-2.77404
391,4.7148,8.56831,-3.62963
387,4.7148,8.56831,-3.62963
391,-2.47632,11.0211,-1.47107
387,-2.47632,11.0211,-1.47107
391,5.1969,11.0954,-4.75027
387,5.1969,11.0954,-4.75027
391,4.54651,8.42432,-3.61997
387,4.54651,8.42432,-3.61997
391,4.45532,11.3648,-1.46269
387,4.45532,11.3648,-1.46269
391,-2.12794,11.1262,-0.938285
387,-2.12794,11.1262,-0.938285
391,-0.328504,9.36567,-2.43033
387,-0.328504,9.36567,-2.43033
391,-5.86666,11.7808,-0.847417
387,-5.86666,11.7808,-0.847417
391,4.70764,11.8359,-1.51405
387,4.70764,11.8359,-1.51405
391,-2.72633,9.4707,-2.31555
387,-2.72633,9.4707,-2.31555
391,-1.19166,8.49744,-2.68615
387,-1.19166,8.49744,-2.68615
391,-2.7353,12.8608,-1.02782
387,-2.7353,12.8608,-1.02782
391,1.17565,7.56076,-4.39404
387,1.17565,7.56076,-4.39404
391,4.76462,14.102,-2.01837
387,4.76462,14.102,-2.01837
391,0.234919,12.0882,-2.95511
387,0.234919,12.0882,-2.95511
391,-1.26835,10.0781,-3.24479
387,-1.26835,10.0781,-3.24479
391,4.84567,7.91257,-3.03714
387,4.84567,7.91257,-3.03714
391,0.475211,10.582,-0.890387
387,0.475211,10.582,-0.890387
391,-1.75837,14.7939,-1.17814
387,-1.75837,14.7939,-1.17814
391,2.71198,7.11096,-3.59825
386,2.71198,7.11096,-3.59825
391,-1.535,6.69167,-3.68452
386,-1.535,6.69167,-3.68452
391,1.22465,9.43036,-3.62093
386,1.22465,9.43036,-3.62093
391,1.70111,8.04531,-2.87821
386,1.70111,8.04531,-2.87821
391,5.85553,14.2782,-4.02451
386,5.85553,14.2782,-4.02451
391,-0.667888,10.157,-4.18307
386,-0.667888,10.157,-4.18307
391,2.54002,5.71624,-2.70926
386,2.54002,5.71624,-2.70926
391,-3.62711,6.75705,-2.31664
386,-3.62711,6.75705,-2.31664
391,-0.676297,9.14687,-3.73316
386,-0.676297,9.14687,-3.73316
391,0.0530399,10.5055,-2.55986
386,0.0530399,10.5055,-2.55986
391,3.0939,8.12172,-3.93964
386,3.0939,8.12172,-3.93964
391,-3.26316,9.83406,-2.88172
386,-3.26316,9.83406,-2.88172
391,2.97071,7.8684,-3.86687
386,2.97071,7.8684,-3.86687
391,-0.710925,8.34908,-3.4185
389,-0.710925,8.34908,-3.4185
391,2.53637,6.60011,-2.68849
389,2.53637,6.60011,-2.68849
391,0.487889,10.6241,-3.85617
389,0.487889,10.6241,-3.85617
391,1.55518,8.08324,-3.40649
389,1.55518,8.08324,-3.40649
391,-2.02427,9.52548,-3.30978
389,-2.02427,9.52548,-3.30978
391,-0.610325,12.1959,0.0490059
389,-0.610325,12.1959,0.0490059
391,4.73962,7.89994,-2.89182
389,4.73962,7.89994,-2.89182
391,-1.67886,6.11218,-3.86341
389,-1.67886,6.11218,-3.86341
391,1.37703,9.7511,-1.22374
389,1.37703,9.7511,-1.22374
391,0.252475,6.47848,-3.38855
389,0.252475,6.47848,-3.38855
391,4.64105,8.45016,-2.79877
389,4.64105,8.45016,-2.79877
391,12.9362,22.2667,-0.0380638
389,12.9362,22.2667,-0.0380638
391,9.95276,13.0036,-1.89955
389,9.95276,13.0036,-1.89955
391,-1.83775,7.79447,-3.33735
389,-1.83775,7.79447,-3.33735
391,3.62605,5.28508,-1.15048
389,3.62605,5.28508,-1.15048
391,-1.32114,6.36899,-4.0019
389,-1.32114,6.36899,-4.0019
391,3.93999,7.56514,-3.26043
389,3.93999,7.56514,-3.26043
391,5.61916,14.6973,-3.46758
389,5.61916,14.6973,-3.46758
391,2.98289,7.64855,-3.23063
385,2.98289,7.64855,-3.23063
391,1.27099,9.39356,-2.53491
385,1.27099,9.39356,-2.53491
391,-1.03211,11.0711,-3.29318
385,-1.03211,11.0711,-3.29318
391,-0.681562,9.14105,-3.73537
385,-0.681562,9.14105,-3.73537
391,-0.219734,9.50792,-3.09098
385,-0.219734,9.50792,-3.09098
391,4.30446,6.85494,-3.56518
385,4.30446,6.85494,-3.56518
391,-1.54854,11.3984,-2.91087
385,-1.54854,11.3984,-2.91087
391,-1.64957,11.7676,-0.999075
385,-1.64957,11.7676,-0.999075
391,-2.67904,9.18502,-2.22676
385,-2.67904,9.18502,-2.22676
391,1.12843,8.87075,-2.33497
385,1.12843,8.87075,-2.33497
391,0.959202,9.09705,-3.60476
383,0.959202,9.09705,-3.60476
391,-0.0874354,9.77897,-2.4865
383,-0.0874354,9.77897,-2.4865
391,-2.59765,9.82932,-2.84508
383,-2.59765,9.82932,-2.84508
391,-1.22851,9.4076,-3.81444
383,-1.22851,9.4076,-3.81444
391,-0.424693,9.59507,-3.83091
61,-0.424693,9.59507,-3.83091
391,1.17618,8.65567,-4.4773
61,1.17618,8.65567,-4.4773
391,3.78043,8.85154,-3.33922
61,3.78043,8.85154,-3.33922
391,1.17967,14.4133,1.28298
61,1.17967,14.4133,1.28298
391,2.83264,7.18175,-2.66443
61,2.83264,7.18175,-2.66443
391,3.19235,8.51084,-3.65167
384,3.19235,8.51084,-3.65167
391,1.44962,8.95628,-3.83733
384,1.44962,8.95628,-3.83733
391,1.66883,6.95285,-4.87071
384,1.66883,6.95285,-4.87071
391,1.55638,6.68952,-4.63127
384,1.55638,6.68952,-4.63127
391,6.97682,19.3168,-0.85859
384,6.97682,19.3168,-0.85859
391,6.45488,18.118,-0.796963
384,6.45488,18.118,-0.796963
391,-2.18155,10.9945,-3.07582
382,-2.18155,10.9945,-3.07582
391,4.36062,7.42943,-2.71436
381,4.36062,7.42943,-2.71436
391,-2.09608,10.6299,-0.822613
381,-2.09608,10.6299,-0.822613
391,-0.49752,12.7592,0.194146
381,-0.49752,12.7592,0.194146
391,0.62865,10.9472,-0.984383
381,0.62865,10.9472,-0.984383
392,-0.646376,0.756661,-0.43511
392,-0.707953,0.867882,-0.528584
392,-0.708062,0.868371,-0.528231
392,-0.708792,0.870428,-0.528415
392,-0.645086,0.881228,-0.529134
392,-0.651112,0.885748,-0.523049
392,-0.787664,0.905085,-0.531734
392,-0.650056,0.885539,-0.525618
392,-0.651241,0.886076,-0.525951
392,-0.786049,0.905658,-0.532475
392,-0.7832,0.905592,-0.533903
392,-0.650931,0.887846,-0.527896
392,-0.650617,0.887806,-0.527891
392,-0.64996,0.887946,-0.528388
392,-0.65066,0.890653,-0.529745
392,-0.679243,0.912933,-0.529589
392,-0.679112,0.914452,-0.528587
392,-0.746214,1.58457,-1.05963
392,-0.744825,1.59502,-1.06804
392,-0.809133,1.92339,-1.21898
392,0.744765,1.94914,-0.931053
392,0.680293,1.94854,-0.975334
392,0.732226,1.9576,-0.95109
392,0.676333,1.95523,-0.986507
392,0.691392,1.96289,-0.989128
392,0.687445,1.96374,-0.991253
392,0.80978,1.94448,-0.994451
392,0.651472,1.96395,-1.01761
392,0.788988,1.94595,-1.0093
392,0.653939,1.96638,-1.01898
392,0.658072,1.96933,-1.01912
392,0.754025,1.95771,-1.04801
392,0.638652,1.979,-1.04466
392,0.734228,1.96009,-1.06721
392,0.733485,1.9629,-1.0671
392,0.641655,1.98772,-1.05343
392,0.704638,1.97628,-1.10924
392,0.681273,1.97731,-1.12273
392,0.641808,1.98918,-1.16898
392,0.650077,1.99983,-1.17246
392,0.2068,1.99926,-1.41499
392,0.349035,1.99958,-1.37976
392,0.201298,2.00953,-1.41983
392,0.35344,2.00285,-1.37806
392,0.200179,2.01499,-1.41939
392,0.222057,2.01444,-1.41485
392,0.215555,2.0169,-1.41403
392,0.462884,2.0176,-1.32045
392,0.205092,2.0219,-1.42626
392,0.206738,2.02432,-1.42822
392,0.334758,2.01713,-1.43954
392,0.360683,2.02518,-1.43196
392,0.345373,2.02533,-1.43903
392,0.381317,2.02156,-1.43677
392,0.361728,2.02595,-1.43481
392,0.366964,2.02305,-1.44619
392,-2.36418,3.96732,-2.33039
392,-2.36889,3.97235,-2.35028
392,-2.69349,4.13527,-2.41212
392,-2.65773,4.25984,-2.39033
392,-2.75209,4.24692,-2.48857
392,-2.85287,4.40049,-2.56561
392,2.58489,3.58935,-2.83065
392,-1.3378,4.20875,-2.85317
392,-1.35201,4.21415,-2.86096
392,-1.33753,4.2691,-2.90838
392,2.53927,3.7065,-2.75999
392,-1.36646,4.28767,-2.90802
392,2.71927,3.65406,-2.87684
392,2.56172,3.72636,-2.78167
392,-1.42192,4.30361,-2.94876
392,2.50508,3.77534,-2.72006
392,2.72382,3.89555,-2.90912
392,-1.38038,4.50078,-3.07443
392,-1.10851,4.61558,-2.64944
392,1.56629,4.32808,-2.36095
392,-2.37223,5.09934,-2.28232
392,-2.7,5.18105,-2.26446
392,-2.75806,5.2421,-2.17105
392,-2.53612,5.1663,-2.30726
392,-2.76858,5.25421,-2.16802
392,-2.73022,5.229,-2.2725
392,1.91414,4.3564,-2.67579
392,-2.78433,5.34345,-2.20579
392,-3.21386,5.43968,-2.36588
392,1.9408,4.49413,-2.74351
392,1.95445,4.52072,-2.75298
392,-2.10496,4.97666,-3.41827
392,-2.39603,5.50543,-2.16411
392,-2.0951,5.04788,-3.38886
392,-3.21648,5.7105,-2.2447
392,-2.14148,5.64119,-2.23344
392,-2.40374,5.7783,-2.23743
392,-2.67723,5.85949,-2.16984
392,-3.52952,6.17109,-2.22701
392,2.18413,4.97702,-3.0319
392,2.03461,5.23036,-2.67983
392,1.64377,5.2107,-3.03135
392,0.11144,5.52718,-2.91653
392,-0.411858,5.43168,-3.73349
392,1.93681,5.42361,-3.29073
392,-0.847752,5.74401,-3.67634
392,2.12119,5.5914,-2.82986
392,2.13288,5.6342,-2.8337
392,-1.72215,6.09973,-3.32725
392,-0.850007,5.77514,-3.96158
392,0.214194,5.86746,-3.28099
392,-1.50167,5.95182,-3.8459
392,-2.0008,5.99968,-3.94834
392,0.219168,5.87187,-3.34073
392,-0.421566,5.7636,-3.9728
392,-0.380163,5.7677,-3.99501
392,-2.03356,6.68392,-2.30979
392,0.224066,5.96205,-3.33184
392,-0.95684,5.89362,-4.0617
392,-0.913107,5.9167,-4.04782
392,-1.68718,6.16085,-3.91579
392,-0.0264956,6.19068,-3.2401
392,-0.0716763,6.36356,-2.79221
392,-1.3845,6.16578,-3.98174
392,-0.948102,6.05235,-4.12189
392,0.221485,6.25111,-3.29783
392,-0.18341,6.51194,-2.83779
392,1.94889,6.03401,-3.40232
392,0.804833,9.59462,-2.41531
387,0.804833,9.59462,-2.41531
392,-1.05346,9.28755,-2.93896
387,-1.05346,9.28755,-2.93896
392,5.15856,13.5378,-3.42918
387,5.15856,13.5378,-3.42918
392,-1.40801,6.62031,-3.90554
387,-1.40801,6.62031,-3.90554
392,2.996,7.37116,-2.76359
387,2.996,7.37116,-2.76359
392,1.0937,8.78868,-4.09557
387,1.0937,8.78868,-4.09557
392,4.52473,8.27593,-2.73003
387,4.52473,8.27593,-2.73003
392,-0.788002,9.5048,-3.03237
387,-0.788002,9.5048,-3.03237
392,0.373096,9.53405,-3.6496
387,0.373096,9.53405,-3.6496
392,0.10971,8.74934,-2.80893
387,0.10971,8.74934,-2.80893
392,0.178302,7.01466,-4.7331
387,0.178302,7.01466,-4.7331
392,0.31745,6.79528,-3.55689
387,0.31745,6.79528,-3.55689
392,-2.99748,10.3447,-2.54615
387,-2.99748,10.3447,-2.54615
392,0.591527,11.1528,-0.92495
387,0.591527,11.1528,-0.92495
392,1.29959,9.30788,-2.49153
387,1.29959,9.30788,-2.49153
392,0.503298,12.6783,-2.24139
387,0.503298,12.6783,-2.24139
392,1.8499,7.90578,-3.47068
387,1.8499,7.90578,-3.47068
392,11.1041,28.0293,-0.515175
387,11.1041,28.0293,-0.515175
392,-1.20309,13.1634,-0.408885
387,-1.20309,13.1634,-0.408885
392,4.95201,8.86069,-2.94661
387,4.95201,8.86069,-2.94661
392,-2.04837,9.14546,-2.89747
387,-2.04837,9.14546,-2.89747
392,-1.04602,9.15779,-2.89407
387,-1.04602,9.15779,-2.89407
392,-1.81962,11.2408,-2.85512
387,-1.81962,11.2408,-2.85512
392,5.50901,14.5524,-3.59353
387,5.50901,14.5524,-3.59353
392,-1.97374,8.65351,-2.72538
387,-1.97374,8.65351,-2.72538
392,1.21092,8.8335,-4.59385
387,1.21092,8.8335,-4.59385
392,7.59491,19.0016,-3.75927
387,7.59491,19.0016,-3.75927
392,5.62877,9.75681,-1.60042
387,5.62877,9.75681,-1.60042
392,-6.19507,12.4661,-0.884713
387,-6.19507,12.4661,-0.884713
392,0.0707909,10.2305,-2.50837
387,0.0707909,10.2305,-2.50837
392,-0.31244,10.0375,-2.62428
387,-0.31244,10.0375,-2.62428
392,-1.25701,9.39954,-3.02922
387,-1.25701,9.39954,-3.02922
392,-2.66101,12.4771,-1.00042
387,-2.66101,12.4771,-1.00042
392,5.81185,13.9674,-1.78528
387,5.81185,13.9674,-1.78528
392,5.45291,15.622,-2.2593
387,5.45291,15.622,-2.2593
392,3.51844,8.75873,-3.39931
387,3.51844,8.75873,-3.39931
392,2.7584,11.9807,-2.70761
388,2.7584,11.9807,-2.70761
392,4.75377,10.4838,-4.41086
388,4.75377,10.4838,-4.41086
392,-0.330127,9.93066,-2.58954
388,-0.330127,9.93066,-2.58954
392,6.54682,11.4111,-1.84327
388,6.54682,11.4111,-1.84327
392,0.347746,10.2649,-0.861469
388,0.347746,10.2649,-0.861469
392,4.76653,8.1575,-3.7032
388,4.76653,8.1575,-3.7032
392,4.74648,12.0284,-3.39714
388,4.74648,12.0284,-3.39714
392,0.621619,10.7549,-0.946217
388,0.621619,10.7549,-0.946217
392,1.98561,9.30888,-3.21536
388,1.98561,9.30888,-3.21536
392,3.0971,8.40598,-3.72335
388,3.0971,8.40598,-3.72335
392,9.56963,19.0678,-0.713965
388,9.56963,19.0678,-0.713965
392,-0.926738,6.65318,-3.66019
388,-0.926738,6.65318,-3.66019
392,0.527664,9.74652,-2.41632
388,0.527664,9.74652,-2.41632
392,-0.653588,9.50836,-3.87331
388,-0.653588,9.50836,-3.87331
392,3.19721,8.17542,-3.1093
388,3.19721,8.17542,-3.1093
392,12.5643,21.7204,-0.0381531
388,12.5643,21.7204,-0.0381531
392,4.72703,13.9415,-2.01388
388,4.72703,13.9415,-2.01388
392,0.867394,9.8424,-2.4552
386,0.867394,9.8424,-2.4552
392,0.342245,7.30934,-4.33249
386,0.342245,7.30934,-4.33249
392,5.55672,14.285,-7.37062
386,5.55672,14.285,-7.37062
392,1.1131,10.3958,-0.953534
386,1.1131,10.3958,-0.953534
392,-2.77007,14.7248,1.37265
386,-2.77007,14.7248,1.37265
392,1.15728,8.65775,-4.55916
386,1.15728,8.65775,-4.55916
392,0.283163,8.96335,-0.7764
386,0.283163,8.96335,-0.7764
392,4.61538,7.96799,-3.61572
389,4.61538,7.96799,-3.61572
392,-0.900834,8.95269,-2.89668
389,-0.900834,8.95269,-2.89668
392,3.23285,9.96187,-4.74178
389,3.23285,9.96187,-4.74178
392,-1.36495,9.72396,-3.17023
389,-1.36495,9.72396,-3.17023
392,-0.131608,10.552,-3.46091
389,-0.131608,10.552,-3.46091
392,6.62402,18.5325,-0.118273
389,6.62402,18.5325,-0.118273
392,-2.09064,10.1188,-3.24777
389,-2.09064,10.1188,-3.24777
392,-0.146792,10.2596,-3.36078
389,-0.146792,10.2596,-3.36078
392,0.0848116,7.06025,-4.49107
389,0.0848116,7.06025,-4.49107
392,-1.41396,10.4899,-1.08196
389,-1.41396,10.4899,-1.08196
392,2.03167,8.78086,-4.9794
389,2.03167,8.78086,-4.9794
392,5.6189,9.75957,-3.28122
389,5.6189,9.75957,-3.28122
392,0.927077,9.1761,-0.835658
389,0.927077,9.1761,-0.835658
392,6.44143,8.2015,-1.81537
389,6.44143,8.2015,-1.81537
392,7.79405,10.5378,-1.52724
389,7.79405,10.5378,-1.52724
392,2.65421,9.11337,-3.42911
389,2.65421,9.11337,-3.42911
392,-2.45993,11.653,-2.78219
389,-2.45993,11.653,-2.78219
392,1.05819,9.5014,-3.76939
385,1.05819,9.5014,-3.76939
392,-0.677722,9.77986,-4.02409
385,-0.677722,9.77986,-4.02409
392,-0.67525,9.4196,-3.87028
385,-0.67525,9.4196,-3.87028
392,-0.0557308,9.90199,-3.21422
385,-0.0557308,9.90199,-3.21422
392,-0.573972,12.3477,0.897142
385,-0.573972,12.3477,0.897142
392,4.51865,7.9041,-2.79123
385,4.51865,7.9041,-2.79123
392,3.76756,6.61827,-2.40563
390,3.76756,6.61827,-2.40563
392,-0.913772,12.5924,-1.16551
390,-0.913772,12.5924,-1.16551
392,0.529847,9.6736,-3.2638
390,0.529847,9.6736,-3.2638
392,4.69588,7.81704,-2.87063
390,4.69588,7.81704,-2.87063
392,4.73983,7.38085,-3.91629
390,4.73983,7.38085,-3.91629
392,4.27986,7.91085,-2.62643
390,4.27986,7.91085,-2.62643
392,0.578035,8.53063,-2.85302
390,0.578035,8.53063,-2.85302
392,0.955641,9.59128,-0.889825
390,0.955641,9.59128,-0.889825
392,7.34888,20.2512,-0.122491
390,7.34888,20.2512,-0.122491
392,2.90227,8.72195,-1.77032
390,2.90227,8.72195,-1.77032
392,0.446083,7.25342,-1.83901
390,0.446083,7.25342,-1.83901
392,-1.47418,9.9765,-0.821568
390,-1.47418,9.9765,-0.821568
392,-1.29736,6.47927,-4.05121
390,-1.29736,6.47927,-4.05121
392,9.97177,18.8163,-0.350078
384,9.97177,18.8163,-0.350078
392,0.947115,9.05683,-3.58601
383,0.947115,9.05683,-3.58601
392,-0.677554,9.58833,-3.95482
382,-0.677554,9.58833,-3.95482
392,-0.0738159,9.22628,-2.98208
382,-0.0738159,9.22628,-2.98208
392,0.638694,11.8768,-1.02089
382,0.638694,11.8768,-1.02089
392,-0.097882,9.31827,-3.0243
382,-0.097882,9.31827,-3.0243
393,-0.910614,0.775324,-0.518242
393,-0.910252,0.776414,-0.51882
393,-0.911361,0.776775,-0.520847
393,-0.774482,0.760926,-0.514794
393,-0.794547,0.793063,-0.541403
393,-0.794045,0.795243,-0.544076
393,-0.904636,0.834408,-0.526899
393,-0.766394,0.814158,-0.522633
393,-0.894847,0.834605,-0.524903
393,-0.904663,0.836222,-0.525411
393,-0.897047,0.83503,-0.526564
393,-0.904048,0.836816,-0.52591
393,-0.894739,0.835877,-0.525883
393,-0.755345,0.815391,-0.525594
393,-0.787268,0.817259,-0.551709
393,-0.703291,0.829886,-0.530976
393,-0.781609,0.844583,-0.529292
393,-0.783403,0.844863,-0.529373
393,-0.703617,0.832457,-0.529451
393,-0.782035,0.845581,-0.529387
393,-0.783026,0.844915,-0.531593
393,-0.782979,0.845821,-0.529331
393,-0.782916,0.846075,-0.52876
393,-0.779339,0.84556,-0.529393
393,-0.781166,0.845935,-0.5292
393,-0.783962,0.846183,-0.530016
393,-0.779938,0.845619,-0.529883
393,-0.781703,0.84665,-0.528559
393,-0.703541,0.833706,-0.529796
393,-0.672576,0.831327,-0.523515
393,-0.67396,0.832326,-0.524144
393,-0.675921,0.832743,-0.524312
393,-0.674668,0.832891,-0.523775
393,-0.672464,0.833547,-0.525131
393,-0.759713,0.879608,-0.519755
393,-0.640877,0.848855,-0.586246
393,-0.636535,0.848474,-0.594616
393,-0.63675,0.884089,-0.526493
393,-0.930977,0.917824,-0.585314
393,-0.781602,0.915538,-0.536178
393,-0.792289,0.928527,-0.532348
393,-0.79221,0.930184,-0.534023
393,-0.793085,0.93168,-0.534894
393,-0.480451,0.992471,-0.259202
393,-0.673446,0.920878,-0.528626
393,-0.941925,0.935991,-0.599202
393,-0.671488,0.921134,-0.527729
393,-0.672935,0.921913,-0.526401
393,-0.665441,0.920366,-0.52872
393,-0.723257,0.927511,-0.535971
393,-0.67159,0.922465,-0.528872
393,-0.723352,0.929543,-0.537212
393,-0.721753,0.935352,-0.540175
393,-0.895592,0.931963,-0.652137
393,-0.911081,0.938122,-0.653514
393,-0.915383,0.940449,-0.657721
393,-0.914735,0.940019,-0.659237
393,-0.320308,0.868296,-0.645812
393,-0.324075,0.868059,-0.647982
393,-0.317946,0.87151,-0.650544
393,-0.563772,0.924825,-0.65569
393,-0.430671,0.941346,-0.694709
393,-0.830991,0.998511,-0.719068
393,-1.48278,2.06571,-1.42015
393,0.842267,1.93737,-0.849435
393,0.785628,1.94349,-0.895512
393,0.792134,1.94676,-0.890981
393,0.828094,1.95221,-0.875901
393,0.79312,1.9554,-0.90365
393,0.780856,1.95778,-0.914957
393,0.889033,1.94422,-0.936471
393,0.858887,1.94422,-0.955778
393,0.800688,1.95099,-1.00413
393,0.799715,1.96421,-1.02154
393,0.625826,1.98258,-1.0573
393,0.775727,1.96587,-1.03891
393,0.275327,1.85468,-1.52481
393,0.709028,1.99937,-1.00985
393,0.613848,1.99549,-1.07739
393,0.727386,1.97593,-1.08572
393,0.766752,1.98277,-1.06475
393,0.704249,1.9895,-1.11644
393,0.629994,1.99707,-1.18045
393,0.539717,2.02026,-1.15926
393,0.671734,2.0039,-1.15591
393,0.738599,2.01419,-1.12041
393,0.632463,2.03689,-1.1107
393,0.730921,2.01599,-1.12834
393,0.614899,2.00072,-1.22538
393,0.640036,2.00124,-1.23291
393,0.687448,2.02277,-1.16694
393,0.327647,1.92412,-1.58057
393,-0.0997226,2.04635,-1.64124
393,-0.0985056,2.04992,-1.64108
393,0.0286396,2.03094,-1.64188
393,-0.092953,2.05674,-1.64865
393,0.370918,2.06129,-1.70636
393,-0.932331,3.01839,-2.48853
393,1.20668,3.19604,-2.74588
393,1.13596,3.23978,-2.78715
393,1.23584,3.2404,-2.78446
393,1.17965,3.26888,-2.81379
393,1.20548,3.31052,-2.83252
393,1.4616,3.2735,-2.84443
393,-2.55358,4.27794,-2.31105
393,-2.53247,4.2909,-2.29161
393,-2.31279,4.25763,-2.3199
393,-2.54603,4.31809,-2.31442
393,-2.53348,4.50971,-2.39519
393,-2.53549,4.27181,-3.02518
393,2.05565,3.82602,-3.36781
393,2.07071,3.84173,-3.37996
393,-2.67859,5.14056,-2.20843
393,-2.94017,5.21828,-2.15405
393,-2.67312,5.1497,-2.24546
393,2.11664,3.91348,-3.45143
393,1.67522,4.46931,-2.40151
393,-2.45405,5.23616,-2.31328
393,-2.59378,5.47219,-2.13815
393,-2.38816,5.53015,-2.16423
393,-2.1297,5.52109,-2.19167
393,-3.37615,5.64823,-2.37834
393,-3.36623,5.71881,-2.21864
393,-2.38257,5.64474,-2.18391
393,-2.13755,5.60423,-2.23674
393,-2.08906,5.7395,-2.20503
393,-2.988,6.01771,-2.12343
393,1.93381,5.07937,-2.609
393,-3.52391,6.18696,-2.23909
393,-3.0667,6.22678,-2.06465
393,-3.54296,6.23938,-2.22621
393,-2.17307,6.19984,-2.14626
393,0.106143,5.55331,-2.90921
393,2.06243,5.29815,-2.79474
393,-2.51003,6.31465,-2.12991
393,2.08496,5.54084,-2.81049
393,2.18959,5.52926,-2.85925
393,0.161493,5.78728,-3.0494
393,2.18236,5.54494,-2.87032
393,2.11383,5.5964,-2.82209
393,0.179354,5.913,-3.12806
393,-2.04082,6.67631,-2.30684
393,0.221556,5.91333,-3.31586
393,-0.152495,6.31508,-2.74998
393,-1.86332,6.29784,-3.4847
393,-2.21831,6.86741,-2.28683
393,-0.000966012,6.26855,-3.30699
393,1.41228,8.52716,-3.79327
387,1.41228,8.52716,-3.79327
393,-1.81695,11.3378,-2.88524
387,-1.81695,11.3378,-2.88524
393,-2.65951,10.7998,-1.4907
387,-2.65951,10.7998,-1.4907
393,-1.18744,12.5445,-0.3901
387,-1.18744,12.5445,-0.3901
393,-1.17131,9.4518,-3.15569
387,-1.17131,9.4518,-3.15569
393,2.78401,6.73163,-2.8418
387,2.78401,6.73163,-2.8418
393,-0.687034,8.99072,-3.67401
387,-0.687034,8.99072,-3.67401
393,-2.76922,12.2851,-1.53242
387,-2.76922,12.2851,-1.53242
393,4.7398,7.86376,-2.92249
387,4.7398,7.86376,-2.92249
393,-2.71936,10.9636,-1.39664
387,-2.71936,10.9636,-1.39664
393,5.82831,16.5189,-2.40298
387,5.82831,16.5189,-2.40298
393,-1.70155,13.8153,-1.09579
387,-1.70155,13.8153,-1.09579
393,-2.64765,11.7013,-1.45457
387,-2.64765,11.7013,-1.45457
393,5.59952,16.0011,-2.32917
387,5.59952,16.0011,-2.32917
393,0.619142,8.69962,-3.97778
387,0.619142,8.69962,-3.97778
393,0.229912,11.7733,-2.87291
387,0.229912,11.7733,-2.87291
393,0.647309,10.7765,-0.974189
391,0.647309,10.7765,-0.974189
393,2.14721,8.08829,-3.76893
391,2.14721,8.08829,-3.76893
393,1.06848,9.47682,-0.882943
391,1.06848,9.47682,-0.882943
393,-1.12126,9.70807,-3.32808
391,-1.12126,9.70807,-3.32808
393,2.66381,6.78588,-2.84916
391,2.66381,6.78588,-2.84916
393,1.57803,4.85665,-2.00964
391,1.57803,4.85665,-2.00964
393,-0.143268,10.1889,-3.34246
391,-0.143268,10.1889,-3.34246
393,-1.21838,9.89729,-3.18251
391,-1.21838,9.89729,-3.18251
393,-0.307731,10.1999,-2.65608
391,-0.307731,10.1999,-2.65608
393,-1.71385,9.00598,-2.78293
391,-1.71385,9.00598,-2.78293
393,-2.24766,10.9535,-0.907735
391,-2.24766,10.9535,-0.907735
393,0.164814,9.23592,-2.96184
391,0.164814,9.23592,-2.96184
393,1.51777,7.78436,-2.7005
391,1.51777,7.78436,-2.7005
393,9.86003,25.1063,-0.0663598
391,9.86003,25.1063,-0.0663598
393,-0.674881,9.86958,-4.06128
391,-0.674881,9.86958,-4.06128
393,2.48686,6.75913,-3.54878
391,2.48686,6.75913,-3.54878
393,-2.19756,11.3614,-0.880393
391,-2.19756,11.3614,-0.880393
393,-1.0328,10.036,-2.98364
391,-1.0328,10.036,-2.98364
393,-0.484067,9.54394,-3.10608
391,-0.484067,9.54394,-3.10608
393,-1.45354,9.92462,-2.52797
391,-1.45354,9.92462,-2.52797
393,9.85593,25.1801,-0.091244
391,9.85593,25.1801,-0.091244
393,0.378562,10.0152,-0.891846
391,0.378562,10.0152,-0.891846
393,1.21405,8.96344,-0.823848
391,1.21405,8.96344,-0.823848
393,-1.35752,11.1174,-0.961055
391,-1.35752,11.1174,-0.961055
393,3.92766,6.37802,-3.36841
391,3.92766,6.37802,-3.36841
393,2.38348,5.48589,-2.59215
391,2.38348,5.48589,-2.59215
393,7.6719,10.3884,-1.53424
391,7.6719,10.3884,-1.53424
393,3.52579,11.1993,-4.25068
391,3.52579,11.1993,-4.25068
393,2.31568,5.04822,-2.60808
391,2.31568,5.04822,-2.60808
393,-2.21523,10.7462,-0.903963
391,-2.21523,10.7462,-0.903963
393,-3.97368,9.81609,-2.92777
391,-3.97368,9.81609,-2.92777
393,2.13829,9.77777,-3.38504
391,2.13829,9.77777,-3.38504
393,0.597494,10.6688,-0.959107
391,0.597494,10.6688,-0.959107
393,-3.15163,9.81488,-2.94635
391,-3.15163,9.81488,-2.94635
393,10.2777,18.7363,-0.38521
391,10.2777,18.7363,-0.38521
393,9.61784,17.054,-0.0639843
391,9.61784,17.054,-0.0639843
393,-0.68742,8.61883,-3.51179
391,-0.68742,8.61883,-3.51179
393,-0.0996051,8.69643,-2.1229
391,-0.0996051,8.69643,-2.1229
393,-0.274883,8.90175,-2.89205
391,-0.274883,8.90175,-2.89205
393,-0.359275,9.16043,-2.41913
391,-0.359275,9.16043,-2.41913
393,0.290559,8.59554,-0.796623
391,0.290559,8.59554,-0.796623
393,5.76611,9.21362,-3.45845
391,5.76611,9.21362,-3.45845
393,-2.49222,10.9073,-1.39297
391,-2.49222,10.9073,-1.39297
393,-1.59898,11.6375,-2.96992
391,-1.59898,11.6375,-2.96992
393,-0.112651,8.02156,-1.98443
391,-0.112651,8.02156,-1.98443
393,2.92383,7.69005,-3.56515
391,2.92383,7.69005,-3.56515
393,-1.36737,8.1966,-2.10773
391,-1.36737,8.1966,-2.10773
393,0.972615,9.06831,-3.58697
388,0.972615,9.06831,-3.58697
393,0.0456491,10.5626,-2.55699
388,0.0456491,10.5626,-2.55699
393,5.86921,10.4436,-1.68339
388,5.86921,10.4436,-1.68339
393,2.39772,9.39075,-1.78653
388,2.39772,9.39075,-1.78653
393,6.30249,16.2259,-3.17726
388,6.30249,16.2259,-3.17726
393,4.4697,7.57054,-2.764
388,4.4697,7.57054,-2.764
393,1.13661,9.04369,-4.19233
388,1.13661,9.04369,-4.19233
393,4.40037,12.0505,-2.42169
388,4.40037,12.0505,-2.42169
393,-6.7284,14.4686,-0.787866
388,-6.7284,14.4686,-0.787866
393,8.6219,19.0796,-2.53803
386,8.6219,19.0796,-2.53803
393,0.908064,8.90545,-3.52523
386,0.908064,8.90545,-3.52523
393,2.56898,7.75834,-4.00713
386,2.56898,7.75834,-4.00713
393,-0.972413,10.3132,-3.03872
386,-0.972413,10.3132,-3.03872
393,-1.62563,9.42908,-2.87507
386,-1.62563,9.42908,-2.87507
393,-0.974383,10.4554,-3.08568
386,-0.974383,10.4554,-3.08568
393,-0.955074,10.439,-3.08084
386,-0.955074,10.439,-3.08084
393,1.60665,10.4557,-0.941257
389,1.60665,10.4557,-0.941257
393,4.58404,7.92419,-3.59419
389,4.58404,7.92419,-3.59419
393,-1.97794,9.92207,-0.882371
389,-1.97794,9.92207,-0.882371
393,4.63744,10.3409,-4.29963
389,4.63744,10.3409,-4.29963
393,2.60641,11.5785,-2.62362
389,2.60641,11.5785,-2.62362
393,4.35333,9.8407,-4.08195
389,4.35333,9.8407,-4.08195
393,2.51638,9.5904,-1.24321
389,2.51638,9.5904,-1.24321
393,3.28372,8.51289,-4.10782
389,3.28372,8.51289,-4.10782
393,1.71187,13.0817,-1.14258
389,1.71187,13.0817,-1.14258
393,-2.85597,9.91123,-2.40597
389,-2.85597,9.91123,-2.40597
393,-1.56053,11.4462,-3.32732
383,-1.56053,11.4462,-3.32732
393,8.067,17.9053,-2.40248
383,8.067,17.9053,-2.40248
393,4.52031,8.25825,-2.73263
383,4.52031,8.25825,-2.73263
393,9.70848,18.5281,-0.354445
383,9.70848,18.5281,-0.354445
393,4.61126,7.3209,-3.65021
383,4.61126,7.3209,-3.65021
393,-1.81428,10.1501,-3.13822
383,-1.81428,10.1501,-3.13822
393,1.24201,9.36521,-2.47006
383,1.24201,9.36521,-2.47006
393,2.11798,5.40258,-2.76581
390,2.11798,5.40258,-2.76581
393,-0.597249,9.34644,-3.3745
385,-0.597249,9.34644,-3.3745
393,8.56617,18.994,-2.49996
385,8.56617,18.994,-2.49996
393,8.32462,18.2222,-2.43525
382,8.32462,18.2222,-2.43525
393,-0.522921,9.39091,-3.14195
382,-0.522921,9.39091,-3.14195
393,1.18136,9.14009,-2.40263
382,1.18136,9.14009,-2.40263
394,-0.786067,0.713382,-0.523975
394,-0.86242,0.749199,-0.470806
394,-0.876818,0.781584,-0.491689
394,-0.917403,0.780336,-0.528277
394,-0.913361,0.788025,-0.526114
394,-0.781162,0.778374,-0.519297
394,-0.90552,0.844788,-0.530042
394,-0.786122,0.822552,-0.550676
394,-0.733021,0.823487,-0.530402
394,-0.706275,0.820032,-0.531558
394,-0.721132,0.816696,-0.54815
394,-0.70036,0.841267,-0.529891
394,-0.701935,0.842905,-0.52885
394,-0.784704,0.854565,-0.533205
394,-0.783688,0.854616,-0.533318
394,-0.701365,0.843004,-0.530867
394,-0.673899,0.854763,-0.531471
394,-0.636745,0.86262,-0.533188
394,-0.934489,0.898362,-0.562156
394,-0.70911,0.884865,-0.533877
394,-0.705441,0.886257,-0.535044
394,-0.708055,0.887231,-0.534246
394,-0.705973,0.886738,-0.535622
394,-0.706793,0.887494,-0.534912
394,-0.758257,0.905019,-0.534129
394,-0.759385,0.905004,-0.534697
394,-0.624835,0.887223,-0.54065
394,-0.627444,0.886939,-0.544114
394,-0.626246,0.889578,-0.545694
394,-0.647044,0.89809,-0.531303
394,-0.835862,0.928266,-0.536177
394,-0.83655,0.928307,-0.536409
394,-0.634912,0.899899,-0.535067
394,-0.633705,0.899953,-0.534921
394,-0.647007,0.902462,-0.53406
394,-0.648337,0.902489,-0.53527
394,-0.638563,0.901708,-0.533851
394,-0.787674,0.937854,-0.536901
394,-0.786766,0.94044,-0.538031
394,-0.953693,0.949109,-0.593277
394,-0.674058,0.935523,-0.53962
394,-0.367567,1.12644,-0.65952
394,-0.793599,1.32841,-0.715512
394,-0.257087,1.24702,-0.788642
394,-0.809211,1.46747,-0.785964
394,-0.0603786,1.40205,-1.01628
394,-0.151514,1.448,-0.947394
394,-0.042196,1.43241,-1.03847
394,0.733626,1.96228,-0.945048
394,0.65982,1.97446,-1.01185
394,0.770431,1.96133,-1.02687
394,0.703267,1.96481,-1.12476
394,0.726413,1.98967,-1.09291
394,0.703494,1.98835,-1.13502
394,1.43143,2.92804,-2.20447
394,-2.24987,3.69094,-2.48789
394,-2.3156,3.80209,-2.5846
394,-2.33578,3.82745,-2.54263
394,-1.6162,3.92701,-1.94932
394,-1.61697,3.9304,-1.95094
394,1.00768,3.60986,-2.05064
394,-2.14212,4.81341,-2.31778
394,-2.19481,4.83391,-2.33518
394,-2.15421,4.86688,-2.30979
394,-3.02866,5.04314,-2.18586
394,-2.20092,4.90191,-2.35244
394,-2.17339,4.96349,-2.36826
394,-2.21741,4.96628,-2.38729
394,-3.06674,5.18927,-2.17803
394,-2.44252,5.16063,-2.26969
394,-2.57291,5.20552,-2.33525
394,-2.35205,5.36661,-2.1207
394,-2.85734,5.7214,-2.01598
394,-2.19245,5.71845,-2.28744
394,-2.53181,5.88195,-2.27528
394,2.0791,5.10695,-2.75215
394,2.08067,5.1277,-2.75703
394,2.76212,5.1651,-2.79548
394,2.61164,5.27449,-2.86764
394,2.66349,5.33253,-2.91085
394,2.69426,5.36556,-2.90583
394,2.0742,5.54606,-2.79118
394,2.1663,5.51538,-2.84449
394,-2.51004,6.51157,-2.14995
394,2.73406,5.46907,-2.93461
394,-2.24993,6.47214,-2.24318
394,-2.00705,6.49829,-2.24675
394,2.28099,5.68874,-2.90165
394,-0.169826,6.54738,-2.85196
394,-1.49046,11.346,-2.89293
386,-1.49046,11.346,-2.89293
394,-2.6997,10.8296,-1.41146
386,-2.6997,10.8296,-1.41146
394,1.39645,9.67819,-2.55507
386,1.39645,9.67819,-2.55507
394,0.871055,9.87616,-2.48192
386,0.871055,9.87616,-2.48192
394,-0.303992,10.2885,-2.68654
386,-0.303992,10.2885,-2.68654
394,5.93002,9.31452,-1.6352
386,5.93002,9.31452,-1.6352
394,13.3707,35.0458,-1.29017
386,13.3707,35.0458,-1.29017
394,-1.49326,10.8873,-2.76106
386,-1.49326,10.8873,-2.76106
394,8.53348,11.3904,-1.66743
386,8.53348,11.3904,-1.66743
394,2.95383,22.5634,2.1014
386,2.95383,22.5634,2.1014
394,0.904504,9.94736,-2.49898
386,0.904504,9.94736,-2.49898
394,-0.624362,8.97303,-3.20758
386,-0.624362,8.97303,-3.20758
394,-0.343265,9.5569,-2.49025
386,-0.343265,9.5569,-2.49025
394,-2.49535,11.286,-0.911414
386,-2.49535,11.286,-0.911414
394,-2.52933,11.534,-0.935868
386,-2.52933,11.534,-0.935868
394,6.13711,17.2903,-2.4698
386,6.13711,17.2903,-2.4698
394,3.09978,7.95396,-3.09308
386,3.09978,7.95396,-3.09308
394,0.295473,9.06187,-0.787099
386,0.295473,9.06187,-0.787099
394,2.71117,7.54205,-3.67029
387,2.71117,7.54205,-3.67029
394,4.95294,13.3411,-3.30016
387,4.95294,13.3411,-3.30016
394,1.86111,7.92221,-3.47944
387,1.86111,7.92221,-3.47944
394,-3.08477,17.2089,1.64835
387,-3.08477,17.2089,1.64835
394,-4.73842,11.0103,-2.38788
387,-4.73842,11.0103,-2.38788
394,-0.809254,8.93267,-2.84296
387,-0.809254,8.93267,-2.84296
394,4.465,7.51671,-2.77805
387,4.465,7.51671,-2.77805
394,-2.21132,9.99492,-2.49755
387,-2.21132,9.99492,-2.49755
394,9.07368,20.2992,-2.61685
387,9.07368,20.2992,-2.61685
394,5.32728,15.3328,-2.22431
387,5.32728,15.3328,-2.22431
394,-1.46016,9.96885,-0.847837
387,-1.46016,9.96885,-0.847837
394,7.67588,17.5633,-2.25112
387,7.67588,17.5633,-2.25112
394,-2.55571,11.1929,-1.38878
387,-2.55571,11.1929,-1.38878
394,4.7208,8.56885,-2.83104
391,4.7208,8.56885,-2.83104
394,-0.0213879,9.80161,-2.54979
391,-0.0213879,9.80161,-2.54979
394,0.181577,9.34968,-2.99893
391,0.181577,9.34968,-2.99893
394,0.514535,9.64708,-3.88895
391,0.514535,9.64708,-3.88895
394,-0.622217,9.78628,-0.888651
391,-0.622217,9.78628,-0.888651
394,0.263549,10.5031,-0.939323
391,0.263549,10.5031,-0.939323
394,1.86182,8.92421,-3.05347
391,1.86182,8.92421,-3.05347
394,2.22581,8.19752,-1.63416
391,2.22581,8.19752,-1.63416
394,0.688263,11.2594,-0.996435
391,0.688263,11.2594,-0.996435
394,0.302833,9.4638,-0.85004
391,0.302833,9.4638,-0.85004
394,1.54327,10.3133,-0.935405
391,1.54327,10.3133,-0.935405
394,-0.679661,9.41099,-3.84731
391,-0.679661,9.41099,-3.84731
394,0.602663,10.2184,-2.52649
391,0.602663,10.2184,-2.52649
394,-0.0432747,9.58571,-2.33574
391,-0.0432747,9.58571,-2.33574
394,-1.0742,10.4625,-3.26631
391,-1.0742,10.4625,-3.26631
394,-1.72541,10.6727,-2.70409
391,-1.72541,10.6727,-2.70409
394,3.19958,10.4147,-3.95017
391,3.19958,10.4147,-3.95017
394,-1.05563,9.81801,-3.06271
391,-1.05563,9.81801,-3.06271
394,-0.229936,9.45207,-3.07217
391,-0.229936,9.45207,-3.07217
394,9.81038,17.3151,-0.0460701
391,9.81038,17.3151,-0.0460701
394,-0.181656,10.4443,-3.40304
391,-0.181656,10.4443,-3.40304
394,1.20433,10.5179,-0.933458
391,1.20433,10.5179,-0.933458
394,4.29843,8.05064,-2.53703
391,4.29843,8.05064,-2.53703
394,-2.73778,12.4482,-1.54164
391,-2.73778,12.4482,-1.54164
394,5.033,8.19257,-3.10223
391,5.033,8.19257,-3.10223
394,-0.20411,9.26049,-3.03273
383,-0.20411,9.26049,-3.03273
394,4.46947,8.19871,-2.71301
383,4.46947,8.19871,-2.71301
394,4.61573,8.37707,-2.78442
383,4.61573,8.37707,-2.78442
394,-0.0462555,9.08752,-2.9588
383,-0.0462555,9.08752,-2.9588
394,0.0604698,9.84069,-2.40097
383,0.0604698,9.84069,-2.40097
394,-0.648268,13.0523,0.0521996
388,-0.648268,13.0523,0.0521996
394,0.000879242,10.0595,-2.42742
388,0.000879242,10.0595,-2.42742
394,-1.25162,12.1994,-2.11449
388,-1.25162,12.1994,-2.11449
394,4.32716,7.38508,-2.68914
388,4.32716,7.38508,-2.68914
394,14.3587,27.6278,-0.889423
388,14.3587,27.6278,-0.889423
394,7.0113,11.37,-3.82837
388,7.0113,11.37,-3.82837
394,4.78089,12.8691,-2.6074
388,4.78089,12.8691,-2.6074
394,-2.18549,9.2208,-1.83552
388,-2.18549,9.2208,-1.83552
394,3.06726,13.2901,-2.96259
388,3.06726,13.2901,-2.96259
394,4.64012,8.01053,-3.64215
389,4.64012,8.01053,-3.64215
394,-0.169739,9.97811,-3.26771
389,-0.169739,9.97811,-3.26771
394,-0.136734,10.1332,-3.31927
389,-0.136734,10.1332,-3.31927
394,-1.2521,12.4093,-2.18157
389,-1.2521,12.4093,-2.18157
394,9.72063,17.9193,-0.374292
389,9.72063,17.9193,-0.374292
394,1.31328,10.7478,-4.2593
389,1.31328,10.7478,-4.2593
394,0.545677,8.62434,-3.97159
389,0.545677,8.62434,-3.97159
394,-0.421996,9.46531,-3.75443
389,-0.421996,9.46531,-3.75443
394,-0.653737,8.94447,-3.63224
389,-0.653737,8.94447,-3.63224
394,-5.04635,21.4695,0.231634
389,-5.04635,21.4695,0.231634
394,-6.78178,15.8519,-2.31373
389,-6.78178,15.8519,-2.31373
394,-1.13861,11.2126,-1.16091
382,-1.13861,11.2126,-1.16091
394,0.987259,9.24398,-3.67462
382,0.987259,9.24398,-3.67462
394,-1.42103,10.3235,-3.37653
385,-1.42103,10.3235,-3.37653
394,2.51003,9.71021,-1.8412
390,2.51003,9.71021,-1.8412
394,0.787475,9.83405,-3.28886
390,0.787475,9.83405,-3.28886
394,-2.57458,9.66934,-2.75126
390,-2.57458,9.66934,-2.75126
394,-6.58029,13.8389,0.695588
390,-6.58029,13.8389,0.695588
394,-2.91193,8.38719,-2.47608
390,-2.91193,8.38719,-2.47608
395,-0.754121,0.613964,-0.493295
395,-0.756997,0.662177,-0.534342
395,-0.755049,0.66631,-0.533427
395,-0.754719,0.668037,-0.534527
395,-0.905058,0.700868,-0.521524
395,-0.89852,0.700498,-0.520177
395,-0.897056,0.701131,-0.52048
395,-0.774721,0.676032,-0.539495
395,-0.718818,0.668814,-0.537672
395,-0.71544,0.669171,-0.538802
395,-0.715407,0.669085,-0.539339
395,-0.71587,0.670646,-0.539496
395,-0.814607,0.709326,-0.530334
395,-0.77273,0.694477,-0.554505
395,-0.81868,0.734232,-0.522268
395,-0.819257,0.734928,-0.522251
395,-0.818594,0.735439,-0.522651
395,-0.807247,0.784942,-0.583444
395,-0.791244,0.828087,-0.528127
395,-0.905995,0.846398,-0.529062
395,-0.78339,0.853041,-0.529491
395,-0.923601,0.842668,-0.612087
395,-0.704833,0.841324,-0.53067
395,-0.697237,0.852355,-0.529486
395,-0.711665,0.875637,-0.527973
395,-0.71346,0.878806,-0.528641
395,-0.706203,0.881869,-0.531992
395,-0.711257,0.884309,-0.532015
395,-0.710738,0.884965,-0.533216
395,-0.927441,0.934807,-0.573768
395,-0.792611,0.936462,-0.533983
395,-0.79379,0.936994,-0.534161
395,-0.501276,0.979995,-0.332675
395,-0.721477,0.940756,-0.539317
395,-0.719179,0.944817,-0.539464
395,-0.720402,0.947591,-0.540589
395,-0.760405,0.952641,-0.63582
395,-0.757813,0.961045,-0.641815
395,-1.09481,1.17124,-0.84489
395,-1.22782,1.23032,-0.906349
395,0.685632,1.94911,-0.959675
395,0.649729,1.95286,-0.990976
395,0.776907,1.93368,-0.992803
395,0.595097,1.95946,-1.00726
395,0.722231,1.96222,-0.952621
395,0.601164,1.95929,-1.01005
395,0.772624,1.93833,-0.999395
395,0.602728,1.95946,-1.01939
395,0.764448,1.93926,-1.00676
395,0.79933,1.93569,-1.00666
395,0.7565,1.94155,-1.01106
395,0.683463,1.96059,-1.01608
395,0.740822,1.9507,-1.01977
395,0.749423,1.95536,-1.01432
395,0.67794,1.97024,-1.02055
395,0.337908,2.04758,-1.33218
395,0.33798,2.04711,-1.33393
395,0.420181,2.03145,-1.36057
395,0.339021,2.0657,-1.34648
395,0.33973,2.07057,-1.34937
395,0.465666,2.05364,-1.34408
395,0.473582,2.05604,-1.34954
395,0.478466,2.06205,-1.35337
395,0.479153,2.07475,-1.36155
395,0.640869,1.97212,-1.83839
395,0.619314,1.98052,-1.90178
395,0.663898,1.98507,-1.87512
395,0.726194,2.0147,-1.87439
395,0.728219,2.01722,-1.88965
395,0.711368,2.01902,-1.89197
395,0.74745,2.03466,-1.88184
395,0.773288,2.0431,-1.90447
395,-1.4286,2.98428,-1.87077
395,-2.30804,3.83544,-2.20299
395,-2.25333,3.83222,-2.21214
395,-2.20794,3.88223,-2.2558
395,-2.16544,3.8896,-2.25138
395,-2.24275,3.9334,-2.29529
395,1.22753,3.888,-3.69241
395,-2.82902,5.32108,-2.16261
395,-2.62424,5.4415,-2.25173
395,-2.05382,5.42887,-2.268
395,-2.05137,5.52611,-2.2814
395,-2.06503,5.54963,-2.29444
395,-2.02231,5.56188,-2.2863
395,-2.05217,5.58112,-2.31392
395,-2.00656,5.6495,-2.29745
395,-3.52996,5.96493,-2.3198
395,-2.62802,5.89866,-2.14656
395,-2.07061,5.76778,-2.37169
395,-3.66091,6.04706,-2.30812
395,1.99746,5.40272,-3.38144
395,-2.02288,6.62839,-2.29054
395,-2.10867,6.70704,-2.33153
395,2.07517,5.83892,-3.68724
395,2.64586,6.74636,-2.8302
392,2.64586,6.74636,-2.8302
395,-1.22349,10.0043,-3.21185
392,-1.22349,10.0043,-3.21185
395,0.598714,13.0714,-4.11145
392,0.598714,13.0714,-4.11145
395,-0.0500537,10.5339,-3.25623
392,-0.0500537,10.5339,-3.25623
395,4.91435,9.01637,-1.47914
392,4.91435,9.01637,-1.47914
395,-2.50525,9.33754,-2.71291
392,-2.50525,9.33754,-2.71291
395,-1.36844,11.1488,-0.956172
392,-1.36844,11.1488,-0.956172
395,-0.242339,8.79894,-2.89245
392,-0.242339,8.79894,-2.89245
395,-0.272483,10.653,-2.77719
392,-0.272483,10.653,-2.77719
395,-1.70131,10.0228,-2.55541
392,-1.70131,10.0228,-2.55541
395,0.626104,8.54024,-2.19424
392,0.626104,8.54024,-2.19424
395,7.42852,16.6936,-2.20915
392,7.42852,16.6936,-2.20915
395,0.677996,11.1304,-0.980009
392,0.677996,11.1304,-0.980009
395,2.7963,9.61602,-1.88822
392,2.7963,9.61602,-1.88822
395,-1.63549,11.546,-0.972408
392,-1.63549,11.546,-0.972408
395,-2.43089,11.9461,-3.75351
392,-2.43089,11.9461,-3.75351
395,-0.157771,8.65882,-2.81456
392,-0.157771,8.65882,-2.81456
395,-1.52406,11.4106,-2.89581
392,-1.52406,11.4106,-2.89581
395,-2.39898,11.4003,-2.79941
392,-2.39898,11.4003,-2.79941
395,-0.186311,9.58863,-3.14412
392,-0.186311,9.58863,-3.14412
395,2.97446,9.68703,-0.515569
392,2.97446,9.68703,-0.515569
395,-0.95449,8.63364,-2.72676
392,-0.95449,8.63364,-2.72676
395,-0.360632,9.06022,-2.37038
392,-0.360632,9.06022,-2.37038
395,5.88925,13.6985,-1.84441
392,5.88925,13.6985,-1.84441
395,-5.97977,11.9729,-0.851973
392,-5.97977,11.9729,-0.851973
395,0.305861,8.64959,-0.81054
392,0.305861,8.64959,-0.81054
395,1.85773,8.79539,-1.14743
392,1.85773,8.79539,-1.14743
395,1.0156,9.70842,-0.91384
392,1.0156,9.70842,-0.91384
395,-0.34828,9.51418,-2.49491
392,-0.34828,9.51418,-2.49491
395,0.0271545,9.77314,-2.40446
392,0.0271545,9.77314,-2.40446
395,-3.29811,7.90781,-2.40211
392,-3.29811,7.90781,-2.40211
395,0.0110146,9.06708,-2.26718
392,0.0110146,9.06708,-2.26718
395,7.78544,14.1308,-0.463518
392,7.78544,14.1308,-0.463518
395,5.41109,15.5,-2.2202
392,5.41109,15.5,-2.2202
395,-0.212092,7.24366,-1.81906
392,-0.212092,7.24366,-1.81906
395,-0.0332495,9.6556,-2.35249
391,-0.0332495,9.6556,-2.35249
395,1.2821,9.28506,-0.854466
391,1.2821,9.28506,-0.854466
395,-1.79866,9.75269,-3.01317
391,-1.79866,9.75269,-3.01317
395,0.599263,10.1238,-2.50667
391,0.599263,10.1238,-2.50667
395,0.803295,9.54932,-2.41598
391,0.803295,9.54932,-2.41598
395,-4.66796,10.8316,-2.34337
391,-4.66796,10.8316,-2.34337
395,7.28639,13.3808,-0.0797662
391,7.28639,13.3808,-0.0797662
395,7.98957,10.7556,-1.58707
391,7.98957,10.7556,-1.58707
395,-0.0644192,9.09905,-2.22085
391,-0.0644192,9.09905,-2.22085
395,9.60917,17.1601,-0.0890504
391,9.60917,17.1601,-0.0890504
395,-2.49028,10.7799,-1.37661
391,-2.49028,10.7799,-1.37661
395,-2.72177,13.0033,-1.04402
391,-2.72177,13.0033,-1.04402
395,-0.297142,9.78543,-2.52595
391,-0.297142,9.78543,-2.52595
395,3.21369,10.6282,-2.52933
388,3.21369,10.6282,-2.52933
395,2.4008,9.4173,-1.79472
388,2.4008,9.4173,-1.79472
395,0.011894,10.137,-2.44828
388,0.011894,10.137,-2.44828
395,5.3099,15.2896,-2.21461
388,5.3099,15.2896,-2.21461
395,-1.02193,12.2408,-2.14976
387,-1.02193,12.2408,-2.14976
395,-0.0692393,9.97031,-2.98536
387,-0.0692393,9.97031,-2.98536
395,6.60223,15.4921,-1.98928
387,6.60223,15.4921,-1.98928
395,7.3124,16.512,-2.1995
383,7.3124,16.512,-2.1995
395,7.83131,17.4547,-2.33588
383,7.83131,17.4547,-2.33588
395,9.63363,15.8994,-1.47318
383,9.63363,15.8994,-1.47318
395,9.6835,18.4938,-0.363086
383,9.6835,18.4938,-0.363086
395,-2.38047,10.8926,-2.73295
383,-2.38047,10.8926,-2.73295
395,1.69552,8.33802,-2.90732
383,1.69552,8.33802,-2.90732
395,-0.679134,12.019,0.0431029
383,-0.679134,12.019,0.0431029
395,-0.958875,10.1629,-2.99
386,-0.958875,10.1629,-2.99
395,13.6495,23.4891,-0.960209
389,13.6495,23.4891,-0.960209
395,-1.04147,10.0897,-3.00622
389,-1.04147,10.0897,-3.00622
395,2.43629,9.4238,-1.22055
389,2.43629,9.4238,-1.22055
395,4.06015,12.2581,-1.79621
389,4.06015,12.2581,-1.79621
395,1.49233,10.0644,-0.90614
384,1.49233,10.0644,-0.90614
395,2.52027,9.74604,-1.85002
390,2.52027,9.74604,-1.85002
396,-0.796389,0.669878,-0.438742
396,-0.877771,0.701509,-0.515165
396,-0.832116,0.693381,-0.522881
396,-0.841555,0.701046,-0.525842
396,-0.891277,0.712717,-0.521073
396,-0.863587,0.710145,-0.534051
396,-0.864319,0.71384,-0.535056
396,-0.862361,0.720725,-0.532987
396,-0.702568,0.759858,-0.453023
396,-0.908839,0.854164,-0.53557
396,-0.903091,0.853586,-0.535744
396,-0.90866,0.854453,-0.536834
396,-0.844895,0.868675,-0.534586
396,-0.781017,0.859923,-0.538481
396,-0.844845,0.875557,-0.537667
396,-0.692069,0.860806,-0.537968
396,-0.75266,0.883959,-0.531557
396,-0.761322,0.886698,-0.528228
396,-0.920383,0.899946,-0.560351
396,-0.706761,0.89054,-0.539092
396,-0.703303,0.894045,-0.540504
396,-0.706802,0.896762,-0.542507
396,-0.636461,0.896155,-0.536499
396,-1.02652,0.949983,-0.541881
396,-0.642284,0.913819,-0.543874
396,-0.789337,0.94545,-0.542368
396,-0.940853,1.05576,-0.712577
396,-0.592116,1.54015,-0.395788
396,-0.832104,1.46286,-0.834481
396,-0.835867,1.47633,-0.84095
396,-0.356568,1.9397,-1.05485
396,0.742937,1.96767,-0.950749
396,0.744088,1.96896,-1.04071
396,-1.65503,5.65554,0.20509
396,-2.67375,5.28871,-2.1918
396,-2.65948,5.41786,-2.28038
396,-2.39878,5.58333,-2.31148
396,-3.0058,5.75867,-2.34299
396,-2.31913,5.71739,-2.37123
396,-2.98583,6.03714,-2.14542
396,-2.93484,6.19349,-2.16323
396,-3.94034,6.79114,-2.28476
396,-2.0317,6.59855,-2.28342
396,2.08131,6.1419,-2.78649
396,2.42669,10.9424,-2.48594
392,2.42669,10.9424,-2.48594
396,-1.25876,10.8174,-3.51438
392,-1.25876,10.8174,-3.51438
396,-1.54717,11.898,-3.01653
392,-1.54717,11.898,-3.01653
396,-1.23113,11.9063,-2.09535
392,-1.23113,11.9063,-2.09535
396,0.441293,8.85964,-3.3982
392,0.441293,8.85964,-3.3982
396,-0.558768,9.60039,-3.49415
392,-0.558768,9.60039,-3.49415
396,-0.0116614,11.0255,-3.40607
392,-0.0116614,11.0255,-3.40607
396,-2.1911,10.2474,-1.07991
392,-2.1911,10.2474,-1.07991
396,8.18147,21.3053,-0.446409
392,8.18147,21.3053,-0.446409
396,5.21809,9.4451,-1.54637
392,5.21809,9.4451,-1.54637
396,-0.30036,10.3081,-2.6896
392,-0.30036,10.3081,-2.6896
396,0.642335,8.68551,-2.22881
392,0.642335,8.68551,-2.22881
396,1.52245,7.86894,-2.72593
392,1.52245,7.86894,-2.72593
396,2.60958,6.67484,-2.80531
392,2.60958,6.67484,-2.80531
396,-2.38514,8.66503,-2.52145
392,-2.38514,8.66503,-2.52145
396,-1.21905,10.1057,-3.24532
392,-1.21905,10.1057,-3.24532
396,-1.76051,9.57595,-2.9559
392,-1.76051,9.57595,-2.9559
396,-2.8768,8.72822,-2.66142
392,-2.8768,8.72822,-2.66142
396,1.30981,10.2304,-0.871833
392,1.30981,10.2304,-0.871833
396,3.47589,11.3619,-2.21306
392,3.47589,11.3619,-2.21306
396,11.0379,27.9115,-0.52506
392,11.0379,27.9115,-0.52506
396,5.60555,13.1155,-1.76618
392,5.60555,13.1155,-1.76618
396,4.66794,8.47998,-2.81145
392,4.66794,8.47998,-2.81145
396,-1.57212,12.1301,-3.07212
392,-1.57212,12.1301,-3.07212
396,3.69331,6.52335,-2.40604
392,3.69331,6.52335,-2.40604
396,-2.33074,11.2756,-3.54486
392,-2.33074,11.2756,-3.54486
396,0.417724,8.8643,-2.20795
392,0.417724,8.8643,-2.20795
396,3.86563,14.2246,0.939993
392,3.86563,14.2246,0.939993
396,0.42587,8.9558,-2.22898
392,0.42587,8.9558,-2.22898
396,7.32539,12.6167,-1.98866
392,7.32539,12.6167,-1.98866
396,-2.546,5.63795,-2.06259
392,-2.546,5.63795,-2.06259
396,6.18067,10.8904,-1.73518
392,6.18067,10.8904,-1.73518
396,1.67701,10.9536,-1.30651
392,1.67701,10.9536,-1.30651
396,-0.789341,0.93959,-0.537879
392,-0.789341,0.93959,-0.537879
396,-1.17688,8.10375,-2.62093
392,-1.17688,8.10375,-2.62093
396,-0.181612,10.8043,-3.48824
392,-0.181612,10.8043,-3.48824
396,7.39236,13.5669,-0.149394
392,7.39236,13.5669,-0.149394
396,4.44791,8.2821,-2.61076
392,4.44791,8.2821,-2.61076
396,1.0543,9.75811,-0.886791
392,1.0543,9.75811,-0.886791
396,0.289152,8.59026,-0.809108
392,0.289152,8.59026,-0.809108
396,1.79514,8.50706,-1.12698
392,1.79514,8.50706,-1.12698
396,6.44508,15.1504,-1.93093
392,6.44508,15.1504,-1.93093
396,-4.58427,8.82065,-2.69204
392,-4.58427,8.82065,-2.69204
396,1.16738,10.1343,-0.925829
392,1.16738,10.1343,-0.925829
396,11.7565,25.8329,-3.19685
392,11.7565,25.8329,-3.19685
396,4.86549,14.2051,-2.08213
392,4.86549,14.2051,-2.08213
396,8.01399,18.7396,-5.12253
391,8.01399,18.7396,-5.12253
396,1.45884,9.94827,-0.907978
391,1.45884,9.94827,-0.907978
396,0.216791,9.71706,-3.11987
391,0.216791,9.71706,-3.11987
396,8.54906,22.096,-0.0765934
391,8.54906,22.096,-0.0765934
396,-1.03051,10.4662,-3.11151
391,-1.03051,10.4662,-3.11151
396,-2.38408,11.2504,-2.79914
391,-2.38408,11.2504,-2.79914
396,0.0193543,10.1971,-2.48452
391,0.0193543,10.1971,-2.48452
396,-0.508199,9.38499,-3.06265
391,-0.508199,9.38499,-3.06265
396,2.78629,6.90345,-2.92168
391,2.78629,6.90345,-2.92168
396,2.71714,6.94764,-2.60955
391,2.71714,6.94764,-2.60955
396,7.09265,9.72795,-1.4443
391,7.09265,9.72795,-1.4443
396,0.465015,9.35265,-2.31736
391,0.465015,9.35265,-2.31736
396,0.0368115,10.1085,-2.46549
391,0.0368115,10.1085,-2.46549
396,8.3915,15.1916,-0.0949329
391,8.3915,15.1916,-0.0949329
396,7.31343,9.96077,-1.46769
391,7.31343,9.96077,-1.46769
396,2.93969,7.39753,-2.74906
391,2.93969,7.39753,-2.74906
396,2.4297,10.5254,-1.32672
391,2.4297,10.5254,-1.32672
396,-2.57261,11.4514,-1.42381
391,-2.57261,11.4514,-1.42381
396,7.59046,18.0843,-4.94536
391,7.59046,18.0843,-4.94536
396,-2.62897,12.2232,-0.989146
391,-2.62897,12.2232,-0.989146
396,6.92105,12.8635,-0.398804
391,6.92105,12.8635,-0.398804
396,4.97792,13.3925,-3.16212
391,4.97792,13.3925,-3.16212
396,-1.02758,12.4668,-2.19085
387,-1.02758,12.4668,-2.19085
396,0.424762,12.1897,-2.15418
387,0.424762,12.1897,-2.15418
396,-1.25729,14.9175,-0.461099
387,-1.25729,14.9175,-0.461099
396,4.07179,14.1542,0.768752
387,4.07179,14.1542,0.768752
396,6.15713,17.2155,-0.11615
387,6.15713,17.2155,-0.11615
396,0.231513,11.8793,-2.902
387,0.231513,11.8793,-2.902
396,10.6041,18.6273,-0.168308
387,10.6041,18.6273,-0.168308
396,2.96158,7.44816,-2.77789
388,2.96158,7.44816,-2.77789
396,2.36277,9.29368,-1.76903
388,2.36277,9.29368,-1.76903
396,0.00780859,10.1544,-2.4533
388,0.00780859,10.1544,-2.4533
396,0.994596,9.12986,-3.59541
388,0.994596,9.12986,-3.59541
396,-0.343417,9.62401,-2.53597
388,-0.343417,9.62401,-2.53597
396,-1.53178,10.8008,-0.921353
388,-1.53178,10.8008,-0.921353
396,-2.53986,10.9148,-1.36738
388,-2.53986,10.9148,-1.36738
396,1.39261,9.67806,-2.55741
386,1.39261,9.67806,-2.55741
396,5.23365,11.8237,-1.70928
389,5.23365,11.8237,-1.70928
396,-2.18753,11.3655,-0.881427
389,-2.18753,11.3655,-0.881427
396,1.23673,9.4517,-3.75955
385,1.23673,9.4517,-3.75955
396,5.35908,14.1116,-2.86996
385,5.35908,14.1116,-2.86996
396,2.32021,8.70859,-3.00828
390,2.32021,8.70859,-3.00828
396,-1.29231,13.8466,-2.38455
390,-1.29231,13.8466,-2.38455
397,-0.831546,0.68456,-0.515948
397,-0.840376,0.698877,-0.528914
397,-0.908274,0.783103,-0.525929
397,-0.909331,0.783782,-0.527923
397,-0.77436,0.768691,-0.521055
397,-0.836725,0.803451,-0.537652
397,-0.7766,0.802364,-0.542818
397,-0.855927,0.8411,-0.532952
397,-0.894164,0.846413,-0.534242
397,-0.902829,0.849418,-0.53545
397,-0.902907,0.849766,-0.53616
397,-0.781635,0.853202,-0.533154
397,-0.77728,0.853834,-0.536787
397,-0.696282,0.85019,-0.548618
397,-0.692683,0.855709,-0.539632
397,-0.702618,0.857583,-0.548322
397,-0.870926,0.882829,-0.555957
397,-0.705864,0.890339,-0.540148
397,-0.875638,0.912284,-0.573755
397,-0.791068,0.937608,-0.541029
397,-0.531683,1.04781,-0.759068
397,-0.358075,1.25061,-0.338981
397,-0.508678,1.08219,-0.875873
397,-0.496471,1.1105,-0.900441
397,-0.292736,1.19191,-0.825861
397,-0.834611,1.43103,-0.841918
397,-0.797893,1.56638,-0.753372
397,-0.421489,1.39103,-1.17736
397,0.757355,1.95915,-0.93109
397,0.740665,1.9492,-1.06178
397,0.666972,1.98173,-1.02233
397,0.793123,1.96455,-1.02014
397,0.629495,1.98435,-1.04955
397,0.624665,1.9887,-1.059
397,0.645928,1.98612,-1.06964
397,0.237278,2.04359,-1.40117
397,0.361617,2.03222,-1.40877
397,0.233595,2.05219,-1.40883
397,0.361683,2.03427,-1.41211
397,0.235562,2.05708,-1.41209
397,0.362648,2.04198,-1.41143
397,0.237854,2.06569,-1.41775
397,0.373505,2.05937,-1.42331
397,0.368038,2.06692,-1.44279
397,-1.31144,2.79663,-1.81991
397,-1.19975,2.66595,-2.14966
397,1.0898,2.66456,-1.87113
397,1.07964,2.80853,-1.96302
397,-1.42725,3.26444,-2.11957
397,-1.57313,5.2068,0.163726
397,-2.66012,5.12827,-2.21189
397,-2.42496,5.17062,-2.27453
397,-2.10475,5.16718,-2.29425
397,-2.12921,5.19412,-2.3015
397,-3.17344,5.39254,-2.31468
397,-2.46162,5.29308,-2.32564
397,-3.23466,5.51537,-2.35935
397,-2.58396,5.51006,-2.11729
397,-2.14692,5.64805,-2.23838
397,3.36621,4.99962,-3.53994
397,-2.02982,6.63334,-2.30211
397,-1.87349,6.42441,-2.89941
397,-2.17141,6.74583,-2.24944
397,-0.200355,6.28349,-2.75151
397,-0.185339,6.29057,-2.78511
397,-0.186561,6.38173,-2.78663
397,-2.0609,6.88313,-2.38467
397,-0.0221601,6.58322,-2.91423
397,4.27407,7.92483,-3.37984
392,4.27407,7.92483,-3.37984
397,0.667199,11.0017,-0.974308
392,0.667199,11.0017,-0.974308
397,-1.22313,11.6362,-2.04994
392,-1.22313,11.6362,-2.04994
397,-1.21052,9.88231,-3.17402
392,-1.21052,9.88231,-3.17402
397,-0.983752,9.96896,-3.125
392,-0.983752,9.96896,-3.125
397,-0.0391881,10.7194,-3.31163
392,-0.0391881,10.7194,-3.31163
397,0.632807,8.62049,-2.20839
392,0.632807,8.62049,-2.20839
397,5.82334,10.3601,-1.6833
392,5.82334,10.3601,-1.6833
397,1.32418,7.25195,-2.51387
392,1.32418,7.25195,-2.51387
397,-0.29721,10.2874,-2.68518
392,-0.29721,10.2874,-2.68518
397,-1.63635,9.35345,-2.392
392,-1.63635,9.35345,-2.392
397,2.27249,6.41765,-2.43795
392,2.27249,6.41765,-2.43795
397,2.74624,9.5118,-1.86994
392,2.74624,9.5118,-1.86994
397,-0.693765,8.49468,-3.48931
392,-0.693765,8.49468,-3.48931
397,3.44663,6.19493,-2.28584
392,3.44663,6.19493,-2.28584
397,-1.55026,11.8468,-3.00211
392,-1.55026,11.8468,-3.00211
397,7.04237,14.5523,-0.598468
392,7.04237,14.5523,-0.598468
397,3.0497,7.90525,-3.00177
392,3.0497,7.90525,-3.00177
397,0.512164,9.56335,-2.37452
392,0.512164,9.56335,-2.37452
397,7.51302,12.8933,-2.03
392,7.51302,12.8933,-2.03
397,0.742346,9.49799,-3.17568
392,0.742346,9.49799,-3.17568
397,5.16794,12.2824,-1.66861
392,5.16794,12.2824,-1.66861
397,-0.998231,12.5099,-0.0371784
392,-0.998231,12.5099,-0.0371784
397,0.485614,8.20879,-2.76629
392,0.485614,8.20879,-2.76629
397,4.41642,8.04587,-2.73014
392,4.41642,8.04587,-2.73014
397,0.615406,8.41553,-2.13065
392,0.615406,8.41553,-2.13065
397,-6.58346,13.3753,-0.936121
392,-6.58346,13.3753,-0.936121
397,-4.67547,10.5049,0.397408
392,-4.67547,10.5049,0.397408
397,0.0347181,9.5239,-2.38235
392,0.0347181,9.5239,-2.38235
397,7.3663,13.5195,-0.150148
392,7.3663,13.5195,-0.150148
397,3.66183,15.3579,-3.40587
392,3.66183,15.3579,-3.40587
397,1.74224,8.93914,-2.02256
392,1.74224,8.93914,-2.02256
397,-1.15389,7.56496,-2.4485
392,-1.15389,7.56496,-2.4485
397,-1.45348,9.84184,-0.819741
392,-1.45348,9.84184,-0.819741
397,-1.26461,9.91319,-3.19763
392,-1.26461,9.91319,-3.19763
397,-4.31343,8.17792,-2.54388
392,-4.31343,8.17792,-2.54388
397,1.18687,10.2665,-0.934704
392,1.18687,10.2665,-0.934704
397,5.08179,14.7249,-2.18381
392,5.08179,14.7249,-2.18381
397,-2.14862,7.88507,-1.51158
392,-2.14862,7.88507,-1.51158
397,-0.947733,8.9466,-2.78234
392,-0.947733,8.9466,-2.78234
397,-2.09594,6.57657,-2.26634
391,-2.09594,6.57657,-2.26634
397,0.130813,8.99631,-2.88675
391,0.130813,8.99631,-2.88675
397,-2.72351,12.1575,-1.5151
391,-2.72351,12.1575,-1.5151
397,3.16591,12.7666,-1.59078
391,3.16591,12.7666,-1.59078
397,-1.71003,10.181,-3.09318
391,-1.71003,10.181,-3.09318
397,0.635043,10.5523,-2.61303
391,0.635043,10.5523,-2.61303
397,9.2032,16.4852,-0.0904907
391,9.2032,16.4852,-0.0904907
397,1.14497,10.2082,-0.909006
391,1.14497,10.2082,-0.909006
397,-2.3896,10.5937,-0.872707
391,-2.3896,10.5937,-0.872707
397,12.7955,22.1108,-0.577118
391,12.7955,22.1108,-0.577118
397,4.29617,7.983,-2.54241
391,4.29617,7.983,-2.54241
397,5.83582,15.2404,-3.59376
391,5.83582,15.2404,-3.59376
397,-1.48797,11.2506,-2.86278
387,-1.48797,11.2506,-2.86278
397,2.81138,7.0949,-2.89419
387,2.81138,7.0949,-2.89419
397,-1.2687,14.9452,-0.460073
387,-1.2687,14.9452,-0.460073
397,-0.682614,9.24239,-3.78911
387,-0.682614,9.24239,-3.78911
397,4.6611,13.8001,-2.0024
387,4.6611,13.8001,-2.0024
397,-2.74459,12.3165,-1.53553
387,-2.74459,12.3165,-1.53553
397,8.35708,15.1758,-0.156757
387,8.35708,15.1758,-0.156757
397,4.88463,8.78856,-2.91569
388,4.88463,8.78856,-2.91569
397,4.06478,9.74245,-3.76897
388,4.06478,9.74245,-3.76897
397,-1.27324,12.549,-2.17897
388,-1.27324,12.549,-2.17897
397,-4.87849,10.8911,-2.41663
388,-4.87849,10.8911,-2.41663
397,1.0465,9.3273,-3.67979
388,1.0465,9.3273,-3.67979
397,0.557493,10.18,-2.53695
388,0.557493,10.18,-2.53695
397,-7.00277,15.8369,-0.833098
388,-7.00277,15.8369,-0.833098
397,0.872227,11.1755,-1.71059
390,0.872227,11.1755,-1.71059
397,1.04372,9.43087,-3.73395
390,1.04372,9.43087,-3.73395
397,-0.988173,10.6018,-1.12142
390,-0.988173,10.6018,-1.12142
397,-2.58626,9.77204,-2.78202
390,-2.58626,9.77204,-2.78202
397,-0.637754,14.0169,0.0892121
390,-0.637754,14.0169,0.0892121
397,4.51175,7.83314,-3.55587
389,4.51175,7.83314,-3.55587
397,1.2228,10.2887,-4.06938
389,1.2228,10.2887,-4.06938
398,-0.797653,0.669793,-0.435814
398,-0.671155,0.667644,-0.464197
398,-0.75825,0.762023,-0.493257
398,-0.75948,0.764886,-0.494907
398,-0.759795,0.801374,-0.515379
398,-0.789792,0.818304,-0.550803
398,-0.901067,0.845379,-0.526807
398,-0.891234,0.844781,-0.526278
398,-0.901745,0.846943,-0.527007
398,-0.892378,0.845773,-0.52688
398,-0.891705,0.845485,-0.527832
398,-0.782348,0.850674,-0.527765
398,-0.845244,0.868675,-0.528981
398,-0.709958,0.879204,-0.529924
398,-0.641602,0.845871,-0.660579
398,-0.708773,0.894124,-0.537106
398,-0.636683,0.896167,-0.533034
398,-0.779317,0.921529,-0.535493
398,-0.779316,0.922836,-0.53607
398,-0.778368,0.923921,-0.535571
398,-0.779799,0.924686,-0.536867
398,-0.503066,0.892954,-0.701332
398,-0.503295,1.03032,-0.3422
398,-0.793044,0.987611,-0.657328
398,-0.660251,1.73101,-1.36815
398,0.778643,1.93214,-1.01802
398,0.615117,1.96376,-1.01788
398,0.610899,1.96915,-1.01911
398,0.682162,1.96249,-1.01243
398,0.423274,2.00844,-1.32396
398,0.431102,2.01264,-1.32721
398,0.430634,2.01499,-1.32993
398,0.317751,2.03668,-1.33445
398,0.321577,2.04241,-1.33524
398,0.304862,2.04278,-1.37259
398,0.32033,2.05057,-1.34285
398,0.324309,2.0538,-1.34639
398,-1.28492,2.75567,-1.77243
398,-1.28778,2.76551,-1.77406
398,-1.29502,2.78701,-1.78916
398,-1.97626,3.34055,-1.95258
398,-2.34489,5.50104,-2.13849
398,-2.64135,5.89643,-2.15774
398,-2.02073,6.53621,-2.2625
398,-2.02491,6.67248,-2.29556
398,-2.84686,7.38642,-2.35012
398,-1.48846,10.9944,-2.79205
392,-1.48846,10.9944,-2.79205
398,-1.3276,12.7419,-4.0818
392,-1.3276,12.7419,-4.0818
398,-1.22508,11.6701,-2.05472
392,-1.22508,11.6701,-2.05472
398,-0.301982,10.3097,-2.68926
392,-0.301982,10.3097,-2.68926
398,-1.42193,9.76966,-0.840314
392,-1.42193,9.76966,-0.840314
398,-0.0394199,10.7687,-3.32556
392,-0.0394199,10.7687,-3.32556
398,5.1478,9.34253,-1.53236
392,5.1478,9.34253,-1.53236
398,0.888827,9.98155,-2.51544
392,0.888827,9.98155,-2.51544
398,-1.3716,9.5777,-0.895874
392,-1.3716,9.5777,-0.895874
398,-0.246004,8.84653,-2.90811
392,-0.246004,8.84653,-2.90811
398,4.84244,8.61942,-1.46008
392,4.84244,8.61942,-1.46008
398,1.61803,8.1603,-2.82733
392,1.61803,8.1603,-2.82733
398,-2.41385,11.8026,-3.70525
392,-2.41385,11.8026,-3.70525
398,0.855844,10.2002,-3.40647
392,0.855844,10.2002,-3.40647
398,-0.0739061,9.62655,-3.12807
392,-0.0739061,9.62655,-3.12807
398,-0.133478,10.5378,-3.44926
392,-0.133478,10.5378,-3.44926
398,4.55824,8.43882,-2.65013
392,4.55824,8.43882,-2.65013
398,5.56119,13.0697,-1.76691
392,5.56119,13.0697,-1.76691
398,0.367908,8.65623,-2.15546
392,0.367908,8.65623,-2.15546
398,-4.16834,10.5101,-3.10539
392,-4.16834,10.5101,-3.10539
398,-0.413649,8.4692,-2.22809
392,-0.413649,8.4692,-2.22809
398,-1.15308,7.704,-2.49411
392,-1.15308,7.704,-2.49411
398,5.15118,9.29767,-2.92992
392,5.15118,9.29767,-2.92992
398,5.00359,9.76175,-0.165481
392,5.00359,9.76175,-0.165481
398,-1.45389,9.62133,-0.840528
392,-1.45389,9.62133,-0.840528
398,6.18872,17.4076,-2.46969
392,6.18872,17.4076,-2.46969
398,0.600439,10.4994,-0.936537
391,0.600439,10.4994,-0.936537
398,1.3107,10.1654,-0.868761
391,1.3107,10.1654,-0.868761
398,-1.70839,8.94264,-2.76513
391,-1.70839,8.94264,-2.76513
398,0.26656,10.1988,-3.27579
391,0.26656,10.1988,-3.27579
398,0.492393,9.85314,-0.885959
391,0.492393,9.85314,-0.885959
398,1.42714,9.85672,-0.901868
391,1.42714,9.85672,-0.901868
398,-0.627319,12.1569,0.0513824
391,-0.627319,12.1569,0.0513824
398,0.0693804,10.4679,-2.55243
391,0.0693804,10.4679,-2.55243
398,-0.257977,9.09638,-2.95721
391,-0.257977,9.09638,-2.95721
398,4.69992,6.46408,-1.4187
391,4.69992,6.46408,-1.4187
398,0.92766,10.0197,-2.50708
391,0.92766,10.0197,-2.50708
398,1.24338,10.6256,-0.941124
391,1.24338,10.6256,-0.941124
398,-2.7412,12.4781,-1.54231
391,-2.7412,12.4781,-1.54231
398,5.78327,13.6029,-1.83603
391,5.78327,13.6029,-1.83603
398,0.62611,11.7943,-0.984423
391,0.62611,11.7943,-0.984423
398,4.18758,9.89051,-3.84139
387,4.18758,9.89051,-3.84139
398,-1.1519,9.3188,-3.10827
387,-1.1519,9.3188,-3.10827
398,-1.45646,10.2968,-2.61931
387,-1.45646,10.2968,-2.61931
398,-6.75823,15.4669,-0.838005
387,-6.75823,15.4669,-0.838005
398,0.89118,10.3459,-3.45721
387,0.89118,10.3459,-3.45721
398,6.17538,9.58741,-1.68385
387,6.17538,9.58741,-1.68385
398,5.31103,15.3693,-2.25051
387,5.31103,15.3693,-2.25051
398,8.7922,15.8045,-0.141675
387,8.7922,15.8045,-0.141675
398,4.88016,8.78074,-2.91332
388,4.88016,8.78074,-2.91332
398,-2.93546,11.1609,-2.29708
388,-2.93546,11.1609,-2.29708
398,6.43337,18.0157,-0.822049
389,6.43337,18.0157,-0.822049
398,-1.81681,11.5302,0.823044
389,-1.81681,11.5302,0.823044
398,-1.9279,10.2075,-0.986947
389,-1.9279,10.2075,-0.986947
398,-2.15337,10.1329,-1.08944
389,-2.15337,10.1329,-1.08944
398,3.92015,11.6069,1.39826
389,3.92015,11.6069,1.39826
398,-1.70016,10.8075,-3.28944
390,-1.70016,10.8075,-3.28944
398,2.88651,7.4332,-2.83226
390,2.88651,7.4332,-2.83226
398,-1.31876,17.1007,-0.191919
390,-1.31876,17.1007,-0.191919
398,5.14011,13.6474,-2.69918
390,5.14011,13.6474,-2.69918
399,-0.823539,0.580231,-0.505123
399,-0.829038,0.580592,-0.508806
399,-0.826123,0.581061,-0.506515
399,-0.834097,0.584176,-0.511654
399,-0.862734,0.62895,-0.511875
399,-0.847178,0.687503,-0.621925
399,-0.608695,0.716161,-0.56889
399,-0.760103,0.745681,-0.610827
399,-0.844696,0.79542,-0.584788
399,-0.815242,0.790058,-0.63029
399,-0.674164,0.822613,-0.528604
399,-0.673671,0.826421,-0.528291
399,-0.622585,0.798468,-0.591957
399,-0.889036,0.874088,-0.635676
399,-0.886513,0.941015,-0.644561
399,-0.873141,0.942825,-0.683189
399,-0.727962,0.941699,-0.661555
399,-0.915525,0.922027,-0.801908
399,-0.484317,0.969521,-0.693687
399,-0.910199,1.06273,-0.698024
399,-0.910827,1.06352,-0.698654
399,-0.905754,1.06341,-0.698807
399,-0.90606,1.06408,-0.698775
399,-0.897256,1.19418,-0.824648
399,-0.980639,1.29712,-0.791187
399,-0.866509,1.49391,-0.894949
399,-0.865527,1.4999,-0.898731
399,-0.687244,1.57233,-0.946989
399,-0.1731,1.97946,-1.09775
399,-1.43362,2.3451,-0.786806
399,-0.614461,2.28909,-0.964886
399,-1.83586,2.70196,-0.852281
399,-0.668067,2.3777,-1.31696
399,-1.50516,2.75018,-0.862723
399,-1.60957,2.81298,-0.879959
399,-0.710847,2.62126,-1.54239
399,-0.833138,3.02984,-1.3083
399,-1.13208,4.89104,-1.66154
399,-3.00306,6.26806,-1.495
399,1.60282,6.7909,-2.62959
399,4.20953,6.99135,-1.33367
399,4.34193,7.22926,-1.36657
399,4.49477,7.37,-1.38584
399,4.92583,7.90508,-1.4595
399,1.77912,8.56735,-1.16619
399,-2.20889,9.46355,-0.846798
399,-2.20967,9.51541,-0.827023
399,-2.51198,9.67502,-1.28512
399,0.916063,9.33703,-0.883534
399,-1.45912,9.86014,-0.851951
399,0.988288,9.62104,-0.901373
399,0.17506,9.76176,-0.891449
399,1.08208,9.66203,-0.904786
399,-1.51655,10.1775,-0.878579
399,1.38304,9.7555,-1.22483
399,-1.51329,10.3626,-0.914394
399,0.77998,10.0672,-0.920092
399,-1.44689,10.4618,-0.851251
399,1.4812,9.70445,-1.8067
399,-2.16078,10.6177,-0.894643
399,-2.22379,10.6245,-0.904284
399,-2.15645,10.5983,-0.963676
399,-2.19745,10.7085,-0.885005
399,1.54569,9.9561,-1.85236
399,-0.804707,1.02945,-0.571884
392,-0.804707,1.02945,-0.571884
399,10.2833,17.8981,-0.0723501
392,10.2833,17.8981,-0.0723501
399,-0.804589,1.02767,-0.570639
392,-0.804589,1.02767,-0.570639
399,1.45789,9.98594,-0.907212
392,1.45789,9.98594,-0.907212
399,11.3499,19.8663,-0.809499
392,11.3499,19.8663,-0.809499
399,8.64382,15.5752,-0.672764
392,8.64382,15.5752,-0.672764
399,8.02935,16.3495,-0.651309
392,8.02935,16.3495,-0.651309
399,5.55161,13.0089,-1.76467
392,5.55161,13.0089,-1.76467
399,-5.86954,11.7371,-0.835727
392,-5.86954,11.7371,-0.835727
399,-5.52079,12.2887,-0.710061
392,-5.52079,12.2887,-0.710061
399,4.90198,8.7897,-1.46767
387,4.90198,8.7897,-1.46767
399,7.56014,10.2739,-1.5258
387,7.56014,10.2739,-1.5258
399,-1.80167,11.1806,-1.03368
387,-1.80167,11.1806,-1.03368
399,7.59765,13.9864,-0.144438
387,7.59765,13.9864,-0.144438
399,0.577647,10.3827,-0.928465
391,0.577647,10.3827,-0.928465
399,1.48324,10.2629,-1.88959
391,1.48324,10.2629,-1.88959
399,1.44396,9.89575,-0.905664
391,1.44396,9.89575,-0.905664
399,0.637594,10.7781,-0.959636
391,0.637594,10.7781,-0.959636
399,-2.07226,10.7256,-0.90587
391,-2.07226,10.7256,-0.90587
399,8.19802,14.9282,-0.106498
391,8.19802,14.9282,-0.106498
399,8.35858,15.0904,-0.442573
391,8.35858,15.0904,-0.442573
399,-5.59959,11.3293,-0.814606
391,-5.59959,11.3293,-0.814606
399,11.0058,19.8256,-0.393558
385,11.0058,19.8256,-0.393558
399,2.59003,10.5696,-1.39536
388,2.59003,10.5696,-1.39536
399,5.79642,13.8686,-1.80769
388,5.79642,13.8686,-1.80769
399,0.514791,10.0259,-0.882746
388,0.514791,10.0259,-0.882746
399,1.44549,10.1619,-1.49896
383,1.44549,10.1619,-1.49896
399,2.31905,9.70093,-1.23366
397,2.31905,9.70093,-1.23366
399,-1.03975,12.3167,-2.15961
397,-1.03975,12.3167,-2.15961
399,-0.771304,0.686807,-0.513117
397,-0.771304,0.686807,-0.513117
399,-0.495009,12.3775,0.0598673
397,-0.495009,12.3775,0.0598673
399,5.69714,16.2644,-2.36312
397,5.69714,16.2644,-2.36312
399,0.450358,10.6569,-0.904176
397,0.450358,10.6569,-0.904176
400,-0.790607,0.583715,-0.497309
400,-0.879476,0.614073,-0.499297
400,-0.879936,0.614378,-0.499797
400,-0.856088,0.621216,-0.500398
400,-0.857643,0.715497,-0.511497
400,-0.784223,0.743259,-0.481285
400,-0.784672,0.743859,-0.481611
400,-0.717501,0.727875,-0.600922
400,-0.838943,0.836578,-0.44627
400,-0.603959,0.795546,-0.529307
400,-0.776093,0.847565,-0.51439
400,-0.668615,0.838149,-0.51626
400,-0.667718,0.839523,-0.517157
400,-0.568896,0.799735,-0.587126
400,-0.772274,0.856441,-0.517412
400,-0.77042,0.862078,-0.518436
400,-0.690275,0.853014,-0.518359
400,-0.691489,0.8532,-0.518719
400,-0.694008,0.853221,-0.520621
400,-0.560239,0.806781,-0.592472
400,-0.694163,0.854729,-0.520429
400,-0.682716,0.857694,-0.518052
400,-0.684547,0.857446,-0.51986
400,-0.691973,0.857476,-0.522271
400,-0.808436,0.857653,-0.648029
400,-0.808432,0.858689,-0.648376
400,-0.806927,0.928982,-0.53707
400,-0.629645,0.914522,-0.523908
400,-0.707708,0.954908,-0.52839
400,-0.843081,0.872147,-0.84577
400,-0.869625,1.06803,-0.571998
400,-0.869694,1.07355,-0.57309
400,-0.422854,1.01034,-0.599718
400,-0.822569,0.957075,-0.86888
400,-0.923634,1.1421,-0.615875
400,-0.828784,1.32525,-0.632753
400,-0.734188,1.38665,-0.651943
400,-0.522015,1.41717,-1.07764
400,-0.8473,1.63615,-0.707425
400,-0.610154,1.702,-0.686704
400,-0.603753,1.7432,-0.696587
400,0.219193,1.75288,-0.776278
400,-0.404937,1.94741,-0.718635
400,-0.217136,1.97751,-0.776094
400,-0.211585,1.99646,-0.778711
400,0.374655,2.19905,-0.88794
400,-0.777335,2.6484,-0.866994
400,-1.02108,4.56283,-1.42137
400,3.3116,4.94298,-1.38888
400,3.6074,5.36363,-1.45283
400,3.84369,6.51255,-1.25138
400,3.91039,6.60043,-1.25522
400,-2.39983,7.51451,-1.70129
400,-2.2247,9.41672,-0.802052
400,-2.17688,9.50068,-0.788262
400,1.42892,8.54624,-1.98514
400,-2.23152,9.57821,-0.800774
400,0.959699,9.21535,-0.854823
400,1.95132,9.10653,-1.18949
400,2.39448,8.80841,-2.07427
400,1.28132,9.582,-0.85812
400,1.11221,9.77069,-0.863076
400,2.50792,9.13309,-2.11479
400,-2.39308,10.286,-1.27703
400,1.60572,9.49764,-2.21082
400,2.61743,9.3948,-2.22022
400,1.6538,9.75748,-2.22574
400,-2.23996,10.9306,-0.880713
400,1.55636,10.3858,-1.25532
400,0.618518,10.6453,-0.933896
400,-5.78586,11.5828,-0.830013
392,-5.78586,11.5828,-0.830013
400,-4.58084,8.8531,-0.66951
392,-4.58084,8.8531,-0.66951
400,6.73713,12.5208,-0.156391
392,6.73713,12.5208,-0.156391
400,2.71751,10.4709,-1.2293
386,2.71751,10.4709,-1.2293
400,7.87711,10.6465,-1.52877
386,7.87711,10.6465,-1.52877
400,5.36345,9.70436,-1.56648
385,5.36345,9.70436,-1.56648
400,8.7136,15.8147,-0.0476418
388,8.7136,15.8147,-0.0476418
400,8.2751,15.0114,-0.0573323
388,8.2751,15.0114,-0.0573323
400,-1.45438,10.1399,-0.829274
388,-1.45438,10.1399,-0.829274
400,-0.943257,1.0106,-0.555561
391,-0.943257,1.0106,-0.555561
400,5.54776,11.8903,-0.54455
397,5.54776,11.8903,-0.54455
400,0.263012,8.80721,-0.809988
397,0.263012,8.80721,-0.809988
400,3.53499,11.0252,-1.68751
397,3.53499,11.0252,-1.68751
400,0.331318,9.68121,-0.845584
397,0.331318,9.68121,-0.845584
400,-0.923699,0.896493,-0.563854
393,-0.923699,0.896493,-0.563854
400,-0.907319,0.853867,-0.532142
393,-0.907319,0.853867,-0.532142
400,-0.866702,0.813238,-0.506157
393,-0.866702,0.813238,-0.506157
400,1.2279,9.38117,-1.89185
393,1.2279,9.38117,-1.89185
400,2.23628,8.87275,-1.17395
393,2.23628,8.87275,-1.17395
400,-0.924197,0.896855,-0.563869
393,-0.924197,0.896855,-0.563869
400,7.86017,14.2255,-0.0855992
393,7.86017,14.2255,-0.0855992
401,-0.878247,0.6158,-0.494994
401,-0.878372,0.616603,-0.494871
401,-0.878349,0.618226,-0.495197
401,-0.884129,0.670189,-0.485805
401,-0.621463,0.725741,-0.535165
401,-0.901159,0.788059,-0.494771
401,-0.905105,0.790837,-0.50785
401,-0.952975,0.819772,-0.485353
401,-0.848573,0.79937,-0.511415
401,-0.886565,0.814483,-0.500324
401,-0.894475,0.838312,-0.505427
401,-0.776975,0.843596,-0.507741
401,-0.776302,0.848579,-0.508187
401,-0.775562,0.850732,-0.509182
401,-1.03683,0.914814,-0.51121
401,-1.01584,0.953446,-0.511728
401,-1.02527,0.98732,-0.577213
401,-0.534529,1.02973,-0.989222
401,-1.32862,1.59683,-0.61857
401,-1.33296,1.61671,-0.624833
401,-1.71919,2.47951,-0.774506
401,-0.995819,2.16824,-1.57881
401,-0.626634,3.20979,-1.62037
401,-0.617626,3.3049,-1.63112
401,-0.620218,3.32195,-1.67163
401,-0.619185,3.33611,-1.65196
401,-2.09776,8.9486,-0.770224
401,-2.14165,8.97909,-0.772429
401,-2.1589,8.9787,-0.799412
401,1.08818,8.98386,-0.815006
401,-1.51933,9.8244,-0.838933
401,0.981731,9.47772,-0.847954
401,-1.50612,9.94741,-0.846857
401,-2.17809,9.78007,-1.90075
401,1.12294,9.76469,-0.875817
401,1.07696,9.86831,-0.860361
401,-2.5108,10.0758,-1.95013
401,1.41687,9.92326,-1.2096
401,-2.19496,10.6119,-0.865468
401,-2.25154,10.4303,-1.95442
401,2.31991,10.2261,-1.28087
401,1.57004,10.4746,-1.25086
401,-2.5693,11.0536,-1.35566
401,-2.54371,11.1417,-1.32674
401,-2.55024,11.3106,-1.39015
401,-1.1927,11.1301,-1.93515
401,-2.78129,11.4015,-2.10716
401,-1.54748,11.9192,-0.867256
401,0.731232,11.698,-0.9681
401,-2.37521,12.4632,-1.52074
401,1.0638,12.374,-1.819
401,-1.26714,13.2396,-2.26317
401,7.02132,9.66252,-1.42162
387,7.02132,9.66252,-1.42162
401,7.12612,13.2681,-0.142048
387,7.12612,13.2681,-0.142048
401,4.99726,9.17641,-1.47388
388,4.99726,9.17641,-1.47388
401,8.63235,15.623,-0.0634996
388,8.63235,15.623,-0.0634996
401,-1.82955,8.68116,-0.799387
394,-1.82955,8.68116,-0.799387
401,-1.84336,8.76153,-0.787541
394,-1.84336,8.76153,-0.787541
401,12.4264,31.1015,-0.032893
393,12.4264,31.1015,-0.032893
401,-0.877024,0.870815,-0.547925
393,-0.877024,0.870815,-0.547925
401,7.81453,14.1765,-0.0796111
393,7.81453,14.1765,-0.0796111
401,-1.74615,10.7946,-1.0085
385,-1.74615,10.7946,-1.0085
401,6.36566,8.8653,-1.31956
391,6.36566,8.8653,-1.31956
401,7.69292,14.056,-0.422104
391,7.69292,14.056,-0.422104
402,-0.865041,0.606097,-0.46465
402,-0.868051,0.613935,-0.460406
402,-0.867765,0.614873,-0.461277
402,-0.867856,0.615331,-0.461652
402,-0.857276,0.798331,-0.465357
402,-0.838271,0.793739,-0.477892
402,-0.87466,0.810181,-0.46607
402,-0.821114,0.810665,-0.463448
402,-0.854388,0.80541,-0.49001
402,-0.765323,0.842553,-0.475295
402,-0.76309,0.846481,-0.475827
402,-0.765371,0.848318,-0.475801
402,-0.828911,0.858288,-0.475097
402,-0.764491,0.848899,-0.476356
402,-0.761602,0.848714,-0.476677
402,-0.680393,0.847638,-0.478434
402,-0.680109,0.848523,-0.478634
402,-0.677054,0.852207,-0.479205
402,-0.677611,0.85777,-0.482269
402,-1.01236,0.947748,-0.478909
402,-1.01296,0.948284,-0.479424
402,-0.767791,0.949172,-0.483276
402,-0.588574,0.876361,-0.736717
402,-0.452424,1.07671,-0.598643
402,-1.34292,1.65207,-0.60075
402,-0.638094,1.67307,-0.723303
402,-0.636217,3.19271,-1.59743
402,-0.631873,3.22276,-1.57993
402,-0.626669,3.26426,-1.5993
402,1.64236,8.23812,-1.10891
402,5.59276,7.98338,-1.5457
402,-2.25073,9.58206,-0.775425
402,0.972114,9.58807,-0.863933
402,0.918565,9.72707,-0.902332
402,-1.48899,10.1938,-0.837689
402,1.10112,9.88857,-0.852672
402,5.69257,8.95621,-1.53698
402,1.39629,9.82413,-1.18828
402,-2.4203,10.452,-1.26925
402,-1.69652,10.5404,-0.972696
402,-1.55999,10.7271,-0.910737
402,-2.15884,10.8082,-0.927131
402,-2.09578,10.9957,-0.866788
402,5.58445,9.653,-1.54891
402,1.54613,10.3953,-1.23675
402,1.50603,10.1052,-2.02373
402,-2.57404,10.7073,-2.11634
402,-2.50532,11.094,-1.3375
402,0.674827,11.0636,-0.923804
402,-1.80428,11.4241,-0.986746
402,-1.56832,11.4673,-0.908686
402,6.31757,13.3113,-0.562655
392,6.31757,13.3113,-0.562655
402,0.680636,7.80434,-0.748154
392,0.680636,7.80434,-0.748154
402,15.7434,38.7326,0.00605872
393,15.7434,38.7326,0.00605872
402,8.35561,15.0395,-0.0704028
393,8.35561,15.0395,-0.0704028
402,9.74518,17.3197,-0.0810824
393,9.74518,17.3197,-0.0810824
402,4.99016,9.14448,-1.46838
387,4.99016,9.14448,-1.46838
402,7.10289,9.75055,-1.43388
387,7.10289,9.75055,-1.43388
402,9.2562,16.5561,-0.059507
388,9.2562,16.5561,-0.059507
402,6.32347,8.81612,-1.31239
391,6.32347,8.81612,-1.31239
403,-0.843916,0.605899,-0.441054
403,-0.856504,0.616965,-0.439432
403,-0.855437,0.616641,-0.440036
403,-0.856155,0.619642,-0.440794
403,-0.828744,0.707433,-0.448653
403,-0.828833,0.708143,-0.448882
403,-0.830385,0.717394,-0.452409
403,-0.821056,0.764185,-0.468026
403,-0.84562,0.803128,-0.445041
403,-0.827755,0.797937,-0.458536
403,-0.863025,0.814921,-0.445751
403,-0.809974,0.812684,-0.442597
403,-0.87179,0.850751,-0.455857
403,-0.753485,0.847875,-0.455257
403,-0.751657,0.850558,-0.45552
403,-0.753829,0.852727,-0.45557
403,-0.753026,0.853071,-0.456074
403,-0.817264,0.863196,-0.454946
403,-0.750093,0.853028,-0.456428
403,-0.646644,0.838694,-0.455306
403,-0.644266,0.839611,-0.457314
403,-0.752847,0.855828,-0.457044
403,-0.644042,0.841436,-0.457017
403,-0.971025,0.892413,-0.4475
403,-0.668678,0.852486,-0.458365
403,-0.668416,0.853331,-0.458558
403,-0.665479,0.8568,-0.45909
403,-0.661104,0.859685,-0.45847
403,-0.65958,0.861467,-0.459649
403,-0.840593,0.908958,-0.469187
403,-0.509319,0.820843,-0.575319
403,-1.0005,0.950968,-0.458477
403,-1.00145,0.952883,-0.459245
403,-0.75953,0.943464,-0.463213
403,-0.838498,0.969262,-0.463291
403,-0.798265,1.31731,-0.747756
403,-0.305166,1.39089,-0.675588
403,-0.282786,1.43144,-0.687766
403,-0.727949,1.5513,-0.845041
403,0.109853,2.6689,-1.02646
403,-2.24861,9.61619,-0.772617
403,1.97854,9.19889,-1.17666
403,5.64827,8.83909,-1.52117
403,-1.47951,10.1476,-0.833018
403,0.934286,9.77873,-0.903882
403,1.1311,10.0048,-0.8577
403,-1.68407,10.4648,-0.966212
403,-2.20423,10.8144,-0.852189
403,-1.55632,10.7663,-0.911323
403,0.899463,10.4767,-0.867498
403,-2.08725,10.9763,-0.864498
403,1.55694,10.3496,-1.22879
403,0.166636,7.41658,-0.734552
393,0.166636,7.41658,-0.734552
403,17.9782,43.842,0.0314907
393,17.9782,43.842,0.0314907
403,1.60235,7.11645,-0.978353
393,1.60235,7.11645,-0.978353
403,5.78644,11.0033,-0.160099
393,5.78644,11.0033,-0.160099
403,7.02398,12.9851,-0.143606
393,7.02398,12.9851,-0.143606
403,1.22056,6.83944,-0.943436
393,1.22056,6.83944,-0.943436
403,0.6254,7.51562,-0.729256
393,0.6254,7.51562,-0.729256
403,12.0293,20.9581,-0.0428421
393,12.0293,20.9581,-0.0428421
403,7.18217,9.83914,-1.44602
387,7.18217,9.83914,-1.44602
403,5.25384,15.2376,-0.126619
387,5.25384,15.2376,-0.126619
403,6.53122,9.05469,-1.34056
391,6.53122,9.05469,-1.34056
403,4.15787,7.88544,-1.30701
392,4.15787,7.88544,-1.30701
403,10.5044,26.6239,-0.522048
392,10.5044,26.6239,-0.522048
403,-0.703376,11.0893,0.0302237
386,-0.703376,11.0893,0.0302237
403,10.4081,18.8441,-0.377713
386,10.4081,18.8441,-0.377713
404,-0.580059,0.764289,-0.475185
404,-0.824387,0.835262,-0.438191
404,-0.851502,0.876798,-0.444637
404,-0.733594,0.88747,-0.448721
404,-0.797216,0.898115,-0.448078
404,-0.733694,0.889081,-0.449504
404,-0.982398,0.989483,-0.452594
404,-0.981193,0.990812,-0.453886
404,-0.819875,1.0118,-0.457962
404,-0.441897,0.942724,-0.507623
404,-0.491142,1.10016,-0.881636
404,-0.455258,1.17196,-1.00244
404,-0.606668,1.70842,-0.69807
404,-0.966166,2.2427,-1.1551
404,0.154086,2.75497,-1.03803
404,-2.22362,9.5822,-0.77036
404,6.20613,8.11901,-1.67934
404,5.94323,8.47078,-1.61178
404,-1.46515,10.1816,-0.835332
404,5.70076,8.92639,-1.53811
404,1.1342,9.98778,-0.860441
404,2.1901,9.83993,-1.23915
404,-1.67258,10.53,-0.970504
404,-1.54273,10.8057,-0.914493
404,-2.07255,11.0037,-0.866626
404,1.56649,10.369,-1.23375
404,0.660108,10.7583,-0.906762
404,-2.49094,11.158,-1.34076
404,0.707893,11.1964,-0.936142
404,-2.60588,11.5462,-1.39036
404,1.40902,11.2226,-0.918543
404,3.24496,10.6541,-2.00532
404,-5.65751,12.996,-1.91598
404,3.08617,12.5273,-1.45983
404,3.6915,12.5944,-1.50544
404,-7.27588,15.0848,-0.906373
404,5.30308,9.61726,-1.53904
384,5.30308,9.61726,-1.53904
404,7.72275,10.4834,-1.52214
384,7.72275,10.4834,-1.52214
404,6.40721,17.7296,-0.125707
388,6.40721,17.7296,-0.125707
404,5.76877,16.4743,-0.134126
388,5.76877,16.4743,-0.134126
404,8.97139,23.1186,-0.479236
392,8.97139,23.1186,-0.479236
404,4.71287,11.397,-1.55619
392,4.71287,11.397,-1.55619
404,7.55374,13.8307,-0.147552
392,7.55374,13.8307,-0.147552
404,10.333,18.3603,-0.143544
383,10.333,18.3603,-0.143544
404,22.3517,54.0628,0.0995131
393,22.3517,54.0628,0.0995131
404,6.66408,12.4062,-0.148861
393,6.66408,12.4062,-0.148861
404,6.8066,9.38312,-1.38589
391,6.8066,9.38312,-1.38589
405,-0.815522,0.637492,-0.424881
405,-0.778572,0.635223,-0.428315
405,-0.828232,0.661976,-0.431186
405,-0.833038,0.666153,-0.43226
405,-0.833746,0.669257,-0.433071
405,-0.816073,0.68266,-0.432355
405,-0.82755,0.706942,-0.452595
405,-0.829091,0.745911,-0.43378
405,-0.659406,0.821362,-0.434952
405,-0.803695,0.845384,-0.449487
405,-0.840815,0.864403,-0.438334
405,-0.787619,0.862935,-0.435373
405,-0.72841,0.900068,-0.448261
405,-0.625098,0.88729,-0.447879
405,-0.79427,0.912311,-0.447579
405,-0.727823,0.902882,-0.44925
405,-0.622609,0.888396,-0.44993
405,-0.622201,0.89052,-0.449709
405,-0.646655,0.901821,-0.451122
405,-0.646424,0.902611,-0.451304
405,-0.643206,0.906612,-0.451968
405,-0.638884,0.909406,-0.451335
405,-0.815152,0.943153,-0.457616
405,-0.818367,0.959945,-0.462316
405,-0.65107,0.951666,-0.455402
405,-0.819492,0.976694,-0.466551
405,-0.825167,1.00529,-0.472803
405,-0.824776,1.00833,-0.473713
405,-0.841493,1.07861,-0.512792
405,-0.767551,1.0657,-0.645789
405,-0.859945,1.21682,-0.518006
405,-0.444097,1.22303,-0.951417
405,0.447212,2.24501,-0.927856
405,-1.72782,2.64521,-0.74657
405,2.25524,8.94118,-1.66518
405,-1.46664,10.2046,-0.843396
405,2.11876,9.63684,-1.22445
405,1.12919,9.98149,-0.865735
405,-1.67581,10.5706,-0.980159
405,-2.19352,10.8781,-0.863561
405,-1.54223,10.7951,-0.92134
405,-2.54023,10.542,-2.13127
405,1.59214,10.4907,-1.24987
405,0.665298,10.8145,-0.916265
405,-2.49421,11.1845,-1.35089
405,30.1482,71.8899,0.0598523
391,30.1482,71.8899,0.0598523
405,7.25233,9.927,-1.46777
391,7.25233,9.927,-1.46777
405,6.91914,9.52121,-1.40454
391,6.91914,9.52121,-1.40454
405,0.951156,9.11589,-0.814266
391,0.951156,9.11589,-0.814266
405,5.09072,9.31506,-1.49437
388,5.09072,9.31506,-1.49437
405,10.0298,17.7813,-0.0617649
388,10.0298,17.7813,-0.0617649
405,6.60595,18.2118,-0.129386
388,6.60595,18.2118,-0.129386
405,5.9583,16.9409,-0.137551
388,5.9583,16.9409,-0.137551
405,2.13688,8.49284,-1.11968
392,2.13688,8.49284,-1.11968
405,14.919,36.8341,-0.658569
392,14.919,36.8341,-0.658569
405,8.45814,17.1622,-0.667394
392,8.45814,17.1622,-0.667394
405,8.10232,14.7127,-0.143173
392,8.10232,14.7127,-0.143173
405,0.242096,8.15473,-0.774411
392,0.242096,8.15473,-0.774411
406,-0.818567,0.651141,-0.429093
406,-0.782128,0.649698,-0.432946
406,-0.832998,0.676821,-0.437388
406,-0.836493,0.680109,-0.435966
406,-0.836656,0.680392,-0.436808
406,-0.837392,0.683281,-0.437525
406,-0.816211,0.692027,-0.435741
406,-0.809909,0.772164,-0.446146
406,-0.811884,0.776682,-0.448315
406,-0.811783,0.780989,-0.449565
406,-0.589045,0.78456,-0.475979
406,-0.734378,0.829549,-0.43447
406,-0.802012,0.826941,-0.465118
406,-0.807251,0.860111,-0.456761
406,-0.914927,0.896544,-0.430351
406,-0.791183,0.877922,-0.440509
406,-0.735207,0.911199,-0.452965
406,-0.798382,0.923923,-0.452071
406,-0.80123,0.884198,-0.550659
406,-0.628481,0.902246,-0.453163
406,-0.626145,0.903101,-0.455161
406,-0.62581,0.90511,-0.454916
406,-0.651312,0.916265,-0.456297
406,-0.64982,0.917616,-0.456617
406,-0.654671,0.966353,-0.460724
406,-0.982227,1.01484,-0.456375
406,-0.983305,1.01723,-0.45724
406,-0.982115,1.01862,-0.458546
406,-0.820693,1.04142,-0.463045
406,-0.752915,1.09014,-0.529839
406,-0.520083,1.07419,-0.911613
406,-1.05596,1.20983,-0.888055
406,-0.847811,1.42768,-0.784933
406,-0.630545,1.78845,-0.710286
406,-0.61432,2.23871,-0.881162
406,-0.683233,2.38879,-1.18035
406,2.09521,4.05354,-1.05914
406,4.24813,7.11387,-1.2935
406,0.991232,9.68611,-0.897356
406,5.56225,8.78807,-1.54177
406,2.04259,9.43995,-1.2269
406,-1.4726,10.1945,-0.863651
406,1.1343,10.0557,-0.891835
406,-1.68121,10.5559,-1.00039
406,-1.55018,10.8114,-0.943997
406,-2.21105,10.9668,-0.889545
406,-2.54353,10.5221,-2.14718
406,-5.25065,11.6586,-0.699262
406,5.39924,9.77781,-1.57486
388,5.39924,9.77781,-1.57486
406,-0.385138,1.27092,-0.545038
388,-0.385138,1.27092,-0.545038
406,11.3365,19.8569,-0.0693829
388,11.3365,19.8569,-0.0693829
406,6.86408,19.1311,-0.151436
388,6.86408,19.1311,-0.151436
406,7.51976,20.3876,-0.144479
388,7.51976,20.3876,-0.144479
406,-5.57528,11.1627,-0.801248
387,-5.57528,11.1627,-0.801248
406,8.89349,16.036,-0.171525
387,8.89349,16.036,-0.171525
406,89.9678,209.66,0.412695
391,89.9678,209.66,0.412695
406,8.12633,10.9278,-1.59774
391,8.12633,10.9278,-1.59774
406,12.0054,20.9879,-0.0885321
391,12.0054,20.9879,-0.0885321
406,-2.45373,10.7448,-1.33964
391,-2.45373,10.7448,-1.33964
406,1.13548,10.0184,-0.88377
391,1.13548,10.0184,-0.88377
406,2.55398,9.62852,-1.25021
392,2.55398,9.62852,-1.25021
406,13.9091,34.5525,-0.716914
392,13.9091,34.5525,-0.716914
406,11.4567,22.55,-0.821964
392,11.4567,22.55,-0.821964
406,0.371134,9.10098,-0.845654
392,0.371134,9.10098,-0.845654
406,7.52477,17.095,-2.25465
386,7.52477,17.095,-2.25465
