1403636859051666432.000000 -0.297199130 0.252220958 0.097169191 -0.623936594 -0.522478223 -0.421826065 0.399727881
1403636862001666560.000000 -0.226072580 0.239390999 0.264139861 -0.653911769 -0.526664078 -0.416428596 0.348728567
1403636864601666560.000000 -0.228335157 0.248500228 0.540074050 -0.654008210 -0.501101613 -0.441716820 0.355044603
1403636866201666560.000000 -0.244595662 0.256967485 0.566727579 -0.637278199 -0.486990005 -0.464878231 0.374973923
1403636868951666432.000000 -0.300353080 0.120726615 0.307434678 -0.742650390 -0.566876590 -0.273257196 0.229023993
1403636871851666432.000000 -0.056806006 0.151563138 0.295006156 -0.765063107 -0.528808534 -0.286037892 0.230699912
1403636874101666560.000000 0.145096675 0.134750023 0.250131965 -0.780694664 -0.515012562 -0.282503963 0.213235617
1403636876151666432.000000 -0.249568552 -0.039882928 0.237179175 -0.848263979 -0.361944318 -0.331620157 0.198677376
1403636876301666560.000000 -0.177620530 -0.064366758 0.241567791 -0.857971549 -0.336370170 -0.342367798 0.183096081
1403636876501666560.000000 -0.056897689 -0.051564336 0.239439756 -0.866235495 -0.320969701 -0.346768409 0.162376493
1403636876701666560.000000 0.060200922 0.015151903 0.245155692 -0.851549983 -0.335013807 -0.368453801 0.163921073
1403636876951666432.000000 0.118419111 0.155152947 0.252305031 -0.819340348 -0.389280200 -0.375707477 0.189700022
1403636878451666432.000000 -0.266972780 0.035123751 0.207892299 -0.791339993 -0.479238302 -0.295276612 0.238586381
1403636878651666432.000000 -0.149127871 -0.004837722 0.217351437 -0.812935174 -0.438298851 -0.318922877 0.212881759
1403636879051666432.000000 0.075265959 0.051934958 0.244018480 -0.822795093 -0.408811659 -0.344872564 0.192208871
1403636879251666432.000000 0.132101059 0.131880432 0.258779049 -0.809809744 -0.413012683 -0.360703379 0.208618939
1403636880651666432.000000 -0.200655192 0.001610398 0.320364118 -0.780994654 -0.463176072 -0.352369994 0.226607129
1403636881051666432.000000 -0.339303672 -0.049017098 0.333099514 -0.774312615 -0.474354029 -0.341499269 0.242500335
1403636881251666432.000000 -0.396885395 0.003763705 0.335634857 -0.744337440 -0.504926383 -0.339110613 0.275708377
1403636881451666432.000000 -0.402935594 0.083797105 0.341324270 -0.718639851 -0.535549045 -0.333619297 0.292304933
1403636882701666560.000000 -0.073403522 0.205005959 0.226656437 -0.694209337 -0.527874351 -0.375917524 0.313222051
1403636885401666560.000000 -0.129649967 0.377351165 0.043816268 -0.544367671 -0.584413588 -0.390233666 0.458085448
1403636888251666432.000000 -0.130329207 0.379552722 0.040460665 -0.544417977 -0.583184779 -0.390321672 0.459514648
1403636890901666560.000000 -0.134822696 0.382633209 0.040181510 -0.544401407 -0.582814336 -0.391496450 0.459004521
1403636893801666560.000000 -0.125262678 0.384486645 0.038662031 -0.543777525 -0.583547354 -0.390605897 0.459571183
1403636896351666432.000000 -0.134467334 0.384714574 0.044391401 -0.544754148 -0.584559619 -0.390360087 0.457331389
1403636899001666560.000000 -0.058966540 0.360929728 0.280941993 -0.552542627 -0.617482066 -0.367526144 0.422299922
1403636901501666560.000000 0.529508710 0.815633178 0.477513313 -0.617682099 -0.542751968 -0.420736104 0.383236706
1403636902751666432.000000 1.165955782 1.083192110 0.360392123 -0.614111841 -0.542115331 -0.436206520 0.372426659
1403636905701666560.000000 2.450604439 1.729504585 0.705185711 -0.610121906 -0.556276321 -0.430614591 0.364525765
1403636908301666560.000000 3.144273996 2.966243505 0.750243485 -0.594268322 -0.566108644 -0.416909695 0.390579671
1403636908751666432.000000 3.309430122 3.247760057 0.731340885 -0.593238950 -0.574820340 -0.406690121 0.390195161
1403636911551666432.000000 4.146430016 5.130800247 0.651611030 -0.590516984 -0.572252333 -0.412081152 0.392436087
1403636913051666432.000000 4.568206787 5.912100315 0.531147420 -0.594731152 -0.559411645 -0.414140403 0.402294815
1403636914251666432.000000 5.123183727 6.385320663 0.456129789 -0.595164657 -0.561020434 -0.414536625 0.398991764
1403636916251666432.000000 5.951928139 7.026504993 0.547509551 -0.590262353 -0.566499889 -0.422826499 0.389725536
1403636919201666560.000000 6.395973682 7.642297745 0.588710070 -0.690457225 -0.428506434 -0.474172294 0.338838875
1403636922051666432.000000 6.743884563 7.142121792 0.650449812 -0.701193392 -0.428448021 -0.487802118 0.294634283
1403636924401666560.000000 7.004226685 6.983818531 0.409590840 -0.753390372 -0.351997823 -0.505456328 0.230248287
1403636925351666432.000000 7.390509605 7.202510357 0.337189287 -0.754401326 -0.332919121 -0.521729529 0.218727916
1403636925701666560.000000 7.569541931 7.263456345 0.246533185 -0.773953438 -0.336322665 -0.498480558 0.198495254
1403636928601666560.000000 9.327027321 8.020594597 0.059461176 -0.787416875 -0.219284981 -0.556564212 0.148745015
1403636931501666560.000000 10.845988274 8.098581314 0.297122121 -0.782723844 -0.188372806 -0.579144180 0.128261566
1403636934301666560.000000 9.975547791 7.375960350 0.356857181 -0.812866032 -0.046763245 -0.579391181 0.036984742
1403636937001666560.000000 9.059866905 6.497931957 0.402614176 0.817992449 -0.061747521 0.569672346 0.050487623
1403636938751666432.000000 8.788402557 6.251818180 0.391580313 0.812762678 -0.140559331 0.563829899 0.041902814
1403636939001666560.000000 8.549474716 6.201023102 0.373368442 0.815987110 -0.124416895 0.560325205 0.068710327
1403636939751666432.000000 8.091363907 5.863649368 0.285402030 0.798156142 -0.105227746 0.589151561 0.069097109
1403636940001666560.000000 7.922895908 5.761384487 0.290855885 0.799582124 -0.113213696 0.585938692 0.067282401
1403636940251666432.000000 7.735885620 5.661859512 0.263466358 0.803217351 -0.133643985 0.576008379 0.072080366
1403636942201666560.000000 6.368410587 4.707230091 0.309839129 0.806076765 -0.126036093 0.572190881 0.083383955
1403636945151666432.000000 4.959290028 3.360847235 0.227632731 0.808788657 -0.081725247 0.577817082 0.072865769
1403636948001666560.000000 4.540813923 3.297029734 -0.300424337 0.824328184 -0.099060833 0.549314618 0.094463736
1403636948551666432.000000 4.749910355 3.246807098 -0.424235851 0.824078619 -0.077121742 0.551034570 0.106337279
1403636949151666432.000000 5.083611965 3.424903393 -0.497222632 0.805691183 -0.093914732 0.581524014 0.062221933
1403636950201666560.000000 5.457406998 3.753571033 -0.610603929 0.827927589 -0.095673211 0.549934924 0.054351728
1403636950801666560.000000 5.741473198 3.849267960 -0.643381774 0.813947737 -0.082385950 0.570453703 0.072691925
1403636953551666432.000000 7.132732391 4.544015408 -0.901630878 0.819904089 -0.086554214 0.562459588 0.062490184
1403636954051666432.000000 7.400295734 4.655002117 -0.864841461 0.824496388 -0.073970832 0.556605995 0.070169352
1403636955101666560.000000 8.166323662 5.054228783 -0.874671519 0.813569963 -0.093827806 0.567775369 0.083255477
1403636955301666560.000000 8.325644493 5.144838810 -0.923407257 0.811984122 -0.099574253 0.568060219 0.089857675
1403636955701666560.000000 8.614993095 5.354125977 -0.962556541 0.810039759 -0.108947352 0.567746103 0.098134965
1403636956401666560.000000 9.072276115 5.733905792 -0.975397587 0.806075096 -0.130001813 0.571020961 0.085308552
1403636956651666432.000000 9.216897964 5.843960285 -0.991146505 0.801175117 -0.112792037 0.581895053 0.082429849
1403636956901666560.000000 9.327361107 5.957957268 -1.035598516 0.807166219 -0.078737825 0.584318638 0.029236410
1403636958401666560.000000 9.758586884 6.367481709 -1.096110225 -0.788338423 -0.224679127 -0.550083101 0.159532115
1403636961151666432.000000 10.118021011 7.065084934 -1.324303508 -0.755142689 -0.309705138 -0.537189364 0.212767035
1403636963701666560.000000 9.364953995 7.619813442 -0.899264216 -0.589449406 -0.561840057 -0.428287715 0.391732931
1403636964101666560.000000 9.150387764 7.585824013 -0.799127281 -0.591742396 -0.557571709 -0.434714198 0.387270510
1403636964601666560.000000 8.857192993 7.507483006 -0.703764975 -0.578426898 -0.568320394 -0.440658361 0.385038465
1403636964851666432.000000 8.680793762 7.446675301 -0.714419007 -0.551502168 -0.594220221 -0.431002855 0.396212488
1403636967651666432.000000 6.415679455 6.447799683 -0.330887288 -0.517016530 -0.616138041 -0.388882875 0.449263901
1403636968551666432.000000 5.901496410 5.770504951 -0.546565056 -0.521719456 -0.614057958 -0.384150386 0.450743914
1403636968951666432.000000 5.674343109 5.390129089 -0.528714776 -0.518758833 -0.618863761 -0.390062690 0.442434132
1403636969351666432.000000 5.442414761 4.977630138 -0.462586969 -0.532505751 -0.626531482 -0.371617258 0.431041270
1403636969601666560.000000 5.312119484 4.742864132 -0.420920342 -0.535792947 -0.630599618 -0.369565636 0.422718883
1403636972351666432.000000 4.072979927 3.530827045 -0.617407978 -0.536016285 -0.620467901 -0.358699948 0.446139604
1403636972801666560.000000 4.069313049 3.473510265 -0.541456282 -0.530037880 -0.621560276 -0.370698243 0.441933900
1403636973751666432.000000 4.087344170 3.398352861 -0.683548629 -0.558183372 -0.593867064 -0.401426136 0.417863935
1403636976351666432.000000 4.210580349 3.365125418 -0.827077091 -0.753036976 -0.306254923 -0.521291316 0.259612352
1403636978251666432.000000 4.810845852 3.169150829 -1.159299135 -0.780160069 -0.247084185 -0.546131909 0.178996176
1403636978551666432.000000 4.932256222 3.102871656 -1.140147328 -0.791641891 -0.251561075 -0.531296551 0.166565388
1403636979601666560.000000 5.495290756 3.132460594 -1.271809697 -0.794039667 -0.252655685 -0.528901160 0.161027506
1403636979851666432.000000 5.648032665 3.191568375 -1.270689845 -0.791920483 -0.249177828 -0.534397960 0.158717260
1403636980551666432.000000 6.093818665 3.471412659 -1.304765701 -0.777348161 -0.231776848 -0.559487820 0.170243338
1403636981701666560.000000 6.649221897 3.892481804 -1.447890759 -0.784348845 -0.236431986 -0.552307546 0.154445067
1403636982201666560.000000 6.879043102 4.079162121 -1.428711295 -0.806769907 -0.234309882 -0.523670256 0.141388774
1403636982501666560.000000 7.064202309 4.222802162 -1.415649772 -0.794921756 -0.221490964 -0.540631711 0.163580120
1403636985051666432.000000 8.970685005 5.720076084 -1.425778627 -0.784469247 -0.220693439 -0.559479475 0.151278332
1403636987901666560.000000 9.366719246 7.756324768 -1.271152139 -0.758394659 -0.260215402 -0.566766441 0.189476058
1403636990551666432.000000 8.124111176 6.676797867 -0.899371505 -0.769216478 -0.265182734 -0.552173257 0.181903183
1403636993201666560.000000 6.586864948 5.125394821 -0.766569912 -0.775559723 -0.244438291 -0.556679785 0.169895723
1403636993601666560.000000 6.380474091 4.983775139 -0.681870699 -0.755763531 -0.296525836 -0.543868601 0.212369740
1403636994101666560.000000 6.115666866 4.798963070 -0.606774390 -0.734723985 -0.332952350 -0.542536139 0.234473705
1403636994401666560.000000 5.944138527 4.678351402 -0.636948884 -0.720873475 -0.329992801 -0.559308827 0.242115185
1403636997001666560.000000 4.163613319 2.958731890 -0.292382360 -0.704677105 -0.423970252 -0.488448858 0.291714311
1403636998951666432.000000 3.504451513 2.385372639 0.109515518 -0.670643270 -0.451195419 -0.498577625 0.313178241
1403636999451666432.000000 3.339725018 2.327748060 0.188182235 -0.675954521 -0.450432032 -0.493542016 0.310825914
1403637000451666432.000000 2.873790741 2.116654634 0.210653692 -0.676258504 -0.449691653 -0.494891465 0.309086323
1403637001451666432.000000 2.254521847 1.801205516 0.291008919 -0.681778014 -0.443212509 -0.490860522 0.312725663
1403637002451666432.000000 1.631824493 1.360022306 0.292051077 -0.686452627 -0.443732500 -0.488587022 0.305232853
1403637003401666560.000000 1.067715049 1.052122831 0.284565747 -0.688829660 -0.434977442 -0.493787825 0.304108411
1403637003751666432.000000 0.863767564 0.936239839 0.321790189 -0.690987408 -0.431705207 -0.492968053 0.305203944
1403637004051666432.000000 0.693392634 0.827899754 0.337572545 -0.693621814 -0.440403789 -0.485467851 0.298754394
1403637004351666432.000000 0.529527545 0.730185091 0.324920803 -0.693193734 -0.444449037 -0.482514322 0.298542202
1403637004701666560.000000 0.351101786 0.639723063 0.392030507 -0.694378316 -0.428339750 -0.486354202 0.312767237
1403637005101666560.000000 0.189007610 0.532918870 0.371387661 -0.703994095 -0.424739510 -0.480653435 0.304894954
1403637005401666560.000000 0.106292158 0.453769445 0.299041659 -0.701514781 -0.431187481 -0.484606504 0.295145810
1403637005901666560.000000 -0.020357531 0.351852268 0.271591306 -0.698208153 -0.436149329 -0.481989145 0.299942791
1403637006401666560.000000 -0.118888929 0.282239050 0.291336298 -0.705026269 -0.436887771 -0.471349180 0.299828529
1403637006901666560.000000 -0.158773690 0.259284228 0.276471257 -0.675748944 -0.462544769 -0.467229933 0.333334446
1403637007201666560.000000 -0.160328671 0.258353680 0.241702199 -0.641780078 -0.506258428 -0.454737008 0.353602946
1403637007501666560.000000 -0.154735416 0.247401074 0.180616900 -0.621437609 -0.519629478 -0.460556418 0.362888724
1403637007801666560.000000 -0.165219843 0.218434006 0.126288056 -0.634993792 -0.528571546 -0.442233980 0.349033207
1403637008101666560.000000 -0.197635993 0.194426462 0.113815874 -0.635271609 -0.512687922 -0.449372679 0.362829626
1403637008401666560.000000 -0.220049202 0.178322017 0.114453822 -0.648627996 -0.521150887 -0.438086271 0.340241045
1403637008801666560.000000 -0.253588915 0.218814373 0.144088820 -0.654009700 -0.494623274 -0.438326031 0.368089020
1403637009101666560.000000 -0.243406832 0.247481734 0.135860041 -0.656908095 -0.496829718 -0.438182652 0.360038996
1403637009301666560.000000 -0.211028874 0.262665808 0.112857908 -0.645686924 -0.511433184 -0.455370873 0.337878466
1403637009601666560.000000 -0.184059799 0.264730394 0.243992195 -0.617883861 -0.480687648 -0.442767084 0.437168390
1403637009801666560.000000 -0.169737101 0.236742690 0.352340311 -0.611846983 -0.463931292 -0.463239402 0.442515939
1403637010101666560.000000 -0.119622946 0.140001282 0.499979317 -0.609657586 -0.465403587 -0.464062721 0.443128467
1403637010251666432.000000 -0.081715837 0.062993348 0.575491190 -0.609572053 -0.465553105 -0.463644922 0.443526477
1403637010501666560.000000 0.000756398 -0.105419829 0.698974371 -0.609739900 -0.466019422 -0.463105500 0.443369389
