1413393889605760512.000000 0.316948712 0.110594213 0.820194066 -0.609662354 -0.547991574 -0.417661220 0.391887933
1413393892405760512.000000 -0.395751387 -0.695985913 1.245183587 -0.613005161 -0.548871160 -0.426841080 0.375195771
1413393893105760512.000000 -0.731852293 -1.403787851 1.161502957 -0.654542744 -0.586743712 -0.363287002 0.308752537
1413393893405760512.000000 -0.872354686 -1.388575554 1.188188672 -0.649491072 -0.570476472 -0.373868227 0.336066365
1413393893555760384.000000 -0.934287310 -1.313294053 1.210559130 -0.652943194 -0.561366260 -0.369433463 0.349359483
1413393894955760384.000000 -0.788262486 0.328569144 1.276800275 -0.614418089 -0.534139633 -0.422885299 0.397936314
1413393895305760512.000000 -0.636857092 0.760639608 1.243113995 -0.606689870 -0.535493851 -0.429225862 0.401171952
1413393895405760512.000000 -0.593842745 0.874878645 1.229905963 -0.603966177 -0.533656895 -0.432935178 0.403735548
1413393895505760512.000000 -0.550390184 0.982923031 1.206874609 -0.603728652 -0.531306684 -0.436387420 0.403473556
1413393898055760384.000000 0.528122067 1.885079980 1.270346880 -0.807900906 -0.124095514 -0.575515270 0.026052443
1413393899605760512.000000 0.710336685 2.597474813 1.576840162 -0.674680352 0.004542831 -0.737446249 0.030966988
1413393899755760384.000000 0.633167207 2.622539043 1.611047506 -0.707161844 0.015845068 -0.703321278 0.070782930
1413393902655760384.000000 0.686262846 1.828478456 1.390829802 -0.815740705 -0.022523623 -0.577360034 -0.026744077
1413393905155760384.000000 2.393596649 1.995914936 1.671784163 0.764967382 -0.278304756 0.529817402 0.238043755
1413393905405760512.000000 2.559866667 1.899722338 1.604445338 0.725373864 -0.349106848 0.531461835 0.263639152
1413393908105760512.000000 2.945043087 1.179148078 0.913557827 0.557530403 -0.575554371 0.415652901 0.430266976
1413393908455760384.000000 2.996901274 1.250572443 0.815588534 0.554512560 -0.574302435 0.415140778 0.436292052
1413393908855760384.000000 3.061736584 1.387040615 0.747090697 0.521398485 -0.608117700 0.449507028 0.395322561
1413393910005760512.000000 3.044470787 1.939583182 0.686813533 0.565935969 -0.635515034 0.330277890 0.408354789
1413393910255760384.000000 3.101337910 1.951456547 0.609275699 0.562308669 -0.652990639 0.317974120 0.395353973
1413393910605760512.000000 3.175344229 1.752138615 0.631126225 0.550497472 -0.680960774 0.326247513 0.356100410
1413393910755760384.000000 3.182199717 1.593019605 0.629679322 0.545891762 -0.668942690 0.348255366 0.365015209
1413393911605760512.000000 3.041828632 0.426802307 0.416678786 0.550625384 -0.562479198 0.423829019 0.448104709
1413393911905760512.000000 3.018728018 0.138996601 0.455665171 0.555528879 -0.587881863 0.401427478 0.429695874
1413393912205760512.000000 3.010794401 -0.118347943 0.606957555 0.560841262 -0.654980481 0.369113594 0.346717238
1413393912655760384.000000 2.861174107 -0.736028075 0.895226479 0.534456193 -0.629444718 0.399235666 0.398455620
1413393912755760384.000000 2.811037779 -0.890343785 0.937734544 0.532085538 -0.617213368 0.405818015 0.413816899
1413393914155760384.000000 1.631273150 -2.054376364 0.979888916 0.187681407 -0.750617504 0.202923283 0.600142717
1413393914355760384.000000 1.456815004 -1.977383137 1.021012425 0.147677347 -0.783962488 0.121478960 0.590624332
1413393914555760384.000000 1.310617924 -1.891954660 1.073876500 0.085444860 -0.804446042 0.081726670 0.582139671
1413393917455760384.000000 -0.646861196 -1.604039907 1.670894146 -0.393593371 -0.723874867 -0.207348675 0.527348101
1413393917605760512.000000 -0.673679173 -1.611350179 1.681605101 -0.452108562 -0.699533284 -0.243098289 0.497146100
1413393918055760384.000000 -0.690593004 -1.539322138 1.656370521 -0.587998450 -0.572145581 -0.377087384 0.429781973
1413393918405760512.000000 -0.622938156 -1.454533815 1.655908227 -0.688239396 -0.462050587 -0.422246516 0.366801918
1413393918655760384.000000 -0.494243413 -1.387902975 1.672585607 -0.742327034 -0.371198982 -0.465246856 0.307745576
1413393918805760512.000000 -0.382629275 -1.352619648 1.687152863 -0.768119872 -0.295388728 -0.496079922 0.276843250
1413393918905760512.000000 -0.295860589 -1.337004781 1.697449327 -0.778703749 -0.236401558 -0.521788478 0.255873948
1413393919355760384.000000 0.105701551 -1.416264772 1.744021177 -0.771316588 -0.004861746 -0.629538000 0.093429834
1413393919505760512.000000 0.197113767 -1.493396044 1.737296224 0.762421131 -0.063367739 0.640497625 -0.066793710
1413393922405760512.000000 -0.515046299 -2.856469870 0.345038444 0.845067263 -0.081036508 0.524166584 0.067407623
1413393922755760384.000000 -0.381883264 -2.833916903 0.196350887 0.825151443 -0.116478831 0.552154064 0.026149895
1413393922955760384.000000 -0.260030061 -2.863374472 0.134642407 0.835042655 -0.104201853 0.538662970 0.041084476
1413393923105760512.000000 -0.146619439 -2.902607203 0.120574586 0.844890535 -0.087894551 0.523499250 0.066203997
1413393925905760512.000000 2.201200962 -1.594369769 1.358970404 -0.755149364 -0.322740108 -0.516227424 0.243099704
1413393928355760384.000000 3.051744699 0.801400959 1.952495575 -0.617495716 -0.510727942 -0.504619896 0.321270615
1413393929705760512.000000 1.955257058 1.370524883 2.163201571 -0.749464333 -0.305237979 -0.548427820 0.210618272
1413393931105760512.000000 0.705378473 1.163110375 1.926815033 -0.793789268 -0.144058585 -0.574861109 0.136677027
1413393933055760384.000000 0.262309432 -0.108352259 1.238627791 -0.777434945 -0.177585080 -0.594526768 0.102938861
1413393933455760384.000000 0.189912871 -0.263582051 1.212868690 -0.775140643 -0.143214539 -0.595046401 0.156736538
1413393935455760384.000000 -0.252645105 -1.701969147 0.697787702 -0.758105814 -0.377929330 -0.479366332 0.229462549
1413393935955760384.000000 -0.140177906 -1.786499381 0.749630451 -0.649813771 -0.527923584 -0.480551988 0.260976523
1413393936105760512.000000 -0.162979811 -1.740186810 0.772141576 -0.638775587 -0.536198020 -0.447437435 0.322888911
1413393936255760384.000000 -0.203653142 -1.673488736 0.798659980 -0.620453477 -0.550882995 -0.403214216 0.385984153
1413393936355760384.000000 -0.229473665 -1.621432304 0.818377018 -0.602470994 -0.568996727 -0.371902466 0.418282270
1413393936655760384.000000 -0.265758812 -1.442437649 0.890333235 -0.501357436 -0.634677768 -0.334922731 0.483375192
1413393939205760512.000000 0.071604699 -1.993635178 1.294664621 -0.061203759 -0.772365272 -0.051158078 0.630149782
1413393939655760384.000000 0.283137619 -2.299940109 1.231435895 -0.074661233 -0.888927281 0.015516146 0.451656252
1413393940155760384.000000 0.086324587 -2.460767508 1.165495396 -0.067758247 -0.725664437 -0.018271212 0.684460521
1413393940405760512.000000 0.114743844 -2.511443377 1.145108700 -0.071669869 -0.751695096 -0.013846939 0.655458689
1413393940705760512.000000 0.280374706 -2.527248383 1.125093818 -0.107040122 -0.873166502 0.016301736 0.475244135
1413393942705760512.000000 0.190047607 -1.172710299 1.451082706 -0.079451874 -0.832070529 -0.061027527 0.545547187
1413393943105760512.000000 0.193467647 -0.980343938 1.408004999 -0.074414685 -0.849730253 -0.055866640 0.518941224
1413393945355760384.000000 0.004908763 -0.450900048 1.602586389 -0.243908107 -0.717484176 -0.215145975 0.615985036
1413393945705760512.000000 0.028757818 -0.444765717 1.527611136 -0.335387141 -0.733350813 -0.239128888 0.540859997
1413393948205760512.000000 0.132920206 -0.955727518 1.134015441 -0.758483648 -0.271707982 -0.574918330 0.142640814
1413393950255760384.000000 -0.600218356 -1.453067183 1.257561088 0.844870389 -0.049301267 0.532692373 0.001515149
1413393950405760512.000000 -0.648891091 -1.620108724 1.285069346 0.854306877 -0.035361025 0.517903447 0.026181402
1413393951405760512.000000 -0.524673402 -2.525176048 1.107861280 0.817145765 -0.048925564 0.572542965 0.045536224
1413393952355760384.000000 -0.122331709 -2.871440649 0.905341327 0.809378028 -0.080240563 0.578731775 0.059482835
1413393954455760384.000000 0.732827127 -3.112513781 1.001911402 -0.842726707 -0.108249560 -0.523519933 0.063408181
1413393955055760384.000000 1.151653647 -3.011610031 1.071515679 -0.820248902 -0.205529884 -0.520402074 0.118873455
1413393955255760384.000000 1.364925385 -2.920121908 1.097988009 -0.798845708 -0.216023415 -0.543381393 0.141123965
1413393955455760384.000000 1.581766725 -2.812796116 1.123809457 -0.784314513 -0.236509398 -0.546562076 0.173735127
1413393955605760512.000000 1.739501834 -2.729757071 1.146028161 -0.753870010 -0.275536865 -0.561137378 0.202198476
1413393955805760512.000000 1.925320745 -2.627588749 1.142841816 -0.714606106 -0.351899266 -0.570466638 0.200182363
1413393956155760384.000000 2.129174232 -2.420379400 1.093938589 -0.729965270 -0.383843958 -0.505933762 0.252676904
1413393956805760512.000000 2.342434406 -1.971684813 1.098846436 -0.630691767 -0.520214438 -0.439942151 0.371558666
1413393957105760512.000000 2.407985687 -1.786099672 1.104389191 -0.579331696 -0.584639072 -0.379561603 0.422498465
1413393957305760512.000000 2.458559990 -1.654332161 1.112207651 -0.523728907 -0.635141015 -0.347541094 0.448908955
1413393957455760384.000000 2.498425007 -1.551989079 1.120564461 -0.478501588 -0.666688800 -0.321823388 0.472220421
1413393960155760384.000000 2.630032301 -0.733580112 0.669898093 -0.310241014 -0.766609371 -0.214606762 0.519619524
1413393960655760384.000000 2.610299826 -0.734659016 0.622951627 -0.271304965 -0.773890018 -0.194161654 0.538320601
1413393960955760384.000000 2.539780378 -0.735238492 0.446106523 -0.209975183 -0.807322860 -0.136597231 0.534304738
1413393961405760512.000000 2.376788139 -0.695115626 0.368969768 -0.191116393 -0.735703409 -0.113546744 0.639782965
1413393961905760512.000000 2.446800232 -0.690206587 0.623919785 -0.181030005 -0.788239658 -0.137596324 0.571816206
1413393962305760512.000000 2.537394524 -0.747917771 1.083740354 -0.187319115 -0.813862324 -0.125849769 0.535445213
1413393962755760384.000000 2.483664513 -0.772644103 1.508964658 -0.226907134 -0.831804633 -0.167024389 0.478243917
1413393962905760512.000000 2.404219866 -0.760152578 1.595397949 -0.249745950 -0.802358806 -0.226924568 0.492293149
1413393963105760512.000000 2.257649660 -0.759709179 1.671911359 -0.302088976 -0.756344497 -0.297119856 0.498402506
1413393963255760384.000000 2.121303558 -0.782997727 1.699340105 -0.356254280 -0.716305017 -0.326153755 0.503600836
1413393963405760512.000000 1.971271753 -0.827406287 1.701785922 -0.409828514 -0.680168450 -0.347052455 0.498965114
1413393963555760384.000000 1.814679742 -0.887924612 1.681627870 -0.455668479 -0.650739014 -0.368391782 0.482899994
1413393963705760512.000000 1.653104186 -0.961262405 1.642406344 -0.489889622 -0.621986032 -0.391373634 0.469007760
1413393963855760384.000000 1.488440990 -1.048876882 1.585010529 -0.517170787 -0.598717451 -0.416059434 0.448292851
1413393964005760512.000000 1.319924235 -1.152561307 1.507311821 -0.546237290 -0.580991387 -0.434649020 0.418514162
1413393964155760384.000000 1.143028617 -1.266076922 1.413247705 -0.576492548 -0.555835426 -0.448980480 0.396383375
1413393964305760512.000000 0.959200799 -1.385092616 1.310930252 -0.611751914 -0.520566642 -0.453178018 0.386522502
1413393964455760384.000000 0.775347352 -1.509146452 1.217711091 -0.642916977 -0.488620460 -0.456582397 0.373417169
1413393965055760384.000000 0.194847286 -2.059332848 0.959117115 -0.758350790 -0.365069777 -0.432041764 0.323987871
1413393965205760512.000000 0.135182559 -2.203452349 0.919974148 -0.794499040 -0.330324858 -0.403471082 0.311235785
1413393965355760384.000000 0.144920006 -2.336815119 0.901112139 -0.814597905 -0.329196185 -0.395794362 0.267220706
1413393965505760512.000000 0.221142322 -2.441975355 0.904975116 -0.798832655 -0.368594468 -0.430492073 0.201695859
1413393967405760512.000000 0.197154462 -1.236216187 1.159669161 -0.746041775 -0.290551782 -0.546820045 0.244927093
1413393967555760384.000000 0.097008467 -1.154878259 1.115554571 -0.754056931 -0.254488230 -0.561060846 0.227694258
1413393968605760512.000000 -0.423743784 -0.908667028 1.218731284 -0.817833543 -0.168533280 -0.543425739 0.086215883
1413393970355760384.000000 -0.626069963 -0.637610078 1.151787877 0.825687349 -0.085317008 0.552101314 0.078394517
1413393970805760512.000000 -0.594149947 -0.731380582 1.230807185 0.803008318 -0.051421780 0.582386494 0.115582868
1413393971155760384.000000 -0.541779459 -0.637226820 1.209576368 0.787873924 -0.047761861 0.603181124 0.114656776
1413393972555760384.000000 -1.341816902 0.021159627 1.211009860 0.825315237 -0.089488603 0.552184820 0.077060938
1413393972855760384.000000 -1.507850051 0.001419839 1.183098197 0.829411983 -0.084831640 0.544518232 0.091538362
1413393973355760384.000000 -1.618022084 0.108464152 1.125119567 0.781569839 -0.074737996 0.609684587 0.108846024
1413393973905760512.000000 -1.901509047 0.500069439 1.056785583 0.784528553 -0.136367083 0.604764760 -0.013359665
1413393974055760384.000000 -2.039129257 0.583870232 1.047273397 0.825906515 -0.162722975 0.536851883 -0.056476865
1413393974255760384.000000 -2.196716309 0.586748242 1.060632110 0.889816403 -0.139611021 0.433563799 -0.027532475
1413393974605760512.000000 -2.107888222 0.401542217 1.186425924 0.898763418 -0.027760413 0.424777418 0.104965821
1413393974855760384.000000 -1.766631007 0.339409769 1.301163316 -0.834670424 -0.002372110 -0.536855638 -0.122905225
1413393975005760512.000000 -1.530295610 0.357090324 1.333840251 0.805070221 -0.020150863 0.585628331 0.092171200
1413393975155760384.000000 -1.301559925 0.401159167 1.330907822 0.790010512 -0.044954635 0.608290076 0.062012751
1413393975305760512.000000 -1.091077447 0.458596200 1.313402057 0.791739106 -0.059510078 0.606214941 0.045949034
1413393975655760384.000000 -0.691479802 0.628127277 1.312057972 0.775720417 -0.042829417 0.626048565 0.066982597
1413393978605760512.000000 0.097214878 1.437245846 1.436826944 0.791824281 -0.139822856 0.591017127 0.064519510
1413393979955760384.000000 -0.114306554 1.209077001 1.458675027 0.653001726 -0.493687481 0.488689393 0.301735103
1413393980105760512.000000 -0.224277154 1.131439805 1.445081472 0.642108321 -0.523272693 0.453310937 0.329228997
1413393980255760384.000000 -0.334598601 1.044110298 1.434318185 0.640590668 -0.544138253 0.409383118 0.354912281
1413393980855760384.000000 -0.607575595 0.546918035 1.414941311 0.619060218 -0.545805514 0.404710799 0.393789232
1413393981455760384.000000 -0.693225443 -0.098182321 1.526154876 0.608787775 -0.569914639 0.425496131 0.351465195
1413393981905760512.000000 -0.784049213 -0.692939639 1.561481953 0.635607898 -0.532825112 0.411158353 0.378217965
1413393982105760512.000000 -0.782125533 -0.977367520 1.537448883 0.653747678 -0.497100651 0.430944085 0.373887926
1413393982305760512.000000 -0.740391195 -1.254799008 1.523979306 0.682484448 -0.447905362 0.463728577 0.344313264
1413393982655760384.000000 -0.592858553 -1.688759327 1.520633101 0.759772480 -0.319168270 0.508618534 0.249368444
1413393983055760384.000000 -0.322800398 -2.088634253 1.515871406 0.818073690 -0.100789823 0.549501657 0.136546150
1413393983255760384.000000 -0.156195015 -2.217921257 1.510784268 -0.825983047 -0.009051934 -0.557421446 -0.083376169
1413393983455760384.000000 0.022149250 -2.278545141 1.507284880 -0.816185534 -0.112836815 -0.565859795 -0.030196907
1413393983705760512.000000 0.230667263 -2.237153292 1.520698667 -0.782246530 -0.223758548 -0.579619884 0.045422759
1413393983905760512.000000 0.354384899 -2.120255470 1.542897224 -0.757487416 -0.292741954 -0.572901607 0.110899463
1413393984105760512.000000 0.426888496 -1.946065545 1.575385332 -0.724293411 -0.359687775 -0.565876842 0.160646632
1413393984305760512.000000 0.434555590 -1.725305080 1.616553903 -0.686610818 -0.422392398 -0.553520858 0.209200889
1413393984505760512.000000 0.372697711 -1.476779222 1.666210890 -0.653726637 -0.465627730 -0.538890421 0.255791724
1413393985755760384.000000 -0.444414675 -0.024585906 1.468020201 -0.781284392 -0.260794520 -0.532586932 0.194761887
1413393986155760384.000000 -0.606349945 0.372820944 1.397783637 -0.830639184 -0.127293974 -0.523307145 0.141366273
1413393986355760384.000000 -0.621086836 0.536572874 1.385967016 -0.835781097 -0.049099132 -0.531956315 0.126813903
1413393986955760384.000000 -0.450993270 0.745577991 1.447551131 0.795759797 -0.059502397 0.598670065 0.069427125
1413393987255760384.000000 -0.379494697 0.865982831 1.452766657 0.807612002 -0.094207525 0.575984657 0.084436215
1413393988505760512.000000 0.000713937 1.629449368 1.304686189 0.795596540 -0.122365579 0.576355696 0.140950486
1413393991305760512.000000 0.660867035 2.413368702 1.301985502 0.619290292 -0.434919745 0.500654936 0.420320153
1413393992105760512.000000 0.712628901 2.318011522 1.412348270 0.629620373 -0.453824639 0.503997266 0.378956556
1413393993155760384.000000 0.486736298 2.375616074 1.488017797 0.664360523 -0.479871213 0.450096130 0.354629755
1413393993605760512.000000 0.470999241 2.382851124 1.534946561 0.686702192 -0.497941434 0.413794219 0.330558479
1413393993955760384.000000 0.558410108 2.269069910 1.567302704 0.600170851 -0.423508048 0.530329704 0.423303992
1413393994305760512.000000 0.619312823 2.434790850 1.548877478 0.590029001 -0.459635198 0.550901294 0.370282501
1413393994705760512.000000 0.566213727 2.830564976 1.536816478 0.702520072 -0.556705713 0.370706320 0.243148610
1413393995205760512.000000 0.582937539 2.811158895 1.428385854 0.641600430 -0.512219727 0.467528224 0.327715129
1413393995655760384.000000 0.580889285 2.641201496 1.298976302 0.685375214 -0.423612744 0.533814192 0.256623447
1413393996055760384.000000 0.451701850 2.492922783 1.237089753 0.739468455 -0.257160336 0.590113938 0.197029635
1413393996455760384.000000 0.200178519 2.415673971 1.157433510 0.780952811 -0.213810235 0.570406020 0.137967005
1413393996905760512.000000 -0.098015904 2.325852633 0.986301064 0.806867540 -0.187027305 0.545137048 0.129657850
1413393997055760384.000000 -0.168426752 2.294360161 0.947661579 0.811876118 -0.166149512 0.546200454 0.122133210
1413393997505760512.000000 -0.295577854 2.211774826 0.848748684 0.805249453 -0.136401549 0.566546381 0.109513417
1413393997805760512.000000 -0.350923389 2.186387062 0.735181510 0.802766263 -0.134051263 0.570669413 0.109238125
1413393998255760384.000000 -0.398719698 2.210548162 0.647527158 0.805397153 -0.142554149 0.562959373 0.118703917
1413393998455760384.000000 -0.399987310 2.244723558 0.631004989 0.806913376 -0.153472662 0.558385432 0.116373479
1413393998855760384.000000 -0.369147360 2.318493605 0.619076133 0.794104338 -0.185148686 0.573186696 0.081088997
1413393999305760512.000000 -0.352490157 2.341357708 0.566019177 0.806824923 -0.158746168 0.556649745 0.118212737
1413393999755760384.000000 -0.295957685 2.355383396 0.501407743 0.798046708 -0.188039988 0.566755652 0.080934733
1413394000005760512.000000 -0.262377560 2.316921234 0.437506497 0.795465946 -0.178692803 0.571843326 0.091093466
1413394000405760512.000000 -0.270639300 2.314596415 0.438791156 0.784088731 -0.174456298 0.582895100 0.122487694
1413394000705760512.000000 -0.269240439 2.315519810 0.433683902 0.785362661 -0.176385432 0.581047058 0.120324410
1413394001205760512.000000 -0.269105315 2.314902306 0.433064401 0.784978926 -0.176347718 0.581518650 0.120605819
1413394001705760512.000000 -0.269672900 2.315033674 0.433031470 0.785031021 -0.176373556 0.581481397 0.120407850
1413394002055760384.000000 -0.270413905 2.315542221 0.432792366 0.785001874 -0.176663175 0.581478179 0.120189190
1413394002555760384.000000 -0.270262212 2.315445423 0.433034033 0.784987807 -0.176932484 0.581476033 0.119894058
1413394003055760384.000000 -0.270152748 2.315385342 0.433107793 0.785057545 -0.177374229 0.581324637 0.119519196
