#Stereo rect[ms], MP culling[ms], MP creation[ms], LBA[ms], KF culling[ms], Total[ms]
9.114687,0.055073,0.620200,0.014272,0.014272,9.814601
10.022603,0.223236,3.832693,0.004480,0.004480,14.086948
11.150844,0.418918,6.511771,0.426854,0.426854,65.777014
11.980487,0.530087,9.249089,1.132464,1.132464,63.431124
12.719282,0.581608,19.167755,1.375251,1.375251,86.259379
13.749888,0.584040,24.167249,1.818585,1.818585,95.342418
14.427209,0.629161,30.905967,1.925083,1.925083,114.833921
13.040406,0.487111,23.357350,1.812537,1.812537,118.297682
14.775086,0.738090,40.538229,2.188415,2.188415,123.063444
14.200390,0.807147,41.727014,109.698777,109.698777,234.764393
6.537243,0.436614,16.959181,2.483811,2.483811,67.681936
12.054504,0.445638,37.993810,3.013642,3.013642,121.241882
12.116393,0.535848,38.506809,4.115962,4.115962,128.463200
9.702311,0.361317,33.633621,4.131833,4.131833,127.183661
11.533601,0.466566,34.822630,4.053113,4.053113,125.432341
11.419327,0.486023,36.239385,4.568991,4.568991,130.117495
13.010262,0.447558,37.748078,4.278780,4.278780,130.426875
12.473806,0.415429,32.222786,5.077798,5.077798,130.988546
12.335180,0.404518,37.085541,5.603118,5.603118,140.415942
11.817924,0.389766,38.769404,6.556987,6.556987,149.044158
9.187584,0.392005,32.811978,6.823391,6.823391,147.307654
9.680103,0.449510,29.741855,8.237139,8.237139,151.538209
9.697895,0.421030,31.115858,8.861340,8.861340,152.333772
9.227489,0.409606,30.859246,8.237235,8.237235,150.505075
8.782843,0.432070,28.526894,7.928431,7.928431,147.467081
7.903567,0.405381,27.843109,8.028080,8.028080,144.401214
7.713388,0.387557,26.782326,7.898511,7.898511,141.138737
6.378521,0.440966,22.640924,7.179684,7.179684,249.361365
7.676555,0.565544,27.820996,6.858048,6.858048,140.121538
9.634246,0.501063,28.299819,6.740478,6.740478,142.258527
11.601666,1.297362,29.416122,5.055238,5.055238,164.665592
8.951100,1.229266,25.108574,1.733976,1.733976,149.201728
12.460429,1.096240,36.218297,3.750036,3.750036,169.736190
12.284075,1.048783,35.250187,2.398817,2.398817,180.180304
8.563735,0.710474,24.187473,3.130156,3.130156,144.491263
7.363207,0.434374,18.715653,2.338784,2.338784,138.697134
6.475738,0.529480,19.567984,2.684838,2.684838,143.693972
5.794897,0.572488,17.235473,4.626241,4.626241,142.596293
5.006278,0.541095,13.795937,2.649285,2.649285,134.944250
5.452716,0.520328,17.304849,3.024330,3.024330,138.812112
5.257098,0.399685,16.287139,2.931081,2.931081,137.565215
4.652929,0.385925,12.544271,3.724532,3.724532,132.331765
6.739134,0.355845,19.747795,3.037387,3.037387,96.144733
7.018978,0.780683,28.224137,4.742402,4.742402,166.912855
8.193746,0.951597,28.836979,5.197096,5.197096,169.120534
6.097333,0.642345,23.029665,3.201485,3.201485,149.292226
4.062329,0.284484,13.029493,3.285806,3.285806,67.889491
5.302666,0.486598,17.439892,4.433502,4.433502,133.556518
5.185768,0.322949,18.427169,3.373455,3.373455,67.278666
10.562771,0.259556,37.501419,11.453727,11.453727,166.134444
9.866186,0.316836,30.754061,8.164530,8.164530,143.124076
11.264766,0.444358,33.396049,6.918689,6.918689,150.256464
9.831785,0.505703,29.397722,7.505289,7.505289,131.229766
11.723428,0.528199,34.202397,5.641582,5.641582,138.784303
10.962969,0.514727,33.916089,7.367719,7.367719,138.907729
9.264418,0.532359,30.967472,5.417196,5.417196,134.064078
14.041284,0.970222,49.626548,5.504397,5.504397,186.714476
12.284780,0.776234,41.206335,4.786946,4.786946,136.711955
10.373968,0.531688,38.457240,6.988705,6.988705,155.256180
6.409337,0.554408,20.266330,3.399184,3.399184,123.000243
5.395947,0.607369,14.983153,4.816515,4.816515,133.417796
5.300650,0.687529,15.487960,2.698854,2.698854,103.642245
8.496183,0.821771,25.833129,5.821105,5.821105,152.576592
9.731976,0.729290,29.613789,3.117387,3.117387,152.018887
8.021231,0.812844,24.522038,3.384752,3.384752,148.977597
8.777179,0.842987,21.469228,2.970569,2.970569,138.912913
7.374310,0.659946,17.296625,5.143912,5.143912,133.443556
7.283621,0.694346,18.286175,4.334813,4.334813,132.170771
8.933917,0.836139,27.770692,2.376673,2.376673,154.559051
12.236714,1.029391,30.088675,3.939639,3.939639,162.308663
12.826611,1.217457,34.608290,4.313148,4.313148,188.865705
11.717443,1.089135,32.528742,4.078105,4.078105,174.190812
12.373292,1.319123,30.400072,4.156506,4.156506,190.217404
12.073480,1.252178,30.813710,2.508131,2.508131,188.945770
12.670192,1.240978,31.763962,4.608288,4.608288,195.251842
8.942813,1.024430,22.746397,4.767875,4.767875,183.104793
7.744428,0.781867,18.440609,5.081639,5.081639,163.370438
8.543415,0.851084,21.818128,5.683311,5.683311,579.640017
10.979769,2.268672,31.593560,4.856003,4.856003,201.722077
10.032492,1.128656,28.502829,4.206522,4.206522,187.355572
8.145298,1.173168,24.550134,1.887770,1.887770,171.660057
7.083011,0.869004,16.216994,1.364051,1.364051,92.705740
10.914136,1.373523,32.308226,4.427166,4.427166,135.354975
7.371431,1.057006,40.486741,7.949103,7.949103,186.121603
5.505805,0.906028,29.960002,5.179944,5.179944,166.651283
3.811189,0.652393,17.639862,5.110567,5.110567,89.768803
4.606016,0.539911,18.430817,5.274538,5.274538,78.580199
8.752442,0.571816,36.324059,8.380180,8.380180,192.604542
8.794971,0.501831,26.527281,8.382773,8.382773,165.228031
4.962501,0.351813,14.875376,7.935823,7.935823,142.211039
6.028180,0.417510,18.010779,9.135552,9.135552,150.312400
5.305066,0.306660,14.995601,4.654977,4.654977,143.955350
7.037122,0.390021,22.006131,5.285833,5.285833,157.570548
6.417657,0.515943,19.151051,6.198423,6.198423,156.737065
5.601614,0.608073,18.073756,5.427979,5.427979,154.606315
5.986675,0.487879,18.137149,4.987301,4.987301,161.954321
10.865656,0.798123,27.265436,7.387783,7.387783,173.467186
12.214218,0.797708,35.345676,8.831804,8.831804,202.115074
9.398243,0.794187,27.159386,5.820433,5.820433,172.477316
12.018375,0.760427,25.031805,7.466824,7.466824,193.395144
10.163118,1.118384,31.355285,8.433909,8.433909,192.835456
10.307760,0.835372,30.362631,5.430475,5.430475,187.437557
8.835739,0.627785,23.765483,9.819625,9.819625,177.208806
9.875178,0.621832,28.797394,9.461252,9.461252,189.798550
10.382704,0.649673,28.278891,7.352582,7.352582,194.444694
10.938200,0.570344,32.531494,10.058764,10.058764,192.666429
18.637060,0.793675,46.679978,10.764695,10.764695,216.845455
11.536449,0.598856,33.633973,9.939851,9.939851,194.532472
11.672259,0.600136,31.178707,10.158702,10.158702,191.177033
10.333424,0.662762,28.726256,10.137933,10.137933,185.724285
6.955617,0.523591,21.706159,8.225842,8.225842,170.965807
9.741288,0.705642,31.991806,9.534212,9.534212,189.688692
6.320376,0.489095,22.593179,8.770010,8.770010,168.731888
5.429772,0.279172,16.042752,10.662517,10.662517,153.564893
3.903958,0.357317,12.661073,11.274334,11.274334,146.833535
10.771318,0.657834,41.238462,9.358787,9.358787,205.579986
9.808969,0.872044,30.779373,12.095913,12.095913,201.429144
7.099395,0.404901,23.296005,8.464886,8.464886,165.782279
5.529646,0.336452,15.398743,9.131360,9.131360,151.540705
5.698032,0.303076,16.301027,11.388286,11.388286,152.332075
5.752369,0.300036,19.174475,10.380785,10.380785,152.064712
5.271402,0.241091,17.447091,15.363158,15.363158,152.276555
7.076803,0.300420,24.115024,11.846534,11.846534,163.811116
6.891360,0.315844,20.133689,12.631600,12.631600,158.942919
8.531703,0.605353,21.173255,10.170638,10.170638,161.450731
11.460543,0.860140,33.287152,14.768366,14.768366,201.679451
16.130017,0.893804,51.929108,14.088100,14.088100,214.893011
16.241027,0.650825,50.196156,15.114803,15.114803,212.198638
10.524210,0.543432,29.911329,13.494716,13.494716,182.422414
13.695007,0.578024,38.565497,13.810944,13.810944,195.540613
10.784823,0.542983,32.602087,14.212006,14.212006,182.750003
11.527073,0.608456,35.936309,10.814422,10.814422,199.029878
10.142638,0.560327,32.931211,14.063876,14.063876,180.838937
11.796708,0.561320,37.529323,13.162392,13.162392,198.829779
10.425169,0.571432,33.099597,15.446839,15.446839,179.425380
11.045082,0.664713,34.517057,11.109499,11.109499,177.089028
10.356016,0.565736,34.217277,11.758052,11.758052,178.493240
13.601630,0.706442,46.687146,11.169596,11.169596,202.937549
6.919680,0.457063,21.452875,13.467675,13.467675,158.957319
5.875122,0.365989,19.420686,14.330280,14.330280,156.261666
6.773470,0.465607,20.974436,12.911412,12.911412,156.042111
7.753484,0.555144,28.412364,14.315335,14.315335,169.469146
6.500091,0.425894,21.067974,12.776018,12.776018,147.922446
6.894336,0.422854,19.693746,13.751039,13.751039,149.926249
13.873217,0.689962,44.739471,14.890735,14.890735,194.454742
9.752968,0.471559,28.663599,12.992405,12.992405,165.258623
7.644010,0.490567,21.656046,12.264395,12.264395,158.513121
7.782572,0.545512,22.800317,12.371372,12.371372,156.913546
7.654507,0.394342,22.069555,12.055720,12.055720,155.459319
8.002735,0.331333,22.719324,12.173226,12.173226,159.676625
8.315508,0.364677,23.246980,13.547261,13.547261,161.590828
8.787835,0.440902,26.382863,12.797586,12.797586,165.459394
11.623106,0.696618,37.798926,13.149335,13.149335,195.919306
9.532741,0.537448,32.142752,10.952824,10.952824,171.998941
13.434556,0.697833,43.908836,14.742510,14.742510,195.276514
10.533267,0.686985,40.893114,14.613196,14.613196,198.964981
9.937130,0.654313,38.716092,15.311413,15.311413,203.029645
9.456963,0.582057,39.423653,16.068224,16.068224,205.652178
8.483062,0.558120,39.629416,18.385600,18.385600,199.530109
9.380035,0.596776,38.094483,16.277507,16.277507,200.941745
7.405959,0.466311,33.897624,19.048233,19.048233,200.715341
5.761232,0.493799,24.806170,11.601890,11.601890,159.851380
5.444940,0.325829,22.398392,14.434089,14.434089,161.089349
14.774221,0.502376,55.908779,18.793062,18.793062,225.685801
10.651412,0.759435,46.200804,8.897820,8.897820,209.199651
9.519717,0.882220,32.916587,9.043998,9.043998,193.192229
8.803547,0.623528,27.573793,6.655901,6.655901,192.683549
9.506853,0.680233,29.474875,8.619353,8.619353,201.094835
13.826336,0.696938,38.517625,10.361072,10.361072,208.554938
11.529312,0.762859,34.483489,11.975751,11.975751,200.457865
10.289552,0.684265,31.486615,8.142482,8.142482,200.256903
8.348468,0.579592,26.458577,9.356131,9.356131,201.695739
8.231155,0.694378,26.722548,10.264367,10.264367,206.749633
7.565001,0.758731,23.879629,8.197650,8.197650,185.784189
7.569353,0.751306,23.868621,5.715312,5.715312,193.689803
7.602442,0.706730,22.908383,8.257075,8.257075,194.690681
8.235987,0.712234,24.118896,11.507456,11.507456,197.109723
7.589577,0.533672,22.597883,11.981575,11.981575,200.279527
9.543077,0.673289,38.088531,10.794391,10.794391,231.342680
15.952382,0.917677,49.519538,12.855795,12.855795,256.725401
16.449893,0.883980,55.664232,13.468764,13.468764,266.088540
16.374916,0.711978,58.316845,11.686819,11.686819,263.133331
11.268285,0.523975,31.530712,12.133833,12.133833,214.369195
9.378787,0.496455,25.144510,10.479826,10.479826,203.305521
9.085950,0.620521,25.018141,9.785992,9.785992,200.773805
8.442774,0.585448,25.633989,6.778014,6.778014,199.192568
7.727084,0.631785,22.534202,8.725818,8.725818,204.429249
6.819007,0.610728,19.377966,10.328624,10.328624,205.206315
12.599920,1.200752,38.325398,6.593563,6.593563,225.868619
12.082120,1.148464,45.058868,11.331134,11.331134,253.415531
9.236961,0.811243,26.928439,9.820873,9.820873,203.435219
8.557463,0.621321,27.013912,8.780186,8.780186,205.135978
16.811658,0.928461,58.061833,10.375792,10.375792,257.873577
11.219548,0.722122,36.550430,13.567005,13.567005,210.255826
7.785324,0.521800,25.763303,14.071620,14.071620,196.134669
6.098581,0.533639,20.864515,13.489884,13.489884,181.228061
6.177654,0.485031,18.294847,10.917208,10.917208,177.803950
10.336528,1.219921,38.753116,8.444310,8.444310,215.868320
8.824763,0.834412,32.349635,16.549511,16.549511,208.459257
18.832422,1.177841,51.033095,14.315144,14.315144,231.009811
20.520254,0.897293,55.895371,16.029376,16.029376,237.146153
19.916469,0.918445,53.720045,13.121463,13.121463,234.325729
13.275385,0.569256,42.302285,16.813835,16.813835,217.722906
10.237742,0.693962,32.510021,17.313425,17.313425,203.512691
19.768692,0.869036,60.724494,11.422495,11.422495,254.766846
16.240578,0.665001,54.823036,18.743621,18.743621,239.364647
14.716781,0.595273,39.864299,13.613118,13.613118,219.657141
16.505766,0.605928,43.841443,21.943058,21.943058,231.836382
20.014070,0.790699,66.311772,14.923568,14.923568,268.894370
10.779222,0.565512,38.325846,17.082734,17.082734,220.844229
19.277900,0.845548,64.218303,23.277956,23.277956,272.557781
11.058810,0.599624,35.982486,22.651803,22.651803,218.954346
9.636678,0.569896,33.196687,21.064613,21.064613,218.050718
9.546405,0.661161,32.651111,20.582207,20.582207,213.410589
9.306082,0.691530,32.502917,15.804508,15.804508,207.675470
8.742106,0.840043,28.757105,18.671237,18.671237,208.838686
17.539700,0.936654,64.601188,12.083432,12.083432,260.784242
11.597506,0.803179,39.296643,18.088796,18.088796,221.720785
9.409859,0.780427,31.615064,14.054180,14.054180,213.188154
9.355458,0.646185,28.264682,20.251738,20.251738,213.405853
9.239168,0.693802,32.375587,18.989609,18.989609,212.697363
8.199666,0.740874,28.608591,17.374674,17.374674,204.624035
7.221061,0.732074,23.512648,14.587595,14.587595,208.292822
5.760945,0.841003,19.514448,12.596304,12.596304,187.929371
10.995289,1.264242,46.265349,15.830845,15.830845,259.389342
9.852682,0.773322,37.691309,17.251249,17.251249,222.047094
18.390624,1.341427,60.107269,21.233416,21.233416,279.015919
10.465617,0.656394,33.120237,17.403506,17.403506,214.518796
19.329229,0.876396,68.784959,18.372288,18.372288,284.438747
20.154489,1.135983,56.948602,13.636926,13.636926,262.435112
11.518752,0.736363,37.756622,17.298961,17.298961,221.947796
14.585195,0.702666,44.887473,18.884487,18.884487,238.466074
14.371144,0.753994,41.110269,13.363642,13.363642,231.386167
17.962491,0.925612,46.294245,18.849158,18.849158,250.369408
13.214776,0.738123,33.007308,20.984612,20.984612,231.783293
15.304117,0.910701,50.021304,20.602751,20.602751,260.396875
9.204896,0.649097,33.449010,16.280995,16.280995,226.775415
10.787030,0.869324,40.147311,21.286505,21.286505,229.406876
14.918384,0.811819,55.149217,23.213060,23.213060,249.497396
17.695222,1.018991,51.036551,22.838302,22.838302,250.734533
20.400572,0.952141,61.021906,21.693454,21.693454,259.381021
10.351600,0.741418,49.747189,18.550786,18.550786,235.850805
10.000875,0.921261,41.112733,17.073390,17.073390,230.006244
7.232069,1.001006,34.446272,15.390006,15.390006,216.983759
10.687797,1.425332,47.561239,22.253590,22.253590,251.989751
9.065759,0.726410,41.030523,20.592639,20.592639,226.904089
12.875251,0.961070,44.992914,21.272392,21.272392,231.802621
12.196682,0.722890,49.912759,25.199807,25.199807,256.084431
9.952618,0.552712,40.405907,21.258408,21.258408,226.277520
11.190524,0.717258,49.892663,25.313024,25.313024,243.512736
8.346580,0.732331,34.909638,18.639652,18.639652,210.833465
5.398315,0.537480,23.303940,11.739971,11.739971,183.021621
17.684246,0.951661,64.701190,18.247390,18.247390,270.439415
10.447377,0.581576,34.487105,15.116946,15.116946,209.946636
19.057066,0.801003,56.832216,20.832898,20.832898,264.797769
9.604741,0.727818,36.360827,18.617732,18.617732,218.097310
6.378681,0.870444,29.492123,15.054993,15.054993,143.397901
5.401291,0.717866,25.419938,16.697481,16.697481,207.458090
6.109846,0.711305,24.769529,13.535933,13.535933,138.799246
6.538236,0.477126,30.958735,15.275892,15.275892,218.740583
7.499720,0.776555,33.321104,21.154695,21.154695,217.172497
10.507731,0.633928,36.395707,24.227025,24.227025,215.445529
9.793480,0.625609,30.943727,20.876227,20.876227,209.814346
9.325698,0.511591,30.907279,24.369108,24.369108,209.377829
7.675627,0.521415,36.053238,21.229768,21.229768,205.210475
4.673185,0.627112,24.953596,17.080494,17.080494,113.373419
11.656963,0.729034,48.019901,14.558986,14.558986,217.035279
8.210834,0.487751,29.703422,17.073070,17.073070,198.242025
6.916737,0.619176,25.518244,11.674755,11.674755,183.419291
10.343216,0.917805,38.976703,18.432257,18.432257,209.759786
5.951891,0.821483,24.143697,21.245032,21.245032,189.916853
8.753242,0.677898,33.084845,23.000192,23.000192,212.768276
7.541353,0.553256,32.748232,26.169229,26.169229,217.705049
8.469974,0.527079,31.361557,18.139868,18.139868,208.719835
8.464822,0.487431,35.446862,22.289847,22.289847,213.408573
7.756076,0.838092,32.360931,20.091864,20.091864,209.776810
7.926222,0.701610,30.511753,16.395685,16.395685,206.698559
7.931502,0.769387,28.209129,17.302769,17.302769,213.274746
8.530647,0.859596,32.290850,12.191722,12.191722,201.016752
8.586072,0.664905,32.353218,19.783667,19.783667,203.494162
7.683627,0.665290,31.018544,17.076077,17.076077,201.328084
9.069054,0.624521,35.487470,23.353861,23.353861,214.876561
10.585843,0.649769,46.156611,19.938581,19.938581,223.124419
8.750234,0.685802,36.707711,18.132604,18.132604,209.003775
10.063116,0.754827,37.729293,18.974536,18.974536,213.529502
9.609381,0.690410,33.805239,12.334316,12.334316,204.712227
8.853148,0.724394,29.686141,16.683720,16.683720,209.648360
8.724409,0.708010,26.829782,18.708805,18.708805,216.771755
19.229196,1.161680,69.036001,18.183230,18.183230,266.280701
10.502674,0.851692,37.292904,14.695181,14.695181,219.184749
11.761348,0.774730,41.820647,19.533904,19.533904,224.578712
7.606826,0.697418,24.473717,13.970819,13.970819,194.700216
12.013895,0.642409,40.037774,14.132997,14.132997,217.564022
10.188558,0.832236,34.562849,18.433184,18.433184,224.958077
9.983147,0.546984,29.425146,16.927659,16.927659,206.130775
8.847003,0.654569,26.387376,16.201090,16.201090,209.508262
15.605849,0.967086,44.667214,17.282256,17.282256,235.552400
15.383094,1.211377,46.655498,18.559395,18.559395,258.407247
8.802938,0.733035,28.601390,14.291463,14.291463,203.962872
7.367431,0.707178,25.117566,14.117765,14.117765,197.497631
15.821885,1.175376,55.164576,14.381512,14.381512,243.540416
12.749778,1.025070,45.006355,15.521688,15.521688,231.634074
11.988647,0.983726,35.679921,13.773184,13.773184,215.743101
8.608600,0.805451,26.434352,13.728607,13.728607,204.650274
8.482582,0.803051,28.502285,16.743817,16.743817,211.269470
8.848283,0.638601,26.802037,15.006129,15.006129,205.721905
8.178258,0.794187,25.851624,15.002545,15.002545,209.189921
17.209072,1.112719,48.669286,16.961228,16.961228,265.434961
9.642534,0.948941,32.855338,13.735263,13.735263,224.098705
7.627274,0.838540,27.553087,16.476294,16.476294,208.328757
4.890629,0.723210,16.329475,12.858867,12.858867,186.496742
9.137343,1.199089,38.365142,13.551580,13.551580,233.646389
11.363167,0.949357,46.785995,20.128985,20.128985,259.943301
8.553687,0.579561,25.946761,12.934708,12.934708,211.179293
7.302949,0.763531,24.483605,13.880993,13.880993,204.096346
16.149665,1.408180,62.053344,12.299019,12.299019,265.087180
11.714243,1.282546,44.314089,14.202374,14.202374,235.463983
16.355619,1.095056,61.154003,14.970800,14.970800,262.630953
12.029160,0.685897,36.178424,16.718601,16.718601,222.661181
10.006347,0.564520,28.924339,13.585277,13.585277,214.221479
11.202460,0.646569,39.522086,16.971148,16.971148,231.894813
11.140123,0.731978,32.081951,14.955216,14.955216,219.827253
9.964139,0.664329,28.970708,15.466360,15.466360,217.173681
9.652358,0.520424,29.988289,17.537716,17.537716,219.350094
9.318082,0.588424,28.934931,12.114025,12.114025,213.371580
9.336898,0.531367,28.669168,17.559477,17.559477,211.531394
8.883963,0.564136,29.547676,15.658810,15.658810,210.674261
9.834985,0.654985,30.008546,13.451516,13.451516,219.014730
9.922794,0.683113,28.269994,15.030193,15.030193,212.818387
9.956842,0.549992,32.539493,13.837729,13.837729,217.214225
9.241761,0.517415,30.832365,14.279783,14.279783,213.889411
9.483012,0.803499,29.288952,12.854579,12.854579,212.280812
7.945582,0.619305,30.631114,16.172769,16.172769,210.178382
9.985067,0.742827,35.148649,16.393797,16.393797,219.718516
10.284464,0.652009,30.937967,20.609343,20.609343,221.567566
20.383612,0.951021,68.601788,13.823265,13.823265,276.595916
10.332656,0.607496,31.269971,17.373522,17.373522,221.221576
15.464695,0.637225,47.770937,16.505606,16.505606,260.002724
11.047897,0.611593,31.963453,23.913741,23.913741,240.588022
11.628386,0.819052,37.921488,17.422386,17.422386,243.088441
21.727054,1.102768,72.911927,22.687676,22.687676,297.631088
14.068804,0.822412,44.448874,17.178831,17.178831,247.390997
12.710385,0.648361,40.703319,18.938120,18.938120,243.935173
15.338197,0.669994,48.053981,25.345217,25.345217,269.646987
8.923804,0.672425,33.749750,19.042410,19.042410,236.834434
9.407235,0.792363,34.214173,17.670550,17.670550,235.664242
13.728447,0.772555,48.545444,25.389025,25.389025,257.005402
11.070234,0.714698,39.509254,16.562695,16.562695,240.840794
12.472398,0.725194,45.512666,25.541219,25.541219,250.138427
12.969813,1.191536,54.875324,23.422982,23.422982,276.089092
10.533747,0.683017,38.878974,19.956789,19.956789,240.763800
21.687950,1.083183,80.591586,22.681947,22.681947,306.509547
13.081398,0.610696,49.233486,22.894750,22.894750,266.069848
13.803904,0.667178,54.943901,21.587309,21.587309,270.369525
14.111940,0.511303,51.959124,16.213218,16.213218,262.378213
24.981947,0.855532,74.556014,20.034135,20.034135,290.039750
25.353889,0.767594,73.817348,24.338131,24.338131,293.253907
25.196510,0.655338,72.111628,24.217137,24.217137,296.473311
18.606083,0.488678,58.697458,23.828843,23.828843,277.739098
25.099997,0.770763,71.598053,19.498511,19.498511,293.782362
24.915483,0.707818,67.317737,21.482123,21.482123,285.962669
13.647102,0.512968,34.846437,21.384298,21.384298,237.188135
17.097678,0.614120,43.419901,25.047229,25.047229,272.077708
12.133417,0.559912,32.103295,22.891935,22.891935,245.182902
13.073782,0.623049,39.736585,25.444962,25.444962,269.618090
8.220435,0.666985,29.621084,26.457360,26.457360,245.058644
9.279106,0.774410,41.334240,22.469113,22.469113,272.528403
7.946767,0.826636,33.770710,18.185886,18.185886,256.087214
10.849719,1.093168,45.709756,16.903723,16.903723,272.210318
4.576224,0.633353,18.324319,16.951692,16.951692,228.526670
3.144588,0.552712,14.650763,13.801280,13.801280,153.285334
4.324348,0.273668,17.921145,19.368238,19.368238,228.161064
6.135990,0.339237,24.861562,26.300078,26.300078,249.215022
7.014690,0.468614,29.847488,14.640972,14.640972,253.580330
7.540425,0.624137,32.096799,18.886375,18.886375,259.059127
17.565140,0.892301,59.073078,18.624036,18.624036,309.704280
10.466577,0.783307,35.839923,14.213862,14.213862,289.702369
9.788744,0.904237,33.897783,10.181869,10.181869,277.818619
10.147245,0.942925,34.239261,13.433339,13.433339,283.292936
8.396949,1.143280,33.883543,13.192632,13.192632,287.981353
9.917514,0.996334,45.939328,26.233997,26.233997,333.297760
9.591397,0.890477,40.151343,27.419550,27.419550,293.673880
8.665497,0.886956,34.059035,16.033472,16.033472,267.954931
8.959453,0.874028,33.048268,17.708758,17.708758,268.308567
9.147711,0.781355,34.335806,19.132715,19.132715,269.663434
8.305364,0.670153,31.948637,18.950888,18.950888,261.723644
4.653408,0.730027,22.582458,13.920834,13.920834,138.747147
4.659489,0.504455,19.595441,11.430911,11.430911,120.771217
5.931763,0.442342,25.758342,14.446473,14.446473,226.748884
5.127271,0.717290,24.108912,17.303889,17.303889,217.876185
2.138718,0.326149,10.870775,7.396359,7.396359,82.631423
3.418992,0.343172,16.919756,8.989310,8.989310,90.049318
3.574482,0.344069,19.290316,11.193020,11.193020,89.081048
3.168556,0.312932,16.066528,9.423843,9.423843,83.851663
4.994565,0.434598,25.165663,9.075070,9.075070,86.387986
5.372746,0.326341,28.452972,10.654773,10.654773,90.949298
6.803967,0.495719,35.695153,11.547009,11.547009,104.364109
7.052290,0.485318,39.422181,15.902077,15.902077,231.009199
9.703335,0.749707,43.692608,15.374134,15.374134,234.334014
8.558743,0.776875,37.743854,16.704233,16.704233,224.451253
8.847707,0.615945,39.228098,15.042513,15.042513,225.032157
12.947412,0.772363,57.160155,18.290750,18.290750,261.970078
15.730107,0.904909,66.586079,19.015913,19.015913,272.879191
12.578991,0.638761,43.430684,16.919787,16.919787,234.828324
18.181085,0.777227,64.403264,11.090426,11.090426,267.549580
9.975723,0.624489,31.519574,14.064900,14.064900,216.827978
9.760520,0.589384,29.392729,14.392552,14.392552,208.330836
19.574544,0.729451,71.485347,13.351098,13.351098,264.510146
12.072200,0.506727,36.018965,18.079196,18.079196,216.008223
8.995645,0.410214,25.747398,15.757148,15.757148,208.955933
9.423299,0.347333,27.288508,16.559910,16.559910,206.760734
9.595878,0.294116,28.121351,11.577762,11.577762,202.757575
19.802260,0.539015,64.804294,17.472275,17.472275,261.373974
11.156763,0.385125,35.591248,16.025791,16.025791,197.292602
9.210624,0.322212,25.982730,11.890470,11.890470,178.263825
9.910890,0.396678,27.588064,16.774570,16.774570,177.751467
9.460451,0.320389,28.496012,10.838455,10.838455,127.840531
9.488868,0.212643,30.254597,15.086322,15.086322,122.967535
11.242813,0.246659,34.287165,13.105078,13.105078,127.164874
12.245707,0.252643,36.651198,14.589547,14.589547,138.978511
10.468626,0.208035,29.944737,16.204738,16.204738,115.571401
6.587612,0.094465,19.627538,13.612605,13.612605,91.217334
7.785836,0.064865,23.902605,14.846639,14.846639,96.720546
7.852814,0.066657,23.492423,15.243764,15.243764,95.193741
12.911412,0.149218,41.709029,16.408837,16.408837,136.813361
13.204792,0.090305,43.330747,13.411163,13.411163,133.471842
13.253273,0.091265,43.297243,15.397270,15.397270,132.253137
13.997347,0.093409,41.217790,16.200674,16.200674,137.132725
13.311449,0.091810,39.899563,13.913826,13.913826,123.155346
