#Stereo rect[ms], MP culling[ms], MP creation[ms], LBA[ms], KF culling[ms], Total[ms]
9.296664,0.135970,1.471000,0.015616,0.015616,10.930962
10.550956,0.485096,7.703517,0.004480,0.004480,18.748818
10.314856,0.601449,6.244422,0.281348,0.281348,36.626388
10.708335,0.415782,8.770223,0.749740,0.749740,43.868491
11.047604,0.434567,18.138695,1.127955,1.127955,64.007059
11.535644,0.351365,14.119622,0.752620,0.752620,65.462986
12.417578,0.561097,23.201786,1.188436,1.188436,79.363981
13.131126,0.583561,30.983193,1.427991,1.427991,90.077307
12.971155,0.428615,27.516672,1.741693,1.741693,94.525220
11.699551,0.409350,26.130506,67.658895,67.658895,153.352547
13.759136,0.416359,41.846378,1.824509,1.824509,102.030911
14.632110,0.350918,38.695702,1.872959,1.872959,117.424761
15.291865,0.561257,42.945212,2.212228,2.212228,119.079764
15.719968,0.469096,41.723591,2.319366,2.319366,124.610286
16.785585,0.527657,47.450149,2.887823,2.887823,128.311594
17.779009,0.482760,45.522886,3.180788,3.180788,138.878998
16.737904,0.411783,47.711497,3.437336,3.437336,134.503311
15.477500,0.447015,41.354754,3.426936,3.426936,126.542637
18.538926,0.416359,52.847709,3.673404,3.673404,147.633349
18.726225,0.487240,57.467721,4.260326,4.260326,156.727898
13.465147,0.369350,50.045967,4.144451,4.144451,325.334132
21.884293,0.548329,51.930766,5.535290,5.535290,164.881182
20.250346,0.373670,48.323635,5.348248,5.348248,160.259315
16.017829,0.285413,33.534466,5.354392,5.354392,137.229436
17.167608,0.336581,48.800123,5.525498,5.525498,165.379014
15.386587,0.493672,42.529141,5.015698,5.015698,154.432564
11.834112,0.562730,38.665525,5.665116,5.665116,154.188783
16.129670,0.474728,43.466404,4.780398,4.780398,187.005414
16.072102,0.419591,52.882814,7.344792,7.344792,189.406094
16.267881,0.499400,42.505557,5.731710,5.731710,160.635257
11.458107,0.622122,50.214322,6.170597,6.170597,174.478235
10.447242,0.489992,43.950892,7.053619,7.053619,161.818412
10.643982,0.457863,40.746520,4.954225,4.954225,147.367809
16.949524,0.658507,45.209632,6.328263,6.328263,168.326806
11.104917,0.288772,28.014953,6.258022,6.258022,134.313355
12.519628,0.384774,37.958443,6.282150,6.282150,144.581075
10.718190,0.390151,33.228829,7.183125,7.183125,136.606257
10.770063,0.389511,31.435360,5.494426,5.494426,131.553663
15.521725,0.522728,50.085104,4.585962,4.585962,162.090544
17.761601,0.557385,51.077696,5.988802,5.988802,168.908287
17.878787,0.468904,57.551049,4.899855,4.899855,188.983910
18.824243,0.482856,53.837389,6.395848,6.395848,179.564781
18.115815,0.534921,51.981391,6.339239,6.339239,183.810642
17.815394,0.513321,52.392853,6.276391,6.276391,173.276711
17.303513,0.533801,50.951646,6.346344,6.346344,171.166084
9.560923,0.334854,30.146795,7.774399,7.774399,140.421135
11.404346,0.469192,36.406961,5.202837,5.202837,138.655539
10.657710,0.395846,36.892025,6.308359,6.308359,145.096668
10.469706,0.441255,36.539059,6.216262,6.216262,142.500113
10.434858,0.422151,33.973065,5.926433,5.926433,140.152427
11.371353,0.442728,35.307103,6.349319,6.349319,145.081947
11.620766,0.364966,31.516225,6.479786,6.479786,140.918136
13.511324,0.379015,38.583540,5.458425,5.458425,152.971100
12.610062,0.382694,39.208062,7.766334,7.766334,155.893099
10.734383,0.372518,33.720837,6.173924,6.173924,141.028185
11.070517,0.418086,33.947881,5.596571,5.596571,140.604658
17.848643,0.580970,47.632807,6.805423,6.805423,191.823541
17.049237,0.709932,49.506822,7.414009,7.414009,181.778352
17.318170,0.567753,48.647737,6.336583,6.336583,164.818588
9.743487,0.365286,35.738822,7.434489,7.434489,144.630516
16.024997,0.685804,55.898958,5.356919,5.356919,186.632192
15.148087,0.782157,56.250964,8.169797,8.169797,301.784819
11.656510,0.470023,39.211743,5.862400,5.862400,136.731155
12.521644,0.374214,44.001549,4.959313,4.959313,150.172846
11.692126,0.520424,40.163567,6.903569,6.903569,149.339648
9.211030,0.471079,30.211404,4.863791,4.863791,130.932052
16.319050,0.738284,60.460313,6.902672,6.902672,190.566816
16.196296,0.693707,59.675788,5.450841,5.450841,193.401870
18.231433,0.607274,58.529913,6.349831,6.349831,177.437034
17.176311,0.668043,65.517995,6.111491,6.111491,185.281161
16.378474,0.501097,55.524264,7.666173,7.666173,171.504041
16.300649,0.689963,64.854112,7.612027,7.612027,189.118088
15.835106,0.452584,52.574424,5.007121,5.007121,163.321124
15.884610,0.518505,51.209410,7.456378,7.456378,165.248451
10.149605,0.389030,33.088699,8.708590,8.708590,133.879460
13.955427,0.421223,45.762057,4.948881,4.948881,154.870074
9.435898,0.297700,33.831687,7.592796,7.592796,131.451613
10.965235,0.342661,36.436146,5.732093,5.732093,132.646128
13.395739,0.413862,39.985836,4.600875,4.600875,141.341374
12.856017,0.325413,37.446882,6.001633,6.001633,140.421870
13.371610,0.315397,50.177745,6.186405,6.186405,165.124353
13.498172,0.352358,46.349202,5.612860,5.612860,160.985406
13.467516,0.286500,44.568662,5.429945,5.429945,154.030573
13.991556,0.177187,44.374867,6.949905,6.949905,167.755244
14.426731,0.149250,42.278417,5.751037,5.751037,161.404228
15.024245,0.107234,39.119165,5.860703,5.860703,161.192865
15.615134,0.090498,37.583812,5.634812,5.634812,188.181656
15.699168,0.056385,34.469969,5.989858,5.989858,162.467382
14.608398,0.052801,28.649650,5.876255,5.876255,151.692070
18.066886,0.053281,25.021207,5.611451,5.611451,157.670087
15.358682,0.067329,24.723954,6.404776,6.404776,169.492680
19.407292,0.053409,25.682434,6.929777,6.929777,163.471782
20.198377,0.056705,27.991272,6.996050,6.996050,167.043552
20.949653,0.059265,28.006280,5.744638,5.744638,168.724283
21.810563,0.069025,28.954967,6.084483,6.084483,173.498281
19.842563,0.070081,28.521297,6.547723,6.547723,171.355782
19.442781,0.052705,27.478111,7.019442,7.019442,233.121684
25.428734,0.062977,29.840902,9.010451,9.010451,199.510193
26.845493,0.049473,33.199324,7.316856,7.316856,196.769092
27.449823,0.063489,32.685749,7.967682,7.967682,195.485327
28.798485,0.051136,34.606484,10.020387,10.020387,202.441632
30.184011,0.062945,32.675380,12.369194,12.369194,203.481873
29.800613,0.076449,30.706580,10.924178,10.924178,202.141051
30.047273,0.081794,31.991848,10.303848,10.303848,201.473424
30.640147,0.106337,31.400799,10.530027,10.530027,197.773204
30.039305,0.095842,36.484594,9.257495,9.257495,206.921065
31.490336,0.087170,32.466928,12.043972,12.043972,198.798052
31.129051,0.094466,37.439905,11.486235,11.486235,213.354962
30.512401,0.067617,37.076540,10.878321,10.878321,253.180282
31.210908,0.080034,30.288205,11.179830,11.179830,199.409134
30.848406,0.070818,34.371887,9.813312,9.813312,196.365693
32.187564,0.067649,35.466434,13.075669,13.075669,199.307181
32.439568,0.052417,34.542930,11.454746,11.454746,262.824118
31.908744,0.060417,34.627283,12.684335,12.684335,199.355054
31.515745,0.051393,37.795367,11.764864,11.764864,281.130785
31.549634,0.070017,34.112139,10.382377,10.382377,194.352732
32.359982,0.054209,35.328031,12.841361,12.841361,217.952219
26.657202,0.061857,29.051225,12.300264,12.300264,192.758018
29.041721,0.066081,34.755734,12.149958,12.149958,211.471410
32.636083,0.063169,40.354353,12.424298,12.424298,210.211325
29.620738,0.076993,31.600482,10.743342,10.743342,188.162838
31.784261,0.115970,31.185819,12.814544,12.814544,192.638399
31.312413,0.122402,35.325567,12.654446,12.654446,197.997718
32.864951,0.076481,36.904313,12.926546,12.926546,199.734547
33.998378,0.077601,36.327247,13.229623,13.229623,201.898486
34.439441,0.081633,35.926025,11.945059,11.945059,221.757530
35.786150,0.058177,35.483426,13.301401,13.301401,208.757798
29.994632,0.089921,33.346111,13.866786,13.866786,202.700099
34.027370,0.119010,42.677046,13.020052,13.020052,237.404728
28.908919,0.111393,32.795062,12.688462,12.688462,193.110695
25.253499,0.169475,33.309630,12.805296,12.805296,196.384029
24.727666,0.150531,25.384349,14.754800,14.754800,177.547913
21.546238,0.223204,31.206684,15.536861,15.536861,205.733364
13.418267,0.199427,18.070950,12.188102,12.188102,111.259955
9.566011,0.205860,13.839137,14.822225,14.822225,101.252623
17.240248,0.367814,38.996763,11.563741,11.563741,176.444856
17.081622,0.498952,45.878923,14.252168,14.252168,154.969210
10.864241,0.260133,31.424575,11.506428,11.506428,121.117620
12.104901,0.449864,42.370577,13.221623,13.221623,138.590544
12.391177,0.476808,46.746201,12.414346,12.414346,149.085594
8.886385,0.347910,34.944536,11.690750,11.690750,149.798054
8.633453,0.394022,30.856662,8.514091,8.514091,145.741188
16.309193,0.600042,54.452214,11.407705,11.407705,200.277019
17.924291,0.688780,76.204856,12.361961,12.361961,207.098538
20.560111,0.536841,67.931473,13.044756,13.044756,207.373487
19.784802,0.701899,86.731428,11.851969,11.851969,231.257907
22.012966,0.619274,83.057032,11.843232,11.843232,228.426789
22.162344,0.789453,77.080359,11.990276,11.990276,240.184293
21.400476,0.828013,72.744576,11.705598,11.705598,226.274178
21.597599,0.790189,66.901121,12.887922,12.887922,218.279680
12.588141,0.371334,45.969900,13.548861,13.548861,199.231435
18.862195,0.614506,63.030146,13.588989,13.588989,225.917693
9.135701,0.333286,32.760117,10.248198,10.248198,164.738233
8.230022,0.215492,29.470848,9.924546,9.924546,161.990189
8.172549,0.263813,29.672195,13.635934,13.635934,166.644120
7.964865,0.264900,30.000041,9.177173,9.177173,161.887050
7.909184,0.250693,30.397230,13.620254,13.620254,171.123713
16.142278,0.468904,80.196985,10.988915,10.988915,237.995553
16.929907,0.535721,72.593725,8.779759,8.779759,230.842380
16.914547,0.694347,71.949267,11.675390,11.675390,232.211971
11.037427,0.561257,60.762941,10.542443,10.542443,217.953754
18.004453,0.570729,64.397912,10.592812,10.592812,233.721499
18.552494,0.675627,61.822414,8.803535,8.803535,234.709196
19.026870,0.741196,75.423723,11.746847,11.746847,273.883689
19.161783,0.723180,66.800991,10.653005,10.653005,261.013111
19.334362,0.727180,57.984848,11.830305,11.830305,260.620945
11.058036,0.495368,38.272655,12.104741,12.104741,220.529445
12.794064,0.623818,48.356339,11.139286,11.139286,253.351227
19.973765,0.721899,58.435927,12.275528,12.275528,273.329567
19.318074,0.770221,57.251011,11.245207,11.245207,262.594353
15.627166,0.628138,48.295538,10.974514,10.974514,245.754718
12.644174,0.523464,36.452401,12.880401,12.880401,229.521911
9.522779,0.368902,29.827973,11.283160,11.283160,220.071709
9.971523,0.552265,30.432911,11.124789,11.124789,233.043920
14.751728,0.587690,42.867225,12.305608,12.305608,241.731197
19.128504,0.642154,64.197589,11.595581,11.595581,273.497027
19.491165,0.620042,62.555994,12.908850,12.908850,274.773463
10.816688,0.451400,30.850838,10.545963,10.545963,224.196704
15.916003,0.573193,43.410467,9.801983,9.801983,246.157925
19.064246,0.682475,66.056915,12.710319,12.710319,287.180353
20.096807,0.573161,70.526396,12.836625,12.836625,294.554808
12.785264,0.623723,41.549156,13.185046,13.185046,243.687421
19.840707,0.669227,60.481240,13.878881,13.878881,280.138638
9.977955,0.464071,32.372303,11.638205,11.638205,243.053491
19.718880,0.709740,63.422056,13.555612,13.555612,274.474641
17.256377,0.697643,47.837003,11.835616,11.835616,248.376681
19.602527,0.776492,64.324855,14.366314,14.366314,271.747109
19.681312,0.732332,70.458522,12.252711,12.252711,321.646481
13.231896,0.596073,50.614712,14.506572,14.506572,261.857605
10.423081,0.432359,31.214588,14.186247,14.186247,256.533998
11.178710,0.487176,32.397455,12.452523,12.452523,232.193922
15.320697,0.459976,43.485027,12.825489,12.825489,261.157401
23.016374,0.631082,63.867664,13.678174,13.678174,285.178239
15.451516,0.403910,57.362469,13.376090,13.376090,272.650836
16.200200,0.463143,50.283986,16.685423,16.685423,268.759444
12.169126,0.441607,35.647652,15.991524,15.991524,242.506761
15.790913,0.564745,58.562360,21.070647,21.070647,280.374385
18.588687,0.594858,49.685576,14.876786,14.876786,268.589522
18.403820,0.570281,50.821179,13.012531,13.012531,268.383182
15.007604,0.949776,56.257843,15.296281,15.296281,276.348240
11.183670,0.500520,32.313294,13.450874,13.450874,241.547257
13.977604,0.655851,43.068156,18.356298,18.356298,252.454475
12.497867,0.619466,34.623540,17.675808,17.675808,248.887441
13.136054,0.660298,38.012779,17.255928,17.255928,262.814803
11.013331,0.586538,30.956280,18.510413,18.510413,244.004994
20.405708,0.796013,57.148161,19.621503,19.621503,282.034732
19.170616,0.805709,45.452867,17.840930,17.840930,273.053210
19.828067,0.850030,59.285316,15.701344,15.701344,286.787162
14.876658,0.616010,37.800263,14.694255,14.694255,252.864561
15.993380,0.687179,40.932634,12.485451,12.485451,278.060267
17.605150,0.973040,48.833658,20.112903,20.112903,276.378703
18.633455,0.904239,52.602200,14.867249,14.867249,290.123472
17.985668,1.009137,45.419235,14.976563,14.976563,189.516907
18.899924,0.837166,48.857946,16.362090,16.362090,288.171024
17.690144,1.052369,54.258291,16.332681,16.332681,272.462032
9.275223,0.486632,29.791525,16.822066,16.822066,229.821659
16.899827,0.962832,59.542760,17.180311,17.180311,281.765895
16.797905,0.835246,60.123058,18.894803,18.894803,289.470501
18.143719,0.715404,60.832797,15.985028,15.985028,287.456676
12.551372,0.624234,37.280447,16.555053,16.555053,237.444214
9.280759,0.473192,27.705219,11.370393,11.370393,226.393155
8.039363,0.512808,23.828004,12.164038,12.164038,220.793415
12.021988,0.824365,37.569155,9.363609,9.363609,235.562648
10.479691,0.633130,36.493042,11.745951,11.745951,232.114496
12.570412,0.628714,40.870073,8.296423,8.296423,240.240771
15.739072,0.695051,55.718890,8.580075,8.580075,268.825140
12.668686,0.761292,51.465829,7.398297,7.398297,261.589759
11.382169,0.552489,48.573974,12.418666,12.418666,268.690930
15.254392,0.699979,52.740442,12.902738,12.902738,263.221785
13.456283,0.682955,41.313024,11.335160,11.335160,241.828765
14.802673,0.483912,44.050669,12.739215,12.739215,263.977798
10.179173,0.597098,28.784884,8.099364,8.099364,223.631381
14.812529,0.626762,50.033710,10.856113,10.856113,263.707777
14.720047,0.607818,43.630758,11.246423,11.246423,265.158232
14.043525,0.843149,39.928170,6.040514,6.040514,238.929966
14.001796,0.801005,51.195201,9.950594,9.950594,269.843205
13.509820,0.873742,50.166352,10.456490,10.456490,250.251430
13.744767,0.720652,50.624920,10.061091,10.061091,251.069171
13.570556,0.753261,50.296498,10.968306,10.968306,250.712973
12.450250,0.631338,44.042861,10.653006,10.653006,240.604969
13.434203,0.957007,45.525765,10.195685,10.195685,261.817091
10.003363,0.734156,34.234093,9.996419,9.996419,222.251231
13.125878,0.959119,44.733688,10.309192,10.309192,239.084817
13.188247,0.926287,46.638390,10.392201,10.392201,239.540472
13.569949,0.833101,46.313202,12.465739,12.465739,236.851532
13.395546,0.671211,48.311890,11.893921,11.893921,234.451493
13.455163,0.618218,45.488548,12.148358,12.148358,231.471445
13.152726,0.920079,48.767161,11.773408,11.773408,232.529030
14.309033,0.887247,48.964860,11.878882,11.878882,236.126305
12.781104,0.541897,46.258768,11.707262,11.707262,223.333552
9.573307,0.469864,33.836806,11.035828,11.035828,199.595214
14.707855,0.746668,49.713385,11.479675,11.479675,226.397890
14.405418,0.703724,54.385908,9.512154,9.512154,231.875611
15.464444,0.719979,57.850413,9.401753,9.401753,221.624564
16.267688,0.480712,54.902397,9.130740,9.130740,206.017750
16.317641,0.555369,55.733163,7.330487,7.330487,212.888262
12.441482,0.567018,38.512178,10.755535,10.755535,189.598859
15.317081,0.438567,42.957627,9.409113,9.409113,202.897443
11.700222,0.528553,33.231292,10.174950,10.174950,199.234856
15.456059,0.509737,58.543672,11.554300,11.554300,222.267839
10.718350,0.428231,40.940666,10.218663,10.218663,195.537196
11.509628,0.581001,40.687094,7.978050,7.978050,192.185686
11.536732,0.812397,36.933081,11.109428,11.109428,196.406618
11.523228,1.052689,45.414210,10.344168,10.344168,209.077832
12.691214,0.721420,42.321392,12.821201,12.821201,208.240922
7.746941,0.602122,26.987511,12.193062,12.193062,175.864363
10.778383,0.756076,37.101115,13.488443,13.488443,193.507786
9.060179,0.455271,29.994152,10.368616,10.368616,202.475740
8.392136,0.579882,29.993319,17.321594,17.321594,186.791933
12.782672,0.795053,55.516966,12.462411,12.462411,221.400176
10.947346,0.660586,57.039680,12.310536,12.310536,221.709845
11.463610,1.011185,55.306243,10.207846,10.207846,222.299615
9.752607,0.873326,48.446036,11.324376,11.324376,215.271149
11.574044,0.791341,58.812572,11.311576,11.311576,227.933114
16.014692,0.750733,68.495449,12.846449,12.846449,260.503212
11.726942,0.580138,45.993612,14.922131,14.922131,214.501280
16.916147,0.463144,62.095217,10.209286,10.209286,239.844188
17.345499,0.722123,67.287718,11.233559,11.233559,247.118451
17.475644,0.483592,61.185187,9.411737,9.411737,240.508583
17.432988,0.614858,58.983903,9.406745,9.406745,240.008383
16.837138,0.440935,61.328005,9.783167,9.783167,245.634138
14.799217,0.523848,45.210176,13.895810,13.895810,231.449204
17.201656,0.521512,55.995311,9.014899,9.014899,237.880892
9.647773,0.479688,37.298975,13.318041,13.318041,208.765955
9.694590,0.560713,33.595746,16.493580,16.493580,213.546160
10.156517,0.472488,36.699605,21.905092,21.905092,222.451297
9.490682,0.452487,34.958649,14.691471,14.691471,220.712165
10.748911,0.520840,35.681028,17.020021,17.020021,219.464336
18.445196,0.794189,63.363814,18.977813,18.977813,259.306552
18.229256,0.666155,58.921950,18.812498,18.812498,255.736094
18.581518,0.617386,57.230787,12.779183,12.779183,272.363628
19.897412,1.041841,61.378918,19.998885,19.998885,264.631215
19.670592,0.798381,65.671948,16.916915,16.916915,286.172397
10.506283,0.434087,34.370063,21.102391,21.102391,225.588564
10.101828,0.601802,33.578210,17.729984,17.729984,225.119020
10.002691,0.497416,29.112377,20.687761,20.687761,218.547042
18.869810,0.691404,65.128515,24.377997,24.377997,294.853082
19.050454,0.680203,64.793086,19.721664,19.721664,266.870675
15.471900,0.533032,51.113791,21.025078,21.025078,245.685531
21.271290,0.602794,65.363303,16.090278,16.090278,287.007195
21.058103,0.484168,61.566377,17.001716,17.001716,288.337136
21.744257,0.766605,58.467831,21.193208,21.193208,271.316731
21.171352,0.662731,68.349655,17.956004,17.956004,281.780005
20.048005,0.692812,62.104945,19.139672,19.139672,288.836856
20.258217,0.611498,56.271955,19.983877,19.983877,270.355467
19.677824,0.815021,64.022737,20.386636,20.386636,292.576949
10.806287,0.415783,37.898760,17.981444,17.981444,240.398276
16.665711,0.910351,58.974526,20.766642,20.766642,291.791048
18.700144,0.850381,61.931087,20.954837,20.954837,292.419858
17.959844,0.805677,57.888525,18.940500,18.940500,284.954168
9.847264,0.650795,33.456768,21.127319,21.127319,253.797662
9.056595,0.629354,42.964155,16.492908,16.492908,269.353499
17.083350,1.160979,56.325460,16.215048,16.215048,292.058509
12.675086,0.748013,44.212686,16.927507,16.927507,281.633443
15.410491,0.878254,65.680876,15.881315,15.881315,293.264992
16.183879,0.846734,64.910847,18.645711,18.645711,300.838331
17.150935,0.853838,68.952801,18.027238,18.027238,304.824700
13.824192,0.767981,47.189727,19.196024,19.196024,285.097754
17.313914,0.747564,55.738378,14.414027,14.414027,284.642324
15.527453,0.763916,49.670696,20.218504,20.218504,280.131466
16.983348,0.769292,57.197410,23.509918,23.509918,297.160382
9.003699,0.507336,31.859686,17.575934,17.575934,256.682925
10.750767,0.498152,38.224653,13.258327,13.258327,283.418655
9.588124,0.608681,32.216876,21.177752,21.177752,261.912097
18.574446,0.733004,63.565289,20.123111,20.123111,307.767755
15.743424,0.554761,46.552885,17.382843,17.382843,286.238093
13.193111,0.659946,43.760040,19.727425,19.727425,281.584290
10.371784,0.608074,32.796597,12.948818,12.948818,252.423239
13.872834,0.567305,40.222702,14.574189,14.574189,285.391999
20.560398,0.809870,66.492056,16.226568,16.226568,303.984494
20.992117,0.828653,61.689323,23.142776,23.142776,298.272304
18.045893,0.609834,55.057311,19.292249,19.292249,295.944714
20.568270,0.738412,61.162242,24.380908,24.380908,295.369185
10.303655,0.437767,30.847766,19.426108,19.426108,243.983774
19.766625,0.799597,61.144098,16.718287,16.718287,289.113595
9.989282,0.439687,29.246587,19.992357,19.992357,230.224734
9.928257,0.380807,30.667218,18.490925,18.490925,229.721046
9.972610,0.355654,31.920198,18.282122,18.282122,231.619573
15.405723,0.609898,57.685289,20.853235,20.853235,293.854281
11.119093,0.434375,34.128331,24.027335,24.027335,235.181839
16.408491,0.525544,45.186111,16.482316,16.482316,282.854198
18.725168,0.782765,51.741033,19.538238,19.538238,274.366060
10.011139,0.430471,30.464879,21.114424,21.114424,223.036010
9.920162,0.340389,28.076936,17.855138,17.855138,222.213180
11.228439,0.574313,38.217485,17.937059,17.937059,236.277056
12.035235,0.640811,40.405968,18.392011,18.392011,240.447300
17.101718,0.750445,55.110431,16.947860,16.947860,285.981417
16.150503,0.970768,47.164670,17.059509,17.059509,247.129905
11.005363,0.591594,45.483395,20.495982,20.495982,244.021247
9.857761,0.533032,31.871654,19.953989,19.953989,221.201996
13.735039,0.685739,43.053852,19.206744,19.206744,236.808329
15.371098,0.829645,57.472902,18.870291,18.870291,274.512942
10.039107,0.556009,35.965961,18.412396,18.412396,215.606225
17.924739,0.762509,55.436869,15.598045,15.598045,242.680424
18.898899,0.901263,65.583465,18.481101,18.481101,251.454711
17.249240,0.637898,57.275939,17.163094,17.163094,233.182670
14.192615,0.487752,60.472823,18.878515,18.878515,258.654060
13.200886,0.603146,51.192928,20.636335,20.636335,225.415759
13.594589,0.445351,46.615510,20.097383,20.097383,223.564786
21.512061,0.615274,62.502904,19.651584,19.651584,244.633800
21.804258,0.533929,68.489305,19.705920,19.705920,255.038961
21.982726,0.700427,74.522779,18.747248,18.747248,264.444650
21.413500,0.495336,69.561579,15.952675,15.952675,254.196899
21.524286,0.569385,71.972242,21.641087,21.641087,260.841135
21.720545,0.551785,73.679950,15.575805,15.575805,259.533178
22.856435,0.641291,81.979284,20.267146,20.267146,280.210058
23.746561,0.612234,72.453882,17.279001,17.279001,275.528861
16.584654,0.491688,62.775612,16.117830,16.117830,255.341622
14.224967,0.428391,53.432741,18.888851,18.888851,246.989198
17.308921,0.495048,63.391302,24.949142,24.949142,274.693456
21.987557,0.477608,50.359507,20.339402,20.339402,289.047481
15.176983,0.418855,36.976953,32.646035,32.646035,256.678796
27.551904,0.455111,58.115472,29.021016,29.021016,304.799673
24.980502,0.570601,78.684639,28.595536,28.595536,325.879343
24.280171,0.566921,89.869333,29.649505,29.649505,337.338218
22.708593,0.538280,88.434141,27.825317,27.825317,341.538958
19.479452,0.473224,58.301715,35.270109,35.270109,317.432454
23.977414,0.562025,78.283800,25.269563,25.269563,337.223432
23.218202,0.565289,79.220007,35.343742,35.343742,346.032759
12.165702,0.413607,42.250126,25.528927,25.528927,292.971641
21.974533,0.555817,65.756237,22.399244,22.399244,344.563903
18.447948,0.412455,52.665560,20.703025,20.703025,303.847690
22.473933,0.569769,71.858256,21.208089,21.208089,328.813183
23.106103,0.562825,70.108883,22.762162,22.762162,332.118068
23.290875,0.471112,61.444230,21.231353,21.231353,322.023569
24.405708,0.545513,74.134485,29.871621,29.871621,358.515745
17.956292,0.458631,45.369793,23.936837,23.936837,307.820138
24.650320,0.538889,63.340773,29.297788,29.297788,337.897970
18.833330,0.444871,54.956893,28.483311,28.483311,325.020673
21.158872,0.472135,54.477206,19.756417,19.756417,329.874320
25.567328,0.662858,60.806172,25.632257,25.632257,368.632934
13.051124,0.402471,36.371599,19.901475,19.901475,307.723560
25.233242,0.597674,72.728957,32.473328,32.473328,371.369106
17.123350,0.490280,52.051054,26.196265,26.196265,327.695308
14.143109,0.465160,40.903065,26.805876,26.805876,317.453670
13.714783,0.475560,44.699222,21.604927,21.604927,314.167377
22.947893,0.642411,56.280786,25.793603,25.793603,333.556940
15.072181,0.503048,42.894233,21.781410,21.781410,309.615302
16.723920,0.621482,59.465926,21.693569,21.693569,338.189527
14.338697,0.496585,46.581972,20.131559,20.131559,308.375731
16.910099,0.716300,60.924318,25.091992,25.091992,351.708883
15.704735,0.532361,43.768743,30.581424,30.581424,287.218554
16.696207,0.524969,47.461091,29.491167,29.491167,289.899110
18.988565,0.590089,52.349587,31.042008,31.042008,299.723558
15.015476,0.547977,44.367409,25.362908,25.362908,288.015624
16.172487,0.623082,67.944784,21.737313,21.737313,326.481977
16.044228,0.607594,63.705099,28.361869,28.361869,307.032604
12.911794,0.588041,39.489762,21.959237,21.959237,280.103079
15.125110,0.598730,60.475254,23.500318,23.500318,304.607093
17.797697,0.689515,59.885165,19.629663,19.629663,305.305568
27.751394,0.734764,77.776560,27.712706,27.712706,335.383560
27.973734,0.731052,76.057812,26.089064,26.089064,339.647470
28.806996,0.742028,72.089491,36.081514,36.081514,390.457127
16.731183,0.568266,52.321874,45.335648,45.335648,325.791052
15.758400,0.488904,45.400194,27.784963,27.784963,300.018026
25.140537,0.768172,70.591803,32.891542,32.891542,337.913586
27.109785,0.868718,82.286168,37.800710,37.800710,373.922587
28.640433,0.598122,73.125251,36.843574,36.843574,345.878418
28.655410,0.591753,71.711789,34.790870,34.790870,346.272570
15.431194,0.394119,46.699350,38.908473,38.908473,306.610741
17.293593,0.487016,58.916733,37.798118,37.798118,322.168562
24.462702,0.616906,78.880289,35.955944,35.955944,347.925268
22.281738,0.620138,70.549338,32.202923,32.202923,334.578875
14.544396,0.552297,52.611126,21.576863,21.576863,311.730504
22.254153,0.798413,77.780592,22.578831,22.578831,339.911730
22.182760,0.718284,80.030068,25.666561,25.666561,352.202777
13.409082,0.446663,44.119341,36.410991,36.410991,306.527731
12.547244,0.391398,39.824327,30.802549,30.802549,328.164947
23.661729,0.718379,77.763312,30.814548,30.814548,354.775843
13.796928,0.314949,41.309632,39.394400,39.394400,336.246518
20.961524,0.425511,58.412821,33.840742,33.840742,333.723213
29.348605,0.573961,72.171604,35.570050,35.570050,360.921319
29.799460,0.519880,69.894895,33.925671,33.925671,354.037526
19.030422,0.398086,46.852153,36.799158,36.799158,312.875355
31.205467,0.439143,71.833839,32.250892,32.250892,350.355899
32.951863,0.549449,86.620447,36.345742,36.345742,398.402599
33.194812,0.477479,81.919187,37.282974,37.282974,365.547762
33.616834,0.492680,84.517661,46.768887,46.768887,376.745607
34.475792,0.442311,88.481821,34.640691,34.640691,370.201853
36.050058,0.383942,77.235878,33.157690,33.157690,360.233947
36.217005,0.407366,79.172614,33.364990,33.364990,363.494960
37.007321,0.349254,81.219463,37.530114,37.530114,387.911293
18.155655,0.256260,48.143566,36.179435,36.179435,330.580345
27.966566,0.291141,73.427241,30.886582,30.886582,349.918068
39.396352,0.374822,81.164647,37.279454,37.279454,386.613608
40.055691,0.360581,72.796223,34.290861,34.290861,370.578147
38.341199,0.434151,75.244326,41.732358,41.732358,380.027676
37.996009,0.449927,73.850608,35.933576,35.933576,379.636630
17.592093,0.338822,39.704965,35.116090,35.116090,343.716622
25.696737,0.411815,54.610103,36.442480,36.442480,351.554670
36.009225,0.659786,67.976048,43.600548,43.600548,377.858649
38.481617,0.517032,75.866224,34.828374,34.828374,419.713056
39.593443,0.541768,69.095747,28.525744,28.525744,379.178318
39.255549,0.451656,78.214070,43.609156,43.609156,415.800960
40.063947,0.463399,74.999362,42.300143,42.300143,421.851651
39.270046,0.462951,77.604173,35.749220,35.749220,429.326972
30.892822,0.484264,60.430229,41.501186,41.501186,390.606728
40.054283,0.556233,68.877694,37.610819,37.610819,393.605144
21.580350,0.387238,44.923194,31.472799,31.472799,344.181621
36.163787,0.512872,70.387607,40.554578,40.554578,399.877981
36.518673,0.528169,79.442506,43.717222,43.717222,424.644656
37.564642,0.524968,75.095076,40.722645,40.722645,422.133063
30.262572,0.540136,82.532317,41.902633,41.902633,426.899605
23.386427,0.438215,74.572635,43.396193,43.396193,390.855851
17.918115,0.431719,63.132545,41.298015,41.298015,382.107165
24.117031,0.519465,56.801498,40.996057,40.996057,378.706501
31.231099,0.695116,92.270458,41.961226,41.961226,430.488687
26.214858,0.599498,67.875822,43.645765,43.645765,401.413015
31.780100,0.425415,60.623704,45.976202,45.976202,380.568003
35.243357,0.537288,75.186181,43.822472,43.822472,410.656653
27.584160,0.505544,69.151619,40.086859,40.086859,378.219006
26.825651,0.368230,67.272869,39.198620,39.198620,373.362350
35.737284,0.560937,75.756430,42.350480,42.350480,410.207973
34.410414,0.621802,77.231143,39.553859,39.553859,396.431333
33.561537,0.586154,71.364775,41.320255,41.320255,405.844414
26.226730,0.434951,63.514664,37.058234,37.058234,372.829382
34.881078,0.595626,74.601819,35.316958,35.316958,389.177103
33.975399,0.638123,65.577353,44.010730,44.010730,381.318255
34.794549,0.564233,79.136613,40.536882,40.536882,399.991678
24.605711,0.518473,55.876715,35.703140,35.703140,355.423755
32.061704,0.603882,61.867085,37.173884,37.173884,391.566838
31.041624,0.645195,69.671627,33.875942,33.875942,394.460837
31.210523,0.715435,80.298072,26.810068,26.810068,381.401649
31.054968,0.653387,70.173011,32.268812,32.268812,375.001928
30.170122,0.645291,74.370871,36.118698,36.118698,383.840504
32.667698,0.639659,72.091922,39.866183,39.866183,378.971817
17.177559,0.417767,45.776103,36.726804,36.726804,336.037072
30.568208,0.493352,77.310279,29.008151,29.008151,395.550198
35.967208,0.657963,72.256757,35.115098,35.115098,375.518673
38.204332,0.557929,93.837331,35.526177,35.526177,405.015375
37.815974,0.587434,72.504409,39.188220,39.188220,382.245918
18.292265,0.378151,49.127805,37.654115,37.654115,337.110785
28.339148,0.382950,58.840891,40.591475,40.591475,356.793888
22.108391,0.448263,47.914346,38.247437,38.247437,347.789326
30.037095,0.591018,75.255942,37.269117,37.269117,367.841556
36.741364,0.476584,78.353240,42.812407,42.812407,393.539413
41.064922,0.589738,77.799375,40.259085,40.259085,388.857193
32.232811,0.442087,75.791055,40.829367,40.829367,375.791989
40.205645,0.594314,90.529789,35.540449,35.540449,400.602184
36.877815,0.483368,84.117397,39.461344,39.461344,394.805321
34.009064,0.531912,92.207353,32.295436,32.295436,400.121055
33.559009,0.508680,90.357179,40.105259,40.105259,420.911473
32.950871,0.516552,83.794864,37.964809,37.964809,407.666010
25.439677,0.550121,62.292884,35.970568,35.970568,358.622462
30.713779,0.724364,76.920224,39.431040,39.431040,383.071339
29.721507,0.585001,69.347270,40.369231,40.369231,406.644809
21.631935,0.492232,59.574215,32.810357,32.810357,351.403529
29.352157,0.591049,78.517819,36.376911,36.376911,387.834904
14.864690,0.497864,43.758182,39.702501,39.702501,341.623018
27.794499,0.614954,77.665613,40.705077,40.705077,404.866732
18.723056,0.513800,58.031310,42.175469,42.175469,359.150566
23.833795,0.594889,65.275716,38.559378,38.559378,371.374284
21.694721,0.821101,81.020867,26.200425,26.200425,372.089368
22.532590,0.822029,81.401994,30.991575,30.991575,383.693428
22.749905,0.791501,73.607242,27.668321,27.668321,387.105259
21.896836,0.751852,63.324196,30.864693,30.864693,365.667536
20.139975,0.733100,65.451046,29.729315,29.729315,354.696574
12.153509,0.412711,44.142188,22.850867,22.850867,215.267686
19.465596,0.655530,57.237057,30.049864,30.049864,225.727792
10.586347,0.415783,36.264525,37.856071,37.856071,310.685619
12.802256,0.507848,40.199564,30.767284,30.767284,177.730469
18.754353,0.427143,50.989275,35.982088,35.982088,374.693186
12.356360,0.408999,35.631426,30.142729,30.142729,157.867778
19.892995,0.335109,49.906762,29.968934,29.968934,308.795860
14.952883,0.483528,44.012522,30.633457,30.633457,158.154247
11.405593,0.268517,37.080057,17.747680,17.747680,135.292724
18.392811,0.444711,53.600486,24.516974,24.516974,157.474556
14.745936,0.384838,56.475701,25.706849,25.706849,148.577036
14.647918,0.364294,58.860731,27.583136,27.583136,155.706367
14.984755,0.435239,57.144512,16.762608,16.762608,142.997969
15.906242,0.450536,56.758009,25.660353,25.660353,156.949716
15.212439,0.236132,53.433411,24.110695,24.110695,157.122198
