1403637148338319104.000000 26.087799072 7.164998055 -19.108959198 -0.602392375 -0.521618843 -0.420745075 0.433602154
1403637150188318976.000000 26.130775452 7.157176971 -19.062747955 -0.608315229 -0.581776619 -0.386337578 0.377136558
1403637152438319104.000000 26.483310699 7.648381233 -18.603786469 -0.602702320 -0.559550226 -0.408911467 0.395531148
1403637155238319104.000000 27.123487473 8.363774300 -18.581714630 -0.638104022 -0.521158934 -0.438374341 0.359227717
1403637156038319104.000000 27.364425659 8.732213020 -18.597339630 -0.701295078 -0.420942783 -0.473976225 0.326096624
1403637158288318976.000000 29.123405457 8.639521599 -18.915538788 -0.772076845 -0.259176612 -0.541519225 0.208523005
1403637161188318976.000000 32.250110626 6.525842667 -19.203956604 0.829500616 -0.054783504 0.555811524 -0.001056101
1403637162388318976.000000 33.392364502 5.412480831 -18.963783264 0.789361835 -0.106172137 0.604078710 0.026912000
1403637164288318976.000000 32.578208923 3.206125498 -19.064569473 0.742648900 -0.323879957 0.561532259 0.168095201
1403637167238319104.000000 29.664211273 0.377326131 -19.219820023 0.753751695 -0.252963722 0.508589327 0.330461413
1403637170188318976.000000 32.147487640 4.143784523 -19.734390259 0.801205993 -0.021287706 0.591809750 0.085889310
1403637172238319104.000000 31.617286682 7.687757015 -20.025609970 -0.751364529 -0.233027861 -0.593928337 0.168518886
1403637173488318976.000000 30.023237228 8.419885635 -19.990575790 -0.838864028 -0.077325813 -0.523145497 0.129022226
1403637173788318976.000000 29.917039871 8.397109985 -20.077440262 -0.845208287 0.000499852 -0.523020864 0.109871864
1403637174038319104.000000 29.927476883 8.283120155 -20.152912140 0.856931388 -0.019382723 0.511142910 -0.063448951
1403637174538319104.000000 30.132019043 7.902271271 -20.080986023 0.804533184 -0.035629500 0.590127528 -0.056625850
1403637174788318976.000000 30.203113556 7.634387970 -20.005743027 0.796803176 -0.060128327 0.601147473 -0.010533717
1403637177538319104.000000 28.381013870 3.572749615 -20.059072495 0.835264027 -0.187995031 0.504126906 0.113349244
1403637178738319104.000000 28.694828033 1.994348526 -20.176624298 0.780343771 -0.235045075 0.525417387 0.244446099
1403637181588318976.000000 31.953002930 3.544192553 -20.228624344 0.762783706 -0.274372190 0.540134430 0.226132348
1403637184138319104.000000 32.561477661 7.365697384 -19.786787033 0.727470100 -0.342101455 0.580174625 0.130962878
1403637184338319104.000000 32.228836060 7.527129650 -19.798671722 0.739832580 -0.326878637 0.566385746 0.158130661
1403637184988318976.000000 31.088907242 7.841806889 -19.931808472 0.784548938 -0.314964235 0.506088436 0.170748547
1403637185288318976.000000 30.639854431 7.853171349 -19.913101196 0.790631711 -0.316779047 0.495900035 0.169221178
1403637185588318976.000000 30.277235031 7.775915146 -19.820281982 0.797484457 -0.310069501 0.484915406 0.180921212
1403637186688318976.000000 29.480539322 7.218681335 -19.381931305 0.759293914 -0.304587990 0.541100264 0.194703758
1403637187088318976.000000 29.228637695 7.010708332 -19.272109985 0.752986670 -0.332849115 0.545566678 0.156778917
1403637187388318976.000000 29.003114700 6.786768436 -19.256256104 0.765421331 -0.328951359 0.521551132 0.184135228
1403637187638319104.000000 28.824115753 6.556081772 -19.270137787 0.773067474 -0.333789349 0.503462255 0.193590403
1403637187988318976.000000 28.616041183 6.177244186 -19.323148727 0.774970293 -0.338006049 0.497210115 0.194820732
1403637190838319104.000000 27.581102371 2.832259893 -19.707105637 0.725541353 -0.361634701 0.526522458 0.256094277
1403637191838319104.000000 27.092882156 2.170510292 -19.741840363 0.746047318 -0.340125561 0.514950037 0.250109136
1403637192088318976.000000 26.997322083 2.072323322 -19.678024292 0.754080713 -0.336709410 0.499289602 0.262104809
1403637192638319104.000000 26.995481491 1.916986704 -19.470447540 0.759728849 -0.353684455 0.487780035 0.244519815
1403637193488318976.000000 27.380228043 1.589047074 -19.225322723 0.749206603 -0.361374527 0.505044281 0.230278447
1403637193788318976.000000 27.561630249 1.403724432 -19.156726837 0.753430247 -0.347317457 0.500212252 0.247994199
1403637194338319104.000000 27.996950150 1.083823800 -19.081254959 0.746930957 -0.346318454 0.509301782 0.250538290
1403637194588318976.000000 28.221611023 0.963454485 -19.054029465 0.748866558 -0.349333644 0.505773425 0.247705877
1403637197388318976.000000 31.287601471 1.759709954 -19.003257751 0.756433725 -0.270050317 0.556389034 0.212866783
1403637200038319104.000000 31.772842407 8.141002655 -18.692020416 -0.718321264 -0.226084337 -0.610124171 0.246270090
1403637200188318976.000000 31.604871750 8.445402145 -18.765428543 -0.693206131 -0.270072073 -0.603967369 0.285919189
1403637203038319104.000000 29.439996719 8.987847328 -19.000352859 -0.759851038 -0.306802183 -0.532606184 0.211729795
1403637205888318976.000000 29.496715546 8.186882019 -19.091255188 -0.753899813 -0.318021685 -0.531916678 0.218086973
1403637208388318976.000000 28.931453705 7.985971451 -18.927049637 -0.763104379 -0.295539767 -0.528673947 0.225459233
1403637209788318976.000000 28.643457413 7.856929779 -18.941383362 -0.768056870 -0.367177695 -0.475265682 0.222242355
1403637212288318976.000000 30.538797379 10.984975815 -19.572080612 -0.740595460 -0.333798409 -0.524448514 0.255050689
1403637212588318976.000000 30.901899338 11.344397545 -19.527093887 -0.744722247 -0.334090441 -0.521711528 0.248172238
1403637212888318976.000000 31.244234085 11.687895775 -19.450479507 -0.753475070 -0.340974897 -0.510478854 0.235420257
1403637213138319104.000000 31.531438828 11.986443520 -19.367702484 -0.753988326 -0.344295055 -0.507016659 0.236424640
1403637213388318976.000000 31.816982269 12.292984009 -19.323463440 -0.752236843 -0.344415665 -0.507306755 0.241158500
1403637213688318976.000000 32.139343262 12.655298233 -19.318470001 -0.742114782 -0.354545772 -0.521561503 0.227016762
1403637213938319104.000000 32.375015259 12.953235626 -19.364923477 -0.741048157 -0.363293886 -0.521636665 0.216241509
1403637214288318976.000000 32.637763977 13.406551361 -19.396633148 -0.720394611 -0.372955859 -0.526487112 0.254454106
1403637214588318976.000000 32.793632507 13.782284737 -19.351160049 -0.672462642 -0.433773756 -0.531133592 0.278444648
1403637214888318976.000000 32.842914581 14.132633209 -19.259952545 -0.637027442 -0.473503530 -0.536324382 0.286961108
1403637215188318976.000000 32.756454468 14.442867279 -19.186820984 -0.630160153 -0.471647769 -0.538878083 0.300095081
1403637216388318976.000000 31.378507614 14.919976234 -18.989667892 -0.553367794 -0.572015941 -0.416364610 0.439570725
1403637216688318976.000000 31.009035110 14.843963623 -18.936248779 -0.546239257 -0.559763372 -0.421715617 0.458741397
1403637216988318976.000000 30.678253174 14.672935486 -18.906442642 -0.541186631 -0.548829675 -0.438678980 0.462021410
1403637217288318976.000000 30.393985748 14.391613960 -18.879106522 -0.570363164 -0.537769556 -0.408121169 0.467896134
1403637217688318976.000000 30.138370514 13.888114929 -18.909849167 -0.557311416 -0.545126855 -0.414737135 0.469290704
1403637217988318976.000000 30.011566162 13.420287132 -18.924787521 -0.496631026 -0.601904988 -0.411359459 0.471011102
1403637218288318976.000000 29.890153885 12.869314194 -18.925624847 -0.480299920 -0.627856374 -0.384317160 0.476873904
1403637218588318976.000000 29.788400650 12.247959137 -18.980295181 -0.475500375 -0.629785776 -0.383516163 0.479775608
1403637218888318976.000000 29.676084518 11.594690323 -19.005037308 -0.482794672 -0.635848165 -0.383083344 0.464600533
1403637219188318976.000000 29.540838242 10.909878731 -19.110061646 -0.478207082 -0.641313910 -0.393993974 0.452552021
1403637220288318976.000000 28.753259659 8.480514526 -19.002641678 -0.518400908 -0.652658343 -0.347751319 0.429379523
1403637223138319104.000000 27.580123901 5.931200981 -19.135631561 -0.652301192 -0.524116993 -0.419017673 0.352461010
1403637224938319104.000000 27.573646545 6.020137787 -18.965858459 -0.625902355 -0.521381140 -0.444061607 0.373118252
1403637225938319104.000000 27.445611954 5.946039677 -19.035007477 -0.623199046 -0.532302558 -0.441179216 0.365565062
1403637228038319104.000000 26.948850632 5.981449604 -18.978025436 -0.627729356 -0.518410206 -0.444696784 0.373432130
1403637228288318976.000000 26.943529129 6.012230873 -19.017400742 -0.619805157 -0.516859949 -0.452267736 0.379672766
1403637229338319104.000000 26.810445786 5.939161301 -18.992267609 -0.620111823 -0.521951914 -0.456087470 0.367439419
1403637229638319104.000000 26.751892090 5.880872250 -19.048069000 -0.680705130 -0.475224912 -0.432138234 0.352219194
1403637230438319104.000000 26.756557465 5.803554535 -19.162633896 -0.752163291 -0.336126804 -0.517665267 0.230850324
1403637230738319104.000000 26.788547516 5.824885368 -19.115238190 -0.749253929 -0.301697612 -0.544235408 0.226726800
1403637230988318976.000000 26.781032562 5.806835651 -19.077816010 -0.788795829 -0.249305621 -0.527254760 0.194036976
1403637231238319104.000000 26.812707901 5.770013809 -19.110689163 -0.814995706 -0.171701714 -0.534549952 0.143376470
1403637231538319104.000000 26.877676010 5.690248013 -19.246250153 -0.829733968 -0.048911255 -0.550114691 0.080765814
1403637231838319104.000000 26.974636078 5.578284264 -19.456489563 0.831085742 -0.062874191 0.552559972 -0.004565302
1403637232088318976.000000 27.102809906 5.457401752 -19.555713654 0.816084921 -0.136573970 0.560269117 0.038098883
1403637232388318976.000000 27.262844086 5.249422073 -19.600296021 0.787853777 -0.200584456 0.574387074 0.095561318
1403637232638319104.000000 27.354644775 5.036729813 -19.630161285 0.775419652 -0.269132465 0.558660269 0.119124748
1403637233038319104.000000 27.444389343 4.597620010 -19.565679550 0.778090656 -0.343296766 0.503114939 0.153614968
1403637235838319104.000000 31.102912903 3.413956881 -20.304901123 0.811123550 -0.076371804 0.571571171 0.097736746
1403637236138319104.000000 31.519155502 3.785327911 -20.258134842 -0.806335568 -0.001284763 -0.583133996 -0.098873742
1403637238838319104.000000 30.339494705 8.035490036 -18.713727951 0.838231623 -0.164369389 0.511889517 -0.091212533
1403637239138319104.000000 29.933408737 7.713372231 -18.614173889 0.869635165 -0.172663376 0.459679633 -0.051154409
1403637239438319104.000000 29.722072601 7.136296749 -18.513099670 0.847568393 -0.178045392 0.499674439 0.015907561
1403637239738319104.000000 29.601888657 6.423980236 -18.514995575 0.818270624 -0.236222580 0.518455923 0.076390855
1403637240288318976.000000 29.480136871 5.019264698 -18.832723618 0.743634224 -0.342540175 0.532158732 0.215595707
1403637240688318976.000000 29.392452240 4.061245918 -19.070035934 0.753505886 -0.377603263 0.478897363 0.245564431
1403637241038319104.000000 29.411558151 3.229575157 -19.164928436 0.736365199 -0.354439527 0.509159148 0.269992590
1403637241338319104.000000 29.477378845 2.583243370 -19.275453568 0.743630648 -0.342353880 0.506975830 0.269783109
1403637241638319104.000000 29.592050552 2.017159939 -19.397579193 0.745201766 -0.317717344 0.509059370 0.290841222
1403637241988318976.000000 29.808013916 1.511670470 -19.456592560 0.718293071 -0.316174984 0.551466763 0.282794803
1403637242338319104.000000 30.019302368 1.216672421 -19.442848206 0.723113775 -0.309720784 0.539524615 0.300154567
1403637242688318976.000000 30.236652374 1.136437416 -19.445983887 0.724484861 -0.288649619 0.545335114 0.307266504
1403637242988318976.000000 30.437360764 1.270606756 -19.402353287 0.727826595 -0.268036634 0.573492467 0.263687968
1403637243288318976.000000 30.611677170 1.535168648 -19.372459412 0.745621860 -0.260138899 0.559635937 0.251363397
1403637243588318976.000000 30.764707565 1.909935236 -19.370693207 0.753206909 -0.272340477 0.551375151 0.233442724
1403637243888318976.000000 30.902864456 2.335702181 -19.331130981 0.761536598 -0.303025275 0.537604809 0.198037028
1403637244388318976.000000 31.097408295 2.977431536 -19.077596664 0.761621356 -0.317513674 0.530478656 0.194191501
1403637244738319104.000000 31.224832535 3.335977554 -18.842739105 0.787198246 -0.274427474 0.517314732 0.193375170
1403637245038319104.000000 31.363328934 3.617637873 -18.719270706 0.798319459 -0.256625444 0.517139077 0.171454549
1403637245288318976.000000 31.510744095 3.813662529 -18.657154083 0.804066837 -0.263172239 0.510742486 0.152836680
1403637245638319104.000000 31.789775848 4.023821354 -18.595878601 0.807526350 -0.232714206 0.516683817 0.163655788
1403637245938319104.000000 32.082679749 4.181804180 -18.594621658 0.805567622 -0.171916410 0.551944971 0.129855171
1403637246238319104.000000 32.387474060 4.360773563 -18.640401840 0.811696231 -0.068460822 0.576871932 0.060673453
1403637246488318976.000000 32.612243652 4.522590637 -18.693479538 -0.809176087 -0.042465840 -0.586029530 -0.000198967
1403637246788318976.000000 32.829132080 4.748014450 -18.803901672 -0.779460907 -0.154302359 -0.603059530 0.070360616
1403637247088318976.000000 32.948791504 5.018735886 -18.869115829 -0.778013527 -0.229865178 -0.571203291 0.124834903
1403637247488318976.000000 32.998367310 5.410451412 -18.978240967 -0.760822892 -0.233226731 -0.584624350 0.158013105
1403637247838319104.000000 32.946464539 5.761489868 -19.120857239 -0.742976427 -0.269019455 -0.592993379 0.154833555
1403637248438319104.000000 32.535797119 6.358874321 -19.223371506 -0.741674542 -0.323223025 -0.546190023 0.217076719
1403637248788318976.000000 32.211513519 6.697540283 -19.270332336 -0.741447389 -0.326271296 -0.546577692 0.212263450
1403637249088318976.000000 31.890077591 6.971919537 -19.245391846 -0.750902236 -0.318025738 -0.540950894 0.205858588
1403637249388318976.000000 31.554037094 7.265666008 -19.163280487 -0.752352834 -0.310377806 -0.543998778 0.204196468
1403637250288318976.000000 30.422252655 8.137995720 -19.204170227 -0.740239918 -0.337212890 -0.521422446 0.257780969
1403637253088318976.000000 28.811826706 9.031639099 -18.901117325 -0.692944944 -0.429648668 -0.482577771 0.319918990
1403637255988318976.000000 27.976118088 8.195211411 -18.727327347 -0.596051633 -0.560888946 -0.426795870 0.384670347
1403637257388318976.000000 27.240583420 7.591588974 -18.692762375 -0.563202441 -0.592034400 -0.402577668 0.412588954
1403637257688318976.000000 27.084640503 7.475865364 -18.664104462 -0.562758684 -0.601526797 -0.391304761 0.410303235
1403637258888318976.000000 26.406974792 7.286825657 -18.797540665 -0.494683921 -0.646678269 -0.337217540 0.472630262
1403637259288318976.000000 26.239248276 7.272659302 -18.804075241 -0.498502403 -0.641167045 -0.338302255 0.475343883
1403637259788318976.000000 26.129598618 7.248437881 -18.775264740 -0.504871249 -0.638156176 -0.335176349 0.474888057
1403637260288318976.000000 26.123060226 7.211904049 -18.821529388 -0.495931149 -0.644783616 -0.347624570 0.466329843
1403637260588318976.000000 26.130968094 7.178170204 -18.881044388 -0.492431343 -0.657277942 -0.350695550 0.450010806
1403637260888318976.000000 26.108411789 7.153281689 -18.942192078 -0.492917776 -0.652856469 -0.348777711 0.457345217
1403637261188318976.000000 26.071487427 7.134812355 -19.013002396 -0.495238304 -0.656047344 -0.344253123 0.453685731
1403637261488318976.000000 26.026542664 7.118739605 -19.034826279 -0.497455835 -0.651708007 -0.341610312 0.459474564
1403637261738319104.000000 25.987455368 7.122112751 -19.041654587 -0.503656626 -0.661150992 -0.334138572 0.444478095
1403637261988318976.000000 25.946477890 7.148649216 -19.043437958 -0.494546622 -0.648475885 -0.349271268 0.461424321
1403637262288318976.000000 25.899168015 7.172875404 -19.125497818 -0.498246282 -0.637792945 -0.348508418 0.472771257
1403637262688318976.000000 25.960960388 7.218979836 -18.992397308 -0.515614510 -0.629054070 -0.368262887 0.450350165
1403637262888318976.000000 25.974859238 7.256382465 -18.906948090 -0.517341077 -0.624997735 -0.368741781 0.453613967
1403637263288318976.000000 25.940885544 7.353862762 -18.716543198 -0.518854201 -0.624528527 -0.368211299 0.452962399
1403637263688318976.000000 25.805715561 7.494674683 -18.558094025 -0.518885970 -0.624689579 -0.368137062 0.452764183
1403637263888318976.000000 25.698226929 7.580575943 -18.487648010 -0.519291699 -0.624141634 -0.367668331 0.453435093
1403637264288318976.000000 25.403055191 7.782433033 -18.370832443 -0.519457221 -0.623908877 -0.367776603 0.453477949
1403637264688318976.000000 25.002664566 8.027456284 -18.282606125 -0.519716263 -0.623851418 -0.367797017 0.453243613
1403637265088318976.000000 24.500556946 8.317425728 -18.220899582 -0.520008564 -0.623706937 -0.367832035 0.453078777
1403637265288318976.000000 24.210527420 8.478009224 -18.199573517 -0.520155132 -0.623842478 -0.367821634 0.452732325
1403637265388318976.000000 24.055709839 8.562035561 -18.191444397 -0.520192742 -0.623869598 -0.367785126 0.452681422
1403637265488318976.000000 23.894428253 8.648683548 -18.184829712 -0.520308912 -0.623944640 -0.367839694 0.452400059
