1403638147795097088.000000 -4.760174751 1.245057464 7.283710957 -0.598210156 -0.587266803 -0.384114414 0.386934817
1403638149345096960.000000 -4.805249214 1.470722795 7.633567333 -0.574919879 -0.585272729 -0.395767838 0.412663013
1403638152245096960.000000 -5.998035908 2.279284954 7.826486111 -0.413510263 -0.714084625 -0.292118639 0.483486325
1403638152695097088.000000 -6.357933521 2.402555704 7.831363678 -0.415864378 -0.715322137 -0.293634683 0.478695929
1403638153295097088.000000 -6.927293777 2.569876671 7.927279949 -0.372644365 -0.740673780 -0.252214015 0.498925626
1403638153545096960.000000 -7.174474716 2.648715734 7.962130547 -0.340505809 -0.758931279 -0.241797447 0.499613106
1403638153945096960.000000 -7.621230602 2.773428917 8.038422585 -0.287428021 -0.774142861 -0.209802613 0.523517787
1403638155495097088.000000 -9.339170456 2.766933441 8.137792587 -0.197633088 -0.782061815 -0.174690336 0.564627171
1403638155645096960.000000 -9.491224289 2.701295376 8.137051582 -0.183950841 -0.781921089 -0.153075770 0.575612187
1403638156245096960.000000 -9.998698235 2.347414494 8.116705894 -0.081167623 -0.818773389 -0.049095310 0.566225886
1403638156445096960.000000 -10.149909973 2.228406906 8.142431259 -0.056869727 -0.827932596 -0.026089851 0.557326555
1403638156645096960.000000 -10.306824684 2.122054577 8.146001816 -0.047177196 -0.829952240 -0.018029107 0.555543602
1403638157045096960.000000 -10.663584709 1.953828812 8.098278046 -0.050030675 -0.832025051 -0.020866949 0.552083194
1403638157745096960.000000 -11.438505173 1.739638329 8.146727562 -0.010682269 -0.823414922 -0.017372262 0.567073107
1403638157995097088.000000 -11.736955643 1.650482416 8.173736572 0.031299211 -0.820613384 0.016539095 0.570386350
1403638158245096960.000000 -12.014484406 1.560385466 8.199137688 0.049302198 -0.821561277 0.047254600 0.566015482
1403638158645096960.000000 -12.445179939 1.443011761 8.179627419 0.064395443 -0.817263484 0.040513821 0.571220100
1403638159095097088.000000 -12.907700539 1.292328835 8.174625397 0.048780840 -0.832321346 0.050561722 0.549822748
1403638159295097088.000000 -13.127273560 1.232916474 8.194018364 0.047319941 -0.839732766 0.048136331 0.538788140
1403638160295097088.000000 -14.129206657 1.219231367 8.562242508 0.051665731 -0.816961169 0.047646612 0.572394073
1403638160545096960.000000 -14.295359612 1.272538424 8.738766670 0.053439029 -0.827321887 0.045497432 0.557326376
1403638160945096960.000000 -14.594708443 1.356169820 8.967639923 0.028508253 -0.810265541 0.052377820 0.583021224
1403638161145096960.000000 -14.737169266 1.418355346 9.062937737 -0.001121020 -0.805544674 0.029863318 0.591781020
1403638161545096960.000000 -14.955656052 1.584864020 9.214368820 -0.070824899 -0.820250750 -0.028996937 0.566861331
1403638161795097088.000000 -15.088277817 1.699291825 9.272287369 -0.094215840 -0.818948388 -0.035370566 0.564974248
1403638162295097088.000000 -15.352458000 1.974940300 9.377778053 -0.127349153 -0.813256860 -0.050057013 0.565588117
1403638162545096960.000000 -15.478923798 2.147471428 9.431109428 -0.131433666 -0.809804678 -0.049621575 0.569630742
1403638165245096960.000000 -15.811185837 4.918886185 10.169158936 -0.231299490 -0.775104642 -0.134509295 0.572381616
1403638166195097088.000000 -15.261279106 5.929633617 10.021592140 -0.232231393 -0.785202622 -0.158811986 0.551637709
1403638166445096960.000000 -15.086814880 6.154759884 10.104355812 -0.224613413 -0.789572597 -0.160936728 0.547926426
1403638166845096960.000000 -14.832957268 6.477613449 10.237709045 -0.234265387 -0.791329682 -0.137323782 0.547776699
1403638167445096960.000000 -14.545164108 7.030524254 10.403323174 -0.233954936 -0.806190789 -0.137084112 0.525860608
1403638167695097088.000000 -14.487075806 7.305036068 10.478081703 -0.244947299 -0.792289793 -0.132403761 0.542906165
1403638169095097088.000000 -14.149944305 9.322219849 10.679645538 -0.334453106 -0.763925910 -0.230265915 0.501533508
1403638169295097088.000000 -14.160149574 9.623709679 10.647342682 -0.340492398 -0.750376165 -0.217038870 0.523349404
1403638169495097088.000000 -14.166991234 9.928859711 10.594555855 -0.367531538 -0.722840607 -0.211112440 0.545759618
1403638169695097088.000000 -14.134668350 10.234794617 10.548651695 -0.389243662 -0.708437502 -0.239520937 0.537806213
1403638169895097088.000000 -14.065196037 10.535165787 10.529942513 -0.408622265 -0.699233770 -0.287002027 0.511595428
1403638170695097088.000000 -13.703716278 11.429541588 10.545833588 -0.547894657 -0.580918252 -0.370671928 0.474286646
1403638171095097088.000000 -13.412300110 11.707098007 10.585354805 -0.596503198 -0.529955626 -0.410437375 0.441443205
1403638171295097088.000000 -13.241687775 11.809388161 10.577310562 -0.609442234 -0.512165546 -0.421626449 0.434163272
1403638172095097088.000000 -12.283848763 11.812385559 10.549413681 -0.636223435 -0.457360744 -0.453838885 0.424347937
1403638172295097088.000000 -11.978582382 11.683814049 10.554377556 -0.638011038 -0.458206832 -0.456959337 0.417344630
1403638172695097088.000000 -11.322194099 11.320787430 10.472575188 -0.635424793 -0.456641257 -0.454218566 0.425910383
1403638173095097088.000000 -10.604256630 10.784389496 10.243347168 -0.639017463 -0.462882817 -0.434090704 0.434696883
1403638173295097088.000000 -10.209939957 10.458685875 10.088482857 -0.639492929 -0.473370105 -0.430858850 0.425829023
1403638174695097088.000000 -7.439379692 7.891808987 8.839868546 -0.642989695 -0.519426763 -0.429193616 0.364078403
1403638174895097088.000000 -7.072711945 7.556609154 8.696053505 -0.645675182 -0.525086880 -0.424870551 0.356191516
1403638175145096960.000000 -6.635541439 7.184673309 8.553623199 -0.645701647 -0.524501026 -0.427750558 0.353549927
1403638175395097088.000000 -6.218381882 6.869876862 8.453205109 -0.651066542 -0.529770494 -0.423340589 0.340937495
1403638176695097088.000000 -4.511182785 6.466159821 8.271986961 -0.626996458 -0.532483637 -0.453377128 0.343199372
1403638176995097088.000000 -4.291780472 6.529993057 8.318563461 -0.631038666 -0.531034648 -0.447932899 0.345179141
1403638177195097088.000000 -4.177979469 6.578056812 8.332494736 -0.630098760 -0.534993231 -0.449727237 0.338383347
1403638179595097088.000000 -3.077276230 6.835885048 7.950573921 -0.766943395 -0.305075645 -0.517980576 0.224550366
1403638180045096960.000000 -2.716781616 6.803280830 7.855493069 -0.796917796 -0.226005569 -0.533336878 0.171450973
1403638180395097088.000000 -2.416683435 6.768332005 7.827119827 -0.806066990 -0.208358675 -0.531463563 0.156170651
1403638180845096960.000000 -1.978777051 6.732222557 7.755160332 -0.809055924 -0.222128958 -0.523710489 0.147697613
1403638181545096960.000000 -1.161234140 6.747320175 7.649772167 -0.795888662 -0.168772817 -0.554359674 0.175392270
1403638182245096960.000000 -0.355794966 6.528171539 7.634047985 -0.827091873 -0.078499049 -0.551189184 0.077119619
1403638182495097088.000000 -0.061870012 6.426659107 7.657659054 -0.834458053 -0.074613325 -0.541157901 0.072531141
1403638182695097088.000000 0.194295466 6.341493607 7.705004215 -0.834961653 -0.088668436 -0.539856851 0.059426364
1403638182945096960.000000 0.541695595 6.247219086 7.770975113 -0.830364823 -0.092372857 -0.545613468 0.065326929
1403638183945096960.000000 1.988021851 5.998112679 7.811464310 -0.813343525 -0.106477410 -0.569064975 0.057446618
1403638184395097088.000000 2.621793270 6.006694317 7.887589931 -0.824153006 -0.102100909 -0.554079115 0.057824075
1403638184595097088.000000 2.909179688 6.037748814 7.899670601 -0.818959355 -0.100554250 -0.561988413 0.057996131
1403638184995097088.000000 3.459412575 6.132477760 7.944299221 -0.817018211 -0.098943561 -0.565081358 0.058089532
1403638185195097088.000000 3.719018698 6.201189995 7.976552010 -0.818180263 -0.101857990 -0.563287854 0.053972296
1403638185445096960.000000 4.035244465 6.298882484 8.010306358 -0.813161671 -0.112935014 -0.569003284 0.047425378
1403638185695097088.000000 4.330507278 6.431306362 8.045881271 -0.801729381 -0.141330674 -0.577370822 0.062440094
1403638186245096960.000000 4.929971695 6.771114826 8.093439102 -0.812455833 -0.146770641 -0.554744482 0.103114292
1403638186495097088.000000 5.200716496 6.910669804 8.117332458 -0.810755312 -0.150674775 -0.557307124 0.096860036
1403638186795097088.000000 5.517364502 7.086567402 8.149544716 -0.808131218 -0.162134171 -0.560167193 0.082759425
1403638187245096960.000000 5.960256577 7.441343307 8.181925774 -0.783380747 -0.227938995 -0.558965504 0.148040131
1403638189695097088.000000 6.051518440 8.693596840 8.565357208 -0.736570418 -0.374520451 -0.499295354 0.260581374
1403638190145096960.000000 5.759253979 8.711194038 8.680865288 -0.738860309 -0.380070359 -0.492340356 0.259293497
1403638190495097088.000000 5.566227913 8.763041496 8.700397491 -0.700046837 -0.399703145 -0.534193218 0.254576951
1403638193395097088.000000 2.920671225 9.310740471 9.150106430 -0.681823194 -0.401044995 -0.517235577 0.326722354
1403638196345096960.000000 0.219968364 8.003046989 9.374895096 -0.704014957 -0.427408695 -0.482076108 0.298810095
1403638196845096960.000000 0.020795021 8.097034454 9.397791862 -0.719518423 -0.430404484 -0.461643130 0.289708346
1403638198045096960.000000 -0.309735656 8.552021027 9.588815689 -0.681812704 -0.415431082 -0.514128089 0.313402027
1403638198345096960.000000 -0.437054902 8.647222519 9.519456863 -0.689121068 -0.419416785 -0.504190683 0.308210373
1403638198795097088.000000 -0.685175121 8.726273537 9.317231178 -0.665759921 -0.447490543 -0.533872008 0.267388672
1403638199195097088.000000 -1.085016966 8.813058853 9.254500389 -0.669009924 -0.444371343 -0.530172229 0.271803766
1403638199645096960.000000 -1.769255757 8.914547920 9.352315903 -0.664460540 -0.453333706 -0.530655622 0.267180413
1403638199895097088.000000 -2.247777462 8.969155312 9.448702812 -0.671543300 -0.455399781 -0.502837539 0.297984987
1403638200145096960.000000 -2.751495600 9.019351006 9.529342651 -0.661376059 -0.471494436 -0.494039088 0.310161471
1403638200345096960.000000 -3.172051907 9.058382034 9.608687401 -0.633846462 -0.490665227 -0.497399628 0.331783086
1403638200545096960.000000 -3.607294083 9.087894440 9.698561668 -0.612263858 -0.517454624 -0.494507939 0.335910171
1403638200945096960.000000 -4.555267811 9.126972198 9.891618729 -0.592338979 -0.552655816 -0.471392423 0.348561764
1403638201145096960.000000 -5.069751740 9.143500328 9.953474998 -0.599286497 -0.545635223 -0.456939787 0.366529554
1403638201345096960.000000 -5.585144997 9.152750015 9.988074303 -0.601979256 -0.542559266 -0.455512792 0.368454307
1403638201545096960.000000 -6.098332405 9.155312538 9.995330811 -0.601652563 -0.540006876 -0.460233539 0.366867691
1403638201745096960.000000 -6.612718105 9.150336266 9.971181870 -0.602098405 -0.536509156 -0.463367552 0.367322832
1403638201945096960.000000 -7.128169060 9.135724068 9.925382614 -0.602428615 -0.536051154 -0.461871743 0.369328350
1403638202145096960.000000 -7.645741940 9.112047195 9.873869896 -0.600651205 -0.543144226 -0.446929365 0.380087823
1403638202545096960.000000 -8.668998718 9.027145386 9.856210709 -0.606885016 -0.551656961 -0.421952903 0.386420637
1403638202745096960.000000 -9.149075508 8.997087479 9.815856934 -0.609432042 -0.551113009 -0.418431342 0.387017220
1403638203145096960.000000 -10.040104866 8.942535400 9.701074600 -0.605679393 -0.547031999 -0.426688582 0.389673442
1403638203545096960.000000 -10.847038269 8.874340057 9.681710243 -0.602504849 -0.544472635 -0.430762500 0.393676370
1403638203945096960.000000 -11.573177338 8.778745651 9.656593323 -0.602296650 -0.545522869 -0.429101288 0.394354820
1403638204145096960.000000 -11.907892227 8.715304375 9.695196152 -0.605994344 -0.547490358 -0.420961887 0.394735664
1403638204345096960.000000 -12.222691536 8.646362305 9.755935669 -0.619940698 -0.543970287 -0.400188029 0.399523884
1403638204545096960.000000 -12.503509521 8.586643219 9.814924240 -0.628701150 -0.540221512 -0.389469594 0.401508480
1403638204745096960.000000 -12.748202324 8.541274071 9.850843430 -0.616841257 -0.550770819 -0.391941100 0.403163224
1403638204945096960.000000 -12.964309692 8.502490997 9.864546776 -0.579940975 -0.585052788 -0.396601498 0.405079037
1403638205145096960.000000 -13.179643631 8.463821411 9.858609200 -0.529709935 -0.629674375 -0.375085443 0.426882207
1403638205345096960.000000 -13.401694298 8.424217224 9.861416817 -0.464662850 -0.674810469 -0.334849298 0.465398014
1403638205595097088.000000 -13.681762695 8.372703552 9.901553154 -0.380251020 -0.716810763 -0.309950113 0.495502323
1403638205845096960.000000 -13.967883110 8.286538124 9.979065895 -0.330325514 -0.732972503 -0.304548770 0.510770559
1403638206095097088.000000 -14.270193100 8.133265495 10.085584641 -0.293095082 -0.751943827 -0.262748927 0.528808892
1403638206395097088.000000 -14.646290779 7.877326965 10.228750229 -0.252695799 -0.763351023 -0.214142054 0.554601789
1403638206895097088.000000 -15.211911201 7.349434853 10.338502884 -0.227652475 -0.766517162 -0.179162219 0.573172450
1403638207195097088.000000 -15.468932152 6.991765499 10.312937737 -0.219437122 -0.761159897 -0.171894357 0.585606694
1403638207445096960.000000 -15.631612778 6.676277637 10.258298874 -0.194840506 -0.762928188 -0.155389398 0.596516371
1403638207695097088.000000 -15.736095428 6.340110779 10.211750031 -0.163038030 -0.781168342 -0.121225327 0.590338171
1403638207995097088.000000 -15.797094345 5.942876339 10.221411705 -0.154267028 -0.798786581 -0.097843081 0.573208928
1403638208345096960.000000 -15.822566032 5.516484737 10.236124992 -0.154261872 -0.793207049 -0.101036973 0.580359697
1403638208595097088.000000 -15.810418129 5.230825901 10.208438873 -0.146450058 -0.800970912 -0.093888775 0.572872460
1403638208845096960.000000 -15.782405853 4.961407185 10.217444420 -0.127027243 -0.802346230 -0.074457690 0.578412235
1403638209145096960.000000 -15.731204987 4.665209293 10.214908600 -0.112358503 -0.803400755 -0.067641184 0.580816150
1403638209395097088.000000 -15.673691750 4.442144871 10.152608871 -0.111878835 -0.803296626 -0.062182099 0.581662416
1403638209695097088.000000 -15.589599609 4.200641155 10.010840416 -0.114058413 -0.800622106 -0.060788624 0.585063875
1403638209995097088.000000 -15.484112740 3.978364944 9.741136551 -0.109200187 -0.796488762 -0.070928000 0.590466082
1403638210295097088.000000 -15.335461617 3.764082670 9.464706421 -0.108300455 -0.786286235 -0.072537631 0.603956521
1403638210595097088.000000 -15.125271797 3.550291538 9.205786705 -0.110829562 -0.786393702 -0.071460381 0.603485942
1403638210845096960.000000 -14.898703575 3.372179985 8.987332344 -0.113977306 -0.786051393 -0.068809234 0.603653669
1403638211095097088.000000 -14.627328873 3.202587605 8.795407295 -0.116299845 -0.794693589 -0.064661108 0.592245996
1403638211345096960.000000 -14.334417343 3.047308445 8.645952225 -0.120235234 -0.798537672 -0.063408911 0.586396158
1403638211595097088.000000 -14.024604797 2.914202929 8.503164291 -0.149251372 -0.794625819 -0.080313899 0.582960963
1403638211845096960.000000 -13.695970535 2.804449320 8.331477165 -0.207544833 -0.782314956 -0.105968967 0.577649593
1403638212095097088.000000 -13.350220680 2.728997946 8.185811996 -0.265829742 -0.766270161 -0.142871112 0.567232370
1403638212395097088.000000 -12.901835442 2.677800417 8.077414513 -0.321566582 -0.744711161 -0.196367249 0.550854146
1403638212695097088.000000 -12.442803383 2.651799679 8.030060768 -0.382060140 -0.717475295 -0.237775981 0.531715930
1403638212995097088.000000 -11.945714951 2.631760120 8.038723946 -0.445687890 -0.682321548 -0.280625224 0.507000089
1403638213295097088.000000 -11.436909676 2.633241177 8.070744514 -0.522110224 -0.639762342 -0.307730287 0.472659707
1403638213495097088.000000 -11.079098701 2.647895575 8.055305481 -0.575711846 -0.603867114 -0.314736515 0.452594072
1403638213745096960.000000 -10.596534729 2.706902504 8.045788765 -0.585765362 -0.574068844 -0.369999647 0.436376244
1403638213995097088.000000 -10.099348068 2.768831730 8.065020561 -0.583058357 -0.569971383 -0.392368257 0.425702631
1403638214295097088.000000 -9.511816978 2.840065479 8.119894981 -0.589921415 -0.588818192 -0.374062687 0.406648546
1403638214645096960.000000 -8.851026535 2.976734161 8.135306358 -0.574283898 -0.592691064 -0.378971100 0.418684065
1403638217545096960.000000 -5.102351189 3.394996405 7.677277565 -0.611225307 -0.543784797 -0.432975560 0.378462642
1403638220445096960.000000 -4.818232059 2.475796223 7.721263409 -0.625999451 -0.527295470 -0.441793591 0.367290884
1403638220695097088.000000 -4.802784920 2.338042259 7.744566441 -0.625340641 -0.526489973 -0.445349723 0.365268350
1403638220945096960.000000 -4.798556328 2.203003645 7.736745358 -0.629484713 -0.522745192 -0.443117946 0.366241843
1403638221245096960.000000 -4.806648254 2.048407316 7.698233604 -0.632923186 -0.523204088 -0.440470785 0.362837762
1403638221545096960.000000 -4.827019215 1.904350877 7.692651272 -0.639071405 -0.520232677 -0.433396578 0.364846706
1403638222045096960.000000 -4.839857101 1.694455504 7.675824642 -0.632286131 -0.518429935 -0.442129165 0.368736386
1403638222545096960.000000 -4.858489990 1.510380507 7.681746960 -0.641577899 -0.527116001 -0.429328740 0.355251133
1403638222895097088.000000 -4.870104313 1.433562875 7.635253429 -0.629538774 -0.516784132 -0.446258664 0.370767057
1403638223345096960.000000 -4.897457123 1.322612643 7.589472294 -0.644247949 -0.522157371 -0.425225228 0.362601519
1403638223645096960.000000 -4.898669243 1.260204196 7.560461521 -0.642175257 -0.511513293 -0.428484768 0.377314121
1403638223945096960.000000 -4.877754688 1.203877211 7.522062778 -0.631944954 -0.523662448 -0.443923354 0.359659880
1403638224245096960.000000 -4.874673367 1.158787370 7.477856159 -0.640722394 -0.530840218 -0.430698484 0.349545956
1403638224545096960.000000 -4.885293961 1.146597385 7.443405151 -0.631969154 -0.514798939 -0.443846703 0.372286379
1403638224845096960.000000 -4.901185989 1.136347771 7.409198761 -0.642368138 -0.526133776 -0.428620458 0.356133312
1403638225145096960.000000 -4.914864540 1.147241116 7.411751747 -0.635317802 -0.512997687 -0.436600149 0.377604187
1403638225445096960.000000 -4.914207458 1.157713890 7.422000885 -0.633844256 -0.523045123 -0.437380761 0.365189612
1403638225745096960.000000 -4.919040203 1.168760538 7.384587288 -0.618054628 -0.512641966 -0.459173530 0.379955888
1403638226045096960.000000 -4.941916466 1.156861305 7.286362171 -0.641387820 -0.534505248 -0.423055828 0.352064937
1403638226345096960.000000 -4.965724468 1.176762581 7.288405418 -0.640112698 -0.534508765 -0.424513340 0.352625221
1403638226795097088.000000 -4.963342667 1.186199069 7.306860447 -0.639504910 -0.534435451 -0.425360352 0.352818459
1403638227295097088.000000 -4.963626385 1.192423344 7.318797112 -0.640316308 -0.534256220 -0.424213201 0.352999270
1403638227795097088.000000 -4.965774059 1.199573874 7.321239948 -0.640589356 -0.534303665 -0.423996657 0.352692246
1403638228295097088.000000 -4.971210003 1.211518884 7.315721035 -0.640747726 -0.534213543 -0.423928648 0.352622867
1403638228795097088.000000 -4.975846767 1.229889512 7.303544521 0.640958071 0.534017682 0.424043000 -0.352399588
