1403715963484058112.000000 -0.125744373 -0.455015242 -0.173645884 -0.665576816 -0.587372482 -0.337372959 0.313338012
1403715964534057984.000000 -0.089816026 -0.338979632 -0.462392986 -0.548773468 -0.620497882 -0.372053295 0.418815583
1403715965534057984.000000 -0.149420664 -0.217066705 -0.182577983 -0.577872992 -0.667560279 -0.307445586 0.354828537
1403715966334057984.000000 -0.219787449 0.122822329 0.071639955 -0.482722461 -0.569396853 -0.434909165 0.503607273
1403715967034057984.000000 -0.314430326 -0.023789546 0.283367723 -0.573937118 -0.634399831 -0.358196765 0.373936087
1403715967434057984.000000 -0.450884134 0.132282957 0.445288420 -0.480513632 -0.528163970 -0.479678988 0.509958386
1403715967534057984.000000 -0.487717599 0.107029177 0.477634430 -0.488446832 -0.530578017 -0.467418522 0.511298895
1403715969334057984.000000 -0.318667382 -0.936852276 0.125793636 -0.520225883 -0.710406601 -0.276512414 0.385004550
1403715969484058112.000000 -0.264859200 -1.037929416 0.063824192 -0.535493433 -0.734390080 -0.251255572 0.332849324
1403715970284058112.000000 -0.665140033 -0.682876289 -0.014397582 -0.417895615 -0.603371263 -0.390114129 0.555983245
1403715970384058112.000000 -0.737441361 -0.674211025 -0.011188189 -0.408207208 -0.583329141 -0.395953536 0.579926491
1403715970534057984.000000 -0.819429338 -0.721870661 -0.004158789 -0.419106722 -0.581978321 -0.374011099 0.588019192
1403715970634057984.000000 -0.853080273 -0.791170955 -0.001422239 -0.447058082 -0.605698466 -0.336371064 0.565794110
1403715970884058112.000000 -0.862492681 -1.012720108 0.009353346 -0.530688941 -0.681458116 -0.229658186 0.448599100
1403715971034057984.000000 -0.835397065 -1.096317410 0.032849729 -0.554480135 -0.712277949 -0.189920872 0.386188984
1403715971384058112.000000 -0.802202761 -0.923669100 0.179125622 -0.437488079 -0.759633899 -0.276255339 0.394009382
1403715971734057984.000000 -0.959100008 -0.572243273 0.355544001 -0.286432922 -0.731451869 -0.316733032 0.531615078
1403715972184058112.000000 -1.197688580 -0.417905241 0.507758260 -0.224598303 -0.718275607 -0.214019701 0.622761130
1403715972384058112.000000 -1.212429285 -0.452559024 0.575105250 -0.203191951 -0.692429125 -0.210579813 0.659478009
1403715972834057984.000000 -0.949235439 -0.757226348 0.652459741 -0.255533963 -0.785992682 -0.152169541 0.541998446
1403715973334057984.000000 -0.547766924 -1.080839872 0.622884452 -0.282707393 -0.766705811 -0.151918232 0.556021273
1403715973784058112.000000 -0.156448394 -1.216584921 0.598182678 -0.307592094 -0.800966561 -0.121536784 0.499067724
1403715974284058112.000000 0.133562297 -1.031228900 0.602397978 -0.274682760 -0.793634295 -0.153819934 0.520608723
1403715974734057984.000000 0.279641092 -0.704895020 0.552245975 -0.261380345 -0.787481368 -0.162236318 0.534071982
1403715975034057984.000000 0.342316389 -0.464001060 0.502753556 -0.254344910 -0.785597444 -0.163586944 0.539800525
1403715975384058112.000000 0.389923513 -0.188023880 0.461262375 -0.235430002 -0.786384344 -0.171312124 0.544816136
1403715975834057984.000000 0.410598934 0.094529249 0.489150643 -0.228859067 -0.788292766 -0.168971822 0.545588255
1403715976184058112.000000 0.388047516 0.259181231 0.529957175 -0.231250793 -0.791084349 -0.171573162 0.539695442
1403715976684058112.000000 0.272129238 0.411449909 0.567900598 -0.199762315 -0.795388699 -0.172253907 0.545692623
1403715977084058112.000000 0.105833963 0.431518942 0.566319346 -0.167157933 -0.803797305 -0.137037233 0.554246366
1403715977534057984.000000 -0.127192229 0.351366103 0.551913381 -0.061382014 -0.819237411 -0.066758536 0.566238225
1403715977634057984.000000 -0.183199614 0.317864209 0.547875166 -0.028687092 -0.820115864 -0.042899590 0.569865525
1403715977834057984.000000 -0.290987492 0.236962229 0.536465406 0.040953007 -0.818821013 0.007661126 0.572535098
1403715977984058112.000000 -0.366114795 0.164829537 0.529255390 0.103512354 -0.808729887 0.036221419 0.577866137
1403715978134057984.000000 -0.429318517 0.077749349 0.522735178 0.171333984 -0.792205930 0.064022616 0.582199037
1403715978234057984.000000 -0.462728590 0.009958711 0.516341627 0.215515941 -0.779975355 0.080199100 0.582030475
1403715978384058112.000000 -0.492922664 -0.108723000 0.506625175 0.267383128 -0.760774970 0.118401721 0.579403758
1403715978484058112.000000 -0.499661565 -0.198872924 0.497725248 0.292036444 -0.752440691 0.153163344 0.570165634
1403715978984058112.000000 -0.401328802 -0.661188602 0.440969706 0.443681687 -0.681769371 0.295830607 0.500820756
1403715979484058112.000000 -0.144342661 -1.028585672 0.462404072 0.592084348 -0.518896818 0.423451573 0.448186398
1403715979984058112.000000 0.289953142 -1.116744280 0.523969531 0.695892513 -0.363977879 0.513920188 0.345166475
1403715980484058112.000000 0.785715163 -0.833132684 0.578823805 0.757938385 -0.193845451 0.592444539 0.192257300
1403715980584058112.000000 0.868344069 -0.734343171 0.586261034 0.763270736 -0.159865826 0.607290685 0.151850849
1403715980634057984.000000 0.905598819 -0.681450248 0.589130104 0.766773164 -0.141900644 0.611860514 0.132475808
1403715980734057984.000000 0.971154869 -0.570849359 0.593546689 0.773287714 -0.104234740 0.618145943 0.095166795
1403715980784058112.000000 0.999000430 -0.513509452 0.594525337 0.776826143 -0.085963495 0.619298577 0.074972175
1403715981034057984.000000 1.090511680 -0.220324397 0.598755836 -0.782572150 -0.013827532 -0.622015417 0.022056643
1403715981084058112.000000 1.098744392 -0.162616208 0.599926531 -0.780096591 -0.035031274 -0.623284876 0.041692536
1403715981234057984.000000 1.103339672 0.003199697 0.603329957 -0.770446062 -0.103042722 -0.621587217 0.097078949
1403715981284058112.000000 1.097611666 0.055544205 0.605116785 -0.766239882 -0.125917897 -0.619141221 0.116983786
1403715981384058112.000000 1.077018976 0.153562963 0.609919608 -0.755451322 -0.172017246 -0.612370670 0.157179669
1403715981484058112.000000 1.043825269 0.241508499 0.616409123 -0.740049243 -0.217114344 -0.604432464 0.199624375
1403715981834057984.000000 0.826378942 0.429909736 0.640500844 -0.672757506 -0.381076068 -0.552114964 0.312005460
1403715981884058112.000000 0.783942997 0.440001160 0.641126394 -0.667472601 -0.405511260 -0.535656393 0.321112335
1403715982034057984.000000 0.647635877 0.452946603 0.644386172 -0.641490996 -0.467670798 -0.496793568 0.350670189
1403715982084058112.000000 0.599930525 0.452377975 0.646304488 -0.630231321 -0.484949529 -0.486877441 0.361362517
1403715982484058112.000000 0.193508059 0.379269689 0.666093290 -0.530645967 -0.598359406 -0.407821238 0.440525591
1403715982634057984.000000 0.033985749 0.319167256 0.672175884 -0.483043253 -0.636111736 -0.376680106 0.469194263
1403715982684058112.000000 -0.019776501 0.295012742 0.673668146 -0.466940016 -0.648298860 -0.363918751 0.478788972
1403715982734057984.000000 -0.073620364 0.268910140 0.674722970 -0.450177640 -0.660320044 -0.351070017 0.487921596
1403715982834057984.000000 -0.180470824 0.210060000 0.677535534 -0.415164053 -0.683760226 -0.323506892 0.505424738
1403715982934057984.000000 -0.283886254 0.142436266 0.681281030 -0.378202707 -0.706438065 -0.297255754 0.519179225
1403715983034057984.000000 -0.383252323 0.066301398 0.685015619 -0.342846751 -0.723263085 -0.268749595 0.535836101
1403715983134057984.000000 -0.477411687 -0.017427552 0.688964486 -0.306293219 -0.739396930 -0.239719078 0.549555719
1403715983234057984.000000 -0.566028118 -0.107573323 0.693105996 -0.268146008 -0.752938867 -0.208594501 0.563621461
1403715983334057984.000000 -0.648590982 -0.202299312 0.696615577 -0.226109400 -0.765287459 -0.178498209 0.575628519
1403715983434057984.000000 -0.723253846 -0.302207232 0.699405313 -0.182732925 -0.775991499 -0.144776061 0.586076558
1403715983534057984.000000 -0.789436460 -0.405788034 0.704257667 -0.138981223 -0.777094066 -0.107402064 0.604378998
1403715983634057984.000000 -0.844454765 -0.511758447 0.710667014 -0.096865796 -0.772916317 -0.068794139 0.623285592
1403715983734057984.000000 -0.883791566 -0.618298054 0.716400862 -0.057273749 -0.768238604 -0.030412346 0.636870742
1403715983834057984.000000 -0.905122638 -0.723374367 0.721560001 -0.019342467 -0.765737712 0.005057694 0.642842174
1403715983984058112.000000 -0.901061058 -0.872688591 0.730511963 0.034795206 -0.762438476 0.054807946 0.643795848
1403715984084058112.000000 -0.874414444 -0.963987648 0.736489952 0.068292610 -0.763429224 0.085824579 0.636510909
1403715984134057984.000000 -0.854479313 -1.006448865 0.739719152 0.085096382 -0.764717937 0.099537387 0.630918026
1403715984334057984.000000 -0.739819765 -1.150933862 0.755761325 0.146450683 -0.762056172 0.155600816 0.611237347
1403715984434057984.000000 -0.664582908 -1.206079006 0.766675830 0.178625971 -0.754910648 0.178153947 0.605362654
1403715984534057984.000000 -0.579056501 -1.249051690 0.777425289 0.213101879 -0.749728024 0.197379917 0.594589531
1403715984634057984.000000 -0.485300392 -1.281502366 0.786261380 0.253067076 -0.748967350 0.210241750 0.575155199
1403715985134057984.000000 0.020293035 -1.343361497 0.820432663 0.412572592 -0.684654653 0.323181987 0.506542444
1403715985634057984.000000 0.526214361 -1.223349094 0.852118015 0.424774349 -0.701156318 0.294553399 0.491105735
1403715985984058112.000000 0.878785908 -1.136026263 0.812469363 0.378624290 -0.756724596 0.278596014 0.454307944
1403715986484058112.000000 1.184674501 -1.091433287 0.593551278 0.365488231 -0.733617127 0.277001590 0.501492321
1403715986784058112.000000 1.299028397 -1.068928480 0.432859123 0.390271366 -0.756803572 0.249238744 0.461320490
1403715987284058112.000000 1.367274404 -1.147633910 0.225280657 0.317064077 -0.740628839 0.287753224 0.517819822
1403715987684058112.000000 1.372332692 -1.124251723 0.088247508 0.323173165 -0.748618662 0.241858363 0.525959790
1403715987834057984.000000 1.375103951 -1.105358958 0.042798024 0.332055181 -0.753161907 0.233159572 0.517805994
1403715988334057984.000000 1.363634467 -1.093898654 -0.093033910 0.342801422 -0.738690972 0.239287898 0.528738379
1403715988834057984.000000 1.359774351 -1.101048946 -0.167095378 0.322700500 -0.749422133 0.264659464 0.513990641
1403715989334057984.000000 1.309566736 -1.035831332 -0.181565359 0.332827419 -0.751459956 0.240614831 0.516370356
1403715989634057984.000000 1.269693494 -0.998575091 -0.178852409 0.332302839 -0.747544229 0.239526764 0.522857070
1403715989984058112.000000 1.233160377 -0.954472125 -0.188080803 0.335717022 -0.734306991 0.238871366 0.539469957
1403715990434057984.000000 1.257956147 -0.880884647 -0.232499152 0.345279574 -0.735130131 0.233984053 0.534431636
1403715990834057984.000000 1.354159236 -0.833259225 -0.328574508 0.352307439 -0.742629349 0.226434886 0.522597790
1403715990934057984.000000 1.387237310 -0.829427838 -0.348478705 0.353898644 -0.744184196 0.224455640 0.520158947
1403715991434057984.000000 1.555421829 -0.765445709 -0.330011338 0.347832412 -0.735268474 0.235353947 0.531978905
1403715991934057984.000000 1.741048336 -0.613141954 -0.270729005 0.346183121 -0.736023903 0.237641439 0.530992150
1403715992434057984.000000 1.970340729 -0.427392602 -0.193859652 0.346042603 -0.736050665 0.237766057 0.530990839
1403715992934057984.000000 2.240728140 -0.206867233 -0.099666789 0.345815629 -0.736213207 0.237915725 0.530846298
1403715993434057984.000000 2.549434423 0.046439536 0.011717822 0.345725894 -0.736408472 0.238124326 0.530540287
1403715993934057984.000000 2.894437075 0.331578404 0.140961736 0.345559061 -0.736904919 0.238210052 0.529920876
