1403715528412143104.000000 0.790208757 -0.395917565 -0.169703633 -0.487107903 -0.659013748 -0.350926191 0.453075647
1403715529512143104.000000 0.642199457 -0.336318105 0.108409859 -0.446696401 -0.696375728 -0.309039831 0.469060242
1403715532262142976.000000 -0.616847277 -0.136532992 0.829915345 -0.351461679 -0.722907662 -0.261160344 0.534485281
1403715532662142976.000000 -0.700671732 -0.114288718 0.809360147 -0.365678817 -0.719123483 -0.217745736 0.549297094
1403715534962142976.000000 1.703689098 0.446231514 0.761677861 -0.542805970 -0.638315082 -0.358713716 0.411388040
1403715537712143104.000000 2.819457531 2.608229160 0.534770548 -0.498479575 -0.629979432 -0.352624863 0.479895532
1403715540662142976.000000 2.649063349 -0.388926953 0.523344874 -0.780025899 -0.368476957 -0.453673512 0.223527998
1403715542962142976.000000 5.053857803 0.187916696 0.777446866 -0.655842841 -0.459424227 -0.490673333 0.343568444
1403715544612143104.000000 4.853829384 -0.166605964 0.259071738 -0.778414249 -0.213826790 -0.564525366 0.172222391
1403715545162142976.000000 4.367789745 -0.487565160 0.246093526 -0.789567709 -0.175703958 -0.573465943 0.129799560
1403715545462142976.000000 4.057887554 -0.665930212 0.242111638 -0.805172861 -0.129356831 -0.566656053 0.117746882
1403715546862142976.000000 2.801229000 -1.713483334 0.369112462 -0.698332250 -0.474888027 -0.440497875 0.304590136
1403715547262142976.000000 2.498911381 -1.894662619 0.404835463 -0.591297567 -0.611976683 -0.380180150 0.362373769
1403715547512143104.000000 2.297251701 -1.915550590 0.427540869 -0.533516586 -0.672701299 -0.334410995 0.388590187
1403715547762142976.000000 2.061046362 -1.862371206 0.436262101 -0.466004163 -0.727509439 -0.289315879 0.412148625
1403715548012143104.000000 1.769525409 -1.725281715 0.438629925 -0.398063123 -0.755033433 -0.254440367 0.454676032
1403715548312143104.000000 1.366450787 -1.503091216 0.444967240 -0.350820839 -0.744638145 -0.262090087 0.503733754
1403715548562142976.000000 1.011513472 -1.331905603 0.397054404 -0.354713440 -0.740681946 -0.263633668 0.506029546
1403715549512143104.000000 -0.316018671 -0.832787514 0.246419653 -0.348202586 -0.717481792 -0.230208203 0.557654977
1403715549712143104.000000 -0.526677012 -0.766382039 0.212410793 -0.371526271 -0.721269131 -0.202636331 0.548340917
1403715550262142976.000000 -0.819263458 -0.455462575 0.206505299 -0.506733656 -0.651617110 -0.262589574 0.499662876
1403715550462142976.000000 -0.800404191 -0.291322500 0.272157192 -0.545701683 -0.622644305 -0.315986156 0.463331908
1403715550662142976.000000 -0.745519578 -0.114665739 0.328515559 -0.588974774 -0.579422653 -0.359833479 0.433472067
1403715550862142976.000000 -0.662064791 0.062684529 0.334174365 -0.641960680 -0.519198954 -0.379520655 0.417472303
1403715551112143104.000000 -0.496225625 0.276682705 0.310822845 -0.692157328 -0.450924337 -0.414101392 0.382237673
1403715551362142976.000000 -0.240662277 0.465391427 0.348599225 -0.732788205 -0.375535786 -0.449928433 0.345772743
1403715551562142976.000000 0.024052687 0.588380158 0.395380020 -0.759117723 -0.310527742 -0.479971796 0.311351746
1403715551762142976.000000 0.327380538 0.665658891 0.436278075 -0.763217211 -0.256015539 -0.533819675 0.258828193
1403715551962142976.000000 0.630062819 0.699853957 0.482965887 -0.760875165 -0.189511150 -0.580143511 0.220426664
1403715552512143104.000000 1.291163087 0.536925495 0.588836670 -0.766277432 -0.041004792 -0.638705790 0.056501441
1403715552762142976.000000 1.431148887 0.400155097 0.611091316 0.762361526 -0.068968683 0.643461943 -0.002207770
1403715554012143104.000000 0.466281950 -0.555197895 0.501453876 0.702572346 -0.418116480 0.495298356 0.293683857
1403715555962142976.000000 0.955705285 0.032408196 0.504444480 0.706375420 -0.432277322 0.526416123 0.192499980
1403715557862142976.000000 0.731554866 -0.911574304 0.667750955 0.741217732 -0.370611131 0.495995641 0.259291500
1403715558712143104.000000 1.112154365 -1.807324052 0.838713408 0.700299323 -0.369033545 0.537777841 0.290155411
1403715559262142976.000000 1.353756905 -2.089571238 0.824419558 0.738813937 -0.276079088 0.557467699 0.259160399
1403715559562142976.000000 1.457724810 -2.076971531 0.803703308 0.777628601 -0.225953698 0.548282623 0.208865717
1403715561462142976.000000 2.747439384 -0.814884841 0.634388685 -0.818757713 -0.118462257 -0.549730659 0.115752570
1403715564012143104.000000 2.569818497 1.223589301 0.594809949 -0.525561094 -0.580466866 -0.425635189 0.453517914
1403715566012143104.000000 1.563798308 0.509601116 0.908448398 0.199079320 -0.771567047 0.148942053 0.585549414
1403715566362142976.000000 1.679333568 0.348152816 1.020099878 0.360840619 -0.712297022 0.264424235 0.540839016
1403715566862142976.000000 1.958936095 0.252574921 1.025720835 0.538660288 -0.583303988 0.399526030 0.458236367
1403715567262142976.000000 2.275119781 0.318899333 0.989886343 0.677983820 -0.431425303 0.503908217 0.316680640
1403715568162142976.000000 2.909974098 0.797673047 0.706086934 -0.802594900 -0.049304150 -0.594468415 0.004228098
1403715568462142976.000000 3.029511929 1.032281518 0.615430355 -0.780223429 -0.182992980 -0.587778032 0.110824332
1403715569012143104.000000 3.027904749 1.487418771 0.506833553 -0.702097952 -0.406253815 -0.518993914 0.269558489
1403715571762142976.000000 1.608626127 1.172988296 0.256089926 -0.129335299 -0.825738609 0.005921832 0.548992872
1403715573162142976.000000 0.581444144 1.116313219 -0.007890908 0.151772350 -0.797709644 0.092583612 0.576240242
1403715574162142976.000000 -0.083816931 0.710910439 0.196792781 0.438604116 -0.725785792 0.279844224 0.450054020
1403715574362142976.000000 -0.236610681 0.582459092 0.242494404 0.501495123 -0.663604856 0.318533003 0.454607487
1403715574912143104.000000 -0.504171848 0.150626063 0.322913200 0.578136325 -0.598079443 0.356498569 0.425403684
1403715575162142976.000000 -0.527205706 -0.082407333 0.371872723 0.561050773 -0.586911082 0.387702286 0.436399311
1403715575512143104.000000 -0.498118252 -0.360910892 0.438519001 0.551550388 -0.592668474 0.371507585 0.454442918
1403715575762142976.000000 -0.412698388 -0.518373370 0.493014753 0.554114521 -0.577311039 0.340191007 0.493902057
1403715578662142976.000000 2.656768799 0.011575192 0.373465121 0.316009402 -0.805381477 0.199735820 0.460004717
1403715578912143104.000000 2.642600775 0.119632423 0.252858520 0.305065721 -0.828608453 0.152846068 0.443825424
1403715579262142976.000000 2.494457960 0.054679919 0.182033092 0.334702432 -0.758512676 0.105684444 0.549057007
1403715582212143104.000000 2.489307165 -2.246581793 0.178443044 0.313489050 -0.736984670 0.213262945 0.559550881
1403715584862142976.000000 3.137099504 -1.730457187 0.146691635 0.323925227 -0.786746979 0.203924984 0.484268904
1403715586812143104.000000 3.262233257 -1.293101192 0.222854599 0.311241001 -0.740309119 0.222731963 0.552686095
1403715587312143104.000000 3.368501902 -1.268669009 0.251866102 0.308398187 -0.749387562 0.221281976 0.542534113
1403715587712143104.000000 3.469362974 -1.226740718 0.305747360 0.263117462 -0.770560741 0.253015965 0.522482991
1403715588162142976.000000 3.491371632 -1.011787176 0.367660552 0.145240054 -0.788234591 0.145877659 0.579923630
1403715588362142976.000000 3.503984928 -0.874386907 0.329508305 0.079003587 -0.788505435 0.097629793 0.602068186
1403715588562142976.000000 3.539128780 -0.716375411 0.248799697 0.019840324 -0.791086733 0.052819919 0.609096348
1403715588812143104.000000 3.633052111 -0.499083072 0.160292521 -0.045915779 -0.815656841 -0.001290014 0.576709628
1403715589112143104.000000 3.748613834 -0.221395403 0.031955782 -0.114477471 -0.850221813 -0.069250651 0.509138763
1403715589562142976.000000 3.653610706 0.194871560 0.026839148 -0.204984620 -0.852448225 -0.122873046 0.464989811
1403715589812143104.000000 3.409898520 0.464529157 0.121429354 -0.214877039 -0.831693470 -0.146835297 0.490462393
1403715590012143104.000000 3.140326738 0.689595222 0.242537796 -0.207167119 -0.793312907 -0.156600460 0.550647497
1403715591512143104.000000 0.893706381 1.265613556 0.830705822 0.228758648 -0.803945124 0.086673625 0.542060375
1403715591812143104.000000 0.462808371 1.111810684 0.844097316 0.327794313 -0.768807232 0.161868364 0.524676085
1403715592112143104.000000 0.075779602 0.866999269 0.742326438 0.426181555 -0.716170907 0.202078402 0.514424741
1403715592362142976.000000 -0.155148834 0.588737845 0.673359871 0.500851095 -0.650286674 0.254424959 0.511413097
1403715592612143104.000000 -0.250326097 0.262300849 0.663752794 0.574777961 -0.583157003 0.296661586 0.491477519
1403715592862142976.000000 -0.192335293 -0.083458699 0.661938190 0.632152200 -0.528717875 0.354709476 0.441613317
1403715593112143104.000000 -0.015627827 -0.423940420 0.650638700 0.659784377 -0.495845050 0.445359826 0.347097844
1403715593462142976.000000 0.259117663 -0.887664855 0.650979638 0.731092751 -0.375626773 0.487693846 0.294215232
1403715594012143104.000000 0.811011910 -1.378026009 0.631595552 0.787416399 -0.179197326 0.554278672 0.201590985
1403715594512143104.000000 1.371216059 -1.481618166 0.613208234 0.821501732 -0.014554970 0.564027011 0.082441293
1403715594812143104.000000 1.717177153 -1.394802690 0.607386947 -0.836898744 -0.092530660 -0.539479792 -0.000282435
1403715595112143104.000000 2.098195076 -1.205574036 0.595583439 -0.833812535 -0.183771908 -0.511345744 0.097520314
1403715595412143104.000000 2.535091162 -0.969328344 0.593853295 -0.791448176 -0.274592876 -0.512126088 0.189566791
1403715596012143104.000000 3.322181225 -0.471475273 0.584125698 -0.580043137 -0.470948726 -0.595883489 0.294414848
1403715596812143104.000000 3.069748402 -0.373511285 0.768163621 -0.644874394 -0.596276999 -0.359909981 0.314731091
1403715597112143104.000000 2.863406420 -0.151373953 0.839251578 -0.634136260 -0.626954317 -0.318664134 0.321329594
1403715597712143104.000000 2.538121223 0.816671550 1.005806088 -0.513578355 -0.624649584 -0.354892761 0.469149590
1403715598062142976.000000 2.420951605 1.354267359 1.057589531 -0.466491252 -0.648622751 -0.342517406 0.494324058
1403715598412143104.000000 2.343120098 1.790273905 1.035989404 -0.439298004 -0.619957507 -0.371472806 0.533552170
1403715600162142976.000000 2.901939154 1.717120528 0.416434556 -0.460127503 -0.672130227 -0.357675642 0.456718624
1403715600512143104.000000 3.042520046 1.544314981 0.279082894 -0.383873761 -0.736717045 -0.317729950 0.457095981
1403715600812143104.000000 3.027836323 1.382565856 0.188170806 -0.319364578 -0.779293299 -0.216966152 0.493592739
1403715601112143104.000000 2.925212622 1.263233304 0.201763704 -0.238281727 -0.799112082 -0.174702570 0.523565471
1403715601612143104.000000 2.646029949 1.055843115 0.391276211 -0.204416066 -0.800303280 -0.168828800 0.537796915
1403715601962142976.000000 2.393809319 0.869432092 0.494554132 -0.215321004 -0.779689968 -0.173745364 0.561723173
1403715602262142976.000000 2.206994057 0.668634295 0.574804068 -0.260930479 -0.735712051 -0.207610503 0.589526117
1403715602662142976.000000 2.070069551 0.337596089 0.620027959 -0.351831853 -0.736939073 -0.257740110 0.516435087
1403715602962142976.000000 1.978605747 0.076875694 0.570703089 -0.412544936 -0.711855650 -0.302872390 0.480974525
1403715603262142976.000000 1.858574033 -0.171411917 0.435307562 -0.469541341 -0.678504825 -0.338018209 0.452665240
1403715603612143104.000000 1.672858238 -0.433663875 0.304004908 -0.518380702 -0.647765696 -0.337416530 0.444782197
1403715603912143104.000000 1.521997690 -0.613056540 0.233086035 -0.546607196 -0.626832783 -0.312019259 0.459287822
1403715604212143104.000000 1.448532820 -0.715938330 0.226098657 -0.536516905 -0.649123132 -0.326460332 0.429199874
1403715604612143104.000000 1.369638443 -0.724082351 0.198470324 -0.521192551 -0.643268824 -0.350292504 0.438016832
1403715604912143104.000000 1.299649477 -0.695389092 0.171043977 -0.514635444 -0.639918983 -0.360057294 0.442733377
1403715605162142976.000000 1.231564999 -0.667053998 0.159939751 -0.513958693 -0.642969728 -0.357806027 0.440921009
1403715605612143104.000000 1.098611236 -0.597047269 0.136434600 -0.518585205 -0.638041019 -0.338197112 0.457816333
1403715606162142976.000000 0.981397271 -0.491724938 0.031803682 -0.499597669 -0.646208405 -0.356046706 0.453924716
1403715606412143104.000000 0.920872569 -0.443009436 -0.026277352 -0.504171610 -0.643193662 -0.342644602 0.463365644
1403715606662142976.000000 0.869609118 -0.394559473 -0.036729403 -0.503497005 -0.639829457 -0.334531069 0.474550426
1403715607012143104.000000 0.838306546 -0.341996372 -0.080052838 -0.488542944 -0.639095366 -0.346241206 0.482700735
1403715607362142976.000000 0.832630992 -0.324380279 -0.127886176 -0.483869255 -0.652138591 -0.350598186 0.466547847
1403715607812143104.000000 0.801383018 -0.352163464 -0.149320364 -0.487940997 -0.651153088 -0.352518559 0.462216288
1403715608262142976.000000 0.785912454 -0.359766632 -0.159372583 -0.483612150 -0.655990839 -0.353198588 0.459397495
1403715608662142976.000000 0.780826986 -0.352470249 -0.151592523 -0.484619349 -0.656716943 -0.352135897 0.458112806
1403715609062142976.000000 0.776079535 -0.345770657 -0.139638543 -0.484849155 -0.656513929 -0.352009743 0.458257586
