1403636859051666432.000000 0.225962698 -1.004135966 -0.178883582 -0.585276186 -0.562629640 -0.391758054 0.432926536
1403636861951666432.000000 0.304481268 -1.004975677 0.016891140 -0.611189783 -0.565212071 -0.396227568 0.387280524
1403636864801666560.000000 0.301692933 -1.000216722 0.229268625 -0.610642493 -0.548025608 -0.423108280 0.384399474
1403636866201666560.000000 0.287678093 -0.993540525 0.292295158 -0.602654576 -0.527250409 -0.433629960 0.413254797
1403636868801666560.000000 0.251655310 -1.130741358 0.029485732 -0.703208387 -0.613937616 -0.252088219 0.255009919
1403636871251666432.000000 0.714634120 -1.066295147 -0.001592685 -0.739172101 -0.563934565 -0.279613525 0.239622205
1403636873801666560.000000 0.661990583 -1.055461764 -0.021082839 -0.737667143 -0.574900031 -0.261423707 0.238735914
1403636876251666432.000000 0.366316080 -1.301430345 -0.035655685 -0.828606367 -0.403022110 -0.323383093 0.215425417
1403636876501666560.000000 0.510526240 -1.271497488 -0.038475931 -0.841797054 -0.382189095 -0.330791324 0.189437181
1403636876701666560.000000 0.617256284 -1.186599374 -0.034260541 -0.826275885 -0.394010216 -0.353249371 0.192974404
1403636878551666432.000000 0.348013222 -1.235822320 -0.067355409 -0.769271255 -0.511468232 -0.287230581 0.253220588
1403636878701666560.000000 0.443346411 -1.236988187 -0.057268769 -0.783397973 -0.486316770 -0.308284223 0.233975217
1403636878851666432.000000 0.533794999 -1.211097240 -0.044865467 -0.788256288 -0.470895350 -0.327257872 0.223185763
1403636879301666560.000000 0.673028052 -1.039139748 -0.018059600 -0.773264408 -0.471239030 -0.346335649 0.245046064
1403636879401666560.000000 0.663133502 -0.995482922 -0.010870000 -0.759068906 -0.485119879 -0.349997520 0.256855994
1403636880651666432.000000 0.361537486 -1.240046144 0.042134915 -0.746402621 -0.516057730 -0.333000690 0.256277621
1403636881051666432.000000 0.231755286 -1.310667634 0.056149051 -0.738748968 -0.526853919 -0.320973277 0.271387368
1403636881251666432.000000 0.167567194 -1.266462684 0.059433125 -0.706681609 -0.554568172 -0.316485822 0.304782093
1403636881951666432.000000 0.343002588 -0.979385078 0.048725314 -0.662851691 -0.597683012 -0.328590721 0.308918744
1403636884651666432.000000 0.359358609 -0.861520886 -0.221723914 -0.502657831 -0.617720485 -0.355712444 0.489106506
1403636887151666432.000000 0.359401971 -0.861611426 -0.221938655 -0.502654791 -0.617658377 -0.355714172 0.489186794
1403636889651666432.000000 0.359251380 -0.861505032 -0.222104728 -0.502752841 -0.617207348 -0.355964035 0.489473403
1403636892151666432.000000 0.359293580 -0.861640871 -0.222106934 -0.502441525 -0.617148042 -0.356097817 0.489770651
1403636894651666432.000000 0.359357744 -0.861660242 -0.222082570 -0.502539575 -0.617181122 -0.355957329 0.489730537
1403636897551666432.000000 0.385462642 -0.889929175 -0.222932830 -0.513187766 -0.624694169 -0.354865521 0.469538063
1403636900301666560.000000 0.621007979 -0.592491508 0.094064966 -0.576306343 -0.569557428 -0.413392097 0.415430248
1403636901501666560.000000 0.965365231 -0.340359002 0.203557596 -0.578695774 -0.582257271 -0.389579326 0.417511314
1403636903801666560.000000 1.938751459 0.262512743 0.168076158 -0.576465666 -0.591654062 -0.387046784 0.409667611
1403636905601666560.000000 2.702310324 0.809315085 0.405765951 -0.571298361 -0.593417883 -0.405488938 0.396297932
1403636906101666560.000000 2.820825815 0.990296900 0.391403705 -0.569439411 -0.603504539 -0.388668686 0.400571883
1403636908951666432.000000 3.412694216 2.595455170 0.469395995 -0.555914998 -0.615301430 -0.367124856 0.421404928
1403636909201666560.000000 3.474277973 2.779220104 0.517531514 -0.558666229 -0.613643825 -0.363461196 0.423354775
1403636910601666560.000000 3.818851709 3.850156784 0.387857705 -0.547791183 -0.612066031 -0.382257730 0.423295468
1403636912651666432.000000 4.109883308 5.051984310 0.322158396 -0.559573889 -0.600327909 -0.372612357 0.433178276
1403636913051666432.000000 4.232277870 5.281593800 0.244540274 -0.554171324 -0.597573102 -0.382252783 0.435526580
1403636913851666432.000000 4.546464443 5.668819427 0.164789483 -0.553651750 -0.602686226 -0.383773029 0.427735120
1403636916801666560.000000 5.624755859 6.769562244 0.305655748 -0.574556291 -0.580567479 -0.413151771 0.402656347
1403636919601666560.000000 5.851592064 7.299159050 0.419907361 -0.657106757 -0.474135220 -0.470056176 0.349933982
1403636922401666560.000000 6.230295181 6.748678207 0.306135207 -0.677845120 -0.468382478 -0.470513165 0.315850139
1403636925101666560.000000 6.708420753 6.927731991 0.097719461 -0.720900416 -0.371876895 -0.503332436 0.297769457
1403636928001666560.000000 8.123610497 7.779748440 -0.263978094 -0.794361949 -0.271959573 -0.513501465 0.177040771
1403636930601666560.000000 9.698452950 8.475265503 -0.120771989 -0.766357005 -0.272021592 -0.546962261 0.198830009
1403636933201666560.000000 9.741536140 7.768247128 0.031546336 -0.799954593 -0.161374360 -0.566236198 0.115790740
1403636935951666432.000000 8.580936432 6.944592476 0.052666210 0.829354107 -0.006893136 0.558581412 -0.010547063
1403636938601666560.000000 8.312046051 6.111584663 -0.259208262 0.808984816 -0.069585755 0.583525658 -0.014111474
1403636939751666432.000000 7.840661526 5.573529720 -0.266054839 0.802231312 -0.039466903 0.595553041 0.013560114
1403636940301666560.000000 7.525652409 5.287867546 -0.316855133 0.809306085 -0.068054356 0.583090544 0.019942643
1403636940551666432.000000 7.362037659 5.142920971 -0.375419497 0.809794247 -0.078106649 0.580959320 0.024879582
1403636941251666432.000000 6.937422276 4.693342686 -0.328487277 0.816856980 -0.071474560 0.570948780 0.040662937
1403636944051666432.000000 5.557280064 3.021889925 -0.373421669 0.826476693 -0.060266670 0.558584273 0.035887416
1403636946851666432.000000 4.886073589 2.641493797 -0.710536003 0.815927088 -0.056062948 0.575429857 -0.000693379
1403636948201666560.000000 4.940163136 2.466999531 -0.911693215 0.832375765 -0.029065160 0.552162528 0.037714545
1403636948701666560.000000 5.161395073 2.506298065 -1.024114609 -0.821240306 -0.003949141 -0.566956997 -0.064098857
1403636949751666432.000000 5.579703808 2.958301544 -1.166486979 0.816533566 -0.027579335 0.576631427 -0.002929254
1403636950151666432.000000 5.680694103 3.073059559 -1.168740153 0.832730055 -0.027593264 0.552989781 -0.001297094
1403636953101666560.000000 6.976877689 4.015325069 -1.349548101 0.825415969 -0.028460622 0.563800395 -0.002764691
1403636954101666560.000000 7.448947906 4.318054199 -1.406350851 0.825311601 -0.006515678 0.564450920 0.014610493
1403636954851666432.000000 7.909796715 4.674513817 -1.352651954 0.820840955 -0.020431459 0.570414960 0.020721158
1403636955851666432.000000 8.538882256 5.283675671 -1.469352365 0.816267192 -0.047053408 0.574167192 0.042730298
1403636956101666560.000000 8.681941032 5.457919598 -1.452787399 0.814340711 -0.068350486 0.576033056 0.019065619
1403636956401666560.000000 8.834326744 5.633864403 -1.430997133 0.815618873 -0.066008583 0.573965192 0.031190237
1403636956651666432.000000 8.950619698 5.766984940 -1.451620221 0.808811188 -0.049859986 0.585313857 0.027316157
1403636959301666560.000000 9.516417503 6.569114208 -1.494998813 -0.764256418 -0.299547106 -0.533759058 0.203186706
1403636962101666560.000000 9.361261368 7.491283894 -1.512555838 -0.643847346 -0.501855493 -0.456955194 0.353261441
1403636963551666432.000000 8.774508476 7.673609257 -1.232240558 -0.546255827 -0.601151943 -0.393330961 0.430710644
1403636964051666432.000000 8.521604538 7.610219955 -1.148629665 -0.552235901 -0.594730675 -0.403593361 0.422425598
1403636964651666432.000000 8.184803009 7.461165905 -1.027894497 -0.533720851 -0.608355582 -0.409636140 0.421003431
1403636964901666560.000000 8.008222580 7.370090485 -1.025928020 -0.502717435 -0.632389784 -0.394347608 0.438005090
1403636966501666560.000000 6.602763653 6.730144978 -0.572538316 -0.475936264 -0.651029706 -0.327694118 0.492200702
1403636968001666560.000000 5.776837349 5.832139969 -0.661272228 -0.472540021 -0.650342405 -0.356765836 0.475898087
1403636968301666560.000000 5.640318394 5.576789856 -0.770575583 -0.474773735 -0.649422228 -0.352325559 0.478233695
1403636968701666560.000000 5.481683731 5.186495781 -0.812678218 -0.472477138 -0.653423965 -0.356514692 0.471910745
1403636969101666560.000000 5.318675041 4.757073402 -0.801263332 -0.476824909 -0.651272118 -0.351324409 0.474398315
1403636969501666560.000000 5.156108379 4.308213711 -0.704720318 -0.489687979 -0.664482355 -0.336136192 0.453521013
1403636969851666432.000000 5.004291058 3.958885431 -0.648353517 -0.492474586 -0.664786041 -0.336141735 0.450041145
1403636971901666560.000000 4.099651814 2.866575956 -0.799752593 -0.482511938 -0.649792850 -0.334302664 0.482900888
1403636972251666432.000000 4.062353611 2.807182789 -0.854478896 -0.487369478 -0.653673530 -0.326503336 0.478097916
1403636972751666432.000000 4.062251568 2.739469051 -0.792646110 -0.483659178 -0.657747805 -0.335734248 0.469813019
1403636973601666560.000000 4.099161625 2.663522005 -0.874556899 -0.517718792 -0.634771109 -0.359511495 0.446972460
1403636976351666432.000000 4.240637302 2.588090181 -1.074173331 -0.730171204 -0.360969692 -0.496117353 0.300696760
1403636978451666432.000000 4.998106480 2.426931143 -1.448813915 -0.766374826 -0.308138907 -0.520631373 0.216016069
1403636978801666560.000000 5.166134357 2.404925823 -1.443152666 -0.780224025 -0.312049687 -0.502271593 0.203957543
1403636981251666432.000000 6.463261604 3.282360554 -1.673846483 -0.763600409 -0.291476607 -0.531764328 0.221771479
1403636981651666432.000000 6.622456551 3.438621759 -1.738716364 -0.766442299 -0.293562293 -0.532894492 0.205938652
1403636982001666560.000000 6.757086277 3.572384596 -1.725162864 -0.781442821 -0.297205061 -0.515966535 0.186533853
1403636982301666560.000000 6.886640072 3.731449604 -1.712091327 -0.792058885 -0.288208157 -0.501788676 0.194388419
1403636985151666432.000000 8.687999725 5.745341778 -1.719076753 -0.771360517 -0.278435946 -0.538389921 0.193939984
1403636987951666432.000000 8.684811592 7.779504299 -1.585811973 -0.741578996 -0.312291056 -0.543691099 0.238610417
1403636990601666560.000000 7.606510162 6.450479507 -1.219010592 -0.750206470 -0.320377171 -0.532156706 0.226623222
1403636991101666560.000000 7.336989880 6.038168430 -1.236212611 -0.750162423 -0.325665623 -0.529785752 0.224778503
1403636991451666432.000000 7.142943859 5.777099133 -1.264441848 -0.752362192 -0.324126750 -0.528908014 0.221696645
1403636992951666432.000000 6.462082863 4.829673767 -1.059111238 -0.763883650 -0.304661155 -0.532812059 0.199436083
1403636993401666560.000000 6.269346237 4.637165546 -1.025340796 -0.748179972 -0.319213092 -0.532225192 0.234661847
1403636993801666560.000000 6.081134319 4.465463638 -0.921640396 -0.726423085 -0.372928441 -0.510951877 0.268630117
1403636996601666560.000000 4.450641155 2.505226135 -0.588733971 -0.710725427 -0.409833580 -0.493611187 0.288537353
1403636998751666432.000000 3.720520496 1.606428266 -0.222988561 -0.644171655 -0.495352328 -0.461206794 0.356310606
1403637000251666432.000000 3.197380066 1.315976501 -0.081005611 -0.643312216 -0.494949400 -0.469390959 0.347630203
1403637000751666432.000000 2.934077024 1.142885089 -0.057212949 -0.643521667 -0.493140966 -0.469270438 0.349967480
1403637002251666432.000000 2.078835964 0.448770225 0.037416719 -0.656882286 -0.487684667 -0.459633529 0.345552295
1403637002751666432.000000 1.816584826 0.220947251 0.046273760 -0.653710365 -0.491356999 -0.465366632 0.338622183
1403637003251666432.000000 1.541292310 0.011068963 0.037028499 -0.658459544 -0.483733892 -0.465431005 0.340303600
1403637003601666560.000000 1.351937056 -0.127530605 0.031169901 -0.659363210 -0.477579355 -0.467470497 0.344426334
1403637003951666432.000000 1.169078112 -0.271551102 0.058065586 -0.661239564 -0.481705427 -0.463120490 0.340942174
1403637004251666432.000000 1.019182801 -0.389131904 0.031217838 -0.660698950 -0.489752203 -0.459197074 0.335794121
1403637004601666560.000000 0.854264557 -0.496695787 0.067528158 -0.658858359 -0.479362488 -0.464745790 0.346595705
1403637004951666432.000000 0.709540129 -0.614081979 0.115263455 -0.675679445 -0.464931607 -0.449390799 0.354039341
1403637005301666560.000000 0.617666841 -0.727014542 0.052658342 -0.670777202 -0.475279421 -0.460436851 0.334911048
1403637005651666432.000000 0.539608002 -0.820008337 -0.014695942 -0.666188598 -0.479820251 -0.460545182 0.337436587
1403637006151666432.000000 0.442302883 -0.912939489 0.016974067 -0.663368523 -0.479107708 -0.461581916 0.342549443
1403637006651666432.000000 0.375212103 -0.970077276 0.013166767 -0.669110775 -0.482419699 -0.444139928 0.349716783
1403637007151666432.000000 0.362552762 -0.981512666 -0.027708679 -0.610096455 -0.543692052 -0.427223057 0.386861384
1403637007501666560.000000 0.360279888 -0.998933971 -0.061720617 -0.586087108 -0.559885323 -0.429588914 0.398100048
1403637007851666432.000000 0.336926520 -1.033760190 -0.107257672 -0.598791897 -0.568312943 -0.413967639 0.383535534
1403637008201666560.000000 0.304112554 -1.053472281 -0.135804057 -0.607074082 -0.559950590 -0.412822247 0.384049624
1403637008701666560.000000 0.258041620 -1.039610147 -0.129789516 -0.608972847 -0.543061495 -0.421998680 0.395162553
1403637009001666560.000000 0.247167856 -1.022811890 -0.151724219 -0.625414968 -0.535993159 -0.402050018 0.399904162
1403637009301666560.000000 0.283090562 -0.998990595 -0.199633703 -0.607779086 -0.553822756 -0.430867583 0.371803910
1403637009601666560.000000 0.309409827 -0.980317831 -0.227254555 -0.577598155 -0.534890473 -0.419118911 0.452340662
1403637009801666560.000000 0.315829396 -0.983121932 -0.234044343 -0.591941535 -0.525493741 -0.423111677 0.440951318
1403637010151666432.000000 0.313345641 -0.976825953 -0.241872698 -0.591730058 -0.525338590 -0.422203183 0.442288756
1403637010551666432.000000 0.313187122 -0.981204689 -0.251382291 0.591596544 0.525210381 0.422389209 -0.442442119
