#Stereo rect[ms], MP culling[ms], MP creation[ms], LBA[ms], KF culling[ms], Total[ms]
9.118931,0.042529,0.504200,0.014465,0.014465,9.691293
9.304150,0.114082,0.874287,0.004448,0.004448,10.301511
9.361336,0.146658,1.529401,0.217540,0.217540,20.704400
9.786174,0.156195,2.367046,0.327749,0.327749,25.547742
10.015459,0.153218,3.082930,0.421254,0.421254,23.005494
10.372360,0.169539,26.884308,0.569449,0.569449,63.453413
11.228471,0.312965,38.872790,0.660811,0.660811,84.045940
12.220295,0.467015,40.387824,0.565386,0.565386,92.331611
9.823743,0.367174,29.302427,1.057778,1.057778,87.882098
13.894177,0.451431,39.705477,67.481831,67.481831,172.574864
14.686990,0.315685,41.363423,0.802701,0.802701,119.717334
15.825217,0.252644,45.467297,1.117266,1.117266,126.407715
15.935011,0.387110,45.159549,1.347573,1.347573,124.389059
16.252680,0.330085,39.556802,1.373558,1.373558,112.380000
17.300761,0.274468,40.135852,1.451031,1.451031,131.418645
19.267673,0.260132,55.782697,1.764253,1.764253,155.409018
14.492395,0.233732,35.844229,1.967520,1.967520,136.732682
19.830401,0.334086,51.746631,2.224132,2.224132,166.103431
21.555102,0.399334,62.320243,2.359046,2.359046,189.345632
22.715728,0.266437,58.032237,2.570890,2.570890,194.406994
23.786178,0.307429,65.167553,2.872143,2.872143,203.397828
18.107077,0.327686,49.463202,4.171428,4.171428,182.923032
22.985557,0.538153,62.706041,4.283302,4.283302,456.545520
12.669357,0.262277,37.019224,4.253573,4.253573,150.501002
23.703169,0.506472,65.684842,3.997216,3.997216,204.943165
24.808339,0.440743,72.609978,4.266374,4.266374,215.650988
20.586414,0.334053,47.698278,3.219668,3.219668,173.023607
18.604334,0.555497,64.037647,3.537657,3.537657,198.362418
25.308347,0.295685,58.158991,3.917440,3.917440,215.662636
18.275785,0.348198,43.573699,4.005345,4.005345,185.301311
23.136535,0.323813,48.456147,5.158388,5.158388,205.534983
27.976038,0.400710,58.228561,3.741981,3.741981,218.365111
28.490350,0.288581,55.776777,5.791454,5.791454,218.647131
24.749873,0.299365,53.336610,5.446776,5.446776,218.675708
17.049108,0.375046,44.405553,7.169365,7.169365,199.502469
21.784385,0.269989,53.695239,4.245509,4.245509,212.633530
17.788769,0.335333,45.469858,7.421785,7.421785,162.421388
16.910194,0.194915,47.170942,3.785181,3.785181,204.901596
13.450427,0.129826,36.723923,5.794142,5.794142,141.174419
9.637117,0.048641,0.605801,0.004896,0.004896,10.300648
9.529819,0.102945,1.009649,0.004512,0.004512,10.650797
9.789855,0.151587,1.328853,0.350821,0.350821,24.144072
10.000995,0.145730,1.730300,0.610986,0.610986,26.839924
10.221638,0.038016,1.954752,0.662155,0.662155,24.959765
10.440394,0.025216,2.588682,0.777740,0.777740,28.284843
10.690286,0.043904,2.879887,0.816238,0.816238,38.913368
10.971954,0.036032,3.399479,0.930447,0.930447,42.178476
11.114805,0.044416,3.877791,1.102194,1.102194,34.952023
11.408921,0.037216,4.359175,45.537891,45.537891,96.412604
11.944482,0.041056,5.136948,0.748812,0.748812,50.328656
12.047139,0.010144,5.449689,1.326742,1.326742,54.313137
12.348745,0.010592,6.084259,1.114962,1.114962,70.748284
12.612973,0.043072,6.937233,1.449207,1.449207,63.141441
12.876529,0.033504,7.472089,1.176372,1.176372,68.959999
13.395930,0.058401,7.779870,0.722764,0.722764,67.265764
13.724863,0.048960,8.519915,1.410102,1.410102,73.501160
9.140149,0.047456,0.553129,0.005024,0.005024,9.749535
9.562427,0.149123,1.434231,0.004576,0.004576,11.154613
10.066115,0.294661,6.393704,0.574121,0.574121,35.826949
8.423401,0.331301,14.290056,0.741452,0.741452,55.634919
11.377784,0.448296,14.362921,1.022353,1.022353,61.078015
12.132805,0.383334,27.367388,1.217075,1.217075,81.498858
12.954994,0.527592,40.396592,1.446359,1.446359,103.817204
14.218535,0.524040,35.679907,1.587450,1.587450,103.702899
15.071188,0.500296,42.505074,2.081442,2.081442,123.339057
15.966563,0.501480,47.396097,91.672048,91.672048,218.404312
16.462667,0.370438,50.018763,1.663835,1.663835,136.087712
17.473852,0.383462,43.400896,1.767900,1.767900,126.767017
18.091942,0.513160,56.716953,2.004160,2.004160,182.105611
18.361258,0.498344,51.929515,2.346150,2.346150,157.088757
11.710014,0.276132,33.765252,2.359879,2.359879,134.161761
13.755936,0.337285,37.373886,2.687916,2.687916,135.420246
14.674574,0.422791,41.446784,2.897615,2.897615,150.832111
18.846834,0.565961,55.986572,3.133139,3.133139,191.915946
19.231288,0.606409,61.507686,3.070866,3.070866,224.409081
10.196549,0.399143,28.266219,3.708828,3.708828,147.060882
19.839458,0.474503,59.508998,4.302821,4.302821,211.797164
12.103012,0.387559,38.778229,5.339191,5.339191,430.339847
9.202005,0.396519,27.371580,5.610843,5.610843,157.457403
14.105253,0.405799,38.678547,5.279478,5.279478,185.239550
11.952898,0.537865,41.851399,5.452793,5.452793,185.379712
12.480715,0.544584,37.268061,4.126595,4.126595,184.837975
13.363064,0.509513,41.784326,4.774989,4.774989,191.586404
11.660189,0.440295,38.404399,4.208357,4.208357,173.093497
8.095236,0.273572,23.345563,7.601788,7.601788,170.167466
12.273448,0.481607,39.984617,4.517385,4.517385,186.678645
11.258487,0.466407,36.122602,7.080786,7.080786,188.794007
10.106820,0.417446,33.234012,4.632715,4.632715,187.142236
9.392504,0.421927,33.788996,5.999297,5.999297,196.515541
9.875680,0.474056,32.543696,5.112371,5.112371,194.175118
9.596252,0.418791,31.780163,2.972112,2.972112,174.036232
12.831120,0.514760,41.198621,3.736508,3.736508,195.395042
12.318376,0.589673,42.285070,3.541306,3.541306,201.709865
11.292728,0.513224,38.196556,3.142131,3.142131,197.019389
10.785231,0.459080,33.824324,5.535482,5.535482,207.106785
10.228294,0.420615,31.048631,6.692813,6.692813,207.211298
15.657630,0.487880,48.966586,5.035474,5.035474,226.828192
15.976131,0.469416,51.108285,5.715965,5.715965,231.573166
9.916448,0.311429,28.950902,8.449898,8.449898,213.302661
10.437961,0.286949,31.191290,5.322743,5.322743,197.154879
10.353640,0.356934,32.241643,7.929760,7.929760,204.039727
9.787935,0.355590,29.076888,7.788447,7.788447,206.605881
12.137765,0.349446,45.977578,5.735101,5.735101,224.001363
16.005699,0.562346,54.368434,5.711997,5.711997,244.433630
16.737680,0.441959,55.910059,6.355015,6.355015,237.269514
13.689790,0.445287,41.371392,5.463513,5.463513,212.578265
17.107830,0.563945,54.037069,7.443961,7.443961,229.608558
12.717326,0.433799,41.019482,7.149812,7.149812,205.217249
15.732192,0.517480,45.144701,7.203733,7.203733,216.189460
12.086372,0.507400,35.462560,5.979425,5.979425,199.374787
12.823888,0.471720,36.799669,3.776125,3.776125,211.901998
13.159926,0.469863,36.790325,5.149876,5.149876,203.440069
17.331161,0.537321,44.983930,7.285047,7.285047,216.861055
16.188743,0.549449,44.466161,4.384968,4.384968,215.298182
13.308376,0.484135,38.095083,6.165348,6.165348,204.622296
16.671631,0.530824,42.537810,4.517481,4.517481,211.504296
19.007381,0.619210,57.821034,4.807854,4.807854,239.207882
18.558669,0.642187,61.190145,7.148084,7.148084,227.347817
19.075157,0.540393,57.772202,5.065938,5.065938,226.414554
19.981028,0.593450,51.762248,8.343431,8.343431,232.970564
20.422379,0.764397,61.362820,7.581371,7.581371,235.681488
18.193927,0.473768,49.168158,5.544154,5.544154,218.174772
21.177560,0.585450,56.258416,8.010146,8.010146,750.497426
14.808368,0.802157,43.326527,5.594235,5.594235,205.718794
17.681342,0.636779,55.806697,6.350919,6.350919,227.825392
18.817873,0.736684,55.070141,8.231110,8.231110,232.545021
14.269992,0.649578,42.697205,7.758942,7.758942,209.547176
14.759471,0.678411,41.211709,5.610171,5.610171,206.812476
15.849633,0.631914,44.986906,8.336775,8.336775,216.800446
13.297559,0.613930,37.697700,7.060147,7.060147,204.736378
9.045715,0.621546,27.406717,6.326311,6.326311,193.083069
16.907410,0.911919,51.808233,7.911584,7.911584,234.808962
15.878785,1.028593,45.142205,10.036547,10.036547,220.084147
15.128214,0.889966,56.518325,8.275655,8.275655,238.091256
14.958931,1.286933,53.133502,9.799903,9.799903,228.674719
14.801840,0.952976,54.305809,8.981586,8.981586,228.156662
10.949714,0.627018,50.594805,10.870897,10.870897,228.303257
8.922800,0.775981,34.416942,10.446666,10.446666,202.660216
10.393129,0.693483,46.877241,8.346216,8.346216,226.629086
15.398394,0.916911,47.834920,12.326824,12.326824,226.994276
10.597420,0.733260,36.086633,9.253814,9.253814,207.421541
12.984563,0.786605,42.508849,8.331143,8.331143,217.193156
10.153348,0.656971,37.477536,8.689933,8.689933,208.425942
9.206294,0.579817,31.248795,12.246950,12.246950,202.080687
8.442089,0.505385,28.697329,7.516826,7.516826,197.512677
10.161765,0.723308,44.366671,14.110565,14.110565,226.743679
13.048436,0.845486,43.386304,11.393497,11.393497,217.878703
12.357832,0.765261,42.655732,12.535083,12.535083,217.342726
11.179477,0.615466,41.587907,10.614829,10.614829,214.080722
9.744094,0.582730,38.292077,10.786383,10.786383,209.702443
10.149829,0.654794,46.671510,12.472010,12.472010,221.840048
11.735646,0.621450,50.234895,6.395304,6.395304,235.707536
11.386841,0.839757,53.311873,9.476378,9.476378,230.623870
9.939458,0.702795,47.605573,10.888081,10.888081,223.081732
9.335768,0.560489,42.605363,10.440105,10.440105,214.775613
10.617228,0.754668,44.113484,9.749823,9.749823,223.593132
7.561498,0.518793,24.562414,8.104068,8.104068,186.877464
11.423417,0.631082,41.060698,9.916481,9.916481,216.458584
9.005426,0.552169,28.269259,10.743790,10.743790,198.984669
10.630220,0.614538,36.754165,11.833600,11.833600,215.288069
8.310951,0.476456,25.773762,9.977922,9.977922,195.776841
9.200950,0.564041,34.345261,7.571451,7.571451,211.856654
8.526794,0.558314,28.453101,9.668573,9.668573,198.474709
10.308231,0.457000,33.052216,9.951393,9.951393,218.791198
9.789759,0.500040,32.329325,8.750190,8.750190,207.602025
7.747934,0.370822,24.231145,10.578860,10.578860,210.888318
8.932049,0.484040,28.906901,12.335880,12.335880,201.734857
9.226965,0.466376,32.634897,9.379064,9.379064,203.538630
8.416744,0.510569,29.191449,5.661916,5.661916,122.542884
12.290696,0.507912,49.573444,6.822159,6.822159,145.487225
12.146213,0.641035,47.188733,8.797231,8.797231,214.685084
6.625932,0.456903,25.060535,5.521369,5.521369,109.100586
10.730862,0.576394,43.948073,6.507657,6.507657,126.907403
12.344264,0.643530,57.314114,7.489209,7.489209,217.835598
6.777134,0.489960,27.722306,7.721949,7.721949,168.505006
8.170693,0.568201,35.334686,6.012738,6.012738,180.304238
9.967586,1.333782,50.744055,9.035122,9.035122,209.850765
13.354233,0.971440,51.399010,8.772847,8.772847,209.272612
13.786175,0.964656,58.361811,7.543930,7.543930,215.989808
13.951522,0.937136,57.571270,9.122773,9.122773,220.360056
12.191270,0.758989,45.548611,5.971809,5.971809,198.682872
14.109445,0.614506,42.896280,7.501370,7.501370,200.934524
15.525820,0.773837,56.709720,5.513753,5.513753,216.604347
14.111717,0.528136,51.045949,7.068498,7.068498,211.115681
16.371401,0.757325,64.071535,8.827471,8.827471,228.820225
16.782033,0.626026,61.031230,10.758959,10.758959,234.955397
8.471562,0.332421,28.536111,6.757134,6.757134,179.320638
13.167957,0.481160,40.245133,10.346312,10.346312,209.735019
16.101061,0.679435,58.164752,10.803600,10.803600,223.406601
10.831343,0.448328,40.740661,9.027379,9.027379,194.131470
15.241880,0.669611,45.764742,9.580187,9.580187,204.430869
14.002724,0.742764,49.990763,7.338135,7.338135,210.043665
11.195989,0.598122,37.266845,8.903633,8.903633,204.435093
11.643389,0.607434,35.845061,6.578666,6.578666,196.003884
10.022594,0.517577,33.153690,11.077747,11.077747,199.358403
10.231750,0.574057,34.869782,6.329222,6.329222,193.420674
14.271208,0.757100,53.277569,9.462042,9.462042,220.164149
14.584141,0.805325,57.331266,9.024083,9.024083,227.269224
15.115125,0.726508,54.363058,8.552010,8.552010,224.751486
15.126037,0.717132,58.471509,9.735582,9.735582,228.511676
15.672063,0.722347,57.293218,9.663229,9.663229,230.267897
15.831713,0.631306,53.756392,5.794366,5.794366,231.711343
15.106069,0.802573,66.688890,9.038611,9.038611,262.544004
10.583084,0.588713,35.387582,6.254726,6.254726,207.496423
15.828992,0.670827,48.531988,4.021601,4.021601,232.317049
16.075141,0.922639,53.565701,4.947472,4.947472,242.862949
16.620110,0.767372,51.284832,5.483033,5.483033,258.758823
15.875489,1.029873,53.857706,8.101475,8.101475,264.786280
11.720414,0.807565,39.958441,8.214886,8.214886,229.677999
13.838977,0.715499,42.298670,8.463625,8.463625,235.310218
16.262919,0.566730,74.990912,5.412696,5.412696,318.773044
11.081780,0.645962,39.911816,5.370231,5.370231,230.412667
8.446825,0.368358,29.760579,10.974898,10.974898,219.997618
8.684109,0.447335,33.735139,9.162004,9.162004,226.155477
15.273816,0.571081,50.981371,8.883600,8.883600,262.713031
11.800576,0.441895,42.624340,8.494281,8.494281,237.837780
14.903570,0.428455,52.607126,8.418728,8.418728,264.582853
10.888113,0.474248,47.302015,7.011154,7.011154,240.650241
13.661790,0.480488,51.888522,8.827823,8.827823,246.655682
18.365290,0.421575,75.801230,7.443033,7.443033,278.015839
17.414427,0.486087,66.761564,5.647004,5.647004,263.904346
12.515627,0.414823,48.145581,11.584636,11.584636,238.159800
13.849665,0.371558,50.313201,5.665628,5.665628,236.195033
12.795439,0.350662,48.097388,11.079476,11.079476,231.788305
15.464603,0.445895,63.498439,6.882128,6.882128,262.951211
10.537963,0.418182,52.316177,5.009233,5.009233,230.297752
14.498892,0.425254,59.017438,7.893280,7.893280,242.680450
16.210343,0.519913,63.302147,7.613468,7.613468,263.301233
17.657150,0.473000,81.098724,9.780767,9.780767,276.413701
15.658462,0.256357,59.026941,6.292550,6.292550,260.250847
12.278503,0.421895,54.607958,8.179141,8.179141,239.957429
16.497483,0.450952,63.085695,6.958993,6.958993,255.749653
19.082357,0.466888,62.816475,13.132022,13.132022,262.225855
6.892623,0.318534,29.871876,7.341687,7.341687,208.976030
8.132324,0.266468,32.735795,7.542682,7.542682,206.299347
12.567852,0.312805,47.457538,7.444696,7.444696,226.426938
16.579469,0.338245,70.251732,7.085779,7.085779,261.127789
16.021444,0.345094,58.190704,7.376600,7.376600,240.320284
16.737264,0.303749,52.790520,9.157301,9.157301,234.230521
15.191575,0.355941,52.485236,8.018946,8.018946,231.561198
13.767519,0.370534,52.455347,9.205814,9.205814,233.810354
15.461242,0.458568,55.958444,8.081027,8.081027,242.704130
15.477308,0.355525,44.550931,11.106101,11.106101,216.511322
11.127476,0.224356,38.995289,10.529802,10.529802,205.325796
11.015730,0.267653,34.085897,7.962881,7.962881,203.920173
17.143190,0.396422,52.244176,14.205222,14.205222,229.227527
7.948033,0.277733,29.605824,10.184197,10.184197,176.405966
13.705983,0.384294,43.597091,9.838624,9.838624,200.842459
11.384697,0.502376,44.407152,12.791375,12.791375,200.683896
11.648605,0.684555,39.840614,13.561820,13.561820,197.512165
8.491913,0.460648,33.079609,7.105011,7.105011,179.330845
10.730926,0.467752,37.735940,11.835424,11.835424,188.029131
14.695566,0.489864,53.713128,12.839889,12.839889,213.418727
12.557995,0.391783,42.071850,13.540348,13.540348,198.020717
9.645724,0.332230,31.555808,14.738671,14.738671,191.413698
18.731024,0.693708,55.121694,9.470073,9.470073,218.100595
12.408106,0.441351,42.599411,13.530076,13.530076,198.982813
19.525181,0.563625,56.101006,15.281912,15.281912,230.519005
18.265800,0.564874,55.874890,9.323063,9.323063,221.368552
13.731519,0.526473,48.442578,13.575804,13.575804,215.821070
12.352520,0.407367,37.596802,11.283223,11.283223,197.047837
12.264743,0.415878,43.389089,9.820575,9.820575,205.261346
13.748736,0.498440,46.569267,12.090660,12.090660,201.086623
13.147829,0.392230,37.028505,12.429162,12.429162,190.868633
14.410538,0.531881,46.384592,14.990868,14.990868,204.216594
12.719374,0.374278,46.315984,14.796177,14.796177,206.382037
11.602492,0.302181,30.631249,9.814047,9.814047,190.465874
13.168885,0.403079,35.362558,15.446971,15.446971,200.979869
11.807327,0.382055,35.262780,12.242631,12.242631,187.925641
22.791250,0.557641,66.172977,14.669742,14.669742,273.266450
21.631550,0.536585,56.058094,13.526747,13.526747,222.419896
14.792784,0.299429,41.502882,13.580252,13.580252,210.721467
14.056932,0.392166,39.012217,10.884209,10.884209,207.645705
14.434858,0.401127,37.465632,13.533244,13.533244,201.394756
13.358073,0.381382,35.664963,14.838449,14.838449,210.832381
12.851952,0.394726,37.684516,13.357081,13.357081,199.629511
12.148677,0.478568,34.309517,18.050565,18.050565,202.502486
11.542684,0.522248,32.510736,15.961795,15.961795,199.011325
12.377577,0.570185,34.251052,14.622606,14.622606,206.199442
16.618445,0.747629,50.451666,14.883570,14.883570,229.309897
12.304008,0.587657,42.827607,18.122854,18.122854,217.589067
8.432777,0.404966,27.634593,15.942275,15.942275,192.111181
10.426025,0.444871,41.092795,14.038020,14.038020,223.599724
10.023875,0.515720,46.871321,14.787375,14.787375,219.674988
8.326375,0.430119,40.197260,15.804512,15.804512,210.748059
8.895120,0.479656,45.063035,17.347545,17.347545,217.594666
8.524906,0.578185,45.375872,20.041221,20.041221,217.906863
14.812689,0.645130,62.917021,17.118038,17.118038,238.825764
11.921569,0.581258,51.277728,16.284169,16.284169,232.689088
16.313128,0.639659,66.779867,16.589325,16.589325,259.057995
16.815792,0.697036,68.042512,22.754961,22.754961,279.152433
9.916065,0.543401,39.445088,20.134567,20.134567,219.807823
9.126164,0.382823,32.500783,22.418796,22.418796,219.255110
9.561531,0.450599,36.337646,20.162120,20.162120,216.295574
9.362360,0.457544,37.030936,18.633230,18.633230,213.286757
9.261174,0.373286,34.390126,20.273065,20.273065,213.021952
9.603068,0.346629,37.503777,15.674623,15.674623,209.272292
14.654798,0.474664,63.107328,17.415450,17.415450,259.665973
15.166486,0.740172,52.125006,15.154102,15.154102,240.899237
18.593933,0.679947,67.191042,15.385530,15.385530,281.294740
11.487610,0.535433,43.836071,19.685280,19.685280,233.957268
9.464570,0.344453,32.288972,15.825056,15.825056,228.220695
11.205238,0.492904,39.968104,22.059430,22.059430,239.105384
10.370441,0.364325,33.309309,17.102869,17.102869,231.303209
11.752895,0.446983,35.314973,17.888162,17.888162,234.058710
15.307097,0.696011,50.140430,16.135910,16.135910,254.156540
17.399290,0.938192,67.991791,14.802673,14.802673,274.343684
14.405193,0.672651,54.854618,16.191367,16.191367,276.248866
9.809888,0.596745,36.340686,8.078467,8.078467,227.207367
8.583467,0.382182,29.911654,13.342840,13.342840,232.248824
8.706382,0.707435,30.876853,15.304120,15.304120,228.801121
8.760910,0.549385,29.131865,17.703199,17.703199,243.020231
9.647324,0.663467,31.318076,16.207655,16.207655,233.819986
9.708445,0.611562,29.062104,15.701086,15.701086,235.087718
9.813567,0.654571,32.007655,16.614190,16.614190,240.937318
18.728784,0.917615,68.247955,14.707471,14.707471,284.770221
18.500524,1.070865,59.699305,11.678206,11.678206,288.170788
19.364186,0.970223,62.458102,9.703325,9.703325,291.542522
11.485019,0.471687,42.023370,14.744623,14.744623,249.083882
16.046917,0.657610,51.195039,15.259223,15.259223,266.914411
20.870067,0.858286,69.753100,16.399626,16.399626,294.817776
10.617517,0.407078,36.618962,16.229511,16.229511,248.708196
21.972900,0.690219,70.152883,10.606444,10.606444,293.117556
22.431372,0.637002,63.353572,10.941522,10.941522,291.158804
13.969026,0.449768,43.687013,10.869584,10.869584,264.904010
18.609358,0.505480,49.173182,12.598028,12.598028,292.588619
13.383993,0.351750,44.264142,15.366937,15.366937,270.589670
18.909843,0.631242,50.049932,19.541885,19.541885,297.978435
23.100055,0.626538,54.891227,18.330634,18.330634,302.251913
11.839936,0.364038,39.628003,25.784610,25.784610,272.603719
20.826994,0.656779,66.881213,28.397645,28.397645,316.208171
13.402970,0.445575,43.353408,18.352394,18.352394,286.058498
8.198213,0.462440,31.475134,23.421180,23.421180,252.082426
9.906336,0.614794,42.346992,18.542445,18.542445,177.881702
14.796528,0.665803,54.656631,22.252553,22.252553,298.092229
9.339160,0.741548,35.598465,16.684878,16.684878,254.804903
12.034275,0.522057,50.959931,17.351770,17.351770,304.377035
17.603518,0.823501,63.646729,17.089877,17.089877,301.807105
20.556333,0.762797,73.791565,21.645663,21.645663,319.813061
20.694128,0.715948,66.442646,26.328299,26.328299,316.106889
18.807377,0.496712,55.188992,16.671727,16.671727,305.727905
17.973539,0.378598,57.469253,22.221640,22.221640,317.125401
21.496029,0.429158,56.048878,23.103159,23.103159,313.402749
12.164230,0.354022,36.721875,22.599247,22.599247,286.308198
14.836401,0.351077,45.340256,26.316683,26.316683,313.299387
12.202246,0.321350,38.796533,20.813522,20.813522,313.294876
23.977157,0.304549,57.795018,18.993012,18.993012,327.180541
19.911715,0.517224,50.649238,15.525980,15.525980,327.712773
20.190600,0.393286,55.252320,24.136808,24.136808,333.905674
12.918834,0.303525,41.180476,24.632336,24.632336,299.798881
20.378986,0.321190,56.523765,24.004518,24.004518,326.836471
14.259304,0.314085,42.933785,17.280408,17.280408,298.522412
17.014196,0.246212,44.047115,24.249770,24.249770,305.212025
30.296363,0.382919,91.546285,21.243544,21.243544,364.325495
24.983510,0.376998,57.523845,20.691407,20.691407,320.959000
32.223242,0.321862,60.400884,22.295434,22.295434,340.142319
16.345225,0.290277,45.327967,21.300698,21.300698,286.897007
22.612047,0.293477,49.042812,21.649568,21.649568,296.643054
21.297817,0.282149,50.999228,20.560142,20.560142,304.889395
24.143079,0.392487,49.455298,22.678800,22.678800,334.460659
19.094518,0.239652,47.786631,29.704802,29.704802,315.471551
18.595918,0.274853,43.116827,24.675792,24.675792,323.238685
35.520448,0.336229,68.188051,30.849941,30.849941,349.616009
39.730437,0.448743,79.515978,31.044184,31.044184,363.041571
27.640128,0.358182,70.805085,25.495838,25.495838,337.784873
40.383952,0.468423,81.248583,28.029223,28.029223,387.276940
22.500142,0.373254,56.679959,24.382508,24.382508,316.804565
27.962405,0.367526,50.428242,29.272251,29.272251,319.923623
16.171559,0.336773,39.247517,22.063846,22.063846,286.666700
14.334153,0.319813,35.978216,28.886773,28.886773,281.683579
16.711087,0.297669,38.942936,25.457309,25.457309,303.872099
13.583548,0.260645,31.921414,29.434750,29.434750,290.074083
14.814928,0.294117,35.081913,29.790691,29.790691,286.602634
14.969267,0.255685,33.749571,28.627632,28.627632,268.088542
15.979556,0.281380,35.516417,30.072648,30.072648,269.584951
16.007748,0.264964,36.377998,29.649409,29.649409,277.483894
14.282536,0.353349,33.655394,21.218969,21.218969,164.107815
12.034403,0.162499,36.507056,23.916037,23.916037,166.267722
12.232486,0.330597,42.973722,16.027140,16.027140,194.010348
13.183830,0.261124,49.470051,19.305241,19.305241,195.429731
13.150806,0.243204,54.185935,16.136774,16.136774,199.233601
14.515916,0.360229,51.537477,16.960660,16.960660,157.865826
13.725919,0.266308,51.580869,17.766880,17.766880,179.046585
11.914082,0.240323,38.744181,17.422587,17.422587,139.678363
