1403636859051666432.000000 8.222220421 -4.475162029 3.846938848 -0.577656627 -0.573755264 -0.392143607 0.428183585
1403636862001666560.000000 8.294119835 -4.477241039 4.014629841 -0.607646644 -0.579658747 -0.389547259 0.378172368
1403636864851666432.000000 8.289748192 -4.470122814 4.229446888 -0.604256511 -0.560562789 -0.421440601 0.378194869
1403636866201666560.000000 8.273526192 -4.464244366 4.320858955 -0.595431387 -0.537752867 -0.433908552 0.409886181
1403636868951666432.000000 8.239059448 -4.605551720 4.058604240 -0.693501055 -0.626549900 -0.256860822 0.245996296
1403636871751666432.000000 8.532290459 -4.535509109 4.045861244 -0.723048687 -0.584767640 -0.271323591 0.248255983
1403636874701666560.000000 8.456544876 -4.507473469 4.010193348 -0.714953065 -0.601265669 -0.252931684 0.251688838
1403636876101666560.000000 8.295130730 -4.744116306 3.987906933 -0.811705530 -0.441924393 -0.307165563 0.226905987
1403636876251666432.000000 8.366902351 -4.767134666 3.994853258 -0.823346853 -0.413669258 -0.325804591 0.211728737
1403636876451666432.000000 8.479365349 -4.748778343 3.994402885 -0.836751580 -0.393506497 -0.330050051 0.189911813
1403636876651666432.000000 8.593231201 -4.675636292 3.996890783 -0.826080441 -0.397641987 -0.352894515 0.186915994
1403636876851666432.000000 8.652324677 -4.563536167 4.003377438 -0.801762283 -0.430532634 -0.360993236 0.203722566
1403636878451666432.000000 8.287705421 -4.684673786 3.957669735 -0.749637485 -0.541344762 -0.277745217 0.260474652
1403636878751666432.000000 8.473109245 -4.695298672 3.977010250 -0.779843390 -0.489235044 -0.319184601 0.224976763
1403636879151666432.000000 8.651868820 -4.570060730 4.002987385 -0.782511413 -0.473410547 -0.335820913 0.225349918
1403636879351666432.000000 8.662961006 -4.478511333 4.018781185 -0.760611057 -0.486666501 -0.352024019 0.246385425
1403636880951666432.000000 8.266717911 -4.783756256 4.082314968 -0.744856834 -0.527675807 -0.319201618 0.254670322
1403636881101666560.000000 8.211701393 -4.772848606 4.084692955 -0.725297809 -0.541429758 -0.324598879 0.274649739
1403636881251666432.000000 8.163842201 -4.736559391 4.086370945 -0.701106429 -0.563314080 -0.317754775 0.300264955
1403636882051666432.000000 8.386327744 -4.432330132 4.064964771 -0.661760569 -0.599392891 -0.335132211 0.300811529
1403636884901666560.000000 8.425993919 -4.319891453 3.767369986 -0.489297003 -0.629458368 -0.353409618 0.489359170
1403636887451666432.000000 8.313095093 -4.354968548 3.762669325 -0.496776760 -0.622966051 -0.358442396 0.486462057
1403636890151666432.000000 8.288938522 -4.360689640 3.757559538 -0.497750789 -0.621223390 -0.360758275 0.485982567
1403636892951666432.000000 8.361067772 -4.328392506 3.778717279 -0.493887007 -0.625790954 -0.355858088 0.487674385
1403636895501666560.000000 8.360290527 -4.329292297 3.778713703 -0.493605763 -0.626249433 -0.356467128 0.486925274
1403636898101666560.000000 8.445344925 -4.411232471 3.857383728 -0.508757889 -0.653835177 -0.353440344 0.434447885
1403636900651666432.000000 8.684433937 -4.012519836 4.201934338 -0.571884155 -0.594535887 -0.395038366 0.404252887
1403636901501666560.000000 8.948473930 -3.797981739 4.231926441 -0.570511460 -0.592682540 -0.390062988 0.413636327
1403636903751666432.000000 9.909427643 -3.178595066 4.216887474 -0.566578269 -0.602689147 -0.389837503 0.404699296
1403636905851666432.000000 10.742512703 -2.518539906 4.487288475 -0.561601222 -0.607143581 -0.395130694 0.399815530
1403636906751666432.000000 10.887104988 -2.125978708 4.458702087 -0.561501861 -0.600998759 -0.384970814 0.418704808
1403636908751666432.000000 11.306864738 -0.936475515 4.499452114 -0.543451428 -0.622133136 -0.375558764 0.420198351
1403636909001666560.000000 11.365412712 -0.757673979 4.538043976 -0.547462940 -0.625069022 -0.366631091 0.418514818
1403636910901666560.000000 11.770004272 0.676032841 4.413498878 -0.542345405 -0.620430529 -0.377110511 0.422747046
1403636911501666560.000000 11.836777687 1.031711578 4.407327652 -0.539975941 -0.619722128 -0.380912960 0.423409730
1403636913451666432.000000 12.275760651 2.129816055 4.263035297 -0.548395932 -0.608154476 -0.377657890 0.432185829
1403636914201666560.000000 12.586902618 2.467138767 4.243547440 -0.548015118 -0.609105170 -0.379940242 0.429320127
1403636916751666432.000000 13.497788429 3.437635422 4.401376724 -0.562597454 -0.596089244 -0.410462469 0.399602801
1403636919501666560.000000 13.721684456 4.012320518 4.526816845 -0.654729605 -0.484074861 -0.458957136 0.355470330
1403636922251666432.000000 14.148531914 3.471521616 4.439651489 -0.663415432 -0.481839836 -0.470956981 0.325438052
1403636924001666560.000000 14.329194069 3.300335884 4.292340755 -0.726206243 -0.420063674 -0.479653388 0.257106543
1403636925301666560.000000 14.736392975 3.655921459 4.139489651 -0.719214857 -0.394078314 -0.505701005 0.267766178
1403636927901666560.000000 15.974162102 4.464848995 3.903452873 -0.791013122 -0.287366152 -0.509765327 0.178489059
1403636930651666432.000000 17.602146149 5.244248390 4.024279118 -0.760577083 -0.282739967 -0.547760189 0.203812465
1403636933551666432.000000 17.490232468 4.442997456 4.145838261 -0.811761022 -0.168429732 -0.548182130 0.110326670
1403636936051666432.000000 16.509281158 3.684045076 4.243120193 -0.836455882 -0.007435080 -0.547870576 0.011147497
1403636938951666432.000000 16.154134750 2.725785255 3.957856894 0.816164672 -0.043952093 0.576094210 0.007677025
1403636939651666432.000000 15.885020256 2.365545750 3.955398798 0.804715455 -0.026122589 0.592962265 0.012098596
1403636939951666432.000000 15.734431267 2.210912466 3.988851547 0.805247903 -0.029665552 0.592124403 0.009189026
1403636940201666560.000000 15.590059280 2.073303223 3.962459087 0.811012506 -0.049279887 0.582760334 0.014855945
1403636942501666560.000000 14.289683342 0.681860924 4.036418438 0.814371884 -0.059664156 0.577002585 0.017514551
1403636945101666560.000000 13.307435036 -0.722897112 3.901759386 0.809297383 -0.004902153 0.587201834 0.014410571
1403636947951666432.000000 12.895236015 -0.867647767 3.379038572 0.826822340 -0.015067068 0.560651779 0.042514201
1403636948451666432.000000 13.067131996 -0.892172039 3.280620337 0.827992916 -0.006521451 0.559297323 0.039643954
1403636949051666432.000000 13.360636711 -0.690629363 3.188788414 0.808631599 -0.014832795 0.588108361 0.004859415
1403636949951666432.000000 13.653788567 -0.315079153 3.070225239 0.826063573 -0.014148422 0.563385427 -0.003953906
1403636950201666560.000000 13.720001221 -0.248085946 3.081613541 0.831625342 -0.014019964 0.555159092 -0.001082694
1403636950451666432.000000 13.817926407 -0.192988247 3.059382439 0.824268341 -0.007763494 0.566062152 0.009750056
1403636951801666560.000000 14.361033440 0.222403884 3.034736156 -0.824635327 0.000792280 -0.565489113 -0.014071230
1403636953751666432.000000 15.286281586 0.894414306 2.797682285 -0.826242745 -0.004357536 -0.563122451 -0.014037258
1403636954001666560.000000 15.416503906 0.978886664 2.826142311 -0.825778306 -0.007937637 -0.563784540 -0.013199049
1403636954451666432.000000 15.679903030 1.175327778 2.873172522 -0.829184532 -0.000719119 -0.558935046 -0.006637690
1403636955201666560.000000 16.169624329 1.586638451 2.817394495 0.817875147 -0.020401144 0.574502051 0.024726052
1403636955451666432.000000 16.321586609 1.742406130 2.807210922 0.816605747 -0.028134890 0.575584412 0.032652881
1403636956051666432.000000 16.655315399 2.155088663 2.778609753 0.815887392 -0.051384434 0.575618923 0.018715778
1403636956351666432.000000 16.812997818 2.348194122 2.792823553 0.815602362 -0.056530166 0.575467527 0.020840080
1403636956801666560.000000 17.005092621 2.596885681 2.730571985 0.809095860 -0.022760717 0.587142885 -0.010440295
1403636959651666432.000000 17.540105820 3.411331892 2.596239805 -0.754785717 -0.307392538 -0.541506171 0.206347883
1403636962151666432.000000 17.285442352 4.262496948 2.612147808 -0.628695846 -0.521246672 -0.451292276 0.359692693
1403636963051666432.000000 16.965515137 4.420420170 2.863613844 -0.517831445 -0.621642470 -0.398854792 0.431655109
1403636963951666432.000000 16.512668610 4.364017487 2.902043104 -0.541462660 -0.604310751 -0.400020242 0.426157892
1403636964301666560.000000 16.330951691 4.294287682 2.991955996 -0.537911534 -0.604070067 -0.404970735 0.426320583
1403636964701666560.000000 16.093996048 4.173832893 3.031317472 -0.517629683 -0.620815217 -0.406617701 0.425805062
1403636964951666432.000000 15.911934853 4.071092129 3.036830902 -0.482668847 -0.645063102 -0.388357878 0.447328389
1403636966801666560.000000 14.295022011 3.274312973 3.505476475 -0.466374278 -0.661038041 -0.337838531 0.481029004
1403636967801666560.000000 13.784662247 2.659818172 3.495448828 -0.466057867 -0.659633100 -0.352366894 0.472770482
1403636968151666432.000000 13.626245499 2.377951145 3.366569042 -0.466208547 -0.657145560 -0.350978166 0.477099299
1403636968551666432.000000 13.461790085 2.005502939 3.293170214 -0.469655782 -0.659436405 -0.346702963 0.473671049
1403636968901666560.000000 13.331828117 1.634743690 3.289249897 -0.465635985 -0.662786484 -0.353833407 0.467652857
1403636969251666432.000000 13.190621376 1.241105676 3.321855307 -0.476473004 -0.665817738 -0.339227229 0.463233292
1403636969651666432.000000 13.030931473 0.810170650 3.405071020 -0.483664066 -0.673437417 -0.334140271 0.448220432
1403636969951666432.000000 12.902647972 0.536197424 3.418737888 -0.483763397 -0.672164500 -0.335700572 0.448857397
1403636970201666560.000000 12.790698051 0.338195622 3.386291504 -0.474942923 -0.662429392 -0.346391559 0.464359045
1403636970451666432.000000 12.677695274 0.142349079 3.354181290 -0.478596598 -0.666335940 -0.339991152 0.459725708
1403636972001666560.000000 12.056525230 -0.510651231 3.244942904 -0.475120693 -0.658525944 -0.330638498 0.480918080
1403636972301666560.000000 12.035326958 -0.572851121 3.224003077 -0.483205527 -0.663332403 -0.319487959 0.473740578
1403636972751666432.000000 12.038615227 -0.631310344 3.292165995 -0.477163136 -0.666315496 -0.331584096 0.467323214
1403636975251666432.000000 12.140119553 -0.843123734 3.056391716 -0.678824008 -0.463816345 -0.466014087 0.326960653
1403636977951666432.000000 12.789293289 -0.839604735 2.724670410 -0.754555345 -0.315301865 -0.523931324 0.238174468
1403636978501666560.000000 13.045184135 -0.906275570 2.690766096 -0.762285709 -0.323084056 -0.519323826 0.211754888
1403636979051666432.000000 13.334987640 -0.894879103 2.682616711 -0.758609474 -0.320374459 -0.526693165 0.210870028
1403636979351666432.000000 13.503838539 -0.845197320 2.614645958 -0.759872973 -0.322913289 -0.524211943 0.208619311
1403636979651666432.000000 13.664577484 -0.775263667 2.581771612 -0.769402266 -0.324887455 -0.510666192 0.204177439
1403636981551666432.000000 14.614042282 0.106485657 2.434727430 -0.759473920 -0.300400704 -0.533564091 0.219699830
1403636981851666432.000000 14.729796410 0.209191158 2.420670271 -0.766315162 -0.310337782 -0.528360248 0.193098441
1403636982151666432.000000 14.841041565 0.342945397 2.447165489 -0.784696937 -0.307282090 -0.504692972 0.187385857
1403636982451666432.000000 14.993501663 0.523023009 2.436928988 -0.777603328 -0.293842852 -0.515363753 0.208301619
1403636985101666560.000000 16.634811401 2.454849958 2.429013729 -0.763611913 -0.292615235 -0.541518688 0.195014998
1403636987551666432.000000 16.729681015 4.351513863 2.517465830 -0.738706946 -0.321498901 -0.547162712 0.227076024
1403636990451666432.000000 15.630442619 3.324856758 2.886900187 -0.741041303 -0.331404895 -0.538640440 0.225599527
1403636991651666432.000000 15.001529694 2.360783577 2.922032833 -0.750274539 -0.331205100 -0.526286900 0.224529520
1403636992151666432.000000 14.770709038 2.028794289 3.004522800 -0.751303732 -0.318285614 -0.533301115 0.223219439
1403636993951666432.000000 14.012265205 1.095446110 3.217835665 -0.713335216 -0.394452393 -0.509987295 0.274724007
1403636994301666560.000000 13.839863777 0.924392521 3.237725735 -0.694529712 -0.393401563 -0.529548109 0.287128180
1403636995051666432.000000 13.352742195 0.431701958 3.245104790 -0.716363311 -0.383939385 -0.503429830 0.293210924
1403636995401666560.000000 13.151538849 0.174717486 3.264773607 -0.703877985 -0.392573416 -0.518435597 0.285773665
1403636998051666432.000000 11.881150246 -1.679713488 3.641665936 -0.644639075 -0.522053003 -0.439177215 0.344999462
1403636999451666432.000000 11.509325027 -1.869666696 4.019114017 -0.635650575 -0.508469343 -0.466431111 0.346192777
1403637000201666560.000000 11.204156876 -2.052660227 3.990226030 -0.633655190 -0.507080317 -0.471650004 0.344814390
1403637001551666432.000000 10.459778786 -2.612591982 4.076164722 -0.644385934 -0.498607934 -0.462538958 0.349592030
1403637003151666432.000000 9.598450661 -3.389139652 4.078801632 -0.649695694 -0.495130897 -0.465349585 0.340867668
1403637004401666560.000000 8.962558746 -3.926133871 4.061548710 -0.653005362 -0.497600079 -0.457951277 0.340967506
1403637004701666560.000000 8.825136185 -4.023683071 4.122500896 -0.656187832 -0.483231485 -0.459489733 0.353233635
1403637005001666560.000000 8.715411186 -4.127020836 4.131869316 -0.668193877 -0.477454543 -0.449116796 0.351920754
1403637005351666432.000000 8.629200935 -4.241652966 4.053527355 -0.662772596 -0.486677617 -0.460032791 0.335033238
1403637005651666432.000000 8.549045563 -4.331540108 3.985782385 -0.658417344 -0.488871217 -0.460559458 0.339671254
1403637006151666432.000000 8.448102951 -4.427190781 4.012180328 -0.655073762 -0.488723248 -0.462292761 0.343967229
1403637006551666432.000000 8.395057678 -4.487644672 4.018712044 -0.669095874 -0.489745855 -0.439626276 0.345236808
1403637006851666432.000000 8.385158539 -4.503746033 4.007133961 -0.638276815 -0.509279728 -0.444599897 0.368195325
1403637007101666560.000000 8.382408142 -4.515627384 3.987891674 -0.607520461 -0.548071980 -0.427374929 0.384560376
1403637007401666560.000000 8.386347771 -4.540229797 3.965208769 -0.576811075 -0.566494465 -0.431866169 0.399830818
1403637007701666560.000000 8.379810333 -4.590415955 3.914002419 -0.585904241 -0.577398479 -0.414656371 0.389085203
1403637008151666432.000000 8.342211723 -4.641071320 3.834101200 -0.592854857 -0.567700386 -0.416291773 0.391076148
1403637008351666432.000000 8.326499939 -4.658002377 3.820902109 -0.600530982 -0.575603247 -0.410783112 0.373230040
1403637008651666432.000000 8.296189308 -4.653075218 3.829418659 -0.595525861 -0.557455540 -0.424608231 0.392810464
1403637008951666432.000000 8.276254654 -4.647772789 3.819388151 -0.616121948 -0.546344340 -0.399416506 0.402949333
1403637009201666560.000000 8.303400993 -4.632022858 3.788435698 -0.604403913 -0.557289183 -0.419928789 0.384427488
1403637009601666560.000000 8.358293533 -4.590574741 3.748265266 -0.566141188 -0.548456848 -0.419584841 0.450141937
1403637009751666432.000000 8.388278961 -4.586629868 3.683769226 -0.570631683 -0.531343937 -0.428296924 0.456743866
1403637009951666432.000000 8.433200836 -4.580691338 3.568732977 -0.563585937 -0.529916823 -0.429942697 0.465519309
1403637010251666432.000000 8.492038727 -4.605892181 3.426031113 -0.563253760 -0.530203938 -0.428929478 0.466528207
1403637010401666560.000000 8.517278671 -4.639450550 3.367001772 -0.562866509 -0.529737711 -0.429448038 0.467047840
1403637010551666432.000000 8.541531563 -4.686781406 3.309256315 -0.562466741 -0.529470742 -0.429624707 0.467669368
