#Stereo rect[ms], MP culling[ms], MP creation[ms], LBA[ms], KF culling[ms], Total[ms]
9.167874,0.040033,0.462150,0.014240,0.014240,9.695434
9.306117,0.102721,0.869645,0.004224,0.004224,10.286867
8.765853,0.128994,1.665304,0.229955,0.229955,20.980267
9.858892,0.168898,2.438371,0.351557,0.351557,25.539851
10.136112,0.146594,3.293871,0.447718,0.447718,23.558863
10.572118,0.169890,26.386488,0.601096,0.601096,62.673019
11.333185,0.320741,39.081932,0.445446,0.445446,85.284221
12.505682,0.490535,41.986581,0.892493,0.892493,100.898939
13.108378,0.550920,36.174243,1.053167,1.053167,100.670040
14.043848,0.401222,38.036701,62.110419,62.110419,184.945703
14.786066,0.304805,47.020925,1.041679,1.041679,117.921838
16.132582,0.263171,48.202094,1.242962,1.242962,120.041100
16.601004,0.349157,43.579340,1.364115,1.364115,126.214819
16.599181,0.377957,40.970503,1.459701,1.459701,119.026590
17.738460,0.264580,43.394953,1.549654,1.549654,124.244648
18.905549,0.261220,46.440404,1.693272,1.693272,132.637503
13.465951,0.287012,46.956157,1.797849,1.797849,138.443282
13.808676,0.262724,32.866195,2.162943,2.162943,119.836393
14.861331,0.267012,43.567724,2.361442,2.361442,139.863174
14.319372,0.248484,35.621626,2.511044,2.511044,135.700651
18.550600,0.231299,45.651594,2.669734,2.669734,163.420693
24.790433,0.309764,62.828574,4.206268,4.206268,190.679865
25.378537,0.229796,65.385826,4.344830,4.344830,198.412455
17.200980,0.330405,46.598903,4.232125,4.232125,184.712932
22.093018,0.542376,57.398672,4.336957,4.336957,424.439126
23.868468,0.445830,61.906065,4.365247,4.365247,202.306239
24.010166,0.457862,76.988776,4.185500,4.185500,253.118386
24.729280,0.504519,67.910918,4.242780,4.242780,198.757388
24.245689,0.323524,53.307095,4.595425,4.595425,199.581623
24.069718,0.591944,73.063056,3.046955,3.046955,242.237430
24.408379,0.424646,54.080193,3.814358,3.814358,193.187388
24.773889,0.311620,57.268975,4.393535,4.393535,209.556198
15.655647,0.294884,39.456274,5.485294,5.485294,180.676363
27.331365,0.407782,72.994479,4.205532,4.205532,232.393867
23.624817,0.353573,61.982705,4.542209,4.542209,219.094542
22.953350,0.252004,53.164052,4.664995,4.664995,217.743354
14.748306,0.272580,39.217966,7.713773,7.713773,202.127516
22.153659,0.418054,44.032210,4.578017,4.578017,200.458180
18.735531,0.295460,38.561829,7.048036,7.048036,158.291724
18.214564,0.173410,47.263009,4.955910,4.955910,160.155975
18.406086,0.084993,49.208892,6.250425,6.250425,195.864867
9.723242,0.051777,0.602184,0.006112,0.006112,10.387411
9.617225,0.106786,1.039982,0.005440,0.005440,10.773242
9.910413,0.154306,1.357523,0.279300,0.279300,24.179832
10.236594,0.152866,1.685912,0.642057,0.642057,22.954438
10.337299,0.036576,2.119454,0.746506,0.746506,24.376667
10.579319,0.016672,2.458371,0.801995,0.801995,27.269732
10.913627,0.024193,2.928649,0.883981,0.883981,40.472960
11.122974,0.035328,3.349360,0.763083,0.763083,33.074454
11.479651,0.019361,3.987864,1.198705,1.198705,36.517320
11.757575,0.021984,4.302845,46.292755,46.292755,84.224686
12.023147,0.026816,4.988615,1.088751,1.088751,51.201368
12.199213,0.012032,5.766674,1.440565,1.440565,56.157887
9.137442,0.046592,0.553512,0.005632,0.005632,9.747050
9.632585,0.153571,1.405012,0.004832,0.004832,11.199776
10.204177,0.299236,6.303354,0.552904,0.552904,34.820655
10.662744,0.421702,15.953635,0.827756,0.827756,56.496868
11.502820,0.400101,14.395213,1.104848,1.104848,65.461060
9.905165,0.336837,23.841107,1.152528,1.152528,71.914399
13.032473,0.528584,35.376855,1.231090,1.231090,96.206841
14.018695,0.451975,35.502297,1.764089,1.764089,119.916170
14.817747,0.474439,42.161912,1.613079,1.613079,116.910144
10.387636,0.325956,34.957106,56.181951,56.181951,175.640611
16.610061,0.350981,51.620414,1.720184,1.720184,130.585282
17.507289,0.382117,52.526444,1.775481,1.775481,143.624668
18.397125,0.527848,48.057804,2.056894,2.056894,148.347935
16.033508,0.371557,40.717795,2.204095,2.204095,126.447527
18.472871,0.445511,45.137154,2.381122,2.381122,140.830228
17.745628,0.432487,43.931409,2.586661,2.586661,182.067039
17.635931,0.456294,46.594423,2.845769,2.845769,159.367612
10.258418,0.313669,25.685677,3.072107,3.072107,137.176672
15.914723,0.428710,42.087543,3.493681,3.493681,163.557847
11.338114,0.309924,36.984270,3.294223,3.294223,158.591409
10.212881,0.309637,29.319585,3.919896,3.919896,187.195624
15.056310,0.467047,43.700590,5.251019,5.251019,190.212755
14.454894,0.397094,43.923089,4.795589,4.795589,194.526897
10.626423,0.354181,31.047418,5.402765,5.402765,193.141404
11.728359,0.369285,36.976718,5.285739,5.285739,459.647277
12.607859,0.491751,38.980523,5.505358,5.505358,176.773971
15.086455,0.565064,55.211570,5.438382,5.438382,205.998420
10.327027,0.538664,35.862942,4.298301,4.298301,165.762743
7.791695,0.381669,24.073111,6.182072,6.182072,155.250913
8.269334,0.398054,23.680145,7.284199,7.284199,189.955087
9.959886,0.431494,30.517682,4.873669,4.873669,169.293577
8.552826,0.290020,24.642014,7.125029,7.125029,189.980367
10.262834,0.454470,30.557107,4.811972,4.811972,190.727386
11.024509,0.456615,31.330622,7.817263,7.817263,195.829219
8.995520,0.412294,26.246709,4.694019,4.694019,163.939613
11.007356,0.329381,39.405105,4.192828,4.192828,191.321090
10.705305,0.493735,43.810991,4.711555,4.711555,204.255611
8.074291,0.376485,25.712910,3.108268,3.108268,169.089318
11.259776,0.351813,41.020264,3.966392,3.966392,202.540962
13.792612,0.599561,51.510077,4.316829,4.316829,260.384089
14.233675,0.663465,48.908440,6.190264,6.190264,219.564532
14.362156,0.404646,33.106967,4.922182,4.922182,217.824059
12.225166,0.349925,42.532701,3.775606,3.775606,214.052134
12.698132,0.397318,37.411093,5.224875,5.224875,210.952442
9.762987,0.336388,30.098125,4.890758,4.890758,210.342865
15.937571,0.529383,50.568752,6.043926,6.043926,266.536945
15.438107,0.527240,51.101847,4.964518,4.964518,245.643687
7.649068,0.248964,23.882964,3.843671,3.843671,187.284265
15.860610,0.631337,54.074369,3.782070,3.782070,280.283157
16.197575,0.531559,49.703747,4.081978,4.081978,229.733317
13.163611,0.425766,41.881300,4.265821,4.265821,212.281325
17.535129,0.547848,54.152419,4.844069,4.844069,230.424111
12.929432,0.425958,37.915996,6.365979,6.365979,208.876957
10.746265,0.490503,32.182986,7.737582,7.737582,209.657256
10.543574,0.380069,32.094441,4.524672,4.524672,210.623829
9.069089,0.377094,26.689948,6.297402,6.297402,190.729147
9.916333,0.402502,27.961710,4.754147,4.754147,191.294370
18.835596,0.621289,56.047421,6.269913,6.269913,235.258676
18.032257,0.638793,56.602661,4.356638,4.356638,232.985491
17.065843,0.531176,44.928351,6.658559,6.658559,213.095417
14.359532,0.517736,43.836367,5.094312,5.094312,203.031817
18.841709,0.702698,57.603923,4.343710,4.343710,226.404182
14.131978,0.357285,46.224402,5.438830,5.438830,208.229204
15.497181,0.428198,45.502279,5.866227,5.866227,211.164605
20.220031,0.665226,54.298021,6.057783,6.057783,228.448531
20.251776,0.531655,48.581460,6.242457,6.242457,277.004166
10.273715,0.374053,32.349548,7.395178,7.395178,195.012792
11.295841,0.392390,34.076261,5.784402,5.784402,623.015458
16.955985,1.021295,59.894452,7.565579,7.565579,234.646635
17.628219,0.607561,58.734788,6.157912,6.157912,234.669484
9.213155,0.529319,27.270372,6.599518,6.599518,187.301097
12.744725,0.651145,39.169486,7.500843,7.500843,210.337393
17.723996,0.737898,47.385699,8.501273,8.501273,225.515593
8.986624,0.430246,27.059425,9.346213,9.346213,191.452772
11.872809,0.573736,32.133354,11.309441,11.309441,204.502175
10.546582,0.633961,35.313687,9.259172,9.259172,204.079384
8.462776,0.559848,27.647018,8.847645,8.847645,189.627563
10.719320,0.738891,36.138754,8.298518,8.298518,207.220453
8.414360,0.656009,27.863757,13.077178,13.077178,207.664811
9.243780,0.739338,30.722582,8.768637,8.768637,199.681754
9.620841,0.703370,31.987784,13.621346,13.621346,208.267604
9.115937,0.728619,31.139387,8.363895,8.363895,202.417120
9.169955,0.672074,30.076556,10.032047,10.032047,213.700674
10.960892,0.774507,46.703704,12.928888,12.928888,227.610215
11.595813,0.741739,41.358316,12.898712,12.898712,216.484041
8.853022,0.560648,31.135259,11.421155,11.421155,201.097582
10.605015,0.602441,34.190502,12.699381,12.699381,211.855111
9.096418,0.587400,32.097321,12.766709,12.766709,203.564113
10.370611,0.704970,36.059138,7.479626,7.479626,208.318133
10.724377,0.692266,36.374246,12.484786,12.484786,211.589316
7.713934,0.520903,24.988644,14.656497,14.656497,195.030328
9.433799,0.619240,32.276652,8.611322,8.611322,202.994793
13.884645,0.968462,48.729590,8.751453,8.751453,228.728791
13.347486,0.783627,62.395032,12.863383,12.863383,249.575296
13.942439,0.674697,47.981099,10.202801,10.202801,223.940755
7.899664,0.457831,32.794354,10.766841,10.766841,201.200847
7.775822,0.545480,31.300477,10.311155,10.311155,207.504937
7.823248,0.518183,28.951004,8.016755,8.016755,206.747199
7.971249,0.482919,29.619782,8.808957,8.808957,189.277606
10.072336,0.523719,37.601047,6.944995,6.944995,201.803960
8.413080,0.447462,30.152461,16.917681,16.917681,199.726394
8.561146,0.425478,30.084012,9.608457,9.608457,193.142173
10.068496,0.552071,32.878804,10.329171,10.329171,197.595484
11.090750,0.642889,35.131252,8.146452,8.146452,200.639080
11.156542,0.635817,35.816574,9.542056,9.542056,202.481473
15.084598,0.846156,54.157443,11.114622,11.114622,232.601582
14.828595,0.803564,52.444138,9.268836,9.268836,240.631745
14.267051,0.980046,46.921948,6.377371,6.377371,223.342795
12.484114,0.693034,40.603074,9.799147,9.799147,213.880356
12.361616,0.821324,37.442997,9.939341,9.939341,211.772582
9.881164,0.646857,35.786782,9.915853,9.915853,207.450056
8.986144,0.491623,30.329456,9.178723,9.178723,206.772383
9.066945,0.486311,33.159160,10.924347,10.924347,201.170767
8.246677,0.560648,29.435811,9.697642,9.697642,198.054146
8.609946,0.502792,29.925897,10.094192,10.094192,189.842318
8.090484,0.412933,29.833577,7.287303,7.287303,108.551401
6.675103,0.256836,27.612489,8.301143,8.301143,178.441868
9.450375,0.493831,39.116717,9.903085,9.903085,198.110276
8.687324,0.602409,33.928354,5.386285,5.386285,106.781744
11.889769,0.838508,50.953941,8.249685,8.249685,207.398215
11.449731,0.645865,47.605286,8.508153,8.508153,198.064227
12.767541,0.827468,46.759065,6.409435,6.409435,126.374598
12.818711,1.019150,59.372045,8.181076,8.181076,215.845248
13.143003,0.936270,57.145197,7.693486,7.693486,213.865316
13.637410,0.758443,57.591476,7.752462,7.752462,222.710818
13.774756,1.181905,55.895323,5.712177,5.712177,218.542982
14.672753,0.991694,56.744039,7.540364,7.540364,220.112541
14.303211,1.096464,56.795336,7.016004,7.016004,216.078979
14.687569,0.797804,59.810867,9.459879,9.459879,221.492881
15.390267,0.719594,58.339231,9.049473,9.049473,223.731408
15.543837,0.736139,59.081897,4.761956,4.761956,222.016568
15.818625,0.705227,47.616133,8.079795,8.079795,211.293824
14.323628,0.537864,45.615209,10.808698,10.808698,206.183319
15.695423,0.700266,58.480865,8.651228,8.651228,222.981030
13.615554,0.516423,45.296901,10.166096,10.166096,206.655133
11.897258,0.595880,36.328421,5.324972,5.324972,190.393174
9.337765,0.675657,30.807127,6.226617,6.226617,194.057962
15.650943,0.647657,53.011091,7.346089,7.346089,214.050951
15.419707,0.597129,54.598729,6.002998,6.002998,219.832473
11.364322,0.780683,37.932156,10.021198,10.021198,198.435593
14.061416,0.825356,55.758714,8.937695,8.937695,220.384129
8.378391,0.473223,29.837225,5.939348,5.939348,203.624530
14.714449,0.872045,56.617126,7.784047,7.784047,227.419589
15.105335,0.829675,54.319269,5.981717,5.981717,222.812963
15.594494,0.784555,58.789061,9.356357,9.356357,261.651564
15.008341,0.792971,57.404113,7.600332,7.600332,231.554495
14.863443,0.745771,51.037110,5.494062,5.494062,224.486587
14.839188,0.768075,56.019517,5.736849,5.736849,232.912563
11.472003,0.688650,48.311823,3.265519,3.265519,226.583513
15.691167,0.839084,60.012374,4.285757,4.285757,245.736969
11.398082,0.647305,46.912412,4.618370,4.618370,223.179048
7.851792,0.426054,27.633577,5.757458,5.757458,199.302869
9.107042,0.648809,35.197781,8.005490,8.005490,213.284988
8.271478,0.461126,30.103789,11.219232,11.219232,212.672403
8.355799,0.397286,29.170239,4.394110,4.394110,207.058499
8.609947,0.446502,33.295738,6.019030,6.019030,216.301095
8.553497,0.494343,31.539649,7.644813,7.644813,212.114859
8.709564,0.432102,32.849204,7.340072,7.340072,216.483881
8.063123,0.417990,34.350121,6.162232,6.162232,215.677310
15.547837,0.659402,53.653339,7.501483,7.501483,262.773980
10.236402,0.445350,41.591536,5.907316,5.907316,225.513418
8.863518,0.320676,31.884806,6.274745,6.274745,218.039903
8.798109,0.361349,34.150406,6.327930,6.327930,222.244667
8.752732,0.395814,37.889883,8.033843,8.033843,228.895034
14.682705,0.449318,55.275507,8.624955,8.624955,262.685211
17.801949,0.551848,79.628333,7.916497,7.916497,299.222787
12.491890,0.418149,51.301787,11.772199,11.772199,264.279633
19.176369,0.427238,75.655061,6.336858,6.336858,283.989418
8.889887,0.348965,40.817445,8.257141,8.257141,226.500408
13.214748,0.446694,50.063049,5.923988,5.923988,232.724592
12.017675,0.434822,63.792140,8.098291,8.098291,262.372406
14.667825,0.450278,85.104412,5.646096,5.646096,276.340030
9.488583,0.397989,48.507763,7.804719,7.804719,227.264322
7.919760,0.312485,38.438115,4.864613,4.864613,212.651602
8.244341,0.278948,39.463922,7.190022,7.190022,215.472250
8.066450,0.245124,39.898840,5.918772,5.918772,215.865664
11.014237,0.331396,51.922339,7.358505,7.358505,242.923586
12.433041,0.356293,56.141663,7.315432,7.315432,237.831801
10.604471,0.346437,48.869399,12.090508,12.090508,231.410622
7.165061,0.346597,30.644341,7.054565,7.054565,215.913377
9.605032,0.244580,37.626871,7.983377,7.983377,218.328387
11.306625,0.344325,48.648820,6.395547,6.395547,229.279295
10.485974,0.181506,37.912124,7.109669,7.109669,211.120477
10.904571,0.259108,45.094754,7.477898,7.477898,208.172211
9.902797,0.223075,38.971658,8.389367,8.389367,201.195631
10.570102,0.295876,37.375732,7.553803,7.553803,202.189309
7.985874,0.217603,27.860364,10.072912,10.072912,185.937143
10.737177,0.276484,33.375803,7.336872,7.336872,197.188151
8.873438,0.215683,29.419843,6.766080,6.766080,183.624085
13.318686,0.250660,43.340937,11.207040,11.207040,208.972639
9.584200,0.299172,31.722020,9.797643,9.797643,183.142830
13.161051,0.214083,40.338334,8.740989,8.740989,203.398095
11.871433,0.250563,40.836358,9.029377,9.029377,203.049002
8.964511,0.147842,30.123501,7.172390,7.172390,179.938625
10.707161,0.223971,34.984274,11.650886,11.650886,187.752849
9.512232,0.246659,32.836628,6.982084,6.982084,180.091876
9.685354,0.285444,49.416895,10.108720,10.108720,201.144847
7.687246,0.303780,27.965294,9.277476,9.277476,169.858450
8.979296,0.328581,34.858256,9.441446,9.441446,177.747554
12.190958,0.490791,41.136841,10.950492,10.950492,199.656378
9.213699,0.419814,31.567681,9.141442,9.141442,172.200211
15.715456,0.484103,49.280253,11.307265,11.307265,203.757077
16.964178,0.571752,59.496943,9.517352,9.517352,217.765404
13.360766,0.420710,42.135928,13.294077,13.294077,200.506534
9.802987,0.389222,32.790482,10.475509,10.475509,176.909558
8.917375,0.327813,28.735705,12.643924,12.643924,175.189086
12.398289,0.321604,41.762227,13.233692,13.233692,194.518801
9.235108,0.362245,31.149531,7.163526,7.163526,192.067342
13.574785,0.399046,49.339614,13.310749,13.310749,210.894202
9.737931,0.323396,31.696836,10.976669,10.976669,193.014300
10.766713,0.284228,34.655694,11.602309,11.602309,197.854720
11.140094,0.369926,34.085125,14.109417,14.109417,200.437157
21.672981,0.514055,63.535049,13.099546,13.099546,251.992227
20.571364,0.507080,54.755243,12.522994,12.522994,219.837369
14.849940,0.301828,44.675132,11.768135,11.768135,205.686608
22.751492,0.637577,73.534903,13.614434,13.614434,249.425343
22.845094,0.455782,55.074896,10.901659,10.901659,210.611926
23.342893,0.504007,60.175000,10.833242,10.833242,220.939625
13.516096,0.339717,34.067621,12.370480,12.370480,207.860847
14.472814,0.437862,48.550707,14.750290,14.750290,211.894056
23.717041,0.495463,63.711691,10.444053,10.444053,232.969236
23.573264,0.574856,62.322135,14.864404,14.864404,238.281184
22.695715,0.600329,58.772484,14.819603,14.819603,233.616958
21.573555,0.604457,59.619216,12.856151,12.856151,260.312761
19.662072,0.644362,55.198545,13.234844,13.234844,233.554109
18.020736,0.813132,57.122637,11.863913,11.863913,234.734669
16.925584,0.573897,58.145883,13.668802,13.668802,242.493179
10.402164,0.867501,43.213959,12.458257,12.458257,215.783200
8.275478,0.425958,30.088972,14.700850,14.700850,214.307211
14.863060,0.721642,50.110281,14.261707,14.261707,175.257183
9.396774,0.666762,48.059692,13.728323,13.728323,217.059250
8.031090,0.648809,38.105567,17.949279,17.949279,202.474946
8.031122,0.414918,38.141055,16.100581,16.100581,206.229591
8.779837,0.524616,40.429215,16.921745,16.921745,204.920197
8.615099,0.469606,39.084589,17.606523,17.606523,215.455579
8.520057,0.399622,41.169162,18.586601,18.586601,215.827424
16.344457,0.634025,70.160103,12.927832,12.927832,243.776399
16.066852,0.860461,74.637958,17.239957,17.239957,248.084971
15.997572,0.828876,70.214983,13.464512,13.464512,242.339162
16.220679,0.763499,62.436281,18.805036,18.805036,240.696003
15.772224,0.665354,60.062679,18.414694,18.414694,230.638515
16.413386,0.676617,66.257807,15.772737,15.772737,236.800139
16.525003,0.612713,61.282760,13.977735,13.977735,232.064135
16.482250,0.668746,58.046490,11.787720,11.787720,229.949641
9.075681,0.348741,35.302967,15.241401,15.241401,199.371990
18.091106,0.691274,63.778220,13.974887,13.974887,244.707804
16.878897,0.678121,59.731859,14.840563,14.840563,237.134576
16.209863,0.641833,69.808898,16.963762,16.963762,271.842398
10.542838,0.631049,44.062419,15.910595,15.910595,220.863496
16.759374,0.941038,51.925955,15.166519,15.166519,243.259719
10.044207,0.426342,37.527510,21.302319,21.302319,226.393047
9.445607,0.618248,33.447197,21.059148,21.059148,221.605555
9.606857,0.466695,36.717354,18.655433,18.655433,225.220934
8.992096,0.601288,37.117200,15.057846,15.057846,218.084960
8.979360,0.603945,34.209031,14.618032,14.618032,216.486762
8.612699,0.749611,32.714417,14.263179,14.263179,213.206524
9.354501,0.526024,36.443175,7.931793,7.931793,218.674953
8.578138,0.622409,32.738866,13.058138,13.058138,220.359201
8.583770,0.773515,32.346477,16.652973,16.652973,225.774190
9.099842,0.713962,32.925749,14.698801,14.698801,231.070522
13.758180,0.927821,49.059483,18.290372,18.290372,275.489490
10.540598,0.667722,36.021152,16.665773,16.665773,240.055097
15.009589,0.765003,51.298394,14.768210,14.768210,276.439615
18.934477,0.923566,59.242507,17.127892,17.127892,287.534941
19.202290,0.599496,61.353546,15.154488,15.154488,283.962891
18.889613,0.963565,56.494884,18.176643,18.176643,276.834981
10.442517,0.466567,40.046682,13.316253,13.316253,244.452312
14.455693,0.583369,50.134025,10.569431,10.569431,263.916653
13.589889,0.533736,57.880472,14.755154,14.755154,269.288250
12.838967,0.481383,56.737031,16.178502,16.178502,279.981778
11.641509,0.390854,42.310522,13.452320,13.452320,249.147931
16.390441,0.393029,51.699136,15.364987,15.364987,281.237315
22.345790,0.663978,60.679616,19.297970,19.297970,289.920096
11.505572,0.433734,42.207193,18.718251,18.718251,259.245035
12.532370,0.434343,37.450581,20.253152,20.253152,253.871230
15.212248,0.517032,51.523805,21.860152,21.860152,286.301164
10.755065,0.462183,41.027688,23.961013,23.961013,259.856083
11.624229,0.490215,40.655715,23.779762,23.779762,259.714065
16.387017,0.630089,57.114669,25.139238,25.139238,286.056168
11.272129,0.672041,43.645358,14.712241,14.712241,198.023267
9.467847,0.699690,40.486848,15.325146,15.325146,175.766022
11.905513,0.744427,46.746905,20.591942,20.591942,282.714041
9.567176,0.683946,38.020541,20.869929,20.869929,254.233059
11.874409,0.607432,46.740154,19.040463,19.040463,289.852734
17.777821,0.727146,68.213196,20.231776,20.231776,299.116034
14.488239,0.554727,46.336884,19.691896,19.691896,292.974411
18.559657,0.612680,58.270014,21.504626,21.504626,293.980377
20.906218,0.531911,71.793214,14.866292,14.866292,311.157902
16.248295,0.431238,54.032130,16.393834,16.393834,301.750280
11.426947,0.300516,40.567138,21.900472,21.900472,291.856283
20.154111,0.380517,58.119900,17.345271,17.345271,310.140095
23.668945,0.486279,63.012577,24.624415,24.624415,322.476079
16.270792,0.398277,47.132319,15.140728,15.140728,298.781662
12.036139,0.421638,39.443922,15.967747,15.967747,286.522511
14.752946,0.299908,44.495162,20.514084,20.514084,300.330740
13.923335,0.344356,42.521726,24.073591,24.073591,314.849987
12.544275,0.310148,38.906826,19.733049,19.733049,310.857002
17.263894,0.339460,58.147804,19.457237,19.457237,317.939854
15.311194,0.265284,49.003097,16.629837,16.629837,310.686311
14.244971,0.285956,44.844958,23.657489,23.657489,307.459225
14.796594,0.305605,46.124560,20.262977,20.262977,306.122694
32.366989,0.388934,85.776357,17.960352,17.960352,375.330720
15.727744,0.273732,46.897724,22.109627,22.109627,308.935279
24.615230,0.300100,61.576333,18.801164,18.801164,314.278234
16.680301,0.279428,45.329638,21.757078,21.757078,306.737231
17.494297,0.270948,48.128845,21.974681,21.974681,308.007041
17.755581,0.240163,48.366481,18.836781,18.836781,303.393696
38.249088,0.506888,89.010195,27.200771,27.200771,381.017744
39.556275,0.477383,89.524442,25.785967,25.785967,377.254395
36.054369,0.475591,82.176786,23.904788,23.904788,361.908416
38.425987,0.456966,69.551871,27.409031,27.409031,375.765158
17.459704,0.249316,44.292631,27.225604,27.225604,304.967254
16.134469,0.292260,44.285783,22.878502,22.878502,295.499471
25.503659,0.399110,54.259525,25.216903,25.216903,333.887154
15.877474,0.332101,41.083049,28.163665,28.163665,290.570601
17.497881,0.344037,43.612109,24.471325,24.471325,291.761530
20.368706,0.346500,48.523859,20.427555,20.427555,294.182492
18.487496,0.365605,42.690976,21.716598,21.716598,287.649952
19.087120,0.254116,44.218101,22.563553,22.563553,286.252748
19.674936,0.243012,42.230777,24.467932,24.467932,284.165998
15.130103,0.269828,38.274145,25.836752,25.836752,274.606245
13.131003,0.316069,32.732466,22.817349,22.817349,262.187381
9.782123,0.190531,24.119863,22.157723,22.157723,196.199593
19.470390,0.186978,46.021935,25.019428,25.019428,273.279763
10.357300,0.090017,22.125595,20.000701,20.000701,144.256902
19.204305,0.158915,41.412653,22.143291,22.143291,158.899830
14.384493,0.121730,37.541494,19.828314,19.828314,171.705741
20.347393,0.101186,50.895220,21.175054,21.175054,244.344887
16.050916,0.140642,47.361475,21.367696,21.367696,151.318218
