1403638138445096960.000000 -1.854863167 -2.263057232 6.538628578 -0.596683085 -0.592624247 -0.383517176 0.381681114
1403638138945096960.000000 -1.854875922 -2.263268232 6.537752151 -0.596769333 -0.592474163 -0.383050233 0.382247627
1403638141695097088.000000 -1.855478168 -2.261630535 6.537993431 -0.597465754 -0.591925144 -0.382559180 0.382501930
1403638144195097088.000000 -1.855035186 -2.261781216 6.538532734 -0.597859204 -0.591819763 -0.382125139 0.382484168
1403638145195097088.000000 -1.855258703 -2.262191057 6.538503170 -0.598041415 -0.591689885 -0.381944597 0.382580489
1403638147945096960.000000 -1.855282545 -2.253636837 6.551452637 -0.592197776 -0.579193652 -0.396838307 0.395418763
1403638150745096960.000000 -2.192788839 -1.763597727 6.916283607 -0.545561075 -0.630514503 -0.364521176 0.414655149
1403638151145096960.000000 -2.382733345 -1.629539013 6.954693794 -0.505568862 -0.649464309 -0.359724879 0.439538807
1403638151595097088.000000 -2.646558523 -1.488308311 6.943896770 -0.436715215 -0.698834598 -0.306479126 0.476424932
1403638151945096960.000000 -2.868791342 -1.390326262 7.015802383 -0.412416399 -0.714582980 -0.290551275 0.484627634
1403638152345096960.000000 -3.147420883 -1.280699134 7.101864815 -0.408891559 -0.717200696 -0.294334322 0.481454313
1403638152495097088.000000 -3.262350559 -1.241936564 7.105810165 -0.408650696 -0.718500853 -0.298256576 0.477288336
1403638153295097088.000000 -3.989067554 -1.040518761 7.197023869 -0.368532151 -0.743415892 -0.251099914 0.498463362
1403638153595097088.000000 -4.282305241 -0.951638639 7.242502213 -0.328107059 -0.765710354 -0.237737983 0.499513924
1403638153795097088.000000 -4.498450279 -0.892735362 7.287192822 -0.297760308 -0.775940955 -0.219209015 0.511079133
1403638154045096960.000000 -4.784602642 -0.823504269 7.312749863 -0.278497189 -0.775845528 -0.202965856 0.528496027
1403638154445096960.000000 -5.244354725 -0.740067720 7.289772034 -0.266356736 -0.761954784 -0.210954696 0.551341116
1403638154795097088.000000 -5.620092392 -0.730591595 7.272620678 -0.258898377 -0.772898257 -0.198151350 0.544367433
1403638155095097088.000000 -5.929934025 -0.768242061 7.326064110 -0.230593473 -0.783912897 -0.189112127 0.544558406
1403638155295097088.000000 -6.136646748 -0.817011178 7.368908882 -0.213824093 -0.783242106 -0.178463936 0.555843413
1403638155495097088.000000 -6.339147091 -0.885865688 7.386748791 -0.192306146 -0.783818722 -0.172662422 0.564654291
1403638155595097088.000000 -6.437603951 -0.930064261 7.386055946 -0.183570251 -0.784329474 -0.159315586 0.570743144
1403638155695097088.000000 -6.532650471 -0.980586410 7.381490231 -0.171923295 -0.783185244 -0.143130571 0.580152631
1403638156295097088.000000 -7.004110336 -1.349264264 7.362586021 -0.067903996 -0.822877288 -0.038835000 0.562808871
1403638156595097088.000000 -7.225084305 -1.517243743 7.377858639 -0.043388084 -0.830354452 -0.014876180 0.555344760
1403638156995097088.000000 -7.561280251 -1.696104169 7.332571983 -0.043348260 -0.831770003 -0.016239861 0.553187072
1403638157345096960.000000 -7.907618999 -1.815062642 7.343957424 -0.046873476 -0.834967017 -0.019693352 0.547946393
1403638157645096960.000000 -8.243239403 -1.905191779 7.364860058 -0.022487905 -0.826302648 -0.018538520 0.562471926
1403638157795097088.000000 -8.416646004 -1.954323292 7.370353699 0.004910407 -0.822082043 -0.009176965 0.569273949
1403638158095097088.000000 -8.758829117 -2.069164515 7.419355869 0.048064288 -0.820980191 0.034547269 0.567880154
1403638158495097088.000000 -9.200343132 -2.206932783 7.435012817 0.069720387 -0.818803072 0.046529207 0.567922294
1403638158945096960.000000 -9.671875954 -2.362424135 7.413079739 0.059207182 -0.824163139 0.052242067 0.560821295
1403638159095097088.000000 -9.826824188 -2.413928986 7.430922031 0.056581866 -0.833111227 0.051853146 0.547754884
1403638159245096960.000000 -9.989397049 -2.462550640 7.449406147 0.055410668 -0.843023062 0.049747925 0.532697916
1403638160095097088.000000 -10.894964218 -2.540983677 7.665305138 0.052596420 -0.796635985 0.055056792 0.599644482
1403638160545096960.000000 -11.200597763 -2.445938349 7.977925301 0.060963973 -0.827276111 0.048255723 0.556389213
1403638160995097088.000000 -11.530727386 -2.349943399 8.250897408 0.029333003 -0.808173358 0.051651619 0.585941494
1403638161145096960.000000 -11.630384445 -2.301577806 8.325488091 0.005969000 -0.806356370 0.033879627 0.590428531
1403638161445096960.000000 -11.799635887 -2.181449890 8.453524590 -0.051858112 -0.817476451 -0.014742997 0.573433399
1403638161595097088.000000 -11.877858162 -2.117325783 8.507331848 -0.069152385 -0.823261917 -0.028836735 0.562695563
1403638163395097088.000000 -12.754362106 -0.808662832 8.970080376 -0.159646481 -0.798915327 -0.091398507 0.572619975
1403638165695097088.000000 -12.607851982 1.700002074 9.344103813 -0.231029809 -0.761425078 -0.151953414 0.586316586
1403638165845096960.000000 -12.517388344 1.861384153 9.305778503 -0.227800742 -0.763467371 -0.159136847 0.583009422
1403638166145096960.000000 -12.303164482 2.154048681 9.264024734 -0.227558509 -0.785217822 -0.156311169 0.554271460
1403638166345096960.000000 -12.161940575 2.335843563 9.310579300 -0.221410990 -0.789903462 -0.157572418 0.549727678
1403638166495097088.000000 -12.058739662 2.462775230 9.384729385 -0.218110681 -0.791418672 -0.158382237 0.548633933
1403638166645096960.000000 -11.960021973 2.583622217 9.449944496 -0.217379749 -0.791238725 -0.155166864 0.550100625
1403638166945096960.000000 -11.776902199 2.817627430 9.521015167 -0.237309158 -0.800776184 -0.121367685 0.536387801
1403638167095097088.000000 -11.694503784 2.946768999 9.539437294 -0.237726942 -0.808961213 -0.120078914 0.524069428
1403638167245096960.000000 -11.628511429 3.092978477 9.573595047 -0.230197936 -0.811050475 -0.129746273 0.521892667
1403638167545096960.000000 -11.551932335 3.416742325 9.670405388 -0.228158906 -0.803483188 -0.135264248 0.532974660
1403638167845096960.000000 -11.507489204 3.768462420 9.717333794 -0.258071959 -0.784501731 -0.129469037 0.548811197
1403638168295097088.000000 -11.414640427 4.381730080 9.770956039 -0.309048563 -0.763905287 -0.170814857 0.540148079
1403638168545096960.000000 -11.335090637 4.752667427 9.845880508 -0.327977329 -0.759816706 -0.206587240 0.521949291
1403638168945096960.000000 -11.246559143 5.348066807 9.886974335 -0.332044601 -0.770606875 -0.228062198 0.493861318
1403638169495097088.000000 -11.264870644 6.159656525 9.803291321 -0.361501455 -0.724510670 -0.208546326 0.548552096
1403638169695097088.000000 -11.235908508 6.459043026 9.773628235 -0.384263873 -0.710565686 -0.235701874 0.540261328
1403638169945096960.000000 -11.151152611 6.818037510 9.779801369 -0.408051103 -0.697225690 -0.296980292 0.509090781
1403638170045096960.000000 -11.113905907 6.951353073 9.795176506 -0.419403225 -0.682447851 -0.319049388 0.506530643
1403638170245096960.000000 -11.038326263 7.191098213 9.812420845 -0.458528340 -0.652628720 -0.338776141 0.499057442
1403638170545096960.000000 -10.905369759 7.492322445 9.793352127 -0.522685170 -0.610989928 -0.352501988 0.478783906
1403638170845096960.000000 -10.722495079 7.747996330 9.814561844 -0.564777911 -0.565915763 -0.380986452 0.464343101
1403638171145096960.000000 -10.478015900 7.939208031 9.829547882 -0.596628845 -0.530759096 -0.410724819 0.440038532
1403638171345096960.000000 -10.289570808 8.029198647 9.823511124 -0.607438684 -0.515508771 -0.418846488 0.435702264
1403638171795097088.000000 -9.777702332 8.099558830 9.787401199 -0.627236307 -0.480899781 -0.432249337 0.434132099
1403638171945096960.000000 -9.574638367 8.074707031 9.782437325 -0.631331265 -0.466957808 -0.440500051 0.435121745
1403638172245096960.000000 -9.120646477 7.937438488 9.795495033 -0.633929193 -0.463872850 -0.452816427 0.421797454
1403638172545096960.000000 -8.634126663 7.701746941 9.737335205 -0.631326854 -0.462403804 -0.455025196 0.424924880
1403638172695097088.000000 -8.379153252 7.553591728 9.677521706 -0.629693925 -0.462092370 -0.452582747 0.430261761
1403638172845096960.000000 -8.113421440 7.378379345 9.606120110 -0.628822327 -0.462985009 -0.448483348 0.434844762
1403638172995097088.000000 -7.835706234 7.176396370 9.525419235 -0.630440414 -0.465728223 -0.440371037 0.437853247
1403638173145096960.000000 -7.544386387 6.951672554 9.431413651 -0.634962201 -0.471973509 -0.428326100 0.436578512
1403638173295097088.000000 -7.235771656 6.709897995 9.323110580 -0.633557558 -0.481348187 -0.428527236 0.428104132
1403638173545096960.000000 -6.699171066 6.286588192 9.106562614 -0.624151945 -0.501350582 -0.445428401 0.400843352
1403638173945096960.000000 -5.860840797 5.593703747 8.710518837 -0.625740170 -0.502593040 -0.447929561 0.393965155
1403638174095097088.000000 -5.561416626 5.317787647 8.579126358 -0.627285421 -0.502159297 -0.446308881 0.393900335
1403638174145096960.000000 -5.463010311 5.223631382 8.537599564 -0.627120554 -0.503712475 -0.446914792 0.391485363
1403638174195097088.000000 -5.365447044 5.128913403 8.495916367 -0.629198134 -0.504697561 -0.444338202 0.389812291
1403638174345096960.000000 -5.077215195 4.843969345 8.363309860 -0.633671761 -0.510685503 -0.437752813 0.382142484
1403638174445096960.000000 -4.887837410 4.657924652 8.269464493 -0.635993540 -0.513599455 -0.433809906 0.378862560
1403638174595097088.000000 -4.607549667 4.388244152 8.136553764 -0.638101041 -0.518236876 -0.429312170 0.374097139
1403638174795097088.000000 -4.238513470 4.045523643 7.982354641 -0.642078698 -0.526354611 -0.422887057 0.363114744
1403638175045096960.000000 -3.795914412 3.656779289 7.829487801 -0.642541766 -0.528852403 -0.423648059 0.357739508
1403638175245096960.000000 -3.458227634 3.386467695 7.735545158 -0.643472433 -0.528135359 -0.426400423 0.353834808
1403638175395097088.000000 -3.214532852 3.206162930 7.683270931 -0.648858249 -0.532912374 -0.420758396 0.343438208
1403638175545096960.000000 -2.979070663 3.051409483 7.648133755 -0.653364122 -0.542378902 -0.414238572 0.327638507
1403638175745096960.000000 -2.681025505 2.891434908 7.626320362 -0.663670540 -0.550214589 -0.396740913 0.315280706
1403638176045096960.000000 -2.256325960 2.769404888 7.561278343 -0.653788686 -0.557856381 -0.407331318 0.308930337
1403638176195097088.000000 -2.061310053 2.763987541 7.522469997 -0.634667277 -0.547488987 -0.435104012 0.328843117
1403638176945096960.000000 -1.361481071 2.870962143 7.507102966 -0.628841579 -0.531290650 -0.447398275 0.349461645
1403638177245096960.000000 -1.193088770 2.945240259 7.517704010 -0.626667321 -0.535929561 -0.450991750 0.341575980
1403638177745096960.000000 -1.036362648 3.116468430 7.420989990 -0.643573940 -0.514889181 -0.433129787 0.364829212
1403638178945096960.000000 -0.564056039 3.259086847 7.303877831 -0.734971166 -0.368065059 -0.490138650 0.290016770
1403638179245096960.000000 -0.389950842 3.209107399 7.236257076 -0.753586531 -0.358542234 -0.489391059 0.253083646
1403638179545096960.000000 -0.179583773 3.184226274 7.148089886 -0.763142228 -0.316207439 -0.513393998 0.232494116
1403638179795097088.000000 0.009193502 3.166285276 7.078806400 -0.775648832 -0.265711784 -0.534021139 0.206367508
1403638180045096960.000000 0.200905293 3.138883829 7.045788765 -0.795428991 -0.227113783 -0.533821821 0.175346464
1403638180545096960.000000 0.631528020 3.091105223 6.988863468 -0.803331614 -0.212401405 -0.534352481 0.154956535
1403638181045096960.000000 1.142523527 3.082973957 6.946621418 -0.805606186 -0.224674925 -0.524217129 0.160362542
1403638181445096960.000000 1.615124106 3.104038477 6.883516312 -0.798026145 -0.194268405 -0.541833103 0.178412616
1403638181645096960.000000 1.861458659 3.085040808 6.835663795 -0.792695105 -0.150807664 -0.566764891 0.166340843
1403638181945096960.000000 2.209907532 2.994304895 6.808390617 -0.809119165 -0.110290863 -0.568132281 0.101920597
1403638182145096960.000000 2.428531885 2.918479443 6.826489925 -0.822080493 -0.089575887 -0.556313455 0.081701525
1403638182495097088.000000 2.825021744 2.778293610 6.862591267 -0.833872914 -0.076308295 -0.541380286 0.075766519
1403638182945096960.000000 3.410515070 2.598388433 6.975134850 -0.829621136 -0.093098864 -0.546047509 0.069953479
1403638183245096960.000000 3.834293127 2.497638702 7.014058113 -0.818601012 -0.102085404 -0.561192513 0.067335136
1403638183545096960.000000 4.258703709 2.416966438 7.011404514 -0.831942737 -0.108577803 -0.540810049 0.060055591
1403638184645096960.000000 5.828331947 2.421180248 7.132026672 -0.817735374 -0.103899650 -0.562995136 0.059583869
1403638184945096960.000000 6.235051155 2.493813992 7.159638405 -0.816316247 -0.103200600 -0.565298021 0.058443971
1403638185395097088.000000 6.819892406 2.650361776 7.223106861 -0.814367652 -0.111664735 -0.567303419 0.050030470
1403638185845096960.000000 7.346879959 2.906598330 7.298768044 -0.803650141 -0.141375616 -0.570326149 0.094273873
1403638186445096960.000000 7.978361130 3.261266947 7.345465660 -0.810678303 -0.151830986 -0.556249142 0.101660855
1403638186845096960.000000 8.386264801 3.497899532 7.389375210 -0.805672824 -0.168685839 -0.561426699 0.085067846
1403638188345096960.000000 9.433905602 4.667601109 7.607378483 -0.732340574 -0.287887961 -0.584484160 0.197929665
1403638188845096960.000000 9.371726036 4.937303543 7.577459335 -0.726343572 -0.288348109 -0.582515538 0.223508522
1403638189295097088.000000 9.101133347 5.019149780 7.679787159 -0.723397493 -0.328276217 -0.553020716 0.251195222
1403638190445096960.000000 8.355764389 5.087044716 7.827038288 -0.698163807 -0.399056196 -0.536590755 0.255718291
1403638190845096960.000000 8.053372383 5.147972107 7.775856972 -0.695866048 -0.410196811 -0.520267963 0.277182907
1403638190945096960.000000 7.962823868 5.160215378 7.774119377 -0.698027015 -0.409547091 -0.515000165 0.282496542
1403638191245096960.000000 7.673660755 5.173708916 7.807306290 -0.702580690 -0.410553455 -0.506479204 0.285140336
1403638191295097088.000000 7.623996258 5.173458576 7.817644119 -0.706692636 -0.411638588 -0.500886858 0.283287138
1403638191445096960.000000 7.475642204 5.173163891 7.850383759 -0.711482406 -0.415155768 -0.494789958 0.276805788
1403638191645096960.000000 7.282365799 5.180075645 7.876392365 -0.712070465 -0.414976627 -0.495675057 0.273964256
1403638191745096960.000000 7.187572479 5.187323570 7.880008221 -0.710671544 -0.418243498 -0.498041600 0.268277943
1403638191895097088.000000 7.045225620 5.205358505 7.874802589 -0.709309757 -0.420307219 -0.500521779 0.264006734
1403638191945096960.000000 6.997637749 5.213184834 7.871630669 -0.709700048 -0.419833750 -0.500140667 0.264433235
1403638191995097088.000000 6.949838161 5.221444607 7.868972301 -0.709784210 -0.419496149 -0.499908924 0.265179992
1403638192045096960.000000 6.902899742 5.232169628 7.868113041 -0.709915638 -0.419315577 -0.500059724 0.264829248
1403638192195097088.000000 6.764663219 5.277056217 7.878333569 -0.710119545 -0.416968465 -0.499878198 0.268308491
1403638192295097088.000000 6.673346996 5.315237045 7.898250580 -0.707668900 -0.412682235 -0.503434896 0.274684191
1403638192495097088.000000 6.490431309 5.400484085 7.960365772 -0.703492284 -0.407512754 -0.508931994 0.282878578
1403638193895097088.000000 5.036120892 5.258480072 8.465919495 -0.689163923 -0.428715825 -0.494720101 0.310657263
1403638194995097088.000000 3.865488529 4.513526440 8.595578194 -0.708620310 -0.434186310 -0.474037796 0.290908575
1403638195495097088.000000 3.434313774 4.278166294 8.542492867 -0.715705276 -0.435961366 -0.463981718 0.287097037
1403638195895097088.000000 3.163818836 4.199852467 8.478281975 -0.710376859 -0.433419168 -0.470928222 0.292812586
1403638196395097088.000000 2.908379316 4.218554020 8.539634705 -0.704435766 -0.429577082 -0.479782283 0.298400432
1403638196795097088.000000 2.743531942 4.287599087 8.543260574 -0.718453288 -0.432699800 -0.461639613 0.288937092
1403638197145096960.000000 2.649615765 4.401436329 8.529391289 -0.707271397 -0.426372170 -0.478755087 0.297938794
1403638197595097088.000000 2.547173262 4.578335285 8.630168915 -0.691651583 -0.429369450 -0.501682758 0.292530954
1403638197845096960.000000 2.462573767 4.676180840 8.724043846 -0.691677034 -0.427198946 -0.501445353 0.296034575
1403638198145096960.000000 2.342691898 4.782339096 8.760999680 -0.685544670 -0.415367931 -0.509099424 0.313553482
1403638198545096960.000000 2.154840708 4.861835957 8.627781868 -0.689500690 -0.431042194 -0.503030121 0.292834759
1403638198895097088.000000 1.928707123 4.917235374 8.502746582 -0.665163338 -0.450148314 -0.533419847 0.265306354
1403638199345096960.000000 1.411279559 5.003003120 8.501008034 -0.668675900 -0.441432118 -0.530354738 0.277009487
1403638199795097088.000000 0.671630144 5.097692013 8.650354385 -0.670226872 -0.455807686 -0.510509133 0.287081391
1403638199845096960.000000 0.578083575 5.109372616 8.668836594 -0.671998203 -0.455793440 -0.504800498 0.292997032
1403638200045096960.000000 0.197971746 5.157315254 8.727993965 -0.671951354 -0.460209817 -0.491206497 0.308876365
1403638200245096960.000000 -0.188528150 5.206206799 8.776969910 -0.648957670 -0.481175929 -0.494569540 0.320506960
1403638200345096960.000000 -0.387974650 5.230052948 8.807705879 -0.635276377 -0.490934610 -0.494649410 0.332759708
1403638200445096960.000000 -0.591933250 5.252256870 8.844401360 -0.622712374 -0.504103541 -0.493880272 0.337921977
1403638200595097088.000000 -0.907817483 5.281179905 8.911764145 -0.608163953 -0.523591518 -0.491128445 0.338794023
1403638200795097088.000000 -1.355662942 5.312227726 9.017642021 -0.590458214 -0.549373150 -0.483955294 0.339610845
1403638200895097088.000000 -1.592106223 5.324575424 9.065894127 -0.589561939 -0.555238962 -0.476102293 0.342714220
1403638201095097088.000000 -2.084087610 5.347508907 9.141713142 -0.597113729 -0.548349917 -0.457845181 0.364890903
1403638201195097088.000000 -2.334258795 5.357055187 9.168307304 -0.599623203 -0.545717359 -0.454212725 0.369236320
1403638201395097088.000000 -2.835442543 5.371988297 9.201350212 -0.601769447 -0.543901920 -0.454180837 0.368461788
1403638201495097088.000000 -3.086415052 5.377460480 9.207665443 -0.602640390 -0.541583300 -0.455495387 0.368830532
1403638201795097088.000000 -3.841989517 5.380536556 9.183056831 -0.602706850 -0.537434280 -0.461372733 0.367483556
1403638201895097088.000000 -4.096850395 5.376401901 9.160782814 -0.603808343 -0.536253691 -0.460276186 0.368772715
1403638202295097088.000000 -5.113418102 5.310424328 9.104456902 -0.605449677 -0.549901009 -0.427932978 0.384594411
1403638202495097088.000000 -5.613743782 5.273386002 9.096225739 -0.605004311 -0.553230524 -0.421807706 0.387277812
1403638202595097088.000000 -5.858340263 5.258034229 9.081794739 -0.606836557 -0.552349329 -0.418034703 0.389752120
1403638202695097088.000000 -6.097611904 5.244379997 9.060827255 -0.608021915 -0.552750289 -0.416201532 0.389297843
1403638202795097088.000000 -6.331225395 5.232737064 9.034904480 -0.607326567 -0.552616358 -0.417555630 0.389123201
1403638203095097088.000000 -7.001123428 5.199277401 8.956995964 -0.606325507 -0.549577415 -0.420291871 0.392031550
1403638203495097088.000000 -7.827096462 5.135843277 8.920915604 -0.600951374 -0.544990540 -0.427738786 0.398600519
1403638203795097088.000000 -8.398976326 5.066298962 8.889093399 -0.602576137 -0.545229375 -0.425136983 0.398604602
1403638203895097088.000000 -8.578969955 5.038792610 8.891201019 -0.601441622 -0.545604169 -0.425934821 0.398953080
1403638204245096960.000000 -9.169088364 4.925158978 8.948808670 -0.609313130 -0.547820628 -0.410117567 0.400541842
1403638204345096960.000000 -9.324843407 4.892351151 8.977381706 -0.618226111 -0.544877589 -0.397075802 0.404024273
1403638204445096960.000000 -9.470800400 4.861943245 9.007107735 -0.625031352 -0.543115854 -0.387790531 0.404943854
1403638204595097088.000000 -9.670125008 4.822472095 9.044950485 -0.625545442 -0.540866256 -0.386715949 0.408175677
1403638204745096960.000000 -9.847820282 4.789602280 9.067802429 -0.614813447 -0.551838458 -0.388349563 0.408244371
1403638204895097088.000000 -10.008739471 4.761931896 9.076645851 -0.587513745 -0.576255620 -0.395101517 0.408230275
1403638205045096960.000000 -10.165051460 4.737829685 9.070820808 -0.552433610 -0.607283056 -0.387827754 0.419063240
1403638205145096960.000000 -10.270260811 4.722916603 9.062660217 -0.525429070 -0.630759060 -0.372804195 0.432532519
1403638205345096960.000000 -10.485444069 4.692403793 9.065047264 -0.459235042 -0.676109552 -0.332610399 0.470477760
1403638205545096960.000000 -10.699799538 4.658164024 9.099312782 -0.389036208 -0.711888850 -0.307826042 0.497099817
1403638205645096960.000000 -10.804476738 4.633329391 9.126919746 -0.360843301 -0.721771955 -0.308840603 0.503443122
1403638205745096960.000000 -10.912082672 4.601640701 9.161222458 -0.339526147 -0.727434516 -0.309952974 0.509401858
1403638205895097088.000000 -11.081357956 4.532913208 9.218823433 -0.316440910 -0.738619566 -0.295708090 0.516588032
1403638206045096960.000000 -11.262570381 4.440257072 9.287109375 -0.294404358 -0.750481248 -0.269582510 0.526715636
1403638206195097088.000000 -11.447800636 4.325001717 9.365912437 -0.268569946 -0.759479523 -0.246873885 0.538622737
1403638206345096960.000000 -11.634428978 4.192403316 9.436937332 -0.249439657 -0.764035225 -0.220698968 0.552559614
1403638206495097088.000000 -11.815094948 4.047103405 9.493526459 -0.241618559 -0.763861775 -0.200851321 0.563732624
1403638206795097088.000000 -12.142920494 3.727821112 9.558531761 -0.227885395 -0.765336275 -0.180969238 0.574089587
1403638206945096960.000000 -12.286473274 3.558855057 9.569270134 -0.219596028 -0.766005814 -0.174822256 0.578316331
1403638207395097088.000000 -12.623411179 3.014714241 9.508223534 -0.195799127 -0.763415456 -0.157576501 0.595003426
1403638207545096960.000000 -12.698466301 2.815286875 9.475675583 -0.172528252 -0.768665135 -0.139197171 0.600009978
1403638207645096960.000000 -12.734354019 2.677912474 9.460680962 -0.160768837 -0.777332127 -0.124864854 0.595245302
1403638207795097088.000000 -12.770513535 2.471804857 9.452387810 -0.151419818 -0.788962066 -0.106484137 0.585894287
1403638208245096960.000000 -12.815810204 1.898540020 9.488365173 -0.147686228 -0.792895138 -0.095718622 0.583390236
1403638208445096960.000000 -12.811120987 1.662905931 9.471610069 -0.149442926 -0.797223628 -0.097558424 0.576700747
1403638208595097088.000000 -12.798216820 1.490293503 9.458426476 -0.140952423 -0.802046597 -0.090364203 0.573313236
1403638208795097088.000000 -12.773078918 1.268713951 9.465750694 -0.124015816 -0.804176450 -0.074516177 0.576513410
1403638208995097088.000000 -12.737287521 1.062388539 9.477022171 -0.110309318 -0.804166615 -0.068836279 0.580008209
1403638209445096960.000000 -12.617661476 0.639621854 9.406995773 -0.107027411 -0.805389583 -0.059270177 0.579982579
1403638209745096960.000000 -12.519743919 0.391956091 9.251337051 -0.109560855 -0.802695394 -0.059562385 0.583205760
1403638210045096960.000000 -12.401500702 0.168434203 8.967004776 -0.103876598 -0.795176089 -0.070171304 0.593279481
1403638210495097088.000000 -12.126535416 -0.152797729 8.566392899 -0.105125859 -0.788256586 -0.069308996 0.602325797
1403638210795097088.000000 -11.865212440 -0.359312803 8.282839775 -0.107241079 -0.785963118 -0.068593845 0.605025887
1403638210945096960.000000 -11.709879875 -0.459585100 8.154194832 -0.108924575 -0.790750623 -0.066031955 0.598739266
1403638211395097088.000000 -11.195559502 -0.727263749 7.868660927 -0.117660120 -0.798872292 -0.064363860 0.586358726
1403638211545096960.000000 -11.015317917 -0.800065458 7.780539989 -0.135299399 -0.797102630 -0.074448571 0.583762825
1403638211995097088.000000 -10.435688972 -0.964023769 7.476396561 -0.239395410 -0.774218202 -0.124528915 0.572510660
1403638212145096960.000000 -10.230001450 -0.992979050 7.396697044 -0.270152241 -0.764514744 -0.149886057 0.565746486
1403638212295097088.000000 -10.016690254 -1.012262344 7.337616444 -0.298849255 -0.753505290 -0.176825389 0.558257878
1403638212445096960.000000 -9.796320915 -1.025653720 7.296110630 -0.327067822 -0.742698371 -0.202082783 0.548259437
1403638212595097088.000000 -9.568087578 -1.035437107 7.274303913 -0.357327789 -0.728520632 -0.222968578 0.540240467
1403638212745096960.000000 -9.332185745 -1.043856740 7.267116070 -0.387597173 -0.715229928 -0.243937179 0.527929187
1403638212895097088.000000 -9.089790344 -1.050750613 7.275147438 -0.419806719 -0.697194755 -0.264598161 0.517368019
1403638213045096960.000000 -8.841397285 -1.055392504 7.294404030 -0.452980042 -0.677558780 -0.287873358 0.502844155
1403638213145096960.000000 -8.673692703 -1.056993723 7.311217785 -0.477105737 -0.662985742 -0.299494654 0.493075073
1403638213295097088.000000 -8.417830467 -1.056167126 7.325820923 -0.518981516 -0.642102063 -0.306950808 0.473438829
1403638213395097088.000000 -8.244036674 -1.050969958 7.327164173 -0.547611117 -0.626402557 -0.308841199 0.460824251
1403638213495097088.000000 -8.065241814 -1.039706707 7.323680878 -0.573471904 -0.607941329 -0.312557787 0.451492041
1403638213545096960.000000 -7.973217964 -1.031336069 7.320188046 -0.583017290 -0.599516153 -0.317703485 0.446918100
1403638213645096960.000000 -7.784102917 -1.009054542 7.313707829 -0.587191939 -0.586438954 -0.342943579 0.440096349
1403638213695097088.000000 -7.687899113 -0.996386766 7.311923504 -0.585883975 -0.581546009 -0.355962038 0.437990129
1403638214145096960.000000 -6.817953587 -0.871443987 7.359054565 -0.584354758 -0.582845807 -0.384344786 0.413641542
1403638214295097088.000000 -6.535985470 -0.827278912 7.388761997 -0.587327182 -0.592815638 -0.373545051 0.405068517
1403638214745096960.000000 -5.719286442 -0.629518509 7.405756474 -0.565137804 -0.593954086 -0.384047300 0.424671233
1403638215045096960.000000 -5.201256752 -0.494850546 7.357284546 -0.555463552 -0.592980504 -0.388568908 0.434567273
1403638215345096960.000000 -4.706640244 -0.381722242 7.269515038 -0.553863287 -0.599804759 -0.389559835 0.426278025
1403638215795097088.000000 -4.040307999 -0.238286614 7.194344997 -0.552635252 -0.597075760 -0.393519223 0.428062558
1403638215945096960.000000 -3.837891579 -0.201378480 7.172592640 -0.558691919 -0.591530621 -0.394829273 0.426690549
1403638216395097088.000000 -3.271179676 -0.127360240 7.109277725 -0.561994612 -0.584631085 -0.405485302 0.421841621
1403638216545096960.000000 -3.101191759 -0.115321293 7.108630657 -0.562525213 -0.583960414 -0.406567335 0.421020925
1403638219345096960.000000 -1.879258394 -0.547466099 7.004802227 -0.619038343 -0.520002544 -0.446963936 0.382899612
1403638220745096960.000000 -1.896210790 -1.231480122 6.997895718 -0.623889208 -0.528370380 -0.444695979 0.365831435
1403638221245096960.000000 -1.905537367 -1.489934325 6.952950478 -0.630400538 -0.526488423 -0.440520614 0.362417817
1403638221745096960.000000 -1.935975075 -1.718041420 6.928023815 -0.635802269 -0.519031763 -0.435464025 0.369773775
1403638222245096960.000000 -1.948140025 -1.917857528 6.946280479 -0.634038985 -0.527215362 -0.436834395 0.359463900
1403638222745096960.000000 -1.965890765 -2.061149836 6.911228180 -0.632563353 -0.523790836 -0.439243108 0.364104688
1403638223195097088.000000 -1.990278244 -2.162838221 6.854532719 -0.633492768 -0.523834109 -0.437435806 0.364602268
1403638223545096960.000000 -2.008541107 -2.245203018 6.836281300 -0.644471347 -0.512033820 -0.422056556 0.379929513
1403638223895097088.000000 -1.987262607 -2.312442303 6.798652649 -0.630631328 -0.526077688 -0.442671895 0.359983355
1403638224195097088.000000 -1.978383660 -2.360379219 6.751091957 -0.637336969 -0.534444451 -0.432459593 0.348065287
1403638224445096960.000000 -1.984637737 -2.375056744 6.718946934 -0.634231269 -0.523579419 -0.437532246 0.363566905
1403638224895097088.000000 -2.007574797 -2.384922504 6.671317577 -0.638872266 -0.525730491 -0.430446088 0.360785067
1403638225395097088.000000 -2.017538548 -2.367875338 6.685079098 -0.633295298 -0.528414249 -0.434734702 0.361553878
1403638225745096960.000000 -2.021872997 -2.354430676 6.647975445 -0.615081191 -0.516001940 -0.460047454 0.379174590
1403638226045096960.000000 -2.043346882 -2.367489576 6.549877644 -0.638355136 -0.537749290 -0.424215138 0.351240635
1403638226145096960.000000 -2.053525209 -2.358296394 6.559898376 -0.647373021 -0.526708841 -0.409085006 0.368965358
1403638226245096960.000000 -2.060382366 -2.347904205 6.549645424 -0.639054775 -0.541009426 -0.423472941 0.345815867
1403638226345096960.000000 -2.066199780 -2.349309444 6.551342964 -0.636938870 -0.537679791 -0.425837636 0.351954252
1403638226845096960.000000 -2.062139750 -2.344352722 6.567839146 -0.636716068 -0.537025571 -0.426006377 0.353149712
1403638227045096960.000000 -2.061166763 -2.344531298 6.570807457 -0.636368275 -0.537565589 -0.426524341 0.352329016
1403638227545096960.000000 -2.062026024 -2.346969366 6.572724342 -0.636957824 -0.537338376 -0.425626427 0.352695912
1403638227795097088.000000 -2.062438250 -2.348318338 6.572960377 -0.637130380 -0.537248552 -0.425416917 0.352773875
1403638228295097088.000000 -2.062957287 -2.348481178 6.572755337 -0.637208462 -0.537228882 -0.425356805 0.352735251
1403638228795097088.000000 -2.061824083 -2.346503735 6.572090626 0.637338102 0.537245750 0.425164312 -0.352707475
