#Stereo rect[ms], MP culling[ms], MP creation[ms], LBA[ms], KF culling[ms], Total[ms]
9.102207,0.062753,0.685516,0.015232,0.015232,9.877613
9.882764,0.113122,1.449978,0.004544,0.004544,11.454824
10.250355,0.137762,1.815552,0.443624,0.443624,28.860216
10.436086,0.150403,2.407466,0.723436,0.723436,31.776138
10.984896,0.060481,3.144311,1.061778,1.061778,30.299313
11.342438,0.044768,3.854692,1.437945,1.437945,41.486548
11.818062,0.049793,4.361356,1.633629,1.633629,39.361807
12.130068,0.047009,5.354237,2.010563,2.010563,62.441153
12.545883,0.054945,6.372431,2.240328,2.240328,63.545109
12.933826,0.058945,7.359872,76.444694,76.444694,135.753473
13.210887,0.058657,9.189600,2.471403,2.471403,63.462196
9.327235,0.067841,0.735693,0.005568,0.005568,10.140241
9.794987,0.251044,1.932130,0.004160,0.004160,11.986481
10.400917,0.359847,11.008768,0.268229,0.268229,42.745034
8.402386,0.365350,15.894390,0.444167,0.444167,59.606511
11.827311,0.505193,17.956665,0.883215,0.883215,64.480549
9.617703,0.463432,20.407460,1.000722,1.000722,64.503557
9.540807,0.437703,18.307040,0.705325,0.705325,63.712728
11.896688,0.363654,9.667017,1.649693,1.649693,62.688486
12.482618,0.330758,33.942896,1.367992,1.367992,90.755504
12.923201,0.482537,39.199052,51.422561,51.422561,167.243590
13.662574,0.522057,42.372931,1.687197,1.687197,98.806395
13.720335,0.537609,31.700873,1.720990,1.720990,89.283893
12.417912,0.362695,27.672418,1.904129,1.904129,85.256239
12.680797,0.395847,27.119161,1.956450,1.956450,87.648217
13.716112,0.373062,34.467994,2.165542,2.165542,102.002068
15.302923,0.290917,48.868948,2.148582,2.148582,119.051901
11.908207,0.369639,43.650553,2.540781,2.540781,112.236582
16.189882,0.566186,59.673105,2.829009,2.829009,152.459652
18.078300,0.630219,53.559142,3.182456,3.182456,142.852861
17.305581,0.529674,44.910127,3.574046,3.574046,131.997054
15.917013,0.432456,35.378537,3.632799,3.632799,134.607212
16.286332,0.372167,38.198874,4.534256,4.534256,136.270922
17.401296,0.294917,43.041327,4.449358,4.449358,135.730592
17.516370,0.503400,59.727059,4.918518,4.918518,306.632070
19.704279,0.482505,52.905467,5.072536,5.072536,152.902251
14.682080,0.325862,41.040300,4.712178,4.712178,128.629476
17.735637,0.339174,44.019136,4.414829,4.414829,144.319990
13.661678,0.211684,34.707102,4.245098,4.245098,133.659100
16.538752,0.182116,40.349088,4.108008,4.108008,126.445982
16.218107,0.163299,44.257732,4.076775,4.076775,131.284306
16.346654,0.142146,45.099347,4.350187,4.350187,132.120865
9.608903,0.070561,0.751534,0.006080,0.006080,10.441078
10.083504,0.238884,1.544571,0.004480,0.004480,11.875183
10.503928,0.251204,2.182662,0.566058,0.566058,29.751271
10.876733,0.207076,2.754032,0.869040,0.869040,34.793759
11.148355,0.073761,3.405915,1.143284,1.143284,39.225228
11.522217,0.056769,4.002086,1.437145,1.437145,44.881135
11.910832,0.052897,4.676625,1.738751,1.738751,40.578724
12.298263,0.066817,5.410878,2.435083,2.435083,45.775199
12.861600,0.040001,6.491537,2.257863,2.257863,67.226772
13.254407,0.053761,6.665877,94.008808,94.008808,155.421208
13.776208,0.039233,8.322513,2.891987,2.891987,69.238072
9.358148,0.065921,0.759245,0.005664,0.005664,10.192658
10.003407,0.166083,1.473689,0.004800,0.004800,11.652203
10.351252,0.201540,1.972642,0.581194,0.581194,29.655109
10.728795,0.195363,2.658159,0.866032,0.866032,36.511517
11.197027,0.062881,3.119351,1.137236,1.137236,43.258899
11.494152,0.055809,3.673633,1.553403,1.553403,61.508721
11.832430,0.038209,4.393868,1.695294,1.695294,52.179150
12.348984,0.025632,5.009656,2.730448,2.730448,46.920179
12.736223,0.034688,6.114827,2.495788,2.495788,68.644654
13.273031,0.036065,6.790487,45.783999,45.783999,113.023060
13.103557,0.031265,6.934105,2.840753,2.840753,67.687453
9.500998,0.057217,0.646155,0.005376,0.005376,10.216850
9.581351,0.237668,1.419129,0.004640,0.004640,11.246660
10.162225,0.368839,2.777392,0.448360,0.448360,27.604898
10.568088,0.379367,12.152116,0.727948,0.727948,52.125677
10.973759,0.473448,16.537569,0.915888,0.915888,56.177396
11.373191,0.553289,21.207986,1.151796,1.151796,67.694333
12.054131,0.586986,27.511616,1.199381,1.199381,77.935824
12.593692,0.552234,31.235489,1.353528,1.353528,87.731739
13.465771,0.554537,35.949171,1.513562,1.513562,96.260655
13.648878,0.525769,38.848198,51.036186,51.036186,167.907921
9.660553,0.361894,34.290454,1.620509,1.620509,85.822810
14.034933,0.505129,53.660424,2.171526,2.171526,124.540765
14.652479,0.540650,54.374932,2.153734,2.153734,125.598703
14.829635,0.521545,52.650006,2.096900,2.096900,123.199973
15.426285,0.607499,54.654298,2.373450,2.373450,129.684983
10.985792,0.539113,50.299598,2.397610,2.397610,124.477852
15.843860,0.646444,57.337160,2.783153,2.783153,262.439138
16.502400,0.630955,57.705455,3.114870,3.114870,147.063238
16.589762,0.488072,66.991089,3.006324,3.006324,167.328583
17.211660,0.648268,59.519918,3.437692,3.437692,164.950494
16.630626,0.416999,66.832046,3.829187,3.829187,177.833438
17.134987,0.494504,50.267501,4.063399,4.063399,162.870809
13.293928,0.435239,40.196509,5.084825,5.084825,182.812821
14.143926,0.482313,43.837853,3.920068,3.920068,164.089294
15.790771,0.500329,44.153506,4.570064,4.570064,179.701855
15.838869,0.581450,49.049527,5.700516,5.700516,223.579517
16.589697,0.763021,52.792249,8.437139,8.437139,208.168911
16.551329,0.658475,56.061522,4.858836,4.858836,204.448975
16.233787,0.537641,40.102076,6.067658,6.067658,213.191495
11.850351,0.368614,34.467641,5.063512,5.063512,195.932602
16.561569,0.567114,49.341405,5.388446,5.388446,200.830960
16.379869,0.660236,43.504631,7.444066,7.444066,201.921954
13.117828,0.618795,38.434719,5.116602,5.116602,203.911301
14.525694,0.797806,45.679069,7.603940,7.603940,218.632678
14.537534,1.033970,46.132421,4.559823,4.559823,205.232924
13.807313,0.938704,44.197027,6.441425,6.441425,205.661860
13.029443,0.799534,37.801395,4.379276,4.379276,193.855125
12.673629,0.951505,37.352907,3.207736,3.207736,187.162337
8.701144,0.878703,41.085357,2.761200,2.761200,197.970462
7.921131,0.685132,27.042583,3.634687,3.634687,173.328688
13.139589,0.871023,40.493122,5.233147,5.233147,203.830723
12.891361,0.884975,37.965175,4.053927,4.053927,200.342791
14.010901,0.857327,46.766032,2.556845,2.556845,233.668493
10.156849,0.663916,29.530595,5.595234,5.595234,186.374452
13.747248,0.774381,33.449960,5.558529,5.558529,198.218114
13.323400,0.769550,35.679694,5.767940,5.767940,203.584127
12.285207,0.795118,33.974512,6.876600,6.876600,201.419546
14.271097,0.947313,49.274619,6.974266,6.974266,221.942496
12.116691,0.612235,35.337321,8.487796,8.487796,204.036968
12.124820,0.713740,33.600138,6.184428,6.184428,204.631410
10.935294,0.720557,33.393670,5.711811,5.711811,193.917558
13.735760,1.053426,41.441683,6.310702,6.310702,209.160961
12.687709,0.769518,35.362249,5.496352,5.496352,201.282295
13.207335,1.376792,41.052748,5.528640,5.528640,204.887319
13.062948,1.327159,44.266276,7.032443,7.032443,205.617411
13.187591,0.801934,37.184712,6.872024,6.872024,202.898740
13.028547,1.480922,41.837050,6.377616,6.377616,198.625161
9.012285,0.687756,30.617014,4.964566,4.964566,190.270039
12.863904,1.089267,42.233793,5.951208,5.951208,525.648177
9.925005,1.517914,35.522764,2.052996,2.052996,105.928792
11.126050,1.036082,44.899567,4.048487,4.048487,180.427852
11.139746,1.247990,43.131920,4.158185,4.158185,188.466744
11.002592,1.197877,50.062505,3.774850,3.774850,185.879018
11.695244,1.255062,47.199543,4.548367,4.548367,183.706148
10.728828,0.841518,42.938061,3.946277,3.946277,182.487024
10.975359,0.942769,41.414482,3.589759,3.589759,164.223633
13.246695,0.662475,54.279891,3.272953,3.272953,182.805845
13.723695,0.770030,47.835650,4.020838,4.020838,190.748288
12.515354,0.660364,41.963772,3.210552,3.210552,191.078053
11.518121,0.557962,41.989565,5.699203,5.699203,169.951605
8.835290,0.438920,27.661730,5.894663,5.894663,152.330369
8.498932,0.426727,30.879963,4.985751,4.985751,157.755040
7.987019,0.461128,28.184044,4.134280,4.134280,152.832746
8.410003,0.545225,28.692373,3.695808,3.695808,153.817979
8.642807,0.583626,28.992698,5.558752,5.558752,155.386935
8.935740,0.587210,28.002537,6.340815,6.340815,156.096515
14.263481,0.727373,48.063910,8.524916,8.524916,190.277623
15.957622,0.793230,47.886851,8.032140,8.032140,192.123383
16.293405,0.817294,54.310739,6.334255,6.334255,200.935954
13.904787,0.917616,46.047779,9.395588,9.395588,190.472603
12.409080,0.663340,41.403794,7.203581,7.203581,160.620434
9.442437,0.665067,32.670778,10.083504,10.083504,174.203263
13.292712,0.999889,46.268775,9.013341,9.013341,198.989775
11.906543,0.972337,43.969663,13.610702,13.610702,198.513319
13.011843,0.692620,43.462134,11.830831,11.830831,205.261149
8.704440,0.802158,31.897420,8.815066,8.815066,199.558041
9.484997,0.610923,36.808482,11.138850,11.138850,199.188434
8.839355,0.736237,33.686507,7.817288,7.817288,198.571112
8.069645,0.697004,28.398383,13.604590,13.604590,197.686969
8.109870,0.672524,31.765546,7.216798,7.216798,202.847667
12.533402,1.546587,50.153611,14.447772,14.447772,256.543803
13.425706,1.403384,52.867451,10.591033,10.591033,260.511680
14.195960,1.130708,48.659537,11.534281,11.534281,240.982764
13.305736,1.274390,56.489178,11.608523,11.608523,257.968852
8.186351,0.957712,33.658700,12.427320,12.427320,221.713819
12.366552,1.070483,52.212687,12.806335,12.806335,255.385927
10.806268,0.858639,46.763920,11.462120,11.462120,244.255845
11.967697,0.980881,48.845140,10.084816,10.084816,258.558239
11.983217,0.962321,44.624715,14.008565,14.008565,249.671492
11.806606,0.829678,37.021798,9.531238,9.531238,231.694601
14.602623,0.886416,47.099253,9.703914,9.703914,267.778336
9.851275,0.652140,36.423355,11.643627,11.643627,217.698581
8.162799,0.538313,30.000747,16.178938,16.178938,213.744273
8.573717,0.539466,32.294867,13.692783,13.692783,217.804439
9.286722,0.626667,34.895713,17.715605,17.715605,220.383717
14.271160,1.023538,52.586902,17.430160,17.430160,252.461523
13.831089,0.841423,46.896242,21.141873,21.141873,239.044298
9.319043,0.553001,36.397851,19.045613,19.045613,219.080462
11.168771,0.732845,46.742607,18.613252,18.613252,232.024143
17.618068,0.962833,68.525803,16.769125,16.769125,267.337720
18.447042,0.826990,66.141538,19.554773,19.554773,263.033804
11.499528,0.702380,51.850985,16.279580,16.279580,257.768272
10.754972,0.664204,49.759268,18.021466,18.021466,239.957850
10.249811,0.763117,40.233278,17.268525,17.268525,234.371161
12.482170,0.918864,45.566010,17.054858,17.054858,237.507695
16.339485,0.873808,51.734854,17.276749,17.276749,256.593436
10.576664,0.769742,38.901574,13.529772,13.529772,248.517487
9.107615,0.720333,34.209876,12.322039,12.322039,233.419752
11.464456,0.718125,43.257843,16.342525,16.342525,260.597026
9.913293,0.556170,37.824596,15.077831,15.077831,242.520967
12.633277,0.592074,45.652316,12.974562,12.974562,261.071851
18.433186,0.706252,56.545947,19.844826,19.844826,280.625856
13.118052,0.694028,55.740845,17.358383,17.358383,274.441299
17.556146,0.704620,59.576272,19.917147,19.917147,286.039133
12.680349,0.706156,50.736469,19.260304,19.260304,270.494606
12.182933,0.889551,48.886773,14.791906,14.791906,275.352483
19.580854,0.944816,54.383861,17.700309,17.700309,287.486391
10.432598,0.651851,46.569932,22.931632,22.931632,267.119603
11.621643,0.734124,54.491607,23.957858,23.957858,275.884652
11.245924,0.900304,53.381091,22.812270,22.812270,271.228347
11.012640,0.705900,48.721522,21.023438,21.023438,271.754820
11.017345,0.801230,51.065146,26.394604,26.394604,276.184818
11.895248,0.860047,58.054452,25.285913,25.285913,282.493664
18.013978,1.178260,61.183980,20.874732,20.874732,294.376174
10.037839,0.541034,38.552672,27.869094,27.869094,256.872737
14.902020,0.493928,54.361557,29.850568,29.850568,279.383241
19.367410,0.909264,72.624723,21.464662,21.464662,313.850851
20.342594,0.836975,70.264650,25.457852,25.457852,302.944132
21.776027,0.821199,64.025949,27.641667,27.641667,308.367651
17.751285,1.043763,51.446337,22.592266,22.592266,286.811723
10.222098,0.493097,36.049685,23.563643,23.563643,258.306842
19.831898,0.885136,67.056305,26.621904,26.621904,304.341533
22.521449,0.909328,73.420673,28.362351,28.362351,315.182266
12.328695,0.563978,38.467967,27.234139,27.234139,261.480977
23.628220,0.566858,63.556917,32.864573,32.864573,300.665564
23.153844,0.568265,80.629247,25.291065,25.291065,306.203389
11.436999,0.306374,45.509561,23.159828,23.159828,250.604083
17.176428,0.382854,60.193338,25.678592,25.678592,275.524710
21.877693,0.734477,89.977250,26.361740,26.361740,335.310233
13.712079,0.469736,58.410299,19.354673,19.354673,284.158812
18.040058,0.494121,66.805165,18.812264,18.812264,278.708317
20.103454,0.614123,73.124508,22.009760,22.009760,295.459329
19.764345,0.766221,74.757272,22.852526,22.852526,302.609182
13.974772,0.703820,51.835592,13.896371,13.896371,271.108537
17.411471,0.693517,58.935044,21.847773,21.847773,283.963737
9.728041,0.539690,39.248588,15.348364,15.348364,264.178528
16.006456,0.538697,54.905470,17.185964,17.185964,278.661789
10.222930,0.538185,42.422340,14.820963,14.820963,272.841047
10.072688,0.472648,37.993847,16.702820,16.702820,268.351433
9.304546,0.433512,35.389417,19.270864,19.270864,248.709202
11.871983,0.563370,43.023823,14.035573,14.035573,261.068906
17.579187,0.729933,55.936623,14.766242,14.766242,282.536097
18.570820,0.838479,69.877219,19.077260,19.077260,297.662792
14.253048,0.617483,50.845015,15.601648,15.601648,276.434037
16.164090,0.574698,51.755655,14.502109,14.502109,283.648148
20.151263,0.692396,59.371980,17.576403,17.576403,297.425572
14.451900,0.619915,50.464432,16.043032,16.043032,286.109630
17.585106,0.692044,58.330426,22.747501,22.747501,301.066595
13.900371,0.833614,64.611303,17.571571,17.571571,298.827965
17.128587,0.721037,53.838411,19.243824,19.243824,291.612895
16.671331,0.560234,55.682315,16.822437,16.822437,288.215395
19.593334,1.003345,84.111132,17.156619,17.156619,327.586930
10.178353,0.586122,40.269695,17.494769,17.494769,265.551351
10.911838,0.576394,39.592083,17.357935,17.357935,268.657870
9.858892,0.547369,39.624532,21.303892,21.303892,281.502894
17.227660,0.802446,63.922267,17.416816,17.416816,291.100438
13.760848,0.768910,52.733015,21.759740,21.759740,275.919565
8.921659,0.381799,35.074372,25.108758,25.108758,253.490277
11.168739,0.848655,56.559194,19.254416,19.254416,277.005344
15.057734,0.871888,65.212913,20.955565,20.955565,297.473988
11.387591,0.981905,64.686153,22.118305,22.118305,214.067926
10.166353,0.801102,56.922529,21.282580,21.282580,282.927303
10.010287,0.727341,42.859083,19.987645,19.987645,261.124107
11.399111,0.838319,51.608516,19.604310,19.604310,267.760447
11.006080,0.512777,46.452074,21.545975,21.545975,266.983248
9.811435,0.880623,44.983569,20.898413,20.898413,266.821774
9.186560,0.869551,37.934198,10.244691,10.244691,261.774134
12.609436,1.373240,47.624062,15.195369,15.195369,271.130841
6.877080,0.868719,27.257627,10.893118,10.893118,117.479169
13.313064,0.767565,59.207305,12.035634,12.035634,272.320750
13.674319,0.893199,63.845178,13.142117,13.142117,285.814297
14.240408,1.040722,61.946521,12.538810,12.538810,280.159959
9.942317,0.527402,40.496482,8.228527,8.228527,245.390968
16.270972,0.904559,63.048140,13.683758,13.683758,279.127812
13.625326,0.680524,68.379176,13.707471,13.707471,286.843627
19.157998,0.690477,72.898455,13.697903,13.697903,294.452944
20.421572,0.776238,70.400396,17.718613,17.718613,305.368846
11.264709,0.534505,41.503988,17.542994,17.542994,249.630338
15.333099,0.399143,47.164823,17.258797,17.258797,277.644491
21.007982,0.749933,84.908041,9.694473,9.694473,319.954220
21.631897,0.622539,66.871918,14.589215,14.589215,282.763716
22.656332,0.609386,74.018379,13.809360,13.809360,295.837064
16.086489,0.561770,63.442610,19.108590,19.108590,275.737194
16.709252,0.516425,64.254177,11.416807,11.416807,268.712175
25.977318,0.518409,76.435637,18.213310,18.213310,293.283804
27.228443,0.480584,81.213737,14.597119,14.597119,305.517777
27.488864,0.473608,72.008712,12.694941,12.694941,296.581013
28.783158,0.558474,68.585836,17.495665,17.495665,290.012226
22.674123,0.451400,70.069094,16.293148,16.293148,286.756809
31.191168,0.517673,80.031540,15.805428,15.805428,312.667598
30.442579,0.572938,68.718542,14.734113,14.734113,298.524022
27.951271,0.640140,62.692837,18.725158,18.725158,295.800903
24.152069,0.505545,75.876428,18.740103,18.740103,336.659376
22.692716,0.707213,67.100882,17.492210,17.492210,301.643342
13.392489,0.591370,41.995741,16.625090,16.625090,264.596839
12.482586,0.429864,43.455446,16.382557,16.382557,263.732632
12.137300,0.475400,39.954329,15.874357,15.874357,261.362063
11.520169,0.454184,39.199180,13.877234,13.877234,258.808770
11.660780,0.455944,36.557853,18.029722,18.029722,276.164689
11.326726,0.416647,37.561359,15.714386,15.714386,253.251361
13.173317,0.436776,40.311487,18.271071,18.271071,255.393606
16.711331,0.730125,57.625261,19.470612,19.470612,282.129401
13.564076,0.546602,52.786136,13.181638,13.181638,266.571721
13.251207,0.428424,56.241909,17.422768,17.422768,267.838208
13.547628,0.683372,47.281048,11.051489,11.051489,252.791065
13.739087,0.535209,52.703032,13.942643,13.942643,263.480435
13.935955,0.622731,47.528157,13.701071,13.701071,269.845923
10.353332,0.456712,36.936965,12.671965,12.671965,235.899122
14.053461,0.592010,44.705932,16.192506,16.192506,245.854336
18.937802,0.592746,62.576420,10.449558,10.449558,274.716759
12.501755,0.549577,43.539991,16.331645,16.331645,246.132709
13.258951,0.628427,41.396562,11.129570,11.129570,247.828642
15.406093,0.868783,53.411395,9.888621,9.888621,270.309995
13.792784,0.920080,50.493041,9.114687,9.114687,270.177448
13.551020,1.001457,54.061743,13.657711,13.657711,271.479487
13.552716,0.770382,54.131152,10.014990,10.014990,265.488342
14.917732,0.958417,51.789863,16.170266,16.170266,269.279257
15.611536,0.890960,60.501567,8.485044,8.485044,285.675318
15.347724,0.874415,61.560274,13.663118,13.663118,274.924251
14.883460,0.654283,61.719221,10.402229,10.402229,281.739954
9.973166,0.711660,41.931324,14.057014,14.057014,228.119659
14.858467,0.762990,49.488543,14.569182,14.569182,243.905630
13.012771,0.722317,56.483385,15.446957,15.446957,254.557112
11.795150,0.589962,41.937916,15.192681,15.192681,234.174132
16.697091,0.893999,54.472471,17.259533,17.259533,278.180179
11.530729,0.744237,61.708276,14.171127,14.171127,256.508281
15.857525,1.331703,65.235602,16.076249,16.076249,283.545042
16.573441,1.002610,66.872398,16.681443,16.681443,281.522798
17.059017,1.267830,71.335069,18.390945,18.390945,295.356191
16.830085,0.892112,66.556713,17.602963,17.602963,286.048125
10.735291,0.727373,41.474099,17.009609,17.009609,235.599373
14.405275,0.605963,60.087416,17.723445,17.723445,263.094893
12.207829,0.516041,45.468057,18.317376,18.317376,241.736633
18.320223,0.485289,56.714781,19.578390,19.578390,287.165680
21.741979,0.431335,67.465561,15.591952,15.591952,298.869980
12.443993,0.348006,45.329847,20.762218,20.762218,238.519968
19.338769,0.324198,59.251113,18.104092,18.104092,259.790291
23.168084,0.449416,62.753638,20.341826,20.341826,279.268870
24.290472,0.462376,67.443544,15.763795,15.763795,288.473127
26.205193,0.478921,65.178768,18.639845,18.639845,278.791455
29.055930,0.537450,74.849081,16.328189,16.328189,309.490421
28.326286,0.379143,69.111157,18.379457,18.379457,314.909077
27.177114,0.307621,55.545257,18.640677,18.640677,272.191851
20.721193,0.289957,49.293884,15.238666,15.238666,261.196459
32.156273,0.393863,63.847033,16.275164,16.275164,301.931314
32.915550,0.409544,68.453161,18.429473,18.429473,300.428184
16.333437,0.270021,43.849980,18.599396,18.599396,257.342024
21.395573,0.279173,49.170969,18.251006,18.251006,273.698693
15.771123,0.377734,37.938774,17.741942,17.741942,262.652837
14.954917,0.302053,36.827619,16.649986,16.649986,259.277450
22.617482,0.358023,51.042906,16.964872,16.964872,277.229411
21.717466,0.297382,48.137351,21.849821,21.849821,277.827117
25.114902,0.335430,62.527075,24.707823,24.707823,298.873949
20.180096,0.328230,54.474870,25.342106,25.342106,282.684450
34.384375,0.369831,84.501346,24.106693,24.106693,333.773245
33.371142,0.407303,69.514972,24.574477,24.574477,312.144868
18.872809,0.311013,47.031157,21.255347,21.255347,271.201530
20.916461,0.273541,49.338332,25.064437,25.064437,280.414619
21.158449,0.360358,56.128019,25.013268,25.013268,289.321718
18.142365,0.305637,47.301657,31.522342,31.522342,280.237944
17.881880,0.260548,57.784688,27.508832,27.508832,289.864927
13.176742,0.229604,41.401426,29.591556,29.591556,295.830248
19.739833,0.507048,82.162457,29.620772,29.620772,329.413937
18.045179,0.500456,66.935216,33.471592,33.471592,325.270921
22.887407,0.719532,89.115859,32.086447,32.086447,374.233182
22.931312,0.659019,81.728946,22.585034,22.585034,351.463474
11.866575,0.402631,51.438273,25.245848,25.245848,320.694617
11.924624,0.440167,46.004227,26.908597,26.908597,335.157333
15.446061,0.615531,71.530240,19.475859,19.475859,355.799773
18.338943,0.982578,72.038568,16.330365,16.330365,357.707070
15.767411,0.615819,63.708759,24.492267,24.492267,349.958999
15.530607,0.687212,59.037574,32.564504,32.564504,358.995765
13.682638,0.581515,51.993226,23.326743,23.326743,349.896534
12.516442,0.615787,49.473471,28.359022,28.359022,348.872324
14.782050,0.747341,59.774163,30.417586,30.417586,362.830072
13.824561,0.827662,55.820462,22.898959,22.898959,362.362543
11.137058,0.881199,49.189562,31.719465,31.719465,364.809882
9.994478,0.897968,47.076405,29.959019,29.959019,364.950301
9.021150,0.948432,36.735233,17.913624,17.913624,350.961769
9.879340,0.945648,37.608464,21.516855,21.516855,351.477681
10.417973,1.067315,36.855747,28.464592,28.464592,349.499759
10.584664,0.858191,39.523186,28.212492,28.212492,346.425465
13.835825,1.181941,70.241321,32.430517,32.430517,382.084007
12.194869,0.686220,58.383802,23.264406,23.264406,363.229791
16.410847,0.731020,66.441575,31.121599,31.121599,371.911095
15.870709,0.788398,61.090217,29.267870,29.267870,344.397782
16.239067,0.618539,53.815786,29.014458,29.014458,324.628637
25.639135,0.803246,82.750532,29.629861,29.629861,361.170939
17.160811,0.578058,63.439730,28.065034,28.065034,330.628230
26.662129,1.048595,81.464236,21.277843,21.277843,363.161598
18.188126,0.789933,67.273174,32.438230,32.438230,352.570597
21.662266,0.794478,82.113080,31.438276,31.438276,357.771071
10.423030,0.448136,44.941327,33.065217,33.065217,313.603165
14.435579,0.716493,55.405606,29.990571,29.990571,316.768916
15.026918,0.710924,59.347339,31.322562,31.322562,322.874782
11.542473,0.621899,51.241086,25.428155,25.428155,300.551801
15.512142,0.725581,58.701184,28.160555,28.160555,312.491433
18.659238,0.729356,63.241359,26.824276,26.824276,317.489025
22.606858,0.914992,77.226371,25.069398,25.069398,343.932526
12.058226,0.613067,50.398511,31.964397,31.964397,301.165764
12.000049,0.543305,54.302195,31.433828,31.433828,300.659867
11.987409,0.381766,55.252676,29.003994,29.003994,314.477068
23.433368,0.764462,75.838186,34.580219,34.580219,342.056781
14.257113,0.618890,58.601150,38.305468,38.305468,319.671399
12.313783,0.518217,54.213713,33.738572,33.738572,312.292390
10.970815,0.555754,47.629214,29.088636,29.088636,307.477746
14.819298,0.877647,55.108641,37.805972,37.805972,323.129603
10.224210,0.674092,44.151874,26.994326,26.994326,291.337944
11.478504,1.054706,54.416149,28.002728,28.002728,306.093146
17.059146,1.491098,73.089402,24.811377,24.811377,337.597536
16.404286,1.248598,74.606581,41.885147,41.885147,347.987477
9.656745,0.932208,36.172119,35.402409,35.402409,312.372904
14.828035,1.202069,59.267081,30.464180,30.464180,314.016421
16.310237,0.913744,66.986256,21.116752,21.116752,314.902740
18.005178,1.212757,65.494262,20.509574,20.509574,313.856225
14.000276,1.046419,55.200290,25.249721,25.249721,317.119483
11.369126,0.756589,47.415099,24.860562,24.860562,300.143890
14.330650,0.800270,52.172078,29.094747,29.094747,324.766784
12.944386,0.526921,51.700230,28.379375,28.379375,326.932742
27.187450,0.964849,93.555679,28.431728,28.431728,394.353117
29.717542,0.673708,75.825002,26.845972,26.845972,378.121986
15.192009,0.323941,51.327679,29.322271,29.322271,348.686048
17.262125,0.492104,52.710519,20.991182,20.991182,361.760292
31.045246,0.549001,71.673090,19.381010,19.381010,391.149062
31.148543,0.423847,77.114785,18.217533,18.217533,386.749656
15.825396,0.323430,48.230249,19.072685,19.072685,343.859501
33.336549,0.423815,82.515487,20.371075,20.371075,398.204480
33.901231,0.358247,79.864272,15.994903,15.994903,390.770495
26.282987,0.326341,73.212893,23.862912,23.862912,380.281576
36.597406,0.470952,87.576887,26.330507,26.330507,407.723878
36.524861,0.470568,74.432370,19.723256,19.723256,379.935330
29.710982,0.459528,70.967093,30.464147,30.464147,373.331822
19.035660,0.421639,58.364474,15.647505,15.647505,344.367029
17.482769,0.499561,66.309284,27.841893,27.841893,363.896746
14.421404,0.434151,50.919800,24.628589,24.628589,344.421046
16.521440,0.425160,55.106657,18.531331,18.531331,346.047763
16.614274,0.423463,57.365737,19.496788,19.496788,357.362392
18.203613,0.551658,55.112705,15.794484,15.794484,344.913631
15.505614,0.695789,51.697317,20.894444,20.894444,356.156163
15.255498,0.950128,64.700457,14.910884,14.910884,344.678330
15.252138,0.982482,62.024025,23.397752,23.397752,345.828687
14.906148,0.859087,58.751073,17.051114,17.051114,351.671765
15.634577,0.720780,57.827441,18.444386,18.444386,337.781763
7.698343,0.413927,26.682545,16.011991,16.011991,286.365314
8.190255,0.431879,27.206171,17.731125,17.731125,280.817409
7.884329,0.359495,26.165352,27.709923,27.709923,265.861564
8.600246,0.340070,29.103547,19.740408,19.740408,259.196104
13.294184,0.407623,45.206676,14.745825,14.745825,292.392171
7.191613,0.222724,21.550360,15.506478,15.506478,91.736799
7.818665,0.127842,20.703273,21.983615,21.983615,228.557778
6.962777,0.191619,20.265442,15.636304,15.636304,82.329659
9.341187,0.211459,28.407312,11.873583,11.873583,96.338096
9.170208,0.188355,27.452575,15.508079,15.508079,94.674131
8.963165,0.244868,31.352835,13.742960,13.742960,96.487699
8.084333,0.166307,26.612976,11.187907,11.187907,86.696104
9.415493,0.214403,33.976945,16.184762,16.184762,101.633645
8.165294,0.177987,32.527607,10.418070,10.418070,88.723915
9.255137,0.191171,36.228504,14.022293,14.022293,95.948873
8.876250,0.155907,35.041635,12.767135,12.767135,90.950514
12.885569,0.231364,54.090511,11.697260,11.697260,131.560086
11.512904,0.222244,45.509370,10.063120,10.063120,104.382716
7.911146,0.200163,32.950495,10.751900,10.751900,83.831030
10.444118,0.196228,38.134873,11.870863,11.870863,88.908270
10.448086,0.228868,42.651720,9.911757,9.911757,91.594013
10.577401,0.207619,39.355663,7.227710,7.227710,89.616507
11.565226,0.241764,44.307556,7.354720,7.354720,94.983384
9.588327,0.225252,39.773750,10.506487,10.506487,86.965677
11.357862,0.263428,43.502295,7.654917,7.654917,93.891781
10.357749,0.276869,42.616135,7.087804,7.087804,87.083311
11.123778,0.289957,46.519723,6.337391,6.337391,96.912858
10.335700,0.299205,44.029760,8.385522,8.385522,96.724598
10.557112,0.336230,50.590226,5.174362,5.174362,100.851390
9.878732,0.307781,42.991918,10.846877,10.846877,91.372313
10.794556,0.364519,45.891520,7.227422,7.227422,91.381626
10.421814,0.367046,44.354246,6.629044,6.629044,89.034225
10.686651,0.336742,51.943817,6.377807,6.377807,107.130604
10.505144,0.361894,54.203985,6.774487,6.774487,111.716541
8.105390,0.357638,40.096827,4.213194,4.213194,71.889990
10.475383,0.370246,47.045493,5.115321,5.115321,91.751136
10.428630,0.362246,46.631917,4.383917,4.383917,84.003801
12.862368,0.362086,49.260251,5.765669,5.765669,90.830992
