#Stereo rect[ms], MP culling[ms], MP creation[ms], LBA[ms], KF culling[ms], Total[ms]
5.605278,0.025472,0.277125,0.014624,0.014624,5.933827
5.490013,0.031776,0.373542,0.005601,0.005601,5.905508
6.077445,0.157635,1.755966,0.004608,0.004608,8.000550
5.462524,0.068321,0.744108,0.005153,0.005153,6.284266
5.867234,0.243973,3.612540,0.004096,0.004096,9.733443
7.479710,0.447751,5.646879,0.553865,0.553865,53.267838
7.004629,0.407911,8.459982,0.856143,0.856143,51.408575
5.491005,0.460935,6.603855,0.580457,0.580457,39.688570
5.227608,0.241412,7.644288,0.982896,0.982896,38.078687
5.674495,0.141667,10.950232,1.029618,1.029618,63.554923
7.469853,0.264165,15.647750,1.247380,1.247380,63.133092
8.696434,0.374278,19.121729,1.459737,1.459737,70.063960
8.645137,0.345510,18.970878,37.360083,37.360083,113.614194
7.224153,0.318822,15.479907,2.400168,2.400168,66.151478
5.838178,0.251812,15.061341,2.438569,2.438569,69.932405
6.706129,0.207395,14.889434,2.515562,2.515562,69.958678
6.482317,0.129506,15.769353,2.453354,2.453354,73.559667
7.146552,0.083777,14.885274,2.040611,2.040611,78.940685
7.434461,0.113441,17.351748,2.129700,2.129700,78.074686
8.857461,0.183523,26.430588,2.008674,2.008674,97.813674
10.178027,0.195811,22.650300,2.231365,2.231365,93.515137
8.384173,0.188131,23.893009,2.215141,2.215141,79.403284
11.209180,0.279269,35.147757,2.747086,2.747086,104.999586
11.838791,0.363206,38.049886,3.143253,3.143253,118.352066
9.785636,0.259524,30.144986,3.865952,3.865952,108.435515
5.716640,0.129474,14.848089,3.399801,3.399801,81.892638
6.830770,0.114178,17.745802,3.396857,3.396857,88.430444
8.556368,0.116930,24.264631,4.456043,4.456043,115.046891
8.118728,0.092866,23.650508,3.535163,3.535163,93.801926
8.473518,0.157891,23.809967,3.545276,3.545276,89.458973
11.233533,0.205571,39.651674,3.465690,3.465690,125.517819
12.373391,0.273125,41.788253,3.756255,3.756255,240.375905
12.723926,0.269636,43.493178,3.805887,3.805887,125.984098
11.470081,0.285989,37.046957,3.792736,3.792736,126.126117
8.848724,0.276069,25.962708,3.692766,3.692766,105.429609
8.929398,0.161411,23.589580,4.149029,4.149029,86.531980
7.486013,0.088002,18.348404,3.920834,3.920834,86.963635
9.498880,0.079777,24.315800,3.357176,3.357176,125.752222
10.986201,0.097985,33.014986,4.485867,4.485867,122.424967
12.239469,0.145443,37.834715,4.056773,4.056773,126.782224
13.104412,0.202083,41.110450,4.494476,4.494476,137.236063
13.548611,0.241796,37.393268,4.578989,4.578989,128.197447
13.104540,0.334854,43.443993,4.192039,4.192039,131.072440
12.368976,0.246820,38.957646,3.741471,3.741471,124.372487
12.032298,0.215043,32.317695,4.372490,4.372490,126.448650
11.063898,0.243652,28.178841,5.179991,5.179991,114.683877
5.929764,0.115906,15.424482,4.007300,4.007300,81.551353
5.732224,0.107010,14.175278,3.490427,3.490427,81.577337
8.113544,0.130882,18.877821,4.844337,4.844337,94.750582
4.300776,0.025120,0.314790,0.005152,0.005152,4.649582
4.405578,0.139971,0.942736,0.004128,0.004128,5.496349
4.467691,0.170083,1.508634,0.289573,0.289573,14.488788
5.297817,0.162210,2.279527,0.466503,0.466503,15.769512
5.007028,0.113634,2.726637,0.618250,0.618250,17.952333
5.270712,0.131394,3.430106,0.792845,0.792845,21.235300
5.926371,0.101218,4.050756,0.961200,0.961200,22.995490
5.880834,0.103586,4.837585,1.257525,1.257525,26.250392
4.652782,0.131778,9.117113,1.708381,1.708381,36.196831
5.443644,0.186851,11.680868,69.334508,69.334508,126.410218
4.583597,0.035233,0.425479,0.005440,0.005440,5.053141
5.477468,0.233124,1.259605,0.004128,0.004128,6.978773
5.860451,0.186435,1.927168,0.314181,0.314181,15.032060
4.372010,0.241892,5.334617,0.469447,0.469447,23.082147
3.011539,0.217123,4.036964,0.481736,0.481736,20.391670
4.334057,0.215395,6.215497,0.376742,0.376742,17.467301
4.196007,0.033888,0.463592,0.005184,0.005184,4.702895
3.868545,0.024832,0.339558,0.005024,0.005024,4.242471
4.762960,0.033792,0.423336,0.005184,0.005184,5.229464
4.894386,0.142627,0.771661,0.004224,0.004224,5.817058
4.032867,0.040929,0.508745,0.005088,0.005088,4.591725
4.217799,0.191107,2.031042,0.004576,0.004576,6.448268
5.053941,0.022688,0.297573,0.004864,0.004864,5.382907
4.415914,0.031520,0.389351,0.004896,0.004896,4.845969
4.629517,0.041089,0.514313,0.005184,0.005184,5.194615
5.470236,0.052929,0.644619,0.004960,0.004960,6.177192
6.009189,0.179299,5.426331,0.004672,0.004672,11.623075
4.405610,0.368838,3.202422,0.358086,0.358086,20.019824
4.028964,0.037985,0.494728,0.005056,0.005056,4.570861
4.814384,0.028001,0.364838,0.005184,0.005184,5.216919
4.594381,0.021184,0.267205,0.004896,0.004896,4.892178
4.768112,0.058049,0.632075,0.004544,0.004544,5.466940
4.891378,0.092674,1.059409,0.153443,0.153443,11.972873
5.235224,0.092674,1.501145,0.261253,0.261253,13.317536
5.628798,0.076513,1.724349,0.364742,0.364742,16.126894
5.759681,0.051809,2.118403,0.503785,0.503785,20.057777
5.910564,0.037760,2.410505,0.642923,0.642923,23.019427
6.224233,0.035200,2.768047,0.907983,0.907983,26.672608
6.349514,0.021825,3.095284,1.120659,1.120659,27.118151
6.508269,0.022145,3.469242,37.914813,37.914813,61.288741
6.865428,0.022752,3.843744,1.976897,1.976897,35.872858
7.080086,0.007553,4.308648,1.655515,1.655515,60.957759
4.501228,0.024512,0.314437,0.004993,0.004993,4.849458
5.161047,0.066049,0.687051,0.004289,0.004289,5.922276
3.450490,0.137954,0.728556,0.145602,0.145602,9.214234
4.890131,0.112321,3.304760,0.227140,0.227140,15.321410
5.587614,0.116066,5.922595,0.351013,0.351013,23.136932
6.317290,0.177027,8.204938,0.571306,0.571306,31.247245
6.845075,0.214051,9.972200,0.816206,0.816206,36.874603
7.243130,0.229124,12.862615,1.116499,1.116499,58.387956
7.235226,0.220259,16.603095,1.282870,1.282870,59.385285
7.927173,0.273668,18.952126,56.096557,56.096557,124.408743
8.313932,0.299013,21.165571,0.964400,0.964400,91.691683
8.425101,0.467368,25.405258,1.307926,1.307926,84.248293
8.909174,0.430343,24.476123,2.015330,2.015330,82.089058
9.309596,0.423432,26.569725,1.653148,1.653148,86.403530
9.547232,0.296293,27.634928,2.048483,2.048483,92.478352
9.652226,0.300197,29.983255,2.043011,2.043011,96.576437
9.064568,0.190467,29.974359,2.525258,2.525258,97.584933
10.581649,0.283845,33.312303,2.019489,2.019489,116.254366
8.247595,0.220227,24.328313,2.100580,2.100580,87.390779
10.730260,0.244900,36.831722,2.436361,2.436361,117.415122
10.869750,0.225156,35.910426,2.382312,2.382312,128.290984
10.462479,0.267877,36.494660,3.126516,3.126516,117.911098
10.450224,0.288804,36.860043,2.966322,2.966322,117.880986
9.882790,0.371270,39.662362,3.262391,3.262391,118.049117
9.915110,0.379335,40.386341,3.309367,3.309367,223.283266
7.483230,0.357094,23.860336,2.888305,2.888305,85.948163
7.443485,0.298725,23.845232,3.102644,3.102644,98.264529
6.755186,0.303493,24.050387,3.355608,3.355608,99.075615
9.644642,0.364774,37.327059,2.566348,2.566348,117.065581
10.008648,0.328614,37.490581,2.788398,2.788398,119.268497
7.603552,0.223204,26.563613,3.825888,3.825888,121.196050
10.330861,0.356486,39.407029,4.221767,4.221767,136.608916
9.940519,0.336998,37.840315,3.473594,3.473594,124.348423
8.314860,0.243844,26.903940,3.726110,3.726110,123.704988
10.105034,0.304645,34.007355,4.241128,4.241128,128.921588
7.383356,0.269893,23.838608,3.042419,3.042419,115.052331
9.700419,0.260548,36.415043,5.382554,5.382554,138.568629
6.448684,0.273605,25.508972,3.280119,3.280119,113.920887
9.664930,0.245156,30.770916,3.353496,3.353496,123.820061
9.896518,0.278756,29.848021,3.657917,3.657917,124.284517
10.625426,0.264260,38.008894,4.446795,4.446795,140.819739
9.936679,0.226148,35.660406,4.287496,4.287496,137.583557
10.248428,0.256517,37.694264,5.558206,5.558206,156.154781
9.834533,0.253380,36.360707,3.992067,3.992067,135.897448
10.069801,0.273797,36.846154,5.006484,5.006484,142.059696
10.154250,0.220772,34.634085,4.758224,4.758224,132.961847
9.958504,0.276260,33.021930,5.077941,5.077941,143.543529
9.843813,0.243236,30.677091,4.895762,4.895762,128.460331
9.707490,0.322662,40.696875,4.799313,4.799313,148.058804
9.261148,0.332677,39.604025,4.171366,4.171366,142.848829
9.863141,0.295813,35.577685,4.061604,4.061604,133.700547
10.258509,0.321669,38.531079,5.791969,5.791969,147.407722
8.266347,0.234212,30.618210,4.194182,4.194182,126.251207
9.820453,0.240964,37.487893,6.480621,6.480621,144.050641
9.637666,0.230404,34.470498,4.505164,4.505164,142.605017
8.849236,0.230052,30.527104,6.253097,6.253097,134.692180
7.650176,0.228100,26.243608,3.552796,3.552796,121.464790
7.623808,0.245668,28.515007,5.491581,5.491581,129.474205
6.532334,0.201027,24.895106,4.666446,4.666446,132.140649
5.964356,0.197316,23.785519,6.416044,6.416044,122.784845
7.000726,0.180387,28.229690,5.154230,5.154230,120.845900
8.222922,0.162787,31.768597,4.397258,4.397258,127.147094
8.374829,0.184867,32.952169,3.619004,3.619004,131.771107
8.654001,0.195619,31.376431,4.857329,4.857329,131.374652
7.864964,0.144450,30.352637,4.497324,4.497324,128.630862
7.490622,0.115394,28.166137,5.261624,5.261624,129.215736
5.777281,0.118786,24.186934,4.350281,4.350281,131.822340
5.413562,0.118946,20.283221,3.879617,3.879617,103.097729
5.007252,0.089378,14.587541,6.377611,6.377611,96.284048
8.304876,0.180995,30.310172,5.030453,5.030453,128.510285
8.239082,0.129890,31.594195,3.700958,3.700958,151.964374
6.357067,0.136642,23.462698,5.202007,5.202007,137.234335
8.770995,0.175875,37.514005,4.659310,4.659310,153.385037
8.142409,0.184803,31.172363,6.508526,6.508526,139.024989
7.737762,0.196803,29.125513,4.689423,4.689423,301.574020
9.640162,0.228260,41.086129,4.848337,4.848337,155.363791
9.817861,0.228004,40.904750,4.904082,4.904082,154.517761
8.266347,0.212196,30.614017,3.669501,3.669501,134.858967
9.821157,0.279236,44.472715,4.577453,4.577453,161.586679
9.912839,0.288933,44.835728,5.159127,5.159127,168.031268
10.663474,0.297733,43.546555,5.949956,5.949956,155.631379
7.829540,0.232547,26.915140,3.729822,3.729822,126.363336
10.608370,0.258117,43.839071,6.177351,6.177351,158.880586
10.604626,0.286373,42.799118,5.165398,5.165398,158.024124
7.111128,0.179683,23.103235,4.854610,4.854610,128.568206
11.187740,0.274692,47.247577,5.134262,5.134262,186.174036
12.023722,0.318917,47.138135,3.500635,3.500635,182.949918
9.817093,0.213123,37.842523,5.560509,5.560509,156.725254
9.452831,0.245668,33.521490,4.580717,4.580717,150.168536
12.080043,0.256676,43.138804,4.772272,4.772272,165.586971
12.221101,0.258181,43.459737,6.433260,6.433260,190.309786
10.673523,0.259140,28.039159,4.908851,4.908851,144.938656
9.661506,0.219556,35.162542,6.489101,6.489101,164.108322
9.242779,0.231908,31.456527,4.082596,4.082596,168.236551
7.449341,0.226595,25.327369,5.137270,5.137270,145.167523
6.318154,0.233572,24.725279,5.372250,5.372250,151.203369
8.523151,0.235076,32.530786,8.311884,8.311884,163.972896
7.921893,0.217092,25.331433,3.855137,3.855137,162.030431
9.158042,0.196291,36.906123,5.925955,5.925955,169.600190
9.640417,0.270885,34.519619,5.397595,5.397595,168.419210
5.289497,0.118850,15.115357,4.037252,4.037252,126.344616
8.922166,0.254756,28.987719,6.376395,6.376395,158.068285
8.575216,0.218307,29.885238,3.758463,3.758463,168.909202
9.156410,0.200515,32.914697,6.613423,6.613423,166.526027
10.080521,0.217060,32.985866,6.729265,6.729265,166.255814
10.207115,0.214372,34.140732,6.315370,6.315370,167.405145
10.690067,0.224900,32.331486,4.586509,4.586509,159.792281
8.962422,0.116290,23.894545,5.805025,5.805025,142.908702
10.629907,0.152962,29.053800,6.515886,6.515886,150.031606
12.149420,0.214852,36.370114,6.094214,6.094214,162.368580
12.327663,0.226692,38.652936,5.502620,5.502620,169.009556
12.397680,0.222659,36.779081,4.461611,4.461611,183.702666
11.867591,0.184323,36.684360,6.342090,6.342090,174.322541
11.550626,0.198531,34.835561,4.438314,4.438314,187.562155
11.986953,0.159171,38.489926,6.345803,6.345803,171.239770
5.798113,0.092994,14.110700,4.093284,4.093284,129.851266
9.168506,0.153922,24.614558,3.647006,3.647006,136.871545
11.883240,0.268964,40.339237,4.988500,4.988500,185.206980
12.210509,0.230724,42.490057,3.458490,3.458490,186.338391
13.490307,0.229475,34.145085,4.258984,4.258984,161.311539
8.606513,0.129474,24.865345,7.018005,7.018005,144.938944
13.790087,0.273765,50.187786,4.003875,4.003875,189.611693
13.629349,0.242468,44.848592,4.564684,4.564684,187.862928
13.305183,0.209252,43.613435,5.298841,5.298841,200.472932
12.902233,0.217635,36.792970,4.457259,4.457259,167.344696
13.732998,0.200356,41.637050,7.406396,7.406396,191.413804
12.305071,0.247716,32.805222,4.231687,4.231687,159.476340
8.147945,0.158274,23.468394,6.146503,6.146503,146.074323
13.354240,0.228484,40.951951,3.602845,3.602845,188.275287
13.632645,0.252676,42.019873,5.319450,5.319450,185.728717
12.846808,0.252516,31.458832,6.810866,6.810866,163.034896
9.634818,0.216451,29.570864,6.574703,6.574703,169.476092
8.576208,0.254436,28.212570,7.167288,7.167288,177.144732
10.404206,0.331302,36.267264,5.427387,5.427387,178.748183
10.385615,0.385574,33.523315,4.694894,4.694894,171.275098
9.293436,0.342822,28.804707,4.881778,4.881778,175.644547
8.874037,0.260612,26.887715,7.110071,7.110071,181.159744
10.398990,0.389863,36.507652,5.734400,5.734400,184.027855
10.165706,0.399655,38.148672,5.459612,5.459612,183.401669
10.635218,0.337574,38.064735,7.202905,7.202905,182.332211
11.175868,0.328389,38.477094,6.448236,6.448236,187.033858
10.606289,0.273861,35.471059,5.751777,5.751777,184.580697
8.750546,0.285285,24.602301,5.104598,5.104598,150.997765
9.868550,0.282949,38.466853,7.132248,7.132248,187.707886
9.902439,0.369670,37.715065,4.796240,4.796240,185.591787
9.578529,0.293957,34.879753,5.881667,5.881667,184.895487
8.548239,0.316710,25.064004,7.619552,7.619552,161.500662
4.382282,0.153507,12.090794,6.294442,6.294442,119.864156
6.846931,0.162563,20.631354,7.069238,7.069238,146.253974
6.435692,0.193668,18.968126,4.943763,4.943763,138.517109
8.549775,0.242948,28.669505,5.712128,5.712128,176.075754
7.600735,0.250277,29.030311,5.614110,5.614110,173.927014
7.347323,0.230084,24.870977,6.805714,6.805714,161.311219
4.821137,0.120866,13.761447,7.566111,7.566111,139.541734
6.481324,0.175427,17.647912,6.996629,6.996629,135.743429
6.346987,0.243908,22.327638,6.697361,6.697361,156.840840
7.327931,0.300261,26.573950,5.438300,5.438300,163.147474
7.820387,0.394438,24.958691,8.479726,8.479726,167.254678
8.270091,0.326757,24.367449,5.663840,5.663840,164.166787
6.750513,0.317541,20.144082,7.503006,7.503006,154.570465
6.611151,0.271876,17.175552,5.333465,5.333465,147.199365
7.890692,0.273861,24.139061,7.448605,7.448605,157.777943
7.386204,0.218275,23.393705,5.170615,5.170615,157.876377
6.198024,0.202596,18.055343,6.175016,6.175016,138.082861
7.419068,0.241764,23.448938,5.231831,5.231831,155.169963
6.637039,0.259140,21.269093,4.434890,4.434890,153.498223
6.348971,0.270500,20.145746,4.410954,4.410954,152.714915
6.494029,0.263493,20.580473,4.421482,4.421482,146.213206
6.398699,0.292421,22.055378,2.996627,2.996627,153.800213
6.710960,0.334694,23.529547,4.309001,4.309001,148.818657
6.356331,0.294693,24.492283,3.951394,3.951394,156.379168
6.175047,0.358630,22.716765,4.377737,4.377737,144.566585
7.018198,0.276325,23.874448,4.524236,4.524236,136.795575
7.328219,0.226019,25.895667,5.639903,5.639903,147.205062
7.279418,0.203011,22.875424,4.334953,4.334953,133.891878
7.158809,0.212515,24.696255,5.162039,5.162039,137.712551
7.104279,0.226372,23.614892,3.159221,3.159221,135.417184
6.480621,0.235492,21.976432,5.171254,5.171254,133.828581
5.319609,0.274821,18.657625,4.331688,4.331688,135.059322
4.907090,0.243044,17.929133,3.073939,3.073939,133.878246
5.060181,0.212708,18.198033,4.619854,4.619854,136.785624
5.130326,0.172259,17.935469,4.082340,4.082340,133.515008
4.458731,0.165122,16.001101,4.686702,4.686702,74.840135
4.823409,0.159843,14.712983,4.505483,4.505483,74.577475
4.733007,0.153667,15.383010,3.806528,3.806528,135.631715
4.362090,0.161922,15.699720,4.319401,4.319401,69.810420
4.439466,0.187108,14.637557,5.831362,5.831362,79.310643
4.157766,0.185827,13.402401,4.102405,4.102405,78.872715
4.448907,0.155843,13.949546,3.998851,3.998851,76.801961
3.757055,0.134211,12.622131,4.032644,4.032644,72.070042
4.688303,0.166979,14.772536,4.881874,4.881874,76.268352
4.651118,0.138658,13.804744,2.585483,2.585483,133.339037
5.280056,0.243460,16.907100,3.440346,3.440346,126.355848
4.831761,0.247524,15.519204,3.543003,3.543003,122.576552
4.651150,0.232036,15.456835,3.366009,3.366009,110.921477
2.178021,0.139106,6.360203,3.432825,3.432825,39.280947
3.468474,0.159491,11.041209,3.492986,3.492986,67.682159
4.018083,0.110978,12.193421,2.174020,2.174020,66.786977
5.254936,0.143555,15.953867,3.552283,3.552283,114.385183
3.590685,0.104033,9.081561,3.489786,3.489786,87.247416
4.732112,0.208579,12.433969,2.577579,2.577579,93.281853
5.347737,0.209284,15.589029,4.790865,4.790865,116.404353
5.772161,0.194083,17.761738,3.438970,3.438970,122.942351
5.544317,0.253156,16.256849,2.537227,2.537227,110.968550
5.016501,0.317797,15.660199,3.182485,3.182485,122.762988
4.714480,0.349477,14.428243,2.601195,2.601195,128.728720
5.473308,0.291012,17.661993,2.835183,2.835183,120.142880
6.050053,0.381798,22.292822,3.899169,3.899169,130.813266
6.330122,0.294501,21.334662,3.584956,3.584956,123.200883
6.198504,0.322277,23.387816,3.134517,3.134517,125.414008
7.187801,0.329126,23.818447,3.367832,3.367832,132.298284
6.841394,0.296901,23.596876,3.653277,3.653277,133.536032
6.715953,0.304645,22.901408,3.643934,3.643934,132.091625
7.367516,0.332549,25.776401,3.765279,3.765279,131.625024
8.482190,0.291333,31.010248,3.870209,3.870209,135.289374
6.745169,0.255524,23.086659,3.009267,3.009267,119.569142
9.319997,0.333125,32.624708,4.350057,4.350057,136.487794
7.622848,0.222276,22.193140,4.836466,4.836466,117.731000
7.943686,0.250756,25.498156,4.720911,4.720911,130.398540
7.755842,0.194819,25.476044,4.910451,4.910451,127.845057
6.727345,0.165059,22.889472,4.329929,4.329929,129.314298
6.051845,0.165539,20.213299,5.542717,5.542717,116.172093
3.217398,0.101313,9.481855,5.447323,5.447323,85.246838
5.150711,0.165634,19.782956,5.435803,5.435803,123.989952
4.671790,0.132610,18.245842,4.738288,4.738288,114.316734
4.607213,0.119458,17.397060,6.737649,6.737649,128.799441
4.543212,0.118306,18.368661,7.023510,7.023510,120.961710
1.876960,0.053057,6.315754,4.740783,4.740783,41.549465
2.485737,0.053377,7.794947,5.447099,5.447099,47.766113
2.337223,0.066625,7.329339,4.115301,4.115301,46.003204
3.855329,0.072993,13.929706,6.631759,6.631759,75.266127
3.342393,0.077441,12.901848,5.697632,5.697632,80.657066
3.116436,0.079874,11.920040,6.590927,6.590927,101.698251
3.155445,0.039617,9.899942,6.711376,6.711376,72.785893
2.975154,0.083618,10.589041,7.027222,7.027222,73.008585
2.678349,0.114914,10.124330,6.619695,6.619695,70.461118
2.788719,0.067777,9.987880,7.672161,7.672161,73.521202
2.450250,0.072801,9.479743,5.534269,5.534269,87.394939
2.519146,0.048353,9.380605,6.441676,6.441676,70.567584
2.382216,0.045281,9.565953,6.718385,6.718385,72.695588
2.396520,0.049825,8.319563,8.197129,8.197129,74.549506
2.771022,0.063169,8.418382,8.281483,8.281483,73.774454
2.277670,0.044673,8.011015,6.867539,6.867539,72.040249
1.946401,0.061441,7.468477,7.301434,7.301434,58.338515
1.649660,0.041856,6.510061,7.867012,7.867012,52.895351
0.977648,0.038785,3.446234,6.459564,6.459564,47.565726
1.058482,0.022400,4.938099,6.238121,6.238121,69.074471
0.967376,0.013888,4.184102,5.313433,5.313433,55.615557
1.407096,0.034048,6.780658,4.730928,4.730928,44.665134
0.984433,0.028224,4.991636,3.605948,3.605948,40.375045
1.332726,0.063745,5.843458,6.500077,6.500077,44.012162
1.452280,0.062241,5.525821,4.619181,4.619181,38.651912
1.642651,0.055233,7.140216,14.211694,14.211694,58.200368
2.287943,0.090081,10.368974,5.740289,5.740289,50.013576
2.261766,0.082209,9.316988,3.233911,3.233911,45.290008
2.360168,0.130050,10.515312,3.404570,3.404570,46.451756
2.898064,0.141251,11.446720,4.961780,4.961780,54.059339
3.077748,0.098178,14.558452,3.191350,3.191350,61.709452
3.425113,0.100130,14.448562,3.599836,3.599836,61.599305
3.788191,0.126658,15.989357,4.470443,4.470443,63.963057
3.941794,0.122274,16.981373,4.038627,4.038627,49.464637
3.911714,0.080705,17.281090,4.724687,4.724687,100.007278
3.285656,0.080737,12.694645,3.567867,3.567867,42.733453
4.600269,0.097858,19.441062,3.179478,3.179478,106.666238
3.515483,0.078593,13.837768,3.871009,3.871009,85.467866
5.645407,0.112738,23.265606,4.048484,4.048484,110.620256
5.876419,0.126498,24.189974,4.115333,4.115333,110.524863
7.372987,0.208420,32.075706,3.840545,3.840545,127.956067
7.475550,0.283908,33.432209,3.712414,3.712414,122.136065
7.368955,0.315334,32.448512,2.925489,2.925489,124.266277
7.467678,0.281668,30.699908,2.657165,2.657165,124.157188
6.439468,0.271141,26.966564,3.000530,3.000530,117.979323
6.797074,0.214916,26.925731,4.586349,4.586349,118.167519
5.849731,0.156546,25.424459,3.618557,3.618557,107.615854
5.162039,0.182403,22.055730,5.198199,5.198199,113.859639
4.164390,0.187203,20.746428,4.217063,4.217063,81.603353
4.549548,0.187459,24.396089,8.455342,8.455342,118.869706
6.335178,0.202211,26.896676,6.599663,6.599663,129.584094
7.597151,0.287333,32.825799,5.661215,5.661215,126.184389
6.958228,0.305477,31.323118,5.714976,5.714976,130.889492
7.626112,0.318373,33.317839,6.671376,6.671376,124.922000
7.669153,0.260132,30.593729,5.339962,5.339962,122.896590
7.476286,0.234468,30.460159,4.021443,4.021443,121.300307
6.014629,0.264036,30.302365,4.640270,4.640270,124.703436
8.447182,0.308485,43.546747,4.050436,4.050436,143.035968
9.087001,0.256836,38.999407,6.224136,6.224136,143.083745
9.465438,0.258181,39.152273,4.357353,4.357353,139.450243
9.432927,0.207843,37.298130,5.106038,5.106038,147.047140
7.659744,0.203364,28.249498,3.868705,3.868705,127.037011
8.029479,0.143778,26.762593,5.163479,5.163479,124.707821
8.477710,0.193923,30.811781,5.377466,5.377466,137.376961
7.658081,0.208611,31.001480,4.688527,4.688527,138.368050
9.263932,0.303493,40.307812,6.747889,6.747889,157.163373
6.099751,0.178147,15.394946,6.223112,6.223112,111.392141
4.406730,0.190500,13.961258,4.457355,4.457355,109.146088
8.098888,0.219299,28.719458,4.504108,4.504108,139.012764
7.313754,0.178947,27.015974,5.881091,5.881091,140.658840
7.208377,0.246372,28.703329,4.813905,4.813905,142.953214
6.825298,0.216548,27.807411,5.656703,5.656703,146.794143
9.389085,0.388903,41.308181,4.790609,4.790609,180.881851
9.710307,0.444168,37.426132,4.691791,4.691791,164.285061
9.474591,0.457128,40.923599,3.827904,3.827904,185.230500
7.313018,0.364870,29.401358,5.366906,5.366906,160.814186
4.989332,0.208931,16.657656,6.072390,6.072390,135.589027
6.457932,0.242884,20.229459,6.774482,6.774482,146.316983
5.512509,0.182627,18.662745,5.330969,5.330969,140.224913
6.520141,0.174211,23.396808,6.135399,6.135399,151.933365
6.065061,0.176483,18.994047,5.058773,5.058773,142.773403
6.025989,0.184515,18.366324,5.208023,5.208023,142.532599
5.789761,0.172643,17.613095,6.422220,6.422220,140.624855
5.207192,0.193571,16.858523,5.631422,5.631422,137.973387
5.296281,0.156963,17.005309,7.612159,7.612159,138.112941
5.406843,0.164194,16.735385,5.402587,5.402587,136.209389
5.056533,0.191811,17.356739,4.673391,4.673391,135.007449
5.364058,0.172579,18.267027,5.509533,5.509533,137.687911
4.700751,0.170499,22.065618,6.389195,6.389195,139.583046
4.834641,0.198787,22.442777,6.662704,6.662704,142.407029
6.052294,0.240324,28.101815,6.380332,6.380332,194.315837
6.512237,0.306981,30.476991,5.122134,5.122134,156.902120
8.379981,0.341829,41.845822,6.285226,6.285226,183.610025
10.607346,0.455720,54.867865,5.513597,5.513597,195.332238
11.208348,0.390247,55.168765,5.516093,5.516093,199.880186
11.395968,0.373958,52.948760,4.704751,4.704751,199.577429
11.813062,0.386374,51.916040,5.702752,5.702752,203.249426
12.381264,0.372358,52.943096,8.684690,8.684690,207.855360
8.489743,0.280389,34.690886,9.276540,9.276540,187.125476
8.754995,0.280229,36.081213,7.952166,7.952166,191.362155
12.616340,0.377702,52.370159,9.050488,9.050488,205.319797
12.865528,0.386631,53.643844,9.336157,9.336157,206.676876
12.406288,0.371174,51.247644,9.249051,9.249051,214.213930
12.439953,0.349766,45.166293,7.195353,7.195353,206.272517
7.622752,0.228068,26.790753,9.691651,9.691651,163.246995
6.349418,0.119138,20.684827,8.631953,8.631953,154.925383
6.633199,0.147203,20.921951,10.898711,10.898711,155.498513
11.760102,0.225219,35.976988,7.716417,7.716417,217.017337
6.341866,0.136770,21.089922,8.734834,8.734834,154.288508
6.118983,0.133986,19.201954,8.490639,8.490639,152.309788
5.777537,0.154690,18.270387,6.321258,6.321258,144.734556
5.712704,0.154114,18.064687,9.025783,9.025783,144.938399
5.737825,0.184035,17.453797,8.775380,8.775380,145.197477
5.235576,0.204964,16.898747,7.419548,7.419548,142.725179
4.606125,0.215460,14.963643,7.892485,7.892485,139.390243
4.233223,0.270405,12.676500,6.887732,6.887732,78.174304
4.678575,0.257156,17.192224,7.218745,7.218745,82.985840
6.332715,0.202883,22.877888,9.693347,9.693347,154.529825
5.066069,0.174435,19.833613,9.085368,9.085368,143.115393
5.536637,0.241636,21.960145,7.624192,7.624192,143.369478
5.797985,0.194659,21.941232,11.453696,11.453696,146.523674
5.354650,0.173315,19.873261,7.297402,7.297402,136.957754
5.607295,0.221187,21.521609,9.681794,9.681794,141.484038
8.252971,0.254532,36.794217,8.005767,8.005767,170.614479
8.715378,0.270917,39.691994,8.193257,8.193257,191.575758
8.538831,0.236900,33.221677,9.855590,9.855590,161.052942
9.802436,0.208707,43.004850,8.337260,8.337260,189.872145
10.932632,0.327813,45.053684,10.276269,10.276269,185.733133
10.595890,0.343238,43.581979,11.577955,11.577955,128.821650
9.470431,0.420871,49.159513,9.120729,9.120729,186.920320
6.603790,0.340902,27.000805,16.480756,16.480756,160.299937
9.110745,0.379815,38.673000,13.435681,13.435681,192.674209
9.097081,0.294117,38.317986,11.623299,11.623299,169.002835
8.372684,0.237348,38.370628,10.569809,10.569809,163.905150
7.647841,0.214307,40.789229,9.329565,9.329565,170.801170
8.368044,0.252196,45.639710,7.944774,7.944774,185.773581
8.103368,0.308358,42.438280,7.974278,7.974278,166.081091
8.701810,0.321669,50.443375,8.352204,8.352204,194.912326
8.338412,0.283717,33.155724,9.829285,9.829285,153.859381
6.267817,0.128418,25.029956,9.560864,9.560864,136.756918
6.385035,0.145251,27.330346,10.086633,10.086633,139.232256
6.055974,0.134946,24.988835,9.642594,9.642594,138.336081
6.414987,0.140771,24.224246,10.966936,10.966936,143.871502
6.581551,0.135458,25.421195,14.514579,14.514579,144.575514
5.055957,0.113441,19.306948,9.546496,9.546496,140.499029
5.421531,0.144450,18.975358,9.779525,9.779525,137.854985
6.505677,0.114690,25.126661,9.932743,9.932743,148.859553
9.851589,0.203651,48.331275,10.472400,10.472400,187.998130
8.427917,0.201987,32.103483,9.121081,9.121081,148.389209
9.852933,0.211940,36.231071,14.082380,14.082380,162.185505
7.400284,0.111906,19.559304,11.120282,11.120282,132.083336
10.694739,0.195908,40.428678,9.793700,9.793700,160.945132
12.021418,0.194243,46.304425,11.158075,11.158075,194.068024
8.857269,0.176227,30.754916,10.524209,10.524209,150.263418
8.861045,0.154915,28.267546,10.525200,10.525200,140.895484
9.783077,0.138562,28.541951,8.896405,8.896405,145.751918
14.484083,0.206084,50.072360,11.985001,11.985001,203.344596
8.595888,0.162499,23.166436,9.824741,9.824741,141.942765
10.651667,0.132354,29.295659,11.244412,11.244412,151.846548
8.230058,0.117346,23.002754,10.618386,10.618386,140.323858
8.518127,0.090529,23.065347,11.387231,11.387231,143.078720
8.417390,0.142082,23.987155,11.410495,11.410495,144.113810
7.737410,0.130466,22.390104,10.218284,10.218284,138.563509
9.066904,0.103650,26.534237,11.509153,11.509153,148.335833
7.719009,0.120226,21.542794,13.152412,13.152412,149.451755
7.415836,0.114818,21.704236,10.926072,10.926072,138.821305
8.258090,0.142274,24.822305,12.804919,12.804919,145.198532
8.434734,0.142466,25.888978,12.717973,12.717973,148.519292
8.177866,0.134242,24.574428,10.687475,10.687475,145.960305
8.321643,0.132514,26.081142,13.445122,13.445122,146.808127
7.852612,0.140258,24.587516,10.845014,10.845014,142.278995
15.702375,0.209156,45.950371,13.735943,13.735943,193.634769
11.669540,0.205507,36.035805,12.517554,12.517554,162.079455
8.401229,0.103969,26.270521,9.224891,9.224891,144.841758
8.230506,0.119746,26.974949,12.130923,12.130923,146.378360
7.555423,0.143618,24.901346,9.891301,9.891301,141.295682
8.344108,0.138882,31.091114,12.112363,12.112363,153.857269
15.044252,0.298757,49.629921,11.953480,11.953480,191.124678
11.038681,0.191299,42.812751,8.418765,8.418765,175.259164
16.052462,0.242276,56.030156,12.349039,12.349039,194.704227
14.782520,0.268197,54.339376,11.390495,11.390495,195.470864
10.710516,0.200707,35.127982,13.305311,13.305311,163.325460
13.561476,0.267588,46.576590,12.534707,12.534707,190.163767
13.856328,0.280549,53.309439,9.024119,9.024119,188.954338
10.913911,0.277508,42.947281,14.556756,14.556756,171.810306
9.767620,0.273156,44.153669,11.736645,11.736645,182.483990
9.073688,0.313285,34.807304,12.893337,12.893337,160.505029
9.338620,0.265797,40.734347,10.470608,10.470608,170.845522
14.638293,0.436616,53.712325,12.696085,12.696085,194.620577
12.725877,0.339046,48.579791,9.992648,9.992648,192.090295
9.038487,0.247396,37.577431,13.979563,13.979563,170.221096
11.981353,0.268900,40.582857,11.556130,11.556130,194.785252
8.795667,0.192451,38.657801,10.340014,10.340014,195.557905
12.701205,0.290085,52.542705,15.637447,15.637447,198.230558
9.614913,0.533993,42.436712,11.231452,11.231452,192.442173
12.664437,0.285893,51.502720,11.028921,11.028921,192.856676
12.311310,0.239876,59.016894,12.557074,12.557074,207.111218
15.361730,0.262884,57.600935,14.168941,14.168941,211.184055
17.538278,0.273572,61.601706,13.042619,13.042619,212.497421
17.387268,0.320709,59.603784,12.182604,12.182604,212.782898
11.499489,0.201283,39.322324,13.310783,13.310783,193.445197
11.524290,0.192643,37.207248,11.341822,11.341822,197.407024
11.332094,0.193539,35.880506,16.388947,16.388947,197.088363
11.124858,0.207076,35.121453,14.130093,14.130093,194.857701
10.741300,0.198756,33.895800,14.535092,14.535092,194.490687
11.841799,0.223716,33.474641,17.903757,17.903757,202.494886
11.358111,0.180707,32.663332,19.581160,19.581160,203.540663
9.959751,0.160643,28.249594,11.514593,11.514593,171.252761
13.310559,0.184452,37.461908,16.123534,16.123534,204.679786
9.802949,0.143650,28.342140,13.081947,13.081947,169.501724
13.525795,0.176995,39.071535,18.648793,18.648793,201.478644
10.351182,0.138626,31.446351,11.844871,11.844871,171.593919
12.277806,0.166019,38.691657,16.098542,16.098542,206.603850
10.623923,0.151202,31.386799,12.325902,12.325902,173.201050
8.977974,0.111074,27.471373,15.245120,15.245120,172.954646
11.479873,0.139394,36.598342,12.079179,12.079179,200.785641
12.017354,0.175011,34.663461,20.965855,20.965855,197.012425
9.558944,0.148035,28.118839,14.773975,14.773975,173.676802
13.622660,0.188803,39.191986,12.701429,12.701429,200.217311
9.924423,0.175938,31.015209,18.874621,18.874621,184.244403
11.524962,0.192483,34.223550,12.459505,12.459505,193.858453
10.244876,0.150403,29.281547,17.667304,17.667304,183.277795
11.425824,0.159970,40.732716,16.080046,16.080046,202.110047
11.162267,0.190723,40.120673,19.692907,19.692907,199.794104
9.768227,0.165667,36.392131,19.132385,19.132385,207.555738
9.475039,0.172739,36.526661,15.765640,15.765640,197.860695
10.255596,0.168643,38.601640,16.192496,16.192496,199.019083
9.713987,0.172387,32.750150,17.492710,17.492710,204.283684
9.257915,0.176035,33.158732,14.524308,14.524308,200.047356
10.169418,0.152771,39.291059,21.551977,21.551977,205.027407
8.853941,0.162338,31.220972,17.598311,17.598311,203.182481
9.507263,0.184355,32.758534,22.860224,22.860224,205.174162
14.776344,0.323845,48.217513,15.022652,15.022652,217.675396
14.328497,0.358406,51.120089,15.976524,15.976524,219.674598
14.551349,0.381382,57.379555,16.306962,16.306962,232.254041
13.839400,0.311493,60.730459,14.203406,14.203406,253.539517
14.635381,0.370214,59.149025,13.779944,13.779944,227.453288
14.468179,0.291077,54.766615,15.679207,15.679207,229.177573
15.252576,0.283269,57.934604,16.153551,16.153551,253.169080
15.895723,0.299365,58.053710,14.114796,14.114796,230.075605
15.923276,0.276356,52.641139,17.602024,17.602024,225.562185
16.522677,0.223236,53.306238,15.859882,15.859882,231.615534
10.859446,0.182563,36.444132,16.193552,16.193552,202.510502
10.233451,0.166371,26.322202,16.966525,16.966525,200.762664
18.463318,0.257540,45.609437,17.562695,17.562695,226.722332
10.571601,0.194339,37.283634,14.206191,14.206191,205.808413
8.975799,0.178019,26.396250,22.817183,22.817183,207.283574
9.006487,0.164739,25.620334,19.917326,19.917326,207.131987
8.539183,0.151074,24.106741,13.921962,13.921962,200.830121
10.032712,0.177539,30.369854,18.076207,18.076207,211.015860
8.634545,0.187427,24.483675,18.176337,18.176337,206.817006
9.088696,0.179811,23.315143,16.662807,16.662807,204.591176
9.288124,0.173859,26.005076,15.953388,15.953388,198.906569
9.500960,0.166435,26.518908,19.530792,19.530792,204.942479
8.477422,0.165635,25.968307,14.791032,14.791032,201.339826
9.204539,0.187139,27.878643,18.064303,18.064303,198.847976
15.268480,0.265284,42.435048,13.488162,13.488162,219.960394
16.632375,0.303397,45.183926,17.384099,17.384099,222.951068
10.301261,0.198339,34.747175,16.506805,16.506805,203.050543
8.077063,0.143842,23.351112,17.053854,17.053854,180.560533
10.363950,0.185635,29.125768,17.955725,17.955725,205.609977
8.487118,0.198083,24.639134,19.478791,19.478791,196.351678
7.665633,0.168195,21.328422,14.638838,14.638838,173.915750
10.745269,0.201059,30.121529,16.112111,16.112111,199.099437
8.482670,0.168067,26.964740,15.388962,15.388962,178.663285
11.506977,0.195939,36.140766,17.171520,17.171520,196.724612
8.552719,0.198980,26.127798,14.414482,14.414482,176.375631
10.579154,0.258020,32.031994,13.098780,13.098780,196.907688
6.418252,0.197763,17.799851,16.449268,16.449268,160.550342
6.208168,0.148323,16.740409,16.459636,16.459636,89.456413
5.946244,0.144642,14.117965,13.237598,13.237598,147.890577
6.395596,0.165026,17.451429,11.611811,11.611811,152.431774
6.539693,0.119587,17.442980,16.140783,16.140783,152.723874
6.487245,0.111649,15.859595,11.265982,11.265982,148.818017
5.900931,0.114754,16.270129,12.269038,12.269038,148.144309
5.812033,0.107458,15.336353,12.814071,12.814071,146.470617
6.186280,0.120802,16.686008,15.698728,15.698728,149.245640
10.758004,0.193571,31.703156,12.389711,12.389711,179.814600
9.505184,0.194659,34.463394,12.957881,12.957881,179.283712
8.465838,0.174243,33.064779,10.674099,10.674099,177.319295
10.157291,0.221923,37.739481,13.964138,13.964138,194.312220
8.262794,0.197027,25.178631,10.665587,10.665587,159.071212
5.410298,0.152835,16.805434,9.713795,9.713795,145.394311
5.870147,0.131106,17.400292,13.452226,13.452226,148.234551
5.958596,0.104673,19.672298,10.510161,10.510161,141.861516
5.622463,0.109377,17.322787,10.300397,10.300397,143.676107
5.561693,0.133410,17.645448,6.461900,6.461900,75.914457
8.171177,0.123810,23.925810,9.532544,9.532544,142.379093
9.291260,0.125346,28.499679,9.892486,9.892486,146.073491
8.173065,0.112034,25.213063,12.124555,12.124555,140.443124
7.849987,0.124227,25.351049,8.132328,8.132328,80.908045
8.735571,0.156067,29.175625,8.394733,8.394733,151.604528
7.409660,0.084225,23.468522,8.121608,8.121608,82.932815
5.423611,0.083617,20.800317,9.530496,9.530496,79.099343
5.935107,0.086370,21.619466,8.674098,8.674098,76.167422
7.521534,0.146434,27.061478,9.290332,9.290332,90.499694
8.154953,0.205444,29.228138,10.660275,10.660275,93.915432
