#Stereo rect[ms], MP culling[ms], MP creation[ms], LBA[ms], KF culling[ms], Total[ms]
9.182496,0.052545,0.593960,0.014753,0.014753,9.855306
9.743401,0.189986,2.036221,0.004672,0.004672,11.978472
10.458195,0.306340,7.620779,0.429126,0.429126,38.791999
10.606357,0.439782,15.861214,0.725066,0.725066,58.836664
11.272509,0.458343,15.643387,0.819467,0.819467,59.184828
11.475040,0.454631,20.443326,1.142896,1.142896,70.353944
10.986586,0.589832,17.258322,1.306866,1.306866,68.454238
11.439489,0.403525,13.320123,1.375859,1.375859,59.645379
12.149002,0.399718,29.322618,1.442356,1.442356,86.492698
12.538479,0.557192,39.101027,38.317273,38.317273,136.042256
13.337051,0.513927,33.443284,1.645719,1.645719,92.402573
13.479485,0.508711,28.189707,1.783993,1.783993,87.010018
13.272794,0.362661,26.465138,1.946364,1.946364,86.864288
11.440352,0.379269,31.137460,2.154046,2.154046,94.868080
14.269032,0.335396,43.329247,2.264192,2.264192,122.968665
14.822831,0.345733,52.469375,3.404880,3.404880,136.316116
16.767723,0.634505,46.058116,2.877064,2.877064,130.603780
16.956237,0.396262,37.856626,3.017739,3.017739,120.013168
16.271203,0.424934,40.224147,3.225933,3.225933,125.567421
15.456633,0.312644,37.634863,3.783861,3.783861,135.986415
14.742254,0.391366,45.254201,4.100217,4.100217,251.152443
18.244416,0.464422,56.022960,5.118600,5.118600,155.504353
18.474467,0.448966,46.697869,4.543487,4.543487,148.577695
18.172798,0.386342,45.687135,4.895620,4.895620,151.009409
19.200876,0.385606,47.594746,4.671489,4.671489,150.583899
12.500591,0.397414,56.062768,4.142554,4.142554,152.172562
19.858902,0.508807,51.314926,4.960869,4.960869,164.577279
19.906743,0.663369,49.333907,5.978324,5.978324,166.867488
12.261644,0.250916,24.404949,6.021140,6.021140,129.611670
19.561425,0.321093,39.190916,6.274968,6.274968,157.370842
17.633847,0.314148,41.465541,7.555882,7.555882,162.872840
10.522740,0.234467,22.746654,4.469919,4.469919,131.786709
13.297659,0.459110,37.261801,6.868768,6.868768,167.858382
14.379081,0.631977,44.303276,4.319868,4.319868,160.439430
14.643213,0.411846,45.516829,5.889906,5.889906,160.332356
15.078067,0.419174,46.570764,7.199845,7.199845,162.990570
15.177268,0.435686,43.319007,4.282428,4.282428,155.857285
15.270582,0.331525,37.577326,6.948161,6.948161,150.401561
15.317239,0.473478,44.571824,5.471180,5.471180,152.975389
14.445098,0.507303,49.350963,4.006968,4.006968,162.645252
11.621571,0.440134,40.983902,5.856882,5.856882,155.367551
11.443904,0.537191,40.758907,5.597934,5.597934,152.630648
11.003706,0.680969,37.184585,4.475358,4.475358,145.229168
14.251144,0.566024,45.147000,5.881747,5.881747,161.143952
12.408430,0.454086,42.562740,7.496105,7.496105,155.602338
15.625307,0.486439,52.131321,5.155368,5.155368,160.241891
11.423711,0.362406,30.550955,5.260042,5.260042,135.258597
16.144258,0.500871,40.185618,6.324504,6.324504,157.565085
12.115594,0.457574,35.814453,3.781205,3.781205,131.408015
12.055401,0.325572,35.546578,7.531946,7.531946,135.519401
15.875902,0.488743,40.140018,4.186427,4.186427,157.230009
16.565864,0.390438,45.578653,5.837489,5.837489,156.043880
14.785807,0.351717,44.203499,4.468990,4.468990,150.417786
16.251875,0.474631,52.289884,7.508137,7.508137,168.861339
9.055102,0.399174,23.941039,4.264348,4.264348,121.400579
12.883732,0.454278,33.008238,6.490234,6.490234,141.956898
15.574426,0.641513,40.945693,4.181882,4.181882,159.222228
15.979392,0.340229,48.738890,5.783985,5.783985,188.620080
16.976622,0.519271,53.401580,5.519822,5.519822,172.783763
9.289666,0.404198,28.284044,4.532223,4.532223,127.340535
13.762849,0.478598,35.427536,5.477356,5.477356,142.346184
16.784523,0.488807,48.662825,4.716098,4.716098,161.365011
15.028818,0.296804,38.353529,6.688285,6.688285,150.287095
13.935555,0.294116,34.399297,4.490335,4.490335,138.699637
14.721006,0.287268,33.847674,7.460360,7.460360,146.828071
12.717874,0.344581,35.631090,6.403130,6.403130,141.461852
15.035186,0.482215,50.126909,4.304412,4.304412,133.576941
15.174676,0.614537,51.833717,6.965698,6.965698,319.346709
7.836046,0.606984,26.021133,7.171461,7.171461,133.555278
13.933795,0.925805,38.310809,3.922871,3.922871,159.444280
13.894755,0.836779,43.888167,6.928417,6.928417,157.407259
10.656021,0.636361,40.696218,6.892928,6.892928,141.715167
11.544449,0.609929,41.283810,5.402188,5.402188,141.331706
11.820773,0.726923,43.427199,7.050979,7.050979,142.632140
11.178653,0.686345,42.068589,6.057397,6.057397,109.020598
8.071633,0.519815,30.284200,4.022104,4.022104,118.206934
6.802143,0.312901,22.692573,6.024789,6.024789,102.089845
13.610942,0.444390,34.530948,5.880242,5.880242,130.450593
12.917365,0.423046,40.799451,6.425402,6.425402,138.817879
11.945703,0.508519,46.544076,6.033716,6.033716,152.270451
12.338285,0.580584,33.345843,5.547757,5.547757,130.468386
13.604382,0.720554,41.424740,4.107577,4.107577,144.137281
9.062239,0.514183,33.638807,5.100295,5.100295,128.755850
12.548495,0.643945,39.035427,6.357977,6.357977,135.813868
14.654509,0.781451,45.045527,6.048724,6.048724,150.129781
14.133030,0.700970,47.322038,7.492233,7.492233,153.491364
12.063081,0.621641,42.814263,5.335915,5.335915,143.363479
14.455882,0.867980,49.513205,6.353593,6.353593,151.886797
13.389500,0.502407,56.191058,6.326616,6.326616,161.255217
14.735886,0.630889,54.061013,6.835584,6.835584,156.035016
13.347323,0.565959,45.985380,4.276988,4.276988,148.778562
16.348581,0.779754,60.519567,7.222405,7.222405,169.186176
10.378129,0.317733,36.756674,5.262090,5.262090,134.655133
13.052119,0.553256,41.953995,5.694672,5.694672,142.135206
13.933443,0.534216,46.954353,5.961459,5.961459,145.804537
12.725395,0.538215,46.401449,6.811808,6.811808,151.059587
15.054515,0.646697,54.155222,6.763199,6.763199,164.992037
15.123923,0.637129,41.899627,7.892975,7.892975,153.261793
15.688571,0.677002,60.839123,5.217865,5.217865,174.217958
15.728092,0.652426,61.176536,6.576156,6.576156,176.244035
15.939103,0.489158,56.708698,5.514958,5.514958,193.049678
13.303194,0.540455,49.928667,7.038531,7.038531,171.867877
13.479805,0.454246,53.113191,6.465499,6.465499,196.393245
12.583760,0.354213,39.560041,4.987621,4.987621,148.524190
11.192637,0.318244,32.671849,6.162614,6.162614,143.637722
11.451073,0.252099,42.797527,6.272856,6.272856,163.791189
10.911513,0.204035,37.631982,4.942437,4.942437,152.308532
12.372941,0.246883,37.778513,7.288518,7.288518,160.172226
12.678450,0.239395,40.657753,6.616285,6.616285,162.517059
13.075799,0.174243,39.045794,6.546140,6.546140,163.553394
13.648991,0.170754,32.624649,6.523004,6.523004,163.095083
14.154278,0.137762,30.441866,5.477229,5.477229,171.994408
14.195431,0.108065,26.950137,5.594382,5.594382,158.832815
14.749358,0.083106,24.287252,5.990644,5.990644,158.939249
15.445816,0.083489,22.319865,7.973935,7.973935,168.202642
16.276163,0.062913,23.284774,7.566026,7.566026,169.586565
16.377766,0.070561,25.277089,9.437700,9.437700,164.623233
17.164080,0.100097,25.433636,9.379619,9.379619,173.286041
17.492885,0.094049,24.274676,7.869839,7.869839,219.879238
17.787193,0.140866,24.215571,8.971549,8.971549,163.954870
18.442690,0.121858,24.618840,6.162135,6.162135,162.176734
13.783681,0.063937,17.194705,8.560760,8.560760,141.918499
17.300434,0.112994,18.601668,7.837230,7.837230,93.861122
20.432766,0.103809,28.862676,10.249295,10.249295,198.065972
21.082119,0.076993,28.371501,8.947998,8.947998,159.866558
21.623278,0.084513,27.828646,9.304419,9.304419,163.042058
20.509183,0.096098,25.663975,10.739670,10.739670,164.908068
24.046481,0.077697,29.726656,10.206671,10.206671,193.642359
24.801435,0.089569,28.627441,9.945003,9.945003,172.297291
25.517253,0.078977,29.621407,9.804362,9.804362,173.874882
25.676487,0.059937,28.211275,10.078925,10.078925,180.792322
25.860714,0.071585,28.740914,10.066157,10.066157,177.510612
24.061105,0.067649,27.847813,8.708410,8.708410,171.240221
27.190908,0.069153,28.527536,10.792055,10.792055,173.158263
25.360611,0.093506,26.536051,12.234732,12.234732,169.200065
18.776391,0.099937,18.216287,10.146766,10.146766,173.996356
20.461374,0.131554,25.978092,11.492033,11.492033,164.028472
11.635075,0.088321,12.506479,9.660583,9.660583,126.759374
19.881398,0.143362,20.757379,10.839096,10.839096,154.665653
18.443426,0.184483,26.684438,9.570662,9.570662,163.462032
15.296406,0.229956,21.483244,10.240912,10.240912,120.331765
17.099120,0.371781,49.815609,10.685622,10.685622,141.992676
13.040855,0.387141,51.932247,11.747780,11.747780,166.114101
17.017999,0.521895,45.311610,8.834812,8.834812,127.719932
17.658615,0.357189,41.527109,12.668466,12.668466,161.598038
19.254317,0.609289,66.658693,8.649049,8.649049,192.730249
18.937065,0.591081,73.131999,11.467361,11.467361,197.571342
19.075531,0.765610,70.234551,11.360863,11.360863,207.161459
18.807655,0.825676,67.139947,11.602242,11.602242,208.226850
17.226993,0.552136,48.856236,8.547671,8.547671,170.550259
13.864322,0.562536,67.644818,9.366275,9.366275,227.627954
12.919605,0.639881,58.451186,10.025036,10.025036,184.204882
17.873370,0.723626,68.072505,9.457156,9.457156,203.218748
17.040239,0.672585,67.854038,9.110623,9.110623,203.742148
17.206193,0.766378,63.965632,9.946123,9.946123,199.364262
17.713656,0.781739,66.561796,9.881579,9.881579,224.224259
17.879002,0.763627,65.160272,9.786793,9.786793,210.320512
18.518851,0.796331,65.022158,9.604678,9.604678,215.078882
18.789927,0.610856,54.196343,10.492819,10.492819,212.501438
18.157246,0.813996,64.367973,9.271234,9.271234,219.672227
16.793771,0.766923,67.507505,8.402293,8.402293,224.716617
17.593174,0.697738,64.875820,10.290256,10.290256,225.094767
17.071759,0.752235,63.324918,11.565538,11.565538,225.544054
17.237362,0.744970,63.840126,10.393969,10.393969,227.542289
17.854810,0.727722,64.497095,9.893867,9.893867,232.727610
17.948155,0.765835,64.911436,9.843306,9.843306,242.597124
13.756480,0.566280,40.357653,10.125645,10.125645,210.746341
18.483011,0.784683,51.670131,9.608070,9.608070,229.504716
16.023105,0.549927,49.250066,11.339903,11.339903,234.927449
9.721512,0.440423,28.976565,14.504235,14.504235,206.296616
9.843434,0.491591,31.116019,14.877104,14.877104,210.479010
18.867880,0.682666,51.708148,12.766131,12.766131,243.722388
11.122908,0.536647,44.742035,9.364899,9.364899,224.476742
12.641488,0.645705,49.964444,11.555362,11.555362,234.612884
12.534448,0.617640,42.049133,10.006988,10.006988,224.333861
12.867476,0.787979,51.826261,10.872184,10.872184,250.547443
13.541534,0.661289,54.851520,9.461060,9.461060,251.806597
12.403662,0.682794,50.436450,10.888985,10.888985,250.491091
11.415296,0.568360,35.935703,11.642147,11.642147,221.849602
11.187101,0.609513,37.978067,9.619111,9.619111,222.069861
18.921673,0.777931,58.164078,10.584596,10.584596,266.254671
18.130142,0.701514,65.182512,10.932313,10.932313,279.140100
11.727876,0.529703,38.004084,11.975591,11.975591,228.284795
13.196889,0.607432,57.279554,11.234558,11.234558,256.953901
12.522607,0.510567,40.323733,9.778313,9.778313,233.187232
18.881864,0.842508,66.614436,12.705138,12.705138,282.132365
19.508785,0.806604,59.366367,10.307504,10.307504,263.194532
13.059382,0.648009,51.175757,10.897881,10.897881,270.042916
20.387486,0.737450,63.323286,12.485166,12.485166,273.985531
20.308156,0.786667,63.033043,13.284762,13.284762,277.307242
13.076887,0.590120,39.506953,10.702422,10.702422,232.696633
16.004704,0.669001,39.967472,13.527582,13.527582,241.942907
21.395051,0.745706,64.969390,13.101335,13.101335,280.749369
12.794996,0.514951,40.635321,11.529153,11.529153,238.295368
21.544173,0.734763,63.596314,11.987400,11.987400,283.899334
20.327164,0.671562,48.729418,12.116169,12.116169,281.799240
21.657839,0.800075,60.860404,13.638559,13.638559,276.615520
18.186206,0.796012,51.374703,13.859490,13.859490,273.543669
21.380972,0.781578,60.634225,16.902540,16.902540,278.611804
21.800561,0.655337,58.732374,12.338541,12.338541,273.468660
22.631037,0.698761,63.865886,14.642413,14.642413,288.906412
11.234429,0.471335,32.876012,16.058529,16.058529,229.058215
22.797951,0.690697,57.678312,13.912386,13.912386,270.302151
22.032372,0.791403,61.501341,13.537725,13.537725,279.751468
24.059600,0.746251,60.817395,17.720088,17.720088,283.104826
24.011152,0.700362,68.474207,16.050241,16.050241,291.507825
17.296114,0.596169,61.593662,12.520175,12.520175,288.821451
20.478719,0.603016,55.782957,14.939249,14.939249,268.706481
26.695830,0.580424,73.344674,14.232487,14.232487,298.886328
25.774696,0.623241,62.205127,13.962340,13.962340,281.192096
25.199937,0.652745,61.935811,17.690583,17.690583,285.660831
23.904142,0.411590,55.926991,15.152756,15.152756,269.078262
22.732510,0.549128,74.633332,18.626532,18.626532,298.367504
20.958085,0.581672,56.963518,14.562252,14.562252,285.699199
24.006224,0.638441,67.740116,12.969942,12.969942,292.536255
23.697515,0.661418,65.831929,15.337559,15.337559,288.334180
21.857586,0.480358,53.433260,18.059869,18.059869,282.850039
22.556316,0.666377,51.499281,14.613069,14.613069,283.084987
23.646219,0.660041,56.632729,14.610989,14.610989,288.639977
23.906799,0.809611,62.147622,18.287520,18.287520,283.716964
16.523303,0.575689,56.054736,13.288122,13.288122,280.098929
22.472699,0.737130,60.888660,18.192959,18.192959,281.740552
21.314826,0.791947,56.336213,13.071511,13.071511,285.821537
20.593568,0.881260,60.290540,18.430242,18.430242,283.290845
13.206968,0.572904,39.793518,14.168487,14.168487,242.683493
20.407166,1.020590,62.152934,18.485635,18.485635,281.145120
20.474207,0.823724,52.142586,13.826050,13.826050,266.461331
20.389277,0.911757,53.300042,14.496683,14.496683,283.971527
11.857830,0.541480,38.025908,12.651281,12.651281,242.913097
21.116168,0.934349,60.574512,11.599747,11.599747,274.917737
20.779267,0.821292,62.549035,18.656325,18.656325,296.938205
21.173289,0.865804,61.034806,13.985508,13.985508,278.925761
20.822404,0.805195,57.864010,15.339575,15.339575,276.004568
20.897124,0.770635,57.012542,14.539148,14.539148,279.908430
21.655087,1.080879,62.769999,12.278700,12.278700,280.496246
14.734126,0.839820,54.832319,15.253366,15.253366,263.898190
21.671727,0.808395,59.648707,13.567998,13.567998,289.386035
22.334872,0.781835,61.993444,14.792687,14.792687,291.517905
17.646039,0.743242,62.408074,12.507535,12.507535,276.446174
20.109210,0.727146,61.979172,13.200825,13.200825,274.578468
9.388484,0.446054,29.282490,17.012046,17.012046,221.312890
17.307026,0.760971,58.045516,17.059855,17.059855,267.043482
17.711224,0.836364,60.605712,15.251157,15.251157,264.261587
17.324018,0.766571,66.062877,13.754464,13.754464,279.855053
17.781593,0.870892,60.254315,11.427616,11.427616,282.376305
16.835980,0.792747,64.573352,13.601854,13.601854,270.362313
17.306130,0.667305,58.335793,15.309910,15.309910,276.263163
17.337267,0.703945,51.698292,11.592290,11.592290,249.326754
16.880620,0.565512,54.185207,15.397240,15.397240,281.697576
17.752665,0.730058,57.935947,15.355159,15.355159,257.541334
10.566260,0.410534,35.000618,13.767616,13.767616,218.595988
9.211873,0.409094,28.664977,10.795159,10.795159,208.220675
18.000508,0.727882,60.493999,12.416718,12.416718,256.518695
11.481281,0.401381,35.551282,8.083186,8.083186,216.338645
9.847274,0.375301,30.765935,10.741430,10.741430,216.494839
10.566644,0.437862,32.888556,10.834808,10.834808,209.331986
10.682390,0.472198,33.993212,8.975646,8.975646,210.229663
8.363477,0.310789,26.703702,14.258312,14.258312,195.744789
10.081485,0.481287,32.668937,14.292169,14.292169,206.559596
14.807119,0.747115,47.211797,8.108274,8.108274,227.797749
11.988040,0.799051,47.431768,10.839735,10.839735,227.448752
14.276167,0.814284,51.498193,11.140700,11.140700,231.059106
14.191975,0.813803,53.349963,10.002220,10.002220,232.693818
14.119366,0.794123,50.727942,9.367715,9.367715,226.698309
13.471549,0.856012,48.625257,7.618922,7.618922,222.815183
9.441156,0.483943,31.139028,12.944629,12.944629,194.973577
9.792585,0.603977,39.459592,12.391757,12.391757,210.826375
9.047615,0.802987,33.249650,11.700068,11.700068,198.889857
11.241502,0.764330,47.483321,12.874548,12.874548,222.274056
10.305776,0.838540,40.749306,12.305964,12.305964,212.808035
14.636845,0.944941,53.064615,11.983240,11.983240,234.899033
15.122675,0.886797,56.514999,11.895782,11.895782,225.574005
15.504697,0.761291,55.702124,10.672213,10.672213,226.137150
16.173154,0.835212,60.914965,11.841253,11.841253,247.970479
16.635785,0.809708,53.678703,8.898908,8.898908,226.269792
17.116720,0.673577,56.517399,11.484993,11.484993,229.642383
17.267281,0.767947,46.966449,14.030277,14.030277,220.889172
17.175729,0.907084,55.536138,8.020208,8.020208,228.782627
17.856506,0.848140,60.986581,11.817222,11.817222,237.879042
11.306334,0.659434,55.418343,8.974462,8.974462,226.141758
13.572350,0.604360,57.343715,12.730450,12.730450,231.571978
14.233127,0.733162,46.844080,11.624515,11.624515,232.791803
16.161635,0.984717,55.865038,10.331601,10.331601,235.133628
16.985613,0.501639,46.955794,14.202023,14.202023,226.662885
10.099182,0.462278,29.257178,11.297630,11.297630,200.252756
20.334429,0.623081,62.405641,14.104262,14.104262,277.608623
19.542578,0.660809,59.619427,14.450890,14.450890,275.369775
19.671763,0.925965,59.312958,12.925845,12.925845,254.299208
19.973976,0.858668,63.375351,13.290426,13.290426,269.323611
19.316047,0.817067,56.706586,15.703580,15.703580,253.437596
17.758329,0.797771,68.268924,14.376681,14.376681,273.587926
10.066701,0.471750,35.254542,13.905987,13.905987,223.291254
16.155234,0.881004,55.213957,12.441198,12.441198,261.272969
18.806567,0.879533,61.569118,15.103828,15.103828,272.839980
11.280254,0.474791,39.899119,14.822831,14.822831,234.064557
14.786255,0.641129,47.357559,14.642893,14.642893,245.379820
19.663187,0.863916,63.724764,15.238294,15.238294,277.419148
11.724452,0.489735,40.106801,18.532804,18.532804,233.733320
10.732758,0.343045,34.155294,15.349655,15.349655,228.581568
10.848632,0.446950,32.434182,15.473657,15.473657,227.212429
10.602644,0.515559,35.295374,15.216885,15.216885,229.046694
11.058971,0.504487,36.672449,18.116414,18.116414,231.200837
17.573110,0.645929,48.368613,12.743730,12.743730,246.219831
19.299406,0.761963,61.102103,15.881246,15.881246,276.642305
18.508227,0.994414,60.294156,14.893777,14.893777,266.874936
18.008604,0.843468,51.258606,16.041537,16.041537,274.452195
17.524982,0.717546,61.751200,17.816441,17.816441,269.850562
9.425124,0.571944,36.089818,15.109299,15.109299,235.495361
17.436756,0.890317,65.190480,18.730790,18.730790,287.113715
17.353235,0.620713,61.498141,16.674537,16.674537,278.674557
18.313856,0.907341,63.260981,12.502063,12.502063,281.204768
18.077246,0.885868,58.118638,12.884820,12.884820,279.183845
11.454272,0.593929,55.388839,17.639383,17.639383,276.352829
18.528515,0.693642,62.086693,20.073593,20.073593,287.338966
18.140542,0.904012,60.309101,14.654062,14.654062,282.137934
17.936507,0.888493,69.260425,18.981385,18.981385,306.877289
18.932969,0.726891,72.472470,17.873818,17.873818,293.996756
15.733852,0.540552,51.798293,21.335723,21.335723,264.595544
20.429118,0.674633,65.856922,21.511630,21.511630,295.269158
20.929669,0.592872,60.363853,21.566542,21.566542,306.095837
20.569088,0.621225,70.403769,14.614285,14.614285,294.471355
18.020380,0.664426,51.620658,18.651205,18.651205,288.277412
18.049373,0.738187,60.716242,19.113772,19.113772,303.521242
16.267556,0.919501,57.747656,13.189049,13.189049,293.280650
15.283158,0.877740,51.279950,16.879596,16.879596,284.949589
15.147316,1.201329,60.642577,13.186777,13.186777,292.963558
10.724982,0.774187,39.802062,13.581855,13.581855,260.443807
9.168864,0.662154,35.287790,13.143736,13.143736,250.506579
16.107265,0.921485,65.189425,18.651333,18.651333,292.844899
16.584105,0.776234,53.900307,20.249563,20.249563,300.560656
10.313168,0.529096,37.392587,19.966648,19.966648,256.130242
13.192281,0.666793,43.949704,20.751106,20.751106,268.070601
16.786091,0.890605,61.112055,19.817334,19.817334,296.345813
8.507991,0.554184,31.265814,13.872931,13.872931,248.397078
14.888880,0.835308,57.700392,17.073647,17.073647,290.144414
12.722290,0.816876,48.838348,17.378355,17.378355,287.906623
16.015040,1.107152,64.036608,16.155618,16.155618,291.934903
13.132696,0.821580,63.912159,16.992558,16.992558,289.246226
11.824294,0.814571,66.021949,12.498863,12.498863,288.871757
17.712024,0.911789,69.135048,19.094252,19.094252,305.891387
17.809370,0.786155,68.681953,18.193919,18.193919,303.622939
14.337865,0.724618,48.255652,14.525643,14.525643,283.772965
17.877242,0.849676,65.274226,18.156894,18.156894,300.616944
17.818330,0.751562,65.918971,13.150072,13.150072,303.562106
14.865552,0.643913,47.613275,13.316347,13.316347,292.752963
18.301217,0.694601,60.904693,20.328956,20.328956,292.118490
17.972956,0.702409,60.228876,23.130500,23.130500,303.427832
9.678504,0.460006,29.424508,18.933289,18.933289,240.114434
18.202719,0.703626,50.105565,21.093735,21.093735,289.986236
16.888877,0.640456,50.931690,22.872288,22.872288,284.855764
9.453925,0.521991,29.847682,21.547374,21.547374,236.978134
8.799771,0.440198,25.536549,13.359387,13.359387,227.339086
9.474692,0.499111,28.991862,13.631167,13.631167,225.194512
9.164896,0.386693,27.204381,19.073867,19.073867,213.217929
9.322627,0.418822,26.427026,17.862298,17.862298,223.019155
17.554646,0.588328,48.880300,13.493021,13.493021,255.421752
18.915849,0.694857,61.559550,20.569376,20.569376,287.488089
11.070875,0.495622,35.737845,20.789059,20.789059,224.089089
9.982092,0.418278,29.501085,17.400660,17.400660,222.389674
19.588083,0.691145,50.180447,24.157746,24.157746,258.468707
19.679252,0.678217,64.836620,17.470901,17.470901,283.029659
20.470206,0.699562,56.665273,27.140924,27.140924,271.532313
21.074279,0.735755,59.404063,21.232553,21.232553,274.612869
22.318041,0.704778,63.111731,37.001318,37.001318,293.245706
22.970338,0.587976,62.129190,25.629511,25.629511,280.967038
17.915707,0.432198,58.197231,28.297900,28.297900,282.401682
22.334552,0.527272,74.256047,30.549452,30.549452,316.081609
12.019464,0.379398,41.805833,29.577022,29.577022,254.239559
23.100612,0.572104,84.094233,23.115204,23.115204,314.125262
22.712190,0.572840,75.289950,28.600304,28.600304,318.649645
23.074947,0.515944,63.196148,26.206479,26.206479,317.690304
14.515595,0.490471,54.446138,24.126065,24.126065,277.340267
18.821703,0.483271,51.510481,26.040301,26.040301,289.108688
18.375489,0.455014,52.674754,26.246639,26.246639,285.408443
13.152856,0.311269,41.668487,28.276172,28.276172,272.940398
23.135300,0.649225,75.373087,29.014775,29.014775,324.395806
24.766107,0.590248,65.939164,25.584710,25.584710,314.400978
25.164001,0.529927,64.991118,29.055862,29.055862,311.499881
22.508027,0.464454,64.252196,24.585369,24.585369,312.749531
25.746153,0.539335,73.521318,28.314348,28.314348,323.033067
25.547238,0.569992,75.165884,27.991496,27.991496,332.317645
17.122351,0.451367,45.538397,26.241551,26.241551,294.941281
13.044438,0.294788,39.324327,25.182401,25.182401,293.716112
14.233447,0.470247,46.288200,32.625897,32.625897,309.900851
13.593502,0.417190,34.719590,24.939869,24.939869,206.470602
15.455097,0.290084,43.438176,26.784087,26.784087,306.744007
13.948419,0.443622,41.621095,32.699753,32.699753,294.751550
16.367237,0.428646,52.286620,29.379899,29.379899,308.145210
17.721880,0.496103,74.173615,24.073457,24.073457,333.009239
26.397521,0.708010,72.442934,33.958203,33.958203,345.516325
25.841033,0.719531,79.088755,18.170398,18.170398,358.093397
23.497225,0.627945,64.159042,27.710212,27.710212,330.945529
19.147084,0.605224,54.644701,20.470815,20.470815,306.947977
21.762129,0.863020,65.788249,23.834446,23.834446,326.917601
19.596530,0.582824,51.795542,18.580484,18.580484,305.429748
26.176047,0.725546,67.561234,26.177487,26.177487,321.588631
25.800393,0.739627,65.456276,22.114166,22.114166,320.141827
21.545870,0.710601,74.801112,22.551932,22.551932,326.115862
12.769203,0.476487,36.623456,23.224485,23.224485,278.675838
16.979598,0.607081,61.216985,27.277886,27.277886,313.281475
28.298412,0.755978,72.857500,25.081055,25.081055,331.969223
29.469596,0.618345,87.701708,24.302164,24.302164,371.508689
22.014900,0.570856,55.997552,30.650381,30.650381,319.316439
31.852638,0.728586,74.171023,32.072545,32.072545,340.779363
32.226787,0.646825,72.873789,38.640893,38.640893,349.970404
32.049729,0.614057,72.375573,30.158534,30.158534,342.731839
31.941696,0.593576,73.454180,30.156807,30.156807,342.985923
32.829740,0.589288,87.650571,39.486089,39.486089,367.733469
33.900986,0.527112,72.224723,34.187263,34.187263,345.430468
25.340835,0.353477,63.332566,30.723182,30.723182,332.210283
17.215057,0.341221,53.034054,33.328403,33.328403,333.879811
25.924651,0.406950,65.326930,40.583160,40.583160,347.973928
27.293374,0.486983,67.607571,41.616807,41.616807,348.683026
33.396723,0.555656,92.449710,29.055894,29.055894,404.667137
33.977051,0.407654,78.521131,38.381882,38.381882,366.698574
34.528099,0.485831,82.224799,31.184885,31.184885,379.929703
34.828520,0.514215,78.068421,37.325258,37.325258,375.636491
33.923707,0.473255,82.895176,38.963458,38.963458,387.499730
34.065949,0.472391,75.192220,32.608232,32.608232,384.133282
30.453962,0.454311,82.628869,38.691165,38.691165,410.421970
29.396764,0.595144,87.874415,32.682634,32.682634,396.156811
25.251042,0.577768,76.816564,40.795323,40.795323,379.718501
21.791825,0.565992,71.688523,37.486381,37.486381,374.410010
18.960266,0.401125,48.449671,34.148222,34.148222,344.433335
32.723915,0.541447,89.851306,27.866022,27.866022,408.990879
23.674732,0.482343,87.234149,33.595479,33.595479,387.408625
18.135646,0.347045,53.155560,37.520558,37.520558,349.023415
33.422228,0.485223,71.404936,29.704768,29.704768,404.945094
31.553434,0.503431,63.657467,34.224480,34.224480,379.780230
33.779801,0.522279,77.206009,34.286208,34.286208,395.061595
16.567144,0.324485,50.715174,38.225623,38.225623,354.672038
22.930562,0.372069,58.226671,38.755646,38.755646,370.381890
31.512697,0.584776,77.178201,35.856822,35.856822,394.613365
31.911679,0.553575,76.357005,35.400208,35.400208,406.453723
22.764287,0.534471,67.564242,30.224775,30.224775,375.031267
23.815534,0.538279,57.466181,37.223817,37.223817,366.838416
20.097210,0.378245,57.369539,40.524855,40.524855,366.307593
25.614246,0.424070,69.807058,30.953874,30.953874,394.102574
29.864770,0.484039,66.528099,38.320536,38.320536,399.253014
27.776261,0.662441,70.884800,38.075414,38.075414,393.372036
20.134425,0.387270,56.525495,39.567498,39.567498,355.208333
27.667107,0.638089,82.091966,39.677067,39.677067,384.836172
22.250295,0.398246,58.782359,40.765818,40.765818,356.207355
23.587627,0.567080,72.184978,22.957889,22.957889,374.209016
19.136236,0.401094,48.302436,37.758673,37.758673,333.220890
15.856062,0.362373,45.505597,30.681165,30.681165,318.429962
20.398301,0.496295,68.496287,38.559132,38.559132,350.547724
11.975592,0.244068,33.279826,37.679952,37.679952,314.759320
17.324659,0.408902,43.541249,25.514213,25.514213,296.673050
17.822809,0.290308,45.009622,31.615003,31.615003,183.634475
17.797338,0.182050,47.806526,26.388818,26.388818,180.995143
17.646455,0.384485,53.068999,27.330111,27.330111,177.037839
12.299149,0.630121,49.393139,23.217573,23.217573,169.469093
7.319079,0.427846,26.304048,18.479843,18.479843,111.018355
6.820160,0.250435,24.955486,18.545603,18.545603,99.136076
6.768127,0.213635,25.918795,24.085233,24.085233,104.522904
7.239462,0.199299,29.248537,19.002730,19.002730,105.424613
6.757695,0.208066,25.623655,22.289976,22.289976,100.154778
6.930977,0.221411,28.927861,14.891472,14.891472,93.101527
