1403715530962142976.000000 -0.002962157 -0.192136630 0.344484985 -0.525549948 -0.631990135 -0.371717215 0.431522906
1403715532312143104.000000 -0.531650007 0.253589600 0.509185195 -0.497785926 -0.631944239 -0.368531168 0.465875953
1403715532562142976.000000 -0.577406108 0.283824116 0.495154500 -0.505948424 -0.631347597 -0.343925893 0.476583093
1403715532862142976.000000 -0.572870255 0.299942642 0.471874207 -0.514422357 -0.613111794 -0.324581206 0.504094005
1403715535162142976.000000 2.054502964 -0.222075999 0.418419063 -0.695498109 -0.482847691 -0.445879072 0.290400535
1403715537912143104.000000 3.529449940 1.191388607 0.334005743 -0.615949333 -0.494817227 -0.459838003 0.405353457
1403715540312143104.000000 2.214099646 -1.021344185 0.111141689 -0.833571076 -0.163577586 -0.504720390 0.153814495
1403715542562142976.000000 4.480473518 -1.941466212 0.503445745 -0.729944110 -0.276892394 -0.594607532 0.192234427
1403715543112143104.000000 4.737895966 -1.773001552 0.501789153 -0.744282782 -0.301513642 -0.547582567 0.235129938
1403715543612143104.000000 4.842370033 -1.766592860 0.423672050 -0.733860135 -0.294327974 -0.567964673 0.228553399
1403715543912143104.000000 4.825529099 -1.844316006 0.367617756 -0.718888283 -0.291162163 -0.605800748 0.177284628
1403715546662142976.000000 2.079976797 -2.517663479 0.029730825 -0.789301872 -0.224305362 -0.549630821 0.156830266
1403715546912143104.000000 1.820650935 -2.587025166 0.042292349 -0.776310265 -0.331886917 -0.492477804 0.211327285
1403715547262142976.000000 1.523803711 -2.622580290 0.091017582 -0.708606303 -0.469416052 -0.452762485 0.269317448
1403715547562142976.000000 1.293711185 -2.544239044 0.115011811 -0.656157255 -0.555154979 -0.405297399 0.311439633
1403715547862142976.000000 1.057100296 -2.333794117 0.118999362 -0.588228881 -0.632107019 -0.360360533 0.352941722
1403715548112143104.000000 0.850775540 -2.061023474 0.127520859 -0.529768407 -0.652937293 -0.353149921 0.410248160
1403715549512143104.000000 -0.543588638 -0.511582673 -0.063566312 -0.493276387 -0.628148913 -0.347261310 0.491443872
1403715549762142976.000000 -0.737257361 -0.328331321 -0.099558622 -0.524416625 -0.622994125 -0.316477954 0.486525804
1403715550212143104.000000 -0.845175862 -0.001915868 -0.131264612 -0.622523665 -0.535477400 -0.358755201 0.443872809
1403715550412143104.000000 -0.772722423 0.138693333 -0.078428768 -0.656688094 -0.501055896 -0.400603354 0.396510810
1403715550612143104.000000 -0.655266881 0.273120403 -0.003348723 -0.687932849 -0.455172777 -0.441348016 0.353239506
1403715550812143104.000000 -0.515693069 0.399488986 0.028841028 -0.727785707 -0.387968153 -0.459174037 0.330102950
1403715551012143104.000000 -0.343343824 0.507559955 0.012416306 -0.762193799 -0.318539113 -0.472711027 0.306818694
1403715551262142976.000000 -0.062560484 0.595242143 0.027126897 -0.785061955 -0.246306688 -0.507990956 0.254864544
1403715551562142976.000000 0.355490237 0.608467519 0.109279200 -0.806937695 -0.140062422 -0.537193835 0.201635823
1403715551812143104.000000 0.735861242 0.538081765 0.162459746 -0.797140837 -0.070040032 -0.586383581 0.125758827
1403715552062142976.000000 1.081189394 0.396596372 0.211214155 0.779954195 -0.003028301 0.623286605 -0.056356631
1403715552262142976.000000 1.297152877 0.248191640 0.256469041 0.776551783 -0.050162841 0.628000200 0.008181944
1403715552462142976.000000 1.456785321 0.089355543 0.287176818 0.760925889 -0.109014004 0.635962963 0.068256862
1403715552712143104.000000 1.556827545 -0.082032613 0.314660013 0.732704282 -0.211809203 0.634276092 0.126392841
1403715555462142976.000000 0.438082844 -0.427784353 -0.053392708 0.568401217 -0.596126735 0.484560907 0.294540048
1403715557162142976.000000 0.630855739 -0.388098150 0.429435551 0.661551416 -0.533736706 0.413354814 0.326515883
1403715558712143104.000000 0.342725307 -1.959114790 0.486457497 0.598935187 -0.512188911 0.464604586 0.403833777
1403715558962142976.000000 0.379623502 -2.171236753 0.468293101 0.619521737 -0.484522849 0.468635917 0.402257055
1403715559212143104.000000 0.427673221 -2.305942059 0.466075599 0.649900854 -0.440049171 0.487345874 0.382726640
1403715560162142976.000000 0.849463344 -2.258683205 0.285180748 0.765905380 -0.303281754 0.502648711 0.262208760
1403715560462142976.000000 1.112363458 -2.158370972 0.291655004 0.785705864 -0.263007939 0.524744213 0.195286125
1403715561712143104.000000 2.513597727 -1.654026866 0.342158139 -0.815291524 0.001602988 -0.579039931 -0.003150014
1403715561962142976.000000 2.792132139 -1.555509210 0.360150516 -0.795320868 -0.058463853 -0.602914393 0.023257094
1403715564012143104.000000 2.882795334 0.129184797 0.285975844 -0.636529386 -0.452073187 -0.517686367 0.349944443
1403715566312143104.000000 1.693965197 -0.286321342 0.669681847 0.174270660 -0.778864801 0.122776583 0.589851856
1403715566812143104.000000 1.876317978 -0.522916138 0.708991766 0.381499559 -0.699162960 0.269611031 0.541238606
1403715567212143104.000000 2.183409929 -0.592164159 0.718605220 0.547431171 -0.589101553 0.407690108 0.432512671
1403715567662142976.000000 2.571259022 -0.522266924 0.627552867 0.725696146 -0.387146920 0.497838408 0.275026292
1403715567962142976.000000 2.834801435 -0.443806171 0.493445724 0.778189301 -0.231262580 0.555318654 0.180444896
1403715568212143104.000000 3.042205811 -0.352153271 0.401948601 0.793684185 -0.104619615 0.590386152 0.102783337
1403715568362142976.000000 3.160641670 -0.272717535 0.347176671 0.797229648 -0.036853332 0.600533068 0.049262628
1403715568612143104.000000 3.315985680 -0.117341474 0.276555300 -0.793976843 -0.078664124 -0.601974666 0.032238510
1403715569012143104.000000 3.420241594 0.174343050 0.219646513 -0.769593656 -0.247708619 -0.568560064 0.152005062
1403715571662142976.000000 2.062478542 0.511880100 -0.040637184 -0.273522437 -0.770360112 -0.160855800 0.553042591
1403715571912143104.000000 1.967815757 0.383789122 -0.130047768 -0.335011423 -0.788814962 -0.076755330 0.509555757
1403715572862142976.000000 1.337473035 0.836175740 -0.352304548 -0.089058556 -0.811264932 -0.121025994 0.565040231
1403715573062142976.000000 1.157290459 0.857870996 -0.344197094 -0.045613792 -0.812451899 -0.065957285 0.577486813
1403715574062142976.000000 0.380674660 0.789628804 -0.141280830 0.236496866 -0.814554513 0.148079291 0.508569300
1403715574262142976.000000 0.199557960 0.746599019 -0.091090083 0.306923687 -0.785491228 0.197437182 0.499819964
1403715574912143104.000000 -0.318347782 0.442971647 0.010319740 0.433414906 -0.711692393 0.255684257 0.490174443
1403715575162142976.000000 -0.435969621 0.241108760 0.053550702 0.418778062 -0.696422040 0.283613414 0.509101868
1403715575812143104.000000 -0.506945550 -0.234909967 0.187902734 0.414935231 -0.686861932 0.220510319 0.554458976
1403715576012143104.000000 -0.407561660 -0.393918037 0.229445413 0.397938639 -0.703548789 0.235696495 0.539547145
1403715576262142976.000000 -0.227279544 -0.610014379 0.271727145 0.379325718 -0.715347528 0.261704683 0.525262535
1403715576462142976.000000 -0.055062525 -0.775101244 0.312138975 0.372160763 -0.698973835 0.275365323 0.545074224
1403715576662142976.000000 0.143744648 -0.918488979 0.368667752 0.363280088 -0.685267627 0.276974797 0.567204475
1403715578762142976.000000 2.489603758 -0.966307461 0.024017250 0.124923885 -0.872504592 0.070915788 0.467012554
1403715578912143104.000000 2.498103142 -0.912258506 -0.043248046 0.115225911 -0.876796067 0.053652335 0.463759899
1403715579112143104.000000 2.424859285 -0.881705225 -0.103212312 0.136584044 -0.847241461 0.015446763 0.513116121
1403715579312143104.000000 2.313098669 -0.925830007 -0.114228591 0.162161663 -0.809614301 -0.017060956 0.563859224
1403715582212143104.000000 1.365170836 -2.976994991 -0.131314397 0.145684868 -0.790593505 0.084859125 0.588673830
1403715583962142976.000000 0.875344455 -3.449902058 -0.350510299 -0.107220627 0.692045748 -0.135251015 -0.700916290
1403715586362142976.000000 2.479429007 -2.447509050 -0.083588332 0.136722460 -0.794640481 0.105677381 0.581967235
1403715587362142976.000000 2.573275566 -2.475434542 -0.029997760 0.138133481 -0.800433159 0.100276671 0.574604750
1403715587762142976.000000 2.681701899 -2.460436583 0.032354921 0.078636967 -0.816838622 0.127249494 0.557134151
1403715588162142976.000000 2.774381638 -2.284346581 0.091847517 -0.026859308 -0.805149555 0.013590274 0.592307389
1403715588362142976.000000 2.847624779 -2.163199425 0.049804062 -0.090724610 -0.790873289 -0.038876280 0.603967786
1403715588562142976.000000 2.952857018 -2.031704426 -0.036258228 -0.148370579 -0.780761540 -0.084469713 0.601051271
1403715588762142976.000000 3.093019724 -1.898563504 -0.121154755 -0.204145417 -0.785343111 -0.120656155 0.571841836
1403715588962142976.000000 3.253891945 -1.765500903 -0.208686113 -0.254869640 -0.803870618 -0.159099013 0.513343096
1403715589262142976.000000 3.411833525 -1.537741065 -0.287443459 -0.323651761 -0.801243424 -0.200581759 0.461546719
1403715589562142976.000000 3.429726362 -1.237318158 -0.266211689 -0.382545948 -0.790516913 -0.224031329 0.422553778
1403715589812143104.000000 3.326695204 -0.897883475 -0.170512468 -0.388104111 -0.767670155 -0.252698660 0.442945838
1403715590012143104.000000 3.180443048 -0.588759124 -0.043220285 -0.371982396 -0.732499838 -0.275308311 0.499278009
1403715591312143104.000000 1.709205508 0.772189081 0.475137830 -0.036313310 -0.834303677 -0.079607017 0.544317424
1403715591562142976.000000 1.336724997 0.873339653 0.534995675 0.068006165 -0.835676610 -0.019696694 0.544639170
1403715591812143104.000000 0.955229282 0.902361393 0.536287546 0.153032035 -0.822696328 0.043576539 0.545759261
1403715592112143104.000000 0.505322039 0.844941378 0.449115157 0.260814995 -0.794098139 0.084728703 0.542406440
1403715592362142976.000000 0.176756322 0.692615867 0.363820493 0.347816169 -0.745081961 0.137339920 0.552281260
1403715592562142976.000000 -0.013106219 0.496037900 0.345502526 0.417841136 -0.705829501 0.174356192 0.544805825
1403715592812143104.000000 -0.131087646 0.183657199 0.342832983 0.494673997 -0.656314075 0.229341477 0.521490276
1403715593062142976.000000 -0.124066561 -0.183539152 0.339313388 0.528666079 -0.636606872 0.339778930 0.446983427
1403715593312143104.000000 -0.079518080 -0.558528423 0.333780140 0.586426914 -0.575222254 0.404157281 0.402342975
1403715593562142976.000000 -0.017320380 -0.920010626 0.328429133 0.656918883 -0.492324471 0.420764983 0.386045277
1403715593862142976.000000 0.132172137 -1.304730058 0.326556355 0.699176073 -0.392740607 0.482310563 0.352539539
1403715594362142976.000000 0.545421183 -1.709129691 0.316953093 0.782737851 -0.248779908 0.523611248 0.226409674
1403715594712143104.000000 0.917583406 -1.832065463 0.322299838 0.822949350 -0.117269166 0.532492578 0.159542724
1403715595062142976.000000 1.377933145 -1.834901094 0.306548446 0.852999449 -0.019135099 0.520676494 0.030362239
1403715595362142976.000000 1.864315271 -1.807768703 0.297435969 -0.835908473 -0.078482158 -0.540039599 0.058778182
1403715596012143104.000000 2.868637562 -1.684125543 0.295503765 -0.668200254 -0.333193660 -0.646173596 0.157956257
1403715596462142976.000000 2.886452198 -1.609168887 0.399483114 -0.717267752 -0.386622488 -0.541132569 0.207907721
1403715597612143104.000000 2.665146351 -0.383417249 0.713462114 -0.654172301 -0.480561078 -0.454076350 0.367334276
1403715598412143104.000000 2.926683187 0.772530198 0.737819850 -0.562051833 -0.510323584 -0.479986846 0.439636409
1403715599662142976.000000 3.166183233 0.694674015 0.356361777 -0.625422835 -0.509400189 -0.409789413 0.425946474
1403715600262142976.000000 3.431686401 0.368240863 0.101749398 -0.573261857 -0.581870019 -0.454483956 0.355306149
1403715600562142976.000000 3.447472095 0.201698393 -0.029795904 -0.527781129 -0.647931218 -0.391870528 0.384798259
1403715600912143104.000000 3.332432985 0.063944653 -0.120793469 -0.448195606 -0.711223423 -0.305682957 0.447034478
1403715601312143104.000000 3.119094849 -0.003669865 -0.018636635 -0.375466496 -0.739124894 -0.289777249 0.478276730
1403715602612143104.000000 2.117068052 -0.421967119 0.316557050 -0.493253201 -0.651165068 -0.355033487 0.454572916
1403715603012143104.000000 1.865880251 -0.677367747 0.248250261 -0.562609494 -0.601104796 -0.406037480 0.396581769
1403715603362142976.000000 1.609702229 -0.878026843 0.093980215 -0.618059099 -0.553196609 -0.431911469 0.354159474
1403715603712143104.000000 1.327748299 -1.021731496 -0.032080524 -0.652922392 -0.508691072 -0.422368228 0.369500816
1403715604062142976.000000 1.129697204 -1.119458079 -0.073597118 -0.675509632 -0.507969439 -0.393552244 0.361622036
1403715604362142976.000000 1.060379505 -1.143203616 -0.087114938 -0.653581560 -0.522085249 -0.426771015 0.343692720
1403715604662142976.000000 1.009811759 -1.111865878 -0.111867182 -0.642567158 -0.515612960 -0.443692863 0.352686107
1403715605062142976.000000 0.937691152 -1.035343051 -0.142549336 -0.640617311 -0.518096030 -0.445550233 0.350244313
1403715605562142976.000000 0.835663497 -0.903305531 -0.160509035 -0.640832186 -0.512737572 -0.434327543 0.371206135
1403715605862142976.000000 0.800229251 -0.821963668 -0.225435644 -0.632643640 -0.519633889 -0.442604154 0.365847379
1403715606162142976.000000 0.768208623 -0.742398918 -0.280023456 -0.625992477 -0.522919059 -0.447626472 0.366496503
1403715606462142976.000000 0.729474127 -0.662300229 -0.344923139 -0.629330873 -0.518018782 -0.436329812 0.381071508
1403715606762142976.000000 0.699054837 -0.594554126 -0.363825917 -0.628959954 -0.512210190 -0.427091360 0.399553627
1403715607112143104.000000 0.703578830 -0.551551223 -0.415176034 -0.611295521 -0.525656819 -0.446531057 0.388088673
1403715607462142976.000000 0.703916728 -0.548927248 -0.452030391 -0.610972226 -0.531335533 -0.445971102 0.381451637
1403715607812143104.000000 0.678124666 -0.570601344 -0.470273733 -0.614202142 -0.529483497 -0.446601123 0.378087819
1403715608012143104.000000 0.668135762 -0.573644102 -0.485294729 -0.609613240 -0.544260740 -0.444031686 0.367406785
1403715608262142976.000000 0.672078967 -0.560044944 -0.469509631 -0.611457765 -0.542732418 -0.441725731 0.369376779
1403715608662142976.000000 0.668092310 -0.526248693 -0.448478460 -0.611768842 -0.543549776 -0.441317409 0.368145972
1403715609112143104.000000 0.664073467 -0.472568691 -0.416990370 -0.611865282 -0.543270648 -0.441325605 0.368387848
1403715609212143104.000000 0.662461162 -0.458409011 -0.407922447 -0.611878932 -0.543205023 -0.441314906 0.368474841
1403715609312143104.000000 0.660876155 -0.443077475 -0.398196101 -0.612027764 -0.543152571 -0.441183329 0.368462533
