1403637149738319104.000000 -4.122300625 2.272214413 7.769365788 -0.599735856 -0.537625134 -0.410456777 0.427552968
1403637152438319104.000000 -3.716017962 2.760483027 8.288669586 -0.609248698 -0.552348793 -0.413834006 0.390471935
1403637154688318976.000000 -3.226757050 3.242314816 8.301937103 -0.611815989 -0.552845776 -0.417703688 0.381531537
1403637156388318976.000000 -2.617840767 3.933114767 8.226653099 -0.743701458 -0.335241675 -0.503652453 0.284350932
1403637159138319104.000000 -0.203002214 3.219820738 7.942534924 -0.808383286 -0.148097917 -0.554302275 0.131653339
1403637161238319104.000000 1.996615410 1.550189257 7.681633472 0.822988093 -0.076408722 0.562893569 0.001802515
1403637163838319104.000000 2.682458162 -1.168347120 7.729947090 0.740955114 -0.348181129 0.547370851 0.173610434
1403637164238319104.000000 2.270869732 -1.620092392 7.807543278 0.732704520 -0.347825915 0.557679415 0.176507622
1403637166888318976.000000 -0.807133853 -4.430714130 7.719682693 0.754221141 -0.316199243 0.490247756 0.301372975
1403637168138319104.000000 -0.250145853 -3.401644230 7.606198788 0.771045923 -0.311527073 0.507317245 0.225983143
1403637170988318976.000000 2.241802454 0.889349699 6.860073090 -0.763772249 -0.143445760 -0.619642913 0.110081159
1403637173288318976.000000 -0.049819116 3.480450869 6.907589436 -0.843432903 -0.111960441 -0.505055845 0.144929349
1403637173638319104.000000 -0.241252929 3.519856215 6.837762356 -0.838397503 -0.026111089 -0.533873796 0.106708542
1403637173938319104.000000 -0.291284472 3.444283247 6.731913567 0.855788767 -0.038477298 0.509198010 -0.082840495
1403637174388318976.000000 -0.140914962 3.134204388 6.753368855 0.807986677 -0.028825510 0.587889791 -0.026689418
1403637177188318976.000000 -1.662234545 -0.592733681 6.976242542 0.817409694 -0.215188175 0.523957729 0.104898110
1403637178438319104.000000 -2.006571531 -2.495538712 6.736167431 0.790640116 -0.232336566 0.498232424 0.269577891
1403637180838319104.000000 0.550685167 -2.152375221 6.374679089 0.772072136 -0.272523850 0.528622329 0.224039823
1403637183688318976.000000 2.787564993 1.810032129 7.188766479 0.710024655 -0.332215607 0.596758127 0.171399087
1403637183888318976.000000 2.599324703 2.100645542 7.133328915 0.714979291 -0.345460832 0.588712871 0.151256710
1403637185188318976.000000 0.529914975 2.958096027 6.960405350 0.780609429 -0.331110805 0.499524206 0.177454591
1403637185388318976.000000 0.265108228 2.943608999 6.994296551 0.789148450 -0.328605324 0.486018658 0.181794405
1403637185888318976.000000 -0.226201609 2.758763075 7.174481869 0.769701898 -0.313489676 0.514840722 0.210291192
1403637186238319104.000000 -0.479065984 2.589082003 7.264897346 0.760310113 -0.310480863 0.528535545 0.214896441
1403637186538319104.000000 -0.660982192 2.450656176 7.402274132 0.753073812 -0.315478593 0.538186312 0.209065840
1403637187438319104.000000 -1.273288965 1.949396968 7.600138187 0.759826362 -0.345753402 0.513484120 0.198626995
1403637188338319104.000000 -1.782833099 1.003523707 7.484598637 0.757766485 -0.334595948 0.507637203 0.236938611
1403637191188318976.000000 -2.976373911 -2.084652662 7.195270061 0.721609950 -0.363032490 0.534091294 0.249465585
1403637192388318976.000000 -3.472532272 -2.649145842 7.365312576 0.753768802 -0.350661486 0.478434265 0.282789111
1403637192888318976.000000 -3.355552435 -2.787388802 7.506091118 0.748697639 -0.373303235 0.485969812 0.252843827
1403637193438319104.000000 -3.088895798 -3.022414923 7.677826405 0.741315305 -0.383762091 0.497203112 0.236574218
1403637193688318976.000000 -2.954225063 -3.179175138 7.727982044 0.744686484 -0.367283881 0.494013697 0.257866561
1403637194088318976.000000 -2.678690195 -3.434721470 7.835639954 0.738615990 -0.361176133 0.503340840 0.265793562
1403637194538319104.000000 -2.310965300 -3.682118893 7.848976135 0.741069794 -0.366196275 0.498701632 0.260792315
1403637197388318976.000000 0.843322992 -3.074032307 7.861855030 0.747987568 -0.286585838 0.554739058 0.225050762
1403637199988318976.000000 1.591976404 3.051757336 8.219291687 -0.730638027 -0.206908762 -0.612610042 0.219239026
1403637200138319104.000000 1.434006572 3.382467985 8.135032654 -0.702007949 -0.243025497 -0.611918688 0.271438867
1403637200288318976.000000 1.253842354 3.656645060 8.039439201 -0.690102279 -0.296217620 -0.594760478 0.286834329
1403637203138319104.000000 -0.715616643 4.004387379 7.868677139 -0.762691796 -0.296421021 -0.537165165 0.204669446
1403637205638319104.000000 -0.673063815 3.274129152 7.778138161 -0.757904410 -0.304479778 -0.538810790 0.206291184
1403637208138319104.000000 -1.233290672 3.122577906 7.865017891 -0.763912857 -0.294685483 -0.534596503 0.209294513
1403637209488318976.000000 -1.494847775 2.934714079 7.894440174 -0.758536935 -0.334964126 -0.514031112 0.219528839
1403637212238319104.000000 0.375202388 5.978681087 7.293125629 -0.747469187 -0.324739426 -0.523631394 0.248282701
1403637212638319104.000000 0.865387321 6.457530975 7.342407227 -0.752325714 -0.325038671 -0.520779610 0.239049420
1403637212838319104.000000 1.099304199 6.680955887 7.386093140 -0.757756472 -0.329999208 -0.513646364 0.230375782
1403637212988318976.000000 1.275311232 6.850050926 7.425578117 -0.756110072 -0.334793717 -0.515162349 0.225429773
1403637213188318976.000000 1.506293297 7.080747604 7.474281311 -0.757070482 -0.334862441 -0.511088908 0.231299818
1403637213688318976.000000 2.072526217 7.659175396 7.504461765 -0.745225728 -0.344761372 -0.526307642 0.220858589
1403637213938319104.000000 2.322884560 7.950889111 7.469659805 -0.744114578 -0.353722364 -0.526167333 0.210527986
1403637214188318976.000000 2.535906792 8.270256996 7.446758270 -0.732505322 -0.355216205 -0.530261457 0.236812651
1403637214638319104.000000 2.803317308 8.837059975 7.511380196 -0.667932987 -0.436597645 -0.536640644 0.274344355
1403637214838319104.000000 2.842630148 9.069213867 7.574490070 -0.643375278 -0.463779092 -0.541396916 0.279046029
1403637215088318976.000000 2.798215866 9.341225624 7.642069340 -0.635842860 -0.467634678 -0.541680753 0.289143115
1403637216438319104.000000 1.303146601 9.939034462 7.917614460 -0.558518350 -0.564790487 -0.421947628 0.437068880
1403637216788318976.000000 0.873248100 9.837010384 7.947447300 -0.551463425 -0.546720684 -0.432471514 0.458206147
1403637217538319104.000000 0.170927525 9.126950264 7.996599674 -0.584945917 -0.525828183 -0.407668769 0.463841736
1403637217788318976.000000 0.043484293 8.778643608 7.966086864 -0.539366484 -0.558006048 -0.430413842 0.460930616
1403637218088318976.000000 -0.091395639 8.274740219 7.964518547 -0.498295367 -0.607463956 -0.402579218 0.469701290
1403637218288318976.000000 -0.177938968 7.896224976 7.967330933 -0.489465952 -0.621300638 -0.388271898 0.472920299
1403637218738319104.000000 -0.361530185 6.960565567 7.931734085 -0.490516484 -0.627496660 -0.383302599 0.467675865
1403637219188318976.000000 -0.569569051 5.956952572 7.815950871 -0.487808317 -0.636382282 -0.396789968 0.446786672
1403637219388318976.000000 -0.689963818 5.490246296 7.759329796 -0.493520200 -0.635332167 -0.391853034 0.446365446
1403637220588318976.000000 -1.672886848 3.049804211 7.985853195 -0.532152057 -0.627210140 -0.347435236 0.450233877
1403637222988318976.000000 -2.662188292 1.087726355 7.719062328 -0.657719195 -0.510616481 -0.428918391 0.350293100
1403637225888318976.000000 -2.794227600 1.077698231 7.813334942 -0.631657124 -0.523849905 -0.444353402 0.359361619
1403637226288318976.000000 -2.897531986 1.037753105 7.916676998 -0.622932255 -0.517782211 -0.455560625 0.369217336
1403637227138319104.000000 -3.188209057 0.998207986 7.915733337 -0.646662295 -0.509742975 -0.423655659 0.377499670
1403637227638319104.000000 -3.284461975 1.056315422 7.936700344 -0.645846367 -0.512028873 -0.431986839 0.366191566
1403637229138319104.000000 -3.410764217 1.113825202 7.905321121 -0.626995802 -0.515509307 -0.455667913 0.365367204
1403637229438319104.000000 -3.473522663 1.075078011 7.872578621 -0.641228676 -0.505344033 -0.454481453 0.356229901
1403637230488318976.000000 -3.494030714 0.989250183 7.697862148 -0.753830016 -0.322018504 -0.527420402 0.223320544
1403637230788318976.000000 -3.484174490 1.004133105 7.754089355 -0.759238303 -0.281895638 -0.545683265 0.215225294
1403637231038319104.000000 -3.478589535 0.996044219 7.797833443 -0.799694717 -0.223811865 -0.528447151 0.176466331
1403637231238319104.000000 -3.454427958 0.980317533 7.791344643 -0.818777025 -0.157181203 -0.534954309 0.136829317
1403637231738319104.000000 -3.321462870 0.883946359 7.524796486 0.833426952 -0.046073973 0.550379694 -0.018944262
1403637232238319104.000000 -3.085809231 0.642868400 7.316731453 0.795460641 -0.192081198 0.570194423 0.072288066
1403637232588318976.000000 -2.949198723 0.376027375 7.288200855 0.771840453 -0.270986110 0.560809791 0.127755135
1403637233088318976.000000 -2.863224506 -0.162778959 7.359398365 0.772881389 -0.361992568 0.493142307 0.168601677
1403637233438319104.000000 -2.776111126 -0.711477339 7.418739319 0.792599320 -0.358625233 0.461563349 0.173590437
1403637236038319104.000000 0.999364853 -1.236266732 6.577357292 0.802889764 -0.037157860 0.583524168 0.116132706
1403637236288318976.000000 1.335966945 -0.885213971 6.651819706 -0.805342138 -0.015285177 -0.585151494 -0.093745232
1403637236488318976.000000 1.577028275 -0.529395700 6.741174221 -0.804576099 -0.042775210 -0.589546204 -0.057121258
1403637239138319104.000000 -0.306303829 2.862123251 8.232314110 0.864892900 -0.188625887 0.463359714 -0.040966939
1403637239388318976.000000 -0.501310825 2.404668808 8.325353622 0.846301913 -0.186417356 0.498647749 0.019291813
1403637239588318976.000000 -0.600170553 1.969873548 8.349307060 0.829626679 -0.222552478 0.509230912 0.053609852
1403637239788318976.000000 -0.670575023 1.489862680 8.305116653 0.802834094 -0.260031968 0.526386857 0.103719257
1403637240188318976.000000 -0.793970406 0.490783155 8.092063904 0.740380466 -0.334199876 0.542800307 0.213342905
1403637240538319104.000000 -0.919993818 -0.343292385 7.869356155 0.744399726 -0.390034318 0.480603069 0.250525326
1403637240838319104.000000 -0.971726835 -1.057221293 7.754437923 0.738787115 -0.384646773 0.482847184 0.270368338
1403637241238319104.000000 -0.950902700 -1.962846160 7.653177261 0.733569086 -0.365696162 0.501017570 0.277712435
1403637241438319104.000000 -0.914376378 -2.373864174 7.575573921 0.739243627 -0.350435048 0.497493088 0.288469672
1403637241838319104.000000 -0.748709083 -3.062824726 7.467461109 0.727193415 -0.323700041 0.519691646 0.310368717
1403637242288318976.000000 -0.491465569 -3.525852203 7.459571362 0.715989292 -0.328265905 0.534057021 0.307219595
1403637242738319104.000000 -0.214409798 -3.639816761 7.461118221 0.721077561 -0.300092310 0.541182756 0.311629802
1403637243138319104.000000 0.051684547 -3.416212797 7.517158508 0.730509162 -0.271555334 0.562228739 0.276609868
1403637243588318976.000000 0.309065044 -2.912226677 7.511635303 0.746716499 -0.288649857 0.546765268 0.245241821
1403637243988318976.000000 0.521279275 -2.363727331 7.583554268 0.753846109 -0.327732354 0.532794952 0.201089785
1403637244388318976.000000 0.689495265 -1.880944252 7.793719292 0.753424346 -0.334217936 0.528286219 0.203872353
1403637244588318976.000000 0.761983633 -1.672375560 7.926378250 0.766504645 -0.314887643 0.520753860 0.205260292
1403637244888318976.000000 0.888940275 -1.390695095 8.091674805 0.786789954 -0.274158806 0.516730309 0.196947813
1403637245188318976.000000 1.056306839 -1.138759017 8.197279930 0.798264980 -0.285154611 0.507096350 0.155926481
1403637245638319104.000000 1.401246548 -0.884033620 8.286752701 0.802245319 -0.248457357 0.514799356 0.172200590
1403637245838319104.000000 1.595404506 -0.789958239 8.293773651 0.803099930 -0.213440523 0.534691751 0.153552845
1403637246238319104.000000 2.008147955 -0.585542321 8.247953415 0.808963776 -0.082299121 0.577749431 0.070782587
1403637246638319104.000000 2.376531124 -0.332544446 8.131363869 -0.796122670 -0.090681829 -0.597863495 0.022909759
1403637247088318976.000000 2.611160040 0.043509334 8.008605003 -0.780307651 -0.218656853 -0.574812055 0.113579497
1403637247488318976.000000 2.678596735 0.429262638 7.912835598 -0.763712525 -0.223381072 -0.587693334 0.146494851
1403637247888318976.000000 2.620686293 0.827391386 7.779728413 -0.745873451 -0.264898658 -0.592841089 0.148462042
1403637248288318976.000000 2.369750500 1.233693123 7.720997810 -0.749056578 -0.306884140 -0.552608967 0.198392883
1403637248538319104.000000 2.165809631 1.482935786 7.667254925 -0.742841840 -0.313619941 -0.552441180 0.211275548
1403637248788318976.000000 1.934427619 1.722575665 7.631484509 -0.747229993 -0.315151125 -0.548466265 0.203744844
1403637249388318976.000000 1.301125288 2.307698011 7.730294704 -0.757172525 -0.300177723 -0.546403587 0.195002958
1403637249688318976.000000 0.962762535 2.612622499 7.714810371 -0.755895853 -0.298050821 -0.548484743 0.197361767
1403637250088318976.000000 0.477683455 3.017669678 7.666118622 -0.745507121 -0.313957334 -0.541847527 0.228147402
1403637252838319104.000000 -1.324524164 4.147439003 7.979346752 -0.710630536 -0.418594301 -0.467554510 0.318081468
1403637254338319104.000000 -1.567724109 3.838008165 8.059161186 -0.683207989 -0.441195279 -0.492958367 0.309136868
1403637254838319104.000000 -1.723190784 3.679999352 8.138582230 -0.671788335 -0.457754463 -0.483921677 0.324007899
1403637257288318976.000000 -2.907622099 2.746292591 8.182094574 -0.575351298 -0.578831196 -0.408695638 0.408525527
1403637257638319104.000000 -3.095452070 2.611935377 8.217593193 -0.568152428 -0.593254268 -0.400824428 0.405699492
1403637257888318976.000000 -3.239371061 2.529391289 8.202799797 -0.569296718 -0.604451656 -0.382625401 0.405138671
1403637258138319104.000000 -3.387629747 2.472689152 8.171602249 -0.549026489 -0.623368919 -0.362676442 0.422429919
1403637258488318976.000000 -3.595244884 2.436471462 8.157288551 -0.507649541 -0.642897904 -0.350664467 0.453881830
1403637258938319104.000000 -3.833851099 2.409215927 8.075899124 -0.502930224 -0.639652908 -0.343579531 0.468890786
1403637259238319104.000000 -3.958894491 2.396338701 8.081673622 -0.506346703 -0.636186540 -0.343986481 0.469630718
1403637259488318976.000000 -4.039403439 2.384696007 8.114758492 -0.512976289 -0.628881872 -0.338701755 0.476071388
1403637259988318976.000000 -4.103253365 2.356990337 8.115239143 -0.513740122 -0.629949749 -0.340787113 0.472333163
1403637260338319104.000000 -4.092872143 2.333697796 8.061883926 -0.501661837 -0.641593993 -0.356528044 0.457799405
1403637260588318976.000000 -4.087274551 2.309952497 8.007551193 -0.500179946 -0.652155221 -0.356799066 0.444081038
1403637260938319104.000000 -4.114081383 2.287199020 7.928630352 -0.499414533 -0.644699037 -0.355815798 0.456446528
1403637261388318976.000000 -4.173683167 2.261460543 7.839318275 -0.504986584 -0.651023686 -0.347366005 0.447765112
1403637261738319104.000000 -4.228377342 2.264268637 7.823581696 -0.511262119 -0.654208779 -0.339597553 0.441922456
1403637262188318976.000000 -4.300020218 2.309147835 7.815119743 -0.505365312 -0.634594023 -0.353128284 0.466043741
1403637262588318976.000000 -4.295972347 2.297393322 7.788934231 -0.523475707 -0.590665162 -0.373081982 0.487747639
1403637262738319104.000000 -4.295701981 2.301304817 7.782195091 -0.532424808 -0.599441469 -0.365332425 0.472996861
1403637263238319104.000000 -4.295078278 2.300824881 7.781780243 -0.530441523 -0.596423209 -0.366065383 0.478442490
1403637263738319104.000000 -4.295151234 2.300561905 7.782382488 -0.530367911 -0.596480310 -0.366392702 0.478202462
1403637264238319104.000000 -4.294959545 2.299921513 7.782603264 -0.530694246 -0.596308231 -0.365964204 0.478383064
1403637264738319104.000000 -4.295104504 2.300293684 7.782371521 -0.530726254 -0.596350253 -0.365975589 0.478286475
1403637265238319104.000000 -4.295048237 2.300114155 7.782600880 -0.530947804 -0.596332490 -0.365726769 0.478253037
