1413393216555760384.000000 -0.553334355 0.358817488 0.058961488 -0.629065633 -0.502649248 -0.457391471 0.377376854
1413393219255760384.000000 -1.148406863 -0.010351563 0.320001811 -0.654953837 -0.503925502 -0.436769605 0.355425149
1413393222055760384.000000 -1.320806503 0.094961807 0.818388700 -0.637311339 -0.502809882 -0.460241258 0.359436452
1413393223905760512.000000 -1.298338413 0.698354065 0.716999888 -0.632352531 -0.510271430 -0.460246295 0.357668549
1413393224355760384.000000 -1.339538932 0.916310310 0.671732843 -0.634687245 -0.501283348 -0.467952341 0.356241137
1413393224605760512.000000 -1.375186920 1.032028556 0.565600693 -0.648450315 -0.479640096 -0.472297072 0.355518132
1413393224855760384.000000 -1.409659266 1.126277804 0.456419051 -0.676920176 -0.447743028 -0.474215358 0.341211051
1413393227155760384.000000 -1.131090999 1.708516240 0.298930794 -0.781480014 -0.239561141 -0.552606821 0.162865102
1413393229555760384.000000 -0.260692775 2.150843143 0.214024752 -0.812699974 -0.049938239 -0.579147279 0.040167607
1413393231555760384.000000 1.105834007 2.429371834 0.206046343 0.804257333 -0.063354582 0.590118408 0.030275000
1413393232205760512.000000 1.499038577 2.459018469 0.131777108 0.803376853 -0.139057696 0.576049030 0.058448154
1413393232505760512.000000 1.632841110 2.394555092 0.097919494 0.795550942 -0.189946443 0.566453338 0.100745872
1413393232855760384.000000 1.782898426 2.276790619 0.014831211 0.788885832 -0.218339235 0.561107218 0.123068765
1413393233305760512.000000 1.982863784 2.067482233 -0.007787185 0.789735317 -0.210236192 0.557128370 0.147400588
1413393233705760512.000000 2.154663324 1.880308509 0.102788374 0.769894242 -0.257384509 0.552552879 0.188948467
1413393233905760512.000000 2.234362841 1.801674485 0.194896489 0.753950715 -0.283907890 0.552351952 0.214154363
1413393234105760512.000000 2.308465004 1.737929106 0.282585740 0.738730073 -0.319435328 0.549664557 0.223847926
1413393236955760384.000000 2.248439789 1.389616847 0.401033789 0.494245708 -0.656939566 0.370750338 0.432083070
1413393238855760384.000000 2.335834503 0.857427001 0.476073623 0.476585746 -0.660538673 0.383938432 0.434909284
1413393241555760384.000000 2.062654495 -0.425514787 0.422916353 0.475723922 -0.661720693 0.354798198 0.458181977
1413393244455760384.000000 1.870781660 -0.771109402 0.356363952 0.591576934 -0.546029150 0.430695832 0.407909304
1413393247205760512.000000 2.015274525 -0.332552373 0.107201748 0.635952234 -0.500402212 0.457371593 0.368746072
1413393250105760512.000000 1.778587103 -0.411458254 -0.100586057 0.643376946 -0.505312681 0.442542255 0.367262155
1413393250855760384.000000 1.963157535 -0.405714691 -0.178858370 0.618367910 -0.523630917 0.466109723 0.355209351
1413393253355760384.000000 2.006714106 -0.162615746 0.008330625 0.333604693 -0.760319650 0.223709852 0.510466218
1413393254755760384.000000 1.840361953 -0.543089390 0.264926642 0.252488703 -0.777796328 0.177920625 0.547381699
1413393256755760384.000000 1.432653666 -1.033885241 0.426336199 0.247246101 -0.783830345 0.174877033 0.542123020
1413393257655760384.000000 1.074396372 -1.341304541 0.327082306 0.242368594 -0.779762745 0.191167623 0.544685543
1413393260055760384.000000 0.432715446 -2.222834826 0.330787599 0.618621826 -0.533793449 0.443060786 0.368874997
1413393262155760384.000000 0.574627221 -2.363021135 0.343983740 0.742166460 -0.333053529 0.536270440 0.225118414
1413393265055760384.000000 0.995372951 -2.971319199 -0.025487775 0.768516541 -0.277735144 0.542776048 0.194009811
1413393267105760512.000000 1.132057786 -2.862182856 0.157586619 -0.802133858 -0.104254253 -0.580642164 0.092558600
1413393267605760512.000000 1.080938220 -2.920081139 0.211899444 -0.808041632 -0.096312076 -0.576032996 0.077322796
1413393269605760512.000000 1.002094865 -2.941665649 0.122342095 -0.794155061 -0.123240769 -0.585178792 0.108145282
1413393269855760384.000000 0.973436236 -2.935603380 0.036933005 -0.802672565 -0.131587312 -0.570972681 0.111318767
1413393272655760384.000000 0.990683615 -2.544225454 -0.062151659 0.806011856 -0.076030925 0.583464205 0.064293951
1413393275255760384.000000 0.878562212 -1.844106555 0.214938357 0.598760664 -0.535405934 0.449616313 0.390731782
1413393278105760512.000000 0.354144484 -1.792043567 0.223354593 0.459152937 -0.657351494 0.366312593 0.472104490
1413393278905760512.000000 0.012649149 -1.747375607 0.228313208 0.409253329 -0.703540504 0.297080785 0.499285012
1413393279405760512.000000 -0.268711120 -1.729355574 0.241966739 0.433065176 -0.702176750 0.284042090 0.488592386
1413393279905760512.000000 -0.480893970 -1.801061034 0.220020473 0.435851574 -0.683501303 0.303356588 0.500833452
1413393280405760512.000000 -0.617703497 -1.885665894 0.226296604 0.426055759 -0.681455433 0.341550022 0.487276763
1413393280855760384.000000 -0.772300482 -1.880747557 0.211817220 0.423464030 -0.697512567 0.357571781 0.454199135
1413393281305760512.000000 -1.051915288 -1.829364300 0.192608625 0.453088969 -0.680642426 0.318539590 0.479550660
1413393281705760512.000000 -1.293732762 -1.819131970 0.230473429 0.445571482 -0.679714859 0.312016279 0.492036223
1413393282205760512.000000 -1.513838530 -1.823334813 0.307668388 0.420872509 -0.696935833 0.323674381 0.482059777
1413393282705760512.000000 -1.726359010 -1.818965197 0.384383410 0.435187012 -0.678793967 0.308411926 0.504710853
1413393283205760512.000000 -1.853583097 -1.818896174 0.389042020 0.498197377 -0.650075555 0.344164789 0.459077060
1413393283705760512.000000 -1.894801617 -1.869368076 0.376150995 0.582365572 -0.576358736 0.403925300 0.406823575
1413393284505760512.000000 -1.790995121 -2.003886461 0.251410335 0.698882520 -0.413424611 0.497462124 0.305245578
1413393287405760512.000000 -1.176405907 -2.626712322 0.248233631 -0.815695882 -0.021674976 -0.577857018 0.015863912
1413393289955760384.000000 -0.539090395 -2.685066462 0.228249878 -0.777341723 -0.232031345 -0.559403479 0.170203447
1413393292455760384.000000 -0.067249857 -2.730429173 -0.006829351 -0.748847485 -0.279901654 -0.565715015 0.202111855
1413393295355760384.000000 -1.272443891 -2.544946671 0.254616618 -0.759673893 -0.303941041 -0.530617297 0.221270636
1413393295705760512.000000 -1.438318253 -2.470985413 0.265771359 -0.764857829 -0.290705115 -0.521858394 0.241136953
1413393296705760512.000000 -1.757811785 -2.214605570 0.196052700 -0.772001863 -0.282556981 -0.527834237 0.213460982
1413393299405760512.000000 -1.472755075 -1.406883717 -0.016098021 -0.757652044 -0.247812510 -0.574303269 0.186355159
1413393300555760384.000000 -1.480751634 -1.156903148 0.074248262 -0.765219748 -0.275449157 -0.530076981 0.239968657
1413393301305760512.000000 -1.493010283 -1.062697530 0.034117721 -0.695959747 -0.390917361 -0.523342848 0.298221260
1413393303305760512.000000 -2.036247969 -0.957438529 0.035880402 -0.667807043 -0.468013138 -0.464155763 0.345770091
1413393304055760384.000000 -2.185885906 -0.858782232 0.222444639 -0.670199931 -0.459689498 -0.469106227 0.345625490
1413393304255760384.000000 -2.220840693 -0.832757235 0.231392115 -0.675936162 -0.465974182 -0.460597634 0.337384492
1413393305355760384.000000 -2.349030018 -0.552383959 0.205130950 -0.660283208 -0.485617965 -0.470140457 0.327367008
1413393306455760384.000000 -2.653819084 -0.053470772 0.354100287 -0.698038161 -0.431971788 -0.484019011 0.303098589
1413393309155760384.000000 -2.613487005 1.077601552 0.313466311 0.801417589 -0.113805830 0.584517717 0.055832420
1413393310855760384.000000 -2.345595837 1.328021407 0.216546416 0.804493308 -0.136424839 0.574789226 0.061613128
1413393311355760384.000000 -2.222846985 1.272413492 0.155692801 0.810702920 -0.135527700 0.562704802 0.088069521
1413393311655760384.000000 -2.117936850 1.222905159 0.102811195 0.812083662 -0.130360126 0.560162723 0.098712474
1413393314205760512.000000 -1.466106653 1.001010060 0.111964874 0.807176888 -0.125432581 0.570914030 0.082396522
1413393316905760512.000000 -0.889682412 1.352952600 0.398476362 -0.814570248 -0.049267355 -0.576987982 0.033659942
1413393317905760512.000000 -0.789129496 1.782685757 0.280226082 -0.801376104 -0.046752643 -0.595508397 0.031311862
1413393318205760512.000000 -0.824123502 1.925878763 0.212030217 -0.811138093 -0.031455070 -0.583301365 0.028724754
1413393318505760512.000000 -0.862717330 2.066418886 0.132393509 -0.811074913 -0.012593024 -0.583425641 0.040166467
1413393318805760512.000000 -0.900164366 2.175946712 0.051881664 -0.809688210 -0.010438605 -0.585343957 0.040847104
1413393319205760512.000000 -0.970717371 2.270398140 0.010102239 -0.806120396 -0.016123829 -0.590135038 0.040627297
1413393319505760512.000000 -1.043299437 2.310580492 -0.011941580 -0.822340012 -0.017396756 -0.567027986 0.043973431
1413393319755760384.000000 -1.078547478 2.322709560 -0.066063650 -0.831813872 -0.015469854 -0.552424073 0.051712312
1413393320005760512.000000 -1.073584914 2.316257477 -0.136872470 -0.819910824 -0.037673950 -0.570587397 0.027511753
1413393320255760384.000000 -1.059748650 2.318242311 -0.220881134 -0.805317283 -0.039296262 -0.591038346 0.024364471
1413393320505760512.000000 -1.055734396 2.336983919 -0.250169337 -0.817205429 -0.031997431 -0.574927926 0.024684977
1413393320855760384.000000 -1.046934843 2.379075766 -0.325911850 -0.807188153 -0.027716560 -0.589351714 0.018539347
1413393321155760384.000000 -1.069690943 2.362153292 -0.327273965 -0.803242624 -0.025165239 -0.594647765 0.023706671
1413393321455760384.000000 -1.071915507 2.360151291 -0.320022106 -0.802647114 -0.020457216 -0.595910788 0.015152850
1413393321955760384.000000 -1.068351984 2.359381437 -0.321618915 -0.804073453 -0.021286549 -0.593977153 0.014281751
1413393322455760384.000000 -1.068407655 2.358965397 -0.321866781 -0.803616047 -0.021171374 -0.594597757 0.014371892
1413393322955760384.000000 -1.069029808 2.359014750 -0.321737766 -0.803593755 -0.021104984 -0.594623744 0.014643462
1413393323455760384.000000 -1.069737434 2.358974218 -0.321190387 -0.803600967 -0.020978680 -0.594610035 0.014979105
1413393323955760384.000000 -1.069539666 2.359054804 -0.322267860 -0.803627551 -0.020838026 -0.594575405 0.015117390
1413393324455760384.000000 -1.069499016 2.359077930 -0.321704298 -0.803671062 -0.020644199 -0.594519675 0.015260272
1413393324955760384.000000 -1.069703698 2.358969212 -0.321019977 -0.803748667 -0.020683847 -0.594410598 0.015376324
1413393325455760384.000000 -1.070191264 2.359225035 -0.321769595 -0.803729057 -0.020509133 -0.594437897 0.015576352
1413393325955760384.000000 -1.069946289 2.359045029 -0.321588993 -0.803700030 -0.020297462 -0.594480336 0.015727401
