#LBA time[ms],KF opt[#],KF fixed[#],MP[#],Edges[#]
0.015456,3,1,0,1568
0.004704,4,1,0,2119
0.282660,5,1,0,2846
1.095023,6,1,0,3351
0.857419,7,1,0,4027
1.320050,8,1,0,4196
1.513556,9,1,0,4485
2.166590,10,1,0,4717
2.151357,0,0,0,0
70.657702,0,0,0,0
2.661668,0,0,0,0
3.029834,0,0,0,0
3.389999,0,0,0,0
3.376494,0,0,0,0
4.936035,0,0,0,0
3.916022,0,0,0,0
4.194042,0,0,0,0
4.523422,0,0,0,0
4.916356,0,0,0,0
5.096358,0,0,0,0
6.078035,0,0,0,0
7.268323,0,0,0,0
7.025664,0,0,0,0
7.073729,0,0,0,0
7.104385,0,0,0,0
4.189306,0,0,0,0
5.034117,0,0,0,0
1.688599,0,0,0,0
1.749880,0,0,0,0
3.544273,0,0,0,0
1.848410,0,0,0,0
3.539504,0,0,0,0
2.630756,0,0,0,0
2.698277,0,0,0,0
3.666418,0,0,0,0
4.277019,0,0,0,0
4.669855,0,0,0,0
2.865671,0,0,0,0
2.293215,0,0,0,0
2.657476,0,0,0,0
5.266888,0,0,0,0
4.281083,0,0,0,0
2.747846,0,0,0,0
2.757222,0,0,0,0
3.234605,0,0,0,0
3.775155,0,0,0,0
3.653106,0,0,0,0
10.650322,0,0,0,0
5.680045,0,0,0,0
9.972009,0,0,0,0
6.494808,0,0,0,0
6.362743,0,0,0,0
5.815504,0,0,0,0
4.935363,0,0,0,0
7.308644,0,0,0,0
4.361948,0,0,0,0
2.296895,0,0,0,0
4.550559,0,0,0,0
2.648516,0,0,0,0
4.290491,0,0,0,0
3.929942,0,0,0,0
4.935204,0,0,0,0
4.775585,0,0,0,0
3.480751,0,0,0,0
3.425006,0,0,0,0
3.976022,0,0,0,0
3.973462,0,0,0,0
3.667890,0,0,0,0
3.650162,0,0,0,0
3.940885,0,0,0,0
4.566463,0,0,0,0
4.139673,0,0,0,0
4.328635,0,0,0,0
4.984676,0,0,0,0
5.151046,0,0,0,0
1.820025,0,0,0,0
1.770552,0,0,0,0
3.958999,0,0,0,0
1.117679,0,0,0,0
1.204593,0,0,0,0
1.334163,0,0,0,0
3.099179,0,0,0,0
3.052682,0,0,0,0
5.673774,0,0,0,0
5.898065,0,0,0,0
7.123330,0,0,0,0
5.322473,0,0,0,0
6.599066,0,0,0,0
7.443206,0,0,0,0
8.339442,0,0,0,0
7.054720,0,0,0,0
7.041793,0,0,0,0
3.797012,0,0,0,0
5.333641,0,0,0,0
6.867774,0,0,0,0
6.781757,0,0,0,0
5.335049,0,0,0,0
5.127494,0,0,0,0
4.463645,0,0,0,0
5.789935,0,0,0,0
7.266371,0,0,0,0
6.065011,0,0,0,0
5.207495,0,0,0,0
6.454680,0,0,0,0
7.480742,0,0,0,0
8.873050,0,0,0,0
7.817707,0,0,0,0
6.918367,0,0,0,0
5.767823,0,0,0,0
8.669110,0,0,0,0
5.790191,0,0,0,0
6.399256,0,0,0,0
5.051749,0,0,0,0
6.209653,0,0,0,0
7.003647,0,0,0,0
5.994610,0,0,0,0
8.086863,0,0,0,0
9.117180,0,0,0,0
6.684795,0,0,0,0
7.764298,0,0,0,0
8.402867,0,0,0,0
9.564707,0,0,0,0
9.424768,0,0,0,0
9.965705,0,0,0,0
9.908135,0,0,0,0
9.341376,0,0,0,0
9.009468,0,0,0,0
8.114383,0,0,0,0
9.141501,0,0,0,0
8.436883,0,0,0,0
7.896524,0,0,0,0
11.492797,0,0,0,0
9.398656,0,0,0,0
12.312233,0,0,0,0
11.404988,0,0,0,0
9.078205,0,0,0,0
10.513487,0,0,0,0
10.485647,0,0,0,0
10.324173,0,0,0,0
12.133030,0,0,0,0
11.567839,0,0,0,0
11.111896,0,0,0,0
10.904693,0,0,0,0
10.826004,0,0,0,0
8.970267,0,0,0,0
9.754405,0,0,0,0
8.955451,0,0,0,0
9.952008,0,0,0,0
8.659126,0,0,0,0
9.870343,0,0,0,0
9.647428,0,0,0,0
8.629494,0,0,0,0
7.767114,0,0,0,0
7.329028,0,0,0,0
12.954481,0,0,0,0
10.860629,0,0,0,0
10.000936,0,0,0,0
11.695328,0,0,0,0
10.567697,0,0,0,0
12.392298,0,0,0,0
13.949951,0,0,0,0
13.897854,0,0,0,0
13.420760,0,0,0,0
12.148070,0,0,0,0
14.107425,0,0,0,0
13.423511,0,0,0,0
12.665901,0,0,0,0
12.785743,0,0,0,0
14.516422,0,0,0,0
9.479041,0,0,0,0
9.170910,0,0,0,0
9.613219,0,0,0,0
7.716137,0,0,0,0
7.313124,0,0,0,0
7.782730,0,0,0,0
9.325151,0,0,0,0
8.432244,0,0,0,0
7.609288,0,0,0,0
5.607661,0,0,0,0
5.340297,0,0,0,0
5.194631,0,0,0,0
8.658198,0,0,0,0
6.692123,0,0,0,0
8.643447,0,0,0,0
10.593297,0,0,0,0
9.233726,0,0,0,0
7.329252,0,0,0,0
6.643227,0,0,0,0
8.460083,0,0,0,0
8.596469,0,0,0,0
6.497976,0,0,0,0
10.676338,0,0,0,0
8.030926,0,0,0,0
9.398017,0,0,0,0
9.418656,0,0,0,0
11.922019,0,0,0,0
12.319304,0,0,0,0
14.174082,0,0,0,0
13.564473,0,0,0,0
13.949471,0,0,0,0
15.324209,0,0,0,0
9.185053,0,0,0,0
11.110583,0,0,0,0
9.083420,0,0,0,0
9.832358,0,0,0,0
14.512166,0,0,0,0
10.976790,0,0,0,0
14.167074,0,0,0,0
11.167193,0,0,0,0
12.316296,0,0,0,0
14.116065,0,0,0,0
15.382578,0,0,0,0
20.934910,0,0,0,0
18.917155,0,0,0,0
18.334971,0,0,0,0
21.143681,0,0,0,0
17.673554,0,0,0,0
18.676575,0,0,0,0
14.573319,0,0,0,0
15.858297,0,0,0,0
17.537968,0,0,0,0
16.802565,0,0,0,0
14.962669,0,0,0,0
19.400809,0,0,0,0
16.578947,0,0,0,0
13.770428,0,0,0,0
8.842233,0,0,0,0
7.461222,0,0,0,0
8.682199,0,0,0,0
13.301814,0,0,0,0
16.124604,0,0,0,0
16.968263,0,0,0,0
18.383035,0,0,0,0
17.079401,0,0,0,0
16.739781,0,0,0,0
17.275532,0,0,0,0
14.705289,0,0,0,0
15.627734,0,0,0,0
13.704923,0,0,0,0
15.881081,0,0,0,0
16.152221,0,0,0,0
19.815214,0,0,0,0
17.855092,0,0,0,0
21.446309,0,0,0,0
21.070016,0,0,0,0
17.014793,0,0,0,0
22.096590,0,0,0,0
14.903308,0,0,0,0
18.939555,0,0,0,0
19.945296,0,0,0,0
14.669384,0,0,0,0
8.436340,0,0,0,0
13.093523,0,0,0,0
13.443608,0,0,0,0
16.591171,0,0,0,0
15.622230,0,0,0,0
17.686802,0,0,0,0
19.619180,0,0,0,0
17.129194,0,0,0,0
18.718016,0,0,0,0
12.555372,0,0,0,0
17.970198,0,0,0,0
20.486072,0,0,0,0
13.872542,0,0,0,0
17.812755,0,0,0,0
12.884080,0,0,0,0
14.612359,0,0,0,0
14.026304,0,0,0,0
17.576624,0,0,0,0
18.788385,0,0,0,0
22.366161,0,0,0,0
16.109724,0,0,0,0
14.157601,0,0,0,0
14.228578,0,0,0,0
13.648987,0,0,0,0
13.751100,0,0,0,0
11.859394,0,0,0,0
17.392206,0,0,0,0
17.111338,0,0,0,0
21.452166,0,0,0,0
20.496793,0,0,0,0
17.521168,0,0,0,0
18.704319,0,0,0,0
14.876523,0,0,0,0
14.237027,0,0,0,0
13.345590,0,0,0,0
14.505094,0,0,0,0
15.852729,0,0,0,0
21.816810,0,0,0,0
13.225237,0,0,0,0
16.617283,0,0,0,0
13.736731,0,0,0,0
12.045829,0,0,0,0
13.002994,0,0,0,0
13.590009,0,0,0,0
12.781679,0,0,0,0
13.873597,0,0,0,0
15.121486,0,0,0,0
14.178721,0,0,0,0
14.339108,0,0,0,0
12.182087,0,0,0,0
12.060101,0,0,0,0
12.475530,0,0,0,0
13.915902,0,0,0,0
15.902234,0,0,0,0
12.345161,0,0,0,0
8.593782,0,0,0,0
11.975235,0,0,0,0
10.194027,0,0,0,0
11.505533,0,0,0,0
15.288272,0,0,0,0
10.657745,0,0,0,0
8.456179,0,0,0,0
14.431590,0,0,0,0
11.736640,0,0,0,0
10.973270,0,0,0,0
9.627492,0,0,0,0
8.400338,0,0,0,0
8.701431,0,0,0,0
11.570558,0,0,0,0
9.543042,0,0,0,0
8.682327,0,0,0,0
8.543412,0,0,0,0
14.655112,0,0,0,0
10.535600,0,0,0,0
12.429354,0,0,0,0
9.872583,0,0,0,0
11.501533,0,0,0,0
11.694815,0,0,0,0
10.402766,0,0,0,0
10.215659,0,0,0,0
13.488952,0,0,0,0
12.451114,0,0,0,0
17.361966,0,0,0,0
15.881977,0,0,0,0
13.779549,0,0,0,0
15.683478,0,0,0,0
13.976383,0,0,0,0
13.018610,0,0,0,0
12.407402,0,0,0,0
10.717811,0,0,0,0
16.831974,0,0,0,0
15.544820,0,0,0,0
16.830630,0,0,0,0
17.649713,0,0,0,0
11.004502,0,0,0,0
18.135607,0,0,0,0
14.225090,0,0,0,0
15.288497,0,0,0,0
16.888455,0,0,0,0
17.282380,0,0,0,0
17.744787,0,0,0,0
13.230485,0,0,0,0
16.996233,0,0,0,0
15.967002,0,0,0,0
15.921274,0,0,0,0
20.145075,0,0,0,0
19.476298,0,0,0,0
16.359744,0,0,0,0
21.670312,0,0,0,0
20.164788,0,0,0,0
18.663391,0,0,0,0
17.611696,0,0,0,0
21.973228,0,0,0,0
20.704507,0,0,0,0
16.950695,0,0,0,0
21.243683,0,0,0,0
20.954430,0,0,0,0
18.526429,0,0,0,0
18.997603,0,0,0,0
19.088996,0,0,0,0
18.615806,0,0,0,0
16.839110,0,0,0,0
23.251101,0,0,0,0
20.833404,0,0,0,0
26.532170,0,0,0,0
29.249295,0,0,0,0
22.509012,0,0,0,0
20.467512,0,0,0,0
12.261448,0,0,0,0
14.156226,0,0,0,0
10.672178,0,0,0,0
16.170653,0,0,0,0
12.697358,0,0,0,0
15.421395,0,0,0,0
17.833715,0,0,0,0
19.576011,0,0,0,0
19.541771,0,0,0,0
13.463480,0,0,0,0
13.387127,0,0,0,0
17.406094,0,0,0,0
15.293489,0,0,0,0
14.392805,0,0,0,0
23.654979,0,0,0,0
29.451123,0,0,0,0
28.110048,0,0,0,0
11.961348,0,0,0,0
19.957681,0,0,0,0
16.231742,0,0,0,0
14.858123,0,0,0,0
8.682551,0,0,0,0
8.925562,0,0,0,0
11.153113,0,0,0,0
6.021363,0,0,0,0
2.890536,0,0,0,0
2.786022,0,0,0,0
2.445633,0,0,0,0
1.211889,0,0,0,0
1.339730,0,0,0,0
1.269265,0,0,0,0
1.249553,0,0,0,0
5.097062,0,0,0,0
1.774136,0,0,0,0
2.082365,0,0,0,0
6.317622,0,0,0,0
6.245781,0,0,0,0
5.579756,0,0,0,0
6.024498,0,0,0,0
6.358903,0,0,0,0
6.433080,0,0,0,0
6.473881,0,0,0,0
3.280749,0,0,0,0
3.472687,0,0,0,0
4.606623,0,0,0,0
6.562394,0,0,0,0
3.844276,0,0,0,0
7.527431,0,0,0,0
6.471096,0,0,0,0
4.085592,0,0,0,0
7.135553,0,0,0,0
7.591015,0,0,0,0
6.068595,0,0,0,0
7.380453,0,0,0,0
6.172436,0,0,0,0
7.670792,0,0,0,0
5.757679,0,0,0,0
5.771599,0,0,0,0
6.081683,0,0,0,0
5.089765,0,0,0,0
5.445099,0,0,0,0
4.119353,0,0,0,0
4.451677,0,0,0,0
6.046002,0,0,0,0
4.497342,0,0,0,0
4.407933,0,0,0,0
4.049976,-1051214318,-1056102375,-1047980877,1080208314
5.050949,1220974086,-1395610936,1985787503,-918092209
