1403638538777829376.000000 -30.232202530 -4.931573391 50.008869171 -0.580517948 -0.603662372 -0.376898587 0.395648897
1403638539027829504.000000 -30.233880997 -4.919728279 50.009273529 -0.575286806 -0.598017454 -0.384937614 0.404033840
1403638539277829376.000000 -30.237110138 -4.900199890 50.035484314 -0.567649901 -0.588168442 -0.396202981 0.418156385
1403638539527829504.000000 -30.240228653 -4.879994392 50.107128143 -0.568384767 -0.592436612 -0.392172992 0.414919227
1403638539777829376.000000 -30.243371964 -4.856698513 50.169898987 -0.567633748 -0.595945537 -0.389304101 0.413622141
1403638540027829504.000000 -30.247987747 -4.826406002 50.193305969 -0.573780179 -0.604047477 -0.377504170 0.404219776
1403638540527829504.000000 -30.273006439 -4.667912483 50.241611481 -0.559090018 -0.609543145 -0.379365861 0.414676934
1403638540777829376.000000 -30.303081512 -4.556784153 50.263256073 -0.522335410 -0.639522254 -0.365554094 0.429589719
1403638541327829504.000000 -30.454132080 -4.303286552 50.278736115 -0.443121850 -0.696480453 -0.322613180 0.463118583
1403638541777829376.000000 -30.677293777 -4.109027863 50.361236572 -0.431910932 -0.699809611 -0.312419325 0.475514054
1403638542227829504.000000 -30.970674515 -3.953251839 50.487285614 -0.371233433 -0.737225473 -0.256438673 0.502915084
1403638542627829504.000000 -31.245075226 -3.837230682 50.530075073 -0.287200004 -0.757779777 -0.249249175 0.530246019
1403638542827829504.000000 -31.397560120 -3.805051327 50.563785553 -0.289905578 -0.762381911 -0.230802566 0.530526757
1403638543927829504.000000 -32.318103790 -3.832741737 50.756092072 -0.220860332 -0.794847429 -0.167176574 0.539898455
1403638544227829504.000000 -32.598991394 -3.857118845 50.831874847 -0.191208705 -0.802789986 -0.128869668 0.549872935
1403638544527829504.000000 -32.883075714 -3.866552114 50.871791840 -0.186688796 -0.804288805 -0.123547398 0.550457060
1403638545377829376.000000 -33.689792633 -3.867502689 50.906589508 -0.176733270 -0.799185395 -0.121890262 0.561436534
1403638545577829376.000000 -33.877292633 -3.867583752 50.873233795 -0.169517919 -0.802142382 -0.113823511 0.561137736
1403638545977829376.000000 -34.246200562 -3.865724087 50.887966156 -0.093169644 -0.818203270 -0.065609880 0.563522935
1403638546177829376.000000 -34.425918579 -3.866780758 50.921131134 -0.055212941 -0.822386861 -0.047939319 0.564210236
1403638546577829376.000000 -34.796672821 -3.882515907 50.914730072 -0.038514931 -0.824419022 -0.027814126 0.563982427
1403638546977829376.000000 -35.191478729 -3.915017366 50.965213776 -0.012422778 -0.825546384 -0.021218933 0.563798428
1403638547177829376.000000 -35.396022797 -3.942790508 50.984138489 -0.005153737 -0.826612949 -0.026469734 0.562124491
1403638548227829504.000000 -36.541702271 -4.278329849 50.889305115 0.000344022 -0.828228354 -0.008521470 0.560325980
1403638548427829504.000000 -36.778144836 -4.368858337 50.913169861 0.028525472 -0.829032183 0.012506761 0.558332860
1403638548627829504.000000 -37.018520355 -4.463892937 50.947250366 0.051087074 -0.826914012 0.028836356 0.559260070
1403638548827829504.000000 -37.266662598 -4.563615322 50.982795715 0.061670721 -0.826929510 0.037069872 0.557682872
1403638549077829376.000000 -37.584621429 -4.694247246 51.056579590 0.064459912 -0.827249527 0.040290322 0.556668580
1403638549377829376.000000 -37.976192474 -4.857481003 51.177509308 0.059580568 -0.826185763 0.044053417 0.558503807
1403638549677829376.000000 -38.370903015 -5.011636734 51.286212921 0.054619916 -0.823099136 0.046365298 0.563360274
1403638549927829504.000000 -38.704593658 -5.125878334 51.350601196 0.053698443 -0.824166059 0.045219757 0.561980307
1403638550127829504.000000 -38.987438202 -5.216183186 51.430019379 0.051173106 -0.824323356 0.048602305 0.561702967
1403638550527829504.000000 -39.551685333 -5.378982067 51.664192200 0.049586214 -0.823223174 0.053521663 0.563009918
1403638550927829504.000000 -40.114009857 -5.498176098 51.846534729 0.045084354 -0.807889342 0.058923949 0.584645450
1403638551127829504.000000 -40.377956390 -5.538651943 51.920700073 0.042746745 -0.801601171 0.061351370 0.593164623
1403638551577829376.000000 -40.865947723 -5.537080765 52.109107971 -0.005777999 -0.810542583 0.049794666 0.583530545
1403638553927829504.000000 -41.712825775 -3.708657026 52.571697235 -0.056872331 -0.789592266 -0.041166063 0.609602392
1403638554677829376.000000 -41.200572968 -3.105401754 52.713977814 -0.060637832 -0.816196442 -0.033449419 0.573609352
1403638557277829376.000000 -39.724517822 -0.883730471 53.038669586 -0.116464660 -0.811548769 -0.047109913 0.570618391
1403638559427829504.000000 -39.750591278 1.549755335 53.385513306 -0.102888748 -0.817039430 -0.072558247 0.562668502
1403638561977829376.000000 -40.123031616 3.721661806 53.002433777 -0.378988177 -0.717680335 -0.269768745 0.518196762
1403638562227829504.000000 -40.019561768 3.842605591 52.933139801 -0.398780316 -0.705341041 -0.287007928 0.510974348
1403638562477829376.000000 -39.921054840 3.947604656 52.909973145 -0.425750315 -0.687090755 -0.304370731 0.503985643
1403638563677829376.000000 -39.128372192 4.198233128 52.859661102 -0.565967441 -0.563803554 -0.392951369 0.455407202
1403638563927829504.000000 -38.873680115 4.164363384 52.854343414 -0.566200018 -0.566122353 -0.385272890 0.458789408
1403638564177829376.000000 -38.580974579 4.092877388 52.878334045 -0.561804891 -0.570631206 -0.378187001 0.464467376
1403638564427829504.000000 -38.252872467 3.989189863 52.895008087 -0.548859656 -0.576815128 -0.383968890 0.467552513
1403638564877829376.000000 -37.582424164 3.715014696 52.924716949 -0.555286884 -0.575483084 -0.370102435 0.472757727
1403638565077829376.000000 -37.248462677 3.567631006 52.860546112 -0.556324422 -0.574294746 -0.368310809 0.474379539
1403638565277829376.000000 -36.889579773 3.412124634 52.748054504 -0.556818664 -0.575711548 -0.368127465 0.472219706
1403638566677829376.000000 -34.232711792 1.943680644 51.998081207 -0.555919290 -0.599758029 -0.382922888 0.429667532
1403638567027829504.000000 -33.645236969 1.548467875 51.711982727 -0.565982163 -0.618956745 -0.361231387 0.407515138
1403638567277829376.000000 -33.267997742 1.350492835 51.502300262 -0.544702888 -0.602880478 -0.390600950 0.432741076
1403638567477829376.000000 -32.977535248 1.187092662 51.322292328 -0.544612527 -0.601897001 -0.394897282 0.430317700
1403638567677829376.000000 -32.706199646 1.023158073 51.164543152 -0.550890326 -0.605576217 -0.392024487 0.419659615
1403638567927829504.000000 -32.401466370 0.832036495 51.010536194 -0.558263004 -0.608338356 -0.385960877 0.411462188
1403638568277829376.000000 -32.033782959 0.603535175 50.869346619 -0.555419147 -0.610183179 -0.392705381 0.406163216
1403638568677829376.000000 -31.684947968 0.381492347 50.726943970 -0.556047320 -0.614612222 -0.391791075 0.399453461
1403638569677829376.000000 -31.193826675 0.126050428 50.564285278 -0.553823829 -0.615246952 -0.394683957 0.398716480
1403638571327829504.000000 -30.921125412 -0.010112081 50.206306458 -0.678764880 -0.450202256 -0.453142613 0.362295598
1403638572377829376.000000 -29.964370728 -0.511879623 50.097846985 -0.759547174 -0.332066476 -0.495951593 0.258557737
1403638572777829376.000000 -29.487836838 -0.737650812 50.073673248 -0.774179399 -0.307906866 -0.509514928 0.215021327
1403638572977829376.000000 -29.231807709 -0.829770863 50.105895996 -0.775659382 -0.312265277 -0.507909477 0.207053021
1403638573177829376.000000 -28.970796585 -0.901887596 50.138465881 -0.776578486 -0.317075968 -0.503661036 0.206674054
1403638574077829376.000000 -27.730848312 -0.919225931 50.319828033 -0.777644575 -0.255358011 -0.543864965 0.185127556
1403638574277829376.000000 -27.459121704 -0.892097771 50.347835541 -0.787150323 -0.194578677 -0.557499886 0.178121492
1403638574477829376.000000 -27.199340820 -0.889588296 50.359619141 -0.800457180 -0.151122063 -0.561943889 0.143699452
1403638574827829504.000000 -26.767290115 -0.935291886 50.392158508 -0.808843076 -0.121370569 -0.567168653 0.096756607
1403638575327829504.000000 -26.177394867 -1.018891096 50.416732788 -0.819280207 -0.111169599 -0.552032888 0.108078532
1403638575627829504.000000 -25.790697098 -1.092615247 50.392070770 -0.825046182 -0.127406716 -0.541262984 0.100502886
1403638576477829376.000000 -24.532932281 -1.200634599 50.588916779 -0.821863294 -0.153285533 -0.543325603 0.076430708
1403638576877829376.000000 -23.892438889 -1.114554167 50.627449036 -0.812372327 -0.158785075 -0.556914985 0.068440452
1403638577327829504.000000 -23.215509415 -0.903266370 50.648609161 -0.808979511 -0.145918220 -0.563053131 0.085037284
1403638577527829504.000000 -22.936334610 -0.786427259 50.686256409 -0.808205545 -0.153315425 -0.563566566 0.075438946
1403638578577829376.000000 -21.595045090 0.036452860 50.823970795 -0.811184943 -0.134645373 -0.558893621 0.107180625
1403638578827829504.000000 -21.300991058 0.226624995 50.831203461 -0.809928417 -0.141989723 -0.561094880 0.095012881
1403638579277829376.000000 -20.808191299 0.582364440 50.883174896 -0.808033466 -0.146132380 -0.563215673 0.092279233
1403638579677829376.000000 -20.416839600 0.911730468 50.949291229 -0.796444952 -0.145642534 -0.574603260 0.119561031
1403638580577829376.000000 -19.848278046 1.543357730 50.823169708 -0.709514618 -0.391327322 -0.505941033 0.295763046
1403638580827829504.000000 -19.756883621 1.665137649 50.763870239 -0.698379099 -0.431789875 -0.479533702 0.309631407
1403638581327829504.000000 -19.565820694 1.854758620 50.795841217 -0.693184674 -0.443308651 -0.476966888 0.308990598
1403638584227829504.000000 -19.675130844 2.519479513 51.623229980 -0.680259883 -0.428077430 -0.511554420 0.303822726
1403638586927829504.000000 -21.593973160 2.427846670 51.624591827 -0.688059032 -0.427625090 -0.502654135 0.301745594
1403638587327829504.000000 -21.954898834 2.399839878 51.591358185 -0.691180825 -0.428975552 -0.498068750 0.300294101
1403638588077829376.000000 -22.636133194 2.307332754 51.585880280 -0.694651604 -0.425249845 -0.494407356 0.303616852
1403638588877829376.000000 -23.383890152 2.242365837 51.512683868 -0.692490876 -0.426000386 -0.496781021 0.303625971
1403638591477829376.000000 -25.751602173 1.704615235 51.446380615 -0.722308099 -0.434394181 -0.458205909 0.282170504
1403638592177829376.000000 -26.066465378 1.864243031 51.372230530 -0.712824881 -0.429620713 -0.468814403 0.295837432
1403638592877829376.000000 -26.166223526 2.151607275 51.660060883 -0.677231967 -0.489168257 -0.436723381 0.333682686
1403638593227829504.000000 -26.135261536 2.313202858 51.770473480 -0.670528412 -0.494169831 -0.440015137 0.335521460
1403638594477829376.000000 -26.117708206 2.877235413 52.194259644 -0.629385591 -0.503826022 -0.474100888 0.353923142
1403638594877829376.000000 -26.202175140 2.932901382 52.367580414 -0.637445033 -0.499136060 -0.461731970 0.362395644
1403638596927829504.000000 -27.137380600 2.868393183 52.516944885 -0.601630270 -0.540971994 -0.507505119 0.296359539
1403638597127829504.000000 -27.452569962 2.883700609 52.578186035 -0.599103987 -0.539412558 -0.512584388 0.295577019
1403638597327829504.000000 -27.832586288 2.905137777 52.614482880 -0.600113392 -0.532816827 -0.514343619 0.302358836
1403638597527829504.000000 -28.271461487 2.924612284 52.627468109 -0.607045293 -0.518080711 -0.508570433 0.323178828
1403638597727829504.000000 -28.748476028 2.933298826 52.620815277 -0.610315442 -0.509747922 -0.505679071 0.334605604
1403638597927829504.000000 -29.255067825 2.929497004 52.595119476 -0.597663164 -0.527465820 -0.509161890 0.324549943
1403638598127829504.000000 -29.801189423 2.913208485 52.572456360 -0.596486866 -0.530263484 -0.497984171 0.339169383
1403638598327829504.000000 -30.378017426 2.878846169 52.567096710 -0.611633241 -0.521833241 -0.471359462 0.362512261
1403638598527829504.000000 -30.954648972 2.834986210 52.547698975 -0.616683662 -0.522257924 -0.460670680 0.367056668
1403638598727829504.000000 -31.522222519 2.781087637 52.504516602 -0.608331740 -0.535934031 -0.451264650 0.372917652
1403638598927829504.000000 -32.081027985 2.723966599 52.472049713 -0.589198351 -0.557029724 -0.439324200 0.386726707
1403638599127829504.000000 -32.631042480 2.660737991 52.460754395 -0.565588892 -0.581205368 -0.423310816 0.403878212
1403638599327829504.000000 -33.177734375 2.591774225 52.473331451 -0.540333569 -0.607685447 -0.404056817 0.418922752
1403638599527829504.000000 -33.713294983 2.509789705 52.509632111 -0.523063779 -0.629353821 -0.387630343 0.424335599
1403638599927829504.000000 -34.754093170 2.352426052 52.521141052 -0.523304641 -0.635613739 -0.373834103 0.427078009
1403638600127829504.000000 -35.262088776 2.291183710 52.497653961 -0.536382616 -0.626449645 -0.362127721 0.434416950
1403638600527829504.000000 -36.186203003 2.220475912 52.428638458 -0.564893961 -0.610560894 -0.331311673 0.445357114
1403638600727829504.000000 -36.570518494 2.224030733 52.434841156 -0.569149852 -0.611706793 -0.327338576 0.441285402
1403638600927829504.000000 -36.903060913 2.258981943 52.465152740 -0.562038481 -0.627286553 -0.335700691 0.421816707
1403638601177829376.000000 -37.281177521 2.348184347 52.485126495 -0.546005189 -0.640090406 -0.355679452 0.407007039
1403638601427829504.000000 -37.656394958 2.479173660 52.488277435 -0.527087152 -0.637047648 -0.369843006 0.423751742
1403638601677829376.000000 -38.041053772 2.625230312 52.517269135 -0.492547959 -0.654508710 -0.355316550 0.450294524
1403638601877829376.000000 -38.351470947 2.736336470 52.567981720 -0.445864171 -0.683639646 -0.337105066 0.469257116
1403638602277829376.000000 -38.978912354 2.922889709 52.652137756 -0.379371822 -0.718343019 -0.307509542 0.495477885
1403638603777829376.000000 -40.110141754 2.573444366 53.031761169 -0.199118435 -0.772773206 -0.155180961 0.582316458
1403638604127829504.000000 -40.079254150 2.362138033 52.970424652 -0.177571148 -0.765623629 -0.185285777 0.589879811
1403638604877829376.000000 -39.841918945 1.591130853 52.953891754 -0.206773862 -0.785217226 -0.145742193 0.565188348
1403638605077829376.000000 -39.760414124 1.374228597 52.962440491 -0.212275773 -0.797178388 -0.138297081 0.548014045
1403638605677829376.000000 -39.599933624 0.804513931 53.030281067 -0.180117294 -0.793112993 -0.181494430 0.552801430
1403638605927829504.000000 -39.574199677 0.531590164 53.057384491 -0.176955134 -0.794594824 -0.186583892 0.549993157
1403638606427829504.000000 -39.614788055 -0.149446383 53.093639374 -0.188877583 -0.802736580 -0.177786231 0.536965072
1403638606677829376.000000 -39.682006836 -0.532073975 53.047439575 -0.205019802 -0.811945081 -0.146807596 0.526459634
1403638606927829504.000000 -39.796463013 -0.893754780 52.979858398 -0.177402511 -0.825564861 -0.119805112 0.522128165
1403638607177829376.000000 -39.966991425 -1.220354438 52.950233459 -0.141084194 -0.827614307 -0.084137961 0.536722183
1403638607427829504.000000 -40.167835236 -1.506891608 52.925624847 -0.120813593 -0.812173009 -0.069809847 0.566485286
1403638607677829376.000000 -40.364608765 -1.764165521 52.857471466 -0.117055327 -0.810951293 -0.064601287 0.569633961
1403638608177829376.000000 -40.730842590 -2.188430786 52.644020081 -0.123093940 -0.807078123 -0.069286160 0.573299527
1403638608427829504.000000 -40.896926880 -2.358536243 52.496440887 -0.117810443 -0.797216713 -0.080919713 0.586530745
1403638609177829376.000000 -41.199699402 -2.825089693 52.071903229 -0.126085341 -0.803749740 -0.069303237 0.577309132
1403638609427829504.000000 -41.244323730 -2.944571257 51.964904785 -0.129012063 -0.801173568 -0.065060452 0.580727160
1403638609677829376.000000 -41.267395020 -3.038665295 51.816482544 -0.124521196 -0.803469837 -0.072169729 0.577687025
1403638609977829376.000000 -41.278877258 -3.129541397 51.645401001 -0.124535128 -0.803105414 -0.072331302 0.578170240
1403638610377829376.000000 -41.253990173 -3.216968536 51.478736877 -0.124704160 -0.793885350 -0.072788201 0.590674937
1403638610777829376.000000 -41.140857697 -3.281856537 51.257884979 -0.122811280 -0.786916554 -0.074093662 0.600158155
1403638611077829376.000000 -40.988574982 -3.319292068 51.132141113 -0.123342879 -0.791571259 -0.069133952 0.594493151
1403638611327829504.000000 -40.828041077 -3.336094379 51.019271851 -0.119973466 -0.791829169 -0.070840262 0.594638288
1403638611677829376.000000 -40.547542572 -3.364952087 50.914230347 -0.104611374 -0.799326897 -0.096704081 0.583764851
1403638611977829376.000000 -40.289062500 -3.419992685 50.820602417 -0.122767374 -0.803375542 -0.073965363 0.577966392
1403638612227829504.000000 -40.071617126 -3.459411383 50.749778748 -0.126990959 -0.804922402 -0.070505910 0.575327992
1403638612477829376.000000 -39.857028961 -3.482903242 50.715824127 -0.126028255 -0.803144157 -0.075089544 0.577440739
1403638612727829504.000000 -39.637767792 -3.499795914 50.651180267 -0.120584764 -0.801847577 -0.089645721 0.578328133
1403638612977829376.000000 -39.413478851 -3.526470184 50.571739197 -0.123645604 -0.798094034 -0.092939660 0.582340062
1403638613227829504.000000 -39.184482574 -3.568136215 50.532035828 -0.128288954 -0.801244855 -0.089031816 0.577600300
1403638613477829376.000000 -38.954826355 -3.617767811 50.528217316 -0.128419220 -0.800900817 -0.090560474 0.577810764
1403638613777829376.000000 -38.677551270 -3.683261633 50.488662720 -0.143417701 -0.789775491 -0.091447115 0.589341640
1403638614077829376.000000 -38.368263245 -3.746750355 50.394020081 -0.176980674 -0.783156931 -0.117205866 0.584470749
1403638614327829504.000000 -38.090171814 -3.803771973 50.308917999 -0.215896785 -0.779443800 -0.144364610 0.570100844
1403638614577829376.000000 -37.809394836 -3.864113569 50.268169403 -0.240863517 -0.775017381 -0.153575137 0.563691020
1403638614827829504.000000 -37.523952484 -3.910870552 50.279342651 -0.282496780 -0.766574562 -0.157160416 0.554851055
1403638615077829376.000000 -37.223834991 -3.924651146 50.335563660 -0.334378600 -0.752465248 -0.187052429 0.535722435
1403638615327829504.000000 -36.914752960 -3.900950670 50.414340973 -0.381607592 -0.721761167 -0.249456942 0.520776153
1403638615577829376.000000 -36.598731995 -3.888900280 50.480804443 -0.435756028 -0.687332392 -0.297658265 0.499089539
1403638615827829504.000000 -36.288585663 -3.880123377 50.537109375 -0.465074539 -0.667812884 -0.318870723 0.485852927
1403638616077829376.000000 -35.981067657 -3.876600742 50.599288940 -0.489480317 -0.650206208 -0.334076375 0.475430161
1403638616377829376.000000 -35.606613159 -3.879115582 50.574504852 -0.530269802 -0.619046390 -0.360088348 0.453797340
1403638617227829504.000000 -34.548709869 -3.838900328 50.324512482 -0.569775164 -0.604314208 -0.375442863 0.411343336
1403638617477829376.000000 -34.231220245 -3.763543367 50.337203979 -0.568947017 -0.616315246 -0.367133677 0.402079344
1403638617727829504.000000 -33.935260773 -3.648464680 50.398632050 -0.560927331 -0.621794701 -0.370445549 0.401873022
1403638618227829504.000000 -33.428306580 -3.312741518 50.584575653 -0.554589331 -0.624995828 -0.369293541 0.406734705
1403638618477829376.000000 -33.204601288 -3.112749338 50.644599915 -0.551909029 -0.626661897 -0.369673967 0.407470852
1403638618727829504.000000 -33.003543854 -2.892501831 50.695133209 -0.553562582 -0.623374581 -0.376007557 0.404463857
1403638618977829376.000000 -32.818946838 -2.652133703 50.763294220 -0.559786737 -0.609619319 -0.388743162 0.404823214
1403638619227829504.000000 -32.646419525 -2.405815840 50.801856995 -0.586695552 -0.573828638 -0.418022811 0.389571607
1403638620077829376.000000 -32.182987213 -1.648022532 50.682365417 -0.657626331 -0.479775935 -0.447708696 0.369999498
1403638622077829376.000000 -30.809040070 -0.807040811 50.514915466 -0.625285864 -0.501246512 -0.469805419 0.370205909
1403638624527829504.000000 -30.378211975 -2.220304966 50.554130554 -0.646734715 -0.488625258 -0.457768500 0.365277380
1403638624827829504.000000 -30.360906601 -2.526141882 50.529045105 -0.636048913 -0.497543752 -0.463834465 0.364348382
1403638625127829504.000000 -30.353025436 -2.858434200 50.541332245 -0.635668337 -0.507136703 -0.447192937 0.372500628
1403638625377829376.000000 -30.340833664 -3.133706331 50.529930115 -0.635027528 -0.510125339 -0.442051530 0.375636339
1403638625627829504.000000 -30.318019867 -3.406174898 50.543544769 -0.634091496 -0.512327611 -0.441988230 0.374292612
1403638625927829504.000000 -30.279912949 -3.724665165 50.581539154 -0.640605628 -0.517685533 -0.433590472 0.365548134
1403638626227829504.000000 -30.228202820 -4.021490097 50.577480316 -0.642944515 -0.517056584 -0.432064861 0.364135653
1403638626527829504.000000 -30.168804169 -4.297315598 50.538032532 -0.633820593 -0.521216452 -0.444948941 0.358643681
1403638626827829504.000000 -30.123819351 -4.547689438 50.493965149 -0.641646624 -0.525107443 -0.433018088 0.353620201
1403638627127829504.000000 -30.084260941 -4.750846386 50.485870361 -0.641109109 -0.528185964 -0.431350231 0.352045029
1403638627427829504.000000 -30.046417236 -4.908725262 50.459682465 -0.638752759 -0.530235589 -0.433580965 0.350503564
1403638627777829376.000000 -30.013790131 -5.038087845 50.409133911 -0.633001089 -0.526926458 -0.442922980 0.354227960
1403638628127829504.000000 -30.008218765 -5.136387825 50.365268707 -0.635175943 -0.529834390 -0.441648990 0.347524554
1403638628427829504.000000 -30.025575638 -5.188899040 50.347953796 -0.638681412 -0.527756512 -0.438519329 0.348223984
1403638628977829376.000000 -30.052789688 -5.236616135 50.316688538 -0.635508299 -0.515311897 -0.444810688 0.364316344
1403638629377829376.000000 -30.055919647 -5.270181656 50.275535583 -0.634953022 -0.523011386 -0.445339233 0.353506237
1403638629877829376.000000 -30.084590912 -5.251142025 50.261554718 -0.645513773 -0.504807174 -0.432970583 0.375523776
1403638630227829504.000000 -30.073095322 -5.247087955 50.188697815 -0.629532456 -0.513079762 -0.455996424 0.364012688
1403638630527829504.000000 -30.090194702 -5.258144855 50.139072418 -0.636319578 -0.520899177 -0.442556232 0.357638866
1403638630727829504.000000 -30.100606918 -5.270282269 50.073768616 -0.647732973 -0.544016480 -0.413360417 0.337077528
1403638631077829376.000000 -30.098390579 -5.314454079 50.025371552 -0.649936855 -0.542770803 -0.412822455 0.335499138
1403638631577829376.000000 -30.067594528 -5.312292099 50.007595062 -0.651540637 -0.540989161 -0.410839647 0.337692797
