1403638538777829376.000000 -3.615581274 1.303149223 2.142284155 -0.574943662 -0.610496700 -0.371594906 0.398310065
1403638539027829504.000000 -3.617762089 1.313381314 2.143468380 -0.569727838 -0.604810119 -0.379618496 0.406822801
1403638539277829376.000000 -3.621083498 1.332633972 2.169705153 -0.562153697 -0.594908774 -0.390833914 0.421088636
1403638542227829504.000000 -4.391750336 2.314713955 2.582789660 -0.363412619 -0.741733015 -0.250786096 0.504846275
1403638542977829376.000000 -4.957965851 2.472844362 2.681092978 -0.289272577 -0.768914998 -0.212936744 0.528913200
1403638543127829504.000000 -5.078206062 2.470115662 2.725029707 -0.295416802 -0.769239604 -0.206911698 0.527434349
1403638543477829376.000000 -5.367546558 2.462444067 2.781046629 -0.295376122 -0.770138502 -0.204034105 0.527266383
1403638543827829504.000000 -5.672689915 2.447128296 2.803041697 -0.233131647 -0.792141855 -0.175843477 0.535947859
1403638544577829376.000000 -6.393806934 2.405538321 2.933436632 -0.176017210 -0.805057406 -0.118254073 0.554000556
1403638546077829376.000000 -7.788501263 2.382384777 2.978977919 -0.061447587 -0.822819173 -0.050711621 0.562691152
1403638546277829376.000000 -7.968320847 2.372679234 2.999536037 -0.037558161 -0.824834108 -0.034571860 0.563065708
1403638546677829376.000000 -8.341505051 2.342489004 2.990820408 -0.022414740 -0.825862050 -0.017118409 0.563166440
1403638546877829376.000000 -8.536335945 2.321107864 3.019477367 -0.009338997 -0.826436818 -0.013200307 0.562797308
1403638547277829376.000000 -8.938166618 2.255765676 3.054948330 0.005627320 -0.827606738 -0.022860199 0.560814440
1403638548627829504.000000 -10.451565742 1.718907952 3.001344442 0.058729470 -0.827162027 0.035262983 0.557772756
1403638548827829504.000000 -10.698868752 1.616610169 3.023200750 0.069414467 -0.826472819 0.043621410 0.556975365
1403638549027829504.000000 -10.950991631 1.511907816 3.066999435 0.073298760 -0.826586127 0.045786150 0.556135118
1403638549427829504.000000 -11.459328651 1.298486471 3.214028597 0.066711552 -0.824516892 0.052351277 0.559446931
1403638549827829504.000000 -11.977514267 1.092993855 3.337894917 0.062955625 -0.822973728 0.052883957 0.562098086
1403638550227829504.000000 -12.522492409 0.904527187 3.534853458 0.061876401 -0.825138211 0.055043004 0.558827817
1403638550677829376.000000 -13.149676323 0.722036481 3.796877623 0.058289025 -0.820225060 0.062565766 0.565613687
1403638550877829376.000000 -13.425799370 0.659239054 3.879630566 0.056118086 -0.812829912 0.064981729 0.576138556
1403638551277829376.000000 -13.926002502 0.583454847 4.022381783 0.049951676 -0.802570999 0.071914196 0.590095699
1403638553977829376.000000 -15.106595993 2.429111481 4.641256809 -0.048824411 -0.794574678 -0.032374457 0.604333699
1403638556777829376.000000 -13.365126610 4.709778786 4.980666637 -0.110871337 -0.821874142 -0.038051981 0.557478666
1403638559377829376.000000 -13.283015251 7.637790203 5.413045883 -0.096209906 -0.819591582 -0.062869109 0.561302781
1403638561877829376.000000 -13.786041260 9.784481049 5.006238461 -0.367820799 -0.724462509 -0.257899672 0.522828698
1403638563377829376.000000 -13.025068283 10.307322502 4.922714233 -0.558194101 -0.575675488 -0.379255503 0.461716801
1403638563827829504.000000 -12.621333122 10.301733017 4.855109692 -0.563663900 -0.572371960 -0.379168063 0.459243983
1403638564427829504.000000 -11.900853157 10.126591682 4.875508785 -0.543721199 -0.582874715 -0.377520025 0.471278161
1403638564877829376.000000 -11.228340149 9.867224693 4.908587933 -0.550189674 -0.581534147 -0.363203168 0.476647496
1403638565277829376.000000 -10.535969734 9.575832367 4.739289284 -0.552317381 -0.581629157 -0.360480219 0.476137668
1403638566677829376.000000 -7.861359596 8.188931465 4.007508755 -0.548638761 -0.609214604 -0.374742776 0.432921439
1403638566877829376.000000 -7.520947456 7.976554871 3.841359377 -0.558724463 -0.626357555 -0.354487389 0.412118763
1403638567177829376.000000 -7.040424347 7.714338779 3.583018303 -0.543122649 -0.617742479 -0.371689141 0.430417478
1403638569827829504.000000 -4.768053532 6.445873737 2.513624191 -0.543729186 -0.622432113 -0.389736116 0.406254292
1403638572577829376.000000 -3.350061417 5.776989460 2.033854485 -0.767258644 -0.320644855 -0.502116084 0.237445891
1403638573377829376.000000 -2.326337814 5.489410877 2.094726562 -0.772003651 -0.329182208 -0.500046730 0.213547900
1403638573777829376.000000 -1.773731709 5.486530781 2.180324078 -0.773292959 -0.323712498 -0.507342994 0.199577987
1403638573977829376.000000 -1.493236303 5.521800995 2.232854605 -0.771605313 -0.291224539 -0.532555282 0.190258816
1403638574377829376.000000 -0.960894406 5.584360123 2.270760059 -0.791568696 -0.177502096 -0.559294164 0.170592964
1403638574677829376.000000 -0.584751785 5.571166039 2.280957222 -0.803440154 -0.130301327 -0.567478895 0.124391414
1403638574927829504.000000 -0.285551906 5.539375782 2.324355841 -0.812284112 -0.127223596 -0.560662568 0.098317154
1403638575327829504.000000 0.185079530 5.481273651 2.338605404 -0.818442106 -0.117735416 -0.550392270 0.115582757
1403638575627829504.000000 0.558610380 5.415359020 2.313236475 -0.823742867 -0.134764582 -0.540204525 0.107076176
1403638575877829376.000000 0.895961106 5.360975742 2.330918312 -0.826120198 -0.150185585 -0.534735143 0.095016234
1403638576327829504.000000 1.557425141 5.325604916 2.468415260 -0.821149886 -0.155064926 -0.541669667 0.090894438
1403638576577829376.000000 1.945089221 5.345125198 2.521358967 -0.820480824 -0.165242717 -0.542165339 0.074584991
1403638576827829504.000000 2.336953640 5.412225723 2.547889948 -0.812606156 -0.167037189 -0.553646982 0.072421573
1403638577077829376.000000 2.716453552 5.522751331 2.547874689 -0.808222234 -0.154360071 -0.561127484 0.089920349
1403638577577829376.000000 3.426325321 5.807953835 2.635318756 -0.807669461 -0.160583571 -0.561456442 0.081545822
1403638577827829504.000000 3.752119064 5.985655308 2.661598921 -0.809753537 -0.157162979 -0.558407843 0.088202901
1403638578077829376.000000 4.065614223 6.184198856 2.669384718 -0.808286130 -0.158150107 -0.559904397 0.090384178
1403638578327829504.000000 4.370667934 6.401280403 2.711020231 -0.809498429 -0.144871429 -0.557870150 0.111827970
1403638578577829376.000000 4.669352531 6.607419014 2.739621401 -0.809596062 -0.143115416 -0.558127224 0.112098627
1403638578827829504.000000 4.959109306 6.797381401 2.745855570 -0.807877779 -0.151029542 -0.560847461 0.099869013
1403638579077829376.000000 5.239252567 6.990502357 2.750336409 -0.805517852 -0.156526059 -0.563687086 0.094326966
1403638581577829376.000000 6.827804565 8.496906281 2.694370270 -0.686073661 -0.447829455 -0.482619762 0.309563994
1403638584327829504.000000 6.564076900 9.083497047 3.462358952 -0.667465448 -0.431675494 -0.518317163 0.315425873
1403638586227829504.000000 5.191558361 8.902919769 3.675295830 -0.693343401 -0.439155728 -0.484108090 0.303408265
1403638586627829504.000000 4.899666786 8.893217087 3.712432146 -0.682332456 -0.440346479 -0.500747859 0.299614698
1403638589027829504.000000 2.787645102 8.633069992 3.490557909 -0.688714266 -0.433801323 -0.491749734 0.309307724
1403638591377829376.000000 0.693433583 8.096716881 3.358883858 -0.713178277 -0.440909892 -0.461113155 0.290430576
1403638591627829504.000000 0.533473432 8.091176987 3.332351685 -0.720826566 -0.442524195 -0.449861616 0.286715865
1403638592027829504.000000 0.350196719 8.174163818 3.285384417 -0.712975621 -0.437228769 -0.461675644 0.295554221
1403638592777829376.000000 0.203243986 8.471180916 3.532250881 -0.672387302 -0.487421483 -0.439715862 0.342002362
1403638593527829504.000000 0.266902626 8.849580765 3.834736586 -0.649557650 -0.498540133 -0.463628173 0.338499010
1403638593977829376.000000 0.280630291 9.098521233 3.964954615 -0.634236574 -0.486276358 -0.478228688 0.364110708
1403638595777829376.000000 -0.062260460 9.301881790 4.413861752 -0.636490703 -0.509690046 -0.455978572 0.356622040
1403638596177829376.000000 -0.171710148 9.264883041 4.374018192 -0.626577914 -0.521021783 -0.470151037 0.338961035
1403638597027829504.000000 -0.931989729 9.223970413 4.520792484 -0.596049607 -0.546648145 -0.505158663 0.301190108
1403638597427829504.000000 -1.690579772 9.240131378 4.601440907 -0.598440409 -0.534422457 -0.507465065 0.314230859
1403638597627829504.000000 -2.152445316 9.242690086 4.608132362 -0.606020749 -0.517795861 -0.500130355 0.338372529
1403638597827829504.000000 -2.643691063 9.231738091 4.594996929 -0.600314021 -0.525100052 -0.502447188 0.333826125
1403638598027829504.000000 -3.168579102 9.206748962 4.568667889 -0.588800311 -0.539516091 -0.502417386 0.331380904
1403638598227829504.000000 -3.733890772 9.168185234 4.560681820 -0.600001633 -0.532049179 -0.477712244 0.358765513
1403638598427829504.000000 -4.311378479 9.114624977 4.554866791 -0.611252844 -0.528517008 -0.458600998 0.369763434
1403638598627829504.000000 -4.882448673 9.051716805 4.524632931 -0.610430658 -0.535542428 -0.449408799 0.372290820
1403638598827829504.000000 -5.443975449 8.984552383 4.485804081 -0.594707310 -0.552443981 -0.439912528 0.384195119
1403638599027829504.000000 -5.995354652 8.912141800 4.464764118 -0.573671818 -0.575634956 -0.424261332 0.399433881
1403638599227829504.000000 -6.540336132 8.832728386 4.468350887 -0.547542036 -0.601149917 -0.408341825 0.414817572
1403638599427829504.000000 -7.078834057 8.744440079 4.496549129 -0.524603963 -0.626937449 -0.388168246 0.425518006
1403638599627829504.000000 -7.607794762 8.654300690 4.530901432 -0.514784515 -0.640424609 -0.374742717 0.429442883
1403638600577829376.000000 -9.907542229 8.373297691 4.436421871 -0.560062110 -0.617222607 -0.325338066 0.446678698
1403638600827829504.000000 -10.361861229 8.387311935 4.455531597 -0.563956797 -0.623629928 -0.319667548 0.436865151
1403638601077829376.000000 -10.751588821 8.455228806 4.486016750 -0.545894384 -0.643935025 -0.341935426 0.412828326
1403638601327829504.000000 -11.124074936 8.572614670 4.490045071 -0.525760293 -0.645684540 -0.367269784 0.414464086
1403638601577829376.000000 -11.507803917 8.717768669 4.503782749 -0.503224254 -0.650314033 -0.356047422 0.443945229
1403638601827829504.000000 -11.894649506 8.862572670 4.554167271 -0.452472180 -0.682163656 -0.334703803 0.466792375
1403638602327829504.000000 -12.683149338 9.094670296 4.661164284 -0.363134563 -0.724632561 -0.296436161 0.505140185
1403638602577829376.000000 -13.078063011 9.152357101 4.723651409 -0.319149792 -0.696853220 -0.256321281 0.588929951
1403638602827829504.000000 -13.380759239 9.136475563 4.826093674 -0.275693536 -0.711826622 -0.223779976 0.605985522
1403638604777829376.000000 -13.440210342 7.832017899 4.983856201 -0.196532756 -0.787144959 -0.141681775 0.567189515
1403638605277829376.000000 -13.234356880 7.310332298 5.029926300 -0.204165533 -0.807877123 -0.131223843 0.537057936
1403638606027829504.000000 -13.101767540 6.549491882 5.112668991 -0.167210877 -0.798859000 -0.183240250 0.547985375
1403638606277829376.000000 -13.109671593 6.212400913 5.139303684 -0.166179150 -0.801114082 -0.188031062 0.543364644
1403638606527829504.000000 -13.146624565 5.832762241 5.116628170 -0.192756906 -0.810077846 -0.155190393 0.531540036
1403638606777829376.000000 -13.221237183 5.452989101 5.059390068 -0.189398617 -0.821579278 -0.130248278 0.521700263
1403638607027829504.000000 -13.348220825 5.098648071 5.000167370 -0.152044952 -0.832434118 -0.097867504 0.523791671
1403638607827829504.000000 -13.938118935 4.201343060 4.848371506 -0.108887538 -0.813216746 -0.059770145 0.568550467
1403638608077829376.000000 -14.113360405 3.986295223 4.740336418 -0.117755704 -0.812080920 -0.054850105 0.568902254
1403638608577829376.000000 -14.419956207 3.636749029 4.437310696 -0.110664278 -0.802180648 -0.073902026 0.582063675
1403638608827829504.000000 -14.528398514 3.475601673 4.275270939 -0.112427987 -0.799283624 -0.070445664 0.586125374
1403638609077829376.000000 -14.600811005 3.324537516 4.155016422 -0.116499849 -0.807190716 -0.063887209 0.575142860
1403638609327829504.000000 -14.652099609 3.193803549 4.059671879 -0.122671284 -0.802859545 -0.055028670 0.580809891
1403638609577829376.000000 -14.679986000 3.089688063 3.926831484 -0.118506908 -0.805999815 -0.062498134 0.576553822
1403638609977829376.000000 -14.697144508 2.960688353 3.692264080 -0.116739713 -0.805748165 -0.065222584 0.576964378
1403638610477829376.000000 -14.652811050 2.855003119 3.472019672 -0.116240941 -0.794966638 -0.067169458 0.591611624
1403638610827829504.000000 -14.533563614 2.801107407 3.278016567 -0.115991071 -0.793663859 -0.065090045 0.593638778
1403638611227829504.000000 -14.312357903 2.764490604 3.108839035 -0.114548683 -0.793110073 -0.061450049 0.595045209
1403638611727829504.000000 -13.923986435 2.729207277 2.948630810 -0.099868648 -0.802466810 -0.085886486 0.581976593
1403638612077829376.000000 -13.624231339 2.671283007 2.833244801 -0.116422527 -0.806842744 -0.066313714 0.575372040
1403638612477829376.000000 -13.282797813 2.633717299 2.762479305 -0.118071638 -0.805221200 -0.068432681 0.577057242
1403638612827829504.000000 -12.978748322 2.616371155 2.663548470 -0.113242574 -0.802122951 -0.085809313 0.580010056
1403638613077829376.000000 -12.754909515 2.588390827 2.596716166 -0.118400916 -0.801552057 -0.083711281 0.580075741
1403638613477829376.000000 -12.392907143 2.521949053 2.575200319 -0.120321706 -0.802888691 -0.083908468 0.577799141
1403638613877829376.000000 -12.022255898 2.443718195 2.508648396 -0.142924607 -0.788450658 -0.090388343 0.591395020
1403638614177829376.000000 -11.702365875 2.386542320 2.406631470 -0.185461283 -0.785316825 -0.123700202 0.577563822
1403638614477829376.000000 -11.361743927 2.323123932 2.336975098 -0.223133966 -0.780740619 -0.143839687 0.565654874
1403638614727829504.000000 -11.072692871 2.274318457 2.332818508 -0.254011810 -0.773470938 -0.149410605 0.561157048
1403638614977829376.000000 -10.770836830 2.247649908 2.378106117 -0.305184186 -0.764687717 -0.163890377 0.543373942
1403638615227829504.000000 -10.456270218 2.259642839 2.455564737 -0.353431016 -0.740325212 -0.219869450 0.527884901
1403638615477829376.000000 -10.137838364 2.289299488 2.532748699 -0.406856418 -0.706170797 -0.274406105 0.510384262
1403638615727829504.000000 -9.828278542 2.315173388 2.581072807 -0.448091537 -0.679838777 -0.305472165 0.493680090
1403638615977829376.000000 -9.524594307 2.330861092 2.649997950 -0.472972661 -0.663645566 -0.318335861 0.484286994
1403638616277829376.000000 -9.155960083 2.339961290 2.675677061 -0.508932769 -0.637438774 -0.341752619 0.466759443
1403638616577829376.000000 -8.782841682 2.341515779 2.587777376 -0.549029410 -0.607946157 -0.364852965 0.442549974
1403638616877829376.000000 -8.413127899 2.349226236 2.464483261 -0.581483841 -0.605546594 -0.344768405 0.419910431
1403638617377829376.000000 -7.780080795 2.483425617 2.381913662 -0.563290894 -0.618367076 -0.361940056 0.411491126
1403638617777829376.000000 -7.315354347 2.684402704 2.455549717 -0.553792596 -0.627077162 -0.362757444 0.410481483
1403638618127829504.000000 -6.962501526 2.929258347 2.586135387 -0.549528360 -0.629572570 -0.361271858 0.413690209
1403638618727829504.000000 -6.455944061 3.443497419 2.696049213 -0.547068655 -0.628410399 -0.367828041 0.412939310
1403638619577829376.000000 -5.945593834 4.279139519 2.758166790 -0.629235983 -0.521229267 -0.440788299 0.371601850
1403638622527829504.000000 -4.209090233 5.561636448 2.394775391 -0.623422563 -0.507858336 -0.460534543 0.375941753
1403638624827829504.000000 -3.900346279 3.877394438 2.486302137 -0.630084872 -0.505266368 -0.458043426 0.371342361
1403638625127829504.000000 -3.882981539 3.548274994 2.494167566 -0.629625142 -0.514739394 -0.441315144 0.379284203
1403638625427829504.000000 -3.860257149 3.220243216 2.483140707 -0.627753139 -0.517902136 -0.437025309 0.383030266
1403638625727829504.000000 -3.825046778 2.897195578 2.510557175 -0.630465508 -0.521042526 -0.432919085 0.378957987
1403638626027829504.000000 -3.777833700 2.588674068 2.533414364 -0.635749638 -0.524555326 -0.427305609 0.371583104
1403638626327829504.000000 -3.716936588 2.305546761 2.513679028 -0.632651448 -0.525017917 -0.433373392 0.369182795
1403638626627829504.000000 -3.657033920 2.043513775 2.465384960 -0.629741430 -0.529104769 -0.436792254 0.364261359
1403638626977829376.000000 -3.603298187 1.780085087 2.442063093 -0.636081159 -0.534659088 -0.426117390 0.357721180
1403638627277829376.000000 -3.563454866 1.607022643 2.433772802 -0.634727359 -0.535905004 -0.426302522 0.358040750
1403638627577829376.000000 -3.528372526 1.476756692 2.399151564 -0.631840765 -0.536641896 -0.430218369 0.357358336
1403638627877829376.000000 -3.505233526 1.381279588 2.354750395 -0.626959383 -0.533571422 -0.438679487 0.360255152
1403638628177829376.000000 -3.500548840 1.307625532 2.311142921 -0.629874706 -0.535893977 -0.436657965 0.354126185
1403638628477829376.000000 -3.516146421 1.263980031 2.287311316 -0.633823216 -0.529984534 -0.432790965 0.360661119
1403638628777829376.000000 -3.536535501 1.238399982 2.282227993 -0.634305418 -0.516469538 -0.432725012 0.379031718
1403638629077829376.000000 -3.538444996 1.208829880 2.252725124 -0.628788233 -0.524181187 -0.441349149 0.367519170
1403638629377829376.000000 -3.546648026 1.182839990 2.241327524 -0.629701734 -0.529480875 -0.439901650 0.360017180
1403638629877829376.000000 -3.577062845 1.185186267 2.243938923 -0.640864253 -0.511669755 -0.426347435 0.381726265
1403638630177829376.000000 -3.567728758 1.194656014 2.191457272 -0.624169588 -0.517329752 -0.450905442 0.373452187
1403638630627829504.000000 -3.577849388 1.218047619 2.143275499 -0.625971854 -0.522150993 -0.445666790 0.369998395
1403638630877829376.000000 -3.573245764 1.213363409 2.127472401 -0.636712968 -0.545505404 -0.418948710 0.348572195
1403638631377829376.000000 -3.575114012 1.185930610 2.133416653 -0.636850297 -0.545540154 -0.419066370 0.348125190
