1403715534362142976.000000 0.406988621 -0.314910561 -0.198555410 -0.543419480 -0.616478682 -0.366966486 0.435872674
1403715535212143104.000000 1.603261232 -0.227272168 -0.461841345 -0.656704485 -0.539988279 -0.409664720 0.330645829
1403715538162142976.000000 2.557360888 1.270554423 -0.499863029 -0.588298380 -0.547930837 -0.399162173 0.440847307
1403715540462142976.000000 1.893811941 -1.137700558 -0.710705400 -0.810080647 -0.258874267 -0.491473705 0.187635273
1403715542962142976.000000 4.448720455 -1.307943463 -0.397230834 -0.710065365 -0.374251574 -0.526161790 0.280885816
1403715543462142976.000000 4.569405556 -1.227267861 -0.458732516 -0.710643113 -0.360507548 -0.527525365 0.294512749
1403715543812143104.000000 4.602554321 -1.285123587 -0.514533699 -0.689306557 -0.362139642 -0.569141269 0.264177173
1403715544212143104.000000 4.470863819 -1.445061445 -0.638434112 -0.741107941 -0.284378022 -0.581679404 0.177587569
1403715546762142976.000000 1.912981272 -2.555984735 -0.811391830 -0.759811819 -0.345000714 -0.501178980 0.229085475
1403715546962142976.000000 1.721861124 -2.647951365 -0.787146151 -0.735604286 -0.425637037 -0.454353690 0.266987354
1403715547212143104.000000 1.517423749 -2.714861870 -0.756332517 -0.675911367 -0.518205702 -0.424948186 0.306636035
1403715547462142976.000000 1.320368052 -2.712102890 -0.719870329 -0.621221662 -0.590247512 -0.387083054 0.340379655
1403715547662142976.000000 1.155200005 -2.651657581 -0.703891993 -0.578567505 -0.640656829 -0.350181401 0.363581389
1403715547862142976.000000 0.970677614 -2.535040617 -0.692761779 -0.526662409 -0.686210871 -0.318991482 0.387280047
1403715548112143104.000000 0.703993678 -2.309675932 -0.682020545 -0.465500414 -0.701458871 -0.308881432 0.442557424
1403715548362142976.000000 0.418757081 -2.053520918 -0.681011975 -0.435952604 -0.696547806 -0.324213862 0.468670309
1403715548562142976.000000 0.177324027 -1.854343295 -0.713680148 -0.442436457 -0.693106592 -0.322829306 0.468651772
1403715549562142976.000000 -1.051838398 -1.012926579 -0.876800656 -0.438637018 -0.671175957 -0.287594885 0.523841321
1403715550112143104.000000 -1.395106077 -0.668335497 -0.927270889 -0.550632179 -0.603946745 -0.288281024 0.498945534
1403715550262142976.000000 -1.393763065 -0.552712440 -0.913309395 -0.582893789 -0.583359778 -0.322107881 0.464943767
1403715550562142976.000000 -1.294410229 -0.313736290 -0.812397420 -0.635577440 -0.528691590 -0.394499630 0.401119232
1403715550862142976.000000 -1.114303946 -0.075285040 -0.785471559 -0.701839447 -0.435764819 -0.427318752 0.367327005
1403715551162142976.000000 -0.840810835 0.128405407 -0.821102440 -0.748789668 -0.348288178 -0.466289967 0.317148298
1403715551462142976.000000 -0.448694199 0.268372566 -0.795142114 -0.784440160 -0.245651573 -0.500222206 0.272188663
1403715551762142976.000000 0.017989200 0.294868827 -0.764272749 -0.787445426 -0.158452123 -0.563766122 0.192329004
1403715552062142976.000000 0.467485189 0.197818279 -0.699950099 -0.775745630 -0.069599792 -0.616435826 0.115678206
1403715552362142976.000000 0.803385854 0.033070706 -0.635336041 0.770215631 -0.006231587 0.637367249 -0.022185141
1403715552662142976.000000 0.985250473 -0.149498403 -0.583337009 0.753859639 -0.119828790 0.643683314 0.054851014
1403715553062142976.000000 0.954764962 -0.395620853 -0.543844998 0.724414766 -0.313276291 0.600783885 0.127043545
1403715555162142976.000000 -0.567570090 -1.037609458 -0.903595984 0.677933514 -0.424292594 0.446994841 0.400721341
1403715558012143104.000000 0.035264798 -1.483811617 -0.502708375 0.684022546 -0.470692933 0.457109749 0.318766534
1403715558762142976.000000 0.181667522 -2.317935228 -0.366354764 0.650007129 -0.450405806 0.498192400 0.355569452
1403715559012143104.000000 0.253046095 -2.506970882 -0.382777125 0.673035443 -0.413011521 0.501644969 0.353266299
1403715559862142976.000000 0.556206286 -2.567882299 -0.476565063 0.769675672 -0.292707831 0.514664531 0.238834754
1403715560412143104.000000 0.930760682 -2.352778435 -0.578390718 0.806980908 -0.197681725 0.535628676 0.151015729
1403715561962142976.000000 2.510992289 -1.423338890 -0.518686235 -0.789025724 -0.134761453 -0.593784451 0.081840113
1403715563912143104.000000 2.377674103 0.215212792 -0.513612092 -0.606651902 -0.493430734 -0.505481005 0.364675999
1403715565862142976.000000 1.124780297 -0.114531241 -0.276133180 0.026890226 -0.795470178 0.018070012 0.605126023
1403715566162142976.000000 1.137951732 -0.276451409 -0.194138259 0.179257318 -0.778532267 0.126145929 0.588083088
1403715566662142976.000000 1.338618755 -0.473085105 -0.104579538 0.388116270 -0.694495678 0.280112445 0.537195146
1403715566962142976.000000 1.547003508 -0.530761778 -0.137633681 0.500602722 -0.616907179 0.369687617 0.481823176
1403715567262142976.000000 1.799920082 -0.509206653 -0.169690415 0.619350553 -0.513934970 0.459177285 0.376074404
1403715568062142976.000000 2.462359428 -0.254903138 -0.463209897 0.800906360 -0.102696247 0.581189275 0.101101667
1403715568312143104.000000 2.619784117 -0.105515257 -0.547700286 -0.799700916 -0.016305799 -0.600000799 -0.014552574
1403715568562142976.000000 2.730560541 0.073803581 -0.620710909 -0.787159741 -0.127311319 -0.599228799 0.071388356
1403715570612143104.000000 2.002468586 1.122233033 -0.728183508 -0.386826396 -0.686593831 -0.328732967 0.520469964
1403715571962142976.000000 1.288226008 0.336684525 -0.965894818 -0.267161936 -0.822207451 -0.017950365 0.502272069
1403715572462142976.000000 0.987113893 0.542738259 -1.084473729 -0.115153633 -0.822438776 -0.134716928 0.540541828
1403715572712143104.000000 0.745480359 0.647516072 -1.149105072 -0.046370905 -0.808738232 -0.102319598 0.577341378
1403715573012143104.000000 0.461881548 0.661651790 -1.176648259 0.021334738 -0.813550830 -0.024512226 0.580585063
1403715573662142976.000000 -0.024144836 0.518736601 -1.032124281 0.174604520 -0.804960132 0.146600053 0.547778070
1403715574062142976.000000 -0.314486682 0.435631573 -0.950125515 0.315629631 -0.788250685 0.192717224 0.491832078
1403715574362142976.000000 -0.576797366 0.310472667 -0.882132411 0.419792771 -0.722093165 0.255116552 0.487104714
1403715575062142976.000000 -0.999554038 -0.176595703 -0.795580208 0.494998157 -0.660683334 0.319572717 0.465131819
1403715575312143104.000000 -1.054797292 -0.389010787 -0.739531338 0.478048205 -0.636757016 0.332271934 0.505574763
1403715575712143104.000000 -1.035001040 -0.670905113 -0.671309292 0.482115269 -0.641660035 0.280103713 0.526668072
1403715575962142976.000000 -0.910986066 -0.845794320 -0.617463827 0.472806901 -0.654657960 0.276576251 0.520943522
1403715576212143104.000000 -0.705048621 -1.023114920 -0.576846719 0.451312482 -0.673888326 0.305548668 0.498830140
1403715576462142976.000000 -0.466216803 -1.188232064 -0.531966209 0.441220075 -0.658193111 0.324834824 0.516322732
1403715576662142976.000000 -0.251639515 -1.287302613 -0.479947031 0.431121588 -0.643566906 0.330528319 0.539172471
1403715576862142976.000000 -0.002254851 -1.334997058 -0.430047274 0.425509930 -0.664661348 0.309426546 0.530492187
1403715578862142976.000000 2.089420319 -0.803819299 -0.900087774 0.202931166 -0.860785007 0.104029037 0.455023199
1403715579312143104.000000 1.895510674 -0.842679977 -0.993854582 0.242264569 -0.787232995 0.036680531 0.565885723
1403715582212143104.000000 1.357699156 -3.026230812 -0.982186496 0.225033939 -0.770753920 0.143085644 0.578640401
1403715583912143104.000000 0.922640026 -3.622127533 -1.222498298 -0.179786474 0.672230601 -0.196807966 -0.690687716
1403715586512143104.000000 2.325985909 -2.319806337 -0.926774144 0.227988020 -0.760707974 0.141976029 0.590921044
1403715587012143104.000000 2.392616749 -2.320253849 -0.926304698 0.213997811 -0.799023330 0.150884271 0.541295230
1403715587512143104.000000 2.503985643 -2.325901270 -0.884184182 0.205241010 -0.781700969 0.173778206 0.562690794
1403715587912143104.000000 2.591991425 -2.244225264 -0.837414026 0.119239688 -0.809461534 0.149609014 0.555131495
1403715588112143104.000000 2.607961893 -2.139405966 -0.808225393 0.065184958 -0.802242458 0.085631453 0.587218285
1403715588312143104.000000 2.638018370 -2.013419151 -0.836687505 0.002031227 -0.791633606 0.029972006 0.610257268
1403715588512143104.000000 2.702371836 -1.878157854 -0.912906528 -0.060021915 -0.787375987 -0.016437065 0.613324046
1403715588712143104.000000 2.810338974 -1.736136079 -0.977639258 -0.117974028 -0.793688178 -0.054869272 0.594247818
1403715588912143104.000000 2.941483021 -1.589040279 -1.046329498 -0.168516099 -0.815570116 -0.098020479 0.544830024
1403715589162142976.000000 3.077940226 -1.392985106 -1.125682473 -0.228714094 -0.829743862 -0.141342267 0.489118993
1403715589612143104.000000 3.061846972 -0.960777223 -1.100192785 -0.313660443 -0.820011199 -0.185267136 0.441446334
1403715589862142976.000000 2.869755268 -0.633292139 -0.980220139 -0.310351998 -0.787391961 -0.216473117 0.486656934
1403715591412143104.000000 0.833020329 0.678219438 -0.332643747 0.089938946 -0.829281688 -0.009707183 0.551460564
1403715591712143104.000000 0.367243290 0.662148535 -0.296567857 0.198980123 -0.814016700 0.071110308 0.541042626
1403715592062142976.000000 -0.142502606 0.530503988 -0.383453250 0.318257987 -0.771947443 0.126686066 0.535499573
1403715592362142976.000000 -0.494836569 0.290533960 -0.473927915 0.418581665 -0.707934797 0.186014429 0.537602484
1403715592662142976.000000 -0.677268028 -0.054785267 -0.486525476 0.516511440 -0.637053430 0.238076821 0.520286798
1403715592912143104.000000 -0.677628875 -0.397466063 -0.501289845 0.570070505 -0.598751724 0.316738069 0.464965641
1403715593162142976.000000 -0.577163815 -0.759674370 -0.507314265 0.606275082 -0.561423719 0.409339130 0.386879146
1403715593512143104.000000 -0.406085074 -1.251630902 -0.509907424 0.693460882 -0.445807755 0.446035355 0.348453760
1403715594012143104.000000 -0.023077387 -1.796899319 -0.540661514 0.760869145 -0.276756853 0.522757828 0.266848236
1403715594512143104.000000 0.490843326 -2.030116558 -0.550758600 0.815613031 -0.117895246 0.546390474 0.149444208
1403715594812143104.000000 0.843245387 -2.026408911 -0.559055924 0.843548596 -0.012483814 0.532776356 0.066478588
1403715595062142976.000000 1.180371284 -1.956261635 -0.570203543 -0.852723658 -0.062871069 -0.518210948 0.019156037
1403715595362142976.000000 1.655527592 -1.834063053 -0.578947902 -0.826921046 -0.157814264 -0.528333545 0.110272788
1403715596062142976.000000 2.651367426 -1.505267024 -0.577108920 -0.620991826 -0.395977169 -0.632543325 0.239708707
1403715596462142976.000000 2.617877245 -1.451185346 -0.469990075 -0.680603683 -0.451702237 -0.514613509 0.260608464
1403715596812143104.000000 2.396115065 -1.376687884 -0.360365242 -0.716055393 -0.513284683 -0.390623212 0.266865164
1403715597212143104.000000 2.224824905 -0.967926860 -0.250781059 -0.698065400 -0.540814281 -0.360868901 0.299997121
1403715597562142976.000000 2.171522617 -0.364793420 -0.152787551 -0.621178806 -0.530949056 -0.411794871 0.403305054
1403715598262142976.000000 2.200554609 0.705478728 -0.104770944 -0.528122008 -0.578882337 -0.414448589 0.462833375
1403715598612143104.000000 2.239590168 1.026947737 -0.154778510 -0.505191267 -0.532994926 -0.446453124 0.511251271
1403715600112143104.000000 2.694029331 0.667545676 -0.724225342 -0.550124407 -0.597532868 -0.404686093 0.420174658
1403715600462142976.000000 2.811482906 0.484597027 -0.864144504 -0.475786120 -0.671944141 -0.392731577 0.409732342
1403715600812143104.000000 2.757697582 0.308721244 -0.971120894 -0.412317425 -0.732823312 -0.277776986 0.464547426
1403715601112143104.000000 2.639256716 0.209779724 -0.944337904 -0.334371150 -0.762905836 -0.238733828 0.499176234
1403715601912143104.000000 2.080623865 -0.031692691 -0.648957908 -0.306435049 -0.753285825 -0.236099303 0.531897783
1403715602212143104.000000 1.842677355 -0.159155250 -0.578397036 -0.337169528 -0.703197062 -0.275544375 0.562055051
1403715602662142976.000000 1.597868443 -0.471306950 -0.521418571 -0.438940167 -0.687631249 -0.319429874 0.482140392
1403715602962142976.000000 1.445013046 -0.696023703 -0.571370542 -0.497692078 -0.654932737 -0.358045012 0.441780090
1403715603262142976.000000 1.265988231 -0.914805233 -0.703228772 -0.551134884 -0.614640415 -0.388969690 0.408864498
1403715603562142976.000000 1.057694197 -1.099125266 -0.815479219 -0.590318680 -0.583064497 -0.390315294 0.399015933
1403715603862142976.000000 0.857290208 -1.238806725 -0.892812073 -0.614906609 -0.551104963 -0.373293549 0.422877192
1403715604162142976.000000 0.744890034 -1.325865149 -0.904657185 -0.618629396 -0.575342178 -0.367363632 0.389002651
1403715604412143104.000000 0.697582006 -1.342855453 -0.920567691 -0.605145454 -0.579433918 -0.388010651 0.384061247
1403715604912143104.000000 0.599427104 -1.283847928 -0.961318910 -0.591199934 -0.570246577 -0.409497589 0.397005469
1403715605212143104.000000 0.527324617 -1.233859777 -0.969060004 -0.590285718 -0.572610855 -0.407174736 0.397351652
1403715605512143104.000000 0.450188726 -1.168094873 -0.972537100 -0.592179298 -0.566584766 -0.395876318 0.414231122
1403715605812143104.000000 0.395217985 -1.091439486 -1.040002108 -0.585197210 -0.574212551 -0.400767267 0.408913016
1403715606062142976.000000 0.361351490 -1.021706223 -1.093904257 -0.576990664 -0.576838791 -0.408873737 0.408853352
1403715606312143104.000000 0.312842488 -0.957733750 -1.158607483 -0.577966511 -0.575680256 -0.401655853 0.416196555
1403715606712143104.000000 0.243813962 -0.867556334 -1.181355476 -0.579464972 -0.569882929 -0.386914253 0.435604453
1403715606962142976.000000 0.235911086 -0.827357888 -1.208160400 -0.566687644 -0.568306744 -0.398870707 0.443615496
1403715607212143104.000000 0.240319550 -0.807163537 -1.246330738 -0.560946226 -0.584321201 -0.405013084 0.424113899
1403715607662142976.000000 0.218297809 -0.803303540 -1.279363036 -0.564421535 -0.586040854 -0.403651267 0.418390065
1403715608062142976.000000 0.186393023 -0.818202972 -1.267160416 -0.562221885 -0.589970410 -0.404802769 0.414700061
1403715608262142976.000000 0.184844717 -0.819641471 -1.258524776 -0.562941372 -0.588893890 -0.404003263 0.416031808
1403715608762142976.000000 0.191751167 -0.818532586 -1.250832200 -0.564904869 -0.588858962 -0.401306838 0.416029334
1403715609262142976.000000 0.217637390 -0.814519584 -1.251155972 -0.564960241 -0.588788390 -0.400946528 0.416401386
