#Stereo rect[ms], MP culling[ms], MP creation[ms], LBA[ms], KF culling[ms], Total[ms]
9.017442,0.034912,0.377702,0.014656,0.014656,9.456744
9.353830,0.104834,1.064399,0.004704,0.004704,10.532183
9.577450,0.207843,6.110040,0.243523,0.243523,27.134599
10.056465,0.283428,26.992325,0.420614,0.420614,67.742992
11.140736,0.372805,18.499595,0.939021,0.939021,63.147149
12.033550,0.354949,21.492789,0.422854,0.422854,73.523843
12.484436,0.425158,32.399187,1.152432,1.152432,91.754442
12.201551,0.396358,31.005919,1.051440,1.051440,91.483270
13.162685,0.306405,31.025343,1.084591,1.084591,93.208606
14.092267,0.253860,43.222894,53.336865,53.336865,173.736103
14.977176,0.314277,40.070081,1.136816,1.136816,99.256726
13.049532,0.319557,40.684298,1.419124,1.419124,125.097738
17.076342,0.451911,41.563895,1.370643,1.370643,120.639626
18.519307,0.359301,46.583263,1.776442,1.776442,143.029901
19.425144,0.314149,32.611990,1.857562,1.857562,123.497139
19.200660,0.265700,42.170016,2.028061,2.028061,131.595399
19.248470,0.285924,41.983356,2.119647,2.119647,147.220617
18.876528,0.312261,46.227258,2.253600,2.253600,146.961445
18.736078,0.311524,45.407246,2.349153,2.349153,150.477271
20.355845,0.251268,61.418644,2.402499,2.402499,188.072085
21.733945,0.319781,53.956393,2.486180,2.486180,183.624885
18.643596,0.337093,59.599899,3.871992,3.871992,186.522559
14.577970,0.295044,48.036308,3.461362,3.461362,174.117868
15.087546,0.286308,46.232186,3.659125,3.659125,271.907661
14.189229,0.378373,37.955619,3.342864,3.342864,144.940136
11.854923,0.224995,30.145043,3.330160,3.330160,131.369477
20.969486,0.304004,56.647280,3.593779,3.593779,188.383642
21.702744,0.371174,70.723258,3.551603,3.551603,211.582311
12.581333,0.221987,41.227698,3.435505,3.435505,144.441888
16.265227,0.233155,48.443482,3.719798,3.719798,159.626620
24.244701,0.460743,64.702020,4.011289,4.011289,198.503979
17.388827,0.336709,52.171567,2.782408,2.782408,186.566496
19.042706,0.331205,41.747097,3.297648,3.297648,163.123406
25.409998,0.326212,67.060678,3.624117,3.624117,210.636122
13.562211,0.270756,35.775844,5.980246,5.980246,166.486014
10.456471,0.183747,25.943893,3.279759,3.279759,139.772894
10.568504,0.179907,27.132582,5.717874,5.717874,147.694543
9.192645,0.139074,24.793029,3.046284,3.046284,132.156784
17.622814,0.277700,51.549702,5.236811,5.236811,195.810180
16.247178,0.174979,48.819647,2.653383,2.653383,184.087836
15.328797,0.187554,35.508128,4.227421,4.227421,153.983434
16.196457,0.200867,43.915800,3.905849,3.905849,166.768706
9.719916,0.044641,0.528935,0.005376,0.005376,10.303028
9.428456,0.124354,1.231185,0.004800,0.004800,10.792763
9.774573,0.212931,1.698489,0.306308,0.306308,24.104188
10.155922,0.239428,7.514668,0.585800,0.585800,35.075737
10.723259,0.255523,21.217874,0.798764,0.798764,59.888735
11.653192,0.387269,18.400393,1.103152,1.103152,65.644081
8.971361,0.332037,25.714386,1.260530,1.260530,72.749751
9.284997,0.408838,27.460396,1.265619,1.265619,87.428235
13.896424,0.465607,37.848417,1.492182,1.492182,117.339322
13.763718,0.476455,46.213369,87.069542,87.069542,204.913767
8.520027,0.304996,26.436765,1.325235,1.325235,73.953865
15.416958,0.469863,57.611710,1.923068,1.923068,145.128586
16.142025,0.442022,43.666421,1.885691,1.885691,124.526465
16.950484,0.499271,44.749572,2.101375,2.101375,128.961633
17.065814,0.566696,44.642435,2.143231,2.143231,133.665285
17.170231,0.497448,46.058327,2.099999,2.099999,142.672583
15.845732,0.468999,42.190047,2.676326,2.676326,144.138619
12.806041,0.453958,38.413609,2.593765,2.593765,155.675554
10.039440,0.355205,30.214707,2.718215,2.718215,135.396253
17.002708,0.610217,59.291734,2.923850,2.923850,205.704850
14.397904,0.448070,47.096550,3.597812,3.597812,193.372449
18.306824,0.533096,57.380570,5.102666,5.102666,198.576524
17.914242,0.503431,52.586742,5.085194,5.085194,193.715366
13.380224,0.426726,41.998941,4.566402,4.566402,183.571379
13.127453,0.476615,40.374533,4.969127,4.969127,417.117527
9.491945,0.468359,30.656409,5.375246,5.375246,155.232988
10.409494,0.348901,44.051578,4.914407,4.914407,193.541411
15.610752,0.594633,50.562552,4.898470,4.898470,203.528242
15.693634,0.533800,44.047834,4.666083,4.666083,199.285014
10.637913,0.457062,42.082974,4.458816,4.458816,169.171940
15.977830,0.435591,46.312123,3.455697,3.455697,176.321643
16.026311,0.483559,49.490152,4.429408,4.429408,217.308473
15.473151,0.487431,42.173503,3.226158,3.226158,177.892194
9.420424,0.352165,28.495227,3.278223,3.278223,160.059585
9.649323,0.359909,30.048849,4.820230,4.820230,168.423769
8.735518,0.311172,25.146346,3.289391,3.289391,159.583578
9.494633,0.322757,27.766703,3.236814,3.236814,182.165503
8.811934,0.290757,24.449568,4.632131,4.632131,170.733754
17.079254,0.438278,46.809090,7.283017,7.283017,212.038765
9.248902,0.287364,27.540140,4.969928,4.969928,183.797079
14.598834,0.329477,38.684685,6.310683,6.310683,210.107090
16.826898,0.361221,45.833044,3.625684,3.625684,210.933021
14.795062,0.378053,47.107110,3.774454,3.774454,213.126045
18.680493,0.733131,50.164562,6.953476,6.953476,230.131762
10.651001,0.318757,32.511476,5.419886,5.419886,215.059832
13.231742,0.366662,38.344200,5.266091,5.266091,214.135659
17.386426,0.520488,53.110685,4.188540,4.188540,228.210582
9.949071,0.314980,30.263572,4.312095,4.312095,220.080577
10.531063,0.363302,35.452926,5.624337,5.624337,203.485458
12.273520,0.383942,37.299225,3.509427,3.509427,220.451270
18.395912,0.474471,54.950871,4.543489,4.543489,234.423279
16.274026,0.460583,49.165892,6.369755,6.369755,239.506520
13.244799,0.365221,40.019008,4.600642,4.600642,218.919024
13.862151,0.404678,53.475106,4.687652,4.687652,226.178297
17.963843,0.478087,51.909515,5.874836,5.874836,224.555618
14.750005,0.416070,43.817334,5.267340,5.267340,213.465474
9.707116,0.319748,28.370841,4.028506,4.028506,197.435227
10.493463,0.409158,32.061358,3.596468,3.596468,210.594329
12.296177,0.437414,36.971093,6.391964,6.391964,204.320446
12.625974,0.470695,35.248028,6.613663,6.613663,210.395478
13.119933,0.507560,40.600744,6.094328,6.094328,215.623425
16.344427,0.481255,42.661766,8.438970,8.438970,216.078695
17.906785,0.839309,64.778436,5.405102,5.405102,242.423074
11.748170,0.493255,36.812818,6.827682,6.827682,214.893303
13.163229,0.559656,41.606295,5.593136,5.593136,205.274283
18.577547,0.670250,53.392288,7.244552,7.244552,227.707598
16.147464,0.581129,45.847124,6.097848,6.097848,214.093962
19.205748,0.669642,48.081844,7.771216,7.771216,225.104393
17.777120,0.605096,46.764866,6.271834,6.271834,218.541706
10.514391,0.388838,30.547319,7.074374,7.074374,211.316482
12.016141,0.517031,34.850166,8.103989,8.103989,196.373547
19.847229,0.520968,57.883873,7.615629,7.615629,569.051329
12.349746,0.608201,35.431198,7.182311,7.182311,205.875380
11.990828,0.657546,54.319054,8.712989,8.712989,225.553071
15.358365,0.655689,56.812786,7.481708,7.481708,229.305829
12.686103,0.601449,46.713600,7.631630,7.631630,218.913264
14.684820,0.685321,55.378462,10.190771,10.190771,232.187631
11.861034,0.526792,33.921416,8.797470,8.797470,216.629358
19.496857,0.803339,57.982403,8.843871,8.843871,241.868186
20.069953,0.765323,54.947031,8.500922,8.500922,240.819467
20.243843,0.734635,64.146779,8.902496,8.902496,278.958288
17.748127,0.592169,44.366911,10.957086,10.957086,227.218695
19.557114,0.659273,44.632515,12.614134,12.614134,234.339310
18.830063,0.715338,54.889207,9.182244,9.182244,242.911849
19.480025,0.695786,55.609504,12.619766,12.619766,246.691584
19.610779,0.552200,50.462582,10.427158,10.427158,241.675096
11.589063,0.566088,34.870966,10.304660,10.304660,225.380013
11.633256,0.507687,32.987995,10.674490,10.674490,221.540662
10.644282,0.485671,32.050317,12.827544,12.827544,216.032039
9.640874,0.451015,27.605293,15.876228,15.876228,209.471655
10.445878,0.495880,31.596134,13.880616,13.880616,218.095812
10.226227,0.480743,30.944446,17.136343,17.136343,211.975980
9.275237,0.517000,30.946333,9.355910,9.355910,207.785071
10.311701,0.531527,33.520035,15.673794,15.673794,214.322382
8.816351,0.484967,26.412156,10.717114,10.717114,198.755149
9.694316,0.508615,33.109277,15.167066,15.167066,211.025374
9.084515,0.472583,28.306999,16.222250,16.222250,206.491485
8.692349,0.573161,28.748637,6.540479,6.540479,198.764590
10.393590,0.673257,32.920858,12.147695,12.147695,209.077666
10.907101,0.672618,36.205737,11.805386,11.805386,215.158042
9.771437,0.569224,33.015963,12.797976,12.797976,207.289608
7.851249,0.481959,26.361692,9.847630,9.847630,206.799201
8.753278,0.498087,31.424388,10.834300,10.834300,206.585054
7.872337,0.431014,28.173174,12.396627,12.396627,202.156542
14.597554,0.656457,59.711292,7.156615,7.156615,247.350121
14.745717,0.800299,61.791258,10.653945,10.653945,254.160491
15.494752,0.585800,49.735372,11.482854,11.482854,240.427494
14.718644,0.788588,52.532916,12.212464,12.212464,265.113065
10.798235,0.604649,37.682462,10.412662,10.412662,218.861326
14.884439,0.584936,49.797229,8.337912,8.337912,243.736437
15.030361,0.845292,56.961588,6.465437,6.465437,260.157026
15.697474,0.799979,50.578360,8.937568,8.937568,247.159237
11.074815,0.640489,47.852433,10.173106,10.173106,251.869545
8.934816,0.430822,32.366386,7.227752,7.227752,211.035549
10.747707,0.489063,44.466208,10.320885,10.320885,233.719045
15.757123,0.835180,53.805191,10.802555,10.802555,268.283446
10.960382,0.406693,38.828847,10.709531,10.709531,219.237652
14.580882,0.598825,44.505568,10.526007,10.526007,227.935857
7.970098,0.439655,29.374599,10.505463,10.505463,197.536379
8.611836,0.410886,31.695496,10.904413,10.904413,197.238615
8.563931,0.439494,31.068447,10.310388,10.310388,204.150810
8.510491,0.503431,30.369749,5.963926,5.963926,197.508187
13.910120,0.750219,49.524329,10.382806,10.382806,223.683572
7.217800,0.446566,24.170300,10.763547,10.763547,108.135604
13.055068,0.664938,55.605696,6.796450,6.796450,146.653695
13.641508,0.958542,61.975644,11.057951,11.057951,232.611316
7.466668,0.380165,29.948879,9.498568,9.498568,180.292163
11.633000,0.699946,45.781299,10.389813,10.389813,205.283339
11.054463,0.652617,44.187420,9.769165,9.769165,196.831121
10.019889,0.771051,49.843565,11.066655,11.066655,216.443308
10.655801,0.622441,40.073089,11.543814,11.543814,207.213862
15.896933,1.026254,62.454723,11.467269,11.467269,231.181023
13.438690,0.660233,46.610879,11.193377,11.193377,216.392267
16.233034,0.779755,60.925549,7.295689,7.295689,230.238770
17.279289,0.849452,59.727356,8.314328,8.314328,232.918489
18.244870,0.746187,61.166545,11.264002,11.264002,234.824308
15.847876,0.477639,42.987691,7.419339,7.419339,223.484241
18.138917,0.697194,57.239224,9.708108,9.708108,231.651686
13.685509,0.449959,45.604048,7.972915,7.972915,215.852899
18.541419,0.944686,56.719152,11.843146,11.843146,239.972414
17.110839,0.817355,55.037337,10.412054,10.412054,235.707745
16.099144,0.847244,53.050715,10.395350,10.395350,232.869528
15.696642,0.893356,51.887275,10.198291,10.198291,238.791853
13.262847,0.749259,42.430466,10.694650,10.694650,224.794819
13.225567,0.827179,44.690596,10.895741,10.895741,230.033039
12.360562,0.743851,44.081818,6.888227,6.888227,226.011893
13.442786,0.740522,45.558160,11.448965,11.448965,228.292310
14.901783,0.851468,54.752244,11.689192,11.689192,240.134656
12.539413,0.694154,44.484544,5.431790,5.431790,225.627311
13.761350,0.796779,55.055481,10.120305,10.120305,238.923182
13.524770,0.892493,56.377516,9.502472,9.502472,243.998807
9.325350,0.765003,49.479944,5.932693,5.932693,240.679495
13.754630,0.772491,52.586165,9.041218,9.041218,260.417060
14.314958,1.043247,48.778910,9.450888,9.450888,262.497186
15.163290,0.798796,50.473686,8.130581,8.130581,254.976150
15.373661,1.014191,51.250305,6.674976,6.674976,272.261230
11.037055,0.586728,39.065234,10.618425,10.618425,246.001140
11.000318,0.684042,38.543371,5.672466,5.672466,235.020567
15.433406,0.898221,55.421629,7.333513,7.333513,272.071819
10.730267,0.607113,39.917822,7.398315,7.398315,240.844203
12.167151,0.600425,41.606327,8.002131,8.002131,246.842977
9.684523,0.564360,35.376573,12.344946,12.344946,237.522714
11.452644,0.508296,48.493690,7.876946,7.876946,251.756935
10.701914,0.491399,45.179658,11.221665,11.221665,244.564255
17.405914,0.649866,70.942813,5.847540,5.847540,283.831637
8.667196,0.406918,38.567371,5.939189,5.939189,222.581219
13.050460,0.399910,50.788635,10.519991,10.519991,234.592464
9.173060,0.363685,39.868702,10.685177,10.685177,217.969312
8.976770,0.393093,38.293415,7.197160,7.197160,216.390283
9.120995,0.367461,37.852033,6.280635,6.280635,215.611423
10.133746,0.332868,40.421862,7.259721,7.259721,219.794427
19.280053,0.463367,78.149860,9.282630,9.282630,267.738893
14.467440,0.333989,55.813539,7.243368,7.243368,257.469305
9.141027,0.366310,47.901009,7.738704,7.738704,224.918501
6.826114,0.340933,31.679432,10.456759,10.456759,206.919554
7.278825,0.450598,32.993403,12.554805,12.554805,212.372496
13.042972,0.491175,72.772183,8.368473,8.368473,261.626614
14.169740,0.395237,64.109371,8.198678,8.198678,262.281406
14.763284,0.406182,65.963253,8.215094,8.215094,261.077485
17.824257,0.412902,72.225903,10.255251,10.255251,263.356878
8.116373,0.302117,29.269765,10.976958,10.976958,198.806093
12.044557,0.264964,61.606390,8.097012,8.097012,245.896754
10.679129,0.289476,41.679096,8.207702,8.207702,214.767154
8.868672,0.209891,38.667309,8.328824,8.328824,204.960294
8.950657,0.279332,32.513684,9.180228,9.180228,202.409697
8.869344,0.279108,31.143808,8.055732,8.055732,194.847732
14.314030,0.304804,55.356253,9.888558,9.888558,229.490598
12.424754,0.299237,50.557079,7.798448,7.798448,224.708321
12.416019,0.291012,48.703965,11.201473,11.201473,221.181455
17.470140,0.292196,62.969194,8.104756,8.104756,258.880654
22.034429,0.355877,79.822973,9.981039,9.981039,264.875747
13.740038,0.416102,45.141225,8.252279,8.252279,213.361598
11.196162,0.338916,40.081313,7.459499,7.459499,204.314813
24.844133,0.369317,63.401713,10.179890,10.179890,256.680045
12.454676,0.232291,37.733823,8.604252,8.604252,201.137935
11.126848,0.217379,32.478772,9.061187,9.061187,203.782933
11.756393,0.239715,34.724692,10.974846,10.974846,194.810195
17.845600,0.228420,47.281320,11.407141,11.407141,215.769441
10.512311,0.186818,36.178601,15.096377,15.096377,219.631192
10.290964,0.253892,36.132008,13.418945,13.418945,195.825602
13.698501,0.316261,41.864858,11.726248,11.726248,205.958964
10.901661,0.281060,39.362967,12.267216,12.267216,201.593685
21.891515,0.451750,57.317017,8.493594,8.493594,231.180926
13.376289,0.281028,38.134053,12.304017,12.304017,198.892238
11.011390,0.300964,33.941961,12.527668,12.527668,211.162782
12.138639,0.277956,37.323161,7.700142,7.700142,200.450404
11.876747,0.252132,34.848085,15.838756,15.838756,207.692973
10.473399,0.236931,34.078442,9.501801,9.501801,195.028886
13.810726,0.368486,42.163230,13.982121,13.982121,207.985968
21.542390,0.505192,55.481150,12.839929,12.839929,233.547713
21.000367,0.371621,56.694128,11.571590,11.571590,236.921809
17.218296,0.328965,53.222301,14.939191,14.939191,222.052699
9.613867,0.239811,30.515831,11.753449,11.753449,188.879518
14.910327,0.336325,45.958517,14.818485,14.818485,211.305473
13.666884,0.331173,56.217577,8.319831,8.319831,222.367551
16.661168,0.468263,49.458504,13.357248,13.357248,219.403861
10.967966,0.416774,33.531235,16.050439,16.050439,194.737491
12.738296,0.344421,38.770253,16.605551,16.605551,208.274453
11.779850,0.341316,33.430753,8.646396,8.646396,195.802945
22.258720,0.521832,61.092975,14.764052,14.764052,244.880611
19.984736,0.557256,51.853130,14.976728,14.976728,229.515847
21.883387,0.574697,58.384200,16.223145,16.223145,242.816806
22.991722,0.572457,73.845542,18.147301,18.147301,269.780649
20.681161,0.654282,60.262947,13.540227,13.540227,263.995990
12.611830,0.570216,35.308316,18.492778,18.492778,208.535385
12.313905,0.522120,47.316808,17.476892,17.476892,247.824014
13.266526,0.680106,48.199574,15.062521,15.062521,231.190878
13.016155,0.547272,33.704133,14.524017,14.524017,208.811356
12.244784,0.443206,36.261066,12.230320,12.230320,203.988823
10.546584,0.458886,32.282833,19.211285,19.211285,246.369977
13.403041,0.500615,37.214808,14.134028,14.134028,209.653193
18.571083,0.532328,52.481107,16.935635,16.935635,229.793514
18.071940,0.560840,59.156467,12.522325,12.522325,232.063691
14.584722,0.524199,53.767430,15.239228,15.239228,227.243558
19.329270,0.474055,59.593081,14.154444,14.154444,234.803378
19.948895,0.544648,61.259921,15.205243,15.205243,245.598766
20.899373,0.606825,63.882455,13.190718,13.190718,256.446090
21.221809,0.609929,64.418143,16.550414,16.550414,253.619905
20.298244,0.646249,61.563702,17.437531,17.437531,252.213549
18.646636,0.647722,55.122361,17.733919,17.733919,242.583746
15.014392,0.529608,38.034211,16.483789,16.483789,218.443623
9.535209,0.360998,32.171118,15.621729,15.621729,220.095551
9.268229,0.572200,32.247312,16.026598,16.026598,206.325208
9.669803,0.473831,32.251312,16.265034,16.265034,216.524715
9.539977,0.578888,31.394468,19.985696,19.985696,218.933646
9.231652,0.593033,30.794779,19.240820,19.240820,205.938802
10.522327,0.553704,35.924549,18.968209,18.968209,230.268689
8.373016,0.502567,39.467192,19.458520,19.458520,221.385233
8.443929,0.524488,37.688510,16.022343,16.022343,215.422427
8.884512,0.564328,41.526997,15.814211,15.814211,217.545017
8.814879,0.548104,41.955388,15.057433,15.057433,219.561335
8.891712,0.482823,39.598074,14.983608,14.983608,219.980253
9.060002,0.437350,39.689371,14.373871,14.373871,215.058230
9.023234,0.461735,39.408311,17.820928,17.820928,219.216818
9.091907,0.490503,34.699219,20.590760,20.590760,211.565764
10.274355,0.446631,36.510125,13.658948,13.658948,220.241056
8.677757,0.459718,32.526740,14.459600,14.459600,198.452007
9.882990,0.452678,32.154031,17.114774,17.114774,214.340395
9.082947,0.432774,34.316046,13.618436,13.618436,210.129455
9.609130,0.508264,36.397931,18.871984,18.871984,212.192685
8.478554,0.428710,30.916605,13.518466,13.518466,187.979536
10.809819,0.475111,38.903952,14.382255,14.382255,216.123141
9.242917,0.466151,33.710117,14.761876,14.761876,200.612646
10.465559,0.482727,36.530381,18.560267,18.560267,212.285678
12.286513,0.503527,42.104894,18.889008,18.889008,222.801797
10.482423,0.389926,36.584686,15.436638,15.436638,217.557370
8.851583,0.390822,35.663041,15.227995,15.227995,211.938473
9.514697,0.421734,38.939760,17.241432,17.241432,222.381215
12.246480,0.749931,51.217600,18.188389,18.188389,241.402640
10.021040,0.475975,36.377740,10.714682,10.714682,224.883267
13.070557,0.832524,62.212222,18.227366,18.227366,263.688914
11.960492,0.585545,41.556405,19.116563,19.116563,235.002293
9.039810,0.343109,34.277773,18.665484,18.665484,223.744722
9.515561,0.422662,34.952183,18.661612,18.661612,223.055817
11.621959,0.656010,56.023878,16.127048,16.127048,260.388962
18.364552,0.758187,57.246424,18.139365,18.139365,261.937048
18.462122,0.533575,58.102276,19.994368,19.994368,263.379533
18.572523,0.855628,57.488219,15.479519,15.479519,256.559083
19.510969,0.718282,65.350476,19.705820,19.705820,284.338427
11.499589,0.398246,39.807068,11.964908,11.964908,231.580611
9.866926,0.365189,34.174124,15.148474,15.148474,228.825724
10.462422,0.394022,35.523423,16.542094,16.542094,230.300400
19.380023,0.679562,58.251526,20.882413,20.882413,269.604519
13.094973,0.634089,42.424866,20.023104,20.023104,246.046708
17.309497,0.618281,59.323669,19.042866,19.042866,291.833894
10.708698,0.471591,40.849355,15.684481,15.684481,256.002178
10.775579,0.499112,39.274997,17.799520,17.799520,245.970067
12.877562,0.567944,42.208479,19.297301,19.297301,255.407098
13.342624,0.496455,46.475581,10.944093,10.944093,257.144691
12.524340,0.711466,43.792406,16.459660,16.459660,274.992883
18.701453,0.854028,66.328667,15.076153,15.076153,288.994845
15.354941,0.879693,60.381925,17.211543,17.211543,288.785402
11.315459,0.625417,39.503352,13.173757,13.173757,238.935021
20.221923,0.887917,67.875664,19.456248,19.456248,287.339814
20.144994,0.770859,70.504598,16.331979,16.331979,281.443792
20.902637,0.781579,67.914161,23.608851,23.608851,294.910354
21.757529,0.700266,70.905052,18.449705,18.449705,295.314904
21.875195,0.698410,66.053430,16.982036,16.982036,283.993845
13.367969,0.577992,48.843966,16.510414,16.510414,244.064727
18.771022,0.532328,57.087317,17.419194,17.419194,261.600243
20.269316,0.475206,66.404700,24.487584,24.487584,301.113803
12.288656,0.502248,41.605334,12.035309,12.035309,238.707177
25.410222,0.517959,64.877254,20.166754,20.166754,287.022209
26.634559,0.688522,86.809249,17.098870,17.098870,311.192092
26.565790,0.644713,72.598580,16.889011,16.889011,309.453475
11.935275,0.397798,36.433964,16.441293,16.441293,247.176099
24.299357,0.629386,63.807125,21.460661,21.460661,303.481005
23.781590,0.521224,58.503977,17.514428,17.514428,293.744897
9.784525,0.439974,33.150365,17.415803,17.415803,235.949698
8.702653,0.401478,31.024862,17.803936,17.803936,235.831424
10.524471,0.653353,41.329747,18.331495,18.331495,245.609100
14.465104,0.935598,58.963568,22.289537,22.289537,276.470921
8.725502,0.492871,35.826947,16.974996,16.974996,238.393541
11.746089,0.615464,56.132872,23.065452,23.065452,281.302798
9.322918,0.490791,39.153427,17.752159,17.752159,250.348240
11.083648,0.631689,47.909009,17.357562,17.357562,270.773879
12.617174,0.712202,61.530549,18.561483,18.561483,298.825130
18.901584,0.764427,60.416261,24.032442,24.032442,300.553667
15.951653,0.588521,52.369809,22.558949,22.558949,288.033135
17.792736,0.597993,56.888050,15.304604,15.304604,296.543817
20.555400,0.654665,64.924806,20.069889,20.069889,310.423089
13.957033,0.418406,48.927392,21.042222,21.042222,288.694104
18.118437,0.438918,57.981602,21.071215,21.071215,311.664898
17.044309,0.470695,53.907335,24.751204,24.751204,327.962988
11.883787,0.372678,42.939913,22.391746,22.391746,294.271753
11.824586,0.369701,39.899774,28.248087,28.248087,304.321337
24.175004,0.537351,78.428968,16.649519,16.649519,384.672540
24.006074,0.570920,82.739910,19.904190,19.904190,358.355842
24.599970,0.519335,69.844781,24.091195,24.091195,367.306819
25.321164,0.582056,56.134792,25.757363,25.757363,329.863016
18.447433,0.486855,46.632735,22.847561,22.847561,311.029945
25.350188,0.645546,67.824399,22.072701,22.072701,332.207657
25.696721,0.504519,68.295543,19.904223,19.904223,327.844715
27.132230,0.685290,71.663719,20.193315,20.193315,326.502584
21.326770,0.441575,60.753641,22.388834,22.388834,312.917652
19.490328,0.435494,59.250900,26.291962,26.291962,318.801416
22.003708,0.340709,54.990167,29.765100,29.765100,334.145573
28.655516,0.367077,62.074045,28.074995,28.074995,337.418932
21.568118,0.352197,55.479422,23.175469,23.175469,318.387522
25.994518,0.339845,59.810268,27.338889,27.338889,332.029927
15.623969,0.315877,54.263788,25.325548,25.325548,333.226585
15.867589,0.353925,52.685877,26.424316,26.424316,330.949656
26.873314,0.383846,71.705831,30.307636,30.307636,375.184371
23.226414,0.395878,69.079874,25.402093,25.402093,340.641987
24.037081,0.404838,61.432083,25.558992,25.558992,335.182292
18.421385,0.333605,57.802623,31.599462,31.599462,332.561998
32.971483,0.411526,71.102718,28.984929,28.984929,355.244693
23.232238,0.346309,62.033436,28.133492,28.133492,331.276859
23.151885,0.376678,65.526542,27.986739,27.986739,332.489518
22.640293,0.334117,49.342118,26.310203,26.310203,313.145815
16.770577,0.285509,45.538254,28.510554,28.510554,331.340509
14.724724,0.295812,38.446857,32.154991,32.154991,299.191087
17.142583,0.299076,40.730954,27.911090,27.911090,284.538780
30.713786,0.325476,60.008351,32.307056,32.307056,321.488815
9.785197,0.229059,25.192267,26.883458,26.883458,163.265996
15.114425,0.211715,39.074162,22.667174,22.667174,177.301622
19.306710,0.492935,50.211538,22.600709,22.600709,201.695573
12.649269,0.254628,32.615765,24.983080,24.983080,156.276711
9.962543,0.085953,27.621325,18.303271,18.303271,135.360218
10.541336,0.151842,28.751710,22.958507,22.958507,135.211001
11.041247,0.182659,31.520965,19.550969,19.550969,124.870820
