1403636859051666432.000000 -1.537027359 3.038498878 -1.831244826 -0.610967517 -0.534526408 -0.412185997 0.413645864
1403636861901666560.000000 -1.456282139 3.031759262 -1.605085135 -0.632545710 -0.532606959 -0.422276229 0.371346921
1403636864851666432.000000 -1.462302089 3.034894943 -1.450428724 -0.637061179 -0.521128237 -0.438710004 0.360710442
1403636866251666432.000000 -1.474424243 3.043170452 -1.350210309 -0.625050247 -0.497978479 -0.456390232 0.391200215
1403636868901666560.000000 -1.528194070 2.906081676 -1.621475220 -0.729130387 -0.584549606 -0.264777064 0.237831488
1403636870851666432.000000 -1.057343006 2.931944609 -1.641344070 -0.756911993 -0.534202099 -0.297289550 0.230935529
1403636873801666560.000000 -1.107240558 2.945716858 -1.672244787 -0.763664782 -0.539919972 -0.272502124 0.225931987
1403636875951666432.000000 -1.546749592 2.816475153 -1.699161291 -0.822075963 -0.424659967 -0.296448886 0.236586139
1403636876101666560.000000 -1.494275093 2.760462999 -1.693125963 -0.836283922 -0.392688334 -0.316017449 0.215772927
1403636876251666432.000000 -1.425269008 2.729285002 -1.687318563 -0.846554518 -0.363648474 -0.333653361 0.199451208
1403636876451666432.000000 -1.310003281 2.735838175 -1.689946413 -0.858956814 -0.342905432 -0.336011171 0.178060472
1403636876651666432.000000 -1.188143849 2.797059059 -1.687808275 -0.848490417 -0.349018693 -0.358533442 0.172347784
1403636878451666432.000000 -1.494370222 2.821075916 -1.721902966 -0.779652297 -0.495998472 -0.287862420 0.251521289
1403636878901666560.000000 -1.221736908 2.813676596 -1.693842649 -0.810525239 -0.430362076 -0.339720100 0.205979481
1403636879051666432.000000 -1.150505424 2.855692148 -1.687864184 -0.812659740 -0.427766055 -0.338493377 0.204993933
1403636879201666560.000000 -1.106076717 2.915929794 -1.677469134 -0.804795146 -0.428258687 -0.348606467 0.217652842
1403636881101666560.000000 -1.577786207 2.741114378 -1.594668865 -0.755233586 -0.497608930 -0.336208731 0.262623966
1403636881301666560.000000 -1.629071236 2.800159931 -1.590664148 -0.724334955 -0.529488564 -0.327579141 0.296095878
1403636881501666560.000000 -1.622833371 2.884897709 -1.586171389 -0.700037062 -0.555313051 -0.327716053 0.306883991
1403636882151666432.000000 -1.316448092 3.058795929 -1.625734329 -0.704383075 -0.546687543 -0.349458486 0.287847400
1403636884751666432.000000 -1.389468312 3.168370724 -1.874270082 -0.531034291 -0.593632996 -0.378680348 0.471384883
1403636887251666432.000000 -1.389626861 3.168273687 -1.874310017 -0.530930042 -0.593633175 -0.378877074 0.471343905
1403636889751666432.000000 -1.389665484 3.168290377 -1.874508739 -0.530866206 -0.593228340 -0.379335970 0.471556425
1403636892251666432.000000 -1.389565825 3.168251991 -1.874440193 -0.530706525 -0.593219280 -0.379307091 0.471770644
1403636894751666432.000000 -1.389638662 3.168259859 -1.874311686 -0.530861020 -0.593203247 -0.379196852 0.471705616
1403636897601666560.000000 -1.360864162 3.131006956 -1.875286698 -0.545332313 -0.603581905 -0.375956744 0.443799734
1403636900451666432.000000 -1.071366668 3.428005934 -1.518880486 -0.605370104 -0.549831152 -0.423111826 0.390114158
1403636901251666432.000000 -0.851180792 3.564179182 -1.461967945 -0.610831082 -0.550619602 -0.400075018 0.404528826
1403636903801666560.000000 0.284394115 4.131611347 -1.481161475 -0.603119493 -0.564531028 -0.406761676 0.389995694
1403636905601666560.000000 1.095638275 4.603727818 -1.240005016 -0.598016024 -0.566804171 -0.424326152 0.375575721
1403636906401666560.000000 1.289185882 4.897711754 -1.263556957 -0.590549231 -0.568203211 -0.412369847 0.397929341
1403636906851666432.000000 1.382363439 5.095720768 -1.251637816 -0.593208313 -0.568088472 -0.409009337 0.397606462
1403636908851666432.000000 1.937341809 6.250361919 -1.194589496 -0.582624853 -0.587580085 -0.390101910 0.403879255
1403636909151666432.000000 2.031152964 6.453760624 -1.136525869 -0.586077273 -0.587221265 -0.383642226 0.405590057
1403636911551666432.000000 2.656399488 8.084821701 -1.295182109 -0.574614465 -0.585242569 -0.402676821 0.406399786
1403636912301666560.000000 2.795020342 8.483085632 -1.317824602 -0.580942929 -0.579945862 -0.398256272 0.409341127
1403636913101666560.000000 3.052312374 8.921027184 -1.410161018 -0.579143286 -0.571476698 -0.405645818 0.416483939
1403636915401666560.000000 4.041346550 9.767773628 -1.446098089 -0.589971006 -0.585369349 -0.398318648 0.388096958
1403636918051666432.000000 4.786503315 10.507910728 -1.561191916 -0.663541734 -0.470645010 -0.477406561 0.332097381
1403636920551666432.000000 5.016054153 10.642044067 -1.252241611 -0.673959017 -0.447666168 -0.492756069 0.320258826
1403636923301666560.000000 5.217766285 10.086279869 -1.425244212 -0.725326836 -0.370339632 -0.511283636 0.274478883
1403636924601666560.000000 5.450470448 10.193636894 -1.502770901 -0.742118716 -0.354621738 -0.502581656 0.266298562
1403636927401666560.000000 6.764160156 10.947105408 -1.817087889 -0.783780575 -0.249934018 -0.536665380 0.187646881
1403636930201666560.000000 8.567777634 11.558873177 -1.823935986 -0.779998243 -0.229973242 -0.553810537 0.178910434
1403636932901666560.000000 8.885141373 10.946067810 -1.614712238 -0.793053925 -0.146037385 -0.581984699 0.105035171
1403636935401666560.000000 7.727811337 10.359363556 -1.558312297 0.813069105 -0.058906119 0.578694344 0.023698470
1403636938351666432.000000 7.218251228 9.408913612 -1.841189265 0.794038534 -0.081842594 0.600888491 0.041685212
1403636939801666560.000000 6.584235191 8.887635231 -1.873984337 0.798907101 -0.080803886 0.594251454 0.045645665
1403636940051666432.000000 6.432293415 8.777028084 -1.884530544 0.801799417 -0.092875712 0.588573992 0.045524392
1403636940551666432.000000 6.084341049 8.534698486 -1.986497402 0.804605305 -0.120519176 0.578753471 0.055946276
1403636941301666560.000000 5.585666180 8.105732918 -1.928301334 0.810280859 -0.113190271 0.570555627 0.071409598
1403636943951666432.000000 4.110811234 6.669124126 -1.944582820 0.811143458 -0.110741936 0.569538832 0.073540010
1403636946701666560.000000 3.373922110 6.289258003 -2.270308495 0.811035037 -0.080308042 0.576879501 0.054616012
1403636948601666560.000000 3.560732365 6.130128860 -2.611251116 0.824038804 -0.045568936 0.557374477 0.090648673
1403636948901666560.000000 3.716700792 6.218622208 -2.652349949 0.814345837 -0.057806950 0.574157476 0.061987434
1403636950151666432.000000 4.186142445 6.657002449 -2.776537657 0.830129147 -0.071574181 0.552222550 0.028514381
1403636952951666432.000000 5.514924526 7.397771835 -2.932979107 0.819144487 -0.061811749 0.568899810 0.039174858
1403636954851666432.000000 6.584689617 8.007017136 -2.966748238 0.818457603 -0.062796272 0.568833888 0.051106483
1403636955101666560.000000 6.765502453 8.125875473 -3.020485163 0.814091384 -0.070866734 0.573535502 0.057360567
1403636956451666432.000000 7.626316071 8.882305145 -3.049885035 0.810646236 -0.103606828 0.572373927 0.067129880
1403636956701666560.000000 7.752978802 9.004018784 -3.076777935 0.804053068 -0.088281013 0.586106598 0.046734639
1403636956951666432.000000 7.854908943 9.118811607 -3.100647688 0.811311781 -0.043380313 0.582999885 -0.001547658
1403636957901666560.000000 8.091336250 9.435460091 -3.103438377 -0.806673765 -0.126553342 -0.567230344 0.107290998
1403636960801666560.000000 8.539366722 10.144081116 -3.272768974 -0.766474187 -0.271216482 -0.552687824 0.183017015
1403636961051666432.000000 8.513003349 10.253260612 -3.320660114 -0.755713344 -0.306271166 -0.537402391 0.215160236
1403636963951666432.000000 7.566788673 10.831137657 -2.811065674 -0.579555929 -0.568777680 -0.422777116 0.402326167
1403636964451666432.000000 7.290584564 10.750592232 -2.678571224 -0.574285269 -0.571018338 -0.427787900 0.401412517
1403636964701666560.000000 7.131407738 10.689686775 -2.658106089 -0.557223916 -0.587603509 -0.428318441 0.400957406
1403636965901666560.000000 6.057626247 10.289383888 -2.321144104 -0.495972991 -0.643459737 -0.351143152 0.465477079
1403636966901666560.000000 5.235241413 9.970074654 -2.227424860 -0.505593479 -0.628359616 -0.363756418 0.466069400
1403636967901666560.000000 4.679156780 9.382648468 -2.262434959 -0.502971113 -0.627963543 -0.378894389 0.457297504
1403636968251666432.000000 4.490192890 9.108807564 -2.391844511 -0.504400253 -0.626582861 -0.375774175 0.460182697
1403636968601666560.000000 4.315437794 8.788215637 -2.449226856 -0.505710542 -0.628018856 -0.374303132 0.457980692
1403636969101666560.000000 4.064212322 8.280013084 -2.440270901 -0.507017732 -0.628219783 -0.373707145 0.456744879
1403636969551666432.000000 3.831432581 7.803315163 -2.334732771 -0.521205902 -0.641226947 -0.357461661 0.435193747
1403636971901666560.000000 2.673133373 6.546150208 -2.452253819 -0.512532592 -0.626365662 -0.357917815 0.465694368
1403636972201666560.000000 2.634483576 6.500666142 -2.503091335 -0.514696717 -0.629122496 -0.353897572 0.462654114
1403636972701666560.000000 2.621700048 6.430318832 -2.452968359 -0.514406204 -0.634054661 -0.358013093 0.452976316
1403636974051666432.000000 2.647729635 6.321527004 -2.598613501 -0.549432695 -0.603267431 -0.385548562 0.430748671
1403636976851666432.000000 2.891521215 6.265493870 -2.861454964 -0.773876131 -0.271581650 -0.535840273 0.200585261
1403636978451666432.000000 3.489285707 6.072579861 -3.092887402 -0.780308485 -0.269313097 -0.532004893 0.188573778
1403636978901666560.000000 3.705172300 6.032439232 -3.092620611 -0.791358471 -0.271076202 -0.517760038 0.179427281
1403636979351666432.000000 3.962119579 6.071502686 -3.183206081 -0.779969990 -0.269003421 -0.534349024 0.183725372
1403636981501666560.000000 5.125627041 6.859625816 -3.346842289 -0.777977288 -0.243846670 -0.543789864 0.198953986
1403636981801666560.000000 5.253773212 6.951132298 -3.376367569 -0.783372700 -0.257572740 -0.540377557 0.167258754
1403636982151666432.000000 5.406065941 7.089734077 -3.350699425 -0.803246379 -0.254836291 -0.514155984 0.159679085
1403636982501666560.000000 5.609769821 7.278900146 -3.349902868 -0.791919768 -0.239881888 -0.530803680 0.183213383
1403636984151666432.000000 6.821518898 8.199676514 -3.355082512 -0.793089271 -0.250934780 -0.531943381 0.158358663
1403636986801666560.000000 7.867128372 10.309050560 -3.430516243 -0.771916032 -0.267849833 -0.539616406 0.203018159
1403636989651666432.000000 7.015868664 10.569617271 -3.008778334 -0.766101122 -0.274037957 -0.544845998 0.202818081
1403636991001666560.000000 6.234229088 9.454846382 -2.867271423 -0.764873683 -0.288516432 -0.540576756 0.198754311
1403636991501666560.000000 5.923514366 9.109657288 -2.901907682 -0.767036915 -0.286335558 -0.540196538 0.194560885
1403636993001666560.000000 5.165967464 8.252087593 -2.706373692 -0.776322603 -0.265131891 -0.544893980 0.173547864
1403636993501666560.000000 4.929101467 8.064831734 -2.651656866 -0.756084383 -0.297134399 -0.540137887 0.219769225
1403636996401666560.000000 3.091183186 6.303048611 -2.304936171 -0.738493145 -0.354641438 -0.513917327 0.254453093
1403636998401666560.000000 2.250434399 5.355041027 -1.992637515 -0.678609371 -0.472881496 -0.458718687 0.324730009
1403636999351666432.000000 2.013114452 5.262329578 -1.726682305 -0.664750874 -0.468184263 -0.485209316 0.321685672
1403637000201666560.000000 1.657049179 5.100171089 -1.740298510 -0.664521694 -0.464249223 -0.487760812 0.323995471
1403637000651666432.000000 1.413599849 4.966280460 -1.720202923 -0.665721238 -0.463085055 -0.486219466 0.325512171
1403637002151666432.000000 0.499325395 4.359509945 -1.601706743 -0.678191781 -0.456272185 -0.476956546 0.323085219
1403637002651666432.000000 0.217866153 4.151649952 -1.619046092 -0.674936533 -0.460701495 -0.481773108 0.316400766
1403637003151666432.000000 -0.074651465 3.964233160 -1.602003455 -0.679581106 -0.453918666 -0.480914533 0.317566842
1403637003501666560.000000 -0.276180863 3.843138456 -1.628255725 -0.679628730 -0.447329998 -0.484736413 0.320985079
1403637003801666560.000000 -0.446047693 3.736667871 -1.598627329 -0.681946635 -0.445758641 -0.482310951 0.321907073
1403637004101666560.000000 -0.609086931 3.627581120 -1.604819536 -0.683052242 -0.455322057 -0.476744562 0.314382225
1403637004401666560.000000 -0.765142798 3.536272526 -1.621586204 -0.682999969 -0.455745250 -0.474200308 0.317712814
1403637004801666560.000000 -0.957548380 3.428689957 -1.537454367 -0.689542055 -0.433809400 -0.472930163 0.335675865
1403637005151666432.000000 -1.082285047 3.320700884 -1.568004966 -0.692782879 -0.440080374 -0.474886715 0.317590594
1403637005501666560.000000 -1.170697570 3.225766182 -1.645279527 -0.687076569 -0.446859032 -0.480610758 0.311859131
1403637006001666560.000000 -1.285485029 3.129292011 -1.642689824 -0.685928345 -0.450043559 -0.476563722 0.315990716
1403637006501666560.000000 -1.372901082 3.065431833 -1.635849595 -0.700423241 -0.449392617 -0.454636097 0.317426443
1403637006951666432.000000 -1.396983981 3.052959442 -1.661837459 -0.658924699 -0.485175103 -0.454223365 0.352284908
1403637007451666432.000000 -1.400806069 3.035655975 -1.708299160 -0.611691058 -0.530557156 -0.449676603 0.377006680
1403637007801666560.000000 -1.424099565 3.001808643 -1.754843831 -0.625091791 -0.541354358 -0.430539489 0.361706376
1403637008101666560.000000 -1.454025745 2.988924026 -1.780449510 -0.625025868 -0.525723875 -0.438644558 0.374897271
1403637008401666560.000000 -1.481009364 2.979541779 -1.793405652 -0.637699246 -0.534744978 -0.428548127 0.351758480
1403637008901666560.000000 -1.520302653 3.012180805 -1.794427514 -0.649908841 -0.505324185 -0.419262230 0.382733792
1403637009201666560.000000 -1.494121075 3.029241085 -1.833945990 -0.639286935 -0.516437590 -0.438860536 0.363326341
1403637009501666560.000000 -1.457139134 3.047593594 -1.868739009 -0.613103330 -0.529305756 -0.445070595 0.381905675
1403637009801666560.000000 -1.445093393 3.041602850 -1.883094311 -0.615729094 -0.497545421 -0.443898350 0.419857800
1403637010301666560.000000 -1.447993279 3.039451122 -1.891314864 -0.615542471 -0.497524500 -0.442896247 0.421212256
