1403636859051666432.000000 3.768079042 2.334205151 -8.142729759 -0.595017672 -0.552286685 -0.399799138 0.425551414
1403636861901666560.000000 3.848647594 2.332376242 -7.918154716 -0.616672516 -0.550945997 -0.411138713 0.383586407
1403636864801666560.000000 3.842348099 2.334484577 -7.734787464 -0.620165348 -0.537259161 -0.430319101 0.376261979
1403636866201666560.000000 3.829814196 2.342363834 -7.672461510 -0.611765563 -0.516687393 -0.441317201 0.404989064
1403636868901666560.000000 3.783456564 2.202516079 -7.933580875 -0.711985886 -0.605258107 -0.257944047 0.245364353
1403636871301666560.000000 4.247064114 2.254613161 -7.962599754 -0.748923421 -0.550215244 -0.284545451 0.235395148
1403636873801666560.000000 4.201979160 2.267020464 -7.983993053 -0.747833967 -0.561766565 -0.265783012 0.233499706
1403636876201666560.000000 3.872899771 2.037812710 -8.000207901 -0.831870973 -0.396773547 -0.323498130 0.214267254
1403636876451666432.000000 4.011914253 2.044744968 -8.001552582 -0.848638415 -0.367826372 -0.330518067 0.187815145
1403636876651666432.000000 4.129705906 2.112969637 -7.999544621 -0.838031411 -0.373625308 -0.353186399 0.182665944
1403636878401666560.000000 3.796750784 2.134325504 -8.032950401 -0.757193685 -0.529903769 -0.275239736 0.264769197
1403636878551666432.000000 3.881421089 2.098980904 -8.031519890 -0.778325081 -0.497630239 -0.292083740 0.247509986
1403636878901666560.000000 4.095568657 2.128237009 -8.005653381 -0.797795594 -0.453637958 -0.333433539 0.215770632
1403636879101666560.000000 4.181261539 2.193864822 -7.996835709 -0.798811018 -0.450934231 -0.333688438 0.217281759
1403636880651666432.000000 3.894419432 2.092708111 -7.920659065 -0.755491138 -0.502719223 -0.337893724 0.249668822
1403636881001666560.000000 3.780125141 2.021847486 -7.908080578 -0.754434645 -0.509202659 -0.323629975 0.258466214
1403636881201666560.000000 3.712346792 2.058631659 -7.904644012 -0.724624097 -0.533774197 -0.325736910 0.289655954
1403636881351666432.000000 3.683662176 2.109479666 -7.901051521 -0.701156676 -0.558502197 -0.316633016 0.310158432
1403636882001666560.000000 3.912279367 2.362842560 -7.919871807 -0.677904248 -0.581005394 -0.334876895 0.301224232
1403636884701666560.000000 3.907252312 2.472224474 -8.185816765 -0.513288736 -0.609135926 -0.364837497 0.482060015
1403636887201666560.000000 3.907129288 2.472243071 -8.185935974 -0.513268173 -0.609089494 -0.364935189 0.482066602
1403636889701666560.000000 3.907006502 2.471910000 -8.185956955 -0.513212740 -0.608730018 -0.365418166 0.482213676
1403636892201666560.000000 3.906963587 2.472200871 -8.186045647 -0.513110638 -0.608642519 -0.365320951 0.482506305
1403636894701666560.000000 3.906976938 2.471967220 -8.186035156 -0.513185203 -0.608584106 -0.365199894 0.482592434
1403636897651666432.000000 3.944798470 2.428126097 -8.185672760 -0.530115247 -0.623261392 -0.362320721 0.446370691
1403636900601666560.000000 4.239758492 2.770516634 -7.799189568 -0.589030743 -0.572198391 -0.405892432 0.401102424
1403636903201666560.000000 5.306940556 3.415019274 -7.865209103 -0.582977533 -0.572885573 -0.409506202 0.405270219
1403636905801666560.000000 6.361059189 4.121110916 -7.537987232 -0.579812467 -0.586562455 -0.405227542 0.394401520
1403636906601666560.000000 6.509196281 4.452658176 -7.559717178 -0.584277868 -0.576933920 -0.386259288 0.420202851
1403636907101666560.000000 6.613698959 4.678676128 -7.570218086 -0.572062969 -0.591139734 -0.398621857 0.405460715
1403636907901666560.000000 6.769058228 5.115852833 -7.515492916 -0.583137810 -0.587734222 -0.375325233 0.416712940
1403636908951666432.000000 7.076745510 5.821328163 -7.491622925 -0.566580892 -0.605791509 -0.375212312 0.413785458
1403636909201666560.000000 7.146138668 6.001255035 -7.444178104 -0.569294333 -0.604006588 -0.371598363 0.415926248
1403636911551666432.000000 7.662478924 7.638978481 -7.611473083 -0.557489455 -0.601577103 -0.390654445 0.417970985
1403636912801666560.000000 7.901867390 8.331565857 -7.657961369 -0.573929787 -0.586178124 -0.376070559 0.430779338
1403636913101666560.000000 8.009997368 8.493916512 -7.727947235 -0.562514126 -0.587704659 -0.393442750 0.428233594
1403636915951666432.000000 9.113295555 9.618711472 -7.737542152 -0.571011662 -0.583699942 -0.388022155 0.427409500
1403636918901666560.000000 9.602078438 10.308026314 -7.789303303 -0.659331799 -0.486695141 -0.448272169 0.357017547
1403636921701666560.000000 9.950220108 10.009476662 -7.538793564 -0.681356728 -0.459045053 -0.460121810 0.336628497
1403636923801666560.000000 10.139377594 9.694361687 -7.803706169 -0.741021454 -0.389906466 -0.486108810 0.250116855
1403636924301666560.000000 10.235192299 9.772610664 -7.826796055 -0.735502481 -0.392984986 -0.491834521 0.250395268
1403636927051666432.000000 11.417067528 10.682369232 -8.094787598 -0.751359820 -0.323011279 -0.516063273 0.254560024
1403636929701666560.000000 13.109885216 11.361323357 -8.149452209 -0.771154284 -0.257526219 -0.551473737 0.186757028
1403636932451666432.000000 13.865798950 10.969285965 -8.032711983 -0.770022571 -0.221506983 -0.581218421 0.142074063
1403636935301666560.000000 12.638277054 10.197366714 -7.905927181 0.814687967 -0.034579512 0.578762770 0.011024821
1403636938051666432.000000 12.203945160 9.214325905 -8.078563690 0.802459955 -0.024065305 0.594683945 0.042778593
1403636939701666560.000000 11.606593132 8.657041550 -8.208983421 0.801724255 -0.056000888 0.594493032 0.026081724
1403636940001666560.000000 11.443008423 8.512907028 -8.206740379 0.802997351 -0.063333414 0.592088759 0.024802810
1403636940251666432.000000 11.284691811 8.386671066 -8.246143341 0.807486415 -0.082036100 0.583338082 0.030864539
1403636942301666560.000000 10.066157341 7.219800949 -8.162990570 0.812569320 -0.080784373 0.576038063 0.037216701
1403636945051666432.000000 8.903718948 5.807909489 -8.295177460 0.810734093 -0.034595180 0.583501875 0.032234214
1403636947801666560.000000 8.427031517 5.712263107 -8.814989090 0.828374863 -0.056687329 0.555619717 0.043223605
1403636948301666560.000000 8.580147743 5.649645329 -8.873966217 0.830060780 -0.043231566 0.553603053 0.051514324
1403636949051666432.000000 8.947007179 5.827522755 -8.990713120 0.810046732 -0.044044986 0.584331870 0.020989837
1403636949751666432.000000 9.199308395 6.116052151 -9.106037140 0.815268278 -0.044524092 0.577285588 0.009836926
1403636950351666432.000000 9.378975868 6.266646862 -9.113288879 0.829401195 -0.039659772 0.556863606 0.020588210
1403636953201666560.000000 10.683396339 7.142923355 -9.318414688 0.824966311 -0.047384374 0.563147485 0.007083925
1403636954251666432.000000 11.218091965 7.454208851 -9.336664200 0.825038671 -0.024696900 0.563973069 0.025210872
1403636955251666432.000000 11.881116867 7.941888332 -9.369036674 0.815389574 -0.050163060 0.575056314 0.043973111
1403636955501666560.000000 12.043354034 8.087650299 -9.377038002 0.814359486 -0.057291955 0.575232625 0.051417433
1403636956001666560.000000 12.351652145 8.413300514 -9.407727242 0.813759744 -0.074878447 0.574815035 0.042141646
1403636956251666432.000000 12.493828773 8.569607735 -9.377280235 0.811804950 -0.091541752 0.576130867 0.025807468
1403636956601666560.000000 12.669337273 8.749483109 -9.388372421 0.808718801 -0.068398714 0.582304180 0.047089711
1403636957901666560.000000 13.018020630 9.263414383 -9.426512718 -0.802242339 -0.150728330 -0.564014196 0.124804676
1403636960701666560.000000 13.432329178 9.965594292 -9.574950218 -0.755117118 -0.294229597 -0.554918230 0.187863752
1403636962901666560.000000 12.929251671 10.654970169 -9.210266113 -0.542993128 -0.607991576 -0.413445741 0.405668944
1403636963701666560.000000 12.530719757 10.670278549 -9.174269676 -0.559493959 -0.589479625 -0.406365693 0.417549014
1403636964201666560.000000 12.271759987 10.601975441 -9.048024178 -0.560742259 -0.584204197 -0.414506257 0.415280789
1403636964601666560.000000 12.042690277 10.504211426 -8.978653908 -0.548486412 -0.594883859 -0.418894351 0.412072033
1403636967151666432.000000 9.981373787 9.523959160 -8.531680107 -0.486494273 -0.643222809 -0.354889274 0.472907484
1403636968301666560.000000 9.409533501 8.711800575 -8.723413467 -0.486446708 -0.640920997 -0.361286372 0.471234649
1403636968701666560.000000 9.236151695 8.326645851 -8.766679764 -0.484283447 -0.644847333 -0.365414232 0.464880556
1403636969101666560.000000 9.055888176 7.904792309 -8.757752419 -0.488651276 -0.642530978 -0.360260248 0.467532277
1403636969501666560.000000 8.875951767 7.465024471 -8.662114143 -0.501624405 -0.655667961 -0.344752461 0.446786612
1403636969851666432.000000 8.710497856 7.122794151 -8.607690811 -0.504404128 -0.655936122 -0.344740152 0.443258941
1403636972001666560.000000 7.752237797 6.051115990 -8.781254768 -0.493614405 -0.642159700 -0.343061447 0.475693882
1403636972251666432.000000 7.727826595 6.006144047 -8.811032295 -0.499101430 -0.645174921 -0.335580498 0.471203595
1403636974051666432.000000 7.758197308 5.834928989 -8.903120041 -0.531455636 -0.619526088 -0.371926397 0.442055583
1403636976851666432.000000 8.002394676 5.761525154 -9.160915375 -0.765501618 -0.295323104 -0.529001176 0.216677785
1403636979201666560.000000 9.009992599 5.610021591 -9.455826759 -0.763638139 -0.289484531 -0.539627016 0.204592824
1403636979551666432.000000 9.201098442 5.673437119 -9.522277832 -0.779722214 -0.296242654 -0.516024411 0.194916233
1403636981151666432.000000 10.064859390 6.352405548 -9.608439445 -0.767855883 -0.284658521 -0.537650824 0.200744629
1403636981451666432.000000 10.186553955 6.477604866 -9.649730682 -0.769970179 -0.265287399 -0.536718309 0.220685035
1403636981751666432.000000 10.309005737 6.575799942 -9.686213493 -0.773361564 -0.280899644 -0.536883354 0.186450034
1403636982151666432.000000 10.470918655 6.741657257 -9.656987190 -0.795579314 -0.279196173 -0.508406043 0.175004438
1403636985051666432.000000 12.381042480 8.679273605 -9.672464371 -0.775711358 -0.261716992 -0.543086648 0.186636552
1403636987601666560.000000 12.621763229 10.632485390 -9.568964958 -0.747351468 -0.295430094 -0.554265738 0.216740489
1403636990401666560.000000 11.502381325 9.678458214 -9.207320213 -0.752363563 -0.302662939 -0.543989420 0.215452626
1403636991301666560.000000 10.983975410 8.947962761 -9.210143089 -0.756606340 -0.310829639 -0.534409344 0.212928161
1403636991801666560.000000 10.694176674 8.617159843 -9.142131805 -0.765681863 -0.293643832 -0.527559578 0.221778318
1403636992301666560.000000 10.465512276 8.302824020 -9.068707466 -0.759733140 -0.290364206 -0.543082714 0.208699480
1403636993301666560.000000 10.029925346 7.787410259 -8.998343468 -0.759321690 -0.292796403 -0.540414155 0.213666573
1403636993701666560.000000 9.839936256 7.627758503 -8.899575233 -0.735927761 -0.349391609 -0.521476626 0.253767759
1403636994201666560.000000 9.599710464 7.417119980 -8.843909264 -0.711782277 -0.370423764 -0.531434596 0.271531880
1403636996851666432.000000 7.969521523 5.517050743 -8.500402451 -0.697845876 -0.435046613 -0.481660098 0.302901298
1403636998351666432.000000 7.426940441 4.864093304 -8.313350677 -0.664060771 -0.493436903 -0.448829353 0.337780327
1403636999301666560.000000 7.202862263 4.761689663 -8.041119576 -0.649004102 -0.488545775 -0.477525860 0.334792256
1403637000251666432.000000 6.812376499 4.560762882 -8.041710854 -0.651883185 -0.483622313 -0.476492196 0.337806195
1403637001751666432.000000 5.947419643 3.964911699 -7.907162189 -0.662271738 -0.475512505 -0.469053745 0.339518219
1403637002251666432.000000 5.666224003 3.724307537 -7.924423218 -0.665237844 -0.476085842 -0.466694206 0.336151004
1403637002751666432.000000 5.396047115 3.504994869 -7.915420055 -0.662118196 -0.479820192 -0.472257704 0.329157770
1403637003251666432.000000 5.114047527 3.304359674 -7.925010681 -0.666703641 -0.472152472 -0.472325087 0.330888569
1403637003601666560.000000 4.920519352 3.172128916 -7.931352139 -0.667487860 -0.466011733 -0.474420160 0.334990442
1403637003951666432.000000 4.733162403 3.034236670 -7.904941082 -0.669431508 -0.470131606 -0.469979376 0.331597835
1403637004301666560.000000 4.554364204 2.905317068 -7.934180260 -0.669363856 -0.477592528 -0.464762926 0.328409791
1403637004701666560.000000 4.364294052 2.788337469 -7.868505001 -0.672180951 -0.460332930 -0.466853827 0.343968064
1403637005001666560.000000 4.246120453 2.689924240 -7.854842186 -0.684525967 -0.455116957 -0.455988020 0.341127157
1403637005351666432.000000 4.156021595 2.581960917 -7.922807693 -0.679387629 -0.464700967 -0.466224134 0.324223071
1403637005851666432.000000 4.041646957 2.464457750 -7.969561577 -0.677296877 -0.469322562 -0.460685462 0.329809487
1403637006351666432.000000 3.950729847 2.387448788 -7.944580555 -0.679821014 -0.470242679 -0.456042081 0.329758853
1403637006851666432.000000 3.908484459 2.358261585 -7.964023590 -0.655551255 -0.488351434 -0.451779395 0.357296735
1403637007351666432.000000 3.905069113 2.345700264 -8.009087563 -0.598806024 -0.544947982 -0.439583868 0.388881892
1403637007651666432.000000 3.893989801 2.318841219 -8.046367645 -0.602506518 -0.555583715 -0.426693141 0.382420897
1403637008151666432.000000 3.848586082 2.285739660 -8.095959663 -0.613014519 -0.546863616 -0.423995227 0.381289154
1403637008651666432.000000 3.803394556 2.294929981 -8.093864441 -0.616397381 -0.535618842 -0.431367010 0.383522123
1403637008951666432.000000 3.786163330 2.311618328 -8.110458374 -0.635953128 -0.524072468 -0.406927615 0.394108534
1403637009251666432.000000 3.818193674 2.330683231 -8.153892517 -0.620756745 -0.538871527 -0.432850569 0.370025605
1403637009551666432.000000 3.849633455 2.349724293 -8.184737206 -0.592884779 -0.540503204 -0.427428216 0.416712224
1403637009851666432.000000 3.859463692 2.343579769 -8.193522453 -0.601266503 -0.515253782 -0.429902226 0.433792830
1403637010351666432.000000 3.858549356 2.339606047 -8.197756767 -0.600744545 -0.515611351 -0.430303484 0.433693200
