1403715963184058112.000000 -0.000000609 0.000000045 0.000000676 -0.000000026 -0.000000009 0.000000032 1.000000000
1403715963234057984.000000 -0.076437145 0.013556308 -0.002984244 0.006661830 -0.017619254 -0.010926507 0.999762893
1403715963284058112.000000 -0.135202587 0.026842469 0.000968772 0.014510462 -0.037025984 -0.018686706 0.999034286
1403715963334057984.000000 -0.200600401 0.030889619 0.009296235 0.020682845 -0.045963589 -0.029292095 0.998299360
1403715963384058112.000000 -0.256792784 0.050629407 0.036438938 0.033037588 -0.038015500 -0.038153645 0.998001814
1403715963434057984.000000 -0.297368944 0.059045997 0.064201213 0.043774344 -0.011833632 -0.048592553 0.997788906
1403715963484058112.000000 -0.335763276 0.075880758 0.083472073 0.058012921 0.025212470 -0.054083720 0.996530950
1403715963534057984.000000 -0.368355602 0.091338880 0.119880907 0.072496824 0.066858098 -0.061675046 0.993212223
1403715963584058112.000000 -0.391001165 0.102679141 0.152238384 0.086441420 0.102682240 -0.066552587 0.988713801
1403715963634057984.000000 -0.414216459 0.098488502 0.197008699 0.096483834 0.134013653 -0.075832576 0.983351767
1403715963684058112.000000 -0.431495041 0.104938172 0.229551062 0.107452862 0.158924669 -0.080088139 0.978152752
1403715963734057984.000000 -0.470044702 0.115363486 0.264867216 0.117218822 0.179698616 -0.083159409 0.973166347
1403715963784058112.000000 -0.479284614 0.115277976 0.301048487 0.126189202 0.188181132 -0.088816032 0.969936073
1403715963834057984.000000 -0.495979369 0.119379498 0.330283374 0.134460911 0.195016831 -0.090974785 0.967270553
1403715963884058112.000000 -0.513950825 0.121674821 0.353402644 0.140322506 0.197442248 -0.093468778 0.965706885
1403715963934057984.000000 -0.531706512 0.126628622 0.375578284 0.145750567 0.194024488 -0.094979063 0.965448201
1403715963984058112.000000 -0.549210429 0.129365802 0.387475371 0.150859013 0.186699986 -0.094719067 0.966133058
1403715964034057984.000000 -0.558721900 0.134969652 0.392555088 0.152931005 0.176739484 -0.097924024 0.967360497
1403715964084058112.000000 -0.572466075 0.135796458 0.398960173 0.151085243 0.157498345 -0.106547512 0.970059395
1403715964134057984.000000 -0.580148995 0.125243515 0.400361359 0.142322332 0.137593716 -0.123045102 0.972456813
1403715964184058112.000000 -0.583809674 0.127361313 0.393699557 0.139872462 0.120212711 -0.132425517 0.973882973
1403715964234057984.000000 -0.579850435 0.123193443 0.391983598 0.138874471 0.112172842 -0.136163890 0.974469364
1403715964284058112.000000 -0.569018900 0.137541905 0.393513829 0.147795856 0.114867106 -0.126988500 0.974082053
1403715964334057984.000000 -0.553789377 0.131784186 0.381544828 0.151295990 0.119000472 -0.122537568 0.973618507
1403715964384058112.000000 -0.533064902 0.122610375 0.372611791 0.155275211 0.124610536 -0.116244078 0.973061800
1403715964434057984.000000 -0.521077454 0.115987837 0.369053841 0.158382535 0.128859475 -0.111943625 0.972511649
1403715964484058112.000000 -0.504894912 0.105768576 0.363735706 0.159657389 0.131309047 -0.110581256 0.972131371
1403715964534057984.000000 -0.489707977 0.092915416 0.356597394 0.159035817 0.137073115 -0.114626981 0.970968246
1403715964584058112.000000 -0.475603849 0.078100301 0.353977293 0.158343881 0.136817604 -0.115376204 0.971028626
1403715964634057984.000000 -0.459256649 0.074984528 0.358445197 0.163362280 0.139026925 -0.109065555 0.970612764
1403715964684058112.000000 -0.440067768 0.060337007 0.351994723 0.166712910 0.140803605 -0.102531187 0.970499158
1403715964734057984.000000 -0.420503318 0.045554690 0.344701439 0.170253381 0.144073859 -0.096203282 0.970052361
1403715964784058112.000000 -0.396150649 0.024526168 0.334345847 0.174588278 0.148207486 -0.087259449 0.969504654
1403715964834057984.000000 -0.368244886 0.007043488 0.324565798 0.180446833 0.153078541 -0.077551998 0.968499720
1403715964884058112.000000 -0.343417197 0.002851065 0.329803288 0.188023761 0.162254199 -0.069478676 0.966174603
1403715964934057984.000000 -0.320343703 -0.008343672 0.324949563 0.190744460 0.171445668 -0.068470076 0.964123845
1403715964984058112.000000 -0.296250701 -0.017230198 0.319748759 0.194049060 0.180636942 -0.067076631 0.961881518
1403715965034057984.000000 -0.269018173 -0.028949283 0.293089479 0.194667935 0.189952791 -0.069614805 0.959779203
1403715965084058112.000000 -0.249291837 -0.036932442 0.284991264 0.196410477 0.201891512 -0.070842117 0.956892908
1403715965134057984.000000 -0.236365452 -0.036339227 0.295169622 0.199244469 0.214543402 -0.071424864 0.953504741
1403715965184058112.000000 -0.229721367 -0.039329555 0.287613928 0.196787491 0.210938439 -0.078264788 0.954282105
1403715965234057984.000000 -0.224607110 -0.037589535 0.288876593 0.193013147 0.194329411 -0.089204602 0.957614064
1403715965284058112.000000 -0.219674438 -0.029904528 0.273774058 0.186308175 0.169476151 -0.102654576 0.962304115
1403715965334057984.000000 -0.215736240 -0.027901242 0.275064349 0.178781778 0.138015479 -0.114133887 0.967451453
1403715965384058112.000000 -0.216144383 -0.055429675 0.255913049 0.165175870 0.103128098 -0.128408298 0.972416043
1403715965434057984.000000 -0.214612648 -0.039152071 0.261941254 0.161642656 0.075357735 -0.131408662 0.975153685
1403715965484058112.000000 -0.206942275 -0.035789512 0.257072240 0.155599490 0.050346851 -0.135962099 0.977122486
1403715965534057984.000000 -0.202670664 -0.009562559 0.261995763 0.155335918 0.033107731 -0.136264220 0.977858305
1403715965584058112.000000 -0.190538466 -0.008617122 0.267264396 0.152193278 0.023871597 -0.137970656 0.978382111
1403715965634057984.000000 -0.166447416 -0.019734915 0.272666335 0.149219915 0.025450740 -0.140205324 0.978482604
1403715965684058112.000000 -0.151758656 -0.043379206 0.273958504 0.150717497 0.043543141 -0.137474597 0.978002608
1403715965734057984.000000 -0.101029731 -0.040819880 0.298272640 0.154332429 0.073506199 -0.133909240 0.976138651
1403715965784058112.000000 -0.063349649 -0.057856794 0.314677894 0.159232602 0.107642755 -0.128374889 0.972922385
1403715965834057984.000000 -0.023214718 -0.073214993 0.326428384 0.165145382 0.144371316 -0.120509200 0.968174338
1403715965884058112.000000 0.014204319 -0.090777844 0.343436420 -0.170543879 -0.177907452 0.113608867 -0.962474346
1403715965934057984.000000 0.046542671 -0.104653522 0.363961756 0.175212950 0.207152009 -0.108554207 0.956349552
1403715965984058112.000000 0.078832969 -0.120824754 0.378799468 0.177975222 0.231494054 -0.105652586 0.950564563
1403715966034057984.000000 0.108216152 -0.136244044 0.391682386 0.181138277 0.248605758 -0.102850452 0.945941806
1403715966084058112.000000 0.128650799 -0.148137972 0.399070919 0.184488490 0.269507527 -0.100045495 0.939851463
1403715966134057984.000000 0.152395815 -0.160280645 0.400909215 0.188960001 0.290828019 -0.095326975 0.933073461
1403715966184058112.000000 0.171973884 -0.169355512 0.397029936 0.191923946 0.303388089 -0.093053445 0.928688288
1403715966234057984.000000 0.186561778 -0.175576299 0.387209505 0.192501754 0.303996474 -0.093756437 0.928299010
1403715966284058112.000000 0.196127415 -0.178668275 0.371634275 0.190387413 0.291036934 -0.097225100 0.932522118
1403715966334057984.000000 0.198067099 -0.165811270 0.346304476 0.188290045 0.262813359 -0.100608326 0.940932572
1403715966384058112.000000 0.200195834 -0.163948461 0.320384860 0.183606967 0.234183654 -0.105534144 0.948846161
1403715966434057984.000000 0.178226724 -0.170611948 0.297373444 0.176227391 0.205206960 -0.112237006 0.956157327
1403715966484058112.000000 0.175182685 -0.166586891 0.265807241 -0.168987170 -0.169119611 0.117375486 -0.963880122
1403715966534057984.000000 0.162902921 -0.161995485 0.235354722 0.161090046 0.129819900 -0.122096010 0.970715940
1403715966584058112.000000 0.158881649 -0.158358350 0.203330889 0.153767005 0.096628383 -0.125334427 0.975351214
1403715966634057984.000000 0.160473660 -0.149681106 0.165958211 0.147669390 0.066814847 -0.126283467 0.978663385
1403715966684058112.000000 0.159747750 -0.149626896 0.138109535 0.141856134 0.045264378 -0.126917258 0.980673254
1403715966734057984.000000 0.152706802 -0.161649108 0.117025435 0.135762110 0.029863577 -0.127362967 0.982067049
1403715966784058112.000000 0.156900853 -0.166324437 0.097841710 0.131529644 0.015213235 -0.127333358 0.982982635
1403715966834057984.000000 0.164745644 -0.174782425 0.085327223 -0.127938330 -0.007389468 0.127946109 -0.983466864
1403715966884058112.000000 0.179214224 -0.186198935 0.077218518 -0.125907615 -0.011385051 0.128691956 -0.983593404
1403715966934057984.000000 0.191630185 -0.200036407 0.075640850 0.127209678 0.031771082 -0.126469284 0.983266950
1403715966984058112.000000 0.216809005 -0.217976734 0.076143332 0.129511684 0.058219913 -0.123040043 0.982190609
1403715967034057984.000000 0.245437488 -0.238545999 0.079886660 0.131611869 0.090128064 -0.121614069 0.979676127
1403715967084058112.000000 0.272630215 -0.262220591 0.086060256 0.135849595 0.125205278 -0.115936987 0.975923777
1403715967134057984.000000 0.302563339 -0.285900563 0.092516169 0.139412418 0.159896553 -0.111481287 0.970860004
1403715967184058112.000000 0.331324220 -0.309904695 0.098604433 0.142490491 0.192041188 -0.106985122 0.965075612
1403715967234057984.000000 0.358383924 -0.332914591 0.106280267 0.145173952 0.224927261 -0.102317803 0.958051860
1403715967284058112.000000 0.382629752 -0.356261373 0.106796592 0.148618445 0.256536454 -0.096566461 0.950145543
1403715967334057984.000000 0.403325498 -0.378328294 0.102579862 0.150960088 0.285350710 -0.091352843 0.942040801
1403715967384058112.000000 0.427417874 -0.400041252 0.087362945 0.153940514 0.303727299 -0.085488871 0.936345935
1403715967434057984.000000 0.437652856 -0.418151379 0.073108613 0.154251993 0.311907649 -0.082990900 0.933826745
1403715967484058112.000000 0.441224813 -0.434071153 0.051310048 0.155922741 0.309575975 -0.079961717 0.934589267
1403715967534057984.000000 0.439689100 -0.447731823 0.024106137 0.160404652 0.300366700 -0.076553307 0.937117815
1403715967584058112.000000 0.434521675 -0.459722370 -0.004799016 0.166944087 0.284632176 -0.073592111 0.941115499
1403715967634057984.000000 0.423250020 -0.468497574 -0.042357996 0.174494147 0.261991858 -0.072541758 0.946387768
1403715967684058112.000000 0.408275515 -0.474717528 -0.084258974 0.183671206 0.235284969 -0.072363913 0.951666653
1403715967734057984.000000 0.388129532 -0.475775123 -0.132025987 0.195018560 0.207849681 -0.070491552 0.955927432
1403715967784058112.000000 0.368348807 -0.476758122 -0.178313002 0.205820844 0.177550927 -0.070803553 0.959739804
1403715967834057984.000000 0.347165465 -0.472132295 -0.223968536 0.216793999 0.145781487 -0.071394905 0.962627113
1403715967884058112.000000 0.327976197 -0.468091965 -0.267137557 0.227155119 0.120013952 -0.073373318 0.963645995
1403715967934057984.000000 0.306057543 -0.460850239 -0.309359819 0.235000238 0.097022630 -0.078061767 0.963985443
1403715967984058112.000000 0.286343873 -0.454582751 -0.346226007 0.238325149 0.076659948 -0.088716939 0.964081883
1403715968034057984.000000 0.264244527 -0.443200469 -0.379376262 0.237713605 0.057088215 -0.104775421 0.963978887
1403715968084058112.000000 0.244658351 -0.429791331 -0.405674279 0.234808385 0.040239464 -0.122614726 0.963437378
1403715968134057984.000000 0.226469964 -0.417679191 -0.427302271 0.231681421 0.026334319 -0.138951287 0.962456703
1403715968184058112.000000 0.210553661 -0.406735718 -0.443652749 0.229745805 0.019375795 -0.151194960 0.961239576
1403715968234057984.000000 0.198294923 -0.398954421 -0.453699350 -0.230115443 -0.023771213 0.157808483 -0.959988773
1403715968284058112.000000 0.188785970 -0.392846316 -0.459466696 -0.232864246 -0.041127365 0.160001308 -0.958374918
1403715968334057984.000000 0.179605812 -0.388283759 -0.460887343 -0.236889645 -0.062971786 0.158144295 -0.956508398
1403715968384058112.000000 0.170300230 -0.385300249 -0.458167851 -0.240417793 -0.086611390 0.155919567 -0.954141915
1403715968434057984.000000 0.159398481 -0.383006871 -0.451959401 -0.245263085 -0.111076348 0.150142416 -0.951296687
1403715968484058112.000000 0.151304096 -0.372231007 -0.443547070 0.249257073 0.135006085 -0.145251557 0.947916806
1403715968534057984.000000 0.137130067 -0.369573891 -0.431760520 0.253160089 0.157669619 -0.139025301 0.944310427
1403715968584058112.000000 0.121037856 -0.366509974 -0.417682141 0.255935997 0.180052131 -0.134546280 0.940199614
1403715968634057984.000000 0.102446526 -0.363003910 -0.402668118 0.258499861 0.200989202 -0.130170673 0.935861528
1403715968684058112.000000 0.082886875 -0.352884829 -0.390402913 0.260533214 0.220335275 -0.126642704 0.931416452
1403715968734057984.000000 0.060941435 -0.344933301 -0.379104286 0.261659235 0.237660661 -0.123975582 0.927190363
1403715968784058112.000000 0.036241524 -0.333632827 -0.369803518 0.263593107 0.252113432 -0.120985098 0.923211873
1403715968834057984.000000 0.001089036 -0.322270006 -0.360351145 0.264643043 0.265703738 -0.119480506 0.919287860
1403715968884058112.000000 -0.028731525 -0.304522961 -0.360549986 0.265770346 0.273674369 -0.117656350 0.916856289
1403715968934057984.000000 -0.061547980 -0.283232659 -0.365290672 0.266581237 0.276488185 -0.116833054 0.915881515
1403715968984058112.000000 -0.098422080 -0.257003665 -0.374935687 0.266505659 0.269505054 -0.118294746 0.917795300
1403715969034057984.000000 -0.144260094 -0.213396981 -0.403853923 0.264917254 0.249899894 -0.122696921 0.923208833
1403715969134057984.000000 -0.231439397 -0.145865530 -0.439415038 0.253936797 0.182665542 -0.142938271 0.938998461
1403715969184058112.000000 -0.287782252 -0.102277145 -0.473435134 0.246390015 0.138332516 -0.154238179 0.946766496
1403715969234057984.000000 -0.331824720 -0.065481342 -0.494717598 -0.238122016 -0.097682461 0.164325193 -0.952235997
1403715969284058112.000000 -0.383489728 -0.033891886 -0.490583599 0.230091870 0.062417101 -0.173413843 0.955557227
1403715969334057984.000000 -0.420722127 -0.000635862 -0.509309530 0.223268256 0.034321606 -0.179616630 0.957450390
1403715969384058112.000000 -0.454607338 0.029781967 -0.524375498 -0.216129571 -0.010441694 0.186213598 -0.958385885
1403715969434057984.000000 -0.483454198 0.055260874 -0.534740925 -0.209853292 0.010060306 0.191463679 -0.958750248
1403715969484058112.000000 -0.520080030 0.082206853 -0.541197360 0.203116596 -0.023720840 -0.199174866 0.958389521
1403715969534057984.000000 -0.537106872 0.096683279 -0.540421009 0.196108401 -0.030104842 -0.210034013 0.957350969
1403715969584058112.000000 -0.547734559 0.103815794 -0.533299208 0.189426064 -0.025917355 -0.224684924 0.955490828
1403715969634057984.000000 -0.553402543 0.102744266 -0.522745132 -0.184489906 0.013258575 0.238804325 -0.953289211
1403715969684058112.000000 -0.553575218 0.093933776 -0.506479919 -0.180830941 -0.002370839 0.250902653 -0.950969279
1403715969734057984.000000 -0.548420191 0.076437607 -0.486660004 -0.178548381 -0.023184214 0.261396796 -0.948290467
1403715969784058112.000000 -0.539318681 0.050341982 -0.464290351 -0.179861799 -0.047001380 0.265585482 -0.945994198
1403715969834057984.000000 -0.527307212 0.015915930 -0.440511495 -0.184897512 -0.074357279 0.263141513 -0.943949461
1403715969884058112.000000 -0.514227390 -0.025249481 -0.416011512 -0.194489524 -0.099433251 0.251127183 -0.942985713
1403715969934057984.000000 -0.505607963 -0.058366768 -0.403048038 0.208764687 0.125100300 -0.231106535 0.941996336
1403715969984058112.000000 -0.492159635 -0.108272202 -0.380186319 0.223519310 0.151330262 -0.209196329 0.939880490
1403715970034057984.000000 -0.479697704 -0.160358697 -0.358352870 -0.235733449 -0.173724622 0.191329256 -0.936825871
1403715970084058112.000000 -0.471941918 -0.211064339 -0.343251228 0.246388122 0.194557056 -0.176078558 0.932972014
1403715970134057984.000000 -0.463970572 -0.262112021 -0.328566194 0.254742742 0.213713169 -0.164599031 0.928622663
1403715970184058112.000000 -0.457199901 -0.312814176 -0.312018335 0.262276560 0.233046770 -0.153821334 0.923709571
1403715970234057984.000000 -0.453135699 -0.360710740 -0.304573268 0.270366490 0.253634781 -0.141965061 0.917832971
1403715970284058112.000000 -0.448536634 -0.395702034 -0.306573391 0.277842253 0.272319973 -0.131160602 0.911834717
1403715970334057984.000000 -0.450664282 -0.435934484 -0.309430003 0.284180164 0.287086815 -0.121273786 0.906705797
1403715970384058112.000000 -0.455530345 -0.471996576 -0.316299945 0.287872553 0.298186094 -0.115404457 0.902716100
1403715970434057984.000000 -0.463661522 -0.496275783 -0.329498142 0.293106794 0.302777827 -0.108469956 0.900360107
1403715970484058112.000000 -0.476169586 -0.520777047 -0.349061102 0.297237635 0.298388660 -0.103806533 0.901020706
1403715970534057984.000000 -0.493290126 -0.539349496 -0.373988301 0.301958412 0.283389717 -0.099641874 0.904755771
1403715970584058112.000000 -0.515101194 -0.544880688 -0.401910007 0.306354076 0.258446395 -0.096715197 0.911042750
1403715970634057984.000000 -0.538274765 -0.551609993 -0.434161216 0.306499809 0.228293955 -0.098733231 0.918798983
1403715970684058112.000000 -0.564425886 -0.549190283 -0.471443862 0.304426402 0.195420325 -0.102413684 0.926632106
1403715970734057984.000000 -0.591031611 -0.544617534 -0.508515954 0.300650418 0.158296391 -0.106856003 0.934416056
1403715970784058112.000000 -0.615823686 -0.534530103 -0.543716431 0.295684338 0.116776437 -0.110356197 0.941677034
1403715970834057984.000000 -0.640013158 -0.522658348 -0.579879820 0.289179385 0.076082081 -0.114289954 0.947377801
1403715970884058112.000000 -0.662903607 -0.499541938 -0.612976015 0.281775326 0.039048836 -0.118053943 0.951389134
1403715970934057984.000000 -0.678702176 -0.485065609 -0.643430293 0.275059134 0.006570326 -0.121584423 0.953685820
1403715970984058112.000000 -0.688229084 -0.470123708 -0.668552816 -0.268765330 0.020230558 0.127108768 -0.954567611
1403715971034057984.000000 -0.690907359 -0.456345618 -0.687083423 -0.261850864 0.039870996 0.137336314 -0.954454362
1403715971084058112.000000 -0.685474157 -0.444818795 -0.698372841 -0.255106360 0.053955406 0.152192816 -0.953334630
1403715971134057984.000000 -0.670899272 -0.436541319 -0.702739716 -0.250048161 0.057559192 0.170243785 -0.951409459
1403715971184058112.000000 -0.647350967 -0.433079004 -0.699792802 -0.247551784 0.052152604 0.187703758 -0.949086726
1403715971234057984.000000 -0.615240395 -0.435565174 -0.689795852 -0.247741088 0.035451654 0.207948938 -0.945581734
1403715971284058112.000000 -0.574136496 -0.442733407 -0.672997713 -0.251914382 0.010294246 0.225190729 -0.941128194
1403715971334057984.000000 -0.528562963 -0.457783461 -0.652468622 -0.258798152 -0.020270986 0.241543055 -0.935023844
1403715971384058112.000000 -0.466514379 -0.470601141 -0.638288915 0.269504726 0.052856945 -0.255711704 0.926922321
1403715971434057984.000000 -0.416795045 -0.497568071 -0.613931656 0.281645298 0.085494682 -0.265884519 0.917971671
1403715971484058112.000000 -0.368166625 -0.528758645 -0.588766694 0.295110494 0.117185503 -0.274343729 0.907696486
1403715971534057984.000000 -0.320055962 -0.558492184 -0.567603827 0.310071349 0.145944908 -0.280561030 0.896571994
1403715971584058112.000000 -0.275724769 -0.597050905 -0.544094801 -0.326079309 -0.170181870 0.284562588 -0.885287881
1403715971634057984.000000 -0.226813138 -0.638444781 -0.532386005 0.342584521 0.190007418 -0.286459655 0.874341965
1403715971684058112.000000 -0.188854679 -0.680555105 -0.515580118 0.359671354 0.204448298 -0.286252916 0.864231884
1403715971734057984.000000 -0.155028284 -0.716901839 -0.504791260 0.379306972 0.214805290 -0.281450689 0.854851186
1403715971784058112.000000 -0.125024557 -0.759572864 -0.494460046 0.398640484 0.221451893 -0.275385648 0.846290529
1403715971834057984.000000 -0.099322632 -0.793990731 -0.489889562 0.419298351 0.222150266 -0.266965836 0.838789225
1403715971884058112.000000 -0.076577157 -0.833954692 -0.485370606 0.438440800 0.218899712 -0.259739429 0.832098603
1403715971934057984.000000 -0.057414502 -0.871506333 -0.483301342 0.454980552 0.214421809 -0.255501419 0.825672507
1403715971984058112.000000 -0.039835095 -0.907570362 -0.483655334 0.469444036 0.208456010 -0.253545225 0.819684923
1403715972034057984.000000 -0.025397092 -0.940270782 -0.486355364 0.481431574 0.203655630 -0.253978491 0.813783109
1403715972084058112.000000 -0.011052549 -0.958885849 -0.503676236 0.493113369 0.202548832 -0.252926171 0.807367027
1403715972134057984.000000 0.001279622 -0.984734774 -0.511322260 0.503256619 0.206323907 -0.250565916 0.800862074
1403715972184058112.000000 0.013255388 -1.006476998 -0.521631718 0.512908280 0.214409992 -0.245895058 0.794033408
1403715972234057984.000000 0.024402589 -1.024092913 -0.533781230 0.521910369 0.224602491 -0.239313439 0.787332416
1403715972284058112.000000 0.034199059 -1.036000013 -0.548651695 0.528840482 0.234187990 -0.233867794 0.781530261
1403715972334057984.000000 0.042466611 -1.041990519 -0.565919697 0.534136951 0.242399946 -0.229337111 0.776752591
1403715972384058112.000000 0.048777163 -1.041729689 -0.585162878 0.538283587 0.245980591 -0.225393951 0.773913324
1403715972434057984.000000 0.052890956 -1.034711957 -0.606332183 0.539883018 0.245880902 -0.225172758 0.772894621
1403715972484058112.000000 0.042200953 -0.966851652 -0.642360210 0.540092885 0.242068097 -0.227658272 0.773223460
1403715972534057984.000000 0.041285992 -0.946624637 -0.666349709 0.537286520 0.231382743 -0.234288797 0.776462555
1403715972584058112.000000 0.037734717 -0.920757473 -0.691623032 0.533180594 0.211337864 -0.243587226 0.782125354
1403715972634057984.000000 0.031629413 -0.885836601 -0.720053315 0.527949274 0.189806148 -0.253479898 0.788029969
1403715972684058112.000000 0.016639858 -0.818662822 -0.751908183 0.522265673 0.165179715 -0.263220429 0.794146895
1403715972734057984.000000 0.006348640 -0.780680895 -0.778214216 0.515717804 0.139654979 -0.272671223 0.800113738
1403715972784058112.000000 -0.006696016 -0.741165280 -0.802603364 0.508229017 0.115466475 -0.281780362 0.805587173
1403715972834057984.000000 -0.027663380 -0.673402309 -0.827247381 0.502426684 0.097019404 -0.287850440 0.809504092
1403715972884058112.000000 -0.042534426 -0.631847680 -0.849220574 0.498361617 0.086906470 -0.290290773 0.812289536
1403715972934057984.000000 -0.057232887 -0.591771901 -0.869432628 0.497614294 0.086610854 -0.286566943 0.814099491
1403715972984058112.000000 -0.075146824 -0.545662403 -0.888795614 0.498575687 0.089621335 -0.280538678 0.815284252
1403715973034057984.000000 -0.091304660 -0.505613148 -0.905453384 0.501707494 0.092763223 -0.269754022 0.816650093
1403715973084058112.000000 -0.106827453 -0.465919018 -0.919780374 0.503692746 0.095482849 -0.260685980 0.818058372
1403715973134057984.000000 -0.121082291 -0.425732672 -0.932193160 0.503348529 0.099548727 -0.256410658 0.819136143
1403715973184058112.000000 -0.134251371 -0.385266066 -0.943274856 0.501678586 0.103228495 -0.255793840 0.819897592
1403715973234057984.000000 -0.146198556 -0.343616307 -0.952320576 0.500275552 0.104290344 -0.254587382 0.820995212
1403715973284058112.000000 -0.157493934 -0.301944375 -0.960526824 0.498959124 0.103962854 -0.253817171 0.822075725
1403715973334057984.000000 -0.164081573 -0.201679647 -0.982248604 0.498568356 0.100497305 -0.254379064 0.822569847
1403715973384058112.000000 -0.173442930 -0.158503711 -0.987260342 0.495534629 0.094630711 -0.257434160 0.824146926
1403715973434057984.000000 -0.181719512 -0.115381002 -0.990727663 0.491066724 0.087959088 -0.263099968 0.825769424
1403715973484058112.000000 -0.188520014 -0.067860126 -0.994490981 0.486932963 0.080928318 -0.268568635 0.827174544
1403715973534057984.000000 -0.194031283 -0.024768174 -0.995618999 0.483239025 0.072625831 -0.273128778 0.828617036
1403715973584058112.000000 -0.197782382 0.016490519 -0.995589554 0.480825007 0.064007662 -0.275616169 0.829907238
1403715973634057984.000000 -0.200012088 0.055822581 -0.993894041 0.479403198 0.055191252 -0.276877791 0.830942392
1403715973684058112.000000 -0.193801045 0.130891770 -1.007363796 0.478927761 0.045472194 -0.276825219 0.831822336
1403715973734057984.000000 -0.193537176 0.166157037 -1.000698805 0.478464007 0.036800221 -0.276698083 0.832560003
1403715973784058112.000000 -0.191239938 0.198513120 -0.991202116 0.478410870 0.029800182 -0.276347429 0.832986891
1403715973834057984.000000 -0.184318393 0.229984477 -0.981956482 0.478226244 0.025614293 -0.276668996 0.833125412
1403715973884058112.000000 -0.176477402 0.257204115 -0.967513978 0.477401048 0.022461435 -0.278666675 0.833023846
1403715973934057984.000000 -0.166584760 0.281484127 -0.949949741 0.477004677 0.020266270 -0.280337721 0.832746446
1403715973984058112.000000 -0.153769210 0.302379966 -0.929625273 0.476258069 0.024805414 -0.284077227 0.831783175
1403715974034057984.000000 -0.138173252 0.320055604 -0.906841278 0.476166010 0.033877578 -0.287469089 0.830349267
1403715974084058112.000000 -0.120467231 0.334782511 -0.882001281 0.476655781 0.043948077 -0.289961576 0.828728080
1403715974134057984.000000 -0.101006180 0.347019762 -0.855367184 0.478094846 0.055198535 -0.290786266 0.826935232
1403715974184058112.000000 -0.063688874 0.412210494 -0.857987165 0.480801940 0.065116055 -0.289854169 0.824969113
1403715974234057984.000000 -0.042774379 0.420605838 -0.827459157 0.482615054 0.072805144 -0.289118052 0.823524654
1403715974284058112.000000 -0.022384211 0.427448452 -0.795575440 0.483206630 0.077969082 -0.290244460 0.822307944
1403715974334057984.000000 -0.002812773 0.433463812 -0.762223959 0.483156264 0.080084465 -0.292372346 0.821379960
1403715974384058112.000000 0.022321135 0.459793746 -0.741867363 0.483393431 0.080276288 -0.294083804 0.820610344
1403715974434057984.000000 0.040998593 0.465193838 -0.707077205 0.483058840 0.079779536 -0.296033353 0.820154667
1403715974484058112.000000 0.059801415 0.469026685 -0.671287775 0.483496100 0.080390789 -0.296667963 0.819607794
1403715974534057984.000000 0.080574669 0.475450695 -0.636317968 0.484512419 0.083436601 -0.296093792 0.818910658
1403715974584058112.000000 0.102223583 0.486542195 -0.604237318 0.486011565 0.086979240 -0.294627070 0.818182349
1403715974634057984.000000 0.122274950 0.487299621 -0.567055881 0.487317652 0.091246687 -0.293601781 0.817308784
1403715974684058112.000000 0.142241448 0.486855328 -0.529333115 0.489070803 0.094111085 -0.291427672 0.816714704
1403715974734057984.000000 0.161120608 0.493351817 -0.492846578 0.489982039 0.097404458 -0.290749490 0.816023767
1403715974784058112.000000 0.181024089 0.492913604 -0.454894185 0.490754902 0.099537924 -0.290150315 0.815514982
1403715974834057984.000000 0.200464398 0.491892159 -0.416469753 0.491563737 0.099243388 -0.289898604 0.815153182
1403715974884058112.000000 0.218164653 0.493845224 -0.380214304 0.492170632 0.100509502 -0.289876908 0.814639390
1403715974934057984.000000 0.237579048 0.492603570 -0.342086315 0.493115366 0.101267055 -0.289947271 0.813948929
1403715974984058112.000000 0.257084727 0.490985781 -0.304007262 0.494242519 0.102129646 -0.289996266 0.813139617
1403715975034057984.000000 0.274598747 0.490864277 -0.263528913 0.494676828 0.104316756 -0.291562766 0.812037051
1403715975084058112.000000 0.294433355 0.488469750 -0.226036310 0.495774597 0.105669290 -0.292828679 0.810736060
1403715975134057984.000000 0.314543962 0.485553890 -0.188921094 0.495839626 0.107429519 -0.295365006 0.809544027
1403715975184058112.000000 0.333442062 0.482383072 -0.152702570 0.496183008 0.108934939 -0.297213346 0.808455229
1403715975234057984.000000 0.351988137 0.483011454 -0.118473038 0.496110231 0.110228345 -0.300205588 0.807218075
1403715975284058112.000000 0.372314751 0.478031069 -0.083831355 0.496675670 0.111579649 -0.301914483 0.806046486
1403715975334057984.000000 0.393362164 0.472014427 -0.050729141 0.498193562 0.114861317 -0.302414566 0.804459751
1403715975384058112.000000 0.411833823 0.463200986 -0.013752148 0.499685228 0.118794307 -0.302702814 0.802853465
1403715975434057984.000000 0.433555484 0.456380188 0.015645921 0.501009226 0.123496763 -0.302905560 0.801240683
1403715975484058112.000000 0.455430508 0.449482650 0.043274552 0.501763403 0.129122570 -0.303980172 0.799472988
1403715975534057984.000000 0.475918740 0.444031715 0.071854174 0.502870977 0.130893931 -0.304238737 0.798389912
1403715975584058112.000000 0.496804267 0.437919945 0.095637038 0.503172100 0.129127681 -0.305312842 0.798077703
1403715975634057984.000000 0.517839670 0.431822330 0.117622763 0.503638506 0.125928104 -0.305592030 0.798187971
1403715975684058112.000000 0.540416598 0.428523540 0.137495294 0.504217446 0.123168796 -0.305643529 0.798233271
1403715975734057984.000000 0.562002361 0.422771335 0.156049833 0.503927410 0.121582374 -0.306494713 0.798333228
1403715975784058112.000000 0.583042383 0.416506052 0.173505455 0.504053235 0.119436771 -0.306394577 0.798616111
1403715975834057984.000000 0.603886962 0.409708738 0.190038085 0.503795028 0.118787661 -0.306642920 0.798780501
1403715975884058112.000000 0.623763740 0.402596861 0.206133485 0.503009379 0.117105000 -0.307754666 0.799096406
1403715975934057984.000000 0.635531008 0.387975931 0.232689723 0.502703130 0.116386421 -0.308290273 0.799187601
1403715975984058112.000000 0.654277742 0.379185408 0.247039571 0.502046168 0.115138873 -0.308978617 0.799515486
1403715976034057984.000000 0.672162890 0.369900942 0.261115491 0.500546277 0.114209987 -0.310734451 0.799908519
1403715976084058112.000000 0.689405203 0.364155740 0.271826923 0.500098586 0.113476701 -0.310643971 0.800327897
1403715976134057984.000000 0.706155181 0.355040073 0.283188343 0.499476641 0.114037469 -0.310168922 0.800820708
1403715976184058112.000000 0.722316444 0.345383823 0.293833464 0.498523593 0.116041578 -0.309941024 0.801214814
1403715976234057984.000000 0.738036811 0.335128486 0.303640991 0.497687489 0.118368886 -0.309688449 0.801491797
1403715976284058112.000000 0.752842963 0.324109674 0.312904030 0.497099757 0.119229898 -0.308748990 0.802091122
1403715976384058112.000000 0.775168300 0.285575151 0.346399277 0.495338589 0.127126113 -0.310808063 0.801172256
1403715976434057984.000000 0.788325906 0.272828341 0.350176275 0.494373500 0.128680438 -0.314045370 0.800257266
1403715976484058112.000000 0.799982846 0.259149432 0.352606416 0.494982511 0.130308464 -0.317787826 0.798137188
1403715976534057984.000000 0.809446514 0.244368553 0.355077684 0.496900350 0.131631196 -0.320928752 0.795467198
1403715976584058112.000000 0.825885057 0.233313262 0.347711205 0.500670671 0.133437991 -0.324555933 0.791319668
1403715976634057984.000000 0.831475317 0.218784571 0.346688569 0.505545557 0.131093174 -0.327985704 0.787187219
1403715976684058112.000000 0.835992098 0.203414679 0.343940288 0.512577116 0.128681362 -0.328921050 0.782634497
1403715976734057984.000000 0.837851644 0.187714636 0.341065913 0.518986404 0.124413975 -0.330135792 0.778578579
1403715976784058112.000000 0.838432133 0.171254575 0.338078856 0.524599850 0.121695019 -0.330846339 0.774936199
1403715976834057984.000000 0.822059214 0.128033280 0.369476318 0.530058324 0.122064196 -0.331471682 0.770885944
1403715976884058112.000000 0.821256995 0.110384643 0.364719927 0.534258962 0.121075355 -0.332208991 0.767818570
1403715976934057984.000000 0.819605708 0.092394531 0.359222174 0.537219048 0.119766735 -0.333842963 0.765245438
1403715976984058112.000000 0.816772223 0.073235810 0.353723764 0.541188359 0.118927367 -0.334944576 0.762091517
1403715977034057984.000000 0.809986115 0.049342275 0.353111267 0.545121610 0.118735723 -0.337241679 0.758295655
1403715977084058112.000000 0.805111825 0.030027032 0.345469922 0.549893975 0.117865771 -0.339335859 0.754039407
1403715977134057984.000000 0.799049795 0.010426402 0.336788654 0.555171192 0.116874412 -0.342754513 0.748762071
1403715977184058112.000000 0.789529264 -0.018741310 0.334346890 0.561702907 0.116972640 -0.346645713 0.742053986
1403715977234057984.000000 0.780444920 -0.040016830 0.324543536 0.569392681 0.115454137 -0.350526392 0.734570384
1403715977284058112.000000 0.769822121 -0.061301947 0.314093888 0.577580392 0.113818772 -0.355696052 0.725897014
1403715977334057984.000000 0.759244025 -0.084003389 0.305276573 0.587062359 0.113464244 -0.361054301 0.715628028
1403715977434057984.000000 0.732473493 -0.127124071 0.278174818 0.608989775 0.108272456 -0.370171398 0.693095803
1403715977534057984.000000 0.701727331 -0.173559785 0.246954769 0.631619573 0.103850730 -0.382550716 0.666278303
1403715977584058112.000000 0.685812473 -0.195865452 0.229989499 0.643736184 0.102135040 -0.387993783 0.651638746
1403715977634057984.000000 0.668920100 -0.218410939 0.211870074 0.656391561 0.099462554 -0.392950773 0.636275947
1403715977684058112.000000 0.650798738 -0.240432173 0.193365827 0.668618798 0.096210890 -0.398183823 0.620598197
1403715977734057984.000000 0.632367015 -0.259470820 0.173842937 0.680796325 0.092005663 -0.403845668 0.604119241
1403715977784058112.000000 0.613235533 -0.280739665 0.154384479 0.692541301 0.089824975 -0.409615785 0.586969256
1403715977834057984.000000 0.593359649 -0.301825553 0.134193584 0.704450369 0.087797262 -0.414754182 0.569227815
1403715977884058112.000000 0.573778749 -0.318251878 0.111512601 0.715837657 0.088376828 -0.420119405 0.550695717
1403715977934057984.000000 0.552988529 -0.338160694 0.090000153 0.727007806 0.090207890 -0.425402045 0.531371176
1403715977984058112.000000 0.531529784 -0.356768698 0.067277849 0.737761557 0.093761899 -0.431246698 0.510825813
1403715978034057984.000000 0.510313511 -0.368287355 0.040559500 0.748287737 0.096215680 -0.436816752 0.489897072
1403715978084058112.000000 0.486799896 -0.383470207 0.015229344 0.759458482 0.099869542 -0.441149414 0.467585444
1403715978134057984.000000 0.462046355 -0.396992147 -0.011145353 0.769214749 0.103670336 -0.446644485 0.445050389
1403715978184058112.000000 0.439552873 -0.401285321 -0.039588928 0.777998090 0.107347883 -0.451816142 0.423152030
1403715978234057984.000000 0.411382198 -0.410917401 -0.068922698 0.786012053 0.109781779 -0.457142293 0.401439816
1403715978284058112.000000 0.382372975 -0.417996377 -0.100022256 0.794466913 0.111697838 -0.460437506 0.379925340
1403715978334057984.000000 0.352074206 -0.423258662 -0.131448746 0.803239822 0.108776316 -0.462138236 0.359724641
1403715978384058112.000000 0.330387473 -0.408161402 -0.162208408 0.812723041 0.103895396 -0.461486071 0.340173125
1403715978434057984.000000 0.297374070 -0.406875938 -0.197120398 0.820811749 0.095826760 -0.462234795 0.321596712
1403715978484058112.000000 0.262907624 -0.403224647 -0.233180672 0.828889132 0.084550761 -0.462154567 0.303656399
1403715978534057984.000000 0.228181243 -0.392033696 -0.271422088 0.837455451 0.071282208 -0.460808486 0.285031140
1403715978584058112.000000 0.192417830 -0.381201923 -0.309379995 0.846052766 0.058691110 -0.458213568 0.266064793
1403715978634057984.000000 0.156193614 -0.367843926 -0.347278714 0.853761375 0.048136212 -0.456388742 0.245934620
1403715978684058112.000000 0.119821846 -0.352442414 -0.384758592 0.859735310 0.037881773 -0.456682801 0.225524127
1403715978734057984.000000 0.083848685 -0.335274100 -0.421776086 0.864633143 0.030955808 -0.458020896 0.204127923
1403715978784058112.000000 0.085783094 -0.273210853 -0.412522107 0.868450880 0.027099576 -0.460291862 0.182181373
1403715978834057984.000000 0.055290669 -0.252735555 -0.444771469 -0.870786786 -0.022853410 0.464381307 -0.159869343
1403715978884058112.000000 0.022858739 -0.241079941 -0.483132064 0.872419298 0.020391308 -0.468771726 0.136827901
1403715978934057984.000000 -0.003484219 -0.214127406 -0.510877907 0.873793185 0.017355340 -0.472611904 0.113235660
1403715978984058112.000000 -0.029963434 -0.189477190 -0.540081263 0.874582052 0.015726488 -0.476386070 0.088968508
1403715979034057984.000000 -0.054383248 -0.160579145 -0.567465067 0.876147687 0.013987958 -0.477528602 0.064312331
1403715979084058112.000000 -0.078568846 -0.132478714 -0.596632719 0.878956497 0.010171286 -0.475150108 0.039552350
1403715979134057984.000000 -0.100234658 -0.100876905 -0.624757171 0.881863117 0.003434901 -0.471256554 0.014934864
1403715979184058112.000000 -0.119814038 -0.069784082 -0.653385997 0.885599732 -0.001979284 -0.464330435 -0.010321824
1403715979234057984.000000 -0.136557251 -0.036428615 -0.682630599 -0.890366256 0.009424998 0.453747958 0.035663690
1403715979284058112.000000 -0.150764883 -0.003484756 -0.709413469 0.894755840 -0.015065251 -0.442052782 -0.061436288
1403715979334057984.000000 -0.164694339 0.031360105 -0.737741232 0.897004008 -0.014638003 -0.432939142 -0.087939218
1403715979384058112.000000 -0.173964590 0.065049127 -0.758187175 0.897325099 -0.014706989 -0.426218927 -0.113705307
1403715979434057984.000000 -0.184571028 0.101157963 -0.781153321 0.895204484 -0.011386262 -0.423287302 -0.138950378
1403715979484058112.000000 -0.193012804 0.138159603 -0.801558018 0.892363250 -0.009858923 -0.420825243 -0.162778556
1403715979534057984.000000 -0.194625318 0.173311532 -0.810147882 0.888999641 -0.010094435 -0.418747425 -0.185009494
1403715979584058112.000000 -0.198315501 0.212734789 -0.825543344 0.884597480 -0.012330023 -0.417871475 -0.206685260
1403715979634057984.000000 -0.199638367 0.253473014 -0.838564098 0.879900277 -0.014569981 -0.416663677 -0.227935687
1403715979684058112.000000 -0.193788230 0.292349547 -0.838837385 0.874708056 -0.018491263 -0.415111184 -0.249452636
1403715979734057984.000000 -0.190546215 0.335913718 -0.846935987 0.870095372 -0.021846497 -0.410848737 -0.271403968
1403715979784058112.000000 -0.185097694 0.380801469 -0.852523208 0.865386784 -0.026882699 -0.405418843 -0.293289304
1403715979834057984.000000 -0.170975208 0.421714574 -0.844623685 0.860615313 -0.032305069 -0.398993462 -0.314804822
1403715979884058112.000000 -0.158578336 0.466432184 -0.841061652 0.855442226 -0.039701272 -0.391833156 -0.336317092
1403715979934057984.000000 -0.143890321 0.511472940 -0.834553361 0.849902213 -0.046041206 -0.383927107 -0.357975453
1403715979984058112.000000 -0.126498103 0.559339523 -0.826621354 0.844082594 -0.052909169 -0.374853849 -0.379749745
1403715980034057984.000000 -0.107656956 0.606066406 -0.816777706 0.837682009 -0.060230829 -0.365599126 -0.401246250
1403715980084058112.000000 -0.086748958 0.652157724 -0.803667009 0.830388784 -0.066028208 -0.357134759 -0.422551274
1403715980134057984.000000 -0.059467077 0.696219146 -0.782962382 0.822254956 -0.071404502 -0.349323273 -0.443589330
1403715980184058112.000000 -0.034097552 0.730161726 -0.754391551 0.812548459 -0.078244276 -0.343030155 -0.464729279
1403715980284058112.000000 0.026030064 0.810838521 -0.700154245 0.789150119 -0.092116520 -0.335406423 -0.506220460
1403715980334057984.000000 0.059254289 0.848703027 -0.668604612 0.776263893 -0.098238237 -0.332055628 -0.526785254
1403715980384058112.000000 0.094496310 0.887604117 -0.636204064 0.763081968 -0.105118990 -0.327949882 -0.546904802
1403715980434057984.000000 0.131117344 0.918276012 -0.597886801 0.749708533 -0.113572069 -0.322256505 -0.566735685
1403715980484058112.000000 0.169690311 0.952754438 -0.561274588 0.736234725 -0.122324944 -0.314973474 -0.586333394
1403715980534057984.000000 0.209713817 0.981990755 -0.522262096 0.721214533 -0.133868560 -0.308609903 -0.605548382
1403715980584058112.000000 0.249104619 1.002407789 -0.475741029 0.705127478 -0.143352732 -0.303076744 -0.624811888
1403715980634057984.000000 0.289862573 1.027148485 -0.433210552 0.688564241 -0.150815919 -0.297301412 -0.644007564
1403715980684058112.000000 0.330114901 1.043002725 -0.385900676 0.671687603 -0.156952977 -0.290907264 -0.663004160
1403715980734057984.000000 0.370516717 1.061238885 -0.340324223 0.654260218 -0.162597984 -0.284522861 -0.681580663
1403715980784058112.000000 0.410169065 1.070030451 -0.292232275 0.635207355 -0.167956233 -0.279763043 -0.700025082
1403715980834057984.000000 0.449605972 1.082116842 -0.245263934 0.616063118 -0.171381533 -0.274308145 -0.718226790
1403715980884058112.000000 0.488691807 1.084092140 -0.197139978 -0.596174955 0.176288098 0.268323660 0.735867143
1403715980934057984.000000 0.527834892 1.089870214 -0.149909019 -0.576320529 0.180266321 0.260877132 0.753194451
1403715980984058112.000000 0.566410124 1.092466235 -0.102572560 0.555762231 -0.185797334 -0.252281278 -0.770040274
1403715981034057984.000000 0.603389382 1.082127213 -0.058175385 -0.534879446 0.192040265 0.243051752 0.786098242
1403715981084058112.000000 0.640239596 1.078913927 -0.013226092 -0.513592362 0.198355585 0.232748002 0.801689684
1403715981134057984.000000 0.675516427 1.072510362 0.031163394 0.491423130 -0.203611881 -0.222441703 -0.817046642
1403715981184058112.000000 0.709176779 1.053158879 0.070199132 -0.470598489 0.207099617 0.209267288 0.831777632
1403715981234057984.000000 0.741981089 1.041186571 0.111088216 -0.447209835 0.211009070 0.197808921 0.846374750
1403715981284058112.000000 0.773219705 1.018482924 0.147180080 -0.422692329 0.214935258 0.186488807 0.860439479
1403715981334057984.000000 0.802319586 1.000736356 0.184248567 0.397910118 -0.218504161 -0.174338058 -0.873801827
1403715981384058112.000000 0.829996467 0.980927408 0.219106138 0.371572226 -0.222336158 -0.162990645 -0.886529684
1403715981434057984.000000 0.858651638 0.948099136 0.244403899 -0.345066309 0.226445019 0.150710285 0.898297489
1403715981484058112.000000 0.882889032 0.923696756 0.273707211 -0.317245066 0.232032865 0.138825566 0.908979535
1403715981584058112.000000 0.920071900 0.866483390 0.324228764 -0.263487548 0.248438418 0.110349163 0.925567865
1403715981634057984.000000 0.940483630 0.823200226 0.333552331 -0.236887142 0.253147513 0.094977699 0.933155954
1403715981684058112.000000 0.952124655 0.790099323 0.350169718 -0.210912555 0.255875170 0.079359673 0.940077543
1403715981734057984.000000 0.960844994 0.748777270 0.357008517 -0.185746223 0.253940016 0.063289829 0.947104692
1403715981784058112.000000 0.965469062 0.710038185 0.366164684 -0.159757122 0.247292101 0.049549788 0.954394698
1403715981834057984.000000 0.963246763 0.672146022 0.373294801 -0.134156287 0.234442875 0.036643200 0.962130964
1403715981884058112.000000 0.961769760 0.624729276 0.368214190 -0.109097242 0.222353712 0.023885680 0.968548477
1403715981934057984.000000 0.956027448 0.585814953 0.369910717 -0.084361754 0.212465495 0.011683967 0.973450065
1403715981984058112.000000 0.949394882 0.545094430 0.369280308 0.061335489 -0.206166163 0.001881900 -0.976590991
1403715982034057984.000000 0.943196118 0.492649198 0.354142070 -0.038781717 0.201282859 -0.014046188 0.978664398
1403715982084058112.000000 0.933673680 0.451835841 0.349296093 -0.016785070 0.198839381 -0.026192587 0.979538262
1403715982134057984.000000 0.923984289 0.409529626 0.342845619 -0.004537614 -0.196755752 0.038087692 -0.979701996
1403715982184058112.000000 0.912739098 0.367800653 0.334780395 -0.025371931 -0.195528328 0.050007503 -0.979093552
1403715982234057984.000000 0.900861263 0.310689688 0.306647897 0.046010155 0.194537222 -0.061079089 0.977909863
1403715982284058112.000000 0.887332976 0.268415779 0.295639783 0.067200348 0.192414150 -0.070855021 0.976442873
1403715982334057984.000000 0.874618530 0.224488318 0.282325685 -0.087195240 -0.191249773 0.081670575 -0.974243522
1403715982384058112.000000 0.857886255 0.171002001 0.254278719 0.107700445 0.189555317 -0.091096394 0.971684575
1403715982434057984.000000 0.841928542 0.128028661 0.238834694 0.127960101 0.188270658 -0.102023564 0.968386114
1403715982484058112.000000 0.824462771 0.082290664 0.218968958 -0.148670927 -0.186447829 0.112710334 -0.964588284
1403715982534057984.000000 0.803837419 0.031299450 0.188492879 0.168727279 0.186250538 -0.124786578 0.959828258
1403715982584058112.000000 0.783061326 -0.012458128 0.167241812 0.190013215 0.185184270 -0.135896578 0.954533339
1403715982634057984.000000 0.759713054 -0.060870871 0.136872888 0.211871326 0.184659794 -0.147118896 0.948349833
1403715982684058112.000000 0.736047924 -0.104988523 0.112368971 0.234271541 0.182616889 -0.157704219 0.941752315
1403715982734057984.000000 0.711183250 -0.150531262 0.086049959 0.256642610 0.180546314 -0.168669790 0.934391856
1403715982784058112.000000 0.683619559 -0.196958706 0.047866061 0.279257238 0.178750172 -0.180054277 0.926090896
1403715982834057984.000000 0.656359792 -0.239951000 0.018632680 0.301975876 0.175829887 -0.190580577 0.917373180
1403715982884058112.000000 0.628397644 -0.282283545 -0.013828799 0.323687494 0.173215002 -0.202431455 0.907879114
1403715982934057984.000000 0.596983194 -0.321276814 -0.059987381 0.345595270 0.169690669 -0.209609672 0.898795187
1403715982984058112.000000 0.567387044 -0.361137360 -0.094449468 0.367090076 0.167384759 -0.218955606 0.888417602
1403715983034057984.000000 0.534630835 -0.396545023 -0.140971228 0.387953490 0.164768100 -0.228319943 0.877618134
1403715983084058112.000000 0.502689242 -0.433221996 -0.179128572 0.408277601 0.162163824 -0.238234475 0.866173565
1403715983134057984.000000 0.468507469 -0.466168582 -0.225465149 0.429138005 0.158729091 -0.246432751 0.854351521
1403715983184058112.000000 0.434484065 -0.501247704 -0.264426678 0.450076342 0.156151548 -0.255422652 0.841312885
1403715983234057984.000000 0.399605453 -0.529522538 -0.313665450 0.471534193 0.152902067 -0.263160110 0.827661335
1403715983284058112.000000 0.364045680 -0.561789274 -0.354154825 0.492288917 0.149507999 -0.272344917 0.813097298
1403715983334057984.000000 0.327813327 -0.593137681 -0.396676391 0.512471497 0.148321956 -0.282284290 0.797301173
1403715983384058112.000000 0.292118847 -0.611276865 -0.449367642 0.532703102 0.144401178 -0.292095870 0.781060696
1403715983434057984.000000 0.254908800 -0.638099015 -0.492372453 0.554032803 0.141570076 -0.300249010 0.763450146
1403715983484058112.000000 0.218038112 -0.663166046 -0.536122322 0.576756239 0.140341327 -0.305053920 0.744713843
1403715983534057984.000000 0.183844090 -0.673044562 -0.589880943 0.599829018 0.139192939 -0.307728291 0.725350857
1403715983584058112.000000 0.147894710 -0.694072843 -0.634800851 0.622556329 0.138547391 -0.309288085 0.705385804
1403715983634057984.000000 0.112327397 -0.712140024 -0.679514110 0.644713759 0.137050211 -0.310206115 0.685079336
1403715983684058112.000000 0.079847544 -0.708919764 -0.730864108 0.665148139 0.134097442 -0.311844945 0.665092945
1403715983734057984.000000 0.045551658 -0.719276726 -0.774584591 0.684674740 0.131483540 -0.312724024 0.645086288
1403715983784058112.000000 0.014210761 -0.712675452 -0.820547581 0.701974332 0.127102986 -0.315707535 0.625624299
1403715983834057984.000000 -0.018166840 -0.714483559 -0.862265587 0.717941582 0.122900113 -0.319404036 0.606165469
1403715983884058112.000000 -0.045988381 -0.698997378 -0.904338658 0.733295798 0.117972054 -0.323028862 0.586525679
1403715983934057984.000000 -0.074897230 -0.692736745 -0.942795992 0.746725678 0.113210693 -0.327935100 0.567488134
1403715983984058112.000000 -0.098562598 -0.667901218 -0.980326712 0.759836257 0.106915750 -0.332213610 0.548499763
1403715984034057984.000000 -0.124072254 -0.653034329 -1.015475273 0.770918310 0.100163452 -0.338368773 0.530244172
1403715984084058112.000000 -0.143209994 -0.620047033 -1.047138214 0.781071961 0.091779321 -0.344795793 0.512463748
1403715984134057984.000000 -0.164436579 -0.597632706 -1.078297973 0.789606631 0.084245108 -0.352848291 0.494896144
1403715984184058112.000000 -0.178951144 -0.558111548 -1.104350090 0.798278391 0.074826814 -0.359290749 0.477559298
1403715984234057984.000000 -0.195659041 -0.529990613 -1.131138802 0.806199968 0.066843815 -0.365910530 0.460090190
1403715984284058112.000000 -0.204756796 -0.485326886 -1.151814818 0.813780248 0.060811669 -0.371720284 0.442592055
1403715984334057984.000000 -0.215736270 -0.452249527 -1.174617171 0.822035253 0.054874681 -0.375041962 0.424959421
1403715984384058112.000000 -0.223766565 -0.411940694 -1.194875240 0.829594135 0.050217852 -0.378878444 0.407066315
1403715984434057984.000000 -0.229890406 -0.375606894 -1.212732553 0.836587191 0.048404753 -0.382958800 0.388743430
1403715984484058112.000000 -0.224162459 -0.315077424 -1.217134356 0.842520416 0.045780472 -0.388473004 0.370340735
1403715984534057984.000000 -0.226237476 -0.274593830 -1.229699731 0.847133338 0.041898552 -0.396131724 0.351695001
1403715984584058112.000000 -0.221298814 -0.220097542 -1.232733846 0.849492550 0.038275629 -0.407698393 0.332685173
1403715984634057984.000000 -0.217637002 -0.170834064 -1.236964822 0.851064742 0.035905678 -0.420160741 0.312833339
1403715984684058112.000000 -0.213001668 -0.120324135 -1.239377975 0.853139997 0.031517312 -0.431240469 0.291874319
1403715984734057984.000000 -0.210371912 -0.074176908 -1.242749453 0.856075108 0.025229152 -0.440063298 0.269894660
1403715984784058112.000000 -0.207340062 -0.027594686 -1.245077133 0.860649228 0.016042644 -0.444797635 0.247347265
1403715984834057984.000000 -0.194431067 0.035033226 -1.238443851 0.865918994 0.006282055 -0.446693599 0.224966124
1403715984884058112.000000 -0.189420760 0.080474138 -1.238817811 -0.870817542 0.002196923 0.448036015 -0.202325851
1403715984934057984.000000 -0.183568656 0.124701023 -1.237959266 -0.875251770 0.008580209 0.448823392 -0.180051059
1403715984984058112.000000 -0.188573956 0.145982206 -1.246371984 -0.879282594 0.012247488 0.448969513 -0.158551365
1403715985034057984.000000 -0.180711627 0.187436879 -1.242724538 -0.882571816 0.012161532 0.449297309 -0.138025776
1403715985084058112.000000 -0.159966290 0.249108791 -1.226582050 -0.884875715 0.011155069 0.449846864 -0.120450884
1403715985134057984.000000 -0.150049329 0.287820756 -1.219347835 -0.885708392 0.010243143 0.451797903 -0.106274895
1403715985184058112.000000 -0.150371611 0.303837001 -1.221691370 -0.886836231 0.008416878 0.452138901 -0.094979540
1403715985234057984.000000 -0.125977039 0.362102091 -1.201560974 -0.887472332 0.004313246 0.452664644 -0.086424276
1403715985284058112.000000 -0.112042844 0.398164690 -1.191033363 -0.887326539 -0.005554687 0.454203516 -0.079498008
1403715985334057984.000000 -0.060640812 0.505333841 -1.145745039 0.887093604 0.013711612 -0.455209225 0.075243816
1403715985384058112.000000 -0.044981360 0.541490436 -1.133284569 -0.886732578 -0.019849066 0.455892652 -0.073981822
1403715985434057984.000000 -0.028687418 0.578304112 -1.119284153 -0.886355042 -0.018342115 0.456224144 -0.076798424
1403715985484058112.000000 -0.012254000 0.615474999 -1.103645802 -0.884503722 -0.014751989 0.458845645 -0.083043203
1403715985534057984.000000 0.004348278 0.653209090 -1.086639285 -0.880824089 -0.010075116 0.464441597 -0.091331370
1403715985584058112.000000 0.021039724 0.691230655 -1.068909168 -0.875338137 -0.005565451 0.472758472 -0.101250857
1403715985634057984.000000 0.037564337 0.729423642 -1.050237894 -0.868153393 -0.001292708 0.483512372 -0.111910082
1403715985684058112.000000 0.053013563 0.767713904 -1.031404376 -0.860328913 0.003099656 0.494942755 -0.121886924
1403715985734057984.000000 0.066617668 0.805716634 -1.012223244 -0.852013588 0.008546284 0.506736517 -0.131217390
1403715985784058112.000000 0.077880800 0.843249321 -0.993684351 -0.845008850 0.017808331 0.515608907 -0.140678778
1403715985834057984.000000 0.133493930 0.975056887 -0.931456864 0.839783967 -0.026232589 -0.521247029 0.149587095
1403715985884058112.000000 0.138709694 1.009956241 -0.913471103 -0.837281108 0.032125913 0.522574425 -0.157620698
1403715985934057984.000000 0.146365896 1.060897589 -0.888729572 0.837431490 -0.036404192 -0.519904554 0.164567590
1403715985984058112.000000 0.153196722 1.105491757 -0.863382339 0.838956416 -0.038467713 -0.515442967 0.170267656
1403715986034057984.000000 0.147864968 1.139092922 -0.843864679 -0.840976477 0.039988030 0.510437369 -0.174966753
1403715986084058112.000000 0.143178448 1.179924130 -0.818704903 0.843752146 -0.040229294 -0.504453063 0.178860411
1403715986134057984.000000 0.132320106 1.212270856 -0.797024012 -0.845872521 0.042245895 0.499542803 -0.182131782
1403715986184058112.000000 0.121491946 1.245194316 -0.773982644 0.848132610 -0.043492422 -0.494808942 0.184238315
1403715986234057984.000000 0.107663125 1.271952987 -0.752994895 0.849753499 -0.043153714 -0.491543472 0.185585216
1403715986284058112.000000 0.094106928 1.298224688 -0.731531024 -0.850921631 0.039826985 0.489639193 -0.186010048
1403715986334057984.000000 0.080428526 1.320811510 -0.711502194 -0.853460133 0.031216461 0.486161709 -0.185143709
1403715986384058112.000000 0.067209534 1.341533422 -0.692069352 -0.857472599 0.022035936 0.480049253 -0.183869451
1403715986434057984.000000 0.079030797 1.380537152 -0.656029522 0.860266030 -0.014448071 -0.475768447 0.182696700
1403715986484058112.000000 0.043645084 1.383551836 -0.648462176 0.860420287 -0.009920609 -0.476204932 0.181128502
1403715986534057984.000000 0.028025040 1.402008176 -0.626143217 -0.857241988 0.007194054 0.482532769 -0.179573521
1403715986584058112.000000 0.022707470 1.427179337 -0.594943881 0.851720035 -0.006448706 -0.492619753 0.178485841
1403715986634057984.000000 0.005282290 1.444781780 -0.571355224 -0.844853997 0.007095361 0.504779100 -0.177114487
1403715986684058112.000000 0.006079234 1.475762963 -0.539557219 0.838196278 -0.008701672 -0.516081095 0.176101387
1403715986734057984.000000 -0.004846901 1.498300076 -0.513634205 0.833314955 -0.010106710 -0.524188817 0.175243229
1403715986784058112.000000 -0.025030702 1.512502789 -0.496928871 0.831296384 -0.009960789 -0.527769804 0.174086556
1403715986834057984.000000 -0.043480247 1.527003288 -0.481745183 -0.831745803 0.009444142 0.527268887 -0.173485756
1403715986884058112.000000 -0.063907579 1.539391756 -0.470638722 -0.834208190 0.007977246 0.523642361 -0.172718912
1403715986934057984.000000 -0.085242629 1.550498843 -0.461855382 -0.837837219 0.007760762 0.517525792 -0.173596084
1403715986984058112.000000 -0.106982186 1.560443044 -0.454945028 -0.843104184 0.006328613 0.508128166 -0.175900668
1403715987034057984.000000 -0.129113406 1.569417000 -0.449367702 -0.849555731 0.009277817 0.495380044 -0.181018531
1403715987084058112.000000 -0.151303187 1.577511907 -0.444580466 -0.855129778 0.010041597 0.483399093 -0.187022775
1403715987134057984.000000 -0.173490092 1.584899545 -0.439486176 -0.859228909 0.017091330 0.472519815 -0.195342377
1403715987184058112.000000 -0.194817290 1.591112494 -0.434028208 -0.862685561 0.021890718 0.462291688 -0.203913957
1403715987234057984.000000 -0.196458399 1.606878996 -0.427794427 0.864881217 -0.025213160 -0.454088956 0.212480739
1403715987284058112.000000 -0.214770705 1.611092210 -0.419634312 -0.866461277 0.027458422 0.446878523 -0.220886081
1403715987334057984.000000 -0.230822414 1.614950418 -0.409119785 0.866247058 -0.026557142 -0.443914890 0.227706686
1403715987384058112.000000 -0.245999575 1.616086602 -0.398136109 -0.865016162 0.020219129 0.444255024 -0.232326791
1403715987434057984.000000 -0.256156504 1.617727876 -0.387825727 0.863221347 -0.012633293 -0.446444601 0.235322386
1403715987484058112.000000 -0.268313706 1.617523313 -0.374488771 0.860783577 -0.004353056 -0.450255662 0.237281606
1403715987584058112.000000 -0.289204538 1.616578937 -0.347160816 0.855196953 0.005300591 -0.459893256 0.238973513
1403715987634057984.000000 -0.301007599 1.616526484 -0.328340828 0.853187442 0.007902028 -0.463484615 0.239145800
1403715987684058112.000000 -0.311700702 1.616689086 -0.309810519 0.852268040 0.010323264 -0.465377778 0.238655120
1403715987734057984.000000 -0.321968943 1.617172122 -0.291276395 0.851010799 0.012201698 -0.468120605 0.237686560
1403715987784058112.000000 -0.332000047 1.617735982 -0.272649348 0.848892331 0.013918054 -0.472440451 0.236618325
1403715987834057984.000000 -0.332553595 1.615603805 -0.271960020 0.845208526 0.013413050 -0.479623497 0.235380515
1403715987884058112.000000 -0.342169911 1.616820097 -0.254134953 0.841406643 0.013020297 -0.486897677 0.234085336
1403715987934057984.000000 -0.351218075 1.617771029 -0.238072991 0.838282645 0.011290554 -0.492969871 0.232670307
1403715987984058112.000000 -0.360429943 1.618991017 -0.223153114 -0.835255802 -0.010753063 0.498800486 -0.231149882
1403715988034057984.000000 -0.369274229 1.619453549 -0.210511863 -0.834928095 -0.010574302 0.500077188 -0.229578093
1403715988084058112.000000 -0.377899855 1.619542480 -0.200057685 -0.836875081 -0.010788120 0.497606009 -0.227842093
1403715988134057984.000000 -0.385907143 1.619054437 -0.192167461 -0.840433717 -0.012370612 0.492213964 -0.226370633
1403715988184058112.000000 -0.393438637 1.618029118 -0.185882211 -0.844090402 -0.014618812 0.486708462 -0.224527553
1403715988234057984.000000 -0.400691152 1.616926312 -0.181021392 -0.847551882 -0.016921982 0.481285155 -0.223011702
1403715988284058112.000000 -0.407284647 1.616274714 -0.176750183 -0.851187408 -0.019559162 0.475336105 -0.221704990
1403715988334057984.000000 -0.417866677 1.604643464 -0.190434039 0.853163004 0.021251788 -0.472277284 0.220489427
1403715988384058112.000000 -0.423153907 1.605245590 -0.187175274 0.856144786 0.020831129 -0.467192173 0.219803929
1403715988434057984.000000 -0.428284645 1.606565595 -0.184025288 0.857854068 0.018714791 -0.464153498 0.219767481
1403715988484058112.000000 -0.433467716 1.607871413 -0.181750774 0.859501481 0.015260453 -0.461026222 0.220180094
1403715988534057984.000000 -0.437483728 1.610146165 -0.178121150 0.860357523 0.008867795 -0.458994985 0.221427083
1403715988584058112.000000 -0.440498739 1.612754941 -0.174266160 0.860718727 0.003980681 -0.457841903 0.222549468
1403715988634057984.000000 -0.442739189 1.615252376 -0.169649184 -0.860711694 0.002661460 0.457195908 -0.223920241
1403715988684058112.000000 -0.444006860 1.617550969 -0.164086163 -0.860022783 0.010250339 0.457591474 -0.225534871
1403715988734057984.000000 -0.444054842 1.619297266 -0.157986701 -0.858674169 0.014577650 0.459417284 -0.226719931
1403715988784058112.000000 -0.443153262 1.619911790 -0.151557446 -0.856184840 0.017363383 0.463531643 -0.227561921
1403715988834057984.000000 -0.462562531 1.606529713 -0.149222076 0.853728354 -0.015778769 -0.468086660 0.227582768
1403715988884058112.000000 -0.459607482 1.604385257 -0.142477930 0.851075232 -0.012517720 -0.473008305 0.227546573
1403715988934057984.000000 -0.456308961 1.601178408 -0.136068106 0.849001884 -0.009060288 -0.476744264 0.227658942
1403715988984058112.000000 -0.451961607 1.597003579 -0.130724490 -0.847868145 0.005629766 0.478775799 -0.227731481
1403715989034057984.000000 -0.447075129 1.592002749 -0.125604808 -0.846938014 0.001585662 0.480472237 -0.227684021
1403715989084058112.000000 -0.454001218 1.579616785 -0.121078193 0.846100569 0.000326011 -0.481885314 0.227816656
1403715989134057984.000000 -0.448942304 1.573633432 -0.116394818 0.846102357 0.002844029 -0.481729448 0.228121802
1403715989184058112.000000 -0.444208205 1.567371488 -0.112102985 0.845696449 0.003430151 -0.482193857 0.228637204
1403715989234057984.000000 -0.440168053 1.559808016 -0.109261215 -0.845264852 -0.004653264 0.482753605 -0.229029939
1403715989284058112.000000 -0.436043203 1.552530527 -0.106097460 -0.845311403 -0.004800202 0.482304782 -0.229799435
1403715989334057984.000000 -0.432217836 1.545020700 -0.103010118 -0.845363736 -0.005554983 0.482033998 -0.230157733
1403715989384058112.000000 -0.428617328 1.537091017 -0.100179195 -0.845720947 -0.006169516 0.481188506 -0.230598822
1403715989434057984.000000 -0.425634503 1.529083014 -0.097602189 -0.845069051 -0.006725994 0.482219845 -0.230818227
1403715989484058112.000000 -0.422886521 1.520980358 -0.095331788 -0.844974637 -0.006144458 0.482196838 -0.231228113
1403715989534057984.000000 -0.420604289 1.512625813 -0.093139529 -0.844481707 -0.005842026 0.482895404 -0.231578290
1403715989584058112.000000 -0.437942356 1.492154360 -0.095071316 0.845790684 0.007696516 -0.480835736 0.231032491
1403715989634057984.000000 -0.436123163 1.482468605 -0.094530344 0.847789109 0.009897817 -0.477293730 0.230968311
1403715989684058112.000000 -0.434917867 1.472914815 -0.093961477 0.850059867 0.012386684 -0.473365068 0.230587184
1403715989734057984.000000 -0.434772879 1.462677717 -0.093611956 0.852220297 0.014153525 -0.469584197 0.230241194
1403715989784058112.000000 -0.435289919 1.453222632 -0.092316628 0.853767693 0.016367273 -0.466999233 0.229618371
1403715989834057984.000000 -0.436659157 1.444081664 -0.090236545 0.854660511 0.018270679 -0.465649039 0.228894264
1403715989884058112.000000 -0.438511878 1.435487628 -0.087299526 0.855366647 0.020144897 -0.464661837 0.228104368
1403715989934057984.000000 -0.440531433 1.427459121 -0.083927453 0.855544209 0.023622952 -0.464671552 0.227082297
1403715989984058112.000000 -0.426037401 1.430384636 -0.074171603 0.855280101 0.023669565 -0.465227515 0.226934075
1403715990034057984.000000 -0.444213420 1.413883567 -0.076178551 0.855164587 0.025497939 -0.466142625 0.225287780
1403715990084058112.000000 -0.456893146 1.403312802 -0.075780332 0.855098784 0.025387561 -0.466490030 0.224830166
1403715990134057984.000000 -0.459373116 1.398489475 -0.070922852 0.854604304 0.025518438 -0.467642695 0.224300295
1403715990184058112.000000 -0.462508976 1.394602060 -0.065639317 0.854165256 0.025060326 -0.468859881 0.223481998
1403715990234057984.000000 -0.467799574 1.390208483 -0.059983313 0.853444755 0.025822829 -0.470444024 0.222817764
1403715990284058112.000000 -0.471596718 1.387205839 -0.054332495 0.853250206 0.025992861 -0.471125573 0.222101867
1403715990334057984.000000 -0.475494653 1.385202050 -0.048812151 0.852969587 0.026755530 -0.471897095 0.221450433
1403715990384058112.000000 -0.484674960 1.382760167 -0.043497801 0.852744758 0.027615804 -0.472496778 0.220931485
1403715990434057984.000000 -0.490860552 1.382356405 -0.036641836 0.852101862 0.027848532 -0.473931283 0.220309034
1403715990484058112.000000 -0.498871565 1.383069158 -0.028987348 0.851335943 0.028990893 -0.475505441 0.219730154
1403715990534057984.000000 -0.510899544 1.387911916 -0.021661878 0.850800991 0.028585996 -0.476364702 0.219993830
1403715990584058112.000000 -0.522129536 1.390616775 -0.012906611 0.849896789 0.028659619 -0.478092462 0.219731212
1403715990634057984.000000 -0.534526110 1.394368052 -0.003951430 0.848589122 0.028483486 -0.480491847 0.219574392
1403715990684058112.000000 -0.555435300 1.391966581 0.002904892 0.847341418 0.028320478 -0.482765347 0.219427049
1403715990734057984.000000 -0.569082379 1.397741079 0.011178672 0.846031129 0.027379321 -0.485162526 0.219315156
1403715990784058112.000000 -0.586201906 1.400985360 0.018109441 0.845437109 0.028214078 -0.486475646 0.218590155
1403715990834057984.000000 -0.600752354 1.407429218 0.023943126 0.844034970 0.027366158 -0.489053160 0.218364865
1403715990884058112.000000 -0.608102262 1.424440980 0.028741837 0.842620909 0.027373761 -0.491286129 0.218812138
1403715990934057984.000000 -0.622500777 1.431950808 0.031088471 0.841833949 0.027122581 -0.492706358 0.218678996
1403715990984058112.000000 -0.637896180 1.437628984 0.033180058 0.842260063 0.028804217 -0.492383599 0.217547312
1403715991034057984.000000 -0.651240408 1.446327448 0.030535996 0.843515337 0.029597376 -0.490361333 0.217144459
1403715991084058112.000000 -0.662721276 1.457738996 0.028267145 0.845613122 0.030546660 -0.486865342 0.216719747
1403715991134057984.000000 -0.671099424 1.466118217 0.021723866 0.850373626 0.025152335 -0.478138000 0.218211561
1403715991184058112.000000 -0.675335288 1.468027115 0.012831450 0.850056708 0.029089851 -0.479030967 0.216995105
1403715991234057984.000000 -0.673405766 1.469804645 0.008803070 0.849040210 0.035760630 -0.481269389 0.215015784
1403715991284058112.000000 -0.669398308 1.478339791 0.005250931 0.849251032 0.039114337 -0.480521828 0.215271145
1403715991334057984.000000 -0.669484973 1.476858735 0.007380784 0.851086557 0.034446523 -0.476969004 0.216715902
1403715991384058112.000000 -0.670434713 1.475258350 0.011920333 0.851888120 0.021797512 -0.475245029 0.218983158
1403715991434057984.000000 -0.670356989 1.469817638 0.014303088 0.851844549 0.026344819 -0.475775123 0.217497066
1403715991484058112.000000 -0.669008255 1.471072197 0.014042079 0.852125406 0.024609800 -0.475206017 0.217843682
1403715991534057984.000000 -0.671525121 1.475735307 0.010254323 0.851644278 0.024337625 -0.475830287 0.218392521
1403715991584058112.000000 -0.670137763 1.476699233 0.010892630 0.852323592 0.023949865 -0.474608779 0.218443051
1403715991634057984.000000 -0.670100927 1.477794766 0.011642098 0.851758301 0.023522552 -0.475568324 0.218607828
1403715991684058112.000000 -0.670168161 1.478859782 0.013024867 0.851614356 0.023909133 -0.475847512 0.218519107
1403715991734057984.000000 -0.669362426 1.480165958 0.013951063 0.852180183 0.023117144 -0.474806130 0.218663648
1403715991784058112.000000 -0.668673754 1.481089354 0.014755130 0.851762593 0.023891626 -0.475566745 0.218554482
1403715991834057984.000000 -0.668376863 1.482435346 0.015860915 0.851890564 0.022781303 -0.475291669 0.218772113
1403715991884058112.000000 -0.667443752 1.483605623 0.016703963 0.851989210 0.023678217 -0.475141853 0.218618482
1403715991934057984.000000 -0.666607380 1.484737515 0.017670155 0.851806641 0.022959970 -0.475434989 0.218769297
1403715991984058112.000000 -0.665657341 1.486030817 0.018266261 0.851916850 0.023337033 -0.475265324 0.218668714
1403715992034057984.000000 -0.671386421 1.478196263 0.011096954 0.851890802 0.023003651 -0.475255549 0.218826815
1403715992084058112.000000 -0.670280933 1.479368567 0.011818051 0.851765871 0.023038309 -0.475488991 0.218802050
1403715992134057984.000000 -0.670182467 1.479457378 0.011816859 0.851949573 0.023119770 -0.475150198 0.218814567
1403715992184058112.000000 -0.669088781 1.480980635 0.012527704 0.851787567 0.022846453 -0.475453436 0.218815029
1403715992234057984.000000 -0.667700648 1.482251406 0.013277233 0.851783991 0.023054766 -0.475443959 0.218827859
1403715992284058112.000000 -0.666681409 1.483286262 0.013861001 0.851909280 0.022906568 -0.475198597 0.218888551
1403715992334057984.000000 -0.670509458 1.479567766 0.011838496 0.851772964 0.022899581 -0.475439608 0.218896613
1403715992384058112.000000 -0.669371903 1.480520844 0.012471735 0.851844728 0.022857901 -0.475283325 0.218960971
1403715992434057984.000000 -0.668792725 1.480750561 0.012587905 0.851826072 0.022768022 -0.475305170 0.218995586
1403715992484058112.000000 -0.667890072 1.481341124 0.012975752 0.851804376 0.022769921 -0.475337088 0.219010338
1403715992534057984.000000 -0.669409454 1.480412960 0.012817502 0.851858079 0.022645421 -0.475237548 0.219030187
1403715992634057984.000000 -0.667272747 1.481683493 0.013126433 0.851807594 0.022712100 -0.475297451 0.219089925
1403715992684058112.000000 -0.666281462 1.482282281 0.013236463 0.851799190 0.022605032 -0.475332707 0.219057158
1403715992734057984.000000 -0.668798923 1.481023669 0.013054132 0.851867020 0.022565955 -0.475189894 0.219107419
1403715992784058112.000000 -0.668326855 1.481603026 0.013486624 0.851838171 0.022526288 -0.475205451 0.219189912
1403715992834057984.000000 -0.668329954 1.481441259 0.013383508 0.851798832 0.022540737 -0.475248754 0.219247222
1403715992884058112.000000 -0.667659163 1.481693506 0.013317943 0.851799309 0.022463946 -0.475244701 0.219262004
1403715992934057984.000000 -0.667257786 1.481858134 0.013398349 0.851812303 0.022458252 -0.475220531 0.219264522
1403715992984058112.000000 -0.666730464 1.481993437 0.013429642 0.851773679 0.022380734 -0.475294352 0.219262600
1403715993034057984.000000 -0.664554834 1.482740045 0.012990892 0.851725221 0.022297472 -0.475381613 0.219270229
1403715993084058112.000000 -0.665920675 1.482194662 0.013500631 0.851739287 0.022287466 -0.475360155 0.219263002
1403715993184058112.000000 -0.665593743 1.482519746 0.012802303 0.851713717 0.022367803 -0.475454599 0.219149128
1403715993234057984.000000 -0.665841818 1.482761621 0.012695849 0.851691961 0.022278728 -0.475491136 0.219163552
1403715993284058112.000000 -0.664525986 1.483414650 0.012317419 0.851701558 0.022233272 -0.475472718 0.219170973
1403715993334057984.000000 -0.666640043 1.482574344 0.013550222 0.851755917 0.022315273 -0.475349456 0.219218567
1403715993384058112.000000 -0.667262435 1.482411504 0.013653159 0.851734757 0.022278218 -0.475386709 0.219223842
1403715993484058112.000000 -0.667551339 1.481572032 0.012333632 0.851612628 0.022364052 -0.475531757 0.219374850
1403715993534057984.000000 -0.669266105 1.479559183 0.011125565 0.851593256 0.022324225 -0.475577116 0.219355866
1403715993584058112.000000 -0.669896960 1.478977799 0.010933757 0.851643324 0.022125527 -0.475485831 0.219379365
1403715993634057984.000000 -0.670863032 1.478227735 0.010760546 -0.851569712 -0.022180049 0.475629866 -0.219347551
1403715993684058112.000000 -0.669914603 1.479436517 0.012444854 -0.851549387 -0.021979801 0.475634605 -0.219436347
1403715993734057984.000000 -0.671305537 1.477927208 0.011234701 0.851929367 0.022570092 -0.474938720 0.219408780
1403715993784058112.000000 -0.672034979 1.477615595 0.011227429 -0.851572633 -0.021866677 0.475652903 -0.219317764
1403715993834057984.000000 -0.669099450 1.480103731 0.012365162 0.851900160 0.022178775 -0.474981338 0.219469815
1403715993884058112.000000 -0.669262052 1.479770184 0.011990368 -0.851611018 -0.022101903 0.475486070 -0.219506875
1403715993934057984.000000 -0.670268893 1.478634715 0.012034237 -0.851336837 -0.021599691 0.475948721 -0.219617635
1403715993984058112.000000 -0.670334756 1.478182197 0.012026429 0.851885736 0.022121668 -0.474984199 0.219525293
