#LBA time[ms],KF opt[#],KF fixed[#],MP[#],Edges[#]
0.015040,3,1,0,347
0.004801,4,1,0,467
0.180579,5,1,0,607
0.292933,6,1,0,1114
0.407206,7,1,0,1704
0.649835,8,1,0,2279
0.700235,9,1,0,2742
0.612394,10,1,0,3083
1.419223,0,0,0,0
86.797112,0,0,0,0
1.064145,0,0,0,0
1.252372,0,0,0,0
2.024256,0,0,0,0
1.430103,0,0,0,0
1.611578,0,0,0,0
1.772476,0,0,0,0
2.128194,0,0,0,0
2.390790,0,0,0,0
2.825358,0,0,0,0
3.008880,0,0,0,0
3.137491,0,0,0,0
5.351126,0,0,0,0
4.547881,0,0,0,0
4.755245,0,0,0,0
4.508073,0,0,0,0
3.990176,0,0,0,0
4.252036,0,0,0,0
4.731436,0,0,0,0
3.300149,0,0,0,0
5.122963,0,0,0,0
3.804926,0,0,0,0
5.347510,0,0,0,0
4.144483,0,0,0,0
5.157011,0,0,0,0
5.559961,0,0,0,0
4.988913,0,0,0,0
5.212660,0,0,0,0
5.133235,0,0,0,0
5.305877,0,0,0,0
5.030513,0,0,0,0
4.708140,0,0,0,0
4.599658,0,0,0,0
3.149522,0,0,0,0
4.120386,0,0,0,0
4.157187,0,0,0,0
4.438728,0,0,0,0
4.035713,0,0,0,0
5.798461,0,0,0,0
4.505161,0,0,0,0
3.423383,0,0,0,0
4.344806,0,0,0,0
3.094930,0,0,0,0
3.109043,0,0,0,0
3.183667,0,0,0,0
3.260148,0,0,0,0
3.388950,0,0,0,0
1.937983,0,0,0,0
3.036337,0,0,0,0
2.155331,0,0,0,0
3.344918,0,0,0,0
3.594618,0,0,0,0
2.568425,0,0,0,0
3.881247,0,0,0,0
2.813550,0,0,0,0
5.767901,0,0,0,0
3.012272,0,0,0,0
3.863103,0,0,0,0
2.876750,0,0,0,0
5.367926,0,0,0,0
3.087441,0,0,0,0
4.955055,0,0,0,0
4.250404,0,0,0,0
5.033777,0,0,0,0
6.480520,0,0,0,0
2.950127,0,0,0,0
2.786733,0,0,0,0
3.449560,0,0,0,0
4.774637,0,0,0,0
4.282373,0,0,0,0
4.146371,0,0,0,0
4.295333,0,0,0,0
5.559738,0,0,0,0
4.037602,0,0,0,0
5.254804,0,0,0,0
5.293173,0,0,0,0
9.519130,0,0,0,0
5.392855,0,0,0,0
5.539801,0,0,0,0
7.130004,0,0,0,0
7.283221,0,0,0,0
4.804014,0,0,0,0
7.639195,0,0,0,0
6.899407,0,0,0,0
9.106931,0,0,0,0
7.383191,0,0,0,0
9.718300,0,0,0,0
3.686587,0,0,0,0
6.261830,0,0,0,0
5.393623,0,0,0,0
5.771965,0,0,0,0
4.170915,0,0,0,0
5.479768,0,0,0,0
10.777710,0,0,0,0
9.291222,0,0,0,0
7.907648,0,0,0,0
7.563322,0,0,0,0
8.377511,0,0,0,0
9.223829,0,0,0,0
4.496328,0,0,0,0
7.195476,0,0,0,0
6.036225,0,0,0,0
9.100563,0,0,0,0
6.014145,0,0,0,0
9.641211,0,0,0,0
8.479176,0,0,0,0
11.282902,0,0,0,0
7.848575,0,0,0,0
5.969056,0,0,0,0
8.900912,0,0,0,0
6.754157,0,0,0,0
7.392184,0,0,0,0
7.269974,0,0,0,0
9.538650,0,0,0,0
8.140419,0,0,0,0
9.942016,0,0,0,0
9.684828,0,0,0,0
10.025441,0,0,0,0
8.850895,0,0,0,0
9.132244,0,0,0,0
9.424280,0,0,0,0
12.902032,0,0,0,0
9.394808,0,0,0,0
9.561946,0,0,0,0
9.753949,0,0,0,0
7.927552,0,0,0,0
10.012354,0,0,0,0
8.206660,0,0,0,0
13.002354,0,0,0,0
13.998978,0,0,0,0
12.122852,0,0,0,0
7.638875,0,0,0,0
9.041330,0,0,0,0
10.803566,0,0,0,0
10.155844,0,0,0,0
11.901888,0,0,0,0
9.719485,0,0,0,0
9.945185,0,0,0,0
9.229525,0,0,0,0
8.270502,0,0,0,0
7.371127,0,0,0,0
8.088995,0,0,0,0
6.189796,0,0,0,0
8.969009,0,0,0,0
5.858079,0,0,0,0
8.697100,0,0,0,0
7.099570,0,0,0,0
6.133283,0,0,0,0
6.383047,0,0,0,0
7.514810,0,0,0,0
6.213892,0,0,0,0
8.910575,0,0,0,0
6.692332,0,0,0,0
7.099922,0,0,0,0
8.299046,0,0,0,0
8.302470,0,0,0,0
4.814733,0,0,0,0
8.423720,0,0,0,0
5.050385,0,0,0,0
6.777933,0,0,0,0
3.900895,0,0,0,0
3.940991,0,0,0,0
6.413320,0,0,0,0
6.116963,0,0,0,0
6.685227,0,0,0,0
6.003233,0,0,0,0
6.994097,0,0,0,0
7.081970,0,0,0,0
5.063249,0,0,0,0
5.202900,0,0,0,0
4.389159,0,0,0,0
6.399495,0,0,0,0
7.636667,0,0,0,0
6.105795,0,0,0,0
8.610347,0,0,0,0
6.682060,0,0,0,0
9.398423,0,0,0,0
6.476680,0,0,0,0
6.138019,0,0,0,0
8.315654,0,0,0,0
6.018337,0,0,0,0
8.515273,0,0,0,0
5.229460,0,0,0,0
6.224740,0,0,0,0
8.610602,0,0,0,0
7.990113,0,0,0,0
7.159923,0,0,0,0
9.335574,0,0,0,0
7.794430,0,0,0,0
5.470713,0,0,0,0
5.125811,0,0,0,0
4.790413,0,0,0,0
6.022561,0,0,0,0
9.181781,0,0,0,0
5.631099,0,0,0,0
4.457127,0,0,0,0
4.562953,0,0,0,0
5.951616,0,0,0,0
4.650923,0,0,0,0
7.808478,0,0,0,0
6.629227,0,0,0,0
7.832670,0,0,0,0
7.020241,0,0,0,0
8.159203,0,0,0,0
6.767789,0,0,0,0
8.240101,0,0,0,0
7.823422,0,0,0,0
8.688812,0,0,0,0
6.771725,0,0,0,0
6.434535,0,0,0,0
5.101938,0,0,0,0
5.436856,0,0,0,0
5.232308,0,0,0,0
7.770717,0,0,0,0
4.998033,0,0,0,0
8.148932,0,0,0,0
7.325622,0,0,0,0
7.343575,0,0,0,0
7.729469,0,0,0,0
8.130659,0,0,0,0
7.092531,0,0,0,0
7.223828,0,0,0,0
7.338935,0,0,0,0
8.608107,0,0,0,0
7.036177,0,0,0,0
6.906447,0,0,0,0
6.825582,0,0,0,0
7.335095,0,0,0,0
4.921167,0,0,0,0
12.149732,0,0,0,0
5.880927,0,0,0,0
10.464777,0,0,0,0
5.607227,0,0,0,0
10.138340,0,0,0,0
5.934912,0,0,0,0
5.501753,0,0,0,0
6.868687,0,0,0,0
7.360311,0,0,0,0
7.209940,0,0,0,0
7.147699,0,0,0,0
8.268070,0,0,0,0
8.302374,0,0,0,0
8.070082,0,0,0,0
7.060753,0,0,0,0
8.536073,0,0,0,0
7.893855,0,0,0,0
6.770285,0,0,0,0
8.212196,0,0,0,0
8.961296,0,0,0,0
5.459160,0,0,0,0
5.892575,0,0,0,0
6.724940,0,0,0,0
6.850158,0,0,0,0
7.827870,0,0,0,0
6.868367,0,0,0,0
8.304742,0,0,0,0
6.250789,0,0,0,0
8.871407,0,0,0,0
7.421880,0,0,0,0
7.962400,0,0,0,0
8.143492,0,0,0,0
5.418775,0,0,0,0
8.279141,0,0,0,0
5.803966,0,0,0,0
8.849231,0,0,0,0
10.084194,0,0,0,0
9.959616,0,0,0,0
7.684956,0,0,0,0
9.668764,0,0,0,0
6.948720,0,0,0,0
9.587579,0,0,0,0
7.229973,0,0,0,0
6.500297,0,0,0,0
10.458857,0,0,0,0
8.571178,0,0,0,0
6.978001,0,0,0,0
8.915088,0,0,0,0
7.099794,0,0,0,0
12.136964,0,0,0,0
10.136483,0,0,0,0
12.103043,0,0,0,0
10.743309,0,0,0,0
7.485593,0,0,0,0
10.737325,0,0,0,0
9.562875,0,0,0,0
10.237989,0,0,0,0
10.634412,0,0,0,0
9.572186,0,0,0,0
7.647804,0,0,0,0
9.931041,0,0,0,0
10.284166,0,0,0,0
10.236582,0,0,0,0
9.678844,0,0,0,0
10.141700,0,0,0,0
13.040787,0,0,0,0
8.965809,0,0,0,0
9.529561,0,0,0,0
11.436152,0,0,0,0
14.441257,0,0,0,0
12.938960,0,0,0,0
11.305654,0,0,0,0
12.360712,0,0,0,0
12.840335,0,0,0,0
10.119683,0,0,0,0
9.061970,0,0,0,0
14.141220,0,0,0,0
11.292502,0,0,0,0
13.981314,0,0,0,0
14.065538,0,0,0,0
16.072611,0,0,0,0
17.253431,0,0,0,0
11.721181,0,0,0,0
12.100484,0,0,0,0
11.538170,0,0,0,0
9.477209,0,0,0,0
14.963922,0,0,0,0
10.647883,0,0,0,0
12.698509,0,0,0,0
10.304486,0,0,0,0
14.891216,0,0,0,0
13.436921,0,0,0,0
14.104803,0,0,0,0
14.813711,0,0,0,0
17.017906,0,0,0,0
14.286951,0,0,0,0
15.463322,0,0,0,0
14.032706,0,0,0,0
11.248662,0,0,0,0
14.118403,0,0,0,0
9.256437,0,0,0,0
15.973186,0,0,0,0
14.888369,0,0,0,0
15.195189,0,0,0,0
18.996467,0,0,0,0
11.978562,0,0,0,0
21.847393,0,0,0,0
14.805455,0,0,0,0
20.728110,0,0,0,0
18.001666,0,0,0,0
12.653004,0,0,0,0
17.594204,0,0,0,0
19.670045,0,0,0,0
20.280679,0,0,0,0
15.661309,0,0,0,0
13.194741,0,0,0,0
21.943938,0,0,0,0
22.020739,0,0,0,0
24.463499,0,0,0,0
19.998019,0,0,0,0
28.378506,0,0,0,0
28.188231,0,0,0,0
26.068580,0,0,0,0
20.610348,0,0,0,0
11.703581,0,0,0,0
10.862351,0,0,0,0
8.244741,0,0,0,0
7.830943,0,0,0,0
8.428456,0,0,0,0
21.811424,0,0,0,0
21.792256,0,0,0,0
25.942115,0,0,0,0
27.693982,0,0,0,0
18.431113,0,0,0,0
23.057108,0,0,0,0
26.232103,0,0,0,0
18.218694,0,0,0,0
17.380376,0,0,0,0
21.513755,0,0,0,0
20.913969,0,0,0,0
25.127317,0,0,0,0
21.203702,0,0,0,0
16.463945,0,0,0,0
18.126116,0,0,0,0
18.707501,0,0,0,0
15.736126,0,0,0,0
19.915042,0,0,0,0
22.175046,0,0,0,0
23.248919,0,0,0,0
21.945538,0,0,0,0
24.674126,0,0,0,0
25.998339,0,0,0,0
22.721999,0,0,0,0
22.574380,0,0,0,0
23.363129,0,0,0,0
22.579276,0,0,0,0
17.731327,0,0,0,0
20.828080,0,0,0,0
21.228855,0,0,0,0
23.862625,0,0,0,0
23.064980,0,0,0,0
23.451035,0,0,0,0
25.799680,0,0,0,0
20.789839,0,0,0,0
20.250503,0,0,0,0
15.370392,0,0,0,0
16.970481,0,0,0,0
18.059076,0,0,0,0
19.547547,0,0,0,0
12.875471,0,0,0,0
16.278503,12,0,-706069448,1123700884
13.202037,0,0,1089905066,1080194376
