#Stereo rect[ms], MP culling[ms], MP creation[ms], LBA[ms], KF culling[ms], Total[ms]
4.517791,0.070689,0.808907,0.014880,0.014880,5.423531
5.313321,0.163747,2.103421,0.004256,0.004256,7.588809
6.493561,0.268292,5.140455,0.555112,0.555112,33.995477
6.965696,0.271683,9.837832,0.801867,0.801867,56.176454
7.774603,0.236291,11.397310,1.141264,1.141264,59.526069
8.256466,0.201251,23.777224,1.015950,1.015950,75.158573
9.363458,0.204738,26.222762,1.103024,1.103024,85.554429
9.741702,0.388677,19.602703,1.316690,1.316690,84.914131
9.406818,0.243907,17.820246,1.707832,1.707832,91.835059
9.787495,0.168067,17.675731,40.612048,40.612048,131.016432
9.764071,0.113153,23.507300,1.363475,1.363475,122.210230
10.480817,0.156610,29.672345,1.934266,1.934266,89.405329
11.546784,0.193058,30.519493,2.051260,2.051260,100.457354
11.263548,0.157154,29.296724,1.553589,1.553589,94.448855
11.241915,0.166466,27.393114,1.774104,1.774104,90.721347
11.236571,0.173379,30.450308,2.194334,2.194334,103.139439
8.486453,0.162562,22.661465,2.101021,2.101021,88.205889
10.579506,0.118466,25.760163,2.180158,2.180158,98.521583
9.551012,0.101601,25.244029,2.628900,2.628900,107.849040
8.709336,0.108513,21.636811,3.302190,3.302190,100.603884
8.813626,0.103873,22.607704,3.350510,3.350510,106.435132
8.252210,0.112577,19.904115,4.062296,4.062296,108.682107
7.478215,0.106465,17.852471,3.497232,3.497232,103.711190
7.392934,0.101346,16.619525,3.755155,3.755155,99.251161
6.723677,0.076801,16.381634,3.489520,3.489520,96.890969
5.814160,0.085857,15.530102,3.353326,3.353326,102.231458
5.860401,0.078401,15.138993,3.502992,3.502992,92.450779
6.344663,0.083362,15.497685,3.429872,3.429872,94.439351
7.196547,0.082241,19.179401,3.325230,3.325230,99.585213
6.968000,0.089057,18.234140,3.341294,3.341294,110.779288
6.572154,0.079009,16.422915,3.579026,3.579026,102.148257
7.175619,0.075969,16.897897,3.185452,3.185452,96.777367
7.389830,0.086305,16.697798,3.333390,3.333390,96.562516
8.062575,0.072801,18.822372,3.385711,3.385711,97.926151
8.234930,0.070465,18.662369,3.570322,3.570322,98.755603
7.551208,0.059873,17.810709,3.472720,3.472720,96.858456
8.470453,0.081473,21.631371,3.281069,3.281069,217.695004
8.277459,0.112065,18.811716,3.234412,3.234412,121.625614
13.313080,0.105537,34.225176,3.406831,3.406831,124.751673
16.690951,0.160514,37.686824,3.682770,3.682770,135.852850
13.773438,0.195523,34.617150,3.316014,3.316014,138.492951
12.708175,0.209795,33.138633,3.431503,3.431503,132.377090
14.680490,0.184931,37.023422,3.439023,3.439023,134.139354
12.503693,0.198243,34.112406,3.643763,3.643763,133.180846
12.139464,0.188994,31.213679,3.310638,3.310638,122.976993
12.911826,0.186499,34.738303,3.231501,3.231501,132.253889
12.620238,0.166562,30.182273,3.321902,3.321902,126.695636
12.603726,0.189987,29.174706,2.876776,2.876776,130.149316
13.457753,0.187875,31.758838,3.152236,3.152236,127.073849
14.679659,0.176674,39.520321,2.213663,2.213663,135.401452
16.779239,0.151618,40.762387,3.492977,3.492977,142.269643
14.901934,0.124065,33.397421,3.468208,3.468208,133.720437
12.597838,0.167266,35.488074,2.664196,2.664196,135.213289
9.007357,0.126913,21.535945,3.970839,3.970839,117.735385
8.442100,0.185091,19.610190,3.060906,3.060906,89.966969
7.727402,0.120226,18.624257,2.289727,2.289727,86.593962
5.966866,0.122786,15.877147,3.115883,3.115883,80.587064
5.826064,0.115906,15.252114,3.411823,3.411823,82.555987
5.501228,0.096609,13.942048,3.601682,3.601682,102.992749
5.591181,0.057921,14.196707,3.750836,3.750836,96.904345
5.456652,0.051328,14.675083,3.277965,3.277965,99.493533
5.297289,0.041825,14.740139,2.415041,2.415041,82.868439
4.988709,0.103777,1.333459,0.005472,0.005472,6.436185
5.201128,0.350629,2.270047,0.004640,0.004640,7.830668
6.517850,0.359429,2.907496,0.652873,0.652873,33.180298
7.436326,0.293476,4.199450,1.132176,1.132176,41.520925
8.163313,0.128066,12.167688,1.160848,1.160848,61.527697
8.764057,0.125185,20.654141,1.236145,1.236145,77.827954
9.538468,0.205827,21.371655,1.463028,1.463028,85.204504
10.132332,0.237219,25.212476,1.491476,1.491476,92.844801
7.939118,0.175266,19.158217,1.442036,1.442036,83.557345
11.409054,0.276452,20.661309,64.023412,64.023412,159.088212
5.754832,0.136290,1.372531,0.005888,0.005888,7.273509
7.516391,0.497063,4.697761,0.004768,0.004768,12.719343
7.653257,0.589960,10.379888,0.946957,0.946957,60.912264
5.907602,0.403525,7.004033,1.177168,1.177168,57.052371
7.508519,0.310693,14.703499,1.467477,1.467477,71.296984
7.161186,0.348485,15.464054,1.647127,1.647127,73.705465
7.266917,0.284899,14.863438,1.878842,1.878842,76.624706
6.243574,0.197219,11.800035,2.388000,2.388000,69.223675
5.472236,0.197571,13.208342,1.898138,1.898138,79.870127
4.315803,0.201315,12.450572,39.493921,39.493921,114.696943
4.731393,0.150050,1.469973,0.005632,0.005632,6.361848
6.221302,0.391365,4.696161,0.004576,0.004576,11.316956
6.555867,0.617512,7.000993,1.148688,1.148688,45.274673
6.886143,0.519655,8.237618,1.282578,1.282578,53.711877
6.673853,0.352324,9.880361,1.406740,1.406740,60.091998
6.233334,0.300676,10.488465,1.621430,1.621430,58.444710
5.442667,0.140386,1.733912,0.006720,0.006720,7.329061
5.991795,0.386725,3.695476,0.003872,0.003872,10.081004
7.181507,0.553384,11.081177,1.221009,1.221009,46.207486
7.776908,0.379461,16.613733,0.882829,0.882829,58.270373
7.346661,0.241315,13.076277,0.979150,0.979150,68.240462
7.182628,0.225027,11.107257,1.253522,1.253522,64.794623
6.937247,0.241924,14.167363,1.275601,1.275601,69.667585
9.042877,0.296868,20.574556,1.399443,1.399443,89.104430
8.702712,0.292996,24.335376,1.190160,1.190160,89.105070
8.772633,0.284452,27.315033,63.363531,63.363531,157.136825
6.503706,0.162690,1.628311,0.006176,0.006176,8.305267
6.597851,0.351749,3.491280,0.003360,0.003360,10.447568
7.738219,0.594856,9.959241,0.468070,0.468070,59.306002
6.771421,0.460006,12.497453,1.080975,1.080975,59.819641
6.896415,0.269988,12.505644,1.188849,1.188849,61.059563
7.256580,0.227876,15.512150,1.288178,1.288178,70.411980
8.136656,0.256932,18.183579,1.482389,1.482389,79.491594
8.429973,0.238371,21.755404,1.592566,1.592566,87.585945
7.743467,0.281667,19.666064,1.454868,1.454868,86.508266
7.867405,0.252899,19.224169,36.811068,36.811068,123.905550
5.862897,0.145794,1.461012,0.005984,0.005984,7.480135
7.067170,0.474118,4.214043,0.004384,0.004384,11.763331
7.410950,0.585352,13.462970,0.367621,0.367621,61.045003
7.759339,0.405350,16.859464,0.983149,0.983149,64.070549
8.581591,0.252579,18.053529,1.147312,1.147312,71.785375
7.076962,0.216739,13.039892,1.183728,1.183728,62.989477
9.746471,0.268259,21.245542,1.208625,1.208625,88.624328
9.219807,0.254308,19.812145,1.187409,1.187409,94.436504
9.041564,0.271588,20.839872,0.623561,0.623561,112.150572
8.924219,0.278148,21.847277,53.784135,53.784135,171.722595
6.263127,0.153474,1.576469,0.005441,0.005441,8.002735
7.311173,0.504167,5.131815,0.004768,0.004768,12.956435
7.905325,0.751371,9.582820,0.600104,0.600104,54.117707
8.190001,0.598472,10.665203,1.225073,1.225073,62.584960
7.798124,0.358469,11.291356,1.264594,1.264594,67.620998
7.169187,0.469383,12.854609,1.374995,1.374995,68.274351
6.815870,0.520679,13.797503,0.839020,0.839020,69.647650
5.760239,0.529640,11.379581,1.791609,1.791609,70.241802
5.601133,0.472615,12.245225,1.713880,1.713880,68.806102
6.635260,0.412773,16.020669,36.910845,36.910845,110.263474
7.641833,0.369669,16.732967,1.002221,1.002221,95.154273
7.232356,0.555399,17.952088,0.835147,0.835147,76.737091
8.191441,0.460230,21.563754,0.835596,0.835596,77.376172
8.317523,0.490118,23.054271,1.043215,1.043215,67.863721
8.673240,0.474471,25.688194,1.297201,1.297201,73.808028
9.119646,0.449318,26.609808,1.497428,1.497428,77.501934
9.291744,0.431014,27.354330,1.623734,1.623734,80.788347
9.519747,0.405286,26.941140,1.783065,1.783065,83.676099
7.637706,0.321028,21.892655,1.676439,1.676439,73.483159
9.644229,0.354725,28.005699,2.041180,2.041180,84.976085
9.547588,0.389958,27.811136,2.080252,2.080252,86.462602
9.726279,0.378181,29.429910,2.348704,2.348704,117.346421
9.073149,0.394886,30.683047,2.208767,2.208767,113.351101
8.929115,0.510183,30.230946,2.052124,2.052124,116.093187
8.301011,0.495942,30.281698,1.897242,1.897242,113.703778
7.588905,0.542855,28.673356,1.397651,1.397651,118.700871
5.820305,0.548551,21.062179,1.131407,1.131407,92.413756
4.302908,0.403909,15.167570,0.867052,0.867052,66.087089
5.243208,0.522472,20.974049,0.853004,0.853004,80.840604
5.658382,0.477574,20.252504,0.512423,0.512423,73.032880
5.322410,0.446310,21.153988,0.466183,0.466183,72.794286
6.727645,0.490087,26.251242,0.512807,0.512807,80.122386
6.981313,0.430534,28.425320,0.397030,0.397030,87.828669
6.923935,0.437286,28.159365,0.447878,0.447878,73.984829
6.540379,0.434086,29.838236,0.518535,0.518535,129.690559
5.002277,0.112738,1.147216,0.005760,0.005760,6.271927
5.501484,0.414693,3.309518,0.004608,0.004608,9.234687
5.579949,0.540872,6.608251,0.671113,0.671113,32.890630
5.869873,0.427973,14.114243,0.812075,0.812075,58.428646
5.275369,0.335589,9.174174,1.201297,1.201297,45.548757
5.984211,0.318244,12.742128,1.148912,1.148912,57.936800
5.580749,0.355877,12.965651,1.267953,1.267953,62.739746
6.176053,0.296612,11.476671,1.369299,1.369299,61.914647
6.743325,0.308549,19.123400,0.671466,0.671466,75.406290
6.101141,0.336868,12.336043,43.713275,43.713275,107.177064
5.635822,0.146050,1.521749,0.006592,0.006592,7.314789
6.682268,0.503207,4.902788,0.004704,0.004704,12.096519
6.687388,0.601961,5.513004,0.380517,0.380517,37.830090
7.106498,0.527912,12.250089,0.458343,0.458343,55.728930
7.221220,0.383013,12.611567,1.271090,1.271090,58.031778
6.748093,0.444326,13.407993,1.235697,1.235697,61.696180
4.649920,0.120834,1.497877,0.005696,0.005696,6.279223
5.854225,0.457798,4.252027,0.004864,0.004864,10.572498
6.076340,0.662441,5.436843,0.974381,0.974381,40.564400
5.675662,0.610505,6.917439,1.059279,1.059279,56.534061
6.398040,0.398342,10.864246,1.234929,1.234929,59.104336
6.154325,0.435302,10.512657,1.509621,1.509621,60.680742
4.793506,0.549512,9.483267,1.678295,1.678295,63.498285
5.487436,0.359749,11.464126,1.723927,1.723927,60.479940
6.291319,0.294980,14.159876,1.215569,1.215569,67.419523
6.930368,0.364069,16.494691,34.691616,34.691616,110.546679
4.893603,0.104386,1.390835,0.005664,0.005664,6.399064
5.604846,0.326948,3.659475,0.004928,0.004928,9.599877
5.707695,0.460550,4.104921,0.425221,0.425221,35.927824
4.958181,0.351941,7.999246,1.005710,1.005710,42.397642
5.293513,0.197986,8.208082,1.466900,1.466900,57.036691
4.780514,0.204099,10.396527,1.614646,1.614646,63.399723
3.937558,0.207107,10.217997,1.528981,1.528981,64.977281
2.692389,0.209027,6.880447,1.776024,1.776024,58.667978
2.254496,0.210946,5.364299,1.096495,1.096495,35.442154
2.353632,0.144834,5.908722,54.325903,54.325903,85.774305
2.763686,0.120866,6.079764,1.141872,1.141872,66.797755
2.982537,0.178403,6.779293,1.200817,1.200817,72.217702
3.072075,0.103329,7.413286,0.592232,0.592232,73.672154
3.353998,0.119042,7.840460,1.141104,1.141104,66.374101
3.584146,0.123650,7.845996,1.173296,1.173296,56.178568
3.389358,0.078658,8.053231,1.529557,1.529557,52.368371
3.944439,0.070561,7.537224,1.332978,1.332978,42.222791
4.325148,0.074113,9.013117,1.252337,1.252337,67.398211
4.636928,0.102594,10.548018,2.055005,2.055005,54.621107
4.275451,0.083041,9.666086,1.478228,1.478228,64.656541
5.256745,0.106817,12.200297,1.998395,1.998395,63.170953
5.384746,0.106562,15.130129,3.177036,3.177036,67.190336
5.353257,0.109890,12.902770,2.718213,2.718213,68.122124
5.041477,0.123874,12.817137,3.421168,3.421168,67.679015
5.078022,0.118210,11.860611,3.533233,3.533233,66.670553
4.700321,0.112226,11.557183,3.263629,3.263629,65.605226
4.782786,0.103393,12.744560,2.973897,2.973897,70.547598
4.709185,0.123042,13.545211,2.929544,2.929544,70.507534
4.338588,0.146530,12.446284,2.627877,2.627877,67.805353
4.708993,0.129122,12.724592,2.678277,2.678277,67.235649
4.232762,0.148610,10.939159,2.645028,2.645028,65.633418
3.820789,0.148578,9.839144,1.841721,1.841721,70.729777
4.047479,0.123298,10.389968,1.784761,1.784761,68.072652
4.113017,0.104705,10.107116,2.591396,2.591396,66.141458
3.754132,0.154402,9.253408,2.041117,2.041117,63.879059
3.307054,0.091329,9.312897,2.269824,2.269824,62.242460
3.336750,0.095553,8.640120,2.639908,2.639908,64.879232
3.043018,0.097602,7.477383,2.125981,2.125981,70.341644
2.839048,0.094529,7.539560,2.681925,2.681925,58.555913
2.500994,0.061281,6.877183,2.105949,2.105949,42.613996
2.846759,0.058017,7.601225,1.857306,1.857306,92.048887
2.718565,0.065377,7.215076,1.796729,1.796729,55.333212
2.626724,0.051169,7.952525,1.973531,1.973531,61.342703
2.506882,0.060449,7.374278,2.121629,2.121629,62.886020
2.748422,0.076193,8.165649,1.487444,1.487444,49.475659
2.779591,0.069345,8.363891,2.608612,2.608612,65.540426
2.492131,0.072129,6.834750,1.662583,1.662583,58.399303
2.255647,0.081505,5.997299,1.810201,1.810201,56.301193
2.138014,0.068385,5.955058,2.383905,2.383905,42.880720
1.839386,0.060705,4.806146,1.467412,1.467412,46.510467
2.029788,0.062945,5.550252,1.713815,1.713815,65.483784
1.716696,0.046721,4.980548,1.497973,1.497973,37.993389
1.924026,0.051873,4.853987,1.838810,1.838810,61.052779
1.903706,0.031712,4.947397,1.512405,1.512405,37.147457
1.781625,0.057505,5.191303,1.770200,1.770200,49.879505
1.789785,0.050272,5.121895,1.430100,1.430100,39.750149
1.748664,0.050177,5.196999,1.613142,1.613142,55.960453
1.927803,0.065153,4.958116,1.541974,1.541974,39.647140
1.762712,0.051617,5.397738,1.444436,1.444436,47.709075
1.696695,0.081121,4.743714,1.425779,1.425779,45.433652
1.355507,0.049729,4.389404,2.020540,2.020540,42.792655
1.486580,0.045217,4.597279,1.451860,1.451860,36.828317
1.203344,0.085633,4.004856,1.452948,1.452948,40.967894
1.118160,0.048097,3.273709,1.467572,1.467572,37.562247
4.192762,0.095169,1.212145,0.005920,0.005920,5.511724
5.213672,0.464294,3.706451,0.004320,0.004320,9.391937
5.919346,0.593736,5.563501,0.677609,0.677609,33.430126
5.670447,0.447814,9.310465,0.789227,0.789227,37.603016
4.950948,0.312132,8.299219,0.895276,0.895276,37.312899
4.276667,0.257316,8.630103,0.943693,0.943693,37.361604
4.708289,0.103585,1.326611,0.005184,0.005184,6.150133
6.040627,0.341125,5.465132,0.005216,0.005216,11.856516
6.041300,0.541607,8.461237,0.757610,0.757610,38.040462
5.300425,0.460775,8.877018,0.810923,0.810923,40.508976
4.858883,0.287588,8.855674,0.837868,0.837868,38.841721
6.431129,0.300196,9.734919,0.944301,0.944301,43.166037
6.499865,0.414214,5.980083,1.099567,1.099567,60.948842
5.931090,0.569832,10.178829,0.562952,0.562952,51.170659
6.086932,0.669386,11.119705,0.790347,0.790347,51.527016
5.683919,0.563815,11.432254,50.673724,50.673724,109.345287
4.621024,0.105313,1.394996,0.005024,0.005024,6.131765
5.556077,0.318884,3.461008,0.004128,0.004128,9.343393
5.284233,0.480166,5.510540,0.371909,0.371909,33.413261
5.672047,0.484646,6.268151,0.721097,0.721097,57.253368
5.919922,0.318756,10.018443,1.282194,1.282194,56.577710
6.158933,0.356101,11.457406,1.172720,1.172720,64.844544
7.983726,0.400102,18.525216,1.096111,1.096111,75.539220
8.095119,0.318181,20.268120,1.648247,1.648247,80.982591
8.413620,0.366085,22.773307,1.252594,1.252594,83.983337
8.648599,0.284420,25.545185,55.059033,55.059033,146.887150
6.005939,0.149858,1.505589,0.005472,0.005472,7.671146
7.139651,0.437542,4.630688,0.004736,0.004736,12.215913
6.979488,0.584937,10.535985,0.326212,0.326212,55.228859
6.897503,0.436198,10.994936,0.938733,0.938733,58.654667
6.626876,0.230179,13.449274,1.010446,1.010446,61.466354
5.794352,0.287588,11.752098,1.115760,1.115760,62.300701
5.639118,0.348197,11.253819,0.437382,0.437382,67.882442
5.683855,0.417861,10.540562,0.612425,0.612425,57.990946
6.093972,0.468231,11.376573,1.280049,1.280049,59.767546
4.452542,0.098593,1.280370,0.005824,0.005824,5.842033
5.833360,0.354629,4.430301,0.004544,0.004544,10.626514
6.474618,0.482055,8.777689,0.721866,0.721866,40.267789
6.604763,0.389861,13.677790,0.771947,0.771947,61.647540
7.010849,0.245347,16.689607,0.849740,0.849740,62.762468
7.664938,0.262564,18.315293,1.055246,1.055246,71.033110
7.958926,0.311076,20.154454,1.136752,1.136752,75.814680
8.416981,0.266755,20.900513,1.060910,1.060910,79.068997
6.364376,0.227043,15.683065,1.626743,1.626743,73.656186
8.353748,0.365029,23.928395,36.527577,36.527577,126.472117
6.088596,0.157762,1.611190,0.005664,0.005664,7.866796
7.515432,0.435622,2.836072,0.004448,0.004448,10.795734
6.174965,0.478535,3.961399,0.251427,0.251427,33.791635
6.977697,0.325988,11.783171,0.726602,0.726602,61.215887
8.509846,0.163330,19.072040,0.865100,0.865100,72.539563
9.642981,0.207395,21.787309,1.046095,1.046095,84.040458
10.619443,0.275428,22.266899,0.987437,0.987437,94.427769
11.489439,0.232675,27.751904,1.029294,1.029294,117.198324
9.018589,0.220387,19.054087,1.071886,1.071886,91.525457
12.454668,0.220515,20.941121,63.571791,63.571791,182.163126
13.178710,0.212323,35.662925,1.726328,1.726328,116.926321
13.867040,0.204611,25.221596,0.743882,0.743882,119.267089
13.481626,0.241956,38.035054,0.800971,0.800971,118.170818
13.378873,0.210083,42.218152,0.899949,0.899949,126.311251
14.132835,0.274948,42.797168,0.944557,0.944557,130.110983
14.515273,0.218915,41.613727,0.896748,0.896748,131.572347
14.725068,0.192578,45.173553,1.173425,1.173425,138.037461
15.105489,0.224259,49.753040,0.983982,0.983982,263.105622
8.103665,0.129537,22.239604,1.605942,1.605942,106.173084
16.353570,0.237091,54.135437,1.496149,1.496149,177.761626
11.563616,0.193283,35.332296,1.534358,1.534358,145.118999
14.143555,0.174723,40.723219,2.740134,2.740134,157.585827
10.872502,0.163395,37.897868,1.210769,1.210769,178.911946
12.117160,0.165954,32.589795,1.618967,1.618967,148.936300
11.499327,0.164578,33.278700,2.629029,2.629029,178.120991
9.232703,0.184611,27.186712,2.710437,2.710437,143.895909
13.425145,0.157122,38.114351,2.994281,2.994281,160.536651
12.579086,0.114946,34.661119,2.734278,2.734278,164.552004
4.377437,0.070561,8.733113,2.747942,2.747942,56.295243
6.140789,0.096833,17.444274,2.846216,2.846216,88.038082
6.068820,0.118337,17.876120,3.395183,3.395183,94.403033
7.238084,0.052033,20.849472,3.055115,3.055115,85.154074
7.982414,0.106369,22.658714,3.314574,3.314574,97.858601
7.889933,0.048929,22.801915,1.536597,1.536597,90.962282
7.666634,0.035073,24.463218,3.192492,3.192492,85.811395
7.298277,0.052769,22.526072,2.926184,2.926184,76.552771
7.664618,0.064897,21.988304,3.663091,3.663091,80.436824
7.325253,0.035617,20.335449,3.634611,3.634611,66.807580
7.455239,0.047777,19.235178,5.526700,5.526700,60.743784
7.155971,0.060480,18.400607,2.834407,2.834407,63.530638
