1403636579963555584.000000 0.886154890 0.649693012 -1.376782060 -0.594926775 -0.561207950 -0.399305910 0.414321840
1403636582713555456.000000 0.873922944 0.649649620 -1.314272165 -0.603328466 -0.565163553 -0.405194670 0.390387386
1403636585413555456.000000 0.901747882 0.676841617 -1.251742482 -0.603733361 -0.543534875 -0.443564087 0.378585398
1403636588213555456.000000 1.219864964 0.623891234 -1.391393661 -0.705431521 -0.581543803 -0.296863973 0.275762618
1403636591163555584.000000 0.937576592 0.572807431 -1.376827002 -0.673550963 -0.611356199 -0.281701028 0.305315167
1403636593863555584.000000 0.782493591 0.530449152 -1.438080907 -0.662612975 -0.619613051 -0.249630556 0.338686228
1403636594413555456.000000 1.081052661 0.521135211 -1.439458251 -0.741272509 -0.513537705 -0.337326437 0.270194262
1403636596313555456.000000 1.001521826 0.449379593 -1.477685928 -0.694597900 -0.571551204 -0.319794357 0.297648400
1403636596613555456.000000 0.889299929 0.347935170 -1.442943692 -0.684297979 -0.574927211 -0.331251204 0.302436113
1403636597113555456.000000 0.889592886 0.454216123 -1.449094772 -0.677220523 -0.588369131 -0.331090540 0.292529225
1403636598363555584.000000 0.856481612 0.582468927 -1.482741833 -0.597199500 -0.680728674 -0.271548480 0.325918168
1403636598713555456.000000 0.895942569 0.644156933 -1.531567216 -0.582141757 -0.675619721 -0.287194699 0.349525690
1403636601513555456.000000 0.940368950 0.802636504 -1.672864914 -0.531343579 -0.593639076 -0.371874809 0.476419687
1403636604013555456.000000 0.940286815 0.802458405 -1.672957420 -0.531473279 -0.593455672 -0.371813506 0.476551414
1403636606513555456.000000 0.940285087 0.802451849 -1.672941685 -0.531471848 -0.593459487 -0.371833920 0.476532340
1403636609013555456.000000 0.940200925 0.802491963 -1.673000455 -0.531454206 -0.593448937 -0.371966243 0.476461917
1403636611513555456.000000 0.940950215 0.802368224 -1.673124194 -0.531391621 -0.593645036 -0.372338414 0.475996554
1403636614013555456.000000 0.940750957 0.802414894 -1.673160434 -0.531384408 -0.593326330 -0.372245103 0.476474732
1403636616513555456.000000 0.940762341 0.802449346 -1.673149943 -0.531464934 -0.593225062 -0.372194052 0.476550788
1403636619013555456.000000 0.940685153 0.802252054 -1.673102498 -0.531476319 -0.593194604 -0.371812314 0.476874024
1403636621513555456.000000 0.940798998 0.802453101 -1.673157454 -0.531397760 -0.593273580 -0.372276872 0.476500660
1403636624363555584.000000 0.943110228 0.801304102 -1.673137069 -0.538047194 -0.594279230 -0.369736463 0.469715238
1403636626913555456.000000 1.032236218 0.838838756 -1.330817342 -0.523516417 -0.619778693 -0.374972850 0.448553562
1403636628513555456.000000 1.212720275 0.823633969 -1.208556056 -0.570874155 -0.578676939 -0.390984803 0.431701899
1403636630363555584.000000 1.832504392 1.170538664 -1.253760695 -0.667834818 -0.469330668 -0.467087060 0.339933872
1403636633013555456.000000 2.673748732 2.222058773 -1.352161407 -0.616798043 -0.543856680 -0.426259726 0.376938730
1403636635863555584.000000 3.397336721 4.089345932 -1.349665165 -0.586269021 -0.572001994 -0.389478087 0.421199739
1403636636113555456.000000 3.484281301 4.279072285 -1.278414965 -0.591494381 -0.580630124 -0.384687543 0.406224787
1403636638413555456.000000 3.829960823 5.534245968 -1.088309288 -0.577276111 -0.587303460 -0.386112601 0.415624797
1403636638813555456.000000 3.865833998 5.745717525 -1.135134339 -0.578640878 -0.594600260 -0.382515579 0.406579882
1403636641613555456.000000 4.510432243 7.284231663 -1.326910377 -0.541834950 -0.606821358 -0.383913100 0.436799079
1403636643563555584.000000 4.810621262 7.648910999 -1.316357255 -0.587527335 -0.579472721 -0.394553125 0.404166728
1403636643913555456.000000 4.880136013 7.747600079 -1.255559206 -0.591046214 -0.591193795 -0.384496629 0.391556591
1403636644313555456.000000 4.962512970 7.939902782 -1.243176222 -0.589252412 -0.578830302 -0.387523353 0.409344286
1403636646613555456.000000 5.895451546 9.556107521 -1.487895131 -0.648130596 -0.474725604 -0.467119008 0.369272560
1403636646913555456.000000 6.053971291 9.754549026 -1.419681430 -0.660451889 -0.463422686 -0.475760043 0.350278676
1403636649713555456.000000 7.474390030 10.260763168 -1.195789933 -0.742618144 -0.319452941 -0.534716785 0.246061414
1403636650163555584.000000 7.642585278 10.204531670 -1.081118226 -0.748540640 -0.293611944 -0.549797893 0.226277128
1403636651913555456.000000 7.862060070 9.654029846 -1.078284264 -0.784979045 -0.173204258 -0.573600233 0.157451943
1403636654763555584.000000 7.857246876 8.287650108 -1.134631753 0.817658901 -0.048481941 0.573075533 0.025842385
1403636655113555456.000000 7.805060863 8.164660454 -1.137803435 0.806949258 -0.065383233 0.585506976 0.041708227
1403636655463555584.000000 7.725314617 8.052695274 -1.175215244 0.797508180 -0.084835410 0.595388532 0.047919143
1403636656213555456.000000 7.407934189 7.782346249 -1.304749966 0.803298175 -0.182894588 0.556931496 0.105303526
1403636656863555584.000000 7.192413330 7.459060192 -1.235729933 0.788715303 -0.175374910 0.577212572 0.118310980
1403636657263555584.000000 7.038079262 7.271968842 -1.272660255 0.785252213 -0.175265327 0.584491313 0.105028838
1403636659163555584.000000 6.150325775 6.094859123 -1.528129339 0.789971650 -0.179586962 0.570543647 0.134808630
1403636659513555456.000000 6.043439865 5.942411423 -1.612268329 0.799090743 -0.180064172 0.557929933 0.133210376
1403636662013555456.000000 6.020236969 5.852107525 -2.285239458 0.784968197 -0.191007987 0.576594412 0.121983014
1403636663063555584.000000 5.921711445 6.174662113 -2.344374657 0.802696288 -0.213411540 0.547150254 0.103734054
1403636663413555456.000000 5.909181595 6.192396641 -2.397160769 0.815149546 -0.194931537 0.529127419 0.132503316
1403636663763555584.000000 5.970584869 6.180976868 -2.496978521 0.824016094 -0.182010740 0.515531778 0.148649365
1403636666663555584.000000 7.568329811 7.544735432 -2.543952227 0.800513506 -0.165059447 0.566463351 0.105132148
1403636668063555584.000000 8.028786659 8.071485519 -2.559155226 0.809299886 -0.163677379 0.555792749 0.096633427
1403636668413555456.000000 8.170249939 8.161487579 -2.614694118 0.810343027 -0.162334263 0.551296711 0.114296980
1403636669663555584.000000 8.761363029 8.722318649 -2.797894001 0.780489385 -0.162693545 0.589309990 0.130693480
1403636670063555584.000000 8.834851265 9.008324623 -2.809595823 0.780248523 -0.195459783 0.589436710 0.074646346
1403636670513555456.000000 8.740728378 9.187114716 -2.767066717 0.775049746 -0.191388786 0.602039099 0.014737935
1403636670913555456.000000 8.471986771 9.084429741 -2.692764044 0.785089970 -0.122967280 0.604839325 -0.051789727
1403636673763555584.000000 7.255526543 6.936704159 -2.222331762 -0.809136868 -0.178776100 -0.551509857 0.095778964
1403636675263555584.000000 7.737314701 7.612790585 -2.508688688 -0.816120386 -0.217596039 -0.519035816 0.131153867
1403636677663555584.000000 8.676115990 9.479685783 -2.817450523 -0.665668607 -0.441901743 -0.502226710 0.330721289
1403636680513555456.000000 8.533510208 10.187061310 -2.469827890 -0.376782864 -0.715621114 -0.337313861 0.481809616
1403636683363555584.000000 6.980318546 8.732366562 -2.398524761 -0.407357454 -0.700573564 -0.300018907 0.503234804
1403636685263555584.000000 6.149421215 7.498174191 -2.421183586 -0.396596670 -0.712233543 -0.293360233 0.499373883
1403636688163555584.000000 5.267337799 5.780814171 -2.602932453 -0.398538917 -0.709067404 -0.291249633 0.503551185
1403636689363555584.000000 4.962751865 5.177658558 -2.823920488 -0.382774442 -0.730271339 -0.258727789 0.503236949
1403636689713555456.000000 4.836262226 5.046346188 -2.743961334 -0.386399120 -0.735170126 -0.243744105 0.500808835
1403636689963555584.000000 4.747232914 4.991692543 -2.697147608 -0.401224643 -0.727471054 -0.227252930 0.508095324
1403636690413555456.000000 4.617918968 5.017245293 -2.635331869 -0.391764253 -0.733376145 -0.249317601 0.496508747
1403636690713555456.000000 4.531411171 5.097101212 -2.592416525 -0.404189020 -0.718822896 -0.231939599 0.515876889
1403636690963555584.000000 4.489995956 5.200146675 -2.625884771 -0.411090046 -0.693721294 -0.220469713 0.548770368
1403636693663555584.000000 5.866026878 5.702784061 -1.926430106 -0.387335449 -0.749998152 -0.240468368 0.479216993
1403636694163555584.000000 5.885647774 5.837749004 -1.899974227 -0.368797272 -0.723412871 -0.262214720 0.521446049
1403636696513555456.000000 5.977200031 6.356888294 -1.958248854 -0.379331529 -0.712025344 -0.279866397 0.520386636
1403636698363555584.000000 5.678603649 6.003425598 -1.869859934 -0.470267981 -0.669691324 -0.335176677 0.466924250
1403636701013555456.000000 5.312173367 5.415487289 -2.340237856 -0.736159265 -0.362761587 -0.504590690 0.268070728
1403636703313555456.000000 5.998971939 5.242778778 -2.745540619 -0.771006703 -0.271509916 -0.529899478 0.225915000
1403636705313555456.000000 6.928380013 5.521945953 -2.923737049 -0.764294624 -0.310574830 -0.526861429 0.204485089
1403636705663555584.000000 7.143528938 5.718192577 -2.958506584 -0.770879328 -0.311363816 -0.517865002 0.201527596
1403636706013555456.000000 7.364626884 5.952397823 -3.010904312 -0.763403296 -0.294368654 -0.527938366 0.227692172
1403636706613555456.000000 7.747096062 6.297038078 -3.079181671 -0.758830667 -0.315263540 -0.530597925 0.207968369
1403636707113555456.000000 8.031149864 6.613647461 -3.065675735 -0.764047861 -0.308660716 -0.529100955 0.202513084
1403636709613555456.000000 9.349849701 8.456421852 -3.119804382 -0.761643350 -0.296173930 -0.544113398 0.190055564
1403636712413555456.000000 8.952008247 9.927581787 -3.199019670 -0.696341991 -0.402040958 -0.517756581 0.292231172
1403636715313555456.000000 7.408038616 8.950538635 -2.576274872 -0.636949658 -0.528886199 -0.431174606 0.358696461
1403636717813555456.000000 7.060866356 7.991327763 -2.530539751 -0.552241266 -0.598631799 -0.409503609 0.411067247
1403636720363555584.000000 6.113206387 6.775609970 -2.777014017 -0.483300924 -0.659045935 -0.329138398 0.473018646
1403636722863555584.000000 6.070178032 5.907746792 -2.878995180 -0.557598531 -0.593653023 -0.400397509 0.419930875
1403636725363555584.000000 5.802928448 5.032094479 -2.617914677 -0.650083482 -0.498392671 -0.446058810 0.360593766
1403636727863555584.000000 5.687231064 4.517199516 -2.157705307 -0.624854386 -0.519821167 -0.455979049 0.362527192
1403636730363555584.000000 4.961460114 3.551901817 -1.931740642 -0.596509159 -0.561901808 -0.414656013 0.395605534
1403636733213555456.000000 4.580657959 2.895658731 -1.992522120 -0.580927372 -0.563658237 -0.430075526 0.399809778
1403636736063555584.000000 3.706080437 1.808096528 -1.628828883 -0.594695210 -0.563716888 -0.412186801 0.398325115
1403636739013555456.000000 3.094477415 1.483660817 -1.364110351 -0.627554893 -0.522642136 -0.416218162 0.399728060
1403636741613555456.000000 3.525494337 1.383331895 -2.068069935 -0.724662960 -0.398483992 -0.484361112 0.285426825
1403636744463555584.000000 4.024778366 1.819835901 -2.901174307 -0.729184031 -0.355057299 -0.513389885 0.280456573
1403636747063555584.000000 4.255400181 2.112745523 -3.370182037 -0.744709253 -0.359291822 -0.493865520 0.269099355
1403636749563555584.000000 4.249514103 2.613060951 -2.746634722 -0.739505649 -0.336352587 -0.531013727 0.240879148
1403636751463555584.000000 4.022480488 2.488526344 -2.079809904 -0.741041601 -0.355662853 -0.506402135 0.260611326
1403636751963555584.000000 3.961317062 2.474460363 -1.891188979 -0.741068661 -0.372725040 -0.489848286 0.268220156
1403636754763555584.000000 3.585605621 2.397198915 -1.470567346 -0.555622578 -0.588050246 -0.415145576 0.416094422
1403636755513555456.000000 3.214189529 2.134365320 -1.445160389 -0.538732290 -0.623519421 -0.379046082 0.421087921
1403636756013555456.000000 2.926719189 1.966029644 -1.427574396 -0.537922084 -0.612554073 -0.386841506 0.431011736
1403636756363555584.000000 2.713979483 1.857890248 -1.390074134 -0.534785450 -0.611393213 -0.389532447 0.434128314
1403636756763555584.000000 2.466441393 1.718251705 -1.382408738 -0.531147063 -0.611548901 -0.389519364 0.438366801
1403636757163555584.000000 2.223569393 1.535850883 -1.344732761 -0.531070471 -0.612281680 -0.385518730 0.440965503
1403636757513555456.000000 2.016878128 1.350739837 -1.354134202 -0.528752625 -0.620668948 -0.384705126 0.432657629
1403636757813555456.000000 1.825067163 1.193931460 -1.335794568 -0.527508736 -0.645140529 -0.357649416 0.421444088
1403636758113555456.000000 1.617685080 1.088937759 -1.250020385 -0.514796197 -0.639124691 -0.359164983 0.444415540
1403636758563555584.000000 1.321246386 0.950526536 -1.218590260 -0.533415377 -0.640891314 -0.328588873 0.443571568
1403636759063555584.000000 1.074979424 0.897671998 -1.255539536 -0.516996741 -0.628283978 -0.356185526 0.459462255
1403636759413555456.000000 0.972181201 0.875300825 -1.325797081 -0.525710404 -0.617569864 -0.340893179 0.475423962
1403636759763555584.000000 0.952326059 0.842391372 -1.406254530 -0.508582592 -0.631549358 -0.361799985 0.459989041
1403636760113555456.000000 0.945546687 0.792671561 -1.433277845 -0.518170655 -0.641791105 -0.349180758 0.444607824
1403636760613555456.000000 0.942328572 0.740270615 -1.503068566 -0.511048973 -0.638820648 -0.359442800 0.448929787
1403636761063555584.000000 0.923083246 0.686211169 -1.565222621 -0.509173453 -0.645309210 -0.358781397 0.442260534
1403636761413555456.000000 0.876208961 0.666831434 -1.603125095 -0.516538143 -0.651520431 -0.346690446 0.434183598
1403636761713555456.000000 0.824093640 0.681884706 -1.600610614 -0.511915624 -0.632597983 -0.356266320 0.459169358
1403636762213555456.000000 0.779709280 0.691398680 -1.566582322 -0.500646949 -0.646100700 -0.376691908 0.435900986
1403636762563555584.000000 0.720349848 0.700502753 -1.585006237 -0.529952407 -0.634187341 -0.336838871 0.451105833
1403636762863555584.000000 0.691827357 0.730744720 -1.655142069 -0.511933446 -0.607914507 -0.359603882 0.488926500
1403636763213555456.000000 0.732962728 0.689132869 -1.678520322 -0.547107041 -0.586384892 -0.374466896 0.465404332
1403636763513555456.000000 0.737238050 0.675140619 -1.703564763 -0.551034868 -0.587885320 -0.369086206 0.463170350
1403636763813555456.000000 0.742680490 0.649434924 -1.728616834 0.551206648 0.587636530 0.368922412 -0.463412076
