1403636859051666432.000000 1.126426816 -0.764598668 0.192723334 -0.592831910 -0.554500043 -0.398046166 0.427363098
1403636861901666560.000000 1.207212329 -0.765823722 0.417429596 -0.614424944 -0.553311169 -0.409596771 0.385434061
1403636864851666432.000000 1.201117516 -0.762999058 0.572290361 -0.619095862 -0.541998029 -0.426694483 0.375353456
1403636866051666432.000000 1.187363267 -0.755556524 0.590385199 -0.622891724 -0.530602515 -0.417253971 0.395431578
1403636868901666560.000000 1.143985033 -0.896016717 0.401191652 -0.709188044 -0.608343720 -0.257042915 0.246777952
1403636871251666432.000000 1.613708973 -0.839882374 0.369783461 -0.746628463 -0.553835869 -0.283319920 0.235672653
1403636873851666432.000000 1.572233081 -0.829534471 0.348326325 -0.746080935 -0.564051270 -0.264528483 0.235019460
1403636876051666432.000000 1.166939855 -1.023733377 0.326919794 -0.818265796 -0.431412667 -0.300074160 0.232979834
1403636876201666560.000000 1.233893871 -1.059807539 0.334537059 -0.830190003 -0.400203675 -0.322620809 0.215725183
1403636876401666560.000000 1.342438221 -1.060143471 0.334607482 -0.844904006 -0.374999940 -0.327892631 0.194932729
1403636876601666560.000000 1.463267207 -1.004641533 0.334126294 -0.841193318 -0.373194307 -0.346180707 0.182424664
1403636878001666560.000000 1.061130643 -0.788298190 0.322330147 -0.692219555 -0.610693455 -0.235972837 0.303648740
1403636878451666432.000000 1.183614612 -0.978716016 0.301011860 -0.762840807 -0.521442831 -0.279137045 0.261254430
1403636878751666432.000000 1.368620992 -0.998066962 0.318461418 -0.792001426 -0.469520718 -0.319529533 0.224020109
1403636878901666560.000000 1.456066966 -0.968090594 0.329188764 -0.795829952 -0.456950784 -0.332494915 0.217480630
1403636879201666560.000000 1.564402461 -0.858556449 0.345335990 -0.790042520 -0.454773486 -0.341051698 0.229559913
1403636881001666560.000000 1.141801596 -1.076828837 0.426119804 -0.752284467 -0.512127876 -0.322599500 0.260235727
1403636881201666560.000000 1.073670864 -1.040731192 0.429689050 -0.722361922 -0.536515534 -0.324620754 0.291488796
1403636881601666560.000000 1.075973511 -0.876083434 0.437900305 -0.670695364 -0.585963547 -0.324192971 0.318925470
1403636882651666432.000000 1.368439794 -0.792109549 0.324594706 -0.672917187 -0.562206149 -0.349769205 0.329800338
1403636885201666560.000000 1.265192270 -0.625696659 0.148553938 -0.510881245 -0.610726535 -0.362728745 0.484191388
1403636887701666560.000000 1.265072346 -0.625562191 0.148401275 -0.510765910 -0.610698938 -0.363001466 0.484143645
1403636890201666560.000000 1.265195847 -0.625637531 0.148428530 -0.510397911 -0.610186756 -0.363563269 0.484755516
1403636892701666560.000000 1.265134454 -0.625729084 0.148456484 -0.510467052 -0.610283017 -0.363574713 0.484552890
1403636895201666560.000000 1.265064597 -0.625757992 0.148523122 -0.510785937 -0.610274613 -0.363312274 0.484424323
1403636897951666432.000000 1.339189768 -0.703525901 0.194619387 -0.533254802 -0.644409657 -0.354297340 0.418149412
1403636900651666432.000000 1.609793186 -0.321792364 0.547315240 -0.587242305 -0.576929808 -0.401421458 0.401446432
1403636901151666432.000000 1.737031698 -0.220031232 0.565064549 -0.593368411 -0.570213437 -0.384788692 0.417981237
1403636903951666432.000000 2.921113253 0.496923238 0.544944286 -0.586340368 -0.580465555 -0.389731735 0.409113556
1403636905501666560.000000 3.615230322 0.951916993 0.761661470 -0.583279669 -0.581239462 -0.412271947 0.389842749
1403636907151666432.000000 3.963203430 1.631069541 0.764491498 -0.569100320 -0.594978273 -0.396954894 0.405650795
1403636907851666432.000000 4.092215538 2.012730837 0.812486649 -0.581222415 -0.590129375 -0.373160511 0.417946368
1403636909051666432.000000 4.433845520 2.822687149 0.863574862 -0.564604461 -0.606701732 -0.372707188 0.417401880
1403636909601666560.000000 4.599198341 3.256937742 0.903434277 -0.564031184 -0.601063013 -0.379534125 0.420173645
1403636911551666432.000000 4.979554176 4.573488712 0.727742851 -0.554658115 -0.603621721 -0.389728397 0.419651091
1403636912651666432.000000 5.170859814 5.184244633 0.700888455 -0.567293704 -0.592182994 -0.380066305 0.427839786
1403636913301666560.000000 5.395617962 5.542093277 0.581730306 -0.556191504 -0.591116250 -0.396971881 0.428539366
1403636913701666560.000000 5.558360577 5.722717762 0.564212143 -0.563052177 -0.594060123 -0.388326943 0.423399419
1403636916401666560.000000 6.590067863 6.731492043 0.667138398 -0.559357107 -0.596361518 -0.396917731 0.417047918
1403636919201666560.000000 6.895317554 7.336441517 0.677510798 -0.665583014 -0.464230716 -0.453154564 0.368971646
1403636921751666432.000000 7.250419617 6.953241825 0.798510790 -0.683478951 -0.465131044 -0.452901900 0.333750784
1403636924151666432.000000 7.506562233 6.689787388 0.534432292 -0.735556483 -0.396169275 -0.488961250 0.250845522
1403636926101666560.000000 8.292401314 7.301005840 0.343239814 -0.730125904 -0.363454401 -0.521777451 0.250131011
1403636928851666432.000000 9.870618820 8.104410172 0.040687568 -0.781608582 -0.264601558 -0.536307037 0.177338690
1403636931651666432.000000 11.213072777 8.224076271 0.331284225 -0.766135097 -0.236102030 -0.579479277 0.146617159
1403636934551666432.000000 10.259757042 7.432672501 0.317647189 -0.813030005 -0.019115884 -0.580387235 0.042042386
1403636937451666432.000000 9.524525642 6.366617203 0.379514307 0.817058325 -0.030264998 0.575596571 0.013719751
1403636938851666432.000000 9.261417389 6.052348137 0.153727815 0.810955822 -0.078761257 0.579716921 0.008696392
1403636939951666432.000000 8.767031670 5.523818493 0.145558938 0.802331269 -0.057129294 0.593734741 0.021907385
1403636940201666560.000000 8.612708092 5.397861481 0.112411916 0.806767225 -0.076549016 0.585220039 0.028008241
1403636941401666560.000000 7.858474731 4.686268806 0.107181698 0.811306715 -0.082138777 0.576587558 0.050806511
1403636944051666432.000000 6.493119717 3.155233145 0.031714831 0.824428141 -0.075898387 0.558952034 0.046154764
1403636946751666432.000000 5.828175068 2.784385443 -0.275385231 0.813630581 -0.059182987 0.577803433 0.025411554
1403636948451666432.000000 5.961090088 2.617802858 -0.562980592 0.829147696 -0.034317344 0.555466056 0.052856907
1403636948751666432.000000 6.108358383 2.667229652 -0.627526164 0.819553673 -0.013906378 0.568647027 0.069129616
1403636949051666432.000000 6.257827282 2.798726082 -0.643901229 0.810128510 -0.042280808 0.584429324 0.018617233
1403636951901666560.000000 7.366020203 3.658742428 -0.791552305 0.822930813 -0.028366335 0.566710889 0.028617613
1403636954501666560.000000 8.672389984 4.541476250 -0.956582487 0.828540146 -0.026499042 0.558844149 0.022632468
1403636955501666560.000000 9.349831581 5.072474480 -1.028983235 0.814375639 -0.054845694 0.575638533 0.049239747
1403636955751666432.000000 9.506372452 5.231203079 -1.056805253 0.814392626 -0.059446756 0.574881017 0.052370925
1403636956001666560.000000 9.659027100 5.401040077 -1.059238315 0.813853979 -0.072317794 0.575174570 0.039824471
1403636957351666432.000000 10.225942612 6.064071178 -1.028108835 -0.809718072 -0.089911930 -0.576332748 0.064134523
1403636960301666560.000000 10.731585503 6.807286263 -1.190715909 -0.767995358 -0.284131497 -0.544264436 0.182286978
1403636960701666560.000000 10.739391327 6.952215672 -1.222445250 -0.753690660 -0.297514796 -0.554082036 0.190862581
1403636963601666560.000000 9.874873161 7.653794289 -0.829485238 -0.554790318 -0.592878699 -0.402055502 0.423147768
1403636964051666432.000000 9.646456718 7.603374004 -0.746822536 -0.560007393 -0.586715043 -0.410529405 0.416680634
1403636964301666560.000000 9.512591362 7.554584503 -0.671913743 -0.556822896 -0.587860703 -0.413598567 0.416298419
1403636964651666432.000000 9.304850578 7.460260391 -0.626465142 -0.541850507 -0.600585163 -0.416389763 0.415108711
1403636967451666432.000000 7.124206543 6.300488472 -0.210339978 -0.481472611 -0.645688236 -0.360094458 0.470747113
1403636968251666432.000000 6.735895157 5.703904629 -0.367234141 -0.482942045 -0.642402053 -0.361219674 0.472870976
1403636968951666432.000000 6.435331345 5.016763210 -0.430935562 -0.481833577 -0.646415114 -0.364467710 0.465990573
1403636969251666432.000000 6.299322128 4.687851429 -0.391407877 -0.492613941 -0.649003327 -0.350099713 0.462121546
1403636969601666560.000000 6.145291805 4.312296867 -0.298852563 -0.500369430 -0.657940149 -0.343179435 0.446064085
1403636969901666560.000000 6.003798008 4.027746677 -0.265119612 -0.501775622 -0.657005429 -0.343660653 0.445491433
1403636972101666560.000000 5.066401482 2.983986855 -0.462200910 -0.490009487 -0.644166827 -0.343282461 0.476546884
1403636972601666560.000000 5.047552586 2.904994965 -0.442917705 -0.495548993 -0.650708020 -0.338406056 0.465286613
1403636974001666560.000000 5.085004807 2.789156914 -0.565850794 -0.525189698 -0.622461617 -0.372774601 0.444698244
1403636976751666432.000000 5.309827805 2.730499268 -0.792099714 -0.758048415 -0.302534163 -0.532220364 0.224893481
1403636978451666432.000000 5.944484711 2.569803953 -1.064136744 -0.770466506 -0.295637608 -0.525539994 0.206851155
1403636978851666432.000000 6.135794640 2.543406248 -1.060438752 -0.783480227 -0.299026161 -0.508384407 0.195671692
1403636979201666560.000000 6.337988377 2.581102133 -1.116398811 -0.762395859 -0.291836292 -0.539263785 0.206830427
1403636981701666560.000000 7.615819931 3.533656597 -1.348373771 -0.771124780 -0.282610267 -0.536990047 0.192717120
1403636982051666432.000000 7.756206036 3.669678450 -1.327867985 -0.788792312 -0.283661366 -0.515625596 0.177407131
1403636982451666432.000000 7.959786892 3.891744137 -1.322202325 -0.787139177 -0.268784851 -0.518863559 0.197350636
1403636985051666432.000000 9.691521645 5.665377140 -1.328585148 -0.774315834 -0.264510363 -0.542861402 0.189131856
1403636988001666560.000000 9.789081573 7.795246124 -1.180266142 -0.748001277 -0.299623758 -0.544333220 0.233283490
1403636990851666432.000000 8.543486595 6.267446518 -0.813179672 -0.754871428 -0.313736647 -0.533571899 0.216885656
1403636991351666432.000000 8.259278297 5.887565136 -0.871114910 -0.755659461 -0.312398732 -0.533773243 0.215573594
1403636991851666432.000000 7.975314140 5.558832169 -0.787409127 -0.765692294 -0.293526709 -0.525957763 0.225667730
1403636992851666432.000000 7.532803535 4.942629814 -0.677046657 -0.768159807 -0.292696238 -0.535311401 0.194167897
1403636993351666432.000000 7.313936710 4.724721432 -0.646671474 -0.755044699 -0.301288992 -0.538640201 0.221357852
1403636996301666560.000000 5.577725887 2.869420528 -0.291670024 -0.728083193 -0.374682277 -0.506603301 0.269927949
1403636999151666432.000000 4.584911823 1.727192760 0.272141933 -0.643802702 -0.490257680 -0.480152130 0.338555068
1403637000151666432.000000 4.200832367 1.526904702 0.275671661 -0.647649467 -0.484986216 -0.478641391 0.340941399
1403637000601666560.000000 3.970944405 1.383055329 0.297301620 -0.649711788 -0.485561192 -0.475685537 0.340335459
1403637001501666560.000000 3.440794468 1.017670155 0.383852571 -0.657550931 -0.478502452 -0.469267845 0.344165534
1403637002001666560.000000 3.152915478 0.772523224 0.427509338 -0.661981761 -0.477997899 -0.466725409 0.339802235
1403637002501666560.000000 2.882943392 0.536036789 0.386969000 -0.660595059 -0.481011271 -0.469158053 0.334862918
1403637003001666560.000000 2.607334614 0.324198842 0.428420484 -0.662732840 -0.477420986 -0.470208734 0.334302604
1403637003401666560.000000 2.384673357 0.166271478 0.392210662 -0.664237797 -0.471357644 -0.473150760 0.335765570
1403637003751666432.000000 2.194468021 0.030484848 0.418247849 -0.666094124 -0.468074232 -0.472916067 0.337009668
1403637004051666432.000000 2.037837029 -0.090639621 0.421589792 -0.667274952 -0.476694345 -0.467280030 0.330387801
1403637004351666432.000000 1.886797071 -0.197866559 0.398178518 -0.667521775 -0.479679644 -0.463183284 0.331335992
1403637004701666560.000000 1.721756816 -0.302022547 0.464499563 -0.670012534 -0.462805241 -0.465796143 0.346307069
1403637005151666432.000000 1.561180115 -0.451471150 0.453976572 -0.677595675 -0.462697983 -0.464290947 0.333479494
1403637005501666560.000000 1.479534388 -0.552722991 0.376945883 -0.671655178 -0.469309956 -0.470196217 0.327937722
1403637006001666560.000000 1.371400595 -0.656887770 0.379810512 -0.670382798 -0.472479403 -0.465993911 0.331963599
1403637006501666560.000000 1.288381457 -0.726502657 0.386581331 -0.684893727 -0.472346425 -0.443997264 0.332680047
1403637007001666560.000000 1.264222383 -0.741634250 0.355926633 -0.635463059 -0.515766144 -0.439107418 0.370616734
1403637007451666432.000000 1.262585759 -0.758076489 0.314197123 -0.593491673 -0.550506890 -0.437070161 0.392019778
1403637007751666432.000000 1.245872974 -0.789395034 0.273412704 -0.605955362 -0.561705351 -0.418262690 0.377308279
1403637008051666432.000000 1.217023730 -0.805377722 0.246908024 -0.604666650 -0.544540107 -0.427558482 0.393761367
1403637008351666432.000000 1.190456629 -0.820797086 0.229413390 -0.619572043 -0.556740522 -0.415163875 0.365799785
1403637008651666432.000000 1.162422180 -0.803831279 0.240654171 -0.614000857 -0.537860572 -0.430073559 0.385675728
1403637009001666560.000000 1.147458076 -0.783942521 0.218067870 -0.632281899 -0.527518690 -0.408373207 0.393922687
1403637009351666432.000000 1.190829396 -0.755143344 0.160810396 -0.610994637 -0.548855245 -0.442324907 0.360266894
1403637009651666432.000000 1.213437080 -0.748797476 0.143489107 -0.584888577 -0.523535967 -0.432809681 0.443273306
1403637009951666432.000000 1.215952039 -0.745168209 0.132662192 -0.598799825 -0.516916871 -0.428534269 0.436570823
1403637010351666432.000000 1.215329170 -0.745345056 0.124412544 -0.598376930 -0.517432988 -0.429072291 0.436010420
