1403636859051666432.000000 -1.149848700 3.751370668 0.499050260 -0.589674115 -0.560037255 -0.400795996 0.421906829
1403636861951666432.000000 -1.076972723 3.749269009 0.696332812 -0.615224481 -0.562305748 -0.405910760 0.374896914
1403636864651666432.000000 -1.082914591 3.757181644 0.948648334 -0.618627250 -0.538115621 -0.427140862 0.381159604
1403636866251666432.000000 -1.099026918 3.761722565 0.985529363 -0.604493856 -0.524647355 -0.446595162 0.399856389
1403636868801666560.000000 -1.133049607 3.624798775 0.709736109 -0.710236788 -0.606686890 -0.259943962 0.244793370
1403636870801666560.000000 -0.677138567 3.679013729 0.698763490 -0.736710250 -0.565152466 -0.292303056 0.228953317
1403636873451666432.000000 -0.877285898 3.702044487 0.678732932 -0.728239179 -0.578853726 -0.268739253 0.249750569
1403636873801666560.000000 -0.718667805 3.689369440 0.664102077 -0.742646396 -0.568384171 -0.269408315 0.229858756
1403636876101666560.000000 -1.091501117 3.478989124 0.639085770 -0.820144892 -0.423770994 -0.314437240 0.221155629
1403636876301666560.000000 -0.994305611 3.450866938 0.646665454 -0.834781468 -0.388441265 -0.334494114 0.200915590
1403636876501666560.000000 -0.875922203 3.478601456 0.645053089 -0.843533874 -0.374020398 -0.340858996 0.179929286
1403636876701666560.000000 -0.767637432 3.559988260 0.651447296 -0.827594221 -0.387282044 -0.363147438 0.182275802
1403636878151666432.000000 -1.209381223 3.655321836 0.620994568 -0.713453650 -0.592214167 -0.251709402 0.277324229
1403636878551666432.000000 -1.037973285 3.519068241 0.614555955 -0.773565948 -0.505420148 -0.296206862 0.241677076
1403636878901666560.000000 -0.824108779 3.550233841 0.642685354 -0.792864799 -0.460685939 -0.338074744 0.211753279
1403636879551666432.000000 -0.762826204 3.804758310 0.681649506 -0.737144351 -0.512955070 -0.350665450 0.265573204
1403636880951666432.000000 -1.120105505 3.440038681 0.733949244 -0.754189968 -0.512857497 -0.326489240 0.248152226
1403636881151666432.000000 -1.191401482 3.464385509 0.736461580 -0.727052987 -0.533920109 -0.331703454 0.276217669
1403636881301666560.000000 -1.230157375 3.509068966 0.738702953 -0.702947438 -0.558104038 -0.322207153 0.300944269
1403636881451666432.000000 -1.236063004 3.570482731 0.742214322 -0.683409989 -0.578567326 -0.318894744 0.310671717
1403636882701666560.000000 -0.921434224 3.729887724 0.629549325 -0.661354244 -0.566174209 -0.358379871 0.337077439
1403636885251666432.000000 -1.011426091 3.891124725 0.457985342 -0.508378267 -0.616550684 -0.364219010 0.478290081
1403636887801666560.000000 -1.011518478 3.891116142 0.458259642 -0.507495224 -0.617394328 -0.365446627 0.477201819
1403636890601666560.000000 -1.026000857 3.884533644 0.452782184 -0.508307099 -0.615709126 -0.366114676 0.478002429
1403636893351666432.000000 -1.011462212 3.891313791 0.457322329 -0.507753611 -0.616157293 -0.365129441 0.478766084
1403636896251666432.000000 -1.013898134 3.890672922 0.455027431 -0.508737266 -0.616996288 -0.363998026 0.477501273
1403636898951666432.000000 -0.935062289 3.884696007 0.685282290 -0.511011183 -0.652675688 -0.347576499 0.438260943
1403636901151666432.000000 -0.550900459 4.299600124 0.882797658 -0.590133488 -0.576585889 -0.387750000 0.411024481
1403636901501666560.000000 -0.400701821 4.387551785 0.906587362 -0.582724452 -0.581828356 -0.398851991 0.403516084
1403636904451666432.000000 0.838344455 5.158918381 1.009294152 -0.581278324 -0.580237806 -0.397865385 0.408831060
1403636906401666560.000000 1.534346581 5.810176849 1.128989577 -0.568594158 -0.595140219 -0.399846166 0.403276503
1403636906851666432.000000 1.615770221 6.007114410 1.133895516 -0.571270943 -0.593989968 -0.396632493 0.404361308
1403636908001666560.000000 1.834131718 6.632256985 1.169096828 -0.570750952 -0.598037839 -0.384658426 0.410648406
1403636908801666560.000000 2.067614079 7.162831306 1.174106240 -0.557454824 -0.612795532 -0.381810993 0.409812331
1403636909051666432.000000 2.132465124 7.329907417 1.223526001 -0.562092602 -0.613500476 -0.373533905 0.410050541
1403636911801666560.000000 2.697856426 9.224235535 1.076659918 -0.555648506 -0.605835497 -0.387788504 0.416939020
1403636912951666432.000000 2.943975687 9.879097939 0.983482122 -0.564457655 -0.594717026 -0.383761376 0.424766451
1403636913201666560.000000 3.043014050 9.996746063 0.929663181 -0.553319097 -0.595959783 -0.398559719 0.424052030
1403636915451666432.000000 3.945661068 10.884080887 0.934670031 -0.568668664 -0.610015094 -0.385763139 0.394568563
1403636918001666560.000000 4.638576031 11.624893188 0.811577260 -0.641713500 -0.498860091 -0.468698442 0.345925331
1403636920901666560.000000 4.914255619 11.686808586 1.182803631 -0.666707098 -0.483065993 -0.467988074 0.321148217
1403636923701666560.000000 5.136896133 11.177385330 0.922501445 -0.735848248 -0.400813550 -0.485794604 0.248756021
1403636925401666560.000000 5.647067070 11.548725128 0.758934855 -0.734798670 -0.380786151 -0.506915510 0.241059482
1403636928051666432.000000 7.021169186 12.354780197 0.579965234 -0.795057356 -0.268449038 -0.518601179 0.163926005
1403636930651666432.000000 8.609651566 13.007507324 0.737411678 -0.768850625 -0.266311347 -0.550090492 0.188009501
1403636933201666560.000000 8.614965439 12.282016754 0.887782753 -0.799879372 -0.156680524 -0.569895744 0.104226336
1403636936101666560.000000 7.384619713 11.425904274 0.863230884 0.835231066 -0.012876265 0.549748242 -0.000281512
1403636938851666432.000000 7.056501389 10.607875824 0.576246917 0.808359265 -0.070378169 0.584317803 0.013227604
1403636939651666432.000000 6.742344856 10.219372749 0.611387312 0.802693248 -0.046578523 0.593866944 0.028917231
1403636939951666432.000000 6.579179287 10.080991745 0.655773818 0.803436637 -0.052659538 0.592537045 0.024827067
1403636940551666432.000000 6.207399845 9.763634682 0.576239824 0.810179532 -0.089200370 0.578096211 0.038175773
1403636943251666432.000000 4.684548855 8.202558517 0.732392490 0.810198247 -0.080176681 0.577737808 0.058046982
1403636945951666432.000000 3.717427015 7.269031525 0.584949851 0.831027150 -0.030144306 0.554046631 0.038956765
1403636947751666432.000000 3.497013569 7.244317055 0.082399607 0.827743649 -0.052148361 0.556999207 0.043276533
1403636948301666560.000000 3.651192188 7.169415474 0.031575516 0.828843057 -0.036080066 0.555632472 0.054681569
1403636950101666560.000000 4.384655952 7.754125595 -0.216683790 0.830382764 -0.037127998 0.555761874 0.014656603
1403636950351666432.000000 4.479547024 7.803515434 -0.228639409 0.828589439 -0.030852307 0.558402658 0.025965061
1403636953101666560.000000 5.755753517 8.644263268 -0.407659024 0.825310409 -0.039361756 0.563194156 0.011214025
1403636953401666560.000000 5.890492916 8.736900330 -0.476464778 0.825791478 -0.037924647 0.562549353 0.012978138
1403636955851666432.000000 7.375089645 9.836457253 -0.583662808 0.813207090 -0.056742832 0.576760054 0.053124700
1403636956151666432.000000 7.551086426 10.034870148 -0.567120254 0.811242521 -0.079594523 0.578626275 0.027239947
1403636956451666432.000000 7.709392071 10.197191238 -0.561666429 0.811757326 -0.069862664 0.577785969 0.048297331
1403636956751666432.000000 7.848410606 10.357650757 -0.605013847 0.805672646 -0.049465649 0.590041816 0.017185226
1403636958851666432.000000 8.272880554 10.995679855 -0.586278200 -0.763168812 -0.300610542 -0.535323918 0.201581359
1403636960351666432.000000 8.506102562 11.358986855 -0.743618369 -0.764780819 -0.293941677 -0.546124876 0.174517453
1403636963251666432.000000 7.814605236 12.201515198 -0.451618284 -0.536267400 -0.604947746 -0.405154467 0.426972419
1403636963751666432.000000 7.560599327 12.174429893 -0.445532441 -0.553019047 -0.597439408 -0.405751020 0.415454179
1403636964151666432.000000 7.350448608 12.117978096 -0.354623020 -0.552841306 -0.593795657 -0.413745701 0.413022578
1403636964451666432.000000 7.183513165 12.051653862 -0.289558947 -0.548736513 -0.596472561 -0.415639222 0.412738264
1403636967151666432.000000 5.017210960 11.000614166 0.159078896 -0.480855346 -0.650103092 -0.351641893 0.471690685
1403636968601666560.000000 4.307901382 9.912187576 -0.068853654 -0.482401848 -0.648938775 -0.358390123 0.466608435
1403636968951666432.000000 4.152519226 9.549658775 -0.035866536 -0.480957240 -0.653551817 -0.362161636 0.458681911
1403636969251666432.000000 4.015820026 9.214438438 0.015654150 -0.491448402 -0.656870663 -0.347880214 0.453849018
1403636969551666432.000000 3.881840467 8.879835129 0.122813292 -0.498707086 -0.666210651 -0.340651125 0.437505871
1403636970101666560.000000 3.612397432 8.348800659 0.201769844 -0.495300680 -0.659680068 -0.347833842 0.445545912
1403636972201666560.000000 2.780999422 7.464805126 -0.073131926 -0.492306054 -0.651602507 -0.337015629 0.468475640
1403636972551666432.000000 2.771518469 7.408374786 -0.054446831 -0.494880795 -0.657033145 -0.334929496 0.459589630
1403636973551666432.000000 2.809276104 7.310080528 -0.063192740 -0.525075853 -0.636301994 -0.363837481 0.432478249
1403636976501666560.000000 2.972532272 7.264384747 -0.291931659 -0.747319639 -0.327515304 -0.516182721 0.260389268
1403636979251666432.000000 4.123276234 7.107298851 -0.690024018 -0.762312829 -0.300044090 -0.537627280 0.199523792
1403636979501666560.000000 4.256890774 7.147054195 -0.734869778 -0.774950325 -0.304687589 -0.519110322 0.192722663
1403636980051666432.000000 4.589900017 7.334052086 -0.719930649 -0.768703341 -0.297408104 -0.533578873 0.189570948
1403636981251666432.000000 5.211020947 7.900717258 -0.840087831 -0.764782250 -0.286146492 -0.538673997 0.207506016
1403636981751666432.000000 5.415854454 8.081537247 -0.904430926 -0.769025683 -0.290380925 -0.538932323 0.183930367
1403636982051666432.000000 5.536864758 8.200529099 -0.882026434 -0.786566973 -0.289247155 -0.517408848 0.173022181
1403636982351666432.000000 5.680446148 8.361722946 -0.879339874 -0.792054534 -0.278609842 -0.510382652 0.185837999
1403636982901666560.000000 6.053582668 8.697247505 -0.832335234 -0.779346824 -0.282030880 -0.524376571 0.195208609
1403636985801666560.000000 7.787503719 10.840244293 -0.968002021 -0.749684334 -0.309993982 -0.554855883 0.184423760
1403636988301666560.000000 7.415460587 12.418778419 -0.786545455 -0.751557350 -0.293887228 -0.537774146 0.244112059
1403636990901666560.000000 6.272018909 10.780253410 -0.394811451 -0.753536999 -0.319699973 -0.533831179 0.212128013
1403636993351666432.000000 5.071161747 9.278229713 -0.216625080 -0.752383769 -0.308706522 -0.540816903 0.214792907
1403636993651666432.000000 4.926003933 9.148997307 -0.127263039 -0.734876931 -0.353064090 -0.524144411 0.246118635
1403636994051666432.000000 4.724194050 8.968993187 -0.045641325 -0.718697727 -0.380795777 -0.519412279 0.262066931
1403636996951666432.000000 2.982324362 6.917772293 0.242106974 -0.683808625 -0.460078120 -0.472511321 0.312197119
1403636998551666432.000000 2.446980953 6.281955719 0.473422676 -0.659638405 -0.498354912 -0.450968921 0.336372644
1403636999451666432.000000 2.207612753 6.189229488 0.688412130 -0.647460759 -0.493499428 -0.473640949 0.336031556
1403637000451666432.000000 1.763969183 5.920498848 0.708115339 -0.647169828 -0.492796004 -0.476034909 0.334236622
1403637001951666432.000000 0.898836613 5.312735558 0.799264491 -0.658934593 -0.484571487 -0.468875140 0.333394527
1403637002801666560.000000 0.449401081 4.917665958 0.742682278 -0.655178249 -0.487658679 -0.475666255 0.326606899
1403637003101666560.000000 0.278233528 4.782759190 0.754778147 -0.659915090 -0.482127160 -0.472794473 0.329440236
1403637003601666560.000000 -0.002837893 4.570555210 0.754282653 -0.662554264 -0.475195318 -0.474705577 0.331460357
1403637004401666560.000000 -0.405740619 4.250730515 0.722803295 -0.662627220 -0.483666807 -0.466999680 0.330004305
1403637004701666560.000000 -0.542129278 4.159491062 0.763967931 -0.664786994 -0.470472753 -0.469579756 0.340893805
1403637005001666560.000000 -0.656655133 4.060118198 0.743064404 -0.677086055 -0.465075225 -0.458950013 0.338562369
1403637005301666560.000000 -0.732072413 3.957366228 0.670199275 -0.671614945 -0.472381532 -0.469549298 0.324518919
1403637005601666560.000000 -0.801387131 3.851245165 0.598470867 -0.663953900 -0.476682454 -0.474404275 0.326924592
1403637005901666560.000000 -0.873659730 3.755345106 0.610566795 -0.667079687 -0.479357690 -0.466188550 0.328465015
1403637006201666560.000000 -0.935990334 3.659754753 0.629846096 -0.663436234 -0.477811337 -0.470136672 0.332445830
1403637006501666560.000000 -0.987344146 3.571128368 0.610716701 -0.677354038 -0.479702145 -0.449089855 0.330750227
1403637006851666432.000000 -1.013376713 3.488107920 0.599380076 -0.646037221 -0.499242455 -0.453558534 0.357320130
1403637007201666560.000000 -1.021367550 3.401538134 0.583949447 -0.604746521 -0.549169421 -0.434041619 0.379871696
1403637007501666560.000000 -1.020514846 3.324802160 0.554415047 -0.584733725 -0.561881483 -0.437700033 0.388322651
1403637007801666560.000000 -1.031829119 3.243006229 0.521065712 -0.597609043 -0.572458863 -0.420735866 0.371665984
1403637008151666432.000000 -1.060633659 3.178991318 0.484008491 -0.601888299 -0.560803056 -0.424133509 0.378604472
1403637008601666560.000000 -1.100477457 3.142401695 0.499200016 -0.606071293 -0.552874088 -0.429445446 0.377603650
1403637009001666560.000000 -1.119062424 3.151215792 0.495418757 -0.624493062 -0.540621221 -0.408882916 0.388010263
1403637009351666432.000000 -1.077874303 3.172929049 0.443392724 -0.603039265 -0.562038183 -0.441607147 0.354174942
1403637009601666560.000000 -1.082088232 3.192060947 0.454047859 -0.581726909 -0.531521320 -0.417380571 0.452628344
1403637009751666432.000000 -1.090891480 3.190698862 0.461317599 -0.597354114 -0.522802591 -0.419468552 0.440331370
1403637009901666560.000000 -1.103242278 3.208113432 0.511310339 -0.588032961 -0.522542953 -0.424792588 0.448015034
1403637010051666432.000000 -1.113743305 3.224268913 0.568727434 -0.589276612 -0.521363378 -0.421019495 0.451304674
1403637010251666432.000000 -1.123243570 3.240549326 0.656160295 -0.589171112 -0.521634758 -0.419705302 0.452351600
1403637010451666432.000000 -1.119918227 3.251239777 0.749886096 -0.589554429 -0.521192908 -0.419765770 0.452305585
