1403638538777829376.000000 -4.007885456 0.229514942 12.418655396 -0.584687591 -0.600688338 -0.379300505 0.391720712
1403638539027829504.000000 -4.009813309 0.239956513 12.420222282 -0.579319954 -0.595103621 -0.387490928 0.400113612
1403638539277829376.000000 -4.012853622 0.259616882 12.446307182 -0.571533859 -0.585320652 -0.398977399 0.414205283
1403638542127829504.000000 -4.674506664 1.221178412 12.845686913 -0.393451482 -0.725341618 -0.275569260 0.493089378
1403638542927829504.000000 -5.262526512 1.430258989 12.941165924 -0.298921645 -0.763535500 -0.225937277 0.525938809
1403638543327829504.000000 -5.586386204 1.433095098 13.036707878 -0.311204433 -0.763041914 -0.217123449 0.523236215
1403638543527829504.000000 -5.753993034 1.433885455 13.055911064 -0.303338557 -0.767255545 -0.211009786 0.524194062
1403638544727829504.000000 -6.886919498 1.414530039 13.217663765 -0.183425382 -0.795991957 -0.129466817 0.562130213
1403638545777829376.000000 -7.865250587 1.437501311 13.196754456 -0.142502815 -0.810131848 -0.096473373 0.560421586
1403638545927829504.000000 -7.999531746 1.437239408 13.211647987 -0.107420482 -0.816580355 -0.077471599 0.561832309
1403638546377829376.000000 -8.413881302 1.432246923 13.259556770 -0.046682730 -0.824532747 -0.038116131 0.562595427
1403638546727829504.000000 -8.738408089 1.414113402 13.251029968 -0.031294562 -0.825816870 -0.025820568 0.562477052
1403638547277829376.000000 -9.302856445 1.363775015 13.318951607 -0.007581181 -0.827661514 -0.031707421 0.560279846
1403638547727829504.000000 -9.784963608 1.238309741 13.323301315 -0.021507291 -0.830080152 -0.020328360 0.556858182
1403638548077829376.000000 -10.172610283 1.113496065 13.260835648 -0.014606002 -0.830560744 -0.023463750 0.556241930
1403638548777829376.000000 -11.016034126 0.779902041 13.302121162 0.056663934 -0.828550518 0.029380683 0.556264400
1403638549027829504.000000 -11.348292351 0.656954646 13.323491096 0.062542260 -0.828160048 0.032985356 0.556013823
1403638549477829376.000000 -11.932452202 0.439937443 13.466391563 0.052923914 -0.825580478 0.042648457 0.560175955
1403638549727829504.000000 -12.265185356 0.321335673 13.529994011 0.051914599 -0.822526991 0.040627558 0.564892471
1403638549977829376.000000 -12.602556229 0.200754091 13.626014709 0.048805755 -0.824758649 0.042247165 0.561788499
1403638550477829376.000000 -13.300930023 0.001096852 13.924621582 0.048640631 -0.824944496 0.045941621 0.561239660
1403638550927829504.000000 -13.931149483 -0.129361600 14.120846748 0.041864499 -0.809155405 0.054478344 0.583564043
1403638551127829504.000000 -14.191713333 -0.165220052 14.189558983 0.039704092 -0.802658856 0.057205334 0.592359722
1403638551377829376.000000 -14.479937553 -0.169019192 14.302632332 0.030095646 -0.806628585 0.059224129 0.587313473
1403638553577829376.000000 -15.656103134 1.364498019 14.725587845 -0.063520826 -0.784044504 -0.039886605 0.616156220
1403638554427829504.000000 -15.171497345 2.094940424 14.963373184 -0.061052032 -0.815224767 -0.043542635 0.574269295
1403638557077829376.000000 -13.569984436 4.250290394 15.269276619 -0.125285938 -0.811087251 -0.045986604 0.569496453
1403638559677829376.000000 -13.627521515 7.209138393 15.592506409 -0.104041710 -0.814712644 -0.077846065 0.565118253
1403638561877829376.000000 -13.915802956 9.031593323 15.236541748 -0.380384475 -0.717621982 -0.267255157 0.518556774
1403638563327829504.000000 -13.176395416 9.526803017 15.141906738 -0.568077385 -0.570379615 -0.382306010 0.453648835
1403638563827829504.000000 -12.721981049 9.523444176 15.052381516 -0.572656453 -0.561048865 -0.388529271 0.454239696
1403638564277829376.000000 -12.198884010 9.384987831 15.086286545 -0.561912298 -0.569048762 -0.381736636 0.463373840
1403638564527829504.000000 -11.858510017 9.256723404 15.115139961 -0.552741647 -0.574307561 -0.384173751 0.465894997
1403638565927829504.000000 -9.340646744 8.057292938 14.637598038 -0.551282763 -0.586228788 -0.398087770 0.440396726
1403638566727829504.000000 -7.842492104 7.128132820 14.131920815 -0.562259674 -0.603811681 -0.374615490 0.423011631
1403638566927829504.000000 -7.505826473 6.911545753 13.954315186 -0.568929672 -0.619161844 -0.358465672 0.405536741
1403638567227829504.000000 -7.043611050 6.645879269 13.694961548 -0.549266517 -0.604535639 -0.384032190 0.430537313
1403638567427829504.000000 -6.756530285 6.472688198 13.508042336 -0.544343710 -0.600967109 -0.394348234 0.432455838
1403638567827829504.000000 -6.231400490 6.134516716 13.181716919 -0.555146694 -0.609014511 -0.389498681 0.411344498
1403638569627829504.000000 -4.893481255 5.344862938 12.634626389 -0.552183568 -0.613760889 -0.396413952 0.401555687
1403638572477829376.000000 -3.588325262 4.679028034 12.203817368 -0.768416345 -0.317870885 -0.499835640 0.242195711
1403638573377829376.000000 -2.442484140 4.278851032 12.265161514 -0.776316345 -0.319150597 -0.502933621 0.206236899
1403638573577829376.000000 -2.162250996 4.254318714 12.290185928 -0.776949167 -0.319093138 -0.504211783 0.200748652
1403638573777829376.000000 -1.875079632 4.257965088 12.340316772 -0.777380824 -0.312952429 -0.510365963 0.193045363
1403638573977829376.000000 -1.582992315 4.287763119 12.387438774 -0.775429010 -0.280143738 -0.535175145 0.183893681
1403638574377829376.000000 -1.035116076 4.337391853 12.431618690 -0.793886304 -0.165719211 -0.561431706 0.164548293
1403638574627829504.000000 -0.715471625 4.322902203 12.444698334 -0.805021167 -0.122267768 -0.566872299 0.125089869
1403638574927829504.000000 -0.349220067 4.264091492 12.494408607 -0.814717233 -0.114341855 -0.560708404 0.093636617
1403638575427829504.000000 0.243873477 4.165056229 12.494465828 -0.823380351 -0.108444817 -0.545945585 0.110580690
1403638575827829504.000000 0.765476644 4.060873032 12.475688934 -0.827774882 -0.135147408 -0.536725402 0.091923423
1403638576077829376.000000 1.121672630 4.018064499 12.537040710 -0.827107966 -0.138933823 -0.536811173 0.091779649
1403638576527829504.000000 1.813105106 4.003012657 12.666543961 -0.823142886 -0.150567874 -0.542607188 0.073092572
1403638576827829504.000000 2.288782120 4.062432289 12.692307472 -0.814505398 -0.153913513 -0.555170059 0.068395413
1403638577077829376.000000 2.679260492 4.165114403 12.700896263 -0.810237706 -0.141522393 -0.562297165 0.085487939
1403638577277829376.000000 2.974699259 4.263435364 12.720836639 -0.810475588 -0.138814032 -0.562092781 0.088948034
1403638577477829376.000000 3.262101412 4.371729851 12.765017509 -0.808432937 -0.148845360 -0.564503908 0.074944124
1403638577727829504.000000 3.606289625 4.529533386 12.803371429 -0.811232448 -0.144873753 -0.560458958 0.082458712
1403638578027829504.000000 3.988681316 4.750462055 12.816523552 -0.810379088 -0.145997509 -0.561117113 0.084369525
1403638578277829376.000000 4.292167187 4.959130287 12.861729622 -0.811258674 -0.134729519 -0.559424996 0.103687085
1403638578827829504.000000 4.967342377 5.387132645 12.882791519 -0.809180617 -0.137382150 -0.563095510 0.096313924
1403638579077829376.000000 5.257938385 5.576271534 12.892746925 -0.807450533 -0.142010152 -0.565249324 0.091379032
1403638579477829376.000000 5.684242725 5.909112930 12.971537590 -0.808002770 -0.131188825 -0.563832760 0.109607153
1403638582327829504.000000 7.096288204 7.377931595 13.015767097 -0.691469729 -0.425530344 -0.497979939 0.304646790
1403638585027829504.000000 6.143002987 7.659348011 13.778820992 -0.696111023 -0.429825991 -0.492881536 0.296220839
1403638586177829376.000000 5.274359226 7.536587238 13.871010780 -0.700991750 -0.428027511 -0.486672997 0.297577769
1403638586777829376.000000 4.846369743 7.551924706 13.873658180 -0.690218925 -0.427100956 -0.502899766 0.297110289
1403638588327829504.000000 3.484272957 7.419498920 13.725601196 -0.692250133 -0.432167947 -0.499695539 0.290387571
1403638588577829376.000000 3.237792969 7.393009186 13.719228745 -0.693862915 -0.430097103 -0.497443527 0.293463349
1403638591427829504.000000 0.638347089 6.871032715 13.604511261 -0.722903013 -0.431897283 -0.461133361 0.279699832
1403638592477829376.000000 0.223082826 7.137757778 13.621255875 -0.690558910 -0.440217704 -0.468086600 0.332011729
1403638593227829504.000000 0.216740385 7.463406086 13.936539650 -0.673806071 -0.490030527 -0.440934390 0.333814889
1403638593477829376.000000 0.258181840 7.599565029 14.039609909 -0.659220755 -0.490422189 -0.464668632 0.330147117
1403638595927829504.000000 -0.082982071 8.088905334 14.663860321 -0.643986404 -0.502261639 -0.461369634 0.346630573
1403638596177829376.000000 -0.160062864 8.061938286 14.614963531 -0.635306060 -0.512478888 -0.473741174 0.330637336
1403638596627829504.000000 -0.424803078 8.034152031 14.640396118 -0.615283132 -0.533656001 -0.496024817 0.300994009
1403638597027829504.000000 -0.931810498 8.032877922 14.772483826 -0.606387973 -0.537921607 -0.507347047 0.292460084
1403638597277829376.000000 -1.386901736 8.052088737 14.832118988 -0.604130208 -0.532643855 -0.513459325 0.296102494
1403638597527829504.000000 -1.938558936 8.078500748 14.845819473 -0.612113714 -0.515006423 -0.507764757 0.319781512
1403638597777829376.000000 -2.553972721 8.089420319 14.835396767 -0.614456952 -0.510001540 -0.505026519 0.327550679
1403638597977829376.000000 -3.077264071 8.079521179 14.817640305 -0.602104843 -0.526646078 -0.506599724 0.321668297
1403638598177829376.000000 -3.639119625 8.060962677 14.809625626 -0.607554793 -0.524482369 -0.488424391 0.342399150
1403638598427829504.000000 -4.369605064 8.018342018 14.810315132 -0.622750700 -0.517951548 -0.462601155 0.360427648
1403638598627829504.000000 -4.948330402 7.971010685 14.791736603 -0.621778429 -0.524377704 -0.453779519 0.364010662
1403638598827829504.000000 -5.516304016 7.916245937 14.753170013 -0.606039464 -0.542447269 -0.444782108 0.375014752
1403638599027829504.000000 -6.075010300 7.860353947 14.705179214 -0.584421277 -0.566378593 -0.430891514 0.389871269
1403638599227829504.000000 -6.618460178 7.799719810 14.672108650 -0.557456434 -0.592625499 -0.416844130 0.405312717
1403638599427829504.000000 -7.162713051 7.730459690 14.686626434 -0.535484910 -0.617140591 -0.396082640 0.418941468
1403638599627829504.000000 -7.697948933 7.661763191 14.724844933 -0.525414765 -0.630830586 -0.383293897 0.423176110
1403638599827829504.000000 -8.227207184 7.596328259 14.731694221 -0.525272191 -0.633380234 -0.378385842 0.423960775
1403638600627829504.000000 -10.165331841 7.473563194 14.664986610 -0.574712217 -0.605503261 -0.329865098 0.440750301
1403638600827829504.000000 -10.528301239 7.499525547 14.681727409 -0.577091336 -0.612373710 -0.326090425 0.430846900
1403638601027829504.000000 -10.842590332 7.554439068 14.722917557 -0.561879814 -0.631666183 -0.344973594 0.407777220
1403638601227829504.000000 -11.144847870 7.646805286 14.728780746 -0.548444629 -0.636690676 -0.362431049 0.403084755
1403638601427829504.000000 -11.444949150 7.768203735 14.729863167 -0.533949494 -0.634102881 -0.370313048 0.419141740
1403638601627829504.000000 -11.754959106 7.895121098 14.757849693 -0.508982718 -0.645858407 -0.359754473 0.440885693
1403638601827829504.000000 -12.056547165 8.022669792 14.810258865 -0.465209484 -0.674295485 -0.342964649 0.459653080
1403638602027829504.000000 -12.372060776 8.146924973 14.884805679 -0.425425947 -0.701549530 -0.320152223 0.473649293
1403638602327829504.000000 -12.848840714 8.303411484 14.964661598 -0.377679646 -0.720881104 -0.303840309 0.495348036
1403638602827829504.000000 -13.539521217 8.364985466 15.131689072 -0.292423159 -0.707941353 -0.230843499 0.600015938
1403638604577829376.000000 -13.717161179 7.289778709 15.218870163 -0.204043150 -0.781235397 -0.160168082 0.567788541
1403638605427829504.000000 -13.435217857 6.407483578 15.288011551 -0.206468135 -0.802440763 -0.157243848 0.537339926
1403638605677829376.000000 -13.379706383 6.173301697 15.291825294 -0.185040712 -0.793226480 -0.184860781 0.549889326
1403638606127829504.000000 -13.354022026 5.644979000 15.352397919 -0.178409740 -0.795833528 -0.197227299 0.543985546
1403638606527829504.000000 -13.421030045 5.057731628 15.342435837 -0.205368504 -0.805854321 -0.165924639 0.529992223
1403638606727829504.000000 -13.489226341 4.755718231 15.293675423 -0.206522688 -0.814633369 -0.145939752 0.521940947
1403638607227829504.000000 -13.794474602 4.076510429 15.225744247 -0.142340526 -0.824080706 -0.081932485 0.542141318
1403638607777829376.000000 -14.238281250 3.508686781 15.115871429 -0.123557329 -0.811039269 -0.068759523 0.567645252
1403638608027829504.000000 -14.418035507 3.297278881 15.000272751 -0.132863551 -0.810691118 -0.060925376 0.566935122
1403638609077829376.000000 -14.974711418 2.617264032 14.423839569 -0.129579678 -0.806018114 -0.073197670 0.572875142
1403638609377829376.000000 -15.040740967 2.463018656 14.315996170 -0.134767190 -0.803106546 -0.066091411 0.576619029
1403638609627829504.000000 -15.063852310 2.363495350 14.178589821 -0.130821481 -0.805546522 -0.072794892 0.573307574
1403638609977829376.000000 -15.076671600 2.255611181 13.972618103 -0.128624022 -0.805390000 -0.075119056 0.573724747
1403638610477829376.000000 -15.027989388 2.145779848 13.730224609 -0.127023056 -0.793774843 -0.078618795 0.589581132
1403638610777829376.000000 -14.937732697 2.099265814 13.562249184 -0.125937134 -0.787909508 -0.078356817 0.597661138
1403638611027829504.000000 -14.807489395 2.061695814 13.454504967 -0.127127200 -0.793872714 -0.073243819 0.590118706
1403638611327829504.000000 -14.616855621 2.035161257 13.319444656 -0.122316882 -0.792463839 -0.076155633 0.592654943
1403638611677829376.000000 -14.334023476 2.002046824 13.220360756 -0.106970675 -0.799797118 -0.101854034 0.581814110
1403638611977829376.000000 -14.077625275 1.946893573 13.124395370 -0.124242857 -0.803915679 -0.080023244 0.576090038
1403638612227829504.000000 -13.867973328 1.905693531 13.057785988 -0.130073667 -0.805486977 -0.075062215 0.573269010
1403638612477829376.000000 -13.653280258 1.881199360 13.004573822 -0.128501207 -0.803315282 -0.080155537 0.575975001
1403638612727829504.000000 -13.436280251 1.862103224 12.928586006 -0.123388730 -0.801552594 -0.094719626 0.577336073
1403638613027829504.000000 -13.167113304 1.822029948 12.846249580 -0.128079653 -0.798969865 -0.096853100 0.579536140
1403638613277829376.000000 -12.942129135 1.768800974 12.824317932 -0.132340863 -0.801692784 -0.094155990 0.575247228
1403638613677829376.000000 -12.577529907 1.675923944 12.806743622 -0.142280817 -0.795449674 -0.096027315 0.581201196
1403638613977829376.000000 -12.286728859 1.602065206 12.724606514 -0.167222396 -0.784513056 -0.110412754 0.586843371
1403638614227829504.000000 -12.010943413 1.541777968 12.639189720 -0.206731066 -0.780964851 -0.140915841 0.572275221
1403638614477829376.000000 -11.724697113 1.474375010 12.588058472 -0.236474589 -0.776867867 -0.155158967 0.562567174
1403638614727829504.000000 -11.431670189 1.410692096 12.597089767 -0.268001914 -0.768728733 -0.160098329 0.558211207
1403638614927829504.000000 -11.191274643 1.372362971 12.639234543 -0.309262216 -0.761824608 -0.168234929 0.543762207
1403638615227829504.000000 -10.814121246 1.364297748 12.742153168 -0.368183196 -0.734320641 -0.229171395 0.522202015
1403638615527829504.000000 -10.428984642 1.388823032 12.838522911 -0.432272077 -0.692353725 -0.291601390 0.498754203
1403638615777829376.000000 -10.118870735 1.406597614 12.884926796 -0.467258960 -0.668268681 -0.317238659 0.484195888
1403638616027829504.000000 -9.812787056 1.413319468 12.952725410 -0.491297692 -0.651408613 -0.331287652 0.473858535
1403638616277829376.000000 -9.504358292 1.411201000 12.973075867 -0.522611201 -0.628515601 -0.349884212 0.457631588
1403638617027829504.000000 -8.565000534 1.410284519 12.717867851 -0.587536991 -0.595330775 -0.362429708 0.411128253
1403638617277829376.000000 -8.238079071 1.466897130 12.683991432 -0.575032949 -0.602868795 -0.373249978 0.408130974
1403638617777829376.000000 -7.634649277 1.682863355 12.746170998 -0.566112876 -0.616367400 -0.369953483 0.403412700
1403638618277829376.000000 -7.122854233 2.026765108 12.916376114 -0.560637116 -0.619766295 -0.367413819 0.408145607
1403638618577829376.000000 -6.867684364 2.276580095 12.967900276 -0.557196140 -0.620818615 -0.369754255 0.409143746
1403638618877829376.000000 -6.640401840 2.558419704 13.030350685 -0.563289940 -0.612776935 -0.378063232 0.405311018
1403638621677829376.000000 -4.842341423 4.311779022 12.878523827 -0.639033258 -0.501654446 -0.459174871 0.359357446
1403638624327829504.000000 -4.227357864 3.217189550 12.835740089 -0.651733220 -0.490509063 -0.454520226 0.357849121
1403638625277829376.000000 -4.184153080 2.241128445 12.802378654 -0.640804708 -0.505276382 -0.441501200 0.373017341
1403638625577829376.000000 -4.161601543 1.922917843 12.798691750 -0.639333069 -0.506684840 -0.440784246 0.374476880
1403638625827829504.000000 -4.139345646 1.661653399 12.837334633 -0.646224320 -0.512039483 -0.431498855 0.366085321
1403638626077829376.000000 -4.109528065 1.411825776 12.855823517 -0.649389088 -0.512866259 -0.428755462 0.362533808
1403638626327829504.000000 -4.071012974 1.178070664 12.844957352 -0.645272076 -0.513795793 -0.436179399 0.359701723
1403638626577829376.000000 -4.031595707 0.960581958 12.811445236 -0.641194940 -0.517554283 -0.441311300 0.355318248
1403638626877829376.000000 -3.989141703 0.717328489 12.782300949 -0.647460639 -0.523003697 -0.430608243 0.349053681
1403638627177829376.000000 -3.951611996 0.523824573 12.786108017 -0.648242831 -0.524045587 -0.427759320 0.349541873
1403638627427829504.000000 -3.924095154 0.397820771 12.770191193 -0.646140635 -0.526161611 -0.430162579 0.347298652
1403638627677829376.000000 -3.899827242 0.307828814 12.740578651 -0.642624319 -0.523587704 -0.436127603 0.350260943
1403638627927829504.000000 -3.885666370 0.238464922 12.706542969 -0.640693903 -0.523003817 -0.439680099 0.350228310
1403638628177829376.000000 -3.886691570 0.180226207 12.667642593 -0.642574787 -0.525373876 -0.438609064 0.344531685
1403638628427829504.000000 -3.899312496 0.142769530 12.641659737 -0.645079732 -0.522939801 -0.436298639 0.346481651
1403638628677829376.000000 -3.918292999 0.121489808 12.635722160 -0.646745920 -0.504483640 -0.434724092 0.371794432
1403638628927829504.000000 -3.928577185 0.096841134 12.625577927 -0.644917250 -0.508137167 -0.438960105 0.364955276
1403638629177829376.000000 -3.930169344 0.073425211 12.605471611 -0.639785945 -0.516009390 -0.445341945 0.355075896
1403638629427829504.000000 -3.937782049 0.053796940 12.588313103 -0.642958283 -0.520414174 -0.440824419 0.348493516
1403638629677829376.000000 -3.953059435 0.041177377 12.577300072 -0.654269218 -0.514472604 -0.425712645 0.354990751
1403638629927829504.000000 -3.955753326 0.047406942 12.564505577 -0.647820294 -0.500669777 -0.436642945 0.372829318
1403638630177829376.000000 -3.943392515 0.042689368 12.492651939 -0.635064542 -0.506630719 -0.454881847 0.364829987
1403638630477829376.000000 -3.972142696 0.051465273 12.433146477 -0.649292111 -0.529769063 -0.430294842 0.335575432
1403638630777829376.000000 -4.022145748 0.111796200 12.345088959 -0.658749044 -0.559316278 -0.401558697 0.303258240
1403638631277829376.000000 -4.126307011 0.357908219 12.131545067 -0.658733845 -0.558262706 -0.400671840 0.306389570
