#Stereo rect[ms], MP culling[ms], MP creation[ms], LBA[ms], KF culling[ms], Total[ms]
9.195522,0.035105,0.373477,0.014816,0.014816,9.631048
9.418758,0.109986,1.073455,0.004032,0.004032,10.609751
9.617897,0.202178,6.311194,0.244100,0.244100,27.321124
10.191761,0.269668,27.046240,0.395398,0.395398,60.763103
11.316993,0.389765,19.102064,0.646313,0.646313,62.118002
11.916553,0.407878,21.366575,0.800939,0.800939,70.242309
12.369840,0.381765,24.776384,1.095824,1.095824,80.639801
12.112556,0.228515,15.674559,1.355443,1.355443,69.989858
13.325117,0.360453,32.081768,1.243122,1.243122,101.942247
14.297419,0.254052,46.463443,55.442163,55.442163,172.148428
15.112982,0.344549,40.592096,0.936749,0.936749,114.289942
15.714623,0.382725,52.071748,1.556566,1.556566,140.290471
16.907216,0.453703,43.220965,1.340147,1.340147,123.245782
18.724010,0.393893,35.827421,1.636280,1.636280,125.955772
19.335699,0.285284,43.972912,1.951035,1.951035,134.006542
18.793163,0.266340,44.701658,1.956348,1.956348,137.119899
18.294724,0.318852,46.474900,2.153151,2.153151,143.479477
18.124994,0.306276,43.149732,2.781416,2.781416,157.769408
18.913964,0.281860,55.844569,1.970844,1.970844,170.908249
15.996995,0.290276,54.626152,2.286433,2.286433,157.367834
18.158241,0.254564,61.770669,2.277632,2.277632,182.597055
22.101018,0.361733,72.101311,3.560915,3.560915,209.305435
15.964131,0.312228,42.802496,3.942104,3.942104,286.792199
19.309458,0.415654,50.720752,3.619635,3.619635,184.235191
19.390547,0.274180,41.522445,3.256686,3.256686,153.410401
19.103599,0.319973,42.779295,3.480145,3.480145,151.926860
21.962680,0.397157,77.878450,3.299439,3.299439,207.301182
18.642217,0.218723,49.277275,3.917176,3.917176,170.414803
13.805508,0.287556,42.119094,4.199772,4.199772,153.645477
24.177527,0.482727,79.667755,2.902633,2.902633,210.427595
17.399511,0.346949,55.419315,3.188845,3.188845,181.238093
25.435721,0.469191,68.444779,2.838345,2.838345,223.601158
11.345249,0.285124,30.449680,4.512512,4.512512,155.316796
19.239825,0.237188,43.593322,5.659185,5.659185,186.033073
13.725442,0.259652,31.927461,3.099308,3.099308,147.238794
17.944127,0.244963,52.965392,5.364556,5.364556,186.916765
16.853103,0.191747,43.159429,2.817864,2.817864,166.434586
16.603627,0.179587,46.163279,4.195804,4.195804,201.774256
16.748846,0.131362,43.439048,3.970488,3.970488,168.457399
9.691146,0.048448,0.564840,0.005440,0.005440,10.313938
9.544712,0.130178,1.232817,0.004960,0.004960,10.916635
9.823211,0.222564,1.674007,0.366277,0.366277,24.498716
10.186609,0.241251,7.991313,0.583816,0.583816,35.732283
11.038365,0.259107,20.825800,0.798763,0.798763,64.200751
11.733639,0.417638,18.712073,1.008815,1.008815,65.970185
12.322991,0.411974,29.996490,1.129488,1.129488,85.217274
9.381893,0.391942,28.432979,1.306482,1.306482,80.894012
14.122568,0.466983,37.394163,1.425236,1.425236,113.233479
9.828780,0.416261,31.443903,90.633894,90.633894,188.253040
9.958126,0.310244,38.978761,1.214225,1.214225,97.047778
11.018012,0.412518,41.780113,1.576631,1.576631,116.882907
11.310401,0.332837,39.858869,1.824890,1.824890,118.562099
11.231391,0.374758,39.152107,2.111102,2.111102,119.458432
11.318144,0.412358,39.731060,2.242847,2.242847,135.806376
11.420706,0.400134,37.169743,2.456675,2.456675,127.285423
10.354547,0.501543,36.425573,2.402146,2.402146,151.009087
8.508664,0.318213,25.659660,2.965866,2.965866,127.773845
10.398483,0.373669,30.686612,3.138669,3.138669,134.436980
17.080979,0.632009,56.583075,3.366031,3.366031,186.044081
17.688347,0.540807,44.587673,3.532530,3.532530,183.800433
16.896848,0.520967,50.314858,4.991591,4.991591,187.637063
15.260921,0.423046,41.796753,4.957542,4.957542,182.997990
13.347230,0.441158,40.378813,5.077192,5.077192,187.913804
11.399937,0.466855,36.226370,4.980198,4.980198,397.982641
12.925399,0.525767,39.953176,4.973543,4.973543,167.030787
14.682320,0.505288,56.428609,5.021607,5.021607,196.643719
13.348925,0.423398,38.132413,4.863685,4.863685,187.316419
15.491612,0.513511,49.282524,3.671828,3.671828,199.971063
16.092548,0.548360,52.330471,6.251193,6.251193,199.681362
14.757681,0.524776,42.169686,3.279279,3.279279,174.523405
8.982207,0.245732,24.289752,3.696308,3.696308,195.056112
10.603895,0.457030,31.507039,4.087386,4.087386,172.333487
8.357270,0.307269,22.043480,3.583571,3.583571,155.206459
8.360470,0.299685,24.112630,3.381392,3.381392,162.613060
8.948063,0.336228,26.550425,4.760580,4.760580,175.634141
13.369758,0.467846,41.208937,4.995559,4.995559,199.153803
16.721966,0.457350,47.679941,6.103991,6.103991,220.192054
16.737006,0.396325,52.631371,5.076712,5.076712,229.439801
11.770439,0.333317,34.444393,4.992871,4.992871,204.536248
13.670946,0.336644,37.389971,3.795766,3.795766,211.955168
13.544512,0.342949,41.890611,5.328524,5.328524,216.323039
11.371810,0.329829,33.657757,3.991608,3.991608,216.328543
13.571776,0.343621,40.764003,5.373132,5.373132,212.672907
18.678314,0.475462,55.744344,7.544555,7.544555,277.454723
17.448983,0.538088,50.898674,5.624688,5.624688,230.358886
17.757212,0.445223,56.302143,4.510816,4.510816,263.848162
17.987263,0.495239,53.621305,8.025489,8.025489,252.587874
18.179682,0.587017,57.551729,4.731299,4.731299,243.006426
17.955455,0.526183,56.524835,4.797156,4.797156,234.144604
9.924556,0.295333,32.950515,7.628620,7.628620,202.917312
11.179935,0.410534,36.894795,8.037682,8.037682,226.763571
15.845121,0.524839,43.771918,10.778201,10.778201,229.083732
11.383937,0.281316,36.213634,4.927718,4.927718,217.256524
18.199266,0.510920,55.574325,6.756192,6.756192,235.786227
17.649467,0.713610,58.927973,6.710239,6.710239,239.719403
13.020537,0.745738,50.563438,7.907696,7.907696,253.905972
11.823176,0.561992,41.088967,4.971942,4.971942,212.108323
11.305824,0.791339,46.251697,8.463768,8.463768,220.764638
10.998876,0.584520,39.503921,5.451950,5.451950,200.253979
18.563912,0.713098,52.490921,4.865925,4.865925,225.992488
13.746755,0.438630,41.603951,9.511687,9.511687,225.399039
15.530588,0.636905,43.497514,6.241017,6.241017,214.523813
17.551929,0.576904,43.976273,8.106580,8.106580,222.929917
11.474339,0.423782,32.530446,7.117701,7.117701,223.346627
10.573846,0.420134,29.418114,8.502521,8.502521,196.664872
13.193083,0.514376,37.301073,6.955746,6.955746,206.065197
13.236636,0.444390,36.715434,9.081473,9.081473,209.854531
13.712355,0.509767,35.350550,7.899792,7.899792,597.519331
10.278993,0.537832,29.852360,7.938673,7.938673,193.664349
18.598408,0.741739,62.629433,6.951298,6.951298,244.188107
15.088503,0.755690,57.900086,10.009199,10.009199,252.339711
11.849896,0.520008,38.238078,7.716589,7.716589,205.580902
13.938438,0.653289,43.522282,7.706637,7.706637,213.713786
9.819563,0.480839,29.651749,8.736988,8.736988,211.391161
19.926747,0.628649,55.200879,8.495097,8.495097,236.208441
12.795989,0.597417,47.334560,8.718427,8.718427,224.259791
13.316765,0.460135,38.593603,9.511399,9.511399,221.663979
11.844744,0.551752,36.973965,10.313714,10.313714,215.345905
12.666419,0.414566,40.586880,10.913979,10.913979,217.548176
18.218051,0.649129,46.351186,9.709610,9.709610,235.909941
9.715754,0.527784,27.190946,9.630889,9.630889,198.963945
12.787221,0.558696,35.848637,9.097185,9.097185,215.290000
11.090109,0.477959,31.838052,11.981259,11.981259,209.830179
11.778631,0.513543,33.759008,10.485333,10.485333,209.849731
17.076690,0.695082,51.882112,13.765955,13.765955,245.552829
12.486897,0.697194,38.374241,10.554614,10.554614,214.290626
12.865078,0.516199,40.727651,12.514770,12.514770,222.558359
9.175170,0.548840,30.806613,10.286674,10.286674,203.721644
10.732249,0.573832,37.082990,11.024381,11.024381,216.039611
9.302468,0.532455,30.201837,14.031912,14.031912,213.585240
9.848396,0.479718,29.777351,10.776601,10.776601,202.489434
9.105473,0.474887,29.833959,14.786321,14.786321,204.814011
11.148606,0.590537,35.542328,15.672671,15.672671,214.814186
7.844176,0.501959,24.479483,9.746666,9.746666,198.857512
8.442680,0.545224,27.376228,10.015662,10.015662,199.063914
8.582106,0.619401,28.089582,7.334249,7.334249,195.154035
9.728234,0.574600,35.258228,12.262254,12.262254,206.990810
9.653001,0.621417,35.286197,10.385107,10.385107,204.730970
10.798681,0.556360,38.915048,11.952138,11.952138,212.606986
8.568922,0.451238,32.111208,16.327304,16.327304,210.776145
14.823442,0.785195,58.653601,10.429460,10.429460,242.195694
14.976116,0.596297,56.954088,5.999541,5.999541,244.770034
14.939764,0.888045,56.676485,7.271271,7.271271,249.709945
14.118505,0.604136,54.543303,5.262507,5.262507,248.742412
13.952678,0.622537,47.384096,5.053288,5.053288,230.698251
14.205130,0.778411,52.178501,5.853811,5.853811,259.667175
14.722161,0.726890,57.352814,10.620759,10.620759,271.837523
8.826109,0.560296,32.700017,7.931504,7.931504,206.123790
14.540974,0.484391,39.723092,7.991793,7.991793,226.622609
8.093075,0.455014,26.494040,8.448728,8.448728,221.519049
9.820843,0.545288,32.545838,10.431060,10.431060,215.395666
9.654921,0.454471,31.607712,7.886256,7.886256,209.515550
8.521145,0.416390,27.657673,9.899372,9.899372,206.807288
15.382106,0.604585,52.316903,11.245279,11.245279,236.410236
14.383436,0.694794,55.126127,9.777099,9.777099,239.065442
13.327709,0.717866,51.694974,9.396390,9.396390,230.457448
12.857175,0.709866,49.509887,10.809850,10.809850,225.231998
6.722560,0.304868,24.620862,8.927615,8.927615,178.296292
10.269778,0.589928,36.459078,6.210360,6.210360,195.045841
10.988092,0.655849,35.525977,6.130359,6.130359,125.109744
9.334245,0.506695,52.785742,5.882803,5.882803,137.471808
9.318757,0.599112,43.403496,9.733418,9.733418,210.916307
7.221447,0.467687,29.983273,8.988511,8.988511,177.139603
12.033803,0.643433,48.448751,9.324773,9.324773,199.967127
11.268800,0.580392,43.255334,8.834110,8.834110,200.797827
14.662960,0.830923,55.026862,11.187455,11.187455,220.457209
15.087638,1.156689,60.265015,9.486694,9.486694,222.181426
13.026297,0.683370,47.303679,12.608403,12.608403,209.457598
14.197929,0.802892,47.847687,9.519367,9.519367,211.076276
11.644838,0.919725,56.179037,9.918989,9.918989,221.283750
16.403016,0.841164,62.779772,6.886882,6.886882,239.845741
17.599386,0.670025,65.933416,13.534816,13.534816,239.246116
17.223957,0.736682,63.021759,6.585726,6.585726,233.556724
17.924671,0.725546,59.603502,10.582070,10.582070,232.274754
15.215768,0.535368,50.226185,11.068765,11.068765,222.894173
17.495481,0.902381,57.061258,6.096887,6.096887,230.084835
16.885712,0.798987,66.662610,6.888642,6.888642,261.421247
13.998919,0.693578,44.278644,10.231441,10.231441,216.683588
16.045731,0.716203,52.247429,10.529717,10.529717,234.674467
15.164119,1.094576,55.930106,10.542805,10.542805,256.763261
11.431586,0.852876,35.745692,7.476778,7.476778,206.162511
10.640471,0.686794,38.972073,11.463267,11.463267,211.209111
9.587272,0.679818,36.535110,11.673798,11.673798,210.029414
8.610842,0.629961,29.979594,7.139046,7.139046,201.011782
9.192482,0.515303,33.808096,9.086657,9.086657,211.695677
8.047538,0.527528,32.049959,7.053253,7.053253,201.760177
8.097523,0.506920,32.683120,5.508494,5.508494,206.033581
7.539723,0.585033,27.624680,11.814344,11.814344,200.731234
8.102995,0.570312,28.588150,5.367052,5.367052,205.755721
14.237546,0.931885,49.832612,6.068406,6.068406,235.779795
14.475469,0.703274,53.754620,8.464792,8.464792,250.013053
14.841330,0.939726,54.732553,6.869858,6.869858,257.382982
11.356161,0.774635,36.262019,8.648826,8.648826,224.432402
15.828833,0.685289,47.775847,6.649854,6.649854,261.062682
9.850379,0.782284,32.352491,11.197119,11.197119,259.928778
8.577561,0.504296,31.762147,6.899810,6.899810,219.377866
15.591581,0.646857,49.522015,9.095201,9.095201,264.254311
9.405606,0.653513,38.118365,9.721834,9.721834,236.010039
11.743175,0.629897,46.345234,7.518794,7.518794,262.948341
16.421609,0.608105,63.743209,7.680525,7.680525,282.413322
8.384983,0.577320,37.409619,11.826760,11.826760,235.490095
13.439807,0.554568,47.408833,9.215043,9.215043,280.678769
12.083115,0.486151,48.877110,7.565132,7.565132,267.927292
8.882238,0.389638,36.948492,5.793042,5.793042,229.386873
14.847506,0.452327,50.174792,6.779552,6.779552,259.529892
17.699483,0.505735,66.809493,10.794298,10.794298,268.483332
11.878249,0.380421,50.395116,9.776971,9.776971,232.708232
8.887902,0.291588,36.739338,10.248402,10.248402,216.270559
9.116929,0.265412,37.635926,7.598123,7.598123,217.199883
9.357957,0.266052,41.207145,11.078173,11.078173,222.387637
8.596282,0.265187,40.254460,13.507424,13.507424,222.668057
7.703757,0.256196,42.408986,8.558778,8.558778,222.586392
6.671550,0.324325,35.243892,13.423295,13.423295,216.829350
6.053174,0.343205,28.156080,16.685901,16.685901,207.905672
6.501340,0.346501,29.356321,10.071023,10.071023,217.002857
12.698932,0.490279,65.060764,11.072573,11.072573,271.014536
12.674932,0.368645,58.700450,11.425698,11.425698,259.336962
15.909377,0.369030,76.921508,7.277320,7.277320,263.913827
14.745010,0.382373,44.867389,10.138480,10.138480,230.341927
7.877872,0.248836,33.740543,7.198534,7.198534,206.371058
9.173794,0.255363,37.432276,11.612229,11.612229,213.293396
7.959538,0.185506,34.038243,8.203156,8.203156,205.302787
8.974175,0.307300,34.104868,10.025262,10.025262,209.358428
7.695629,0.313445,27.750474,7.653837,7.653837,208.196236
16.340424,0.268900,60.371065,12.576306,12.576306,243.919719
15.985283,0.308644,48.779733,7.163750,7.163750,225.145597
9.829899,0.200035,34.252422,8.092083,8.092083,204.346357
10.035215,0.239907,39.163692,12.967768,12.967768,208.936599
10.694072,0.246403,41.668176,8.101331,8.101331,204.601625
18.480742,0.262084,63.546470,14.023943,14.023943,242.255951
11.818184,0.453126,60.806143,9.136258,9.136258,234.203069
16.712397,0.393702,43.644075,8.182868,8.182868,217.055273
10.443028,0.214243,39.048394,7.811310,7.811310,205.364964
9.498535,0.188866,33.016565,13.540097,13.540097,210.299050
9.185186,0.200419,32.289547,7.887824,7.887824,187.504262
17.419191,0.306341,62.783195,8.617754,8.617754,237.672590
18.865964,0.297956,56.558147,9.146562,9.146562,224.897369
10.433108,0.194403,40.290652,8.259413,8.259413,196.262307
10.950684,0.276228,42.936865,8.708796,8.708796,199.053195
13.590177,0.342309,43.166277,10.555798,10.555798,204.703258
11.597637,0.304196,40.834884,8.253718,8.253718,207.241311
11.726502,0.307461,39.170156,12.583442,12.583442,204.515415
11.684230,0.257027,35.332502,8.571385,8.571385,186.197171
14.465069,0.330725,42.563004,10.775737,10.775737,206.638806
21.275246,0.375461,63.665192,11.588421,11.588421,234.943080
19.089647,0.381606,59.968435,10.650071,10.650071,226.032649
19.672856,0.431174,50.879026,11.481123,11.481123,211.351033
16.416681,0.282116,49.031864,13.266012,13.266012,204.785083
12.252238,0.390821,41.370220,9.426950,9.426950,206.795448
14.938005,0.315748,43.561739,15.010421,15.010421,197.189904
13.497568,0.354981,45.340995,11.170174,11.170174,200.620736
17.437432,0.353157,60.586236,14.447565,14.447565,212.749229
14.562703,0.415334,56.850503,11.885609,11.885609,208.735572
15.559709,0.379142,48.338382,10.653624,10.653624,188.135856
21.950167,0.449607,54.315043,12.669684,12.669684,205.319459
18.212931,0.428902,48.475408,13.309853,13.309853,195.770396
17.850237,0.399878,47.539107,11.956905,11.956905,201.534157
22.366974,0.549127,68.523469,9.061761,9.061761,240.450294
22.929062,0.453350,52.131268,11.440515,11.440515,209.157050
22.565057,0.592136,58.521119,12.660980,12.660980,217.682323
22.655426,0.543495,68.952755,12.999640,12.999640,239.507017
19.036046,0.407238,49.048696,11.860680,11.860680,213.162354
16.125157,0.574536,41.318059,11.891752,11.891752,203.058179
22.554976,0.533192,53.014961,12.594099,12.594099,229.166998
21.024683,0.543304,49.422557,14.555342,14.555342,225.784710
19.428020,0.585960,55.918426,12.095116,12.095116,227.846179
19.598007,0.699657,61.243718,15.470428,15.470428,265.485850
13.107098,0.553512,36.838827,14.676817,14.676817,206.703575
12.845367,0.505863,37.204592,12.675156,12.675156,205.568327
19.940507,0.674154,62.215411,16.467178,16.467178,243.978408
19.765368,0.643690,54.177761,14.780818,14.780818,237.356554
18.557416,0.603272,58.434622,7.783246,7.783246,231.658713
11.395042,0.344677,37.907674,9.535912,9.535912,207.757286
19.308274,0.657194,62.496087,10.272082,10.272082,254.573983
20.459299,0.563336,54.602471,12.413328,12.413328,236.894372
20.124893,0.551976,62.122162,9.715466,9.715466,238.641340
21.180749,0.554120,61.891566,12.538770,12.538770,269.314992
15.635038,0.359173,43.098372,14.026183,14.026183,222.147922
22.102202,0.680714,62.787579,17.772604,17.772604,257.034370
20.617573,0.654825,57.615346,16.946257,16.946257,269.533331
11.267008,0.483558,35.912926,16.352905,16.352905,215.656694
17.378007,0.498055,46.410643,14.439277,14.439277,238.153174
12.502225,0.901293,54.933900,13.165467,13.165467,233.789335
15.205304,0.586024,52.672940,15.777184,15.777184,233.664822
15.077750,0.840428,51.850080,16.424265,16.424265,233.434066
14.488238,1.155952,55.786584,14.619536,14.619536,231.338581
10.234098,0.475142,40.629697,15.041813,15.041813,206.219152
12.891159,0.815531,52.650156,18.262340,18.262340,231.713498
9.225347,0.559592,44.808028,19.267154,19.267154,214.833419
8.529273,0.601897,42.334041,10.401460,10.401460,215.742871
9.303492,0.546216,44.195795,12.732597,12.732597,213.798172
8.686364,0.458854,38.401090,13.083866,13.083866,217.444976
10.338675,0.445095,42.240183,12.589522,12.589522,210.294154
9.708265,0.415494,39.205165,14.925140,14.925140,212.071939
9.092673,0.431014,36.887116,13.480576,13.480576,208.538545
9.308548,0.361925,31.112570,16.958769,16.958769,210.350795
9.200515,0.366405,31.409630,10.631127,10.631127,196.943437
11.092829,0.442534,37.885562,10.778329,10.778329,213.925117
8.876318,0.443142,31.850629,15.065974,15.065974,199.966391
10.524565,0.459431,35.714811,13.511968,13.511968,220.329528
9.798187,0.386566,32.564494,15.916386,15.916386,207.669317
10.157392,0.430150,34.794190,16.127781,16.127781,225.184189
9.743594,0.452647,35.332758,15.793216,15.793216,218.744130
9.824683,0.542824,35.076722,18.566919,18.566919,225.347743
15.177112,0.649833,48.929271,14.712913,14.712913,243.576515
14.019047,0.488711,51.310873,13.790788,13.790788,240.612185
9.349669,0.359845,35.790972,16.156005,16.156005,227.414141
9.708778,0.468422,35.185876,17.278837,17.278837,221.134788
9.641545,0.541032,36.498310,16.996081,16.996081,222.890589
16.884656,0.765483,67.343868,15.946306,15.946306,282.913809
16.938224,0.699658,61.868239,12.308335,12.308335,253.970294
17.792156,0.716970,61.755917,16.614252,16.614252,258.367220
18.400358,0.769867,58.278331,16.431881,16.431881,254.976165
15.275417,0.425222,48.671155,17.382999,17.382999,244.166827
15.146263,0.696298,45.890571,18.999214,18.999214,241.875466
9.651913,0.384005,32.425101,16.162853,16.162853,222.787579
19.449972,0.660969,59.136328,14.431757,14.431757,261.491393
20.008092,0.753707,61.389608,21.122284,21.122284,264.949650
16.195238,0.442630,49.307101,15.905890,15.905890,242.326481
10.326579,0.359365,36.101633,19.556246,19.556246,226.372687
19.455477,0.718474,56.217630,19.098447,19.098447,259.580326
18.786987,0.812971,65.238110,19.725176,19.725176,273.498155
20.151710,0.700010,72.796522,15.163544,15.163544,286.545029
13.961319,0.530311,54.580295,19.351475,19.351475,275.561705
17.425239,0.497800,51.588956,18.202626,18.202626,259.667527
14.568879,0.820716,48.399023,17.820285,17.820285,255.175240
18.480326,0.709674,63.493094,15.527485,15.527485,283.331767
11.800295,0.560872,40.481695,16.685933,16.685933,242.703254
15.322042,0.691081,49.409502,17.894462,17.894462,279.553601
13.234364,0.575656,59.651471,17.632570,17.632570,282.264840
19.316274,0.688106,54.150497,20.055165,20.055165,277.790313
11.077213,0.614441,38.115613,10.165936,10.165936,232.223425
20.326561,0.760267,65.634148,14.602032,14.602032,279.406176
20.767911,0.753259,67.643360,15.261113,15.261113,282.835632
12.756821,0.550184,41.055591,16.875504,16.875504,241.326051
22.535488,0.753546,70.810574,10.788314,10.788314,293.663306
22.505408,0.675305,62.784092,17.462040,17.462040,285.242162
22.705282,0.638249,87.334648,15.764000,15.764000,296.351600
23.774257,0.652554,66.846165,15.932642,15.932642,287.510226
24.229816,0.621865,72.120512,22.292060,22.292060,293.894381
19.462708,0.633961,63.249954,14.699313,14.699313,290.892738
24.772032,0.678761,71.280469,14.795187,14.795187,291.096262
25.837870,0.633097,82.150319,19.274802,19.274802,302.416710
12.806678,0.484166,48.471281,17.545785,17.545785,254.937412
18.204290,0.510535,58.828644,18.828651,18.828651,279.465792
11.955977,0.386758,42.639517,16.418089,16.418089,274.835166
12.510578,0.414757,43.827311,23.024519,23.024519,254.296059
20.449218,0.641897,65.579364,23.848114,23.848114,283.832286
9.009024,0.463623,30.830134,19.854906,19.854906,235.436400
8.256213,0.499495,29.827944,20.960522,20.960522,240.338741
10.335283,0.692138,38.514947,24.112375,24.112375,252.038619
9.910253,0.611112,40.917573,17.762780,17.762780,245.041399
11.407778,0.522599,46.210032,15.782945,15.782945,266.765452
16.863343,0.670282,63.722985,29.675013,29.675013,292.719676
17.258549,0.764555,67.130682,14.361612,14.361612,293.771756
17.782204,0.807756,65.079068,17.792701,17.792701,295.216160
12.243470,0.617513,46.949019,11.976618,11.976618,273.322313
16.927536,0.674377,55.021998,12.527410,12.527410,288.194140
10.499797,0.426182,42.331929,14.332652,14.332652,280.743155
18.401477,0.571656,61.891183,21.641844,21.641844,310.484505
13.413183,0.484295,47.741414,23.536974,23.536974,296.602836
21.875191,0.552104,73.379474,21.816566,21.816566,331.228000
15.145495,0.433222,48.456944,19.739992,19.739992,301.770909
11.153695,0.327076,40.855493,16.795214,16.795214,309.352329
11.703014,0.342085,39.460241,23.157065,23.157065,317.137752
23.065383,0.599241,73.537300,24.473084,24.473084,343.921876
24.014165,0.535079,74.907720,28.241073,28.241073,384.840152
19.302098,0.415750,59.959571,22.026393,22.026393,333.258652
24.467899,0.579944,63.522630,19.435860,19.435860,357.119855
16.846415,0.493895,48.126667,22.150331,22.150331,303.672696
25.137509,0.656074,69.912704,15.837185,15.837185,335.042358
25.308967,0.588521,61.352231,19.213233,19.213233,318.723982
26.747324,0.587753,71.865212,24.940162,24.940162,328.449176
27.929517,0.586216,80.051281,21.249198,21.249198,338.975214
17.089651,0.420646,57.021418,24.696319,24.696319,307.850228
19.497461,0.391110,63.662568,28.633719,28.633719,327.722542
22.855813,0.347653,55.764664,23.560622,23.560622,313.601926
21.405424,0.350245,55.994203,23.907155,23.907155,314.925912
32.593135,0.438087,77.882993,27.997934,27.997934,353.902178
23.366220,0.370533,61.810798,26.234772,26.234772,324.784708
16.505098,0.351909,53.447415,28.914267,28.914267,319.513433
34.557067,0.501255,98.533655,30.683284,30.683284,384.901242
25.429386,0.451238,65.243166,24.375546,24.375546,333.911718
33.023765,0.417574,81.646471,33.365914,33.365914,371.978530
19.745368,0.358213,55.056014,31.415870,31.415870,321.863802
23.334060,0.407205,56.129342,24.883746,24.883746,314.599092
19.539797,0.378982,47.682309,25.027715,25.027715,310.285654
15.463836,0.270308,43.001602,36.186722,36.186722,309.366057
30.246061,0.403750,72.212482,28.507061,28.507061,346.178612
20.009372,0.278596,44.729147,28.623863,28.623863,284.822637
21.629811,0.227139,46.040590,26.901310,26.901310,286.338370
14.553614,0.176579,31.531584,31.368893,31.368893,264.826672
13.607585,0.202723,26.891326,28.499893,28.499893,251.264720
17.239829,0.311749,46.524852,24.509596,24.509596,185.820495
14.093928,0.154914,39.594323,20.127934,20.127934,173.552865
11.175551,0.277156,40.315612,23.300523,23.300523,161.158001
