1403637149738319104.000000 3.437927246 -3.378772020 -4.370314121 -0.533982933 -0.602530122 -0.358931988 0.472215652
1403637151088318976.000000 3.587187767 -3.115381718 -4.120988846 -0.535393417 -0.606636345 -0.388975173 0.440505058
1403637153838319104.000000 3.949927807 -2.494782209 -3.766102076 -0.535117626 -0.618363321 -0.375011861 0.436625838
1403637154788318976.000000 4.117715359 -2.224597692 -3.848969460 -0.548305690 -0.620925367 -0.375140369 0.416031480
1403637156838319104.000000 4.802281857 -1.355612040 -4.010891914 -0.742749095 -0.341063976 -0.508207142 0.271522850
1403637159738319104.000000 7.737906933 -1.892913580 -4.266279697 -0.783698022 -0.252525151 -0.533438444 0.193628564
1403637161038319104.000000 9.297376633 -2.606961489 -4.480729103 -0.829383910 -0.040882666 -0.555805922 0.039124731
1403637163488318976.000000 11.000458717 -4.798596859 -4.351349831 0.765770853 -0.195117623 0.602421343 0.112306245
1403637164638319104.000000 10.136785507 -6.332185268 -4.229693890 0.778532267 -0.245997667 0.568166614 0.102759451
1403637166688318976.000000 8.258130074 -9.090867996 -4.365633488 0.765215755 -0.245286688 0.548104703 0.232078850
1403637168788318976.000000 8.894845009 -7.197354317 -4.781074524 0.789578319 -0.211210459 0.554118812 0.157824174
1403637170188318976.000000 9.864356995 -4.978969574 -4.983361244 -0.798505783 -0.054134384 -0.598828077 -0.029374542
1403637171188318976.000000 9.827423096 -2.924339056 -5.308419228 -0.734013498 -0.279757142 -0.577894330 0.221355781
1403637173638319104.000000 6.925562382 -1.302586675 -5.297154903 -0.829046547 -0.122518554 -0.519044757 0.168117449
1403637173888318976.000000 6.889186859 -1.366771102 -5.386217117 -0.849286795 -0.063680440 -0.501673579 0.151592746
1403637174088318976.000000 6.945442200 -1.469672680 -5.425503254 -0.845600069 -0.069229849 -0.519498348 0.101436280
1403637174388318976.000000 7.113623619 -1.655352116 -5.381264210 -0.805267692 -0.064722203 -0.581680775 0.094881743
1403637174638319104.000000 7.240771770 -1.852313757 -5.307553768 -0.802392602 -0.034454279 -0.586272478 0.106130719
1403637176488318976.000000 7.064637661 -4.422626972 -5.114634514 0.787665009 -0.071444012 0.611602187 0.020554634
1403637178888318976.000000 7.056813240 -7.731997013 -5.411090851 0.787528694 -0.176284119 0.564494371 0.173402861
1403637181388318976.000000 9.565389633 -5.920045853 -5.608069897 0.780190170 -0.198329538 0.569439352 0.166455999
1403637181638319104.000000 9.821089745 -5.542171001 -5.475837708 0.784466267 -0.202728391 0.560434878 0.171542287
1403637182538319104.000000 10.556674957 -4.077395439 -5.054153442 0.753334403 -0.213944867 0.604059577 0.147739217
1403637183738319104.000000 10.183931351 -2.192298889 -4.955214500 0.743819773 -0.251162976 0.611740589 0.097070746
1403637184038319104.000000 9.779454231 -1.880860448 -5.019093037 0.753617346 -0.270463109 0.595035911 0.069590777
1403637184438319104.000000 9.081560135 -1.689281106 -5.037634850 0.776297212 -0.245556578 0.569279790 0.113952562
1403637184788318976.000000 8.438484192 -1.627029777 -5.147505760 0.803864598 -0.239673585 0.531433880 0.118052110
1403637185138319104.000000 7.877887726 -1.658650875 -5.183318615 0.812915862 -0.239454269 0.517773092 0.117219329
1403637185438319104.000000 7.498537064 -1.770687580 -5.129891872 0.824139297 -0.234398678 0.500034928 0.125764683
1403637185938319104.000000 7.087451935 -2.071240187 -4.946758747 0.799029171 -0.222472772 0.538078904 0.150098190
1403637186338319104.000000 6.858612061 -2.319596767 -4.829526424 0.789816678 -0.220093891 0.551737905 0.152753040
1403637186688318976.000000 6.689554691 -2.515093088 -4.653996468 0.783394635 -0.231311664 0.559270859 0.141434833
1403637187138319104.000000 6.454413414 -2.791864157 -4.537478447 0.778783321 -0.259197652 0.561471462 0.105180040
1403637187788318976.000000 6.099354267 -3.412847757 -4.557149887 0.800108016 -0.265727758 0.518631995 0.142256543
1403637188188318976.000000 5.999164104 -3.897659302 -4.614891529 0.798518479 -0.254564941 0.520867169 0.162056774
1403637189838319104.000000 5.866672516 -5.943459988 -5.131628036 0.755653322 -0.315738976 0.535696328 0.205733687
1403637191338319104.000000 5.478140354 -7.477886200 -4.971314907 0.758855104 -0.274387211 0.560584426 0.185999155
1403637192138319104.000000 5.190441132 -7.940970421 -4.892920494 0.784654677 -0.268568993 0.516332507 0.213514864
1403637192488318976.000000 5.192270756 -8.044106483 -4.741375923 0.788671017 -0.269121438 0.508341730 0.217164531
1403637192888318976.000000 5.322912693 -8.125492096 -4.638953686 0.786246777 -0.285061896 0.512412250 0.194908470
1403637193688318976.000000 5.797998428 -8.412068367 -4.412152767 0.781601667 -0.279780269 0.520893812 0.198724806
1403637193938319104.000000 5.994600296 -8.533270836 -4.331962109 0.781740904 -0.275679678 0.521153152 0.203178093
1403637194688318976.000000 6.687959671 -8.800457954 -4.260806561 0.780386925 -0.280334651 0.521682262 0.200639755
1403637195188318976.000000 7.245988846 -8.934607506 -4.190128803 0.768375576 -0.281716198 0.536951840 0.204737768
1403637197938319104.000000 9.779600143 -6.324528217 -4.159111977 -0.808569074 -0.006038360 -0.586706221 -0.044220980
1403637198438319104.000000 9.923223495 -5.198084354 -3.886011600 -0.790513992 -0.139584884 -0.595498085 0.031397965
1403637198688318976.000000 9.931379318 -4.591731071 -3.793713331 -0.777932584 -0.168196425 -0.604474902 0.033779036
1403637199438319104.000000 9.519661903 -2.641302109 -3.826079130 -0.758346379 -0.196818963 -0.608522415 0.125990987
1403637199938319104.000000 8.882065773 -1.447475910 -3.882954121 -0.712163925 -0.281954676 -0.584762514 0.267164826
1403637200188318976.000000 8.501230240 -0.973489046 -4.024106979 -0.662244797 -0.337478787 -0.570578516 0.349256575
1403637200338319104.000000 8.261807442 -0.768624902 -4.122533798 -0.650430679 -0.392503589 -0.549334526 0.348012358
1403637203088318976.000000 6.339169025 -0.920567811 -4.260039330 -0.723035097 -0.383448780 -0.510283887 0.264192700
1403637205738319104.000000 6.559839249 -1.644014597 -4.352040768 -0.716397464 -0.391807020 -0.510522306 0.269497544
1403637208238319104.000000 6.054031372 -1.930935144 -4.230057240 -0.724474609 -0.380917311 -0.507882535 0.268503070
1403637209238319104.000000 5.928576946 -2.124558687 -4.226205349 -0.712590754 -0.396520019 -0.516175747 0.261818409
1403637211938319104.000000 6.681643486 0.727146327 -4.799912453 -0.727292717 -0.411540568 -0.456137836 0.305970579
1403637212438319104.000000 7.151078224 1.502547741 -4.803096294 -0.700545609 -0.405946851 -0.499774486 0.307682544
1403637212688318976.000000 7.372924805 1.844526052 -4.759706974 -0.712272048 -0.410698146 -0.486241400 0.295913547
1403637212938319104.000000 7.592826366 2.181203842 -4.699079514 -0.713429511 -0.418005675 -0.484765440 0.285117656
1403637213188318976.000000 7.807876110 2.524420023 -4.635527134 -0.713397086 -0.419880837 -0.480735153 0.289237499
1403637213688318976.000000 8.225241661 3.212469578 -4.604026794 -0.700336099 -0.428615063 -0.497018516 0.280697703
1403637213938319104.000000 8.401380539 3.550729752 -4.638858318 -0.697999775 -0.437521040 -0.498196006 0.270503968
1403637214188318976.000000 8.534831047 3.907708168 -4.662020683 -0.686159849 -0.437682956 -0.499291420 0.297197729
1403637214438319104.000000 8.627989769 4.259488106 -4.640652180 -0.652548194 -0.468634814 -0.499229521 0.324549139
1403637214688318976.000000 8.665117264 4.576122284 -4.584486008 -0.603246808 -0.519116640 -0.503067434 0.336948752
1403637214938319104.000000 8.617390633 4.855840683 -4.504860401 -0.580619574 -0.538863659 -0.503775358 0.344554007
1403637215188318976.000000 8.475923538 5.088191986 -4.452588081 -0.575255573 -0.535263896 -0.506746888 0.354656368
1403637215438319104.000000 8.246827126 5.269934654 -4.434400082 -0.569394350 -0.528408408 -0.496540755 0.387326658
1403637215688318976.000000 7.951796055 5.368686676 -4.411999226 -0.541000962 -0.549492180 -0.472268015 0.427012056
1403637215938319104.000000 7.620531559 5.375644207 -4.357839584 -0.520658195 -0.598925531 -0.418757915 0.441412598
1403637216188318976.000000 7.281620979 5.323341846 -4.271164894 -0.501452148 -0.623835027 -0.379349887 0.464186788
1403637216688318976.000000 6.673245430 5.108365059 -4.183032513 -0.485597521 -0.613202453 -0.372394919 0.499499679
1403637216988318976.000000 6.384285927 4.873596668 -4.155918598 -0.481936634 -0.600976646 -0.388904870 0.505289137
1403637217488318976.000000 6.067791939 4.265202045 -4.126318932 -0.521695197 -0.588897228 -0.351006806 0.507767975
1403637217788318976.000000 6.006281376 3.833194733 -4.163810253 -0.471060574 -0.615648448 -0.375184506 0.508247614
1403637218038319104.000000 5.990517139 3.410055637 -4.169709206 -0.427474380 -0.654632151 -0.353895575 0.513303459
1403637218238319104.000000 5.990248680 3.032186747 -4.164119244 -0.415901273 -0.670980275 -0.334491223 0.514710963
1403637218488318976.000000 6.001535892 2.529096603 -4.184733868 -0.409226418 -0.675352693 -0.330494821 0.516919494
1403637218738319104.000000 6.020951748 1.993447900 -4.196468353 -0.414725125 -0.679286361 -0.327599913 0.509167433
1403637218988318976.000000 6.042377949 1.433529854 -4.239679337 -0.412389398 -0.686064601 -0.338978350 0.494311810
1403637219238319104.000000 6.045466423 0.855645716 -4.334125996 -0.412172139 -0.687116504 -0.342568427 0.490542501
1403637219488318976.000000 6.024971962 0.248139590 -4.396423817 -0.422911733 -0.690565825 -0.330961853 0.484488338
1403637220738319104.000000 5.577237129 -2.351607323 -4.103004456 -0.455889136 -0.684656858 -0.295172244 0.486089945
1403637223538319104.000000 5.136320114 -4.260612488 -4.272976875 -0.575951040 -0.585463107 -0.395901144 0.410823107
1403637224688318976.000000 5.120195389 -4.172222614 -4.224150658 -0.568500400 -0.580597579 -0.404354036 0.419775635
1403637225588318976.000000 5.048925400 -4.198776722 -4.359673977 -0.560543239 -0.584098160 -0.411084175 0.419082850
1403637227088318976.000000 4.653599262 -4.416872025 -4.227756023 -0.581033289 -0.584710062 -0.380735040 0.418993235
1403637227338319104.000000 4.584351063 -4.407901287 -4.224012852 -0.581223428 -0.580806434 -0.384036124 0.421140641
1403637228138319104.000000 4.491037846 -4.309840679 -4.267080307 -0.567743123 -0.576186597 -0.408656806 0.422701418
1403637228538319104.000000 4.468385220 -4.288617134 -4.284550667 -0.558276236 -0.578982413 -0.416292131 0.424037695
1403637230288318976.000000 4.334893227 -4.511470318 -4.446003914 -0.711126626 -0.424316376 -0.479944229 0.289669007
1403637230788318976.000000 4.352641106 -4.485030651 -4.390533447 -0.721097171 -0.367388040 -0.518002689 0.276980519
1403637231138319104.000000 4.370635033 -4.494541168 -4.343671322 -0.782133937 -0.285435736 -0.509715915 0.216754749
1403637231488318976.000000 4.448252678 -4.516781807 -4.449589729 -0.816533685 -0.150757149 -0.537865639 0.145758986
1403637231988318976.000000 4.657500744 -4.629305363 -4.755949974 0.835653305 -0.029057058 0.547651470 -0.030283352
1403637232488318976.000000 4.955721855 -4.895597935 -4.854031086 0.797497451 -0.148879901 0.581962287 0.056148015
1403637232938319104.000000 5.150121689 -5.292630672 -4.824291706 0.803063512 -0.264615923 0.525710642 0.093251891
1403637233288318976.000000 5.322794914 -5.755327702 -4.743112564 0.820335031 -0.269441068 0.490278840 0.118653804
1403637233988318976.000000 6.045629025 -6.864221096 -4.844580650 0.805499256 -0.152887046 0.519022048 0.241687357
1403637234338319104.000000 6.612084866 -7.117167473 -4.995844841 0.790821135 -0.136996850 0.534539819 0.264766127
1403637235388318976.000000 8.408137321 -6.424260139 -5.531032562 0.802953780 -0.062993973 0.588662267 0.069091752
1403637235738319104.000000 8.846168518 -6.019403934 -5.586976528 0.822194397 -0.023985023 0.567358196 0.039062243
1403637236088318976.000000 9.259053230 -5.547898293 -5.542056561 -0.801078618 -0.066099301 -0.593283951 -0.043796029
1403637236438319104.000000 9.573843002 -4.909147739 -5.414748669 -0.795304775 -0.130462065 -0.592002451 0.001724293
1403637238988318976.000000 7.149057865 -1.724251390 -3.961419106 0.872554719 -0.096323848 0.461801857 -0.126921013
1403637239338319104.000000 6.933495998 -2.335182667 -3.831436396 0.865165412 -0.081325375 0.492710620 -0.045947928
1403637239688318976.000000 6.941925526 -3.120104313 -3.806496620 0.841754317 -0.147356659 0.519151926 0.014732856
1403637240038319104.000000 7.034952641 -3.991207838 -3.955394268 0.788801610 -0.209683701 0.565840483 0.116830081
1403637240388318976.000000 7.103739738 -4.844462872 -4.180469990 0.775215626 -0.288906783 0.533131182 0.177044347
1403637240738319104.000000 7.197627068 -5.670536518 -4.352416992 0.783497572 -0.304558933 0.502183497 0.202946424
1403637241088318976.000000 7.375920773 -6.463643551 -4.432204723 0.766829908 -0.284026951 0.532172501 0.219301432
1403637241438319104.000000 7.593234062 -7.167314529 -4.557154179 0.774686277 -0.262875319 0.527665913 0.228749469
1403637241788318976.000000 7.866312504 -7.733760357 -4.656271458 0.763235390 -0.238399178 0.546866298 0.248142838
1403637242138319104.000000 8.157407761 -8.093992233 -4.681483269 0.743130982 -0.248117536 0.576427996 0.232217088
1403637242488318976.000000 8.399942398 -8.262419701 -4.666776180 0.748207748 -0.230176717 0.562516987 0.266042471
1403637242838319104.000000 8.625012398 -8.191365242 -4.661749840 0.751505077 -0.209572941 0.583318353 0.225962237
1403637243138319104.000000 8.772882462 -7.960921288 -4.613525867 0.756862044 -0.185586333 0.590671659 0.209343597
1403637243438319104.000000 8.873015404 -7.618224621 -4.612049580 0.771981955 -0.194484487 0.575225234 0.187977597
1403637243738319104.000000 8.942241669 -7.196208477 -4.606008530 0.780965328 -0.212838843 0.563053370 0.166624486
1403637244038319104.000000 8.998322487 -6.763011456 -4.523931026 0.786565900 -0.240126267 0.551933467 0.137923703
1403637244338319104.000000 9.038293839 -6.382014751 -4.365118504 0.785508811 -0.244309828 0.550285578 0.143089339
1403637244638319104.000000 9.073447227 -6.050844193 -4.170649529 0.801475346 -0.215175584 0.538859665 0.144800007
1403637244988318976.000000 9.156056404 -5.701249599 -3.994554281 0.816565514 -0.177155271 0.534410000 0.127447516
1403637245338319104.000000 9.308230400 -5.398357868 -3.891547680 0.824735641 -0.180929825 0.524679184 0.108569868
1403637245688318976.000000 9.549468040 -5.155999184 -3.839639902 0.827242494 -0.147559270 0.531308055 0.107739821
1403637246038319104.000000 9.860221863 -4.912482262 -3.848806143 0.816023588 -0.062459737 0.572004378 0.054911073
1403637246388318976.000000 10.160846710 -4.640184402 -3.921013117 -0.807613611 -0.076021314 -0.583672583 0.036156915
1403637246738319104.000000 10.397084236 -4.337481499 -4.038348675 -0.765526235 -0.215802252 -0.594910860 0.116103932
1403637247038319104.000000 10.482581139 -4.054953098 -4.115641594 -0.747704506 -0.299204826 -0.566643536 0.174153775
1403637247538319104.000000 10.456732750 -3.571017981 -4.235961914 -0.731110990 -0.309532642 -0.569033623 0.214165732
1403637247938319104.000000 10.286820412 -3.203624964 -4.362751484 -0.706530154 -0.352120340 -0.570957601 0.225463822
1403637248288318976.000000 9.981503487 -2.912613630 -4.409123898 -0.708640337 -0.390848905 -0.526098311 0.261317164
1403637248588318976.000000 9.672574997 -2.681609392 -4.472571373 -0.698889256 -0.396403283 -0.527748764 0.275498778
1403637248888318976.000000 9.325988770 -2.475464344 -4.497786522 -0.711052358 -0.397171140 -0.517556667 0.262287736
1403637249488318976.000000 8.562740326 -2.052282572 -4.385485172 -0.717601955 -0.383842558 -0.520882547 0.257669806
1403637249788318976.000000 8.161564827 -1.835200310 -4.430823326 -0.710601151 -0.381773859 -0.528496146 0.264549792
1403637250088318976.000000 7.735082150 -1.627550840 -4.457998276 -0.704085469 -0.397583604 -0.512228370 0.289504856
1403637250388318976.000000 7.307027817 -1.447486639 -4.462905884 -0.699786067 -0.414984316 -0.486524343 0.318404794
1403637253088318976.000000 5.688046455 -0.972238719 -4.154913425 -0.644751847 -0.498324424 -0.448761642 0.366852611
1403637254088318976.000000 5.602252960 -1.206097722 -4.141896725 -0.635378301 -0.500143290 -0.465249211 0.360130906
1403637256338319104.000000 4.935240269 -2.164986372 -3.920643091 -0.511732638 -0.630770147 -0.378658563 0.443707585
1403637256788318976.000000 4.726346970 -2.400961161 -3.933441639 -0.529444635 -0.627034664 -0.361618787 0.442434013
1403637257538319104.000000 4.399828434 -2.782382250 -3.925606251 -0.494782001 -0.652009845 -0.357056469 0.450094134
1403637257838319104.000000 4.259353161 -2.923039198 -3.930448532 -0.497306556 -0.662744939 -0.338311225 0.446095079
1403637258138319104.000000 4.104237080 -3.033758163 -3.966722250 -0.473636955 -0.682134271 -0.312330574 0.461313903
1403637258438319104.000000 3.939815283 -3.105912209 -3.974596500 -0.430945992 -0.695519626 -0.302656084 0.488812119
1403637258888318976.000000 3.710806370 -3.189840317 -4.053652287 -0.424929917 -0.693924546 -0.288984179 0.504372299
1403637259238319104.000000 3.571014881 -3.239190578 -4.056797981 -0.429833412 -0.689990103 -0.288378507 0.505959153
1403637259538319104.000000 3.483757734 -3.274122715 -4.020606041 -0.438954413 -0.681947708 -0.280543804 0.513382494
1403637260038319104.000000 3.438782215 -3.311492682 -4.029227734 -0.436318010 -0.684591472 -0.287361711 0.508315206
1403637260338319104.000000 3.453436852 -3.328491926 -4.078104019 -0.424719483 -0.694744647 -0.302268714 0.495557189
1403637260638319104.000000 3.463224888 -3.354476452 -4.144412994 -0.424735755 -0.706833184 -0.300234705 0.479422241
1403637260938319104.000000 3.442686558 -3.377672911 -4.211632252 -0.422146857 -0.697528660 -0.301780611 0.494140029
1403637261238319104.000000 3.411573172 -3.405404329 -4.279831409 -0.427552074 -0.706050515 -0.293167621 0.482436150
1403637261538319104.000000 3.367897034 -3.424189091 -4.311704159 -0.429103851 -0.698803544 -0.291747093 0.492368907
1403637261788318976.000000 3.329240322 -3.425240517 -4.312275410 -0.431264758 -0.706300378 -0.289703310 0.480856091
1403637262188318976.000000 3.258551836 -3.401402712 -4.322623253 -0.429217726 -0.688194752 -0.298040420 0.503320992
1403637262488318976.000000 3.261078119 -3.406312227 -4.350705147 -0.457016081 -0.665845215 -0.306808829 0.503641486
1403637262688318976.000000 3.266440630 -3.410459757 -4.354930401 -0.458171368 -0.655305386 -0.309168369 0.514848232
1403637263188318976.000000 3.268066645 -3.409832716 -4.357026100 -0.458047181 -0.653335392 -0.310261428 0.516801298
1403637263688318976.000000 3.267447472 -3.410090208 -4.356121540 -0.458452880 -0.653326869 -0.309621185 0.516836345
1403637264188318976.000000 3.267769575 -3.410920620 -4.354786873 -0.458655775 -0.653198302 -0.309538901 0.516868114
1403637264688318976.000000 3.267690897 -3.411310434 -4.354869366 -0.458900094 -0.653171659 -0.309143156 0.516921759
1403637265188318976.000000 3.268694401 -3.412095547 -4.354204655 -0.459075749 -0.653223038 -0.308989555 0.516792715
