#LBA time[ms],KF opt[#],KF fixed[#],MP[#],Edges[#]
0.014464,3,1,0,1332
0.005472,4,1,0,1908
0.583496,5,1,0,2617
0.808683,6,1,0,3132
0.966861,7,1,0,3544
1.863513,8,1,0,4027
1.951610,9,1,0,4326
1.958330,10,1,0,4702
2.132445,0,0,0,0
91.990124,0,0,0,0
2.629091,0,0,0,0
3.310732,0,0,0,0
3.496719,0,0,0,0
3.338765,0,0,0,0
3.423437,0,0,0,0
4.027254,0,0,0,0
4.531069,0,0,0,0
5.028323,0,0,0,0
5.378312,0,0,0,0
5.502505,0,0,0,0
6.421398,0,0,0,0
7.356130,0,0,0,0
7.875817,0,0,0,0
7.460419,0,0,0,0
7.805640,0,0,0,0
7.469795,0,0,0,0
7.376866,0,0,0,0
7.289057,0,0,0,0
6.956508,0,0,0,0
7.150431,0,0,0,0
6.817627,0,0,0,0
5.688876,0,0,0,0
1.722487,0,0,0,0
1.497684,0,0,0,0
1.701623,0,0,0,0
1.841689,0,0,0,0
2.283007,0,0,0,0
2.932167,0,0,0,0
2.962728,0,0,0,0
2.115036,0,0,0,0
5.048803,0,0,0,0
3.316556,0,0,0,0
4.082102,0,0,0,0
3.485903,0,0,0,0
3.859668,0,0,0,0
5.559658,0,0,0,0
3.847219,0,0,0,0
3.975221,0,0,0,0
2.531170,0,0,0,0
3.484847,0,0,0,0
4.053430,0,0,0,0
12.417990,0,0,0,0
4.504604,0,0,0,0
6.416310,0,0,0,0
5.696684,0,0,0,0
7.912522,0,0,0,0
5.113637,0,0,0,0
3.693201,0,0,0,0
2.870823,0,0,0,0
2.999528,0,0,0,0
4.913890,0,0,0,0
4.476892,0,0,0,0
2.326399,0,0,0,0
3.609776,0,0,0,0
2.069500,0,0,0,0
4.435867,0,0,0,0
2.394688,0,0,0,0
2.099772,0,0,0,0
4.397019,0,0,0,0
1.852121,0,0,0,0
3.808403,0,0,0,0
3.753970,0,0,0,0
3.712657,0,0,0,0
3.907380,0,0,0,0
4.222041,0,0,0,0
4.665310,0,0,0,0
2.380032,0,0,0,0
4.105206,0,0,0,0
2.097148,0,0,0,0
3.923605,0,0,0,0
1.060942,0,0,0,0
3.082793,0,0,0,0
7.466596,0,0,0,0
7.486628,0,0,0,0
4.781151,0,0,0,0
4.485020,0,0,0,0
6.077714,0,0,0,0
6.662553,0,0,0,0
4.810368,0,0,0,0
6.152850,0,0,0,0
6.041041,0,0,0,0
5.365127,0,0,0,0
6.189138,0,0,0,0
5.438249,0,0,0,0
6.446038,0,0,0,0
6.926493,0,0,0,0
8.222541,0,0,0,0
5.844782,0,0,0,0
6.329940,0,0,0,0
7.475076,0,0,0,0
7.707751,0,0,0,0
8.972312,0,0,0,0
9.182587,0,0,0,0
8.182957,0,0,0,0
10.223464,0,0,0,0
9.264412,0,0,0,0
10.580557,0,0,0,0
9.112633,0,0,0,0
9.785410,0,0,0,0
6.752186,0,0,0,0
11.332952,0,0,0,0
8.769941,0,0,0,0
10.803280,0,0,0,0
7.179968,0,0,0,0
10.299049,0,0,0,0
9.563040,0,0,0,0
8.435697,0,0,0,0
10.962066,0,0,0,0
9.612480,0,0,0,0
8.680596,0,0,0,0
11.315831,0,0,0,0
12.952589,0,0,0,0
12.209027,0,0,0,0
10.892881,0,0,0,0
13.043310,0,0,0,0
11.057235,0,0,0,0
10.840881,0,0,0,0
11.835901,0,0,0,0
12.213827,0,0,0,0
14.048412,0,0,0,0
10.547693,0,0,0,0
12.372101,0,0,0,0
12.791115,0,0,0,0
11.352919,0,0,0,0
14.516354,0,0,0,0
11.362872,0,0,0,0
11.039155,0,0,0,0
15.999990,0,0,0,0
11.658076,0,0,0,0
12.500007,0,0,0,0
14.255166,0,0,0,0
11.046004,0,0,0,0
10.218057,0,0,0,0
13.663447,0,0,0,0
12.079073,0,0,0,0
13.216657,0,0,0,0
10.320586,0,0,0,0
12.357957,0,0,0,0
12.111553,0,0,0,0
13.137871,0,0,0,0
12.513479,0,0,0,0
10.613326,0,0,0,0
9.998918,0,0,0,0
11.833726,0,0,0,0
11.806110,0,0,0,0
14.301759,0,0,0,0
12.374086,0,0,0,0
12.014848,0,0,0,0
17.171461,0,0,0,0
16.121207,0,0,0,0
13.153520,0,0,0,0
13.146511,0,0,0,0
15.739058,0,0,0,0
11.626619,0,0,0,0
10.892721,0,0,0,0
13.257265,0,0,0,0
13.218704,0,0,0,0
12.928525,0,0,0,0
7.424035,0,0,0,0
5.975568,0,0,0,0
9.620992,0,0,0,0
7.352514,0,0,0,0
8.684820,0,0,0,0
8.299150,0,0,0,0
8.281774,0,0,0,0
8.484434,0,0,0,0
8.801333,0,0,0,0
9.951108,0,0,0,0
9.835107,0,0,0,0
12.512743,0,0,0,0
12.329765,0,0,0,0
12.843852,0,0,0,0
9.403358,0,0,0,0
12.038176,0,0,0,0
10.251273,0,0,0,0
12.783403,0,0,0,0
7.520996,0,0,0,0
9.585088,0,0,0,0
10.690063,0,0,0,0
11.441944,0,0,0,0
10.620302,0,0,0,0
10.467627,0,0,0,0
11.526650,0,0,0,0
10.527308,0,0,0,0
9.959077,0,0,0,0
13.229360,0,0,0,0
11.246134,0,0,0,0
14.228254,0,0,0,0
13.272434,0,0,0,0
8.262062,0,0,0,0
16.832545,0,0,0,0
15.531023,0,0,0,0
13.558709,0,0,0,0
17.916015,0,0,0,0
14.291870,0,0,0,0
15.683922,0,0,0,0
16.518908,0,0,0,0
17.592587,0,0,0,0
15.282508,0,0,0,0
21.885860,0,0,0,0
22.851761,0,0,0,0
19.002846,0,0,0,0
19.616870,0,0,0,0
20.141196,0,0,0,0
14.750309,0,0,0,0
16.716928,0,0,0,0
18.059761,0,0,0,0
21.322237,0,0,0,0
18.024849,0,0,0,0
18.236627,0,0,0,0
18.549176,0,0,0,0
15.987349,0,0,0,0
13.134832,0,0,0,0
12.394437,0,0,0,0
13.657590,0,0,0,0
16.804416,0,0,0,0
14.927111,0,0,0,0
12.812747,0,0,0,0
16.900481,0,0,0,0
14.760165,0,0,0,0
18.485303,0,0,0,0
17.147972,0,0,0,0
16.830689,0,0,0,0
15.958517,0,0,0,0
22.682127,0,0,0,0
23.263671,0,0,0,0
22.425899,0,0,0,0
17.295911,0,0,0,0
23.698460,0,0,0,0
20.644436,0,0,0,0
18.647065,0,0,0,0
10.900018,0,0,0,0
19.380419,0,0,0,0
18.040017,0,0,0,0
17.429449,0,0,0,0
18.669433,0,0,0,0
23.741373,0,0,0,0
16.716415,0,0,0,0
14.729573,0,0,0,0
12.994029,0,0,0,0
19.420356,0,0,0,0
13.123567,0,0,0,0
20.835478,0,0,0,0
12.338117,0,0,0,0
13.463284,0,0,0,0
16.039030,0,0,0,0
12.651465,0,0,0,0
11.645563,0,0,0,0
13.450388,0,0,0,0
13.506228,0,0,0,0
17.273799,0,0,0,0
22.310730,0,0,0,0
21.993638,0,0,0,0
19.155775,0,0,0,0
14.027611,0,0,0,0
15.849844,0,0,0,0
15.169770,0,0,0,0
13.507124,0,0,0,0
15.016745,0,0,0,0
21.089881,0,0,0,0
21.531743,0,0,0,0
20.946392,0,0,0,0
19.904042,0,0,0,0
16.202936,0,0,0,0
17.714860,0,0,0,0
16.804832,0,0,0,0
13.236752,0,0,0,0
14.890694,0,0,0,0
14.954600,0,0,0,0
18.220916,0,0,0,0
16.717983,0,0,0,0
13.974747,0,0,0,0
16.311258,0,0,0,0
12.535751,0,0,0,0
11.259831,0,0,0,0
17.846158,0,0,0,0
15.674897,0,0,0,0
16.502301,0,0,0,0
17.072132,0,0,0,0
17.216165,0,0,0,0
18.059217,0,0,0,0
15.810963,0,0,0,0
18.335060,0,0,0,0
16.047574,0,0,0,0
12.584456,0,0,0,0
14.734309,0,0,0,0
10.242409,0,0,0,0
11.757501,0,0,0,0
11.989856,0,0,0,0
16.464316,0,0,0,0
10.431211,0,0,0,0
9.999493,0,0,0,0
15.273068,0,0,0,0
13.228977,0,0,0,0
11.796541,0,0,0,0
15.753683,0,0,0,0
13.634998,0,0,0,0
11.499962,0,0,0,0
13.112496,0,0,0,0
12.195395,0,0,0,0
8.977912,0,0,0,0
12.852012,0,0,0,0
13.149904,0,0,0,0
11.387768,0,0,0,0
16.049078,0,0,0,0
15.095785,0,0,0,0
12.284548,0,0,0,0
14.377568,0,0,0,0
9.617024,0,0,0,0
16.634174,0,0,0,0
17.535882,0,0,0,0
10.894034,0,0,0,0
16.097015,0,0,0,0
11.206454,0,0,0,0
16.071319,0,0,0,0
15.369870,0,0,0,0
18.003696,0,0,0,0
17.094628,0,0,0,0
17.428584,0,0,0,0
16.832545,0,0,0,0
16.156344,0,0,0,0
18.488023,0,0,0,0
20.673076,0,0,0,0
19.086175,0,0,0,0
19.070462,0,0,0,0
22.223241,0,0,0,0
16.177464,0,0,0,0
19.587974,0,0,0,0
18.423190,0,0,0,0
21.809187,0,0,0,0
22.104679,0,0,0,0
22.617678,0,0,0,0
20.013707,0,0,0,0
21.862020,0,0,0,0
17.948784,0,0,0,0
22.302602,0,0,0,0
18.359669,0,0,0,0
22.942098,0,0,0,0
23.982592,0,0,0,0
24.159907,0,0,0,0
23.884479,0,0,0,0
18.296532,0,0,0,0
19.703111,0,0,0,0
19.446308,0,0,0,0
20.325744,0,0,0,0
20.505682,0,0,0,0
23.577915,0,0,0,0
19.948266,0,0,0,0
20.764949,0,0,0,0
21.683874,0,0,0,0
21.702689,0,0,0,0
23.152085,0,0,0,0
26.617828,0,0,0,0
23.042516,0,0,0,0
15.992150,0,0,0,0
14.484610,0,0,0,0
15.171083,0,0,0,0
22.384107,0,0,0,0
18.023121,0,0,0,0
13.425779,0,0,0,0
18.954941,0,0,0,0
11.136053,0,0,0,0
10.694351,0,0,0,0
17.118372,0,0,0,0
16.367610,0,0,0,0
15.390830,0,0,0,0
31.114911,0,0,0,0
21.865604,0,0,0,0
16.686942,0,0,0,0
18.688537,0,0,0,0
19.260962,0,0,0,0
20.395344,0,0,0,0
18.310293,0,0,0,0
10.778672,0,0,0,0
14.219357,0,0,0,0
9.049081,0,0,0,0
9.218171,0,0,0,0
5.855278,0,0,0,0
9.797731,0,0,0,0
9.787171,0,0,0,0
10.456396,0,0,0,0
7.980683,0,0,0,0
8.512529,0,0,0,0
8.511218,0,0,0,0
15.306604,0,0,0,0
17.332071,0,0,0,0
18.193010,0,0,0,0
16.832545,0,0,0,0
15.698737,0,0,0,0
14.202622,0,0,0,0
13.918266,0,0,0,0
15.180875,0,0,0,0
15.615728,0,0,0,0
15.815347,0,0,0,0
11.261206,0,0,0,0
15.883828,0,0,0,0
15.595184,0,0,0,0
13.137616,0,0,0,0
15.401390,0,0,0,0
15.211083,0,0,0,0
14.929287,0,0,0,0
16.649919,0,0,0,0
13.609078,0,0,0,0
14.851590,0,0,0,0
14.714276,0,0,0,0
14.096541,0,0,0,0
13.877113,0,0,0,0
11.337303,0,0,0,0
10.669518,0,0,0,0
10.678223,0,0,0,0
13.176112,0,0,0,0
13.619797,0,0,0,0
12.012737,0,0,0,0
12.497767,65535,1092778881,1093198115,1080286389
13.110383,11,-483968388,-1996954894,2067906494
