1413393216705760512.000000 -0.750871837 1.159344792 2.463485003 -0.602353215 -0.532941759 -0.441003114 0.398321569
1413393219205760512.000000 -1.286591411 0.746728957 2.713503599 -0.628772616 -0.537662566 -0.417333335 0.376027852
1413393222155760384.000000 -1.475409031 0.811919808 3.209214449 -0.608139992 -0.535587251 -0.440827310 0.385983676
1413393223005760512.000000 -1.491039038 0.971623302 3.157809734 -0.618337810 -0.553735614 -0.412863255 0.374938875
1413393224255760384.000000 -1.555949688 1.576520205 3.093376160 -0.607266486 -0.535684407 -0.446683973 0.380451113
1413393224555760384.000000 -1.611133933 1.713455200 2.985934019 -0.617385149 -0.519361556 -0.451715082 0.380857855
1413393225505760512.000000 -1.720082283 2.000486374 2.793539762 -0.685324252 -0.446492493 -0.467301667 0.335565686
1413393227905760512.000000 -1.281305909 2.676300049 2.698407412 -0.783159912 -0.227564320 -0.548215985 0.185295016
1413393228505760512.000000 -1.084069252 2.775855780 2.688342333 -0.805499792 -0.125331730 -0.570367217 0.100714266
1413393230705760512.000000 0.047284115 3.203080893 2.569275618 -0.817000747 -0.072091781 -0.567267537 0.074297532
1413393231205760512.000000 0.427332193 3.278556347 2.610941172 -0.819651783 -0.008402901 -0.572749496 -0.007645909
1413393232105760512.000000 1.049072266 3.439309359 2.540015936 0.810183704 -0.080747172 0.580517292 0.009053349
1413393232555760384.000000 1.263487577 3.369643927 2.493793964 0.803874731 -0.152938217 0.569973230 0.074335694
1413393233055760384.000000 1.494896173 3.202993870 2.394297838 0.803296268 -0.169244632 0.561449885 0.104141302
1413393233305760512.000000 1.618938446 3.097425938 2.402459860 0.800292194 -0.166068032 0.564271092 0.116413496
1413393233705760512.000000 1.810222507 2.930912256 2.512143373 0.783000767 -0.214472160 0.562038600 0.158190310
1413393233855760384.000000 1.876409650 2.877877474 2.580520630 0.773298323 -0.234680250 0.560722530 0.180347487
1413393234005760512.000000 1.939965725 2.833206415 2.647993088 0.760211706 -0.257899046 0.565056205 0.190467104
1413393234155760384.000000 1.997168899 2.794971704 2.709389687 0.753844321 -0.287414193 0.557446778 0.195869625
1413393234505760512.000000 2.085509062 2.707526684 2.783666134 0.695820212 -0.352378368 0.593802094 0.197643086
1413393234755760384.000000 2.043657303 2.644585371 2.836004019 0.701570809 -0.359191120 0.550483108 0.275224566
1413393235005760512.000000 1.961295843 2.615607977 2.895978689 0.700974584 -0.405227959 0.505419970 0.298287779
1413393237905760512.000000 2.017714500 2.243605614 2.800487280 0.533608437 -0.615741611 0.403346270 0.416456729
1413393238405760512.000000 2.044383764 2.128416300 2.817585707 0.553088784 -0.612812340 0.365244389 0.430291027
1413393239255760384.000000 2.044884443 1.745866179 2.855435610 0.534866393 -0.613761306 0.371464550 0.446350873
1413393239955760384.000000 2.055148840 1.394317508 2.902777672 0.520451665 -0.631496012 0.392214239 0.420132011
1413393242605760512.000000 1.932680488 0.375211000 2.730256557 0.511973560 -0.634670198 0.396555960 0.421687454
1413393244705760512.000000 1.829374075 0.317783117 2.700931787 0.626331747 -0.502755582 0.469019502 0.367377400
1413393247405760512.000000 1.920306325 0.761412144 2.446544886 0.674055099 -0.477967918 0.466277629 0.315882295
1413393247905760512.000000 1.959776044 0.740355432 2.340426207 0.669436395 -0.481267512 0.488006651 0.286506712
1413393250355760384.000000 1.732482910 0.632844150 2.255483866 0.663375139 -0.474681944 0.464013487 0.345401198
1413393251055760384.000000 1.877785087 0.660989225 2.204905033 0.653371096 -0.495171934 0.467173904 0.331148922
1413393252605760512.000000 1.875354409 0.832618892 2.387151480 0.405624956 -0.710961819 0.301306784 0.489097089
1413393253105760512.000000 1.859012723 0.871342063 2.373634577 0.379390150 -0.720412076 0.256838173 0.520676255
1413393253605760512.000000 1.861207843 0.816646338 2.403469563 0.367322296 -0.738359988 0.260230511 0.502174199
1413393256305760512.000000 1.513497591 0.041160159 2.773755312 0.282211959 -0.770530283 0.198230803 0.536044896
1413393256755760384.000000 1.383846998 -0.078356117 2.797131062 0.288834989 -0.769267559 0.202844560 0.532593608
1413393257005760512.000000 1.299247384 -0.163335055 2.778698444 0.293486923 -0.764771163 0.210399553 0.533594131
1413393257305760512.000000 1.196995854 -0.277929604 2.742435932 0.290375352 -0.764118910 0.219165847 0.532701552
1413393258055760384.000000 0.901234746 -0.568993211 2.657691956 0.287317544 -0.763557494 0.198674470 0.543099523
1413393260305760512.000000 0.503056645 -1.437689185 2.740968943 0.676984668 -0.449030519 0.491639197 0.313614815
1413393261505760512.000000 0.534364820 -1.410349846 2.699807167 0.720653832 -0.394070417 0.501029849 0.272645742
1413393264355760384.000000 1.070070744 -1.916678071 2.456742048 0.785636246 -0.238090739 0.547622085 0.161859617
1413393266805760512.000000 1.297840476 -1.862834454 2.485872269 -0.798532963 -0.099275060 -0.586629093 0.091410987
1413393269655760384.000000 1.146262884 -1.948759675 2.501285553 -0.787624002 -0.165412828 -0.576483667 0.141257644
1413393270555760384.000000 1.100647449 -1.960510850 2.247540474 -0.803550005 -0.171113506 -0.555519581 0.128161818
1413393271055760384.000000 1.136159062 -1.961826086 2.265105724 -0.806017458 -0.142279595 -0.569456041 0.076238781
1413393271255760384.000000 1.158794522 -1.938119054 2.274675846 -0.801501989 -0.137079030 -0.577711046 0.071091019
1413393271705760512.000000 1.173153162 -1.837977171 2.250187874 -0.802105606 -0.083842069 -0.589252770 0.048768379
1413393272405760512.000000 1.132828236 -1.624121904 2.302136183 0.809763730 -0.002994993 0.586719334 -0.005852191
1413393275205760512.000000 0.949547112 -0.908346176 2.596351862 0.631735086 -0.494437158 0.473830670 0.363217860
1413393276505760512.000000 0.685626030 -0.722441196 2.684155703 0.553003550 -0.593780279 0.389804929 0.435504407
1413393277505760512.000000 0.524956226 -0.825623751 2.646368980 0.553390861 -0.596402586 0.397034168 0.424766392
1413393277955760384.000000 0.452475399 -0.904761732 2.630053997 0.513806939 -0.614350975 0.404357463 0.441667616
1413393278355760384.000000 0.351092756 -0.917170584 2.592532396 0.455217421 -0.673904598 0.361641943 0.455900103
1413393278855760384.000000 0.107922994 -0.907137096 2.608376980 0.442341000 -0.685254693 0.327891111 0.476705343
1413393279355760384.000000 -0.181057453 -0.915841341 2.632326603 0.466967046 -0.676314831 0.311863273 0.476740360
1413393279855760384.000000 -0.391475618 -0.999400198 2.608787537 0.472844929 -0.660325050 0.327447593 0.482873172
1413393280355760384.000000 -0.522109628 -1.103521466 2.608357191 0.464186966 -0.658439755 0.362455249 0.468629718
1413393280855760384.000000 -0.688311398 -1.122442961 2.597191572 0.460249692 -0.673775613 0.381815165 0.434066564
1413393281255760384.000000 -0.937492490 -1.104605556 2.574251890 0.487445742 -0.656879723 0.347259581 0.458602816
1413393281555760384.000000 -1.127774954 -1.109611034 2.599673986 0.487686306 -0.655451655 0.337656468 0.467475384
1413393281755760384.000000 -1.237161636 -1.124139309 2.623025894 0.479083925 -0.653684020 0.338690579 0.477979630
1413393282055760384.000000 -1.370515585 -1.144065022 2.668043613 0.462385714 -0.661230922 0.346973717 0.478102863
1413393282355760384.000000 -1.491142273 -1.150861740 2.721204519 0.458553910 -0.675025523 0.347475588 0.461876333
1413393282555760384.000000 -1.579714775 -1.157825232 2.760740757 0.467971832 -0.662132323 0.336594969 0.478839308
1413393282855760384.000000 -1.688295960 -1.172788858 2.765683889 0.474239618 -0.647054195 0.351014376 0.482914776
1413393283255760384.000000 -1.773203373 -1.181338787 2.776007175 0.542609215 -0.614807606 0.371484727 0.435414791
1413393283555760384.000000 -1.799246311 -1.210564256 2.784232855 0.593365371 -0.568765223 0.404201776 0.401303560
1413393284055760384.000000 -1.775561213 -1.292421341 2.684204340 0.662816226 -0.477028996 0.463333696 0.344151020
1413393284405760512.000000 -1.708445549 -1.340084791 2.644054174 0.709773779 -0.399812877 0.500464022 0.293098420
1413393284655760384.000000 -1.638356447 -1.361328602 2.630645275 0.738529027 -0.340717703 0.526750982 0.247022018
1413393284905760512.000000 -1.560923100 -1.372757912 2.620042562 0.767285764 -0.286905110 0.544835985 0.179198012
1413393285105760512.000000 -1.499665499 -1.390845656 2.617687702 0.785317898 -0.232924893 0.557475626 0.135066092
1413393285355760384.000000 -1.427149057 -1.433203697 2.619850874 0.800309062 -0.164396286 0.570152104 0.086057030
1413393286755760384.000000 -1.134500861 -1.827628374 2.614205837 0.813884735 -0.006316502 0.580991507 0.000807679
1413393287005760512.000000 -1.100246668 -1.889042735 2.615720510 -0.816092193 -0.016565925 -0.577222824 -0.023086393
1413393287255760384.000000 -1.056276917 -1.901761413 2.629010916 -0.816693187 -0.044396974 -0.575280368 0.009680626
1413393289955760384.000000 -0.370766401 -1.889864802 2.625071526 -0.763637960 -0.274471998 -0.548746943 0.200995252
1413393292855760384.000000 0.060177550 -1.887718081 2.465401888 -0.729601204 -0.339877933 -0.544743359 0.235413939
1413393294255760384.000000 -0.480132252 -1.918040156 2.588054657 -0.722134650 -0.358291686 -0.533267856 0.256464332
1413393294755760384.000000 -0.779706776 -1.899332166 2.618639469 -0.737627327 -0.349000424 -0.520653486 0.251047313
1413393295005760512.000000 -0.934816957 -1.879208565 2.631377935 -0.741050482 -0.346624732 -0.518100500 0.249534592
1413393295455760384.000000 -1.195292592 -1.817582965 2.670694590 -0.745389879 -0.338432938 -0.513349771 0.257544398
1413393295705760512.000000 -1.315926671 -1.778717041 2.674476862 -0.748580217 -0.330607712 -0.507577062 0.269614160
1413393296605760512.000000 -1.635200739 -1.594697475 2.632083178 -0.751473427 -0.335567236 -0.513151228 0.243635520
1413393296905760512.000000 -1.723704576 -1.490829110 2.570024967 -0.762162685 -0.307330549 -0.518693924 0.235823125
1413393297255760384.000000 -1.782310486 -1.367814183 2.522318840 -0.768308580 -0.287308156 -0.526372731 0.223803103
1413393297605760512.000000 -1.799275875 -1.248734474 2.487686396 -0.767813206 -0.282494485 -0.532434762 0.217193484
1413393297905760512.000000 -1.786388040 -1.153126240 2.460792780 -0.765701473 -0.274887145 -0.532890618 0.232735902
1413393300855760384.000000 -1.507969260 -0.428712308 2.512224197 -0.715373337 -0.385526687 -0.504545927 0.291622579
1413393301155760384.000000 -1.509548664 -0.399185359 2.482336283 -0.684597194 -0.414924890 -0.511152685 0.312869042
1413393301355760384.000000 -1.525326252 -0.386611313 2.428071499 -0.668839514 -0.437091261 -0.501538455 0.331759274
1413393301755760384.000000 -1.598603725 -0.399270743 2.352819681 -0.636305809 -0.508627594 -0.456375033 0.357959092
1413393301955760384.000000 -1.648081183 -0.407641500 2.333501339 -0.623108685 -0.527447343 -0.448278159 0.364117444
1413393302155760384.000000 -1.709489465 -0.409152180 2.322587490 -0.617531776 -0.530918181 -0.447012573 0.370081425
1413393302555760384.000000 -1.862250686 -0.397273153 2.328564644 -0.631623983 -0.512619793 -0.441660076 0.378428906
1413393303805760512.000000 -2.180607080 -0.299907207 2.565804243 -0.635715485 -0.506035686 -0.457643896 0.361048222
1413393304055760384.000000 -2.241464853 -0.272623807 2.633960247 -0.643719196 -0.496609390 -0.448726118 0.371011734
1413393304455760384.000000 -2.306124926 -0.223884717 2.622724295 -0.645024419 -0.513958871 -0.443042040 0.351430863
1413393305255760384.000000 -2.418165922 -0.015166465 2.601902723 -0.631503999 -0.523600936 -0.447053164 0.356634647
1413393305805760512.000000 -2.534714460 0.192180485 2.658960342 -0.646933973 -0.500399113 -0.464600354 0.339446187
1413393306205760512.000000 -2.676907778 0.376002371 2.721776724 -0.656328380 -0.482058585 -0.475910276 0.332207739
1413393307255760384.000000 -3.024334908 0.865874887 2.726865768 -0.742447793 -0.343343019 -0.508825243 0.268298209
1413393307555760384.000000 -3.032556295 0.967624485 2.738931417 -0.768129647 -0.291604728 -0.527917564 0.215050161
1413393307955760384.000000 -3.002389669 1.111462235 2.774122477 -0.792902052 -0.209495574 -0.553846538 0.143777966
1413393309555760384.000000 -2.853700876 1.734829903 2.645184994 0.808381617 -0.087077938 0.578735530 0.063260756
1413393309805760512.000000 -2.840408564 1.804557323 2.629712582 0.819516838 -0.086079955 0.564180315 0.051798239
1413393310105760512.000000 -2.798143148 1.868413925 2.622551203 0.818272054 -0.093162097 0.566445351 0.029858047
1413393310605760512.000000 -2.691670656 1.902804732 2.623903513 0.811467052 -0.075221740 0.577316761 0.050678857
1413393311905760512.000000 -2.290226460 1.815257192 2.482623339 0.809062600 -0.078397915 0.578524649 0.067680672
1413393314055760384.000000 -1.718579888 1.718748450 2.506470680 0.808906436 -0.076459415 0.581030011 0.047208026
1413393316655760384.000000 -1.217013717 1.998998642 2.747602701 -0.807435453 -0.084328331 -0.580636024 0.061633065
1413393317205760512.000000 -1.133380532 2.216859579 2.788151741 -0.800452888 -0.099589258 -0.587205887 0.067426734
1413393317705760512.000000 -1.110843301 2.438236952 2.738435507 -0.795208573 -0.092770755 -0.595436156 0.067027219
1413393318205760512.000000 -1.181418538 2.665617466 2.626227379 -0.808553815 -0.075214423 -0.580534160 0.059695549
1413393318505760512.000000 -1.241504192 2.800556183 2.548799992 -0.809345424 -0.056241352 -0.580313325 0.070946813
1413393318955760384.000000 -1.310970187 2.991801500 2.345088720 -0.792566001 -0.053856663 -0.603897214 0.065166607
1413393319405760512.000000 -1.411260486 3.064346552 2.309934855 -0.809353650 -0.057934906 -0.580519259 0.067732960
1413393319755760384.000000 -1.527716517 3.080907106 2.264719248 -0.824698687 -0.056532491 -0.557691157 0.075211853
1413393320205760512.000000 -1.792693138 3.113456964 2.216212988 -0.799964130 -0.073876068 -0.593474805 0.048861735
1413393320455760384.000000 -2.060599327 3.161600113 2.307443142 -0.806482792 -0.066921063 -0.585258901 0.050783932
1413393320555760384.000000 -2.175730228 3.184191227 2.367635727 -0.810372770 -0.065814912 -0.580185592 0.048468240
1413393320655760384.000000 -2.292375088 3.207747936 2.418265820 -0.811811566 -0.065768667 -0.578513980 0.044250511
1413393320755760384.000000 -2.409780741 3.234035254 2.444410086 -0.810980618 -0.065615915 -0.579829812 0.042453941
1413393321255760384.000000 -3.076884508 3.267092705 2.732970953 -0.791070342 -0.062278766 -0.607391596 0.037478667
1413393321755760384.000000 -3.772119999 3.273571491 3.063659906 -0.796281993 -0.052493703 -0.601103723 0.043053269
1413393322255760384.000000 -4.530575275 3.254296780 3.442026615 -0.795466721 -0.052417755 -0.602171659 0.043295212
1413393322755760384.000000 -5.352125168 3.207576990 3.857641459 -0.795612752 -0.052534647 -0.601951957 0.043523513
1413393323255760384.000000 -6.234533787 3.133991480 4.311615467 -0.795672655 -0.052586552 -0.601848125 0.043802302
1413393323755760384.000000 -7.175442696 3.035215139 4.799032211 -0.795880497 -0.052416001 -0.601568162 0.044075880
1413393324255760384.000000 -8.173377991 2.910189629 5.324767113 -0.796059787 -0.052375246 -0.601325393 0.044198181
1413393324755760384.000000 -9.227492332 2.756552935 5.888176918 -0.796229839 -0.052435078 -0.601079702 0.044405706
1413393325255760384.000000 -10.336662292 2.572614193 6.485410213 -0.796379924 -0.052456245 -0.600854635 0.044734288
1413393325755760384.000000 -11.498548508 2.356015444 7.116121292 -0.796429992 -0.052160334 -0.600810945 0.044774212
