1403636626013555456.000000 6.032599926 -11.730072975 -23.120376587 -0.548522592 -0.602047980 -0.382951736 0.435900390
1403636627263555584.000000 6.099799633 -11.707584381 -23.014371872 -0.544036627 -0.609780371 -0.376160979 0.436686307
1403636627513555456.000000 6.121799946 -11.723368645 -22.956838608 -0.545963943 -0.603971064 -0.376255095 0.442238063
1403636627763555584.000000 6.151902676 -11.743135452 -22.947574615 -0.565892398 -0.598671854 -0.376607388 0.423703521
1403636628013555456.000000 6.184876442 -11.747933388 -22.971837997 -0.587786257 -0.593260467 -0.379767358 0.397902012
1403636628463555584.000000 6.237711906 -11.686234474 -22.896263123 -0.587390661 -0.561995387 -0.397844136 0.425268769
1403636628813555456.000000 6.311091423 -11.649505615 -22.873043060 -0.590941250 -0.565158546 -0.397643358 0.416249931
1403636629263555584.000000 6.439070702 -11.621721268 -22.835659027 -0.613403261 -0.554026842 -0.407832891 0.387895793
1403636629413555456.000000 6.483108521 -11.606782913 -22.826519012 -0.620068967 -0.539930701 -0.413720161 0.390928328
1403636632313555456.000000 7.595717430 -10.805285454 -22.919385910 -0.668971360 -0.470789343 -0.470986515 0.330161214
1403636632763555584.000000 7.683438301 -10.619674683 -22.996524811 -0.675530434 -0.485944867 -0.430622339 0.349400640
1403636633113555456.000000 7.766817570 -10.448999405 -23.005443573 -0.622806370 -0.537071824 -0.427498430 0.375381410
1403636633513555456.000000 7.854176044 -10.245641708 -23.050998688 -0.619554639 -0.548556983 -0.408528715 0.385151476
1403636634363555584.000000 8.102255821 -9.697008133 -23.077554703 -0.624267340 -0.537545025 -0.415728569 0.385364175
1403636634763555584.000000 8.253706932 -9.410822868 -23.080879211 -0.603992641 -0.548758805 -0.424030215 0.392753303
1403636634963555584.000000 8.317514420 -9.278996468 -23.078817368 -0.599923193 -0.560390234 -0.413103312 0.394209057
1403636635313555456.000000 8.412110329 -9.050758362 -23.068401337 -0.597070575 -0.570478618 -0.401163876 0.396394223
1403636635763555584.000000 8.531790733 -8.741162300 -23.040309906 -0.602255344 -0.562049150 -0.394047916 0.407572687
1403636636063555584.000000 8.639854431 -8.519674301 -22.956378937 -0.609242558 -0.560696721 -0.387692422 0.405138552
1403636636513555456.000000 8.834506035 -8.178676605 -22.806388855 -0.581655204 -0.555893600 -0.427105844 0.412601799
1403636636913555456.000000 8.964862823 -7.944516182 -22.763801575 -0.571759820 -0.570140064 -0.439823210 0.393175125
1403636637513555456.000000 9.024936676 -7.681383610 -22.818464279 -0.591642022 -0.572590649 -0.402737975 0.399877220
1403636637963555584.000000 9.051859856 -7.454547405 -22.725843430 -0.586740196 -0.571176589 -0.404725224 0.407051325
1403636640463555584.000000 9.599002838 -5.937615395 -22.914728165 -0.558426261 -0.590411127 -0.397059262 0.426519454
1403636640813555456.000000 9.686890602 -5.765748501 -22.944847107 -0.555227518 -0.596628606 -0.391452789 0.427225232
1403636641163555584.000000 9.759301186 -5.618198395 -22.949605942 -0.555165768 -0.597352684 -0.391941696 0.425843328
1403636641513555456.000000 9.819457054 -5.495948315 -22.995019913 -0.561069727 -0.590032578 -0.386624604 0.433109522
1403636641913555456.000000 9.895425797 -5.396322250 -23.003290176 -0.558323383 -0.591557443 -0.393929392 0.427965581
1403636642263555584.000000 9.958655357 -5.320460796 -22.953216553 -0.572562516 -0.574106693 -0.407804668 0.419844210
1403636642463555584.000000 9.992028236 -5.289714336 -22.954437256 -0.582893133 -0.562418163 -0.415209681 0.414152592
1403636642763555584.000000 10.036286354 -5.259231567 -22.999235153 -0.599513650 -0.562467754 -0.407411724 0.397780240
1403636643263555584.000000 10.109055519 -5.191411495 -23.004060745 -0.598263264 -0.556474745 -0.410226434 0.405131012
1403636643713555456.000000 10.192870140 -5.098571777 -22.985326767 -0.605436563 -0.569866180 -0.393927872 0.391816080
1403636644063555584.000000 10.272730827 -4.972229481 -22.943046570 -0.607615530 -0.577849448 -0.387917131 0.382640421
1403636644513555456.000000 10.384529114 -4.718876362 -22.984336853 -0.602360964 -0.545454860 -0.397001535 0.426649928
1403636644963555584.000000 10.571917534 -4.486690521 -23.154006958 -0.591713071 -0.559448957 -0.416481793 0.404271573
1403636645313555456.000000 10.720436096 -4.326623440 -23.240850449 -0.616630495 -0.577057898 -0.382894576 0.374383211
1403636645763555584.000000 10.910517693 -4.001551151 -23.298152924 -0.606669784 -0.568323791 -0.399946481 0.386008650
1403636646163555584.000000 11.079035759 -3.646492958 -23.254552841 -0.620207489 -0.538138568 -0.412594825 0.394354135
1403636646513555456.000000 11.264268875 -3.349003792 -23.216470718 -0.656264961 -0.467679143 -0.461652160 0.370769382
1403636646813555456.000000 11.433286667 -3.146858454 -23.172546387 -0.671301067 -0.448365539 -0.479601920 0.343955368
1403636647313555456.000000 11.691581726 -2.885242701 -23.073156357 -0.680043995 -0.450358450 -0.472331643 0.334096223
1403636647663555584.000000 11.869399071 -2.735580921 -23.063545227 -0.672357142 -0.441905260 -0.477255583 0.353387624
1403636648013555456.000000 12.063796043 -2.635715723 -23.047868729 -0.684781790 -0.431032002 -0.484569103 0.332382500
1403636648463555584.000000 12.316982269 -2.593705654 -23.135999680 -0.732575357 -0.347373158 -0.518263578 0.272154748
1403636648813555456.000000 12.492955208 -2.614923239 -23.200382233 -0.761255264 -0.304161131 -0.524820745 0.229215235
1403636649313555456.000000 12.753837585 -2.626281738 -23.122188568 -0.754091740 -0.300534248 -0.538532794 0.225847989
1403636649663555584.000000 12.922903061 -2.632511377 -22.975553513 -0.751123190 -0.303848088 -0.536792338 0.235253796
1403636650013555456.000000 13.068393707 -2.669143915 -22.861053467 -0.753685296 -0.284914076 -0.549101949 0.221967444
1403636650363555584.000000 13.180083275 -2.748061419 -22.856561661 -0.770857036 -0.239784688 -0.558839202 0.189688087
1403636650713555456.000000 13.255372047 -2.859882355 -22.913465500 -0.798129499 -0.180605218 -0.557607174 0.139446273
1403636651063555584.000000 13.310790062 -2.966980934 -22.927400589 -0.792532384 -0.162727147 -0.573391736 0.128973499
1403636651563555584.000000 13.339946747 -3.124453306 -22.857767105 -0.795393586 -0.173545077 -0.564710975 0.135398671
1403636652013555456.000000 13.324954033 -3.293909311 -22.876745224 -0.792684674 -0.134137765 -0.578706980 0.136953428
1403636652213555456.000000 13.305209160 -3.403052807 -22.910888672 -0.805709660 -0.091191635 -0.578367770 0.089480311
1403636652513555456.000000 13.247209549 -3.582387209 -22.992181778 -0.827168405 -0.014759431 -0.561031997 0.028596537
1403636652813555456.000000 13.220977783 -3.752086163 -23.021270752 0.836831391 -0.011205807 0.547323287 -0.004988916
1403636653213555456.000000 13.268233299 -3.963861942 -23.007482529 0.822700858 -0.004014509 0.568446577 -0.003955710
1403636653613555456.000000 13.335946083 -4.150643349 -22.998828888 -0.813308775 -0.011496252 -0.581571519 0.013087116
1403636654063555584.000000 13.359477043 -4.331976891 -22.985820770 -0.809655309 -0.013173117 -0.586381912 0.020999935
1403636654363555584.000000 13.336032867 -4.450323105 -23.004100800 0.810656190 -0.009767128 0.585425079 -0.004328375
1403636654713555456.000000 13.280689240 -4.588985920 -22.955934525 0.816406488 -0.064023681 0.572955072 0.033226732
1403636655163555584.000000 13.209991455 -4.743312836 -22.961677551 0.803972721 -0.087050289 0.585812092 0.053613614
1403636655563555584.000000 13.104305267 -4.864949226 -22.999595642 0.797608316 -0.117246002 0.588063419 0.065236166
1403636655713555456.000000 13.039962769 -4.909077168 -23.008863449 0.805502117 -0.139249489 0.571466744 0.072123684
1403636656163555584.000000 12.839069366 -5.066601276 -23.118675232 0.799261451 -0.202321634 0.554959118 0.110758185
1403636656363555584.000000 12.750300407 -5.149913788 -23.120475769 0.800238907 -0.210289538 0.548357487 0.121244028
1403636656563555584.000000 12.673742294 -5.241731644 -23.088764191 0.800903082 -0.209044546 0.547222853 0.124104097
1403636657013555456.000000 12.517538071 -5.458201408 -23.061262131 0.781735659 -0.193376482 0.579019308 0.127403587
1403636657163555584.000000 12.453226089 -5.522716045 -23.081403732 0.779889166 -0.194593906 0.582520366 0.120732173
1403636657463555584.000000 12.297078133 -5.646067619 -23.102943420 0.790619910 -0.202148005 0.567727506 0.108359627
1403636657913555456.000000 12.042084694 -5.868028164 -23.170198441 0.794920921 -0.217242867 0.557502449 0.100485675
1403636658113555456.000000 11.925359726 -5.994361401 -23.191284180 0.797581375 -0.217596948 0.552102864 0.108157739
1403636658263555584.000000 11.837388039 -6.100685596 -23.192085266 0.799388528 -0.211266547 0.548996627 0.122258812
1403636658563555584.000000 11.677208900 -6.318169117 -23.218025208 0.802815616 -0.203493491 0.542823851 0.139355019
1403636659013555456.000000 11.501237869 -6.604138374 -23.298414230 0.792209029 -0.198002487 0.557801425 0.148517430
1403636659363555584.000000 11.384194374 -6.765873909 -23.396478653 0.788598061 -0.201227352 0.563144863 0.143137738
1403636659663555584.000000 11.285727501 -6.874221802 -23.443767548 0.793587029 -0.201547071 0.555556297 0.144761086
1403636659813555456.000000 11.241392136 -6.919152737 -23.475414276 0.790943682 -0.202150404 0.558340788 0.147644207
1403636660263555584.000000 11.124114037 -7.013115883 -23.634563446 0.804586053 -0.209462494 0.536122739 0.146079928
1403636660463555584.000000 11.098707199 -7.047014236 -23.700271606 0.815879822 -0.212217495 0.518473327 0.143140957
1403636660913555456.000000 11.142827034 -7.110441685 -23.833683014 0.792492688 -0.190780908 0.553909540 0.169534981
1403636661113555456.000000 11.178957939 -7.104782581 -23.924348831 0.788130105 -0.196764842 0.560752690 0.160283789
1403636661563555584.000000 11.246668816 -7.020107269 -24.084264755 0.786322296 -0.203876093 0.563786030 0.149255440
1403636662013555456.000000 11.271830559 -6.882058144 -24.094257355 0.780963838 -0.211893380 0.572258174 0.133105978
1403636662413555456.000000 11.235980988 -6.757717609 -24.053632736 0.790239215 -0.201287821 0.558620870 0.151485488
1403636663263555584.000000 11.176241875 -6.526194572 -24.178550720 0.803197682 -0.230170503 0.535735667 0.121993415
1403636663513555456.000000 11.182394028 -6.530052185 -24.234643936 0.816372216 -0.211802945 0.516431034 0.148239940
1403636663963555584.000000 11.332623482 -6.543588161 -24.352138519 0.813271046 -0.184328154 0.522978127 0.176372468
1403636665413555456.000000 12.281431198 -5.955654621 -24.470420837 0.799698949 -0.178740591 0.562267482 0.111304805
1403636665763555584.000000 12.473585129 -5.787251472 -24.421316147 0.802404821 -0.166166678 0.556538165 0.137114748
1403636667763555584.000000 13.229470253 -4.919432640 -24.380819321 0.808642328 -0.177922919 0.550821602 0.105055600
1403636668163555584.000000 13.365307808 -4.806777477 -24.377706528 0.806852579 -0.177907616 0.551712394 0.113804080
1403636668613555456.000000 13.547756195 -4.700091839 -24.458135605 0.805625141 -0.180561215 0.549304008 0.128961220
1403636668963555584.000000 13.718813896 -4.596081257 -24.517894745 0.798578739 -0.167902634 0.557232559 0.153533980
1403636669113555456.000000 13.793819427 -4.528662682 -24.521318436 0.793020666 -0.176520184 0.565528452 0.141902477
1403636669863555584.000000 14.081098557 -4.074700832 -24.601303101 0.771570981 -0.187981889 0.595830381 0.119696505
1403636670163555584.000000 14.099146843 -3.875778675 -24.582609177 0.777774394 -0.211214364 0.587184012 0.075303003
1403636670613555456.000000 13.959231377 -3.747953892 -24.539422989 0.776776671 -0.191527992 0.599839866 0.011283994
1403636670713555456.000000 13.895833969 -3.762138128 -24.519643784 0.780858994 -0.172966227 0.600284278 -0.000870623
1403636671113555456.000000 13.544261932 -3.996165276 -24.421318054 0.782718599 -0.084152304 0.611165881 -0.082135230
1403636672363555584.000000 12.389594078 -5.625671387 -23.967733383 -0.848860145 -0.114740103 -0.515909493 0.010426203
1403636672663555584.000000 12.366477013 -5.816641808 -23.919990540 -0.812679827 -0.100695319 -0.573081255 0.031462766
1403636673163555584.000000 12.349843979 -5.977347851 -24.021570206 -0.821859956 -0.136490852 -0.548718989 0.069455341
1403636673663555584.000000 12.436352730 -5.971580029 -24.009771347 -0.821764827 -0.165439650 -0.538755536 0.084111802
1403636676513555456.000000 13.611710548 -4.441796780 -24.468217850 -0.733796477 -0.380096495 -0.516628742 0.223973632
1403636678063555584.000000 13.901584625 -3.306196213 -24.539825439 -0.652526438 -0.493501216 -0.434750766 0.376374274
1403636678563555584.000000 13.971294403 -3.095119238 -24.506063461 -0.596210599 -0.560838819 -0.412707537 0.399581343
1403636678963555584.000000 14.009538651 -2.946240187 -24.462491989 -0.518236697 -0.635016024 -0.399383515 0.410704613
1403636679213555456.000000 13.982145309 -2.866197109 -24.482254028 -0.487222910 -0.651632786 -0.367210686 0.450715989
1403636679413555456.000000 13.940121651 -2.816269398 -24.495525360 -0.460053802 -0.665122151 -0.331958205 0.485558152
1403636680263555584.000000 13.836793900 -2.760885954 -24.268800735 -0.388173699 -0.702489376 -0.329549223 0.497219503
1403636680713555456.000000 13.699369431 -2.913659573 -24.184923172 -0.397787184 -0.707499266 -0.334367812 0.478965998
1403636683363555584.000000 12.198827744 -4.288519859 -24.112182617 -0.417066485 -0.695397556 -0.304337412 0.499856532
1403636685713555456.000000 11.209638596 -5.874112606 -24.105199814 -0.413114190 -0.704010308 -0.299282342 0.494101554
1403636688463555584.000000 10.374246597 -7.417772770 -24.367292404 -0.411486804 -0.702842772 -0.290906489 0.502059817
1403636689063555584.000000 10.212435722 -7.716497898 -24.526990891 -0.398049325 -0.717689455 -0.281362772 0.497306466
1403636689213555456.000000 10.157719612 -7.788353443 -24.535951614 -0.395804316 -0.722035885 -0.269527972 0.499357402
1403636689513555456.000000 10.046065331 -7.912595749 -24.498893738 -0.389640898 -0.726934671 -0.260126114 0.502075970
1403636689713555456.000000 9.974704742 -7.983895302 -24.445222855 -0.395957291 -0.730167270 -0.248065144 0.498535275
1403636690063555584.000000 9.855030060 -8.046632767 -24.384052277 -0.410562485 -0.720942259 -0.234651849 0.506576002
1403636690313555456.000000 9.787173271 -8.032211304 -24.353971481 -0.402350783 -0.728063166 -0.251185149 0.494918168
1403636690663555584.000000 9.688949585 -7.951026440 -24.293525696 -0.410311133 -0.718120098 -0.241910771 0.507373095
1403636691513555456.000000 9.855230331 -7.598126888 -24.294462204 -0.383601606 -0.702636719 -0.265556306 0.537244320
1403636691663555584.000000 9.959848404 -7.557076454 -24.245840073 -0.381437749 -0.713442504 -0.263690799 0.525330544
1403636692063555584.000000 10.244506836 -7.467533588 -24.141256332 -0.378075421 -0.713340819 -0.265320897 0.527075589
1403636693363555584.000000 10.991584778 -7.394631386 -23.649129868 -0.384876132 -0.734510124 -0.264766067 0.492203414
1403636693613555456.000000 11.046291351 -7.388095856 -23.615919113 -0.395417958 -0.744365215 -0.246002436 0.478589445
1403636694063555584.000000 11.075583458 -7.276827335 -23.586990356 -0.379736125 -0.721810222 -0.264765114 0.514480174
1403636696913555456.000000 11.166304588 -6.679816723 -23.678489685 -0.391021371 -0.710681617 -0.282099813 0.512302399
1403636699363555584.000000 10.456815720 -7.225304604 -23.780105591 -0.654061556 -0.499273062 -0.430589229 0.370840609
1403636701163555584.000000 10.520430565 -7.511477470 -24.152456284 -0.745594621 -0.357965678 -0.500165820 0.256482869
1403636701663555584.000000 10.654670715 -7.576040745 -24.122470856 -0.730767787 -0.368179411 -0.509327829 0.266472399
1403636702113555456.000000 10.787449837 -7.620903969 -24.146764755 -0.752435088 -0.321720451 -0.521187186 0.242283642
1403636704813555456.000000 11.804759026 -7.534470558 -24.627315521 -0.783898115 -0.296074986 -0.510967851 0.191716880
1403636705013555456.000000 11.910896301 -7.484910011 -24.659252167 -0.788797557 -0.300870389 -0.501596332 0.188882396
1403636706113555456.000000 12.610094070 -6.881663322 -24.794237137 -0.767458081 -0.275729328 -0.530271709 0.231934339
1403636706913555456.000000 13.108165741 -6.442716599 -24.857452393 -0.771647453 -0.302767545 -0.524156690 0.195324913
1403636707313555456.000000 13.331795692 -6.171007633 -24.820343018 -0.771121025 -0.293488741 -0.532375097 0.189244956
1403636709113555456.000000 14.417021751 -4.819493294 -24.882303238 -0.753612161 -0.283544034 -0.559869051 0.195494592
1403636709363555584.000000 14.516565323 -4.678293228 -24.871969223 -0.763441563 -0.282753646 -0.549626410 0.187398583
1403636709663555584.000000 14.596250534 -4.501268864 -24.885238647 -0.766890585 -0.286140412 -0.544602811 0.182785153
1403636710113555456.000000 14.654006958 -4.199130058 -24.914077759 -0.762916207 -0.291891366 -0.545177460 0.188520119
1403636710813555456.000000 14.633743286 -3.705773354 -25.066623688 -0.744471848 -0.325374156 -0.524305463 0.254945427
1403636711263555584.000000 14.612072945 -3.456672668 -25.115245819 -0.713095248 -0.388447702 -0.521766365 0.261464238
1403636711513555456.000000 14.566496849 -3.333414078 -25.107585907 -0.703955710 -0.378609359 -0.531503141 0.280367106
1403636711763555584.000000 14.491870880 -3.231031418 -25.086912155 -0.699820042 -0.376073062 -0.541864693 0.274232924
1403636712213555456.000000 14.286424637 -3.118607998 -25.015415192 -0.719935954 -0.363974363 -0.515768707 0.288439870
1403636713013555456.000000 13.837120056 -3.117998600 -24.782207489 -0.682062030 -0.422564894 -0.509111106 0.311506301
1403636713313555456.000000 13.625767708 -3.199033976 -24.706037521 -0.686081529 -0.423444897 -0.501212597 0.314281166
1403636713763555584.000000 13.309617043 -3.362532616 -24.523292542 -0.700692177 -0.412668467 -0.485355318 0.321193695
1403636715813555456.000000 12.541735649 -4.145083427 -24.296932220 -0.630441725 -0.504201174 -0.450332671 0.381477326
1403636716313555456.000000 12.483419418 -4.312215328 -24.248844147 -0.640705884 -0.499420166 -0.451117456 0.369551778
1403636716613555456.000000 12.452131271 -4.445782185 -24.239345551 -0.643088758 -0.499566197 -0.452401876 0.363597363
1403636717013555456.000000 12.402061462 -4.630600929 -24.277610779 -0.610760331 -0.538670123 -0.429267079 0.390558809
1403636717763555584.000000 12.276062012 -4.997329712 -24.259555817 -0.562130332 -0.589661181 -0.413949579 0.406146586
1403636717963555584.000000 12.208454132 -5.099066257 -24.277935028 -0.549504578 -0.602393508 -0.409810960 0.408927649
1403636718313555456.000000 12.038514137 -5.280511379 -24.271966934 -0.521317959 -0.628825068 -0.371391267 0.441446751
1403636721163555584.000000 11.192273140 -6.526183128 -24.552392960 -0.523126662 -0.623807609 -0.357238799 0.457802415
1403636723763555584.000000 11.135190964 -7.409965038 -24.571950912 -0.585939825 -0.554777682 -0.426585436 0.408559769
1403636726513555456.000000 10.846011162 -8.151453972 -24.277469635 -0.647820354 -0.494785756 -0.453905880 0.359840780
1403636729463555584.000000 10.373368263 -9.006778717 -23.695259094 -0.594836712 -0.550819039 -0.431868523 0.395294040
1403636732113555456.000000 9.767807961 -9.740958214 -23.702459335 -0.602728486 -0.547132671 -0.420748055 0.400419056
1403636734863555584.000000 9.114797592 -10.828395844 -23.481735229 -0.596194744 -0.567360997 -0.410332024 0.392786175
1403636737563555584.000000 8.362048149 -11.331901550 -23.304563522 -0.559498847 -0.600182116 -0.385454595 0.422098666
1403636738663555584.000000 8.164085388 -11.409085274 -23.086143494 -0.586081028 -0.579688847 -0.388978571 0.411297381
1403636741613555456.000000 8.598115921 -11.498224258 -23.840339661 -0.729177177 -0.390668124 -0.487636089 0.279088140
1403636744563555584.000000 9.158252716 -11.025708199 -24.775302887 -0.733644426 -0.342810154 -0.515519679 0.280154586
1403636746813555456.000000 9.402670860 -10.807312965 -25.168046951 -0.754942477 -0.349033982 -0.492718279 0.255863160
1403636747163555584.000000 9.353879929 -10.759343147 -25.162418365 -0.741158724 -0.353647381 -0.508177757 0.259562671
1403636747613555456.000000 9.336560249 -10.653264999 -25.052675247 -0.737375736 -0.352946997 -0.519528866 0.248586759
1403636748013555456.000000 9.298234940 -10.534368515 -24.918998718 -0.746470273 -0.330579758 -0.513942420 0.263367504
1403636748413555456.000000 9.289466858 -10.429632187 -24.812173843 -0.744697571 -0.339003861 -0.520173550 0.244788527
1403636748813555456.000000 9.294590950 -10.334004402 -24.703804016 -0.746619642 -0.327626735 -0.518409789 0.257820278
1403636749213555456.000000 9.320188522 -10.269891739 -24.629756927 -0.751600087 -0.310579658 -0.518576026 0.264039069
1403636749413555456.000000 9.348460197 -10.263102531 -24.580892563 -0.746706784 -0.319846392 -0.528927624 0.245688528
1403636749813555456.000000 9.389089584 -10.262711525 -24.468631744 -0.736724019 -0.329381108 -0.540600717 0.237690464
1403636750313555456.000000 9.360493660 -10.286135674 -24.421396255 -0.733086050 -0.336219341 -0.534973383 0.251684070
1403636750763555584.000000 9.287091255 -10.335899353 -24.241336823 -0.732606888 -0.350919098 -0.524988770 0.254027069
1403636751213555456.000000 9.191203117 -10.386332512 -23.979814529 -0.737994373 -0.358042538 -0.516869605 0.244981110
1403636751613555456.000000 9.105306625 -10.399479866 -23.795381546 -0.742286026 -0.342547357 -0.509302199 0.268856972
1403636751863555584.000000 9.075730324 -10.411997795 -23.699647903 -0.747380912 -0.355233967 -0.492125928 0.270264149
1403636752313555456.000000 9.087638855 -10.417863846 -23.538410187 -0.725010991 -0.375972420 -0.508154511 0.273464352
1403636752513555456.000000 9.095788002 -10.410705566 -23.452583313 -0.707268655 -0.398849219 -0.504077852 0.294271767
1403636754113555456.000000 8.918634415 -10.413718224 -23.303382874 -0.583587229 -0.559904039 -0.427959859 0.403464824
1403636754463555584.000000 8.815893173 -10.455948830 -23.251667023 -0.581077278 -0.557595909 -0.436118543 0.401542842
1403636755913555456.000000 8.097733498 -10.922580719 -23.176458359 -0.544058800 -0.608356476 -0.390502125 0.425923049
1403636756213555456.000000 7.917352676 -11.013123512 -23.160587311 -0.541881979 -0.605291188 -0.393420130 0.430356920
1403636757013555456.000000 7.422176361 -11.302957535 -23.111034393 -0.536102474 -0.606509328 -0.391466588 0.437600821
1403636757413555456.000000 7.180559635 -11.504895210 -23.099784851 -0.535747647 -0.610259295 -0.389504164 0.434562653
1403636757863555584.000000 6.889557362 -11.737365723 -23.075803757 -0.533291519 -0.641226351 -0.357546359 0.420225680
1403636758163555584.000000 6.678469181 -11.836131096 -22.988460541 -0.518425584 -0.631283581 -0.364907891 0.446719468
1403636758313555456.000000 6.575842857 -11.881364822 -22.963918686 -0.515571654 -0.626789749 -0.366792411 0.454734981
1403636758463555584.000000 6.476730347 -11.929984093 -22.960693359 -0.525417328 -0.631210327 -0.352450520 0.448652267
1403636758813555456.000000 6.273414612 -12.001122475 -22.977506638 -0.536517322 -0.627909482 -0.339365005 0.450233549
1403636759263555584.000000 6.089901924 -12.029026031 -23.035703659 -0.537517607 -0.606383502 -0.336069822 0.480032325
1403636759663555584.000000 6.042293549 -12.061794281 -23.137901306 -0.515663326 -0.624915779 -0.364977181 0.458653837
1403636759913555456.000000 6.035121918 -12.094588280 -23.160644531 -0.516073287 -0.628311157 -0.363323063 0.454851568
1403636760363555584.000000 6.024864197 -12.149886131 -23.209709167 -0.518128991 -0.626322627 -0.362690687 0.455760717
1403636760763555584.000000 6.021974564 -12.195295334 -23.279615402 -0.516457438 -0.638602614 -0.363103807 0.440016121
1403636761213555456.000000 5.985432625 -12.241568565 -23.344638824 -0.523310781 -0.647747457 -0.349115252 0.429752976
1403636761313555456.000000 5.971314907 -12.245370865 -23.355857849 -0.525744379 -0.649700344 -0.345637172 0.426634759
1403636761713555456.000000 5.904067516 -12.225257874 -23.358995438 -0.517585039 -0.626387477 -0.360073030 0.458357871
1403636761913555456.000000 5.876742840 -12.219029427 -23.351440430 -0.524019361 -0.620815277 -0.351980656 0.464867532
1403636762363555584.000000 5.840981483 -12.217000008 -23.323371887 -0.519021332 -0.646671832 -0.363610417 0.424523264
1403636762463555584.000000 5.822992802 -12.213399887 -23.330467224 -0.526775956 -0.643709838 -0.352904111 0.428489804
1403636762863555584.000000 5.775918961 -12.172713280 -23.408643723 -0.517312825 -0.601963282 -0.363429844 0.487797499
1403636763113555456.000000 5.813006878 -12.205505371 -23.419597626 -0.546487033 -0.590320110 -0.373284638 0.462095946
1403636763513555456.000000 5.821238041 -12.220062256 -23.429857254 -0.556388915 -0.582009971 -0.372243613 0.461660683
1403636763663555584.000000 5.823149681 -12.228478432 -23.431755066 -0.556265533 -0.582092583 -0.372382581 0.461592972
1403636763813555456.000000 5.825235844 -12.237849236 -23.432680130 -0.556612849 -0.581850410 -0.371950001 0.461828351
