1403636859051666432.000000 -0.134415910 1.281222701 0.355118990 -0.607985020 -0.538091004 -0.408975512 0.416595131
1403636861901666560.000000 -0.053072512 1.274170160 0.580496490 -0.629491150 -0.536233068 -0.419475615 0.374480098
1403636864401666560.000000 -0.056228578 1.269399405 0.719098866 -0.648161411 -0.541436076 -0.406331301 0.348753065
1403636866101666560.000000 -0.071349911 1.285535216 0.781520605 -0.632024944 -0.507706583 -0.436816126 0.389833599
1403636868801666560.000000 -0.119413286 1.151149750 0.563867629 -0.727813065 -0.584567010 -0.262444317 0.244320557
1403636871251666432.000000 0.348917842 1.178492069 0.532178640 -0.761639893 -0.533308983 -0.289104521 0.227826193
1403636873801666560.000000 0.297379017 1.193087935 0.512871385 -0.760520995 -0.544486582 -0.270645320 0.227801234
1403636876101666560.000000 -0.086659044 1.002932787 0.493064880 -0.834038615 -0.397969335 -0.313817531 0.217987373
1403636876251666432.000000 -0.017288588 0.972632647 0.498852849 -0.844564855 -0.368899018 -0.331561148 0.201720044
1403636876451666432.000000 0.097453251 0.979971170 0.496765345 -0.857077777 -0.348388642 -0.334004670 0.180232942
1403636876651666432.000000 0.217963919 1.042155743 0.498410136 -0.846632957 -0.354404837 -0.356552064 0.174586713
1403636876801666560.000000 0.277775943 1.118565202 0.504170179 -0.830705523 -0.377211750 -0.364435434 0.186618835
1403636878851666432.000000 0.156649351 1.048590183 0.489691734 -0.806907475 -0.438508034 -0.335940927 0.209176347
1403636879201666560.000000 0.298754126 1.162889838 0.508434594 -0.802397013 -0.433339804 -0.346496940 0.219807848
1403636879351666432.000000 0.308371156 1.231064558 0.520032465 -0.785330653 -0.446036816 -0.358792782 0.235743031
1403636880601666560.000000 -0.010546982 1.056022644 0.573139787 -0.762186348 -0.489979237 -0.342831135 0.247909606
1403636881051666432.000000 -0.153094932 0.973798275 0.590439022 -0.759820461 -0.496109158 -0.331777990 0.257821441
1403636881251666432.000000 -0.213759750 1.023193836 0.593968391 -0.729014933 -0.525211871 -0.328476608 0.291192174
1403636881401666560.000000 -0.229105055 1.080790281 0.598508537 -0.708286703 -0.548564315 -0.321831077 0.306320071
1403636882701666560.000000 0.096407771 1.245233059 0.483900398 -0.679951251 -0.544252396 -0.362429976 0.331813335
1403636885251666432.000000 0.011179723 1.411588192 0.311785966 -0.527462482 -0.596720159 -0.375621527 0.473937601
1403636887751666432.000000 0.011105247 1.411148787 0.311718732 -0.527421772 -0.596675396 -0.375766724 0.473924130
1403636890251666432.000000 0.010851420 1.411466241 0.311558664 -0.526872814 -0.596444488 -0.376177609 0.474499196
1403636892751666432.000000 0.011072405 1.411251903 0.311708033 -0.527117908 -0.596320927 -0.376304775 0.474281251
1403636895251666432.000000 0.011097133 1.411238074 0.311940193 -0.527529597 -0.596248329 -0.375853002 0.474273264
1403636898151666432.000000 0.094949007 1.327065110 0.390025020 -0.540478885 -0.623720467 -0.372213632 0.424632072
1403636900951666432.000000 0.448792875 1.748412251 0.732436836 -0.608495295 -0.559112072 -0.396306664 0.400085270
1403636901401666560.000000 0.612813473 1.849935889 0.726596355 -0.604310632 -0.556510091 -0.401948631 0.404404014
1403636904051666432.000000 1.769151092 2.462212086 0.725369751 -0.601622999 -0.561526000 -0.400131822 0.403277487
1403636906601666560.000000 2.706616879 3.263994694 0.932526290 -0.597228408 -0.563065469 -0.395161867 0.412459195
1403636907101666560.000000 2.821095467 3.484001875 0.922961175 -0.585489392 -0.577510953 -0.407142460 0.397389561
1403636908751666432.000000 3.272824764 4.470012665 0.978442550 -0.576394320 -0.589439511 -0.392505139 0.407762706
1403636909251666432.000000 3.426966429 4.815588951 1.056277633 -0.583402216 -0.590308547 -0.380267173 0.408135474
1403636911051666432.000000 3.920006037 6.116089821 0.862243593 -0.568511486 -0.578628898 -0.401798397 0.424901485
1403636912001666560.000000 4.077158928 6.637146950 0.887033403 -0.582910359 -0.581528544 -0.385318458 0.416617036
1403636913001666560.000000 4.349218845 7.188106060 0.789139271 -0.579842031 -0.574336052 -0.396598101 0.420275301
1403636914401666560.000000 4.963756561 7.787410259 0.706671894 -0.576580703 -0.579581618 -0.402509242 0.411856920
1403636915451666432.000000 5.379377365 8.118808746 0.723769307 -0.586827397 -0.588738203 -0.394914269 0.391233653
1403636918151666432.000000 6.099373817 8.855496407 0.601810873 -0.661789834 -0.475122541 -0.475829571 0.331480145
1403636920701666560.000000 6.340179920 8.940869331 0.916068733 -0.676918924 -0.454904944 -0.483697265 0.317614794
1403636923601666560.000000 6.546887398 8.362958908 0.684684038 -0.746440411 -0.373245656 -0.493138403 0.245619759
1403636925301666560.000000 7.048164368 8.686935425 0.572618723 -0.742491841 -0.349616021 -0.516651928 0.244019359
1403636928101666560.000000 8.512444496 9.418299675 0.266013920 -0.801226377 -0.237707883 -0.526311338 0.156613097
1403636931051666432.000000 10.238066673 9.900433540 0.408677340 -0.784459054 -0.210030928 -0.549849093 0.195389360
1403636932801666560.000000 10.256586075 9.347663879 0.507565260 -0.787593246 -0.161044225 -0.583347440 0.116049901
1403636934401666560.000000 9.520152092 9.004758835 0.464869976 -0.811458945 -0.037714902 -0.581472337 0.044743776
1403636936901666560.000000 8.671001434 8.120153427 0.480625719 0.816063702 -0.044979893 0.575561106 0.027320832
1403636939101666560.000000 8.262755394 7.512934208 0.278528720 0.815157890 -0.086348690 0.571136594 0.043180563
1403636939651666432.000000 7.852915764 7.388351440 0.300195128 0.800603569 -0.081805855 0.591663957 0.047702562
1403636939951666432.000000 7.694520950 7.245784283 0.306111306 0.800001800 -0.086523093 0.592114210 0.043721464
1403636940451666432.000000 7.358622074 6.997283459 0.212768346 0.802805662 -0.117935836 0.581862330 0.055050798
1403636941701666560.000000 6.553842545 6.291478157 0.282074213 0.809119761 -0.103687443 0.574334204 0.068661466
1403636942301666560.000000 6.212069035 5.994924545 0.340431094 0.809823215 -0.108501762 0.573867023 0.055592500
1403636942951666432.000000 5.850156307 5.626245499 0.297921956 0.812393188 -0.115031481 0.567855239 0.065768711
1403636945601666560.000000 4.783026218 4.609313488 0.208407998 0.812941432 -0.062801585 0.576934755 0.048255172
1403636948201666560.000000 4.583674431 4.535075188 -0.352150023 0.829853117 -0.075957209 0.548614442 0.067798287
1403636948551666432.000000 4.726486683 4.528420448 -0.428826809 0.826020420 -0.054059345 0.554627657 0.084593862
1403636950151666432.000000 5.382317066 5.050852776 -0.608322024 0.830127656 -0.073208399 0.552019954 0.028329644
1403636950401666560.000000 5.483042240 5.091750145 -0.623911738 0.826445520 -0.065969765 0.557666063 0.040551960
1403636953251666432.000000 6.873589993 5.881914616 -0.847795904 0.823874533 -0.074056625 0.561370015 0.024698868
1403636954251666432.000000 7.400343895 6.144340992 -0.846970737 0.824359894 -0.051637515 0.562118053 0.042280611
1403636954751666432.000000 7.735481739 6.351343632 -0.791479945 0.823088109 -0.060375180 0.562605917 0.048533604
1403636955251666432.000000 8.099859238 6.593098640 -0.879583120 0.813876629 -0.076403037 0.572710156 0.061403953
1403636955751666432.000000 8.443513870 6.877437592 -0.917443931 0.812485576 -0.087965265 0.571795881 0.071964867
1403636956001666560.000000 8.610695839 7.036503792 -0.921584725 0.811473966 -0.100706533 0.572564363 0.059484310
1403636956251666432.000000 8.766744614 7.184324741 -0.892221391 0.808958769 -0.117233403 0.574440897 0.043124475
1403636956801666560.000000 9.055226326 7.453353882 -0.936291635 0.806266904 -0.077644140 0.585989058 0.022847511
1403636957051666432.000000 9.151093483 7.557950974 -0.941543996 0.812550426 -0.011847680 0.582627356 -0.012918434
1403636957301666560.000000 9.227542877 7.643034935 -0.906752765 -0.812880456 -0.054440212 -0.578497946 0.040022872
1403636960101666560.000000 9.795718193 8.300909996 -1.080219746 -0.779082417 -0.251487255 -0.546169996 0.177434817
1403636962101666560.000000 9.621507645 9.006848335 -0.979649246 -0.665121138 -0.472555608 -0.472620130 0.333069652
1403636963201666560.000000 9.245296478 9.225761414 -0.690739453 -0.554915428 -0.582980752 -0.420238703 0.419048637
1403636963701666560.000000 8.992529869 9.222228050 -0.690770984 -0.573855639 -0.575197279 -0.416122496 0.408264548
1403636964151666432.000000 8.760040283 9.175344467 -0.580972970 -0.575829923 -0.570507646 -0.423043102 0.404938877
1403636964501666560.000000 8.562458992 9.106100082 -0.506565034 -0.569709718 -0.574880242 -0.426320285 0.403973490
1403636965301666560.000000 7.936244011 8.816173553 -0.429597884 -0.490340739 -0.659116864 -0.360064119 0.442136765
1403636967051666432.000000 6.451035976 8.233419418 -0.053403169 -0.503580987 -0.628762364 -0.361409307 0.469518214
1403636968001666560.000000 5.940533161 7.644378662 -0.135586828 -0.499165177 -0.629545033 -0.376637936 0.461140990
1403636968701666560.000000 5.593558311 7.025089741 -0.289007992 -0.499208182 -0.632426858 -0.376386464 0.457341045
1403636969051666432.000000 5.420431137 6.666607380 -0.285956174 -0.501280308 -0.630687416 -0.374440372 0.459070623
1403636969451666432.000000 5.218666553 6.236817837 -0.201788023 -0.516136348 -0.641549706 -0.355935276 0.441958487
1403636969751666432.000000 5.065674305 5.946853161 -0.146464452 -0.519090533 -0.641708374 -0.355983108 0.438214034
1403636970101666560.000000 4.878749847 5.657447815 -0.143661752 -0.513952911 -0.635322571 -0.363268703 0.447497010
1403636972001666560.000000 4.010551929 4.863613129 -0.332654566 -0.508728445 -0.628191710 -0.355687857 0.469102174
1403636972251666432.000000 3.984270096 4.820336819 -0.362649679 -0.514302373 -0.631094337 -0.348034948 0.464849055
1403636972751666432.000000 3.977772951 4.753333569 -0.301590770 -0.510808647 -0.635274053 -0.356999755 0.456127793
1403636974001666560.000000 3.998925447 4.658275127 -0.454461038 -0.542851746 -0.605948687 -0.386071026 0.434841871
1403636976851666432.000000 4.220180035 4.635504246 -0.732741416 -0.773075044 -0.272064239 -0.535501480 0.203897819
1403636978651666432.000000 4.880626202 4.429455280 -0.951858342 -0.790371418 -0.271384388 -0.517642140 0.183603644
1403636978951666432.000000 5.034538746 4.423015118 -0.967523932 -0.787614167 -0.270187408 -0.522518694 0.183404133
1403636979551666432.000000 5.361384869 4.491431236 -1.084464431 -0.787773073 -0.271714211 -0.522044003 0.181810707
1403636981501666560.000000 6.404675484 5.237291336 -1.210985899 -0.777458072 -0.243906051 -0.543537855 0.201582104
1403636981851666432.000000 6.550257206 5.342505932 -1.235932946 -0.785101533 -0.258104056 -0.537600935 0.167281449
1403636982151666432.000000 6.679709435 5.463151455 -1.211740971 -0.802665055 -0.255130976 -0.514067888 0.162391946
1403636982451666432.000000 6.849459171 5.623759747 -1.212492108 -0.795342088 -0.242254496 -0.525065124 0.181797907
1403636982751666432.000000 7.061634064 5.790819168 -1.185972333 -0.787374496 -0.244109601 -0.533909857 0.188128442
1403636985651666432.000000 9.034720421 7.754990101 -1.246571660 -0.772004962 -0.269272178 -0.549290121 0.172572628
1403636988151666432.000000 8.901221275 9.431542397 -1.039280891 -0.764262497 -0.271472931 -0.540089786 0.224740878
1403636990901666560.000000 7.593115330 7.896028519 -0.715199053 -0.764082730 -0.289454639 -0.539616227 0.202997133
1403636992551666432.000000 6.676795006 6.834115028 -0.616271436 -0.773612142 -0.269751847 -0.542124867 0.186705172
1403636992951666432.000000 6.490331173 6.622423172 -0.563239038 -0.776111066 -0.268298626 -0.542542219 0.176961735
1403636993401666560.000000 6.281198025 6.445618629 -0.531196356 -0.760913432 -0.283630550 -0.543564379 0.212372959
1403636993851666432.000000 6.057194233 6.269485950 -0.419451267 -0.739417911 -0.342984736 -0.523411751 0.248320132
1403636994801666560.000000 5.486318588 5.816465855 -0.403540075 -0.736347854 -0.341596186 -0.518564284 0.268691450
1403636995701666560.000000 4.871532917 5.182872295 -0.266678154 -0.732318103 -0.350573152 -0.521824121 0.261741042
1403636998501666560.000000 3.597697020 3.669182777 0.176966757 -0.677257299 -0.473168552 -0.456396937 0.330357194
1403636999401666560.000000 3.369921207 3.568405151 0.428596944 -0.663412094 -0.468816996 -0.481518179 0.328991443
1403637000201666560.000000 3.033074379 3.404785156 0.424801350 -0.662389338 -0.466764808 -0.485048145 0.328784525
1403637001701666560.000000 2.154355526 2.843136549 0.569755495 -0.673323274 -0.459424376 -0.475562632 0.330764711
1403637002101666560.000000 1.920111775 2.657864571 0.575900078 -0.675983489 -0.459505051 -0.473873138 0.327636540
1403637002601666560.000000 1.641334295 2.441848516 0.550102174 -0.672586203 -0.463742942 -0.478660524 0.321643382
1403637003051666432.000000 1.381582618 2.265960693 0.584722757 -0.676720977 -0.457990229 -0.477414638 0.323061913
1403637003451666432.000000 1.151350021 2.121910810 0.551110089 -0.677042961 -0.451805443 -0.481523901 0.324991614
1403637003801666560.000000 0.954205513 1.995338082 0.583407342 -0.679748595 -0.449169576 -0.479199469 0.326429993
1403637004151666432.000000 0.765420854 1.866221070 0.572477341 -0.680253804 -0.460240692 -0.473763406 0.317776054
1403637004551666432.000000 0.563072264 1.751972675 0.586248159 -0.677059829 -0.453900546 -0.478434175 0.326596081
1403637005001666560.000000 0.365878254 1.615824938 0.640717626 -0.695255339 -0.438533753 -0.462661564 0.332042933
1403637005351666432.000000 0.268896282 1.511886597 0.572958827 -0.690423489 -0.448251843 -0.472500950 0.314847082
1403637005751666432.000000 0.170043617 1.418047309 0.516802192 -0.690230012 -0.451471329 -0.465498507 0.321041107
1403637006251666432.000000 0.071161926 1.340157509 0.552509010 -0.684910834 -0.451625168 -0.471498877 0.323451221
1403637006751666432.000000 0.013168454 1.300477624 0.541996479 -0.677258909 -0.461929440 -0.461895585 0.338517427
1403637007201666560.000000 0.004543878 1.290405035 0.501442730 -0.627241552 -0.522428691 -0.441411823 0.372547835
1403637007551666432.000000 -0.001641646 1.269464970 0.465915859 -0.609352529 -0.536492765 -0.443598747 0.379585415
1403637007901666560.000000 -0.030642256 1.239768386 0.422322601 -0.621222317 -0.538045287 -0.431118459 0.372460723
1403637008251666432.000000 -0.064377464 1.222629070 0.395113796 -0.632618725 -0.536534369 -0.425062120 0.362279773
1403637008701666560.000000 -0.104862712 1.242862463 0.403598726 -0.630910277 -0.517423213 -0.437528491 0.377881378
1403637009051666432.000000 -0.110079780 1.263481975 0.375181854 -0.644519627 -0.512034297 -0.422367096 0.379501671
1403637009351666432.000000 -0.068907999 1.286643624 0.324826151 -0.626348972 -0.531765401 -0.450805604 0.348836511
1403637009651666432.000000 -0.045429833 1.292772889 0.307786167 -0.599555075 -0.507080197 -0.443593472 0.432004869
1403637009951666432.000000 -0.043240912 1.298439860 0.296307743 -0.613243699 -0.500162899 -0.439110041 0.425384283
1403637010451666432.000000 -0.045952141 1.301766038 0.284396589 0.612896264 0.500318170 0.439848751 -0.424938917
