#Stereo rect[ms], MP culling[ms], MP creation[ms], LBA[ms], KF culling[ms], Total[ms]
9.173538,0.136386,1.461653,0.015392,0.015392,10.799929
10.496757,0.480455,7.331592,0.004800,0.004800,18.318052
10.304595,0.570568,6.251928,0.271428,0.271428,36.512519
10.692184,0.424870,8.823677,0.744746,0.744746,53.626073
10.880699,0.455718,14.037160,0.631177,0.631177,43.403944
11.596453,0.511143,26.347510,0.934893,0.934893,78.067668
12.712340,0.602601,25.033827,1.237010,1.237010,81.554726
13.249436,0.491143,28.633975,1.871322,1.871322,95.814288
12.906136,0.620360,27.099553,1.632695,1.632695,91.358033
13.486495,0.428070,28.682423,75.296077,75.296077,169.650280
13.923813,0.345893,40.989574,1.585847,1.585847,101.244573
11.583269,0.378405,39.864854,1.899867,1.899867,100.842456
11.392514,0.377541,29.857736,2.241408,2.241408,90.578278
10.613558,0.391270,31.472831,2.560484,2.560484,97.609001
17.449591,0.622761,45.946700,2.697798,2.697798,127.107404
17.651131,0.372933,45.952108,3.220941,3.220941,128.799333
16.859696,0.408549,42.760831,3.453009,3.453009,132.408888
16.362024,0.372581,40.980198,3.563954,3.563954,127.973304
16.140870,0.315428,38.764678,3.630100,3.630100,131.659054
19.177073,0.398725,49.104761,4.106043,4.106043,187.806795
19.660791,0.440038,55.633558,4.464159,4.464159,166.046389
13.090970,0.246947,35.842717,5.832403,5.832403,268.405283
15.235897,0.357381,38.042524,5.859955,5.859955,144.719399
21.447569,0.543655,52.466313,5.656272,5.656272,171.864648
12.750613,0.239331,32.241930,5.754482,5.754482,147.561519
18.011967,0.308869,44.538328,5.626352,5.626352,153.062429
15.641822,0.467847,40.991878,6.067446,6.067446,155.113594
15.021365,0.467751,46.677527,5.394349,5.394349,158.167206
15.741791,0.531240,44.210611,4.313598,4.313598,157.074934
16.153061,0.437350,55.829785,5.192170,5.192170,172.508913
16.088900,0.525320,55.052333,6.275770,6.275770,177.326422
14.974517,0.540359,38.527107,6.077430,6.077430,167.090148
15.572765,0.469223,36.211234,5.887508,5.887508,158.417609
12.757909,0.451847,45.721001,6.388699,6.388699,164.223100
12.996473,0.676010,46.704439,6.439707,6.439707,165.348492
15.968706,0.359525,37.365747,6.552797,6.552797,154.311214
11.614660,0.370054,36.049183,6.469724,6.469724,144.204735
14.368972,0.570217,48.980023,7.650764,7.650764,168.039282
9.881676,0.407814,29.543331,4.820196,4.820196,131.946161
16.212102,0.589992,50.900211,6.245529,6.245529,169.729866
18.293124,0.574376,52.028899,4.965606,4.965606,186.715835
18.543431,0.480583,61.109956,6.396251,6.396251,188.864826
16.909680,0.365637,38.711142,6.350906,6.350906,159.467608
17.126291,0.444198,57.281101,6.294618,6.294618,187.428357
17.647227,0.650985,57.162731,6.579517,6.579517,178.895692
17.301621,0.551784,54.131457,5.425613,5.425613,193.374777
11.633318,0.539175,45.053120,6.291705,6.291705,161.921915
10.812953,0.547496,47.662949,5.370988,5.370988,162.483843
14.639024,0.547816,50.859218,7.639277,7.639277,192.938292
15.365658,0.502919,56.523843,5.134729,5.134729,180.199327
17.106067,0.536136,58.822115,8.112915,8.112915,193.324345
15.641374,0.626185,44.046001,4.768676,4.768676,150.045394
17.368759,0.554088,51.586364,5.894196,5.894196,186.103603
17.317045,0.808524,59.526957,5.026759,5.026759,189.005627
17.556601,0.769867,61.736077,6.382202,6.382202,180.313824
15.595997,0.516359,56.343296,6.338458,6.338458,180.928937
15.201272,0.671209,48.418384,7.463018,7.463018,302.104418
12.646899,0.670826,42.742399,5.618032,5.618032,141.441464
16.143973,0.428583,60.433530,6.055862,6.055862,188.696024
15.710207,0.887597,51.288536,6.468444,6.468444,164.872293
15.261401,0.605576,59.283338,5.094665,5.094665,189.431522
16.411817,0.759051,61.047939,4.647298,4.647298,184.794816
16.640204,0.714442,60.752671,5.889556,5.889556,171.856840
16.734446,0.597672,60.711230,5.996021,5.996021,181.656755
16.976721,0.684714,52.028387,6.889186,6.889186,163.300911
12.400272,0.479175,35.155283,4.707395,4.707395,135.455331
13.745667,0.413414,39.956919,6.836737,6.836737,145.036651
15.255353,0.446022,56.875784,4.439967,4.439967,170.747609
15.057206,0.514311,49.659329,5.774674,5.774674,159.847613
11.402018,0.443846,38.907721,4.859173,4.859173,136.767670
13.751396,0.440486,46.054030,7.699117,7.699117,146.281981
11.769927,0.376037,40.498559,4.975815,4.975815,137.886662
13.382334,0.386053,49.791779,7.848144,7.848144,155.784324
12.539186,0.434214,45.389381,4.230844,4.230844,150.801021
12.786614,0.335076,44.230581,6.958499,6.958499,154.128685
7.366120,0.190787,20.489571,4.359902,4.359902,102.054057
7.216231,0.162978,20.217471,8.947967,8.947967,107.541207
12.432977,0.242403,32.933748,5.766322,5.766322,127.794039
12.167501,0.224483,42.593245,6.035830,6.035830,142.674634
12.081644,0.219715,41.620175,3.886872,3.886872,108.779145
8.089203,0.133762,24.643678,5.745586,5.745586,111.165355
12.728501,0.198306,42.520412,5.340363,5.340363,137.433695
12.621491,0.160738,41.520974,4.912454,4.912454,134.294867
12.976216,0.135938,45.243235,5.865236,5.865236,147.923221
11.564164,0.136610,38.349153,3.620211,3.620211,128.826341
13.427903,0.131554,45.769834,4.608609,4.608609,185.698029
13.763940,0.157474,42.312249,4.016602,4.016602,134.742682
14.190377,0.109506,41.787633,6.362682,6.362682,138.007047
14.142441,0.135138,47.552259,4.224476,4.224476,149.722414
14.434925,0.141122,49.379293,5.452909,5.452909,153.848360
13.452287,0.110850,40.945861,4.447071,4.447071,138.207275
15.279289,0.146850,42.805728,5.733266,5.733266,153.533540
12.194189,0.104642,38.284352,5.486734,5.486734,143.186578
13.699747,0.078209,37.346770,5.703761,5.703761,144.859081
13.419391,0.074273,32.604015,5.869908,5.869908,143.213682
12.989336,0.070337,27.298148,5.954197,5.954197,164.535041
15.399546,0.067393,25.810863,6.092534,6.092534,143.479189
17.921535,0.059872,29.122206,4.874085,4.874085,157.084247
18.774346,0.096706,30.236205,6.951779,6.951779,194.146405
19.944987,0.083041,28.367443,6.571453,6.571453,156.000935
20.791879,0.069985,30.550194,8.880511,8.880511,161.308531
21.905463,0.083969,32.741841,7.660845,7.660845,174.699153
22.731555,0.096065,31.831269,9.085313,9.085313,166.500925
24.268313,0.079265,31.523616,9.211715,9.211715,225.524131
19.511509,0.075809,30.899767,9.255747,9.255747,163.251598
26.153811,0.066049,31.831332,8.780220,8.780220,174.516142
27.288804,0.058497,31.641697,9.615176,9.615176,272.666560
22.963238,0.099106,28.219537,9.396390,9.396390,182.913670
26.546553,0.080065,29.656613,9.748555,9.748555,181.526642
27.153986,0.125954,32.335499,8.224149,8.224149,195.335414
27.480999,0.137634,35.056433,10.129680,10.129680,256.406234
27.719274,0.131874,32.764145,10.526133,10.526133,228.703312
28.731704,0.089473,37.894970,11.174047,11.174047,199.988920
28.143375,0.083298,35.972767,10.546966,10.546966,200.587969
24.964643,0.083489,28.767704,10.983132,10.983132,189.813544
28.096591,0.082849,32.977109,8.942943,8.942943,193.399707
29.466434,0.085089,32.855731,12.141132,12.141132,218.168986
30.050346,0.075617,34.207398,12.130252,12.130252,222.412246
29.850728,0.095137,36.724202,11.116382,11.116382,198.382562
29.839272,0.072129,32.642223,11.395778,11.395778,191.739459
30.019147,0.087361,33.522620,9.703177,9.703177,276.368566
30.530737,0.070753,34.600364,11.286176,11.286176,192.251786
31.443775,0.073313,31.885253,11.493507,11.493507,190.436689
30.724116,0.090146,34.486441,11.043549,11.043549,192.535151
24.984099,0.096353,31.302493,11.552836,11.552836,195.861470
28.883419,0.122689,36.892076,9.516263,9.516263,234.275168
30.128108,0.170722,37.778329,11.814568,11.814568,226.076043
29.874888,0.125474,36.012287,12.044171,12.044171,196.909068
30.117003,0.112770,35.114259,11.832264,11.832264,211.088694
30.456433,0.114625,36.373349,12.024651,12.024651,190.364304
32.033159,0.120802,33.544156,10.165776,10.165776,198.966890
32.910644,0.106945,37.514741,11.885641,11.885641,196.738507
31.638785,0.119202,37.101903,12.269550,12.269550,263.261019
29.683238,0.121345,35.691707,12.093836,12.093836,198.724743
28.591958,0.141922,36.607176,12.325359,12.325359,263.866020
20.716807,0.220707,22.568832,11.823560,11.823560,141.865087
20.721126,0.160131,23.467629,13.009913,13.009913,139.092984
20.362785,0.247715,24.785408,14.225738,14.225738,158.971954
17.798493,0.279684,51.375642,9.531623,9.531623,185.649037
16.492714,0.271780,58.085241,11.285504,11.285504,203.916912
13.406910,0.431591,40.797059,13.646914,13.646914,161.733177
19.357746,0.479495,71.953054,10.575542,10.575542,211.084438
19.313906,0.624009,69.959746,11.881897,11.881897,199.596403
20.843368,0.699882,79.599147,16.763310,16.763310,222.724892
21.562354,0.672106,84.263149,11.620133,11.620133,249.220852
22.491872,0.696073,89.683610,11.395490,11.395490,258.095858
16.106149,0.509959,52.825646,11.414658,11.414658,196.999022
21.518866,0.515335,71.646970,10.139312,10.139312,215.768697
15.657246,0.616169,55.346066,11.894793,11.894793,198.395618
22.232027,0.600841,84.494640,13.389566,13.389566,240.858973
19.974939,0.632393,69.520924,11.102270,11.102270,218.933926
14.233130,0.459942,49.520832,12.210797,12.210797,212.949328
9.185283,0.293252,33.194231,12.033835,12.033835,172.541459
11.579492,0.428998,40.480671,11.462083,11.462083,181.897336
14.028967,0.435815,47.784582,9.780875,9.780875,197.474485
11.753926,0.369542,43.816750,10.988092,10.988092,186.373559
15.711583,0.387078,54.495206,12.817238,12.817238,205.561576
14.967189,0.530439,66.050122,9.480199,9.480199,216.770279
17.194036,0.584649,75.334702,13.518464,13.518464,244.899959
17.196340,0.654441,77.434412,9.561096,9.561096,258.720635
13.411999,0.593736,65.713862,10.784025,10.784025,254.182779
11.291489,0.541224,59.588782,10.656727,10.656727,225.951274
18.116738,0.661833,64.272721,12.498546,12.498546,259.946669
12.839062,0.488839,46.453396,10.435796,10.435796,214.394885
16.537803,0.525447,48.554706,14.710353,14.710353,231.935807
19.199760,0.741835,67.409981,10.966748,10.966748,263.799779
19.197105,0.702922,63.284739,12.131596,12.131596,277.304675
19.734744,0.707114,64.798521,11.475715,11.475715,280.277165
12.777110,0.528999,43.514826,12.631795,12.631795,238.927650
19.805466,0.630825,65.057532,10.116367,10.116367,278.138063
19.069135,0.661130,46.580181,13.707203,13.707203,272.729219
12.748565,0.508711,39.958776,12.643924,12.643924,238.846113
15.418395,0.590761,44.756987,13.096698,13.096698,263.428254
11.108638,0.452487,33.279608,10.548822,10.548822,229.722144
9.795499,0.386310,31.273916,16.002627,16.002627,229.446523
9.846572,0.489575,32.593519,12.797974,12.797974,231.651963
16.759663,0.488102,50.151561,10.261714,10.261714,272.677666
19.389651,0.702570,70.782702,12.435920,12.435920,299.568703
13.471679,0.464999,46.011086,13.686819,13.686819,251.503285
9.912428,0.427110,31.302365,13.660386,13.660386,232.306404
14.404268,0.493927,50.860851,13.953895,13.953895,262.219373
12.687124,0.501511,47.541700,13.692707,13.692707,262.900151
19.825818,0.710538,54.242338,14.211337,14.211337,270.761958
19.986684,0.646089,52.649484,13.431902,13.431902,263.710818
10.272402,0.484103,33.846913,17.263638,17.263638,229.539165
20.247648,0.660329,74.539715,11.614757,11.614757,291.387243
20.188895,0.753419,62.994719,13.085370,13.085370,274.800448
19.471189,0.756106,63.651305,12.986424,12.986424,279.490499
13.048409,0.847372,63.718057,14.962964,14.962964,283.927585
20.465059,0.737098,67.818020,14.522543,14.522543,295.820811
13.940326,0.503431,40.964998,13.580161,13.580161,257.918992
21.559186,0.656073,71.520856,13.324701,13.324701,301.886785
22.261117,0.624201,68.676431,15.724352,15.724352,293.682253
22.543937,0.594248,60.354233,14.010087,14.010087,288.749606
22.305373,0.656201,71.579129,13.928006,13.928006,297.659141
16.845807,0.497767,43.776462,16.894224,16.894224,267.335126
22.709058,0.625385,67.166747,16.413897,16.413897,299.111033
14.919252,0.635145,44.248692,16.725902,16.725902,275.655372
21.733781,0.823275,73.574998,16.997393,16.997393,302.768525
21.666708,0.774571,63.894188,16.405482,16.405482,289.468977
20.948233,0.850093,50.916339,21.620179,21.620179,275.167909
13.459936,0.696105,40.086202,16.926801,16.926801,270.244128
10.684248,0.605993,30.774037,15.012694,15.012694,236.940583
19.254546,0.821387,56.886312,17.074642,17.074642,278.617142
18.983213,0.842540,53.654811,13.334301,13.334301,272.770531
18.546760,0.799307,56.734310,19.332818,19.332818,269.804121
18.771242,0.809388,57.457776,19.987227,19.987227,280.895703
13.451743,0.724810,40.439007,14.942932,14.942932,250.471462
16.946704,0.885933,52.091236,16.715757,16.715757,272.154970
16.544651,0.845516,54.260067,17.106547,17.106547,280.467793
12.341167,0.754731,41.517166,21.601491,21.601491,261.032220
16.532011,0.919757,55.074319,18.543335,18.543335,280.125708
15.957154,0.853452,46.107216,17.883038,17.883038,269.433044
15.598526,0.937165,50.716017,20.499619,20.499619,277.055040
15.804352,0.931597,57.926135,16.152389,16.152389,270.334304
16.439433,0.669962,59.992628,15.494332,15.494332,280.009930
16.071557,0.738762,57.342351,18.522919,18.522919,289.436209
9.806956,0.534119,31.675714,10.007278,10.007278,228.375565
13.426335,1.001966,48.667860,8.286774,8.286774,259.727947
13.562785,0.858124,49.809028,7.867440,7.867440,264.808979
13.721827,0.712171,52.955184,5.466925,5.466925,263.707683
14.610767,0.786284,53.069170,6.157239,6.157239,261.129630
15.037301,0.776267,55.370835,7.489739,7.489739,265.182040
15.748384,0.780907,55.887002,6.604702,6.604702,275.794959
9.795531,0.566728,33.049878,5.977876,5.977876,226.231182
11.730950,0.490023,46.260754,11.637285,11.637285,245.360638
10.251378,0.573960,30.507089,8.801917,8.801917,222.490554
14.796243,0.562728,53.961886,9.767147,9.767147,269.028303
15.057782,0.623465,51.927394,8.117332,8.117332,267.898495
10.757209,0.781579,34.070500,6.534493,6.534493,227.792325
7.748494,0.501288,23.377868,7.130053,7.130053,209.495553
14.204266,0.848172,51.047285,10.822490,10.822490,257.577228
14.130921,0.889037,50.439724,7.751470,7.751470,268.602985
10.131600,0.680202,32.849394,9.882765,9.882765,220.916259
11.176094,0.468999,35.612314,7.264551,7.264551,222.937471
13.981159,0.759659,53.745531,11.123967,11.123967,267.181461
13.697411,0.727306,49.943750,9.853964,9.853964,245.256029
13.331293,0.712938,33.951074,6.556253,6.556253,225.619781
13.230588,0.927853,45.702282,9.732138,9.732138,237.684337
12.731125,0.863340,45.557767,9.858189,9.858189,257.495179
9.544775,1.037263,42.260473,10.095696,10.095696,248.014596
12.464049,0.906765,47.875368,11.476355,11.476355,234.556068
12.837175,0.605384,34.382473,11.597541,11.597541,217.209039
12.711924,0.597769,44.241621,12.116204,12.116204,224.997821
9.999599,0.553511,30.183533,12.298350,12.298350,201.967958
13.235772,0.890733,53.882654,11.576933,11.576933,231.549947
13.663363,0.721290,55.225585,9.773259,9.773259,228.266316
7.788142,0.379142,24.559741,12.402576,12.402576,180.379875
11.151838,0.657482,35.430199,9.846700,9.846700,206.985789
9.752586,0.471495,33.169847,9.305828,9.305828,198.225472
15.140791,0.722442,58.656226,12.351375,12.351375,221.901553
15.223928,0.589896,58.974086,9.410918,9.410918,229.736992
15.128599,0.593577,50.096104,9.115169,9.115169,254.675491
15.139831,0.587432,49.366974,9.526631,9.526631,205.839405
14.704113,0.525768,50.829650,10.018766,10.018766,208.639349
14.585359,0.638250,56.390177,11.409922,11.409922,216.557158
12.205869,0.482695,40.383710,11.281057,11.281057,199.694326
10.483477,0.557992,36.798571,10.397396,10.397396,191.984776
8.545945,0.528680,31.658434,11.928170,11.928170,182.533698
6.945570,0.548552,27.192707,12.656819,12.656819,173.664675
7.662956,0.758987,37.250034,13.137210,13.137210,191.258205
7.388137,0.413222,31.358206,10.553846,10.553846,179.569816
10.993372,0.716235,37.403987,13.103066,13.103066,193.081176
12.273294,0.696650,38.896361,13.786724,13.786724,194.576845
10.586455,0.544519,36.601352,7.340329,7.340329,197.013680
9.051649,0.657449,35.153748,11.419363,11.419363,192.699315
9.717483,0.744138,39.623379,17.569177,17.569177,201.313101
9.735114,0.682410,57.684308,11.778024,11.778024,216.245249
9.889741,0.619881,51.672446,8.557977,8.557977,211.458877
8.081427,0.659049,35.274037,9.749483,9.749483,193.360860
15.748319,0.833932,58.800420,9.144226,9.144226,228.102377
16.069444,0.703946,63.120481,11.190527,11.190527,238.044919
16.295336,0.629833,66.602770,9.375909,9.375909,257.195015
11.461923,0.490695,55.683415,14.164906,14.164906,226.828248
9.710154,0.399526,38.013244,9.853708,9.853708,205.725451
9.156643,0.347492,37.248082,10.236338,10.236338,205.303878
9.054368,0.314405,34.628268,14.539919,14.539919,208.629173
11.370466,0.450054,50.621328,9.335109,9.335109,227.764357
8.770685,0.338085,34.589835,18.563176,18.563176,212.714927
9.798571,0.412326,38.109437,10.360020,10.360020,208.848056
16.472298,0.642505,55.425492,13.196732,13.196732,234.600742
15.295257,0.706186,63.920397,13.310621,13.310621,241.989231
15.849057,0.596969,66.826870,14.004903,14.004903,272.400063
10.879770,0.782283,44.924031,18.223619,18.223619,224.548279
17.480728,0.777899,62.643227,16.354536,16.354536,252.557989
18.145154,0.859404,63.386309,16.593164,16.593164,270.980203
17.216948,0.766475,57.028075,14.815187,14.815187,250.999919
16.234375,0.694090,52.358440,20.228640,20.228640,252.791273
13.621954,0.803819,63.468966,19.164752,19.164752,256.604703
18.876812,0.754091,67.083865,16.161382,16.161382,275.702574
17.874718,0.583401,52.773422,16.101509,16.101509,248.973011
19.118960,0.705322,66.203852,17.621370,17.621370,277.399270
11.407682,0.464615,38.291968,19.751641,19.751641,228.772243
17.144660,0.426726,47.652613,16.120901,16.120901,245.007770
20.023517,0.643209,71.773468,17.309622,17.309622,291.715154
20.943946,0.633929,70.689452,18.568168,18.568168,279.176703
10.577046,0.439206,37.717624,20.415298,20.415298,231.639900
10.470869,0.341733,34.937008,17.976640,17.976640,226.918905
21.890743,0.706474,72.859468,18.322340,18.322340,302.457994
12.184334,0.430150,43.586219,21.401616,21.401616,242.745146
13.620482,0.649577,43.342888,19.138000,19.138000,243.140415
18.997998,0.742539,68.333003,23.794930,23.794930,291.792627
18.833612,0.746795,56.077053,20.399138,20.399138,282.739251
18.351077,0.881549,67.245723,19.592151,19.592151,281.698980
10.303059,0.555848,34.365736,20.173023,20.173023,239.308778
17.265141,0.819500,68.392876,21.408752,21.408752,288.471491
16.673325,0.868460,64.583030,16.987762,16.987762,290.158780
10.079311,0.531752,38.987562,20.526564,20.526564,253.324400
15.635326,0.869324,67.043545,20.937353,20.937353,294.073363
15.346618,0.812747,67.005529,15.639742,15.639742,299.453408
15.342266,0.788171,59.951220,16.482058,16.482058,291.445070
14.766002,0.836716,53.719867,22.487551,22.487551,282.170154
9.046496,0.555112,34.133285,21.397232,21.397232,253.661269
17.072531,0.817996,67.069241,22.093754,22.093754,301.030583
17.658459,0.845292,66.857174,17.063539,17.063539,305.909532
11.446115,0.550215,43.336008,17.553881,17.553881,292.003222
12.152237,0.522471,52.061156,23.037160,23.037160,288.434308
12.699957,0.760043,60.039605,14.698161,14.698161,297.242177
13.889061,0.641578,46.852377,19.175728,19.175728,292.637471
17.476665,0.825483,65.382402,19.304978,19.304978,309.099689
17.445207,0.819980,64.671543,20.190367,20.190367,312.847166
17.235349,0.933326,65.108669,12.086572,12.086572,314.143089
17.744157,0.925293,65.846024,17.331607,17.331607,310.148793
17.803261,0.867500,63.243587,19.748153,19.748153,300.109450
17.566394,0.880845,64.383155,15.619614,15.619614,299.305374
15.104023,1.029934,60.489596,20.986763,20.986763,297.517413
11.854440,0.634025,50.328396,20.296097,20.296097,276.494074
12.392912,0.577672,57.419953,24.726016,24.726016,286.480072
18.162690,0.767819,64.353235,20.267328,20.267328,301.475197
17.975904,0.676201,60.771232,20.111774,20.111774,288.542565
17.915487,0.712202,60.676798,23.425581,23.425581,289.433202
9.292484,0.580360,28.966620,22.479840,22.479840,237.092138
17.371318,0.582729,47.367873,18.113410,18.113410,301.635743
17.341622,0.758987,53.203732,17.436152,17.436152,274.454621
17.018194,0.725259,57.619603,19.390260,19.390260,278.431126
16.266567,0.755755,52.391721,24.298170,24.298170,287.781307
9.493735,0.620425,31.046169,21.701012,21.701012,226.975994
8.369367,0.363878,25.643276,20.193663,20.193663,218.718309
15.931107,0.801547,45.532551,19.999484,19.999484,252.962860
15.590974,0.968781,55.845114,19.379059,19.379059,262.158734
11.444227,0.715882,50.222922,18.445543,18.445543,249.070389
10.011182,0.645962,37.482228,14.304971,14.304971,222.536827
13.321277,0.607433,45.889484,11.063517,11.063517,240.141269
15.352859,0.961325,52.068580,17.842270,17.842270,248.597774
14.295724,0.884684,53.802461,16.608044,16.608044,226.113710
9.230980,0.538023,33.902434,15.534525,15.534525,213.882177
13.605121,0.632521,64.818874,18.014272,18.014272,239.956019
18.852908,0.577416,63.624329,17.012754,17.012754,239.632142
20.783560,0.582920,69.804096,18.421477,18.421477,248.364234
21.652084,0.694794,74.273024,17.206932,17.206932,252.859914
21.567443,0.617225,70.433545,19.530421,19.530421,278.103889
21.828630,0.579784,73.366899,19.503349,19.503349,254.587106
21.474833,0.661993,69.985091,20.585380,20.585380,252.806505
22.382334,0.555752,77.260842,21.902967,21.902967,269.801019
22.352030,0.533767,75.833174,22.243132,22.243132,288.366595
22.483679,0.571176,74.289728,21.808950,21.808950,286.647594
14.377356,0.409798,47.939050,20.439715,20.439715,224.127282
24.223384,0.550664,71.031889,17.727228,17.727228,288.888522
25.510698,0.573928,71.171060,24.956290,24.956290,273.496143
26.069971,0.505895,67.320189,21.307503,21.307503,287.740122
15.768032,0.327237,47.870952,16.184262,16.184262,237.700915
27.388838,0.654793,74.746567,25.490859,25.490859,302.013414
14.093192,0.391622,38.224895,28.003630,28.003630,245.709637
14.017511,0.335013,39.738581,26.482617,26.482617,254.451105
28.164048,0.574440,60.142583,35.685628,35.685628,317.820774
26.013906,0.490279,56.115101,28.517077,28.517077,314.968957
25.290951,0.465735,86.070407,28.247281,28.247281,336.663377
24.572477,0.454247,77.171913,26.799869,26.799869,322.070210
22.880549,0.439495,80.101362,32.675441,32.675441,336.718227
23.246187,0.525511,77.818131,34.479274,34.479274,334.955034
24.423388,0.542247,78.972611,36.282531,36.282531,343.504819
13.518400,0.406246,48.549010,30.727829,30.727829,299.008699
16.571212,0.532807,63.832812,28.689240,28.689240,333.883115
12.625940,0.441382,46.792857,24.287129,24.287129,296.829276
15.298233,0.778763,59.237482,28.976828,28.976828,310.069560
16.736398,0.517800,56.699046,22.802660,22.802660,313.324934
23.862771,0.472999,70.687692,29.932106,29.932106,358.264165
19.340339,0.431270,53.025362,22.931526,22.931526,315.773193
16.362153,0.389414,45.787915,27.338884,27.338884,304.229925
24.697151,0.549960,62.645978,27.081505,27.081505,334.541780
24.680127,0.617832,73.149232,27.477991,27.477991,366.277207
25.430089,0.594281,70.589387,30.040619,30.040619,355.353819
15.004374,0.440262,41.431373,26.272245,26.272245,314.713434
13.216220,0.312740,38.301793,25.408841,25.408841,308.486785
12.952440,0.396838,35.644346,22.658466,22.658466,315.185312
22.690403,0.474983,55.583350,28.281522,28.281522,364.908132
23.166121,0.542120,53.378294,26.251318,26.251318,336.601617
15.442748,0.429478,48.570162,33.551805,33.551805,327.073322
27.418150,0.693226,77.405420,33.506173,33.506173,373.916900
13.479584,0.419750,42.277401,24.306682,24.306682,312.708798
26.180660,0.734442,72.845420,26.195252,26.195252,366.747517
19.536726,0.677066,50.907892,21.820182,21.820182,314.662394
24.914082,0.769259,70.580811,27.818188,27.818188,359.444278
20.065693,0.605544,51.531997,21.490225,21.490225,312.922592
24.561886,0.795275,70.555659,21.706293,21.706293,314.883229
21.043659,0.676554,54.043136,26.202164,26.202164,297.221121
23.931701,0.769963,72.146497,26.449880,26.449880,319.550687
24.191992,0.837067,77.250987,22.391422,22.391422,322.110467
24.861378,0.809323,87.211032,25.794958,25.794958,340.882318
12.728181,0.645962,40.844132,25.929201,25.929201,273.416016
26.012722,0.822123,70.506283,27.693514,27.693514,316.722615
16.767055,0.610216,54.216771,21.668820,21.668820,293.333291
27.100033,0.817708,79.183622,29.548996,29.548996,365.407339
25.517738,0.725931,62.324598,31.392671,31.392671,350.988446
28.268082,0.753482,69.364474,28.485621,28.485621,332.993854
28.956156,0.765675,75.089995,45.049185,45.049185,357.170006
23.704721,0.662634,50.543374,28.178257,28.178257,309.749876
25.033924,0.676394,64.188784,34.348584,34.348584,328.628928
26.260341,0.741675,82.607318,29.907753,29.907753,370.942842
18.930574,0.475654,66.193837,43.084805,43.084805,342.201730
28.978268,0.542952,73.062062,32.915508,32.915508,353.663236
14.001095,0.448134,41.545423,39.050732,39.050732,322.281670
25.560075,0.568553,65.790919,33.418748,33.418748,342.429093
23.365932,0.572744,83.880809,33.922594,33.922594,363.706579
15.038646,0.457319,56.188319,28.216785,28.216785,317.513315
20.392034,0.761355,70.364489,30.053996,30.053996,343.596950
21.859031,0.692970,80.723004,30.863511,30.863511,350.779324
12.016171,0.403109,44.837598,26.800445,26.800445,304.640555
11.122110,0.525960,40.273020,33.804608,33.804608,311.314378
23.910516,0.696554,82.069359,35.530873,35.530873,387.742857
23.925108,0.567560,72.666409,30.047691,30.047691,383.094119
21.291566,0.550920,54.330565,40.377726,40.377726,335.503458
28.060239,0.693194,74.429987,49.926181,49.926181,375.850528
28.765497,0.619689,67.825444,32.865492,32.865492,349.032355
21.571411,0.383685,62.548154,33.782464,33.782464,348.272728
20.577572,0.380934,47.100382,43.037508,43.037508,322.883567
23.455213,0.414054,58.997127,32.193705,32.193705,334.051406
32.821458,0.451751,67.910501,38.615717,38.615717,352.996795
23.821298,0.436230,66.956409,40.297725,40.297725,344.086300
33.368410,0.504039,85.536864,45.034561,45.034561,415.103758
34.404362,0.388197,86.862867,34.840847,34.840847,405.001151
16.610220,0.272452,47.733831,40.889061,40.889061,337.504255
29.825896,0.388902,69.803072,35.495544,35.495544,344.605924
36.878253,0.373573,90.371813,38.897577,38.897577,410.834514
30.975640,0.340037,59.921620,36.647369,36.647369,345.385743
38.919594,0.382725,85.087642,40.294013,40.294013,414.606216
39.484370,0.380005,90.700106,44.147860,44.147860,409.147098
39.821302,0.425702,75.088300,50.739730,50.739730,384.257816
28.868026,0.297509,66.772117,40.554113,40.554113,357.146006
38.955434,0.479655,72.563528,35.001201,35.001201,372.737012
38.400994,0.474470,69.581630,37.864314,37.864314,369.743753
23.365964,0.263716,46.323794,38.165342,38.165342,357.371065
38.463107,0.580489,74.743974,40.675074,40.675074,417.601107
26.848221,0.598985,65.591845,35.101267,35.101267,377.189683
18.127042,0.328549,43.933360,42.502076,42.502076,349.539498
38.474947,0.604488,70.510219,42.703583,42.703583,388.830361
39.877239,0.469863,72.307684,39.329263,39.329263,395.003889
20.633477,0.277156,45.750827,43.295879,43.295879,366.498587
41.160457,0.459110,76.754372,46.295666,46.295666,407.133437
29.192575,0.406310,59.996341,40.915846,40.915846,371.046140
40.036762,0.487687,74.161630,37.754297,37.754297,400.438207
20.094654,0.344069,45.855692,38.627717,38.627717,351.120577
37.725336,0.542152,76.433439,40.768707,40.768707,422.193875
37.823194,0.519815,73.705208,31.566785,31.566785,389.802631
28.343187,0.587113,70.604844,38.288192,38.288192,389.442050
28.612631,0.563848,79.404073,43.226183,43.226183,401.443437
17.054675,0.348805,49.210651,45.129218,45.129218,358.749454
34.044676,0.493127,80.669307,39.969976,39.969976,405.299171
16.039205,0.261155,49.145467,45.695338,45.695338,354.715701
21.404656,0.474119,52.769166,29.534980,29.534980,349.814318
31.325501,0.639913,79.244167,41.915284,41.915284,408.099755
33.195800,0.624073,77.450766,32.090760,32.090760,391.671362
36.671402,0.551464,68.055592,47.633253,47.633253,397.300498
34.556875,0.508903,67.693507,43.674477,43.674477,382.064985
31.740708,0.513639,70.963505,37.564951,37.564951,382.489184
35.921919,0.588776,84.962296,40.509312,40.509312,414.384869
35.349654,0.552520,72.174371,35.855390,35.855390,385.224678
17.992832,0.320228,48.652980,40.177083,40.177083,353.228607
22.866214,0.515399,51.290393,36.898060,36.898060,355.526688
33.808256,0.532232,82.467445,40.399262,40.399262,403.260103
35.399608,0.574984,70.602316,41.011815,41.011815,388.722392
26.524089,0.410790,63.015456,35.423063,35.423063,402.025077
18.381893,0.400614,42.061174,37.470900,37.470900,338.000679
23.338412,0.490375,50.286987,44.908735,44.908735,358.347656
21.136716,0.481415,51.960931,38.782375,38.782375,381.345295
24.049334,0.483719,55.472117,41.915284,41.915284,360.790059
20.781127,0.504327,49.612802,41.832211,41.832211,349.987857
23.364269,0.560328,62.373495,42.908675,42.908675,367.347817
31.493952,0.688713,68.871380,30.817302,30.817302,368.932510
31.570209,0.642345,76.186299,39.050667,39.050667,383.388876
16.104037,0.365829,44.008146,41.524878,41.524878,339.512444
23.629776,0.620585,69.180952,30.974713,30.974713,368.347703
34.180006,0.642825,71.166804,36.553672,36.553672,372.753109
24.285881,0.442150,49.377023,33.953923,33.953923,338.569807
26.934207,0.401030,56.745095,40.820388,40.820388,403.989585
38.973611,0.617160,75.389905,36.895629,36.895629,406.776986
40.196507,0.552264,76.104347,37.383700,37.383700,391.600673
38.740231,0.519143,84.720597,38.320641,38.320641,409.290621
23.380013,0.422598,53.446776,43.696718,43.696718,347.582128
39.751605,0.516135,77.895124,43.777006,43.777006,482.179177
35.069906,0.489991,80.409208,34.523915,34.523915,394.301319
41.014792,0.491271,80.831613,41.408429,41.408429,391.405663
41.559791,0.692554,93.733109,39.220142,39.220142,406.441652
19.181617,0.285444,49.388766,38.915562,38.915562,346.146331
27.072609,0.408902,69.171352,40.683043,40.683043,363.055532
39.020491,0.497831,99.864428,38.717063,38.717063,413.665883
25.411817,0.505063,83.577925,39.440465,39.440465,381.764405
34.073605,0.499047,102.710549,31.806468,31.806468,410.942901
34.502282,0.530632,91.523926,35.824861,35.824861,409.437471
25.063813,0.487239,60.798944,40.190267,40.190267,357.544893
23.861779,0.478695,69.864674,40.141467,40.141467,368.944127
30.903832,0.706186,74.921514,37.413204,37.413204,385.567084
30.934968,0.653290,71.849182,41.918772,41.918772,389.441284
29.341762,0.649193,72.667593,33.362458,33.362458,383.875444
14.574991,0.373126,39.695924,24.527741,24.527741,341.663004
27.945742,0.652521,79.920433,34.777199,34.777199,393.953476
20.415682,0.500263,56.138303,37.770361,37.770361,357.067862
23.036391,0.559368,72.226532,32.666960,32.666960,374.785170
21.846166,0.749419,81.724778,33.461820,33.461820,455.690769
22.392383,0.818699,77.727186,36.685674,36.685674,395.275990
21.774198,0.821772,70.706477,37.292434,37.292434,444.553395
16.352713,0.632457,47.616869,38.440355,38.440355,336.771862
11.130239,0.395077,35.833374,33.693023,33.693023,314.475225
14.007175,0.523944,44.167476,32.157673,32.157673,316.664760
20.252576,0.563112,61.106341,29.493444,29.493444,363.883736
14.218410,0.541192,42.184824,19.019375,19.019375,184.244253
16.670381,0.507112,46.892571,28.705977,28.705977,181.408533
12.915128,0.539527,48.090188,27.473158,27.473158,179.171892
11.821768,0.442694,47.147935,28.136720,28.136720,161.988672
14.250315,0.584616,59.972565,29.379458,29.379458,183.067596
16.035620,0.609545,49.212188,28.235569,28.235569,159.476125
14.265931,0.545000,55.121968,23.855827,23.855827,151.650957
14.434254,0.582056,38.497124,27.604841,27.604841,139.155228
13.066425,0.467431,43.125062,23.818451,23.818451,130.689347
17.151316,0.450855,58.355870,27.390598,27.390598,152.183989
16.266663,0.375174,64.296242,20.770215,20.770215,148.862725
16.000676,0.453990,51.799553,23.250123,23.250123,151.988466
15.234873,0.307556,50.250123,16.342312,16.342312,122.041736
8.733660,0.124386,23.319500,23.856883,23.856883,85.242365
