1403636859051666432.000000 1.892226696 2.289851427 -4.129918098 -0.529035211 -0.616850138 -0.352121651 0.464357674
1403636861951666432.000000 1.966881275 2.304517508 -3.935715437 -0.554589093 -0.621172845 -0.360898703 0.419913560
1403636864551666432.000000 1.961364031 2.307139635 -3.697936535 -0.565477788 -0.605625212 -0.371995568 0.418416560
1403636866201666560.000000 1.946806192 2.311949253 -3.660808802 -0.549294055 -0.583138585 -0.396033794 0.448756814
1403636868951666432.000000 1.932968974 2.165194511 -3.921216011 -0.638249397 -0.681568503 -0.232802436 0.271855175
1403636871251666432.000000 2.381065845 2.320842505 -3.949815035 -0.682105422 -0.631872118 -0.259318948 0.261196613
1403636873801666560.000000 2.328279495 2.322021008 -3.969641685 -0.680430472 -0.642050087 -0.240267769 0.258954704
1403636876101666560.000000 2.008084536 2.036802292 -3.993577242 -0.772438049 -0.506256282 -0.285702288 0.255769700
1403636876251666432.000000 2.082715511 2.026049137 -3.986778498 -0.786878109 -0.478525281 -0.305296004 0.242137626
1403636876501666560.000000 2.219076395 2.081315517 -3.988155365 -0.801737964 -0.459062994 -0.315078557 0.217262253
1403636876701666560.000000 2.308127880 2.183442116 -3.982488871 -0.785322189 -0.469437897 -0.336583614 0.222730026
1403636878501666560.000000 2.021709919 2.089574099 -4.021625996 -0.710492849 -0.590493202 -0.258718044 0.282104015
1403636878851666432.000000 2.230497837 2.145020485 -3.994836569 -0.739976048 -0.542801797 -0.308668524 0.250050902
1403636879051666432.000000 2.310828924 2.221790314 -3.985856771 -0.743962765 -0.537406564 -0.309812337 0.248455167
1403636879401666560.000000 2.315746546 2.380526066 -3.959884882 -0.709311187 -0.554862797 -0.329040378 0.284143209
1403636880701666560.000000 2.061162710 2.061291933 -3.905892134 -0.698003650 -0.582347274 -0.309534192 0.279018164
1403636880951666432.000000 1.989580631 1.992878199 -3.898928642 -0.697373271 -0.587809026 -0.295215040 0.284603506
1403636881101666560.000000 1.933434606 1.994657755 -3.896030426 -0.676495850 -0.599951446 -0.299141020 0.304838300
1403636881301666560.000000 1.866754055 2.037153959 -3.892387629 -0.641333103 -0.627441168 -0.286418736 0.336115718
1403636882651666432.000000 2.129832268 2.315872192 -3.997983217 -0.606368363 -0.633793652 -0.317527980 0.360276371
1403636885451666432.000000 2.012080431 2.457926989 -4.184655666 -0.440152764 -0.664628446 -0.310809761 0.517621398
1403636888051666432.000000 2.012008667 2.457405090 -4.183138847 -0.440271020 -0.665149748 -0.310503244 0.517034888
1403636890901666560.000000 1.979763031 2.445008755 -4.202795029 -0.441990942 -0.661506772 -0.313918889 0.518177271
1403636893851666432.000000 2.012200356 2.459169865 -4.184954643 -0.440790862 -0.663480282 -0.309686333 0.519222200
1403636896451666432.000000 2.006849527 2.444810867 -4.160860062 -0.442466199 -0.664996982 -0.308461547 0.516579330
1403636899151666432.000000 2.068819046 2.503916264 -3.954501152 -0.451014638 -0.688448489 -0.301503837 0.481372952
1403636901451666432.000000 2.467561722 3.065449476 -3.752676010 -0.522001803 -0.635101199 -0.349884927 0.449155986
1403636904351666432.000000 3.511357784 4.045592308 -3.682713032 -0.520601034 -0.633059025 -0.347004801 0.455849290
1403636906751666432.000000 4.123417377 5.027430058 -3.530234814 -0.510215282 -0.643666148 -0.346932262 0.452782869
1403636907251666432.000000 4.172623634 5.272096157 -3.543740034 -0.503147900 -0.656627119 -0.348162621 0.440982848
1403636907901666560.000000 4.216834068 5.663979053 -3.485501766 -0.513285398 -0.650086164 -0.328273058 0.454051733
1403636909101666560.000000 4.372515678 6.536261082 -3.432137251 -0.496467710 -0.665220439 -0.326055259 0.452426255
1403636910251666432.000000 4.507814884 7.505279064 -3.536417723 -0.483395904 -0.657070398 -0.354798049 0.456842750
1403636913051666432.000000 4.650381565 9.231197357 -3.661868334 -0.496040702 -0.648923576 -0.342773139 0.464056432
1403636914901666560.000000 5.245010853 10.141490936 -3.681475163 -0.491552383 -0.654094338 -0.353029519 0.453769803
1403636917551666432.000000 5.878295422 11.137362480 -3.759913445 -0.563836813 -0.588338971 -0.409459800 0.410229236
1403636920051666432.000000 5.968748093 11.496929169 -3.454995871 -0.607744217 -0.528988063 -0.441432059 0.394913107
1403636922751666432.000000 6.406784058 10.983934402 -3.650840044 -0.641261458 -0.507733822 -0.460071862 0.345433086
1403636925401666560.000000 6.931145668 11.349965096 -3.878740311 -0.692790270 -0.453964472 -0.475542307 0.296340138
1403636928151666432.000000 8.156724930 12.491071701 -4.080986977 -0.759309709 -0.346893430 -0.503228366 0.223326832
1403636931051666432.000000 9.669077873 13.398218155 -3.932617903 -0.750213504 -0.316502452 -0.516743183 0.264541835
1403636933551666432.000000 9.531253815 12.558243752 -3.799477577 -0.798592865 -0.233653545 -0.532355487 0.155734465
1403636936201666560.000000 8.609162331 11.455024719 -3.891525745 -0.829558492 -0.079227909 -0.549378097 0.061150722
1403636939151666432.000000 8.386964798 10.453455925 -4.126492023 -0.815223277 -0.030322853 -0.577328324 0.034401156
1403636939651666432.000000 8.241131783 10.166989326 -4.142927170 -0.801845968 -0.038481090 -0.594901800 0.040670428
1403636939951666432.000000 8.118705750 9.991436958 -4.110351086 -0.802664340 -0.034069043 -0.593842030 0.043827292
1403636941401666560.000000 7.403076172 8.999989510 -4.091455460 -0.816597283 -0.009133065 -0.577046394 0.010151663
1403636941901666560.000000 7.221105099 8.661518097 -4.080867767 -0.817898571 -0.019634698 -0.574772894 0.017105253
1403636944651666432.000000 6.293875694 6.875043392 -4.204350471 -0.814836502 -0.053887930 -0.577102602 0.009503795
1403636947501666560.000000 5.734909534 6.592806816 -4.703719139 -0.841055393 -0.037075467 -0.539124489 0.024414608
1403636948801666560.000000 6.160989761 6.622748852 -4.880895615 -0.812243044 -0.072979115 -0.578718364 0.004522203
1403636949901666560.000000 6.475888252 7.167784214 -5.013898849 -0.820712626 -0.054243598 -0.566498935 0.050669719
1403636950201666560.000000 6.538336754 7.260526180 -5.009213448 -0.828468680 -0.055396959 -0.555338085 0.046588451
1403636950501666560.000000 6.642889500 7.347109795 -5.030335426 -0.818566382 -0.064108767 -0.569924772 0.032013636
1403636953301666560.000000 7.721625805 8.502464294 -5.202250004 -0.826507866 -0.049039293 -0.558122456 0.054582730
1403636954101666560.000000 8.076282501 8.815396309 -5.190105438 -0.824504912 -0.070992880 -0.560200751 0.036425084
1403636955851666432.000000 8.982472420 9.966853142 -5.287001133 -0.817775846 -0.032666709 -0.574538946 0.008971950
1403636956101666560.000000 9.089799881 10.162258148 -5.284875870 -0.816872597 -0.011317908 -0.575734317 0.033484228
1403636956401666560.000000 9.208621979 10.361118317 -5.254382610 -0.818689466 -0.013544452 -0.573653281 0.022047328
1403636956701666560.000000 9.310222626 10.544963837 -5.273826599 -0.809562683 -0.031233221 -0.584944129 0.038380224
1403636957251666432.000000 9.416544914 10.818068504 -5.277563572 -0.798236370 -0.163424566 -0.567892849 0.116657332
1403636959701666560.000000 9.732932091 11.541189194 -5.432005405 -0.729800463 -0.365617663 -0.520023763 0.251575768
1403636960851666432.000000 9.693923950 11.929871559 -5.509139538 -0.719233155 -0.382818490 -0.516050994 0.264282197
1403636963801666560.000000 8.596974373 12.335360527 -5.101018906 -0.491359681 -0.647923946 -0.360011101 0.457331598
1403636964101666560.000000 8.454896927 12.260491371 -5.021610260 -0.492160589 -0.644985437 -0.365345269 0.456393003
1403636964351666432.000000 8.331496239 12.177254677 -4.958491325 -0.489256501 -0.644983888 -0.367652118 0.457663417
1403636966401666560.000000 6.819765568 11.112383842 -4.477058411 -0.400824875 -0.701998889 -0.295855701 0.508926690
1403636966901666560.000000 6.505763531 10.825319290 -4.492746830 -0.411141276 -0.694357812 -0.296837956 0.510604799
1403636968201666560.000000 6.041838169 9.840971947 -4.654239655 -0.410273463 -0.691403210 -0.309534878 0.507765234
1403636968451666432.000000 5.975278854 9.602280617 -4.729495525 -0.411692053 -0.692868412 -0.307979405 0.505560875
1403636968901666560.000000 5.887561321 9.120251656 -4.745249271 -0.408359438 -0.695560217 -0.314561039 0.500489771
1403636969301666560.000000 5.799045563 8.658960342 -4.687917233 -0.421980172 -0.701211989 -0.297182828 0.491850466
1403636969601666560.000000 5.736592770 8.320029259 -4.606726170 -0.426968187 -0.708465815 -0.294387758 0.478654534
1403636969901666560.000000 5.656033039 8.018534660 -4.577343464 -0.427432746 -0.708020508 -0.295992732 0.477908552
1403636970451666432.000000 5.490459919 7.528248787 -4.623445034 -0.421207041 -0.703233778 -0.300355881 0.487681568
1403636972201666560.000000 4.963447094 6.726551056 -4.735151291 -0.421797544 -0.697075844 -0.285041988 0.504899323
1403636972701666560.000000 4.973049164 6.652166367 -4.685185909 -0.420557201 -0.701678276 -0.290617853 0.496306866
1403636973201666560.000000 5.004040241 6.607232094 -4.686136723 -0.444656342 -0.692424953 -0.302815318 0.480761200
1403636974151666432.000000 5.028053284 6.552796364 -4.818958759 -0.470177561 -0.675152838 -0.321363032 0.468857825
1403636977101666560.000000 5.402156830 6.470570564 -5.099535942 -0.736138165 -0.377599716 -0.491308987 0.272276729
1403636978651666432.000000 6.086459160 6.473906517 -5.267785072 -0.742735624 -0.385973960 -0.486513734 0.250344425
1403636978951666432.000000 6.238313198 6.508771420 -5.282197952 -0.740543604 -0.384453863 -0.490778804 0.250852048
1403636979251666432.000000 6.400952339 6.583203793 -5.338256359 -0.728220999 -0.378038198 -0.508575916 0.261021048
1403636979801666560.000000 6.673782825 6.776563168 -5.387729168 -0.742404819 -0.384368509 -0.490216732 0.246543035
1403636980901666560.000000 7.166234493 7.406382561 -5.499747753 -0.728934169 -0.371134073 -0.513768554 0.258759588
1403636981401666560.000000 7.325873852 7.667488098 -5.537310123 -0.733914554 -0.353098333 -0.507601738 0.281125635
1403636981751666432.000000 7.439486504 7.818836689 -5.585207462 -0.735522211 -0.369352251 -0.512571573 0.244656026
1403636982151666432.000000 7.557601929 8.017170906 -5.553373337 -0.758071542 -0.369367152 -0.485575467 0.230460078
1403636982751666432.000000 7.840281487 8.465525627 -5.559436321 -0.742974699 -0.356983304 -0.503826082 0.258284390
1403636985451666432.000000 9.099214554 10.731073380 -5.592435360 -0.736575067 -0.361638665 -0.519739151 0.237793759
1403636988301666560.000000 8.464888573 12.553330421 -5.432788372 -0.718843222 -0.371099204 -0.504379630 0.301912308
1403636991251666432.000000 7.549200535 10.350051880 -5.152688026 -0.714277923 -0.395335615 -0.509735286 0.271453351
1403636993051666432.000000 6.934803486 9.078511238 -4.886934757 -0.730534077 -0.374054968 -0.515099108 0.247135162
1403636993351666432.000000 6.830446720 8.939137459 -4.880278587 -0.717329502 -0.385174036 -0.511920512 0.273891956
1403636994101666560.000000 6.549563408 8.548928261 -4.729021072 -0.671537280 -0.451206535 -0.490868032 0.323263049
1403636996901666560.000000 5.295813560 6.298946381 -4.454671860 -0.638110220 -0.518728435 -0.442152739 0.358102143
1403636998101666560.000000 4.965609550 5.596143723 -4.312816143 -0.601009071 -0.571793258 -0.408790350 0.380435377
1403636998601666560.000000 4.851235867 5.502018452 -4.158045292 -0.602821946 -0.563905776 -0.415131956 0.382467628
1403637000301666560.000000 4.352375031 5.100071907 -3.989698648 -0.593308032 -0.554985464 -0.437143832 0.385852426
1403637002701666560.000000 3.243421793 3.819312572 -3.911914110 -0.602010369 -0.552024007 -0.436409831 0.377358705
1403637003101666560.000000 3.063764095 3.616985798 -3.885134935 -0.607979119 -0.546284676 -0.433548957 0.379433364
1403637003851666432.000000 2.723827839 3.232378006 -3.878626585 -0.611751616 -0.540918291 -0.434043258 0.380491734
1403637004201666560.000000 2.577980995 3.060489178 -3.893559933 -0.611224890 -0.551065326 -0.428753436 0.372695237
1403637004501666560.000000 2.457478762 2.943528175 -3.894492149 -0.608111322 -0.545948684 -0.432703882 0.380668074
1403637004801666560.000000 2.336507797 2.829573870 -3.825294733 -0.620871663 -0.528046191 -0.423509389 0.395380110
1403637005101666560.000000 2.251707792 2.714977026 -3.853198528 -0.625824630 -0.532787561 -0.423820883 0.380600601
1403637005401666560.000000 2.202863932 2.610677481 -3.924646616 -0.621614933 -0.538174331 -0.429903597 0.373023093
1403637005751666432.000000 2.146840811 2.506377220 -3.975530863 -0.620588243 -0.541076958 -0.422967583 0.378423601
1403637006251666432.000000 2.070915222 2.403589725 -3.938513994 -0.616001070 -0.540713847 -0.427812129 0.380983055
1403637006751666432.000000 2.025438786 2.352560043 -3.950323820 -0.607603312 -0.549726009 -0.415762573 0.394665658
1403637007051666432.000000 2.017824411 2.339946032 -3.962544441 -0.568810463 -0.589695156 -0.395424783 0.415154904
1403637007301666560.000000 2.019397259 2.333551407 -3.984607220 -0.537928939 -0.608694017 -0.394360453 0.429655701
1403637007651666432.000000 2.016706467 2.299115181 -4.032974720 -0.535718560 -0.619911373 -0.384282857 0.425490648
1403637007951666432.000000 1.996270895 2.275465250 -4.067064285 -0.542810142 -0.612346411 -0.381022781 0.430361122
1403637008201666560.000000 1.970504165 2.266051531 -4.102632046 -0.550773144 -0.615071952 -0.378531694 0.418388903
1403637008501666560.000000 1.929156542 2.275927544 -4.095563412 -0.554617047 -0.610822260 -0.382922262 0.415531784
1403637008801666560.000000 1.875674963 2.308895588 -4.087391376 -0.565682769 -0.593277276 -0.373986900 0.433772832
1403637009101666560.000000 1.857195258 2.347178698 -4.107210636 -0.567575932 -0.596311390 -0.376267940 0.425079644
1403637009551666432.000000 1.874991298 2.405551672 -4.052504063 -0.531848431 -0.599280834 -0.378770828 0.463176459
1403637009851666432.000000 1.867399096 2.445863485 -4.135406494 -0.536801696 -0.578034818 -0.386273026 0.478030324
1403637010001666560.000000 1.850916505 2.485656738 -4.150309086 -0.537007451 -0.578678846 -0.385988683 0.477248967
1403637010201666560.000000 1.825873733 2.538489819 -4.170198441 -0.536131680 -0.578771293 -0.387152821 0.477178425
1403637010451666432.000000 1.796471357 2.599263430 -4.190099239 -0.536360025 -0.578530788 -0.386981249 0.477352679
1403637010601666560.000000 1.776744008 2.632114410 -4.202936649 0.536378741 0.577923775 0.387271732 -0.477831066
