1413393216555760384.000000 -0.230419949 0.303469062 0.379545689 -0.581109583 -0.554097414 -0.423777759 0.419166148
1413393219255760384.000000 -0.743690073 -0.167930394 0.646456301 -0.606879592 -0.559100211 -0.404709965 0.394098908
1413393221905760512.000000 -0.921710253 -0.124439836 1.158453584 -0.592617750 -0.558263958 -0.425040245 0.395583719
1413393223355760384.000000 -0.968122542 0.217755109 1.190716624 -0.589128792 -0.576051414 -0.406013519 0.395278662
1413393223805760512.000000 -0.998823047 0.442126453 1.096879125 -0.584654510 -0.566115558 -0.421621293 0.399909854
1413393224205760512.000000 -1.057898402 0.628356099 1.063229918 -0.590897620 -0.557313561 -0.427866966 0.396448672
1413393226055760384.000000 -1.207458138 1.195244312 0.760314882 -0.726798713 -0.367714375 -0.518705904 0.259795904
1413393229005760512.000000 -0.514151692 1.964851975 0.612954259 -0.816421926 -0.112500280 -0.559017718 0.091095127
1413393231605760512.000000 1.055096626 2.630493164 0.521891117 -0.798204839 -0.004349026 -0.602032125 0.020182364
1413393232055760384.000000 1.326383591 2.712407827 0.470995963 0.809780359 -0.046040107 0.584831297 -0.010420674
1413393232505760512.000000 1.543385029 2.655635118 0.432421923 0.806902587 -0.118238129 0.576277912 0.053214516
1413393232905760512.000000 1.737652302 2.548172474 0.339914739 0.803346336 -0.148198053 0.571578085 0.077269681
1413393233155760384.000000 1.865329027 2.456158400 0.325779080 0.808640361 -0.140028253 0.563980401 0.091755487
1413393233655760384.000000 2.131660461 2.263223886 0.430343390 0.786918998 -0.178736567 0.574132025 0.138507381
1413393233905760512.000000 2.244245529 2.180245876 0.538896084 0.772657096 -0.218226984 0.571960509 0.168045565
1413393234155760384.000000 2.351290226 2.116240740 0.642579556 0.758229733 -0.266558051 0.567169309 0.179870814
1413393234355760384.000000 2.428898573 2.068336725 0.695613682 0.726146340 -0.308650911 0.587656856 0.179180413
1413393237205760512.000000 2.315164804 1.690655828 0.838965714 0.558694363 -0.595246375 0.388500690 0.427328527
1413393239905760512.000000 2.494392395 0.732100725 0.830806255 0.543836653 -0.614727080 0.404251695 0.403649569
1413393242705760512.000000 2.426667690 -0.351947069 0.622265160 0.536056519 -0.619020700 0.410577655 0.401101947
1413393245305760512.000000 2.336680174 -0.267846465 0.649015546 0.659472585 -0.491033942 0.462433666 0.331868559
1413393247855760384.000000 2.443176746 0.018178569 0.245297641 0.690766811 -0.462370366 0.487598509 0.267025560
1413393250555760384.000000 2.268621683 -0.106688216 0.133427247 0.659235895 -0.459000409 0.500323653 0.323114336
1413393250855760384.000000 2.333603621 -0.082816862 0.105653115 0.663025498 -0.466658413 0.497030705 0.309172571
1413393253655760384.000000 2.332300186 0.103835680 0.322872639 0.394656450 -0.722246349 0.277622581 0.495512038
1413393254705760512.000000 2.241884232 -0.219005212 0.559957206 0.328136176 -0.754742265 0.220106155 0.523683190
1413393256655760384.000000 1.954941511 -0.763500750 0.694226205 0.311028898 -0.761840343 0.226950288 0.520916402
1413393257155760384.000000 1.799512744 -0.952701151 0.659022987 0.320549041 -0.752177477 0.237050191 0.524675786
1413393257905760512.000000 1.533477545 -1.272048831 0.569631636 0.314000517 -0.753690660 0.225554019 0.531488061
1413393260655760384.000000 1.072779059 -2.401611090 0.605474234 0.695709050 -0.336690754 0.537481785 0.337255985
1413393262405760512.000000 1.373001456 -2.333603859 0.662162662 0.776549399 -0.254936695 0.549959004 0.171824306
1413393265355760384.000000 1.909808159 -2.816911697 0.225373462 0.765970588 -0.207186759 0.589949906 0.149405390
1413393267905760512.000000 1.883321881 -2.780733347 0.413622916 -0.791587830 -0.172300488 -0.575906217 0.109696753
1413393269355760384.000000 1.857661963 -2.792883873 0.413098812 -0.782280087 -0.180322185 -0.582268894 0.128392816
1413393269755760384.000000 1.818542957 -2.763897419 0.351157218 -0.783980846 -0.194048166 -0.565635920 0.166659415
1413393271805760512.000000 1.838011622 -2.625610113 0.129871726 -0.806324005 -0.097191177 -0.580216348 0.061192743
1413393272455760384.000000 1.784645438 -2.430359364 0.188228488 -0.808618724 -0.019162454 -0.587610066 0.021975424
1413393272955760384.000000 1.724223852 -2.290402174 0.258059919 0.808536470 -0.053956147 0.583211601 0.056760669
1413393275805760512.000000 1.411709189 -1.582207084 0.486511588 0.576807320 -0.569431484 0.434609205 0.392627090
1413393278705760512.000000 0.779833317 -1.755985260 0.468467832 0.454256356 -0.685948491 0.363807410 0.436772287
1413393279005760512.000000 0.584977627 -1.768728495 0.502018273 0.474992663 -0.657448888 0.338214427 0.477235883
1413393279505760512.000000 0.315232366 -1.816039205 0.497707963 0.497261792 -0.658009291 0.329514414 0.459537655
1413393280005760512.000000 0.139972299 -1.933603644 0.500894487 0.494781673 -0.640486121 0.353716314 0.468885422
1413393280505760512.000000 0.016129263 -2.032805920 0.523800194 0.483777821 -0.642467737 0.393465251 0.445398062
1413393280805760512.000000 -0.088380471 -2.047840118 0.501214087 0.484670073 -0.654458165 0.398977697 0.421421736
1413393281105760512.000000 -0.259667814 -2.045424461 0.459997386 0.502926648 -0.646088302 0.377953887 0.432186902
1413393281405760512.000000 -0.461779058 -2.053219318 0.477362067 0.515603721 -0.634246826 0.357135564 0.452037722
1413393281755760384.000000 -0.664376915 -2.079385519 0.505824625 0.503792048 -0.633518636 0.357942522 0.465537339
1413393282255760384.000000 -0.875728905 -2.119684935 0.579754174 0.481503874 -0.656866252 0.369555324 0.447336137
1413393282655760384.000000 -1.047760129 -2.144018888 0.645378768 0.493299693 -0.637080252 0.356604844 0.472881794
1413393283155760384.000000 -1.179098368 -2.170482159 0.651465774 0.545067489 -0.607636333 0.383814991 0.431700796
1413393283655760384.000000 -1.221229076 -2.224571466 0.655838788 0.625543654 -0.529851377 0.433822304 0.373832643
1413393284105760512.000000 -1.178900838 -2.301881552 0.564462662 0.687170446 -0.442441434 0.479842812 0.319050610
1413393284705760512.000000 -1.021838903 -2.363584518 0.535647631 0.758140445 -0.305120170 0.535907388 0.211962625
1413393286955760384.000000 -0.447690964 -2.835505724 0.508296788 -0.815860689 -0.036779072 -0.577075422 -0.001651646
1413393287305760512.000000 -0.387265116 -2.847634077 0.543093383 -0.816412687 -0.076670855 -0.570805132 0.042111531
1413393290055760384.000000 0.285908937 -2.786432028 0.526786327 -0.755487680 -0.296026915 -0.541895568 0.218988061
1413393292655760384.000000 0.724631429 -2.749701023 0.330008715 -0.723408163 -0.354262829 -0.536813259 0.251018077
1413393295305760512.000000 -0.460937947 -2.779675722 0.549319804 -0.729852796 -0.370082408 -0.509505987 0.266003162
1413393296005760512.000000 -0.770866215 -2.703073978 0.534158230 -0.727677882 -0.376497328 -0.510430336 0.261142761
1413393297855760384.000000 -1.161690116 -2.148199320 0.363088906 -0.757623851 -0.300661027 -0.522771597 0.249637470
1413393299155760384.000000 -0.931477666 -1.772388697 0.288522512 -0.752362728 -0.317258745 -0.524053037 0.242210060
1413393300505760512.000000 -0.926471591 -1.453818560 0.378792584 -0.742633462 -0.335293442 -0.508252501 0.278842837
1413393300755760384.000000 -0.942143619 -1.411234140 0.410394400 -0.717064977 -0.387457222 -0.492430806 0.305297673
1413393301405760512.000000 -0.972874761 -1.358163595 0.313991308 -0.650449574 -0.461960316 -0.485098869 0.358032346
1413393302555760384.000000 -1.298804283 -1.387068272 0.229455933 -0.615029812 -0.530247569 -0.426949680 0.397856593
1413393302805760512.000000 -1.392355680 -1.381336808 0.253376245 -0.626338363 -0.518912494 -0.424215376 0.398084581
1413393304855760384.000000 -1.817274570 -1.151450038 0.512268841 -0.616817951 -0.536081493 -0.435151279 0.377883226
1413393305105760512.000000 -1.863010883 -1.083850503 0.511601746 -0.616338491 -0.540910184 -0.430943519 0.376604319
1413393305405760512.000000 -1.920243859 -0.987939775 0.531843722 -0.618713260 -0.536923289 -0.438646793 0.369453937
1413393307405760512.000000 -2.566903353 -0.141776428 0.617698193 -0.741559267 -0.341116607 -0.515075505 0.261584789
1413393308255760384.000000 -2.534623384 0.191646829 0.713582873 -0.796479404 -0.171141610 -0.568540096 0.114426114
1413393310155760384.000000 -2.388222218 0.836405456 0.544930041 0.819210112 -0.068001188 0.569362223 0.009860158
1413393311105760512.000000 -2.177654743 0.866730690 0.518843234 0.819191098 -0.062115677 0.569228292 0.032354873
1413393311855760384.000000 -1.922693849 0.813723028 0.417965382 0.813883305 -0.057354961 0.576352954 0.046062686
1413393314055760384.000000 -1.307334781 0.743840158 0.416837245 0.809619009 -0.052224651 0.584112942 0.024530314
1413393316655760384.000000 -0.823034227 1.072762728 0.672608912 -0.803782046 -0.107668877 -0.579191029 0.082944088
1413393318805760512.000000 -0.896809995 1.987232685 0.384004742 -0.805372953 -0.079454511 -0.579755485 0.094577722
1413393319105760512.000000 -0.961220562 2.050054312 0.346703351 -0.795659661 -0.084540136 -0.592597902 0.092770338
1413393319405760512.000000 -1.039710879 2.087176800 0.333670259 -0.812260330 -0.087368093 -0.568892360 0.094664998
1413393319655760384.000000 -1.090425491 2.102805138 0.288845986 -0.826381683 -0.084324725 -0.547132015 0.103098087
1413393319955760384.000000 -1.098111033 2.099572659 0.198214769 -0.814719915 -0.105090246 -0.564356625 0.081787668
1413393320255760384.000000 -1.072757006 2.105029583 0.085973084 -0.795706809 -0.108801089 -0.590868831 0.076727808
1413393320655760384.000000 -1.068802595 2.143450499 0.048316013 -0.811464906 -0.102356583 -0.571083188 0.070085555
1413393321005760512.000000 -1.140044093 2.152586222 0.032736026 -0.813759983 -0.109418035 -0.568499267 0.051292386
1413393321355760384.000000 -1.233783126 2.117158175 0.053849332 -0.796819329 -0.089989953 -0.592018366 0.080591917
1413393321755760384.000000 -1.357152581 2.032856464 0.147504121 -0.792578578 -0.090075605 -0.597413898 0.082475662
1413393322205760512.000000 -1.503143191 1.871937513 0.275090039 -0.791988492 -0.089984164 -0.598253191 0.082159698
1413393322705760512.000000 -1.680944204 1.631789446 0.442612737 -0.791668534 -0.091271564 -0.598453522 0.082364567
1413393323205760512.000000 -1.887019277 1.336520433 0.634641290 -0.791761100 -0.091162965 -0.598362327 0.082257643
1413393323755760384.000000 -2.156372309 0.955831230 0.875151157 -0.792269886 -0.091006853 -0.597671032 0.082556613
1413393324205760512.000000 -2.407928705 0.603395760 1.097148657 -0.792606890 -0.090960652 -0.597251058 0.082411483
1413393324655760384.000000 -2.683333874 0.212477565 1.337424159 -0.792914331 -0.090974197 -0.596809924 0.082635507
1413393324955760384.000000 -2.877999067 -0.069765210 1.507955670 -0.793096185 -0.091048233 -0.596547008 0.082706712
1413393325355760384.000000 -3.148952723 -0.474595219 1.740964293 -0.793137074 -0.090989858 -0.596470118 0.082932800
1413393325755760384.000000 -3.431364059 -0.924616158 1.989498019 -0.793518424 -0.091123007 -0.595903933 0.083208859
1413393325855760384.000000 -3.504002571 -1.041476965 2.054340839 -0.793567896 -0.091120973 -0.595834196 0.083238043
1413393325955760384.000000 -3.577331066 -1.160247684 2.120221138 -0.793611825 -0.091119930 -0.595767319 0.083299354
1413393326105760512.000000 -3.688881159 -1.342128038 2.221002102 -0.793648362 -0.090999015 -0.595726728 0.083373331
