#Stereo rect[ms], MP culling[ms], MP creation[ms], LBA[ms], KF culling[ms], Total[ms]
9.085930,0.035648,0.402118,0.015105,0.015105,9.549969
9.270764,0.116706,1.093969,0.004352,0.004352,10.490143
9.531280,0.212707,6.342592,0.244740,0.244740,27.612065
9.982423,0.287396,27.304860,0.425606,0.425606,61.527073
11.240873,0.408135,18.988670,0.641354,0.641354,63.068568
12.064791,0.399782,22.349681,0.795660,0.795660,72.880301
12.185848,0.405798,30.941939,0.918990,0.918990,84.828448
11.959220,0.375942,24.317455,1.047568,1.047568,83.796497
12.766689,0.262372,31.912546,1.065168,1.065168,91.838507
9.720435,0.197763,25.347902,39.120750,39.120750,122.830238
10.291451,0.200099,27.844229,0.857261,0.857261,77.491154
12.155128,0.302564,46.316924,0.960782,0.960782,121.130885
16.631195,0.557640,47.191785,1.280723,1.280723,118.457852
13.428267,0.319813,39.188847,1.574936,1.574936,115.532976
13.602189,0.294148,31.693855,1.372885,1.372885,115.064873
12.514525,0.249284,38.399300,1.914333,1.914333,119.366891
15.401417,0.307013,44.012120,2.104960,2.104960,136.234441
16.083891,0.335205,44.214972,1.965629,1.965629,142.134914
19.504454,0.349477,61.754405,2.621479,2.621479,183.978329
18.244563,0.305861,45.522191,2.119328,2.119328,187.318636
21.436899,0.248612,52.785501,2.583527,2.583527,176.874574
21.830186,0.492008,59.031675,3.913307,3.913307,197.404069
21.057246,0.318436,56.288018,3.922619,3.922619,301.977743
13.991475,0.363493,36.671306,3.714136,3.714136,141.525976
13.350665,0.214979,32.734223,3.739193,3.739193,152.224570
12.850786,0.213348,30.957139,3.678744,3.678744,138.937714
14.227415,0.236708,40.784679,3.660439,3.660439,143.727450
13.478731,0.209123,40.446851,3.405076,3.405076,144.375460
14.362969,0.259588,41.748502,3.807194,3.807194,149.290670
23.349057,0.350917,69.878847,3.563638,3.563638,197.357316
23.800711,0.482087,81.255755,3.566486,3.566486,230.901918
23.787047,0.514568,66.860593,2.495205,2.495205,201.367232
18.030193,0.342981,50.452058,3.269714,3.269714,180.361636
16.467449,0.371557,46.267771,2.937709,2.937709,176.409032
15.107076,0.400647,42.066139,5.714998,5.714998,174.269896
13.858961,0.285316,37.501270,3.136496,3.136496,162.537270
13.877169,0.261316,38.306211,5.346320,5.346320,163.444867
16.875999,0.200099,53.825517,2.865451,2.865451,185.991544
16.432664,0.201667,49.761327,4.193151,4.193151,176.229060
16.585978,0.169443,49.585452,5.101453,5.101453,181.609750
16.416088,0.170275,41.418257,3.916411,3.916411,162.440309
9.581264,0.041665,0.507688,0.004896,0.004896,10.139321
9.508047,0.112930,1.055152,0.004736,0.004736,10.684513
9.788564,0.141026,1.337076,0.240643,0.240643,23.341408
10.004247,0.136738,1.695802,0.491111,0.491111,27.027416
10.353917,0.046368,2.134881,0.549609,0.549609,24.266255
10.470110,0.041761,2.489574,0.822668,0.822668,27.329757
10.746914,0.041377,2.816618,0.970319,0.970319,30.036582
11.015494,0.021569,3.407667,1.115153,1.115153,33.384824
11.456333,0.024672,4.110782,1.252083,1.252083,36.989870
11.733617,0.029504,4.649158,83.814705,83.814705,123.694027
12.120311,0.023008,5.171950,0.960270,0.960270,38.685800
12.544509,0.007009,5.737334,1.941437,1.941437,59.669797
8.925383,0.043521,0.512135,0.005152,0.005152,9.490608
9.182987,0.126114,1.194002,0.005056,0.005056,10.511903
9.561393,0.242531,1.685306,0.346757,0.346757,24.803543
9.974775,0.243075,7.363792,0.628010,0.628010,35.678491
10.455678,0.245828,20.396340,0.845165,0.845165,59.399073
11.337163,0.364646,18.513367,1.090097,1.090097,65.909603
11.854451,0.404518,28.897332,1.230291,1.230291,84.048469
12.956452,0.507399,37.935933,1.497431,1.497431,100.010214
13.758160,0.515912,43.490352,1.361076,1.361076,115.698995
14.106069,0.525384,44.946215,87.874415,87.874415,215.461590
8.661763,0.336645,25.395295,1.248531,1.248531,73.663096
15.300647,0.499464,52.374838,1.662841,1.662841,126.906428
15.957745,0.491079,48.088311,1.644985,1.644985,130.684245
16.635963,0.497992,54.914877,1.956701,1.956701,150.697539
16.094675,0.517160,42.040027,1.942525,1.942525,144.989037
11.997141,0.435111,35.823485,2.377156,2.377156,129.076701
16.114772,0.546664,50.099188,2.425316,2.425316,155.104646
10.046680,0.383526,32.774671,2.421189,2.421189,132.032554
15.806799,0.676394,56.722520,2.648776,2.648776,192.284503
11.383052,0.469351,35.131570,3.253361,3.253361,146.055133
17.038594,0.592617,55.790314,3.571158,3.571158,187.480943
17.577353,0.619145,57.949483,4.894250,4.894250,219.073099
8.397951,0.382469,25.210877,5.223247,5.223247,155.247240
7.807478,0.273284,25.186332,4.942059,4.942059,406.352087
12.239128,0.557065,37.347220,4.947722,4.947722,165.953097
13.410250,0.365830,35.644154,5.039948,5.039948,164.937466
9.695282,0.346694,28.098472,5.075789,5.075789,149.661364
14.040116,0.392934,31.324089,4.878058,4.878058,164.138606
15.701645,0.541544,51.879952,3.771577,3.771577,204.955831
15.835759,0.532712,52.807933,4.910218,4.910218,202.886935
15.478730,0.492295,47.335883,3.520149,3.520149,221.556689
13.165926,0.451623,41.517875,3.504917,3.504917,200.969402
15.469546,0.556648,51.213317,6.470242,6.470242,215.432693
14.746143,0.558953,47.854930,3.253169,3.253169,211.627132
15.243366,0.484584,51.881807,4.715591,4.715591,209.681950
12.323130,0.451591,39.609558,3.671800,3.671800,215.810939
16.115796,0.563016,52.666107,6.022267,6.022267,226.051829
16.381144,0.473575,52.018993,3.583894,3.583894,220.402880
16.836702,0.476584,56.344082,6.384737,6.384737,240.850869
9.344749,0.284388,29.360091,4.115454,4.115454,208.076773
11.395148,0.335365,35.163091,5.410417,5.410417,204.729779
17.119234,0.496232,50.528571,4.641862,4.641862,226.873505
12.971332,0.327717,42.306398,5.715958,5.715958,216.061982
9.320556,0.337702,31.481339,4.372130,4.372130,198.254289
9.458574,0.343110,30.114950,4.434147,4.434147,213.198963
17.381670,0.362502,53.953294,4.745224,4.745224,233.453605
14.602812,0.416647,46.618303,7.403184,7.403184,223.999638
10.159225,0.333317,32.789615,8.974568,8.974568,227.033732
8.609122,0.337061,28.018471,6.436385,6.436385,200.166542
10.460350,0.347653,35.020817,6.532835,6.532835,200.471187
17.761292,0.513640,54.818396,8.281277,8.281277,232.244787
12.835842,0.347461,42.131388,8.125755,8.125755,211.133940
12.235577,0.404614,41.176782,6.232190,6.232190,218.019100
17.235812,0.511336,54.842524,5.467539,5.467539,226.968003
12.673471,0.457799,43.705812,6.849736,6.849736,232.751130
8.816229,0.359366,27.526143,6.662916,6.662916,188.632384
12.118359,0.457415,35.072562,7.725269,7.725269,204.572465
11.136200,0.437606,32.158662,5.185359,5.185359,199.813865
11.844467,0.464263,33.503322,8.564929,8.564929,198.798970
11.173897,0.539432,33.711837,4.522692,4.522692,196.787419
10.089880,0.432135,31.800128,7.542545,7.542545,194.503000
9.336877,0.426118,27.429950,7.112395,7.112395,185.498896
9.725683,0.421094,29.903876,7.275278,7.275278,190.104278
12.826146,0.467623,37.979038,7.896983,7.896983,201.470018
18.857853,0.783276,57.312641,6.673445,6.673445,236.686582
12.031958,0.402662,35.061969,6.206558,6.206558,198.498869
15.637228,0.595945,43.139372,6.493282,6.493282,215.634456
11.916404,0.523496,35.399030,8.513057,8.513057,202.446737
21.596902,0.793708,56.878299,7.323023,7.323023,675.061872
18.613945,1.087568,60.277262,7.945784,7.945784,240.749619
20.055598,0.742604,59.227070,9.334285,9.334285,240.702194
19.761963,0.517768,62.007048,9.356174,9.356174,245.011060
19.515079,0.786860,54.626425,7.932984,7.932984,235.690791
10.498142,0.415367,30.648815,8.347198,8.347198,208.160199
19.775562,0.650506,52.363351,8.625858,8.625858,243.692799
16.568474,0.584425,40.160606,8.738116,8.738116,221.952855
20.288210,0.585769,54.984990,9.649073,9.649073,241.902276
20.694937,0.808716,59.467362,10.938341,10.938341,256.190780
19.787979,0.735563,57.471716,9.202154,9.202154,265.470121
20.193969,0.697930,57.222240,10.101817,10.101817,249.704570
9.837652,0.358726,27.247547,10.453982,10.453982,201.686789
15.708813,0.593257,43.265293,14.489659,14.489659,231.321252
10.118713,0.427815,26.701331,12.451708,12.451708,209.243000
11.289130,0.498984,31.242936,16.547961,16.547961,216.530085
10.273083,0.462791,30.024998,14.583580,14.583580,213.663674
9.857525,0.455367,29.062775,10.796995,10.796995,205.135962
11.785458,0.524488,35.294965,16.434616,16.434616,219.753814
11.706833,0.582889,39.383826,13.942546,13.942546,222.669250
10.342108,0.551817,34.930383,13.118790,13.118790,214.138177
15.955217,0.691147,55.745769,16.406552,16.406552,248.251429
15.156837,0.816301,60.410192,12.603230,12.603230,264.518266
15.130788,0.849037,58.213103,15.626604,15.626604,270.020845
10.398525,0.650026,34.969136,11.549327,11.549327,206.549903
13.438027,0.694218,43.698996,9.914838,9.914838,227.621197
9.016488,0.679370,32.464331,7.403888,7.403888,201.947017
10.418781,0.686762,36.896877,6.867399,6.867399,207.885826
12.764192,0.720939,47.626799,7.556690,7.556690,228.873535
6.614020,0.454247,23.727238,8.262781,8.262781,204.572721
13.239304,0.897262,57.177663,10.503038,10.503038,243.591230
10.406621,0.562089,56.764057,9.281453,9.281453,251.838651
8.573570,0.432934,35.198356,6.729574,6.729574,210.183718
10.044056,0.559336,42.159709,8.875430,8.875430,222.295677
7.804502,0.503432,27.725218,9.949783,9.949783,202.295567
8.592450,0.420134,27.894406,9.429934,9.429934,204.457231
14.724958,0.834541,59.374336,11.732434,11.732434,257.271917
11.579727,0.530568,41.514898,9.505392,9.505392,225.839410
14.689342,0.748395,57.563430,9.628273,9.628273,250.280035
13.312393,0.792940,51.478921,7.684052,7.684052,241.777410
15.563147,0.742059,54.556344,10.059096,10.059096,248.337222
10.001463,0.605609,35.874878,5.739798,5.739798,217.581813
9.759187,0.359622,37.807515,10.698818,10.698818,220.792838
7.899671,0.399366,27.633281,6.706533,6.706533,202.870871
8.382495,0.482759,27.619777,6.682885,6.682885,200.243248
8.037722,0.415814,26.971991,6.853927,6.853927,194.591258
8.363102,0.381606,29.171481,11.706576,11.706576,197.784490
8.409919,0.410630,28.647665,10.692098,10.692098,197.265219
8.188828,0.400518,30.853618,9.690643,9.690643,196.722587
13.443755,0.661706,48.277305,9.859509,9.859509,219.608948
8.520353,0.372070,35.618169,5.604597,5.604597,132.226477
12.847874,0.733739,54.216435,10.545151,10.545151,233.747786
12.106167,0.809996,46.231994,6.330527,6.330527,208.429163
12.810593,0.621001,56.348083,7.901720,7.901720,147.089101
13.298857,0.881165,62.760180,10.899333,10.899333,228.013235
13.667599,1.062256,61.348318,6.605700,6.605700,221.490481
14.028212,0.750796,52.999680,9.724210,9.724210,214.249187
9.787892,0.732523,58.422994,9.074121,9.074121,219.136877
14.310488,0.987375,61.785829,7.442608,7.442608,224.850947
14.409146,0.944398,60.207213,11.042439,11.042439,231.013505
15.421545,0.920622,64.135881,11.607055,11.607055,234.737337
11.259434,0.578057,57.302881,7.979960,7.979960,218.626725
16.953472,0.755787,65.241401,11.356747,11.356747,235.131070
14.206999,0.487111,48.011893,6.110780,6.110780,216.164288
16.649787,0.816237,53.731403,6.761318,6.761318,217.989147
16.896863,0.575305,60.668820,10.781539,10.781539,234.596087
15.629516,0.902382,59.078588,5.874873,5.874873,228.414809
9.650481,0.599881,36.335589,9.710962,9.710962,197.215105
14.315544,0.684490,43.631251,7.919063,7.919063,216.272161
8.109403,0.712715,26.929654,6.129212,6.129212,199.084126
14.363833,0.917454,49.478315,10.043991,10.043991,225.774450
10.681505,0.810796,40.302177,11.833779,11.833779,208.085766
14.754910,0.809197,45.140361,10.505118,10.505118,216.215552
12.574525,0.742412,44.135418,12.122167,12.122167,215.306547
14.501275,0.925902,57.767848,9.893365,9.893365,229.156324
11.451149,0.595593,38.737961,7.842519,7.842519,204.416815
8.734404,0.651913,34.285318,4.387874,4.387874,194.199316
9.334669,0.687594,38.969421,4.799144,4.799144,202.566899
9.944118,0.708138,37.634009,4.633830,4.633830,204.469487
9.106218,0.711403,30.305833,9.532240,9.532240,200.684599
10.023159,0.707915,31.577053,6.850471,6.850471,209.586940
14.436890,0.887822,47.585966,8.351870,8.351870,230.032050
14.603996,0.715115,53.870894,9.089578,9.089578,254.234431
12.369435,0.625545,33.802527,8.989416,8.989416,215.566359
9.453839,0.545416,30.806802,8.781573,8.781573,224.130745
8.711523,0.609290,29.632255,8.601410,8.601410,213.575865
10.736898,0.678154,42.363776,7.665812,7.665812,242.857971
10.770787,0.760780,51.613003,6.337824,6.337824,243.988997
7.573842,0.384678,29.458397,8.783173,8.783173,227.026596
10.892037,0.578408,40.204031,5.409585,5.409585,243.732000
15.969489,0.797964,58.635542,12.069846,12.069846,278.815090
8.256157,0.471591,33.157461,7.316110,7.316110,228.789215
12.082646,0.614633,44.293533,10.995590,10.995590,246.929072
16.799486,0.605225,77.426225,11.254122,11.254122,292.593571
12.167192,0.445511,47.038054,9.376109,9.376109,243.580062
12.043958,0.379878,49.500043,11.258762,11.258762,241.516159
12.602878,0.376614,46.382684,6.988970,6.988970,230.573626
17.462056,0.549480,79.892534,8.985287,8.985287,278.315914
14.239351,0.538696,64.193642,6.221694,6.221694,254.532868
13.463819,0.428839,70.317222,7.322959,7.322959,260.800418
15.624172,0.460295,78.742053,7.203309,7.203309,275.017753
6.902568,0.357061,42.378336,7.288078,7.288078,222.335997
6.050875,0.325061,30.105351,10.440093,10.440093,204.091786
6.666917,0.411590,32.884753,12.657727,12.657727,212.961840
12.692960,0.521768,66.140934,8.183323,8.183323,264.729597
12.947107,0.361798,66.697839,8.329694,8.329694,259.651505
9.593969,0.260324,55.409220,8.531617,8.531617,249.661658
11.213098,0.365509,42.250622,8.738307,8.738307,224.507934
16.781117,0.375622,76.972874,10.228890,10.228890,272.596404
9.723667,0.216291,44.288765,8.423455,8.423455,216.324035
15.715309,0.299173,55.973741,8.135227,8.135227,237.882792
16.227189,0.391334,60.622707,7.139755,7.139755,240.307661
13.021381,0.291428,39.906267,13.324329,13.324329,211.583291
7.951224,0.151554,27.268284,9.355565,9.355565,201.893128
17.237188,0.338725,56.643575,9.551024,9.551024,230.277205
18.711163,0.271172,71.028656,9.903765,9.903765,254.327456
18.090066,0.274820,71.105329,10.658721,10.658721,253.554997
11.686321,0.365797,36.834061,12.683392,12.683392,199.542886
10.109753,0.297093,33.710621,10.363772,10.363772,189.326731
13.281800,0.341413,41.177134,11.061511,11.061511,202.747925
9.274572,0.204515,30.444044,10.706242,10.706242,201.062780
9.797140,0.204611,35.167315,10.031063,10.031063,182.809448
17.402247,0.282405,53.638569,12.310905,12.310905,218.077565
12.091542,0.191523,40.105118,10.672385,10.672385,203.322878
12.274521,0.209411,43.500401,12.406523,12.406523,196.783899
13.908402,0.323589,47.068935,6.857159,6.857159,204.898550
11.744625,0.298565,39.220848,13.640206,13.640206,205.837156
11.491533,0.306885,40.720455,7.627155,7.627155,195.389446
20.258898,0.355525,59.446594,11.549487,11.549487,225.413740
9.530576,0.311236,36.155682,7.636627,7.636627,193.255270
19.010911,0.425382,61.481345,10.598720,10.598720,230.945023
19.287235,0.452807,53.347557,9.611793,9.611793,215.059855
11.582511,0.318117,40.279584,11.747313,11.747313,192.855904
10.523743,0.275108,33.178517,7.433297,7.433297,180.466981
13.166087,0.366918,43.088138,11.389420,11.389420,200.833593
9.413262,0.268964,29.465949,9.655538,9.655538,176.060450
11.609551,0.319557,37.490518,8.446336,8.446336,216.508677
12.064886,0.222211,36.898509,11.647024,11.647024,201.526947
20.112975,0.321317,57.370723,10.407549,10.407549,220.693636
11.000518,0.342533,37.756218,8.319741,8.319741,194.911135
11.962773,0.344133,40.371649,14.970178,14.970178,200.899290
11.253450,0.341669,38.733481,8.445408,8.445408,199.087999
11.586031,0.425158,39.901947,12.326010,12.326010,198.668056
13.526668,0.433990,39.716664,10.657665,10.657665,199.604422
12.774016,0.480136,38.781705,12.647711,12.647711,205.886340
20.019086,0.476487,57.722536,8.847110,8.847110,226.254392
20.361172,0.488519,60.170573,10.598912,10.598912,231.096066
11.434925,0.431174,35.611706,16.392343,16.392343,200.562228
20.963740,0.475944,54.623416,10.674401,10.674401,229.407048
17.777197,0.487207,46.079256,15.772910,15.772910,223.903637
14.995523,0.529032,47.760849,12.213592,12.213592,222.325053
12.295225,0.464615,37.921597,10.181530,10.181530,201.787015
14.244535,0.549896,39.760440,13.627885,13.627885,199.658374
19.215266,0.775788,53.509800,14.328280,14.328280,224.990565
17.110402,0.546024,45.464815,16.500601,16.500601,220.114075
12.839202,0.431974,37.939005,14.140950,14.140950,201.049308
19.085121,0.586920,54.383446,12.779361,12.779361,223.291884
11.294347,0.487463,37.315028,13.321385,13.321385,200.496308
18.394645,0.693483,47.270666,9.351437,9.351437,214.157537
13.785648,0.348710,39.692215,15.775022,15.775022,208.489836
10.784194,0.365126,31.769344,9.789684,9.789684,203.393727
10.421182,0.333157,32.315016,15.124260,15.124260,208.651119
18.230291,0.618025,63.435614,9.217995,9.217995,236.022124
18.601433,0.581992,51.437161,13.830097,13.830097,224.591871
19.229859,0.507783,60.512242,12.363098,12.363098,237.406945
20.041135,0.490760,55.865899,12.539517,12.539517,236.469619
20.889627,0.572681,65.543582,12.343834,12.343834,265.680332
21.390147,0.500168,60.429072,12.189720,12.189720,264.799071
20.681176,0.717899,59.278111,15.992657,15.992657,271.087581
13.133223,0.456167,39.464243,13.345161,13.345161,217.152847
9.229260,0.431078,29.812131,12.836034,12.836034,205.861637
9.464015,0.495367,30.278121,16.988033,16.988033,203.963048
17.215908,0.828876,54.154738,12.678976,12.678976,241.968358
14.809312,1.029679,59.741990,13.917714,13.917714,244.061925
9.876949,0.653194,45.948406,18.995166,18.995166,218.031900
9.196907,0.381926,33.830335,13.936211,13.936211,212.957936
8.752293,0.589608,30.167496,16.702524,16.702524,196.137650
8.901350,0.553065,40.685350,16.263733,16.263733,214.908365
8.432383,0.471591,40.019037,16.739261,16.739261,206.636016
8.590465,0.476936,41.251919,13.972211,13.972211,210.648301
8.578146,0.551080,39.674103,12.189784,12.189784,145.559734
16.443769,0.625545,71.399830,14.792639,14.792639,250.900525
16.876159,0.786476,75.582069,16.547034,16.547034,280.680527
10.214298,0.507208,44.009561,13.479307,13.479307,218.542820
17.468808,0.538760,58.679254,11.498734,11.498734,247.402200
16.317718,0.824973,63.380189,16.053650,16.053650,275.035225
10.844228,0.506343,38.212737,15.630060,15.630060,213.725307
17.174692,0.512487,59.456098,14.144085,14.144085,247.941984
12.265753,0.584521,40.799784,16.041106,16.041106,222.246812
9.255084,0.360805,33.126709,26.304205,26.304205,226.529373
9.425999,0.406758,32.785551,16.849630,16.849630,214.237987
10.691970,0.464039,36.402566,20.806394,20.806394,226.913667
9.447695,0.367717,31.678911,18.653561,18.653561,217.691415
9.401390,0.378309,36.614537,21.168768,21.168768,225.498925
9.234923,0.441799,38.529094,16.830015,16.830015,222.356862
9.592209,0.461031,37.012623,18.568824,18.568824,225.788946
15.335048,0.674058,53.009953,16.108660,16.108660,247.552699
16.894751,0.717067,63.776547,17.891822,17.891822,280.797008
10.580928,0.527400,43.982936,16.031635,16.031635,229.755086
16.512249,0.481511,52.067795,15.505226,15.505226,244.988275
17.794669,0.794892,64.807634,17.105378,17.105378,285.654393
11.402380,0.467591,40.113886,16.451385,16.451385,228.917441
9.467663,0.378597,32.561132,17.457768,17.457768,226.950243
19.108865,0.872013,63.441214,20.013775,20.013775,269.943053
18.529368,0.724395,69.809790,18.331893,18.331893,285.734523
12.064534,0.489480,40.057309,20.013391,20.013391,233.517159
16.752413,0.535688,57.732232,19.411397,19.411397,256.665380
13.272200,0.505768,45.042760,12.684096,12.684096,239.316990
9.968695,0.342533,36.661098,23.452995,23.452995,237.434946
10.146522,0.431014,34.548938,19.131937,19.131937,233.326372
16.747165,0.742379,53.488840,20.816955,20.816955,282.066596
10.499006,0.401478,35.473208,17.256133,17.256133,238.737205
10.060408,0.363366,35.233044,19.876716,19.876716,240.764372
10.660225,0.418150,38.084191,14.442907,14.442907,247.910880
19.620872,0.862349,67.494427,16.620507,16.620507,284.184003
20.178161,0.785516,62.440686,13.166919,13.166919,288.976012
19.252611,0.771500,56.335122,15.620972,15.620972,297.562094
12.012662,0.534952,40.814248,14.864385,14.864385,241.606145
18.853533,0.719851,55.761578,15.054211,15.054211,281.493723
9.727123,0.590185,34.191812,11.110344,11.110344,231.601162
18.073969,0.679915,53.160066,17.395526,17.395526,277.329212
10.404830,0.493063,32.406921,14.399481,14.399481,227.739343
16.169332,0.636745,51.690637,21.531173,21.531173,278.782833
21.469252,0.756715,66.900179,21.800554,21.800554,288.315394
20.471221,0.722379,67.899874,18.020112,18.020112,281.185174
21.210913,0.773451,67.023252,18.903997,18.903997,280.646158
22.146767,0.738827,70.516169,18.484152,18.484152,285.693499
22.696663,0.695178,66.286249,17.596938,17.596938,274.787350
14.186455,0.441798,44.254716,13.053157,13.053157,238.837815
18.694555,0.546280,58.316208,16.627515,16.627515,282.360008
25.159004,0.677867,72.683497,14.041236,14.041236,282.555339
21.797897,0.499880,54.149713,16.746333,16.746333,290.656357
25.168796,0.686794,72.493895,16.289462,16.289462,294.936230
19.727658,0.454758,64.033511,14.857952,14.857952,291.016490
25.717637,0.604105,66.370346,20.195889,20.195889,294.043961
13.846257,0.518600,45.696146,16.082739,16.082739,250.078464
18.792924,0.475879,53.001088,21.565222,21.565222,282.230918
11.905908,0.377221,40.878506,21.748617,21.748617,251.710777
12.027670,0.476743,42.464994,18.941310,18.941310,264.166582
14.746591,0.727499,56.381107,22.685399,22.685399,282.466314
11.840435,0.758091,46.579424,20.146513,20.146513,277.773891
8.303549,0.673866,33.767230,20.943996,20.943996,240.148394
11.196937,0.513704,48.686335,22.279505,22.279505,271.605638
8.445248,0.466631,38.848138,16.562362,16.562362,260.294171
8.789573,0.561512,38.042815,21.009085,21.009085,270.419219
9.582897,0.627177,36.810380,15.443529,15.443529,269.108032
18.240723,0.770476,67.754879,16.153140,16.153140,306.162415
19.029695,0.758348,61.428511,16.787453,16.787453,303.779307
12.954595,0.582473,47.395692,17.573961,17.573961,283.008753
11.039751,0.452679,40.570724,21.286402,21.286402,279.175000
11.207625,0.425894,41.718390,21.570854,21.570854,293.568465
11.459981,0.395814,41.605972,15.589387,15.589387,285.714778
16.402776,0.378214,54.285300,23.106109,23.106109,308.173262
12.612766,0.384998,43.678644,16.469145,16.469145,297.779505
15.064739,0.423590,50.202583,18.997087,18.997087,312.965238
16.526969,0.453671,52.211221,16.732541,16.732541,315.263001
23.179198,0.521480,73.258802,25.363199,25.363199,381.072379
24.359504,0.678251,75.017996,24.675445,24.675445,366.687202
14.706590,0.540360,60.177549,28.257163,28.257163,327.599315
13.634062,0.449575,48.473820,23.393761,23.393761,308.312080
13.088006,0.432423,42.019450,20.794746,20.794746,304.455734
24.442065,0.614506,72.645993,22.549364,22.549364,356.202723
12.561758,0.382853,38.761098,18.076145,18.076145,300.546170
12.930211,0.398886,41.836312,24.471026,24.471026,298.307161
27.674274,0.666282,71.613209,20.437013,20.437013,327.738165
22.817113,0.456199,63.539647,22.545013,22.545013,326.975114
17.299941,0.391910,57.698151,23.153182,23.153182,311.043257
29.561982,0.414822,72.053568,28.185034,28.185034,347.849733
20.006030,0.369573,53.048290,20.018639,20.018639,320.297605
30.305322,0.422182,63.464958,26.584114,26.584114,345.700229
15.333256,0.275108,48.200056,21.727592,21.727592,311.697987
15.094436,0.322885,51.385192,19.801067,19.801067,312.381485
15.897328,0.291908,54.138546,22.505556,22.505556,311.274973
34.633771,0.447591,92.356787,27.676258,27.676258,397.599861
34.447816,0.479015,91.257538,30.308202,30.308202,383.003480
33.060852,0.409158,71.863709,28.351756,28.351756,354.732845
20.112816,0.351813,55.125633,32.442538,32.442538,326.433282
19.219107,0.346693,54.994110,35.570169,35.570169,337.937104
16.815262,0.378373,50.598525,25.870758,25.870758,307.491619
14.732990,0.303461,40.095805,26.252141,26.252141,298.966435
25.567074,0.355333,49.230696,22.318577,22.318577,306.033358
22.042732,0.279429,48.310105,26.147115,26.147115,301.652235
23.066173,0.229603,44.235420,29.746433,29.746433,299.070469
26.746100,0.256036,57.163392,35.113619,35.113619,322.365157
10.637984,0.226788,28.399117,22.937499,22.937499,165.078653
9.187947,0.148706,23.657637,24.960664,24.960664,153.387181
12.544638,0.473479,51.252614,21.189216,21.189216,205.788900
12.121751,0.284164,50.423065,21.102751,21.102751,182.270304
