1403636581313555456.000000 17.120517731 4.653686047 -7.492023468 -0.605853796 -0.522614956 -0.448287338 0.398564190
1403636583063555584.000000 17.134668350 4.650543690 -7.463014603 -0.617747724 -0.509010613 -0.456586957 0.388361037
1403636584963555584.000000 17.137998581 4.666865826 -7.444929600 -0.614656210 -0.509434044 -0.463849247 0.384081662
1403636586863555584.000000 17.157087326 4.567844391 -7.719907284 -0.705949247 -0.571085036 -0.310104400 0.281661004
1403636588013555456.000000 17.415407181 4.594509602 -7.723894119 -0.723440409 -0.551735938 -0.316016316 0.268989235
1403636590113555456.000000 16.866258621 4.597134113 -7.728302956 -0.684272647 -0.597584307 -0.284013301 0.306594789
1403636590213555456.000000 16.855157852 4.597055435 -7.726910114 -0.680662155 -0.597867191 -0.285726666 0.312432647
1403636590563555584.000000 16.912797928 4.582294464 -7.717414856 -0.684414625 -0.593852520 -0.297514141 0.300667822
1403636592263555584.000000 17.378038406 4.640687466 -7.757616997 -0.734238982 -0.511189997 -0.356000990 0.269891053
1403636592613555456.000000 17.380702972 4.750246048 -7.756827831 -0.718427181 -0.531650245 -0.342047483 0.290196568
1403636594413555456.000000 17.315681458 4.500892639 -7.783267021 -0.762059808 -0.481363833 -0.351131380 0.253496498
1403636594513555456.000000 17.370624542 4.539848804 -7.784053326 -0.757483244 -0.480156124 -0.363367945 0.252256006
1403636594663555584.000000 17.421764374 4.608838081 -7.785161495 -0.752515137 -0.475884706 -0.371975183 0.262467295
1403636596213555456.000000 17.253324509 4.467752457 -7.829200268 -0.713812649 -0.548594296 -0.333410800 0.279916078
1403636596363555584.000000 17.212301254 4.418850422 -7.816232204 -0.718091846 -0.539459288 -0.336538017 0.282966554
1403636596513555456.000000 17.147747040 4.369081974 -7.797496796 -0.711521387 -0.541758060 -0.344005674 0.286174178
1403636596663555584.000000 17.094125748 4.335261822 -7.785175323 -0.707445920 -0.546287596 -0.345689625 0.285637736
1403636597063555584.000000 17.106725693 4.420587063 -7.791193962 -0.699764311 -0.556360900 -0.351387650 0.278063387
1403636598613555456.000000 17.128881454 4.603796959 -7.861308575 -0.620098829 -0.651990831 -0.298762858 0.318003386
1403636601363555584.000000 17.201749802 4.794222832 -8.018119812 -0.555443466 -0.571103394 -0.394256651 0.458132207
1403636603863555584.000000 17.201816559 4.794342995 -8.018212318 -0.555529773 -0.571083665 -0.394317806 0.457999617
1403636606363555584.000000 17.201467514 4.793955326 -8.018019676 -0.555572867 -0.571101546 -0.394571751 0.457706302
1403636608863555584.000000 17.201520920 4.794193745 -8.018059731 -0.555457115 -0.571271896 -0.394851059 0.457393259
1403636611363555584.000000 17.200902939 4.793163300 -8.017828941 -0.555522144 -0.571440220 -0.394160390 0.457699627
1403636613863555584.000000 17.202075958 4.794255733 -8.018087387 -0.555156529 -0.571718991 -0.395284146 0.456824988
1403636616363555584.000000 17.202125549 4.794103146 -8.018182755 -0.555578709 -0.571102321 -0.394886166 0.457426965
1403636618863555584.000000 17.202098846 4.794095516 -8.018249512 -0.555881202 -0.570668399 -0.394615591 0.457834303
1403636621363555584.000000 17.202228546 4.794222355 -8.018452644 -0.555823982 -0.570499599 -0.394945562 0.457829714
1403636623863555584.000000 17.203239441 4.794711590 -8.018353462 -0.557569087 -0.568592966 -0.394583315 0.458391517
1403636625313555456.000000 17.283447266 4.702932835 -7.920611858 -0.569240272 -0.602177799 -0.388960093 0.402563781
1403636625613555456.000000 17.283071518 4.708516121 -7.926098347 -0.569416046 -0.605677426 -0.383903772 0.401918203
1403636627113555456.000000 17.310989380 4.791141987 -7.688013554 -0.556460142 -0.605064452 -0.385415584 0.419170618
1403636628763555584.000000 17.527004242 4.813777447 -7.528832436 -0.596531689 -0.555615366 -0.409789234 0.409285069
1403636631463555584.000000 18.605531693 5.410005569 -7.538260937 -0.680117786 -0.454022497 -0.476478696 0.322911054
1403636634013555456.000000 19.303485870 6.540688515 -7.751169205 -0.639241338 -0.522550762 -0.419378191 0.377403051
1403636635113555456.000000 19.710649490 7.282226086 -7.719981194 -0.603296936 -0.558381021 -0.422928274 0.381280959
1403636635563555584.000000 19.838369370 7.582931519 -7.726016045 -0.609251618 -0.558442533 -0.406105310 0.389914095
1403636635813555456.000000 19.916557312 7.761143208 -7.686129093 -0.609539151 -0.548919141 -0.408636570 0.400207460
1403636636263555584.000000 20.108482361 8.096022606 -7.555425167 -0.605413973 -0.554972231 -0.417993605 0.388279796
1403636637363555584.000000 20.416193008 8.697578430 -7.470183849 -0.598380148 -0.561601639 -0.419761121 0.387744009
1403636637863555584.000000 20.454395294 8.923479080 -7.398696899 -0.596718132 -0.563791394 -0.415651202 0.391536444
1403636638113555456.000000 20.470798492 9.051011086 -7.356163979 -0.591878235 -0.560385168 -0.420655727 0.398368448
1403636638363555584.000000 20.486125946 9.172625542 -7.384759426 -0.596141756 -0.560137689 -0.413316309 0.400037974
1403636640513555456.000000 21.082956314 10.476197243 -7.555072784 -0.566329896 -0.583188117 -0.408811420 0.414771467
1403636641513555456.000000 21.305053711 10.876320839 -7.632683277 -0.569914818 -0.580773473 -0.400236875 0.421556264
1403636644363555584.000000 21.851907730 11.545796394 -7.580334187 -0.613576114 -0.546113908 -0.407098711 0.399442941
1403636646613555456.000000 22.881395340 13.027299881 -7.813045979 -0.669749439 -0.443715423 -0.483757555 0.347175717
1403636647013555456.000000 23.103534698 13.254711151 -7.716947079 -0.683902502 -0.431759924 -0.490489841 0.324469596
1403636647513555456.000000 23.359540939 13.474909782 -7.660155773 -0.684027672 -0.434228808 -0.484235078 0.330254406
1403636647813555456.000000 23.517305374 13.569904327 -7.641514301 -0.682651758 -0.430306673 -0.488069534 0.332582295
1403636648563555584.000000 23.925443649 13.633318901 -7.742406368 -0.747895002 -0.311439246 -0.533152699 0.243735582
1403636649363555584.000000 24.312854767 13.573963165 -7.673625469 -0.759504735 -0.286388934 -0.544713914 0.210762337
1403636649763555584.000000 24.490215302 13.546233177 -7.494420528 -0.757040560 -0.280788273 -0.548141181 0.218148783
1403636650363555584.000000 24.688817978 13.422151566 -7.409763336 -0.774717629 -0.224037111 -0.565132797 0.173910394
1403636650613555456.000000 24.738967896 13.337760925 -7.443728924 -0.796003342 -0.175976694 -0.563367665 0.134267598
1403636650863555584.000000 24.776947021 13.255691528 -7.479387283 -0.801348329 -0.151931688 -0.566887319 0.115743011
1403636651713555456.000000 24.817157745 12.984286308 -7.393099308 -0.792036951 -0.157687157 -0.576249003 0.125495747
1403636653113555456.000000 24.688016891 12.259910583 -7.517368317 0.826886117 -0.025609219 0.561635673 0.012998379
1403636653713555456.000000 24.768348694 11.977090836 -7.491894722 0.809464514 -0.003223473 0.587156415 0.002074748
1403636654513555456.000000 24.713409424 11.661455154 -7.487089634 0.811198115 -0.048851181 0.581879556 0.031421416
1403636654763555584.000000 24.665857315 11.568100929 -7.448703766 0.814459205 -0.086444512 0.571316421 0.052738007
1403636655063555584.000000 24.615362167 11.466146469 -7.448891640 0.805260718 -0.101770028 0.580100000 0.068425469
1403636655313555456.000000 24.565956116 11.390396118 -7.475121975 0.796331763 -0.109796889 0.590584695 0.070782244
1403636655963555584.000000 24.301710129 11.202519417 -7.568043232 0.799285293 -0.195751071 0.557856381 0.107799962
1403636656163555584.000000 24.210462570 11.129642487 -7.611102104 0.793304980 -0.218638510 0.553920209 0.126636475
1403636656363555584.000000 24.119804382 11.049379349 -7.611915588 0.794123411 -0.226552263 0.547080755 0.136911795
1403636656613555456.000000 24.024206161 10.935420990 -7.571408749 0.793955982 -0.223727405 0.547576129 0.140500322
1403636656863555584.000000 23.938440323 10.814373970 -7.546519279 0.779352069 -0.212514207 0.571188569 0.145573825
1403636657113555456.000000 23.838346481 10.702738762 -7.567111969 0.774579048 -0.209363729 0.580241024 0.139693722
1403636657313555456.000000 23.739267349 10.622896194 -7.589168549 0.777457237 -0.212533310 0.577153027 0.131469831
1403636657913555456.000000 23.392080307 10.348860741 -7.666410446 0.788827300 -0.233123288 0.556613863 0.116559796
1403636658213555456.000000 23.208202362 10.158137321 -7.688208580 0.792674065 -0.229842633 0.548740268 0.133132234
1403636658513555456.000000 23.036573410 9.946523666 -7.708979130 0.796216369 -0.222161695 0.542127073 0.150936633
1403636658913555456.000000 22.861446381 9.686134338 -7.772210598 0.790584922 -0.210656166 0.549295366 0.169923872
1403636659313555456.000000 22.724689484 9.492770195 -7.881220818 0.780331969 -0.217269689 0.564032316 0.160447434
1403636659613555456.000000 22.623661041 9.383997917 -7.934096813 0.788436651 -0.218126729 0.552418530 0.160069644
1403636659813555456.000000 22.563804626 9.323641777 -7.973208427 0.784527063 -0.218812004 0.556498349 0.164159149
1403636660213555456.000000 22.458314896 9.239633560 -8.111238480 0.796103418 -0.226020142 0.537375629 0.162362695
1403636660663555584.000000 22.433547974 9.161515236 -8.246899605 0.799399257 -0.223623589 0.532271028 0.166255280
1403636661113555456.000000 22.509454727 9.130034447 -8.422758102 0.781810760 -0.213687122 0.558328450 0.177141279
1403636661313555456.000000 22.547031403 9.154829025 -8.512792587 0.778886616 -0.218781605 0.562531233 0.170378730
1403636662413555456.000000 22.593175888 9.464377403 -8.550552368 0.783787131 -0.218099996 0.556551576 0.168406129
1403636662763555584.000000 22.566190720 9.594511986 -8.584243774 0.785922766 -0.240636751 0.551476538 0.142453909
1403636663163555584.000000 22.545288086 9.691147804 -8.662911415 0.792661607 -0.255710065 0.539070725 0.125310898
1403636663663555584.000000 22.570753098 9.683281898 -8.774784088 0.813025355 -0.227796525 0.509417653 0.166108727
1403636665763555584.000000 23.880207062 10.391932487 -8.917689323 0.796212435 -0.186682925 0.554365575 0.154512137
1403636666063555584.000000 24.062068939 10.555314064 -8.879402161 0.785132647 -0.208969191 0.568162560 0.130729020
1403636668313555456.000000 24.960214615 11.386419296 -8.925400734 0.802354574 -0.198846802 0.545435309 0.138519064
1403636668763555584.000000 25.175745010 11.487436295 -9.019645691 0.798201978 -0.198797852 0.546776474 0.156168684
1403636669113555456.000000 25.369262695 11.611254692 -9.052803040 0.786281407 -0.198788509 0.562913299 0.159290314
1403636669413555456.000000 25.520561218 11.764635086 -9.071725845 0.783200800 -0.203230470 0.566369891 0.156585723
1403636669713555456.000000 25.648120880 11.946024895 -9.120780945 0.768630683 -0.197851628 0.586832821 0.160277307
1403636670113555456.000000 25.729005814 12.220127106 -9.120199203 0.771319032 -0.233156949 0.583982289 0.098334111
1403636670513555456.000000 25.647672653 12.377623558 -9.081217766 0.765052319 -0.227433801 0.600856781 0.044047102
1403636670813555456.000000 25.455560684 12.346164703 -9.027127266 0.777472079 -0.177331030 0.603397429 0.001606519
1403636672413555456.000000 23.901657104 10.576746941 -8.482861519 -0.846919417 -0.092029363 -0.523570776 -0.011481320
1403636672663555584.000000 23.875869751 10.429231644 -8.452094078 -0.814615011 -0.075213306 -0.574955642 0.013095167
1403636673163555584.000000 23.846633911 10.271484375 -8.551491737 -0.825159252 -0.110546760 -0.551563561 0.051664904
1403636673913555456.000000 24.018228531 10.335802078 -8.544445038 -0.810603082 -0.142226055 -0.563754082 0.069826484
1403636676463555584.000000 25.194179535 11.700563431 -8.991983414 -0.748551250 -0.346882969 -0.528894603 0.199032202
1403636676763555584.000000 25.306871414 11.945724487 -9.018808365 -0.734780133 -0.370682985 -0.508785784 0.252644598
1403636678413555456.000000 25.651954651 13.034430504 -9.080551147 -0.629199862 -0.521900177 -0.438105434 0.373886853
1403636678863555584.000000 25.719694138 13.208063126 -9.020815849 -0.557427704 -0.599726200 -0.416518360 0.395114303
1403636679163555584.000000 25.711656570 13.311775208 -9.034692764 -0.514435232 -0.633619785 -0.391466558 0.425013214
1403636679413555456.000000 25.664428711 13.380661964 -9.054866791 -0.482448250 -0.649119914 -0.348719269 0.473584026
1403636680163555584.000000 25.574262619 13.458301544 -8.865358353 -0.411477268 -0.691439748 -0.345519841 0.482921958
1403636680463555584.000000 25.513006210 13.403912544 -8.783320427 -0.409662694 -0.695970714 -0.357814640 0.468796402
1403636680713555456.000000 25.412740707 13.312801361 -8.755453110 -0.421171457 -0.693766356 -0.351286322 0.466798544
1403636683163555584.000000 23.991804123 12.241253853 -8.708203316 -0.436265647 -0.681104124 -0.329907954 0.486754805
1403636685363555584.000000 22.925134659 10.899984360 -8.720444679 -0.429325461 -0.695024192 -0.317725837 0.481322587
1403636688213555456.000000 21.928876877 9.300510406 -8.929985046 -0.430120945 -0.690436304 -0.312986851 0.490237743
1403636688713555456.000000 21.811637878 9.065621376 -9.055786133 -0.424911439 -0.696691453 -0.318482757 0.482327849
1403636688963555584.000000 21.732007980 8.944027901 -9.126767159 -0.421640575 -0.702444375 -0.307034105 0.484273940
1403636689213555456.000000 21.634729385 8.826483727 -9.150155067 -0.418515742 -0.709275544 -0.286971241 0.489305973
1403636689513555456.000000 21.516078949 8.707702637 -9.112882614 -0.412669003 -0.714405954 -0.277649403 0.492178172
1403636689763555584.000000 21.420812607 8.626741409 -9.048411369 -0.423414677 -0.717603147 -0.259891748 0.488079995
1403636690263555584.000000 21.261619568 8.598489761 -8.978910446 -0.426678568 -0.714688778 -0.265816927 0.486319542
1403636690513555456.000000 21.194864273 8.649724960 -8.930572510 -0.425973356 -0.712099731 -0.269003600 0.488976210
1403636690763555584.000000 21.132661819 8.731400490 -8.909814835 -0.439968199 -0.694951832 -0.248988360 0.511346161
1403636691013555456.000000 21.113298416 8.843798637 -8.948940277 -0.439537376 -0.668914914 -0.247298896 0.546079755
1403636691713555456.000000 21.480962753 9.093025208 -8.849482536 -0.401489794 -0.705375910 -0.284759998 0.510061264
1403636692013555456.000000 21.695499420 9.146857262 -8.773261070 -0.400009334 -0.702080607 -0.284743547 0.515748501
1403636692763555584.000000 22.214670181 9.195258141 -8.476787567 -0.399643362 -0.713569701 -0.296967357 0.492862910
1403636694463555584.000000 22.582328796 9.384659767 -8.164673805 -0.403320670 -0.711317539 -0.280265272 0.502803266
1403636694913555456.000000 22.597190857 9.496567726 -8.175085068 -0.410852075 -0.705531538 -0.274860203 0.507816553
1403636696563555584.000000 22.693706512 9.840098381 -8.270528793 -0.412600636 -0.694272816 -0.301380366 0.506868601
1403636698963555584.000000 22.111051559 9.366256714 -8.305547714 -0.599071443 -0.562141538 -0.413135976 0.392974645
1403636701113555456.000000 21.946462631 8.957178116 -8.677270889 -0.757284164 -0.330796927 -0.509571135 0.239648625
1403636701613555456.000000 22.065776825 8.868315697 -8.648552895 -0.745473027 -0.341758251 -0.516140938 0.247123361
1403636701913555456.000000 22.147529602 8.829896927 -8.641965866 -0.749909163 -0.328458190 -0.520959079 0.241563991
1403636704263555584.000000 22.963052750 8.751328468 -9.111509323 -0.782367468 -0.254957318 -0.535450220 0.190239042
1403636704913555456.000000 23.260639191 8.792282104 -9.159444809 -0.796366453 -0.272541672 -0.511167109 0.173866585
1403636705963555584.000000 23.952310562 9.275981903 -9.312163353 -0.776967108 -0.262353182 -0.537900627 0.195335522
1403636706563555584.000000 24.362121582 9.585002899 -9.375983238 -0.772477686 -0.278917819 -0.540478110 0.182664797
1403636707363555584.000000 24.858024597 10.065942764 -9.334194183 -0.780705512 -0.267951995 -0.538242698 0.170280278
1403636709013555456.000000 25.932790756 11.255355835 -9.408505440 -0.763508499 -0.261067390 -0.562742472 0.179497853
1403636709313555456.000000 26.080034256 11.418147087 -9.409866333 -0.769789636 -0.257844836 -0.558863282 0.169150203
1403636709613555456.000000 26.179727554 11.589136124 -9.415478706 -0.775114417 -0.260573775 -0.551708043 0.164064512
1403636709863555584.000000 26.238121033 11.747431755 -9.446913719 -0.774924040 -0.263447315 -0.549946308 0.166274756
1403636710713555456.000000 26.289817810 12.357275009 -9.577108383 -0.762768924 -0.282868654 -0.533512175 0.231373414
1403636711213555456.000000 26.294128418 12.647679329 -9.653581619 -0.726767838 -0.362288028 -0.530963540 0.242143795
1403636711713555456.000000 26.208162308 12.893735886 -9.634294510 -0.710458040 -0.353338391 -0.551967919 0.256383955
1403636712013555456.000000 26.086975098 12.998716354 -9.603908539 -0.729344606 -0.341425598 -0.530402064 0.264875025
1403636712613555456.000000 25.802307129 13.100760460 -9.428600311 -0.700500786 -0.386993259 -0.530207157 0.280027390
1403636714363555584.000000 24.678096771 12.631157875 -8.992686272 -0.717222750 -0.383291751 -0.502864659 0.292926997
1403636715913555456.000000 24.214712143 12.166219711 -8.861166954 -0.640531480 -0.482187033 -0.473343939 0.364911914
1403636716413555456.000000 24.145551682 11.988556862 -8.810134888 -0.659292459 -0.477171302 -0.462825060 0.351331770
1403636716763555584.000000 24.099836349 11.840698242 -8.828508377 -0.650860369 -0.487350106 -0.461826950 0.354382038
1403636717063555584.000000 24.053466797 11.706406593 -8.854480743 -0.620957434 -0.526854515 -0.438442647 0.380268812
1403636717413555456.000000 24.002395630 11.546291351 -8.830526352 -0.584060371 -0.567905545 -0.431978703 0.386976928
1403636717713555456.000000 23.932849884 11.408368111 -8.834985733 -0.581598759 -0.569022000 -0.427382529 0.394082397
1403636718013555456.000000 23.821617126 11.268671036 -8.859622002 -0.563150644 -0.588931203 -0.421363324 0.398088455
1403636718313555456.000000 23.665365219 11.125829697 -8.854615211 -0.540522993 -0.611716628 -0.387066752 0.428738892
1403636721163555584.000000 22.750211716 9.955270767 -9.135090828 -0.542639256 -0.606312275 -0.373512983 0.445439279
1403636724113555456.000000 22.577665329 8.923717499 -9.149586678 -0.630277395 -0.528301358 -0.431315094 0.370965391
1403636726913555456.000000 22.285892487 8.298518181 -8.785997391 -0.658067286 -0.473011166 -0.466362357 0.354561776
1403636729563555584.000000 21.732456207 7.509658813 -8.288986206 -0.612258911 -0.530720294 -0.444839746 0.381566018
1403636732163555584.000000 21.119029999 6.838131428 -8.311765671 -0.618970215 -0.527326643 -0.435576081 0.386103719
1403636734863555584.000000 20.385751724 5.795642853 -8.072942734 -0.614053488 -0.547010362 -0.424229801 0.379139841
1403636737413555456.000000 19.637571335 5.336221695 -7.880157471 -0.578012466 -0.577682912 -0.405004621 0.410067409
1403636738813555456.000000 19.379364014 5.252444267 -7.663249016 -0.621536851 -0.535948575 -0.416684955 0.390928268
1403636741513555456.000000 19.797580719 5.140651226 -8.358914375 -0.736125290 -0.366157860 -0.503362358 0.265846610
1403636744363555584.000000 20.325176239 5.498836517 -9.174717903 -0.741480529 -0.327950925 -0.528609455 0.251449764
1403636746713555456.000000 20.657741547 5.743802547 -9.707761765 -0.759514570 -0.324722588 -0.513787925 0.231764272
1403636748013555456.000000 20.553216934 6.029860973 -9.454078674 -0.756859303 -0.305429101 -0.523076415 0.245495543
1403636748863555584.000000 20.567964554 6.239117622 -9.238069534 -0.757204413 -0.300231099 -0.527484894 0.241376176
1403636749313555456.000000 20.613878250 6.299536228 -9.156868935 -0.758334398 -0.290018737 -0.534019113 0.235884830
1403636749613555456.000000 20.656362534 6.299756050 -9.064242363 -0.751818776 -0.305284798 -0.544245183 0.212994769
1403636749963555584.000000 20.677049637 6.302724838 -8.997558594 -0.740632534 -0.303083122 -0.554755688 0.227706730
1403636750463555584.000000 20.625593185 6.269647121 -8.927382469 -0.745175183 -0.316851556 -0.538310230 0.233540639
1403636750813555456.000000 20.564422607 6.236740589 -8.761660576 -0.743297040 -0.327891201 -0.533551633 0.235201254
1403636751113555456.000000 20.499658585 6.207754612 -8.582718849 -0.744676769 -0.332793444 -0.530881286 0.229935229
1403636751413555456.000000 20.429117203 6.196115971 -8.441936493 -0.755947351 -0.326169014 -0.517758667 0.232558444
1403636751713555456.000000 20.375232697 6.195797443 -8.314479828 -0.753680408 -0.320775181 -0.513536811 0.255634844
1403636752013555456.000000 20.356332779 6.181436539 -8.208288193 -0.755920291 -0.342701018 -0.502295911 0.242568478
1403636752313555456.000000 20.369203568 6.184154510 -8.106174469 -0.736787736 -0.351779133 -0.517787695 0.255521387
1403636754613555456.000000 20.033975601 6.131915092 -7.797167301 -0.593144834 -0.548959672 -0.443995625 0.386898547
1403636756363555584.000000 19.057353973 5.650223255 -7.714525700 -0.561201096 -0.587119520 -0.408458203 0.416540295
1403636756663555584.000000 18.865173340 5.570860386 -7.710241318 -0.558947980 -0.587736011 -0.408005357 0.419136345
1403636756963555584.000000 18.672206879 5.469198227 -7.696038723 -0.557145715 -0.587984324 -0.406651139 0.422490239
1403636757263555584.000000 18.481487274 5.344450474 -7.673322678 -0.556958795 -0.588515162 -0.404955506 0.423624724
1403636757613555456.000000 18.257274628 5.180132389 -7.689122200 -0.554948747 -0.605078876 -0.395676106 0.411523998
1403636757963555584.000000 18.011297226 5.045511723 -7.629760265 -0.552440941 -0.623244882 -0.369963646 0.411705971
1403636758313555456.000000 17.762676239 4.964959621 -7.550566196 -0.536878347 -0.609229207 -0.383042127 0.440318227
1403636758663555584.000000 17.534435272 4.884042263 -7.561675072 -0.568242729 -0.617422640 -0.337812334 0.426347703
1403636759113555456.000000 17.323963165 4.870486736 -7.601060867 -0.546535850 -0.601218343 -0.372508436 0.448411316
1403636759513555456.000000 17.229953766 4.851366520 -7.693745136 -0.545171440 -0.599914074 -0.372040659 0.452191234
1403636759863555584.000000 17.213739395 4.813569069 -7.751776218 -0.535474896 -0.608494401 -0.382283390 0.443689853
1403636760163555584.000000 17.205001831 4.770490170 -7.779702187 -0.547358990 -0.619277298 -0.366534650 0.427254140
1403636760463555584.000000 17.199153900 4.744426250 -7.818274498 -0.535711050 -0.608055711 -0.383718520 0.442766368
1403636760763555584.000000 17.194580078 4.707413673 -7.867906570 -0.538217425 -0.621093333 -0.378580540 0.425725073
1403636761063555584.000000 17.173433304 4.675219059 -7.908333778 -0.536939979 -0.621685207 -0.378504664 0.426540881
1403636761513555456.000000 17.108268738 4.667318821 -7.948023319 -0.539025545 -0.620713472 -0.375118613 0.428313404
1403636761963555584.000000 17.043792725 4.691193581 -7.933567524 -0.544445992 -0.604303300 -0.371203244 0.447888762
1403636762413555456.000000 17.001976013 4.696637630 -7.911976337 -0.544985771 -0.628212988 -0.374456197 0.410026222
1403636762563555584.000000 16.972309113 4.708988667 -7.930482388 -0.557410359 -0.609466195 -0.356989205 0.436352551
1403636762663555584.000000 16.955690384 4.721237183 -7.951450825 -0.560963690 -0.595446050 -0.351090282 0.455520928
1403636763063555584.000000 16.975255966 4.713599205 -8.008934021 -0.565063596 -0.582614362 -0.382553548 0.441493481
1403636763513555456.000000 16.987007141 4.691614151 -8.024337769 -0.576565385 -0.562631428 -0.389353335 0.446567208
1403636763613555456.000000 16.987537384 4.685858250 -8.026680946 -0.576633513 -0.562645078 -0.389333278 0.446479410
1403636763763555584.000000 16.988407135 4.676517487 -8.029400826 -0.576587856 -0.562751591 -0.389504552 0.446254671
