1413393889605760512.000000 -1.569326282 -0.791636586 2.391674280 -0.526431322 -0.630027175 -0.357451797 0.445156276
1413393892205760512.000000 -2.016409636 -1.473594427 2.765029430 -0.519919038 -0.623849034 -0.376462698 0.445839077
1413393892655760384.000000 -2.046106100 -2.121573210 2.764047146 -0.536892653 -0.636220396 -0.363596171 0.418052405
1413393893505760512.000000 -2.341339350 -2.541772604 2.747844696 -0.564528406 -0.650545716 -0.319291264 0.395159513
1413393893755760384.000000 -2.470249176 -2.385948658 2.788549423 -0.570426464 -0.639194787 -0.309484929 0.412629187
1413393895205760512.000000 -2.675010204 -0.565344572 2.805594444 -0.523801625 -0.615426719 -0.368852407 0.459162086
1413393895355760384.000000 -2.661440849 -0.376002103 2.793456793 -0.522062480 -0.615861177 -0.370192945 0.459481269
1413393895505760512.000000 -2.644346237 -0.198019564 2.764146566 -0.521053970 -0.611972809 -0.375239789 0.461721987
1413393897905760512.000000 -1.925980210 0.873561978 2.816354513 -0.781363904 -0.247659579 -0.556924462 0.134053186
1413393899505760512.000000 -1.870872259 1.694295645 3.094585419 -0.694465160 -0.105969004 -0.703518271 0.107474655
1413393901755760384.000000 -2.286305189 0.637379766 2.915783405 -0.840295434 -0.161874786 -0.516307354 0.033568457
1413393904555760384.000000 -0.443102598 1.856534481 3.178032637 0.806876242 -0.075133085 0.585873425 0.007619519
1413393904855760384.000000 -0.315945745 1.708636165 3.233364344 0.835524797 -0.100556403 0.532187402 0.092538029
1413393907555760384.000000 0.654262543 0.917002261 2.601952791 0.644903421 -0.481695563 0.452444255 0.383879036
1413393909805760512.000000 0.611694813 1.638098001 2.310994625 0.641452789 -0.535407782 0.405261070 0.370999068
1413393910105760512.000000 0.634941697 1.741933823 2.182281494 0.646883965 -0.559648216 0.375661671 0.356669784
1413393910405760512.000000 0.721868575 1.703032851 2.146080017 0.643699884 -0.585965931 0.362521440 0.332975358
1413393910805760512.000000 0.860456824 1.359909773 2.160227299 0.631187916 -0.581660092 0.401169300 0.319900841
1413393912055760384.000000 1.110604286 -0.136011124 2.050330400 0.637515068 -0.547359407 0.435626060 0.322803527
1413393912255760384.000000 1.143800139 -0.324997604 2.165827990 0.644749045 -0.574828684 0.409680128 0.293313801
1413393912455760384.000000 1.157995820 -0.588431895 2.294080496 0.632815182 -0.571670413 0.420470446 0.309745729
1413393912655760384.000000 1.158064842 -0.898612738 2.420130253 0.613765240 -0.548994541 0.451659292 0.343367517
1413393913555760384.000000 0.908223450 -2.167452812 2.474840164 0.449076682 -0.652460992 0.427247018 0.435987115
1413393913955760384.000000 0.537083507 -2.448100328 2.478050232 0.329962909 -0.698068440 0.356830537 0.525829792
1413393914155760384.000000 0.305049598 -2.501770973 2.519821405 0.292243958 -0.715721071 0.283738196 0.567300141
1413393914555760384.000000 -0.083540387 -2.444648027 2.580685854 0.198113844 -0.780363381 0.165801644 0.569468021
1413393917455760384.000000 -1.982030749 -2.726053476 3.215424776 -0.284014702 -0.773030877 -0.131883189 0.551693499
1413393918155760384.000000 -2.043571234 -2.644390583 3.195783854 -0.532372534 -0.624348342 -0.330855787 0.466157854
1413393919005760512.000000 -1.635729909 -2.328334332 3.242822170 -0.744383216 -0.294010520 -0.519658387 0.299009621
1413393919355760384.000000 -1.319938898 -2.318956852 3.277847290 -0.760088623 -0.113045730 -0.612461388 0.185410649
1413393922155760384.000000 -1.511007786 -3.957121372 2.068385124 -0.802806735 -0.051217627 -0.593788207 0.017138990
1413393922355760384.000000 -1.512897611 -3.938740492 1.949096084 -0.840160251 -0.047340628 -0.540116727 0.012792318
1413393922755760384.000000 -1.384459257 -3.868408918 1.769034266 -0.831935167 -0.008190355 -0.551835060 0.057400838
1413393922955760384.000000 -1.256526709 -3.861330748 1.704412818 -0.839330971 -0.021801386 -0.541655540 0.040713057
1413393924755760384.000000 0.971872866 -3.645606995 1.989838123 -0.668621421 -0.444973648 -0.581656098 0.128918827
1413393924955760384.000000 1.013826370 -3.421843052 2.122093201 -0.695547938 -0.412431985 -0.563643098 0.168580905
1413393925155760384.000000 0.944040060 -3.128699780 2.300829411 -0.731042504 -0.379880339 -0.515367150 0.235933408
1413393927155760384.000000 0.837890923 -0.446053952 2.967007875 -0.651738763 -0.504216731 -0.421862870 0.378198057
1413393927405760512.000000 0.907389998 -0.245662257 3.069600821 -0.651624560 -0.531170785 -0.387080759 0.378697097
1413393928205760512.000000 0.972041309 0.532919824 3.483359814 -0.518489122 -0.603367567 -0.479622245 0.370242149
1413393928605760512.000000 0.664344370 0.829446018 3.562366486 -0.561558008 -0.553280592 -0.432276875 0.437801331
1413393929005760512.000000 0.341284424 0.979520798 3.597177267 -0.555924654 -0.548588216 -0.471276313 0.409753025
1413393930355760384.000000 -0.957630932 0.702191532 3.852692604 -0.779692411 -0.237894356 -0.535299480 0.221224844
1413393933105760512.000000 -1.526352882 -1.025894046 2.797827959 -0.737556040 -0.284888953 -0.581545174 0.191454068
1413393935505760512.000000 -1.566200376 -2.722240925 2.249595165 -0.681294799 -0.499310523 -0.440655649 0.303890020
1413393935805760512.000000 -1.462523818 -2.767361164 2.279589891 -0.599613905 -0.589197099 -0.442332387 0.312493116
1413393936055760384.000000 -1.473341346 -2.725020170 2.314548731 -0.560670316 -0.619393110 -0.412416637 0.363199115
1413393936305760512.000000 -1.567829967 -2.637577295 2.359257936 -0.526501417 -0.640424073 -0.325892448 0.454364896
1413393939105760512.000000 -1.251329899 -2.826598883 2.835318804 0.029625986 -0.784220040 0.026487321 0.619208932
1413393939505760512.000000 -0.990008175 -3.041332722 2.815563440 0.066437170 -0.855899155 0.065873757 0.508609354
1413393939705760512.000000 -0.905526340 -3.138519526 2.766773701 0.053406164 -0.895940483 0.075893879 0.434371442
1413393940155760384.000000 -1.061899066 -3.322014809 2.710284472 0.036574066 -0.727306306 0.079291165 0.680735528
1413393940455760384.000000 -0.994281411 -3.361392021 2.686439514 0.038813453 -0.780365825 0.074526832 0.619651973
1413393940705760512.000000 -0.860175371 -3.331465960 2.673323631 0.018300904 -0.879306674 0.083721600 0.468482345
1413393942405760512.000000 -1.345647335 -2.249764681 2.980808973 0.034530222 -0.740215063 0.027064897 0.670937240
1413393943705760512.000000 -1.513174653 -1.713535547 2.918409348 0.046345145 -0.810949028 0.018677400 0.582979441
1413393946555760384.000000 -1.587261438 -1.492575645 3.006017208 -0.422181666 -0.686065257 -0.284286350 0.519863784
1413393949505760512.000000 -1.670912266 -2.089228392 2.737804413 -0.749980211 -0.124562815 -0.638601601 0.119170986
1413393952255760384.000000 -1.182816625 -3.799389839 2.472841501 -0.812270105 -0.039418399 -0.581600308 0.020114120
1413393953755760384.000000 -0.419028938 -3.706570387 2.578480244 -0.783744335 -0.129637957 -0.599739671 0.096183129
1413393954205760512.000000 -0.286406666 -3.781174421 2.566603661 -0.806027591 -0.176863343 -0.554062605 0.109788321
1413393954805760512.000000 -0.044215024 -3.700425863 2.611047029 -0.800075412 -0.303540111 -0.485698968 0.178435534
1413393955405760512.000000 0.467126369 -3.294898510 2.687782764 -0.748834431 -0.338839591 -0.515310287 0.242673054
1413393956055760384.000000 0.904752433 -2.792116404 2.670875072 -0.663448930 -0.483651251 -0.485765189 0.299915493
1413393956855760384.000000 1.011579037 -2.187167883 2.658638716 -0.540617228 -0.615963101 -0.369628549 0.437832505
1413393957105760512.000000 1.024714947 -2.025195360 2.666235685 -0.488435775 -0.662100911 -0.315427572 0.472819537
1413393959605760512.000000 0.868878424 -0.979537368 2.306685448 -0.189864710 -0.776223361 -0.139394075 0.584805906
1413393961105760512.000000 0.788864911 -0.974059701 1.935422182 -0.077630013 -0.834105909 -0.042859524 0.544429839
1413393961355760384.000000 0.688973188 -0.974619865 1.918488979 -0.081083566 -0.772304535 -0.024362223 0.629585266
1413393961805760512.000000 0.706806064 -0.948289692 2.102470875 -0.064388052 -0.798954725 -0.054621216 0.595434368
1413393962055760384.000000 0.787155926 -0.955995500 2.335577726 -0.066205107 -0.818073571 -0.053405635 0.568788588
1413393962305760512.000000 0.841889322 -0.979744136 2.650111914 -0.067472495 -0.833063602 -0.048706103 0.546882331
1413393962755760384.000000 0.796105444 -1.020353913 3.077185631 -0.104224764 -0.856444001 -0.097724080 0.496075630
1413393962955760384.000000 0.682372749 -1.039321780 3.188171387 -0.143196911 -0.820998073 -0.174128771 0.524533987
1413393963155760384.000000 0.531034291 -1.092943668 3.253687382 -0.207421347 -0.782310963 -0.236339703 0.537689090
1413393963405760512.000000 0.311648816 -1.224663973 3.273411512 -0.307242125 -0.732632875 -0.272670865 0.542680383
1413393963655760384.000000 0.085908510 -1.406508803 3.227771282 -0.383215666 -0.694099069 -0.312419295 0.523227036
1413393963905760512.000000 -0.137160212 -1.628914833 3.128385544 -0.435131580 -0.662480831 -0.356462777 0.494685709
1413393965155760384.000000 -1.068605781 -3.030904770 2.485485315 -0.726253808 -0.449564010 -0.362804890 0.372585803
1413393965405760512.000000 -0.990755558 -3.236718655 2.453066111 -0.755644023 -0.452580154 -0.365607381 0.300839812
1413393968105760512.000000 -1.802444458 -2.038027525 2.630508661 -0.788935006 -0.270014137 -0.513563871 0.202301741
1413393970905760512.000000 -2.186190128 -1.861441851 2.778044462 -0.799301684 -0.078609101 -0.593436718 -0.052634902
1413393973755760384.000000 -3.662000895 -1.145261288 2.620146990 -0.763624966 -0.018982206 -0.644472599 0.034231085
1413393974005760512.000000 -3.918351889 -1.029322624 2.593818903 0.821814597 -0.038998477 0.553262353 -0.130386874
1413393974255760384.000000 -4.121724129 -1.065067649 2.605419397 0.899450541 -0.009504941 0.427415341 -0.090633184
1413393974555760384.000000 -4.037110806 -1.205505729 2.709215879 -0.901932955 -0.089366838 -0.421394259 -0.030943703
1413393974855760384.000000 -3.641043901 -1.178197026 2.849888802 -0.824058712 -0.122494228 -0.551367164 -0.043778896
1413393975155760384.000000 -3.212135792 -0.985343218 2.879781008 -0.786178946 -0.069569685 -0.613469064 0.027176617
1413393975455760384.000000 -2.862056017 -0.753000259 2.857372761 -0.782724798 -0.062316157 -0.618373752 0.032750282
1413393978155760384.000000 -2.266134501 0.255329341 2.923272133 -0.814281762 -0.057109918 -0.576644778 0.034125503
1413393980355760384.000000 -2.508079767 -0.164678589 2.983869553 0.711033881 -0.456358790 0.440742433 0.303172499
1413393981055760384.000000 -2.546411037 -0.825817585 2.973988295 0.691433489 -0.473884225 0.455878168 0.299213171
1413393981855760384.000000 -2.408038855 -1.806355000 3.124457836 0.702287853 -0.444343120 0.460420609 0.312031776
1413393983905760512.000000 -0.883474350 -2.933775425 3.103235960 -0.706454575 -0.398224682 -0.552801311 0.191702455
1413393984205760512.000000 -0.879311562 -2.641014099 3.153737307 -0.639970124 -0.490220726 -0.530319631 0.262455881
1413393984505760512.000000 -1.046966672 -2.309945822 3.223679066 -0.578853905 -0.554590285 -0.498105228 0.330528408
1413393984805760512.000000 -1.353535891 -2.000253916 3.271195650 -0.569946826 -0.569735527 -0.443985969 0.391712308
1413393987605760512.000000 -2.412342787 -0.070011139 3.023727417 -0.814477980 -0.017455272 -0.579920053 -0.003694407
1413393990305760512.000000 -1.890725851 1.694397330 2.964197874 0.751171350 -0.266958743 0.585711062 0.146346301
1413393992105760512.000000 -1.829481125 1.456402421 2.983437538 0.687567353 -0.359580129 0.554112852 0.301516771
1413393993305760512.000000 -2.097397089 1.483584762 3.059816360 0.756365418 -0.411613971 0.446820110 0.242563799
1413393993905760512.000000 -1.977428198 1.368214607 3.151937723 0.664248705 -0.339408994 0.575094640 0.335918963
1413393994355760384.000000 -1.966076493 1.589193702 3.139585257 0.665118754 -0.381935865 0.580322206 0.273803383
1413393994705760512.000000 -2.115273476 1.907835245 3.115895987 0.774731934 -0.450964808 0.402409106 0.185709938
1413393995205760512.000000 -2.095033646 1.895976186 3.007183075 0.708023906 -0.415995628 0.510219634 0.255589187
1413393995505760512.000000 -2.046115637 1.799407601 2.910890102 0.718524814 -0.376308382 0.551933646 0.193606541
1413393995805760512.000000 -2.065572262 1.658607960 2.849333525 0.754822671 -0.250236034 0.584210336 0.162243888
1413393996055760384.000000 -2.128692150 1.550240040 2.810912132 0.767949522 -0.149444178 0.613237858 0.108901121
1413393996405760512.000000 -2.313832283 1.420906305 2.742761850 0.797304809 -0.103858404 0.592141509 0.053729475
1413393996705760512.000000 -2.504946470 1.303639770 2.623184919 0.822798491 -0.092430979 0.558311522 0.052415267
1413393997005760512.000000 -2.645639896 1.192872643 2.525476933 0.825806201 -0.054491576 0.559550643 0.044473074
1413393997455760384.000000 -2.753143549 1.069621921 2.432489872 0.816320539 -0.020850206 0.576594353 0.026927464
1413393997805760512.000000 -2.805453777 1.018226147 2.299704790 0.813037455 -0.017592208 0.581413090 0.024889650
1413393998105760512.000000 -2.844461203 1.014242530 2.236376286 0.817741334 -0.020616248 0.574396670 0.030700952
1413393998405760512.000000 -2.869737148 1.049409032 2.200052500 0.817756236 -0.032213498 0.573545337 0.035817634
1413393998905760512.000000 -2.863260746 1.144192219 2.180826664 0.811805546 -0.067573033 0.580002487 -0.001680057
1413393999205760512.000000 -2.855491877 1.158326268 2.146663427 0.814945161 -0.037933972 0.576943099 0.039522622
1413393999455760384.000000 -2.842039585 1.182072639 2.107165337 0.823484659 -0.055850003 0.564358711 0.015911065
1413393999905760512.000000 -2.774666786 1.182402492 2.031502247 0.814971924 -0.072660938 0.574886143 -0.006857865
1413394000055760384.000000 -2.752663374 1.162411451 1.998350143 0.809063375 -0.050837647 0.584891260 0.027095592
1413394000505760512.000000 -2.761245251 1.165105343 1.998276472 0.803919911 -0.060022328 0.590571284 0.036544647
1413394000955760384.000000 -2.761240005 1.153275132 2.006942511 0.802576303 -0.059418596 0.592532814 0.035294604
1413394001205760512.000000 -2.766644478 1.143566728 2.011384964 0.802289128 -0.061221488 0.592901468 0.032432225
1413394001655760384.000000 -2.766226768 1.144333720 2.012064934 0.802555263 -0.059295051 0.592591107 0.035000678
1413394002355760384.000000 -2.765745401 1.143466234 2.012177944 0.802593768 -0.059774291 0.592578590 0.033479445
1413394002955760384.000000 -2.766388655 1.143628716 2.011499405 0.802407444 -0.059981421 0.592799664 0.033663329
1413394003205760512.000000 -2.764039040 1.144340515 2.012319326 0.802487493 -0.060100358 0.592686534 0.033534896
