1403636579963555584.000000 -0.138522580 0.486566842 -0.075441375 -0.616219759 -0.538230360 -0.415069818 0.397867382
1403636582713555456.000000 -0.150574148 0.487354010 -0.012850313 -0.624750316 -0.541860700 -0.420034438 0.373691320
1403636585413555456.000000 -0.121574350 0.511401355 0.050085291 -0.624296129 -0.520244122 -0.457907885 0.360445321
1403636588213555456.000000 0.192470014 0.435791552 -0.089625612 -0.727653444 -0.553950608 -0.307193667 0.263232261
1403636590713555456.000000 -0.299574763 0.415506452 -0.067136861 -0.685422480 -0.592055619 -0.300320417 0.299121767
1403636593413555456.000000 -0.274815977 0.584568977 -0.115549594 -0.625041068 -0.641800940 -0.245953679 0.370029867
1403636594163555584.000000 -0.101510309 0.303218991 -0.135099411 -0.742183149 -0.511967599 -0.323296845 0.287284911
1403636594413555456.000000 0.046545215 0.343923599 -0.138051137 -0.760646045 -0.484787613 -0.347465992 0.256253868
1403636596563555584.000000 -0.140871942 0.196785107 -0.145215079 -0.707131922 -0.547002077 -0.341911227 0.289568543
1403636597063555584.000000 -0.162368074 0.262510747 -0.144922659 -0.698284984 -0.559371710 -0.347638100 0.280444682
1403636598863555584.000000 -0.111775316 0.529123127 -0.259321690 -0.590718925 -0.645920813 -0.311836332 0.369588405
1403636601513555456.000000 -0.071899742 0.636017144 -0.371818483 -0.554219306 -0.573051274 -0.389625371 0.461134732
1403636604013555456.000000 -0.071955957 0.635737181 -0.371819049 -0.554344952 -0.572869420 -0.389536232 0.461285055
1403636606513555456.000000 -0.072003990 0.635839045 -0.371858358 -0.554365933 -0.572852850 -0.389555365 0.461264312
1403636609013555456.000000 -0.072093278 0.635677695 -0.371878743 -0.554351866 -0.572832704 -0.389700294 0.461183637
1403636611513555456.000000 -0.071424454 0.635654688 -0.372067928 -0.554230332 -0.573048830 -0.390127450 0.460699886
1403636614013555456.000000 -0.071557201 0.635715187 -0.372114450 -0.554235876 -0.572705626 -0.390013635 0.461216211
1403636616513555456.000000 -0.071567297 0.635657191 -0.372069716 -0.554303169 -0.572616637 -0.389922947 0.461322457
1403636619013555456.000000 -0.071612135 0.635565877 -0.372058451 -0.554273784 -0.572610795 -0.389589876 0.461646259
1403636621513555456.000000 -0.071502157 0.635698736 -0.372071505 -0.554245770 -0.572673321 -0.390007347 0.461249650
1403636624363555584.000000 -0.069324471 0.634355485 -0.372047782 -0.560865581 -0.573457122 -0.387309313 0.454497874
1403636627213555456.000000 0.048463657 0.634279013 -0.047504336 -0.551980972 -0.606691182 -0.384238213 0.423796952
1403636629463555584.000000 0.450580120 0.721019924 0.144873187 -0.627529323 -0.527208686 -0.426227599 0.382868260
1403636631763555584.000000 1.439826488 1.416332126 0.039443985 -0.675348520 -0.463012636 -0.474569201 0.322967082
1403636634613555456.000000 2.243168116 2.872753859 -0.102316543 -0.616063595 -0.533652842 -0.437796593 0.379492313
1403636635863555584.000000 2.632471561 3.720656633 -0.052976005 -0.607794762 -0.549074709 -0.405777633 0.405520737
1403636638113555456.000000 3.160695553 4.994852543 0.250463754 -0.588922679 -0.563783407 -0.418556809 0.400160760
1403636638563555584.000000 3.187322140 5.200538158 0.174130544 -0.613321185 -0.569213450 -0.381633103 0.392669588
1403636638863555584.000000 3.236857653 5.368885040 0.167441949 -0.599376142 -0.570455849 -0.400656462 0.393449932
1403636641463555584.000000 3.967999697 6.777680874 -0.008532977 -0.566914380 -0.583950520 -0.396427661 0.424800009
1403636643313555456.000000 4.277773380 7.123428345 -0.020033918 -0.603836656 -0.549941957 -0.420560151 0.395062327
1403636643813555456.000000 4.378162861 7.227351665 0.026598189 -0.612266302 -0.565781295 -0.402046680 0.378655493
1403636644563555584.000000 4.573967934 7.586526871 0.013038866 -0.608848095 -0.535714030 -0.406401396 0.420894712
1403636646913555456.000000 5.726003647 9.168974876 -0.122089714 -0.678040802 -0.437936842 -0.488877088 0.330864280
1403636647363555584.000000 5.965530396 9.389191628 -0.042882279 -0.683960497 -0.442061365 -0.480101377 0.326009989
1403636648663555584.000000 6.672386646 9.621374130 -0.142043829 -0.752118349 -0.303695083 -0.535294652 0.235684261
1403636649513555456.000000 7.092956543 9.574616432 0.005841320 -0.758543015 -0.298783034 -0.537224531 0.216173425
1403636652163555584.000000 7.485250950 8.797058105 0.175917536 -0.801077068 -0.094565660 -0.583864152 0.091845691
1403636654463555584.000000 7.465131760 7.678799629 0.129678592 0.811682820 -0.034388691 0.582752764 0.019689053
1403636654713555456.000000 7.415831089 7.582891941 0.171112716 0.814624131 -0.074426413 0.573421061 0.045128766
1403636655263555584.000000 7.310888767 7.400717258 0.155611157 0.798489213 -0.100334004 0.590030313 0.064901643
1403636655663555584.000000 7.171248436 7.284233093 0.126001418 0.800363719 -0.142157465 0.576581240 0.082239747
1403636657513555456.000000 6.366818428 6.518095493 0.026986327 0.789267421 -0.212874949 0.563732803 0.118095957
1403636658963555584.000000 5.591616631 5.620116711 -0.155384511 0.790233791 -0.206114948 0.553654253 0.162832022
1403636659313555456.000000 5.474865913 5.451007843 -0.253693402 0.782671154 -0.210496128 0.564735174 0.155536309
1403636659613555456.000000 5.374499321 5.340637684 -0.305078804 0.790844023 -0.211409584 0.552994430 0.155141398
1403636660813555456.000000 5.205606461 5.092848301 -0.663746059 0.791393876 -0.206736311 0.548332274 0.174033418
1403636663113555456.000000 5.302326679 5.623251915 -1.033441901 0.794196606 -0.247271836 0.541597784 0.121574238
1403636663563555584.000000 5.305437565 5.630125523 -1.119034410 0.813529253 -0.221423060 0.513083160 0.160897076
1403636663863555584.000000 5.393273830 5.614857197 -1.204519033 0.813652694 -0.203808144 0.513791740 0.180137694
1403636665313555456.000000 6.338035583 6.142223835 -1.346231937 0.796828806 -0.193387374 0.559156179 0.122513339
1403636668163555584.000000 7.597667694 7.362097740 -1.261078119 0.802186191 -0.192803845 0.551005006 0.125369057
1403636668513555456.000000 7.754640579 7.439073086 -1.329141855 0.801382959 -0.194244891 0.548363924 0.139109477
1403636669663555584.000000 8.342851639 7.928277969 -1.491087675 0.773436546 -0.192597553 0.583974063 0.153871194
1403636669913555456.000000 8.419366837 8.104297638 -1.510891199 0.767229736 -0.212386683 0.593419194 0.118761338
1403636670163555584.000000 8.437627792 8.267057419 -1.491706371 0.771993876 -0.227347374 0.587040961 0.087872632
1403636670463555584.000000 8.376710892 8.385721207 -1.464837432 0.765074253 -0.225380421 0.601486027 0.045603890
1403636673313555456.000000 6.585026741 6.221964359 -0.920594573 -0.835272968 -0.133794874 -0.529731691 0.061663922
1403636675613555456.000000 7.478212357 7.100677013 -1.191130042 -0.793256998 -0.211489141 -0.559935808 0.111747883
1403636677863555584.000000 8.320537567 8.812197685 -1.505786896 -0.677692294 -0.441829294 -0.478237599 0.341773301
1403636680763555584.000000 8.115831375 9.301664352 -1.151627660 -0.421593279 -0.694751918 -0.341114849 0.472461283
1403636683463555584.000000 6.506953716 8.018666267 -1.108933806 -0.434521466 -0.684881508 -0.316229075 0.492064595
1403636684313555456.000000 6.025482178 7.503665924 -1.116264582 -0.428696722 -0.690699339 -0.304608345 0.496353984
1403636686963555584.000000 4.975105286 5.821505070 -1.173498034 -0.437895924 -0.691437066 -0.301398754 0.489204228
1403636689363555584.000000 4.286117077 4.698815823 -1.531482339 -0.410720944 -0.715027571 -0.277905792 0.492759854
1403636690063555584.000000 4.026085377 4.525445461 -1.392304540 -0.428944141 -0.710216165 -0.249478534 0.499359965
1403636690463555584.000000 3.916673183 4.576120377 -1.331847548 -0.420198381 -0.716736019 -0.268070996 0.487709671
1403636690713555456.000000 3.850256443 4.650996685 -1.299209952 -0.431826502 -0.702717483 -0.251694798 0.506323695
1403636690963555584.000000 3.816810131 4.756947994 -1.332507372 -0.437751353 -0.677448392 -0.241541311 0.539532542
1403636693463555584.000000 5.187297821 5.138206959 -0.652642012 -0.408717871 -0.726528406 -0.271117389 0.481250077
1403636694963555584.000000 5.287602901 5.479134083 -0.587141454 -0.409447521 -0.706440568 -0.268586934 0.511033773
1403636695813555456.000000 5.371744156 5.682770252 -0.574968398 -0.405243874 -0.707613349 -0.292709678 0.499381572
1403636698263555584.000000 5.098833084 5.493607998 -0.564260125 -0.486779422 -0.658430994 -0.345018715 0.458777249
1403636700963555584.000000 4.639744282 4.920186996 -1.027772903 -0.747536898 -0.334536910 -0.516810775 0.249359876
1403636703713555456.000000 5.485408306 4.689360619 -1.443986773 -0.779297352 -0.259414732 -0.540027916 0.183764845
1403636704613555456.000000 5.861027241 4.704736710 -1.520721078 -0.785336018 -0.272321522 -0.524629354 0.183990255
1403636705513555456.000000 6.396167278 4.981110096 -1.628452301 -0.778764248 -0.280971646 -0.530209064 0.182919532
1403636705863555584.000000 6.629175663 5.182691097 -1.685539961 -0.777109623 -0.275531620 -0.533216476 0.189375818
1403636706163555584.000000 6.835902214 5.365250111 -1.703703642 -0.772059500 -0.259317935 -0.537843049 0.217722654
1403636706563555584.000000 7.107349873 5.565446854 -1.765124679 -0.769990683 -0.285561532 -0.539064646 0.187024549
1403636707063555584.000000 7.417441845 5.850461006 -1.761622906 -0.776264787 -0.280849487 -0.534472048 0.181317702
1403636709663555584.000000 8.917652130 7.644117832 -1.817911148 -0.772941113 -0.267448783 -0.550149560 0.168430418
1403636712513555456.000000 8.572026253 9.121209145 -1.857956290 -0.703349650 -0.386498302 -0.529132664 0.275566638
1403636715413555456.000000 6.989130974 8.238807678 -1.258514404 -0.653583705 -0.503365040 -0.444365591 0.349272579
1403636718313555456.000000 6.363750458 7.091009617 -1.232288480 -0.536433339 -0.616046309 -0.383801401 0.430607259
1403636720863555584.000000 5.473496914 6.006671429 -1.503409028 -0.513020515 -0.637826383 -0.348213136 0.456875414
1403636723363555584.000000 5.398444176 5.156162262 -1.547388911 -0.582981706 -0.568463564 -0.416194409 0.404677421
1403636726263555584.000000 5.031561375 4.322752953 -1.237613201 -0.662571549 -0.477498114 -0.464640141 0.342204899
1403636729113555456.000000 4.603554249 3.609447718 -0.661535978 -0.612834811 -0.527460515 -0.451199710 0.377673984
1403636731613555456.000000 3.846753359 2.820138931 -0.568295121 -0.621866584 -0.527058840 -0.426798075 0.391579449
1403636734563555584.000000 3.234831572 1.830002308 -0.483674020 -0.611016154 -0.545598447 -0.425959945 0.384109050
1403636737463555584.000000 2.355721474 1.224418163 -0.264364660 -0.574863434 -0.582772017 -0.400443226 0.411769569
1403636740313555456.000000 2.402532101 1.114697576 -0.308097839 -0.718258739 -0.385975361 -0.511754811 0.270618647
1403636743113555456.000000 2.706598997 1.067435503 -1.089257479 -0.729047894 -0.380565047 -0.497484714 0.275986075
1403636745613555456.000000 3.399419308 1.548813105 -2.209599733 -0.729869545 -0.347807020 -0.527645469 0.260597527
1403636747113555456.000000 3.335554361 1.694884539 -2.070665359 -0.753846586 -0.332795501 -0.510074794 0.246548712
1403636749963555584.000000 3.400071383 2.195215940 -1.370128632 -0.738749444 -0.307936549 -0.553092778 0.231328130
1403636750463555584.000000 3.351411819 2.166471004 -1.300892353 -0.743124723 -0.321771264 -0.536768973 0.236871570
1403636753363555584.000000 3.091279507 2.097729445 -0.251436323 -0.615196466 -0.538295031 -0.452833146 0.355968893
1403636755813555456.000000 2.121353149 1.688874841 -0.124460071 -0.562184215 -0.596112192 -0.400776714 0.409850150
1403636756313555456.000000 1.808461308 1.556079268 -0.096831247 -0.558762610 -0.590412617 -0.405670017 0.417886406
1403636756763555584.000000 1.517870665 1.423995614 -0.083027393 -0.554386079 -0.590924740 -0.406179160 0.422471911
1403636757263555584.000000 1.197806597 1.216167688 -0.042182431 -0.553910196 -0.591966748 -0.402489007 0.425160617
1403636757613555456.000000 0.974188089 1.043953538 -0.055861972 -0.551876366 -0.608508527 -0.393225074 0.412945300
1403636757913555456.000000 0.765340567 0.917929709 -0.010493055 -0.550806284 -0.627421856 -0.368300557 0.409034073
1403636758213555456.000000 0.550934553 0.841467559 0.071463220 -0.534725368 -0.615197062 -0.380123317 0.437158674
1403636758513555456.000000 0.348077297 0.762819469 0.085360639 -0.550806880 -0.618763030 -0.355895996 0.432529956
1403636759013555456.000000 0.087783083 0.719149947 0.052530318 -0.541208506 -0.610126138 -0.373682380 0.441815466
1403636759363555584.000000 -0.028791964 0.706237733 -0.011321189 -0.552852273 -0.593360126 -0.353791445 0.465950489
1403636759663555584.000000 -0.054476179 0.684412003 -0.090526268 -0.534108579 -0.610670090 -0.378698111 0.445418805
1403636760063555584.000000 -0.067093164 0.630580187 -0.125503212 -0.541191697 -0.619456053 -0.367746800 0.433760345
1403636760563555584.000000 -0.074648909 0.577530503 -0.191373408 -0.533934534 -0.616025746 -0.378710717 0.438183188
1403636761063555584.000000 -0.098360859 0.519622505 -0.263266742 -0.533974826 -0.625434816 -0.375267565 0.427640647
1403636761413555456.000000 -0.146632582 0.503934324 -0.301278651 -0.541600823 -0.631338120 -0.362872243 0.420005322
1403636761713555456.000000 -0.197512746 0.523010910 -0.298909247 -0.536286473 -0.612610400 -0.373415381 0.444596797
1403636762213555456.000000 -0.241052955 0.536286235 -0.265514553 -0.525537968 -0.626530945 -0.392922252 0.420572281
1403636762563555584.000000 -0.299451351 0.550513268 -0.284476727 -0.554371774 -0.613451898 -0.353714496 0.437304109
1403636762863555584.000000 -0.325688869 0.583431005 -0.354712963 -0.535359383 -0.587892175 -0.377959818 0.474256933
1403636763213555456.000000 -0.288441032 0.539490700 -0.376901031 -0.569642484 -0.564996600 -0.391923398 0.450202644
1403636763513555456.000000 -0.285863400 0.525756180 -0.399304450 -0.573590994 -0.566314936 -0.386471510 0.448241740
1403636763663555584.000000 -0.284579217 0.513773859 -0.409871310 -0.573453724 -0.566341400 -0.386665583 0.448216587
1403636763813555456.000000 -0.283032507 0.500092506 -0.420571744 0.573743284 0.566034794 0.386313379 -0.448536724
