#LBA time[ms],KF opt[#],KF fixed[#],MP[#],Edges[#]
0.009079,3,1,0,1227
0.002810,4,1,0,1813
0.375464,5,1,0,2223
0.729155,6,1,0,2467
0.795739,7,1,0,2809
1.208387,8,1,0,3156
0.901650,9,1,0,3261
1.757226,10,1,0,3126
1.601551,0,0,0,0
74.122525,0,0,0,0
2.771430,0,0,0,0
2.163144,0,0,0,0
1.256194,0,0,0,0
1.183650,0,0,0,0
1.940164,0,0,0,0
1.118447,0,0,0,0
2.026918,0,0,0,0
1.593865,0,0,0,0
1.796503,0,0,0,0
1.920991,0,0,0,0
2.030133,0,0,0,0
2.437888,0,0,0,0
2.525654,0,0,0,0
2.398259,0,0,0,0
2.571700,0,0,0,0
2.296114,0,0,0,0
2.185084,0,0,0,0
2.209418,0,0,0,0
1.967383,0,0,0,0
2.093655,0,0,0,0
2.072520,0,0,0,0
3.702381,0,0,0,0
2.957081,0,0,0,0
2.759695,0,0,0,0
2.001647,0,0,0,0
2.211820,0,0,0,0
2.098822,0,0,0,0
2.924098,0,0,0,0
2.313904,0,0,0,0
2.805172,0,0,0,0
2.693927,0,0,0,0
2.705411,0,0,0,0
2.382255,0,0,0,0
2.331903,0,0,0,0
1.866833,0,0,0,0
1.739255,0,0,0,0
1.710267,0,0,0,0
1.639048,0,0,0,0
1.792734,0,0,0,0
2.040680,0,0,0,0
2.122181,0,0,0,0
1.790339,0,0,0,0
1.638347,0,0,0,0
2.864546,0,0,0,0
2.707355,0,0,0,0
2.327657,0,0,0,0
2.095661,0,0,0,0
2.254172,0,0,0,0
1.983151,0,0,0,0
3.414018,0,0,0,0
1.079795,0,0,0,0
1.241488,0,0,0,0
1.753898,0,0,0,0
1.106229,0,0,0,0
1.480948,0,0,0,0
1.455900,0,0,0,0
0.839941,0,0,0,0
0.466314,0,0,0,0
0.549241,0,0,0,0
1.074143,0,0,0,0
0.592687,0,0,0,0
0.908307,0,0,0,0
1.052388,0,0,0,0
0.617360,0,0,0,0
0.685285,0,0,0,0
0.683004,0,0,0,0
0.515351,0,0,0,0
0.856325,0,0,0,0
2.660020,0,0,0,0
0.650583,0,0,0,0
1.028541,0,0,0,0
0.802527,0,0,0,0
1.147506,0,0,0,0
0.761455,0,0,0,0
1.724726,0,0,0,0
2.026118,0,0,0,0
0.669924,0,0,0,0
1.296296,0,0,0,0
1.491799,0,0,0,0
2.042228,0,0,0,0
1.163070,0,0,0,0
1.392533,0,0,0,0
1.249987,0,0,0,0
2.091310,0,0,0,0
1.954205,0,0,0,0
1.797777,0,0,0,0
2.139645,0,0,0,0
1.409319,0,0,0,0
1.311827,0,0,0,0
1.242070,0,0,0,0
1.025066,0,0,0,0
1.562098,0,0,0,0
0.999022,0,0,0,0
1.187651,0,0,0,0
1.285103,0,0,0,0
1.411541,0,0,0,0
1.916842,0,0,0,0
1.340465,0,0,0,0
1.487667,0,0,0,0
1.460174,0,0,0,0
1.720781,0,0,0,0
1.509797,0,0,0,0
1.712442,0,0,0,0
2.068188,0,0,0,0
1.413404,0,0,0,0
2.566844,0,0,0,0
2.426263,0,0,0,0
1.899789,0,0,0,0
2.251965,0,0,0,0
1.603645,0,0,0,0
1.790442,0,0,0,0
1.316067,0,0,0,0
2.288061,0,0,0,0
1.742081,0,0,0,0
1.906135,0,0,0,0
2.224386,0,0,0,0
1.730672,0,0,0,0
2.125529,0,0,0,0
0.930527,0,0,0,0
1.526457,0,0,0,0
0.722865,0,0,0,0
0.865952,0,0,0,0
1.104611,0,0,0,0
1.360395,0,0,0,0
1.271386,0,0,0,0
0.493671,0,0,0,0
0.476729,0,0,0,0
1.243037,0,0,0,0
1.693465,0,0,0,0
0.942840,0,0,0,0
1.450332,0,0,0,0
1.399648,0,0,0,0
0.979755,0,0,0,0
1.316543,0,0,0,0
0.881367,0,0,0,0
3.419821,0,0,0,0
2.816815,0,0,0,0
2.488449,0,0,0,0
2.857101,0,0,0,0
1.608043,0,0,0,0
2.897288,0,0,0,0
2.284979,0,0,0,0
3.121435,0,0,0,0
2.041729,0,0,0,0
2.397581,0,0,0,0
6.444935,0,0,0,0
2.590692,0,0,0,0
3.431377,0,0,0,0
3.312007,0,0,0,0
1.566287,0,0,0,0
2.872685,0,0,0,0
2.740236,0,0,0,0
2.735192,0,0,0,0
3.165222,0,0,0,0
3.153525,0,0,0,0
3.057833,0,0,0,0
6.463990,0,0,0,0
3.484398,0,0,0,0
3.897914,0,0,0,0
3.625849,0,0,0,0
1.728036,0,0,0,0
3.682200,0,0,0,0
1.903542,0,0,0,0
2.742970,0,0,0,0
4.013624,0,0,0,0
3.554756,0,0,0,0
4.353563,0,0,0,0
4.922342,0,0,0,0
5.017755,0,0,0,0
2.535189,0,0,0,0
3.335754,0,0,0,0
3.830175,0,0,0,0
4.173048,0,0,0,0
3.464174,0,0,0,0
3.019849,0,0,0,0
2.692322,0,0,0,0
2.458699,0,0,0,0
3.087324,0,0,0,0
4.304922,0,0,0,0
2.425238,0,0,0,0
2.723974,0,0,0,0
3.461611,0,0,0,0
3.001028,0,0,0,0
2.795010,0,0,0,0
2.474836,0,0,0,0
2.833311,0,0,0,0
2.702856,0,0,0,0
3.699627,0,0,0,0
3.771857,0,0,0,0
5.708958,0,0,0,0
4.173432,0,0,0,0
6.271796,0,0,0,0
4.528368,0,0,0,0
2.660054,0,0,0,0
3.210566,0,0,0,0
2.323653,0,0,0,0
3.315706,0,0,0,0
2.079696,0,0,0,0
3.354637,0,0,0,0
4.359799,0,0,0,0
4.398578,0,0,0,0
4.477056,0,0,0,0
4.306744,0,0,0,0
4.793835,0,0,0,0
4.257170,0,0,0,0
3.365714,0,0,0,0
5.251292,0,0,0,0
2.597508,0,0,0,0
4.610248,0,0,0,0
1.855300,0,0,0,0
2.197939,0,0,0,0
3.184667,0,0,0,0
3.068803,0,0,0,0
3.310421,0,0,0,0
2.889441,0,0,0,0
3.522607,0,0,0,0
1.702122,0,0,0,0
1.961597,0,0,0,0
1.494192,0,0,0,0
2.466035,0,0,0,0
1.599086,0,0,0,0
2.065351,0,0,0,0
1.817423,0,0,0,0
1.930788,0,0,0,0
2.416793,0,0,0,0
2.516801,0,0,0,0
3.297450,0,0,0,0
1.612230,0,0,0,0
1.629659,0,0,0,0
1.962378,0,0,0,0
2.234842,0,0,0,0
1.149846,0,0,0,0
0.845853,0,0,0,0
2.235986,0,0,0,0
1.149176,0,0,0,0
1.262646,0,0,0,0
0.727502,0,0,0,0
1.316333,0,0,0,0
0.952311,0,0,0,0
0.802995,0,0,0,0
1.240581,0,0,0,0
1.118770,0,0,0,0
1.079927,0,0,0,0
0.720907,0,0,0,0
0.779599,0,0,0,0
0.956270,0,0,0,0
0.486343,0,0,0,0
0.881835,0,0,0,0
1.142692,0,0,0,0
0.900966,0,0,0,0
0.898354,0,0,0,0
0.871499,0,0,0,0
0.668584,0,0,0,0
0.700949,0,0,0,0
0.992960,0,0,0,0
1.111615,0,0,0,0
1.137206,0,0,0,0
1.558533,0,0,0,0
1.118603,0,0,0,0
1.415415,0,0,0,0
1.109870,0,0,0,0
1.501650,0,0,0,0
1.486993,0,0,0,0
1.498882,0,0,0,0
1.260055,0,0,0,0
1.170353,0,0,0,0
1.009165,0,0,0,0
0.549130,0,0,0,0
0.875801,0,0,0,0
1.018177,0,0,0,0
1.287450,0,0,0,0
0.939809,0,0,0,0
1.514371,0,0,0,0
1.430920,0,0,0,0
1.326508,0,0,0,0
1.303207,0,0,0,0
1.543849,0,0,0,0
2.464929,0,0,0,0
1.825949,0,0,0,0
1.088983,0,0,0,0
1.180999,0,0,0,0
1.798491,0,0,0,0
1.452510,0,0,0,0
1.532841,0,0,0,0
1.337339,0,0,0,0
1.074063,0,0,0,0
1.666003,0,0,0,0
1.453770,0,0,0,0
1.690807,0,0,0,0
1.305674,0,0,0,0
1.641249,0,0,0,0
1.325049,0,0,0,0
0.704429,0,0,0,0
0.693879,0,0,0,0
1.317236,0,0,0,0
0.462854,0,0,0,0
0.547417,0,0,0,0
1.103935,0,0,0,0
0.872834,0,0,0,0
0.474609,0,0,0,0
0.644813,0,0,0,0
0.834640,0,0,0,0
0.654085,0,0,0,0
0.715084,0,0,0,0
1.361445,0,0,0,0
0.728530,0,0,0,0
2.220244,0,0,0,0
1.682944,0,0,0,0
1.085328,0,0,0,0
1.711052,0,0,0,0
1.332189,0,0,0,0
1.638250,0,0,0,0
1.794854,0,0,0,0
1.432629,0,0,0,0
1.240200,0,0,0,0
1.603215,0,0,0,0
1.422297,0,0,0,0
1.272954,0,0,0,0
1.512840,0,0,0,0
1.678200,0,0,0,0
1.560059,0,0,0,0
2.678182,0,0,0,0
1.835122,0,0,0,0
2.256168,0,0,0,0
1.737668,0,0,0,0
2.372209,0,0,0,0
0.999875,0,0,0,0
2.020696,0,0,0,0
1.857382,0,0,0,0
1.295056,0,0,0,0
1.338455,0,0,0,0
1.301604,0,0,0,0
1.584429,0,0,0,0
1.734376,0,0,0,0
2.007154,0,0,0,0
3.094636,0,0,0,0
1.775807,0,0,0,0
1.363371,0,0,0,0
1.488005,0,0,0,0
1.018317,0,0,0,0
1.729014,0,0,0,0
1.631173,0,0,0,0
1.374467,0,0,0,0
1.183864,0,0,0,0
2.570573,0,0,0,0
1.397185,0,0,0,0
1.413529,0,0,0,0
1.388483,0,0,0,0
2.208423,0,0,0,0
1.658587,0,0,0,0
1.978790,0,0,0,0
1.988679,0,0,0,0
3.599890,0,0,0,0
1.991682,0,0,0,0
1.512612,0,0,0,0
1.757597,0,0,0,0
1.901053,0,0,0,0
1.772245,0,0,0,0
3.502152,0,0,0,0
3.084080,0,0,0,0
1.509982,0,0,0,0
1.606605,0,0,0,0
2.047162,0,0,0,0
1.457290,0,0,0,0
2.034244,0,0,0,0
3.356924,0,0,0,0
2.832935,0,0,0,0
1.774274,0,0,0,0
2.130432,0,0,0,0
2.040918,0,0,0,0
2.039062,0,0,0,0
1.969565,0,0,0,0
2.340150,0,0,0,0
2.144424,0,0,0,0
2.004641,0,0,0,0
2.138138,0,0,0,0
2.176546,0,0,0,0
2.237250,0,0,0,0
1.948947,0,0,0,0
1.534336,0,0,0,0
1.236055,0,0,0,0
1.284386,0,0,0,0
1.406994,0,0,0,0
0.949553,0,0,0,0
1.920551,0,0,0,0
2.299658,0,0,0,0
1.641233,0,0,0,0
0.971989,0,0,0,0
0.691077,0,0,0,0
0.718892,0,0,0,0
0.892404,0,0,0,0
0.649878,0,0,0,0
1.059926,0,0,0,0
0.926921,0,0,0,0
1.039060,0,0,0,0
1.394718,0,0,0,0
2.436329,0,0,0,0
2.058414,0,0,0,0
1.217845,0,0,0,0
2.384952,0,0,0,0
1.083585,0,0,0,0
2.197823,0,0,0,0
3.556683,0,0,0,0
2.967502,0,0,0,0
1.491162,0,0,0,0
3.607260,0,0,0,0
2.274411,0,0,0,0
1.869216,0,0,0,0
1.207281,0,0,0,0
1.435682,0,0,0,0
1.815965,0,0,0,0
1.205259,0,0,0,0
1.132893,0,0,0,0
1.169772,0,0,0,0
1.277586,0,0,0,0
0.577195,0,0,0,0
0.800445,0,0,0,0
0.304621,0,0,0,0
0.331560,0,0,0,0
0.377987,0,0,0,0
1.410863,0,0,0,0
0.569305,0,0,0,0
0.904009,0,0,0,0
0.928398,0,0,0,0
0.683970,0,0,0,0
1.110627,0,0,0,0
1.159793,0,0,0,0
0.675159,0,0,0,0
1.177999,0,0,0,0
0.387714,0,0,0,0
1.263920,0,0,0,0
1.257263,0,0,0,0
1.307991,0,0,0,0
1.596510,0,0,0,0
2.669422,0,0,0,0
1.944087,0,0,0,0
1.284255,0,0,0,0
2.237758,0,0,0,0
3.104029,0,0,0,0
2.004669,0,0,0,0
2.694226,0,0,0,0
3.466433,0,0,0,0
2.016815,0,0,0,0
2.789081,0,0,0,0
2.205458,0,0,0,0
3.567644,0,0,0,0
2.577360,0,0,0,0
3.186951,0,0,0,0
2.249531,0,0,0,0
2.222300,0,0,0,0
2.888807,0,0,0,0
4.726858,0,0,0,0
3.829235,0,0,0,0
2.796123,0,0,0,0
4.347489,0,0,0,0
5.141059,0,0,0,0
3.271073,0,0,0,0
4.655567,0,0,0,0
3.295219,0,0,0,0
3.005428,0,0,0,0
3.910036,0,0,0,0
3.190263,0,0,0,0
3.194076,0,0,0,0
4.100036,0,0,0,0
5.325817,0,0,0,0
3.555504,0,0,0,0
5.037060,0,0,0,0
3.927665,0,0,0,0
4.829539,0,0,0,0
4.878878,0,0,0,0
3.866445,0,0,0,0
4.019329,0,0,0,0
5.014035,0,0,0,0
4.488678,0,0,0,0
2.274144,0,0,0,0
4.460611,0,0,0,0
2.640901,0,0,0,0
3.472455,0,0,0,0
4.427053,0,0,0,0
4.668117,0,0,0,0
4.678103,0,0,0,0
3.982663,0,0,0,0
2.123758,0,0,0,0
3.271734,0,0,0,0
4.159071,0,0,0,0
3.237444,0,0,0,0
2.988785,0,0,0,0
3.920056,0,0,0,0
3.841961,0,0,0,0
3.773860,0,0,0,0
2.724453,0,0,0,0
3.039550,0,0,0,0
4.132417,0,0,0,0
1.246571,0,0,0,0
2.140535,0,0,0,0
1.726443,0,0,0,0
1.107819,0,0,0,0
1.401535,0,0,0,0
2.652330,0,0,0,0
1.868088,0,0,0,0
1.756436,0,0,0,0
2.170622,0,0,0,0
1.962334,0,0,0,0
3.085866,0,0,0,0
2.387177,0,0,0,0
3.114140,0,0,0,0
2.629253,0,0,0,0
1.431240,0,0,0,0
1.581138,0,0,0,0
1.285864,0,0,0,0
2.831688,0,0,0,0
1.716875,0,0,0,0
1.910624,0,0,0,0
2.074881,0,0,0,0
1.899974,0,0,0,0
2.973397,0,0,0,0
3.211925,0,0,0,0
2.564488,0,0,0,0
2.755573,0,0,0,0
1.781480,0,0,0,0
3.693692,0,0,0,0
1.928982,0,0,0,0
1.402230,0,0,0,0
2.175381,0,0,0,0
2.593555,0,0,0,0
2.492471,0,0,0,0
1.943619,0,0,0,0
2.132071,0,0,0,0
1.938299,0,0,0,0
4.415577,0,0,0,0
2.265008,0,0,0,0
2.376704,0,0,0,0
1.425941,0,0,0,0
2.496784,0,0,0,0
2.560578,0,0,0,0
3.694183,0,0,0,0
2.411974,0,0,0,0
1.660406,0,0,0,0
2.224748,0,0,0,0
1.601630,0,0,0,0
3.065656,0,0,0,0
1.789283,0,0,0,0
1.890801,0,0,0,0
1.633662,0,0,0,0
1.414985,0,0,0,0
1.236159,0,0,0,0
0.989228,0,0,0,0
2.545946,0,0,0,0
1.594941,0,0,0,0
1.959944,0,0,0,0
2.270384,0,0,0,0
2.622680,0,0,0,0
2.587415,0,0,0,0
1.746184,0,0,0,0
2.667649,0,0,0,0
1.676441,0,0,0,0
2.692389,0,0,0,0
2.133200,0,0,0,0
1.950383,0,0,0,0
3.234322,0,0,0,0
2.979759,0,0,0,0
2.607411,0,0,0,0
2.259496,0,0,0,0
1.830376,0,0,0,0
1.973781,0,0,0,0
2.453117,0,0,0,0
4.030005,0,0,0,0
2.430061,0,0,0,0
1.826155,0,0,0,0
2.082220,0,0,0,0
1.555388,0,0,0,0
2.696037,0,0,0,0
1.608011,0,0,0,0
3.038269,0,0,0,0
2.681561,0,0,0,0
2.458998,0,0,0,0
3.019130,0,0,0,0
2.465705,0,0,0,0
3.363236,0,0,0,0
2.770130,0,0,0,0
2.468704,0,0,0,0
4.596511,0,0,0,0
4.295805,0,0,0,0
2.448459,0,0,0,0
2.371723,0,0,0,0
3.425598,0,0,0,0
3.648790,0,0,0,0
2.318409,0,0,0,0
3.107121,0,0,0,0
3.586864,0,0,0,0
3.907578,0,0,0,0
3.939886,0,0,0,0
2.171392,0,0,0,0
2.844987,0,0,0,0
2.561546,0,0,0,0
4.611376,0,0,0,0
2.602099,0,0,0,0
2.763778,0,0,0,0
2.789815,0,0,0,0
2.966516,0,0,0,0
3.393147,0,0,0,0
3.584613,0,0,0,0
3.259163,0,0,0,0
3.187283,0,0,0,0
2.898462,0,0,0,0
4.472879,0,0,0,0
3.546610,0,0,0,0
4.284810,0,0,0,0
3.289648,0,0,0,0
6.577803,0,0,0,0
3.914519,0,0,0,0
4.313419,0,0,0,0
3.205659,0,0,0,0
2.921710,0,0,0,0
3.149377,0,0,0,0
5.037805,0,0,0,0
5.041707,0,0,0,0
6.642237,0,0,0,0
5.032744,0,0,0,0
4.575567,0,0,0,0
3.027564,0,0,0,0
14.196652,0,0,0,0
6.496126,0,0,0,0
6.049842,0,0,0,0
8.585313,0,0,0,0
6.977503,0,0,0,0
6.380906,0,0,0,0
6.914598,0,0,0,0
7.930234,0,0,0,0
4.522395,0,0,0,0
5.581694,0,0,0,0
6.537947,0,0,0,0
4.892714,0,0,0,0
5.624182,0,0,0,0
5.906462,0,0,0,0
6.568414,0,0,0,0
5.902512,0,0,0,0
8.294435,0,0,0,0
5.252099,0,0,0,0
4.808228,0,0,0,0
5.092083,0,0,0,0
5.139687,0,0,0,0
5.017817,0,0,0,0
4.314118,0,0,0,0
4.353085,0,0,0,0
4.974847,0,0,0,0
7.664510,0,0,0,0
5.205791,0,0,0,0
5.230189,0,0,0,0
6.278874,0,0,0,0
5.404957,0,0,0,0
8.718978,0,0,0,0
7.418525,0,0,0,0
5.777348,0,0,0,0
4.982286,0,0,0,0
6.072824,0,0,0,0
5.460394,0,0,0,0
7.208435,0,0,0,0
6.700873,0,0,0,0
5.100182,0,0,0,0
6.188015,0,0,0,0
6.007880,0,0,0,0
6.494031,0,0,0,0
8.484793,0,0,0,0
8.413926,0,0,0,0
9.041906,0,0,0,0
9.142292,0,0,0,0
10.147950,0,0,0,0
7.318845,0,0,0,0
9.195705,0,0,0,0
8.638465,0,0,0,0
8.251186,0,0,0,0
7.821903,0,0,0,0
6.988107,0,0,0,0
9.172154,0,0,0,0
9.991302,0,0,0,0
11.001809,0,0,0,0
7.488647,0,0,0,0
8.295057,0,0,0,0
10.917235,0,0,0,0
8.156521,0,0,0,0
9.538783,0,0,0,0
10.332611,0,0,0,0
6.993213,0,0,0,0
8.238747,0,0,0,0
8.206959,0,0,0,0
8.202655,0,0,0,0
8.978932,0,0,0,0
8.741615,0,0,0,0
7.332333,0,0,0,0
12.376259,0,0,0,0
7.953426,0,0,0,0
6.471952,0,0,0,0
7.871858,0,0,0,0
6.802033,0,0,0,0
5.391377,0,0,0,0
6.796666,0,0,0,0
7.031940,0,0,0,0
7.812535,0,0,0,0
7.292871,0,0,0,0
8.340824,0,0,0,0
8.512451,0,0,0,0
5.647748,0,0,0,0
6.850708,0,0,0,0
6.898853,0,0,0,0
5.983287,0,0,0,0
5.865206,0,0,0,0
10.173969,0,0,0,0
4.360364,0,0,0,0
5.312243,0,0,0,0
7.427716,0,0,0,0
5.892465,0,0,0,0
5.136502,0,0,0,0
6.456843,0,0,0,0
6.269060,0,0,0,0
5.782546,0,0,0,0
6.043670,0,0,0,0
4.603645,0,0,0,0
5.798364,0,0,0,0
3.870318,0,0,0,0
5.522003,0,0,0,0
3.862532,0,0,0,0
3.348022,0,0,0,0
4.278252,0,0,0,0
4.333503,0,0,0,0
7.167271,0,0,0,0
6.189932,0,0,0,0
7.148363,0,0,0,0
8.602348,0,0,0,0
13.878590,0,0,0,0
8.743284,0,0,0,0
11.113772,0,0,0,0
9.265389,0,0,0,0
8.644563,0,0,0,0
13.111699,0,0,0,0
10.771329,0,0,0,0
9.447849,0,0,0,0
6.467574,0,0,0,0
7.827926,0,0,0,0
9.027721,0,0,0,0
5.736048,0,0,0,0
7.223136,0,0,0,0
6.493841,0,0,0,0
5.561435,0,0,0,0
6.158283,0,0,0,0
5.906594,0,0,0,0
6.390581,0,0,0,0
5.493164,0,0,0,0
4.037002,0,0,0,0
5.548273,0,0,0,0
6.170888,0,0,0,0
5.456215,0,0,0,0
4.734481,0,0,0,0
4.200729,0,0,0,0
4.108802,0,0,0,0
5.527688,0,0,0,0
3.603658,0,0,0,0
4.396127,0,0,0,0
4.471245,0,0,0,0
7.817981,0,0,0,0
8.320307,0,0,0,0
5.995639,0,0,0,0
5.806307,0,0,0,0
5.401963,0,0,0,0
7.886794,0,0,0,0
6.217538,0,0,0,0
4.895746,0,0,0,0
3.829446,0,0,0,0
5.356225,0,0,0,0
5.970484,0,0,0,0
4.451283,0,0,0,0
5.202367,0,0,0,0
3.521255,0,0,0,0
2.879157,0,0,0,0
4.182445,0,0,0,0
3.972777,0,0,0,0
5.164218,0,0,0,0
5.089771,0,0,0,0
6.674610,0,0,0,0
5.453426,0,0,0,0
7.773560,0,0,0,0
7.006662,0,0,0,0
8.000604,0,0,0,0
9.094859,0,0,0,0
6.403938,0,0,0,0
5.774955,0,0,0,0
6.038495,0,0,0,0
6.488028,0,0,0,0
7.419252,0,0,0,0
6.767825,0,0,0,0
6.612227,0,0,0,0
6.633990,0,0,0,0
5.395620,0,0,0,0
6.170529,0,0,0,0
5.131591,0,0,0,0
4.750947,0,0,0,0
4.836232,0,0,0,0
4.372276,0,0,0,0
3.943534,0,0,0,0
4.224407,0,0,0,0
2.971685,0,0,0,0
2.954130,0,0,0,0
3.397791,0,0,0,0
7.640113,0,0,0,0
2.661580,0,0,0,0
4.751667,0,0,0,0
5.011149,0,0,0,0
3.975489,0,0,0,0
3.849542,0,0,0,0
4.143160,0,0,0,0
2.920068,0,0,0,0
4.142924,0,0,0,0
3.262399,0,0,0,0
3.351933,0,0,0,0
3.452655,0,0,0,0
4.316815,0,0,0,0
9.256090,0,0,0,0
3.981324,0,0,0,0
2.547619,0,0,0,0
3.443830,0,0,0,0
4.978026,0,0,0,0
2.697704,0,0,0,0
3.292303,0,0,0,0
3.492653,0,0,0,0
3.340114,0,0,0,0
3.022428,0,0,0,0
2.955526,0,0,0,0
3.322113,0,0,0,0
4.939710,0,0,0,0
3.301641,0,0,0,0
2.484487,0,0,0,0
3.434850,0,0,0,0
2.854098,0,0,0,0
3.719826,0,0,0,0
2.619704,0,0,0,0
3.010951,0,0,0,0
2.676743,0,0,0,0
2.495584,0,0,0,0
2.756346,0,0,0,0
2.136745,0,0,0,0
1.553281,0,0,0,0
2.356903,0,0,0,0
2.537076,0,0,0,0
0.934567,0,0,0,0
2.538109,0,0,0,0
1.464487,0,0,0,0
2.621716,0,0,0,0
2.085647,0,0,0,0
2.105916,0,0,0,0
4.378913,0,0,0,0
6.698702,0,0,0,0
4.617840,0,0,0,0
3.881697,0,0,0,0
3.688527,0,0,0,0
5.433509,0,0,0,0
4.957382,0,0,0,0
6.520385,0,0,0,0
4.384764,0,0,0,0
4.494831,0,0,0,0
4.856856,0,0,0,0
4.161587,0,0,0,0
5.407687,0,0,0,0
5.913810,0,0,0,0
4.101236,0,0,0,0
3.949087,0,0,0,0
4.689583,0,0,0,0
4.558955,0,0,0,0
6.572619,0,0,0,0
4.424681,0,0,0,0
3.908229,0,0,0,0
5.647926,0,0,0,0
7.518209,0,0,0,0
4.212339,0,0,0,0
4.776413,0,0,0,0
4.536822,0,0,0,0
4.729222,0,0,0,0
7.893680,0,0,0,0
4.377714,0,0,0,0
4.823134,0,0,0,0
5.121188,0,0,0,0
3.303331,0,0,0,0
8.663430,0,0,0,0
4.617618,0,0,0,0
5.550018,0,0,0,0
3.871390,0,0,0,0
4.040593,0,0,0,0
5.193699,0,0,0,0
4.502973,0,0,0,0
5.083695,0,0,0,0
4.165517,0,0,0,0
5.537282,0,0,0,0
5.405428,0,0,0,0
5.017256,0,0,0,0
3.584741,0,0,0,0
5.024931,0,0,0,0
5.429487,0,0,0,0
6.165831,0,0,0,0
6.582237,0,0,0,0
4.801945,0,0,0,0
4.407532,-1055261966,0,-1057339426,1078405107
5.391948,978990856,0,-1565480344,-1219908151
