1403636579963555584.000000 -0.415724188 0.342395812 -0.016263511 -0.622874439 -0.531697571 -0.418155998 0.393027693
1403636582713555456.000000 -0.426980704 0.344370186 0.045450397 -0.631648123 -0.534844518 -0.422558278 0.369332641
1403636585413555456.000000 -0.396220595 0.368421257 0.108384803 -0.630801678 -0.513663650 -0.460428834 0.355308503
1403636588163555584.000000 -0.095282972 0.286062896 -0.030970745 -0.734502792 -0.545532286 -0.309386164 0.259191871
1403636589963555584.000000 -0.645883679 0.297293693 -0.021399502 -0.696065366 -0.589523137 -0.284147173 0.295323461
1403636590163555584.000000 -0.689694583 0.299642622 -0.023515474 -0.687267601 -0.592667282 -0.283615589 0.309791893
1403636592163555584.000000 -0.186996043 0.315671742 -0.053981796 -0.732092381 -0.508608997 -0.359697908 0.275635809
1403636592463555584.000000 -0.155530453 0.392210841 -0.058211669 -0.740912437 -0.511685848 -0.340306312 0.270957589
1403636593663555584.000000 -0.581809163 0.324405164 -0.068214066 -0.653017044 -0.622999966 -0.248234600 0.351879895
1403636594113555456.000000 -0.411376536 0.161934614 -0.077400982 -0.740292430 -0.514613926 -0.319107473 0.292079031
1403636594463555584.000000 -0.205605060 0.214001834 -0.081760049 -0.765220642 -0.474524409 -0.355309039 0.251037002
1403636594613555456.000000 -0.138873607 0.279157668 -0.083106332 -0.758473337 -0.471914351 -0.368422866 0.257448554
1403636594913555456.000000 -0.170186132 0.414359570 -0.090927422 -0.729983628 -0.501682460 -0.363549322 0.288566262
1403636596213555456.000000 -0.297975153 0.163396537 -0.126197636 -0.718492627 -0.543868363 -0.331877321 0.278985679
1403636596613555456.000000 -0.443782270 0.042294994 -0.083474450 -0.712885439 -0.540281415 -0.344842553 0.284559369
1403636597113555456.000000 -0.433032483 0.147299856 -0.089357808 -0.706694067 -0.553847969 -0.344115108 0.274628490
1403636598463555584.000000 -0.442439139 0.273600996 -0.137529656 -0.633576334 -0.649478018 -0.289680392 0.304704070
1403636598913555456.000000 -0.384016216 0.397967905 -0.213214487 -0.595333397 -0.634999454 -0.320331961 0.373819888
1403636601613555456.000000 -0.347660273 0.487331301 -0.313615561 -0.561577797 -0.566855550 -0.393898070 0.456234187
1403636604113555456.000000 -0.347608298 0.487412572 -0.313687861 -0.561618149 -0.566754222 -0.393856794 0.456345946
1403636606613555456.000000 -0.347738475 0.487517297 -0.313699245 -0.561644077 -0.566699028 -0.393985212 0.456271738
1403636609113555456.000000 -0.347867876 0.487428129 -0.313627332 -0.561670303 -0.566782355 -0.394139260 0.456002682
1403636611613555456.000000 -0.347069383 0.487444371 -0.313758641 -0.561514795 -0.567041218 -0.394193023 0.455825835
1403636614113555456.000000 -0.347117007 0.487491727 -0.313915491 -0.561312199 -0.566896319 -0.394470602 0.456015557
1403636616613555456.000000 -0.347047687 0.487479657 -0.313961446 -0.561561704 -0.566580176 -0.394191653 0.456342310
1403636619113555456.000000 -0.347028673 0.487395436 -0.313974679 -0.561806262 -0.566241086 -0.393789411 0.456809133
1403636621613555456.000000 -0.347012162 0.487467170 -0.314035624 -0.561691105 -0.566347837 -0.394103527 0.456547529
1403636624563555584.000000 -0.334243596 0.476954877 -0.313798815 -0.578433037 -0.570842505 -0.385241866 0.437198818
1403636627113555456.000000 -0.233563840 0.490768611 0.011359077 -0.561341107 -0.602000713 -0.385239005 0.417231470
1403636629163555584.000000 0.097059645 0.544601142 0.179468304 -0.619994164 -0.549152970 -0.415206015 0.376353860
1403636631963555584.000000 1.243052483 1.287161946 0.093822084 -0.680568576 -0.458989531 -0.476114184 0.315389305
1403636633213555456.000000 1.555904031 1.800299406 -0.002572199 -0.628103852 -0.529805183 -0.437434137 0.365299255
1403636634963555584.000000 2.126488686 2.887848139 -0.058821037 -0.611872852 -0.547638714 -0.426923633 0.378734261
1403636635263555584.000000 2.220040560 3.082082987 -0.054687575 -0.608091652 -0.557429790 -0.418100268 0.380379617
1403636635563555584.000000 2.306857347 3.285216331 -0.063830510 -0.613799095 -0.554412365 -0.407087713 0.387501359
1403636636063555584.000000 2.489294052 3.641837120 0.038902678 -0.619818807 -0.546994269 -0.403896391 0.391777664
1403636636913555456.000000 2.845417738 4.225971222 0.229973465 -0.582931280 -0.557618141 -0.454578489 0.377639502
1403636638363555584.000000 2.982106447 4.878295898 0.284055471 -0.600236773 -0.557834148 -0.414163530 0.396239102
1403636638613555456.000000 3.005955696 4.993857384 0.234041691 -0.620049119 -0.565982878 -0.384343207 0.384034842
1403636641263555584.000000 3.784224510 6.484563828 0.047902800 -0.568073690 -0.582814097 -0.407521695 0.414181143
1403636643113555456.000000 4.110757828 6.870671272 -0.007287528 -0.613112271 -0.545391321 -0.421667784 0.385795236
1403636643613555456.000000 4.199091911 6.956507683 -0.003406320 -0.617260337 -0.551067829 -0.412094414 0.381434202
1403636644413555456.000000 4.399556160 7.281787395 0.060119454 -0.616232157 -0.538877964 -0.410125375 0.402076632
1403636646663555584.000000 5.504694939 8.793745041 -0.166441098 -0.675120175 -0.440098941 -0.486673236 0.337157071
1403636647013555456.000000 5.705749512 8.995406151 -0.074509844 -0.686370313 -0.430005938 -0.490648866 0.321332365
1403636647813555456.000000 6.130479813 9.304594994 0.001494355 -0.684836268 -0.428226620 -0.488549173 0.330062151
1403636648113555456.000000 6.300331593 9.355049133 -0.013908409 -0.704293191 -0.399646848 -0.500951767 0.305451840
1403636649463555584.000000 7.013780117 9.297414780 0.015086954 -0.763261080 -0.290105879 -0.538445950 0.208199754
1403636650113555456.000000 7.278769016 9.225808144 0.255585104 -0.762958407 -0.262586772 -0.555631995 0.200538665
1403636650363555584.000000 7.347607613 9.155865669 0.260205805 -0.777473927 -0.224132776 -0.562234342 0.170854717
1403636651763555584.000000 7.456312656 8.680980682 0.230930790 -0.791545033 -0.156040430 -0.577245116 0.126079604
1403636653713555456.000000 7.425928116 7.666375637 0.160935789 0.810127616 -0.003433611 0.586240470 0.001914400
1403636654163555584.000000 7.432467937 7.482910633 0.154837638 0.809385240 -0.010180319 0.587164402 -0.005472518
1403636654513555456.000000 7.368806839 7.344704151 0.174864754 0.812518358 -0.049902223 0.579992652 0.030531097
1403636655113555456.000000 7.258778572 7.119400024 0.229808405 0.806245923 -0.102566876 0.578670800 0.067732789
1403636655413555456.000000 7.185609818 7.030889988 0.208940446 0.797713995 -0.117667064 0.587108970 0.071484171
1403636655663555584.000000 7.084002972 6.958259583 0.210435137 0.803433359 -0.148187339 0.570349574 0.085068777
1403636656213555456.000000 6.835873127 6.761520863 0.070243523 0.797306895 -0.217694938 0.547569513 0.130683824
1403636656413555456.000000 6.752107143 6.675894737 0.069674753 0.797784448 -0.223370165 0.542951465 0.137293428
1403636656663555584.000000 6.664638519 6.551942348 0.105833665 0.794033527 -0.219204873 0.549503624 0.139663428
1403636656913555456.000000 6.592042446 6.417226315 0.115953237 0.780601919 -0.206896245 0.571870446 0.144287601
1403636657163555584.000000 6.500927448 6.297121525 0.085025474 0.776057184 -0.206863925 0.580421746 0.134362563
1403636657913555456.000000 6.089088917 5.964322567 -0.006771628 0.792299449 -0.229286999 0.553613901 0.114895135
1403636658163555584.000000 5.934119225 5.815386295 -0.021113547 0.796559751 -0.228539973 0.545243919 0.126377389
1403636658413555456.000000 5.779606342 5.647383690 -0.022364913 0.798654556 -0.222426489 0.540606797 0.142904595
1403636658713555456.000000 5.622531414 5.445739269 -0.054941509 0.800305128 -0.213813871 0.537027180 0.159364685
1403636659063555584.000000 5.493481159 5.250014305 -0.126330242 0.786318898 -0.215727419 0.555829167 0.161920384
1403636659313555456.000000 5.401551723 5.142940521 -0.195797920 0.783709407 -0.218456700 0.559418619 0.158515573
1403636659763555584.000000 5.241859913 4.988234520 -0.293775946 0.786532104 -0.216730759 0.554571927 0.163844988
1403636660463555584.000000 5.094959736 4.838622570 -0.526664853 0.811665356 -0.229510322 0.513173401 0.158673957
1403636660913555456.000000 5.143352509 4.770510197 -0.667718828 0.788379967 -0.207239226 0.548434138 0.186356753
1403636661263555584.000000 5.210780621 4.788650036 -0.831224740 0.781740487 -0.217528224 0.558770061 0.171287626
1403636662313555456.000000 5.278130531 5.067371845 -0.886943400 0.783429265 -0.217232361 0.558328748 0.165281162
1403636662763555584.000000 5.242885113 5.232129097 -0.914813340 0.788968086 -0.238775223 0.547769666 0.143052876
1403636663663555584.000000 5.256535053 5.319424629 -1.090777278 0.816993415 -0.226778001 0.503309011 0.166654170
1403636664113555456.000000 5.477152824 5.321537971 -1.164272547 0.804836273 -0.195331559 0.525383890 0.195079044
1403636665363555584.000000 6.320394516 5.842498302 -1.300980687 0.797597528 -0.200943395 0.554487526 0.126505524
1403636665763555584.000000 6.544941425 6.048120975 -1.247006536 0.799030304 -0.187601522 0.550072134 0.154197335
1403636668463555584.000000 7.633623600 7.110652924 -1.289829731 0.801415384 -0.201740921 0.545132279 0.140942484
1403636668763555584.000000 7.794715405 7.185229778 -1.346177459 0.799500048 -0.200229689 0.544847488 0.154431030
1403636669613555456.000000 8.257193565 7.575038910 -1.451687336 0.776773036 -0.199954495 0.575763404 0.158550620
1403636669813555456.000000 8.328880310 7.706791878 -1.487104774 0.767520249 -0.202204242 0.589349568 0.150642887
1403636670213555456.000000 8.383266449 7.964621544 -1.462745547 0.768695295 -0.235265464 0.588641167 0.085202456
1403636670613555456.000000 8.248209000 8.077458382 -1.421991229 0.771664739 -0.214358509 0.598086596 0.029606014
1403636672563555584.000000 6.504030704 6.162472248 -0.802921772 -0.825328410 -0.087226331 -0.557866216 -0.003139912
1403636672813555456.000000 6.483446598 6.045588493 -0.858329535 -0.819969535 -0.067077875 -0.567722261 0.029017456
1403636673313555456.000000 6.472517490 5.931395531 -0.894249141 -0.837038100 -0.125593126 -0.529374540 0.057931609
1403636674213555456.000000 6.733883858 6.143109798 -0.878219366 -0.812231183 -0.136973709 -0.561917365 0.075944588
1403636676963555584.000000 8.031222343 7.816226006 -1.364349842 -0.733639777 -0.373604953 -0.497505367 0.273277581
1403636678763555584.000000 8.351838112 8.898321152 -1.407665610 -0.579951525 -0.576708853 -0.418671101 0.394686729
1403636679063555584.000000 8.367169380 9.003776550 -1.404498100 -0.526736557 -0.626882732 -0.405486971 0.406382799
1403636680363555584.000000 8.177044868 9.153255463 -1.181271911 -0.412661731 -0.690308809 -0.354725152 0.476816624
1403636680663555584.000000 8.072674751 9.054251671 -1.133337975 -0.420224488 -0.693994820 -0.356023401 0.463713318
1403636683563555584.000000 6.336911201 7.689833641 -1.082619309 -0.442696929 -0.681541502 -0.319696486 0.487149596
1403636686463555584.000000 5.019256592 5.844468594 -1.121741772 -0.450732887 -0.688299179 -0.303810865 0.480398983
1403636689163555584.000000 4.148315907 4.532694340 -1.508672595 -0.424284428 -0.705249727 -0.293219924 0.486443937
1403636689463555584.000000 4.026592731 4.411626339 -1.485997558 -0.418134987 -0.711281717 -0.282150358 0.489522964
1403636689763555584.000000 3.909939289 4.318488598 -1.409632564 -0.427762866 -0.715638459 -0.263367712 0.485302031
1403636690013555456.000000 3.820397854 4.279199123 -1.366068244 -0.437666595 -0.706101060 -0.254352510 0.495150506
1403636690363555584.000000 3.718365192 4.307491779 -1.322649479 -0.428041816 -0.713927686 -0.275558174 0.480785966
1403636690613555456.000000 3.650621414 4.373311043 -1.283396482 -0.433412462 -0.706363380 -0.268954515 0.490782917
1403636690863555584.000000 3.598547220 4.469762802 -1.292907715 -0.445507854 -0.684598565 -0.250966847 0.519483745
1403636691713555456.000000 3.971276522 4.784990788 -1.209131002 -0.406332910 -0.703397989 -0.288289756 0.506965339
1403636691963555584.000000 4.148687840 4.833711624 -1.149971962 -0.404869348 -0.702872336 -0.288135082 0.508949459
1403636694113555456.000000 5.074130535 4.995664597 -0.570344448 -0.405608267 -0.706226230 -0.287167430 0.504243493
1403636694363555584.000000 5.092976093 5.063677311 -0.555087805 -0.404672146 -0.706897318 -0.285981774 0.504728794
1403636694863555584.000000 5.118495464 5.193305969 -0.535449743 -0.412833244 -0.705162287 -0.279524893 0.504163325
1403636696663555584.000000 5.234336853 5.524092674 -0.629951835 -0.419514149 -0.692235649 -0.300379723 0.504568994
1403636699313555456.000000 4.511434078 4.996332645 -0.726177573 -0.662797213 -0.485998899 -0.442012966 0.359345853
1403636700013555456.000000 4.390163898 4.867417336 -0.711950302 -0.731042743 -0.372724384 -0.492475599 0.290036201
1403636702763555584.000000 4.969295979 4.387871742 -1.206912875 -0.790989339 -0.253058821 -0.531283438 0.167436630
1403636704213555456.000000 5.528149605 4.421683788 -1.437709808 -0.781990349 -0.253479421 -0.536552966 0.190657362
1403636704613555456.000000 5.704188347 4.422058105 -1.489391446 -0.788095951 -0.266276449 -0.525608242 0.178150713
1403636705363555584.000000 6.158688068 4.605348110 -1.570977569 -0.778148890 -0.272831082 -0.535903871 0.181258008
1403636706513555456.000000 6.951888084 5.238019466 -1.724722505 -0.772335649 -0.278301150 -0.540420294 0.184369609
1403636706963555584.000000 7.246441841 5.485849380 -1.745382309 -0.781502604 -0.277513742 -0.530128658 0.176644504
1403636707613555456.000000 7.639719486 5.945939064 -1.620487690 -0.785742819 -0.263697147 -0.532819867 0.170806900
1403636709263555584.000000 8.714851379 7.092520237 -1.810389638 -0.766704679 -0.258451283 -0.562397718 0.170516223
1403636709613555456.000000 8.837050438 7.292822838 -1.810848594 -0.774707079 -0.260780156 -0.552057922 0.164483011
1403636709913555456.000000 8.901257515 7.480355263 -1.844969273 -0.773701310 -0.264634341 -0.550987184 0.166638002
1403636710263555584.000000 8.933584213 7.727553844 -1.846988797 -0.769941509 -0.269125760 -0.551899314 0.173690960
1403636710613555456.000000 8.938622475 7.989869595 -1.914605618 -0.768283844 -0.272151917 -0.535126448 0.222064957
1403636711563555584.000000 8.897106171 8.535902977 -1.996754169 -0.714924693 -0.354648322 -0.543657184 0.259892553
1403636711913555456.000000 8.782536507 8.672572136 -1.972296357 -0.724222779 -0.345511794 -0.537400186 0.259468675
1403636714563555584.000000 7.206737995 8.268026352 -1.388426542 -0.724131465 -0.389601767 -0.490237325 0.288983494
1403636716263555584.000000 6.776827812 7.778689861 -1.176054120 -0.656877637 -0.476328343 -0.464881808 0.354271233
1403636716763555584.000000 6.702797413 7.549078941 -1.174518943 -0.654579878 -0.484946132 -0.460406423 0.352673382
1403636717163555584.000000 6.631776810 7.352865219 -1.181189060 -0.613048196 -0.539761543 -0.429692656 0.384959191
1403636717963555584.000000 6.419598103 6.975336552 -1.186503172 -0.570950091 -0.584951222 -0.424285829 0.389653325
1403636720663555584.000000 5.351644516 5.811465740 -1.505803943 -0.514149249 -0.636149704 -0.348387778 0.457810163
1403636723463555584.000000 5.221875668 4.866638660 -1.514407039 -0.592197299 -0.558825552 -0.425936460 0.394454807
1403636726413555456.000000 4.838690758 4.045509338 -1.232766032 -0.665269136 -0.471161067 -0.469125807 0.339625001
1403636729363555584.000000 4.307942867 3.249753714 -0.614974439 -0.616159141 -0.528691888 -0.446408689 0.376234084
1403636732063555584.000000 3.612106085 2.507338047 -0.601115525 -0.624177098 -0.523698628 -0.434187621 0.384218633
1403636734863555584.000000 2.846672535 1.470494747 -0.402243763 -0.617398620 -0.544984460 -0.425330460 0.375372916
1403636737713555456.000000 1.988942146 0.960626960 -0.193510175 -0.587144613 -0.576617360 -0.392543405 0.410710663
1403636738713555456.000000 1.833402991 0.910156786 0.038559183 -0.614020705 -0.551346898 -0.406250209 0.392372280
1403636741563555584.000000 2.270167112 0.808786631 -0.704153240 -0.742704153 -0.361840338 -0.498280913 0.263017565
1403636744363555584.000000 2.801297426 1.153764248 -1.523882508 -0.742938995 -0.326639205 -0.528887689 0.248246357
1403636747263555584.000000 3.085265875 1.488914490 -2.061299324 -0.746887684 -0.329744279 -0.527635694 0.234580770
1403636749963555584.000000 3.149600744 1.982440233 -1.332887530 -0.741303325 -0.304896504 -0.555875301 0.220250398
1403636751163555584.000000 2.978103638 1.861827254 -0.886712015 -0.748573959 -0.330467492 -0.528033912 0.227174968
1403636751613555456.000000 2.880609035 1.857946157 -0.671837389 -0.755407691 -0.315963715 -0.517638803 0.248145342
1403636752113555456.000000 2.861792088 1.847718716 -0.465193927 -0.756054699 -0.342578501 -0.503545761 0.239714056
1403636752463555584.000000 2.881961346 1.852476120 -0.353399277 -0.727023005 -0.365067035 -0.514912367 0.270238698
1403636754963555584.000000 2.331887722 1.722725391 -0.107069366 -0.569332898 -0.576144934 -0.421900690 0.407329023
1403636756413555456.000000 1.472678185 1.322113514 -0.042722005 -0.562586248 -0.585806012 -0.411652774 0.413364470
1403636756813555456.000000 1.215271115 1.196079016 -0.031622522 -0.561278820 -0.585160255 -0.408662558 0.418985099
1403636757213555456.000000 0.962274730 1.041703224 -0.000648661 -0.560893536 -0.584838152 -0.405757904 0.422756732
1403636757613555456.000000 0.705191553 0.854921877 -0.010486607 -0.558823168 -0.602577806 -0.396249682 0.409393191
1403636758013555456.000000 0.418127000 0.711519122 0.085827410 -0.551272094 -0.619019747 -0.375546515 0.414582223
1403636758363555584.000000 0.178149953 0.638854325 0.157014623 -0.540090561 -0.606917322 -0.384612322 0.438208878
1403636758713555456.000000 -0.038341120 0.583337069 0.123910129 -0.568695366 -0.612464547 -0.344579458 0.427478492
1403636759213555456.000000 -0.257123351 0.580332220 0.059964925 -0.559219122 -0.587275743 -0.360187471 0.461135715
1403636759563555584.000000 -0.321489692 0.559658408 -0.021934681 -0.546186447 -0.598784029 -0.377224982 0.448151022
1403636759913555456.000000 -0.337763101 0.510682225 -0.067318156 -0.540490329 -0.608191729 -0.382350653 0.437928021
1403636760313555456.000000 -0.350150377 0.452947259 -0.093210198 -0.545068800 -0.608343065 -0.378015369 0.435801774
1403636760713555456.000000 -0.352865756 0.402169228 -0.176906124 -0.542614639 -0.617144048 -0.379722834 0.424868464
1403636761113555456.000000 -0.379513234 0.349492282 -0.225735292 -0.544315279 -0.620612979 -0.373403400 0.423237979
1403636761463555584.000000 -0.412032276 0.322586238 -0.270925879 -0.542599261 -0.622772932 -0.372993290 0.422629774
1403636761813555456.000000 -0.454358011 0.310140282 -0.291995406 -0.545750856 -0.601290286 -0.371788055 0.449866176
1403636762213555456.000000 -0.473059267 0.266748756 -0.315373302 -0.528477669 -0.621001959 -0.399623603 0.418770581
1403636762413555456.000000 -0.496793985 0.240068436 -0.345542759 -0.544582903 -0.626214802 -0.378617853 0.409796357
1403636762613555456.000000 -0.538403094 0.223185852 -0.404125780 -0.560033858 -0.598299325 -0.356193095 0.448917210
1403636762813555456.000000 -0.560717463 0.212560043 -0.503481746 -0.547574699 -0.598521292 -0.372817129 0.450490505
1403636762963555584.000000 -0.576244235 0.191087469 -0.529301703 -0.549143910 -0.607741773 -0.382051706 0.427933842
1403636763113555456.000000 -0.592082679 0.177203774 -0.549769461 -0.578596890 -0.579882920 -0.380374163 0.429274857
1403636763313555456.000000 -0.612948179 0.200225040 -0.487444371 -0.571135104 -0.570128441 -0.394885957 0.439116478
1403636763513555456.000000 -0.619927466 0.207311779 -0.405323565 -0.571360290 -0.567133307 -0.399105966 0.438886911
1403636763663555584.000000 -0.630891025 0.208110690 -0.346072018 -0.571304440 -0.567212701 -0.399228841 0.438745350
