1413394887055760384.000000 -0.898814678 0.735727072 0.349590153 -0.450317889 -0.673026502 -0.317536473 0.493375808
1413394888205760512.000000 -0.974857688 0.740850866 0.673601389 -0.459129930 -0.685925663 -0.322809637 0.463140994
1413394888455760384.000000 -1.054766536 0.790791988 0.748535872 -0.456821442 -0.688822865 -0.321831554 0.461802632
1413394890655760384.000000 -1.522290945 1.151993275 0.916200578 -0.436073184 -0.605544150 -0.352214545 0.564890623
1413394892405760512.000000 -1.682156444 1.832270026 1.017035484 -0.362460047 -0.683905125 -0.324472368 0.543704212
1413394895105760512.000000 -2.390790462 -0.386318654 0.825686276 0.053267039 -0.812391102 0.067169458 0.576776981
1413394897905760512.000000 -2.643550873 -0.444641829 0.707813680 0.045854595 -0.796463132 0.036343865 0.601849735
1413394898805760512.000000 -2.651355267 0.777786255 0.951891065 0.174320325 -0.802657008 0.014389164 0.570216835
1413394901755760384.000000 -1.492317080 -1.841394067 1.136837602 0.596514821 -0.506751418 0.481104910 0.394855976
1413394902655760384.000000 -0.497981012 -1.753750443 1.093267441 0.698911607 -0.324576527 0.594968796 0.228440166
1413394902755760384.000000 -0.418485105 -1.688407898 1.087171674 0.698722482 -0.340591609 0.598669291 0.193337619
1413394905605760512.000000 -0.606156528 -1.775027633 0.806394160 0.387542099 -0.803864419 0.228305534 0.389216810
1413394908555760384.000000 -1.134268880 -0.827255249 0.689744413 0.202234343 -0.860429645 0.108045228 0.455069721
1413394910855760384.000000 -1.549491882 0.007185295 1.190319061 0.094077505 -0.738842428 0.101848945 0.659460485
1413394912755760384.000000 -1.460283756 0.621949673 0.972219288 -0.054398589 -0.821710050 -0.006284494 0.567268908
1413394915355760384.000000 -1.894919872 -0.944341004 0.880869865 0.533956230 -0.605458975 0.309007287 0.502816916
1413394915605760512.000000 -1.675034165 -1.206623077 0.847905815 0.581053734 -0.546144843 0.370787740 0.476045072
1413394917255760384.000000 -0.221125796 -1.738494754 0.530021489 0.832935989 -0.102882050 0.538693368 0.073772781
1413394918955760384.000000 1.481273174 -1.612397075 0.274384439 -0.788426042 -0.172657400 -0.582565546 0.095870107
1413394919255760384.000000 1.812499404 -1.523199797 0.397431970 -0.748346448 -0.216125116 -0.605490625 0.163244411
1413394919455760384.000000 1.954287767 -1.477385283 0.534931839 -0.712907493 -0.278216004 -0.617783248 0.180838719
1413394919655760384.000000 2.019198179 -1.440297127 0.660517216 -0.720249891 -0.343572497 -0.571456134 0.191405237
1413394919855760384.000000 2.032459259 -1.389738321 0.745997429 -0.742216945 -0.375398993 -0.497929454 0.245470718
1413394919955760384.000000 2.037103653 -1.355109572 0.775720298 -0.740666091 -0.398134530 -0.470513523 0.267431587
1413394920155760384.000000 2.059767723 -1.265483618 0.804420352 -0.714934587 -0.459890008 -0.428996503 0.305502653
1413394920255760384.000000 2.079489470 -1.208636761 0.801059663 -0.695136666 -0.494283140 -0.413279712 0.318856090
1413394920455760384.000000 2.129535675 -1.066486120 0.775807083 -0.635204852 -0.553614438 -0.417544603 0.340121269
1413394920555760384.000000 2.152022123 -0.980859041 0.766384125 -0.604769647 -0.576799035 -0.426219851 0.346256077
1413394920755760384.000000 2.168410063 -0.794954538 0.752918303 -0.566414118 -0.607306242 -0.441042453 0.340346485
1413394922655760384.000000 1.909000516 1.314580202 0.352116525 -0.501097083 -0.653836966 -0.357971519 0.439608306
1413394922855760384.000000 1.870683908 1.475205898 0.461890250 -0.512078881 -0.658770740 -0.329423457 0.441900969
1413394923255760384.000000 1.787899494 1.866986632 0.646313369 -0.500874281 -0.666932166 -0.347650498 0.428328961
1413394923455760384.000000 1.722787976 2.093365669 0.724057972 -0.497755259 -0.667029321 -0.344792008 0.434085280
1413394923655760384.000000 1.630920887 2.330931187 0.798404396 -0.479405761 -0.689456820 -0.317178994 0.440700650
1413394924055760384.000000 1.376316071 2.834638119 0.849811316 -0.367488176 -0.733895063 -0.290441930 0.491928875
1413394924255760384.000000 1.214125633 3.063438177 0.841349602 -0.328687876 -0.750246108 -0.235550657 0.523078322
1413394924455760384.000000 1.046592474 3.279148102 0.844094396 -0.284157157 -0.767270386 -0.179597110 0.546164572
1413394924655760384.000000 0.885691822 3.492416143 0.856695175 -0.219880342 -0.786260247 -0.149893939 0.557655275
1413394924855760384.000000 0.727412999 3.694522858 0.881690860 -0.140498891 -0.795534432 -0.137313917 0.573175430
1413394925105760512.000000 0.540583313 3.892588377 0.927412808 -0.060983870 -0.793966949 -0.144856900 0.587293684
1413394925405760512.000000 0.331625611 3.977277994 0.982195675 -0.013877520 -0.814475417 -0.131992757 0.564814329
1413394925605760512.000000 0.179865003 3.942342997 0.980738878 -0.019630108 -0.816352189 -0.105191089 0.567554951
1413394926655760384.000000 -0.731103063 3.287052393 0.883374333 -0.014753389 -0.829947531 0.004136312 0.557631135
1413394926855760384.000000 -0.945351601 3.135679245 0.880917251 0.008215899 -0.822437525 0.093213260 0.561106384
1413394927105760512.000000 -1.226508021 3.021291256 0.861382484 0.068612337 -0.813074529 0.137687013 0.561466277
1413394927405760512.000000 -1.579112053 2.980840445 0.830568373 0.140896097 -0.807183087 0.091477446 0.565893829
1413394929005760512.000000 -3.119760036 2.477521420 1.018233180 0.140539661 -0.792100668 0.091300361 0.586932123
1413394929305760512.000000 -3.250068665 2.345177650 0.973605573 0.126708522 -0.777152598 0.107579708 0.606964171
1413394930005760512.000000 -3.374314547 2.157798529 0.916062057 0.126890495 -0.795738816 0.098135516 0.584010363
1413394931105760512.000000 -3.419637680 2.067377090 0.606987655 0.126059458 -0.779122591 0.081708103 0.608605683
1413394931455760384.000000 -3.444284678 2.026879072 0.669077575 0.116441704 -0.762867570 0.084171191 0.630388558
1413394934005760512.000000 -2.189507008 1.629927635 0.643714666 0.616109967 -0.518320978 0.453004330 0.382804215
1413394934155760384.000000 -2.108570099 1.658375502 0.603458226 0.636478364 -0.494770020 0.467109591 0.363189369
1413394934305760512.000000 -2.027589798 1.688897371 0.558919191 0.652815819 -0.460211724 0.490950733 0.347856551
1413394934455760384.000000 -1.949014068 1.727557778 0.487566859 0.678660572 -0.437442660 0.502075136 0.309813559
1413394935055760384.000000 -1.707732081 1.878809333 0.259869576 0.704338670 -0.392889142 0.521570981 0.278404355
1413394935305760512.000000 -1.641790986 1.942145348 0.265020758 0.681860805 -0.406750798 0.531515121 0.295146197
1413394935705760512.000000 -1.595759034 2.091392040 0.171405539 0.681458175 -0.425134957 0.505207539 0.315658808
1413394935955760384.000000 -1.580163717 2.212881088 0.159584925 0.679046094 -0.431822449 0.499765694 0.320406199
1413394936205760512.000000 -1.559054017 2.346406937 0.111681856 0.715066969 -0.425461203 0.475448400 0.285676211
1413394936405760512.000000 -1.520920157 2.443523407 0.053667314 0.737374783 -0.353960752 0.514639974 0.257169247
1413394936605760512.000000 -1.468756437 2.542914152 0.008753113 0.770511985 -0.253911465 0.543250740 0.216145769
1413394936805760512.000000 -1.409640551 2.656237364 -0.021528248 0.797260046 -0.185149908 0.552355826 0.158110857
1413394937005760512.000000 -1.340132356 2.782598019 -0.040462002 0.817144513 -0.125294730 0.550860763 0.114580415
1413394937105760512.000000 -1.298107147 2.851002216 -0.047554176 0.826698720 -0.092905007 0.547223032 0.092113078
1413394937205760512.000000 -1.249825954 2.922208309 -0.053705551 0.832265735 -0.061741699 0.546352208 0.070857905
1413394937305760512.000000 -1.195856333 2.994744539 -0.060947046 0.837573707 -0.044390805 0.542777359 0.043501712
1413394937455760384.000000 -1.101821780 3.100526094 -0.069484390 0.837864280 -0.030060953 0.544789493 0.016861500
1413394937655760384.000000 -0.954492450 3.230117559 -0.080923587 0.832626104 -0.022505376 0.553332090 0.007141340
1413394937855760384.000000 -0.789053500 3.346957684 -0.087872185 0.826488256 -0.034773823 0.561862171 0.004353514
1413394938055760384.000000 -0.612176538 3.441244841 -0.084801540 0.827690959 -0.076059133 0.556001186 0.002328685
1413394938255760384.000000 -0.416938126 3.495647907 -0.038186654 0.829273760 -0.114833392 0.546884656 0.005967652
1413394938455760384.000000 -0.201658577 3.493726015 0.076675415 0.816811621 -0.133133739 0.559137404 0.049593065
1413394938555760384.000000 -0.091357514 3.480155945 0.140159547 0.811304808 -0.142441019 0.561893702 0.075964890
1413394938755760384.000000 0.129630327 3.443155766 0.231510639 0.809415638 -0.185067609 0.544047177 0.120868325
1413394938955760384.000000 0.355994016 3.397262335 0.279730618 0.788309991 -0.268435091 0.536666214 0.136012197
1413394939155760384.000000 0.571773887 3.322067022 0.290596366 0.739077926 -0.361883700 0.546500385 0.155375257
1413394939355760384.000000 0.752117157 3.207760096 0.269900233 0.710927188 -0.411471069 0.530537784 0.209293604
1413394939755760384.000000 1.039233923 2.918200493 0.322522819 0.688295841 -0.437707186 0.511138797 0.270921379
1413394940155760384.000000 1.233577609 2.579620123 0.420730740 0.676702797 -0.492744148 0.455291063 0.303293049
1413394940355760384.000000 1.308443546 2.379302025 0.403516412 0.634406507 -0.529503405 0.450935751 0.337359518
1413394940555760384.000000 1.368272305 2.167861462 0.359669060 0.588356256 -0.567890823 0.431181401 0.381339163
1413394940755760384.000000 1.419758677 1.954674721 0.331431329 0.569149971 -0.585987270 0.379828691 0.434070855
1413394940955760384.000000 1.497697234 1.741398215 0.352192551 0.544169903 -0.610620439 0.379045486 0.432835221
1413394941105760512.000000 1.561458707 1.580702424 0.385824502 0.520385981 -0.645234168 0.388214916 0.402691603
1413394941305760512.000000 1.613952637 1.358296990 0.441698223 0.499535173 -0.677151740 0.383803010 0.380296528
1413394941855760384.000000 1.563850403 0.606419683 0.658643246 0.506032944 -0.652617753 0.336747468 0.452351511
1413394942255760384.000000 1.460205674 0.006505750 0.823626161 0.394127488 -0.722615063 0.422756732 0.379167259
1413394942455760384.000000 1.246624827 -0.246575281 0.933841646 0.356052399 -0.746347368 0.403728515 0.391402096
1413394942655760384.000000 0.918920159 -0.458321065 1.014260530 0.311418146 -0.762027502 0.359421223 0.439487487
1413394942855760384.000000 0.525165975 -0.624495387 1.029165506 0.282070160 -0.746578932 0.276048154 0.535587370
1413394943005760512.000000 0.230744779 -0.721770883 0.992517948 0.264416426 -0.715673029 0.199876204 0.614772856
1413394943155760384.000000 -0.024759799 -0.806164026 0.920997977 0.227390498 -0.705482006 0.145913094 0.655208468
1413394944855760384.000000 -0.028571874 -1.671039581 0.430596828 -0.110218845 -0.863512814 -0.031401761 0.491132885
1413394945155760384.000000 -0.146274984 -1.690948486 0.337806672 -0.213922203 -0.830397069 -0.122574300 0.499653339
1413394946155760384.000000 -0.728860676 -1.546562672 0.128367558 -0.577320576 -0.570027828 -0.352715611 0.466219962
1413394946355760384.000000 -0.691213787 -1.513717175 0.113538288 -0.637382805 -0.501335025 -0.407503426 0.419937193
1413394946555760384.000000 -0.612136602 -1.495030046 0.101530284 -0.698186696 -0.420832545 -0.441622734 0.374706268
1413394946755760384.000000 -0.491660774 -1.501141667 0.097620912 -0.725482583 -0.351390153 -0.508608937 0.302517742
1413394946955760384.000000 -0.360452741 -1.530776978 0.096215688 -0.750803709 -0.272013873 -0.557815552 0.226150230
1413394947155760384.000000 -0.245466784 -1.577914596 0.112368993 -0.774939537 -0.188348606 -0.584812641 0.148282170
1413394947355760384.000000 -0.159021884 -1.630900979 0.185460567 -0.792090833 -0.110839874 -0.595096171 0.078532435
1413394947755760384.000000 -0.063172117 -1.696342826 0.407155752 -0.834984720 -0.057772350 -0.546403289 0.030108050
1413394947955760384.000000 0.000732157 -1.699956179 0.485309899 -0.852272511 -0.091937855 -0.512729883 0.047823519
1413394948155760384.000000 0.120895214 -1.677319169 0.591719210 -0.855765641 -0.140951753 -0.491904169 0.076342314
1413394948555760384.000000 0.483943224 -1.564568043 0.747248888 -0.740019917 -0.178667381 -0.636965513 0.121340454
1413394948655760384.000000 0.553883791 -1.535181403 0.777644157 -0.715563655 -0.173631117 -0.663795471 0.131136060
1413394948755760384.000000 0.594711304 -1.512860537 0.810293615 -0.701708496 -0.170159295 -0.678857505 0.133430108
1413394949755760384.000000 0.651695073 -1.140216827 0.920263469 -0.763134658 -0.159656271 -0.618059039 0.100690149
1413394949955760384.000000 0.699554920 -0.980502427 0.933692396 -0.748038173 -0.145692393 -0.633274555 0.134818926
1413394950155760384.000000 0.683539510 -0.848932326 0.946992159 -0.756337821 -0.151629493 -0.607742965 0.188706368
1413394950355760384.000000 0.640519500 -0.772721231 0.952329218 -0.808878958 -0.193795845 -0.523419678 0.184905306
1413394950555760384.000000 0.633672774 -0.721988201 0.972340763 -0.834368467 -0.240627587 -0.477588058 0.133556500
1413394950755760384.000000 0.689811468 -0.626064003 1.017140150 -0.807058096 -0.250915706 -0.518153667 0.131207302
1413394950955760384.000000 0.761838436 -0.487926781 1.080638528 -0.717335701 -0.252799749 -0.623683691 0.180389747
1413394951055760384.000000 0.773712873 -0.421992332 1.111799598 -0.677123010 -0.259915829 -0.656725168 0.206543729
1413394951655760384.000000 0.461793482 -0.297614038 1.282048821 -0.815688193 -0.364363045 -0.393971801 0.216052487
1413394951855760384.000000 0.451044172 -0.199697435 1.382560253 -0.808400214 -0.364429235 -0.413771391 0.206091583
1413394953055760384.000000 0.764027417 0.685311794 1.751958728 -0.650791585 -0.365360558 -0.587270916 0.313201189
1413394953355760384.000000 0.718548059 0.732136428 1.815207839 -0.615249217 -0.345713794 -0.625174582 0.333327442
1413394953455760384.000000 0.659933329 0.693528175 1.860932946 -0.627886117 -0.348008662 -0.614234388 0.327666283
1413394953555760384.000000 0.587167025 0.636771739 1.882371664 -0.676422298 -0.370677620 -0.563394308 0.296037048
1413394953755760384.000000 0.422975272 0.505520642 1.815200806 -0.755419910 -0.406602740 -0.458789915 0.231358796
1413394953955760384.000000 0.274725407 0.417490780 1.638421297 -0.771841466 -0.413548678 -0.433270693 0.213342085
1413394954055760384.000000 0.214425683 0.404109895 1.548395634 -0.747972131 -0.405143172 -0.471314311 0.232936829
1413394954155760384.000000 0.158231527 0.404225856 1.462120771 -0.716137469 -0.394887090 -0.515633225 0.255604714
1413394954255760384.000000 0.098590374 0.407312721 1.378937840 -0.682152033 -0.382393599 -0.557137489 0.279359311
1413394954355760384.000000 0.028787114 0.403759807 1.299968243 -0.657584906 -0.372913182 -0.584053040 0.295635045
1413394954455760384.000000 -0.053902663 0.388523817 1.233300447 -0.655688584 -0.368180603 -0.585191011 0.303425640
1413394954555760384.000000 -0.149179116 0.360385120 1.178547621 -0.684797168 -0.374299198 -0.551021576 0.295513541
1413394954655760384.000000 -0.252296656 0.321638525 1.127009630 -0.732265711 -0.384174496 -0.490604907 0.274779618
1413394954755760384.000000 -0.351658136 0.283296376 1.075679302 -0.773745596 -0.386915982 -0.432411015 0.254232973
1413394954855760384.000000 -0.436169058 0.256176531 1.022410512 -0.793731749 -0.385549426 -0.405787319 0.238071829
1413394954955760384.000000 -0.499714732 0.247251898 0.970545888 -0.779785514 -0.385230303 -0.434794575 0.233421803
1413394955055760384.000000 -0.550951302 0.253480613 0.915366888 -0.747228682 -0.384125918 -0.483030617 0.246531963
1413394955155760384.000000 -0.599860609 0.268099397 0.860011637 -0.709900737 -0.386932194 -0.523808479 0.268233567
1413394955355760384.000000 -0.720357358 0.290355921 0.762087584 -0.663589776 -0.406844795 -0.538618326 0.322515607
1413394957455760384.000000 -1.061495066 0.965135634 0.940749049 -0.523471475 -0.518305540 -0.461534858 0.494289994
1413394958805760512.000000 -0.884667754 0.820266306 1.026263833 -0.434454083 -0.769227028 -0.214311987 0.416665196
1413394959905760512.000000 -0.980989754 1.007896066 1.225302815 -0.214143097 -0.836091161 -0.162137136 0.478336632
1413394962655760384.000000 -2.211425066 0.373284698 1.100447059 0.043844748 -0.744000554 0.040194109 0.665526271
1413394964455760384.000000 -1.222597957 -0.573201239 0.676177204 0.064383522 -0.793272793 0.044808172 0.603792489
1413394964855760384.000000 -1.028307438 -0.812627017 0.645394385 0.038911033 -0.861808777 0.084512144 0.498627335
1413394965055760384.000000 -1.004230142 -0.887085915 0.665538907 0.026795311 -0.862294972 0.089311145 0.497747809
1413394967005760512.000000 -0.531706035 -0.984757602 0.771740735 0.462189049 -0.659594774 0.343576759 0.482981443
1413394967255760384.000000 -0.439667404 -0.995379925 0.764128923 0.526975870 -0.649650216 0.341643363 0.428405017
1413394968005760512.000000 -0.150490075 -0.983780682 0.926581204 0.614682078 -0.500934541 0.475320965 0.381182909
1413394968605760512.000000 0.066669628 -0.906857312 0.943066061 0.706122696 -0.442965865 0.473188698 0.285069406
1413394969055760384.000000 0.283568263 -0.968672335 0.936543405 0.706202269 -0.405060202 0.504247189 0.287991881
1413394969455760384.000000 0.493585467 -1.031821609 0.839027107 0.693842351 -0.365047753 0.552899361 0.282179683
1413394969855760384.000000 0.651645243 -0.996230483 0.685803056 0.742076099 -0.349639505 0.479685843 0.311411172
1413394970255760384.000000 0.945549905 -0.904605687 0.670665026 0.731033802 -0.391722292 0.491249412 0.266115010
1413394970655760384.000000 1.247679353 -0.849270999 0.668551981 0.659912169 -0.409983486 0.585549235 0.231433764
1413394971055760384.000000 1.298915029 -0.773450673 0.627690136 0.721455097 -0.384301066 0.499055177 0.287679136
1413394971255760384.000000 1.308576941 -0.727684736 0.664100111 0.741875291 -0.403293133 0.462640762 0.270072907
1413394971455760384.000000 1.352246046 -0.710586786 0.677186608 0.760711730 -0.422907084 0.427124530 0.245014340
1413394971855760384.000000 1.549466491 -0.886659801 0.729698181 0.688007891 -0.442330658 0.516467869 0.253475100
1413394972155760384.000000 1.623518467 -1.103430033 0.758203208 0.611308396 -0.473370165 0.546213865 0.322293758
1413394972255760384.000000 1.616246939 -1.163554788 0.748743594 0.586826503 -0.497745693 0.536090672 0.347117692
1413394972355760384.000000 1.592819333 -1.212987304 0.732340872 0.560318887 -0.526542723 0.519780397 0.372322410
1413394972455760384.000000 1.553918719 -1.250167012 0.708806515 0.533166349 -0.561669111 0.496429771 0.392197788
1413394972555760384.000000 1.501072049 -1.275543690 0.679045558 0.513464212 -0.603245854 0.457143754 0.404312491
1413394972655760384.000000 1.435939550 -1.289990306 0.652714968 0.494333565 -0.640460610 0.410438031 0.420696169
1413394972755760384.000000 1.361230731 -1.302829504 0.633632958 0.473849148 -0.664699376 0.361466050 0.450537413
1413394972855760384.000000 1.283102870 -1.314800978 0.622161210 0.449134171 -0.681611598 0.315736145 0.483730108
1413394973055760384.000000 1.137958765 -1.342319727 0.605911970 0.377702177 -0.718872547 0.250559717 0.527051508
1413394973205760512.000000 1.043691754 -1.367180109 0.591837823 0.312132627 -0.752839148 0.217383683 0.537169158
1413394973355760384.000000 0.955528319 -1.395105124 0.578106284 0.245537698 -0.781124234 0.184199750 0.543715656
1413394973505760512.000000 0.866108477 -1.422067165 0.569111943 0.179532319 -0.798753262 0.146468922 0.555255294
1413394973705760512.000000 0.740560889 -1.453201652 0.564947128 0.093822725 -0.814434290 0.085394412 0.566217303
1413394973905760512.000000 0.611751676 -1.478543997 0.568401933 0.006812664 -0.814878821 0.023933474 0.579097033
1413394974205760512.000000 0.433520943 -1.502708673 0.584875882 -0.126355425 -0.802914500 -0.052397676 0.580187082
1413394974605760512.000000 0.243950292 -1.468967199 0.629739642 -0.292897552 -0.762279153 -0.143897161 0.558958888
1413394974805760512.000000 0.183152676 -1.408401608 0.657761991 -0.345984399 -0.733110487 -0.204860628 0.548521578
1413394975605760512.000000 0.061264813 -1.204375625 0.472308964 -0.461842090 -0.665929735 -0.344251454 0.474057496
1413394976055760384.000000 -0.046169125 -1.172919750 0.400494903 -0.463429779 -0.654570758 -0.358381122 0.477842093
1413394976605760512.000000 -0.243612558 -1.240362287 0.370430142 -0.439483732 -0.632303476 -0.378725678 0.513432741
1413394976855760384.000000 -0.319477916 -1.379546762 0.361629099 -0.474656135 -0.637419641 -0.329634100 0.509646058
1413394977105760512.000000 -0.348195970 -1.531471729 0.361473322 -0.543091714 -0.674288034 -0.247641906 0.434810996
1413394977305760512.000000 -0.337995738 -1.547387123 0.396835327 -0.564911425 -0.690268219 -0.232682258 0.387638986
1413394977505760512.000000 -0.320632428 -1.432839632 0.476461112 -0.534602165 -0.709938526 -0.282183170 0.361331642
1413394977905760512.000000 -0.417130947 -0.878689408 0.699540973 -0.507543147 -0.691443503 -0.328761190 0.395249218
1413394978005760512.000000 -0.469394624 -0.694244206 0.761953056 -0.493262261 -0.677188635 -0.350746781 0.418431133
1413394979605760512.000000 -1.792512417 1.600987077 0.984968305 -0.450216264 -0.537098765 -0.382177621 0.602304459
1413394979705760512.000000 -1.800039887 1.626466751 1.000448823 -0.439920217 -0.540801644 -0.390633136 0.601173520
1413394981105760512.000000 -1.698518872 0.461175859 1.177253246 -0.514724851 -0.633011341 -0.338416427 0.468859702
1413394981405760512.000000 -1.680164576 0.193633363 1.113937259 -0.518463790 -0.634676039 -0.337501884 0.463113546
1413394981855760384.000000 -1.614619136 -0.115497962 1.026218772 -0.542968690 -0.631672382 -0.344583869 0.432939947
1413394982055760384.000000 -1.579070330 -0.207411706 0.994989932 -0.575169146 -0.603308856 -0.346588999 0.430203557
1413394982455760384.000000 -1.413455844 -0.295760304 0.972232878 -0.649233520 -0.506561756 -0.379202127 0.422015101
1413394982855760384.000000 -1.018925667 -0.342960030 1.018524647 -0.708962381 -0.414301932 -0.438523859 0.365271300
1413394983005760512.000000 -0.817304015 -0.364207476 1.045427322 -0.721737921 -0.389867663 -0.463486254 0.335079432
1413394983205760512.000000 -0.526349783 -0.394695103 1.086785316 -0.724873006 -0.377497822 -0.489589989 0.303901583
1413394983405760512.000000 -0.227567464 -0.423929513 1.130921245 -0.720057964 -0.380122960 -0.503321648 0.289293051
1413394984405760512.000000 0.887963414 -0.401313007 0.991028547 -0.687302113 -0.448607415 -0.503092587 0.270675093
1413394984705760512.000000 1.028843164 -0.296892434 0.923286319 -0.674717009 -0.482449085 -0.480150789 0.285403490
1413394985005760512.000000 1.096360445 -0.121746033 0.885528207 -0.639925957 -0.525559127 -0.454806298 0.327770680
1413394986405760512.000000 1.025200844 1.246870875 1.221927643 -0.626486957 -0.538886368 -0.404821396 0.391452849
1413394987005760512.000000 0.896929860 2.010169268 1.419928789 -0.608575463 -0.545333385 -0.435859412 0.377192348
1413394987705760512.000000 0.645973444 2.830559015 1.436937690 -0.572104394 -0.538138270 -0.489808261 0.378406733
1413394987905760512.000000 0.507720232 3.003914356 1.461678863 -0.563729703 -0.530178249 -0.501569450 0.386714429
1413394988005760512.000000 0.420293719 3.071109772 1.482102752 -0.560992002 -0.525177181 -0.505969763 0.391754478
1413394988905760512.000000 -0.408620536 3.014965534 1.574193597 -0.694724619 -0.377601296 -0.511827886 0.335867852
1413394989305760512.000000 -0.682596207 2.734449387 1.522138596 -0.707216382 -0.378153801 -0.523507833 0.287722617
1413394989405760512.000000 -0.758281529 2.658732176 1.515167117 -0.711200655 -0.377064139 -0.516263485 0.292384058
1413394989505760512.000000 -0.834791005 2.581671000 1.507640600 -0.713738561 -0.376268655 -0.509978175 0.298196971
1413394990355760384.000000 -1.339338422 1.950018644 1.147384763 -0.583303332 -0.588150620 -0.397906244 0.394343406
1413394990755760384.000000 -1.527960181 1.759033918 0.932123125 -0.527718246 -0.646912992 -0.346340716 0.427861124
1413394991055760384.000000 -1.688992858 1.705517173 0.811998487 -0.529139996 -0.644993007 -0.348612756 0.427158028
1413394991505760512.000000 -1.938522816 1.748031616 0.694505572 -0.578506351 -0.595962405 -0.366015941 0.419751883
1413394991955760384.000000 -2.129210234 1.890639067 0.631783664 -0.615902662 -0.513269842 -0.439977884 0.404521257
1413394992255760384.000000 -2.221733570 1.963148952 0.599380612 -0.658305585 -0.473759234 -0.431716204 0.394724190
1413394992705760512.000000 -2.243003368 2.025147915 0.603379190 -0.677029014 -0.446110427 -0.488265038 0.322822839
1413394993205760512.000000 -2.252090216 2.076527119 0.577283978 -0.702244341 -0.411071628 -0.487688959 0.316279054
1413394993455760384.000000 -2.246248722 2.092670202 0.498838633 -0.693643153 -0.426147789 -0.500195444 0.295062304
1413394993905760512.000000 -2.278937101 2.142558813 0.346483409 -0.716195166 -0.387889743 -0.498428345 0.296943218
1413394994305760512.000000 -2.283739567 2.155730724 0.202489778 -0.762610912 -0.283108562 -0.529744029 0.240094870
1413394994705760512.000000 -2.264677525 2.132576942 0.203049496 -0.774870932 -0.240720838 -0.564840615 0.150278509
1413394994905760512.000000 -2.277395487 2.150748253 0.245488361 -0.771300316 -0.229777634 -0.574046433 0.150893539
1413394995305760512.000000 -2.354707479 2.208499670 0.178584352 -0.790679634 -0.213528886 -0.542297423 0.187469289
1413394995705760512.000000 -2.379310846 2.250595570 0.024198478 -0.794717789 -0.225786135 -0.535912454 0.173902839
1413394996105760512.000000 -2.356061697 2.293274164 -0.041113533 -0.772311687 -0.217297345 -0.569666266 0.178317055
1413394996305760512.000000 -2.360307455 2.297254086 -0.043341957 -0.768850029 -0.225262359 -0.571444869 0.177699879
1413394996805760512.000000 -2.342409611 2.309730530 -0.029144559 -0.770757914 -0.226983592 -0.568809986 0.175686941
1413394997305760512.000000 -2.327884436 2.324663162 -0.016713610 -0.771050513 -0.226685777 -0.568368971 0.176214263
1413394997805760512.000000 -2.315779448 2.340026379 -0.009863129 -0.771125734 -0.226498112 -0.568389118 0.176061317
1413394998005760512.000000 -2.311747789 2.346324205 -0.008459706 -0.771219194 -0.226388529 -0.568300545 0.176078647
1413394998305760512.000000 -2.305160046 2.356829166 -0.008490521 -0.771099031 -0.226258114 -0.568455815 0.176271752
