1403715528412143104.000000 -0.625964224 0.599813581 0.583907604 -0.604754746 -0.553896368 -0.430138230 0.377427787
1403715529912143104.000000 -0.827360511 0.796209276 0.915266097 -0.548083127 -0.613077939 -0.385191470 0.418769389
1403715532162142976.000000 -1.808829784 1.347890258 1.572678208 -0.487267703 -0.640433311 -0.358619601 0.473082900
1403715532462142976.000000 -1.873779655 1.405353665 1.560694933 -0.489199132 -0.642200172 -0.340318799 0.482126802
1403715532762142976.000000 -1.904932022 1.428941250 1.548052907 -0.501261771 -0.627404451 -0.311836302 0.507797658
1403715532962142976.000000 -1.868749022 1.431615591 1.521947026 -0.512770057 -0.615698099 -0.310741961 0.511294723
1403715535162142976.000000 0.780488193 1.029417634 1.439793944 -0.685791910 -0.496445149 -0.436853588 0.303958207
1403715537862142976.000000 2.245275259 2.538867950 1.308851361 -0.607111514 -0.505979240 -0.446303278 0.419778675
1403715540362142976.000000 0.962371767 0.148836702 1.169269800 -0.828925908 -0.190470427 -0.500644803 0.161114052
1403715542962142976.000000 3.502020359 -0.474566102 1.528163910 -0.733182847 -0.326310217 -0.546805501 0.238680601
1403715543462142976.000000 3.632342815 -0.410770655 1.451619864 -0.730794430 -0.312076777 -0.552041531 0.252582371
1403715543812143104.000000 3.658202171 -0.471537858 1.403087735 -0.710005879 -0.315944046 -0.590200007 0.218483344
1403715546612143104.000000 0.953648686 -1.288148999 1.083022594 -0.790609777 -0.222499400 -0.548329711 0.157368079
1403715546812143104.000000 0.736398339 -1.366877794 1.103136539 -0.779540360 -0.313021511 -0.504956067 0.198377565
1403715547212143104.000000 0.387183577 -1.447844028 1.156693935 -0.712688565 -0.467252970 -0.445439160 0.274470031
1403715547512143104.000000 0.164256856 -1.390349507 1.181175232 -0.655056477 -0.555524588 -0.401244700 0.318270653
1403715547812143104.000000 -0.068838358 -1.205919504 1.185166717 -0.587303102 -0.634635687 -0.354786128 0.355583161
1403715548062142976.000000 -0.294711292 -0.956980646 1.207083344 -0.527902186 -0.666505396 -0.335633993 0.405511647
1403715548362142976.000000 -0.589942336 -0.598079324 1.208361268 -0.488588393 -0.663566649 -0.355011910 0.441505641
1403715549212143104.000000 -1.521120071 0.349903554 1.042116523 -0.488786787 -0.645431399 -0.355002224 0.467417568
1403715549462142976.000000 -1.787407637 0.574807048 1.008277535 -0.478759080 -0.638348281 -0.340712667 0.497208267
1403715549712143104.000000 -2.010978699 0.751003563 0.962953389 -0.505513728 -0.637025833 -0.305135876 0.495526135
1403715550512143104.000000 -2.055203199 1.335468292 1.013021588 -0.662047923 -0.493449122 -0.415111512 0.381946415
1403715550862142976.000000 -1.812663317 1.572067380 1.056658626 -0.729201376 -0.383700937 -0.455258608 0.337310851
1403715551112143104.000000 -1.578296065 1.705256343 1.033745766 -0.765521705 -0.306908697 -0.481694192 0.296233386
1403715551362142976.000000 -1.271709204 1.784611940 1.073545456 -0.791059792 -0.226034611 -0.509124100 0.252834678
1403715551712143104.000000 -0.756856501 1.767202258 1.158279538 -0.800625205 -0.117491260 -0.563497484 0.166330382
1403715551962142976.000000 -0.386776865 1.664761066 1.226963758 -0.784037054 -0.039107528 -0.610598743 0.104526892
1403715552262142976.000000 -0.035033297 1.463193655 1.288025856 0.777646780 -0.031859718 0.627874434 -0.004920185
1403715552562142976.000000 0.183435425 1.239661932 1.317166448 0.753816009 -0.126453102 0.639627159 0.081536569
1403715552912143104.000000 0.236417770 1.009793282 1.339568019 0.717238903 -0.285968065 0.616236091 0.155060783
1403715554362142976.000000 -1.509356737 0.576482177 1.157338977 0.652386367 -0.571334481 0.364895195 0.338851660
1403715557312143104.000000 -0.720583379 0.679301560 1.470125914 0.680014193 -0.529659390 0.409674048 0.298678577
1403715558662142976.000000 -0.871730030 -0.766013265 1.581443667 0.617797971 -0.499343544 0.465892553 0.389776677
1403715558962142976.000000 -0.822943389 -1.028245211 1.567571163 0.635594308 -0.470370054 0.474268883 0.387093037
1403715559912143104.000000 -0.507960856 -1.156421661 1.430877805 0.750230551 -0.337382019 0.499685287 0.271370977
1403715560462142976.000000 -0.081048787 -0.982941985 1.341597915 0.792076945 -0.245284513 0.528642118 0.181623906
1403715561912143104.000000 1.514873385 -0.313267231 1.397535086 -0.800888360 -0.065535776 -0.594499886 0.029203782
1403715562212143104.000000 1.784137726 -0.159112871 1.431434155 -0.765919507 -0.121436298 -0.628662944 0.058338869
1403715564012143104.000000 1.592992187 1.428889632 1.322937965 -0.628160059 -0.468067318 -0.506513536 0.360238761
1403715566212143104.000000 0.426099360 1.017766476 1.686515808 0.144491300 -0.783853829 0.102424085 0.595151007
1403715566762142976.000000 0.620873690 0.779824674 1.738957644 0.374548465 -0.697382987 0.270511776 0.547899544
1403715567212143104.000000 0.954228461 0.697615504 1.724557161 0.556888521 -0.573069096 0.421131194 0.429086894
1403715567712143104.000000 1.386229753 0.771172225 1.599483013 0.741847634 -0.341782659 0.516829550 0.256386489
1403715568012143104.000000 1.647346258 0.851095676 1.488615990 0.788620114 -0.182964921 0.564343512 0.161612615
1403715568262142976.000000 1.836136103 0.962747335 1.403893232 0.799241543 -0.060346588 0.592670739 0.079452366
1403715568562142976.000000 1.993662596 1.149042726 1.319687128 -0.795903623 -0.074283116 -0.600350618 0.024463935
1403715568862142976.000000 2.104156971 1.380705118 1.256765246 -0.776931405 -0.206251279 -0.582980514 0.118202403
1403715569162142976.000000 2.121714592 1.619917274 1.221095324 -0.754504442 -0.313930154 -0.541787446 0.196563944
1403715571962142976.000000 0.646384001 1.648778081 0.894197583 -0.324637860 -0.800573885 -0.051550303 0.501033187
1403715572412143104.000000 0.412994534 1.863275290 0.785751522 -0.194787070 -0.817725480 -0.163558260 0.516364098
1403715572962142976.000000 -0.081725657 2.083265066 0.687388897 -0.050197061 -0.813319027 -0.076058388 0.574636817
1403715573562142976.000000 -0.562710047 2.026510954 0.812396824 0.085855760 -0.815003991 0.093815878 0.565328240
1403715574162142976.000000 -1.029344916 1.959321976 0.924970388 0.289501131 -0.795413733 0.189044282 0.497763306
1403715574862142976.000000 -1.606135964 1.630138040 1.047127008 0.453046322 -0.696625888 0.259311974 0.492157310
1403715575162142976.000000 -1.740985394 1.384346843 1.107202530 0.436337680 -0.683602214 0.297127038 0.503997087
1403715575562142976.000000 -1.820737958 1.084471345 1.182223797 0.427004844 -0.685808837 0.269242167 0.524253488
1403715575862142976.000000 -1.763554335 0.867535353 1.250381827 0.429323673 -0.677035034 0.233719036 0.550163746
1403715576012143104.000000 -1.678219795 0.750214875 1.280898213 0.414589107 -0.691762626 0.249821052 0.535882413
1403715576412143104.000000 -1.358322501 0.425831616 1.353698254 0.391808152 -0.693005562 0.285646796 0.533512533
1403715576612143104.000000 -1.170835733 0.280972242 1.395798683 0.382009327 -0.671468377 0.295986027 0.561775208
1403715576862142976.000000 -0.881332874 0.162741095 1.452219725 0.373166859 -0.691259325 0.274177313 0.554737687
1403715578862142976.000000 1.271199465 0.369954705 0.983187437 0.137315810 -0.872357190 0.073444039 0.463404059
1403715579012143104.000000 1.235956907 0.405429810 0.925166249 0.140806288 -0.858467877 0.053688943 0.490228444
1403715579212143104.000000 1.132472515 0.396870673 0.891218781 0.174146399 -0.817239404 0.007345078 0.549307525
1403715579362142976.000000 1.051580787 0.335648328 0.886301100 0.181244195 -0.799059927 -0.002438222 0.573278248
1403715582312143104.000000 0.214929163 -1.730161071 0.899636209 0.177926764 -0.780445814 0.111926042 0.588828385
1403715583912143104.000000 -0.288671136 -2.259996891 0.649248481 -0.122557946 0.675488710 -0.153641060 -0.710696220
1403715586412143104.000000 1.321228147 -1.161229134 0.933975279 0.162698537 -0.780600548 0.111089170 0.593170524
1403715587412143104.000000 1.446687579 -1.185825229 0.986325502 0.154350325 -0.790207922 0.122940667 0.580200851
1403715587762142976.000000 1.538332820 -1.166023731 1.028963447 0.097803809 -0.809006870 0.142818019 0.561734140
1403715588162142976.000000 1.617525578 -0.982942879 1.085067749 -0.008832918 -0.800153077 0.031063979 0.598925829
1403715588362142976.000000 1.672344208 -0.856475472 1.041743636 -0.073005475 -0.787398160 -0.021465089 0.611730099
1403715588562142976.000000 1.765354753 -0.723313034 0.969878316 -0.131352291 -0.779209673 -0.067495115 0.609116852
1403715588812143104.000000 1.938661337 -0.560062349 0.873924494 -0.200177208 -0.790334821 -0.115077786 0.567500830
1403715589012143104.000000 2.081288338 -0.424223900 0.789869666 -0.250319362 -0.810621738 -0.153992847 0.506476879
1403715589262142976.000000 2.203489065 -0.228151843 0.727149427 -0.305191487 -0.805799425 -0.188524261 0.471173108
1403715589562142976.000000 2.208691597 0.070117414 0.749438345 -0.363449574 -0.796668768 -0.213343650 0.433252603
1403715589812143104.000000 2.087785721 0.411280841 0.838876545 -0.369141221 -0.773832977 -0.241426438 0.454566389
1403715590012143104.000000 1.924527049 0.721338749 0.965025246 -0.354600906 -0.738159359 -0.261941373 0.510652304
1403715591362142976.000000 0.313250810 2.044070959 1.520332932 0.006120742 -0.832994103 -0.055598095 0.550447285
1403715591662142976.000000 -0.140406132 2.113582611 1.570154190 0.120497987 -0.828112423 0.024690423 0.546900749
1403715592012143104.000000 -0.670755863 2.071206570 1.504350543 0.241260991 -0.796690285 0.086098164 0.547416568
1403715592362142976.000000 -1.136943221 1.868791938 1.397720933 0.364381135 -0.733979940 0.151197538 0.552846491
1403715592612143104.000000 -1.348507643 1.602064133 1.391336799 0.450015008 -0.682516575 0.196303338 0.541408062
1403715592862142976.000000 -1.426206112 1.264983177 1.385768056 0.516692281 -0.639004707 0.263423949 0.505281985
1403715593112143104.000000 -1.392601490 0.885663211 1.379326701 0.551343024 -0.612836421 0.369450897 0.428903848
1403715593362142976.000000 -1.330126882 0.507018268 1.373384953 0.613412738 -0.542608023 0.417994499 0.393169314
1403715593862142976.000000 -1.093442202 -0.162029430 1.364930391 0.707454383 -0.374710798 0.490369618 0.344438493
1403715594312143104.000000 -0.718769193 -0.516950309 1.355161190 0.783150792 -0.244702503 0.524900496 0.226439998
1403715594762142976.000000 -0.235222146 -0.654712737 1.359402180 0.833023787 -0.082818858 0.531389296 0.129760563
1403715595162142976.000000 0.317165315 -0.615686834 1.338302851 -0.850866973 -0.033223312 -0.524237156 0.009855873
1403715595462142976.000000 0.827566981 -0.564647555 1.322411060 -0.821713209 -0.135475442 -0.545150220 0.096150845
1403715595962142976.000000 1.610289335 -0.436634988 1.316097260 -0.678329110 -0.342866719 -0.630447686 0.157632038
1403715596462142976.000000 1.670803785 -0.337946236 1.432956219 -0.709779322 -0.403349280 -0.533980191 0.219972476
1403715596812143104.000000 1.457740426 -0.234466270 1.544017673 -0.750728965 -0.460970879 -0.410271615 0.235773027
1403715597162142976.000000 1.348469138 0.123749740 1.634136319 -0.741447270 -0.492695987 -0.375448853 0.257962942
1403715597662142976.000000 1.398008823 0.990612686 1.755994558 -0.635516703 -0.503447652 -0.442051291 0.383731335
1403715598362142976.000000 1.595143914 1.993018746 1.795403957 -0.559338331 -0.532431126 -0.458500177 0.439812779
1403715598862142976.000000 1.712778926 2.236032248 1.669252634 -0.573922873 -0.529731631 -0.453655511 0.429177940
1403715600312143104.000000 2.145500183 1.653831601 1.100860000 -0.551433802 -0.605119050 -0.442401946 0.366104096
1403715600662142976.000000 2.133341312 1.471081614 0.948905587 -0.502729237 -0.676290572 -0.343613267 0.414517075
1403715601162142976.000000 1.914661527 1.324286580 0.959219456 -0.380011439 -0.741330028 -0.271763384 0.481836021
1403715601662142976.000000 1.568469524 1.232425690 1.156216145 -0.358591348 -0.745910585 -0.266354173 0.494049788
1403715602012143104.000000 1.261603355 1.151470542 1.264511824 -0.365836680 -0.713454485 -0.286513239 0.524458289
1403715602312143104.000000 1.021585584 1.029629469 1.326358318 -0.410399914 -0.669456720 -0.321638584 0.529101372
1403715602662142976.000000 0.806064665 0.805571198 1.364071131 -0.488599092 -0.656069279 -0.352388054 0.454606146
1403715603012143104.000000 0.590832293 0.575404942 1.286198258 -0.551872969 -0.612182379 -0.394757152 0.405999601
1403715603312143104.000000 0.380148917 0.383640081 1.154866099 -0.600915790 -0.570029497 -0.420774192 0.370021075
1403715603662142976.000000 0.101584002 0.207894221 1.034427881 -0.640491724 -0.527726829 -0.413273811 0.374805897
1403715604012143104.000000 -0.117702223 0.095580630 0.974387646 -0.667934895 -0.514481604 -0.380821109 0.379666984
1403715604312143104.000000 -0.189912111 0.059011161 0.957644045 -0.645941019 -0.533715308 -0.413986802 0.355700850
1403715604612143104.000000 -0.242861480 0.075693913 0.940455019 -0.636448681 -0.529313445 -0.428531259 0.362106800
1403715604912143104.000000 -0.296111912 0.131390452 0.908217907 -0.629447341 -0.527075231 -0.439190149 0.364828527
1403715605412143104.000000 -0.402566701 0.251319528 0.897261381 -0.628305256 -0.523922265 -0.432129800 0.379475862
1403715605762142976.000000 -0.463093519 0.347963393 0.835638463 -0.626336694 -0.529373705 -0.427998781 0.379845887
1403715606062142976.000000 -0.489535272 0.435213357 0.769128919 -0.617107451 -0.534307420 -0.437846899 0.376807898
1403715606462142976.000000 -0.550263107 0.545341730 0.692849815 -0.618757606 -0.530890465 -0.426398158 0.391763806
1403715606762142976.000000 -0.583150566 0.611228704 0.684363067 -0.618471980 -0.526012182 -0.416608334 0.408951402
1403715607012143104.000000 -0.583238244 0.643534064 0.655853212 -0.603264332 -0.531222343 -0.433566481 0.407302380
1403715607412143104.000000 -0.584372044 0.665082335 0.601649046 -0.600387514 -0.544903696 -0.436023712 0.390510321
1403715607862142976.000000 -0.638294935 0.656310916 0.552075803 -0.605384350 -0.541486144 -0.435853690 0.387729555
1403715608212143104.000000 -0.615320206 0.660137236 0.538919091 -0.597039223 -0.548767209 -0.441292882 0.384264559
1403715608612143104.000000 -0.587006807 0.651608407 0.562411904 -0.596908271 -0.549138546 -0.441134810 0.384119034
1403715609112143104.000000 -0.589081824 0.610105038 0.584729016 -0.596875370 -0.549284041 -0.441259384 0.383819073
1403715609362142976.000000 -0.603187561 0.574486494 0.599387228 0.597199798 0.549118876 0.441107750 -0.383724868
