1403638147795097088.000000 -3.350764990 -0.954751313 1.742177010 -0.583127439 -0.603215635 -0.374206424 0.395048052
1403638148095097088.000000 -3.351419926 -0.926300824 1.776425123 -0.574627936 -0.585915089 -0.394743025 0.413139552
1403638150845096960.000000 -3.771415949 -0.402854979 2.115814447 -0.524008095 -0.646273196 -0.353407681 0.427609175
1403638152095097088.000000 -4.534438610 -0.024021134 2.232415199 -0.395640165 -0.724915624 -0.278476357 0.490323454
1403638152595097088.000000 -4.921679497 0.099833056 2.269760847 -0.394120395 -0.726528525 -0.287790447 0.483737707
1403638152995097088.000000 -5.296178818 0.188622370 2.292439699 -0.375527024 -0.731887817 -0.261701643 0.504808784
1403638153445096960.000000 -5.737019062 0.299609989 2.374424934 -0.337246805 -0.759542704 -0.231355697 0.505800307
1403638153745096960.000000 -6.058159828 0.379843831 2.433068514 -0.288499206 -0.780008256 -0.212526485 0.513018429
1403638154945096960.000000 -7.433687687 0.499669015 2.444375277 -0.230048433 -0.784791470 -0.184744835 0.545022368
1403638155145096960.000000 -7.646114349 0.457327634 2.492418289 -0.209152937 -0.788497329 -0.174464658 0.551442683
1403638155545096960.000000 -8.061836243 0.316104203 2.541978359 -0.171981797 -0.787380993 -0.154401958 0.571501076
1403638155745096960.000000 -8.254806519 0.209401995 2.533650875 -0.149014458 -0.786777258 -0.123058438 0.586202145
1403638155945096960.000000 -8.426668167 0.085262723 2.508737564 -0.115812659 -0.798521519 -0.088389382 0.584070385
1403638156345096960.000000 -8.726202965 -0.178532451 2.515771627 -0.044440612 -0.825907767 -0.021918863 0.561623454
1403638156545096960.000000 -8.877352715 -0.298043609 2.523180723 -0.028919794 -0.830405891 -0.006235594 0.556372941
1403638156795097088.000000 -9.083942413 -0.428718507 2.498340130 -0.024506148 -0.831455231 -0.002624728 0.555044889
1403638157895097088.000000 -10.217871666 -0.843781650 2.469186306 0.038914576 -0.817508399 0.017037099 0.574347913
1403638158145096960.000000 -10.513488770 -0.953438401 2.521044254 0.068219818 -0.817477345 0.051668592 0.569567502
1403638158495097088.000000 -10.900313377 -1.092181683 2.519559145 0.085950255 -0.814450324 0.057775605 0.570916116
1403638158745096960.000000 -11.182058334 -1.199415565 2.506755352 0.084200613 -0.813329220 0.055991806 0.572949111
1403638159045096960.000000 -11.506275177 -1.329951644 2.522644281 0.072370611 -0.826565802 0.063051946 0.554595292
1403638159995097088.000000 -12.571759224 -1.536327720 2.716626167 0.058499627 -0.790072858 0.074771747 0.605617046
1403638160245096960.000000 -12.754851341 -1.496822953 2.868943691 0.069952749 -0.807520807 0.063429639 0.582231522
1403638160495097088.000000 -12.923900604 -1.445608258 3.064242125 0.074556686 -0.823062181 0.059898596 0.559841156
1403638160945096960.000000 -13.260457039 -1.362377644 3.344949484 0.048895631 -0.808020592 0.068080135 0.583161294
1403638161145096960.000000 -13.400064468 -1.304172873 3.448523283 0.018780947 -0.804356277 0.046137780 0.592055500
1403638161395097088.000000 -13.548537254 -1.212123394 3.560289860 -0.031267352 -0.813044906 0.004575617 0.581342757
1403638161795097088.000000 -13.768622398 -1.030096292 3.691826105 -0.072782956 -0.821984291 -0.019704184 0.564496517
1403638162745096960.000000 -14.292448997 -0.421758771 3.953391552 -0.099801689 -0.818625152 -0.042447470 0.563995242
1403638165495097088.000000 -14.597025871 2.460114241 4.572117329 -0.223239720 -0.783726275 -0.120950162 0.566840470
1403638166095097088.000000 -14.257724762 3.124022961 4.455238819 -0.214044422 -0.787966371 -0.142983481 0.559329867
1403638166745096960.000000 -13.848491669 3.712372303 4.650971413 -0.204992399 -0.794783831 -0.136871487 0.554583549
1403638166995097088.000000 -13.707772255 3.914271116 4.689721584 -0.223364517 -0.808171809 -0.107575364 0.534223080
1403638167245096960.000000 -13.597785950 4.146160126 4.735032558 -0.214056045 -0.814530373 -0.120541416 0.525538027
1403638167695097088.000000 -13.503400803 4.634482384 4.883820534 -0.223830819 -0.797644675 -0.119937956 0.547062814
1403638168895097088.000000 -13.268426895 6.355543613 5.078865051 -0.317647487 -0.775260746 -0.219977096 0.499680877
1403638169095097088.000000 -13.266773224 6.658216000 5.083466530 -0.314127266 -0.770831764 -0.219102696 0.509054601
1403638169495097088.000000 -13.296761513 7.253170490 5.015043259 -0.347456008 -0.731180191 -0.198497757 0.552492976
1403638169695097088.000000 -13.270718575 7.557923794 4.996470928 -0.370888501 -0.717956662 -0.225102261 0.544342816
1403638169895097088.000000 -13.209925652 7.855085850 5.004473686 -0.391266167 -0.709139287 -0.272073001 0.519623578
1403638170895097088.000000 -12.762621880 8.922910690 5.064013481 -0.561253905 -0.570553482 -0.376434505 0.466647536
1403638171295097088.000000 -12.439857483 9.167028427 5.075428963 -0.598885417 -0.527832508 -0.406885386 0.444042265
1403638171695097088.000000 -12.003108025 9.279305458 5.029891968 -0.614648223 -0.499093145 -0.418435246 0.445000738
1403638172095097088.000000 -11.452057838 9.216670990 5.022644520 -0.625998259 -0.473738134 -0.439739555 0.436265349
1403638172495097088.000000 -10.798354149 8.967616081 4.994433403 -0.626591861 -0.473028213 -0.443666995 0.432188213
1403638172695097088.000000 -10.455299377 8.789188385 4.914948463 -0.624056756 -0.472294122 -0.441735566 0.438589871
1403638172895097088.000000 -10.093749046 8.565009117 4.805954933 -0.622166157 -0.475143403 -0.437678695 0.442250460
1403638174095097088.000000 -7.574704170 6.628122330 3.813319683 -0.620854318 -0.513543665 -0.435722023 0.401197135
1403638174445096960.000000 -6.867659569 5.977561474 3.525335312 -0.627777457 -0.527897894 -0.424517095 0.383411825
1403638174645096960.000000 -6.470789433 5.626255512 3.350374460 -0.631511033 -0.533579171 -0.418025136 0.376486391
1403638174845096960.000000 -6.089208603 5.296361923 3.212193727 -0.634868085 -0.540540516 -0.412784010 0.366562217
1403638175045096960.000000 -5.715988636 5.001289845 3.097085953 -0.635415077 -0.541961193 -0.413206786 0.363023490
1403638175445096960.000000 -4.987617970 4.499680519 2.933894396 -0.640935481 -0.549915135 -0.408616722 0.346161067
1403638175645096960.000000 -4.668443680 4.324290276 2.896464825 -0.649409711 -0.561577916 -0.395027250 0.326880217
1403638177495097088.000000 -2.923208714 4.460300922 2.730711699 -0.618491650 -0.548903048 -0.439651310 0.350542784
1403638178095097088.000000 -2.753820419 4.695591927 2.577197075 -0.630164742 -0.507233918 -0.441223353 0.388494551
1403638179295097088.000000 -2.167821646 4.687302589 2.459257603 -0.750002146 -0.373317122 -0.481708020 0.257076949
1403638179495097088.000000 -2.025349140 4.679562569 2.398983240 -0.755649030 -0.344167948 -0.500397027 0.245246708
1403638180145096960.000000 -1.517467856 4.655144215 2.285115480 -0.796862483 -0.235496879 -0.526448309 0.180010378
1403638180495097088.000000 -1.221168756 4.632661819 2.256228685 -0.801109791 -0.229992211 -0.526794851 0.166775033
1403638180795097088.000000 -0.936745882 4.623125076 2.212680340 -0.804195881 -0.241119221 -0.519065440 0.160317332
1403638181995097088.000000 0.476870656 4.590335846 2.036022902 -0.810913324 -0.122087218 -0.562137008 0.107314631
1403638182395097088.000000 0.935333252 4.458056450 2.071001530 -0.831070423 -0.089869633 -0.540577471 0.094981208
1403638182595097088.000000 1.184995294 4.382664680 2.100387335 -0.833328247 -0.103043415 -0.537519515 0.077582486
1403638182795097088.000000 1.452447534 4.311532497 2.155574322 -0.832564771 -0.109792568 -0.537417352 0.077228405
1403638183545096960.000000 2.509252787 4.124727726 2.232093334 -0.830673158 -0.127609730 -0.537331760 0.070515119
1403638183845096960.000000 2.951250792 4.098484516 2.239398718 -0.815146446 -0.127117917 -0.560587466 0.071546488
1403638184095097088.000000 3.304476023 4.102637291 2.280625820 -0.816120625 -0.125219032 -0.559498608 0.072308794
1403638184795097088.000000 4.284245491 4.240600586 2.353224039 -0.816967189 -0.120026261 -0.559321642 0.072922044
1403638184995097088.000000 4.555178642 4.308503628 2.367372036 -0.815426409 -0.119531527 -0.561833620 0.071660005
1403638185245096960.000000 4.883551121 4.407512665 2.397103548 -0.816274464 -0.123552144 -0.560327470 0.066813052
1403638185495097088.000000 5.197877884 4.532928467 2.442758083 -0.808181405 -0.136901587 -0.569098175 0.065024257
1403638186245096960.000000 6.013286114 5.024045467 2.502090216 -0.809069097 -0.166559830 -0.551159859 0.117847249
1403638186495097088.000000 6.280769825 5.177523136 2.518258810 -0.807734489 -0.169967577 -0.553274333 0.112087503
1403638186745096960.000000 6.535721779 5.340390205 2.531425953 -0.805871487 -0.177141547 -0.556107581 0.099682115
1403638189245096960.000000 7.253914833 6.933698177 3.024709463 -0.724823713 -0.333767414 -0.544465184 0.258433223
1403638190545096960.000000 6.414243221 7.020311832 3.138738632 -0.689940631 -0.421982735 -0.524189174 0.266717702
1403638190845096960.000000 6.195485115 7.063577652 3.095067739 -0.691436470 -0.426050961 -0.508551180 0.285957932
1403638193695097088.000000 3.498639822 7.288323402 3.779722452 -0.672490239 -0.439234078 -0.498685688 0.325795919
1403638194095097088.000000 3.071585894 7.022380352 3.849165201 -0.683089912 -0.445077688 -0.483765334 0.318222016
1403638194295097088.000000 2.866694689 6.887513638 3.844839573 -0.675794423 -0.438626558 -0.495195806 0.325099707
1403638194495097088.000000 2.651965618 6.743347645 3.838955164 -0.684271097 -0.441312969 -0.484625459 0.319615632
1403638196845096960.000000 1.025820494 6.110408783 3.836140871 -0.708196998 -0.450842738 -0.454053462 0.298384637
1403638197995097088.000000 0.717793107 6.529670715 4.034867764 -0.674111068 -0.437274545 -0.501310825 0.321018368
1403638198295097088.000000 0.587697804 6.609079838 3.993609905 -0.678878605 -0.438209683 -0.494521767 0.320225507
1403638198545096960.000000 0.466784686 6.646234989 3.901423216 -0.678215265 -0.451030731 -0.494607627 0.303246737
1403638199245096960.000000 -0.155241653 6.743229389 3.756565094 -0.658867776 -0.464099258 -0.519451201 0.284034491
1403638199645096960.000000 -0.775796115 6.798340321 3.862359762 -0.655273795 -0.473982036 -0.518925309 0.276900321
1403638199845096960.000000 -1.153762102 6.827651501 3.938999176 -0.660588861 -0.475580812 -0.496330410 0.301830262
1403638200045096960.000000 -1.550245643 6.857644081 3.993839502 -0.660881519 -0.479607999 -0.482315481 0.317149282
1403638200245096960.000000 -1.955315709 6.888550758 4.036602497 -0.637673020 -0.499874830 -0.485373944 0.328497261
1403638200495097088.000000 -2.490379572 6.916444302 4.130655289 -0.605818450 -0.527745724 -0.484679788 0.345765918
1403638200695097088.000000 -2.942262650 6.927047729 4.228522778 -0.584259987 -0.554457009 -0.480813205 0.346462637
1403638201095097088.000000 -3.937458038 6.908832550 4.405691624 -0.585336864 -0.563345253 -0.449086219 0.371946841
1403638201295097088.000000 -4.454598427 6.894852638 4.441631317 -0.590160370 -0.557463288 -0.443878084 0.379364967
1403638201495097088.000000 -4.971498013 6.875516415 4.453608990 -0.590821385 -0.555446684 -0.446901470 0.377740830
1403638201695097088.000000 -5.488180637 6.851840019 4.430901527 -0.590405643 -0.551477134 -0.451593161 0.378626168
1403638201895097088.000000 -6.006652832 6.820611000 4.378874779 -0.591931462 -0.549664259 -0.451613843 0.378855407
1403638202095097088.000000 -6.533503056 6.773005962 4.330811977 -0.588828325 -0.556420743 -0.439846456 0.387572140
1403638202695097088.000000 -8.040439606 6.562736511 4.287998199 -0.597431064 -0.566250205 -0.405198127 0.397808105
1403638202895097088.000000 -8.505607605 6.499926090 4.261138439 -0.595850766 -0.566418588 -0.409240812 0.395795166
1403638203295097088.000000 -9.376801491 6.398925304 4.203474998 -0.591106594 -0.561624765 -0.417923480 0.400637746
1403638203545096960.000000 -9.877882957 6.320533276 4.169225693 -0.592093289 -0.558862805 -0.415960848 0.405060977
1403638203795097088.000000 -10.346419334 6.241700649 4.129576683 -0.592197180 -0.559021771 -0.415256977 0.405412018
1403638204095097088.000000 -10.863141060 6.136518002 4.148367405 -0.592415392 -0.561587930 -0.411267161 0.405613482
1403638204395097088.000000 -11.341024399 6.027976036 4.207300186 -0.610791385 -0.558338046 -0.383801132 0.409742773
1403638204645096960.000000 -11.670981407 5.953526020 4.272948742 -0.611866415 -0.557325721 -0.379224420 0.413758874
1403638204895097088.000000 -11.946119308 5.889222622 4.286808491 -0.575609565 -0.589217901 -0.387001574 0.414398015
1403638205145096960.000000 -12.207500458 5.829637051 4.272295475 -0.511940658 -0.642484367 -0.365074992 0.438007891
1403638205345096960.000000 -12.429263115 5.781517506 4.276030064 -0.446032792 -0.686332822 -0.323361665 0.474804401
1403638205545096960.000000 -12.656092644 5.735961437 4.313603878 -0.375790358 -0.720039189 -0.297785372 0.501646280
1403638205745096960.000000 -12.881023407 5.669319630 4.375989437 -0.327163547 -0.734206557 -0.298709273 0.514468253
1403638205945096960.000000 -13.118219376 5.563761711 4.452640533 -0.296390206 -0.748389542 -0.276755959 0.524854302
1403638206245096960.000000 -13.496252060 5.337430954 4.584550858 -0.246617511 -0.766753733 -0.228594452 0.546820998
1403638206695097088.000000 -14.025074959 4.872712612 4.730533123 -0.220263228 -0.766991496 -0.175878122 0.576433063
1403638207095097088.000000 -14.391077042 4.392863274 4.750297070 -0.198778391 -0.769031048 -0.161315128 0.585709691
1403638207295097088.000000 -14.525834084 4.145138741 4.716318607 -0.189532638 -0.768754840 -0.155726969 0.590628982
1403638207795097088.000000 -14.711246490 3.467833042 4.632732391 -0.135502532 -0.792279422 -0.095353521 0.587230921
1403638208045096960.000000 -14.733560562 3.141316891 4.656064034 -0.131205916 -0.803962827 -0.082987659 0.574057281
1403638208345096960.000000 -14.731842995 2.774540901 4.661181450 -0.131707057 -0.797622740 -0.086340308 0.582234263
1403638208595097088.000000 -14.707678795 2.492324352 4.628416538 -0.123269856 -0.804993391 -0.079549097 0.574858427
1403638208845096960.000000 -14.669404030 2.225624800 4.632741451 -0.103219867 -0.805742562 -0.060346395 0.580071568
1403638209095097088.000000 -14.616563797 1.979420304 4.630638123 -0.090299375 -0.805961370 -0.053674396 0.582573116
1403638209345096960.000000 -14.543377876 1.748800397 4.593804836 -0.089917205 -0.807605565 -0.047897894 0.580856264
1403638209595097088.000000 -14.463471413 1.539029717 4.506732464 -0.090311363 -0.803672969 -0.046695624 0.586321712
1403638209845096960.000000 -14.377832413 1.350136995 4.312928677 -0.089478552 -0.804220378 -0.051652860 0.585282147
1403638210095097088.000000 -14.270635605 1.172349572 4.065212727 -0.086653888 -0.794504404 -0.057581022 0.598279536
1403638210345096960.000000 -14.123430252 0.998118162 3.849975348 -0.087021962 -0.790291965 -0.057647437 0.603773654
1403638210595097088.000000 -13.922664642 0.829050064 3.627808571 -0.088890366 -0.789714813 -0.056676049 0.604348421
1403638210845096960.000000 -13.678985596 0.664322376 3.392973423 -0.091592409 -0.789183199 -0.054448478 0.604843915
1403638211095097088.000000 -13.391257286 0.508312106 3.197667360 -0.094456680 -0.797612429 -0.049434364 0.593673944
1403638211395097088.000000 -13.025433540 0.345031500 3.024633408 -0.100707255 -0.801175773 -0.051778566 0.587617695
1403638211645096960.000000 -12.701592445 0.232654721 2.868653297 -0.135936528 -0.796514034 -0.070585951 0.584896743
1403638211895097088.000000 -12.358465195 0.149375737 2.691580057 -0.197402507 -0.784934044 -0.098664142 0.578944147
1403638212145096960.000000 -11.999822617 0.102272168 2.551650286 -0.252298921 -0.770162225 -0.139058098 0.569085419
1403638212395097088.000000 -11.624271393 0.082352787 2.463719368 -0.300671101 -0.753466189 -0.182885647 0.555372417
1403638212645096960.000000 -11.232783318 0.076714411 2.419466734 -0.352478325 -0.731352508 -0.216345549 0.542288899
1403638212895097088.000000 -10.813551903 0.073996574 2.427551270 -0.403681993 -0.706156492 -0.253873497 0.523385227
1403638213145096960.000000 -10.377889633 0.082070373 2.474836588 -0.461846441 -0.673843503 -0.288668185 0.499302983
1403638213395097088.000000 -9.926644325 0.101050697 2.504708767 -0.533566415 -0.638979912 -0.298312664 0.466927260
1403638213645096960.000000 -9.450143814 0.160013139 2.501429558 -0.574777782 -0.600438952 -0.331531405 0.446307659
1403638213895097088.000000 -8.959202766 0.250305265 2.495608807 -0.568041384 -0.586710632 -0.377638161 0.436450630
1403638214145096960.000000 -8.480295181 0.341114223 2.520981789 -0.572100401 -0.595073998 -0.374088615 0.422665119
1403638216945096960.000000 -4.287626266 1.234696865 2.217906475 -0.551280618 -0.590407729 -0.409332037 0.424211800
1403638219745096960.000000 -3.473010302 0.657116592 2.224060297 -0.608695686 -0.528533816 -0.435998976 0.400058031
1403638221895097088.000000 -3.437836647 -0.456397116 2.118273497 -0.622519493 -0.532402933 -0.427355886 0.382601231
1403638223245096960.000000 -3.475047112 -0.857883751 2.051402092 -0.627825856 -0.539290965 -0.419534445 0.372814775
1403638223545096960.000000 -3.485938787 -0.927564561 2.037276983 -0.633799314 -0.526235461 -0.411076248 0.390372992
1403638223895097088.000000 -3.461650848 -0.994862914 2.001322508 -0.619715869 -0.540056169 -0.432166278 0.370842159
1403638224195097088.000000 -3.451145887 -1.043650389 1.954879761 -0.626217544 -0.548649073 -0.422159851 0.358631849
1403638224495097088.000000 -3.459213257 -1.060886979 1.917635679 -0.621132612 -0.533998132 -0.430080384 0.379567146
1403638224795097088.000000 -3.473477364 -1.073139310 1.880723476 -0.628705382 -0.544544458 -0.419035494 0.364156693
1403638225145096960.000000 -3.490838051 -1.063544273 1.880783439 -0.621900380 -0.530736148 -0.426472902 0.386884958
1403638225445096960.000000 -3.490696192 -1.052071691 1.890586376 -0.620123386 -0.540757895 -0.427619129 0.374392718
1403638225695097088.000000 -3.494414568 -1.037956238 1.863927484 -0.603255153 -0.527996659 -0.451097339 0.392191410
1403638225995097088.000000 -3.513586521 -1.047721505 1.755654931 -0.624752879 -0.546381593 -0.420792669 0.366175652
1403638226295097088.000000 -3.547291994 -1.020177960 1.739832997 -0.629644692 -0.542731822 -0.415414900 0.369351000
1403638226495097088.000000 -3.541699886 -1.011381388 1.751508951 -0.626563430 -0.551354289 -0.413225412 0.364240944
1403638226645096960.000000 -3.517566919 -1.008039474 1.779376864 -0.626276255 -0.550987720 -0.413722187 0.364725381
1403638226795097088.000000 -3.493097544 -1.004673362 1.805283666 -0.625982881 -0.551687717 -0.414144814 0.363689721
1403638226995097088.000000 -3.463714838 -1.000927687 1.835280299 -0.626458585 -0.552102923 -0.412259668 0.364381731
1403638227145096960.000000 -3.444266558 -0.998214424 1.853847265 -0.626059771 -0.552577674 -0.412750065 0.363791913
1403638227295097088.000000 -3.427090883 -0.994126439 1.869472265 -0.625858426 -0.553288937 -0.412300318 0.363567054
1403638227445096960.000000 -3.411669254 -0.988936543 1.882623672 -0.626039326 -0.553329587 -0.411951900 0.363588750
1403638227595097088.000000 -3.397095919 -0.982573330 1.893569112 -0.625900209 -0.553552389 -0.411924899 0.363519728
1403638227695097088.000000 -3.388098240 -0.977733731 1.899642229 -0.626014352 -0.553586602 -0.411721200 0.363501698
1403638228045096960.000000 -3.361234426 -0.955325484 1.913856030 -0.626070797 -0.554088414 -0.410883874 0.363587499
1403638228545096960.000000 -3.334529877 -0.908053458 1.914106846 -0.625729859 -0.554830551 -0.410397381 0.363592088
