1413393889605760512.000000 1.205536723 1.348514676 -1.609108329 -0.531046629 -0.624728620 -0.360729754 0.444497228
1413393892555760384.000000 0.719690204 0.163507506 -1.193821549 -0.538200617 -0.627781153 -0.370369822 0.423151404
1413393893455760384.000000 0.432715297 -0.403203994 -1.236001730 -0.568972707 -0.648658276 -0.323475510 0.388427973
1413393893655760384.000000 0.327767640 -0.302156478 -1.205924511 -0.574277222 -0.639841437 -0.314207166 0.402594894
1413393895605760512.000000 0.152954042 2.076807737 -1.248865128 -0.534085512 -0.602051616 -0.380223066 0.455759674
1413393895805760512.000000 0.190648332 2.283006907 -1.284858227 -0.549478412 -0.581385076 -0.402917683 0.444659770
1413393897255760384.000000 0.490275919 2.763644218 -1.227767110 -0.819500685 -0.246415108 -0.503076911 0.120879449
1413393899505760512.000000 0.936723113 3.834605455 -0.895009458 -0.697496831 -0.098560639 -0.702460587 0.101652347
1413393902205760512.000000 0.816769481 2.870174885 -1.053176522 -0.811457396 -0.132714018 -0.566585660 0.053895667
1413393905105760512.000000 2.664026022 3.740227938 -0.743268430 0.803179204 -0.160078958 0.552415371 0.155290589
1413393907655760384.000000 3.387645245 3.054172993 -1.345152140 0.636912227 -0.494307518 0.463863969 0.367196292
1413393909755760384.000000 3.326948404 3.750741243 -1.630584955 0.638953269 -0.530987382 0.412393779 0.373794764
1413393910005760512.000000 3.333879232 3.857453585 -1.733522296 0.646390796 -0.553094566 0.383045763 0.359918445
1413393910305760512.000000 3.400665522 3.875073671 -1.814970374 0.644688249 -0.573888242 0.367153078 0.346739113
1413393910655760384.000000 3.526960135 3.663663149 -1.787661552 0.636262238 -0.596656621 0.377778351 0.310571671
1413393912205760512.000000 3.852723837 1.860185266 -1.815776825 0.644184053 -0.572689414 0.413341105 0.293603510
1413393912455760384.000000 3.874970436 1.541072249 -1.653967619 0.633445323 -0.573033512 0.419355601 0.307442039
1413393914105760512.000000 3.101440907 -0.379132539 -1.445947647 0.294682533 -0.712758303 0.304798752 0.558780432
1413393914505760512.000000 2.742039204 -0.321453720 -1.357133508 0.209936753 -0.780460119 0.166477308 0.564884007
1413393915055760384.000000 2.322026491 -0.150863558 -1.201622605 0.081440985 -0.826031446 0.082101189 0.551632822
1413393917905760512.000000 0.708163083 -0.540019035 -0.766723037 -0.450353026 -0.689110398 -0.283737093 0.491733968
1413393918305760512.000000 0.720229030 -0.439746886 -0.777816772 -0.589464724 -0.579627752 -0.352211446 0.438759655
1413393918655760384.000000 0.845441759 -0.310648501 -0.758722961 -0.684999168 -0.468977541 -0.418937176 0.367869288
1413393919405760512.000000 1.457703829 -0.194328055 -0.683150470 -0.761240125 -0.083774745 -0.620642900 0.168219224
1413393922355760384.000000 1.189522028 -1.730889082 -2.045826197 -0.841942847 -0.034761935 -0.538430631 0.004052748
1413393922705760512.000000 1.288787842 -1.670297384 -2.203871489 0.835417151 -0.002729313 0.547767758 -0.044960011
1413393923005760512.000000 1.479598403 -1.664143205 -2.293434858 -0.844803154 -0.016297016 -0.534422338 0.020854177
1413393923255760384.000000 1.714627981 -1.668716431 -2.285704374 -0.850455880 -0.030441349 -0.525142312 -0.004866325
1413393924655760384.000000 3.586600542 -1.602305412 -2.029703856 -0.691570580 -0.433220714 -0.563440263 0.128782734
1413393924855760384.000000 3.684326410 -1.413648129 -1.934667826 -0.673168719 -0.429831535 -0.586787224 0.133302718
1413393925855760384.000000 3.478959560 0.138050273 -1.081745386 -0.709375799 -0.420301259 -0.473865569 0.309167117
1413393927955760384.000000 3.849502087 2.395901918 -0.648024201 -0.531767666 -0.601879179 -0.471295595 0.364479274
1413393928205760512.000000 3.772551537 2.631382227 -0.527638078 -0.521776378 -0.601077199 -0.479889214 0.369001389
1413393928655760384.000000 3.426780224 2.958037138 -0.444924235 -0.564906001 -0.543722570 -0.433816075 0.443903923
1413393928855760384.000000 3.266635656 3.047744751 -0.427754223 -0.561599910 -0.543009698 -0.448356837 0.434421659
1413393930855760384.000000 1.476572752 2.604139090 -0.382786572 -0.767486811 -0.239644974 -0.556181431 0.210229754
1413393933005760512.000000 1.220306039 1.147763371 -1.186543703 -0.752961576 -0.282495111 -0.566457868 0.179919168
1413393933305760512.000000 1.227372885 1.028412938 -1.215670347 -0.737527072 -0.264801115 -0.584617853 0.210133657
1413393935605760512.000000 1.215664744 -0.606091022 -1.726805210 -0.658420086 -0.527821720 -0.436786890 0.311615855
1413393935955760384.000000 1.286657691 -0.607535958 -1.681467056 -0.573354065 -0.610900700 -0.440255016 0.322863847
1413393936205760512.000000 1.215007782 -0.535049677 -1.641244531 -0.549132705 -0.624238968 -0.364508271 0.419419467
1413393936455760384.000000 1.121863842 -0.424196601 -1.590982914 -0.493128359 -0.664319694 -0.283538550 0.484881163
1413393939255760384.000000 1.575694680 -0.765623748 -1.128537536 0.050957754 -0.778078377 0.040172193 0.624806821
1413393939705760512.000000 1.836230159 -0.999298871 -1.204286575 0.045877390 -0.896326721 0.074079670 0.434748143
1413393940105760512.000000 1.692107320 -1.167092085 -1.253963709 0.035547070 -0.746870160 0.067441866 0.660585344
1413393940705760512.000000 1.881773233 -1.197523594 -1.297344565 0.010630422 -0.879531145 0.081621423 0.468668461
1413393941705760512.000000 1.758673191 -0.593917370 -1.082424521 0.044093255 -0.870706379 0.050232012 0.487240225
1413393942705760512.000000 1.438713193 0.082342334 -0.974185884 0.032858241 -0.835137904 0.014290626 0.548872352
1413393945405760512.000000 1.061743617 0.728684008 -0.824297488 -0.154342607 -0.736718833 -0.136846572 0.643969595
1413393948305760512.000000 1.342278361 0.260308266 -1.309749722 -0.709876478 -0.346042544 -0.570093513 0.226546526
1413393950355760384.000000 0.743131995 -0.517511249 -1.149287701 -0.849399149 -0.079309680 -0.519635737 0.047007475
1413393951905760512.000000 1.335469484 -1.593157053 -1.460918307 -0.818278074 -0.051283032 -0.572338462 0.014821735
1413393953905760512.000000 2.344985008 -1.586990952 -1.416469097 -0.779773474 -0.130287170 -0.605946481 0.088359699
1413393954205760512.000000 2.414040327 -1.633603930 -1.436864853 -0.807964742 -0.169226706 -0.554595828 0.104779102
1413393955405760512.000000 3.168770075 -1.163734913 -1.316585898 -0.752393901 -0.331955910 -0.516784012 0.237998068
1413393955705760512.000000 3.423341513 -0.923056602 -1.285724401 -0.682852209 -0.408457905 -0.535030127 0.283932865
1413393957155760384.000000 3.746909380 0.121530563 -1.328706026 -0.480521709 -0.668743253 -0.311136365 0.474421322
1413393957455760384.000000 3.769899845 0.334923208 -1.311808348 -0.384403169 -0.725104690 -0.254913181 0.511347890
1413393960105760512.000000 3.670528173 1.159186959 -1.761021733 -0.201763660 -0.795552969 -0.143893868 0.552884817
1413393961105760512.000000 3.538537025 1.126451850 -2.059227228 -0.084914461 -0.832830131 -0.046060469 0.545033932
1413393961355760384.000000 3.439931631 1.126949906 -2.075379848 -0.088010184 -0.770912349 -0.028239178 0.630199194
1413393961855760384.000000 3.473008871 1.153744578 -1.852852702 -0.071619205 -0.801254690 -0.058687620 0.591115475
1413393962155760384.000000 3.565010071 1.136778712 -1.545122027 -0.074315399 -0.823866487 -0.055052254 0.559187353
1413393962405760512.000000 3.602859497 1.109896302 -1.220057487 -0.075109690 -0.841299534 -0.051703088 0.532823086
1413393962655760384.000000 3.584451675 1.087564349 -0.990166366 -0.097190350 -0.863271654 -0.072582819 0.489946932
1413393962905760512.000000 3.470114470 1.072875142 -0.836388946 -0.138569757 -0.828839600 -0.157886565 0.518551171
1413393963155760384.000000 3.287006378 1.016181588 -0.746922731 -0.214546517 -0.780043602 -0.239421234 0.536823273
1413393963405760512.000000 3.068182230 0.889333665 -0.727158368 -0.314040273 -0.729483247 -0.275745004 0.541477203
1413393963655760384.000000 2.841342926 0.712361991 -0.771189392 -0.389675528 -0.690469384 -0.315174520 0.521603286
1413393963905760512.000000 2.616135597 0.495170236 -0.868660510 -0.441315353 -0.658486128 -0.359052360 0.492664486
1413393964155760384.000000 2.386094809 0.239358008 -1.019253492 -0.495792300 -0.629010618 -0.390746206 0.453710258
1413393965155760384.000000 1.668250561 -0.884967804 -1.506232977 -0.730625689 -0.443336159 -0.363650650 0.370671630
1413393965405760512.000000 1.742337584 -1.089870811 -1.538322806 -0.760239720 -0.446245223 -0.365445614 0.298914999
1413393965655760384.000000 1.934774637 -1.155138254 -1.517421603 -0.702656984 -0.507660031 -0.449739516 0.215148404
1413393968405760512.000000 0.825546384 0.127389073 -1.247995019 -0.800268948 -0.259461552 -0.509624064 0.180367813
1413393971205760512.000000 0.585851669 0.421864957 -1.214416504 -0.777674317 -0.055934858 -0.625822604 -0.020981591
1413393972705760512.000000 -0.452821046 0.766349792 -1.235753775 -0.836162567 -0.030316764 -0.547512591 -0.011961684
1413393973205760512.000000 -0.616222084 0.768552661 -1.292021871 -0.809334695 -0.031681400 -0.585736513 -0.029774791
1413393973855760384.000000 -0.982940435 1.091464758 -1.372374296 0.785620689 -0.012826744 0.614431083 -0.071483910
1413393974105760512.000000 -1.239021182 1.161417961 -1.388634682 0.858024538 -0.047481395 0.494937479 -0.128749490
1413393974405760512.000000 -1.353859425 1.043451905 -1.332990885 -0.915001273 -0.032897893 -0.401616573 0.019864125
1413393974655760384.000000 -1.147541761 0.960418344 -1.222952247 -0.881596506 -0.105524033 -0.456928879 -0.053556792
1413393974955760384.000000 -0.712977827 1.048423886 -1.108559489 -0.807596087 -0.099514306 -0.580784738 -0.023971012
1413393975255760384.000000 -0.300776154 1.256058574 -1.119669199 -0.789831877 -0.052743293 -0.610102177 0.034044359
1413393978105760512.000000 0.519144952 2.378367186 -1.072098732 -0.815715849 -0.055681981 -0.575145543 0.026737537
1413393980655760384.000000 0.196079761 1.713838577 -1.004722118 0.686616659 -0.452658445 0.454851061 0.341713935
1413393981055760384.000000 0.218845636 1.336590052 -1.003935695 0.688787580 -0.478172451 0.452209741 0.304021686
1413393981555760384.000000 0.293898314 0.760713995 -0.864442885 0.687646270 -0.472473860 0.462836504 0.299488604
1413393981905760512.000000 0.357104152 0.287297517 -0.859824538 0.701925635 -0.441540271 0.458747804 0.319206893
1413393983405760512.000000 1.523110747 -1.035441518 -0.925316393 -0.800658584 -0.198607564 -0.564339280 0.031971958
1413393983705760512.000000 1.761493444 -0.934610665 -0.913242757 -0.744614124 -0.327747077 -0.568260431 0.123336241
1413393984005760512.000000 1.871628404 -0.699877918 -0.876681447 -0.691120028 -0.423508018 -0.545700014 0.212616265
1413393984305760512.000000 1.824490786 -0.387879819 -0.819271386 -0.622786880 -0.511810005 -0.520033240 0.282404900
1413393984605760512.000000 1.610234737 -0.056189798 -0.746487916 -0.568689883 -0.563830554 -0.490083158 0.344246328
1413393985805760512.000000 0.482092351 1.057587028 -0.976997912 -0.750776887 -0.350725740 -0.497487992 0.256575942
1413393986805760512.000000 0.266922891 1.694464803 -1.003715515 -0.805450499 -0.071650170 -0.585948944 0.052723110
1413393988055760384.000000 0.439391136 2.383728027 -0.965206802 0.813767135 -0.028155332 0.580248415 0.017382808
1413393990755760384.000000 0.840199172 3.921196222 -1.143189430 0.747912526 -0.428399801 0.465252995 0.201594234
1413393993605760512.000000 0.740249515 3.586375713 -0.873626947 0.748124242 -0.400614291 0.454081595 0.271345079
1413393993905760512.000000 0.801755846 3.572184324 -0.795889735 0.663467944 -0.343790025 0.571044385 0.339892745
1413393994205760512.000000 0.868285000 3.636782169 -0.847982883 0.633022547 -0.354661703 0.609488070 0.319408566
1413393994505760512.000000 0.778283179 3.909103870 -0.810115993 0.720210910 -0.420618057 0.498765588 0.235817119
1413393994805760512.000000 0.668881834 4.113834381 -0.892187774 0.780875921 -0.455739021 0.378758430 0.197678387
1413393995305760512.000000 0.743058443 4.013814449 -1.011145711 0.700457573 -0.417347759 0.526763499 0.240208805
1413393995605760512.000000 0.770344377 3.895481825 -1.101536036 0.729902387 -0.347442925 0.558276355 0.186690912
1413393995855760384.000000 0.742138326 3.772807360 -1.147427797 0.757922471 -0.232267588 0.588502824 0.158965021
1413393996255760384.000000 0.594711423 3.614789486 -1.213197589 0.778424561 -0.122307628 0.611574948 0.071218841
1413393996555760384.000000 0.403570533 3.503208160 -1.299048781 0.812855899 -0.102735974 0.570323348 0.058668755
1413393996855760384.000000 0.231096447 3.389939785 -1.418482542 0.825172544 -0.082871653 0.556009412 0.055463921
1413393997155760384.000000 0.118068911 3.292000294 -1.492962003 0.827962399 -0.043894347 0.557474792 0.042111266
1413393997605760512.000000 0.032157261 3.190800428 -1.614893913 0.814155221 -0.023996506 0.579371452 0.030071395
1413393997905760512.000000 -0.014437705 3.163439751 -1.710286856 0.815837920 -0.024323711 0.576889634 0.031863753
1413393998205760512.000000 -0.049509171 3.173442364 -1.765316248 0.817957282 -0.029923346 0.573140085 0.039508380
1413393998555760384.000000 -0.065670013 3.232992172 -1.788889885 0.822298765 -0.052148528 0.565806150 0.031122336
1413393999005760512.000000 -0.051273800 3.301182747 -1.812617898 0.811432421 -0.062871180 0.580759585 0.018522028
1413393999305760512.000000 -0.046230517 3.317089319 -1.852954030 0.821367681 -0.047463108 0.566915631 0.041341938
1413393999755760384.000000 0.004417792 3.345738649 -1.917610168 0.816649139 -0.077656493 0.571877778 0.003069295
1413394000105760512.000000 0.050861515 3.315584421 -1.979105830 0.809965312 -0.061289884 0.582689047 0.025945062
1413394000555760384.000000 0.040369742 3.313062906 -1.984376907 0.802548289 -0.066257469 0.591402829 0.042057760
1413394000705760512.000000 0.041081101 3.313957453 -1.985075593 0.802480757 -0.067712113 0.591458559 0.040207263
1413394001205760512.000000 0.041151319 3.313466072 -1.985605836 0.802066028 -0.067673042 0.592007041 0.040475599
1413394001705760512.000000 0.040518772 3.313641548 -1.985660791 0.802078485 -0.067655802 0.592000127 0.040358536
1413394002205760512.000000 0.039811201 3.313961983 -1.985876203 0.802076519 -0.068034552 0.591977179 0.040095426
1413394002705760512.000000 0.039900940 3.313907623 -1.985606909 0.802044868 -0.068251513 0.592009306 0.039884739
1413394003205760512.000000 0.039455552 3.313930511 -1.985504985 0.802157462 -0.068518974 0.591836452 0.039728165
